[name]
unknown

[dist]
# distance from previous block
# <min> <max>
61	624

[block]
# block no. 0 follows, 42 sequences, length 42
# corresponding to MSA columns:
# 1360-1401
name=unknown_A
#
# <colnr> <probs for GDERKNQSTAVLIFYWHMCP>
#	G	D	E	R	K	N	Q	S	T	A	V	L	I	F	Y	W	H	M	C	P
0	0.18321	0.08639	0.05345	0.04123	0.01305	0.01002	0.00771	0.01522	0.04184	0.07895	0.13234	0.02502	0.13513	0.00801	0.00516	0.00164	0.00441	0.03068	0.00436	0.12218
1	0.03660	0.09011	0.01440	0.01056	0.01417	0.17221	0.00851	0.10490	0.06627	0.18895	0.06750	0.03054	0.02554	0.00678	0.00515	0.00153	0.00578	0.00521	0.04616	0.09914
2	0.11116	0.01250	0.05215	0.07660	0.17462	0.05336	0.01077	0.04236	0.08626	0.06472	0.02904	0.08978	0.01293	0.00678	0.00524	0.00163	0.00554	0.00570	0.00387	0.15499
3	0.01218	0.01348	0.09057	0.08314	0.26161	0.05709	0.08531	0.01557	0.01295	0.01777	0.08572	0.05229	0.01627	0.00726	0.00589	0.00176	0.00646	0.08200	0.00347	0.08921
4	0.02012	0.02520	0.01554	0.01391	0.01701	0.70535	0.01047	0.02167	0.01554	0.01421	0.00882	0.01029	0.00735	0.00564	0.00499	0.00139	0.00957	0.00360	0.00294	0.08638
5	0.01462	0.18654	0.35784	0.04943	0.02009	0.01401	0.01450	0.05881	0.01314	0.12449	0.01151	0.01253	0.00838	0.00544	0.00494	0.00156	0.00678	0.00414	0.00331	0.08792
6	0.01057	0.00797	0.01187	0.31701	0.04547	0.00855	0.00988	0.01329	0.01307	0.08932	0.19410	0.09190	0.14570	0.00949	0.00616	0.00187	0.00499	0.00828	0.00446	0.00606
7	0.01018	0.00558	0.00785	0.00773	0.00803	0.00576	0.00527	0.00950	0.07945	0.01110	0.01104	0.01748	0.01049	0.01840	0.02043	0.75600	0.00485	0.00503	0.00276	0.00307
8	0.01310	0.01233	0.01864	0.15767	0.44447	0.05047	0.01445	0.05965	0.01322	0.01789	0.01366	0.13272	0.01291	0.00717	0.00580	0.00179	0.00645	0.00661	0.00328	0.00772
9	0.08988	0.08731	0.03879	0.27161	0.02008	0.01037	0.00999	0.01243	0.01070	0.01507	0.01694	0.14813	0.05234	0.02981	0.05414	0.07043	0.00622	0.04686	0.00336	0.00554
10	0.00946	0.00723	0.01000	0.11222	0.01407	0.00800	0.00797	0.01302	0.08272	0.04522	0.06758	0.02877	0.13111	0.02540	0.37513	0.00532	0.00961	0.03746	0.00398	0.00572
11	0.00698	0.00550	0.00632	0.00676	0.00808	0.00484	0.00494	0.00844	0.01249	0.01574	0.11541	0.28614	0.42853	0.01512	0.00688	0.00205	0.00309	0.05262	0.00532	0.00477
12	0.01274	0.01286	0.06331	0.12329	0.35341	0.01174	0.01364	0.01731	0.08384	0.01831	0.01151	0.01402	0.00926	0.00514	0.00521	0.00150	0.00601	0.00464	0.00315	0.22912
13	0.01244	0.01139	0.01434	0.01628	0.18852	0.08154	0.01046	0.04279	0.01241	0.01760	0.08601	0.12099	0.01718	0.00895	0.00900	0.00190	0.21221	0.00685	0.12260	0.00655
14	0.00759	0.00640	0.00891	0.00828	0.01000	0.00572	0.07615	0.00944	0.01288	0.01661	0.17630	0.25249	0.36069	0.01376	0.00679	0.00198	0.00357	0.01219	0.00518	0.00508
15	0.01148	0.02777	0.70189	0.01678	0.02484	0.01318	0.09063	0.01784	0.01202	0.01784	0.01022	0.01220	0.00726	0.00529	0.00547	0.00179	0.00843	0.00440	0.00242	0.00825
16	0.13462	0.01081	0.01466	0.13887	0.13391	0.01024	0.04461	0.01511	0.01153	0.01865	0.01018	0.02501	0.00843	0.00493	0.00468	0.00134	0.00536	0.00418	0.00314	0.39972
17	0.00785	0.00541	0.00666	0.00696	0.00718	0.00548	0.00436	0.00838	0.00892	0.01203	0.02045	0.21287	0.02345	0.50744	0.13358	0.00524	0.00635	0.00970	0.00378	0.00392
18	0.00686	0.00490	0.00653	0.00784	0.00816	0.00457	0.00522	0.00784	0.01077	0.01437	0.03102	0.79855	0.03722	0.01763	0.00718	0.00229	0.00326	0.01600	0.00522	0.00457
19	0.01505	0.80561	0.02949	0.00963	0.01444	0.02227	0.00963	0.01685	0.01143	0.01324	0.00782	0.00903	0.00722	0.00481	0.00361	0.00120	0.00602	0.00301	0.00241	0.00722
20	0.01262	0.00675	0.00898	0.00793	0.01002	0.00608	0.00611	0.01505	0.01567	0.22670	0.51713	0.08136	0.04143	0.01063	0.00640	0.00179	0.00328	0.00929	0.00635	0.00643
21	0.01212	0.01768	0.29330	0.01440	0.01777	0.01420	0.01467	0.01543	0.01023	0.05224	0.00992	0.01352	0.00832	0.01146	0.09318	0.00287	0.38420	0.00480	0.00271	0.00700
22	0.23856	0.07777	0.01440	0.01076	0.01463	0.01555	0.00886	0.28435	0.23254	0.02746	0.01425	0.01415	0.01065	0.00644	0.00492	0.00173	0.00518	0.00473	0.00482	0.00826
23	0.00691	0.00561	0.00615	0.00639	0.00796	0.00485	0.00475	0.00842	0.01275	0.01575	0.10909	0.17476	0.55246	0.01464	0.00679	0.00199	0.00302	0.04762	0.00530	0.00479
24	0.00680	0.00513	0.00629	0.00722	0.00800	0.00462	0.00495	0.00791	0.01137	0.01461	0.03855	0.58269	0.24821	0.01665	0.00703	0.00217	0.00314	0.01480	0.00522	0.00462
25	0.01252	0.01195	0.01033	0.01062	0.01217	0.23007	0.00814	0.01417	0.01318	0.05206	0.02375	0.31536	0.02596	0.01306	0.00667	0.00211	0.00590	0.22179	0.00462	0.00556
26	0.00691	0.00504	0.00653	0.00770	0.00822	0.00465	0.00525	0.00799	0.01106	0.01454	0.03371	0.69524	0.11364	0.01720	0.00715	0.00226	0.00329	0.03978	0.00522	0.00461
27	0.01363	0.01158	0.01708	0.46326	0.12870	0.01343	0.01407	0.19015	0.01512	0.02029	0.01134	0.01481	0.00854	0.00586	0.00553	0.00178	0.00683	0.00503	0.04562	0.00735
28	0.01328	0.01518	0.03321	0.02372	0.02941	0.01423	0.74668	0.01803	0.01328	0.01803	0.01139	0.01518	0.00854	0.00474	0.00664	0.00190	0.00949	0.00664	0.00285	0.00759
29	0.01353	0.01118	0.01173	0.01063	0.01356	0.01284	0.00825	0.02768	0.65805	0.02320	0.02230	0.02099	0.01681	0.00749	0.00549	0.00183	0.00421	0.00621	0.11559	0.00842
30	0.01195	0.00567	0.00602	0.00572	0.00733	0.00554	0.00436	0.01453	0.01223	0.09507	0.01874	0.02080	0.01438	0.00660	0.00410	0.00135	0.00284	0.00529	0.75183	0.00567
31	0.01150	0.01070	0.01762	0.46954	0.24632	0.01219	0.01493	0.01554	0.04347	0.01664	0.07611	0.01729	0.01227	0.00604	0.00570	0.00181	0.00672	0.00551	0.00304	0.00705
32	0.00936	0.07093	0.00918	0.00778	0.00893	0.00686	0.00572	0.01075	0.01167	0.05706	0.17582	0.24305	0.03125	0.21915	0.03561	0.00312	0.00456	0.07945	0.00475	0.00499
33	0.00733	0.00510	0.00639	0.00723	0.00745	0.00488	0.00458	0.00796	0.00986	0.01314	0.02631	0.52869	0.03128	0.29559	0.01479	0.00341	0.00404	0.01323	0.00458	0.00416
34	0.00899	0.00690	0.00885	0.00878	0.00992	0.04330	0.00679	0.01106	0.00975	0.01419	0.01523	0.02139	0.01380	0.03558	0.63642	0.00762	0.01313	0.00581	0.11739	0.00513
35	0.01396	0.01316	0.01989	0.28296	0.40834	0.05112	0.01572	0.09351	0.01388	0.01862	0.01061	0.01406	0.00843	0.00544	0.00557	0.00173	0.00708	0.00495	0.00300	0.00798
36	0.01137	0.01098	0.01627	0.23859	0.02123	0.01479	0.01272	0.01342	0.00943	0.01374	0.00895	0.01412	0.00812	0.01203	0.09489	0.00299	0.48269	0.00506	0.00253	0.00606
37	0.01356	0.01271	0.02148	0.07050	0.68486	0.01284	0.01639	0.01688	0.01267	0.01834	0.01102	0.01441	0.00918	0.00514	0.00548	0.00166	0.00648	0.00503	0.05282	0.00856
38	0.00805	0.00598	0.00881	0.00881	0.00974	0.00691	0.00675	0.00990	0.00898	0.01289	0.01528	0.02327	0.01457	0.10222	0.72059	0.00876	0.01431	0.00620	0.00305	0.00490
39	0.01307	0.01181	0.01972	0.34179	0.32546	0.01288	0.05943	0.01763	0.07301	0.05270	0.01195	0.01527	0.00922	0.00556	0.00568	0.00179	0.00692	0.00525	0.00311	0.00777
40	0.00893	0.00706	0.00866	0.00770	0.01010	0.00587	0.00573	0.01098	0.01270	0.01824	0.23718	0.25412	0.06695	0.01075	0.00589	0.00158	0.00340	0.00946	0.00481	0.30988
41	0.08142	0.01103	0.01308	0.15571	0.01773	0.09259	0.00954	0.01857	0.01234	0.27668	0.01363	0.01558	0.01000	0.00904	0.00967	0.15403	0.08360	0.00490	0.00415	0.00672

[dist]
# distance from previous block
# <min> <max>
0	1

[block]
# block no. 1 follows, 42 sequences, length 35
# corresponding to MSA columns:
# 1403-1437
name=unknown_B
#
# <colnr> <probs for GDERKNQSTAVLIFYWHMCP>
#	G	D	E	R	K	N	Q	S	T	A	V	L	I	F	Y	W	H	M	C	P
0	0.01494	0.22653	0.06341	0.01448	0.07224	0.20692	0.01171	0.01690	0.01172	0.01410	0.00880	0.01174	0.00791	0.00932	0.06673	0.00227	0.22674	0.00414	0.00262	0.00678
1	0.43221	0.01694	0.01271	0.01116	0.01441	0.30513	0.05132	0.01852	0.01219	0.01975	0.00879	0.01062	0.00714	0.00754	0.04891	0.00206	0.00748	0.00365	0.00320	0.00628
2	0.00956	0.01356	0.22567	0.23729	0.02168	0.00954	0.01259	0.01353	0.01316	0.01822	0.27192	0.02670	0.08735	0.00829	0.00598	0.00182	0.00568	0.00712	0.00396	0.00638
3	0.00686	0.00490	0.00653	0.00784	0.00816	0.00457	0.00522	0.00784	0.01077	0.01437	0.03102	0.79855	0.03722	0.01763	0.00718	0.00229	0.00326	0.01600	0.00522	0.00457
4	0.01086	0.00770	0.00898	0.11718	0.01326	0.00803	0.00686	0.12903	0.01429	0.02019	0.02863	0.08722	0.23310	0.00954	0.00548	0.00170	0.00400	0.00793	0.28017	0.00588
5	0.00818	0.00546	0.00614	0.00614	0.00614	0.00546	0.00341	0.00818	0.00818	0.01091	0.01773	0.03683	0.02046	0.80222	0.02864	0.00546	0.00546	0.00818	0.00341	0.00341
6	0.14666	0.01495	0.01665	0.25588	0.06840	0.19088	0.05452	0.01683	0.01181	0.01628	0.00900	0.01240	0.00734	0.00628	0.00752	0.00185	0.14902	0.00445	0.00278	0.00651
7	0.33592	0.01352	0.01315	0.01117	0.01467	0.09353	0.05097	0.22976	0.01592	0.02526	0.01330	0.01956	0.01157	0.00735	0.00514	0.00184	0.00592	0.12006	0.00428	0.00709
8	0.00807	0.00559	0.00701	0.00708	0.00739	0.00587	0.00457	0.00871	0.00858	0.01174	0.01772	0.07631	0.01956	0.53562	0.24637	0.00632	0.00813	0.00801	0.00340	0.00395
9	0.00971	0.00734	0.01111	0.29440	0.02006	0.00799	0.00953	0.01225	0.01250	0.06055	0.17509	0.25289	0.02789	0.01117	0.00645	0.00202	0.00493	0.06391	0.00453	0.00568
10	0.84197	0.01088	0.00827	0.00740	0.01088	0.01262	0.00609	0.01654	0.00958	0.02525	0.00784	0.00914	0.00609	0.00522	0.00348	0.00174	0.00435	0.00305	0.00348	0.00609
11	0.00804	0.00592	0.00847	0.00840	0.00934	0.00658	0.00635	0.00993	0.01005	0.01434	0.13519	0.02696	0.02104	0.12346	0.57106	0.00747	0.01200	0.00694	0.00357	0.00489
12	0.01677	0.48541	0.08099	0.01175	0.01618	0.27605	0.01089	0.01881	0.01298	0.01376	0.00829	0.00962	0.00722	0.00519	0.00423	0.00133	0.00758	0.00330	0.00257	0.00707
13	0.01498	0.01036	0.01237	0.00991	0.01396	0.00938	0.00819	0.16194	0.01551	0.12727	0.01650	0.02377	0.01433	0.00742	0.00541	0.00149	0.00487	0.15371	0.00468	0.38393
14	0.01376	0.17667	0.02248	0.20229	0.40509	0.05469	0.01499	0.01679	0.01233	0.01616	0.00978	0.01297	0.00815	0.00515	0.00515	0.00161	0.00692	0.00453	0.00265	0.00783
15	0.00834	0.00636	0.00760	0.00723	0.00873	0.00611	0.00535	0.01191	0.09223	0.02020	0.47873	0.06286	0.17830	0.07138	0.00822	0.00210	0.00311	0.01011	0.00573	0.00542
16	0.00732	0.00540	0.00685	0.00719	0.00819	0.00493	0.00512	0.00911	0.01337	0.01813	0.36028	0.35280	0.15174	0.01441	0.00686	0.00200	0.00293	0.01281	0.00566	0.00493
17	0.00818	0.00596	0.00797	0.00844	0.00943	0.00611	0.00657	0.00992	0.01095	0.01461	0.05892	0.08773	0.10165	0.16480	0.23638	0.00486	0.00765	0.24083	0.00428	0.00474
18	0.14182	0.08122	0.42960	0.01427	0.05305	0.01388	0.01549	0.06755	0.06659	0.04997	0.01123	0.01239	0.00821	0.00560	0.00500	0.00173	0.00690	0.00422	0.00321	0.00809
19	0.01091	0.01083	0.05983	0.01368	0.04921	0.01012	0.16900	0.05677	0.09031	0.01735	0.02082	0.02640	0.10922	0.07675	0.21064	0.00405	0.00867	0.04517	0.00379	0.00647
20	0.00769	0.00574	0.00714	0.00679	0.00824	0.00519	0.00509	0.01008	0.01528	0.02102	0.61524	0.04459	0.20297	0.01208	0.00664	0.00180	0.00270	0.01054	0.00599	0.00519
21	0.00766	0.00542	0.00658	0.00696	0.00753	0.00516	0.00463	0.00865	0.01090	0.01453	0.14564	0.26033	0.10792	0.32678	0.01557	0.00343	0.00409	0.04930	0.00466	0.00428
22	0.01167	0.01000	0.01167	0.00834	0.01334	0.00750	0.00667	0.01417	0.01167	0.01834	0.01000	0.01167	0.00834	0.00417	0.00417	0.00083	0.00417	0.00333	0.00333	0.83663
23	0.00805	0.00628	0.00844	0.10585	0.01258	0.00648	0.00684	0.01087	0.07917	0.01582	0.08121	0.55197	0.05554	0.01467	0.00680	0.00215	0.00385	0.01320	0.00500	0.00523
24	0.01322	0.00690	0.00862	0.00772	0.01012	0.00601	0.00595	0.01502	0.01412	0.27312	0.15485	0.15649	0.28161	0.01186	0.00639	0.00189	0.00354	0.01013	0.00597	0.00645
25	0.01221	0.00799	0.01022	0.04931	0.01228	0.00883	0.00750	0.08291	0.05412	0.09586	0.01860	0.02168	0.05713	0.02033	0.29004	0.00439	0.04989	0.00598	0.18445	0.00629
26	0.01255	0.01196	0.02035	0.35018	0.46228	0.01301	0.01658	0.01606	0.01216	0.01671	0.01034	0.01438	0.00832	0.00527	0.00559	0.00176	0.00703	0.00501	0.00267	0.00780
27	0.01596	0.01083	0.01371	0.01132	0.01363	0.01228	0.00924	0.19024	0.01634	0.17606	0.21347	0.02192	0.02142	0.00897	0.00965	0.00195	0.23397	0.00651	0.00513	0.00744
28	0.00715	0.00546	0.00674	0.00711	0.00823	0.00504	0.00512	0.00875	0.01238	0.01628	0.19712	0.31498	0.27190	0.01775	0.08660	0.00275	0.00422	0.01238	0.00521	0.00484
29	0.09392	0.01442	0.05621	0.05858	0.01655	0.09488	0.01220	0.01503	0.00979	0.01498	0.00786	0.01191	0.00724	0.00850	0.01419	0.00222	0.54802	0.00457	0.00260	0.00631
30	0.01097	0.00864	0.01203	0.23602	0.01927	0.00886	0.00928	0.01329	0.01160	0.07508	0.01998	0.18123	0.09245	0.00908	0.00667	0.00174	0.06424	0.00764	0.00390	0.20804
31	0.06535	0.05417	0.09899	0.01176	0.01649	0.01435	0.01053	0.32590	0.12829	0.10525	0.01443	0.01435	0.01043	0.00628	0.00523	0.00162	0.00568	0.00481	0.00489	0.10120
32	0.00971	0.17345	0.04668	0.00846	0.01078	0.00995	0.00733	0.01210	0.01354	0.01840	0.39847	0.03186	0.11049	0.01235	0.06493	0.00226	0.05076	0.00798	0.00468	0.00581
33	0.05028	0.09344	0.01848	0.48900	0.03035	0.05416	0.06861	0.05743	0.01271	0.01664	0.04898	0.01519	0.00995	0.00584	0.00542	0.00176	0.00717	0.00503	0.00295	0.00660
34	0.01604	0.09416	0.09659	0.23845	0.02302	0.01231	0.05439	0.01920	0.01282	0.25417	0.01396	0.01549	0.00987	0.00625	0.00634	0.00177	0.06557	0.00502	0.04694	0.00764

[dist]
# distance from previous block
# <min> <max>
0	1

[block]
# block no. 2 follows, 42 sequences, length 25
# corresponding to MSA columns:
# 1439-1463
name=unknown_C
#
# <colnr> <probs for GDERKNQSTAVLIFYWHMCP>
#	G	D	E	R	K	N	Q	S	T	A	V	L	I	F	Y	W	H	M	C	P
0	0.24323	0.01142	0.01637	0.25144	0.28937	0.01257	0.01309	0.01687	0.01167	0.06889	0.01042	0.01327	0.00804	0.00538	0.00501	0.00176	0.00616	0.00451	0.00317	0.00738
1	0.00690	0.00504	0.00649	0.00754	0.00811	0.00463	0.00512	0.00802	0.01131	0.01494	0.07642	0.66819	0.12282	0.01688	0.00709	0.00221	0.00318	0.01518	0.00528	0.00463
2	0.09459	0.00961	0.01110	0.15041	0.01615	0.01073	0.00835	0.17701	0.08084	0.02343	0.06505	0.05340	0.01510	0.00722	0.00505	0.00167	0.00466	0.00585	0.25300	0.00676
3	0.00710	0.00500	0.00646	0.00753	0.00779	0.00473	0.00489	0.00790	0.01030	0.01374	0.02859	0.65950	0.03416	0.16086	0.01110	0.00286	0.00366	0.01457	0.00489	0.00436
4	0.01505	0.80561	0.02949	0.00963	0.01444	0.02227	0.00963	0.01685	0.01143	0.01324	0.00782	0.00903	0.00722	0.00481	0.00361	0.00120	0.00602	0.00301	0.00241	0.00722
5	0.00810	0.00542	0.00616	0.00625	0.00627	0.00540	0.00353	0.00816	0.00835	0.01114	0.01860	0.08669	0.02156	0.75086	0.02724	0.00525	0.00531	0.00870	0.00353	0.00349
6	0.01832	0.01423	0.01516	0.01233	0.01628	0.01601	0.00995	0.44940	0.33042	0.03050	0.01742	0.01663	0.01274	0.00712	0.00567	0.00178	0.00547	0.00561	0.00567	0.00929
7	0.13145	0.01072	0.01516	0.06351	0.01680	0.01191	0.13011	0.10015	0.07008	0.01979	0.01717	0.18850	0.01695	0.00970	0.00772	0.00207	0.11047	0.06706	0.00412	0.00657
8	0.01049	0.00525	0.00525	0.00525	0.00656	0.00525	0.00393	0.01311	0.01180	0.02098	0.01836	0.02098	0.01442	0.00656	0.00393	0.00131	0.00262	0.00525	0.83346	0.00525
9	0.01243	0.01011	0.01153	0.01033	0.01259	0.01145	0.00802	0.12391	0.30279	0.02140	0.09274	0.07568	0.06888	0.05876	0.09079	0.00290	0.06603	0.00750	0.00502	0.00716
10	0.01027	0.01019	0.00880	0.00944	0.01039	0.19153	0.00659	0.01137	0.01202	0.01422	0.02563	0.60837	0.02999	0.01478	0.00667	0.00208	0.00493	0.01301	0.00466	0.00504
11	0.00711	0.00548	0.00643	0.00707	0.00819	0.00493	0.00513	0.00841	0.01178	0.01480	0.04162	0.32911	0.36095	0.06779	0.00843	0.00236	0.00345	0.09721	0.00510	0.00465
12	0.01356	0.01300	0.02218	0.11778	0.68672	0.01328	0.01709	0.01695	0.01264	0.01794	0.01052	0.01405	0.00876	0.00508	0.00558	0.00169	0.00678	0.00501	0.00275	0.00862
13	0.01505	0.80561	0.02949	0.00963	0.01444	0.02227	0.00963	0.01685	0.01143	0.01324	0.00782	0.00903	0.00722	0.00481	0.00361	0.00120	0.00602	0.00301	0.00241	0.00722
14	0.04797	0.00672	0.00736	0.00669	0.00914	0.00583	0.00520	0.01244	0.01344	0.16847	0.06927	0.04470	0.55752	0.01229	0.00631	0.00186	0.00330	0.01017	0.00553	0.00580
15	0.01918	0.01466	0.01564	0.01250	0.01661	0.01642	0.01016	0.53301	0.24541	0.03189	0.01633	0.01575	0.01185	0.00702	0.00566	0.00175	0.00567	0.00546	0.00566	0.00937
16	0.00764	0.00572	0.00712	0.00703	0.00841	0.00520	0.00531	0.00987	0.01460	0.01982	0.49218	0.10443	0.21890	0.01289	0.00676	0.00189	0.00291	0.05839	0.00582	0.00511
17	0.01703	0.00813	0.01055	0.00877	0.01180	0.00738	0.00698	0.02030	0.06866	0.40047	0.28183	0.02990	0.08540	0.00914	0.00608	0.00178	0.00388	0.00775	0.00648	0.00768
18	0.01433	0.01607	0.01898	0.35156	0.02805	0.24327	0.11832	0.01722	0.01262	0.01462	0.00949	0.01324	0.00756	0.00607	0.00719	0.00182	0.10559	0.00481	0.00266	0.00651
19	0.00757	0.00566	0.00716	0.00794	0.00906	0.00525	0.00611	0.00931	0.01250	0.01619	0.11699	0.31116	0.22450	0.01549	0.00716	0.00222	0.00365	0.22189	0.00532	0.00488
20	0.00747	0.00534	0.00723	0.00854	0.00913	0.00510	0.00629	0.00890	0.01138	0.01505	0.03068	0.59478	0.03588	0.01705	0.00735	0.00237	0.00380	0.21371	0.00521	0.00474
21	0.01713	0.28847	0.01964	0.01171	0.01536	0.24616	0.00976	0.13963	0.10197	0.01834	0.01256	0.07214	0.01108	0.00674	0.00490	0.00152	0.00689	0.00492	0.00369	0.00739
22	0.01596	0.01442	0.06774	0.01402	0.01796	0.12074	0.18125	0.04994	0.10689	0.16896	0.12386	0.05912	0.01830	0.00744	0.00601	0.00179	0.00652	0.00673	0.00471	0.00764
23	0.01073	0.00802	0.01245	0.06984	0.01467	0.00744	0.12801	0.01314	0.01351	0.11601	0.15807	0.11859	0.28469	0.01097	0.00650	0.00190	0.00457	0.00983	0.00502	0.00604
24	0.06750	0.04945	0.01324	0.01083	0.01247	0.01170	0.00890	0.01472	0.01051	0.13882	0.01599	0.01921	0.06855	0.01885	0.24195	0.00416	0.27748	0.00569	0.00364	0.00632

[dist]
# distance from previous block
# <min> <max>
0	3

[block]
# block no. 3 follows, 42 sequences, length 103
# corresponding to MSA columns:
# 1467-1569
name=unknown_D
#
# <colnr> <probs for GDERKNQSTAVLIFYWHMCP>
#	G	D	E	R	K	N	Q	S	T	A	V	L	I	F	Y	W	H	M	C	P
0	0.34535	0.01442	0.01346	0.01114	0.01494	0.09332	0.03927	0.25049	0.12245	0.02675	0.01202	0.01257	0.00900	0.00609	0.00478	0.00173	0.00576	0.00437	0.00440	0.00770
1	0.04745	0.01394	0.14137	0.16028	0.14115	0.06510	0.04323	0.04400	0.01243	0.01703	0.01620	0.24017	0.01631	0.00895	0.00593	0.00190	0.00636	0.00793	0.00352	0.00674
2	0.01548	0.01514	0.01549	0.01792	0.23199	0.23269	0.01093	0.06887	0.01397	0.05585	0.01346	0.08214	0.01247	0.08165	0.05297	0.00239	0.00748	0.00583	0.00355	0.05974
3	0.01340	0.12105	0.36627	0.01345	0.01930	0.01486	0.01461	0.07359	0.26636	0.02044	0.01441	0.01474	0.01073	0.00616	0.00528	0.00175	0.00656	0.00483	0.00375	0.00847
4	0.01241	0.20276	0.14536	0.01754	0.23240	0.01373	0.01275	0.01662	0.07458	0.01709	0.05415	0.02116	0.06661	0.04004	0.00630	0.00183	0.00600	0.04782	0.00339	0.00748
5	0.01546	0.05849	0.01872	0.08697	0.01913	0.28612	0.07343	0.01732	0.01199	0.01406	0.00845	0.01187	0.00744	0.00734	0.01079	0.00194	0.33685	0.00452	0.00265	0.00647
6	0.00978	0.01042	0.05791	0.01201	0.01458	0.06235	0.16157	0.01229	0.01267	0.01620	0.06671	0.25625	0.16304	0.01216	0.00677	0.00206	0.00550	0.10759	0.00444	0.00571
7	0.00766	0.00605	0.00737	0.08687	0.01067	0.00597	0.00554	0.00894	0.01080	0.01360	0.03477	0.09468	0.34491	0.24419	0.09044	0.00367	0.00534	0.00981	0.00420	0.00453
8	0.19870	0.00724	0.00699	0.00678	0.00881	0.00736	0.00515	0.05437	0.01233	0.01973	0.03096	0.15900	0.27179	0.01074	0.00540	0.00179	0.00341	0.00879	0.17525	0.00541
9	0.30426	0.00982	0.01233	0.12369	0.13858	0.01118	0.00970	0.01517	0.04884	0.01897	0.01147	0.01512	0.00963	0.01606	0.22870	0.00387	0.00829	0.00468	0.00321	0.00641
10	0.01740	0.02085	0.01488	0.06927	0.06482	0.53240	0.01058	0.01936	0.01541	0.01575	0.14962	0.01667	0.01591	0.00680	0.00544	0.00155	0.00835	0.00503	0.00348	0.00643
11	0.00737	0.00531	0.00708	0.00822	0.00887	0.00501	0.00598	0.00880	0.01161	0.01539	0.07480	0.57201	0.06745	0.01670	0.00725	0.00230	0.00361	0.16222	0.00527	0.00475
12	0.01254	0.01255	0.02337	0.23975	0.30702	0.01297	0.22719	0.01636	0.01252	0.01708	0.01178	0.01749	0.00979	0.00572	0.00602	0.00185	0.00763	0.04791	0.00286	0.00757
13	0.06912	0.02001	0.34892	0.01340	0.01937	0.01335	0.01442	0.23845	0.01681	0.14006	0.01365	0.01541	0.00987	0.00642	0.00546	0.00178	0.00675	0.03388	0.00425	0.00862
14	0.00678	0.00519	0.00623	0.00707	0.00796	0.00464	0.00488	0.00792	0.01151	0.01467	0.04037	0.53059	0.29914	0.01641	0.00699	0.00215	0.00312	0.01451	0.00522	0.00464
15	0.01107	0.00843	0.00938	0.00871	0.01034	0.04816	0.00678	0.06578	0.07491	0.01902	0.09971	0.02336	0.04888	0.01800	0.22992	0.00378	0.05713	0.00627	0.24447	0.00591
16	0.00732	0.00509	0.00639	0.00725	0.00746	0.00488	0.00459	0.00796	0.00987	0.01317	0.02640	0.53372	0.03139	0.29041	0.01464	0.00339	0.00403	0.01328	0.00459	0.00417
17	0.01543	0.75618	0.02863	0.00994	0.01463	0.07034	0.00971	0.01721	0.01172	0.01327	0.00788	0.00910	0.00722	0.00488	0.00370	0.00122	0.00628	0.00305	0.00244	0.00718
18	0.00812	0.00572	0.00749	0.00749	0.00796	0.00619	0.00510	0.00905	0.00858	0.01191	0.01649	0.02997	0.01748	0.44836	0.37844	0.00713	0.00993	0.00718	0.00323	0.00416
19	0.01049	0.00525	0.00525	0.00525	0.00656	0.00525	0.00393	0.01311	0.01180	0.02098	0.01836	0.02098	0.01442	0.00656	0.00393	0.00131	0.00262	0.00525	0.83346	0.00525
20	0.01366	0.06009	0.01553	0.01277	0.01420	0.15629	0.01037	0.07140	0.01164	0.01514	0.01016	0.01440	0.00929	0.01711	0.21516	0.00388	0.33487	0.00487	0.00293	0.00625
21	0.01370	0.02133	0.28759	0.01804	0.06052	0.14292	0.16641	0.01767	0.01218	0.01627	0.00955	0.01247	0.00759	0.00628	0.00848	0.00190	0.18230	0.00479	0.00260	0.00742
22	0.00700	0.00530	0.00646	0.00705	0.00804	0.00476	0.00495	0.00843	0.01235	0.01615	0.17541	0.43296	0.25980	0.01547	0.00692	0.00207	0.00303	0.01367	0.00541	0.00476
23	0.01438	0.01228	0.01294	0.01153	0.01478	0.01418	0.00900	0.06706	0.71917	0.02416	0.02242	0.02061	0.01679	0.00759	0.00572	0.00190	0.00454	0.00630	0.00572	0.00894
24	0.01592	0.61127	0.07416	0.01094	0.01562	0.16275	0.01057	0.01796	0.01230	0.01363	0.00813	0.00942	0.00722	0.00503	0.00399	0.00129	0.00693	0.00320	0.00250	0.00716
25	0.01482	0.01423	0.02207	0.03199	0.67562	0.05286	0.01648	0.06936	0.01394	0.01936	0.01070	0.01371	0.00888	0.00518	0.00555	0.00166	0.00683	0.00495	0.00299	0.00884
26	0.47075	0.01102	0.01033	0.00899	0.01253	0.01232	0.00726	0.02216	0.22668	0.14517	0.01451	0.01419	0.01056	0.00620	0.00448	0.00179	0.00445	0.00443	0.00469	0.00747
27	0.00686	0.00490	0.00653	0.00784	0.00816	0.00457	0.00522	0.00784	0.01077	0.01437	0.03102	0.79855	0.03722	0.01763	0.00718	0.00229	0.00326	0.01600	0.00522	0.00457
28	0.01582	0.02285	0.50499	0.01421	0.02115	0.01232	0.01662	0.09585	0.01445	0.20774	0.01347	0.01387	0.00908	0.00590	0.00545	0.00176	0.00722	0.00463	0.00386	0.00876
29	0.01379	0.00709	0.00908	0.00782	0.01034	0.00623	0.00613	0.01600	0.01532	0.28535	0.34857	0.03659	0.19375	0.01050	0.00629	0.00179	0.00345	0.00895	0.00626	0.00670
30	0.00765	0.00547	0.00744	0.00874	0.00942	0.00526	0.00661	0.00921	0.01156	0.01526	0.03058	0.53442	0.03548	0.01688	0.00739	0.00240	0.00395	0.27228	0.00521	0.00479
31	0.01179	0.00618	0.00824	0.00828	0.00966	0.00562	0.00591	0.01306	0.01215	0.21249	0.04784	0.52552	0.03049	0.06447	0.00813	0.00233	0.00379	0.01264	0.00559	0.00583
32	0.07400	0.01256	0.01838	0.01452	0.01860	0.01320	0.22190	0.02519	0.38909	0.12286	0.01841	0.01823	0.01346	0.00654	0.00582	0.00187	0.00595	0.00611	0.00490	0.00842
33	0.01357	0.01171	0.01231	0.01112	0.01422	0.01346	0.00864	0.02863	0.71335	0.02305	0.02490	0.02294	0.06098	0.00802	0.00578	0.00191	0.00436	0.00669	0.00570	0.00866
34	0.01111	0.01037	0.01729	0.29710	0.19989	0.01203	0.05139	0.01412	0.01090	0.01510	0.01113	0.01616	0.00945	0.01468	0.19254	0.00361	0.09848	0.00533	0.00270	0.00664
35	0.00686	0.00490	0.00653	0.00784	0.00816	0.00457	0.00522	0.00784	0.01077	0.01437	0.03102	0.79855	0.03722	0.01763	0.00718	0.00229	0.00326	0.01600	0.00522	0.00457
36	0.01167	0.01000	0.01167	0.00834	0.01334	0.00750	0.00667	0.01417	0.01167	0.01834	0.01000	0.01167	0.00834	0.00417	0.00417	0.00083	0.00417	0.00333	0.00333	0.83663
37	0.01571	0.01398	0.01424	0.01221	0.01438	0.14860	0.00973	0.22693	0.01542	0.04115	0.01218	0.01595	0.01039	0.05565	0.16730	0.00351	0.18578	0.00516	0.02481	0.00691
38	0.00686	0.00490	0.00653	0.00784	0.00816	0.00457	0.00522	0.00784	0.01077	0.01437	0.03102	0.79855	0.03722	0.01763	0.00718	0.00229	0.00326	0.01600	0.00522	0.00457
39	0.01225	0.02316	0.48204	0.02216	0.23958	0.01327	0.09252	0.01768	0.01229	0.01801	0.01037	0.01280	0.00779	0.00519	0.00554	0.00176	0.00796	0.00465	0.00254	0.00842
40	0.01185	0.01078	0.01542	0.27788	0.16229	0.01234	0.01236	0.01868	0.22738	0.01831	0.06490	0.02089	0.06714	0.00730	0.00645	0.00187	0.04670	0.00621	0.00391	0.00734
41	0.00697	0.00499	0.00663	0.00776	0.00819	0.00465	0.00523	0.00812	0.01131	0.01521	0.10691	0.72024	0.03886	0.01700	0.00713	0.00223	0.00320	0.01540	0.00532	0.00465
42	0.02071	0.01540	0.01689	0.06218	0.01880	0.01714	0.01101	0.70177	0.02549	0.03413	0.01329	0.01361	0.00944	0.00668	0.00563	0.00170	0.00628	0.00506	0.00543	0.00936
43	0.00720	0.00559	0.00662	0.00714	0.00844	0.00501	0.00536	0.00880	0.01258	0.01597	0.11876	0.26753	0.37493	0.01513	0.00697	0.00210	0.00329	0.11845	0.00532	0.00482
44	0.01077	0.00968	0.01574	0.33154	0.24003	0.01055	0.01295	0.01406	0.01314	0.01804	0.24091	0.02296	0.02186	0.00725	0.00592	0.00178	0.00578	0.00659	0.00371	0.00673
45	0.01049	0.00525	0.00525	0.00525	0.00656	0.00525	0.00393	0.01311	0.01180	0.02098	0.01836	0.02098	0.01442	0.00656	0.00393	0.00131	0.00262	0.00525	0.83346	0.00525
46	0.01484	0.00695	0.00878	0.00755	0.00995	0.00634	0.00594	0.01732	0.01473	0.28647	0.27388	0.02751	0.02743	0.00839	0.00546	0.00162	0.00340	0.00707	0.25958	0.00680
47	0.01063	0.01000	0.01688	0.78870	0.03876	0.01250	0.01563	0.01438	0.01125	0.01438	0.01000	0.01500	0.00750	0.00563	0.00563	0.00188	0.00750	0.00500	0.00250	0.00625
48	0.02115	0.02292	0.01628	0.01395	0.01742	0.51040	0.01081	0.27889	0.01966	0.02144	0.01040	0.01134	0.00807	0.00614	0.00527	0.00153	0.00875	0.00413	0.00386	0.00760
49	0.01465	0.01908	0.17525	0.02206	0.27508	0.15622	0.08851	0.02054	0.13752	0.01824	0.01227	0.01411	0.00958	0.00564	0.00557	0.00172	0.00757	0.00497	0.00322	0.00821
50	0.04902	0.06656	0.28186	0.01287	0.01728	0.20792	0.01299	0.01665	0.01198	0.01546	0.01095	0.01411	0.00913	0.01608	0.22901	0.00376	0.01043	0.00445	0.00274	0.00675
51	0.00693	0.00514	0.00650	0.00755	0.00823	0.00470	0.00524	0.00808	0.01129	0.01466	0.03605	0.61448	0.17973	0.01686	0.00711	0.00223	0.00328	0.05208	0.00522	0.00464
52	0.01452	0.01235	0.01302	0.01156	0.01483	0.01424	0.00903	0.08083	0.70517	0.02439	0.02224	0.02047	0.01664	0.00757	0.00572	0.00189	0.00458	0.00627	0.00572	0.00895
53	0.30707	0.00737	0.00683	0.00652	0.00820	0.00806	0.00475	0.01272	0.00978	0.01909	0.01420	0.02141	0.01317	0.23891	0.06018	0.00316	0.00485	0.00536	0.24337	0.00500
54	0.01529	0.00887	0.01113	0.01041	0.05058	0.00865	0.00765	0.04053	0.16453	0.26784	0.15580	0.10524	0.10987	0.00969	0.00611	0.00185	0.00411	0.00829	0.00596	0.00761
55	0.01504	0.01410	0.01334	0.01025	0.01478	0.15298	0.00812	0.13832	0.01494	0.02035	0.01035	0.01169	0.00834	0.00490	0.00458	0.00109	0.00562	0.00368	0.00364	0.54391
56	0.00851	0.00601	0.00726	0.00732	0.00807	0.00588	0.00492	0.05562	0.01211	0.01643	0.19908	0.27862	0.05167	0.29604	0.01462	0.00325	0.00408	0.01103	0.00483	0.00465
57	0.01337	0.00893	0.01053	0.00990	0.01245	0.00930	0.00796	0.02070	0.29053	0.13872	0.02613	0.08234	0.05963	0.01035	0.00621	0.00201	0.00440	0.19165	0.06433	0.03056
58	0.01199	0.01042	0.01332	0.13157	0.12801	0.03085	0.01004	0.06435	0.21526	0.02108	0.22456	0.02622	0.07206	0.00833	0.00598	0.00180	0.00491	0.00721	0.00482	0.00722
59	0.05409	0.27783	0.01712	0.01052	0.01283	0.01379	0.00938	0.01371	0.01139	0.01533	0.01759	0.08585	0.01870	0.01059	0.00789	0.00204	0.13666	0.27497	0.00371	0.00604
60	0.00710	0.00500	0.00646	0.00752	0.00779	0.00474	0.00489	0.00790	0.01029	0.01372	0.02854	0.65668	0.03410	0.16376	0.01118	0.00288	0.00367	0.01454	0.00489	0.00435
61	0.01889	0.01471	0.01798	0.09913	0.15696	0.01618	0.01242	0.53670	0.02235	0.03010	0.01260	0.01375	0.00923	0.00632	0.00562	0.00171	0.00642	0.00505	0.00478	0.00910
62	0.01745	0.01375	0.07984	0.01814	0.23309	0.01265	0.01228	0.19326	0.09127	0.18776	0.01831	0.01836	0.06443	0.00680	0.00568	0.00174	0.00579	0.00572	0.00481	0.00887
63	0.01425	0.23069	0.24014	0.04441	0.01896	0.08676	0.03336	0.11092	0.01358	0.01766	0.01019	0.01243	0.00824	0.00935	0.08325	0.00235	0.04880	0.00425	0.00294	0.00747
64	0.01713	0.02049	0.01600	0.22962	0.05324	0.49623	0.01216	0.01927	0.01425	0.01416	0.01028	0.05198	0.00892	0.00632	0.00536	0.00162	0.00892	0.00470	0.00290	0.00645
65	0.00978	0.00489	0.00733	0.00733	0.00733	0.00489	0.00489	0.00733	0.00733	0.00978	0.00978	0.01711	0.00978	0.01955	0.02199	0.83627	0.00489	0.00489	0.00244	0.00244
66	0.01167	0.01000	0.01167	0.00834	0.01334	0.00750	0.00667	0.01417	0.01167	0.01834	0.01000	0.01167	0.00834	0.00417	0.00417	0.00083	0.00417	0.00333	0.00333	0.83663
67	0.01424	0.01404	0.01502	0.13227	0.16680	0.18556	0.01116	0.11461	0.01582	0.01975	0.18047	0.02212	0.06933	0.00758	0.00578	0.00169	0.00638	0.00631	0.00407	0.00698
68	0.00760	0.00521	0.00631	0.00688	0.00702	0.00507	0.00420	0.00803	0.00932	0.01242	0.02354	0.36965	0.02778	0.45941	0.01927	0.00407	0.00450	0.01160	0.00420	0.00392
69	0.01214	0.00932	0.01072	0.06479	0.01394	0.01011	0.00787	0.02084	0.37885	0.08234	0.02914	0.17078	0.14481	0.01040	0.00614	0.00196	0.00421	0.00892	0.00542	0.00727
70	0.01441	0.01570	0.01730	0.04919	0.16283	0.23472	0.04998	0.01657	0.01241	0.01534	0.05753	0.01516	0.01130	0.01076	0.08903	0.00260	0.21039	0.00511	0.00297	0.00671
71	0.00818	0.00546	0.00614	0.00614	0.00614	0.00546	0.00341	0.00818	0.00818	0.01091	0.01773	0.03683	0.02046	0.80222	0.02864	0.00546	0.00546	0.00818	0.00341	0.00341
72	0.01316	0.29274	0.01663	0.04145	0.01322	0.17073	0.00796	0.01496	0.01280	0.01482	0.02348	0.02387	0.22705	0.00797	0.00491	0.00150	0.00564	0.00603	0.09500	0.00611
73	0.01570	0.00678	0.00801	0.00693	0.00932	0.00631	0.00547	0.01817	0.01332	0.28593	0.01972	0.02034	0.01425	0.00670	0.00454	0.00146	0.00339	0.00539	0.54151	0.00678
74	0.02139	0.01576	0.01689	0.01295	0.01745	0.01745	0.01070	0.74835	0.02646	0.03547	0.01351	0.01351	0.00957	0.00676	0.00563	0.00169	0.00619	0.00507	0.00563	0.00957
75	0.00818	0.00546	0.00614	0.00614	0.00614	0.00546	0.00341	0.00818	0.00818	0.01091	0.01773	0.03683	0.02046	0.80222	0.02864	0.00546	0.00546	0.00818	0.00341	0.00341
76	0.01878	0.01447	0.01542	0.01242	0.01646	0.01623	0.01006	0.49457	0.28450	0.03125	0.01683	0.01616	0.01226	0.00707	0.00566	0.00177	0.00558	0.00552	0.00566	0.00934
77	0.02020	0.02550	0.01551	0.01415	0.01693	0.73059	0.01063	0.02168	0.01551	0.01373	0.00910	0.01091	0.00768	0.00811	0.05425	0.00193	0.01046	0.00378	0.00291	0.00643
78	0.01243	0.00734	0.00905	0.00836	0.01068	0.00679	0.00671	0.06348	0.01485	0.18533	0.14895	0.09077	0.25485	0.01216	0.00660	0.00198	0.00394	0.14365	0.00578	0.00630
79	0.01080	0.00732	0.01022	0.15371	0.01469	0.00818	0.00772	0.01329	0.16228	0.01346	0.01252	0.01752	0.01087	0.01451	0.01560	0.50920	0.00529	0.00521	0.00313	0.00448
80	0.00686	0.00490	0.00653	0.00784	0.00816	0.00457	0.00522	0.00784	0.01077	0.01437	0.03102	0.79855	0.03722	0.01763	0.00718	0.00229	0.00326	0.01600	0.00522	0.00457
81	0.01242	0.26275	0.54933	0.01411	0.02137	0.01584	0.01743	0.01753	0.01175	0.01644	0.00941	0.01102	0.00716	0.00519	0.00482	0.00161	0.00763	0.00381	0.00239	0.00799
82	0.01838	0.01006	0.01254	0.00931	0.01399	0.00829	0.00758	0.05209	0.01436	0.36757	0.01580	0.01521	0.01098	0.00558	0.00492	0.00129	0.00454	0.00449	0.00511	0.41790
83	0.01322	0.00707	0.00830	0.00722	0.00999	0.00599	0.00569	0.01491	0.01399	0.28219	0.04471	0.04179	0.49958	0.01168	0.00630	0.00184	0.00354	0.00968	0.00584	0.00646
84	0.01199	0.01458	0.16853	0.01172	0.01494	0.05113	0.04078	0.01930	0.27408	0.01739	0.01665	0.02239	0.01461	0.23678	0.01302	0.00292	0.05218	0.00622	0.00391	0.00686
85	0.01479	0.00733	0.00931	0.00790	0.01066	0.00638	0.00625	0.01689	0.01511	0.33262	0.25026	0.03600	0.24251	0.01041	0.00623	0.00180	0.00360	0.00878	0.00624	0.00693
86	0.00739	0.00564	0.00683	0.00703	0.00838	0.00508	0.00527	0.00929	0.01359	0.01788	0.30697	0.18926	0.30243	0.01400	0.00685	0.00199	0.00307	0.07851	0.00557	0.00496
87	0.08239	0.01088	0.01347	0.01040	0.01473	0.01038	0.00859	0.16824	0.01768	0.57369	0.01948	0.01734	0.01252	0.00680	0.00550	0.00173	0.00503	0.00536	0.00646	0.00933
88	0.01671	0.45215	0.02391	0.05286	0.07002	0.27067	0.01089	0.01861	0.01301	0.01384	0.00842	0.01005	0.00737	0.00519	0.00434	0.00135	0.00750	0.00346	0.00260	0.00706
89	0.00917	0.00668	0.00951	0.04278	0.01038	0.00677	0.08127	0.01041	0.00949	0.01357	0.01662	0.02993	0.01718	0.49736	0.08208	0.00456	0.00629	0.00725	0.13432	0.00439
90	0.00672	0.00542	0.00599	0.00646	0.00780	0.00469	0.00461	0.00799	0.01210	0.01491	0.04783	0.31711	0.50781	0.01545	0.00684	0.00204	0.00300	0.01333	0.00523	0.00469
91	0.00881	0.00777	0.00814	0.00774	0.00901	0.06116	0.00571	0.01028	0.01239	0.01582	0.20344	0.05715	0.30391	0.14549	0.04478	0.00280	0.07654	0.00949	0.00463	0.00492
92	0.11079	0.06734	0.01594	0.16193	0.02028	0.32767	0.04264	0.01893	0.01362	0.07054	0.01207	0.01729	0.01031	0.00669	0.00530	0.00171	0.00779	0.07918	0.00339	0.00660
93	0.01503	0.01590	0.01461	0.27025	0.02283	0.28297	0.01136	0.04968	0.12075	0.01732	0.06548	0.01635	0.01252	0.00649	0.00542	0.00168	0.00732	0.00509	0.05218	0.00674
94	0.02286	0.00988	0.01286	0.01010	0.01415	0.00908	0.00826	0.06868	0.07870	0.61231	0.07435	0.02060	0.01672	0.00733	0.00573	0.00175	0.00469	0.00600	0.00673	0.00922
95	0.01965	0.01688	0.01415	0.01215	0.01555	0.28820	0.00948	0.10450	0.19898	0.19556	0.05493	0.01693	0.01387	0.00692	0.00551	0.00167	0.00668	0.00527	0.00501	0.00809
96	0.01989	0.07327	0.01621	0.14199	0.01982	0.31301	0.01078	0.06486	0.03632	0.23005	0.01336	0.01393	0.00960	0.00614	0.00528	0.00161	0.00750	0.00455	0.00419	0.00764
97	0.01041	0.01016	0.04912	0.05874	0.01749	0.00938	0.22138	0.01327	0.01271	0.04750	0.14222	0.19483	0.11175	0.01030	0.00744	0.00199	0.06135	0.00951	0.00428	0.00616
98	0.01827	0.06131	0.01629	0.11065	0.01947	0.46287	0.01106	0.07387	0.13961	0.01699	0.01153	0.01275	0.00910	0.00610	0.00522	0.00158	0.00837	0.00433	0.00349	0.00714
99	0.05717	0.01221	0.01578	0.07122	0.15604	0.05287	0.01152	0.01902	0.12239	0.12571	0.01560	0.01726	0.05438	0.00772	0.00927	0.00197	0.23297	0.00551	0.00389	0.00751
100	0.04453	0.04956	0.01308	0.18512	0.03681	0.04876	0.07031	0.01231	0.01164	0.01560	0.02241	0.31147	0.08646	0.01081	0.00606	0.00193	0.00529	0.00963	0.05254	0.00567
101	0.01108	0.06650	0.04442	0.06005	0.01452	0.01153	0.04098	0.01376	0.04965	0.05947	0.02851	0.02921	0.29798	0.01022	0.00964	0.00200	0.23273	0.00761	0.00396	0.00619
102	0.01103	0.00984	0.05224	0.30890	0.02259	0.01043	0.01127	0.04548	0.08546	0.04905	0.04496	0.05879	0.01407	0.01734	0.22958	0.00395	0.00885	0.00619	0.00357	0.00642

[dist]
# distance from previous block
# <min> <max>
25	624

[block]
# block no. 4 follows, 42 sequences, length 70
# corresponding to MSA columns:
# 2379-2407,2411-2416,2420-2454
name=unknown_E
#
# <colnr> <probs for GDERKNQSTAVLIFYWHMCP>
#	G	D	E	R	K	N	Q	S	T	A	V	L	I	F	Y	W	H	M	C	P
0	0.05651	0.01304	0.15548	0.08732	0.01665	0.01022	0.01035	0.14738	0.01520	0.10344	0.06835	0.07718	0.19754	0.00914	0.00588	0.00183	0.00526	0.00752	0.00464	0.00707
1	0.01389	0.03909	0.01512	0.12643	0.02826	0.01255	0.06427	0.20258	0.16449	0.02249	0.01731	0.13670	0.01514	0.00804	0.00570	0.00178	0.00548	0.00696	0.05998	0.05374
2	0.01564	0.07556	0.06999	0.01129	0.06314	0.01026	0.00909	0.11321	0.01610	0.21356	0.24108	0.02325	0.02349	0.00771	0.00561	0.00163	0.00471	0.00643	0.03434	0.05390
3	0.11503	0.31082	0.09073	0.03882	0.01695	0.06059	0.04914	0.06758	0.01320	0.13381	0.01093	0.01192	0.00836	0.00570	0.00524	0.00157	0.04445	0.00406	0.00351	0.00760
4	0.01719	0.25535	0.01872	0.01197	0.07544	0.01405	0.00934	0.11034	0.05071	0.20331	0.01499	0.07202	0.01214	0.00661	0.00496	0.00150	0.00529	0.00524	0.00444	0.10639
5	0.01421	0.01286	0.11475	0.06822	0.01674	0.01029	0.00997	0.15763	0.01525	0.10744	0.06375	0.01849	0.06217	0.00851	0.04844	0.00190	0.00586	0.00532	0.00430	0.25389
6	0.09662	0.01287	0.12972	0.11769	0.01797	0.06070	0.04625	0.01541	0.01134	0.07260	0.01275	0.01627	0.01028	0.01662	0.23862	0.00388	0.00917	0.00495	0.05633	0.04997
7	0.08694	0.11166	0.13153	0.01077	0.01498	0.01225	0.05870	0.13591	0.05606	0.04060	0.02622	0.02592	0.24917	0.00846	0.00554	0.00174	0.00536	0.00685	0.00426	0.00707
8	0.01510	0.06754	0.13719	0.01614	0.06292	0.01343	0.19098	0.10276	0.01391	0.11675	0.01247	0.01538	0.00971	0.05689	0.00837	0.00199	0.08627	0.00532	0.00363	0.06325
9	0.08314	0.04137	0.07231	0.10962	0.13440	0.01354	0.01184	0.23630	0.05535	0.07366	0.01378	0.06569	0.01113	0.00671	0.00539	0.00172	0.00595	0.00549	0.00424	0.04836
10	0.01328	0.01090	0.01309	0.02869	0.01353	0.05539	0.00876	0.01488	0.01104	0.10610	0.01486	0.01888	0.06621	0.10029	0.01254	0.00220	0.28437	0.00543	0.00357	0.21600
11	0.01045	0.05472	0.01058	0.05961	0.01155	0.05963	0.00630	0.01153	0.00997	0.01330	0.01467	0.06806	0.01575	0.40314	0.01741	0.00343	0.04677	0.00665	0.00329	0.17319
12	0.01133	0.00807	0.01016	0.00957	0.05420	0.00760	0.00689	0.10059	0.01632	0.07283	0.44317	0.03346	0.10041	0.00976	0.00614	0.00167	0.00362	0.00842	0.00561	0.09016
13	0.01243	0.01229	0.01607	0.05394	0.01742	0.10280	0.16918	0.01890	0.21858	0.01938	0.17848	0.10524	0.02335	0.00860	0.00635	0.00187	0.01575	0.00785	0.00460	0.00692
14	0.01260	0.00968	0.05411	0.00817	0.01217	0.00723	0.00691	0.01508	0.01192	0.09236	0.01316	0.01489	0.01032	0.00588	0.00526	0.04487	0.00414	0.00414	0.19874	0.46837
15	0.01686	0.01892	0.11093	0.01621	0.06126	0.20077	0.13532	0.21711	0.07273	0.02242	0.06171	0.01524	0.01194	0.00630	0.00570	0.00170	0.00763	0.00530	0.00399	0.00798
16	0.00710	0.00505	0.00670	0.00793	0.00831	0.00476	0.00540	0.00814	0.01079	0.01435	0.03016	0.69988	0.03589	0.06286	0.00847	0.00249	0.00353	0.06854	0.00512	0.00455
17	0.01220	0.21828	0.59192	0.01448	0.02194	0.01531	0.01807	0.01759	0.01177	0.01671	0.00954	0.01119	0.00715	0.00522	0.00492	0.00164	0.00776	0.00388	0.00238	0.00805
18	0.00665	0.00570	0.00570	0.00570	0.00760	0.00475	0.00428	0.00808	0.01283	0.01520	0.05701	0.05416	0.76483	0.01425	0.00665	0.00190	0.00285	0.01188	0.00523	0.00475
19	0.00934	0.00692	0.00819	0.00817	0.00953	0.00709	0.00593	0.06128	0.11404	0.01848	0.14134	0.31808	0.09038	0.06689	0.05266	0.00262	0.00428	0.01094	0.05823	0.00562
20	0.84197	0.01088	0.00827	0.00740	0.01088	0.01262	0.00609	0.01654	0.00958	0.02525	0.00784	0.00914	0.00609	0.00522	0.00348	0.00174	0.00435	0.00305	0.00348	0.00609
21	0.02009	0.01451	0.01550	0.01203	0.01615	0.01600	0.00989	0.66067	0.02471	0.03374	0.01409	0.01440	0.01015	0.00673	0.00543	0.00164	0.00577	0.00509	0.10435	0.00905
22	0.00908	0.00568	0.00841	0.10314	0.01152	0.00585	0.00634	0.00890	0.00998	0.01349	0.15693	0.14215	0.02199	0.01601	0.01477	0.44620	0.00453	0.00762	0.00359	0.00379
23	0.56024	0.01043	0.00992	0.00830	0.01208	0.01112	0.00685	0.02030	0.01183	0.28250	0.01279	0.01260	0.00880	0.00582	0.00423	0.00174	0.00450	0.00395	0.00468	0.00730
24	0.06712	0.01549	0.01641	0.01264	0.01709	0.01718	0.01044	0.70757	0.02552	0.03490	0.01319	0.01327	0.00938	0.00667	0.00551	0.00169	0.00609	0.00495	0.00551	0.00938
25	0.01276	0.01218	0.02073	0.30120	0.50958	0.01306	0.01669	0.01625	0.01226	0.01697	0.01038	0.01431	0.00841	0.00523	0.00559	0.00174	0.00697	0.00501	0.00268	0.00797
26	0.01275	0.00957	0.01092	0.06358	0.10425	0.06587	0.00845	0.09975	0.01408	0.02073	0.01736	0.02471	0.01501	0.00768	0.00513	0.00165	0.00482	0.11847	0.38889	0.00635
27	0.00748	0.00516	0.00635	0.00704	0.00722	0.00498	0.00438	0.00800	0.00956	0.01275	0.02481	0.44274	0.02939	0.38413	0.01721	0.00377	0.00429	0.01235	0.00438	0.00403
28	0.00686	0.00490	0.00653	0.00784	0.00816	0.00457	0.00522	0.00784	0.01077	0.01437	0.03102	0.79855	0.03722	0.01763	0.00718	0.00229	0.00326	0.01600	0.00522	0.00457
29	0.01242	0.14398	0.39367	0.01296	0.01859	0.01349	0.01448	0.11192	0.03066	0.01889	0.01447	0.16187	0.01343	0.00784	0.00547	0.00178	0.00663	0.00641	0.00343	0.00761
30	0.01669	0.01497	0.02056	0.02657	0.48696	0.06367	0.01483	0.24403	0.01724	0.02338	0.01137	0.01356	0.00901	0.00560	0.00556	0.00166	0.00675	0.00494	0.00367	0.00896
31	0.00843	0.00713	0.00908	0.00869	0.00975	0.00777	0.00678	0.01014	0.01238	0.01667	0.21778	0.14787	0.26553	0.01314	0.00944	0.00209	0.17937	0.05789	0.00485	0.00521
