[name]
unknown

[dist]
# distance from previous block
# <min> <max>
0	10

[block]
# block no. 0 follows, 45 sequences, length 15
# corresponding to MSA columns:
# 10-24
name=unknown_A
#
# <colnr> <probs for GDERKNQSTAVLIFYWHMCP>
#	G	D	E	R	K	N	Q	S	T	A	V	L	I	F	Y	W	H	M	C	P
0	0.10693	0.06410	0.01174	0.07071	0.01415	0.04056	0.00877	0.01681	0.07159	0.16238	0.02048	0.03437	0.01917	0.00978	0.00589	0.00199	0.00514	0.32441	0.00466	0.00638
1	0.04024	0.14697	0.09671	0.01147	0.01559	0.14369	0.01017	0.13831	0.21168	0.08012	0.01360	0.01359	0.01023	0.00594	0.00485	0.00153	0.00606	0.00444	0.00409	0.04073
2	0.01101	0.01196	0.12967	0.01028	0.01386	0.00955	0.06025	0.12444	0.10210	0.01942	0.08477	0.05195	0.19552	0.05164	0.02216	0.00199	0.00508	0.00724	0.00430	0.08282
3	0.00711	0.00540	0.00656	0.00652	0.00786	0.00485	0.00487	0.00908	0.01357	0.01816	0.42956	0.13281	0.28254	0.01263	0.00643	0.00181	0.00275	0.03722	0.00547	0.00481
4	0.01450	0.01529	0.01999	0.15130	0.29167	0.18572	0.12777	0.07202	0.01367	0.01699	0.01125	0.01395	0.03081	0.00539	0.00541	0.00162	0.00751	0.00492	0.00292	0.00731
5	0.00988	0.00601	0.00767	0.00700	0.00876	0.00538	0.00534	0.01209	0.01455	0.13662	0.51443	0.06973	0.15980	0.01096	0.00621	0.00172	0.00290	0.00953	0.00584	0.00558
6	0.01613	0.01338	0.01351	0.01146	0.01474	0.11405	0.03167	0.15833	0.37721	0.10023	0.07632	0.01859	0.01592	0.00704	0.00545	0.00170	0.00530	0.00573	0.00516	0.00808
7	0.00749	0.00548	0.00702	0.00664	0.00795	0.00502	0.00498	0.00992	0.01494	0.02092	0.71258	0.04110	0.11348	0.01120	0.00633	0.00170	0.00255	0.00985	0.00583	0.00502
8	0.01329	0.01275	0.02179	0.03295	0.77787	0.01275	0.01647	0.01647	0.01222	0.01754	0.01010	0.01329	0.00850	0.00478	0.00531	0.00159	0.00638	0.00478	0.00266	0.00850
9	0.00932	0.00466	0.00699	0.00699	0.00699	0.00466	0.00466	0.00699	0.00699	0.00932	0.00932	0.01632	0.00932	0.01865	0.02098	0.84382	0.00466	0.00466	0.00233	0.00233
10	0.14245	0.01482	0.01438	0.01733	0.23358	0.25531	0.01101	0.01662	0.01272	0.01680	0.01361	0.02300	0.01306	0.00750	0.00537	0.00175	0.00672	0.18412	0.00335	0.00650
11	0.14562	0.01360	0.01418	0.01392	0.12423	0.09731	0.00972	0.26470	0.10845	0.07912	0.04619	0.03486	0.01194	0.00646	0.00508	0.00164	0.00560	0.00505	0.00450	0.00784
12	0.01425	0.01457	0.02236	0.02511	0.39234	0.09512	0.18286	0.07432	0.01324	0.01779	0.00999	0.01299	0.00816	0.00540	0.00674	0.00170	0.08746	0.00499	0.00286	0.00776
13	0.01037	0.01190	0.14216	0.05165	0.01578	0.00937	0.10409	0.08936	0.06620	0.01969	0.23712	0.08773	0.11413	0.00893	0.00596	0.00177	0.00503	0.00794	0.00444	0.00640
14	0.00770	0.00533	0.00664	0.00671	0.00699	0.00558	0.00430	0.00828	0.00816	0.01115	0.01686	0.07115	0.01865	0.55621	0.23804	0.00600	0.00764	0.00762	0.00324	0.00374

[dist]
# distance from previous block
# <min> <max>
0	1

[block]
# block no. 1 follows, 45 sequences, length 19
# corresponding to MSA columns:
# 26-44
name=unknown_B
#
# <colnr> <probs for GDERKNQSTAVLIFYWHMCP>
#	G	D	E	R	K	N	Q	S	T	A	V	L	I	F	Y	W	H	M	C	P
0	0.11614	0.52916	0.02251	0.00987	0.01393	0.14816	0.00898	0.03877	0.04352	0.01511	0.00836	0.00940	0.00722	0.00496	0.00380	0.00129	0.00615	0.00316	0.00272	0.00678
1	0.00684	0.00506	0.00639	0.00688	0.00776	0.00461	0.00485	0.00835	0.01218	0.01631	0.26899	0.43131	0.17195	0.01440	0.00660	0.00196	0.00286	0.01281	0.00528	0.00461
2	0.01206	0.10200	0.36929	0.04221	0.07999	0.01359	0.20435	0.04768	0.01215	0.01705	0.01009	0.01257	0.00766	0.00641	0.03813	0.00195	0.00803	0.00465	0.00257	0.00755
3	0.00700	0.00510	0.00665	0.00748	0.00824	0.00475	0.00542	0.00846	0.01160	0.01543	0.15697	0.49421	0.11474	0.01522	0.00679	0.00210	0.00323	0.11688	0.00513	0.00458
4	0.01591	0.32916	0.01947	0.01088	0.01432	0.21445	0.00929	0.15079	0.01486	0.01751	0.08762	0.01337	0.01198	0.00703	0.02723	0.00161	0.04009	0.00423	0.00336	0.00683
5	0.00807	0.00636	0.00754	0.00768	0.00912	0.00611	0.00552	0.01160	0.13173	0.01624	0.09771	0.43084	0.14545	0.01321	0.00627	0.00191	0.00325	0.01169	0.00499	0.07472
6	0.05581	0.17908	0.01751	0.01207	0.04691	0.14992	0.00963	0.33602	0.01816	0.05565	0.04579	0.01289	0.01027	0.00598	0.00480	0.00148	0.00619	0.00435	0.01977	0.00773
7	0.01310	0.10233	0.49574	0.01569	0.07061	0.01337	0.06672	0.06843	0.01270	0.07665	0.01064	0.01204	0.00767	0.00520	0.00507	0.00164	0.00729	0.00424	0.00287	0.00799
8	0.01337	0.01148	0.01229	0.00918	0.01368	0.05177	0.00735	0.14807	0.04481	0.02038	0.01057	0.01173	0.00845	0.00464	0.00433	0.00101	0.00464	0.00361	0.00364	0.61498
9	0.00665	0.00492	0.00621	0.00701	0.00772	0.00449	0.00483	0.00787	0.01129	0.01490	0.13449	0.56736	0.17172	0.01545	0.00669	0.00205	0.00296	0.01380	0.00511	0.00449
10	0.01285	0.07156	0.26843	0.01129	0.01583	0.01073	0.02686	0.09252	0.05454	0.12297	0.02077	0.12466	0.10802	0.00838	0.00555	0.00175	0.00557	0.02639	0.00414	0.00719
11	0.01086	0.00992	0.08876	0.00944	0.01188	0.00863	0.00792	0.10596	0.15177	0.05114	0.18148	0.29004	0.02813	0.01095	0.00607	0.00187	0.00409	0.00957	0.00510	0.00641
12	0.00754	0.00509	0.00593	0.00620	0.00627	0.00502	0.00362	0.00774	0.00833	0.01111	0.01962	0.20028	0.02293	0.64153	0.02295	0.00456	0.00476	0.00940	0.00362	0.00349
13	0.01344	0.01370	0.02161	0.12341	0.53579	0.08228	0.09848	0.01666	0.01236	0.01664	0.00995	0.01322	0.00816	0.00489	0.00539	0.00162	0.00707	0.00484	0.00264	0.00785
14	0.01590	0.01622	0.26121	0.01316	0.04148	0.03164	0.04853	0.02133	0.12296	0.27302	0.05152	0.01647	0.01257	0.00638	0.00594	0.00173	0.04223	0.00518	0.00442	0.00813
15	0.01190	0.01290	0.02682	0.07446	0.07187	0.01236	0.56279	0.01596	0.01246	0.01676	0.01417	0.02012	0.04314	0.00591	0.00630	0.00185	0.00812	0.07220	0.00299	0.00691
16	0.00663	0.00474	0.00633	0.00758	0.00793	0.00444	0.00514	0.00763	0.01037	0.01380	0.02954	0.77586	0.03531	0.01673	0.00688	0.00219	0.00319	0.04635	0.00498	0.00438
17	0.01042	0.00645	0.00835	0.00796	0.00893	0.00682	0.00590	0.10948	0.01067	0.01486	0.01374	0.02245	0.01314	0.08141	0.14420	0.36892	0.00630	0.07110	0.08467	0.00422
18	0.01510	0.01388	0.01637	0.01555	0.11859	0.09336	0.08632	0.16716	0.33544	0.02211	0.01570	0.01614	0.01197	0.00771	0.03838	0.00199	0.00633	0.00540	0.00440	0.00810

[dist]
# distance from previous block
# <min> <max>
0	12

[block]
# block no. 2 follows, 45 sequences, length 13
# corresponding to MSA columns:
# 57-69
name=unknown_C
#
# <colnr> <probs for GDERKNQSTAVLIFYWHMCP>
#	G	D	E	R	K	N	Q	S	T	A	V	L	I	F	Y	W	H	M	C	P
0	0.00653	0.00473	0.00617	0.00733	0.00775	0.00437	0.00492	0.00749	0.01042	0.01376	0.03135	0.75398	0.08823	0.01659	0.00682	0.00215	0.00309	0.01498	0.00498	0.00437
1	0.01335	0.01153	0.01214	0.01092	0.01396	0.01335	0.00850	0.02852	0.76817	0.02245	0.02185	0.02003	0.01639	0.00728	0.00546	0.00182	0.00425	0.00607	0.00546	0.00850
2	0.50355	0.01439	0.01074	0.00937	0.01270	0.20633	0.00747	0.07120	0.01240	0.09499	0.00939	0.01018	0.00704	0.00538	0.00405	0.00159	0.00570	0.00342	0.00365	0.00647
3	0.00760	0.00549	0.00718	0.00675	0.00802	0.00506	0.00506	0.01013	0.01519	0.02153	0.77503	0.04010	0.05065	0.01097	0.00633	0.00169	0.00253	0.00971	0.00591	0.00506
4	0.01113	0.00954	0.01113	0.00795	0.01272	0.00716	0.00636	0.01352	0.01113	0.01749	0.00954	0.01113	0.00795	0.00398	0.00398	0.00080	0.00398	0.00318	0.00318	0.84417
5	0.01323	0.00886	0.01077	0.00822	0.01221	0.00716	0.00654	0.01595	0.03823	0.17292	0.10154	0.04944	0.01540	0.00597	0.00471	0.00117	0.00390	0.00499	0.00435	0.51445
6	0.01223	0.18173	0.57430	0.01386	0.02085	0.01452	0.01698	0.07534	0.01234	0.01746	0.00946	0.01092	0.00700	0.00511	0.00480	0.00158	0.00734	0.00382	0.00252	0.00782
7	0.01170	0.01114	0.01892	0.41861	0.40460	0.01234	0.01568	0.01508	0.01147	0.01561	0.00982	0.01380	0.00782	0.00508	0.00534	0.00169	0.00677	0.00478	0.00252	0.00722
8	0.01267	0.01448	0.03167	0.02262	0.02805	0.01357	0.75837	0.01719	0.01267	0.01719	0.01086	0.01448	0.00814	0.00452	0.00633	0.00181	0.00905	0.00633	0.00271	0.00724
9	0.01329	0.01275	0.02179	0.03295	0.77787	0.01275	0.01647	0.01647	0.01222	0.01754	0.01010	0.01329	0.00850	0.00478	0.00531	0.00159	0.00638	0.00478	0.00266	0.00850
10	0.00656	0.00481	0.00616	0.00717	0.00772	0.00441	0.00486	0.00762	0.01075	0.01415	0.06488	0.67311	0.13582	0.01613	0.00676	0.00211	0.00304	0.01449	0.00502	0.00441
11	0.00837	0.00598	0.00832	0.00956	0.01067	0.00593	0.00816	0.01063	0.01208	0.01575	0.02858	0.16113	0.03151	0.01510	0.00734	0.00243	0.00470	0.64396	0.00495	0.00486
12	0.01155	0.00726	0.00947	0.00861	0.01027	0.00793	0.00672	0.09731	0.01160	0.10855	0.01543	0.02055	0.01327	0.09108	0.41250	0.00551	0.03455	0.00564	0.11645	0.00574

[dist]
# distance from previous block
# <min> <max>
0	1

[block]
# block no. 3 follows, 45 sequences, length 16
# corresponding to MSA columns:
# 71-86
name=unknown_D
#
# <colnr> <probs for GDERKNQSTAVLIFYWHMCP>
#	G	D	E	R	K	N	Q	S	T	A	V	L	I	F	Y	W	H	M	C	P
0	0.20011	0.01102	0.01639	0.21808	0.38058	0.01200	0.01305	0.01543	0.01111	0.01817	0.00974	0.01286	0.00782	0.00505	0.00480	0.00164	0.00588	0.00437	0.04483	0.00708
1	0.53067	0.01105	0.01276	0.07390	0.24750	0.01225	0.00976	0.01584	0.01020	0.02131	0.00843	0.01054	0.00674	0.00495	0.00408	0.00165	0.00506	0.00362	0.00305	0.00665
2	0.00763	0.00585	0.00711	0.00772	0.00868	0.00579	0.00542	0.01088	0.12470	0.01575	0.09256	0.54847	0.10987	0.01457	0.00655	0.00205	0.00320	0.01302	0.00513	0.00506
3	0.00655	0.00513	0.00593	0.00639	0.00754	0.00451	0.00454	0.00785	0.01173	0.01487	0.11526	0.35678	0.40455	0.01464	0.00655	0.00195	0.00286	0.01276	0.00507	0.00451
4	0.01338	0.01223	0.01906	0.09027	0.52010	0.01234	0.01417	0.08212	0.04394	0.01886	0.01071	0.01333	0.00870	0.00498	0.00516	0.00152	0.00601	0.00463	0.00306	0.11546
5	0.05507	0.39470	0.10898	0.01075	0.01515	0.12351	0.01026	0.08507	0.06127	0.04474	0.03781	0.01169	0.00947	0.00545	0.00430	0.00139	0.00622	0.00380	0.00318	0.00719
6	0.08319	0.36966	0.01859	0.00957	0.01304	0.12224	0.00843	0.09272	0.01343	0.01704	0.08263	0.01875	0.06292	0.00688	0.00457	0.00146	0.00562	0.05933	0.00347	0.00648
7	0.01459	0.06515	0.13938	0.01040	0.01425	0.01046	0.00972	0.05719	0.17349	0.21071	0.12467	0.02432	0.04623	0.00791	0.00556	0.00174	0.00488	0.06676	0.00502	0.00758
8	0.01558	0.66491	0.02559	0.00990	0.01420	0.13759	0.00932	0.01726	0.01173	0.04108	0.00810	0.00913	0.00713	0.00481	0.00373	0.00120	0.00630	0.00305	0.00253	0.00687
9	0.00654	0.00467	0.00623	0.00747	0.00779	0.00436	0.00498	0.00747	0.01028	0.01370	0.02959	0.80785	0.03550	0.01682	0.00685	0.00218	0.00311	0.01526	0.00498	0.00436
10	0.01499	0.01371	0.01961	0.24241	0.02499	0.07801	0.19355	0.21694	0.03483	0.04669	0.01124	0.01373	0.00835	0.00578	0.00624	0.00174	0.05126	0.00511	0.00352	0.00732
11	0.01658	0.01268	0.06601	0.07521	0.21519	0.05729	0.01162	0.05438	0.11715	0.25226	0.01604	0.05599	0.01215	0.00649	0.00540	0.00169	0.00570	0.00555	0.00446	0.00815
12	0.01091	0.00666	0.00880	0.00948	0.06010	0.00624	0.00642	0.01326	0.05984	0.16706	0.06490	0.41302	0.12638	0.01270	0.00628	0.00194	0.00361	0.01125	0.00523	0.00590
13	0.21463	0.01419	0.01242	0.01155	0.06360	0.23681	0.00848	0.02054	0.01364	0.27408	0.06862	0.01480	0.01209	0.00612	0.00481	0.00158	0.00593	0.00452	0.00442	0.00717
14	0.00976	0.00742	0.00959	0.03628	0.10495	0.00718	0.00711	0.08713	0.01332	0.05365	0.08810	0.25751	0.27329	0.01191	0.00619	0.00185	0.00383	0.01037	0.00480	0.00575
15	0.13606	0.01168	0.01542	0.01884	0.31781	0.01239	0.01115	0.10901	0.16303	0.07846	0.01367	0.01470	0.01044	0.00574	0.00497	0.00163	0.00520	0.00483	0.05696	0.00801

[dist]
# distance from previous block
# <min> <max>
0	13

[block]
# block no. 4 follows, 45 sequences, length 9
# corresponding to MSA columns:
# 100-108
name=unknown_E
#
# <colnr> <probs for GDERKNQSTAVLIFYWHMCP>
#	G	D	E	R	K	N	Q	S	T	A	V	L	I	F	Y	W	H	M	C	P
0	0.10302	0.09250	0.13399	0.01680	0.18849	0.26386	0.01234	0.01773	0.01242	0.01615	0.00881	0.01071	0.00722	0.00513	0.00496	0.00147	0.02740	0.00373	0.00270	0.07058
1	0.32194	0.01550	0.01159	0.01078	0.04512	0.27850	0.00803	0.08380	0.01312	0.02014	0.00952	0.01093	0.00755	0.00537	0.00419	0.00147	0.00612	0.00358	0.09151	0.05123
2	0.01397	0.24183	0.01578	0.00907	0.01247	0.01245	0.00769	0.11561	0.07553	0.11049	0.14740	0.09417	0.01924	0.00753	0.00499	0.00148	0.00450	0.00612	0.00447	0.09520
3	0.01282	0.01218	0.02016	0.14489	0.60579	0.01268	0.01559	0.01704	0.07335	0.01737	0.01097	0.01399	0.00894	0.00507	0.00533	0.00164	0.00632	0.00489	0.00284	0.00812
4	0.00674	0.00530	0.00602	0.00615	0.00748	0.00465	0.00445	0.00825	0.01240	0.01588	0.22087	0.19096	0.43330	0.04422	0.00724	0.00198	0.00284	0.01155	0.00514	0.00458
5	0.00959	0.00731	0.00926	0.00974	0.01139	0.00767	0.00818	0.01494	0.18362	0.01817	0.11719	0.04891	0.03000	0.01266	0.00684	0.00223	0.00449	0.48689	0.00518	0.00576
6	0.00720	0.00514	0.00698	0.00822	0.00882	0.00493	0.00612	0.00861	0.01092	0.01444	0.02922	0.57523	0.03407	0.01620	0.00703	0.00227	0.00368	0.24140	0.00497	0.00454
7	0.00713	0.00533	0.00668	0.00698	0.00811	0.00487	0.00519	0.00896	0.01289	0.01722	0.32936	0.25308	0.21038	0.01356	0.00659	0.00193	0.00299	0.08867	0.00534	0.00474
8	0.84927	0.01038	0.00789	0.00706	0.01038	0.01204	0.00581	0.01578	0.00914	0.02408	0.00747	0.00872	0.00581	0.00498	0.00332	0.00166	0.00415	0.00291	0.00332	0.00581

[dist]
# distance from previous block
# <min> <max>
2	5

[block]
# block no. 5 follows, 45 sequences, length 70
# corresponding to MSA columns:
# 121-190
name=unknown_F
#
# <colnr> <probs for GDERKNQSTAVLIFYWHMCP>
#	G	D	E	R	K	N	Q	S	T	A	V	L	I	F	Y	W	H	M	C	P
0	0.14596	0.12614	0.38972	0.01200	0.01761	0.05628	0.01355	0.01720	0.02890	0.06597	0.03339	0.01411	0.02925	0.00580	0.00473	0.00162	0.00648	0.02103	0.00305	0.00721
1	0.01452	0.01728	0.27851	0.01810	0.21850	0.01228	0.01449	0.08975	0.12154	0.12722	0.01377	0.02759	0.01023	0.00587	0.00530	0.00168	0.00625	0.00496	0.00378	0.00839
2	0.00832	0.00576	0.00742	0.00761	0.00891	0.00505	0.00537	0.00967	0.01108	0.05698	0.08510	0.57689	0.03110	0.01375	0.00627	0.00189	0.00328	0.01236	0.00486	0.13832
3	0.01120	0.00924	0.02513	0.05807	0.17005	0.00844	0.05680	0.01427	0.03456	0.07907	0.20865	0.02604	0.10880	0.00773	0.00561	0.00158	0.00460	0.02601	0.00427	0.13989
4	0.01240	0.02135	0.49341	0.01466	0.02130	0.01134	0.11791	0.01744	0.01206	0.09992	0.03666	0.01346	0.00927	0.00527	0.00523	0.00162	0.00714	0.00456	0.00302	0.09199
5	0.02507	0.01072	0.01384	0.12288	0.16665	0.05832	0.03143	0.02799	0.01184	0.01749	0.01091	0.01341	0.00880	0.00486	0.00454	0.00126	0.00520	0.00414	0.13632	0.32433
6	0.01343	0.04512	0.05680	0.01081	0.04269	0.06078	0.02782	0.10548	0.08114	0.05688	0.01497	0.04587	0.05588	0.00601	0.00481	0.00130	0.00504	0.00489	0.00385	0.35642
7	0.01308	0.10735	0.41827	0.01592	0.08683	0.04660	0.06400	0.06647	0.03302	0.04320	0.01031	0.01193	0.00771	0.00532	0.00543	0.00163	0.03311	0.00422	0.00281	0.02281
8	0.01307	0.07104	0.02091	0.05399	0.41239	0.04898	0.10080	0.01602	0.01191	0.01658	0.00967	0.01254	0.00806	0.00486	0.00559	0.00149	0.04069	0.00450	0.00270	0.14420
9	0.00989	0.00778	0.00868	0.00800	0.01015	0.00801	0.00613	0.01665	0.28609	0.04542	0.28554	0.03521	0.23071	0.01020	0.00599	0.00177	0.00327	0.00868	0.00553	0.00630
10	0.00868	0.00730	0.01012	0.22270	0.04138	0.00773	0.00819	0.01229	0.07344	0.01794	0.33733	0.03293	0.18022	0.00948	0.00597	0.00175	0.00409	0.00824	0.00462	0.00559
11	0.00781	0.00520	0.00585	0.00585	0.00585	0.00520	0.00325	0.00781	0.00781	0.01041	0.01691	0.03513	0.01952	0.81135	0.02732	0.00520	0.00520	0.00781	0.00325	0.00325
12	0.00765	0.00659	0.05256	0.00728	0.00834	0.00559	0.00550	0.00922	0.01096	0.01520	0.25935	0.17125	0.04385	0.27144	0.09830	0.00366	0.00510	0.00934	0.00433	0.00449
13	0.01088	0.05369	0.75865	0.01510	0.02292	0.01276	0.01948	0.01697	0.01132	0.01686	0.00956	0.01124	0.00680	0.00508	0.00505	0.00168	0.00786	0.00393	0.00227	0.00790
14	0.01371	0.62562	0.09501	0.00973	0.01417	0.04768	0.00975	0.01616	0.03620	0.01321	0.00888	0.01126	0.00814	0.06476	0.00549	0.00153	0.00600	0.00347	0.00249	0.00674
15	0.00689	0.00496	0.00661	0.00780	0.00834	0.00468	0.00557	0.00811	0.01071	0.01414	0.03040	0.64889	0.06494	0.01634	0.00693	0.00221	0.00341	0.13960	0.00498	0.00447
16	0.01648	0.01308	0.01390	0.01156	0.01515	0.01481	0.00925	0.35273	0.43887	0.02750	0.01788	0.01686	0.01317	0.00691	0.00542	0.00173	0.00498	0.00552	0.00542	0.00878
17	0.01489	0.01224	0.01495	0.01541	0.20022	0.05602	0.00995	0.18318	0.01530	0.06982	0.05398	0.01404	0.01102	0.00538	0.00489	0.00131	0.00528	0.00447	0.00389	0.30374
18	0.01450	0.08740	0.36482	0.01455	0.02060	0.01211	0.15870	0.01891	0.01264	0.19851	0.03719	0.01429	0.01003	0.00550	0.00531	0.00166	0.00699	0.00486	0.00351	0.00790
19	0.01173	0.18428	0.53725	0.01499	0.02194	0.01437	0.11044	0.01684	0.01142	0.01615	0.00935	0.01118	0.00699	0.00493	0.00492	0.00160	0.00763	0.00404	0.00233	0.00764
20	0.01247	0.01239	0.02249	0.20034	0.46483	0.01273	0.16359	0.01601	0.01198	0.01662	0.01013	0.01375	0.00813	0.00486	0.00553	0.00168	0.00708	0.00509	0.00261	0.00769
21	0.01945	0.01510	0.21258	0.01221	0.01743	0.01067	0.05561	0.12980	0.01560	0.43111	0.01639	0.01548	0.01071	0.00609	0.00537	0.00167	0.00589	0.00500	0.00510	0.00871
22	0.01466	0.01309	0.07696	0.08783	0.48867	0.01188	0.05793	0.01800	0.01260	0.14812	0.01196	0.01415	0.00907	0.00516	0.00538	0.00164	0.00640	0.00492	0.00329	0.00829
23	0.00673	0.00506	0.00605	0.00668	0.00751	0.00460	0.00462	0.00781	0.01088	0.01396	0.06397	0.42132	0.27383	0.10592	0.00902	0.00240	0.00326	0.03723	0.00482	0.00434
24	0.00914	0.00819	0.00956	0.00965	0.01014	0.07019	0.00722	0.01024	0.01019	0.01344	0.02149	0.42886	0.02486	0.07373	0.01083	0.00241	0.19283	0.07815	0.00405	0.00484
25	0.04592	0.02777	0.06597	0.14406	0.13210	0.08500	0.04891	0.09018	0.11628	0.08561	0.01222	0.01396	0.00928	0.00612	0.00657	0.00174	0.09245	0.00480	0.00358	0.00748
26	0.01389	0.11987	0.31813	0.01853	0.19945	0.05141	0.05715	0.10023	0.01344	0.04392	0.01023	0.01196	0.00777	0.00515	0.00504	0.00159	0.00710	0.00428	0.00291	0.00799
27	0.01432	0.01862	0.24202	0.04009	0.30672	0.13514	0.01516	0.04332	0.01319	0.07140	0.04178	0.01360	0.00980	0.00545	0.00523	0.00161	0.00707	0.00458	0.00306	0.00784
28	0.01574	0.01908	0.05838	0.01974	0.23252	0.36474	0.10044	0.01873	0.03956	0.01546	0.01240	0.01421	0.05374	0.00572	0.00528	0.00155	0.00798	0.00476	0.00293	0.00705
29	0.00768	0.00624	0.00659	0.00636	0.00825	0.00573	0.00487	0.03564	0.06920	0.01676	0.12729	0.04597	0.56374	0.01239	0.00619	0.00180	0.00299	0.03476	0.03247	0.00507
30	0.01033	0.01244	0.19421	0.07084	0.09400	0.00877	0.01095	0.01431	0.06056	0.06745	0.10847	0.08699	0.16807	0.00923	0.00586	0.00181	0.00505	0.06001	0.00415	0.00649
31	0.01007	0.00846	0.01150	0.17735	0.08615	0.00807	0.00812	0.01202	0.01010	0.01445	0.01192	0.01960	0.01149	0.25982	0.01178	0.00247	0.00526	0.00513	0.00299	0.32325
32	0.00792	0.01211	0.25218	0.00980	0.01272	0.00700	0.00970	0.01063	0.01090	0.01491	0.02600	0.44722	0.10890	0.01269	0.00626	0.00200	0.00465	0.03475	0.00412	0.00553
33	0.01168	0.16028	0.11636	0.00915	0.01431	0.01045	0.00866	0.01445	0.01112	0.01653	0.00917	0.01069	0.00760	0.00424	0.00403	0.00098	0.00482	0.00323	0.00290	0.57937
34	0.01225	0.01171	0.01671	0.01283	0.01643	0.08791	0.24435	0.05770	0.03239	0.01882	0.12168	0.01936	0.04639	0.00623	0.00533	0.00148	0.00581	0.00588	0.11985	0.15688
35	0.84927	0.01038	0.00789	0.00706	0.01038	0.01204	0.00581	0.01578	0.00914	0.02408	0.00747	0.00872	0.00581	0.00498	0.00332	0.00166	0.00415	0.00291	0.00332	0.00581
36	0.00638	0.00528	0.00560	0.00586	0.00736	0.00450	0.00427	0.00766	0.01183	0.01434	0.04924	0.20854	0.62213	0.01426	0.00645	0.00189	0.00280	0.01214	0.00498	0.00450
37	0.01010	0.00852	0.07496	0.00890	0.01116	0.00711	0.00777	0.01430	0.09798	0.08218	0.39175	0.03834	0.03547	0.01060	0.00630	0.00188	0.00391	0.17738	0.00538	0.00600
38	0.02005	0.02558	0.01521	0.01383	0.01659	0.78980	0.01037	0.02143	0.01521	0.01314	0.00830	0.00968	0.00691	0.00553	0.00484	0.00138	0.00968	0.00346	0.00277	0.00622
39	0.00654	0.00467	0.00623	0.00747	0.00779	0.00436	0.00498	0.00747	0.01028	0.01370	0.02959	0.80785	0.03550	0.01682	0.00685	0.00218	0.00311	0.01526	0.00498	0.00436
40	0.84927	0.01038	0.00789	0.00706	0.01038	0.01204	0.00581	0.01578	0.00914	0.02408	0.00747	0.00872	0.00581	0.00498	0.00332	0.00166	0.00415	0.00291	0.00332	0.00581
41	0.02005	0.02558	0.01521	0.01383	0.01659	0.78980	0.01037	0.02143	0.01521	0.01314	0.00830	0.00968	0.00691	0.00553	0.00484	0.00138	0.00968	0.00346	0.00277	0.00622
42	0.01335	0.01153	0.01214	0.01092	0.01396	0.01335	0.00850	0.02852	0.76817	0.02245	0.02185	0.02003	0.01639	0.00728	0.00546	0.00182	0.00425	0.00607	0.00546	0.00850
43	0.01001	0.00500	0.00500	0.00500	0.00625	0.00500	0.00375	0.01251	0.01126	0.02001	0.01751	0.02001	0.01376	0.00625	0.00375	0.00125	0.00250	0.00500	0.84115	0.00500
44	0.00767	0.00575	0.00863	0.00863	0.00959	0.00671	0.00671	0.00959	0.00863	0.01246	0.01438	0.02109	0.01342	0.04026	0.79008	0.00863	0.01438	0.00575	0.00288	0.00479
45	0.00733	0.00500	0.00600	0.00647	0.00659	0.00488	0.00391	0.00768	0.00874	0.01166	0.02172	0.32820	0.02558	0.51000	0.01956	0.00406	0.00441	0.01063	0.00391	0.00367
46	0.02102	0.02128	0.01459	0.01276	0.01591	0.57511	0.00978	0.05014	0.01562	0.19653	0.01153	0.01184	0.00851	0.00583	0.00499	0.00146	0.00832	0.00397	0.00378	0.00702
47	0.02198	0.01251	0.01455	0.01115	0.01539	0.01290	0.00921	0.44586	0.02101	0.35391	0.01644	0.01519	0.01091	0.00653	0.00538	0.00163	0.00533	0.00507	0.00592	0.00913
48	0.00732	0.00548	0.00679	0.00646	0.00785	0.00495	0.00484	0.00959	0.01453	0.01995	0.61383	0.04268	0.21283	0.01156	0.00633	0.00172	0.00257	0.01007	0.00570	0.00495
49	0.00679	0.00496	0.00613	0.00682	0.00743	0.00458	0.00458	0.00781	0.01072	0.01410	0.10220	0.49162	0.16364	0.13104	0.00969	0.00251	0.00329	0.01297	0.00482	0.00430
50	0.01254	0.01409	0.02952	0.02142	0.02608	0.01398	0.65263	0.01659	0.01204	0.01659	0.01032	0.01409	0.00799	0.00521	0.00793	0.00189	0.12129	0.00610	0.00266	0.00705
51	0.00813	0.00557	0.00691	0.00738	0.00785	0.00557	0.00530	0.00906	0.00953	0.01255	0.02128	0.04477	0.02383	0.50925	0.01977	0.00417	0.00511	0.28617	0.00389	0.00389
52	0.00654	0.00467	0.00623	0.00747	0.00779	0.00436	0.00498	0.00747	0.01028	0.01370	0.02959	0.80785	0.03550	0.01682	0.00685	0.00218	0.00311	0.01526	0.00498	0.00436
53	0.01064	0.00946	0.01364	0.30946	0.02207	0.01083	0.06304	0.01731	0.25037	0.01668	0.04142	0.10517	0.01579	0.08155	0.00768	0.00215	0.00560	0.00687	0.00386	0.00640
54	0.01544	0.01211	0.01344	0.01004	0.01455	0.01166	0.00818	0.35582	0.03714	0.02510	0.01139	0.01217	0.00871	0.00519	0.00465	0.00120	0.00487	0.00401	0.00424	0.44010
55	0.00954	0.00569	0.00684	0.00640	0.00760	0.00534	0.00451	0.01113	0.01208	0.09366	0.29379	0.03457	0.09405	0.26338	0.01253	0.00275	0.00359	0.00817	0.11954	0.00485
56	0.01404	0.20288	0.01743	0.09246	0.05158	0.10321	0.00986	0.06259	0.20174	0.01743	0.01208	0.01315	0.00966	0.00572	0.00529	0.00147	0.04580	0.00427	0.00348	0.12586
57	0.01375	0.38681	0.32893	0.01217	0.01797	0.06039	0.01360	0.08043	0.01255	0.01622	0.00884	0.01013	0.00705	0.00501	0.00435	0.00142	0.00685	0.00351	0.00257	0.00746
58	0.00689	0.00482	0.00613	0.00703	0.00725	0.00459	0.00451	0.00757	0.00960	0.01280	0.02610	0.59541	0.03111	0.23525	0.01248	0.00301	0.00369	0.01321	0.00451	0.00406
59	0.27664	0.00837	0.00878	0.00811	0.01008	0.00918	0.00613	0.08431	0.09703	0.04049	0.01372	0.12617	0.01282	0.01127	0.00969	0.25802	0.00435	0.00581	0.00379	0.00526
60	0.01488	0.15416	0.27144	0.03308	0.01916	0.10492	0.07701	0.05029	0.07413	0.11049	0.01168	0.01266	0.00863	0.00557	0.00534	0.00160	0.02971	0.00435	0.00330	0.00763
61	0.09905	0.03591	0.01065	0.00863	0.01080	0.00874	0.04795	0.11283	0.01235	0.12186	0.01972	0.10373	0.08093	0.26359	0.03772	0.00306	0.00521	0.00730	0.00426	0.00573
62	0.00669	0.00504	0.00619	0.00677	0.00768	0.00454	0.00475	0.00804	0.01176	0.01542	0.17861	0.45207	0.24332	0.01481	0.00661	0.00198	0.00289	0.01311	0.00516	0.00454
63	0.01339	0.07184	0.07133	0.23718	0.21960	0.01263	0.01290	0.13252	0.01368	0.04518	0.01144	0.01402	0.00879	0.00546	0.00500	0.00159	0.00605	0.00464	0.10546	0.00732
64	0.01657	0.01745	0.01535	0.01571	0.13660	0.34210	0.02753	0.16493	0.05414	0.01858	0.01333	0.12739	0.01226	0.00730	0.00538	0.00161	0.00717	0.00585	0.00372	0.00703
65	0.01044	0.07765	0.01081	0.00857	0.01039	0.00938	0.00677	0.14057	0.01309	0.01759	0.04669	0.19129	0.16777	0.02897	0.11914	0.00284	0.06968	0.00848	0.05424	0.00567
66	0.02723	0.01311	0.06874	0.04373	0.24223	0.11995	0.01158	0.04531	0.03718	0.01669	0.01882	0.09353	0.08805	0.00863	0.00616	0.00181	0.03261	0.11436	0.00360	0.00667
67	0.01384	0.01123	0.06048	0.20160	0.16074	0.01091	0.01151	0.11264	0.04963	0.12911	0.03283	0.05839	0.01264	0.07848	0.00738	0.00200	0.00579	0.00578	0.00390	0.03113
68	0.10235	0.04141	0.01699	0.05110	0.28682	0.12621	0.03604	0.11915	0.05028	0.01961	0.03198	0.05766	0.01096	0.00610	0.00511	0.00160	0.00623	0.00514	0.00346	0.02179
69	0.07614	0.16016	0.22031	0.01406	0.05627	0.06163	0.10093	0.10320	0.04942	0.03841	0.01110	0.03845	0.00889	0.00560	0.00489	0.00157	0.00664	0.00457	0.00320	0.03456

[dist]
# distance from previous block
# <min> <max>
1	14

[block]
# block no. 6 follows, 45 sequences, length 45
# corresponding to MSA columns:
# 217-261
name=unknown_G
#
# <colnr> <probs for GDERKNQSTAVLIFYWHMCP>
#	G	D	E	R	K	N	Q	S	T	A	V	L	I	F	Y	W	H	M	C	P
0	0.01588	0.04019	0.01882	0.06990	0.26145	0.08410	0.08171	0.19542	0.01587	0.08031	0.04798	0.01448	0.01070	0.00567	0.00533	0.00158	0.00644	0.00499	0.00378	0.03539
1	0.27840	0.01285	0.01377	0.01108	0.01490	0.01435	0.05729	0.33441	0.16541	0.02745	0.01282	0.01309	0.00945	0.00603	0.00481	0.00168	0.00524	0.00457	0.00457	0.00784
2	0.01812	0.20221	0.01666	0.01065	0.01435	0.24191	0.00878	0.03158	0.07416	0.21813	0.04154	0.01383	0.01110	0.00585	0.00471	0.00141	0.00622	0.00428	0.00408	0.07044
3	0.01400	0.09059	0.01716	0.06530	0.18153	0.05747	0.05930	0.11722	0.11568	0.05582	0.05816	0.07153	0.03192	0.00685	0.00535	0.00163	0.00568	0.00594	0.00397	0.03491
4	0.01148	0.24193	0.01783	0.08411	0.01553	0.01354	0.06475	0.06072	0.01166	0.01528	0.06072	0.02005	0.08349	0.01248	0.12638	0.00273	0.11496	0.03306	0.00320	0.00611
5	0.01024	0.00964	0.01430	0.27184	0.14145	0.03363	0.05770	0.04052	0.01210	0.01550	0.02358	0.07551	0.22029	0.00852	0.00616	0.00180	0.02933	0.01835	0.00349	0.00606
6	0.00692	0.00483	0.00612	0.00699	0.00721	0.00461	0.00447	0.00757	0.00954	0.01272	0.02581	0.57772	0.03074	0.25344	0.01295	0.00308	0.00374	0.01304	0.00447	0.00403
7	0.04351	0.00760	0.00933	0.00818	0.01030	0.00733	0.00605	0.05109	0.05980	0.29774	0.04398	0.15582	0.01972	0.24107	0.01194	0.00278	0.00447	0.00781	0.00511	0.00635
8	0.01219	0.30289	0.01868	0.06494	0.16032	0.08595	0.00986	0.01410	0.01150	0.01420	0.03377	0.21912	0.01581	0.00812	0.00502	0.00158	0.00555	0.00682	0.00321	0.00637
9	0.02011	0.01261	0.01414	0.01104	0.01500	0.01340	0.00906	0.46939	0.07708	0.22157	0.01597	0.01526	0.01103	0.00654	0.00528	0.00162	0.00522	0.00508	0.06180	0.00881
10	0.00699	0.00500	0.00654	0.00727	0.00768	0.00495	0.00489	0.00792	0.00954	0.01283	0.02515	0.48384	0.05382	0.18601	0.14776	0.00392	0.00550	0.01192	0.00426	0.00421
11	0.00967	0.00815	0.01229	0.09409	0.25831	0.00802	0.00954	0.01185	0.01196	0.04107	0.08061	0.20343	0.20912	0.01025	0.00600	0.00181	0.00447	0.00914	0.00410	0.00610
12	0.01350	0.36856	0.15019	0.01312	0.01748	0.01754	0.10937	0.07113	0.01176	0.01558	0.00859	0.01074	0.00723	0.00572	0.00692	0.00159	0.15733	0.00400	0.00258	0.00708
13	0.00784	0.00540	0.00673	0.00729	0.00770	0.00534	0.00511	0.00871	0.00954	0.01260	0.02237	0.17213	0.02549	0.44728	0.01812	0.00391	0.00478	0.22170	0.00403	0.00393
14	0.01300	0.01030	0.01412	0.11507	0.13973	0.01142	0.01078	0.21669	0.01471	0.03223	0.01484	0.02322	0.01344	0.03513	0.14726	0.00316	0.04551	0.12869	0.00385	0.00683
15	0.05557	0.08932	0.01925	0.07457	0.06048	0.16356	0.17554	0.07656	0.01324	0.04305	0.01363	0.03633	0.06561	0.00652	0.00648	0.00169	0.08324	0.00538	0.00323	0.00672
16	0.01383	0.01507	0.07803	0.04362	0.09188	0.06527	0.26069	0.09337	0.17834	0.01928	0.01277	0.01464	0.00977	0.00588	0.00666	0.00178	0.07254	0.00543	0.00350	0.00765
17	0.00797	0.00508	0.00672	0.00729	0.00759	0.00499	0.00502	0.00806	0.00908	0.01204	0.02059	0.25850	0.02347	0.24662	0.01644	0.21641	0.00442	0.13230	0.00380	0.00362
18	0.19133	0.26563	0.14216	0.01034	0.01512	0.06146	0.02725	0.06716	0.01192	0.01815	0.00865	0.00997	0.00700	0.00484	0.00406	0.00135	0.00580	0.00336	0.00290	0.14156
19	0.17582	0.01341	0.01694	0.01874	0.26078	0.09017	0.08079	0.11782	0.03346	0.02002	0.01086	0.03772	0.00925	0.03610	0.00661	0.00181	0.05422	0.00491	0.00332	0.00724
20	0.01753	0.01361	0.01449	0.01177	0.01555	0.01531	0.00951	0.46225	0.32763	0.02920	0.01653	0.01579	0.01208	0.00679	0.00541	0.00170	0.00523	0.00534	0.00541	0.00887
21	0.01296	0.00908	0.01042	0.00903	0.01159	0.00915	0.00699	0.25527	0.03556	0.07891	0.10343	0.24357	0.11048	0.01052	0.00590	0.00175	0.00412	0.00898	0.00521	0.06707
22	0.07390	0.12738	0.49079	0.01395	0.03203	0.01396	0.04145	0.06597	0.05957	0.01840	0.01022	0.01157	0.00757	0.00522	0.00484	0.00163	0.00702	0.00403	0.00277	0.00774
23	0.01490	0.01015	0.01374	0.23411	0.04554	0.00989	0.00989	0.09695	0.01355	0.19412	0.01260	0.01394	0.00910	0.00528	0.00489	0.00139	0.00530	0.00437	0.00397	0.29632
24	0.00905	0.00586	0.00800	0.00761	0.00878	0.00600	0.00568	0.01087	0.01127	0.07998	0.27168	0.02960	0.02697	0.15652	0.33231	0.00513	0.00803	0.00740	0.00428	0.00499
25	0.00947	0.00781	0.01175	0.00968	0.01195	0.00745	0.12610	0.08093	0.01541	0.02123	0.50474	0.03469	0.11725	0.00980	0.00624	0.00171	0.00391	0.00889	0.00525	0.00574
26	0.01113	0.00954	0.01113	0.00795	0.01272	0.00716	0.00636	0.01352	0.01113	0.01749	0.00954	0.01113	0.00795	0.00398	0.00398	0.00080	0.00398	0.00318	0.00318	0.84417
27	0.08612	0.00597	0.00706	0.00753	0.00850	0.00603	0.00534	0.01047	0.06727	0.01646	0.15276	0.43696	0.03218	0.08801	0.00827	0.00232	0.00348	0.04556	0.00486	0.00485
28	0.01125	0.03940	0.19289	0.04039	0.01531	0.02365	0.05706	0.01468	0.04487	0.10590	0.09234	0.25003	0.02111	0.02858	0.00680	0.00193	0.03489	0.00836	0.00414	0.00640
29	0.00873	0.00758	0.01346	0.01151	0.01337	0.00715	0.22302	0.01079	0.01088	0.01506	0.02209	0.44694	0.02436	0.07139	0.00794	0.00221	0.00493	0.01116	0.08227	0.00517
30	0.00702	0.00528	0.00653	0.00681	0.00794	0.00479	0.00500	0.00877	0.01280	0.01704	0.31933	0.26641	0.23958	0.01361	0.00655	0.00191	0.00290	0.05768	0.00533	0.00471
31	0.01279	0.14715	0.02319	0.02014	0.23823	0.01427	0.20384	0.01565	0.01134	0.01588	0.00929	0.01229	0.00784	0.00532	0.00706	0.00159	0.13402	0.00465	0.00263	0.11282
32	0.04671	0.00878	0.01051	0.00912	0.01168	0.00879	0.00705	0.18295	0.03353	0.24384	0.02192	0.25246	0.04410	0.05937	0.03150	0.00224	0.00470	0.00846	0.00534	0.00694
33	0.00710	0.00500	0.00597	0.00651	0.00684	0.00476	0.00409	0.00765	0.00937	0.01229	0.02658	0.36989	0.11136	0.37943	0.01615	0.00352	0.00402	0.01141	0.00419	0.00387
34	0.01014	0.00954	0.01610	0.79845	0.03697	0.01193	0.01491	0.01371	0.01073	0.01371	0.00954	0.01431	0.00716	0.00537	0.00537	0.00179	0.00716	0.00477	0.00239	0.00596
35	0.01215	0.19126	0.25512	0.19848	0.19550	0.02879	0.01544	0.01600	0.01138	0.01534	0.00922	0.01184	0.00729	0.00499	0.00485	0.00157	0.00696	0.00409	0.00240	0.00735
36	0.01247	0.00789	0.01243	0.01003	0.01274	0.00713	0.13207	0.01505	0.01435	0.21248	0.36068	0.06017	0.10099	0.00926	0.00612	0.00173	0.00418	0.00841	0.00544	0.00639
37	0.01133	0.01120	0.00904	0.00864	0.00960	0.23278	0.00590	0.01206	0.01009	0.01155	0.01399	0.02537	0.01483	0.44688	0.15039	0.00468	0.00806	0.00620	0.00305	0.00437
38	0.01117	0.00966	0.01164	0.00832	0.01310	0.00732	0.02510	0.01361	0.01117	0.01748	0.00957	0.01121	0.00796	0.00399	0.00403	0.00082	0.00410	0.00326	0.00317	0.82331
39	0.01107	0.01117	0.02142	0.02115	0.23891	0.01067	0.32561	0.01418	0.01191	0.01631	0.01691	0.21824	0.04139	0.00805	0.00617	0.00184	0.00654	0.00834	0.00336	0.00678
40	0.00779	0.00526	0.00611	0.00611	0.00620	0.00534	0.00358	0.00797	0.00788	0.01060	0.01668	0.03382	0.01895	0.73936	0.09854	0.00552	0.00606	0.00761	0.00322	0.00340
41	0.01739	0.01261	0.01535	0.06125	0.19204	0.06108	0.01073	0.28462	0.01738	0.14559	0.01368	0.01464	0.00999	0.00595	0.00512	0.00156	0.00567	0.00484	0.11239	0.00809
42	0.04413	0.01081	0.01458	0.43870	0.02663	0.01291	0.01207	0.10381	0.24283	0.01907	0.01359	0.01568	0.01014	0.00606	0.00532	0.00177	0.00601	0.00510	0.00370	0.00709
43	0.01108	0.00984	0.01440	0.14880	0.26199	0.01050	0.01111	0.01674	0.18003	0.01885	0.20412	0.02317	0.05199	0.00733	0.00565	0.00171	0.00493	0.00656	0.00413	0.00706
44	0.01811	0.24854	0.01837	0.01133	0.01509	0.23994	0.00945	0.14521	0.11190	0.11427	0.01218	0.01231	0.00929	0.00578	0.00467	0.00144	0.00657	0.00410	0.00390	0.00756

[dist]
# distance from previous block
# <min> <max>
2	29

[block]
# block no. 7 follows, 45 sequences, length 26
# corresponding to MSA columns:
# 291-316
name=unknown_H
#
# <colnr> <probs for GDERKNQSTAVLIFYWHMCP>
#	G	D	E	R	K	N	Q	S	T	A	V	L	I	F	Y	W	H	M	C	P
0	0.16973	0.01015	0.01024	0.00939	0.01196	0.01159	0.00716	0.02239	0.48909	0.02081	0.01906	0.06989	0.01598	0.10026	0.00767	0.00220	0.00427	0.00626	0.00477	0.00712
1	0.44171	0.01180	0.05197	0.01558	0.24143	0.01170	0.01001	0.01749	0.01104	0.12700	0.01027	0.01155	0.00771	0.00516	0.00430	0.00164	0.00507	0.00387	0.00353	0.00719
2	0.12530	0.00915	0.01490	0.01219	0.01502	0.00901	0.23150	0.01363	0.04234	0.01896	0.21443	0.07615	0.06123	0.00915	0.00609	0.00188	0.00520	0.12367	0.00433	0.00587
3	0.00820	0.00627	0.00870	0.00830	0.00943	0.00688	0.00628	0.00980	0.00872	0.01262	0.01405	0.02216	0.01368	0.16859	0.55013	0.00701	0.04283	0.00581	0.00295	0.08760
4	0.01376	0.00839	0.01363	0.01172	0.01450	0.00780	0.14230	0.01634	0.01323	0.24561	0.05257	0.10789	0.02274	0.01056	0.00652	0.00205	0.00530	0.29341	0.00509	0.00656
5	0.01267	0.01448	0.03167	0.02262	0.02805	0.01357	0.75837	0.01719	0.01267	0.01719	0.01086	0.01448	0.00814	0.00452	0.00633	0.00181	0.00905	0.00633	0.00271	0.00724
6	0.01267	0.01448	0.03167	0.02262	0.02805	0.01357	0.75837	0.01719	0.01267	0.01719	0.01086	0.01448	0.00814	0.00452	0.00633	0.00181	0.00905	0.00633	0.00271	0.00724
7	0.01435	0.81458	0.02813	0.00918	0.01378	0.02124	0.00918	0.01607	0.01091	0.01263	0.00746	0.00861	0.00689	0.00459	0.00344	0.00115	0.00574	0.00287	0.00230	0.00689
8	0.02408	0.00914	0.01246	0.00955	0.01370	0.00789	0.00789	0.02616	0.01536	0.78158	0.02118	0.01827	0.01329	0.00664	0.00540	0.00166	0.00457	0.00540	0.00664	0.00914
9	0.01077	0.02777	0.78354	0.01530	0.02323	0.01247	0.01983	0.01700	0.01133	0.01700	0.00963	0.01133	0.00680	0.00510	0.00510	0.00170	0.00793	0.00397	0.00227	0.00793
10	0.01077	0.02777	0.78354	0.01530	0.02323	0.01247	0.01983	0.01700	0.01133	0.01700	0.00963	0.01133	0.00680	0.00510	0.00510	0.00170	0.00793	0.00397	0.00227	0.00793
11	0.00957	0.00509	0.00539	0.00532	0.00657	0.00501	0.00399	0.01208	0.01196	0.02028	0.15327	0.02361	0.02037	0.00710	0.00421	0.00133	0.00251	0.00585	0.69147	0.00501
12	0.00733	0.00515	0.00690	0.00806	0.00867	0.00495	0.00598	0.00875	0.01086	0.01453	0.02841	0.53170	0.03285	0.04107	0.00756	0.00233	0.00371	0.23231	0.03435	0.00452
13	0.18767	0.01820	0.01368	0.01179	0.01507	0.34939	0.00931	0.25195	0.01699	0.02201	0.01059	0.01307	0.00860	0.00618	0.00483	0.00157	0.00713	0.04117	0.00381	0.00699
14	0.01534	0.00741	0.00855	0.00725	0.00967	0.00722	0.00572	0.10269	0.01397	0.24939	0.01805	0.01926	0.01331	0.03806	0.00536	0.00157	0.00362	0.00521	0.46172	0.00665
15	0.00656	0.00505	0.00602	0.00675	0.00772	0.00451	0.00478	0.00773	0.01117	0.01413	0.03961	0.46674	0.33624	0.01542	0.00667	0.00204	0.00304	0.04638	0.00498	0.00446
16	0.00733	0.00538	0.00694	0.00791	0.00864	0.00520	0.00574	0.00931	0.04924	0.01477	0.05038	0.54057	0.08090	0.03546	0.00735	0.00225	0.00352	0.14943	0.00498	0.00468
17	0.09394	0.01384	0.01298	0.01118	0.01452	0.11029	0.00882	0.18160	0.42253	0.04768	0.01690	0.01612	0.01259	0.00665	0.00516	0.00170	0.00528	0.00517	0.00494	0.00812
18	0.01387	0.00913	0.01020	0.00888	0.01116	0.04183	0.00691	0.19591	0.01608	0.13178	0.19092	0.16315	0.02441	0.00937	0.00589	0.00169	0.02237	0.00785	0.12202	0.00658
19	0.00678	0.00493	0.00612	0.00686	0.00742	0.00457	0.00458	0.00776	0.01056	0.01389	0.08645	0.51500	0.14830	0.13884	0.00990	0.00256	0.00333	0.01309	0.00478	0.00427
20	0.12666	0.01971	0.01444	0.06795	0.05183	0.47655	0.01014	0.06981	0.01466	0.08614	0.00984	0.01104	0.00759	0.00558	0.00479	0.00150	0.00792	0.00381	0.00333	0.00672
21	0.11791	0.21383	0.31323	0.01283	0.03890	0.11859	0.01331	0.08287	0.01273	0.01781	0.00896	0.01032	0.00697	0.00513	0.00447	0.00151	0.00694	0.00360	0.00276	0.00731
22	0.01214	0.01402	0.16395	0.01316	0.01667	0.02475	0.12688	0.16363	0.01391	0.01920	0.01675	0.18021	0.03629	0.00896	0.00722	0.00189	0.09584	0.04451	0.03328	0.00672
23	0.04487	0.00916	0.01002	0.00945	0.01148	0.02584	0.00709	0.15231	0.21356	0.03939	0.02294	0.38552	0.02328	0.01143	0.00599	0.00193	0.00414	0.00993	0.00511	0.00655
24	0.01292	0.35192	0.23803	0.01101	0.01641	0.05081	0.01169	0.01689	0.05957	0.01544	0.00943	0.01064	0.00767	0.00484	0.00421	0.00129	0.00612	0.00347	0.00268	0.16497
25	0.11075	0.06170	0.06789	0.03052	0.05222	0.09325	0.00881	0.17284	0.01483	0.05122	0.06585	0.01786	0.06610	0.02344	0.00528	0.00160	0.00527	0.00512	0.11239	0.03306

[dist]
# distance from previous block
# <min> <max>
0	20

[block]
# block no. 8 follows, 45 sequences, length 23
# corresponding to MSA columns:
# 351-373
name=unknown_I
#
# <colnr> <probs for GDERKNQSTAVLIFYWHMCP>
#	G	D	E	R	K	N	Q	S	T	A	V	L	I	F	Y	W	H	M	C	P
0	0.01506	0.01523	0.01956	0.02392	0.41330	0.16787	0.07672	0.11311	0.01441	0.01849	0.01144	0.06467	0.01001	0.00591	0.00541	0.00161	0.00699	0.00534	0.00319	0.00775
1	0.00917	0.00676	0.00746	0.00697	0.00888	0.00636	0.00511	0.01252	0.12537	0.06616	0.06416	0.09644	0.35654	0.14036	0.00942	0.00231	0.00357	0.00930	0.00481	0.05833
2	0.01090	0.00792	0.00885	0.00801	0.01013	0.00797	0.00609	0.13463	0.11429	0.06402	0.13751	0.13431	0.25813	0.06350	0.00745	0.00202	0.00374	0.00928	0.00522	0.00604
3	0.08487	0.60573	0.08696	0.01147	0.06475	0.01896	0.03328	0.01618	0.01093	0.01442	0.00792	0.00933	0.00693	0.00468	0.00378	0.00129	0.00593	0.00319	0.00242	0.00700
4	0.01497	0.16795	0.07984	0.01753	0.25409	0.06724	0.01181	0.04462	0.02481	0.13970	0.01398	0.08943	0.01219	0.00671	0.00514	0.00160	0.00591	0.03122	0.00365	0.00760
5	0.00736	0.00559	0.00693	0.00760	0.00847	0.00548	0.00533	0.01000	0.09079	0.01522	0.08329	0.55055	0.11870	0.01602	0.03977	0.00234	0.00362	0.01305	0.00501	0.00488
6	0.00781	0.00520	0.00585	0.00585	0.00585	0.00520	0.00325	0.00781	0.00781	0.01041	0.01691	0.03513	0.01952	0.81135	0.02732	0.00520	0.00520	0.00781	0.00325	0.00325
7	0.37830	0.01256	0.06080	0.12832	0.01719	0.01303	0.00945	0.22406	0.01447	0.08013	0.01043	0.01159	0.00755	0.00558	0.00447	0.00167	0.00536	0.00397	0.00393	0.00714
8	0.00776	0.00531	0.00639	0.00634	0.00663	0.00539	0.00394	0.00834	0.00887	0.01212	0.11465	0.03392	0.02274	0.60594	0.12538	0.00520	0.00607	0.00778	0.00355	0.00369
9	0.01442	0.14255	0.03572	0.08458	0.17544	0.01491	0.15038	0.17589	0.09339	0.02029	0.01209	0.01475	0.00961	0.00566	0.00529	0.00163	0.00650	0.02557	0.00351	0.00781
10	0.00798	0.00619	0.00746	0.00775	0.00917	0.00602	0.00599	0.01139	0.10281	0.01706	0.18628	0.19824	0.22616	0.01322	0.00657	0.00201	0.00343	0.17188	0.00522	0.00517
11	0.01022	0.01079	0.11124	0.04616	0.07873	0.00879	0.04615	0.11040	0.01422	0.01923	0.18750	0.11730	0.16970	0.00984	0.00602	0.00179	0.00472	0.03652	0.00446	0.00622
12	0.06221	0.01076	0.01169	0.00992	0.01286	0.01176	0.00794	0.28489	0.20918	0.02592	0.21540	0.02454	0.04521	0.00829	0.00563	0.00173	0.00437	0.03488	0.00539	0.00742
13	0.01405	0.01325	0.01679	0.07186	0.33240	0.08657	0.01239	0.07731	0.24471	0.01979	0.04609	0.01618	0.01251	0.00605	0.00537	0.00166	0.00589	0.00526	0.00385	0.00802
14	0.01052	0.00830	0.00908	0.00839	0.01045	0.00870	0.00639	0.11644	0.21101	0.01921	0.07929	0.09542	0.22686	0.10948	0.00867	0.00227	0.00402	0.05439	0.00501	0.00609
15	0.01264	0.01287	0.07093	0.22614	0.33659	0.03938	0.03923	0.06288	0.04004	0.01735	0.01082	0.01400	0.00858	0.00578	0.00587	0.03408	0.00653	0.00479	0.04419	0.00731
16	0.01157	0.01070	0.01191	0.29356	0.02025	0.12604	0.00931	0.01405	0.01136	0.01534	0.01176	0.03028	0.00996	0.06561	0.00636	0.00168	0.00578	0.00470	0.15876	0.18100
17	0.01039	0.01114	0.09688	0.01204	0.11279	0.05986	0.00889	0.01471	0.11962	0.03815	0.17729	0.09171	0.20576	0.00960	0.00586	0.00174	0.00451	0.00821	0.00452	0.00633
