[name]
unknown

[dist]
# distance from previous block
# <min> <max>
0	11

[block]
# block no. 0 follows, 43 sequences, length 51
# corresponding to MSA columns:
# 121-171
name=unknown_A
#
# <colnr> <probs for GDERKNQSTAVLIFYWHMCP>
#	G	D	E	R	K	N	Q	S	T	A	V	L	I	F	Y	W	H	M	C	P
0	0.00756	0.00560	0.00677	0.00702	0.00834	0.00508	0.00537	0.00894	0.01247	0.01596	0.17926	0.10979	0.36091	0.01458	0.00843	0.09380	0.00342	0.13707	0.00502	0.00459
1	0.00711	0.00563	0.00639	0.00620	0.00783	0.00492	0.00465	0.00904	0.01395	0.01812	0.36609	0.04810	0.45661	0.01285	0.00654	0.00181	0.00272	0.01096	0.00556	0.00492
2	0.00703	0.00542	0.00642	0.00661	0.00789	0.00481	0.00479	0.00872	0.01311	0.01716	0.28618	0.24359	0.34037	0.01399	0.00668	0.00193	0.00285	0.01218	0.00546	0.00481
3	0.01046	0.00984	0.01661	0.79205	0.03814	0.01230	0.01538	0.01415	0.01107	0.01415	0.00984	0.01477	0.00738	0.00554	0.00554	0.00185	0.00738	0.00492	0.00246	0.00615
4	0.00708	0.00513	0.00668	0.00735	0.00807	0.00474	0.00511	0.00858	0.01230	0.01670	0.26154	0.52024	0.08537	0.01528	0.00687	0.00207	0.00300	0.01372	0.00544	0.00474
5	0.00993	0.00887	0.01417	0.48716	0.10458	0.01030	0.01224	0.01266	0.01077	0.01402	0.01499	0.07295	0.05131	0.14238	0.00953	0.00245	0.00644	0.00653	0.00296	0.00576
6	0.01577	0.01026	0.01108	0.00920	0.01212	0.01100	0.00736	0.30482	0.09881	0.07837	0.05273	0.01864	0.01440	0.00690	0.00496	0.00155	0.00430	0.00547	0.32474	0.00751
7	0.09202	0.10499	0.13178	0.07096	0.16078	0.03994	0.03091	0.12271	0.04949	0.05044	0.03782	0.01372	0.01007	0.00566	0.00503	0.00160	0.00624	0.00457	0.00354	0.05771
8	0.01097	0.01124	0.11406	0.00957	0.01297	0.00897	0.03866	0.09529	0.11529	0.05549	0.08799	0.03479	0.36203	0.01023	0.00609	0.00182	0.00446	0.00857	0.00493	0.00660
9	0.84448	0.01071	0.00814	0.00728	0.01071	0.01242	0.00600	0.01628	0.00943	0.02485	0.00771	0.00900	0.00600	0.00514	0.00343	0.00171	0.00428	0.00300	0.00343	0.00600
10	0.00842	0.00746	0.00972	0.09448	0.01275	0.00835	0.00763	0.01005	0.01130	0.01465	0.05246	0.15444	0.34450	0.01263	0.00919	0.00208	0.18149	0.04899	0.00426	0.00516
11	0.01592	0.01181	0.01346	0.01107	0.01423	0.01310	0.00898	0.46700	0.01968	0.02656	0.01636	0.01844	0.05636	0.01840	0.25781	0.00402	0.00873	0.00570	0.00468	0.00768
12	0.01046	0.00984	0.01661	0.79205	0.03814	0.01230	0.01538	0.01415	0.01107	0.01415	0.00984	0.01477	0.00738	0.00554	0.00554	0.00185	0.00738	0.00492	0.00246	0.00615
13	0.00696	0.00548	0.00629	0.00640	0.00782	0.00480	0.00468	0.00863	0.01313	0.01691	0.25800	0.19130	0.42218	0.01387	0.00664	0.00190	0.00283	0.01197	0.00542	0.00480
14	0.01360	0.01903	0.36374	0.01267	0.01815	0.01226	0.01371	0.10947	0.17987	0.07316	0.01657	0.01686	0.04208	0.00650	0.00533	0.00173	0.00614	0.00519	0.07579	0.00814
15	0.00767	0.00587	0.00673	0.00680	0.00812	0.00539	0.00488	0.04391	0.01296	0.01678	0.18388	0.24215	0.34057	0.07858	0.00840	0.00222	0.00324	0.01180	0.00520	0.00486
16	0.03728	0.13813	0.13971	0.01236	0.04152	0.05851	0.03020	0.18234	0.05069	0.02114	0.01083	0.01197	0.00843	0.00528	0.00474	0.00138	0.00606	0.00404	0.00356	0.23182
17	0.01573	0.04157	0.07483	0.05077	0.20785	0.06973	0.01201	0.14612	0.05990	0.08635	0.01223	0.01351	0.00932	0.00549	0.00512	0.00149	0.00610	0.00452	0.00382	0.17355
18	0.14483	0.27181	0.01950	0.01158	0.01547	0.19024	0.06003	0.09779	0.08468	0.01881	0.01042	0.01147	0.00840	0.00553	0.00448	0.00149	0.00661	0.00394	0.02578	0.00716
19	0.01806	0.01185	0.01615	0.03880	0.22626	0.01210	0.02395	0.21821	0.04766	0.21580	0.01544	0.01600	0.01109	0.00617	0.00537	0.00165	0.00551	0.00522	0.09607	0.00862
20	0.01560	0.01375	0.01706	0.07011	0.14392	0.06208	0.06630	0.22047	0.23796	0.02350	0.01583	0.01851	0.01252	0.00686	0.00572	0.00179	0.00618	0.04905	0.00449	0.00830
21	0.00694	0.00496	0.00651	0.00750	0.00796	0.00463	0.00505	0.00807	0.01115	0.01499	0.12179	0.65756	0.05094	0.05406	0.00800	0.00233	0.00323	0.01460	0.00517	0.00454
22	0.19293	0.01017	0.02949	0.00908	0.01226	0.01013	0.00741	0.14200	0.07710	0.17567	0.06107	0.11250	0.12010	0.00890	0.00546	0.00180	0.00437	0.00719	0.00521	0.00716
23	0.01335	0.50790	0.11138	0.01173	0.01646	0.01761	0.10016	0.01612	0.01177	0.01490	0.02796	0.01574	0.01068	0.00592	0.00454	0.00147	0.00633	0.06722	0.03177	0.00699
24	0.00690	0.00493	0.00656	0.00761	0.00807	0.00460	0.00515	0.00808	0.01129	0.01523	0.13067	0.69847	0.03875	0.01653	0.00700	0.00218	0.00313	0.01497	0.00527	0.00460
25	0.01261	0.01190	0.02004	0.02785	0.55538	0.01234	0.04053	0.01560	0.01190	0.01703	0.01186	0.01749	0.01062	0.01016	0.09715	0.00261	0.06543	0.04877	0.00289	0.00786
26	0.01855	0.01751	0.09343	0.01728	0.17798	0.20069	0.01235	0.14264	0.07617	0.16844	0.01361	0.01410	0.00992	0.00602	0.00538	0.00164	0.00695	0.00476	0.00423	0.00837
27	0.01241	0.01676	0.22193	0.16276	0.40775	0.01297	0.05264	0.01667	0.01212	0.01723	0.01023	0.01342	0.00804	0.00512	0.00548	0.00172	0.00728	0.00479	0.00259	0.00809
28	0.00678	0.00558	0.00597	0.00595	0.00765	0.00476	0.00443	0.00838	0.01307	0.01620	0.18081	0.08682	0.60700	0.01371	0.00657	0.00187	0.00279	0.01159	0.00531	0.00476
29	0.01767	0.01583	0.17686	0.08670	0.07689	0.06929	0.03108	0.10570	0.01499	0.27457	0.01504	0.04522	0.01092	0.00656	0.00586	0.00174	0.02705	0.00533	0.00444	0.00826
30	0.01342	0.02384	0.47841	0.04248	0.07784	0.08972	0.09859	0.04250	0.01296	0.05346	0.01065	0.01252	0.00772	0.00535	0.00542	0.00172	0.00812	0.00450	0.00279	0.00801
31	0.01093	0.00978	0.01550	0.27870	0.02272	0.01097	0.11107	0.09351	0.01278	0.01701	0.03078	0.22292	0.05024	0.00949	0.00726	0.00198	0.07609	0.00837	0.00373	0.00617
32	0.00711	0.00547	0.00656	0.00733	0.00826	0.00510	0.00510	0.00908	0.05614	0.01491	0.03725	0.54423	0.24150	0.01583	0.00684	0.00212	0.00317	0.01403	0.00517	0.00480
33	0.06490	0.01672	0.05131	0.09363	0.19928	0.19576	0.13779	0.06261	0.01349	0.01761	0.00988	0.01270	0.00793	0.00570	0.00651	0.00172	0.07656	0.00473	0.01387	0.00731
34	0.00763	0.00560	0.00699	0.00672	0.00796	0.00513	0.00492	0.00979	0.01442	0.01991	0.57508	0.06986	0.15426	0.07746	0.00834	0.00208	0.00289	0.01030	0.00570	0.00496
35	0.01356	0.04353	0.01337	0.01005	0.04508	0.00964	0.00774	0.10287	0.03962	0.05613	0.01121	0.01236	0.00889	0.00471	0.00443	0.00105	0.00455	0.00375	0.00374	0.60372
36	0.01167	0.09496	0.21523	0.06550	0.01770	0.07012	0.06111	0.06470	0.02345	0.01813	0.14747	0.07967	0.09127	0.00814	0.00568	0.00173	0.00607	0.00688	0.00381	0.00672
37	0.18407	0.16625	0.35618	0.01233	0.01798	0.07295	0.01371	0.01756	0.01148	0.04881	0.00951	0.01104	0.00728	0.00620	0.02330	0.00180	0.02569	0.00374	0.00281	0.00733
38	0.01465	0.05073	0.03356	0.02310	0.37520	0.01315	0.09414	0.07511	0.11342	0.07628	0.06372	0.01670	0.01303	0.00595	0.00560	0.00169	0.00615	0.00557	0.00385	0.00840
39	0.01202	0.01213	0.04709	0.01760	0.04984	0.01114	0.40072	0.01650	0.07676	0.05315	0.01721	0.19308	0.01618	0.04101	0.00735	0.00208	0.00701	0.00846	0.00377	0.00691
40	0.00986	0.03338	0.22828	0.02266	0.02865	0.00912	0.08412	0.04308	0.01236	0.01737	0.07574	0.29149	0.05080	0.01031	0.00605	0.00189	0.00543	0.00922	0.05386	0.00630
41	0.00867	0.00729	0.01039	0.01379	0.19343	0.00700	0.00796	0.01086	0.04050	0.01562	0.03072	0.42241	0.18338	0.01325	0.00652	0.00201	0.00399	0.01190	0.00458	0.00574
42	0.01002	0.00711	0.00847	0.00802	0.00902	0.00754	0.00557	0.13462	0.01169	0.01581	0.01835	0.15387	0.01975	0.38969	0.17133	0.00494	0.00703	0.00836	0.00394	0.00489
43	0.00754	0.00573	0.00778	0.04021	0.00983	0.00590	0.00612	0.00899	0.01101	0.01489	0.11537	0.44584	0.07616	0.05104	0.10239	0.00310	0.04264	0.03602	0.00468	0.00476
44	0.01192	0.29694	0.01802	0.00990	0.01291	0.01258	0.08748	0.01431	0.04272	0.06038	0.07370	0.14813	0.08378	0.09466	0.00779	0.00204	0.00515	0.00753	0.00389	0.00618
45	0.10479	0.09709	0.28089	0.01362	0.01933	0.01370	0.11329	0.12842	0.02490	0.06020	0.01122	0.01259	0.00827	0.00541	0.00501	0.00162	0.00671	0.00442	0.03078	0.05772
46	0.08654	0.10900	0.11480	0.09176	0.06843	0.05539	0.01156	0.14173	0.01394	0.08646	0.01166	0.01385	0.00910	0.01100	0.11765	0.00270	0.03894	0.00455	0.00354	0.00738
47	0.10619	0.06093	0.01461	0.01192	0.05030	0.09708	0.00918	0.14451	0.07850	0.03937	0.01140	0.01303	0.00917	0.00834	0.05702	0.00201	0.09438	0.00430	0.00374	0.18401
48	0.01688	0.04927	0.02833	0.09411	0.08595	0.36253	0.05544	0.05464	0.05909	0.04254	0.01098	0.01301	0.00876	0.00735	0.03784	0.00190	0.03593	0.00447	0.02398	0.00700
49	0.01188	0.04155	0.18097	0.01382	0.03487	0.01135	0.15881	0.11332	0.05450	0.02046	0.15363	0.06928	0.08443	0.00814	0.00600	0.00180	0.00601	0.01791	0.00417	0.00711
50	0.01050	0.01190	0.16758	0.11631	0.01696	0.00851	0.01042	0.01336	0.01153	0.07206	0.02016	0.25334	0.06296	0.00980	0.00627	0.00181	0.03274	0.02780	0.00393	0.14204

[dist]
# distance from previous block
# <min> <max>
2	16

[block]
# block no. 1 follows, 43 sequences, length 23
# corresponding to MSA columns:
# 189-211
name=unknown_B
#
# <colnr> <probs for GDERKNQSTAVLIFYWHMCP>
#	G	D	E	R	K	N	Q	S	T	A	V	L	I	F	Y	W	H	M	C	P
0	0.01585	0.40596	0.02131	0.01064	0.01471	0.16964	0.00929	0.08669	0.07177	0.01685	0.04375	0.01213	0.01021	0.00556	0.00437	0.00132	0.00630	0.00387	0.00327	0.08651
1	0.08300	0.07628	0.14179	0.05238	0.01579	0.04670	0.01053	0.13089	0.01308	0.03853	0.04270	0.01550	0.01093	0.04297	0.08838	0.07381	0.06849	0.00480	0.00340	0.04006
2	0.01198	0.04309	0.07828	0.07996	0.04352	0.00858	0.00870	0.06169	0.01427	0.12850	0.22560	0.11091	0.12149	0.00966	0.00595	0.00177	0.00444	0.00827	0.02680	0.00652
3	0.01435	0.01151	0.01349	0.06941	0.08295	0.03323	0.00954	0.16533	0.25151	0.06049	0.04211	0.11313	0.03478	0.00811	0.00569	0.00176	0.00505	0.00687	0.00489	0.06578
4	0.00704	0.00508	0.00670	0.00768	0.00827	0.00473	0.00536	0.00837	0.01157	0.01552	0.14076	0.61192	0.06768	0.01619	0.00701	0.00218	0.00323	0.06078	0.00528	0.00465
5	0.01643	0.11784	0.12289	0.06826	0.05031	0.04331	0.05060	0.11377	0.09083	0.18368	0.01548	0.04778	0.02293	0.00667	0.00565	0.00170	0.02409	0.00542	0.00430	0.00805
6	0.04672	0.07246	0.25437	0.05686	0.11572	0.03526	0.19445	0.07819	0.03299	0.01892	0.01125	0.01454	0.00881	0.00556	0.00553	0.00174	0.00759	0.02824	0.00301	0.00779
7	0.01248	0.00707	0.00910	0.00822	0.00991	0.00731	0.00637	0.01427	0.01175	0.18953	0.05395	0.07852	0.10543	0.07706	0.13593	0.00323	0.08987	0.00726	0.16680	0.00596
8	0.43899	0.04338	0.01318	0.01316	0.13234	0.13671	0.00900	0.04780	0.01228	0.09337	0.00984	0.01101	0.00753	0.00541	0.00430	0.00163	0.00574	0.00372	0.00360	0.00701
9	0.00698	0.00542	0.00639	0.00688	0.00811	0.00483	0.00505	0.00848	0.01234	0.01574	0.13512	0.30386	0.36969	0.01491	0.00681	0.00204	0.00311	0.07426	0.00526	0.00472
10	0.03465	0.01326	0.09140	0.01456	0.05596	0.02267	0.18603	0.09532	0.08490	0.05140	0.12612	0.02085	0.06571	0.00699	0.00608	0.00170	0.02522	0.00635	0.00417	0.08666
11	0.01652	0.05181	0.01664	0.01382	0.01577	0.31557	0.01107	0.08687	0.06612	0.01611	0.00943	0.01186	0.00809	0.00749	0.01036	0.00187	0.32638	0.00438	0.00311	0.00675
12	0.84448	0.01071	0.00814	0.00728	0.01071	0.01242	0.00600	0.01628	0.00943	0.02485	0.00771	0.00900	0.00600	0.00514	0.00343	0.00171	0.00428	0.00300	0.00343	0.00600
13	0.01888	0.01274	0.01397	0.01121	0.01501	0.01385	0.00910	0.40632	0.18915	0.14045	0.01714	0.01653	0.01223	0.00685	0.00540	0.00168	0.00515	0.00538	0.09012	0.00884
14	0.00985	0.00825	0.04895	0.00856	0.01067	0.00732	0.00721	0.11455	0.01434	0.01922	0.08705	0.14848	0.22761	0.01238	0.00641	0.00198	0.00410	0.17538	0.08203	0.00569
15	0.00692	0.00516	0.00644	0.00710	0.00796	0.00468	0.00495	0.00831	0.01207	0.01594	0.18425	0.48357	0.20161	0.01541	0.00685	0.00206	0.00300	0.01370	0.00533	0.00468
16	0.01012	0.01085	0.07841	0.12934	0.01733	0.04399	0.10913	0.01264	0.02192	0.01422	0.04109	0.06760	0.04454	0.22777	0.09162	0.00355	0.06012	0.00702	0.00323	0.00548
17	0.00703	0.00507	0.00667	0.00758	0.00818	0.00471	0.00526	0.00838	0.01173	0.01580	0.17207	0.60083	0.06757	0.01600	0.00697	0.00215	0.00315	0.04086	0.00532	0.00467
18	0.01212	0.12180	0.04884	0.07220	0.33838	0.04699	0.01251	0.01473	0.01221	0.01594	0.02024	0.02189	0.18293	0.00734	0.00611	0.00168	0.04765	0.00612	0.00320	0.00715
19	0.05515	0.01447	0.01543	0.01252	0.01634	0.07079	0.05755	0.35454	0.25918	0.02717	0.01733	0.01701	0.04326	0.00697	0.00554	0.00174	0.00582	0.00558	0.00508	0.00851
20	0.04154	0.25079	0.23560	0.01364	0.08762	0.04458	0.01267	0.04473	0.05243	0.04844	0.08126	0.03878	0.01316	0.00626	0.00492	0.00158	0.00622	0.00490	0.00335	0.00752
21	0.08934	0.04100	0.01136	0.00895	0.01172	0.00881	0.06035	0.09845	0.01476	0.09791	0.20875	0.03212	0.23858	0.01113	0.04066	0.00207	0.00461	0.00808	0.00506	0.00628
22	0.10866	0.07087	0.01786	0.01904	0.28593	0.01438	0.01180	0.21353	0.09557	0.05426	0.01241	0.01357	0.00956	0.00571	0.00509	0.00161	0.00573	0.00468	0.00403	0.04569

[dist]
# distance from previous block
# <min> <max>
11	116

[block]
# block no. 2 follows, 43 sequences, length 45
# corresponding to MSA columns:
# 336-380
name=unknown_C
#
# <colnr> <probs for GDERKNQSTAVLIFYWHMCP>
#	G	D	E	R	K	N	Q	S	T	A	V	L	I	F	Y	W	H	M	C	P
0	0.05281	0.12709	0.16521	0.01811	0.20699	0.09808	0.01370	0.19923	0.03148	0.02136	0.01060	0.01209	0.00824	0.00554	0.00505	0.00159	0.00690	0.00431	0.00341	0.00821
1	0.19812	0.05026	0.07062	0.03801	0.13274	0.13664	0.01054	0.11037	0.03307	0.04772	0.08485	0.01542	0.01271	0.02967	0.00564	0.00175	0.00613	0.00479	0.00378	0.00718
2	0.15717	0.01491	0.22198	0.01228	0.06497	0.01098	0.01125	0.13288	0.01431	0.02202	0.14240	0.08668	0.04838	0.00813	0.00549	0.00179	0.00539	0.02785	0.00414	0.00700
3	0.01810	0.08114	0.09003	0.01346	0.05030	0.19723	0.03270	0.23955	0.01750	0.10387	0.01447	0.01491	0.05282	0.00634	0.00525	0.00156	0.00690	0.00482	0.00415	0.04489
4	0.29072	0.07356	0.14065	0.03156	0.04908	0.01359	0.14188	0.08841	0.03747	0.02177	0.05395	0.01349	0.01019	0.00563	0.00488	0.00171	0.00618	0.00463	0.00344	0.00719
5	0.01463	0.01029	0.01209	0.00912	0.01336	0.00906	0.00735	0.15610	0.01544	0.12527	0.11707	0.01697	0.01529	0.00596	0.00491	0.00123	0.00436	0.00485	0.00459	0.45205
6	0.07021	0.01863	0.01567	0.01485	0.07161	0.39035	0.05316	0.06281	0.04735	0.01662	0.01209	0.10189	0.01121	0.00740	0.00656	0.00171	0.08232	0.00552	0.00339	0.00666
7	0.00805	0.00537	0.00604	0.00604	0.00604	0.00537	0.00336	0.00805	0.00805	0.01074	0.01745	0.03624	0.02013	0.80536	0.02819	0.00537	0.00537	0.00805	0.00336	0.00336
8	0.01367	0.01327	0.02314	0.03331	0.72293	0.01321	0.06435	0.01704	0.01264	0.01807	0.01047	0.01379	0.00875	0.00492	0.00555	0.00166	0.00676	0.00504	0.00275	0.00869
9	0.02119	0.01530	0.01649	0.01264	0.01707	0.01685	0.01044	0.72664	0.02568	0.06112	0.01360	0.01349	0.00957	0.00666	0.00554	0.00166	0.00605	0.00501	0.00559	0.00942
10	0.00805	0.00537	0.00604	0.00604	0.00604	0.00537	0.00336	0.00805	0.00805	0.01074	0.01745	0.03624	0.02013	0.80536	0.02819	0.00537	0.00537	0.00805	0.00336	0.00336
11	0.05165	0.77326	0.02809	0.00938	0.01406	0.02149	0.00932	0.01657	0.01117	0.01355	0.00770	0.00889	0.00706	0.00476	0.00355	0.00121	0.00585	0.00296	0.00242	0.00706
12	0.01755	0.01001	0.01275	0.06081	0.01503	0.02862	0.00884	0.16089	0.01520	0.31105	0.01661	0.01806	0.01222	0.01755	0.24776	0.00396	0.02505	0.00546	0.00492	0.00768
13	0.00802	0.00551	0.00674	0.00674	0.00698	0.00575	0.00423	0.00850	0.00826	0.01126	0.01681	0.03271	0.01860	0.61901	0.21244	0.00623	0.00768	0.00754	0.00326	0.00374
14	0.00675	0.00482	0.00643	0.00771	0.00803	0.00450	0.00514	0.00771	0.01060	0.01414	0.03053	0.80175	0.03663	0.01735	0.00707	0.00225	0.00321	0.01574	0.00514	0.00450
15	0.01375	0.01187	0.01896	0.23211	0.29096	0.01311	0.05677	0.08322	0.01298	0.06650	0.01126	0.01518	0.00908	0.04143	0.00803	0.00197	0.09691	0.00520	0.00318	0.00754
16	0.01108	0.14795	0.38356	0.01376	0.03009	0.01255	0.06958	0.01554	0.02490	0.01633	0.01490	0.13209	0.01421	0.00796	0.00560	0.00182	0.00677	0.08103	0.00314	0.00712
17	0.01261	0.01265	0.01582	0.57631	0.03177	0.14067	0.01371	0.04006	0.03705	0.01531	0.01053	0.01438	0.00802	0.00571	0.00538	0.00175	0.00746	0.00475	0.03973	0.00635
18	0.42487	0.01690	0.11526	0.01309	0.09704	0.17135	0.01037	0.06008	0.01232	0.02138	0.00880	0.01032	0.00687	0.00534	0.00434	0.00165	0.00634	0.00359	0.00321	0.00688
19	0.00796	0.00575	0.00796	0.00796	0.00862	0.00641	0.00575	0.00928	0.00862	0.01216	0.01570	0.02653	0.01592	0.29329	0.53450	0.00774	0.01171	0.00663	0.00310	0.00442
20	0.01884	0.03049	0.07501	0.01205	0.01583	0.29583	0.01016	0.11096	0.01620	0.19525	0.06059	0.01765	0.01323	0.00685	0.00539	0.00159	0.00699	0.04694	0.00443	0.05571
21	0.01037	0.00859	0.00945	0.00877	0.01102	0.00916	0.00670	0.01889	0.36981	0.02093	0.24444	0.05878	0.18015	0.01025	0.00613	0.00185	0.00351	0.00875	0.00565	0.00678
22	0.14697	0.10875	0.01454	0.04541	0.01514	0.09823	0.00894	0.12947	0.28052	0.02192	0.01547	0.06530	0.01268	0.00703	0.00504	0.00171	0.00547	0.00542	0.00440	0.00758
23	0.01442	0.72723	0.10710	0.01014	0.01523	0.02097	0.01062	0.01668	0.01130	0.01350	0.00793	0.00918	0.00710	0.00479	0.00373	0.00124	0.00616	0.00308	0.00237	0.00722
24	0.00675	0.00482	0.00643	0.00771	0.00803	0.00450	0.00514	0.00771	0.01060	0.01414	0.03053	0.80175	0.03663	0.01735	0.00707	0.00225	0.00321	0.01574	0.00514	0.00450
25	0.01262	0.00981	0.01160	0.00834	0.01321	0.00745	0.00670	0.01506	0.01186	0.08256	0.01087	0.01211	0.00867	0.00434	0.00423	0.00090	0.00415	0.00348	0.00359	0.76847
26	0.13543	0.00585	0.00689	0.00784	0.00872	0.00586	0.00557	0.00932	0.01059	0.01597	0.02693	0.62184	0.03156	0.01532	0.00656	0.00219	0.00353	0.07039	0.00487	0.00478
27	0.01438	0.01484	0.01572	0.04301	0.20674	0.24311	0.05541	0.03912	0.01403	0.01737	0.06315	0.02224	0.03279	0.00731	0.00559	0.00169	0.00682	0.09570	0.09426	0.00674
28	0.01342	0.01451	0.01641	0.04851	0.01772	0.22460	0.17497	0.01795	0.13790	0.01634	0.01782	0.22488	0.01743	0.00907	0.00608	0.00186	0.00689	0.02323	0.00394	0.00650
29	0.01807	0.01745	0.15673	0.01358	0.03612	0.02887	0.01223	0.47095	0.12648	0.04254	0.01398	0.01409	0.01005	0.00646	0.00549	0.00171	0.00629	0.00499	0.00487	0.00903
30	0.00794	0.00581	0.00826	0.00826	0.00903	0.00658	0.00613	0.00948	0.00871	0.01238	0.01542	0.02499	0.01525	0.21206	0.61481	0.00811	0.01272	0.00641	0.00305	0.00459
31	0.01299	0.01221	0.05113	0.02573	0.48633	0.01130	0.07461	0.01610	0.01274	0.06649	0.04585	0.09845	0.04734	0.00700	0.00582	0.00175	0.00608	0.00669	0.00349	0.00792
32	0.01635	0.01219	0.01372	0.01021	0.01488	0.01152	0.00832	0.32344	0.01785	0.07393	0.01206	0.01272	0.00907	0.00534	0.00480	0.00123	0.00497	0.00414	0.00446	0.43881
33	0.00816	0.00656	0.00876	0.09382	0.06032	0.00637	0.00664	0.01036	0.01343	0.01800	0.36982	0.03954	0.24089	0.08357	0.00834	0.00211	0.00369	0.00942	0.00497	0.00523
34	0.01027	0.00895	0.01178	0.08071	0.15506	0.05335	0.00880	0.01294	0.05890	0.01459	0.04244	0.09302	0.01707	0.20936	0.19430	0.00433	0.00791	0.00708	0.00345	0.00569
35	0.00668	0.00509	0.00615	0.00699	0.00784	0.00456	0.00482	0.00779	0.01130	0.01442	0.03929	0.54539	0.28733	0.01621	0.00689	0.00212	0.00307	0.01436	0.00514	0.00456
36	0.01335	0.01613	0.24370	0.01670	0.18499	0.01167	0.01339	0.08493	0.11341	0.06449	0.06683	0.01766	0.02690	0.00641	0.00537	0.00169	0.00585	0.00540	0.09317	0.00799
37	0.01393	0.01094	0.01751	0.20227	0.36896	0.01109	0.01350	0.01695	0.01277	0.13317	0.03694	0.01771	0.05450	0.00603	0.00551	0.00166	0.00598	0.00546	0.00358	0.06152
38	0.84448	0.01071	0.00814	0.00728	0.01071	0.01242	0.00600	0.01628	0.00943	0.02485	0.00771	0.00900	0.00600	0.00514	0.00343	0.00171	0.00428	0.00300	0.00343	0.00600
39	0.01208	0.01094	0.01915	0.25249	0.26022	0.01139	0.13642	0.01550	0.01261	0.04774	0.08593	0.01898	0.04300	0.00619	0.00575	0.00175	0.00650	0.00599	0.04023	0.00714
40	0.00818	0.00590	0.00759	0.00828	0.00933	0.00571	0.00658	0.00996	0.01192	0.01554	0.09696	0.10526	0.13328	0.17083	0.01141	0.00292	0.00448	0.37635	0.00485	0.00467
41	0.01815	0.02267	0.01389	0.01271	0.01539	0.64347	0.00954	0.01957	0.01514	0.01381	0.01709	0.01776	0.14374	0.00720	0.00527	0.00151	0.00870	0.00502	0.00326	0.00611
42	0.01360	0.01305	0.02229	0.05806	0.74755	0.01313	0.01695	0.01691	0.01256	0.01797	0.01040	0.01374	0.00873	0.00495	0.00548	0.00165	0.00660	0.00493	0.00273	0.00869
43	0.00675	0.00540	0.00604	0.00634	0.00772	0.00469	0.00458	0.00817	0.01242	0.01557	0.13055	0.25497	0.48811	0.01462	0.00669	0.00196	0.00289	0.01260	0.00525	0.00469
44	0.01170	0.00990	0.01165	0.03529	0.01387	0.00787	0.00690	0.04349	0.01192	0.01830	0.01028	0.01265	0.00870	0.03597	0.00516	0.00107	0.00435	0.00360	0.00335	0.74399

[dist]
# distance from previous block
# <min> <max>
0	17

[block]
# block no. 3 follows, 43 sequences, length 74
# corresponding to MSA columns:
# 398-452,454-472
name=unknown_D
#
# <colnr> <probs for GDERKNQSTAVLIFYWHMCP>
#	G	D	E	R	K	N	Q	S	T	A	V	L	I	F	Y	W	H	M	C	P
0	0.01111	0.00860	0.01190	0.01090	0.03474	0.00815	0.07300	0.09078	0.04794	0.05170	0.02197	0.37145	0.02326	0.01138	0.00620	0.00186	0.00455	0.05462	0.00468	0.15122
1	0.10907	0.01415	0.01479	0.01173	0.01584	0.01571	0.00958	0.51791	0.15396	0.03113	0.01421	0.01407	0.01033	0.00655	0.00528	0.00168	0.00552	0.00494	0.00525	0.03832
2	0.00748	0.00583	0.00687	0.00648	0.00817	0.00510	0.00488	0.00960	0.01426	0.01910	0.44707	0.04482	0.33864	0.01208	0.00643	0.00175	0.00276	0.01038	0.00559	0.04271
3	0.01404	0.01151	0.01237	0.01110	0.01419	0.01320	0.00865	0.02843	0.69142	0.05841	0.02216	0.02063	0.01662	0.00902	0.04080	0.00219	0.00487	0.00621	0.00557	0.00862
4	0.00701	0.00521	0.00692	0.04291	0.00937	0.00494	0.00553	0.00831	0.01134	0.01507	0.10987	0.61788	0.10336	0.01588	0.00690	0.00214	0.00330	0.01428	0.00512	0.00467
5	0.08040	0.01266	0.02080	0.09985	0.64379	0.01302	0.01597	0.01668	0.01222	0.01828	0.01015	0.01342	0.00842	0.00501	0.00532	0.00167	0.00647	0.00478	0.00277	0.00831
6	0.01248	0.01226	0.01749	0.05171	0.01629	0.01665	0.03836	0.04694	0.00956	0.01450	0.00780	0.01240	0.00741	0.00918	0.01659	0.00234	0.69428	0.00492	0.00258	0.00626
7	0.01256	0.01412	0.03056	0.02208	0.02726	0.01324	0.69059	0.01693	0.01287	0.01745	0.01276	0.07838	0.01068	0.00569	0.00658	0.00190	0.00884	0.00728	0.00299	0.00723
8	0.01126	0.01674	0.30644	0.01418	0.09609	0.01029	0.02814	0.01570	0.03369	0.04128	0.15266	0.01922	0.04001	0.00667	0.00585	0.00160	0.03376	0.00555	0.00358	0.15729
9	0.00791	0.00593	0.00890	0.00890	0.00989	0.00692	0.00692	0.00989	0.00890	0.01286	0.01483	0.02176	0.01385	0.04154	0.78341	0.00890	0.01483	0.00593	0.00297	0.00494
10	0.01046	0.00984	0.01661	0.79205	0.03814	0.01230	0.01538	0.01415	0.01107	0.01415	0.00984	0.01477	0.00738	0.00554	0.00554	0.00185	0.00738	0.00492	0.00246	0.00615
11	0.01212	0.01212	0.01696	0.01454	0.01454	0.01696	0.01212	0.01333	0.00848	0.01333	0.00727	0.01212	0.00727	0.00969	0.01818	0.00242	0.79523	0.00485	0.00242	0.00606
12	0.00784	0.00566	0.00740	0.00697	0.00827	0.00523	0.00523	0.01045	0.01568	0.02221	0.76789	0.04137	0.05226	0.01132	0.00653	0.00174	0.00261	0.01002	0.00610	0.00523
13	0.01481	0.80869	0.02902	0.00948	0.01421	0.02191	0.00948	0.01658	0.01125	0.01303	0.00770	0.00888	0.00711	0.00474	0.00355	0.00118	0.00592	0.00296	0.00237	0.00711
14	0.01212	0.01212	0.01696	0.01454	0.01454	0.01696	0.01212	0.01333	0.00848	0.01333	0.00727	0.01212	0.00727	0.00969	0.01818	0.00242	0.79523	0.00485	0.00242	0.00606
15	0.00673	0.00489	0.00635	0.00753	0.00798	0.00451	0.00506	0.00773	0.01078	0.01421	0.03277	0.73619	0.10074	0.01706	0.00702	0.00222	0.00318	0.01539	0.00514	0.00451
16	0.01111	0.02865	0.77667	0.01579	0.02397	0.01286	0.02046	0.01754	0.01169	0.01754	0.00994	0.01169	0.00702	0.00526	0.00526	0.00175	0.00818	0.00409	0.00234	0.00818
17	0.00763	0.00552	0.00735	0.00850	0.00933	0.00528	0.00654	0.00925	0.01158	0.01511	0.03192	0.42701	0.09575	0.03232	0.00769	0.00240	0.00398	0.30301	0.00509	0.00473
18	0.00892	0.00637	0.00892	0.01020	0.01147	0.00637	0.00892	0.01147	0.01275	0.01657	0.02932	0.06247	0.03187	0.01530	0.00765	0.00255	0.00510	0.73354	0.00510	0.00510
19	0.02069	0.02640	0.01569	0.01427	0.01712	0.78313	0.01070	0.02212	0.01569	0.01355	0.00856	0.00999	0.00713	0.00571	0.00499	0.00143	0.00999	0.00357	0.00285	0.00642
20	0.00870	0.00602	0.00763	0.00730	0.00875	0.00563	0.00544	0.01157	0.05012	0.05755	0.53256	0.14578	0.10780	0.01199	0.00652	0.00183	0.00290	0.01056	0.00590	0.00545
21	0.01372	0.06551	0.53493	0.01545	0.04378	0.03762	0.03753	0.11108	0.01390	0.05988	0.01089	0.01223	0.00778	0.00548	0.00526	0.00170	0.00766	0.00430	0.00303	0.00829
22	0.01167	0.14741	0.66284	0.01482	0.02248	0.01424	0.01879	0.01739	0.01163	0.01685	0.00960	0.01127	0.00703	0.00518	0.00500	0.00167	0.00784	0.00392	0.00234	0.00802
23	0.00953	0.00612	0.00745	0.00685	0.00873	0.00540	0.00523	0.01164	0.01460	0.11478	0.41778	0.04281	0.30475	0.01173	0.00642	0.00178	0.00295	0.01005	0.00585	0.00556
24	0.01227	0.01182	0.02013	0.21723	0.32283	0.01284	0.10739	0.01625	0.05194	0.01679	0.01236	0.01852	0.01065	0.00649	0.00693	0.00188	0.07597	0.06732	0.00301	0.00740
25	0.04276	0.09262	0.01890	0.04986	0.01913	0.51519	0.10426	0.06410	0.01519	0.01567	0.00913	0.01090	0.00741	0.00552	0.00507	0.00150	0.00903	0.00402	0.00296	0.00677
26	0.00805	0.00537	0.00604	0.00604	0.00604	0.00537	0.00336	0.00805	0.00805	0.01074	0.01745	0.03624	0.02013	0.80536	0.02819	0.00537	0.00537	0.00805	0.00336	0.00336
27	0.01142	0.00645	0.00855	0.00758	0.00951	0.00584	0.00584	0.01393	0.01571	0.18064	0.61081	0.03663	0.04414	0.01038	0.00633	0.00174	0.00305	0.00908	0.00626	0.00611
28	0.01666	0.08690	0.02047	0.05268	0.05983	0.35351	0.14183	0.04896	0.01377	0.01536	0.00910	0.01166	0.00757	0.00606	0.00729	0.00168	0.13257	0.00443	0.00282	0.00684
29	0.00795	0.00577	0.00807	0.00807	0.00878	0.00647	0.00589	0.00936	0.00866	0.01224	0.01559	0.02595	0.01567	0.26253	0.56491	0.00788	0.01210	0.00655	0.00308	0.00449
30	0.00962	0.00481	0.00722	0.00722	0.00722	0.00481	0.00481	0.00722	0.00722	0.00962	0.00962	0.01684	0.00962	0.01924	0.02165	0.83886	0.00481	0.00481	0.00241	0.00241
31	0.00978	0.00786	0.01247	0.07819	0.04588	0.00827	0.10175	0.01312	0.05128	0.01639	0.01900	0.10901	0.01833	0.01761	0.19867	0.00367	0.00767	0.14093	0.13437	0.00574
32	0.01444	0.04622	0.04960	0.01165	0.01464	0.10467	0.04205	0.13886	0.17403	0.04303	0.01599	0.01781	0.03384	0.02685	0.12758	0.00290	0.05956	0.00545	0.06364	0.00721
33	0.01495	0.32239	0.14167	0.01317	0.06022	0.21393	0.01170	0.01811	0.04615	0.01462	0.00980	0.01169	0.00830	0.00880	0.08057	0.00215	0.00817	0.00385	0.00272	0.00706
34	0.12131	0.01150	0.00912	0.00932	0.01079	0.21786	0.00671	0.01302	0.01188	0.01570	0.02093	0.44413	0.02348	0.01205	0.00587	0.00191	0.00517	0.01024	0.04377	0.00525
35	0.08634	0.01970	0.15917	0.01593	0.02041	0.21401	0.20005	0.10061	0.01422	0.01883	0.01002	0.01224	0.00775	0.00577	0.00646	0.00173	0.07519	0.00467	0.01963	0.00726
36	0.00887	0.00643	0.00911	0.04230	0.01239	0.00652	0.00899	0.01138	0.01257	0.01634	0.02858	0.10003	0.03112	0.01501	0.00753	0.00250	0.00509	0.66512	0.00499	0.00511
37	0.01223	0.00878	0.01141	0.01013	0.01228	0.03224	0.07699	0.10564	0.05002	0.09828	0.02394	0.30882	0.06140	0.05523	0.02170	0.00225	0.00490	0.03163	0.06593	0.00620
38	0.01162	0.03474	0.40283	0.01869	0.13995	0.01246	0.13979	0.01702	0.04746	0.01739	0.01254	0.07242	0.01060	0.03050	0.00633	0.00190	0.00745	0.00570	0.00288	0.00774
39	0.01302	0.01477	0.03175	0.02282	0.02809	0.01418	0.70685	0.01748	0.01280	0.01748	0.01097	0.01477	0.00834	0.00497	0.00723	0.00190	0.05600	0.00644	0.00278	0.00739
40	0.01046	0.00984	0.01661	0.79205	0.03814	0.01230	0.01538	0.01415	0.01107	0.01415	0.00984	0.01477	0.00738	0.00554	0.00554	0.00185	0.00738	0.00492	0.00246	0.00615
41	0.02567	0.00620	0.00728	0.00673	0.00851	0.00563	0.00504	0.01203	0.01325	0.12416	0.24996	0.03925	0.26385	0.11130	0.00886	0.00221	0.00339	0.02212	0.07915	0.00541
42	0.84448	0.01071	0.00814	0.00728	0.01071	0.01242	0.00600	0.01628	0.00943	0.02485	0.00771	0.00900	0.00600	0.00514	0.00343	0.00171	0.00428	0.00300	0.00343	0.00600
43	0.00934	0.00495	0.00728	0.00728	0.00737	0.00504	0.00489	0.00752	0.00743	0.01000	0.01069	0.01877	0.01081	0.08152	0.09133	0.69961	0.00576	0.00516	0.00253	0.00271
44	0.00853	0.00613	0.00845	0.00967	0.01084	0.00605	0.00821	0.01081	0.01245	0.01617	0.03059	0.16324	0.06290	0.01553	0.00752	0.00248	0.00475	0.60556	0.00511	0.00500
45	0.00794	0.00584	0.00842	0.00842	0.00925	0.00666	0.00633	0.00958	0.00876	0.01250	0.01527	0.02418	0.01490	0.16945	0.65694	0.00831	0.01325	0.00629	0.00303	0.00468
46	0.84448	0.01071	0.00814	0.00728	0.01071	0.01242	0.00600	0.01628	0.00943	0.02485	0.00771	0.00900	0.00600	0.00514	0.00343	0.00171	0.00428	0.00300	0.00343	0.00600
47	0.00791	0.00593	0.00890	0.00890	0.00989	0.00692	0.00692	0.00989	0.00890	0.01286	0.01483	0.02176	0.01385	0.04154	0.78341	0.00890	0.01483	0.00593	0.00297	0.00494
48	0.00791	0.00593	0.00890	0.00890	0.00989	0.00692	0.00692	0.00989	0.00890	0.01286	0.01483	0.02176	0.01385	0.04154	0.78341	0.00890	0.01483	0.00593	0.00297	0.00494
49	0.01096	0.00979	0.01472	0.20914	0.24268	0.01048	0.01164	0.01577	0.11790	0.01856	0.19567	0.02463	0.07964	0.00768	0.00585	0.00177	0.00523	0.00686	0.00406	0.00696
50	0.01111	0.02865	0.77667	0.01579	0.02397	0.01286	0.02046	0.01754	0.01169	0.01754	0.00994	0.01169	0.00702	0.00526	0.00526	0.00175	0.00818	0.00409	0.00234	0.00818
51	0.01481	0.80869	0.02902	0.00948	0.01421	0.02191	0.00948	0.01658	0.01125	0.01303	0.00770	0.00888	0.00711	0.00474	0.00355	0.00118	0.00592	0.00296	0.00237	0.00711
52	0.01601	0.01466	0.03879	0.01207	0.01611	0.12850	0.06527	0.19556	0.09450	0.05928	0.04860	0.01489	0.01167	0.00608	0.00556	0.00148	0.02900	0.00483	0.01952	0.21765
53	0.01235	0.01209	0.01635	0.01409	0.01452	0.01652	0.01165	0.01556	0.11285	0.01469	0.00939	0.01330	0.00861	0.00939	0.01644	0.00235	0.68551	0.00504	0.00287	0.00643
54	0.00791	0.00593	0.00890	0.00890	0.00989	0.00692	0.00692	0.00989	0.00890	0.01286	0.01483	0.02176	0.01385	0.04154	0.78341	0.00890	0.01483	0.00593	0.00297	0.00494
55	0.01456	0.01518	0.01289	0.01038	0.01449	0.24915	0.00806	0.01794	0.08305	0.01713	0.01064	0.01188	0.00869	0.00492	0.00452	0.00111	0.00596	0.00365	0.00337	0.50245
56	0.00875	0.10733	0.01149	0.03365	0.01157	0.00800	0.03778	0.01051	0.01110	0.01455	0.02429	0.39856	0.02738	0.01695	0.08807	0.00285	0.00558	0.17202	0.00437	0.00518
57	0.84448	0.01071	0.00814	0.00728	0.01071	0.01242	0.00600	0.01628	0.00943	0.02485	0.00771	0.00900	0.00600	0.00514	0.00343	0.00171	0.00428	0.00300	0.00343	0.00600
58	0.00655	0.00561	0.00561	0.00561	0.00748	0.00468	0.00421	0.00795	0.01262	0.01496	0.05610	0.05330	0.76857	0.01403	0.00655	0.00187	0.00281	0.01169	0.00514	0.00468
59	0.01046	0.00984	0.01661	0.79205	0.03814	0.01230	0.01538	0.01415	0.01107	0.01415	0.00984	0.01477	0.00738	0.00554	0.00554	0.00185	0.00738	0.00492	0.00246	0.00615
60	0.02485	0.00943	0.01285	0.00985	0.01414	0.00814	0.00814	0.02699	0.01585	0.77465	0.02185	0.01885	0.01371	0.00685	0.00557	0.00171	0.00471	0.00557	0.00685	0.00943
61	0.00784	0.00566	0.00740	0.00697	0.00827	0.00523	0.00523	0.01045	0.01568	0.02221	0.76789	0.04137	0.05226	0.01132	0.00653	0.00174	0.00261	0.01002	0.00610	0.00523
62	0.01013	0.00533	0.00568	0.00586	0.00715	0.00533	0.00457	0.01271	0.01177	0.02008	0.01963	0.02645	0.01665	0.00768	0.00440	0.00147	0.00293	0.10621	0.72082	0.00515
63	0.01111	0.02865	0.77667	0.01579	0.02397	0.01286	0.02046	0.01754	0.01169	0.01754	0.00994	0.01169	0.00702	0.00526	0.00526	0.00175	0.00818	0.00409	0.00234	0.00818
64	0.10562	0.00784	0.00924	0.00768	0.01067	0.00739	0.00619	0.02016	0.01346	0.39028	0.01882	0.01854	0.01309	0.00651	0.00466	0.00154	0.00380	0.00513	0.34204	0.00734
65	0.00655	0.00561	0.00561	0.00561	0.00748	0.00468	0.00421	0.00795	0.01262	0.01496	0.05610	0.05330	0.76857	0.01403	0.00655	0.00187	0.00281	0.01169	0.00514	0.00468
66	0.00791	0.00593	0.00890	0.00890	0.00989	0.00692	0.00692	0.00989	0.00890	0.01286	0.01483	0.02176	0.01385	0.04154	0.78341	0.00890	0.01483	0.00593	0.00297	0.00494
67	0.01111	0.02865	0.77667	0.01579	0.02397	0.01286	0.02046	0.01754	0.01169	0.01754	0.00994	0.01169	0.00702	0.00526	0.00526	0.00175	0.00818	0.00409	0.00234	0.00818
68	0.01148	0.00984	0.01148	0.00820	0.01312	0.00738	0.00656	0.01395	0.01148	0.01805	0.00984	0.01148	0.00820	0.00410	0.00410	0.00082	0.00410	0.00328	0.00328	0.83922
69	0.01125	0.00964	0.01121	0.00808	0.01286	0.00725	0.00645	0.01366	0.01154	0.01790	0.01204	0.01347	0.04433	0.00457	0.00422	0.00087	0.00404	0.00368	0.00337	0.79957
70	0.01307	0.01494	0.03268	0.02334	0.02894	0.01401	0.75070	0.01774	0.01307	0.01774	0.01120	0.01494	0.00840	0.00467	0.00654	0.00187	0.00934	0.00654	0.00280	0.00747
71	0.01020	0.10227	0.09601	0.01166	0.09462	0.01015	0.00893	0.01369	0.08669	0.01545	0.04953	0.02854	0.15514	0.16608	0.08141	0.00311	0.02765	0.02909	0.00372	0.00604
72	0.09127	0.03971	0.05806	0.01158	0.01494	0.32207	0.00953	0.19596	0.01654	0.02123	0.01142	0.01272	0.00887	0.00597	0.00476	0.00150	0.00697	0.00417	0.15575	0.00700
73	0.01449	0.05897	0.32461	0.01526	0.06350	0.11084	0.03709	0.11180	0.17077	0.02020	0.01278	0.01364	0.00955	0.00590	0.00531	0.00170	0.00719	0.00466	0.00353	0.00820

[dist]
# distance from previous block
# <min> <max>
0	22

[block]
# block no. 4 follows, 43 sequences, length 9
# corresponding to MSA columns:
# 495-503
name=unknown_E
#
# <colnr> <probs for GDERKNQSTAVLIFYWHMCP>
#	G	D	E	R	K	N	Q	S	T	A	V	L	I	F	Y	W	H	M	C	P
0	0.04805	0.07180	0.01121	0.00947	0.02759	0.06175	0.00712	0.01357	0.04077	0.08163	0.09644	0.27534	0.10155	0.01118	0.00691	0.00186	0.06895	0.00931	0.00457	0.05093
1	0.01446	0.12122	0.16471	0.01394	0.07789	0.22057	0.01183	0.01946	0.13301	0.01686	0.01374	0.05031	0.01178	0.00674	0.00514	0.00163	0.00687	0.03878	0.06390	0.00719
2	0.05937	0.11337	0.07414	0.01588	0.16136	0.06429	0.05674	0.15239	0.01425	0.01973	0.01108	0.01443	0.00938	0.07243	0.04351	0.00216	0.00681	0.00466	0.00335	0.10067
3	0.16997	0.00682	0.00726	0.00694	0.00871	0.00683	0.00521	0.01157	0.04494	0.02014	0.35533	0.08723	0.18332	0.05384	0.00710	0.00200	0.00324	0.00911	0.00516	0.00527
4	0.01394	0.05264	0.07303	0.16707	0.21137	0.16087	0.01356	0.05105	0.01301	0.01642	0.03796	0.01516	0.03966	0.00646	0.00694	0.00174	0.10407	0.00496	0.00297	0.00711
5	0.00725	0.00521	0.00665	0.00738	0.00800	0.00489	0.00511	0.00849	0.01136	0.01516	0.14582	0.45852	0.09505	0.12817	0.00999	0.00261	0.00354	0.06726	0.00503	0.00451
6	0.00886	0.04983	0.09580	0.01266	0.12940	0.00781	0.00900	0.01102	0.01161	0.01562	0.05777	0.40147	0.10825	0.01271	0.00639	0.00200	0.00445	0.04524	0.00435	0.00579
7	0.01133	0.04902	0.17503	0.01488	0.13396	0.01019	0.05946	0.03300	0.01199	0.01738	0.01404	0.16524	0.01355	0.00717	0.00531	0.00153	0.00564	0.00637	0.00335	0.26156
8	0.01370	0.57565	0.25239	0.01136	0.01713	0.01921	0.01276	0.01687	0.01138	0.01438	0.00837	0.00972	0.00708	0.00489	0.00406	0.00135	0.00660	0.00330	0.00236	0.00743

[dist]
# distance from previous block
# <min> <max>
0	3

[block]
# block no. 5 follows, 43 sequences, length 30
# corresponding to MSA columns:
# 521-550
name=unknown_F
#
# <colnr> <probs for GDERKNQSTAVLIFYWHMCP>
#	G	D	E	R	K	N	Q	S	T	A	V	L	I	F	Y	W	H	M	C	P
0	0.01468	0.29630	0.24112	0.01336	0.05067	0.08185	0.01317	0.11802	0.01371	0.01781	0.00952	0.01109	0.00766	0.00614	0.02084	0.00164	0.03590	0.00385	0.00290	0.03977
1	0.00870	0.01018	0.16339	0.00843	0.01022	0.00695	0.00737	0.01026	0.00928	0.01273	0.01737	0.06126	0.01903	0.54843	0.02105	0.00429	0.00584	0.06734	0.00336	0.00453
2	0.00822	0.00656	0.00944	0.01223	0.14170	0.00625	0.00744	0.00991	0.01178	0.01581	0.09252	0.45793	0.11057	0.01414	0.00674	0.00208	0.00386	0.07265	0.00480	0.00538
3	0.01577	0.09925	0.09683	0.01313	0.07636	0.07108	0.01080	0.21991	0.01605	0.05479	0.01205	0.01438	0.00959	0.00600	0.00539	0.00148	0.03252	0.03006	0.04300	0.17156
4	0.01464	0.01318	0.01271	0.01171	0.04628	0.13118	0.00876	0.19034	0.21673	0.02296	0.14416	0.02513	0.10039	0.00848	0.00581	0.00174	0.00531	0.02799	0.00506	0.00743
5	0.01154	0.00648	0.00859	0.00760	0.00955	0.00586	0.00586	0.01405	0.01572	0.18603	0.60546	0.03647	0.04386	0.01035	0.00632	0.00174	0.00307	0.00905	0.00626	0.00614
6	0.01418	0.64890	0.14403	0.01167	0.05325	0.02008	0.01154	0.01675	0.01139	0.01398	0.00818	0.00956	0.00718	0.00483	0.00391	0.00130	0.00630	0.00323	0.00238	0.00736
7	0.01122	0.00959	0.01462	0.08581	0.25329	0.00980	0.04293	0.01554	0.11422	0.04413	0.08835	0.19361	0.07482	0.00936	0.00608	0.00186	0.00504	0.00853	0.00426	0.00695
8	0.00673	0.00558	0.00589	0.00589	0.00761	0.00474	0.00439	0.00828	0.01295	0.01592	0.15272	0.08440	0.63820	0.01380	0.00657	0.00187	0.00280	0.01164	0.00527	0.00474
9	0.02470	0.00966	0.01300	0.00997	0.01426	0.00849	0.00823	0.05497	0.01624	0.74611	0.02152	0.01864	0.01354	0.00685	0.00557	0.00171	0.00477	0.00555	0.00680	0.00943
10	0.05543	0.08594	0.38371	0.01526	0.02109	0.15325	0.10695	0.01837	0.01242	0.04309	0.00984	0.01170	0.00741	0.00550	0.00581	0.00169	0.04807	0.00425	0.00271	0.00752
11	0.01345	0.01125	0.01719	0.51822	0.12870	0.01306	0.01438	0.14427	0.01413	0.05602	0.01112	0.01457	0.00823	0.00572	0.00553	0.00178	0.00692	0.00497	0.00325	0.00723
12	0.00691	0.00489	0.00638	0.00751	0.00779	0.00461	0.00492	0.00775	0.01029	0.01372	0.02892	0.70785	0.03461	0.11401	0.00966	0.00263	0.00348	0.01480	0.00492	0.00436
13	0.84448	0.01071	0.00814	0.00728	0.01071	0.01242	0.00600	0.01628	0.00943	0.02485	0.00771	0.00900	0.00600	0.00514	0.00343	0.00171	0.00428	0.00300	0.00343	0.00600
14	0.00675	0.00482	0.00643	0.00771	0.00803	0.00450	0.00514	0.00771	0.01060	0.01414	0.03053	0.80175	0.03663	0.01735	0.00707	0.00225	0.00321	0.01574	0.00514	0.00450
15	0.01111	0.02865	0.77667	0.01579	0.02397	0.01286	0.02046	0.01754	0.01169	0.01754	0.00994	0.01169	0.00702	0.00526	0.00526	0.00175	0.00818	0.00409	0.00234	0.00818
16	0.01027	0.00860	0.01337	0.43156	0.08780	0.00975	0.01161	0.01331	0.01131	0.01590	0.01438	0.11071	0.01296	0.00727	0.00541	0.00175	0.00573	0.02819	0.14874	0.05139
17	0.00663	0.00551	0.00580	0.00594	0.00759	0.00468	0.00437	0.00804	0.01252	0.01520	0.08641	0.14570	0.64396	0.01431	0.00661	0.00191	0.00285	0.01211	0.00519	0.00468
18	0.84448	0.01071	0.00814	0.00728	0.01071	0.01242	0.00600	0.01628	0.00943	0.02485	0.00771	0.00900	0.00600	0.00514	0.00343	0.00171	0.00428	0.00300	0.00343	0.00600
19	0.00896	0.00620	0.00816	0.00816	0.00872	0.00674	0.00605	0.00955	0.01004	0.01420	0.05836	0.19175	0.08333	0.06639	0.01312	0.20071	0.11983	0.06830	0.10708	0.00434
20	0.00673	0.00562	0.00587	0.00580	0.00759	0.00475	0.00435	0.00831	0.01306	0.01600	0.15781	0.05160	0.66621	0.01364	0.00654	0.00185	0.00278	0.01145	0.00528	0.00475
21	0.00790	0.00537	0.00602	0.00607	0.00622	0.00529	0.00348	0.00803	0.00848	0.01117	0.02073	0.06423	0.07539	0.72002	0.02587	0.00500	0.00511	0.00859	0.00355	0.00349
22	0.01403	0.01203	0.01267	0.01132	0.01450	0.01390	0.00883	0.05510	0.73472	0.02358	0.02221	0.02040	0.01664	0.00748	0.00563	0.00187	0.00444	0.00622	0.00563	0.00879
23	0.01192	0.01185	0.01692	0.10694	0.01735	0.01641	0.01250	0.01343	0.00879	0.01343	0.00758	0.01243	0.00728	0.00920	0.01667	0.00235	0.70160	0.00486	0.00243	0.00607
24	0.01252	0.00886	0.00970	0.01030	0.04908	0.10239	0.00704	0.01390	0.01241	0.16931	0.02501	0.50385	0.02688	0.01314	0.00643	0.00201	0.00453	0.01161	0.00508	0.00596
25	0.01153	0.01244	0.11173	0.01034	0.04828	0.00835	0.00884	0.01455	0.01156	0.01798	0.00988	0.01161	0.00807	0.00429	0.00431	0.00098	0.00474	0.00346	0.00313	0.69389
26	0.01167	0.01181	0.01650	0.69962	0.03565	0.10391	0.01482	0.01510	0.01162	0.01408	0.00969	0.01420	0.00735	0.00556	0.00547	0.00180	0.00769	0.00476	0.00251	0.00618
27	0.01313	0.25614	0.27503	0.01984	0.24205	0.01574	0.07056	0.01711	0.01194	0.01637	0.00951	0.01169	0.00767	0.00496	0.00491	0.00156	0.00712	0.00419	0.00250	0.00798
28	0.01236	0.02463	0.54602	0.01390	0.02023	0.12218	0.01645	0.01747	0.01225	0.01746	0.01102	0.01286	0.00816	0.00551	0.00500	0.00163	0.00756	0.00419	0.13366	0.00746
29	0.00790	0.00597	0.00822	0.00839	0.00897	0.00660	0.00611	0.00927	0.00979	0.01369	0.07934	0.25811	0.02418	0.14733	0.31357	0.00529	0.06927	0.00944	0.00388	0.00467

[dist]
# distance from previous block
# <min> <max>
0	1

[block]
# block no. 6 follows, 43 sequences, length 18
# corresponding to MSA columns:
# 552-568,573
name=unknown_G
#
# <colnr> <probs for GDERKNQSTAVLIFYWHMCP>
#	G	D	E	R	K	N	Q	S	T	A	V	L	I	F	Y	W	H	M	C	P
0	0.00674	0.00486	0.00639	0.00761	0.00801	0.00451	0.00509	0.00772	0.01070	0.01418	0.03181	0.76429	0.07327	0.01718	0.00704	0.00223	0.00319	0.01554	0.00514	0.00451
1	0.01578	0.01248	0.01334	0.01149	0.01493	0.01415	0.00908	0.17122	0.57804	0.06433	0.02069	0.01912	0.01527	0.00731	0.00561	0.00183	0.00474	0.00598	0.00568	0.00893
