[name]
unknown

[dist]
# distance from previous block
# <min> <max>
0	458

[block]
# block no. 0 follows, 44 sequences, length 9
# corresponding to MSA columns:
# 464-472
name=unknown_A
#
# <colnr> <probs for GDERKNQSTAVLIFYWHMCP>
#	G	D	E	R	K	N	Q	S	T	A	V	L	I	F	Y	W	H	M	C	P
0	0.01114	0.00751	0.01008	0.01058	0.07130	0.00760	0.00748	0.08452	0.01264	0.10772	0.02501	0.17610	0.13422	0.02023	0.23647	0.00394	0.00731	0.05565	0.00448	0.00601
1	0.01590	0.01246	0.01496	0.01454	0.11207	0.05488	0.03410	0.11496	0.29906	0.13353	0.01756	0.05993	0.01376	0.00738	0.00655	0.00181	0.06751	0.00601	0.00483	0.00820
2	0.46454	0.01176	0.01356	0.01654	0.26588	0.01289	0.00999	0.07210	0.05043	0.02290	0.00964	0.01131	0.00762	0.00522	0.00432	0.00167	0.00511	0.00390	0.00342	0.00721
3	0.08713	0.08768	0.23096	0.01226	0.04062	0.03703	0.06214	0.01718	0.01248	0.13508	0.07052	0.01674	0.05345	0.00611	0.00502	0.00155	0.00589	0.00498	0.00369	0.10950
4	0.01510	0.01087	0.01662	0.01834	0.28038	0.00976	0.06149	0.01782	0.01278	0.19814	0.01365	0.04787	0.01077	0.00556	0.00514	0.00143	0.00535	0.00508	0.00393	0.25991
5	0.01166	0.01027	0.01487	0.01106	0.01524	0.00892	0.13736	0.01423	0.01155	0.04760	0.01394	0.04600	0.05875	0.00583	0.00591	0.00127	0.06934	0.00502	0.00341	0.50777
6	0.01622	0.15605	0.11369	0.01560	0.08412	0.19399	0.10101	0.06686	0.04124	0.08488	0.01080	0.01229	0.00838	0.00573	0.00600	0.00160	0.06642	0.00440	0.00324	0.00749
7	0.00770	0.00555	0.00764	0.00778	0.00839	0.00609	0.00556	0.00895	0.00870	0.01217	0.01711	0.11334	0.01801	0.27002	0.47034	0.00698	0.01051	0.00755	0.00328	0.00435
8	0.07685	0.01607	0.12768	0.17040	0.09639	0.16210	0.01238	0.07368	0.04205	0.08005	0.07935	0.01543	0.01217	0.00613	0.00524	0.00166	0.00673	0.00488	0.00360	0.00717

[dist]
# distance from previous block
# <min> <max>
0	4

[block]
# block no. 1 follows, 44 sequences, length 16
# corresponding to MSA columns:
# 477-492
name=unknown_B
#
# <colnr> <probs for GDERKNQSTAVLIFYWHMCP>
#	G	D	E	R	K	N	Q	S	T	A	V	L	I	F	Y	W	H	M	C	P
0	0.01165	0.01137	0.01837	0.18077	0.23967	0.04909	0.14590	0.03996	0.01239	0.01639	0.01603	0.17547	0.04329	0.00785	0.00593	0.00182	0.00646	0.00749	0.00332	0.00677
1	0.00785	0.00546	0.00713	0.00679	0.00795	0.00505	0.00501	0.00968	0.01411	0.01969	0.61631	0.03849	0.10220	0.01237	0.00837	0.11116	0.00287	0.00932	0.00545	0.00474
2	0.01142	0.00933	0.01163	0.13125	0.01615	0.00848	0.00789	0.05977	0.04579	0.03879	0.11269	0.01873	0.05850	0.00612	0.00490	0.00126	0.00443	0.00512	0.00390	0.44384
3	0.00864	0.00622	0.00699	0.00697	0.00749	0.00647	0.00436	0.01117	0.12651	0.01292	0.01964	0.13353	0.02144	0.58008	0.02157	0.00435	0.00486	0.00864	0.00388	0.00428
4	0.00945	0.00967	0.07240	0.01578	0.23183	0.00811	0.03846	0.01211	0.01280	0.01765	0.21965	0.16607	0.14384	0.01007	0.00613	0.00180	0.00452	0.00908	0.00432	0.00626
5	0.01167	0.03080	0.07478	0.06205	0.44522	0.01126	0.01415	0.01482	0.01169	0.01646	0.01323	0.02078	0.01214	0.01187	0.12774	0.00286	0.00770	0.10042	0.00298	0.00737
6	0.01141	0.13032	0.68220	0.01473	0.02234	0.01382	0.01873	0.01714	0.01145	0.01669	0.00950	0.01115	0.00692	0.00511	0.00496	0.00165	0.00777	0.00388	0.00231	0.00792
7	0.01357	0.48205	0.02398	0.01436	0.15101	0.05837	0.04619	0.01561	0.01156	0.01412	0.01120	0.11371	0.01114	0.00637	0.00451	0.00143	0.00598	0.00511	0.00280	0.00694
8	0.00774	0.00600	0.00711	0.00707	0.00862	0.00525	0.00516	0.00915	0.01126	0.01493	0.06867	0.25860	0.23745	0.11677	0.00910	0.00229	0.00361	0.08134	0.00459	0.13529
9	0.01211	0.08766	0.52347	0.07803	0.02356	0.03262	0.07352	0.05366	0.03361	0.01755	0.01017	0.01206	0.00744	0.00526	0.00518	0.00169	0.00774	0.00428	0.00261	0.00779
10	0.01456	0.23582	0.01780	0.05007	0.07122	0.01294	0.04417	0.10769	0.01444	0.13896	0.11900	0.05868	0.07750	0.00750	0.00523	0.00158	0.00512	0.00622	0.00432	0.00716
11	0.00742	0.00556	0.00687	0.00654	0.00796	0.00502	0.00491	0.00971	0.01472	0.02018	0.60224	0.04350	0.22177	0.01177	0.00643	0.00174	0.00262	0.01025	0.00578	0.00502
12	0.01037	0.00634	0.00819	0.00844	0.01014	0.00588	0.00688	0.01226	0.01258	0.13450	0.03387	0.14382	0.20904	0.04120	0.00758	0.00228	0.00419	0.33175	0.00525	0.00545
13	0.01441	0.03555	0.11411	0.04193	0.22946	0.04359	0.10785	0.16484	0.01452	0.03632	0.01107	0.01372	0.00876	0.00854	0.06927	0.00228	0.06772	0.00495	0.00328	0.00783
14	0.01109	0.02715	0.72180	0.01612	0.02398	0.01275	0.07744	0.01728	0.01162	0.01728	0.00988	0.01176	0.00701	0.00513	0.00528	0.00174	0.00815	0.00422	0.00234	0.00800
15	0.00755	0.00544	0.00714	0.00697	0.00811	0.00503	0.00513	0.00987	0.01465	0.02062	0.65564	0.16015	0.04904	0.01207	0.00651	0.00179	0.00266	0.01074	0.00585	0.00503

[dist]
# distance from previous block
# <min> <max>
0	1

[block]
# block no. 2 follows, 44 sequences, length 8
# corresponding to MSA columns:
# 494-501
name=unknown_C
#
# <colnr> <probs for GDERKNQSTAVLIFYWHMCP>
#	G	D	E	R	K	N	Q	S	T	A	V	L	I	F	Y	W	H	M	C	P
0	0.01389	0.37979	0.17109	0.01791	0.23995	0.06145	0.01367	0.01694	0.01181	0.01518	0.00884	0.01074	0.00746	0.00488	0.00446	0.00142	0.00668	0.00374	0.00246	0.00764
1	0.00788	0.00535	0.00624	0.00615	0.00643	0.00525	0.00371	0.00845	0.00960	0.01308	0.18477	0.03680	0.02685	0.63128	0.02301	0.00449	0.00468	0.00836	0.00390	0.00371
2	0.01370	0.20600	0.10891	0.07025	0.41625	0.06306	0.01487	0.01684	0.01209	0.01605	0.00941	0.01197	0.00787	0.00493	0.00489	0.00152	0.00676	0.00422	0.00256	0.00788
3	0.00932	0.18478	0.01271	0.00843	0.01007	0.00985	0.00680	0.01091	0.00914	0.01236	0.01346	0.02091	0.01316	0.15729	0.48970	0.00651	0.01114	0.00553	0.00285	0.00509
4	0.00779	0.00584	0.00876	0.00876	0.00974	0.00681	0.00681	0.00974	0.00876	0.01266	0.01460	0.02142	0.01363	0.04089	0.78680	0.00876	0.01460	0.00584	0.00292	0.00487
5	0.00776	0.00593	0.00865	0.00880	0.00958	0.00682	0.00670	0.00944	0.00911	0.01296	0.01763	0.19495	0.01826	0.03390	0.57197	0.00696	0.05445	0.00793	0.00337	0.00483
6	0.00736	0.00525	0.00614	0.00636	0.00693	0.00496	0.00409	0.00816	0.01029	0.01358	0.13040	0.21014	0.15696	0.38643	0.01654	0.00352	0.00401	0.01049	0.00437	0.00403
7	0.37068	0.01530	0.01387	0.01526	0.18247	0.19778	0.00992	0.10153	0.01330	0.02145	0.00901	0.01060	0.00716	0.00532	0.00443	0.00160	0.00626	0.00373	0.00332	0.00699

[dist]
# distance from previous block
# <min> <max>
0	4

[block]
# block no. 3 follows, 44 sequences, length 27
# corresponding to MSA columns:
# 506-532
name=unknown_D
#
# <colnr> <probs for GDERKNQSTAVLIFYWHMCP>
#	G	D	E	R	K	N	Q	S	T	A	V	L	I	F	Y	W	H	M	C	P
0	0.01447	0.21754	0.23243	0.01237	0.01718	0.16645	0.04207	0.01828	0.05719	0.05769	0.01098	0.01339	0.00900	0.06706	0.00649	0.00177	0.00711	0.00422	0.00298	0.04133
1	0.33131	0.05960	0.03213	0.00957	0.01297	0.04376	0.00803	0.06808	0.09610	0.12916	0.01266	0.04490	0.01000	0.00644	0.00547	0.00169	0.06586	0.00452	0.00411	0.05363
2	0.09644	0.01402	0.07181	0.06876	0.35804	0.03602	0.04416	0.12073	0.01358	0.02011	0.01032	0.01296	0.00826	0.00560	0.00613	0.00170	0.06732	0.00464	0.03158	0.00781
3	0.17657	0.17160	0.04356	0.05036	0.21772	0.02579	0.01139	0.16228	0.01426	0.06353	0.01033	0.01179	0.00804	0.00534	0.00463	0.00156	0.00585	0.00410	0.00350	0.00778
4	0.01784	0.02193	0.01411	0.01298	0.01542	0.62979	0.00979	0.01935	0.01411	0.01320	0.00967	0.01216	0.00835	0.01271	0.16208	0.00288	0.01079	0.00398	0.00283	0.00603
5	0.01092	0.00957	0.01227	0.01242	0.15067	0.00813	0.00803	0.01402	0.05132	0.01778	0.05446	0.01977	0.12494	0.00617	0.00484	0.00121	0.00423	0.00524	0.00366	0.48034
6	0.00780	0.00579	0.00849	0.00849	0.00937	0.00667	0.00647	0.00956	0.00868	0.01245	0.01485	0.02281	0.01423	0.11558	0.71293	0.00842	0.01370	0.00604	0.00296	0.00472
7	0.01267	0.01376	0.10465	0.15682	0.48300	0.01250	0.01604	0.04804	0.01264	0.01772	0.01148	0.01664	0.00976	0.00575	0.00553	0.00172	0.00667	0.05380	0.00288	0.00792
8	0.10853	0.47502	0.02299	0.01274	0.10214	0.13641	0.01003	0.04928	0.01233	0.01572	0.00826	0.00966	0.00717	0.00496	0.00401	0.00133	0.00634	0.00332	0.00270	0.00706
9	0.00689	0.00554	0.00615	0.00600	0.00764	0.00479	0.00450	0.00870	0.01349	0.01725	0.30845	0.04832	0.51739	0.01287	0.00644	0.00180	0.00269	0.01092	0.00539	0.00479
10	0.01130	0.00969	0.01130	0.00807	0.01292	0.00727	0.00646	0.01373	0.01130	0.01776	0.00969	0.01130	0.00807	0.00404	0.00404	0.00081	0.00404	0.00323	0.00323	0.84173
11	0.00754	0.00577	0.00838	0.00895	0.00992	0.00546	0.04857	0.00914	0.01128	0.01481	0.03059	0.50759	0.08987	0.01559	0.00704	0.00224	0.00396	0.20363	0.00492	0.00476
12	0.01752	0.25247	0.01891	0.01187	0.01555	0.29006	0.00981	0.14941	0.14926	0.01854	0.01144	0.01195	0.00912	0.00582	0.00471	0.00145	0.00701	0.00405	0.00362	0.00744
13	0.01131	0.03534	0.14844	0.04027	0.04050	0.01093	0.20755	0.07197	0.05789	0.01877	0.08084	0.02413	0.16598	0.00752	0.00580	0.00174	0.00603	0.00691	0.05126	0.00682
14	0.07185	0.01191	0.04606	0.05349	0.01557	0.01114	0.00882	0.24013	0.04157	0.14790	0.01644	0.01653	0.06814	0.00630	0.00502	0.00147	0.00500	0.00495	0.00462	0.22308
15	0.00665	0.00553	0.00581	0.00574	0.00749	0.00469	0.00431	0.00823	0.01292	0.01591	0.17345	0.05053	0.65323	0.01337	0.00644	0.00182	0.00273	0.01123	0.00522	0.00469
16	0.00706	0.00535	0.00687	0.00726	0.00820	0.00526	0.00524	0.00846	0.01063	0.01406	0.07671	0.28985	0.22095	0.06780	0.23581	0.00417	0.00649	0.01086	0.00439	0.00458
17	0.01337	0.12706	0.07630	0.01554	0.17904	0.10379	0.03565	0.01702	0.07102	0.07015	0.14191	0.05229	0.05961	0.00731	0.00540	0.00162	0.00571	0.00619	0.00391	0.00710
18	0.01241	0.02798	0.31336	0.06784	0.06954	0.01043	0.01320	0.01686	0.03463	0.08250	0.01158	0.01313	0.00864	0.00511	0.00482	0.00143	0.00600	0.00415	0.05062	0.24577
19	0.29562	0.11863	0.01474	0.00997	0.01403	0.01486	0.00845	0.32053	0.01700	0.12088	0.01158	0.01178	0.00837	0.00583	0.00450	0.00160	0.00521	0.00406	0.00451	0.00785
20	0.01478	0.18373	0.27235	0.01471	0.06213	0.05385	0.06205	0.18257	0.06729	0.02039	0.01097	0.01214	0.00832	0.00550	0.00500	0.00158	0.00695	0.00432	0.00331	0.00805
21	0.00806	0.01178	0.23230	0.00945	0.01220	0.00698	0.00915	0.01058	0.01087	0.01488	0.05224	0.36604	0.11228	0.10714	0.00883	0.00238	0.00478	0.01058	0.00408	0.00540
22	0.32695	0.01047	0.01231	0.09819	0.07397	0.01039	0.03867	0.01500	0.01064	0.01986	0.00900	0.01105	0.00722	0.00467	0.00415	0.00136	0.00486	0.00356	0.00313	0.33455
23	0.01358	0.10379	0.15018	0.09123	0.08931	0.01263	0.05411	0.10967	0.03911	0.04913	0.01092	0.01259	0.00839	0.00509	0.00486	0.00142	0.00605	0.00423	0.00331	0.23038
24	0.00869	0.00572	0.00749	0.00734	0.00797	0.00608	0.00505	0.00963	0.00867	0.04941	0.01628	0.02869	0.01684	0.43844	0.35334	0.00660	0.00926	0.00691	0.00331	0.00427
25	0.01218	0.03643	0.16030	0.03208	0.31552	0.01141	0.02842	0.01714	0.09507	0.04627	0.17048	0.01963	0.01821	0.00657	0.00556	0.00168	0.00571	0.00589	0.00376	0.00771
26	0.01371	0.07273	0.05316	0.01108	0.01585	0.00962	0.12331	0.01648	0.01220	0.14203	0.01269	0.05206	0.01024	0.00532	0.00480	0.00125	0.00522	0.00472	0.00371	0.42982

[dist]
# distance from previous block
# <min> <max>
0	15

[block]
# block no. 4 follows, 44 sequences, length 41
# corresponding to MSA columns:
# 548-588
name=unknown_E
#
# <colnr> <probs for GDERKNQSTAVLIFYWHMCP>
#	G	D	E	R	K	N	Q	S	T	A	V	L	I	F	Y	W	H	M	C	P
0	0.00926	0.00681	0.00865	0.00748	0.00977	0.00593	0.00574	0.01165	0.01355	0.04735	0.44173	0.06538	0.03450	0.01176	0.06949	0.00207	0.00405	0.00783	0.00498	0.23202
1	0.01529	0.62343	0.02584	0.01125	0.05423	0.05485	0.00992	0.05409	0.01209	0.04049	0.00849	0.00977	0.00743	0.00515	0.00460	0.00131	0.04859	0.00333	0.00268	0.00719
2	0.07913	0.16327	0.20603	0.01278	0.01748	0.09228	0.06558	0.11608	0.01352	0.06408	0.01059	0.01232	0.00823	0.00847	0.06926	0.00219	0.04389	0.00425	0.00322	0.00735
3	0.01600	0.08655	0.08229	0.02152	0.33096	0.11368	0.03910	0.14127	0.04240	0.05802	0.01125	0.01292	0.00877	0.00542	0.00520	0.00158	0.00682	0.00459	0.00342	0.00824
4	0.00704	0.00517	0.00640	0.00693	0.00772	0.00476	0.00481	0.00833	0.01160	0.01538	0.18608	0.39708	0.17231	0.10891	0.00923	0.00241	0.00327	0.03303	0.00505	0.00449
5	0.01371	0.01674	0.10008	0.04891	0.17357	0.14117	0.20065	0.01682	0.01189	0.01565	0.00933	0.01265	0.00769	0.00611	0.00859	0.00184	0.19994	0.00493	0.00260	0.00713
6	0.00778	0.00546	0.00708	0.00717	0.00758	0.00582	0.00481	0.00861	0.00845	0.01164	0.01715	0.08871	0.01864	0.44783	0.32312	0.00641	0.00877	0.00769	0.00329	0.00400
7	0.02193	0.01334	0.01517	0.01163	0.01594	0.01404	0.00961	0.52123	0.02240	0.27390	0.01580	0.01485	0.01063	0.00661	0.00546	0.00165	0.00556	0.00509	0.00587	0.00927
8	0.01039	0.00930	0.01446	0.04665	0.37637	0.00910	0.01112	0.01307	0.01297	0.01772	0.17187	0.03089	0.17833	0.00880	0.00599	0.00176	0.00484	0.06562	0.00402	0.00673
9	0.00664	0.00474	0.00633	0.00759	0.00791	0.00443	0.00506	0.00759	0.01044	0.01392	0.03005	0.80485	0.03606	0.01708	0.00696	0.00221	0.00316	0.01550	0.00506	0.00443
10	0.01200	0.17030	0.56258	0.01367	0.02075	0.01376	0.01678	0.01708	0.01153	0.03714	0.00969	0.01118	0.00719	0.00504	0.00479	0.00155	0.00725	0.00380	0.00250	0.07142
11	0.02037	0.02598	0.01545	0.01404	0.01685	0.78652	0.01053	0.02177	0.01545	0.01334	0.00843	0.00983	0.00702	0.00562	0.00492	0.00140	0.00983	0.00351	0.00281	0.00632
12	0.57622	0.27109	0.01470	0.00787	0.01166	0.01527	0.00702	0.01612	0.00986	0.02068	0.00759	0.00882	0.00626	0.00493	0.00341	0.00152	0.00474	0.00294	0.00304	0.00626
13	0.00664	0.00474	0.00633	0.00759	0.00791	0.00443	0.00506	0.00759	0.01044	0.01392	0.03005	0.80485	0.03606	0.01708	0.00696	0.00221	0.00316	0.01550	0.00506	0.00443
14	0.01122	0.01063	0.01802	0.57586	0.24979	0.01235	0.01560	0.01474	0.01134	0.01505	0.00985	0.01423	0.00766	0.00528	0.00544	0.00176	0.00704	0.00485	0.00250	0.00680
15	0.00644	0.00552	0.00552	0.00552	0.00736	0.00460	0.00414	0.00782	0.01243	0.01473	0.05523	0.05247	0.77218	0.01381	0.00644	0.00184	0.00276	0.01151	0.00506	0.00460
16	0.01723	0.00775	0.00990	0.00811	0.01131	0.00667	0.00652	0.01914	0.01456	0.46813	0.09372	0.03139	0.26333	0.00940	0.00587	0.00174	0.00386	0.00780	0.00614	0.00742
17	0.01990	0.01440	0.01549	0.01205	0.01620	0.01589	0.00990	0.64347	0.08533	0.06002	0.01431	0.01414	0.01020	0.00661	0.00540	0.00164	0.00569	0.00504	0.03525	0.00907
18	0.01051	0.00825	0.00955	0.00913	0.01105	0.00878	0.00701	0.07670	0.25842	0.02067	0.20663	0.19934	0.05709	0.01131	0.00629	0.00194	0.00380	0.08163	0.00548	0.00643
19	0.01646	0.55616	0.02430	0.01086	0.01492	0.27035	0.00972	0.01810	0.01250	0.01299	0.00785	0.00910	0.00700	0.00497	0.00396	0.00124	0.00713	0.00311	0.00249	0.00678
20	0.01148	0.01053	0.01759	0.44566	0.31077	0.01185	0.01481	0.01488	0.01151	0.01590	0.01056	0.01462	0.00833	0.00530	0.00530	0.00170	0.00659	0.00487	0.07081	0.00694
21	0.54941	0.01573	0.01072	0.00959	0.01282	0.26420	0.00756	0.04360	0.01185	0.02119	0.00805	0.00932	0.00638	0.00529	0.00395	0.00159	0.00610	0.00320	0.00326	0.00616
22	0.50988	0.01596	0.07357	0.00994	0.01367	0.18877	0.00856	0.08987	0.01246	0.02231	0.00850	0.00971	0.00657	0.00534	0.00408	0.00162	0.00598	0.00336	0.00336	0.00650
23	0.10561	0.00868	0.00961	0.00914	0.01112	0.02108	0.00708	0.18703	0.01447	0.04805	0.02303	0.30999	0.04990	0.04577	0.00707	0.00215	0.00448	0.12485	0.00491	0.00600
24	0.01066	0.26600	0.01475	0.00817	0.01081	0.01154	0.00692	0.01464	0.11385	0.01883	0.40066	0.02811	0.05752	0.00865	0.00537	0.00156	0.00386	0.00719	0.00473	0.00619
25	0.01668	0.01061	0.01158	0.00951	0.01265	0.01136	0.00765	0.30501	0.13355	0.12723	0.01714	0.01729	0.01250	0.00664	0.00494	0.00156	0.00443	0.00523	0.27662	0.00781
26	0.01613	0.01253	0.01487	0.01358	0.07677	0.01404	0.01020	0.43040	0.04523	0.02610	0.01584	0.12083	0.01434	0.00879	0.00727	0.00187	0.09938	0.05919	0.00479	0.00786
27	0.00667	0.00508	0.00614	0.00683	0.00775	0.00455	0.00476	0.00792	0.01156	0.01492	0.10652	0.48161	0.28515	0.01543	0.00674	0.00204	0.00297	0.01364	0.00515	0.00455
28	0.71203	0.01083	0.00907	0.00782	0.01134	0.01227	0.00644	0.07733	0.01113	0.08705	0.00918	0.01000	0.00680	0.00532	0.00372	0.00168	0.00440	0.00332	0.00382	0.00646
29	0.00664	0.00474	0.00633	0.00759	0.00791	0.00443	0.00506	0.00759	0.01044	0.01392	0.03005	0.80485	0.03606	0.01708	0.00696	0.00221	0.00316	0.01550	0.00506	0.00443
30	0.00782	0.00571	0.00810	0.00810	0.00884	0.00645	0.00598	0.00931	0.00856	0.01216	0.01521	0.02479	0.01509	0.22229	0.60740	0.00794	0.01240	0.00633	0.00301	0.00450
31	0.00745	0.00556	0.00692	0.00658	0.00798	0.00503	0.00494	0.00978	0.01481	0.02038	0.62257	0.04317	0.20132	0.01170	0.00643	0.00174	0.00261	0.01020	0.00581	0.00503
32	0.15484	0.01525	0.01672	0.01922	0.26153	0.18458	0.01211	0.04378	0.01202	0.01737	0.00873	0.01150	0.00747	0.00629	0.00807	0.00178	0.20463	0.00422	0.00286	0.00702
33	0.01920	0.00832	0.01041	0.00846	0.01170	0.00773	0.00683	0.03806	0.07162	0.47445	0.02025	0.01911	0.01379	0.00667	0.00498	0.00157	0.00401	0.00540	0.25948	0.00795
34	0.84691	0.01054	0.00801	0.00717	0.01054	0.01223	0.00590	0.01603	0.00928	0.02446	0.00759	0.00886	0.00590	0.00506	0.00337	0.00169	0.00422	0.00295	0.00337	0.00590
35	0.02049	0.01484	0.01600	0.01235	0.01664	0.01638	0.01018	0.68829	0.06493	0.06316	0.01391	0.01369	0.00983	0.00660	0.00546	0.00165	0.00585	0.00500	0.00551	0.00924
36	0.01197	0.00964	0.01591	0.70227	0.03475	0.01163	0.01430	0.01543	0.01146	0.10443	0.01109	0.01501	0.00800	0.00560	0.00545	0.00180	0.00696	0.00492	0.00293	0.00644
37	0.00855	0.00652	0.00953	0.02985	0.01025	0.00742	0.03355	0.00969	0.00857	0.01206	0.01408	0.02394	0.01420	0.25495	0.39795	0.07025	0.07503	0.00626	0.00293	0.00444
38	0.01093	0.02820	0.78016	0.01554	0.02360	0.01266	0.02014	0.01727	0.01151	0.01727	0.00978	0.01151	0.00691	0.00518	0.00518	0.00173	0.00806	0.00403	0.00230	0.00806
39	0.03649	0.26399	0.29536	0.04332	0.01848	0.05114	0.01340	0.01898	0.14761	0.01664	0.01113	0.01224	0.00870	0.00561	0.00514	0.00159	0.03560	0.00408	0.00296	0.00754
40	0.04139	0.04542	0.03758	0.00791	0.01086	0.00808	0.00656	0.09919	0.01436	0.06853	0.18009	0.05835	0.26662	0.00967	0.00566	0.00161	0.00380	0.00803	0.00487	0.12142

[dist]
# distance from previous block
# <min> <max>
0	4

[block]
# block no. 5 follows, 44 sequences, length 109
# corresponding to MSA columns:
# 593-650,652-662,665-704
name=unknown_F
#
# <colnr> <probs for GDERKNQSTAVLIFYWHMCP>
#	G	D	E	R	K	N	Q	S	T	A	V	L	I	F	Y	W	H	M	C	P
0	0.05360	0.05701	0.15940	0.01335	0.01733	0.27810	0.03184	0.08810	0.15946	0.01840	0.01168	0.01266	0.00906	0.00613	0.00592	0.00165	0.06111	0.00436	0.00346	0.00738
1	0.01461	0.02479	0.40346	0.01434	0.01990	0.26295	0.01514	0.03948	0.12091	0.01723	0.01121	0.01227	0.00840	0.00567	0.00515	0.00164	0.00804	0.00419	0.00301	0.00761
2	0.01173	0.01121	0.02135	0.01604	0.01965	0.01067	0.42135	0.05925	0.01252	0.03979	0.01742	0.09408	0.06520	0.16199	0.01052	0.00252	0.00711	0.00778	0.00352	0.00629
3	0.84691	0.01054	0.00801	0.00717	0.01054	0.01223	0.00590	0.01603	0.00928	0.02446	0.00759	0.00886	0.00590	0.00506	0.00337	0.00169	0.00422	0.00295	0.00337	0.00590
4	0.00806	0.00580	0.00776	0.00787	0.00914	0.00550	0.00630	0.01061	0.01452	0.02010	0.53572	0.04732	0.04507	0.01239	0.00678	0.00197	0.00335	0.24095	0.00569	0.00510
5	0.01974	0.01455	0.01563	0.01224	0.01640	0.01613	0.01003	0.62319	0.13839	0.05477	0.01473	0.01436	0.01053	0.00668	0.00547	0.00167	0.00570	0.00512	0.00551	0.00917
6	0.01319	0.01072	0.01353	0.01138	0.01302	0.01288	0.00927	0.20724	0.01530	0.03921	0.25173	0.02153	0.02192	0.00920	0.01071	0.00196	0.31969	0.00644	0.00444	0.00665
7	0.00866	0.00613	0.00838	0.00945	0.01053	0.00613	0.00800	0.01081	0.01189	0.01549	0.02719	0.05780	0.02972	0.12859	0.01042	0.00291	0.00506	0.63327	0.00477	0.00477
8	0.00658	0.00519	0.00594	0.00647	0.00763	0.00455	0.00458	0.00782	0.01168	0.01465	0.07154	0.37783	0.42602	0.01512	0.00667	0.00200	0.00293	0.01317	0.00510	0.00455
9	0.01170	0.02284	0.48300	0.01849	0.02554	0.01311	0.31192	0.01734	0.01205	0.01734	0.01028	0.01278	0.00745	0.00495	0.00568	0.00177	0.00851	0.00498	0.00248	0.00778
10	0.01711	0.02069	0.01338	0.01253	0.01485	0.57501	0.00929	0.01936	0.06486	0.01410	0.01376	0.17264	0.01359	0.00807	0.00537	0.00160	0.00810	0.00613	0.00345	0.00609
11	0.00821	0.00590	0.00810	0.00930	0.01037	0.00579	0.00775	0.01032	0.01208	0.01571	0.03032	0.22513	0.06587	0.01545	0.00735	0.00241	0.00451	0.54552	0.00503	0.00487
12	0.02417	0.00975	0.01294	0.00992	0.01415	0.00872	0.00820	0.08421	0.01640	0.71941	0.02084	0.01812	0.01316	0.00673	0.00548	0.00168	0.00475	0.00544	0.00665	0.00928
13	0.00792	0.00532	0.00611	0.00611	0.00616	0.00537	0.00351	0.00803	0.00798	0.01069	0.01703	0.03485	0.01946	0.76411	0.07156	0.00549	0.00582	0.00781	0.00328	0.00339
14	0.01357	0.01151	0.01666	0.01626	0.12286	0.01469	0.01193	0.01520	0.00986	0.11021	0.00969	0.01335	0.00841	0.00971	0.04376	0.00243	0.55525	0.00491	0.00300	0.00672
15	0.02072	0.01527	0.01636	0.01254	0.01691	0.01691	0.01036	0.75622	0.02563	0.03436	0.01309	0.01309	0.00927	0.00654	0.00545	0.00164	0.00600	0.00491	0.00545	0.00927
16	0.01356	0.01171	0.01233	0.01109	0.01418	0.01356	0.00863	0.02897	0.76455	0.02281	0.02219	0.02034	0.01664	0.00740	0.00555	0.00185	0.00431	0.00616	0.00555	0.00863
17	0.04860	0.01203	0.12234	0.01046	0.01520	0.00881	0.00968	0.02490	0.01482	0.64539	0.01939	0.01724	0.01231	0.00647	0.00537	0.00169	0.00511	0.00519	0.00600	0.00900
18	0.01134	0.01106	0.01556	0.01352	0.01366	0.01528	0.01120	0.01264	0.00841	0.01305	0.00822	0.01329	0.00808	0.01403	0.12792	0.00330	0.68626	0.00492	0.00246	0.00581
19	0.00664	0.00474	0.00633	0.00759	0.00791	0.00443	0.00506	0.00759	0.01044	0.01392	0.03005	0.80485	0.03606	0.01708	0.00696	0.00221	0.00316	0.01550	0.00506	0.00443
20	0.02072	0.01527	0.01636	0.01254	0.01691	0.01691	0.01036	0.75622	0.02563	0.03436	0.01309	0.01309	0.00927	0.00654	0.00545	0.00164	0.00600	0.00491	0.00545	0.00927
21	0.01034	0.00951	0.01319	0.01182	0.01202	0.01262	0.00949	0.01150	0.00862	0.01287	0.01181	0.07814	0.01254	0.11709	0.12808	0.00366	0.50344	0.02508	0.00285	0.00532
22	0.00664	0.00474	0.00633	0.00759	0.00791	0.00443	0.00506	0.00759	0.01044	0.01392	0.03005	0.80485	0.03606	0.01708	0.00696	0.00221	0.00316	0.01550	0.00506	0.00443
23	0.01066	0.01041	0.01862	0.68478	0.03625	0.01235	0.12096	0.01443	0.01118	0.01443	0.00988	0.01456	0.00741	0.00533	0.00559	0.00182	0.00754	0.00507	0.00247	0.00624
24	0.01432	0.01154	0.01235	0.01100	0.01416	0.01317	0.00859	0.02880	0.71209	0.07571	0.02214	0.02022	0.01642	0.00735	0.00554	0.00184	0.00434	0.00612	0.00563	0.00867
25	0.00670	0.00550	0.00590	0.00587	0.00754	0.00470	0.00438	0.00829	0.01292	0.01607	0.19260	0.08418	0.59956	0.01344	0.00646	0.00183	0.00274	0.01137	0.00524	0.00470
26	0.01304	0.01249	0.02130	0.14248	0.66895	0.01283	0.01650	0.01633	0.01220	0.01726	0.01017	0.01364	0.00844	0.00494	0.00540	0.00165	0.00659	0.00486	0.00266	0.00827
27	0.01605	0.01280	0.01365	0.01146	0.01495	0.01447	0.00914	0.30799	0.44636	0.02721	0.05253	0.01847	0.01538	0.00724	0.00555	0.00176	0.00488	0.00585	0.00553	0.00872
28	0.00684	0.00518	0.00631	0.00679	0.00780	0.00465	0.00480	0.00830	0.01223	0.01605	0.21421	0.39622	0.26148	0.01468	0.00668	0.00198	0.00290	0.01295	0.00529	0.00465
29	0.01093	0.02820	0.78016	0.01554	0.02360	0.01266	0.02014	0.01727	0.01151	0.01727	0.00978	0.01151	0.00691	0.00518	0.00518	0.00173	0.00806	0.00403	0.00230	0.00806
30	0.01104	0.00966	0.01318	0.01632	0.25304	0.00995	0.00967	0.01731	0.22771	0.01982	0.21359	0.02794	0.13106	0.00846	0.00585	0.00174	0.00434	0.00745	0.00469	0.00717
31	0.00671	0.00513	0.00620	0.00701	0.00794	0.00462	0.00498	0.00792	0.01130	0.01437	0.03910	0.48194	0.30271	0.01576	0.00681	0.00210	0.00314	0.06267	0.00506	0.00453
32	0.81566	0.01050	0.00819	0.00727	0.01067	0.01207	0.00598	0.01643	0.00952	0.05310	0.00812	0.00922	0.00619	0.00512	0.00345	0.00169	0.00423	0.00305	0.00350	0.00603
33	0.12295	0.00929	0.01177	0.00925	0.01314	0.00852	0.00760	0.04148	0.01506	0.61169	0.07635	0.01892	0.01534	0.00687	0.00530	0.00169	0.00446	0.00549	0.00625	0.00856
34	0.01964	0.02300	0.01521	0.01352	0.01656	0.60083	0.01030	0.11668	0.10115	0.01710	0.01057	0.01143	0.00839	0.00594	0.00506	0.00148	0.00872	0.00399	0.00346	0.00696
35	0.04193	0.00742	0.00971	0.00812	0.01083	0.00666	0.00645	0.01783	0.01522	0.36701	0.38309	0.02995	0.05461	0.00903	0.00590	0.00170	0.00357	0.00769	0.00623	0.00704
36	0.24987	0.01359	0.01340	0.01072	0.01468	0.04918	0.00879	0.40216	0.04797	0.11956	0.01272	0.01271	0.00903	0.00615	0.00486	0.00165	0.00545	0.00442	0.00492	0.00818
37	0.01167	0.00654	0.00670	0.00615	0.00786	0.00677	0.00475	0.11910	0.01346	0.02233	0.01711	0.01929	0.01330	0.00638	0.00405	0.00132	0.00304	0.00506	0.71944	0.00568
38	0.01740	0.01932	0.01344	0.01200	0.01469	0.48434	0.00913	0.08524	0.05010	0.04292	0.15559	0.01808	0.04053	0.00712	0.00535	0.00153	0.00747	0.00527	0.00398	0.00651
39	0.02285	0.00952	0.01256	0.00975	0.01376	0.00859	0.00801	0.08158	0.02834	0.65709	0.07227	0.01968	0.01582	0.00704	0.00555	0.00169	0.00460	0.00575	0.00658	0.00898
40	0.22295	0.00958	0.00783	0.00742	0.00868	0.11885	0.00500	0.01197	0.00935	0.01450	0.01349	0.02516	0.01445	0.48934	0.01829	0.00382	0.00566	0.00603	0.00325	0.00440
41	0.01030	0.00969	0.01635	0.79530	0.03755	0.01211	0.01514	0.01393	0.01090	0.01393	0.00969	0.01453	0.00727	0.00545	0.00545	0.00182	0.00727	0.00484	0.00242	0.00606
42	0.01093	0.02820	0.78016	0.01554	0.02360	0.01266	0.02014	0.01727	0.01151	0.01727	0.00978	0.01151	0.00691	0.00518	0.00518	0.00173	0.00806	0.00403	0.00230	0.00806
43	0.01198	0.01210	0.01764	0.01484	0.01518	0.01652	0.05708	0.01338	0.00862	0.01338	0.00739	0.01210	0.00722	0.00924	0.01719	0.00235	0.75044	0.00487	0.00241	0.00605
44	0.00748	0.00613	0.00672	0.00689	0.00860	0.00567	0.00530	0.01032	0.08359	0.01579	0.06316	0.12720	0.51056	0.01364	0.00655	0.00196	0.00324	0.10703	0.00513	0.00503
45	0.01018	0.00613	0.00812	0.00738	0.00909	0.00560	0.00568	0.01269	0.01536	0.13155	0.63768	0.03820	0.04526	0.01064	0.00633	0.00174	0.00295	0.03360	0.00608	0.00574
46	0.00779	0.00584	0.00876	0.00876	0.00974	0.00681	0.00681	0.00974	0.00876	0.01266	0.01460	0.02142	0.01363	0.04089	0.78680	0.00876	0.01460	0.00584	0.00292	0.00487
47	0.01696	0.01548	0.01718	0.01386	0.01730	0.12585	0.09797	0.29992	0.19666	0.02401	0.01362	0.01440	0.01033	0.00675	0.00703	0.00177	0.10326	0.00517	0.00440	0.00807
48	0.09188	0.00761	0.00891	0.00754	0.01033	0.00720	0.00602	0.01877	0.03879	0.33467	0.07222	0.02236	0.07302	0.00732	0.00490	0.00157	0.00364	0.00590	0.27036	0.00698
49	0.01093	0.02820	0.78016	0.01554	0.02360	0.01266	0.02014	0.01727	0.01151	0.01727	0.00978	0.01151	0.00691	0.00518	0.00518	0.00173	0.00806	0.00403	0.00230	0.00806
50	0.03541	0.00527	0.00525	0.00523	0.00644	0.00532	0.00383	0.01235	0.01104	0.01953	0.01742	0.02143	0.01428	0.08233	0.00607	0.00166	0.00285	0.00529	0.73408	0.00494
51	0.00697	0.00517	0.00731	0.00812	0.00869	0.00483	0.03026	0.00818	0.01087	0.01458	0.07446	0.71398	0.03595	0.01625	0.00692	0.00218	0.00337	0.03228	0.00504	0.00458
52	0.01179	0.01164	0.01772	0.55206	0.21844	0.06656	0.01521	0.01517	0.01159	0.01485	0.00974	0.01395	0.00759	0.00532	0.00540	0.00174	0.00725	0.00475	0.00252	0.00671
53	0.01327	0.02262	0.44189	0.03474	0.07350	0.06691	0.08688	0.10992	0.03749	0.01914	0.01055	0.01239	0.00778	0.00553	0.00578	0.00172	0.03453	0.00450	0.00291	0.00796
54	0.01065	0.20116	0.01730	0.01228	0.05945	0.01237	0.07819	0.01280	0.00988	0.01350	0.01157	0.01632	0.01059	0.02348	0.40150	0.00522	0.09006	0.00503	0.00270	0.00595
55	0.00944	0.00683	0.00870	0.00906	0.01034	0.00694	0.00705	0.11614	0.01353	0.01806	0.07681	0.37506	0.03081	0.01562	0.04211	0.00248	0.00462	0.23595	0.00507	0.00537
56	0.01265	0.01049	0.01203	0.00871	0.01349	0.00865	0.00702	0.11998	0.01336	0.02014	0.01018	0.01156	0.00825	0.00440	0.00424	0.00093	0.00432	0.00347	0.00355	0.72261
57	0.00688	0.00531	0.00610	0.00634	0.00752	0.00473	0.00449	0.00824	0.01207	0.01549	0.18193	0.23987	0.37621	0.08944	0.00859	0.00224	0.00307	0.01187	0.00507	0.00454
58	0.00748	0.00537	0.00721	0.00793	0.00878	0.00509	0.00596	0.00931	0.01252	0.01700	0.26519	0.38824	0.03985	0.01472	0.00692	0.00212	0.00341	0.18275	0.00535	0.00479
59	0.00820	0.00651	0.00752	0.00750	0.00902	0.00642	0.00552	0.01247	0.15635	0.01801	0.23835	0.24295	0.23505	0.01272	0.00641	0.00191	0.00311	0.01110	0.00541	0.00547
60	0.01677	0.01951	0.01380	0.01167	0.01529	0.47694	0.00892	0.01857	0.01380	0.01510	0.00893	0.01042	0.00744	0.00499	0.00457	0.00117	0.00753	0.00340	0.00298	0.33821
61	0.00705	0.00510	0.00676	0.00793	0.00854	0.00481	0.00574	0.00834	0.01099	0.01445	0.03154	0.60608	0.08550	0.01646	0.00704	0.00225	0.00350	0.15831	0.00505	0.00456
62	0.00663	0.00481	0.00626	0.00742	0.00786	0.00444	0.00498	0.00761	0.01061	0.01399	0.03218	0.74105	0.09848	0.01680	0.00691	0.00218	0.00313	0.01516	0.00506	0.00444
63	0.00843	0.00710	0.00750	0.00713	0.00920	0.00695	0.00542	0.01354	0.20401	0.01778	0.14707	0.04266	0.47928	0.01181	0.00621	0.00183	0.00313	0.00992	0.00532	0.00570
64	0.84691	0.01054	0.00801	0.00717	0.01054	0.01223	0.00590	0.01603	0.00928	0.02446	0.00759	0.00886	0.00590	0.00506	0.00337	0.00169	0.00422	0.00295	0.00337	0.00590
65	0.02037	0.02598	0.01545	0.01404	0.01685	0.78652	0.01053	0.02177	0.01545	0.01334	0.00843	0.00983	0.00702	0.00562	0.00492	0.00140	0.00983	0.00351	0.00281	0.00632
66	0.00753	0.00557	0.00703	0.00667	0.00803	0.00507	0.00500	0.00994	0.01500	0.02084	0.66902	0.04240	0.15458	0.01153	0.00643	0.00173	0.00260	0.01010	0.00587	0.00507
67	0.00866	0.00625	0.00776	0.00830	0.00920	0.00621	0.00582	0.11472	0.01261	0.01684	0.02762	0.69154	0.03222	0.01557	0.00674	0.00213	0.00357	0.01398	0.00512	0.00512
68	0.00976	0.00671	0.00744	0.00689	0.00751	0.00695	0.00431	0.11501	0.01046	0.01397	0.01659	0.03244	0.01831	0.69366	0.02456	0.00476	0.00539	0.00750	0.00361	0.00416
69	0.01130	0.00969	0.01130	0.00807	0.01292	0.00727	0.00646	0.01373	0.01130	0.01776	0.00969	0.01130	0.00807	0.00404	0.00404	0.00081	0.00404	0.00323	0.00323	0.84173
70	0.01054	0.00994	0.01679	0.73767	0.09329	0.01218	0.01526	0.01414	0.01102	0.01422	0.00973	0.01446	0.00737	0.00541	0.00545	0.00180	0.00721	0.00485	0.00244	0.00625
71	0.00772	0.00520	0.00601	0.00621	0.00626	0.00515	0.00358	0.00787	0.00833	0.01111	0.01923	0.15861	0.02242	0.68193	0.02443	0.00479	0.00495	0.00914	0.00358	0.00348
72	0.00664	0.00474	0.00633	0.00759	0.00791	0.00443	0.00506	0.00759	0.01044	0.01392	0.03005	0.80485	0.03606	0.01708	0.00696	0.00221	0.00316	0.01550	0.00506	0.00443
73	0.01431	0.01168	0.01393	0.12260	0.01784	0.01180	0.00931	0.25034	0.05843	0.02256	0.01137	0.01287	0.00878	0.00547	0.00540	0.00134	0.04070	0.00423	0.00391	0.37312
74	0.00982	0.00576	0.00848	0.00813	0.00813	0.00645	0.00576	0.00796	0.00728	0.00999	0.00914	0.01591	0.00914	0.01759	0.02082	0.72132	0.11831	0.00474	0.00237	0.00288
75	0.01093	0.02820	0.78016	0.01554	0.02360	0.01266	0.02014	0.01727	0.01151	0.01727	0.00978	0.01151	0.00691	0.00518	0.00518	0.00173	0.00806	0.00403	0.00230	0.00806
76	0.00748	0.00553	0.00715	0.00808	0.00911	0.00521	0.00631	0.00919	0.01188	0.01537	0.06822	0.33053	0.18504	0.01537	0.00705	0.00223	0.00377	0.29267	0.00509	0.00472
77	0.01410	0.01242	0.02041	0.13986	0.57972	0.01279	0.01562	0.06185	0.01318	0.06143	0.01099	0.01391	0.00875	0.00515	0.00541	0.00165	0.00646	0.00489	0.00306	0.00834
78	0.02137	0.13000	0.01619	0.01131	0.01516	0.25801	0.00924	0.09617	0.01590	0.35182	0.01452	0.01384	0.01009	0.00607	0.00502	0.00152	0.00659	0.00443	0.00474	0.00801
79	0.01969	0.02023	0.01380	0.01219	0.01511	0.52415	0.00931	0.07138	0.01566	0.12510	0.01180	0.01262	0.00898	0.00594	0.00489	0.00144	0.00791	0.00409	0.10891	0.00679
80	0.01104	0.01001	0.01612	0.15251	0.35556	0.01062	0.01256	0.01400	0.01276	0.01797	0.23040	0.02280	0.02132	0.00738	0.00661	0.00176	0.05876	0.02727	0.00365	0.00691
81	0.13561	0.12897	0.13604	0.01254	0.01638	0.30733	0.01133	0.08549	0.01361	0.01737	0.00871	0.01030	0.00706	0.00580	0.00582	0.00158	0.08259	0.00368	0.00295	0.00686
82	0.01135	0.00992	0.01644	0.42451	0.24753	0.01107	0.01384	0.01441	0.01149	0.04958	0.01330	0.12751	0.01207	0.00700	0.00565	0.00181	0.00633	0.00640	0.00308	0.00672
83	0.00680	0.00486	0.00646	0.00749	0.00794	0.00453	0.00507	0.00798	0.01115	0.01505	0.13615	0.69550	0.03826	0.01623	0.00688	0.00214	0.00308	0.01469	0.00520	0.00453
84	0.01394	0.11478	0.15258	0.01121	0.01485	0.27547	0.01022	0.03603	0.01339	0.03770	0.02075	0.09320	0.16773	0.00824	0.00533	0.00161	0.00669	0.00639	0.00352	0.00635
85	0.01273	0.09185	0.08265	0.01291	0.04922	0.12278	0.05531	0.03984	0.15066	0.01701	0.03027	0.12951	0.03810	0.00887	0.00653	0.00184	0.05933	0.07993	0.00391	0.00674
86	0.01254	0.00791	0.01157	0.10986	0.10229	0.00793	0.00942	0.01479	0.01226	0.17153	0.02160	0.04801	0.03273	0.12452	0.00947	0.00253	0.00536	0.28495	0.00454	0.00618
87	0.01273	0.01005	0.01656	0.58527	0.12857	0.01163	0.01432	0.01610	0.01177	0.12379	0.01145	0.01498	0.00833	0.00556	0.00545	0.00177	0.00679	0.00494	0.00308	0.00685
88	0.01326	0.01350	0.10346	0.01986	0.27188	0.03260	0.07701	0.02788	0.11009	0.08053	0.01536	0.12772	0.01364	0.00747	0.00654	0.00182	0.05938	0.00660	0.00372	0.00768
89	0.01302	0.01241	0.02063	0.19783	0.35856	0.01315	0.12213	0.05137	0.12037	0.01836	0.01208	0.01486	0.00945	0.00539	0.00558	0.00173	0.00672	0.00527	0.00318	0.00790
90	0.00673	0.00504	0.00627	0.00713	0.00791	0.00458	0.00498	0.00794	0.01130	0.01466	0.07838	0.54548	0.22043	0.01585	0.00682	0.00210	0.00310	0.04163	0.00511	0.00453
91	0.01090	0.01573	0.24022	0.01105	0.01392	0.12035	0.01052	0.01326	0.01046	0.01367	0.01421	0.09590	0.01468	0.28124	0.01432	0.00302	0.08460	0.02332	0.00305	0.00557
92	0.01277	0.06272	0.36617	0.12076	0.07929	0.01365	0.01583	0.11154	0.01306	0.03598	0.01078	0.03747	0.00850	0.00617	0.00644	0.00177	0.08178	0.00472	0.00295	0.00765
93	0.01672	0.13264	0.01710	0.01293	0.01606	0.38586	0.05516	0.07590	0.07361	0.01635	0.01317	0.01930	0.01191	0.00714	0.00531	0.00163	0.00773	0.12130	0.00351	0.00668
94	0.01437	0.01460	0.01270	0.01012	0.01409	0.24215	0.00790	0.01641	0.01259	0.03888	0.01032	0.01178	0.02050	0.00496	0.00491	0.00109	0.03597	0.00358	0.00321	0.51987
95	0.01290	0.45081	0.37475	0.01219	0.01842	0.01747	0.01431	0.01676	0.01128	0.01487	0.00859	0.01002	0.00695	0.00490	0.00427	0.00142	0.00686	0.00343	0.00232	0.00748
96	0.01165	0.01137	0.01865	0.01509	0.01831	0.04565	0.30284	0.03908	0.13835	0.01778	0.01954	0.18273	0.01896	0.00937	0.00647	0.00200	0.00642	0.12500	0.00414	0.00661
97	0.00773	0.00549	0.00751	0.00816	0.00896	0.00569	0.00617	0.00937	0.01023	0.01416	0.02363	0.28141	0.04295	0.07250	0.27367	0.00462	0.00750	0.15067	0.05490	0.00467
98	0.00701	0.00555	0.00631	0.00612	0.00771	0.00485	0.00459	0.00893	0.01377	0.01792	0.37615	0.04721	0.44927	0.01261	0.00644	0.00178	0.00268	0.01077	0.00548	0.00485
99	0.01538	0.01262	0.01335	0.01146	0.01487	0.01441	0.00907	0.21381	0.57674	0.02574	0.01988	0.01850	0.01477	0.00718	0.00552	0.00179	0.00474	0.00584	0.00552	0.00879
100	0.01093	0.02820	0.78016	0.01554	0.02360	0.01266	0.02014	0.01727	0.01151	0.01727	0.00978	0.01151	0.00691	0.00518	0.00518	0.00173	0.00806	0.00403	0.00230	0.00806
101	0.00775	0.00675	0.04940	0.00881	0.00975	0.00597	0.00698	0.00938	0.01085	0.01479	0.02694	0.53536	0.03104	0.01519	0.00748	0.00222	0.04893	0.16113	0.03643	0.00486
102	0.00677	0.00491	0.00643	0.00760	0.00809	0.00457	0.00524	0.00786	0.01073	0.01414	0.03187	0.69779	0.09143	0.01670	0.00696	0.00221	0.00326	0.06391	0.00506	0.00448
103	0.01193	0.01193	0.01670	0.01431	0.01431	0.01670	0.01193	0.01312	0.00835	0.01312	0.00716	0.01193	0.00716	0.00954	0.01789	0.00239	0.79843	0.00477	0.00239	0.00596
104	0.01737	0.01741	0.01639	0.01364	0.01720	0.25980	0.08870	0.20005	0.26967	0.02201	0.01445	0.01467	0.01093	0.00633	0.00542	0.00166	0.00699	0.00505	0.00436	0.00792
105	0.01132	0.00936	0.01040	0.00947	0.01187	0.01034	0.00729	0.02181	0.47752	0.02244	0.30930	0.02815	0.02998	0.00883	0.00589	0.00180	0.00365	0.00758	0.00572	0.00729
106	0.02446	0.00928	0.01265	0.00970	0.01392	0.00801	0.00801	0.02657	0.01560	0.77817	0.02151	0.01856	0.01350	0.00675	0.00548	0.00169	0.00464	0.00548	0.00675	0.00928
107	0.00947	0.00473	0.00710	0.00710	0.00710	0.00473	0.00473	0.00710	0.00710	0.00947	0.00947	0.01657	0.00947	0.01894	0.02131	0.84138	0.00473	0.00473	0.00237	0.00237
108	0.01194	0.01218	0.01423	0.01267	0.01336	0.12401	0.01025	0.01338	0.00948	0.01302	0.00949	0.01436	0.00900	0.01802	0.23775	0.00408	0.45956	0.00490	0.00260	0.00570

[dist]
# distance from previous block
# <min> <max>
0	1

[block]
# block no. 6 follows, 44 sequences, length 32
# corresponding to MSA columns:
# 706-737
name=unknown_G
#
# <colnr> <probs for GDERKNQSTAVLIFYWHMCP>
#	G	D	E	R	K	N	Q	S	T	A	V	L	I	F	Y	W	H	M	C	P
0	0.02037	0.02598	0.01545	0.01404	0.01685	0.78652	0.01053	0.02177	0.01545	0.01334	0.00843	0.00983	0.00702	0.00562	0.00492	0.00140	0.00983	0.00351	0.00281	0.00632
1	0.01356	0.01171	0.01233	0.01109	0.01418	0.01356	0.00863	0.02897	0.76455	0.02281	0.02219	0.02034	0.01664	0.00740	0.00555	0.00185	0.00431	0.00616	0.00555	0.00863
2	0.00664	0.00474	0.00633	0.00759	0.00791	0.00443	0.00506	0.00759	0.01044	0.01392	0.03005	0.80485	0.03606	0.01708	0.00696	0.00221	0.00316	0.01550	0.00506	0.00443
3	0.84691	0.01054	0.00801	0.00717	0.01054	0.01223	0.00590	0.01603	0.00928	0.02446	0.00759	0.00886	0.00590	0.00506	0.00337	0.00169	0.00422	0.00295	0.00337	0.00590
4	0.01575	0.01871	0.01332	0.01246	0.01425	0.48420	0.00935	0.01702	0.01322	0.01346	0.01370	0.21032	0.01435	0.00904	0.00721	0.00174	0.11609	0.00670	0.00332	0.00579
5	0.01234	0.01170	0.01953	0.02445	0.45102	0.01154	0.09406	0.01519	0.01158	0.01673	0.01084	0.01533	0.00954	0.06891	0.04426	0.00218	0.04662	0.00508	0.00282	0.12627
6	0.04614	0.01096	0.00889	0.00914	0.01049	0.21951	0.00657	0.01202	0.01217	0.01458	0.04811	0.43361	0.10752	0.01285	0.00618	0.00192	0.00501	0.02486	0.00440	0.00506
7	0.00823	0.00629	0.00881	0.00858	0.00921	0.00739	0.00641	0.00960	0.00851	0.01217	0.01454	0.02415	0.01459	0.23459	0.51731	0.00725	0.08857	0.00627	0.00297	0.00457
8	0.01267	0.00621	0.00756	0.00674	0.00869	0.00578	0.00522	0.01512	0.01372	0.19623	0.26711	0.02664	0.02621	0.00802	0.00506	0.00151	0.00304	0.00675	0.37163	0.00607
9	0.01316	0.00956	0.01072	0.00918	0.01203	0.00990	0.00719	0.17448	0.17324	0.04713	0.01780	0.11489	0.01528	0.01034	0.06737	0.00212	0.00500	0.00634	0.15242	0.14184
10	0.01105	0.02749	0.74467	0.01638	0.05874	0.01267	0.01998	0.01724	0.01155	0.01729	0.00981	0.01160	0.00699	0.00516	0.00519	0.00172	0.00798	0.00407	0.00232	0.00808
11	0.01762	0.01435	0.05293	0.11070	0.11243	0.01466	0.03617	0.44708	0.02000	0.06460	0.01237	0.01348	0.00896	0.00597	0.00540	0.00163	0.00626	0.00486	0.00448	0.04604
12	0.02069	0.01641	0.01626	0.01270	0.01690	0.09882	0.01038	0.67805	0.02455	0.03212	0.01259	0.01274	0.00903	0.00645	0.00540	0.00161	0.00641	0.00476	0.00517	0.00896
13	0.00767	0.00909	0.13557	0.00849	0.01068	0.00610	0.00765	0.01004	0.01218	0.01639	0.17945	0.30980	0.19133	0.01308	0.00648	0.00197	0.00390	0.06008	0.00479	0.00525
14	0.13417	0.05345	0.27075	0.01469	0.02036	0.01280	0.20290	0.07217	0.01294	0.09206	0.01123	0.01281	0.00812	0.00523	0.00514	0.00167	0.00695	0.00464	0.02303	0.03486
15	0.01638	0.01929	0.01551	0.01456	0.04949	0.44612	0.01098	0.01787	0.01270	0.01357	0.00930	0.01340	0.00850	0.00893	0.04796	0.00213	0.24910	0.03525	0.00277	0.00619
16	0.00782	0.00572	0.00815	0.00815	0.00892	0.00648	0.00606	0.00935	0.00858	0.01221	0.01516	0.02450	0.01497	0.20661	0.62291	0.00801	0.01259	0.00629	0.00300	0.00453
17	0.01638	0.06395	0.01575	0.01459	0.10202	0.25317	0.01034	0.09213	0.33396	0.01979	0.01486	0.01495	0.01150	0.00632	0.00521	0.00163	0.00651	0.00489	0.00418	0.00788
18	0.05180	0.01300	0.09658	0.01027	0.01515	0.01053	0.00919	0.19472	0.01559	0.18356	0.01294	0.01319	0.00929	0.00538	0.00478	0.00133	0.00508	0.00419	0.00441	0.33902
19	0.01376	0.23891	0.34161	0.01527	0.10147	0.08300	0.01482	0.06289	0.04908	0.01708	0.00991	0.01135	0.00774	0.00523	0.00476	0.00153	0.00712	0.00393	0.00275	0.00778
20	0.01260	0.01323	0.01052	0.00996	0.01196	0.26403	0.00742	0.01665	0.14608	0.01714	0.18852	0.15833	0.10180	0.00995	0.00587	0.00173	0.00539	0.00825	0.00461	0.00597
21	0.00736	0.00550	0.00700	0.00794	0.00898	0.00514	0.00616	0.00898	0.01171	0.01499	0.03614	0.34316	0.22475	0.01551	0.00703	0.00222	0.00373	0.27397	0.00505	0.00469
22	0.01030	0.00969	0.01635	0.79530	0.03755	0.01211	0.01514	0.01393	0.01090	0.01393	0.00969	0.01453	0.00727	0.00545	0.00545	0.00182	0.00727	0.00484	0.00242	0.00606
23	0.01795	0.08262	0.03929	0.01466	0.01804	0.42452	0.10470	0.12434	0.01544	0.01690	0.00927	0.01107	0.00751	0.00592	0.00635	0.00158	0.08567	0.00417	0.00309	0.00693
