[name]
unknown

[dist]
# distance from previous block
# <min> <max>
0	561

[block]
# block no. 0 follows, 42 sequences, length 21
# corresponding to MSA columns:
# 561-581
name=unknown_A
#
# <colnr> <probs for GDERKNQSTAVLIFYWHMCP>
#	G	D	E	R	K	N	Q	S	T	A	V	L	I	F	Y	W	H	M	C	P
0	0.00907	0.00648	0.00907	0.01036	0.01166	0.00648	0.00907	0.01166	0.01296	0.01684	0.02980	0.06348	0.03239	0.01555	0.00777	0.00259	0.00518	0.72924	0.00518	0.00518
1	0.01167	0.01000	0.01167	0.00834	0.01334	0.00750	0.00667	0.01417	0.01167	0.01834	0.01000	0.01167	0.00834	0.00417	0.00417	0.00083	0.00417	0.00333	0.00333	0.83663
2	0.01282	0.01091	0.01168	0.01058	0.01344	0.01236	0.00819	0.02621	0.61899	0.02305	0.13057	0.02543	0.05427	0.00847	0.00590	0.00189	0.00413	0.00714	0.00577	0.00821
3	0.00714	0.00566	0.00643	0.00636	0.00794	0.00494	0.00472	0.00898	0.01380	0.01782	0.31204	0.10582	0.45137	0.01351	0.00669	0.00188	0.00281	0.01157	0.00558	0.00494
4	0.01979	0.01489	0.01601	0.01241	0.01681	0.01627	0.01017	0.61008	0.10520	0.03277	0.01425	0.01418	0.01030	0.00664	0.00552	0.00164	0.00584	0.00507	0.00545	0.07669
5	0.00838	0.00586	0.00758	0.00709	0.00853	0.00536	0.00534	0.01096	0.01577	0.04321	0.70628	0.04203	0.08927	0.01152	0.00661	0.00178	0.00273	0.01014	0.00617	0.00540
6	0.01206	0.06945	0.01356	0.01046	0.01283	0.01116	0.02893	0.14879	0.01365	0.01903	0.07561	0.12538	0.01749	0.03831	0.16658	0.00335	0.10741	0.00691	0.00399	0.11504
7	0.01406	0.01726	0.28885	0.12096	0.14241	0.01182	0.01499	0.01978	0.09639	0.13625	0.01411	0.01547	0.01020	0.00593	0.00541	0.00175	0.00654	0.00497	0.06468	0.00817
8	0.03613	0.22329	0.34455	0.15736	0.02311	0.01534	0.01536	0.06371	0.01266	0.01751	0.03538	0.01278	0.00892	0.00556	0.00496	0.00164	0.00713	0.00425	0.00278	0.00757
9	0.01295	0.28811	0.31975	0.01177	0.01725	0.01437	0.01316	0.01675	0.01257	0.07351	0.11758	0.05103	0.01551	0.00671	0.00504	0.00160	0.00624	0.00526	0.00340	0.00745
10	0.00707	0.00501	0.00644	0.00751	0.00782	0.00472	0.00491	0.00790	0.01041	0.01383	0.02955	0.65575	0.05357	0.14454	0.01064	0.00279	0.00361	0.01463	0.00493	0.00439
11	0.01063	0.00795	0.03339	0.00827	0.01017	0.00751	0.00643	0.09396	0.02444	0.07221	0.05966	0.07764	0.19706	0.17930	0.18181	0.00418	0.00682	0.00844	0.00450	0.00563
12	0.01412	0.02159	0.38443	0.09222	0.11094	0.03901	0.01693	0.17818	0.01511	0.02110	0.01072	0.01275	0.00793	0.00588	0.00608	0.00178	0.04519	0.00456	0.00317	0.00830
13	0.01189	0.01145	0.02007	0.26653	0.29511	0.01237	0.11513	0.01532	0.01217	0.01680	0.06609	0.01699	0.01195	0.00838	0.05871	0.00231	0.04285	0.00568	0.00296	0.00724
14	0.00688	0.00495	0.00653	0.00774	0.00815	0.00460	0.00519	0.00792	0.01099	0.01461	0.05123	0.75094	0.06477	0.01734	0.00715	0.00226	0.00323	0.01569	0.00525	0.00460
15	0.59257	0.01418	0.03264	0.01102	0.06953	0.12553	0.00830	0.05582	0.01171	0.02337	0.00853	0.00996	0.00669	0.00538	0.00404	0.00169	0.00559	0.00342	0.00343	0.00662
16	0.12285	0.01559	0.21034	0.15736	0.15927	0.01237	0.02562	0.01715	0.08804	0.01871	0.03400	0.01734	0.06535	0.00647	0.00571	0.00181	0.02600	0.00533	0.00328	0.00741
17	0.01359	0.01843	0.21983	0.05356	0.22410	0.11000	0.01489	0.05025	0.07795	0.01805	0.01492	0.01669	0.07021	0.00665	0.00653	0.00178	0.06621	0.00528	0.00323	0.00782
18	0.00726	0.00559	0.00700	0.00723	0.00844	0.00533	0.00532	0.00894	0.01206	0.01590	0.17404	0.22516	0.28543	0.02086	0.18117	0.00358	0.00567	0.01124	0.00491	0.00487
19	0.01743	0.04407	0.10397	0.01270	0.01706	0.08257	0.01116	0.34725	0.23275	0.02675	0.01641	0.01616	0.03236	0.00690	0.00554	0.00173	0.00619	0.00533	0.00492	0.00875
20	0.07458	0.12038	0.32894	0.01207	0.01715	0.01278	0.01305	0.09794	0.03582	0.01972	0.06837	0.14444	0.01595	0.00798	0.00542	0.00178	0.00612	0.00649	0.00368	0.00733

[dist]
# distance from previous block
# <min> <max>
0	59

[block]
# block no. 1 follows, 42 sequences, length 20
# corresponding to MSA columns:
# 641-660
name=unknown_B
#
# <colnr> <probs for GDERKNQSTAVLIFYWHMCP>
#	G	D	E	R	K	N	Q	S	T	A	V	L	I	F	Y	W	H	M	C	P
0	0.01333	0.08257	0.52621	0.01464	0.02130	0.07170	0.01718	0.03699	0.04123	0.05614	0.01182	0.01315	0.02269	0.00592	0.00584	0.00175	0.04219	0.00440	0.00292	0.00806
1	0.01171	0.05974	0.36056	0.01816	0.20903	0.01173	0.01548	0.01583	0.01201	0.01765	0.06781	0.01569	0.01186	0.00700	0.00671	0.07230	0.00662	0.00492	0.06773	0.00745
2	0.00707	0.00503	0.00643	0.00746	0.00780	0.00473	0.00488	0.00791	0.01042	0.01382	0.02989	0.63751	0.06582	0.15023	0.01079	0.00281	0.00362	0.01450	0.00492	0.00438
3	0.07853	0.18614	0.25126	0.01358	0.05529	0.11028	0.02586	0.04932	0.05536	0.01774	0.01323	0.06123	0.03299	0.00664	0.00506	0.00166	0.00685	0.01836	0.00320	0.00740
4	0.01643	0.27174	0.21986	0.01427	0.07480	0.10305	0.01332	0.12435	0.01473	0.08218	0.01077	0.01178	0.00824	0.00554	0.00485	0.00153	0.00706	0.00405	0.00333	0.00810
5	0.00697	0.00518	0.00651	0.00730	0.00809	0.00471	0.00505	0.00828	0.01192	0.01571	0.14136	0.54247	0.18371	0.01608	0.00700	0.00214	0.00310	0.01435	0.00536	0.00471
6	0.01149	0.00558	0.00588	0.00565	0.00713	0.00549	0.00424	0.01394	0.01194	0.07724	0.01862	0.02167	0.01470	0.04790	0.00535	0.00156	0.00293	0.00543	0.72779	0.00548
7	0.00818	0.00546	0.00614	0.00614	0.00614	0.00546	0.00341	0.00818	0.00818	0.01091	0.01773	0.03683	0.02046	0.80222	0.02864	0.00546	0.00546	0.00818	0.00341	0.00341
8	0.01593	0.29602	0.23691	0.01342	0.01906	0.08145	0.07054	0.11268	0.01437	0.07468	0.01063	0.01175	0.00811	0.00545	0.00488	0.00155	0.00722	0.00414	0.00323	0.00798
9	0.00816	0.00556	0.00669	0.00669	0.00687	0.00575	0.00409	0.00854	0.00835	0.01132	0.01723	0.03406	0.01926	0.65911	0.17011	0.00613	0.00727	0.00778	0.00334	0.00371
10	0.84197	0.01088	0.00827	0.00740	0.01088	0.01262	0.00609	0.01654	0.00958	0.02525	0.00784	0.00914	0.00609	0.00522	0.00348	0.00174	0.00435	0.00305	0.00348	0.00609
11	0.00699	0.00522	0.00650	0.00722	0.00807	0.00474	0.00502	0.00835	0.01210	0.01592	0.15884	0.50164	0.20718	0.01584	0.00697	0.00211	0.00307	0.01408	0.00539	0.00474
12	0.01129	0.02911	0.77306	0.01604	0.02436	0.01307	0.02079	0.01782	0.01188	0.01782	0.01010	0.01188	0.00713	0.00535	0.00535	0.00178	0.00832	0.00416	0.00238	0.00832
13	0.00738	0.00555	0.00716	0.00750	0.00847	0.00550	0.00542	0.00886	0.01102	0.01469	0.10177	0.25933	0.19847	0.08502	0.24248	0.00444	0.00685	0.01086	0.00451	0.00473
14	0.01472	0.73773	0.09449	0.01019	0.01531	0.02146	0.01061	0.01694	0.01147	0.01364	0.00802	0.00928	0.00721	0.00486	0.00376	0.00125	0.00622	0.00311	0.00240	0.00732
15	0.25621	0.22563	0.28929	0.01118	0.01668	0.01511	0.01236	0.04211	0.01159	0.01957	0.00937	0.01084	0.00730	0.00528	0.00428	0.00159	0.00619	0.00362	0.04453	0.00727
16	0.00832	0.00725	0.04671	0.00726	0.00907	0.00609	0.00578	0.01138	0.06432	0.01855	0.28672	0.09762	0.25083	0.07356	0.00804	0.00211	0.00339	0.00996	0.07771	0.00534
17	0.01094	0.12152	0.45258	0.01283	0.01863	0.01225	0.01494	0.01613	0.04321	0.01796	0.13739	0.08567	0.01782	0.00747	0.00552	0.00176	0.00648	0.00614	0.00340	0.00737
18	0.00941	0.01310	0.22471	0.01028	0.01359	0.00883	0.01009	0.01397	0.10037	0.01603	0.04242	0.06638	0.13344	0.12493	0.18348	0.00398	0.00772	0.00737	0.00376	0.00614
19	0.01409	0.28577	0.02246	0.01849	0.26118	0.05041	0.04207	0.01764	0.06862	0.01665	0.01109	0.03732	0.00969	0.00546	0.00479	0.00143	0.00611	0.00455	0.00304	0.11915

[dist]
# distance from previous block
# <min> <max>
3	15

[block]
# block no. 2 follows, 42 sequences, length 10
# corresponding to MSA columns:
# 676-685
name=unknown_C
#
# <colnr> <probs for GDERKNQSTAVLIFYWHMCP>
#	G	D	E	R	K	N	Q	S	T	A	V	L	I	F	Y	W	H	M	C	P
0	0.01359	0.04596	0.17964	0.02082	0.29923	0.07635	0.01438	0.01928	0.13581	0.01826	0.01248	0.01483	0.01009	0.03550	0.00618	0.00177	0.00666	0.00484	0.00325	0.08108
1	0.00811	0.00651	0.00801	0.07601	0.01145	0.00638	0.00640	0.01103	0.06697	0.01701	0.17393	0.15399	0.30732	0.03902	0.00741	0.00212	0.00372	0.08422	0.00514	0.00526
2	0.00890	0.00602	0.00790	0.00781	0.00926	0.00593	0.00591	0.01067	0.01172	0.07769	0.11667	0.15562	0.22376	0.02432	0.29600	0.00461	0.00763	0.00963	0.00466	0.00529
3	0.01295	0.01237	0.02107	0.25922	0.55013	0.01311	0.01678	0.01641	0.01235	0.01719	0.01041	0.01425	0.00849	0.00520	0.00559	0.00173	0.00693	0.00501	0.00270	0.00812
4	0.00690	0.00571	0.00605	0.00596	0.00775	0.00486	0.00447	0.00856	0.01342	0.01660	0.19132	0.05186	0.62965	0.01373	0.00665	0.00188	0.00281	0.01155	0.00541	0.00486
5	0.01214	0.20599	0.60368	0.01458	0.02210	0.01516	0.01825	0.01760	0.01178	0.01678	0.00958	0.01123	0.00715	0.00523	0.00495	0.00165	0.00779	0.00390	0.00238	0.00807
6	0.00734	0.00567	0.00669	0.00656	0.00805	0.00502	0.00487	0.00936	0.01426	0.01889	0.41559	0.10361	0.34759	0.01310	0.00668	0.00186	0.00278	0.01132	0.00572	0.00502
7	0.01167	0.01000	0.01167	0.00834	0.01334	0.00750	0.00667	0.01417	0.01167	0.01834	0.01000	0.01167	0.00834	0.00417	0.00417	0.00083	0.00417	0.00333	0.00333	0.83663
8	0.02525	0.00958	0.01306	0.01001	0.01437	0.00827	0.00827	0.02743	0.01611	0.77102	0.02220	0.01915	0.01393	0.00697	0.00566	0.00174	0.00479	0.00566	0.00697	0.00958
9	0.02102	0.02682	0.01595	0.01450	0.01740	0.77963	0.01087	0.02247	0.01595	0.01377	0.00870	0.01015	0.00725	0.00580	0.00507	0.00145	0.01015	0.00362	0.00290	0.00652

[dist]
# distance from previous block
# <min> <max>
1	15

[block]
# block no. 3 follows, 42 sequences, length 19
# corresponding to MSA columns:
# 701-719
name=unknown_D
#
# <colnr> <probs for GDERKNQSTAVLIFYWHMCP>
#	G	D	E	R	K	N	Q	S	T	A	V	L	I	F	Y	W	H	M	C	P
0	0.00861	0.00666	0.00946	0.00893	0.01057	0.00711	0.00698	0.01070	0.00946	0.01390	0.01427	0.02046	0.01317	0.03621	0.65764	0.00775	0.01335	0.00560	0.00307	0.13611
1	0.01505	0.80561	0.02949	0.00963	0.01444	0.02227	0.00963	0.01685	0.01143	0.01324	0.00782	0.00903	0.00722	0.00481	0.00361	0.00120	0.00602	0.00301	0.00241	0.00722
2	0.00683	0.00498	0.00644	0.00761	0.00810	0.00459	0.00512	0.00786	0.01099	0.01446	0.03380	0.71893	0.11504	0.01727	0.00713	0.00224	0.00322	0.01556	0.00522	0.00459
3	0.00708	0.00520	0.00665	0.00738	0.00815	0.00476	0.00512	0.00851	0.01223	0.01636	0.20278	0.52706	0.13643	0.01578	0.00699	0.00212	0.00307	0.01412	0.00545	0.00476
4	0.01162	0.00633	0.00645	0.00604	0.00768	0.00651	0.00463	0.08916	0.01332	0.02248	0.01786	0.02021	0.01392	0.00658	0.00411	0.00135	0.00299	0.00523	0.74784	0.00569
5	0.01018	0.00684	0.00854	0.00839	0.00998	0.00673	0.00626	0.01424	0.12847	0.09045	0.28205	0.28676	0.05986	0.01277	0.00664	0.00200	0.00346	0.04457	0.00580	0.00600
6	0.01129	0.02911	0.77306	0.01604	0.02436	0.01307	0.02079	0.01782	0.01188	0.01782	0.01010	0.01188	0.00713	0.00535	0.00535	0.00178	0.00832	0.00416	0.00238	0.00832
7	0.84197	0.01088	0.00827	0.00740	0.01088	0.01262	0.00609	0.01654	0.00958	0.02525	0.00784	0.00914	0.00609	0.00522	0.00348	0.00174	0.00435	0.00305	0.00348	0.00609
8	0.00684	0.00498	0.00644	0.00761	0.00810	0.00459	0.00513	0.00786	0.01099	0.01445	0.03371	0.72130	0.11273	0.01728	0.00713	0.00225	0.00322	0.01557	0.00522	0.00459
9	0.12427	0.00810	0.00875	0.00766	0.00998	0.00836	0.00603	0.12732	0.01542	0.07693	0.26152	0.02502	0.02523	0.00806	0.00514	0.00161	0.00357	0.00657	0.26411	0.00635
10	0.01151	0.01162	0.06779	0.43918	0.02798	0.01228	0.01303	0.05159	0.18054	0.01776	0.01811	0.02026	0.09076	0.00704	0.00574	0.00187	0.00631	0.00599	0.00366	0.00699
11	0.02488	0.01017	0.01343	0.01029	0.01466	0.00915	0.00850	0.09625	0.01710	0.70079	0.02137	0.01862	0.01351	0.00695	0.00566	0.00174	0.00492	0.00560	0.00684	0.00958
12	0.00705	0.00498	0.00647	0.00759	0.00787	0.00470	0.00496	0.00789	0.01040	0.01386	0.02908	0.68745	0.03478	0.13207	0.01031	0.00275	0.00358	0.01486	0.00496	0.00440
13	0.09998	0.00979	0.01448	0.05578	0.31361	0.01016	0.01104	0.04374	0.01231	0.01844	0.06843	0.19764	0.01875	0.01237	0.08616	0.00260	0.00625	0.00781	0.00379	0.00685
14	0.01729	0.01300	0.01223	0.06473	0.01488	0.16650	0.00848	0.15130	0.05093	0.15707	0.05885	0.01789	0.01387	0.00678	0.00514	0.00158	0.00562	0.00528	0.22125	0.00731
15	0.00816	0.00556	0.00669	0.00669	0.00687	0.00575	0.00409	0.00854	0.00835	0.01132	0.01723	0.03406	0.01926	0.65908	0.17014	0.00613	0.00727	0.00778	0.00334	0.00371
16	0.01046	0.00975	0.01131	0.07131	0.12318	0.08786	0.00890	0.01347	0.05950	0.01682	0.10185	0.13582	0.20415	0.01131	0.00642	0.00195	0.00498	0.11040	0.00454	0.00601
17	0.37512	0.03505	0.06346	0.00903	0.01200	0.10882	0.00762	0.03822	0.01104	0.03977	0.00992	0.01241	0.00808	0.00833	0.00764	0.16659	0.00545	0.00388	0.07182	0.00575
18	0.01457	0.09368	0.01789	0.05665	0.21328	0.18268	0.03395	0.04490	0.01360	0.01698	0.01425	0.01601	0.07936	0.00596	0.00512	0.00145	0.00663	0.00486	0.00321	0.17495

[dist]
# distance from previous block
# <min> <max>
2	5

[block]
# block no. 4 follows, 42 sequences, length 6
# corresponding to MSA columns:
# 725-730
name=unknown_E
#
# <colnr> <probs for GDERKNQSTAVLIFYWHMCP>
#	G	D	E	R	K	N	Q	S	T	A	V	L	I	F	Y	W	H	M	C	P
0	0.01348	0.10281	0.01448	0.03047	0.06468	0.13325	0.03469	0.03489	0.08108	0.06205	0.06520	0.08347	0.11498	0.07096	0.00738	0.00194	0.00566	0.00698	0.00415	0.06741
1	0.00980	0.00832	0.00946	0.00740	0.01115	0.00647	0.00581	0.01197	0.01234	0.01763	0.07808	0.02744	0.25421	0.00792	0.00514	0.00124	0.00364	0.00656	0.00414	0.51130
2	0.01501	0.01608	0.10528	0.04115	0.18177	0.12452	0.07944	0.11747	0.06119	0.05602	0.04289	0.06211	0.05764	0.00716	0.00579	0.00175	0.00680	0.00620	0.00393	0.00779
3	0.00785	0.00576	0.00799	0.00810	0.00893	0.00622	0.00595	0.00945	0.00991	0.01384	0.08753	0.12153	0.05543	0.15688	0.46085	0.00667	0.01042	0.00822	0.00373	0.00472
4	0.01440	0.07464	0.08173	0.24227	0.08174	0.11463	0.01249	0.01936	0.12030	0.09501	0.05128	0.01750	0.03780	0.00653	0.00547	0.00173	0.00663	0.00535	0.00376	0.00738
5	0.00753	0.00592	0.00782	0.00831	0.00901	0.00621	0.00603	0.00880	0.01063	0.01420	0.03057	0.45306	0.15938	0.02081	0.14919	0.00347	0.07723	0.01244	0.00457	0.00483

[dist]
# distance from previous block
# <min> <max>
6	20

[block]
# block no. 5 follows, 42 sequences, length 63
# corresponding to MSA columns:
# 751-813
name=unknown_F
#
# <colnr> <probs for GDERKNQSTAVLIFYWHMCP>
#	G	D	E	R	K	N	Q	S	T	A	V	L	I	F	Y	W	H	M	C	P
0	0.01103	0.00918	0.01217	0.06876	0.12921	0.00991	0.00907	0.06802	0.16087	0.01820	0.04746	0.07534	0.11247	0.07412	0.16521	0.00359	0.00703	0.00749	0.00423	0.00664
1	0.00756	0.00584	0.00703	0.00751	0.00897	0.00531	0.00593	0.00943	0.01302	0.01655	0.13921	0.14611	0.36748	0.01468	0.00704	0.00213	0.00356	0.22237	0.00534	0.00493
2	0.01263	0.07191	0.14569	0.17988	0.11864	0.06905	0.01335	0.03594	0.11315	0.01754	0.05161	0.01851	0.06987	0.00694	0.00625	0.00178	0.05091	0.00558	0.00344	0.00731
3	0.00952	0.00610	0.00802	0.00734	0.00894	0.00558	0.00558	0.01214	0.01595	0.09009	0.69722	0.03997	0.04957	0.01110	0.00655	0.00177	0.00285	0.00977	0.00626	0.00569
4	0.08110	0.19635	0.03343	0.12261	0.19120	0.04729	0.06472	0.05139	0.01263	0.01752	0.04068	0.05293	0.01111	0.00632	0.00581	0.00168	0.04768	0.00519	0.00310	0.00725
5	0.04073	0.01534	0.16512	0.08271	0.10882	0.04838	0.03216	0.08159	0.03181	0.14908	0.06441	0.01596	0.01232	0.00605	0.00537	0.00162	0.00620	0.00503	0.00405	0.12324
6	0.01922	0.01994	0.19650	0.01368	0.01887	0.11567	0.01295	0.42724	0.02086	0.08151	0.01270	0.01309	0.00900	0.00631	0.00549	0.00168	0.00712	0.00470	0.00459	0.00887
7	0.01269	0.00883	0.00981	0.00859	0.01086	0.06230	0.00662	0.07899	0.01628	0.12646	0.44263	0.07246	0.03635	0.00987	0.00613	0.00170	0.00391	0.00846	0.02893	0.04815
8	0.01579	0.29895	0.05062	0.01625	0.15928	0.05343	0.06774	0.10529	0.01422	0.07727	0.03132	0.01363	0.01011	0.00783	0.05334	0.00198	0.00710	0.00458	0.00342	0.00786
9	0.10859	0.10507	0.14403	0.03504	0.09215	0.06088	0.08169	0.12432	0.01393	0.03907	0.01116	0.01440	0.00916	0.07728	0.00715	0.00195	0.00673	0.00470	0.00337	0.05930
10	0.00978	0.00846	0.01194	0.20060	0.10497	0.00877	0.00945	0.01355	0.07981	0.01761	0.15978	0.11878	0.15180	0.00960	0.00606	0.00181	0.00469	0.00843	0.00436	0.06976
11	0.01063	0.01000	0.01688	0.78870	0.03876	0.01250	0.01563	0.01438	0.01125	0.01438	0.01000	0.01500	0.00750	0.00563	0.00563	0.00188	0.00750	0.00500	0.00250	0.00625
12	0.22160	0.01085	0.01138	0.00860	0.01316	0.00987	0.00696	0.09407	0.01274	0.02193	0.00984	0.01123	0.00791	0.00471	0.00415	0.00115	0.00443	0.00345	0.00362	0.53835
13	0.00809	0.00583	0.00802	0.00802	0.00866	0.00648	0.00575	0.00939	0.00874	0.01230	0.01602	0.02732	0.01633	0.31136	0.51387	0.00777	0.01167	0.00679	0.00315	0.00445
14	0.00755	0.00570	0.00659	0.00636	0.00794	0.00506	0.00477	0.00967	0.01432	0.01926	0.40946	0.04600	0.36077	0.01239	0.00647	0.00180	0.00274	0.01061	0.05746	0.00506
15	0.00917	0.00586	0.00745	0.00715	0.00828	0.00546	0.00505	0.01092	0.01337	0.07590	0.42092	0.13845	0.05293	0.20024	0.01187	0.00272	0.00357	0.01015	0.00545	0.00508
16	0.03495	0.00985	0.01073	0.00882	0.01180	0.01030	0.00710	0.28222	0.01773	0.14086	0.01696	0.01773	0.01240	0.00666	0.00480	0.00152	0.00429	0.00520	0.38860	0.00750
17	0.02151	0.00863	0.01120	0.00889	0.01249	0.00771	0.00724	0.03849	0.01525	0.57013	0.02107	0.01949	0.01396	0.00686	0.00523	0.00163	0.00428	0.00554	0.21188	0.00850
18	0.00865	0.00591	0.00689	0.00652	0.00825	0.00524	0.00493	0.01077	0.01429	0.06276	0.36194	0.04382	0.34117	0.01193	0.00634	0.00178	0.00286	0.01017	0.08047	0.00532
19	0.00694	0.00493	0.00651	0.00773	0.00804	0.00463	0.00511	0.00786	0.01061	0.01415	0.03019	0.75096	0.03617	0.06665	0.00852	0.00248	0.00340	0.01551	0.00511	0.00450
20	0.01181	0.01121	0.01902	0.51751	0.30067	0.01282	0.01622	0.01542	0.01181	0.01582	0.01021	0.01462	0.00801	0.00541	0.00561	0.00180	0.00721	0.00501	0.00260	0.00721
21	0.28582	0.17425	0.01611	0.01124	0.01471	0.38274	0.00908	0.01945	0.01300	0.01739	0.00825	0.00960	0.00687	0.00542	0.00427	0.00150	0.00746	0.00332	0.00299	0.00652
22	0.00800	0.00599	0.00750	0.00744	0.00885	0.00561	0.00569	0.01080	0.04200	0.02005	0.47478	0.10446	0.16983	0.01277	0.00678	0.00193	0.00309	0.09331	0.00582	0.00528
23	0.01491	0.01407	0.01812	0.10374	0.34801	0.10151	0.01347	0.12071	0.09624	0.02058	0.06610	0.01649	0.01283	0.00688	0.02050	0.00184	0.00673	0.00540	0.00374	0.00812
24	0.00741	0.00544	0.00657	0.00716	0.00796	0.00507	0.00501	0.00854	0.01118	0.01445	0.06967	0.31980	0.21351	0.19711	0.01204	0.00293	0.00385	0.09300	0.00485	0.00445
25	0.01844	0.13298	0.01732	0.01350	0.03281	0.45371	0.01039	0.05003	0.18384	0.01682	0.01202	0.01266	0.00962	0.00609	0.00505	0.00153	0.00805	0.00424	0.00357	0.00733
26	0.06535	0.16998	0.29872	0.01741	0.13180	0.03598	0.10681	0.01783	0.01223	0.04523	0.01016	0.01210	0.00783	0.00514	0.00505	0.00162	0.00728	0.00432	0.00279	0.04238
27	0.01609	0.12125	0.11370	0.07423	0.02113	0.15711	0.16385	0.10009	0.01501	0.08292	0.05828	0.01480	0.01121	0.00601	0.00571	0.00167	0.02070	0.00510	0.00358	0.00755
28	0.05342	0.01056	0.01174	0.15577	0.01693	0.06853	0.00876	0.12539	0.06209	0.07177	0.19241	0.02793	0.15418	0.00888	0.00590	0.00178	0.00504	0.00735	0.00488	0.00667
29	0.00784	0.00579	0.00837	0.00858	0.00942	0.00645	0.00643	0.00957	0.00954	0.01350	0.04562	0.15721	0.01989	0.08434	0.57164	0.00739	0.01199	0.00803	0.00354	0.00486
30	0.01800	0.04903	0.01889	0.08060	0.19632	0.28849	0.06855	0.02119	0.05175	0.13518	0.01226	0.01374	0.00931	0.00576	0.00542	0.00163	0.00777	0.00473	0.00360	0.00778
31	0.02126	0.01974	0.01655	0.01351	0.01743	0.29152	0.01076	0.48733	0.02268	0.02767	0.01178	0.01230	0.00874	0.00641	0.00543	0.00160	0.00762	0.00455	0.00465	0.00848
32	0.00749	0.00539	0.00601	0.00632	0.00718	0.00498	0.00419	0.00844	0.01075	0.01405	0.03507	0.22318	0.29166	0.27117	0.01373	0.00311	0.00378	0.01115	0.06806	0.00431
33	0.00677	0.00574	0.00587	0.00594	0.00781	0.00484	0.00452	0.00826	0.01283	0.01529	0.05564	0.05463	0.72799	0.01432	0.00671	0.00194	0.00297	0.04797	0.00522	0.00477
34	0.01290	0.36195	0.45434	0.01329	0.02011	0.01701	0.01601	0.01741	0.01169	0.01586	0.00912	0.01066	0.00717	0.00512	0.00460	0.00153	0.00733	0.00367	0.00239	0.00785
35	0.00733	0.00529	0.00693	0.00779	0.00835	0.00516	0.00542	0.00846	0.01052	0.01398	0.02907	0.48655	0.08723	0.12416	0.11133	0.00358	0.00521	0.06441	0.00469	0.00453
36	0.01328	0.01518	0.03321	0.02372	0.02941	0.01423	0.74668	0.01803	0.01328	0.01803	0.01139	0.01518	0.00854	0.00474	0.00664	0.00190	0.00949	0.00664	0.00285	0.00759
37	0.01277	0.20612	0.53389	0.01423	0.02134	0.01544	0.01725	0.05483	0.04224	0.01789	0.01026	0.01167	0.00767	0.00539	0.00498	0.00165	0.00753	0.00403	0.00268	0.00815
38	0.01393	0.01337	0.02284	0.03454	0.76712	0.01337	0.01727	0.01727	0.01281	0.01839	0.01059	0.01393	0.00891	0.00501	0.00557	0.00167	0.00669	0.00501	0.00279	0.00891
39	0.00686	0.00490	0.00653	0.00784	0.00816	0.00457	0.00522	0.00784	0.01077	0.01437	0.03102	0.79855	0.03722	0.01763	0.00718	0.00229	0.00326	0.01600	0.00522	0.00457
40	0.01231	0.01231	0.01724	0.01477	0.01477	0.01724	0.01231	0.01354	0.00862	0.01354	0.00739	0.01231	0.00739	0.00985	0.01847	0.00246	0.79192	0.00492	0.00246	0.00616
41	0.01325	0.01422	0.02149	0.01719	0.01897	0.07554	0.21239	0.01546	0.01046	0.01478	0.00858	0.01293	0.00769	0.00814	0.01421	0.00223	0.51800	0.00529	0.00260	0.00658
42	0.01956	0.02375	0.01528	0.01386	0.01682	0.61979	0.01046	0.02402	0.17064	0.01581	0.01166	0.01241	0.00932	0.00618	0.00521	0.00155	0.00896	0.00420	0.00349	0.00702
43	0.00678	0.00520	0.00622	0.00703	0.00795	0.00464	0.00486	0.00793	0.01155	0.01468	0.04087	0.51650	0.31292	0.01635	0.00698	0.00214	0.00311	0.01444	0.00522	0.00464
44	0.31041	0.00754	0.00682	0.00632	0.00860	0.00809	0.00498	0.01524	0.01127	0.06938	0.01481	0.01661	0.01140	0.00610	0.00388	0.00149	0.00338	0.00448	0.48337	0.00582
45	0.01181	0.01121	0.01902	0.51751	0.30067	0.01282	0.01622	0.01542	0.01181	0.01582	0.01021	0.01462	0.00801	0.00541	0.00561	0.00180	0.00721	0.00501	0.00260	0.00721
46	0.01331	0.01304	0.02077	0.25342	0.51857	0.05014	0.01648	0.01668	0.01251	0.01699	0.01032	0.01406	0.00842	0.00523	0.00556	0.00172	0.00709	0.00494	0.00271	0.00802
47	0.01063	0.01000	0.01688	0.78870	0.03876	0.01250	0.01563	0.01438	0.01125	0.01438	0.01000	0.01500	0.00750	0.00563	0.00563	0.00188	0.00750	0.00500	0.00250	0.00625
48	0.01619	0.01215	0.01388	0.01153	0.01505	0.01325	0.03543	0.23309	0.35076	0.09252	0.09179	0.02195	0.05108	0.00788	0.00585	0.00182	0.00492	0.00655	0.00573	0.00858
49	0.00704	0.00520	0.00658	0.00732	0.00811	0.00475	0.00508	0.00842	0.01214	0.01612	0.17943	0.52241	0.16505	0.01585	0.00698	0.00212	0.00307	0.01415	0.00541	0.00475
50	0.01321	0.00669	0.00897	0.00831	0.01027	0.00601	0.00625	0.01511	0.01413	0.26409	0.25818	0.30660	0.03460	0.01222	0.00651	0.00195	0.00357	0.01079	0.00610	0.00644
51	0.02421	0.01125	0.01409	0.01081	0.01520	0.01075	0.00893	0.22220	0.01890	0.57229	0.01985	0.01763	0.01275	0.00691	0.00565	0.00173	0.00517	0.00550	0.00660	0.00958
52	0.00687	0.00575	0.00600	0.00606	0.00789	0.00489	0.00463	0.00842	0.01299	0.01566	0.08948	0.05416	0.68468	0.01420	0.00672	0.00194	0.00299	0.05662	0.00527	0.00480
53	0.84197	0.01088	0.00827	0.00740	0.01088	0.01262	0.00609	0.01654	0.00958	0.02525	0.00784	0.00914	0.00609	0.00522	0.00348	0.00174	0.00435	0.00305	0.00348	0.00609
54	0.01106	0.00949	0.00995	0.00917	0.01180	0.01025	0.00707	0.02112	0.45357	0.02050	0.07098	0.03394	0.28776	0.01020	0.00610	0.00190	0.00379	0.00853	0.00557	0.00724
55	0.01199	0.01183	0.01661	0.01434	0.01441	0.01646	0.01191	0.01328	0.00865	0.01351	0.00798	0.01306	0.00790	0.01233	0.07678	0.00297	0.73243	0.00501	0.00250	0.00607
56	0.01505	0.80561	0.02949	0.00963	0.01444	0.02227	0.00963	0.01685	0.01143	0.01324	0.00782	0.00903	0.00722	0.00481	0.00361	0.00120	0.00602	0.00301	0.00241	0.00722
57	0.00766	0.00555	0.00776	0.00851	0.00920	0.00577	0.00629	0.00917	0.01029	0.01403	0.02432	0.37342	0.02723	0.07327	0.28642	0.00495	0.00790	0.10919	0.00431	0.00475
58	0.04031	0.62716	0.02624	0.01010	0.01480	0.02066	0.00964	0.13068	0.01390	0.04852	0.00930	0.01015	0.00783	0.00522	0.00401	0.00132	0.00595	0.00344	0.00313	0.00765
59	0.01309	0.01154	0.01854	0.06269	0.40604	0.01184	0.05929	0.03772	0.08711	0.03787	0.01523	0.05241	0.01345	0.00867	0.04326	0.00217	0.00659	0.06787	0.03672	0.00790
60	0.00733	0.00591	0.00657	0.00659	0.00820	0.00530	0.00486	0.00967	0.04919	0.01714	0.21071	0.15335	0.46753	0.01378	0.00668	0.00192	0.00294	0.01180	0.00547	0.00505
61	0.01446	0.01530	0.10558	0.04313	0.25446	0.04892	0.15346	0.04909	0.13050	0.06665	0.05126	0.01662	0.01238	0.00598	0.00581	0.00177	0.00690	0.00568	0.00376	0.00829
62	0.17112	0.01026	0.07771	0.00806	0.01127	0.00826	0.00666	0.01281	0.01003	0.01696	0.01237	0.02025	0.01215	0.29145	0.01294	0.00276	0.00504	0.00510	0.00330	0.30150

[dist]
# distance from previous block
# <min> <max>
0	1

[block]
# block no. 6 follows, 42 sequences, length 6
# corresponding to MSA columns:
# 815-820
name=unknown_G
#
# <colnr> <probs for GDERKNQSTAVLIFYWHMCP>
#	G	D	E	R	K	N	Q	S	T	A	V	L	I	F	Y	W	H	M	C	P
0	0.01162	0.01272	0.12004	0.00943	0.01491	0.00829	0.00868	0.01469	0.01170	0.01826	0.01002	0.01170	0.00816	0.00434	0.00434	0.00097	0.00476	0.00345	0.00320	0.71873
1	0.00785	0.00541	0.00656	0.00673	0.00712	0.00523	0.00426	0.00871	0.01063	0.01450	0.20359	0.20010	0.03203	0.44147	0.01868	0.00388	0.00430	0.01033	0.00448	0.00412
2	0.01229	0.01400	0.17397	0.01515	0.13178	0.01096	0.04244	0.04455	0.15846	0.05133	0.13660	0.02164	0.01866	0.04747	0.06723	0.00251	0.00643	0.00627	0.03074	0.00752
3	0.00804	0.00603	0.00904	0.00904	0.01005	0.00703	0.00703	0.01005	0.00904	0.01306	0.01507	0.02211	0.01407	0.04221	0.77992	0.00904	0.01507	0.00603	0.00301	0.00502
4	0.20806	0.18119	0.05124	0.01884	0.28931	0.01535	0.01206	0.05957	0.07964	0.02031	0.01061	0.01230	0.00860	0.00537	0.00468	0.00162	0.00584	0.00422	0.00328	0.00791
5	0.01330	0.00655	0.00807	0.00735	0.00884	0.00613	0.00512	0.01442	0.01132	0.23325	0.02077	0.12403	0.01979	0.36087	0.01579	0.00339	0.00459	0.00800	0.12281	0.00560

[dist]
# distance from previous block
# <min> <max>
0	1

[block]
# block no. 7 follows, 42 sequences, length 14
# corresponding to MSA columns:
# 822-835
name=unknown_H
#
# <colnr> <probs for GDERKNQSTAVLIFYWHMCP>
#	G	D	E	R	K	N	Q	S	T	A	V	L	I	F	Y	W	H	M	C	P
0	0.01123	0.01972	0.39883	0.14142	0.13855	0.01185	0.01682	0.01600	0.01171	0.01698	0.01147	0.05334	0.00944	0.00773	0.04438	0.00210	0.00769	0.00506	0.00271	0.07296
1	0.01260	0.03175	0.16768	0.17948	0.08925	0.04928	0.01273	0.01617	0.01207	0.04807	0.01057	0.01301	0.00823	0.00576	0.02033	0.00156	0.00652	0.00417	0.00302	0.30776
2	0.01229	0.01121	0.01611	0.10796	0.24680	0.01061	0.01138	0.01510	0.01174	0.01753	0.00998	0.01280	0.00834	0.00502	0.00584	0.00133	0.06448	0.00416	0.00300	0.42432
3	0.08016	0.06125	0.29894	0.01785	0.13382	0.08921	0.08949	0.09191	0.01403	0.05618	0.01080	0.01251	0.00805	0.00546	0.00529	0.00170	0.00755	0.00450	0.00318	0.00811
4	0.07947	0.16357	0.24851	0.01862	0.21951	0.06633	0.03112	0.01805	0.01238	0.05406	0.01039	0.01226	0.00812	0.00528	0.00493	0.00161	0.00696	0.00421	0.02667	0.00794
5	0.00707	0.00561	0.00601	0.00605	0.00745	0.00492	0.00428	0.00834	0.01218	0.01513	0.12005	0.09366	0.51570	0.15618	0.01064	0.00255	0.00332	0.01128	0.00500	0.00456
6	0.01462	0.01709	0.07701	0.01454	0.09363	0.27686	0.03852	0.05211	0.01428	0.01721	0.10771	0.02040	0.07173	0.04745	0.00773	0.00188	0.06889	0.00585	0.04594	0.00657
7	0.00818	0.00546	0.00614	0.00614	0.00614	0.00546	0.00341	0.00818	0.00818	0.01091	0.01773	0.03683	0.02046	0.80222	0.02864	0.00546	0.00546	0.00818	0.00341	0.00341
8	0.01175	0.00880	0.01208	0.07103	0.01455	0.00864	0.08196	0.08537	0.06319	0.09744	0.19777	0.03471	0.26949	0.01009	0.00631	0.00183	0.00447	0.00877	0.00524	0.00652
9	0.01167	0.01000	0.01167	0.00834	0.01334	0.00750	0.00667	0.01417	0.01167	0.01834	0.01000	0.01167	0.00834	0.00417	0.00417	0.00083	0.00417	0.00333	0.00333	0.83663
10	0.00686	0.00490	0.00653	0.00784	0.00816	0.00457	0.00522	0.00784	0.01077	0.01437	0.03102	0.79855	0.03722	0.01763	0.00718	0.00229	0.00326	0.01600	0.00522	0.00457
11	0.23298	0.01722	0.01203	0.01088	0.01386	0.33795	0.00838	0.04634	0.11037	0.01924	0.01628	0.01676	0.09425	0.00690	0.00490	0.00164	0.00667	0.00487	0.03188	0.00659
12	0.10655	0.14892	0.24734	0.01159	0.01641	0.03793	0.06929	0.04624	0.01236	0.01933	0.01182	0.01375	0.00915	0.00559	0.00458	0.00155	0.00606	0.00434	0.22018	0.00701
13	0.13035	0.17320	0.01741	0.01302	0.08758	0.07644	0.00979	0.14642	0.16291	0.07205	0.01320	0.01356	0.01012	0.00598	0.00483	0.00158	0.00573	0.00447	0.00419	0.04715

[dist]
# distance from previous block
# <min> <max>
1	3

[block]
# block no. 8 follows, 42 sequences, length 12
# corresponding to MSA columns:
# 839-850
name=unknown_I
#
# <colnr> <probs for GDERKNQSTAVLIFYWHMCP>
#	G	D	E	R	K	N	Q	S	T	A	V	L	I	F	Y	W	H	M	C	P
0	0.01441	0.06689	0.25917	0.01532	0.04331	0.23443	0.10834	0.01815	0.01346	0.01668	0.05145	0.01428	0.02728	0.00578	0.00533	0.00157	0.00798	0.00471	0.00297	0.08849
1	0.00799	0.00579	0.00804	0.00853	0.00953	0.00585	0.00661	0.01008	0.01230	0.01692	0.23160	0.21855	0.03473	0.02156	0.20018	0.00390	0.00650	0.18137	0.00493	0.00504
2	0.01903	0.13370	0.01803	0.01455	0.06197	0.47182	0.01086	0.09116	0.09529	0.01708	0.01066	0.01170	0.00863	0.00590	0.00502	0.00150	0.00837	0.00405	0.00338	0.00731
3	0.65492	0.01035	0.00894	0.00774	0.01126	0.01147	0.00636	0.01825	0.01083	0.15490	0.01091	0.01152	0.00791	0.00560	0.00389	0.00172	0.00434	0.00362	0.04882	0.00666
4	0.01387	0.01416	0.13283	0.01057	0.01417	0.11505	0.00955	0.08349	0.03006	0.09347	0.01936	0.08028	0.07955	0.01085	0.06948	0.00225	0.00648	0.02723	0.09921	0.08808
5	0.06652	0.08344	0.27117	0.01691	0.02260	0.19404	0.23119	0.01882	0.01307	0.01704	0.00983	0.01206	0.00752	0.00523	0.00541	0.00169	0.00867	0.00461	0.00271	0.00746
6	0.00799	0.00541	0.00694	0.00765	0.00842	0.00502	0.00534	0.00923	0.01160	0.04713	0.10327	0.50180	0.10713	0.08938	0.00905	0.00249	0.00355	0.05857	0.00522	0.00480
7	0.00786	0.00569	0.00745	0.00840	0.00931	0.00544	0.00647	0.00953	0.01194	0.01562	0.07434	0.32839	0.11635	0.07685	0.00898	0.00258	0.00410	0.29080	0.00512	0.00478
8	0.01619	0.11137	0.10766	0.04891	0.21824	0.11412	0.08774	0.06561	0.05909	0.09949	0.01219	0.01375	0.00928	0.00560	0.00538	0.00165	0.00719	0.00481	0.00351	0.00821
9	0.00916	0.00755	0.00969	0.00926	0.00987	0.00879	0.00695	0.01090	0.04397	0.01403	0.04593	0.14037	0.10639	0.23224	0.07727	0.00368	0.20400	0.05108	0.00390	0.00497
10	0.00778	0.00564	0.00787	0.00818	0.00883	0.00613	0.00589	0.00915	0.00930	0.01296	0.01946	0.21348	0.02094	0.18465	0.44562	0.00670	0.01033	0.00887	0.00363	0.00460
11	0.01788	0.09859	0.18071	0.01554	0.07929	0.09529	0.06261	0.24551	0.01747	0.11515	0.01239	0.01320	0.00898	0.00591	0.00537	0.00165	0.00713	0.00469	0.00407	0.00856

[dist]
# distance from previous block
# <min> <max>
4	90

[block]
# block no. 9 follows, 42 sequences, length 87
# corresponding to MSA columns:
# 942-1028
name=unknown_J
#
# <colnr> <probs for GDERKNQSTAVLIFYWHMCP>
#	G	D	E	R	K	N	Q	S	T	A	V	L	I	F	Y	W	H	M	C	P
0	0.01389	0.01346	0.02338	0.03398	0.72893	0.01342	0.05502	0.01731	0.01284	0.01837	0.01063	0.01399	0.00889	0.00500	0.00563	0.00168	0.00683	0.00510	0.00279	0.00885
1	0.01602	0.01271	0.01612	0.05669	0.07904	0.07017	0.08059	0.10029	0.03342	0.14129	0.01277	0.01391	0.00954	0.00533	0.00512	0.00138	0.00587	0.00455	0.00407	0.33113
2	0.00804	0.00603	0.00904	0.00904	0.01005	0.00703	0.00703	0.01005	0.00904	0.01306	0.01507	0.02211	0.01407	0.04221	0.77992	0.00904	0.01507	0.00603	0.00301	0.00502
3	0.00844	0.00616	0.00774	0.00824	0.00917	0.00605	0.00580	0.06655	0.04076	0.01777	0.15667	0.57727	0.03709	0.01535	0.00691	0.00214	0.00343	0.01378	0.00544	0.00525
4	0.06672	0.01252	0.01871	0.02427	0.44904	0.01266	0.01351	0.05300	0.01265	0.01921	0.01012	0.01297	0.00850	0.00540	0.00639	0.00158	0.08181	0.00453	0.00306	0.18336
5	0.00695	0.00550	0.00631	0.00688	0.00818	0.00486	0.00506	0.00834	0.01214	0.01508	0.04557	0.30749	0.44737	0.01552	0.00694	0.00210	0.00322	0.08255	0.00522	0.00473
6	0.00697	0.00537	0.00637	0.00684	0.00798	0.00477	0.00485	0.00842	0.01251	0.01613	0.16934	0.36495	0.33493	0.01519	0.00687	0.00204	0.00299	0.01331	0.00539	0.00477
7	0.01468	0.04934	0.24737	0.02250	0.29830	0.02557	0.08019	0.05384	0.01341	0.09445	0.01156	0.01362	0.00873	0.00556	0.00601	0.00174	0.03657	0.00486	0.00320	0.00851
8	0.27051	0.30891	0.01852	0.01031	0.01420	0.21470	0.00885	0.03930	0.01263	0.04555	0.00874	0.00985	0.00720	0.00533	0.00408	0.00147	0.00654	0.00334	0.00312	0.00685
9	0.01364	0.01231	0.11791	0.01159	0.01489	0.01017	0.10204	0.15132	0.01395	0.10283	0.01625	0.06523	0.01480	0.25098	0.04121	0.00317	0.00654	0.00681	0.03771	0.00665
10	0.01260	0.26725	0.21928	0.01089	0.01633	0.01402	0.01144	0.04290	0.01223	0.01686	0.01326	0.01445	0.06968	0.00573	0.00488	0.00136	0.02310	0.00425	0.00301	0.23647
11	0.01193	0.00899	0.01408	0.13624	0.24469	0.00917	0.01096	0.01437	0.01231	0.09997	0.07568	0.18826	0.02047	0.05491	0.04416	0.00244	0.00583	0.03467	0.00412	0.00674
12	0.00781	0.00570	0.00804	0.00832	0.00902	0.00625	0.00607	0.00928	0.00928	0.01300	0.01893	0.19159	0.02006	0.15716	0.49470	0.00702	0.01101	0.00852	0.00355	0.00467
13	0.01132	0.00962	0.01142	0.00840	0.01302	0.00746	0.00670	0.01377	0.01142	0.01783	0.01049	0.01268	0.00889	0.00784	0.07908	0.00163	0.00522	0.00359	0.00330	0.75632
14	0.00741	0.00550	0.00691	0.00705	0.00819	0.00500	0.00510	0.00936	0.01389	0.01888	0.42548	0.26126	0.17773	0.01376	0.00680	0.00194	0.00287	0.01216	0.00574	0.00500
15	0.00704	0.00551	0.00638	0.00659	0.00795	0.00485	0.00478	0.00867	0.01311	0.01688	0.23213	0.23754	0.39973	0.01439	0.00678	0.00196	0.00290	0.01247	0.00547	0.00485
16	0.01008	0.00864	0.01297	0.21715	0.05783	0.00923	0.05659	0.04061	0.07457	0.01889	0.24704	0.13765	0.06640	0.00971	0.00628	0.00189	0.00496	0.00873	0.00458	0.00621
17	0.01505	0.80561	0.02949	0.00963	0.01444	0.02227	0.00963	0.01685	0.01143	0.01324	0.00782	0.00903	0.00722	0.00481	0.00361	0.00120	0.00602	0.00301	0.00241	0.00722
18	0.09297	0.01267	0.01467	0.01190	0.03921	0.01310	0.00946	0.36760	0.02035	0.31995	0.03081	0.01589	0.01179	0.00674	0.00547	0.00171	0.00544	0.00522	0.00589	0.00917
19	0.02804	0.16166	0.08625	0.06222	0.21724	0.08316	0.08104	0.08224	0.08188	0.04645	0.01167	0.01342	0.00914	0.00555	0.00524	0.00163	0.00696	0.00472	0.00336	0.00811
20	0.44826	0.11010	0.05984	0.04741	0.02757	0.19282	0.00916	0.01795	0.01156	0.02006	0.00832	0.00989	0.00667	0.00533	0.00412	0.00162	0.00633	0.00337	0.00309	0.00652
21	0.01407	0.01570	0.01903	0.13519	0.13242	0.22967	0.16248	0.01685	0.01342	0.01572	0.01711	0.02060	0.11293	0.00712	0.00636	0.00178	0.03666	0.03295	0.00320	0.00675
22	0.00733	0.00573	0.00664	0.00642	0.00802	0.00504	0.00481	0.00939	0.01443	0.01902	0.42342	0.04788	0.39605	0.01283	0.00664	0.00183	0.00275	0.01100	0.00573	0.00504
23	0.00895	0.00539	0.00678	0.00748	0.00838	0.00507	0.00532	0.01047	0.01153	0.06446	0.02845	0.51248	0.05412	0.01429	0.00639	0.00204	0.00331	0.05248	0.18754	0.00508
24	0.02139	0.01576	0.01689	0.01295	0.01745	0.01745	0.01070	0.74835	0.02646	0.03547	0.01351	0.01351	0.00957	0.00676	0.00563	0.00169	0.00619	0.00507	0.00563	0.00957
25	0.00758	0.00524	0.00702	0.00782	0.00841	0.00496	0.00552	0.00874	0.01165	0.01576	0.17650	0.48419	0.03714	0.04566	0.00911	0.06894	0.00354	0.08252	0.00513	0.00457
26	0.01167	0.01000	0.01167	0.00834	0.01334	0.00750	0.00667	0.01417	0.01167	0.01834	0.01000	0.01167	0.00834	0.00417	0.00417	0.00083	0.00417	0.00333	0.00333	0.83663
27	0.01167	0.01000	0.01167	0.00834	0.01334	0.00750	0.00667	0.01417	0.01167	0.01834	0.01000	0.01167	0.00834	0.00417	0.00417	0.00083	0.00417	0.00333	0.00333	0.83663
28	0.00681	0.00549	0.00607	0.00639	0.00782	0.00475	0.00461	0.00821	0.01251	0.01555	0.10478	0.25485	0.51258	0.01495	0.00679	0.00199	0.00295	0.01286	0.00530	0.00475
29	0.00724	0.00621	0.00626	0.00616	0.00816	0.00549	0.00465	0.00982	0.07226	0.01587	0.05429	0.05151	0.70512	0.01372	0.00658	0.00190	0.00298	0.01144	0.00527	0.00508
30	0.02102	0.02682	0.01595	0.01450	0.01740	0.77963	0.01087	0.02247	0.01595	0.01377	0.00870	0.01015	0.00725	0.00580	0.00507	0.00145	0.01015	0.00362	0.00290	0.00652
31	0.11396	0.01107	0.01167	0.00947	0.01280	0.01187	0.00769	0.34123	0.01855	0.11553	0.01543	0.01608	0.01124	0.00654	0.00483	0.00158	0.00466	0.00496	0.27307	0.00777
32	0.01432	0.40591	0.18101	0.01165	0.01632	0.04167	0.01194	0.05353	0.01213	0.04513	0.00984	0.01209	0.00835	0.02802	0.05376	0.00208	0.07815	0.00397	0.00283	0.00731
33	0.05401	0.00939	0.01400	0.07300	0.06176	0.01099	0.06944	0.01298	0.00980	0.04486	0.01270	0.02065	0.01217	0.19952	0.16977	0.00427	0.20590	0.00599	0.00308	0.00572
34	0.01603	0.01242	0.01314	0.01113	0.01451	0.01400	0.00885	0.27055	0.41064	0.02723	0.01912	0.01846	0.01424	0.00719	0.00545	0.00175	0.00480	0.00578	0.11606	0.00864
35	0.01331	0.01258	0.02114	0.22677	0.55833	0.01327	0.01665	0.03848	0.01282	0.01787	0.01052	0.01419	0.00857	0.00522	0.00559	0.00172	0.00688	0.00501	0.00280	0.00825
36	0.00710	0.00565	0.00640	0.00657	0.00810	0.00495	0.00492	0.00879	0.01319	0.01670	0.19600	0.15198	0.47531	0.01423	0.00679	0.00197	0.00302	0.05804	0.00542	0.00487
37	0.06728	0.01213	0.01257	0.01124	0.01448	0.01402	0.00878	0.05211	0.68562	0.02403	0.02164	0.02000	0.01622	0.00745	0.00558	0.00189	0.00450	0.00611	0.00558	0.00875
38	0.00889	0.00953	0.13676	0.00929	0.01146	0.00661	0.00821	0.01130	0.01202	0.05548	0.15957	0.38683	0.04430	0.01658	0.09330	0.00283	0.00540	0.01121	0.00476	0.00565
39	0.03259	0.31429	0.04028	0.04208	0.06692	0.31620	0.01101	0.01973	0.01356	0.06956	0.00953	0.01088	0.00783	0.00550	0.00481	0.00144	0.01989	0.00371	0.00298	0.00719
40	0.01498	0.01258	0.01328	0.01165	0.01501	0.01446	0.00915	0.12570	0.65955	0.02513	0.02165	0.02000	0.01616	0.00752	0.00571	0.00188	0.00469	0.00619	0.00571	0.00900
41	0.01288	0.01249	0.01969	0.32927	0.36903	0.04173	0.03634	0.01738	0.07336	0.01704	0.01132	0.01483	0.00896	0.00549	0.00562	0.00177	0.00703	0.00511	0.00292	0.00774
42	0.01959	0.21329	0.01919	0.01333	0.01669	0.59829	0.01058	0.02113	0.01487	0.01365	0.00849	0.00988	0.00724	0.00556	0.00472	0.00139	0.00916	0.00348	0.00278	0.00669
43	0.00695	0.00553	0.00624	0.00644	0.00788	0.00482	0.00468	0.00851	0.01297	0.01643	0.18731	0.21676	0.46668	0.01447	0.00677	0.00196	0.00290	0.01246	0.00541	0.00482
44	0.00813	0.00543	0.00615	0.00621	0.00622	0.00542	0.00348	0.00817	0.00829	0.01105	0.01827	0.06768	0.02114	0.77044	0.02777	0.00533	0.00537	0.00850	0.00348	0.00346
45	0.00689	0.00571	0.00604	0.00595	0.00775	0.00485	0.00447	0.00854	0.01340	0.01656	0.18701	0.05193	0.63399	0.01375	0.00665	0.00188	0.00281	0.01156	0.00540	0.00485
46	0.01165	0.10409	0.70126	0.01542	0.02340	0.01396	0.01971	0.01773	0.01184	0.01738	0.00988	0.01161	0.00714	0.00530	0.00518	0.00173	0.00810	0.00405	0.00238	0.00821
47	0.00934	0.00546	0.00609	0.00593	0.00729	0.00524	0.00445	0.01190	0.01334	0.02118	0.28747	0.03063	0.07633	0.00882	0.00507	0.00151	0.00265	0.00743	0.48464	0.00524
48	0.01400	0.01209	0.01273	0.01145	0.01463	0.01400	0.00891	0.02990	0.75695	0.02354	0.02291	0.02100	0.01718	0.00764	0.00573	0.00191	0.00445	0.00636	0.00573	0.00891
49	0.09356	0.01076	0.01332	0.01030	0.01461	0.01024	0.00851	0.15201	0.01736	0.57998	0.01948	0.01733	0.01251	0.00678	0.00547	0.00173	0.00500	0.00534	0.00644	0.00928
50	0.01037	0.00878	0.00996	0.01004	0.05296	0.00917	0.00722	0.01809	0.31828	0.02017	0.16755	0.03641	0.26707	0.01057	0.00624	0.00189	0.00375	0.02923	0.00547	0.00680
51	0.01473	0.75128	0.06759	0.00992	0.01485	0.02149	0.01013	0.01679	0.01154	0.01364	0.02131	0.00976	0.00803	0.00496	0.00375	0.00124	0.00608	0.00320	0.00247	0.00724
52	0.01110	0.01033	0.05379	0.15025	0.22326	0.01021	0.01197	0.01378	0.01153	0.04940	0.01854	0.10619	0.07961	0.03200	0.11378	0.00299	0.05750	0.03363	0.00349	0.00664
53	0.01607	0.01783	0.01405	0.04754	0.02939	0.37157	0.00990	0.05991	0.10717	0.01731	0.09699	0.01884	0.06138	0.00887	0.03502	0.00197	0.07008	0.00556	0.00386	0.00669
54	0.01347	0.01291	0.02202	0.13826	0.66695	0.01325	0.01705	0.01687	0.01260	0.01783	0.01051	0.01408	0.00872	0.00510	0.00558	0.00170	0.00680	0.00501	0.00275	0.00855
55	0.28224	0.00960	0.01099	0.00900	0.01274	0.00934	0.00732	0.02233	0.01359	0.47102	0.01840	0.08182	0.01342	0.00731	0.00510	0.00179	0.00452	0.00571	0.00572	0.00805
56	0.01457	0.02096	0.31508	0.01716	0.04990	0.06363	0.17334	0.16885	0.05680	0.02142	0.01187	0.01372	0.00879	0.00682	0.03018	0.00200	0.00819	0.00506	0.00340	0.00825
57	0.00715	0.00595	0.00630	0.00631	0.00816	0.00519	0.00483	0.00920	0.03521	0.01621	0.11673	0.05274	0.62927	0.01390	0.00670	0.00194	0.00304	0.06087	0.00532	0.00495
58	0.01514	0.00744	0.00959	0.00812	0.01067	0.00681	0.00641	0.04197	0.01581	0.29963	0.36699	0.02986	0.03209	0.00902	0.00589	0.00170	0.00356	0.00769	0.11459	0.00702
