[name]
unknown

[dist]
# distance from previous block
# <min> <max>
4	65

[block]
# block no. 0 follows, 46 sequences, length 21
# corresponding to MSA columns:
# 68-88
name=unknown_A
#
# <colnr> <probs for GDERKNQSTAVLIFYWHMCP>
#	G	D	E	R	K	N	Q	S	T	A	V	L	I	F	Y	W	H	M	C	P
0	0.12407	0.43940	0.08384	0.00947	0.01399	0.01595	0.00924	0.04540	0.01204	0.18660	0.01072	0.01098	0.00812	0.00513	0.00401	0.00137	0.00538	0.00354	0.00345	0.00730
1	0.05306	0.01243	0.01245	0.01052	0.01356	0.10350	0.00827	0.31726	0.05736	0.14588	0.01739	0.19245	0.01545	0.00855	0.00548	0.00171	0.00527	0.00698	0.00502	0.00743
2	0.19948	0.00748	0.00816	0.00778	0.00976	0.00790	0.00589	0.01470	0.10831	0.11461	0.02072	0.22588	0.05892	0.04891	0.09160	0.00268	0.00486	0.00782	0.04875	0.00577
3	0.04397	0.00524	0.00643	0.00676	0.00735	0.00515	0.00454	0.00852	0.01036	0.01466	0.19467	0.32574	0.03124	0.25588	0.05289	0.00324	0.00417	0.01056	0.00443	0.00421
4	0.01299	0.01364	0.04999	0.23661	0.24390	0.11301	0.01313	0.01921	0.20938	0.01691	0.01255	0.01455	0.00975	0.00562	0.00522	0.00166	0.00643	0.00483	0.00326	0.00737
5	0.01319	0.60564	0.23116	0.01066	0.01606	0.01860	0.01186	0.01607	0.01085	0.01359	0.00792	0.00920	0.00676	0.00466	0.00383	0.00128	0.00623	0.00312	0.00225	0.00706
6	0.15584	0.01356	0.18434	0.00930	0.01445	0.00905	0.00915	0.01446	0.01067	0.01824	0.00907	0.01060	0.00721	0.00433	0.00405	0.00113	0.00482	0.00326	0.00295	0.51351
7	0.01168	0.01051	0.01603	0.22326	0.30099	0.01062	0.01221	0.05374	0.01232	0.01745	0.07355	0.01501	0.01138	0.00526	0.00502	0.00144	0.00558	0.00474	0.00308	0.20613
8	0.01030	0.00737	0.01002	0.15864	0.05589	0.00749	0.00836	0.03973	0.01241	0.07989	0.02776	0.03607	0.22088	0.00996	0.00586	0.00184	0.00451	0.19230	0.08776	0.02296
9	0.01394	0.00986	0.03442	0.01057	0.01358	0.00968	0.07018	0.02129	0.31333	0.20184	0.10221	0.13756	0.02086	0.00851	0.00572	0.00179	0.00441	0.00750	0.00532	0.00744
10	0.01195	0.02140	0.41646	0.01897	0.08710	0.05387	0.28031	0.01700	0.01190	0.01665	0.00988	0.01233	0.00731	0.00482	0.00546	0.00169	0.00816	0.00477	0.00245	0.00753
11	0.01443	0.77579	0.02703	0.00929	0.01371	0.06146	0.00911	0.01611	0.01096	0.01246	0.00739	0.00854	0.00679	0.00457	0.00346	0.00114	0.00586	0.00286	0.00229	0.00675
12	0.00753	0.00608	0.04715	0.00695	0.00765	0.00519	0.00497	0.00856	0.00926	0.01297	0.02147	0.35681	0.02436	0.32605	0.04622	0.00345	0.00451	0.01021	0.08647	0.00414
13	0.01897	0.01348	0.01493	0.05154	0.01664	0.01477	0.00975	0.59967	0.05420	0.09332	0.01540	0.01521	0.04395	0.00666	0.00534	0.00162	0.00556	0.00514	0.00523	0.00860
14	0.04076	0.16037	0.21292	0.01266	0.01777	0.05659	0.10825	0.05065	0.02820	0.21600	0.02681	0.01344	0.00962	0.00547	0.00492	0.00155	0.00638	0.00449	0.00374	0.01941
15	0.01094	0.01347	0.25069	0.01140	0.01533	0.00837	0.08229	0.01427	0.01196	0.11759	0.12036	0.21753	0.02090	0.01007	0.03453	0.00201	0.00564	0.00791	0.00406	0.04067
16	0.01593	0.00887	0.01077	0.00906	0.01207	0.00882	0.00720	0.04676	0.23522	0.32406	0.20014	0.02484	0.05671	0.00803	0.00559	0.00169	0.00390	0.00675	0.00592	0.00767
17	0.01630	0.25183	0.09136	0.01247	0.01673	0.20453	0.07280	0.13797	0.08223	0.05004	0.01071	0.01154	0.00834	0.00540	0.00467	0.00144	0.00691	0.00404	0.00335	0.00734
18	0.06613	0.02908	0.24009	0.01686	0.14806	0.09406	0.07962	0.15231	0.01453	0.09322	0.01104	0.01233	0.00807	0.00533	0.00509	0.00160	0.00690	0.00441	0.00341	0.00786
19	0.01055	0.00802	0.00882	0.00886	0.01040	0.04716	0.00644	0.01576	0.23768	0.08001	0.02512	0.46877	0.02612	0.01237	0.00612	0.00196	0.00385	0.01094	0.00507	0.00599
20	0.00645	0.00507	0.00584	0.00627	0.00742	0.00445	0.00446	0.00775	0.01161	0.01471	0.12097	0.34365	0.41388	0.01434	0.00644	0.00191	0.00281	0.01249	0.00501	0.00445

[dist]
# distance from previous block
# <min> <max>
0	24

[block]
# block no. 1 follows, 46 sequences, length 42
# corresponding to MSA columns:
# 113-154
name=unknown_B
#
# <colnr> <probs for GDERKNQSTAVLIFYWHMCP>
#	G	D	E	R	K	N	Q	S	T	A	V	L	I	F	Y	W	H	M	C	P
0	0.32531	0.06519	0.23572	0.07741	0.01598	0.01131	0.01068	0.01480	0.01054	0.01904	0.04806	0.01607	0.03334	0.00611	0.00445	0.00166	0.00537	0.04719	0.04551	0.00625
1	0.06210	0.20026	0.05735	0.01098	0.03994	0.09197	0.05603	0.08134	0.01288	0.07508	0.07528	0.05595	0.01372	0.07934	0.00674	0.00178	0.00567	0.00522	0.00357	0.06481
2	0.08303	0.04784	0.00899	0.00771	0.00934	0.00765	0.00560	0.04499	0.06355	0.11780	0.02011	0.28321	0.02096	0.22636	0.01129	0.00271	0.00424	0.00881	0.00441	0.02141
3	0.05689	0.07628	0.19678	0.04117	0.15409	0.06728	0.10183	0.07946	0.01298	0.10285	0.01074	0.01242	0.00804	0.00541	0.00572	0.00163	0.05120	0.00445	0.00318	0.00759
4	0.05090	0.06242	0.07971	0.01059	0.01359	0.07914	0.09142	0.03631	0.08086	0.01687	0.08411	0.21827	0.07804	0.00915	0.00554	0.00169	0.00508	0.00799	0.00400	0.06431
5	0.01114	0.00621	0.00768	0.00705	0.00901	0.00548	0.00536	0.01279	0.01292	0.21268	0.18334	0.13673	0.27852	0.05766	0.00729	0.00198	0.00336	0.02977	0.00541	0.00565
6	0.03352	0.00579	0.00737	0.00754	0.00849	0.00575	0.00553	0.00988	0.01138	0.05830	0.19621	0.32036	0.07809	0.10704	0.00937	0.00236	0.04389	0.07955	0.00482	0.00477
7	0.01091	0.14491	0.45854	0.01239	0.01780	0.06127	0.01423	0.01494	0.01104	0.01505	0.01272	0.15002	0.01204	0.03459	0.00580	0.00177	0.00667	0.00576	0.00276	0.00678
8	0.01193	0.07509	0.47870	0.02967	0.08494	0.01211	0.01556	0.03982	0.05033	0.06550	0.01446	0.01540	0.07186	0.00591	0.00508	0.00164	0.00664	0.00474	0.00302	0.00762
9	0.00663	0.00487	0.00626	0.00723	0.00787	0.00450	0.00508	0.00782	0.01081	0.01417	0.06846	0.59866	0.14593	0.01565	0.00669	0.00209	0.00313	0.07478	0.00495	0.00440
10	0.00696	0.00522	0.00633	0.00701	0.00795	0.00482	0.00517	0.00822	0.01089	0.01385	0.03538	0.31671	0.27437	0.10855	0.00906	0.00244	0.00356	0.16447	0.00470	0.00434
11	0.01302	0.00781	0.01107	0.00960	0.01196	0.00742	0.06919	0.07123	0.03944	0.21754	0.16924	0.23757	0.03946	0.01057	0.00611	0.00185	0.00418	0.06093	0.00537	0.00642
12	0.01023	0.00593	0.00773	0.00783	0.00925	0.00548	0.00582	0.01213	0.03521	0.16279	0.10310	0.42790	0.09296	0.01335	0.00639	0.00199	0.00345	0.07770	0.00532	0.00545
13	0.01060	0.02735	0.78682	0.01507	0.02288	0.01228	0.01953	0.01674	0.01116	0.01674	0.00949	0.01116	0.00670	0.00502	0.00502	0.00167	0.00781	0.00391	0.00223	0.00781
14	0.01308	0.01256	0.02146	0.03245	0.78123	0.01256	0.01622	0.01622	0.01204	0.01727	0.00994	0.01308	0.00837	0.00471	0.00523	0.00157	0.00628	0.00471	0.00262	0.00837
15	0.01218	0.01273	0.06842	0.21626	0.55429	0.01235	0.01606	0.01560	0.01163	0.01633	0.00978	0.01321	0.00795	0.00487	0.00523	0.00162	0.00656	0.00466	0.00253	0.00774
16	0.00985	0.00493	0.00493	0.00493	0.00616	0.00493	0.00370	0.01232	0.01109	0.01971	0.01725	0.01971	0.01355	0.00616	0.00370	0.00123	0.00246	0.00493	0.84356	0.00493
17	0.00998	0.00940	0.01586	0.80150	0.03641	0.01175	0.01468	0.01351	0.01057	0.01351	0.00940	0.01409	0.00705	0.00529	0.00529	0.00176	0.00705	0.00470	0.00235	0.00587
18	0.01202	0.01343	0.02598	0.01922	0.02367	0.06115	0.58485	0.01580	0.01247	0.01629	0.01500	0.05917	0.05424	0.00629	0.00624	0.00182	0.00804	0.05462	0.00306	0.00663
19	0.02005	0.01182	0.01332	0.01144	0.05401	0.08628	0.00873	0.18467	0.05320	0.40184	0.08410	0.01773	0.01473	0.00670	0.00534	0.00160	0.00518	0.00538	0.00557	0.00830
20	0.01182	0.00984	0.01196	0.08170	0.01421	0.10021	0.07193	0.07905	0.01174	0.06360	0.01457	0.07082	0.01352	0.15203	0.22295	0.00409	0.00835	0.00617	0.04585	0.00557
21	0.01413	0.81739	0.02770	0.00905	0.01357	0.02092	0.00905	0.01583	0.01074	0.01244	0.00735	0.00848	0.00678	0.00452	0.00339	0.00113	0.00565	0.00283	0.00226	0.00678
22	0.73853	0.01085	0.00887	0.00766	0.01106	0.01248	0.00631	0.11722	0.01115	0.02502	0.00809	0.00915	0.00617	0.00510	0.00355	0.00163	0.00432	0.00312	0.00355	0.00617
23	0.01561	0.08061	0.12091	0.01005	0.01386	0.12783	0.00916	0.08462	0.01441	0.22573	0.06570	0.02255	0.17142	0.00764	0.00528	0.00159	0.00544	0.00603	0.00452	0.00704
24	0.02010	0.01481	0.01587	0.01216	0.01639	0.01639	0.01005	0.76360	0.02486	0.03332	0.01269	0.01269	0.00899	0.00635	0.00529	0.00159	0.00582	0.00476	0.00529	0.00899
25	0.23761	0.01405	0.01142	0.01026	0.01315	0.19559	0.00796	0.08624	0.26216	0.02066	0.01447	0.07935	0.01211	0.00687	0.00478	0.00166	0.00547	0.00519	0.00415	0.00686
26	0.06319	0.01191	0.01320	0.01092	0.03997	0.01274	0.00859	0.45687	0.01973	0.14464	0.01434	0.01450	0.01020	0.00621	0.00491	0.00154	0.00497	0.00477	0.14870	0.00810
27	0.01144	0.01071	0.01761	0.29908	0.41533	0.01149	0.01422	0.03414	0.01181	0.01603	0.01393	0.03706	0.07252	0.00598	0.00538	0.00167	0.00616	0.00551	0.00284	0.00708
28	0.00644	0.00509	0.00582	0.00629	0.00748	0.00447	0.00452	0.00771	0.01147	0.01437	0.08023	0.33878	0.44069	0.01449	0.00646	0.00193	0.00287	0.03149	0.00495	0.00444
29	0.01048	0.00534	0.00576	0.00548	0.00700	0.00513	0.00417	0.01282	0.01184	0.08281	0.08598	0.02401	0.08412	0.00723	0.00427	0.00135	0.00265	0.00591	0.62841	0.00523
30	0.01186	0.01058	0.09882	0.04577	0.08962	0.04849	0.04038	0.01532	0.04354	0.08340	0.06281	0.01827	0.01372	0.00906	0.07422	0.00209	0.00557	0.00519	0.31502	0.00627
31	0.00888	0.00637	0.00859	0.01047	0.13873	0.00642	0.00573	0.00958	0.00871	0.01230	0.01496	0.02777	0.01594	0.51724	0.05951	0.05744	0.00552	0.00664	0.07492	0.00425
32	0.00659	0.00537	0.00613	0.00619	0.00768	0.00492	0.00465	0.00808	0.01137	0.01420	0.08364	0.09212	0.53704	0.01877	0.16579	0.00316	0.00502	0.01020	0.00454	0.00453
33	0.00638	0.00484	0.00588	0.00672	0.00750	0.00435	0.00462	0.00743	0.01074	0.01375	0.03696	0.56729	0.27339	0.01555	0.00659	0.00203	0.00294	0.01379	0.00491	0.00435
34	0.01369	0.01531	0.04405	0.08402	0.12334	0.21649	0.16679	0.06122	0.05302	0.01639	0.01547	0.07890	0.07418	0.00679	0.00553	0.00166	0.00711	0.00608	0.00330	0.00668
35	0.01094	0.00951	0.01367	0.01753	0.29914	0.06265	0.04236	0.01256	0.01110	0.01528	0.06069	0.17076	0.01652	0.00989	0.00811	0.14616	0.00515	0.00699	0.07516	0.00583
36	0.00802	0.00582	0.00763	0.00797	0.00877	0.00607	0.00571	0.07074	0.01064	0.01449	0.02214	0.43709	0.02483	0.09100	0.24838	0.00429	0.00686	0.01069	0.00416	0.00472
37	0.01039	0.01105	0.13053	0.01628	0.24651	0.00883	0.01089	0.01307	0.01090	0.05202	0.07947	0.08965	0.01648	0.10562	0.17135	0.00349	0.00732	0.00648	0.00333	0.00632
38	0.01161	0.23228	0.20021	0.01701	0.21600	0.01336	0.05596	0.01480	0.01133	0.01542	0.03825	0.12614	0.01275	0.00662	0.00499	0.00157	0.00603	0.00574	0.00287	0.00704
39	0.06381	0.00730	0.00893	0.00878	0.03428	0.02010	0.00651	0.02621	0.05907	0.12280	0.11872	0.09090	0.11467	0.05898	0.19258	0.00354	0.00635	0.04624	0.00449	0.00571
40	0.35981	0.02787	0.10837	0.11652	0.01744	0.08093	0.05330	0.10469	0.01222	0.02090	0.00927	0.01107	0.00703	0.00522	0.00432	0.00161	0.00586	0.00380	0.04329	0.00649
41	0.01532	0.36057	0.02150	0.01532	0.18343	0.18740	0.01069	0.07870	0.01298	0.01524	0.00899	0.01132	0.00792	0.04359	0.00538	0.00151	0.00663	0.00376	0.00274	0.00700

[dist]
# distance from previous block
# <min> <max>
1	82

[block]
# block no. 2 follows, 46 sequences, length 33
# corresponding to MSA columns:
# 237-269
name=unknown_C
#
# <colnr> <probs for GDERKNQSTAVLIFYWHMCP>
#	G	D	E	R	K	N	Q	S	T	A	V	L	I	F	Y	W	H	M	C	P
0	0.04788	0.24909	0.12050	0.01448	0.14404	0.08957	0.02114	0.08862	0.02740	0.03241	0.00950	0.01091	0.00766	0.00491	0.00440	0.00135	0.00614	0.00372	0.00295	0.11333
1	0.01483	0.07234	0.10053	0.02811	0.24569	0.18561	0.01203	0.04758	0.04959	0.07759	0.01154	0.01446	0.00953	0.07040	0.03607	0.00206	0.00708	0.00458	0.00318	0.00720
2	0.01030	0.00699	0.00843	0.00780	0.00960	0.00671	0.00584	0.07304	0.06076	0.08479	0.19100	0.20048	0.08808	0.10754	0.00850	0.00217	0.00374	0.04984	0.00497	0.06942
3	0.01316	0.01066	0.00911	0.00839	0.01033	0.17594	0.00629	0.09265	0.01345	0.07904	0.02049	0.14494	0.09005	0.05305	0.00624	0.00174	0.00476	0.00696	0.24705	0.00570
4	0.01108	0.08058	0.33066	0.01459	0.06637	0.01182	0.10363	0.06676	0.01166	0.01649	0.01152	0.04494	0.00968	0.01314	0.18039	0.00317	0.00876	0.00504	0.00276	0.00694
5	0.00860	0.00916	0.10440	0.01057	0.01282	0.00776	0.09559	0.01107	0.00987	0.01411	0.09602	0.02057	0.01554	0.02677	0.46722	0.06497	0.01085	0.00587	0.00303	0.00523
6	0.00661	0.00488	0.00618	0.00688	0.00762	0.00446	0.00477	0.00790	0.01137	0.01510	0.17599	0.53344	0.16558	0.01492	0.00656	0.00199	0.00289	0.01332	0.00508	0.00446
7	0.00904	0.00785	0.01144	0.00988	0.01215	0.00768	0.12481	0.01365	0.14250	0.01833	0.26378	0.06197	0.19566	0.01035	0.00622	0.00183	0.00411	0.08806	0.00492	0.00575
8	0.00878	0.00646	0.00857	0.00983	0.09215	0.00635	0.00613	0.01114	0.06449	0.04409	0.17369	0.24233	0.07555	0.18780	0.03635	0.00278	0.00422	0.00967	0.00449	0.00512
9	0.00798	0.00515	0.00642	0.00686	0.00755	0.00479	0.00459	0.00886	0.01025	0.06721	0.05600	0.44889	0.11101	0.21546	0.01163	0.00280	0.00362	0.01188	0.00463	0.00439
10	0.01370	0.01190	0.00953	0.00854	0.01076	0.20478	0.00657	0.13883	0.03790	0.01968	0.01871	0.01974	0.10319	0.00691	0.00459	0.00141	0.00487	0.00530	0.36715	0.00595
11	0.01269	0.01216	0.02075	0.12948	0.68725	0.01246	0.01603	0.01588	0.01185	0.01680	0.00987	0.01321	0.00821	0.00478	0.00524	0.00159	0.00638	0.00471	0.00258	0.00806
12	0.01271	0.01218	0.02078	0.12488	0.69172	0.01246	0.01604	0.01590	0.01186	0.01682	0.00988	0.01321	0.00821	0.00478	0.00524	0.00159	0.00637	0.00471	0.00258	0.00807
13	0.00998	0.00940	0.01586	0.80150	0.03641	0.01175	0.01468	0.01351	0.01057	0.01351	0.00940	0.01409	0.00705	0.00529	0.00529	0.00176	0.00705	0.00470	0.00235	0.00587
14	0.61636	0.01260	0.00997	0.00858	0.01196	0.09374	0.00697	0.15005	0.01246	0.02432	0.00840	0.00942	0.00642	0.00522	0.00379	0.00160	0.00496	0.00326	0.00358	0.00635
15	0.01248	0.01426	0.03119	0.02228	0.02763	0.01337	0.76203	0.01693	0.01248	0.01693	0.01070	0.01426	0.00802	0.00446	0.00624	0.00178	0.00891	0.00624	0.00267	0.00713
16	0.00730	0.00524	0.00675	0.00766	0.00822	0.00505	0.00523	0.05492	0.01105	0.01474	0.02810	0.76057	0.03333	0.01592	0.00666	0.00211	0.00324	0.01438	0.00493	0.00459
17	0.01308	0.01256	0.02146	0.03245	0.78123	0.01256	0.01622	0.01622	0.01204	0.01727	0.00994	0.01308	0.00837	0.00471	0.00523	0.00157	0.00628	0.00471	0.00262	0.00837
18	0.01186	0.01008	0.01622	0.45098	0.20011	0.01155	0.01355	0.01567	0.05343	0.07447	0.04890	0.01562	0.01042	0.00579	0.00582	0.00173	0.03891	0.00506	0.00307	0.00677
19	0.01332	0.00954	0.01071	0.00933	0.01200	0.01030	0.00731	0.11042	0.35583	0.09950	0.22263	0.02399	0.02384	0.00792	0.00549	0.00168	0.00385	0.00666	0.05831	0.00739
20	0.00669	0.00598	0.00717	0.00654	0.00858	0.00509	0.05724	0.00824	0.01208	0.01447	0.05055	0.04831	0.72495	0.01276	0.00625	0.00178	0.00312	0.01081	0.00475	0.00465
21	0.01142	0.00864	0.00916	0.00797	0.01046	0.00893	0.00627	0.21147	0.12071	0.02170	0.10100	0.03165	0.31006	0.00956	0.00557	0.00166	0.00368	0.00785	0.10595	0.00631
22	0.03912	0.33433	0.09565	0.00992	0.01388	0.01446	0.00948	0.07757	0.01236	0.16325	0.01171	0.01286	0.00912	0.00924	0.09072	0.00220	0.04514	0.00405	0.03783	0.00711
23	0.00726	0.00556	0.00679	0.00721	0.00860	0.00509	0.00577	0.00915	0.01250	0.01604	0.17973	0.10502	0.33847	0.01353	0.00663	0.00201	0.00341	0.25747	0.00507	0.00469
24	0.00688	0.00538	0.00623	0.00602	0.00753	0.00473	0.00451	0.00880	0.01354	0.01781	0.42296	0.04507	0.40749	0.01207	0.00624	0.00172	0.00258	0.01034	0.00537	0.00473
25	0.01532	0.06131	0.01816	0.16621	0.10972	0.31687	0.09340	0.01851	0.06055	0.03668	0.00998	0.01225	0.00794	0.00550	0.00567	0.00158	0.04646	0.00435	0.00287	0.00669
26	0.00732	0.00695	0.06235	0.00867	0.00982	0.00577	0.03451	0.00885	0.01030	0.01385	0.02659	0.56371	0.06568	0.04831	0.02820	0.00239	0.02878	0.05881	0.00443	0.00470
27	0.10793	0.00838	0.00951	0.00803	0.01064	0.00847	0.00635	0.13511	0.01377	0.24842	0.01679	0.02048	0.01325	0.11359	0.02800	0.00220	0.00453	0.03547	0.20245	0.00664
28	0.01009	0.00955	0.05616	0.01832	0.30927	0.00865	0.01144	0.01285	0.01206	0.01660	0.07931	0.11908	0.02260	0.01016	0.00623	0.00197	0.00519	0.28019	0.00393	0.00634
29	0.11370	0.04851	0.08414	0.06515	0.07502	0.15565	0.11272	0.12105	0.05902	0.01886	0.01184	0.05764	0.01887	0.00617	0.00542	0.00164	0.02927	0.00505	0.00334	0.00694
30	0.00855	0.00459	0.00671	0.00700	0.00707	0.00452	0.00466	0.00700	0.00763	0.01017	0.01375	0.19806	0.01509	0.01795	0.01747	0.65290	0.00424	0.00698	0.00289	0.00275
31	0.00647	0.00507	0.00579	0.00621	0.00734	0.00447	0.00439	0.00769	0.01138	0.01435	0.09814	0.32956	0.41818	0.04712	0.00728	0.00205	0.00291	0.01232	0.00491	0.00439
32	0.07030	0.06757	0.05154	0.01116	0.06671	0.03440	0.06741	0.03337	0.02770	0.05467	0.06435	0.02179	0.16369	0.00917	0.05494	0.00193	0.02773	0.00587	0.00369	0.16200

[dist]
# distance from previous block
# <min> <max>
3	39

[block]
# block no. 3 follows, 46 sequences, length 98
# corresponding to MSA columns:
# 309-326,365-444
name=unknown_D
#
# <colnr> <probs for GDERKNQSTAVLIFYWHMCP>
#	G	D	E	R	K	N	Q	S	T	A	V	L	I	F	Y	W	H	M	C	P
0	0.01069	0.00936	0.01446	0.07396	0.32804	0.00947	0.01143	0.01407	0.05938	0.01634	0.01701	0.11602	0.01692	0.00992	0.03961	0.00209	0.00567	0.17120	0.00359	0.07078
1	0.02399	0.15332	0.42355	0.01263	0.01861	0.01269	0.03638	0.01842	0.04808	0.15124	0.04358	0.01355	0.01010	0.00553	0.00488	0.00158	0.00647	0.00436	0.00332	0.00771
2	0.01287	0.25997	0.20383	0.01109	0.01551	0.09000	0.03310	0.03837	0.07536	0.03938	0.13028	0.01690	0.03954	0.00632	0.00481	0.00149	0.00592	0.00494	0.00342	0.00689
3	0.01220	0.01098	0.01818	0.11951	0.57010	0.01126	0.01406	0.01528	0.01171	0.01721	0.01103	0.01425	0.00903	0.00501	0.00500	0.00154	0.00577	0.00474	0.13560	0.00753
4	0.00942	0.00729	0.02876	0.00814	0.00956	0.05199	0.00628	0.01099	0.01135	0.08727	0.07354	0.31718	0.12100	0.05081	0.10544	0.00291	0.00528	0.08315	0.00458	0.00507
5	0.05338	0.01955	0.13714	0.01968	0.26618	0.31160	0.01352	0.02801	0.01276	0.01569	0.00888	0.01110	0.00729	0.00542	0.00586	0.00157	0.06861	0.00400	0.00264	0.00712
6	0.00671	0.00487	0.00622	0.00706	0.00764	0.00452	0.00485	0.00783	0.01071	0.01418	0.10275	0.55947	0.11673	0.07647	0.00821	0.00230	0.00321	0.04708	0.00486	0.00432
7	0.00648	0.00527	0.00547	0.00556	0.00697	0.00455	0.00396	0.00759	0.01127	0.01363	0.04636	0.10156	0.61410	0.13269	0.00935	0.00231	0.00307	0.01091	0.00466	0.00426
8	0.01494	0.14736	0.25982	0.01291	0.01756	0.30298	0.01268	0.02001	0.13281	0.01551	0.01057	0.01149	0.00825	0.00544	0.00473	0.00149	0.00754	0.00388	0.00292	0.00712
9	0.01432	0.01063	0.01163	0.01015	0.01321	0.01174	0.00798	0.08174	0.53087	0.12061	0.06423	0.02189	0.06212	0.00760	0.00546	0.00175	0.00417	0.00630	0.00552	0.00808
10	0.00644	0.00460	0.00613	0.00736	0.00767	0.00429	0.00491	0.00736	0.01012	0.01350	0.02914	0.81076	0.03497	0.01656	0.00675	0.00215	0.00307	0.01503	0.00491	0.00429
11	0.01386	0.06005	0.01257	0.03332	0.12325	0.12864	0.00831	0.15418	0.01438	0.02006	0.01450	0.01622	0.03859	0.00602	0.00450	0.00140	0.00504	0.00473	0.33391	0.00649
12	0.01342	0.04294	0.10964	0.02938	0.17531	0.05559	0.01179	0.05301	0.20638	0.06320	0.01474	0.06286	0.02151	0.00701	0.00682	0.00175	0.10786	0.00553	0.00375	0.00752
13	0.00787	0.00567	0.00629	0.00606	0.00792	0.00487	0.00466	0.00949	0.01274	0.07425	0.16087	0.04702	0.57490	0.01253	0.00622	0.00178	0.00289	0.04389	0.00517	0.00491
14	0.01501	0.01228	0.01300	0.01114	0.01446	0.01402	0.00882	0.22555	0.57118	0.02512	0.01915	0.01784	0.01422	0.00695	0.00535	0.00174	0.00462	0.00565	0.00535	0.00853
15	0.01177	0.03197	0.37331	0.01489	0.06707	0.01082	0.11292	0.04769	0.01210	0.08171	0.01460	0.16966	0.01318	0.00738	0.00554	0.00176	0.00652	0.00659	0.00334	0.00720
16	0.85155	0.01022	0.00777	0.00695	0.01022	0.01186	0.00573	0.01554	0.00900	0.02372	0.00736	0.00859	0.00573	0.00491	0.00327	0.00164	0.00409	0.00286	0.00327	0.00573
17	0.01308	0.01256	0.02146	0.03245	0.78123	0.01256	0.01622	0.01622	0.01204	0.01727	0.00994	0.01308	0.00837	0.00471	0.00523	0.00157	0.00628	0.00471	0.00262	0.00837
18	0.00677	0.00547	0.00612	0.00648	0.00804	0.00482	0.00510	0.00833	0.01194	0.01457	0.04608	0.10595	0.55804	0.01388	0.00652	0.00196	0.00320	0.17727	0.00490	0.00454
19	0.00764	0.00530	0.00665	0.00665	0.00695	0.00560	0.00430	0.00825	0.00795	0.01090	0.01585	0.03014	0.01728	0.56438	0.27409	0.00621	0.00804	0.00704	0.00308	0.00369
20	0.00697	0.00501	0.00661	0.00700	0.00779	0.00465	0.00495	0.00870	0.01259	0.01743	0.41148	0.41721	0.04258	0.01363	0.00649	0.00190	0.00277	0.01224	0.00537	0.00465
21	0.01060	0.02735	0.78682	0.01507	0.02288	0.01228	0.01953	0.01674	0.01116	0.01674	0.00949	0.01116	0.00670	0.00502	0.00502	0.00167	0.00781	0.00391	0.00223	0.00781
22	0.00929	0.04337	0.00967	0.04294	0.05660	0.00698	0.00660	0.01229	0.05799	0.06102	0.45954	0.15505	0.03722	0.01038	0.00599	0.00172	0.00336	0.00918	0.00519	0.00562
23	0.01123	0.04709	0.55534	0.01689	0.02392	0.01283	0.22463	0.01677	0.01151	0.01667	0.00976	0.01194	0.00707	0.00485	0.00531	0.00169	0.00805	0.00452	0.00236	0.00759
24	0.01081	0.00911	0.01514	0.70794	0.03334	0.01110	0.01369	0.01392	0.01066	0.06188	0.01011	0.01445	0.00755	0.00608	0.00613	0.04814	0.00675	0.00473	0.00261	0.00587
25	0.02275	0.01056	0.01323	0.01015	0.01427	0.01009	0.00838	0.22385	0.01774	0.58312	0.01866	0.01657	0.01199	0.00649	0.00531	0.00162	0.00485	0.00517	0.00621	0.00900
26	0.01083	0.05740	0.33233	0.33090	0.06990	0.01260	0.08216	0.01539	0.01107	0.01528	0.00948	0.01258	0.00705	0.00504	0.00517	0.00169	0.00741	0.00442	0.00234	0.00696
27	0.00698	0.00540	0.00642	0.00690	0.00796	0.00505	0.00489	0.00921	0.06454	0.01532	0.13131	0.42709	0.26106	0.01421	0.00644	0.00195	0.00295	0.01253	0.00506	0.00472
28	0.00920	0.00592	0.00726	0.00706	0.00883	0.00529	0.00556	0.01108	0.01310	0.11485	0.22797	0.08701	0.32687	0.01224	0.00633	0.00187	0.00326	0.13573	0.00534	0.00524
29	0.00799	0.00636	0.00920	0.18106	0.05328	0.00678	0.00752	0.00957	0.00993	0.01311	0.02172	0.29201	0.06941	0.18014	0.06508	0.00308	0.00537	0.04997	0.00374	0.00469
30	0.00976	0.04288	0.01196	0.01174	0.09993	0.00863	0.06023	0.04725	0.10985	0.01732	0.09324	0.11713	0.22769	0.01055	0.00605	0.00184	0.00432	0.10913	0.00452	0.00599
31	0.00809	0.00701	0.04388	0.00900	0.01026	0.00616	0.04771	0.06621	0.01151	0.01545	0.02593	0.63745	0.03002	0.01451	0.00655	0.00207	0.00389	0.04462	0.00469	0.00499
32	0.02197	0.01180	0.01400	0.01073	0.01489	0.01192	0.00887	0.38109	0.01981	0.42295	0.01692	0.01544	0.01111	0.00645	0.00530	0.00161	0.00513	0.00505	0.00594	0.00899
33	0.01245	0.01423	0.09241	0.11862	0.38220	0.08638	0.06459	0.01553	0.01166	0.01572	0.01097	0.07356	0.00981	0.00609	0.00620	0.00169	0.06254	0.00539	0.00272	0.00723
34	0.00757	0.00638	0.00683	0.00719	0.00867	0.04079	0.00565	0.00923	0.01222	0.01503	0.09288	0.12893	0.41856	0.01350	0.00651	0.00197	0.00360	0.20499	0.00486	0.00466
35	0.01279	0.01218	0.02072	0.05643	0.72400	0.01226	0.01584	0.01591	0.01200	0.01709	0.01070	0.01511	0.00928	0.00515	0.00532	0.00161	0.00624	0.03651	0.00270	0.00814
36	0.01078	0.02610	0.71491	0.01575	0.02333	0.01238	0.09019	0.01676	0.01129	0.01676	0.00960	0.01146	0.00682	0.00497	0.00514	0.00168	0.00792	0.00413	0.00227	0.00775
37	0.01323	0.22478	0.33213	0.01345	0.07570	0.01363	0.01355	0.06361	0.01235	0.08990	0.01218	0.05750	0.01023	0.00617	0.00486	0.00158	0.00630	0.03824	0.00314	0.00745
38	0.01481	0.30033	0.28127	0.01231	0.01790	0.01521	0.05997	0.09891	0.01314	0.12340	0.01073	0.01153	0.00795	0.00517	0.00460	0.00148	0.00645	0.00396	0.00320	0.00770
39	0.71998	0.01259	0.00891	0.00801	0.01119	0.13541	0.00644	0.01642	0.00994	0.02201	0.00749	0.00874	0.00590	0.00499	0.00351	0.00159	0.00495	0.00295	0.00318	0.00579
40	0.01600	0.27108	0.04601	0.01657	0.17942	0.32966	0.03917	0.01811	0.01280	0.01398	0.00843	0.01019	0.00718	0.00495	0.00450	0.00136	0.00754	0.00362	0.00254	0.00691
41	0.00651	0.00529	0.00576	0.00580	0.00734	0.00455	0.00429	0.00803	0.01244	0.01556	0.19319	0.12096	0.56547	0.01319	0.00629	0.00180	0.00268	0.01121	0.00509	0.00455
42	0.01396	0.12087	0.31298	0.01893	0.26005	0.01308	0.01520	0.05161	0.01252	0.11580	0.01096	0.01237	0.00816	0.00512	0.00493	0.00156	0.00654	0.00424	0.00305	0.00806
43	0.09234	0.06804	0.52375	0.01354	0.02010	0.01217	0.05419	0.01783	0.01155	0.12298	0.01079	0.01186	0.00756	0.00516	0.00487	0.00164	0.00694	0.00406	0.00295	0.00768
44	0.02318	0.00986	0.01280	0.00982	0.01393	0.00905	0.00811	0.13548	0.01658	0.67314	0.01964	0.01721	0.01248	0.00651	0.00531	0.00163	0.00469	0.00523	0.00636	0.00900
45	0.02104	0.01001	0.01252	0.00992	0.01372	0.00965	0.00807	0.14193	0.11087	0.53571	0.02002	0.05344	0.01381	0.00705	0.00538	0.00167	0.00460	0.00575	0.00612	0.00870
46	0.05472	0.04195	0.05739	0.01486	0.12090	0.35964	0.01068	0.06392	0.05222	0.06989	0.01182	0.07257	0.01016	0.00645	0.00536	0.00156	0.03079	0.00484	0.00340	0.00687
47	0.00700	0.05286	0.00716	0.00634	0.00795	0.00556	0.00487	0.00846	0.01186	0.01464	0.09539	0.17762	0.49905	0.01332	0.00625	0.00185	0.00307	0.06729	0.00481	0.00464
48	0.00672	0.00487	0.00638	0.00728	0.00789	0.00453	0.00511	0.00801	0.01111	0.01484	0.14092	0.59218	0.08884	0.01536	0.00668	0.00207	0.00308	0.06462	0.00504	0.00445
49	0.01206	0.01599	0.14880	0.02007	0.02512	0.01356	0.54857	0.01636	0.01171	0.01636	0.01002	0.01343	0.00767	0.00516	0.00747	0.00183	0.11053	0.00566	0.00256	0.00707
50	0.01430	0.46797	0.21778	0.01143	0.01645	0.16404	0.01192	0.01705	0.01165	0.01362	0.00805	0.00936	0.00677	0.00482	0.00406	0.00131	0.00693	0.00321	0.00234	0.00692
51	0.00731	0.00554	0.00676	0.00656	0.00792	0.00511	0.00488	0.00985	0.04178	0.01893	0.51469	0.10962	0.21789	0.01179	0.00625	0.00174	0.00265	0.01029	0.00551	0.00493
52	0.01193	0.01701	0.23528	0.01723	0.02257	0.01283	0.35635	0.01822	0.13189	0.01749	0.01180	0.01394	0.00887	0.00527	0.00622	0.00173	0.04952	0.00530	0.00299	0.05355
53	0.00730	0.00540	0.00681	0.00646	0.00778	0.00491	0.00484	0.00962	0.01453	0.02016	0.66942	0.04120	0.15955	0.01120	0.00624	0.00168	0.00252	0.00980	0.00568	0.00491
54	0.01081	0.07363	0.74234	0.01471	0.02234	0.01278	0.01892	0.01669	0.01114	0.01649	0.00936	0.01100	0.00670	0.00499	0.00493	0.00164	0.00769	0.00384	0.00223	0.00775
55	0.07174	0.01128	0.01166	0.01049	0.01350	0.01306	0.00818	0.02721	0.71838	0.02223	0.02053	0.01895	0.01541	0.00701	0.00523	0.00178	0.00418	0.00576	0.00523	0.00818
56	0.00829	0.00661	0.00659	0.00650	0.00705	0.06021	0.00413	0.00877	0.00896	0.01126	0.02168	0.03418	0.13801	0.56144	0.09094	0.00464	0.00586	0.00776	0.00341	0.00374
57	0.52931	0.00837	0.00692	0.00640	0.00908	0.00906	0.00512	0.01261	0.01029	0.02042	0.05609	0.02422	0.26929	0.00803	0.00441	0.00169	0.00354	0.00596	0.00394	0.00527
58	0.01716	0.01269	0.01238	0.01031	0.01337	0.13453	0.00819	0.30352	0.01760	0.15436	0.04121	0.06333	0.04131	0.00955	0.06029	0.00205	0.00608	0.00571	0.07903	0.00731
59	0.00789	0.00564	0.00778	0.00891	0.00988	0.00553	0.00733	0.00991	0.01176	0.01547	0.06953	0.26632	0.03275	0.01494	0.00709	0.00231	0.00424	0.50310	0.00493	0.00472
60	0.02631	0.26039	0.16577	0.01204	0.04079	0.14194	0.01124	0.14442	0.01397	0.01783	0.00915	0.01035	0.00732	0.00501	0.00438	0.00133	0.00650	0.00356	0.00299	0.11473
61	0.01163	0.01091	0.01799	0.12528	0.54165	0.01118	0.01395	0.01484	0.03413	0.01639	0.01479	0.09170	0.05953	0.00653	0.00545	0.00167	0.00578	0.00613	0.00303	0.00742
62	0.01021	0.01034	0.05582	0.37765	0.14331	0.01059	0.07496	0.01370	0.03551	0.01470	0.01338	0.09970	0.01241	0.06329	0.00710	0.00204	0.00639	0.03982	0.00295	0.00615
63	0.01154	0.24616	0.52239	0.01301	0.01946	0.02475	0.01578	0.01614	0.01095	0.01525	0.00913	0.01092	0.00708	0.00679	0.04786	0.00189	0.00758	0.00370	0.00228	0.00733
64	0.01308	0.01256	0.02146	0.03245	0.78123	0.01256	0.01622	0.01622	0.01204	0.01727	0.00994	0.01308	0.00837	0.00471	0.00523	0.00157	0.00628	0.00471	0.00262	0.00837
65	0.11649	0.00936	0.00998	0.00904	0.01161	0.01041	0.00705	0.02087	0.41889	0.05380	0.15247	0.02363	0.06636	0.00991	0.05496	0.00217	0.00443	0.00647	0.00505	0.00701
66	0.01077	0.05195	0.33148	0.22105	0.06283	0.01210	0.13377	0.01515	0.01105	0.01537	0.01983	0.01439	0.00851	0.06158	0.00677	0.00193	0.00736	0.00481	0.00247	0.00682
67	0.00755	0.00566	0.00850	0.00850	0.00944	0.00661	0.00661	0.00944	0.00850	0.01227	0.01416	0.02077	0.01322	0.03965	0.79326	0.00850	0.01416	0.00566	0.00283	0.00472
68	0.00640	0.00521	0.00567	0.00588	0.00732	0.00448	0.00429	0.00777	0.01195	0.01478	0.11771	0.20011	0.56249	0.01377	0.00635	0.00185	0.00274	0.01177	0.00500	0.00448
69	0.00643	0.00463	0.00611	0.00729	0.00765	0.00430	0.00488	0.00737	0.01019	0.01352	0.03002	0.78333	0.06182	0.01645	0.00673	0.00213	0.00305	0.01489	0.00491	0.00430
70	0.01114	0.02417	0.62240	0.01880	0.18580	0.01234	0.01882	0.01663	0.01135	0.01686	0.00959	0.01157	0.00706	0.00496	0.00507	0.00165	0.00748	0.00408	0.00231	0.00793
71	0.01248	0.01426	0.03119	0.02228	0.02763	0.01337	0.76203	0.01693	0.01248	0.01693	0.01070	0.01426	0.00802	0.00446	0.00624	0.00178	0.00891	0.00624	0.00267	0.00713
72	0.00852	0.00608	0.00852	0.00974	0.01095	0.00608	0.00852	0.01095	0.01217	0.01582	0.02799	0.05963	0.03042	0.01460	0.00730	0.00243	0.00487	0.74565	0.00487	0.00487
73	0.01054	0.00975	0.03782	0.66542	0.03241	0.01123	0.01370	0.03835	0.01130	0.03990	0.03006	0.05570	0.00980	0.00607	0.00538	0.00177	0.00663	0.00535	0.00280	0.00603
74	0.00650	0.00465	0.00619	0.00732	0.00768	0.00434	0.00491	0.00752	0.01041	0.01396	0.07430	0.76427	0.03586	0.01622	0.00672	0.00212	0.00303	0.01470	0.00496	0.00434
75	0.01156	0.00957	0.01051	0.00941	0.01094	0.09142	0.00731	0.08399	0.01411	0.06714	0.34617	0.12890	0.02982	0.01004	0.00790	0.00180	0.14080	0.00806	0.00477	0.00579
76	0.00643	0.00465	0.00608	0.00722	0.00763	0.00431	0.00485	0.00738	0.01026	0.01355	0.03084	0.75766	0.08696	0.01634	0.00671	0.00212	0.00304	0.01476	0.00491	0.00431
77	0.00835	0.00580	0.00834	0.14413	0.01317	0.00590	0.00695	0.00987	0.01064	0.06751	0.02511	0.58423	0.02843	0.01383	0.00642	0.00206	0.00393	0.04582	0.00458	0.00492
78	0.01299	0.01338	0.01410	0.32815	0.10768	0.23394	0.01140	0.01564	0.01228	0.01510	0.04534	0.01472	0.01010	0.00566	0.00492	0.00154	0.00674	0.00459	0.13570	0.00604
79	0.24106	0.04781	0.05919	0.04909	0.38402	0.04177	0.01250	0.07319	0.01214	0.01971	0.00923	0.01144	0.00744	0.00495	0.00460	0.00158	0.00586	0.00404	0.00296	0.00743
80	0.01413	0.81739	0.02770	0.00905	0.01357	0.02092	0.00905	0.01583	0.01074	0.01244	0.00735	0.00848	0.00678	0.00452	0.00339	0.00113	0.00565	0.00283	0.00226	0.00678
81	0.00773	0.00535	0.00717	0.00717	0.00763	0.00581	0.00495	0.00848	0.00802	0.01116	0.01492	0.02660	0.01561	0.38320	0.39789	0.06553	0.00947	0.00649	0.00296	0.00388
82	0.00769	0.00552	0.00621	0.00610	0.00777	0.00476	0.00455	0.00921	0.01248	0.06913	0.16281	0.14400	0.51501	0.01291	0.00624	0.00180	0.00283	0.01099	0.00517	0.00484
83	0.00998	0.00940	0.01586	0.80150	0.03641	0.01175	0.01468	0.01351	0.01057	0.01351	0.00940	0.01409	0.00705	0.00529	0.00529	0.00176	0.00705	0.00470	0.00235	0.00587
84	0.00860	0.00494	0.00540	0.00559	0.00627	0.00489	0.00372	0.01000	0.00981	0.01559	0.01893	0.14977	0.01882	0.27573	0.01187	0.00267	0.00344	0.00744	0.43227	0.00426
85	0.01061	0.01063	0.01935	0.01517	0.01752	0.01173	0.30972	0.01313	0.00990	0.01404	0.01110	0.01716	0.01009	0.09934	0.18911	0.00379	0.22330	0.00583	0.00267	0.00581
86	0.00748	0.00593	0.00658	0.00634	0.00808	0.00536	0.00488	0.04996	0.01354	0.01728	0.24438	0.04625	0.49589	0.01238	0.00626	0.00178	0.00293	0.05465	0.00517	0.00488
87	0.00963	0.00677	0.00750	0.00697	0.00879	0.00663	0.00517	0.01369	0.15953	0.07998	0.14281	0.03616	0.29890	0.13751	0.00913	0.00225	0.00347	0.00855	0.05107	0.00550
88	0.02092	0.01348	0.01505	0.01153	0.01573	0.01443	0.00953	0.59534	0.02264	0.20472	0.01455	0.01390	0.00992	0.00639	0.00529	0.00160	0.00552	0.00489	0.00557	0.00899
89	0.01232	0.01213	0.02000	0.27266	0.47776	0.04115	0.05649	0.01559	0.01171	0.01591	0.00975	0.01333	0.00788	0.00490	0.00529	0.00163	0.00679	0.00474	0.00254	0.00744
90	0.01308	0.01256	0.02146	0.03245	0.78123	0.01256	0.01622	0.01622	0.01204	0.01727	0.00994	0.01308	0.00837	0.00471	0.00523	0.00157	0.00628	0.00471	0.00262	0.00837
91	0.00635	0.00530	0.00553	0.00560	0.00723	0.00449	0.00415	0.00774	0.01211	0.01470	0.10235	0.10810	0.67132	0.01345	0.00629	0.00180	0.00269	0.01134	0.00497	0.00449
92	0.01901	0.07798	0.01579	0.01295	0.01600	0.59392	0.01000	0.11536	0.06155	0.01604	0.00949	0.01048	0.00765	0.00560	0.00477	0.00140	0.00847	0.00369	0.00318	0.00667
93	0.01192	0.04502	0.24141	0.01285	0.09224	0.01037	0.01156	0.01686	0.09764	0.04665	0.01121	0.01240	0.00865	0.00481	0.00457	0.00128	0.00542	0.00391	0.00317	0.35804
94	0.01489	0.02418	0.01843	0.13202	0.40488	0.01319	0.01357	0.18644	0.05684	0.06623	0.01174	0.01373	0.00901	0.00540	0.00524	0.00161	0.00605	0.00480	0.00357	0.00818
95	0.00756	0.00538	0.00678	0.00738	0.00825	0.00513	0.00516	0.00974	0.06430	0.03900	0.12755	0.55896	0.10571	0.01455	0.00649	0.00201	0.00308	0.01302	0.00511	0.00483
96	0.00641	0.00473	0.00601	0.00703	0.00758	0.00432	0.00476	0.00740	0.01044	0.01362	0.03317	0.68535	0.15778	0.01604	0.00667	0.00209	0.00300	0.01439	0.00491	0.00432
97	0.01432	0.36126	0.20647	0.01254	0.06158	0.16231	0.01189	0.01717	0.01187	0.03710	0.00912	0.01050	0.00742	0.00498	0.00423	0.00135	0.00673	0.00350	0.04870	0.00697

[dist]
# distance from previous block
# <min> <max>
0	3

[block]
# block no. 4 follows, 46 sequences, length 39
# corresponding to MSA columns:
# 448-486
name=unknown_E
#
# <colnr> <probs for GDERKNQSTAVLIFYWHMCP>
#	G	D	E	R	K	N	Q	S	T	A	V	L	I	F	Y	W	H	M	C	P
0	0.09900	0.19450	0.28091	0.01417	0.09924	0.11076	0.01320	0.06185	0.01243	0.05478	0.00944	0.01075	0.00726	0.00507	0.00451	0.00149	0.00673	0.00371	0.00284	0.00736
1	0.00761	0.00546	0.00698	0.00711	0.00738	0.00585	0.00473	0.00828	0.00837	0.01147	0.01802	0.18072	0.02028	0.44087	0.19985	0.00519	0.04605	0.00849	0.00340	0.00389
2	0.01350	0.01206	0.09267	0.01269	0.05136	0.05905	0.13682	0.05593	0.01364	0.16724	0.14775	0.02351	0.10155	0.04296	0.02474	0.00198	0.02486	0.00661	0.00432	0.00674
3	0.01307	0.47819	0.11240	0.01007	0.01473	0.01580	0.04339	0.01547	0.01105	0.04798	0.01014	0.06495	0.00920	0.00541	0.00410	0.00126	0.00557	0.00410	0.00278	0.13033
4	0.00768	0.00837	0.10254	0.00909	0.01042	0.00686	0.00763	0.00936	0.01022	0.01396	0.02558	0.52535	0.07890	0.01393	0.00786	0.00210	0.10435	0.04659	0.00425	0.00495
5	0.01276	0.01217	0.02071	0.03122	0.74327	0.01216	0.01567	0.01579	0.01194	0.01709	0.01089	0.05223	0.00968	0.00529	0.00531	0.00160	0.00612	0.00522	0.00273	0.00817
6	0.00682	0.00501	0.00635	0.00710	0.00786	0.00464	0.00506	0.00813	0.01118	0.01471	0.12932	0.46590	0.16370	0.05273	0.00760	0.00219	0.00321	0.08915	0.00494	0.00442
7	0.01044	0.00984	0.01617	0.12172	0.29595	0.00991	0.09896	0.01377	0.04703	0.01601	0.02251	0.06306	0.18559	0.00807	0.00581	0.00177	0.00553	0.05779	0.00350	0.00658
8	0.00759	0.00550	0.00767	0.00767	0.00833	0.00616	0.00558	0.00891	0.00825	0.01166	0.01492	0.02496	0.01503	0.27429	0.56110	0.00748	0.01142	0.00628	0.00294	0.00426
9	0.00801	0.00622	0.00889	0.00864	0.00933	0.00741	0.00660	0.00951	0.00832	0.01200	0.01378	0.02199	0.01350	0.16097	0.58570	0.00728	0.09853	0.00588	0.00284	0.00459
10	0.06911	0.07862	0.23474	0.06143	0.05541	0.01188	0.14088	0.06415	0.01225	0.01752	0.01386	0.05752	0.01271	0.00723	0.00552	0.00180	0.00657	0.13882	0.00321	0.00677
11	0.00754	0.00568	0.00821	0.00831	0.00904	0.00650	0.00626	0.00910	0.00867	0.01232	0.01641	0.14452	0.01684	0.09585	0.58089	0.00701	0.04185	0.00724	0.00316	0.00457
12	0.00816	0.00583	0.00811	0.00933	0.01039	0.00578	0.00790	0.01034	0.01182	0.01542	0.02819	0.18797	0.03120	0.01494	0.00721	0.00238	0.00456	0.62082	0.00487	0.00477
13	0.00812	0.00602	0.00656	0.00621	0.00815	0.00537	0.00473	0.01063	0.06465	0.06888	0.16705	0.04464	0.55569	0.01207	0.00612	0.00176	0.00288	0.01014	0.00520	0.00513
14	0.01052	0.01216	0.12105	0.01491	0.05196	0.01010	0.25921	0.01373	0.01151	0.04504	0.06785	0.09158	0.09642	0.01142	0.09558	0.00257	0.06752	0.00717	0.00340	0.00629
15	0.00736	0.00548	0.00809	0.00830	0.00914	0.00621	0.00632	0.00908	0.00877	0.01248	0.01672	0.15575	0.01693	0.03570	0.65888	0.00741	0.01226	0.00726	0.00319	0.00465
16	0.00860	0.00661	0.00969	0.00925	0.00985	0.00809	0.00721	0.00963	0.00814	0.01183	0.01193	0.01821	0.01133	0.03020	0.51300	0.15044	0.16354	0.00528	0.00264	0.00451
17	0.00868	0.00792	0.00923	0.00969	0.04277	0.06118	0.00694	0.01000	0.01091	0.01411	0.06362	0.33516	0.19617	0.01286	0.00840	0.00201	0.15263	0.03857	0.00422	0.00497
18	0.01342	0.01477	0.01420	0.01264	0.01366	0.26343	0.01003	0.01470	0.01035	0.01262	0.00884	0.01328	0.00836	0.04642	0.13131	0.00306	0.39620	0.00452	0.00256	0.00562
19	0.01223	0.12570	0.59371	0.01401	0.02089	0.04881	0.01702	0.07768	0.01240	0.01738	0.00942	0.01088	0.00690	0.00509	0.00483	0.00158	0.00746	0.00382	0.00251	0.00770
20	0.16694	0.06511	0.18531	0.01599	0.13232	0.08494	0.14007	0.01662	0.04537	0.01725	0.01022	0.01342	0.00842	0.06865	0.00656	0.00188	0.00674	0.00451	0.00282	0.00684
21	0.01620	0.30780	0.06758	0.01054	0.01450	0.09848	0.00959	0.16697	0.01472	0.12380	0.01317	0.06118	0.01132	0.00668	0.00475	0.00150	0.00588	0.05427	0.00384	0.00725
22	0.00835	0.00666	0.00851	0.00804	0.00991	0.00665	0.00627	0.01124	0.07080	0.01457	0.02250	0.08071	0.14345	0.02326	0.35596	0.00467	0.00829	0.05765	0.00372	0.14878
23	0.01067	0.02513	0.07123	0.04347	0.06195	0.00865	0.00789	0.10148	0.06389	0.04486	0.01793	0.20497	0.01832	0.22134	0.06132	0.00310	0.00556	0.00796	0.01456	0.00572
24	0.01372	0.30378	0.33554	0.01349	0.05415	0.16550	0.01390	0.01724	0.01179	0.01452	0.00850	0.01000	0.00683	0.00491	0.00441	0.00142	0.00731	0.00347	0.00236	0.00715
25	0.00734	0.00527	0.00622	0.00610	0.00744	0.00478	0.00453	0.00937	0.01327	0.01841	0.41414	0.09340	0.26290	0.01139	0.00596	0.00168	0.00258	0.00983	0.11062	0.00478
26	0.02059	0.00957	0.01188	0.00938	0.01304	0.00917	0.00766	0.13822	0.07566	0.51276	0.01919	0.01753	0.01275	0.00651	0.00511	0.00159	0.00442	0.00523	0.11130	0.00844
27	0.01286	0.01419	0.07322	0.02635	0.51982	0.07313	0.09454	0.01623	0.02285	0.01670	0.01330	0.01574	0.06626	0.00545	0.00537	0.00160	0.00662	0.00522	0.00282	0.00773
28	0.01504	0.00760	0.00859	0.00726	0.00971	0.00755	0.00578	0.14097	0.01440	0.21410	0.01739	0.01811	0.01267	0.00629	0.00437	0.00139	0.00353	0.00500	0.49362	0.00663
29	0.00761	0.00571	0.00792	0.00791	0.00860	0.00643	0.00584	0.00896	0.00859	0.01205	0.01733	0.08685	0.05038	0.20087	0.49877	0.00671	0.04490	0.00704	0.00315	0.00440
30	0.06956	0.01306	0.18821	0.07582	0.01665	0.01048	0.04527	0.04860	0.01134	0.11810	0.01373	0.09967	0.01182	0.01115	0.09882	0.00258	0.10969	0.00577	0.04313	0.00655
31	0.01545	0.01696	0.13944	0.01654	0.12071	0.12216	0.08863	0.18699	0.07471	0.05454	0.01137	0.01288	0.00865	0.00602	0.00669	0.00169	0.10063	0.00469	0.00354	0.00771
32	0.00817	0.00698	0.01009	0.35653	0.02006	0.00768	0.00885	0.01048	0.01100	0.01418	0.02743	0.16236	0.25912	0.00986	0.00573	0.00180	0.00466	0.00854	0.06139	0.00509
33	0.00718	0.00506	0.00662	0.00718	0.00756	0.00514	0.00486	0.00807	0.00906	0.01226	0.02179	0.35349	0.02495	0.28546	0.17987	0.00449	0.00618	0.04283	0.00390	0.00405
34	0.01680	0.23451	0.01814	0.01193	0.01496	0.40122	0.00975	0.07696	0.03107	0.01461	0.00967	0.01111	0.02498	0.00660	0.02316	0.00158	0.07985	0.00375	0.00288	0.00648
35	0.01500	0.01156	0.01233	0.01056	0.01375	0.01302	0.00836	0.20290	0.49820	0.05747	0.01903	0.01796	0.01408	0.00686	0.00522	0.00169	0.00445	0.00557	0.07371	0.00826
36	0.01201	0.07939	0.08990	0.01371	0.14344	0.04552	0.04465	0.03107	0.03664	0.07101	0.01834	0.13764	0.09518	0.00758	0.00521	0.00153	0.00516	0.00655	0.00367	0.15180
37	0.01249	0.04773	0.01196	0.01152	0.10629	0.04322	0.00789	0.14642	0.04590	0.06870	0.02372	0.15165	0.16462	0.02741	0.00612	0.00174	0.01463	0.01527	0.04659	0.04614
38	0.01122	0.06590	0.01363	0.04854	0.20371	0.09358	0.00930	0.01495	0.09488	0.01769	0.25231	0.02567	0.11137	0.00795	0.00550	0.00160	0.00481	0.00682	0.00414	0.00642

[dist]
# distance from previous block
# <min> <max>
0	31

[block]
# block no. 5 follows, 46 sequences, length 8
# corresponding to MSA columns:
# 518-525
name=unknown_F
#
# <colnr> <probs for GDERKNQSTAVLIFYWHMCP>
#	G	D	E	R	K	N	Q	S	T	A	V	L	I	F	Y	W	H	M	C	P
0	0.07222	0.30789	0.05661	0.07644	0.10663	0.07458	0.00997	0.01496	0.01081	0.01456	0.00919	0.01215	0.00811	0.04353	0.07045	0.00206	0.00663	0.00379	0.00260	0.09681
1	0.08461	0.04186	0.09250	0.06688	0.11071	0.00952	0.00976	0.04983	0.01201	0.07429	0.05583	0.06302	0.05192	0.01010	0.07043	0.00219	0.00578	0.07159	0.01993	0.09724
2	0.04874	0.10237	0.14749	0.01287	0.04610	0.16589	0.07615	0.01800	0.09077	0.05446	0.01207	0.06254	0.01011	0.00586	0.00484	0.00147	0.00641	0.00476	0.00327	0.12582
