[name]
unknown

[dist]
# distance from previous block
# <min> <max>
0	8

[block]
# block no. 0 follows, 41 sequences, length 69
# corresponding to MSA columns:
# 108-121,124-133,135-147,149-153,157-168,177-191
name=unknown_A
#
# <colnr> <probs for GDERKNQSTAVLIFYWHMCP>
#	G	D	E	R	K	N	Q	S	T	A	V	L	I	F	Y	W	H	M	C	P
0	0.01345	0.03898	0.04316	0.01681	0.02100	0.01161	0.36802	0.01794	0.07019	0.10507	0.01947	0.14278	0.04067	0.00842	0.00658	0.00199	0.00704	0.05530	0.00419	0.00732
1	0.01421	0.28454	0.11567	0.30897	0.02594	0.01575	0.03815	0.01755	0.01221	0.10063	0.01088	0.01326	0.00826	0.00552	0.00502	0.00165	0.00696	0.00441	0.00302	0.00739
2	0.00799	0.00761	0.07569	0.00880	0.00986	0.00620	0.00687	0.00929	0.01030	0.01407	0.02448	0.48903	0.02829	0.12213	0.08344	0.04421	0.03028	0.01227	0.00437	0.00482
3	0.01416	0.01359	0.02322	0.03511	0.76330	0.01359	0.01755	0.01755	0.01302	0.01869	0.01076	0.01416	0.00906	0.00510	0.00566	0.00170	0.00680	0.00510	0.00283	0.00906
4	0.04552	0.01872	0.26610	0.01409	0.01951	0.08813	0.09257	0.04719	0.03848	0.23329	0.01573	0.06892	0.01190	0.00687	0.00573	0.00181	0.00704	0.00579	0.00433	0.00828
5	0.00941	0.00866	0.03329	0.01640	0.22201	0.00790	0.04532	0.01147	0.01190	0.01611	0.02677	0.44198	0.09983	0.01299	0.00671	0.00208	0.00470	0.01191	0.00442	0.00616
6	0.83938	0.01106	0.00841	0.00752	0.01106	0.01283	0.00619	0.01681	0.00973	0.02566	0.00796	0.00929	0.00619	0.00531	0.00354	0.00177	0.00442	0.00310	0.00354	0.00619
7	0.02137	0.02726	0.01621	0.01474	0.01768	0.77602	0.01105	0.02284	0.01621	0.01400	0.00884	0.01031	0.00737	0.00589	0.00516	0.00147	0.01031	0.00368	0.00295	0.00663
8	0.01738	0.11165	0.15032	0.02092	0.30404	0.03808	0.01438	0.02075	0.01376	0.23352	0.01367	0.01460	0.00995	0.00573	0.00539	0.00167	0.00656	0.00484	0.00394	0.00886
9	0.01939	0.00789	0.00995	0.00815	0.01128	0.00712	0.00656	0.02180	0.01454	0.45555	0.02093	0.02024	0.01437	0.00691	0.00502	0.00159	0.00395	0.00558	0.35127	0.00789
10	0.00832	0.00555	0.00624	0.00624	0.00624	0.00555	0.00347	0.00832	0.00832	0.01109	0.01802	0.03743	0.02080	0.79898	0.02911	0.00555	0.00555	0.00832	0.00347	0.00347
11	0.01375	0.01474	0.02978	0.02825	0.30630	0.01414	0.46930	0.01803	0.01332	0.01846	0.01127	0.01495	0.00882	0.00493	0.00634	0.00184	0.00857	0.00613	0.00287	0.00822
12	0.01603	0.02133	0.40811	0.01612	0.08119	0.03790	0.04172	0.02162	0.06220	0.21631	0.01441	0.01487	0.00995	0.00599	0.00560	0.00179	0.00722	0.00492	0.00394	0.00879
13	0.76746	0.01125	0.00903	0.00790	0.01153	0.01290	0.00651	0.05299	0.01084	0.05510	0.00882	0.00991	0.00668	0.00546	0.00373	0.00177	0.00453	0.00330	0.00379	0.00651
14	0.01496	0.13779	0.02265	0.10982	0.46597	0.11949	0.01527	0.01789	0.01307	0.01679	0.01000	0.01297	0.00840	0.00524	0.00529	0.00162	0.00726	0.00458	0.00276	0.00817
15	0.00828	0.00570	0.00701	0.00701	0.00728	0.00597	0.00443	0.00881	0.00855	0.01166	0.01732	0.03352	0.01910	0.60122	0.22455	0.00650	0.00810	0.00775	0.00336	0.00390
16	0.01251	0.23188	0.31789	0.01585	0.06250	0.01501	0.12961	0.01678	0.01230	0.01679	0.03309	0.06736	0.01170	0.00648	0.00541	0.00172	0.00732	0.02523	0.00291	0.00764
17	0.01351	0.29440	0.39669	0.01484	0.06895	0.01659	0.01590	0.06231	0.01301	0.01778	0.03080	0.01217	0.00886	0.00549	0.00489	0.00159	0.00724	0.00411	0.00277	0.00810
18	0.02477	0.01117	0.01416	0.01086	0.01532	0.01054	0.00897	0.19142	0.01877	0.60033	0.02055	0.01816	0.01315	0.00703	0.00575	0.00176	0.00519	0.00561	0.00677	0.00973
19	0.00960	0.00620	0.00801	0.00735	0.00903	0.00563	0.00558	0.01214	0.01594	0.09064	0.63291	0.04164	0.11035	0.01151	0.00666	0.00181	0.00291	0.01007	0.00628	0.00575
20	0.10853	0.08073	0.10850	0.02209	0.30754	0.06959	0.08413	0.01964	0.10942	0.01930	0.01173	0.01373	0.00932	0.00552	0.00532	0.00172	0.00690	0.00484	0.00324	0.00822
21	0.00998	0.00842	0.01146	0.01055	0.01090	0.01065	0.00815	0.01119	0.00907	0.01344	0.01407	0.07275	0.01467	0.20265	0.21194	0.00484	0.31951	0.00682	0.04376	0.00516
22	0.00832	0.00555	0.00624	0.00624	0.00624	0.00555	0.00347	0.00832	0.00832	0.01109	0.01802	0.03743	0.02080	0.79898	0.02911	0.00555	0.00555	0.00832	0.00347	0.00347
23	0.01652	0.01343	0.01422	0.01210	0.01575	0.01530	0.00961	0.24797	0.53166	0.02762	0.02037	0.01902	0.01510	0.00749	0.00579	0.00187	0.00507	0.00607	0.00579	0.00926
24	0.01518	0.20369	0.17728	0.01969	0.23362	0.12676	0.04040	0.03392	0.01331	0.04070	0.01092	0.03968	0.00921	0.00578	0.00517	0.00161	0.00740	0.00471	0.00296	0.00801
25	0.07917	0.00982	0.01295	0.01000	0.01437	0.00870	0.00826	0.02715	0.01593	0.71850	0.02161	0.01880	0.01364	0.00696	0.00561	0.00177	0.00484	0.00558	0.00685	0.00950
26	0.00676	0.00579	0.00579	0.00579	0.00773	0.00483	0.00435	0.00821	0.01304	0.01545	0.05794	0.05505	0.76098	0.01449	0.00676	0.00193	0.00290	0.01207	0.00531	0.00483
27	0.01349	0.01706	0.18708	0.04382	0.38399	0.04023	0.03925	0.04299	0.08435	0.01916	0.01500	0.01699	0.05882	0.00614	0.00572	0.00177	0.00691	0.00550	0.00328	0.00847
28	0.01463	0.01491	0.01218	0.01131	0.01343	0.30237	0.03661	0.06364	0.01463	0.04072	0.04638	0.27743	0.04566	0.01054	0.00602	0.00182	0.00641	0.00882	0.06638	0.00611
29	0.01795	0.36038	0.02188	0.01210	0.01607	0.29526	0.01026	0.08542	0.09921	0.01686	0.01054	0.01138	0.00872	0.00576	0.00464	0.00144	0.00748	0.00386	0.00331	0.00749
30	0.01186	0.01017	0.01186	0.00847	0.01356	0.00762	0.00678	0.01440	0.01186	0.01864	0.01017	0.01186	0.00847	0.00424	0.00424	0.00085	0.00424	0.00339	0.00339	0.83395
31	0.01647	0.15588	0.07335	0.01390	0.01821	0.11136	0.11765	0.23804	0.06580	0.02222	0.01416	0.10091	0.01235	0.00730	0.00560	0.00172	0.00696	0.00610	0.00411	0.00792
32	0.01504	0.75160	0.07859	0.01022	0.01534	0.02202	0.01053	0.01719	0.01165	0.01376	0.00810	0.00937	0.00733	0.00493	0.00379	0.00126	0.00627	0.00314	0.00244	0.00741
33	0.10573	0.01166	0.01547	0.01300	0.01448	0.01474	0.01080	0.01761	0.01076	0.20256	0.01130	0.01389	0.00902	0.00877	0.01387	0.00224	0.50821	0.00498	0.00375	0.00712
34	0.00835	0.00626	0.00779	0.00734	0.00887	0.00592	0.00552	0.01180	0.06430	0.02219	0.63542	0.04266	0.12848	0.01174	0.00669	0.00182	0.00284	0.01028	0.00616	0.00558
35	0.00697	0.00498	0.00664	0.00796	0.00830	0.00465	0.00531	0.00796	0.01095	0.01460	0.03153	0.79525	0.03783	0.01792	0.00730	0.00232	0.00332	0.01626	0.00531	0.00465
36	0.00854	0.00667	0.00990	0.00969	0.01062	0.00803	0.00761	0.01052	0.00916	0.01332	0.01466	0.02163	0.01372	0.04011	0.71201	0.00862	0.08095	0.00603	0.00302	0.00520
37	0.02174	0.01602	0.01717	0.01316	0.01774	0.01774	0.01087	0.74423	0.02689	0.03605	0.01373	0.01373	0.00973	0.00687	0.00572	0.00172	0.00629	0.00515	0.00572	0.00973
38	0.02137	0.02726	0.01621	0.01474	0.01768	0.77602	0.01105	0.02284	0.01621	0.01400	0.00884	0.01031	0.00737	0.00589	0.00516	0.00147	0.01031	0.00368	0.00295	0.00663
39	0.00933	0.00817	0.01312	0.48669	0.02745	0.00961	0.01182	0.01206	0.01125	0.01461	0.01837	0.31484	0.01923	0.01041	0.00633	0.00207	0.00597	0.00938	0.00360	0.00570
40	0.02174	0.01602	0.01717	0.01316	0.01774	0.01774	0.01087	0.74423	0.02689	0.03605	0.01373	0.01373	0.00973	0.00687	0.00572	0.00172	0.00629	0.00515	0.00572	0.00973
41	0.83938	0.01106	0.00841	0.00752	0.01106	0.01283	0.00619	0.01681	0.00973	0.02566	0.00796	0.00929	0.00619	0.00531	0.00354	0.00177	0.00442	0.00310	0.00354	0.00619
42	0.02557	0.00989	0.01337	0.01025	0.01468	0.00863	0.00847	0.04521	0.01663	0.74957	0.02235	0.01933	0.01405	0.00707	0.00575	0.00177	0.00490	0.00574	0.00705	0.00973
43	0.00824	0.00594	0.00853	0.00858	0.00936	0.00669	0.00638	0.00969	0.00903	0.01280	0.01607	0.05185	0.01597	0.16451	0.59004	0.04887	0.01279	0.00679	0.00318	0.00469
44	0.02502	0.01076	0.01391	0.01066	0.01511	0.00993	0.00881	0.14498	0.01809	0.64773	0.02112	0.01853	0.01343	0.00704	0.00575	0.00176	0.00510	0.00565	0.00686	0.00973
45	0.02131	0.01560	0.01670	0.01286	0.01731	0.01725	0.01060	0.71572	0.02631	0.03547	0.01392	0.01403	0.00992	0.00686	0.00565	0.00170	0.00615	0.00516	0.03790	0.00956
46	0.00734	0.00525	0.00707	0.00839	0.00889	0.00497	0.00596	0.00861	0.01132	0.01502	0.03132	0.67343	0.03701	0.01757	0.00740	0.00237	0.00364	0.13438	0.00530	0.00475
47	0.42421	0.01509	0.05031	0.02691	0.08201	0.13736	0.03294	0.06586	0.01243	0.02197	0.00937	0.01142	0.00750	0.00758	0.04447	0.00213	0.03428	0.00394	0.00337	0.00687
48	0.01166	0.05314	0.01841	0.35511	0.22945	0.01224	0.04068	0.01500	0.01223	0.01622	0.01436	0.04927	0.01331	0.00758	0.00605	0.00195	0.00685	0.12637	0.00318	0.00695
49	0.00811	0.00570	0.00738	0.00753	0.00795	0.00604	0.00504	0.00898	0.00894	0.01230	0.01856	0.11833	0.02033	0.42958	0.30364	0.00653	0.00892	0.00841	0.00353	0.00421
50	0.01140	0.04463	0.23355	0.01545	0.06742	0.05053	0.11706	0.01568	0.03566	0.01614	0.01270	0.01679	0.01062	0.01979	0.30166	0.00462	0.01103	0.00538	0.00290	0.00699
51	0.01216	0.06662	0.66576	0.01694	0.06375	0.04120	0.02002	0.01821	0.01225	0.01777	0.01013	0.01198	0.00735	0.00541	0.00535	0.00176	0.00832	0.00420	0.00246	0.00837
52	0.02566	0.00973	0.01327	0.01018	0.01460	0.00841	0.00841	0.02788	0.01637	0.76726	0.02257	0.01947	0.01416	0.00708	0.00575	0.00177	0.00487	0.00575	0.00708	0.00973
53	0.00697	0.00498	0.00664	0.00796	0.00830	0.00465	0.00531	0.00796	0.01095	0.01460	0.03153	0.79525	0.03783	0.01792	0.00730	0.00232	0.00332	0.01626	0.00531	0.00465
54	0.01603	0.11927	0.30862	0.01777	0.15097	0.05810	0.04395	0.04372	0.01376	0.15620	0.01241	0.01352	0.00900	0.00566	0.00536	0.00169	0.00729	0.00461	0.00351	0.00856
55	0.01758	0.50159	0.02486	0.01123	0.01579	0.10769	0.01019	0.19941	0.03073	0.01936	0.00980	0.01069	0.00814	0.00556	0.00440	0.00139	0.00661	0.00372	0.00339	0.00789
56	0.05456	0.00978	0.01310	0.01008	0.01448	0.00856	0.00833	0.02748	0.01614	0.74093	0.02205	0.01911	0.01388	0.00702	0.00567	0.00177	0.00485	0.00566	0.00695	0.00961
57	0.01677	0.08971	0.17140	0.01573	0.06772	0.39482	0.04849	0.02003	0.03526	0.01569	0.01313	0.01449	0.06003	0.00626	0.00533	0.00160	0.00864	0.00464	0.00303	0.00722
58	0.01264	0.01178	0.01977	0.04792	0.46687	0.01181	0.07284	0.01662	0.05316	0.01908	0.10613	0.05008	0.01781	0.00731	0.00612	0.00184	0.00618	0.06037	0.00369	0.00798
59	0.01066	0.00533	0.00533	0.00533	0.00666	0.00533	0.00400	0.01333	0.01200	0.02132	0.01866	0.02132	0.01466	0.00666	0.00400	0.00133	0.00267	0.00533	0.83073	0.00533
60	0.00759	0.00613	0.00679	0.00657	0.00836	0.00549	0.00494	0.01020	0.05050	0.01847	0.30052	0.04911	0.47853	0.01318	0.00671	0.00189	0.00291	0.01120	0.00568	0.00523
61	0.01710	0.04000	0.13735	0.03496	0.17076	0.09309	0.04009	0.27708	0.09043	0.02454	0.01270	0.01392	0.00957	0.00612	0.00560	0.00172	0.00712	0.00497	0.00408	0.00880
62	0.00693	0.00513	0.00648	0.00756	0.00819	0.00468	0.00513	0.00801	0.01134	0.01476	0.03640	0.65871	0.17123	0.01729	0.00720	0.00225	0.00324	0.01549	0.00531	0.00468
63	0.01413	0.01398	0.02185	0.14572	0.60624	0.06359	0.01688	0.01746	0.01300	0.01777	0.01054	0.01407	0.00873	0.00524	0.00564	0.00171	0.00715	0.00500	0.00280	0.00850
64	0.01338	0.01269	0.01560	0.01690	0.23550	0.07742	0.01034	0.01608	0.01259	0.01824	0.01022	0.01240	0.00855	0.00464	0.00474	0.00115	0.00553	0.00392	0.00318	0.51690
65	0.01531	0.63316	0.02710	0.01184	0.06403	0.04758	0.01026	0.01887	0.09644	0.01501	0.00992	0.01093	0.00861	0.00527	0.00410	0.00135	0.00613	0.00360	0.00287	0.00762
66	0.00994	0.00497	0.00745	0.00745	0.00745	0.00497	0.00497	0.00745	0.00745	0.00994	0.00994	0.01739	0.00994	0.01987	0.02235	0.83358	0.00497	0.00497	0.00248	0.00248
67	0.13738	0.01037	0.01164	0.00865	0.01341	0.00872	0.00699	0.03222	0.01246	0.11802	0.01154	0.01251	0.00890	0.00482	0.00436	0.00112	0.00439	0.00369	0.00394	0.58484
68	0.01416	0.01359	0.02322	0.03511	0.76330	0.01359	0.01755	0.01755	0.01302	0.01869	0.01076	0.01416	0.00906	0.00510	0.00566	0.00170	0.00680	0.00510	0.00283	0.00906

[dist]
# distance from previous block
# <min> <max>
0	62

[block]
# block no. 1 follows, 41 sequences, length 46
# corresponding to MSA columns:
# 254-299
name=unknown_B
#
# <colnr> <probs for GDERKNQSTAVLIFYWHMCP>
#	G	D	E	R	K	N	Q	S	T	A	V	L	I	F	Y	W	H	M	C	P
0	0.83938	0.01106	0.00841	0.00752	0.01106	0.01283	0.00619	0.01681	0.00973	0.02566	0.00796	0.00929	0.00619	0.00531	0.00354	0.00177	0.00442	0.00310	0.00354	0.00619
1	0.00833	0.00602	0.00904	0.00904	0.00997	0.00695	0.00695	0.00997	0.00904	0.01298	0.01484	0.02201	0.01391	0.04083	0.70867	0.08315	0.01439	0.00602	0.00301	0.00487
2	0.01728	0.01217	0.01316	0.01053	0.01424	0.01275	0.00855	0.44351	0.02150	0.09503	0.02873	0.02752	0.25147	0.00933	0.00606	0.00179	0.00507	0.00743	0.00571	0.00815
3	0.01080	0.01017	0.01716	0.78523	0.03940	0.01271	0.01589	0.01461	0.01144	0.01461	0.01017	0.01525	0.00762	0.00572	0.00572	0.00191	0.00762	0.00508	0.00254	0.00635
4	0.01375	0.01310	0.02228	0.03357	0.72062	0.01308	0.01686	0.01701	0.01291	0.01846	0.01193	0.05831	0.01069	0.00582	0.00576	0.00173	0.00660	0.00573	0.00297	0.00881
5	0.77761	0.01096	0.00878	0.00772	0.01133	0.01250	0.00636	0.01765	0.01024	0.08196	0.00907	0.01006	0.00680	0.00544	0.00371	0.00177	0.00446	0.00330	0.00381	0.00646
6	0.00827	0.00518	0.00635	0.00712	0.00780	0.00504	0.00492	0.00983	0.01109	0.01655	0.02597	0.47427	0.02841	0.04527	0.05053	0.00252	0.00387	0.01188	0.27028	0.00485
7	0.02406	0.00926	0.01242	0.00966	0.01375	0.00808	0.00794	0.02632	0.01590	0.68750	0.02215	0.01967	0.01421	0.00704	0.00556	0.00172	0.00463	0.00571	0.09515	0.00926
8	0.01102	0.02570	0.63226	0.01570	0.02299	0.01227	0.05993	0.01686	0.01202	0.01769	0.01300	0.11033	0.01116	0.00696	0.00574	0.00188	0.00788	0.00588	0.00280	0.00793
9	0.00960	0.00803	0.01109	0.01029	0.01071	0.01006	0.00791	0.01086	0.00882	0.01286	0.01352	0.02320	0.01382	0.23083	0.33679	0.00609	0.26115	0.00634	0.00299	0.00505
10	0.27956	0.01397	0.01616	0.18560	0.25940	0.12120	0.01262	0.01743	0.01208	0.01938	0.00946	0.01229	0.00759	0.00541	0.00492	0.00173	0.00671	0.00425	0.00301	0.00721
11	0.00722	0.00515	0.00692	0.00825	0.00869	0.00486	0.00574	0.00839	0.01120	0.01488	0.03139	0.71480	0.03729	0.01769	0.00737	0.00236	0.00353	0.09426	0.00530	0.00471
12	0.46818	0.01027	0.01143	0.24372	0.03380	0.01202	0.00972	0.01553	0.01075	0.02111	0.01151	0.01818	0.01006	0.00676	0.00479	0.00192	0.00554	0.09508	0.00344	0.00618
13	0.01464	0.01562	0.02536	0.12183	0.27780	0.10776	0.29019	0.04331	0.01388	0.01806	0.01086	0.01429	0.00855	0.00523	0.00602	0.00178	0.00839	0.00555	0.00293	0.00794
14	0.00885	0.00684	0.00894	0.05252	0.01152	0.00693	0.00692	0.04705	0.01207	0.01627	0.05173	0.37679	0.09376	0.04302	0.07984	0.00290	0.03484	0.07212	0.00469	0.06240
15	0.01431	0.25298	0.19748	0.08144	0.11444	0.01547	0.04342	0.06058	0.01332	0.06615	0.01248	0.01716	0.01049	0.00635	0.00527	0.00170	0.00687	0.06896	0.00326	0.00786
16	0.01625	0.05489	0.38091	0.01626	0.07218	0.23626	0.01608	0.04135	0.01414	0.08372	0.01099	0.01230	0.00810	0.00571	0.00534	0.00168	0.00841	0.00425	0.00311	0.00807
17	0.02508	0.01066	0.01385	0.01062	0.01506	0.00978	0.00877	0.13365	0.01792	0.65929	0.02126	0.01862	0.01350	0.00705	0.00575	0.00176	0.00508	0.00566	0.00688	0.00973
18	0.01323	0.02017	0.39709	0.07615	0.16694	0.01191	0.01700	0.01801	0.01283	0.10557	0.01551	0.01868	0.05235	0.00662	0.00574	0.00184	0.00717	0.04166	0.00336	0.00820
19	0.01655	0.01533	0.13690	0.11726	0.29753	0.04122	0.01495	0.04457	0.04388	0.19465	0.01391	0.01534	0.01009	0.00589	0.00564	0.00176	0.00673	0.00512	0.00395	0.00872
20	0.01732	0.01279	0.01391	0.01179	0.01547	0.01428	0.00938	0.18809	0.50001	0.11969	0.02108	0.01942	0.01534	0.00748	0.00579	0.00187	0.00496	0.00609	0.00596	0.00929
21	0.00817	0.00613	0.00919	0.00919	0.01021	0.00715	0.00715	0.01021	0.00919	0.01328	0.01532	0.02247	0.01430	0.04290	0.77631	0.00919	0.01532	0.00613	0.00306	0.00511
22	0.01288	0.01253	0.06305	0.04610	0.12608	0.06320	0.15407	0.01609	0.03742	0.08390	0.01873	0.26562	0.01861	0.00976	0.00698	0.00200	0.04294	0.00896	0.00408	0.00700
23	0.01213	0.04195	0.40141	0.02115	0.25811	0.01281	0.01767	0.01742	0.04035	0.01810	0.01308	0.07164	0.01132	0.00666	0.00569	0.00183	0.00723	0.03019	0.00299	0.00825
24	0.83938	0.01106	0.00841	0.00752	0.01106	0.01283	0.00619	0.01681	0.00973	0.02566	0.00796	0.00929	0.00619	0.00531	0.00354	0.00177	0.00442	0.00310	0.00354	0.00619
25	0.00695	0.00505	0.00656	0.00777	0.00825	0.00466	0.00522	0.00799	0.01114	0.01468	0.03390	0.72884	0.10271	0.01761	0.00725	0.00229	0.00328	0.01588	0.00531	0.00466
26	0.01477	0.01543	0.10395	0.05328	0.38963	0.01365	0.16882	0.06068	0.03962	0.06589	0.01219	0.01479	0.00938	0.00541	0.00588	0.00178	0.00737	0.00544	0.00332	0.00870
27	0.00897	0.00607	0.00743	0.00729	0.00889	0.00560	0.00543	0.01065	0.01271	0.08340	0.14949	0.15851	0.32878	0.04814	0.12890	0.00324	0.00517	0.01081	0.00520	0.00532
28	0.01529	0.80242	0.02997	0.00979	0.01468	0.02263	0.00979	0.01713	0.01162	0.01346	0.00795	0.00918	0.00734	0.00489	0.00367	0.00122	0.00612	0.00306	0.00245	0.00734
29	0.01186	0.01017	0.01186	0.00847	0.01356	0.00762	0.00678	0.01440	0.01186	0.01864	0.01017	0.01186	0.00847	0.00424	0.00424	0.00085	0.00424	0.00339	0.00339	0.83395
30	0.01886	0.06133	0.04690	0.01481	0.01863	0.40673	0.09427	0.08386	0.13315	0.04842	0.01241	0.01331	0.00958	0.00613	0.00545	0.00163	0.00848	0.00467	0.00375	0.00763
31	0.02137	0.02726	0.01621	0.01474	0.01768	0.77602	0.01105	0.02284	0.01621	0.01400	0.00884	0.01031	0.00737	0.00589	0.00516	0.00147	0.01031	0.00368	0.00295	0.00663
32	0.01495	0.01974	0.32660	0.02092	0.24671	0.02615	0.04107	0.02054	0.07297	0.13484	0.01339	0.01468	0.00974	0.00576	0.00562	0.00178	0.00715	0.00498	0.00357	0.00883
33	0.02030	0.01387	0.01777	0.01332	0.01808	0.01407	0.10244	0.40834	0.02107	0.18741	0.01489	0.01494	0.01038	0.00632	0.00567	0.00165	0.00616	0.00526	0.00536	0.11268
34	0.00730	0.00501	0.00652	0.00773	0.00815	0.00471	0.00519	0.00845	0.01104	0.01520	0.03037	0.72581	0.03575	0.01691	0.00700	0.00223	0.00326	0.01528	0.07936	0.00471
35	0.01412	0.01456	0.02551	0.02974	0.47181	0.05198	0.23795	0.01782	0.01334	0.01828	0.01170	0.01638	0.00982	0.00548	0.00606	0.00180	0.00778	0.03455	0.00295	0.00837
36	0.01705	0.26974	0.11827	0.01632	0.12623	0.05944	0.07810	0.10979	0.01486	0.12106	0.01174	0.01286	0.00893	0.00559	0.00508	0.00158	0.00692	0.00450	0.00361	0.00835
37	0.42331	0.01038	0.01090	0.00888	0.01287	0.01057	0.00733	0.02247	0.01313	0.40486	0.01543	0.01450	0.01027	0.00621	0.00467	0.00177	0.00465	0.00445	0.00535	0.00800
38	0.00708	0.00506	0.00677	0.00809	0.00848	0.00474	0.00551	0.00816	0.01106	0.01473	0.03146	0.75815	0.03758	0.01781	0.00733	0.00234	0.00342	0.05223	0.00531	0.00468
39	0.01390	0.04255	0.20916	0.18151	0.06192	0.09142	0.07997	0.07065	0.01351	0.05632	0.01209	0.04107	0.00967	0.00890	0.06190	0.00234	0.02713	0.00531	0.00319	0.00748
40	0.01463	0.10820	0.28664	0.02037	0.18901	0.08850	0.10849	0.08351	0.01415	0.01897	0.01046	0.01263	0.00808	0.00539	0.00546	0.00169	0.00796	0.00464	0.00292	0.00831
41	0.00778	0.00576	0.00726	0.00704	0.00839	0.00524	0.00522	0.01013	0.01522	0.02101	0.58389	0.11219	0.16427	0.01269	0.00680	0.00187	0.00279	0.01115	0.00605	0.00524
42	0.04014	0.08300	0.20210	0.33292	0.05441	0.01376	0.12139	0.01706	0.01215	0.05461	0.01078	0.01397	0.00799	0.00548	0.00555	0.00181	0.00772	0.00491	0.00283	0.00740
43	0.01586	0.01725	0.04740	0.05929	0.18828	0.19404	0.22798	0.04871	0.04042	0.04667	0.04903	0.01547	0.01118	0.00582	0.00592	0.00174	0.00819	0.00556	0.00340	0.00780
44	0.13123	0.17111	0.26800	0.01391	0.01982	0.01541	0.10581	0.11671	0.01417	0.07702	0.01105	0.01233	0.00815	0.00555	0.00506	0.00169	0.00703	0.00440	0.00344	0.00810
45	0.06185	0.05547	0.08141	0.01889	0.25245	0.09799	0.01244	0.08443	0.08320	0.04597	0.01384	0.01588	0.03487	0.03602	0.00619	0.00177	0.00643	0.00500	0.00367	0.08223

[dist]
# distance from previous block
# <min> <max>
1	4

[block]
# block no. 2 follows, 41 sequences, length 47
# corresponding to MSA columns:
# 304-350
name=unknown_C
#
# <colnr> <probs for GDERKNQSTAVLIFYWHMCP>
#	G	D	E	R	K	N	Q	S	T	A	V	L	I	F	Y	W	H	M	C	P
0	0.01248	0.05044	0.33753	0.08707	0.02133	0.01191	0.08944	0.01750	0.05820	0.07730	0.03130	0.01877	0.01202	0.13913	0.00958	0.00244	0.00724	0.00562	0.00334	0.00736
1	0.01474	0.03952	0.14354	0.01218	0.01553	0.23288	0.01071	0.10472	0.05856	0.01743	0.01366	0.04662	0.01237	0.13007	0.11949	0.00333	0.00879	0.00561	0.00353	0.00672
2	0.01113	0.00866	0.00949	0.00998	0.01163	0.08700	0.00816	0.01325	0.01350	0.07319	0.05501	0.15735	0.10529	0.01413	0.00721	0.00230	0.00516	0.39673	0.00521	0.00562
3	0.01229	0.01706	0.18735	0.02004	0.02552	0.01330	0.45969	0.01699	0.01243	0.01741	0.01167	0.01559	0.00911	0.01044	0.11412	0.00294	0.03773	0.00606	0.00280	0.00746
4	0.01477	0.00846	0.01081	0.00986	0.01222	0.00855	0.00774	0.09185	0.07896	0.22484	0.02300	0.19170	0.02131	0.04447	0.14528	0.00345	0.00659	0.08366	0.00541	0.00706
5	0.01093	0.00777	0.01006	0.01145	0.08944	0.02033	0.00793	0.04121	0.01354	0.09209	0.04602	0.22832	0.20049	0.01342	0.00688	0.00214	0.00443	0.18227	0.00521	0.00606
6	0.01468	0.01136	0.01095	0.01071	0.01278	0.17145	0.00842	0.02804	0.01408	0.16534	0.02423	0.24086	0.02467	0.01237	0.00669	0.00211	0.00576	0.22400	0.00515	0.00635
7	0.01563	0.05797	0.01513	0.09299	0.01668	0.01267	0.01048	0.04531	0.05921	0.20755	0.01663	0.02360	0.01418	0.04615	0.01081	0.00227	0.23251	0.10854	0.00444	0.00725
8	0.01037	0.00639	0.00798	0.00745	0.00935	0.00569	0.00571	0.01251	0.01483	0.13360	0.36926	0.10036	0.24175	0.01240	0.00669	0.00190	0.00323	0.03866	0.00603	0.00584
9	0.02103	0.01740	0.01538	0.01277	0.01660	0.23512	0.01012	0.26893	0.15272	0.16777	0.01573	0.01521	0.01129	0.00679	0.00558	0.00170	0.00687	0.00508	0.00520	0.00871
10	0.01549	0.01754	0.02228	0.04910	0.03684	0.25021	0.30452	0.02037	0.10543	0.01740	0.01406	0.01969	0.01186	0.00671	0.00620	0.00186	0.00863	0.08105	0.00350	0.00726
11	0.01297	0.00787	0.01080	0.01205	0.12463	0.00716	0.00782	0.01499	0.01383	0.20906	0.10445	0.17015	0.23486	0.01154	0.00647	0.00193	0.00413	0.03306	0.00548	0.00676
12	0.00730	0.00573	0.00660	0.00657	0.00810	0.00503	0.00485	0.00919	0.01404	0.01827	0.32776	0.12797	0.41066	0.01376	0.00681	0.00192	0.00286	0.01184	0.00569	0.00503
13	0.01704	0.04503	0.11467	0.08997	0.05314	0.16739	0.20074	0.02053	0.01417	0.17201	0.01353	0.01635	0.01014	0.00609	0.00585	0.00178	0.00805	0.03194	0.00375	0.00783
14	0.01806	0.01965	0.05006	0.03453	0.09379	0.28151	0.13441	0.18044	0.09279	0.02122	0.01212	0.01361	0.00930	0.00602	0.00569	0.00170	0.00825	0.00500	0.00380	0.00805
15	0.01670	0.37675	0.02275	0.01254	0.01574	0.26992	0.01079	0.01829	0.01252	0.01370	0.00815	0.01027	0.00739	0.00633	0.00741	0.00158	0.17598	0.00368	0.00262	0.00687
16	0.01313	0.01150	0.06576	0.04574	0.01566	0.00834	0.00838	0.01599	0.01230	0.09129	0.01138	0.01278	0.00890	0.00467	0.00454	0.00105	0.00475	0.00376	0.00364	0.65646
17	0.01486	0.01515	0.02118	0.07731	0.45113	0.11585	0.07016	0.02000	0.12147	0.01853	0.01235	0.01486	0.00994	0.00561	0.00570	0.00173	0.00721	0.00523	0.00327	0.00845
18	0.00695	0.00506	0.00655	0.00774	0.00824	0.00467	0.00521	0.00799	0.01117	0.01469	0.03430	0.71754	0.11375	0.01756	0.00724	0.00228	0.00327	0.01582	0.00531	0.00467
19	0.01755	0.01305	0.02230	0.08801	0.22027	0.01284	0.21323	0.09962	0.01542	0.21777	0.01437	0.01596	0.01025	0.00579	0.00600	0.00180	0.00708	0.00573	0.00426	0.00871
20	0.06535	0.01547	0.09583	0.04908	0.32520	0.01431	0.09250	0.19637	0.01619	0.04303	0.01201	0.02737	0.00941	0.00584	0.00568	0.00176	0.00692	0.00529	0.00370	0.00870
21	0.00817	0.00613	0.00919	0.00919	0.01021	0.00715	0.00715	0.01021	0.00919	0.01328	0.01532	0.02247	0.01430	0.04290	0.77631	0.00919	0.01532	0.00613	0.00306	0.00511
22	0.01475	0.01371	0.02545	0.02385	0.22910	0.01334	0.35120	0.08685	0.01478	0.06499	0.01418	0.02031	0.01176	0.00638	0.00641	0.00191	0.00779	0.08146	0.00365	0.00814
23	0.01259	0.02197	0.40556	0.09686	0.09775	0.01374	0.20327	0.04701	0.01306	0.01859	0.01077	0.01351	0.00792	0.00533	0.00583	0.00184	0.00843	0.00507	0.00272	0.00816
24	0.01188	0.02673	0.62094	0.01788	0.02579	0.01352	0.16668	0.01816	0.01236	0.01816	0.01053	0.01275	0.00753	0.00531	0.00570	0.00184	0.00869	0.00474	0.00251	0.00830
25	0.01705	0.57772	0.02598	0.01122	0.01555	0.24102	0.01015	0.01878	0.01295	0.01361	0.00821	0.00951	0.00735	0.00518	0.00410	0.00130	0.00733	0.00324	0.00259	0.00713
26	0.01445	0.01214	0.04675	0.01073	0.04013	0.02282	0.01920	0.09932	0.01412	0.08609	0.01168	0.01285	0.00906	0.00490	0.00469	0.00113	0.00498	0.00395	0.00390	0.57709
27	0.01620	0.07889	0.32957	0.01579	0.05534	0.23583	0.01548	0.12039	0.01522	0.01895	0.01009	0.01171	0.00773	0.00590	0.00583	0.00168	0.04019	0.00419	0.00306	0.00797
28	0.00818	0.00609	0.00902	0.00902	0.00998	0.00705	0.00693	0.01010	0.00914	0.01315	0.01548	0.02337	0.01469	0.08834	0.73141	0.00897	0.01473	0.00626	0.00309	0.00501
29	0.01359	0.00959	0.01101	0.00924	0.01261	0.00918	0.00729	0.06775	0.19004	0.12621	0.10087	0.05200	0.14189	0.00882	0.00578	0.00166	0.00415	0.02434	0.00536	0.19861
30	0.01516	0.09737	0.01782	0.01355	0.01655	0.17203	0.11258	0.09196	0.04768	0.04842	0.01732	0.10501	0.03349	0.00911	0.00718	0.00192	0.07532	0.10655	0.00406	0.00693
31	0.01320	0.05505	0.23728	0.19451	0.24672	0.04388	0.01680	0.04063	0.06397	0.01807	0.01123	0.01390	0.00866	0.00560	0.00551	0.00176	0.00740	0.00479	0.00293	0.00812
32	0.00701	0.00515	0.00657	0.00760	0.00823	0.00472	0.00517	0.00817	0.01157	0.01523	0.07917	0.64220	0.14414	0.01705	0.00719	0.00223	0.00322	0.01529	0.00537	0.00472
33	0.01316	0.00714	0.00885	0.00843	0.01036	0.00689	0.00629	0.01668	0.10220	0.20195	0.06936	0.32773	0.02636	0.01164	0.00612	0.00193	0.00369	0.01018	0.15446	0.00659
34	0.10263	0.06411	0.10909	0.17106	0.06783	0.19056	0.07707	0.09106	0.01444	0.04531	0.01046	0.01269	0.00797	0.00568	0.00529	0.00171	0.00782	0.00451	0.00325	0.00745
35	0.01248	0.00848	0.00981	0.00907	0.01151	0.00861	0.00699	0.01906	0.25801	0.13637	0.13259	0.13321	0.17982	0.01123	0.00641	0.00197	0.00386	0.03757	0.00589	0.00706
36	0.00716	0.00556	0.00659	0.00694	0.00819	0.00499	0.00500	0.00873	0.01280	0.01655	0.18624	0.29121	0.35150	0.01638	0.04310	0.00237	0.00358	0.01281	0.00540	0.00489
37	0.04287	0.01326	0.01890	0.02365	0.40072	0.01384	0.01360	0.19548	0.03997	0.07954	0.01539	0.01692	0.05491	0.00653	0.00622	0.00177	0.03795	0.00555	0.00411	0.00881
38	0.05112	0.03817	0.06797	0.04627	0.06573	0.01326	0.12411	0.14692	0.05511	0.26037	0.01537	0.01581	0.01075	0.00649	0.00654	0.00183	0.05523	0.00544	0.00481	0.00869
39	0.00919	0.00619	0.00730	0.00742	0.00923	0.00546	0.00575	0.01083	0.01304	0.09450	0.04497	0.18410	0.43386	0.01453	0.00694	0.00210	0.00357	0.13013	0.00549	0.00538
40	0.10338	0.01936	0.02273	0.02023	0.12588	0.31313	0.27650	0.01983	0.01410	0.01745	0.01001	0.01260	0.00796	0.00533	0.00564	0.00170	0.00896	0.00493	0.00297	0.00732
41	0.01872	0.01341	0.01848	0.01746	0.15241	0.01405	0.08812	0.23495	0.14125	0.18452	0.01620	0.01644	0.01165	0.00665	0.00637	0.00182	0.03764	0.00565	0.00508	0.00914
42	0.01971	0.14172	0.01793	0.01367	0.01694	0.58328	0.01065	0.02278	0.09287	0.01496	0.01022	0.01130	0.00842	0.00594	0.00500	0.00149	0.00908	0.00388	0.00317	0.00699
43	0.09874	0.01026	0.01150	0.00837	0.01329	0.00817	0.00672	0.01466	0.01164	0.01938	0.00994	0.01159	0.00823	0.00435	0.00416	0.00094	0.00426	0.00336	0.00340	0.74705
44	0.01533	0.01422	0.02047	0.01638	0.02021	0.11670	0.27412	0.12654	0.01596	0.06679	0.01763	0.02896	0.01602	0.00860	0.00665	0.00203	0.00767	0.21417	0.00427	0.00728
45	0.01840	0.06627	0.01520	0.01243	0.01544	0.38518	0.00963	0.16204	0.01749	0.05469	0.08994	0.09708	0.01613	0.00794	0.00560	0.00164	0.00750	0.00604	0.00425	0.00709
46	0.00746	0.00796	0.08638	0.00783	0.00970	0.00570	0.00649	0.00925	0.01200	0.01547	0.06665	0.34388	0.33295	0.05166	0.00789	0.00224	0.00377	0.01267	0.00496	0.00509

[dist]
# distance from previous block
# <min> <max>
0	1

[block]
# block no. 3 follows, 41 sequences, length 30
# corresponding to MSA columns:
# 352-381
name=unknown_D
#
# <colnr> <probs for GDERKNQSTAVLIFYWHMCP>
#	G	D	E	R	K	N	Q	S	T	A	V	L	I	F	Y	W	H	M	C	P
0	0.01171	0.01044	0.01354	0.01187	0.01365	0.09374	0.10735	0.01349	0.01161	0.06496	0.02074	0.22028	0.06749	0.08185	0.12564	0.00344	0.10946	0.00894	0.00398	0.00582
1	0.00696	0.00560	0.00622	0.00650	0.00796	0.00485	0.00471	0.00844	0.01287	0.01609	0.13118	0.23918	0.49933	0.01503	0.00689	0.00201	0.00298	0.01293	0.00542	0.00485
2	0.00890	0.00578	0.00781	0.00864	0.00949	0.00557	0.00637	0.01034	0.01148	0.06527	0.02848	0.47047	0.03220	0.07626	0.06479	0.00309	0.00489	0.17000	0.00512	0.00507
3	0.07358	0.01254	0.01500	0.01232	0.01604	0.03727	0.06353	0.27899	0.07025	0.17286	0.01883	0.05318	0.01563	0.00857	0.00606	0.00193	0.00586	0.12383	0.00546	0.00827
4	0.01702	0.25640	0.07828	0.01431	0.01927	0.07338	0.15537	0.16676	0.07683	0.07077	0.01231	0.01332	0.00937	0.00577	0.00525	0.00162	0.00711	0.00480	0.00382	0.00823
5	0.06702	0.00883	0.00978	0.00774	0.01141	0.00751	0.00607	0.03795	0.01218	0.02007	0.01382	0.07102	0.01205	0.00600	0.00440	0.00117	0.00385	0.00485	0.21178	0.48249
6	0.01815	0.34657	0.02209	0.01259	0.01622	0.34617	0.01063	0.07211	0.01447	0.01536	0.00872	0.01027	0.00754	0.00589	0.00570	0.00147	0.07237	0.00364	0.00290	0.00712
7	0.01093	0.00925	0.01197	0.07320	0.06655	0.00787	0.00800	0.01362	0.01281	0.01903	0.16638	0.04504	0.01941	0.00669	0.00517	0.00128	0.00437	0.02417	0.00399	0.49026
8	0.04748	0.01106	0.01751	0.33565	0.23778	0.01182	0.01400	0.01906	0.01314	0.21647	0.01355	0.01583	0.00972	0.00589	0.00563	0.00181	0.00653	0.00519	0.00387	0.00802
9	0.00700	0.00553	0.00631	0.00669	0.00802	0.00484	0.00480	0.00847	0.01276	0.01615	0.14102	0.29811	0.42952	0.01526	0.00694	0.00204	0.00301	0.01323	0.00544	0.00484
10	0.01451	0.01304	0.02002	0.36696	0.11964	0.02920	0.11697	0.19691	0.01586	0.02106	0.01144	0.01477	0.00858	0.00582	0.00582	0.00182	0.00745	0.00531	0.01712	0.00770
11	0.01228	0.19341	0.61262	0.01492	0.02262	0.01527	0.01873	0.01791	0.01198	0.01713	0.00977	0.01146	0.00727	0.00532	0.00506	0.00169	0.00796	0.00398	0.00242	0.00822
12	0.77926	0.01096	0.00877	0.00772	0.01132	0.01250	0.00636	0.01763	0.01022	0.08046	0.00904	0.01004	0.00678	0.00544	0.00370	0.00177	0.00446	0.00329	0.00380	0.00646
13	0.00733	0.00555	0.00676	0.00701	0.00822	0.00498	0.00505	0.00910	0.01355	0.01798	0.31230	0.28765	0.26466	0.01454	0.00693	0.00201	0.00296	0.01277	0.00568	0.00498
14	0.01056	0.01466	0.22557	0.01150	0.01499	0.06025	0.01145	0.01486	0.06874	0.01707	0.04334	0.09228	0.09232	0.06937	0.00824	0.00237	0.00604	0.22581	0.00424	0.00634
15	0.01980	0.01023	0.01517	0.01676	0.22666	0.00945	0.01042	0.02222	0.01482	0.44279	0.07485	0.02103	0.01621	0.06437	0.00750	0.00203	0.00530	0.00610	0.00555	0.00876
16	0.01237	0.00675	0.00830	0.00764	0.00924	0.00662	0.00557	0.03715	0.01184	0.16389	0.02231	0.07987	0.07279	0.23957	0.13873	0.00403	0.00618	0.00762	0.15385	0.00569
17	0.00838	0.00576	0.00711	0.00776	0.00849	0.00562	0.00567	0.00968	0.01095	0.01469	0.02774	0.18665	0.09085	0.29087	0.01487	0.00345	0.00461	0.22777	0.06459	0.00449
18	0.79444	0.01130	0.00979	0.00842	0.01209	0.01292	0.04626	0.01690	0.00994	0.02526	0.00816	0.00963	0.00633	0.00528	0.00371	0.00178	0.00471	0.00330	0.00350	0.00628
19	0.17377	0.00730	0.00796	0.00772	0.00979	0.00718	0.00604	0.01285	0.01255	0.09801	0.10896	0.09653	0.22443	0.07667	0.00808	0.00231	0.00402	0.12511	0.00509	0.00562
20	0.01636	0.16439	0.10331	0.09704	0.21046	0.09233	0.01350	0.02044	0.06951	0.14000	0.01281	0.01412	0.00969	0.00577	0.00524	0.00165	0.00681	0.00468	0.00362	0.00825
21	0.07329	0.00999	0.03389	0.03891	0.01229	0.06491	0.00736	0.07836	0.01294	0.12427	0.02053	0.16002	0.03819	0.23483	0.01263	0.00298	0.00549	0.05858	0.00457	0.00598
22	0.06072	0.07934	0.18940	0.01226	0.01736	0.19598	0.01168	0.04369	0.04991	0.06843	0.01117	0.01223	0.00858	0.00547	0.00488	0.00144	0.00695	0.00398	0.00344	0.21308
23	0.06752	0.12911	0.26471	0.01195	0.01701	0.01289	0.01252	0.01940	0.14187	0.08139	0.01745	0.05037	0.04108	0.00758	0.00545	0.00180	0.00602	0.06870	0.00399	0.03920
24	0.04396	0.20974	0.36014	0.01260	0.01873	0.01472	0.01422	0.04643	0.06740	0.04347	0.01432	0.01514	0.05892	0.00612	0.00501	0.00163	0.00664	0.00464	0.00325	0.05292
25	0.08478	0.01638	0.14303	0.01637	0.09567	0.04201	0.13216	0.15854	0.01584	0.13463	0.01279	0.01395	0.00923	0.00570	0.00548	0.00168	0.00682	0.00493	0.00409	0.09592
26	0.09694	0.01647	0.15840	0.09194	0.02019	0.09022	0.06592	0.09644	0.02608	0.15892	0.03053	0.01477	0.01033	0.00666	0.01920	0.00182	0.00692	0.00486	0.00408	0.07929
27	0.01418	0.08158	0.23035	0.01383	0.07116	0.05273	0.01269	0.04153	0.06188	0.11329	0.01418	0.04703	0.01145	0.01202	0.12375	0.00283	0.01777	0.00527	0.00369	0.06877
28	0.07779	0.10319	0.12590	0.06913	0.03945	0.05627	0.07027	0.04411	0.09908	0.09518	0.01272	0.01384	0.00957	0.00562	0.00508	0.00157	0.00633	0.00456	0.00375	0.15658
29	0.01580	0.01650	0.21778	0.01497	0.07351	0.04054	0.08486	0.03705	0.07738	0.19896	0.01532	0.01743	0.01150	0.06771	0.03675	0.00231	0.00707	0.00544	0.00417	0.05496

[dist]
# distance from previous block
# <min> <max>
12	47

[block]
# block no. 4 follows, 41 sequences, length 266
# corresponding to MSA columns:
# 429-694
name=unknown_E
#
# <colnr> <probs for GDERKNQSTAVLIFYWHMCP>
#	G	D	E	R	K	N	Q	S	T	A	V	L	I	F	Y	W	H	M	C	P
0	0.01436	0.01574	0.19118	0.06180	0.37020	0.01194	0.01603	0.01824	0.01316	0.12111	0.01446	0.03330	0.01205	0.00672	0.00587	0.00184	0.00674	0.07322	0.00358	0.00844
1	0.01276	0.01693	0.21132	0.05715	0.41873	0.01272	0.06425	0.01698	0.01285	0.01852	0.05263	0.02866	0.01149	0.00575	0.00572	0.00174	0.00706	0.00541	0.00297	0.03636
2	0.01548	0.02349	0.27893	0.01371	0.01887	0.30762	0.01351	0.04343	0.01444	0.01755	0.06319	0.01360	0.01089	0.00592	0.00524	0.00153	0.00803	0.00435	0.00316	0.13706
3	0.00903	0.00766	0.01200	0.29070	0.09087	0.00840	0.01028	0.01127	0.01132	0.01499	0.02186	0.44027	0.02422	0.01231	0.00658	0.00211	0.00520	0.01118	0.00408	0.00568
4	0.01636	0.01346	0.03789	0.08598	0.04287	0.01460	0.01077	0.20838	0.41111	0.06735	0.01878	0.01822	0.01380	0.00714	0.00576	0.00186	0.00548	0.00585	0.00535	0.00899
5	0.01163	0.01487	0.20196	0.01201	0.05513	0.00925	0.01116	0.01525	0.01210	0.01837	0.01212	0.01701	0.01051	0.00567	0.00496	0.00130	0.00552	0.07188	0.00329	0.50599
6	0.01391	0.06818	0.44950	0.08794	0.02348	0.05709	0.01727	0.13650	0.01446	0.01998	0.01046	0.01241	0.00771	0.00595	0.00614	0.00179	0.05164	0.00441	0.00300	0.00818
7	0.01233	0.02360	0.45811	0.01961	0.02693	0.01378	0.32636	0.01820	0.01268	0.01820	0.01082	0.01349	0.00785	0.00518	0.00599	0.00186	0.00896	0.00529	0.00262	0.00814
8	0.01181	0.01025	0.01567	0.04069	0.22964	0.00999	0.08942	0.08252	0.01463	0.03982	0.09581	0.06690	0.25001	0.00946	0.00631	0.00185	0.00527	0.00849	0.00443	0.00705
9	0.01226	0.01791	0.28210	0.02010	0.16661	0.01189	0.18928	0.01665	0.01258	0.04806	0.01495	0.15278	0.01366	0.00751	0.00614	0.00191	0.00736	0.00720	0.00331	0.00777
10	0.28941	0.01086	0.01212	0.00964	0.01380	0.01087	0.00796	0.10337	0.01538	0.44577	0.01685	0.01553	0.01108	0.00648	0.00503	0.00176	0.00488	0.00482	0.00578	0.00858
11	0.01486	0.21629	0.33084	0.01585	0.06303	0.10665	0.06866	0.08705	0.01401	0.01822	0.00998	0.01167	0.00773	0.00543	0.00510	0.00162	0.00789	0.00420	0.00286	0.00806
12	0.01435	0.02403	0.51594	0.01725	0.10545	0.03845	0.01799	0.02018	0.04304	0.13073	0.01265	0.01374	0.00891	0.00575	0.00551	0.00179	0.00763	0.00463	0.00332	0.00868
13	0.00955	0.00800	0.01079	0.01020	0.01047	0.00986	0.00770	0.01061	0.00935	0.01351	0.01714	0.20882	0.01903	0.19686	0.12350	0.00405	0.28850	0.00865	0.02837	0.00504
14	0.01416	0.01359	0.02322	0.03511	0.76330	0.01359	0.01755	0.01755	0.01302	0.01869	0.01076	0.01416	0.00906	0.00510	0.00566	0.00170	0.00680	0.00510	0.00283	0.00906
15	0.01332	0.07715	0.17804	0.01601	0.06118	0.01205	0.19750	0.06201	0.01352	0.08891	0.01701	0.20464	0.01599	0.00851	0.00615	0.00190	0.00675	0.00796	0.00392	0.00748
16	0.01306	0.01919	0.28019	0.04990	0.40139	0.01356	0.10458	0.01775	0.01271	0.01832	0.01067	0.01363	0.00835	0.00520	0.00571	0.00177	0.00773	0.00499	0.00269	0.00861
17	0.83938	0.01106	0.00841	0.00752	0.01106	0.01283	0.00619	0.01681	0.00973	0.02566	0.00796	0.00929	0.00619	0.00531	0.00354	0.00177	0.00442	0.00310	0.00354	0.00619
18	0.02069	0.02585	0.01590	0.01444	0.01742	0.70401	0.01086	0.02355	0.08585	0.01494	0.01021	0.01136	0.00832	0.00607	0.00522	0.00152	0.00977	0.00395	0.00322	0.00686
19	0.01608	0.04615	0.38839	0.01772	0.14478	0.07476	0.01647	0.02060	0.01354	0.18826	0.01296	0.01387	0.00914	0.00577	0.00547	0.00174	0.00744	0.00464	0.00359	0.00866
20	0.00957	0.00607	0.00772	0.00790	0.00847	0.00607	0.00529	0.01031	0.01032	0.08434	0.02409	0.38378	0.02728	0.31982	0.01627	0.00353	0.04826	0.01155	0.00460	0.00476
21	0.00817	0.00613	0.00919	0.00919	0.01021	0.00715	0.00715	0.01021	0.00919	0.01328	0.01532	0.02247	0.01430	0.04290	0.77631	0.00919	0.01532	0.00613	0.00306	0.00511
22	0.01405	0.01348	0.02302	0.05957	0.73969	0.01356	0.01750	0.01746	0.01297	0.01855	0.01074	0.01419	0.00901	0.00512	0.00566	0.00171	0.00682	0.00510	0.00282	0.00897
23	0.01421	0.01574	0.05382	0.02397	0.09802	0.01463	0.58901	0.08068	0.01456	0.01987	0.01164	0.01506	0.00876	0.00504	0.00652	0.00189	0.00905	0.00638	0.00312	0.00804
24	0.01353	0.01295	0.02208	0.17541	0.62790	0.01343	0.01724	0.01700	0.01273	0.01793	0.01065	0.01436	0.00879	0.00521	0.00567	0.00174	0.00695	0.00509	0.00278	0.00855
25	0.01384	0.08766	0.02294	0.09602	0.60945	0.01417	0.01644	0.01710	0.01276	0.01780	0.01100	0.01521	0.00945	0.00543	0.00554	0.00170	0.00676	0.02533	0.00284	0.00856
26	0.00832	0.00555	0.00624	0.00624	0.00624	0.00555	0.00347	0.00832	0.00832	0.01109	0.01802	0.03743	0.02080	0.79898	0.02911	0.00555	0.00555	0.00832	0.00347	0.00347
27	0.01599	0.11696	0.29324	0.01390	0.01948	0.07930	0.06890	0.02073	0.05774	0.17596	0.04930	0.01542	0.01170	0.00629	0.00584	0.00174	0.03043	0.00500	0.00388	0.00820
28	0.01247	0.04162	0.64677	0.01660	0.02453	0.01332	0.08845	0.01862	0.01243	0.05695	0.01098	0.01272	0.00774	0.00545	0.00554	0.00181	0.00834	0.00452	0.00270	0.00843
29	0.02566	0.00973	0.01327	0.01018	0.01460	0.00841	0.00841	0.02788	0.01637	0.76726	0.02257	0.01947	0.01416	0.00708	0.00575	0.00177	0.00487	0.00575	0.00708	0.00973
30	0.00739	0.00730	0.07873	0.00875	0.00985	0.00546	0.00681	0.00892	0.01106	0.01493	0.02952	0.72122	0.03494	0.01674	0.00712	0.00227	0.00380	0.01512	0.00504	0.00501
31	0.01485	0.01956	0.29339	0.02202	0.24347	0.03996	0.11415	0.01931	0.01316	0.11923	0.01210	0.01410	0.00893	0.00565	0.00618	0.00180	0.03528	0.00504	0.00326	0.00857
32	0.01465	0.01634	0.28548	0.01502	0.11053	0.01014	0.01371	0.01862	0.01326	0.19831	0.01757	0.04222	0.01452	0.02643	0.00639	0.00197	0.00626	0.10955	0.07112	0.00791
33	0.00817	0.00613	0.00919	0.00919	0.01021	0.00715	0.00715	0.01021	0.00919	0.01328	0.01532	0.02247	0.01430	0.04290	0.77631	0.00919	0.01532	0.00613	0.00306	0.00511
34	0.01527	0.48169	0.12439	0.08546	0.04081	0.13709	0.01229	0.01792	0.01242	0.01442	0.00869	0.01046	0.00741	0.00520	0.00439	0.00142	0.00724	0.00356	0.00254	0.00734
35	0.01321	0.02266	0.45085	0.02221	0.24936	0.01319	0.06772	0.01850	0.01270	0.05995	0.01119	0.01335	0.00828	0.00538	0.00561	0.00178	0.00783	0.00475	0.00283	0.00866
36	0.02566	0.00973	0.01327	0.01018	0.01460	0.00841	0.00841	0.02788	0.01637	0.76726	0.02257	0.01947	0.01416	0.00708	0.00575	0.00177	0.00487	0.00575	0.00708	0.00973
37	0.00802	0.00618	0.00649	0.00625	0.00813	0.00540	0.00463	0.02900	0.01323	0.04142	0.08554	0.05046	0.61134	0.08805	0.00881	0.00226	0.00330	0.01123	0.00526	0.00503
38	0.01371	0.02158	0.38731	0.03444	0.24975	0.05122	0.04307	0.01850	0.01288	0.07084	0.01193	0.03804	0.00932	0.00585	0.00562	0.00178	0.00765	0.00506	0.00301	0.00846
39	0.01010	0.00840	0.01207	0.01417	0.16238	0.00852	0.02691	0.01265	0.04256	0.04250	0.11043	0.24530	0.18463	0.01206	0.00772	0.00203	0.07623	0.01042	0.00468	0.00624
40	0.01809	0.28930	0.02031	0.01253	0.01609	0.41592	0.01027	0.02109	0.08400	0.01472	0.01017	0.01146	0.00859	0.00723	0.03601	0.00175	0.00854	0.00383	0.00305	0.00704
41	0.01188	0.01024	0.01203	0.00867	0.01360	0.00792	0.00695	0.01438	0.01177	0.01849	0.01009	0.01188	0.00844	0.00441	0.00467	0.00090	0.02764	0.00344	0.00336	0.80924
42	0.01849	0.04685	0.08102	0.01524	0.05958	0.53823	0.01182	0.03305	0.03596	0.01518	0.01015	0.01217	0.00843	0.00935	0.07809	0.00225	0.01007	0.00413	0.00302	0.00692
43	0.01612	0.35190	0.21708	0.01325	0.01848	0.24940	0.02676	0.01914	0.01317	0.01492	0.00889	0.01039	0.00735	0.00534	0.00464	0.00146	0.00806	0.00362	0.00260	0.00742
44	0.00686	0.00542	0.00618	0.00680	0.00799	0.00474	0.00479	0.00810	0.01207	0.01506	0.04575	0.39673	0.42717	0.01607	0.00701	0.00211	0.00309	0.01401	0.00531	0.00474
