[name]
unknown

[dist]
# distance from previous block
# <min> <max>
0	359

[block]
# block no. 0 follows, 40 sequences, length 86
# corresponding to MSA columns:
# 402-487
name=unknown_A
#
# <colnr> <probs for GDERKNQSTAVLIFYWHMCP>
#	G	D	E	R	K	N	Q	S	T	A	V	L	I	F	Y	W	H	M	C	P
0	0.10863	0.01057	0.05958	0.01175	0.01473	0.00965	0.09070	0.09162	0.01441	0.04643	0.04776	0.11567	0.08594	0.01160	0.00671	0.00219	0.00556	0.25514	0.00485	0.00649
1	0.03664	0.01184	0.01955	0.12748	0.41787	0.01222	0.05160	0.01621	0.01257	0.04514	0.01411	0.12512	0.01318	0.00736	0.00650	0.00187	0.03815	0.00679	0.00338	0.03243
2	0.01208	0.01015	0.04265	0.01339	0.12582	0.03066	0.00914	0.03789	0.06474	0.06968	0.22612	0.13405	0.02746	0.01143	0.04580	0.00220	0.02510	0.00829	0.03504	0.06831
3	0.01082	0.00859	0.01316	0.29399	0.11684	0.00923	0.01091	0.01327	0.01206	0.06701	0.02322	0.21875	0.10869	0.05833	0.00780	0.00224	0.00562	0.00917	0.00406	0.00624
4	0.01211	0.06364	0.01915	0.29900	0.29441	0.01308	0.01469	0.01530	0.01174	0.01602	0.01124	0.01589	0.00945	0.01231	0.14085	0.00314	0.03269	0.00522	0.00278	0.00730
5	0.01229	0.01021	0.01127	0.01026	0.01288	0.01133	0.00791	0.02394	0.49316	0.02397	0.27944	0.02929	0.03071	0.00929	0.00625	0.00192	0.00395	0.00795	0.00609	0.00791
6	0.06156	0.00878	0.00990	0.00810	0.01100	0.00804	0.00603	0.06784	0.01181	0.01818	0.01386	0.02126	0.01319	0.24012	0.07996	0.00317	0.00576	0.00541	0.05869	0.34733
7	0.01011	0.00636	0.00838	0.00764	0.00934	0.00581	0.00581	0.01281	0.01648	0.10139	0.67892	0.04094	0.05060	0.01139	0.00675	0.00183	0.00298	0.01002	0.00649	0.00595
8	0.00709	0.00506	0.00675	0.00810	0.00843	0.00472	0.00540	0.00810	0.01113	0.01484	0.03205	0.79184	0.03846	0.01822	0.00742	0.00236	0.00337	0.01653	0.00540	0.00472
9	0.00732	0.00591	0.00651	0.00636	0.00813	0.00510	0.00477	0.00921	0.01430	0.01820	0.28706	0.05187	0.52729	0.01380	0.00687	0.00192	0.00288	0.01170	0.00573	0.00510
10	0.00765	0.00592	0.00697	0.00671	0.00833	0.00524	0.00503	0.00986	0.01510	0.02009	0.46039	0.04875	0.35278	0.01309	0.00686	0.00189	0.00283	0.01126	0.00598	0.00524
11	0.83671	0.01125	0.00855	0.00765	0.01125	0.01305	0.00630	0.01709	0.00990	0.02609	0.00810	0.00945	0.00630	0.00540	0.00360	0.00180	0.00450	0.00315	0.00360	0.00630
12	0.46565	0.01062	0.01020	0.00855	0.01222	0.01137	0.00701	0.07482	0.01329	0.22316	0.01373	0.01392	0.00970	0.00615	0.00442	0.00175	0.00456	0.00428	0.09717	0.00743
13	0.83671	0.01125	0.00855	0.00765	0.01125	0.01305	0.00630	0.01709	0.00990	0.02609	0.00810	0.00945	0.00630	0.00540	0.00360	0.00180	0.00450	0.00315	0.00360	0.00630
14	0.01206	0.01034	0.01206	0.00861	0.01378	0.00775	0.00689	0.01464	0.01206	0.01895	0.01034	0.01206	0.00861	0.00431	0.00431	0.00086	0.00431	0.00345	0.00345	0.83118
15	0.01042	0.00844	0.00956	0.00884	0.01103	0.00883	0.00676	0.01822	0.29564	0.02264	0.37951	0.03688	0.13842	0.01076	0.00650	0.00190	0.00348	0.00926	0.00608	0.00683
16	0.83671	0.01125	0.00855	0.00765	0.01125	0.01305	0.00630	0.01709	0.00990	0.02609	0.00810	0.00945	0.00630	0.00540	0.00360	0.00180	0.00450	0.00315	0.00360	0.00630
17	0.00746	0.00573	0.00689	0.00739	0.00866	0.00515	0.00548	0.00915	0.01317	0.01699	0.17224	0.28991	0.32037	0.01548	0.00718	0.00215	0.00332	0.09271	0.00557	0.00500
18	0.01666	0.01358	0.01439	0.01228	0.01596	0.01549	0.00974	0.23506	0.54111	0.02787	0.02087	0.01947	0.01549	0.00763	0.00589	0.00191	0.00512	0.00619	0.00589	0.00940
19	0.01091	0.00846	0.00988	0.00992	0.01162	0.00904	0.00745	0.07902	0.23019	0.01973	0.02734	0.37778	0.02861	0.04237	0.00773	0.00235	0.00433	0.10123	0.00551	0.00653
20	0.26038	0.01280	0.01543	0.01210	0.01635	0.03963	0.10160	0.16585	0.01614	0.24908	0.01457	0.01486	0.01017	0.00777	0.03653	0.00211	0.00636	0.00500	0.00501	0.00827
21	0.00899	0.00781	0.00813	0.00913	0.00992	0.09104	0.00650	0.01026	0.01204	0.01509	0.02985	0.60452	0.04854	0.01653	0.00724	0.00229	0.00440	0.09758	0.00512	0.00503
22	0.00755	0.00551	0.00774	0.00857	0.00918	0.00570	0.00611	0.00897	0.01045	0.01433	0.02576	0.49824	0.02933	0.02791	0.29956	0.00503	0.00803	0.01260	0.00453	0.00490
23	0.00723	0.00512	0.00670	0.00791	0.00821	0.00482	0.00519	0.00814	0.01084	0.01446	0.03056	0.71011	0.03658	0.10251	0.00983	0.00272	0.00362	0.01566	0.00519	0.00459
24	0.01597	0.01602	0.02579	0.15417	0.02808	0.09973	0.38140	0.14344	0.01611	0.04376	0.01193	0.01490	0.00884	0.00562	0.00628	0.00186	0.00878	0.00590	0.00351	0.00789
25	0.01378	0.01391	0.02022	0.34688	0.37390	0.09850	0.01639	0.01719	0.01293	0.01672	0.01047	0.01442	0.00840	0.00554	0.00572	0.00179	0.00766	0.00501	0.00277	0.00778
26	0.08084	0.00798	0.01025	0.01013	0.01131	0.00914	0.00814	0.04121	0.01127	0.01654	0.01954	0.06370	0.02044	0.13169	0.19928	0.00459	0.11461	0.22989	0.00403	0.00543
27	0.30427	0.01281	0.01535	0.30466	0.15990	0.07921	0.01255	0.01692	0.01173	0.01953	0.00954	0.01272	0.00748	0.00557	0.00497	0.00181	0.00669	0.00433	0.00303	0.00693
28	0.00734	0.00588	0.00655	0.00644	0.00815	0.00510	0.00481	0.00922	0.01426	0.01823	0.29174	0.07660	0.49741	0.01389	0.00689	0.00193	0.00289	0.01183	0.00574	0.00510
29	0.01232	0.01073	0.01335	0.01165	0.09739	0.00843	0.00812	0.01500	0.01219	0.01895	0.01040	0.01232	0.00868	0.00440	0.00447	0.00096	0.00460	0.00364	0.00338	0.73900
30	0.01418	0.01278	0.01374	0.01200	0.01348	0.09865	0.00951	0.09348	0.10571	0.01874	0.01352	0.01792	0.01178	0.09132	0.01304	0.00240	0.30319	0.00555	0.14234	0.00668
31	0.00717	0.00566	0.00648	0.00689	0.00826	0.00497	0.00500	0.00868	0.01296	0.01636	0.12915	0.28524	0.42945	0.01554	0.00708	0.00210	0.00313	0.03543	0.00551	0.00493
32	0.00732	0.00530	0.00692	0.00780	0.00845	0.00490	0.00536	0.00872	0.01238	0.01669	0.18676	0.59112	0.08338	0.01668	0.00727	0.00223	0.00322	0.01501	0.00561	0.00490
33	0.00941	0.00620	0.00764	0.00729	0.00901	0.00552	0.00546	0.01152	0.01487	0.09148	0.38961	0.13938	0.25464	0.01307	0.00684	0.00193	0.00310	0.01134	0.00606	0.00565
34	0.01224	0.14364	0.65697	0.01560	0.02366	0.01491	0.01978	0.01827	0.01221	0.01772	0.01009	0.01184	0.00738	0.00544	0.00526	0.00175	0.00824	0.00412	0.00246	0.00843
35	0.01365	0.01351	0.02451	0.21017	0.39198	0.01394	0.18905	0.03882	0.01339	0.01845	0.01108	0.01495	0.00879	0.00532	0.00604	0.00183	0.00778	0.00558	0.00291	0.00825
36	0.01536	0.39834	0.05181	0.01279	0.01709	0.17167	0.10213	0.01765	0.01308	0.01483	0.01450	0.01583	0.09170	0.00647	0.00540	0.00153	0.03492	0.00485	0.00298	0.00708
37	0.01536	0.01469	0.12227	0.03435	0.28805	0.01233	0.04040	0.09967	0.04535	0.11539	0.08670	0.01911	0.03765	0.00671	0.00588	0.00176	0.00625	0.00594	0.00425	0.03789
38	0.01459	0.01452	0.11726	0.01228	0.03555	0.12365	0.01053	0.03085	0.03516	0.11410	0.07138	0.04693	0.01539	0.01210	0.09673	0.00271	0.11442	0.00594	0.11891	0.00702
39	0.01433	0.00819	0.00975	0.00811	0.01120	0.00708	0.00627	0.04523	0.01405	0.24246	0.03280	0.05977	0.27253	0.09813	0.00867	0.00215	0.00423	0.00832	0.00543	0.14129
40	0.05801	0.08661	0.21102	0.25222	0.06365	0.01479	0.01508	0.09962	0.10671	0.02013	0.01216	0.01435	0.00913	0.00600	0.00545	0.00182	0.00706	0.00484	0.00340	0.00796
41	0.01423	0.01184	0.01670	0.05022	0.38238	0.03775	0.01244	0.09040	0.03655	0.02145	0.01397	0.01668	0.01114	0.00598	0.00524	0.00162	0.00567	0.00525	0.25253	0.00795
42	0.01057	0.09795	0.01656	0.01216	0.01444	0.01150	0.13609	0.01299	0.02513	0.01657	0.11293	0.15133	0.17597	0.01108	0.00908	0.00205	0.16407	0.00921	0.00419	0.00612
43	0.01206	0.01034	0.01206	0.00861	0.01378	0.00775	0.00689	0.01464	0.01206	0.01895	0.01034	0.01206	0.00861	0.00431	0.00431	0.00086	0.00431	0.00345	0.00345	0.83118
44	0.01353	0.01294	0.02205	0.22380	0.57798	0.01359	0.01742	0.01709	0.01283	0.01795	0.01079	0.01467	0.00884	0.00534	0.00577	0.00178	0.00712	0.00518	0.00280	0.00852
45	0.02609	0.00990	0.01350	0.01035	0.01484	0.00855	0.00855	0.02834	0.01664	0.76338	0.02294	0.01979	0.01439	0.00720	0.00585	0.00180	0.00495	0.00585	0.00720	0.00990
46	0.01272	0.01272	0.01781	0.01527	0.01527	0.01781	0.01272	0.01399	0.00891	0.01399	0.00763	0.01272	0.00763	0.01018	0.01908	0.00254	0.78499	0.00509	0.00254	0.00636
47	0.00831	0.00623	0.00935	0.00935	0.01038	0.00727	0.00727	0.01038	0.00935	0.01350	0.01558	0.02285	0.01454	0.04361	0.77259	0.00935	0.01558	0.00623	0.00312	0.00519
48	0.00824	0.00583	0.00737	0.00752	0.00877	0.00591	0.00565	0.01018	0.01150	0.01630	0.07824	0.13737	0.19765	0.02465	0.29880	0.00472	0.00777	0.00923	0.14918	0.00512
49	0.02100	0.01997	0.01655	0.01377	0.01765	0.29245	0.01089	0.38918	0.11454	0.02692	0.01338	0.01367	0.01001	0.00674	0.00562	0.00168	0.00766	0.00486	0.00480	0.00866
50	0.02178	0.02612	0.01661	0.01476	0.01799	0.66730	0.01121	0.12298	0.01799	0.01735	0.00968	0.01097	0.00782	0.00613	0.00532	0.00153	0.00992	0.00395	0.00339	0.00718
51	0.01203	0.01238	0.02388	0.49258	0.03636	0.01360	0.29184	0.01630	0.01243	0.01630	0.01088	0.01557	0.00816	0.00547	0.00621	0.00195	0.00854	0.00582	0.00272	0.00699
52	0.01896	0.01472	0.01568	0.01274	0.01683	0.01656	0.01029	0.44791	0.32453	0.03157	0.01796	0.01715	0.01313	0.00736	0.00586	0.00184	0.00566	0.00579	0.00586	0.00961
53	0.00937	0.00669	0.00937	0.01071	0.01205	0.00669	0.00937	0.01205	0.01339	0.01740	0.03079	0.06560	0.03347	0.01606	0.00803	0.00268	0.00535	0.72021	0.00535	0.00535
54	0.01166	0.03008	0.76550	0.01657	0.02517	0.01351	0.02149	0.01842	0.01228	0.01842	0.01044	0.01228	0.00737	0.00552	0.00552	0.00184	0.00859	0.00430	0.00246	0.00859
55	0.01300	0.00708	0.00880	0.00771	0.01021	0.00618	0.00602	0.01516	0.01541	0.23757	0.30113	0.04082	0.28490	0.01149	0.00657	0.00187	0.00346	0.00975	0.00629	0.00658
56	0.00976	0.00505	0.00748	0.00763	0.00767	0.00501	0.00509	0.00763	0.00797	0.01063	0.01256	0.10450	0.01328	0.01998	0.02101	0.73790	0.00486	0.00634	0.00285	0.00277
57	0.01098	0.01034	0.01744	0.78165	0.04005	0.01292	0.01615	0.01486	0.01163	0.01486	0.01034	0.01550	0.00775	0.00581	0.00581	0.00194	0.00775	0.00517	0.00258	0.00646
58	0.15441	0.01133	0.01735	0.01387	0.01704	0.01187	0.22293	0.09130	0.01352	0.02087	0.04221	0.02511	0.01534	0.09619	0.00957	0.00242	0.06121	0.10543	0.06143	0.00660
59	0.00750	0.00544	0.00625	0.00687	0.00792	0.00492	0.00478	0.00882	0.01191	0.01574	0.03994	0.38794	0.30508	0.05771	0.00804	0.00228	0.00326	0.01325	0.09754	0.00481
60	0.49171	0.01099	0.03695	0.00858	0.01161	0.01174	0.00705	0.09125	0.01153	0.02310	0.01129	0.01608	0.01001	0.13229	0.10160	0.00331	0.00637	0.00461	0.00372	0.00620
61	0.01304	0.10091	0.01923	0.01467	0.01523	0.01839	0.01241	0.01438	0.00923	0.01396	0.00768	0.01234	0.00761	0.00959	0.01736	0.00240	0.69765	0.00487	0.00254	0.00648
62	0.00722	0.00517	0.00673	0.00785	0.00827	0.00483	0.00523	0.00825	0.01124	0.01497	0.06153	0.67707	0.06715	0.07395	0.00898	0.00256	0.00349	0.01553	0.00530	0.00468
63	0.01555	0.79913	0.03047	0.00995	0.01493	0.02301	0.00995	0.01741	0.01182	0.01368	0.00808	0.00933	0.00746	0.00498	0.00373	0.00124	0.00622	0.00311	0.00249	0.00746
64	0.01348	0.04207	0.12836	0.06051	0.53703	0.01357	0.03956	0.01728	0.01289	0.01833	0.01193	0.05672	0.01043	0.00596	0.00578	0.00178	0.00705	0.00566	0.00293	0.00866
65	0.01403	0.00851	0.03718	0.07457	0.01327	0.00799	0.00751	0.01829	0.09600	0.17994	0.08516	0.08494	0.01965	0.00824	0.00538	0.00171	0.00411	0.00693	0.31961	0.00696
66	0.00793	0.00574	0.00688	0.00705	0.00792	0.00538	0.00486	0.00926	0.01220	0.01623	0.22384	0.16314	0.17358	0.27132	0.01450	0.00324	0.00399	0.05331	0.00504	0.00460
67	0.01210	0.07142	0.34786	0.01297	0.01806	0.01188	0.01401	0.05075	0.09556	0.04555	0.01860	0.17873	0.01758	0.00941	0.00608	0.00199	0.00640	0.06939	0.00403	0.00761
68	0.01825	0.02016	0.07145	0.01231	0.01566	0.40669	0.01007	0.07210	0.01603	0.08158	0.01757	0.01825	0.09328	0.00721	0.00539	0.00160	0.00770	0.00525	0.11245	0.00700
69	0.01092	0.01858	0.40247	0.01238	0.01749	0.00966	0.01384	0.01508	0.01241	0.07093	0.04859	0.20491	0.08580	0.04193	0.00715	0.00213	0.00624	0.00845	0.00396	0.00711
70	0.01449	0.01176	0.01490	0.01240	0.01574	0.01267	0.09034	0.14012	0.34619	0.05135	0.16764	0.05542	0.02362	0.00860	0.00625	0.00192	0.00507	0.00756	0.00569	0.00826
71	0.01230	0.02189	0.45342	0.01333	0.02049	0.01115	0.01550	0.01732	0.01234	0.04376	0.01082	0.01245	0.00808	0.00512	0.00507	0.00147	0.00684	0.00403	0.00299	0.32165
72	0.01728	0.19345	0.01838	0.01193	0.04183	0.10547	0.00962	0.25458	0.01760	0.02324	0.01162	0.01278	0.00920	0.00578	0.00481	0.00139	0.00612	0.00422	0.07466	0.17604
73	0.00723	0.00518	0.00680	0.00792	0.00836	0.00483	0.00531	0.00836	0.01152	0.01543	0.09332	0.68335	0.05337	0.04915	0.00826	0.00244	0.00340	0.01561	0.00541	0.00474
74	0.04123	0.23374	0.20459	0.01632	0.11032	0.25279	0.01407	0.03382	0.01381	0.01650	0.00941	0.01113	0.00768	0.00551	0.00493	0.00156	0.00817	0.00390	0.00279	0.00774
75	0.01092	0.15539	0.09726	0.00969	0.01232	0.01019	0.00856	0.04226	0.01231	0.04674	0.05844	0.31997	0.02376	0.02931	0.10342	0.00292	0.00620	0.00963	0.03453	0.00619
76	0.01010	0.00505	0.00758	0.00758	0.00758	0.00505	0.00505	0.00758	0.00758	0.01010	0.01010	0.01768	0.01010	0.02020	0.02273	0.83081	0.00505	0.00505	0.00253	0.00253
77	0.01231	0.01169	0.01984	0.49104	0.32028	0.01327	0.01681	0.01602	0.01226	0.01647	0.01057	0.01507	0.00832	0.00557	0.00579	0.00186	0.00742	0.00517	0.00270	0.00753
78	0.01471	0.01308	0.01465	0.09872	0.01779	0.07980	0.01063	0.16154	0.20454	0.02114	0.01506	0.01746	0.01210	0.01492	0.16404	0.00347	0.11890	0.00563	0.00422	0.00760
79	0.00828	0.00567	0.00629	0.00629	0.00651	0.00556	0.00362	0.00844	0.00899	0.01177	0.02287	0.04006	0.10366	0.70806	0.02705	0.00523	0.00534	0.00888	0.00373	0.00368
80	0.01541	0.01424	0.02368	0.02123	0.17264	0.01425	0.28923	0.22486	0.01749	0.02352	0.01819	0.02001	0.10374	0.00680	0.00634	0.00185	0.00737	0.00673	0.00407	0.00834
81	0.00831	0.00623	0.00935	0.00935	0.01038	0.00727	0.00727	0.01038	0.00935	0.01350	0.01558	0.02285	0.01454	0.04361	0.77259	0.00935	0.01558	0.00623	0.00312	0.00519
82	0.18203	0.00851	0.00814	0.00743	0.00985	0.00917	0.00582	0.07910	0.10623	0.02356	0.02137	0.02233	0.09628	0.00754	0.00467	0.00163	0.00367	0.00585	0.39041	0.00641
83	0.01114	0.00899	0.01218	0.25373	0.02055	0.01018	0.00998	0.01740	0.21683	0.04785	0.02249	0.30080	0.02201	0.01098	0.00643	0.00210	0.00516	0.00974	0.00473	0.00673
84	0.01744	0.01724	0.02013	0.01616	0.01909	0.16729	0.13015	0.23091	0.01664	0.02149	0.01044	0.01313	0.00847	0.00754	0.01043	0.00201	0.27491	0.00515	0.00367	0.00772
85	0.00738	0.00555	0.00665	0.00733	0.00827	0.00506	0.00515	0.00861	0.01190	0.01525	0.06874	0.38482	0.27247	0.10385	0.00975	0.00260	0.00360	0.06309	0.00523	0.00472

[dist]
# distance from previous block
# <min> <max>
3	8

[block]
# block no. 1 follows, 40 sequences, length 11
# corresponding to MSA columns:
# 496-506
name=unknown_B
#
# <colnr> <probs for GDERKNQSTAVLIFYWHMCP>
#	G	D	E	R	K	N	Q	S	T	A	V	L	I	F	Y	W	H	M	C	P
0	0.08960	0.01704	0.01910	0.04323	0.28737	0.21812	0.05528	0.04574	0.01397	0.01858	0.01006	0.01267	0.00830	0.00569	0.00611	0.00165	0.05155	0.00454	0.00312	0.08829
1	0.01218	0.01045	0.01173	0.01222	0.07798	0.06945	0.00849	0.03794	0.18804	0.04058	0.08966	0.13470	0.10046	0.01469	0.10605	0.00290	0.03544	0.00841	0.03175	0.00687
2	0.00735	0.00576	0.00682	0.00707	0.00838	0.00534	0.00513	0.00885	0.01215	0.01554	0.10099	0.20640	0.38193	0.06411	0.13376	0.00346	0.00524	0.01184	0.00500	0.00488
3	0.22579	0.00954	0.01015	0.00846	0.01179	0.00970	0.00685	0.09691	0.01473	0.26604	0.01858	0.01852	0.04175	0.00691	0.00483	0.00168	0.00430	0.00524	0.23068	0.00756
4	0.01504	0.00983	0.01286	0.01318	0.11936	0.00979	0.00894	0.11067	0.08350	0.17705	0.21470	0.02867	0.10352	0.01120	0.05309	0.00228	0.00524	0.00767	0.00563	0.00776
5	0.00977	0.00836	0.01371	0.18566	0.08498	0.00931	0.05370	0.01263	0.01149	0.01602	0.12058	0.02298	0.01801	0.02480	0.37564	0.00548	0.01085	0.00655	0.00344	0.00604
6	0.01685	0.63634	0.02752	0.01101	0.01557	0.18113	0.01022	0.01864	0.01280	0.01380	0.00828	0.00957	0.00747	0.00519	0.00405	0.00130	0.00712	0.00324	0.00259	0.00731
7	0.01731	0.09015	0.01830	0.01465	0.01654	0.38196	0.01176	0.01875	0.01282	0.01408	0.00833	0.01134	0.00755	0.00770	0.01104	0.00192	0.34213	0.00426	0.00276	0.00664
8	0.00846	0.00564	0.00634	0.00634	0.00634	0.00564	0.00352	0.00846	0.00846	0.01128	0.01832	0.03805	0.02114	0.79563	0.02960	0.00564	0.00564	0.00846	0.00352	0.00352
9	0.03979	0.01201	0.07570	0.10829	0.08416	0.03042	0.06925	0.07222	0.04463	0.06322	0.05447	0.02728	0.11875	0.10163	0.03957	0.00264	0.00653	0.03841	0.00416	0.00688
10	0.23176	0.21962	0.01798	0.01180	0.01545	0.38459	0.00963	0.02015	0.01358	0.01717	0.00853	0.00992	0.00717	0.00558	0.00443	0.00151	0.00785	0.00343	0.00302	0.00681

[dist]
# distance from previous block
# <min> <max>
5	17

[block]
# block no. 2 follows, 40 sequences, length 30
# corresponding to MSA columns:
# 535-564
name=unknown_C
#
# <colnr> <probs for GDERKNQSTAVLIFYWHMCP>
#	G	D	E	R	K	N	Q	S	T	A	V	L	I	F	Y	W	H	M	C	P
0	0.10246	0.20296	0.01788	0.01383	0.10811	0.16405	0.00995	0.03212	0.12687	0.01873	0.07433	0.04334	0.04842	0.00718	0.00516	0.00165	0.00619	0.00554	0.00389	0.00736
1	0.01417	0.01183	0.01419	0.17112	0.03592	0.01370	0.01079	0.02680	0.53202	0.05601	0.02077	0.02110	0.01569	0.00755	0.00593	0.00197	0.00533	0.02131	0.00521	0.00859
2	0.00831	0.00623	0.00935	0.00935	0.01038	0.00727	0.00727	0.01038	0.00935	0.01350	0.01558	0.02285	0.01454	0.04361	0.77259	0.00935	0.01558	0.00623	0.00312	0.00519
3	0.00934	0.00723	0.01052	0.01246	0.12883	0.00772	0.00758	0.01087	0.00964	0.01356	0.01584	0.02709	0.01611	0.31415	0.37643	0.00676	0.01053	0.00688	0.00323	0.00522
4	0.01212	0.12057	0.67901	0.01580	0.02396	0.01462	0.02013	0.01830	0.01222	0.01786	0.01016	0.01193	0.00738	0.00546	0.00531	0.00177	0.00831	0.00416	0.00246	0.00846
5	0.06056	0.30364	0.20043	0.01344	0.07139	0.01668	0.01265	0.06471	0.09789	0.01937	0.05092	0.01435	0.01159	0.00603	0.00486	0.00160	0.00627	0.00455	0.03109	0.00798
6	0.00973	0.00847	0.04992	0.00870	0.01055	0.02941	0.03239	0.01135	0.01221	0.06688	0.06698	0.22055	0.25977	0.14738	0.01111	0.00267	0.03067	0.01100	0.00483	0.00541
7	0.02211	0.01629	0.01745	0.01338	0.01803	0.01803	0.01105	0.73997	0.02734	0.03665	0.01396	0.01396	0.00989	0.00698	0.00582	0.00175	0.00640	0.00524	0.00582	0.00989
8	0.01206	0.01034	0.01206	0.00861	0.01378	0.00775	0.00689	0.01464	0.01206	0.01895	0.01034	0.01206	0.00861	0.00431	0.00431	0.00086	0.00431	0.00345	0.00345	0.83118
9	0.01798	0.01231	0.01304	0.01046	0.01391	0.01341	0.00849	0.47373	0.02179	0.03116	0.01580	0.01679	0.01173	0.00691	0.00518	0.00160	0.00505	0.00530	0.30712	0.00825
10	0.01271	0.01210	0.02057	0.40330	0.40488	0.01337	0.01701	0.01637	0.01245	0.01696	0.01064	0.01494	0.00849	0.00549	0.00579	0.00183	0.00732	0.00517	0.00273	0.00786
11	0.00799	0.00605	0.00744	0.00741	0.00896	0.00550	0.00577	0.01032	0.01496	0.01999	0.42146	0.05091	0.27158	0.01345	0.00705	0.00201	0.00322	0.12471	0.00592	0.00528
12	0.05963	0.01068	0.01192	0.01051	0.01376	0.01145	0.00839	0.04978	0.37472	0.18584	0.02472	0.02606	0.06029	0.00859	0.00590	0.00194	0.00459	0.06664	0.05619	0.00842
13	0.01535	0.01730	0.02009	0.01667	0.01843	0.22386	0.12849	0.01726	0.01175	0.01480	0.00867	0.01259	0.00779	0.00819	0.01334	0.00216	0.44883	0.00501	0.00273	0.00670
14	0.00743	0.00528	0.00678	0.00776	0.00819	0.00498	0.00518	0.00844	0.01112	0.01482	0.06905	0.57712	0.06402	0.14600	0.01105	0.00287	0.00376	0.03640	0.00514	0.00459
15	0.01762	0.01363	0.01504	0.01125	0.01613	0.01344	0.00919	0.41606	0.02052	0.02874	0.01234	0.01311	0.00932	0.00579	0.00514	0.00135	0.00546	0.00444	0.00476	0.37665
16	0.01373	0.01569	0.03431	0.02451	0.03039	0.01471	0.73824	0.01863	0.01373	0.01863	0.01176	0.01569	0.00882	0.00490	0.00686	0.00196	0.00980	0.00686	0.00294	0.00784
17	0.01316	0.04816	0.01550	0.01296	0.01420	0.10141	0.01056	0.06730	0.01140	0.01551	0.01082	0.01564	0.00998	0.01993	0.25692	0.00448	0.35749	0.00522	0.00302	0.00634
18	0.01167	0.01078	0.01725	0.02512	0.48402	0.01052	0.01308	0.01432	0.01291	0.01765	0.02422	0.14747	0.16822	0.00924	0.00625	0.00188	0.00552	0.00846	0.00380	0.00760
19	0.00717	0.00513	0.00682	0.00804	0.00845	0.00478	0.00540	0.00831	0.01154	0.01548	0.08663	0.73543	0.03970	0.01774	0.00738	0.00232	0.00333	0.01608	0.00547	0.00478
20	0.00815	0.00676	0.00742	0.00850	0.00911	0.06102	0.00578	0.00922	0.01162	0.01484	0.03157	0.70136	0.06858	0.01716	0.00724	0.00228	0.00388	0.01540	0.00522	0.00488
21	0.27517	0.00989	0.01119	0.00892	0.01240	0.00945	0.05953	0.01423	0.01062	0.01937	0.01164	0.01773	0.01090	0.19477	0.01034	0.00239	0.00509	0.00480	0.00348	0.30807
22	0.00708	0.00545	0.00636	0.00705	0.00806	0.00486	0.00486	0.00823	0.01188	0.01500	0.04269	0.43135	0.34445	0.06420	0.00854	0.00239	0.00333	0.01422	0.00528	0.00473
23	0.00717	0.00510	0.00672	0.00799	0.00831	0.00478	0.00528	0.00812	0.01097	0.01463	0.03121	0.74581	0.03740	0.06569	0.00878	0.00256	0.00351	0.01604	0.00528	0.00465
24	0.00977	0.00805	0.01277	0.01567	0.19029	0.00884	0.00981	0.01218	0.01028	0.01482	0.01446	0.02081	0.01326	0.03438	0.58840	0.00752	0.01349	0.00598	0.00306	0.00616
25	0.02010	0.01612	0.01673	0.05074	0.10281	0.14370	0.01143	0.28561	0.13073	0.13953	0.01545	0.01556	0.01119	0.00672	0.00573	0.00175	0.00672	0.00527	0.00508	0.00902
26	0.01032	0.01253	0.13228	0.16992	0.01909	0.06532	0.01131	0.01341	0.01194	0.01590	0.09372	0.07004	0.07325	0.01898	0.22971	0.00408	0.03154	0.00702	0.00353	0.00613
27	0.05131	0.00762	0.01004	0.00912	0.01144	0.00751	0.00711	0.01667	0.03534	0.25870	0.06272	0.14280	0.07447	0.02128	0.25144	0.00432	0.00781	0.00823	0.00524	0.00681
28	0.00973	0.00952	0.09634	0.01143	0.06604	0.00772	0.00868	0.01171	0.01139	0.04916	0.04985	0.33034	0.04908	0.13300	0.05145	0.00309	0.05053	0.04079	0.00442	0.00573
29	0.05063	0.09015	0.08103	0.01238	0.01630	0.23711	0.01053	0.15932	0.04287	0.13077	0.01421	0.05009	0.01159	0.05938	0.00701	0.00194	0.00724	0.00530	0.00434	0.00781

[dist]
# distance from previous block
# <min> <max>
3	367

[block]
# block no. 3 follows, 40 sequences, length 12
# corresponding to MSA columns:
# 932-943
name=unknown_D
#
# <colnr> <probs for GDERKNQSTAVLIFYWHMCP>
#	G	D	E	R	K	N	Q	S	T	A	V	L	I	F	Y	W	H	M	C	P
0	0.00993	0.05079	0.00896	0.00788	0.00955	0.00695	0.00596	0.01203	0.04379	0.07741	0.08465	0.18798	0.23950	0.13525	0.01034	0.00263	0.00413	0.09163	0.00518	0.00548
1	0.00851	0.00762	0.04136	0.04696	0.08323	0.00683	0.00791	0.01091	0.04732	0.01591	0.02919	0.56937	0.07211	0.01515	0.00700	0.00222	0.00417	0.01367	0.00493	0.00563
2	0.00874	0.00683	0.00771	0.00786	0.00925	0.00677	0.00568	0.01244	0.13378	0.01645	0.05898	0.19860	0.25696	0.17095	0.01148	0.00284	0.00404	0.07015	0.00514	0.00536
3	0.32775	0.06369	0.01635	0.10641	0.01922	0.20563	0.08444	0.07949	0.01375	0.02111	0.00947	0.01146	0.00741	0.00566	0.00481	0.00172	0.00721	0.00410	0.00338	0.00696
4	0.01253	0.00860	0.01069	0.00971	0.01182	0.00932	0.00753	0.01841	0.21029	0.12149	0.14886	0.02776	0.05848	0.06601	0.21364	0.00415	0.04130	0.00739	0.00511	0.00691
5	0.01237	0.01798	0.26994	0.11115	0.18187	0.01193	0.04865	0.01681	0.01241	0.01827	0.01056	0.01322	0.00823	0.00511	0.00533	0.00156	0.00698	0.00447	0.00286	0.24030
6	0.00910	0.00546	0.00722	0.00737	0.00753	0.00550	0.00481	0.00840	0.00860	0.01149	0.01635	0.07277	0.01800	0.34794	0.06577	0.34086	0.00581	0.05033	0.00331	0.00339
7	0.00842	0.00894	0.09321	0.00962	0.05085	0.00657	0.00765	0.01106	0.01418	0.01925	0.33878	0.15138	0.23315	0.01250	0.00674	0.00194	0.00377	0.01088	0.00535	0.00577
8	0.22121	0.29333	0.01969	0.01124	0.01531	0.18158	0.02698	0.07726	0.07141	0.01967	0.01006	0.01110	0.00821	0.00569	0.00444	0.00155	0.00669	0.00379	0.00342	0.00736
9	0.29151	0.00904	0.00949	0.00825	0.01082	0.00947	0.00625	0.04737	0.01178	0.19943	0.01563	0.02197	0.01360	0.25482	0.06463	0.00351	0.00580	0.00575	0.00451	0.00638
10	0.24866	0.01165	0.08013	0.04640	0.01450	0.01096	0.00899	0.04603	0.12555	0.08745	0.05114	0.04793	0.06706	0.01059	0.04750	0.03096	0.00560	0.04734	0.00455	0.00699
11	0.01283	0.04728	0.01563	0.01420	0.06715	0.16087	0.10917	0.01659	0.10261	0.01639	0.01938	0.26025	0.01988	0.04890	0.05951	0.00262	0.00712	0.00900	0.00410	0.00651

[dist]
# distance from previous block
# <min> <max>
6	113

[block]
# block no. 4 follows, 40 sequences, length 9
# corresponding to MSA columns:
# 1084-1092
name=unknown_E
#
# <colnr> <probs for GDERKNQSTAVLIFYWHMCP>
#	G	D	E	R	K	N	Q	S	T	A	V	L	I	F	Y	W	H	M	C	P
0	0.01405	0.06839	0.04873	0.04850	0.10194	0.03011	0.01047	0.14056	0.04129	0.02114	0.01430	0.06051	0.01284	0.00700	0.00539	0.00153	0.00565	0.06763	0.00399	0.29595
1	0.05350	0.06264	0.03947	0.01452	0.05078	0.08877	0.12804	0.13884	0.12363	0.06467	0.01551	0.01631	0.04125	0.00630	0.00552	0.00164	0.00654	0.00535	0.00426	0.13246
2	0.15488	0.01814	0.01663	0.06576	0.07797	0.29801	0.07919	0.09319	0.04848	0.02031	0.01122	0.01310	0.00880	0.00596	0.00521	0.00168	0.00772	0.00455	0.06191	0.00729
3	0.20444	0.00857	0.00931	0.03176	0.01131	0.00886	0.00634	0.05309	0.01133	0.04957	0.01589	0.05573	0.03484	0.19619	0.12487	0.00370	0.00644	0.00613	0.04126	0.12038
4	0.00782	0.00593	0.00723	0.00713	0.00863	0.00535	0.00540	0.01007	0.01498	0.02010	0.45172	0.08665	0.27441	0.01338	0.00697	0.00195	0.00301	0.05805	0.00597	0.00526
5	0.00991	0.00836	0.01138	0.15829	0.07504	0.00885	0.00927	0.01454	0.12377	0.01844	0.14890	0.12615	0.16365	0.01134	0.00663	0.00204	0.00471	0.08754	0.00490	0.00631
6	0.01898	0.01474	0.01569	0.01275	0.01684	0.01657	0.01030	0.45014	0.32225	0.03161	0.01793	0.01712	0.01310	0.00735	0.00586	0.00184	0.00566	0.00578	0.00586	0.00961
7	0.01219	0.01251	0.12180	0.12135	0.18215	0.01029	0.04233	0.01607	0.03930	0.06736	0.07429	0.05784	0.08890	0.03061	0.00656	0.00193	0.00581	0.00695	0.09451	0.00725
8	0.00779	0.00576	0.00714	0.00711	0.00832	0.00526	0.00513	0.00981	0.01438	0.01958	0.44813	0.17256	0.18347	0.06902	0.00857	0.00221	0.00309	0.01173	0.00584	0.00511

[dist]
# distance from previous block
# <min> <max>
6	11

[block]
# block no. 5 follows, 40 sequences, length 27
# corresponding to MSA columns:
# 1104-1130
name=unknown_F
#
# <colnr> <probs for GDERKNQSTAVLIFYWHMCP>
#	G	D	E	R	K	N	Q	S	T	A	V	L	I	F	Y	W	H	M	C	P
0	0.01542	0.01894	0.22752	0.04802	0.09209	0.06588	0.10229	0.16432	0.06762	0.05527	0.01445	0.07581	0.01175	0.00700	0.00595	0.00185	0.00738	0.00607	0.00396	0.00841
1	0.01103	0.01868	0.35797	0.01473	0.07627	0.01128	0.01450	0.01673	0.09343	0.01834	0.04627	0.14748	0.06718	0.00890	0.00661	0.00194	0.04099	0.00744	0.00375	0.03649
2	0.00912	0.01387	0.26486	0.01018	0.01372	0.00791	0.01044	0.01176	0.01166	0.01580	0.06033	0.14833	0.20966	0.07274	0.01022	0.10535	0.00539	0.00895	0.00394	0.00576
3	0.01107	0.01388	0.13998	0.01315	0.04803	0.06928	0.03146	0.01373	0.01247	0.01679	0.11195	0.11239	0.13798	0.01081	0.00952	0.00210	0.19283	0.04225	0.00397	0.00637
4	0.00720	0.00590	0.00635	0.00624	0.00806	0.00505	0.00468	0.00899	0.01404	0.01756	0.22880	0.05291	0.58595	0.01404	0.00687	0.00193	0.00290	0.01185	0.00564	0.00505
5	0.01120	0.13568	0.14476	0.03783	0.04483	0.01200	0.01060	0.01609	0.13590	0.01679	0.01966	0.26615	0.02011	0.06014	0.00804	0.00221	0.03832	0.00880	0.00409	0.00681
6	0.02211	0.01629	0.01745	0.01338	0.01803	0.01803	0.01105	0.73997	0.02734	0.03665	0.01396	0.01396	0.00989	0.00698	0.00582	0.00175	0.00640	0.00524	0.00582	0.00989
7	0.02054	0.21563	0.01825	0.01158	0.01539	0.25951	0.00953	0.02235	0.01494	0.27267	0.01535	0.07349	0.01225	0.00709	0.00524	0.00160	0.00695	0.00529	0.00450	0.00786
8	0.00816	0.00578	0.00739	0.00755	0.00804	0.00605	0.00507	0.00906	0.00932	0.01268	0.02104	0.12365	0.05753	0.40820	0.27868	0.00633	0.00862	0.00885	0.00370	0.00430
9	0.00801	0.00577	0.00757	0.00747	0.00864	0.00534	0.00547	0.01042	0.01543	0.02168	0.61610	0.18830	0.05169	0.01311	0.00697	0.00193	0.00287	0.01168	0.00621	0.00534
10	0.00803	0.00582	0.00686	0.00667	0.00767	0.00542	0.00456	0.00952	0.01292	0.01740	0.34524	0.04415	0.19050	0.29321	0.01501	0.00322	0.00382	0.01015	0.00516	0.00466
11	0.36345	0.00912	0.00945	0.00817	0.01122	0.00941	0.00655	0.01767	0.01372	0.19915	0.26622	0.02346	0.02474	0.00803	0.00524	0.00181	0.00401	0.00629	0.00540	0.00687
12	0.01669	0.00953	0.01056	0.00890	0.01182	0.00990	0.00709	0.17819	0.10627	0.16796	0.01921	0.01962	0.01405	0.00704	0.00502	0.00160	0.00418	0.00560	0.38904	0.00773
13	0.01423	0.53741	0.28062	0.01220	0.01841	0.01978	0.01388	0.01775	0.01197	0.01529	0.00888	0.01033	0.00743	0.00516	0.00434	0.00145	0.00703	0.00351	0.00248	0.00785
14	0.83671	0.01125	0.00855	0.00765	0.01125	0.01305	0.00630	0.01709	0.00990	0.02609	0.00810	0.00945	0.00630	0.00540	0.00360	0.00180	0.00450	0.00315	0.00360	0.00630
15	0.29753	0.00943	0.01006	0.00840	0.01201	0.00924	0.00683	0.01990	0.01357	0.34009	0.02618	0.02461	0.18285	0.00832	0.00532	0.00184	0.00433	0.00641	0.00556	0.00752
16	0.11777	0.01561	0.01900	0.02328	0.34583	0.13916	0.01389	0.04441	0.01288	0.01860	0.00962	0.01274	0.00823	0.00656	0.00848	0.00189	0.18656	0.00467	0.00302	0.00781
17	0.02211	0.01629	0.01745	0.01338	0.01803	0.01803	0.01105	0.73997	0.02734	0.03665	0.01396	0.01396	0.00989	0.00698	0.00582	0.00175	0.00640	0.00524	0.00582	0.00989
18	0.08743	0.01657	0.11198	0.14040	0.18618	0.10032	0.01385	0.14758	0.03803	0.04925	0.01204	0.01409	0.00912	0.00599	0.00544	0.00175	0.00704	0.00481	0.04001	0.00814
19	0.00768	0.00592	0.00700	0.00673	0.00835	0.00525	0.00505	0.00990	0.01515	0.02021	0.47102	0.04856	0.34208	0.01305	0.00686	0.00188	0.00283	0.01124	0.00599	0.00525
20	0.01589	0.01190	0.01879	0.32104	0.27833	0.01278	0.01488	0.07448	0.01435	0.16098	0.01323	0.01583	0.00968	0.00595	0.00580	0.00182	0.00682	0.00531	0.00382	0.00832
21	0.01503	0.01588	0.11932	0.12617	0.23776	0.07284	0.07989	0.02037	0.10251	0.09354	0.01441	0.01795	0.01131	0.00640	0.00593	0.00186	0.00724	0.03956	0.00372	0.00832
22	0.02809	0.01279	0.08521	0.01493	0.07459	0.02516	0.13096	0.11526	0.01386	0.09581	0.03667	0.01866	0.01239	0.07383	0.06772	0.14275	0.03470	0.00587	0.00382	0.00691
23	0.07630	0.00670	0.00767	0.00811	0.00939	0.00660	0.00578	0.07258	0.01284	0.01783	0.03355	0.52218	0.16797	0.01554	0.00687	0.00219	0.00365	0.01365	0.00529	0.00534
24	0.17383	0.07233	0.01520	0.05767	0.05886	0.15439	0.03326	0.06216	0.03887	0.01908	0.01107	0.01490	0.00963	0.09409	0.00800	0.00202	0.03097	0.00457	0.00344	0.13566
25	0.20447	0.03944	0.03771	0.03646	0.03896	0.07144	0.00814	0.07220	0.04676	0.08519	0.02816	0.02763	0.26359	0.00901	0.00554	0.00182	0.00504	0.00703	0.00461	0.00681
26	0.01546	0.01775	0.07299	0.01601	0.12168	0.27029	0.01166	0.05342	0.01387	0.01689	0.01207	0.01698	0.01070	0.03880	0.10035	0.00275	0.07081	0.03680	0.03219	0.06852

[dist]
# distance from previous block
# <min> <max>
5	12

[block]
# block no. 6 follows, 40 sequences, length 20
# corresponding to MSA columns:
# 1143-1162
name=unknown_G
#
# <colnr> <probs for GDERKNQSTAVLIFYWHMCP>
#	G	D	E	R	K	N	Q	S	T	A	V	L	I	F	Y	W	H	M	C	P
0	0.01516	0.21663	0.06938	0.01116	0.01484	0.16562	0.00977	0.07646	0.03586	0.01792	0.01316	0.08785	0.01194	0.00713	0.00557	0.00154	0.04284	0.00529	0.09855	0.09335
1	0.00758	0.00552	0.00774	0.00852	0.00916	0.00569	0.00609	0.00905	0.01069	0.01468	0.05411	0.48105	0.03033	0.02728	0.28776	0.00490	0.00782	0.01252	0.00460	0.00492
2	0.01202	0.01160	0.02183	0.08581	0.15427	0.01146	0.28155	0.01576	0.01334	0.01792	0.01847	0.03373	0.01783	0.00912	0.00701	0.00218	0.00748	0.26779	0.00378	0.00706
3	0.01379	0.09149	0.11101	0.13527	0.35375	0.05067	0.01623	0.01714	0.01228	0.01687	0.00995	0.01339	0.00830	0.00605	0.00743	0.00183	0.11900	0.00479	0.00271	0.00804
4	0.00811	0.00560	0.00681	0.00697	0.00740	0.00540	0.00444	0.00904	0.01113	0.01520	0.21535	0.19982	0.03370	0.42411	0.01890	0.00394	0.00439	0.01072	0.00468	0.00430
5	0.00761	0.00586	0.00701	0.00728	0.00872	0.00526	0.00551	0.00951	0.01382	0.01795	0.25020	0.18266	0.34018	0.01469	0.00711	0.00208	0.00326	0.10051	0.00568	0.00510
6	0.02182	0.02471	0.01674	0.01456	0.01799	0.57389	0.01119	0.21175	0.01934	0.02013	0.01030	0.01140	0.00812	0.00625	0.00539	0.00156	0.00941	0.00414	0.00374	0.00757
7	0.00731	0.00591	0.00650	0.00635	0.00812	0.00510	0.00476	0.00919	0.01429	0.01816	0.28363	0.05193	0.53075	0.01381	0.00687	0.00192	0.00288	0.01171	0.00572	0.00510
8	0.01262	0.01176	0.01530	0.01346	0.01455	0.01540	0.01096	0.01838	0.22253	0.01691	0.01335	0.01670	0.01150	0.01411	0.11879	0.00331	0.45406	0.00567	0.00360	0.00702
9	0.00846	0.00564	0.00634	0.00634	0.00634	0.00564	0.00352	0.00846	0.00846	0.01128	0.01832	0.03805	0.02114	0.79563	0.02960	0.00564	0.00564	0.00846	0.00352	0.00352
10	0.01574	0.01469	0.07833	0.09132	0.02105	0.01438	0.13394	0.29541	0.07882	0.02576	0.06577	0.01913	0.04900	0.00728	0.00649	0.00186	0.03336	0.00623	0.03321	0.00823
11	0.02118	0.01540	0.01647	0.01273	0.01711	0.01700	0.01048	0.68043	0.02610	0.03542	0.01437	0.01459	0.01030	0.00696	0.00567	0.00171	0.00610	0.00525	0.07319	0.00952
12	0.01385	0.01314	0.05344	0.12127	0.26451	0.03999	0.07107	0.06869	0.04474	0.05693	0.04249	0.05673	0.06274	0.03812	0.00727	0.00201	0.02477	0.00664	0.00381	0.00779
13	0.01131	0.01515	0.18085	0.09757	0.02196	0.01283	0.17126	0.01501	0.01123	0.01601	0.01297	0.03435	0.02910	0.01494	0.17113	0.00362	0.16499	0.00599	0.00287	0.00686
14	0.00709	0.00506	0.00675	0.00810	0.00843	0.00472	0.00540	0.00810	0.01113	0.01484	0.03205	0.79184	0.03846	0.01822	0.00742	0.00236	0.00337	0.01653	0.00540	0.00472
15	0.31726	0.01194	0.01232	0.00997	0.01392	0.01271	0.00818	0.23418	0.01728	0.21464	0.06132	0.01672	0.03196	0.00697	0.00511	0.00179	0.00503	0.00514	0.00539	0.00819
16	0.01750	0.13798	0.15489	0.01650	0.11280	0.11562	0.05018	0.11335	0.09039	0.11541	0.01341	0.01417	0.00998	0.00607	0.00543	0.00169	0.00718	0.00484	0.00400	0.00861
17	0.00974	0.00605	0.00778	0.00804	0.00940	0.00560	0.00583	0.01117	0.01215	0.11555	0.03509	0.41792	0.20158	0.01910	0.10323	0.00307	0.00502	0.01280	0.00535	0.00552
18	0.00808	0.00594	0.00708	0.00695	0.00852	0.00538	0.00532	0.01039	0.01479	0.02016	0.40397	0.04763	0.28539	0.01276	0.00673	0.00190	0.00302	0.06741	0.07331	0.00528
19	0.04216	0.01379	0.07881	0.24560	0.15739	0.01332	0.09699	0.13714	0.01515	0.05851	0.01567	0.01806	0.06863	0.00654	0.00591	0.00185	0.00704	0.00584	0.00370	0.00790

[dist]
# distance from previous block
# <min> <max>
0	352

[block]
# block no. 7 follows, 40 sequences, length 12
# corresponding to MSA columns:
# 1515-1526
name=unknown_H
#
# <colnr> <probs for GDERKNQSTAVLIFYWHMCP>
#	G	D	E	R	K	N	Q	S	T	A	V	L	I	F	Y	W	H	M	C	P
0	0.01282	0.00998	0.01336	0.05503	0.12424	0.01047	0.00961	0.15353	0.01422	0.02055	0.01398	0.01788	0.01173	0.01917	0.27553	0.00426	0.00906	0.00535	0.10025	0.11895
1	0.01962	0.02244	0.01560	0.01353	0.01708	0.50591	0.01035	0.10029	0.07649	0.01825	0.01094	0.01203	0.00877	0.00598	0.00521	0.00146	0.00857	0.00409	0.00361	0.13977
2	0.01266	0.01082	0.01358	0.16492	0.01943	0.00963	0.00910	0.07366	0.01321	0.01956	0.01063	0.01291	0.00854	0.00483	0.00473	0.00115	0.00517	0.00394	0.00346	0.59806
3	0.15547	0.01377	0.01496	0.01164	0.01609	0.01471	0.00962	0.43379	0.02167	0.22771	0.01539	0.01478	0.01050	0.00678	0.00547	0.00177	0.00571	0.00506	0.00582	0.00931
4	0.00924	0.00660	0.00922	0.01056	0.01184	0.00658	0.00914	0.01182	0.01326	0.01725	0.03086	0.10760	0.03376	0.01619	0.00800	0.00266	0.00524	0.67952	0.00536	0.00532
5	0.00729	0.00528	0.00694	0.00820	0.00875	0.00493	0.00572	0.00850	0.01150	0.01516	0.03382	0.66904	0.08868	0.01776	0.00744	0.00236	0.00354	0.08490	0.00539	0.00480
6	0.00831	0.00623	0.00935	0.00935	0.01038	0.00727	0.00727	0.01038	0.00935	0.01350	0.01558	0.02285	0.01454	0.04361	0.77259	0.00935	0.01558	0.00623	0.00312	0.00519
7	0.00840	0.00585	0.00743	0.00743	0.00781	0.00623	0.00488	0.00916	0.00878	0.01208	0.01733	0.03254	0.01875	0.52310	0.29885	0.00698	0.00924	0.00765	0.00338	0.00413
8	0.00741	0.00574	0.00674	0.00685	0.00827	0.00508	0.00500	0.00925	0.01399	0.01829	0.30628	0.19819	0.35924	0.01439	0.00698	0.00199	0.00296	0.01249	0.00576	0.00508
9	0.00822	0.00564	0.00694	0.00754	0.00785	0.00555	0.00499	0.00893	0.01001	0.01327	0.02421	0.25580	0.02802	0.45035	0.01986	0.00423	0.00495	0.12512	0.00435	0.00416
10	0.18584	0.02009	0.01479	0.01267	0.01624	0.35989	0.00993	0.24234	0.01835	0.02379	0.01069	0.01174	0.00825	0.00620	0.00505	0.00163	0.00775	0.00414	0.03304	0.00757
11	0.01429	0.01597	0.19907	0.09500	0.16693	0.01125	0.04295	0.01823	0.01299	0.11949	0.01225	0.01412	0.00913	0.00534	0.00535	0.00155	0.00652	0.00463	0.00350	0.24144

[dist]
# distance from previous block
# <min> <max>
0	18

[block]
# block no. 8 follows, 40 sequences, length 30
# corresponding to MSA columns:
# 1545-1574
name=unknown_I
#
# <colnr> <probs for GDERKNQSTAVLIFYWHMCP>
#	G	D	E	R	K	N	Q	S	T	A	V	L	I	F	Y	W	H	M	C	P
0	0.00970	0.00648	0.00818	0.00785	0.00929	0.00683	0.00604	0.05177	0.01298	0.01947	0.19252	0.02827	0.05533	0.02259	0.30255	0.00461	0.00791	0.00721	0.23482	0.00557
1	0.00700	0.00586	0.00609	0.00610	0.00795	0.00495	0.00455	0.00856	0.01345	0.01633	0.11744	0.08351	0.66907	0.01462	0.00689	0.00197	0.00294	0.01229	0.00549	0.00495
2	0.62437	0.01056	0.00880	0.00775	0.01111	0.01192	0.00633	0.05716	0.01155	0.06184	0.01083	0.01209	0.00822	0.00579	0.00390	0.00173	0.00435	0.00375	0.13142	0.00654
3	0.00792	0.00593	0.00734	0.00699	0.00850	0.00536	0.00524	0.01038	0.01573	0.02159	0.59762	0.04629	0.21462	0.01253	0.00686	0.00186	0.00279	0.01092	0.00617	0.00536
4	0.00751	0.00538	0.00715	0.00801	0.00868	0.00503	0.00561	0.00908	0.01270	0.01729	0.23060	0.55179	0.04272	0.01638	0.00730	0.00223	0.00330	0.04862	0.00567	0.00496
5	0.00823	0.00594	0.00777	0.00732	0.00869	0.00549	0.00549	0.01097	0.01646	0.02332	0.75629	0.04344	0.05487	0.01189	0.00686	0.00183	0.00274	0.01052	0.00640	0.00549
6	0.01266	0.00797	0.00802	0.00750	0.00932	0.03804	0.00569	0.12265	0.01456	0.03566	0.01992	0.13979	0.01751	0.00856	0.00493	0.00158	0.00372	0.00706	0.52874	0.00612
7	0.01298	0.01349	0.02208	0.01766	0.01918	0.01701	0.20045	0.01519	0.01015	0.01519	0.00870	0.01349	0.00794	0.00881	0.01592	0.00239	0.58440	0.00555	0.00265	0.00674
8	0.23076	0.09594	0.01469	0.01116	0.01461	0.27613	0.00895	0.14695	0.01573	0.02210	0.01073	0.01205	0.00848	0.00601	0.00463	0.00158	0.00686	0.00399	0.10155	0.00710
9	0.22269	0.00721	0.00807	0.00804	0.00954	0.00803	0.00603	0.01179	0.00989	0.01736	0.01680	0.14066	0.01694	0.11613	0.30511	0.00523	0.00861	0.00723	0.06943	0.00523
10	0.01573	0.16300	0.07240	0.11383	0.29441	0.07138	0.01440	0.05053	0.06136	0.07140	0.01196	0.01398	0.00941	0.00570	0.00535	0.00167	0.00695	0.00476	0.00338	0.00840
11	0.01303	0.05159	0.10021	0.13546	0.10887	0.01297	0.08539	0.04783	0.06894	0.01867	0.01155	0.01422	0.00919	0.00653	0.02302	0.00179	0.06173	0.00483	0.00326	0.22092
12	0.62422	0.01109	0.00959	0.00815	0.01203	0.01205	0.00666	0.01801	0.04653	0.06577	0.01002	0.01102	0.00766	0.00545	0.00395	0.00166	0.00450	0.00351	0.00389	0.13425
13	0.01391	0.22168	0.35437	0.01360	0.01929	0.15129	0.01481	0.01780	0.01278	0.01604	0.01215	0.10377	0.01111	0.00698	0.00524	0.00169	0.00771	0.00535	0.00291	0.00751
14	0.00843	0.00568	0.00653	0.00647	0.00666	0.00562	0.00379	0.00879	0.00953	0.01289	0.11698	0.03877	0.02565	0.69085	0.02656	0.00513	0.00525	0.00873	0.00391	0.00379
15	0.00817	0.00594	0.00768	0.00725	0.00865	0.00546	0.00544	0.01085	0.01631	0.02296	0.72299	0.04404	0.08839	0.01202	0.00686	0.00184	0.00275	0.01060	0.00635	0.00546
16	0.01364	0.00694	0.00935	0.00887	0.01085	0.00628	0.00675	0.01555	0.01421	0.25849	0.18120	0.32739	0.03374	0.01316	0.00684	0.00209	0.00391	0.06794	0.00619	0.00660
17	0.01298	0.01349	0.02208	0.01766	0.01918	0.01701	0.20045	0.01519	0.01015	0.01519	0.00870	0.01349	0.00794	0.00881	0.01592	0.00239	0.58440	0.00555	0.00265	0.00674
18	0.00704	0.00584	0.00619	0.00638	0.00813	0.00499	0.00478	0.00855	0.01311	0.01586	0.06914	0.13274	0.63322	0.01510	0.00699	0.00204	0.00310	0.04648	0.00542	0.00492
19	0.01206	0.01034	0.01206	0.00861	0.01378	0.00775	0.00689	0.01464	0.01206	0.01895	0.01034	0.01206	0.00861	0.00431	0.00431	0.00086	0.00431	0.00345	0.00345	0.83118
20	0.00836	0.00596	0.00798	0.00794	0.00858	0.00645	0.00558	0.00964	0.00955	0.01336	0.07579	0.03077	0.02048	0.35165	0.40467	0.00721	0.01045	0.00749	0.00355	0.00453
21	0.00780	0.00564	0.00632	0.00649	0.00716	0.00529	0.00412	0.00847	0.01053	0.01352	0.06037	0.14803	0.23810	0.43131	0.01906	0.00397	0.00443	0.01076	0.00444	0.00417
22	0.01516	0.04709	0.07388	0.01115	0.01546	0.04844	0.00961	0.09600	0.21237	0.08391	0.01854	0.01845	0.06429	0.00693	0.00583	0.00159	0.03179	0.00542	0.00464	0.22944
23	0.01361	0.02051	0.30933	0.01489	0.04939	0.11906	0.06524	0.04801	0.01389	0.04357	0.04283	0.07543	0.04800	0.00715	0.00573	0.00172	0.00727	0.00598	0.00352	0.10488
