[name]
unknown

[dist]
# distance from previous block
# <min> <max>
12	77

[block]
# block no. 0 follows, 40 sequences, length 14
# corresponding to MSA columns:
# 140-153
name=unknown_A
#
# <colnr> <probs for GDERKNQSTAVLIFYWHMCP>
#	G	D	E	R	K	N	Q	S	T	A	V	L	I	F	Y	W	H	M	C	P
0	0.01551	0.01449	0.07470	0.01926	0.25864	0.06505	0.01242	0.14206	0.01575	0.07097	0.05639	0.05131	0.01387	0.04666	0.00687	0.00184	0.00626	0.00581	0.00407	0.11805
1	0.05353	0.00989	0.01213	0.01016	0.01306	0.05256	0.07948	0.01480	0.05087	0.07775	0.10383	0.03170	0.25919	0.01236	0.06487	0.00237	0.04136	0.00803	0.00468	0.09739
2	0.10559	0.05839	0.05035	0.01804	0.25692	0.05067	0.01124	0.09216	0.01391	0.01987	0.01888	0.04606	0.11953	0.06904	0.00738	0.00203	0.00590	0.00631	0.00376	0.04397
3	0.08934	0.01181	0.03631	0.01462	0.17420	0.07335	0.00950	0.01661	0.05078	0.10059	0.02866	0.02841	0.26286	0.00881	0.00579	0.00175	0.00517	0.00726	0.00447	0.06972
4	0.01493	0.27370	0.15105	0.01153	0.01673	0.09721	0.01127	0.01781	0.01259	0.05443	0.00999	0.01146	0.00815	0.00534	0.00519	0.00135	0.04220	0.00372	0.00306	0.24829
5	0.01128	0.01060	0.01504	0.01333	0.01367	0.01436	0.01094	0.01281	0.00905	0.01383	0.01023	0.01603	0.00989	0.02111	0.26547	0.00477	0.53340	0.00546	0.00273	0.00598
6	0.01490	0.01206	0.01940	0.08563	0.47994	0.01217	0.01463	0.01888	0.05961	0.11452	0.05737	0.05702	0.01443	0.00671	0.00593	0.00181	0.00616	0.00624	0.00393	0.00864
7	0.00846	0.00564	0.00634	0.00634	0.00634	0.00564	0.00352	0.00846	0.00846	0.01128	0.01832	0.03805	0.02114	0.79563	0.02960	0.00564	0.00564	0.00846	0.00352	0.00352
8	0.01010	0.00505	0.00758	0.00758	0.00758	0.00505	0.00505	0.00758	0.00758	0.01010	0.01010	0.01768	0.01010	0.02020	0.02273	0.83081	0.00505	0.00505	0.00253	0.00253
9	0.01498	0.32432	0.01953	0.01104	0.01418	0.22714	0.00933	0.01683	0.01240	0.01403	0.01089	0.01404	0.00980	0.01676	0.23184	0.00372	0.01007	0.00428	0.02829	0.00653
10	0.01506	0.01279	0.01348	0.01195	0.01535	0.01474	0.00935	0.08577	0.69301	0.02528	0.02292	0.02110	0.01714	0.00782	0.00591	0.00195	0.00474	0.00647	0.00591	0.00926
11	0.01373	0.01569	0.03431	0.02451	0.03039	0.01471	0.73824	0.01863	0.01373	0.01863	0.01176	0.01569	0.00882	0.00490	0.00686	0.00196	0.00980	0.00686	0.00294	0.00784
12	0.01146	0.00970	0.01142	0.00855	0.01314	0.00739	0.00671	0.01386	0.01195	0.01846	0.01295	0.10585	0.01220	0.00598	0.00468	0.00104	0.00419	0.00502	0.00368	0.73178
13	0.00823	0.00594	0.00777	0.00732	0.00869	0.00549	0.00549	0.01097	0.01646	0.02332	0.75629	0.04344	0.05487	0.01189	0.00686	0.00183	0.00274	0.01052	0.00640	0.00549

[dist]
# distance from previous block
# <min> <max>
8	20

[block]
# block no. 1 follows, 40 sequences, length 23
# corresponding to MSA columns:
# 177-199
name=unknown_B
#
# <colnr> <probs for GDERKNQSTAVLIFYWHMCP>
#	G	D	E	R	K	N	Q	S	T	A	V	L	I	F	Y	W	H	M	C	P
0	0.01542	0.04311	0.11105	0.01829	0.18283	0.20582	0.03999	0.08783	0.06222	0.01894	0.01735	0.07934	0.07748	0.00765	0.00582	0.00177	0.00729	0.00633	0.00375	0.00773
1	0.01571	0.10294	0.14565	0.04827	0.22199	0.06414	0.01442	0.14158	0.14786	0.02178	0.01319	0.01452	0.01020	0.00608	0.00551	0.00173	0.00688	0.00497	0.00380	0.00877
2	0.00864	0.00663	0.00820	0.00739	0.00943	0.00576	0.00558	0.01111	0.01504	0.02118	0.50436	0.07775	0.13644	0.01130	0.00646	0.00171	0.00306	0.00986	0.00572	0.14439
3	0.01531	0.20704	0.39511	0.01431	0.02088	0.07729	0.01604	0.15235	0.01530	0.02036	0.01042	0.01176	0.00787	0.00570	0.00514	0.00166	0.00778	0.00415	0.00313	0.00842
4	0.01594	0.24245	0.11649	0.05939	0.13953	0.12625	0.05549	0.10927	0.01470	0.01837	0.01048	0.01319	0.00871	0.03877	0.00615	0.00176	0.00754	0.00451	0.00312	0.00789
5	0.00808	0.00589	0.00727	0.00695	0.00818	0.00543	0.00501	0.01018	0.01466	0.02022	0.53395	0.04429	0.14795	0.14424	0.01069	0.00249	0.00326	0.01042	0.00578	0.00508
6	0.01144	0.01071	0.01770	0.64127	0.11630	0.01262	0.01563	0.01517	0.01184	0.01562	0.01040	0.01512	0.00798	0.00563	0.00569	0.00183	0.00740	0.00504	0.00268	0.06993
7	0.01485	0.01325	0.02065	0.08908	0.50932	0.01357	0.01544	0.06987	0.08477	0.04137	0.01263	0.01516	0.01007	0.00562	0.00569	0.00172	0.00650	0.00523	0.00351	0.06171
8	0.01396	0.22012	0.33687	0.07289	0.02155	0.09877	0.01557	0.01906	0.06747	0.01665	0.01049	0.01232	0.00823	0.00593	0.00596	0.00172	0.05757	0.00422	0.00280	0.00785
9	0.01150	0.01487	0.19956	0.01036	0.01610	0.00894	0.01031	0.01503	0.01222	0.01853	0.01465	0.01599	0.07441	0.00553	0.00484	0.00120	0.00526	0.00444	0.00337	0.55289
10	0.00815	0.00617	0.00885	0.00882	0.00998	0.00688	0.00683	0.01021	0.01030	0.01447	0.07571	0.02799	0.09834	0.03810	0.63198	0.00798	0.01324	0.00721	0.00361	0.00518
11	0.01503	0.01254	0.01854	0.02439	0.43656	0.04110	0.01336	0.01791	0.01337	0.10609	0.01377	0.07396	0.01188	0.00627	0.00559	0.00160	0.00603	0.00573	0.00370	0.17259
12	0.00709	0.00506	0.00675	0.00810	0.00843	0.00472	0.00540	0.00810	0.01113	0.01484	0.03205	0.79184	0.03846	0.01822	0.00742	0.00236	0.00337	0.01653	0.00540	0.00472
13	0.01206	0.01034	0.01206	0.00861	0.01378	0.00775	0.00689	0.01464	0.01206	0.01895	0.01034	0.01206	0.00861	0.00431	0.00431	0.00086	0.00431	0.00345	0.00345	0.83118
14	0.01802	0.34224	0.07206	0.01208	0.01676	0.18844	0.01094	0.14306	0.03007	0.05086	0.01053	0.01144	0.00845	0.00570	0.00472	0.00144	0.00717	0.00390	0.00350	0.05865
15	0.66116	0.01115	0.00959	0.00834	0.01204	0.01252	0.00683	0.01971	0.06614	0.12966	0.01135	0.01182	0.00829	0.00584	0.00409	0.00181	0.00457	0.00378	0.00428	0.00702
16	0.00840	0.00586	0.00745	0.00745	0.00784	0.00624	0.00491	0.00917	0.00879	0.01210	0.01731	0.03243	0.01870	0.51748	0.30441	0.00701	0.00931	0.00763	0.00337	0.00414
17	0.01445	0.01810	0.29464	0.01331	0.04140	0.01206	0.01340	0.19590	0.01725	0.08243	0.15569	0.02268	0.07748	0.00793	0.00599	0.00182	0.00616	0.00648	0.00465	0.00816
18	0.01010	0.00505	0.00758	0.00758	0.00758	0.00505	0.00505	0.00758	0.00758	0.01010	0.01010	0.01768	0.01010	0.02020	0.02273	0.83081	0.00505	0.00505	0.00253	0.00253
19	0.00955	0.00684	0.00868	0.00816	0.00938	0.00734	0.00621	0.03981	0.01305	0.01911	0.26869	0.03162	0.06906	0.08725	0.18278	0.00385	0.06865	0.00794	0.14658	0.00545
20	0.01333	0.19494	0.18392	0.01126	0.01568	0.01370	0.01128	0.15181	0.01640	0.02231	0.25117	0.02394	0.02412	0.00812	0.00569	0.00171	0.00563	0.03304	0.00448	0.00746
21	0.00945	0.00541	0.00578	0.00608	0.00729	0.00519	0.00441	0.01161	0.01211	0.01933	0.02748	0.19680	0.12449	0.01042	0.00520	0.00166	0.00289	0.00884	0.53035	0.00519
22	0.07803	0.56186	0.02544	0.01069	0.01519	0.16475	0.00980	0.01839	0.01257	0.01492	0.00835	0.00967	0.00743	0.00517	0.00403	0.00132	0.00683	0.00325	0.00271	0.03961

[dist]
# distance from previous block
# <min> <max>
0	5

[block]
# block no. 2 follows, 40 sequences, length 52
# corresponding to MSA columns:
# 205-210,234-279
name=unknown_C
#
# <colnr> <probs for GDERKNQSTAVLIFYWHMCP>
#	G	D	E	R	K	N	Q	S	T	A	V	L	I	F	Y	W	H	M	C	P
0	0.01320	0.02412	0.51471	0.01461	0.02184	0.01297	0.01718	0.07544	0.07486	0.04261	0.01217	0.01339	0.00881	0.00571	0.00542	0.00170	0.00737	0.00448	0.00329	0.12610
1	0.01580	0.04039	0.24726	0.02073	0.19437	0.14487	0.09354	0.06541	0.05226	0.05291	0.01185	0.01368	0.00899	0.00573	0.00568	0.00175	0.00809	0.00490	0.00330	0.00848
2	0.01446	0.57371	0.12069	0.01192	0.01699	0.02020	0.06091	0.01715	0.01206	0.01506	0.04248	0.01185	0.00970	0.00562	0.00510	0.00146	0.04651	0.00395	0.00269	0.00748
3	0.00958	0.00834	0.01356	0.37034	0.02436	0.00938	0.06001	0.01203	0.01111	0.01453	0.01831	0.25481	0.01930	0.13681	0.01021	0.00266	0.00622	0.00926	0.00361	0.00555
4	0.01533	0.05114	0.07931	0.04099	0.12144	0.05600	0.17386	0.18114	0.07378	0.02227	0.01518	0.06677	0.01307	0.00737	0.00615	0.00189	0.00725	0.05482	0.00407	0.00817
5	0.01317	0.21621	0.39118	0.01703	0.02402	0.01617	0.20763	0.01822	0.01255	0.01730	0.01021	0.01245	0.00777	0.00522	0.00543	0.00173	0.00833	0.00468	0.00259	0.00812
6	0.00795	0.00629	0.00722	0.00719	0.00879	0.00581	0.00531	0.01093	0.07129	0.01876	0.28242	0.17027	0.34888	0.01383	0.00688	0.00199	0.00308	0.01195	0.00577	0.00540
7	0.00831	0.00620	0.00920	0.00920	0.01019	0.00719	0.00709	0.01029	0.00930	0.01339	0.01571	0.02357	0.01485	0.07955	0.73709	0.00917	0.01510	0.00634	0.00313	0.00511
8	0.01431	0.05567	0.18774	0.01781	0.07563	0.12042	0.18467	0.02116	0.16984	0.01862	0.01364	0.01557	0.01057	0.00849	0.05803	0.00232	0.00854	0.00545	0.00346	0.00805
9	0.00709	0.00506	0.00675	0.00810	0.00843	0.00472	0.00540	0.00810	0.01113	0.01484	0.03205	0.79184	0.03846	0.01822	0.00742	0.00236	0.00337	0.01653	0.00540	0.00472
10	0.00709	0.00506	0.00675	0.00810	0.00843	0.00472	0.00540	0.00810	0.01113	0.01484	0.03205	0.79184	0.03846	0.01822	0.00742	0.00236	0.00337	0.01653	0.00540	0.00472
11	0.01825	0.01406	0.01561	0.06229	0.07544	0.07329	0.01083	0.24619	0.22027	0.12059	0.01704	0.01730	0.01257	0.00946	0.05800	0.00232	0.00679	0.00563	0.00519	0.00887
12	0.01431	0.41452	0.17652	0.01531	0.07826	0.04927	0.10535	0.01762	0.01243	0.01576	0.01038	0.04661	0.00916	0.00573	0.00488	0.00155	0.00725	0.00462	0.00272	0.00772
13	0.01708	0.01999	0.01616	0.01437	0.01594	0.41204	0.01118	0.01837	0.01284	0.01389	0.00923	0.01366	0.00868	0.07337	0.01271	0.00225	0.31438	0.00467	0.00286	0.00632
14	0.00831	0.00623	0.00935	0.00935	0.01038	0.00727	0.00727	0.01038	0.00935	0.01350	0.01558	0.02285	0.01454	0.04361	0.77259	0.00935	0.01558	0.00623	0.00312	0.00519
15	0.00812	0.00594	0.00762	0.00720	0.00862	0.00544	0.00540	0.01076	0.01619	0.02269	0.69824	0.04448	0.11331	0.01212	0.00686	0.00184	0.00276	0.01066	0.00632	0.00544
16	0.01166	0.03008	0.76550	0.01657	0.02517	0.01351	0.02149	0.01842	0.01228	0.01842	0.01044	0.01228	0.00737	0.00552	0.00552	0.00184	0.00859	0.00430	0.00246	0.00859
17	0.01555	0.79913	0.03047	0.00995	0.01493	0.02301	0.00995	0.01741	0.01182	0.01368	0.00808	0.00933	0.00746	0.00498	0.00373	0.00124	0.00622	0.00311	0.00249	0.00746
18	0.12527	0.52981	0.02423	0.01033	0.01471	0.08019	0.00961	0.06669	0.01309	0.01717	0.00998	0.01328	0.00910	0.00594	0.00425	0.00146	0.00629	0.04824	0.00308	0.00728
19	0.07185	0.59485	0.11134	0.01058	0.01584	0.02009	0.01090	0.01838	0.01212	0.07496	0.00954	0.01051	0.00793	0.00524	0.00410	0.00139	0.00627	0.00347	0.00294	0.00771
20	0.07651	0.02100	0.01588	0.01467	0.06324	0.42004	0.01076	0.18549	0.01809	0.06198	0.01146	0.01254	0.00882	0.00623	0.00527	0.00160	0.00822	0.00434	0.04617	0.00769
21	0.00862	0.00716	0.01110	0.01007	0.01191	0.00660	0.12338	0.01074	0.01271	0.01706	0.09617	0.32936	0.20328	0.01368	0.00692	0.00209	0.00430	0.04862	0.07080	0.00542
22	0.00836	0.00560	0.00637	0.00646	0.00648	0.00558	0.00365	0.00843	0.00864	0.01152	0.01926	0.08937	0.02232	0.74271	0.02809	0.00541	0.00548	0.00901	0.00365	0.00361
23	0.01098	0.01034	0.01744	0.78165	0.04005	0.01292	0.01615	0.01486	0.01163	0.01486	0.01034	0.01550	0.00775	0.00581	0.00581	0.00194	0.00775	0.00517	0.00258	0.00646
24	0.00846	0.00564	0.00634	0.00634	0.00634	0.00564	0.00352	0.00846	0.00846	0.01128	0.01832	0.03805	0.02114	0.79563	0.02960	0.00564	0.00564	0.00846	0.00352	0.00352
25	0.01846	0.18109	0.07832	0.01352	0.01714	0.49715	0.01131	0.02041	0.01476	0.01451	0.01084	0.07544	0.01005	0.00677	0.00514	0.00155	0.00889	0.00473	0.00305	0.00687
26	0.00831	0.00623	0.00935	0.00935	0.01038	0.00727	0.00727	0.01038	0.00935	0.01350	0.01558	0.02285	0.01454	0.04361	0.77259	0.00935	0.01558	0.00623	0.00312	0.00519
27	0.05682	0.01526	0.01794	0.01748	0.16652	0.01668	0.01206	0.50543	0.08136	0.03164	0.01386	0.01446	0.01022	0.00662	0.00571	0.00176	0.00627	0.00524	0.00513	0.00954
28	0.01734	0.01303	0.03915	0.07011	0.13832	0.01270	0.05721	0.19435	0.06711	0.15628	0.01620	0.01969	0.01258	0.00697	0.00589	0.00178	0.00616	0.06243	0.00480	0.09792
29	0.01308	0.10383	0.63309	0.01556	0.02343	0.03680	0.01939	0.01897	0.01258	0.05600	0.01080	0.01232	0.00774	0.00557	0.00536	0.00177	0.00823	0.00424	0.00272	0.00850
30	0.00955	0.00649	0.00723	0.00690	0.00728	0.00663	0.00413	0.06690	0.00997	0.01330	0.01797	0.03613	0.02024	0.73262	0.02770	0.00533	0.00570	0.00820	0.00371	0.00403
31	0.00707	0.00511	0.00669	0.00796	0.00840	0.00473	0.00534	0.00811	0.01127	0.01490	0.03373	0.74573	0.08348	0.01800	0.00739	0.00234	0.00335	0.01626	0.00540	0.00473
32	0.01067	0.08661	0.01683	0.09752	0.12267	0.01101	0.09677	0.01301	0.01204	0.01614	0.05418	0.28943	0.06208	0.01100	0.00750	0.00204	0.07040	0.00977	0.00397	0.00637
33	0.01010	0.00505	0.00758	0.00758	0.00758	0.00505	0.00505	0.00758	0.00758	0.01010	0.01010	0.01768	0.01010	0.02020	0.02273	0.83081	0.00505	0.00505	0.00253	0.00253
34	0.04989	0.00994	0.01335	0.01027	0.01474	0.00868	0.00848	0.02801	0.01645	0.74173	0.02251	0.01949	0.01416	0.00714	0.00578	0.00180	0.00494	0.00577	0.00709	0.00979
35	0.00717	0.00526	0.00676	0.00792	0.00854	0.00485	0.00546	0.00834	0.01155	0.01510	0.03582	0.64972	0.14063	0.01761	0.00738	0.00232	0.00341	0.05198	0.00540	0.00478
36	0.01520	0.04676	0.01274	0.01039	0.01344	0.01280	0.00816	0.12046	0.39515	0.07033	0.02043	0.02129	0.01584	0.07035	0.00739	0.00209	0.00472	0.00616	0.13811	0.00820
37	0.01695	0.01171	0.01337	0.01044	0.01448	0.01154	0.00844	0.29945	0.03915	0.12128	0.14481	0.02137	0.05040	0.00758	0.00569	0.00157	0.00489	0.00614	0.00551	0.20524
38	0.01220	0.01055	0.01278	0.01031	0.06050	0.00813	0.00758	0.01484	0.01213	0.01895	0.01037	0.01220	0.00865	0.00436	0.00440	0.00092	0.00447	0.00355	0.00341	0.77968
39	0.44140	0.08085	0.01351	0.01080	0.01426	0.32099	0.00859	0.01960	0.01271	0.02030	0.00846	0.00986	0.00687	0.00560	0.00427	0.00163	0.00706	0.00339	0.00327	0.00657
40	0.01141	0.00796	0.01186	0.01054	0.01253	0.00862	0.06431	0.07096	0.01195	0.07243	0.01603	0.02124	0.01375	0.03135	0.51928	0.00682	0.01234	0.00609	0.08437	0.00615
41	0.01097	0.01021	0.01428	0.05961	0.22055	0.05161	0.02197	0.01322	0.01240	0.01665	0.08487	0.19375	0.10043	0.01344	0.07147	0.00262	0.08252	0.00894	0.00399	0.00651
42	0.01378	0.01462	0.08408	0.16608	0.54867	0.01375	0.01765	0.03849	0.01329	0.01873	0.01088	0.01440	0.00882	0.00538	0.00575	0.00177	0.00718	0.00511	0.00288	0.00869
43	0.01690	0.31902	0.17105	0.01287	0.01798	0.17323	0.01257	0.10638	0.07349	0.03004	0.01091	0.01186	0.00867	0.00580	0.00486	0.00154	0.00744	0.00405	0.00333	0.00801
44	0.01010	0.00505	0.00758	0.00758	0.00758	0.00505	0.00505	0.00758	0.00758	0.01010	0.01010	0.01768	0.01010	0.02020	0.02273	0.83081	0.00505	0.00505	0.00253	0.00253
45	0.01167	0.01118	0.01611	0.01375	0.01479	0.01412	0.06985	0.01462	0.06975	0.01653	0.10867	0.08026	0.05087	0.01061	0.01402	0.00232	0.46353	0.00726	0.00369	0.00640
46	0.00720	0.00583	0.00639	0.00640	0.00809	0.00502	0.00474	0.00892	0.01380	0.01736	0.21462	0.11438	0.53816	0.01438	0.00692	0.00197	0.00294	0.01223	0.00563	0.00502
47	0.78152	0.01115	0.00888	0.00783	0.01149	0.01274	0.00645	0.01786	0.01036	0.07628	0.00911	0.01015	0.00685	0.00552	0.00375	0.00180	0.00453	0.00333	0.00384	0.00654
48	0.00801	0.00594	0.00747	0.00708	0.00855	0.00539	0.00531	0.01055	0.01594	0.02208	0.64252	0.04548	0.16941	0.01235	0.00686	0.00185	0.00278	0.01080	0.00624	0.00539
49	0.01294	0.01241	0.02133	0.34946	0.43439	0.01347	0.03896	0.01661	0.01258	0.01724	0.01071	0.01490	0.00859	0.00544	0.00581	0.00182	0.00735	0.00523	0.00276	0.00801
50	0.00875	0.00676	0.00906	0.06077	0.01169	0.00706	0.00689	0.01228	0.07219	0.01914	0.35429	0.09764	0.08105	0.01995	0.20195	0.00382	0.00657	0.00936	0.00512	0.00568
51	0.01447	0.13970	0.21402	0.05400	0.08018	0.07310	0.01358	0.10647	0.03483	0.04229	0.09568	0.02043	0.01573	0.00730	0.00566	0.00177	0.00680	0.06230	0.00386	0.00783

[dist]
# distance from previous block
# <min> <max>
0	17

[block]
# block no. 3 follows, 40 sequences, length 117
# corresponding to MSA columns:
# 297-315,317-338,341-350,363-377,396-446
name=unknown_D
#
# <colnr> <probs for GDERKNQSTAVLIFYWHMCP>
#	G	D	E	R	K	N	Q	S	T	A	V	L	I	F	Y	W	H	M	C	P
0	0.03287	0.06870	0.17534	0.01261	0.01793	0.01402	0.01216	0.27988	0.03106	0.24695	0.04017	0.01607	0.01210	0.00676	0.00563	0.00176	0.00624	0.00524	0.00528	0.00924
1	0.01697	0.01382	0.01576	0.01298	0.01677	0.04365	0.07175	0.22404	0.38235	0.05360	0.01907	0.01855	0.01411	0.00721	0.00582	0.00184	0.00565	0.00602	0.06109	0.00895
2	0.01733	0.04877	0.02023	0.08950	0.34746	0.34423	0.01453	0.01991	0.01446	0.01637	0.00993	0.01260	0.00827	0.00558	0.00546	0.00163	0.00851	0.00448	0.00289	0.00784
3	0.01381	0.01308	0.02170	0.10274	0.61418	0.01344	0.01665	0.01809	0.06270	0.01882	0.01252	0.04369	0.01073	0.00590	0.00583	0.00179	0.00670	0.00569	0.00315	0.00879
4	0.00735	0.00525	0.00705	0.00840	0.00886	0.00495	0.00586	0.00856	0.01140	0.01514	0.03190	0.70678	0.03788	0.01797	0.00749	0.00240	0.00361	0.09894	0.00539	0.00480
5	0.00777	0.00593	0.00714	0.00683	0.00841	0.00529	0.00513	0.01009	0.01538	0.02075	0.52045	0.04767	0.29232	0.01285	0.00686	0.00187	0.00281	0.01111	0.00606	0.00529
6	0.68775	0.01112	0.00953	0.00820	0.01197	0.01240	0.00676	0.03250	0.01134	0.14788	0.01066	0.01124	0.00770	0.00572	0.00401	0.00180	0.00461	0.00363	0.00423	0.00696
7	0.00844	0.00570	0.00666	0.00666	0.00676	0.00581	0.00391	0.00866	0.00855	0.01151	0.01804	0.03647	0.02045	0.71708	0.10721	0.00603	0.00668	0.00822	0.00348	0.00370
8	0.00687	0.00589	0.00589	0.00589	0.00785	0.00491	0.00442	0.00835	0.01325	0.01571	0.05891	0.05596	0.75700	0.01473	0.00687	0.00196	0.00295	0.01227	0.00540	0.00491
9	0.02026	0.01537	0.01641	0.01301	0.01733	0.01717	0.01061	0.56864	0.20167	0.03367	0.01631	0.01583	0.01179	0.00720	0.00584	0.00180	0.00596	0.00556	0.00584	0.00972
10	0.17111	0.01014	0.01261	0.00986	0.01420	0.00935	0.00814	0.02633	0.01544	0.63148	0.02029	0.01794	0.01295	0.00688	0.00545	0.00180	0.00487	0.00537	0.00655	0.00925
11	0.00798	0.00659	0.00693	0.00674	0.00862	0.00607	0.00499	0.01110	0.09310	0.01715	0.13161	0.04934	0.53604	0.07764	0.00863	0.00225	0.00332	0.01114	0.00542	0.00533
12	0.01272	0.01032	0.01213	0.00869	0.01383	0.00779	0.00697	0.01529	0.01227	0.05391	0.01093	0.01242	0.00888	0.00444	0.00438	0.00091	0.00434	0.00356	0.00362	0.79261
13	0.01285	0.01055	0.01055	0.00946	0.01206	0.06999	0.00731	0.07748	0.22687	0.05691	0.20284	0.03314	0.19566	0.01012	0.00623	0.00185	0.00434	0.00841	0.03630	0.00709
14	0.01577	0.28666	0.02435	0.05718	0.25507	0.10375	0.05661	0.01960	0.07449	0.03811	0.01115	0.01309	0.00918	0.00550	0.00508	0.00158	0.00705	0.00454	0.00312	0.00813
15	0.00744	0.00591	0.00671	0.00679	0.00844	0.00519	0.00515	0.00931	0.01397	0.01779	0.23912	0.10180	0.46819	0.01431	0.00700	0.00201	0.00311	0.06701	0.00566	0.00508
16	0.01420	0.01338	0.01385	0.21457	0.05497	0.19033	0.03120	0.04356	0.01358	0.01815	0.01309	0.01623	0.01034	0.00636	0.00566	0.00164	0.03929	0.00497	0.28819	0.00646
17	0.00743	0.00584	0.00654	0.00648	0.00813	0.00510	0.00481	0.00932	0.01411	0.01826	0.27932	0.09817	0.46491	0.01382	0.00682	0.00193	0.00290	0.01179	0.02923	0.00510
18	0.01367	0.01414	0.01321	0.01205	0.01325	0.21652	0.00924	0.04154	0.01235	0.01502	0.04096	0.09388	0.04028	0.14228	0.03460	0.00288	0.24153	0.03322	0.00356	0.00582
19	0.30388	0.01596	0.01618	0.01906	0.26031	0.16314	0.01167	0.10841	0.01446	0.02273	0.00994	0.01184	0.00794	0.00564	0.00491	0.00171	0.00671	0.00420	0.00352	0.00779
20	0.01641	0.04755	0.01789	0.05293	0.23235	0.20466	0.01249	0.07817	0.14314	0.01970	0.01320	0.01495	0.01053	0.00638	0.00610	0.00172	0.04476	0.00500	0.06401	0.00804
21	0.03026	0.01073	0.01247	0.09965	0.07469	0.03887	0.00920	0.12740	0.15037	0.02188	0.13116	0.05823	0.19195	0.00972	0.00621	0.00188	0.00494	0.00817	0.00505	0.00715
22	0.00809	0.00648	0.00758	0.00815	0.02099	0.02604	0.00594	0.00993	0.01358	0.01760	0.22199	0.25608	0.26375	0.01475	0.00710	0.00211	0.00356	0.09558	0.00554	0.00517
23	0.01548	0.01481	0.05391	0.05593	0.37571	0.09602	0.03483	0.04995	0.01415	0.08234	0.01348	0.07594	0.01161	0.00652	0.00575	0.00171	0.00682	0.00585	0.00361	0.07559
24	0.08240	0.00792	0.00982	0.00983	0.01192	0.00805	0.00812	0.01623	0.09994	0.11000	0.13920	0.09574	0.03064	0.01262	0.00692	0.00226	0.00461	0.33171	0.00566	0.00641
25	0.09155	0.00965	0.01208	0.00963	0.01342	0.00899	0.00785	0.07601	0.01663	0.49517	0.13916	0.02238	0.01993	0.00777	0.00574	0.00178	0.00456	0.00631	0.04271	0.00868
26	0.01088	0.02533	0.61643	0.01464	0.02186	0.01188	0.01826	0.01674	0.01285	0.01878	0.10164	0.01940	0.07246	0.00700	0.00579	0.00185	0.00746	0.00566	0.00315	0.00794
27	0.00810	0.00594	0.00760	0.00718	0.00861	0.00543	0.00539	0.01073	0.01616	0.02261	0.69115	0.04461	0.12045	0.01215	0.00686	0.00184	0.00276	0.01068	0.00631	0.00543
28	0.02172	0.02772	0.01648	0.01498	0.01798	0.77228	0.01124	0.02322	0.01648	0.01423	0.00899	0.01049	0.00749	0.00599	0.00524	0.00150	0.01049	0.00375	0.00300	0.00674
29	0.00844	0.00568	0.00658	0.00658	0.00666	0.00577	0.00382	0.00861	0.00853	0.01145	0.01810	0.03685	0.02062	0.73591	0.08860	0.00593	0.00643	0.00828	0.00349	0.00366
30	0.00709	0.00506	0.00675	0.00810	0.00843	0.00472	0.00540	0.00810	0.01113	0.01484	0.03205	0.79184	0.03846	0.01822	0.00742	0.00236	0.00337	0.01653	0.00540	0.00472
31	0.01084	0.00542	0.00542	0.00542	0.00678	0.00542	0.00407	0.01355	0.01220	0.02168	0.01897	0.02168	0.01491	0.00678	0.00407	0.00136	0.00271	0.00542	0.82791	0.00542
32	0.00798	0.00593	0.00743	0.00705	0.00853	0.00538	0.00529	0.01049	0.01587	0.02192	0.62806	0.04574	0.18397	0.01241	0.00686	0.00185	0.00278	0.01084	0.00622	0.00538
33	0.01272	0.01272	0.01781	0.01527	0.01527	0.01781	0.01272	0.01399	0.00891	0.01399	0.00763	0.01272	0.00763	0.01018	0.01908	0.00254	0.78499	0.00509	0.00254	0.00636
34	0.01425	0.01367	0.02335	0.06638	0.72976	0.01378	0.01778	0.01772	0.01317	0.01883	0.01091	0.01444	0.00915	0.00521	0.00576	0.00174	0.00694	0.00518	0.00287	0.00910
35	0.01596	0.01475	0.02186	0.02678	0.43456	0.04235	0.08254	0.14641	0.11452	0.02260	0.01318	0.01528	0.01038	0.00586	0.00587	0.00178	0.00691	0.00548	0.00381	0.00911
36	0.00718	0.00510	0.00672	0.00798	0.00829	0.00479	0.00527	0.00812	0.01095	0.01460	0.03112	0.74092	0.03729	0.07073	0.00892	0.00258	0.00353	0.01599	0.00527	0.00464
37	0.01098	0.01034	0.01744	0.78165	0.04005	0.01292	0.01615	0.01486	0.01163	0.01486	0.01034	0.01550	0.00775	0.00581	0.00581	0.00194	0.00775	0.00517	0.00258	0.00646
38	0.02182	0.01615	0.01729	0.01332	0.01793	0.01790	0.01098	0.71379	0.05397	0.03619	0.01432	0.01425	0.01018	0.00701	0.00582	0.00175	0.00633	0.00529	0.00582	0.00986
39	0.01410	0.01352	0.02308	0.09947	0.69786	0.01374	0.01770	0.01759	0.01310	0.01864	0.01089	0.01449	0.00909	0.00524	0.00576	0.00175	0.00698	0.00518	0.00285	0.00898
40	0.01098	0.01034	0.01744	0.78165	0.04005	0.01292	0.01615	0.01486	0.01163	0.01486	0.01034	0.01550	0.00775	0.00581	0.00581	0.00194	0.00775	0.00517	0.00258	0.00646
41	0.00709	0.00506	0.00675	0.00810	0.00843	0.00472	0.00540	0.00810	0.01113	0.01484	0.03205	0.79184	0.03846	0.01822	0.00742	0.00236	0.00337	0.01653	0.00540	0.00472
42	0.02609	0.00990	0.01350	0.01035	0.01484	0.00855	0.00855	0.02834	0.01664	0.76338	0.02294	0.01979	0.01439	0.00720	0.00585	0.00180	0.00495	0.00585	0.00720	0.00990
43	0.01206	0.01034	0.01206	0.00861	0.01378	0.00775	0.00689	0.01464	0.01206	0.01895	0.01034	0.01206	0.00861	0.00431	0.00431	0.00086	0.00431	0.00345	0.00345	0.83118
44	0.00811	0.00594	0.00761	0.00719	0.00862	0.00544	0.00540	0.01075	0.01619	0.02267	0.69666	0.04451	0.11490	0.01213	0.00686	0.00184	0.00276	0.01067	0.00632	0.00544
45	0.00709	0.00506	0.00675	0.00810	0.00843	0.00472	0.00540	0.00810	0.01113	0.01484	0.03205	0.79184	0.03846	0.01822	0.00742	0.00236	0.00337	0.01653	0.00540	0.00472
46	0.00698	0.00590	0.00604	0.00600	0.00792	0.00496	0.00450	0.00855	0.01351	0.01631	0.11429	0.05497	0.70123	0.01450	0.00687	0.00195	0.00293	0.01213	0.00548	0.00496
47	0.01439	0.01382	0.02360	0.03569	0.75936	0.01382	0.01785	0.01785	0.01324	0.01900	0.01094	0.01439	0.00921	0.00518	0.00576	0.00173	0.00691	0.00518	0.00288	0.00921
48	0.01166	0.03008	0.76550	0.01657	0.02517	0.01351	0.02149	0.01842	0.01228	0.01842	0.01044	0.01228	0.00737	0.00552	0.00552	0.00184	0.00859	0.00430	0.00246	0.00859
49	0.00711	0.00583	0.00626	0.00631	0.00804	0.00498	0.00467	0.00874	0.01358	0.01684	0.16706	0.11690	0.58437	0.01458	0.00692	0.00198	0.00295	0.01236	0.00556	0.00498
50	0.01446	0.01249	0.01315	0.01183	0.01512	0.01446	0.00920	0.03090	0.74885	0.02433	0.02367	0.02170	0.01775	0.00789	0.00592	0.00197	0.00460	0.00657	0.00592	0.00920
51	0.01098	0.01034	0.01744	0.78165	0.04005	0.01292	0.01615	0.01486	0.01163	0.01486	0.01034	0.01550	0.00775	0.00581	0.00581	0.00194	0.00775	0.00517	0.00258	0.00646
52	0.01098	0.01034	0.01744	0.78165	0.04005	0.01292	0.01615	0.01486	0.01163	0.01486	0.01034	0.01550	0.00775	0.00581	0.00581	0.00194	0.00775	0.00517	0.00258	0.00646
53	0.00748	0.00591	0.00674	0.00653	0.00823	0.00517	0.00490	0.00952	0.01469	0.01912	0.37175	0.05035	0.44202	0.01345	0.00687	0.00190	0.00285	0.01149	0.00585	0.00517
54	0.01961	0.02430	0.01667	0.16566	0.02232	0.62304	0.01220	0.02158	0.01553	0.01436	0.00925	0.01147	0.00754	0.00596	0.00536	0.00158	0.00995	0.00402	0.00292	0.00669
55	0.00811	0.00539	0.00695	0.04342	0.00953	0.00526	0.00560	0.00964	0.01140	0.01638	0.02810	0.58240	0.03173	0.01507	0.00659	0.00212	0.00343	0.01350	0.19043	0.00496
56	0.01246	0.08588	0.32657	0.13954	0.09742	0.01312	0.04652	0.04068	0.01277	0.01864	0.01185	0.01451	0.00901	0.00572	0.00527	0.00172	0.00709	0.00475	0.13878	0.00770
57	0.30145	0.05494	0.01522	0.01433	0.10223	0.28975	0.01013	0.08563	0.01461	0.04875	0.00984	0.01119	0.00776	0.00578	0.00474	0.00165	0.00723	0.00389	0.00358	0.00732
58	0.00719	0.00593	0.00633	0.00632	0.00817	0.00508	0.00480	0.00891	0.01376	0.01696	0.16541	0.05445	0.61675	0.01435	0.00692	0.00197	0.00302	0.04310	0.00555	0.00502
59	0.00978	0.00517	0.00733	0.00733	0.00733	0.00517	0.00475	0.00775	0.00775	0.01033	0.01172	0.02168	0.01227	0.17260	0.02408	0.66863	0.00517	0.00572	0.00272	0.00272
60	0.01364	0.01543	0.03290	0.02372	0.02910	0.01497	0.67621	0.01823	0.01331	0.01823	0.01141	0.01543	0.00872	0.00535	0.00791	0.00201	0.07608	0.00671	0.00291	0.00772
61	0.02562	0.01065	0.01396	0.01070	0.01522	0.00966	0.00884	0.11168	0.01790	0.67827	0.02189	0.01911	0.01387	0.00717	0.00584	0.00179	0.00512	0.00578	0.00704	0.00990
62	0.00737	0.00584	0.00662	0.00658	0.00820	0.00510	0.00488	0.00924	0.01419	0.01829	0.30028	0.11450	0.45023	0.01403	0.00691	0.00195	0.00291	0.01202	0.00575	0.00510
63	0.00831	0.00623	0.00935	0.00935	0.01038	0.00727	0.00727	0.01038	0.00935	0.01350	0.01558	0.02285	0.01454	0.04361	0.77259	0.00935	0.01558	0.00623	0.00312	0.00519
64	0.01446	0.01249	0.01315	0.01183	0.01512	0.01446	0.00920	0.03090	0.74885	0.02433	0.02367	0.02170	0.01775	0.00789	0.00592	0.00197	0.00460	0.00657	0.00592	0.00920
65	0.02309	0.00902	0.01191	0.00938	0.01326	0.00793	0.00767	0.02543	0.01577	0.61761	0.02216	0.02016	0.01450	0.00711	0.00550	0.00171	0.00451	0.00576	0.16850	0.00902
66	0.79906	0.01118	0.00878	0.00777	0.01141	0.01284	0.00640	0.01762	0.01021	0.06033	0.00879	0.00993	0.00667	0.00548	0.00370	0.00180	0.00452	0.00327	0.00377	0.00646
67	0.00999	0.00766	0.01076	0.01274	0.15633	0.00715	0.00783	0.01258	0.01517	0.05525	0.42996	0.03925	0.19079	0.01095	0.00660	0.00184	0.00371	0.00962	0.00554	0.00630
68	0.01039	0.07155	0.01097	0.00918	0.01077	0.09731	0.00710	0.01232	0.01244	0.01611	0.19651	0.06593	0.05307	0.08922	0.27320	0.00474	0.00877	0.04079	0.00418	0.00546
69	0.00699	0.00542	0.00637	0.00713	0.00818	0.00480	0.00497	0.00821	0.01206	0.01522	0.04381	0.46978	0.35293	0.01669	0.00718	0.00219	0.00319	0.01467	0.00540	0.00480
70	0.01253	0.01076	0.01227	0.00925	0.01404	0.00907	0.00735	0.01784	0.15686	0.02001	0.01296	0.01395	0.01041	0.00501	0.00462	0.00108	0.00436	0.00406	0.00393	0.66963
71	0.01344	0.01244	0.01962	0.15416	0.45009	0.01321	0.01538	0.01916	0.14124	0.01911	0.01463	0.01992	0.01238	0.00662	0.00598	0.00188	0.00652	0.06221	0.00356	0.00844
72	0.01206	0.01034	0.01206	0.00861	0.01378	0.00775	0.00689	0.01464	0.01206	0.01895	0.01034	0.01206	0.00861	0.00431	0.00431	0.00086	0.00431	0.00345	0.00345	0.83118
73	0.00782	0.00584	0.00689	0.00672	0.00797	0.00531	0.00478	0.00958	0.01373	0.01835	0.37481	0.07341	0.25914	0.16701	0.01135	0.00264	0.00340	0.01086	0.00550	0.00490
74	0.02182	0.01275	0.01478	0.01177	0.01602	0.01330	0.00958	0.27503	0.20270	0.32804	0.02002	0.01825	0.01367	0.00729	0.00585	0.00182	0.00536	0.00582	0.00640	0.00972
75	0.01494	0.29119	0.06283	0.01332	0.06636	0.01595	0.06970	0.04688	0.16665	0.07755	0.01930	0.01939	0.09825	0.00701	0.00529	0.00167	0.00588	0.00571	0.00410	0.00802
76	0.11284	0.00765	0.00858	0.00738	0.01009	0.00739	0.00588	0.01908	0.01346	0.27865	0.01907	0.01959	0.01372	0.00676	0.00463	0.00156	0.00369	0.00530	0.44760	0.00707
77	0.01161	0.01101	0.01828	0.63136	0.03636	0.01324	0.07268	0.01704	0.09814	0.01627	0.01201	0.01624	0.00901	0.00598	0.00591	0.00194	0.00755	0.00547	0.00300	0.00689
78	0.00831	0.00623	0.00935	0.00935	0.01038	0.00727	0.00727	0.01038	0.00935	0.01350	0.01558	0.02285	0.01454	0.04361	0.77259	0.00935	0.01558	0.00623	0.00312	0.00519
79	0.00934	0.00549	0.00800	0.00800	0.00833	0.00582	0.00558	0.00857	0.00824	0.01131	0.01278	0.02164	0.01277	0.11603	0.26140	0.47613	0.00846	0.00581	0.00283	0.00349
80	0.01272	0.01272	0.01781	0.01527	0.01527	0.01781	0.01272	0.01399	0.00891	0.01399	0.00763	0.01272	0.00763	0.01018	0.01908	0.00254	0.78499	0.00509	0.00254	0.00636
81	0.01098	0.01034	0.01744	0.78165	0.04005	0.01292	0.01615	0.01486	0.01163	0.01486	0.01034	0.01550	0.00775	0.00581	0.00581	0.00194	0.00775	0.00517	0.00258	0.00646
82	0.01751	0.01346	0.01461	0.01147	0.01570	0.01412	0.00930	0.42658	0.11557	0.02961	0.05042	0.01896	0.06731	0.00738	0.00567	0.00163	0.00536	0.00582	0.00538	0.16414
83	0.00718	0.00558	0.00658	0.00730	0.00848	0.00498	0.00528	0.00855	0.01231	0.01546	0.04438	0.38913	0.37063	0.01642	0.00722	0.00220	0.00334	0.07472	0.00540	0.00486
84	0.02056	0.17320	0.01912	0.01403	0.01740	0.63097	0.01099	0.02213	0.01560	0.01413	0.00882	0.01027	0.00749	0.00580	0.00496	0.00145	0.00968	0.00363	0.00290	0.00688
85	0.00874	0.00688	0.00826	0.00726	0.00960	0.00584	0.00554	0.01115	0.01475	0.02058	0.43081	0.03959	0.20988	0.01091	0.00631	0.00165	0.00313	0.00940	0.00553	0.18418
86	0.01495	0.01303	0.02193	0.13094	0.60177	0.01325	0.01683	0.01835	0.01332	0.08210	0.01189	0.01500	0.00946	0.00544	0.00577	0.00176	0.00685	0.00524	0.00321	0.00891
87	0.01385	0.01327	0.02263	0.15349	0.64576	0.01368	0.01758	0.01737	0.01299	0.01834	0.01084	0.01457	0.00898	0.00528	0.00577	0.00176	0.00704	0.00518	0.00283	0.00878
88	0.00709	0.00506	0.00675	0.00810	0.00843	0.00472	0.00540	0.00810	0.01113	0.01484	0.03205	0.79184	0.03846	0.01822	0.00742	0.00236	0.00337	0.01653	0.00540	0.00472
89	0.00738	0.00584	0.00678	0.00681	0.00835	0.00523	0.00505	0.00919	0.01357	0.01750	0.24175	0.13611	0.42317	0.01666	0.06774	0.00256	0.00394	0.01181	0.00549	0.00507
90	0.01519	0.14499	0.41353	0.01472	0.02140	0.04859	0.04316	0.10524	0.04913	0.07321	0.01199	0.01305	0.00873	0.00584	0.00536	0.00173	0.00765	0.00451	0.00340	0.00858
91	0.01177	0.00769	0.00886	0.00794	0.01041	0.00722	0.00616	0.04024	0.10127	0.14146	0.22608	0.04138	0.34339	0.01170	0.00655	0.00190	0.00353	0.00986	0.00603	0.00655
92	0.67346	0.01132	0.01110	0.12524	0.01649	0.01310	0.04215	0.01683	0.01034	0.02405	0.00861	0.01065	0.00664	0.00544	0.00409	0.00183	0.00524	0.00363	0.00341	0.00639
93	0.00846	0.00564	0.00634	0.00634	0.00634	0.00564	0.00352	0.00846	0.00846	0.01128	0.01832	0.03805	0.02114	0.79563	0.02960	0.00564	0.00564	0.00846	0.00352	0.00352
94	0.01997	0.01489	0.01590	0.01243	0.01671	0.01633	0.01019	0.62135	0.05920	0.03362	0.01968	0.01924	0.09775	0.00793	0.00595	0.00178	0.00591	0.00612	0.00577	0.00927
95	0.34320	0.01284	0.01398	0.01118	0.01520	0.01402	0.06617	0.25649	0.05131	0.09148	0.01299	0.01392	0.00955	0.01871	0.00532	0.00184	0.00552	0.00471	0.04359	0.00796
96	0.00722	0.00533	0.00676	0.00761	0.00838	0.00487	0.00525	0.00857	0.01228	0.01625	0.14399	0.55820	0.16060	0.01670	0.00725	0.00222	0.00321	0.01493	0.00555	0.00487
97	0.23399	0.01740	0.01379	0.07743	0.01738	0.27558	0.00966	0.09832	0.07315	0.02120	0.01073	0.01209	0.00841	0.00588	0.00486	0.00161	0.00704	0.00406	0.00371	0.10369
98	0.01584	0.01560	0.09831	0.18443	0.08286	0.07748	0.03400	0.12366	0.11792	0.08430	0.01366	0.01531	0.01016	0.00640	0.00630	0.00180	0.04307	0.00516	0.00401	0.05972
99	0.08369	0.01383	0.01649	0.56480	0.03325	0.16217	0.01434	0.01669	0.01243	0.01570	0.00988	0.01400	0.00758	0.00581	0.00551	0.00184	0.00801	0.00472	0.00275	0.00650
100	0.00878	0.00813	0.07311	0.01031	0.01192	0.00659	0.00903	0.01123	0.01251	0.01661	0.02949	0.31214	0.03296	0.01591	0.00761	0.00250	0.00495	0.41570	0.00512	0.00541
101	0.01512	0.01282	0.01352	0.01197	0.01537	0.01477	0.00936	0.09152	0.68716	0.02538	0.02284	0.02103	0.01708	0.00781	0.00591	0.00195	0.00476	0.00646	0.00591	0.00926
102	0.00803	0.00626	0.00750	0.00812	0.00980	0.00574	0.00671	0.01006	0.01332	0.01649	0.04588	0.06043	0.42170	0.01535	0.00741	0.00229	0.00406	0.34034	0.00538	0.00512
103	0.02121	0.01747	0.08141	0.01365	0.01864	0.01765	0.01194	0.67828	0.02605	0.03509	0.01366	0.01382	0.00967	0.00686	0.00579	0.00175	0.00659	0.00516	0.00553	0.00978
104	0.01228	0.01259	0.08110	0.59760	0.03516	0.01334	0.01576	0.09998	0.01359	0.01781	0.01153	0.01691	0.00893	0.00631	0.00587	0.00193	0.00758	0.03169	0.00305	0.00700
105	0.02301	0.00991	0.01292	0.01028	0.01423	0.00906	0.00833	0.10400	0.01706	0.57563	0.02291	0.10962	0.01673	0.00845	0.00598	0.00185	0.00486	0.00702	0.02895	0.00917
106	0.00829	0.00749	0.01025	0.01032	0.07429	0.00664	0.07421	0.01038	0.01361	0.01701	0.11907	0.04741	0.55405	0.01271	0.00678	0.00193	0.00391	0.01099	0.00505	0.00561
107	0.01359	0.01300	0.02216	0.21103	0.59029	0.01361	0.01745	0.01714	0.01286	0.01803	0.01080	0.01465	0.00887	0.00533	0.00577	0.00178	0.00711	0.00518	0.00281	0.00856
108	0.00782	0.00606	0.00837	0.01029	0.07278	0.00583	0.00654	0.00923	0.01140	0.01516	0.03212	0.53108	0.13493	0.01958	0.09682	0.00307	0.00504	0.01375	0.00492	0.00519
109	0.01035	0.00729	0.01063	0.01007	0.01126	0.00858	0.00795	0.01231	0.00990	0.07763	0.01533	0.02169	0.01384	0.05094	0.60460	0.00783	0.10459	0.00611	0.00341	0.00570
110	0.01270	0.01231	0.02157	0.39221	0.35233	0.01346	0.07862	0.01648	0.01251	0.01698	0.01072	0.01504	0.00848	0.00546	0.00588	0.00185	0.00756	0.00532	0.00274	0.00778
111	0.00756	0.00574	0.00696	0.00704	0.00837	0.00514	0.00513	0.00953	0.01431	0.01911	0.38148	0.20908	0.27113	0.01415	0.00698	0.00199	0.00294	0.01237	0.00587	0.00514
112	0.01442	0.23853	0.05296	0.03515	0.09683	0.10523	0.01039	0.01699	0.01265	0.01674	0.00960	0.01145	0.00813	0.00489	0.00451	0.00122	0.00617	0.00366	0.00299	0.34747
113	0.01656	0.42916	0.16124	0.01152	0.01689	0.01809	0.01183	0.10773	0.01461	0.10753	0.04615	0.01330	0.01080	0.00591	0.00472	0.00151	0.00636	0.00427	0.00364	0.00817
114	0.01396	0.16897	0.14060	0.01154	0.01567	0.01449	0.01095	0.07453	0.18895	0.06106	0.04844	0.02204	0.12149	0.00816	0.00671	0.00182	0.07215	0.00622	0.00439	0.00785
115	0.01077	0.01019	0.03945	0.01263	0.09922	0.04437	0.00863	0.01334	0.04592	0.01666	0.04668	0.28577	0.02204	0.07791	0.00915	0.00218	0.06681	0.00919	0.00416	0.17494
116	0.01800	0.09231	0.01678	0.10288	0.01906	0.35552	0.01080	0.09904	0.07911	0.03986	0.07065	0.01524	0.01266	0.00659	0.00540	0.00160	0.00782	0.00484	0.00386	0.03798

[dist]
# distance from previous block
# <min> <max>
0	1

[block]
# block no. 4 follows, 40 sequences, length 22
# corresponding to MSA columns:
# 448-469
name=unknown_E
#
# <colnr> <probs for GDERKNQSTAVLIFYWHMCP>
#	G	D	E	R	K	N	Q	S	T	A	V	L	I	F	Y	W	H	M	C	P
0	0.01401	0.01423	0.09436	0.01894	0.25663	0.03974	0.01243	0.08362	0.07969	0.03968	0.06437	0.01892	0.04440	0.03682	0.00651	0.00177	0.00595	0.00564	0.00395	0.15833
1	0.39554	0.01841	0.08987	0.01122	0.01502	0.26077	0.00966	0.04661	0.01322	0.02135	0.04019	0.01205	0.00919	0.00703	0.02658	0.00192	0.00720	0.00394	0.00347	0.00675
2	0.00804	0.00570	0.00731	0.00824	0.00887	0.00550	0.00596	0.00928	0.01122	0.01471	0.02993	0.36147	0.07629	0.21014	0.01305	0.00324	0.00445	0.20705	0.00492	0.00461
3	0.01098	0.01034	0.01744	0.78165	0.04005	0.01292	0.01615	0.01486	0.01163	0.01486	0.01034	0.01550	0.00775	0.00581	0.00581	0.00194	0.00775	0.00517	0.00258	0.00646
4	0.01094	0.00992	0.03728	0.01101	0.07505	0.00766	0.00791	0.01333	0.01192	0.01786	0.01605	0.21566	0.01641	0.00805	0.00528	0.00136	0.00443	0.00703	0.00387	0.51896
5	0.01499	0.00869	0.01139	0.01096	0.01348	0.00859	0.00939	0.10912	0.01595	0.19781	0.02676	0.04806	0.02590	0.01279	0.00723	0.00235	0.00539	0.45828	0.00585	0.00702
6	0.01277	0.01663	0.20206	0.05235	0.31560	0.01278	0.06938	0.01857	0.09928	0.01985	0.10776	0.01859	0.01552	0.00644	0.00594	0.00182	0.00676	0.00594	0.00357	0.00838
7	0.04000	0.11540	0.12514	0.05409	0.34084	0.01351	0.03903	0.01657	0.01265	0.01798	0.01473	0.01694	0.07674	0.00601	0.00539	0.00164	0.00649	0.00526	0.00307	0.08851
8	0.01534	0.08740	0.09863	0.05650	0.46877	0.01527	0.01633	0.13477	0.01524	0.02115	0.01109	0.01369	0.00892	0.00551	0.00556	0.00171	0.00697	0.00491	0.00326	0.00899
9	0.01555	0.79913	0.03047	0.00995	0.01493	0.02301	0.00995	0.01741	0.01182	0.01368	0.00808	0.00933	0.00746	0.00498	0.00373	0.00124	0.00622	0.00311	0.00249	0.00746
10	0.01245	0.00693	0.00880	0.00777	0.01006	0.00613	0.00602	0.01479	0.01579	0.20908	0.41513	0.04024	0.20108	0.01133	0.00661	0.00185	0.00335	0.00973	0.00638	0.00648
11	0.01430	0.25540	0.19100	0.01128	0.01678	0.01435	0.01149	0.07131	0.01340	0.06333	0.01216	0.06386	0.01041	0.00609	0.00483	0.00143	0.00601	0.00469	0.00346	0.22443
12	0.24434	0.01489	0.01995	0.01532	0.01956	0.05898	0.22952	0.19942	0.01592	0.04511	0.01110	0.01309	0.00837	0.00613	0.00661	0.00188	0.07302	0.00507	0.00393	0.00780
13	0.00756	0.00577	0.00697	0.00714	0.00849	0.00517	0.00527	0.00948	0.01405	0.01856	0.32315	0.21030	0.29600	0.01444	0.00704	0.00203	0.00307	0.04461	0.00579	0.00511
14	0.01171	0.01084	0.01582	0.01355	0.01469	0.01344	0.08836	0.01490	0.08321	0.01599	0.01462	0.11990	0.01441	0.05686	0.04228	0.00275	0.39185	0.00721	0.06131	0.00631
15	0.01380	0.01429	0.05360	0.06045	0.59314	0.03053	0.06054	0.01733	0.01324	0.01848	0.01391	0.01694	0.05592	0.00582	0.00587	0.00176	0.00702	0.00566	0.00301	0.00867
16	0.00709	0.00506	0.00675	0.00810	0.00843	0.00472	0.00540	0.00810	0.01113	0.01484	0.03205	0.79184	0.03846	0.01822	0.00742	0.00236	0.00337	0.01653	0.00540	0.00472
17	0.00739	0.00523	0.00685	0.00802	0.00837	0.00495	0.00539	0.00837	0.01092	0.01453	0.03021	0.65286	0.03594	0.11812	0.01031	0.00280	0.00378	0.05618	0.00515	0.00461
18	0.05908	0.03314	0.18042	0.04155	0.07734	0.23343	0.01342	0.13602	0.08151	0.02096	0.01258	0.01504	0.00994	0.00647	0.00547	0.00174	0.00775	0.02891	0.02730	0.00796
19	0.01895	0.07305	0.12343	0.01565	0.06800	0.33307	0.01284	0.18927	0.07372	0.02109	0.01154	0.01259	0.00893	0.00618	0.00540	0.00164	0.00831	0.00444	0.00376	0.00813
20	0.05917	0.00760	0.01069	0.01021	0.01124	0.00935	0.00810	0.01138	0.00931	0.01434	0.01382	0.02037	0.01291	0.03582	0.60247	0.00777	0.14109	0.00586	0.00305	0.00545
21	0.00834	0.00608	0.00778	0.00839	0.00888	0.00621	0.00572	0.04173	0.01118	0.01506	0.02678	0.54381	0.03140	0.16507	0.04697	0.00328	0.04016	0.01350	0.00483	0.00483

[dist]
# distance from previous block
# <min> <max>
0	41

[block]
# block no. 5 follows, 40 sequences, length 33
# corresponding to MSA columns:
# 511-543
name=unknown_F
#
# <colnr> <probs for GDERKNQSTAVLIFYWHMCP>
#	G	D	E	R	K	N	Q	S	T	A	V	L	I	F	Y	W	H	M	C	P
0	0.01484	0.18744	0.13720	0.08697	0.13881	0.07234	0.10439	0.07432	0.04723	0.01859	0.01092	0.01310	0.00864	0.00548	0.00531	0.00163	0.00742	0.00466	0.00312	0.05759
1	0.01672	0.01672	0.03541	0.02504	0.31659	0.12907	0.17859	0.11220	0.01562	0.05102	0.01159	0.01417	0.00908	0.00575	0.00643	0.00178	0.03688	0.00536	0.00345	0.00853
2	0.00804	0.00579	0.00714	0.00726	0.00789	0.00589	0.00487	0.00894	0.00971	0.01292	0.02524	0.10607	0.13717	0.39268	0.22947	0.00578	0.00775	0.00919	0.00388	0.00431
3	0.01506	0.01620	0.01829	0.02425	0.40825	0.22466	0.01347	0.01763	0.01426	0.01729	0.04274	0.02081	0.12806	0.00714	0.00583	0.00170	0.00715	0.00607	0.00343	0.00772
4	0.00708	0.00542	0.00649	0.00724	0.00824	0.00484	0.00504	0.00836	0.01224	0.01567	0.08548	0.47572	0.30420	0.01655	0.00719	0.00218	0.00318	0.01460	0.00546	0.00484
5	0.01019	0.00899	0.01290	0.01179	0.01240	0.01170	0.00953	0.01195	0.00942	0.01408	0.03970	0.01930	0.01309	0.02818	0.42298	0.00617	0.34304	0.00590	0.00299	0.00570
6	0.01559	0.01123	0.01862	0.01405	0.01831	0.01041	0.24782	0.02028	0.08784	0.18981	0.07385	0.01967	0.01532	0.00643	0.00583	0.00169	0.00596	0.00624	0.11290	0.11816
