[name]
unknown

[dist]
# distance from previous block
# <min> <max>
0	165

[block]
# block no. 0 follows, 39 sequences, length 144
# corresponding to MSA columns:
# 165-250,257-314
name=unknown_A
#
# <colnr> <probs for GDERKNQSTAVLIFYWHMCP>
#	G	D	E	R	K	N	Q	S	T	A	V	L	I	F	Y	W	H	M	C	P
0	0.01187	0.01681	0.27715	0.01355	0.01888	0.01018	0.11987	0.01601	0.01341	0.07840	0.02703	0.02997	0.21649	0.00898	0.00634	0.00192	0.00649	0.06057	0.00408	0.06199
1	0.01242	0.13907	0.65795	0.01590	0.02412	0.01510	0.02019	0.01858	0.01242	0.01805	0.01027	0.01206	0.00751	0.00554	0.00536	0.00179	0.00840	0.00420	0.00250	0.00858
2	0.00823	0.00621	0.00763	0.00731	0.00886	0.00572	0.00547	0.01112	0.03944	0.02173	0.55019	0.07781	0.20264	0.01285	0.00697	0.00192	0.00292	0.01121	0.00623	0.00554
3	0.01669	0.01398	0.01909	0.02269	0.33608	0.01496	0.01356	0.27827	0.04087	0.02551	0.01634	0.01800	0.06590	0.00714	0.00682	0.00183	0.05786	0.00588	0.02957	0.00898
4	0.01493	0.62480	0.19418	0.01162	0.01751	0.02124	0.01274	0.01794	0.01212	0.01499	0.00876	0.01016	0.00757	0.00518	0.00420	0.00140	0.00686	0.00343	0.00252	0.00785
5	0.00764	0.00593	0.00679	0.00671	0.00821	0.00526	0.00489	0.00946	0.01413	0.01839	0.30899	0.10030	0.38876	0.07758	0.00891	0.00228	0.00317	0.01180	0.00571	0.00508
6	0.01446	0.01554	0.02548	0.01920	0.02378	0.10245	0.42556	0.04204	0.11051	0.02043	0.12132	0.02019	0.01687	0.00661	0.00663	0.00191	0.00821	0.00706	0.00400	0.00774
7	0.01373	0.01294	0.02167	0.28597	0.48870	0.01389	0.01733	0.04174	0.01340	0.01851	0.01102	0.01500	0.00889	0.00555	0.00588	0.00183	0.00730	0.00527	0.00293	0.00845
8	0.00724	0.00581	0.00647	0.00671	0.00825	0.00504	0.00488	0.00883	0.01348	0.01693	0.15669	0.21840	0.48984	0.01534	0.00711	0.00207	0.00306	0.01318	0.00564	0.00504
9	0.01186	0.03059	0.76153	0.01686	0.02560	0.01373	0.02185	0.01873	0.01249	0.01873	0.01061	0.01249	0.00749	0.00562	0.00562	0.00187	0.00874	0.00437	0.00250	0.00874
10	0.01117	0.01051	0.01774	0.77795	0.04073	0.01314	0.01642	0.01511	0.01182	0.01511	0.01051	0.01577	0.00788	0.00591	0.00591	0.00197	0.00788	0.00526	0.00263	0.00657
11	0.00728	0.00600	0.00639	0.00629	0.00817	0.00512	0.00472	0.00905	0.01416	0.01759	0.20474	0.05425	0.60704	0.01437	0.00699	0.00197	0.00295	0.01211	0.00570	0.00512
12	0.65290	0.01162	0.01012	0.00862	0.01250	0.01297	0.00711	0.07312	0.01242	0.13625	0.01093	0.01152	0.00790	0.00588	0.00417	0.00183	0.00479	0.00377	0.00437	0.00722
13	0.02024	0.00914	0.01156	0.00938	0.01315	0.00812	0.00758	0.02339	0.07072	0.49853	0.03350	0.03045	0.21904	0.00949	0.00624	0.00189	0.00444	0.00781	0.00672	0.00861
14	0.01294	0.01294	0.01811	0.01553	0.01553	0.01811	0.01294	0.01423	0.00906	0.01423	0.00776	0.01294	0.00776	0.01035	0.01941	0.00259	0.78134	0.00518	0.00259	0.00647
15	0.02248	0.01656	0.01775	0.01361	0.01834	0.01834	0.01124	0.73556	0.02780	0.03727	0.01420	0.01420	0.01006	0.00710	0.00592	0.00177	0.00651	0.00532	0.00592	0.01006
16	0.01294	0.01294	0.01811	0.01553	0.01553	0.01811	0.01294	0.01423	0.00906	0.01423	0.00776	0.01294	0.00776	0.01035	0.01941	0.00259	0.78134	0.00518	0.00259	0.00647
17	0.00699	0.00599	0.00599	0.00599	0.00799	0.00499	0.00449	0.00849	0.01348	0.01598	0.05991	0.05691	0.75288	0.01498	0.00699	0.00200	0.00300	0.01248	0.00549	0.00499
18	0.01178	0.01099	0.01778	0.64701	0.09200	0.01336	0.01586	0.01694	0.08384	0.01637	0.01189	0.01630	0.00899	0.00607	0.00592	0.00196	0.00750	0.00540	0.00298	0.00705
19	0.83394	0.01144	0.00869	0.00778	0.01144	0.01327	0.00640	0.01738	0.01006	0.02653	0.00823	0.00961	0.00640	0.00549	0.00366	0.00183	0.00457	0.00320	0.00366	0.00640
20	0.00721	0.00515	0.00686	0.00823	0.00858	0.00480	0.00549	0.00823	0.01132	0.01510	0.03259	0.78831	0.03911	0.01853	0.00755	0.00240	0.00343	0.01681	0.00549	0.00480
21	0.83394	0.01144	0.00869	0.00778	0.01144	0.01327	0.00640	0.01738	0.01006	0.02653	0.00823	0.00961	0.00640	0.00549	0.00366	0.00183	0.00457	0.00320	0.00366	0.00640
22	0.00742	0.00531	0.00706	0.00809	0.00863	0.00495	0.00551	0.00878	0.01233	0.01670	0.16608	0.65027	0.04221	0.01733	0.00744	0.00230	0.00331	0.01568	0.00568	0.00495
23	0.01829	0.29484	0.02104	0.01275	0.01657	0.34419	0.01052	0.02322	0.17169	0.01649	0.01203	0.01270	0.00985	0.00615	0.00494	0.00154	0.00785	0.00420	0.00350	0.00765
24	0.07682	0.55717	0.17372	0.01140	0.01708	0.02054	0.01221	0.04351	0.01253	0.01665	0.00891	0.01026	0.00757	0.00528	0.00422	0.00145	0.00668	0.00348	0.00273	0.00782
25	0.01755	0.01195	0.01215	0.06846	0.04107	0.14082	0.00865	0.04092	0.01461	0.21712	0.01701	0.01833	0.01255	0.00814	0.03187	0.00191	0.03111	0.00532	0.29312	0.00734
26	0.00721	0.00515	0.00686	0.00823	0.00858	0.00480	0.00549	0.00823	0.01132	0.01510	0.03259	0.78831	0.03911	0.01853	0.00755	0.00240	0.00343	0.01681	0.00549	0.00480
27	0.01646	0.35859	0.13109	0.01458	0.01975	0.20107	0.11962	0.01994	0.03852	0.01585	0.00988	0.01159	0.00814	0.00548	0.00498	0.00155	0.00820	0.00418	0.00284	0.00769
28	0.01749	0.00934	0.01180	0.00913	0.01329	0.00769	0.00734	0.01991	0.01501	0.34018	0.12563	0.02358	0.07400	0.00755	0.00563	0.00151	0.00433	0.00626	0.00573	0.29458
29	0.01223	0.04240	0.12964	0.46353	0.18075	0.01384	0.04206	0.01648	0.01233	0.01658	0.01062	0.01484	0.00815	0.00568	0.00582	0.00189	0.00785	0.00511	0.00268	0.00754
30	0.01039	0.00913	0.01220	0.01392	0.12182	0.06564	0.00929	0.01267	0.01064	0.01462	0.01464	0.02101	0.01344	0.03567	0.59792	0.00775	0.01414	0.00599	0.00312	0.00601
31	0.01422	0.01063	0.04037	0.01129	0.01409	0.01046	0.11154	0.12254	0.03611	0.07719	0.01674	0.02138	0.01373	0.12361	0.00995	0.00232	0.05798	0.00616	0.29280	0.00689
32	0.07573	0.01557	0.01667	0.01426	0.06771	0.07213	0.01088	0.43806	0.02256	0.18474	0.01513	0.01490	0.01055	0.00684	0.00573	0.00177	0.00642	0.00520	0.00564	0.00953
33	0.01359	0.35150	0.28660	0.01449	0.02070	0.01741	0.12145	0.01776	0.01283	0.01709	0.06559	0.01411	0.01139	0.00577	0.00515	0.00163	0.00745	0.00472	0.00289	0.00790
34	0.83394	0.01144	0.00869	0.00778	0.01144	0.01327	0.00640	0.01738	0.01006	0.02653	0.00823	0.00961	0.00640	0.00549	0.00366	0.00183	0.00457	0.00320	0.00366	0.00640
35	0.00871	0.00622	0.00859	0.00996	0.01096	0.00610	0.00811	0.01084	0.01281	0.01678	0.03176	0.32054	0.03582	0.01711	0.00795	0.00261	0.00474	0.46971	0.00546	0.00522
36	0.00774	0.00602	0.00704	0.00678	0.00845	0.00531	0.00509	0.00995	0.01526	0.02020	0.43808	0.04995	0.37207	0.01340	0.00698	0.00192	0.00288	0.01151	0.00605	0.00531
37	0.83394	0.01144	0.00869	0.00778	0.01144	0.01327	0.00640	0.01738	0.01006	0.02653	0.00823	0.00961	0.00640	0.00549	0.00366	0.00183	0.00457	0.00320	0.00366	0.00640
38	0.01396	0.01595	0.03490	0.02493	0.03091	0.01496	0.73380	0.01894	0.01396	0.01894	0.01196	0.01595	0.00897	0.00499	0.00698	0.00199	0.00997	0.00698	0.00299	0.00798
39	0.01069	0.01021	0.06830	0.01397	0.12285	0.00850	0.01036	0.01423	0.03985	0.01939	0.14864	0.06584	0.05251	0.01111	0.00673	0.00203	0.00513	0.25618	0.00477	0.12869
40	0.01603	0.10666	0.04537	0.01577	0.02001	0.01584	0.21052	0.26872	0.01779	0.02386	0.01501	0.12867	0.01352	0.00817	0.00721	0.00193	0.06535	0.00719	0.00429	0.00810
41	0.08026	0.01016	0.01339	0.01034	0.01485	0.00900	0.00854	0.02806	0.01647	0.71061	0.02233	0.01943	0.01409	0.00720	0.00579	0.00183	0.00500	0.00576	0.00708	0.00982
42	0.01117	0.01051	0.01774	0.77795	0.04073	0.01314	0.01642	0.01511	0.01182	0.01511	0.01051	0.01577	0.00788	0.00591	0.00591	0.00197	0.00788	0.00526	0.00263	0.00657
43	0.01330	0.01268	0.02158	0.32311	0.47895	0.01370	0.01748	0.01697	0.01283	0.01769	0.01089	0.01507	0.00879	0.00552	0.00588	0.00184	0.00736	0.00526	0.00281	0.00829
44	0.02653	0.01006	0.01372	0.01052	0.01510	0.00869	0.00869	0.02882	0.01693	0.75937	0.02333	0.02013	0.01464	0.00732	0.00595	0.00183	0.00503	0.00595	0.00732	0.01006
45	0.02653	0.01006	0.01372	0.01052	0.01510	0.00869	0.00869	0.02882	0.01693	0.75937	0.02333	0.02013	0.01464	0.00732	0.00595	0.00183	0.00503	0.00595	0.00732	0.01006
46	0.68327	0.01148	0.01040	0.01023	0.06780	0.01282	0.00754	0.01870	0.01108	0.10680	0.01012	0.01115	0.00754	0.00567	0.00408	0.00182	0.00481	0.00366	0.00401	0.00703
47	0.00724	0.00575	0.00650	0.00684	0.00827	0.00502	0.00493	0.00877	0.01329	0.01675	0.14457	0.26829	0.45166	0.01563	0.00715	0.00210	0.00309	0.01350	0.00563	0.00502
48	0.00806	0.00603	0.00748	0.00712	0.00865	0.00545	0.00534	0.01056	0.01601	0.02199	0.59752	0.04702	0.21152	0.01273	0.00698	0.00189	0.00284	0.01109	0.00628	0.00545
49	0.00831	0.00562	0.00715	0.00746	0.00845	0.00527	0.00533	0.01042	0.01400	0.02013	0.36465	0.32899	0.04330	0.01381	0.00677	0.00200	0.00303	0.01229	0.12775	0.00527
50	0.01396	0.01445	0.02060	0.35236	0.24335	0.11496	0.06373	0.01732	0.01290	0.01644	0.01040	0.01455	0.00834	0.00602	0.00690	0.00190	0.06634	0.00517	0.00279	0.00751
51	0.00918	0.00656	0.00913	0.01050	0.01171	0.00651	0.00893	0.01166	0.01327	0.01731	0.03150	0.17395	0.03479	0.01666	0.00808	0.00268	0.00515	0.61164	0.00545	0.00535
52	0.00762	0.00600	0.00695	0.00725	0.00882	0.00533	0.00554	0.00946	0.01378	0.01746	0.17382	0.15393	0.43228	0.01514	0.00723	0.00213	0.00337	0.11308	0.00566	0.00514
53	0.01465	0.01427	0.02335	0.08497	0.68381	0.03848	0.01782	0.01812	0.01346	0.01888	0.01102	0.01458	0.00921	0.00534	0.00584	0.00176	0.00720	0.00522	0.00291	0.00910
54	0.01634	0.02215	0.38044	0.01633	0.02311	0.01402	0.12298	0.14657	0.04718	0.13234	0.01390	0.01484	0.00967	0.00614	0.00594	0.00187	0.00781	0.00526	0.00404	0.00908
55	0.83394	0.01144	0.00869	0.00778	0.01144	0.01327	0.00640	0.01738	0.01006	0.02653	0.00823	0.00961	0.00640	0.00549	0.00366	0.00183	0.00457	0.00320	0.00366	0.00640
56	0.01212	0.01112	0.01847	0.40299	0.29132	0.01238	0.01543	0.01574	0.01293	0.01777	0.08543	0.01848	0.01352	0.00634	0.00592	0.00186	0.00685	0.00582	0.03809	0.00742
57	0.00699	0.00599	0.00599	0.00599	0.00799	0.00499	0.00449	0.00849	0.01348	0.01598	0.05991	0.05691	0.75288	0.01498	0.00699	0.00200	0.00300	0.01248	0.00549	0.00499
58	0.21355	0.01278	0.01395	0.01103	0.01539	0.01341	0.00908	0.27465	0.05008	0.30285	0.01662	0.01566	0.01125	0.00684	0.00540	0.00182	0.00543	0.00512	0.00591	0.00918
59	0.83394	0.01144	0.00869	0.00778	0.01144	0.01327	0.00640	0.01738	0.01006	0.02653	0.00823	0.00961	0.00640	0.00549	0.00366	0.00183	0.00457	0.00320	0.00366	0.00640
60	0.01117	0.01051	0.01774	0.77795	0.04073	0.01314	0.01642	0.01511	0.01182	0.01511	0.01051	0.01577	0.00788	0.00591	0.00591	0.00197	0.00788	0.00526	0.00263	0.00657
61	0.14177	0.01026	0.01301	0.01013	0.01457	0.00934	0.00837	0.02719	0.01595	0.65478	0.02118	0.01863	0.01346	0.00706	0.00562	0.00183	0.00497	0.00556	0.00680	0.00954
62	0.00719	0.00600	0.00628	0.00621	0.00811	0.00508	0.00465	0.00888	0.01396	0.01713	0.16279	0.05502	0.64928	0.01455	0.00699	0.00198	0.00296	0.01222	0.00564	0.00508
63	0.00721	0.00515	0.00686	0.00823	0.00858	0.00480	0.00549	0.00823	0.01132	0.01510	0.03259	0.78831	0.03911	0.01853	0.00755	0.00240	0.00343	0.01681	0.00549	0.00480
64	0.00721	0.00515	0.00686	0.00823	0.00858	0.00480	0.00549	0.00823	0.01132	0.01510	0.03259	0.78831	0.03911	0.01853	0.00755	0.00240	0.00343	0.01681	0.00549	0.00480
65	0.02504	0.01123	0.01429	0.01109	0.01560	0.01057	0.00912	0.13372	0.07328	0.59712	0.02203	0.01940	0.01422	0.00734	0.00595	0.00183	0.00522	0.00591	0.00701	0.01001
66	0.83394	0.01144	0.00869	0.00778	0.01144	0.01327	0.00640	0.01738	0.01006	0.02653	0.00823	0.00961	0.00640	0.00549	0.00366	0.00183	0.00457	0.00320	0.00366	0.00640
67	0.01354	0.01523	0.03298	0.02377	0.02938	0.01439	0.67915	0.01831	0.01362	0.01855	0.01226	0.01650	0.00941	0.00795	0.06429	0.00256	0.01041	0.00693	0.00300	0.00777
68	0.01226	0.01051	0.01226	0.00876	0.01401	0.00788	0.00701	0.01489	0.01226	0.01927	0.01051	0.01226	0.00876	0.00438	0.00438	0.00088	0.00438	0.00350	0.00350	0.82832
69	0.83394	0.01144	0.00869	0.00778	0.01144	0.01327	0.00640	0.01738	0.01006	0.02653	0.00823	0.00961	0.00640	0.00549	0.00366	0.00183	0.00457	0.00320	0.00366	0.00640
70	0.01801	0.01435	0.01523	0.01270	0.01664	0.01625	0.01016	0.33078	0.43986	0.03007	0.01987	0.01872	0.01465	0.00763	0.00597	0.00191	0.00546	0.00611	0.00597	0.00966
71	0.83394	0.01144	0.00869	0.00778	0.01144	0.01327	0.00640	0.01738	0.01006	0.02653	0.00823	0.00961	0.00640	0.00549	0.00366	0.00183	0.00457	0.00320	0.00366	0.00640
72	0.01464	0.01405	0.02400	0.03630	0.75528	0.01405	0.01815	0.01815	0.01347	0.01932	0.01112	0.01464	0.00937	0.00527	0.00585	0.00176	0.00703	0.00527	0.00293	0.00937
73	0.01471	0.01270	0.01337	0.01203	0.01538	0.01471	0.00936	0.03142	0.74459	0.02474	0.02407	0.02206	0.01805	0.00802	0.00602	0.00201	0.00468	0.00669	0.00602	0.00936
74	0.02653	0.01006	0.01372	0.01052	0.01510	0.00869	0.00869	0.02882	0.01693	0.75937	0.02333	0.02013	0.01464	0.00732	0.00595	0.00183	0.00503	0.00595	0.00732	0.01006
75	0.00700	0.00595	0.00603	0.00609	0.00801	0.00498	0.00454	0.00848	0.01339	0.01594	0.05875	0.08801	0.72253	0.01513	0.00701	0.00201	0.00301	0.01267	0.00549	0.00498
76	0.02653	0.01006	0.01372	0.01052	0.01510	0.00869	0.00869	0.02882	0.01693	0.75937	0.02333	0.02013	0.01464	0.00732	0.00595	0.00183	0.00503	0.00595	0.00732	0.01006
77	0.00890	0.00654	0.00870	0.00982	0.01122	0.00633	0.00833	0.01128	0.01342	0.01719	0.03651	0.11925	0.16267	0.01626	0.00791	0.00257	0.00486	0.53748	0.00546	0.00532
78	0.33419	0.01059	0.01181	0.00948	0.01370	0.01044	0.00782	0.02446	0.01431	0.48012	0.01758	0.01612	0.01150	0.00662	0.00508	0.00183	0.00486	0.00490	0.00592	0.00867
79	0.00719	0.00600	0.00628	0.00621	0.00811	0.00508	0.00465	0.00888	0.01396	0.01713	0.16279	0.05502	0.64928	0.01455	0.00699	0.00198	0.00296	0.01222	0.00564	0.00508
80	0.02541	0.01186	0.01484	0.01137	0.01599	0.01136	0.00940	0.22425	0.01993	0.55969	0.02081	0.01849	0.01337	0.00726	0.00594	0.00181	0.00544	0.00577	0.00693	0.01006
81	0.01464	0.01405	0.02400	0.03630	0.75528	0.01405	0.01815	0.01815	0.01347	0.01932	0.01112	0.01464	0.00937	0.00527	0.00585	0.00176	0.00703	0.00527	0.00293	0.00937
82	0.02325	0.01466	0.18112	0.01194	0.01745	0.00982	0.01164	0.02656	0.01593	0.59358	0.02048	0.01842	0.01304	0.00694	0.00587	0.00184	0.00586	0.00559	0.00624	0.00977
83	0.00717	0.00527	0.00673	0.00790	0.00849	0.00483	0.00534	0.00827	0.01164	0.01523	0.03664	0.67995	0.14486	0.01800	0.00747	0.00234	0.00337	0.01617	0.00549	0.00483
84	0.83394	0.01144	0.00869	0.00778	0.01144	0.01327	0.00640	0.01738	0.01006	0.02653	0.00823	0.00961	0.00640	0.00549	0.00366	0.00183	0.00457	0.00320	0.00366	0.00640
85	0.01337	0.02600	0.53641	0.01633	0.02390	0.03463	0.07260	0.08220	0.03923	0.02051	0.01144	0.01316	0.00829	0.00570	0.00566	0.00179	0.00821	0.00465	0.00305	0.07287
86	0.01727	0.62218	0.02795	0.01102	0.01588	0.07870	0.01038	0.12484	0.01472	0.01743	0.00918	0.01028	0.00796	0.00544	0.00423	0.00136	0.00668	0.00353	0.00307	0.00790
87	0.01541	0.01199	0.01303	0.01157	0.01490	0.01351	0.00904	0.02979	0.62477	0.09528	0.07389	0.02339	0.02031	0.00823	0.00608	0.00198	0.00458	0.00689	0.00618	0.00917
88	0.01218	0.01051	0.01267	0.06663	0.01602	0.00828	0.00772	0.01491	0.01223	0.01896	0.01051	0.01253	0.00869	0.00449	0.00449	0.00096	0.00464	0.00364	0.00344	0.76649
89	0.00860	0.00573	0.00645	0.00645	0.00645	0.00573	0.00358	0.00860	0.00860	0.01147	0.01863	0.03870	0.02150	0.79217	0.03010	0.00573	0.00573	0.00860	0.00358	0.00358
90	0.01471	0.01270	0.01337	0.01203	0.01538	0.01471	0.00936	0.03142	0.74459	0.02474	0.02407	0.02206	0.01805	0.00802	0.00602	0.00201	0.00468	0.00669	0.00602	0.00936
91	0.01294	0.01294	0.01811	0.01553	0.01553	0.01811	0.01294	0.01423	0.00906	0.01423	0.00776	0.01294	0.00776	0.01035	0.01941	0.00259	0.78134	0.00518	0.00259	0.00647
92	0.00703	0.00584	0.00615	0.00639	0.00809	0.00496	0.00467	0.00844	0.01309	0.01582	0.05504	0.18741	0.62553	0.01561	0.00709	0.00207	0.00307	0.01325	0.00549	0.00496
93	0.02184	0.01791	0.01728	0.01372	0.01811	0.12354	0.01113	0.58247	0.08018	0.03312	0.01423	0.01429	0.01032	0.00703	0.00584	0.00176	0.00695	0.00521	0.00552	0.00955
94	0.49105	0.01085	0.01083	0.00894	0.01299	0.01132	0.00738	0.02224	0.01298	0.33775	0.01465	0.01408	0.00990	0.00627	0.00463	0.00183	0.00477	0.00437	0.00521	0.00796
95	0.02248	0.01656	0.01775	0.01361	0.01834	0.01834	0.01124	0.73556	0.02780	0.03727	0.01420	0.01420	0.01006	0.00710	0.00592	0.00177	0.00651	0.00532	0.00592	0.01006
96	0.01186	0.03059	0.76153	0.01686	0.02560	0.01373	0.02185	0.01873	0.01249	0.01873	0.01061	0.01249	0.00749	0.00562	0.00562	0.00187	0.00874	0.00437	0.00250	0.00874
97	0.00816	0.00604	0.00762	0.00722	0.00871	0.00549	0.00542	0.01076	0.01626	0.02256	0.64928	0.04607	0.15940	0.01252	0.00698	0.00188	0.00282	0.01096	0.00636	0.00549
98	0.00849	0.00616	0.00860	0.00860	0.00934	0.00690	0.00626	0.00998	0.00924	0.01306	0.01667	0.02782	0.01678	0.26628	0.54953	0.00839	0.01284	0.00701	0.00329	0.00478
99	0.02248	0.01656	0.01775	0.01361	0.01834	0.01834	0.01124	0.73556	0.02780	0.03727	0.01420	0.01420	0.01006	0.00710	0.00592	0.00177	0.00651	0.00532	0.00592	0.01006
100	0.00776	0.00555	0.00750	0.00887	0.00946	0.00529	0.00646	0.00920	0.01187	0.01572	0.03229	0.61452	0.03789	0.01800	0.00770	0.00248	0.00392	0.18507	0.00548	0.00496
101	0.01186	0.03059	0.76153	0.01686	0.02560	0.01373	0.02185	0.01873	0.01249	0.01873	0.01061	0.01249	0.00749	0.00562	0.00562	0.00187	0.00874	0.00437	0.00250	0.00874
102	0.00902	0.00651	0.00890	0.01017	0.01142	0.00639	0.00859	0.01141	0.01327	0.01720	0.03344	0.17235	0.08349	0.01657	0.00800	0.00263	0.00498	0.56491	0.00546	0.00532
103	0.02242	0.01829	0.01760	0.01385	0.01833	0.12947	0.01127	0.63008	0.02617	0.03389	0.01345	0.01367	0.00970	0.00695	0.00583	0.00174	0.00712	0.00510	0.00549	0.00958
104	0.01464	0.01405	0.02400	0.03630	0.75528	0.01405	0.01815	0.01815	0.01347	0.01932	0.01112	0.01464	0.00937	0.00527	0.00585	0.00176	0.00703	0.00527	0.00293	0.00937
105	0.01471	0.01270	0.01337	0.01203	0.01538	0.01471	0.00936	0.03142	0.74459	0.02474	0.02407	0.02206	0.01805	0.00802	0.00602	0.00201	0.00468	0.00669	0.00602	0.00936
106	0.01186	0.03059	0.76153	0.01686	0.02560	0.01373	0.02185	0.01873	0.01249	0.01873	0.01061	0.01249	0.00749	0.00562	0.00562	0.00187	0.00874	0.00437	0.00250	0.00874
107	0.02347	0.01077	0.01339	0.01045	0.01460	0.01025	0.00857	0.17441	0.01855	0.50319	0.02085	0.01916	0.01376	0.00721	0.00568	0.00175	0.00502	0.00575	0.12373	0.00941
108	0.00721	0.00515	0.00686	0.00823	0.00858	0.00480	0.00549	0.00823	0.01132	0.01510	0.03259	0.78831	0.03911	0.01853	0.00755	0.00240	0.00343	0.01681	0.00549	0.00480
109	0.01316	0.01124	0.01266	0.07396	0.01636	0.01289	0.00939	0.02610	0.55404	0.02233	0.02444	0.13251	0.02080	0.00965	0.00630	0.00209	0.00479	0.03332	0.00565	0.00834
110	0.01396	0.01595	0.03490	0.02493	0.03091	0.01496	0.73380	0.01894	0.01396	0.01894	0.01196	0.01595	0.00897	0.00499	0.00698	0.00199	0.00997	0.00698	0.00299	0.00798
111	0.02653	0.01006	0.01372	0.01052	0.01510	0.00869	0.00869	0.02882	0.01693	0.75937	0.02333	0.02013	0.01464	0.00732	0.00595	0.00183	0.00503	0.00595	0.00732	0.01006
112	0.00826	0.00572	0.00642	0.00653	0.00684	0.00555	0.00387	0.00855	0.00951	0.01240	0.02562	0.10246	0.12663	0.61884	0.02498	0.00493	0.00516	0.00982	0.00401	0.00388
113	0.01117	0.01051	0.01774	0.77795	0.04073	0.01314	0.01642	0.01511	0.01182	0.01511	0.01051	0.01577	0.00788	0.00591	0.00591	0.00197	0.00788	0.00526	0.00263	0.00657
114	0.01141	0.01075	0.01817	0.72713	0.08970	0.01320	0.01654	0.01532	0.01194	0.01540	0.01055	0.01569	0.00799	0.00587	0.00591	0.00196	0.00782	0.00526	0.00265	0.00676
115	0.02248	0.01656	0.01775	0.01361	0.01834	0.01834	0.01124	0.73556	0.02780	0.03727	0.01420	0.01420	0.01006	0.00710	0.00592	0.00177	0.00651	0.00532	0.00592	0.01006
116	0.00719	0.00600	0.00626	0.00620	0.00811	0.00508	0.00465	0.00887	0.01394	0.01708	0.15871	0.05510	0.65339	0.01457	0.00699	0.00198	0.00297	0.01223	0.00564	0.00508
117	0.71329	0.01393	0.00989	0.00889	0.01245	0.12549	0.00715	0.01831	0.01106	0.02474	0.00837	0.00976	0.00658	0.00558	0.00391	0.00178	0.00548	0.00329	0.00357	0.00647
118	0.00806	0.00592	0.00755	0.00739	0.00871	0.00541	0.00545	0.01047	0.01566	0.02171	0.57955	0.14514	0.13043	0.01327	0.00705	0.00195	0.00290	0.01171	0.00626	0.00541
119	0.01129	0.01023	0.01622	0.54100	0.08260	0.01218	0.01429	0.02883	0.06729	0.01653	0.01492	0.13094	0.01343	0.00792	0.00616	0.00202	0.00690	0.00708	0.00339	0.00677
120	0.00790	0.00603	0.00725	0.00695	0.00855	0.00538	0.00521	0.01025	0.01563	0.02107	0.51596	0.04852	0.29365	0.01308	0.00698	0.00191	0.00286	0.01130	0.00616	0.00538
121	0.01563	0.01583	0.05376	0.08244	0.54599	0.07116	0.01699	0.09027	0.01500	0.02044	0.01122	0.01428	0.00912	0.00557	0.00582	0.00176	0.00738	0.00513	0.00320	0.00903
122	0.01217	0.02841	0.65354	0.01805	0.02638	0.01392	0.12766	0.01876	0.01270	0.01876	0.01081	0.01300	0.00771	0.00552	0.00582	0.00189	0.00892	0.00476	0.00257	0.00863
123	0.01186	0.03059	0.76153	0.01686	0.02560	0.01373	0.02185	0.01873	0.01249	0.01873	0.01061	0.01249	0.00749	0.00562	0.00562	0.00187	0.00874	0.00437	0.00250	0.00874
124	0.01851	0.01177	0.01303	0.01056	0.01423	0.01230	0.00854	0.31616	0.09554	0.16864	0.02447	0.02360	0.12254	0.00837	0.00584	0.00179	0.00498	0.00667	0.12389	0.00858
125	0.01245	0.14395	0.65330	0.01586	0.02405	0.01517	0.02011	0.01858	0.01242	0.01802	0.01026	0.01204	0.00751	0.00554	0.00535	0.00178	0.00838	0.00419	0.00250	0.00857
126	0.00808	0.00603	0.00751	0.00714	0.00866	0.00546	0.00536	0.01061	0.01607	0.02211	0.60887	0.04681	0.20008	0.01269	0.00698	0.00189	0.00283	0.01106	0.00630	0.00546
127	0.00699	0.00599	0.00599	0.00599	0.00799	0.00499	0.00449	0.00849	0.01348	0.01598	0.05991	0.05691	0.75288	0.01498	0.00699	0.00200	0.00300	0.01248	0.00549	0.00499
128	0.01186	0.03059	0.76153	0.01686	0.02560	0.01373	0.02185	0.01873	0.01249	0.01873	0.01061	0.01249	0.00749	0.00562	0.00562	0.00187	0.00874	0.00437	0.00250	0.00874
129	0.83394	0.01144	0.00869	0.00778	0.01144	0.01327	0.00640	0.01738	0.01006	0.02653	0.00823	0.00961	0.00640	0.00549	0.00366	0.00183	0.00457	0.00320	0.00366	0.00640
130	0.01186	0.03059	0.76153	0.01686	0.02560	0.01373	0.02185	0.01873	0.01249	0.01873	0.01061	0.01249	0.00749	0.00562	0.00562	0.00187	0.00874	0.00437	0.00250	0.00874
131	0.00827	0.00604	0.00776	0.00733	0.00877	0.00554	0.00550	0.01096	0.01649	0.02313	0.70007	0.04513	0.10824	0.01231	0.00698	0.00187	0.00281	0.01083	0.00643	0.00554
132	0.01334	0.00874	0.01058	0.00927	0.01177	0.00881	0.00721	0.06709	0.16947	0.13384	0.44218	0.03397	0.03872	0.01020	0.00655	0.00188	0.00377	0.00879	0.00649	0.00734
133	0.01186	0.03059	0.76153	0.01686	0.02560	0.01373	0.02185	0.01873	0.01249	0.01873	0.01061	0.01249	0.00749	0.00562	0.00562	0.00187	0.00874	0.00437	0.00250	0.00874
134	0.00703	0.00584	0.00615	0.00640	0.00810	0.00496	0.00468	0.00844	0.01308	0.01581	0.05489	0.19138	0.62165	0.01563	0.00709	0.00207	0.00308	0.01328	0.00549	0.00496
135	0.01194	0.04628	0.74654	0.01672	0.02538	0.01393	0.02161	0.01871	0.01248	0.01863	0.01056	0.01242	0.00749	0.00561	0.00558	0.00186	0.00869	0.00435	0.00250	0.00872
136	0.00708	0.00599	0.00612	0.00609	0.00805	0.00503	0.00457	0.00867	0.01370	0.01651	0.10735	0.05604	0.70511	0.01478	0.00699	0.00199	0.00298	0.01236	0.00556	0.00503
137	0.01583	0.35499	0.28457	0.01363	0.01953	0.18678	0.01453	0.01939	0.01324	0.01573	0.00927	0.01080	0.00756	0.00549	0.00478	0.00154	0.00814	0.00373	0.00263	0.00783
138	0.01260	0.01197	0.02032	0.47280	0.33473	0.01351	0.01713	0.01636	0.01250	0.01684	0.01076	0.01530	0.00849	0.00565	0.00589	0.00188	0.00753	0.00526	0.00275	0.00772
139	0.01142	0.00855	0.01061	0.00898	0.01073	0.00847	0.04736	0.11776	0.01225	0.01679	0.01646	0.02985	0.01722	0.50346	0.04883	0.00445	0.00629	0.00729	0.00387	0.10935
140	0.02014	0.01993	0.01654	0.01415	0.01779	0.35144	0.04848	0.10510	0.22105	0.10224	0.01558	0.01556	0.01165	0.00682	0.00574	0.00174	0.00788	0.00518	0.00466	0.00832
141	0.01668	0.03706	0.26481	0.01453	0.01990	0.19631	0.01432	0.14728	0.10433	0.02149	0.01236	0.01345	0.00935	0.00635	0.00602	0.00173	0.03553	0.00462	0.00374	0.07015
142	0.04148	0.01204	0.01708	0.26483	0.17793	0.02660	0.01319	0.08050	0.07420	0.15767	0.01464	0.01716	0.01093	0.03432	0.00665	0.00198	0.00656	0.00549	0.00422	0.03253
143	0.16289	0.34695	0.02441	0.01500	0.10395	0.01749	0.11352	0.01944	0.03429	0.09554	0.01114	0.01252	0.00883	0.00547	0.00476	0.00161	0.00643	0.00436	0.00345	0.00795

[dist]
# distance from previous block
# <min> <max>
0	29

[block]
# block no. 1 follows, 39 sequences, length 69
# corresponding to MSA columns:
# 344-412
name=unknown_B
#
# <colnr> <probs for GDERKNQSTAVLIFYWHMCP>
#	G	D	E	R	K	N	Q	S	T	A	V	L	I	F	Y	W	H	M	C	P
0	0.12550	0.10240	0.01709	0.03222	0.25210	0.01263	0.01112	0.01852	0.07619	0.09889	0.12761	0.06754	0.01901	0.00761	0.00562	0.00180	0.00534	0.00649	0.00441	0.00791
1	0.01412	0.01365	0.02050	0.16096	0.46976	0.05570	0.01586	0.01897	0.09178	0.01913	0.05189	0.01699	0.01242	0.00609	0.00591	0.00181	0.00690	0.00563	0.00340	0.00853
2	0.00913	0.00677	0.00825	0.00797	0.00951	0.00665	0.00593	0.01345	0.11170	0.02220	0.48262	0.13939	0.08358	0.01227	0.00677	0.00193	0.00313	0.01078	0.05204	0.00594
3	0.83394	0.01144	0.00869	0.00778	0.01144	0.01327	0.00640	0.01738	0.01006	0.02653	0.00823	0.00961	0.00640	0.00549	0.00366	0.00183	0.00457	0.00320	0.00366	0.00640
4	0.01365	0.01305	0.02223	0.24633	0.55292	0.01379	0.01766	0.01729	0.01300	0.01813	0.01095	0.01496	0.00895	0.00545	0.00587	0.00182	0.00727	0.00527	0.00284	0.00858
5	0.00939	0.00676	0.00933	0.01062	0.01201	0.00671	0.00925	0.01204	0.01361	0.01760	0.03291	0.06616	0.07424	0.01626	0.00810	0.00268	0.00531	0.67615	0.00545	0.00542
6	0.01360	0.00945	0.01064	0.00968	0.01256	0.00964	0.00772	0.05831	0.25073	0.13255	0.03660	0.03912	0.26954	0.01133	0.00662	0.00206	0.00436	0.10205	0.00595	0.00750
7	0.00751	0.00557	0.00708	0.00809	0.00895	0.00514	0.00582	0.00893	0.01227	0.01594	0.06495	0.51401	0.18623	0.01726	0.00749	0.00234	0.00358	0.10832	0.00552	0.00496
8	0.01402	0.01342	0.02289	0.16774	0.62864	0.01389	0.01784	0.01761	0.01317	0.01857	0.01102	0.01484	0.00910	0.00538	0.00586	0.00179	0.00718	0.00527	0.00287	0.00887
9	0.01588	0.01329	0.01403	0.01227	0.01583	0.01526	0.00964	0.13787	0.63623	0.02663	0.02258	0.02087	0.01684	0.00788	0.00600	0.00197	0.00496	0.00648	0.00600	0.00947
10	0.01471	0.01270	0.01337	0.01203	0.01538	0.01471	0.00936	0.03142	0.74459	0.02474	0.02407	0.02206	0.01805	0.00802	0.00602	0.00201	0.00468	0.00669	0.00602	0.00936
11	0.01394	0.43407	0.37630	0.01330	0.02010	0.01883	0.01566	0.01819	0.01224	0.01619	0.00935	0.01090	0.00754	0.00532	0.00466	0.00155	0.00747	0.00373	0.00251	0.00813
12	0.00953	0.00681	0.00953	0.01089	0.01225	0.00681	0.00953	0.01225	0.01361	0.01770	0.03131	0.06671	0.03403	0.01634	0.00817	0.00272	0.00545	0.71547	0.00545	0.00545
13	0.01186	0.03059	0.76153	0.01686	0.02560	0.01373	0.02185	0.01873	0.01249	0.01873	0.01061	0.01249	0.00749	0.00562	0.00562	0.00187	0.00874	0.00437	0.00250	0.00874
14	0.01471	0.01270	0.01337	0.01203	0.01538	0.01471	0.00936	0.03142	0.74459	0.02474	0.02407	0.02206	0.01805	0.00802	0.00602	0.00201	0.00468	0.00669	0.00602	0.00936
15	0.00751	0.00538	0.00717	0.00826	0.00882	0.00503	0.00573	0.00890	0.01227	0.01654	0.14130	0.63545	0.04135	0.01743	0.00750	0.00234	0.00345	0.05497	0.00564	0.00496
16	0.00845	0.00634	0.00950	0.00950	0.01056	0.00739	0.00739	0.01056	0.00950	0.01373	0.01584	0.02323	0.01478	0.04435	0.76873	0.00950	0.01584	0.00634	0.00317	0.00528
17	0.01581	0.79572	0.03099	0.01012	0.01518	0.02340	0.01012	0.01771	0.01202	0.01391	0.00822	0.00949	0.00759	0.00506	0.00379	0.00126	0.00632	0.00316	0.00253	0.00759
18	0.00722	0.00555	0.00662	0.00730	0.00837	0.00494	0.00511	0.00858	0.01262	0.01617	0.10479	0.44244	0.31584	0.01661	0.00728	0.00220	0.00321	0.01462	0.00558	0.00494
19	0.83394	0.01144	0.00869	0.00778	0.01144	0.01327	0.00640	0.01738	0.01006	0.02653	0.00823	0.00961	0.00640	0.00549	0.00366	0.00183	0.00457	0.00320	0.00366	0.00640
20	0.20927	0.01711	0.01489	0.01266	0.01589	0.20551	0.01013	0.18749	0.07386	0.06313	0.01183	0.01299	0.00912	0.00704	0.00728	0.00187	0.12330	0.00457	0.00425	0.00781
21	0.01497	0.01468	0.02368	0.03537	0.72271	0.04738	0.01785	0.01839	0.01361	0.01911	0.01104	0.01446	0.00929	0.00531	0.00583	0.00175	0.00719	0.00520	0.00293	0.00926
22	0.00879	0.00628	0.00868	0.01004	0.01108	0.00617	0.00824	0.01097	0.01288	0.01686	0.03172	0.29778	0.03566	0.01704	0.00797	0.00262	0.00480	0.49175	0.00546	0.00524
23	0.00699	0.00599	0.00599	0.00599	0.00799	0.00499	0.00449	0.00849	0.01348	0.01598	0.05991	0.05691	0.75288	0.01498	0.00699	0.00200	0.00300	0.01248	0.00549	0.00499
24	0.01342	0.33165	0.47408	0.01420	0.02150	0.01754	0.01723	0.01833	0.01230	0.01683	0.00967	0.01131	0.00753	0.00540	0.00490	0.00163	0.00779	0.00389	0.00251	0.00829
25	0.02380	0.01046	0.01342	0.01046	0.01465	0.00969	0.00857	0.12887	0.01820	0.56138	0.06881	0.02094	0.01667	0.00757	0.00590	0.00180	0.00496	0.00614	0.05824	0.00949
26	0.00753	0.00536	0.00712	0.00842	0.00885	0.00507	0.00582	0.00868	0.01142	0.01517	0.03168	0.66915	0.03758	0.06156	0.00888	0.00262	0.00378	0.09113	0.00538	0.00480
27	0.01336	0.01383	0.02601	0.13724	0.15217	0.01394	0.36794	0.01930	0.10999	0.01903	0.01588	0.01880	0.05168	0.00613	0.00650	0.00195	0.00807	0.00670	0.00347	0.00802
28	0.01541	0.01306	0.02130	0.19840	0.48384	0.01364	0.01649	0.06332	0.01430	0.08506	0.01226	0.01535	0.00955	0.00571	0.00588	0.00181	0.00701	0.00533	0.00344	0.00885
29	0.01186	0.03059	0.76153	0.01686	0.02560	0.01373	0.02185	0.01873	0.01249	0.01873	0.01061	0.01249	0.00749	0.00562	0.00562	0.00187	0.00874	0.00437	0.00250	0.00874
30	0.12838	0.02387	0.01621	0.01537	0.05846	0.55401	0.01121	0.05276	0.01576	0.01731	0.00928	0.01102	0.00767	0.00624	0.00592	0.00164	0.05066	0.00395	0.00322	0.00705
31	0.00747	0.00601	0.00665	0.00649	0.00828	0.00520	0.00487	0.00941	0.01461	0.01865	0.29889	0.05252	0.51223	0.01398	0.00698	0.00195	0.00292	0.01186	0.00584	0.00520
32	0.01484	0.01186	0.01288	0.01139	0.01459	0.01333	0.00890	0.07919	0.55055	0.05795	0.13339	0.02475	0.02303	0.00854	0.00615	0.00196	0.00454	0.00716	0.00614	0.00887
33	0.02345	0.00938	0.01273	0.01000	0.01403	0.00816	0.00816	0.02582	0.01689	0.63433	0.14721	0.02422	0.02163	0.00813	0.00612	0.00183	0.00465	0.00675	0.00718	0.00930
34	0.83394	0.01144	0.00869	0.00778	0.01144	0.01327	0.00640	0.01738	0.01006	0.02653	0.00823	0.00961	0.00640	0.00549	0.00366	0.00183	0.00457	0.00320	0.00366	0.00640
35	0.01581	0.79572	0.03099	0.01012	0.01518	0.02340	0.01012	0.01771	0.01202	0.01391	0.00822	0.00949	0.00759	0.00506	0.00379	0.00126	0.00632	0.00316	0.00253	0.00759
36	0.00814	0.00604	0.00758	0.00719	0.00869	0.00548	0.00540	0.01071	0.01619	0.02240	0.63450	0.04634	0.17428	0.01258	0.00698	0.00188	0.00282	0.01100	0.00634	0.00548
37	0.00699	0.00599	0.00599	0.00599	0.00799	0.00499	0.00449	0.00849	0.01348	0.01598	0.05991	0.05691	0.75288	0.01498	0.00699	0.00200	0.00300	0.01248	0.00549	0.00499
38	0.01519	0.01212	0.01757	0.07912	0.01940	0.01280	0.17878	0.21092	0.09445	0.02510	0.01596	0.01797	0.01202	0.00654	0.00563	0.00175	0.00610	0.00591	0.25486	0.00781
39	0.00699	0.00599	0.00599	0.00599	0.00799	0.00499	0.00449	0.00849	0.01348	0.01598	0.05991	0.05691	0.75288	0.01498	0.00699	0.00200	0.00300	0.01248	0.00549	0.00499
40	0.01611	0.68551	0.02837	0.01033	0.01501	0.08844	0.00991	0.01802	0.01246	0.01440	0.00889	0.01026	0.00800	0.00525	0.00395	0.00129	0.00652	0.00334	0.04652	0.00741
41	0.01464	0.01405	0.02400	0.03630	0.75528	0.01405	0.01815	0.01815	0.01347	0.01932	0.01112	0.01464	0.00937	0.00527	0.00585	0.00176	0.00703	0.00527	0.00293	0.00937
42	0.12150	0.01525	0.01600	0.01259	0.01704	0.01692	0.01034	0.54214	0.10170	0.06528	0.01491	0.01473	0.01066	0.00701	0.00565	0.00181	0.00601	0.00524	0.00571	0.00953
43	0.01804	0.01436	0.01525	0.01271	0.01665	0.01626	0.01017	0.33291	0.43769	0.03010	0.01984	0.01870	0.01463	0.00763	0.00597	0.00191	0.00546	0.00610	0.00597	0.00966
44	0.83394	0.01144	0.00869	0.00778	0.01144	0.01327	0.00640	0.01738	0.01006	0.02653	0.00823	0.00961	0.00640	0.00549	0.00366	0.00183	0.00457	0.00320	0.00366	0.00640
45	0.01454	0.01356	0.02179	0.12786	0.55257	0.01419	0.01669	0.05019	0.09212	0.02014	0.01256	0.01556	0.01014	0.00573	0.00588	0.00181	0.00686	0.00542	0.00335	0.00904
46	0.00754	0.00601	0.00675	0.00657	0.00833	0.00523	0.00493	0.00955	0.01478	0.01906	0.33598	0.05183	0.47488	0.01383	0.00698	0.00194	0.00291	0.01177	0.00590	0.00523
47	0.01418	0.01237	0.01403	0.12712	0.01919	0.01447	0.01042	0.02897	0.63449	0.02329	0.02203	0.02112	0.01652	0.00771	0.00600	0.00200	0.00516	0.00647	0.00551	0.00894
48	0.01418	0.01358	0.02318	0.13421	0.66094	0.01393	0.01792	0.01775	0.01325	0.01876	0.01104	0.01479	0.00917	0.00535	0.00586	0.00178	0.00714	0.00527	0.00289	0.00900
49	0.00725	0.00555	0.00665	0.00733	0.00839	0.00495	0.00513	0.00864	0.01269	0.01633	0.11886	0.44125	0.30262	0.01654	0.00728	0.00220	0.00320	0.01458	0.00560	0.00495
50	0.83394	0.01144	0.00869	0.00778	0.01144	0.01327	0.00640	0.01738	0.01006	0.02653	0.00823	0.00961	0.00640	0.00549	0.00366	0.00183	0.00457	0.00320	0.00366	0.00640
51	0.01235	0.01172	0.01987	0.52531	0.28414	0.01345	0.01701	0.01615	0.01238	0.01654	0.01072	0.01538	0.00839	0.00569	0.00589	0.00190	0.00759	0.00526	0.00273	0.00752
52	0.12886	0.01391	0.01497	0.01188	0.01615	0.01509	0.00972	0.41395	0.09985	0.15666	0.04792	0.01674	0.01319	0.00724	0.00568	0.00182	0.00565	0.00553	0.00589	0.00931
53	0.00855	0.00592	0.00740	0.00740	0.00773	0.00625	0.00477	0.00921	0.00888	0.01217	0.01776	0.03388	0.01941	0.55915	0.26025	0.00691	0.00888	0.00789	0.00345	0.00411
54	0.02328	0.01384	0.01588	0.01234	0.01689	0.01448	0.01014	0.41407	0.08731	0.30091	0.01842	0.01707	0.01245	0.00726	0.00594	0.00182	0.00580	0.00567	0.00644	0.01000
55	0.01095	0.01015	0.01680	0.64766	0.03587	0.01274	0.01518	0.01453	0.01141	0.01490	0.01099	0.01649	0.00868	0.01063	0.09553	0.00288	0.05014	0.00538	0.00269	0.00641
56	0.02336	0.01515	0.01687	0.01294	0.01763	0.01624	0.01069	0.58169	0.02544	0.19448	0.01619	0.01549	0.01105	0.00715	0.00592	0.00179	0.00619	0.00546	0.00622	0.01006
57	0.01337	0.01276	0.02121	0.19030	0.47719	0.01397	0.01660	0.01664	0.01239	0.01753	0.01085	0.01514	0.00915	0.00809	0.04821	0.00231	0.09791	0.00531	0.00284	0.00822
58	0.01581	0.79572	0.03099	0.01012	0.01518	0.02340	0.01012	0.01771	0.01202	0.01391	0.00822	0.00949	0.00759	0.00506	0.00379	0.00126	0.00632	0.00316	0.00253	0.00759
59	0.00845	0.00634	0.00950	0.00950	0.01056	0.00739	0.00739	0.01056	0.00950	0.01373	0.01584	0.02323	0.01478	0.04435	0.76873	0.00950	0.01584	0.00634	0.00317	0.00528
60	0.01581	0.79572	0.03099	0.01012	0.01518	0.02340	0.01012	0.01771	0.01202	0.01391	0.00822	0.00949	0.00759	0.00506	0.00379	0.00126	0.00632	0.00316	0.00253	0.00759
61	0.02653	0.01006	0.01372	0.01052	0.01510	0.00869	0.00869	0.02882	0.01693	0.75937	0.02333	0.02013	0.01464	0.00732	0.00595	0.00183	0.00503	0.00595	0.00732	0.01006
62	0.00917	0.00667	0.00891	0.00944	0.01084	0.00655	0.00775	0.01241	0.04575	0.02020	0.31291	0.09636	0.04215	0.01445	0.00758	0.00234	0.00426	0.37074	0.00589	0.00563
63	0.41772	0.27884	0.01743	0.00926	0.01357	0.01664	0.00824	0.07057	0.01268	0.09455	0.01014	0.01093	0.00788	0.00564	0.00409	0.00163	0.00536	0.00361	0.00380	0.00743
64	0.01256	0.01052	0.01236	0.00913	0.01398	0.00849	0.00731	0.05962	0.01299	0.01991	0.01121	0.01336	0.00937	0.00809	0.07218	0.00170	0.00553	0.00387	0.00362	0.70420
65	0.02005	0.02162	0.01931	0.01612	0.01935	0.43972	0.12050	0.02216	0.01518	0.11346	0.01123	0.01306	0.00877	0.00674	0.00781	0.00180	0.12742	0.00478	0.00353	0.00739
66	0.01253	0.01055	0.01142	0.01041	0.01318	0.01170	0.00803	0.02462	0.50938	0.02364	0.19039	0.03046	0.09936	0.00962	0.00633	0.00197	0.00409	0.00816	0.00608	0.00808
67	0.01569	0.01747	0.01771	0.23492	0.17375	0.29432	0.01376	0.01824	0.01381	0.01568	0.01194	0.08181	0.01084	0.00720	0.00653	0.00183	0.04858	0.00574	0.00310	0.00708
68	0.00858	0.00582	0.00691	0.00691	0.00707	0.00598	0.00416	0.00889	0.00874	0.01181	0.01821	0.03638	0.02049	0.67981	0.14108	0.00630	0.00725	0.00826	0.00352	0.00384

[dist]
# distance from previous block
# <min> <max>
0	4

[block]
# block no. 2 follows, 39 sequences, length 28
# corresponding to MSA columns:
# 417-444
name=unknown_C
#
# <colnr> <probs for GDERKNQSTAVLIFYWHMCP>
#	G	D	E	R	K	N	Q	S	T	A	V	L	I	F	Y	W	H	M	C	P
0	0.00800	0.00607	0.00739	0.00716	0.00874	0.00546	0.00544	0.01038	0.01557	0.02102	0.50203	0.04923	0.27113	0.01319	0.00704	0.00194	0.00298	0.04569	0.00614	0.00539
1	0.05861	0.01413	0.02723	0.01960	0.02519	0.01294	0.48947	0.01900	0.01370	0.08773	0.01254	0.01530	0.00932	0.00511	0.00621	0.00176	0.00816	0.00602	0.00352	0.16448
2	0.01102	0.00551	0.00551	0.00551	0.00689	0.00551	0.00413	0.01378	0.01240	0.02205	0.01929	0.02205	0.01516	0.00689	0.00413	0.00138	0.00276	0.00551	0.82500	0.00551
3	0.01226	0.01051	0.01226	0.00876	0.01401	0.00788	0.00701	0.01489	0.01226	0.01927	0.01051	0.01226	0.00876	0.00438	0.00438	0.00088	0.00438	0.00350	0.00350	0.82832
4	0.01560	0.02633	0.49784	0.01580	0.02302	0.06134	0.01810	0.22917	0.01724	0.02390	0.01157	0.01288	0.00825	0.00608	0.00569	0.00182	0.00820	0.00462	0.00353	0.00901
5	0.83394	0.01144	0.00869	0.00778	0.01144	0.01327	0.00640	0.01738	0.01006	0.02653	0.00823	0.00961	0.00640	0.00549	0.00366	0.00183	0.00457	0.00320	0.00366	0.00640
6	0.01186	0.03059	0.76153	0.01686	0.02560	0.01373	0.02185	0.01873	0.01249	0.01873	0.01061	0.01249	0.00749	0.00562	0.00562	0.00187	0.00874	0.00437	0.00250	0.00874
7	0.00721	0.00515	0.00686	0.00823	0.00858	0.00480	0.00549	0.00823	0.01132	0.01510	0.03259	0.78831	0.03911	0.01853	0.00755	0.00240	0.00343	0.01681	0.00549	0.00480
8	0.01396	0.01595	0.03490	0.02493	0.03091	0.01496	0.73380	0.01894	0.01396	0.01894	0.01196	0.01595	0.00897	0.00499	0.00698	0.00199	0.00997	0.00698	0.00299	0.00798
9	0.01449	0.01390	0.02374	0.06761	0.72511	0.01401	0.01808	0.01802	0.01340	0.01914	0.01110	0.01468	0.00930	0.00530	0.00586	0.00177	0.00706	0.00527	0.00291	0.00925
10	0.01162	0.01097	0.01855	0.68232	0.13287	0.01326	0.01665	0.01550	0.01204	0.01565	0.01059	0.01562	0.00807	0.00583	0.00591	0.00194	0.00777	0.00526	0.00267	0.00693
11	0.01375	0.01350	0.02386	0.10127	0.54152	0.01354	0.11795	0.01739	0.01338	0.01867	0.01418	0.01752	0.05475	0.00588	0.00609	0.00182	0.00727	0.00595	0.00307	0.00865
12	0.01243	0.02705	0.61087	0.01718	0.06321	0.01390	0.01980	0.02058	0.12126	0.01965	0.01264	0.01402	0.00916	0.00596	0.00569	0.00189	0.00805	0.00476	0.00304	0.00887
13	0.00847	0.00632	0.00841	0.05460	0.01075	0.00601	0.00619	0.01127	0.01628	0.02281	0.67287	0.04306	0.08693	0.01185	0.00691	0.00187	0.00311	0.01045	0.00622	0.00561
14	0.00888	0.00659	0.00834	0.00787	0.00940	0.00635	0.00591	0.01282	0.08002	0.02349	0.66247	0.06933	0.05190	0.01197	0.00691	0.00189	0.00298	0.01057	0.00643	0.00588
15	0.01294	0.01294	0.01811	0.01553	0.01553	0.01811	0.01294	0.01423	0.00906	0.01423	0.00776	0.01294	0.00776	0.01035	0.01941	0.00259	0.78134	0.00518	0.00259	0.00647
16	0.01699	0.01534	0.01431	0.01262	0.01609	0.13057	0.00983	0.09485	0.54025	0.05126	0.02084	0.01952	0.01559	0.00762	0.00590	0.00190	0.00578	0.00609	0.00560	0.00907
17	0.00837	0.00604	0.00790	0.00744	0.00883	0.00558	0.00558	0.01116	0.01674	0.02371	0.75216	0.04417	0.05580	0.01209	0.00697	0.00186	0.00279	0.01069	0.00651	0.00558
18	0.01627	0.01348	0.01425	0.01235	0.01597	0.01544	0.00974	0.17244	0.60104	0.02725	0.02209	0.02049	0.01645	0.00784	0.00600	0.00196	0.00505	0.00641	0.00600	0.00950
19	0.00721	0.00515	0.00686	0.00823	0.00858	0.00480	0.00549	0.00823	0.01132	0.01510	0.03259	0.78831	0.03911	0.01853	0.00755	0.00240	0.00343	0.01681	0.00549	0.00480
20	0.01294	0.01294	0.01811	0.01553	0.01553	0.01811	0.01294	0.01423	0.00906	0.01423	0.00776	0.01294	0.00776	0.01035	0.01941	0.00259	0.78134	0.00518	0.00259	0.00647
21	0.01506	0.65043	0.16971	0.01140	0.01716	0.02156	0.01235	0.01790	0.01211	0.01483	0.00868	0.01006	0.00757	0.00517	0.00414	0.00138	0.00678	0.00339	0.00252	0.00781
22	0.00727	0.00600	0.00639	0.00629	0.00816	0.00511	0.00472	0.00904	0.01415	0.01757	0.20247	0.05429	0.60932	0.01438	0.00699	0.00197	0.00295	0.01211	0.00570	0.00511
23	0.01581	0.79572	0.03099	0.01012	0.01518	0.02340	0.01012	0.01771	0.01202	0.01391	0.00822	0.00949	0.00759	0.00506	0.00379	0.00126	0.00632	0.00316	0.00253	0.00759
24	0.01511	0.00754	0.01007	0.00858	0.01116	0.00674	0.00674	0.01772	0.01681	0.29684	0.48157	0.03525	0.04052	0.01032	0.00659	0.00185	0.00362	0.00893	0.00681	0.00724
25	0.00706	0.00599	0.00609	0.00607	0.00803	0.00502	0.00455	0.00863	0.01365	0.01639	0.09704	0.05623	0.71549	0.01482	0.00699	0.00199	0.00298	0.01239	0.00555	0.00502
26	0.02209	0.02819	0.01676	0.01524	0.01828	0.76843	0.01143	0.02361	0.01676	0.01447	0.00914	0.01066	0.00762	0.00609	0.00533	0.00152	0.01066	0.00381	0.00305	0.00686
