[name]
unknown

[dist]
# distance from previous block
# <min> <max>
0	31

[block]
# block no. 0 follows, 46 sequences, length 77
# corresponding to MSA columns:
# 31-107
name=unknown_A
#
# <colnr> <probs for GDERKNQSTAVLIFYWHMCP>
#	G	D	E	R	K	N	Q	S	T	A	V	L	I	F	Y	W	H	M	C	P
0	0.01412	0.11420	0.10182	0.01080	0.01442	0.04040	0.00978	0.16630	0.18798	0.07169	0.08781	0.02290	0.01709	0.00771	0.00539	0.00171	0.00525	0.10867	0.00456	0.00739
1	0.02713	0.02162	0.47878	0.01308	0.01893	0.08292	0.01484	0.01832	0.11679	0.05092	0.01373	0.04115	0.03679	0.00608	0.00509	0.00165	0.00677	0.00480	0.00314	0.03745
2	0.04309	0.04582	0.17909	0.11073	0.01860	0.04024	0.01155	0.22934	0.05166	0.08555	0.08999	0.01557	0.01278	0.00620	0.00512	0.00160	0.00587	0.00492	0.00408	0.03820
3	0.05406	0.00973	0.01158	0.01151	0.09231	0.01020	0.00823	0.10428	0.22154	0.13081	0.01784	0.02072	0.01406	0.00698	0.00505	0.00163	0.00436	0.07237	0.16081	0.04193
4	0.01374	0.01519	0.01587	0.01381	0.01453	0.22270	0.01121	0.01495	0.00993	0.01278	0.00727	0.01103	0.00691	0.00824	0.01400	0.00206	0.59318	0.00430	0.00242	0.00587
5	0.01671	0.00941	0.01068	0.00879	0.01178	0.00970	0.00706	0.22401	0.09541	0.23127	0.01764	0.03191	0.01284	0.00661	0.00481	0.00151	0.00413	0.00528	0.28294	0.00750
6	0.00755	0.00566	0.00850	0.00850	0.00944	0.00661	0.00661	0.00944	0.00850	0.01227	0.01416	0.02077	0.01322	0.03965	0.79326	0.00850	0.01416	0.00566	0.00283	0.00472
7	0.01692	0.01639	0.01464	0.01262	0.01496	0.28615	0.01001	0.10470	0.13636	0.09732	0.01183	0.01297	0.00925	0.00698	0.00840	0.00174	0.22350	0.00450	0.00373	0.00702
8	0.85155	0.01022	0.00777	0.00695	0.01022	0.01186	0.00573	0.01554	0.00900	0.02372	0.00736	0.00859	0.00573	0.00491	0.00327	0.00164	0.00409	0.00286	0.00327	0.00573
9	0.01548	0.10963	0.02452	0.01742	0.02166	0.31625	0.38534	0.01843	0.01325	0.01488	0.00934	0.01177	0.00741	0.00485	0.00535	0.00155	0.00878	0.00475	0.00265	0.00670
10	0.00658	0.00537	0.00581	0.00570	0.00734	0.00460	0.00427	0.00822	0.01282	0.01612	0.24627	0.04785	0.58523	0.01270	0.00624	0.00175	0.00263	0.01073	0.00515	0.00460
11	0.01183	0.01113	0.01898	0.06378	0.56763	0.01122	0.05164	0.01463	0.01141	0.01612	0.01196	0.07188	0.01114	0.06274	0.03931	0.00216	0.00646	0.00577	0.00282	0.00740
12	0.10916	0.72580	0.02544	0.00881	0.01319	0.01989	0.00867	0.01580	0.01054	0.01372	0.00735	0.00849	0.00666	0.00457	0.00338	0.00119	0.00548	0.00283	0.00238	0.00666
13	0.85155	0.01022	0.00777	0.00695	0.01022	0.01186	0.00573	0.01554	0.00900	0.02372	0.00736	0.00859	0.00573	0.00491	0.00327	0.00164	0.00409	0.00286	0.00327	0.00573
14	0.00673	0.00506	0.00732	0.00807	0.00861	0.00472	0.04079	0.00781	0.01023	0.01366	0.02826	0.77301	0.03369	0.01599	0.00672	0.00213	0.00334	0.01461	0.00480	0.00443
15	0.00769	0.00513	0.00577	0.00577	0.00577	0.00513	0.00320	0.00769	0.00769	0.01025	0.01666	0.03460	0.01922	0.81421	0.02691	0.00513	0.00513	0.00769	0.00320	0.00320
16	0.01157	0.01157	0.01619	0.01388	0.01388	0.01619	0.01157	0.01272	0.00810	0.01272	0.00694	0.01157	0.00694	0.00925	0.01735	0.00231	0.80453	0.00463	0.00231	0.00578
17	0.85155	0.01022	0.00777	0.00695	0.01022	0.01186	0.00573	0.01554	0.00900	0.02372	0.00736	0.00859	0.00573	0.00491	0.00327	0.00164	0.00409	0.00286	0.00327	0.00573
18	0.01233	0.04858	0.01534	0.14468	0.12616	0.01271	0.01091	0.09233	0.03866	0.04779	0.03717	0.01627	0.01090	0.07577	0.06985	0.00261	0.22312	0.00515	0.00319	0.00646
19	0.85155	0.01022	0.00777	0.00695	0.01022	0.01186	0.00573	0.01554	0.00900	0.02372	0.00736	0.00859	0.00573	0.00491	0.00327	0.00164	0.00409	0.00286	0.00327	0.00573
20	0.00931	0.00775	0.00841	0.00783	0.00996	0.00805	0.00599	0.01635	0.31480	0.01915	0.22492	0.03560	0.29056	0.01026	0.00590	0.00176	0.00323	0.00869	0.00533	0.00615
21	0.00677	0.00474	0.00604	0.00694	0.00716	0.00451	0.00445	0.00745	0.00947	0.01263	0.02582	0.60442	0.03078	0.22862	0.01211	0.00294	0.00361	0.01308	0.00445	0.00400
22	0.00698	0.00546	0.00678	0.00700	0.00831	0.00525	0.00540	0.00865	0.01118	0.01443	0.09835	0.11402	0.35764	0.02059	0.21564	0.00367	0.00601	0.09561	0.00443	0.00461
23	0.00755	0.00566	0.00850	0.00850	0.00944	0.00661	0.00661	0.00944	0.00850	0.01227	0.01416	0.02077	0.01322	0.03965	0.79326	0.00850	0.01416	0.00566	0.00283	0.00472
24	0.12473	0.01504	0.01459	0.01153	0.01548	0.09661	0.00941	0.55699	0.02137	0.06561	0.01194	0.01210	0.00855	0.00608	0.00498	0.00157	0.00593	0.00441	0.00483	0.00828
25	0.20861	0.22577	0.02000	0.09795	0.27155	0.01459	0.06105	0.01573	0.01086	0.01708	0.00865	0.01099	0.00717	0.00475	0.00436	0.00150	0.00585	0.00388	0.00265	0.00700
26	0.01769	0.03966	0.01454	0.01276	0.01510	0.60156	0.00968	0.04541	0.01394	0.01343	0.00901	0.01192	0.00798	0.06268	0.03546	0.00196	0.07454	0.00392	0.00281	0.00597
27	0.01060	0.02735	0.78682	0.01507	0.02288	0.01228	0.01953	0.01674	0.01116	0.01674	0.00949	0.01116	0.00670	0.00502	0.00502	0.00167	0.00781	0.00391	0.00223	0.00781
28	0.01226	0.01172	0.01997	0.23690	0.58322	0.01234	0.01581	0.01550	0.01165	0.01627	0.00980	0.01335	0.00802	0.00486	0.00525	0.00162	0.00648	0.00471	0.00255	0.00771
29	0.00755	0.00566	0.00850	0.00850	0.00944	0.00661	0.00661	0.00944	0.00850	0.01227	0.01416	0.02077	0.01322	0.03965	0.79326	0.00850	0.01416	0.00566	0.00283	0.00472
30	0.01060	0.02735	0.78682	0.01507	0.02288	0.01228	0.01953	0.01674	0.01116	0.01674	0.00949	0.01116	0.00670	0.00502	0.00502	0.00167	0.00781	0.00391	0.00223	0.00781
31	0.85155	0.01022	0.00777	0.00695	0.01022	0.01186	0.00573	0.01554	0.00900	0.02372	0.00736	0.00859	0.00573	0.00491	0.00327	0.00164	0.00409	0.00286	0.00327	0.00573
32	0.01365	0.61868	0.15580	0.01085	0.01590	0.04546	0.04655	0.01622	0.01104	0.01340	0.00790	0.00924	0.00683	0.00464	0.00385	0.00126	0.00631	0.00319	0.00229	0.00695
33	0.00769	0.00513	0.00577	0.00577	0.00577	0.00513	0.00320	0.00769	0.00769	0.01025	0.01666	0.03460	0.01922	0.81421	0.02691	0.00513	0.00513	0.00769	0.00320	0.00320
34	0.00965	0.00589	0.00779	0.00708	0.00871	0.00538	0.00544	0.01208	0.01492	0.12190	0.66134	0.03711	0.04458	0.01033	0.00614	0.00168	0.00281	0.02576	0.00589	0.00551
35	0.00773	0.00577	0.00844	0.00850	0.00937	0.00614	0.03292	0.00930	0.00930	0.01280	0.01891	0.14903	0.02011	0.17500	0.38174	0.00573	0.00917	0.12202	0.00353	0.00448
36	0.85155	0.01022	0.00777	0.00695	0.01022	0.01186	0.00573	0.01554	0.00900	0.02372	0.00736	0.00859	0.00573	0.00491	0.00327	0.00164	0.00409	0.00286	0.00327	0.00573
37	0.01269	0.01216	0.02075	0.12973	0.68701	0.01246	0.01603	0.01588	0.01185	0.01680	0.00987	0.01321	0.00821	0.00478	0.00524	0.00159	0.00638	0.00471	0.00258	0.00806
38	0.00998	0.00940	0.01586	0.80150	0.03641	0.01175	0.01468	0.01351	0.01057	0.01351	0.00940	0.01409	0.00705	0.00529	0.00529	0.00176	0.00705	0.00470	0.00235	0.00587
39	0.01073	0.02606	0.71920	0.01531	0.02265	0.01251	0.04970	0.01656	0.01107	0.01656	0.00942	0.01131	0.00676	0.00520	0.00566	0.00171	0.04562	0.00404	0.00225	0.00769
40	0.85155	0.01022	0.00777	0.00695	0.01022	0.01186	0.00573	0.01554	0.00900	0.02372	0.00736	0.00859	0.00573	0.00491	0.00327	0.00164	0.00409	0.00286	0.00327	0.00573
41	0.01212	0.01194	0.01690	0.16686	0.35374	0.08486	0.01297	0.01452	0.01090	0.01461	0.01016	0.01529	0.00912	0.08966	0.04624	0.00237	0.11354	0.00492	0.00261	0.00665
42	0.85155	0.01022	0.00777	0.00695	0.01022	0.01186	0.00573	0.01554	0.00900	0.02372	0.00736	0.00859	0.00573	0.00491	0.00327	0.00164	0.00409	0.00286	0.00327	0.00573
43	0.01231	0.01177	0.02006	0.22490	0.59484	0.01236	0.01584	0.01554	0.01167	0.01633	0.00981	0.01334	0.00804	0.00485	0.00525	0.00162	0.00647	0.00471	0.00255	0.00775
44	0.00769	0.00513	0.00577	0.00577	0.00577	0.00513	0.00320	0.00769	0.00769	0.01025	0.01666	0.03460	0.01922	0.81421	0.02691	0.00513	0.00513	0.00769	0.00320	0.00320
45	0.01083	0.01069	0.08281	0.01004	0.01264	0.01042	0.00839	0.02009	0.42736	0.01821	0.03418	0.07791	0.01693	0.07045	0.16140	0.00335	0.00643	0.00657	0.00441	0.00688
46	0.00755	0.00566	0.00850	0.00850	0.00944	0.00661	0.00661	0.00944	0.00850	0.01227	0.01416	0.02077	0.01322	0.03965	0.79326	0.00850	0.01416	0.00566	0.00283	0.00472
47	0.02278	0.01001	0.01283	0.00989	0.01397	0.00933	0.00815	0.14367	0.04251	0.63884	0.01958	0.01721	0.01254	0.00653	0.00531	0.00163	0.00470	0.00525	0.00630	0.00897
48	0.01413	0.81739	0.02770	0.00905	0.01357	0.02092	0.00905	0.01583	0.01074	0.01244	0.00735	0.00848	0.00678	0.00452	0.00339	0.00113	0.00565	0.00283	0.00226	0.00678
49	0.85155	0.01022	0.00777	0.00695	0.01022	0.01186	0.00573	0.01554	0.00900	0.02372	0.00736	0.00859	0.00573	0.00491	0.00327	0.00164	0.00409	0.00286	0.00327	0.00573
50	0.02288	0.01034	0.01310	0.01004	0.01417	0.00977	0.00830	0.19673	0.01738	0.61074	0.01896	0.01677	0.01214	0.00650	0.00531	0.00162	0.00480	0.00519	0.00625	0.00900
51	0.01120	0.00933	0.01000	0.00902	0.01155	0.01017	0.00699	0.06946	0.43583	0.02101	0.14981	0.02919	0.18629	0.00905	0.00570	0.00176	0.00369	0.00760	0.00534	0.00702
52	0.00756	0.00564	0.00837	0.00837	0.00927	0.00654	0.00645	0.00936	0.00846	0.01218	0.01428	0.02142	0.01350	0.07636	0.75693	0.00834	0.01373	0.00576	0.00285	0.00465
53	0.01129	0.14754	0.61327	0.01469	0.02181	0.01369	0.07404	0.01662	0.01120	0.01610	0.00925	0.01098	0.00681	0.00490	0.00486	0.00160	0.00756	0.00392	0.00227	0.00760
54	0.85155	0.01022	0.00777	0.00695	0.01022	0.01186	0.00573	0.01554	0.00900	0.02372	0.00736	0.00859	0.00573	0.00491	0.00327	0.00164	0.00409	0.00286	0.00327	0.00573
55	0.01210	0.25730	0.42095	0.01652	0.16111	0.01488	0.01583	0.01638	0.01120	0.01557	0.00894	0.01073	0.00703	0.00482	0.00458	0.00149	0.00689	0.00374	0.00231	0.00761
56	0.00918	0.00459	0.00689	0.00689	0.00689	0.00459	0.00459	0.00689	0.00689	0.00918	0.00918	0.01607	0.00918	0.01837	0.02066	0.84619	0.00459	0.00459	0.00230	0.00230
57	0.00731	0.00532	0.00693	0.00704	0.00814	0.00494	0.00529	0.00941	0.01352	0.01864	0.50115	0.19325	0.09378	0.01252	0.00645	0.00185	0.00288	0.09131	0.00548	0.00480
58	0.01410	0.52204	0.20301	0.01109	0.01613	0.12712	0.01166	0.01678	0.01143	0.01351	0.00796	0.00925	0.00677	0.00477	0.00397	0.00129	0.00670	0.00316	0.00232	0.00693
59	0.01413	0.81739	0.02770	0.00905	0.01357	0.02092	0.00905	0.01583	0.01074	0.01244	0.00735	0.00848	0.00678	0.00452	0.00339	0.00113	0.00565	0.00283	0.00226	0.00678
60	0.01228	0.01186	0.01965	0.26308	0.54252	0.02761	0.01564	0.01550	0.01165	0.01606	0.00974	0.01332	0.00794	0.00490	0.00524	0.00162	0.00657	0.00468	0.00254	0.00758
61	0.00625	0.00536	0.00536	0.00536	0.00714	0.00446	0.00402	0.00759	0.01205	0.01428	0.05355	0.05088	0.77909	0.01339	0.00625	0.00179	0.00268	0.01116	0.00491	0.00446
62	0.01261	0.01307	0.01634	0.01529	0.07900	0.09698	0.01169	0.01453	0.04056	0.01352	0.00792	0.01182	0.00743	0.00839	0.01452	0.00213	0.62101	0.00456	0.00251	0.00614
63	0.85155	0.01022	0.00777	0.00695	0.01022	0.01186	0.00573	0.01554	0.00900	0.02372	0.00736	0.00859	0.00573	0.00491	0.00327	0.00164	0.00409	0.00286	0.00327	0.00573
64	0.01292	0.01334	0.02306	0.02529	0.39040	0.04122	0.23833	0.01648	0.03626	0.01650	0.01004	0.01330	0.00825	0.00541	0.00731	0.00174	0.12479	0.00515	0.00268	0.00754
65	0.85155	0.01022	0.00777	0.00695	0.01022	0.01186	0.00573	0.01554	0.00900	0.02372	0.00736	0.00859	0.00573	0.00491	0.00327	0.00164	0.00409	0.00286	0.00327	0.00573
66	0.00904	0.00751	0.00967	0.01091	0.12158	0.00744	0.00707	0.01358	0.14837	0.01908	0.34917	0.03516	0.20600	0.00994	0.00596	0.00172	0.00344	0.02336	0.00504	0.00596
67	0.02372	0.00900	0.01227	0.00941	0.01350	0.00777	0.00777	0.02576	0.01513	0.78489	0.02086	0.01799	0.01309	0.00654	0.00532	0.00164	0.00450	0.00532	0.00654	0.00900
68	0.01172	0.01134	0.01378	0.01497	0.16344	0.10799	0.01000	0.04663	0.02491	0.01585	0.11568	0.01918	0.05104	0.01392	0.15850	0.00307	0.20282	0.00569	0.00330	0.00615
69	0.00769	0.00513	0.00577	0.00577	0.00577	0.00513	0.00320	0.00769	0.00769	0.01025	0.01666	0.03460	0.01922	0.81421	0.02691	0.00513	0.00513	0.00769	0.00320	0.00320
70	0.01686	0.00848	0.01076	0.00873	0.01175	0.00798	0.00701	0.13026	0.01647	0.37618	0.29844	0.02576	0.04149	0.00822	0.00567	0.00164	0.00392	0.00691	0.00606	0.00743
71	0.02010	0.01481	0.01587	0.01216	0.01639	0.01639	0.01005	0.76360	0.02486	0.03332	0.01269	0.01269	0.00899	0.00635	0.00529	0.00159	0.00582	0.00476	0.00529	0.00899
72	0.85155	0.01022	0.00777	0.00695	0.01022	0.01186	0.00573	0.01554	0.00900	0.02372	0.00736	0.00859	0.00573	0.00491	0.00327	0.00164	0.00409	0.00286	0.00327	0.00573
73	0.01975	0.02520	0.01498	0.01362	0.01634	0.79299	0.01021	0.02111	0.01498	0.01294	0.00817	0.00953	0.00681	0.00545	0.00477	0.00136	0.00953	0.00340	0.00272	0.00613
74	0.00800	0.00656	0.00847	0.15032	0.01320	0.00668	0.00664	0.01120	0.07100	0.01739	0.33442	0.03664	0.25884	0.03965	0.00676	0.00185	0.00360	0.00882	0.00479	0.00518
75	0.00755	0.00566	0.00850	0.00850	0.00944	0.00661	0.00661	0.00944	0.00850	0.01227	0.01416	0.02077	0.01322	0.03965	0.79326	0.00850	0.01416	0.00566	0.00283	0.00472
76	0.01088	0.08870	0.72787	0.01460	0.02216	0.01295	0.01872	0.01667	0.01113	0.01641	0.00932	0.01095	0.00670	0.00498	0.00490	0.00163	0.00765	0.00382	0.00223	0.00773

[dist]
# distance from previous block
# <min> <max>
0	1

[block]
# block no. 1 follows, 46 sequences, length 66
# corresponding to MSA columns:
# 109-174
name=unknown_B
#
# <colnr> <probs for GDERKNQSTAVLIFYWHMCP>
#	G	D	E	R	K	N	Q	S	T	A	V	L	I	F	Y	W	H	M	C	P
0	0.85155	0.01022	0.00777	0.00695	0.01022	0.01186	0.00573	0.01554	0.00900	0.02372	0.00736	0.00859	0.00573	0.00491	0.00327	0.00164	0.00409	0.00286	0.00327	0.00573
1	0.01286	0.07525	0.31671	0.01666	0.02231	0.08929	0.26973	0.04550	0.04063	0.01682	0.01010	0.01227	0.00761	0.00512	0.00577	0.00167	0.03699	0.00471	0.00267	0.00734
2	0.00918	0.00459	0.00689	0.00689	0.00689	0.00459	0.00459	0.00689	0.00689	0.00918	0.00918	0.01607	0.00918	0.01837	0.02066	0.84619	0.00459	0.00459	0.00230	0.00230
3	0.01240	0.21185	0.53480	0.01371	0.03987	0.01401	0.01617	0.01713	0.01136	0.06845	0.00978	0.01105	0.00720	0.00500	0.00466	0.00154	0.00704	0.00377	0.00254	0.00767
4	0.01775	0.02173	0.01385	0.01291	0.01540	0.64535	0.00989	0.01960	0.03229	0.01363	0.01174	0.01801	0.01091	0.00699	0.00520	0.00155	0.00864	0.12545	0.00314	0.00597
5	0.85155	0.01022	0.00777	0.00695	0.01022	0.01186	0.00573	0.01554	0.00900	0.02372	0.00736	0.00859	0.00573	0.00491	0.00327	0.00164	0.00409	0.00286	0.00327	0.00573
6	0.01166	0.01111	0.01889	0.38557	0.43924	0.01219	0.01552	0.01498	0.01136	0.01554	0.00969	0.01355	0.00776	0.00497	0.00526	0.00166	0.00663	0.00470	0.00249	0.00723
7	0.00625	0.00536	0.00536	0.00536	0.00714	0.00446	0.00402	0.00759	0.01205	0.01428	0.05355	0.05088	0.77909	0.01339	0.00625	0.00179	0.00268	0.01116	0.00491	0.00446
8	0.01928	0.02146	0.01530	0.01324	0.01619	0.53009	0.01026	0.22093	0.01717	0.01842	0.00931	0.01053	0.00741	0.00595	0.00577	0.00149	0.06308	0.00385	0.00339	0.00688
9	0.85155	0.01022	0.00777	0.00695	0.01022	0.01186	0.00573	0.01554	0.00900	0.02372	0.00736	0.00859	0.00573	0.00491	0.00327	0.00164	0.00409	0.00286	0.00327	0.00573
10	0.00799	0.00591	0.00814	0.06246	0.03818	0.00645	0.00585	0.00911	0.00837	0.01155	0.01490	0.02682	0.01557	0.41691	0.33301	0.00612	0.00894	0.00656	0.00297	0.00419
11	0.85155	0.01022	0.00777	0.00695	0.01022	0.01186	0.00573	0.01554	0.00900	0.02372	0.00736	0.00859	0.00573	0.00491	0.00327	0.00164	0.00409	0.00286	0.00327	0.00573
12	0.01034	0.00904	0.01228	0.01562	0.26568	0.00905	0.00912	0.03585	0.14136	0.01785	0.08038	0.03017	0.27927	0.00883	0.00566	0.00169	0.00424	0.02117	0.03580	0.00661
13	0.00644	0.00460	0.00613	0.00736	0.00767	0.00429	0.00491	0.00736	0.01012	0.01350	0.02914	0.81076	0.03497	0.01656	0.00675	0.00215	0.00307	0.01503	0.00491	0.00429
14	0.01472	0.01420	0.01577	0.01900	0.30429	0.16723	0.01134	0.11120	0.14491	0.01930	0.01444	0.01567	0.04360	0.00598	0.00509	0.00155	0.00604	0.00497	0.07317	0.00755
15	0.00756	0.00563	0.00832	0.00832	0.00920	0.00651	0.00638	0.00932	0.00844	0.01214	0.01433	0.02169	0.01361	0.09104	0.74241	0.00827	0.01356	0.00580	0.00286	0.00462
16	0.01956	0.01698	0.01425	0.01182	0.01523	0.30277	0.00934	0.30728	0.01881	0.14775	0.07290	0.01450	0.01208	0.00640	0.00517	0.00152	0.00672	0.00473	0.00458	0.00761
17	0.01975	0.02520	0.01498	0.01362	0.01634	0.79299	0.01021	0.02111	0.01498	0.01294	0.00817	0.00953	0.00681	0.00545	0.00477	0.00136	0.00953	0.00340	0.00272	0.00613
18	0.85155	0.01022	0.00777	0.00695	0.01022	0.01186	0.00573	0.01554	0.00900	0.02372	0.00736	0.00859	0.00573	0.00491	0.00327	0.00164	0.00409	0.00286	0.00327	0.00573
19	0.01413	0.81739	0.02770	0.00905	0.01357	0.02092	0.00905	0.01583	0.01074	0.01244	0.00735	0.00848	0.00678	0.00452	0.00339	0.00113	0.00565	0.00283	0.00226	0.00678
20	0.00953	0.01308	0.21944	0.01519	0.20507	0.00877	0.01160	0.01297	0.01267	0.01776	0.24441	0.02759	0.14995	0.00824	0.00568	0.00168	0.00494	0.02105	0.00389	0.00650
21	0.00755	0.00566	0.00850	0.00850	0.00944	0.00661	0.00661	0.00944	0.00850	0.01227	0.01416	0.02077	0.01322	0.03965	0.79326	0.00850	0.01416	0.00566	0.00283	0.00472
22	0.01085	0.08156	0.73473	0.01465	0.02224	0.01287	0.01881	0.01668	0.01113	0.01645	0.00934	0.01098	0.00670	0.00499	0.00491	0.00164	0.00766	0.00383	0.00223	0.00774
23	0.85155	0.01022	0.00777	0.00695	0.01022	0.01186	0.00573	0.01554	0.00900	0.02372	0.00736	0.00859	0.00573	0.00491	0.00327	0.00164	0.00409	0.00286	0.00327	0.00573
24	0.01085	0.08149	0.73480	0.01466	0.02224	0.01287	0.01881	0.01668	0.01113	0.01645	0.00934	0.01098	0.00670	0.00499	0.00491	0.00164	0.00766	0.00383	0.00223	0.00774
25	0.00918	0.00459	0.00689	0.00689	0.00689	0.00459	0.00459	0.00689	0.00689	0.00918	0.00918	0.01607	0.00918	0.01837	0.02066	0.84619	0.00459	0.00459	0.00230	0.00230
26	0.00885	0.00608	0.00763	0.00761	0.00888	0.00584	0.00560	0.07694	0.01347	0.05264	0.27785	0.37316	0.08222	0.01302	0.00637	0.00190	0.00323	0.03820	0.00532	0.00519
27	0.01337	0.64606	0.19233	0.01035	0.01559	0.01904	0.01132	0.01603	0.01083	0.01337	0.00781	0.00906	0.00677	0.00463	0.00375	0.00125	0.00612	0.00306	0.00226	0.00701
28	0.85155	0.01022	0.00777	0.00695	0.01022	0.01186	0.00573	0.01554	0.00900	0.02372	0.00736	0.00859	0.00573	0.00491	0.00327	0.00164	0.00409	0.00286	0.00327	0.00573
29	0.01433	0.01141	0.01853	0.06014	0.55572	0.01138	0.01385	0.04254	0.01274	0.12650	0.01255	0.04372	0.01019	0.00555	0.00525	0.00160	0.00578	0.00519	0.03493	0.00809
30	0.00852	0.00608	0.00852	0.00974	0.01095	0.00608	0.00852	0.01095	0.01217	0.01582	0.02799	0.05963	0.03042	0.01460	0.00730	0.00243	0.00487	0.74565	0.00487	0.00487
31	0.01152	0.03218	0.01572	0.01314	0.01334	0.01554	0.01096	0.01278	0.00837	0.01319	0.00766	0.01204	0.00739	0.00892	0.01605	0.00221	0.72861	0.00460	0.06004	0.00575
32	0.85155	0.01022	0.00777	0.00695	0.01022	0.01186	0.00573	0.01554	0.00900	0.02372	0.00736	0.00859	0.00573	0.00491	0.00327	0.00164	0.00409	0.00286	0.00327	0.00573
33	0.01067	0.01049	0.01811	0.55110	0.03128	0.01265	0.12680	0.01433	0.03217	0.01416	0.00959	0.01393	0.00744	0.00577	0.00712	0.00184	0.11900	0.00496	0.00248	0.00612
34	0.85155	0.01022	0.00777	0.00695	0.01022	0.01186	0.00573	0.01554	0.00900	0.02372	0.00736	0.00859	0.00573	0.00491	0.00327	0.00164	0.00409	0.00286	0.00327	0.00573
35	0.01214	0.01029	0.01108	0.01002	0.01270	0.01169	0.00776	0.02485	0.63647	0.02195	0.15677	0.02326	0.02217	0.00782	0.00553	0.00177	0.00388	0.00662	0.00546	0.00776
36	0.00755	0.00566	0.00850	0.00850	0.00944	0.00661	0.00661	0.00944	0.00850	0.01227	0.01416	0.02077	0.01322	0.03965	0.79326	0.00850	0.01416	0.00566	0.00283	0.00472
37	0.01135	0.01037	0.01528	0.28475	0.23406	0.01159	0.01232	0.01768	0.21987	0.01701	0.01670	0.03432	0.06501	0.00661	0.00543	0.00174	0.00562	0.01965	0.00353	0.00710
38	0.00755	0.00566	0.00850	0.00850	0.00944	0.00661	0.00661	0.00944	0.00850	0.01227	0.01416	0.02077	0.01322	0.03965	0.79326	0.00850	0.01416	0.00566	0.00283	0.00472
39	0.01668	0.01536	0.23998	0.01337	0.09200	0.03679	0.01199	0.07788	0.01429	0.31934	0.06685	0.01745	0.04114	0.00640	0.00530	0.00163	0.00572	0.00523	0.00455	0.00805
40	0.01234	0.41664	0.41276	0.01210	0.01829	0.01654	0.01437	0.01629	0.01095	0.01462	0.00843	0.00984	0.00674	0.00478	0.00422	0.00141	0.00675	0.00337	0.00225	0.00731
41	0.85155	0.01022	0.00777	0.00695	0.01022	0.01186	0.00573	0.01554	0.00900	0.02372	0.00736	0.00859	0.00573	0.00491	0.00327	0.00164	0.00409	0.00286	0.00327	0.00573
42	0.01413	0.81739	0.02770	0.00905	0.01357	0.02092	0.00905	0.01583	0.01074	0.01244	0.00735	0.00848	0.00678	0.00452	0.00339	0.00113	0.00565	0.00283	0.00226	0.00678
43	0.00720	0.00544	0.00668	0.00649	0.00789	0.00491	0.00495	0.00936	0.01394	0.01886	0.52018	0.04412	0.25655	0.01180	0.00631	0.00175	0.00271	0.06052	0.00549	0.00483
44	0.00755	0.00566	0.00850	0.00850	0.00944	0.00661	0.00661	0.00944	0.00850	0.01227	0.01416	0.02077	0.01322	0.03965	0.79326	0.00850	0.01416	0.00566	0.00283	0.00472
45	0.01129	0.00838	0.00958	0.00840	0.01064	0.00874	0.00654	0.14869	0.17323	0.04079	0.38960	0.03013	0.08257	0.00916	0.00577	0.00167	0.00350	0.00780	0.03706	0.00646
46	0.85155	0.01022	0.00777	0.00695	0.01022	0.01186	0.00573	0.01554	0.00900	0.02372	0.00736	0.00859	0.00573	0.00491	0.00327	0.00164	0.00409	0.00286	0.00327	0.00573
47	0.01080	0.02596	0.70694	0.01583	0.02338	0.01239	0.09802	0.01676	0.01130	0.01676	0.00961	0.01149	0.00684	0.00496	0.00515	0.00169	0.00793	0.00415	0.00228	0.00774
48	0.00918	0.00459	0.00689	0.00689	0.00689	0.00459	0.00459	0.00689	0.00689	0.00918	0.00918	0.01607	0.00918	0.01837	0.02066	0.84619	0.00459	0.00459	0.00230	0.00230
49	0.01117	0.01061	0.01800	0.50720	0.32144	0.01206	0.01527	0.01455	0.01113	0.01495	0.00961	0.01371	0.00755	0.00507	0.00527	0.00169	0.00675	0.00470	0.00245	0.00683
50	0.01627	0.31339	0.02171	0.01301	0.01670	0.37587	0.11735	0.01819	0.01293	0.01334	0.00883	0.03262	0.00778	0.00528	0.00453	0.00136	0.00784	0.00393	0.00261	0.00646
51	0.01413	0.81739	0.02770	0.00905	0.01357	0.02092	0.00905	0.01583	0.01074	0.01244	0.00735	0.00848	0.00678	0.00452	0.00339	0.00113	0.00565	0.00283	0.00226	0.00678
52	0.01275	0.01222	0.02086	0.11411	0.70214	0.01247	0.01606	0.01594	0.01188	0.01687	0.00989	0.01319	0.00823	0.00477	0.00524	0.00159	0.00636	0.00471	0.00259	0.00811
53	0.00998	0.00940	0.01586	0.80150	0.03641	0.01175	0.01468	0.01351	0.01057	0.01351	0.00940	0.01409	0.00705	0.00529	0.00529	0.00176	0.00705	0.00470	0.00235	0.00587
54	0.01157	0.01157	0.01619	0.01388	0.01388	0.01619	0.01157	0.01272	0.00810	0.01272	0.00694	0.01157	0.00694	0.00925	0.01735	0.00231	0.80453	0.00463	0.00231	0.00578
55	0.85155	0.01022	0.00777	0.00695	0.01022	0.01186	0.00573	0.01554	0.00900	0.02372	0.00736	0.00859	0.00573	0.00491	0.00327	0.00164	0.00409	0.00286	0.00327	0.00573
56	0.01270	0.01207	0.02047	0.03068	0.72817	0.01204	0.01545	0.01580	0.01224	0.01754	0.06268	0.01490	0.01122	0.00513	0.00530	0.00158	0.00602	0.00504	0.00284	0.00814
57	0.85155	0.01022	0.00777	0.00695	0.01022	0.01186	0.00573	0.01554	0.00900	0.02372	0.00736	0.00859	0.00573	0.00491	0.00327	0.00164	0.00409	0.00286	0.00327	0.00573
58	0.01203	0.00847	0.00900	0.00811	0.01037	0.00922	0.00629	0.08515	0.31172	0.03768	0.07948	0.02174	0.04485	0.00721	0.00482	0.00155	0.00349	0.00592	0.32617	0.00671
59	0.00744	0.00540	0.00702	0.00674	0.00797	0.00498	0.00507	0.00983	0.01459	0.02050	0.70062	0.06864	0.07361	0.01124	0.00629	0.00171	0.00260	0.03508	0.00572	0.00494
60	0.01238	0.01141	0.01503	0.07228	0.28826	0.04017	0.01120	0.02023	0.32621	0.01902	0.07681	0.01961	0.05085	0.00668	0.00541	0.00169	0.00512	0.00587	0.00410	0.00767
61	0.00755	0.00566	0.00850	0.00850	0.00944	0.00661	0.00661	0.00944	0.00850	0.01227	0.01416	0.02077	0.01322	0.03965	0.79326	0.00850	0.01416	0.00566	0.00283	0.00472
62	0.01013	0.00852	0.01295	0.01684	0.30427	0.00835	0.00960	0.04042	0.01411	0.01995	0.42857	0.02912	0.03177	0.00845	0.00586	0.00165	0.00415	0.03431	0.00454	0.00643
63	0.42003	0.09083	0.01308	0.00941	0.01315	0.04382	0.00787	0.30283	0.01548	0.02590	0.00944	0.01019	0.00712	0.00544	0.00411	0.00156	0.00511	0.00361	0.00393	0.00710
64	0.01801	0.01436	0.01456	0.02696	0.08943	0.17596	0.00972	0.21692	0.03419	0.17973	0.04123	0.01413	0.01077	0.00606	0.00553	0.00150	0.03604	0.00462	0.00438	0.09594
65	0.01238	0.04658	0.24310	0.01994	0.30345	0.01264	0.01450	0.05095	0.16241	0.01854	0.02768	0.04154	0.01110	0.00588	0.00521	0.00165	0.00609	0.00510	0.00329	0.00797

[dist]
# distance from previous block
# <min> <max>
0	19

[block]
# block no. 2 follows, 46 sequences, length 64
# corresponding to MSA columns:
# 194-257
name=unknown_C
#
# <colnr> <probs for GDERKNQSTAVLIFYWHMCP>
#	G	D	E	R	K	N	Q	S	T	A	V	L	I	F	Y	W	H	M	C	P
0	0.40120	0.17491	0.01362	0.00923	0.01241	0.22772	0.00757	0.01660	0.01106	0.01784	0.00900	0.06095	0.00813	0.00574	0.00393	0.00149	0.00583	0.00379	0.00303	0.00595
1	0.03137	0.01255	0.04210	0.02165	0.35372	0.01212	0.10747	0.10317	0.07180	0.15088	0.03162	0.01503	0.01070	0.00552	0.00537	0.00163	0.00601	0.00517	0.00389	0.00824
2	0.00735	0.00610	0.00761	0.00681	0.00874	0.00529	0.04239	0.00923	0.01275	0.01667	0.27823	0.04189	0.42157	0.04411	0.00692	0.00181	0.00312	0.00969	0.00489	0.06484
3	0.01438	0.00754	0.00937	0.00790	0.01057	0.00688	0.00622	0.07687	0.01456	0.29190	0.19356	0.09068	0.12779	0.00907	0.00558	0.00163	0.00362	0.00767	0.06552	0.04872
4	0.01060	0.02735	0.78682	0.01507	0.02288	0.01228	0.01953	0.01674	0.01116	0.01674	0.00949	0.01116	0.00670	0.00502	0.00502	0.00167	0.00781	0.00391	0.00223	0.00781
5	0.01378	0.01233	0.01777	0.02017	0.30347	0.01309	0.08491	0.11806	0.28391	0.02100	0.01523	0.01741	0.01208	0.00618	0.00547	0.00171	0.00567	0.03554	0.00405	0.00819
6	0.00755	0.00566	0.00850	0.00850	0.00944	0.00661	0.00661	0.00944	0.00850	0.01227	0.01416	0.02077	0.01322	0.03965	0.79326	0.00850	0.01416	0.00566	0.00283	0.00472
7	0.01134	0.19264	0.62799	0.01381	0.02093	0.01409	0.01734	0.01655	0.01107	0.01584	0.00904	0.01060	0.00672	0.00492	0.00468	0.00156	0.00736	0.00368	0.00224	0.00760
8	0.85155	0.01022	0.00777	0.00695	0.01022	0.01186	0.00573	0.01554	0.00900	0.02372	0.00736	0.00859	0.00573	0.00491	0.00327	0.00164	0.00409	0.00286	0.00327	0.00573
9	0.01407	0.70085	0.10096	0.00986	0.01461	0.05871	0.01012	0.01618	0.01099	0.01288	0.00760	0.00879	0.00678	0.00462	0.00362	0.00120	0.00606	0.00296	0.00228	0.00685
10	0.00918	0.00459	0.00689	0.00689	0.00689	0.00459	0.00459	0.00689	0.00689	0.00918	0.00918	0.01607	0.00918	0.01837	0.02066	0.84619	0.00459	0.00459	0.00230	0.00230
11	0.00769	0.00666	0.05110	0.00725	0.00868	0.00560	0.00582	0.00992	0.01286	0.01803	0.49294	0.03667	0.06850	0.12758	0.08502	0.00285	0.00440	0.03870	0.00488	0.00484
12	0.01520	0.31636	0.23007	0.01234	0.01711	0.29695	0.01233	0.01798	0.01238	0.01379	0.00823	0.00959	0.00677	0.00499	0.00433	0.00136	0.00764	0.00333	0.00242	0.00683
13	0.64942	0.01386	0.00952	0.00857	0.01171	0.20167	0.00682	0.01689	0.01045	0.02110	0.00756	0.00882	0.00599	0.00504	0.00363	0.00157	0.00541	0.00299	0.00314	0.00582
14	0.01224	0.01090	0.01789	0.02608	0.59334	0.01076	0.01344	0.01513	0.01235	0.04055	0.08413	0.01868	0.06761	0.00602	0.00532	0.00158	0.00543	0.00564	0.04527	0.00763
15	0.00827	0.00600	0.00817	0.00925	0.01053	0.00591	0.00802	0.01058	0.01216	0.01565	0.03081	0.05867	0.11313	0.01447	0.00719	0.00236	0.00463	0.66451	0.00487	0.00482
16	0.01392	0.01457	0.02134	0.01663	0.01937	0.10955	0.27810	0.10651	0.01253	0.01675	0.00912	0.01241	0.00756	0.00673	0.01040	0.00192	0.32796	0.00507	0.00285	0.00669
17	0.85155	0.01022	0.00777	0.00695	0.01022	0.01186	0.00573	0.01554	0.00900	0.02372	0.00736	0.00859	0.00573	0.00491	0.00327	0.00164	0.00409	0.00286	0.00327	0.00573
18	0.01187	0.01149	0.01850	0.21261	0.36798	0.01347	0.01444	0.01450	0.01048	0.01498	0.00890	0.01287	0.00762	0.00623	0.00893	0.00184	0.24916	0.00468	0.00246	0.00698
19	0.85155	0.01022	0.00777	0.00695	0.01022	0.01186	0.00573	0.01554	0.00900	0.02372	0.00736	0.00859	0.00573	0.00491	0.00327	0.00164	0.00409	0.00286	0.00327	0.00573
20	0.01181	0.01063	0.01537	0.02025	0.38247	0.01105	0.01136	0.01827	0.23947	0.01921	0.14346	0.02146	0.05834	0.00692	0.00550	0.00166	0.00483	0.00624	0.00410	0.00760
21	0.00755	0.00566	0.00850	0.00850	0.00944	0.00661	0.00661	0.00944	0.00850	0.01227	0.01416	0.02077	0.01322	0.03965	0.79326	0.00850	0.01416	0.00566	0.00283	0.00472
22	0.01091	0.00938	0.03198	0.01285	0.13602	0.00923	0.04944	0.10472	0.10669	0.01837	0.14115	0.07043	0.06098	0.20194	0.01082	0.00253	0.00489	0.00736	0.00419	0.00614
23	0.00761	0.00545	0.00739	0.00739	0.00796	0.00601	0.00523	0.00873	0.00817	0.01146	0.01517	0.02636	0.01564	0.35264	0.48359	0.00713	0.01051	0.00648	0.00298	0.00411
24	0.06742	0.01055	0.01258	0.00984	0.01360	0.01050	0.00807	0.26516	0.01795	0.40507	0.10713	0.01827	0.01569	0.00689	0.00530	0.00162	0.00467	0.00550	0.00586	0.00834
25	0.01413	0.81739	0.02770	0.00905	0.01357	0.02092	0.00905	0.01583	0.01074	0.01244	0.00735	0.00848	0.00678	0.00452	0.00339	0.00113	0.00565	0.00283	0.00226	0.00678
26	0.75309	0.01077	0.00873	0.00757	0.01095	0.01240	0.00624	0.10413	0.01087	0.02486	0.00799	0.00907	0.00611	0.00508	0.00351	0.00163	0.00429	0.00309	0.00351	0.00611
27	0.58549	0.01083	0.00983	0.00821	0.01177	0.01203	0.00677	0.14591	0.01264	0.13833	0.01028	0.01069	0.00738	0.00540	0.00392	0.00163	0.00445	0.00355	0.00410	0.00677
28	0.00733	0.00739	0.07619	0.00721	0.00921	0.00566	0.00620	0.00964	0.01268	0.01698	0.32608	0.03946	0.31553	0.01486	0.10174	0.00256	0.00451	0.02698	0.00477	0.00501
29	0.00755	0.00566	0.00850	0.00850	0.00944	0.00661	0.00661	0.00944	0.00850	0.01227	0.01416	0.02077	0.01322	0.03965	0.79326	0.00850	0.01416	0.00566	0.00283	0.00472
30	0.01186	0.18704	0.58910	0.01368	0.02062	0.01426	0.01687	0.05879	0.01185	0.01681	0.00923	0.01070	0.00684	0.00500	0.00471	0.00156	0.00726	0.00374	0.00241	0.00767
31	0.85155	0.01022	0.00777	0.00695	0.01022	0.01186	0.00573	0.01554	0.00900	0.02372	0.00736	0.00859	0.00573	0.00491	0.00327	0.00164	0.00409	0.00286	0.00327	0.00573
32	0.01404	0.77197	0.02790	0.00979	0.01436	0.02049	0.05163	0.01589	0.01084	0.01269	0.00754	0.00881	0.00685	0.00452	0.00355	0.00117	0.00584	0.00302	0.00228	0.00680
33	0.00918	0.00459	0.00689	0.00689	0.00689	0.00459	0.00459	0.00689	0.00689	0.00918	0.00918	0.01607	0.00918	0.01837	0.02066	0.84619	0.00459	0.00459	0.00230	0.00230
34	0.00772	0.00579	0.00700	0.00694	0.00805	0.01927	0.00518	0.00948	0.01183	0.01608	0.29389	0.03823	0.16010	0.14527	0.13898	0.00342	0.00522	0.07807	0.03491	0.00457
35	0.01518	0.51743	0.11429	0.01095	0.01539	0.22105	0.01059	0.01731	0.01190	0.01308	0.00782	0.00907	0.00678	0.00482	0.00394	0.00126	0.00692	0.00311	0.00238	0.00674
36	0.85155	0.01022	0.00777	0.00695	0.01022	0.01186	0.00573	0.01554	0.00900	0.02372	0.00736	0.00859	0.00573	0.00491	0.00327	0.00164	0.00409	0.00286	0.00327	0.00573
37	0.01379	0.01270	0.02057	0.06142	0.66027	0.01298	0.01543	0.10462	0.01350	0.01902	0.01025	0.01308	0.00839	0.00493	0.00524	0.00158	0.00626	0.00472	0.00292	0.00834
38	0.00852	0.00608	0.00852	0.00974	0.01095	0.00608	0.00852	0.01095	0.01217	0.01582	0.02799	0.05963	0.03042	0.01460	0.00730	0.00243	0.00487	0.74565	0.00487	0.00487
39	0.01117	0.01807	0.33382	0.01437	0.01759	0.01458	0.01485	0.01438	0.00936	0.01438	0.00799	0.01140	0.00684	0.00751	0.01227	0.00205	0.47615	0.00433	0.00228	0.00662
40	0.85155	0.01022	0.00777	0.00695	0.01022	0.01186	0.00573	0.01554	0.00900	0.02372	0.00736	0.00859	0.00573	0.00491	0.00327	0.00164	0.00409	0.00286	0.00327	0.00573
41	0.01405	0.01356	0.01941	0.07103	0.55305	0.08000	0.01452	0.07721	0.07170	0.01834	0.01087	0.01332	0.00881	0.00513	0.00521	0.00158	0.00641	0.00470	0.00304	0.00809
42	0.85155	0.01022	0.00777	0.00695	0.01022	0.01186	0.00573	0.01554	0.00900	0.02372	0.00736	0.00859	0.00573	0.00491	0.00327	0.00164	0.00409	0.00286	0.00327	0.00573
43	0.01066	0.00958	0.01342	0.04818	0.24479	0.00988	0.03216	0.01654	0.21842	0.01809	0.10618	0.04210	0.19136	0.00826	0.00567	0.00172	0.00453	0.00730	0.00427	0.00690
44	0.00756	0.00563	0.00834	0.00834	0.00923	0.00652	0.00642	0.00934	0.00845	0.01216	0.01430	0.02155	0.01356	0.08345	0.74992	0.00831	0.01365	0.00578	0.00285	0.00463
45	0.00981	0.00851	0.01238	0.01610	0.28344	0.00838	0.00926	0.01347	0.08259	0.01843	0.27540	0.03115	0.16182	0.00892	0.00585	0.00170	0.00413	0.03782	0.00444	0.00640
46	0.00764	0.00533	0.00682	0.00682	0.00719	0.00570	0.00452	0.00836	0.00800	0.01103	0.01569	0.02925	0.01690	0.51505	0.32290	0.00643	0.00861	0.00691	0.00306	0.00379
47	0.01042	0.00760	0.00926	0.00788	0.01077	0.00631	0.00595	0.01275	0.04220	0.08242	0.04499	0.29736	0.01975	0.00902	0.00518	0.00141	0.00362	0.00789	0.00424	0.41096
48	0.01809	0.16023	0.01647	0.01222	0.01515	0.60487	0.00956	0.01959	0.01398	0.01333	0.00866	0.01006	0.00728	0.00534	0.00446	0.00131	0.00837	0.00341	0.06147	0.00616
49	0.85155	0.01022	0.00777	0.00695	0.01022	0.01186	0.00573	0.01554	0.00900	0.02372	0.00736	0.00859	0.00573	0.00491	0.00327	0.00164	0.00409	0.00286	0.00327	0.00573
50	0.01954	0.05699	0.01554	0.01336	0.01623	0.72263	0.01016	0.05805	0.01530	0.01394	0.00836	0.00965	0.00692	0.00545	0.00474	0.00136	0.00919	0.00345	0.00283	0.00630
51	0.01121	0.01032	0.01698	0.02123	0.38119	0.01027	0.09135	0.01526	0.08162	0.01820	0.17302	0.05632	0.03354	0.00738	0.00576	0.00171	0.00531	0.04844	0.00380	0.00710
52	0.00755	0.00566	0.00850	0.00850	0.00944	0.00661	0.00661	0.00944	0.00850	0.01227	0.01416	0.02077	0.01322	0.03965	0.79326	0.00850	0.01416	0.00566	0.00283	0.00472
53	0.01236	0.41935	0.41016	0.01208	0.01826	0.01656	0.01433	0.01629	0.01095	0.01461	0.00843	0.00983	0.00674	0.00477	0.00421	0.00140	0.00674	0.00337	0.00225	0.00730
54	0.85155	0.01022	0.00777	0.00695	0.01022	0.01186	0.00573	0.01554	0.00900	0.02372	0.00736	0.00859	0.00573	0.00491	0.00327	0.00164	0.00409	0.00286	0.00327	0.00573
55	0.01144	0.21567	0.60586	0.01363	0.02066	0.01434	0.01703	0.01652	0.01106	0.01572	0.00898	0.01052	0.00672	0.00490	0.00463	0.00154	0.00730	0.00365	0.00224	0.00757
56	0.00918	0.00459	0.00689	0.00689	0.00689	0.00459	0.00459	0.00689	0.00689	0.00918	0.00918	0.01607	0.00918	0.01837	0.02066	0.84619	0.00459	0.00459	0.00230	0.00230
57	0.01456	0.00899	0.01068	0.00882	0.01153	0.00902	0.00700	0.24442	0.01757	0.17821	0.31678	0.04080	0.06463	0.03485	0.00644	0.00176	0.00402	0.00734	0.00566	0.00693
58	0.01773	0.02310	0.14047	0.01377	0.01727	0.52719	0.02618	0.03887	0.01404	0.05779	0.00917	0.01060	0.00724	0.00574	0.00585	0.00152	0.07018	0.00378	0.00289	0.00663
59	0.01413	0.81739	0.02770	0.00905	0.01357	0.02092	0.00905	0.01583	0.01074	0.01244	0.00735	0.00848	0.00678	0.00452	0.00339	0.00113	0.00565	0.00283	0.00226	0.00678
60	0.00936	0.00775	0.01184	0.05129	0.04074	0.00826	0.07050	0.01230	0.03929	0.01604	0.07531	0.08092	0.02545	0.01200	0.00784	0.00221	0.08220	0.43696	0.00432	0.00542
61	0.01308	0.01256	0.02146	0.03245	0.78123	0.01256	0.01622	0.01622	0.01204	0.01727	0.00994	0.01308	0.00837	0.00471	0.00523	0.00157	0.00628	0.00471	0.00262	0.00837
62	0.01410	0.08165	0.36584	0.01431	0.01957	0.29034	0.06785	0.01789	0.01245	0.01488	0.00918	0.01108	0.00715	0.00678	0.04310	0.00186	0.00866	0.00390	0.00247	0.00694
63	0.85155	0.01022	0.00777	0.00695	0.01022	0.01186	0.00573	0.01554	0.00900	0.02372	0.00736	0.00859	0.00573	0.00491	0.00327	0.00164	0.00409	0.00286	0.00327	0.00573

[dist]
# distance from previous block
# <min> <max>
0	12

[block]
# block no. 3 follows, 46 sequences, length 60
# corresponding to MSA columns:
# 270-329
name=unknown_D
#
# <colnr> <probs for GDERKNQSTAVLIFYWHMCP>
#	G	D	E	R	K	N	Q	S	T	A	V	L	I	F	Y	W	H	M	C	P
0	0.00751	0.00549	0.00781	0.00789	0.00861	0.00618	0.00583	0.00897	0.00843	0.01194	0.01555	0.07066	0.01570	0.19183	0.59438	0.00745	0.01171	0.00662	0.00303	0.00439
1	0.85155	0.01022	0.00777	0.00695	0.01022	0.01186	0.00573	0.01554	0.00900	0.02372	0.00736	0.00859	0.00573	0.00491	0.00327	0.00164	0.00409	0.00286	0.00327	0.00573
2	0.00878	0.00674	0.00799	0.05442	0.01051	0.00664	0.00589	0.01293	0.13647	0.04993	0.32237	0.03790	0.29797	0.01062	0.00601	0.00173	0.00319	0.00908	0.00525	0.00557
3	0.00644	0.00460	0.00613	0.00736	0.00767	0.00429	0.00491	0.00736	0.01012	0.01350	0.02914	0.81076	0.03497	0.01656	0.00675	0.00215	0.00307	0.01503	0.00491	0.00429
4	0.01221	0.01110	0.04493	0.01102	0.01407	0.01155	0.05343	0.03524	0.51973	0.03382	0.07554	0.02497	0.05114	0.00804	0.00567	0.00183	0.00453	0.06851	0.00507	0.00759
5	0.00772	0.00593	0.00902	0.06447	0.01134	0.00697	0.00718	0.00973	0.00864	0.01236	0.01382	0.02030	0.01278	0.03722	0.73764	0.00802	0.01366	0.00560	0.00280	0.00480
6	0.01414	0.01117	0.04785	0.01221	0.01550	0.01089	0.14487	0.13467	0.09763	0.14797	0.21457	0.02148	0.02071	0.00748	0.00672	0.00174	0.07193	0.00646	0.00479	0.00722
7	0.01942	0.02450	0.01483	0.01348	0.01621	0.75383	0.01012	0.02146	0.05298	0.01340	0.00884	0.01005	0.00728	0.00553	0.00480	0.00138	0.00926	0.00353	0.00286	0.00624
8	0.85155	0.01022	0.00777	0.00695	0.01022	0.01186	0.00573	0.01554	0.00900	0.02372	0.00736	0.00859	0.00573	0.00491	0.00327	0.00164	0.00409	0.00286	0.00327	0.00573
9	0.01078	0.02622	0.73213	0.01476	0.02224	0.01234	0.01874	0.01754	0.06484	0.01712	0.01034	0.01177	0.00736	0.00517	0.00505	0.00168	0.00756	0.00405	0.00245	0.00785
10	0.01109	0.00977	0.01592	0.08997	0.43937	0.00995	0.01275	0.01390	0.01174	0.01648	0.01584	0.08541	0.01554	0.00797	0.00572	0.00180	0.00556	0.17089	0.05347	0.00686
11	0.00755	0.00566	0.00850	0.00850	0.00944	0.00661	0.00661	0.00944	0.00850	0.01227	0.01416	0.02077	0.01322	0.03965	0.79326	0.00850	0.01416	0.00566	0.00283	0.00472
12	0.01099	0.11417	0.70339	0.01441	0.02186	0.01323	0.01838	0.01664	0.01112	0.01627	0.00925	0.01087	0.00671	0.00497	0.00484	0.00161	0.00758	0.00379	0.00224	0.00770
13	0.85155	0.01022	0.00777	0.00695	0.01022	0.01186	0.00573	0.01554	0.00900	0.02372	0.00736	0.00859	0.00573	0.00491	0.00327	0.00164	0.00409	0.00286	0.00327	0.00573
14	0.00775	0.00691	0.05472	0.00865	0.00992	0.00682	0.00709	0.00972	0.00859	0.01236	0.01410	0.02139	0.01335	0.10453	0.67997	0.00780	0.01300	0.00573	0.00283	0.00477
15	0.00918	0.00459	0.00689	0.00689	0.00689	0.00459	0.00459	0.00689	0.00689	0.00918	0.00918	0.01607	0.00918	0.01837	0.02066	0.84619	0.00459	0.00459	0.00230	0.00230
16	0.01130	0.01130	0.05136	0.02371	0.47423	0.01079	0.04498	0.01413	0.01186	0.01691	0.10210	0.12493	0.01667	0.00731	0.00631	0.00172	0.05322	0.00671	0.00327	0.00719
17	0.01739	0.34392	0.02093	0.01191	0.01567	0.34964	0.05897	0.01916	0.01311	0.09078	0.00928	0.01027	0.00751	0.00512	0.00436	0.00132	0.00741	0.00355	0.00292	0.00675
18	0.09627	0.73822	0.02575	0.00884	0.01324	0.02003	0.00872	0.01580	0.01057	0.01354	0.00735	0.00849	0.00668	0.00456	0.00338	0.00118	0.00550	0.00283	0.00236	0.00668
19	0.01287	0.01234	0.02107	0.08523	0.73011	0.01250	0.01612	0.01604	0.01194	0.01701	0.00991	0.01315	0.00828	0.00475	0.00524	0.00158	0.00633	0.00471	0.00260	0.00820
20	0.01004	0.00766	0.06280	0.00760	0.00971	0.00624	0.00639	0.04330	0.01479	0.09704	0.55162	0.03254	0.03836	0.00939	0.00580	0.00162	0.00320	0.00814	0.07803	0.00575
21	0.01271	0.01348	0.01602	0.01384	0.01422	0.12514	0.01138	0.01390	0.00906	0.01275	0.00711	0.01128	0.00692	0.00872	0.01558	0.00218	0.69303	0.00446	0.00237	0.00583
22	0.85155	0.01022	0.00777	0.00695	0.01022	0.01186	0.00573	0.01554	0.00900	0.02372	0.00736	0.00859	0.00573	0.00491	0.00327	0.00164	0.00409	0.00286	0.00327	0.00573
23	0.01344	0.01232	0.01885	0.07218	0.50869	0.01312	0.01410	0.08239	0.13504	0.01898	0.01186	0.01410	0.00952	0.00551	0.00587	0.00166	0.04603	0.00491	0.00326	0.00815
24	0.85155	0.01022	0.00777	0.00695	0.01022	0.01186	0.00573	0.01554	0.00900	0.02372	0.00736	0.00859	0.00573	0.00491	0.00327	0.00164	0.00409	0.00286	0.00327	0.00573
25	0.01262	0.01076	0.01131	0.01014	0.01304	0.01220	0.00790	0.06241	0.63720	0.02168	0.02516	0.02335	0.11318	0.00792	0.00549	0.00178	0.00407	0.00658	0.00531	0.00790
26	0.00655	0.00465	0.00610	0.00722	0.00749	0.00437	0.00475	0.00739	0.00990	0.01320	0.02800	0.73978	0.03353	0.08950	0.00859	0.00242	0.00326	0.01436	0.00475	0.00419
27	0.01158	0.00986	0.01065	0.00967	0.01205	0.01121	0.00742	0.02253	0.55057	0.01991	0.07684	0.02491	0.08817	0.07784	0.00788	0.00209	0.03776	0.00679	0.00505	0.00722
28	0.00755	0.00566	0.00850	0.00850	0.00944	0.00661	0.00661	0.00944	0.00850	0.01227	0.01416	0.02077	0.01322	0.03965	0.79326	0.00850	0.01416	0.00566	0.00283	0.00472
29	0.01904	0.01303	0.01443	0.01117	0.01530	0.01381	0.00915	0.50084	0.09782	0.14632	0.01452	0.01405	0.01023	0.00622	0.00517	0.00154	0.00526	0.00481	0.00528	0.09204
30	0.08226	0.01222	0.07065	0.34256	0.21381	0.01258	0.01365	0.09028	0.07805	0.01823	0.01074	0.01353	0.00822	0.00536	0.00509	0.00168	0.00630	0.00461	0.00304	0.00714
31	0.60410	0.01468	0.00992	0.00894	0.01204	0.24424	0.00706	0.01720	0.01078	0.02051	0.00760	0.00887	0.00605	0.00507	0.00372	0.00155	0.00571	0.00302	0.00311	0.00585
