[name]
unknown

[dist]
# distance from previous block
# <min> <max>
0	16

[block]
# block no. 0 follows, 48 sequences, length 60
# corresponding to MSA columns:
# 134-193
name=unknown_A
#
# <colnr> <probs for GDERKNQSTAVLIFYWHMCP>
#	G	D	E	R	K	N	Q	S	T	A	V	L	I	F	Y	W	H	M	C	P
0	0.00827	0.00591	0.00827	0.00945	0.01063	0.00591	0.00827	0.01063	0.01181	0.01536	0.02717	0.05788	0.02953	0.01417	0.00709	0.00236	0.00472	0.75313	0.00472	0.00472
1	0.00726	0.00524	0.00686	0.00646	0.00767	0.00484	0.00484	0.00968	0.01452	0.02058	0.78496	0.03833	0.04841	0.01049	0.00605	0.00161	0.00242	0.00928	0.00565	0.00484
2	0.00625	0.00447	0.00595	0.00714	0.00744	0.00417	0.00476	0.00714	0.00982	0.01310	0.02828	0.81633	0.03394	0.01608	0.00655	0.00208	0.00298	0.01459	0.00476	0.00417
3	0.01954	0.00951	0.01180	0.00957	0.01318	0.00931	0.00774	0.02577	0.27374	0.53011	0.02046	0.01803	0.01371	0.00656	0.00518	0.00164	0.00426	0.00538	0.00597	0.00853
4	0.01055	0.08712	0.73479	0.01418	0.02152	0.01255	0.01818	0.01618	0.01080	0.01593	0.00905	0.01064	0.00651	0.00484	0.00475	0.00158	0.00742	0.00371	0.00217	0.00751
5	0.00625	0.00447	0.00595	0.00714	0.00744	0.00417	0.00476	0.00714	0.00982	0.01310	0.02828	0.81633	0.03394	0.01608	0.00655	0.00208	0.00298	0.01459	0.00476	0.00417
6	0.74720	0.01050	0.00856	0.00741	0.01070	0.01208	0.00610	0.11328	0.01073	0.02423	0.00782	0.00885	0.00597	0.00494	0.00343	0.00158	0.00419	0.00302	0.00343	0.00597
7	0.13896	0.01393	0.12205	0.01208	0.01623	0.04692	0.11604	0.08087	0.24709	0.13210	0.01442	0.01443	0.01042	0.00575	0.00495	0.00164	0.00558	0.00482	0.00417	0.00754
8	0.01211	0.01384	0.03028	0.02163	0.02682	0.01298	0.76903	0.01644	0.01211	0.01644	0.01038	0.01384	0.00779	0.00433	0.00606	0.00173	0.00865	0.00606	0.00260	0.00692
9	0.00613	0.00493	0.00547	0.00590	0.00712	0.00427	0.00421	0.00728	0.01102	0.01359	0.04341	0.32678	0.51372	0.01411	0.00624	0.00186	0.00274	0.01219	0.00476	0.00427
10	0.01572	0.01247	0.01281	0.01086	0.01416	0.05488	0.00862	0.22908	0.47449	0.08252	0.01782	0.01663	0.01307	0.00661	0.00516	0.00165	0.00479	0.00530	0.00515	0.00822
11	0.29368	0.01361	0.03429	0.01188	0.03298	0.11258	0.12607	0.19683	0.01420	0.06153	0.01023	0.01142	0.00761	0.00523	0.00448	0.00154	0.00585	0.00408	0.04507	0.00681
12	0.02302	0.00873	0.01191	0.00913	0.01310	0.00754	0.00754	0.02501	0.01469	0.79122	0.02024	0.01746	0.01270	0.00635	0.00516	0.00159	0.00437	0.00516	0.00635	0.00873
13	0.00660	0.00472	0.00575	0.00642	0.00681	0.00444	0.00414	0.00727	0.00933	0.01222	0.02756	0.47760	0.12472	0.26339	0.01252	0.00293	0.00354	0.01191	0.00425	0.00386
14	0.01045	0.01044	0.01917	0.56240	0.07110	0.01192	0.19135	0.01400	0.01070	0.01406	0.00938	0.01360	0.00712	0.00501	0.00565	0.00172	0.02851	0.00491	0.00237	0.00611
15	0.01321	0.01301	0.01924	0.13507	0.57648	0.08538	0.01472	0.05151	0.01234	0.01661	0.00955	0.01250	0.00784	0.00479	0.00505	0.00153	0.00647	0.00445	0.00264	0.00762
16	0.00633	0.00456	0.00587	0.00687	0.00726	0.00424	0.00457	0.00719	0.00979	0.01292	0.02921	0.69688	0.09147	0.07698	0.00800	0.00228	0.00310	0.01375	0.00464	0.00410
17	0.01158	0.01259	0.02460	0.01839	0.02174	0.01348	0.49373	0.01478	0.01059	0.01493	0.00943	0.01336	0.00773	0.00758	0.05143	0.00223	0.25740	0.00554	0.00249	0.00639
18	0.01834	0.01123	0.01276	0.01024	0.01384	0.01188	0.00831	0.30456	0.21531	0.26680	0.01725	0.01606	0.01200	0.00642	0.00508	0.00159	0.00466	0.00510	0.05020	0.00836
19	0.01966	0.01061	0.01318	0.08415	0.01598	0.01083	0.00885	0.23383	0.10157	0.42022	0.01705	0.01585	0.01137	0.00625	0.00516	0.00160	0.00492	0.00502	0.00551	0.00838
20	0.01384	0.01060	0.01156	0.01006	0.01322	0.01167	0.00789	0.02587	0.62572	0.11455	0.01989	0.01828	0.01467	0.00664	0.00510	0.00165	0.00408	0.00551	0.00519	0.07401
21	0.00731	0.00528	0.00640	0.00618	0.00758	0.00471	0.00461	0.00922	0.01323	0.04307	0.45913	0.10044	0.29075	0.01161	0.00606	0.00169	0.00259	0.01006	0.00531	0.00475
22	0.01258	0.00649	0.00817	0.00703	0.00940	0.00566	0.00553	0.01450	0.01371	0.29682	0.28250	0.03421	0.26310	0.00977	0.00573	0.00164	0.00318	0.00827	0.00563	0.00609
23	0.01427	0.65779	0.02419	0.00927	0.01349	0.01912	0.00883	0.10017	0.08326	0.01519	0.00899	0.00970	0.00767	0.00482	0.00368	0.00121	0.00537	0.00324	0.00280	0.00696
24	0.01209	0.33410	0.45577	0.01229	0.01838	0.05686	0.01455	0.01613	0.01087	0.01444	0.00834	0.00974	0.00654	0.00471	0.00425	0.00141	0.00686	0.00336	0.00220	0.00711
25	0.01748	0.01280	0.11024	0.01143	0.01559	0.05822	0.08999	0.09145	0.06755	0.36730	0.06364	0.01775	0.03973	0.00639	0.00527	0.00160	0.00544	0.00541	0.00492	0.00780
26	0.01039	0.00619	0.00792	0.00707	0.00892	0.00571	0.00545	0.01327	0.05328	0.16373	0.55189	0.03424	0.09204	0.00972	0.00584	0.00162	0.00288	0.00844	0.00570	0.00570
27	0.00640	0.00521	0.00566	0.00555	0.00713	0.00447	0.00416	0.00801	0.01248	0.01572	0.25507	0.04632	0.58133	0.01230	0.00606	0.00170	0.00255	0.01040	0.00501	0.00447
28	0.04501	0.24059	0.37003	0.01341	0.01913	0.05685	0.11733	0.01674	0.04730	0.01545	0.00921	0.01074	0.00710	0.00478	0.00454	0.00148	0.00694	0.00384	0.00244	0.00708
29	0.01073	0.09209	0.62872	0.01349	0.02000	0.05215	0.01656	0.01570	0.01091	0.01547	0.01042	0.07182	0.00860	0.00571	0.00486	0.00160	0.00714	0.00450	0.00239	0.00716
30	0.00897	0.00490	0.00532	0.00521	0.00641	0.00480	0.00391	0.01137	0.01173	0.01950	0.21391	0.02406	0.02220	0.00714	0.00422	0.00130	0.00240	0.00594	0.63191	0.00480
31	0.00648	0.00487	0.00601	0.00645	0.00737	0.00440	0.00456	0.00790	0.01161	0.01537	0.24402	0.40391	0.23087	0.01374	0.00629	0.00186	0.00273	0.01215	0.00501	0.00440
32	0.18383	0.01090	0.01651	0.06365	0.50833	0.01134	0.01280	0.01493	0.01102	0.01770	0.01098	0.01666	0.00981	0.00566	0.00491	0.00164	0.00555	0.08376	0.00289	0.00712
33	0.01331	0.22647	0.38008	0.01187	0.01750	0.01382	0.01334	0.04777	0.10494	0.10683	0.01150	0.01201	0.00844	0.00523	0.00455	0.00150	0.00617	0.00396	0.00315	0.00757
34	0.00662	0.00522	0.00597	0.00578	0.00727	0.00457	0.00433	0.00844	0.01300	0.01696	0.39076	0.04427	0.44487	0.01184	0.00606	0.00168	0.00252	0.01011	0.00517	0.00457
35	0.00960	0.00556	0.00650	0.00605	0.00774	0.00505	0.00464	0.01165	0.01269	0.11619	0.26474	0.03367	0.23161	0.00945	0.00528	0.00154	0.00275	0.02117	0.23893	0.00518
36	0.01017	0.00946	0.01508	0.68235	0.05557	0.01160	0.01352	0.01499	0.10789	0.01428	0.01063	0.01434	0.00800	0.00535	0.00514	0.00171	0.00646	0.00472	0.00266	0.00608
37	0.02284	0.00903	0.01209	0.00927	0.01325	0.00798	0.00766	0.06450	0.01519	0.75102	0.01982	0.01719	0.01249	0.00634	0.00516	0.00159	0.00443	0.00513	0.00629	0.00873
38	0.00625	0.00447	0.00595	0.00714	0.00744	0.00417	0.00476	0.00714	0.00982	0.01310	0.02828	0.81633	0.03394	0.01608	0.00655	0.00208	0.00298	0.01459	0.00476	0.00417
39	0.00619	0.00471	0.00570	0.00648	0.00727	0.00422	0.00447	0.00722	0.01046	0.01336	0.03632	0.55617	0.28890	0.01503	0.00638	0.00196	0.00285	0.01331	0.00476	0.00422
40	0.00954	0.00812	0.01302	0.01257	0.07185	0.00801	0.15023	0.08218	0.03165	0.01635	0.02165	0.39895	0.02359	0.01155	0.00626	0.00196	0.00481	0.11788	0.00423	0.00560
41	0.02270	0.00925	0.01223	0.00937	0.01335	0.00830	0.00774	0.09280	0.01554	0.72221	0.01952	0.01700	0.01234	0.00633	0.00516	0.00158	0.00448	0.00511	0.00624	0.00873
42	0.01372	0.82276	0.02689	0.00878	0.01317	0.02030	0.00878	0.01536	0.01043	0.01207	0.00713	0.00823	0.00658	0.00439	0.00329	0.00110	0.00549	0.00274	0.00219	0.00658
43	0.00686	0.00523	0.00630	0.00603	0.00742	0.00467	0.00452	0.00890	0.01356	0.01830	0.53633	0.04208	0.29847	0.01134	0.00606	0.00165	0.00248	0.00981	0.00535	0.00467
44	0.01709	0.02116	0.01691	0.01443	0.01707	0.58164	0.11651	0.01881	0.01329	0.01307	0.00811	0.01017	0.00679	0.00566	0.00650	0.00151	0.11882	0.00385	0.00258	0.00604
45	0.00695	0.00513	0.00650	0.00638	0.00753	0.00468	0.00470	0.00901	0.01347	0.01860	0.57716	0.14893	0.14869	0.01162	0.00612	0.00170	0.00252	0.01024	0.00540	0.00468
46	0.01289	0.01119	0.01652	0.23917	0.31657	0.01212	0.01275	0.19705	0.01436	0.01937	0.02813	0.01623	0.06939	0.00588	0.00520	0.00160	0.00585	0.00516	0.00333	0.00724
47	0.00695	0.00509	0.00710	0.00739	0.00818	0.00524	0.00543	0.00864	0.01051	0.01470	0.23224	0.28851	0.02967	0.02332	0.31733	0.00437	0.00705	0.00955	0.00422	0.00452
48	0.00692	0.00498	0.00655	0.00669	0.00759	0.00461	0.00481	0.00882	0.01293	0.01804	0.52829	0.30223	0.04350	0.01238	0.00622	0.00177	0.00261	0.01108	0.00535	0.00461
49	0.01314	0.01150	0.02075	0.13693	0.28281	0.01185	0.22258	0.01627	0.01156	0.11403	0.01098	0.01384	0.00843	0.00608	0.02740	0.00186	0.07471	0.00507	0.00298	0.00721
50	0.01288	0.37949	0.04821	0.01719	0.14076	0.01613	0.28580	0.01584	0.01125	0.01451	0.00877	0.01104	0.00726	0.00441	0.00462	0.00141	0.00679	0.00426	0.00239	0.00698
51	0.00652	0.00488	0.00575	0.00621	0.00696	0.00453	0.00420	0.00740	0.00985	0.01260	0.03282	0.33852	0.28433	0.19309	0.05595	0.00295	0.00390	0.01123	0.00428	0.00401
52	0.01151	0.01110	0.01924	0.32838	0.45897	0.01193	0.05508	0.01477	0.01116	0.01535	0.00949	0.01314	0.00762	0.00477	0.00515	0.00161	0.00652	0.00465	0.00244	0.00713
53	0.05962	0.05978	0.17373	0.10294	0.03915	0.12421	0.01188	0.26358	0.03030	0.07092	0.01076	0.01179	0.00785	0.00548	0.00481	0.00153	0.00649	0.00412	0.00361	0.00745
54	0.01842	0.02080	0.01503	0.05207	0.08830	0.58091	0.01048	0.06847	0.01470	0.07055	0.00932	0.01057	0.00734	0.00535	0.00476	0.00139	0.00826	0.00370	0.00305	0.00652
55	0.00726	0.00536	0.00620	0.00591	0.00750	0.00469	0.00446	0.00909	0.01308	0.04715	0.37947	0.04318	0.42487	0.01161	0.00602	0.00167	0.00259	0.00991	0.00522	0.00473
56	0.01251	0.01163	0.01804	0.02547	0.57282	0.01205	0.01344	0.01817	0.19409	0.01762	0.01258	0.01505	0.01033	0.03689	0.00593	0.00171	0.00557	0.00498	0.00320	0.00793
57	0.01319	0.04426	0.04217	0.12013	0.34306	0.09361	0.08931	0.01598	0.01186	0.08192	0.01201	0.08738	0.01045	0.00591	0.00520	0.00159	0.00636	0.00547	0.00303	0.00708
58	0.07119	0.01520	0.01635	0.01342	0.02918	0.26507	0.17117	0.09228	0.01414	0.16671	0.01310	0.08557	0.01069	0.00631	0.00517	0.00157	0.00686	0.00539	0.00382	0.00681
59	0.00864	0.00765	0.00693	0.00657	0.00847	0.09284	0.00497	0.01045	0.03106	0.05152	0.14492	0.04119	0.54352	0.01134	0.00584	0.00166	0.00343	0.00939	0.00474	0.00488

[dist]
# distance from previous block
# <min> <max>
1	109

[block]
# block no. 1 follows, 48 sequences, length 69
# corresponding to MSA columns:
# 320-388
name=unknown_B
#
# <colnr> <probs for GDERKNQSTAVLIFYWHMCP>
#	G	D	E	R	K	N	Q	S	T	A	V	L	I	F	Y	W	H	M	C	P
0	0.01226	0.01190	0.01660	0.01835	0.26472	0.08120	0.12424	0.07147	0.12254	0.01743	0.01797	0.11161	0.09235	0.00728	0.00548	0.00166	0.00571	0.00668	0.00362	0.00694
1	0.06475	0.01863	0.08835	0.08952	0.04201	0.35373	0.16401	0.01739	0.01227	0.01445	0.00854	0.01096	0.00685	0.00533	0.00604	0.00158	0.08263	0.00414	0.00255	0.00628
2	0.07870	0.08290	0.01148	0.00823	0.01153	0.05531	0.00677	0.03646	0.01332	0.40198	0.02525	0.02347	0.20781	0.00768	0.00504	0.00156	0.00431	0.00609	0.00509	0.00702
3	0.01696	0.36687	0.08145	0.00980	0.01407	0.07200	0.00922	0.06428	0.01307	0.26244	0.03554	0.01262	0.00993	0.00541	0.00431	0.00136	0.00549	0.00395	0.00383	0.00738
4	0.01369	0.00694	0.00897	0.00814	0.01046	0.00633	0.00649	0.03425	0.03102	0.32129	0.07382	0.17146	0.14511	0.01065	0.00591	0.00183	0.00380	0.12805	0.00546	0.00633
5	0.08648	0.00675	0.00947	0.00844	0.01035	0.00678	0.06176	0.01197	0.01106	0.11483	0.15930	0.09863	0.10548	0.01883	0.26215	0.00382	0.00700	0.00737	0.00417	0.00535
6	0.79361	0.00958	0.00749	0.00673	0.00976	0.01102	0.00550	0.01469	0.00916	0.02284	0.06425	0.01054	0.00870	0.00518	0.00339	0.00159	0.00386	0.00326	0.00336	0.00550
7	0.01751	0.01345	0.01181	0.01003	0.01289	0.26348	0.00783	0.08741	0.01546	0.27784	0.20684	0.01956	0.01930	0.00703	0.00521	0.00150	0.00558	0.00554	0.00487	0.00686
8	0.01919	0.02371	0.01460	0.01312	0.01587	0.74157	0.00990	0.07556	0.01524	0.01401	0.00825	0.00948	0.00676	0.00535	0.00466	0.00134	0.00899	0.00340	0.00283	0.00615
9	0.01271	0.01156	0.01790	0.14271	0.48112	0.01226	0.01367	0.08722	0.11065	0.01817	0.01179	0.03666	0.00969	0.00544	0.00515	0.00160	0.00582	0.00502	0.00315	0.00770
10	0.01066	0.01011	0.01715	0.55656	0.27852	0.01166	0.01473	0.01396	0.01072	0.01429	0.00929	0.01336	0.00726	0.00495	0.00511	0.00165	0.00660	0.00456	0.00236	0.00648
11	0.01069	0.01014	0.01720	0.54906	0.28579	0.01166	0.01475	0.01399	0.01073	0.01433	0.00930	0.01335	0.00727	0.00494	0.00511	0.00165	0.00659	0.00456	0.00237	0.00651
12	0.00697	0.00566	0.00819	0.00795	0.00909	0.00533	0.07397	0.00830	0.01011	0.01317	0.02986	0.39116	0.21584	0.09123	0.09569	0.00291	0.00477	0.01121	0.00419	0.00441
13	0.00647	0.00515	0.00580	0.00578	0.00721	0.00448	0.00428	0.00809	0.01244	0.01596	0.28679	0.11432	0.48016	0.01246	0.00610	0.00173	0.00258	0.01066	0.00505	0.00448
14	0.01209	0.01379	0.02997	0.02145	0.02653	0.01303	0.75286	0.01635	0.01202	0.01635	0.01030	0.01379	0.00776	0.00442	0.00629	0.00174	0.02576	0.00602	0.00259	0.00689
15	0.01345	0.01218	0.02047	0.02695	0.58189	0.01217	0.09236	0.08448	0.01307	0.04721	0.03833	0.01389	0.00977	0.00497	0.00522	0.00155	0.00612	0.00492	0.00304	0.00796
16	0.01200	0.00666	0.00835	0.00753	0.00950	0.00677	0.00592	0.04271	0.05699	0.18654	0.03649	0.02194	0.08210	0.01735	0.26158	0.00366	0.00673	0.00578	0.21550	0.00589
17	0.00719	0.00524	0.00676	0.00638	0.00762	0.00481	0.00479	0.00955	0.01436	0.02018	0.74149	0.03898	0.09213	0.01064	0.00605	0.00162	0.00243	0.00937	0.00560	0.00481
18	0.00708	0.00522	0.00651	0.00620	0.00742	0.00477	0.00459	0.00918	0.01365	0.01886	0.62058	0.03984	0.16612	0.05888	0.00724	0.00183	0.00260	0.00942	0.00535	0.00466
19	0.01361	0.13838	0.44154	0.01311	0.01910	0.05291	0.03628	0.14870	0.01354	0.06172	0.01004	0.01109	0.00729	0.00512	0.00473	0.00152	0.00687	0.00390	0.00296	0.00760
20	0.01029	0.02654	0.79309	0.01462	0.02221	0.01192	0.01896	0.01625	0.01083	0.01625	0.00921	0.01083	0.00650	0.00487	0.00487	0.00162	0.00758	0.00379	0.00217	0.00758
21	0.00634	0.00460	0.00583	0.00677	0.00721	0.00426	0.00451	0.00720	0.00982	0.01290	0.02994	0.65384	0.12063	0.09024	0.00831	0.00231	0.00312	0.01349	0.00461	0.00409
22	0.00807	0.00552	0.00656	0.00613	0.00780	0.00485	0.00466	0.00997	0.01330	0.08293	0.39986	0.04139	0.36753	0.01123	0.00598	0.00166	0.00266	0.00961	0.00532	0.00495
23	0.03934	0.01612	0.01538	0.01650	0.20756	0.30100	0.01068	0.10624	0.03670	0.18334	0.01185	0.01248	0.00877	0.00547	0.00489	0.00147	0.00672	0.00423	0.00379	0.00746
24	0.00688	0.00505	0.00658	0.00757	0.00840	0.00476	0.00576	0.00831	0.01078	0.01396	0.03181	0.44363	0.15594	0.01495	0.00664	0.00212	0.00348	0.25424	0.00475	0.00438
25	0.00645	0.00461	0.00616	0.00723	0.00765	0.00433	0.00498	0.00756	0.01032	0.01384	0.08932	0.70853	0.03484	0.01551	0.00654	0.00206	0.00304	0.05795	0.00483	0.00426
26	0.01262	0.01637	0.26458	0.01193	0.01646	0.01280	0.01178	0.09651	0.45641	0.02084	0.01627	0.01579	0.01202	0.00621	0.00510	0.00168	0.00535	0.00504	0.00423	0.00801
27	0.28566	0.01005	0.01026	0.00812	0.01197	0.00989	0.00656	0.08618	0.09624	0.06666	0.01074	0.01139	0.00824	0.00483	0.00396	0.00126	0.00409	0.00353	0.00371	0.35666
28	0.01380	0.09082	0.19191	0.02049	0.31319	0.01324	0.08877	0.12727	0.01342	0.06333	0.01040	0.01220	0.00794	0.00493	0.00498	0.00153	0.00645	0.00442	0.00303	0.00787
29	0.01188	0.01169	0.01828	0.34092	0.44080	0.05854	0.01480	0.01497	0.01128	0.01505	0.00934	0.01289	0.00752	0.00484	0.00507	0.00159	0.00658	0.00449	0.00244	0.00703
30	0.01201	0.03342	0.34858	0.01859	0.19943	0.01261	0.11118	0.05998	0.11994	0.01795	0.01124	0.01285	0.00846	0.00509	0.00511	0.00162	0.00673	0.00457	0.00290	0.00775
31	0.07520	0.01002	0.01122	0.00845	0.01253	0.00913	0.00685	0.18229	0.01393	0.10325	0.01137	0.01212	0.00861	0.00481	0.00418	0.00111	0.00419	0.00371	0.05880	0.45823
32	0.00764	0.00591	0.00893	0.11023	0.01220	0.00692	0.00712	0.00952	0.00843	0.01189	0.01337	0.02052	0.01258	0.10340	0.62928	0.00712	0.01208	0.00555	0.00272	0.00459
33	0.00972	0.00894	0.06123	0.00788	0.01019	0.06375	0.00654	0.01298	0.06554	0.06207	0.45831	0.03092	0.10323	0.00901	0.00560	0.00155	0.00360	0.00770	0.00494	0.06630
34	0.00995	0.00839	0.00991	0.00753	0.01142	0.00642	0.00587	0.01202	0.01051	0.01615	0.01212	0.13678	0.01172	0.00572	0.00423	0.00097	0.00367	0.00485	0.00331	0.71845
35	0.01182	0.01123	0.01890	0.08589	0.50577	0.01144	0.08215	0.01595	0.07960	0.01729	0.09652	0.01629	0.01312	0.00546	0.00529	0.00159	0.00580	0.00534	0.00311	0.00747
36	0.01212	0.01160	0.01977	0.18202	0.64170	0.01204	0.01546	0.01524	0.01141	0.01605	0.00955	0.01289	0.00788	0.00468	0.00509	0.00156	0.00624	0.00457	0.00249	0.00766
37	0.71761	0.14341	0.01072	0.00708	0.01046	0.01295	0.00609	0.01513	0.00901	0.02122	0.00714	0.00832	0.00573	0.00470	0.00319	0.00151	0.00422	0.00277	0.00301	0.00573
38	0.07857	0.02385	0.02817	0.11197	0.29805	0.03960	0.04565	0.15782	0.01370	0.07899	0.01076	0.01292	0.00831	0.00675	0.04130	0.00188	0.02644	0.00451	0.00334	0.00742
39	0.01251	0.00965	0.01261	0.31438	0.02099	0.01082	0.00987	0.13645	0.14974	0.05648	0.01336	0.01514	0.00997	0.00568	0.00481	0.00152	0.00513	0.00472	0.12499	0.08119
40	0.01917	0.02445	0.01454	0.01322	0.01586	0.79907	0.00991	0.02049	0.01454	0.01256	0.00793	0.00925	0.00661	0.00529	0.00463	0.00132	0.00925	0.00330	0.00264	0.00595
41	0.00714	0.00524	0.00670	0.00633	0.00759	0.00479	0.00475	0.00945	0.01425	0.01992	0.71287	0.03942	0.12092	0.01074	0.00605	0.00163	0.00244	0.00943	0.00556	0.00479
42	0.00636	0.00521	0.00561	0.00551	0.00711	0.00446	0.00413	0.00794	0.01240	0.01554	0.23471	0.04663	0.60181	0.01237	0.00606	0.00170	0.00255	0.01044	0.00499	0.00446
43	0.00745	0.00533	0.00729	0.00821	0.00911	0.00517	0.00657	0.00935	0.01161	0.01548	0.15197	0.29983	0.03406	0.01418	0.00674	0.00215	0.00378	0.39225	0.00489	0.00456
44	0.00746	0.00497	0.00560	0.00560	0.00560	0.00497	0.00311	0.00746	0.00746	0.00995	0.01617	0.03358	0.01865	0.81967	0.02612	0.00497	0.00497	0.00746	0.00311	0.00311
45	0.00726	0.00524	0.00686	0.00646	0.00767	0.00484	0.00484	0.00968	0.01452	0.02058	0.78496	0.03833	0.04841	0.01049	0.00605	0.00161	0.00242	0.00928	0.00565	0.00484
46	0.85592	0.00992	0.00754	0.00675	0.00992	0.01151	0.00556	0.01508	0.00873	0.02302	0.00714	0.00834	0.00556	0.00476	0.00318	0.00159	0.00397	0.00278	0.00318	0.00556
47	0.00625	0.00447	0.00595	0.00714	0.00744	0.00417	0.00476	0.00714	0.00982	0.01310	0.02828	0.81633	0.03394	0.01608	0.00655	0.00208	0.00298	0.01459	0.00476	0.00417
48	0.01211	0.01384	0.03028	0.02163	0.02682	0.01298	0.76903	0.01644	0.01211	0.01644	0.01038	0.01384	0.00779	0.00433	0.00606	0.00173	0.00865	0.00606	0.00260	0.00692
49	0.85592	0.00992	0.00754	0.00675	0.00992	0.01151	0.00556	0.01508	0.00873	0.02302	0.00714	0.00834	0.00556	0.00476	0.00318	0.00159	0.00397	0.00278	0.00318	0.00556
50	0.02062	0.01258	0.01429	0.01095	0.01502	0.01325	0.00905	0.53314	0.02112	0.27400	0.01484	0.01396	0.00999	0.00622	0.00514	0.00156	0.00524	0.00479	0.00552	0.00873
51	0.85592	0.00992	0.00754	0.00675	0.00992	0.01151	0.00556	0.01508	0.00873	0.02302	0.00714	0.00834	0.00556	0.00476	0.00318	0.00159	0.00397	0.00278	0.00318	0.00556
52	0.01270	0.01219	0.02083	0.03149	0.78767	0.01219	0.01575	0.01575	0.01168	0.01676	0.00965	0.01270	0.00813	0.00457	0.00508	0.00152	0.00610	0.00457	0.00254	0.00813
53	0.01276	0.01102	0.01160	0.01044	0.01334	0.01276	0.00812	0.02727	0.77840	0.02146	0.02088	0.01914	0.01566	0.00696	0.00522	0.00174	0.00406	0.00580	0.00522	0.00812
54	0.01276	0.01102	0.01160	0.01044	0.01334	0.01276	0.00812	0.02727	0.77840	0.02146	0.02088	0.01914	0.01566	0.00696	0.00522	0.00174	0.00406	0.00580	0.00522	0.00812
55	0.01351	0.01139	0.01202	0.01059	0.01363	0.01311	0.00830	0.10929	0.69516	0.02266	0.01994	0.01839	0.01490	0.00687	0.00521	0.00172	0.00424	0.00567	0.00521	0.00819
56	0.00956	0.00478	0.00478	0.00478	0.00598	0.00478	0.00359	0.01196	0.01076	0.01913	0.01674	0.01913	0.01315	0.00598	0.00359	0.00120	0.00239	0.00478	0.84816	0.00478
57	0.01276	0.01102	0.01160	0.01044	0.01334	0.01276	0.00812	0.02727	0.77840	0.02146	0.02088	0.01914	0.01566	0.00696	0.00522	0.00174	0.00406	0.00580	0.00522	0.00812
58	0.01270	0.01219	0.02083	0.03149	0.78767	0.01219	0.01575	0.01575	0.01168	0.01676	0.00965	0.01270	0.00813	0.00457	0.00508	0.00152	0.00610	0.00457	0.00254	0.00813
59	0.00739	0.00525	0.00701	0.00701	0.00749	0.00574	0.00487	0.00837	0.00788	0.01099	0.01488	0.02644	0.01555	0.40406	0.43749	0.00672	0.00964	0.00642	0.00292	0.00389
60	0.07241	0.00880	0.01165	0.00899	0.01291	0.00778	0.00742	0.02442	0.01433	0.74567	0.01947	0.01692	0.01228	0.00626	0.00504	0.00159	0.00434	0.00502	0.00616	0.00854
61	0.01052	0.01040	0.01284	0.01158	0.01204	0.08348	0.00930	0.01177	0.00880	0.01237	0.01102	0.11584	0.01144	0.01554	0.17333	0.00336	0.47252	0.00588	0.00271	0.00525
62	0.00856	0.00725	0.01040	0.00969	0.01026	0.00922	0.00769	0.01004	0.00807	0.01191	0.01172	0.01830	0.01133	0.08353	0.50109	0.00614	0.26205	0.00532	0.00262	0.00480
63	0.00733	0.00550	0.00825	0.00825	0.00916	0.00641	0.00641	0.00916	0.00825	0.01191	0.01374	0.02016	0.01283	0.03848	0.79934	0.00825	0.01374	0.00550	0.00275	0.00458
64	0.01211	0.01384	0.03028	0.02163	0.02682	0.01298	0.76903	0.01644	0.01211	0.01644	0.01038	0.01384	0.00779	0.00433	0.00606	0.00173	0.00865	0.00606	0.00260	0.00692
65	0.01074	0.01019	0.01728	0.53721	0.29728	0.01168	0.01477	0.01403	0.01076	0.01438	0.00931	0.01334	0.00729	0.00494	0.00511	0.00165	0.00658	0.00456	0.00237	0.00655
66	0.01243	0.01191	0.02033	0.10194	0.71936	0.01212	0.01561	0.01551	0.01155	0.01643	0.00960	0.01279	0.00801	0.00462	0.00508	0.00154	0.00616	0.00457	0.00252	0.00791
67	0.85592	0.00992	0.00754	0.00675	0.00992	0.01151	0.00556	0.01508	0.00873	0.02302	0.00714	0.00834	0.00556	0.00476	0.00318	0.00159	0.00397	0.00278	0.00318	0.00556
68	0.00832	0.00477	0.00651	0.00658	0.00671	0.00482	0.00436	0.00731	0.00733	0.00980	0.01261	0.02417	0.01350	0.27796	0.06493	0.47980	0.00516	0.04988	0.00269	0.00279

[dist]
# distance from previous block
# <min> <max>
0	1

[block]
# block no. 2 follows, 48 sequences, length 30
# corresponding to MSA columns:
# 390-419
name=unknown_C
#
# <colnr> <probs for GDERKNQSTAVLIFYWHMCP>
#	G	D	E	R	K	N	Q	S	T	A	V	L	I	F	Y	W	H	M	C	P
0	0.01218	0.01031	0.01104	0.00992	0.01262	0.01174	0.00771	0.04595	0.64952	0.02165	0.12807	0.02165	0.02007	0.00743	0.00534	0.00172	0.00388	0.00626	0.00528	0.00768
1	0.05355	0.00878	0.01175	0.00904	0.01298	0.00769	0.00747	0.02464	0.01447	0.76306	0.01976	0.01713	0.01244	0.00629	0.00509	0.00159	0.00435	0.00507	0.00623	0.00862
2	0.00625	0.00447	0.00595	0.00714	0.00744	0.00417	0.00476	0.00714	0.00982	0.01310	0.02828	0.81633	0.03394	0.01608	0.00655	0.00208	0.00298	0.01459	0.00476	0.00417
3	0.00689	0.00523	0.00634	0.00606	0.00743	0.00468	0.00455	0.00895	0.01364	0.01847	0.55479	0.04180	0.27990	0.01128	0.00606	0.00165	0.00248	0.00977	0.00537	0.00468
4	0.00956	0.00478	0.00478	0.00478	0.00598	0.00478	0.00359	0.01196	0.01076	0.01913	0.01674	0.01913	0.01315	0.00598	0.00359	0.00120	0.00239	0.00478	0.84816	0.00478
5	0.02302	0.00873	0.01191	0.00913	0.01310	0.00754	0.00754	0.02501	0.01469	0.79122	0.02024	0.01746	0.01270	0.00635	0.00516	0.00159	0.00437	0.00516	0.00635	0.00873
6	0.01372	0.82276	0.02689	0.00878	0.01317	0.02030	0.00878	0.01536	0.01043	0.01207	0.00713	0.00823	0.00658	0.00439	0.00329	0.00110	0.00549	0.00274	0.00219	0.00658
7	0.01276	0.01102	0.01160	0.01044	0.01334	0.01276	0.00812	0.02727	0.77840	0.02146	0.02088	0.01914	0.01566	0.00696	0.00522	0.00174	0.00406	0.00580	0.00522	0.00812
8	0.00746	0.00497	0.00560	0.00560	0.00560	0.00497	0.00311	0.00746	0.00746	0.00995	0.01617	0.03358	0.01865	0.81967	0.02612	0.00497	0.00497	0.00746	0.00311	0.00311
9	0.00969	0.00912	0.01539	0.80734	0.03534	0.01140	0.01425	0.01311	0.01026	0.01311	0.00912	0.01368	0.00684	0.00513	0.00513	0.00171	0.00684	0.00456	0.00228	0.00570
10	0.02302	0.00873	0.01191	0.00913	0.01310	0.00754	0.00754	0.02501	0.01469	0.79122	0.02024	0.01746	0.01270	0.00635	0.00516	0.00159	0.00437	0.00516	0.00635	0.00873
11	0.85592	0.00992	0.00754	0.00675	0.00992	0.01151	0.00556	0.01508	0.00873	0.02302	0.00714	0.00834	0.00556	0.00476	0.00318	0.00159	0.00397	0.00278	0.00318	0.00556
12	0.02302	0.00873	0.01191	0.00913	0.01310	0.00754	0.00754	0.02501	0.01469	0.79122	0.02024	0.01746	0.01270	0.00635	0.00516	0.00159	0.00437	0.00516	0.00635	0.00873
13	0.00746	0.00497	0.00560	0.00560	0.00560	0.00497	0.00311	0.00746	0.00746	0.00995	0.01617	0.03358	0.01865	0.81967	0.02612	0.00497	0.00497	0.00746	0.00311	0.00311
14	0.01372	0.82276	0.02689	0.00878	0.01317	0.02030	0.00878	0.01536	0.01043	0.01207	0.00713	0.00823	0.00658	0.00439	0.00329	0.00110	0.00549	0.00274	0.00219	0.00658
15	0.01211	0.01384	0.03028	0.02163	0.02682	0.01298	0.76903	0.01644	0.01211	0.01644	0.01038	0.01384	0.00779	0.00433	0.00606	0.00173	0.00865	0.00606	0.00260	0.00692
16	0.00625	0.00447	0.00595	0.00714	0.00744	0.00417	0.00476	0.00714	0.00982	0.01310	0.02828	0.81633	0.03394	0.01608	0.00655	0.00208	0.00298	0.01459	0.00476	0.00417
17	0.01270	0.01219	0.02083	0.03149	0.78767	0.01219	0.01575	0.01575	0.01168	0.01676	0.00965	0.01270	0.00813	0.00457	0.00508	0.00152	0.00610	0.00457	0.00254	0.00813
18	0.01211	0.01384	0.03028	0.02163	0.02682	0.01298	0.76903	0.01644	0.01211	0.01644	0.01038	0.01384	0.00779	0.00433	0.00606	0.00173	0.00865	0.00606	0.00260	0.00692
19	0.01919	0.02385	0.01459	0.01313	0.01587	0.75208	0.00990	0.06549	0.01512	0.01374	0.00819	0.00944	0.00674	0.00534	0.00466	0.00133	0.00904	0.00338	0.00279	0.00612
20	0.02302	0.00873	0.01191	0.00913	0.01310	0.00754	0.00754	0.02501	0.01469	0.79122	0.02024	0.01746	0.01270	0.00635	0.00516	0.00159	0.00437	0.00516	0.00635	0.00873
21	0.01896	0.00964	0.01179	0.00965	0.01320	0.00961	0.00777	0.02590	0.31697	0.48654	0.02050	0.01813	0.01387	0.00659	0.00518	0.00165	0.00425	0.00541	0.00590	0.00849
22	0.01268	0.01225	0.02115	0.03116	0.76184	0.01222	0.04131	0.01577	0.01170	0.01675	0.00968	0.01274	0.00812	0.00456	0.00511	0.00153	0.00618	0.00462	0.00254	0.00809
23	0.01043	0.00595	0.00787	0.00699	0.00876	0.00538	0.00538	0.01276	0.01456	0.17547	0.63126	0.03413	0.04124	0.00966	0.00587	0.00161	0.00281	0.00845	0.00579	0.00562
24	0.01190	0.01138	0.01938	0.23746	0.58795	0.01198	0.01535	0.01505	0.01131	0.01579	0.00951	0.01296	0.00779	0.00472	0.00509	0.00157	0.00629	0.00457	0.00247	0.00748
25	0.00611	0.00520	0.00526	0.00524	0.00696	0.00435	0.00393	0.00745	0.01180	0.01411	0.07912	0.04897	0.75829	0.01290	0.00606	0.00173	0.00259	0.01077	0.00480	0.00435
26	0.01160	0.00969	0.01116	0.00806	0.01257	0.00782	0.00648	0.09501	0.01210	0.01841	0.00947	0.01082	0.00772	0.00406	0.00394	0.00084	0.00400	0.00321	0.00327	0.75977
27	0.00746	0.00497	0.00560	0.00560	0.00560	0.00497	0.00311	0.00746	0.00746	0.00995	0.01617	0.03358	0.01865	0.81967	0.02612	0.00497	0.00497	0.00746	0.00311	0.00311
28	0.00736	0.00538	0.00765	0.00765	0.00835	0.00609	0.00566	0.00878	0.00807	0.01147	0.01429	0.02320	0.01415	0.21560	0.62403	0.00750	0.01176	0.00594	0.00283	0.00425
29	0.85592	0.00992	0.00754	0.00675	0.00992	0.01151	0.00556	0.01508	0.00873	0.02302	0.00714	0.00834	0.00556	0.00476	0.00318	0.00159	0.00397	0.00278	0.00318	0.00556

[dist]
# distance from previous block
# <min> <max>
0	48

[block]
# block no. 3 follows, 48 sequences, length 49
# corresponding to MSA columns:
# 468-486,488-517
name=unknown_D
#
# <colnr> <probs for GDERKNQSTAVLIFYWHMCP>
#	G	D	E	R	K	N	Q	S	T	A	V	L	I	F	Y	W	H	M	C	P
0	0.01951	0.01437	0.01540	0.01181	0.01591	0.01591	0.00975	0.77056	0.02412	0.03234	0.01232	0.01232	0.00873	0.00616	0.00513	0.00154	0.00565	0.00462	0.00513	0.00873
1	0.00733	0.00550	0.00825	0.00825	0.00916	0.00641	0.00641	0.00916	0.00825	0.01191	0.01374	0.02016	0.01283	0.03848	0.79934	0.00825	0.01374	0.00550	0.00275	0.00458
2	0.01652	0.01289	0.01372	0.01120	0.01477	0.01452	0.00903	0.44150	0.35804	0.02752	0.01611	0.01534	0.01180	0.00651	0.00517	0.00163	0.00494	0.00514	0.00517	0.00846
3	0.01029	0.02654	0.79309	0.01462	0.02221	0.01192	0.01896	0.01625	0.01083	0.01625	0.00921	0.01083	0.00650	0.00487	0.00487	0.00162	0.00758	0.00379	0.00217	0.00758
4	0.01610	0.00775	0.01005	0.00832	0.01117	0.00719	0.00664	0.01975	0.10637	0.42056	0.29637	0.02520	0.02595	0.00792	0.00549	0.00162	0.00363	0.00672	0.00596	0.00725
5	0.01522	0.60244	0.02348	0.01000	0.01391	0.23523	0.00909	0.01678	0.01156	0.01221	0.00735	0.00851	0.00659	0.00464	0.00366	0.00116	0.00653	0.00290	0.00232	0.00641
6	0.01201	0.00908	0.01078	0.00777	0.01226	0.00692	0.00624	0.01426	0.01109	0.10238	0.01035	0.01139	0.00816	0.00408	0.00395	0.00085	0.00386	0.00327	0.00341	0.75788
7	0.00916	0.00566	0.00747	0.00678	0.00832	0.00517	0.00517	0.01152	0.01454	0.11315	0.69310	0.03582	0.04412	0.00999	0.00594	0.00161	0.00265	0.00878	0.00573	0.00531
8	0.01230	0.01178	0.02011	0.13428	0.68800	0.01209	0.01555	0.01540	0.01149	0.01628	0.00958	0.01283	0.00796	0.00465	0.00509	0.00155	0.00619	0.00457	0.00251	0.00781
9	0.00639	0.00521	0.00566	0.00554	0.00713	0.00447	0.00416	0.00800	0.01248	0.01571	0.25427	0.04633	0.58214	0.01230	0.00606	0.00170	0.00255	0.01040	0.00501	0.00447
10	0.02302	0.00873	0.01191	0.00913	0.01310	0.00754	0.00754	0.02501	0.01469	0.79122	0.02024	0.01746	0.01270	0.00635	0.00516	0.00159	0.00437	0.00516	0.00635	0.00873
11	0.01523	0.01423	0.16641	0.10406	0.05758	0.03785	0.01143	0.15813	0.14243	0.17966	0.05027	0.01552	0.01181	0.00605	0.00513	0.00161	0.00563	0.00493	0.00430	0.00775
12	0.01251	0.54129	0.29775	0.01085	0.01636	0.01734	0.01238	0.01568	0.01057	0.01355	0.00787	0.00915	0.00655	0.00456	0.00385	0.00128	0.00623	0.00311	0.00218	0.00694
13	0.85592	0.00992	0.00754	0.00675	0.00992	0.01151	0.00556	0.01508	0.00873	0.02302	0.00714	0.00834	0.00556	0.00476	0.00318	0.00159	0.00397	0.00278	0.00318	0.00556
14	0.00726	0.00524	0.00686	0.00646	0.00767	0.00484	0.00484	0.00968	0.01452	0.02058	0.78496	0.03833	0.04841	0.01049	0.00605	0.00161	0.00242	0.00928	0.00565	0.00484
15	0.01670	0.08942	0.09013	0.06911	0.05649	0.26873	0.08148	0.01953	0.03406	0.19336	0.01168	0.01258	0.00856	0.00590	0.01877	0.00160	0.00718	0.00424	0.00345	0.00702
16	0.01544	0.01274	0.11201	0.11222	0.14093	0.01067	0.19598	0.01904	0.02703	0.28120	0.01355	0.01462	0.00940	0.00527	0.00533	0.00163	0.00635	0.00506	0.00383	0.00768
17	0.00746	0.00497	0.00560	0.00560	0.00560	0.00497	0.00311	0.00746	0.00746	0.00995	0.01617	0.03358	0.01865	0.81967	0.02612	0.00497	0.00497	0.00746	0.00311	0.00311
18	0.00936	0.00839	0.01362	0.28301	0.25356	0.00903	0.01126	0.01176	0.01057	0.01423	0.01669	0.28708	0.03274	0.00885	0.00562	0.00178	0.00521	0.00810	0.00326	0.00589
19	0.01334	0.13093	0.16413	0.05214	0.41463	0.01311	0.01442	0.05052	0.01207	0.07258	0.01007	0.01208	0.00791	0.00482	0.00480	0.00149	0.00617	0.00421	0.00280	0.00778
20	0.01133	0.26682	0.56187	0.01286	0.01948	0.01445	0.01589	0.01598	0.01071	0.01499	0.00858	0.01005	0.00653	0.00473	0.00440	0.00147	0.00695	0.00348	0.00218	0.00728
21	0.07180	0.01242	0.01918	0.08629	0.63883	0.05155	0.01463	0.01574	0.01151	0.01672	0.00935	0.01229	0.00778	0.00466	0.00493	0.00153	0.00616	0.00438	0.00257	0.00766
22	0.00733	0.00550	0.00825	0.00825	0.00916	0.00641	0.00641	0.00916	0.00825	0.01191	0.01374	0.02016	0.01283	0.03848	0.79934	0.00825	0.01374	0.00550	0.00275	0.00458
23	0.01372	0.82276	0.02689	0.00878	0.01317	0.02030	0.00878	0.01536	0.01043	0.01207	0.00713	0.00823	0.00658	0.00439	0.00329	0.00110	0.00549	0.00274	0.00219	0.00658
24	0.00664	0.00484	0.00634	0.00740	0.00803	0.00454	0.00538	0.00788	0.01044	0.01364	0.03068	0.57722	0.11617	0.01535	0.00660	0.00210	0.00329	0.16440	0.00476	0.00430
25	0.00615	0.00520	0.00531	0.00528	0.00698	0.00437	0.00396	0.00752	0.01189	0.01432	0.10231	0.04862	0.73497	0.01282	0.00606	0.00172	0.00259	0.01072	0.00483	0.00437
26	0.00613	0.00520	0.00529	0.00526	0.00697	0.00436	0.00395	0.00749	0.01185	0.01422	0.09097	0.04879	0.74637	0.01286	0.00606	0.00173	0.00259	0.01075	0.00481	0.00436
27	0.00723	0.00522	0.00683	0.00647	0.00766	0.00482	0.00484	0.00961	0.01439	0.02037	0.76396	0.05992	0.04801	0.01064	0.00607	0.00163	0.00244	0.00943	0.00562	0.00482
28	0.01372	0.82276	0.02689	0.00878	0.01317	0.02030	0.00878	0.01536	0.01043	0.01207	0.00713	0.00823	0.00658	0.00439	0.00329	0.00110	0.00549	0.00274	0.00219	0.00658
29	0.01520	0.01223	0.01297	0.01093	0.01427	0.01390	0.00871	0.29558	0.50612	0.02539	0.01779	0.01668	0.01316	0.00667	0.00519	0.00167	0.00463	0.00537	0.00519	0.00834
30	0.01951	0.01437	0.01540	0.01181	0.01591	0.01591	0.00975	0.77056	0.02412	0.03234	0.01232	0.01232	0.00873	0.00616	0.00513	0.00154	0.00565	0.00462	0.00513	0.00873
31	0.85592	0.00992	0.00754	0.00675	0.00992	0.01151	0.00556	0.01508	0.00873	0.02302	0.00714	0.00834	0.00556	0.00476	0.00318	0.00159	0.00397	0.00278	0.00318	0.00556
32	0.00969	0.00912	0.01539	0.80734	0.03534	0.01140	0.01425	0.01311	0.01026	0.01311	0.00912	0.01368	0.00684	0.00513	0.00513	0.00171	0.00684	0.00456	0.00228	0.00570
33	0.01123	0.01123	0.01572	0.01347	0.01347	0.01572	0.01123	0.01235	0.00786	0.01235	0.00674	0.01123	0.00674	0.00898	0.01684	0.00225	0.81028	0.00449	0.00225	0.00561
34	0.01234	0.01182	0.02017	0.12524	0.69676	0.01210	0.01557	0.01543	0.01151	0.01632	0.00959	0.01282	0.00797	0.00464	0.00509	0.00155	0.00619	0.00457	0.00251	0.00783
35	0.01211	0.01384	0.03028	0.02163	0.02682	0.01298	0.76903	0.01644	0.01211	0.01644	0.01038	0.01384	0.00779	0.00433	0.00606	0.00173	0.00865	0.00606	0.00260	0.00692
36	0.01037	0.02597	0.75856	0.01494	0.02242	0.01196	0.05291	0.01626	0.01089	0.01626	0.00926	0.01097	0.00656	0.00485	0.00493	0.00163	0.00763	0.00389	0.00219	0.00755
37	0.01823	0.11671	0.13476	0.01153	0.01578	0.22251	0.01050	0.16375	0.01534	0.22411	0.01214	0.01214	0.00862	0.00556	0.00474	0.00145	0.00654	0.00406	0.00398	0.00755
38	0.01791	0.12187	0.19368	0.01108	0.01597	0.01254	0.01093	0.22749	0.01585	0.30147	0.01380	0.01331	0.00938	0.00570	0.00484	0.00152	0.00560	0.00438	0.00451	0.00818
39	0.00625	0.00447	0.00595	0.00714	0.00744	0.00417	0.00476	0.00714	0.00982	0.01310	0.02828	0.81633	0.03394	0.01608	0.00655	0.00208	0.00298	0.01459	0.00476	0.00417
40	0.00741	0.00495	0.00561	0.00567	0.00568	0.00494	0.00318	0.00745	0.00757	0.01009	0.01672	0.06901	0.01935	0.78330	0.02523	0.00484	0.00488	0.00778	0.00318	0.00316
41	0.01068	0.19820	0.53099	0.01236	0.01848	0.01290	0.01504	0.01527	0.01119	0.01586	0.10194	0.01357	0.01155	0.00544	0.00467	0.00151	0.00650	0.00422	0.00259	0.00704
42	0.01029	0.02654	0.79309	0.01462	0.02221	0.01192	0.01896	0.01625	0.01083	0.01625	0.00921	0.01083	0.00650	0.00487	0.00487	0.00162	0.00758	0.00379	0.00217	0.00758
43	0.00827	0.00591	0.00827	0.00945	0.01063	0.00591	0.00827	0.01063	0.01181	0.01536	0.02717	0.05788	0.02953	0.01417	0.00709	0.00236	0.00472	0.75313	0.00472	0.00472
44	0.01146	0.01247	0.07441	0.13119	0.43590	0.01153	0.14357	0.01483	0.01151	0.01593	0.01328	0.01602	0.07399	0.00534	0.00532	0.00161	0.00644	0.00530	0.00268	0.00723
45	0.01076	0.01168	0.02466	0.01829	0.02235	0.01094	0.59270	0.01429	0.01158	0.01567	0.01451	0.19899	0.01382	0.00704	0.00617	0.00181	0.00734	0.00802	0.00310	0.00629
46	0.00687	0.00523	0.00632	0.00605	0.00743	0.00468	0.00453	0.00893	0.01360	0.01839	0.54590	0.04193	0.28884	0.01131	0.00606	0.00165	0.00248	0.00978	0.00536	0.00468
47	0.01353	0.01490	0.29363	0.01142	0.01551	0.01001	0.01184	0.01685	0.01173	0.23916	0.10551	0.01678	0.01382	0.00905	0.06440	0.00219	0.13368	0.00508	0.00385	0.00706
48	0.01369	0.18214	0.21001	0.01260	0.03068	0.15792	0.05424	0.11133	0.04795	0.01678	0.01176	0.05447	0.01032	0.00628	0.00486	0.00154	0.00666	0.05680	0.00311	0.00685

[dist]
# distance from previous block
# <min> <max>
0	1

[block]
# block no. 4 follows, 48 sequences, length 84
# corresponding to MSA columns:
# 519-602
name=unknown_E
#
# <colnr> <probs for GDERKNQSTAVLIFYWHMCP>
#	G	D	E	R	K	N	Q	S	T	A	V	L	I	F	Y	W	H	M	C	P
0	0.00790	0.00600	0.00684	0.00644	0.00817	0.00561	0.00489	0.01118	0.09993	0.04422	0.34794	0.04032	0.36937	0.01105	0.00593	0.00168	0.00275	0.00943	0.00523	0.00512
1	0.01430	0.08281	0.06488	0.03746	0.34719	0.17416	0.13618	0.01721	0.01230	0.05141	0.00967	0.01194	0.00773	0.00477	0.00499	0.00149	0.00713	0.00438	0.00269	0.00731
2	0.01064	0.00912	0.01064	0.00760	0.01216	0.00684	0.00608	0.01292	0.01064	0.01672	0.00912	0.01064	0.00760	0.00380	0.00380	0.00076	0.00380	0.00304	0.00304	0.85104
3	0.01235	0.50546	0.33223	0.01111	0.01677	0.01696	0.01284	0.01572	0.01059	0.01374	0.00796	0.00927	0.00655	0.00458	0.00392	0.00131	0.00632	0.00316	0.00218	0.00698
4	0.01227	0.37523	0.41582	0.01199	0.01791	0.05767	0.01402	0.01609	0.01085	0.01422	0.00823	0.00961	0.00654	0.00468	0.00417	0.00138	0.00675	0.00331	0.00220	0.00706
5	0.00658	0.00522	0.00591	0.00574	0.00724	0.00455	0.00430	0.00835	0.01290	0.01673	0.36512	0.04466	0.47065	0.01192	0.00606	0.00168	0.00252	0.01017	0.00514	0.00455
6	0.00692	0.00523	0.00639	0.00610	0.00746	0.00470	0.00457	0.00902	0.01372	0.01867	0.57681	0.04147	0.25775	0.01120	0.00606	0.00165	0.00247	0.00972	0.00540	0.00470
7	0.00741	0.00495	0.00561	0.00567	0.00568	0.00494	0.00319	0.00745	0.00757	0.01010	0.01673	0.07002	0.01937	0.78227	0.02521	0.00484	0.00488	0.00779	0.00319	0.00316
8	0.00724	0.00524	0.00682	0.00643	0.00765	0.00483	0.00482	0.00963	0.01446	0.02042	0.76842	0.03858	0.06504	0.01055	0.00605	0.00162	0.00242	0.00931	0.00563	0.00483
9	0.00716	0.00547	0.00676	0.00729	0.00864	0.00506	0.00595	0.00903	0.01196	0.01521	0.12158	0.09535	0.33318	0.01340	0.00653	0.00201	0.00352	0.33250	0.00485	0.00455
10	0.01372	0.82276	0.02689	0.00878	0.01317	0.02030	0.00878	0.01536	0.01043	0.01207	0.00713	0.00823	0.00658	0.00439	0.00329	0.00110	0.00549	0.00274	0.00219	0.00658
11	0.01951	0.01437	0.01540	0.01181	0.01591	0.01591	0.00975	0.77056	0.02412	0.03234	0.01232	0.01232	0.00873	0.00616	0.00513	0.00154	0.00565	0.00462	0.00513	0.00873
12	0.01123	0.01123	0.01572	0.01347	0.01347	0.01572	0.01123	0.01235	0.00786	0.01235	0.00674	0.01123	0.00674	0.00898	0.01684	0.00225	0.81028	0.00449	0.00225	0.00561
13	0.00606	0.00520	0.00520	0.00520	0.00693	0.00433	0.00390	0.00736	0.01170	0.01386	0.05198	0.04938	0.78558	0.01299	0.00606	0.00173	0.00260	0.01083	0.00476	0.00433
14	0.85592	0.00992	0.00754	0.00675	0.00992	0.01151	0.00556	0.01508	0.00873	0.02302	0.00714	0.00834	0.00556	0.00476	0.00318	0.00159	0.00397	0.00278	0.00318	0.00556
15	0.01211	0.01384	0.03028	0.02163	0.02682	0.01298	0.76903	0.01644	0.01211	0.01644	0.01038	0.01384	0.00779	0.00433	0.00606	0.00173	0.00865	0.00606	0.00260	0.00692
16	0.02162	0.01098	0.01330	0.01020	0.01422	0.01088	0.00842	0.32211	0.01845	0.48880	0.01709	0.01541	0.01112	0.00627	0.00515	0.00157	0.00488	0.00494	0.00587	0.00873
17	0.00956	0.00478	0.00478	0.00478	0.00598	0.00478	0.00359	0.01196	0.01076	0.01913	0.01674	0.01913	0.01315	0.00598	0.00359	0.00120	0.00239	0.00478	0.84816	0.00478
18	0.00887	0.00768	0.01082	0.00996	0.01038	0.00987	0.00786	0.01016	0.00804	0.01187	0.01167	0.04094	0.01174	0.12583	0.36625	0.00526	0.32975	0.00561	0.00265	0.00479
19	0.01301	0.65803	0.18541	0.00999	0.01504	0.01857	0.01089	0.01555	0.01051	0.01294	0.00756	0.00877	0.00657	0.00449	0.00362	0.00121	0.00592	0.00296	0.00219	0.00679
20	0.01211	0.01384	0.03028	0.02163	0.02682	0.01298	0.76903	0.01644	0.01211	0.01644	0.01038	0.01384	0.00779	0.00433	0.00606	0.00173	0.00865	0.00606	0.00260	0.00692
21	0.02302	0.00873	0.01191	0.00913	0.01310	0.00754	0.00754	0.02501	0.01469	0.79122	0.02024	0.01746	0.01270	0.00635	0.00516	0.00159	0.00437	0.00516	0.00635	0.00873
22	0.01306	0.00799	0.01207	0.02799	0.01366	0.00770	0.09321	0.06170	0.01314	0.21656	0.02229	0.10537	0.02136	0.01053	0.00626	0.00200	0.00502	0.34898	0.00488	0.00622
23	0.02302	0.00873	0.01191	0.00913	0.01310	0.00754	0.00754	0.02501	0.01469	0.79122	0.02024	0.01746	0.01270	0.00635	0.00516	0.00159	0.00437	0.00516	0.00635	0.00873
24	0.00746	0.00497	0.00560	0.00560	0.00560	0.00497	0.00311	0.00746	0.00746	0.00995	0.01617	0.03358	0.01865	0.81967	0.02612	0.00497	0.00497	0.00746	0.00311	0.00311
25	0.01530	0.01333	0.01554	0.01902	0.33803	0.15853	0.01115	0.11614	0.03027	0.09037	0.01195	0.01353	0.00925	0.00534	0.00479	0.00145	0.00588	0.00445	0.12832	0.00736
26	0.01729	0.05808	0.06511	0.01661	0.18771	0.35761	0.01150	0.12555	0.01484	0.08350	0.01004	0.01121	0.00776	0.00527	0.00480	0.00143	0.00733	0.00394	0.00324	0.00720
27	0.01949	0.01208	0.01375	0.01064	0.01447	0.01271	0.00875	0.50368	0.02075	0.24090	0.07651	0.01583	0.01301	0.00656	0.00521	0.00156	0.00503	0.00514	0.00551	0.00842
28	0.00720	0.00524	0.00677	0.00639	0.00762	0.00481	0.00479	0.00955	0.01437	0.02020	0.74409	0.03894	0.08952	0.01063	0.00605	0.00162	0.00243	0.00937	0.00560	0.00481
