[name]
unknown

[dist]
# distance from previous block
# <min> <max>
4	140

[block]
# block no. 0 follows, 43 sequences, length 22
# corresponding to MSA columns:
# 151-172
name=unknown_A
#
# <colnr> <probs for GDERKNQSTAVLIFYWHMCP>
#	G	D	E	R	K	N	Q	S	T	A	V	L	I	F	Y	W	H	M	C	P
0	0.01560	0.00802	0.01045	0.03339	0.01192	0.01857	0.01769	0.03408	0.01366	0.31451	0.15228	0.02490	0.02084	0.11264	0.06212	0.00265	0.02718	0.00659	0.10610	0.00680
1	0.01388	0.01287	0.13246	0.11835	0.01806	0.01090	0.02492	0.18153	0.05140	0.10574	0.12744	0.07265	0.06421	0.00813	0.00578	0.00177	0.00542	0.00685	0.03026	0.00735
2	0.14115	0.00883	0.00966	0.00843	0.01091	0.00930	0.00654	0.13213	0.06401	0.14600	0.01704	0.07584	0.01431	0.08376	0.05526	0.03003	0.00500	0.00602	0.16921	0.00659
3	0.32944	0.01246	0.01062	0.00919	0.01234	0.10528	0.00733	0.14441	0.08524	0.06219	0.01280	0.01361	0.00966	0.00602	0.00438	0.00161	0.00500	0.00425	0.15726	0.00692
4	0.00838	0.00650	0.00767	0.00832	0.00912	0.03677	0.00582	0.05736	0.01205	0.01592	0.07479	0.62499	0.03336	0.01718	0.05133	0.00253	0.00430	0.01362	0.00501	0.00497
5	0.05585	0.00621	0.00886	0.00881	0.00994	0.00724	0.00687	0.01026	0.00893	0.01354	0.01443	0.02103	0.01340	0.03945	0.73872	0.00849	0.01423	0.00577	0.00299	0.00501
6	0.08362	0.12799	0.01589	0.01201	0.05622	0.06322	0.00933	0.18243	0.15105	0.13373	0.01468	0.01518	0.01109	0.00997	0.08724	0.00239	0.00661	0.00486	0.00452	0.00799
7	0.05300	0.09712	0.01814	0.01523	0.11213	0.21022	0.05781	0.17860	0.04606	0.04296	0.01098	0.01222	0.00859	0.00553	0.00499	0.00147	0.00690	0.00429	0.00368	0.11007
8	0.01432	0.14759	0.01472	0.01003	0.01299	0.12124	0.00820	0.21247	0.01711	0.02184	0.24107	0.02328	0.06389	0.01024	0.05525	0.00205	0.00595	0.00639	0.00460	0.00679
9	0.10161	0.01468	0.05928	0.01678	0.17044	0.01458	0.04350	0.38477	0.01906	0.06176	0.01208	0.01309	0.00890	0.00586	0.00527	0.00164	0.00610	0.00473	0.00441	0.05145
10	0.01334	0.01952	0.28675	0.01455	0.06829	0.12436	0.06298	0.01726	0.01248	0.03894	0.01016	0.01193	0.00783	0.00492	0.00494	0.00139	0.00695	0.00401	0.00292	0.28646
11	0.00734	0.00564	0.00671	0.00644	0.00797	0.00501	0.00483	0.00948	0.01450	0.01941	0.49271	0.04598	0.32918	0.01237	0.00654	0.00179	0.00269	0.01066	0.00573	0.00501
12	0.01292	0.01370	0.09319	0.02562	0.47470	0.01225	0.04994	0.06339	0.04618	0.01880	0.01473	0.10063	0.03558	0.00681	0.00573	0.00175	0.00626	0.00637	0.00335	0.00810
13	0.01123	0.01049	0.06127	0.01023	0.01302	0.01007	0.03782	0.05086	0.32062	0.02245	0.33041	0.04918	0.03080	0.00906	0.00605	0.00181	0.00414	0.00789	0.00548	0.00712
14	0.00732	0.00535	0.00689	0.00723	0.00820	0.00492	0.00521	0.00916	0.01328	0.01814	0.38374	0.34284	0.11571	0.01409	0.00678	0.00198	0.00295	0.03573	0.00559	0.00488
15	0.01533	0.32838	0.11586	0.01403	0.09809	0.11554	0.01176	0.11225	0.05967	0.01762	0.01042	0.01192	0.00856	0.00747	0.04923	0.00188	0.00724	0.00403	0.00311	0.00761
16	0.17472	0.03224	0.06334	0.01081	0.01493	0.08162	0.00931	0.25222	0.04169	0.18079	0.01373	0.01374	0.00973	0.00615	0.00491	0.00162	0.00565	0.00451	0.05057	0.02772
17	0.01479	0.13188	0.06592	0.02458	0.02988	0.05988	0.07361	0.17216	0.01524	0.05930	0.03806	0.09539	0.01287	0.00676	0.00518	0.00150	0.00586	0.00564	0.00395	0.17758
18	0.06775	0.06967	0.17950	0.01954	0.19316	0.05791	0.12827	0.13437	0.01426	0.02015	0.01025	0.01249	0.00798	0.00557	0.00610	0.00171	0.05554	0.00468	0.00312	0.00797
19	0.00914	0.01039	0.14002	0.08678	0.08000	0.00790	0.00888	0.01101	0.00970	0.01332	0.01649	0.12641	0.01778	0.41915	0.01736	0.00368	0.00587	0.00779	0.00327	0.00508
20	0.01156	0.22271	0.01648	0.03873	0.16357	0.05899	0.00894	0.01311	0.01093	0.01383	0.01544	0.18545	0.01669	0.18843	0.01041	0.00249	0.00565	0.00733	0.00329	0.00596
21	0.01507	0.10870	0.32683	0.01662	0.11642	0.16634	0.03014	0.04054	0.04727	0.06553	0.01094	0.01228	0.00825	0.00548	0.00512	0.00162	0.00766	0.00424	0.00304	0.00792

[dist]
# distance from previous block
# <min> <max>
0	1

[block]
# block no. 1 follows, 43 sequences, length 19
# corresponding to MSA columns:
# 174-192
name=unknown_B
#
# <colnr> <probs for GDERKNQSTAVLIFYWHMCP>
#	G	D	E	R	K	N	Q	S	T	A	V	L	I	F	Y	W	H	M	C	P
0	0.01075	0.00818	0.00971	0.03293	0.06401	0.06317	0.00721	0.03932	0.01338	0.08129	0.19263	0.33667	0.05608	0.02602	0.00682	0.00200	0.00425	0.03475	0.00507	0.00575
1	0.00718	0.00527	0.00673	0.00712	0.00806	0.00483	0.00505	0.00889	0.01299	0.01761	0.34161	0.38597	0.13943	0.01440	0.00678	0.00199	0.00291	0.01282	0.00554	0.00483
2	0.04885	0.01591	0.01876	0.09474	0.25908	0.20066	0.07148	0.09607	0.01492	0.10969	0.01155	0.01340	0.00877	0.00558	0.00539	0.00164	0.00734	0.00474	0.00356	0.00789
3	0.01736	0.02973	0.12626	0.01314	0.03870	0.07936	0.01139	0.37123	0.10359	0.05956	0.01516	0.08247	0.01222	0.00732	0.00556	0.00173	0.00623	0.00581	0.00475	0.00843
4	0.01434	0.10852	0.11306	0.03464	0.19712	0.18819	0.04332	0.01691	0.01202	0.01502	0.00962	0.01345	0.00850	0.06203	0.00886	0.00196	0.13818	0.00456	0.00266	0.00704
5	0.25397	0.12483	0.01751	0.01815	0.29791	0.01378	0.01103	0.07003	0.01234	0.02055	0.00939	0.01137	0.00771	0.00499	0.00445	0.00150	0.00549	0.00390	0.00316	0.10793
6	0.00842	0.00649	0.00855	0.00928	0.06025	0.00628	0.00630	0.01169	0.07339	0.01976	0.44503	0.20205	0.08299	0.01211	0.00653	0.00188	0.00321	0.02468	0.00556	0.00556
7	0.01292	0.00920	0.01041	0.00901	0.01101	0.01016	0.00698	0.22151	0.06775	0.02250	0.10637	0.02286	0.01799	0.12894	0.06227	0.00270	0.06193	0.00624	0.20283	0.00640
8	0.00682	0.00508	0.00635	0.00717	0.00794	0.00462	0.00495	0.00806	0.01160	0.01520	0.11639	0.55531	0.19838	0.01597	0.00690	0.00211	0.00306	0.01423	0.00525	0.00462
9	0.00916	0.00587	0.00759	0.00702	0.00852	0.00541	0.00531	0.01174	0.01537	0.07194	0.65885	0.03823	0.04668	0.01064	0.00626	0.00170	0.00275	0.00934	0.07213	0.00550
10	0.01217	0.02144	0.39152	0.02044	0.07855	0.01339	0.34636	0.01759	0.01237	0.01767	0.01054	0.01328	0.00776	0.00497	0.00585	0.00180	0.00859	0.00524	0.00257	0.00791
11	0.00805	0.00537	0.00604	0.00604	0.00604	0.00537	0.00336	0.00805	0.00805	0.01074	0.01745	0.03624	0.02013	0.80536	0.02819	0.00537	0.00537	0.00805	0.00336	0.00336
12	0.00821	0.00641	0.00998	0.00941	0.01053	0.00699	0.06050	0.00999	0.00922	0.01299	0.01630	0.08943	0.01635	0.15514	0.54409	0.00728	0.01198	0.00714	0.00320	0.00485
13	0.02274	0.08048	0.01529	0.01096	0.01510	0.12177	0.00904	0.15250	0.01723	0.47178	0.01725	0.01577	0.01146	0.00648	0.00531	0.00162	0.00581	0.00496	0.00567	0.00880
14	0.01308	0.26651	0.30987	0.01244	0.01800	0.01596	0.01346	0.02088	0.24085	0.01786	0.01310	0.01356	0.01007	0.00579	0.00484	0.00161	0.00632	0.00440	0.00336	0.00803
15	0.01272	0.01001	0.01006	0.00923	0.01064	0.12559	0.00669	0.06481	0.10144	0.01413	0.01130	0.01569	0.01003	0.01398	0.01500	0.50158	0.00560	0.00472	0.00314	0.05365
16	0.01096	0.00687	0.00607	0.00596	0.00727	0.06703	0.00437	0.01323	0.01164	0.01925	0.01726	0.02112	0.01414	0.07392	0.00602	0.00165	0.00341	0.00528	0.69948	0.00511
17	0.23215	0.10779	0.01644	0.25238	0.13402	0.01362	0.01146	0.07043	0.01241	0.08582	0.01042	0.01263	0.00790	0.00544	0.00474	0.00168	0.00594	0.00424	0.00336	0.00715
18	0.07495	0.01083	0.01442	0.01440	0.12631	0.01235	0.01014	0.10515	0.02822	0.11867	0.17484	0.01962	0.01839	0.00822	0.00928	0.00191	0.23479	0.00598	0.00435	0.00718

[dist]
# distance from previous block
# <min> <max>
0	1

[block]
# block no. 2 follows, 43 sequences, length 46
# corresponding to MSA columns:
# 194-239
name=unknown_C
#
# <colnr> <probs for GDERKNQSTAVLIFYWHMCP>
#	G	D	E	R	K	N	Q	S	T	A	V	L	I	F	Y	W	H	M	C	P
0	0.01300	0.01293	0.01970	0.28483	0.17879	0.07770	0.14827	0.05864	0.05387	0.01755	0.04168	0.04468	0.01132	0.00611	0.00576	0.00178	0.00722	0.00578	0.00320	0.00718
1	0.28604	0.15253	0.04614	0.13838	0.04263	0.05800	0.02796	0.06925	0.01254	0.10459	0.01035	0.01179	0.00778	0.00545	0.00449	0.00163	0.00593	0.00396	0.00350	0.00708
2	0.00805	0.00537	0.00604	0.00604	0.00604	0.00537	0.00336	0.00805	0.00805	0.01074	0.01745	0.03624	0.02013	0.80536	0.02819	0.00537	0.00537	0.00805	0.00336	0.00336
3	0.02270	0.01112	0.01380	0.01070	0.01484	0.01088	0.00881	0.25118	0.01862	0.50153	0.01879	0.01729	0.01239	0.00877	0.04996	0.00211	0.00572	0.00541	0.00622	0.00917
4	0.01624	0.01747	0.04549	0.05904	0.10649	0.27500	0.01085	0.12703	0.01520	0.01878	0.00999	0.01170	0.00799	0.00525	0.00491	0.00135	0.00705	0.00395	0.00332	0.25289
5	0.01269	0.42728	0.19870	0.01139	0.01637	0.01641	0.05363	0.01630	0.03648	0.01615	0.13126	0.01549	0.01474	0.00601	0.00467	0.00147	0.00606	0.00467	0.00309	0.00713
6	0.00799	0.00560	0.00723	0.00723	0.00765	0.00602	0.00484	0.00882	0.00841	0.01162	0.01636	0.03020	0.01751	0.48659	0.34338	0.00684	0.00932	0.00717	0.00319	0.00402
7	0.01150	0.01829	0.35147	0.01504	0.11589	0.01141	0.01411	0.07853	0.08992	0.01921	0.03977	0.02268	0.17347	0.00760	0.00566	0.00177	0.00612	0.00628	0.00369	0.00760
8	0.01780	0.03891	0.04202	0.01960	0.23310	0.24335	0.05900	0.12819	0.05847	0.08849	0.01199	0.01329	0.00917	0.00573	0.00537	0.00161	0.00743	0.00469	0.00371	0.00808
9	0.01226	0.00659	0.00824	0.00754	0.00971	0.00577	0.00574	0.01400	0.01370	0.24228	0.16345	0.19365	0.27093	0.01210	0.00636	0.00188	0.00342	0.01041	0.00582	0.00615
10	0.02432	0.01027	0.01338	0.01026	0.01456	0.00940	0.00847	0.12790	0.01727	0.67174	0.02066	0.01808	0.01311	0.00683	0.00557	0.00171	0.00490	0.00549	0.00667	0.00942
11	0.01539	0.08186	0.02053	0.02485	0.45607	0.09317	0.01403	0.10621	0.09774	0.01976	0.01169	0.01365	0.00945	0.00549	0.00529	0.00161	0.00657	0.00478	0.00338	0.00847
12	0.01634	0.00907	0.01080	0.00919	0.01230	0.00900	0.00728	0.02275	0.25171	0.31486	0.10937	0.02631	0.11263	0.00843	0.00572	0.00176	0.00402	0.00702	0.05351	0.00792
13	0.00788	0.00583	0.00712	0.00767	0.00848	0.00573	0.00536	0.01030	0.07948	0.01528	0.09308	0.40199	0.09354	0.16376	0.01087	0.00275	0.00378	0.06739	0.00493	0.00480
14	0.01227	0.01277	0.06823	0.19660	0.46765	0.01258	0.01582	0.01566	0.01174	0.01656	0.01051	0.01443	0.00872	0.00837	0.07171	0.00234	0.03869	0.00496	0.00266	0.00773
15	0.33005	0.45565	0.02024	0.00895	0.01307	0.06717	0.00823	0.01682	0.01084	0.01755	0.00776	0.00900	0.00669	0.00495	0.00360	0.00140	0.00556	0.00301	0.00280	0.00664
16	0.00978	0.24405	0.03602	0.00801	0.01058	0.02304	0.00695	0.01170	0.01262	0.01592	0.18131	0.13308	0.22463	0.01083	0.00573	0.00172	0.00415	0.04986	0.00440	0.00564
17	0.00885	0.00592	0.00724	0.00683	0.00852	0.00526	0.00515	0.01092	0.01437	0.08601	0.42164	0.09208	0.28212	0.01220	0.00649	0.00181	0.00290	0.01054	0.00579	0.00537
18	0.05877	0.01235	0.01506	0.04435	0.16203	0.05581	0.03931	0.07969	0.21160	0.02049	0.01487	0.06799	0.01244	0.00650	0.00526	0.00159	0.00543	0.00557	0.00405	0.17686
19	0.00772	0.00549	0.00676	0.00665	0.00766	0.00512	0.00469	0.00952	0.01317	0.01829	0.44022	0.12083	0.11822	0.16804	0.01075	0.00250	0.00324	0.01023	0.03617	0.00472
20	0.00750	0.00557	0.00710	0.00704	0.00820	0.00530	0.00516	0.00943	0.01302	0.01780	0.39061	0.13228	0.17148	0.06799	0.12336	0.00312	0.00471	0.01028	0.00517	0.00488
21	0.02460	0.00982	0.01309	0.01004	0.01433	0.00872	0.00829	0.07355	0.01651	0.72717	0.02130	0.01849	0.01343	0.00684	0.00557	0.00171	0.00480	0.00553	0.00677	0.00942
22	0.00791	0.00617	0.00725	0.00688	0.00853	0.00577	0.00519	0.01123	0.07762	0.01990	0.47043	0.04355	0.28525	0.01189	0.00646	0.00180	0.00283	0.01025	0.00574	0.00534
23	0.01722	0.08408	0.02001	0.02215	0.34711	0.20041	0.01331	0.19205	0.01641	0.02055	0.01042	0.01231	0.00839	0.00551	0.00522	0.00156	0.00723	0.00445	0.00340	0.00822
24	0.01704	0.51167	0.02396	0.01130	0.01532	0.31093	0.00994	0.01868	0.01294	0.01323	0.00803	0.00930	0.00712	0.00511	0.00410	0.00128	0.00747	0.00319	0.00255	0.00685
25	0.01390	0.10360	0.43884	0.01567	0.02224	0.07902	0.12814	0.06032	0.01324	0.05888	0.01063	0.01224	0.00775	0.00532	0.00529	0.00168	0.00798	0.00444	0.00288	0.00796
26	0.01795	0.18459	0.05039	0.01141	0.01552	0.05791	0.00987	0.36866	0.06670	0.07248	0.01319	0.01487	0.01036	0.07368	0.00700	0.00188	0.00610	0.00482	0.00448	0.00816
27	0.00953	0.09599	0.00949	0.00717	0.00915	0.00702	0.00559	0.01122	0.01305	0.08770	0.20147	0.19412	0.30345	0.01238	0.00622	0.00183	0.00337	0.01058	0.00521	0.00548
28	0.01195	0.00808	0.00982	0.00931	0.01149	0.00806	0.00763	0.15630	0.01573	0.08556	0.11268	0.10817	0.15377	0.01240	0.00670	0.00207	0.00443	0.26418	0.00546	0.00621
29	0.09611	0.01759	0.01561	0.10327	0.09566	0.34040	0.03349	0.02136	0.07993	0.12674	0.01206	0.01320	0.00908	0.00585	0.00515	0.00162	0.00753	0.00443	0.00368	0.00727
30	0.01237	0.06400	0.26565	0.13802	0.30138	0.01359	0.07831	0.01672	0.01197	0.01691	0.01003	0.01301	0.00784	0.00519	0.00564	0.00172	0.02251	0.00468	0.00255	0.00794
31	0.00829	0.00637	0.00917	0.00896	0.00972	0.00754	0.00684	0.00991	0.00874	0.01259	0.01458	0.02305	0.01421	0.15015	0.60872	0.00784	0.07939	0.00615	0.00298	0.00481
32	0.40540	0.03318	0.01479	0.01750	0.26931	0.11822	0.01059	0.03983	0.01191	0.02104	0.00891	0.01086	0.00722	0.00518	0.00440	0.00164	0.00593	0.00379	0.00316	0.00713
33	0.07786	0.00606	0.00655	0.00630	0.00807	0.00555	0.00477	0.00966	0.01359	0.01873	0.33999	0.04473	0.41434	0.01218	0.00628	0.00181	0.00285	0.01028	0.00538	0.00501
34	0.01362	0.01691	0.16344	0.06184	0.17183	0.07817	0.16769	0.06094	0.12067	0.01891	0.01342	0.01743	0.01083	0.00617	0.00579	0.00180	0.00735	0.05195	0.00340	0.00785
35	0.28220	0.01320	0.07666	0.01034	0.01415	0.01322	0.00896	0.18984	0.21100	0.03978	0.02963	0.04457	0.03026	0.00694	0.00496	0.00177	0.00496	0.00527	0.00462	0.00767
36	0.00791	0.00547	0.00683	0.00693	0.00722	0.00570	0.00444	0.00851	0.00849	0.01158	0.01787	0.09711	0.01987	0.53795	0.22498	0.00603	0.00768	0.00815	0.00340	0.00387
37	0.01148	0.00984	0.01148	0.00820	0.01312	0.00738	0.00656	0.01395	0.01148	0.01805	0.00984	0.01148	0.00820	0.00410	0.00410	0.00082	0.00410	0.00328	0.00328	0.83922
38	0.01739	0.01465	0.01450	0.01214	0.01579	0.08166	0.00966	0.32898	0.39133	0.02721	0.01749	0.01668	0.01295	0.00700	0.00554	0.00175	0.00558	0.00550	0.00536	0.00883
39	0.00735	0.00549	0.00668	0.00690	0.00802	0.00501	0.00502	0.00902	0.01281	0.01699	0.28982	0.21203	0.23934	0.08846	0.00877	0.00229	0.00323	0.06275	0.00530	0.00473
40	0.01282	0.01257	0.02191	0.02663	0.44754	0.01317	0.13972	0.01594	0.01200	0.01707	0.01182	0.01814	0.01062	0.00721	0.02209	0.00202	0.12828	0.06979	0.00292	0.00774
41	0.00885	0.00565	0.00733	0.00743	0.00865	0.00514	0.00537	0.01060	0.01324	0.08889	0.31563	0.36542	0.10921	0.01373	0.00667	0.00197	0.00309	0.01220	0.00567	0.00526
42	0.00784	0.00539	0.00615	0.00618	0.00647	0.00525	0.00369	0.00824	0.00926	0.01230	0.08797	0.07994	0.08763	0.62457	0.02327	0.00458	0.00479	0.00896	0.00385	0.00370
43	0.00868	0.00628	0.00731	0.00718	0.00809	0.00625	0.00486	0.05035	0.05492	0.01617	0.18046	0.18050	0.09243	0.33440	0.01532	0.00332	0.00415	0.00995	0.00467	0.00472
44	0.46840	0.01186	0.05484	0.01084	0.07641	0.01204	0.00835	0.08249	0.06302	0.06083	0.07123	0.01495	0.03207	0.00624	0.00448	0.00172	0.00472	0.00454	0.00407	0.00692
45	0.01498	0.03059	0.01700	0.21413	0.17822	0.26259	0.01278	0.05731	0.01395	0.01652	0.07359	0.01490	0.01148	0.00624	0.00613	0.00167	0.05301	0.00488	0.00312	0.00690

[dist]
# distance from previous block
# <min> <max>
0	4

[block]
# block no. 3 follows, 43 sequences, length 32
# corresponding to MSA columns:
# 244-275
name=unknown_D
#
# <colnr> <probs for GDERKNQSTAVLIFYWHMCP>
#	G	D	E	R	K	N	Q	S	T	A	V	L	I	F	Y	W	H	M	C	P
0	0.01347	0.04779	0.12386	0.02044	0.28535	0.01265	0.08655	0.10160	0.03742	0.01937	0.01143	0.01473	0.00945	0.05973	0.00683	0.00180	0.00647	0.00491	0.00322	0.13294
1	0.01296	0.01182	0.01514	0.01656	0.23228	0.06261	0.01026	0.01545	0.01210	0.04028	0.03360	0.03604	0.01054	0.00557	0.00585	0.00132	0.06606	0.00453	0.00328	0.40377
2	0.01310	0.11857	0.14353	0.02234	0.36815	0.02735	0.01461	0.01786	0.09587	0.01746	0.02263	0.01501	0.03176	0.00638	0.01651	0.00178	0.05105	0.00494	0.00305	0.00805
3	0.01088	0.00806	0.00954	0.00846	0.01097	0.00778	0.00659	0.02862	0.17456	0.06695	0.30344	0.06137	0.08987	0.00968	0.00596	0.00170	0.00359	0.04886	0.00542	0.13768
4	0.01050	0.01423	0.25439	0.01394	0.13319	0.00905	0.01164	0.01385	0.01230	0.04620	0.21798	0.02561	0.02265	0.17867	0.01057	0.00251	0.00568	0.00674	0.00381	0.00648
5	0.01415	0.42631	0.04984	0.01765	0.23673	0.03507	0.05369	0.01673	0.01189	0.01532	0.00895	0.01095	0.00775	0.00478	0.00442	0.00135	0.00633	0.00382	0.00258	0.07168
6	0.00797	0.00567	0.00755	0.00753	0.00809	0.00615	0.00525	0.00909	0.00881	0.01231	0.04860	0.02912	0.01833	0.38352	0.41036	0.00700	0.01005	0.00706	0.00328	0.00424
7	0.01549	0.28106	0.08255	0.01257	0.04440	0.17965	0.01083	0.07010	0.15486	0.01739	0.01302	0.01618	0.01108	0.00646	0.00492	0.00157	0.00666	0.06025	0.00353	0.00743
8	0.66433	0.01279	0.07662	0.01012	0.01424	0.01267	0.10521	0.01658	0.01010	0.02329	0.00836	0.01001	0.00640	0.00509	0.00399	0.00174	0.00528	0.00356	0.00325	0.00638
9	0.09457	0.04657	0.01624	0.01587	0.15704	0.25884	0.03402	0.03971	0.05571	0.08422	0.01116	0.01241	0.00873	0.00541	0.00489	0.00146	0.00683	0.00416	0.00351	0.13862
10	0.00958	0.00840	0.01364	0.36966	0.11001	0.00976	0.01170	0.01235	0.01056	0.01423	0.01422	0.12590	0.01347	0.01751	0.23061	0.00392	0.00887	0.00672	0.00301	0.00587
11	0.01517	0.28534	0.02214	0.03323	0.28758	0.09252	0.01226	0.01947	0.11864	0.04641	0.01147	0.01290	0.00936	0.00540	0.00480	0.00151	0.00632	0.00434	0.00319	0.00795
12	0.01348	0.00748	0.00908	0.00791	0.01047	0.00681	0.00618	0.06533	0.02628	0.24873	0.17688	0.10086	0.27606	0.01101	0.00621	0.00182	0.00363	0.00931	0.00588	0.00660
13	0.01614	0.14429	0.11480	0.01929	0.23594	0.07741	0.09447	0.01931	0.01317	0.16276	0.01203	0.01341	0.00904	0.00532	0.00518	0.00157	0.00680	0.00463	0.00346	0.04098
14	0.07410	0.31433	0.09214	0.01109	0.01586	0.01720	0.01046	0.25855	0.04122	0.09852	0.01166	0.01199	0.00877	0.00574	0.00463	0.00151	0.00591	0.00410	0.00403	0.00818
15	0.00744	0.00535	0.00705	0.00724	0.00819	0.00496	0.00519	0.00945	0.01383	0.01926	0.49881	0.31885	0.04655	0.01352	0.00673	0.00193	0.00283	0.01211	0.00575	0.00496
16	0.00888	0.00583	0.00753	0.00718	0.00862	0.00530	0.00535	0.01112	0.01470	0.07835	0.54360	0.14981	0.10845	0.01208	0.00654	0.00182	0.00288	0.01064	0.00594	0.00540
17	0.01796	0.09074	0.10954	0.01252	0.01691	0.13640	0.01112	0.27170	0.17489	0.08187	0.01422	0.01415	0.01045	0.00635	0.00526	0.00164	0.00648	0.00478	0.00455	0.00845
18	0.01070	0.00601	0.00711	0.00664	0.00732	0.00581	0.00411	0.01104	0.00928	0.13114	0.01814	0.03350	0.01912	0.67951	0.02462	0.00479	0.00527	0.00766	0.00391	0.00431
19	0.01441	0.00820	0.00987	0.00863	0.01137	0.00790	0.00674	0.01934	0.17865	0.26914	0.14549	0.09049	0.18634	0.01006	0.00606	0.00183	0.00379	0.00852	0.00596	0.00722
20	0.00807	0.00614	0.00862	0.06885	0.01174	0.00649	0.00726	0.01040	0.03092	0.01517	0.08259	0.24395	0.06838	0.02210	0.23139	0.00413	0.00724	0.15710	0.00439	0.00506
21	0.01453	0.18676	0.07434	0.01917	0.27151	0.01422	0.03635	0.08325	0.05116	0.07013	0.01397	0.01969	0.01214	0.00670	0.00539	0.00170	0.00616	0.10129	0.00362	0.00794
22	0.07616	0.01483	0.01673	0.01439	0.04760	0.15054	0.06755	0.11690	0.03492	0.13787	0.01149	0.01326	0.00888	0.00716	0.00934	0.00189	0.25446	0.00479	0.00382	0.00740
23	0.00882	0.00582	0.00711	0.00735	0.00871	0.00529	0.00529	0.01067	0.03696	0.09120	0.10298	0.40602	0.25407	0.01445	0.00667	0.00202	0.00323	0.01269	0.00541	0.00525
24	0.25751	0.01534	0.01682	0.02190	0.38453	0.18111	0.01241	0.01791	0.01236	0.01907	0.00922	0.01152	0.00761	0.00516	0.00478	0.00162	0.00665	0.00407	0.00297	0.00745
25	0.01506	0.14090	0.02067	0.02315	0.40625	0.17462	0.01336	0.01860	0.07063	0.01662	0.01234	0.01427	0.03877	0.00562	0.00513	0.00155	0.00687	0.00471	0.00302	0.00786
26	0.00905	0.00778	0.01050	0.01005	0.01062	0.02201	0.00777	0.01059	0.01045	0.01486	0.13570	0.24920	0.02444	0.01948	0.18977	0.00375	0.24576	0.00907	0.00393	0.00522
27	0.01384	0.00849	0.01193	0.23502	0.01905	0.00882	0.00922	0.01770	0.08075	0.23228	0.21630	0.02638	0.08036	0.00825	0.00589	0.00179	0.00476	0.00708	0.00515	0.00696
28	0.01322	0.01312	0.01531	0.11701	0.25086	0.16259	0.01163	0.07156	0.01348	0.01685	0.01601	0.24088	0.01638	0.00888	0.00586	0.00180	0.00634	0.00779	0.00364	0.00679
29	0.04218	0.04618	0.01743	0.04068	0.22067	0.04259	0.01167	0.22010	0.01691	0.23099	0.01395	0.01450	0.01000	0.00618	0.00592	0.00168	0.04012	0.00493	0.00463	0.00870
30	0.01140	0.01569	0.22043	0.40226	0.19418	0.01268	0.03407	0.01576	0.01162	0.01600	0.01003	0.01372	0.00761	0.00531	0.00548	0.00178	0.00747	0.00474	0.00250	0.00730
31	0.00842	0.00535	0.00712	0.00775	0.00857	0.00493	0.00540	0.00977	0.01195	0.07738	0.16287	0.60094	0.03759	0.01541	0.00685	0.00211	0.00323	0.01388	0.00545	0.00503

[dist]
# distance from previous block
# <min> <max>
1	48

[block]
# block no. 4 follows, 43 sequences, length 11
# corresponding to MSA columns:
# 341-351
name=unknown_E
#
# <colnr> <probs for GDERKNQSTAVLIFYWHMCP>
#	G	D	E	R	K	N	Q	S	T	A	V	L	I	F	Y	W	H	M	C	P
0	0.01396	0.16380	0.06931	0.07550	0.29406	0.06862	0.01345	0.06103	0.04067	0.01755	0.05510	0.01423	0.01093	0.00599	0.00621	0.00165	0.07242	0.00476	0.00308	0.00767
1	0.00814	0.00601	0.00774	0.00707	0.00868	0.00541	0.00534	0.01074	0.01533	0.02186	0.70454	0.03887	0.04858	0.01072	0.00633	0.00166	0.00274	0.00945	0.00586	0.07493
2	0.00693	0.00563	0.00614	0.00601	0.00772	0.00484	0.00451	0.00869	0.01353	0.01712	0.26786	0.04975	0.55547	0.01322	0.00654	0.00183	0.00275	0.01119	0.00543	0.00484
3	0.01293	0.01575	0.18478	0.01241	0.01668	0.06532	0.08212	0.14997	0.11400	0.02131	0.11504	0.02422	0.14540	0.00805	0.00585	0.00176	0.00592	0.00679	0.00439	0.00732
4	0.00675	0.00482	0.00643	0.00771	0.00803	0.00450	0.00514	0.00771	0.01060	0.01414	0.03053	0.80175	0.03663	0.01735	0.00707	0.00225	0.00321	0.01574	0.00514	0.00450
5	0.01647	0.01766	0.01448	0.01407	0.06960	0.31454	0.01011	0.02568	0.41593	0.01905	0.01621	0.01599	0.01250	0.00662	0.00537	0.00169	0.00673	0.00511	0.00434	0.00785
6	0.06583	0.50728	0.14118	0.01066	0.01579	0.01852	0.01097	0.08835	0.01296	0.06976	0.00957	0.01045	0.00771	0.00518	0.00414	0.00139	0.00611	0.00352	0.00305	0.00759
7	0.07075	0.08075	0.01579	0.01191	0.03251	0.10403	0.00953	0.34987	0.05435	0.14272	0.06222	0.01530	0.01251	0.00662	0.00525	0.00162	0.00591	0.00500	0.00501	0.00835
8	0.01851	0.02587	0.15329	0.01435	0.01819	0.59410	0.01234	0.02176	0.06295	0.01490	0.00971	0.01098	0.00774	0.00574	0.00508	0.00152	0.00930	0.00384	0.00294	0.00689
9	0.00805	0.00537	0.00604	0.00604	0.00604	0.00537	0.00336	0.00805	0.00805	0.01074	0.01745	0.03624	0.02013	0.80536	0.02819	0.00537	0.00537	0.00805	0.00336	0.00336
10	0.01583	0.31631	0.09104	0.01368	0.06872	0.28083	0.01144	0.01800	0.01261	0.01399	0.00880	0.01083	0.00764	0.00766	0.05248	0.00189	0.05505	0.00370	0.00260	0.00689

[dist]
# distance from previous block
# <min> <max>
0	1

[block]
# block no. 5 follows, 43 sequences, length 11
# corresponding to MSA columns:
# 353-363
name=unknown_F
#
# <colnr> <probs for GDERKNQSTAVLIFYWHMCP>
#	G	D	E	R	K	N	Q	S	T	A	V	L	I	F	Y	W	H	M	C	P
0	0.01318	0.01329	0.01241	0.08359	0.06909	0.21470	0.00925	0.07099	0.09559	0.01695	0.02113	0.23738	0.07592	0.01010	0.00597	0.00185	0.00601	0.03207	0.00420	0.00633
1	0.00772	0.00561	0.00726	0.00695	0.00822	0.00516	0.00517	0.01018	0.01524	0.02140	0.69214	0.08676	0.08380	0.01180	0.00656	0.00178	0.00266	0.01043	0.00600	0.00516
2	0.00751	0.00561	0.00710	0.00795	0.00889	0.00535	0.00586	0.00962	0.04667	0.01564	0.08014	0.46448	0.15151	0.01561	0.00699	0.00220	0.00351	0.14526	0.00522	0.00488
3	0.01459	0.10700	0.08316	0.02318	0.26799	0.14241	0.24754	0.01808	0.01305	0.01661	0.01001	0.01278	0.00806	0.00498	0.00550	0.00164	0.00807	0.00493	0.00271	0.00774
4	0.01555	0.61773	0.02542	0.01035	0.01453	0.16515	0.00957	0.01727	0.01197	0.01312	0.00824	0.00978	0.00747	0.00689	0.04554	0.00164	0.00717	0.00323	0.00249	0.00686
5	0.01377	0.33516	0.05454	0.07765	0.08803	0.04637	0.06758	0.04214	0.12214	0.01660	0.01379	0.01500	0.05383	0.00588	0.00481	0.00152	0.00617	0.00472	0.00323	0.02705
6	0.01261	0.30491	0.22380	0.01344	0.08363	0.01516	0.01261	0.06149	0.01191	0.01602	0.01044	0.01313	0.00884	0.01299	0.17325	0.00308	0.00853	0.00421	0.00272	0.00722
7	0.02078	0.02356	0.01594	0.01387	0.01714	0.58376	0.01066	0.21219	0.01839	0.01911	0.00979	0.01085	0.00773	0.00595	0.00514	0.00149	0.00897	0.00394	0.00355	0.00720
8	0.01114	0.00962	0.01574	0.01234	0.01528	0.00934	0.21413	0.11554	0.01639	0.02272	0.45177	0.03009	0.03406	0.00882	0.00640	0.00177	0.00497	0.00835	0.00510	0.00643
9	0.00962	0.00481	0.00722	0.00722	0.00722	0.00481	0.00481	0.00722	0.00722	0.00962	0.00962	0.01684	0.00962	0.01924	0.02165	0.83886	0.00481	0.00481	0.00241	0.00241
10	0.00769	0.00522	0.00615	0.00651	0.00660	0.00513	0.00385	0.00796	0.00877	0.01169	0.02110	0.25001	0.02474	0.58531	0.02229	0.00450	0.00477	0.01020	0.00385	0.00367

[dist]
# distance from previous block
# <min> <max>
1	1

[block]
# block no. 6 follows, 43 sequences, length 26
# corresponding to MSA columns:
# 377-402
name=unknown_G
#
# <colnr> <probs for GDERKNQSTAVLIFYWHMCP>
#	G	D	E	R	K	N	Q	S	T	A	V	L	I	F	Y	W	H	M	C	P
0	0.00988	0.01127	0.14446	0.01476	0.17718	0.00850	0.01051	0.01228	0.01077	0.01490	0.01789	0.09258	0.01890	0.27944	0.01368	0.00315	0.00590	0.14465	0.00352	0.00580
1	0.00805	0.00537	0.00604	0.00604	0.00604	0.00537	0.00336	0.00805	0.00805	0.01074	0.01745	0.03624	0.02013	0.80536	0.02819	0.00537	0.00537	0.00805	0.00336	0.00336
2	0.00793	0.00588	0.00861	0.00861	0.00949	0.00676	0.00656	0.00970	0.00881	0.01264	0.01510	0.02325	0.01449	0.12010	0.70574	0.00854	0.01386	0.00615	0.00301	0.00478
3	0.02485	0.00943	0.01285	0.00985	0.01414	0.00814	0.00814	0.02699	0.01585	0.77465	0.02185	0.01885	0.01371	0.00685	0.00557	0.00171	0.00471	0.00557	0.00685	0.00943
4	0.01151	0.00995	0.01173	0.00849	0.01319	0.00782	0.00682	0.01392	0.01135	0.01783	0.00973	0.01151	0.00816	0.00436	0.00475	0.00089	0.04029	0.00335	0.00324	0.80111
5	0.00962	0.00481	0.00722	0.00722	0.00722	0.00481	0.00481	0.00722	0.00722	0.00962	0.00962	0.01684	0.00962	0.01924	0.02165	0.83886	0.00481	0.00481	0.00241	0.00241
6	0.01032	0.00516	0.00516	0.00516	0.00645	0.00516	0.00387	0.01290	0.01161	0.02065	0.01807	0.02065	0.01420	0.00645	0.00387	0.00129	0.00258	0.00516	0.83611	0.00516
7	0.77850	0.01064	0.00881	0.06937	0.01288	0.01241	0.00674	0.01611	0.00956	0.02400	0.00788	0.00945	0.00611	0.00517	0.00359	0.00172	0.00453	0.00315	0.00335	0.00601
8	0.01212	0.01212	0.01696	0.01454	0.01454	0.01696	0.01212	0.01333	0.00848	0.01333	0.00727	0.01212	0.00727	0.00969	0.01818	0.00242	0.79523	0.00485	0.00242	0.00606
9	0.01396	0.00867	0.00905	0.00773	0.01009	0.00924	0.00613	0.26372	0.01651	0.02548	0.01645	0.01815	0.01258	0.00652	0.00444	0.00142	0.00377	0.00510	0.55438	0.00661
10	0.01356	0.01301	0.02222	0.06795	0.73799	0.01312	0.01692	0.01687	0.01254	0.01792	0.01039	0.01375	0.00871	0.00496	0.00549	0.00165	0.00662	0.00493	0.00273	0.00866
11	0.01877	0.01265	0.01418	0.01086	0.01527	0.10618	0.04635	0.10245	0.01535	0.30129	0.01461	0.01442	0.01027	0.00564	0.00505	0.00138	0.00556	0.00453	0.00479	0.29041
12	0.00678	0.00513	0.00612	0.00687	0.00769	0.00463	0.00468	0.00782	0.01109	0.01415	0.03817	0.48731	0.28360	0.07857	0.00856	0.00237	0.00325	0.01376	0.00500	0.00447
13	0.01591	0.01519	0.19409	0.01405	0.04317	0.01311	0.01301	0.01871	0.01168	0.25201	0.01256	0.01417	0.00927	0.00760	0.01077	0.00202	0.33628	0.00490	0.00380	0.00770
14	0.01148	0.00984	0.01148	0.00820	0.01312	0.00738	0.00656	0.01395	0.01148	0.01805	0.00984	0.01148	0.00820	0.00410	0.00410	0.00082	0.00410	0.00328	0.00328	0.83922
15	0.01090	0.12456	0.25279	0.01163	0.01581	0.01138	0.01221	0.01622	0.10955	0.01751	0.06295	0.03216	0.04821	0.00941	0.00597	0.00195	0.00586	0.24015	0.00399	0.00681
16	0.00909	0.00500	0.00682	0.00682	0.00682	0.00500	0.00432	0.00750	0.00750	0.01000	0.01228	0.02342	0.01319	0.28589	0.02386	0.55614	0.00500	0.00591	0.00273	0.00273
17	0.01347	0.31451	0.25727	0.09211	0.01950	0.01535	0.01332	0.01770	0.05037	0.07561	0.01224	0.01607	0.01012	0.00614	0.00489	0.00162	0.00654	0.06259	0.00311	0.00745
18	0.01212	0.06654	0.41358	0.19778	0.06203	0.01365	0.07197	0.06668	0.01265	0.01771	0.01013	0.01269	0.00746	0.00533	0.00535	0.00174	0.00773	0.00450	0.00264	0.00771
19	0.00798	0.00544	0.00734	0.00827	0.00907	0.00515	0.00613	0.00956	0.01190	0.04065	0.12048	0.51021	0.03669	0.01579	0.00709	0.00224	0.00363	0.18221	0.00530	0.00489
20	0.13671	0.00964	0.01209	0.00937	0.01358	0.00867	0.00772	0.02447	0.01462	0.61054	0.01894	0.01690	0.01220	0.00640	0.00516	0.00164	0.00460	0.00503	0.00610	0.07563
21	0.01416	0.01305	0.01799	0.02077	0.29702	0.05262	0.07069	0.09581	0.22124	0.02053	0.01524	0.01837	0.01243	0.00889	0.05999	0.00227	0.00682	0.03997	0.00397	0.00817
22	0.01322	0.01061	0.01672	0.02029	0.32199	0.01040	0.07023	0.07363	0.01405	0.09055	0.05900	0.08038	0.09425	0.00856	0.00610	0.00185	0.00559	0.09091	0.00422	0.00746
23	0.01475	0.00854	0.01053	0.00915	0.01169	0.00841	0.00711	0.13408	0.07268	0.22556	0.23562	0.18841	0.02908	0.01035	0.00616	0.00184	0.00399	0.00893	0.00598	0.00714
24	0.11182	0.14888	0.05762	0.05391	0.22533	0.01389	0.01184	0.10627	0.01420	0.18656	0.01245	0.01338	0.00918	0.00560	0.00494	0.00161	0.00586	0.00448	0.00396	0.00824
25	0.33927	0.01239	0.01470	0.06619	0.11396	0.05390	0.03740	0.01564	0.01010	0.01870	0.00824	0.01127	0.00701	0.00662	0.00879	0.00193	0.26041	0.00413	0.00290	0.00647

[dist]
# distance from previous block
# <min> <max>
1	4

[block]
# block no. 7 follows, 43 sequences, length 59
# corresponding to MSA columns:
# 407-417,419-426,442-481
name=unknown_H
#
# <colnr> <probs for GDERKNQSTAVLIFYWHMCP>
#	G	D	E	R	K	N	Q	S	T	A	V	L	I	F	Y	W	H	M	C	P
0	0.01308	0.01243	0.02071	0.18020	0.58073	0.01303	0.01617	0.01722	0.05919	0.01764	0.01107	0.01435	0.00901	0.00521	0.00550	0.00170	0.00660	0.00502	0.00287	0.00826
1	0.00718	0.00564	0.00649	0.00628	0.00787	0.00495	0.00471	0.00918	0.01412	0.01852	0.40557	0.04744	0.41688	0.01270	0.00654	0.00181	0.00271	0.01087	0.00561	0.00495
2	0.40512	0.01002	0.01067	0.00866	0.01255	0.01013	0.00715	0.02202	0.01287	0.42677	0.01529	0.01428	0.01013	0.00606	0.00458	0.00171	0.00451	0.00438	0.00526	0.00784
3	0.01428	0.01306	0.02098	0.12442	0.58095	0.01359	0.01594	0.11397	0.01420	0.01983	0.01073	0.01378	0.00869	0.00524	0.00550	0.00167	0.00661	0.00494	0.00308	0.00854
4	0.00724	0.00558	0.00661	0.00648	0.00794	0.00495	0.00481	0.00924	0.01406	0.01868	0.42530	0.10432	0.33907	0.01287	0.00658	0.00183	0.00274	0.01113	0.00564	0.00495
5	0.01481	0.80869	0.02902	0.00948	0.01421	0.02191	0.00948	0.01658	0.01125	0.01303	0.00770	0.00888	0.00711	0.00474	0.00355	0.00118	0.00592	0.00296	0.00237	0.00711
6	0.02142	0.00908	0.01163	0.00923	0.01292	0.00834	0.00752	0.05422	0.06287	0.56348	0.02088	0.01906	0.01382	0.00682	0.00527	0.00165	0.00437	0.00552	0.15328	0.00863
7	0.01424	0.01213	0.01278	0.01136	0.01458	0.01399	0.00888	0.07538	0.71411	0.02391	0.02195	0.02019	0.01643	0.00746	0.00563	0.00186	0.00449	0.00618	0.00563	0.00881
8	0.01059	0.00853	0.01255	0.01039	0.01290	0.00836	0.12268	0.04557	0.11944	0.04983	0.44096	0.03309	0.08277	0.00956	0.00633	0.00178	0.00415	0.00868	0.00546	0.00637
9	0.01166	0.02333	0.51306	0.01489	0.02050	0.06149	0.01707	0.01636	0.01107	0.01606	0.00970	0.01248	0.00762	0.00909	0.07015	0.00244	0.16886	0.00436	0.00244	0.00738
10	0.01394	0.01353	0.02235	0.02026	0.16190	0.01412	0.28603	0.07258	0.25961	0.02060	0.01476	0.01636	0.01129	0.00601	0.00647	0.00184	0.04029	0.00597	0.00390	0.00822
11	0.06621	0.00988	0.01318	0.23213	0.02021	0.05106	0.04517	0.04654	0.01371	0.14379	0.12364	0.02784	0.04729	0.00849	0.00595	0.00189	0.00570	0.12630	0.00447	0.00654
12	0.00967	0.00744	0.00877	0.00877	0.01033	0.00768	0.00655	0.07603	0.16207	0.01911	0.13526	0.35578	0.08896	0.01321	0.00658	0.00205	0.00372	0.06671	0.00541	0.00593
13	0.07553	0.00932	0.01199	0.00936	0.01333	0.00844	0.00770	0.04829	0.01539	0.63607	0.02034	0.01821	0.01313	0.00670	0.00528	0.00167	0.00454	0.00535	0.08053	0.00883
14	0.04838	0.06433	0.02403	0.01703	0.02159	0.01455	0.35810	0.15732	0.04572	0.11292	0.01270	0.01451	0.00932	0.00583	0.00677	0.00180	0.06765	0.00562	0.00389	0.00794
15	0.01216	0.03817	0.01721	0.25658	0.05430	0.01287	0.11709	0.02030	0.29555	0.01838	0.01738	0.02093	0.03483	0.00698	0.00581	0.00188	0.00617	0.05210	0.00397	0.00736
16	0.00788	0.00573	0.00806	0.00813	0.00884	0.00641	0.00594	0.00932	0.00878	0.01240	0.01633	0.06726	0.01663	0.22950	0.55457	0.00767	0.01186	0.00699	0.00318	0.00453
17	0.25178	0.01560	0.10363	0.04644	0.15449	0.07125	0.24470	0.01737	0.01192	0.01938	0.00968	0.01228	0.00750	0.00503	0.00517	0.00174	0.00725	0.00469	0.00291	0.00723
18	0.00683	0.00562	0.00601	0.00591	0.00766	0.00480	0.00443	0.00850	0.01330	0.01657	0.21378	0.05066	0.60989	0.01343	0.00654	0.00184	0.00276	0.01132	0.00535	0.00480
19	0.01437	0.01516	0.02351	0.16313	0.23351	0.12057	0.26188	0.06723	0.01383	0.01777	0.01052	0.01377	0.00821	0.00518	0.00578	0.00173	0.00809	0.00528	0.00292	0.00758
20	0.53633	0.01112	0.01124	0.00978	0.01211	0.01375	0.00810	0.01574	0.00938	0.05160	0.00814	0.01043	0.00673	0.00671	0.00838	0.00195	0.26537	0.00371	0.00324	0.00616
21	0.00797	0.00569	0.00764	0.00764	0.00820	0.00624	0.00535	0.00908	0.00853	0.01193	0.01598	0.02813	0.01661	0.37735	0.45139	0.00735	0.01067	0.00687	0.00314	0.00425
22	0.01148	0.00984	0.01148	0.00820	0.01312	0.00738	0.00656	0.01395	0.01148	0.01805	0.00984	0.01148	0.00820	0.00410	0.00410	0.00082	0.00410	0.00328	0.00328	0.83922
23	0.01630	0.01315	0.01395	0.01178	0.01536	0.01496	0.00938	0.28051	0.50561	0.02724	0.01933	0.01810	0.01431	0.00721	0.00560	0.00180	0.00498	0.00582	0.00560	0.00899
24	0.00715	0.00521	0.00608	0.00659	0.00720	0.00485	0.00428	0.00789	0.01023	0.01317	0.03252	0.34476	0.21780	0.29019	0.01427	0.00324	0.00386	0.01204	0.00452	0.00415
25	0.00999	0.00888	0.01417	0.27346	0.22397	0.00953	0.01162	0.01264	0.01183	0.01595	0.09285	0.18806	0.05981	0.03492	0.00674	0.00198	0.00549	0.00821	0.00365	0.00624
26	0.00702	0.00501	0.00674	0.00802	0.00846	0.00473	0.00561	0.00818	0.01087	0.01444	0.03038	0.70970	0.03604	0.01710	0.00714	0.00229	0.00345	0.10512	0.00514	0.00457
27	0.00786	0.00529	0.00610	0.00629	0.00633	0.00524	0.00362	0.00800	0.00843	0.01124	0.01938	0.14909	0.02257	0.68920	0.02508	0.00491	0.00505	0.00919	0.00362	0.00352
28	0.01278	0.01231	0.05303	0.00921	0.01410	0.07687	0.00774	0.01535	0.01203	0.04577	0.01018	0.01164	0.00825	0.00441	0.00430	0.00096	0.00487	0.00344	0.00333	0.68943
29	0.04520	0.01292	0.01796	0.01517	0.08475	0.01320	0.13303	0.32402	0.01892	0.19113	0.04579	0.04530	0.01279	0.00675	0.00574	0.00173	0.00607	0.00591	0.00506	0.00857
30	0.84448	0.01071	0.00814	0.00728	0.01071	0.01242	0.00600	0.01628	0.00943	0.02485	0.00771	0.00900	0.00600	0.00514	0.00343	0.00171	0.00428	0.00300	0.00343	0.00600
31	0.01499	0.04810	0.23599	0.01455	0.07195	0.26161	0.01300	0.04613	0.05393	0.01732	0.03486	0.01266	0.00946	0.00555	0.00502	0.00148	0.00747	0.00416	0.00310	0.13867
32	0.01371	0.01316	0.02248	0.03399	0.77081	0.01316	0.01700	0.01700	0.01261	0.01809	0.01042	0.01371	0.00877	0.00493	0.00548	0.00164	0.00658	0.00493	0.00274	0.00877
33	0.06872	0.01555	0.01694	0.05977	0.24541	0.16344	0.01209	0.23875	0.02992	0.02260	0.03976	0.03901	0.01105	0.00633	0.00537	0.00165	0.00670	0.00512	0.00389	0.00793
34	0.01363	0.05572	0.10813	0.01067	0.04000	0.01018	0.00926	0.10487	0.04468	0.09645	0.08043	0.03124	0.05424	0.00642	0.00504	0.00138	0.00489	0.00523	0.00420	0.31333
35	0.06783	0.01229	0.01459	0.01370	0.08152	0.06189	0.03109	0.14931	0.07857	0.07630	0.01708	0.08166	0.06989	0.02226	0.00900	0.00199	0.19331	0.00638	0.00417	0.00717
36	0.01405	0.01198	0.01355	0.01398	0.11489	0.04934	0.00960	0.16131	0.32017	0.02268	0.05025	0.14042	0.01876	0.00878	0.00587	0.00185	0.00504	0.02457	0.00503	0.00789
37	0.06331	0.00868	0.01117	0.00885	0.01248	0.00761	0.00716	0.02098	0.01492	0.46694	0.19134	0.02259	0.02148	0.00745	0.00549	0.00161	0.00413	0.00617	0.00605	0.11159
38	0.00899	0.00774	0.01090	0.01403	0.21623	0.00725	0.00830	0.01129	0.01337	0.01770	0.21502	0.04028	0.33120	0.01098	0.00634	0.00183	0.00396	0.06390	0.00472	0.00596
39	0.01493	0.37247	0.12422	0.03685	0.01672	0.11746	0.01125	0.03859	0.04027	0.04003	0.00949	0.01094	0.00785	0.00552	0.00541	0.00144	0.06779	0.00369	0.00287	0.07219
40	0.00791	0.00593	0.00890	0.00890	0.00989	0.00692	0.00692	0.00989	0.00890	0.01286	0.01483	0.02176	0.01385	0.04154	0.78341	0.00890	0.01483	0.00593	0.00297	0.00494
41	0.01681	0.02478	0.21605	0.04516	0.04537	0.45073	0.08858	0.02002	0.01411	0.01519	0.00930	0.01123	0.00729	0.00545	0.00526	0.00158	0.00924	0.00410	0.00270	0.00705
42	0.55570	0.15762	0.14023	0.00910	0.01356	0.01421	0.00904	0.01655	0.01013	0.02150	0.00808	0.00943	0.00637	0.00509	0.00376	0.00162	0.00523	0.00317	0.00305	0.00656
43	0.01707	0.01222	0.01704	0.01254	0.01733	0.01139	0.14449	0.21658	0.01659	0.17616	0.01346	0.01410	0.00969	0.00545	0.00523	0.00142	0.00572	0.00480	0.00453	0.29417
44	0.01046	0.00984	0.01661	0.79205	0.03814	0.01230	0.01538	0.01415	0.01107	0.01415	0.00984	0.01477	0.00738	0.00554	0.00554	0.00185	0.00738	0.00492	0.00246	0.00615
45	0.01478	0.01270	0.01450	0.05159	0.11597	0.03978	0.01037	0.08848	0.51704	0.04406	0.01905	0.01842	0.01432	0.00692	0.00558	0.00181	0.00516	0.00580	0.00503	0.00864
46	0.01577	0.00775	0.01011	0.00867	0.01135	0.00713	0.00679	0.01902	0.07561	0.35724	0.27724	0.11640	0.04355	0.00975	0.00609	0.00180	0.00377	0.00841	0.00627	0.00730
47	0.01533	0.21931	0.33465	0.01415	0.05479	0.12694	0.01449	0.05414	0.01329	0.08889	0.01050	0.01160	0.00789	0.00540	0.00485	0.00155	0.00738	0.00396	0.00302	0.00787
48	0.01583	0.54895	0.12066	0.01077	0.01570	0.06757	0.01087	0.03477	0.01235	0.09130	0.00959	0.01047	0.00782	0.00520	0.00434	0.00136	0.01857	0.00348	0.00292	0.00747
49	0.00690	0.00525	0.00623	0.00693	0.00786	0.00474	0.00486	0.00804	0.01127	0.01431	0.03895	0.41891	0.30812	0.07962	0.00861	0.00238	0.00334	0.05417	0.00500	0.00451
50	0.00851	0.00728	0.04954	0.00891	0.01013	0.00684	0.00705	0.01078	0.03849	0.03161	0.07578	0.29197	0.02526	0.08293	0.24697	0.00446	0.03958	0.04456	0.00420	0.00516
51	0.01611	0.05396	0.11584	0.04343	0.13343	0.09106	0.18965	0.05863	0.01378	0.15029	0.01213	0.01394	0.00896	0.00579	0.00656	0.00175	0.06814	0.00509	0.00354	0.00793
52	0.00803	0.00546	0.00649	0.00649	0.00664	0.00561	0.00391	0.00834	0.00819	0.01107	0.01704	0.03398	0.01915	0.68616	0.14604	0.00592	0.00685	0.00772	0.00330	0.00360
53	0.01860	0.00811	0.01047	0.00858	0.01134	0.00739	0.00650	0.02050	0.04099	0.48124	0.02035	0.02496	0.01606	0.28422	0.01343	0.00299	0.00493	0.00646	0.00559	0.00729
54	0.00962	0.00737	0.01098	0.04042	0.17884	0.00718	0.00880	0.01155	0.01182	0.05200	0.02671	0.38495	0.08357	0.01311	0.00665	0.00210	0.00445	0.12944	0.00459	0.00585
55	0.01380	0.01654	0.18634	0.10287	0.43321	0.01355	0.01673	0.11520	0.01405	0.01983	0.01064	0.01332	0.00834	0.00530	0.00545	0.00169	0.00695	0.00476	0.00300	0.00847
56	0.00912	0.00748	0.00937	0.04589	0.01055	0.04005	0.00668	0.01028	0.00890	0.01216	0.01448	0.02555	0.01498	0.33806	0.32349	0.00609	0.10278	0.00650	0.00303	0.00456
57	0.00950	0.07893	0.01394	0.01165	0.05294	0.00923	0.09974	0.01156	0.00970	0.01343	0.01392	0.02159	0.01328	0.15090	0.45749	0.00640	0.01143	0.00602	0.00294	0.00541
58	0.06714	0.01207	0.01562	0.19713	0.14226	0.01343	0.01166	0.26515	0.08521	0.02420	0.09743	0.01727	0.01413	0.00662	0.00552	0.00173	0.00581	0.00552	0.00431	0.00780

[dist]
# distance from previous block
# <min> <max>
0	1

[block]
# block no. 8 follows, 43 sequences, length 29
# corresponding to MSA columns:
# 483-500,504-514
name=unknown_I
#
# <colnr> <probs for GDERKNQSTAVLIFYWHMCP>
#	G	D	E	R	K	N	Q	S	T	A	V	L	I	F	Y	W	H	M	C	P
0	0.01328	0.01279	0.01478	0.01841	0.26143	0.15052	0.01131	0.07858	0.01411	0.01771	0.01949	0.12669	0.05624	0.00960	0.00614	0.00190	0.00620	0.17003	0.00396	0.00682
1	0.15865	0.01004	0.01314	0.01513	0.21463	0.01007	0.00938	0.07761	0.01435	0.15863	0.16203	0.02314	0.09530	0.00762	0.00546	0.00171	0.00466	0.00638	0.00473	0.00736
2	0.01362	0.01704	0.23802	0.01332	0.05647	0.03242	0.03795	0.11164	0.07527	0.04391	0.01177	0.01295	0.00890	0.00524	0.00498	0.00141	0.00607	0.00426	0.00354	0.30121
3	0.01217	0.00786	0.00954	0.00797	0.01101	0.00670	0.00619	0.01493	0.05087	0.16330	0.16309	0.11296	0.14307	0.00920	0.00563	0.00154	0.00365	0.00785	0.00511	0.25735
4	0.01017	0.01371	0.23456	0.01200	0.07931	0.00882	0.01084	0.01464	0.07519	0.05198	0.16661	0.04403	0.23709	0.00936	0.00596	0.00179	0.00490	0.00791	0.00441	0.00671
