[name]
unknown

[dist]
# distance from previous block
# <min> <max>
3	88

[block]
# block no. 0 follows, 46 sequences, length 18
# corresponding to MSA columns:
# 265-279,282-284
name=unknown_A
#
# <colnr> <probs for GDERKNQSTAVLIFYWHMCP>
#	G	D	E	R	K	N	Q	S	T	A	V	L	I	F	Y	W	H	M	C	P
0	0.01280	0.06964	0.01348	0.10390	0.10739	0.04156	0.00909	0.10947	0.01424	0.09402	0.18507	0.06769	0.03767	0.02163	0.00583	0.00168	0.00490	0.04306	0.00433	0.05256
1	0.09740	0.01036	0.01134	0.02959	0.03415	0.03369	0.00768	0.21798	0.08069	0.07553	0.06852	0.15209	0.03353	0.03009	0.00586	0.00173	0.00459	0.00679	0.00464	0.09376
2	0.01356	0.00884	0.01117	0.00985	0.03175	0.00895	0.00750	0.05510	0.11244	0.19000	0.01767	0.10575	0.03401	0.04406	0.09224	0.01689	0.07976	0.00627	0.00442	0.14975
3	0.01466	0.01077	0.05004	0.15985	0.01788	0.01074	0.00963	0.12574	0.19456	0.18419	0.01922	0.09313	0.05077	0.00757	0.00545	0.00173	0.00502	0.00636	0.00477	0.02794
4	0.01523	0.17710	0.05826	0.27462	0.07913	0.04012	0.01188	0.09109	0.01323	0.17278	0.01164	0.01322	0.00849	0.00544	0.00487	0.00156	0.00619	0.00436	0.00350	0.00730
5	0.01226	0.01210	0.08411	0.08953	0.09150	0.11965	0.01004	0.01521	0.04876	0.09830	0.01671	0.14698	0.04039	0.01409	0.15267	0.00300	0.02814	0.00667	0.00362	0.00628
6	0.02810	0.05228	0.01115	0.01021	0.05383	0.00911	0.00759	0.11622	0.01256	0.05306	0.07392	0.14291	0.04523	0.03980	0.19642	0.00352	0.04992	0.06484	0.02351	0.00583
7	0.03622	0.01266	0.01638	0.12048	0.24084	0.04476	0.01191	0.24790	0.05607	0.02197	0.05271	0.01445	0.01083	0.00600	0.00585	0.00162	0.04899	0.00489	0.00376	0.04172
8	0.01332	0.18068	0.03117	0.05556	0.08219	0.05163	0.00948	0.11743	0.20449	0.01819	0.01467	0.08557	0.01302	0.06787	0.00700	0.00188	0.02928	0.00569	0.00382	0.00704
9	0.01530	0.01257	0.01491	0.01487	0.15326	0.07112	0.03034	0.29443	0.05772	0.04729	0.04768	0.02948	0.01216	0.02140	0.09320	0.00237	0.00669	0.00523	0.02164	0.04833
10	0.03333	0.03477	0.01548	0.01625	0.20235	0.20023	0.01047	0.19364	0.03441	0.06692	0.08285	0.01601	0.01297	0.04971	0.00632	0.00172	0.00632	0.00500	0.00391	0.00733
11	0.00794	0.00627	0.00699	0.00723	0.00831	0.02822	0.00510	0.04287	0.04713	0.01547	0.11328	0.38620	0.19839	0.09132	0.00835	0.00224	0.00348	0.01164	0.00482	0.00475
12	0.01075	0.02670	0.00993	0.00807	0.01099	0.00704	0.00634	0.02801	0.01154	0.08765	0.02107	0.19300	0.10723	0.00898	0.00572	0.00147	0.03662	0.05314	0.00415	0.36161
13	0.01343	0.01329	0.06871	0.03526	0.16814	0.04364	0.15721	0.13713	0.05291	0.03621	0.01327	0.03727	0.03111	0.04931	0.00648	0.00174	0.00626	0.00540	0.00349	0.11973
14	0.01273	0.11415	0.36605	0.01351	0.01886	0.12702	0.08179	0.05727	0.01218	0.01598	0.01003	0.01307	0.00817	0.06729	0.03354	0.00204	0.00770	0.00429	0.00264	0.03169
15	0.01250	0.00722	0.00924	0.00924	0.06793	0.00658	0.00647	0.01486	0.04964	0.24583	0.07911	0.10540	0.30063	0.02959	0.02954	0.00202	0.00399	0.00869	0.00520	0.00630
16	0.00896	0.00690	0.00863	0.06891	0.06968	0.02992	0.00628	0.01060	0.04730	0.03415	0.03844	0.22605	0.09476	0.26986	0.01345	0.04391	0.00459	0.00903	0.00388	0.00469
17	0.01844	0.02294	0.01473	0.01411	0.05707	0.67789	0.01016	0.02050	0.04848	0.01365	0.01106	0.01218	0.04466	0.00587	0.00489	0.00141	0.00879	0.00397	0.00294	0.00627

[dist]
# distance from previous block
# <min> <max>
5	16

[block]
# block no. 1 follows, 46 sequences, length 18
# corresponding to MSA columns:
# 304-321
name=unknown_B
#
# <colnr> <probs for GDERKNQSTAVLIFYWHMCP>
#	G	D	E	R	K	N	Q	S	T	A	V	L	I	F	Y	W	H	M	C	P
0	0.00816	0.00650	0.00747	0.00724	0.00891	0.00639	0.00549	0.01257	0.15898	0.01842	0.31932	0.10006	0.26477	0.01152	0.00616	0.00180	0.00303	0.04247	0.00534	0.00542
1	0.01592	0.01273	0.01351	0.01132	0.01480	0.01444	0.00904	0.32114	0.47412	0.02658	0.01800	0.01692	0.01329	0.00684	0.00534	0.00171	0.00483	0.00549	0.00534	0.00862
2	0.01226	0.01634	0.26322	0.04939	0.06575	0.01212	0.08485	0.03723	0.27880	0.04617	0.06713	0.01693	0.01350	0.00620	0.00539	0.00172	0.00599	0.00540	0.00387	0.00776
3	0.00644	0.00460	0.00613	0.00736	0.00767	0.00429	0.00491	0.00736	0.01012	0.01350	0.02914	0.81076	0.03497	0.01656	0.00675	0.00215	0.00307	0.01503	0.00491	0.00429
4	0.01441	0.04124	0.01518	0.06769	0.13446	0.01196	0.00978	0.26250	0.03291	0.02224	0.01077	0.01219	0.00839	0.00503	0.00468	0.00127	0.00520	0.00408	0.00373	0.33229
5	0.01978	0.02424	0.01506	0.01349	0.01635	0.72169	0.01020	0.08928	0.01589	0.01481	0.00859	0.00982	0.00701	0.00553	0.00481	0.00138	0.00919	0.00353	0.00296	0.00639
6	0.54809	0.01107	0.01272	0.01618	0.28927	0.01211	0.00953	0.01579	0.01010	0.02139	0.00830	0.01022	0.00668	0.00484	0.00398	0.00161	0.00488	0.00353	0.00303	0.00668
7	0.00681	0.00500	0.00648	0.00752	0.00822	0.00466	0.00547	0.00809	0.01081	0.01406	0.03261	0.55112	0.14659	0.01571	0.00678	0.00215	0.00336	0.15525	0.00490	0.00443
8	0.01111	0.01054	0.01788	0.52316	0.30598	0.01204	0.01524	0.01449	0.01110	0.01487	0.00959	0.01373	0.00753	0.00508	0.00527	0.00169	0.00677	0.00470	0.00245	0.00678
9	0.00726	0.00540	0.00676	0.00642	0.00776	0.00489	0.00481	0.00954	0.01444	0.01995	0.64743	0.04155	0.18167	0.01127	0.00624	0.00168	0.00253	0.00985	0.00565	0.00489
10	0.02351	0.00933	0.01247	0.00956	0.01366	0.00826	0.00790	0.06761	0.01568	0.74226	0.02039	0.01769	0.01285	0.00653	0.00531	0.00163	0.00457	0.00528	0.00647	0.00900
11	0.01466	0.01211	0.01280	0.01106	0.01432	0.01385	0.00873	0.18802	0.60930	0.02455	0.01960	0.01819	0.01458	0.00699	0.00536	0.00175	0.00454	0.00571	0.00536	0.00850
12	0.00868	0.00764	0.01299	0.01076	0.01304	0.00719	0.18932	0.01147	0.01330	0.01822	0.38067	0.03545	0.11497	0.01193	0.06040	0.00226	0.00513	0.08650	0.00465	0.00542
13	0.01191	0.01216	0.07013	0.22023	0.29259	0.03468	0.04218	0.03655	0.03268	0.01540	0.00985	0.01360	0.00810	0.00705	0.00806	0.10844	0.06241	0.00469	0.00262	0.00665
14	0.01206	0.01072	0.01020	0.00973	0.01154	0.13166	0.00738	0.11588	0.14648	0.01776	0.04251	0.19852	0.02142	0.11540	0.00870	0.00230	0.00518	0.12216	0.00450	0.00590
15	0.10321	0.01350	0.01300	0.01027	0.01427	0.14586	0.03533	0.14771	0.07665	0.02038	0.01059	0.01161	0.00833	0.00500	0.00444	0.00123	0.00544	0.00378	0.00362	0.36576
16	0.16438	0.09147	0.00810	0.00598	0.00770	0.00789	0.00455	0.01166	0.00994	0.01681	0.01808	0.02339	0.09373	0.20287	0.00950	0.00230	0.00377	0.00566	0.30745	0.00480
17	0.01408	0.10454	0.32403	0.01322	0.01803	0.07199	0.01384	0.17067	0.01377	0.04043	0.00983	0.01155	0.00755	0.00678	0.02424	0.00183	0.13897	0.00413	0.00305	0.00745

[dist]
# distance from previous block
# <min> <max>
0	4

[block]
# block no. 2 follows, 46 sequences, length 32
# corresponding to MSA columns:
# 326-357
name=unknown_C
#
# <colnr> <probs for GDERKNQSTAVLIFYWHMCP>
#	G	D	E	R	K	N	Q	S	T	A	V	L	I	F	Y	W	H	M	C	P
0	0.01333	0.00978	0.01086	0.00922	0.01201	0.01035	0.00730	0.23142	0.20216	0.07215	0.21924	0.02729	0.13485	0.00875	0.00570	0.00169	0.00401	0.00727	0.00547	0.00714
1	0.01254	0.00884	0.01037	0.00834	0.01173	0.00787	0.00655	0.11433	0.04316	0.11331	0.07301	0.12478	0.08870	0.00776	0.00509	0.00137	0.00392	0.00653	0.00452	0.34726
2	0.01315	0.01136	0.01195	0.01076	0.01375	0.01315	0.00837	0.02809	0.77168	0.02211	0.02152	0.01972	0.01614	0.00717	0.00538	0.00179	0.00418	0.00598	0.00538	0.00837
3	0.00754	0.00546	0.00629	0.00604	0.00739	0.00488	0.00435	0.00909	0.01244	0.04211	0.31006	0.04273	0.35260	0.15438	0.00988	0.00233	0.00311	0.00976	0.00499	0.00458
4	0.85155	0.01022	0.00777	0.00695	0.01022	0.01186	0.00573	0.01554	0.00900	0.02372	0.00736	0.00859	0.00573	0.00491	0.00327	0.00164	0.00409	0.00286	0.00327	0.00573
5	0.00688	0.00514	0.00639	0.00660	0.00766	0.00465	0.00475	0.00862	0.01278	0.01722	0.38005	0.28958	0.20386	0.01322	0.00640	0.00184	0.00272	0.01166	0.00533	0.00465
6	0.00918	0.00459	0.00689	0.00689	0.00689	0.00459	0.00459	0.00689	0.00689	0.00918	0.00918	0.01607	0.00918	0.01837	0.02066	0.84619	0.00459	0.00459	0.00230	0.00230
7	0.00644	0.00536	0.00562	0.00556	0.00726	0.00454	0.00417	0.00796	0.01250	0.01535	0.16535	0.04912	0.66662	0.01299	0.00625	0.00177	0.00265	0.01091	0.00505	0.00454
8	0.01631	0.46184	0.02219	0.01029	0.01456	0.01855	0.00936	0.31883	0.01638	0.02090	0.00977	0.01064	0.00792	0.00656	0.03344	0.00159	0.00604	0.00372	0.00351	0.00760
9	0.02010	0.01481	0.01587	0.01216	0.01639	0.01639	0.01005	0.76360	0.02486	0.03332	0.01269	0.01269	0.00899	0.00635	0.00529	0.00159	0.00582	0.00476	0.00529	0.00899
10	0.85155	0.01022	0.00777	0.00695	0.01022	0.01186	0.00573	0.01554	0.00900	0.02372	0.00736	0.00859	0.00573	0.00491	0.00327	0.00164	0.00409	0.00286	0.00327	0.00573
11	0.02010	0.01481	0.01587	0.01216	0.01639	0.01639	0.01005	0.76360	0.02486	0.03332	0.01269	0.01269	0.00899	0.00635	0.00529	0.00159	0.00582	0.00476	0.00529	0.00899
12	0.01124	0.01068	0.01813	0.48964	0.33845	0.01208	0.01531	0.01461	0.01117	0.01503	0.00962	0.01368	0.00759	0.00505	0.00526	0.00168	0.00674	0.00470	0.00246	0.00689
13	0.00897	0.04136	0.00924	0.00834	0.00937	0.07867	0.00623	0.01036	0.00899	0.01186	0.01392	0.02252	0.01379	0.21956	0.50558	0.00673	0.01123	0.00582	0.00289	0.00457
14	0.01133	0.19097	0.62960	0.01382	0.02095	0.01407	0.01736	0.01655	0.01107	0.01585	0.00904	0.01061	0.00671	0.00492	0.00468	0.00156	0.00737	0.00368	0.00224	0.00760
15	0.01650	0.09072	0.01597	0.05353	0.07431	0.31404	0.01027	0.11652	0.21987	0.01833	0.01248	0.01309	0.00974	0.00588	0.00493	0.00152	0.00689	0.00438	0.00370	0.00732
16	0.01319	0.01176	0.01808	0.04094	0.48230	0.02824	0.02922	0.01606	0.01197	0.06095	0.01039	0.01277	0.00843	0.00463	0.00490	0.00137	0.00569	0.00433	0.00298	0.23181
17	0.12470	0.01692	0.28692	0.01392	0.04579	0.01206	0.11520	0.10766	0.02719	0.06287	0.01151	0.01481	0.00909	0.06219	0.02255	0.00208	0.03521	0.01889	0.00326	0.00718
18	0.01581	0.01718	0.01487	0.01577	0.15104	0.32928	0.01051	0.02315	0.32998	0.01753	0.01405	0.01441	0.01098	0.00604	0.00511	0.00158	0.00673	0.00471	0.00381	0.00746
19	0.01975	0.02520	0.01498	0.01362	0.01634	0.79299	0.01021	0.02111	0.01498	0.01294	0.00817	0.00953	0.00681	0.00545	0.00477	0.00136	0.00953	0.00340	0.00272	0.00613
20	0.85155	0.01022	0.00777	0.00695	0.01022	0.01186	0.00573	0.01554	0.00900	0.02372	0.00736	0.00859	0.00573	0.00491	0.00327	0.00164	0.00409	0.00286	0.00327	0.00573
21	0.01348	0.00733	0.00921	0.00784	0.01031	0.00679	0.00617	0.05978	0.04326	0.26617	0.36550	0.03180	0.13158	0.00939	0.00585	0.00167	0.00342	0.00800	0.00588	0.00657
22	0.02372	0.00900	0.01227	0.00941	0.01350	0.00777	0.00777	0.02576	0.01513	0.78489	0.02086	0.01799	0.01309	0.00654	0.00532	0.00164	0.00450	0.00532	0.00654	0.00900
23	0.01157	0.01157	0.01619	0.01388	0.01388	0.01619	0.01157	0.01272	0.00810	0.01272	0.00694	0.01157	0.00694	0.00925	0.01735	0.00231	0.80453	0.00463	0.00231	0.00578
24	0.00769	0.00513	0.00577	0.00577	0.00577	0.00513	0.00320	0.00769	0.00769	0.01025	0.01666	0.03460	0.01922	0.81421	0.02691	0.00513	0.00513	0.00769	0.00320	0.00320
25	0.00644	0.00460	0.00613	0.00736	0.00767	0.00429	0.00491	0.00736	0.01012	0.01350	0.02914	0.81076	0.03497	0.01656	0.00675	0.00215	0.00307	0.01503	0.00491	0.00429
26	0.01060	0.02735	0.78682	0.01507	0.02288	0.01228	0.01953	0.01674	0.01116	0.01674	0.00949	0.01116	0.00670	0.00502	0.00502	0.00167	0.00781	0.00391	0.00223	0.00781
27	0.01157	0.01157	0.01619	0.01388	0.01388	0.01619	0.01157	0.01272	0.00810	0.01272	0.00694	0.01157	0.00694	0.00925	0.01735	0.00231	0.80453	0.00463	0.00231	0.00578
28	0.00824	0.00589	0.00820	0.00942	0.01052	0.00585	0.00804	0.01047	0.01190	0.01551	0.02814	0.15973	0.03103	0.01486	0.00723	0.00240	0.00463	0.64829	0.00487	0.00479
29	0.00857	0.00640	0.00675	0.00636	0.00849	0.00581	0.00487	0.01164	0.10556	0.08025	0.04686	0.04428	0.62081	0.01205	0.00606	0.00177	0.00302	0.01003	0.00510	0.00532
30	0.00769	0.00513	0.00577	0.00577	0.00577	0.00513	0.00320	0.00769	0.00769	0.01025	0.01666	0.03460	0.01922	0.81421	0.02691	0.00513	0.00513	0.00769	0.00320	0.00320
31	0.01344	0.01323	0.02111	0.03145	0.74046	0.05416	0.01590	0.01648	0.01219	0.01704	0.00985	0.01289	0.00829	0.00475	0.00521	0.00156	0.00645	0.00464	0.00262	0.00825

[dist]
# distance from previous block
# <min> <max>
0	12

[block]
# block no. 3 follows, 46 sequences, length 30
# corresponding to MSA columns:
# 370-399
name=unknown_D
#
# <colnr> <probs for GDERKNQSTAVLIFYWHMCP>
#	G	D	E	R	K	N	Q	S	T	A	V	L	I	F	Y	W	H	M	C	P
0	0.85155	0.01022	0.00777	0.00695	0.01022	0.01186	0.00573	0.01554	0.00900	0.02372	0.00736	0.00859	0.00573	0.00491	0.00327	0.00164	0.00409	0.00286	0.00327	0.00573
1	0.01315	0.01136	0.01195	0.01076	0.01375	0.01315	0.00837	0.02809	0.77168	0.02211	0.02152	0.01972	0.01614	0.00717	0.00538	0.00179	0.00418	0.00598	0.00538	0.00837
2	0.01342	0.01380	0.04512	0.03997	0.44088	0.11141	0.01344	0.05297	0.06590	0.01704	0.01108	0.01392	0.00921	0.00938	0.10017	0.00242	0.02463	0.00472	0.00295	0.00755
3	0.01500	0.01513	0.01859	0.12961	0.41815	0.18009	0.01393	0.11338	0.01412	0.01791	0.00985	0.01241	0.00794	0.00516	0.00515	0.00155	0.00702	0.00444	0.00295	0.00763
4	0.00998	0.00940	0.01586	0.80150	0.03641	0.01175	0.01468	0.01351	0.01057	0.01351	0.00940	0.01409	0.00705	0.00529	0.00529	0.00176	0.00705	0.00470	0.00235	0.00587
5	0.01904	0.01752	0.01506	0.01242	0.01602	0.25387	0.00987	0.43576	0.12374	0.02555	0.01251	0.01268	0.00930	0.00618	0.00514	0.00155	0.00673	0.00451	0.00452	0.00803
6	0.00998	0.00940	0.01586	0.80150	0.03641	0.01175	0.01468	0.01351	0.01057	0.01351	0.00940	0.01409	0.00705	0.00529	0.00529	0.00176	0.00705	0.00470	0.00235	0.00587
7	0.00793	0.00694	0.00955	0.01041	0.10189	0.00658	0.04634	0.01007	0.02990	0.01549	0.11867	0.12982	0.40105	0.01297	0.04443	0.00213	0.02629	0.00984	0.00445	0.00525
8	0.01233	0.05357	0.12196	0.02079	0.02640	0.01359	0.63730	0.01686	0.01224	0.01670	0.01039	0.01362	0.00780	0.00453	0.00596	0.00174	0.00863	0.00580	0.00260	0.00720
9	0.00642	0.00469	0.00604	0.00712	0.00760	0.00431	0.00480	0.00739	0.01035	0.01359	0.03207	0.71941	0.12442	0.01618	0.00669	0.00210	0.00302	0.01456	0.00491	0.00431
10	0.01060	0.02735	0.78682	0.01507	0.02288	0.01228	0.01953	0.01674	0.01116	0.01674	0.00949	0.01116	0.00670	0.00502	0.00502	0.00167	0.00781	0.00391	0.00223	0.00781
11	0.01344	0.01631	0.19236	0.06744	0.32807	0.01322	0.12742	0.14219	0.01398	0.01959	0.01039	0.01282	0.00798	0.00505	0.00535	0.00164	0.00698	0.00477	0.00297	0.00802
12	0.01107	0.02407	0.59770	0.01687	0.02407	0.01255	0.20537	0.01679	0.01149	0.01679	0.00979	0.01194	0.00703	0.00488	0.00533	0.00170	0.00809	0.00449	0.00234	0.00764
13	0.00625	0.00536	0.00536	0.00536	0.00714	0.00446	0.00402	0.00759	0.01205	0.01428	0.05355	0.05088	0.77909	0.01339	0.00625	0.00179	0.00268	0.01116	0.00491	0.00446
14	0.01060	0.02735	0.78682	0.01507	0.02288	0.01228	0.01953	0.01674	0.01116	0.01674	0.00949	0.01116	0.00670	0.00502	0.00502	0.00167	0.00781	0.00391	0.00223	0.00781
15	0.01752	0.11720	0.01882	0.01417	0.01732	0.49859	0.11706	0.01937	0.01356	0.04088	0.00878	0.01054	0.00721	0.00554	0.00585	0.00148	0.07301	0.00391	0.00276	0.00642
16	0.00942	0.00756	0.01155	0.01529	0.20971	0.00752	0.01003	0.01184	0.01186	0.01588	0.02348	0.14815	0.02533	0.01231	0.00669	0.00217	0.00499	0.45623	0.00429	0.00570
17	0.85155	0.01022	0.00777	0.00695	0.01022	0.01186	0.00573	0.01554	0.00900	0.02372	0.00736	0.00859	0.00573	0.00491	0.00327	0.00164	0.00409	0.00286	0.00327	0.00573
18	0.02372	0.00900	0.01227	0.00941	0.01350	0.00777	0.00777	0.02576	0.01513	0.78489	0.02086	0.01799	0.01309	0.00654	0.00532	0.00164	0.00450	0.00532	0.00654	0.00900
19	0.01157	0.01157	0.01619	0.01388	0.01388	0.01619	0.01157	0.01272	0.00810	0.01272	0.00694	0.01157	0.00694	0.00925	0.01735	0.00231	0.80453	0.00463	0.00231	0.00578
20	0.00644	0.00460	0.00613	0.00736	0.00767	0.00429	0.00491	0.00736	0.01012	0.01350	0.02914	0.81076	0.03497	0.01656	0.00675	0.00215	0.00307	0.01503	0.00491	0.00429
21	0.01975	0.02520	0.01498	0.01362	0.01634	0.79299	0.01021	0.02111	0.01498	0.01294	0.00817	0.00953	0.00681	0.00545	0.00477	0.00136	0.00953	0.00340	0.00272	0.00613
22	0.02372	0.00900	0.01227	0.00941	0.01350	0.00777	0.00777	0.02576	0.01513	0.78489	0.02086	0.01799	0.01309	0.00654	0.00532	0.00164	0.00450	0.00532	0.00654	0.00900
23	0.00755	0.00566	0.00850	0.00850	0.00944	0.00661	0.00661	0.00944	0.00850	0.01227	0.01416	0.02077	0.01322	0.03965	0.79326	0.00850	0.01416	0.00566	0.00283	0.00472
24	0.01315	0.01136	0.01195	0.01076	0.01375	0.01315	0.00837	0.02809	0.77168	0.02211	0.02152	0.01972	0.01614	0.00717	0.00538	0.00179	0.00418	0.00598	0.00538	0.00837
25	0.02119	0.01130	0.01348	0.01053	0.01454	0.01142	0.00864	0.28306	0.10947	0.43140	0.01809	0.01636	0.01203	0.00655	0.00531	0.00164	0.00492	0.00520	0.00597	0.00892
26	0.00998	0.00940	0.01586	0.80150	0.03641	0.01175	0.01468	0.01351	0.01057	0.01351	0.00940	0.01409	0.00705	0.00529	0.00529	0.00176	0.00705	0.00470	0.00235	0.00587
27	0.01060	0.02735	0.78682	0.01507	0.02288	0.01228	0.01953	0.01674	0.01116	0.01674	0.00949	0.01116	0.00670	0.00502	0.00502	0.00167	0.00781	0.00391	0.00223	0.00781
28	0.01248	0.01426	0.03119	0.02228	0.02763	0.01337	0.76203	0.01693	0.01248	0.01693	0.01070	0.01426	0.00802	0.00446	0.00624	0.00178	0.00891	0.00624	0.00267	0.00713
29	0.01315	0.01136	0.01195	0.01076	0.01375	0.01315	0.00837	0.02809	0.77168	0.02211	0.02152	0.01972	0.01614	0.00717	0.00538	0.00179	0.00418	0.00598	0.00538	0.00837

[dist]
# distance from previous block
# <min> <max>
0	18

[block]
# block no. 4 follows, 46 sequences, length 60
# corresponding to MSA columns:
# 418-477
name=unknown_E
#
# <colnr> <probs for GDERKNQSTAVLIFYWHMCP>
#	G	D	E	R	K	N	Q	S	T	A	V	L	I	F	Y	W	H	M	C	P
0	0.32451	0.00879	0.00907	0.02686	0.01097	0.00941	0.00636	0.11297	0.01396	0.07686	0.31867	0.02233	0.02443	0.00759	0.00492	0.00164	0.00378	0.00602	0.00477	0.00609
1	0.00755	0.00566	0.00850	0.00850	0.00944	0.00661	0.00661	0.00944	0.00850	0.01227	0.01416	0.02077	0.01322	0.03965	0.79326	0.00850	0.01416	0.00566	0.00283	0.00472
2	0.00825	0.00689	0.01173	0.01046	0.01203	0.00757	0.11416	0.01051	0.00906	0.01294	0.01367	0.01984	0.01248	0.03464	0.68121	0.00754	0.01341	0.00575	0.00281	0.00506
3	0.01614	0.00705	0.00875	0.00731	0.00996	0.00631	0.00575	0.01803	0.01298	0.40342	0.02418	0.02453	0.12278	0.07508	0.00682	0.00184	0.00374	0.00624	0.23231	0.00677
4	0.01142	0.01086	0.01846	0.44466	0.38201	0.01212	0.01540	0.01477	0.01125	0.01525	0.00965	0.01363	0.00766	0.00502	0.00526	0.00167	0.00669	0.00470	0.00247	0.00703
5	0.01276	0.00578	0.00647	0.00587	0.00770	0.00552	0.00455	0.01514	0.01193	0.18012	0.01800	0.01935	0.01345	0.00624	0.00404	0.00132	0.00289	0.00501	0.66809	0.00578
6	0.00769	0.00513	0.00577	0.00577	0.00577	0.00513	0.00320	0.00769	0.00769	0.01025	0.01666	0.03460	0.01922	0.81421	0.02691	0.00513	0.00513	0.00769	0.00320	0.00320
7	0.01611	0.01760	0.01855	0.02411	0.44747	0.32986	0.01353	0.01849	0.01333	0.03815	0.00954	0.01178	0.00788	0.00506	0.00505	0.00149	0.00755	0.00420	0.00278	0.00748
8	0.02797	0.14764	0.09390	0.03815	0.33430	0.08088	0.12042	0.06461	0.01280	0.01707	0.00955	0.01193	0.00774	0.00486	0.00499	0.00153	0.00692	0.00440	0.00272	0.00763
9	0.01413	0.81739	0.02770	0.00905	0.01357	0.02092	0.00905	0.01583	0.01074	0.01244	0.00735	0.00848	0.00678	0.00452	0.00339	0.00113	0.00565	0.00283	0.00226	0.00678
10	0.00680	0.00532	0.00619	0.00643	0.00768	0.00479	0.00465	0.00869	0.03456	0.01593	0.21821	0.27750	0.35708	0.01355	0.00637	0.00187	0.00280	0.01180	0.00514	0.00465
11	0.01217	0.01065	0.01478	0.01680	0.28485	0.00946	0.00998	0.01570	0.06642	0.03535	0.01073	0.01251	0.00874	0.00449	0.00452	0.00115	0.00479	0.00395	0.00319	0.46976
12	0.01078	0.00883	0.01526	0.05728	0.04844	0.04156	0.22048	0.01112	0.00925	0.01213	0.00961	0.01504	0.00860	0.01254	0.01436	0.48673	0.00624	0.00502	0.00244	0.00429
13	0.00985	0.00493	0.00493	0.00493	0.00616	0.00493	0.00370	0.01232	0.01109	0.01971	0.01725	0.01971	0.01355	0.00616	0.00370	0.00123	0.00246	0.00493	0.84356	0.00493
14	0.00814	0.00650	0.00752	0.00768	0.00934	0.00639	0.00605	0.01217	0.14313	0.01664	0.11395	0.11868	0.31899	0.01265	0.00640	0.00197	0.00349	0.18996	0.00507	0.00527
15	0.01216	0.26094	0.51889	0.01320	0.01976	0.05869	0.01591	0.01672	0.01125	0.01526	0.00878	0.01028	0.00673	0.00490	0.00453	0.00150	0.00727	0.00356	0.00227	0.00741
16	0.00644	0.00476	0.00602	0.00698	0.00758	0.00434	0.00475	0.00748	0.01061	0.01386	0.05481	0.65114	0.17028	0.01582	0.00664	0.00207	0.00298	0.01417	0.00493	0.00434
17	0.00644	0.00460	0.00613	0.00736	0.00767	0.00429	0.00491	0.00736	0.01012	0.01350	0.02914	0.81076	0.03497	0.01656	0.00675	0.00215	0.00307	0.01503	0.00491	0.00429
18	0.14183	0.01414	0.01468	0.01140	0.01549	0.01573	0.00942	0.65408	0.02253	0.03191	0.01191	0.01209	0.00851	0.00614	0.00499	0.00159	0.00556	0.00448	0.00499	0.00851
19	0.01413	0.81739	0.02770	0.00905	0.01357	0.02092	0.00905	0.01583	0.01074	0.01244	0.00735	0.00848	0.00678	0.00452	0.00339	0.00113	0.00565	0.00283	0.00226	0.00678
20	0.00625	0.00536	0.00536	0.00536	0.00714	0.00446	0.00402	0.00759	0.01205	0.01428	0.05355	0.05088	0.77909	0.01339	0.00625	0.00179	0.00268	0.01116	0.00491	0.00446
21	0.00641	0.00471	0.00602	0.00708	0.00759	0.00432	0.00478	0.00739	0.01040	0.01361	0.03261	0.70257	0.14091	0.01611	0.00668	0.00210	0.00301	0.01448	0.00491	0.00432
22	0.01326	0.01234	0.01814	0.01574	0.08337	0.05574	0.23023	0.16154	0.13625	0.02002	0.01648	0.18144	0.01512	0.00787	0.00585	0.00178	0.00614	0.00746	0.00408	0.00715
23	0.01952	0.02482	0.01502	0.01363	0.01627	0.77135	0.01025	0.02088	0.01479	0.01293	0.00814	0.00959	0.00681	0.00555	0.00512	0.00139	0.03168	0.00344	0.00271	0.00612
24	0.02010	0.01481	0.01587	0.01216	0.01639	0.01639	0.01005	0.76360	0.02486	0.03332	0.01269	0.01269	0.00899	0.00635	0.00529	0.00159	0.00582	0.00476	0.00529	0.00899
25	0.00933	0.00805	0.01082	0.02872	0.15467	0.00805	0.02357	0.01389	0.15516	0.01784	0.19785	0.09726	0.23386	0.00993	0.00591	0.00175	0.00385	0.00871	0.00467	0.00612
26	0.00698	0.00519	0.00562	0.00571	0.00650	0.00478	0.00368	0.00762	0.00974	0.01222	0.03344	0.09877	0.34701	0.41122	0.01654	0.00347	0.00392	0.00972	0.00406	0.00383
27	0.01347	0.62973	0.07143	0.00892	0.01317	0.01797	0.00897	0.03658	0.01122	0.01433	0.00904	0.01037	0.00780	0.00484	0.00359	0.00119	0.00534	0.00325	0.12212	0.00665
28	0.01212	0.10569	0.30274	0.01614	0.16154	0.02585	0.04666	0.05007	0.01201	0.01713	0.01036	0.01214	0.02249	0.00489	0.00474	0.00141	0.00637	0.00405	0.00271	0.18089
29	0.04131	0.18369	0.12921	0.01338	0.06673	0.21585	0.02473	0.15551	0.01487	0.07468	0.01053	0.02766	0.00833	0.00559	0.00471	0.00147	0.00691	0.00411	0.00336	0.00736
30	0.01482	0.00805	0.01225	0.01031	0.01282	0.00762	0.09178	0.01666	0.01240	0.34218	0.02240	0.29873	0.03833	0.01081	0.02120	0.00201	0.05679	0.00896	0.00515	0.00672
31	0.00687	0.00544	0.00626	0.00649	0.00799	0.00483	0.00505	0.00857	0.01242	0.01564	0.16559	0.10164	0.47450	0.01340	0.00647	0.00191	0.00307	0.14418	0.00505	0.00461
32	0.01148	0.06419	0.60478	0.01573	0.02279	0.05038	0.12435	0.01693	0.01151	0.01638	0.00949	0.01139	0.00690	0.00494	0.00510	0.00165	0.00795	0.00416	0.00232	0.00758
33	0.01202	0.00931	0.01260	0.01137	0.01368	0.07321	0.11517	0.01510	0.05350	0.12079	0.07309	0.12769	0.02398	0.01087	0.00643	0.00202	0.00538	0.30310	0.00470	0.00599
34	0.01060	0.02735	0.78682	0.01507	0.02288	0.01228	0.01953	0.01674	0.01116	0.01674	0.00949	0.01116	0.00670	0.00502	0.00502	0.00167	0.00781	0.00391	0.00223	0.00781
35	0.01286	0.01233	0.02105	0.08910	0.72637	0.01250	0.01611	0.01602	0.01193	0.01699	0.00990	0.01316	0.00828	0.00475	0.00524	0.00158	0.00634	0.00471	0.00260	0.00819
36	0.04751	0.01168	0.05831	0.09965	0.01611	0.01448	0.01149	0.01279	0.00855	0.01333	0.00809	0.01339	0.00779	0.06768	0.01542	0.00239	0.57846	0.00474	0.00242	0.00571
37	0.00748	0.00540	0.00707	0.00665	0.00790	0.00499	0.00499	0.00998	0.01496	0.02120	0.77844	0.03949	0.04988	0.01081	0.00624	0.00166	0.00249	0.00956	0.00582	0.00499
38	0.00642	0.00536	0.00560	0.00554	0.00725	0.00454	0.00415	0.00793	0.01246	0.01527	0.15676	0.04926	0.67527	0.01302	0.00625	0.00177	0.00265	0.01093	0.00504	0.00454
39	0.00644	0.00460	0.00613	0.00736	0.00767	0.00429	0.00491	0.00736	0.01012	0.01350	0.02914	0.81076	0.03497	0.01656	0.00675	0.00215	0.00307	0.01503	0.00491	0.00429
40	0.00998	0.00940	0.01586	0.80150	0.03641	0.01175	0.01468	0.01351	0.01057	0.01351	0.00940	0.01409	0.00705	0.00529	0.00529	0.00176	0.00705	0.00470	0.00235	0.00587
41	0.01060	0.02735	0.78682	0.01507	0.02288	0.01228	0.01953	0.01674	0.01116	0.01674	0.00949	0.01116	0.00670	0.00502	0.00502	0.00167	0.00781	0.00391	0.00223	0.00781
42	0.00852	0.00608	0.00852	0.00974	0.01095	0.00608	0.00852	0.01095	0.01217	0.01582	0.02799	0.05963	0.03042	0.01460	0.00730	0.00243	0.00487	0.74565	0.00487	0.00487
43	0.01060	0.02735	0.78682	0.01507	0.02288	0.01228	0.01953	0.01674	0.01116	0.01674	0.00949	0.01116	0.00670	0.00502	0.00502	0.00167	0.00781	0.00391	0.00223	0.00781
44	0.01060	0.02735	0.78682	0.01507	0.02288	0.01228	0.01953	0.01674	0.01116	0.01674	0.00949	0.01116	0.00670	0.00502	0.00502	0.00167	0.00781	0.00391	0.00223	0.00781
45	0.00739	0.00540	0.00694	0.00656	0.00784	0.00495	0.00492	0.00980	0.01475	0.02069	0.72505	0.04033	0.10359	0.01100	0.00624	0.00167	0.00251	0.00968	0.00575	0.00495
46	0.01195	0.02556	0.67706	0.01465	0.02196	0.01286	0.01818	0.12307	0.01311	0.01910	0.00994	0.01138	0.00702	0.00521	0.00506	0.00166	0.00753	0.00403	0.00267	0.00798
47	0.01294	0.01241	0.02119	0.06862	0.74620	0.01252	0.01615	0.01610	0.01197	0.01709	0.00992	0.01313	0.00831	0.00474	0.00524	0.00158	0.00632	0.00471	0.00260	0.00826
48	0.01686	0.01335	0.01758	0.01338	0.01743	0.01426	0.16686	0.47006	0.07575	0.02756	0.01343	0.01431	0.00982	0.00599	0.00532	0.00160	0.00598	0.00518	0.09718	0.00811
49	0.01309	0.01360	0.12525	0.01769	0.24495	0.01209	0.01226	0.02023	0.26167	0.07030	0.01495	0.01574	0.02457	0.00610	0.00602	0.00166	0.06116	0.00505	0.00379	0.06982
50	0.01225	0.39644	0.43217	0.01225	0.01853	0.01631	0.01463	0.01632	0.01097	0.01473	0.00849	0.00991	0.00674	0.00479	0.00426	0.00142	0.00680	0.00340	0.00225	0.00733
51	0.01060	0.02735	0.78682	0.01507	0.02288	0.01228	0.01953	0.01674	0.01116	0.01674	0.00949	0.01116	0.00670	0.00502	0.00502	0.00167	0.00781	0.00391	0.00223	0.00781
52	0.00720	0.00535	0.00671	0.00646	0.00775	0.00486	0.00481	0.00940	0.01417	0.01954	0.60748	0.08484	0.17868	0.01159	0.00627	0.00171	0.00256	0.01015	0.00561	0.00486
53	0.00630	0.00528	0.00547	0.00558	0.00721	0.00446	0.00413	0.00762	0.01193	0.01438	0.06905	0.12488	0.68835	0.01364	0.00630	0.00182	0.00271	0.01150	0.00493	0.00446
54	0.00769	0.00513	0.00577	0.00577	0.00577	0.00513	0.00320	0.00769	0.00769	0.01025	0.01666	0.03460	0.01922	0.81421	0.02691	0.00513	0.00513	0.00769	0.00320	0.00320
55	0.01413	0.81739	0.02770	0.00905	0.01357	0.02092	0.00905	0.01583	0.01074	0.01244	0.00735	0.00848	0.00678	0.00452	0.00339	0.00113	0.00565	0.00283	0.00226	0.00678
56	0.01167	0.12555	0.01953	0.41634	0.29691	0.01334	0.01443	0.01480	0.01111	0.01469	0.00930	0.01294	0.00748	0.00497	0.00500	0.00160	0.00658	0.00444	0.00243	0.00689
57	0.00644	0.00460	0.00613	0.00736	0.00767	0.00429	0.00491	0.00736	0.01012	0.01350	0.02914	0.81076	0.03497	0.01656	0.00675	0.00215	0.00307	0.01503	0.00491	0.00429
58	0.01157	0.01157	0.01619	0.01388	0.01388	0.01619	0.01157	0.01272	0.00810	0.01272	0.00694	0.01157	0.00694	0.00925	0.01735	0.00231	0.80453	0.00463	0.00231	0.00578
59	0.00939	0.00731	0.01005	0.12261	0.01498	0.00790	0.00937	0.01376	0.12015	0.01639	0.02442	0.04746	0.02506	0.01222	0.00674	0.00225	0.00508	0.53478	0.00458	0.00551

[dist]
# distance from previous block
# <min> <max>
0	12

[block]
# block no. 5 follows, 46 sequences, length 29
# corresponding to MSA columns:
# 491-519
name=unknown_F
#
# <colnr> <probs for GDERKNQSTAVLIFYWHMCP>
#	G	D	E	R	K	N	Q	S	T	A	V	L	I	F	Y	W	H	M	C	P
0	0.00714	0.00478	0.00638	0.00744	0.00790	0.00444	0.00502	0.00811	0.01033	0.04487	0.02880	0.77851	0.03408	0.01615	0.00669	0.00213	0.00313	0.01463	0.00497	0.00449
1	0.85155	0.01022	0.00777	0.00695	0.01022	0.01186	0.00573	0.01554	0.00900	0.02372	0.00736	0.00859	0.00573	0.00491	0.00327	0.00164	0.00409	0.00286	0.00327	0.00573
2	0.01223	0.01015	0.01164	0.00843	0.01306	0.00834	0.00679	0.11726	0.01289	0.01946	0.00985	0.01120	0.00799	0.00425	0.00411	0.00089	0.00418	0.00336	0.00343	0.73049
3	0.01060	0.01161	0.17593	0.01186	0.10946	0.00784	0.00973	0.01371	0.01308	0.10037	0.26960	0.02798	0.14994	0.00836	0.00561	0.00162	0.00444	0.00717	0.00442	0.05669
4	0.01072	0.05236	0.76279	0.01488	0.02259	0.01255	0.01920	0.01671	0.01115	0.01661	0.00942	0.01108	0.00670	0.00501	0.00497	0.00166	0.00774	0.00387	0.00223	0.00778
5	0.01975	0.02520	0.01498	0.01362	0.01634	0.79299	0.01021	0.02111	0.01498	0.01294	0.00817	0.00953	0.00681	0.00545	0.00477	0.00136	0.00953	0.00340	0.00272	0.00613
6	0.00638	0.00536	0.00554	0.00549	0.00722	0.00452	0.00412	0.00784	0.01236	0.01502	0.13139	0.04965	0.70079	0.01311	0.00625	0.00177	0.00266	0.01099	0.00501	0.00452
7	0.01148	0.01286	0.10186	0.13661	0.42167	0.01145	0.08794	0.01484	0.01153	0.01617	0.01231	0.11382	0.01133	0.00630	0.00551	0.00170	0.00641	0.00607	0.00283	0.00732
8	0.08691	0.02086	0.01520	0.03386	0.13157	0.54601	0.01074	0.02015	0.05919	0.01505	0.00920	0.01071	0.00752	0.00539	0.00476	0.00145	0.00822	0.00374	0.00290	0.00656
9	0.00828	0.00592	0.00798	0.00897	0.01007	0.00587	0.00758	0.01034	0.01160	0.01503	0.02809	0.05595	0.07378	0.11546	0.00971	0.00273	0.00477	0.60858	0.00466	0.00463
10	0.01411	0.01491	0.01988	0.08254	0.38380	0.16795	0.11061	0.01850	0.10330	0.01666	0.01103	0.01340	0.00884	0.00516	0.00529	0.00160	0.00708	0.00480	0.00296	0.00758
11	0.01019	0.00960	0.01622	0.75101	0.08531	0.01180	0.01478	0.01369	0.01067	0.01375	0.00943	0.01403	0.00713	0.00525	0.00528	0.00175	0.00700	0.00470	0.00237	0.00604
12	0.01281	0.03952	0.43614	0.01729	0.07579	0.13252	0.16239	0.03222	0.01233	0.01647	0.00957	0.01163	0.00714	0.00497	0.00521	0.00163	0.00810	0.00434	0.00248	0.00746
13	0.01325	0.44667	0.03407	0.01010	0.01323	0.06463	0.00915	0.05980	0.01105	0.01374	0.00901	0.01203	0.00833	0.04292	0.11518	0.00253	0.12155	0.00384	0.00260	0.00632
14	0.00634	0.00498	0.00574	0.00635	0.00740	0.00438	0.00446	0.00748	0.01109	0.01389	0.04146	0.42713	0.41064	0.01496	0.00650	0.00196	0.00287	0.01307	0.00491	0.00438
15	0.00648	0.00495	0.00596	0.00659	0.00751	0.00443	0.00460	0.00771	0.01130	0.01458	0.11646	0.46432	0.29637	0.01485	0.00652	0.00197	0.00287	0.01310	0.00500	0.00443
16	0.01619	0.42074	0.06841	0.01194	0.03870	0.30746	0.01037	0.04504	0.01290	0.01379	0.00806	0.00933	0.00692	0.00497	0.00413	0.00128	0.00725	0.00324	0.00255	0.00673
17	0.00755	0.00566	0.00850	0.00850	0.00944	0.00661	0.00661	0.00944	0.00850	0.01227	0.01416	0.02077	0.01322	0.03965	0.79326	0.00850	0.01416	0.00566	0.00283	0.00472
18	0.00633	0.00536	0.00547	0.00544	0.00719	0.00450	0.00408	0.00775	0.01225	0.01476	0.10331	0.05010	0.72903	0.01321	0.00625	0.00178	0.00267	0.01105	0.00497	0.00450
19	0.01483	0.04958	0.05632	0.15715	0.10400	0.17926	0.22916	0.01796	0.01270	0.09769	0.01067	0.01306	0.00804	0.00518	0.00558	0.00163	0.02237	0.00482	0.00299	0.00702
20	0.01264	0.01106	0.01674	0.26824	0.29959	0.01228	0.01325	0.01873	0.20020	0.05695	0.01315	0.01527	0.01010	0.00569	0.00555	0.00171	0.02283	0.00505	0.00341	0.00756
21	0.01975	0.02520	0.01498	0.01362	0.01634	0.79299	0.01021	0.02111	0.01498	0.01294	0.00817	0.00953	0.00681	0.00545	0.00477	0.00136	0.00953	0.00340	0.00272	0.00613
22	0.00755	0.00566	0.00850	0.00850	0.00944	0.00661	0.00661	0.00944	0.00850	0.01227	0.01416	0.02077	0.01322	0.03965	0.79326	0.00850	0.01416	0.00566	0.00283	0.00472
23	0.01321	0.01143	0.01161	0.01038	0.01323	0.04620	0.00806	0.10383	0.55019	0.02175	0.02309	0.06841	0.07918	0.00808	0.00550	0.00177	0.00440	0.00670	0.00519	0.00777
24	0.04555	0.01252	0.01405	0.01077	0.01496	0.01295	0.00885	0.45266	0.03810	0.20937	0.01426	0.01377	0.00989	0.00606	0.00506	0.00150	0.00517	0.00466	0.00525	0.11459
25	0.01440	0.54382	0.16700	0.01073	0.01575	0.05822	0.01116	0.09656	0.01255	0.01551	0.00836	0.00949	0.00701	0.00486	0.00397	0.00129	0.00627	0.00326	0.00260	0.00718
26	0.01037	0.00980	0.01656	0.70443	0.13043	0.01185	0.01488	0.01385	0.01076	0.01398	0.00947	0.01397	0.00721	0.00521	0.00528	0.00174	0.00695	0.00470	0.00238	0.00619
27	0.00841	0.00601	0.00836	0.00940	0.01062	0.00597	0.00814	0.01085	0.01247	0.01640	0.10857	0.05747	0.03251	0.01420	0.00719	0.00235	0.00461	0.66661	0.00497	0.00488
28	0.00761	0.00549	0.00725	0.00704	0.00828	0.00513	0.00543	0.01010	0.01461	0.02052	0.68372	0.04203	0.04743	0.01129	0.00637	0.00176	0.00279	0.10247	0.00570	0.00497

[dist]
# distance from previous block
# <min> <max>
0	12

[block]
# block no. 6 follows, 46 sequences, length 24
# corresponding to MSA columns:
# 532-555
name=unknown_G
#
# <colnr> <probs for GDERKNQSTAVLIFYWHMCP>
#	G	D	E	R	K	N	Q	S	T	A	V	L	I	F	Y	W	H	M	C	P
0	0.00675	0.00501	0.00599	0.00644	0.00723	0.00458	0.00439	0.00786	0.01095	0.01429	0.14350	0.35718	0.23903	0.15020	0.00996	0.00248	0.00323	0.01192	0.00475	0.00426
1	0.01272	0.00592	0.00700	0.00641	0.00824	0.00556	0.00491	0.01491	0.01221	0.20702	0.06711	0.11010	0.01813	0.00772	0.00460	0.00146	0.00303	0.00646	0.49062	0.00586
2	0.23618	0.00891	0.01051	0.00849	0.01204	0.00862	0.00697	0.02146	0.01294	0.50298	0.01678	0.01581	0.01121	0.00811	0.05242	0.00203	0.00488	0.00468	0.04730	0.00769
3	0.01147	0.00629	0.00834	0.00733	0.00927	0.00567	0.00567	0.01385	0.01501	0.20875	0.59239	0.03421	0.04085	0.00976	0.00601	0.00166	0.00299	0.00852	0.00600	0.00597
4	0.85155	0.01022	0.00777	0.00695	0.01022	0.01186	0.00573	0.01554	0.00900	0.02372	0.00736	0.00859	0.00573	0.00491	0.00327	0.00164	0.00409	0.00286	0.00327	0.00573
5	0.01634	0.40590	0.05228	0.01115	0.01512	0.31029	0.00986	0.06303	0.01322	0.01426	0.00815	0.00934	0.00697	0.00498	0.00411	0.00125	0.00714	0.00322	0.00265	0.04075
6	0.00738	0.00664	0.05386	0.00697	0.00858	0.00528	0.00563	0.00967	0.01355	0.01867	0.51476	0.10609	0.16969	0.04130	0.00698	0.00186	0.00299	0.00989	0.00527	0.00494
7	0.01349	0.42371	0.20816	0.01434	0.10264	0.07609	0.06341	0.01657	0.01143	0.01435	0.00844	0.01011	0.00703	0.00473	0.00429	0.00137	0.00676	0.00357	0.00236	0.00718
8	0.01157	0.01157	0.01619	0.01388	0.01388	0.01619	0.01157	0.01272	0.00810	0.01272	0.00694	0.01157	0.00694	0.00925	0.01735	0.00231	0.80453	0.00463	0.00231	0.00578
9	0.01464	0.26912	0.16935	0.07849	0.11132	0.06031	0.04513	0.10164	0.01322	0.07512	0.01006	0.01152	0.00776	0.00511	0.00465	0.00147	0.00656	0.00400	0.00302	0.00750
10	0.01301	0.04311	0.31452	0.08353	0.23500	0.05293	0.06190	0.10111	0.01317	0.01819	0.00991	0.01214	0.00754	0.00508	0.00515	0.00162	0.00719	0.00438	0.00275	0.00779
11	0.00682	0.00505	0.00591	0.00628	0.00704	0.00463	0.00421	0.00779	0.01056	0.01369	0.11176	0.30191	0.25245	0.22382	0.01182	0.00277	0.00343	0.01139	0.00456	0.00413
12	0.00850	0.00661	0.00902	0.00985	0.09585	0.00639	0.00649	0.01190	0.06551	0.02082	0.64053	0.03517	0.04291	0.00987	0.00606	0.00166	0.00304	0.00877	0.00543	0.00560
13	0.01637	0.07921	0.06584	0.01980	0.28686	0.07055	0.09219	0.08630	0.02935	0.18320	0.01248	0.01361	0.00922	0.00533	0.00517	0.00157	0.00638	0.00474	0.00372	0.00810
14	0.00747	0.05244	0.00839	0.00798	0.00872	0.00651	0.00588	0.00859	0.01030	0.01358	0.02846	0.56058	0.11466	0.01470	0.00754	0.00208	0.07984	0.05315	0.00450	0.00463
15	0.01784	0.00770	0.01038	0.00841	0.01147	0.00676	0.00676	0.02005	0.01507	0.50828	0.29525	0.02578	0.02641	0.00809	0.00565	0.00165	0.00377	0.00685	0.00628	0.00754
16	0.01147	0.05268	0.63013	0.01560	0.02273	0.05785	0.10329	0.01699	0.01152	0.01640	0.00948	0.01133	0.00686	0.00497	0.00509	0.00165	0.00796	0.00411	0.00231	0.00760
17	0.01278	0.01274	0.03158	0.02173	0.33462	0.06095	0.13873	0.01748	0.14153	0.01674	0.01225	0.03728	0.01027	0.00684	0.00737	0.07015	0.05119	0.00537	0.00312	0.00726
18	0.01315	0.01391	0.03239	0.01247	0.01383	0.18859	0.01019	0.07481	0.01117	0.01443	0.00940	0.01331	0.00851	0.01505	0.19172	0.00345	0.36034	0.00458	0.00276	0.00592
19	0.00760	0.00512	0.00597	0.00617	0.00628	0.00509	0.00370	0.00784	0.00822	0.01093	0.01869	0.12183	0.02161	0.67980	0.02355	0.00464	0.00488	0.05118	0.00349	0.00342
20	0.12927	0.01241	0.01273	0.02488	0.01417	0.06466	0.00837	0.35378	0.01815	0.19611	0.01394	0.01392	0.00979	0.00610	0.00482	0.00155	0.00520	0.00456	0.09773	0.00786
21	0.07419	0.01558	0.01426	0.01296	0.04072	0.26592	0.02699	0.02010	0.18617	0.06500	0.01202	0.01339	0.00959	0.00780	0.03368	0.00196	0.18485	0.00453	0.00352	0.00677
22	0.00763	0.03763	0.00722	0.00679	0.00808	0.00534	0.00500	0.00906	0.01181	0.04513	0.16316	0.33124	0.27511	0.02855	0.00671	0.00195	0.00310	0.03673	0.00499	0.00475
23	0.01284	0.01120	0.01549	0.06185	0.23788	0.01039	0.02910	0.11958	0.01324	0.01928	0.01005	0.01208	0.00811	0.00458	0.00463	0.00121	0.00517	0.00399	0.00323	0.41612

[dist]
# distance from previous block
# <min> <max>
7	26

[block]
# block no. 7 follows, 46 sequences, length 28
# corresponding to MSA columns:
# 583-610
name=unknown_H
#
# <colnr> <probs for GDERKNQSTAVLIFYWHMCP>
#	G	D	E	R	K	N	Q	S	T	A	V	L	I	F	Y	W	H	M	C	P
0	0.01184	0.03592	0.33421	0.01152	0.01633	0.10897	0.01224	0.10413	0.01378	0.01807	0.08572	0.02147	0.16481	0.00737	0.00530	0.00161	0.00614	0.00584	0.00353	0.03121
1	0.01434	0.01538	0.01804	0.02415	0.46817	0.23703	0.01334	0.01682	0.01246	0.01542	0.00994	0.01298	0.00850	0.00910	0.09940	0.00234	0.00816	0.00445	0.00267	0.00729
2	0.01264	0.01089	0.01431	0.01036	0.01506	0.00936	0.10210	0.13573	0.01341	0.01981	0.01010	0.01166	0.00804	0.00438	0.00443	0.00104	0.00485	0.00379	0.00342	0.60463
3	0.01112	0.07639	0.01205	0.01021	0.05642	0.05636	0.03350	0.10569	0.01111	0.01456	0.01353	0.02319	0.01374	0.37089	0.13727	0.00421	0.03534	0.00601	0.00322	0.00518
4	0.00854	0.00637	0.00848	0.01021	0.13209	0.00632	0.00554	0.00936	0.00931	0.01277	0.11154	0.03172	0.02132	0.58140	0.02078	0.00411	0.00498	0.00744	0.00344	0.00427
5	0.06241	0.01018	0.00986	0.01068	0.10664	0.13510	0.00707	0.05896	0.01325	0.01963	0.15366	0.01976	0.01773	0.00665	0.00460	0.00142	0.00440	0.00537	0.34677	0.00586
6	0.60937	0.01074	0.01086	0.01129	0.10795	0.01265	0.00800	0.01517	0.00923	0.02112	0.00762	0.00964	0.00626	0.00559	0.00581	0.00174	0.13448	0.00338	0.00303	0.00607
7	0.01746	0.01325	0.01445	0.01091	0.01528	0.01370	0.00896	0.54711	0.02085	0.02867	0.01174	0.01219	0.00866	0.00564	0.00489	0.00135	0.00527	0.00429	0.00467	0.25066
8	0.00955	0.02101	0.56161	0.01248	0.01846	0.01011	0.01521	0.01449	0.01189	0.01716	0.14004	0.02077	0.11103	0.00702	0.00537	0.00169	0.00630	0.00574	0.00315	0.00693
9	0.00642	0.00488	0.00593	0.00675	0.00757	0.00439	0.00470	0.00752	0.01080	0.01381	0.03716	0.54328	0.28006	0.01547	0.00660	0.00203	0.00298	0.03038	0.00491	0.00436
10	0.00685	0.00514	0.00635	0.00655	0.00764	0.00464	0.00472	0.00858	0.01275	0.01710	0.36704	0.27928	0.22758	0.01322	0.00640	0.00184	0.00272	0.01164	0.00531	0.00464
11	0.01202	0.10917	0.05653	0.01172	0.01341	0.11473	0.01012	0.01373	0.01047	0.02302	0.04240	0.01928	0.08263	0.00995	0.04225	0.00219	0.36315	0.05443	0.00297	0.00584
12	0.01025	0.00947	0.01580	0.58155	0.15426	0.01113	0.01398	0.01358	0.01117	0.01472	0.05661	0.01817	0.01122	0.00608	0.00545	0.00176	0.00652	0.04933	0.00275	0.00617
13	0.01615	0.25781	0.02064	0.01769	0.23622	0.33755	0.01160	0.01813	0.01287	0.01404	0.00844	0.01024	0.00725	0.00496	0.00449	0.00135	0.00744	0.00361	0.00256	0.00697
14	0.01559	0.49226	0.02213	0.01055	0.01437	0.23784	0.00929	0.01886	0.10781	0.01380	0.00937	0.01019	0.00797	0.00512	0.00403	0.00128	0.00656	0.00339	0.00278	0.00680
15	0.01639	0.35987	0.08424	0.01167	0.01562	0.35768	0.01042	0.03496	0.03927	0.01380	0.00849	0.00964	0.00716	0.00510	0.00424	0.00131	0.00748	0.00332	0.00264	0.00669
16	0.01273	0.00925	0.01093	0.00993	0.01237	0.00982	0.00828	0.29092	0.01650	0.03678	0.02372	0.03558	0.11437	0.01421	0.10044	0.00275	0.00605	0.27415	0.00482	0.00642
17	0.50971	0.33972	0.01591	0.00781	0.01159	0.01556	0.00708	0.01566	0.00971	0.01911	0.00736	0.00854	0.00616	0.00475	0.00332	0.00143	0.00473	0.00285	0.00286	0.00616
18	0.25369	0.01022	0.01246	0.00931	0.01367	0.00919	0.09655	0.01439	0.01058	0.01906	0.00896	0.01067	0.00725	0.00427	0.00401	0.00115	0.00456	0.00343	0.00312	0.50347
19	0.01258	0.01226	0.01452	0.01675	0.23413	0.11779	0.01052	0.08637	0.03946	0.01665	0.01903	0.02082	0.16356	0.01053	0.07532	0.00231	0.13142	0.00595	0.00342	0.00662
20	0.04608	0.00933	0.01174	0.08345	0.01493	0.00950	0.00819	0.02305	0.23277	0.37494	0.11017	0.02038	0.01755	0.00706	0.00537	0.00170	0.00439	0.00587	0.00562	0.00793
21	0.00969	0.00885	0.01215	0.01097	0.01158	0.01109	0.00873	0.01095	0.00898	0.01333	0.01419	0.24290	0.01564	0.01345	0.07915	0.00265	0.43106	0.00758	0.00318	0.08388
