[name]
unknown

[dist]
# distance from previous block
# <min> <max>
0	407

[block]
# block no. 0 follows, 43 sequences, length 18
# corresponding to MSA columns:
# 2068-2085
name=unknown_A
#
# <colnr> <probs for GDERKNQSTAVLIFYWHMCP>
#	G	D	E	R	K	N	Q	S	T	A	V	L	I	F	Y	W	H	M	C	P
0	0.15327	0.26752	0.07161	0.01253	0.06128	0.23836	0.01039	0.01882	0.03534	0.04338	0.00996	0.01225	0.00840	0.00565	0.00446	0.00150	0.00691	0.02835	0.00306	0.00697
1	0.04061	0.09763	0.50351	0.01620	0.06778	0.01370	0.07918	0.01837	0.05329	0.04344	0.01089	0.01247	0.00799	0.00532	0.00519	0.00171	0.00751	0.00438	0.00278	0.00806
2	0.04759	0.13249	0.34277	0.01276	0.04675	0.01236	0.01341	0.01616	0.05817	0.01847	0.17738	0.02039	0.01860	0.00714	0.00561	0.00172	0.02244	0.03508	0.00355	0.00717
3	0.00673	0.00488	0.00636	0.00754	0.00799	0.00451	0.00507	0.00773	0.01076	0.01420	0.03256	0.74227	0.09480	0.01709	0.00703	0.00222	0.00318	0.01542	0.00514	0.00451
4	0.01178	0.21992	0.40540	0.01375	0.01984	0.01419	0.09038	0.01633	0.01228	0.01708	0.11525	0.01546	0.01349	0.00592	0.00514	0.00162	0.00696	0.00489	0.00292	0.00743
5	0.00889	0.00578	0.00741	0.00748	0.00867	0.00568	0.00572	0.01094	0.01235	0.04450	0.23527	0.09279	0.06898	0.09621	0.11689	0.00321	0.00513	0.12730	0.13176	0.00504
6	0.01527	0.41247	0.24556	0.01184	0.01752	0.01771	0.01278	0.12749	0.01387	0.06409	0.01006	0.01098	0.00783	0.00531	0.00447	0.00146	0.00654	0.00376	0.00311	0.00791
7	0.01048	0.01361	0.20638	0.01046	0.01497	0.00873	0.01026	0.01454	0.05704	0.01720	0.01478	0.11098	0.01381	0.01029	0.07588	0.00214	0.00609	0.05046	0.00349	0.34841
8	0.15690	0.04701	0.07300	0.01386	0.10434	0.06470	0.01053	0.28513	0.04955	0.02458	0.01368	0.10700	0.01192	0.00727	0.00522	0.00172	0.00583	0.00574	0.00426	0.00776
9	0.02033	0.00948	0.01166	0.00934	0.01291	0.00911	0.00758	0.11126	0.08388	0.45890	0.02009	0.01873	0.01359	0.00681	0.00521	0.00163	0.00440	0.00548	0.18115	0.00847
10	0.00994	0.00635	0.00937	0.00902	0.01040	0.00707	0.00707	0.01194	0.00973	0.10424	0.01568	0.02141	0.01383	0.03738	0.69011	0.00804	0.01362	0.00589	0.00343	0.00548
11	0.01374	0.49058	0.17879	0.01449	0.12176	0.01855	0.01291	0.01663	0.01136	0.01467	0.00851	0.01033	0.00733	0.00518	0.00507	0.00144	0.05517	0.00358	0.00242	0.00749
12	0.00825	0.00596	0.00810	0.00920	0.01031	0.00580	0.00761	0.01040	0.01247	0.01631	0.07678	0.21647	0.07913	0.01541	0.00739	0.00240	0.00441	0.49348	0.00517	0.00495
13	0.00793	0.00592	0.00757	0.00819	0.00894	0.00613	0.00573	0.01074	0.10005	0.01467	0.02549	0.49445	0.02858	0.09569	0.14884	0.00370	0.00565	0.01211	0.00464	0.00498
14	0.01177	0.00872	0.01159	0.01022	0.01078	0.01065	0.00780	0.01264	0.00921	0.10357	0.01357	0.02327	0.01363	0.33555	0.06065	0.00388	0.33754	0.00630	0.00336	0.00530
15	0.01638	0.01145	0.01498	0.14950	0.14035	0.01233	0.01093	0.23639	0.07340	0.12959	0.01486	0.01607	0.01086	0.00624	0.00529	0.00166	0.00554	0.00517	0.13095	0.00805
16	0.11086	0.00816	0.00889	0.00735	0.01068	0.00709	0.00586	0.01345	0.01184	0.06423	0.02240	0.02486	0.17063	0.00750	0.00481	0.00137	0.00374	0.05047	0.12020	0.34561
17	0.01243	0.00912	0.01083	0.00971	0.01212	0.02743	0.03724	0.05899	0.22640	0.11041	0.12751	0.19995	0.11323	0.01070	0.00619	0.00190	0.00417	0.00931	0.00549	0.00686

[dist]
# distance from previous block
# <min> <max>
0	33

[block]
# block no. 1 follows, 43 sequences, length 8
# corresponding to MSA columns:
# 2119-2126
name=unknown_B
#
# <colnr> <probs for GDERKNQSTAVLIFYWHMCP>
#	G	D	E	R	K	N	Q	S	T	A	V	L	I	F	Y	W	H	M	C	P
0	0.01506	0.00861	0.01064	0.00947	0.01215	0.00859	0.00746	0.02098	0.22365	0.26856	0.17058	0.11651	0.02626	0.00979	0.00611	0.00189	0.00407	0.06609	0.00603	0.00751
1	0.01041	0.14946	0.18066	0.00992	0.01402	0.01013	0.00964	0.01314	0.01120	0.01579	0.01630	0.27098	0.01710	0.00882	0.00524	0.00156	0.00502	0.00750	0.00353	0.23958
2	0.00906	0.00518	0.00777	0.00777	0.00809	0.00550	0.00550	0.00809	0.00777	0.01068	0.01133	0.01845	0.01101	0.02657	0.27217	0.56592	0.00811	0.00518	0.00259	0.00324
3	0.01514	0.01224	0.01338	0.01059	0.01477	0.01245	0.00849	0.24267	0.26232	0.02484	0.01507	0.01505	0.01143	0.00600	0.00504	0.00142	0.00480	0.00478	0.00474	0.31479
4	0.00915	0.00505	0.00558	0.00600	0.00697	0.00494	0.00429	0.01120	0.01128	0.01851	0.02216	0.27753	0.02157	0.01004	0.00492	0.00161	0.00279	0.00864	0.56283	0.00494
5	0.01270	0.00633	0.00854	0.00842	0.01004	0.00570	0.00613	0.01405	0.01233	0.26425	0.02767	0.54428	0.02909	0.01390	0.00658	0.00207	0.00371	0.01240	0.00570	0.00612
6	0.01593	0.01189	0.01315	0.01069	0.01395	0.01288	0.00860	0.43160	0.10065	0.02948	0.26244	0.02331	0.02430	0.00828	0.00588	0.00171	0.00477	0.00678	0.00573	0.00797
7	0.00780	0.00526	0.00611	0.00636	0.00643	0.00520	0.00370	0.00799	0.00855	0.01140	0.01998	0.18408	0.02332	0.65318	0.02411	0.00477	0.00495	0.00954	0.00370	0.00358

[dist]
# distance from previous block
# <min> <max>
0	9

[block]
# block no. 2 follows, 43 sequences, length 7
# corresponding to MSA columns:
# 2136-2142
name=unknown_C
#
# <colnr> <probs for GDERKNQSTAVLIFYWHMCP>
#	G	D	E	R	K	N	Q	S	T	A	V	L	I	F	Y	W	H	M	C	P
0	0.01429	0.69889	0.13426	0.01036	0.01559	0.02064	0.01102	0.01672	0.01132	0.01366	0.00801	0.00928	0.00709	0.00481	0.00379	0.00126	0.00624	0.00312	0.00236	0.00726
1	0.00764	0.00566	0.00666	0.00681	0.00780	0.00542	0.00489	0.00883	0.01082	0.01392	0.07946	0.04464	0.27633	0.30326	0.08877	0.00390	0.00519	0.11133	0.00434	0.00432
2	0.00701	0.00539	0.00639	0.00683	0.00795	0.00490	0.00491	0.00838	0.01181	0.01512	0.11209	0.29550	0.34058	0.06628	0.04370	0.00256	0.00374	0.04720	0.00502	0.00462
3	0.04962	0.00906	0.01360	0.06516	0.05284	0.02658	0.11235	0.01382	0.01162	0.10042	0.01904	0.29847	0.01935	0.01258	0.06719	0.00243	0.02903	0.00892	0.00415	0.08378
4	0.04882	0.37422	0.13652	0.01292	0.01807	0.07677	0.11538	0.09099	0.01334	0.01730	0.00925	0.01080	0.00751	0.00506	0.00456	0.00144	0.00692	0.00390	0.00286	0.04339
5	0.03884	0.09299	0.15825	0.06963	0.13455	0.09898	0.15636	0.05220	0.03694	0.01771	0.01030	0.01265	0.00808	0.00529	0.00560	0.00163	0.02841	0.00463	0.00291	0.06405
6	0.01071	0.00923	0.03546	0.01040	0.01281	0.00860	0.06539	0.07960	0.02991	0.03512	0.01999	0.36339	0.02144	0.03027	0.00759	0.00193	0.07001	0.00961	0.00432	0.17421

[dist]
# distance from previous block
# <min> <max>
1	61

[block]
# block no. 3 follows, 43 sequences, length 21
# corresponding to MSA columns:
# 2204-2224
name=unknown_D
#
# <colnr> <probs for GDERKNQSTAVLIFYWHMCP>
#	G	D	E	R	K	N	Q	S	T	A	V	L	I	F	Y	W	H	M	C	P
0	0.09318	0.15743	0.02945	0.07583	0.01545	0.04870	0.00883	0.09571	0.04452	0.23082	0.03583	0.01721	0.04390	0.02133	0.00535	0.00166	0.00531	0.00504	0.05694	0.00752
1	0.07022	0.01179	0.01158	0.04159	0.01354	0.12195	0.03931	0.10045	0.14806	0.02039	0.01865	0.07072	0.06308	0.02421	0.00595	0.00175	0.02575	0.00619	0.19823	0.00658
2	0.01168	0.04618	0.07293	0.34764	0.06360	0.01219	0.10873	0.05733	0.03777	0.01696	0.01454	0.01733	0.07305	0.00605	0.00550	0.00169	0.00669	0.00545	0.00310	0.09158
3	0.00993	0.00761	0.00925	0.00955	0.04730	0.00781	0.00653	0.08568	0.12225	0.01910	0.19058	0.26872	0.06375	0.11510	0.00923	0.00238	0.00396	0.01031	0.00512	0.00584
4	0.01398	0.01574	0.09414	0.04939	0.13324	0.11886	0.14923	0.01911	0.12739	0.04642	0.04815	0.01637	0.02621	0.00661	0.00734	0.00182	0.10951	0.00554	0.00348	0.00747
5	0.00931	0.11060	0.01127	0.00829	0.01009	0.00861	0.00647	0.01092	0.00937	0.01313	0.01379	0.02171	0.01352	0.18912	0.42343	0.00610	0.01031	0.00563	0.00301	0.11532
6	0.01322	0.00979	0.01166	0.00842	0.01326	0.00748	0.00677	0.01564	0.01205	0.11631	0.01140	0.01244	0.00892	0.00446	0.00429	0.00094	0.00418	0.00358	0.00375	0.73145
7	0.11756	0.00839	0.01026	0.00959	0.01052	0.01008	0.00750	0.01099	0.00993	0.01518	0.02311	0.18412	0.16512	0.06942	0.03270	0.00257	0.28035	0.02360	0.00378	0.00522
8	0.01450	0.13253	0.20124	0.01476	0.01991	0.01420	0.17955	0.02112	0.17717	0.11633	0.01411	0.01494	0.01040	0.00593	0.00594	0.00175	0.03861	0.00518	0.00376	0.00807
9	0.01031	0.00574	0.00628	0.00595	0.00767	0.00531	0.00453	0.01253	0.01280	0.08862	0.12358	0.03209	0.22678	0.00919	0.00510	0.00155	0.00284	0.00761	0.42610	0.00543
10	0.00999	0.00786	0.00933	0.00906	0.01044	0.03439	0.00695	0.01453	0.15518	0.01643	0.01827	0.12169	0.01685	0.02261	0.32494	0.00472	0.05471	0.00699	0.14929	0.00578
11	0.00910	0.00535	0.00615	0.00605	0.00729	0.00515	0.00450	0.01160	0.01322	0.02091	0.32606	0.07489	0.03111	0.00909	0.00515	0.00153	0.00263	0.00777	0.44731	0.00515
12	0.01073	0.00633	0.00817	0.00732	0.00923	0.00568	0.00563	0.01312	0.01535	0.15623	0.55000	0.03874	0.13004	0.01084	0.00636	0.00175	0.00301	0.00942	0.00612	0.00591
13	0.12558	0.01140	0.01309	0.01023	0.01429	0.01156	0.00843	0.27053	0.01825	0.38580	0.01696	0.01584	0.01132	0.00655	0.00519	0.00167	0.00500	0.00503	0.05455	0.00874
14	0.84448	0.01071	0.00814	0.00728	0.01071	0.01242	0.00600	0.01628	0.00943	0.02485	0.00771	0.00900	0.00600	0.00514	0.00343	0.00171	0.00428	0.00300	0.00343	0.00600
15	0.01464	0.01249	0.01431	0.01440	0.11297	0.01410	0.01005	0.11411	0.57593	0.02391	0.01986	0.01888	0.01496	0.00708	0.00560	0.00182	0.00487	0.00594	0.00525	0.00884
16	0.01282	0.01672	0.12931	0.02236	0.02830	0.01386	0.65586	0.01771	0.01289	0.01771	0.01104	0.01452	0.00822	0.00475	0.00637	0.00185	0.00919	0.00622	0.00274	0.00756
17	0.02204	0.00960	0.01260	0.00963	0.01397	0.00825	0.00789	0.02482	0.04691	0.61049	0.01978	0.01764	0.01288	0.00640	0.00532	0.00156	0.00459	0.00520	0.00618	0.15424
18	0.18933	0.07890	0.11618	0.01208	0.01643	0.17074	0.05365	0.06636	0.08192	0.14530	0.01243	0.01286	0.00908	0.00581	0.00487	0.00164	0.00658	0.00431	0.00395	0.00758
19	0.03462	0.26196	0.03602	0.05636	0.24029	0.03514	0.03691	0.01879	0.14969	0.01715	0.01271	0.03162	0.01086	0.00600	0.00498	0.00160	0.00604	0.02825	0.00328	0.00773
20	0.14666	0.05220	0.05649	0.07934	0.14293	0.03207	0.02653	0.14383	0.03405	0.16570	0.05710	0.01535	0.01180	0.00614	0.00516	0.00168	0.00576	0.00495	0.00432	0.00795

[dist]
# distance from previous block
# <min> <max>
1	52

[block]
# block no. 4 follows, 43 sequences, length 20
# corresponding to MSA columns:
# 2277-2296
name=unknown_E
#
# <colnr> <probs for GDERKNQSTAVLIFYWHMCP>
#	G	D	E	R	K	N	Q	S	T	A	V	L	I	F	Y	W	H	M	C	P
0	0.09042	0.08722	0.12017	0.01236	0.01597	0.14638	0.11365	0.06708	0.01304	0.01739	0.05053	0.10258	0.03370	0.09649	0.00794	0.00211	0.00669	0.00639	0.00349	0.00639
1	0.01890	0.01917	0.01361	0.01215	0.01494	0.46244	0.00923	0.09672	0.01592	0.10979	0.01386	0.10066	0.01201	0.00730	0.00527	0.00157	0.00762	0.00544	0.06661	0.00679
2	0.10744	0.01454	0.11790	0.14584	0.02014	0.07811	0.06191	0.12020	0.01390	0.09725	0.01346	0.09570	0.01133	0.00721	0.00621	0.00181	0.05596	0.00580	0.01816	0.00712
3	0.00666	0.00548	0.00586	0.00605	0.00762	0.00468	0.00443	0.00806	0.01247	0.01526	0.09473	0.17846	0.60227	0.01442	0.00663	0.00193	0.00286	0.01227	0.00520	0.00468
4	0.00917	0.00759	0.01039	0.00960	0.01061	0.00881	0.00741	0.01066	0.00915	0.01339	0.01447	0.09794	0.01483	0.13030	0.34385	0.00539	0.18853	0.00665	0.00315	0.09812
5	0.00841	0.00605	0.00822	0.09485	0.01171	0.00588	0.00636	0.01056	0.01348	0.04954	0.38133	0.24985	0.10785	0.01242	0.00653	0.00191	0.00342	0.01101	0.00537	0.00525
6	0.00972	0.00625	0.00809	0.00857	0.01016	0.00581	0.00698	0.01166	0.01269	0.10041	0.03547	0.18426	0.21695	0.01439	0.00704	0.00223	0.00415	0.34448	0.00531	0.00537
7	0.01432	0.01210	0.02027	0.17774	0.54477	0.01243	0.01570	0.01756	0.01268	0.10183	0.01158	0.01449	0.00906	0.00527	0.00550	0.00169	0.00653	0.00500	0.00315	0.00834
8	0.00967	0.00484	0.00706	0.00706	0.00716	0.00484	0.00474	0.00764	0.00755	0.01045	0.01026	0.01712	0.00996	0.01828	0.02031	0.77581	0.00464	0.00484	0.06517	0.00261
9	0.07589	0.12068	0.01608	0.01077	0.01494	0.01491	0.00904	0.39782	0.05039	0.06360	0.06937	0.01488	0.01247	0.00640	0.00504	0.00152	0.00532	0.00484	0.00482	0.10120
10	0.17327	0.09462	0.01583	0.06204	0.04465	0.49167	0.01023	0.01982	0.01371	0.01582	0.00847	0.01014	0.00699	0.00547	0.00462	0.00149	0.00825	0.00354	0.00289	0.00647
11	0.00858	0.00621	0.00782	0.00848	0.00942	0.00613	0.00613	0.09131	0.01263	0.01675	0.02930	0.60734	0.05682	0.01582	0.00695	0.00220	0.00373	0.09408	0.00518	0.00512
12	0.01756	0.01709	0.01600	0.01366	0.01615	0.28495	0.04118	0.09558	0.08194	0.10184	0.01226	0.01484	0.00992	0.00745	0.00885	0.00185	0.21847	0.02945	0.00379	0.00718
13	0.02049	0.01891	0.04952	0.17319	0.42494	0.09577	0.01777	0.02197	0.04390	0.02333	0.01753	0.02322	0.01519	0.00997	0.00842	0.00296	0.00925	0.00704	0.00524	0.01137
14	0.01926	0.01695	0.01550	0.01513	0.01742	0.18821	0.01076	0.02189	0.19178	0.02301	0.02832	0.30510	0.02846	0.01560	0.00911	0.00322	0.00774	0.06583	0.00691	0.00980
15	0.06389	0.07705	0.15739	0.04233	0.24478	0.10141	0.01602	0.07051	0.01724	0.02412	0.01760	0.02391	0.01567	0.08224	0.01018	0.00325	0.00915	0.00691	0.00537	0.01099
16	0.24966	0.03108	0.04683	0.10771	0.14517	0.07158	0.04771	0.04028	0.01643	0.07697	0.01870	0.07740	0.01655	0.01090	0.00799	0.00302	0.00828	0.00735	0.00585	0.01054
17	0.08138	0.25964	0.11367	0.01169	0.01580	0.04206	0.09264	0.05191	0.03118	0.03022	0.04872	0.01807	0.01262	0.03465	0.06036	0.00224	0.00686	0.05609	0.02338	0.00681
18	0.07508	0.14764	0.17020	0.09031	0.01960	0.04073	0.11306	0.01751	0.04826	0.10000	0.01509	0.08448	0.04123	0.00683	0.00530	0.00172	0.00644	0.00582	0.00353	0.00718
19	0.04373	0.17148	0.09401	0.09868	0.03749	0.05784	0.09360	0.12332	0.05104	0.01865	0.03199	0.05397	0.02889	0.03313	0.02285	0.00194	0.02131	0.00550	0.00346	0.00711

[dist]
# distance from previous block
# <min> <max>
1	77

[block]
# block no. 5 follows, 43 sequences, length 15
# corresponding to MSA columns:
# 2384-2398
name=unknown_F
#
# <colnr> <probs for GDERKNQSTAVLIFYWHMCP>
#	G	D	E	R	K	N	Q	S	T	A	V	L	I	F	Y	W	H	M	C	P
0	0.05068	0.09233	0.14846	0.01167	0.02981	0.05219	0.01061	0.17579	0.08194	0.09690	0.01707	0.11555	0.04333	0.00772	0.00536	0.00169	0.00570	0.00621	0.00437	0.04262
1	0.01246	0.34425	0.18104	0.05962	0.06435	0.01548	0.01199	0.04618	0.01188	0.01549	0.01343	0.08533	0.04728	0.00827	0.03784	0.00188	0.02800	0.00529	0.00294	0.00700
2	0.01466	0.16951	0.26974	0.01710	0.17277	0.03494	0.01453	0.05887	0.09120	0.08717	0.01215	0.01320	0.00917	0.00556	0.00506	0.00162	0.00665	0.00444	0.00337	0.00829
3	0.09069	0.37397	0.07298	0.01689	0.23172	0.01691	0.01201	0.04929	0.01242	0.06256	0.00972	0.01125	0.00797	0.00508	0.00442	0.00145	0.00605	0.00385	0.00298	0.00779
4	0.01451	0.01235	0.11021	0.00969	0.01393	0.00984	0.00880	0.18477	0.01551	0.09599	0.05036	0.01601	0.01225	0.00595	0.00479	0.00136	0.00476	0.00472	0.17817	0.24604
5	0.01194	0.01176	0.05201	0.09339	0.17185	0.04723	0.05419	0.08057	0.05540	0.01970	0.20378	0.02486	0.09855	0.00807	0.00646	0.00177	0.04041	0.00696	0.00418	0.00693
6	0.00746	0.00539	0.00688	0.00730	0.00815	0.00504	0.00523	0.00908	0.01247	0.01689	0.29132	0.31368	0.10237	0.10575	0.00933	0.00243	0.00339	0.07787	0.00527	0.00469
7	0.01221	0.09988	0.04655	0.04805	0.14358	0.10335	0.07734	0.04329	0.03631	0.01720	0.09998	0.02599	0.20748	0.00815	0.00569	0.00168	0.00580	0.00696	0.00385	0.00667
8	0.00993	0.00627	0.00704	0.00672	0.00799	0.00642	0.00488	0.06589	0.03037	0.01878	0.10912	0.05729	0.05265	0.16901	0.08041	0.00295	0.00459	0.00708	0.34747	0.00515
9	0.03462	0.01437	0.04224	0.20806	0.29308	0.08072	0.04372	0.15988	0.01512	0.03946	0.01092	0.01357	0.00841	0.00553	0.00545	0.00169	0.00703	0.00483	0.00334	0.00795
10	0.01867	0.01154	0.01322	0.01052	0.01417	0.01190	0.00854	0.38788	0.02038	0.22024	0.08929	0.06167	0.09009	0.00840	0.00581	0.00173	0.00495	0.00680	0.00587	0.00832
11	0.00805	0.00651	0.00689	0.00663	0.00860	0.00591	0.00509	0.07602	0.01391	0.01718	0.08633	0.08630	0.59463	0.01343	0.00653	0.00189	0.00321	0.04251	0.00523	0.00515
12	0.01476	0.01174	0.01890	0.11982	0.42867	0.01170	0.03276	0.04011	0.01308	0.13077	0.01228	0.01474	0.00949	0.00668	0.03542	0.00189	0.00655	0.00496	0.00346	0.08222
13	0.01212	0.01212	0.01696	0.01454	0.01454	0.01696	0.01212	0.01333	0.00848	0.01333	0.00727	0.01212	0.00727	0.00969	0.01818	0.00242	0.79523	0.00485	0.00242	0.00606
14	0.01249	0.01289	0.05888	0.09283	0.26872	0.04811	0.04138	0.01594	0.03393	0.01746	0.01223	0.01453	0.03846	0.00517	0.00504	0.00139	0.00592	0.00459	0.00307	0.30698

[dist]
# distance from previous block
# <min> <max>
0	1

[block]
# block no. 6 follows, 43 sequences, length 43
# corresponding to MSA columns:
# 2400-2410,2413-2444
name=unknown_G
#
# <colnr> <probs for GDERKNQSTAVLIFYWHMCP>
#	G	D	E	R	K	N	Q	S	T	A	V	L	I	F	Y	W	H	M	C	P
0	0.84448	0.01071	0.00814	0.00728	0.01071	0.01242	0.00600	0.01628	0.00943	0.02485	0.00771	0.00900	0.00600	0.00514	0.00343	0.00171	0.00428	0.00300	0.00343	0.00600
1	0.10795	0.00872	0.00877	0.00798	0.01045	0.00927	0.00621	0.09875	0.19468	0.02140	0.02908	0.06269	0.23469	0.00928	0.00536	0.00174	0.00370	0.00753	0.16533	0.00644
2	0.00708	0.00555	0.00640	0.00635	0.00785	0.00488	0.00470	0.00891	0.01363	0.01774	0.33460	0.12278	0.41321	0.01329	0.00659	0.00186	0.00277	0.01143	0.00552	0.00488
3	0.02069	0.02640	0.01569	0.01427	0.01712	0.78313	0.01070	0.02212	0.01569	0.01355	0.00856	0.00999	0.00713	0.00571	0.00499	0.00143	0.00999	0.00357	0.00285	0.00642
4	0.01123	0.01041	0.01716	0.68624	0.10604	0.01260	0.01532	0.04719	0.01188	0.01544	0.01005	0.01460	0.00760	0.00553	0.00553	0.00182	0.00725	0.00493	0.00262	0.00654
5	0.00729	0.00601	0.00645	0.00627	0.00809	0.00537	0.00473	0.00986	0.05997	0.01713	0.21695	0.04853	0.55773	0.01300	0.00649	0.00184	0.00286	0.01097	0.00539	0.00506
6	0.01213	0.01154	0.01962	0.40317	0.41400	0.01274	0.01621	0.01561	0.01186	0.01617	0.01014	0.01422	0.00810	0.00523	0.00551	0.00174	0.00697	0.00493	0.00260	0.00750
7	0.01371	0.00883	0.00948	0.00830	0.01080	0.04121	0.00648	0.08221	0.12018	0.15254	0.16164	0.02793	0.13387	0.00869	0.00550	0.00166	0.00387	0.00717	0.18917	0.00678
8	0.01170	0.00720	0.00660	0.00625	0.00785	0.05463	0.00475	0.06394	0.01285	0.02118	0.01715	0.01948	0.01343	0.00642	0.00406	0.00132	0.00328	0.00505	0.72733	0.00553
9	0.01255	0.01123	0.01580	0.03717	0.29251	0.00991	0.01073	0.03640	0.01231	0.01845	0.01015	0.01244	0.00843	0.00452	0.00469	0.00117	0.00515	0.00398	0.00313	0.48928
10	0.01317	0.01409	0.02840	0.06294	0.28586	0.01363	0.46268	0.01732	0.01282	0.01769	0.01087	0.01451	0.00848	0.00480	0.00613	0.00179	0.00829	0.00591	0.00276	0.00786
11	0.01207	0.00928	0.00981	0.00895	0.01125	0.04931	0.00706	0.18633	0.01554	0.05513	0.03202	0.09660	0.27785	0.05054	0.05338	0.00249	0.00522	0.10608	0.00498	0.00611
12	0.01820	0.02043	0.01523	0.05010	0.04107	0.46271	0.01033	0.11326	0.04908	0.01761	0.01011	0.01147	0.00810	0.00561	0.00498	0.00140	0.00804	0.00393	0.00337	0.14498
13	0.01616	0.01393	0.01730	0.34357	0.02661	0.07443	0.04737	0.34835	0.01829	0.02365	0.01137	0.01374	0.00833	0.00601	0.00554	0.00173	0.00709	0.00492	0.00390	0.00771
14	0.00675	0.00482	0.00643	0.00771	0.00803	0.00450	0.00514	0.00771	0.01060	0.01414	0.03053	0.80175	0.03663	0.01735	0.00707	0.00225	0.00321	0.01574	0.00514	0.00450
15	0.00753	0.00560	0.00700	0.00675	0.00811	0.00508	0.00503	0.00981	0.01479	0.02034	0.58758	0.08868	0.18885	0.01220	0.00657	0.00180	0.00269	0.01068	0.00586	0.00508
16	0.10130	0.00957	0.01085	0.00879	0.01211	0.00961	0.00714	0.17790	0.01612	0.31087	0.01745	0.01722	0.01216	0.00652	0.00483	0.00157	0.00432	0.00506	0.25883	0.00778
17	0.01711	0.01179	0.01309	0.01113	0.01468	0.01294	0.00884	0.11609	0.50702	0.19119	0.02127	0.01937	0.01529	0.00726	0.00561	0.00182	0.00466	0.00595	0.00589	0.00899
18	0.00928	0.00526	0.00766	0.00809	0.00847	0.00524	0.00600	0.00846	0.00897	0.01184	0.01631	0.06975	0.01735	0.01802	0.01691	0.55745	0.00481	0.21354	0.00331	0.00328
19	0.01729	0.01073	0.01168	0.00943	0.01261	0.01139	0.00763	0.37645	0.01917	0.11671	0.01618	0.01684	0.01180	0.00660	0.00489	0.00152	0.00455	0.00512	0.33165	0.00775
20	0.01429	0.42181	0.32537	0.01203	0.01809	0.01700	0.01373	0.01796	0.01187	0.08734	0.00994	0.01095	0.00770	0.00515	0.00443	0.00146	0.00671	0.00366	0.00278	0.00776
21	0.01317	0.36122	0.01864	0.00980	0.01303	0.05435	0.00837	0.04136	0.19062	0.01675	0.04558	0.17229	0.01720	0.00830	0.00501	0.00161	0.00510	0.00668	0.00397	0.00694
22	0.53703	0.01226	0.01188	0.01144	0.08824	0.01379	0.00833	0.21716	0.01428	0.02692	0.00951	0.01064	0.00721	0.00553	0.00421	0.00169	0.00501	0.00373	0.00394	0.00721
23	0.01574	0.04334	0.07416	0.02069	0.29062	0.27894	0.01325	0.05540	0.01432	0.01732	0.07638	0.01446	0.01182	0.00609	0.00593	0.00161	0.04453	0.00478	0.00316	0.00746
24	0.00937	0.00635	0.00801	0.00730	0.00898	0.00592	0.00556	0.04609	0.01592	0.06727	0.62830	0.03970	0.10777	0.01106	0.00643	0.00175	0.00292	0.00965	0.00604	0.00563
25	0.03494	0.01060	0.03511	0.01049	0.01200	0.11215	0.00849	0.03334	0.01046	0.01451	0.01271	0.01788	0.01149	0.02745	0.46642	0.00600	0.12083	0.00526	0.04431	0.00556
26	0.00711	0.00572	0.00639	0.00649	0.00817	0.00501	0.00504	0.00889	0.01320	0.01651	0.18322	0.05236	0.53615	0.01370	0.00669	0.00194	0.00308	0.11016	0.00531	0.00483
27	0.00904	0.00538	0.00805	0.00800	0.00836	0.00585	0.00575	0.00834	0.00787	0.01090	0.01151	0.01856	0.01114	0.02732	0.30439	0.51301	0.02528	0.00523	0.00261	0.00343
28	0.01366	0.56772	0.25998	0.01143	0.01723	0.01912	0.01287	0.01688	0.01139	0.01442	0.00839	0.00975	0.00708	0.00490	0.00408	0.00136	0.00662	0.00331	0.00236	0.00744
29	0.00691	0.00558	0.00617	0.00628	0.00787	0.00484	0.00471	0.00854	0.01297	0.01625	0.17853	0.12466	0.53392	0.01393	0.00665	0.00192	0.00292	0.04725	0.00531	0.00478
30	0.03578	0.14248	0.05931	0.07357	0.01937	0.05025	0.08771	0.31582	0.05497	0.06426	0.01213	0.01317	0.00902	0.00605	0.00565	0.00165	0.03173	0.00475	0.00415	0.00818
31	0.01505	0.33778	0.18574	0.01554	0.10930	0.10870	0.07482	0.01822	0.01247	0.06068	0.00975	0.01130	0.00780	0.00511	0.00469	0.00148	0.00719	0.00397	0.00277	0.00763
32	0.01345	0.02040	0.35387	0.01764	0.02370	0.01367	0.26470	0.07484	0.01323	0.06341	0.01110	0.01337	0.00809	0.00566	0.00688	0.00184	0.07808	0.00514	0.00302	0.00792
33	0.00741	0.00601	0.00774	0.07964	0.03096	0.00576	0.00628	0.00909	0.01187	0.01512	0.07995	0.27948	0.33907	0.01517	0.04114	0.00232	0.00409	0.04917	0.00479	0.00493
34	0.01609	0.01810	0.06942	0.10757	0.25220	0.29780	0.01337	0.01917	0.03746	0.06122	0.01165	0.04986	0.00975	0.00609	0.00538	0.00163	0.00770	0.00496	0.00318	0.00740
35	0.14830	0.01687	0.01560	0.18486	0.02095	0.29777	0.04859	0.05814	0.01340	0.05258	0.00960	0.01194	0.00752	0.00603	0.00631	0.00171	0.08585	0.00422	0.00315	0.00662
36	0.00680	0.00499	0.00638	0.00737	0.00798	0.00457	0.00502	0.00794	0.01123	0.01482	0.08604	0.64677	0.13680	0.01648	0.00696	0.00216	0.00312	0.01479	0.00521	0.00457
37	0.01492	0.34108	0.13282	0.01304	0.07085	0.20150	0.01142	0.03840	0.01306	0.01502	0.01361	0.01464	0.08618	0.00608	0.00466	0.00145	0.00697	0.00438	0.00289	0.00704
38	0.01451	0.21733	0.19270	0.01384	0.05287	0.13100	0.05657	0.07710	0.08994	0.01819	0.07413	0.01454	0.01220	0.00599	0.00505	0.00157	0.00687	0.00470	0.00337	0.00754
39	0.11101	0.13957	0.04076	0.30475	0.04376	0.05876	0.05872	0.01560	0.01144	0.01637	0.00954	0.01249	0.00758	0.00513	0.00475	0.00154	0.00647	0.00417	0.02929	0.11831
40	0.20975	0.04875	0.01211	0.00940	0.01283	0.06951	0.02805	0.06540	0.05035	0.03121	0.01504	0.01901	0.06280	0.05388	0.00644	0.00174	0.02576	0.05018	0.00378	0.22402
41	0.03682	0.00871	0.01039	0.00925	0.01142	0.02908	0.00715	0.11338	0.05919	0.15464	0.01885	0.06076	0.05285	0.09279	0.26061	0.04864	0.00818	0.00653	0.00441	0.00634
42	0.05549	0.04317	0.05832	0.01367	0.05588	0.40678	0.01058	0.06730	0.01492	0.11808	0.01131	0.01261	0.00877	0.00873	0.06937	0.00212	0.00864	0.00417	0.00356	0.02653

[dist]
# distance from previous block
# <min> <max>
0	15

[block]
# block no. 7 follows, 43 sequences, length 12
# corresponding to MSA columns:
# 2474-2485
name=unknown_H
#
# <colnr> <probs for GDERKNQSTAVLIFYWHMCP>
#	G	D	E	R	K	N	Q	S	T	A	V	L	I	F	Y	W	H	M	C	P
0	0.01406	0.06800	0.16097	0.01648	0.13938	0.07102	0.05288	0.10901	0.14714	0.02009	0.01462	0.01926	0.01223	0.00680	0.00555	0.00174	0.00652	0.08511	0.00379	0.04534
1	0.01157	0.01228	0.12318	0.01012	0.01365	0.01008	0.00920	0.13189	0.05499	0.02064	0.15050	0.04073	0.14695	0.00859	0.00677	0.00166	0.07667	0.00684	0.00440	0.15929
2	0.01186	0.01410	0.14623	0.05733	0.22243	0.01212	0.09417	0.01664	0.08257	0.01841	0.11762	0.01826	0.01533	0.00675	0.00710	0.00180	0.09669	0.00580	0.04738	0.00740
3	0.07456	0.01168	0.01856	0.06212	0.31187	0.02622	0.13542	0.04950	0.01318	0.04605	0.04490	0.05852	0.10911	0.00711	0.00576	0.00176	0.00610	0.00664	0.00362	0.00735
4	0.03138	0.10139	0.02029	0.06716	0.45366	0.04123	0.01374	0.01777	0.04704	0.05747	0.01107	0.01337	0.00897	0.00512	0.00509	0.00153	0.00618	0.00456	0.00311	0.08986
5	0.01219	0.00982	0.01156	0.00829	0.01318	0.00742	0.00665	0.01463	0.01172	0.05805	0.01048	0.01187	0.00849	0.00425	0.00418	0.00087	0.00413	0.00340	0.00347	0.79535
6	0.00888	0.00741	0.01120	0.05584	0.20691	0.00727	0.00870	0.01085	0.01199	0.01635	0.12927	0.40101	0.07761	0.01245	0.00647	0.00198	0.00419	0.01131	0.00451	0.00581
7	0.00900	0.00725	0.00970	0.00914	0.00944	0.00877	0.00673	0.00992	0.00854	0.01219	0.01478	0.06728	0.01591	0.34008	0.23862	0.00544	0.21250	0.00704	0.00310	0.00457
8	0.01148	0.01038	0.04792	0.00956	0.01238	0.01032	0.00781	0.07459	0.35738	0.02207	0.20448	0.03046	0.15934	0.00941	0.00599	0.00182	0.00399	0.00793	0.00549	0.00721
9	0.04879	0.00865	0.00838	0.00803	0.00894	0.10175	0.00568	0.01158	0.00980	0.01385	0.01490	0.02502	0.01495	0.34433	0.17626	0.00465	0.05119	0.00621	0.13242	0.00461
10	0.03168	0.12466	0.15499	0.06084	0.17762	0.14728	0.03890	0.13723	0.01495	0.01931	0.03519	0.01292	0.00936	0.00562	0.00514	0.00159	0.00725	0.00448	0.00321	0.00778
11	0.30148	0.05868	0.02789	0.05477	0.16048	0.01155	0.00940	0.05619	0.01199	0.06926	0.01514	0.13034	0.03785	0.00765	0.00499	0.00178	0.00501	0.02493	0.00385	0.00678

[dist]
# distance from previous block
# <min> <max>
0	1

[block]
# block no. 8 follows, 43 sequences, length 36
# corresponding to MSA columns:
# 2487-2522
name=unknown_I
#
# <colnr> <probs for GDERKNQSTAVLIFYWHMCP>
#	G	D	E	R	K	N	Q	S	T	A	V	L	I	F	Y	W	H	M	C	P
0	0.01262	0.01231	0.01694	0.01444	0.01469	0.01698	0.01203	0.05460	0.00946	0.01453	0.00761	0.01218	0.00739	0.00952	0.01747	0.00238	0.75116	0.00485	0.00260	0.00625
1	0.17002	0.07812	0.13191	0.01159	0.04172	0.02691	0.01015	0.13262	0.17213	0.02188	0.01611	0.12354	0.02553	0.00770	0.00518	0.00177	0.00534	0.00615	0.00420	0.00742
2	0.01559	0.12671	0.08316	0.01198	0.03183	0.18608	0.01012	0.12746	0.14812	0.04421	0.11619	0.01850	0.04267	0.00706	0.00530	0.00161	0.00621	0.00547	0.00427	0.00745
3	0.01111	0.02865	0.77667	0.01579	0.02397	0.01286	0.02046	0.01754	0.01169	0.01754	0.00994	0.01169	0.00702	0.00526	0.00526	0.00175	0.00818	0.00409	0.00234	0.00818
4	0.84448	0.01071	0.00814	0.00728	0.01071	0.01242	0.00600	0.01628	0.00943	0.02485	0.00771	0.00900	0.00600	0.00514	0.00343	0.00171	0.00428	0.00300	0.00343	0.00600
5	0.00799	0.00563	0.00734	0.00734	0.00779	0.00608	0.00498	0.00889	0.00844	0.01170	0.01626	0.02965	0.01727	0.45783	0.37181	0.00698	0.00968	0.00709	0.00318	0.00408
6	0.07081	0.01154	0.01385	0.01067	0.01496	0.01142	0.00882	0.26968	0.01890	0.48331	0.01817	0.01642	0.01183	0.00669	0.00544	0.00170	0.00515	0.00523	0.00622	0.00923
7	0.00756	0.00555	0.00718	0.00767	0.00875	0.00517	0.00583	0.00950	0.01314	0.01765	0.29891	0.27546	0.13962	0.01431	0.00693	0.00208	0.00333	0.16097	0.00548	0.00491
8	0.19546	0.51792	0.02253	0.00938	0.01379	0.01883	0.00879	0.09994	0.01269	0.04522	0.00884	0.00976	0.00736	0.00512	0.00382	0.00137	0.00554	0.00329	0.00312	0.00721
9	0.00962	0.00481	0.00722	0.00722	0.00722	0.00481	0.00481	0.00722	0.00722	0.00962	0.00962	0.01684	0.00962	0.01924	0.02165	0.83886	0.00481	0.00481	0.00241	0.00241
10	0.02078	0.02371	0.01592	0.01389	0.01713	0.59391	0.01066	0.20251	0.01825	0.01883	0.00973	0.01081	0.00770	0.00594	0.00513	0.00148	0.00903	0.00392	0.00352	0.00716
11	0.01236	0.01087	0.01232	0.03695	0.01445	0.03736	0.00746	0.05679	0.01236	0.01854	0.00990	0.01167	0.00817	0.00456	0.00477	0.00099	0.03285	0.00350	0.00334	0.70079
12	0.01025	0.00969	0.00923	0.03660	0.01120	0.14168	0.00671	0.01308	0.05742	0.01825	0.36216	0.12978	0.11400	0.01231	0.04099	0.00210	0.00482	0.00921	0.00501	0.00551
13	0.01336	0.01192	0.01555	0.01408	0.05893	0.04131	0.04560	0.09343	0.13238	0.04056	0.06389	0.01705	0.01318	0.01202	0.09901	0.00282	0.30854	0.00562	0.00376	0.00700
14	0.08102	0.01052	0.01125	0.00968	0.01298	0.03912	0.00762	0.02299	0.30631	0.22034	0.02398	0.05690	0.10084	0.00803	0.00548	0.00175	0.00442	0.00656	0.00544	0.06476
15	0.47757	0.00988	0.00975	0.00814	0.01178	0.01028	0.00668	0.01976	0.01207	0.30740	0.01636	0.01575	0.06106	0.00640	0.00445	0.00172	0.00434	0.00456	0.00484	0.00720
16	0.01305	0.01258	0.07183	0.09881	0.26014	0.01142	0.17330	0.01688	0.03466	0.08815	0.01648	0.06530	0.04638	0.00708	0.00601	0.00184	0.00666	0.05829	0.00358	0.00756
17	0.00709	0.00501	0.00655	0.00766	0.00801	0.00476	0.00517	0.00803	0.01041	0.01384	0.02862	0.64161	0.03399	0.12665	0.01004	0.00270	0.00365	0.06693	0.00489	0.00438
18	0.01386	0.00671	0.00893	0.00837	0.01039	0.00597	0.00625	0.01538	0.01302	0.31175	0.06187	0.41062	0.07842	0.01275	0.00642	0.00199	0.00374	0.01123	0.00585	0.00647
19	0.01622	0.01311	0.01390	0.01177	0.01533	0.01492	0.00936	0.27258	0.51367	0.02712	0.01943	0.01819	0.01439	0.00722	0.00560	0.00181	0.00496	0.00583	0.00560	0.00899
20	0.84448	0.01071	0.00814	0.00728	0.01071	0.01242	0.00600	0.01628	0.00943	0.02485	0.00771	0.00900	0.00600	0.00514	0.00343	0.00171	0.00428	0.00300	0.00343	0.00600
21	0.01523	0.75464	0.02818	0.00970	0.01442	0.02159	0.00955	0.06673	0.01226	0.01452	0.00808	0.00918	0.00726	0.00487	0.00369	0.00122	0.00593	0.00310	0.00259	0.00726
22	0.01377	0.01362	0.01104	0.11814	0.01523	0.27401	0.00826	0.01693	0.06390	0.01727	0.06561	0.01932	0.05470	0.00688	0.00493	0.00152	0.00593	0.00533	0.27767	0.00595
23	0.01574	0.31001	0.11317	0.04016	0.14482	0.15937	0.01225	0.03980	0.01307	0.05961	0.01001	0.01156	0.00810	0.00528	0.00461	0.00145	0.00693	0.00390	0.03269	0.00749
24	0.84448	0.01071	0.00814	0.00728	0.01071	0.01242	0.00600	0.01628	0.00943	0.02485	0.00771	0.00900	0.00600	0.00514	0.00343	0.00171	0.00428	0.00300	0.00343	0.00600
25	0.06773	0.01825	0.04938	0.01415	0.06786	0.31959	0.04436	0.11463	0.05892	0.10947	0.03938	0.01415	0.01078	0.00615	0.00520	0.00159	0.00728	0.00466	0.03903	0.00746
26	0.00745	0.00542	0.00652	0.00686	0.00807	0.00482	0.00491	0.00894	0.01253	0.03942	0.18769	0.35002	0.30802	0.01460	0.00672	0.00199	0.00299	0.01279	0.00539	0.00486
27	0.01003	0.00671	0.00834	0.00772	0.00894	0.00709	0.00574	0.06169	0.01248	0.04501	0.23000	0.02911	0.02554	0.18706	0.15343	0.00379	0.04683	0.00730	0.13794	0.00524
28	0.00741	0.00535	0.00745	0.00818	0.00878	0.00506	0.03310	0.00863	0.01070	0.01455	0.02809	0.63044	0.03284	0.07169	0.00839	0.00242	0.00367	0.05584	0.05281	0.00460
29	0.00952	0.00487	0.00731	0.00731	0.00737	0.00493	0.00493	0.00737	0.00731	0.00981	0.00992	0.01712	0.00986	0.02052	0.06554	0.79104	0.00539	0.00487	0.00244	0.00255
30	0.01166	0.01634	0.22992	0.01367	0.05607	0.10968	0.06378	0.06874	0.01304	0.01705	0.01865	0.30450	0.03351	0.01000	0.00604	0.00189	0.00632	0.00876	0.00379	0.00660
31	0.01148	0.00984	0.01148	0.00820	0.01312	0.00738	0.00656	0.01395	0.01148	0.01805	0.00984	0.01148	0.00820	0.00410	0.00410	0.00082	0.00410	0.00328	0.00328	0.83922
32	0.01129	0.21243	0.01623	0.03389	0.01357	0.06389	0.07427	0.01446	0.06440	0.01715	0.23053	0.02799	0.16373	0.00871	0.00584	0.00164	0.02233	0.00726	0.00423	0.00617
33	0.01520	0.07041	0.34061	0.01550	0.02092	0.27823	0.09341	0.01911	0.01314	0.03382	0.00964	0.01148	0.00738	0.00556	0.00579	0.00165	0.04392	0.00418	0.00268	0.00737
34	0.37592	0.06593	0.02445	0.00924	0.01279	0.03551	0.00782	0.12454	0.02864	0.14019	0.02579	0.02984	0.01151	0.00680	0.00465	0.00173	0.00495	0.06162	0.02100	0.00708
35	0.50566	0.11135	0.03826	0.00873	0.01245	0.04100	0.00757	0.06832	0.04621	0.05920	0.03364	0.01167	0.00894	0.00563	0.00402	0.00164	0.00489	0.00373	0.02038	0.00671

[dist]
# distance from previous block
# <min> <max>
0	1

[block]
# block no. 9 follows, 43 sequences, length 7
# corresponding to MSA columns:
# 2524-2530
name=unknown_J
#
# <colnr> <probs for GDERKNQSTAVLIFYWHMCP>
#	G	D	E	R	K	N	Q	S	T	A	V	L	I	F	Y	W	H	M	C	P
0	0.00962	0.00481	0.00722	0.00722	0.00722	0.00481	0.00481	0.00722	0.00722	0.00962	0.00962	0.01684	0.00962	0.01924	0.02165	0.83886	0.00481	0.00481	0.00241	0.00241
1	0.04083	0.07757	0.08057	0.01666	0.16801	0.20141	0.01194	0.13280	0.10009	0.07514	0.01358	0.01435	0.03075	0.00609	0.00520	0.00161	0.00686	0.00472	0.00385	0.00798
2	0.01032	0.04189	0.01101	0.00963	0.01098	0.11123	0.00753	0.01218	0.01209	0.01588	0.22822	0.07535	0.07314	0.01877	0.21728	0.00375	0.12384	0.00749	0.00401	0.00543
3	0.01405	0.05683	0.29517	0.06443	0.02028	0.08964	0.04625	0.16043	0.07937	0.02062	0.04800	0.05522	0.01209	0.00665	0.00547	0.00172	0.00700	0.00539	0.00364	0.00776
4	0.01253	0.08978	0.05370	0.19326	0.16066	0.05465	0.06033	0.04741	0.01218	0.01642	0.01150	0.05878	0.01006	0.00815	0.04786	0.00206	0.05864	0.00530	0.03382	0.06293
5	0.00798	0.00579	0.00707	0.00716	0.00833	0.00553	0.00512	0.00991	0.04353	0.01582	0.13889	0.24565	0.17257	0.07988	0.08559	0.04777	0.00450	0.01031	0.05803	0.04057
6	0.01195	0.05353	0.01238	0.01032	0.01215	0.12858	0.04939	0.04056	0.03159	0.04271	0.01965	0.09275	0.08560	0.16628	0.12152	0.00353	0.06038	0.04778	0.00376	0.00558

[dist]
# distance from previous block
# <min> <max>
2	124

[block]
# block no. 10 follows, 43 sequences, length 10
# corresponding to MSA columns:
# 2655-2664
name=unknown_K
#
# <colnr> <probs for GDERKNQSTAVLIFYWHMCP>
#	G	D	E	R	K	N	Q	S	T	A	V	L	I	F	Y	W	H	M	C	P
0	0.17057	0.06742	0.04116	0.04041	0.26754	0.03972	0.13846	0.04772	0.01258	0.03692	0.01161	0.03514	0.02419	0.00558	0.00514	0.00166	0.00643	0.00503	0.00319	0.03953
1	0.03466	0.01167	0.03639	0.01337	0.06482	0.01239	0.05205	0.16222	0.08961	0.15198	0.01473	0.01678	0.01138	0.02901	0.12228	0.00295	0.12795	0.00542	0.03269	0.00764
2	0.01985	0.01492	0.01595	0.01250	0.01672	0.01662	0.01024	0.63328	0.14706	0.03297	0.01482	0.01451	0.01065	0.00679	0.00556	0.00170	0.00581	0.00520	0.00556	0.00931
3	0.00710	0.00563	0.00638	0.00619	0.00782	0.00491	0.00465	0.00902	0.01394	0.01808	0.36225	0.04817	0.46048	0.01286	0.00654	0.00181	0.00272	0.01097	0.00555	0.00491
4	0.01111	0.02865	0.77667	0.01579	0.02397	0.01286	0.02046	0.01754	0.01169	0.01754	0.00994	0.01169	0.00702	0.00526	0.00526	0.00175	0.00818	0.00409	0.00234	0.00818
5	0.01422	0.52589	0.14998	0.01042	0.01541	0.01791	0.01084	0.01767	0.06004	0.06219	0.01302	0.01358	0.05697	0.00573	0.00429	0.00140	0.00592	0.00409	0.00303	0.00738
6	0.00765	0.00620	0.00688	0.00686	0.00851	0.00579	0.00508	0.01084	0.09736	0.01722	0.19203	0.16649	0.42238	0.01327	0.00652	0.00191	0.00301	0.01138	0.00539	0.00522
7	0.01322	0.01538	0.05212	0.04805	0.07578	0.04335	0.59873	0.01755	0.01284	0.01730	0.01081	0.01445	0.00826	0.00498	0.00683	0.00186	0.04219	0.00612	0.00276	0.00743
8	0.00962	0.00481	0.00722	0.00722	0.00722	0.00481	0.00481	0.00722	0.00722	0.00962	0.00962	0.01684	0.00962	0.01924	0.02165	0.83886	0.00481	0.00481	0.00241	0.00241
9	0.01577	0.01255	0.01597	0.01664	0.18802	0.05564	0.05651	0.22880	0.06078	0.07189	0.03436	0.02044	0.04529	0.00710	0.00558	0.00170	0.00576	0.05225	0.09706	0.00789

[dist]
# distance from previous block
# <min> <max>
1	6

[block]
# block no. 11 follows, 43 sequences, length 17
# corresponding to MSA columns:
# 2671-2687
name=unknown_L
#
# <colnr> <probs for GDERKNQSTAVLIFYWHMCP>
#	G	D	E	R	K	N	Q	S	T	A	V	L	I	F	Y	W	H	M	C	P
0	0.35991	0.09426	0.04717	0.01028	0.01437	0.07376	0.00889	0.25430	0.01583	0.05942	0.01031	0.01101	0.00769	0.00571	0.00442	0.00162	0.00566	0.00384	0.00406	0.00749
1	0.01686	0.14287	0.04897	0.01360	0.01669	0.30254	0.04064	0.10210	0.07151	0.01690	0.00993	0.01170	0.00821	0.00655	0.00762	0.00168	0.16711	0.00424	0.00318	0.00709
2	0.00729	0.00556	0.00670	0.00659	0.00798	0.00497	0.00488	0.00933	0.01413	0.01894	0.45296	0.12527	0.28955	0.01286	0.00659	0.00184	0.00274	0.01118	0.00568	0.00497
3	0.00781	0.00526	0.00611	0.00636	0.00642	0.00520	0.00369	0.00799	0.00854	0.01138	0.01993	0.18160	0.02327	0.65573	0.02418	0.00478	0.00496	0.00951	0.00369	0.00357
4	0.01967	0.00868	0.01127	0.00928	0.01258	0.00790	0.00740	0.08061	0.01534	0.50311	0.02389	0.16844	0.04587	0.00908	0.00580	0.00180	0.00436	0.00766	0.04918	0.00809
5	0.01718	0.01079	0.01258	0.01072	0.01407	0.01126	0.00880	0.22206	0.17892	0.21554	0.02345	0.02823	0.06965	0.00901	0.00603	0.00190	0.00496	0.14092	0.00579	0.00815
6	0.29425	0.00880	0.00906	0.00767	0.01074	0.00905	0.00621	0.05131	0.01284	0.25709	0.01557	0.01587	0.01109	0.00615	0.00433	0.00158	0.00397	0.00456	0.26292	0.00696
7	0.01664	0.01179	0.01273	0.01038	0.01348	0.01282	0.00825	0.48674	0.02049	0.02831	0.01636	0.10528	0.01412	0.06900	0.00717	0.00195	0.00512	0.00647	0.14524	0.00768
8	0.01424	0.01021	0.01014	0.00875	0.01121	0.07154	0.00686	0.20447	0.06332	0.05437	0.15857	0.02176	0.01976	0.00745	0.00507	0.00154	0.00428	0.00599	0.31371	0.00676
9	0.01547	0.72040	0.02752	0.01002	0.01454	0.10783	0.00961	0.01721	0.01175	0.01309	0.00780	0.00901	0.00711	0.00485	0.00372	0.00121	0.00638	0.00303	0.00242	0.00703
10	0.44551	0.01210	0.01352	0.06936	0.18257	0.01348	0.00996	0.15574	0.01340	0.02450	0.00952	0.01126	0.00736	0.00541	0.00443	0.00170	0.00535	0.00394	0.00361	0.00727
11	0.08262	0.01394	0.01382	0.01246	0.04841	0.15794	0.03863	0.25830	0.01678	0.03861	0.01648	0.12946	0.04691	0.01170	0.08632	0.00248	0.00715	0.00659	0.00431	0.00708
12	0.00691	0.00551	0.00619	0.00627	0.00777	0.00479	0.00461	0.00856	0.01312	0.01672	0.23725	0.15868	0.47646	0.01381	0.00662	0.00189	0.00281	0.01184	0.00539	0.00479
13	0.01268	0.01160	0.01604	0.44879	0.13991	0.07111	0.01342	0.07818	0.02793	0.01737	0.01131	0.01490	0.00870	0.00570	0.00530	0.00171	0.00675	0.00488	0.09695	0.00678
14	0.00821	0.00767	0.00702	0.00712	0.00875	0.08654	0.00526	0.00964	0.01274	0.01513	0.08728	0.19057	0.48726	0.01366	0.00651	0.00191	0.00369	0.03121	0.00496	0.00487
15	0.09593	0.00673	0.00809	0.00781	0.00894	0.00722	0.00583	0.01030	0.01152	0.01711	0.24292	0.14400	0.12358	0.11191	0.08969	0.00308	0.08676	0.00913	0.00452	0.00496
16	0.01469	0.72508	0.02833	0.01205	0.09374	0.02099	0.01027	0.01663	0.01140	0.01356	0.00799	0.00939	0.00728	0.00476	0.00376	0.00123	0.00599	0.00317	0.00241	0.00728

[dist]
# distance from previous block
# <min> <max>
3	23

[block]
# block no. 12 follows, 43 sequences, length 6
# corresponding to MSA columns:
# 2711-2716
name=unknown_M
#
# <colnr> <probs for GDERKNQSTAVLIFYWHMCP>
#	G	D	E	R	K	N	Q	S	T	A	V	L	I	F	Y	W	H	M	C	P
0	0.01658	0.01601	0.10388	0.01700	0.13977	0.08582	0.07415	0.21904	0.05231	0.09262	0.05822	0.01549	0.01193	0.00653	0.00653	0.00174	0.06473	0.00528	0.00417	0.00820
1	0.00695	0.00541	0.00622	0.00659	0.00781	0.00481	0.00474	0.00834	0.01213	0.01539	0.12906	0.26289	0.39823	0.06443	0.00810	0.00221	0.00316	0.04377	0.00514	0.00463
2	0.04759	0.08239	0.01678	0.04108	0.06346	0.03634	0.08344	0.08418	0.13921	0.10877	0.03658	0.09201	0.01426	0.00867	0.02774	0.00202	0.09747	0.00631	0.00425	0.00743
3	0.00711	0.00557	0.00647	0.00665	0.00809	0.00493	0.00499	0.00886	0.01315	0.01690	0.23980	0.16254	0.41001	0.01390	0.00671	0.00195	0.00300	0.06916	0.00539	0.00483
4	0.01324	0.01141	0.07853	0.01106	0.01453	0.01003	0.07705	0.12934	0.06784	0.08323	0.07227	0.12164	0.01718	0.00889	0.02769	0.00186	0.03192	0.00679	0.09252	0.12297
5	0.01720	0.19909	0.09200	0.01325	0.01675	0.35719	0.01156	0.08285	0.01414	0.01565	0.00872	0.01051	0.00734	0.00612	0.00671	0.00157	0.12574	0.00380	0.00287	0.00695

[dist]
# distance from previous block
# <min> <max>
0	3

[block]
# block no. 13 follows, 43 sequences, length 32
# corresponding to MSA columns:
# 2720-2731,2734-2753
name=unknown_N
#
# <colnr> <probs for GDERKNQSTAVLIFYWHMCP>
#	G	D	E	R	K	N	Q	S	T	A	V	L	I	F	Y	W	H	M	C	P
0	0.12547	0.01401	0.01328	0.01171	0.03929	0.12808	0.00896	0.24698	0.14061	0.08979	0.05097	0.05165	0.01366	0.00712	0.00526	0.00169	0.00564	0.00551	0.03248	0.00783
1	0.01481	0.80869	0.02902	0.00948	0.01421	0.02191	0.00948	0.01658	0.01125	0.01303	0.00770	0.00888	0.00711	0.00474	0.00355	0.00118	0.00592	0.00296	0.00237	0.00711
2	0.00768	0.00560	0.00722	0.00693	0.00820	0.00514	0.00515	0.01010	0.01513	0.02117	0.66999	0.09434	0.09879	0.01192	0.00657	0.00179	0.00267	0.01052	0.00597	0.00514
