[name]
unknown

[dist]
# distance from previous block
# <min> <max>
13	629

[block]
# block no. 0 follows, 39 sequences, length 29
# corresponding to MSA columns:
# 756-784
name=unknown_A
#
# <colnr> <probs for GDERKNQSTAVLIFYWHMCP>
#	G	D	E	R	K	N	Q	S	T	A	V	L	I	F	Y	W	H	M	C	P
0	0.01262	0.12524	0.04854	0.16021	0.29879	0.01315	0.01367	0.01573	0.01290	0.01764	0.06870	0.07987	0.03422	0.00714	0.00570	0.00173	0.00624	0.00633	0.00338	0.06820
1	0.07053	0.01718	0.19879	0.15429	0.21022	0.01408	0.01578	0.12198	0.06896	0.02158	0.01207	0.01459	0.00923	0.00654	0.00635	0.03389	0.00710	0.00501	0.00347	0.00835
2	0.02983	0.12732	0.01770	0.04671	0.06327	0.10362	0.02275	0.24623	0.01740	0.02244	0.01595	0.18410	0.01549	0.00916	0.00664	0.00187	0.05012	0.00735	0.00439	0.00767
3	0.01210	0.00670	0.00842	0.00811	0.01007	0.00590	0.00602	0.01371	0.01376	0.20356	0.09119	0.32909	0.23985	0.01421	0.00694	0.00210	0.00366	0.01237	0.00603	0.00624
4	0.01072	0.01205	0.12072	0.26100	0.02262	0.01073	0.01199	0.01644	0.14473	0.01775	0.07319	0.17500	0.02049	0.06692	0.00807	0.00232	0.00600	0.00835	0.00416	0.00674
5	0.00970	0.00741	0.00891	0.00865	0.01037	0.00757	0.00655	0.11412	0.01388	0.01819	0.03396	0.21881	0.25933	0.02317	0.22647	0.00423	0.00731	0.01073	0.00488	0.00576
6	0.01402	0.32868	0.29623	0.01779	0.12747	0.01771	0.08570	0.01826	0.01258	0.01693	0.00987	0.01195	0.00794	0.00529	0.00506	0.00163	0.00766	0.00428	0.00262	0.00830
7	0.01293	0.00885	0.01151	0.09230	0.01500	0.00957	0.00850	0.11847	0.06819	0.09035	0.02179	0.08024	0.09485	0.02092	0.22780	0.09204	0.00831	0.00737	0.00448	0.00652
8	0.02370	0.01018	0.01317	0.01029	0.01443	0.00932	0.00843	0.10528	0.01779	0.57433	0.07202	0.02126	0.01699	0.00759	0.00588	0.00179	0.00488	0.00617	0.06709	0.00942
9	0.01003	0.00997	0.11627	0.00831	0.01144	0.00671	0.00762	0.01247	0.01385	0.10158	0.09831	0.08572	0.47009	0.01273	0.00670	0.00197	0.00407	0.01067	0.00534	0.00614
10	0.02096	0.07371	0.01913	0.01854	0.20189	0.13997	0.01229	0.20958	0.01852	0.20602	0.01441	0.01484	0.01043	0.00638	0.00565	0.00170	0.00695	0.00505	0.00479	0.00917
11	0.01320	0.20219	0.02225	0.04387	0.01865	0.03508	0.19739	0.06834	0.01285	0.01678	0.01266	0.01776	0.01117	0.07058	0.22713	0.00421	0.01017	0.00570	0.00317	0.00687
12	0.00987	0.00862	0.00833	0.00915	0.01005	0.11538	0.00647	0.01125	0.01236	0.01584	0.02783	0.55595	0.03192	0.01546	0.00694	0.00220	0.00454	0.05806	0.08457	0.00521
13	0.07132	0.00720	0.00869	0.00794	0.01011	0.00652	0.00598	0.01268	0.01441	0.07171	0.36619	0.17585	0.07784	0.01153	0.00639	0.00182	0.00344	0.01002	0.00567	0.12470
14	0.01613	0.03075	0.33449	0.01591	0.04799	0.01294	0.09183	0.09592	0.04432	0.16869	0.01675	0.01867	0.03728	0.00687	0.00601	0.00190	0.00731	0.03318	0.00425	0.00883
15	0.13179	0.01417	0.07597	0.23830	0.28890	0.01379	0.11851	0.01734	0.01251	0.01908	0.01062	0.01426	0.00833	0.00547	0.00570	0.00187	0.00746	0.00514	0.00293	0.00790
16	0.01257	0.00955	0.01058	0.00950	0.01218	0.00968	0.00767	0.24613	0.01827	0.02361	0.07763	0.07305	0.31776	0.01263	0.00687	0.00206	0.00457	0.13327	0.00568	0.00675
17	0.01507	0.01581	0.03168	0.05577	0.02951	0.01537	0.59841	0.12236	0.01587	0.02143	0.01222	0.01569	0.00908	0.00533	0.00678	0.00196	0.00938	0.00667	0.00340	0.00822
18	0.01773	0.02315	0.20748	0.01767	0.10266	0.25559	0.03629	0.15243	0.09140	0.02144	0.01227	0.01354	0.00933	0.00623	0.00569	0.00175	0.00838	0.00478	0.00372	0.00849
19	0.01361	0.01308	0.01573	0.12273	0.23047	0.11929	0.01194	0.09167	0.01487	0.01872	0.02221	0.15565	0.12657	0.00945	0.00626	0.00190	0.00637	0.00817	0.00406	0.00724
20	0.02357	0.12590	0.01763	0.01154	0.01624	0.01419	0.00979	0.27436	0.02002	0.39910	0.01795	0.01652	0.01202	0.00692	0.00563	0.00173	0.00573	0.00533	0.00614	0.00970
21	0.01723	0.01374	0.02355	0.10782	0.25510	0.01373	0.20648	0.10880	0.01583	0.15734	0.01391	0.01607	0.01015	0.00587	0.00619	0.00186	0.00748	0.00586	0.00409	0.00890
22	0.01385	0.06708	0.07433	0.01790	0.15511	0.01310	0.11782	0.05931	0.17828	0.05111	0.01937	0.16056	0.02865	0.00866	0.00624	0.00195	0.00617	0.00792	0.00444	0.00814
23	0.00949	0.00656	0.00715	0.00735	0.00887	0.00651	0.00537	0.01346	0.11819	0.01898	0.03356	0.25121	0.19950	0.01235	0.00608	0.00191	0.00329	0.01061	0.27383	0.00574
24	0.00802	0.00622	0.00755	0.00769	0.00925	0.00538	0.00548	0.00959	0.01258	0.01688	0.11722	0.41909	0.20534	0.01492	0.00689	0.00202	0.00339	0.01317	0.00532	0.12397
25	0.01585	0.05012	0.29682	0.04968	0.02407	0.01523	0.16060	0.19182	0.05875	0.06022	0.01306	0.01456	0.00939	0.00606	0.00595	0.00186	0.00791	0.00533	0.00387	0.00887
26	0.00765	0.00581	0.00734	0.00774	0.00879	0.00567	0.00557	0.00912	0.01155	0.01518	0.07465	0.27126	0.23922	0.08430	0.21348	0.00442	0.00678	0.01177	0.00477	0.00493
27	0.01106	0.00688	0.01011	0.00965	0.01122	0.00758	0.00758	0.01320	0.01058	0.12151	0.01692	0.02278	0.01476	0.03900	0.65847	0.00839	0.01428	0.00628	0.00377	0.00597
28	0.08321	0.01766	0.09037	0.03066	0.19935	0.15776	0.01308	0.17219	0.01688	0.08264	0.01370	0.07121	0.01138	0.00703	0.00570	0.00179	0.00717	0.00566	0.00415	0.00841

[dist]
# distance from previous block
# <min> <max>
0	2

[block]
# block no. 1 follows, 39 sequences, length 17
# corresponding to MSA columns:
# 787-803
name=unknown_B
#
# <colnr> <probs for GDERKNQSTAVLIFYWHMCP>
#	G	D	E	R	K	N	Q	S	T	A	V	L	I	F	Y	W	H	M	C	P
0	0.01558	0.63516	0.02738	0.01051	0.01522	0.02162	0.00996	0.02052	0.16224	0.01613	0.01147	0.01207	0.00973	0.00567	0.00425	0.00142	0.00599	0.00388	0.00324	0.00795
1	0.24386	0.05806	0.30898	0.01404	0.05893	0.01420	0.01412	0.07041	0.03696	0.04835	0.03680	0.01348	0.00978	0.00622	0.00572	0.00185	0.04220	0.00449	0.00352	0.00801
2	0.01659	0.50089	0.02950	0.01376	0.01895	0.02079	0.15871	0.14228	0.01515	0.01899	0.01002	0.01163	0.00830	0.00540	0.00481	0.00150	0.00710	0.00432	0.00321	0.00810
3	0.53428	0.03213	0.01233	0.01130	0.04610	0.20513	0.00855	0.03903	0.01242	0.02292	0.00875	0.01030	0.00700	0.00578	0.00460	0.00175	0.02381	0.00355	0.00349	0.00678
4	0.01155	0.01000	0.05268	0.01322	0.09993	0.00923	0.00921	0.15927	0.01510	0.02043	0.02503	0.46982	0.02772	0.01383	0.00693	0.00218	0.00485	0.03724	0.00511	0.00666
5	0.01267	0.01181	0.01892	0.34721	0.29828	0.01240	0.01513	0.01618	0.01252	0.01751	0.01074	0.01463	0.00861	0.00536	0.00558	0.00167	0.00685	0.00490	0.00292	0.17611
6	0.01333	0.01249	0.02011	0.20655	0.43380	0.01257	0.01546	0.01676	0.01283	0.01831	0.01085	0.01442	0.00889	0.00524	0.00557	0.00163	0.00669	0.00490	0.00297	0.17664
7	0.01439	0.12804	0.48678	0.01682	0.07250	0.05703	0.01823	0.10358	0.01454	0.02010	0.01068	0.01234	0.00794	0.00572	0.00541	0.00175	0.00815	0.00435	0.00297	0.00868
8	0.01245	0.02692	0.60811	0.01587	0.02350	0.01393	0.01929	0.02133	0.16261	0.01996	0.01337	0.01445	0.00966	0.00611	0.00570	0.00190	0.00791	0.00484	0.00322	0.00887
9	0.01221	0.00747	0.00906	0.00873	0.01114	0.00687	0.00713	0.01514	0.05786	0.16945	0.04184	0.05018	0.34566	0.01339	0.00707	0.00218	0.00424	0.21809	0.00588	0.00643
10	0.03652	0.01323	0.02144	0.06348	0.23731	0.01342	0.17529	0.16165	0.01617	0.06397	0.01558	0.12554	0.01380	0.00762	0.00631	0.00192	0.00694	0.00730	0.00416	0.00835
11	0.00827	0.00579	0.00745	0.00773	0.00812	0.00604	0.00512	0.00911	0.00943	0.01289	0.02066	0.18777	0.02309	0.40886	0.24738	0.00618	0.00830	0.00960	0.00385	0.00434
12	0.00867	0.00698	0.00790	0.00825	0.00977	0.00690	0.00594	0.01308	0.16243	0.01737	0.04018	0.38121	0.27874	0.01516	0.00704	0.00218	0.00354	0.01326	0.00560	0.00580
13	0.41703	0.01257	0.01242	0.01007	0.01424	0.01365	0.00831	0.22383	0.01668	0.19898	0.01342	0.01334	0.00934	0.00637	0.00483	0.00181	0.00523	0.00444	0.00515	0.00829
14	0.83394	0.01144	0.00869	0.00778	0.01144	0.01327	0.00640	0.01738	0.01006	0.02653	0.00823	0.00961	0.00640	0.00549	0.00366	0.00183	0.00457	0.00320	0.00366	0.00640
15	0.01268	0.01621	0.17368	0.05570	0.21618	0.01280	0.17482	0.04931	0.01357	0.01886	0.01712	0.10362	0.06589	0.00775	0.00681	0.00196	0.03443	0.00727	0.00344	0.00791
16	0.01396	0.01235	0.03921	0.14249	0.01993	0.04675	0.06510	0.11055	0.19583	0.05320	0.02012	0.17708	0.01836	0.03708	0.00721	0.00216	0.00607	0.02017	0.00480	0.00756

[dist]
# distance from previous block
# <min> <max>
2	36

[block]
# block no. 2 follows, 39 sequences, length 21
# corresponding to MSA columns:
# 840-860
name=unknown_C
#
# <colnr> <probs for GDERKNQSTAVLIFYWHMCP>
#	G	D	E	R	K	N	Q	S	T	A	V	L	I	F	Y	W	H	M	C	P
0	0.12861	0.11633	0.09400	0.04187	0.30231	0.05731	0.01404	0.07719	0.05051	0.03377	0.01142	0.01343	0.00909	0.00572	0.00522	0.00172	0.00673	0.00463	0.01764	0.00845
1	0.09899	0.18190	0.07470	0.01374	0.04037	0.30352	0.01143	0.10199	0.08582	0.01956	0.01104	0.01207	0.00881	0.00606	0.00502	0.00161	0.00787	0.00415	0.00356	0.00778
2	0.01657	0.45069	0.02718	0.04326	0.05419	0.04042	0.09486	0.13582	0.05154	0.01917	0.01067	0.01215	0.00877	0.00560	0.00484	0.00153	0.00691	0.00433	0.00335	0.00815
3	0.00778	0.00565	0.00733	0.00769	0.00867	0.00521	0.00547	0.00973	0.01419	0.01950	0.39779	0.36671	0.09214	0.01505	0.00722	0.00210	0.00308	0.01345	0.00601	0.00521
4	0.01027	0.00514	0.00770	0.00770	0.00770	0.00514	0.00514	0.00770	0.00770	0.01027	0.01027	0.01798	0.01027	0.02054	0.02311	0.82794	0.00514	0.00514	0.00257	0.00257
5	0.01436	0.01317	0.01759	0.02015	0.25934	0.05061	0.05708	0.08259	0.21947	0.02242	0.10896	0.02313	0.06950	0.00773	0.00617	0.00186	0.00589	0.00687	0.00468	0.00844
6	0.02209	0.02819	0.01676	0.01524	0.01828	0.76843	0.01143	0.02361	0.01676	0.01447	0.00914	0.01066	0.00762	0.00609	0.00533	0.00152	0.01066	0.00381	0.00305	0.00686
7	0.00852	0.00605	0.00806	0.00806	0.00862	0.00661	0.00560	0.00964	0.00908	0.01266	0.01716	0.03053	0.01795	0.39697	0.42044	0.00773	0.01107	0.00740	0.00336	0.00448
8	0.00845	0.00634	0.00950	0.00950	0.01056	0.00739	0.00739	0.01056	0.00950	0.01373	0.01584	0.02323	0.01478	0.04435	0.76873	0.00950	0.01584	0.00634	0.00317	0.00528
9	0.01675	0.08750	0.39302	0.01496	0.02158	0.08224	0.01638	0.21956	0.01731	0.05876	0.01190	0.01293	0.00857	0.00611	0.00554	0.00176	0.00791	0.00456	0.00373	0.00891
10	0.01502	0.01411	0.01750	0.40515	0.08422	0.10187	0.01416	0.13617	0.11494	0.02028	0.01285	0.01569	0.00970	0.00637	0.00586	0.00188	0.00748	0.00529	0.00370	0.00776
11	0.00727	0.00586	0.00647	0.00662	0.00824	0.00506	0.00485	0.00892	0.01370	0.01720	0.17785	0.17596	0.51117	0.01506	0.00708	0.00204	0.00303	0.01288	0.00567	0.00506
12	0.01401	0.01342	0.02288	0.16935	0.62709	0.01389	0.01784	0.01760	0.01317	0.01856	0.01101	0.01484	0.00910	0.00538	0.00587	0.00179	0.00718	0.00527	0.00287	0.00887
13	0.01445	0.01548	0.07632	0.01436	0.04030	0.15812	0.09097	0.13775	0.01504	0.01915	0.01474	0.08491	0.01333	0.01957	0.25325	0.00432	0.01065	0.00648	0.00373	0.00706
14	0.01032	0.00666	0.00745	0.00688	0.00924	0.00566	0.00529	0.01208	0.01438	0.13814	0.12522	0.04960	0.56057	0.01343	0.00682	0.00196	0.00331	0.01123	0.00589	0.00588
15	0.01390	0.01376	0.02003	0.33306	0.34528	0.08039	0.01620	0.01840	0.06786	0.01759	0.01167	0.01530	0.00926	0.00581	0.00584	0.00184	0.00752	0.00524	0.00305	0.00801
16	0.05121	0.46646	0.10813	0.01195	0.01731	0.01974	0.03987	0.13581	0.01498	0.06981	0.01064	0.01157	0.00847	0.00562	0.00461	0.00151	0.00661	0.00399	0.00347	0.00825
17	0.01154	0.00820	0.01049	0.00979	0.01147	0.00906	0.00746	0.11600	0.06225	0.04873	0.01832	0.09136	0.01735	0.13071	0.41214	0.00645	0.01088	0.00742	0.00419	0.00617
18	0.01183	0.06752	0.13819	0.01386	0.01589	0.01506	0.01280	0.01428	0.00993	0.01482	0.01030	0.01523	0.00948	0.01779	0.20507	0.00413	0.40931	0.00520	0.00272	0.00662
19	0.14794	0.01315	0.02067	0.13011	0.53897	0.01380	0.01600	0.01762	0.01269	0.01994	0.01057	0.01397	0.00869	0.00539	0.00550	0.00180	0.00674	0.00493	0.00301	0.00851
20	0.01413	0.06564	0.02152	0.19516	0.32295	0.01361	0.07693	0.01749	0.01337	0.07354	0.07708	0.01759	0.01330	0.00638	0.00661	0.00185	0.04551	0.00580	0.00347	0.00807

[dist]
# distance from previous block
# <min> <max>
3	14

[block]
# block no. 3 follows, 39 sequences, length 59
# corresponding to MSA columns:
# 875-933
name=unknown_D
#
# <colnr> <probs for GDERKNQSTAVLIFYWHMCP>
#	G	D	E	R	K	N	Q	S	T	A	V	L	I	F	Y	W	H	M	C	P
0	0.01362	0.01033	0.01634	0.02155	0.35956	0.01011	0.01203	0.01662	0.01456	0.11400	0.24400	0.02534	0.02501	0.01129	0.07721	0.00252	0.00627	0.00714	0.00462	0.00790
1	0.01607	0.05120	0.01762	0.01907	0.25775	0.11039	0.01165	0.01950	0.05431	0.10304	0.01345	0.04254	0.01105	0.00598	0.00535	0.00150	0.00622	0.00505	0.00386	0.24442
2	0.00996	0.00963	0.04477	0.00851	0.01111	0.04217	0.00686	0.01465	0.13913	0.01941	0.20711	0.04010	0.31761	0.03999	0.00735	0.00200	0.00405	0.00955	0.00536	0.06068
3	0.01201	0.02266	0.50191	0.08528	0.02290	0.01176	0.01726	0.01755	0.01314	0.05470	0.10073	0.01776	0.01431	0.00661	0.00570	0.00184	0.00726	0.00538	0.07328	0.00795
4	0.01255	0.01126	0.04178	0.01053	0.01396	0.05091	0.06937	0.09995	0.01542	0.05162	0.11717	0.04299	0.20935	0.05203	0.00752	0.00195	0.00520	0.03254	0.00483	0.14907
5	0.01315	0.01259	0.02150	0.34809	0.41694	0.01371	0.03982	0.01715	0.02692	0.01764	0.01114	0.01530	0.00890	0.00558	0.00592	0.00186	0.00743	0.00534	0.00286	0.00814
6	0.11641	0.13517	0.01662	0.01188	0.01561	0.24005	0.00962	0.14520	0.10825	0.05662	0.01664	0.01679	0.07301	0.00710	0.00526	0.00168	0.00689	0.00510	0.00432	0.00777
7	0.01028	0.00730	0.00937	0.00875	0.01056	0.00724	0.00667	0.06325	0.01417	0.05489	0.24364	0.16232	0.09332	0.02011	0.19097	0.00375	0.01814	0.00968	0.00518	0.06043
8	0.01486	0.12161	0.19733	0.02420	0.29452	0.06082	0.13052	0.05300	0.01401	0.01898	0.01079	0.01341	0.00856	0.00541	0.00568	0.00174	0.00799	0.00497	0.00294	0.00865
9	0.01793	0.01929	0.23503	0.01379	0.01890	0.12165	0.04125	0.11837	0.02765	0.20153	0.01700	0.11130	0.01377	0.00793	0.00600	0.00187	0.00713	0.00649	0.00467	0.00846
10	0.00885	0.00682	0.00878	0.00897	0.01039	0.00712	0.00692	0.01246	0.09240	0.01725	0.12043	0.15826	0.13731	0.02423	0.25696	0.00460	0.00775	0.09996	0.00491	0.00567
11	0.01005	0.00853	0.01275	0.01681	0.25350	0.00816	0.00953	0.01264	0.01440	0.01989	0.30341	0.14512	0.13934	0.01121	0.00669	0.00193	0.00430	0.01007	0.00504	0.00662
12	0.01475	0.05641	0.13451	0.01749	0.13813	0.24450	0.06004	0.01776	0.01392	0.01668	0.04979	0.07240	0.04710	0.01094	0.07754	0.00249	0.00876	0.00620	0.00337	0.00723
13	0.01267	0.16975	0.55446	0.05861	0.05543	0.01550	0.01923	0.01832	0.01240	0.01767	0.01019	0.01221	0.00761	0.00552	0.00531	0.00176	0.00817	0.00423	0.00253	0.00843
14	0.02021	0.00940	0.01203	0.00985	0.01327	0.00882	0.00777	0.02444	0.12394	0.46290	0.11983	0.02584	0.02144	0.10202	0.00899	0.00233	0.00477	0.00701	0.00657	0.00859
15	0.00957	0.00807	0.00836	0.00913	0.01017	0.08400	0.00678	0.01109	0.01246	0.01574	0.03066	0.36694	0.09853	0.08179	0.00920	0.00259	0.00480	0.18525	0.03978	0.00512
16	0.01575	0.01703	0.12112	0.09383	0.25432	0.05623	0.12397	0.11001	0.07766	0.05259	0.01302	0.01524	0.00987	0.00593	0.00599	0.00184	0.00763	0.00548	0.00368	0.00879
17	0.04131	0.05053	0.07332	0.01552	0.10914	0.17458	0.01157	0.12691	0.21365	0.02257	0.01520	0.01592	0.01170	0.00664	0.00546	0.00173	0.00670	0.00515	0.08404	0.00835
18	0.01451	0.08094	0.01392	0.01038	0.01383	0.20423	0.00820	0.06760	0.01574	0.01985	0.20650	0.02256	0.06197	0.00767	0.00551	0.00146	0.00582	0.00606	0.00437	0.22889
19	0.01431	0.01602	0.05109	0.03078	0.18912	0.22587	0.01197	0.03003	0.01334	0.01617	0.01587	0.01927	0.07350	0.01718	0.21270	0.00385	0.04299	0.00571	0.00326	0.00699
20	0.00744	0.00534	0.00718	0.00823	0.00875	0.00509	0.00564	0.00877	0.01187	0.01608	0.12173	0.64016	0.03947	0.01957	0.06193	0.00284	0.00424	0.01529	0.00545	0.00493
21	0.01596	0.47397	0.02749	0.01914	0.25819	0.08379	0.01286	0.01836	0.01290	0.01573	0.00925	0.01128	0.00817	0.00522	0.00460	0.00145	0.00692	0.00391	0.00270	0.00811
22	0.13859	0.08768	0.16399	0.01208	0.01654	0.01273	0.04999	0.12687	0.01473	0.11011	0.01691	0.17682	0.01547	0.00941	0.02047	0.00206	0.00619	0.00722	0.00445	0.00770
23	0.01230	0.01154	0.10442	0.01011	0.01332	0.00942	0.00909	0.17014	0.01690	0.04858	0.14010	0.09985	0.20405	0.01158	0.00663	0.00200	0.00482	0.08757	0.03070	0.00689
24	0.00860	0.00573	0.00645	0.00645	0.00645	0.00573	0.00358	0.00860	0.00860	0.01147	0.01863	0.03870	0.02150	0.79217	0.03010	0.00573	0.00573	0.00860	0.00358	0.00358
25	0.01661	0.13241	0.06623	0.01299	0.04748	0.01591	0.01078	0.29466	0.17278	0.02632	0.05318	0.06038	0.04872	0.00803	0.00578	0.00180	0.00576	0.00642	0.00506	0.00869
26	0.01265	0.10730	0.12723	0.01015	0.01568	0.01050	0.00958	0.01576	0.01231	0.03130	0.01145	0.04643	0.00987	0.00533	0.00466	0.00116	0.00524	0.00422	0.00339	0.55578
27	0.01449	0.15627	0.21550	0.01137	0.01591	0.01157	0.01154	0.01774	0.01362	0.18245	0.08823	0.16554	0.03219	0.00940	0.00595	0.00188	0.00573	0.02833	0.00465	0.00763
28	0.01186	0.03059	0.76153	0.01686	0.02560	0.01373	0.02185	0.01873	0.01249	0.01873	0.01061	0.01249	0.00749	0.00562	0.00562	0.00187	0.00874	0.00437	0.00250	0.00874
29	0.01724	0.15634	0.02301	0.08053	0.20395	0.18439	0.08750	0.06653	0.01478	0.05794	0.01090	0.01324	0.00876	0.00591	0.00615	0.00170	0.04499	0.00478	0.00328	0.00807
30	0.01122	0.00900	0.01369	0.01767	0.25411	0.00936	0.01014	0.04327	0.01166	0.01659	0.01591	0.09267	0.01559	0.11371	0.24092	0.05940	0.00885	0.00707	0.04275	0.00641
31	0.83394	0.01144	0.00869	0.00778	0.01144	0.01327	0.00640	0.01738	0.01006	0.02653	0.00823	0.00961	0.00640	0.00549	0.00366	0.00183	0.00457	0.00320	0.00366	0.00640
32	0.01411	0.01674	0.13231	0.20663	0.36112	0.07793	0.01708	0.04571	0.01370	0.01839	0.01149	0.03731	0.00950	0.00601	0.00584	0.00183	0.00767	0.00535	0.00299	0.00828
33	0.00977	0.00710	0.01031	0.18730	0.01683	0.00803	0.00892	0.01248	0.01147	0.01670	0.01885	0.07790	0.01776	0.02065	0.24623	0.00435	0.00852	0.11347	0.19774	0.00563
34	0.00776	0.00565	0.00732	0.00775	0.00872	0.00521	0.00553	0.00967	0.01401	0.01916	0.36445	0.38032	0.09930	0.01528	0.00726	0.00213	0.00314	0.02621	0.00596	0.00518
35	0.01666	0.47950	0.02410	0.01114	0.01523	0.17440	0.00994	0.06514	0.01382	0.01591	0.00999	0.01185	0.00875	0.00902	0.07305	0.00210	0.00792	0.00383	0.04034	0.00730
36	0.00800	0.00571	0.00777	0.00914	0.00983	0.00549	0.00687	0.00961	0.01211	0.01599	0.03216	0.54179	0.03738	0.01778	0.00776	0.00251	0.00412	0.25549	0.00547	0.00502
37	0.02517	0.06928	0.13164	0.01705	0.02077	0.11139	0.18653	0.03070	0.03170	0.01707	0.02274	0.01464	0.02344	0.00741	0.01035	0.00206	0.26224	0.00543	0.00301	0.00738
38	0.01493	0.14171	0.19830	0.03618	0.24863	0.04168	0.08302	0.01879	0.01299	0.06610	0.01106	0.01354	0.00873	0.00590	0.00672	0.00180	0.07356	0.00487	0.00303	0.00847
39	0.01276	0.01054	0.01322	0.01156	0.01247	0.01289	0.00891	0.14603	0.01263	0.01773	0.01490	0.09913	0.01569	0.25869	0.01910	0.00342	0.31301	0.00746	0.00381	0.00605
40	0.00847	0.00625	0.00904	0.00904	0.00994	0.00714	0.00682	0.01026	0.00937	0.01339	0.01626	0.02556	0.01580	0.15708	0.65739	0.00894	0.01432	0.00668	0.00323	0.00502
41	0.01577	0.09764	0.01720	0.20005	0.02177	0.15036	0.01156	0.16540	0.06463	0.02012	0.01779	0.01933	0.10393	0.00770	0.00667	0.00182	0.06105	0.00580	0.00396	0.00742
42	0.01455	0.19753	0.07648	0.18138	0.05411	0.01580	0.07404	0.06650	0.12939	0.05417	0.01428	0.05694	0.01171	0.00683	0.00584	0.00181	0.02119	0.00573	0.00377	0.00795
43	0.00859	0.00579	0.00673	0.00673	0.00683	0.00589	0.00394	0.00878	0.00868	0.01168	0.01837	0.03726	0.02088	0.72258	0.09883	0.00608	0.00667	0.00839	0.00354	0.00374
44	0.00787	0.00595	0.00649	0.00636	0.00810	0.00523	0.00477	0.00990	0.01430	0.01896	0.25652	0.04903	0.46167	0.01317	0.00664	0.00188	0.00291	0.01113	0.10390	0.00523
45	0.11929	0.02618	0.01579	0.01434	0.01746	0.67801	0.01083	0.02287	0.01596	0.01592	0.00903	0.01054	0.00747	0.00602	0.00513	0.00156	0.00994	0.00374	0.00312	0.00680
46	0.00773	0.00559	0.00700	0.00783	0.00874	0.00513	0.00563	0.00872	0.01186	0.01516	0.03824	0.40800	0.24709	0.01743	0.00906	0.08727	0.00371	0.09593	0.00518	0.00470
47	0.01440	0.01505	0.05482	0.03344	0.59331	0.01421	0.15015	0.01832	0.01352	0.01923	0.01126	0.01479	0.00922	0.00523	0.00605	0.00180	0.00764	0.00555	0.00292	0.00909
48	0.01368	0.06511	0.06530	0.08590	0.42161	0.01304	0.01494	0.01710	0.01288	0.01858	0.01070	0.01367	0.00887	0.00511	0.00534	0.00153	0.00649	0.00464	0.00299	0.21251
49	0.00823	0.00590	0.00700	0.00738	0.00879	0.00522	0.00536	0.00975	0.01313	0.05200	0.11196	0.33420	0.35236	0.01575	0.00720	0.00216	0.00333	0.03938	0.00567	0.00523
50	0.01296	0.01270	0.02218	0.34433	0.30575	0.01412	0.10266	0.01664	0.01246	0.01708	0.01068	0.01512	0.00856	0.00594	0.00717	0.00195	0.07369	0.00546	0.00278	0.00778
51	0.01694	0.05622	0.18012	0.06463	0.02065	0.26966	0.03649	0.04844	0.13134	0.05364	0.01310	0.01447	0.01004	0.00793	0.03705	0.00208	0.02079	0.00484	0.00366	0.00792
52	0.00905	0.00686	0.00921	0.00890	0.00936	0.00795	0.00640	0.01015	0.00906	0.01280	0.01609	0.02874	0.01687	0.36591	0.35738	0.00703	0.10309	0.00718	0.00328	0.00468
53	0.01160	0.01074	0.01789	0.51071	0.20532	0.01242	0.01540	0.01503	0.01197	0.01586	0.01238	0.05887	0.01082	0.05797	0.00757	0.00219	0.00730	0.00610	0.00292	0.00694
54	0.01022	0.01010	0.07856	0.03065	0.01223	0.04820	0.00778	0.01321	0.04278	0.06113	0.18070	0.09341	0.33064	0.01239	0.00673	0.00198	0.00437	0.04351	0.00532	0.00608
55	0.01945	0.02017	0.01806	0.06830	0.15196	0.32729	0.01272	0.19926	0.08631	0.02199	0.01223	0.01365	0.00953	0.00636	0.00567	0.00170	0.00824	0.00481	0.00399	0.00832
56	0.01254	0.01676	0.21584	0.04340	0.01871	0.07559	0.05609	0.01902	0.15318	0.03054	0.07648	0.07126	0.03283	0.00953	0.00649	0.00207	0.00664	0.14119	0.00441	0.00744
57	0.01491	0.00921	0.01213	0.01057	0.01228	0.01035	0.00819	0.01760	0.07380	0.21588	0.01746	0.02388	0.01514	0.21127	0.14481	0.00430	0.18038	0.00657	0.00451	0.00676
58	0.01299	0.01267	0.02216	0.21328	0.42020	0.01310	0.10630	0.01661	0.01313	0.01793	0.01562	0.01901	0.07814	0.00629	0.00612	0.00186	0.00723	0.00615	0.00310	0.00810

[dist]
# distance from previous block
# <min> <max>
16	61

[block]
# block no. 4 follows, 39 sequences, length 107
# corresponding to MSA columns:
# 1003-1017,1019-1083,1085-1111
name=unknown_E
#
# <colnr> <probs for GDERKNQSTAVLIFYWHMCP>
#	G	D	E	R	K	N	Q	S	T	A	V	L	I	F	Y	W	H	M	C	P
0	0.10321	0.03947	0.05406	0.01228	0.07418	0.09932	0.00912	0.07373	0.10627	0.04788	0.03836	0.06706	0.13980	0.08845	0.01977	0.00236	0.00588	0.00728	0.00449	0.00702
1	0.05523	0.13277	0.30496	0.01256	0.01853	0.02668	0.01355	0.05482	0.07365	0.02029	0.06956	0.01519	0.01248	0.00609	0.00517	0.00159	0.00648	0.00470	0.00354	0.16218
2	0.05119	0.00949	0.11276	0.00808	0.00951	0.00719	0.00640	0.01045	0.00937	0.01346	0.01775	0.07506	0.01973	0.59847	0.02406	0.00481	0.00597	0.00818	0.00354	0.00452
3	0.01481	0.12618	0.14074	0.04987	0.26682	0.03539	0.05457	0.06160	0.06024	0.04277	0.04047	0.01568	0.01150	0.00601	0.00555	0.00172	0.00688	0.00521	0.04549	0.00849
4	0.01234	0.02413	0.51572	0.01558	0.02238	0.01297	0.05749	0.07686	0.05111	0.02006	0.01476	0.12240	0.01277	0.00764	0.00601	0.00195	0.00767	0.00646	0.00341	0.00828
5	0.00877	0.00665	0.00841	0.00880	0.01057	0.00615	0.00730	0.01115	0.01403	0.01831	0.15953	0.05713	0.23984	0.01457	0.00742	0.00227	0.00425	0.35840	0.00553	0.05094
6	0.01607	0.76571	0.03048	0.01025	0.01530	0.02321	0.01016	0.04536	0.01262	0.01481	0.00845	0.00967	0.00768	0.00514	0.00388	0.00128	0.00633	0.00325	0.00266	0.00768
7	0.00808	0.00597	0.00844	0.00880	0.00962	0.00650	0.00649	0.00972	0.01006	0.01399	0.02216	0.22214	0.05171	0.09518	0.48435	0.00708	0.01134	0.00945	0.00389	0.00501
8	0.00851	0.06788	0.00916	0.00740	0.00911	0.00676	0.00568	0.01075	0.01504	0.02025	0.45798	0.12367	0.21050	0.01289	0.00679	0.00190	0.00318	0.01117	0.00585	0.00552
9	0.01637	0.01290	0.01417	0.01232	0.01569	0.01474	0.00981	0.13659	0.51821	0.07417	0.02190	0.02199	0.01667	0.00829	0.00682	0.00202	0.04805	0.03421	0.00588	0.00920
10	0.00845	0.00634	0.00950	0.00950	0.01056	0.00739	0.00739	0.01056	0.00950	0.01373	0.01584	0.02323	0.01478	0.04435	0.76873	0.00950	0.01584	0.00634	0.00317	0.00528
11	0.00719	0.00520	0.00680	0.00809	0.00854	0.00482	0.00542	0.00825	0.01146	0.01515	0.03439	0.74013	0.08613	0.01829	0.00751	0.00238	0.00340	0.01653	0.00549	0.00482
12	0.08322	0.01653	0.01810	0.10042	0.18067	0.19361	0.01337	0.04557	0.03768	0.01774	0.00995	0.01315	0.00841	0.00716	0.00942	0.00198	0.22770	0.00478	0.00310	0.00743
13	0.01865	0.01975	0.01718	0.03692	0.01873	0.33788	0.07253	0.15525	0.15866	0.02180	0.07152	0.01675	0.01398	0.00702	0.00586	0.00174	0.00798	0.00550	0.00440	0.00792
14	0.00845	0.00567	0.00649	0.00664	0.00668	0.00563	0.00379	0.00856	0.00889	0.01185	0.02012	0.11857	0.02338	0.70973	0.02770	0.00538	0.00549	0.00948	0.00379	0.00371
15	0.10174	0.21709	0.07981	0.01210	0.01577	0.01734	0.01091	0.02226	0.28490	0.01975	0.01426	0.01506	0.01139	0.00720	0.00755	0.00189	0.14406	0.00494	0.00396	0.00802
16	0.01237	0.09515	0.02175	0.30382	0.15691	0.01378	0.13603	0.01588	0.01289	0.01724	0.08821	0.04634	0.01441	0.00681	0.00648	0.00189	0.03325	0.00632	0.00324	0.00724
17	0.00860	0.00573	0.00645	0.00645	0.00645	0.00573	0.00358	0.00860	0.00860	0.01147	0.01863	0.03870	0.02150	0.79217	0.03010	0.00573	0.00573	0.00860	0.00358	0.00358
18	0.01557	0.01231	0.01440	0.01321	0.05564	0.04319	0.00999	0.22072	0.12193	0.06326	0.01823	0.02030	0.05654	0.01759	0.20555	0.00391	0.08897	0.00617	0.00464	0.00788
19	0.01316	0.05869	0.05412	0.05013	0.01503	0.04127	0.00953	0.17603	0.04186	0.02042	0.01642	0.09818	0.01492	0.02192	0.29069	0.00469	0.00974	0.00671	0.04956	0.00693
20	0.00707	0.00591	0.00616	0.00627	0.00808	0.00500	0.00464	0.00858	0.01342	0.01623	0.08745	0.12594	0.65462	0.01519	0.00704	0.00203	0.00303	0.01282	0.00554	0.00500
21	0.01310	0.01101	0.01271	0.00916	0.01437	0.00874	0.00736	0.07416	0.01354	0.02075	0.01081	0.01242	0.00887	0.00460	0.00451	0.00095	0.00455	0.00365	0.00370	0.76103
22	0.01117	0.01051	0.01774	0.77795	0.04073	0.01314	0.01642	0.01511	0.01182	0.01511	0.01051	0.01577	0.00788	0.00591	0.00591	0.00197	0.00788	0.00526	0.00263	0.00657
23	0.01159	0.00817	0.01144	0.01052	0.01182	0.00961	0.00829	0.04166	0.01083	0.08978	0.01541	0.02211	0.01396	0.09496	0.47571	0.00696	0.14127	0.00625	0.00363	0.00601
24	0.00989	0.00544	0.00592	0.00626	0.00727	0.00535	0.00443	0.01200	0.01184	0.01950	0.02253	0.21275	0.02158	0.07136	0.00701	0.00197	0.00316	0.00855	0.55801	0.00519
25	0.01464	0.01405	0.02400	0.03630	0.75528	0.01405	0.01815	0.01815	0.01347	0.01932	0.01112	0.01464	0.00937	0.00527	0.00585	0.00176	0.00703	0.00527	0.00293	0.00937
26	0.00845	0.00634	0.00950	0.00950	0.01056	0.00739	0.00739	0.01056	0.00950	0.01373	0.01584	0.02323	0.01478	0.04435	0.76873	0.00950	0.01584	0.00634	0.00317	0.00528
27	0.01243	0.01192	0.01960	0.54024	0.25474	0.02839	0.01684	0.01619	0.01242	0.01636	0.01067	0.01533	0.00832	0.00572	0.00588	0.00190	0.00768	0.00523	0.00273	0.00741
28	0.01875	0.08247	0.01844	0.01442	0.01785	0.43603	0.08732	0.09265	0.01703	0.01857	0.09570	0.01580	0.01384	0.00672	0.00559	0.00161	0.00861	0.00511	0.03634	0.00716
29	0.01590	0.05985	0.24313	0.01673	0.10461	0.10525	0.05122	0.09350	0.03968	0.07210	0.01316	0.01446	0.02449	0.00596	0.00552	0.00165	0.00740	0.00482	0.00364	0.11693
30	0.01353	0.21835	0.47327	0.01470	0.02202	0.01560	0.04424	0.01863	0.01259	0.04700	0.01057	0.01216	0.00794	0.00544	0.00515	0.00166	0.00775	0.00417	0.00278	0.06246
31	0.00845	0.00634	0.00950	0.00950	0.01056	0.00739	0.00739	0.01056	0.00950	0.01373	0.01584	0.02323	0.01478	0.04435	0.76873	0.00950	0.01584	0.00634	0.00317	0.00528
32	0.01201	0.07467	0.11990	0.05937	0.29214	0.01193	0.01349	0.01567	0.03715	0.01775	0.04070	0.12699	0.04387	0.03316	0.04835	0.00238	0.00669	0.00726	0.02897	0.00756
33	0.04249	0.13142	0.17555	0.03132	0.15154	0.07347	0.01403	0.08839	0.01434	0.09385	0.01207	0.01411	0.00941	0.00928	0.06890	0.00239	0.05088	0.00475	0.00354	0.00828
34	0.00845	0.00634	0.00950	0.00950	0.01056	0.00739	0.00739	0.01056	0.00950	0.01373	0.01584	0.02323	0.01478	0.04435	0.76873	0.00950	0.01584	0.00634	0.00317	0.00528
35	0.00731	0.00541	0.00684	0.00774	0.00851	0.00493	0.00533	0.00864	0.01237	0.01632	0.12622	0.56749	0.16704	0.01711	0.00738	0.00226	0.00328	0.01529	0.00562	0.00493
36	0.01428	0.03271	0.26015	0.04896	0.07628	0.09175	0.17692	0.05115	0.09099	0.01963	0.04125	0.01565	0.01111	0.00625	0.00652	0.00189	0.03735	0.00554	0.00338	0.00823
37	0.11369	0.05002	0.05916	0.01747	0.14037	0.32918	0.03455	0.07452	0.01577	0.09530	0.01133	0.01266	0.00871	0.00599	0.00534	0.00167	0.00818	0.00442	0.00370	0.00795
38	0.00813	0.00611	0.00763	0.00840	0.00930	0.00596	0.00585	0.01107	0.09024	0.01721	0.11981	0.57058	0.08449	0.01641	0.00728	0.00227	0.00346	0.01472	0.00567	0.00539
39	0.01082	0.00667	0.00871	0.00904	0.01031	0.00641	0.00656	0.05909	0.01333	0.10908	0.05290	0.54960	0.03351	0.01704	0.03610	0.00256	0.00439	0.05231	0.00569	0.00588
40	0.01864	0.10933	0.18025	0.01486	0.04189	0.16498	0.05006	0.04819	0.04233	0.19564	0.01361	0.01431	0.00989	0.00650	0.00654	0.00178	0.06386	0.00484	0.00407	0.00844
41	0.00845	0.00634	0.00950	0.00950	0.01056	0.00739	0.00739	0.01056	0.00950	0.01373	0.01584	0.02323	0.01478	0.04435	0.76873	0.00950	0.01584	0.00634	0.00317	0.00528
42	0.00738	0.00527	0.00706	0.00844	0.00886	0.00496	0.00580	0.00854	0.01150	0.01529	0.03250	0.73347	0.03873	0.01836	0.00760	0.00243	0.00358	0.06990	0.00549	0.00485
43	0.01110	0.01440	0.20415	0.10108	0.01989	0.01013	0.08703	0.01578	0.05095	0.04711	0.15782	0.03216	0.12867	0.00948	0.00655	0.00201	0.00614	0.08413	0.00442	0.00701
44	0.14375	0.32112	0.02256	0.01241	0.01691	0.11916	0.06940	0.15314	0.05466	0.02128	0.01062	0.01175	0.00854	0.00580	0.00476	0.00158	0.00688	0.00416	0.00363	0.00790
45	0.00860	0.00575	0.00651	0.00651	0.00654	0.00577	0.00366	0.00864	0.00862	0.01151	0.01857	0.03837	0.02136	0.77644	0.04564	0.00581	0.00595	0.00855	0.00357	0.00362
46	0.00860	0.00573	0.00645	0.00645	0.00645	0.00573	0.00358	0.00860	0.00860	0.01147	0.01863	0.03870	0.02150	0.79217	0.03010	0.00573	0.00573	0.00860	0.00358	0.00358
47	0.01431	0.01306	0.07353	0.06370	0.06733	0.01213	0.13275	0.16183	0.07246	0.05247	0.02015	0.08156	0.07473	0.04819	0.00736	0.00208	0.00626	0.00733	0.08105	0.00770
48	0.01275	0.01213	0.02060	0.43889	0.36740	0.01356	0.01721	0.01650	0.01258	0.01703	0.01079	0.01525	0.00856	0.00562	0.00589	0.00187	0.00749	0.00526	0.00276	0.00785
49	0.01058	0.01011	0.01625	0.20178	0.02205	0.01041	0.16762	0.01539	0.10215	0.01804	0.08366	0.03262	0.26571	0.00950	0.00660	0.00198	0.00592	0.00866	0.00438	0.00661
50	0.02033	0.02512	0.01684	0.01515	0.01772	0.61792	0.01159	0.02242	0.04444	0.01484	0.00951	0.01148	0.00806	0.00685	0.00762	0.00171	0.13426	0.00414	0.00309	0.00689
51	0.01058	0.00883	0.01032	0.00803	0.01194	0.00693	0.00629	0.01306	0.01340	0.01965	0.17310	0.02628	0.14150	0.00774	0.00535	0.00127	0.00382	0.00648	0.00446	0.52097
52	0.00721	0.00515	0.00686	0.00823	0.00858	0.00480	0.00549	0.00823	0.01132	0.01510	0.03259	0.78831	0.03911	0.01853	0.00755	0.00240	0.00343	0.01681	0.00549	0.00480
53	0.07264	0.00842	0.01045	0.00893	0.01174	0.00794	0.00703	0.06504	0.01650	0.27730	0.31425	0.09044	0.06422	0.01029	0.00637	0.00189	0.00399	0.00874	0.00643	0.00739
54	0.01713	0.52864	0.02568	0.01152	0.01592	0.19428	0.01033	0.02065	0.09732	0.01529	0.01026	0.01120	0.00880	0.00564	0.00440	0.00141	0.00714	0.00372	0.00305	0.00762
55	0.01504	0.04157	0.04223	0.01061	0.01301	0.01205	0.00889	0.10414	0.09788	0.09987	0.01588	0.01787	0.01236	0.00863	0.00927	0.05911	0.16497	0.00544	0.25399	0.00719
56	0.07830	0.24051	0.20841	0.01674	0.11878	0.01574	0.10715	0.01784	0.01274	0.04727	0.01455	0.01610	0.06946	0.00616	0.00528	0.00170	0.00703	0.00512	0.00316	0.00796
57	0.01428	0.01367	0.02097	0.04059	0.36199	0.04197	0.11512	0.05855	0.13061	0.02038	0.01751	0.06916	0.05393	0.00722	0.00620	0.00188	0.00673	0.00684	0.00390	0.00851
58	0.00981	0.00778	0.00909	0.00898	0.01077	0.00800	0.00679	0.01596	0.21991	0.02063	0.24287	0.20411	0.13170	0.01306	0.00692	0.00210	0.00369	0.06548	0.00593	0.00639
59	0.01148	0.01148	0.04690	0.21142	0.15670	0.01185	0.12504	0.01484	0.01171	0.01617	0.01317	0.02002	0.01155	0.04517	0.20216	0.00405	0.04375	0.03263	0.00301	0.00689
60	0.06089	0.04686	0.15336	0.04279	0.23399	0.01399	0.06050	0.07957	0.11250	0.08672	0.02978	0.02807	0.01185	0.00639	0.00577	0.00184	0.00671	0.00557	0.00403	0.00882
61	0.01460	0.01692	0.13904	0.08404	0.12900	0.01454	0.27661	0.12828	0.05295	0.02168	0.01355	0.01807	0.01073	0.00631	0.00638	0.00195	0.00814	0.04518	0.00361	0.00842
62	0.00845	0.00608	0.00817	0.00837	0.00917	0.00640	0.00612	0.01001	0.01071	0.01474	0.09930	0.09532	0.04661	0.24529	0.31900	0.00615	0.00918	0.08202	0.00413	0.00481
63	0.01350	0.02523	0.50779	0.01581	0.02265	0.07216	0.05705	0.06420	0.01392	0.04658	0.01361	0.09559	0.01138	0.00715	0.00591	0.00190	0.00811	0.00591	0.00328	0.00826
64	0.01641	0.16939	0.22678	0.01866	0.14728	0.08346	0.07600	0.11506	0.01536	0.06106	0.01141	0.01306	0.00871	0.00573	0.00546	0.00170	0.00776	0.00468	0.00339	0.00864
65	0.06335	0.22173	0.11182	0.01596	0.08489	0.07819	0.08536	0.18712	0.05893	0.02233	0.01154	0.01289	0.00900	0.00589	0.00526	0.00167	0.00724	0.00464	0.00371	0.00848
66	0.00860	0.00573	0.00645	0.00645	0.00645	0.00573	0.00358	0.00860	0.00860	0.01147	0.01863	0.03870	0.02150	0.79217	0.03010	0.00573	0.00573	0.00860	0.00358	0.00358
67	0.01311	0.02492	0.48962	0.01945	0.13933	0.05737	0.04548	0.04530	0.01329	0.01890	0.01119	0.01373	0.00850	0.00857	0.06369	0.00241	0.00908	0.00476	0.00280	0.00849
68	0.01629	0.05085	0.26173	0.09648	0.02308	0.13941	0.05640	0.12673	0.07576	0.06130	0.02799	0.01473	0.01028	0.00631	0.00573	0.00180	0.00796	0.00502	0.00377	0.00836
69	0.04715	0.01578	0.13690	0.02374	0.29059	0.01293	0.16433	0.04579	0.01400	0.09744	0.01442	0.08402	0.01211	0.00674	0.00613	0.00189	0.00726	0.00651	0.00371	0.00856
70	0.00947	0.00542	0.00710	0.00710	0.00710	0.00542	0.00439	0.00813	0.00813	0.01085	0.01429	0.02792	0.01566	0.39092	0.02647	0.43328	0.00542	0.00680	0.00306	0.00306
71	0.06833	0.01770	0.17021	0.03256	0.11563	0.11916	0.07741	0.04659	0.03584	0.12537	0.01730	0.08038	0.05261	0.00753	0.00591	0.00186	0.00713	0.00638	0.00409	0.00802
72	0.04672	0.09976	0.08607	0.06295	0.04841	0.26518	0.01203	0.10052	0.01646	0.18741	0.01310	0.01370	0.00951	0.00627	0.00541	0.00167	0.00779	0.00458	0.00422	0.00825
73	0.21263	0.05884	0.01909	0.02308	0.36605	0.15069	0.01333	0.05562	0.01390	0.02080	0.01007	0.01241	0.00828	0.00555	0.00513	0.00171	0.00703	0.00440	0.00326	0.00814
74	0.02921	0.02227	0.37170	0.10340	0.02436	0.06356	0.06774	0.14363	0.01535	0.02116	0.01291	0.07409	0.01056	0.00691	0.00590	0.00189	0.00797	0.00574	0.00344	0.00819
75	0.00879	0.00633	0.00751	0.00741	0.00921	0.00551	0.00552	0.01059	0.01372	0.05817	0.18089	0.22284	0.33653	0.01425	0.00695	0.00202	0.00335	0.03977	0.00567	0.05499
76	0.01673	0.01413	0.03312	0.02084	0.26456	0.06615	0.08725	0.04820	0.03720	0.14032	0.01342	0.01499	0.01018	0.00558	0.00560	0.00158	0.00658	0.00506	0.00400	0.20452
77	0.27989	0.07555	0.08924	0.01309	0.01676	0.03013	0.10577	0.03138	0.01149	0.04927	0.01040	0.01327	0.00849	0.01045	0.08675	0.00274	0.15032	0.00466	0.00330	0.00705
78	0.01027	0.00514	0.00770	0.00770	0.00770	0.00514	0.00514	0.00770	0.00770	0.01027	0.01027	0.01798	0.01027	0.02054	0.02311	0.82794	0.00514	0.00514	0.00257	0.00257
79	0.01244	0.02097	0.37669	0.13031	0.16729	0.01316	0.09072	0.01771	0.01272	0.01861	0.01155	0.01451	0.00869	0.00563	0.00572	0.00184	0.00792	0.00503	0.07029	0.00821
80	0.01410	0.14101	0.14210	0.01937	0.24284	0.01468	0.01378	0.03286	0.17653	0.03248	0.07211	0.01776	0.01464	0.00656	0.00555	0.00175	0.00616	0.00554	0.03159	0.00857
81	0.01177	0.00959	0.01320	0.01343	0.11946	0.00950	0.00899	0.01391	0.01110	0.04370	0.01316	0.01906	0.01209	0.11250	0.20763	0.00405	0.09035	0.00539	0.00339	0.27772
82	0.01559	0.01314	0.01387	0.01221	0.01571	0.01512	0.00957	0.11112	0.66347	0.02616	0.02295	0.02117	0.01715	0.00792	0.00601	0.00198	0.00489	0.00653	0.00601	0.00944
83	0.01128	0.01318	0.14761	0.01228	0.01483	0.04057	0.01132	0.01467	0.03807	0.03913	0.04340	0.02096	0.01423	0.02473	0.35226	0.00546	0.15727	0.02887	0.00338	0.00651
84	0.01525	0.32930	0.14079	0.01552	0.07944	0.06311	0.09212	0.08154	0.04181	0.01824	0.01203	0.06335	0.01056	0.00640	0.00521	0.00164	0.00719	0.00521	0.00326	0.00801
85	0.00945	0.00742	0.00871	0.00962	0.01063	0.04516	0.00723	0.05043	0.01315	0.01701	0.03002	0.50674	0.03449	0.01665	0.00752	0.00241	0.00453	0.20808	0.00538	0.00538
86	0.01408	0.21432	0.13261	0.01334	0.07713	0.10450	0.01139	0.01699	0.01280	0.01693	0.01156	0.07247	0.01056	0.00613	0.00491	0.00140	0.00644	0.00478	0.00316	0.26452
87	0.00891	0.00657	0.00797	0.00851	0.00921	0.01934	0.00581	0.05922	0.01185	0.01579	0.02657	0.50112	0.03076	0.16953	0.08666	0.00369	0.00543	0.01317	0.00488	0.00501
88	0.00845	0.00634	0.00950	0.00950	0.01056	0.00739	0.00739	0.01056	0.00950	0.01373	0.01584	0.02323	0.01478	0.04435	0.76873	0.00950	0.01584	0.00634	0.00317	0.00528
89	0.01259	0.00808	0.00815	0.00767	0.00947	0.03635	0.00580	0.12912	0.01485	0.02295	0.02049	0.15891	0.01838	0.00900	0.00508	0.00163	0.00378	0.00746	0.51406	0.00617
90	0.01670	0.01631	0.01820	0.16736	0.27059	0.22693	0.01380	0.01943	0.01445	0.09365	0.01572	0.01777	0.07028	0.00664	0.00582	0.00176	0.00769	0.00552	0.00357	0.00783
91	0.00973	0.00796	0.00919	0.00755	0.01068	0.00645	0.00575	0.01188	0.01325	0.01873	0.18501	0.03311	0.21582	0.07363	0.00774	0.00178	0.00378	0.00784	0.00469	0.36543
92	0.01644	0.01703	0.01344	0.01208	0.01481	0.29411	0.00914	0.07771	0.22781	0.02065	0.14896	0.02250	0.02063	0.06947	0.00782	0.00207	0.00680	0.00638	0.00480	0.00734
93	0.01664	0.69480	0.02912	0.01079	0.01559	0.12137	0.01029	0.01848	0.01264	0.01399	0.00834	0.00964	0.00759	0.00520	0.00400	0.00130	0.00690	0.00325	0.00260	0.00749
94	0.01431	0.01326	0.02173	0.24272	0.49400	0.01415	0.01710	0.07629	0.01418	0.01961	0.01120	0.01492	0.00901	0.00560	0.00588	0.00182	0.00722	0.00527	0.00309	0.00864
95	0.00732	0.00524	0.00697	0.00815	0.00860	0.00488	0.00550	0.00853	0.01187	0.01597	0.10519	0.71324	0.04080	0.01788	0.00749	0.00235	0.00337	0.01619	0.00559	0.00488
96	0.00854	0.00596	0.00759	0.00759	0.00798	0.00635	0.00501	0.00933	0.00894	0.01231	0.01759	0.03292	0.01899	0.51290	0.30594	0.00714	0.00951	0.00775	0.00343	0.00422
97	0.07509	0.00994	0.01231	0.00998	0.01363	0.00938	0.00796	0.10849	0.01643	0.46107	0.02326	0.09914	0.04588	0.07017	0.00789	0.00219	0.00499	0.00726	0.00636	0.00858
98	0.02215	0.01766	0.01748	0.01372	0.01822	0.09813	0.01119	0.63367	0.05312	0.03438	0.01402	0.01411	0.01009	0.00703	0.00586	0.00176	0.00688	0.00521	0.00561	0.00969
99	0.01390	0.08592	0.51150	0.01717	0.09071	0.01422	0.01846	0.06217	0.01370	0.06059	0.01139	0.01297	0.00829	0.00566	0.00547	0.00176	0.00783	0.00446	0.00306	0.05078
100	0.74743	0.01322	0.00955	0.00857	0.01217	0.09373	0.00694	0.01805	0.01078	0.02525	0.00833	0.00972	0.00653	0.00555	0.00384	0.00180	0.00522	0.00327	0.00359	0.00645
101	0.01241	0.01046	0.01141	0.01032	0.01321	0.01130	0.00793	0.02355	0.46453	0.02278	0.13774	0.07797	0.08487	0.00961	0.00621	0.00192	0.00415	0.00818	0.00581	0.07566
102	0.00892	0.00687	0.01008	0.05991	0.06852	0.00746	0.00780	0.01068	0.01026	0.01421	0.01929	0.17054	0.02036	0.17192	0.35738	0.00618	0.01012	0.03052	0.00370	0.00528
103	0.01794	0.01982	0.09951	0.02024	0.09377	0.20779	0.27066	0.08003	0.01594	0.09821	0.01242	0.01442	0.00920	0.00578	0.00611	0.00180	0.00893	0.00549	0.00365	0.00829
104	0.09408	0.01528	0.01602	0.01248	0.01687	0.01693	0.01028	0.61750	0.02507	0.03517	0.01405	0.01437	0.01011	0.00694	0.00558	0.00175	0.00605	0.00515	0.06691	0.00939
105	0.01031	0.00890	0.01235	0.01129	0.01169	0.01140	0.00882	0.01163	0.00912	0.01344	0.01316	0.02242	0.01339	0.19404	0.30158	0.00586	0.32584	0.00636	0.00302	0.00539
106	0.01058	0.00971	0.01656	0.03247	0.13259	0.00939	0.16964	0.01390	0.04083	0.01779	0.05528	0.23080	0.11288	0.01179	0.00706	0.00216	0.00579	0.10967	0.00453	0.00658

[dist]
# distance from previous block
# <min> <max>
0	125

[block]
# block no. 5 follows, 39 sequences, length 17
# corresponding to MSA columns:
# 1241-1257
name=unknown_F
#
# <colnr> <probs for GDERKNQSTAVLIFYWHMCP>
#	G	D	E	R	K	N	Q	S	T	A	V	L	I	F	Y	W	H	M	C	P
0	0.01674	0.01899	0.02503	0.02637	0.31003	0.24756	0.23084	0.02008	0.01463	0.01771	0.01076	0.01380	0.00871	0.00544	0.00603	0.00176	0.00903	0.00533	0.00298	0.00817
1	0.47386	0.01284	0.01174	0.00972	0.01360	0.01451	0.00799	0.27878	0.01671	0.03009	0.01127	0.01225	0.00842	0.00619	0.00452	0.00177	0.00514	0.00416	0.06876	0.00767
