[name]
unknown

[dist]
# distance from previous block
# <min> <max>
0	150

[block]
# block no. 0 follows, 48 sequences, length 57
# corresponding to MSA columns:
# 324-380
name=unknown_A
#
# <colnr> <probs for GDERKNQSTAVLIFYWHMCP>
#	G	D	E	R	K	N	Q	S	T	A	V	L	I	F	Y	W	H	M	C	P
0	0.02877	0.07030	0.17686	0.03032	0.01639	0.30736	0.02663	0.07509	0.01305	0.03065	0.02616	0.05885	0.00983	0.00654	0.00589	0.01697	0.05809	0.01875	0.00298	0.02054
1	0.01045	0.11410	0.18096	0.05956	0.13642	0.01063	0.08999	0.01356	0.01129	0.03524	0.06299	0.12569	0.08150	0.00747	0.00527	0.00162	0.00558	0.02045	0.00324	0.02399
2	0.05001	0.01090	0.01232	0.00924	0.01342	0.01032	0.00753	0.26367	0.01529	0.09067	0.01101	0.01172	0.00831	0.00498	0.00468	0.00116	0.02571	0.00378	0.00401	0.44125
3	0.00625	0.00447	0.00595	0.00714	0.00744	0.00417	0.00476	0.00714	0.00982	0.01310	0.02828	0.81633	0.03394	0.01608	0.00655	0.00208	0.00298	0.01459	0.00476	0.00417
4	0.01316	0.03889	0.17271	0.02190	0.37189	0.01203	0.08814	0.08046	0.01275	0.07057	0.01162	0.03085	0.00951	0.00549	0.00521	0.00160	0.00634	0.03605	0.00308	0.00773
5	0.01223	0.08556	0.33085	0.01678	0.14726	0.01264	0.11260	0.04757	0.09432	0.04816	0.01240	0.01372	0.03225	0.00530	0.00503	0.00159	0.00656	0.00465	0.00298	0.00755
6	0.01099	0.00663	0.00924	0.00818	0.00990	0.00626	0.05737	0.03461	0.01131	0.17799	0.07682	0.19415	0.10417	0.19086	0.07507	0.00301	0.00497	0.00863	0.00450	0.00532
7	0.01372	0.82276	0.02689	0.00878	0.01317	0.02030	0.00878	0.01536	0.01043	0.01207	0.00713	0.00823	0.00658	0.00439	0.00329	0.00110	0.00549	0.00274	0.00219	0.00658
8	0.01121	0.00997	0.01346	0.01422	0.22698	0.00832	0.00876	0.01370	0.01093	0.01673	0.00927	0.01121	0.00775	0.00401	0.00415	0.00097	0.00444	0.00346	0.00290	0.61754
9	0.01064	0.03569	0.60574	0.01329	0.01978	0.01089	0.04527	0.01564	0.01121	0.06150	0.01524	0.01614	0.10477	0.00595	0.00506	0.00163	0.00677	0.00483	0.00276	0.00720
10	0.00669	0.00492	0.00634	0.00714	0.00792	0.00457	0.00523	0.00809	0.01105	0.01456	0.12908	0.46965	0.15234	0.01456	0.00650	0.00202	0.00314	0.13696	0.00487	0.00437
11	0.00854	0.00649	0.00881	0.00837	0.00924	0.00756	0.00635	0.06241	0.00916	0.01296	0.01357	0.02173	0.01327	0.20113	0.51188	0.00657	0.07861	0.00577	0.00295	0.00464
12	0.03680	0.23417	0.26571	0.01172	0.01682	0.09797	0.01217	0.17497	0.01413	0.07563	0.00993	0.01071	0.00743	0.00516	0.00446	0.00143	0.00646	0.00371	0.00318	0.00742
13	0.00618	0.00475	0.00566	0.00639	0.00724	0.00423	0.00443	0.00723	0.01055	0.01340	0.03752	0.51727	0.32703	0.01487	0.00636	0.00195	0.00283	0.01312	0.00476	0.00423
14	0.00619	0.00472	0.00569	0.00647	0.00726	0.00422	0.00446	0.00722	0.01047	0.01336	0.03653	0.54947	0.29547	0.01500	0.00638	0.00196	0.00285	0.01328	0.00476	0.00422
15	0.01406	0.01491	0.15011	0.05596	0.05111	0.10950	0.18453	0.06972	0.01329	0.14059	0.05594	0.07534	0.01288	0.00647	0.00544	0.00165	0.00660	0.02130	0.00366	0.00695
16	0.01261	0.21211	0.22632	0.03015	0.14544	0.01304	0.08815	0.03120	0.01150	0.07727	0.01137	0.06335	0.00950	0.00556	0.00473	0.00150	0.00611	0.00477	0.03821	0.00711
17	0.01029	0.02654	0.79309	0.01462	0.02221	0.01192	0.01896	0.01625	0.01083	0.01625	0.00921	0.01083	0.00650	0.00487	0.00487	0.00162	0.00758	0.00379	0.00217	0.00758
18	0.02270	0.01368	0.20183	0.18351	0.22081	0.01094	0.02647	0.03199	0.04209	0.01556	0.01073	0.01413	0.00867	0.01153	0.16044	0.00292	0.00802	0.00461	0.00262	0.00675
19	0.01256	0.09539	0.16523	0.04334	0.23494	0.14636	0.06126	0.01551	0.01154	0.01475	0.01212	0.04632	0.05407	0.00599	0.00574	0.00157	0.05897	0.00490	0.00265	0.00680
20	0.01025	0.01002	0.01534	0.76060	0.03419	0.05776	0.01399	0.01354	0.01051	0.01308	0.00905	0.01342	0.00683	0.00514	0.00510	0.00169	0.00698	0.00449	0.00230	0.00571
21	0.01186	0.01348	0.02923	0.02094	0.02599	0.01261	0.73704	0.01606	0.01209	0.01633	0.01212	0.01533	0.04031	0.00469	0.00606	0.00173	0.00840	0.00625	0.00269	0.00681
22	0.01063	0.00998	0.01379	0.20921	0.22308	0.05596	0.02814	0.06556	0.01251	0.01608	0.06348	0.04019	0.21511	0.00763	0.00543	0.00163	0.00531	0.00664	0.00347	0.00616
23	0.01277	0.12231	0.30286	0.11541	0.02050	0.07839	0.05494	0.13131	0.03075	0.01733	0.00991	0.01189	0.00758	0.00716	0.05356	0.00194	0.00741	0.00412	0.00281	0.00704
24	0.19518	0.01102	0.01104	0.00932	0.01244	0.01243	0.00748	0.26517	0.26188	0.02503	0.01458	0.01460	0.01089	0.00609	0.00453	0.00157	0.00433	0.00463	0.12050	0.00731
25	0.00635	0.00497	0.00543	0.00576	0.00704	0.00432	0.00415	0.00763	0.01118	0.01413	0.06205	0.26537	0.50742	0.01339	0.00606	0.00180	0.00269	0.01150	0.05443	0.00432
26	0.01515	0.11453	0.31645	0.01318	0.01801	0.36152	0.01327	0.06243	0.01321	0.01509	0.00859	0.00993	0.00669	0.00508	0.00460	0.00143	0.00797	0.00351	0.00256	0.00681
27	0.00642	0.00458	0.00615	0.00734	0.00771	0.00431	0.00505	0.00743	0.00999	0.01329	0.02819	0.75359	0.03357	0.01592	0.00659	0.00211	0.00312	0.07568	0.00476	0.00421
28	0.00606	0.00520	0.00520	0.00520	0.00693	0.00433	0.00390	0.00736	0.01170	0.01386	0.05198	0.04938	0.78558	0.01299	0.00606	0.00173	0.00260	0.01083	0.00476	0.00433
29	0.02302	0.00873	0.01191	0.00913	0.01310	0.00754	0.00754	0.02501	0.01469	0.79122	0.02024	0.01746	0.01270	0.00635	0.00516	0.00159	0.00437	0.00516	0.00635	0.00873
30	0.01951	0.01437	0.01540	0.01181	0.01591	0.01591	0.00975	0.77056	0.02412	0.03234	0.01232	0.01232	0.00873	0.00616	0.00513	0.00154	0.00565	0.00462	0.00513	0.00873
31	0.01029	0.02654	0.79309	0.01462	0.02221	0.01192	0.01896	0.01625	0.01083	0.01625	0.00921	0.01083	0.00650	0.00487	0.00487	0.00162	0.00758	0.00379	0.00217	0.00758
32	0.01917	0.02445	0.01454	0.01322	0.01586	0.79907	0.00991	0.02049	0.01454	0.01256	0.00793	0.00925	0.00661	0.00529	0.00463	0.00132	0.00925	0.00330	0.00264	0.00595
33	0.00712	0.00496	0.00631	0.00671	0.00702	0.00505	0.00443	0.00782	0.00849	0.01147	0.01974	0.26017	0.02252	0.40586	0.16163	0.00462	0.00599	0.04272	0.00360	0.00376
34	0.01122	0.00776	0.00913	0.00829	0.01050	0.00799	0.00650	0.01769	0.28069	0.12153	0.29743	0.03126	0.09840	0.00920	0.00572	0.00172	0.00343	0.05966	0.00545	0.00644
35	0.01887	0.01752	0.01482	0.01204	0.01567	0.28387	0.00959	0.46881	0.02005	0.02464	0.01063	0.01117	0.00793	0.00572	0.00488	0.00142	0.00677	0.00408	0.00416	0.05735
36	0.02358	0.01126	0.04917	0.11559	0.13965	0.03259	0.13072	0.01753	0.18032	0.07329	0.05658	0.06199	0.06061	0.00680	0.00558	0.00169	0.01615	0.00620	0.00379	0.00690
37	0.13901	0.00921	0.01139	0.00898	0.01267	0.00878	0.00739	0.08872	0.01431	0.57000	0.01731	0.01588	0.01135	0.00800	0.05163	0.00198	0.00498	0.00480	0.00558	0.00804
38	0.00778	0.00529	0.00630	0.00602	0.00734	0.00497	0.00452	0.01037	0.03342	0.01941	0.49542	0.03485	0.13397	0.00969	0.00547	0.00154	0.00248	0.00836	0.19797	0.00485
39	0.00946	0.00857	0.01256	0.20915	0.07564	0.05460	0.06933	0.01191	0.01117	0.01434	0.01919	0.20110	0.02022	0.01034	0.00611	0.00197	0.00555	0.24979	0.00368	0.00534
40	0.01108	0.20968	0.61686	0.01328	0.02013	0.01385	0.01662	0.01605	0.01074	0.01529	0.00873	0.01023	0.00652	0.00476	0.00451	0.00150	0.00710	0.00355	0.00217	0.00735
41	0.04972	0.00673	0.00752	0.00653	0.00869	0.00664	0.00515	0.07778	0.01285	0.20000	0.04816	0.01850	0.01380	0.00621	0.00416	0.00135	0.00319	0.00495	0.51200	0.00606
42	0.00722	0.00493	0.00645	0.00737	0.00793	0.00468	0.00502	0.00876	0.04395	0.04526	0.02763	0.74849	0.03226	0.01528	0.00643	0.00205	0.00308	0.01381	0.00485	0.00453
43	0.70163	0.01074	0.00899	0.00768	0.01103	0.01232	0.00633	0.15444	0.01157	0.02474	0.00810	0.00907	0.00614	0.00502	0.00354	0.00158	0.00428	0.00312	0.00354	0.00614
44	0.01800	0.07903	0.01624	0.01194	0.01539	0.11088	0.00988	0.52762	0.01990	0.02590	0.01070	0.01149	0.00806	0.00626	0.00636	0.00156	0.10442	0.00430	0.00425	0.00784
45	0.00995	0.00695	0.00895	0.19344	0.01459	0.00745	0.00714	0.01395	0.10806	0.06362	0.15144	0.02494	0.11751	0.00760	0.00499	0.00155	0.00379	0.00643	0.24208	0.00560
46	0.00690	0.00489	0.00599	0.00629	0.00682	0.00462	0.00414	0.00789	0.01030	0.01389	0.20989	0.29570	0.09151	0.29266	0.01316	0.00294	0.00350	0.01053	0.00441	0.00398
47	0.01691	0.01350	0.01391	0.01134	0.01493	0.04670	0.00914	0.45553	0.31232	0.02737	0.01542	0.01480	0.01129	0.00643	0.00515	0.00161	0.00519	0.00502	0.00506	0.00838
48	0.01579	0.01887	0.01241	0.01169	0.01387	0.56390	0.00894	0.01729	0.01364	0.01329	0.04058	0.02166	0.04009	0.04143	0.00608	0.00169	0.00777	0.14227	0.00323	0.00551
49	0.01252	0.01144	0.01853	0.02686	0.63537	0.01155	0.01374	0.06758	0.01202	0.01700	0.01066	0.01530	0.00949	0.10706	0.00773	0.00196	0.00592	0.00494	0.00279	0.00754
50	0.00882	0.00788	0.00904	0.00887	0.01000	0.10598	0.00685	0.01059	0.00904	0.01199	0.01301	0.01879	0.01205	0.03431	0.69952	0.00738	0.01318	0.00522	0.00274	0.00475
51	0.01932	0.01596	0.01492	0.01191	0.01567	0.16865	0.00962	0.56052	0.05265	0.06153	0.01216	0.01223	0.00877	0.00603	0.00504	0.00151	0.00623	0.00443	0.00470	0.00816
52	0.01096	0.18233	0.64317	0.01348	0.02044	0.01356	0.01697	0.01608	0.01075	0.01543	0.00880	0.01032	0.00652	0.00478	0.00457	0.00152	0.00717	0.00359	0.00217	0.00739
53	0.69084	0.01039	0.00880	0.00899	0.07421	0.04489	0.00642	0.01484	0.00914	0.02114	0.00802	0.01050	0.00673	0.06186	0.00500	0.00181	0.00444	0.00328	0.00310	0.00561
54	0.00926	0.00831	0.00987	0.01066	0.07513	0.09553	0.00741	0.01152	0.04152	0.01280	0.01422	0.07787	0.01366	0.06009	0.52104	0.00605	0.01105	0.00594	0.00299	0.00509
55	0.01073	0.00954	0.01030	0.00813	0.01180	0.06228	0.00647	0.01349	0.04440	0.01698	0.10433	0.01814	0.01460	0.00570	0.00446	0.00108	0.00410	0.06597	0.00356	0.58392
56	0.41903	0.01254	0.10986	0.12559	0.09363	0.01225	0.01024	0.06772	0.01052	0.01994	0.00827	0.01036	0.00643	0.00524	0.00507	0.00165	0.06882	0.00360	0.00292	0.00632

[dist]
# distance from previous block
# <min> <max>
1	5

[block]
# block no. 1 follows, 48 sequences, length 70
# corresponding to MSA columns:
# 386-455
name=unknown_B
#
# <colnr> <probs for GDERKNQSTAVLIFYWHMCP>
#	G	D	E	R	K	N	Q	S	T	A	V	L	I	F	Y	W	H	M	C	P
0	0.68152	0.01117	0.00826	0.00741	0.01044	0.09841	0.00597	0.01537	0.00974	0.03989	0.01078	0.01161	0.06198	0.00545	0.00359	0.00157	0.00447	0.00347	0.00331	0.00559
1	0.01586	0.01604	0.01170	0.01051	0.01293	0.38639	0.00815	0.15480	0.01511	0.01807	0.01265	0.01660	0.01067	0.00641	0.00468	0.00142	0.00647	0.07034	0.21517	0.00606
2	0.01208	0.34946	0.18677	0.03056	0.08508	0.01499	0.08284	0.01558	0.04088	0.01458	0.01037	0.01192	0.03416	0.00499	0.00462	0.00137	0.02562	0.00394	0.00253	0.06767
3	0.00923	0.00682	0.00871	0.00801	0.00927	0.00744	0.00607	0.12003	0.01202	0.01677	0.21110	0.02573	0.02216	0.16261	0.32020	0.00481	0.03345	0.00665	0.00389	0.00503
4	0.00724	0.00588	0.00658	0.00634	0.00800	0.00555	0.00480	0.01036	0.09750	0.01654	0.25924	0.04097	0.43705	0.01320	0.05590	0.00211	0.00341	0.00948	0.00495	0.00492
5	0.01342	0.67467	0.02751	0.01113	0.01567	0.01896	0.14796	0.01556	0.01073	0.01287	0.00773	0.00926	0.00680	0.00438	0.00380	0.00121	0.00607	0.00335	0.00227	0.00665
6	0.01195	0.07911	0.15203	0.06959	0.39077	0.01273	0.16074	0.01560	0.01140	0.01595	0.00988	0.02909	0.00813	0.00483	0.00512	0.00157	0.00677	0.00479	0.00249	0.00746
7	0.00640	0.00506	0.00578	0.00604	0.00732	0.00444	0.00444	0.00783	0.01173	0.01487	0.16823	0.22830	0.45492	0.01335	0.00622	0.00182	0.00274	0.04121	0.00491	0.00439
8	0.00988	0.02412	0.70566	0.01377	0.02058	0.01108	0.01738	0.01533	0.01090	0.01618	0.03961	0.07126	0.01009	0.00591	0.00504	0.00166	0.00705	0.00479	0.00249	0.00723
9	0.01189	0.02936	0.32518	0.11836	0.02022	0.02861	0.05898	0.07969	0.11585	0.05231	0.01504	0.01652	0.06487	0.00608	0.00512	0.00165	0.00626	0.01642	0.02044	0.00713
10	0.00625	0.00447	0.00595	0.00714	0.00744	0.00417	0.00476	0.00714	0.00982	0.01310	0.02828	0.81633	0.03394	0.01608	0.00655	0.00208	0.00298	0.01459	0.00476	0.00417
11	0.01015	0.00592	0.00603	0.00582	0.00733	0.00624	0.00442	0.01476	0.15130	0.01956	0.01750	0.01913	0.01361	0.00616	0.00389	0.00130	0.00270	0.00497	0.69384	0.00539
12	0.01042	0.01014	0.01422	0.03287	0.09754	0.09597	0.17650	0.01292	0.01161	0.01520	0.02190	0.02596	0.18724	0.01079	0.08391	0.00228	0.00640	0.06334	0.11514	0.00564
13	0.01291	0.04343	0.06841	0.08617	0.35299	0.08348	0.22969	0.03157	0.01211	0.01612	0.00960	0.01251	0.00765	0.00465	0.00525	0.00157	0.00722	0.00477	0.00256	0.00732
14	0.00969	0.00912	0.01539	0.80734	0.03534	0.01140	0.01425	0.01311	0.01026	0.01311	0.00912	0.01368	0.00684	0.00513	0.00513	0.00171	0.00684	0.00456	0.00228	0.00570
15	0.05421	0.00849	0.01122	0.00872	0.01246	0.00749	0.00718	0.02367	0.01417	0.70536	0.01948	0.01723	0.01246	0.00626	0.00497	0.00156	0.00421	0.00504	0.06750	0.00832
16	0.00682	0.00515	0.00727	0.00930	0.07656	0.00488	0.00574	0.00791	0.00999	0.01342	0.02663	0.74514	0.03165	0.01506	0.00642	0.00203	0.00325	0.01370	0.00457	0.00452
17	0.01208	0.05788	0.38781	0.03570	0.24941	0.01230	0.07257	0.01643	0.01131	0.06228	0.00992	0.01195	0.00747	0.00491	0.00526	0.00159	0.02666	0.00426	0.00256	0.00763
18	0.02075	0.00831	0.01124	0.00880	0.01239	0.00728	0.00720	0.02303	0.02887	0.67520	0.12118	0.02025	0.01747	0.00691	0.00528	0.00159	0.00410	0.00572	0.00624	0.00821
19	0.00744	0.00505	0.00596	0.00596	0.00608	0.00517	0.00356	0.00769	0.00757	0.01022	0.01584	0.03174	0.01786	0.71286	0.13184	0.00542	0.00617	0.00719	0.00306	0.00331
20	0.34113	0.01675	0.01198	0.08108	0.01516	0.38164	0.00869	0.01730	0.01155	0.01664	0.00767	0.00940	0.00623	0.00528	0.00479	0.00151	0.05139	0.00328	0.00279	0.00576
21	0.00646	0.00465	0.00613	0.00695	0.00748	0.00431	0.00476	0.00769	0.01087	0.01470	0.18937	0.63167	0.05626	0.01481	0.00643	0.00198	0.00285	0.01336	0.00495	0.00431
22	0.01659	0.37556	0.02020	0.01059	0.01456	0.16428	0.00923	0.27016	0.01581	0.01912	0.00909	0.00987	0.00734	0.00513	0.00418	0.00128	0.00619	0.00349	0.00329	0.03403
23	0.03307	0.06334	0.27139	0.01233	0.07596	0.01090	0.01167	0.10907	0.01266	0.04779	0.02691	0.01250	0.02412	0.00499	0.00452	0.00131	0.00553	0.00395	0.00314	0.26484
24	0.01121	0.13545	0.59659	0.01532	0.09061	0.03327	0.01702	0.01619	0.01095	0.01562	0.00893	0.01060	0.00666	0.00479	0.00467	0.00153	0.00720	0.00371	0.00222	0.00745
25	0.00987	0.08914	0.51183	0.01201	0.01761	0.01094	0.01429	0.01483	0.03902	0.01659	0.13966	0.04694	0.04281	0.00655	0.00505	0.00160	0.00607	0.00534	0.00304	0.00682
26	0.00891	0.00446	0.00668	0.00668	0.00668	0.00446	0.00446	0.00668	0.00668	0.00891	0.00891	0.01560	0.00891	0.01783	0.02005	0.85071	0.00446	0.00446	0.00223	0.00223
27	0.63283	0.06958	0.01021	0.00783	0.01088	0.01242	0.00657	0.03427	0.02446	0.06729	0.00828	0.00944	0.00644	0.00528	0.00460	0.00161	0.07557	0.00317	0.00330	0.00595
28	0.00784	0.00535	0.00702	0.00659	0.00787	0.00492	0.00494	0.01019	0.01435	0.05050	0.72576	0.06755	0.04646	0.01054	0.00604	0.00163	0.00252	0.00932	0.00564	0.00497
29	0.01917	0.02445	0.01454	0.01322	0.01586	0.79907	0.00991	0.02049	0.01454	0.01256	0.00793	0.00925	0.00661	0.00529	0.00463	0.00132	0.00925	0.00330	0.00264	0.00595
30	0.00718	0.00524	0.00674	0.00636	0.00761	0.00480	0.00477	0.00952	0.01432	0.02009	0.73222	0.03912	0.10146	0.01067	0.00605	0.00162	0.00243	0.00939	0.00558	0.00480
31	0.01218	0.01366	0.02923	0.02272	0.11136	0.01289	0.68533	0.01636	0.01206	0.01647	0.01030	0.01371	0.00782	0.00435	0.00595	0.00171	0.00837	0.00589	0.00259	0.00705
32	0.01314	0.00988	0.01148	0.00838	0.01282	0.00828	0.00677	0.12893	0.01306	0.09127	0.01064	0.01153	0.00825	0.00440	0.00413	0.00096	0.00413	0.00348	0.00367	0.64482
33	0.00727	0.00581	0.00798	0.00842	0.00872	0.00651	0.00612	0.00831	0.00930	0.01284	0.02283	0.58640	0.02677	0.01710	0.09062	0.00275	0.15189	0.01180	0.00409	0.00448
34	0.01951	0.01437	0.01540	0.01181	0.01591	0.01591	0.00975	0.77056	0.02412	0.03234	0.01232	0.01232	0.00873	0.00616	0.00513	0.00154	0.00565	0.00462	0.00513	0.00873
35	0.85592	0.00992	0.00754	0.00675	0.00992	0.01151	0.00556	0.01508	0.00873	0.02302	0.00714	0.00834	0.00556	0.00476	0.00318	0.00159	0.00397	0.00278	0.00318	0.00556
36	0.01913	0.01419	0.01519	0.01173	0.01577	0.01574	0.00966	0.72937	0.06592	0.03174	0.01279	0.01270	0.00911	0.00620	0.00514	0.00155	0.00556	0.00469	0.00514	0.00869
37	0.01459	0.00900	0.01104	0.00809	0.01246	0.00706	0.00655	0.01677	0.01193	0.26353	0.01266	0.01281	0.00923	0.00461	0.00423	0.00102	0.00398	0.00372	0.00410	0.58262
38	0.02302	0.00873	0.01191	0.00913	0.01310	0.00754	0.00754	0.02501	0.01469	0.79122	0.02024	0.01746	0.01270	0.00635	0.00516	0.00159	0.00437	0.00516	0.00635	0.00873
39	0.01917	0.02445	0.01454	0.01322	0.01586	0.79907	0.00991	0.02049	0.01454	0.01256	0.00793	0.00925	0.00661	0.00529	0.00463	0.00132	0.00925	0.00330	0.00264	0.00595
40	0.00722	0.00509	0.00638	0.00662	0.00727	0.00488	0.00464	0.00850	0.01084	0.01473	0.26604	0.18319	0.05977	0.28442	0.01303	0.00293	0.00368	0.10219	0.00448	0.00410
41	0.01828	0.01219	0.07979	0.01375	0.01840	0.01024	0.25127	0.07706	0.01426	0.42657	0.01564	0.01540	0.01035	0.00557	0.00542	0.00163	0.00608	0.00530	0.00473	0.00806
42	0.01221	0.00630	0.00840	0.00736	0.00938	0.00565	0.00570	0.01438	0.01424	0.26562	0.48682	0.08766	0.03599	0.00957	0.00580	0.00164	0.00308	0.00835	0.00581	0.00603
43	0.00675	0.00483	0.00651	0.00718	0.00759	0.00491	0.00493	0.00774	0.00899	0.01224	0.02229	0.46764	0.02563	0.15924	0.22411	0.00424	0.00623	0.01092	0.00394	0.00410
44	0.00963	0.00813	0.00848	0.00822	0.00971	0.09460	0.00637	0.01312	0.10206	0.01614	0.16088	0.02631	0.04824	0.01816	0.25832	0.00372	0.00718	0.06933	0.12618	0.00523
45	0.19751	0.00939	0.01124	0.00882	0.01263	0.00898	0.00728	0.07657	0.01412	0.57544	0.01692	0.01518	0.01092	0.00600	0.00474	0.00158	0.00437	0.00462	0.00560	0.00807
46	0.00635	0.00460	0.00600	0.00693	0.00743	0.00425	0.00471	0.00744	0.01048	0.01398	0.11407	0.67469	0.08963	0.01523	0.00646	0.00201	0.00289	0.01373	0.00486	0.00425
47	0.00655	0.00471	0.00621	0.00690	0.00750	0.00437	0.00477	0.00791	0.01127	0.01535	0.25504	0.56862	0.05300	0.01434	0.00639	0.00194	0.00280	0.01293	0.00503	0.00437
48	0.28164	0.01361	0.07474	0.01734	0.15940	0.04059	0.26467	0.05780	0.01162	0.01932	0.00915	0.01141	0.00706	0.00469	0.00477	0.00161	0.00647	0.00440	0.00288	0.00682
49	0.00928	0.00769	0.00911	0.00713	0.01049	0.00605	0.00556	0.01143	0.01150	0.01708	0.17831	0.06913	0.08086	0.00672	0.00463	0.00110	0.00336	0.00570	0.00384	0.55101
50	0.05938	0.01293	0.01676	0.01881	0.26025	0.10141	0.01221	0.01449	0.00987	0.01437	0.00782	0.01132	0.00710	0.00693	0.01098	0.00188	0.42033	0.00429	0.00243	0.00645
51	0.28242	0.51894	0.02009	0.00830	0.01229	0.01726	0.00781	0.05712	0.01065	0.01668	0.00742	0.00849	0.00638	0.00461	0.00336	0.00128	0.00501	0.00286	0.00267	0.00638
52	0.01140	0.01087	0.01849	0.36568	0.46361	0.01185	0.01510	0.01461	0.01107	0.01519	0.00942	0.01312	0.00757	0.00481	0.00510	0.00160	0.00642	0.00457	0.00243	0.00708
53	0.00622	0.00507	0.00534	0.00552	0.00689	0.00436	0.00395	0.00734	0.01105	0.01340	0.04538	0.15899	0.60885	0.08490	0.00791	0.00207	0.00286	0.01107	0.00462	0.00420
54	0.00783	0.00560	0.00777	0.00895	0.00994	0.00553	0.00751	0.00988	0.01138	0.01487	0.02741	0.22160	0.03048	0.01458	0.00697	0.00230	0.00435	0.59371	0.00473	0.00460
55	0.80890	0.00968	0.00758	0.00683	0.00988	0.01123	0.00560	0.01475	0.00871	0.02241	0.00751	0.00899	0.00596	0.00663	0.04729	0.00196	0.00451	0.00293	0.00315	0.00550
56	0.00697	0.00498	0.00678	0.00797	0.00858	0.00479	0.00602	0.00839	0.01053	0.01390	0.02788	0.54534	0.03236	0.01540	0.00674	0.00218	0.00360	0.27846	0.00475	0.00437
57	0.08925	0.14152	0.01660	0.07436	0.01570	0.04384	0.01006	0.25514	0.01396	0.01969	0.00885	0.01097	0.00725	0.00654	0.00838	0.00170	0.26211	0.00407	0.00326	0.00677
58	0.00625	0.00447	0.00595	0.00714	0.00744	0.00417	0.00476	0.00714	0.00982	0.01310	0.02828	0.81633	0.03394	0.01608	0.00655	0.00208	0.00298	0.01459	0.00476	0.00417
59	0.01212	0.01014	0.04466	0.01030	0.01346	0.06043	0.14608	0.02923	0.03950	0.08170	0.04408	0.01847	0.01283	0.00594	0.00470	0.00139	0.00485	0.04683	0.27279	0.14050
60	0.04451	0.08482	0.01591	0.01142	0.01483	0.01540	0.00958	0.48811	0.01889	0.09335	0.01146	0.01210	0.00845	0.00644	0.00686	0.00162	0.13946	0.00442	0.00444	0.00792
61	0.85592	0.00992	0.00754	0.00675	0.00992	0.01151	0.00556	0.01508	0.00873	0.02302	0.00714	0.00834	0.00556	0.00476	0.00318	0.00159	0.00397	0.00278	0.00318	0.00556
62	0.85592	0.00992	0.00754	0.00675	0.00992	0.01151	0.00556	0.01508	0.00873	0.02302	0.00714	0.00834	0.00556	0.00476	0.00318	0.00159	0.00397	0.00278	0.00318	0.00556
63	0.01123	0.01123	0.01572	0.01347	0.01347	0.01572	0.01123	0.01235	0.00786	0.01235	0.00674	0.01123	0.00674	0.00898	0.01684	0.00225	0.81028	0.00449	0.00225	0.00561
64	0.00624	0.00449	0.00592	0.00707	0.00742	0.00417	0.00473	0.00715	0.00990	0.01313	0.02920	0.78671	0.06296	0.01596	0.00653	0.00207	0.00296	0.01444	0.00476	0.00417
65	0.01314	0.01121	0.01181	0.01052	0.01348	0.01294	0.00821	0.06845	0.73660	0.02207	0.02041	0.01877	0.01528	0.00692	0.00522	0.00173	0.00415	0.00574	0.00522	0.00816
66	0.01123	0.01123	0.01572	0.01347	0.01347	0.01572	0.01123	0.01235	0.00786	0.01235	0.00674	0.01123	0.00674	0.00898	0.01684	0.00225	0.81028	0.00449	0.00225	0.00561
67	0.85592	0.00992	0.00754	0.00675	0.00992	0.01151	0.00556	0.01508	0.00873	0.02302	0.00714	0.00834	0.00556	0.00476	0.00318	0.00159	0.00397	0.00278	0.00318	0.00556
68	0.00951	0.00651	0.00830	0.00764	0.00809	0.00732	0.00535	0.01010	0.00826	0.07981	0.01454	0.02660	0.01531	0.51438	0.10652	0.00453	0.15331	0.00650	0.00320	0.00423
69	0.05454	0.00582	0.00778	0.00765	0.00841	0.00667	0.00566	0.00915	0.00805	0.01201	0.01376	0.02279	0.01377	0.24678	0.51587	0.00676	0.04157	0.00584	0.00285	0.00428

[dist]
# distance from previous block
# <min> <max>
0	2

[block]
# block no. 2 follows, 48 sequences, length 19
# corresponding to MSA columns:
# 458-476
name=unknown_C
#
# <colnr> <probs for GDERKNQSTAVLIFYWHMCP>
#	G	D	E	R	K	N	Q	S	T	A	V	L	I	F	Y	W	H	M	C	P
0	0.01242	0.01189	0.02025	0.03750	0.39105	0.01223	0.17641	0.07351	0.05790	0.01752	0.01203	0.07964	0.01057	0.00602	0.00617	0.00168	0.05697	0.00579	0.00307	0.00738
1	0.09051	0.01135	0.01848	0.18781	0.56152	0.01197	0.01449	0.01515	0.01112	0.01660	0.00931	0.01249	0.00763	0.00470	0.00491	0.00157	0.00605	0.00440	0.00255	0.00739
2	0.01167	0.01106	0.01837	0.29749	0.47960	0.01195	0.01475	0.01557	0.05955	0.01580	0.01018	0.01344	0.00816	0.00491	0.00511	0.00160	0.00622	0.00465	0.00262	0.00729
3	0.00677	0.00523	0.00617	0.00593	0.00736	0.00463	0.00445	0.00872	0.01335	0.01779	0.48101	0.04291	0.35411	0.01153	0.00606	0.00166	0.00249	0.00992	0.00528	0.00463
4	0.01944	0.01644	0.01522	0.01210	0.01590	0.17660	0.00979	0.61666	0.02216	0.02828	0.01142	0.01169	0.00829	0.00598	0.00503	0.00150	0.00639	0.00435	0.00462	0.00816
5	0.01641	0.00718	0.00911	0.00748	0.01040	0.00628	0.00601	0.01833	0.01345	0.46336	0.07124	0.02603	0.18722	0.00802	0.00519	0.00157	0.00358	0.00661	0.12558	0.00696
6	0.01536	0.01231	0.01306	0.01097	0.01433	0.01397	0.00875	0.31332	0.48812	0.02565	0.01759	0.01652	0.01299	0.00665	0.00519	0.00166	0.00467	0.00535	0.00519	0.00835
7	0.09760	0.01347	0.01437	0.01110	0.01511	0.01478	0.00917	0.63609	0.02188	0.09683	0.01252	0.01239	0.00877	0.00605	0.00495	0.00155	0.00538	0.00449	0.00506	0.00843
8	0.00967	0.23630	0.01442	0.08357	0.06125	0.01104	0.00783	0.01138	0.01074	0.01368	0.08736	0.08624	0.18990	0.05701	0.00729	0.00181	0.07099	0.03068	0.00344	0.00541
9	0.00734	0.00518	0.00682	0.00729	0.00780	0.00533	0.00524	0.00842	0.00898	0.01211	0.02021	0.19366	0.02252	0.31496	0.20021	0.00464	0.00658	0.15505	0.00368	0.00399
10	0.00745	0.00504	0.00591	0.00591	0.00602	0.00514	0.00350	0.00766	0.00755	0.01018	0.01588	0.03199	0.01797	0.72749	0.11736	0.00536	0.00601	0.00723	0.00307	0.00328
11	0.01250	0.09691	0.47636	0.01308	0.01901	0.06289	0.01488	0.09778	0.12456	0.01809	0.01097	0.01186	0.00809	0.00530	0.00479	0.00156	0.00677	0.00404	0.00296	0.00759
12	0.01759	0.01265	0.01371	0.01055	0.01443	0.01349	0.00865	0.58239	0.02091	0.05296	0.01258	0.01290	0.00912	0.00586	0.00482	0.00141	0.00507	0.00446	0.08332	0.11313
13	0.00938	0.00676	0.01005	0.07730	0.14965	0.00668	0.00783	0.01125	0.02655	0.08630	0.02248	0.51632	0.02476	0.01203	0.00601	0.00190	0.00400	0.01092	0.00432	0.00551
14	0.01061	0.00852	0.01065	0.00883	0.01175	0.00771	0.04262	0.14266	0.01275	0.01807	0.01691	0.31273	0.01766	0.00883	0.00517	0.00144	0.00404	0.00778	0.00403	0.34725
15	0.00733	0.00550	0.00825	0.00825	0.00916	0.00641	0.00641	0.00916	0.00825	0.01191	0.01374	0.02016	0.01283	0.03848	0.79934	0.00825	0.01374	0.00550	0.00275	0.00458
16	0.16923	0.12521	0.06383	0.01469	0.22965	0.01133	0.00973	0.01551	0.04319	0.08925	0.07718	0.01724	0.05818	0.04838	0.00571	0.00170	0.00489	0.00495	0.00347	0.00669
17	0.00941	0.00656	0.00756	0.00729	0.00874	0.00668	0.00542	0.10942	0.07646	0.01916	0.18326	0.28096	0.06070	0.01060	0.00551	0.00168	0.00316	0.00922	0.18286	0.00536
18	0.01546	0.50405	0.04220	0.01059	0.01435	0.29016	0.00950	0.01709	0.01180	0.01236	0.00745	0.00873	0.00659	0.00483	0.00415	0.00122	0.02774	0.00301	0.00235	0.00636

[dist]
# distance from previous block
# <min> <max>
0	1

[block]
# block no. 3 follows, 48 sequences, length 36
# corresponding to MSA columns:
# 478-513
name=unknown_D
#
# <colnr> <probs for GDERKNQSTAVLIFYWHMCP>
#	G	D	E	R	K	N	Q	S	T	A	V	L	I	F	Y	W	H	M	C	P
0	0.01396	0.07016	0.19724	0.01593	0.15917	0.03210	0.05356	0.23016	0.04970	0.03876	0.01248	0.08092	0.01042	0.00622	0.00510	0.00159	0.00609	0.00526	0.00357	0.00762
1	0.01260	0.04354	0.24918	0.01329	0.03634	0.06910	0.07308	0.03847	0.37037	0.01867	0.01468	0.01484	0.01099	0.00584	0.00507	0.00164	0.00599	0.00488	0.00374	0.00767
2	0.80774	0.01087	0.05230	0.00720	0.01062	0.01153	0.00632	0.01515	0.00885	0.02264	0.00726	0.00848	0.00561	0.00477	0.00327	0.00159	0.00418	0.00284	0.00312	0.00567
3	0.00742	0.00501	0.00706	0.00753	0.00819	0.00513	0.00542	0.00854	0.00945	0.03823	0.06141	0.41067	0.02476	0.02350	0.28743	0.06495	0.00690	0.01006	0.00397	0.00436
4	0.00641	0.00512	0.00573	0.00578	0.00719	0.00445	0.00426	0.00795	0.01221	0.01555	0.24425	0.14241	0.49517	0.01271	0.00612	0.00174	0.00260	0.01089	0.00500	0.00445
5	0.01409	0.76847	0.02605	0.00908	0.01335	0.07327	0.00886	0.01571	0.01071	0.01211	0.00719	0.00830	0.00659	0.00445	0.00338	0.00111	0.00574	0.00278	0.00223	0.00654
6	0.00720	0.00530	0.00769	0.00802	0.00880	0.00587	0.00610	0.00881	0.00881	0.01234	0.01780	0.18175	0.01858	0.06328	0.54796	0.00642	0.01054	0.06696	0.00332	0.00445
7	0.01357	0.49229	0.19686	0.01170	0.03609	0.11810	0.03817	0.01627	0.01114	0.01335	0.00788	0.00926	0.00665	0.00462	0.00396	0.00128	0.00657	0.00321	0.00227	0.00678
8	0.05096	0.03791	0.18470	0.01377	0.08230	0.02861	0.11787	0.10241	0.01355	0.12223	0.12020	0.07371	0.01565	0.00669	0.00528	0.00162	0.00572	0.00590	0.00389	0.00704
9	0.00668	0.00485	0.00632	0.00683	0.00759	0.00448	0.00484	0.00822	0.01178	0.01604	0.31597	0.45233	0.08563	0.01372	0.00635	0.00189	0.00279	0.03414	0.00510	0.00445
10	0.01097	0.06110	0.36551	0.34401	0.02647	0.01199	0.01562	0.01530	0.01072	0.05878	0.00963	0.01226	0.00700	0.00513	0.00518	0.00164	0.02528	0.00415	0.00246	0.00677
11	0.01264	0.05570	0.25635	0.10596	0.30120	0.07472	0.02828	0.01637	0.01158	0.05535	0.00992	0.01216	0.00764	0.00489	0.00489	0.00154	0.00672	0.00420	0.02249	0.00738
12	0.01004	0.00928	0.00994	0.07900	0.05678	0.13104	0.00809	0.04530	0.01191	0.01468	0.02221	0.32102	0.04995	0.01175	0.00610	0.00193	0.00502	0.19671	0.00410	0.00515
13	0.02302	0.00873	0.01191	0.00913	0.01310	0.00754	0.00754	0.02501	0.01469	0.79122	0.02024	0.01746	0.01270	0.00635	0.00516	0.00159	0.00437	0.00516	0.00635	0.00873
14	0.00886	0.00789	0.01133	0.01407	0.20372	0.03182	0.04558	0.01120	0.04913	0.01467	0.02449	0.42195	0.11170	0.01147	0.00598	0.00184	0.00424	0.01044	0.00406	0.00556
15	0.01410	0.01122	0.08307	0.01040	0.03112	0.03421	0.00863	0.25452	0.01587	0.13864	0.08417	0.22727	0.01979	0.00926	0.00561	0.00173	0.00474	0.03396	0.00484	0.00685
16	0.00742	0.00514	0.00643	0.00643	0.00672	0.00543	0.00415	0.00800	0.00771	0.01057	0.01540	0.02934	0.01682	0.57327	0.27001	0.00601	0.00774	0.00684	0.00300	0.00357
17	0.01115	0.00998	0.01618	0.26987	0.20080	0.03127	0.11927	0.03407	0.01138	0.01623	0.01131	0.01473	0.00890	0.00614	0.02964	0.00174	0.00619	0.00482	0.19004	0.00629
18	0.01064	0.00912	0.01064	0.00760	0.01216	0.00684	0.00608	0.01292	0.01064	0.01672	0.00912	0.01064	0.00760	0.00380	0.00380	0.00076	0.00380	0.00304	0.00304	0.85104
19	0.01271	0.01265	0.01980	0.10952	0.59679	0.06335	0.03345	0.01560	0.01151	0.01585	0.00934	0.01252	0.00781	0.00492	0.00575	0.00158	0.05226	0.00452	0.00250	0.00756
20	0.00677	0.00490	0.00643	0.00699	0.00777	0.00456	0.00504	0.00835	0.01175	0.01597	0.29669	0.43577	0.07882	0.01378	0.00639	0.00192	0.00291	0.07563	0.00507	0.00446
21	0.00606	0.00520	0.00520	0.00520	0.00693	0.00433	0.00390	0.00736	0.01170	0.01386	0.05198	0.04938	0.78558	0.01299	0.00606	0.00173	0.00260	0.01083	0.00476	0.00433
22	0.00613	0.00520	0.00529	0.00527	0.00697	0.00436	0.00395	0.00750	0.01186	0.01424	0.09374	0.04875	0.74359	0.01285	0.00606	0.00173	0.00259	0.01074	0.00482	0.00436
23	0.07573	0.00679	0.00794	0.00673	0.00922	0.00641	0.00537	0.01761	0.01225	0.34047	0.01751	0.01766	0.01242	0.00605	0.00421	0.00139	0.00333	0.00480	0.43763	0.00648
24	0.85592	0.00992	0.00754	0.00675	0.00992	0.01151	0.00556	0.01508	0.00873	0.02302	0.00714	0.00834	0.00556	0.00476	0.00318	0.00159	0.00397	0.00278	0.00318	0.00556
25	0.01445	0.00821	0.01126	0.00965	0.01174	0.00898	0.00782	0.06985	0.01163	0.29311	0.01486	0.01721	0.01152	0.01994	0.33275	0.00442	0.13679	0.00515	0.00413	0.00653
26	0.01768	0.01346	0.01437	0.01144	0.01522	0.01506	0.00931	0.56905	0.22861	0.02939	0.01464	0.01417	0.01061	0.00638	0.00516	0.00159	0.00522	0.00494	0.00516	0.00856
27	0.14956	0.01079	0.01156	0.00932	0.01273	0.01155	0.00760	0.31143	0.09301	0.19218	0.01469	0.01443	0.01039	0.00604	0.00463	0.00153	0.00450	0.00459	0.12184	0.00762
28	0.00733	0.00550	0.00825	0.00825	0.00916	0.00641	0.00641	0.00916	0.00825	0.01191	0.01374	0.02016	0.01283	0.03848	0.79934	0.00825	0.01374	0.00550	0.00275	0.00458
29	0.01253	0.01029	0.01164	0.00864	0.01298	0.00907	0.00695	0.16085	0.07441	0.02012	0.01068	0.01164	0.00846	0.00451	0.00417	0.00099	0.00418	0.00357	0.00362	0.62070
30	0.00969	0.00912	0.01539	0.80734	0.03534	0.01140	0.01425	0.01311	0.01026	0.01311	0.00912	0.01368	0.00684	0.00513	0.00513	0.00171	0.00684	0.00456	0.00228	0.00570
31	0.01068	0.36533	0.01826	0.01003	0.03241	0.01322	0.06217	0.01241	0.00993	0.01270	0.01370	0.12005	0.03795	0.04167	0.15157	0.00285	0.05100	0.02555	0.00286	0.00567
32	0.00642	0.00492	0.00556	0.00589	0.00704	0.00430	0.00419	0.00723	0.01065	0.01312	0.04090	0.25474	0.49742	0.01435	0.00770	0.09294	0.00290	0.01117	0.00449	0.00406
33	0.01436	0.63447	0.08006	0.00993	0.01426	0.14742	0.00970	0.01627	0.01113	0.01245	0.00741	0.00859	0.00658	0.00457	0.00363	0.00117	0.00626	0.00291	0.00227	0.00655
34	0.00735	0.00540	0.00777	0.00777	0.00852	0.00615	0.00581	0.00885	0.00810	0.01156	0.01418	0.02259	0.01388	0.18011	0.65916	0.00765	0.01215	0.00585	0.00281	0.00431
35	0.01439	0.01284	0.08197	0.02425	0.48483	0.01142	0.07837	0.04393	0.01266	0.15197	0.02587	0.01393	0.00952	0.00505	0.00518	0.00156	0.00605	0.00483	0.00333	0.00805

[dist]
# distance from previous block
# <min> <max>
0	19

[block]
# block no. 4 follows, 48 sequences, length 61
# corresponding to MSA columns:
# 537-597
name=unknown_E
#
# <colnr> <probs for GDERKNQSTAVLIFYWHMCP>
#	G	D	E	R	K	N	Q	S	T	A	V	L	I	F	Y	W	H	M	C	P
0	0.07868	0.01016	0.01662	0.48481	0.23585	0.01156	0.03862	0.01443	0.01071	0.03720	0.00946	0.01310	0.00728	0.00496	0.00499	0.00165	0.00640	0.00449	0.00255	0.00647
1	0.00759	0.00497	0.00549	0.00549	0.00572	0.00491	0.00321	0.00791	0.00806	0.01112	0.01848	0.03311	0.06629	0.68695	0.02258	0.00439	0.00456	0.00740	0.08841	0.00335
2	0.00969	0.00912	0.01539	0.80734	0.03534	0.01140	0.01425	0.01311	0.01026	0.01311	0.00912	0.01368	0.00684	0.00513	0.00513	0.00171	0.00684	0.00456	0.00228	0.00570
3	0.01217	0.09923	0.53264	0.01485	0.05300	0.01278	0.07779	0.06057	0.01194	0.06372	0.00997	0.01140	0.00719	0.00493	0.00486	0.00157	0.00710	0.00404	0.00265	0.00759
4	0.00606	0.00520	0.00520	0.00520	0.00693	0.00433	0.00390	0.00736	0.01170	0.01386	0.05198	0.04938	0.78558	0.01299	0.00606	0.00173	0.00260	0.01083	0.00476	0.00433
5	0.01697	0.00696	0.00871	0.00718	0.00990	0.00630	0.00576	0.01914	0.01292	0.44426	0.01867	0.01821	0.01290	0.00618	0.00445	0.00141	0.00348	0.00499	0.38464	0.00696
6	0.01392	0.79288	0.02643	0.00895	0.01327	0.04945	0.00882	0.01556	0.01058	0.01209	0.00716	0.00827	0.00659	0.00442	0.00334	0.00111	0.00563	0.00276	0.00221	0.00656
7	0.01462	0.01687	0.27578	0.01807	0.24204	0.01218	0.01425	0.18555	0.01456	0.11862	0.01188	0.01372	0.00883	0.00549	0.00508	0.00159	0.00624	0.02301	0.00353	0.00807
8	0.00848	0.00567	0.00735	0.00676	0.00821	0.00528	0.00513	0.01127	0.04008	0.07095	0.70946	0.03632	0.04499	0.01010	0.00597	0.00162	0.00260	0.00889	0.00568	0.00521
9	0.45664	0.08606	0.01300	0.01242	0.13877	0.18764	0.00848	0.01642	0.01066	0.01869	0.00773	0.00924	0.00630	0.00482	0.00382	0.00147	0.00563	0.00319	0.00287	0.00616
10	0.02302	0.00873	0.01191	0.00913	0.01310	0.00754	0.00754	0.02501	0.01469	0.79122	0.02024	0.01746	0.01270	0.00635	0.00516	0.00159	0.00437	0.00516	0.00635	0.00873
11	0.00731	0.00544	0.00760	0.00772	0.00863	0.00597	0.00592	0.00891	0.00885	0.01220	0.01924	0.02855	0.09333	0.13319	0.54224	0.00659	0.01061	0.08013	0.00319	0.00438
12	0.00633	0.00450	0.00593	0.00705	0.00733	0.00422	0.00466	0.00716	0.00968	0.01290	0.02752	0.76714	0.03298	0.06657	0.00778	0.00227	0.00310	0.01414	0.00466	0.00410
13	0.00809	0.00568	0.00770	0.00838	0.00907	0.00586	0.00666	0.00934	0.01008	0.01331	0.02249	0.13207	0.02491	0.16984	0.01238	0.08231	0.04292	0.42068	0.00407	0.00416
14	0.01747	0.00729	0.00951	0.00773	0.01064	0.00649	0.00623	0.01962	0.01379	0.49453	0.14458	0.02125	0.01864	0.00695	0.00496	0.00151	0.00361	0.00575	0.19226	0.00722
15	0.01372	0.82276	0.02689	0.00878	0.01317	0.02030	0.00878	0.01536	0.01043	0.01207	0.00713	0.00823	0.00658	0.00439	0.00329	0.00110	0.00549	0.00274	0.00219	0.00658
16	0.00669	0.00540	0.00606	0.00640	0.00797	0.00478	0.00513	0.00829	0.01173	0.01428	0.04498	0.05178	0.57234	0.01333	0.00635	0.00191	0.00320	0.22020	0.00475	0.00444
17	0.02193	0.01048	0.01299	0.00996	0.01397	0.01014	0.00823	0.25664	0.01762	0.55544	0.01778	0.01587	0.01147	0.00629	0.00515	0.00157	0.00476	0.00499	0.00597	0.00873
18	0.01123	0.01123	0.01572	0.01347	0.01347	0.01572	0.01123	0.01235	0.00786	0.01235	0.00674	0.01123	0.00674	0.00898	0.01684	0.00225	0.81028	0.00449	0.00225	0.00561
19	0.00725	0.00597	0.00655	0.00640	0.00799	0.00581	0.00477	0.01020	0.10833	0.01414	0.03841	0.03927	0.48930	0.09197	0.13762	0.00310	0.00483	0.00900	0.00434	0.00474
20	0.02021	0.01324	0.01470	0.01127	0.01534	0.01422	0.00931	0.62028	0.02222	0.18530	0.01392	0.01336	0.00953	0.00620	0.00514	0.00155	0.00539	0.00473	0.00538	0.00873
21	0.57690	0.01141	0.01016	0.00843	0.01192	0.01298	0.00696	0.26710	0.01387	0.02613	0.00887	0.00966	0.00661	0.00523	0.00383	0.00157	0.00453	0.00339	0.00383	0.00661
22	0.00689	0.00480	0.00586	0.00646	0.00673	0.00463	0.00414	0.00747	0.00893	0.01181	0.02385	0.38674	0.06296	0.38185	0.01546	0.00340	0.00395	0.04634	0.00401	0.00372
23	0.00685	0.00526	0.00629	0.00611	0.00752	0.00470	0.00464	0.00883	0.01330	0.01774	0.46603	0.04352	0.33197	0.01163	0.00611	0.00170	0.00260	0.04531	0.00526	0.00464
24	0.02117	0.00881	0.01166	0.00906	0.01276	0.00790	0.00744	0.08000	0.01539	0.65602	0.09670	0.01918	0.01600	0.00675	0.00525	0.00159	0.00427	0.00553	0.00619	0.00834
25	0.17315	0.00754	0.00858	0.00716	0.00998	0.00728	0.00578	0.01837	0.01226	0.36891	0.03820	0.01691	0.01253	0.00605	0.00429	0.00146	0.00358	0.00471	0.28655	0.00671
26	0.46928	0.01414	0.06181	0.06236	0.09217	0.16335	0.00900	0.04482	0.01097	0.01966	0.00801	0.00961	0.00628	0.00493	0.00396	0.00154	0.00568	0.00331	0.00296	0.00615
27	0.00850	0.04165	0.07051	0.00999	0.08783	0.03874	0.00722	0.01037	0.01144	0.03212	0.12165	0.30875	0.20871	0.01148	0.00585	0.00177	0.00388	0.01002	0.00429	0.00523
28	0.00777	0.00635	0.00863	0.00865	0.00905	0.00739	0.00648	0.00886	0.00904	0.01255	0.02081	0.36064	0.05833	0.09315	0.14049	0.00339	0.19404	0.03619	0.00369	0.00450
29	0.01383	0.06718	0.08650	0.03330	0.01518	0.27315	0.00917	0.01733	0.08776	0.01536	0.00977	0.01097	0.00788	0.00478	0.00432	0.00117	0.00619	0.00350	0.00297	0.32968
30	0.01884	0.01732	0.01472	0.01208	0.01554	0.27667	0.00960	0.48858	0.02033	0.02494	0.01152	0.04475	0.00907	0.00628	0.00502	0.00149	0.00674	0.00460	0.00429	0.00761
31	0.01148	0.00909	0.01073	0.00770	0.01222	0.00689	0.00618	0.01374	0.01091	0.06896	0.00987	0.01110	0.00794	0.00397	0.00389	0.00082	0.00384	0.00318	0.00326	0.79423
32	0.00817	0.00706	0.05662	0.00877	0.08544	0.00614	0.00538	0.00885	0.00810	0.01103	0.01507	0.03004	0.01683	0.68634	0.02266	0.00442	0.00525	0.00694	0.00299	0.00390
33	0.01055	0.18734	0.19364	0.01183	0.06318	0.01141	0.05258	0.01435	0.07206	0.01513	0.01471	0.19142	0.02609	0.00739	0.00491	0.00152	0.00526	0.00633	0.00319	0.10712
34	0.00777	0.00594	0.00881	0.00861	0.00939	0.00711	0.00672	0.00929	0.00812	0.01176	0.01283	0.01909	0.01205	0.03460	0.68202	0.05992	0.08344	0.00534	0.00267	0.00453
35	0.01626	0.00675	0.00832	0.00694	0.00952	0.00615	0.00555	0.01844	0.01271	0.40300	0.01848	0.01830	0.01293	0.00616	0.00437	0.00139	0.00337	0.00497	0.42962	0.00675
36	0.01303	0.61368	0.05866	0.01004	0.01364	0.01895	0.00976	0.01476	0.00989	0.01232	0.00714	0.00899	0.00661	0.00539	0.00626	0.00137	0.17772	0.00316	0.00220	0.00642
37	0.00711	0.00519	0.00640	0.00612	0.00722	0.00479	0.00441	0.00897	0.01294	0.01782	0.54762	0.03923	0.15575	0.14326	0.00934	0.00218	0.00287	0.00922	0.00510	0.00448
38	0.00707	0.00524	0.00659	0.00625	0.00755	0.00476	0.00469	0.00930	0.01406	0.01948	0.66504	0.04014	0.16902	0.01090	0.00605	0.00163	0.00245	0.00953	0.00550	0.00476
39	0.01276	0.01102	0.01160	0.01044	0.01334	0.01276	0.00812	0.02727	0.77840	0.02146	0.02088	0.01914	0.01566	0.00696	0.00522	0.00174	0.00406	0.00580	0.00522	0.00812
40	0.01419	0.01173	0.01241	0.01073	0.01389	0.01343	0.00847	0.18475	0.61858	0.02377	0.01907	0.01770	0.01419	0.00679	0.00520	0.00170	0.00440	0.00555	0.00520	0.00825
41	0.01276	0.01102	0.01160	0.01044	0.01334	0.01276	0.00812	0.02727	0.77840	0.02146	0.02088	0.01914	0.01566	0.00696	0.00522	0.00174	0.00406	0.00580	0.00522	0.00812
42	0.01344	0.01136	0.01198	0.01058	0.01360	0.01308	0.00829	0.10216	0.70239	0.02256	0.02002	0.01846	0.01496	0.00688	0.00521	0.00172	0.00422	0.00568	0.00521	0.00818
43	0.01123	0.01123	0.01572	0.01347	0.01347	0.01572	0.01123	0.01235	0.00786	0.01235	0.00674	0.01123	0.00674	0.00898	0.01684	0.00225	0.81028	0.00449	0.00225	0.00561
44	0.01270	0.01219	0.02083	0.03149	0.78767	0.01219	0.01575	0.01575	0.01168	0.01676	0.00965	0.01270	0.00813	0.00457	0.00508	0.00152	0.00610	0.00457	0.00254	0.00813
45	0.01154	0.00966	0.01011	0.00901	0.01170	0.01058	0.00703	0.11183	0.45270	0.02047	0.02932	0.02753	0.24952	0.00870	0.00547	0.00171	0.00381	0.00719	0.00507	0.00704
46	0.00636	0.00454	0.00608	0.00727	0.00761	0.00426	0.00495	0.00733	0.00993	0.01322	0.02822	0.77655	0.03371	0.01598	0.00658	0.00210	0.00307	0.05332	0.00476	0.00420
47	0.01039	0.00984	0.01666	0.62564	0.21153	0.01159	0.01460	0.01373	0.01059	0.01397	0.00924	0.01345	0.00714	0.00500	0.00512	0.00167	0.00667	0.00456	0.00234	0.00627
48	0.85592	0.00992	0.00754	0.00675	0.00992	0.01151	0.00556	0.01508	0.00873	0.02302	0.00714	0.00834	0.00556	0.00476	0.00318	0.00159	0.00397	0.00278	0.00318	0.00556
49	0.01064	0.00912	0.01064	0.00760	0.01216	0.00684	0.00608	0.01292	0.01064	0.01672	0.00912	0.01064	0.00760	0.00380	0.00380	0.00076	0.00380	0.00304	0.00304	0.85104
50	0.00969	0.00912	0.01539	0.80734	0.03534	0.01140	0.01425	0.01311	0.01026	0.01311	0.00912	0.01368	0.00684	0.00513	0.00513	0.00171	0.00684	0.00456	0.00228	0.00570
51	0.05930	0.01365	0.01479	0.01144	0.01534	0.01510	0.00945	0.65435	0.02213	0.08492	0.01243	0.01245	0.00878	0.00621	0.00546	0.00157	0.03457	0.00457	0.00502	0.00846
52	0.40214	0.00927	0.00992	0.00805	0.01165	0.00935	0.00664	0.02049	0.01198	0.44155	0.01428	0.01331	0.00945	0.00563	0.00426	0.00159	0.00419	0.00408	0.00491	0.00729
53	0.00672	0.00500	0.00634	0.00713	0.00801	0.00463	0.00531	0.00814	0.01106	0.01437	0.09638	0.41894	0.20428	0.01451	0.00651	0.00202	0.00321	0.16823	0.00483	0.00438
54	0.00619	0.00520	0.00537	0.00533	0.00701	0.00438	0.00399	0.00760	0.01198	0.01455	0.12681	0.04825	0.71032	0.01274	0.00606	0.00172	0.00258	0.01067	0.00485	0.00438
