[name]
unknown

[dist]
# distance from previous block
# <min> <max>
0	101

[block]
# block no. 0 follows, 43 sequences, length 14
# corresponding to MSA columns:
# 121-134
name=unknown_A
#
# <colnr> <probs for GDERKNQSTAVLIFYWHMCP>
#	G	D	E	R	K	N	Q	S	T	A	V	L	I	F	Y	W	H	M	C	P
0	0.01276	0.01093	0.01293	0.07305	0.01587	0.06198	0.04467	0.13158	0.07556	0.01957	0.01763	0.06649	0.01685	0.04986	0.00701	0.00195	0.00562	0.18452	0.00426	0.18690
1	0.01299	0.18302	0.19913	0.01502	0.12484	0.01338	0.05026	0.06251	0.01228	0.05563	0.01300	0.08008	0.01198	0.10874	0.00851	0.00214	0.03040	0.00572	0.00323	0.00716
2	0.00729	0.00523	0.00635	0.00679	0.00738	0.00490	0.00448	0.00828	0.01089	0.01447	0.14557	0.34415	0.13466	0.25840	0.01341	0.00308	0.00373	0.01192	0.00474	0.00429
3	0.01187	0.01908	0.35185	0.01277	0.01792	0.05669	0.01350	0.01946	0.21410	0.01829	0.01516	0.07480	0.01251	0.00919	0.05840	0.00222	0.00700	0.00559	0.00359	0.07600
4	0.07533	0.06025	0.15814	0.01502	0.05752	0.07091	0.14455	0.13421	0.09004	0.05187	0.01272	0.01538	0.01003	0.07137	0.00723	0.00200	0.00695	0.00514	0.00367	0.00764
5	0.01139	0.00929	0.06992	0.00909	0.01127	0.00826	0.00742	0.13655	0.07075	0.04975	0.02277	0.37376	0.02321	0.01144	0.00592	0.00189	0.00412	0.00996	0.15698	0.00626
6	0.01639	0.01482	0.09948	0.01973	0.29525	0.07473	0.01288	0.07488	0.01424	0.16848	0.01260	0.01380	0.00938	0.00541	0.00521	0.00152	0.00622	0.00459	0.00382	0.14660
7	0.05958	0.01322	0.01504	0.03851	0.01639	0.01460	0.00991	0.44007	0.06422	0.15904	0.03952	0.01537	0.01162	0.00702	0.00649	0.00176	0.06840	0.00522	0.00534	0.00870
8	0.00807	0.00622	0.00854	0.00841	0.00920	0.00700	0.00630	0.00960	0.00969	0.01355	0.07656	0.08938	0.08101	0.15100	0.41882	0.00617	0.07442	0.00774	0.00357	0.00475
9	0.11314	0.01416	0.06208	0.02003	0.29019	0.05503	0.05064	0.13623	0.03014	0.13143	0.01299	0.03725	0.01006	0.00598	0.00533	0.00169	0.00624	0.00512	0.00398	0.00829
10	0.01428	0.06131	0.15742	0.01419	0.09927	0.04885	0.03070	0.10535	0.09169	0.11123	0.01760	0.19101	0.01603	0.00851	0.00572	0.00180	0.00581	0.00728	0.00432	0.00761
11	0.00675	0.00482	0.00643	0.00771	0.00803	0.00450	0.00514	0.00771	0.01060	0.01414	0.03053	0.80175	0.03663	0.01735	0.00707	0.00225	0.00321	0.01574	0.00514	0.00450
12	0.01039	0.07233	0.03125	0.03509	0.06085	0.00918	0.09345	0.07252	0.01344	0.02980	0.14802	0.30305	0.07576	0.01120	0.00627	0.00189	0.00472	0.01013	0.00458	0.00607
13	0.01454	0.01670	0.19285	0.01571	0.07066	0.05754	0.13584	0.16559	0.03353	0.07017	0.07381	0.08055	0.01457	0.00718	0.00610	0.00178	0.02480	0.00630	0.00402	0.00776

[dist]
# distance from previous block
# <min> <max>
0	4

[block]
# block no. 1 follows, 43 sequences, length 23
# corresponding to MSA columns:
# 139-161
name=unknown_B
#
# <colnr> <probs for GDERKNQSTAVLIFYWHMCP>
#	G	D	E	R	K	N	Q	S	T	A	V	L	I	F	Y	W	H	M	C	P
0	0.08134	0.01512	0.20807	0.01572	0.11291	0.04028	0.11627	0.01599	0.01211	0.09312	0.01643	0.21624	0.01565	0.00842	0.00580	0.00186	0.00626	0.00758	0.00374	0.00708
1	0.01300	0.05193	0.14769	0.02442	0.43762	0.08217	0.01505	0.01627	0.01240	0.01682	0.01279	0.12028	0.01205	0.00674	0.00553	0.00171	0.00667	0.00605	0.00299	0.00780
2	0.04417	0.01655	0.11534	0.02048	0.29905	0.15240	0.01342	0.05117	0.05670	0.01824	0.01185	0.04183	0.00996	0.00622	0.00606	0.00168	0.05756	0.00499	0.06472	0.00760
3	0.01290	0.01082	0.01401	0.01431	0.14300	0.07309	0.07016	0.08134	0.01438	0.07495	0.16172	0.09501	0.07677	0.06195	0.00738	0.00193	0.00530	0.00754	0.00443	0.06901
4	0.01689	0.14270	0.04166	0.01328	0.01608	0.21864	0.01121	0.19243	0.01509	0.01861	0.00919	0.01132	0.00771	0.00701	0.00901	0.00176	0.25273	0.00422	0.00327	0.00718
5	0.00672	0.00492	0.00632	0.00744	0.00796	0.00452	0.00502	0.00774	0.01087	0.01425	0.03389	0.70331	0.13290	0.01691	0.00700	0.00220	0.00316	0.01521	0.00514	0.00452
6	0.04679	0.01179	0.01768	0.26111	0.29624	0.01282	0.01381	0.09209	0.07961	0.09512	0.01264	0.01494	0.00951	0.00572	0.00545	0.00174	0.00631	0.00504	0.00363	0.00798
7	0.01395	0.34010	0.14851	0.01080	0.01522	0.03657	0.02095	0.06439	0.05819	0.06981	0.07030	0.08637	0.02896	0.00711	0.00492	0.00156	0.00575	0.00559	0.00368	0.00726
8	0.00724	0.00524	0.00728	0.00824	0.00881	0.00528	0.00593	0.00860	0.01037	0.01403	0.02645	0.53746	0.03044	0.02328	0.20342	0.00396	0.00632	0.07838	0.00459	0.00467
9	0.00720	0.00514	0.00692	0.00810	0.00865	0.00487	0.00580	0.00854	0.01130	0.01508	0.07782	0.62449	0.03681	0.01661	0.00714	0.00227	0.00350	0.13992	0.00520	0.00465
10	0.01436	0.01723	0.17721	0.10112	0.33086	0.06948	0.07694	0.08553	0.01388	0.04490	0.01085	0.01337	0.00835	0.00532	0.00550	0.00169	0.00736	0.00482	0.00304	0.00819
11	0.01567	0.60326	0.08083	0.01077	0.01548	0.12840	0.01050	0.05309	0.01263	0.01449	0.00825	0.00946	0.00722	0.00501	0.00398	0.00128	0.00667	0.00323	0.00259	0.00720
12	0.01218	0.05447	0.33252	0.09902	0.24226	0.01373	0.06476	0.01664	0.01168	0.01680	0.00982	0.01271	0.00768	0.00552	0.00650	0.00177	0.07695	0.00459	0.00251	0.00787
13	0.01633	0.05322	0.21183	0.01397	0.05471	0.05784	0.04827	0.16947	0.09322	0.14392	0.06980	0.01633	0.01312	0.00644	0.00548	0.00170	0.00637	0.00525	0.00441	0.00832
14	0.01046	0.00984	0.01661	0.79205	0.03814	0.01230	0.01538	0.01415	0.01107	0.01415	0.00984	0.01477	0.00738	0.00554	0.00554	0.00185	0.00738	0.00492	0.00246	0.00615
15	0.01689	0.01617	0.01240	0.01082	0.01352	0.31410	0.00836	0.20327	0.01723	0.02161	0.08114	0.01648	0.01366	0.00665	0.00498	0.00148	0.00638	0.00493	0.22316	0.00674
16	0.01686	0.28693	0.19482	0.01247	0.01778	0.07364	0.04404	0.13998	0.01489	0.13208	0.01147	0.01209	0.00851	0.00556	0.00481	0.00152	0.00674	0.00414	0.00361	0.00805
17	0.01293	0.00812	0.01163	0.15400	0.08232	0.00830	0.01933	0.04965	0.01274	0.16388	0.03503	0.21259	0.01879	0.06026	0.00717	0.00204	0.00482	0.00809	0.12188	0.00644
18	0.00710	0.00502	0.00658	0.00770	0.00806	0.00477	0.00522	0.00807	0.01045	0.01390	0.02872	0.64088	0.03409	0.11976	0.00987	0.00268	0.00365	0.07418	0.00491	0.00440
19	0.00796	0.00690	0.00914	0.00828	0.01026	0.00655	0.07269	0.01070	0.06709	0.01525	0.03988	0.09216	0.44752	0.05532	0.12193	0.00310	0.00544	0.01007	0.00456	0.00520
20	0.01340	0.01088	0.01784	0.15033	0.43841	0.01107	0.01376	0.01636	0.01278	0.10484	0.06948	0.08801	0.01486	0.00685	0.00572	0.00175	0.00590	0.00636	0.00364	0.00777
21	0.01426	0.01661	0.17105	0.04693	0.23410	0.06993	0.06954	0.09939	0.03958	0.05314	0.01173	0.01424	0.00919	0.00898	0.07669	0.00238	0.04615	0.00495	0.00327	0.00791
22	0.01059	0.00692	0.00842	0.00793	0.00913	0.00727	0.00559	0.01368	0.13654	0.08266	0.01924	0.02815	0.05074	0.33803	0.17244	0.07972	0.00688	0.00697	0.00398	0.00512

[dist]
# distance from previous block
# <min> <max>
1	47

[block]
# block no. 2 follows, 43 sequences, length 59
# corresponding to MSA columns:
# 209-267
name=unknown_C
#
# <colnr> <probs for GDERKNQSTAVLIFYWHMCP>
#	G	D	E	R	K	N	Q	S	T	A	V	L	I	F	Y	W	H	M	C	P
0	0.39951	0.12702	0.05467	0.01003	0.01369	0.20909	0.00860	0.04799	0.01239	0.02023	0.04579	0.01115	0.00892	0.00560	0.00418	0.00157	0.00616	0.00363	0.00329	0.00648
1	0.00738	0.00542	0.00650	0.00658	0.00754	0.00499	0.00455	0.00881	0.01228	0.01641	0.29393	0.18670	0.20690	0.19370	0.01156	0.00269	0.00340	0.01104	0.00507	0.00454
2	0.01041	0.00825	0.01004	0.00944	0.01105	0.00951	0.00721	0.01696	0.27904	0.01713	0.06275	0.02319	0.01737	0.09629	0.28503	0.03663	0.04943	0.00637	0.03775	0.00615
3	0.00752	0.00547	0.00720	0.00805	0.00896	0.00516	0.00610	0.00925	0.01229	0.01633	0.16497	0.39145	0.10916	0.01539	0.00708	0.00220	0.00358	0.20973	0.00530	0.00481
4	0.01481	0.80869	0.02902	0.00948	0.01421	0.02191	0.00948	0.01658	0.01125	0.01303	0.00770	0.00888	0.00711	0.00474	0.00355	0.00118	0.00592	0.00296	0.00237	0.00711
5	0.00860	0.00540	0.00678	0.00719	0.00771	0.00513	0.00467	0.00934	0.01018	0.06804	0.05190	0.41980	0.02914	0.32259	0.01515	0.00340	0.00414	0.01181	0.00461	0.00444
6	0.01934	0.01451	0.01550	0.01224	0.01633	0.01617	0.00999	0.59116	0.16778	0.03222	0.01522	0.01493	0.01100	0.00681	0.00551	0.00169	0.00566	0.00524	0.02950	0.00917
7	0.01046	0.00984	0.01661	0.79205	0.03814	0.01230	0.01538	0.01415	0.01107	0.01415	0.00984	0.01477	0.00738	0.00554	0.00554	0.00185	0.00738	0.00492	0.00246	0.00615
8	0.01344	0.01643	0.11020	0.02178	0.02757	0.01411	0.62002	0.07077	0.01386	0.01896	0.01122	0.01448	0.00833	0.00487	0.00633	0.00184	0.00898	0.00617	0.00295	0.00769
9	0.01067	0.01027	0.01489	0.28584	0.14386	0.07215	0.05598	0.01322	0.01165	0.01495	0.01715	0.28954	0.01788	0.00953	0.00608	0.00192	0.00612	0.00870	0.00350	0.00610
10	0.00734	0.00542	0.00737	0.00808	0.00888	0.00545	0.00596	0.00887	0.01073	0.01443	0.05983	0.39159	0.10135	0.02370	0.23603	0.00418	0.00677	0.08474	0.00454	0.00474
11	0.08076	0.30450	0.01913	0.01097	0.01478	0.15022	0.00931	0.09200	0.22989	0.01907	0.01268	0.01291	0.01008	0.00592	0.00459	0.00151	0.00607	0.00422	0.00378	0.00760
12	0.03758	0.01586	0.24219	0.01379	0.04823	0.01098	0.08814	0.10884	0.02596	0.11166	0.01757	0.11315	0.04601	0.00789	0.00577	0.00180	0.00618	0.04456	0.00409	0.04976
13	0.01339	0.02167	0.39423	0.05752	0.18351	0.07467	0.04509	0.05621	0.01309	0.03893	0.01047	0.01254	0.00783	0.00529	0.00532	0.00167	0.00761	0.00442	0.00282	0.04371
14	0.16597	0.01272	0.06701	0.01060	0.01430	0.01289	0.00900	0.10160	0.38822	0.09220	0.01768	0.01695	0.01300	0.00672	0.00510	0.00177	0.00476	0.00526	0.04608	0.00817
15	0.00732	0.00503	0.00663	0.00754	0.00785	0.00486	0.00504	0.00798	0.00992	0.01325	0.02595	0.54779	0.03054	0.15409	0.05009	0.06355	0.00434	0.03952	0.00453	0.00419
16	0.04702	0.15318	0.19935	0.01618	0.10643	0.17478	0.06814	0.08332	0.06793	0.01824	0.01055	0.01203	0.00825	0.00546	0.00502	0.00159	0.00747	0.00427	0.00309	0.00772
17	0.01223	0.01015	0.01630	0.02090	0.35093	0.01018	0.05020	0.04242	0.01260	0.06868	0.03624	0.27087	0.01916	0.00952	0.00666	0.00190	0.04120	0.00870	0.00398	0.00717
18	0.00675	0.00482	0.00643	0.00771	0.00803	0.00450	0.00514	0.00771	0.01060	0.01414	0.03053	0.80175	0.03663	0.01735	0.00707	0.00225	0.00321	0.01574	0.00514	0.00450
19	0.00704	0.00533	0.00605	0.00642	0.00768	0.00472	0.00460	0.00852	0.01226	0.01596	0.12899	0.29073	0.39380	0.01423	0.00652	0.00194	0.00290	0.01233	0.06527	0.00472
20	0.01722	0.03359	0.28398	0.01536	0.07995	0.15715	0.01423	0.16360	0.01589	0.13500	0.01210	0.01290	0.00867	0.00590	0.00552	0.00166	0.02077	0.00446	0.00378	0.00828
21	0.00708	0.00519	0.00712	0.00796	0.00855	0.00522	0.00562	0.00837	0.01020	0.01380	0.02716	0.53476	0.06603	0.02432	0.23602	0.00419	0.00662	0.01265	0.00450	0.00464
22	0.02232	0.00945	0.01240	0.00974	0.01360	0.00868	0.00799	0.09118	0.01600	0.60204	0.02031	0.01867	0.01336	0.00931	0.06163	0.00220	0.00543	0.00552	0.06136	0.00882
23	0.05632	0.06786	0.29824	0.09533	0.14174	0.04277	0.01506	0.01709	0.03195	0.05764	0.01172	0.06020	0.00972	0.00641	0.00619	0.00178	0.06437	0.00506	0.00300	0.00753
24	0.01200	0.07308	0.60029	0.01556	0.02263	0.01398	0.05694	0.05345	0.01221	0.01783	0.00984	0.01180	0.00723	0.00559	0.00617	0.00177	0.06485	0.00425	0.00253	0.00799
25	0.01148	0.00816	0.01083	0.16943	0.01648	0.00857	0.00866	0.07379	0.06804	0.09656	0.14271	0.11480	0.12725	0.01058	0.00630	0.00195	0.00465	0.10853	0.00498	0.00627
26	0.12976	0.02800	0.12783	0.08472	0.30022	0.11191	0.10559	0.01749	0.01234	0.01794	0.00975	0.01246	0.00774	0.00512	0.00521	0.00168	0.00732	0.00454	0.00277	0.00760
27	0.00712	0.00521	0.00669	0.00721	0.00806	0.00478	0.00507	0.00873	0.01266	0.01715	0.30012	0.44433	0.12278	0.01480	0.00682	0.00202	0.00295	0.01323	0.00549	0.00478
28	0.11100	0.01289	0.06363	0.01906	0.29430	0.01199	0.01208	0.10856	0.05882	0.03665	0.01283	0.01708	0.01078	0.00609	0.00520	0.00162	0.00565	0.06341	0.00368	0.14466
29	0.01451	0.04583	0.41132	0.01824	0.15723	0.03531	0.05521	0.05039	0.01326	0.12902	0.01187	0.01321	0.00850	0.00546	0.00536	0.00170	0.00734	0.00458	0.00325	0.00840
30	0.01310	0.01230	0.02076	0.03098	0.67468	0.01230	0.01598	0.01630	0.01263	0.01790	0.01281	0.01988	0.01170	0.00625	0.00576	0.00176	0.00639	0.09718	0.00304	0.00831
31	0.00781	0.00614	0.00656	0.00640	0.00819	0.00559	0.00480	0.03819	0.04082	0.01731	0.14278	0.10084	0.51357	0.01288	0.00633	0.00183	0.00298	0.01086	0.06102	0.00510
32	0.01485	0.01743	0.26539	0.04901	0.18081	0.01207	0.13405	0.04385	0.01342	0.16405	0.01340	0.01616	0.00996	0.00585	0.00569	0.00177	0.00714	0.03324	0.00359	0.00828
33	0.12329	0.04533	0.01506	0.10406	0.20882	0.04946	0.01084	0.08111	0.01326	0.10396	0.01496	0.11051	0.01365	0.03685	0.00626	0.00191	0.00573	0.04384	0.00393	0.00716
34	0.01023	0.00835	0.01130	0.01092	0.01285	0.00877	0.06789	0.01640	0.23279	0.01789	0.02558	0.18890	0.02598	0.04636	0.00773	0.00236	0.00488	0.28963	0.00501	0.00618
35	0.00795	0.00532	0.00607	0.00618	0.00620	0.00530	0.00350	0.00803	0.00826	0.01101	0.01851	0.09815	0.02147	0.74164	0.02648	0.00512	0.00519	0.00868	0.00350	0.00345
36	0.05132	0.04441	0.04714	0.08589	0.28232	0.10485	0.01320	0.18732	0.07006	0.02150	0.01197	0.01463	0.00958	0.00595	0.00535	0.00167	0.00668	0.02438	0.00365	0.00812
37	0.84448	0.01071	0.00814	0.00728	0.01071	0.01242	0.00600	0.01628	0.00943	0.02485	0.00771	0.00900	0.00600	0.00514	0.00343	0.00171	0.00428	0.00300	0.00343	0.00600
38	0.14705	0.13917	0.38778	0.03624	0.01851	0.01329	0.01391	0.01711	0.03891	0.04689	0.04297	0.01401	0.01008	0.04506	0.00593	0.00185	0.00654	0.00436	0.00303	0.00731
39	0.01134	0.00977	0.01498	0.02055	0.39499	0.00930	0.01112	0.01388	0.01290	0.04989	0.09829	0.06770	0.20448	0.00853	0.00587	0.00170	0.00487	0.00764	0.00400	0.04819
40	0.00708	0.00552	0.00648	0.00683	0.00817	0.00491	0.00511	0.00873	0.01273	0.01628	0.17893	0.22612	0.38877	0.01443	0.00678	0.00201	0.00310	0.08793	0.00531	0.00478
41	0.02069	0.02640	0.01569	0.01427	0.01712	0.78313	0.01070	0.02212	0.01569	0.01355	0.00856	0.00999	0.00713	0.00571	0.00499	0.00143	0.00999	0.00357	0.00285	0.00642
42	0.13196	0.01006	0.03295	0.00990	0.01272	0.01020	0.04136	0.08513	0.18711	0.04948	0.04548	0.03130	0.13469	0.06688	0.00746	0.00218	0.00477	0.12489	0.00482	0.00665
43	0.01517	0.01259	0.01331	0.01155	0.01493	0.01443	0.00910	0.16812	0.61985	0.02542	0.02077	0.01925	0.01547	0.00735	0.00562	0.00184	0.00471	0.00602	0.00562	0.00889
44	0.01111	0.02865	0.77667	0.01579	0.02397	0.01286	0.02046	0.01754	0.01169	0.01754	0.00994	0.01169	0.00702	0.00526	0.00526	0.00175	0.00818	0.00409	0.00234	0.00818
45	0.12893	0.01947	0.04307	0.04708	0.19532	0.37323	0.05085	0.01910	0.01340	0.01652	0.00907	0.01130	0.00744	0.00553	0.00552	0.00161	0.03861	0.00408	0.00285	0.00701
46	0.01046	0.00984	0.01661	0.79205	0.03814	0.01230	0.01538	0.01415	0.01107	0.01415	0.00984	0.01477	0.00738	0.00554	0.00554	0.00185	0.00738	0.00492	0.00246	0.00615
47	0.02094	0.01244	0.01447	0.01100	0.01545	0.01240	0.00905	0.37622	0.02011	0.29908	0.01585	0.01502	0.01078	0.00633	0.00533	0.00155	0.00529	0.00493	0.00566	0.13813
48	0.00967	0.00607	0.00799	0.00728	0.00890	0.00554	0.00554	0.01223	0.01570	0.10307	0.68772	0.03895	0.04811	0.01084	0.00643	0.00174	0.00284	0.00954	0.00618	0.00568
49	0.06820	0.00549	0.00689	0.00779	0.00855	0.00526	0.00536	0.00934	0.01079	0.05473	0.02842	0.70350	0.03322	0.01592	0.00673	0.00218	0.00337	0.01429	0.00511	0.00486
50	0.01212	0.01212	0.01696	0.01454	0.01454	0.01696	0.01212	0.01333	0.00848	0.01333	0.00727	0.01212	0.00727	0.00969	0.01818	0.00242	0.79523	0.00485	0.00242	0.00606
51	0.01285	0.00974	0.01096	0.00992	0.01258	0.01056	0.00783	0.05995	0.40198	0.07675	0.17756	0.03022	0.07020	0.00931	0.00605	0.00189	0.00410	0.07427	0.00573	0.00754
52	0.02371	0.00919	0.01259	0.00979	0.01385	0.00806	0.00806	0.02584	0.01539	0.72357	0.02138	0.01905	0.01372	0.00918	0.05773	0.00220	0.00539	0.00559	0.00659	0.00912
53	0.00675	0.00482	0.00643	0.00771	0.00803	0.00450	0.00514	0.00771	0.01060	0.01414	0.03053	0.80175	0.03663	0.01735	0.00707	0.00225	0.00321	0.01574	0.00514	0.00450
54	0.01046	0.00984	0.01661	0.79205	0.03814	0.01230	0.01538	0.01415	0.01107	0.01415	0.00984	0.01477	0.00738	0.00554	0.00554	0.00185	0.00738	0.00492	0.00246	0.00615
55	0.01278	0.00878	0.01155	0.01010	0.01274	0.00859	0.06105	0.15386	0.01574	0.11698	0.08924	0.09610	0.19240	0.01135	0.00652	0.00198	0.00468	0.17370	0.00533	0.00652
56	0.07273	0.05033	0.01371	0.01213	0.11996	0.04241	0.00831	0.01518	0.01175	0.03879	0.01063	0.03780	0.00912	0.00491	0.00440	0.00112	0.00479	0.00397	0.00331	0.53467
57	0.01182	0.01277	0.11086	0.17091	0.12618	0.01134	0.05061	0.11879	0.06814	0.01912	0.02376	0.02474	0.21175	0.00794	0.00582	0.00179	0.00585	0.00682	0.00388	0.00710
58	0.25833	0.08375	0.27638	0.01172	0.01708	0.07592	0.01226	0.11074	0.01313	0.02124	0.00941	0.01072	0.00713	0.00531	0.00451	0.00159	0.00644	0.00369	0.00318	0.06749

[dist]
# distance from previous block
# <min> <max>
1	5

[block]
# block no. 3 follows, 43 sequences, length 29
# corresponding to MSA columns:
# 273-301
name=unknown_D
#
# <colnr> <probs for GDERKNQSTAVLIFYWHMCP>
#	G	D	E	R	K	N	Q	S	T	A	V	L	I	F	Y	W	H	M	C	P
0	0.01392	0.01418	0.04323	0.02148	0.36974	0.11406	0.01255	0.08271	0.02879	0.01862	0.01736	0.01888	0.12122	0.00651	0.00543	0.00157	0.00618	0.00558	0.00346	0.09450
1	0.00779	0.00600	0.00702	0.00714	0.00829	0.00591	0.00506	0.01023	0.07656	0.01488	0.08203	0.19056	0.26069	0.17386	0.11543	0.00357	0.00514	0.01042	0.00460	0.00481
2	0.00938	0.00871	0.03597	0.01015	0.01221	0.00845	0.08388	0.01368	0.13020	0.01777	0.18189	0.15626	0.16751	0.04157	0.00819	0.00210	0.06426	0.03714	0.00481	0.00588
3	0.05939	0.00657	0.00761	0.00720	0.00898	0.00624	0.00550	0.05116	0.01453	0.04488	0.37623	0.10235	0.24016	0.01191	0.00634	0.00184	0.00316	0.03497	0.00556	0.00543
4	0.04359	0.58514	0.04117	0.01084	0.01554	0.04626	0.04558	0.12464	0.01361	0.01697	0.00876	0.00992	0.00747	0.00507	0.00407	0.00132	0.00624	0.00348	0.00291	0.00742
5	0.60312	0.09082	0.02744	0.00943	0.01315	0.10142	0.05226	0.01709	0.01058	0.02184	0.00806	0.00951	0.00640	0.00514	0.00384	0.00164	0.00548	0.00330	0.00320	0.00629
6	0.01375	0.01341	0.04719	0.02405	0.35750	0.01347	0.14748	0.05896	0.06858	0.04130	0.05153	0.01577	0.01154	0.00616	0.00729	0.00181	0.10321	0.00557	0.00337	0.00805
7	0.08035	0.20516	0.01820	0.01265	0.01598	0.55097	0.01007	0.02041	0.01421	0.01427	0.00830	0.00966	0.00704	0.00544	0.00455	0.00139	0.00863	0.00339	0.00278	0.00655
8	0.00765	0.00567	0.00723	0.00688	0.00825	0.00525	0.00518	0.01004	0.01480	0.02054	0.61415	0.04195	0.15775	0.01360	0.05457	0.00220	0.00340	0.01002	0.00576	0.00513
9	0.00929	0.00641	0.00811	0.00841	0.00958	0.00643	0.00604	0.03172	0.10150	0.06355	0.10518	0.50099	0.03209	0.01640	0.06421	0.00260	0.00432	0.01236	0.00526	0.00555
10	0.01414	0.07278	0.29959	0.04159	0.06434	0.12650	0.05292	0.03958	0.01298	0.05980	0.01043	0.01206	0.00789	0.00517	0.00501	0.00150	0.00724	0.00411	0.00299	0.15936
11	0.04294	0.51353	0.14958	0.01196	0.01709	0.09883	0.06618	0.01739	0.01186	0.01457	0.00842	0.00991	0.00715	0.00493	0.00420	0.00137	0.00691	0.00348	0.00248	0.00720
12	0.00774	0.00566	0.00727	0.00687	0.00822	0.00518	0.00515	0.01027	0.01545	0.02167	0.71518	0.04225	0.10531	0.01152	0.00653	0.00175	0.00263	0.01014	0.00603	0.00518
13	0.01410	0.01208	0.01591	0.01472	0.07022	0.05653	0.01130	0.03959	0.01071	0.10753	0.01038	0.01403	0.00895	0.01215	0.09801	0.00291	0.48605	0.00499	0.00317	0.00668
14	0.04567	0.13522	0.23818	0.01304	0.01815	0.11899	0.03458	0.11563	0.05403	0.12943	0.01213	0.01279	0.00887	0.00591	0.00550	0.00164	0.03417	0.00436	0.00372	0.00799
15	0.00815	0.00599	0.00767	0.00719	0.00860	0.00568	0.00541	0.01145	0.05500	0.02226	0.72856	0.04028	0.05039	0.01112	0.00648	0.00175	0.00271	0.00982	0.00607	0.00541
16	0.00979	0.00941	0.01106	0.01166	0.05835	0.12122	0.07110	0.01129	0.01170	0.01461	0.02436	0.56775	0.02810	0.01376	0.00662	0.00206	0.00495	0.01248	0.00445	0.00530
17	0.06502	0.33714	0.02336	0.13893	0.30237	0.01656	0.01300	0.01635	0.01162	0.01584	0.00905	0.01161	0.00771	0.00496	0.00458	0.00149	0.00629	0.00401	0.00259	0.00752
18	0.01291	0.01207	0.02010	0.37379	0.25192	0.01342	0.09438	0.09586	0.01329	0.01795	0.01045	0.01422	0.00812	0.00552	0.00604	0.00179	0.03272	0.00510	0.00292	0.00743
19	0.00655	0.00561	0.00561	0.00561	0.00748	0.00468	0.00421	0.00795	0.01262	0.01496	0.05610	0.05330	0.76857	0.01403	0.00655	0.00187	0.00281	0.01169	0.00514	0.00468
20	0.01105	0.01645	0.28346	0.14871	0.22523	0.01137	0.01530	0.01495	0.01113	0.01583	0.01147	0.01701	0.00992	0.12600	0.05688	0.00272	0.00761	0.00516	0.00266	0.00709
21	0.01639	0.05375	0.12296	0.01829	0.21830	0.05865	0.03837	0.10849	0.08012	0.15525	0.04486	0.01560	0.01177	0.00616	0.00576	0.00169	0.02590	0.00514	0.00413	0.00841
22	0.00801	0.00553	0.00683	0.00683	0.00711	0.00580	0.00435	0.00856	0.00829	0.01133	0.01672	0.03222	0.01839	0.59330	0.23786	0.00635	0.00800	0.00747	0.00325	0.00380
23	0.02115	0.01336	0.01501	0.01164	0.01587	0.01416	0.00957	0.49849	0.05835	0.22795	0.01762	0.01664	0.03981	0.00703	0.00559	0.00169	0.00552	0.00546	0.00588	0.00921
24	0.01459	0.24434	0.31185	0.01390	0.01950	0.19292	0.05761	0.01891	0.04876	0.01565	0.00968	0.01114	0.00763	0.00529	0.00482	0.00153	0.00785	0.00390	0.00265	0.00746
25	0.06058	0.11413	0.01889	0.09929	0.22191	0.10256	0.01228	0.17027	0.01537	0.08645	0.01114	0.01284	0.00859	0.00578	0.00558	0.00163	0.03661	0.00449	0.00364	0.00796
26	0.00724	0.00564	0.00657	0.00633	0.00790	0.00497	0.00475	0.00928	0.01425	0.01883	0.43573	0.04694	0.38653	0.01258	0.00654	0.00180	0.00270	0.01080	0.00565	0.00497
27	0.01046	0.00984	0.01661	0.79205	0.03814	0.01230	0.01538	0.01415	0.01107	0.01415	0.00984	0.01477	0.00738	0.00554	0.00554	0.00185	0.00738	0.00492	0.00246	0.00615
28	0.01782	0.01925	0.09234	0.01623	0.12559	0.26555	0.01211	0.27934	0.01815	0.02224	0.01228	0.07051	0.01035	0.00675	0.00544	0.00164	0.00743	0.00522	0.00391	0.00786

[dist]
# distance from previous block
# <min> <max>
0	38

[block]
# block no. 4 follows, 43 sequences, length 42
# corresponding to MSA columns:
# 340-381
name=unknown_E
#
# <colnr> <probs for GDERKNQSTAVLIFYWHMCP>
#	G	D	E	R	K	N	Q	S	T	A	V	L	I	F	Y	W	H	M	C	P
0	0.84448	0.01071	0.00814	0.00728	0.01071	0.01242	0.00600	0.01628	0.00943	0.02485	0.00771	0.00900	0.00600	0.00514	0.00343	0.00171	0.00428	0.00300	0.00343	0.00600
1	0.01381	0.01840	0.21959	0.01681	0.14301	0.12465	0.04475	0.06249	0.17794	0.01956	0.06863	0.01734	0.03545	0.00652	0.00554	0.00172	0.00672	0.00544	0.00376	0.00788
2	0.00698	0.00564	0.00637	0.00649	0.00801	0.00509	0.00480	0.00876	0.02607	0.01554	0.12194	0.16280	0.49575	0.01677	0.08106	0.00259	0.00403	0.01148	0.00504	0.00481
3	0.01105	0.00990	0.01582	0.11484	0.37931	0.01014	0.01226	0.01440	0.04504	0.01790	0.15165	0.15583	0.02167	0.00843	0.00596	0.00180	0.00528	0.00779	0.00386	0.00707
4	0.33894	0.01113	0.01114	0.00951	0.01308	0.01225	0.00766	0.06747	0.26547	0.18531	0.01608	0.01530	0.01154	0.00640	0.00476	0.00177	0.00452	0.00477	0.00503	0.00787
5	0.01561	0.01006	0.01134	0.00941	0.01196	0.01099	0.00751	0.29512	0.01688	0.09371	0.01560	0.01821	0.01222	0.06596	0.04059	0.00217	0.06463	0.00535	0.28556	0.00710
6	0.01436	0.18301	0.01852	0.02944	0.18391	0.03140	0.01093	0.06672	0.34543	0.02005	0.01626	0.01647	0.02723	0.00635	0.00515	0.00165	0.00544	0.00521	0.00416	0.00828
7	0.56637	0.01601	0.01069	0.00964	0.01287	0.27262	0.00759	0.01825	0.01154	0.02104	0.00800	0.00933	0.00638	0.00533	0.00396	0.00162	0.00621	0.00319	0.00323	0.00614
8	0.01376	0.01352	0.05029	0.02728	0.54084	0.01338	0.01499	0.03429	0.19615	0.01964	0.01342	0.01532	0.01071	0.00561	0.00551	0.00171	0.00610	0.00523	0.00349	0.00876
9	0.01231	0.01106	0.01579	0.01985	0.35230	0.01054	0.01125	0.04714	0.08167	0.01892	0.03645	0.02008	0.11851	0.00648	0.00533	0.00149	0.00510	0.00573	0.00368	0.21631
10	0.00755	0.00516	0.00619	0.00669	0.00681	0.00503	0.00405	0.00792	0.00904	0.01206	0.02252	0.33329	0.02654	0.49958	0.01999	0.00416	0.00453	0.01104	0.00405	0.00380
11	0.01362	0.25883	0.02167	0.02047	0.34955	0.01538	0.01237	0.01850	0.14037	0.01770	0.06879	0.01549	0.01293	0.00580	0.00499	0.00155	0.00570	0.00493	0.00337	0.00799
12	0.01908	0.16771	0.01810	0.01278	0.01636	0.40446	0.01027	0.18503	0.08137	0.01906	0.01066	0.01144	0.00848	0.00589	0.00490	0.00147	0.00788	0.00400	0.00360	0.00742
13	0.00729	0.00539	0.00675	0.00692	0.00798	0.00491	0.00495	0.00910	0.01332	0.01807	0.39267	0.27438	0.17027	0.04315	0.00750	0.00205	0.00293	0.01197	0.00554	0.00484
14	0.00668	0.00544	0.00591	0.00616	0.00766	0.00468	0.00448	0.00808	0.01241	0.01531	0.10181	0.21257	0.56047	0.01454	0.00666	0.00194	0.00288	0.01244	0.00521	0.00468
15	0.01198	0.00676	0.00693	0.00633	0.00811	0.00702	0.00490	0.12724	0.01384	0.02285	0.01733	0.01951	0.01346	0.00648	0.00413	0.00135	0.00312	0.00513	0.70768	0.00582
16	0.00668	0.00562	0.00580	0.00575	0.00756	0.00473	0.00431	0.00821	0.01294	0.01571	0.12993	0.05206	0.69428	0.01375	0.00654	0.00186	0.00279	0.01152	0.00524	0.00473
17	0.84448	0.01071	0.00814	0.00728	0.01071	0.01242	0.00600	0.01628	0.00943	0.02485	0.00771	0.00900	0.00600	0.00514	0.00343	0.00171	0.00428	0.00300	0.00343	0.00600
18	0.00655	0.00561	0.00561	0.00561	0.00748	0.00468	0.00421	0.00795	0.01262	0.01496	0.05610	0.05330	0.76857	0.01403	0.00655	0.00187	0.00281	0.01169	0.00514	0.00468
19	0.84448	0.01071	0.00814	0.00728	0.01071	0.01242	0.00600	0.01628	0.00943	0.02485	0.00771	0.00900	0.00600	0.00514	0.00343	0.00171	0.00428	0.00300	0.00343	0.00600
20	0.84448	0.01071	0.00814	0.00728	0.01071	0.01242	0.00600	0.01628	0.00943	0.02485	0.00771	0.00900	0.00600	0.00514	0.00343	0.00171	0.00428	0.00300	0.00343	0.00600
21	0.02105	0.01551	0.01662	0.01274	0.01717	0.01717	0.01053	0.75235	0.02604	0.03490	0.01330	0.01330	0.00942	0.00665	0.00554	0.00166	0.00609	0.00499	0.00554	0.00942
22	0.00793	0.00585	0.00850	0.00850	0.00935	0.00670	0.00642	0.00963	0.00878	0.01256	0.01520	0.02380	0.01473	0.14916	0.67700	0.00840	0.01350	0.00623	0.00302	0.00472
23	0.00675	0.00482	0.00643	0.00771	0.00803	0.00450	0.00514	0.00771	0.01060	0.01414	0.03053	0.80175	0.03663	0.01735	0.00707	0.00225	0.00321	0.01574	0.00514	0.00450
24	0.80222	0.01064	0.00838	0.00742	0.01089	0.01220	0.00611	0.01683	0.00976	0.06351	0.00844	0.00950	0.00640	0.00523	0.00354	0.00171	0.00431	0.00313	0.00360	0.00617
25	0.01427	0.01145	0.01231	0.01055	0.01397	0.01245	0.00831	0.11894	0.48500	0.05527	0.02310	0.02171	0.08505	0.00762	0.00554	0.00173	0.00444	0.00626	0.00538	0.09666
26	0.01320	0.02233	0.51228	0.01470	0.02128	0.01188	0.07045	0.06226	0.01309	0.11374	0.01355	0.08237	0.01071	0.00657	0.00557	0.00180	0.00727	0.00554	0.00338	0.00804
27	0.00805	0.00537	0.00604	0.00604	0.00604	0.00537	0.00336	0.00805	0.00805	0.01074	0.01745	0.03624	0.02013	0.80536	0.02819	0.00537	0.00537	0.00805	0.00336	0.00336
28	0.00997	0.00675	0.00848	0.00781	0.00955	0.00655	0.00593	0.01417	0.11320	0.08418	0.57034	0.07600	0.04362	0.01076	0.00636	0.00178	0.00305	0.00945	0.00605	0.00600
29	0.01220	0.00867	0.01145	0.01026	0.01202	0.01000	0.00818	0.06603	0.10377	0.10759	0.08450	0.02102	0.01642	0.02316	0.35278	0.00503	0.13027	0.00607	0.00414	0.00645
30	0.01116	0.07127	0.55121	0.01494	0.02165	0.01267	0.07806	0.01695	0.03924	0.01727	0.03340	0.05022	0.01047	0.00754	0.03843	0.00206	0.00789	0.00510	0.00277	0.00769
31	0.02450	0.00998	0.01320	0.01012	0.01442	0.00897	0.00836	0.09359	0.01679	0.70673	0.02106	0.01834	0.01332	0.00684	0.00557	0.00171	0.00484	0.00552	0.00673	0.00942
32	0.00757	0.00532	0.00697	0.00797	0.00846	0.00515	0.00570	0.00872	0.01059	0.01402	0.02743	0.45372	0.03192	0.18544	0.01173	0.00299	0.00414	0.19299	0.00475	0.00440
33	0.01366	0.01053	0.01577	0.18201	0.26123	0.04137	0.01270	0.01654	0.01272	0.13342	0.01630	0.02549	0.01443	0.00982	0.05294	0.00232	0.00678	0.16092	0.00384	0.00721
34	0.13185	0.00926	0.01072	0.00939	0.01210	0.00997	0.00738	0.05689	0.18693	0.19871	0.01745	0.01987	0.01375	0.08597	0.20114	0.00386	0.00723	0.00565	0.00474	0.00714
35	0.01141	0.09458	0.14080	0.01098	0.01412	0.03973	0.01018	0.07588	0.09110	0.01661	0.01361	0.01733	0.01160	0.02330	0.38378	0.00518	0.02482	0.00517	0.00328	0.00656
36	0.13700	0.01037	0.04589	0.02838	0.06283	0.01044	0.05421	0.08738	0.01204	0.01879	0.03952	0.01922	0.01274	0.01801	0.25772	0.00405	0.04862	0.04907	0.00347	0.08024
37	0.01211	0.01212	0.07677	0.01087	0.01374	0.07279	0.02486	0.11339	0.06778	0.01817	0.04587	0.04680	0.01390	0.04144	0.26363	0.00412	0.04308	0.00572	0.00368	0.10917
38	0.10919	0.01512	0.01284	0.01084	0.01433	0.27025	0.00854	0.02344	0.04126	0.36593	0.01566	0.01499	0.01081	0.00628	0.00505	0.00160	0.00631	0.00462	0.05518	0.00777
39	0.01415	0.01227	0.07108	0.20549	0.16045	0.02763	0.01249	0.11947	0.04928	0.10371	0.01516	0.05508	0.01292	0.05582	0.00711	0.00204	0.00625	0.05823	0.00395	0.00742
40	0.04086	0.01691	0.27373	0.09253	0.05825	0.05762	0.04039	0.01703	0.10685	0.01826	0.10440	0.02258	0.07080	0.00748	0.00569	0.00181	0.00633	0.04771	0.00368	0.00709
41	0.01509	0.01098	0.05837	0.01394	0.11205	0.03149	0.07386	0.04472	0.01403	0.24439	0.09338	0.12686	0.08940	0.00889	0.00645	0.00183	0.03422	0.00774	0.00492	0.00738

[dist]
# distance from previous block
# <min> <max>
5	54

[block]
# block no. 5 follows, 43 sequences, length 58
# corresponding to MSA columns:
# 438-495
name=unknown_F
#
# <colnr> <probs for GDERKNQSTAVLIFYWHMCP>
#	G	D	E	R	K	N	Q	S	T	A	V	L	I	F	Y	W	H	M	C	P
0	0.00698	0.00540	0.00637	0.00661	0.00787	0.00478	0.00477	0.00861	0.01293	0.01683	0.25598	0.26644	0.34813	0.01420	0.00669	0.00194	0.00287	0.01238	0.00542	0.00478
1	0.01047	0.00992	0.01595	0.60718	0.04722	0.01241	0.01411	0.01362	0.01085	0.01417	0.01297	0.01727	0.06464	0.00675	0.00741	0.00193	0.11898	0.00542	0.00266	0.00608
2	0.00805	0.00537	0.00604	0.00604	0.00604	0.00537	0.00336	0.00805	0.00805	0.01074	0.01745	0.03624	0.02013	0.80536	0.02819	0.00537	0.00537	0.00805	0.00336	0.00336
3	0.00675	0.00482	0.00643	0.00771	0.00803	0.00450	0.00514	0.00771	0.01060	0.01414	0.03053	0.80175	0.03663	0.01735	0.00707	0.00225	0.00321	0.01574	0.00514	0.00450
4	0.02407	0.01067	0.01362	0.01044	0.01476	0.00999	0.00863	0.17527	0.01793	0.62343	0.02010	0.01772	0.01283	0.00681	0.00556	0.00170	0.00500	0.00545	0.00659	0.00942
5	0.02069	0.02640	0.01569	0.01427	0.01712	0.78313	0.01070	0.02212	0.01569	0.01355	0.00856	0.00999	0.00713	0.00571	0.00499	0.00143	0.00999	0.00357	0.00285	0.00642
6	0.00768	0.00565	0.00718	0.00680	0.00818	0.00516	0.00510	0.01014	0.01530	0.02131	0.67990	0.04284	0.14081	0.01166	0.00653	0.00176	0.00264	0.01022	0.00598	0.00516
7	0.01481	0.80869	0.02902	0.00948	0.01421	0.02191	0.00948	0.01658	0.01125	0.01303	0.00770	0.00888	0.00711	0.00474	0.00355	0.00118	0.00592	0.00296	0.00237	0.00711
8	0.01148	0.00984	0.01148	0.00820	0.01312	0.00738	0.00656	0.01395	0.01148	0.01805	0.00984	0.01148	0.00820	0.00410	0.00410	0.00082	0.00410	0.00328	0.00328	0.83922
9	0.01729	0.01475	0.01219	0.01059	0.01353	0.27667	0.00820	0.07488	0.05125	0.19254	0.12806	0.02409	0.13599	0.00824	0.00566	0.00165	0.00603	0.00646	0.00493	0.00701
10	0.12508	0.59955	0.02464	0.00961	0.01414	0.02004	0.00916	0.11289	0.01295	0.01745	0.00843	0.00948	0.00726	0.00504	0.00380	0.00132	0.00573	0.00323	0.00292	0.00726
11	0.00784	0.00588	0.00682	0.00669	0.00795	0.00546	0.00476	0.03906	0.01308	0.01725	0.27250	0.14287	0.28099	0.15191	0.01036	0.00248	0.00338	0.01077	0.00515	0.00479
12	0.01460	0.01487	0.01455	0.29552	0.05842	0.27790	0.01144	0.01666	0.01263	0.05805	0.01254	0.01610	0.04148	0.03645	0.03228	0.06463	0.00787	0.00492	0.00303	0.00608
13	0.01068	0.00915	0.01322	0.44072	0.02568	0.01053	0.01127	0.10883	0.01315	0.01689	0.02088	0.10611	0.14456	0.03669	0.00668	0.00199	0.00590	0.00738	0.00365	0.00605
14	0.02021	0.00895	0.01149	0.00921	0.01280	0.00817	0.00747	0.04670	0.07169	0.52865	0.08785	0.02345	0.07419	0.00780	0.00563	0.00171	0.00428	0.00642	0.05492	0.00841
15	0.01108	0.01167	0.11870	0.00993	0.01315	0.00993	0.00880	0.01952	0.33404	0.04299	0.15295	0.06082	0.16457	0.00945	0.00596	0.00185	0.00429	0.00798	0.00517	0.00716
16	0.01324	0.07476	0.22033	0.09809	0.02179	0.01454	0.12491	0.14390	0.01359	0.01889	0.01052	0.01344	0.00827	0.00894	0.06866	0.00239	0.12841	0.00488	0.00304	0.00742
17	0.36693	0.09011	0.13634	0.01113	0.01525	0.26502	0.01018	0.01842	0.01200	0.01893	0.00835	0.00974	0.00663	0.00531	0.00425	0.00158	0.00692	0.00336	0.00297	0.00659
18	0.00693	0.00505	0.00622	0.00708	0.00761	0.00467	0.00469	0.00781	0.01054	0.01373	0.03280	0.54783	0.16013	0.14533	0.01042	0.00269	0.00349	0.01379	0.00485	0.00434
19	0.01469	0.52122	0.06040	0.01150	0.03563	0.10309	0.01048	0.01665	0.01143	0.01379	0.00834	0.01020	0.00746	0.00563	0.00588	0.00143	0.11541	0.00349	0.03639	0.00691
20	0.01394	0.01155	0.01902	0.01368	0.01875	0.00979	0.26464	0.01712	0.01266	0.12570	0.01203	0.01373	0.00906	0.00469	0.00515	0.00131	0.00600	0.00473	0.00362	0.43282
21	0.01452	0.02161	0.28820	0.01355	0.01828	0.22696	0.01337	0.04383	0.20483	0.01802	0.01330	0.01458	0.01028	0.02218	0.05056	0.00217	0.00798	0.00471	0.00348	0.00761
22	0.01264	0.17469	0.19221	0.21792	0.04610	0.01486	0.01361	0.03417	0.20463	0.01756	0.01279	0.01434	0.00978	0.00583	0.00510	0.00169	0.00645	0.00469	0.00330	0.00763
23	0.01433	0.01217	0.01283	0.01138	0.01461	0.01403	0.00890	0.08406	0.70528	0.02405	0.02184	0.02011	0.01634	0.00745	0.00563	0.00186	0.00451	0.00617	0.00563	0.00882
24	0.00718	0.00513	0.00693	0.00821	0.00872	0.00487	0.00590	0.00847	0.01103	0.01463	0.03028	0.65365	0.03568	0.01694	0.00719	0.00231	0.00359	0.15954	0.00513	0.00462
25	0.00931	0.00602	0.00767	0.00705	0.00873	0.00543	0.00536	0.01169	0.01523	0.09481	0.58724	0.04097	0.15674	0.01129	0.00644	0.00176	0.00285	0.00983	0.00603	0.00555
26	0.00706	0.00563	0.00633	0.00615	0.00780	0.00490	0.00461	0.00895	0.01384	0.01786	0.34029	0.04854	0.48257	0.01295	0.00654	0.00182	0.00273	0.01102	0.00552	0.00490
27	0.00690	0.00562	0.00610	0.00598	0.00770	0.00483	0.00449	0.00863	0.01346	0.01694	0.25013	0.05005	0.57331	0.01329	0.00654	0.00184	0.00275	0.01123	0.00540	0.00483
28	0.00838	0.00659	0.00700	0.00667	0.00874	0.00607	0.00507	0.01180	0.11105	0.04775	0.12588	0.04636	0.56335	0.01259	0.00639	0.00185	0.00307	0.01055	0.00538	0.00546
29	0.02105	0.01551	0.01662	0.01274	0.01717	0.01717	0.01053	0.75235	0.02604	0.03490	0.01330	0.01330	0.00942	0.00665	0.00554	0.00166	0.00609	0.00499	0.00554	0.00942
30	0.01371	0.01316	0.02248	0.03399	0.77081	0.01316	0.01700	0.01700	0.01261	0.01809	0.01042	0.01371	0.00877	0.00493	0.00548	0.00164	0.00658	0.00493	0.00274	0.00877
31	0.01378	0.01190	0.01252	0.01127	0.01440	0.01378	0.00877	0.02943	0.76081	0.02317	0.02254	0.02066	0.01691	0.00751	0.00564	0.00188	0.00438	0.00626	0.00564	0.00877
32	0.00805	0.00537	0.00604	0.00604	0.00604	0.00537	0.00336	0.00805	0.00805	0.01074	0.01745	0.03624	0.02013	0.80536	0.02819	0.00537	0.00537	0.00805	0.00336	0.00336
33	0.01418	0.01210	0.01275	0.01135	0.01456	0.01396	0.00886	0.06946	0.72012	0.02382	0.02203	0.02026	0.01649	0.00747	0.00563	0.00187	0.00448	0.00619	0.00563	0.00880
34	0.01378	0.01190	0.01252	0.01127	0.01440	0.01378	0.00877	0.02943	0.76081	0.02317	0.02254	0.02066	0.01691	0.00751	0.00564	0.00188	0.00438	0.00626	0.00564	0.00877
35	0.02071	0.00857	0.01168	0.00955	0.01308	0.00756	0.00789	0.02296	0.01542	0.58453	0.11291	0.02728	0.02074	0.00850	0.00596	0.00183	0.00451	0.10143	0.00653	0.00835
36	0.01111	0.02865	0.77667	0.01579	0.02397	0.01286	0.02046	0.01754	0.01169	0.01754	0.00994	0.01169	0.00702	0.00526	0.00526	0.00175	0.00818	0.00409	0.00234	0.00818
37	0.01378	0.01190	0.01252	0.01127	0.01440	0.01378	0.00877	0.02943	0.76081	0.02317	0.02254	0.02066	0.01691	0.00751	0.00564	0.00188	0.00438	0.00626	0.00564	0.00877
38	0.00798	0.00601	0.00764	0.00850	0.00990	0.00567	0.00708	0.01003	0.01255	0.01586	0.03826	0.11457	0.27555	0.01503	0.00724	0.00230	0.00420	0.44159	0.00512	0.00491
39	0.00877	0.00710	0.01077	0.04727	0.17787	0.00702	0.00876	0.01060	0.01139	0.01538	0.02503	0.48373	0.02853	0.01380	0.00674	0.00214	0.00442	0.12059	0.00449	0.00560
40	0.02069	0.02640	0.01569	0.01427	0.01712	0.78313	0.01070	0.02212	0.01569	0.01355	0.00856	0.00999	0.00713	0.00571	0.00499	0.00143	0.00999	0.00357	0.00285	0.00642
41	0.06995	0.00996	0.01288	0.00993	0.01418	0.00906	0.00820	0.08122	0.01627	0.67722	0.02042	0.01789	0.01296	0.00674	0.00545	0.00171	0.00479	0.00538	0.00657	0.00923
42	0.04644	0.01032	0.01536	0.34470	0.20244	0.04422	0.01275	0.01407	0.01159	0.01585	0.05744	0.04552	0.03518	0.01111	0.10742	0.00271	0.00758	0.00581	0.00304	0.00646
43	0.01748	0.01283	0.01399	0.01153	0.01519	0.01414	0.00933	0.37215	0.27824	0.08475	0.04082	0.02038	0.03758	0.00769	0.00572	0.00179	0.00516	0.03684	0.00566	0.00874
44	0.00827	0.00576	0.00675	0.00663	0.00826	0.00510	0.00499	0.01011	0.01343	0.06219	0.25534	0.13396	0.37336	0.01292	0.00647	0.00187	0.00298	0.03506	0.04146	0.00513
45	0.01205	0.01140	0.01929	0.36020	0.42143	0.01245	0.01579	0.01548	0.01208	0.01657	0.04293	0.01536	0.01005	0.00547	0.00555	0.00174	0.00675	0.00515	0.00277	0.00749
46	0.01438	0.10454	0.21349	0.03887	0.13432	0.12030	0.13901	0.02995	0.01265	0.04864	0.01009	0.01246	0.00790	0.00565	0.00657	0.00171	0.08444	0.00461	0.00281	0.00761
47	0.00962	0.00481	0.00722	0.00722	0.00722	0.00481	0.00481	0.00722	0.00722	0.00962	0.00962	0.01684	0.00962	0.01924	0.02165	0.83886	0.00481	0.00481	0.00241	0.00241
48	0.00693	0.00496	0.00664	0.00771	0.00811	0.00474	0.00521	0.00800	0.01059	0.01425	0.05892	0.68541	0.03498	0.04676	0.06585	0.00284	0.00413	0.01451	0.00495	0.00452
49	0.01388	0.01164	0.01599	0.02959	0.18498	0.02762	0.05447	0.18972	0.05643	0.04158	0.01685	0.21359	0.01633	0.00920	0.00731	0.00191	0.08941	0.00783	0.00425	0.00741
50	0.01247	0.20078	0.04964	0.01381	0.11795	0.06629	0.03257	0.07770	0.01275	0.01640	0.01671	0.28521	0.01781	0.00963	0.00618	0.00178	0.04388	0.00813	0.00370	0.00659
51	0.06408	0.01573	0.01711	0.01998	0.27674	0.21969	0.01235	0.05229	0.01319	0.04589	0.02590	0.01348	0.00941	0.00863	0.05958	0.00220	0.12867	0.00464	0.00314	0.00729
52	0.00683	0.00553	0.00636	0.00659	0.00802	0.00505	0.00487	0.00826	0.01158	0.01443	0.04395	0.18237	0.49872	0.01966	0.14868	0.00322	0.00508	0.01137	0.00474	0.00469
53	0.04467	0.01457	0.09367	0.02407	0.43265	0.04969	0.01444	0.04062	0.01316	0.12016	0.01164	0.01364	0.00901	0.00548	0.00584	0.00164	0.03999	0.00470	0.00339	0.05696
54	0.15717	0.35008	0.02022	0.01178	0.05626	0.17655	0.00956	0.09554	0.01341	0.01774	0.00892	0.01039	0.00754	0.00672	0.03591	0.00172	0.00691	0.00354	0.00303	0.00703
55	0.01305	0.25142	0.22587	0.01340	0.08617	0.05282	0.01239	0.01690	0.04224	0.01627	0.00990	0.01178	0.00815	0.02101	0.00497	0.00142	0.00631	0.00379	0.00278	0.19935
56	0.02812	0.11411	0.24920	0.01569	0.10142	0.10914	0.03779	0.15767	0.04365	0.03364	0.02665	0.01282	0.00919	0.00566	0.00513	0.00159	0.00709	0.00442	0.00340	0.03361
57	0.01513	0.19569	0.05531	0.07781	0.14432	0.08395	0.03807	0.05072	0.01321	0.12346	0.01395	0.11614	0.01239	0.00697	0.00521	0.00162	0.00619	0.00584	0.00367	0.03039

[dist]
# distance from previous block
# <min> <max>
0	5

[block]
# block no. 6 follows, 43 sequences, length 73
# corresponding to MSA columns:
# 561-633
name=unknown_G
#
# <colnr> <probs for GDERKNQSTAVLIFYWHMCP>
#	G	D	E	R	K	N	Q	S	T	A	V	L	I	F	Y	W	H	M	C	P
0	0.00731	0.00534	0.00677	0.00739	0.00808	0.00510	0.00507	0.00896	0.03348	0.01543	0.15590	0.47721	0.09277	0.10201	0.04001	0.00272	0.00381	0.01295	0.00504	0.00466
1	0.24724	0.01395	0.01375	0.03419	0.01558	0.04864	0.00914	0.44469	0.01973	0.05953	0.01193	0.01245	0.00863	0.00616	0.00489	0.00166	0.00565	0.00440	0.02968	0.00812
2	0.01479	0.05261	0.01977	0.06986	0.48341	0.04170	0.01420	0.04182	0.01311	0.09945	0.01273	0.06517	0.01087	0.00620	0.00586	0.00170	0.02962	0.00555	0.00340	0.00818
3	0.01212	0.01212	0.01696	0.01454	0.01454	0.01696	0.01212	0.01333	0.00848	0.01333	0.00727	0.01212	0.00727	0.00969	0.01818	0.00242	0.79523	0.00485	0.00242	0.00606
4	0.00788	0.00556	0.00737	0.00841	0.00905	0.00543	0.00634	0.00931	0.01099	0.01448	0.02756	0.35658	0.03158	0.16557	0.01130	0.00296	0.00439	0.30593	0.00479	0.00453
5	0.01107	0.00599	0.00737	0.00680	0.00847	0.00572	0.00522	0.01355	0.01356	0.12051	0.31542	0.02871	0.02918	0.01129	0.06852	0.00214	0.00387	0.00720	0.32965	0.00573
6	0.02485	0.00943	0.01285	0.00985	0.01414	0.00814	0.00814	0.02699	0.01585	0.77465	0.02185	0.01885	0.01371	0.00685	0.00557	0.00171	0.00471	0.00557	0.00685	0.00943
7	0.00740	0.00564	0.00680	0.00651	0.00801	0.00504	0.00488	0.00961	0.01465	0.01976	0.52735	0.04540	0.29433	0.01224	0.00654	0.00179	0.00268	0.01058	0.00577	0.00504
8	0.02046	0.01522	0.01629	0.01262	0.01695	0.01690	0.01038	0.69358	0.08577	0.03395	0.01405	0.01390	0.01003	0.00672	0.00555	0.00168	0.00596	0.00509	0.00555	0.00937
