[name]
unknown

[dist]
# distance from previous block
# <min> <max>
0	34

[block]
# block no. 0 follows, 45 sequences, length 37
# corresponding to MSA columns:
# 34-70
name=unknown_A
#
# <colnr> <probs for GDERKNQSTAVLIFYWHMCP>
#	G	D	E	R	K	N	Q	S	T	A	V	L	I	F	Y	W	H	M	C	P
0	0.01043	0.00795	0.01163	0.09024	0.12372	0.00824	0.01020	0.01404	0.06817	0.04983	0.05165	0.04366	0.02429	0.01141	0.00664	0.00217	0.00521	0.45002	0.00451	0.00600
1	0.01340	0.01167	0.01680	0.19144	0.27987	0.01191	0.01242	0.15547	0.01408	0.01976	0.01036	0.01290	0.00819	0.00502	0.00500	0.00144	0.00586	0.00439	0.00324	0.21678
2	0.01177	0.00995	0.01471	0.25906	0.16447	0.01083	0.03584	0.04789	0.13561	0.05308	0.08314	0.02169	0.09950	0.00707	0.00557	0.00173	0.00544	0.00623	0.01951	0.00692
3	0.00721	0.00559	0.00724	0.00724	0.00841	0.00580	0.00545	0.00875	0.00983	0.01299	0.02878	0.03323	0.28381	0.10318	0.44108	0.00589	0.00939	0.00792	0.00366	0.00456
4	0.01792	0.01358	0.01432	0.01129	0.01498	0.03974	0.00920	0.59415	0.02289	0.03053	0.12544	0.01842	0.04825	0.00738	0.00553	0.00162	0.00540	0.00578	0.00535	0.00824
5	0.00760	0.00549	0.00718	0.00675	0.00802	0.00506	0.00506	0.01013	0.01519	0.02153	0.77503	0.04010	0.05065	0.01097	0.00633	0.00169	0.00253	0.00971	0.00591	0.00506
6	0.73399	0.01103	0.00903	0.00780	0.01125	0.01268	0.00642	0.11928	0.01137	0.02544	0.00823	0.00930	0.00627	0.00519	0.00361	0.00165	0.00440	0.00317	0.00361	0.00627
7	0.00811	0.00518	0.00574	0.00574	0.00591	0.00518	0.00332	0.00846	0.00829	0.01174	0.01700	0.03303	0.01871	0.69938	0.02404	0.00465	0.00483	0.00742	0.11979	0.00350
8	0.01267	0.01094	0.01149	0.01039	0.01331	0.01249	0.00807	0.02650	0.69472	0.02168	0.02501	0.02310	0.09016	0.00790	0.00555	0.00182	0.00410	0.00658	0.00542	0.00811
9	0.00665	0.00545	0.00586	0.00576	0.00744	0.00466	0.00432	0.00830	0.01296	0.01622	0.23038	0.04884	0.59862	0.01295	0.00634	0.00178	0.00267	0.01093	0.00521	0.00466
10	0.01030	0.00961	0.01361	0.01210	0.01241	0.01296	0.00988	0.01170	0.00835	0.01271	0.00970	0.01537	0.00944	0.03760	0.27396	0.00449	0.52269	0.00512	0.00254	0.00546
11	0.01298	0.02473	0.63828	0.01444	0.02167	0.01232	0.01777	0.07848	0.01290	0.10044	0.01114	0.01220	0.00769	0.00538	0.00515	0.00169	0.00741	0.00419	0.00299	0.00816
12	0.17985	0.00937	0.01159	0.00908	0.01308	0.00867	0.00750	0.02420	0.01419	0.63860	0.01859	0.01647	0.01188	0.00633	0.00501	0.00166	0.00449	0.00493	0.00602	0.00851
13	0.01073	0.01071	0.02069	0.01894	0.16221	0.01019	0.34536	0.01386	0.01220	0.01679	0.10374	0.18544	0.01933	0.03605	0.00698	0.00195	0.00640	0.00837	0.00357	0.00648
14	0.10581	0.01650	0.01194	0.01118	0.02613	0.38875	0.00818	0.03414	0.04004	0.07752	0.01379	0.12461	0.01310	0.09639	0.00753	0.00199	0.00693	0.00582	0.00365	0.00601
15	0.00865	0.00642	0.00777	0.00763	0.00896	0.00596	0.00530	0.06724	0.01112	0.01530	0.02245	0.46313	0.02570	0.16378	0.01011	0.00247	0.00387	0.01096	0.00438	0.14881
16	0.04691	0.01458	0.23683	0.01340	0.06553	0.00996	0.11516	0.06446	0.01357	0.03554	0.20407	0.02432	0.11753	0.00766	0.00570	0.00171	0.00562	0.00675	0.00395	0.00674
17	0.01117	0.00882	0.01232	0.09875	0.01535	0.00922	0.08473	0.01738	0.22756	0.07786	0.24050	0.05580	0.08415	0.02448	0.00634	0.00184	0.00445	0.00773	0.00496	0.00657
18	0.01216	0.11995	0.28374	0.06618	0.04681	0.04583	0.04738	0.04320	0.01198	0.01685	0.02567	0.01196	0.00828	0.00500	0.00495	0.00140	0.02146	0.00397	0.00276	0.22047
19	0.10068	0.31570	0.01964	0.08665	0.10276	0.17335	0.01021	0.04861	0.01264	0.01609	0.06024	0.01222	0.01005	0.00543	0.00439	0.00142	0.00637	0.00394	0.00292	0.00671
20	0.33013	0.01204	0.01814	0.05416	0.31329	0.01260	0.15241	0.01623	0.01107	0.01979	0.00922	0.01182	0.00736	0.00484	0.00475	0.00167	0.00607	0.00436	0.00291	0.00713
21	0.01667	0.01376	0.08718	0.10187	0.05191	0.06276	0.08192	0.13401	0.12747	0.21169	0.03010	0.01623	0.01156	0.02135	0.00585	0.00176	0.00614	0.00527	0.00451	0.00798
22	0.00951	0.00782	0.00940	0.00778	0.01097	0.00617	0.00587	0.01138	0.01083	0.01615	0.01664	0.29315	0.01770	0.00852	0.00499	0.00129	0.00367	0.00746	0.00382	0.54690
23	0.00671	0.00518	0.00612	0.00647	0.00762	0.00460	0.00463	0.00819	0.01223	0.01586	0.21430	0.31662	0.34396	0.01412	0.00652	0.00191	0.00282	0.01234	0.00520	0.00460
24	0.01496	0.72989	0.02674	0.00968	0.01408	0.10374	0.00931	0.01665	0.01137	0.01268	0.00755	0.00873	0.00689	0.00469	0.00359	0.00117	0.00616	0.00293	0.00235	0.00682
25	0.01113	0.00954	0.01113	0.00795	0.01272	0.00716	0.00636	0.01352	0.01113	0.01749	0.00954	0.01113	0.00795	0.00398	0.00398	0.00080	0.00398	0.00318	0.00318	0.84417
26	0.00654	0.00467	0.00623	0.00747	0.00779	0.00436	0.00498	0.00747	0.01028	0.01370	0.02959	0.80785	0.03550	0.01682	0.00685	0.00218	0.00311	0.01526	0.00498	0.00436
27	0.00760	0.00549	0.00718	0.00675	0.00802	0.00506	0.00506	0.01013	0.01519	0.02153	0.77503	0.04010	0.05065	0.01097	0.00633	0.00169	0.00253	0.00971	0.00591	0.00506
28	0.00736	0.00548	0.00685	0.00651	0.00788	0.00497	0.00488	0.00968	0.01464	0.02022	0.64077	0.04225	0.18573	0.01146	0.00633	0.00171	0.00257	0.01001	0.00574	0.00497
29	0.00774	0.00558	0.00738	0.00719	0.00845	0.00522	0.00556	0.01027	0.01480	0.02077	0.67119	0.04294	0.04790	0.01151	0.00648	0.00180	0.00287	0.11152	0.00577	0.00505
30	0.01028	0.00969	0.01636	0.76404	0.07027	0.01196	0.01498	0.01384	0.01080	0.01389	0.00957	0.01427	0.00722	0.00534	0.00536	0.00178	0.00712	0.00477	0.00240	0.00608
31	0.01001	0.00500	0.00500	0.00500	0.00625	0.00500	0.00375	0.01251	0.01126	0.02001	0.01751	0.02001	0.01376	0.00625	0.00375	0.00125	0.00250	0.00500	0.84115	0.00500
32	0.01030	0.00587	0.00612	0.00581	0.00700	0.00600	0.00415	0.07219	0.01153	0.01874	0.01699	0.02321	0.01482	0.20736	0.00977	0.00227	0.00345	0.00569	0.56382	0.00490
33	0.46308	0.14112	0.01332	0.00948	0.01283	0.25295	0.00775	0.01757	0.01128	0.01892	0.00773	0.00900	0.00632	0.00509	0.00381	0.00149	0.00610	0.00307	0.00299	0.00611
34	0.01401	0.01626	0.11158	0.32832	0.08445	0.17230	0.02663	0.11872	0.01377	0.01710	0.00972	0.01262	0.00745	0.00562	0.00574	0.00168	0.03982	0.00444	0.00288	0.00691
35	0.01066	0.02644	0.73075	0.01507	0.02264	0.01215	0.03587	0.01669	0.01154	0.01721	0.04492	0.01273	0.00885	0.00536	0.00518	0.00170	0.00771	0.00428	0.00244	0.00779
36	0.00803	0.00619	0.00922	0.11804	0.01280	0.00720	0.00730	0.00988	0.00879	0.01231	0.01411	0.02238	0.01352	0.15830	0.55937	0.00713	0.01191	0.00594	0.00287	0.00471

[dist]
# distance from previous block
# <min> <max>
0	15

[block]
# block no. 1 follows, 45 sequences, length 86
# corresponding to MSA columns:
# 86-171
name=unknown_B
#
# <colnr> <probs for GDERKNQSTAVLIFYWHMCP>
#	G	D	E	R	K	N	Q	S	T	A	V	L	I	F	Y	W	H	M	C	P
0	0.01077	0.02777	0.78354	0.01530	0.02323	0.01247	0.01983	0.01700	0.01133	0.01700	0.00963	0.01133	0.00680	0.00510	0.00510	0.00170	0.00793	0.00397	0.00227	0.00793
1	0.06183	0.01453	0.01539	0.01197	0.01612	0.01616	0.00985	0.66666	0.08093	0.03247	0.01330	0.01322	0.00951	0.00643	0.00527	0.00163	0.00569	0.00483	0.00527	0.00891
2	0.01073	0.00974	0.01226	0.01092	0.01126	0.04711	0.00862	0.01188	0.00880	0.01308	0.01093	0.01825	0.01093	0.17788	0.09398	0.00340	0.44208	0.00542	0.08758	0.00515
3	0.01387	0.01151	0.01310	0.01093	0.01374	0.10272	0.07975	0.07704	0.14189	0.12339	0.09582	0.02584	0.18737	0.00859	0.00669	0.00176	0.06743	0.00702	0.00472	0.00682
4	0.00932	0.00466	0.00699	0.00699	0.00699	0.00466	0.00466	0.00699	0.00699	0.00932	0.00932	0.01632	0.00932	0.01865	0.02098	0.84382	0.00466	0.00466	0.00233	0.00233
5	0.01618	0.21547	0.01718	0.01131	0.01466	0.29406	0.00916	0.07146	0.19971	0.01676	0.01215	0.01330	0.00996	0.03963	0.00560	0.00159	0.00671	0.00422	0.00353	0.03736
6	0.01467	0.32527	0.02049	0.26338	0.02203	0.24369	0.01137	0.01689	0.01211	0.01313	0.00837	0.01075	0.00698	0.00512	0.00447	0.00142	0.00735	0.00365	0.00246	0.00640
7	0.00662	0.00513	0.00585	0.00630	0.00734	0.00456	0.00437	0.00773	0.01117	0.01407	0.07152	0.33192	0.38964	0.09809	0.00873	0.00230	0.00312	0.01236	0.00484	0.00436
8	0.00970	0.01614	0.36002	0.01069	0.01514	0.00915	0.01180	0.02720	0.06308	0.01736	0.09098	0.02574	0.14298	0.07209	0.00719	0.00199	0.00549	0.03206	0.07476	0.00643
9	0.00743	0.00490	0.00654	0.00758	0.00809	0.00454	0.00513	0.00842	0.01053	0.05261	0.02916	0.76784	0.03438	0.01630	0.00678	0.00215	0.00319	0.01476	0.00507	0.00460
10	0.01731	0.01328	0.01427	0.01151	0.01527	0.01469	0.00929	0.48261	0.23501	0.02889	0.01614	0.05509	0.01248	0.00710	0.00541	0.00167	0.00521	0.00564	0.00528	0.04384
11	0.01351	0.19968	0.32333	0.01427	0.02027	0.01505	0.13658	0.14001	0.01376	0.01887	0.00988	0.01149	0.00749	0.00506	0.00492	0.00153	0.00709	0.00421	0.00291	0.05012
12	0.01303	0.10258	0.11723	0.01207	0.08703	0.01181	0.00996	0.18250	0.01489	0.06547	0.02507	0.02492	0.25421	0.00835	0.00605	0.00167	0.04539	0.00660	0.00415	0.00702
13	0.01374	0.02245	0.55738	0.01371	0.02040	0.01151	0.01639	0.05612	0.01271	0.16845	0.01229	0.01322	0.00850	0.00707	0.04081	0.00200	0.00746	0.00437	0.00331	0.00809
14	0.00932	0.00466	0.00699	0.00699	0.00699	0.00466	0.00466	0.00699	0.00699	0.00932	0.00932	0.01632	0.00932	0.01865	0.02098	0.84382	0.00466	0.00466	0.00233	0.00233
15	0.01858	0.08515	0.12746	0.01285	0.01687	0.40208	0.01124	0.10221	0.04173	0.11602	0.01107	0.01166	0.00830	0.00570	0.00492	0.00149	0.00784	0.00398	0.00354	0.00730
16	0.01181	0.00884	0.01139	0.01190	0.11052	0.00907	0.00816	0.12418	0.11466	0.05721	0.37120	0.03063	0.03131	0.00913	0.00599	0.00174	0.00404	0.06617	0.00531	0.00673
17	0.26487	0.01151	0.01236	0.00977	0.01373	0.01209	0.00807	0.27333	0.01690	0.30443	0.01433	0.01363	0.00968	0.00609	0.00478	0.00164	0.00490	0.00447	0.00524	0.00816
18	0.00948	0.00780	0.01184	0.01529	0.25446	0.00785	0.00863	0.01158	0.01153	0.01632	0.23665	0.02711	0.02404	0.18202	0.14883	0.00362	0.00642	0.00703	0.00377	0.00574
19	0.00636	0.00536	0.00552	0.00565	0.00731	0.00451	0.00417	0.00768	0.01203	0.01442	0.05179	0.13071	0.69831	0.01393	0.00640	0.00185	0.00276	0.01174	0.00498	0.00451
20	0.01185	0.02381	0.58590	0.01426	0.02102	0.01289	0.01703	0.06406	0.16068	0.01908	0.01223	0.01313	0.00882	0.00561	0.00519	0.00172	0.00709	0.00443	0.00308	0.00812
21	0.00781	0.00520	0.00585	0.00585	0.00585	0.00520	0.00325	0.00781	0.00781	0.01041	0.01691	0.03513	0.01952	0.81135	0.02732	0.00520	0.00520	0.00781	0.00325	0.00325
22	0.01077	0.02777	0.78354	0.01530	0.02323	0.01247	0.01983	0.01700	0.01133	0.01700	0.00963	0.01133	0.00680	0.00510	0.00510	0.00170	0.00793	0.00397	0.00227	0.00793
23	0.00715	0.00522	0.00672	0.00688	0.00788	0.00479	0.00496	0.00906	0.01335	0.01839	0.47230	0.29036	0.10679	0.01309	0.00650	0.00186	0.00274	0.01165	0.00553	0.00479
24	0.01267	0.01448	0.03167	0.02262	0.02805	0.01357	0.75837	0.01719	0.01267	0.01719	0.01086	0.01448	0.00814	0.00452	0.00633	0.00181	0.00905	0.00633	0.00271	0.00724
25	0.02175	0.01288	0.01478	0.01133	0.01557	0.01345	0.00936	0.49204	0.02163	0.30685	0.01591	0.01485	0.01065	0.00652	0.00538	0.00163	0.00542	0.00504	0.00583	0.00913
26	0.02408	0.00914	0.01246	0.00955	0.01370	0.00789	0.00789	0.02616	0.01536	0.78158	0.02118	0.01827	0.01329	0.00664	0.00540	0.00166	0.00457	0.00540	0.00664	0.00914
27	0.02005	0.02558	0.01521	0.01383	0.01659	0.78980	0.01037	0.02143	0.01521	0.01314	0.00830	0.00968	0.00691	0.00553	0.00484	0.00138	0.00968	0.00346	0.00277	0.00622
28	0.01870	0.01063	0.01225	0.00985	0.01359	0.03356	0.00795	0.12671	0.16584	0.37389	0.02189	0.02010	0.08220	0.00714	0.00537	0.00162	0.00463	0.00576	0.00570	0.07262
29	0.00758	0.00511	0.00592	0.00615	0.00621	0.00505	0.00357	0.00775	0.00826	0.01101	0.01922	0.17568	0.02242	0.66683	0.02360	0.00465	0.00482	0.00916	0.00357	0.00345
30	0.00927	0.00466	0.00698	0.00700	0.00701	0.00466	0.00467	0.00700	0.00706	0.00941	0.00973	0.03228	0.00985	0.01861	0.02069	0.82685	0.00463	0.00488	0.00238	0.00237
31	0.01058	0.00999	0.01690	0.69113	0.14084	0.01204	0.01513	0.01410	0.01094	0.01425	0.00962	0.01417	0.00734	0.00528	0.00536	0.00176	0.00705	0.00477	0.00242	0.00632
32	0.02005	0.02558	0.01521	0.01383	0.01659	0.78980	0.01037	0.02143	0.01521	0.01314	0.00830	0.00968	0.00691	0.00553	0.00484	0.00138	0.00968	0.00346	0.00277	0.00622
33	0.01466	0.47326	0.04717	0.01012	0.01434	0.01790	0.00936	0.07090	0.23395	0.04124	0.01255	0.01264	0.01002	0.00559	0.00428	0.00141	0.00535	0.00406	0.00357	0.00762
34	0.01003	0.00825	0.00908	0.00847	0.01061	0.00875	0.00645	0.03452	0.34072	0.02005	0.21472	0.09844	0.18762	0.01032	0.00598	0.00181	0.00344	0.00884	0.00543	0.00647
35	0.00642	0.00512	0.00576	0.00627	0.00747	0.00446	0.00445	0.00761	0.01143	0.01417	0.04422	0.36142	0.47248	0.01491	0.00655	0.00196	0.00288	0.01294	0.00498	0.00446
36	0.84927	0.01038	0.00789	0.00706	0.01038	0.01204	0.00581	0.01578	0.00914	0.02408	0.00747	0.00872	0.00581	0.00498	0.00332	0.00166	0.00415	0.00291	0.00332	0.00581
37	0.00968	0.00795	0.01211	0.01125	0.05088	0.00772	0.11206	0.08298	0.01429	0.01954	0.30503	0.18198	0.06411	0.01095	0.00640	0.00187	0.00434	0.08617	0.00493	0.00576
38	0.06717	0.00634	0.00695	0.00644	0.00839	0.00602	0.00496	0.01272	0.04718	0.09616	0.21567	0.03415	0.26645	0.00977	0.00543	0.00163	0.00298	0.00813	0.18796	0.00550
39	0.06378	0.01260	0.01433	0.01104	0.01523	0.01315	0.00912	0.44893	0.02074	0.31185	0.01570	0.01468	0.01051	0.00644	0.00528	0.00163	0.00532	0.00495	0.00574	0.00896
40	0.00704	0.00504	0.00611	0.00659	0.00712	0.00474	0.00431	0.00792	0.01033	0.01367	0.11572	0.36500	0.13591	0.27021	0.01328	0.00304	0.00366	0.01168	0.00454	0.00411
41	0.01206	0.01874	0.27253	0.02028	0.02651	0.01322	0.52179	0.01713	0.01224	0.01713	0.01047	0.01347	0.00771	0.00471	0.00594	0.00177	0.00869	0.00558	0.00257	0.00746
42	0.00654	0.00467	0.00623	0.00747	0.00779	0.00436	0.00498	0.00747	0.01028	0.01370	0.02959	0.80785	0.03550	0.01682	0.00685	0.00218	0.00311	0.01526	0.00498	0.00436
43	0.01348	0.01231	0.01973	0.20752	0.50749	0.01307	0.01530	0.11236	0.01357	0.01877	0.01033	0.01347	0.00827	0.00513	0.00533	0.00164	0.00650	0.00479	0.00295	0.00800
44	0.00721	0.00532	0.00683	0.00778	0.00840	0.00518	0.00538	0.00943	0.07119	0.01495	0.07388	0.67516	0.03474	0.01564	0.00673	0.00213	0.00323	0.03699	0.00508	0.00475
45	0.00678	0.00535	0.00612	0.00615	0.00758	0.00468	0.00453	0.00847	0.01293	0.01669	0.28661	0.15389	0.43478	0.01319	0.00641	0.00182	0.00271	0.01135	0.00529	0.00468
46	0.01332	0.01199	0.02025	0.11513	0.27961	0.01229	0.19612	0.12481	0.01392	0.01975	0.01171	0.01463	0.00912	0.00525	0.00535	0.00162	0.00649	0.00520	0.12597	0.00747
47	0.01662	0.01613	0.01548	0.01522	0.11451	0.30699	0.06966	0.02056	0.12453	0.12813	0.01509	0.10615	0.01287	0.00709	0.00543	0.00164	0.00689	0.00590	0.00397	0.00714
48	0.01202	0.01071	0.01631	0.32178	0.26694	0.01198	0.01314	0.05422	0.12288	0.01741	0.01243	0.01598	0.00994	0.04215	0.00628	0.00185	0.00609	0.00512	0.04562	0.00714
49	0.01317	0.01228	0.02032	0.19268	0.54888	0.01290	0.02858	0.07410	0.01294	0.01800	0.01021	0.01349	0.00826	0.00503	0.00535	0.00164	0.00655	0.00481	0.00281	0.00799
50	0.01779	0.13791	0.01647	0.01248	0.01562	0.48610	0.00979	0.04535	0.17661	0.01571	0.01123	0.01185	0.00901	0.00580	0.00479	0.00145	0.00782	0.00398	0.00336	0.00690
51	0.13577	0.01304	0.01505	0.01295	0.01392	0.09011	0.01066	0.05198	0.00989	0.01564	0.00753	0.01116	0.00696	0.00823	0.01367	0.00212	0.56826	0.00432	0.00268	0.00606
52	0.01236	0.01248	0.04994	0.01657	0.04733	0.01184	0.37772	0.06790	0.12351	0.01838	0.01391	0.01835	0.01142	0.11834	0.00880	0.00222	0.00694	0.00615	0.06898	0.00689
53	0.00687	0.00533	0.00622	0.00639	0.00753	0.00496	0.00456	0.00813	0.01095	0.01397	0.08998	0.16725	0.38098	0.13488	0.12440	0.00336	0.00484	0.01052	0.00449	0.00439
54	0.01206	0.01118	0.04358	0.08500	0.24668	0.01111	0.08933	0.12323	0.01380	0.01921	0.12344	0.01872	0.01545	0.01240	0.14785	0.00293	0.00759	0.00582	0.00354	0.00705
55	0.52585	0.01085	0.01246	0.12438	0.20303	0.01220	0.00971	0.01566	0.01012	0.02102	0.00841	0.01063	0.00666	0.00499	0.00410	0.00166	0.00512	0.00363	0.00303	0.00650
56	0.01360	0.01061	0.01445	0.11393	0.05570	0.01182	0.06081	0.09763	0.17683	0.10798	0.05329	0.02064	0.09233	0.00765	0.00728	0.00182	0.11677	0.00614	0.02352	0.00721
57	0.00705	0.00520	0.00683	0.00732	0.00801	0.00526	0.00516	0.00823	0.00969	0.01296	0.02657	0.33655	0.13478	0.13524	0.26055	0.00462	0.00696	0.01059	0.00407	0.00437
58	0.01198	0.01094	0.01152	0.00860	0.01311	0.07006	0.00681	0.01505	0.05710	0.01744	0.01018	0.01155	0.00838	0.00430	0.00413	0.00090	0.00445	0.00338	0.00328	0.72683
59	0.00647	0.00503	0.00590	0.00656	0.00755	0.00445	0.00459	0.00763	0.01124	0.01421	0.05493	0.45938	0.36237	0.01528	0.00662	0.00201	0.00293	0.01342	0.00500	0.00445
60	0.01102	0.01008	0.01510	0.01272	0.01548	0.01057	0.19199	0.01903	0.33938	0.01833	0.02134	0.25623	0.02007	0.01010	0.02086	0.00205	0.00528	0.00890	0.00459	0.00687
61	0.01578	0.06053	0.07498	0.01074	0.01392	0.05055	0.00938	0.18158	0.01456	0.18347	0.01397	0.01570	0.01067	0.01426	0.18708	0.00325	0.07530	0.00491	0.05215	0.00724
62	0.01117	0.00991	0.01384	0.01583	0.25712	0.00856	0.00938	0.01362	0.01142	0.01700	0.01323	0.10228	0.03277	0.00594	0.00479	0.00123	0.00461	0.00528	0.00327	0.45874
63	0.01845	0.17659	0.05988	0.01302	0.01642	0.60014	0.01066	0.02017	0.01418	0.01325	0.00821	0.00957	0.00690	0.00533	0.00459	0.00136	0.00883	0.00337	0.00265	0.00644
64	0.34190	0.21798	0.01598	0.05639	0.01468	0.01575	0.00851	0.23401	0.01441	0.02339	0.00918	0.01025	0.00714	0.00533	0.00408	0.00152	0.00525	0.00357	0.00360	0.00707
65	0.01339	0.00937	0.01073	0.00948	0.01218	0.01004	0.00739	0.02275	0.42595	0.14457	0.24266	0.02563	0.02594	0.00826	0.00571	0.00176	0.00380	0.00703	0.00578	0.00759
66	0.01159	0.21759	0.25927	0.20231	0.02142	0.01374	0.01315	0.05233	0.01129	0.01503	0.01025	0.01479	0.00881	0.11813	0.00788	0.00207	0.00671	0.00447	0.00260	0.00660
67	0.00743	0.00593	0.00688	0.00647	0.00833	0.00504	0.00483	0.00925	0.01275	0.01702	0.27084	0.14053	0.34462	0.01184	0.00607	0.00168	0.00289	0.01019	0.00502	0.12238
68	0.01014	0.00973	0.01530	0.20928	0.13613	0.01106	0.07270	0.01261	0.01115	0.01500	0.05885	0.02396	0.19610	0.00839	0.00846	0.00189	0.18324	0.00673	0.00326	0.00604
69	0.84927	0.01038	0.00789	0.00706	0.01038	0.01204	0.00581	0.01578	0.00914	0.02408	0.00747	0.00872	0.00581	0.00498	0.00332	0.00166	0.00415	0.00291	0.00332	0.00581
70	0.01280	0.01178	0.02002	0.01658	0.07068	0.01208	0.29683	0.17422	0.02528	0.01960	0.01476	0.15076	0.01365	0.01078	0.08200	0.00250	0.04774	0.00729	0.00371	0.00695
71	0.00654	0.00467	0.00623	0.00747	0.00779	0.00436	0.00498	0.00747	0.01028	0.01370	0.02959	0.80785	0.03550	0.01682	0.00685	0.00218	0.00311	0.01526	0.00498	0.00436
72	0.01069	0.00936	0.01421	0.47444	0.02677	0.01117	0.02889	0.06525	0.08798	0.01562	0.01230	0.01738	0.01009	0.07359	0.11713	0.00301	0.00768	0.00532	0.00305	0.00609
73	0.00701	0.00511	0.00660	0.00698	0.00785	0.00470	0.00495	0.00871	0.01269	0.01735	0.37292	0.39461	0.10284	0.01388	0.00657	0.00192	0.00282	0.01240	0.00541	0.00470
74	0.01360	0.01203	0.01532	0.03053	0.24671	0.01330	0.01110	0.05783	0.49225	0.02133	0.01767	0.01756	0.01351	0.00645	0.00541	0.00174	0.00502	0.00560	0.00455	0.00849
75	0.00750	0.00548	0.00704	0.00665	0.00796	0.00502	0.00499	0.00994	0.01497	0.02098	0.71950	0.04099	0.10652	0.01118	0.00633	0.00170	0.00255	0.00983	0.00584	0.00502
76	0.01113	0.01140	0.00916	0.00888	0.01035	0.23549	0.00653	0.01235	0.01152	0.01296	0.02353	0.03185	0.18549	0.21146	0.12104	0.00354	0.00722	0.07770	0.00361	0.00479
77	0.01639	0.00743	0.00999	0.00824	0.01105	0.00657	0.00657	0.01867	0.01528	0.42668	0.37319	0.02846	0.03073	0.00867	0.00583	0.00167	0.00362	0.00741	0.00630	0.00723
78	0.01010	0.00553	0.00600	0.00584	0.00718	0.00574	0.00446	0.04352	0.01146	0.01949	0.01686	0.01987	0.01351	0.01125	0.11918	0.00235	0.00439	0.00511	0.68301	0.00515
79	0.24127	0.45665	0.02007	0.00893	0.01302	0.06307	0.00819	0.01749	0.01120	0.10520	0.00911	0.00983	0.00734	0.00499	0.00372	0.00136	0.00541	0.00321	0.00311	0.00682
80	0.01170	0.01547	0.25858	0.01088	0.01594	0.00984	0.01104	0.12318	0.01314	0.01917	0.01300	0.12834	0.01180	0.00658	0.00496	0.00141	0.00540	0.00545	0.00347	0.33066
81	0.22055	0.01402	0.01387	0.01579	0.20409	0.17552	0.00996	0.12510	0.01372	0.02005	0.01234	0.12783	0.01156	0.00700	0.00496	0.00165	0.00598	0.00559	0.00358	0.00685
82	0.01238	0.36921	0.22583	0.13396	0.01994	0.01680	0.01326	0.01552	0.01062	0.01400	0.00831	0.01065	0.00693	0.00551	0.00614	0.00156	0.11648	0.00371	0.00231	0.00688
83	0.05489	0.01046	0.08462	0.00974	0.01260	0.00964	0.00841	0.11251	0.11888	0.10775	0.06999	0.02096	0.04140	0.05164	0.25766	0.00407	0.00796	0.00588	0.00427	0.00668
84	0.10438	0.00988	0.04908	0.00831	0.01209	0.00828	0.00699	0.04221	0.07082	0.09268	0.10686	0.02081	0.11065	0.00678	0.00484	0.00136	0.00402	0.00548	0.00428	0.33021
85	0.13615	0.00964	0.01069	0.00862	0.01224	0.00904	0.00683	0.11265	0.04982	0.11372	0.01548	0.12996	0.02735	0.00700	0.00477	0.00141	0.00419	0.00569	0.00432	0.33044

[dist]
# distance from previous block
# <min> <max>
9	31

[block]
# block no. 2 follows, 45 sequences, length 17
# corresponding to MSA columns:
# 203-219
name=unknown_C
#
# <colnr> <probs for GDERKNQSTAVLIFYWHMCP>
#	G	D	E	R	K	N	Q	S	T	A	V	L	I	F	Y	W	H	M	C	P
0	0.01345	0.32908	0.29205	0.04924	0.05096	0.03455	0.01353	0.09193	0.01267	0.01682	0.00910	0.01061	0.00721	0.00500	0.00445	0.00143	0.00664	0.00365	0.00267	0.04495
1	0.01226	0.19847	0.27184	0.11316	0.08456	0.08757	0.01361	0.01584	0.01181	0.01537	0.04377	0.01432	0.04715	0.00565	0.00482	0.00151	0.00671	0.00442	0.00270	0.04446
2	0.11489	0.18556	0.05009	0.00975	0.01280	0.21190	0.00813	0.01641	0.07486	0.01529	0.01460	0.05216	0.06617	0.10344	0.00729	0.00192	0.00606	0.00512	0.00327	0.04028
3	0.01497	0.14169	0.12352	0.03916	0.03941	0.12134	0.19721	0.14857	0.04656	0.01874	0.01038	0.01227	0.00805	0.00550	0.00586	0.00162	0.04991	0.00464	0.00315	0.00744
4	0.14219	0.03686	0.12648	0.01173	0.03151	0.17457	0.03370	0.07016	0.06858	0.01806	0.01528	0.18244	0.01487	0.00834	0.00530	0.00175	0.00608	0.04194	0.00372	0.00644
5	0.01106	0.09185	0.17274	0.01155	0.01467	0.10427	0.08299	0.01346	0.01095	0.01404	0.03018	0.11276	0.06464	0.16739	0.01073	0.00243	0.06861	0.00677	0.00314	0.00577
6	0.00786	0.00660	0.01007	0.00906	0.01074	0.00649	0.09608	0.00988	0.01112	0.01485	0.12262	0.09013	0.22610	0.05345	0.27334	0.00429	0.00761	0.03071	0.00404	0.00496
7	0.01250	0.14887	0.06478	0.00927	0.01314	0.05241	0.00811	0.01693	0.12746	0.05960	0.15933	0.01797	0.01745	0.00624	0.00476	0.00132	0.00464	0.00501	0.00401	0.26621
8	0.05518	0.54634	0.02265	0.00917	0.01347	0.03617	0.00857	0.01550	0.01084	0.01425	0.00790	0.00933	0.00707	0.00474	0.00427	0.00116	0.04375	0.00304	0.00255	0.18406
9	0.00678	0.00477	0.00616	0.00716	0.00741	0.00452	0.00465	0.00754	0.00980	0.01307	0.02714	0.65875	0.03242	0.17012	0.01080	0.00276	0.00352	0.01382	0.00465	0.00415
10	0.01087	0.00918	0.01142	0.18670	0.01739	0.01048	0.00896	0.04557	0.34637	0.01831	0.02105	0.25214	0.01972	0.00965	0.00585	0.00191	0.00462	0.00846	0.00463	0.00672
11	0.01769	0.01681	0.01799	0.02033	0.29794	0.20714	0.01256	0.30187	0.01794	0.02267	0.01072	0.01224	0.00835	0.00560	0.00522	0.00155	0.00702	0.00447	0.00372	0.00818
12	0.01576	0.00983	0.01508	0.01122	0.01544	0.00840	0.15186	0.01847	0.01351	0.30032	0.11197	0.01812	0.01542	0.00596	0.00526	0.00143	0.00499	0.00544	0.00472	0.26682
13	0.00840	0.00557	0.00703	0.00689	0.00826	0.00502	0.00508	0.01030	0.01350	0.07786	0.40449	0.21826	0.18411	0.01249	0.00638	0.00182	0.00286	0.01097	0.00557	0.00512
14	0.00726	0.00547	0.00671	0.00640	0.00781	0.00492	0.00480	0.00948	0.01440	0.01963	0.58105	0.04321	0.24581	0.01168	0.00633	0.00172	0.00258	0.01014	0.00566	0.00492
15	0.11202	0.25280	0.22621	0.01068	0.01486	0.01369	0.01115	0.01444	0.01009	0.01517	0.00986	0.01280	0.00846	0.01439	0.21174	0.00339	0.04523	0.00402	0.00257	0.00645
16	0.01344	0.01699	0.22459	0.18096	0.09611	0.11111	0.01368	0.05051	0.08587	0.07551	0.01494	0.01631	0.06436	0.00618	0.00530	0.00168	0.00676	0.00504	0.00337	0.00731

[dist]
# distance from previous block
# <min> <max>
0	4

[block]
# block no. 3 follows, 45 sequences, length 8
# corresponding to MSA columns:
# 224-231
name=unknown_D
#
# <colnr> <probs for GDERKNQSTAVLIFYWHMCP>
#	G	D	E	R	K	N	Q	S	T	A	V	L	I	F	Y	W	H	M	C	P
0	0.01791	0.01829	0.01687	0.07810	0.08759	0.32068	0.05274	0.25239	0.06683	0.02091	0.01103	0.01233	0.00846	0.00580	0.00522	0.00156	0.00760	0.00444	0.00372	0.00753
1	0.01549	0.01374	0.08837	0.01460	0.01914	0.03095	0.25046	0.13624	0.08264	0.16407	0.01682	0.05022	0.04878	0.00650	0.00572	0.00171	0.00645	0.00612	0.00431	0.03767
2	0.00981	0.11314	0.01002	0.00727	0.00931	0.00792	0.00571	0.01241	0.07264	0.07505	0.14292	0.09057	0.27577	0.10276	0.00830	0.00214	0.00376	0.04030	0.00473	0.00546
3	0.01140	0.00815	0.01068	0.00971	0.01197	0.00803	0.04880	0.09292	0.09263	0.07763	0.05601	0.26524	0.02397	0.01106	0.00611	0.00189	0.00433	0.14020	0.03554	0.08377
4	0.01162	0.13125	0.08730	0.00932	0.01211	0.06079	0.00809	0.01566	0.12164	0.07816	0.15978	0.19021	0.05324	0.02944	0.00611	0.00180	0.00462	0.00804	0.00450	0.00630
5	0.01072	0.08195	0.04825	0.42843	0.02563	0.01139	0.01200	0.06528	0.01188	0.01555	0.01378	0.12295	0.01297	0.00757	0.00547	0.00177	0.00609	0.06475	0.00317	0.05037
6	0.08150	0.26544	0.20466	0.01051	0.01501	0.03415	0.01073	0.06021	0.06536	0.05281	0.09392	0.01563	0.01330	0.04851	0.00579	0.00170	0.00572	0.00462	0.00343	0.00700
7	0.07255	0.04428	0.15479	0.08446	0.08794	0.05751	0.01168	0.09173	0.06021	0.07833	0.02601	0.01318	0.00931	0.00561	0.00543	0.00153	0.04255	0.00431	0.00349	0.14508

[dist]
# distance from previous block
# <min> <max>
0	1

[block]
# block no. 4 follows, 45 sequences, length 19
# corresponding to MSA columns:
# 233-251
name=unknown_E
#
# <colnr> <probs for GDERKNQSTAVLIFYWHMCP>
#	G	D	E	R	K	N	Q	S	T	A	V	L	I	F	Y	W	H	M	C	P
0	0.26080	0.01725	0.24137	0.01295	0.06896	0.09321	0.01193	0.03132	0.04430	0.01898	0.03781	0.01327	0.03295	0.00612	0.00594	0.00172	0.08697	0.00428	0.00308	0.00680
1	0.01324	0.00953	0.01155	0.01119	0.06963	0.01034	0.00809	0.23355	0.09707	0.04862	0.01687	0.10845	0.01470	0.01533	0.18506	0.00326	0.00685	0.00642	0.12339	0.00688
2	0.01182	0.01213	0.02011	0.46512	0.15439	0.06398	0.16505	0.01538	0.01166	0.01500	0.00982	0.01387	0.00756	0.00511	0.00552	0.00173	0.00758	0.00500	0.00252	0.00665
3	0.00931	0.00787	0.00868	0.00845	0.00991	0.07450	0.00634	0.01081	0.01028	0.01365	0.01814	0.14066	0.01934	0.18292	0.20107	0.00414	0.00730	0.12960	0.00364	0.13340
4	0.00770	0.00562	0.00795	0.00795	0.00867	0.00634	0.00586	0.00915	0.00843	0.01196	0.01500	0.02454	0.01492	0.22958	0.60280	0.00779	0.01213	0.00626	0.00297	0.00441
5	0.01184	0.01215	0.01384	0.01237	0.01311	0.13925	0.00997	0.01328	0.00948	0.01281	0.00951	0.01428	0.00899	0.01826	0.25318	0.00412	0.43056	0.00482	0.00258	0.00560
6	0.00682	0.00488	0.00648	0.00729	0.00785	0.00454	0.00500	0.00817	0.01156	0.01575	0.22437	0.60723	0.03946	0.01529	0.00672	0.00205	0.00296	0.01381	0.00522	0.00454
7	0.00804	0.00630	0.00934	0.00912	0.01000	0.00760	0.00717	0.00989	0.00859	0.01250	0.01371	0.02024	0.01284	0.03745	0.71969	0.00805	0.08611	0.00566	0.00283	0.00489
8	0.00702	0.00546	0.00638	0.00615	0.00767	0.00482	0.00461	0.00902	0.01384	0.01831	0.44500	0.04539	0.38269	0.01217	0.00634	0.00175	0.00262	0.01045	0.00549	0.00482
9	0.01759	0.01939	0.01415	0.01261	0.01562	0.43037	0.00966	0.09137	0.29636	0.01849	0.01376	0.01382	0.01064	0.00627	0.00512	0.00157	0.00731	0.00455	0.00401	0.00733
10	0.00855	0.00585	0.00660	0.00619	0.00812	0.00502	0.00472	0.01026	0.01326	0.09883	0.21816	0.04537	0.52512	0.01224	0.00624	0.00177	0.00287	0.01031	0.00538	0.00515
11	0.00969	0.00873	0.01251	0.01134	0.01182	0.01154	0.00921	0.01124	0.00843	0.01269	0.01074	0.01645	0.01026	0.02494	0.40657	0.00551	0.40518	0.00523	0.00261	0.00533
12	0.01233	0.01123	0.01722	0.38267	0.25981	0.01274	0.01404	0.06891	0.13293	0.01769	0.01191	0.01481	0.00918	0.00557	0.00537	0.00172	0.00637	0.00499	0.00317	0.00737
13	0.00679	0.00515	0.00627	0.00663	0.00769	0.00462	0.00473	0.00833	0.01234	0.01627	0.25855	0.34726	0.26771	0.01409	0.00654	0.00192	0.00282	0.01240	0.00526	0.00462
14	0.01077	0.02777	0.78354	0.01530	0.02323	0.01247	0.01983	0.01700	0.01133	0.01700	0.00963	0.01133	0.00680	0.00510	0.00510	0.00170	0.00793	0.00397	0.00227	0.00793
15	0.01401	0.70967	0.02660	0.00983	0.01382	0.02061	0.00952	0.01566	0.01056	0.01267	0.00741	0.00902	0.00691	0.00522	0.00530	0.00131	0.10973	0.00311	0.00230	0.00676
16	0.00680	0.00513	0.00629	0.00669	0.00771	0.00462	0.00475	0.00833	0.01229	0.01625	0.25797	0.36795	0.24735	0.01418	0.00655	0.00193	0.00283	0.01251	0.00526	0.00462
17	0.00970	0.01180	0.18669	0.01003	0.01342	0.00811	0.00956	0.01252	0.01031	0.04205	0.01472	0.14729	0.01412	0.01781	0.24706	0.00373	0.03520	0.00629	0.00327	0.19629
18	0.01012	0.00756	0.00914	0.04778	0.01148	0.00735	0.00644	0.01421	0.13355	0.06791	0.15894	0.03030	0.16470	0.07245	0.07875	0.00252	0.00480	0.03029	0.00460	0.13711

[dist]
# distance from previous block
# <min> <max>
1	45

[block]
# block no. 5 follows, 45 sequences, length 21
# corresponding to MSA columns:
# 297-317
name=unknown_F
#
# <colnr> <probs for GDERKNQSTAVLIFYWHMCP>
#	G	D	E	R	K	N	Q	S	T	A	V	L	I	F	Y	W	H	M	C	P
0	0.01274	0.01075	0.01745	0.06294	0.49319	0.01059	0.01326	0.01557	0.01231	0.07465	0.04525	0.07648	0.01417	0.00680	0.00556	0.00168	0.00563	0.06144	0.00345	0.05608
1	0.32765	0.01112	0.07227	0.03254	0.15489	0.03440	0.00854	0.01376	0.00972	0.01761	0.01103	0.01782	0.01055	0.24521	0.01109	0.00270	0.00543	0.00487	0.00305	0.00574
2	0.19467	0.00791	0.00880	0.00829	0.01026	0.00844	0.00627	0.07303	0.06265	0.10169	0.01863	0.24810	0.01852	0.07647	0.12916	0.00318	0.00571	0.00797	0.00440	0.00584
3	0.07699	0.00941	0.01399	0.56292	0.02889	0.01134	0.01217	0.07021	0.01130	0.01561	0.01068	0.01672	0.00896	0.12001	0.00833	0.00225	0.00654	0.00506	0.00281	0.00581
4	0.01512	0.57587	0.02397	0.00992	0.01424	0.01939	0.00924	0.13046	0.12409	0.01728	0.01039	0.01093	0.00862	0.00527	0.00403	0.00132	0.00555	0.00364	0.00323	0.00746
5	0.00976	0.00809	0.00967	0.00781	0.01125	0.00632	0.00595	0.01171	0.01088	0.01636	0.01553	0.24902	0.01618	0.00781	0.00483	0.00121	0.00372	0.00679	0.00372	0.59341
6	0.01015	0.00763	0.00953	0.00869	0.00967	0.00872	0.00641	0.12609	0.01084	0.01501	0.01436	0.02445	0.01451	0.34274	0.27535	0.00546	0.09572	0.00632	0.00336	0.00496
7	0.00705	0.00547	0.00642	0.00618	0.00768	0.00483	0.00464	0.00907	0.01391	0.01847	0.46154	0.04513	0.36605	0.01211	0.00634	0.00174	0.00261	0.01041	0.00551	0.00483
8	0.01250	0.01063	0.01140	0.01030	0.01308	0.01212	0.00799	0.02579	0.65637	0.02232	0.13368	0.02301	0.02147	0.00783	0.00559	0.00180	0.00399	0.00661	0.00553	0.00799
9	0.00927	0.00514	0.00556	0.00546	0.00673	0.00500	0.00409	0.01173	0.01228	0.02019	0.20863	0.02621	0.05111	0.00771	0.00449	0.00138	0.00252	0.00641	0.60108	0.00500
10	0.01116	0.11466	0.70011	0.01462	0.02219	0.01344	0.01866	0.01690	0.01129	0.01652	0.00939	0.01103	0.00681	0.00504	0.00492	0.00164	0.00769	0.00385	0.00227	0.00782
11	0.00777	0.00537	0.00668	0.00668	0.00697	0.00565	0.00428	0.00834	0.00805	0.01102	0.01616	0.03095	0.01770	0.58163	0.25456	0.00622	0.00794	0.00719	0.00314	0.00371
12	0.15090	0.01502	0.01305	0.01081	0.01444	0.24316	0.00861	0.11974	0.01565	0.33572	0.01411	0.01351	0.00967	0.00603	0.00490	0.00157	0.00621	0.00436	0.00480	0.00775
13	0.84927	0.01038	0.00789	0.00706	0.01038	0.01204	0.00581	0.01578	0.00914	0.02408	0.00747	0.00872	0.00581	0.00498	0.00332	0.00166	0.00415	0.00291	0.00332	0.00581
14	0.01042	0.00541	0.00545	0.00530	0.00667	0.00547	0.00401	0.04247	0.01182	0.02057	0.01733	0.01973	0.01357	0.00626	0.00382	0.00127	0.00264	0.00500	0.80765	0.00517
15	0.01167	0.01078	0.01656	0.40499	0.11967	0.01333	0.01354	0.07498	0.01138	0.01558	0.00947	0.01372	0.00774	0.00797	0.04353	0.00220	0.20897	0.00480	0.00268	0.00646
16	0.00694	0.00499	0.00664	0.00765	0.00824	0.00469	0.00545	0.00828	0.01119	0.01497	0.11870	0.59581	0.05869	0.01577	0.00685	0.00215	0.00327	0.11013	0.00509	0.00453
17	0.01241	0.01402	0.08180	0.14162	0.34540	0.01290	0.27933	0.01636	0.01209	0.01681	0.01025	0.01371	0.00805	0.00480	0.00567	0.00171	0.00756	0.00527	0.00261	0.00764
18	0.01783	0.01349	0.01442	0.01153	0.01521	0.01503	0.00929	0.53478	0.19513	0.02945	0.01526	0.01621	0.01158	0.06724	0.00704	0.00193	0.00547	0.00534	0.00523	0.00854
19	0.01836	0.01254	0.01390	0.01129	0.01505	0.01366	0.00916	0.35937	0.27410	0.16480	0.01784	0.01759	0.01293	0.00700	0.00546	0.00171	0.00508	0.02572	0.00562	0.00880
20	0.01178	0.01253	0.02485	0.08108	0.19291	0.01208	0.43793	0.01552	0.01237	0.01665	0.01632	0.01910	0.10920	0.00584	0.00604	0.00176	0.00748	0.00653	0.00298	0.00707

[dist]
# distance from previous block
# <min> <max>
0	52

[block]
# block no. 6 follows, 45 sequences, length 18
# corresponding to MSA columns:
# 372-389
name=unknown_G
#
# <colnr> <probs for GDERKNQSTAVLIFYWHMCP>
#	G	D	E	R	K	N	Q	S	T	A	V	L	I	F	Y	W	H	M	C	P
0	0.25566	0.01107	0.09954	0.00909	0.01293	0.00917	0.00819	0.01960	0.01256	0.36592	0.05995	0.05098	0.01381	0.04158	0.00584	0.00184	0.00468	0.00530	0.00493	0.00735
1	0.01188	0.01061	0.01508	0.59871	0.03096	0.07058	0.01319	0.04508	0.01209	0.05946	0.04128	0.04599	0.01039	0.00616	0.00542	0.00175	0.00681	0.00531	0.00302	0.00620
2	0.18296	0.08533	0.01500	0.07361	0.04466	0.25861	0.00969	0.09119	0.01376	0.11574	0.01025	0.01143	0.00781	0.00576	0.00534	0.00157	0.05295	0.00390	0.00353	0.00690
3	0.01014	0.00727	0.00956	0.24517	0.01675	0.00817	0.00791	0.01459	0.10844	0.01864	0.12169	0.02111	0.01727	0.00678	0.00482	0.00155	0.00413	0.00573	0.36457	0.00575
4	0.01345	0.00993	0.01086	0.00935	0.01188	0.01068	0.00726	0.30620	0.12689	0.02405	0.09580	0.13268	0.07356	0.05966	0.00699	0.00194	0.00436	0.00762	0.07994	0.00690
5	0.07094	0.08220	0.01636	0.01406	0.07391	0.43441	0.01035	0.17681	0.01640	0.04242	0.00969	0.01076	0.00763	0.00560	0.00480	0.00146	0.00782	0.00383	0.00343	0.00713
6	0.00873	0.00718	0.01011	0.00952	0.01005	0.00892	0.00736	0.01011	0.00837	0.01220	0.01297	0.02126	0.01291	0.17294	0.45410	0.00640	0.21340	0.00586	0.00281	0.00479
7	0.01524	0.01483	0.08893	0.01161	0.01522	0.12132	0.00981	0.02613	0.50334	0.10589	0.01867	0.01752	0.01376	0.00675	0.00533	0.00173	0.00541	0.00542	0.00490	0.00819
8	0.00781	0.00520	0.00585	0.00585	0.00585	0.00520	0.00325	0.00781	0.00781	0.01041	0.01691	0.03513	0.01952	0.81135	0.02732	0.00520	0.00520	0.00781	0.00325	0.00325
9	0.02005	0.02558	0.01521	0.01383	0.01659	0.78980	0.01037	0.02143	0.01521	0.01314	0.00830	0.00968	0.00691	0.00553	0.00484	0.00138	0.00968	0.00346	0.00277	0.00622
10	0.01134	0.02376	0.55691	0.01751	0.02469	0.01280	0.24245	0.01706	0.01174	0.01706	0.01000	0.01228	0.00721	0.00493	0.00547	0.00173	0.00827	0.00468	0.00240	0.00772
11	0.01001	0.00500	0.00500	0.00500	0.00625	0.00500	0.00375	0.01251	0.01126	0.02001	0.01751	0.02001	0.01376	0.00625	0.00375	0.00125	0.00250	0.00500	0.84115	0.00500
12	0.00781	0.00520	0.00585	0.00585	0.00585	0.00520	0.00325	0.00781	0.00781	0.01041	0.01691	0.03513	0.01952	0.81135	0.02732	0.00520	0.00520	0.00781	0.00325	0.00325
13	0.01005	0.00909	0.01492	0.31833	0.26211	0.00991	0.01241	0.01271	0.01107	0.01492	0.01576	0.25318	0.01613	0.00863	0.00580	0.00185	0.00569	0.00794	0.00325	0.00628
14	0.00704	0.00545	0.00622	0.00635	0.00766	0.00489	0.00471	0.00853	0.01207	0.01537	0.17871	0.09533	0.41062	0.12189	0.00934	0.00235	0.00329	0.09078	0.00492	0.00449
15	0.01113	0.00954	0.01113	0.00795	0.01272	0.00716	0.00636	0.01352	0.01113	0.01749	0.00954	0.01113	0.00795	0.00398	0.00398	0.00080	0.00398	0.00318	0.00318	0.84417
16	0.00685	0.00546	0.00614	0.00597	0.00756	0.00475	0.00448	0.00868	0.01343	0.01734	0.34570	0.04699	0.48260	0.01254	0.00634	0.00176	0.00264	0.01067	0.00536	0.00475
17	0.01390	0.00980	0.01196	0.18655	0.01754	0.06839	0.00911	0.10585	0.01497	0.16807	0.20977	0.06857	0.02295	0.00851	0.00581	0.00176	0.00513	0.05993	0.00483	0.00659

[dist]
# distance from previous block
# <min> <max>
0	4

[block]
# block no. 7 follows, 45 sequences, length 10
# corresponding to MSA columns:
# 394-403
name=unknown_H
#
# <colnr> <probs for GDERKNQSTAVLIFYWHMCP>
#	G	D	E	R	K	N	Q	S	T	A	V	L	I	F	Y	W	H	M	C	P
0	0.01203	0.01289	0.11663	0.01389	0.11766	0.01181	0.01056	0.02229	0.44549	0.02041	0.08946	0.06968	0.01844	0.00760	0.00556	0.00178	0.00480	0.00653	0.00466	0.00784
1	0.01197	0.01004	0.01158	0.00835	0.01308	0.00802	0.00671	0.08112	0.01241	0.01897	0.00984	0.01129	0.00806	0.00420	0.00410	0.00087	0.00415	0.00333	0.00338	0.76854
2	0.00756	0.00618	0.00677	0.00667	0.00837	0.00581	0.00497	0.01097	0.11453	0.01687	0.18976	0.13089	0.44588	0.01259	0.00628	0.00183	0.00293	0.01074	0.00523	0.00515
3	0.00782	0.00598	0.00756	0.00748	0.00902	0.00515	0.00533	0.00935	0.01125	0.01585	0.14156	0.49486	0.03121	0.01280	0.00607	0.00177	0.00323	0.01147	0.00469	0.20756
4	0.01122	0.12669	0.68856	0.01453	0.02204	0.01357	0.01849	0.01688	0.01128	0.01645	0.00936	0.01099	0.00681	0.00504	0.00489	0.00163	0.00766	0.00383	0.00227	0.00780
5	0.01435	0.81458	0.02813	0.00918	0.01378	0.02124	0.00918	0.01607	0.01091	0.01263	0.00746	0.00861	0.00689	0.00459	0.00344	0.00115	0.00574	0.00287	0.00230	0.00689
6	0.01792	0.01596	0.01359	0.01154	0.01485	0.24993	0.00906	0.22741	0.17575	0.10815	0.01818	0.01764	0.08206	0.00703	0.00532	0.00161	0.00626	0.00534	0.00470	0.00768
7	0.00644	0.00544	0.00557	0.00554	0.00731	0.00457	0.00416	0.00789	0.01247	0.01505	0.11045	0.05076	0.71928	0.01339	0.00634	0.00180	0.00270	0.01120	0.00506	0.00457
8	0.00670	0.00522	0.00609	0.00637	0.00760	0.00461	0.00459	0.00821	0.01234	0.01592	0.21697	0.27966	0.37865	0.01396	0.00650	0.00190	0.00280	0.01215	0.00520	0.00461
9	0.00676	0.00518	0.00619	0.00651	0.00765	0.00462	0.00467	0.00829	0.01237	0.01616	0.24452	0.31281	0.31692	0.01400	0.00652	0.00191	0.00281	0.01226	0.00524	0.00462

[dist]
# distance from previous block
# <min> <max>
0	32

[block]
# block no. 8 follows, 45 sequences, length 7
# corresponding to MSA columns:
# 437-443
name=unknown_I
#
# <colnr> <probs for GDERKNQSTAVLIFYWHMCP>
#	G	D	E	R	K	N	Q	S	T	A	V	L	I	F	Y	W	H	M	C	P
0	0.00863	0.01068	0.14667	0.01076	0.04539	0.00748	0.08950	0.01176	0.01336	0.01830	0.34166	0.03406	0.22099	0.00964	0.00607	0.00173	0.00440	0.00853	0.00455	0.00582
1	0.63884	0.01156	0.00998	0.00840	0.01197	0.01321	0.00693	0.20471	0.01322	0.02656	0.00885	0.00978	0.00666	0.00535	0.00384	0.00165	0.00460	0.00340	0.00384	0.00666
2	0.01027	0.00916	0.01205	0.17802	0.09917	0.04676	0.00898	0.01300	0.01290	0.01800	0.29762	0.02287	0.02386	0.00707	0.00534	0.00146	0.00465	0.00616	0.00396	0.21872
3	0.00718	0.00511	0.00587	0.00620	0.00664	0.00485	0.00387	0.00770	0.00933	0.01209	0.02765	0.24308	0.17261	0.44384	0.01777	0.00374	0.00416	0.01047	0.00405	0.00380
4	0.01715	0.01261	0.01384	0.01093	0.01446	0.01371	0.00890	0.56960	0.02269	0.03071	0.20638	0.01980	0.01967	0.00759	0.00561	0.00163	0.00505	0.00607	0.00551	0.00810
5	0.01069	0.01028	0.00830	0.00816	0.00892	0.20425	0.00536	0.01121	0.01012	0.01168	0.01696	0.16469	0.01913	0.46691	0.01801	0.00370	0.00597	0.00801	0.00343	0.00420
6	0.01787	0.01279	0.01236	0.01031	0.01342	0.16786	0.00815	0.16168	0.05242	0.25396	0.20840	0.02112	0.02083	0.00751	0.00552	0.00161	0.00533	0.00602	0.00537	0.00748

[dist]
# distance from previous block
# <min> <max>
0	40

[block]
# block no. 9 follows, 45 sequences, length 26
# corresponding to MSA columns:
# 484-509
name=unknown_J
#
# <colnr> <probs for GDERKNQSTAVLIFYWHMCP>
#	G	D	E	R	K	N	Q	S	T	A	V	L	I	F	Y	W	H	M	C	P
0	0.01206	0.03527	0.18939	0.14601	0.26731	0.01309	0.20177	0.01621	0.01175	0.01647	0.00994	0.01316	0.00775	0.00502	0.00587	0.00171	0.03222	0.00494	0.00253	0.00754
1	0.00683	0.00505	0.00626	0.00679	0.00760	0.00462	0.00470	0.00816	0.01163	0.01544	0.20582	0.42508	0.18578	0.07069	0.00807	0.00221	0.00305	0.01267	0.00508	0.00448
2	0.01174	0.01083	0.01770	0.52834	0.24346	0.01249	0.01502	0.06697	0.01217	0.01620	0.00993	0.01392	0.00767	0.00528	0.00535	0.00172	0.00685	0.00478	0.00267	0.00690
3	0.01870	0.01639	0.01492	0.01340	0.06907	0.23149	0.00995	0.32465	0.07949	0.09574	0.01552	0.01554	0.05764	0.00661	0.00529	0.00158	0.00654	0.00500	0.00455	0.00793
4	0.01224	0.01325	0.12501	0.34863	0.13896	0.01221	0.07912	0.01774	0.11737	0.06454	0.01220	0.01481	0.00907	0.00552	0.00542	0.00175	0.00675	0.00502	0.00314	0.00728
5	0.01366	0.01184	0.01634	0.22091	0.06144	0.03976	0.08119	0.14616	0.07969	0.04295	0.01186	0.01429	0.00911	0.00611	0.00677	0.00170	0.10523	0.00490	0.05641	0.06968
6	0.00883	0.00852	0.01486	0.06731	0.01631	0.00802	0.24381	0.01137	0.01197	0.01530	0.03150	0.15647	0.30314	0.01075	0.00644	0.00192	0.00527	0.06864	0.00408	0.00549
