[name]
unknown

[dist]
# distance from previous block
# <min> <max>
0	16

[block]
# block no. 0 follows, 36 sequences, length 17
# corresponding to MSA columns:
# 516-532
name=unknown_A
#
# <colnr> <probs for GDERKNQSTAVLIFYWHMCP>
#	G	D	E	R	K	N	Q	S	T	A	V	L	I	F	Y	W	H	M	C	P
0	0.01488	0.00810	0.01123	0.01137	0.01372	0.00771	0.00980	0.01762	0.01529	0.21528	0.03072	0.05702	0.03034	0.01465	0.00797	0.00261	0.00562	0.51274	0.00627	0.00705
1	0.00888	0.00628	0.00791	0.00756	0.00863	0.00592	0.00531	0.01103	0.01532	0.02150	0.54456	0.04498	0.04903	0.22031	0.01393	0.00306	0.00378	0.01067	0.00603	0.00531
2	0.01331	0.01227	0.02041	0.03026	0.54410	0.01217	0.01552	0.01630	0.01358	0.01915	0.01783	0.22117	0.01834	0.00933	0.00665	0.00203	0.00638	0.00884	0.00381	0.00857
3	0.02456	0.01917	0.01744	0.01405	0.01851	0.21600	0.01127	0.37323	0.02350	0.19651	0.01575	0.01540	0.01102	0.00725	0.00607	0.00181	0.00768	0.00533	0.00576	0.00969
4	0.00890	0.00668	0.01001	0.01001	0.01113	0.00779	0.00779	0.01113	0.01001	0.01446	0.01669	0.02448	0.01558	0.04673	0.75634	0.01001	0.01669	0.00668	0.00334	0.00556
5	0.01433	0.22710	0.01706	0.01122	0.01372	0.21335	0.00882	0.01581	0.01368	0.01538	0.02058	0.35839	0.02308	0.01206	0.00623	0.00195	0.00652	0.01004	0.00423	0.00646
6	0.23251	0.01299	0.01602	0.49458	0.03247	0.07991	0.01398	0.01736	0.01242	0.01911	0.01030	0.01438	0.00786	0.00613	0.00553	0.00199	0.00762	0.00482	0.00310	0.00690
7	0.01405	0.00774	0.01121	0.01030	0.01242	0.00816	0.00816	0.01632	0.01213	0.21223	0.01882	0.02359	0.01553	0.03619	0.55370	0.00783	0.01361	0.00656	0.00452	0.00692
8	0.01741	0.01737	0.28086	0.01275	0.01826	0.01022	0.01338	0.02161	0.01575	0.29863	0.15961	0.06648	0.02261	0.00871	0.00645	0.00199	0.00617	0.00729	0.00558	0.00886
9	0.01443	0.01161	0.01482	0.04281	0.01588	0.01265	0.04286	0.20420	0.01585	0.02202	0.01590	0.08592	0.01529	0.16112	0.07534	0.00342	0.11652	0.00720	0.00434	0.11783
10	0.01458	0.02387	0.39512	0.01716	0.02409	0.01534	0.10671	0.08580	0.20870	0.02321	0.01553	0.01650	0.01134	0.00666	0.00624	0.00202	0.00801	0.00570	0.00402	0.00941
11	0.01715	0.30030	0.32443	0.01394	0.02077	0.01776	0.01564	0.07639	0.01494	0.12571	0.01253	0.01333	0.00924	0.00609	0.00530	0.00173	0.00753	0.00447	0.00367	0.00908
12	0.01781	0.01676	0.21138	0.01222	0.01728	0.01219	0.01220	0.17684	0.04685	0.16395	0.01768	0.01828	0.01261	0.00708	0.00564	0.00180	0.00603	0.00558	0.22895	0.00887
13	0.00852	0.00591	0.00739	0.00790	0.00818	0.00593	0.00503	0.00921	0.01020	0.01376	0.02442	0.29846	0.02824	0.41207	0.12212	0.00534	0.00664	0.01179	0.00442	0.00447
14	0.60633	0.01241	0.01049	0.00941	0.01317	0.01439	0.00759	0.02231	0.20521	0.02744	0.01318	0.01367	0.01006	0.00650	0.00453	0.00198	0.00485	0.00437	0.00453	0.00759
15	0.00869	0.00682	0.00842	0.00858	0.01006	0.00685	0.00637	0.01186	0.07453	0.01768	0.11608	0.21172	0.24440	0.02404	0.20976	0.00432	0.00705	0.01172	0.00529	0.00576
16	0.01158	0.03527	0.01419	0.01689	0.20833	0.03200	0.01007	0.01555	0.07878	0.02110	0.26800	0.16729	0.07315	0.01138	0.00689	0.00202	0.00483	0.01015	0.00529	0.00724

[dist]
# distance from previous block
# <min> <max>
0	47

[block]
# block no. 1 follows, 36 sequences, length 30
# corresponding to MSA columns:
# 606-635
name=unknown_B
#
# <colnr> <probs for GDERKNQSTAVLIFYWHMCP>
#	G	D	E	R	K	N	Q	S	T	A	V	L	I	F	Y	W	H	M	C	P
0	0.01242	0.01023	0.01177	0.01110	0.01257	0.08138	0.00851	0.06209	0.01253	0.04826	0.01776	0.11009	0.01737	0.08989	0.38999	0.00646	0.07971	0.00769	0.00398	0.00620
1	0.19122	0.00827	0.00952	0.00848	0.01101	0.00811	0.03712	0.01371	0.01508	0.05642	0.33998	0.03939	0.21629	0.01141	0.00653	0.00199	0.00385	0.00959	0.00579	0.00624
2	0.01087	0.04032	0.00920	0.00851	0.00997	0.00653	0.00617	0.01189	0.01292	0.10546	0.06437	0.39540	0.16688	0.01670	0.00934	0.09707	0.00405	0.01311	0.00557	0.00567
3	0.01729	0.01451	0.04657	0.01258	0.01654	0.01544	0.01037	0.22996	0.41273	0.02929	0.02114	0.02040	0.01574	0.00792	0.00606	0.00196	0.00544	0.00638	0.10011	0.00958
4	0.31666	0.00850	0.00774	0.04004	0.01088	0.00911	0.00591	0.01477	0.01237	0.02326	0.02506	0.02618	0.17321	0.00856	0.00492	0.00180	0.00392	0.00651	0.29452	0.00609
5	0.01802	0.01378	0.01682	0.01387	0.01627	0.01669	0.01143	0.25757	0.05038	0.08147	0.01396	0.01623	0.01097	0.00895	0.01199	0.00220	0.32645	0.00568	0.09886	0.00842
6	0.48563	0.33650	0.01902	0.00923	0.01370	0.01846	0.00839	0.01846	0.01147	0.02237	0.00867	0.01007	0.00727	0.00559	0.00392	0.00168	0.00559	0.00336	0.00336	0.00727
7	0.01668	0.02532	0.48658	0.01564	0.02334	0.01370	0.01827	0.10294	0.01588	0.15632	0.01409	0.01484	0.00967	0.00636	0.00595	0.00189	0.00795	0.00498	0.00405	0.05555
8	0.04423	0.01433	0.12753	0.10621	0.10783	0.01215	0.01241	0.14715	0.01644	0.06495	0.01983	0.02146	0.08393	0.00758	0.00579	0.00184	0.00605	0.00619	0.18600	0.00810
9	0.01090	0.00685	0.00884	0.00806	0.00999	0.00620	0.00615	0.01364	0.01732	0.10795	0.58848	0.04494	0.12172	0.01246	0.00722	0.00197	0.00324	0.01087	0.00685	0.00637
10	0.08913	0.01107	0.01214	0.01088	0.01360	0.01194	0.00837	0.24667	0.10689	0.02698	0.10632	0.27875	0.02730	0.01216	0.00674	0.00214	0.00487	0.01036	0.00595	0.00772
11	0.00762	0.00583	0.00700	0.00775	0.00884	0.00521	0.00541	0.00906	0.01328	0.01708	0.11021	0.45068	0.29452	0.01754	0.00768	0.00232	0.00339	0.01547	0.00588	0.00521
12	0.01017	0.00544	0.00790	0.00815	0.00821	0.00538	0.00540	0.00826	0.00883	0.01177	0.01535	0.15229	0.01669	0.05772	0.02184	0.63726	0.00513	0.00773	0.00329	0.00317
13	0.02016	0.19420	0.02130	0.01480	0.01804	0.42070	0.01200	0.06454	0.01586	0.01655	0.00949	0.01160	0.00820	0.00702	0.00786	0.00175	0.14101	0.00421	0.00319	0.00753
14	0.01210	0.00906	0.00999	0.00941	0.01165	0.00941	0.00720	0.11361	0.15162	0.02263	0.07009	0.14726	0.18184	0.05609	0.00821	0.00233	0.00439	0.06172	0.10449	0.00689
15	0.01632	0.01911	0.09522	0.11100	0.08877	0.16675	0.17257	0.09125	0.01614	0.02048	0.06782	0.01701	0.01274	0.00697	0.00756	0.00198	0.07059	0.00599	0.00363	0.00809
16	0.01377	0.01931	0.23899	0.15830	0.09965	0.01486	0.13872	0.02228	0.18886	0.02068	0.01493	0.01712	0.01116	0.00644	0.00635	0.00204	0.00804	0.00594	0.00370	0.00887
17	0.25927	0.01384	0.02197	0.10964	0.23841	0.01443	0.18389	0.01919	0.01319	0.05328	0.01149	0.01455	0.00889	0.00572	0.00577	0.00196	0.00739	0.00536	0.00350	0.00826
18	0.01280	0.01914	0.32262	0.01419	0.01985	0.01157	0.09604	0.01898	0.07917	0.05028	0.05498	0.02296	0.08638	0.00770	0.00606	0.00191	0.00674	0.00661	0.15398	0.00805
19	0.01178	0.00889	0.01206	0.13154	0.01725	0.00818	0.05154	0.01426	0.01422	0.10618	0.03991	0.03926	0.39014	0.01111	0.00668	0.00192	0.00490	0.00945	0.00509	0.11566
20	0.01317	0.00978	0.01537	0.08817	0.25387	0.00984	0.01183	0.01567	0.01325	0.10687	0.02182	0.28947	0.02218	0.01498	0.08172	0.00294	0.00680	0.01010	0.00461	0.00754
21	0.01285	0.01048	0.01668	0.09783	0.32031	0.01049	0.01277	0.01588	0.01469	0.06484	0.19462	0.15513	0.02746	0.00993	0.00678	0.00202	0.00562	0.00910	0.00473	0.00781
22	0.01680	0.01524	0.01990	0.11063	0.30846	0.07357	0.01476	0.14694	0.10466	0.02349	0.01411	0.01651	0.01110	0.00674	0.00667	0.00191	0.03993	0.00563	0.05388	0.00907
23	0.00819	0.00569	0.00715	0.00807	0.00833	0.00547	0.00517	0.00893	0.01095	0.01459	0.02896	0.49036	0.03432	0.29606	0.01660	0.00381	0.00455	0.03311	0.00505	0.00461
24	0.01678	0.01636	0.10624	0.10353	0.09362	0.01569	0.01361	0.23644	0.23104	0.02750	0.06124	0.01937	0.01538	0.00756	0.00629	0.00198	0.00655	0.00625	0.00515	0.00942
25	0.01127	0.00772	0.00965	0.00838	0.01101	0.00662	0.00639	0.01391	0.01565	0.07945	0.38728	0.10871	0.05831	0.01090	0.00653	0.00175	0.00360	0.00950	0.04082	0.20253
26	0.01333	0.09108	0.10634	0.01381	0.10450	0.01136	0.01085	0.01652	0.01286	0.01921	0.01141	0.01454	0.00978	0.04898	0.00644	0.00150	0.00580	0.00430	0.00339	0.49401
27	0.01502	0.00979	0.01130	0.00936	0.01249	0.00921	0.00701	0.07251	0.10213	0.14786	0.02326	0.02881	0.08855	0.23843	0.01360	0.00296	0.00523	0.00725	0.00516	0.19007
28	0.09560	0.07201	0.01333	0.01022	0.01340	0.04369	0.00815	0.10514	0.11454	0.06932	0.25421	0.07091	0.03963	0.00963	0.00620	0.00188	0.00481	0.00794	0.00572	0.05366
29	0.11522	0.18249	0.01774	0.01070	0.01497	0.01368	0.03613	0.06108	0.01461	0.10745	0.09761	0.05213	0.01666	0.00735	0.00587	0.00162	0.03498	0.00573	0.00452	0.19945

[dist]
# distance from previous block
# <min> <max>
0	14

[block]
# block no. 2 follows, 36 sequences, length 13
# corresponding to MSA columns:
# 660-672
name=unknown_C
#
# <colnr> <probs for GDERKNQSTAVLIFYWHMCP>
#	G	D	E	R	K	N	Q	S	T	A	V	L	I	F	Y	W	H	M	C	P
0	0.01454	0.00909	0.01029	0.00912	0.01123	0.00929	0.00656	0.07235	0.14904	0.14090	0.02505	0.03305	0.08280	0.34146	0.01724	0.00372	0.00537	0.00815	0.04392	0.00682
1	0.01412	0.01071	0.01315	0.10282	0.01748	0.01095	0.00930	0.08877	0.15128	0.07367	0.08409	0.02417	0.07106	0.01273	0.09672	0.00274	0.00657	0.00670	0.02042	0.18254
2	0.01397	0.01249	0.01835	0.01525	0.01721	0.01519	0.09789	0.13284	0.01363	0.01951	0.01251	0.01763	0.01105	0.02081	0.24597	0.00478	0.31402	0.00609	0.00356	0.00725
3	0.01290	0.14113	0.01921	0.06672	0.01695	0.01701	0.01203	0.01477	0.01038	0.01488	0.01045	0.01576	0.00988	0.01800	0.18841	0.00415	0.41239	0.00539	0.00286	0.00673
4	0.01574	0.00790	0.01055	0.00901	0.01169	0.00706	0.00706	0.01849	0.01771	0.28590	0.48057	0.03738	0.04311	0.01092	0.00696	0.00195	0.00379	0.00946	0.00717	0.00759
5	0.01557	0.01234	0.01342	0.01198	0.01535	0.01389	0.00933	0.03033	0.59421	0.07695	0.11154	0.02592	0.02357	0.00892	0.00646	0.00208	0.00472	0.00750	0.00650	0.00943
6	0.01492	0.00986	0.01426	0.19166	0.02057	0.01091	0.02539	0.06943	0.01472	0.15822	0.10468	0.02300	0.01813	0.01669	0.17258	0.00377	0.05943	0.00668	0.05767	0.00742
7	0.00806	0.00609	0.00713	0.00756	0.00872	0.00554	0.00535	0.00950	0.01316	0.01690	0.12877	0.24921	0.30138	0.14482	0.01169	0.00291	0.00391	0.05868	0.00558	0.00506
8	0.01749	0.00809	0.00973	0.00837	0.01118	0.00766	0.00661	0.02118	0.06213	0.28514	0.09576	0.02489	0.02035	0.00806	0.00548	0.00172	0.00391	0.00661	0.38782	0.00781
9	0.05690	0.00749	0.00982	0.06491	0.01299	0.00730	0.03004	0.01414	0.01382	0.10848	0.11096	0.26629	0.11252	0.01259	0.00663	0.00208	0.00421	0.01100	0.14151	0.00632
10	0.02270	0.01859	0.01776	0.01451	0.01822	0.19603	0.01171	0.31618	0.02125	0.15394	0.01426	0.01494	0.01043	0.00782	0.00840	0.00196	0.13162	0.00531	0.00519	0.00917
11	0.01551	0.16070	0.26706	0.04929	0.02114	0.06423	0.01446	0.06884	0.01462	0.05166	0.01144	0.01304	0.00880	0.00572	0.00528	0.00156	0.00735	0.00429	0.00343	0.21160
12	0.13930	0.01317	0.01734	0.01937	0.22954	0.01370	0.02685	0.15527	0.07066	0.12580	0.09381	0.02057	0.01686	0.00751	0.00607	0.00194	0.00598	0.02202	0.00515	0.00908

[dist]
# distance from previous block
# <min> <max>
0	1

[block]
# block no. 3 follows, 36 sequences, length 22
# corresponding to MSA columns:
# 674-695
name=unknown_D
#
# <colnr> <probs for GDERKNQSTAVLIFYWHMCP>
#	G	D	E	R	K	N	Q	S	T	A	V	L	I	F	Y	W	H	M	C	P
0	0.01620	0.01648	0.10848	0.12710	0.28410	0.04466	0.01610	0.08224	0.01512	0.07599	0.01242	0.01516	0.00963	0.00639	0.00709	0.00187	0.06610	0.00525	0.00366	0.08596
1	0.01996	0.09110	0.08869	0.13722	0.04636	0.31880	0.01379	0.11769	0.01743	0.07482	0.01186	0.01358	0.00903	0.00646	0.00575	0.00176	0.00899	0.00469	0.00379	0.00823
2	0.01081	0.00768	0.00982	0.00948	0.01102	0.00793	0.00753	0.01220	0.01300	0.07185	0.05929	0.06636	0.29593	0.01675	0.04202	0.10140	0.10926	0.13693	0.00507	0.00568
3	0.00779	0.00595	0.00716	0.00766	0.00888	0.00532	0.00544	0.00947	0.01403	0.01830	0.20522	0.35891	0.29007	0.01666	0.00761	0.00225	0.00330	0.01464	0.00603	0.00532
4	0.02565	0.01013	0.01392	0.01096	0.01533	0.00899	0.00899	0.02804	0.01689	0.65796	0.02363	0.02160	0.01544	0.01243	0.09697	0.00291	0.00668	0.00632	0.00718	0.00999
5	0.01054	0.00675	0.00888	0.00813	0.00990	0.00617	0.00617	0.01343	0.01765	0.08975	0.67476	0.04427	0.05490	0.01229	0.00725	0.00196	0.00315	0.01082	0.00694	0.00630
6	0.82504	0.01205	0.00916	0.00819	0.01205	0.01398	0.00675	0.01832	0.01060	0.02795	0.00868	0.01012	0.00675	0.00578	0.00386	0.00193	0.00482	0.00337	0.00386	0.00675
7	0.00890	0.00668	0.01001	0.01001	0.01113	0.00779	0.00779	0.01113	0.01001	0.01446	0.01669	0.02448	0.01558	0.04673	0.75634	0.01001	0.01669	0.00668	0.00334	0.00556
8	0.01905	0.01283	0.01458	0.01204	0.01584	0.01354	0.00985	0.34965	0.08091	0.13054	0.11919	0.02978	0.06843	0.00991	0.00673	0.00204	0.00560	0.08404	0.00645	0.00902
9	0.01957	0.45189	0.02604	0.01304	0.01743	0.34709	0.01127	0.02140	0.01486	0.01492	0.00909	0.01054	0.00801	0.00581	0.00471	0.00145	0.00868	0.00363	0.00291	0.00766
10	0.82504	0.01205	0.00916	0.00819	0.01205	0.01398	0.00675	0.01832	0.01060	0.02795	0.00868	0.01012	0.00675	0.00578	0.00386	0.00193	0.00482	0.00337	0.00386	0.00675
11	0.02172	0.01556	0.01660	0.01295	0.01736	0.01712	0.01062	0.60643	0.02666	0.03666	0.01583	0.01630	0.01147	0.00744	0.00593	0.00180	0.00621	0.00564	0.13786	0.00982
12	0.00784	0.00633	0.00698	0.00682	0.00871	0.00546	0.00511	0.00987	0.01533	0.01952	0.28598	0.05554	0.51510	0.01478	0.00736	0.00206	0.00308	0.01253	0.00614	0.00546
13	0.01217	0.01143	0.01925	0.61387	0.15512	0.01361	0.01708	0.01612	0.01272	0.01664	0.01222	0.05038	0.01003	0.00671	0.00630	0.00206	0.00795	0.00608	0.00295	0.00732
14	0.00851	0.00660	0.00886	0.09956	0.01313	0.00645	0.00704	0.01072	0.01445	0.01938	0.29367	0.29927	0.15950	0.01481	0.00743	0.00220	0.00386	0.01313	0.00581	0.00562
15	0.00983	0.00576	0.00737	0.00737	0.00737	0.00576	0.00449	0.00865	0.00865	0.01153	0.01577	0.03121	0.01747	0.44826	0.02849	0.36216	0.00576	0.00746	0.00331	0.00331
16	0.01815	0.38295	0.11314	0.01452	0.02004	0.13317	0.09805	0.07407	0.01531	0.06143	0.01101	0.01243	0.00880	0.00586	0.00518	0.00162	0.00806	0.00442	0.00338	0.00842
17	0.01004	0.00775	0.00953	0.09966	0.01401	0.00773	0.00745	0.01404	0.08945	0.04348	0.20683	0.07940	0.30093	0.01277	0.00704	0.00209	0.00410	0.03848	0.03894	0.00629
18	0.01384	0.10354	0.31816	0.01317	0.01966	0.01346	0.01429	0.08407	0.01421	0.02054	0.01197	0.01531	0.00984	0.07290	0.00759	0.00193	0.00706	0.00468	0.00339	0.25039
19	0.01557	0.01755	0.14804	0.03679	0.10351	0.01507	0.16134	0.15295	0.16642	0.02441	0.01720	0.08244	0.01415	0.00774	0.00657	0.00205	0.00744	0.00713	0.00451	0.00910
20	0.09461	0.02034	0.01642	0.01526	0.06352	0.34045	0.01125	0.10937	0.07241	0.15030	0.01492	0.01642	0.01138	0.00716	0.00583	0.00182	0.00818	0.02710	0.00474	0.00851
21	0.01813	0.08241	0.02056	0.04076	0.31906	0.01427	0.01370	0.14043	0.01698	0.15066	0.01699	0.10799	0.01456	0.00795	0.00622	0.00191	0.00643	0.00696	0.00472	0.00930

[dist]
# distance from previous block
# <min> <max>
0	33

[block]
# block no. 4 follows, 36 sequences, length 18
# corresponding to MSA columns:
# 729-746
name=unknown_E
#
# <colnr> <probs for GDERKNQSTAVLIFYWHMCP>
#	G	D	E	R	K	N	Q	S	T	A	V	L	I	F	Y	W	H	M	C	P
0	0.01007	0.01211	0.13733	0.00941	0.01354	0.00781	0.00886	0.01323	0.01438	0.01997	0.17984	0.03628	0.27328	0.01041	0.00636	0.00173	0.00456	0.00871	0.00489	0.22723
1	0.04034	0.14302	0.01339	0.00939	0.01205	0.01120	0.00746	0.03138	0.13811	0.06154	0.06042	0.24004	0.16118	0.01240	0.00648	0.00205	0.00444	0.01050	0.02762	0.00699
2	0.01507	0.01156	0.01358	0.01183	0.01385	0.01310	0.00910	0.28444	0.01772	0.02409	0.01989	0.22628	0.02060	0.14554	0.01353	0.00292	0.13508	0.00947	0.00509	0.00727
3	0.01460	0.01531	0.08950	0.01460	0.01871	0.01515	0.08935	0.02801	0.50031	0.02361	0.02329	0.02270	0.05108	0.00836	0.00735	0.00214	0.05430	0.00703	0.00536	0.00922
4	0.00862	0.00593	0.00718	0.00749	0.00784	0.00575	0.00469	0.00942	0.01133	0.01536	0.14841	0.24183	0.03396	0.44080	0.02103	0.00438	0.00484	0.01179	0.00486	0.00449
5	0.01695	0.01529	0.02389	0.04728	0.02302	0.01723	0.23375	0.20635	0.04637	0.04111	0.01285	0.01588	0.01002	0.00778	0.01073	0.00220	0.23247	0.00618	0.02210	0.00852
6	0.82504	0.01205	0.00916	0.00819	0.01205	0.01398	0.00675	0.01832	0.01060	0.02795	0.00868	0.01012	0.00675	0.00578	0.00386	0.00193	0.00482	0.00337	0.00386	0.00675
7	0.01363	0.01363	0.01908	0.01636	0.01636	0.01908	0.01363	0.01499	0.00954	0.01499	0.00818	0.01363	0.00818	0.01091	0.02045	0.00273	0.76963	0.00545	0.00273	0.00682
8	0.08190	0.01301	0.01784	0.22367	0.21160	0.01474	0.01403	0.02357	0.28959	0.02198	0.01655	0.01832	0.01271	0.00687	0.00606	0.00202	0.00648	0.00594	0.00432	0.00881
9	0.10222	0.01734	0.01836	0.01769	0.14077	0.10632	0.01235	0.38662	0.02245	0.09508	0.01400	0.01466	0.01021	0.00688	0.00591	0.00185	0.00714	0.00524	0.00523	0.00968
10	0.10090	0.01539	0.01518	0.01228	0.01669	0.14783	0.00990	0.13441	0.04809	0.40730	0.01891	0.01747	0.01266	0.00729	0.00592	0.00187	0.00656	0.00551	0.00624	0.00959
11	0.00788	0.00633	0.00702	0.00685	0.00873	0.00548	0.00514	0.00993	0.01541	0.01971	0.30144	0.05523	0.49952	0.01471	0.00736	0.00205	0.00308	0.01249	0.00616	0.00548
12	0.01698	0.01514	0.01325	0.01182	0.01494	0.15736	0.00915	0.10505	0.33497	0.02476	0.01988	0.01997	0.01517	0.00765	0.00570	0.00182	0.00587	0.00599	0.20612	0.00843
13	0.01846	0.01131	0.01678	0.02049	0.29382	0.01089	0.01199	0.05024	0.01606	0.24982	0.08002	0.02125	0.01691	0.00722	0.00599	0.00182	0.00556	0.00631	0.14596	0.00908
14	0.00759	0.00542	0.00723	0.00868	0.00904	0.00506	0.00578	0.00868	0.01193	0.01591	0.03434	0.77697	0.04121	0.01952	0.00795	0.00253	0.00361	0.01771	0.00578	0.00506
15	0.01723	0.01260	0.02098	0.08967	0.35909	0.01242	0.08446	0.02074	0.01473	0.17630	0.01564	0.01793	0.01169	0.00627	0.00607	0.00186	0.00675	0.00592	0.11056	0.00909
16	0.00928	0.00576	0.00723	0.00748	0.00754	0.00570	0.00457	0.00874	0.00930	0.01240	0.01979	0.16257	0.02266	0.44256	0.02559	0.22627	0.00545	0.00957	0.00383	0.00371
17	0.11351	0.01899	0.01459	0.01254	0.01608	0.30472	0.00980	0.17907	0.01870	0.09607	0.01401	0.01497	0.01054	0.00686	0.00540	0.00171	0.00752	0.00483	0.14207	0.00802

[dist]
# distance from previous block
# <min> <max>
1	28

[block]
# block no. 5 follows, 36 sequences, length 46
# corresponding to MSA columns:
# 776-821
name=unknown_F
#
# <colnr> <probs for GDERKNQSTAVLIFYWHMCP>
#	G	D	E	R	K	N	Q	S	T	A	V	L	I	F	Y	W	H	M	C	P
0	0.46704	0.13288	0.14268	0.06762	0.01839	0.01575	0.04074	0.01850	0.01167	0.02328	0.00945	0.01139	0.00736	0.00575	0.00456	0.00186	0.00636	0.00391	0.00335	0.00745
1	0.01895	0.08678	0.02100	0.01639	0.01961	0.36348	0.09440	0.03664	0.10376	0.01751	0.01167	0.01379	0.00963	0.00731	0.00857	0.00192	0.15232	0.00502	0.00351	0.00774
2	0.00876	0.00670	0.00957	0.00991	0.01064	0.00756	0.00739	0.01046	0.01067	0.01499	0.02266	0.30203	0.02466	0.04903	0.41216	0.00664	0.06584	0.01071	0.00421	0.00543
3	0.00759	0.00542	0.00723	0.00868	0.00904	0.00506	0.00578	0.00868	0.01193	0.01591	0.03434	0.77697	0.04121	0.01952	0.00795	0.00253	0.00361	0.01771	0.00578	0.00506
4	0.01472	0.00800	0.00924	0.00834	0.01071	0.00773	0.00642	0.09249	0.01591	0.15887	0.06483	0.14544	0.10590	0.01056	0.00599	0.00186	0.00393	0.00887	0.31316	0.00705
5	0.02179	0.01590	0.01697	0.01329	0.01779	0.01758	0.01089	0.59575	0.07741	0.03659	0.01628	0.01645	0.01178	0.00752	0.00604	0.00184	0.00629	0.00573	0.09407	0.01002
6	0.47562	0.00961	0.00816	0.00744	0.01043	0.01063	0.00597	0.01750	0.01191	0.06326	0.01391	0.01566	0.01069	0.00644	0.00417	0.00175	0.00412	0.00445	0.31170	0.00659
7	0.19148	0.01583	0.01640	0.01282	0.01756	0.01747	0.01058	0.52470	0.02456	0.08781	0.01434	0.01440	0.01014	0.00714	0.00574	0.00189	0.00632	0.00519	0.00584	0.00979
8	0.07527	0.01283	0.01999	0.02267	0.29177	0.01284	0.09509	0.07879	0.01503	0.14337	0.01525	0.01953	0.01239	0.09314	0.06226	0.00293	0.00769	0.00619	0.00429	0.00869
9	0.01666	0.78478	0.03265	0.01066	0.01599	0.02465	0.01066	0.01866	0.01266	0.01466	0.00866	0.00999	0.00800	0.00533	0.00400	0.00133	0.00666	0.00333	0.00267	0.00800
10	0.27805	0.01207	0.01152	0.01042	0.01381	0.01387	0.00821	0.02614	0.41324	0.02635	0.01935	0.01898	0.01468	0.00745	0.00530	0.00198	0.00466	0.00571	0.09984	0.00838
11	0.01903	0.32705	0.10251	0.01355	0.01831	0.29953	0.01235	0.07348	0.01587	0.01763	0.01026	0.01173	0.00852	0.00605	0.00500	0.00155	0.00853	0.00400	0.03711	0.00794
12	0.00797	0.00634	0.00715	0.00694	0.00879	0.00552	0.00521	0.01011	0.01562	0.02021	0.34287	0.05441	0.45778	0.01452	0.00736	0.00204	0.00307	0.01237	0.00623	0.00552
13	0.00825	0.00708	0.00716	0.00700	0.00926	0.00637	0.00529	0.01156	0.09198	0.01783	0.05902	0.05598	0.66144	0.01498	0.00725	0.00210	0.00335	0.01249	0.00585	0.00576
14	0.00800	0.00596	0.00746	0.00798	0.00909	0.00542	0.00569	0.00983	0.01431	0.01911	0.26920	0.37373	0.19240	0.01648	0.00765	0.00226	0.00335	0.03056	0.00613	0.00538
15	0.01082	0.00541	0.00812	0.00812	0.00812	0.00541	0.00541	0.00812	0.00812	0.01082	0.01082	0.01894	0.01082	0.02165	0.02435	0.81872	0.00541	0.00541	0.00271	0.00271
16	0.01666	0.78478	0.03265	0.01066	0.01599	0.02465	0.01066	0.01866	0.01266	0.01466	0.00866	0.00999	0.00800	0.00533	0.00400	0.00133	0.00666	0.00333	0.00267	0.00800
17	0.01065	0.00864	0.01057	0.13015	0.01587	0.00916	0.00820	0.01673	0.17609	0.02155	0.23158	0.03806	0.21218	0.01107	0.00671	0.00201	0.00430	0.00944	0.07028	0.00678
18	0.01005	0.00974	0.07142	0.00925	0.01163	0.00823	0.00763	0.01538	0.14705	0.02129	0.30105	0.09303	0.15922	0.09575	0.00973	0.00250	0.00426	0.01047	0.00581	0.00650
19	0.08298	0.01967	0.01605	0.01357	0.01744	0.29538	0.01065	0.23726	0.02031	0.14669	0.01548	0.06908	0.01235	0.00786	0.00595	0.00183	0.00787	0.00582	0.00513	0.00863
20	0.42448	0.39495	0.02080	0.00942	0.01400	0.01927	0.00869	0.01848	0.01162	0.02137	0.00867	0.01006	0.00737	0.00556	0.00393	0.00163	0.00573	0.00335	0.00327	0.00737
21	0.01600	0.01313	0.01956	0.02163	0.25121	0.04228	0.10035	0.07894	0.06721	0.10355	0.11033	0.10933	0.02100	0.00871	0.00668	0.00199	0.00647	0.00806	0.00491	0.00865
22	0.82504	0.01205	0.00916	0.00819	0.01205	0.01398	0.00675	0.01832	0.01060	0.02795	0.00868	0.01012	0.00675	0.00578	0.00386	0.00193	0.00482	0.00337	0.00386	0.00675
23	0.00879	0.00639	0.00879	0.07282	0.01246	0.00626	0.00724	0.01070	0.01345	0.03132	0.15895	0.46349	0.06975	0.01657	0.00771	0.00240	0.00413	0.08749	0.00575	0.00555
24	0.01054	0.00788	0.00987	0.00921	0.00954	0.00928	0.00658	0.01152	0.00989	0.01473	0.01674	0.03010	0.01752	0.41103	0.08837	0.00488	0.18931	0.00748	0.13058	0.00498
25	0.01315	0.01249	0.02119	0.49023	0.30791	0.01421	0.01799	0.01713	0.01311	0.01760	0.01132	0.01616	0.00890	0.00597	0.00621	0.00199	0.00796	0.00554	0.00289	0.00804
26	0.00782	0.00569	0.00753	0.00862	0.00919	0.00549	0.00591	0.00905	0.01171	0.01562	0.03336	0.59086	0.08716	0.05370	0.11316	0.00368	0.00550	0.01550	0.00536	0.00509
27	0.01342	0.02234	0.37963	0.13348	0.02553	0.01502	0.01803	0.09371	0.01426	0.02025	0.01476	0.01730	0.06032	0.00768	0.00855	0.00211	0.13639	0.00561	0.00328	0.00832
28	0.67465	0.01178	0.01016	0.00874	0.01278	0.01307	0.00720	0.02059	0.01197	0.16353	0.01168	0.01221	0.00838	0.00615	0.00431	0.00193	0.00491	0.00392	0.00458	0.00748
29	0.01363	0.01363	0.01908	0.01636	0.01636	0.01908	0.01363	0.01499	0.00954	0.01499	0.00818	0.01363	0.00818	0.01091	0.02045	0.00273	0.76963	0.00545	0.00273	0.00682
30	0.01669	0.01209	0.01391	0.09956	0.01830	0.03220	0.01004	0.08995	0.31430	0.14533	0.02584	0.10545	0.06973	0.00965	0.00653	0.00209	0.00546	0.00812	0.00596	0.00879
31	0.08721	0.02413	0.01808	0.01549	0.01927	0.51432	0.07099	0.02482	0.01687	0.13410	0.01221	0.01322	0.00923	0.00648	0.00573	0.00172	0.00971	0.00461	0.00398	0.00783
32	0.01329	0.01646	0.23143	0.01277	0.01834	0.01009	0.06844	0.01744	0.01456	0.09902	0.13559	0.02477	0.09771	0.00792	0.00614	0.00173	0.00609	0.00679	0.00451	0.20689
33	0.00845	0.00635	0.00782	0.00745	0.00908	0.00572	0.00559	0.01104	0.01676	0.02291	0.56700	0.04995	0.23196	0.01351	0.00735	0.00200	0.00299	0.01175	0.00659	0.00572
34	0.01731	0.01719	0.01492	0.01347	0.01692	0.18823	0.01037	0.03119	0.56454	0.02354	0.02169	0.02044	0.01646	0.00798	0.00617	0.00199	0.00640	0.00634	0.00561	0.00925
35	0.01810	0.53431	0.03049	0.01335	0.01877	0.02073	0.12975	0.02071	0.01381	0.13012	0.01182	0.01290	0.00940	0.00569	0.00492	0.00156	0.00710	0.00447	0.00354	0.00847
36	0.00773	0.00611	0.00696	0.00719	0.00875	0.00534	0.00523	0.00948	0.01439	0.01835	0.19990	0.22648	0.42999	0.01602	0.00750	0.00217	0.00322	0.01383	0.00601	0.00534
37	0.01104	0.02001	0.37221	0.10257	0.02341	0.01147	0.06627	0.01587	0.01308	0.01853	0.05517	0.22425	0.01978	0.00998	0.00669	0.00215	0.00734	0.00883	0.00376	0.00758
38	0.01373	0.00715	0.00876	0.00802	0.00926	0.00676	0.00528	0.01442	0.01149	0.19809	0.02194	0.08881	0.02216	0.53065	0.02357	0.00475	0.00568	0.00898	0.00492	0.00559
39	0.00789	0.00568	0.00748	0.00841	0.00909	0.00527	0.00578	0.00944	0.01339	0.01816	0.20845	0.57840	0.06389	0.01775	0.00779	0.00238	0.00344	0.01601	0.00605	0.00527
40	0.01523	0.01608	0.08725	0.14051	0.20248	0.01606	0.13093	0.12093	0.01520	0.02123	0.01166	0.01543	0.00931	0.00775	0.02468	0.00227	0.14522	0.00577	0.00341	0.00858
41	0.01224	0.01141	0.01739	0.27065	0.16611	0.01300	0.01400	0.01523	0.01263	0.01727	0.01897	0.02455	0.10864	0.00878	0.00906	0.00211	0.15049	0.04811	0.00348	0.07587
42	0.01499	0.01480	0.08080	0.08770	0.20022	0.07466	0.01305	0.04837	0.06595	0.07516	0.10049	0.02395	0.09308	0.00798	0.00626	0.00185	0.00644	0.00679	0.00449	0.07297
43	0.08041	0.01881	0.01756	0.07789	0.14940	0.27541	0.01256	0.09141	0.04707	0.10938	0.05070	0.01624	0.01252	0.00687	0.00589	0.00182	0.00799	0.00529	0.00436	0.00842
44	0.08120	0.10490	0.01632	0.10565	0.04490	0.14372	0.01043	0.06731	0.01503	0.10727	0.04730	0.12733	0.01685	0.03685	0.03244	0.00233	0.02119	0.00710	0.00444	0.00743
45	0.01687	0.06296	0.01378	0.04942	0.01465	0.01049	0.00873	0.09930	0.01433	0.21671	0.01687	0.02074	0.01349	0.05249	0.21151	0.15093	0.00884	0.00602	0.00470	0.00718

[dist]
# distance from previous block
# <min> <max>
4	93

[block]
# block no. 6 follows, 36 sequences, length 32
# corresponding to MSA columns:
# 921-952
name=unknown_G
#
# <colnr> <probs for GDERKNQSTAVLIFYWHMCP>
#	G	D	E	R	K	N	Q	S	T	A	V	L	I	F	Y	W	H	M	C	P
0	0.13465	0.22235	0.07450	0.04097	0.01507	0.01430	0.00952	0.07996	0.01440	0.02061	0.07670	0.09499	0.12816	0.02882	0.00634	0.00198	0.00553	0.01971	0.00435	0.00710
1	0.09258	0.08777	0.01596	0.04285	0.01690	0.15029	0.00994	0.13677	0.17362	0.07898	0.02206	0.02170	0.10844	0.00821	0.00587	0.00187	0.00648	0.00626	0.00506	0.00836
2	0.17186	0.01791	0.01371	0.01192	0.01555	0.28364	0.00916	0.08357	0.01559	0.02107	0.01354	0.11340	0.01269	0.00774	0.00543	0.00166	0.00715	0.00579	0.00406	0.18455
3	0.12320	0.01667	0.01392	0.01295	0.01478	0.26571	0.00991	0.03472	0.01362	0.01767	0.01631	0.22820	0.01734	0.01105	0.00930	0.00216	0.17383	0.00816	0.00399	0.00654
4	0.00772	0.00578	0.00689	0.00769	0.00855	0.00525	0.00519	0.00881	0.01226	0.01569	0.04137	0.45553	0.25664	0.11946	0.01092	0.00286	0.00379	0.01514	0.00552	0.00495
5	0.00774	0.00553	0.00740	0.00884	0.00927	0.00519	0.00604	0.00893	0.01207	0.01607	0.03426	0.73475	0.04089	0.01938	0.00799	0.00255	0.00374	0.05848	0.00578	0.00510
6	0.00792	0.00625	0.00714	0.00709	0.00880	0.00547	0.00525	0.00995	0.01526	0.01975	0.30933	0.12071	0.42493	0.01500	0.00741	0.00209	0.00312	0.01287	0.00618	0.00547
7	0.02254	0.01688	0.01806	0.01410	0.01889	0.01879	0.01157	0.62536	0.12719	0.03742	0.01641	0.01612	0.01177	0.00762	0.00625	0.00190	0.00659	0.00581	0.00625	0.01049
8	0.12568	0.01062	0.01218	0.01006	0.01348	0.01074	0.00808	0.17262	0.01910	0.21509	0.26689	0.02721	0.02822	0.00912	0.00623	0.00191	0.00465	0.00745	0.04246	0.00824
9	0.17650	0.01642	0.01688	0.01316	0.01794	0.01830	0.01087	0.58732	0.02573	0.03711	0.01376	0.01404	0.00986	0.00716	0.00578	0.00188	0.00647	0.00518	0.00578	0.00986
10	0.01542	0.01480	0.02529	0.03824	0.74217	0.01480	0.01912	0.01912	0.01419	0.02036	0.01172	0.01542	0.00987	0.00555	0.00617	0.00185	0.00740	0.00555	0.00308	0.00987
11	0.01666	0.78478	0.03265	0.01066	0.01599	0.02465	0.01066	0.01866	0.01266	0.01466	0.00866	0.00999	0.00800	0.00533	0.00400	0.00133	0.00666	0.00333	0.00267	0.00800
12	0.37804	0.00862	0.00732	0.00688	0.00942	0.00949	0.00543	0.01623	0.01196	0.02536	0.01508	0.01732	0.01182	0.00659	0.00413	0.00167	0.00377	0.00471	0.44994	0.00623
13	0.00939	0.00735	0.00872	0.00935	0.01068	0.00745	0.00671	0.01422	0.16942	0.01836	0.03614	0.48814	0.12887	0.01651	0.00755	0.00240	0.00393	0.04272	0.00590	0.00616
14	0.00792	0.00629	0.00711	0.00699	0.00878	0.00548	0.00521	0.00999	0.01539	0.01986	0.31633	0.08675	0.45221	0.01480	0.00738	0.00207	0.00309	0.01264	0.00619	0.00548
15	0.01494	0.01431	0.02441	0.13488	0.64933	0.01468	0.01888	0.01870	0.01396	0.01977	0.01163	0.01558	0.00966	0.00564	0.00618	0.00188	0.00752	0.00555	0.00304	0.00948
16	0.00800	0.00623	0.00726	0.00723	0.00886	0.00550	0.00534	0.01009	0.01537	0.02013	0.34236	0.13919	0.37222	0.01495	0.00743	0.00209	0.00312	0.01290	0.00623	0.00550
17	0.01082	0.00541	0.00812	0.00812	0.00812	0.00541	0.00541	0.00812	0.00812	0.01082	0.01082	0.01894	0.01082	0.02165	0.02435	0.81872	0.00541	0.00541	0.00271	0.00271
18	0.01685	0.54058	0.16183	0.01258	0.01846	0.06605	0.01310	0.07530	0.01438	0.01759	0.00968	0.01104	0.00819	0.00567	0.00463	0.00151	0.00742	0.00379	0.00298	0.00838
19	0.01154	0.00669	0.00851	0.00854	0.01024	0.00596	0.00621	0.01315	0.01408	0.15626	0.10360	0.40896	0.19051	0.01583	0.00745	0.00227	0.00377	0.01394	0.00625	0.00624
20	0.01810	0.16624	0.02134	0.01479	0.01874	0.28742	0.10932	0.02379	0.16689	0.01882	0.01418	0.01542	0.01128	0.00656	0.00559	0.00172	0.00816	0.00516	0.07852	0.00796
21	0.07639	0.01126	0.01002	0.00955	0.01184	0.11251	0.00715	0.10642	0.01576	0.02021	0.03683	0.24597	0.28542	0.01364	0.00686	0.00211	0.00504	0.01139	0.00533	0.00630
22	0.01420	0.02033	0.19961	0.02432	0.03128	0.01546	0.56023	0.01991	0.01435	0.01991	0.01228	0.01597	0.00910	0.00540	0.00703	0.00207	0.01021	0.00672	0.00303	0.00859
23	0.01009	0.00754	0.00903	0.00940	0.01079	0.00756	0.00692	0.07755	0.06745	0.01904	0.03454	0.39626	0.13197	0.07688	0.00955	0.00270	0.00443	0.10666	0.00570	0.00595
24	0.01161	0.00581	0.00581	0.00581	0.00726	0.00581	0.00436	0.01452	0.01307	0.02323	0.02033	0.02323	0.01597	0.00726	0.00436	0.00145	0.00290	0.00581	0.81562	0.00581
25	0.00798	0.00589	0.00747	0.00802	0.00904	0.00537	0.00566	0.00978	0.01425	0.01918	0.28206	0.41471	0.15445	0.01660	0.00765	0.00227	0.00331	0.01479	0.00616	0.00537
26	0.01417	0.01587	0.03430	0.02477	0.03059	0.01502	0.65404	0.01915	0.01427	0.01945	0.01298	0.01751	0.01002	0.00907	0.07628	0.00283	0.01107	0.00729	0.00317	0.00814
27	0.01588	0.01357	0.01430	0.01276	0.01635	0.01568	0.00995	0.06528	0.69812	0.02668	0.02487	0.02286	0.01863	0.00841	0.00633	0.00210	0.00502	0.00698	0.00633	0.00990
28	0.00990	0.00643	0.00815	0.00814	0.00966	0.00579	0.00594	0.01191	0.01509	0.08681	0.31014	0.29530	0.17291	0.01514	0.00746	0.00218	0.00343	0.01334	0.00638	0.00592
29	0.01008	0.00789	0.00932	0.00869	0.01070	0.00790	0.00660	0.01605	0.17303	0.02414	0.49326	0.04323	0.14050	0.01221	0.00713	0.00201	0.00340	0.01059	0.00660	0.00667
30	0.01593	0.40142	0.09518	0.01746	0.11987	0.06317	0.06943	0.01880	0.01295	0.01642	0.00962	0.01214	0.00839	0.00621	0.00702	0.00173	0.10887	0.00440	0.00280	0.00820
31	0.01701	0.01088	0.01296	0.01098	0.01342	0.01233	0.00888	0.13393	0.08114	0.14116	0.01794	0.01946	0.01358	0.00827	0.00867	0.00194	0.17165	0.00588	0.30196	0.00795

[dist]
# distance from previous block
# <min> <max>
0	16

[block]
# block no. 7 follows, 36 sequences, length 22
# corresponding to MSA columns:
# 969-990
name=unknown_H
#
# <colnr> <probs for GDERKNQSTAVLIFYWHMCP>
#	G	D	E	R	K	N	Q	S	T	A	V	L	I	F	Y	W	H	M	C	P
0	0.01666	0.02052	0.31379	0.06584	0.14559	0.01352	0.01708	0.02366	0.12312	0.17389	0.01624	0.01699	0.01153	0.00664	0.00612	0.00197	0.00737	0.00554	0.00435	0.00957
1	0.23456	0.08913	0.24501	0.05683	0.04166	0.01398	0.01376	0.02156	0.01353	0.19506	0.01349	0.01424	0.00948	0.00626	0.00530	0.00189	0.00676	0.00464	0.00420	0.00866
2	0.01268	0.06456	0.71799	0.01745	0.02650	0.01491	0.02249	0.01969	0.01313	0.01951	0.01107	0.01302	0.00790	0.00589	0.00584	0.00195	0.00910	0.00455	0.00263	0.00916
3	0.00911	0.00648	0.00745	0.00733	0.00921	0.00563	0.00545	0.01097	0.01487	0.06766	0.20720	0.16308	0.43277	0.01512	0.00738	0.00212	0.00332	0.01296	0.00616	0.00573
4	0.01459	0.01304	0.01231	0.01145	0.01348	0.15990	0.00863	0.05325	0.17782	0.01795	0.01591	0.01970	0.01349	0.02053	0.19532	0.19810	0.00923	0.00584	0.03300	0.00646
5	0.07170	0.01398	0.01492	0.01181	0.01594	0.01515	0.00966	0.46272	0.02358	0.09693	0.01658	0.01700	0.01195	0.00735	0.00568	0.00179	0.00573	0.00557	0.18267	0.00931
6	0.00760	0.00589	0.00687	0.00762	0.00878	0.00524	0.00535	0.00892	0.01292	0.01626	0.04679	0.41077	0.35552	0.04361	0.00851	0.00247	0.00354	0.03252	0.00572	0.00512
7	0.01677	0.00815	0.01060	0.00948	0.01218	0.00729	0.00726	0.03764	0.01572	0.32809	0.09808	0.27801	0.11839	0.01308	0.00706	0.00215	0.00430	0.01135	0.00671	0.00767
8	0.00916	0.00647	0.00785	0.00757	0.00931	0.00576	0.00565	0.01144	0.01596	0.05682	0.41234	0.11908	0.28131	0.01415	0.00736	0.00206	0.00319	0.01226	0.00644	0.00583
9	0.02214	0.07569	0.01870	0.01574	0.01884	0.65496	0.01207	0.02375	0.01673	0.01519	0.00946	0.01134	0.00804	0.00669	0.00663	0.00167	0.06791	0.00408	0.00314	0.00724
10	0.01526	0.04517	0.23912	0.08837	0.02329	0.01384	0.06304	0.12576	0.05096	0.05054	0.01294	0.01466	0.00963	0.00598	0.00573	0.00169	0.00722	0.00494	0.00388	0.21798
11	0.01679	0.01498	0.01617	0.01376	0.01709	0.14541	0.09690	0.09977	0.20807	0.06788	0.02086	0.14740	0.01823	0.00932	0.00642	0.00200	0.00658	0.00804	0.07617	0.00817
12	0.01731	0.02249	0.13174	0.01736	0.02203	0.31357	0.20589	0.02099	0.01539	0.01857	0.01250	0.01509	0.00975	0.00617	0.00592	0.00177	0.00931	0.00532	0.14122	0.00761
13	0.01806	0.01677	0.01539	0.01350	0.01720	0.14197	0.01053	0.13608	0.50325	0.02623	0.02111	0.01995	0.01587	0.00796	0.00620	0.00199	0.00629	0.00631	0.00579	0.00952
14	0.01177	0.01107	0.01869	0.76606	0.04291	0.01384	0.01730	0.01592	0.01246	0.01592	0.01107	0.01661	0.00831	0.00623	0.00623	0.00208	0.00831	0.00554	0.00277	0.00692
15	0.00786	0.00565	0.00730	0.00851	0.00903	0.00530	0.00579	0.00900	0.01200	0.01581	0.03511	0.61333	0.09168	0.08680	0.01006	0.00283	0.00393	0.05942	0.00560	0.00500
16	0.00810	0.00627	0.00727	0.00730	0.00868	0.00585	0.00523	0.00963	0.01291	0.01656	0.12980	0.09424	0.37132	0.15991	0.12542	0.00403	0.00574	0.01147	0.00518	0.00510
17	0.01034	0.00709	0.00892	0.00823	0.01010	0.00666	0.00625	0.01408	0.06339	0.07031	0.58962	0.04457	0.11162	0.01240	0.00722	0.00198	0.00324	0.01084	0.00679	0.00638
18	0.35598	0.01120	0.01228	0.00990	0.01432	0.01114	0.00817	0.02541	0.01486	0.45078	0.01804	0.01664	0.01185	0.00692	0.00527	0.00193	0.00510	0.00508	0.00612	0.00902
19	0.34442	0.00836	0.00718	0.00678	0.00922	0.00915	0.00533	0.01607	0.01206	0.02516	0.01556	0.01787	0.01220	0.00666	0.00415	0.00165	0.00369	0.00481	0.48350	0.00619
20	0.11782	0.01860	0.01544	0.01303	0.01681	0.24680	0.01019	0.22652	0.07313	0.11589	0.01489	0.01661	0.01150	0.06652	0.00773	0.00214	0.00758	0.00530	0.00501	0.00850
21	0.02012	0.23053	0.13304	0.01394	0.01949	0.08760	0.01318	0.34408	0.02098	0.04235	0.01238	0.01312	0.00934	0.00656	0.00552	0.00172	0.00753	0.00470	0.00446	0.00936

[dist]
# distance from previous block
# <min> <max>
0	1

[block]
# block no. 8 follows, 36 sequences, length 15
# corresponding to MSA columns:
# 992-1006
name=unknown_I
#
# <colnr> <probs for GDERKNQSTAVLIFYWHMCP>
#	G	D	E	R	K	N	Q	S	T	A	V	L	I	F	Y	W	H	M	C	P
0	0.01489	0.01386	0.08787	0.07903	0.10365	0.07517	0.01160	0.04754	0.05905	0.10578	0.05241	0.10348	0.01940	0.13606	0.01103	0.00272	0.02607	0.03828	0.00459	0.00749
1	0.00768	0.00598	0.00698	0.00746	0.00879	0.00528	0.00532	0.00927	0.01385	0.01772	0.15574	0.33538	0.36480	0.01676	0.00759	0.00225	0.00330	0.01463	0.00595	0.00528
2	0.01429	0.01294	0.02011	0.42545	0.23046	0.01480	0.01661	0.08909	0.07668	0.02036	0.01288	0.01669	0.00989	0.00636	0.00622	0.00200	0.00762	0.00568	0.00351	0.00835
3	0.00842	0.00622	0.00729	0.00719	0.00879	0.00558	0.00533	0.01071	0.01551	0.02110	0.37219	0.11251	0.30006	0.01396	0.00715	0.00202	0.00307	0.01204	0.07530	0.00558
4	0.00892	0.00660	0.00963	0.00963	0.01061	0.00758	0.00731	0.01088	0.00990	0.01418	0.01704	0.02642	0.01642	0.13421	0.67001	0.00954	0.01542	0.00696	0.00339	0.00535
5	0.01809	0.01298	0.02116	0.16690	0.41728	0.01311	0.01612	0.02153	0.01484	0.21379	0.01504	0.01719	0.01106	0.00626	0.00621	0.00191	0.00701	0.00574	0.00426	0.00952
6	0.00761	0.00579	0.00700	0.00781	0.00885	0.00519	0.00544	0.00900	0.01313	0.01691	0.09777	0.47924	0.27832	0.01774	0.00771	0.00234	0.00341	0.01568	0.00587	0.00519
7	0.01646	0.32401	0.02304	0.01317	0.01634	0.15722	0.01133	0.01982	0.08474	0.01598	0.01101	0.01352	0.00973	0.01032	0.06563	0.00245	0.18986	0.00459	0.00320	0.00757
8	0.13135	0.00889	0.01037	0.01009	0.01161	0.00986	0.00774	0.07302	0.01354	0.02029	0.06457	0.33661	0.09919	0.01432	0.00898	0.00236	0.11676	0.04917	0.00514	0.00615
9	0.01323	0.01218	0.01361	0.09058	0.01653	0.10159	0.01002	0.07521	0.05742	0.01762	0.01746	0.14900	0.01751	0.09931	0.14379	0.00402	0.14224	0.00808	0.00405	0.00654
10	0.08395	0.03105	0.01288	0.01072	0.03503	0.01139	0.00820	0.20927	0.01883	0.04584	0.25439	0.02724	0.04366	0.04060	0.00714	0.00194	0.00480	0.00734	0.04140	0.10433
11	0.13639	0.01682	0.01472	0.01327	0.04646	0.20292	0.00994	0.07565	0.16682	0.10086	0.04910	0.01697	0.01373	0.00702	0.00561	0.00176	0.00668	0.00528	0.00489	0.10509
12	0.26535	0.03352	0.07619	0.04648	0.01673	0.03240	0.02412	0.07570	0.04470	0.16026	0.04043	0.01998	0.08227	0.00787	0.00635	0.00198	0.04692	0.00585	0.00487	0.00804
13	0.05201	0.01347	0.08137	0.07483	0.16788	0.03427	0.01253	0.04775	0.01422	0.09087	0.02517	0.07674	0.17134	0.00980	0.00813	0.00209	0.09752	0.00787	0.00439	0.00776
14	0.06925	0.27481	0.08971	0.06858	0.01827	0.01678	0.01115	0.08283	0.09989	0.02076	0.03199	0.01786	0.06781	0.00695	0.00523	0.00166	0.00613	0.00525	0.00396	0.10113

[dist]
# distance from previous block
# <min> <max>
4	59

[block]
# block no. 9 follows, 36 sequences, length 10
# corresponding to MSA columns:
# 1066-1075
name=unknown_J
#
# <colnr> <probs for GDERKNQSTAVLIFYWHMCP>
#	G	D	E	R	K	N	Q	S	T	A	V	L	I	F	Y	W	H	M	C	P
0	0.00777	0.00550	0.00718	0.00844	0.00876	0.00518	0.00554	0.00872	0.01158	0.01544	0.03254	0.68668	0.03893	0.11291	0.01087	0.00296	0.00391	0.01665	0.00554	0.00490
1	0.25625	0.01230	0.01293	0.01018	0.01487	0.01213	0.00828	0.11359	0.07028	0.15078	0.01431	0.01459	0.01050	0.00617	0.00502	0.00161	0.00511	0.00455	0.00497	0.27157
2	0.01922	0.01713	0.01484	0.01268	0.01596	0.22312	0.00982	0.26182	0.03718	0.06827	0.12033	0.07396	0.03681	0.05129	0.00776	0.00210	0.00705	0.00723	0.00538	0.00807
3	0.00963	0.17615	0.01256	0.00811	0.01035	0.00951	0.00646	0.01131	0.01361	0.01702	0.12008	0.25265	0.30228	0.01422	0.00680	0.00204	0.00403	0.01210	0.00523	0.00587
4	0.01529	0.01590	0.02429	0.12700	0.31819	0.09335	0.14500	0.01879	0.01382	0.01853	0.01113	0.01505	0.00916	0.00624	0.00788	0.00195	0.09530	0.00560	0.00306	0.05449
5	0.01344	0.01053	0.01647	0.51442	0.03311	0.01184	0.01405	0.01711	0.01366	0.10068	0.08863	0.01984	0.01450	0.00689	0.00617	0.00192	0.00698	0.00601	0.00386	0.09989
6	0.01534	0.01507	0.06105	0.01277	0.01717	0.09638	0.05880	0.04515	0.12264	0.05990	0.09685	0.01895	0.01646	0.00709	0.00665	0.00164	0.05121	0.00571	0.00454	0.28666
7	0.01842	0.02048	0.17874	0.10320	0.09828	0.15455	0.01530	0.08928	0.06231	0.13018	0.01404	0.01549	0.01030	0.00690	0.00693	0.00194	0.05538	0.00525	0.00416	0.00888
8	0.16522	0.02013	0.01559	0.01473	0.06151	0.33598	0.01077	0.11578	0.05964	0.02273	0.08736	0.01625	0.01421	0.00729	0.00603	0.00181	0.02774	0.00518	0.00428	0.00776
9	0.16166	0.09183	0.01374	0.00995	0.01290	0.01376	0.00824	0.17789	0.01622	0.02611	0.05906	0.01801	0.01407	0.00757	0.00655	0.00179	0.08564	0.00537	0.26224	0.00742

[dist]
# distance from previous block
# <min> <max>
26	135

[block]
# block no. 10 follows, 36 sequences, length 42
# corresponding to MSA columns:
# 1215-1256
name=unknown_K
#
# <colnr> <probs for GDERKNQSTAVLIFYWHMCP>
#	G	D	E	R	K	N	Q	S	T	A	V	L	I	F	Y	W	H	M	C	P
0	0.02039	0.10045	0.11734	0.01352	0.01850	0.17588	0.01213	0.10221	0.12655	0.18116	0.01610	0.01590	0.01166	0.00684	0.00575	0.00176	0.00734	0.00514	0.00490	0.05645
1	0.09363	0.05126	0.08559	0.08867	0.02221	0.05592	0.09547	0.24405	0.03294	0.12057	0.03978	0.01639	0.01187	0.00688	0.00603	0.00191	0.00731	0.00563	0.00488	0.00902
2	0.05726	0.01155	0.08880	0.01095	0.01405	0.01016	0.00950	0.10719	0.04747	0.09657	0.05508	0.12969	0.07557	0.02159	0.23073	0.00445	0.00877	0.00836	0.00495	0.00731
