[name]
unknown

[dist]
# distance from previous block
# <min> <max>
0	274

[block]
# block no. 0 follows, 44 sequences, length 16
# corresponding to MSA columns:
# 278-293
name=unknown_A
#
# <colnr> <probs for GDERKNQSTAVLIFYWHMCP>
#	G	D	E	R	K	N	Q	S	T	A	V	L	I	F	Y	W	H	M	C	P
0	0.12893	0.00864	0.01068	0.11190	0.01538	0.00951	0.00934	0.08427	0.07838	0.01943	0.02130	0.03981	0.02128	0.01093	0.00630	0.00216	0.00523	0.40599	0.00454	0.00599
1	0.01479	0.01052	0.01708	0.37859	0.24300	0.01132	0.01380	0.01792	0.01252	0.20779	0.01283	0.01525	0.00923	0.00561	0.00544	0.00173	0.00638	0.00501	0.00359	0.00761
2	0.27915	0.00890	0.00943	0.10966	0.01395	0.00882	0.00682	0.01299	0.01088	0.01865	0.02060	0.02141	0.20161	0.00704	0.00462	0.00149	0.00419	0.00546	0.00364	0.25069
3	0.22741	0.00922	0.01271	0.37894	0.08273	0.01073	0.01092	0.01348	0.01051	0.01697	0.01310	0.16500	0.01256	0.00754	0.00520	0.00184	0.00562	0.00640	0.00320	0.00591
4	0.14468	0.01130	0.01604	0.36472	0.21739	0.04367	0.01311	0.01610	0.01153	0.06603	0.01021	0.01332	0.00782	0.00528	0.00504	0.00168	0.00640	0.00447	0.00297	0.03823
5	0.14091	0.01098	0.01304	0.16193	0.01835	0.04520	0.03651	0.08636	0.17584	0.01997	0.01658	0.02502	0.01470	0.00821	0.00614	0.00195	0.03818	0.16926	0.00414	0.00671
6	0.00915	0.00495	0.00742	0.00742	0.00761	0.00513	0.00513	0.00761	0.00742	0.01008	0.01046	0.01750	0.01027	0.02316	0.16856	0.68121	0.00663	0.00495	0.00247	0.00285
7	0.01016	0.00508	0.00508	0.00508	0.00635	0.00508	0.00381	0.01270	0.01143	0.02033	0.01778	0.02033	0.01397	0.00635	0.00381	0.00127	0.00254	0.00508	0.83867	0.00508
8	0.01266	0.16506	0.01821	0.01727	0.23638	0.01418	0.01119	0.01829	0.20246	0.01683	0.01315	0.01541	0.01099	0.01164	0.12982	0.00280	0.08789	0.00496	0.00336	0.00745
9	0.00692	0.00554	0.00670	0.00708	0.00815	0.00532	0.00515	0.00819	0.01105	0.01410	0.03862	0.33751	0.36520	0.01809	0.09955	0.00283	0.03860	0.01209	0.00469	0.00463
10	0.01016	0.00508	0.00508	0.00508	0.00635	0.00508	0.00381	0.01270	0.01143	0.02033	0.01778	0.02033	0.01397	0.00635	0.00381	0.00127	0.00254	0.00508	0.83867	0.00508
11	0.01052	0.01027	0.01834	0.56727	0.03271	0.01198	0.14349	0.01402	0.01111	0.01451	0.01142	0.07657	0.00970	0.00638	0.00624	0.00187	0.03880	0.00596	0.00269	0.00615
12	0.01365	0.61242	0.21972	0.01091	0.01643	0.01931	0.01208	0.01656	0.01119	0.01396	0.00814	0.00945	0.00697	0.00480	0.00393	0.00131	0.00640	0.00320	0.00232	0.00727
13	0.12839	0.25060	0.01825	0.01114	0.01495	0.21310	0.00936	0.19063	0.08072	0.02038	0.01034	0.01105	0.00822	0.00563	0.00447	0.00146	0.00654	0.00382	0.00360	0.00735
14	0.00926	0.16072	0.01155	0.00796	0.00943	0.00891	0.00630	0.01074	0.01032	0.01374	0.11413	0.03092	0.02140	0.25339	0.20912	0.00454	0.00735	0.10173	0.00359	0.00487
15	0.01219	0.01578	0.21175	0.12548	0.07375	0.01234	0.13607	0.09274	0.11978	0.01936	0.04730	0.01876	0.07716	0.00655	0.00568	0.00177	0.00660	0.00588	0.00359	0.00748

[dist]
# distance from previous block
# <min> <max>
0	5

[block]
# block no. 1 follows, 44 sequences, length 25
# corresponding to MSA columns:
# 299-323
name=unknown_B
#
# <colnr> <probs for GDERKNQSTAVLIFYWHMCP>
#	G	D	E	R	K	N	Q	S	T	A	V	L	I	F	Y	W	H	M	C	P
0	0.01005	0.13910	0.01007	0.00668	0.00892	0.00835	0.00544	0.01299	0.06644	0.03923	0.10619	0.03121	0.27073	0.00915	0.00508	0.00154	0.00335	0.00745	0.25242	0.00562
1	0.00710	0.00550	0.00649	0.00648	0.00790	0.00488	0.00484	0.00900	0.01354	0.01780	0.36211	0.12258	0.35905	0.01303	0.00653	0.00185	0.00280	0.03824	0.00547	0.00484
2	0.01201	0.01543	0.17506	0.22436	0.20600	0.03717	0.16182	0.01614	0.01196	0.01664	0.01061	0.01394	0.00816	0.00515	0.00545	0.00171	0.00738	0.00497	0.05875	0.00728
3	0.01016	0.00508	0.00508	0.00508	0.00635	0.00508	0.00381	0.01270	0.01143	0.02033	0.01778	0.02033	0.01397	0.00635	0.00381	0.00127	0.00254	0.00508	0.83867	0.00508
4	0.04261	0.01268	0.01552	0.01750	0.23988	0.04127	0.01098	0.20330	0.21158	0.02352	0.08107	0.01871	0.04350	0.00685	0.00549	0.00169	0.00537	0.00578	0.00453	0.00816
5	0.01663	0.01439	0.07112	0.01670	0.02166	0.01323	0.34349	0.20221	0.04513	0.15629	0.03375	0.01568	0.01081	0.00577	0.00591	0.00175	0.00716	0.00581	0.00429	0.00820
6	0.01016	0.00508	0.00508	0.00508	0.00635	0.00508	0.00381	0.01270	0.01143	0.02033	0.01778	0.02033	0.01397	0.00635	0.00381	0.00127	0.00254	0.00508	0.83867	0.00508
7	0.14997	0.01080	0.01398	0.01547	0.23873	0.00978	0.00942	0.01500	0.01130	0.01888	0.00951	0.01155	0.00788	0.00445	0.00433	0.00119	0.00479	0.00367	0.00310	0.45620
8	0.01321	0.01267	0.02163	0.09974	0.71029	0.01288	0.01659	0.01649	0.01228	0.01747	0.01021	0.01358	0.00852	0.00491	0.00540	0.00164	0.00655	0.00486	0.00267	0.00841
9	0.01282	0.01105	0.01593	0.23387	0.22705	0.01214	0.01234	0.13517	0.10870	0.02069	0.13779	0.01907	0.01643	0.00665	0.00561	0.00172	0.00570	0.00585	0.00397	0.00745
10	0.00790	0.00539	0.00648	0.00648	0.00666	0.00558	0.00397	0.00827	0.00809	0.01097	0.01669	0.03298	0.01865	0.66299	0.17156	0.00594	0.00705	0.00753	0.00323	0.00360
11	0.01193	0.01193	0.01670	0.01431	0.01431	0.01670	0.01193	0.01312	0.00835	0.01312	0.00716	0.01193	0.00716	0.00954	0.01789	0.00239	0.79843	0.00477	0.00239	0.00596
12	0.00985	0.00849	0.01367	0.38912	0.13888	0.00960	0.01165	0.01219	0.01059	0.01400	0.01458	0.14304	0.01450	0.08841	0.00903	0.05736	0.00604	0.04028	0.00308	0.00563
13	0.01154	0.15761	0.65602	0.01451	0.02201	0.01413	0.01836	0.01711	0.01144	0.01653	0.00942	0.01105	0.00692	0.00509	0.00490	0.00163	0.00769	0.00384	0.00231	0.00788
14	0.01016	0.00508	0.00508	0.00508	0.00635	0.00508	0.00381	0.01270	0.01143	0.02033	0.01778	0.02033	0.01397	0.00635	0.00381	0.00127	0.00254	0.00508	0.83867	0.00508
15	0.00664	0.00474	0.00633	0.00759	0.00791	0.00443	0.00506	0.00759	0.01044	0.01392	0.03005	0.80485	0.03606	0.01708	0.00696	0.00221	0.00316	0.01550	0.00506	0.00443
16	0.01221	0.08589	0.17786	0.14788	0.02775	0.01396	0.42170	0.01674	0.01212	0.01644	0.01026	0.01352	0.00772	0.00486	0.00577	0.00175	0.00836	0.00539	0.00257	0.00725
17	0.01704	0.01375	0.01819	0.01447	0.01740	0.14017	0.16803	0.01930	0.01266	0.24132	0.01282	0.01461	0.00957	0.00855	0.04744	0.00221	0.22619	0.00518	0.00386	0.00725
18	0.01128	0.15040	0.50208	0.01256	0.01868	0.01264	0.01520	0.01608	0.01133	0.01688	0.01093	0.01288	0.00834	0.00660	0.03344	0.00182	0.00703	0.00409	0.14047	0.00728
19	0.39859	0.01222	0.00910	0.00846	0.01107	0.16686	0.00651	0.01547	0.04822	0.01911	0.01850	0.07930	0.13635	0.04238	0.00563	0.00186	0.00508	0.00582	0.00377	0.00568
20	0.00909	0.00574	0.00735	0.00770	0.00882	0.00532	0.00547	0.03518	0.01220	0.09646	0.10573	0.54105	0.10954	0.01470	0.00665	0.00205	0.00331	0.01310	0.00535	0.00520
21	0.00901	0.00844	0.04601	0.00815	0.01050	0.00773	0.00669	0.01483	0.22750	0.01797	0.11316	0.06587	0.36600	0.01149	0.00622	0.00189	0.00363	0.06377	0.00516	0.00600
22	0.21862	0.25185	0.01921	0.01160	0.01545	0.16629	0.10836	0.01805	0.03689	0.05264	0.00970	0.01125	0.00786	0.00691	0.04282	0.00185	0.00699	0.00388	0.00308	0.00670
23	0.16263	0.01432	0.01329	0.01088	0.01448	0.16500	0.04261	0.20878	0.04893	0.04431	0.05163	0.01618	0.06489	0.00648	0.00497	0.00153	0.00583	0.00493	0.00420	0.11414
24	0.21100	0.21626	0.18703	0.01087	0.01556	0.04301	0.03544	0.04958	0.04445	0.06168	0.01249	0.04282	0.03691	0.00603	0.00452	0.00159	0.00587	0.00448	0.00333	0.00707

[dist]
# distance from previous block
# <min> <max>
3	16

[block]
# block no. 2 follows, 44 sequences, length 11
# corresponding to MSA columns:
# 340-350
name=unknown_C
#
# <colnr> <probs for GDERKNQSTAVLIFYWHMCP>
#	G	D	E	R	K	N	Q	S	T	A	V	L	I	F	Y	W	H	M	C	P
0	0.00923	0.05074	0.07674	0.00869	0.01080	0.00736	0.05303	0.01134	0.03418	0.05284	0.05115	0.21238	0.18547	0.19842	0.01122	0.00268	0.00461	0.00966	0.00425	0.00523
1	0.06766	0.17092	0.04611	0.05032	0.24690	0.07695	0.01226	0.18186	0.06084	0.02070	0.01074	0.01229	0.00853	0.00546	0.00488	0.00155	0.00633	0.00431	0.00344	0.00797
2	0.01736	0.15222	0.06540	0.01386	0.06251	0.33299	0.01098	0.12410	0.13522	0.01822	0.01133	0.01211	0.00896	0.00580	0.00490	0.00150	0.00744	0.00414	0.00350	0.00746
3	0.00821	0.00536	0.00715	0.00715	0.00749	0.00569	0.00481	0.00837	0.00804	0.01105	0.01465	0.02672	0.01549	0.37764	0.28501	0.18570	0.00834	0.00653	0.00297	0.00364
4	0.00915	0.00774	0.01238	0.03568	0.01348	0.00763	0.15269	0.01247	0.06885	0.01670	0.09796	0.24064	0.08722	0.03718	0.04788	0.00240	0.00521	0.06186	0.07733	0.00554
5	0.01016	0.00508	0.00508	0.00508	0.00635	0.00508	0.00381	0.01270	0.01143	0.02033	0.01778	0.02033	0.01397	0.00635	0.00381	0.00127	0.00254	0.00508	0.83867	0.00508
6	0.01055	0.10587	0.15714	0.00983	0.01409	0.00982	0.00948	0.01348	0.01054	0.01554	0.01095	0.01412	0.00942	0.01552	0.24192	0.00344	0.00821	0.00414	0.00286	0.33310
7	0.01551	0.18227	0.02581	0.01690	0.02138	0.16331	0.34348	0.10231	0.01427	0.01747	0.00990	0.01224	0.00784	0.00522	0.00588	0.00161	0.03946	0.00491	0.00297	0.00725
8	0.01016	0.00508	0.00508	0.00508	0.00635	0.00508	0.00381	0.01270	0.01143	0.02033	0.01778	0.02033	0.01397	0.00635	0.00381	0.00127	0.00254	0.00508	0.83867	0.00508
9	0.00908	0.00892	0.06029	0.01381	0.11910	0.00765	0.09303	0.01155	0.01188	0.01598	0.05403	0.29968	0.08272	0.01228	0.00664	0.00208	0.00498	0.17622	0.00433	0.00575
10	0.01549	0.02187	0.18223	0.09301	0.04994	0.35623	0.12210	0.01869	0.01324	0.01500	0.00921	0.01163	0.00727	0.00557	0.00605	0.00165	0.05700	0.00431	0.00262	0.00688

[dist]
# distance from previous block
# <min> <max>
0	8

[block]
# block no. 3 follows, 44 sequences, length 13
# corresponding to MSA columns:
# 359-371
name=unknown_D
#
# <colnr> <probs for GDERKNQSTAVLIFYWHMCP>
#	G	D	E	R	K	N	Q	S	T	A	V	L	I	F	Y	W	H	M	C	P
0	0.02037	0.02598	0.01545	0.01404	0.01685	0.78652	0.01053	0.02177	0.01545	0.01334	0.00843	0.00983	0.00702	0.00562	0.00492	0.00140	0.00983	0.00351	0.00281	0.00632
1	0.01294	0.45961	0.36631	0.01212	0.01831	0.01757	0.01419	0.01675	0.01127	0.01482	0.00857	0.00999	0.00696	0.00490	0.00425	0.00142	0.00683	0.00342	0.00232	0.00747
2	0.01325	0.52649	0.30215	0.01159	0.01749	0.01833	0.01326	0.01667	0.01123	0.01444	0.00838	0.00975	0.00696	0.00485	0.00411	0.00137	0.00664	0.00332	0.00232	0.00738
3	0.01029	0.00929	0.01514	0.53363	0.13571	0.01090	0.01306	0.01316	0.01054	0.01382	0.01123	0.01851	0.00991	0.16183	0.00979	0.00246	0.00677	0.00545	0.00263	0.00588
4	0.01016	0.00508	0.00508	0.00508	0.00635	0.00508	0.00381	0.01270	0.01143	0.02033	0.01778	0.02033	0.01397	0.00635	0.00381	0.00127	0.00254	0.00508	0.83867	0.00508
5	0.01089	0.00951	0.01518	0.02126	0.41910	0.00970	0.01119	0.01300	0.01050	0.01486	0.01296	0.02099	0.01261	0.22759	0.16367	0.00400	0.00774	0.00587	0.00290	0.00647
6	0.00650	0.00532	0.00574	0.00607	0.00751	0.00456	0.00439	0.00776	0.01190	0.01451	0.04854	0.25235	0.57662	0.01468	0.00658	0.00194	0.00287	0.01257	0.00506	0.00456
7	0.01016	0.00508	0.00508	0.00508	0.00635	0.00508	0.00381	0.01270	0.01143	0.02033	0.01778	0.02033	0.01397	0.00635	0.00381	0.00127	0.00254	0.00508	0.83867	0.00508
8	0.01174	0.01129	0.01956	0.44256	0.33848	0.01255	0.05514	0.01526	0.01162	0.01571	0.00999	0.01412	0.00788	0.00516	0.00548	0.00174	0.00705	0.00493	0.00255	0.00718
9	0.01181	0.13475	0.46962	0.09699	0.14881	0.01392	0.01753	0.01670	0.01154	0.01639	0.00954	0.01176	0.00724	0.00508	0.00501	0.00164	0.00740	0.00409	0.00238	0.00780
10	0.01522	0.07494	0.01995	0.06037	0.45772	0.10516	0.01388	0.08210	0.01393	0.05916	0.01227	0.01438	0.03587	0.00553	0.00524	0.00158	0.00659	0.00483	0.00322	0.00806
11	0.01701	0.19391	0.20628	0.01281	0.01782	0.17517	0.01251	0.24147	0.01661	0.04243	0.01036	0.01124	0.00785	0.00561	0.00485	0.00151	0.00722	0.00399	0.00349	0.00787
12	0.01452	0.01146	0.04048	0.14390	0.01805	0.01156	0.00967	0.19606	0.16222	0.09803	0.05930	0.01997	0.07961	0.00709	0.00544	0.00164	0.00513	0.00582	0.00471	0.10536

[dist]
# distance from previous block
# <min> <max>
0	5

[block]
# block no. 4 follows, 44 sequences, length 15
# corresponding to MSA columns:
# 455-469
name=unknown_E
#
# <colnr> <probs for GDERKNQSTAVLIFYWHMCP>
#	G	D	E	R	K	N	Q	S	T	A	V	L	I	F	Y	W	H	M	C	P
0	0.12376	0.37297	0.04389	0.00875	0.01178	0.01367	0.00787	0.01326	0.01074	0.01510	0.01604	0.26316	0.01749	0.00928	0.00488	0.00167	0.00480	0.05145	0.00349	0.00596
1	0.00877	0.00756	0.00982	0.12382	0.08391	0.00764	0.00765	0.01256	0.10175	0.01738	0.19384	0.03703	0.34661	0.01043	0.00609	0.00179	0.00390	0.00894	0.00472	0.00578
2	0.00707	0.00505	0.00681	0.00808	0.00858	0.00479	0.00580	0.00833	0.01086	0.01439	0.02981	0.65751	0.03513	0.01668	0.00707	0.00227	0.00353	0.15864	0.00505	0.00455
3	0.00662	0.00485	0.00622	0.00731	0.00783	0.00445	0.00494	0.00762	0.01071	0.01403	0.03344	0.70345	0.13526	0.01664	0.00689	0.00216	0.00311	0.01496	0.00506	0.00445
4	0.00734	0.00530	0.00735	0.00836	0.00901	0.00531	0.00623	0.00883	0.01057	0.01419	0.02673	0.48646	0.03058	0.02136	0.16165	0.00358	0.00584	0.17205	0.00463	0.00465
5	0.01016	0.00508	0.00508	0.00508	0.00635	0.00508	0.00381	0.01270	0.01143	0.02033	0.01778	0.02033	0.01397	0.00635	0.00381	0.00127	0.00254	0.00508	0.83867	0.00508
6	0.01458	0.81168	0.02857	0.00933	0.01399	0.02157	0.00933	0.01632	0.01108	0.01283	0.00758	0.00875	0.00700	0.00466	0.00350	0.00117	0.00583	0.00292	0.00233	0.00700
7	0.84691	0.01054	0.00801	0.00717	0.01054	0.01223	0.00590	0.01603	0.00928	0.02446	0.00759	0.00886	0.00590	0.00506	0.00337	0.00169	0.00422	0.00295	0.00337	0.00590
8	0.01016	0.00508	0.00508	0.00508	0.00635	0.00508	0.00381	0.01270	0.01143	0.02033	0.01778	0.02033	0.01397	0.00635	0.00381	0.00127	0.00254	0.00508	0.83867	0.00508
9	0.01130	0.00969	0.01130	0.00807	0.01292	0.00727	0.00646	0.01373	0.01130	0.01776	0.00969	0.01130	0.00807	0.00404	0.00404	0.00081	0.00404	0.00323	0.00323	0.84173
10	0.01787	0.02151	0.01694	0.01793	0.16666	0.52945	0.01195	0.01961	0.01389	0.01420	0.00862	0.01084	0.00736	0.00600	0.00676	0.00158	0.11544	0.00395	0.00273	0.00673
11	0.02072	0.01527	0.01636	0.01254	0.01691	0.01691	0.01036	0.75622	0.02563	0.03436	0.01309	0.01309	0.00927	0.00654	0.00545	0.00164	0.00600	0.00491	0.00545	0.00927
12	0.01109	0.00652	0.00953	0.00895	0.01056	0.00705	0.00705	0.01307	0.01012	0.16439	0.01597	0.02085	0.01360	0.03412	0.63194	0.00736	0.01263	0.00577	0.00368	0.00574
13	0.01193	0.01193	0.01670	0.01431	0.01431	0.01670	0.01193	0.01312	0.00835	0.01312	0.00716	0.01193	0.00716	0.00954	0.01789	0.00239	0.79843	0.00477	0.00239	0.00596
14	0.00773	0.00560	0.00743	0.00797	0.00906	0.00531	0.00624	0.00982	0.01313	0.01774	0.31015	0.22643	0.08939	0.01398	0.00691	0.00210	0.00352	0.24720	0.00540	0.00490

[dist]
# distance from previous block
# <min> <max>
0	1

[block]
# block no. 5 follows, 44 sequences, length 26
# corresponding to MSA columns:
# 471-478,482-499
name=unknown_F
#
# <colnr> <probs for GDERKNQSTAVLIFYWHMCP>
#	G	D	E	R	K	N	Q	S	T	A	V	L	I	F	Y	W	H	M	C	P
0	0.10800	0.01339	0.01474	0.10450	0.01817	0.01508	0.01012	0.45810	0.13262	0.05041	0.01370	0.01405	0.00989	0.00639	0.00524	0.00170	0.00567	0.00489	0.00492	0.00843
1	0.01016	0.00508	0.00508	0.00508	0.00635	0.00508	0.00381	0.01270	0.01143	0.02033	0.01778	0.02033	0.01397	0.00635	0.00381	0.00127	0.00254	0.00508	0.83867	0.00508
2	0.00664	0.00474	0.00633	0.00759	0.00791	0.00443	0.00506	0.00759	0.01044	0.01392	0.03005	0.80485	0.03606	0.01708	0.00696	0.00221	0.00316	0.01550	0.00506	0.00443
3	0.45601	0.05248	0.09931	0.01483	0.17271	0.01285	0.06006	0.01678	0.01072	0.04686	0.00909	0.01083	0.00705	0.00504	0.00428	0.00166	0.00554	0.00379	0.00314	0.00698
4	0.00673	0.00481	0.00643	0.00769	0.00805	0.00451	0.00522	0.00775	0.01053	0.01402	0.03000	0.77342	0.03586	0.01699	0.00698	0.00223	0.00324	0.04603	0.00506	0.00445
5	0.01325	0.01415	0.12743	0.01495	0.01930	0.01225	0.23924	0.02070	0.23764	0.08580	0.08712	0.01854	0.01508	0.00656	0.00642	0.00181	0.04510	0.00611	0.00418	0.02438
6	0.01589	0.01242	0.16351	0.01000	0.01420	0.00878	0.00955	0.05402	0.06228	0.32816	0.08193	0.02574	0.17319	0.00827	0.00570	0.00174	0.00482	0.00679	0.00532	0.00771
7	0.01075	0.02691	0.73615	0.01504	0.02272	0.01223	0.01929	0.01687	0.01173	0.01753	0.05316	0.01317	0.00944	0.00552	0.00525	0.00173	0.00774	0.00436	0.00251	0.00789
8	0.01130	0.00969	0.01130	0.00807	0.01292	0.00727	0.00646	0.01373	0.01130	0.01776	0.00969	0.01130	0.00807	0.00404	0.00404	0.00081	0.00404	0.00323	0.00323	0.84173
9	0.01349	0.55077	0.24206	0.01118	0.01674	0.01866	0.01238	0.01719	0.04659	0.01456	0.00889	0.01008	0.00742	0.00494	0.00407	0.00136	0.00639	0.00339	0.00247	0.00738
10	0.09517	0.06149	0.17422	0.01174	0.01641	0.01420	0.01123	0.33799	0.07942	0.05184	0.08124	0.01539	0.01289	0.00650	0.00518	0.00166	0.00576	0.00500	0.00452	0.00814
11	0.01147	0.11096	0.50001	0.01329	0.01987	0.01281	0.01575	0.01622	0.01124	0.01663	0.00937	0.01118	0.00716	0.00514	0.00549	0.00152	0.05202	0.00379	0.00249	0.17357
12	0.01364	0.01357	0.02021	0.02616	0.48326	0.08284	0.08466	0.01809	0.09421	0.01778	0.01314	0.01836	0.01138	0.00610	0.00566	0.00173	0.00667	0.07135	0.00323	0.00798
13	0.00947	0.00473	0.00710	0.00710	0.00710	0.00473	0.00473	0.00710	0.00710	0.00947	0.00947	0.01657	0.00947	0.01894	0.02131	0.84138	0.00473	0.00473	0.00237	0.00237
14	0.00785	0.00559	0.00749	0.00749	0.00802	0.00612	0.00522	0.00892	0.00838	0.01171	0.01577	0.02788	0.01644	0.38887	0.44265	0.00719	0.01038	0.00679	0.00309	0.00416
15	0.01016	0.00508	0.00508	0.00508	0.00635	0.00508	0.00381	0.01270	0.01143	0.02033	0.01778	0.02033	0.01397	0.00635	0.00381	0.00127	0.00254	0.00508	0.83867	0.00508
16	0.01130	0.00969	0.01130	0.00807	0.01292	0.00727	0.00646	0.01373	0.01130	0.01776	0.00969	0.01130	0.00807	0.00404	0.00404	0.00081	0.00404	0.00323	0.00323	0.84173
17	0.01135	0.07468	0.11256	0.01033	0.01311	0.16299	0.00937	0.01400	0.01357	0.01680	0.20457	0.03472	0.09116	0.01002	0.00603	0.00183	0.00564	0.19717	0.00426	0.00582
18	0.01016	0.00508	0.00508	0.00508	0.00635	0.00508	0.00381	0.01270	0.01143	0.02033	0.01778	0.02033	0.01397	0.00635	0.00381	0.00127	0.00254	0.00508	0.83867	0.00508
19	0.01442	0.07639	0.11537	0.08841	0.40554	0.17475	0.01519	0.01759	0.01271	0.01612	0.00957	0.01222	0.00785	0.00509	0.00513	0.00157	0.00739	0.00433	0.00262	0.00775
20	0.01249	0.01164	0.01185	0.00899	0.01346	0.09224	0.00710	0.01598	0.07993	0.01774	0.01068	0.01196	0.00874	0.00451	0.00427	0.00097	0.00469	0.00353	0.00339	0.67585
21	0.01434	0.30854	0.34856	0.01243	0.01845	0.01608	0.01398	0.10079	0.03500	0.06899	0.01051	0.01142	0.00793	0.00532	0.00463	0.00151	0.00668	0.00388	0.00306	0.00791
22	0.09025	0.21267	0.20438	0.01157	0.01652	0.05637	0.01168	0.13476	0.04825	0.11010	0.01231	0.01425	0.00955	0.00601	0.00479	0.00159	0.00623	0.03724	0.00373	0.00774
23	0.17620	0.00876	0.01029	0.00925	0.00992	0.01084	0.00698	0.01144	0.00835	0.01427	0.01160	0.02165	0.01242	0.35628	0.01929	0.00351	0.29538	0.00578	0.00298	0.00479
24	0.01396	0.01419	0.05734	0.02509	0.45689	0.07176	0.08450	0.06846	0.01344	0.01879	0.01102	0.01374	0.00890	0.00513	0.00526	0.00157	0.00659	0.00482	0.07857	0.03999
25	0.19554	0.01542	0.01404	0.06891	0.08469	0.26850	0.05470	0.01806	0.07087	0.01847	0.12565	0.01608	0.01451	0.00633	0.00503	0.00162	0.00656	0.00495	0.00359	0.00648

[dist]
# distance from previous block
# <min> <max>
5	13

[block]
# block no. 6 follows, 44 sequences, length 6
# corresponding to MSA columns:
# 513-518
name=unknown_G
#
# <colnr> <probs for GDERKNQSTAVLIFYWHMCP>
#	G	D	E	R	K	N	Q	S	T	A	V	L	I	F	Y	W	H	M	C	P
0	0.36875	0.01206	0.01365	0.26428	0.14397	0.08249	0.01104	0.01599	0.01087	0.01900	0.00877	0.01152	0.00689	0.00520	0.00451	0.00169	0.00607	0.00392	0.00291	0.00643
1	0.13851	0.01139	0.01899	0.37459	0.20165	0.01260	0.13435	0.01547	0.01132	0.01700	0.00972	0.01346	0.00754	0.00512	0.00528	0.00176	0.00693	0.00482	0.00269	0.00684
2	0.37940	0.01318	0.01197	0.13350	0.01670	0.13666	0.00907	0.01831	0.12514	0.01973	0.01023	0.01193	0.00804	0.00598	0.00562	0.00175	0.07901	0.00400	0.00337	0.00641
3	0.06771	0.00955	0.01236	0.08739	0.12946	0.00910	0.00841	0.05895	0.01162	0.05609	0.01217	0.01788	0.01099	0.18988	0.00996	0.00221	0.00517	0.00491	0.00341	0.29279
4	0.01430	0.00851	0.01215	0.08373	0.12939	0.00832	0.00893	0.01744	0.07002	0.26011	0.07542	0.21886	0.05021	0.00958	0.00595	0.00184	0.00454	0.00845	0.00511	0.00714
5	0.06624	0.00913	0.01088	0.00932	0.01231	0.00910	0.03180	0.04469	0.20967	0.18938	0.06380	0.11553	0.13174	0.00904	0.00567	0.00176	0.00413	0.00766	0.00532	0.06284

[dist]
# distance from previous block
# <min> <max>
1	37

[block]
# block no. 7 follows, 44 sequences, length 40
# corresponding to MSA columns:
# 556-595
name=unknown_H
#
# <colnr> <probs for GDERKNQSTAVLIFYWHMCP>
#	G	D	E	R	K	N	Q	S	T	A	V	L	I	F	Y	W	H	M	C	P
0	0.03676	0.17911	0.01783	0.05759	0.01702	0.28748	0.01018	0.20075	0.10716	0.01981	0.01111	0.01193	0.00872	0.00584	0.00483	0.00150	0.00714	0.00412	0.00368	0.00743
1	0.49239	0.08101	0.14825	0.00971	0.01408	0.03796	0.00938	0.08254	0.04562	0.02267	0.00915	0.01024	0.00699	0.00530	0.00404	0.00164	0.00537	0.00348	0.00336	0.00681
2	0.01280	0.31700	0.31620	0.01194	0.01748	0.01590	0.01319	0.01912	0.16351	0.01683	0.01175	0.01258	0.00916	0.00548	0.00458	0.00153	0.00627	0.00408	0.03293	0.00767
3	0.01230	0.17269	0.01747	0.01199	0.01342	0.01585	0.01022	0.01429	0.04309	0.03873	0.01399	0.01661	0.09707	0.00887	0.01269	0.00203	0.48423	0.00527	0.00297	0.00624
4	0.00801	0.00568	0.00711	0.00668	0.00818	0.00513	0.00504	0.01032	0.01483	0.04519	0.60222	0.04237	0.19584	0.01154	0.00640	0.00174	0.00268	0.01005	0.00584	0.00517
5	0.02037	0.02598	0.01545	0.01404	0.01685	0.78652	0.01053	0.02177	0.01545	0.01334	0.00843	0.00983	0.00702	0.00562	0.00492	0.00140	0.00983	0.00351	0.00281	0.00632
6	0.02098	0.01487	0.01611	0.01235	0.01671	0.01631	0.01020	0.70708	0.02496	0.08445	0.01366	0.01346	0.00956	0.00656	0.00546	0.00164	0.00591	0.00495	0.00554	0.00927
7	0.01916	0.17604	0.01865	0.01183	0.01619	0.01770	0.01007	0.57382	0.05610	0.02949	0.01239	0.01254	0.00914	0.00620	0.00506	0.00155	0.00589	0.00456	0.00483	0.00878
8	0.01378	0.01127	0.01187	0.01028	0.01341	0.01250	0.00811	0.19728	0.43295	0.02387	0.02689	0.02529	0.17172	0.00852	0.00571	0.00180	0.00439	0.00697	0.00542	0.00795
9	0.01016	0.00508	0.00508	0.00508	0.00635	0.00508	0.00381	0.01270	0.01143	0.02033	0.01778	0.02033	0.01397	0.00635	0.00381	0.00127	0.00254	0.00508	0.83867	0.00508
10	0.00779	0.00584	0.00876	0.00876	0.00974	0.00681	0.00681	0.00974	0.00876	0.01266	0.01460	0.02142	0.01363	0.04089	0.78680	0.00876	0.01460	0.00584	0.00292	0.00487
11	0.00772	0.00557	0.00729	0.00686	0.00814	0.00514	0.00514	0.01029	0.01543	0.02186	0.77152	0.04072	0.05144	0.01115	0.00643	0.00171	0.00257	0.00986	0.00600	0.00514
12	0.01016	0.00508	0.00508	0.00508	0.00635	0.00508	0.00381	0.01270	0.01143	0.02033	0.01778	0.02033	0.01397	0.00635	0.00381	0.00127	0.00254	0.00508	0.83867	0.00508
13	0.01287	0.01471	0.03217	0.02298	0.02849	0.01379	0.75460	0.01746	0.01287	0.01746	0.01103	0.01471	0.00827	0.00460	0.00643	0.00184	0.00919	0.00643	0.00276	0.00735
14	0.01094	0.01035	0.01752	0.64135	0.18645	0.01228	0.01546	0.01450	0.01121	0.01471	0.00980	0.01432	0.00754	0.00533	0.00544	0.00178	0.00711	0.00485	0.00248	0.00658
15	0.11130	0.01059	0.01253	0.00999	0.01314	0.01106	0.00812	0.01509	0.07262	0.01766	0.00976	0.01194	0.00827	0.00600	0.00801	0.00145	0.22940	0.00388	0.00320	0.43601
16	0.84691	0.01054	0.00801	0.00717	0.01054	0.01223	0.00590	0.01603	0.00928	0.02446	0.00759	0.00886	0.00590	0.00506	0.00337	0.00169	0.00422	0.00295	0.00337	0.00590
17	0.01349	0.01295	0.02213	0.03346	0.77440	0.01295	0.01673	0.01673	0.01241	0.01781	0.01025	0.01349	0.00864	0.00486	0.00540	0.00162	0.00648	0.00486	0.00270	0.00864
18	0.00664	0.00474	0.00633	0.00759	0.00791	0.00443	0.00506	0.00759	0.01044	0.01392	0.03005	0.80485	0.03606	0.01708	0.00696	0.00221	0.00316	0.01550	0.00506	0.00443
19	0.00664	0.00474	0.00633	0.00759	0.00791	0.00443	0.00506	0.00759	0.01044	0.01392	0.03005	0.80485	0.03606	0.01708	0.00696	0.00221	0.00316	0.01550	0.00506	0.00443
20	0.84691	0.01054	0.00801	0.00717	0.01054	0.01223	0.00590	0.01603	0.00928	0.02446	0.00759	0.00886	0.00590	0.00506	0.00337	0.00169	0.00422	0.00295	0.00337	0.00590
21	0.01016	0.00508	0.00508	0.00508	0.00635	0.00508	0.00381	0.01270	0.01143	0.02033	0.01778	0.02033	0.01397	0.00635	0.00381	0.00127	0.00254	0.00508	0.83867	0.00508
22	0.01458	0.81168	0.02857	0.00933	0.01399	0.02157	0.00933	0.01632	0.01108	0.01283	0.00758	0.00875	0.00700	0.00466	0.00350	0.00117	0.00583	0.00292	0.00233	0.00700
23	0.00792	0.00531	0.00606	0.00606	0.00611	0.00535	0.00345	0.00800	0.00796	0.01066	0.01707	0.03508	0.01956	0.77613	0.05967	0.00543	0.00568	0.00784	0.00329	0.00337
24	0.01016	0.00508	0.00508	0.00508	0.00635	0.00508	0.00381	0.01270	0.01143	0.02033	0.01778	0.02033	0.01397	0.00635	0.00381	0.00127	0.00254	0.00508	0.83867	0.00508
25	0.01357	0.01086	0.01216	0.00962	0.01343	0.01064	0.00768	0.20396	0.16779	0.02363	0.13339	0.01823	0.01696	0.00647	0.00508	0.00137	0.00436	0.00529	0.00470	0.33082
26	0.01782	0.02191	0.01410	0.01298	0.01542	0.62896	0.00978	0.01934	0.01410	0.01320	0.00967	0.01217	0.00836	0.01275	0.16291	0.00289	0.01080	0.00398	0.00283	0.00603
27	0.02086	0.01506	0.01623	0.01244	0.01680	0.01660	0.01028	0.73068	0.02528	0.06040	0.01338	0.01328	0.00942	0.00655	0.00545	0.00164	0.00595	0.00493	0.00550	0.00927
28	0.00790	0.00540	0.00652	0.00652	0.00671	0.00559	0.00401	0.00829	0.00810	0.01099	0.01666	0.03280	0.01857	0.65331	0.18113	0.00599	0.00717	0.00751	0.00323	0.00362
29	0.01193	0.01193	0.01670	0.01431	0.01431	0.01670	0.01193	0.01312	0.00835	0.01312	0.00716	0.01193	0.00716	0.00954	0.01789	0.00239	0.79843	0.00477	0.00239	0.00596
30	0.01124	0.00993	0.01224	0.00935	0.01303	0.00912	0.00757	0.01339	0.01058	0.01657	0.00945	0.01197	0.00819	0.00711	0.04866	0.00155	0.16293	0.00368	0.00305	0.63040
31	0.08777	0.10810	0.01625	0.01508	0.16765	0.01432	0.01022	0.11224	0.32440	0.04906	0.01624	0.01623	0.02644	0.00635	0.00508	0.00167	0.00511	0.00515	0.00442	0.00822
32	0.01016	0.00508	0.00508	0.00508	0.00635	0.00508	0.00381	0.01270	0.01143	0.02033	0.01778	0.02033	0.01397	0.00635	0.00381	0.00127	0.00254	0.00508	0.83867	0.00508
33	0.00660	0.00490	0.00616	0.00717	0.00780	0.00446	0.00488	0.00764	0.01084	0.01408	0.03514	0.65281	0.18481	0.01642	0.00685	0.00214	0.00308	0.01469	0.00506	0.00446
34	0.01032	0.01241	0.16567	0.00933	0.01393	0.00782	0.00891	0.01350	0.01211	0.01828	0.15824	0.05293	0.01751	0.00624	0.00486	0.00123	0.00453	0.00523	0.00366	0.47331
35	0.01361	0.48740	0.18130	0.01097	0.01602	0.01810	0.01143	0.01908	0.16342	0.01576	0.01099	0.01166	0.00893	0.00532	0.00426	0.00142	0.00599	0.00380	0.00298	0.00755
36	0.00804	0.00978	0.16279	0.00864	0.01063	0.00645	0.00768	0.01015	0.01099	0.01529	0.16636	0.30204	0.02904	0.21357	0.01175	0.00280	0.00457	0.01017	0.00424	0.00502
37	0.01302	0.61336	0.05825	0.00911	0.01325	0.01785	0.00897	0.01515	0.01198	0.01485	0.16205	0.01533	0.01597	0.00600	0.00417	0.00130	0.00527	0.00437	0.00307	0.00667
38	0.00809	0.00523	0.00631	0.00626	0.00657	0.00511	0.00389	0.00807	0.00910	0.01216	0.11793	0.03391	0.07905	0.49015	0.02208	0.16655	0.00463	0.00784	0.00361	0.00346
39	0.16802	0.41575	0.02015	0.00954	0.01368	0.10345	0.00858	0.01895	0.01216	0.16965	0.01049	0.01087	0.00811	0.00526	0.00404	0.00139	0.00575	0.00351	0.00347	0.00718

[dist]
# distance from previous block
# <min> <max>
0	17

[block]
# block no. 8 follows, 44 sequences, length 83
# corresponding to MSA columns:
# 613-652,656-698
name=unknown_I
#
# <colnr> <probs for GDERKNQSTAVLIFYWHMCP>
#	G	D	E	R	K	N	Q	S	T	A	V	L	I	F	Y	W	H	M	C	P
0	0.01630	0.01451	0.01208	0.01066	0.01314	0.25112	0.00795	0.08290	0.18076	0.11702	0.01579	0.02008	0.01341	0.20780	0.01091	0.00253	0.00646	0.00559	0.00428	0.00671
1	0.00883	0.16340	0.01063	0.00666	0.00919	0.00860	0.00550	0.05133	0.01290	0.01545	0.04357	0.04173	0.58019	0.01162	0.00581	0.00170	0.00354	0.00946	0.00455	0.00533
2	0.48864	0.01216	0.01137	0.00930	0.01309	0.01362	0.00767	0.28437	0.01565	0.08266	0.01059	0.01109	0.00767	0.00572	0.00428	0.00167	0.00489	0.00384	0.00437	0.00737
3	0.01389	0.66402	0.17022	0.01050	0.01580	0.01989	0.01137	0.01650	0.01116	0.01366	0.00799	0.00927	0.00698	0.00476	0.00382	0.00127	0.00625	0.00312	0.00233	0.00720
4	0.01101	0.01451	0.18446	0.01852	0.16683	0.01076	0.22431	0.01510	0.01326	0.01882	0.24137	0.02167	0.02115	0.00676	0.00596	0.00173	0.00641	0.00665	0.00363	0.00709
5	0.00947	0.00473	0.00710	0.00710	0.00710	0.00473	0.00473	0.00710	0.00710	0.00947	0.00947	0.01657	0.00947	0.01894	0.02131	0.84138	0.00473	0.00473	0.00237	0.00237
6	0.01143	0.02522	0.63222	0.01904	0.17012	0.01272	0.01948	0.01716	0.01169	0.01737	0.00988	0.01190	0.00724	0.00512	0.00522	0.00171	0.00775	0.00419	0.00238	0.00817
7	0.01016	0.00508	0.00508	0.00508	0.00635	0.00508	0.00381	0.01270	0.01143	0.02033	0.01778	0.02033	0.01397	0.00635	0.00381	0.00127	0.00254	0.00508	0.83867	0.00508
8	0.01130	0.00969	0.01130	0.00807	0.01292	0.00727	0.00646	0.01373	0.01130	0.01776	0.00969	0.01130	0.00807	0.00404	0.00404	0.00081	0.00404	0.00323	0.00323	0.84173
9	0.00916	0.00528	0.00599	0.00581	0.00709	0.00511	0.00436	0.01171	0.01308	0.02096	0.32792	0.02872	0.02939	0.00832	0.00489	0.00145	0.00255	0.00705	0.49605	0.00511
10	0.01016	0.00508	0.00508	0.00508	0.00635	0.00508	0.00381	0.01270	0.01143	0.02033	0.01778	0.02033	0.01397	0.00635	0.00381	0.00127	0.00254	0.00508	0.83867	0.00508
11	0.01253	0.01197	0.02040	0.26205	0.55331	0.01270	0.01625	0.01589	0.01196	0.01665	0.01009	0.01381	0.00823	0.00504	0.00541	0.00168	0.00671	0.00485	0.00262	0.00786
12	0.61127	0.01494	0.01013	0.00913	0.01234	0.23297	0.00722	0.01766	0.01104	0.02129	0.00783	0.00913	0.00622	0.00522	0.00381	0.00161	0.00582	0.00311	0.00321	0.00602
13	0.01096	0.02271	0.53738	0.05622	0.02307	0.01238	0.11772	0.01614	0.01121	0.01636	0.01043	0.01412	0.00819	0.07162	0.00785	0.00207	0.04697	0.00476	0.00246	0.00736
14	0.01458	0.81168	0.02857	0.00933	0.01399	0.02157	0.00933	0.01632	0.01108	0.01283	0.00758	0.00875	0.00700	0.00466	0.00350	0.00117	0.00583	0.00292	0.00233	0.00700
15	0.01130	0.00969	0.01130	0.00807	0.01292	0.00727	0.00646	0.01373	0.01130	0.01776	0.00969	0.01130	0.00807	0.00404	0.00404	0.00081	0.00404	0.00323	0.00323	0.84173
16	0.00696	0.00488	0.00623	0.00718	0.00742	0.00464	0.00463	0.00767	0.00982	0.01309	0.02686	0.61446	0.03204	0.21295	0.01210	0.00297	0.00369	0.01362	0.00463	0.00415
17	0.01180	0.00746	0.01064	0.01273	0.15870	0.00690	0.00782	0.01352	0.01229	0.18014	0.02876	0.34812	0.15517	0.01188	0.00624	0.00192	0.00406	0.01055	0.00496	0.00633
18	0.02037	0.02598	0.01545	0.01404	0.01685	0.78652	0.01053	0.02177	0.01545	0.01334	0.00843	0.00983	0.00702	0.00562	0.00492	0.00140	0.00983	0.00351	0.00281	0.00632
19	0.01207	0.01306	0.02761	0.02045	0.02514	0.01232	0.60904	0.01626	0.01281	0.01724	0.01451	0.02384	0.01278	0.00664	0.00665	0.00197	0.00838	0.14915	0.00320	0.00690
20	0.24890	0.00833	0.01026	0.16245	0.01635	0.00921	0.00916	0.01401	0.01147	0.06077	0.01865	0.03492	0.01841	0.00987	0.00582	0.00209	0.00521	0.34426	0.00414	0.00571
21	0.01193	0.01193	0.01670	0.01431	0.01431	0.01670	0.01193	0.01312	0.00835	0.01312	0.00716	0.01193	0.00716	0.00954	0.01789	0.00239	0.79843	0.00477	0.00239	0.00596
22	0.01349	0.01295	0.02213	0.03346	0.77440	0.01295	0.01673	0.01673	0.01241	0.01781	0.01025	0.01349	0.00864	0.00486	0.00540	0.00162	0.00648	0.00486	0.00270	0.00864
23	0.01030	0.00969	0.01635	0.79530	0.03755	0.01211	0.01514	0.01393	0.01090	0.01393	0.00969	0.01453	0.00727	0.00545	0.00545	0.00182	0.00727	0.00484	0.00242	0.00606
24	0.00934	0.00504	0.00743	0.00768	0.00792	0.00504	0.00553	0.00792	0.00817	0.01081	0.01325	0.02534	0.01374	0.01818	0.01862	0.67767	0.00479	0.14778	0.00289	0.00289
25	0.01483	0.01322	0.01299	0.01148	0.01467	0.07607	0.00896	0.10210	0.62940	0.02322	0.02016	0.01876	0.01512	0.00717	0.00549	0.00179	0.00493	0.00582	0.00532	0.00851
26	0.01101	0.01023	0.01663	0.23408	0.38403	0.01071	0.01329	0.01402	0.01232	0.01673	0.09518	0.02221	0.12285	0.00696	0.00567	0.00171	0.00575	0.00633	0.00331	0.00699
27	0.01840	0.01687	0.02013	0.01561	0.01963	0.21285	0.22116	0.21725	0.01705	0.12244	0.01209	0.01337	0.00885	0.00595	0.00632	0.00168	0.05351	0.00505	0.00400	0.00778
28	0.01152	0.02411	0.55319	0.01780	0.02508	0.01300	0.24300	0.01733	0.01192	0.01733	0.01016	0.01248	0.00732	0.00500	0.00556	0.00176	0.00840	0.00476	0.00244	0.00784
29	0.00733	0.00638	0.00782	0.15991	0.01347	0.00616	0.00655	0.00921	0.01214	0.01466	0.04487	0.04557	0.58148	0.01225	0.00631	0.00187	0.00377	0.05081	0.00454	0.00491
30	0.01140	0.13950	0.30124	0.01516	0.02044	0.01328	0.20524	0.01559	0.01117	0.01563	0.01064	0.01386	0.00859	0.01204	0.15813	0.00306	0.03061	0.00485	0.00255	0.00703
31	0.01335	0.02869	0.26688	0.08185	0.29581	0.01221	0.01568	0.01848	0.07448	0.09487	0.03682	0.01482	0.01048	0.00561	0.00536	0.00169	0.00655	0.00489	0.00329	0.00817
32	0.01152	0.01205	0.01183	0.01415	0.17578	0.19995	0.00868	0.01329	0.01295	0.01529	0.06905	0.17966	0.23366	0.01033	0.00594	0.00175	0.00538	0.00878	0.00405	0.00590
33	0.01204	0.00936	0.01219	0.13978	0.05636	0.01007	0.00974	0.21073	0.01581	0.02091	0.07609	0.09388	0.08244	0.01045	0.00631	0.00198	0.00522	0.21552	0.00467	0.00645
34	0.01398	0.01309	0.02356	0.03009	0.58630	0.01284	0.16024	0.01742	0.01268	0.06026	0.01104	0.01401	0.00884	0.00491	0.00560	0.00167	0.00690	0.00520	0.00294	0.00842
35	0.01238	0.01916	0.32296	0.02209	0.26360	0.01305	0.14607	0.01841	0.09447	0.01808	0.01151	0.01367	0.00876	0.00522	0.00551	0.00173	0.00734	0.00495	0.00286	0.00818
36	0.01013	0.00872	0.01455	0.64148	0.03161	0.01067	0.01311	0.01260	0.01016	0.01306	0.00965	0.01493	0.00770	0.00808	0.00855	0.16567	0.00677	0.00482	0.00241	0.00534
37	0.01306	0.01224	0.02328	0.15682	0.12164	0.01208	0.36861	0.04047	0.01306	0.07994	0.01611	0.01861	0.08604	0.00595	0.00602	0.00179	0.00738	0.00634	0.00334	0.00723
38	0.01384	0.01448	0.01903	0.26683	0.39717	0.16366	0.01503	0.01684	0.01254	0.01573	0.00972	0.01310	0.00789	0.00519	0.00532	0.00164	0.00738	0.00459	0.00263	0.00738
39	0.01179	0.01412	0.22779	0.00948	0.01299	0.07256	0.00957	0.06835	0.01276	0.01954	0.01508	0.06029	0.01228	0.00657	0.00459	0.00149	0.00500	0.00522	0.42424	0.00630
40	0.00667	0.00522	0.00617	0.00669	0.00781	0.00473	0.00477	0.00795	0.01137	0.01441	0.06082	0.36473	0.38162	0.01734	0.07107	0.00257	0.00390	0.01267	0.00491	0.00457
41	0.08933	0.03710	0.13551	0.01648	0.16436	0.06209	0.06840	0.12974	0.02427	0.04657	0.03463	0.09912	0.01363	0.00733	0.00550	0.00176	0.00622	0.04681	0.00377	0.00739
42	0.01000	0.00842	0.01254	0.12004	0.22477	0.00887	0.00957	0.01280	0.06498	0.01471	0.01699	0.15518	0.01761	0.23786	0.04102	0.00309	0.00579	0.02645	0.00351	0.00583
43	0.00960	0.00685	0.01177	0.00998	0.01133	0.00658	0.15098	0.00934	0.00903	0.01189	0.01645	0.02216	0.11194	0.05757	0.03974	0.49632	0.00567	0.00617	0.00287	0.00376
44	0.01034	0.00968	0.01567	0.45260	0.21404	0.01085	0.01339	0.01343	0.01157	0.01505	0.01872	0.02168	0.15689	0.00693	0.00563	0.00177	0.00619	0.00615	0.00301	0.00641
45	0.07770	0.01292	0.01519	0.01512	0.16281	0.04154	0.01025	0.33352	0.01847	0.10917	0.06964	0.01637	0.03356	0.00650	0.00530	0.00160	0.00550	0.00522	0.00472	0.05491
46	0.01284	0.01274	0.02322	0.05009	0.52540	0.01256	0.18715	0.01636	0.01270	0.01792	0.06559	0.01578	0.01162	0.00527	0.00571	0.00168	0.00685	0.00559	0.00294	0.00801
47	0.01022	0.00825	0.00860	0.00768	0.01016	0.00822	0.00599	0.15678	0.11571	0.01985	0.06409	0.04013	0.50058	0.01145	0.00613	0.00180	0.00360	0.00945	0.00523	0.00607
48	0.01268	0.01115	0.01084	0.00978	0.01247	0.08078	0.00769	0.13349	0.28073	0.02088	0.05378	0.03147	0.23236	0.00968	0.00592	0.00182	0.00464	0.06775	0.00512	0.00696
49	0.01097	0.01034	0.01682	0.30041	0.36124	0.01102	0.01371	0.01399	0.01188	0.01582	0.01883	0.02147	0.15716	0.00682	0.00562	0.00173	0.00603	0.00615	0.00306	0.00693
50	0.01024	0.00977	0.01007	0.00979	0.01112	0.15898	0.00754	0.01208	0.01007	0.01279	0.01340	0.01916	0.01234	0.03400	0.63421	0.00733	0.01367	0.00539	0.00290	0.00515
51	0.01030	0.00969	0.01635	0.79530	0.03755	0.01211	0.01514	0.01393	0.01090	0.01393	0.00969	0.01453	0.00727	0.00545	0.00545	0.00182	0.00727	0.00484	0.00242	0.00606
52	0.01837	0.17750	0.01761	0.01275	0.01595	0.53850	0.01006	0.02163	0.11028	0.01445	0.01002	0.01096	0.00825	0.00566	0.00472	0.00141	0.00835	0.00373	0.00307	0.00675
53	0.00969	0.00888	0.01445	0.64133	0.03175	0.01071	0.01311	0.01303	0.01156	0.01493	0.10364	0.02054	0.07096	0.00677	0.00564	0.00181	0.00637	0.00595	0.00305	0.00584
54	0.00793	0.00529	0.00595	0.00595	0.00595	0.00529	0.00330	0.00793	0.00793	0.01057	0.01718	0.03568	0.01982	0.80840	0.02775	0.00529	0.00529	0.00793	0.00330	0.00330
55	0.00663	0.00480	0.00627	0.00744	0.00787	0.00444	0.00499	0.00761	0.01058	0.01398	0.03187	0.75032	0.08940	0.01684	0.00692	0.00219	0.00313	0.01521	0.00506	0.00444
56	0.00728	0.00481	0.00656	0.00744	0.00777	0.00455	0.00500	0.00772	0.01020	0.01370	0.08723	0.58794	0.03214	0.01695	0.00972	0.16594	0.00342	0.01293	0.00461	0.00409
57	0.01820	0.01217	0.16128	0.01022	0.01456	0.00830	0.00976	0.02123	0.01477	0.46608	0.18146	0.02198	0.02042	0.00739	0.00563	0.00170	0.00486	0.00615	0.00572	0.00815
58	0.01399	0.01536	0.01639	0.01425	0.01493	0.20495	0.01159	0.01524	0.01009	0.01317	0.00747	0.01141	0.00712	0.00858	0.01472	0.00215	0.60558	0.00446	0.00249	0.00605
59	0.01115	0.01108	0.02031	0.55745	0.10405	0.01255	0.17524	0.01495	0.01147	0.01505	0.01003	0.01448	0.00761	0.00521	0.00566	0.00180	0.00761	0.00519	0.00252	0.00658
60	0.01378	0.07684	0.05214	0.05511	0.42654	0.07687	0.18598	0.01720	0.01257	0.01682	0.01004	0.01307	0.00818	0.00488	0.00544	0.00163	0.00741	0.00493	0.00267	0.00791
61	0.01544	0.46165	0.16670	0.01055	0.01556	0.01641	0.01098	0.01813	0.01191	0.16302	0.01111	0.01189	0.00862	0.00719	0.04800	0.00180	0.00651	0.00379	0.00322	0.00752
62	0.00660	0.00490	0.00617	0.00719	0.00780	0.00446	0.00488	0.00764	0.01083	0.01408	0.03496	0.65801	0.17972	0.01644	0.00686	0.00214	0.00308	0.01472	0.00506	0.00446
63	0.26058	0.01307	0.04580	0.01345	0.01780	0.01296	0.22107	0.18742	0.01511	0.09828	0.05400	0.01433	0.01068	0.00578	0.00517	0.00172	0.00614	0.00507	0.00411	0.00746
64	0.01138	0.00980	0.01168	0.00896	0.03943	0.00747	0.00682	0.01383	0.01134	0.01777	0.00971	0.01138	0.00809	0.00407	0.00408	0.00084	0.00412	0.00329	0.00321	0.81273
65	0.00793	0.00529	0.00595	0.00595	0.00595	0.00529	0.00330	0.00793	0.00793	0.01057	0.01718	0.03568	0.01982	0.80840	0.02775	0.00529	0.00529	0.00793	0.00330	0.00330
66	0.00772	0.00557	0.00729	0.00686	0.00814	0.00514	0.00514	0.01029	0.01543	0.02186	0.77152	0.04072	0.05144	0.01115	0.00643	0.00171	0.00257	0.00986	0.00600	0.00514
67	0.01810	0.01911	0.01472	0.01287	0.01597	0.37682	0.00997	0.16701	0.24451	0.02031	0.01347	0.01372	0.01038	0.00647	0.00563	0.00162	0.03297	0.00463	0.00414	0.00759
68	0.01249	0.15091	0.01720	0.16349	0.01937	0.01219	0.06404	0.05712	0.06669	0.01742	0.01051	0.01249	0.00843	0.00485	0.00458	0.00126	0.00549	0.00403	0.00317	0.36425
69	0.01284	0.01228	0.02094	0.19024	0.62276	0.01278	0.01640	0.01615	0.01210	0.01701	0.01014	0.01371	0.00835	0.00498	0.00541	0.00166	0.00664	0.00485	0.00264	0.00810
70	0.00825	0.00565	0.00692	0.00653	0.00800	0.00514	0.00490	0.01050	0.01435	0.04639	0.52753	0.04053	0.18732	0.03148	0.00674	0.00179	0.00275	0.00961	0.07050	0.00513
71	0.00762	0.00534	0.00680	0.00757	0.00813	0.00516	0.00542	0.00862	0.01029	0.01348	0.02724	0.31856	0.08274	0.24199	0.01346	0.03034	0.00426	0.19431	0.00446	0.00420
72	0.01690	0.07683	0.24636	0.01478	0.04581	0.11323	0.10192	0.12047	0.01496	0.17784	0.01251	0.01323	0.00885	0.00563	0.00528	0.00163	0.00721	0.00462	0.00380	0.00811
73	0.01733	0.01750	0.01600	0.16605	0.02078	0.35785	0.06468	0.09105	0.01507	0.09995	0.03045	0.03375	0.01012	0.00714	0.02710	0.00180	0.00812	0.00486	0.00356	0.00684
74	0.00664	0.00474	0.00633	0.00759	0.00791	0.00443	0.00506	0.00759	0.01044	0.01392	0.03005	0.80485	0.03606	0.01708	0.00696	0.00221	0.00316	0.01550	0.00506	0.00443
75	0.01529	0.01071	0.01386	0.01516	0.18119	0.01111	0.00980	0.06335	0.28649	0.18452	0.02186	0.07670	0.06993	0.00781	0.00566	0.00178	0.00476	0.00672	0.00510	0.00821
76	0.01221	0.01164	0.01981	0.33977	0.47814	0.01262	0.01609	0.01560	0.01181	0.01625	0.01003	0.01391	0.00809	0.00510	0.00542	0.00170	0.00679	0.00485	0.00259	0.00760
77	0.01675	0.01699	0.01370	0.01204	0.01517	0.28745	0.00932	0.14829	0.32781	0.02091	0.01780	0.01736	0.05837	0.00702	0.00536	0.00166	0.00646	0.00534	0.00453	0.00767
78	0.01083	0.00593	0.00735	0.00709	0.00799	0.00560	0.00466	0.01148	0.01006	0.16121	0.02125	0.22523	0.02266	0.45350	0.01819	0.00381	0.00463	0.00935	0.00442	0.00475
