[name]
unknown

[dist]
# distance from previous block
# <min> <max>
0	34

[block]
# block no. 0 follows, 42 sequences, length 24
# corresponding to MSA columns:
# 291-314
name=unknown_A
#
# <colnr> <probs for GDERKNQSTAVLIFYWHMCP>
#	G	D	E	R	K	N	Q	S	T	A	V	L	I	F	Y	W	H	M	C	P
0	0.08298	0.00687	0.00900	0.01010	0.01159	0.00702	0.00880	0.01209	0.01266	0.01759	0.02785	0.05866	0.03005	0.01463	0.00739	0.00252	0.00511	0.66480	0.00503	0.00526
1	0.00741	0.07663	0.00787	0.00619	0.00825	0.00629	0.00481	0.00884	0.01257	0.01497	0.05095	0.09873	0.65012	0.01364	0.00642	0.00186	0.00316	0.01136	0.00498	0.00496
2	0.01505	0.80561	0.02949	0.00963	0.01444	0.02227	0.00963	0.01685	0.01143	0.01324	0.00782	0.00903	0.00722	0.00481	0.00361	0.00120	0.00602	0.00301	0.00241	0.00722
3	0.01477	0.00999	0.05561	0.00946	0.01244	0.00909	0.00791	0.12454	0.08199	0.19311	0.24756	0.02627	0.02559	0.05006	0.05026	0.00233	0.00498	0.00706	0.05969	0.00728
4	0.01333	0.00688	0.00848	0.00741	0.00967	0.00613	0.00564	0.01515	0.01387	0.25712	0.19777	0.03575	0.21437	0.11860	0.00916	0.00227	0.00376	0.00858	0.05980	0.00626
5	0.01522	0.01211	0.01126	0.06546	0.03600	0.16770	0.00786	0.10530	0.01449	0.10408	0.01774	0.02126	0.05996	0.11569	0.00829	0.00209	0.00573	0.00573	0.21760	0.00643
6	0.01224	0.00664	0.00814	0.00737	0.00960	0.00583	0.00566	0.01416	0.01407	0.22186	0.19164	0.12442	0.27930	0.01158	0.00626	0.00183	0.00337	0.00987	0.05995	0.00619
7	0.00792	0.00555	0.00634	0.00626	0.00679	0.00532	0.00391	0.00864	0.01037	0.01381	0.16881	0.04038	0.13575	0.53295	0.02114	0.00422	0.00453	0.00911	0.00422	0.00398
8	0.01896	0.01761	0.01532	0.01290	0.01655	0.22337	0.01018	0.32474	0.25386	0.02582	0.01517	0.01496	0.01134	0.00677	0.00551	0.00169	0.00672	0.00508	0.00492	0.00853
9	0.01218	0.01159	0.01968	0.43415	0.38118	0.01291	0.01640	0.01574	0.01199	0.01626	0.01028	0.01450	0.00817	0.00534	0.00560	0.00178	0.00712	0.00501	0.00263	0.00750
10	0.72495	0.01213	0.05702	0.00826	0.01203	0.01276	0.00724	0.01766	0.06790	0.02465	0.00915	0.01024	0.00702	0.00542	0.00378	0.00176	0.00461	0.00338	0.00359	0.00645
11	0.84197	0.01088	0.00827	0.00740	0.01088	0.01262	0.00609	0.01654	0.00958	0.02525	0.00784	0.00914	0.00609	0.00522	0.00348	0.00174	0.00435	0.00305	0.00348	0.00609
12	0.00722	0.00531	0.00676	0.00728	0.00817	0.00485	0.00512	0.00884	0.01286	0.01735	0.29104	0.43172	0.14267	0.01502	0.00692	0.00205	0.00299	0.01340	0.00556	0.00485
13	0.00736	0.00560	0.00677	0.00676	0.00811	0.00501	0.00496	0.00935	0.01410	0.01887	0.41762	0.16785	0.28043	0.01338	0.00673	0.00190	0.00282	0.01166	0.00573	0.00501
14	0.00681	0.00506	0.00636	0.00739	0.00805	0.00461	0.00503	0.00789	0.01120	0.01454	0.03642	0.64387	0.18841	0.01693	0.00707	0.00221	0.00318	0.01514	0.00522	0.00461
15	0.00978	0.00489	0.00733	0.00733	0.00733	0.00489	0.00489	0.00733	0.00733	0.00978	0.00978	0.01711	0.00978	0.01955	0.02199	0.83627	0.00489	0.00489	0.00244	0.00244
16	0.01981	0.01631	0.01554	0.01252	0.01643	0.12830	0.01009	0.51361	0.10688	0.03001	0.01418	0.01434	0.01040	0.00670	0.00545	0.00165	0.00635	0.00501	0.05763	0.00877
17	0.00934	0.00800	0.01317	0.01135	0.01282	0.00878	0.13183	0.01127	0.00952	0.01344	0.01440	0.02356	0.01406	0.21353	0.40300	0.00640	0.08078	0.00655	0.00303	0.00518
18	0.01634	0.02744	0.01424	0.07305	0.06041	0.16095	0.00986	0.19449	0.08623	0.05741	0.01648	0.01753	0.05822	0.00706	0.00602	0.00167	0.05002	0.00535	0.12980	0.00743
19	0.05865	0.00701	0.00776	0.00712	0.00817	0.00709	0.00465	0.06693	0.01004	0.01444	0.01599	0.03028	0.01732	0.57643	0.07081	0.00477	0.00595	0.00708	0.00356	0.07597
20	0.08740	0.21606	0.12089	0.01067	0.01451	0.05858	0.01008	0.06384	0.01225	0.08161	0.01203	0.01468	0.00995	0.01679	0.24296	0.00383	0.00912	0.00450	0.00332	0.00691
21	0.01469	0.13126	0.24997	0.01677	0.11613	0.07735	0.04466	0.12844	0.01419	0.01918	0.01001	0.01202	0.00789	0.00588	0.00654	0.00168	0.09050	0.00435	0.00304	0.04545
22	0.13315	0.10577	0.05603	0.00920	0.04508	0.00932	0.00739	0.01362	0.01250	0.09678	0.09809	0.12862	0.24331	0.01025	0.00565	0.00180	0.00419	0.00845	0.00462	0.00618
23	0.08253	0.17196	0.12401	0.01219	0.01637	0.08063	0.08959	0.12279	0.01374	0.01876	0.01264	0.08398	0.01172	0.09089	0.00759	0.00203	0.00658	0.00564	0.00345	0.04292

[dist]
# distance from previous block
# <min> <max>
0	8

[block]
# block no. 1 follows, 42 sequences, length 39
# corresponding to MSA columns:
# 323-361
name=unknown_B
#
# <colnr> <probs for GDERKNQSTAVLIFYWHMCP>
#	G	D	E	R	K	N	Q	S	T	A	V	L	I	F	Y	W	H	M	C	P
0	0.13768	0.20190	0.15059	0.06852	0.01596	0.05358	0.01041	0.03478	0.01165	0.01740	0.01288	0.10978	0.01192	0.00935	0.05591	0.00213	0.00647	0.00546	0.07707	0.00655
1	0.06713	0.01664	0.12213	0.01463	0.06332	0.12138	0.08791	0.11881	0.15804	0.08734	0.04990	0.01625	0.01260	0.00642	0.00550	0.00173	0.00657	0.00532	0.03033	0.00804
2	0.03975	0.01019	0.01072	0.00923	0.01228	0.04698	0.00722	0.06658	0.20620	0.08761	0.12401	0.02722	0.16062	0.01001	0.03677	0.00196	0.00472	0.00708	0.00514	0.12570
3	0.00698	0.00542	0.00622	0.00672	0.00786	0.00482	0.00475	0.00823	0.01186	0.01493	0.07357	0.31873	0.39110	0.07747	0.00861	0.00234	0.00327	0.03736	0.00512	0.00462
4	0.01624	0.10601	0.01904	0.27890	0.02525	0.37759	0.06693	0.01876	0.01365	0.01424	0.00925	0.01206	0.00743	0.00555	0.00522	0.00160	0.00874	0.00425	0.00271	0.00659
5	0.10026	0.04401	0.01706	0.01820	0.22778	0.01369	0.05363	0.04195	0.25073	0.03700	0.01518	0.02923	0.01223	0.00676	0.00642	0.00183	0.06746	0.01844	0.03009	0.00804
6	0.00685	0.00517	0.00626	0.00710	0.00790	0.00466	0.00485	0.00793	0.01130	0.01448	0.03855	0.53451	0.26302	0.04986	0.00793	0.00230	0.00323	0.01438	0.00515	0.00458
7	0.00716	0.00572	0.00641	0.00624	0.00791	0.00497	0.00468	0.00906	0.01403	0.01806	0.33122	0.04946	0.48884	0.01319	0.00665	0.00185	0.00277	0.01122	0.00560	0.00497
8	0.01346	0.01651	0.15905	0.09127	0.33950	0.01371	0.20258	0.06148	0.01346	0.01888	0.01083	0.01395	0.00842	0.00516	0.00581	0.00177	0.00773	0.00528	0.00288	0.00828
9	0.01598	0.16943	0.06708	0.01360	0.01716	0.18998	0.06943	0.11148	0.10180	0.01814	0.01206	0.01364	0.02542	0.00726	0.02013	0.00184	0.13004	0.00471	0.00343	0.00740
10	0.09117	0.00642	0.00753	0.00706	0.00882	0.00614	0.00540	0.01132	0.01424	0.05097	0.46500	0.03918	0.19391	0.01314	0.05338	0.00224	0.00371	0.00939	0.00556	0.00543
11	0.00703	0.00520	0.00625	0.00700	0.00768	0.00477	0.00468	0.00796	0.01087	0.01400	0.03549	0.47970	0.22174	0.14779	0.01063	0.00272	0.00352	0.01363	0.00492	0.00442
12	0.00677	0.00522	0.00619	0.00697	0.00794	0.00464	0.00484	0.00793	0.01161	0.01470	0.04154	0.49725	0.33173	0.01626	0.00697	0.00213	0.00310	0.01433	0.00522	0.00464
13	0.01208	0.02706	0.66114	0.01654	0.02439	0.01344	0.08481	0.06233	0.01289	0.01891	0.01042	0.01227	0.00740	0.00538	0.00548	0.00179	0.00829	0.00443	0.00262	0.00833
14	0.08010	0.08941	0.65080	0.01482	0.02246	0.01377	0.01869	0.01764	0.01166	0.01807	0.00973	0.01143	0.00705	0.00529	0.00505	0.00173	0.00781	0.00398	0.00247	0.00805
15	0.01206	0.01161	0.02016	0.45284	0.31770	0.01294	0.06065	0.01571	0.01198	0.01614	0.01031	0.01460	0.00811	0.00534	0.00567	0.00180	0.00731	0.00511	0.00263	0.00735
16	0.27545	0.00942	0.01017	0.00927	0.01150	0.01074	0.00732	0.13827	0.01268	0.02133	0.03925	0.14624	0.01550	0.01731	0.20005	0.00370	0.05494	0.00665	0.00405	0.00614
17	0.28522	0.05712	0.21081	0.01132	0.01625	0.05979	0.01127	0.06609	0.09047	0.12341	0.01235	0.01278	0.00893	0.00585	0.00474	0.00172	0.00601	0.00420	0.00394	0.00774
18	0.03671	0.15393	0.24217	0.01366	0.01872	0.07183	0.08928	0.12191	0.05915	0.01940	0.01353	0.10964	0.01195	0.00708	0.00540	0.00173	0.00691	0.00588	0.00352	0.00761
19	0.01195	0.05865	0.01731	0.04926	0.24718	0.01104	0.10962	0.03743	0.03603	0.01645	0.01383	0.02175	0.01302	0.25343	0.01266	0.00284	0.00627	0.00616	0.06858	0.00654
20	0.01388	0.01090	0.01487	0.01215	0.01504	0.01193	0.10823	0.24901	0.06109	0.02262	0.01468	0.01781	0.01185	0.01760	0.24559	0.00399	0.04035	0.00567	0.11561	0.00714
21	0.01711	0.01141	0.01421	0.01526	0.17287	0.08596	0.00989	0.06831	0.01438	0.26420	0.06151	0.01982	0.01475	0.06509	0.13646	0.00316	0.00745	0.00578	0.00464	0.00771
22	0.01486	0.09580	0.06488	0.01743	0.22703	0.01381	0.01173	0.20779	0.07798	0.02259	0.01458	0.01625	0.03230	0.00840	0.05238	0.00207	0.00633	0.00517	0.10055	0.00809
23	0.00846	0.00712	0.01033	0.00951	0.01077	0.00760	0.06120	0.01021	0.01097	0.01492	0.10112	0.15414	0.17073	0.08297	0.21880	0.00422	0.09841	0.00930	0.00409	0.00512
24	0.13073	0.36703	0.02075	0.01108	0.01504	0.25584	0.00953	0.05739	0.03689	0.03672	0.00925	0.01027	0.00769	0.00542	0.00428	0.00142	0.00700	0.00349	0.00310	0.00709
25	0.32781	0.01192	0.01255	0.01415	0.18201	0.07668	0.00895	0.01631	0.01189	0.04324	0.04478	0.01557	0.05730	0.00600	0.00460	0.00157	0.00514	0.00459	0.03033	0.12460
26	0.00778	0.00580	0.00772	0.00770	0.00873	0.00604	0.00570	0.00948	0.01082	0.01485	0.15742	0.06563	0.14060	0.14039	0.37920	0.00582	0.00905	0.00842	0.00408	0.00478
27	0.01271	0.01195	0.01479	0.14223	0.01804	0.07118	0.01111	0.06002	0.09334	0.01643	0.01165	0.01546	0.00991	0.01289	0.12159	0.00307	0.31763	0.00518	0.04431	0.00650
28	0.01260	0.00735	0.00925	0.00837	0.01017	0.00723	0.00621	0.08612	0.01363	0.16851	0.15472	0.14670	0.05000	0.18082	0.10919	0.00354	0.00570	0.00876	0.00513	0.00602
29	0.01377	0.01460	0.02091	0.31529	0.26060	0.14113	0.11984	0.01715	0.01281	0.01605	0.01016	0.01388	0.00805	0.00534	0.00566	0.00174	0.00797	0.00501	0.00271	0.00732
30	0.00966	0.00494	0.00734	0.00731	0.00740	0.00492	0.00492	0.00755	0.00790	0.01062	0.05959	0.01875	0.01264	0.01902	0.02098	0.78117	0.00474	0.00524	0.00269	0.00263
31	0.01577	0.01431	0.01890	0.08123	0.37963	0.07253	0.01382	0.18742	0.09256	0.02197	0.01258	0.01510	0.01006	0.03192	0.00632	0.00182	0.00663	0.00516	0.00375	0.00850
32	0.00962	0.00640	0.00774	0.00776	0.00903	0.00638	0.00564	0.01263	0.08929	0.06218	0.11170	0.21206	0.09424	0.14867	0.06311	0.00304	0.00461	0.05369	0.08686	0.00536
33	0.00719	0.00568	0.00705	0.05859	0.01012	0.00529	0.00570	0.00870	0.01205	0.01532	0.08618	0.36768	0.32978	0.01500	0.00686	0.00208	0.00342	0.04337	0.00510	0.00483
34	0.01899	0.02348	0.01567	0.01418	0.01656	0.62543	0.01081	0.02044	0.01450	0.01370	0.00894	0.01123	0.00772	0.00875	0.05805	0.00209	0.11629	0.00396	0.00285	0.00638
35	0.01629	0.31384	0.14540	0.01182	0.01663	0.10155	0.01147	0.19672	0.04564	0.02041	0.01099	0.01199	0.00866	0.00571	0.00466	0.00148	0.00661	0.00405	0.05825	0.00784
36	0.00769	0.00612	0.00817	0.05709	0.01072	0.00636	0.00646	0.00921	0.01133	0.01505	0.09052	0.40696	0.16925	0.01737	0.07804	0.00278	0.06300	0.02423	0.00473	0.00494
37	0.01484	0.47819	0.11770	0.01291	0.01798	0.09022	0.11200	0.01852	0.06139	0.01518	0.00966	0.01111	0.00805	0.00515	0.00451	0.00144	0.00705	0.00392	0.00273	0.00745
38	0.01093	0.00690	0.00828	0.00782	0.00988	0.00639	0.00603	0.05915	0.01380	0.13783	0.07975	0.17385	0.33314	0.01497	0.05765	0.00244	0.00439	0.05551	0.00544	0.00588

[dist]
# distance from previous block
# <min> <max>
0	4

[block]
# block no. 2 follows, 42 sequences, length 9
# corresponding to MSA columns:
# 366-374
name=unknown_C
#
# <colnr> <probs for GDERKNQSTAVLIFYWHMCP>
#	G	D	E	R	K	N	Q	S	T	A	V	L	I	F	Y	W	H	M	C	P
0	0.00863	0.00672	0.00765	0.00726	0.00910	0.00634	0.00555	0.06463	0.04578	0.01973	0.30498	0.07810	0.35957	0.01263	0.00660	0.00188	0.00321	0.04051	0.00562	0.00549
1	0.00749	0.00548	0.00640	0.00686	0.00761	0.00512	0.00467	0.00840	0.01064	0.01360	0.03355	0.24237	0.23828	0.29802	0.01479	0.00334	0.00412	0.08043	0.00457	0.00426
2	0.01038	0.00747	0.00840	0.00811	0.00940	0.06273	0.00586	0.01208	0.01302	0.08895	0.29738	0.19479	0.03392	0.13495	0.08406	0.00311	0.00516	0.00979	0.00509	0.00533
3	0.00823	0.00587	0.00663	0.00654	0.00830	0.00506	0.00486	0.00982	0.01322	0.07099	0.15611	0.16132	0.49517	0.01382	0.00666	0.00193	0.00302	0.01179	0.00550	0.00516
4	0.01457	0.00910	0.01079	0.00912	0.01193	0.00899	0.00731	0.20399	0.01803	0.16638	0.27773	0.03343	0.14449	0.01007	0.00626	0.00181	0.00415	0.04874	0.00599	0.00713
5	0.00868	0.00697	0.01027	0.00990	0.01076	0.00856	0.00783	0.01057	0.00898	0.01314	0.01392	0.02064	0.01307	0.03736	0.66585	0.00806	0.13145	0.00586	0.00293	0.00519
6	0.01244	0.01374	0.06242	0.28089	0.19869	0.01340	0.30204	0.01663	0.01243	0.01688	0.01068	0.01467	0.00821	0.00513	0.00600	0.00183	0.00813	0.00560	0.00269	0.00748
7	0.58072	0.01338	0.01029	0.00899	0.01251	0.14176	0.00723	0.01918	0.01163	0.13502	0.01013	0.01081	0.00746	0.00558	0.00408	0.00169	0.00540	0.00354	0.00391	0.00669
8	0.00867	0.00593	0.00687	0.00689	0.00860	0.00516	0.00515	0.01021	0.01291	0.08777	0.09800	0.21675	0.44748	0.01417	0.00672	0.00199	0.00321	0.04283	0.00546	0.00523

[dist]
# distance from previous block
# <min> <max>
2	6

[block]
# block no. 3 follows, 42 sequences, length 25
# corresponding to MSA columns:
# 381-405
name=unknown_D
#
# <colnr> <probs for GDERKNQSTAVLIFYWHMCP>
#	G	D	E	R	K	N	Q	S	T	A	V	L	I	F	Y	W	H	M	C	P
0	0.06875	0.01184	0.01356	0.01271	0.07497	0.01281	0.00924	0.31065	0.14624	0.06417	0.05650	0.15814	0.01805	0.00889	0.00584	0.00184	0.00503	0.00742	0.00530	0.00806
1	0.01786	0.01310	0.01907	0.01471	0.01886	0.06719	0.22770	0.11272	0.09969	0.24275	0.03023	0.08034	0.01422	0.00721	0.00605	0.00182	0.00655	0.00672	0.00499	0.00821
2	0.01074	0.00893	0.00955	0.00911	0.01045	0.08873	0.00677	0.08451	0.01206	0.01602	0.06165	0.10098	0.01868	0.16046	0.33610	0.00546	0.00958	0.00726	0.03762	0.00534
3	0.00706	0.00521	0.00644	0.00716	0.00790	0.00477	0.00488	0.00823	0.01156	0.01517	0.11873	0.49170	0.18804	0.08498	0.00889	0.00242	0.00330	0.01380	0.00518	0.00459
4	0.07464	0.31780	0.21546	0.01123	0.01605	0.07714	0.02202	0.01636	0.01266	0.01722	0.15328	0.01627	0.01592	0.00634	0.00479	0.00153	0.00623	0.00478	0.00325	0.00700
5	0.01688	0.18636	0.13485	0.01413	0.05606	0.25694	0.04740	0.02082	0.07886	0.08543	0.01183	0.01283	0.00915	0.00573	0.00497	0.00154	0.00749	0.00429	0.03688	0.00756
6	0.00688	0.00506	0.00637	0.00740	0.00798	0.00464	0.00499	0.00789	0.01102	0.01437	0.03497	0.63880	0.16232	0.04906	0.00797	0.00235	0.00328	0.01497	0.00515	0.00455
7	0.00787	0.00568	0.00697	0.00761	0.00813	0.00562	0.00501	0.00986	0.07074	0.01455	0.06375	0.48210	0.03167	0.23812	0.01310	0.00312	0.00395	0.01272	0.00480	0.00463
8	0.01400	0.21585	0.10661	0.07493	0.01783	0.12232	0.04649	0.08782	0.06970	0.01733	0.01496	0.15001	0.02368	0.00784	0.00535	0.00169	0.00653	0.00640	0.00359	0.00705
9	0.01378	0.01339	0.05668	0.02924	0.20067	0.04984	0.12194	0.07716	0.09978	0.04263	0.03943	0.02500	0.01559	0.00797	0.00678	0.00195	0.04328	0.14324	0.00402	0.00766
10	0.01357	0.00805	0.00923	0.00817	0.01063	0.00791	0.00627	0.05507	0.13978	0.18810	0.07053	0.06992	0.18861	0.07387	0.00765	0.00207	0.00392	0.00808	0.12180	0.00677
11	0.01864	0.01278	0.01814	0.08826	0.29931	0.01315	0.01297	0.22609	0.01737	0.21509	0.01433	0.01524	0.01026	0.00606	0.00562	0.00171	0.00613	0.00519	0.00463	0.00904
12	0.01421	0.07292	0.08342	0.02645	0.47641	0.01345	0.05987	0.01748	0.01262	0.07489	0.01207	0.05044	0.01025	0.00598	0.00618	0.00173	0.04466	0.00545	0.00314	0.00837
13	0.01613	0.01127	0.01541	0.10924	0.08382	0.05340	0.06868	0.07828	0.06062	0.22265	0.01838	0.08770	0.04061	0.01058	0.06900	0.00242	0.03293	0.00663	0.00462	0.00764
14	0.00777	0.00550	0.00615	0.00619	0.00670	0.00525	0.00381	0.00830	0.00981	0.01275	0.07451	0.07820	0.18464	0.54265	0.02142	0.00430	0.00461	0.00949	0.00407	0.00388
15	0.00870	0.00786	0.04579	0.00989	0.07091	0.00679	0.00710	0.01216	0.06730	0.01997	0.41815	0.11614	0.16458	0.01150	0.00648	0.00185	0.00348	0.01008	0.00544	0.00583
16	0.01546	0.05466	0.02053	0.08853	0.47209	0.08822	0.01477	0.04703	0.05859	0.06867	0.01185	0.01416	0.00941	0.00549	0.00544	0.00166	0.00677	0.00490	0.00332	0.00845
17	0.00953	0.00853	0.01213	0.20677	0.04924	0.00995	0.00976	0.01227	0.04763	0.01528	0.05399	0.19080	0.15737	0.01184	0.02811	0.00225	0.15594	0.00892	0.00391	0.00577
18	0.00749	0.00550	0.00700	0.00741	0.00843	0.00508	0.00541	0.00929	0.01315	0.01771	0.31133	0.30992	0.15065	0.03975	0.00764	0.00216	0.00322	0.07845	0.00553	0.00490
19	0.05534	0.05036	0.06261	0.07366	0.15957	0.05130	0.06708	0.01784	0.11179	0.01844	0.01240	0.04092	0.01029	0.00565	0.00510	0.00150	0.00596	0.00491	0.00340	0.24187
20	0.13080	0.01487	0.08428	0.04827	0.27795	0.03851	0.05051	0.11349	0.09712	0.02154	0.01170	0.01368	0.00916	0.00586	0.00596	0.00176	0.04657	0.00483	0.00353	0.01960
21	0.01570	0.01897	0.08670	0.04845	0.18460	0.29563	0.05015	0.05649	0.01414	0.01663	0.01306	0.05436	0.04603	0.00690	0.00655	0.00172	0.06816	0.00540	0.00315	0.00721
22	0.01059	0.04784	0.01254	0.01234	0.08726	0.04599	0.00857	0.01331	0.07102	0.01502	0.01943	0.17875	0.06457	0.08050	0.13606	0.00342	0.13704	0.01720	0.00374	0.03479
23	0.05679	0.18972	0.09516	0.01375	0.09615	0.12961	0.01098	0.07597	0.04254	0.11020	0.01326	0.07615	0.01122	0.00659	0.00502	0.00158	0.00635	0.00512	0.00378	0.05007
24	0.01319	0.01323	0.04883	0.01143	0.04332	0.16882	0.00870	0.14530	0.01537	0.01926	0.11630	0.16763	0.07842	0.03558	0.08629	0.00264	0.00677	0.00813	0.00442	0.00636

[dist]
# distance from previous block
# <min> <max>
0	8

[block]
# block no. 4 follows, 42 sequences, length 27
# corresponding to MSA columns:
# 415-441
name=unknown_E
#
# <colnr> <probs for GDERKNQSTAVLIFYWHMCP>
#	G	D	E	R	K	N	Q	S	T	A	V	L	I	F	Y	W	H	M	C	P
0	0.00865	0.05542	0.06046	0.00870	0.04996	0.00717	0.00631	0.01017	0.01129	0.01489	0.13864	0.08282	0.19770	0.30730	0.01458	0.00317	0.00459	0.00906	0.00420	0.00494
1	0.01523	0.22443	0.16735	0.01210	0.01669	0.09268	0.04779	0.01979	0.10165	0.12598	0.05508	0.06998	0.01402	0.00692	0.00522	0.00165	0.00633	0.00556	0.00393	0.00764
2	0.05834	0.13800	0.03477	0.01028	0.01284	0.04168	0.00863	0.11541	0.05033	0.04711	0.04680	0.08913	0.04861	0.04001	0.07394	0.00254	0.11709	0.00633	0.05154	0.00664
3	0.01364	0.31038	0.09853	0.01030	0.01507	0.03612	0.00974	0.05185	0.11782	0.01760	0.01384	0.01450	0.05244	0.00577	0.00454	0.00134	0.00552	0.00431	0.00343	0.21325
4	0.00950	0.00797	0.04483	0.01046	0.07590	0.00671	0.00732	0.01134	0.01130	0.05616	0.02586	0.29460	0.12765	0.06906	0.10636	0.00301	0.00559	0.00993	0.00433	0.11213
5	0.08908	0.07668	0.03820	0.03078	0.03616	0.01019	0.03542	0.05642	0.01195	0.04646	0.01170	0.01628	0.01039	0.14359	0.00867	0.00196	0.00520	0.00456	0.00346	0.36286
6	0.00890	0.05332	0.14138	0.00870	0.01108	0.00788	0.00775	0.01169	0.05375	0.01533	0.08815	0.18367	0.14581	0.22368	0.01221	0.00286	0.00483	0.00942	0.00420	0.00540
7	0.07923	0.17718	0.08685	0.01187	0.01590	0.31287	0.01030	0.06007	0.01394	0.01676	0.01036	0.05755	0.00921	0.00608	0.00473	0.00144	0.00733	0.00429	0.00315	0.11090
8	0.00818	0.00548	0.00627	0.00627	0.00632	0.00553	0.00357	0.00827	0.00822	0.01101	0.01761	0.03616	0.02017	0.76780	0.06267	0.00562	0.00589	0.00809	0.00339	0.00348
9	0.01469	0.60673	0.06925	0.10956	0.01831	0.03639	0.01110	0.05077	0.01223	0.01469	0.00851	0.01018	0.00736	0.00506	0.00409	0.00135	0.00643	0.00344	0.00258	0.00725
10	0.01524	0.24299	0.19564	0.03863	0.15310	0.10463	0.01412	0.11011	0.01409	0.01813	0.00971	0.01155	0.00782	0.00554	0.00540	0.00158	0.03675	0.00409	0.00294	0.00793
11	0.01214	0.11134	0.21135	0.01603	0.06443	0.02670	0.18324	0.01699	0.06750	0.01781	0.09711	0.03996	0.03963	0.00687	0.00644	0.00178	0.05146	0.00609	0.00339	0.01972
12	0.00818	0.00549	0.00630	0.00630	0.00636	0.00555	0.00362	0.00829	0.00823	0.01104	0.01758	0.03598	0.02009	0.75865	0.07171	0.00566	0.00601	0.00806	0.00339	0.00350
13	0.01068	0.05526	0.01120	0.07198	0.06515	0.00857	0.00767	0.04769	0.06761	0.05231	0.16691	0.27094	0.02816	0.05404	0.00736	0.00208	0.00426	0.00971	0.05238	0.00607
14	0.01433	0.01660	0.15001	0.05198	0.26049	0.01452	0.17234	0.14069	0.01462	0.02051	0.01085	0.01367	0.00845	0.00577	0.00696	0.00182	0.07970	0.00522	0.00317	0.00829
15	0.00705	0.00559	0.00630	0.00676	0.00812	0.00494	0.00500	0.00843	0.01212	0.01498	0.04582	0.23094	0.47247	0.05440	0.00800	0.00225	0.00334	0.09369	0.00513	0.00469
16	0.00728	0.00539	0.00656	0.00692	0.00784	0.00493	0.00480	0.00869	0.01231	0.01634	0.23417	0.32380	0.20735	0.11583	0.00967	0.00246	0.00328	0.01247	0.00526	0.00466
17	0.01216	0.10390	0.22069	0.01139	0.01543	0.01178	0.01134	0.07447	0.08330	0.05864	0.01878	0.12494	0.06686	0.01358	0.12003	0.00289	0.03198	0.00685	0.00389	0.00710
18	0.01497	0.13751	0.08676	0.01657	0.16809	0.15995	0.04805	0.08677	0.03865	0.01764	0.01184	0.01585	0.01028	0.10712	0.00807	0.00205	0.00702	0.00491	0.05067	0.00723
19	0.01280	0.00997	0.01001	0.00924	0.01145	0.07623	0.00706	0.12123	0.12833	0.05814	0.09156	0.18339	0.11134	0.01056	0.00597	0.00183	0.00442	0.02901	0.11091	0.00656
20	0.17853	0.25764	0.12563	0.01197	0.01616	0.10542	0.05074	0.01784	0.05415	0.01720	0.00954	0.01139	0.00790	0.00711	0.03488	0.00191	0.07813	0.00393	0.00292	0.00701
21	0.01506	0.01451	0.07452	0.05338	0.12814	0.08782	0.14583	0.12901	0.03346	0.08668	0.01603	0.13852	0.01436	0.00789	0.00604	0.00185	0.00682	0.02835	0.00410	0.00764
22	0.01479	0.01386	0.01771	0.09452	0.06306	0.13609	0.14877	0.09947	0.03896	0.07214	0.06916	0.05593	0.07612	0.00774	0.00691	0.00183	0.06517	0.00662	0.00403	0.00712
23	0.01295	0.01137	0.01494	0.05602	0.07205	0.07152	0.10373	0.05499	0.16827	0.05375	0.03997	0.13705	0.01865	0.05061	0.05361	0.00254	0.00650	0.06012	0.00441	0.00695
24	0.01502	0.01374	0.06013	0.02774	0.11217	0.12137	0.06104	0.11570	0.01594	0.10319	0.13755	0.02671	0.05684	0.00843	0.00608	0.00182	0.00618	0.09844	0.00460	0.00730
25	0.01329	0.01620	0.15300	0.11255	0.13013	0.12579	0.01278	0.05727	0.12851	0.01832	0.01643	0.10958	0.03757	0.00763	0.00566	0.00179	0.00655	0.00641	0.03317	0.00737
26	0.03765	0.05864	0.01611	0.07114	0.17777	0.09845	0.01095	0.09663	0.14471	0.08748	0.07440	0.01883	0.04904	0.00687	0.00549	0.00168	0.00587	0.00567	0.00435	0.02828

[dist]
# distance from previous block
# <min> <max>
11	123

[block]
# block no. 5 follows, 42 sequences, length 14
# corresponding to MSA columns:
# 574-587
name=unknown_F
#
# <colnr> <probs for GDERKNQSTAVLIFYWHMCP>
#	G	D	E	R	K	N	Q	S	T	A	V	L	I	F	Y	W	H	M	C	P
0	0.03482	0.09029	0.07363	0.14115	0.27150	0.05438	0.01407	0.16382	0.06559	0.02091	0.01145	0.01357	0.00894	0.00569	0.00532	0.00168	0.00674	0.00474	0.00347	0.00824
1	0.21250	0.03505	0.04346	0.01816	0.21467	0.09615	0.10382	0.04954	0.01313	0.07758	0.01339	0.04867	0.03788	0.00625	0.00522	0.00173	0.00644	0.00531	0.00359	0.00748
2	0.08877	0.01418	0.01631	0.01825	0.24365	0.10223	0.01145	0.18550	0.07003	0.11845	0.01625	0.01683	0.06016	0.00657	0.00544	0.00170	0.00612	0.00533	0.00441	0.00835
3	0.13705	0.04879	0.01639	0.01838	0.26741	0.12533	0.01118	0.11165	0.01468	0.02099	0.09787	0.01619	0.01369	0.02844	0.00581	0.00171	0.00613	0.00504	0.00370	0.04955
4	0.05182	0.01563	0.05969	0.09022	0.31724	0.10031	0.03915	0.13541	0.09737	0.02106	0.01203	0.01404	0.00939	0.00574	0.00548	0.00171	0.00690	0.00494	0.00356	0.00831
5	0.01472	0.01188	0.01641	0.01929	0.29047	0.01240	0.01158	0.16018	0.07116	0.06591	0.05827	0.01972	0.05103	0.06422	0.00819	0.00200	0.05965	0.00593	0.00418	0.05283
6	0.13942	0.04328	0.06936	0.13071	0.27149	0.01384	0.01323	0.12509	0.07724	0.02147	0.01283	0.01479	0.03179	0.00591	0.00523	0.00173	0.00616	0.00491	0.00355	0.00797
7	0.01329	0.01262	0.02091	0.17950	0.56761	0.01325	0.01631	0.01768	0.06967	0.01800	0.01142	0.01468	0.00927	0.00533	0.00559	0.00173	0.00667	0.00512	0.00296	0.00840
8	0.01387	0.01403	0.10460	0.01303	0.08313	0.07797	0.01027	0.07027	0.18014	0.06898	0.10176	0.05391	0.05007	0.00752	0.00558	0.00165	0.00540	0.00625	0.00455	0.12702
9	0.12389	0.01056	0.05282	0.04574	0.06682	0.00969	0.00994	0.07050	0.01411	0.21874	0.01950	0.03014	0.01715	0.00901	0.00594	0.00196	0.00536	0.23377	0.00494	0.04941
10	0.01031	0.00943	0.01562	0.67645	0.03459	0.01154	0.01437	0.01390	0.01175	0.01522	0.07499	0.02016	0.01283	0.00671	0.00584	0.00191	0.00695	0.04834	0.00297	0.00611
11	0.01234	0.06179	0.31104	0.01598	0.02204	0.01272	0.23252	0.04853	0.01260	0.01795	0.01108	0.01467	0.00886	0.06624	0.00727	0.00193	0.00763	0.00507	0.00288	0.12688
12	0.00978	0.00489	0.00733	0.00733	0.00733	0.00489	0.00489	0.00733	0.00733	0.00978	0.00978	0.01711	0.00978	0.01955	0.02199	0.83627	0.00489	0.00489	0.00244	0.00244
13	0.18535	0.21378	0.21671	0.01115	0.01603	0.07293	0.01145	0.05016	0.06947	0.01939	0.01079	0.01202	0.00844	0.00556	0.00443	0.00157	0.00619	0.00390	0.07338	0.00729

[dist]
# distance from previous block
# <min> <max>
0	1

[block]
# block no. 6 follows, 42 sequences, length 21
# corresponding to MSA columns:
# 590-610
name=unknown_G
#
# <colnr> <probs for GDERKNQSTAVLIFYWHMCP>
#	G	D	E	R	K	N	Q	S	T	A	V	L	I	F	Y	W	H	M	C	P
0	0.01735	0.06343	0.01956	0.07394	0.22411	0.20344	0.03608	0.21038	0.01676	0.02087	0.01053	0.01263	0.00838	0.00597	0.00613	0.00166	0.05266	0.00461	0.00350	0.00801
1	0.01434	0.05399	0.07810	0.02240	0.18842	0.05890	0.34132	0.01981	0.10238	0.04527	0.01256	0.01492	0.00961	0.00534	0.00593	0.00178	0.00789	0.00569	0.00327	0.00808
2	0.01326	0.01266	0.01870	0.10784	0.46630	0.04962	0.01423	0.01811	0.11809	0.01820	0.03731	0.01811	0.04115	0.03463	0.00648	0.00186	0.00631	0.00568	0.00340	0.00804
3	0.00751	0.00573	0.00690	0.00661	0.00813	0.00512	0.00495	0.00975	0.01486	0.02004	0.52131	0.04620	0.29752	0.01245	0.00664	0.00181	0.00272	0.01076	0.00586	0.00512
4	0.01569	0.01293	0.01368	0.01180	0.01528	0.01479	0.00932	0.19457	0.58953	0.02627	0.02075	0.01928	0.01544	0.00743	0.00570	0.00186	0.00485	0.00607	0.00570	0.00906
5	0.01351	0.01320	0.02327	0.11396	0.61363	0.01337	0.09197	0.01704	0.01270	0.01792	0.01061	0.01417	0.00872	0.00505	0.00569	0.00172	0.00706	0.00518	0.00276	0.00849
6	0.01311	0.01254	0.02137	0.22042	0.58760	0.01316	0.01687	0.01656	0.01243	0.01740	0.01044	0.01419	0.00857	0.00517	0.00558	0.00172	0.00689	0.00501	0.00272	0.00826
7	0.01676	0.52642	0.07769	0.01113	0.01581	0.14958	0.01061	0.06130	0.01338	0.05852	0.00929	0.01026	0.00774	0.00526	0.00422	0.00135	0.00682	0.00347	0.00294	0.00745
8	0.00793	0.00605	0.00752	0.00828	0.00976	0.00564	0.00684	0.00993	0.01275	0.01600	0.04100	0.11082	0.33211	0.01516	0.00727	0.00229	0.00410	0.38639	0.00520	0.00496
9	0.01328	0.45103	0.29821	0.08320	0.02027	0.01804	0.01423	0.01698	0.01158	0.01501	0.00885	0.01061	0.00721	0.00508	0.00443	0.00148	0.00699	0.00361	0.00240	0.00753
10	0.01671	0.01509	0.16611	0.02135	0.29573	0.01148	0.07197	0.02039	0.01371	0.25477	0.01503	0.01739	0.01112	0.00612	0.00573	0.00177	0.00656	0.03610	0.00413	0.00874
11	0.00686	0.00490	0.00653	0.00784	0.00816	0.00457	0.00522	0.00784	0.01077	0.01437	0.03102	0.79855	0.03722	0.01763	0.00718	0.00229	0.00326	0.01600	0.00522	0.00457
12	0.01505	0.80561	0.02949	0.00963	0.01444	0.02227	0.00963	0.01685	0.01143	0.01324	0.00782	0.00903	0.00722	0.00481	0.00361	0.00120	0.00602	0.00301	0.00241	0.00722
13	0.00807	0.00589	0.00833	0.00833	0.00909	0.00665	0.00614	0.00959	0.00883	0.01253	0.01573	0.02573	0.01564	0.22932	0.59496	0.00816	0.01271	0.00656	0.00311	0.00463
14	0.02139	0.01576	0.01689	0.01295	0.01745	0.01745	0.01070	0.74835	0.02646	0.03547	0.01351	0.01351	0.00957	0.00676	0.00563	0.00169	0.00619	0.00507	0.00563	0.00957
15	0.01356	0.10391	0.05594	0.06741	0.36812	0.01382	0.01358	0.07066	0.11508	0.01910	0.01534	0.06116	0.04483	0.00666	0.00550	0.00171	0.00603	0.00587	0.00356	0.00815
16	0.01574	0.15966	0.02145	0.10036	0.33406	0.19801	0.01384	0.04595	0.01359	0.01650	0.00962	0.01220	0.00806	0.00539	0.00537	0.00157	0.02375	0.00432	0.00282	0.00774
17	0.01537	0.07659	0.16706	0.01710	0.16392	0.10185	0.03176	0.13329	0.05890	0.05386	0.04904	0.01672	0.01219	0.00640	0.00544	0.00167	0.00674	0.03320	0.02114	0.02777
18	0.08685	0.17909	0.19285	0.01553	0.11428	0.12875	0.04831	0.05029	0.03246	0.01824	0.05397	0.01329	0.01046	0.00567	0.00495	0.00158	0.00699	0.00441	0.00311	0.02891
19	0.08956	0.01749	0.06988	0.01344	0.05972	0.24041	0.01060	0.12907	0.05861	0.08523	0.01354	0.01446	0.03734	0.00720	0.02240	0.00178	0.04757	0.00465	0.00393	0.07313
20	0.10724	0.12519	0.01827	0.09770	0.14561	0.11827	0.03012	0.15169	0.01505	0.04413	0.01126	0.01295	0.02134	0.00565	0.00495	0.00155	0.00654	0.00438	0.00354	0.07457

[dist]
# distance from previous block
# <min> <max>
19	61

[block]
# block no. 7 follows, 42 sequences, length 68
# corresponding to MSA columns:
# 694-718,724-766
name=unknown_H
#
# <colnr> <probs for GDERKNQSTAVLIFYWHMCP>
#	G	D	E	R	K	N	Q	S	T	A	V	L	I	F	Y	W	H	M	C	P
0	0.02811	0.04448	0.19790	0.04337	0.10772	0.06766	0.01238	0.10572	0.08572	0.02034	0.10535	0.02258	0.10995	0.00770	0.00569	0.00175	0.00605	0.01603	0.00405	0.00747
1	0.05812	0.16581	0.26710	0.01432	0.08439	0.06821	0.01351	0.04672	0.03548	0.14488	0.04141	0.01400	0.01058	0.00588	0.00505	0.00163	0.00666	0.00451	0.00365	0.00808
2	0.04999	0.01537	0.01545	0.01529	0.12548	0.15755	0.01061	0.17425	0.22555	0.09337	0.01534	0.01548	0.01148	0.00698	0.01693	0.00179	0.00639	0.00509	0.00466	0.03296
3	0.01625	0.01369	0.01668	0.08546	0.26296	0.11826	0.01202	0.08732	0.04253	0.12955	0.01598	0.01714	0.06367	0.00630	0.00547	0.00161	0.00631	0.00530	0.00400	0.08950
4	0.06059	0.01583	0.01413	0.03594	0.06859	0.25638	0.00957	0.13848	0.01629	0.14643	0.07961	0.01737	0.01387	0.06346	0.00702	0.00187	0.00676	0.00521	0.00438	0.03821
5	0.06453	0.01610	0.01511	0.01231	0.01604	0.19828	0.05152	0.24311	0.09507	0.02296	0.01407	0.01543	0.03783	0.03604	0.00630	0.00171	0.01749	0.00495	0.00423	0.12694
6	0.18241	0.01019	0.06759	0.06444	0.01328	0.00962	0.00788	0.11521	0.01271	0.01938	0.02216	0.09345	0.15693	0.09494	0.07712	0.02969	0.00584	0.00725	0.00404	0.00588
7	0.00829	0.00523	0.00723	0.00771	0.00816	0.00513	0.00540	0.00842	0.01006	0.01355	0.09910	0.28233	0.04009	0.06880	0.06881	0.28605	0.00487	0.06273	0.00411	0.00393
8	0.01382	0.01318	0.01120	0.01043	0.01226	0.21956	0.00763	0.14640	0.02805	0.01747	0.01806	0.23403	0.01898	0.15512	0.06542	0.00300	0.00694	0.00834	0.00419	0.00591
9	0.04488	0.25914	0.02317	0.11832	0.18589	0.11288	0.08013	0.08121	0.01370	0.01740	0.00965	0.01199	0.00792	0.00527	0.00494	0.00155	0.00715	0.00430	0.00292	0.00758
10	0.01179	0.01016	0.01364	0.06713	0.12555	0.04915	0.05519	0.09513	0.05281	0.01736	0.01870	0.25248	0.02861	0.08124	0.00976	0.06141	0.03085	0.00878	0.00404	0.00621
11	0.01172	0.01204	0.00938	0.00925	0.01047	0.24764	0.00643	0.01273	0.01219	0.01387	0.07464	0.23467	0.07593	0.22962	0.01236	0.00283	0.00595	0.00926	0.00407	0.00493
12	0.01734	0.26109	0.01895	0.01089	0.01514	0.01636	0.00936	0.19499	0.21950	0.11459	0.01518	0.01475	0.01138	0.00628	0.00495	0.00156	0.00538	0.00476	0.00469	0.05289
13	0.01850	0.07223	0.01756	0.01392	0.05515	0.11380	0.04975	0.36186	0.12081	0.05378	0.01405	0.01535	0.01080	0.04897	0.00671	0.00187	0.00656	0.00518	0.00470	0.00845
14	0.01179	0.01060	0.01409	0.01412	0.10876	0.06385	0.10147	0.10454	0.01409	0.01808	0.02536	0.12941	0.15376	0.09171	0.00875	0.00232	0.00576	0.11096	0.00431	0.00626
15	0.00797	0.00562	0.00702	0.00733	0.00798	0.00541	0.00494	0.03172	0.01200	0.01637	0.22912	0.36298	0.03628	0.22421	0.01269	0.00297	0.00377	0.01198	0.00502	0.00462
16	0.14385	0.01082	0.01775	0.06104	0.25216	0.01095	0.15643	0.01455	0.01174	0.01809	0.01591	0.22985	0.01612	0.00851	0.00590	0.00191	0.00597	0.00805	0.00357	0.00686
17	0.01286	0.03741	0.01378	0.01513	0.17691	0.09821	0.00984	0.10956	0.03901	0.01943	0.09954	0.03215	0.15693	0.03579	0.00687	0.00196	0.00554	0.11786	0.00444	0.00678
18	0.00792	0.00557	0.00721	0.00742	0.00782	0.00586	0.00496	0.00878	0.00890	0.01221	0.01893	0.15330	0.02092	0.41304	0.28613	0.00620	0.00845	0.00868	0.00356	0.00416
19	0.01911	0.01397	0.01572	0.01273	0.01661	0.08141	0.06188	0.29451	0.15270	0.17525	0.01780	0.03200	0.01361	0.00753	0.00585	0.00181	0.00606	0.05737	0.00544	0.00865
20	0.45098	0.01212	0.01052	0.00931	0.01235	0.08722	0.00748	0.12828	0.01268	0.02300	0.01039	0.01278	0.00851	0.01369	0.17563	0.00332	0.00757	0.00407	0.00365	0.00643
21	0.02085	0.02646	0.01587	0.01442	0.01733	0.76062	0.01082	0.02266	0.03435	0.01402	0.00905	0.01042	0.00750	0.00584	0.00509	0.00146	0.01001	0.00369	0.00297	0.00658
22	0.01468	0.01325	0.01521	0.01738	0.20352	0.10813	0.01127	0.15545	0.13438	0.02118	0.01828	0.09775	0.01708	0.00896	0.00610	0.00191	0.00607	0.13727	0.00447	0.00765
23	0.01109	0.00943	0.01246	0.01480	0.17831	0.00985	0.00932	0.01788	0.25262	0.02008	0.17107	0.11604	0.07888	0.01001	0.00626	0.00192	0.00440	0.06341	0.00504	0.00713
24	0.00683	0.00537	0.00619	0.00681	0.00799	0.00473	0.00487	0.00810	0.01193	0.01489	0.04456	0.38310	0.41750	0.01579	0.00693	0.00210	0.00312	0.03930	0.00522	0.00469
25	0.01300	0.01833	0.29154	0.01313	0.01820	0.01366	0.01327	0.02547	0.48373	0.02144	0.01821	0.01765	0.01349	0.00680	0.00559	0.00186	0.00587	0.00555	0.00450	0.00869
26	0.01325	0.07655	0.42185	0.01473	0.07267	0.05675	0.01541	0.01776	0.01257	0.08401	0.01431	0.01537	0.06219	0.00597	0.00522	0.00162	0.00701	0.00471	0.00315	0.09490
27	0.03577	0.13662	0.39232	0.01487	0.06008	0.07263	0.01557	0.10360	0.01419	0.08742	0.01113	0.01223	0.00812	0.00559	0.00510	0.00165	0.00737	0.00421	0.00326	0.00826
28	0.01444	0.45867	0.02116	0.00947	0.01336	0.01636	0.00872	0.07210	0.03743	0.07338	0.05860	0.02204	0.09486	0.00755	0.00485	0.00153	0.00529	0.06926	0.00386	0.00708
29	0.00696	0.00565	0.00617	0.00617	0.00782	0.00486	0.00458	0.00863	0.01336	0.01678	0.21307	0.10821	0.55028	0.01390	0.00669	0.00190	0.00284	0.01181	0.00544	0.00486
30	0.01281	0.07695	0.43967	0.04274	0.04417	0.01189	0.01556	0.01754	0.01260	0.11272	0.08842	0.01657	0.01323	0.00875	0.06032	0.00225	0.00753	0.00507	0.00341	0.00780
31	0.01568	0.01902	0.19389	0.02113	0.25937	0.12293	0.05573	0.10463	0.08118	0.05400	0.01221	0.01380	0.00928	0.00571	0.00553	0.00170	0.00737	0.00486	0.00349	0.00847
32	0.01184	0.00849	0.00989	0.00793	0.01146	0.00710	0.00621	0.01489	0.06362	0.11219	0.09726	0.02731	0.19841	0.03273	0.00607	0.00151	0.00384	0.00672	0.00469	0.36785
33	0.00699	0.00510	0.00662	0.00777	0.00835	0.00473	0.00539	0.00814	0.01116	0.01464	0.03388	0.66154	0.11941	0.01710	0.00716	0.00226	0.00336	0.06654	0.00522	0.00464
34	0.01356	0.01501	0.06010	0.01859	0.09948	0.08512	0.29733	0.04526	0.01350	0.01839	0.06437	0.01543	0.01149	0.00572	0.00667	0.00166	0.06297	0.00554	0.00323	0.15659
35	0.12384	0.15354	0.28116	0.01335	0.08325	0.01297	0.01283	0.01739	0.01199	0.11269	0.01496	0.01668	0.06652	0.04871	0.00620	0.00187	0.00623	0.00488	0.00342	0.00751
36	0.00716	0.00525	0.00637	0.00699	0.00770	0.00484	0.00470	0.00822	0.01125	0.01471	0.10436	0.42723	0.19408	0.15743	0.01088	0.00272	0.00351	0.01314	0.00499	0.00447
37	0.01325	0.01258	0.02084	0.18799	0.55984	0.01324	0.01630	0.01764	0.06923	0.01795	0.01140	0.01469	0.00925	0.00534	0.00559	0.00173	0.00668	0.00511	0.00295	0.00837
38	0.04892	0.07657	0.01649	0.01259	0.01619	0.19632	0.04897	0.26806	0.08654	0.06681	0.01482	0.09564	0.01251	0.00745	0.00549	0.00169	0.00668	0.00588	0.00455	0.00785
39	0.01281	0.01248	0.01950	0.07997	0.39151	0.05353	0.07882	0.01562	0.01198	0.01665	0.01229	0.07114	0.01130	0.03380	0.03553	0.00220	0.09475	0.00601	0.03273	0.00741
40	0.00693	0.00493	0.00651	0.00775	0.00805	0.00462	0.00513	0.00785	0.01064	0.01418	0.03031	0.75781	0.03632	0.05959	0.00833	0.00246	0.00338	0.01558	0.00513	0.00451
41	0.03454	0.00973	0.01094	0.12270	0.01536	0.08871	0.00819	0.05429	0.01385	0.16624	0.08924	0.26568	0.07586	0.01085	0.00617	0.00191	0.00501	0.00933	0.00499	0.00640
42	0.15794	0.01600	0.10418	0.01215	0.01685	0.01547	0.01089	0.46374	0.06058	0.06869	0.01310	0.01328	0.00933	0.00639	0.00524	0.00172	0.00597	0.00472	0.00496	0.00880
43	0.01369	0.01313	0.02242	0.08848	0.71503	0.01331	0.01715	0.01706	0.01270	0.01810	0.01054	0.01401	0.00881	0.00506	0.00558	0.00169	0.00674	0.00501	0.00277	0.00872
44	0.02102	0.02682	0.01595	0.01450	0.01740	0.77963	0.01087	0.02247	0.01595	0.01377	0.00870	0.01015	0.00725	0.00580	0.00507	0.00145	0.01015	0.00362	0.00290	0.00652
45	0.00796	0.00575	0.00752	0.00708	0.00841	0.00531	0.00531	0.01062	0.01593	0.02257	0.76415	0.04204	0.05310	0.01150	0.00664	0.00177	0.00265	0.01018	0.00619	0.00531
46	0.02497	0.01002	0.01333	0.01022	0.01459	0.00893	0.00844	0.07898	0.01685	0.71841	0.02158	0.01875	0.01362	0.00695	0.00566	0.00174	0.00489	0.00562	0.00687	0.00958
47	0.07799	0.01543	0.14882	0.01108	0.01527	0.09163	0.01022	0.14952	0.06906	0.08559	0.12625	0.02107	0.08084	0.00752	0.00550	0.00167	0.00566	0.00595	0.00460	0.06631
48	0.20024	0.34213	0.29682	0.01147	0.01727	0.01673	0.01292	0.01714	0.01118	0.01763	0.00866	0.01010	0.00693	0.00510	0.00422	0.00154	0.00648	0.00344	0.00264	0.00737
49	0.00698	0.00571	0.00616	0.00605	0.00780	0.00489	0.00454	0.00872	0.01361	0.01705	0.23477	0.05111	0.58592	0.01356	0.00665	0.00187	0.00280	0.01145	0.00547	0.00489
50	0.01339	0.00697	0.00770	0.00683	0.00906	0.00670	0.00534	0.07421	0.01396	0.15892	0.02563	0.02601	0.14891	0.00803	0.00488	0.00153	0.00335	0.00650	0.46579	0.00630
51	0.01396	0.48247	0.19065	0.01247	0.01796	0.01868	0.07739	0.01854	0.08987	0.01575	0.01022	0.01145	0.00836	0.00522	0.00448	0.00147	0.00666	0.00393	0.00279	0.00767
52	0.01050	0.13485	0.01242	0.00966	0.01176	0.01009	0.00804	0.01541	0.16784	0.01745	0.06380	0.17665	0.05709	0.01230	0.00647	0.00210	0.00459	0.26789	0.00491	0.00616
53	0.00677	0.00523	0.00619	0.00696	0.00793	0.00464	0.00484	0.00793	0.01162	0.01471	0.04168	0.49329	0.33560	0.01625	0.00696	0.00213	0.00310	0.01431	0.00522	0.00464
54	0.06777	0.00598	0.00631	0.00638	0.00803	0.00557	0.00476	0.01070	0.01219	0.04549	0.05761	0.17545	0.33944	0.01205	0.00586	0.00182	0.00309	0.02322	0.20315	0.00514
55	0.03511	0.27414	0.22284	0.07293	0.02059	0.06140	0.08941	0.01762	0.01193	0.05593	0.00974	0.01180	0.00770	0.00567	0.00613	0.00166	0.08103	0.00420	0.00276	0.00743
56	0.01870	0.01469	0.01716	0.12983	0.08709	0.03010	0.01191	0.51976	0.06499	0.02974	0.01319	0.01414	0.00960	0.00647	0.00562	0.00172	0.00640	0.00510	0.00487	0.00893
57	0.00795	0.00597	0.00750	0.00773	0.00920	0.00552	0.00620	0.01024	0.01414	0.01873	0.33811	0.05211	0.24391	0.01353	0.00700	0.00206	0.00350	0.23587	0.00561	0.00511
58	0.01582	0.01448	0.02039	0.06372	0.30780	0.06829	0.10607	0.22781	0.01707	0.02277	0.04244	0.01635	0.03869	0.00617	0.00577	0.00171	0.00689	0.00559	0.00383	0.00833
59	0.08019	0.01801	0.21861	0.01695	0.16465	0.08080	0.01366	0.11216	0.07149	0.11877	0.01462	0.01534	0.03755	0.00621	0.00538	0.00172	0.00663	0.00496	0.00396	0.00834
60	0.16319	0.01609	0.01558	0.08735	0.08706	0.22385	0.03470	0.08904	0.06699	0.08634	0.01149	0.01299	0.00879	0.00621	0.00611	0.00173	0.06690	0.00449	0.00374	0.00738
61	0.00693	0.00495	0.00662	0.00792	0.00828	0.00464	0.00535	0.00796	0.01085	0.01445	0.03098	0.77377	0.03706	0.01756	0.00720	0.00230	0.00333	0.04005	0.00522	0.00459
62	0.00804	0.00665	0.00855	0.00994	0.10391	0.00603	0.00633	0.01012	0.01380	0.01814	0.29764	0.08464	0.38088	0.01230	0.00654	0.00185	0.00329	0.01063	0.00526	0.00546
63	0.84197	0.01088	0.00827	0.00740	0.01088	0.01262	0.00609	0.01654	0.00958	0.02525	0.00784	0.00914	0.00609	0.00522	0.00348	0.00174	0.00435	0.00305	0.00348	0.00609
64	0.01287	0.01185	0.01858	0.05005	0.47347	0.01219	0.02743	0.01840	0.14711	0.01984	0.13308	0.01974	0.01740	0.00654	0.00579	0.00174	0.00572	0.00611	0.00385	0.00823
65	0.01290	0.01223	0.02025	0.26866	0.48559	0.01314	0.01616	0.01727	0.06554	0.01750	0.01128	0.01477	0.00906	0.00539	0.00560	0.00175	0.00678	0.00511	0.00291	0.00808
66	0.01355	0.01204	0.01553	0.01837	0.24988	0.01319	0.01127	0.02458	0.47134	0.02186	0.07159	0.02027	0.01714	0.00709	0.00574	0.00182	0.00503	0.00621	0.00484	0.00865
67	0.01662	0.01487	0.14677	0.01544	0.07239	0.01220	0.12912	0.02433	0.24674	0.23414	0.01780	0.01748	0.01257	0.00640	0.00578	0.00182	0.00617	0.00573	0.00484	0.00879

[dist]
# distance from previous block
# <min> <max>
0	1

[block]
# block no. 8 follows, 42 sequences, length 76
# corresponding to MSA columns:
# 768-807,815-836,840-853
name=unknown_I
#
# <colnr> <probs for GDERKNQSTAVLIFYWHMCP>
#	G	D	E	R	K	N	Q	S	T	A	V	L	I	F	Y	W	H	M	C	P
0	0.08407	0.01117	0.01238	0.08610	0.01508	0.01240	0.00828	0.33239	0.05490	0.02377	0.01458	0.02143	0.01309	0.27116	0.01311	0.00298	0.00583	0.00599	0.00441	0.00687
1	0.01281	0.00757	0.00916	0.00846	0.01005	0.00747	0.00603	0.12360	0.01329	0.15360	0.02253	0.29555	0.02347	0.26424	0.01351	0.00311	0.00468	0.00998	0.00502	0.00586
2	0.01167	0.00970	0.01337	0.10268	0.15846	0.01040	0.01053	0.07489	0.15670	0.01983	0.09336	0.14269	0.02311	0.01011	0.00635	0.00201	0.00514	0.13734	0.00467	0.00700
3	0.02025	0.01912	0.01739	0.01641	0.11956	0.27042	0.01165	0.40730	0.02110	0.02592	0.01151	0.01245	0.00871	0.00620	0.00544	0.00161	0.00758	0.00458	0.00433	0.00847
