[name]
unknown

[dist]
# distance from previous block
# <min> <max>
0	16

[block]
# block no. 0 follows, 32 sequences, length 6
# corresponding to MSA columns:
# 159-164
name=unknown_A
#
# <colnr> <probs for GDERKNQSTAVLIFYWHMCP>
#	G	D	E	R	K	N	Q	S	T	A	V	L	I	F	Y	W	H	M	C	P
0	0.01243	0.17607	0.01719	0.01331	0.09328	0.01233	0.00973	0.01503	0.01487	0.01948	0.10718	0.03906	0.18788	0.01445	0.06317	0.00268	0.00639	0.10108	0.00485	0.08953
1	0.01073	0.00773	0.00899	0.00874	0.01000	0.00760	0.00601	0.08140	0.01521	0.02029	0.16339	0.20285	0.13132	0.27591	0.01705	0.00378	0.00495	0.01249	0.00575	0.00578
2	0.01223	0.00726	0.00948	0.00902	0.01068	0.00667	0.00656	0.01452	0.01665	0.12467	0.39231	0.19869	0.04805	0.09943	0.01085	0.00274	0.00407	0.01258	0.00689	0.00662
3	0.01346	0.03471	0.72942	0.01912	0.02904	0.01558	0.02479	0.02125	0.01417	0.02125	0.01204	0.01417	0.00850	0.00637	0.00637	0.00212	0.00992	0.00496	0.00283	0.00992
4	0.01682	0.19201	0.32163	0.02176	0.17781	0.01883	0.01923	0.11501	0.01670	0.02310	0.01213	0.01421	0.00940	0.00638	0.00602	0.00193	0.00853	0.00503	0.00349	0.00999
5	0.00882	0.00662	0.00817	0.00824	0.00972	0.00597	0.00601	0.01118	0.01672	0.02258	0.40766	0.21127	0.22017	0.01614	0.00806	0.00229	0.00338	0.01417	0.00685	0.00597

[dist]
# distance from previous block
# <min> <max>
5	12

[block]
# block no. 1 follows, 32 sequences, length 38
# corresponding to MSA columns:
# 178-194,307-327
name=unknown_B
#
# <colnr> <probs for GDERKNQSTAVLIFYWHMCP>
#	G	D	E	R	K	N	Q	S	T	A	V	L	I	F	Y	W	H	M	C	P
0	0.01938	0.09228	0.34604	0.01667	0.02356	0.20153	0.01770	0.02501	0.05462	0.12039	0.01428	0.01518	0.01036	0.00689	0.00619	0.00197	0.00939	0.00508	0.00400	0.00951
1	0.01601	0.01010	0.01276	0.09083	0.01679	0.01024	0.00908	0.09480	0.06987	0.16329	0.19996	0.08687	0.10162	0.07592	0.00963	0.00255	0.00529	0.00987	0.00649	0.00802
2	0.01169	0.06919	0.20884	0.01285	0.01658	0.01118	0.06981	0.01458	0.01210	0.01664	0.01895	0.11120	0.01996	0.35602	0.01936	0.00417	0.00760	0.00890	0.00383	0.00656
3	0.01456	0.21570	0.55811	0.01724	0.02612	0.01829	0.02151	0.02096	0.01403	0.01990	0.01137	0.01333	0.00853	0.00622	0.00586	0.00195	0.00924	0.00462	0.00284	0.00959
4	0.01618	0.24034	0.40633	0.01732	0.02522	0.06259	0.06751	0.05440	0.01527	0.02045	0.01148	0.01345	0.00880	0.00626	0.00590	0.00191	0.00925	0.00479	0.00311	0.00943
5	0.01390	0.09370	0.06646	0.01191	0.01570	0.01054	0.08556	0.01656	0.01524	0.13184	0.03875	0.18071	0.26614	0.01315	0.00736	0.00223	0.00563	0.01144	0.00564	0.00755
6	0.01371	0.01536	0.14384	0.01347	0.01741	0.01312	0.01221	0.02426	0.31866	0.03686	0.02279	0.08619	0.01925	0.02084	0.20599	0.00460	0.00949	0.00796	0.00520	0.00880
7	0.26867	0.01128	0.01331	0.01132	0.01502	0.01159	0.05941	0.02165	0.08920	0.17317	0.10159	0.10539	0.07174	0.01014	0.00643	0.00220	0.00527	0.00841	0.00599	0.00821
8	0.01411	0.01395	0.02620	0.02711	0.26843	0.01341	0.25888	0.01824	0.01589	0.02216	0.14463	0.10438	0.02378	0.00892	0.00754	0.00219	0.00784	0.00923	0.00441	0.00871
9	0.00965	0.00695	0.00957	0.00957	0.01035	0.00773	0.00687	0.01120	0.01042	0.01468	0.01908	0.03251	0.01944	0.30034	0.49123	0.00929	0.01396	0.00809	0.00376	0.00532
10	0.02240	0.01346	0.01559	0.01284	0.01725	0.01404	0.01031	0.15378	0.27663	0.28041	0.06342	0.02540	0.04518	0.00916	0.00688	0.00215	0.00565	0.00749	0.00734	0.01064
11	0.01166	0.00583	0.00874	0.00874	0.00874	0.00583	0.00583	0.00874	0.00874	0.01166	0.01166	0.02040	0.01166	0.02331	0.02622	0.80478	0.00583	0.00583	0.00291	0.00291
12	0.01346	0.03471	0.72942	0.01912	0.02904	0.01558	0.02479	0.02125	0.01417	0.02125	0.01204	0.01417	0.00850	0.00637	0.00637	0.00212	0.00992	0.00496	0.00283	0.00992
13	0.01461	0.01484	0.03062	0.02251	0.02779	0.01399	0.50920	0.01943	0.01526	0.02186	0.01697	0.07489	0.01412	0.00723	0.00733	0.00216	0.00914	0.00842	0.16140	0.00823
14	0.24866	0.40278	0.16505	0.01222	0.01832	0.02103	0.01288	0.02021	0.01309	0.02105	0.00987	0.01148	0.00820	0.00601	0.00467	0.00176	0.00714	0.00387	0.00324	0.00848
15	0.01322	0.00749	0.00996	0.00937	0.01135	0.00679	0.00700	0.01573	0.01739	0.16271	0.39905	0.23505	0.04900	0.01461	0.00786	0.00227	0.00386	0.01293	0.00726	0.00710
16	0.01416	0.08412	0.46815	0.01622	0.02367	0.09341	0.01900	0.01986	0.01512	0.02037	0.06808	0.02187	0.09184	0.00809	0.00647	0.00204	0.00874	0.00632	0.00361	0.00886
17	0.01411	0.01340	0.02273	0.48896	0.29405	0.01529	0.01935	0.01841	0.01410	0.01889	0.01218	0.01742	0.00956	0.00644	0.00668	0.00215	0.00859	0.00597	0.00311	0.00862
18	0.02371	0.02035	0.01897	0.01543	0.02014	0.15089	0.01238	0.44768	0.16136	0.03479	0.01724	0.01711	0.01267	0.00805	0.00661	0.00201	0.00784	0.00603	0.00614	0.01059
19	0.01166	0.00583	0.00874	0.00874	0.00874	0.00583	0.00583	0.00874	0.00874	0.01166	0.01166	0.02040	0.01166	0.02331	0.02622	0.80478	0.00583	0.00583	0.00291	0.00291
20	0.01841	0.17879	0.34335	0.01697	0.02380	0.27050	0.01802	0.02296	0.01576	0.01848	0.01092	0.01277	0.00857	0.00644	0.00585	0.00185	0.01014	0.00446	0.00306	0.00891
21	0.01294	0.01247	0.02288	0.11751	0.19849	0.01241	0.19986	0.01645	0.01434	0.01951	0.02132	0.27747	0.02211	0.01125	0.00767	0.00235	0.00758	0.01109	0.00432	0.00798
22	0.00818	0.00584	0.00779	0.00934	0.00973	0.00545	0.00623	0.00934	0.01285	0.01713	0.03698	0.75981	0.04438	0.02102	0.00856	0.00273	0.00389	0.01908	0.00623	0.00545
23	0.00921	0.00685	0.00857	0.00814	0.00985	0.00621	0.00611	0.01211	0.01832	0.02531	0.60008	0.05276	0.18302	0.01431	0.00792	0.00214	0.00321	0.01250	0.00718	0.00621
24	0.01346	0.03471	0.72942	0.01912	0.02904	0.01558	0.02479	0.02125	0.01417	0.02125	0.01204	0.01417	0.00850	0.00637	0.00637	0.00212	0.00992	0.00496	0.00283	0.00992
25	0.02208	0.02305	0.01873	0.01765	0.07222	0.33141	0.01281	0.16202	0.22293	0.02535	0.01662	0.01700	0.01279	0.00771	0.00645	0.00196	0.00888	0.00574	0.00507	0.00954
26	0.02194	0.14639	0.15173	0.01612	0.02171	0.27169	0.01482	0.23128	0.02111	0.02514	0.01227	0.01349	0.00946	0.00698	0.00603	0.00184	0.00946	0.00485	0.00425	0.00942
27	0.42437	0.01897	0.15514	0.01279	0.01844	0.01684	0.01233	0.21854	0.01784	0.03191	0.01185	0.01307	0.00872	0.00679	0.00534	0.00207	0.00676	0.00460	0.00464	0.00900
28	0.40217	0.01222	0.07053	0.00919	0.01289	0.01125	0.00810	0.01620	0.01407	0.02609	0.17053	0.03097	0.17289	0.01013	0.00594	0.00213	0.00478	0.00780	0.00516	0.00695
29	0.00849	0.00597	0.00769	0.00894	0.00925	0.00566	0.00580	0.00942	0.01224	0.01631	0.03385	0.61826	0.04043	0.16796	0.01362	0.00347	0.00441	0.01723	0.00580	0.00518
30	0.01397	0.01263	0.02388	0.01993	0.08198	0.01184	0.30166	0.01812	0.01701	0.06588	0.27922	0.07129	0.03236	0.00971	0.00777	0.00220	0.00723	0.00988	0.00533	0.00811
31	0.01088	0.00917	0.01233	0.01180	0.01214	0.01102	0.00886	0.01222	0.01224	0.01738	0.11234	0.29279	0.03116	0.13590	0.01729	0.00333	0.26619	0.01206	0.00488	0.00600
32	0.01003	0.00755	0.00897	0.00887	0.01059	0.00712	0.00651	0.06958	0.01717	0.02282	0.27135	0.26895	0.23270	0.01637	0.00802	0.00233	0.00381	0.01430	0.00666	0.00631
33	0.01961	0.23802	0.02666	0.01796	0.07276	0.10899	0.07196	0.17560	0.01803	0.02294	0.01151	0.01399	0.00958	0.00761	0.00905	0.00201	0.15549	0.00524	0.00391	0.00909
34	0.17412	0.15335	0.02724	0.01773	0.02288	0.01846	0.25127	0.07797	0.01515	0.02338	0.01154	0.01448	0.00926	0.00660	0.00773	0.00203	0.08937	0.00560	0.00373	0.06812
35	0.09366	0.02632	0.43231	0.01740	0.02525	0.01547	0.06995	0.06446	0.07509	0.09513	0.01490	0.01606	0.01052	0.00684	0.00637	0.00213	0.00859	0.00552	0.00413	0.00990
36	0.02070	0.01788	0.01867	0.01806	0.10325	0.17755	0.05005	0.10510	0.17027	0.13287	0.02058	0.09954	0.01701	0.00910	0.00685	0.00211	0.00764	0.00762	0.00561	0.00954
37	0.09807	0.02725	0.01765	0.11124	0.02131	0.11267	0.08575	0.03286	0.01521	0.14869	0.03010	0.05524	0.03708	0.04862	0.07166	0.00309	0.04875	0.00708	0.01971	0.00798

[dist]
# distance from previous block
# <min> <max>
5	13

[block]
# block no. 2 follows, 32 sequences, length 47
# corresponding to MSA columns:
# 368-384,398-414,427-439
name=unknown_C
#
# <colnr> <probs for GDERKNQSTAVLIFYWHMCP>
#	G	D	E	R	K	N	Q	S	T	A	V	L	I	F	Y	W	H	M	C	P
0	0.01786	0.09497	0.22503	0.01963	0.02636	0.10411	0.22306	0.09260	0.01733	0.05848	0.01577	0.01774	0.04230	0.00692	0.00673	0.00205	0.00956	0.00627	0.00392	0.00931
1	0.09674	0.11873	0.02012	0.06292	0.29350	0.01411	0.01331	0.01683	0.01403	0.02027	0.02217	0.17621	0.08442	0.01022	0.00658	0.00212	0.00633	0.00893	0.00421	0.00826
2	0.05478	0.00855	0.01240	0.11651	0.07060	0.00938	0.00995	0.01328	0.01297	0.01867	0.09490	0.16345	0.05537	0.02762	0.29469	0.00565	0.01043	0.00975	0.00452	0.00655
3	0.01745	0.01537	0.02540	0.17467	0.42468	0.01599	0.07074	0.09139	0.01687	0.06225	0.01369	0.01727	0.01068	0.00644	0.00677	0.00207	0.00823	0.00617	0.00389	0.01001
4	0.01548	0.09379	0.02582	0.11534	0.28463	0.04951	0.11260	0.01895	0.01453	0.01933	0.01703	0.02049	0.07726	0.00778	0.00854	0.00213	0.09783	0.00669	0.00348	0.00881
5	0.14039	0.02311	0.02069	0.01690	0.02147	0.32305	0.10874	0.18810	0.02048	0.05698	0.01278	0.01422	0.00968	0.00697	0.00622	0.00194	0.00954	0.00525	0.00455	0.00892
6	0.01631	0.01687	0.02622	0.05582	0.05907	0.09084	0.28229	0.07986	0.01615	0.02132	0.01557	0.11147	0.01426	0.00889	0.00950	0.00227	0.11734	0.00815	0.00400	0.04379
7	0.09050	0.02324	0.16717	0.01473	0.01959	0.24148	0.01349	0.08754	0.09019	0.03645	0.10155	0.02127	0.04807	0.00837	0.00641	0.00200	0.00828	0.00632	0.00473	0.00862
8	0.01346	0.00972	0.01060	0.00960	0.01242	0.00973	0.00731	0.07991	0.14733	0.02464	0.02837	0.15298	0.09407	0.01090	0.00632	0.00193	0.00435	0.00919	0.24691	0.12025
9	0.02083	0.01869	0.02079	0.01644	0.02107	0.18005	0.14600	0.21385	0.02129	0.10352	0.02482	0.02509	0.13914	0.00897	0.00702	0.00205	0.00833	0.00756	0.00540	0.00908
10	0.00963	0.00801	0.00882	0.00919	0.01066	0.04099	0.00663	0.01224	0.04800	0.01934	0.15120	0.32854	0.22818	0.01976	0.06399	0.00305	0.00518	0.01446	0.00611	0.00605
11	0.01416	0.01344	0.02281	0.48110	0.30156	0.01530	0.01937	0.01845	0.01412	0.01895	0.01219	0.01740	0.00958	0.00643	0.00668	0.00214	0.00858	0.00597	0.00311	0.00865
12	0.01499	0.01430	0.02432	0.33074	0.44538	0.01552	0.01979	0.01918	0.01452	0.01996	0.01234	0.01713	0.00994	0.00628	0.00667	0.00209	0.00837	0.00597	0.00318	0.00933
13	0.81159	0.01298	0.00986	0.00882	0.01298	0.01505	0.00727	0.01972	0.01142	0.03010	0.00934	0.01090	0.00727	0.00623	0.00415	0.00208	0.00519	0.00363	0.00415	0.00727
14	0.00822	0.00664	0.00709	0.00727	0.00904	0.00575	0.00521	0.00976	0.01463	0.01796	0.09277	0.15485	0.52952	0.08841	0.01051	0.00272	0.00375	0.01430	0.00608	0.00552
15	0.00871	0.00646	0.00723	0.00758	0.00853	0.00595	0.00495	0.00961	0.01256	0.01588	0.04245	0.21554	0.29153	0.31193	0.01839	0.00404	0.00473	0.01355	0.00538	0.00499
16	0.01267	0.01193	0.02013	0.74806	0.04621	0.01491	0.01863	0.01714	0.01342	0.01714	0.01193	0.01789	0.00894	0.00671	0.00671	0.00224	0.00894	0.00596	0.00298	0.00745
17	0.02218	0.02336	0.01977	0.01688	0.01986	0.33376	0.01340	0.20786	0.01991	0.02342	0.01149	0.01394	0.00945	0.00862	0.01085	0.00216	0.22500	0.00524	0.00420	0.00865
18	0.00829	0.00672	0.00739	0.00764	0.00953	0.00582	0.00570	0.01014	0.01534	0.01901	0.12946	0.16194	0.51811	0.01731	0.00809	0.00236	0.00360	0.05148	0.00635	0.00573
19	0.00884	0.00679	0.00813	0.00819	0.00991	0.00608	0.00618	0.01122	0.01663	0.02191	0.33932	0.13165	0.31770	0.01614	0.00809	0.00231	0.00356	0.06465	0.00672	0.00597
20	0.00798	0.00661	0.00699	0.00730	0.00919	0.00562	0.00532	0.00957	0.01481	0.01793	0.06187	0.20145	0.58667	0.01779	0.00806	0.00236	0.00350	0.01513	0.00623	0.00562
21	0.00812	0.00606	0.00756	0.00876	0.00958	0.00550	0.00597	0.00941	0.01341	0.01736	0.04407	0.60072	0.19889	0.02010	0.00842	0.00262	0.00378	0.01795	0.00623	0.00550
22	0.00904	0.00641	0.00732	0.00768	0.00821	0.00610	0.00476	0.00964	0.01155	0.01496	0.03399	0.21180	0.16584	0.44702	0.02313	0.00481	0.00530	0.01276	0.00499	0.00470
23	0.01794	0.76823	0.03516	0.01148	0.01722	0.02655	0.01148	0.02009	0.01363	0.01579	0.00933	0.01076	0.00861	0.00574	0.00431	0.00144	0.00718	0.00359	0.00287	0.00861
24	0.01048	0.00749	0.01043	0.01198	0.01338	0.00744	0.01024	0.01333	0.01512	0.01971	0.03571	0.16167	0.03934	0.01885	0.00918	0.00304	0.00589	0.59446	0.00618	0.00609
25	0.02433	0.01821	0.01947	0.01520	0.02036	0.02026	0.01247	0.61111	0.12232	0.04039	0.01761	0.01730	0.01262	0.00820	0.00673	0.00205	0.00711	0.00625	0.00673	0.01131
26	0.03876	0.10104	0.21551	0.01589	0.02251	0.01985	0.01579	0.42851	0.02448	0.03350	0.01414	0.01491	0.01023	0.00731	0.00631	0.00199	0.00801	0.00544	0.00519	0.01062
27	0.02397	0.01805	0.02026	0.09204	0.02351	0.11323	0.06518	0.33957	0.02394	0.16902	0.01689	0.01744	0.01185	0.00762	0.00668	0.00202	0.00805	0.00609	0.02438	0.01021
28	0.01081	0.00772	0.01081	0.01236	0.01390	0.00772	0.01081	0.01390	0.01545	0.02008	0.03553	0.07569	0.03862	0.01854	0.00927	0.00309	0.00618	0.67717	0.00618	0.00618
29	0.01335	0.01223	0.01939	0.24316	0.25839	0.01363	0.01565	0.01757	0.05650	0.01932	0.01860	0.18743	0.01831	0.01027	0.00829	0.00232	0.06421	0.00906	0.00407	0.00824
30	0.01403	0.12757	0.64153	0.01816	0.02754	0.01697	0.02311	0.02110	0.01410	0.02056	0.01170	0.01374	0.00851	0.00629	0.00611	0.00204	0.00957	0.00478	0.00284	0.00975
31	0.01178	0.01047	0.01660	0.30626	0.16463	0.01143	0.01417	0.01501	0.01400	0.01841	0.02544	0.19670	0.09365	0.01182	0.00744	0.00237	0.00681	0.06129	0.00437	0.00734
32	0.01794	0.76823	0.03516	0.01148	0.01722	0.02655	0.01148	0.02009	0.01363	0.01579	0.00933	0.01076	0.00861	0.00574	0.00431	0.00144	0.00718	0.00359	0.00287	0.00861
33	0.00957	0.00664	0.00835	0.00849	0.00886	0.00694	0.00549	0.01035	0.01033	0.01411	0.02168	0.10380	0.02404	0.49382	0.23189	0.00738	0.00953	0.00987	0.00413	0.00474
34	0.01583	0.01515	0.02584	0.18036	0.58922	0.01574	0.02021	0.01991	0.01491	0.02098	0.01248	0.01686	0.01030	0.00612	0.00666	0.00204	0.00816	0.00598	0.00325	0.01000
35	0.01391	0.01193	0.01391	0.00994	0.01590	0.00894	0.00795	0.01690	0.01391	0.02186	0.01193	0.01391	0.00994	0.00497	0.00497	0.00099	0.00497	0.00398	0.00398	0.80521
36	0.01942	0.61503	0.03180	0.01269	0.01795	0.17444	0.01179	0.02149	0.01475	0.01592	0.00955	0.01104	0.00862	0.00598	0.00467	0.00150	0.00820	0.00374	0.00299	0.00844
37	0.01267	0.01193	0.02013	0.74806	0.04621	0.01491	0.01863	0.01714	0.01342	0.01714	0.01193	0.01789	0.00894	0.00671	0.00671	0.00224	0.00894	0.00596	0.00298	0.00745
38	0.00808	0.00622	0.00740	0.00834	0.00947	0.00553	0.00578	0.00946	0.01381	0.01752	0.04918	0.48624	0.31008	0.01944	0.00831	0.00254	0.00370	0.01714	0.00623	0.00553
39	0.01875	0.02006	0.02307	0.08453	0.02498	0.22542	0.16979	0.09534	0.08945	0.02153	0.01404	0.01713	0.01119	0.01079	0.06445	0.00280	0.08790	0.00620	0.00405	0.00854
40	0.01176	0.00734	0.00825	0.00789	0.00969	0.00737	0.00595	0.01655	0.08848	0.02608	0.29668	0.03490	0.03569	0.01027	0.00618	0.00185	0.00337	0.00871	0.40625	0.00674
41	0.01556	0.00836	0.01106	0.01017	0.01285	0.00759	0.00824	0.01839	0.01786	0.22560	0.29583	0.04963	0.11248	0.01361	0.00789	0.00234	0.00461	0.16298	0.00725	0.00769
42	0.00952	0.00631	0.00774	0.00820	0.00922	0.00595	0.00574	0.01158	0.01473	0.02122	0.23014	0.32462	0.07371	0.07313	0.00955	0.00259	0.00371	0.01362	0.16296	0.00577
43	0.01690	0.02413	0.30347	0.09111	0.12384	0.07058	0.15372	0.02244	0.01547	0.09411	0.01379	0.01636	0.01002	0.00645	0.00676	0.00211	0.00957	0.00591	0.00364	0.00960
44	0.01345	0.00880	0.01157	0.01018	0.01248	0.00883	0.07807	0.09132	0.01596	0.02502	0.02335	0.16797	0.02117	0.01022	0.00601	0.00192	0.00460	0.00893	0.47316	0.00696
45	0.01613	0.01182	0.01196	0.01077	0.01352	0.10573	0.00823	0.02035	0.09018	0.16187	0.30158	0.09285	0.10330	0.01213	0.00737	0.00213	0.00516	0.01028	0.00678	0.00784
46	0.01538	0.10136	0.53572	0.01971	0.08022	0.01720	0.02195	0.09175	0.01601	0.02297	0.01225	0.01423	0.00898	0.00646	0.00623	0.00204	0.00924	0.00502	0.00328	0.01000

[dist]
# distance from previous block
# <min> <max>
0	4

[block]
# block no. 3 follows, 32 sequences, length 35
# corresponding to MSA columns:
# 444-478
name=unknown_D
#
# <colnr> <probs for GDERKNQSTAVLIFYWHMCP>
#	G	D	E	R	K	N	Q	S	T	A	V	L	I	F	Y	W	H	M	C	P
0	0.01509	0.02127	0.24727	0.01635	0.07061	0.08537	0.01509	0.06978	0.14239	0.02334	0.06032	0.02771	0.13413	0.00939	0.00683	0.00212	0.00737	0.01834	0.01826	0.00897
1	0.00976	0.00651	0.00732	0.00732	0.00732	0.00651	0.00407	0.00976	0.00976	0.01301	0.02114	0.04391	0.02439	0.76419	0.03415	0.00651	0.00651	0.00976	0.00407	0.00407
2	0.00804	0.00638	0.00723	0.00791	0.00936	0.00557	0.00559	0.00950	0.01423	0.01769	0.05445	0.36804	0.42487	0.01875	0.00821	0.00247	0.00361	0.01631	0.00623	0.00557
3	0.22510	0.01377	0.01799	0.07505	0.28485	0.01490	0.01355	0.06391	0.08960	0.02602	0.01458	0.01705	0.01149	0.00678	0.00579	0.00201	0.00643	0.00557	0.09651	0.00906
4	0.01962	0.02605	0.14190	0.01840	0.02346	0.32986	0.11582	0.02687	0.17491	0.02064	0.01495	0.01633	0.01154	0.00723	0.00687	0.00202	0.02471	0.00574	0.00410	0.00897
5	0.00907	0.00622	0.00752	0.00820	0.00836	0.00605	0.00500	0.00958	0.01110	0.01480	0.02801	0.35433	0.03306	0.44194	0.02306	0.00487	0.00537	0.01380	0.00500	0.00467
6	0.00896	0.00624	0.00789	0.00865	0.00896	0.00617	0.00555	0.00977	0.01138	0.01528	0.02862	0.39398	0.03347	0.32921	0.09035	0.00507	0.00634	0.01409	0.00508	0.00493
7	0.01218	0.01312	0.11950	0.01300	0.01595	0.01035	0.08912	0.08036	0.01402	0.01920	0.02180	0.19552	0.02313	0.26965	0.06923	0.00437	0.00788	0.01041	0.00452	0.00668
8	0.01708	0.13034	0.11271	0.02785	0.26313	0.01825	0.22202	0.08729	0.01666	0.02280	0.01269	0.01586	0.01003	0.00610	0.00666	0.00201	0.00902	0.00609	0.00355	0.00985
9	0.10106	0.02827	0.01720	0.01566	0.01905	0.61393	0.01181	0.02530	0.01792	0.01838	0.01110	0.01291	0.00913	0.00691	0.00577	0.00175	0.01078	0.00439	0.06107	0.00762
10	0.01391	0.01193	0.01391	0.00994	0.01590	0.00894	0.00795	0.01690	0.01391	0.02186	0.01193	0.01391	0.00994	0.00497	0.00497	0.00099	0.00497	0.00398	0.00398	0.80521
11	0.00858	0.00635	0.00802	0.00861	0.00972	0.00578	0.00607	0.01052	0.01534	0.02061	0.27320	0.40131	0.16550	0.01786	0.00824	0.00244	0.00356	0.01589	0.00662	0.00578
12	0.28963	0.01356	0.01382	0.01176	0.01610	0.01488	0.00947	0.07749	0.26725	0.18890	0.02023	0.01910	0.01447	0.00787	0.00589	0.00214	0.00551	0.00594	0.00625	0.00972
13	0.01570	0.01737	0.03310	0.02466	0.02923	0.03611	0.46647	0.01995	0.01417	0.01969	0.01200	0.01688	0.00971	0.00760	0.01230	0.00246	0.24367	0.00719	0.00325	0.00848
14	0.00876	0.00656	0.00814	0.00832	0.00972	0.00593	0.00602	0.01103	0.01640	0.02212	0.37644	0.25506	0.20783	0.01654	0.00810	0.00232	0.00343	0.01457	0.00679	0.00593
15	0.42636	0.01416	0.01387	0.01128	0.01599	0.01539	0.00930	0.20207	0.01850	0.19197	0.01503	0.01499	0.01049	0.00718	0.00542	0.00206	0.00589	0.00498	0.00577	0.00930
16	0.01064	0.00941	0.01553	0.01264	0.01554	0.00863	0.16355	0.01409	0.01757	0.02400	0.43393	0.04559	0.17657	0.01251	0.00792	0.00217	0.00506	0.01156	0.00626	0.00682
17	0.00908	0.00684	0.00840	0.00801	0.00977	0.00616	0.00601	0.01186	0.01802	0.02459	0.54715	0.05393	0.23639	0.01458	0.00792	0.00215	0.00323	0.01267	0.00708	0.00616
18	0.02688	0.01292	0.01613	0.01252	0.01740	0.01240	0.01028	0.20672	0.02244	0.47796	0.09143	0.02373	0.01980	0.00877	0.00685	0.00206	0.00590	0.00709	0.00780	0.01092
19	0.00856	0.00641	0.00804	0.00918	0.01026	0.00589	0.00671	0.01019	0.01393	0.01789	0.04491	0.46024	0.22148	0.01954	0.00852	0.00267	0.00415	0.12958	0.00622	0.00563
20	0.01277	0.01165	0.01869	0.17997	0.31051	0.01225	0.01491	0.01607	0.01407	0.01904	0.02392	0.07299	0.13010	0.01546	0.11514	0.00344	0.00865	0.00833	0.00395	0.00812
21	0.20307	0.13658	0.01932	0.01450	0.01845	0.46768	0.01145	0.02419	0.01649	0.01944	0.00998	0.01163	0.00832	0.00658	0.00536	0.00176	0.00980	0.00406	0.00353	0.00779
22	0.22867	0.01521	0.01722	0.01682	0.13680	0.01576	0.01154	0.24964	0.01946	0.03097	0.01278	0.01432	0.00985	0.00652	0.00563	0.00179	0.00636	0.00493	0.00484	0.19090
23	0.01787	0.01279	0.01410	0.01187	0.01540	0.01341	0.00938	0.35557	0.02327	0.05987	0.06624	0.16753	0.15883	0.01253	0.00731	0.00219	0.00556	0.01042	0.02709	0.00878
24	0.14245	0.01149	0.01377	0.01112	0.01564	0.01107	0.00906	0.02945	0.09755	0.47433	0.02359	0.02154	0.01573	0.00804	0.00617	0.00205	0.00533	0.00634	0.08506	0.01021
25	0.01753	0.07094	0.24641	0.02721	0.31138	0.12802	0.01971	0.06202	0.01637	0.02169	0.01210	0.01476	0.00958	0.00636	0.00633	0.00196	0.00913	0.00526	0.00336	0.00989
26	0.00994	0.00764	0.00958	0.00928	0.01140	0.00660	0.00684	0.01215	0.01489	0.02084	0.20057	0.33575	0.08092	0.01519	0.00759	0.00217	0.00406	0.05080	0.00600	0.18779
27	0.00831	0.00673	0.00739	0.00750	0.00943	0.00581	0.00558	0.01025	0.01571	0.01964	0.18025	0.13386	0.51527	0.01686	0.00803	0.00231	0.00348	0.03138	0.00644	0.00577
28	0.01647	0.01535	0.06717	0.01757	0.02266	0.01404	0.24333	0.07228	0.16560	0.09686	0.06953	0.02853	0.12127	0.00906	0.00738	0.00221	0.00741	0.00859	0.00550	0.00919
29	0.01829	0.01453	0.01963	0.01494	0.02035	0.01401	0.12558	0.12487	0.18483	0.09892	0.01802	0.01854	0.01342	0.00688	0.00635	0.00178	0.00655	0.00610	0.00541	0.28102
30	0.01160	0.00862	0.01126	0.08600	0.01481	0.00940	0.00831	0.09707	0.01386	0.01875	0.02253	0.20504	0.02397	0.22519	0.20728	0.00573	0.00926	0.01046	0.00468	0.00617
31	0.23528	0.01834	0.01535	0.10487	0.02068	0.20605	0.01132	0.02666	0.25037	0.02419	0.01602	0.01688	0.01232	0.00744	0.00588	0.00207	0.00752	0.00544	0.00473	0.00856
32	0.02159	0.01848	0.09112	0.01464	0.01985	0.01806	0.01288	0.47961	0.09424	0.03670	0.06136	0.01947	0.01562	0.00833	0.00664	0.00203	0.00691	0.00648	0.05546	0.01054
33	0.07421	0.02758	0.01819	0.01606	0.01990	0.55753	0.01228	0.08354	0.01962	0.09260	0.01245	0.01347	0.00961	0.00711	0.00606	0.00181	0.01062	0.00467	0.00427	0.00843
34	0.01572	0.00914	0.01150	0.01021	0.01311	0.00858	0.00797	0.01911	0.06521	0.20013	0.07852	0.03889	0.11045	0.12738	0.09577	0.00379	0.00673	0.08617	0.00603	0.08557

[dist]
# distance from previous block
# <min> <max>
0	31

[block]
# block no. 4 follows, 32 sequences, length 11
# corresponding to MSA columns:
# 552-562
name=unknown_E
#
# <colnr> <probs for GDERKNQSTAVLIFYWHMCP>
#	G	D	E	R	K	N	Q	S	T	A	V	L	I	F	Y	W	H	M	C	P
0	0.03841	0.31790	0.09264	0.09510	0.02129	0.09387	0.01301	0.07865	0.01595	0.06210	0.01482	0.10043	0.01349	0.00818	0.00580	0.00188	0.00765	0.00627	0.00402	0.00853
1	0.01519	0.31766	0.46162	0.01618	0.02448	0.01981	0.01966	0.02080	0.01396	0.01914	0.01099	0.01285	0.00854	0.00613	0.00558	0.00186	0.00886	0.00443	0.00285	0.00941
2	0.01164	0.01005	0.01468	0.01195	0.01526	0.00936	0.14474	0.07238	0.01704	0.02243	0.11148	0.04573	0.38243	0.01272	0.00750	0.00216	0.00528	0.01123	0.08499	0.00696
3	0.00938	0.00719	0.00880	0.00948	0.01110	0.00677	0.00739	0.01229	0.04616	0.01988	0.12221	0.22719	0.26084	0.01766	0.00841	0.00259	0.00437	0.20584	0.00637	0.00606
4	0.02327	0.04423	0.09299	0.01671	0.05664	0.22349	0.01365	0.17968	0.10150	0.15635	0.01689	0.01691	0.01221	0.00755	0.00643	0.00197	0.00847	0.00567	0.00540	0.01000
5	0.11159	0.01394	0.01634	0.08368	0.02014	0.01474	0.01117	0.28756	0.02193	0.23984	0.02021	0.09507	0.01569	0.00914	0.00663	0.00213	0.00643	0.00733	0.00649	0.00995
6	0.00810	0.00613	0.00748	0.00856	0.00953	0.00552	0.00588	0.00943	0.01359	0.01743	0.04646	0.54719	0.25089	0.01979	0.00837	0.00258	0.00374	0.01757	0.00623	0.00552
7	0.01299	0.01157	0.01418	0.12621	0.01917	0.07993	0.05109	0.08539	0.01673	0.02165	0.14583	0.32701	0.03326	0.01390	0.00769	0.00234	0.00615	0.01238	0.00554	0.00698
8	0.01905	0.09446	0.15592	0.02589	0.29259	0.10193	0.01791	0.16790	0.01886	0.02496	0.01269	0.01496	0.00998	0.00659	0.00631	0.00194	0.00861	0.00538	0.00393	0.01014
9	0.01267	0.02234	0.37080	0.02020	0.15197	0.01287	0.01839	0.01801	0.01435	0.02090	0.08877	0.09169	0.01902	0.01359	0.09193	0.00316	0.00921	0.00752	0.00381	0.00879
10	0.01350	0.01054	0.01760	0.36159	0.03032	0.01155	0.07997	0.01683	0.01412	0.09680	0.02165	0.25358	0.02115	0.01132	0.00742	0.00238	0.00721	0.01040	0.00464	0.00742

[dist]
# distance from previous block
# <min> <max>
0	3

[block]
# block no. 5 follows, 32 sequences, length 50
# corresponding to MSA columns:
# 568-583,664-697
name=unknown_F
#
# <colnr> <probs for GDERKNQSTAVLIFYWHMCP>
#	G	D	E	R	K	N	Q	S	T	A	V	L	I	F	Y	W	H	M	C	P
0	0.01933	0.01559	0.02116	0.02465	0.30604	0.01586	0.01477	0.21331	0.08634	0.06836	0.01696	0.01835	0.02813	0.00711	0.00649	0.00190	0.00692	0.00611	0.00505	0.11756
1	0.17010	0.15621	0.08580	0.01587	0.10274	0.05193	0.01264	0.05263	0.03187	0.10629	0.03337	0.03690	0.01571	0.00857	0.00610	0.00208	0.00691	0.09083	0.00470	0.00877
2	0.65798	0.01175	0.00962	0.00880	0.01239	0.01333	0.00708	0.01818	0.01252	0.02894	0.10626	0.05888	0.01691	0.00808	0.00491	0.00212	0.00484	0.00566	0.00471	0.00704
3	0.16397	0.00843	0.00899	0.00868	0.01109	0.00811	0.00641	0.01411	0.01304	0.02221	0.02374	0.31749	0.02494	0.01232	0.00621	0.00203	0.00417	0.01051	0.17857	0.15498
4	0.01678	0.02059	0.15963	0.02387	0.11234	0.03220	0.27818	0.08951	0.14995	0.02465	0.01598	0.01819	0.01198	0.00675	0.00711	0.00217	0.00914	0.00681	0.00426	0.00990
5	0.81159	0.01298	0.00986	0.00882	0.01298	0.01505	0.00727	0.01972	0.01142	0.03010	0.00934	0.01090	0.00727	0.00623	0.00415	0.00208	0.00519	0.00363	0.00415	0.00727
6	0.02023	0.08202	0.01826	0.01307	0.01739	0.01715	0.01079	0.44173	0.02634	0.03550	0.21769	0.02542	0.02610	0.00948	0.00684	0.00199	0.00615	0.00758	0.00656	0.00970
7	0.01383	0.01122	0.01321	0.01072	0.01534	0.00954	0.00879	0.08210	0.01609	0.02313	0.02246	0.03208	0.07945	0.00929	0.00634	0.00166	0.00533	0.15167	0.00492	0.48282
8	0.02551	0.01879	0.02014	0.01544	0.02081	0.02081	0.01275	0.69996	0.03155	0.04229	0.01611	0.01611	0.01141	0.00805	0.00671	0.00201	0.00738	0.00604	0.00671	0.01141
9	0.00820	0.00611	0.00764	0.00874	0.00960	0.00555	0.00599	0.00959	0.01373	0.01790	0.08261	0.56795	0.19249	0.01973	0.00839	0.00259	0.00374	0.01761	0.00630	0.00555
10	0.01593	0.02018	0.11299	0.13723	0.06629	0.08026	0.42521	0.02123	0.01553	0.02037	0.01282	0.01702	0.00968	0.00603	0.00733	0.00218	0.01071	0.00687	0.00327	0.00886
11	0.02069	0.03081	0.21217	0.01928	0.02492	0.44550	0.10970	0.02458	0.01728	0.01841	0.01126	0.01347	0.00881	0.00660	0.00639	0.00191	0.01141	0.00498	0.00328	0.00853
12	0.74208	0.01284	0.01037	0.00910	0.01335	0.01459	0.00750	0.02088	0.01211	0.09209	0.01087	0.01196	0.00810	0.00641	0.00438	0.00208	0.00524	0.00391	0.00452	0.00764
13	0.00818	0.00584	0.00779	0.00934	0.00973	0.00545	0.00623	0.00934	0.01285	0.01713	0.03698	0.75981	0.04438	0.02102	0.00856	0.00273	0.00389	0.01908	0.00623	0.00545
14	0.01442	0.03015	0.52768	0.05314	0.02892	0.05728	0.08730	0.02095	0.01422	0.02036	0.01180	0.01464	0.00872	0.00683	0.00791	0.00219	0.07587	0.00533	0.00294	0.00937
15	0.01040	0.00878	0.01218	0.01581	0.16541	0.00825	0.00975	0.01276	0.01485	0.01913	0.04394	0.18927	0.30911	0.01565	0.00802	0.00245	0.00501	0.13685	0.00559	0.00680
16	0.02787	0.01175	0.01518	0.01178	0.01664	0.01074	0.00968	0.10612	0.02009	0.58159	0.02486	0.02229	0.01608	0.00823	0.00654	0.00202	0.00565	0.00662	0.08535	0.01092
17	0.01437	0.01364	0.02089	0.02563	0.30470	0.01581	0.01572	0.01707	0.01328	0.01906	0.01845	0.02612	0.07587	0.01142	0.02999	0.00269	0.29115	0.07204	0.00372	0.00839
18	0.01795	0.37810	0.04458	0.01679	0.08770	0.08803	0.07852	0.08057	0.01591	0.01984	0.01203	0.01455	0.01022	0.00973	0.06386	0.00242	0.00889	0.00495	0.03664	0.00874
19	0.00815	0.00593	0.00769	0.00910	0.00967	0.00547	0.00612	0.00937	0.01308	0.01723	0.04000	0.69212	0.11012	0.02063	0.00850	0.00268	0.00384	0.01860	0.00623	0.00547
20	0.00843	0.00602	0.00808	0.00964	0.01014	0.00567	0.00667	0.00979	0.01310	0.01742	0.03684	0.69320	0.04382	0.02078	0.00863	0.00276	0.00412	0.08315	0.00622	0.00552
21	0.01664	0.07602	0.01266	0.00954	0.01281	0.00918	0.00787	0.01910	0.01663	0.24025	0.10718	0.04273	0.22759	0.01224	0.00707	0.00214	0.00471	0.08361	0.08411	0.00790
22	0.08958	0.46025	0.02718	0.01199	0.01721	0.02279	0.01102	0.16878	0.05708	0.02395	0.01241	0.01341	0.01017	0.00657	0.00498	0.00167	0.00675	0.00448	0.04061	0.00911
23	0.00919	0.00697	0.00862	0.00903	0.01071	0.00639	0.00711	0.01165	0.01620	0.02118	0.25091	0.13092	0.27512	0.01682	0.00835	0.00248	0.00412	0.19168	0.00656	0.00598
24	0.01391	0.01193	0.01391	0.00994	0.01590	0.00894	0.00795	0.01690	0.01391	0.02186	0.01193	0.01391	0.00994	0.00497	0.00497	0.00099	0.00497	0.00398	0.00398	0.80521
25	0.01134	0.00955	0.01341	0.01141	0.01473	0.00819	0.06867	0.01377	0.01335	0.01930	0.02280	0.31724	0.02456	0.01594	0.07802	0.00276	0.00636	0.01075	0.00480	0.33305
26	0.00959	0.00719	0.01078	0.01078	0.01198	0.00839	0.00839	0.01198	0.01078	0.01558	0.01797	0.02636	0.01677	0.05032	0.73760	0.01078	0.01797	0.00719	0.00359	0.00599
27	0.51214	0.01310	0.01144	0.00993	0.01389	0.01490	0.00807	0.12561	0.07704	0.03112	0.01367	0.01486	0.01042	0.00698	0.00486	0.00202	0.00526	0.00471	0.11193	0.00807
28	0.01669	0.01441	0.01517	0.01365	0.01745	0.01669	0.01062	0.03565	0.71021	0.02807	0.02731	0.02503	0.02048	0.00910	0.00683	0.00228	0.00531	0.00759	0.00683	0.01062
29	0.01512	0.01443	0.02455	0.30819	0.46695	0.01555	0.01985	0.01929	0.01458	0.02012	0.01236	0.01709	0.00999	0.00625	0.00667	0.00208	0.00834	0.00597	0.00319	0.00943
30	0.01346	0.03471	0.72942	0.01912	0.02904	0.01558	0.02479	0.02125	0.01417	0.02125	0.01204	0.01417	0.00850	0.00637	0.00637	0.00212	0.00992	0.00496	0.00283	0.00992
31	0.00838	0.00681	0.00742	0.00727	0.00934	0.00586	0.00545	0.01050	0.01636	0.02065	0.25477	0.06043	0.53124	0.01605	0.00793	0.00222	0.00333	0.01358	0.00656	0.00586
32	0.00827	0.00605	0.00778	0.00895	0.00968	0.00556	0.00610	0.00970	0.01374	0.01819	0.10642	0.60703	0.12819	0.01983	0.00842	0.00261	0.00376	0.01781	0.00634	0.00556
33	0.00856	0.00670	0.00726	0.00726	0.00885	0.00593	0.00510	0.01007	0.01450	0.01821	0.14841	0.08902	0.44534	0.17941	0.01367	0.00319	0.00406	0.01313	0.00592	0.00540
34	0.00948	0.00683	0.00865	0.00942	0.01049	0.00654	0.00709	0.01131	0.01403	0.01841	0.11396	0.21136	0.13109	0.18068	0.01420	0.00353	0.00505	0.22650	0.00587	0.00551
35	0.00932	0.00674	0.00933	0.00967	0.01042	0.00731	0.00692	0.01089	0.01100	0.01532	0.02284	0.19011	0.02454	0.20837	0.41683	0.00804	0.01227	0.01037	0.00428	0.00543
36	0.81159	0.01298	0.00986	0.00882	0.01298	0.01505	0.00727	0.01972	0.01142	0.03010	0.00934	0.01090	0.00727	0.00623	0.00415	0.00208	0.00519	0.00363	0.00415	0.00727
37	0.02551	0.01879	0.02014	0.01544	0.02081	0.02081	0.01275	0.69996	0.03155	0.04229	0.01611	0.01611	0.01141	0.00805	0.00671	0.00201	0.00738	0.00604	0.00671	0.01141
38	0.01027	0.00927	0.00905	0.00952	0.01138	0.07730	0.00732	0.01218	0.01522	0.01819	0.04937	0.19496	0.37286	0.01712	0.00816	0.00248	0.00495	0.15851	0.00595	0.00594
39	0.01302	0.01228	0.02076	0.68519	0.10635	0.01500	0.01881	0.01745	0.01358	0.01757	0.01199	0.01778	0.00909	0.00664	0.00670	0.00221	0.00886	0.00596	0.00301	0.00774
40	0.01861	0.01537	0.01625	0.01404	0.01818	0.01759	0.01108	0.18031	0.56243	0.03116	0.02487	0.02309	0.01851	0.00888	0.00680	0.00222	0.00576	0.00725	0.00680	0.01079
41	0.01128	0.00634	0.00679	0.00687	0.00839	0.00613	0.00508	0.01408	0.01467	0.02381	0.11242	0.10342	0.09310	0.01070	0.00577	0.00181	0.00323	0.00898	0.55100	0.00613
42	0.01794	0.76823	0.03516	0.01148	0.01722	0.02655	0.01148	0.02009	0.01363	0.01579	0.00933	0.01076	0.00861	0.00574	0.00431	0.00144	0.00718	0.00359	0.00287	0.00861
43	0.01646	0.01619	0.01926	0.04979	0.27676	0.13673	0.01376	0.05071	0.01706	0.02269	0.14741	0.02177	0.02022	0.00756	0.00648	0.00179	0.00721	0.00650	0.00439	0.15727
44	0.31809	0.08763	0.02057	0.02297	0.30130	0.01722	0.01373	0.10271	0.01564	0.02689	0.01149	0.01383	0.00926	0.00630	0.00549	0.00197	0.00677	0.00487	0.00400	0.00926
45	0.02085	0.02269	0.01526	0.01379	0.01665	0.43959	0.01028	0.08743	0.01815	0.02014	0.01444	0.01882	0.01246	0.09915	0.00927	0.00230	0.00925	0.00552	0.15659	0.00739
46	0.00810	0.00673	0.00712	0.00739	0.00939	0.00574	0.00552	0.00981	0.01500	0.01810	0.06258	0.14955	0.60349	0.01756	0.00807	0.00236	0.00360	0.04799	0.00623	0.00566
47	0.00952	0.01150	0.14582	0.01079	0.01292	0.00761	0.00933	0.01171	0.01245	0.01705	0.02888	0.46648	0.03331	0.17456	0.01353	0.00341	0.00560	0.01441	0.00512	0.00601
48	0.02019	0.02536	0.15501	0.02051	0.14185	0.33886	0.01561	0.02349	0.01686	0.08156	0.01510	0.08703	0.01315	0.00815	0.00652	0.00198	0.00960	0.00638	0.00402	0.00878
49	0.01278	0.01580	0.16794	0.01264	0.01697	0.01232	0.01193	0.02257	0.27755	0.02337	0.11332	0.03337	0.15672	0.01443	0.07543	0.00302	0.00688	0.00878	0.00561	0.00857

[dist]
# distance from previous block
# <min> <max>
0	1

[block]
# block no. 6 follows, 32 sequences, length 24
# corresponding to MSA columns:
# 699-722
name=unknown_G
#
# <colnr> <probs for GDERKNQSTAVLIFYWHMCP>
#	G	D	E	R	K	N	Q	S	T	A	V	L	I	F	Y	W	H	M	C	P
0	0.00872	0.00666	0.00805	0.00867	0.00994	0.00616	0.00613	0.01117	0.04491	0.01965	0.16886	0.40788	0.23247	0.01807	0.00820	0.00247	0.00369	0.01596	0.00647	0.00589
1	0.01964	0.21797	0.25259	0.01755	0.08523	0.12109	0.01651	0.02380	0.01576	0.14952	0.01382	0.01481	0.01024	0.00661	0.00589	0.00187	0.00857	0.00494	0.00399	0.00961
2	0.09317	0.14159	0.01833	0.07875	0.01843	0.01327	0.07164	0.05153	0.01491	0.11005	0.02273	0.29196	0.02309	0.01198	0.00685	0.00223	0.00612	0.01047	0.00518	0.00774
3	0.00879	0.00640	0.00768	0.00813	0.00901	0.00593	0.00545	0.01012	0.01367	0.01805	0.16501	0.29872	0.18000	0.21462	0.01506	0.00351	0.00435	0.01434	0.00587	0.00529
4	0.03592	0.01179	0.01619	0.01996	0.24766	0.01174	0.01175	0.11634	0.01854	0.02555	0.20846	0.03630	0.19073	0.01088	0.00722	0.00209	0.00549	0.00943	0.00558	0.00838
5	0.01881	0.01682	0.06569	0.03191	0.45816	0.01579	0.05665	0.08878	0.05253	0.10568	0.01533	0.01765	0.01175	0.00661	0.00673	0.00204	0.00782	0.00621	0.00438	0.01067
6	0.06834	0.02483	0.02015	0.01711	0.02069	0.40141	0.05289	0.16210	0.01966	0.02275	0.01144	0.01358	0.00924	0.00775	0.00854	0.00202	0.11984	0.00507	0.00408	0.00850
7	0.02297	0.02843	0.01877	0.01756	0.04339	0.60680	0.01287	0.02466	0.01758	0.01639	0.01092	0.01429	0.00962	0.05017	0.00910	0.00212	0.07849	0.00483	0.00344	0.00763
8	0.00857	0.00700	0.00768	0.00802	0.01013	0.00612	0.00636	0.01057	0.01533	0.01856	0.06081	0.06703	0.56928	0.01733	0.00823	0.00245	0.00401	0.16053	0.00622	0.00578
9	0.01209	0.00944	0.01162	0.01084	0.01259	0.01088	0.00849	0.01778	0.15096	0.02143	0.10512	0.03063	0.09003	0.02132	0.19981	0.00444	0.11506	0.00815	0.15216	0.00716
10	0.00973	0.00673	0.00802	0.00770	0.00942	0.00618	0.00578	0.01259	0.01733	0.02476	0.45671	0.04845	0.18931	0.01330	0.00732	0.00204	0.00321	0.01146	0.15377	0.00618
11	0.02442	0.09850	0.02047	0.01676	0.02043	0.67304	0.01283	0.02619	0.01853	0.01636	0.01028	0.01198	0.00864	0.00681	0.00589	0.00170	0.01166	0.00426	0.00340	0.00785
12	0.01891	0.00890	0.01084	0.00919	0.01225	0.00837	0.00728	0.05984	0.01779	0.27468	0.15187	0.02838	0.02518	0.00909	0.00613	0.00187	0.00429	0.00750	0.32926	0.00839
13	0.00826	0.00670	0.00733	0.00741	0.00933	0.00577	0.00547	0.01019	0.01573	0.01972	0.19092	0.14216	0.51393	0.01682	0.00800	0.00229	0.00341	0.01434	0.00646	0.00577
14	0.01854	0.01307	0.01432	0.01214	0.01549	0.01408	0.00955	0.39167	0.02339	0.03247	0.02267	0.21366	0.02116	0.01143	0.00683	0.00212	0.00568	0.00951	0.15333	0.00889
15	0.00849	0.00640	0.00726	0.00778	0.00883	0.00581	0.00520	0.00957	0.01302	0.01645	0.04536	0.28966	0.31258	0.21515	0.01505	0.00353	0.00438	0.01463	0.00566	0.00517
16	0.02348	0.01146	0.01404	0.01118	0.01563	0.01063	0.00910	0.14059	0.02028	0.42331	0.03563	0.03268	0.20091	0.01055	0.00705	0.00212	0.00539	0.00858	0.00749	0.00990
17	0.01795	0.01245	0.01478	0.01080	0.01657	0.01019	0.00874	0.08153	0.01648	0.15391	0.01499	0.01576	0.01130	0.00586	0.00546	0.00129	0.00532	0.00467	0.00502	0.58691
18	0.01346	0.03471	0.72942	0.01912	0.02904	0.01558	0.02479	0.02125	0.01417	0.02125	0.01204	0.01417	0.00850	0.00637	0.00637	0.00212	0.00992	0.00496	0.00283	0.00992
19	0.00939	0.00671	0.00919	0.01074	0.01166	0.00650	0.00835	0.01145	0.01405	0.01849	0.03631	0.44338	0.04171	0.01987	0.00889	0.00289	0.00495	0.32347	0.00621	0.00579
20	0.01252	0.01139	0.01597	0.01429	0.01466	0.01512	0.01149	0.01411	0.01037	0.01561	0.01310	0.02171	0.01310	0.11082	0.24712	0.00580	0.43627	0.00673	0.00327	0.00654
21	0.00816	0.00681	0.00712	0.00704	0.00920	0.00576	0.00528	0.01007	0.01584	0.01941	0.16349	0.06245	0.62329	0.01651	0.00793	0.00224	0.00336	0.01386	0.00640	0.00576
22	0.00811	0.00609	0.00753	0.00867	0.00956	0.00551	0.00593	0.00942	0.01349	0.01739	0.04515	0.57667	0.22225	0.01996	0.00840	0.00260	0.00376	0.01778	0.00623	0.00551
23	0.01661	0.01594	0.02724	0.04119	0.72233	0.01594	0.02059	0.02059	0.01528	0.02192	0.01262	0.01661	0.01063	0.00598	0.00664	0.00199	0.00797	0.00598	0.00332	0.01063

[dist]
# distance from previous block
# <min> <max>
0	45

[block]
# block no. 7 follows, 32 sequences, length 18
# corresponding to MSA columns:
# 768-785
name=unknown_H
#
# <colnr> <probs for GDERKNQSTAVLIFYWHMCP>
#	G	D	E	R	K	N	Q	S	T	A	V	L	I	F	Y	W	H	M	C	P
0	0.01665	0.01678	0.02016	0.02043	0.13188	0.09992	0.01446	0.02278	0.18094	0.01999	0.01407	0.01720	0.01190	0.00963	0.01406	0.00249	0.36783	0.00613	0.00400	0.00871
1	0.00798	0.00659	0.00701	0.00735	0.00921	0.00562	0.00534	0.00957	0.01476	0.01791	0.06124	0.21568	0.57285	0.01787	0.00807	0.00237	0.00351	0.01523	0.00623	0.00562
2	0.01435	0.00804	0.00843	0.00793	0.01012	0.00835	0.00607	0.02028	0.13903	0.06924	0.02314	0.02488	0.01775	0.00808	0.00520	0.00172	0.00368	0.00652	0.60982	0.00736
3	0.01513	0.02407	0.32329	0.02487	0.17303	0.01613	0.16805	0.02338	0.12184	0.02249	0.01484	0.01720	0.01115	0.00656	0.00684	0.00215	0.00911	0.00622	0.00367	0.00998
4	0.01626	0.06279	0.21173	0.02553	0.29554	0.01444	0.03457	0.02079	0.01519	0.09776	0.01736	0.06781	0.01517	0.00837	0.00683	0.00215	0.00787	0.06606	0.00414	0.00965
5	0.01761	0.01487	0.01569	0.01384	0.01780	0.01712	0.01084	0.10488	0.63949	0.02955	0.02614	0.02410	0.01954	0.00899	0.00682	0.00225	0.00553	0.00743	0.00682	0.01070
6	0.43039	0.02125	0.01437	0.01294	0.01657	0.32623	0.01012	0.02258	0.01463	0.02347	0.00976	0.01162	0.00794	0.00682	0.00593	0.00197	0.04811	0.00405	0.00379	0.00749
7	0.81159	0.01298	0.00986	0.00882	0.01298	0.01505	0.00727	0.01972	0.01142	0.03010	0.00934	0.01090	0.00727	0.00623	0.00415	0.00208	0.00519	0.00363	0.00415	0.00727
8	0.01405	0.01105	0.01270	0.12776	0.01805	0.05188	0.00950	0.11432	0.01776	0.06116	0.14944	0.06769	0.18057	0.09054	0.01020	0.00266	0.00593	0.04187	0.00571	0.00719
9	0.01172	0.00907	0.01243	0.01161	0.01256	0.01129	0.00926	0.01403	0.01143	0.01801	0.01634	0.02276	0.01464	0.02923	0.35979	0.00635	0.22053	0.00659	0.19590	0.00643
10	0.01726	0.09535	0.02128	0.02398	0.31229	0.01450	0.01402	0.10131	0.01691	0.09896	0.02006	0.19589	0.01929	0.01009	0.00687	0.00212	0.00658	0.00897	0.00492	0.00934
11	0.00956	0.00669	0.00740	0.00722	0.00909	0.00603	0.00542	0.01210	0.01625	0.02276	0.27703	0.05014	0.32812	0.01367	0.00714	0.00204	0.00325	0.01157	0.19847	0.00603
12	0.01919	0.00936	0.01129	0.00911	0.01295	0.00815	0.00727	0.02209	0.01590	0.27859	0.02138	0.02181	0.01541	0.00737	0.00550	0.00163	0.00446	0.00594	0.34082	0.18178
13	0.01241	0.00947	0.01171	0.05376	0.01538	0.01003	0.00951	0.04921	0.17607	0.03830	0.03368	0.26647	0.07599	0.01562	0.00808	0.00261	0.00530	0.19279	0.00624	0.00738
14	0.02061	0.14099	0.02167	0.01551	0.01906	0.20548	0.01273	0.17766	0.11411	0.02374	0.01350	0.01514	0.01093	0.00834	0.00950	0.00208	0.17010	0.00538	0.00445	0.00903
15	0.01743	0.01713	0.02199	0.18526	0.32043	0.12453	0.01686	0.08264	0.06127	0.02257	0.05394	0.01862	0.01369	0.00711	0.00666	0.00203	0.00831	0.00619	0.00403	0.00933
16	0.01979	0.18502	0.19988	0.01656	0.02181	0.34763	0.01575	0.02310	0.01594	0.01747	0.01044	0.01256	0.00861	0.00695	0.00712	0.00187	0.07345	0.00446	0.00313	0.00845
17	0.01723	0.06238	0.01943	0.01522	0.01737	0.01866	0.01271	0.16730	0.04346	0.05124	0.01810	0.02188	0.07618	0.01100	0.01465	0.00252	0.39103	0.02671	0.00453	0.00842

[dist]
# distance from previous block
# <min> <max>
0	1

[block]
# block no. 8 follows, 32 sequences, length 21
# corresponding to MSA columns:
# 787-801,962-967
name=unknown_I
#
# <colnr> <probs for GDERKNQSTAVLIFYWHMCP>
#	G	D	E	R	K	N	Q	S	T	A	V	L	I	F	Y	W	H	M	C	P
0	0.00818	0.00584	0.00779	0.00934	0.00973	0.00545	0.00623	0.00934	0.01285	0.01713	0.03698	0.75981	0.04438	0.02102	0.00856	0.00273	0.00389	0.01908	0.00623	0.00545
1	0.01312	0.01205	0.01938	0.17642	0.19515	0.01259	0.08337	0.01812	0.07783	0.02034	0.02655	0.07458	0.11592	0.01072	0.00750	0.00235	0.00713	0.11417	0.00459	0.00812
