[name]
unknown

[dist]
# distance from previous block
# <min> <max>
0	1

[block]
# block no. 0 follows, 40 sequences, length 30
# corresponding to MSA columns:
# 1-30
name=unknown_A
#
# <colnr> <probs for GDERKNQSTAVLIFYWHMCP>
#	G	D	E	R	K	N	Q	S	T	A	V	L	I	F	Y	W	H	M	C	P
0	0.01166	0.00979	0.01166	0.00893	0.01352	0.00759	0.00726	0.01425	0.01226	0.01872	0.01339	0.02006	0.01233	0.00606	0.00486	0.00113	0.00446	0.11063	0.00373	0.70768
1	0.01345	0.01409	0.02037	0.21302	0.16425	0.11006	0.12899	0.01637	0.01232	0.01599	0.01173	0.07659	0.01061	0.00741	0.00859	0.00200	0.15797	0.00616	0.00297	0.00708
2	0.00823	0.00594	0.00777	0.00732	0.00869	0.00549	0.00549	0.01097	0.01646	0.02332	0.75629	0.04344	0.05487	0.01189	0.00686	0.00183	0.00274	0.01052	0.00640	0.00549
3	0.01099	0.01108	0.12260	0.01000	0.01242	0.00924	0.00875	0.11865	0.01229	0.01734	0.01549	0.02428	0.01469	0.24693	0.30069	0.00572	0.00981	0.00640	0.03672	0.00592
4	0.00819	0.00617	0.00770	0.00866	0.00943	0.00618	0.00597	0.01151	0.12145	0.01626	0.03080	0.67667	0.03536	0.01667	0.00720	0.00230	0.00356	0.01504	0.00548	0.00539
5	0.01206	0.01034	0.01206	0.00861	0.01378	0.00775	0.00689	0.01464	0.01206	0.01895	0.01034	0.01206	0.00861	0.00431	0.00431	0.00086	0.00431	0.00345	0.00345	0.83118
6	0.01373	0.01569	0.03431	0.02451	0.03039	0.01471	0.73824	0.01863	0.01373	0.01863	0.01176	0.01569	0.00882	0.00490	0.00686	0.00196	0.00980	0.00686	0.00294	0.00784
7	0.00727	0.00591	0.00644	0.00631	0.00810	0.00508	0.00473	0.00911	0.01419	0.01792	0.26154	0.05233	0.55299	0.01390	0.00687	0.00192	0.00289	0.01176	0.00569	0.00508
8	0.00720	0.00529	0.00679	0.00794	0.00859	0.00488	0.00551	0.00840	0.01160	0.01514	0.03598	0.63372	0.14558	0.01755	0.00738	0.00232	0.00344	0.06247	0.00540	0.00479
9	0.01010	0.00505	0.00758	0.00758	0.00758	0.00505	0.00505	0.00758	0.00758	0.01010	0.01010	0.01768	0.01010	0.02020	0.02273	0.83081	0.00505	0.00505	0.00253	0.00253
10	0.01272	0.01272	0.01781	0.01527	0.01527	0.01781	0.01272	0.01399	0.00891	0.01399	0.00763	0.01272	0.00763	0.01018	0.01908	0.00254	0.78499	0.00509	0.00254	0.00636
11	0.02095	0.01517	0.01621	0.01256	0.01687	0.01673	0.01033	0.66515	0.02578	0.03511	0.01448	0.01476	0.01041	0.00696	0.00564	0.00171	0.00602	0.00525	0.09049	0.00943
12	0.01439	0.01382	0.02360	0.03569	0.75936	0.01382	0.01785	0.01785	0.01324	0.01900	0.01094	0.01439	0.00921	0.00518	0.00576	0.00173	0.00691	0.00518	0.00288	0.00921
13	0.01618	0.71968	0.02903	0.01047	0.01524	0.10018	0.01008	0.01801	0.01230	0.01374	0.00818	0.00945	0.00747	0.00508	0.00389	0.00127	0.00666	0.00317	0.00254	0.00739
14	0.02031	0.21008	0.01996	0.01354	0.01726	0.48070	0.01090	0.12902	0.01699	0.01745	0.00952	0.01073	0.00784	0.00590	0.00497	0.00147	0.00886	0.00382	0.00330	0.00738
15	0.01382	0.01323	0.02257	0.16076	0.63876	0.01367	0.01756	0.01735	0.01297	0.01830	0.01084	0.01458	0.00897	0.00529	0.00577	0.00176	0.00705	0.00518	0.00283	0.00875
16	0.01061	0.00969	0.01525	0.42005	0.02682	0.01196	0.03373	0.01315	0.01065	0.01427	0.01330	0.09832	0.01293	0.12600	0.01206	0.00265	0.15283	0.00687	0.00302	0.00586
17	0.02140	0.01261	0.01429	0.01117	0.01523	0.01316	0.00916	0.41088	0.02169	0.24693	0.01742	0.01695	0.01204	0.00701	0.00554	0.00170	0.00536	0.00545	0.14286	0.00915
18	0.01555	0.79913	0.03047	0.00995	0.01493	0.02301	0.00995	0.01741	0.01182	0.01368	0.00808	0.00933	0.00746	0.00498	0.00373	0.00124	0.00622	0.00311	0.00249	0.00746
19	0.01098	0.01034	0.01744	0.78165	0.04005	0.01292	0.01615	0.01486	0.01163	0.01486	0.01034	0.01550	0.00775	0.00581	0.00581	0.00194	0.00775	0.00517	0.00258	0.00646
20	0.00764	0.00592	0.00696	0.00670	0.00833	0.00524	0.00502	0.00984	0.01507	0.02002	0.45430	0.04886	0.35891	0.01312	0.00686	0.00189	0.00283	0.01128	0.00597	0.00524
21	0.00831	0.00623	0.00935	0.00935	0.01038	0.00727	0.00727	0.01038	0.00935	0.01350	0.01558	0.02285	0.01454	0.04361	0.77259	0.00935	0.01558	0.00623	0.00312	0.00519
22	0.02211	0.01629	0.01745	0.01338	0.01803	0.01803	0.01105	0.73997	0.02734	0.03665	0.01396	0.01396	0.00989	0.00698	0.00582	0.00175	0.00640	0.00524	0.00582	0.00989
23	0.00762	0.00565	0.00711	0.00731	0.00846	0.00514	0.00527	0.00958	0.01418	0.01925	0.40009	0.28515	0.17492	0.01442	0.00704	0.00202	0.00298	0.01275	0.00590	0.00514
24	0.01544	0.76819	0.02997	0.01016	0.01494	0.02281	0.01006	0.01728	0.01170	0.01369	0.00807	0.00946	0.00747	0.00518	0.00434	0.00129	0.03685	0.00319	0.00249	0.00742
25	0.00764	0.00575	0.00647	0.00664	0.00770	0.00525	0.00456	0.00877	0.01182	0.01506	0.11355	0.13821	0.33651	0.26148	0.01416	0.00319	0.00392	0.03988	0.00491	0.00453
26	0.01373	0.01569	0.03431	0.02451	0.03039	0.01471	0.73824	0.01863	0.01373	0.01863	0.01176	0.01569	0.00882	0.00490	0.00686	0.00196	0.00980	0.00686	0.00294	0.00784
27	0.01206	0.01034	0.01206	0.00861	0.01378	0.00775	0.00689	0.01464	0.01206	0.01895	0.01034	0.01206	0.00861	0.00431	0.00431	0.00086	0.00431	0.00345	0.00345	0.83118
28	0.10341	0.00965	0.01297	0.05889	0.01479	0.02885	0.06582	0.03397	0.04959	0.05599	0.07403	0.07072	0.01700	0.06276	0.22886	0.00432	0.09142	0.00679	0.00392	0.00624
29	0.01219	0.01053	0.01379	0.01094	0.01474	0.00976	0.08259	0.07099	0.11444	0.02028	0.04852	0.12449	0.06247	0.00808	0.00600	0.00155	0.02610	0.00703	0.00440	0.35115

[dist]
# distance from previous block
# <min> <max>
0	193

[block]
# block no. 1 follows, 40 sequences, length 20
# corresponding to MSA columns:
# 248-267
name=unknown_B
#
# <colnr> <probs for GDERKNQSTAVLIFYWHMCP>
#	G	D	E	R	K	N	Q	S	T	A	V	L	I	F	Y	W	H	M	C	P
0	0.01169	0.00819	0.00934	0.00860	0.00997	0.00864	0.00607	0.18899	0.01392	0.01902	0.01968	0.17339	0.02075	0.34383	0.07831	0.00409	0.00602	0.00883	0.05509	0.00557
1	0.01648	0.01910	0.01738	0.35521	0.07740	0.38586	0.01385	0.01916	0.01412	0.01483	0.00971	0.01297	0.00772	0.00586	0.00553	0.00171	0.00904	0.00447	0.00281	0.00678
2	0.00697	0.00551	0.00628	0.00689	0.00812	0.00482	0.00486	0.00823	0.01229	0.01532	0.04674	0.38948	0.43134	0.01631	0.00712	0.00214	0.00314	0.01420	0.00540	0.00482
3	0.02609	0.00990	0.01350	0.01035	0.01484	0.00855	0.00855	0.02834	0.01664	0.76338	0.02294	0.01979	0.01439	0.00720	0.00585	0.00180	0.00495	0.00585	0.00720	0.00990
4	0.01446	0.01249	0.01315	0.01183	0.01512	0.01446	0.00920	0.03090	0.74885	0.02433	0.02367	0.02170	0.01775	0.00789	0.00592	0.00197	0.00460	0.00657	0.00592	0.00920
5	0.15746	0.00815	0.00909	0.00772	0.01068	0.00794	0.00619	0.01991	0.01353	0.31093	0.01866	0.01886	0.01324	0.00670	0.00468	0.00160	0.00389	0.00520	0.36827	0.00731
6	0.83671	0.01125	0.00855	0.00765	0.01125	0.01305	0.00630	0.01709	0.00990	0.02609	0.00810	0.00945	0.00630	0.00540	0.00360	0.00180	0.00450	0.00315	0.00360	0.00630
7	0.02609	0.00990	0.01350	0.01035	0.01484	0.00855	0.00855	0.02834	0.01664	0.76338	0.02294	0.01979	0.01439	0.00720	0.00585	0.00180	0.00495	0.00585	0.00720	0.00990
8	0.01555	0.79913	0.03047	0.00995	0.01493	0.02301	0.00995	0.01741	0.01182	0.01368	0.00808	0.00933	0.00746	0.00498	0.00373	0.00124	0.00622	0.00311	0.00249	0.00746
9	0.01166	0.03008	0.76550	0.01657	0.02517	0.01351	0.02149	0.01842	0.01228	0.01842	0.01044	0.01228	0.00737	0.00552	0.00552	0.00184	0.00859	0.00430	0.00246	0.00859
10	0.00846	0.00564	0.00634	0.00634	0.00634	0.00564	0.00352	0.00846	0.00846	0.01128	0.01832	0.03805	0.02114	0.79563	0.02960	0.00564	0.00564	0.00846	0.00352	0.00352
11	0.00787	0.00593	0.00728	0.00694	0.00847	0.00533	0.00521	0.01028	0.01562	0.02132	0.57276	0.04674	0.23965	0.01264	0.00686	0.00186	0.00280	0.01098	0.00614	0.00533
12	0.01272	0.01272	0.01781	0.01527	0.01527	0.01781	0.01272	0.01399	0.00891	0.01399	0.00763	0.01272	0.00763	0.01018	0.01908	0.00254	0.78499	0.00509	0.00254	0.00636
13	0.00700	0.00539	0.00641	0.00722	0.00820	0.00480	0.00501	0.00820	0.01198	0.01519	0.04279	0.49763	0.32574	0.01682	0.00720	0.00220	0.00320	0.01483	0.00540	0.00480
14	0.01010	0.00505	0.00758	0.00758	0.00758	0.00505	0.00505	0.00758	0.00758	0.01010	0.01010	0.01768	0.01010	0.02020	0.02273	0.83081	0.00505	0.00505	0.00253	0.00253
15	0.01294	0.01569	0.11525	0.37766	0.14712	0.07513	0.13969	0.01709	0.01271	0.01654	0.01058	0.01455	0.00809	0.00554	0.00590	0.00186	0.00830	0.00523	0.00271	0.00742
16	0.00929	0.00613	0.00723	0.00687	0.00863	0.00545	0.00516	0.01072	0.01344	0.07766	0.20593	0.04353	0.40163	0.01485	0.03548	0.09655	0.00374	0.01009	0.03242	0.00520
17	0.01286	0.11348	0.01380	0.01010	0.01269	0.01231	0.00813	0.15224	0.14195	0.01970	0.01877	0.02281	0.06215	0.09629	0.27164	0.00472	0.00892	0.00630	0.00422	0.00690
18	0.00794	0.00641	0.00764	0.10374	0.01166	0.00618	0.00584	0.00942	0.01194	0.01483	0.07311	0.04586	0.41701	0.21908	0.01275	0.00294	0.00432	0.02996	0.00460	0.00478
19	0.01585	0.16722	0.10988	0.02110	0.26773	0.13323	0.01459	0.07686	0.01398	0.01802	0.00989	0.01234	0.00826	0.00605	0.00687	0.00171	0.10085	0.00446	0.00297	0.00814

[dist]
# distance from previous block
# <min> <max>
1	43

[block]
# block no. 2 follows, 40 sequences, length 49
# corresponding to MSA columns:
# 311-359
name=unknown_C
#
# <colnr> <probs for GDERKNQSTAVLIFYWHMCP>
#	G	D	E	R	K	N	Q	S	T	A	V	L	I	F	Y	W	H	M	C	P
0	0.11456	0.26009	0.13055	0.01176	0.01702	0.07320	0.04949	0.06865	0.01326	0.01898	0.00961	0.01114	0.00781	0.00518	0.00454	0.00141	0.00647	0.00376	0.00313	0.18942
1	0.00769	0.00525	0.00686	0.00766	0.00817	0.00491	0.00517	0.00833	0.01116	0.01482	0.09719	0.50246	0.10147	0.05684	0.01070	0.12482	0.00364	0.01348	0.00497	0.00443
2	0.01654	0.01416	0.01955	0.01779	0.12829	0.05211	0.16136	0.19407	0.14940	0.07632	0.01985	0.02036	0.08862	0.00722	0.00613	0.00184	0.00660	0.00650	0.00472	0.00857
3	0.00765	0.00580	0.00705	0.00700	0.00840	0.00520	0.00515	0.00975	0.01470	0.01977	0.43850	0.15778	0.26469	0.01368	0.00695	0.00195	0.00290	0.01194	0.00595	0.00520
4	0.01423	0.01285	0.02017	0.17487	0.41250	0.01368	0.03872	0.08473	0.08788	0.02048	0.01283	0.01573	0.01013	0.00582	0.00574	0.00178	0.00667	0.00539	0.04732	0.00849
5	0.00938	0.00559	0.00559	0.00559	0.00717	0.00523	0.00420	0.01163	0.01259	0.01948	0.03369	0.03431	0.28831	0.00970	0.00510	0.00158	0.00280	0.00794	0.52488	0.00523
6	0.00731	0.00530	0.00690	0.00778	0.00845	0.00489	0.00535	0.00871	0.01239	0.01666	0.18384	0.58478	0.09280	0.01666	0.00727	0.00222	0.00321	0.01498	0.00561	0.00489
7	0.09927	0.01309	0.01493	0.01155	0.01604	0.01351	0.00954	0.36867	0.02115	0.34646	0.01726	0.01604	0.01148	0.00693	0.00562	0.00177	0.00560	0.00530	0.00620	0.00956
8	0.01098	0.01034	0.01744	0.78165	0.04005	0.01292	0.01615	0.01486	0.01163	0.01486	0.01034	0.01550	0.00775	0.00581	0.00581	0.00194	0.00775	0.00517	0.00258	0.00646
9	0.00757	0.00526	0.00660	0.00748	0.00769	0.00505	0.00474	0.00822	0.01019	0.01358	0.02720	0.52521	0.03234	0.29321	0.01527	0.00352	0.00417	0.01368	0.00474	0.00430
10	0.00727	0.00567	0.00660	0.00688	0.00823	0.00500	0.00496	0.00893	0.01345	0.01736	0.22476	0.26330	0.37679	0.01502	0.00703	0.00204	0.00302	0.01305	0.00565	0.00500
11	0.83671	0.01125	0.00855	0.00765	0.01125	0.01305	0.00630	0.01709	0.00990	0.02609	0.00810	0.00945	0.00630	0.00540	0.00360	0.00180	0.00450	0.00315	0.00360	0.00630
12	0.01272	0.01272	0.01781	0.01527	0.01527	0.01781	0.01272	0.01399	0.00891	0.01399	0.00763	0.01272	0.00763	0.01018	0.01908	0.00254	0.78499	0.00509	0.00254	0.00636
13	0.01420	0.02285	0.33300	0.01350	0.01881	0.21014	0.01408	0.08429	0.01499	0.01842	0.02108	0.02161	0.17308	0.00781	0.00578	0.00177	0.00764	0.00600	0.00356	0.00742
14	0.48619	0.01190	0.01458	0.13365	0.18025	0.01328	0.04931	0.01700	0.01110	0.02242	0.00926	0.01179	0.00729	0.00539	0.00458	0.00181	0.00581	0.00410	0.00325	0.00704
15	0.01166	0.03008	0.76550	0.01657	0.02517	0.01351	0.02149	0.01842	0.01228	0.01842	0.01044	0.01228	0.00737	0.00552	0.00552	0.00184	0.00859	0.00430	0.00246	0.00859
16	0.00775	0.00593	0.00711	0.00681	0.00839	0.00528	0.00511	0.01004	0.01533	0.02063	0.50961	0.04787	0.30323	0.01289	0.00686	0.00188	0.00281	0.01114	0.00605	0.00528
17	0.02172	0.02772	0.01648	0.01498	0.01798	0.77228	0.01124	0.02322	0.01648	0.01423	0.00899	0.01049	0.00749	0.00599	0.00524	0.00150	0.01049	0.00375	0.00300	0.00674
18	0.01362	0.00685	0.00753	0.00678	0.00881	0.00677	0.00527	0.06808	0.01413	0.12521	0.05841	0.02202	0.01660	0.00712	0.00459	0.00147	0.00329	0.00574	0.61135	0.00637
19	0.00807	0.00594	0.00756	0.00715	0.00859	0.00542	0.00536	0.01067	0.01609	0.02245	0.67619	0.04488	0.13551	0.01221	0.00686	0.00184	0.00277	0.01072	0.00629	0.00542
20	0.01098	0.01034	0.01744	0.78165	0.04005	0.01292	0.01615	0.01486	0.01163	0.01486	0.01034	0.01550	0.00775	0.00581	0.00581	0.00194	0.00775	0.00517	0.00258	0.00646
21	0.00928	0.00534	0.00696	0.00696	0.00696	0.00534	0.00428	0.00802	0.00802	0.01069	0.01422	0.02790	0.01564	0.40903	0.02617	0.41703	0.00534	0.00676	0.00303	0.00303
22	0.02133	0.02145	0.01698	0.05505	0.01918	0.37953	0.01141	0.35758	0.02129	0.02474	0.01138	0.01238	0.00863	0.00644	0.00554	0.00164	0.00843	0.00452	0.00429	0.00820
23	0.01476	0.01324	0.01756	0.01965	0.27840	0.03867	0.01200	0.12316	0.01463	0.02102	0.01082	0.01316	0.00890	0.00554	0.00627	0.00146	0.06870	0.00447	0.00351	0.32408
24	0.01923	0.13996	0.01792	0.01299	0.01630	0.36397	0.01044	0.18212	0.01728	0.01986	0.01079	0.01228	0.00872	0.00643	0.00601	0.00158	0.06311	0.00423	0.07937	0.00741
25	0.83671	0.01125	0.00855	0.00765	0.01125	0.01305	0.00630	0.01709	0.00990	0.02609	0.00810	0.00945	0.00630	0.00540	0.00360	0.00180	0.00450	0.00315	0.00360	0.00630
26	0.01068	0.01107	0.07345	0.31355	0.05547	0.01127	0.01241	0.01497	0.06509	0.01816	0.20890	0.02471	0.05863	0.00840	0.00749	0.00196	0.08627	0.00695	0.00396	0.00660
27	0.00825	0.00620	0.00826	0.00878	0.03705	0.00638	0.00599	0.00976	0.01072	0.01458	0.09656	0.09418	0.13757	0.21537	0.30815	0.00572	0.00864	0.00891	0.00406	0.00489
28	0.00706	0.00515	0.00665	0.00786	0.00837	0.00474	0.00529	0.00812	0.01136	0.01494	0.03497	0.71196	0.11646	0.01784	0.00736	0.00232	0.00333	0.01607	0.00540	0.00474
29	0.02609	0.00990	0.01350	0.01035	0.01484	0.00855	0.00855	0.02834	0.01664	0.76338	0.02294	0.01979	0.01439	0.00720	0.00585	0.00180	0.00495	0.00585	0.00720	0.00990
30	0.02149	0.01598	0.01711	0.01326	0.01780	0.01775	0.01090	0.68279	0.08552	0.03566	0.01474	0.01459	0.01052	0.00705	0.00583	0.00176	0.00625	0.00534	0.00583	0.00983
31	0.83671	0.01125	0.00855	0.00765	0.01125	0.01305	0.00630	0.01709	0.00990	0.02609	0.00810	0.00945	0.00630	0.00540	0.00360	0.00180	0.00450	0.00315	0.00360	0.00630
32	0.83671	0.01125	0.00855	0.00765	0.01125	0.01305	0.00630	0.01709	0.00990	0.02609	0.00810	0.00945	0.00630	0.00540	0.00360	0.00180	0.00450	0.00315	0.00360	0.00630
33	0.01262	0.02232	0.44798	0.01591	0.02240	0.01295	0.12360	0.09187	0.01372	0.01999	0.01211	0.01473	0.00912	0.00992	0.09140	0.00266	0.00896	0.00506	0.05467	0.00804
34	0.01555	0.79913	0.03047	0.00995	0.01493	0.02301	0.00995	0.01741	0.01182	0.01368	0.00808	0.00933	0.00746	0.00498	0.00373	0.00124	0.00622	0.00311	0.00249	0.00746
35	0.01381	0.12955	0.02155	0.23164	0.28537	0.06243	0.01497	0.01667	0.01208	0.01597	0.00969	0.01344	0.00819	0.00619	0.00761	0.00183	0.13397	0.00477	0.00269	0.00758
36	0.01556	0.00889	0.01011	0.00855	0.01080	0.00904	0.00637	0.18419	0.01526	0.16397	0.01833	0.02531	0.01584	0.28594	0.01385	0.00305	0.00504	0.00653	0.18671	0.00665
37	0.00880	0.00646	0.00780	0.00805	0.00940	0.00622	0.00580	0.01216	0.10197	0.04251	0.18669	0.38114	0.17162	0.01464	0.00697	0.00211	0.00336	0.01293	0.00573	0.00563
38	0.00926	0.00577	0.00707	0.00707	0.00793	0.00614	0.00504	0.01097	0.01012	0.01581	0.01758	0.02678	0.01656	0.24549	0.28321	0.00541	0.00810	0.00658	0.30031	0.00480
39	0.00700	0.00565	0.00624	0.00661	0.00807	0.00488	0.00476	0.00841	0.01280	0.01585	0.08678	0.26991	0.51152	0.01560	0.00703	0.00207	0.00306	0.01342	0.00545	0.00488
40	0.01010	0.00505	0.00758	0.00758	0.00758	0.00505	0.00505	0.00758	0.00758	0.01010	0.01010	0.01768	0.01010	0.02020	0.02273	0.83081	0.00505	0.00505	0.00253	0.00253
41	0.01291	0.02002	0.39555	0.04727	0.09993	0.01177	0.01620	0.01767	0.01331	0.09739	0.12538	0.02002	0.01644	0.00725	0.00661	0.00189	0.04833	0.03034	0.00371	0.00801
42	0.01227	0.01118	0.01785	0.11092	0.41224	0.01104	0.01367	0.01523	0.01257	0.01780	0.01508	0.13640	0.01474	0.00771	0.00593	0.00177	0.00599	0.04474	0.00345	0.12942
43	0.18954	0.04774	0.01527	0.01162	0.01585	0.01606	0.00958	0.40752	0.12894	0.07986	0.01453	0.01436	0.01050	0.00672	0.00529	0.00177	0.00564	0.00495	0.00532	0.00894
44	0.01516	0.01405	0.01886	0.02150	0.27944	0.12846	0.10024	0.01899	0.07170	0.08686	0.01590	0.11556	0.01419	0.01007	0.06042	0.00237	0.00761	0.00687	0.00389	0.00787
45	0.01458	0.01602	0.13269	0.03159	0.61333	0.01350	0.01792	0.01846	0.01327	0.05647	0.01147	0.01435	0.00920	0.00533	0.00573	0.00175	0.00706	0.00508	0.00303	0.00915
46	0.04818	0.01119	0.01389	0.01281	0.12402	0.00939	0.00869	0.05182	0.01291	0.02016	0.01051	0.01239	0.00867	0.00462	0.00457	0.00107	0.00480	0.00378	0.00349	0.63303
47	0.01508	0.09949	0.18383	0.05783	0.24761	0.08464	0.07260	0.04363	0.01372	0.05582	0.01106	0.01330	0.00861	0.00542	0.00545	0.00165	0.00751	0.00469	0.00311	0.06494
48	0.05993	0.02001	0.01790	0.01490	0.01856	0.35800	0.11774	0.12960	0.12304	0.02078	0.05333	0.01515	0.01207	0.00655	0.00567	0.00171	0.00820	0.00518	0.00405	0.00764

[dist]
# distance from previous block
# <min> <max>
3	8

[block]
# block no. 3 follows, 40 sequences, length 31
# corresponding to MSA columns:
# 368-381,395-411
name=unknown_D
#
# <colnr> <probs for GDERKNQSTAVLIFYWHMCP>
#	G	D	E	R	K	N	Q	S	T	A	V	L	I	F	Y	W	H	M	C	P
0	0.01993	0.15632	0.01877	0.01231	0.01665	0.04484	0.01034	0.47565	0.05593	0.06619	0.01462	0.05656	0.01153	0.00726	0.00552	0.00169	0.00619	0.00551	0.00517	0.00902
1	0.05173	0.00786	0.00992	0.00898	0.01046	0.00809	0.03972	0.06515	0.01271	0.04377	0.13305	0.06419	0.09561	0.29558	0.01563	0.00336	0.04799	0.07625	0.00460	0.00536
2	0.00899	0.00814	0.01173	0.01095	0.01251	0.04880	0.12296	0.01075	0.01196	0.01544	0.02936	0.51843	0.09998	0.01625	0.04237	0.00253	0.00532	0.01340	0.00477	0.00537
3	0.16299	0.45847	0.08034	0.01216	0.01716	0.06079	0.10305	0.01790	0.01201	0.01692	0.00878	0.01044	0.00742	0.00514	0.00432	0.00149	0.00678	0.00372	0.00277	0.00735
4	0.00834	0.00608	0.00861	0.00861	0.00939	0.00687	0.00635	0.00991	0.00913	0.01295	0.01625	0.02659	0.01616	0.22871	0.58972	0.00843	0.01313	0.00678	0.00322	0.00478
5	0.01350	0.19957	0.18961	0.01895	0.22910	0.01511	0.01446	0.01700	0.01214	0.01723	0.00980	0.01219	0.00816	0.00544	0.00601	0.00155	0.06703	0.00418	0.00277	0.15621
6	0.01166	0.03008	0.76550	0.01657	0.02517	0.01351	0.02149	0.01842	0.01228	0.01842	0.01044	0.01228	0.00737	0.00552	0.00552	0.00184	0.00859	0.00430	0.00246	0.00859
7	0.01031	0.00712	0.00934	0.00908	0.00955	0.04497	0.00663	0.00972	0.00868	0.01167	0.01160	0.01859	0.01120	0.02618	0.25938	0.46769	0.06633	0.00536	0.00274	0.00386
8	0.00988	0.00520	0.00779	0.00779	0.00792	0.00533	0.00533	0.00792	0.00779	0.01052	0.01078	0.01832	0.01065	0.02310	0.11558	0.72909	0.00635	0.00520	0.00260	0.00286
9	0.01855	0.01647	0.01620	0.01673	0.14969	0.21020	0.01125	0.09844	0.22303	0.12653	0.04223	0.01717	0.01358	0.00686	0.00573	0.00175	0.00671	0.00549	0.00480	0.00860
10	0.01024	0.00947	0.01501	0.51910	0.09084	0.01093	0.01328	0.01350	0.01228	0.01566	0.04486	0.02552	0.18026	0.00799	0.00608	0.00192	0.00643	0.00696	0.00337	0.00630
11	0.01054	0.00757	0.00879	0.00811	0.01004	0.00753	0.00605	0.01563	0.17233	0.06979	0.33341	0.03878	0.16625	0.10827	0.00941	0.00235	0.00368	0.00942	0.00581	0.00623
12	0.25045	0.01361	0.01628	0.01311	0.01673	0.01553	0.09964	0.21755	0.14786	0.02608	0.01289	0.01411	0.00984	0.00688	0.00715	0.00194	0.11290	0.00506	0.00440	0.00801
13	0.01293	0.00956	0.01133	0.01013	0.01241	0.01029	0.00788	0.27421	0.01713	0.02316	0.08356	0.19762	0.07091	0.02002	0.20660	0.00389	0.00758	0.00896	0.00504	0.00679
14	0.00822	0.00590	0.00758	0.00780	0.00847	0.00613	0.00549	0.00936	0.00983	0.01323	0.02342	0.09550	0.09205	0.34439	0.27153	0.00602	0.00849	0.06825	0.00387	0.00446
15	0.01098	0.01034	0.01744	0.78165	0.04005	0.01292	0.01615	0.01486	0.01163	0.01486	0.01034	0.01550	0.00775	0.00581	0.00581	0.00194	0.00775	0.00517	0.00258	0.00646
16	0.01011	0.00618	0.00721	0.06678	0.01034	0.00642	0.00569	0.01338	0.06076	0.01954	0.02203	0.22235	0.02069	0.00976	0.00520	0.00170	0.00340	0.00838	0.49450	0.00557
17	0.01714	0.01197	0.01348	0.01134	0.01475	0.01267	0.00932	0.41003	0.02109	0.08540	0.02474	0.08079	0.11368	0.01039	0.00646	0.00199	0.00545	0.13548	0.00576	0.00808
18	0.25109	0.07829	0.16220	0.01202	0.01634	0.11798	0.01145	0.01986	0.01251	0.15304	0.01129	0.01240	0.00838	0.00639	0.00654	0.00182	0.10298	0.00418	0.00372	0.00756
19	0.01382	0.00782	0.01011	0.00838	0.01129	0.00673	0.00658	0.01640	0.01572	0.22546	0.42110	0.03131	0.03546	0.00924	0.00612	0.00165	0.00363	0.00797	0.00609	0.15513
20	0.00767	0.00592	0.00700	0.00673	0.00834	0.00525	0.00505	0.00989	0.01514	0.02018	0.46874	0.04860	0.34437	0.01306	0.00686	0.00188	0.00283	0.01124	0.00599	0.00525
21	0.01905	0.02379	0.01458	0.01335	0.01616	0.63433	0.01001	0.02055	0.01590	0.01450	0.01796	0.01866	0.14223	0.00756	0.00554	0.00158	0.00913	0.00528	0.00343	0.00641
22	0.02012	0.01530	0.01634	0.01298	0.01728	0.01711	0.01057	0.55600	0.21454	0.03345	0.01648	0.01597	0.01193	0.00722	0.00584	0.00180	0.00593	0.00558	0.00584	0.00971
23	0.00705	0.00557	0.00635	0.00684	0.00813	0.00488	0.00487	0.00842	0.01265	0.01588	0.09478	0.34036	0.43189	0.01589	0.00708	0.00211	0.00310	0.01381	0.00547	0.00488
24	0.01823	0.01086	0.01228	0.01005	0.01358	0.01113	0.00809	0.22987	0.12159	0.22891	0.02503	0.02387	0.12071	0.00825	0.00573	0.00176	0.00469	0.00663	0.13034	0.00840
25	0.01010	0.00505	0.00758	0.00758	0.00758	0.00505	0.00505	0.00758	0.00758	0.01010	0.01010	0.01768	0.01010	0.02020	0.02273	0.83081	0.00505	0.00505	0.00253	0.00253
26	0.01991	0.01226	0.01357	0.01074	0.01450	0.01297	0.00876	0.41763	0.02139	0.16816	0.01694	0.01706	0.01204	0.00697	0.00537	0.00165	0.00517	0.00540	0.22079	0.00872
27	0.01439	0.06781	0.01427	0.01008	0.01477	0.17452	0.00804	0.01669	0.01300	0.01757	0.00989	0.01153	0.00829	0.00472	0.00447	0.00103	0.00578	0.00349	0.00328	0.59638
28	0.01904	0.30415	0.06313	0.01281	0.01728	0.25219	0.01129	0.21738	0.01754	0.02041	0.01010	0.01112	0.00813	0.00587	0.00487	0.00149	0.00772	0.00395	0.00356	0.00797
29	0.34201	0.41161	0.09240	0.00967	0.01445	0.01813	0.00961	0.01738	0.01110	0.01908	0.00832	0.00966	0.00699	0.00520	0.00385	0.00152	0.00576	0.00324	0.00293	0.00711
30	0.01298	0.01045	0.01400	0.28647	0.07188	0.01204	0.01131	0.02111	0.27922	0.04611	0.01720	0.01894	0.01299	0.00675	0.00553	0.00183	0.00555	0.00575	0.15234	0.00757

[dist]
# distance from previous block
# <min> <max>
0	1

[block]
# block no. 4 follows, 40 sequences, length 16
# corresponding to MSA columns:
# 413-428
name=unknown_E
#
# <colnr> <probs for GDERKNQSTAVLIFYWHMCP>
#	G	D	E	R	K	N	Q	S	T	A	V	L	I	F	Y	W	H	M	C	P
0	0.00723	0.00529	0.00681	0.00773	0.00841	0.00486	0.00530	0.00856	0.01217	0.01622	0.14421	0.59630	0.12174	0.01687	0.00728	0.00224	0.00323	0.01515	0.00555	0.00486
1	0.01794	0.00875	0.01179	0.00990	0.01293	0.00851	0.00797	0.07641	0.01513	0.37732	0.10823	0.02316	0.01896	0.01939	0.25116	0.00421	0.00820	0.00648	0.00569	0.00786
2	0.00746	0.00591	0.00671	0.00651	0.00822	0.00516	0.00488	0.00949	0.01465	0.01902	0.36187	0.05052	0.45197	0.01349	0.00687	0.00191	0.00286	0.01151	0.00584	0.00516
3	0.59268	0.01167	0.01045	0.00886	0.01269	0.01302	0.00728	0.09901	0.04698	0.13286	0.01159	0.01199	0.00838	0.00595	0.00427	0.00180	0.00478	0.00392	0.00447	0.00734
4	0.01647	0.01675	0.01355	0.01229	0.01532	0.25603	0.00941	0.02696	0.45140	0.02087	0.01857	0.01811	0.01423	0.00719	0.00554	0.00177	0.00632	0.00557	0.07555	0.00809
5	0.01166	0.03008	0.76550	0.01657	0.02517	0.01351	0.02149	0.01842	0.01228	0.01842	0.01044	0.01228	0.00737	0.00552	0.00552	0.00184	0.00859	0.00430	0.00246	0.00859
6	0.01555	0.79913	0.03047	0.00995	0.01493	0.02301	0.00995	0.01741	0.01182	0.01368	0.00808	0.00933	0.00746	0.00498	0.00373	0.00124	0.00622	0.00311	0.00249	0.00746
7	0.42855	0.11242	0.01420	0.01071	0.01424	0.30232	0.00861	0.01946	0.01263	0.02010	0.00843	0.00983	0.00689	0.00557	0.00424	0.00162	0.00698	0.00337	0.00324	0.00661
8	0.01480	0.01642	0.01722	0.36711	0.02752	0.25684	0.01382	0.01734	0.01258	0.01447	0.00931	0.01328	0.00764	0.00684	0.00856	0.00193	0.18040	0.00470	0.00271	0.00653
9	0.00752	0.00586	0.00683	0.00670	0.00828	0.00517	0.00498	0.00956	0.01462	0.01921	0.38350	0.09761	0.38206	0.01362	0.00690	0.00193	0.00288	0.01173	0.00587	0.00517
10	0.01696	0.01653	0.01347	0.01175	0.01472	0.25520	0.00900	0.22114	0.10636	0.02173	0.02143	0.05592	0.12421	0.07613	0.00792	0.00209	0.00678	0.00674	0.00465	0.00728
11	0.00730	0.00572	0.00661	0.00678	0.00822	0.00503	0.00493	0.00902	0.01368	0.01764	0.24761	0.21510	0.40224	0.01471	0.00699	0.00201	0.00298	0.01272	0.00568	0.00503
12	0.00817	0.00571	0.00667	0.00654	0.00794	0.00514	0.00479	0.00937	0.01302	0.01729	0.23721	0.04270	0.36695	0.01426	0.00948	0.15116	0.00325	0.00990	0.07577	0.00468
13	0.01546	0.54162	0.18608	0.01197	0.01749	0.11125	0.01257	0.01833	0.01248	0.01476	0.00870	0.01010	0.00745	0.00522	0.00430	0.00140	0.00724	0.00344	0.00254	0.00762
14	0.01024	0.00765	0.00865	0.00813	0.00960	0.00805	0.00580	0.01595	0.21912	0.01963	0.26036	0.03401	0.03072	0.26102	0.01366	0.00305	0.00419	0.00838	0.06589	0.00590
15	0.01086	0.00926	0.01283	0.01115	0.01304	0.04210	0.08899	0.01447	0.07636	0.04042	0.27613	0.07142	0.02904	0.05271	0.15053	0.00350	0.07805	0.00829	0.00470	0.00614

[dist]
# distance from previous block
# <min> <max>
1	6

[block]
# block no. 5 follows, 40 sequences, length 43
# corresponding to MSA columns:
# 435-477
name=unknown_F
#
# <colnr> <probs for GDERKNQSTAVLIFYWHMCP>
#	G	D	E	R	K	N	Q	S	T	A	V	L	I	F	Y	W	H	M	C	P
0	0.13929	0.01888	0.01460	0.01255	0.01617	0.32028	0.00980	0.15493	0.12995	0.07881	0.01314	0.01346	0.00990	0.00641	0.00522	0.00166	0.00731	0.00452	0.00439	0.03874
1	0.19390	0.01020	0.01369	0.01853	0.32146	0.01060	0.01030	0.01612	0.01213	0.02153	0.01323	0.01595	0.01064	0.00581	0.00467	0.00161	0.00485	0.00482	0.30277	0.00719
2	0.01526	0.01313	0.01917	0.05651	0.41897	0.01361	0.01405	0.21220	0.01684	0.02307	0.01667	0.07651	0.06339	0.00735	0.00598	0.00181	0.00626	0.00655	0.00403	0.00864
3	0.06089	0.00696	0.00845	0.00777	0.00992	0.00634	0.00593	0.01400	0.01460	0.17718	0.29181	0.14822	0.20133	0.01208	0.00654	0.00193	0.00345	0.01037	0.00603	0.00623
4	0.01216	0.01176	0.02059	0.50970	0.23944	0.01332	0.07797	0.01601	0.01226	0.01633	0.01062	0.01521	0.00825	0.00556	0.00589	0.00188	0.00769	0.00532	0.00270	0.00734
5	0.00946	0.00817	0.01285	0.01092	0.01275	0.00843	0.11314	0.01213	0.01406	0.01977	0.41600	0.06291	0.07859	0.01423	0.08461	0.00271	0.09917	0.00924	0.00501	0.00584
6	0.00739	0.00519	0.00666	0.00771	0.00797	0.00492	0.00499	0.00818	0.01055	0.01406	0.02903	0.62611	0.03465	0.18914	0.01230	0.00308	0.00387	0.01476	0.00499	0.00446
7	0.01284	0.26326	0.54264	0.01457	0.02206	0.01639	0.01799	0.01811	0.01214	0.01698	0.00972	0.01138	0.00740	0.00536	0.00498	0.00166	0.00787	0.00394	0.00247	0.00825
8	0.77487	0.01114	0.00892	0.00785	0.01152	0.01270	0.00647	0.01795	0.01041	0.08233	0.00923	0.01024	0.00692	0.00554	0.00377	0.00180	0.00453	0.00335	0.00387	0.00657
9	0.01272	0.01272	0.01781	0.01527	0.01527	0.01781	0.01272	0.01399	0.00891	0.01399	0.00763	0.01272	0.00763	0.01018	0.01908	0.00254	0.78499	0.00509	0.00254	0.00636
10	0.01983	0.01417	0.01479	0.01222	0.01617	0.06683	0.00978	0.25058	0.31676	0.18563	0.01947	0.01810	0.01387	0.00733	0.00582	0.00183	0.00564	0.00581	0.00596	0.00940
11	0.31602	0.01690	0.01402	0.01213	0.01498	0.22554	0.00972	0.12946	0.01421	0.02194	0.00915	0.01110	0.00746	0.00679	0.00757	0.00186	0.16657	0.00403	0.00356	0.00699
12	0.00782	0.00604	0.00685	0.00718	0.00858	0.00550	0.00546	0.00929	0.01229	0.01521	0.04351	0.05465	0.42471	0.17681	0.01187	0.00290	0.00410	0.18748	0.00500	0.00473
13	0.01158	0.00679	0.00824	0.00738	0.00969	0.00592	0.00571	0.01368	0.01515	0.18281	0.30015	0.04354	0.34288	0.01206	0.00664	0.00188	0.00331	0.01023	0.00615	0.00621
14	0.01309	0.01438	0.03068	0.02250	0.02772	0.01354	0.63213	0.01767	0.01368	0.01845	0.01453	0.02295	0.01241	0.00653	0.00703	0.00207	0.00916	0.11071	0.00329	0.00748
15	0.83671	0.01125	0.00855	0.00765	0.01125	0.01305	0.00630	0.01709	0.00990	0.02609	0.00810	0.00945	0.00630	0.00540	0.00360	0.00180	0.00450	0.00315	0.00360	0.00630
16	0.00759	0.00592	0.00689	0.00665	0.00830	0.00521	0.00498	0.00974	0.01495	0.01974	0.42802	0.04933	0.38537	0.01322	0.00687	0.00189	0.00284	0.01134	0.00593	0.00521
17	0.02255	0.01328	0.01535	0.01189	0.01626	0.01378	0.00978	0.42246	0.04077	0.29861	0.06054	0.01798	0.01433	0.00737	0.00589	0.00178	0.00562	0.00580	0.00635	0.00962
18	0.00852	0.00537	0.00709	0.00761	0.00804	0.00515	0.00520	0.00830	0.00990	0.01294	0.02524	0.26384	0.10876	0.13071	0.01608	0.29879	0.00441	0.06612	0.00410	0.00384
19	0.01498	0.70366	0.02746	0.00941	0.01395	0.02089	0.00924	0.01695	0.01186	0.01464	0.00939	0.01081	0.00836	0.00519	0.00377	0.00126	0.00580	0.00339	0.10177	0.00722
20	0.01217	0.01084	0.01130	0.00898	0.01303	0.07235	0.00702	0.01491	0.03723	0.03250	0.04111	0.06643	0.09514	0.00713	0.00511	0.00126	0.00463	0.02341	0.00403	0.53141
21	0.01521	0.01674	0.01765	0.01918	0.19854	0.28705	0.09864	0.01756	0.01397	0.01649	0.01530	0.17932	0.01511	0.00831	0.00596	0.00179	0.00756	0.00730	0.05135	0.00697
22	0.06696	0.29960	0.02048	0.01214	0.01585	0.33426	0.01013	0.07682	0.01468	0.01647	0.00957	0.01134	0.00820	0.00887	0.06984	0.00211	0.00871	0.00381	0.00309	0.00709
23	0.01171	0.02142	0.42103	0.01654	0.06570	0.01245	0.10846	0.01836	0.09789	0.01902	0.04643	0.02037	0.10084	0.00705	0.00597	0.00188	0.00728	0.00614	0.00345	0.00804
24	0.00822	0.00587	0.00725	0.00751	0.00816	0.00591	0.00520	0.00922	0.01008	0.01331	0.02589	0.09455	0.12450	0.39393	0.16502	0.00525	0.00698	0.09474	0.00406	0.00434
25	0.00716	0.00536	0.00665	0.00747	0.00832	0.00485	0.00517	0.00847	0.01223	0.01597	0.11654	0.52979	0.21754	0.01668	0.00723	0.00221	0.00320	0.01483	0.00551	0.00485
26	0.02335	0.00929	0.01262	0.00988	0.01390	0.00808	0.00808	0.02567	0.01662	0.64967	0.13562	0.02343	0.02061	0.00792	0.00600	0.00180	0.00461	0.00657	0.00708	0.00922
27	0.02211	0.01629	0.01745	0.01338	0.01803	0.01803	0.01105	0.73997	0.02734	0.03665	0.01396	0.01396	0.00989	0.00698	0.00582	0.00175	0.00640	0.00524	0.00582	0.00989
28	0.01021	0.00975	0.01865	0.01535	0.01816	0.00920	0.31150	0.01311	0.01257	0.01683	0.02340	0.35376	0.02532	0.01233	0.00729	0.00224	0.00637	0.12349	0.00437	0.00612
29	0.20144	0.01481	0.01526	0.01194	0.01636	0.01639	0.00986	0.53973	0.02289	0.07651	0.01319	0.01331	0.00936	0.00665	0.00533	0.00176	0.00590	0.00481	0.00541	0.00910
30	0.02146	0.01285	0.01689	0.01285	0.01728	0.01297	0.09694	0.32482	0.02036	0.29706	0.01744	0.01703	0.01188	0.00679	0.00579	0.00175	0.00593	0.00567	0.08503	0.00922
31	0.01555	0.79913	0.03047	0.00995	0.01493	0.02301	0.00995	0.01741	0.01182	0.01368	0.00808	0.00933	0.00746	0.00498	0.00373	0.00124	0.00622	0.00311	0.00249	0.00746
32	0.01373	0.01569	0.03431	0.02451	0.03039	0.01471	0.73824	0.01863	0.01373	0.01863	0.01176	0.01569	0.00882	0.00490	0.00686	0.00196	0.00980	0.00686	0.00294	0.00784
33	0.01507	0.01247	0.01314	0.01160	0.01492	0.01429	0.00909	0.10695	0.62459	0.02550	0.02232	0.02085	0.01672	0.00772	0.00579	0.00191	0.00468	0.00636	0.05698	0.00904
34	0.00750	0.00538	0.00712	0.00782	0.00853	0.00500	0.00543	0.00913	0.01305	0.01789	0.29191	0.52331	0.04435	0.01595	0.00722	0.00217	0.00315	0.01437	0.00576	0.00500
35	0.01222	0.01160	0.01968	0.51065	0.30137	0.01325	0.01677	0.01594	0.01221	0.01636	0.01055	0.01510	0.00828	0.00558	0.00579	0.00186	0.00745	0.00517	0.00269	0.00746
36	0.00714	0.00566	0.00642	0.00673	0.00815	0.00495	0.00486	0.00868	0.01315	0.01664	0.15874	0.26193	0.44585	0.01528	0.00703	0.00206	0.00304	0.01321	0.00555	0.00495
37	0.01010	0.00505	0.00758	0.00758	0.00758	0.00505	0.00505	0.00758	0.00758	0.01010	0.01010	0.01768	0.01010	0.02020	0.02273	0.83081	0.00505	0.00505	0.00253	0.00253
38	0.11015	0.01368	0.02066	0.02889	0.55731	0.01418	0.01535	0.08906	0.05693	0.02185	0.01164	0.01420	0.00944	0.00554	0.00552	0.00175	0.00645	0.00503	0.00343	0.00894
39	0.01306	0.01171	0.01885	0.39825	0.29739	0.01312	0.01554	0.07116	0.01345	0.01850	0.01143	0.01541	0.00894	0.00574	0.00567	0.00181	0.00699	0.00520	0.06013	0.00765
40	0.01272	0.01211	0.02058	0.40205	0.40609	0.01338	0.01701	0.01638	0.01245	0.01696	0.01064	0.01494	0.00849	0.00549	0.00578	0.00183	0.00732	0.00517	0.00273	0.00786
41	0.14846	0.01531	0.01167	0.01071	0.01340	0.26817	0.00816	0.01949	0.13253	0.04424	0.13325	0.06707	0.08734	0.00867	0.00563	0.00178	0.00608	0.00675	0.00459	0.00669
42	0.11420	0.30064	0.11148	0.01201	0.01713	0.04484	0.08289	0.04546	0.01307	0.06165	0.03500	0.01264	0.00967	0.00547	0.00468	0.00149	0.00639	0.00418	0.00334	0.11379

[dist]
# distance from previous block
# <min> <max>
0	71

[block]
# block no. 6 follows, 40 sequences, length 22
# corresponding to MSA columns:
# 549-570
name=unknown_G
#
# <colnr> <probs for GDERKNQSTAVLIFYWHMCP>
#	G	D	E	R	K	N	Q	S	T	A	V	L	I	F	Y	W	H	M	C	P
0	0.03685	0.01172	0.01726	0.04052	0.29854	0.01155	0.04547	0.04210	0.11004	0.06113	0.01588	0.11322	0.01409	0.00721	0.00574	0.00171	0.00567	0.00655	0.00405	0.15070
1	0.04856	0.01387	0.02210	0.02123	0.21096	0.01413	0.21721	0.20864	0.03935	0.02455	0.10563	0.01830	0.01514	0.00651	0.00614	0.00182	0.00690	0.00630	0.00423	0.00842
2	0.01078	0.00687	0.01093	0.10888	0.11053	0.00720	0.00813	0.00984	0.00883	0.01187	0.01024	0.01697	0.00969	0.01641	0.01836	0.61726	0.00564	0.00508	0.00258	0.00390
3	0.01397	0.01338	0.02283	0.12916	0.66923	0.01370	0.01763	0.01747	0.01304	0.01848	0.01086	0.01453	0.00903	0.00526	0.00576	0.00175	0.00701	0.00518	0.00284	0.00887
4	0.01420	0.01196	0.01115	0.01007	0.01243	0.12547	0.00767	0.22459	0.01733	0.02253	0.06474	0.22831	0.10145	0.01092	0.00611	0.00185	0.00517	0.00911	0.10827	0.00669
5	0.01162	0.04578	0.41156	0.01801	0.11890	0.01244	0.10794	0.01667	0.01300	0.01846	0.07359	0.02005	0.09284	0.00688	0.00592	0.00184	0.00738	0.00605	0.00320	0.00790
6	0.01943	0.01626	0.01376	0.01207	0.01518	0.27455	0.00929	0.11662	0.08578	0.19932	0.01868	0.15953	0.01620	0.00887	0.00593	0.00181	0.00673	0.00709	0.00510	0.00777
7	0.01410	0.00995	0.01380	0.01107	0.01418	0.00975	0.09940	0.17481	0.01825	0.11771	0.34329	0.03161	0.09784	0.00959	0.00650	0.00184	0.00474	0.00846	0.00584	0.00726
8	0.00818	0.00648	0.00747	0.00769	0.00916	0.00620	0.00557	0.01168	0.10980	0.01785	0.16508	0.30691	0.28722	0.01456	0.00694	0.00208	0.00328	0.01271	0.00564	0.00551
9	0.01374	0.01380	0.01916	0.21280	0.39035	0.11228	0.01500	0.01695	0.01368	0.01790	0.10452	0.01781	0.01438	0.00629	0.00584	0.00176	0.00706	0.00566	0.00327	0.00774
10	0.01874	0.01656	0.01351	0.01156	0.01482	0.26787	0.00903	0.20113	0.05217	0.10681	0.02005	0.02008	0.10480	0.00767	0.00555	0.00166	0.00663	0.00578	0.10798	0.00761
11	0.01754	0.01081	0.01134	0.00945	0.01269	0.10765	0.00737	0.01900	0.01426	0.31178	0.04668	0.02494	0.15518	0.00988	0.00791	0.10555	0.00516	0.00653	0.00522	0.11104
12	0.01467	0.01125	0.01718	0.30976	0.20051	0.01233	0.01367	0.10877	0.01446	0.11231	0.01428	0.06686	0.01165	0.00925	0.05571	0.00235	0.00725	0.00608	0.00386	0.00778
13	0.01689	0.29992	0.04936	0.07191	0.11121	0.21208	0.01196	0.02032	0.06905	0.05340	0.01090	0.01234	0.00886	0.00566	0.00488	0.00152	0.00738	0.00413	0.00319	0.02505
14	0.01148	0.18612	0.11194	0.27903	0.02359	0.01313	0.01224	0.01466	0.01200	0.01567	0.01728	0.05567	0.10774	0.00717	0.00534	0.00166	0.00625	0.00586	0.00316	0.11000
15	0.23459	0.04604	0.24360	0.05120	0.02113	0.11395	0.11993	0.07047	0.01344	0.02093	0.00999	0.01196	0.00751	0.00556	0.00515	0.00178	0.00765	0.00436	0.00315	0.00758
16	0.05277	0.24225	0.07120	0.05310	0.01544	0.01371	0.00964	0.10719	0.01412	0.11182	0.01773	0.23221	0.01732	0.00934	0.00554	0.00180	0.00546	0.00770	0.00437	0.00727
17	0.05190	0.05870	0.18060	0.06254	0.14657	0.01198	0.01278	0.01898	0.10935	0.11162	0.01761	0.07806	0.04115	0.06417	0.00741	0.00212	0.00612	0.00641	0.00405	0.00785
18	0.01270	0.05299	0.15996	0.12101	0.41079	0.01309	0.01645	0.01657	0.01291	0.01803	0.04202	0.01817	0.06771	0.00630	0.00575	0.00177	0.00684	0.00566	0.00307	0.00820
19	0.01366	0.11561	0.17467	0.13052	0.07596	0.10909	0.01322	0.05204	0.06209	0.01773	0.01539	0.05940	0.05928	0.00698	0.00547	0.00169	0.00692	0.00561	0.00340	0.07126
20	0.06347	0.06114	0.01497	0.01217	0.04916	0.06943	0.00945	0.29644	0.02791	0.11836	0.05023	0.02274	0.10706	0.00950	0.03381	0.00205	0.00612	0.03268	0.00518	0.00813
21	0.06445	0.14601	0.01438	0.00943	0.01318	0.04506	0.00777	0.05610	0.12805	0.09531	0.02372	0.05094	0.15965	0.00813	0.00531	0.00160	0.00483	0.00644	0.00462	0.15503

[dist]
# distance from previous block
# <min> <max>
0	160

[block]
# block no. 7 follows, 40 sequences, length 18
# corresponding to MSA columns:
# 785-802
name=unknown_H
#
# <colnr> <probs for GDERKNQSTAVLIFYWHMCP>
#	G	D	E	R	K	N	Q	S	T	A	V	L	I	F	Y	W	H	M	C	P
0	0.15392	0.01793	0.29420	0.01223	0.01759	0.01199	0.01288	0.11937	0.01452	0.15565	0.01458	0.06891	0.01134	0.00744	0.00596	0.02976	0.00626	0.00544	0.03198	0.00804
1	0.15068	0.01855	0.22165	0.01440	0.07033	0.08086	0.01317	0.19231	0.01610	0.02378	0.01352	0.01876	0.01127	0.00714	0.00550	0.00185	0.00682	0.08702	0.03840	0.00790
2	0.11782	0.02134	0.34819	0.01387	0.01984	0.08134	0.04752	0.10020	0.01468	0.10421	0.01531	0.01605	0.06157	0.00653	0.00549	0.00180	0.00725	0.00507	0.00379	0.00814
3	0.01528	0.02002	0.31583	0.05425	0.02072	0.01415	0.01469	0.31315	0.01837	0.02527	0.01608	0.08447	0.04641	0.00770	0.00589	0.00186	0.00692	0.00619	0.00424	0.00850
4	0.01470	0.11179	0.32670	0.10986	0.02295	0.06868	0.01571	0.15052	0.05398	0.02073	0.01224	0.01525	0.00953	0.00636	0.00551	0.00178	0.00760	0.03447	0.00343	0.00820
5	0.01286	0.10692	0.22338	0.09865	0.01999	0.01335	0.03499	0.11905	0.08408	0.02041	0.06693	0.10881	0.04982	0.00824	0.00584	0.00185	0.00631	0.00690	0.00404	0.00761
6	0.01448	0.01403	0.01810	0.26717	0.25325	0.12039	0.01418	0.09764	0.01513	0.01946	0.09683	0.01750	0.01384	0.00648	0.00584	0.00178	0.00715	0.00560	0.00354	0.00762
7	0.10448	0.01200	0.01972	0.16723	0.27215	0.01266	0.13388	0.01578	0.01241	0.01821	0.01726	0.02006	0.11430	0.00689	0.00657	0.00189	0.04765	0.00623	0.00325	0.00738
8	0.01079	0.00982	0.01659	0.06923	0.06993	0.00992	0.16845	0.02505	0.01168	0.01632	0.01648	0.15127	0.01640	0.06400	0.16597	0.00368	0.04384	0.02852	0.00356	0.09851
9	0.22445	0.01258	0.01541	0.15416	0.19637	0.04586	0.01175	0.14039	0.01443	0.02243	0.01290	0.10007	0.01152	0.00715	0.00539	0.00185	0.00612	0.00588	0.00380	0.00748
10	0.01098	0.01034	0.01744	0.78165	0.04005	0.01292	0.01615	0.01486	0.01163	0.01486	0.01034	0.01550	0.00775	0.00581	0.00581	0.00194	0.00775	0.00517	0.00258	0.00646
11	0.01532	0.01092	0.01360	0.01089	0.01408	0.01150	0.08912	0.30093	0.01828	0.02662	0.01791	0.01962	0.04710	0.00861	0.03846	0.00195	0.00553	0.00587	0.33625	0.00742
12	0.00737	0.00528	0.00701	0.00790	0.00850	0.00492	0.00542	0.00882	0.01247	0.01697	0.21403	0.60379	0.04258	0.01663	0.00728	0.00223	0.00322	0.01502	0.00565	0.00492
13	0.00846	0.00564	0.00634	0.00634	0.00634	0.00564	0.00352	0.00846	0.00846	0.01128	0.01832	0.03805	0.02114	0.79563	0.02960	0.00564	0.00564	0.00846	0.00352	0.00352
14	0.01217	0.00868	0.01084	0.01041	0.01235	0.00923	0.00831	0.19482	0.01553	0.03863	0.02334	0.22615	0.02418	0.02014	0.17464	0.00380	0.00734	0.18798	0.00504	0.00641
15	0.02087	0.01468	0.01516	0.01175	0.01629	0.10043	0.00953	0.31812	0.02003	0.21436	0.01487	0.01462	0.01048	0.00634	0.00543	0.00154	0.00605	0.00483	0.00532	0.18932
16	0.01166	0.03008	0.76550	0.01657	0.02517	0.01351	0.02149	0.01842	0.01228	0.01842	0.01044	0.01228	0.00737	0.00552	0.00552	0.00184	0.00859	0.00430	0.00246	0.00859
17	0.01655	0.02484	0.41206	0.01524	0.02179	0.10003	0.01658	0.27904	0.01818	0.02452	0.01154	0.01268	0.00829	0.00610	0.00560	0.00177	0.00801	0.00457	0.00373	0.00885

[dist]
# distance from previous block
# <min> <max>
0	1

[block]
# block no. 8 follows, 40 sequences, length 31
# corresponding to MSA columns:
# 804-834
name=unknown_I
#
# <colnr> <probs for GDERKNQSTAVLIFYWHMCP>
#	G	D	E	R	K	N	Q	S	T	A	V	L	I	F	Y	W	H	M	C	P
0	0.00835	0.00641	0.00780	0.00858	0.00960	0.00640	0.00607	0.01198	0.13170	0.01657	0.03329	0.56743	0.10577	0.01611	0.00714	0.00227	0.00360	0.03994	0.00548	0.00550
1	0.01331	0.01150	0.01487	0.19581	0.07524	0.01149	0.01067	0.08586	0.13360	0.02052	0.01290	0.01480	0.01006	0.00557	0.00518	0.00145	0.00556	0.00466	0.00382	0.36312
