[name]
unknown

[dist]
# distance from previous block
# <min> <max>
0	37

[block]
# block no. 0 follows, 34 sequences, length 27
# corresponding to MSA columns:
# 344-370
name=unknown_A
#
# <colnr> <probs for GDERKNQSTAVLIFYWHMCP>
#	G	D	E	R	K	N	Q	S	T	A	V	L	I	F	Y	W	H	M	C	P
0	0.01304	0.00937	0.01385	0.20719	0.07739	0.00992	0.01145	0.05237	0.01461	0.09306	0.02518	0.30905	0.02612	0.01328	0.00744	0.00239	0.00596	0.09601	0.00519	0.00713
1	0.01344	0.19416	0.49407	0.01553	0.02321	0.01624	0.01886	0.01920	0.01410	0.01997	0.09909	0.01717	0.01469	0.00687	0.00588	0.00190	0.00817	0.00533	0.00327	0.00885
2	0.01708	0.01365	0.13049	0.01139	0.01588	0.00995	0.01048	0.08410	0.01685	0.20956	0.10917	0.11403	0.02237	0.00935	0.00636	0.00189	0.00544	0.00786	0.08893	0.11517
3	0.01447	0.01107	0.01542	0.01601	0.10399	0.01278	0.01120	0.01875	0.11076	0.10648	0.02010	0.16223	0.01895	0.01761	0.13127	0.00372	0.20402	0.00863	0.00474	0.00783
4	0.01555	0.06871	0.50367	0.01960	0.09154	0.11288	0.02072	0.05708	0.01521	0.02069	0.01150	0.01353	0.00855	0.00623	0.00604	0.00194	0.00939	0.00477	0.00305	0.00935
5	0.01419	0.01003	0.01165	0.01119	0.01362	0.01068	0.00835	0.02326	0.33491	0.10972	0.03014	0.33892	0.02900	0.01353	0.00727	0.00235	0.00458	0.01189	0.00651	0.00821
6	0.00792	0.00620	0.00717	0.00768	0.00909	0.00546	0.00547	0.00953	0.01427	0.01814	0.13697	0.33109	0.38312	0.01746	0.00787	0.00233	0.00343	0.01521	0.00614	0.00546
7	0.02009	0.43216	0.02596	0.01230	0.01725	0.10217	0.01099	0.07820	0.10427	0.11892	0.01406	0.01425	0.01101	0.00658	0.00515	0.00164	0.00703	0.00462	0.00432	0.00903
8	0.81856	0.01250	0.00950	0.00850	0.01250	0.01449	0.00700	0.01899	0.01100	0.02899	0.00900	0.01050	0.00700	0.00600	0.00400	0.00200	0.00500	0.00350	0.00400	0.00700
9	0.02311	0.02001	0.10938	0.01531	0.02103	0.01941	0.01373	0.62476	0.02829	0.03819	0.01502	0.01528	0.01064	0.00755	0.00642	0.00195	0.00741	0.00569	0.00600	0.01081
10	0.01683	0.01292	0.01592	0.20618	0.02298	0.01450	0.01162	0.32985	0.02021	0.02685	0.01772	0.11275	0.01630	0.13352	0.01098	0.00278	0.00695	0.00792	0.00506	0.00814
11	0.02052	0.01203	0.01415	0.01108	0.01570	0.01138	0.00895	0.13650	0.10628	0.26106	0.01978	0.01922	0.01404	0.00716	0.00581	0.00168	0.00522	0.00573	0.10476	0.21893
12	0.01086	0.00815	0.00933	0.00846	0.01112	0.00736	0.00645	0.01482	0.09080	0.06167	0.22904	0.08406	0.30920	0.01302	0.00714	0.00201	0.00375	0.01109	0.00621	0.10547
13	0.21457	0.09235	0.01413	0.01021	0.01418	0.01301	0.00827	0.05845	0.10181	0.02326	0.01610	0.10746	0.01473	0.01118	0.06385	0.00242	0.00610	0.00628	0.00449	0.21714
14	0.01313	0.00747	0.00804	0.00737	0.00976	0.00697	0.00569	0.05121	0.01550	0.11152	0.03834	0.03797	0.28949	0.01098	0.00606	0.00185	0.00364	0.00899	0.35934	0.00669
15	0.01930	0.56173	0.02959	0.01236	0.01756	0.11320	0.01143	0.13276	0.01657	0.01943	0.01017	0.01136	0.00873	0.00603	0.00473	0.00151	0.00752	0.00393	0.00344	0.00863
16	0.21357	0.01310	0.01918	0.03217	0.18323	0.01357	0.13339	0.05600	0.05632	0.02535	0.16858	0.02237	0.02096	0.00768	0.00630	0.00203	0.00641	0.00691	0.00463	0.00825
17	0.00862	0.01076	0.12614	0.00899	0.01202	0.00701	0.00825	0.01120	0.01432	0.01821	0.08546	0.17820	0.45694	0.01522	0.00750	0.00223	0.00437	0.01293	0.00552	0.00612
18	0.01859	0.01058	0.01268	0.01058	0.01442	0.01012	0.00841	0.03660	0.18849	0.28994	0.11886	0.03154	0.13817	0.00994	0.00671	0.00200	0.00471	0.00828	0.00686	0.07252
19	0.01545	0.01604	0.13509	0.01506	0.01947	0.01380	0.09781	0.24405	0.01834	0.02524	0.01755	0.11214	0.01570	0.01937	0.19965	0.00427	0.01021	0.00773	0.00462	0.00840
20	0.01384	0.01624	0.20501	0.16081	0.02462	0.01164	0.09939	0.01777	0.01344	0.10746	0.01810	0.12062	0.01652	0.13306	0.01106	0.00284	0.00772	0.00808	0.00411	0.00767
21	0.00783	0.00577	0.00734	0.00860	0.00927	0.00528	0.00582	0.00904	0.01275	0.01665	0.04047	0.65368	0.15462	0.01961	0.00815	0.00255	0.00367	0.01760	0.00600	0.00528
22	0.02201	0.01219	0.01470	0.01176	0.01587	0.01217	0.00952	0.22879	0.06260	0.31296	0.19688	0.02670	0.02586	0.00926	0.00677	0.00200	0.00535	0.00763	0.00724	0.00974
23	0.01421	0.02469	0.35662	0.02323	0.03113	0.01573	0.39794	0.02059	0.01452	0.02059	0.01240	0.01571	0.00907	0.00576	0.00695	0.00212	0.01028	0.00633	0.00302	0.00909
24	0.01808	0.01906	0.02375	0.26280	0.03148	0.20650	0.18681	0.13304	0.01774	0.02131	0.01214	0.01555	0.00922	0.00647	0.00658	0.00200	0.00972	0.00581	0.00367	0.00826
25	0.00778	0.00599	0.00712	0.00803	0.00912	0.00533	0.00557	0.00911	0.01330	0.01687	0.04734	0.49111	0.31277	0.01872	0.00801	0.00245	0.00356	0.01651	0.00600	0.00533
26	0.01150	0.22034	0.14840	0.01050	0.01461	0.01274	0.01037	0.01449	0.01439	0.01865	0.14469	0.12369	0.20896	0.01152	0.00649	0.00197	0.00543	0.00952	0.00470	0.00705

[dist]
# distance from previous block
# <min> <max>
10	31

[block]
# block no. 1 follows, 34 sequences, length 17
# corresponding to MSA columns:
# 450-466
name=unknown_B
#
# <colnr> <probs for GDERKNQSTAVLIFYWHMCP>
#	G	D	E	R	K	N	Q	S	T	A	V	L	I	F	Y	W	H	M	C	P
0	0.02088	0.09554	0.01985	0.08302	0.10075	0.20322	0.01274	0.15388	0.06507	0.12086	0.01576	0.05248	0.01255	0.00762	0.00616	0.00189	0.00793	0.00595	0.00479	0.00907
1	0.09845	0.01508	0.07256	0.02223	0.29583	0.04014	0.01384	0.02048	0.01474	0.13080	0.01713	0.01859	0.05772	0.00671	0.00592	0.00179	0.00656	0.00568	0.00428	0.15148
2	0.07729	0.33020	0.10103	0.06989	0.09260	0.05282	0.01364	0.08976	0.01505	0.02042	0.01058	0.01267	0.00875	0.00618	0.00573	0.00171	0.03601	0.00437	0.00336	0.04794
3	0.01166	0.00840	0.01022	0.05886	0.04509	0.00867	0.00754	0.04205	0.09851	0.02338	0.22586	0.05391	0.09694	0.05938	0.00814	0.00221	0.00426	0.00900	0.21915	0.00678
4	0.01664	0.13516	0.15569	0.02088	0.02716	0.06601	0.33868	0.09104	0.01617	0.02134	0.01205	0.01499	0.00926	0.00614	0.00718	0.00200	0.04130	0.00601	0.00341	0.00888
5	0.00795	0.00621	0.00725	0.00800	0.00936	0.00551	0.00579	0.00946	0.01372	0.01718	0.05024	0.36759	0.38163	0.01815	0.00800	0.00243	0.00368	0.06645	0.00600	0.00540
6	0.01296	0.03342	0.73944	0.01842	0.02797	0.01501	0.02387	0.02046	0.01364	0.02046	0.01160	0.01364	0.00818	0.00614	0.00614	0.00205	0.00955	0.00477	0.00273	0.00955
7	0.00832	0.00657	0.00750	0.00727	0.00915	0.00575	0.00545	0.01060	0.01635	0.02130	0.36708	0.05586	0.42598	0.01493	0.00763	0.00211	0.00317	0.01275	0.00651	0.00575
8	0.01296	0.03342	0.73944	0.01842	0.02797	0.01501	0.02387	0.02046	0.01364	0.02046	0.01160	0.01364	0.00818	0.00614	0.00614	0.00205	0.00955	0.00477	0.00273	0.00955
9	0.21254	0.01061	0.01192	0.01011	0.01376	0.01074	0.00809	0.02376	0.11745	0.27530	0.20852	0.02650	0.02630	0.00901	0.00620	0.00204	0.00467	0.00727	0.00659	0.00862
10	0.01220	0.01148	0.01938	0.75739	0.04450	0.01436	0.01794	0.01651	0.01292	0.01651	0.01148	0.01723	0.00861	0.00646	0.00646	0.00215	0.00861	0.00574	0.00287	0.00718
11	0.00809	0.00626	0.00739	0.00775	0.00917	0.00555	0.00557	0.00992	0.01485	0.01927	0.22289	0.29162	0.33480	0.01685	0.00783	0.00229	0.00337	0.01470	0.00628	0.00555
12	0.81856	0.01250	0.00950	0.00850	0.01250	0.01449	0.00700	0.01899	0.01100	0.02899	0.00900	0.01050	0.00700	0.00600	0.00400	0.00200	0.00500	0.00350	0.00400	0.00700
13	0.01076	0.00797	0.00928	0.00939	0.01087	0.00811	0.00676	0.06445	0.10778	0.02033	0.07766	0.33114	0.10555	0.11659	0.01093	0.00288	0.00448	0.04365	0.04514	0.00629
14	0.00848	0.00642	0.00782	0.00780	0.00933	0.00576	0.00573	0.01079	0.01624	0.02181	0.41492	0.17281	0.25789	0.01533	0.00773	0.00218	0.00323	0.01339	0.00659	0.00576
15	0.01083	0.01004	0.01595	0.06422	0.15063	0.00953	0.10991	0.01378	0.01511	0.01976	0.14163	0.07414	0.31483	0.01188	0.00735	0.00213	0.00552	0.01071	0.00505	0.00702
16	0.01897	0.43485	0.12032	0.01385	0.01918	0.26158	0.01319	0.02162	0.01490	0.01609	0.00965	0.01121	0.00829	0.00598	0.00496	0.00156	0.00881	0.00386	0.00295	0.00819

[dist]
# distance from previous block
# <min> <max>
0	1

[block]
# block no. 2 follows, 34 sequences, length 19
# corresponding to MSA columns:
# 468-486
name=unknown_C
#
# <colnr> <probs for GDERKNQSTAVLIFYWHMCP>
#	G	D	E	R	K	N	Q	S	T	A	V	L	I	F	Y	W	H	M	C	P
0	0.01564	0.08360	0.02196	0.22898	0.27862	0.10984	0.01599	0.02022	0.07059	0.01867	0.01289	0.01657	0.01053	0.00926	0.05780	0.00251	0.00885	0.00555	0.00337	0.00855
1	0.02112	0.14852	0.02048	0.03296	0.01937	0.24814	0.01185	0.22120	0.16738	0.02515	0.01483	0.01527	0.01146	0.00722	0.00590	0.00182	0.00812	0.00521	0.00479	0.00918
2	0.17429	0.11872	0.09875	0.02745	0.42060	0.01652	0.01654	0.01967	0.01365	0.02181	0.01105	0.01391	0.00912	0.00581	0.00559	0.00188	0.00724	0.00490	0.00325	0.00926
3	0.01780	0.02242	0.17130	0.01896	0.06486	0.21755	0.11678	0.02137	0.01503	0.08228	0.01397	0.07051	0.01188	0.00812	0.00865	0.00210	0.11796	0.00637	0.00373	0.00835
4	0.01299	0.01229	0.02081	0.60760	0.18811	0.01456	0.01834	0.01720	0.01329	0.01747	0.01162	0.01697	0.00895	0.00631	0.00645	0.00210	0.00842	0.00575	0.00294	0.00782
5	0.00862	0.00622	0.00740	0.00768	0.00850	0.00582	0.00509	0.00985	0.01302	0.01726	0.18066	0.23398	0.16859	0.27919	0.01655	0.00368	0.00439	0.01297	0.00551	0.00500
6	0.01419	0.01259	0.01951	0.13521	0.21878	0.01334	0.07615	0.07209	0.11163	0.02184	0.02042	0.12235	0.01925	0.00996	0.00714	0.00226	0.00697	0.10327	0.00461	0.00845
7	0.00787	0.00562	0.00750	0.00900	0.00937	0.00525	0.00600	0.00900	0.01237	0.01649	0.03561	0.76871	0.04274	0.02024	0.00825	0.00262	0.00375	0.01837	0.00600	0.00525
8	0.01340	0.01148	0.01340	0.00957	0.01531	0.00861	0.00766	0.01627	0.01340	0.02105	0.01148	0.01340	0.00957	0.00479	0.00479	0.00096	0.00479	0.00383	0.00383	0.81242
9	0.01051	0.00813	0.00933	0.00904	0.01100	0.00799	0.00672	0.07871	0.08671	0.02240	0.21001	0.24237	0.24229	0.01508	0.00758	0.00224	0.00389	0.01308	0.00637	0.00655
10	0.01687	0.06849	0.21774	0.01487	0.01980	0.21723	0.01419	0.02345	0.15212	0.04691	0.01661	0.07207	0.01395	0.01117	0.06390	0.00262	0.00913	0.00626	0.00415	0.00848
11	0.23229	0.01382	0.01359	0.01203	0.01588	0.01594	0.00951	0.08032	0.47908	0.02857	0.02085	0.01981	0.01566	0.00795	0.00587	0.00212	0.00523	0.00617	0.00587	0.00942
12	0.01556	0.54810	0.02771	0.01176	0.01595	0.02127	0.01120	0.01776	0.01320	0.01610	0.01420	0.02375	0.01434	0.00862	0.00667	0.00184	0.07410	0.14675	0.00343	0.00769
13	0.02414	0.01144	0.01412	0.01136	0.01568	0.01107	0.00921	0.08411	0.14449	0.46257	0.02427	0.02212	0.01634	0.00806	0.00625	0.00197	0.00524	0.00653	0.11084	0.01022
14	0.00789	0.00609	0.00720	0.00790	0.00913	0.00541	0.00555	0.00940	0.01388	0.01773	0.10997	0.41116	0.32955	0.01800	0.00794	0.00239	0.00349	0.01581	0.00610	0.00541
15	0.00816	0.00600	0.00765	0.00843	0.00935	0.00549	0.00587	0.00984	0.01419	0.01899	0.21344	0.48733	0.14564	0.01793	0.00800	0.00241	0.00351	0.01602	0.00628	0.00549
16	0.01713	0.02044	0.27412	0.01563	0.02188	0.01377	0.07713	0.17230	0.01791	0.11515	0.01744	0.11276	0.01450	0.00838	0.00655	0.00202	0.00749	0.00715	0.00478	0.07349
17	0.01885	0.02100	0.09524	0.01557	0.06200	0.22344	0.01255	0.15220	0.05969	0.02357	0.01274	0.01411	0.00997	0.00632	0.00575	0.00159	0.00790	0.00472	0.00419	0.24861
18	0.02027	0.02026	0.01905	0.21826	0.02647	0.26263	0.01403	0.23986	0.02004	0.02388	0.01204	0.01458	0.00926	0.00730	0.00734	0.00197	0.06488	0.00523	0.00416	0.00848

[dist]
# distance from previous block
# <min> <max>
0	19

[block]
# block no. 3 follows, 34 sequences, length 23
# corresponding to MSA columns:
# 510-532
name=unknown_D
#
# <colnr> <probs for GDERKNQSTAVLIFYWHMCP>
#	G	D	E	R	K	N	Q	S	T	A	V	L	I	F	Y	W	H	M	C	P
0	0.01451	0.01210	0.01706	0.01370	0.01715	0.01262	0.10130	0.16408	0.01580	0.02233	0.01475	0.02013	0.01282	0.07020	0.24388	0.00481	0.06869	0.00624	0.00413	0.16369
1	0.01626	0.01131	0.01337	0.01122	0.01430	0.01190	0.00894	0.28050	0.02185	0.07354	0.31660	0.03103	0.03302	0.01560	0.10762	0.00313	0.00669	0.00848	0.00642	0.00822
2	0.01556	0.30513	0.02590	0.31614	0.13142	0.01919	0.01518	0.06699	0.01449	0.01838	0.01091	0.01430	0.00889	0.00609	0.00557	0.00181	0.00772	0.00488	0.00313	0.00831
3	0.00940	0.00626	0.00705	0.00705	0.00705	0.00626	0.00392	0.00940	0.00940	0.01253	0.02036	0.04228	0.02349	0.77292	0.03289	0.00626	0.00626	0.00940	0.00392	0.00392
4	0.01672	0.01537	0.02146	0.01774	0.05778	0.07118	0.19484	0.18697	0.08068	0.02694	0.19704	0.02481	0.02387	0.00852	0.00737	0.00205	0.02491	0.00778	0.00530	0.00867
5	0.02014	0.01348	0.01563	0.01164	0.01705	0.01241	0.00950	0.23952	0.01983	0.17447	0.01564	0.01583	0.01134	0.00639	0.00567	0.00148	0.00567	0.00501	0.00552	0.39378
6	0.69441	0.01435	0.01096	0.00963	0.01367	0.07163	0.00784	0.07414	0.01309	0.02890	0.00959	0.01098	0.00742	0.00619	0.00433	0.00197	0.00568	0.00373	0.00414	0.00735
7	0.00892	0.00670	0.00828	0.00804	0.00964	0.00616	0.00597	0.01192	0.03612	0.02339	0.51392	0.11957	0.18864	0.01438	0.00766	0.00212	0.00322	0.01259	0.00677	0.00600
8	0.01832	0.30934	0.12170	0.01351	0.01908	0.02059	0.01293	0.20269	0.17463	0.02518	0.01488	0.01520	0.01151	0.00691	0.00556	0.00180	0.00692	0.00510	0.00457	0.00959
9	0.01649	0.07714	0.16220	0.12051	0.30124	0.01601	0.01779	0.07577	0.06536	0.06564	0.01379	0.01616	0.01056	0.00641	0.00620	0.00196	0.00774	0.00555	0.00382	0.00966
10	0.07954	0.16585	0.18304	0.01350	0.01839	0.01568	0.03751	0.02143	0.11752	0.09882	0.01438	0.01621	0.01117	0.00915	0.00937	0.11204	0.05887	0.00526	0.00402	0.00825
11	0.01821	0.01848	0.06848	0.02269	0.02893	0.01749	0.44331	0.24868	0.02016	0.02730	0.01380	0.01660	0.01011	0.00625	0.00716	0.00209	0.00957	0.00688	0.00430	0.00951
12	0.00939	0.00651	0.00818	0.00849	0.00894	0.00670	0.00575	0.01033	0.01054	0.01421	0.02272	0.09432	0.02528	0.47682	0.16644	0.00636	0.00819	0.10191	0.00425	0.00464
13	0.01615	0.03914	0.23652	0.02147	0.11023	0.12142	0.17082	0.02392	0.15411	0.02110	0.01460	0.01647	0.01109	0.00652	0.00650	0.00202	0.00900	0.00591	0.00375	0.00926
14	0.01761	0.05741	0.01485	0.01169	0.01467	0.01220	0.00944	0.15722	0.01656	0.19034	0.01933	0.07410	0.01636	0.05118	0.26395	0.00509	0.04736	0.00722	0.00525	0.00816
15	0.01417	0.00733	0.00976	0.00946	0.01129	0.00664	0.00687	0.01587	0.01473	0.22302	0.12598	0.41060	0.03633	0.06477	0.00927	0.00260	0.00432	0.01349	0.00658	0.00692
16	0.01238	0.00980	0.01358	0.07435	0.14071	0.01011	0.01016	0.11669	0.01585	0.02152	0.09206	0.33889	0.02984	0.07233	0.00936	0.00259	0.00545	0.01194	0.00527	0.00711
17	0.22366	0.15486	0.11683	0.01371	0.01857	0.28021	0.01237	0.07483	0.01584	0.02160	0.01020	0.01170	0.00817	0.00631	0.00516	0.00177	0.00850	0.00408	0.00356	0.00805
18	0.01112	0.01060	0.10871	0.01075	0.01315	0.00831	0.00941	0.01366	0.01211	0.07187	0.02388	0.11702	0.06436	0.14682	0.29432	0.00604	0.01038	0.05676	0.00441	0.00633
19	0.00800	0.00574	0.00739	0.00866	0.00912	0.00536	0.00573	0.00905	0.01225	0.01619	0.03615	0.65565	0.08567	0.08950	0.01048	0.00293	0.00395	0.01723	0.00581	0.00514
20	0.01469	0.01404	0.01903	0.12106	0.18221	0.05374	0.01432	0.06247	0.04897	0.01937	0.01732	0.06534	0.06890	0.00974	0.01149	0.00232	0.25607	0.00711	0.00381	0.00800
21	0.04893	0.03647	0.16255	0.02093	0.12019	0.17039	0.12432	0.19349	0.01908	0.02488	0.01240	0.01443	0.00940	0.00647	0.00631	0.00193	0.00912	0.00541	0.00398	0.00932
22	0.01275	0.16636	0.01473	0.01014	0.01273	0.01118	0.00839	0.01624	0.07079	0.07500	0.14559	0.19243	0.08837	0.01344	0.00710	0.00222	0.00489	0.13494	0.00571	0.00700

[dist]
# distance from previous block
# <min> <max>
9	131

[block]
# block no. 4 follows, 34 sequences, length 11
# corresponding to MSA columns:
# 700-710
name=unknown_E
#
# <colnr> <probs for GDERKNQSTAVLIFYWHMCP>
#	G	D	E	R	K	N	Q	S	T	A	V	L	I	F	Y	W	H	M	C	P
0	0.01575	0.01754	0.09246	0.09251	0.21360	0.14627	0.05300	0.05172	0.01545	0.02047	0.01559	0.09619	0.01387	0.00789	0.00628	0.00194	0.00776	0.00685	0.11666	0.00820
1	0.01935	0.01551	0.01645	0.01381	0.01805	0.01760	0.01102	0.29545	0.45449	0.03231	0.02214	0.02079	0.01635	0.00838	0.00653	0.00209	0.00588	0.00673	0.00653	0.01052
2	0.01152	0.01245	0.08406	0.00996	0.01265	0.08652	0.00837	0.05231	0.01620	0.02076	0.23689	0.08491	0.22974	0.09344	0.00994	0.00252	0.00530	0.01055	0.00551	0.00641
3	0.01812	0.56078	0.10298	0.01286	0.01838	0.16000	0.01263	0.02067	0.01415	0.01585	0.00944	0.01094	0.00829	0.00580	0.00466	0.00150	0.00807	0.00372	0.00287	0.00827
4	0.01440	0.01421	0.02045	0.28341	0.30215	0.08852	0.01651	0.01793	0.01375	0.01797	0.01254	0.01751	0.01043	0.01304	0.12680	0.00335	0.00998	0.00578	0.00314	0.00816
5	0.00928	0.00673	0.00940	0.00940	0.01022	0.00754	0.00685	0.01091	0.01009	0.01427	0.01820	0.03035	0.01831	0.26146	0.53727	0.00917	0.01406	0.00765	0.00359	0.00522
6	0.00903	0.00663	0.00859	0.00859	0.00951	0.00702	0.00611	0.01042	0.01074	0.01453	0.02620	0.03727	0.13475	0.29645	0.37738	0.00761	0.01117	0.00888	0.00403	0.00507
7	0.01223	0.05915	0.11052	0.01743	0.13200	0.01313	0.05246	0.01531	0.01376	0.01905	0.11061	0.08780	0.15020	0.01094	0.00990	0.00223	0.16276	0.00876	0.00426	0.00751
8	0.01042	0.01009	0.00886	0.00923	0.01083	0.12590	0.00660	0.01184	0.01431	0.01678	0.04375	0.35447	0.32038	0.01644	0.00760	0.00229	0.00484	0.01411	0.00557	0.00570
9	0.01601	0.01438	0.02077	0.01888	0.14917	0.04523	0.13778	0.04749	0.01517	0.06131	0.01277	0.01509	0.01009	0.00547	0.00580	0.00148	0.00686	0.00511	0.00393	0.40719
10	0.17136	0.05206	0.09413	0.03376	0.01972	0.30677	0.02894	0.06595	0.01633	0.09407	0.01189	0.01331	0.00906	0.00686	0.00647	0.00190	0.05058	0.00462	0.00400	0.00822

[dist]
# distance from previous block
# <min> <max>
0	5

[block]
# block no. 5 follows, 34 sequences, length 11
# corresponding to MSA columns:
# 716-726
name=unknown_F
#
# <colnr> <probs for GDERKNQSTAVLIFYWHMCP>
#	G	D	E	R	K	N	Q	S	T	A	V	L	I	F	Y	W	H	M	C	P
0	0.01927	0.23407	0.20894	0.01532	0.02141	0.14993	0.05837	0.06464	0.03400	0.11668	0.01316	0.01412	0.00986	0.00644	0.00570	0.00179	0.00847	0.00484	0.00392	0.00908
1	0.02005	0.01896	0.01858	0.05486	0.08447	0.27093	0.06572	0.09314	0.01768	0.11744	0.01654	0.11157	0.01442	0.00839	0.00645	0.00190	0.00833	0.00694	0.00462	0.05901
2	0.01822	0.01233	0.01399	0.01153	0.01520	0.01287	0.00923	0.27450	0.11026	0.12702	0.21601	0.03104	0.09913	0.01026	0.00691	0.00203	0.00516	0.00847	0.00681	0.00901
3	0.01159	0.01066	0.01770	0.65186	0.03955	0.01307	0.01626	0.01545	0.01284	0.01651	0.01489	0.12319	0.01342	0.00840	0.00671	0.00222	0.00793	0.00752	0.00331	0.00691
4	0.00826	0.00644	0.00691	0.00688	0.00854	0.00562	0.00492	0.00944	0.01378	0.01694	0.10460	0.05516	0.52885	0.11913	0.01242	0.06533	0.00384	0.01230	0.00555	0.00509
5	0.01847	0.01484	0.01939	0.38099	0.03210	0.01724	0.01507	0.36860	0.02177	0.02878	0.01353	0.01636	0.00982	0.00712	0.00646	0.00204	0.00785	0.00578	0.00469	0.00911
6	0.01226	0.00953	0.01182	0.01206	0.06766	0.00967	0.00837	0.10936	0.09895	0.02571	0.34889	0.14120	0.09331	0.01261	0.00734	0.00212	0.00431	0.01102	0.00642	0.00738
7	0.01699	0.01369	0.01593	0.01330	0.01722	0.01465	0.04531	0.24170	0.26779	0.02856	0.02233	0.15187	0.01948	0.00990	0.00670	0.00206	0.00576	0.00845	0.00599	0.09230
8	0.01501	0.01360	0.01788	0.01741	0.11450	0.03986	0.08307	0.05285	0.29951	0.02352	0.06380	0.02239	0.01795	0.01347	0.11101	0.00317	0.00794	0.00691	0.00504	0.07113
9	0.12496	0.20732	0.01792	0.01147	0.01494	0.19438	0.00948	0.04526	0.01450	0.01851	0.01902	0.02103	0.11148	0.01555	0.14480	0.00336	0.00926	0.00581	0.00380	0.00715
10	0.01516	0.01258	0.01551	0.01306	0.01635	0.04882	0.08105	0.20977	0.01815	0.02427	0.02205	0.25001	0.02265	0.05767	0.00862	0.00235	0.00627	0.05367	0.00529	0.11669

[dist]
# distance from previous block
# <min> <max>
1	38

[block]
# block no. 6 follows, 34 sequences, length 27
# corresponding to MSA columns:
# 770-796
name=unknown_G
#
# <colnr> <probs for GDERKNQSTAVLIFYWHMCP>
#	G	D	E	R	K	N	Q	S	T	A	V	L	I	F	Y	W	H	M	C	P
0	0.05007	0.01097	0.01289	0.01155	0.01509	0.01087	0.00954	0.09455	0.13396	0.08435	0.02509	0.05476	0.04027	0.01117	0.00693	0.00216	0.00549	0.23743	0.00575	0.17710
1	0.01291	0.00907	0.01088	0.05905	0.01394	0.00936	0.00778	0.01895	0.19208	0.09774	0.15702	0.11289	0.13099	0.12527	0.01099	0.00279	0.00478	0.01026	0.00604	0.00723
2	0.01485	0.14421	0.25859	0.02354	0.23690	0.01660	0.07638	0.01954	0.01383	0.01966	0.01132	0.01414	0.00909	0.00598	0.00657	0.00185	0.04155	0.00505	0.00302	0.07732
3	0.09216	0.01367	0.01549	0.01213	0.01675	0.01410	0.00997	0.32124	0.02246	0.30374	0.01934	0.01845	0.01314	0.00768	0.00607	0.00192	0.00589	0.00590	0.08976	0.01014
4	0.00773	0.00619	0.00691	0.00749	0.00898	0.00537	0.00533	0.00917	0.01382	0.01708	0.05391	0.33558	0.46405	0.01786	0.00787	0.00235	0.00346	0.01547	0.00600	0.00537
5	0.01238	0.01012	0.01560	0.21602	0.02246	0.01174	0.06964	0.01639	0.08500	0.01782	0.01506	0.02028	0.01253	0.01646	0.13116	0.12631	0.07783	0.00626	0.11037	0.00657
6	0.01599	0.01535	0.02623	0.03966	0.73262	0.01535	0.01983	0.01983	0.01471	0.02111	0.01215	0.01599	0.01023	0.00576	0.00640	0.00192	0.00768	0.00576	0.00320	0.01023
7	0.01372	0.08315	0.26818	0.08231	0.08210	0.01397	0.01562	0.08933	0.02940	0.02342	0.20826	0.02373	0.02333	0.00823	0.00647	0.00198	0.00698	0.00688	0.00444	0.00851
8	0.02070	0.02313	0.02178	0.02631	0.32393	0.37341	0.01560	0.08125	0.01780	0.02018	0.01138	0.01383	0.00936	0.00637	0.00612	0.00180	0.00957	0.00498	0.00354	0.00896
9	0.00780	0.00590	0.00721	0.00825	0.00918	0.00531	0.00567	0.00908	0.01308	0.01679	0.04465	0.55479	0.25082	0.01907	0.00806	0.00249	0.00360	0.01694	0.00600	0.00531
10	0.01750	0.01628	0.01294	0.01225	0.01458	0.29301	0.00905	0.01924	0.01621	0.12650	0.09585	0.28804	0.02725	0.01240	0.00698	0.00210	0.00700	0.01038	0.00538	0.00708
11	0.01509	0.01297	0.01609	0.01451	0.04801	0.01416	0.06902	0.08367	0.41907	0.02653	0.13191	0.05245	0.04866	0.00959	0.00690	0.00215	0.00546	0.00839	0.00618	0.00921
12	0.01086	0.00590	0.00842	0.00857	0.00872	0.00590	0.00585	0.00908	0.00923	0.01226	0.01498	0.02858	0.01577	0.13580	0.02472	0.60618	0.00575	0.07683	0.00330	0.00330
13	0.02239	0.22105	0.02228	0.01522	0.01911	0.56300	0.01212	0.02416	0.01699	0.01566	0.00973	0.01132	0.00832	0.00637	0.00540	0.00159	0.01044	0.00398	0.00319	0.00769
14	0.00878	0.00654	0.00783	0.00754	0.00901	0.00595	0.00545	0.01098	0.01598	0.02161	0.44342	0.05110	0.23498	0.12928	0.01146	0.00271	0.00360	0.01186	0.00633	0.00559
15	0.01478	0.01086	0.01295	0.01144	0.01392	0.01233	0.00907	0.20578	0.08972	0.02461	0.01800	0.02229	0.01502	0.04379	0.30525	0.00544	0.04375	0.00653	0.12673	0.00771
16	0.01664	0.01299	0.01435	0.01278	0.01611	0.01436	0.01017	0.24364	0.28588	0.02861	0.02607	0.14058	0.03672	0.01153	0.00712	0.00228	0.00562	0.09915	0.00636	0.00906
17	0.64332	0.01253	0.01120	0.01072	0.06059	0.01366	0.00795	0.01864	0.01161	0.02726	0.00958	0.01130	0.00760	0.00580	0.00428	0.00184	0.00514	0.00370	0.00392	0.12937
18	0.14375	0.02100	0.01749	0.01675	0.09200	0.29886	0.01197	0.16717	0.06585	0.08531	0.01360	0.01442	0.01028	0.00695	0.00585	0.00186	0.00834	0.00497	0.00468	0.00890
19	0.02104	0.08515	0.02097	0.01591	0.01996	0.33453	0.11682	0.02412	0.03974	0.14158	0.08786	0.01842	0.01567	0.00744	0.00658	0.00185	0.02359	0.00593	0.00456	0.00828
20	0.01508	0.01504	0.06042	0.02064	0.22178	0.07270	0.04323	0.09557	0.01522	0.02073	0.01483	0.05097	0.01355	0.09239	0.12065	0.00359	0.02338	0.00654	0.00384	0.08984
21	0.13642	0.29533	0.19151	0.09102	0.02104	0.03334	0.01385	0.01844	0.01268	0.01866	0.01090	0.01374	0.00907	0.01112	0.09583	0.00282	0.00879	0.00445	0.00305	0.00795
22	0.01259	0.13051	0.15544	0.01350	0.01793	0.01320	0.08375	0.04579	0.01321	0.01818	0.01743	0.02211	0.05976	0.05510	0.26120	0.00494	0.01100	0.00639	0.00354	0.05444
23	0.01383	0.06322	0.11911	0.04214	0.01506	0.01096	0.00971	0.09918	0.01419	0.07939	0.02010	0.14012	0.02038	0.30532	0.01676	0.00371	0.00654	0.00885	0.00459	0.00683
24	0.01443	0.27098	0.24680	0.01387	0.01977	0.06502	0.05792	0.01819	0.01363	0.01748	0.01703	0.02010	0.08429	0.07183	0.00792	0.00214	0.00778	0.00575	0.00330	0.04178
25	0.01421	0.23922	0.13095	0.01360	0.01830	0.01629	0.07094	0.04954	0.12126	0.01970	0.01927	0.09295	0.04567	0.01292	0.08272	0.00283	0.00797	0.02932	0.00417	0.00818
26	0.10049	0.31191	0.06769	0.01657	0.12616	0.01823	0.05839	0.05912	0.01471	0.02097	0.05563	0.01624	0.01273	0.00647	0.00534	0.00169	0.00682	0.02061	0.00364	0.07658

[dist]
# distance from previous block
# <min> <max>
2	49

[block]
# block no. 7 follows, 34 sequences, length 26
# corresponding to MSA columns:
# 846-871
name=unknown_H
#
# <colnr> <probs for GDERKNQSTAVLIFYWHMCP>
#	G	D	E	R	K	N	Q	S	T	A	V	L	I	F	Y	W	H	M	C	P
0	0.10937	0.09347	0.03718	0.03218	0.01818	0.25236	0.01117	0.08194	0.15147	0.05665	0.01474	0.01580	0.01153	0.00993	0.05803	0.00244	0.00864	0.00512	0.00445	0.02535
1	0.35053	0.11903	0.04480	0.01651	0.14002	0.03438	0.06400	0.02035	0.07302	0.02372	0.01432	0.01589	0.04604	0.00664	0.00524	0.00193	0.00642	0.00510	0.00389	0.00816
2	0.01661	0.21938	0.02410	0.08330	0.02195	0.16366	0.12685	0.02187	0.12576	0.01829	0.01498	0.06366	0.01301	0.00968	0.04764	0.00235	0.00877	0.00625	0.00382	0.00807
3	0.03685	0.37614	0.12623	0.01208	0.01676	0.05578	0.01170	0.01899	0.07801	0.01772	0.01668	0.17416	0.01665	0.00913	0.00561	0.00185	0.00664	0.00722	0.00386	0.00792
4	0.06594	0.01147	0.01413	0.08014	0.01725	0.01280	0.03493	0.19826	0.05371	0.02523	0.02114	0.23490	0.02060	0.01137	0.00782	0.00220	0.06656	0.00945	0.10443	0.00767
5	0.00922	0.00730	0.01017	0.06089	0.07756	0.00704	0.00792	0.01141	0.01460	0.01967	0.22882	0.34873	0.14122	0.01550	0.00770	0.00230	0.00417	0.01385	0.00585	0.00610
6	0.01727	0.77681	0.03386	0.01106	0.01658	0.02557	0.01106	0.01935	0.01313	0.01520	0.00898	0.01036	0.00829	0.00553	0.00415	0.00138	0.00691	0.00345	0.00276	0.00829
7	0.00926	0.00679	0.00970	0.00970	0.01061	0.00770	0.00722	0.01110	0.01018	0.01449	0.01794	0.02886	0.01766	0.19770	0.60015	0.00954	0.01503	0.00743	0.00355	0.00539
8	0.01220	0.01148	0.01938	0.75739	0.04450	0.01436	0.01794	0.01651	0.01292	0.01651	0.01148	0.01723	0.00861	0.00646	0.00646	0.00215	0.00861	0.00574	0.00287	0.00718
9	0.00778	0.00647	0.00680	0.00690	0.00886	0.00549	0.00510	0.00948	0.01480	0.01805	0.11633	0.12571	0.61308	0.01646	0.00769	0.00221	0.00330	0.01391	0.00609	0.00549
10	0.02762	0.01320	0.01636	0.01254	0.01759	0.01276	0.01036	0.24195	0.02217	0.52144	0.02240	0.01999	0.01444	0.00792	0.00649	0.00198	0.00600	0.00629	0.00752	0.01099
11	0.00801	0.00656	0.00707	0.00694	0.00896	0.00562	0.00521	0.01000	0.01562	0.01957	0.23148	0.05870	0.56265	0.01557	0.00763	0.00214	0.00322	0.01315	0.00628	0.00562
12	0.02414	0.03079	0.01831	0.01665	0.01998	0.74698	0.01248	0.02580	0.01831	0.01581	0.00999	0.01165	0.00832	0.00666	0.00583	0.00166	0.01165	0.00416	0.00333	0.00749
13	0.00798	0.00581	0.00732	0.00847	0.00907	0.00537	0.00565	0.00907	0.01243	0.01627	0.03844	0.60231	0.13818	0.08856	0.01042	0.00289	0.00391	0.01688	0.00581	0.00516
14	0.01296	0.03342	0.73944	0.01842	0.02797	0.01501	0.02387	0.02046	0.01364	0.02046	0.01160	0.01364	0.00818	0.00614	0.00614	0.00205	0.00955	0.00477	0.00273	0.00955
15	0.01252	0.01177	0.01804	0.01544	0.01682	0.01476	0.09097	0.01568	0.05062	0.01657	0.01334	0.01932	0.01216	0.02453	0.29320	0.00557	0.35197	0.00645	0.00333	0.00694
16	0.01544	0.05334	0.02015	0.10947	0.27831	0.01583	0.01451	0.02560	0.32872	0.02281	0.01956	0.02063	0.03238	0.00744	0.00640	0.00205	0.00649	0.00652	0.00471	0.00965
17	0.01235	0.01435	0.13064	0.04083	0.29448	0.01125	0.01443	0.01631	0.01570	0.02217	0.25845	0.03075	0.09282	0.00932	0.00688	0.00201	0.00603	0.00832	0.00469	0.00822
18	0.01654	0.01798	0.08449	0.09327	0.06245	0.12839	0.06386	0.10190	0.01639	0.02203	0.01190	0.01424	0.00937	0.00584	0.00575	0.00155	0.00759	0.00479	0.00379	0.32786
19	0.00932	0.00756	0.00863	0.00816	0.01051	0.00662	0.00606	0.01223	0.05431	0.01982	0.16313	0.19121	0.32402	0.01435	0.00725	0.00205	0.00367	0.01235	0.00588	0.13287
20	0.01937	0.01475	0.01772	0.10267	0.08619	0.01618	0.01241	0.34642	0.13438	0.06562	0.06670	0.02183	0.04981	0.00837	0.00661	0.00202	0.00649	0.00683	0.00586	0.00977
21	0.01565	0.02402	0.32580	0.02666	0.31836	0.06201	0.02021	0.05477	0.05171	0.02176	0.01267	0.01512	0.00977	0.00623	0.00626	0.00197	0.00856	0.00532	0.00334	0.00981
22	0.00797	0.00577	0.00754	0.00876	0.00935	0.00534	0.00593	0.00931	0.01307	0.01742	0.10076	0.65618	0.09003	0.01934	0.00815	0.00254	0.00365	0.01745	0.00610	0.00534
23	0.01441	0.00969	0.01266	0.01205	0.07834	0.00865	0.00810	0.01645	0.01280	0.13064	0.01700	0.02456	0.01537	0.22107	0.11789	0.00399	0.00734	0.00638	0.00440	0.27820
24	0.01537	0.01516	0.01404	0.01487	0.08027	0.19442	0.01008	0.07503	0.13156	0.02043	0.02392	0.32797	0.02483	0.01264	0.00706	0.00219	0.00658	0.01084	0.00521	0.00754
25	0.07348	0.01702	0.05739	0.01400	0.01878	0.01791	0.01182	0.37476	0.28487	0.03371	0.01887	0.01827	0.01381	0.00792	0.00632	0.00204	0.00636	0.00616	0.00613	0.01036

[dist]
# distance from previous block
# <min> <max>
0	23

[block]
# block no. 8 follows, 34 sequences, length 17
# corresponding to MSA columns:
# 919-935
name=unknown_I
#
# <colnr> <probs for GDERKNQSTAVLIFYWHMCP>
#	G	D	E	R	K	N	Q	S	T	A	V	L	I	F	Y	W	H	M	C	P
0	0.01881	0.01751	0.01425	0.01241	0.01578	0.25384	0.00961	0.16225	0.04062	0.08511	0.09122	0.04586	0.18530	0.01024	0.00668	0.00194	0.00707	0.00802	0.00550	0.00794
1	0.01992	0.01843	0.08180	0.01461	0.01893	0.10651	0.01257	0.26881	0.17334	0.07320	0.01873	0.03870	0.01496	0.00890	0.00750	0.00211	0.05395	0.05188	0.00559	0.00955
2	0.01915	0.01058	0.01303	0.00983	0.01473	0.00861	0.00794	0.02190	0.01536	0.29375	0.01808	0.01808	0.01294	0.00637	0.00540	0.00143	0.00482	0.00513	0.11202	0.40087
3	0.01185	0.01013	0.01531	0.01633	0.14672	0.01001	0.07235	0.01721	0.10732	0.02470	0.44196	0.03642	0.04169	0.01056	0.00726	0.00204	0.00488	0.00966	0.00597	0.00763
4	0.01100	0.00945	0.01296	0.01234	0.01312	0.01171	0.00963	0.01402	0.06953	0.01657	0.02014	0.22063	0.02112	0.02579	0.25688	0.00522	0.24967	0.00961	0.00420	0.00641
5	0.01262	0.02138	0.36948	0.17732	0.02741	0.01292	0.06410	0.01827	0.01377	0.02051	0.04310	0.01804	0.01212	0.00671	0.00607	0.00198	0.00795	0.00569	0.15236	0.00818
6	0.01220	0.01148	0.01938	0.75739	0.04450	0.01436	0.01794	0.01651	0.01292	0.01651	0.01148	0.01723	0.00861	0.00646	0.00646	0.00215	0.00861	0.00574	0.00287	0.00718
7	0.01103	0.00938	0.01442	0.21282	0.14908	0.01015	0.01157	0.01371	0.01294	0.01751	0.09141	0.09239	0.07040	0.13440	0.11741	0.00397	0.00799	0.00870	0.00409	0.00663
8	0.01443	0.01376	0.02340	0.33575	0.44875	0.01494	0.01905	0.01846	0.01397	0.01921	0.01188	0.01650	0.00957	0.00605	0.00642	0.00202	0.00806	0.00575	0.00306	0.00897
9	0.01376	0.02311	0.39849	0.01692	0.06593	0.01366	0.01741	0.10733	0.06290	0.02269	0.01824	0.17570	0.01681	0.00950	0.00668	0.00216	0.00759	0.00804	0.00419	0.00890
10	0.01220	0.01148	0.01938	0.75739	0.04450	0.01436	0.01794	0.01651	0.01292	0.01651	0.01148	0.01723	0.00861	0.00646	0.00646	0.00215	0.00861	0.00574	0.00287	0.00718
11	0.01663	0.16165	0.16525	0.01552	0.02092	0.11123	0.07620	0.02647	0.29539	0.02152	0.01688	0.01728	0.01295	0.00707	0.00604	0.00194	0.00769	0.00571	0.00439	0.00925
12	0.02135	0.01650	0.01758	0.01422	0.01881	0.01854	0.01150	0.45503	0.29166	0.03554	0.01959	0.01876	0.01429	0.00814	0.00651	0.00203	0.00635	0.00638	0.00651	0.01070
13	0.00908	0.00631	0.00745	0.00756	0.00796	0.00627	0.00470	0.00969	0.01064	0.01419	0.05931	0.10788	0.08591	0.53418	0.09710	0.00579	0.00671	0.01043	0.00439	0.00445
14	0.01009	0.01037	0.10487	0.00914	0.01217	0.00727	0.00822	0.01287	0.01513	0.06398	0.18651	0.08630	0.36849	0.01620	0.05688	0.00269	0.00516	0.01143	0.00575	0.00648
15	0.01800	0.01997	0.01770	0.01556	0.01735	0.30699	0.01232	0.05557	0.01542	0.01834	0.10490	0.01774	0.01550	0.00953	0.01252	0.00221	0.32340	0.00587	0.00378	0.00731
16	0.01895	0.01748	0.02099	0.09059	0.28143	0.11090	0.01525	0.20262	0.12947	0.02605	0.01490	0.01669	0.01152	0.00693	0.00637	0.00196	0.00772	0.00581	0.00456	0.00980

[dist]
# distance from previous block
# <min> <max>
1	5

[block]
# block no. 9 follows, 34 sequences, length 10
# corresponding to MSA columns:
# 944-953
name=unknown_J
#
# <colnr> <probs for GDERKNQSTAVLIFYWHMCP>
#	G	D	E	R	K	N	Q	S	T	A	V	L	I	F	Y	W	H	M	C	P
0	0.00887	0.00624	0.00727	0.00746	0.00802	0.00596	0.00469	0.00968	0.01180	0.01565	0.12347	0.16946	0.12635	0.44219	0.02194	0.00453	0.00501	0.01180	0.00498	0.00464
1	0.01562	0.62010	0.02873	0.01046	0.01517	0.02161	0.01005	0.01789	0.01418	0.01738	0.15553	0.01808	0.01901	0.00709	0.00485	0.00151	0.00612	0.00513	0.00365	0.00785
2	0.00821	0.00586	0.00789	0.00938	0.00991	0.00554	0.00659	0.00958	0.01270	0.01687	0.03543	0.67597	0.04200	0.01992	0.00834	0.00267	0.00404	0.10776	0.00599	0.00534
3	0.01726	0.16958	0.01906	0.01291	0.01712	0.01844	0.01062	0.10624	0.50044	0.02614	0.02158	0.02036	0.01643	0.00800	0.00607	0.00200	0.00570	0.00636	0.00579	0.00992
4	0.01760	0.01629	0.02699	0.03236	0.46108	0.01648	0.14312	0.16063	0.01800	0.02503	0.01300	0.01615	0.01031	0.00611	0.00663	0.00197	0.00814	0.00611	0.00388	0.01011
5	0.01040	0.00851	0.00941	0.00884	0.01119	0.00849	0.00673	0.01693	0.20336	0.02291	0.28423	0.04727	0.31053	0.01326	0.00735	0.00213	0.00368	0.01128	0.00654	0.00694
6	0.01492	0.01877	0.16109	0.02716	0.28864	0.01640	0.13414	0.02020	0.06106	0.02018	0.01240	0.01596	0.01006	0.00711	0.00958	0.00219	0.16170	0.00597	0.00327	0.00921
7	0.01551	0.07171	0.08859	0.01372	0.01789	0.04053	0.05771	0.07109	0.30405	0.04225	0.16397	0.02523	0.02413	0.00885	0.00694	0.00206	0.02373	0.00741	0.00563	0.00898
8	0.01311	0.01177	0.01900	0.02411	0.34177	0.01162	0.05952	0.01762	0.05995	0.02344	0.31056	0.02998	0.03184	0.00901	0.00700	0.00200	0.00581	0.00844	0.00504	0.00842
9	0.09375	0.14108	0.05912	0.01620	0.02114	0.17134	0.15345	0.05056	0.14110	0.06955	0.01459	0.01566	0.01113	0.00665	0.00597	0.00190	0.00827	0.00550	0.00427	0.00878

[dist]
# distance from previous block
# <min> <max>
0	49

[block]
# block no. 10 follows, 34 sequences, length 25
# corresponding to MSA columns:
# 1003-1027
name=unknown_K
#
# <colnr> <probs for GDERKNQSTAVLIFYWHMCP>
#	G	D	E	R	K	N	Q	S	T	A	V	L	I	F	Y	W	H	M	C	P
0	0.13161	0.01560	0.01430	0.07386	0.05568	0.16366	0.01018	0.05836	0.14280	0.02290	0.02931	0.01845	0.01331	0.04417	0.00691	0.00202	0.00671	0.00552	0.09849	0.08617
1	0.01507	0.11007	0.32747	0.01503	0.02124	0.01496	0.06870	0.12020	0.01573	0.02264	0.01338	0.01589	0.01024	0.00779	0.00738	0.06797	0.00768	0.00525	0.12484	0.00847
2	0.01427	0.01360	0.01573	0.01562	0.08321	0.11410	0.07761	0.06148	0.14624	0.02046	0.02495	0.25296	0.05485	0.06384	0.00891	0.00249	0.00653	0.01050	0.00509	0.00756
3	0.00949	0.00678	0.00969	0.00969	0.01077	0.00773	0.00738	0.01164	0.01057	0.01555	0.01792	0.02686	0.01688	0.11316	0.61574	0.00923	0.01503	0.00708	0.07320	0.00562
4	0.01296	0.03342	0.73944	0.01842	0.02797	0.01501	0.02387	0.02046	0.01364	0.02046	0.01160	0.01364	0.00818	0.00614	0.00614	0.00205	0.00955	0.00477	0.00273	0.00955
5	0.00825	0.00645	0.00747	0.00748	0.00917	0.00567	0.00551	0.01036	0.01578	0.02057	0.31604	0.15055	0.38228	0.01567	0.00771	0.00218	0.00325	0.01352	0.00643	0.00567
6	0.01296	0.03342	0.73944	0.01842	0.02797	0.01501	0.02387	0.02046	0.01364	0.02046	0.01160	0.01364	0.00818	0.00614	0.00614	0.00205	0.00955	0.00477	0.00273	0.00955
7	0.01115	0.00705	0.00836	0.00803	0.01018	0.00613	0.00601	0.01306	0.01544	0.12717	0.16524	0.19100	0.37641	0.01533	0.00758	0.00222	0.00366	0.01315	0.00649	0.00636
8	0.01296	0.03342	0.73944	0.01842	0.02797	0.01501	0.02387	0.02046	0.01364	0.02046	0.01160	0.01364	0.00818	0.00614	0.00614	0.00205	0.00955	0.00477	0.00273	0.00955
9	0.00788	0.00597	0.00730	0.00834	0.00931	0.00538	0.00581	0.00923	0.01318	0.01688	0.04472	0.52903	0.25346	0.01897	0.00808	0.00250	0.00367	0.03896	0.00600	0.00533
10	0.01334	0.01210	0.01417	0.01490	0.10908	0.07381	0.01002	0.05764	0.01461	0.01975	0.02258	0.24060	0.05890	0.01163	0.00792	0.00202	0.06730	0.04578	0.00465	0.19921
11	0.30693	0.01378	0.01379	0.01097	0.01575	0.01438	0.00895	0.20782	0.06571	0.06918	0.01347	0.01413	0.01008	0.00648	0.00517	0.00174	0.00555	0.00463	0.00502	0.20644
12	0.01837	0.06060	0.12803	0.02541	0.32398	0.12046	0.01665	0.11156	0.01717	0.05885	0.01314	0.01536	0.01025	0.00639	0.00608	0.00186	0.00807	0.00532	0.04289	0.00957
13	0.01645	0.01721	0.12525	0.01756	0.08156	0.01590	0.07053	0.20047	0.11794	0.02691	0.12262	0.02140	0.01884	0.00859	0.00865	0.00214	0.10693	0.00688	0.00500	0.00916
14	0.00826	0.00644	0.00720	0.00721	0.00879	0.00570	0.00516	0.00998	0.01469	0.01878	0.21874	0.11729	0.41369	0.11627	0.01103	0.00273	0.00366	0.01301	0.00599	0.00539
15	0.01008	0.00655	0.00807	0.00820	0.00947	0.00599	0.00572	0.01160	0.01398	0.07666	0.17701	0.29610	0.17424	0.15171	0.01227	0.00302	0.00411	0.01354	0.00601	0.00569
16	0.06679	0.09106	0.02277	0.02643	0.38595	0.11806	0.01514	0.05672	0.01549	0.02131	0.01144	0.01413	0.00953	0.00585	0.00574	0.00171	0.00758	0.00492	0.00348	0.11589
17	0.01827	0.00904	0.01153	0.01013	0.01311	0.00838	0.00783	0.05338	0.04996	0.32312	0.09852	0.23049	0.07160	0.01236	0.00705	0.00216	0.00457	0.01066	0.04954	0.00831
18	0.00857	0.00627	0.00821	0.00950	0.01044	0.00590	0.00712	0.01030	0.01341	0.01744	0.03921	0.47410	0.13321	0.01904	0.00836	0.00267	0.00432	0.21048	0.00598	0.00548
19	0.01752	0.01445	0.01981	0.06252	0.28323	0.01537	0.01456	0.25389	0.06325	0.02735	0.01812	0.08317	0.01618	0.00898	0.00682	0.00211	0.00689	0.07127	0.00499	0.00952
20	0.02162	0.09389	0.01959	0.08731	0.02125	0.37160	0.01256	0.11446	0.01815	0.08156	0.01323	0.01481	0.02551	0.00739	0.00717	0.00186	0.07074	0.00500	0.00407	0.00822
21	0.01180	0.08066	0.16985	0.01837	0.17970	0.01176	0.01367	0.01514	0.01298	0.01808	0.02041	0.27197	0.02146	0.01640	0.10504	0.00326	0.00795	0.00979	0.00405	0.00763
22	0.01664	0.01260	0.01849	0.26788	0.07099	0.01360	0.06993	0.11296	0.08781	0.12985	0.02295	0.02431	0.10703	0.00828	0.00672	0.00210	0.00701	0.00722	0.00496	0.00865
23	0.01649	0.01892	0.11195	0.01539	0.04089	0.22450	0.06878	0.02012	0.04845	0.08034	0.02220	0.17811	0.05503	0.01133	0.01981	0.00227	0.00807	0.04502	0.00463	0.00770
24	0.01751	0.15833	0.08574	0.02223	0.26144	0.01760	0.01500	0.16525	0.07510	0.02454	0.01331	0.01505	0.01056	0.00632	0.00583	0.00176	0.00709	0.00520	0.00410	0.08803

[dist]
# distance from previous block
# <min> <max>
7	15

[block]
# block no. 11 follows, 34 sequences, length 25
# corresponding to MSA columns:
# 1043-1067
name=unknown_L
#
# <colnr> <probs for GDERKNQSTAVLIFYWHMCP>
#	G	D	E	R	K	N	Q	S	T	A	V	L	I	F	Y	W	H	M	C	P
0	0.01086	0.00835	0.01261	0.01349	0.09881	0.00869	0.05633	0.01289	0.01130	0.01640	0.01785	0.02915	0.01748	0.27618	0.28032	0.00636	0.01032	0.00754	0.09915	0.00593
1	0.00958	0.00825	0.01072	0.01039	0.01141	0.00940	0.00801	0.01116	0.01219	0.01631	0.03554	0.21348	0.25789	0.02191	0.14603	0.00394	0.19159	0.01159	0.00476	0.00586
2	0.01302	0.00741	0.00779	0.00743	0.00924	0.00759	0.00562	0.09693	0.01540	0.02514	0.02219	0.11363	0.01908	0.00910	0.00520	0.00169	0.00359	0.00750	0.61593	0.00652
3	0.02304	0.01581	0.01740	0.01386	0.01860	0.01725	0.01128	0.41960	0.21164	0.15178	0.02002	0.01886	0.01413	0.00806	0.00650	0.00202	0.00631	0.00632	0.00675	0.01079
4	0.07982	0.02145	0.01591	0.01439	0.01792	0.34774	0.01101	0.02931	0.34884	0.02208	0.01760	0.01743	0.01360	0.00760	0.00604	0.00194	0.00807	0.00559	0.00491	0.00874
5	0.00824	0.00578	0.00739	0.00853	0.00881	0.00549	0.00550	0.00909	0.01166	0.01554	0.03195	0.59414	0.03811	0.20111	0.01417	0.00350	0.00435	0.01621	0.00550	0.00493
6	0.00842	0.00647	0.00770	0.00763	0.00927	0.00575	0.00563	0.01070	0.01623	0.02156	0.39330	0.13909	0.31441	0.01525	0.00770	0.00216	0.00322	0.01322	0.00656	0.00575
7	0.02192	0.02550	0.01903	0.13085	0.06225	0.50923	0.01369	0.10539	0.01872	0.01916	0.01099	0.01320	0.00879	0.00671	0.00603	0.00179	0.01043	0.00469	0.00362	0.00801
8	0.01985	0.01764	0.01482	0.01329	0.01645	0.25590	0.01012	0.11428	0.11984	0.12993	0.02157	0.19744	0.01975	0.01057	0.00670	0.00206	0.00728	0.00860	0.00556	0.00834
9	0.01647	0.00928	0.01148	0.01015	0.01311	0.00883	0.00800	0.07330	0.07044	0.23565	0.18502	0.12530	0.13614	0.01251	0.00728	0.00218	0.00456	0.05535	0.00691	0.00804
10	0.01297	0.01246	0.01839	0.55610	0.09674	0.06202	0.01604	0.01654	0.01300	0.01637	0.01252	0.01980	0.01054	0.09963	0.00963	0.00260	0.00845	0.00608	0.00306	0.00706
11	0.37887	0.01446	0.09856	0.01179	0.01533	0.01441	0.01067	0.06511	0.01236	0.02387	0.01140	0.01485	0.00953	0.01572	0.16077	0.00386	0.12254	0.00485	0.00373	0.00733
12	0.00780	0.00624	0.00698	0.00746	0.00900	0.00542	0.00534	0.00934	0.01412	0.01759	0.09121	0.30110	0.46069	0.01751	0.00784	0.00232	0.00342	0.01514	0.00606	0.00542
13	0.01446	0.00921	0.01222	0.21846	0.02053	0.01010	0.01002	0.01963	0.10009	0.10658	0.02057	0.02572	0.01626	0.00824	0.00589	0.00194	0.00536	0.05937	0.32789	0.00744
