[name]
unknown

[dist]
# distance from previous block
# <min> <max>
0	169

[block]
# block no. 0 follows, 44 sequences, length 11
# corresponding to MSA columns:
# 170-180
name=unknown_A
#
# <colnr> <probs for GDERKNQSTAVLIFYWHMCP>
#	G	D	E	R	K	N	Q	S	T	A	V	L	I	F	Y	W	H	M	C	P
0	0.01014	0.00890	0.06319	0.03553	0.01328	0.00719	0.03531	0.01271	0.01203	0.05696	0.07178	0.11091	0.04392	0.03429	0.03252	0.00215	0.00511	0.23836	0.00429	0.20140
1	0.04352	0.01213	0.05728	0.01238	0.09885	0.10592	0.03582	0.01675	0.06503	0.12786	0.09960	0.02521	0.18327	0.00797	0.00552	0.00162	0.00514	0.00664	0.00441	0.08510
2	0.03765	0.01134	0.04487	0.03839	0.04212	0.05698	0.00864	0.15727	0.12502	0.09261	0.02090	0.23121	0.05226	0.02300	0.00615	0.00187	0.00497	0.00814	0.00480	0.03183
3	0.01505	0.16488	0.08875	0.01300	0.08603	0.12892	0.01039	0.09956	0.05607	0.06561	0.01270	0.07868	0.01096	0.00631	0.00488	0.00145	0.00604	0.00496	0.00361	0.14215
4	0.01170	0.00841	0.00949	0.00836	0.01105	0.00811	0.00662	0.12466	0.09334	0.08745	0.07624	0.07728	0.28984	0.01057	0.00599	0.00176	0.00390	0.06975	0.00519	0.09028
5	0.04787	0.01364	0.20269	0.09879	0.01772	0.00996	0.01128	0.06558	0.01181	0.06925	0.01199	0.01496	0.00955	0.01485	0.21629	0.00346	0.00844	0.00457	0.00322	0.16406
6	0.00941	0.00876	0.00916	0.02604	0.01070	0.10460	0.00703	0.01081	0.01156	0.01448	0.07067	0.32216	0.13827	0.04146	0.00871	0.00218	0.10236	0.09225	0.00438	0.00498
7	0.01130	0.00969	0.01130	0.00807	0.01292	0.00727	0.00646	0.01373	0.01130	0.01776	0.00969	0.01130	0.00807	0.00404	0.00404	0.00081	0.00404	0.00323	0.00323	0.84173
8	0.84691	0.01054	0.00801	0.00717	0.01054	0.01223	0.00590	0.01603	0.00928	0.02446	0.00759	0.00886	0.00590	0.00506	0.00337	0.00169	0.00422	0.00295	0.00337	0.00590
9	0.01013	0.06902	0.25277	0.01171	0.05888	0.01023	0.01104	0.01531	0.12678	0.01704	0.08349	0.08477	0.15292	0.06364	0.00715	0.00200	0.00528	0.00729	0.00390	0.00664
10	0.01002	0.00836	0.01194	0.01447	0.21637	0.00759	0.00852	0.01228	0.01199	0.01747	0.12995	0.23486	0.02272	0.00903	0.00555	0.00157	0.00416	0.00813	0.04771	0.21730

[dist]
# distance from previous block
# <min> <max>
5	14

[block]
# block no. 1 follows, 44 sequences, length 30
# corresponding to MSA columns:
# 195-224
name=unknown_B
#
# <colnr> <probs for GDERKNQSTAVLIFYWHMCP>
#	G	D	E	R	K	N	Q	S	T	A	V	L	I	F	Y	W	H	M	C	P
0	0.03979	0.07385	0.06829	0.01365	0.05707	0.08761	0.14302	0.04452	0.07382	0.04923	0.04072	0.23610	0.01833	0.00903	0.00583	0.00182	0.00594	0.02076	0.00400	0.00663
1	0.01585	0.01112	0.01772	0.23969	0.33330	0.01152	0.01368	0.04570	0.01334	0.22420	0.01326	0.01515	0.00960	0.00560	0.00544	0.00169	0.00618	0.00503	0.00382	0.00811
2	0.04030	0.15061	0.29941	0.01778	0.12937	0.09709	0.13442	0.03897	0.01255	0.01696	0.00957	0.01164	0.00744	0.00504	0.00506	0.00160	0.00766	0.00429	0.00262	0.00763
3	0.01194	0.04523	0.14801	0.30721	0.34986	0.01293	0.01644	0.01578	0.01166	0.01611	0.00987	0.01335	0.00778	0.00512	0.00531	0.00169	0.00701	0.00464	0.00252	0.00753
4	0.00695	0.00554	0.00623	0.00606	0.00768	0.00482	0.00454	0.00881	0.01363	0.01758	0.34139	0.04778	0.48424	0.01274	0.00644	0.00179	0.00269	0.01085	0.00544	0.00482
5	0.00882	0.00768	0.01216	0.41714	0.05559	0.00878	0.01075	0.01127	0.01083	0.01412	0.01954	0.33511	0.04589	0.01042	0.00609	0.00197	0.00542	0.00938	0.00359	0.00546
6	0.09624	0.07012	0.11182	0.06545	0.16429	0.06597	0.03970	0.21696	0.07915	0.02237	0.01140	0.01281	0.00869	0.00565	0.00508	0.00164	0.00647	0.00453	0.00366	0.00800
7	0.01254	0.01167	0.01965	0.20588	0.55359	0.01223	0.01549	0.01582	0.01200	0.01709	0.01064	0.01420	0.00869	0.00509	0.00530	0.00164	0.00639	0.00487	0.05944	0.00780
8	0.00712	0.00555	0.00646	0.00623	0.00778	0.00489	0.00467	0.00913	0.01402	0.01851	0.43470	0.04625	0.39035	0.01240	0.00644	0.00177	0.00266	0.01063	0.00556	0.00489
9	0.01402	0.01546	0.01683	0.43708	0.12984	0.26578	0.01385	0.01687	0.01259	0.01426	0.00935	0.01285	0.00737	0.00543	0.00527	0.00166	0.00800	0.00441	0.00259	0.00649
10	0.01314	0.14577	0.35562	0.09297	0.09283	0.05815	0.07253	0.07566	0.01291	0.01744	0.00975	0.01183	0.00742	0.00518	0.00507	0.00162	0.00751	0.00424	0.00267	0.00769
11	0.00765	0.00551	0.00735	0.00835	0.00916	0.00538	0.00643	0.00923	0.01113	0.01459	0.02951	0.34986	0.08488	0.08019	0.05283	0.00292	0.00469	0.30096	0.00478	0.00461
12	0.00859	0.00493	0.00564	0.00620	0.00705	0.00479	0.00437	0.01042	0.01099	0.01747	0.02326	0.37032	0.02383	0.01114	0.00522	0.00169	0.00282	0.00973	0.46677	0.00479
13	0.53906	0.01175	0.01307	0.01641	0.27435	0.03140	0.00975	0.01641	0.01051	0.02189	0.00853	0.01048	0.00687	0.00500	0.00411	0.00166	0.00513	0.00362	0.00313	0.00686
14	0.00947	0.00473	0.00710	0.00710	0.00710	0.00473	0.00473	0.00710	0.00710	0.00947	0.00947	0.01657	0.00947	0.01894	0.02131	0.84138	0.00473	0.00473	0.00237	0.00237
15	0.04680	0.01432	0.04249	0.12803	0.35715	0.10535	0.01378	0.07163	0.06442	0.04130	0.01108	0.01344	0.00877	0.00553	0.00565	0.00165	0.03254	0.00466	0.00321	0.02818
16	0.06789	0.01101	0.01768	0.52635	0.03118	0.03734	0.11435	0.01466	0.01106	0.01512	0.01012	0.01536	0.00808	0.00594	0.00645	0.00186	0.06788	0.02884	0.00263	0.00619
17	0.01345	0.26773	0.08023	0.10291	0.19566	0.07119	0.05084	0.01633	0.01185	0.01541	0.00914	0.01144	0.00762	0.00482	0.00462	0.00139	0.00653	0.00394	0.00261	0.12232
18	0.30992	0.01238	0.01224	0.01012	0.01383	0.01388	0.00823	0.27808	0.19011	0.07874	0.01383	0.01365	0.01008	0.00623	0.00475	0.00171	0.00489	0.00455	0.00483	0.00794
19	0.00793	0.00529	0.00595	0.00595	0.00595	0.00529	0.00330	0.00793	0.00793	0.01057	0.01718	0.03568	0.01982	0.80840	0.02775	0.00529	0.00529	0.00793	0.00330	0.00330
20	0.01130	0.00969	0.01130	0.00807	0.01292	0.00727	0.00646	0.01373	0.01130	0.01776	0.00969	0.01130	0.00807	0.00404	0.00404	0.00081	0.00404	0.00323	0.00323	0.84173
21	0.84691	0.01054	0.00801	0.00717	0.01054	0.01223	0.00590	0.01603	0.00928	0.02446	0.00759	0.00886	0.00590	0.00506	0.00337	0.00169	0.00422	0.00295	0.00337	0.00590
22	0.23891	0.01250	0.01269	0.01012	0.01389	0.01375	0.00832	0.42661	0.01905	0.08720	0.01277	0.01314	0.00919	0.00615	0.00473	0.00162	0.00506	0.00445	0.09192	0.00794
23	0.01526	0.01821	0.02564	0.01946	0.02372	0.26699	0.46052	0.01858	0.01341	0.01582	0.00991	0.01292	0.00779	0.00527	0.00672	0.00173	0.06303	0.00536	0.00275	0.00692
24	0.01130	0.00969	0.01130	0.00807	0.01292	0.00727	0.00646	0.01373	0.01130	0.01776	0.00969	0.01130	0.00807	0.00404	0.00404	0.00081	0.00404	0.00323	0.00323	0.84173
25	0.00830	0.00618	0.00779	0.00728	0.00874	0.00598	0.00549	0.01214	0.08965	0.02196	0.69728	0.03870	0.04799	0.01077	0.00634	0.00173	0.00274	0.00949	0.00596	0.00549
26	0.02072	0.01527	0.01636	0.01254	0.01691	0.01691	0.01036	0.75622	0.02563	0.03436	0.01309	0.01309	0.00927	0.00654	0.00545	0.00164	0.00600	0.00491	0.00545	0.00927
27	0.00664	0.00474	0.00633	0.00759	0.00791	0.00443	0.00506	0.00759	0.01044	0.01392	0.03005	0.80485	0.03606	0.01708	0.00696	0.00221	0.00316	0.01550	0.00506	0.00443
28	0.01542	0.01301	0.01209	0.01050	0.01344	0.11745	0.00822	0.19658	0.31956	0.02370	0.01718	0.01719	0.01299	0.00672	0.00505	0.00161	0.00507	0.00526	0.19127	0.00768
29	0.01243	0.01260	0.01832	0.34650	0.27686	0.09995	0.05620	0.01560	0.01216	0.01548	0.01238	0.01711	0.03836	0.00595	0.00555	0.00174	0.00714	0.03595	0.00279	0.00692

[dist]
# distance from previous block
# <min> <max>
3	16

[block]
# block no. 2 follows, 44 sequences, length 39
# corresponding to MSA columns:
# 241-279
name=unknown_C
#
# <colnr> <probs for GDERKNQSTAVLIFYWHMCP>
#	G	D	E	R	K	N	Q	S	T	A	V	L	I	F	Y	W	H	M	C	P
0	0.01472	0.01293	0.01693	0.12309	0.20827	0.05026	0.04219	0.15905	0.15764	0.03781	0.01310	0.01457	0.01004	0.00571	0.00530	0.00159	0.00601	0.00492	0.00389	0.11200
1	0.01306	0.01746	0.17430	0.01172	0.01488	0.27282	0.04327	0.01565	0.01250	0.01534	0.01518	0.18216	0.01483	0.04677	0.00642	0.00183	0.00675	0.00674	0.12232	0.00601
2	0.00660	0.00492	0.00615	0.00713	0.00779	0.00447	0.00486	0.00764	0.01088	0.01410	0.03565	0.63742	0.19987	0.01635	0.00684	0.00213	0.00307	0.01461	0.00506	0.00447
3	0.12814	0.00621	0.00670	0.00653	0.00726	0.00642	0.00416	0.00998	0.00866	0.04708	0.01669	0.07880	0.01828	0.57135	0.05861	0.00459	0.00542	0.00749	0.00356	0.00409
4	0.01349	0.01345	0.01623	0.44127	0.09446	0.14649	0.01335	0.07352	0.10211	0.01677	0.01126	0.01421	0.00861	0.00574	0.00537	0.00172	0.00720	0.00478	0.00311	0.00688
5	0.01700	0.05693	0.01858	0.02028	0.27423	0.32611	0.01269	0.10365	0.01472	0.01724	0.00943	0.01160	0.00784	0.00578	0.00628	0.00158	0.08138	0.00422	0.00301	0.00745
6	0.01371	0.36145	0.14610	0.01014	0.01489	0.01456	0.01013	0.01703	0.05268	0.09225	0.01245	0.08126	0.01089	0.00610	0.00448	0.00139	0.00548	0.00469	0.00333	0.13700
7	0.00779	0.00584	0.00876	0.00876	0.00974	0.00681	0.00681	0.00974	0.00876	0.01266	0.01460	0.02142	0.01363	0.04089	0.78680	0.00876	0.01460	0.00584	0.00292	0.00487
8	0.00734	0.00532	0.00693	0.00703	0.00804	0.00491	0.00508	0.00938	0.01381	0.01919	0.52016	0.27334	0.07298	0.01305	0.00659	0.00187	0.00276	0.01163	0.00568	0.00491
9	0.01396	0.00703	0.00883	0.00754	0.01018	0.00610	0.00595	0.01594	0.01448	0.32113	0.22863	0.03588	0.28153	0.01030	0.00606	0.00175	0.00346	0.00867	0.00598	0.00661
10	0.01016	0.00508	0.00508	0.00508	0.00635	0.00508	0.00381	0.01270	0.01143	0.02033	0.01778	0.02033	0.01397	0.00635	0.00381	0.00127	0.00254	0.00508	0.83867	0.00508
11	0.01093	0.02820	0.78016	0.01554	0.02360	0.01266	0.02014	0.01727	0.01151	0.01727	0.00978	0.01151	0.00691	0.00518	0.00518	0.00173	0.00806	0.00403	0.00230	0.00806
12	0.01349	0.01295	0.02213	0.03346	0.77440	0.01295	0.01673	0.01673	0.01241	0.01781	0.01025	0.01349	0.00864	0.00486	0.00540	0.00162	0.00648	0.00486	0.00270	0.00864
13	0.01479	0.01232	0.01302	0.01134	0.01465	0.01414	0.00893	0.15399	0.63752	0.02479	0.02062	0.01909	0.01537	0.00725	0.00553	0.00181	0.00460	0.00595	0.00553	0.00874
14	0.01458	0.81168	0.02857	0.00933	0.01399	0.02157	0.00933	0.01632	0.01108	0.01283	0.00758	0.00875	0.00700	0.00466	0.00350	0.00117	0.00583	0.00292	0.00233	0.00700
15	0.84691	0.01054	0.00801	0.00717	0.01054	0.01223	0.00590	0.01603	0.00928	0.02446	0.00759	0.00886	0.00590	0.00506	0.00337	0.00169	0.00422	0.00295	0.00337	0.00590
16	0.00744	0.00585	0.00675	0.00647	0.00809	0.00531	0.00487	0.01010	0.05037	0.01875	0.41856	0.04493	0.36841	0.01214	0.00639	0.00178	0.00274	0.01041	0.00556	0.00507
17	0.01030	0.00969	0.01635	0.79530	0.03755	0.01211	0.01514	0.01393	0.01090	0.01393	0.00969	0.01453	0.00727	0.00545	0.00545	0.00182	0.00727	0.00484	0.00242	0.00606
18	0.01180	0.00679	0.00903	0.00840	0.00993	0.00695	0.00626	0.05305	0.01115	0.17171	0.01869	0.13504	0.01787	0.19115	0.31107	0.00524	0.00847	0.00753	0.00423	0.00562
19	0.00718	0.00500	0.00632	0.00715	0.00740	0.00481	0.00464	0.00788	0.00969	0.01289	0.02561	0.50727	0.03031	0.28622	0.01406	0.00327	0.00397	0.04778	0.00446	0.00407
20	0.00664	0.00474	0.00633	0.00759	0.00791	0.00443	0.00506	0.00759	0.01044	0.01392	0.03005	0.80485	0.03606	0.01708	0.00696	0.00221	0.00316	0.01550	0.00506	0.00443
21	0.00737	0.00516	0.00663	0.00716	0.00747	0.00521	0.00469	0.00813	0.00913	0.01235	0.02205	0.35319	0.02542	0.33541	0.16110	0.00466	0.00615	0.01069	0.00396	0.00406
22	0.05747	0.00914	0.01067	0.00867	0.01206	0.00866	0.00702	0.15105	0.01602	0.34801	0.03079	0.02864	0.27050	0.00903	0.00570	0.00173	0.00422	0.00731	0.00578	0.00752
23	0.02251	0.00919	0.01276	0.01081	0.05635	0.00806	0.00828	0.02472	0.01541	0.67510	0.08056	0.02003	0.01624	0.00699	0.00555	0.00169	0.00458	0.00580	0.00646	0.00891
24	0.02038	0.06019	0.01705	0.01236	0.01674	0.01717	0.01030	0.71448	0.02481	0.03314	0.01278	0.01284	0.00914	0.00644	0.00534	0.00161	0.00599	0.00480	0.00528	0.00914
25	0.36209	0.01569	0.01276	0.17672	0.04315	0.27567	0.00978	0.01756	0.01182	0.01824	0.00840	0.01054	0.00666	0.00533	0.00440	0.00162	0.00684	0.00360	0.00296	0.00617
26	0.01446	0.01007	0.01228	0.16598	0.01763	0.01120	0.00915	0.11209	0.26985	0.12533	0.01815	0.05301	0.01388	0.00708	0.00530	0.00172	0.00483	0.00590	0.13454	0.00755
27	0.00912	0.00758	0.00823	0.00783	0.00987	0.00774	0.00593	0.01546	0.26874	0.01875	0.17607	0.09680	0.32406	0.01138	0.00618	0.00185	0.00329	0.00969	0.00540	0.00606
28	0.00791	0.00537	0.00636	0.00636	0.00650	0.00551	0.00381	0.00819	0.00805	0.01087	0.01680	0.03360	0.01892	0.69685	0.13808	0.00579	0.00664	0.00762	0.00325	0.00353
29	0.00664	0.00474	0.00633	0.00759	0.00791	0.00443	0.00506	0.00759	0.01044	0.01392	0.03005	0.80485	0.03606	0.01708	0.00696	0.00221	0.00316	0.01550	0.00506	0.00443
30	0.00649	0.00549	0.00561	0.00566	0.00741	0.00461	0.00421	0.00788	0.01241	0.01488	0.07359	0.08857	0.71685	0.01389	0.00647	0.00186	0.00278	0.01165	0.00509	0.00461
31	0.40800	0.43300	0.01885	0.00831	0.01236	0.01716	0.00771	0.01618	0.01023	0.01833	0.00758	0.00880	0.00648	0.00485	0.00344	0.00141	0.00507	0.00293	0.00282	0.00648
32	0.01030	0.00969	0.01635	0.79530	0.03755	0.01211	0.01514	0.01393	0.01090	0.01393	0.00969	0.01453	0.00727	0.00545	0.00545	0.00182	0.00727	0.00484	0.00242	0.00606
33	0.01616	0.05135	0.01657	0.06194	0.20486	0.42280	0.01161	0.01810	0.01364	0.01453	0.01159	0.10926	0.01103	0.00680	0.00526	0.00157	0.00787	0.00538	0.00302	0.00667
34	0.01044	0.06221	0.33250	0.01430	0.01927	0.01139	0.15522	0.01469	0.01081	0.01548	0.01154	0.01534	0.00946	0.01719	0.27126	0.00411	0.01038	0.00504	0.00260	0.00678
35	0.04618	0.15796	0.47938	0.01558	0.06315	0.01431	0.08088	0.01756	0.04508	0.01710	0.01001	0.01171	0.00753	0.00512	0.00496	0.00164	0.00737	0.00415	0.00256	0.00779
36	0.00711	0.00555	0.00645	0.00623	0.00778	0.00489	0.00467	0.00912	0.01401	0.01849	0.43287	0.04628	0.39219	0.01240	0.00644	0.00177	0.00266	0.01064	0.00556	0.00489
37	0.01153	0.01146	0.01312	0.17701	0.01727	0.14254	0.04233	0.01305	0.01018	0.01264	0.01180	0.02071	0.01178	0.28087	0.04734	0.00332	0.15931	0.00576	0.00282	0.00516
38	0.01093	0.01207	0.11214	0.05710	0.27441	0.01038	0.05338	0.01426	0.01224	0.01713	0.09028	0.02806	0.01829	0.00994	0.04410	0.00225	0.03891	0.18374	0.00353	0.00685

[dist]
# distance from previous block
# <min> <max>
6	52

[block]
# block no. 3 follows, 44 sequences, length 23
# corresponding to MSA columns:
# 333-355
name=unknown_D
#
# <colnr> <probs for GDERKNQSTAVLIFYWHMCP>
#	G	D	E	R	K	N	Q	S	T	A	V	L	I	F	Y	W	H	M	C	P
0	0.01133	0.01036	0.01227	0.21898	0.03870	0.06711	0.00971	0.01826	0.26643	0.01828	0.13498	0.09747	0.04195	0.00852	0.00581	0.00183	0.00515	0.02177	0.00444	0.00665
1	0.01144	0.07368	0.10152	0.28616	0.09749	0.01173	0.03944	0.01451	0.01156	0.06475	0.01826	0.03442	0.13716	0.00729	0.00644	0.00178	0.06655	0.00601	0.00321	0.00658
2	0.30057	0.28052	0.13151	0.01042	0.01509	0.03893	0.04951	0.01752	0.01117	0.08751	0.00939	0.01044	0.00727	0.00509	0.00409	0.00152	0.00580	0.00353	0.00312	0.00699
3	0.06397	0.28986	0.01932	0.06026	0.01596	0.27582	0.01007	0.01719	0.01225	0.01426	0.04770	0.01162	0.00930	0.00612	0.00639	0.00153	0.12535	0.00388	0.00276	0.00640
4	0.00934	0.00777	0.05299	0.00851	0.01036	0.00650	0.00670	0.05938	0.03547	0.05221	0.06577	0.46843	0.08005	0.01327	0.00636	0.00195	0.00380	0.03281	0.00492	0.07341
5	0.05803	0.01368	0.06191	0.06835	0.06092	0.01422	0.11900	0.24191	0.11423	0.02267	0.01335	0.06004	0.01090	0.00704	0.00715	0.00184	0.10731	0.00573	0.00401	0.00770
6	0.01266	0.07634	0.25106	0.01408	0.09828	0.01081	0.04892	0.03000	0.01242	0.12593	0.05028	0.02041	0.08896	0.01133	0.10768	0.00262	0.00726	0.02005	0.00364	0.00725
7	0.01410	0.01031	0.01456	0.05780	0.26757	0.01033	0.01032	0.09115	0.05315	0.11906	0.01432	0.01891	0.01205	0.15566	0.00940	0.00225	0.00546	0.00547	0.05248	0.07564
8	0.01276	0.01440	0.03046	0.02202	0.02693	0.01411	0.67269	0.01698	0.01237	0.01698	0.01060	0.01440	0.00815	0.00514	0.00770	0.00190	0.09623	0.00625	0.00272	0.00720
9	0.01274	0.01559	0.08105	0.02249	0.02817	0.01371	0.70660	0.01745	0.01278	0.01745	0.01095	0.01450	0.00818	0.00463	0.00635	0.00183	0.00912	0.00628	0.00273	0.00740
10	0.00953	0.00969	0.05865	0.00918	0.01061	0.10803	0.00704	0.05368	0.01211	0.01528	0.02566	0.58027	0.05091	0.01409	0.00647	0.00203	0.00451	0.01244	0.00461	0.00520
11	0.01356	0.01171	0.01233	0.01109	0.01418	0.01356	0.00863	0.02897	0.76455	0.02281	0.02219	0.02034	0.01664	0.00740	0.00555	0.00185	0.00431	0.00616	0.00555	0.00863
12	0.00664	0.00474	0.00633	0.00759	0.00791	0.00443	0.00506	0.00759	0.01044	0.01392	0.03005	0.80485	0.03606	0.01708	0.00696	0.00221	0.00316	0.01550	0.00506	0.00443
13	0.00669	0.00478	0.00637	0.00756	0.00792	0.00446	0.00506	0.00771	0.01065	0.01425	0.06158	0.77235	0.03671	0.01683	0.00694	0.00219	0.00314	0.01526	0.00510	0.00446
14	0.01458	0.81168	0.02857	0.00933	0.01399	0.02157	0.00933	0.01632	0.01108	0.01283	0.00758	0.00875	0.00700	0.00466	0.00350	0.00117	0.00583	0.00292	0.00233	0.00700
15	0.84691	0.01054	0.00801	0.00717	0.01054	0.01223	0.00590	0.01603	0.00928	0.02446	0.00759	0.00886	0.00590	0.00506	0.00337	0.00169	0.00422	0.00295	0.00337	0.00590
16	0.01093	0.02820	0.78016	0.01554	0.02360	0.01266	0.02014	0.01727	0.01151	0.01727	0.00978	0.01151	0.00691	0.00518	0.00518	0.00173	0.00806	0.00403	0.00230	0.00806
17	0.00676	0.00491	0.00638	0.00733	0.00789	0.00453	0.00499	0.00795	0.01124	0.01499	0.12638	0.64507	0.09932	0.01605	0.00685	0.00212	0.00305	0.01445	0.00518	0.00453
18	0.00772	0.00557	0.00729	0.00686	0.00814	0.00514	0.00514	0.01029	0.01543	0.02186	0.77152	0.04072	0.05144	0.01115	0.00643	0.00171	0.00257	0.00986	0.00600	0.00514
19	0.01108	0.01547	0.24472	0.01722	0.18750	0.03219	0.03839	0.01587	0.07702	0.01732	0.03844	0.11784	0.01730	0.00864	0.00596	0.00190	0.00618	0.13621	0.00362	0.00711
20	0.01458	0.81168	0.02857	0.00933	0.01399	0.02157	0.00933	0.01632	0.01108	0.01283	0.00758	0.00875	0.00700	0.00466	0.00350	0.00117	0.00583	0.00292	0.00233	0.00700
21	0.01196	0.01147	0.03655	0.13274	0.17737	0.01197	0.05975	0.02017	0.32068	0.01882	0.02132	0.02187	0.11712	0.00722	0.00567	0.00179	0.00542	0.00639	0.00415	0.00759
22	0.03089	0.04180	0.00981	0.00844	0.01025	0.04537	0.04480	0.02707	0.01242	0.03735	0.12588	0.17499	0.26134	0.05539	0.02955	0.00226	0.02393	0.04861	0.00462	0.00523

[dist]
# distance from previous block
# <min> <max>
2	8

[block]
# block no. 4 follows, 44 sequences, length 17
# corresponding to MSA columns:
# 364-380
name=unknown_E
#
# <colnr> <probs for GDERKNQSTAVLIFYWHMCP>
#	G	D	E	R	K	N	Q	S	T	A	V	L	I	F	Y	W	H	M	C	P
0	0.03236	0.06044	0.24060	0.08291	0.05811	0.01171	0.04346	0.09782	0.05147	0.07080	0.08575	0.04227	0.06068	0.03066	0.00611	0.00182	0.00603	0.00591	0.00382	0.00728
1	0.03383	0.01275	0.01712	0.01664	0.14937	0.09154	0.14116	0.06195	0.16116	0.07067	0.06034	0.01859	0.03749	0.01017	0.09020	0.00247	0.00720	0.00587	0.00403	0.00744
2	0.01129	0.01002	0.01567	0.15781	0.24197	0.01068	0.04882	0.04380	0.01291	0.03629	0.14508	0.02407	0.12879	0.00789	0.00695	0.00179	0.07896	0.00677	0.00374	0.00672
3	0.00970	0.00671	0.00849	0.04848	0.01077	0.00631	0.00608	0.01133	0.01160	0.07855	0.09463	0.11877	0.21770	0.01378	0.07929	0.05942	0.02973	0.00820	0.05566	0.12481
4	0.01014	0.00885	0.01387	0.53562	0.02838	0.01045	0.01221	0.05091	0.01284	0.01704	0.20255	0.02231	0.01915	0.00720	0.00575	0.00180	0.00596	0.02547	0.00355	0.00596
5	0.00783	0.00568	0.00793	0.00793	0.00862	0.00636	0.00578	0.00920	0.00852	0.01204	0.01536	0.02563	0.01546	0.26760	0.56259	0.00773	0.01185	0.00646	0.00303	0.00441
6	0.00695	0.00496	0.00668	0.00794	0.00839	0.00469	0.00559	0.00812	0.01074	0.01426	0.02988	0.69849	0.03539	0.01679	0.00704	0.00226	0.00343	0.11882	0.00505	0.00451
7	0.00767	0.00540	0.00562	0.00557	0.00717	0.00481	0.00417	0.00953	0.01252	0.01724	0.13553	0.04178	0.46371	0.01134	0.00569	0.00166	0.00267	0.00946	0.24364	0.00481
8	0.00780	0.00581	0.00859	0.00859	0.00950	0.00672	0.00660	0.00962	0.00871	0.01253	0.01476	0.02229	0.01401	0.08807	0.74014	0.00855	0.01403	0.00597	0.00294	0.00477
9	0.01458	0.81168	0.02857	0.00933	0.01399	0.02157	0.00933	0.01632	0.01108	0.01283	0.00758	0.00875	0.00700	0.00466	0.00350	0.00117	0.00583	0.00292	0.00233	0.00700
10	0.43068	0.00914	0.00896	0.00760	0.01085	0.00957	0.00620	0.01879	0.01170	0.26475	0.01391	0.01406	0.00981	0.00584	0.00413	0.00161	0.00405	0.00415	0.15740	0.00683
11	0.00678	0.00532	0.00614	0.00640	0.00769	0.00468	0.00462	0.00831	0.01255	0.01610	0.20894	0.25950	0.40532	0.01412	0.00658	0.00192	0.00283	0.01225	0.00527	0.00468
12	0.01164	0.00778	0.00899	0.00808	0.00980	0.00845	0.00617	0.18927	0.01349	0.01987	0.01564	0.02142	0.01370	0.14757	0.23505	0.00419	0.00731	0.00573	0.26013	0.00573
13	0.00663	0.00553	0.00578	0.00571	0.00748	0.00468	0.00429	0.00818	0.01286	0.01575	0.15771	0.05079	0.66907	0.01343	0.00644	0.00182	0.00273	0.01127	0.00520	0.00468
14	0.01267	0.07231	0.21819	0.01782	0.02259	0.05419	0.31776	0.01661	0.01155	0.01594	0.00950	0.01263	0.00753	0.00587	0.00832	0.00186	0.17988	0.00507	0.00253	0.00715
15	0.09509	0.00995	0.01581	0.67580	0.07329	0.01217	0.01429	0.01429	0.01082	0.01520	0.00951	0.01391	0.00720	0.00538	0.00524	0.00179	0.00692	0.00465	0.00253	0.00618
16	0.01387	0.25820	0.02292	0.19585	0.21397	0.10846	0.08204	0.01664	0.01207	0.01484	0.00916	0.01195	0.00760	0.00500	0.00487	0.00152	0.00711	0.00425	0.00254	0.00715

[dist]
# distance from previous block
# <min> <max>
0	1

[block]
# block no. 5 follows, 44 sequences, length 27
# corresponding to MSA columns:
# 382-408
name=unknown_F
#
# <colnr> <probs for GDERKNQSTAVLIFYWHMCP>
#	G	D	E	R	K	N	Q	S	T	A	V	L	I	F	Y	W	H	M	C	P
0	0.01668	0.24921	0.01873	0.01098	0.01517	0.01690	0.00941	0.32540	0.18750	0.02432	0.01330	0.01333	0.01019	0.00602	0.00481	0.00149	0.00544	0.00450	0.00441	0.06221
1	0.00671	0.00530	0.00604	0.00635	0.00765	0.00464	0.00458	0.00815	0.01232	0.01564	0.16307	0.27335	0.43821	0.01435	0.00659	0.00193	0.00285	0.01242	0.00521	0.00464
2	0.06913	0.01309	0.01704	0.12405	0.27290	0.08338	0.05175	0.02020	0.23434	0.01871	0.01450	0.01603	0.02911	0.00597	0.00535	0.00172	0.00615	0.00524	0.00362	0.00773
3	0.01552	0.03868	0.18649	0.01760	0.17733	0.18893	0.01360	0.09712	0.01403	0.06804	0.01145	0.05287	0.00951	0.00645	0.00641	0.00169	0.07848	0.00490	0.00328	0.00759
4	0.00759	0.00591	0.00898	0.00982	0.03520	0.00567	0.05599	0.00909	0.01084	0.01451	0.02727	0.60122	0.03171	0.01669	0.04272	0.00251	0.00442	0.10027	0.00473	0.00485
5	0.01924	0.02165	0.01509	0.01295	0.01634	0.52721	0.00996	0.16971	0.01697	0.01819	0.00954	0.01069	0.00762	0.00560	0.00491	0.00137	0.00829	0.00376	0.00340	0.11753
6	0.00717	0.00515	0.00699	0.00769	0.00815	0.00526	0.00532	0.00827	0.00957	0.01305	0.02357	0.45892	0.02702	0.14206	0.24027	0.00460	0.00686	0.01152	0.00417	0.00439
7	0.00709	0.00504	0.00660	0.00768	0.00812	0.00479	0.00534	0.00815	0.01046	0.01385	0.02881	0.59344	0.04823	0.11376	0.00958	0.00262	0.00367	0.11357	0.00484	0.00437
8	0.06416	0.11936	0.53155	0.01507	0.06095	0.01339	0.04225	0.01694	0.01147	0.03456	0.01039	0.03770	0.00811	0.00550	0.00498	0.00167	0.00726	0.00437	0.00260	0.00771
9	0.01030	0.00969	0.01635	0.79530	0.03755	0.01211	0.01514	0.01393	0.01090	0.01393	0.00969	0.01453	0.00727	0.00545	0.00545	0.00182	0.00727	0.00484	0.00242	0.00606
10	0.00663	0.00478	0.00629	0.00749	0.00788	0.00444	0.00502	0.00760	0.01053	0.01396	0.03127	0.76843	0.07169	0.01692	0.00693	0.00220	0.00314	0.01531	0.00506	0.00444
11	0.01707	0.01216	0.01527	0.01584	0.17705	0.02499	0.01058	0.17405	0.21457	0.17481	0.01641	0.01641	0.01200	0.00659	0.00605	0.00172	0.04741	0.00532	0.04318	0.00855
12	0.01511	0.01307	0.01242	0.01102	0.01344	0.23852	0.05763	0.01684	0.01323	0.16443	0.02108	0.08942	0.09385	0.08309	0.03381	0.00234	0.01987	0.09038	0.00429	0.00616
13	0.01088	0.00627	0.00830	0.00740	0.00924	0.00569	0.00569	0.01337	0.01546	0.16493	0.62964	0.03653	0.04426	0.01031	0.00625	0.00171	0.00296	0.00903	0.00614	0.00593
14	0.01024	0.00647	0.00956	0.05063	0.01169	0.00711	0.00731	0.01223	0.00997	0.12282	0.01636	0.07292	0.01477	0.03251	0.58094	0.00694	0.01202	0.00638	0.00359	0.00554
15	0.01381	0.01703	0.12337	0.01412	0.09036	0.23973	0.01094	0.01969	0.21053	0.01695	0.01673	0.17152	0.01548	0.00823	0.00557	0.00175	0.00647	0.00680	0.00389	0.00703
16	0.01207	0.20899	0.01989	0.12718	0.11854	0.02776	0.09975	0.03610	0.01113	0.01462	0.01079	0.01577	0.00972	0.08784	0.12638	0.00304	0.05628	0.00498	0.00273	0.00644
17	0.00762	0.00557	0.00715	0.00676	0.00808	0.00510	0.00507	0.01010	0.01520	0.02131	0.71615	0.04163	0.10715	0.01135	0.00643	0.00172	0.00259	0.00999	0.00593	0.00510
18	0.00683	0.00557	0.00606	0.00602	0.00771	0.00480	0.00457	0.00853	0.01310	0.01639	0.21355	0.05025	0.57905	0.01327	0.00649	0.00184	0.00282	0.04315	0.00527	0.00474
19	0.01221	0.01017	0.05377	0.07394	0.05453	0.00953	0.07904	0.03582	0.16586	0.10924	0.14230	0.10023	0.09221	0.00875	0.00591	0.00180	0.00482	0.00776	0.02518	0.00694
20	0.01130	0.00969	0.01130	0.00807	0.01292	0.00727	0.00646	0.01373	0.01130	0.01776	0.00969	0.01130	0.00807	0.00404	0.00404	0.00081	0.00404	0.00323	0.00323	0.84173
21	0.00791	0.00627	0.00934	0.06371	0.11156	0.00632	0.00746	0.00945	0.01056	0.01430	0.02448	0.56649	0.02819	0.01714	0.08711	0.00278	0.00506	0.01238	0.00435	0.00514
22	0.01132	0.00949	0.01548	0.19387	0.26851	0.00979	0.05223	0.01421	0.01231	0.05383	0.09996	0.09799	0.05562	0.00756	0.00566	0.00173	0.00544	0.00694	0.07134	0.00672
23	0.01216	0.06485	0.08215	0.07026	0.29763	0.01075	0.03492	0.01506	0.01215	0.07507	0.01758	0.13303	0.04063	0.00839	0.00582	0.00183	0.00578	0.10118	0.00365	0.00712
24	0.01125	0.00776	0.00999	0.00935	0.01111	0.00834	0.00731	0.16115	0.01347	0.06470	0.05344	0.17735	0.02008	0.02410	0.34004	0.00486	0.00881	0.05656	0.00437	0.00596
25	0.06286	0.13557	0.20130	0.09612	0.23273	0.01324	0.06330	0.01559	0.01158	0.01657	0.01283	0.05744	0.04611	0.00606	0.00515	0.00166	0.00652	0.00526	0.00281	0.00732
26	0.01170	0.01442	0.14647	0.11948	0.18948	0.06394	0.07315	0.01654	0.09705	0.01710	0.05040	0.06196	0.07823	0.00731	0.00572	0.00177	0.00634	0.02836	0.00347	0.00711

[dist]
# distance from previous block
# <min> <max>
0	243

[block]
# block no. 6 follows, 44 sequences, length 72
# corresponding to MSA columns:
# 657-718,818-827
name=unknown_G
#
# <colnr> <probs for GDERKNQSTAVLIFYWHMCP>
#	G	D	E	R	K	N	Q	S	T	A	V	L	I	F	Y	W	H	M	C	P
0	0.04872	0.08559	0.25986	0.06144	0.05903	0.04461	0.03645	0.06260	0.01336	0.18238	0.03676	0.01413	0.01013	0.00595	0.00540	0.01735	0.00643	0.00457	0.00372	0.04151
1	0.01508	0.11743	0.11900	0.03296	0.16407	0.12714	0.06830	0.14911	0.01474	0.01927	0.01044	0.01237	0.00826	0.00608	0.02266	0.00166	0.00710	0.00434	0.02959	0.07040
2	0.01299	0.16454	0.08023	0.01036	0.01398	0.12301	0.03844	0.04505	0.05288	0.03413	0.01651	0.09636	0.07099	0.03372	0.02290	0.00175	0.00589	0.00585	0.03591	0.13451
3	0.01173	0.01092	0.03714	0.01088	0.06176	0.02857	0.03770	0.04372	0.01190	0.01780	0.01071	0.02932	0.00914	0.00751	0.06688	0.00164	0.00558	0.00403	0.00324	0.58983
4	0.00733	0.00510	0.00626	0.00691	0.00719	0.00492	0.00444	0.00795	0.00948	0.01256	0.02495	0.39267	0.05173	0.37506	0.01638	0.00361	0.00421	0.05102	0.00426	0.00396
5	0.01257	0.02464	0.58723	0.01485	0.02194	0.04207	0.04705	0.05253	0.03295	0.05463	0.01083	0.01221	0.00772	0.00531	0.00520	0.00167	0.00760	0.00423	0.00284	0.05192
6	0.00651	0.00546	0.00566	0.00574	0.00744	0.00461	0.00425	0.00790	0.01239	0.01495	0.08189	0.11051	0.68613	0.01396	0.00648	0.00186	0.00279	0.01175	0.00510	0.00461
7	0.00779	0.00584	0.00876	0.00876	0.00974	0.00681	0.00681	0.00974	0.00876	0.01266	0.01460	0.02142	0.01363	0.04089	0.78680	0.00876	0.01460	0.00584	0.00292	0.00487
8	0.00663	0.00479	0.00628	0.00748	0.00788	0.00444	0.00501	0.00760	0.01054	0.01396	0.03138	0.76498	0.07507	0.01691	0.00693	0.00219	0.00314	0.01529	0.00506	0.00444
9	0.01349	0.01295	0.02213	0.03346	0.77440	0.01295	0.01673	0.01673	0.01241	0.01781	0.01025	0.01349	0.00864	0.00486	0.00540	0.00162	0.00648	0.00486	0.00270	0.00864
10	0.01458	0.81168	0.02857	0.00933	0.01399	0.02157	0.00933	0.01632	0.01108	0.01283	0.00758	0.00875	0.00700	0.00466	0.00350	0.00117	0.00583	0.00292	0.00233	0.00700
11	0.00793	0.00529	0.00595	0.00595	0.00595	0.00529	0.00330	0.00793	0.00793	0.01057	0.01718	0.03568	0.01982	0.80840	0.02775	0.00529	0.00529	0.00793	0.00330	0.00330
12	0.00787	0.00553	0.00719	0.00719	0.00761	0.00596	0.00485	0.00872	0.00830	0.01149	0.01604	0.02940	0.01709	0.47045	0.36198	0.00682	0.00939	0.00701	0.00313	0.00399
13	0.01325	0.22163	0.29097	0.01187	0.01742	0.01450	0.01274	0.11926	0.02972	0.01840	0.01012	0.01187	0.00806	0.02178	0.02097	0.00165	0.02517	0.00391	0.00301	0.14371
14	0.00718	0.00589	0.00621	0.00604	0.00786	0.00516	0.00455	0.03787	0.01328	0.01641	0.14641	0.07359	0.62393	0.01328	0.00642	0.00183	0.00288	0.01116	0.00520	0.00485
15	0.01493	0.10881	0.07410	0.02932	0.01491	0.01401	0.00944	0.27557	0.19972	0.02266	0.01467	0.01746	0.01199	0.11434	0.00904	0.04628	0.00559	0.00530	0.00434	0.00751
16	0.01318	0.23791	0.08673	0.01905	0.11190	0.01604	0.33363	0.01665	0.01180	0.01580	0.00952	0.01239	0.00775	0.00514	0.00643	0.00167	0.07958	0.00492	0.00256	0.00734
17	0.00665	0.00537	0.00592	0.00612	0.00758	0.00464	0.00446	0.00810	0.01241	0.01549	0.14371	0.20590	0.52632	0.01413	0.00655	0.00190	0.00282	0.01211	0.00518	0.00464
18	0.01321	0.01094	0.03702	0.03018	0.14503	0.03500	0.00925	0.11970	0.08522	0.05682	0.04612	0.12077	0.01549	0.00740	0.00523	0.00155	0.00482	0.00632	0.10669	0.14324
19	0.01416	0.03315	0.29785	0.01377	0.01786	0.03871	0.01409	0.07977	0.01222	0.11648	0.01075	0.01286	0.00823	0.00791	0.02979	0.00210	0.27508	0.00455	0.00321	0.00745
20	0.00653	0.00520	0.00586	0.00639	0.00759	0.00453	0.00453	0.00773	0.01159	0.01439	0.04465	0.36843	0.46304	0.01518	0.00666	0.00200	0.00293	0.01318	0.00506	0.00453
21	0.01009	0.05411	0.09580	0.07851	0.04073	0.05820	0.11442	0.01327	0.04370	0.01568	0.05496	0.19379	0.18477	0.00991	0.00601	0.00183	0.00549	0.00882	0.00391	0.00600
22	0.01467	0.06244	0.02081	0.15590	0.24567	0.22471	0.13758	0.01759	0.01295	0.01565	0.00988	0.01282	0.00797	0.00516	0.00529	0.00159	0.00782	0.00465	0.02972	0.00713
23	0.00896	0.00646	0.00745	0.00737	0.00884	0.00629	0.00544	0.01200	0.10540	0.05542	0.07484	0.11729	0.27062	0.17751	0.03551	0.00286	0.00421	0.08358	0.00483	0.00515
24	0.01668	0.01072	0.01241	0.01044	0.01372	0.01108	0.00868	0.34422	0.01891	0.16674	0.02424	0.03069	0.12362	0.00955	0.00607	0.00187	0.00506	0.17210	0.00554	0.00764
25	0.01164	0.01112	0.01841	0.09043	0.41315	0.03187	0.08851	0.01454	0.01234	0.01700	0.08140	0.15354	0.01701	0.00759	0.00586	0.00176	0.00599	0.00727	0.00339	0.00718
26	0.01224	0.01142	0.01905	0.30258	0.40577	0.01232	0.03510	0.05068	0.01239	0.01696	0.01147	0.06438	0.00992	0.00592	0.00555	0.00173	0.00660	0.00558	0.00288	0.00744
27	0.00664	0.00474	0.00633	0.00759	0.00791	0.00443	0.00506	0.00759	0.01044	0.01392	0.03005	0.80485	0.03606	0.01708	0.00696	0.00221	0.00316	0.01550	0.00506	0.00443
28	0.01130	0.00969	0.01130	0.00807	0.01292	0.00727	0.00646	0.01373	0.01130	0.01776	0.00969	0.01130	0.00807	0.00404	0.00404	0.00081	0.00404	0.00323	0.00323	0.84173
29	0.01193	0.01193	0.01670	0.01431	0.01431	0.01670	0.01193	0.01312	0.00835	0.01312	0.00716	0.01193	0.00716	0.00954	0.01789	0.00239	0.79843	0.00477	0.00239	0.00596
30	0.01029	0.00996	0.08751	0.00898	0.01213	0.00796	0.00770	0.01501	0.14405	0.04837	0.09825	0.13745	0.11170	0.01151	0.06605	0.00216	0.00491	0.00758	0.00443	0.20400
31	0.02025	0.01504	0.01610	0.01245	0.01673	0.01669	0.01025	0.70854	0.07408	0.03360	0.01369	0.01356	0.00975	0.00660	0.00546	0.00165	0.00589	0.00499	0.00546	0.00923
32	0.01458	0.81168	0.02857	0.00933	0.01399	0.02157	0.00933	0.01632	0.01108	0.01283	0.00758	0.00875	0.00700	0.00466	0.00350	0.00117	0.00583	0.00292	0.00233	0.00700
33	0.84691	0.01054	0.00801	0.00717	0.01054	0.01223	0.00590	0.01603	0.00928	0.02446	0.00759	0.00886	0.00590	0.00506	0.00337	0.00169	0.00422	0.00295	0.00337	0.00590
34	0.00654	0.00533	0.00580	0.00610	0.00753	0.00458	0.00442	0.00786	0.01204	0.01481	0.07743	0.24396	0.55557	0.01454	0.00657	0.00193	0.00286	0.01246	0.00510	0.00458
35	0.00644	0.00552	0.00552	0.00552	0.00736	0.00460	0.00414	0.00782	0.01243	0.01473	0.05523	0.05247	0.77218	0.01381	0.00644	0.00184	0.00276	0.01151	0.00506	0.00460
36	0.00790	0.00527	0.00595	0.00598	0.00599	0.00527	0.00334	0.00792	0.00798	0.01065	0.01746	0.05278	0.02018	0.79081	0.02729	0.00522	0.00524	0.00810	0.00334	0.00333
37	0.01356	0.01171	0.01233	0.01109	0.01418	0.01356	0.00863	0.02897	0.76455	0.02281	0.02219	0.02034	0.01664	0.00740	0.00555	0.00185	0.00431	0.00616	0.00555	0.00863
38	0.01130	0.00969	0.01130	0.00807	0.01292	0.00727	0.00646	0.01373	0.01130	0.01776	0.00969	0.01130	0.00807	0.00404	0.00404	0.00081	0.00404	0.00323	0.00323	0.84173
39	0.00724	0.00521	0.00686	0.00718	0.00804	0.00483	0.00511	0.00910	0.01323	0.01836	0.44472	0.37751	0.04466	0.01376	0.00666	0.00193	0.00283	0.01234	0.00559	0.00483
40	0.01691	0.01801	0.01567	0.09414	0.04181	0.37708	0.01124	0.03459	0.01308	0.07888	0.00967	0.01212	0.00792	0.00772	0.03076	0.00195	0.21456	0.00428	0.00305	0.00655
41	0.01041	0.00804	0.01029	0.00946	0.01126	0.00847	0.03090	0.14358	0.06353	0.01903	0.10502	0.29402	0.04170	0.01726	0.15191	0.00319	0.02477	0.00954	0.00467	0.03296
42	0.01178	0.01017	0.01252	0.00898	0.01384	0.00799	0.04255	0.04513	0.01198	0.01845	0.00990	0.01154	0.00813	0.00417	0.00421	0.00089	0.00437	0.00345	0.00330	0.76666
43	0.00779	0.00584	0.00876	0.00876	0.00974	0.00681	0.00681	0.00974	0.00876	0.01266	0.01460	0.02142	0.01363	0.04089	0.78680	0.00876	0.01460	0.00584	0.00292	0.00487
44	0.01065	0.00784	0.00974	0.08822	0.03084	0.00800	0.00723	0.05055	0.13405	0.08058	0.23319	0.09122	0.20553	0.01032	0.00608	0.00181	0.00384	0.00886	0.00523	0.00623
45	0.01326	0.01080	0.01195	0.00986	0.01368	0.01084	0.00776	0.02296	0.43450	0.06057	0.01733	0.01676	0.01317	0.00607	0.00496	0.00144	0.00422	0.00500	0.00472	0.33016
46	0.84691	0.01054	0.00801	0.00717	0.01054	0.01223	0.00590	0.01603	0.00928	0.02446	0.00759	0.00886	0.00590	0.00506	0.00337	0.00169	0.00422	0.00295	0.00337	0.00590
47	0.01620	0.01725	0.01354	0.01224	0.01521	0.31328	0.00937	0.02618	0.47408	0.01914	0.01685	0.01627	0.01291	0.00671	0.00530	0.00168	0.00645	0.00514	0.00449	0.00773
48	0.00964	0.00549	0.00578	0.00566	0.00654	0.00554	0.00383	0.03491	0.01053	0.01700	0.01740	0.02604	0.01609	0.31736	0.01315	0.00284	0.00372	0.00618	0.48779	0.00453
49	0.01044	0.00916	0.01281	0.13397	0.15221	0.02977	0.00946	0.01274	0.01046	0.01482	0.01198	0.01786	0.01095	0.11452	0.21332	0.00378	0.00806	0.00505	0.00293	0.21571
50	0.01316	0.01541	0.11980	0.01978	0.08003	0.01340	0.41201	0.10683	0.03336	0.01922	0.01257	0.07119	0.01043	0.00611	0.00658	0.00183	0.04108	0.00641	0.00325	0.00753
51	0.00664	0.00474	0.00633	0.00759	0.00791	0.00443	0.00506	0.00759	0.01044	0.01392	0.03005	0.80485	0.03606	0.01708	0.00696	0.00221	0.00316	0.01550	0.00506	0.00443
52	0.00675	0.00482	0.00646	0.00772	0.00809	0.00453	0.00526	0.00779	0.01055	0.01404	0.02999	0.76577	0.03581	0.01697	0.00699	0.00223	0.00326	0.05346	0.00506	0.00446
53	0.01349	0.01295	0.02213	0.03346	0.77440	0.01295	0.01673	0.01673	0.01241	0.01781	0.01025	0.01349	0.00864	0.00486	0.00540	0.00162	0.00648	0.00486	0.00270	0.00864
54	0.00947	0.00473	0.00710	0.00710	0.00710	0.00473	0.00473	0.00710	0.00710	0.00947	0.00947	0.01657	0.00947	0.01894	0.02131	0.84138	0.00473	0.00473	0.00237	0.00237
55	0.01349	0.01295	0.02213	0.03346	0.77440	0.01295	0.01673	0.01673	0.01241	0.01781	0.01025	0.01349	0.00864	0.00486	0.00540	0.00162	0.00648	0.00486	0.00270	0.00864
56	0.01130	0.00969	0.01130	0.00807	0.01292	0.00727	0.00646	0.01373	0.01130	0.01776	0.00969	0.01130	0.00807	0.00404	0.00404	0.00081	0.00404	0.00323	0.00323	0.84173
57	0.00950	0.00777	0.00937	0.00789	0.01098	0.00617	0.00592	0.01135	0.01097	0.01627	0.01758	0.31901	0.01893	0.00909	0.00517	0.00135	0.00370	0.00799	0.00394	0.51706
58	0.01515	0.01823	0.05635	0.01427	0.01579	0.31499	0.01182	0.01669	0.01127	0.01342	0.00779	0.01109	0.00709	0.00779	0.01219	0.00197	0.45109	0.00424	0.00255	0.00621
59	0.00664	0.00474	0.00633	0.00759	0.00791	0.00443	0.00506	0.00759	0.01044	0.01392	0.03005	0.80485	0.03606	0.01708	0.00696	0.00221	0.00316	0.01550	0.00506	0.00443
60	0.02037	0.02598	0.01545	0.01404	0.01685	0.78652	0.01053	0.02177	0.01545	0.01334	0.00843	0.00983	0.00702	0.00562	0.00492	0.00140	0.00983	0.00351	0.00281	0.00632
61	0.01356	0.01171	0.01233	0.01109	0.01418	0.01356	0.00863	0.02897	0.76455	0.02281	0.02219	0.02034	0.01664	0.00740	0.00555	0.00185	0.00431	0.00616	0.00555	0.00863
62	0.01052	0.00616	0.00815	0.00738	0.00912	0.00560	0.00563	0.01293	0.01520	0.15057	0.60450	0.07711	0.04415	0.01071	0.00630	0.00174	0.00296	0.00941	0.00608	0.00581
63	0.01440	0.77928	0.02807	0.04108	0.01494	0.02119	0.00956	0.01623	0.01107	0.01287	0.00766	0.00898	0.00701	0.00470	0.00358	0.00119	0.00589	0.00299	0.00234	0.00696
64	0.00793	0.00529	0.00595	0.00595	0.00595	0.00529	0.00330	0.00793	0.00793	0.01057	0.01718	0.03568	0.01982	0.80840	0.02775	0.00529	0.00529	0.00793	0.00330	0.00330
65	0.36001	0.01226	0.01177	0.00958	0.01332	0.04398	0.00785	0.25931	0.01610	0.16525	0.01238	0.01251	0.00876	0.00593	0.00452	0.00164	0.00504	0.00416	0.03803	0.00760
66	0.01220	0.00774	0.00851	0.00748	0.00993	0.03774	0.00583	0.05258	0.01459	0.19443	0.18815	0.03842	0.37923	0.01092	0.00610	0.00175	0.00361	0.00910	0.00557	0.00611
67	0.01188	0.27199	0.37955	0.01206	0.01766	0.04514	0.01381	0.01572	0.01151	0.01519	0.01388	0.01738	0.06828	0.03868	0.00577	0.00173	0.00674	0.04327	0.00273	0.00703
68	0.01211	0.00879	0.01000	0.00892	0.01133	0.00916	0.00675	0.01966	0.33455	0.09657	0.15882	0.06751	0.04782	0.11323	0.00860	0.00220	0.00403	0.00745	0.00525	0.06726
69	0.00707	0.00545	0.00683	0.00716	0.00817	0.00522	0.00519	0.00857	0.01177	0.01558	0.18277	0.33378	0.24745	0.01718	0.08672	0.00268	0.02681	0.01193	0.00495	0.00471
70	0.00977	0.00658	0.00933	0.00888	0.01027	0.00733	0.00693	0.05057	0.01043	0.07366	0.04571	0.02192	0.01508	0.05613	0.63242	0.00745	0.01263	0.00598	0.00349	0.00541
71	0.01447	0.60486	0.12521	0.04225	0.01646	0.04908	0.01108	0.05545	0.01206	0.01460	0.00827	0.00961	0.00712	0.00490	0.00395	0.00130	0.00634	0.00327	0.00251	0.00719

[dist]
# distance from previous block
# <min> <max>
2	6

[block]
# block no. 7 follows, 44 sequences, length 38
# corresponding to MSA columns:
# 834-871
name=unknown_H
#
# <colnr> <probs for GDERKNQSTAVLIFYWHMCP>
#	G	D	E	R	K	N	Q	S	T	A	V	L	I	F	Y	W	H	M	C	P
0	0.20927	0.14096	0.01687	0.07167	0.10942	0.20740	0.01056	0.03404	0.01185	0.01690	0.00835	0.01060	0.00705	0.00581	0.00627	0.00163	0.11818	0.00376	0.00282	0.00661
1	0.01006	0.00772	0.00885	0.07206	0.01179	0.00787	0.00647	0.13756	0.04973	0.01916	0.10206	0.10010	0.30213	0.06023	0.00733	0.00200	0.00394	0.01887	0.06634	0.00570
2	0.01121	0.00969	0.01179	0.08385	0.01529	0.00773	0.00730	0.01375	0.01127	0.01740	0.00969	0.01162	0.00800	0.00417	0.00417	0.00090	0.00435	0.00339	0.00315	0.76129
3	0.01083	0.01114	0.04983	0.30536	0.02272	0.07491	0.07435	0.04988	0.01350	0.01740	0.20393	0.02466	0.10351	0.00778	0.00583	0.00175	0.00596	0.00682	0.00381	0.00605
4	0.01102	0.00761	0.01103	0.04545	0.18229	0.00732	0.00813	0.01266	0.01147	0.12191	0.02450	0.27377	0.10983	0.13650	0.00955	0.00243	0.00457	0.00959	0.00438	0.00597
5	0.01043	0.00593	0.00734	0.00697	0.00802	0.00556	0.00471	0.01141	0.01103	0.14286	0.14520	0.15526	0.05554	0.38690	0.01639	0.00348	0.00430	0.00916	0.00467	0.00484
6	0.01155	0.02100	0.42269	0.01949	0.12961	0.01252	0.21908	0.01667	0.01206	0.01724	0.01293	0.01513	0.05368	0.00550	0.00563	0.00175	0.00782	0.00525	0.00265	0.00774
7	0.00664	0.00474	0.00633	0.00759	0.00791	0.00443	0.00506	0.00759	0.01044	0.01392	0.03005	0.80485	0.03606	0.01708	0.00696	0.00221	0.00316	0.01550	0.00506	0.00443
8	0.00765	0.00523	0.00659	0.00697	0.00734	0.00533	0.00458	0.00849	0.00906	0.01259	0.02052	0.26104	0.02303	0.36542	0.17712	0.00485	0.00641	0.00958	0.05414	0.00407
9	0.00872	0.00592	0.00709	0.00671	0.00849	0.00523	0.00516	0.01074	0.01403	0.08558	0.36413	0.04479	0.35200	0.01208	0.00641	0.00181	0.00296	0.04728	0.00562	0.00527
10	0.31554	0.01098	0.01139	0.00955	0.01304	0.01183	0.00790	0.22469	0.03143	0.17106	0.04394	0.01917	0.01309	0.00719	0.00498	0.00177	0.00482	0.08527	0.00493	0.00742
11	0.01081	0.17411	0.04279	0.00926	0.04421	0.01068	0.00752	0.11598	0.01398	0.01784	0.09798	0.04984	0.31542	0.01165	0.05268	0.00207	0.00492	0.00784	0.00430	0.00612
12	0.01342	0.04781	0.01709	0.31059	0.18041	0.13045	0.01302	0.08198	0.01291	0.01620	0.01034	0.01439	0.00855	0.03955	0.05304	0.00224	0.03363	0.00475	0.00287	0.00678
13	0.84691	0.01054	0.00801	0.00717	0.01054	0.01223	0.00590	0.01603	0.00928	0.02446	0.00759	0.00886	0.00590	0.00506	0.00337	0.00169	0.00422	0.00295	0.00337	0.00590
