[name]
unknown

[dist]
# distance from previous block
# <min> <max>
0	588

[block]
# block no. 0 follows, 48 sequences, length 95
# corresponding to MSA columns:
# 599-693
name=unknown_A
#
# <colnr> <probs for GDERKNQSTAVLIFYWHMCP>
#	G	D	E	R	K	N	Q	S	T	A	V	L	I	F	Y	W	H	M	C	P
0	0.00827	0.00591	0.00827	0.00945	0.01063	0.00591	0.00827	0.01063	0.01181	0.01536	0.02717	0.05788	0.02953	0.01417	0.00709	0.00236	0.00472	0.75313	0.00472	0.00472
1	0.01951	0.01437	0.01540	0.01181	0.01591	0.01591	0.00975	0.77056	0.02412	0.03234	0.01232	0.01232	0.00873	0.00616	0.00513	0.00154	0.00565	0.00462	0.00513	0.00873
2	0.01123	0.01123	0.01572	0.01347	0.01347	0.01572	0.01123	0.01235	0.00786	0.01235	0.00674	0.01123	0.00674	0.00898	0.01684	0.00225	0.81028	0.00449	0.00225	0.00561
3	0.00969	0.00912	0.01539	0.80734	0.03534	0.01140	0.01425	0.01311	0.01026	0.01311	0.00912	0.01368	0.00684	0.00513	0.00513	0.00171	0.00684	0.00456	0.00228	0.00570
4	0.01270	0.01219	0.02083	0.03149	0.78767	0.01219	0.01575	0.01575	0.01168	0.01676	0.00965	0.01270	0.00813	0.00457	0.00508	0.00152	0.00610	0.00457	0.00254	0.00813
5	0.00746	0.00497	0.00560	0.00560	0.00560	0.00497	0.00311	0.00746	0.00746	0.00995	0.01617	0.03358	0.01865	0.81967	0.02612	0.00497	0.00497	0.00746	0.00311	0.00311
6	0.01029	0.02654	0.79309	0.01462	0.02221	0.01192	0.01896	0.01625	0.01083	0.01625	0.00921	0.01083	0.00650	0.00487	0.00487	0.00162	0.00758	0.00379	0.00217	0.00758
7	0.01102	0.00931	0.01537	0.67310	0.06843	0.01127	0.01364	0.01421	0.01061	0.07915	0.01000	0.01386	0.00739	0.00535	0.00557	0.00171	0.03669	0.00461	0.00264	0.00607
8	0.01064	0.00912	0.01064	0.00760	0.01216	0.00684	0.00608	0.01292	0.01064	0.01672	0.00912	0.01064	0.00760	0.00380	0.00380	0.00076	0.00380	0.00304	0.00304	0.85104
9	0.00969	0.00912	0.01539	0.80734	0.03534	0.01140	0.01425	0.01311	0.01026	0.01311	0.00912	0.01368	0.00684	0.00513	0.00513	0.00171	0.00684	0.00456	0.00228	0.00570
10	0.01374	0.01192	0.01550	0.04263	0.01493	0.01536	0.01083	0.21589	0.01251	0.04112	0.00873	0.01180	0.00745	0.00800	0.01291	0.00202	0.54042	0.00455	0.00314	0.00654
11	0.85592	0.00992	0.00754	0.00675	0.00992	0.01151	0.00556	0.01508	0.00873	0.02302	0.00714	0.00834	0.00556	0.00476	0.00318	0.00159	0.00397	0.00278	0.00318	0.00556
12	0.01950	0.01466	0.01537	0.01185	0.01591	0.03853	0.00976	0.74890	0.02385	0.03177	0.01219	0.01223	0.00866	0.00613	0.00512	0.00153	0.00575	0.00458	0.00506	0.00865
13	0.00625	0.00447	0.00595	0.00714	0.00744	0.00417	0.00476	0.00714	0.00982	0.01310	0.02828	0.81633	0.03394	0.01608	0.00655	0.00208	0.00298	0.01459	0.00476	0.00417
14	0.78539	0.00982	0.00791	0.00695	0.01019	0.01117	0.00572	0.01592	0.00924	0.08807	0.00825	0.00911	0.00616	0.00490	0.00334	0.00159	0.00400	0.00298	0.00344	0.00583
15	0.00746	0.00497	0.00560	0.00560	0.00560	0.00497	0.00311	0.00746	0.00746	0.00995	0.01617	0.03358	0.01865	0.81967	0.02612	0.00497	0.00497	0.00746	0.00311	0.00311
16	0.00674	0.00455	0.00579	0.00673	0.00709	0.00432	0.00447	0.00772	0.00969	0.01346	0.02578	0.64917	0.03009	0.09482	0.00816	0.00227	0.00311	0.01278	0.09913	0.00413
17	0.01064	0.00912	0.01064	0.00760	0.01216	0.00684	0.00608	0.01292	0.01064	0.01672	0.00912	0.01064	0.00760	0.00380	0.00380	0.00076	0.00380	0.00304	0.00304	0.85104
18	0.01043	0.00987	0.01672	0.61697	0.21994	0.01159	0.01462	0.01376	0.01061	0.01401	0.00925	0.01344	0.00716	0.00499	0.00512	0.00166	0.00666	0.00456	0.00234	0.00630
19	0.01270	0.01219	0.02083	0.03149	0.78767	0.01219	0.01575	0.01575	0.01168	0.01676	0.00965	0.01270	0.00813	0.00457	0.00508	0.00152	0.00610	0.00457	0.00254	0.00813
20	0.00969	0.00912	0.01539	0.80734	0.03534	0.01140	0.01425	0.01311	0.01026	0.01311	0.00912	0.01368	0.00684	0.00513	0.00513	0.00171	0.00684	0.00456	0.00228	0.00570
21	0.01017	0.00537	0.00543	0.00521	0.00659	0.00546	0.00396	0.05846	0.01158	0.01994	0.01647	0.01871	0.01288	0.00599	0.00368	0.00122	0.00259	0.00477	0.79648	0.00502
22	0.01233	0.01139	0.01857	0.28232	0.47409	0.01226	0.01473	0.08204	0.01233	0.01696	0.00972	0.01298	0.00776	0.00489	0.00510	0.00159	0.00630	0.00457	0.00269	0.00739
23	0.01063	0.00953	0.01473	0.64086	0.03081	0.01159	0.01310	0.07209	0.07611	0.01539	0.01123	0.01617	0.00882	0.00580	0.00523	0.00173	0.00641	0.04081	0.00286	0.00609
24	0.08180	0.00989	0.01276	0.01134	0.01247	0.06309	0.07603	0.02870	0.00988	0.01441	0.01507	0.28415	0.01651	0.01042	0.00993	0.00201	0.30686	0.02601	0.00336	0.00531
25	0.00989	0.00952	0.01665	0.74081	0.03462	0.01153	0.07816	0.01339	0.01042	0.01339	0.00923	0.01369	0.00692	0.00506	0.00521	0.00171	0.00699	0.00469	0.00231	0.00580
26	0.77948	0.00983	0.00790	0.00692	0.01018	0.01113	0.00569	0.01563	0.00915	0.06993	0.00801	0.00896	0.00606	0.00483	0.00332	0.00156	0.00399	0.00293	0.00337	0.03114
27	0.01244	0.01193	0.02037	0.09719	0.72396	0.01212	0.01562	0.01552	0.01156	0.01645	0.00961	0.01278	0.00802	0.00462	0.00508	0.00154	0.00616	0.00457	0.00252	0.00792
28	0.00645	0.00521	0.00574	0.00561	0.00717	0.00450	0.00421	0.00812	0.01262	0.01604	0.29028	0.04579	0.54593	0.01218	0.00606	0.00169	0.00254	0.01033	0.00505	0.00450
29	0.01082	0.01046	0.01832	0.50274	0.26547	0.01178	0.07862	0.01420	0.01085	0.01451	0.00939	0.01339	0.00732	0.00489	0.00519	0.00165	0.00676	0.00469	0.00239	0.00655
30	0.02088	0.01216	0.01403	0.01076	0.01481	0.01263	0.00889	0.47865	0.02043	0.32946	0.01542	0.01433	0.01028	0.00623	0.00514	0.00156	0.00515	0.00483	0.00561	0.00873
31	0.00746	0.00497	0.00560	0.00560	0.00560	0.00497	0.00311	0.00746	0.00746	0.00995	0.01617	0.03358	0.01865	0.81967	0.02612	0.00497	0.00497	0.00746	0.00311	0.00311
32	0.01064	0.00912	0.01064	0.00760	0.01216	0.00684	0.00608	0.01292	0.01064	0.01672	0.00912	0.01064	0.00760	0.00380	0.00380	0.00076	0.00380	0.00304	0.00304	0.85104
33	0.01292	0.01226	0.02065	0.03085	0.76247	0.01231	0.01555	0.04039	0.01209	0.01727	0.00974	0.01269	0.00815	0.00462	0.00508	0.00152	0.00608	0.00457	0.00262	0.00815
34	0.01372	0.82276	0.02689	0.00878	0.01317	0.02030	0.00878	0.01536	0.01043	0.01207	0.00713	0.00823	0.00658	0.00439	0.00329	0.00110	0.00549	0.00274	0.00219	0.00658
35	0.01423	0.74726	0.02572	0.00920	0.01342	0.09395	0.00889	0.01585	0.01081	0.01212	0.00721	0.00833	0.00659	0.00447	0.00342	0.00112	0.00584	0.00280	0.00224	0.00652
36	0.01296	0.01052	0.01573	0.01750	0.29382	0.00970	0.05547	0.04837	0.01228	0.09753	0.05614	0.01399	0.01075	0.00499	0.00503	0.00130	0.02350	0.00446	0.00340	0.30256
37	0.01578	0.01835	0.29655	0.01264	0.01791	0.01396	0.01289	0.41809	0.07486	0.05049	0.01209	0.01245	0.00856	0.00576	0.00505	0.00159	0.00619	0.00442	0.00411	0.00827
38	0.01222	0.01137	0.01973	0.02723	0.60976	0.01122	0.08129	0.01510	0.01160	0.03851	0.01212	0.10361	0.01114	0.00590	0.00533	0.00161	0.00592	0.00585	0.00290	0.00759
39	0.01176	0.00935	0.01160	0.00974	0.07790	0.00735	0.00701	0.01408	0.01104	0.07581	0.01001	0.01133	0.00803	0.00406	0.00401	0.00089	0.00404	0.00333	0.00325	0.71540
40	0.01072	0.00919	0.01068	0.00771	0.01220	0.00706	0.00616	0.01346	0.03940	0.01690	0.00956	0.01096	0.00790	0.00392	0.00385	0.00080	0.00381	0.00314	0.00312	0.81947
41	0.01123	0.01123	0.01572	0.01347	0.01347	0.01572	0.01123	0.01235	0.00786	0.01235	0.00674	0.01123	0.00674	0.00898	0.01684	0.00225	0.81028	0.00449	0.00225	0.00561
42	0.00689	0.00474	0.00576	0.00632	0.00646	0.00460	0.00388	0.00731	0.00857	0.01143	0.02185	0.40065	0.02582	0.44283	0.01694	0.00362	0.00404	0.01080	0.00388	0.00361
43	0.01264	0.01079	0.01135	0.01023	0.01307	0.01246	0.00795	0.02669	0.74964	0.02138	0.02073	0.01914	0.01557	0.00692	0.00516	0.00172	0.00400	0.00576	0.03680	0.00800
44	0.09355	0.00883	0.01154	0.00893	0.01283	0.00788	0.00737	0.02417	0.01418	0.72617	0.01913	0.01669	0.01210	0.00622	0.00499	0.00159	0.00433	0.00496	0.00608	0.00846
45	0.00746	0.00497	0.00560	0.00560	0.00560	0.00497	0.00311	0.00746	0.00746	0.00995	0.01617	0.03358	0.01865	0.81967	0.02612	0.00497	0.00497	0.00746	0.00311	0.00311
46	0.00852	0.00587	0.00815	0.00903	0.01028	0.00579	0.00776	0.01085	0.01216	0.03814	0.11591	0.07285	0.03137	0.01356	0.00690	0.00225	0.00440	0.62648	0.00488	0.00484
47	0.85592	0.00992	0.00754	0.00675	0.00992	0.01151	0.00556	0.01508	0.00873	0.02302	0.00714	0.00834	0.00556	0.00476	0.00318	0.00159	0.00397	0.00278	0.00318	0.00556
48	0.00734	0.00545	0.00802	0.00802	0.00886	0.00629	0.00613	0.00902	0.00818	0.01175	0.01395	0.02129	0.01332	0.10463	0.73386	0.00797	0.01300	0.00566	0.00278	0.00446
49	0.01270	0.01219	0.02083	0.03149	0.78767	0.01219	0.01575	0.01575	0.01168	0.01676	0.00965	0.01270	0.00813	0.00457	0.00508	0.00152	0.00610	0.00457	0.00254	0.00813
50	0.02269	0.00927	0.01224	0.00938	0.01336	0.00833	0.00775	0.09552	0.01558	0.71945	0.01949	0.01698	0.01233	0.00633	0.00516	0.00158	0.00449	0.00511	0.00624	0.00873
51	0.85592	0.00992	0.00754	0.00675	0.00992	0.01151	0.00556	0.01508	0.00873	0.02302	0.00714	0.00834	0.00556	0.00476	0.00318	0.00159	0.00397	0.00278	0.00318	0.00556
52	0.00827	0.00591	0.00827	0.00945	0.01063	0.00591	0.00827	0.01063	0.01181	0.01536	0.02717	0.05788	0.02953	0.01417	0.00709	0.00236	0.00472	0.75313	0.00472	0.00472
53	0.01340	0.01134	0.01196	0.01057	0.01359	0.01306	0.00828	0.09756	0.70706	0.02249	0.02007	0.01850	0.01501	0.00689	0.00521	0.00172	0.00421	0.00569	0.00521	0.00818
54	0.01123	0.01123	0.01572	0.01347	0.01347	0.01572	0.01123	0.01235	0.00786	0.01235	0.00674	0.01123	0.00674	0.00898	0.01684	0.00225	0.81028	0.00449	0.00225	0.00561
55	0.00654	0.00522	0.00586	0.00570	0.00722	0.00454	0.00428	0.00829	0.01283	0.01654	0.34478	0.04497	0.49111	0.01199	0.00606	0.00169	0.00253	0.01021	0.00512	0.00454
56	0.00781	0.00582	0.00733	0.00685	0.00823	0.00563	0.00517	0.01143	0.09045	0.02066	0.70901	0.03642	0.04516	0.01014	0.00597	0.00163	0.00258	0.00893	0.00561	0.00517
57	0.00999	0.00927	0.01465	0.64086	0.03055	0.01154	0.01305	0.01443	0.09421	0.01393	0.01051	0.01446	0.00809	0.00712	0.04353	0.00205	0.04850	0.00474	0.00262	0.00591
58	0.01060	0.09737	0.72493	0.01410	0.02140	0.01266	0.01805	0.01617	0.01080	0.01588	0.00902	0.01060	0.00651	0.00483	0.00473	0.00158	0.00740	0.00370	0.00217	0.00749
59	0.00741	0.00556	0.00701	0.00652	0.00803	0.00494	0.00488	0.00959	0.01349	0.01897	0.57948	0.10467	0.10551	0.01053	0.00587	0.00158	0.00262	0.00926	0.00524	0.08885
60	0.01380	0.66592	0.11172	0.00981	0.01441	0.08531	0.01002	0.01590	0.01082	0.01258	0.00743	0.00861	0.00658	0.00452	0.00358	0.00118	0.00604	0.00291	0.00223	0.00664
61	0.01185	0.01132	0.01928	0.25157	0.57427	0.01197	0.01532	0.01500	0.01128	0.01573	0.00950	0.01298	0.00776	0.00473	0.00509	0.00158	0.00631	0.00457	0.00247	0.00744
62	0.01064	0.00912	0.01064	0.00760	0.01216	0.00684	0.00608	0.01292	0.01064	0.01672	0.00912	0.01064	0.00760	0.00380	0.00380	0.00076	0.00380	0.00304	0.00304	0.85104
63	0.85592	0.00992	0.00754	0.00675	0.00992	0.01151	0.00556	0.01508	0.00873	0.02302	0.00714	0.00834	0.00556	0.00476	0.00318	0.00159	0.00397	0.00278	0.00318	0.00556
64	0.01951	0.01437	0.01540	0.01181	0.01591	0.01591	0.00975	0.77056	0.02412	0.03234	0.01232	0.01232	0.00873	0.00616	0.00513	0.00154	0.00565	0.00462	0.00513	0.00873
65	0.01261	0.01210	0.02066	0.05479	0.76508	0.01217	0.01570	0.01567	0.01164	0.01665	0.00964	0.01273	0.00809	0.00459	0.00508	0.00153	0.00612	0.00457	0.00253	0.00805
66	0.00625	0.00447	0.00595	0.00714	0.00744	0.00417	0.00476	0.00714	0.00982	0.01310	0.02828	0.81633	0.03394	0.01608	0.00655	0.00208	0.00298	0.01459	0.00476	0.00417
67	0.01193	0.01240	0.01561	0.01345	0.01368	0.08540	0.01111	0.01307	0.00845	0.01237	0.00684	0.01105	0.00672	0.00865	0.01575	0.00216	0.73902	0.00438	0.00228	0.00564
68	0.01270	0.01219	0.02083	0.03149	0.78767	0.01219	0.01575	0.01575	0.01168	0.01676	0.00965	0.01270	0.00813	0.00457	0.00508	0.00152	0.00610	0.00457	0.00254	0.00813
69	0.01270	0.01219	0.02083	0.03149	0.78767	0.01219	0.01575	0.01575	0.01168	0.01676	0.00965	0.01270	0.00813	0.00457	0.00508	0.00152	0.00610	0.00457	0.00254	0.00813
70	0.01092	0.17310	0.65205	0.01355	0.02054	0.01346	0.01708	0.01609	0.01076	0.01548	0.00883	0.01035	0.00652	0.00479	0.00458	0.00153	0.00720	0.00360	0.00217	0.00740
71	0.00760	0.00587	0.00667	0.00632	0.00801	0.00545	0.00479	0.01069	0.08913	0.03470	0.34874	0.04113	0.38955	0.01122	0.00596	0.00168	0.00271	0.00957	0.00521	0.00502
72	0.00726	0.00524	0.00686	0.00646	0.00767	0.00484	0.00484	0.00968	0.01452	0.02058	0.78496	0.03833	0.04841	0.01049	0.00605	0.00161	0.00242	0.00928	0.00565	0.00484
73	0.01029	0.02654	0.79309	0.01462	0.02221	0.01192	0.01896	0.01625	0.01083	0.01625	0.00921	0.01083	0.00650	0.00487	0.00487	0.00162	0.00758	0.00379	0.00217	0.00758
74	0.02272	0.00921	0.01220	0.00936	0.01334	0.00825	0.00773	0.08814	0.01549	0.72696	0.01957	0.01703	0.01236	0.00633	0.00516	0.00158	0.00447	0.00511	0.00625	0.00873
75	0.00829	0.00504	0.00593	0.00571	0.00691	0.00482	0.00428	0.01070	0.01284	0.01993	0.44179	0.02975	0.03266	0.00847	0.00495	0.00143	0.00241	0.00727	0.38201	0.00482
76	0.01276	0.01102	0.01160	0.01044	0.01334	0.01276	0.00812	0.02727	0.77840	0.02146	0.02088	0.01914	0.01566	0.00696	0.00522	0.00174	0.00406	0.00580	0.00522	0.00812
77	0.00637	0.00521	0.00562	0.00552	0.00712	0.00446	0.00414	0.00795	0.01241	0.01556	0.23754	0.04658	0.59896	0.01236	0.00606	0.00170	0.00255	0.01044	0.00499	0.00446
78	0.00667	0.00522	0.00603	0.00583	0.00730	0.00459	0.00437	0.00853	0.01312	0.01724	0.42085	0.04382	0.41460	0.01173	0.00606	0.00167	0.00251	0.01005	0.00521	0.00459
79	0.01094	0.17821	0.64714	0.01351	0.02049	0.01351	0.01702	0.01608	0.01076	0.01545	0.00881	0.01034	0.00652	0.00478	0.00457	0.00152	0.00718	0.00359	0.00217	0.00739
80	0.01205	0.00825	0.00865	0.00779	0.01000	0.00907	0.00606	0.08654	0.32198	0.03847	0.01809	0.01849	0.01376	0.00640	0.00442	0.00146	0.00340	0.00519	0.41337	0.00657
81	0.01512	0.00898	0.01110	0.00815	0.01250	0.00709	0.00661	0.01730	0.01210	0.29711	0.01315	0.01311	0.00945	0.00472	0.00429	0.00106	0.00400	0.00381	0.00424	0.54610
82	0.01090	0.07802	0.01202	0.00770	0.01225	0.00798	0.00631	0.01313	0.01062	0.01633	0.00895	0.01044	0.00751	0.00385	0.00376	0.00079	0.00394	0.00301	0.00297	0.77953
83	0.00827	0.00591	0.00827	0.00945	0.01063	0.00591	0.00827	0.01063	0.01181	0.01536	0.02717	0.05788	0.02953	0.01417	0.00709	0.00236	0.00472	0.75313	0.00472	0.00472
84	0.00691	0.00523	0.00637	0.00609	0.00745	0.00469	0.00457	0.00900	0.01370	0.01861	0.57058	0.04156	0.26402	0.01122	0.00606	0.00165	0.00247	0.00973	0.00539	0.00469
85	0.00938	0.00538	0.00658	0.00611	0.00755	0.00505	0.00464	0.01175	0.01326	0.08534	0.45939	0.03004	0.03342	0.00861	0.00514	0.00147	0.00258	0.00740	0.29174	0.00515
86	0.00716	0.00524	0.00672	0.00635	0.00760	0.00480	0.00476	0.00949	0.01428	0.02001	0.72289	0.03926	0.11084	0.01070	0.00605	0.00162	0.00244	0.00941	0.00557	0.00480
87	0.85592	0.00992	0.00754	0.00675	0.00992	0.01151	0.00556	0.01508	0.00873	0.02302	0.00714	0.00834	0.00556	0.00476	0.00318	0.00159	0.00397	0.00278	0.00318	0.00556
88	0.00706	0.00512	0.00660	0.00713	0.00800	0.00483	0.00533	0.00866	0.01152	0.01540	0.23164	0.28632	0.11584	0.08532	0.00823	0.00224	0.00336	0.17817	0.00484	0.00440
89	0.00723	0.00524	0.00682	0.00642	0.00765	0.00483	0.00482	0.00963	0.01446	0.02041	0.76715	0.03860	0.06632	0.01055	0.00605	0.00162	0.00243	0.00932	0.00563	0.00483
90	0.85592	0.00992	0.00754	0.00675	0.00992	0.01151	0.00556	0.01508	0.00873	0.02302	0.00714	0.00834	0.00556	0.00476	0.00318	0.00159	0.00397	0.00278	0.00318	0.00556
91	0.00733	0.00550	0.00825	0.00825	0.00916	0.00641	0.00641	0.00916	0.00825	0.01191	0.01374	0.02016	0.01283	0.03848	0.79934	0.00825	0.01374	0.00550	0.00275	0.00458
92	0.00803	0.00721	0.01034	0.29793	0.08339	0.00760	0.00872	0.01034	0.01140	0.01437	0.09115	0.03247	0.37922	0.00924	0.00564	0.00170	0.00442	0.00791	0.00375	0.00519
93	0.01029	0.02654	0.79309	0.01462	0.02221	0.01192	0.01896	0.01625	0.01083	0.01625	0.00921	0.01083	0.00650	0.00487	0.00487	0.00162	0.00758	0.00379	0.00217	0.00758
94	0.01302	0.01115	0.01174	0.01049	0.01344	0.01288	0.00818	0.05511	0.75014	0.02187	0.02056	0.01889	0.01540	0.00693	0.00522	0.00173	0.00412	0.00576	0.00522	0.00814

[dist]
# distance from previous block
# <min> <max>
0	1

[block]
# block no. 1 follows, 48 sequences, length 44
# corresponding to MSA columns:
# 695-738
name=unknown_B
#
# <colnr> <probs for GDERKNQSTAVLIFYWHMCP>
#	G	D	E	R	K	N	Q	S	T	A	V	L	I	F	Y	W	H	M	C	P
0	0.01206	0.01182	0.01797	0.27500	0.37553	0.05675	0.04156	0.01637	0.09416	0.01576	0.01056	0.01352	0.00840	0.00514	0.00538	0.00162	0.02383	0.00468	0.00275	0.00713
1	0.85592	0.00992	0.00754	0.00675	0.00992	0.01151	0.00556	0.01508	0.00873	0.02302	0.00714	0.00834	0.00556	0.00476	0.00318	0.00159	0.00397	0.00278	0.00318	0.00556
2	0.00625	0.00447	0.00595	0.00714	0.00744	0.00417	0.00476	0.00714	0.00982	0.01310	0.02828	0.81633	0.03394	0.01608	0.00655	0.00208	0.00298	0.01459	0.00476	0.00417
3	0.01065	0.01010	0.01712	0.56086	0.27435	0.01165	0.01473	0.01395	0.01071	0.01427	0.00929	0.01337	0.00725	0.00495	0.00511	0.00165	0.00660	0.00456	0.00236	0.00647
4	0.01263	0.00683	0.00851	0.00713	0.00979	0.00583	0.00563	0.01457	0.01337	0.27926	0.23701	0.03136	0.23823	0.00907	0.00551	0.00155	0.00328	0.00764	0.00536	0.09744
5	0.00636	0.00455	0.00605	0.00707	0.00747	0.00424	0.00477	0.00742	0.01033	0.01391	0.11004	0.73227	0.03550	0.01547	0.00650	0.00203	0.00292	0.01401	0.00486	0.00424
6	0.05491	0.01127	0.01209	0.01021	0.01338	0.01257	0.00813	0.24335	0.40254	0.07015	0.09013	0.01834	0.01607	0.00692	0.00517	0.00165	0.00438	0.00560	0.00521	0.00790
7	0.01397	0.01097	0.01180	0.01039	0.01344	0.01244	0.00814	0.06036	0.67750	0.08960	0.02044	0.01869	0.01509	0.00687	0.00521	0.00172	0.00416	0.00569	0.00532	0.00820
8	0.00751	0.00519	0.00663	0.00627	0.00748	0.00484	0.00471	0.00993	0.01412	0.02042	0.70196	0.03625	0.04460	0.01000	0.00579	0.00157	0.00242	0.00879	0.09668	0.00484
9	0.00859	0.00457	0.00644	0.00644	0.00644	0.00457	0.00416	0.00686	0.00686	0.00914	0.01052	0.01959	0.01108	0.19582	0.02140	0.66298	0.00457	0.00512	0.00242	0.00242
10	0.02283	0.00904	0.01210	0.00928	0.01325	0.00800	0.00766	0.06570	0.01520	0.74980	0.01981	0.01718	0.01248	0.00634	0.00516	0.00159	0.00444	0.00513	0.00628	0.00873
11	0.49129	0.01466	0.01052	0.00924	0.01237	0.25352	0.00732	0.07448	0.01200	0.06137	0.00847	0.00940	0.00650	0.00511	0.00387	0.00150	0.00574	0.00321	0.00333	0.00609
12	0.01036	0.00995	0.01406	0.01231	0.01251	0.01365	0.01016	0.01164	0.00794	0.01225	0.00829	0.01321	0.00809	0.01553	0.19054	0.00358	0.63347	0.00471	0.00236	0.00538
13	0.00686	0.00492	0.00655	0.00713	0.00787	0.00461	0.00517	0.00849	0.01184	0.01621	0.31787	0.43651	0.03900	0.01373	0.00642	0.00193	0.00295	0.09235	0.00510	0.00449
14	0.01951	0.01437	0.01540	0.01181	0.01591	0.01591	0.00975	0.77056	0.02412	0.03234	0.01232	0.01232	0.00873	0.00616	0.00513	0.00154	0.00565	0.00462	0.00513	0.00873
15	0.01294	0.64158	0.20124	0.01011	0.01523	0.01839	0.01110	0.01557	0.01052	0.01302	0.00761	0.00882	0.00657	0.00450	0.00365	0.00122	0.00596	0.00298	0.00219	0.00681
16	0.01066	0.11257	0.71030	0.01399	0.02123	0.01282	0.01786	0.01615	0.01079	0.01580	0.00898	0.01055	0.00651	0.00482	0.00470	0.00157	0.00736	0.00368	0.00217	0.00748
17	0.00838	0.00491	0.00540	0.00537	0.00609	0.00485	0.00360	0.00983	0.00998	0.01568	0.11947	0.04468	0.02043	0.31834	0.01261	0.00272	0.00340	0.00662	0.39352	0.00414
18	0.01030	0.00975	0.01650	0.64934	0.18855	0.01156	0.01455	0.01365	0.01055	0.01385	0.00923	0.01348	0.00710	0.00502	0.00512	0.00167	0.00669	0.00456	0.00233	0.00619
19	0.00969	0.00912	0.01539	0.80734	0.03534	0.01140	0.01425	0.01311	0.01026	0.01311	0.00912	0.01368	0.00684	0.00513	0.00513	0.00171	0.00684	0.00456	0.00228	0.00570
20	0.00969	0.00912	0.01539	0.80734	0.03534	0.01140	0.01425	0.01311	0.01026	0.01311	0.00912	0.01368	0.00684	0.00513	0.00513	0.00171	0.00684	0.00456	0.00228	0.00570
21	0.00741	0.00517	0.00661	0.00661	0.00696	0.00553	0.00437	0.00811	0.00776	0.01070	0.01524	0.02844	0.01642	0.52058	0.32216	0.00623	0.00833	0.00671	0.00297	0.00367
22	0.00733	0.00550	0.00825	0.00825	0.00916	0.00641	0.00641	0.00916	0.00825	0.01191	0.01374	0.02016	0.01283	0.03848	0.79934	0.00825	0.01374	0.00550	0.00275	0.00458
23	0.01220	0.01168	0.01993	0.15970	0.66335	0.01206	0.01550	0.01531	0.01145	0.01616	0.00956	0.01286	0.00791	0.00466	0.00509	0.00155	0.00622	0.00457	0.00250	0.00773
24	0.01847	0.02313	0.01522	0.01519	0.09925	0.71406	0.01054	0.01998	0.01423	0.01301	0.00812	0.00963	0.00677	0.00521	0.00468	0.00134	0.00891	0.00344	0.00263	0.00618
25	0.00873	0.00457	0.00686	0.00686	0.00697	0.00468	0.00468	0.00697	0.00686	0.00925	0.00946	0.01612	0.00936	0.02018	0.10884	0.75473	0.00551	0.00457	0.00229	0.00250
26	0.00733	0.00550	0.00825	0.00825	0.00916	0.00641	0.00641	0.00916	0.00825	0.01191	0.01374	0.02016	0.01283	0.03848	0.79934	0.00825	0.01374	0.00550	0.00275	0.00458
27	0.01209	0.01113	0.01797	0.07104	0.60170	0.02773	0.01382	0.01501	0.01157	0.01665	0.01131	0.01584	0.00973	0.00529	0.00502	0.00154	0.00573	0.04543	0.09401	0.00740
28	0.01966	0.01412	0.01524	0.01168	0.01578	0.01553	0.00965	0.73668	0.02370	0.06682	0.01268	0.01255	0.00891	0.00617	0.00513	0.00154	0.00559	0.00464	0.00519	0.00873
29	0.01272	0.23696	0.10549	0.02343	0.49211	0.01440	0.01417	0.01570	0.01125	0.01542	0.00891	0.01127	0.00753	0.00455	0.00457	0.00142	0.00609	0.00398	0.00240	0.00764
30	0.01207	0.01155	0.01969	0.19442	0.62968	0.01203	0.01543	0.01519	0.01138	0.01600	0.00954	0.01291	0.00786	0.00469	0.00509	0.00156	0.00625	0.00457	0.00249	0.00762
31	0.01237	0.01186	0.02024	0.11532	0.70638	0.01211	0.01559	0.01546	0.01153	0.01637	0.00959	0.01281	0.00799	0.00463	0.00509	0.00154	0.00618	0.00457	0.00251	0.00787
32	0.02302	0.00873	0.01191	0.00913	0.01310	0.00754	0.00754	0.02501	0.01469	0.79122	0.02024	0.01746	0.01270	0.00635	0.00516	0.00159	0.00437	0.00516	0.00635	0.00873
33	0.00746	0.00497	0.00560	0.00560	0.00560	0.00497	0.00311	0.00746	0.00746	0.00995	0.01617	0.03358	0.01865	0.81967	0.02612	0.00497	0.00497	0.00746	0.00311	0.00311
34	0.01276	0.01102	0.01160	0.01044	0.01334	0.01276	0.00812	0.02727	0.77840	0.02146	0.02088	0.01914	0.01566	0.00696	0.00522	0.00174	0.00406	0.00580	0.00522	0.00812
35	0.01236	0.01184	0.02021	0.11965	0.70219	0.01210	0.01558	0.01545	0.01152	0.01635	0.00959	0.01281	0.00798	0.00464	0.00509	0.00155	0.00618	0.00457	0.00251	0.00785
36	0.01097	0.00690	0.00908	0.00831	0.01002	0.00753	0.00657	0.10935	0.01137	0.10259	0.01471	0.01870	0.01233	0.02610	0.49505	0.00563	0.01004	0.00524	0.12390	0.00561
37	0.01424	0.00761	0.00969	0.00880	0.01105	0.00733	0.00687	0.11520	0.03633	0.28645	0.02304	0.32706	0.02221	0.01091	0.00590	0.00186	0.00403	0.08953	0.00537	0.00653
38	0.01352	0.01390	0.01719	0.08435	0.43285	0.18196	0.01309	0.03684	0.03343	0.01592	0.01160	0.03328	0.01040	0.00599	0.00520	0.00159	0.00658	0.07230	0.00293	0.00709
39	0.01173	0.01104	0.01314	0.12173	0.19799	0.11787	0.00983	0.09506	0.01405	0.01821	0.23851	0.02315	0.09158	0.00742	0.00540	0.00157	0.00519	0.00635	0.00391	0.00626
40	0.00863	0.00674	0.00843	0.00727	0.00933	0.00618	0.00538	0.01013	0.00895	0.01321	0.01264	0.02020	0.01243	0.24001	0.28214	0.00448	0.00753	0.00510	0.00296	0.32826
41	0.07444	0.04289	0.13752	0.01403	0.14342	0.01010	0.04914	0.03313	0.03103	0.32786	0.05904	0.01619	0.02634	0.00591	0.00501	0.00158	0.00527	0.00498	0.00437	0.00774
42	0.01307	0.08899	0.41202	0.01190	0.01729	0.01126	0.01333	0.05751	0.05510	0.15653	0.01397	0.10229	0.01132	0.00653	0.00501	0.00163	0.00600	0.00531	0.00354	0.00741
43	0.03985	0.01554	0.01248	0.01127	0.01409	0.27901	0.00865	0.02461	0.49697	0.01849	0.01609	0.01547	0.01230	0.00633	0.00496	0.00159	0.00582	0.00487	0.00429	0.00731

[dist]
# distance from previous block
# <min> <max>
0	2

[block]
# block no. 2 follows, 48 sequences, length 47
# corresponding to MSA columns:
# 741-787
name=unknown_C
#
# <colnr> <probs for GDERKNQSTAVLIFYWHMCP>
#	G	D	E	R	K	N	Q	S	T	A	V	L	I	F	Y	W	H	M	C	P
0	0.09257	0.00831	0.01222	0.01623	0.26219	0.00845	0.01031	0.01269	0.01156	0.01674	0.04524	0.03773	0.02089	0.01002	0.00602	0.00199	0.00502	0.41201	0.00390	0.00591
1	0.01222	0.06772	0.52530	0.01481	0.02124	0.06637	0.11124	0.09070	0.01253	0.01737	0.00946	0.01111	0.00689	0.00493	0.00494	0.00158	0.00752	0.00407	0.00255	0.00745
2	0.01596	0.09045	0.03078	0.03381	0.16998	0.04065	0.03582	0.14040	0.01445	0.21763	0.05268	0.02985	0.01210	0.00595	0.00488	0.00149	0.00517	0.00498	0.08548	0.00748
3	0.00965	0.03862	0.38578	0.08948	0.01801	0.06616	0.01298	0.01327	0.01071	0.01455	0.01523	0.27188	0.01543	0.00855	0.00538	0.00175	0.00608	0.00730	0.00305	0.00615
4	0.00650	0.00499	0.00627	0.00670	0.00765	0.00478	0.00483	0.00780	0.01026	0.01338	0.06850	0.33423	0.27573	0.03289	0.18721	0.00340	0.00531	0.01092	0.00432	0.00433
5	0.01588	0.14948	0.01912	0.01905	0.32442	0.06784	0.02623	0.14582	0.04133	0.12501	0.01143	0.01255	0.00875	0.00518	0.00479	0.00146	0.00587	0.00434	0.00355	0.00788
6	0.01065	0.00980	0.01560	0.63126	0.10626	0.01178	0.01369	0.04602	0.07572	0.01497	0.01030	0.01399	0.00779	0.00527	0.00513	0.00169	0.00648	0.00467	0.00267	0.00627
7	0.00660	0.00518	0.00546	0.00563	0.00719	0.00450	0.00429	0.00807	0.01151	0.01445	0.04516	0.08991	0.60489	0.01260	0.00594	0.00176	0.00278	0.07440	0.08527	0.00440
8	0.01256	0.01568	0.26850	0.07723	0.33325	0.01093	0.01487	0.01640	0.01188	0.11122	0.06814	0.01464	0.01105	0.00537	0.00510	0.00158	0.00615	0.00474	0.00310	0.00761
9	0.01466	0.01779	0.09625	0.02106	0.26894	0.25107	0.18065	0.05802	0.01323	0.01620	0.00939	0.01170	0.00746	0.00485	0.00514	0.00152	0.00774	0.00444	0.00269	0.00718
10	0.00811	0.00828	0.08595	0.00953	0.01098	0.00812	0.00825	0.01026	0.00845	0.01239	0.01242	0.01812	0.01144	0.03148	0.62319	0.00684	0.11336	0.00520	0.00263	0.00500
11	0.01196	0.00614	0.00657	0.00593	0.00770	0.00616	0.00461	0.08753	0.01248	0.10213	0.01668	0.01829	0.01267	0.00604	0.00390	0.00127	0.00292	0.00481	0.67662	0.00559
12	0.01529	0.01125	0.01226	0.01048	0.01373	0.01255	0.00831	0.14815	0.54899	0.13049	0.01940	0.01780	0.01412	0.00675	0.00520	0.00169	0.00436	0.00552	0.00536	0.00831
13	0.00713	0.00524	0.00667	0.00631	0.00758	0.00478	0.00474	0.00942	0.01421	0.01982	0.70273	0.03957	0.13112	0.01077	0.00605	0.00163	0.00244	0.00945	0.00555	0.00478
14	0.00662	0.00498	0.00613	0.00635	0.00740	0.00449	0.00457	0.00825	0.01225	0.01638	0.34620	0.29329	0.23845	0.01296	0.00622	0.00180	0.00265	0.01141	0.00513	0.00449
15	0.00969	0.00912	0.01539	0.80734	0.03534	0.01140	0.01425	0.01311	0.01026	0.01311	0.00912	0.01368	0.00684	0.00513	0.00513	0.00171	0.00684	0.00456	0.00228	0.00570
16	0.02138	0.00831	0.01133	0.00894	0.01255	0.00721	0.00727	0.02326	0.01421	0.71512	0.02103	0.09560	0.01478	0.00730	0.00530	0.00164	0.00423	0.00608	0.00620	0.00829
17	0.00626	0.00508	0.00555	0.00570	0.00712	0.00437	0.00417	0.00764	0.01177	0.01465	0.14794	0.17624	0.55928	0.01317	0.00614	0.00178	0.00264	0.01125	0.00488	0.00437
18	0.00925	0.00491	0.00524	0.00528	0.00648	0.00487	0.00405	0.01164	0.01120	0.01900	0.09262	0.02379	0.01778	0.00701	0.00408	0.00132	0.00256	0.05903	0.70511	0.00478
19	0.01123	0.01123	0.01572	0.01347	0.01347	0.01572	0.01123	0.01235	0.00786	0.01235	0.00674	0.01123	0.00674	0.00898	0.01684	0.00225	0.81028	0.00449	0.00225	0.00561
20	0.01342	0.01135	0.01197	0.01058	0.01359	0.01307	0.00828	0.09996	0.70463	0.02253	0.02005	0.01848	0.01498	0.00688	0.00521	0.00172	0.00422	0.00569	0.00521	0.00818
21	0.01211	0.01384	0.03028	0.02163	0.02682	0.01298	0.76903	0.01644	0.01211	0.01644	0.01038	0.01384	0.00779	0.00433	0.00606	0.00173	0.00865	0.00606	0.00260	0.00692
22	0.01032	0.00875	0.01028	0.00749	0.01173	0.00665	0.00596	0.01261	0.01101	0.01709	0.08318	0.01328	0.01150	0.00444	0.00401	0.00084	0.00367	0.00364	0.00329	0.77026
23	0.01950	0.01464	0.01538	0.01184	0.01591	0.03673	0.00976	0.75062	0.02387	0.03181	0.01220	0.01224	0.00867	0.00614	0.00512	0.00153	0.00574	0.00458	0.00507	0.00865
24	0.01270	0.01219	0.02083	0.03149	0.78767	0.01219	0.01575	0.01575	0.01168	0.01676	0.00965	0.01270	0.00813	0.00457	0.00508	0.00152	0.00610	0.00457	0.00254	0.00813
25	0.01200	0.01023	0.01095	0.00994	0.01259	0.01170	0.00769	0.02486	0.67762	0.02109	0.09587	0.04806	0.01949	0.00762	0.00535	0.00174	0.00386	0.00644	0.00525	0.00767
26	0.09269	0.01000	0.01107	0.00816	0.01252	0.00868	0.00659	0.12924	0.01252	0.01971	0.00942	0.01068	0.00758	0.00425	0.00394	0.00096	0.00410	0.00326	0.00337	0.64124
27	0.09009	0.00590	0.00665	0.00716	0.00830	0.00593	0.00509	0.01034	0.10108	0.01519	0.02943	0.51051	0.15871	0.01336	0.00598	0.00193	0.00314	0.01174	0.00466	0.00480
28	0.23120	0.01238	0.01267	0.18601	0.01819	0.08752	0.00926	0.23188	0.04664	0.02182	0.00991	0.01143	0.00747	0.00529	0.00445	0.00150	0.00558	0.00390	0.00356	0.08933
29	0.00949	0.00764	0.01149	0.01204	0.08569	0.00759	0.08215	0.09048	0.01256	0.01684	0.05870	0.31019	0.02562	0.01194	0.00635	0.00200	0.00461	0.23473	0.00441	0.00550
30	0.01194	0.01142	0.01945	0.22739	0.59771	0.01199	0.01537	0.01508	0.01132	0.01584	0.00952	0.01295	0.00780	0.00471	0.00509	0.00157	0.00628	0.00457	0.00247	0.00751
31	0.01270	0.01219	0.02083	0.03149	0.78767	0.01219	0.01575	0.01575	0.01168	0.01676	0.00965	0.01270	0.00813	0.00457	0.00508	0.00152	0.00610	0.00457	0.00254	0.00813
32	0.02293	0.00888	0.01200	0.00920	0.01317	0.00776	0.00760	0.04435	0.01493	0.77153	0.02004	0.01733	0.01260	0.00635	0.00516	0.00159	0.00440	0.00515	0.00632	0.00873
33	0.01127	0.08839	0.01633	0.01269	0.01313	0.01564	0.01066	0.01243	0.00810	0.01225	0.00719	0.01175	0.00718	0.03072	0.03484	0.00235	0.69274	0.00443	0.00228	0.00561
34	0.00633	0.00512	0.00563	0.00569	0.00714	0.00442	0.00420	0.00781	0.01204	0.01513	0.19799	0.14102	0.54381	0.01286	0.00612	0.00175	0.00261	0.01097	0.00494	0.00442
35	0.00786	0.00570	0.00775	0.00882	0.00997	0.00559	0.00751	0.00998	0.01161	0.01500	0.02971	0.12787	0.10430	0.01424	0.00694	0.00227	0.00435	0.61115	0.00473	0.00463
36	0.01029	0.02654	0.79309	0.01462	0.02221	0.01192	0.01896	0.01625	0.01083	0.01625	0.00921	0.01083	0.00650	0.00487	0.00487	0.00162	0.00758	0.00379	0.00217	0.00758
37	0.00630	0.00521	0.00552	0.00544	0.00707	0.00443	0.00408	0.00782	0.01225	0.01517	0.19489	0.04723	0.64186	0.01251	0.00606	0.00171	0.00256	0.01053	0.00494	0.00443
38	0.01211	0.01384	0.03028	0.02163	0.02682	0.01298	0.76903	0.01644	0.01211	0.01644	0.01038	0.01384	0.00779	0.00433	0.00606	0.00173	0.00865	0.00606	0.00260	0.00692
39	0.00672	0.00522	0.00611	0.00589	0.00733	0.00461	0.00441	0.00863	0.01324	0.01753	0.45275	0.04334	0.38253	0.01163	0.00606	0.00167	0.00250	0.00998	0.00525	0.00461
40	0.01917	0.02445	0.01454	0.01322	0.01586	0.79907	0.00991	0.02049	0.01454	0.01256	0.00793	0.00925	0.00661	0.00529	0.00463	0.00132	0.00925	0.00330	0.00264	0.00595
41	0.85592	0.00992	0.00754	0.00675	0.00992	0.01151	0.00556	0.01508	0.00873	0.02302	0.00714	0.00834	0.00556	0.00476	0.00318	0.00159	0.00397	0.00278	0.00318	0.00556
42	0.85592	0.00992	0.00754	0.00675	0.00992	0.01151	0.00556	0.01508	0.00873	0.02302	0.00714	0.00834	0.00556	0.00476	0.00318	0.00159	0.00397	0.00278	0.00318	0.00556
43	0.08876	0.04003	0.01381	0.01119	0.02656	0.01444	0.00895	0.33663	0.30047	0.02511	0.01442	0.01429	0.01079	0.00645	0.00578	0.00165	0.06327	0.00482	0.00464	0.00792
44	0.00786	0.00587	0.00749	0.00759	0.00896	0.00571	0.00609	0.01102	0.06829	0.01828	0.41146	0.04438	0.11342	0.01168	0.00633	0.00188	0.00330	0.25016	0.00523	0.00499
45	0.01680	0.03956	0.04658	0.01801	0.26590	0.01099	0.08571	0.06990	0.05229	0.30327	0.01426	0.01460	0.01008	0.00542	0.00512	0.00155	0.00557	0.00488	0.00424	0.02527
46	0.01163	0.26432	0.52292	0.01335	0.04542	0.01436	0.01559	0.01613	0.01081	0.02915	0.00880	0.01024	0.00669	0.00475	0.00441	0.00146	0.00685	0.00353	0.00226	0.00732

[dist]
# distance from previous block
# <min> <max>
1	36

[block]
# block no. 3 follows, 48 sequences, length 195
# corresponding to MSA columns:
# 824-1018
name=unknown_D
#
# <colnr> <probs for GDERKNQSTAVLIFYWHMCP>
#	G	D	E	R	K	N	Q	S	T	A	V	L	I	F	Y	W	H	M	C	P
0	0.00677	0.00516	0.00622	0.00609	0.00740	0.00461	0.00452	0.00868	0.01317	0.01767	0.47327	0.10785	0.29631	0.01181	0.00610	0.00169	0.00253	0.01025	0.00527	0.00461
1	0.01378	0.50771	0.20620	0.01082	0.01574	0.11906	0.01136	0.03801	0.01145	0.01371	0.00788	0.00910	0.00663	0.00467	0.00389	0.00126	0.00648	0.00312	0.00233	0.00680
2	0.00744	0.00505	0.00595	0.00595	0.00608	0.00517	0.00356	0.00769	0.00757	0.01021	0.01584	0.03176	0.01787	0.71399	0.13072	0.00542	0.00616	0.00720	0.00306	0.00331
3	0.00870	0.00527	0.00653	0.00626	0.00756	0.00491	0.00468	0.01089	0.01302	0.06880	0.44579	0.11936	0.05194	0.00979	0.00544	0.00156	0.00260	0.00853	0.21335	0.00499
4	0.01150	0.01022	0.01449	0.01856	0.34389	0.01073	0.01065	0.01837	0.27760	0.01925	0.18834	0.02071	0.01982	0.00673	0.00535	0.00162	0.00456	0.00606	0.00417	0.00738
5	0.15992	0.07595	0.24214	0.11198	0.23931	0.03581	0.01387	0.03525	0.01107	0.01721	0.00885	0.01107	0.00691	0.00481	0.00455	0.00155	0.00628	0.00386	0.00256	0.00707
6	0.00737	0.00504	0.00664	0.00766	0.00841	0.00487	0.00587	0.00898	0.01069	0.01465	0.02701	0.43073	0.04580	0.01412	0.00638	0.00207	0.00353	0.28047	0.10525	0.00445
7	0.00709	0.00484	0.00580	0.00623	0.00637	0.00474	0.00382	0.00746	0.00839	0.01117	0.02054	0.29425	0.02408	0.52692	0.01901	0.00393	0.00430	0.03384	0.00371	0.00351
8	0.01029	0.02654	0.79309	0.01462	0.02221	0.01192	0.01896	0.01625	0.01083	0.01625	0.00921	0.01083	0.00650	0.00487	0.00487	0.00162	0.00758	0.00379	0.00217	0.00758
9	0.01333	0.01271	0.02141	0.02409	0.40960	0.01289	0.20369	0.10334	0.11093	0.01905	0.01157	0.01376	0.00907	0.00500	0.00535	0.00161	0.00643	0.00511	0.00319	0.00789
10	0.01597	0.01554	0.01385	0.01125	0.01490	0.29710	0.05455	0.07773	0.08564	0.09425	0.01123	0.01194	0.00860	0.00511	0.00461	0.00126	0.00631	0.00391	0.00357	0.26268
11	0.00650	0.00493	0.00600	0.00634	0.00736	0.00442	0.00452	0.00799	0.01183	0.01562	0.26737	0.34516	0.26647	0.01343	0.00625	0.00183	0.00269	0.01182	0.00503	0.00442
12	0.01064	0.00912	0.01064	0.00760	0.01216	0.00684	0.00608	0.01292	0.01064	0.01672	0.00912	0.01064	0.00760	0.00380	0.00380	0.00076	0.00380	0.00304	0.00304	0.85104
13	0.00700	0.00523	0.00649	0.00618	0.00750	0.00473	0.00463	0.00917	0.01390	0.01910	0.62333	0.04077	0.21097	0.01104	0.00605	0.00164	0.00246	0.00962	0.00545	0.00473
14	0.01788	0.01484	0.01570	0.01439	0.11401	0.09932	0.01043	0.51727	0.08195	0.02691	0.01208	0.01256	0.00894	0.00599	0.00534	0.00155	0.02358	0.00456	0.00448	0.00823
15	0.01862	0.01345	0.01269	0.01068	0.01403	0.18804	0.00844	0.08510	0.25723	0.31074	0.01703	0.01573	0.01195	0.00629	0.00506	0.00157	0.00547	0.00490	0.00506	0.00791
16	0.00712	0.00524	0.00666	0.00631	0.00758	0.00478	0.00473	0.00941	0.01419	0.01978	0.69761	0.03965	0.13626	0.01079	0.00605	0.00163	0.00244	0.00946	0.00554	0.00478
17	0.00746	0.00497	0.00560	0.00560	0.00560	0.00497	0.00311	0.00746	0.00746	0.00995	0.01617	0.03358	0.01865	0.81967	0.02612	0.00497	0.00497	0.00746	0.00311	0.00311
18	0.04171	0.01854	0.09452	0.01247	0.01620	0.32313	0.03847	0.18782	0.11340	0.08653	0.01183	0.01222	0.00877	0.00569	0.00490	0.00150	0.00702	0.00421	0.00381	0.00728
19	0.06405	0.03545	0.40884	0.01349	0.01922	0.05027	0.10005	0.03467	0.12151	0.01758	0.01085	0.01210	0.00805	0.00505	0.00483	0.00155	0.00665	0.00419	0.00288	0.07871
20	0.12538	0.09723	0.01475	0.01189	0.01479	0.60823	0.00920	0.01942	0.01342	0.03090	0.00803	0.00922	0.00661	0.00516	0.00433	0.00134	0.00812	0.00323	0.00275	0.00602
21	0.01029	0.02654	0.79309	0.01462	0.02221	0.01192	0.01896	0.01625	0.01083	0.01625	0.00921	0.01083	0.00650	0.00487	0.00487	0.00162	0.00758	0.00379	0.00217	0.00758
22	0.00827	0.00591	0.00827	0.00945	0.01063	0.00591	0.00827	0.01063	0.01181	0.01536	0.02717	0.05788	0.02953	0.01417	0.00709	0.00236	0.00472	0.75313	0.00472	0.00472
23	0.00625	0.00505	0.00557	0.00577	0.00713	0.00436	0.00420	0.00761	0.01165	0.01453	0.13816	0.21141	0.53368	0.01334	0.00617	0.00179	0.00266	0.01144	0.00487	0.00436
24	0.01372	0.82276	0.02689	0.00878	0.01317	0.02030	0.00878	0.01536	0.01043	0.01207	0.00713	0.00823	0.00658	0.00439	0.00329	0.00110	0.00549	0.00274	0.00219	0.00658
25	0.00788	0.00601	0.00734	0.00687	0.00835	0.00584	0.00519	0.01180	0.11542	0.02008	0.61699	0.03679	0.11125	0.01025	0.00594	0.00164	0.00265	0.00896	0.00551	0.00523
26	0.00615	0.00510	0.00538	0.00552	0.00704	0.00433	0.00406	0.00745	0.01158	0.01409	0.08515	0.15258	0.64732	0.01329	0.00613	0.00177	0.00264	0.01126	0.00481	0.00433
27	0.47533	0.01158	0.01078	0.00889	0.01241	0.01309	0.00730	0.29129	0.06400	0.04634	0.01025	0.01072	0.00755	0.00545	0.00407	0.00158	0.00460	0.00371	0.00410	0.00696
28	0.00704	0.00524	0.00655	0.00622	0.00753	0.00475	0.00467	0.00926	0.01401	0.01934	0.65047	0.04036	0.18367	0.01095	0.00605	0.00164	0.00245	0.00956	0.00549	0.00475
29	0.01357	0.01142	0.01205	0.01060	0.01365	0.01314	0.00832	0.11584	0.68851	0.02276	0.01986	0.01833	0.01484	0.00687	0.00521	0.00172	0.00425	0.00566	0.00521	0.00819
30	0.01270	0.01219	0.02083	0.03149	0.78767	0.01219	0.01575	0.01575	0.01168	0.01676	0.00965	0.01270	0.00813	0.00457	0.00508	0.00152	0.00610	0.00457	0.00254	0.00813
31	0.85592	0.00992	0.00754	0.00675	0.00992	0.01151	0.00556	0.01508	0.00873	0.02302	0.00714	0.00834	0.00556	0.00476	0.00318	0.00159	0.00397	0.00278	0.00318	0.00556
32	0.01150	0.01140	0.01665	0.01678	0.15552	0.01507	0.01206	0.01297	0.00856	0.01316	0.00727	0.01150	0.00699	0.00817	0.01468	0.00211	0.66273	0.00451	0.00230	0.00607
33	0.85592	0.00992	0.00754	0.00675	0.00992	0.01151	0.00556	0.01508	0.00873	0.02302	0.00714	0.00834	0.00556	0.00476	0.00318	0.00159	0.00397	0.00278	0.00318	0.00556
34	0.00948	0.00753	0.00889	0.00840	0.01014	0.00817	0.00647	0.01632	0.30669	0.01876	0.28587	0.03014	0.02807	0.06483	0.10164	0.00273	0.00476	0.07027	0.00490	0.00595
35	0.01266	0.01230	0.02143	0.03086	0.73873	0.01224	0.06420	0.01579	0.01171	0.01674	0.00970	0.01277	0.00811	0.00456	0.00514	0.00154	0.00626	0.00467	0.00254	0.00805
36	0.85592	0.00992	0.00754	0.00675	0.00992	0.01151	0.00556	0.01508	0.00873	0.02302	0.00714	0.00834	0.00556	0.00476	0.00318	0.00159	0.00397	0.00278	0.00318	0.00556
37	0.00726	0.00524	0.00686	0.00646	0.00767	0.00484	0.00484	0.00968	0.01452	0.02058	0.78496	0.03833	0.04841	0.01049	0.00605	0.00161	0.00242	0.00928	0.00565	0.00484
38	0.00694	0.00523	0.00641	0.00612	0.00747	0.00470	0.00459	0.00906	0.01377	0.01878	0.58849	0.04129	0.24600	0.01116	0.00606	0.00165	0.00247	0.00969	0.00541	0.00470
39	0.01917	0.01407	0.01564	0.01299	0.06547	0.01543	0.01007	0.70002	0.02305	0.05372	0.01238	0.01250	0.00880	0.00606	0.00513	0.00154	0.00564	0.00463	0.00500	0.00869
40	0.00969	0.00912	0.01539	0.80734	0.03534	0.01140	0.01425	0.01311	0.01026	0.01311	0.00912	0.01368	0.00684	0.00513	0.00513	0.00171	0.00684	0.00456	0.00228	0.00570
41	0.00785	0.00505	0.00716	0.00716	0.00758	0.00548	0.00505	0.00800	0.00758	0.01053	0.01279	0.02180	0.01294	0.21011	0.38080	0.26945	0.00886	0.00562	0.00267	0.00351
42	0.82949	0.00990	0.00779	0.03175	0.01072	0.01151	0.00583	0.01502	0.00878	0.02271	0.00721	0.00850	0.00560	0.00477	0.00324	0.00159	0.00406	0.00283	0.00315	0.00556
43	0.00726	0.00524	0.00686	0.00646	0.00767	0.00484	0.00484	0.00968	0.01452	0.02058	0.78496	0.03833	0.04841	0.01049	0.00605	0.00161	0.00242	0.00928	0.00565	0.00484
44	0.01274	0.01145	0.01496	0.01811	0.29537	0.01255	0.01090	0.02307	0.49914	0.01975	0.01679	0.01680	0.01292	0.00609	0.00517	0.00166	0.00480	0.00535	0.00424	0.00812
45	0.01005	0.00949	0.01604	0.71489	0.12499	0.01149	0.01443	0.01342	0.01043	0.01355	0.00918	0.01356	0.00699	0.00506	0.00512	0.00169	0.00675	0.00456	0.00231	0.00599
46	0.00625	0.00447	0.00595	0.00714	0.00744	0.00417	0.00476	0.00714	0.00982	0.01310	0.02828	0.81633	0.03394	0.01608	0.00655	0.00208	0.00298	0.01459	0.00476	0.00417
47	0.01064	0.00912	0.01064	0.00760	0.01216	0.00684	0.00608	0.01292	0.01064	0.01672	0.00912	0.01064	0.00760	0.00380	0.00380	0.00076	0.00380	0.00304	0.00304	0.85104
48	0.00969	0.00912	0.01539	0.80734	0.03534	0.01140	0.01425	0.01311	0.01026	0.01311	0.00912	0.01368	0.00684	0.00513	0.00513	0.00171	0.00684	0.00456	0.00228	0.00570
49	0.01270	0.01219	0.02083	0.03149	0.78767	0.01219	0.01575	0.01575	0.01168	0.01676	0.00965	0.01270	0.00813	0.00457	0.00508	0.00152	0.00610	0.00457	0.00254	0.00813
50	0.01276	0.01102	0.01160	0.01044	0.01334	0.01276	0.00812	0.02727	0.77840	0.02146	0.02088	0.01914	0.01566	0.00696	0.00522	0.00174	0.00406	0.00580	0.00522	0.00812
51	0.01104	0.01097	0.01568	0.10807	0.01608	0.01520	0.01159	0.01244	0.00814	0.01244	0.00702	0.01152	0.00675	0.00852	0.01544	0.00218	0.71454	0.00450	0.00225	0.00562
52	0.00969	0.00912	0.01539	0.80734	0.03534	0.01140	0.01425	0.01311	0.01026	0.01311	0.00912	0.01368	0.00684	0.00513	0.00513	0.00171	0.00684	0.00456	0.00228	0.00570
