[name]
unknown

[dist]
# distance from previous block
# <min> <max>
8	36

[block]
# block no. 0 follows, 46 sequences, length 50
# corresponding to MSA columns:
# 46-95
name=unknown_A
#
# <colnr> <probs for GDERKNQSTAVLIFYWHMCP>
#	G	D	E	R	K	N	Q	S	T	A	V	L	I	F	Y	W	H	M	C	P
0	0.03408	0.00856	0.01208	0.01113	0.04420	0.01948	0.09772	0.10034	0.03215	0.08305	0.08305	0.29312	0.02342	0.07360	0.00789	0.00215	0.01611	0.04734	0.00457	0.00595
1	0.03262	0.04274	0.02966	0.00917	0.01178	0.03430	0.04758	0.11054	0.01338	0.12798	0.08271	0.18241	0.03863	0.09332	0.00767	0.00200	0.00460	0.00759	0.04785	0.07350
2	0.03305	0.00736	0.00938	0.00822	0.00998	0.00757	0.04816	0.04191	0.06878	0.06425	0.11695	0.04542	0.10136	0.15406	0.06519	0.00274	0.04723	0.00703	0.13599	0.02537
3	0.01367	0.01115	0.03908	0.03175	0.11257	0.05627	0.05137	0.15058	0.04843	0.09998	0.09167	0.13565	0.01791	0.04884	0.00660	0.00183	0.00520	0.00694	0.03598	0.03455
4	0.04212	0.00927	0.01028	0.00863	0.01159	0.03791	0.00678	0.08532	0.12095	0.19621	0.08602	0.06653	0.04802	0.00775	0.00558	0.02960	0.00412	0.00602	0.09005	0.12723
5	0.04853	0.06264	0.09313	0.05458	0.01352	0.00912	0.00836	0.01757	0.08560	0.23158	0.03648	0.04225	0.05352	0.06171	0.05249	0.00226	0.00525	0.02324	0.09141	0.00675
6	0.06440	0.01074	0.01119	0.01020	0.04518	0.11254	0.02636	0.12055	0.01463	0.16151	0.11309	0.04315	0.03900	0.03782	0.00597	0.00172	0.00490	0.03659	0.13390	0.00657
7	0.03376	0.04490	0.01359	0.05416	0.01512	0.05544	0.00870	0.23281	0.05375	0.32405	0.01668	0.06109	0.01226	0.00743	0.01931	0.00174	0.00536	0.00546	0.02637	0.00803
8	0.08646	0.01107	0.02275	0.12235	0.18654	0.01178	0.01071	0.15582	0.09104	0.11229	0.05875	0.01592	0.01214	0.00613	0.00536	0.00164	0.02415	0.00505	0.05252	0.00753
9	0.05772	0.01049	0.01260	0.01016	0.01349	0.01069	0.05233	0.27652	0.05718	0.08920	0.11311	0.05749	0.08025	0.00794	0.00546	0.00162	0.00468	0.04001	0.00492	0.09414
10	0.00739	0.00585	0.00763	0.07310	0.01066	0.00597	0.00614	0.00953	0.05120	0.01454	0.06925	0.44063	0.17183	0.01455	0.02823	0.00219	0.02943	0.04245	0.00463	0.00479
11	0.00674	0.00506	0.00616	0.00653	0.00749	0.00458	0.00460	0.00816	0.01185	0.01566	0.24122	0.35029	0.24104	0.05648	0.00754	0.00207	0.00291	0.01208	0.00507	0.00447
12	0.01360	0.57908	0.21208	0.01078	0.01600	0.06330	0.01167	0.01636	0.01109	0.01352	0.00792	0.00919	0.00676	0.00470	0.00387	0.00128	0.00640	0.00312	0.00228	0.00700
13	0.01283	0.01058	0.01226	0.05461	0.01474	0.00956	0.00763	0.15911	0.06841	0.02047	0.01091	0.01211	0.00861	0.00470	0.00436	0.00107	0.00448	0.00374	0.00366	0.57616
14	0.00757	0.00564	0.00728	0.00818	0.00939	0.00535	0.00672	0.00946	0.01179	0.01502	0.03496	0.18379	0.22952	0.01461	0.00693	0.00221	0.00398	0.42804	0.00489	0.00466
15	0.01243	0.05883	0.02300	0.08924	0.26185	0.01303	0.28632	0.01758	0.11526	0.01737	0.04352	0.01533	0.01082	0.00524	0.00556	0.00167	0.00683	0.00553	0.00310	0.00747
16	0.01227	0.01273	0.01609	0.01386	0.01409	0.08272	0.01145	0.01344	0.00869	0.01274	0.00705	0.01139	0.00693	0.00893	0.01627	0.00223	0.73644	0.00452	0.00235	0.00581
17	0.01403	0.48743	0.22925	0.01130	0.01648	0.10988	0.01202	0.03949	0.01179	0.01429	0.00818	0.00945	0.00683	0.00482	0.00405	0.00132	0.00670	0.00324	0.00240	0.00705
18	0.00667	0.00497	0.00621	0.00674	0.00761	0.00451	0.00473	0.00809	0.01180	0.01567	0.22901	0.44506	0.20085	0.01438	0.00651	0.00194	0.00283	0.01277	0.00514	0.00451
19	0.07999	0.01235	0.02337	0.01721	0.02163	0.01186	0.49072	0.07331	0.01313	0.06362	0.01591	0.06294	0.07581	0.00622	0.00590	0.00177	0.00716	0.00673	0.00347	0.00688
20	0.00830	0.00576	0.00677	0.00649	0.00824	0.00497	0.00484	0.00994	0.01255	0.08184	0.20533	0.18149	0.37497	0.01230	0.00613	0.00176	0.00293	0.01058	0.00516	0.04966
21	0.08453	0.00612	0.00739	0.00714	0.00861	0.00594	0.00532	0.01152	0.04475	0.06364	0.45462	0.20456	0.05348	0.01120	0.00599	0.00177	0.00295	0.00980	0.00539	0.00526
22	0.01799	0.02063	0.01423	0.01273	0.01565	0.52017	0.00970	0.08240	0.22021	0.01705	0.01214	0.01254	0.00950	0.00599	0.00497	0.00150	0.00779	0.00421	0.00365	0.00696
23	0.01638	0.01891	0.16244	0.01474	0.04417	0.23793	0.13141	0.11916	0.01477	0.10228	0.01099	0.01219	0.00810	0.00529	0.00512	0.00151	0.00747	0.00436	0.00342	0.07936
24	0.01432	0.03926	0.03425	0.08421	0.13506	0.01313	0.15525	0.13547	0.08222	0.08063	0.01193	0.01380	0.00908	0.00576	0.00658	0.00166	0.09180	0.00495	0.00358	0.07707
25	0.01763	0.02074	0.01401	0.01270	0.01551	0.54214	0.00962	0.02336	0.25838	0.01589	0.01246	0.01281	0.00981	0.00600	0.00496	0.00150	0.00781	0.00423	0.00358	0.00685
26	0.00789	0.00503	0.00597	0.00597	0.00613	0.00495	0.00357	0.00751	0.00789	0.01037	0.01820	0.03199	0.08214	0.57388	0.02379	0.18634	0.00480	0.00732	0.00315	0.00312
27	0.01444	0.17034	0.07969	0.01136	0.01461	0.22024	0.00992	0.07789	0.12863	0.01716	0.08161	0.01836	0.01430	0.00704	0.00568	0.00160	0.04873	0.06803	0.00364	0.00673
28	0.19553	0.08045	0.01298	0.00998	0.01332	0.01360	0.00820	0.17524	0.31741	0.04161	0.01585	0.01760	0.01252	0.00678	0.00487	0.00170	0.00468	0.05550	0.00463	0.00757
29	0.01156	0.01045	0.01378	0.01760	0.29911	0.07404	0.01022	0.07743	0.01384	0.01860	0.20427	0.13432	0.03722	0.00875	0.00578	0.00171	0.00499	0.04563	0.00412	0.00658
30	0.00723	0.00527	0.00664	0.00653	0.00760	0.00485	0.00472	0.00917	0.01337	0.01848	0.53382	0.14394	0.12441	0.08067	0.00808	0.00204	0.00282	0.01031	0.00537	0.00468
31	0.01463	0.01515	0.01735	0.01798	0.20335	0.21865	0.11731	0.11726	0.05475	0.01793	0.01507	0.09749	0.05558	0.00695	0.00548	0.00163	0.00680	0.00610	0.00353	0.00704
32	0.01253	0.01083	0.01790	0.02303	0.44494	0.01069	0.07657	0.05806	0.01315	0.05904	0.11410	0.10456	0.01702	0.00699	0.00563	0.00167	0.00553	0.00665	0.00366	0.00744
33	0.01232	0.00688	0.00865	0.00765	0.00930	0.00668	0.00551	0.05281	0.01085	0.19957	0.01727	0.06581	0.01634	0.35783	0.14722	0.00426	0.00636	0.00674	0.00414	0.05382
34	0.00998	0.00940	0.01586	0.80150	0.03641	0.01175	0.01468	0.01351	0.01057	0.01351	0.00940	0.01409	0.00705	0.00529	0.00529	0.00176	0.00705	0.00470	0.00235	0.00587
35	0.01587	0.16736	0.02130	0.01579	0.09541	0.16584	0.19171	0.08623	0.05428	0.09105	0.01264	0.01384	0.03400	0.00550	0.00509	0.00152	0.00699	0.00481	0.00343	0.00732
36	0.05822	0.01828	0.21887	0.08148	0.06275	0.17023	0.01283	0.05943	0.16210	0.01779	0.01202	0.01416	0.00943	0.00611	0.00579	0.00169	0.05392	0.02441	0.00328	0.00720
37	0.08231	0.01221	0.01626	0.01738	0.21787	0.07632	0.11213	0.05970	0.16299	0.01825	0.01373	0.04926	0.01184	0.07696	0.04781	0.00232	0.00646	0.00564	0.00354	0.00703
38	0.01043	0.00757	0.00916	0.00777	0.01006	0.00717	0.00605	0.13055	0.01597	0.04342	0.52596	0.03056	0.03636	0.00900	0.00573	0.00152	0.00328	0.00776	0.00537	0.12631
39	0.08134	0.00722	0.00776	0.00731	0.00858	0.00774	0.00506	0.01402	0.20588	0.01639	0.15121	0.02940	0.02267	0.39557	0.01570	0.00336	0.00433	0.00716	0.00423	0.00506
40	0.15898	0.01031	0.01141	0.00925	0.01261	0.01073	0.00745	0.21378	0.08014	0.27632	0.04456	0.01716	0.01285	0.05914	0.00633	0.00184	0.00460	0.00511	0.04978	0.00765
41	0.01200	0.00647	0.00815	0.00712	0.00936	0.00568	0.00555	0.01404	0.01421	0.24784	0.35191	0.03620	0.23988	0.01024	0.00596	0.00169	0.00314	0.00873	0.00579	0.00604
42	0.00695	0.00483	0.00607	0.00679	0.00701	0.00468	0.00432	0.00755	0.00915	0.01223	0.02394	0.49201	0.02832	0.31884	0.03959	0.00348	0.00420	0.01195	0.00420	0.00390
43	0.00769	0.00513	0.00577	0.00577	0.00577	0.00513	0.00320	0.00769	0.00769	0.01025	0.01666	0.03460	0.01922	0.81421	0.02691	0.00513	0.00513	0.00769	0.00320	0.00320
44	0.00760	0.00549	0.00762	0.00762	0.00826	0.00613	0.00551	0.00888	0.00824	0.01162	0.01496	0.02521	0.01515	0.28850	0.54705	0.00741	0.01126	0.00631	0.00295	0.00423
45	0.01470	0.05988	0.04460	0.02192	0.37100	0.09122	0.05053	0.12525	0.13203	0.01958	0.01183	0.01344	0.00935	0.00539	0.00516	0.00158	0.00636	0.00473	0.00341	0.00807
46	0.05658	0.22694	0.01798	0.01359	0.15170	0.07042	0.00960	0.07351	0.05782	0.08246	0.01070	0.01171	0.00850	0.00498	0.00435	0.00129	0.00543	0.00382	0.00337	0.18525
47	0.09860	0.11583	0.01585	0.01272	0.09037	0.11529	0.00943	0.24630	0.08082	0.05516	0.01188	0.03272	0.00941	0.00583	0.00471	0.00147	0.00573	0.00440	0.00398	0.07952
48	0.01631	0.33581	0.01872	0.01079	0.03881	0.24152	0.00884	0.05989	0.01323	0.08107	0.01048	0.01151	0.00843	0.00530	0.00417	0.00130	0.00628	0.00366	0.11717	0.00671
49	0.01538	0.01237	0.01832	0.05485	0.39940	0.01263	0.03780	0.17645	0.06003	0.09774	0.01228	0.01386	0.00934	0.00536	0.00523	0.00157	0.00587	0.00482	0.00376	0.05294

[dist]
# distance from previous block
# <min> <max>
7	8

[block]
# block no. 1 follows, 46 sequences, length 22
# corresponding to MSA columns:
# 104-125
name=unknown_B
#
# <colnr> <probs for GDERKNQSTAVLIFYWHMCP>
#	G	D	E	R	K	N	Q	S	T	A	V	L	I	F	Y	W	H	M	C	P
0	0.01290	0.06194	0.27261	0.01265	0.02874	0.18442	0.02843	0.04518	0.05589	0.01573	0.05929	0.01423	0.01084	0.00922	0.05342	0.09483	0.02582	0.00451	0.00293	0.00644
1	0.00742	0.00537	0.00752	0.00778	0.00858	0.00574	0.00581	0.00877	0.00930	0.01279	0.04469	0.16218	0.07605	0.08802	0.42689	0.05540	0.00926	0.05049	0.00355	0.00439
2	0.01698	0.28541	0.09709	0.01226	0.01609	0.46077	0.01077	0.01894	0.01320	0.01316	0.00803	0.00935	0.00679	0.00510	0.00434	0.00132	0.00809	0.00327	0.00252	0.00651
3	0.01229	0.22241	0.05159	0.01053	0.03227	0.02542	0.02611	0.04436	0.13702	0.04053	0.14496	0.01938	0.06056	0.00719	0.00626	0.00156	0.09201	0.00552	0.00386	0.05616
4	0.01005	0.00587	0.00769	0.00712	0.00860	0.00537	0.00528	0.01203	0.01370	0.14543	0.48540	0.13855	0.03908	0.08228	0.00799	0.00203	0.00314	0.00942	0.00558	0.00540
5	0.02304	0.01009	0.01294	0.00992	0.01404	0.00939	0.00820	0.16439	0.01696	0.64369	0.01932	0.01700	0.01232	0.00651	0.00531	0.00163	0.00475	0.00521	0.00631	0.00900
6	0.01360	0.01340	0.07528	0.14450	0.38499	0.03022	0.05836	0.10219	0.03407	0.05119	0.01219	0.01453	0.03075	0.00541	0.00532	0.00163	0.00645	0.00496	0.00317	0.00781
7	0.01291	0.14273	0.24504	0.02267	0.39725	0.05835	0.01573	0.01659	0.01175	0.01612	0.00931	0.01161	0.00755	0.00481	0.00486	0.00152	0.00682	0.00411	0.00246	0.00784
8	0.00719	0.00505	0.00656	0.00737	0.00778	0.00495	0.00512	0.00816	0.00969	0.01291	0.02466	0.42905	0.02865	0.23798	0.05651	0.00337	0.00455	0.13202	0.00431	0.00411
9	0.01309	0.01249	0.02092	0.03121	0.73740	0.01259	0.01578	0.01690	0.05542	0.01755	0.01060	0.01346	0.00882	0.00485	0.00524	0.00158	0.00616	0.00478	0.00277	0.00837
10	0.85155	0.01022	0.00777	0.00695	0.01022	0.01186	0.00573	0.01554	0.00900	0.02372	0.00736	0.00859	0.00573	0.00491	0.00327	0.00164	0.00409	0.00286	0.00327	0.00573
11	0.00700	0.00555	0.00634	0.00665	0.00817	0.00496	0.00527	0.00865	0.01207	0.01493	0.08674	0.05193	0.50036	0.04729	0.00741	0.00210	0.00337	0.21180	0.00488	0.00455
12	0.00931	0.00580	0.00723	0.00691	0.00834	0.00539	0.00511	0.01086	0.01194	0.11581	0.21200	0.10158	0.20821	0.15208	0.08014	0.00297	0.00445	0.04202	0.00486	0.00499
13	0.07632	0.01219	0.01505	0.06043	0.10068	0.03799	0.07646	0.09878	0.35574	0.02120	0.01519	0.01558	0.01154	0.00598	0.00513	0.00164	0.00532	0.00511	0.00422	0.07546
14	0.00699	0.00521	0.00632	0.00652	0.00754	0.00476	0.00467	0.00853	0.01213	0.01612	0.29521	0.22064	0.23169	0.10532	0.00878	0.00224	0.00309	0.04473	0.00503	0.00448
15	0.05911	0.00585	0.00683	0.00671	0.00812	0.00582	0.00501	0.01230	0.04072	0.07353	0.18735	0.19797	0.02587	0.01140	0.05054	0.00202	0.00358	0.00817	0.28383	0.00526
16	0.06546	0.00837	0.01032	0.00841	0.01169	0.00771	0.00679	0.04426	0.05805	0.45633	0.09669	0.02560	0.16093	0.00817	0.00546	0.00167	0.00397	0.00670	0.00587	0.00754
17	0.00973	0.00599	0.00746	0.00687	0.00873	0.00533	0.00534	0.01180	0.01396	0.13920	0.39912	0.04066	0.26156	0.01112	0.00615	0.00174	0.00300	0.05118	0.00561	0.00546
18	0.01547	0.62816	0.02466	0.01014	0.01423	0.20534	0.00932	0.01709	0.01175	0.01256	0.00755	0.00873	0.00679	0.00474	0.00372	0.00119	0.00658	0.00296	0.00237	0.00663
19	0.00985	0.00493	0.00493	0.00493	0.00616	0.00493	0.00370	0.01232	0.01109	0.01971	0.01725	0.01971	0.01355	0.00616	0.00370	0.00123	0.00246	0.00493	0.84356	0.00493
20	0.12306	0.37273	0.01996	0.01137	0.06739	0.03805	0.00925	0.16187	0.11573	0.01957	0.01049	0.01117	0.00844	0.00532	0.00418	0.00141	0.00543	0.00377	0.00343	0.00738
21	0.01334	0.16707	0.29151	0.01285	0.01792	0.03239	0.08304	0.08054	0.03474	0.08406	0.03184	0.05031	0.03122	0.00627	0.00555	0.00162	0.04005	0.00504	0.00331	0.00733

[dist]
# distance from previous block
# <min> <max>
0	2

[block]
# block no. 2 follows, 46 sequences, length 9
# corresponding to MSA columns:
# 128-136
name=unknown_C
#
# <colnr> <probs for GDERKNQSTAVLIFYWHMCP>
#	G	D	E	R	K	N	Q	S	T	A	V	L	I	F	Y	W	H	M	C	P
0	0.01486	0.01618	0.01190	0.01103	0.01290	0.39447	0.00822	0.08640	0.01355	0.01466	0.01407	0.11351	0.01439	0.15466	0.00974	0.00228	0.03706	0.06115	0.00346	0.00554
1	0.03162	0.01215	0.04952	0.06422	0.22340	0.01159	0.01131	0.18535	0.05154	0.11830	0.01329	0.01601	0.01038	0.00589	0.00513	0.00154	0.00549	0.04439	0.00403	0.13487
2	0.03298	0.05698	0.01864	0.06951	0.23165	0.04497	0.07386	0.26272	0.07937	0.05931	0.01209	0.01343	0.00913	0.00558	0.00520	0.00160	0.00619	0.00480	0.00390	0.00811
3	0.00730	0.00559	0.00696	0.00744	0.00800	0.00570	0.00517	0.00863	0.03494	0.01331	0.02853	0.45224	0.13884	0.16014	0.01110	0.00264	0.06330	0.03138	0.00442	0.00438
4	0.00985	0.00493	0.00493	0.00493	0.00616	0.00493	0.00370	0.01232	0.01109	0.01971	0.01725	0.01971	0.01355	0.00616	0.00370	0.00123	0.00246	0.00493	0.84356	0.00493
5	0.01328	0.04793	0.33317	0.04802	0.21689	0.09534	0.01556	0.07948	0.06765	0.01796	0.01052	0.01225	0.00803	0.00524	0.00505	0.00160	0.00707	0.00427	0.00287	0.00781
6	0.01603	0.22368	0.05058	0.05325	0.15556	0.13132	0.01144	0.17167	0.03534	0.05766	0.01029	0.01163	0.00812	0.00548	0.00515	0.00148	0.03637	0.00407	0.00333	0.00755
7	0.01082	0.02055	0.44951	0.01513	0.02088	0.03749	0.16565	0.01552	0.01162	0.01641	0.05477	0.01657	0.07318	0.00622	0.00628	0.00174	0.06252	0.00531	0.00276	0.00705
8	0.16300	0.00855	0.00872	0.00963	0.05731	0.08791	0.00650	0.01209	0.01088	0.06892	0.02125	0.47795	0.02358	0.01187	0.00572	0.00190	0.00422	0.01031	0.00436	0.00532

[dist]
# distance from previous block
# <min> <max>
0	10

[block]
# block no. 3 follows, 46 sequences, length 23
# corresponding to MSA columns:
# 147-169
name=unknown_D
#
# <colnr> <probs for GDERKNQSTAVLIFYWHMCP>
#	G	D	E	R	K	N	Q	S	T	A	V	L	I	F	Y	W	H	M	C	P
0	0.04155	0.09261	0.01532	0.01221	0.03591	0.31540	0.00943	0.20312	0.08880	0.01936	0.01147	0.03302	0.00941	0.00799	0.05172	0.00188	0.00740	0.00438	0.00366	0.03538
1	0.08246	0.01063	0.01054	0.01004	0.02488	0.08157	0.00751	0.05240	0.34209	0.01879	0.01965	0.14511	0.03764	0.03408	0.09612	0.00264	0.00572	0.00700	0.00447	0.00665
2	0.09269	0.03631	0.01236	0.00952	0.01236	0.01043	0.00779	0.01301	0.00970	0.01591	0.00900	0.01192	0.00796	0.00953	0.09673	0.00217	0.22436	0.00379	0.00286	0.41160
3	0.01245	0.01075	0.01602	0.01500	0.11444	0.01208	0.10427	0.09199	0.06613	0.05637	0.15929	0.01974	0.03799	0.00856	0.02634	0.00200	0.22984	0.00613	0.00388	0.00675
4	0.00680	0.00505	0.00596	0.00632	0.00714	0.00462	0.00430	0.00788	0.01090	0.01418	0.14432	0.30764	0.25506	0.18273	0.01077	0.00260	0.00330	0.01153	0.00468	0.00422
5	0.00880	0.00701	0.00961	0.11774	0.07366	0.00717	0.00756	0.07302	0.01270	0.01695	0.15554	0.32298	0.12481	0.01178	0.00617	0.00188	0.00399	0.02868	0.00457	0.00538
6	0.00681	0.00534	0.00618	0.00623	0.00766	0.00471	0.00468	0.00855	0.01283	0.01659	0.29063	0.12333	0.42047	0.01292	0.00635	0.00182	0.00278	0.05227	0.00521	0.00464
7	0.00758	0.00557	0.00803	0.00803	0.00881	0.00636	0.00603	0.00914	0.00836	0.01193	0.01459	0.02312	0.01424	0.17148	0.66283	0.00792	0.01262	0.00601	0.00290	0.00446
8	0.01096	0.00940	0.01096	0.00783	0.01253	0.00705	0.00626	0.01331	0.01096	0.01723	0.00940	0.01096	0.00783	0.00392	0.00392	0.00078	0.00392	0.00313	0.00313	0.84653
9	0.00978	0.00819	0.01087	0.01253	0.17573	0.00765	0.00773	0.07421	0.01342	0.01827	0.18141	0.09381	0.23545	0.00939	0.00568	0.00159	0.00388	0.00815	0.00440	0.11787
10	0.01079	0.01040	0.00881	0.00901	0.01016	0.21083	0.00641	0.02420	0.01167	0.03267	0.02264	0.43348	0.04817	0.09297	0.00820	0.00222	0.00511	0.04317	0.00421	0.00489
11	0.01096	0.00940	0.01096	0.00783	0.01253	0.00705	0.00626	0.01331	0.01096	0.01723	0.00940	0.01096	0.00783	0.00392	0.00392	0.00078	0.00392	0.00313	0.00313	0.84653
12	0.00811	0.00649	0.00969	0.07585	0.01286	0.00641	0.06005	0.01032	0.01180	0.01533	0.07335	0.19843	0.13956	0.01310	0.00673	0.00213	0.00451	0.33574	0.00457	0.00494
13	0.01096	0.00940	0.01096	0.00783	0.01253	0.00705	0.00626	0.01331	0.01096	0.01723	0.00940	0.01096	0.00783	0.00392	0.00392	0.00078	0.00392	0.00313	0.00313	0.84653
14	0.01449	0.01178	0.01643	0.01826	0.29028	0.05653	0.05509	0.01769	0.04541	0.14093	0.01197	0.01335	0.00918	0.00489	0.00487	0.00134	0.00550	0.00438	0.00354	0.27408
15	0.00780	0.00562	0.00739	0.07343	0.00944	0.00603	0.00518	0.00872	0.00854	0.01163	0.04961	0.05271	0.01847	0.48612	0.22204	0.00547	0.00745	0.00722	0.00320	0.00393
16	0.01295	0.05397	0.15968	0.01253	0.08862	0.11510	0.01030	0.01635	0.05836	0.10640	0.06002	0.13871	0.04027	0.02816	0.00582	0.00169	0.00559	0.00646	0.00384	0.07519
17	0.00754	0.00524	0.00658	0.00669	0.00698	0.00548	0.00433	0.00817	0.00813	0.01111	0.01699	0.09583	0.01881	0.52404	0.24599	0.00585	0.00756	0.00772	0.00324	0.00373
18	0.01474	0.08407	0.09434	0.01784	0.18083	0.15728	0.12689	0.13252	0.05603	0.01852	0.01312	0.01459	0.05410	0.00572	0.00520	0.00157	0.00698	0.00493	0.00328	0.00744
19	0.45923	0.10819	0.15715	0.01290	0.13995	0.01311	0.01041	0.01591	0.01010	0.02004	0.00818	0.00979	0.00647	0.00485	0.00393	0.00157	0.00533	0.00336	0.00285	0.00667
20	0.01187	0.07643	0.34947	0.01602	0.15525	0.04219	0.01432	0.04416	0.06509	0.01714	0.01197	0.07908	0.01023	0.00602	0.00502	0.00157	0.00639	0.00500	0.00296	0.07983
21	0.00949	0.00765	0.01078	0.03444	0.16701	0.00711	0.00828	0.01157	0.01161	0.03659	0.05118	0.17347	0.14124	0.02774	0.00637	0.00184	0.00431	0.15001	0.00413	0.13517
22	0.01507	0.15725	0.01519	0.01085	0.01379	0.25004	0.00866	0.10529	0.19195	0.01808	0.07763	0.08468	0.01529	0.00721	0.00502	0.00154	0.00602	0.00559	0.00401	0.00684

[dist]
# distance from previous block
# <min> <max>
0	1

[block]
# block no. 4 follows, 46 sequences, length 7
# corresponding to MSA columns:
# 171-177
name=unknown_E
#
# <colnr> <probs for GDERKNQSTAVLIFYWHMCP>
#	G	D	E	R	K	N	Q	S	T	A	V	L	I	F	Y	W	H	M	C	P
0	0.01130	0.01443	0.22722	0.01623	0.20670	0.01040	0.01254	0.10600	0.01399	0.01991	0.23130	0.02058	0.02022	0.00896	0.05529	0.00207	0.00606	0.00595	0.00377	0.00709
1	0.01564	0.12813	0.15888	0.09776	0.06594	0.04595	0.01147	0.06556	0.02863	0.21766	0.02814	0.01376	0.00984	0.00552	0.00484	0.00149	0.00586	0.00437	0.00383	0.08673
2	0.04980	0.07395	0.05207	0.01411	0.07031	0.23381	0.07610	0.20066	0.01599	0.08176	0.01220	0.03931	0.01000	0.00629	0.00514	0.00157	0.00695	0.03891	0.00378	0.00730
3	0.00678	0.00507	0.00618	0.00671	0.00762	0.00463	0.00477	0.00808	0.01136	0.01480	0.15047	0.36820	0.24700	0.07632	0.00812	0.00222	0.00314	0.05921	0.00491	0.00440
4	0.01386	0.01172	0.01777	0.05995	0.47771	0.01201	0.01318	0.10509	0.07516	0.06817	0.01569	0.01724	0.07675	0.00601	0.00535	0.00162	0.00566	0.00542	0.00359	0.00803
5	0.08795	0.01384	0.01750	0.15919	0.35549	0.11587	0.01322	0.14031	0.01403	0.01927	0.00984	0.01233	0.00781	0.00520	0.00502	0.00158	0.00658	0.00438	0.00308	0.00751
6	0.01298	0.01223	0.14373	0.04856	0.01707	0.00983	0.13841	0.01751	0.10094	0.17233	0.01500	0.01818	0.01176	0.07839	0.17545	0.00344	0.00800	0.00555	0.00377	0.00688

[dist]
# distance from previous block
# <min> <max>
0	1

[block]
# block no. 5 follows, 46 sequences, length 10
# corresponding to MSA columns:
# 179-188
name=unknown_F
#
# <colnr> <probs for GDERKNQSTAVLIFYWHMCP>
#	G	D	E	R	K	N	Q	S	T	A	V	L	I	F	Y	W	H	M	C	P
0	0.12001	0.00710	0.00829	0.06244	0.01117	0.00761	0.00636	0.01326	0.15484	0.01788	0.15942	0.36031	0.02832	0.01142	0.00584	0.00190	0.00358	0.01000	0.00477	0.00549
1	0.01142	0.01055	0.01558	0.20893	0.28192	0.04080	0.01205	0.03595	0.01133	0.01571	0.01053	0.01430	0.00884	0.01141	0.15398	0.00279	0.00770	0.00459	0.00276	0.13885
2	0.00831	0.00693	0.00948	0.00930	0.00957	0.00834	0.00696	0.00934	0.00895	0.01266	0.01856	0.34995	0.02118	0.11910	0.13372	0.00355	0.24632	0.00952	0.00359	0.00467
3	0.00668	0.00529	0.00601	0.00600	0.00745	0.00462	0.00444	0.00837	0.01283	0.01652	0.29464	0.12622	0.45648	0.01285	0.00630	0.00178	0.00266	0.01102	0.00521	0.00462
4	0.01278	0.00934	0.01115	0.00805	0.01267	0.00715	0.00648	0.01509	0.01156	0.12669	0.01103	0.01196	0.00858	0.00429	0.00411	0.00090	0.00400	0.00344	0.00362	0.72710
5	0.01791	0.01407	0.01763	0.07815	0.10954	0.01535	0.06503	0.56170	0.02131	0.02866	0.01196	0.01296	0.00869	0.00593	0.00535	0.00161	0.00619	0.00485	0.00455	0.00854
6	0.01585	0.17450	0.01846	0.01552	0.15971	0.20416	0.04171	0.11380	0.01411	0.07182	0.01203	0.09216	0.01073	0.00650	0.00526	0.00152	0.02644	0.00517	0.00343	0.00711
7	0.00948	0.00875	0.00984	0.01123	0.12831	0.09687	0.00714	0.01166	0.01375	0.01799	0.40092	0.06792	0.17568	0.00999	0.00594	0.00166	0.00395	0.00864	0.00476	0.00551
8	0.00988	0.14480	0.26706	0.01167	0.06705	0.01058	0.01132	0.01332	0.01199	0.01654	0.19688	0.02380	0.09636	0.00992	0.06173	0.00210	0.00594	0.02919	0.00351	0.00636
9	0.01097	0.00889	0.01030	0.05945	0.04387	0.00934	0.00738	0.15215	0.17171	0.02077	0.17053	0.03141	0.26293	0.00946	0.00579	0.00172	0.00396	0.00794	0.00499	0.00645

[dist]
# distance from previous block
# <min> <max>
2	13

[block]
# block no. 6 follows, 46 sequences, length 16
# corresponding to MSA columns:
# 202-217
name=unknown_G
#
# <colnr> <probs for GDERKNQSTAVLIFYWHMCP>
#	G	D	E	R	K	N	Q	S	T	A	V	L	I	F	Y	W	H	M	C	P
0	0.05761	0.36638	0.09897	0.01661	0.23983	0.01593	0.01205	0.05318	0.01187	0.01615	0.00993	0.01364	0.00883	0.00539	0.00444	0.00145	0.00593	0.05179	0.00274	0.00728
1	0.00922	0.00557	0.00694	0.00687	0.00786	0.00525	0.00472	0.01022	0.01046	0.11261	0.08478	0.24358	0.11617	0.28331	0.06552	0.00342	0.00459	0.00980	0.00448	0.00464
2	0.01459	0.05057	0.21471	0.04769	0.01772	0.13574	0.01211	0.12218	0.03696	0.06778	0.01044	0.01187	0.00796	0.00575	0.00624	0.00154	0.09767	0.00406	0.00326	0.13117
3	0.01324	0.09450	0.16389	0.01226	0.07481	0.11137	0.01052	0.01593	0.01265	0.12717	0.13119	0.06169	0.08129	0.00769	0.00606	0.00164	0.05744	0.00610	0.00387	0.00668
4	0.00953	0.00562	0.00696	0.00673	0.00739	0.00556	0.00438	0.01012	0.00896	0.10684	0.01810	0.10845	0.01926	0.53427	0.12115	0.00483	0.00601	0.00787	0.00374	0.00423
5	0.00723	0.00523	0.00673	0.00764	0.00838	0.00498	0.00570	0.00856	0.01070	0.01391	0.03029	0.37826	0.12655	0.11852	0.00946	0.00258	0.00385	0.24241	0.00468	0.00435
6	0.11454	0.01152	0.01357	0.01302	0.11281	0.01226	0.00924	0.21401	0.19664	0.19014	0.04686	0.01618	0.01279	0.00639	0.00511	0.00165	0.00487	0.00514	0.00502	0.00822
7	0.01347	0.01194	0.01729	0.08388	0.31927	0.05274	0.07094	0.10619	0.05899	0.05368	0.11229	0.01853	0.04454	0.00633	0.00548	0.00163	0.00583	0.00575	0.00377	0.00747
8	0.01081	0.11360	0.01436	0.01085	0.01197	0.01310	0.00894	0.01349	0.08539	0.01383	0.04604	0.01947	0.01313	0.10475	0.10293	0.00311	0.36115	0.04433	0.00307	0.00567
9	0.01109	0.03565	0.40042	0.01119	0.01619	0.00928	0.01264	0.01510	0.01231	0.11601	0.13997	0.07485	0.10739	0.00789	0.00548	0.00170	0.00556	0.00657	0.00386	0.00686
10	0.01553	0.01673	0.01722	0.01410	0.01742	0.29684	0.17769	0.10935	0.14661	0.01852	0.06982	0.04963	0.01338	0.00651	0.00546	0.00161	0.00722	0.00561	0.00381	0.00692
11	0.00759	0.00563	0.00726	0.00780	0.00908	0.00531	0.00634	0.00968	0.01269	0.01665	0.22313	0.11170	0.20180	0.01353	0.00676	0.00207	0.00364	0.33946	0.00512	0.00476
12	0.01101	0.00957	0.01137	0.00831	0.01263	0.00777	0.00668	0.01327	0.01074	0.01687	0.00920	0.01101	0.00776	0.00434	0.00497	0.00090	0.06690	0.00325	0.00307	0.78038
13	0.01308	0.01256	0.02146	0.03245	0.78123	0.01256	0.01622	0.01622	0.01204	0.01727	0.00994	0.01308	0.00837	0.00471	0.00523	0.00157	0.00628	0.00471	0.00262	0.00837
14	0.01165	0.00634	0.00835	0.00732	0.00932	0.00569	0.00567	0.01399	0.01489	0.21944	0.55287	0.03435	0.06913	0.00980	0.00600	0.00166	0.00302	0.00852	0.00597	0.00601
15	0.00658	0.00470	0.00625	0.00727	0.00770	0.00438	0.00492	0.00770	0.01075	0.01449	0.12587	0.71119	0.03689	0.01582	0.00668	0.00208	0.00299	0.01432	0.00503	0.00438

[dist]
# distance from previous block
# <min> <max>
5	6

[block]
# block no. 7 follows, 46 sequences, length 15
# corresponding to MSA columns:
# 225-239
name=unknown_H
#
# <colnr> <probs for GDERKNQSTAVLIFYWHMCP>
#	G	D	E	R	K	N	Q	S	T	A	V	L	I	F	Y	W	H	M	C	P
0	0.01402	0.01709	0.25026	0.01638	0.17477	0.04300	0.01338	0.12188	0.10341	0.07158	0.01215	0.01315	0.00905	0.00538	0.00502	0.00153	0.00615	0.00441	0.00353	0.11385
1	0.12320	0.01299	0.11153	0.02025	0.34798	0.01163	0.04110	0.01594	0.07354	0.01807	0.04751	0.05215	0.04585	0.00641	0.00581	0.00170	0.04837	0.00550	0.00322	0.00725
2	0.01187	0.00937	0.01106	0.00794	0.01260	0.00710	0.00637	0.01420	0.01126	0.07182	0.01021	0.01146	0.00820	0.00410	0.00401	0.00084	0.00396	0.00329	0.00337	0.78697
3	0.01734	0.01718	0.01412	0.01147	0.01526	0.30748	0.00902	0.26690	0.01712	0.02098	0.01003	0.01100	0.00783	0.00531	0.00470	0.00127	0.00668	0.00378	0.00370	0.24884
4	0.00890	0.00704	0.00884	0.00848	0.01006	0.00782	0.00654	0.01406	0.20710	0.01602	0.11160	0.02583	0.10006	0.02442	0.39035	0.02775	0.00870	0.00677	0.00406	0.00560
5	0.00685	0.00524	0.00615	0.00630	0.00748	0.00470	0.00456	0.00837	0.01215	0.01582	0.25255	0.18384	0.33918	0.08434	0.00821	0.00214	0.00300	0.03961	0.00502	0.00449
6	0.00699	0.00507	0.00665	0.00713	0.00789	0.00501	0.00508	0.00794	0.00973	0.01284	0.02821	0.33500	0.18825	0.05010	0.22037	0.07879	0.00618	0.01048	0.00406	0.00423
7	0.01428	0.01538	0.01835	0.02249	0.37275	0.20516	0.01341	0.01642	0.01163	0.01490	0.00864	0.01178	0.00758	0.00620	0.00860	0.00173	0.23671	0.00437	0.00256	0.00708
8	0.02323	0.00978	0.01275	0.00978	0.01389	0.00894	0.00808	0.12546	0.01645	0.68334	0.01975	0.01728	0.01253	0.00652	0.00531	0.00163	0.00468	0.00524	0.00637	0.00900
9	0.00644	0.00460	0.00613	0.00736	0.00767	0.00429	0.00491	0.00736	0.01012	0.01350	0.02914	0.81076	0.03497	0.01656	0.00675	0.00215	0.00307	0.01503	0.00491	0.00429
10	0.02114	0.01314	0.01483	0.01137	0.01556	0.01391	0.00939	0.55135	0.02206	0.24952	0.01504	0.01422	0.01017	0.00640	0.00530	0.00160	0.00544	0.00492	0.00565	0.00899
11	0.01575	0.01833	0.01314	0.01210	0.01424	0.46705	0.00914	0.01921	0.13240	0.01475	0.04219	0.11888	0.01366	0.00774	0.00630	0.00163	0.07812	0.00569	0.00351	0.00616
12	0.01775	0.01407	0.16696	0.01129	0.01570	0.01130	0.01066	0.19428	0.08345	0.30731	0.06738	0.01675	0.01337	0.00665	0.00580	0.00167	0.03702	0.00522	0.00507	0.00831
13	0.00780	0.00525	0.00613	0.00629	0.00645	0.00525	0.00391	0.00812	0.00828	0.01099	0.01816	0.03792	0.02071	0.70799	0.02430	0.00477	0.00509	0.10572	0.00342	0.00342
14	0.08998	0.22633	0.01920	0.01608	0.18660	0.28802	0.01096	0.01750	0.01216	0.01472	0.00819	0.01013	0.00707	0.00528	0.00534	0.00145	0.06805	0.00359	0.00260	0.00674

[dist]
# distance from previous block
# <min> <max>
0	8

[block]
# block no. 8 follows, 46 sequences, length 13
# corresponding to MSA columns:
# 248-260
name=unknown_I
#
# <colnr> <probs for GDERKNQSTAVLIFYWHMCP>
#	G	D	E	R	K	N	Q	S	T	A	V	L	I	F	Y	W	H	M	C	P
0	0.01377	0.26982	0.08210	0.03990	0.39048	0.08788	0.01361	0.01653	0.01180	0.01521	0.00891	0.01117	0.00756	0.00476	0.00459	0.00142	0.00652	0.00393	0.00248	0.00756
1	0.01393	0.01342	0.01985	0.11001	0.57226	0.07339	0.01502	0.08595	0.01331	0.01803	0.01000	0.01288	0.00817	0.00498	0.00521	0.00158	0.00657	0.00461	0.00285	0.00799
2	0.00666	0.00476	0.00639	0.00761	0.00801	0.00448	0.00529	0.00774	0.01034	0.01374	0.02902	0.73174	0.03449	0.01636	0.00681	0.00218	0.00326	0.09189	0.00490	0.00435
3	0.01131	0.00743	0.01084	0.00987	0.01159	0.00751	0.06554	0.01304	0.01154	0.16425	0.02548	0.24627	0.10712	0.03940	0.00846	0.00215	0.10207	0.14574	0.00467	0.00570
4	0.00721	0.00492	0.00591	0.00638	0.00650	0.00480	0.00386	0.00756	0.00863	0.01150	0.02147	0.33363	0.02529	0.50690	0.01914	0.00398	0.00433	0.01052	0.00386	0.00362
5	0.30790	0.00813	0.00804	0.00725	0.00959	0.00869	0.00569	0.09234	0.01263	0.06812	0.15096	0.10580	0.01914	0.00774	0.00460	0.00161	0.00358	0.00615	0.16622	0.00582
6	0.00746	0.00524	0.00681	0.00707	0.00747	0.00549	0.00479	0.00832	0.00854	0.01167	0.01845	0.16549	0.02045	0.39713	0.26822	0.00559	0.00765	0.03675	0.00344	0.00394
7	0.00663	0.00519	0.00584	0.00601	0.00725	0.00458	0.00428	0.00796	0.01176	0.01493	0.16885	0.19786	0.43666	0.08819	0.00827	0.00215	0.00295	0.01133	0.00491	0.00440
8	0.10497	0.16700	0.01694	0.01331	0.08617	0.38774	0.00978	0.06580	0.01363	0.01600	0.00848	0.00988	0.00705	0.00509	0.00437	0.00134	0.00729	0.00343	0.00288	0.06888
9	0.01686	0.01556	0.01439	0.01467	0.13896	0.27695	0.00993	0.12572	0.07465	0.11609	0.12756	0.01693	0.01537	0.00653	0.00525	0.00154	0.00636	0.00518	0.00423	0.00727
10	0.04533	0.08123	0.33987	0.01482	0.08934	0.20360	0.03160	0.01762	0.01222	0.04060	0.00994	0.01157	0.00759	0.00518	0.00473	0.00151	0.00731	0.00391	0.06492	0.00711
11	0.10093	0.01382	0.14660	0.01733	0.25618	0.05749	0.01197	0.05963	0.01256	0.06517	0.04111	0.11698	0.03875	0.00736	0.00530	0.00170	0.00567	0.03081	0.00358	0.00706
12	0.01205	0.13986	0.06143	0.01167	0.04582	0.13103	0.03413	0.01445	0.05889	0.01339	0.01240	0.07365	0.01238	0.18382	0.02980	0.00260	0.14820	0.00569	0.00297	0.00574

[dist]
# distance from previous block
# <min> <max>
0	5

[block]
# block no. 9 follows, 46 sequences, length 10
# corresponding to MSA columns:
# 266-275
name=unknown_J
#
# <colnr> <probs for GDERKNQSTAVLIFYWHMCP>
#	G	D	E	R	K	N	Q	S	T	A	V	L	I	F	Y	W	H	M	C	P
0	0.13864	0.20853	0.34956	0.01175	0.01731	0.01465	0.01307	0.07290	0.09429	0.01858	0.01021	0.01119	0.00777	0.00522	0.00443	0.00155	0.00620	0.00378	0.00296	0.00740
1	0.00754	0.00519	0.00632	0.00677	0.00787	0.00462	0.00479	0.00878	0.01141	0.06305	0.08754	0.45291	0.28482	0.01447	0.00645	0.00196	0.00299	0.01274	0.00507	0.00470
2	0.01258	0.00854	0.01172	0.01279	0.15814	0.00841	0.00825	0.07105	0.07756	0.14492	0.38949	0.02734	0.03016	0.00832	0.00575	0.00165	0.00393	0.00729	0.00525	0.00686
3	0.01383	0.01273	0.02147	0.06608	0.39475	0.03746	0.19288	0.04136	0.04600	0.07707	0.01284	0.01514	0.03291	0.00528	0.00551	0.00165	0.00670	0.00534	0.00320	0.00782
4	0.01265	0.01337	0.07165	0.08990	0.63715	0.01252	0.05310	0.01608	0.01189	0.01693	0.00991	0.01309	0.00814	0.00476	0.00527	0.00160	0.00657	0.00473	0.00257	0.00808
5	0.00745	0.00546	0.00780	0.00793	0.00865	0.00612	0.00587	0.00893	0.00854	0.01208	0.01619	0.10874	0.01655	0.16242	0.58396	0.00726	0.01150	0.00701	0.00312	0.00443
6	0.16477	0.01579	0.01793	0.08938	0.25081	0.24097	0.11362	0.01739	0.01228	0.01678	0.00902	0.01149	0.00728	0.00498	0.00489	0.00157	0.00727	0.00420	0.00275	0.00685
7	0.00773	0.00549	0.00653	0.00634	0.00786	0.00484	0.00472	0.00954	0.01323	0.05842	0.35470	0.12678	0.34991	0.01228	0.00625	0.00176	0.00274	0.01059	0.00538	0.00491
8	0.01565	0.05742	0.01823	0.02069	0.34607	0.09621	0.01242	0.21058	0.13136	0.02142	0.01209	0.01338	0.00947	0.00557	0.00512	0.00156	0.00615	0.00468	0.00372	0.00821
9	0.01544	0.03843	0.01566	0.01642	0.20417	0.11864	0.01063	0.27947	0.07460	0.02196	0.01450	0.13867	0.01312	0.00744	0.00538	0.00164	0.00587	0.00622	0.00413	0.00759

[dist]
# distance from previous block
# <min> <max>
0	1

[block]
# block no. 10 follows, 46 sequences, length 10
# corresponding to MSA columns:
# 277-286
name=unknown_K
#
# <colnr> <probs for GDERKNQSTAVLIFYWHMCP>
#	G	D	E	R	K	N	Q	S	T	A	V	L	I	F	Y	W	H	M	C	P
0	0.00804	0.00577	0.00670	0.00680	0.00733	0.00588	0.00436	0.01024	0.10022	0.01331	0.08293	0.21049	0.02498	0.46924	0.01802	0.00376	0.00433	0.00931	0.00407	0.00422
1	0.01096	0.00940	0.01096	0.00783	0.01253	0.00705	0.00626	0.01331	0.01096	0.01723	0.00940	0.01096	0.00783	0.00392	0.00392	0.00078	0.00392	0.00313	0.00313	0.84653
2	0.01445	0.05100	0.01466	0.01172	0.01405	0.01459	0.00956	0.18231	0.27622	0.04886	0.01387	0.01492	0.01089	0.00797	0.00960	0.03880	0.24991	0.00506	0.00418	0.00739
3	0.00671	0.00525	0.00613	0.00654	0.00782	0.00467	0.00489	0.00820	0.01190	0.01506	0.12805	0.24634	0.41442	0.01405	0.00650	0.00194	0.00302	0.09897	0.00501	0.00453
4	0.00961	0.00587	0.00754	0.00752	0.00908	0.00534	0.00583	0.01143	0.01277	0.13168	0.20723	0.22036	0.18687	0.01271	0.00641	0.00194	0.00339	0.14375	0.00536	0.00530
5	0.00717	0.00534	0.00670	0.00670	0.00794	0.00487	0.00504	0.00922	0.01354	0.01841	0.47977	0.14300	0.19454	0.01235	0.00638	0.00181	0.00278	0.06420	0.00545	0.00478
6	0.00811	0.00649	0.00848	0.00957	0.07463	0.00654	0.00635	0.01128	0.09912	0.01582	0.13973	0.26015	0.15924	0.03769	0.12894	0.00299	0.00509	0.00996	0.00454	0.00528
7	0.01256	0.01191	0.01968	0.16291	0.58752	0.01247	0.01529	0.01677	0.07669	0.01704	0.01084	0.01383	0.00881	0.00502	0.00526	0.00162	0.00623	0.00482	0.00281	0.00794
8	0.01365	0.01301	0.01773	0.02303	0.45689	0.07535	0.01275	0.06279	0.07865	0.01831	0.01086	0.01294	0.00885	0.00493	0.00496	0.00142	0.00588	0.00441	0.00313	0.17046
9	0.06461	0.29282	0.06587	0.01137	0.01519	0.33623	0.00992	0.04561	0.04186	0.05821	0.00930	0.01019	0.00752	0.00523	0.00430	0.00136	0.00718	0.00346	0.00297	0.00678

[dist]
# distance from previous block
# <min> <max>
0	9

[block]
# block no. 11 follows, 46 sequences, length 34
# corresponding to MSA columns:
# 296-329
name=unknown_L
#
# <colnr> <probs for GDERKNQSTAVLIFYWHMCP>
#	G	D	E	R	K	N	Q	S	T	A	V	L	I	F	Y	W	H	M	C	P
0	0.01142	0.01025	0.01675	0.02130	0.40005	0.01000	0.07464	0.01484	0.05085	0.03598	0.14566	0.08245	0.05171	0.00718	0.00560	0.00164	0.00519	0.00677	0.00371	0.04399
1	0.00997	0.12860	0.01280	0.04964	0.07657	0.00889	0.00734	0.01232	0.01247	0.01751	0.28692	0.04050	0.06452	0.00739	0.00503	0.00135	0.00394	0.00628	0.00401	0.24396
2	0.01214	0.38343	0.22113	0.01220	0.01702	0.01604	0.09540	0.01522	0.01092	0.01423	0.01213	0.01366	0.07194	0.00581	0.00562	0.00150	0.07792	0.00435	0.00253	0.00680
3	0.00992	0.00800	0.01024	0.09935	0.07422	0.00844	0.00772	0.01539	0.21192	0.04155	0.18747	0.11197	0.13559	0.04633	0.00680	0.00193	0.00402	0.00828	0.00473	0.00614
4	0.00804	0.00616	0.00914	0.01007	0.07383	0.00687	0.00686	0.00973	0.00866	0.01236	0.01421	0.02238	0.01379	0.16320	0.60175	0.00736	0.01202	0.00591	0.00287	0.00478
5	0.01410	0.03712	0.10645	0.02586	0.52108	0.12201	0.01506	0.01761	0.03501	0.04092	0.01027	0.01260	0.00830	0.00498	0.00510	0.00155	0.00677	0.00444	0.00279	0.00797
6	0.73835	0.05096	0.00946	0.07396	0.01260	0.01231	0.00665	0.01538	0.00922	0.02229	0.00753	0.00905	0.00589	0.00492	0.00345	0.00162	0.00442	0.00302	0.00314	0.00579
7	0.01283	0.03196	0.28363	0.02047	0.31640	0.03885	0.01516	0.01772	0.07135	0.05520	0.01108	0.01280	0.00851	0.00506	0.00502	0.00155	0.00646	0.00435	0.00294	0.07868
8	0.00882	0.00758	0.00882	0.00806	0.00941	0.05557	0.05108	0.00995	0.01014	0.01297	0.02405	0.08674	0.16915	0.34128	0.01495	0.00315	0.02988	0.07420	0.00371	0.07051
9	0.01541	0.11073	0.15124	0.04263	0.19896	0.32018	0.01319	0.03050	0.04107	0.01525	0.00933	0.01111	0.00754	0.00517	0.00481	0.00147	0.00769	0.00389	0.00269	0.00715
10	0.00764	0.00533	0.00680	0.00680	0.00715	0.00569	0.00449	0.00835	0.00799	0.01101	0.01571	0.02938	0.01695	0.52178	0.31624	0.00640	0.00854	0.00692	0.00306	0.00378
11	0.01019	0.05006	0.01662	0.01247	0.01557	0.00917	0.26938	0.05172	0.01247	0.03405	0.04304	0.20548	0.19897	0.00964	0.00606	0.00178	0.00534	0.00912	0.00401	0.03485
12	0.01521	0.03347	0.07976	0.01371	0.11207	0.17063	0.01033	0.18570	0.01535	0.03496	0.04769	0.01282	0.00999	0.00537	0.00479	0.00132	0.00610	0.00417	0.00357	0.23298
13	0.00732	0.00541	0.00702	0.00799	0.00901	0.00512	0.00632	0.00899	0.01142	0.01468	0.03367	0.32296	0.18643	0.01504	0.00689	0.00220	0.00378	0.33627	0.00489	0.00458
14	0.00809	0.00589	0.00791	0.00716	0.00761	0.00582	0.06710	0.00847	0.00809	0.01081	0.01616	0.03288	0.01828	0.74602	0.02517	0.00484	0.00544	0.00757	0.00316	0.00353
15	0.01317	0.60187	0.23479	0.01069	0.01611	0.01856	0.01191	0.01608	0.01086	0.01361	0.00793	0.00921	0.00676	0.00466	0.00384	0.00128	0.00624	0.00312	0.00225	0.00706
16	0.00901	0.00468	0.00689	0.00689	0.00693	0.00472	0.00459	0.00706	0.00702	0.00940	0.00992	0.01754	0.01005	0.07320	0.05688	0.75047	0.00507	0.00485	0.00238	0.00247
17	0.00644	0.00460	0.00613	0.00736	0.00767	0.00429	0.00491	0.00736	0.01012	0.01350	0.02914	0.81076	0.03497	0.01656	0.00675	0.00215	0.00307	0.01503	0.00491	0.00429
18	0.01975	0.02520	0.01498	0.01362	0.01634	0.79299	0.01021	0.02111	0.01498	0.01294	0.00817	0.00953	0.00681	0.00545	0.00477	0.00136	0.00953	0.00340	0.00272	0.00613
19	0.00718	0.00539	0.00665	0.00633	0.00771	0.00486	0.00475	0.00939	0.01425	0.01950	0.60059	0.04228	0.22879	0.01144	0.00624	0.00169	0.00254	0.00995	0.00560	0.00486
20	0.00982	0.00901	0.01104	0.01020	0.01085	0.07209	0.00796	0.01115	0.00877	0.01217	0.01177	0.01902	0.01161	0.14299	0.37021	0.00547	0.26278	0.00546	0.00271	0.00494
21	0.02129	0.01289	0.01468	0.01125	0.01544	0.01354	0.00929	0.51957	0.02164	0.28190	0.01539	0.01445	0.01035	0.00641	0.00530	0.00160	0.00538	0.00494	0.00570	0.00899
22	0.01060	0.02735	0.78682	0.01507	0.02288	0.01228	0.01953	0.01674	0.01116	0.01674	0.00949	0.01116	0.00670	0.00502	0.00502	0.00167	0.00781	0.00391	0.00223	0.00781
23	0.01399	0.01117	0.01198	0.01065	0.01373	0.01272	0.00832	0.02791	0.71139	0.08290	0.02146	0.01959	0.01589	0.00712	0.00537	0.00178	0.00421	0.00592	0.00547	0.00842
24	0.00768	0.00517	0.00601	0.00601	0.00610	0.00526	0.00351	0.00784	0.00776	0.01043	0.01643	0.03336	0.01868	0.74479	0.09559	0.00543	0.00594	0.00751	0.00317	0.00334
25	0.00902	0.00564	0.00731	0.00701	0.00843	0.00511	0.00521	0.01102	0.01366	0.10738	0.46169	0.20683	0.10771	0.01180	0.00624	0.00178	0.00287	0.01041	0.00562	0.00525
26	0.00797	0.00623	0.00916	0.10209	0.08099	0.00634	0.00780	0.00969	0.01070	0.01422	0.02432	0.44301	0.02763	0.04863	0.00745	0.00225	0.00431	0.17796	0.00432	0.00492
27	0.85155	0.01022	0.00777	0.00695	0.01022	0.01186	0.00573	0.01554	0.00900	0.02372	0.00736	0.00859	0.00573	0.00491	0.00327	0.00164	0.00409	0.00286	0.00327	0.00573
28	0.64121	0.01231	0.00974	0.00840	0.01178	0.08261	0.00683	0.13821	0.01212	0.02432	0.00830	0.00934	0.00636	0.00519	0.00373	0.00160	0.00486	0.00322	0.00355	0.00629
29	0.77650	0.08257	0.00956	0.00714	0.01052	0.01267	0.00602	0.01557	0.00915	0.02271	0.00736	0.00858	0.00582	0.00487	0.00328	0.00159	0.00423	0.00286	0.00318	0.00582
30	0.00832	0.00548	0.00676	0.00659	0.00726	0.00551	0.00440	0.00917	0.00924	0.05114	0.08378	0.03260	0.08828	0.46442	0.18996	0.00510	0.00663	0.00759	0.00366	0.00409
31	0.01702	0.35858	0.06860	0.01171	0.05391	0.01688	0.01025	0.27358	0.01618	0.10976	0.01101	0.01143	0.00835	0.00542	0.00446	0.00140	0.00574	0.00394	0.00381	0.00794
32	0.01130	0.34786	0.04274	0.00814	0.01137	0.01260	0.00735	0.01420	0.07963	0.05500	0.04455	0.09087	0.23801	0.00866	0.00492	0.00153	0.00436	0.00692	0.00386	0.00614
33	0.08805	0.03610	0.01588	0.01521	0.14056	0.13717	0.01067	0.27482	0.08485	0.03651	0.01122	0.01240	0.00870	0.00618	0.00637	0.00164	0.09767	0.00443	0.00389	0.00768

[dist]
# distance from previous block
# <min> <max>
0	8

[block]
# block no. 12 follows, 46 sequences, length 25
# corresponding to MSA columns:
# 338-362
name=unknown_M
#
# <colnr> <probs for GDERKNQSTAVLIFYWHMCP>
#	G	D	E	R	K	N	Q	S	T	A	V	L	I	F	Y	W	H	M	C	P
0	0.06162	0.05658	0.13408	0.01604	0.19411	0.11190	0.03882	0.04138	0.04483	0.01770	0.10950	0.06812	0.02677	0.00665	0.00515	0.00157	0.00590	0.00563	0.00342	0.05023
1	0.01525	0.10973	0.10827	0.01046	0.01454	0.01207	0.00949	0.18366	0.10721	0.15275	0.01508	0.07163	0.01205	0.00872	0.05566	0.00198	0.00575	0.00529	0.00437	0.09605
2	0.01244	0.01215	0.02136	0.11971	0.54688	0.01250	0.10629	0.01568	0.01177	0.01656	0.01043	0.01479	0.00883	0.00525	0.00591	0.00168	0.03857	0.02883	0.00265	0.00771
3	0.01216	0.00942	0.01111	0.00806	0.01265	0.00731	0.00646	0.01488	0.03562	0.08509	0.01079	0.01186	0.00856	0.00425	0.00409	0.00089	0.00398	0.00342	0.00350	0.74589
4	0.00918	0.00459	0.00689	0.00689	0.00689	0.00459	0.00459	0.00689	0.00689	0.00918	0.00918	0.01607	0.00918	0.01837	0.02066	0.84619	0.00459	0.00459	0.00230	0.00230
5	0.01128	0.01042	0.01736	0.05686	0.55577	0.01044	0.01330	0.01387	0.01149	0.01617	0.01478	0.21489	0.01505	0.00773	0.00562	0.00172	0.00550	0.00732	0.00319	0.00724
