[name]
unknown

[dist]
# distance from previous block
# <min> <max>
8	320

[block]
# block no. 0 follows, 41 sequences, length 67
# corresponding to MSA columns:
# 339-405
name=unknown_A
#
# <colnr> <probs for GDERKNQSTAVLIFYWHMCP>
#	G	D	E	R	K	N	Q	S	T	A	V	L	I	F	Y	W	H	M	C	P
0	0.13351	0.01016	0.02467	0.02423	0.08673	0.05575	0.05422	0.04393	0.03539	0.04434	0.01960	0.27041	0.03313	0.03221	0.02777	0.02901	0.00540	0.00876	0.05457	0.00619
1	0.05376	0.02340	0.01212	0.01266	0.11322	0.10901	0.03108	0.01421	0.01334	0.06917	0.10849	0.12128	0.20355	0.01221	0.05297	0.00225	0.00570	0.00854	0.00450	0.02856
2	0.09092	0.01167	0.01441	0.05979	0.05356	0.08074	0.10490	0.11189	0.02542	0.04385	0.01960	0.11663	0.08650	0.11705	0.03583	0.00262	0.00648	0.00755	0.00411	0.00649
3	0.05023	0.00866	0.03160	0.09394	0.03842	0.00822	0.08521	0.01233	0.01084	0.01614	0.01640	0.15754	0.01634	0.11286	0.07152	0.05521	0.00613	0.00745	0.09727	0.10368
4	0.03886	0.00727	0.00900	0.00791	0.01025	0.00676	0.00616	0.01612	0.05260	0.20881	0.38939	0.03487	0.11873	0.01015	0.00618	0.00178	0.00341	0.00866	0.05647	0.00663
5	0.02720	0.08225	0.01754	0.07524	0.16936	0.03775	0.08639	0.06184	0.03186	0.07204	0.01799	0.19024	0.03629	0.01098	0.05511	0.00232	0.00661	0.00783	0.00400	0.00717
6	0.22927	0.00887	0.00948	0.00801	0.01114	0.00897	0.00646	0.04157	0.03559	0.28355	0.01727	0.01736	0.01225	0.00650	0.00460	0.00163	0.00405	0.00493	0.28118	0.00733
7	0.00882	0.00538	0.00668	0.00668	0.00670	0.00540	0.00401	0.00809	0.00807	0.01078	0.01546	0.03090	0.01729	0.54134	0.04266	0.26262	0.00557	0.00723	0.00315	0.00320
8	0.01795	0.27834	0.06547	0.01562	0.10788	0.35830	0.01201	0.05284	0.01457	0.01563	0.00909	0.01067	0.00767	0.00549	0.00478	0.00145	0.00822	0.00375	0.00286	0.00741
9	0.04218	0.10747	0.10872	0.04893	0.03011	0.11672	0.01083	0.03172	0.01431	0.21822	0.13510	0.01863	0.01682	0.00728	0.00649	0.00174	0.06712	0.00552	0.00448	0.00761
10	0.01114	0.14094	0.30460	0.06704	0.02003	0.01242	0.08157	0.01509	0.01192	0.01639	0.01647	0.16347	0.05135	0.00808	0.00565	0.00178	0.00664	0.00698	0.00323	0.05524
11	0.45991	0.00974	0.00913	0.00790	0.01120	0.01049	0.00641	0.01928	0.04914	0.18881	0.01400	0.01444	0.01014	0.00608	0.00423	0.00170	0.00419	0.00428	0.16198	0.00696
12	0.01214	0.01207	0.01810	0.20094	0.02150	0.01623	0.04343	0.01416	0.00960	0.01416	0.00832	0.01329	0.00758	0.00876	0.01513	0.00234	0.56827	0.00510	0.00253	0.00634
13	0.01389	0.02631	0.61168	0.01544	0.02307	0.01357	0.01881	0.12030	0.01445	0.07265	0.01160	0.01282	0.00807	0.00575	0.00550	0.00180	0.00790	0.00446	0.00320	0.00872
14	0.02566	0.00973	0.01327	0.01018	0.01460	0.00841	0.00841	0.02788	0.01637	0.76726	0.02257	0.01947	0.01416	0.00708	0.00575	0.00177	0.00487	0.00575	0.00708	0.00973
15	0.00770	0.00596	0.00633	0.00615	0.00811	0.00505	0.00464	0.00933	0.01356	0.04736	0.14198	0.05208	0.64412	0.01384	0.00672	0.00191	0.00295	0.01160	0.00550	0.00510
16	0.40951	0.01654	0.19396	0.01105	0.01605	0.01376	0.01096	0.17872	0.01450	0.07129	0.01068	0.01156	0.00771	0.00579	0.00461	0.00177	0.00584	0.00399	0.00397	0.00774
17	0.01223	0.00886	0.01113	0.01117	0.01327	0.00927	0.00962	0.18829	0.01647	0.02168	0.02630	0.05229	0.02733	0.01365	0.00738	0.00241	0.00551	0.55143	0.00538	0.00634
18	0.01221	0.01017	0.01120	0.01018	0.01279	0.01133	0.00785	0.02395	0.51084	0.02360	0.26548	0.02837	0.02946	0.00905	0.00612	0.00189	0.00393	0.00774	0.00598	0.00785
19	0.02096	0.01024	0.01261	0.01031	0.01414	0.01005	0.00831	0.02767	0.25166	0.47771	0.02252	0.02020	0.01525	0.00727	0.00565	0.00179	0.00461	0.00595	0.06388	0.00921
20	0.00853	0.00617	0.00838	0.00959	0.01074	0.00602	0.00797	0.01070	0.01267	0.01643	0.03274	0.22542	0.09145	0.01617	0.00768	0.00251	0.00465	0.51182	0.00528	0.00509
21	0.02174	0.01602	0.01717	0.01316	0.01774	0.01774	0.01087	0.74423	0.02689	0.03605	0.01373	0.01373	0.00973	0.00687	0.00572	0.00172	0.00629	0.00515	0.00572	0.00973
22	0.64335	0.01074	0.00958	0.00816	0.01191	0.01177	0.00673	0.01948	0.01133	0.20432	0.01148	0.01174	0.00811	0.00574	0.00407	0.00177	0.00453	0.00374	0.00439	0.00705
23	0.00698	0.00531	0.00644	0.00732	0.00823	0.00478	0.00512	0.00819	0.01174	0.01498	0.04051	0.51627	0.28468	0.01667	0.00714	0.00220	0.00324	0.04016	0.00531	0.00473
24	0.01536	0.01374	0.01999	0.02364	0.36003	0.01453	0.07113	0.13988	0.23668	0.02306	0.01505	0.01634	0.01165	0.00616	0.00581	0.00179	0.00626	0.00565	0.00420	0.00906
25	0.06688	0.01538	0.01343	0.01196	0.01475	0.22316	0.00945	0.16482	0.10600	0.05157	0.01579	0.02199	0.01379	0.05110	0.07775	0.00270	0.03279	0.09514	0.00437	0.00717
26	0.07275	0.15774	0.16263	0.01325	0.01783	0.18055	0.05460	0.08819	0.04492	0.01878	0.01280	0.01820	0.01116	0.00688	0.00533	0.00171	0.00737	0.09313	0.00348	0.02871
27	0.01602	0.01153	0.02036	0.20125	0.02496	0.01156	0.25111	0.02015	0.05845	0.23490	0.01565	0.01866	0.01151	0.06854	0.00792	0.00216	0.00713	0.00616	0.00425	0.00772
28	0.01132	0.01078	0.00959	0.00987	0.01112	0.17632	0.00702	0.06935	0.01337	0.01616	0.02510	0.55994	0.02887	0.01439	0.00670	0.00209	0.00510	0.01260	0.00482	0.00549
29	0.01161	0.01097	0.01954	0.20125	0.02397	0.01205	0.23054	0.06491	0.01223	0.01673	0.01237	0.01740	0.01027	0.01801	0.26006	0.00433	0.05821	0.00593	0.00304	0.00658
30	0.01493	0.01741	0.26613	0.20269	0.08498	0.01224	0.11080	0.01941	0.01313	0.18307	0.01317	0.01508	0.00920	0.00576	0.00576	0.00183	0.00748	0.00517	0.00357	0.00818
31	0.00708	0.00506	0.00677	0.00809	0.00848	0.00474	0.00551	0.00816	0.01106	0.01473	0.03146	0.75838	0.03758	0.01781	0.00733	0.00234	0.00342	0.05201	0.00531	0.00468
32	0.01347	0.01289	0.02198	0.18824	0.61553	0.01341	0.01721	0.01695	0.01270	0.01786	0.01064	0.01438	0.00877	0.00522	0.00567	0.00174	0.00696	0.00509	0.00277	0.00851
33	0.01147	0.01045	0.01722	0.31855	0.30184	0.01135	0.01421	0.01485	0.01299	0.01779	0.14749	0.02276	0.01807	0.00717	0.00601	0.00185	0.00628	0.04903	0.00349	0.00712
34	0.00692	0.00518	0.00643	0.00743	0.00816	0.00469	0.00507	0.00802	0.01146	0.01481	0.03801	0.61371	0.21518	0.01708	0.00717	0.00223	0.00322	0.01523	0.00531	0.00469
35	0.00728	0.00520	0.00700	0.00832	0.00879	0.00492	0.00586	0.00851	0.01126	0.01495	0.03135	0.69310	0.03714	0.01762	0.00738	0.00237	0.00359	0.11531	0.00530	0.00473
36	0.07580	0.02112	0.01657	0.12941	0.09027	0.46227	0.01205	0.07861	0.01546	0.01711	0.00952	0.01165	0.00768	0.00592	0.00551	0.00162	0.02515	0.00413	0.00313	0.00703
37	0.83938	0.01106	0.00841	0.00752	0.01106	0.01283	0.00619	0.01681	0.00973	0.02566	0.00796	0.00929	0.00619	0.00531	0.00354	0.00177	0.00442	0.00310	0.00354	0.00619
38	0.04039	0.01419	0.06616	0.02984	0.58341	0.01378	0.01641	0.04001	0.01282	0.01883	0.01062	0.01402	0.00893	0.00690	0.03343	0.00204	0.07172	0.00501	0.00290	0.00858
39	0.01529	0.80242	0.02997	0.00979	0.01468	0.02263	0.00979	0.01713	0.01162	0.01346	0.00795	0.00918	0.00734	0.00489	0.00367	0.00122	0.00612	0.00306	0.00245	0.00734
40	0.00704	0.00536	0.00649	0.00715	0.00814	0.00480	0.00500	0.00841	0.01231	0.01595	0.13336	0.45360	0.27978	0.01599	0.00705	0.00213	0.00310	0.01412	0.00544	0.00480
41	0.01198	0.00671	0.00889	0.00786	0.00989	0.00606	0.00606	0.01457	0.01623	0.18760	0.59708	0.03758	0.04516	0.01067	0.00653	0.00179	0.00318	0.00933	0.00647	0.00636
42	0.01529	0.80242	0.02997	0.00979	0.01468	0.02263	0.00979	0.01713	0.01162	0.01346	0.00795	0.00918	0.00734	0.00489	0.00367	0.00122	0.00612	0.00306	0.00245	0.00734
43	0.00743	0.00586	0.00709	0.00703	0.00854	0.00552	0.00531	0.00931	0.01280	0.01671	0.21680	0.07077	0.38395	0.02078	0.19217	0.00366	0.00586	0.01037	0.00501	0.00503
44	0.28927	0.01247	0.01263	0.01046	0.01434	0.01376	0.00849	0.21647	0.19446	0.14888	0.01558	0.01504	0.01115	0.00660	0.00503	0.00180	0.00502	0.00489	0.00525	0.00841
45	0.26080	0.00971	0.01284	0.06387	0.21196	0.01029	0.00960	0.01468	0.01065	0.06371	0.01185	0.06812	0.01063	0.00977	0.00917	0.20219	0.00534	0.00528	0.00337	0.00618
46	0.00994	0.00497	0.00745	0.00745	0.00745	0.00497	0.00497	0.00745	0.00745	0.00994	0.00994	0.01739	0.00994	0.01987	0.02235	0.83358	0.00497	0.00497	0.00248	0.00248
47	0.39381	0.01091	0.01109	0.00907	0.01292	0.01148	0.00746	0.11870	0.01450	0.28479	0.01449	0.01419	0.00997	0.00622	0.00463	0.00174	0.00472	0.00444	0.05701	0.00785
48	0.06853	0.12677	0.12364	0.01380	0.01605	0.01705	0.01278	0.01551	0.00994	0.03932	0.00847	0.01199	0.00757	0.00824	0.01333	0.00215	0.49083	0.00452	0.00270	0.00683
49	0.00992	0.01357	0.19605	0.29156	0.02497	0.01035	0.06410	0.01363	0.01184	0.01601	0.04075	0.21103	0.05412	0.00924	0.00620	0.00199	0.00651	0.00828	0.00348	0.00642
50	0.00802	0.00579	0.00758	0.00725	0.00853	0.00534	0.00539	0.01060	0.01583	0.02236	0.70967	0.09499	0.05285	0.01213	0.00678	0.00184	0.00274	0.01076	0.00623	0.00534
51	0.01436	0.01161	0.01476	0.05199	0.04140	0.01379	0.01041	0.20542	0.05838	0.05226	0.06780	0.11397	0.04025	0.00979	0.01031	0.00209	0.26255	0.00715	0.00444	0.00727
52	0.01540	0.21575	0.14666	0.02142	0.29129	0.06982	0.05911	0.03097	0.01324	0.06921	0.01075	0.01273	0.00855	0.00531	0.00516	0.00160	0.00718	0.00449	0.00302	0.00833
53	0.01335	0.01277	0.02176	0.21582	0.58890	0.01338	0.01715	0.01685	0.01264	0.01771	0.01062	0.01442	0.00871	0.00525	0.00568	0.00175	0.00700	0.00509	0.00276	0.00841
54	0.00797	0.00683	0.00842	0.00807	0.00947	0.00728	0.00630	0.00957	0.01132	0.01458	0.03850	0.03963	0.43861	0.02212	0.23213	0.00412	0.11633	0.00936	0.00427	0.00511
55	0.01295	0.01199	0.01476	0.04095	0.17550	0.05658	0.00970	0.01590	0.02617	0.01832	0.01046	0.01255	0.00867	0.00464	0.00468	0.00112	0.00528	0.00389	0.00326	0.56263
56	0.23681	0.14693	0.27950	0.01210	0.01758	0.01483	0.02697	0.11852	0.01340	0.02170	0.01102	0.05677	0.00913	0.00623	0.00481	0.00172	0.00641	0.00461	0.00336	0.00760
57	0.01903	0.01204	0.01379	0.01150	0.01527	0.01284	0.00931	0.20034	0.31127	0.24374	0.02126	0.02196	0.01571	0.00790	0.00592	0.00188	0.00510	0.05583	0.00613	0.00915
58	0.01588	0.01437	0.20117	0.01393	0.07656	0.00996	0.03550	0.02020	0.06493	0.27155	0.01974	0.12759	0.01651	0.00965	0.03045	0.00216	0.00618	0.05065	0.00488	0.00813
59	0.07254	0.01243	0.01413	0.14072	0.01905	0.03841	0.00964	0.20541	0.05321	0.04324	0.01189	0.01337	0.00907	0.00555	0.00498	0.00142	0.00560	0.00434	0.00407	0.33093
60	0.00796	0.00570	0.00746	0.00851	0.00926	0.00549	0.00640	0.00944	0.01153	0.01508	0.03102	0.37239	0.08389	0.12610	0.01053	0.00286	0.00431	0.27231	0.00504	0.00472
61	0.01259	0.01222	0.01693	0.01454	0.01480	0.01681	0.01207	0.04364	0.00954	0.01465	0.00831	0.01326	0.00807	0.01217	0.07085	0.00294	0.70256	0.00509	0.00267	0.00632
62	0.00879	0.00647	0.00856	0.04766	0.03394	0.00701	0.00598	0.01034	0.03478	0.01270	0.01667	0.02997	0.01745	0.45148	0.27780	0.00634	0.00894	0.00725	0.00335	0.00454
63	0.01539	0.01788	0.02399	0.01882	0.02294	0.26345	0.38264	0.01875	0.01434	0.01671	0.01372	0.02175	0.01220	0.00696	0.00641	0.00189	0.00915	0.12276	0.00330	0.00696
64	0.05411	0.00841	0.01146	0.05530	0.01370	0.00876	0.05741	0.06412	0.06359	0.03645	0.02120	0.33738	0.02231	0.04053	0.10026	0.00300	0.02623	0.00992	0.00447	0.06140
65	0.01350	0.01543	0.03375	0.02411	0.02989	0.01446	0.74253	0.01832	0.01350	0.01832	0.01157	0.01543	0.00868	0.00482	0.00675	0.00193	0.00964	0.00675	0.00289	0.00771
66	0.01604	0.12061	0.07357	0.01432	0.06666	0.22013	0.05862	0.08131	0.06365	0.01839	0.01093	0.01249	0.00881	0.00617	0.02005	0.00157	0.00737	0.00423	0.00336	0.19170

[dist]
# distance from previous block
# <min> <max>
0	1

[block]
# block no. 1 follows, 41 sequences, length 7
# corresponding to MSA columns:
# 407-413
name=unknown_B
#
# <colnr> <probs for GDERKNQSTAVLIFYWHMCP>
#	G	D	E	R	K	N	Q	S	T	A	V	L	I	F	Y	W	H	M	C	P
0	0.08275	0.01717	0.10073	0.01298	0.05768	0.21713	0.01054	0.10094	0.06395	0.06040	0.01321	0.01458	0.01014	0.00638	0.00559	0.00164	0.04094	0.00463	0.17127	0.00734
1	0.01374	0.29704	0.09230	0.01242	0.07652	0.01521	0.01051	0.05653	0.10402	0.01867	0.07425	0.01496	0.01299	0.00586	0.00475	0.00141	0.00554	0.00455	0.00358	0.17516
2	0.01347	0.07489	0.01083	0.00825	0.01060	0.00978	0.00661	0.17681	0.01508	0.04920	0.01772	0.09318	0.01512	0.01114	0.07898	0.00228	0.00513	0.00624	0.38815	0.00655
3	0.01291	0.01376	0.08061	0.03819	0.18908	0.05538	0.08980	0.06418	0.04598	0.01863	0.07244	0.06727	0.03396	0.05950	0.00868	0.00207	0.08174	0.00656	0.00365	0.05562
4	0.08399	0.01408	0.01525	0.06146	0.17867	0.13787	0.01077	0.06627	0.09440	0.01903	0.01221	0.01574	0.01039	0.08222	0.00804	0.00198	0.04085	0.00488	0.00355	0.13836
5	0.01220	0.10908	0.01166	0.00852	0.01076	0.05906	0.00653	0.01432	0.04696	0.10454	0.06663	0.13066	0.11877	0.16347	0.06138	0.00295	0.00556	0.00820	0.00447	0.05428
6	0.09336	0.14728	0.01625	0.09035	0.09650	0.16464	0.00999	0.03224	0.05702	0.01838	0.15394	0.04373	0.03924	0.00741	0.00532	0.00166	0.00610	0.00590	0.00387	0.00680

[dist]
# distance from previous block
# <min> <max>
5	40

[block]
# block no. 2 follows, 41 sequences, length 19
# corresponding to MSA columns:
# 458-476
name=unknown_C
#
# <colnr> <probs for GDERKNQSTAVLIFYWHMCP>
#	G	D	E	R	K	N	Q	S	T	A	V	L	I	F	Y	W	H	M	C	P
0	0.71160	0.08624	0.01091	0.00818	0.01181	0.06090	0.00683	0.01722	0.01031	0.02380	0.00802	0.00934	0.00637	0.00531	0.00365	0.00170	0.00495	0.00313	0.00340	0.00633
1	0.06228	0.00951	0.01029	0.01019	0.01129	0.10310	0.02976	0.01177	0.01182	0.01597	0.07951	0.44187	0.02845	0.01369	0.00818	0.00216	0.10167	0.03855	0.00456	0.00537
2	0.01066	0.00533	0.00533	0.00533	0.00666	0.00533	0.00400	0.01333	0.01200	0.02132	0.01866	0.02132	0.01466	0.00666	0.00400	0.00133	0.00267	0.00533	0.83073	0.00533
3	0.00703	0.00509	0.00666	0.00788	0.00837	0.00472	0.00536	0.00811	0.01118	0.01475	0.03351	0.71447	0.09316	0.01759	0.00728	0.00230	0.00335	0.03919	0.00531	0.00468
4	0.00739	0.00568	0.00682	0.00731	0.00861	0.00512	0.00548	0.00908	0.01298	0.01667	0.16084	0.26367	0.33774	0.01519	0.00707	0.00212	0.00332	0.11451	0.00546	0.00493
5	0.07988	0.04648	0.18551	0.01339	0.01814	0.26775	0.03658	0.04771	0.01398	0.06405	0.01034	0.01180	0.00798	0.00571	0.00560	0.00155	0.04107	0.00404	0.00327	0.13517
6	0.16212	0.01194	0.01340	0.01089	0.01483	0.01246	0.00906	0.29404	0.01880	0.27119	0.01768	0.02113	0.01344	0.00777	0.00563	0.00186	0.00538	0.09407	0.00573	0.00857
7	0.00839	0.00678	0.00730	0.00717	0.00904	0.00633	0.00534	0.06212	0.06066	0.01758	0.07475	0.19548	0.49011	0.01409	0.00673	0.00199	0.00332	0.01198	0.00541	0.00543
8	0.01443	0.01409	0.02022	0.09502	0.50228	0.07214	0.01532	0.02011	0.15177	0.01895	0.01291	0.01530	0.01038	0.00571	0.00566	0.00174	0.00671	0.00524	0.00337	0.00863
9	0.00957	0.00813	0.01166	0.01086	0.01149	0.01036	0.00862	0.01123	0.00900	0.01329	0.01300	0.02027	0.01255	0.08214	0.48473	0.00681	0.26209	0.00591	0.00291	0.00537
10	0.00814	0.00552	0.00651	0.00668	0.00680	0.00556	0.00398	0.00842	0.00871	0.01169	0.01949	0.13009	0.02241	0.64428	0.08375	0.00543	0.00602	0.00913	0.00366	0.00374
11	0.00824	0.00584	0.00772	0.00772	0.00823	0.00635	0.00531	0.00927	0.00876	0.01219	0.01667	0.02994	0.01754	0.42036	0.40328	0.00737	0.01044	0.00722	0.00326	0.00429
12	0.08214	0.01455	0.01241	0.01090	0.01359	0.24702	0.00835	0.07805	0.01440	0.17339	0.03118	0.01864	0.01281	0.11138	0.14285	0.00344	0.00850	0.00534	0.00424	0.00681
13	0.01222	0.01178	0.01767	0.26004	0.24607	0.05256	0.03633	0.01577	0.04381	0.01670	0.05866	0.07099	0.01370	0.00863	0.03627	0.00218	0.08002	0.00626	0.00324	0.00710
14	0.00696	0.00502	0.00659	0.00785	0.00827	0.00466	0.00526	0.00798	0.01106	0.01465	0.03292	0.75622	0.07596	0.01774	0.00727	0.00230	0.00330	0.01604	0.00531	0.00466
15	0.01126	0.00732	0.00929	0.00918	0.01111	0.00712	0.00745	0.04515	0.06115	0.10713	0.17855	0.11569	0.12356	0.01309	0.00700	0.00217	0.00423	0.26766	0.00575	0.00614
16	0.28892	0.11394	0.06975	0.01170	0.04312	0.13929	0.00975	0.13896	0.01472	0.04809	0.04261	0.03416	0.01049	0.00630	0.00472	0.00166	0.00620	0.00445	0.00385	0.00731
17	0.07475	0.08315	0.01568	0.01128	0.01542	0.04570	0.04730	0.16340	0.16041	0.08624	0.01525	0.05454	0.01217	0.00662	0.00520	0.00157	0.00543	0.00534	0.00462	0.18594
18	0.20850	0.11574	0.13523	0.01309	0.06471	0.07662	0.03053	0.05570	0.02411	0.03234	0.03300	0.01245	0.00919	0.00588	0.00573	0.00163	0.06519	0.00415	0.00331	0.10290

[dist]
# distance from previous block
# <min> <max>
0	89

[block]
# block no. 3 follows, 41 sequences, length 46
# corresponding to MSA columns:
# 573-609,613-621
name=unknown_D
#
# <colnr> <probs for GDERKNQSTAVLIFYWHMCP>
#	G	D	E	R	K	N	Q	S	T	A	V	L	I	F	Y	W	H	M	C	P
0	0.02751	0.08065	0.02937	0.05532	0.14070	0.01273	0.06317	0.03306	0.15023	0.05435	0.04784	0.09352	0.08895	0.00861	0.00721	0.00190	0.08608	0.00720	0.00419	0.00740
1	0.01224	0.03416	0.01114	0.00914	0.01215	0.08789	0.00698	0.02848	0.16661	0.03243	0.06258	0.05031	0.14479	0.09374	0.00805	0.00197	0.00482	0.00693	0.00448	0.22113
2	0.01461	0.01622	0.06157	0.01882	0.15626	0.14847	0.16494	0.04600	0.08295	0.01848	0.01330	0.05012	0.02172	0.00627	0.00611	0.00167	0.03282	0.00563	0.00345	0.13058
3	0.00803	0.00554	0.00621	0.00629	0.00656	0.00539	0.00370	0.00828	0.00910	0.01188	0.02406	0.08901	0.11757	0.64678	0.02481	0.00487	0.00506	0.00932	0.00382	0.00372
4	0.06577	0.01134	0.01414	0.11784	0.22101	0.08823	0.01077	0.03421	0.01422	0.01946	0.23210	0.02637	0.10502	0.00827	0.00592	0.00176	0.00548	0.00711	0.00421	0.00676
5	0.00960	0.00704	0.00946	0.00905	0.01025	0.00794	0.00685	0.08545	0.01085	0.01522	0.01566	0.02435	0.01504	0.17970	0.55810	0.00774	0.01257	0.00643	0.00341	0.00528
6	0.01186	0.01017	0.01186	0.00847	0.01356	0.00762	0.00678	0.01440	0.01186	0.01864	0.01017	0.01186	0.00847	0.00424	0.00424	0.00085	0.00424	0.00339	0.00339	0.83395
7	0.01201	0.01385	0.11573	0.19153	0.27853	0.01318	0.02802	0.01530	0.01155	0.01637	0.01211	0.09428	0.01118	0.00751	0.00827	0.00198	0.15216	0.00614	0.00291	0.00739
8	0.21753	0.20146	0.01885	0.01568	0.15628	0.27068	0.01080	0.01904	0.01296	0.01760	0.00878	0.01053	0.00740	0.00537	0.00451	0.00153	0.00724	0.00366	0.00295	0.00715
9	0.00699	0.00572	0.00616	0.00623	0.00791	0.00490	0.00461	0.00858	0.01330	0.01650	0.16218	0.12939	0.57884	0.01441	0.00681	0.00195	0.00291	0.01224	0.00546	0.00490
10	0.01644	0.01654	0.04319	0.02350	0.31581	0.16047	0.12333	0.03530	0.11067	0.07850	0.01313	0.01490	0.01014	0.00576	0.00575	0.00173	0.00749	0.00528	0.00364	0.00844
11	0.00910	0.00667	0.00758	0.00764	0.00832	0.00695	0.00493	0.01234	0.14732	0.01429	0.02214	0.21042	0.02413	0.47056	0.01972	0.00413	0.00484	0.00982	0.00433	0.00478
12	0.01596	0.01315	0.01391	0.01199	0.01554	0.01504	0.00947	0.19536	0.58518	0.02673	0.02107	0.01958	0.01567	0.00755	0.00580	0.00189	0.00494	0.00616	0.00580	0.00921
13	0.01440	0.59687	0.02527	0.00945	0.01439	0.01874	0.00901	0.01642	0.01168	0.01480	0.00853	0.00987	0.00763	0.00472	0.00382	0.00113	0.00563	0.00314	0.00269	0.22180
14	0.02241	0.01333	0.01530	0.01191	0.01629	0.01395	0.00978	0.40781	0.09780	0.30317	0.01796	0.01662	0.01215	0.00704	0.00574	0.00176	0.00559	0.00551	0.00623	0.00966
15	0.01529	0.80242	0.02997	0.00979	0.01468	0.02263	0.00979	0.01713	0.01162	0.01346	0.00795	0.00918	0.00734	0.00489	0.00367	0.00122	0.00612	0.00306	0.00245	0.00734
16	0.01937	0.01131	0.01296	0.01045	0.01398	0.01168	0.00843	0.34530	0.01978	0.23149	0.01884	0.09710	0.01469	0.00803	0.00559	0.00173	0.00497	0.00649	0.14938	0.00844
17	0.00736	0.00546	0.00689	0.00747	0.00844	0.00499	0.00535	0.00900	0.01291	0.01719	0.23687	0.40646	0.18201	0.01543	0.00708	0.00212	0.00317	0.05132	0.00558	0.00492
18	0.01416	0.01359	0.02322	0.03511	0.76330	0.01359	0.01755	0.01755	0.01302	0.01869	0.01076	0.01416	0.00906	0.00510	0.00566	0.00170	0.00680	0.00510	0.00283	0.00906
19	0.00807	0.00593	0.00855	0.00868	0.00950	0.00668	0.00648	0.00974	0.00926	0.01313	0.01734	0.10398	0.01756	0.13805	0.60055	0.00801	0.01282	0.00745	0.00335	0.00485
20	0.00718	0.00539	0.00668	0.00757	0.00836	0.00498	0.00521	0.00876	0.03105	0.01548	0.07685	0.57991	0.18841	0.01660	0.00712	0.00220	0.00323	0.01481	0.00538	0.00484
21	0.00946	0.00626	0.00761	0.00714	0.00902	0.00555	0.00550	0.01164	0.01488	0.09650	0.38597	0.04600	0.31378	0.01246	0.00670	0.00189	0.00312	0.04494	0.00596	0.00562
22	0.01774	0.01677	0.01416	0.01200	0.01519	0.25330	0.00940	0.29775	0.04994	0.02496	0.18267	0.02090	0.04452	0.00794	0.00581	0.00167	0.00656	0.00615	0.00497	0.00758
23	0.00697	0.00498	0.00664	0.00796	0.00830	0.00465	0.00531	0.00796	0.01095	0.01460	0.03153	0.79525	0.03783	0.01792	0.00730	0.00232	0.00332	0.01626	0.00531	0.00465
24	0.00704	0.00562	0.00631	0.00654	0.00800	0.00489	0.00475	0.00861	0.01311	0.01658	0.17561	0.22311	0.47011	0.01478	0.00688	0.00200	0.00296	0.01273	0.00548	0.00489
25	0.24950	0.01207	0.01315	0.01038	0.01460	0.01255	0.00857	0.24890	0.01783	0.33341	0.01576	0.01486	0.01057	0.00652	0.00513	0.00175	0.00519	0.00483	0.00568	0.00875
26	0.01490	0.72284	0.10611	0.01046	0.01572	0.02167	0.01096	0.01723	0.01167	0.01394	0.00819	0.00947	0.00733	0.00495	0.00385	0.00128	0.00636	0.00318	0.00244	0.00745
27	0.00817	0.00584	0.00802	0.00934	0.01020	0.00568	0.00740	0.01005	0.01214	0.01595	0.03086	0.40375	0.03520	0.01678	0.00762	0.00249	0.00436	0.39587	0.00529	0.00498
28	0.01251	0.01251	0.01752	0.01502	0.01502	0.01752	0.01251	0.01377	0.00876	0.01377	0.00751	0.01251	0.00751	0.01001	0.01877	0.00250	0.78851	0.00501	0.00250	0.00626
29	0.01351	0.01551	0.10966	0.01869	0.02325	0.01418	0.37622	0.11036	0.01389	0.01934	0.01167	0.01538	0.00924	0.01082	0.10908	0.00292	0.10961	0.00595	0.00318	0.00753
30	0.01147	0.00972	0.01143	0.00834	0.01304	0.00740	0.00664	0.01403	0.01231	0.01908	0.08741	0.01504	0.01316	0.00500	0.00449	0.00095	0.00408	0.00411	0.00369	0.74863
31	0.00884	0.00631	0.00787	0.00847	0.00927	0.00626	0.00594	0.08413	0.01242	0.01654	0.02782	0.55840	0.03232	0.11920	0.01005	0.00271	0.00407	0.06919	0.00511	0.00506
32	0.01295	0.01345	0.01719	0.34268	0.02574	0.11509	0.01376	0.01532	0.01088	0.01416	0.00881	0.01339	0.00754	0.00764	0.01143	0.00211	0.35407	0.00487	0.00258	0.00635
33	0.00766	0.00551	0.00649	0.00684	0.00767	0.00510	0.00466	0.00841	0.01097	0.01405	0.06783	0.22081	0.26469	0.22729	0.01423	0.07045	0.00398	0.04446	0.00463	0.00427
34	0.44300	0.21689	0.01559	0.00909	0.01320	0.01558	0.00794	0.11127	0.01306	0.09462	0.01010	0.01080	0.00771	0.00557	0.00406	0.00162	0.00515	0.00360	0.00387	0.00728
35	0.01060	0.00759	0.00918	0.00860	0.00979	0.00816	0.00614	0.14558	0.01236	0.01681	0.01816	0.12523	0.01903	0.33328	0.23841	0.00548	0.00823	0.00811	0.00400	0.00526
36	0.01533	0.05043	0.04433	0.10156	0.09275	0.03745	0.04977	0.04295	0.21182	0.15318	0.02102	0.03707	0.08550	0.00759	0.00608	0.00184	0.02215	0.00640	0.00470	0.00807
37	0.09502	0.08465	0.25922	0.01316	0.01755	0.02899	0.06036	0.04342	0.01146	0.01737	0.01114	0.01467	0.00929	0.01604	0.21657	0.00383	0.08261	0.00479	0.00289	0.00698
38	0.01610	0.47677	0.02342	0.01034	0.01503	0.09643	0.00938	0.07934	0.01358	0.03867	0.00940	0.01051	0.00797	0.00510	0.00417	0.00123	0.00616	0.00344	0.00310	0.16988
39	0.05856	0.26069	0.01956	0.09160	0.01782	0.28821	0.01057	0.05384	0.01362	0.01555	0.01000	0.04074	0.00893	0.00801	0.04256	0.00192	0.04372	0.00433	0.00299	0.00679
40	0.28196	0.01251	0.01143	0.00987	0.01283	0.09064	0.00771	0.20463	0.01503	0.06184	0.01342	0.05638	0.01182	0.11040	0.07359	0.00286	0.00655	0.00543	0.00427	0.00682
41	0.62344	0.00966	0.00786	0.00724	0.01026	0.01077	0.00581	0.01469	0.01065	0.02334	0.05357	0.05433	0.13497	0.00771	0.00440	0.00182	0.00404	0.00553	0.00405	0.00586
42	0.07917	0.01171	0.01908	0.27507	0.27290	0.01237	0.07085	0.01846	0.01289	0.15395	0.01256	0.01520	0.00926	0.00566	0.00562	0.00180	0.00676	0.00518	0.00357	0.00796
43	0.01585	0.26462	0.07930	0.08542	0.07032	0.19129	0.01216	0.05751	0.08358	0.01670	0.01104	0.01352	0.00923	0.00614	0.00558	0.00161	0.04297	0.02254	0.00316	0.00748
44	0.00856	0.00654	0.00828	0.07282	0.04719	0.00612	0.00637	0.01027	0.01263	0.05064	0.09997	0.20238	0.37886	0.05382	0.00784	0.00217	0.00378	0.01141	0.00503	0.00532
45	0.01439	0.02882	0.01712	0.03408	0.26120	0.18860	0.03032	0.02839	0.01385	0.01770	0.10938	0.01813	0.03044	0.02991	0.00689	0.00171	0.04692	0.00548	0.00347	0.11319

[dist]
# distance from previous block
# <min> <max>
6	16

[block]
# block no. 4 follows, 41 sequences, length 30
# corresponding to MSA columns:
# 646-675
name=unknown_E
#
# <colnr> <probs for GDERKNQSTAVLIFYWHMCP>
#	G	D	E	R	K	N	Q	S	T	A	V	L	I	F	Y	W	H	M	C	P
0	0.26878	0.01063	0.06113	0.06004	0.01393	0.01061	0.00849	0.09066	0.01247	0.03948	0.04768	0.21397	0.01775	0.01233	0.06881	0.00256	0.04257	0.00759	0.00420	0.00630
1	0.20846	0.01534	0.07879	0.01526	0.10011	0.08667	0.09047	0.06529	0.19790	0.04232	0.03568	0.01536	0.01163	0.00624	0.00529	0.00179	0.00626	0.00512	0.00412	0.00791
2	0.01381	0.01435	0.06051	0.03654	0.24684	0.08388	0.01274	0.02105	0.25090	0.01948	0.05199	0.02049	0.02933	0.00747	0.00689	0.00189	0.06898	0.04071	0.00408	0.00807
3	0.01123	0.01166	0.12739	0.12652	0.10727	0.00929	0.03679	0.01465	0.01362	0.07878	0.24787	0.02727	0.08408	0.01110	0.06541	0.00239	0.00618	0.00734	0.00436	0.00680
4	0.01256	0.04826	0.01905	0.20534	0.24960	0.01205	0.09221	0.01644	0.05572	0.05087	0.01584	0.13276	0.01470	0.00786	0.00606	0.00191	0.00647	0.04133	0.00360	0.00738
5	0.01400	0.01140	0.01250	0.01038	0.01406	0.01166	0.00817	0.16925	0.28357	0.02357	0.02043	0.09086	0.05869	0.00792	0.00555	0.00162	0.00460	0.00657	0.00504	0.24016
6	0.01823	0.05098	0.01559	0.01255	0.01612	0.17611	0.00996	0.30860	0.22467	0.02549	0.01638	0.07125	0.01330	0.00762	0.00565	0.00175	0.00643	0.00592	0.00499	0.00842
7	0.00759	0.00565	0.00803	0.00853	0.00911	0.00544	0.03985	0.00867	0.01051	0.01410	0.02717	0.57676	0.03193	0.14903	0.06633	0.00334	0.00485	0.01376	0.00473	0.00463
8	0.06970	0.00945	0.09604	0.00851	0.01034	0.00789	0.00696	0.04440	0.01048	0.03907	0.05133	0.02837	0.01787	0.41444	0.15697	0.00503	0.00745	0.00694	0.00363	0.00511
9	0.01497	0.20181	0.35524	0.01581	0.06926	0.12803	0.04823	0.03754	0.01328	0.05080	0.01026	0.01182	0.00784	0.00544	0.00509	0.00162	0.00793	0.00414	0.00284	0.00803
10	0.00802	0.00584	0.00746	0.00746	0.00819	0.00613	0.00520	0.00913	0.00941	0.01270	0.02288	0.03359	0.12988	0.35164	0.35060	0.00658	0.00940	0.00793	0.00357	0.00439
11	0.00796	0.00557	0.00698	0.00745	0.00845	0.00515	0.00549	0.00875	0.01154	0.01478	0.08250	0.21218	0.26772	0.04127	0.01086	0.16713	0.00384	0.12324	0.00475	0.00439
12	0.01253	0.12128	0.46561	0.08781	0.07695	0.01439	0.01765	0.04857	0.03892	0.01817	0.01137	0.01455	0.00887	0.00591	0.00538	0.00177	0.00761	0.03173	0.00283	0.00812
13	0.09134	0.01675	0.07417	0.05307	0.15154	0.17568	0.01228	0.13664	0.01532	0.08838	0.01235	0.04637	0.01005	0.00767	0.02606	0.00196	0.06365	0.00511	0.00382	0.00779
14	0.17552	0.11523	0.17065	0.01013	0.02663	0.01115	0.00983	0.01611	0.01300	0.10815	0.16102	0.02387	0.12107	0.00798	0.00531	0.00173	0.00504	0.00630	0.00434	0.00694
15	0.00736	0.00545	0.00693	0.00754	0.00828	0.00532	0.00523	0.00852	0.01063	0.01400	0.03148	0.38520	0.17213	0.13393	0.16646	0.00410	0.00599	0.01225	0.00459	0.00461
16	0.00905	0.00644	0.00776	0.00789	0.00968	0.00592	0.00631	0.01153	0.03769	0.06265	0.15466	0.08348	0.34762	0.01390	0.00701	0.00211	0.00372	0.21154	0.00557	0.00547
17	0.01528	0.13083	0.03772	0.08574	0.04598	0.21950	0.11102	0.02895	0.01346	0.01647	0.00976	0.01197	0.00797	0.00510	0.00499	0.00138	0.00743	0.00415	0.00298	0.23933
18	0.01372	0.01495	0.09192	0.03103	0.60803	0.01402	0.01730	0.01717	0.01244	0.01806	0.01034	0.01377	0.00871	0.00570	0.00716	0.00180	0.09743	0.00501	0.00275	0.00868
19	0.00940	0.00727	0.00932	0.00968	0.01117	0.00782	0.00770	0.01418	0.15582	0.01688	0.02671	0.15416	0.07286	0.02208	0.22309	0.00425	0.00750	0.22952	0.00477	0.00584
20	0.00820	0.00704	0.00887	0.01073	0.12236	0.00635	0.00683	0.01015	0.01333	0.01674	0.11137	0.04853	0.52551	0.01292	0.00668	0.00194	0.00366	0.06822	0.00502	0.00555
21	0.06714	0.01608	0.12447	0.13034	0.17541	0.08554	0.11448	0.01818	0.08119	0.01798	0.01407	0.01647	0.05282	0.00638	0.00648	0.00184	0.05490	0.00547	0.00320	0.00756
22	0.01210	0.05267	0.18259	0.07739	0.22693	0.01246	0.12242	0.01665	0.04107	0.01819	0.06892	0.02208	0.04984	0.00705	0.00600	0.00185	0.00691	0.06380	0.00339	0.00768
23	0.01347	0.01424	0.01535	0.21640	0.13375	0.22546	0.01209	0.01601	0.01233	0.01465	0.01147	0.01592	0.00983	0.01713	0.24295	0.00400	0.01063	0.00501	0.00286	0.00646
24	0.01251	0.01904	0.27109	0.01844	0.02497	0.01272	0.35962	0.01748	0.01271	0.01832	0.01086	0.01362	0.00817	0.00491	0.00582	0.00168	0.00818	0.00525	0.00283	0.17178
25	0.01561	0.04910	0.07324	0.01410	0.01799	0.10354	0.12127	0.22544	0.08121	0.02205	0.01522	0.01715	0.04616	0.01217	0.12019	0.00288	0.04528	0.00565	0.00403	0.00773
26	0.01703	0.01042	0.01187	0.00970	0.01236	0.01080	0.00732	0.29375	0.01708	0.17677	0.01732	0.02466	0.01519	0.33258	0.01535	0.00330	0.00569	0.00658	0.00507	0.00715
27	0.00994	0.00497	0.00745	0.00745	0.00745	0.00497	0.00497	0.00745	0.00745	0.00994	0.00994	0.01739	0.00994	0.01987	0.02235	0.83358	0.00497	0.00497	0.00248	0.00248
28	0.00821	0.00598	0.00844	0.00844	0.00920	0.00674	0.00621	0.00973	0.00897	0.01272	0.01601	0.02630	0.01596	0.23628	0.58521	0.00826	0.01282	0.00669	0.00317	0.00469
29	0.44790	0.01344	0.01260	0.01022	0.01426	0.01518	0.00843	0.36510	0.01795	0.03064	0.01073	0.01142	0.00789	0.00605	0.00458	0.00174	0.00532	0.00408	0.00458	0.00789

[dist]
# distance from previous block
# <min> <max>
0	42

[block]
# block no. 5 follows, 41 sequences, length 9
# corresponding to MSA columns:
# 718-726
name=unknown_F
#
# <colnr> <probs for GDERKNQSTAVLIFYWHMCP>
#	G	D	E	R	K	N	Q	S	T	A	V	L	I	F	Y	W	H	M	C	P
0	0.56082	0.01205	0.01111	0.04195	0.01403	0.01361	0.00782	0.18167	0.01416	0.08125	0.01042	0.01128	0.00763	0.00581	0.00428	0.00176	0.00501	0.00384	0.00425	0.00725
1	0.00994	0.00497	0.00745	0.00745	0.00745	0.00497	0.00497	0.00745	0.00745	0.00994	0.00994	0.01739	0.00994	0.01987	0.02235	0.83358	0.00497	0.00497	0.00248	0.00248
2	0.01423	0.01229	0.01293	0.01164	0.01487	0.01423	0.00905	0.03039	0.75297	0.02393	0.02328	0.02134	0.01746	0.00776	0.00582	0.00194	0.00453	0.00647	0.00582	0.00905
3	0.01403	0.01504	0.01730	0.01497	0.01547	0.14720	0.01226	0.01532	0.01003	0.01381	0.00774	0.01214	0.00748	0.00931	0.01644	0.00233	0.65546	0.00478	0.00258	0.00632
4	0.00783	0.00589	0.00728	0.00709	0.00859	0.00534	0.00543	0.01020	0.01512	0.02050	0.51664	0.04772	0.23875	0.01276	0.00684	0.00190	0.00296	0.06797	0.00595	0.00524
5	0.01826	0.02273	0.14363	0.01361	0.01740	0.43114	0.01176	0.08264	0.01563	0.06769	0.01258	0.07025	0.01094	0.04877	0.00672	0.00185	0.00852	0.00521	0.00358	0.00711
6	0.01512	0.01183	0.01409	0.25585	0.02197	0.07273	0.01078	0.14834	0.08401	0.11505	0.10879	0.02238	0.07907	0.00777	0.00590	0.00181	0.00597	0.00643	0.00471	0.00741
7	0.00700	0.00541	0.00639	0.00697	0.00808	0.00480	0.00491	0.00837	0.01239	0.01585	0.12007	0.40311	0.34457	0.01581	0.00701	0.00210	0.00307	0.01387	0.00542	0.00480
8	0.25872	0.00958	0.01217	0.11050	0.14888	0.01040	0.00921	0.01503	0.01084	0.07813	0.01350	0.05664	0.01237	0.14601	0.08269	0.00316	0.00647	0.00575	0.00360	0.00636

[dist]
# distance from previous block
# <min> <max>
0	1

[block]
# block no. 6 follows, 41 sequences, length 11
# corresponding to MSA columns:
# 728-738
name=unknown_G
#
# <colnr> <probs for GDERKNQSTAVLIFYWHMCP>
#	G	D	E	R	K	N	Q	S	T	A	V	L	I	F	Y	W	H	M	C	P
0	0.12891	0.33313	0.07047	0.01042	0.01494	0.04970	0.00965	0.11843	0.04284	0.01968	0.01113	0.05488	0.00974	0.00607	0.00447	0.00147	0.00582	0.00437	0.00347	0.10041
1	0.01210	0.04768	0.15816	0.21572	0.02222	0.01113	0.06071	0.03506	0.05160	0.08216	0.02177	0.02438	0.15325	0.07052	0.00771	0.00214	0.00635	0.00666	0.00379	0.00689
2	0.00940	0.00794	0.01101	0.01026	0.01089	0.00986	0.00802	0.01086	0.00921	0.01326	0.01641	0.02401	0.06645	0.14252	0.38389	0.00613	0.24504	0.00654	0.00312	0.00519
3	0.01444	0.22138	0.10206	0.02246	0.32397	0.01650	0.06660	0.05839	0.03560	0.01804	0.01036	0.01282	0.00858	0.00557	0.00609	0.00167	0.05962	0.00463	0.00292	0.00830
4	0.01447	0.01437	0.07922	0.02316	0.35150	0.01348	0.06600	0.13657	0.11131	0.02258	0.09526	0.01808	0.01502	0.00646	0.00587	0.00177	0.00630	0.00591	0.00404	0.00862
5	0.01286	0.23032	0.54689	0.01455	0.02185	0.04643	0.01778	0.01805	0.01212	0.01674	0.00961	0.01125	0.00728	0.00531	0.00496	0.00165	0.00792	0.00390	0.00244	0.00809
6	0.01136	0.01753	0.29692	0.01901	0.18132	0.01136	0.09527	0.01608	0.03783	0.01798	0.04150	0.14739	0.01654	0.00835	0.00616	0.00194	0.00683	0.05557	0.00348	0.00758
7	0.01245	0.07387	0.25638	0.01350	0.06627	0.01228	0.01269	0.03926	0.19776	0.04772	0.02200	0.08298	0.10755	0.00839	0.00580	0.00186	0.00583	0.02137	0.00421	0.00783
8	0.00853	0.00622	0.00788	0.00859	0.00948	0.00614	0.00612	0.06093	0.04221	0.01731	0.08776	0.60059	0.03600	0.01610	0.00713	0.00224	0.00366	0.06241	0.00543	0.00528
9	0.00867	0.00542	0.00650	0.00650	0.00650	0.00542	0.00379	0.00813	0.00813	0.01084	0.01625	0.03305	0.01842	0.62853	0.02763	0.18670	0.00542	0.00759	0.00325	0.00325
10	0.01887	0.01831	0.09497	0.02071	0.27068	0.22233	0.01370	0.06951	0.01545	0.18116	0.01294	0.01401	0.00956	0.00590	0.00552	0.00167	0.00748	0.00477	0.00394	0.00852

[dist]
# distance from previous block
# <min> <max>
0	2

[block]
# block no. 7 follows, 41 sequences, length 29
# corresponding to MSA columns:
# 741-769
name=unknown_H
#
# <colnr> <probs for GDERKNQSTAVLIFYWHMCP>
#	G	D	E	R	K	N	Q	S	T	A	V	L	I	F	Y	W	H	M	C	P
0	0.01385	0.01943	0.28686	0.15281	0.10514	0.08396	0.05597	0.01964	0.09192	0.06997	0.03692	0.01538	0.01069	0.00602	0.00566	0.00180	0.00751	0.00510	0.00337	0.00799
1	0.01582	0.01757	0.01880	0.16935	0.27815	0.28462	0.01428	0.01840	0.01340	0.01570	0.00974	0.01299	0.00813	0.00659	0.01972	0.00186	0.08013	0.00460	0.00279	0.00735
2	0.37528	0.03932	0.01413	0.03534	0.21370	0.01329	0.01011	0.01919	0.15332	0.02229	0.01271	0.04660	0.01055	0.00626	0.00476	0.00179	0.00517	0.00489	0.00380	0.00749
3	0.00907	0.01188	0.18265	0.00912	0.01245	0.00783	0.00886	0.01299	0.09030	0.01711	0.10414	0.03676	0.36941	0.01197	0.00789	0.08379	0.00453	0.00882	0.00451	0.00593
4	0.01479	0.35821	0.20789	0.01615	0.13796	0.06450	0.02564	0.01859	0.03848	0.04172	0.01012	0.01169	0.00821	0.00538	0.00495	0.00153	0.01938	0.00401	0.00282	0.00798
5	0.01356	0.00916	0.00990	0.00935	0.01160	0.08261	0.00753	0.01639	0.04564	0.16872	0.11297	0.03756	0.11853	0.01311	0.05980	0.00246	0.00550	0.18676	0.08243	0.00642
6	0.00757	0.00562	0.00606	0.00613	0.00700	0.00518	0.00395	0.00825	0.01052	0.01318	0.03621	0.08457	0.34589	0.41473	0.01819	0.00379	0.00427	0.01038	0.00437	0.00412
7	0.01368	0.26095	0.31444	0.01277	0.01836	0.03574	0.01396	0.10976	0.01377	0.01838	0.01232	0.06790	0.01088	0.00837	0.04008	0.00201	0.00736	0.02837	0.00319	0.00771
8	0.01048	0.13258	0.06487	0.06341	0.01487	0.01051	0.07193	0.06302	0.01407	0.01796	0.13212	0.03432	0.32793	0.01004	0.00605	0.00178	0.00489	0.00849	0.00443	0.00623
9	0.00994	0.00497	0.00745	0.00745	0.00745	0.00497	0.00497	0.00745	0.00745	0.00994	0.00994	0.01739	0.00994	0.01987	0.02235	0.83358	0.00497	0.00497	0.00248	0.00248
10	0.10935	0.00997	0.01276	0.00996	0.01425	0.00908	0.00820	0.02682	0.04272	0.66333	0.02108	0.01849	0.01346	0.00692	0.00553	0.00178	0.00481	0.00550	0.00667	0.00934
11	0.01524	0.01303	0.08717	0.16848	0.23557	0.01200	0.01359	0.04677	0.10393	0.16188	0.04802	0.01860	0.03705	0.00660	0.00577	0.00181	0.00615	0.00576	0.00424	0.00834
12	0.01255	0.04773	0.58028	0.01722	0.02489	0.01402	0.13956	0.06342	0.01322	0.01914	0.01063	0.01265	0.00764	0.00541	0.00562	0.00181	0.00845	0.00467	0.00270	0.00838
13	0.01489	0.01548	0.01224	0.01107	0.01393	0.25521	0.00848	0.06846	0.26045	0.01915	0.02786	0.02686	0.22429	0.00901	0.00587	0.00177	0.00603	0.00708	0.00475	0.00713
14	0.01325	0.00785	0.01091	0.18681	0.01692	0.00787	0.00827	0.01551	0.01343	0.21851	0.15360	0.03099	0.15071	0.10436	0.03398	0.00253	0.00520	0.00782	0.00503	0.00645
15	0.04029	0.01770	0.05896	0.06205	0.04315	0.22683	0.03518	0.21708	0.01824	0.17465	0.04083	0.01497	0.01118	0.00650	0.00557	0.00169	0.00728	0.00500	0.00462	0.00825
16	0.00931	0.14341	0.14619	0.00929	0.01225	0.00935	0.00874	0.01180	0.01243	0.01651	0.14506	0.28852	0.14184	0.01198	0.00619	0.00190	0.00454	0.01031	0.00447	0.00592
17	0.01214	0.01151	0.01016	0.00993	0.01118	0.18581	0.00723	0.05823	0.01278	0.01534	0.04215	0.20672	0.02292	0.23488	0.01336	0.00303	0.03495	0.09824	0.00418	0.00525
18	0.01178	0.00779	0.00685	0.00663	0.00822	0.07776	0.00499	0.01510	0.05457	0.02084	0.04217	0.02100	0.01542	0.00682	0.00430	0.00140	0.00349	0.00541	0.67982	0.00567
19	0.01997	0.01805	0.01664	0.01368	0.01746	0.25977	0.05594	0.28669	0.08829	0.09612	0.01386	0.01453	0.01033	0.00869	0.05190	0.00213	0.00804	0.00502	0.00463	0.00827
20	0.07157	0.06779	0.42350	0.06131	0.02061	0.01230	0.01540	0.01760	0.04391	0.06717	0.01700	0.02002	0.08001	0.00710	0.00552	0.00184	0.00685	0.04944	0.00340	0.00767
21	0.00758	0.00546	0.00646	0.00680	0.00744	0.00512	0.00444	0.00851	0.01104	0.01452	0.12569	0.27132	0.17158	0.31053	0.01534	0.00339	0.00400	0.01171	0.00474	0.00433
22	0.00876	0.08030	0.01030	0.00838	0.00968	0.00805	0.00646	0.01044	0.00999	0.01371	0.06733	0.02731	0.06750	0.16434	0.47411	0.00685	0.01112	0.00689	0.00344	0.00504
23	0.01136	0.00959	0.01164	0.05986	0.08334	0.03350	0.00832	0.07047	0.08022	0.01816	0.02147	0.20708	0.06784	0.08043	0.00803	0.00210	0.00493	0.04085	0.00435	0.17644
24	0.01476	0.09370	0.08938	0.07421	0.08702	0.21918	0.06345	0.01725	0.01241	0.01509	0.01061	0.06645	0.00977	0.00741	0.00862	0.00187	0.19372	0.00531	0.00286	0.00692
25	0.01459	0.14463	0.01579	0.05911	0.01561	0.18138	0.00912	0.09295	0.04045	0.01831	0.08887	0.11609	0.01680	0.00787	0.00567	0.00157	0.02620	0.00620	0.00393	0.13484
26	0.01141	0.14834	0.01487	0.11854	0.05731	0.01178	0.00911	0.07231	0.05835	0.01637	0.01854	0.07281	0.08053	0.09021	0.19104	0.00386	0.00794	0.00673	0.00364	0.00630
27	0.01170	0.01026	0.01316	0.06855	0.18060	0.05950	0.00972	0.07878	0.02689	0.02017	0.26550	0.05507	0.07815	0.04030	0.05447	0.00238	0.00572	0.00784	0.00458	0.00665
28	0.01507	0.01183	0.03598	0.01484	0.10633	0.01204	0.05819	0.09233	0.26595	0.11990	0.05983	0.02312	0.01718	0.01106	0.07793	0.00258	0.00642	0.05608	0.00506	0.00827

[dist]
# distance from previous block
# <min> <max>
0	48

[block]
# block no. 8 follows, 41 sequences, length 44
# corresponding to MSA columns:
# 823-866
name=unknown_I
#
# <colnr> <probs for GDERKNQSTAVLIFYWHMCP>
#	G	D	E	R	K	N	Q	S	T	A	V	L	I	F	Y	W	H	M	C	P
0	0.06690	0.28862	0.04293	0.01356	0.09931	0.16580	0.01043	0.04754	0.04028	0.01753	0.05787	0.01313	0.01105	0.00570	0.00465	0.00142	0.00651	0.00416	0.00326	0.09934
1	0.03728	0.14290	0.06095	0.05998	0.01494	0.01266	0.00910	0.04483	0.23596	0.03430	0.02301	0.06250	0.12592	0.03637	0.07240	0.00255	0.00596	0.00687	0.00438	0.00714
2	0.03490	0.01313	0.01485	0.01283	0.04573	0.07846	0.07175	0.16086	0.21804	0.02346	0.10509	0.02197	0.07516	0.00763	0.00578	0.00171	0.00553	0.00643	0.00489	0.09180
3	0.01518	0.07916	0.08450	0.02118	0.27984	0.17991	0.04322	0.01868	0.04482	0.01708	0.01036	0.01273	0.00857	0.00562	0.00615	0.00160	0.06025	0.00448	0.00296	0.10371
4	0.01616	0.01831	0.21102	0.04318	0.01773	0.19172	0.01207	0.01984	0.04404	0.18030	0.06252	0.12561	0.01639	0.00815	0.00581	0.00180	0.00685	0.00662	0.00435	0.00752
5	0.00893	0.00606	0.00705	0.00686	0.00836	0.00557	0.00494	0.01022	0.01181	0.07892	0.06074	0.09611	0.37881	0.18367	0.10312	0.00357	0.00513	0.01027	0.00483	0.00500
6	0.01288	0.13937	0.26478	0.06562	0.12232	0.11141	0.01427	0.01655	0.01283	0.01662	0.05991	0.08268	0.04297	0.00720	0.00547	0.00172	0.00704	0.00588	0.00316	0.00734
7	0.00722	0.00558	0.00633	0.00656	0.00779	0.00497	0.00461	0.00857	0.01243	0.01584	0.15514	0.21942	0.38923	0.11851	0.00984	0.00248	0.00331	0.01226	0.00522	0.00469
8	0.01479	0.24771	0.01834	0.01057	0.01462	0.01543	0.02255	0.12963	0.21930	0.02059	0.01432	0.01605	0.01179	0.06821	0.00673	0.00178	0.00539	0.00486	0.00413	0.15320
9	0.01251	0.09817	0.06390	0.06056	0.08041	0.01131	0.03311	0.03229	0.09147	0.07244	0.07021	0.01993	0.03648	0.01588	0.20120	0.00355	0.00810	0.00577	0.00387	0.07884
10	0.01617	0.26694	0.08542	0.06116	0.01703	0.08052	0.01063	0.04946	0.13530	0.13266	0.01534	0.07925	0.01270	0.00705	0.00514	0.00165	0.00610	0.00551	0.00413	0.00783
11	0.01048	0.00718	0.00925	0.00927	0.01046	0.00733	0.00679	0.07398	0.01266	0.07914	0.02646	0.55585	0.02977	0.01490	0.00793	0.00220	0.07112	0.02720	0.00519	0.03284
12	0.01118	0.12696	0.52214	0.01391	0.02034	0.01290	0.01669	0.01615	0.01188	0.01691	0.01408	0.13631	0.01306	0.00773	0.00559	0.00185	0.00721	0.03454	0.00299	0.00758
