[name]
unknown

[dist]
# distance from previous block
# <min> <max>
0	37

[block]
# block no. 0 follows, 43 sequences, length 6
# corresponding to MSA columns:
# 37-42
name=unknown_A
#
# <colnr> <probs for GDERKNQSTAVLIFYWHMCP>
#	G	D	E	R	K	N	Q	S	T	A	V	L	I	F	Y	W	H	M	C	P
0	0.18030	0.00694	0.00817	0.00869	0.01030	0.00708	0.00693	0.01229	0.01154	0.07438	0.02477	0.31043	0.02690	0.01331	0.00642	0.00221	0.00423	0.27480	0.00490	0.00540
1	0.28973	0.01146	0.01435	0.14740	0.11374	0.01277	0.05214	0.04714	0.16926	0.07129	0.01288	0.01418	0.00965	0.00582	0.00491	0.00177	0.00551	0.00470	0.00391	0.00739
2	0.01204	0.01024	0.01727	0.19757	0.30719	0.01055	0.06656	0.01493	0.01223	0.07036	0.04620	0.17853	0.01632	0.00802	0.00595	0.00184	0.00597	0.00754	0.00361	0.00710
3	0.01328	0.01272	0.02171	0.13381	0.67434	0.01305	0.01678	0.01662	0.01241	0.01757	0.01034	0.01385	0.00859	0.00501	0.00549	0.00167	0.00669	0.00493	0.00270	0.00843
4	0.01144	0.00899	0.01376	0.05953	0.20092	0.00863	0.06489	0.01436	0.03522	0.09917	0.15127	0.06459	0.22566	0.00932	0.00611	0.00179	0.00473	0.00833	0.00458	0.00670
5	0.01473	0.01357	0.02098	0.03021	0.64257	0.05388	0.01567	0.01858	0.05655	0.06222	0.01169	0.01421	0.00945	0.00524	0.00547	0.00165	0.00652	0.00498	0.00316	0.00869

[dist]
# distance from previous block
# <min> <max>
0	3

[block]
# block no. 1 follows, 43 sequences, length 40
# corresponding to MSA columns:
# 46-85
name=unknown_B
#
# <colnr> <probs for GDERKNQSTAVLIFYWHMCP>
#	G	D	E	R	K	N	Q	S	T	A	V	L	I	F	Y	W	H	M	C	P
0	0.01315	0.01585	0.17008	0.14663	0.46221	0.01322	0.01702	0.06304	0.01304	0.01843	0.01042	0.01345	0.00825	0.00520	0.00545	0.00170	0.00699	0.00477	0.00279	0.00829
1	0.46642	0.01182	0.01467	0.01944	0.35662	0.01276	0.01100	0.01661	0.01087	0.02177	0.00894	0.01114	0.00726	0.00505	0.00436	0.00168	0.00533	0.00388	0.00312	0.00726
2	0.01448	0.05915	0.18029	0.02095	0.30053	0.05855	0.03540	0.08658	0.01386	0.05624	0.02971	0.01353	0.00951	0.00548	0.00552	0.00159	0.02345	0.00464	0.00323	0.07730
3	0.03896	0.04001	0.26576	0.01363	0.01903	0.01298	0.08613	0.11605	0.16227	0.14561	0.03432	0.01578	0.01165	0.00623	0.00548	0.00175	0.00639	0.00521	0.00432	0.00842
4	0.28907	0.01204	0.08823	0.14130	0.06266	0.01100	0.01039	0.01981	0.01235	0.28251	0.01336	0.01393	0.00917	0.00580	0.00483	0.00174	0.00547	0.00444	0.00431	0.00760
5	0.01458	0.01667	0.05966	0.02457	0.34697	0.18074	0.17543	0.01786	0.01335	0.01688	0.01166	0.01693	0.01008	0.00588	0.00577	0.00172	0.00789	0.06275	0.00295	0.00765
6	0.00794	0.00583	0.00839	0.00839	0.00921	0.00665	0.00629	0.00956	0.00875	0.01248	0.01530	0.02433	0.01496	0.17718	0.64929	0.00827	0.01315	0.00631	0.00304	0.00466
7	0.00774	0.00585	0.00704	0.00760	0.00874	0.00553	0.00562	0.03012	0.03129	0.01563	0.05794	0.34558	0.25161	0.06420	0.00822	0.00234	0.00363	0.13138	0.00508	0.00485
8	0.01414	0.01208	0.01273	0.01134	0.01454	0.01394	0.00885	0.06537	0.72428	0.02375	0.02208	0.02030	0.01653	0.00747	0.00563	0.00187	0.00447	0.00620	0.00563	0.00880
9	0.01188	0.01129	0.01917	0.46156	0.35757	0.01268	0.01609	0.01539	0.01174	0.01587	0.01009	0.01430	0.00799	0.00527	0.00551	0.00176	0.00703	0.00493	0.00258	0.00729
10	0.15218	0.01196	0.01556	0.12802	0.23271	0.03412	0.01164	0.05614	0.14302	0.13991	0.01389	0.01498	0.01030	0.00591	0.00518	0.00173	0.00571	0.00491	0.00411	0.00801
11	0.01444	0.01491	0.02468	0.06226	0.09824	0.08114	0.37478	0.11823	0.01435	0.01898	0.01094	0.01422	0.00857	0.00722	0.04258	0.00215	0.07608	0.00565	0.00313	0.00747
12	0.01652	0.00769	0.00956	0.00792	0.01111	0.00656	0.00635	0.01832	0.01438	0.42893	0.03744	0.03453	0.35723	0.01012	0.00601	0.00178	0.00384	0.00835	0.00608	0.00726
13	0.00753	0.00618	0.00940	0.00912	0.01038	0.00568	0.09129	0.00911	0.01160	0.01529	0.08703	0.53112	0.15512	0.01489	0.00688	0.00211	0.00381	0.01359	0.00494	0.00493
14	0.01297	0.01240	0.02114	0.20678	0.60381	0.01296	0.01663	0.01635	0.01226	0.01719	0.01029	0.01395	0.00846	0.00507	0.00550	0.00169	0.00676	0.00493	0.00268	0.00818
15	0.01285	0.01222	0.02078	0.16459	0.60555	0.01270	0.01621	0.01615	0.01216	0.01715	0.01054	0.01429	0.00878	0.00686	0.04418	0.00204	0.00713	0.00498	0.00270	0.00813
16	0.00675	0.00482	0.00643	0.00771	0.00803	0.00450	0.00514	0.00771	0.01060	0.01414	0.03053	0.80175	0.03663	0.01735	0.00707	0.00225	0.00321	0.01574	0.00514	0.00450
17	0.01077	0.01067	0.02101	0.01593	0.01914	0.01032	0.41117	0.01363	0.01092	0.01489	0.01363	0.02232	0.01274	0.24699	0.13708	0.00403	0.00904	0.00689	0.00299	0.00585
18	0.00707	0.00509	0.00670	0.00743	0.00809	0.00472	0.00514	0.00855	0.01219	0.01660	0.25422	0.55267	0.06001	0.01544	0.00689	0.00209	0.00302	0.01391	0.00543	0.00472
19	0.01882	0.01702	0.01676	0.01591	0.13251	0.18867	0.01116	0.39258	0.03527	0.02573	0.01166	0.01260	0.00884	0.00596	0.00528	0.00153	0.00683	0.00453	0.00430	0.08403
20	0.00883	0.03575	0.33770	0.01122	0.01503	0.00854	0.01183	0.01216	0.01109	0.01557	0.02110	0.44214	0.02316	0.01184	0.00620	0.00201	0.00542	0.01041	0.00387	0.00615
21	0.01726	0.05118	0.12952	0.11433	0.17645	0.01282	0.01322	0.15265	0.03518	0.22158	0.01403	0.01480	0.00991	0.00594	0.00541	0.00169	0.00625	0.00493	0.00431	0.00857
22	0.06660	0.36093	0.30827	0.01223	0.01817	0.01653	0.03422	0.03818	0.01210	0.07225	0.00984	0.01098	0.00759	0.00517	0.00448	0.00150	0.00668	0.00374	0.00285	0.00769
23	0.00805	0.00537	0.00604	0.00604	0.00604	0.00537	0.00336	0.00805	0.00805	0.01074	0.01745	0.03624	0.02013	0.80536	0.02819	0.00537	0.00537	0.00805	0.00336	0.00336
24	0.01122	0.01132	0.02127	0.56901	0.03548	0.01280	0.22873	0.01519	0.01165	0.01519	0.01024	0.01482	0.00768	0.00529	0.00583	0.00185	0.00795	0.00539	0.00256	0.00653
25	0.01162	0.01102	0.01870	0.52223	0.29892	0.01261	0.01596	0.01516	0.01162	0.01555	0.01005	0.01439	0.00788	0.00532	0.00552	0.00177	0.00710	0.00493	0.00256	0.00708
26	0.00675	0.00482	0.00643	0.00771	0.00803	0.00450	0.00514	0.00771	0.01060	0.01414	0.03053	0.80175	0.03663	0.01735	0.00707	0.00225	0.00321	0.01574	0.00514	0.00450
27	0.01032	0.00516	0.00516	0.00516	0.00645	0.00516	0.00387	0.01290	0.01161	0.02065	0.01807	0.02065	0.01420	0.00645	0.00387	0.00129	0.00258	0.00516	0.83611	0.00516
28	0.00655	0.00561	0.00561	0.00561	0.00748	0.00468	0.00421	0.00795	0.01262	0.01496	0.05610	0.05330	0.76857	0.01403	0.00655	0.00187	0.00281	0.01169	0.00514	0.00468
29	0.00733	0.00510	0.00622	0.00687	0.00710	0.00490	0.00429	0.00788	0.00952	0.01262	0.02558	0.42403	0.05783	0.37583	0.01666	0.00365	0.00418	0.01209	0.00433	0.00399
30	0.01371	0.01316	0.02248	0.03399	0.77081	0.01316	0.01700	0.01700	0.01261	0.01809	0.01042	0.01371	0.00877	0.00493	0.00548	0.00164	0.00658	0.00493	0.00274	0.00877
31	0.80010	0.01156	0.00855	0.00766	0.01106	0.05395	0.00625	0.01659	0.00976	0.02424	0.00776	0.00905	0.00606	0.00517	0.00351	0.00170	0.00459	0.00303	0.00340	0.00602
32	0.00687	0.00562	0.00606	0.00595	0.00768	0.00481	0.00446	0.00858	0.01339	0.01678	0.23452	0.05031	0.58902	0.01335	0.00654	0.00184	0.00276	0.01127	0.00538	0.00481
33	0.00792	0.00590	0.00875	0.00875	0.00968	0.00684	0.00673	0.00979	0.00886	0.01274	0.01498	0.02254	0.01418	0.08269	0.74272	0.00871	0.01432	0.00605	0.00299	0.00486
34	0.01148	0.00984	0.01148	0.00820	0.01312	0.00738	0.00656	0.01395	0.01148	0.01805	0.00984	0.01148	0.00820	0.00410	0.00410	0.00082	0.00410	0.00328	0.00328	0.83922
35	0.01194	0.01135	0.01928	0.44708	0.37157	0.01269	0.01612	0.01545	0.01177	0.01594	0.01010	0.01428	0.00802	0.00526	0.00551	0.00175	0.00702	0.00493	0.00259	0.00734
36	0.01433	0.70802	0.12552	0.01029	0.01547	0.02075	0.01089	0.01671	0.01131	0.01361	0.00799	0.00925	0.00710	0.00481	0.00377	0.00126	0.00621	0.00311	0.00237	0.00725
37	0.00919	0.00705	0.00854	0.00732	0.00940	0.00623	0.00527	0.01079	0.01085	0.01580	0.16264	0.02691	0.02158	0.27861	0.10607	0.00350	0.00552	0.00653	0.00382	0.29439
38	0.01526	0.01225	0.01981	0.04897	0.56026	0.01205	0.01467	0.01882	0.04236	0.13786	0.01265	0.01470	0.00980	0.00531	0.00543	0.00163	0.00609	0.00500	0.00353	0.05355
39	0.01236	0.11881	0.26880	0.17333	0.24431	0.01404	0.01641	0.01723	0.05215	0.01676	0.01045	0.01302	0.00815	0.00527	0.00518	0.00167	0.00706	0.00448	0.00266	0.00785

[dist]
# distance from previous block
# <min> <max>
0	11

[block]
# block no. 2 follows, 43 sequences, length 21
# corresponding to MSA columns:
# 97-117
name=unknown_C
#
# <colnr> <probs for GDERKNQSTAVLIFYWHMCP>
#	G	D	E	R	K	N	Q	S	T	A	V	L	I	F	Y	W	H	M	C	P
0	0.06519	0.01394	0.01943	0.14680	0.47266	0.09091	0.01487	0.06071	0.02996	0.01854	0.01042	0.01334	0.00844	0.00528	0.00532	0.00166	0.00683	0.00471	0.00298	0.00799
1	0.01213	0.01135	0.01906	0.12982	0.54850	0.01162	0.01483	0.01509	0.01208	0.01692	0.01365	0.14352	0.01317	0.00706	0.00575	0.00177	0.00613	0.00671	0.00310	0.00772
2	0.01032	0.00792	0.01032	0.01203	0.13634	0.00818	0.00704	0.07866	0.05513	0.01552	0.01810	0.14682	0.01934	0.39796	0.04934	0.00387	0.00564	0.00824	0.00384	0.00538
3	0.34746	0.00911	0.01069	0.01205	0.12742	0.01030	0.00807	0.01386	0.00984	0.01901	0.01125	0.01500	0.00972	0.01809	0.27774	0.00422	0.03157	0.00451	0.05410	0.00601
4	0.06230	0.01163	0.01804	0.10214	0.47564	0.03003	0.01378	0.01639	0.01254	0.07337	0.04686	0.08688	0.01329	0.00658	0.00555	0.00173	0.00598	0.00605	0.00343	0.00779
5	0.01555	0.42487	0.02482	0.01297	0.01675	0.19227	0.10219	0.01753	0.01211	0.01377	0.00827	0.01033	0.00730	0.00562	0.00624	0.00149	0.11472	0.00380	0.00254	0.00685
6	0.01365	0.01331	0.02337	0.03307	0.70644	0.01323	0.08067	0.01706	0.01265	0.01806	0.01049	0.01381	0.00874	0.00491	0.00557	0.00166	0.00682	0.00507	0.00275	0.00866
7	0.00844	0.00664	0.00775	0.00735	0.00907	0.00646	0.00554	0.01283	0.13732	0.02020	0.43465	0.06921	0.23029	0.01162	0.00641	0.00182	0.00298	0.01004	0.00574	0.00564
8	0.00793	0.00586	0.00851	0.00851	0.00936	0.00671	0.00643	0.00964	0.00878	0.01256	0.01520	0.02376	0.01471	0.14687	0.67927	0.00841	0.01353	0.00623	0.00302	0.00473
9	0.00791	0.00593	0.00890	0.00890	0.00989	0.00692	0.00692	0.00989	0.00890	0.01286	0.01483	0.02176	0.01385	0.04154	0.78341	0.00890	0.01483	0.00593	0.00297	0.00494
10	0.01388	0.01253	0.01558	0.01331	0.01487	0.01604	0.01089	0.12297	0.23635	0.01934	0.01270	0.01484	0.01046	0.00861	0.01263	0.00215	0.44639	0.00529	0.00383	0.00735
11	0.01180	0.05895	0.01557	0.17316	0.21840	0.01141	0.01131	0.08208	0.07082	0.01878	0.11023	0.09289	0.08546	0.00813	0.00576	0.00176	0.00535	0.00714	0.00399	0.00701
12	0.01789	0.02030	0.01850	0.02214	0.32198	0.41917	0.01324	0.07011	0.01516	0.01685	0.00964	0.01172	0.00795	0.00546	0.00523	0.00153	0.00834	0.00422	0.00299	0.00758
13	0.01481	0.80869	0.02902	0.00948	0.01421	0.02191	0.00948	0.01658	0.01125	0.01303	0.00770	0.00888	0.00711	0.00474	0.00355	0.00118	0.00592	0.00296	0.00237	0.00711
14	0.00742	0.00547	0.00672	0.00684	0.00776	0.00523	0.00478	0.00881	0.01152	0.01541	0.21610	0.17070	0.19563	0.19706	0.11235	0.00361	0.00497	0.01039	0.00469	0.00452
15	0.00971	0.00880	0.01346	0.13534	0.18243	0.02679	0.05171	0.01197	0.01181	0.01573	0.06645	0.31307	0.09065	0.01097	0.00657	0.00195	0.02265	0.00994	0.00401	0.00600
16	0.01364	0.01219	0.01750	0.02132	0.33422	0.04964	0.01274	0.04445	0.01170	0.06073	0.01115	0.01572	0.00987	0.06833	0.07657	0.00274	0.22195	0.00520	0.00308	0.00726
17	0.00679	0.00496	0.00639	0.00743	0.00799	0.00456	0.00504	0.00790	0.01113	0.01470	0.07670	0.67405	0.11872	0.01663	0.00698	0.00218	0.00313	0.01496	0.00520	0.00456
18	0.08978	0.01254	0.01694	0.07165	0.08713	0.01294	0.08711	0.26947	0.01783	0.25669	0.01472	0.01496	0.01013	0.00614	0.00547	0.00172	0.00599	0.00515	0.00500	0.00863
19	0.01510	0.01315	0.01543	0.01308	0.01454	0.09176	0.01071	0.12904	0.01270	0.08299	0.01052	0.01365	0.00886	0.01060	0.06486	0.00254	0.44304	0.00489	0.03573	0.00679
20	0.14047	0.22193	0.47032	0.01289	0.01947	0.01507	0.01547	0.01711	0.01123	0.01753	0.00903	0.01057	0.00688	0.00511	0.00455	0.00160	0.00702	0.00364	0.00251	0.00758

[dist]
# distance from previous block
# <min> <max>
0	1

[block]
# block no. 3 follows, 43 sequences, length 19
# corresponding to MSA columns:
# 119-137
name=unknown_D
#
# <colnr> <probs for GDERKNQSTAVLIFYWHMCP>
#	G	D	E	R	K	N	Q	S	T	A	V	L	I	F	Y	W	H	M	C	P
0	0.01256	0.12775	0.04503	0.01765	0.27922	0.01162	0.01108	0.01536	0.01206	0.01752	0.04628	0.01333	0.01032	0.00488	0.00466	0.00124	0.00531	0.00417	0.00306	0.35690
1	0.00665	0.00519	0.00604	0.00673	0.00777	0.00458	0.00470	0.00782	0.01155	0.01452	0.04250	0.45128	0.37937	0.01579	0.00682	0.00207	0.00302	0.01385	0.00514	0.00458
2	0.00668	0.00510	0.00614	0.00697	0.00784	0.00456	0.00481	0.00779	0.01131	0.01443	0.03950	0.53920	0.29338	0.01618	0.00689	0.00212	0.00307	0.01432	0.00514	0.00456
3	0.01738	0.10912	0.04439	0.01476	0.01906	0.09090	0.18127	0.23793	0.01676	0.09687	0.01178	0.01317	0.00881	0.00603	0.00654	0.00168	0.07698	0.00492	0.00395	0.03771
4	0.01352	0.29030	0.02004	0.06438	0.20768	0.01454	0.01077	0.01737	0.08762	0.05371	0.10054	0.01673	0.01461	0.00610	0.00485	0.00151	0.00536	0.00502	0.05796	0.00740
5	0.00774	0.00531	0.00612	0.00632	0.00653	0.00518	0.00376	0.00807	0.00901	0.01194	0.04766	0.16108	0.07078	0.60139	0.02268	0.00452	0.00477	0.00959	0.00385	0.00369
6	0.01040	0.00951	0.01600	0.74074	0.03612	0.01181	0.01469	0.01370	0.01082	0.01385	0.00983	0.01490	0.00753	0.00643	0.00659	0.05657	0.00721	0.00491	0.00246	0.00591
7	0.01344	0.23031	0.14894	0.02199	0.27533	0.01566	0.18424	0.01714	0.01220	0.01656	0.00979	0.01236	0.00795	0.00487	0.00517	0.00159	0.00730	0.00463	0.00259	0.00793
8	0.00722	0.00624	0.00779	0.06134	0.01065	0.00566	0.04080	0.00882	0.01210	0.01477	0.04595	0.14347	0.55629	0.04491	0.00740	0.00206	0.00359	0.01134	0.00477	0.00484
9	0.01521	0.01364	0.01997	0.04417	0.46154	0.03422	0.02736	0.14982	0.07229	0.03420	0.01180	0.01410	0.00941	0.00583	0.00639	0.00172	0.06119	0.00504	0.00351	0.00856
10	0.01656	0.00898	0.01076	0.00901	0.01220	0.00861	0.00718	0.08208	0.13199	0.33267	0.07913	0.05587	0.20224	0.00936	0.00593	0.00179	0.00412	0.00778	0.00602	0.00771
11	0.04545	0.00972	0.01192	0.01059	0.01226	0.01166	0.00844	0.03809	0.19718	0.07006	0.01699	0.01967	0.04860	0.04188	0.12856	0.02406	0.22583	0.00581	0.06665	0.00657
12	0.01017	0.06503	0.01077	0.01076	0.06304	0.11901	0.00724	0.01216	0.04756	0.01488	0.04240	0.52115	0.02783	0.01331	0.00633	0.00198	0.00465	0.01175	0.00450	0.00548
13	0.01319	0.01263	0.02155	0.15409	0.65474	0.01302	0.01674	0.01655	0.01237	0.01747	0.01033	0.01387	0.00855	0.00503	0.00549	0.00168	0.00671	0.00493	0.00270	0.00836
14	0.01291	0.01235	0.02104	0.22004	0.59100	0.01295	0.01660	0.01630	0.01223	0.01713	0.01028	0.01397	0.00843	0.00508	0.00550	0.00169	0.00678	0.00493	0.00267	0.00813
15	0.00787	0.00604	0.00804	0.00786	0.00887	0.00650	0.00590	0.00951	0.01044	0.01434	0.13408	0.03209	0.15826	0.14148	0.38051	0.00574	0.04599	0.00785	0.00386	0.00476
16	0.01280	0.01265	0.01949	0.35827	0.40376	0.06624	0.01587	0.01613	0.01216	0.01608	0.01004	0.01390	0.00806	0.00525	0.00547	0.00172	0.00716	0.00483	0.00263	0.00748
17	0.01331	0.01293	0.02120	0.17344	0.61386	0.03510	0.01652	0.01662	0.01242	0.01724	0.01026	0.01380	0.00847	0.00507	0.00548	0.00168	0.00683	0.00489	0.00269	0.00822
18	0.01476	0.00777	0.01043	0.00925	0.01137	0.00790	0.00724	0.05169	0.01260	0.28452	0.01988	0.16152	0.01753	0.04601	0.20609	0.00379	0.05867	0.00750	0.05478	0.00670

[dist]
# distance from previous block
# <min> <max>
0	1

[block]
# block no. 4 follows, 43 sequences, length 116
# corresponding to MSA columns:
# 139-153,155-189,207-265,269-275
name=unknown_E
#
# <colnr> <probs for GDERKNQSTAVLIFYWHMCP>
#	G	D	E	R	K	N	Q	S	T	A	V	L	I	F	Y	W	H	M	C	P
0	0.00744	0.00554	0.00699	0.00746	0.00848	0.00518	0.00542	0.00957	0.03644	0.01728	0.26817	0.37354	0.14716	0.01449	0.00682	0.00204	0.00314	0.06444	0.00546	0.00493
1	0.31140	0.01223	0.05900	0.01020	0.01413	0.01210	0.03193	0.10006	0.16053	0.17998	0.04549	0.01547	0.01213	0.00637	0.00487	0.00175	0.00492	0.00485	0.00482	0.00777
2	0.00907	0.00794	0.01273	0.48891	0.02658	0.00933	0.01151	0.01174	0.01094	0.01420	0.01781	0.30265	0.01858	0.01006	0.00614	0.00201	0.00581	0.02496	0.00350	0.00553
3	0.16209	0.04696	0.23966	0.05910	0.21607	0.09096	0.05192	0.03949	0.01238	0.01878	0.00961	0.01184	0.00747	0.00521	0.00499	0.00167	0.00712	0.00422	0.00282	0.00763
4	0.01302	0.43220	0.38987	0.01252	0.01892	0.01755	0.01478	0.01704	0.01147	0.01521	0.00878	0.01024	0.00706	0.00499	0.00438	0.00146	0.00701	0.00351	0.00235	0.00763
5	0.01157	0.01400	0.13909	0.06489	0.25221	0.06531	0.02751	0.01439	0.01150	0.01565	0.01467	0.15910	0.01478	0.07770	0.00880	0.00218	0.07135	0.02532	0.00319	0.00677
6	0.01300	0.01600	0.21243	0.03872	0.08034	0.05705	0.08916	0.03004	0.13328	0.07321	0.01422	0.01734	0.01135	0.06537	0.12095	0.00305	0.00813	0.00542	0.00353	0.00740
7	0.01250	0.24740	0.02118	0.16291	0.30893	0.01444	0.01288	0.01510	0.01166	0.01533	0.01221	0.11828	0.01176	0.00665	0.00513	0.00163	0.00608	0.00580	0.00290	0.00722
8	0.01900	0.00837	0.01035	0.00839	0.01162	0.00773	0.00678	0.07870	0.01516	0.43936	0.02204	0.02100	0.05819	0.00714	0.00510	0.00159	0.00405	0.00576	0.26184	0.00783
9	0.01328	0.01273	0.02171	0.13314	0.67499	0.01305	0.01679	0.01662	0.01241	0.01758	0.01034	0.01385	0.00859	0.00501	0.00549	0.00167	0.00668	0.00493	0.00270	0.00843
10	0.01424	0.01380	0.01459	0.20209	0.07801	0.17689	0.01109	0.15454	0.02961	0.01841	0.01563	0.15871	0.03708	0.00839	0.00629	0.00181	0.04144	0.00686	0.00378	0.00673
11	0.00817	0.00696	0.00947	0.09868	0.08583	0.00705	0.00745	0.01002	0.01162	0.01501	0.07159	0.15348	0.33233	0.03934	0.08813	0.00275	0.03272	0.00985	0.00428	0.00528
12	0.00990	0.00822	0.07104	0.06384	0.01213	0.00641	0.00715	0.01207	0.01297	0.11991	0.13208	0.15199	0.34740	0.01186	0.00631	0.00188	0.00387	0.01013	0.00508	0.00576
13	0.01361	0.01305	0.07432	0.29199	0.29774	0.01265	0.08330	0.04706	0.01289	0.08324	0.01137	0.01448	0.00859	0.00538	0.00559	0.00175	0.00705	0.00507	0.00309	0.00778
14	0.01856	0.01891	0.01586	0.06170	0.11266	0.38599	0.01115	0.11928	0.06212	0.08519	0.01254	0.04853	0.01019	0.00647	0.00535	0.00160	0.00776	0.00491	0.00381	0.00743
15	0.01073	0.00920	0.01434	0.18262	0.29640	0.00972	0.01097	0.01281	0.01049	0.01450	0.01325	0.02286	0.01304	0.31452	0.01422	0.00312	0.00616	0.00614	0.02889	0.00601
16	0.01148	0.00984	0.01148	0.00820	0.01312	0.00738	0.00656	0.01395	0.01148	0.01805	0.00984	0.01148	0.00820	0.00410	0.00410	0.00082	0.00410	0.00328	0.00328	0.83922
17	0.01367	0.01161	0.06124	0.15986	0.27272	0.01098	0.02391	0.01803	0.08336	0.13566	0.08247	0.02050	0.06815	0.00681	0.00569	0.00175	0.00575	0.00606	0.00404	0.00774
18	0.00764	0.00570	0.00804	0.00814	0.00915	0.00610	0.00616	0.00955	0.01067	0.01493	0.16010	0.13803	0.07827	0.03052	0.47340	0.00612	0.01006	0.00849	0.00401	0.00491
19	0.01481	0.01250	0.01700	0.12274	0.23716	0.01334	0.01230	0.18912	0.11262	0.03677	0.01257	0.01436	0.00973	0.00592	0.00599	0.00163	0.04672	0.00489	0.00387	0.12595
20	0.00675	0.00482	0.00643	0.00771	0.00803	0.00450	0.00514	0.00771	0.01060	0.01414	0.03053	0.80175	0.03663	0.01735	0.00707	0.00225	0.00321	0.01574	0.00514	0.00450
21	0.01525	0.25210	0.08807	0.01333	0.01736	0.01585	0.12473	0.06151	0.03950	0.12564	0.03777	0.01391	0.01034	0.00644	0.00747	0.00172	0.15314	0.00482	0.00352	0.00753
22	0.01279	0.01178	0.01603	0.05378	0.01569	0.01533	0.01139	0.03777	0.04803	0.04218	0.00914	0.01291	0.00815	0.00863	0.01468	0.00216	0.58501	0.00480	0.00293	0.08684
23	0.00662	0.00558	0.00574	0.00577	0.00755	0.00470	0.00430	0.00806	0.01269	0.01529	0.09119	0.08663	0.69890	0.01404	0.00657	0.00188	0.00281	0.01179	0.00519	0.00470
24	0.00719	0.00564	0.00650	0.00628	0.00787	0.00495	0.00471	0.00919	0.01414	0.01856	0.40932	0.04738	0.41311	0.01268	0.00654	0.00181	0.00271	0.01086	0.00562	0.00495
25	0.01315	0.01259	0.02147	0.16382	0.64534	0.01301	0.01672	0.01651	0.01235	0.01742	0.01032	0.01389	0.00853	0.00504	0.00549	0.00168	0.00672	0.00493	0.00269	0.00832
26	0.01152	0.02574	0.61889	0.01739	0.02503	0.01310	0.17533	0.01758	0.01199	0.01758	0.01021	0.01238	0.00731	0.00514	0.00553	0.00178	0.00843	0.00461	0.00244	0.00803
27	0.01073	0.01012	0.01709	0.72964	0.09846	0.01237	0.01551	0.01438	0.01120	0.01447	0.00989	0.01468	0.00750	0.00549	0.00553	0.00183	0.00732	0.00492	0.00248	0.00637
28	0.00851	0.00545	0.00648	0.00648	0.00697	0.00566	0.00424	0.00949	0.00900	0.01332	0.01701	0.02974	0.01749	0.46772	0.18754	0.00526	0.00683	0.00697	0.18173	0.00409
29	0.01148	0.00984	0.01148	0.00820	0.01312	0.00738	0.00656	0.01395	0.01148	0.01805	0.00984	0.01148	0.00820	0.00410	0.00410	0.00082	0.00410	0.00328	0.00328	0.83922
30	0.01292	0.00904	0.00990	0.00862	0.01127	0.00936	0.00677	0.14898	0.18087	0.08446	0.13117	0.03016	0.20692	0.00931	0.00573	0.00173	0.00385	0.00770	0.11428	0.00696
31	0.00726	0.00500	0.00627	0.00713	0.00738	0.00478	0.00456	0.00798	0.00986	0.01332	0.02618	0.54553	0.03093	0.25528	0.01335	0.00316	0.00385	0.01308	0.03094	0.00417
32	0.01392	0.01044	0.01212	0.01087	0.05166	0.01093	0.00812	0.34447	0.01966	0.02666	0.28797	0.06290	0.09796	0.00942	0.00606	0.00174	0.00443	0.00791	0.00554	0.00721
33	0.01373	0.29334	0.01795	0.01023	0.01331	0.07777	0.00878	0.14508	0.01333	0.01689	0.01152	0.01473	0.01012	0.01938	0.30549	0.00427	0.00973	0.00452	0.00320	0.00663
34	0.02485	0.00943	0.01285	0.00985	0.01414	0.00814	0.00814	0.02699	0.01585	0.77465	0.02185	0.01885	0.01371	0.00685	0.00557	0.00171	0.00471	0.00557	0.00685	0.00943
35	0.00719	0.00548	0.00661	0.00665	0.00796	0.00490	0.00486	0.00908	0.01367	0.01820	0.38491	0.19172	0.29188	0.01340	0.00664	0.00188	0.00279	0.01168	0.00559	0.00490
36	0.01581	0.07636	0.36457	0.11495	0.02190	0.01217	0.01491	0.04612	0.01335	0.24680	0.01349	0.01412	0.00918	0.00579	0.00528	0.00171	0.00679	0.00460	0.00384	0.00826
37	0.01408	0.44347	0.11857	0.01389	0.01880	0.05720	0.17408	0.01700	0.01173	0.01466	0.00875	0.01084	0.00739	0.00519	0.00553	0.00150	0.06355	0.00405	0.00249	0.00721
38	0.00679	0.00494	0.00642	0.00758	0.00808	0.00457	0.00516	0.00784	0.01086	0.01429	0.03297	0.70795	0.10756	0.01697	0.00703	0.00222	0.00323	0.03587	0.00514	0.00453
39	0.01549	0.71871	0.02751	0.00999	0.01455	0.09209	0.00961	0.03356	0.01199	0.01357	0.00790	0.00908	0.00716	0.00487	0.00373	0.00122	0.00630	0.00306	0.00248	0.00710
40	0.01481	0.80869	0.02902	0.00948	0.01421	0.02191	0.00948	0.01658	0.01125	0.01303	0.00770	0.00888	0.00711	0.00474	0.00355	0.00118	0.00592	0.00296	0.00237	0.00711
41	0.02350	0.00932	0.01237	0.00959	0.01363	0.00826	0.00789	0.05550	0.01592	0.68232	0.02119	0.01877	0.01357	0.00681	0.00543	0.00168	0.00459	0.00551	0.07507	0.00907
42	0.00685	0.00497	0.00648	0.00748	0.00802	0.00459	0.00509	0.00803	0.01130	0.01509	0.11389	0.66615	0.08867	0.01646	0.00697	0.00217	0.00312	0.01483	0.00525	0.00459
43	0.01806	0.01357	0.01405	0.01132	0.01498	0.03894	0.00916	0.48527	0.15117	0.02991	0.01552	0.01565	0.01141	0.00674	0.00527	0.00163	0.00536	0.00519	0.13828	0.00853
44	0.01554	0.01081	0.01186	0.01036	0.01352	0.01191	0.00814	0.05414	0.51644	0.15225	0.02154	0.02007	0.01576	0.00724	0.00541	0.00177	0.00429	0.00596	0.10450	0.00848
45	0.00808	0.00591	0.00632	0.00611	0.00793	0.00527	0.00462	0.01038	0.04076	0.04032	0.16546	0.04482	0.50176	0.01213	0.00613	0.00177	0.00286	0.01017	0.11405	0.00513
46	0.01426	0.00768	0.00911	0.00781	0.01035	0.00718	0.00611	0.08922	0.01476	0.24358	0.11271	0.03214	0.20921	0.07501	0.00760	0.00201	0.00391	0.02354	0.11722	0.00659
47	0.01703	0.00809	0.01029	0.00878	0.01174	0.00731	0.00690	0.05144	0.04057	0.41238	0.02972	0.19193	0.15894	0.01044	0.00607	0.00186	0.00409	0.00887	0.00607	0.00747
48	0.00782	0.00570	0.00755	0.00746	0.00832	0.00596	0.00539	0.00936	0.01043	0.01447	0.18030	0.03240	0.08588	0.23526	0.35279	0.00585	0.00872	0.00784	0.00392	0.00456
49	0.02312	0.01220	0.01457	0.01117	0.01552	0.01225	0.00923	0.35724	0.02049	0.43785	0.01796	0.01632	0.01176	0.00676	0.00556	0.00169	0.00534	0.00530	0.00626	0.00942
50	0.07226	0.00916	0.01218	0.01046	0.01306	0.00919	0.07200	0.14455	0.01468	0.15709	0.05910	0.17028	0.02127	0.09029	0.01969	0.00240	0.00521	0.10548	0.00503	0.00663
51	0.00675	0.00482	0.00643	0.00771	0.00803	0.00450	0.00514	0.00771	0.01060	0.01414	0.03053	0.80175	0.03663	0.01735	0.00707	0.00225	0.00321	0.01574	0.00514	0.00450
52	0.12113	0.01013	0.01126	0.00828	0.01297	0.00839	0.00666	0.03902	0.01182	0.04112	0.01002	0.01143	0.00811	0.00440	0.00410	0.00099	0.00421	0.00337	0.00348	0.67910
53	0.10118	0.01235	0.01383	0.01089	0.01493	0.01299	0.00893	0.36106	0.07357	0.26617	0.05518	0.01662	0.01320	0.00687	0.00540	0.00170	0.00518	0.00533	0.00579	0.00882
54	0.01724	0.35387	0.06049	0.01185	0.01575	0.34736	0.01038	0.01914	0.01327	0.04801	0.00920	0.01062	0.00776	0.00718	0.04472	0.00174	0.00819	0.00355	0.00281	0.00686
55	0.03904	0.15748	0.25923	0.05510	0.08501	0.07516	0.01397	0.03594	0.03529	0.05072	0.01036	0.01287	0.00834	0.03382	0.00734	0.00183	0.10386	0.00432	0.00289	0.00741
56	0.01708	0.01656	0.01910	0.06448	0.28584	0.19991	0.05137	0.17246	0.03006	0.04820	0.01113	0.01312	0.00870	0.00577	0.00584	0.00165	0.03237	0.00474	0.00354	0.00806
57	0.00982	0.00883	0.01269	0.32374	0.05985	0.03378	0.01064	0.01232	0.01104	0.01466	0.04159	0.08930	0.10361	0.02790	0.11227	0.00290	0.07238	0.00698	0.04003	0.00568
58	0.70715	0.04047	0.00994	0.00817	0.01168	0.05871	0.00672	0.06935	0.01105	0.02448	0.00816	0.00936	0.00635	0.00527	0.00368	0.00167	0.00481	0.00317	0.00351	0.00631
59	0.00697	0.00551	0.00630	0.00647	0.00791	0.00483	0.00478	0.00862	0.01299	0.01659	0.21918	0.18525	0.44170	0.01403	0.00667	0.00193	0.00291	0.03720	0.00537	0.00479
60	0.01425	0.03508	0.03706	0.04444	0.31079	0.14759	0.03515	0.02701	0.01277	0.04015	0.01199	0.07538	0.01088	0.00655	0.00629	0.00164	0.06317	0.01646	0.00316	0.10020
61	0.01930	0.01635	0.01368	0.01132	0.01506	0.30806	0.00884	0.07342	0.01535	0.22929	0.01370	0.04131	0.01043	0.00615	0.00507	0.00142	0.00666	0.00460	0.00434	0.19566
62	0.01611	0.02171	0.22037	0.08847	0.08250	0.27753	0.01404	0.13528	0.04013	0.01878	0.01145	0.01302	0.02451	0.00590	0.00530	0.00163	0.00802	0.00444	0.00324	0.00758
63	0.00868	0.00777	0.04915	0.07382	0.01308	0.00727	0.03049	0.01157	0.05530	0.01527	0.06023	0.24218	0.02531	0.10603	0.12408	0.00352	0.00637	0.15036	0.00425	0.00526
64	0.00925	0.00670	0.00756	0.00694	0.00878	0.00639	0.00531	0.09416	0.01531	0.02108	0.34952	0.03929	0.27582	0.01102	0.00607	0.00171	0.00307	0.00934	0.11717	0.00551
65	0.01233	0.05286	0.06023	0.04148	0.23888	0.06548	0.01117	0.06625	0.08353	0.01862	0.09992	0.14719	0.06174	0.00861	0.00579	0.00176	0.00547	0.00751	0.00405	0.00713
66	0.01427	0.01414	0.01939	0.06149	0.27360	0.13252	0.13563	0.04139	0.07863	0.04126	0.01443	0.08458	0.01284	0.00698	0.00585	0.00178	0.00698	0.04316	0.00355	0.00754
67	0.01591	0.00874	0.00968	0.00807	0.01077	0.00895	0.00646	0.21453	0.01628	0.16475	0.01749	0.01834	0.01282	0.00658	0.00464	0.00147	0.00392	0.00519	0.45831	0.00710
68	0.14161	0.01490	0.18162	0.01158	0.01567	0.03839	0.06188	0.08839	0.11374	0.02123	0.12410	0.02178	0.10228	0.00765	0.00586	0.00178	0.03013	0.00618	0.00417	0.00704
69	0.01088	0.04320	0.04139	0.01488	0.07151	0.01048	0.20786	0.01575	0.11833	0.01769	0.08048	0.09092	0.07268	0.01148	0.06201	0.00244	0.00656	0.11071	0.00412	0.00662
70	0.00794	0.00663	0.00963	0.00958	0.01031	0.00699	0.05404	0.00922	0.01060	0.01431	0.02780	0.57416	0.08767	0.01513	0.00866	0.00222	0.12239	0.01320	0.00458	0.00494
71	0.01001	0.00837	0.01263	0.07144	0.25162	0.00841	0.00991	0.03912	0.01216	0.01666	0.02327	0.33528	0.07588	0.01134	0.00626	0.00196	0.00473	0.05287	0.04188	0.00623
72	0.01696	0.44002	0.02419	0.01242	0.01655	0.29094	0.07079	0.04295	0.01347	0.01433	0.00848	0.00992	0.00730	0.00514	0.00437	0.00134	0.00765	0.00354	0.00268	0.00697
73	0.01150	0.01785	0.29277	0.01528	0.01879	0.01443	0.07653	0.01495	0.01006	0.01518	0.00917	0.01297	0.00780	0.01021	0.07362	0.00265	0.38213	0.00480	0.00247	0.00686
74	0.00805	0.00537	0.00604	0.00604	0.00604	0.00537	0.00336	0.00805	0.00805	0.01074	0.01745	0.03624	0.02013	0.80536	0.02819	0.00537	0.00537	0.00805	0.00336	0.00336
75	0.00911	0.00784	0.01083	0.01068	0.01100	0.00956	0.00833	0.01037	0.01006	0.01414	0.02138	0.39982	0.02466	0.01412	0.01144	0.00236	0.30962	0.10541	0.00409	0.00518
76	0.00907	0.00747	0.01151	0.01410	0.17264	0.00802	0.00879	0.01116	0.01054	0.01497	0.07581	0.16922	0.01987	0.02562	0.38160	0.00529	0.03715	0.00786	0.00356	0.00574
77	0.00760	0.00559	0.00799	0.00827	0.00911	0.00602	0.00615	0.00935	0.01024	0.01441	0.12015	0.23128	0.02516	0.04610	0.45861	0.00611	0.00993	0.00912	0.00397	0.00483
78	0.01181	0.00676	0.00856	0.00764	0.00977	0.00615	0.00589	0.01459	0.04669	0.19692	0.40992	0.07167	0.15985	0.01084	0.00630	0.00179	0.00324	0.00935	0.00605	0.00624
79	0.01551	0.01090	0.01288	0.01085	0.01380	0.01208	0.00874	0.32593	0.09774	0.08785	0.01561	0.01783	0.01230	0.02025	0.30625	0.00449	0.00917	0.00554	0.00467	0.00762
80	0.01320	0.12096	0.14072	0.02437	0.35572	0.01474	0.15262	0.01686	0.01204	0.01688	0.00987	0.01286	0.00809	0.00530	0.00643	0.00171	0.07218	0.00483	0.00262	0.00800
81	0.01220	0.01088	0.01510	0.01329	0.04193	0.01163	0.14620	0.02195	0.41255	0.02027	0.02213	0.11322	0.04546	0.00847	0.00596	0.00190	0.00510	0.03018	0.05405	0.00755
82	0.20430	0.01554	0.01535	0.28684	0.07335	0.24507	0.03750	0.03113	0.01254	0.01718	0.00912	0.01192	0.00716	0.00545	0.00492	0.00167	0.00745	0.00413	0.00289	0.00648
83	0.01510	0.00938	0.01378	0.10997	0.21552	0.00938	0.01011	0.04350	0.01296	0.22051	0.01624	0.04664	0.01319	0.11092	0.00831	0.00215	0.00531	0.00592	0.12384	0.00728
84	0.00671	0.00512	0.00618	0.00696	0.00785	0.00458	0.00482	0.00788	0.01146	0.01468	0.06273	0.51898	0.29009	0.01601	0.00687	0.00210	0.00305	0.01416	0.00517	0.00458
85	0.01309	0.01260	0.01960	0.23429	0.46673	0.03986	0.01546	0.01775	0.09260	0.01742	0.01150	0.01461	0.00922	0.00540	0.00550	0.00172	0.00668	0.00503	0.00298	0.00799
86	0.01363	0.01340	0.02134	0.13476	0.63343	0.05290	0.01645	0.01688	0.01256	0.01733	0.01024	0.01366	0.00850	0.00506	0.00546	0.00166	0.00686	0.00486	0.00271	0.00830
87	0.20816	0.01054	0.01146	0.00956	0.01302	0.01112	0.00770	0.11770	0.17533	0.24342	0.11780	0.01927	0.01724	0.00717	0.00522	0.00175	0.00444	0.00565	0.00553	0.00793
88	0.00805	0.00539	0.00617	0.00617	0.00621	0.00544	0.00351	0.00813	0.00809	0.01083	0.01733	0.03560	0.01986	0.77165	0.06152	0.00553	0.00579	0.00796	0.00334	0.00343
89	0.01010	0.00635	0.00716	0.00663	0.00890	0.00541	0.00516	0.01173	0.01337	0.15667	0.08101	0.04669	0.56842	0.01262	0.00640	0.00186	0.00324	0.03717	0.00550	0.00560
90	0.02029	0.01513	0.01619	0.01259	0.01688	0.01682	0.01034	0.67647	0.10316	0.03367	0.01427	0.01407	0.01020	0.00674	0.00555	0.00168	0.00591	0.00512	0.00555	0.00935
91	0.00712	0.00563	0.00640	0.00621	0.00783	0.00492	0.00466	0.00905	0.01397	0.01816	0.36975	0.04804	0.45293	0.01283	0.00654	0.00181	0.00272	0.01095	0.00556	0.00492
92	0.01371	0.01316	0.02248	0.03399	0.77081	0.01316	0.01700	0.01700	0.01261	0.01809	0.01042	0.01371	0.00877	0.00493	0.00548	0.00164	0.00658	0.00493	0.00274	0.00877
93	0.84448	0.01071	0.00814	0.00728	0.01071	0.01242	0.00600	0.01628	0.00943	0.02485	0.00771	0.00900	0.00600	0.00514	0.00343	0.00171	0.00428	0.00300	0.00343	0.00600
94	0.00797	0.00571	0.00778	0.00778	0.00838	0.00631	0.00552	0.00917	0.00857	0.01203	0.01586	0.02744	0.01631	0.34136	0.48697	0.00751	0.01112	0.00677	0.00312	0.00432
95	0.00793	0.00586	0.00854	0.00854	0.00940	0.00673	0.00647	0.00966	0.00879	0.01259	0.01517	0.02359	0.01464	0.13813	0.68791	0.00845	0.01364	0.00620	0.00302	0.00474
96	0.00754	0.00521	0.00614	0.00655	0.00678	0.00504	0.00399	0.00794	0.00917	0.01210	0.02411	0.28527	0.07236	0.50054	0.01999	0.00414	0.00451	0.01077	0.00405	0.00381
97	0.01278	0.01575	0.09034	0.06254	0.02903	0.01383	0.65523	0.01754	0.01286	0.01754	0.01103	0.01468	0.00824	0.00476	0.00638	0.00186	0.00915	0.00626	0.00275	0.00746
98	0.02062	0.00846	0.01147	0.00918	0.01269	0.00739	0.00742	0.02279	0.01555	0.58974	0.16661	0.06373	0.02235	0.00826	0.00583	0.00175	0.00423	0.00696	0.00662	0.00836
99	0.01143	0.02192	0.46915	0.01844	0.10300	0.01236	0.16808	0.01674	0.01228	0.01781	0.05769	0.04260	0.01133	0.00591	0.00569	0.00178	0.00773	0.00546	0.00281	0.00779
100	0.00673	0.00548	0.00576	0.00592	0.00740	0.00472	0.00424	0.00793	0.01189	0.01442	0.04883	0.14698	0.59751	0.09661	0.00886	0.00228	0.00312	0.01183	0.00496	0.00452
101	0.00681	0.00486	0.00648	0.00767	0.00805	0.00454	0.00515	0.00786	0.01087	0.01457	0.06995	0.76109	0.03747	0.01703	0.00704	0.00222	0.00318	0.01544	0.00519	0.00454
102	0.30364	0.01599	0.08471	0.01633	0.08468	0.11120	0.23204	0.05573	0.01265	0.02058	0.00958	0.01177	0.00737	0.00514	0.00500	0.00172	0.00715	0.00450	0.00312	0.00710
103	0.01207	0.01610	0.20751	0.11412	0.31237	0.01305	0.05426	0.01594	0.01186	0.01709	0.05653	0.01489	0.01063	0.00611	0.00726	0.00182	0.11286	0.00511	0.00278	0.00767
104	0.01441	0.01372	0.05796	0.02208	0.34154	0.04630	0.07384	0.02078	0.19889	0.07713	0.01486	0.03957	0.01181	0.00610	0.00558	0.00171	0.00616	0.00561	0.00386	0.03809
105	0.00750	0.00565	0.00694	0.00662	0.00807	0.00508	0.00496	0.00980	0.01488	0.02033	0.58314	0.04447	0.23818	0.01202	0.00654	0.00178	0.00266	0.01045	0.00585	0.00508
106	0.01304	0.01120	0.01185	0.01071	0.01367	0.01279	0.00831	0.02718	0.67797	0.02263	0.06311	0.02367	0.06321	0.00810	0.00574	0.00187	0.00420	0.00678	0.00563	0.00834
107	0.00933	0.00491	0.00700	0.00700	0.00700	0.00491	0.00454	0.00737	0.00737	0.00983	0.01108	0.02045	0.01158	0.16548	0.02286	0.68381	0.00491	0.00541	0.00258	0.00258
108	0.00675	0.00514	0.00621	0.00695	0.00786	0.00460	0.00483	0.00796	0.01160	0.01491	0.08431	0.49911	0.28813	0.01584	0.00686	0.00209	0.00304	0.01401	0.00520	0.00460
109	0.00722	0.00584	0.00727	0.00741	0.00891	0.00521	0.02980	0.00886	0.01239	0.01558	0.09480	0.23083	0.41989	0.01449	0.00682	0.00204	0.00341	0.10929	0.00513	0.00482
110	0.01148	0.00984	0.01148	0.00820	0.01312	0.00738	0.00656	0.01395	0.01148	0.01805	0.00984	0.01148	0.00820	0.00410	0.00410	0.00082	0.00410	0.00328	0.00328	0.83922
111	0.01198	0.01192	0.01671	0.01436	0.01439	0.01665	0.01195	0.01322	0.00850	0.01331	0.00751	0.01242	0.00748	0.01070	0.04243	0.00263	0.77049	0.00488	0.00244	0.00602
112	0.01255	0.00941	0.01449	0.01156	0.01483	0.00894	0.18093	0.04050	0.08334	0.12906	0.04168	0.02939	0.22100	0.01042	0.04624	0.00215	0.00559	0.03291	0.07297	0.03205
113	0.00805	0.00539	0.00616	0.00616	0.00620	0.00543	0.00350	0.00813	0.00809	0.01083	0.01734	0.03565	0.01988	0.77412	0.05908	0.00551	0.00576	0.00797	0.00334	0.00342
114	0.01701	0.01184	0.01440	0.01398	0.11607	0.01251	0.00981	0.16140	0.30514	0.17842	0.05717	0.01873	0.01528	0.00695	0.00558	0.00173	0.00497	0.00579	0.00542	0.03781
115	0.01246	0.01297	0.02449	0.01749	0.02283	0.01145	0.46305	0.01627	0.01246	0.01786	0.01068	0.01360	0.00833	0.00445	0.00559	0.00146	0.00731	0.00528	0.00299	0.32899

[dist]
# distance from previous block
# <min> <max>
0	36

[block]
# block no. 5 follows, 43 sequences, length 45
# corresponding to MSA columns:
# 312-356
name=unknown_F
#
# <colnr> <probs for GDERKNQSTAVLIFYWHMCP>
#	G	D	E	R	K	N	Q	S	T	A	V	L	I	F	Y	W	H	M	C	P
0	0.01285	0.03469	0.13513	0.03614	0.07085	0.04355	0.01074	0.04849	0.04378	0.12075	0.01433	0.01764	0.01162	0.02156	0.34706	0.00485	0.01024	0.00527	0.00358	0.00689
1	0.00717	0.00525	0.00650	0.00719	0.00793	0.00487	0.00500	0.00836	0.01128	0.01479	0.10649	0.42015	0.17220	0.12969	0.01001	0.00260	0.00353	0.06753	0.00498	0.00448
2	0.01309	0.31657	0.03371	0.00901	0.01391	0.01341	0.00810	0.04157	0.01192	0.01672	0.00915	0.01056	0.00780	0.00446	0.00397	0.00101	0.00495	0.00324	0.00299	0.47386
3	0.01380	0.29101	0.10071	0.01714	0.21868	0.06166	0.01238	0.01777	0.08159	0.01618	0.01124	0.01296	0.02194	0.00631	0.02433	0.00166	0.02504	0.00424	0.00292	0.05844
4	0.01517	0.06548	0.35714	0.01370	0.01964	0.01501	0.01466	0.27454	0.12784	0.02415	0.01285	0.01342	0.00932	0.00605	0.00532	0.00171	0.00677	0.00466	0.00394	0.00864
5	0.00719	0.00564	0.00651	0.00629	0.00788	0.00495	0.00472	0.00920	0.01415	0.01858	0.41184	0.04734	0.41057	0.01267	0.00654	0.00181	0.00271	0.01085	0.00562	0.00495
6	0.01506	0.77495	0.02845	0.00968	0.01434	0.05475	0.00953	0.01682	0.01144	0.01305	0.00774	0.00893	0.00711	0.00478	0.00362	0.00120	0.00610	0.00299	0.00239	0.00708
7	0.00834	0.00540	0.00611	0.00619	0.00639	0.00540	0.00372	0.00875	0.00869	0.01210	0.01819	0.03611	0.02018	0.67784	0.02451	0.00479	0.00507	0.04885	0.08973	0.00364
8	0.01457	0.01460	0.01822	0.30960	0.26334	0.15556	0.01438	0.09558	0.02915	0.01768	0.01041	0.01351	0.00819	0.00554	0.00542	0.00169	0.00741	0.00471	0.00301	0.00743
9	0.00734	0.00552	0.00680	0.00680	0.00809	0.00498	0.00502	0.00936	0.01397	0.01885	0.44317	0.17287	0.23642	0.01312	0.00665	0.00188	0.00281	0.02574	0.00567	0.00496
10	0.00680	0.00542	0.00613	0.00665	0.00797	0.00475	0.00488	0.00815	0.01199	0.01483	0.04580	0.29343	0.47600	0.01519	0.00680	0.00205	0.00312	0.07026	0.00514	0.00465
11	0.01769	0.06253	0.04787	0.01191	0.01596	0.01512	0.01012	0.37414	0.24365	0.07632	0.01696	0.01806	0.01285	0.00719	0.00555	0.00175	0.00552	0.04271	0.00530	0.00881
12	0.01499	0.09044	0.01461	0.01158	0.01482	0.13835	0.00915	0.02702	0.56922	0.02065	0.01887	0.01782	0.01440	0.00696	0.00533	0.00174	0.00543	0.00551	0.00488	0.00823
13	0.00805	0.00537	0.00604	0.00604	0.00604	0.00537	0.00336	0.00805	0.00805	0.01074	0.01745	0.03624	0.02013	0.80536	0.02819	0.00537	0.00537	0.00805	0.00336	0.00336
14	0.00891	0.00678	0.00758	0.00719	0.00875	0.00657	0.00522	0.08648	0.04584	0.01797	0.18132	0.13177	0.29637	0.15225	0.01027	0.00249	0.00368	0.01027	0.00508	0.00520
15	0.01122	0.02543	0.65382	0.01478	0.02193	0.01224	0.01831	0.05815	0.01239	0.01817	0.01226	0.09363	0.01022	0.00659	0.00546	0.00180	0.00755	0.00535	0.00281	0.00787
16	0.00774	0.00565	0.00802	0.00838	0.00912	0.00617	0.00623	0.00929	0.00941	0.01311	0.01946	0.19659	0.02068	0.12587	0.47605	0.00664	0.01057	0.05273	0.00362	0.00467
17	0.00791	0.00593	0.00890	0.00890	0.00989	0.00692	0.00692	0.00989	0.00890	0.01286	0.01483	0.02176	0.01385	0.04154	0.78341	0.00890	0.01483	0.00593	0.00297	0.00494
18	0.01084	0.00846	0.00972	0.00864	0.01057	0.00898	0.00677	0.17211	0.01529	0.02057	0.15129	0.11076	0.27614	0.01133	0.00760	0.00187	0.09816	0.00914	0.05577	0.00598
19	0.01618	0.01339	0.11450	0.01092	0.01488	0.01193	0.00980	0.22637	0.18360	0.13813	0.08033	0.01887	0.01563	0.00706	0.00540	0.00169	0.00504	0.00568	0.11242	0.00821
20	0.00949	0.00718	0.00855	0.00883	0.01006	0.00746	0.00630	0.08869	0.14432	0.01781	0.02708	0.56770	0.03002	0.02970	0.00707	0.00218	0.00376	0.01281	0.00524	0.00574
21	0.00691	0.00495	0.00658	0.00760	0.00807	0.00461	0.00515	0.00813	0.01138	0.01538	0.14357	0.68517	0.03903	0.01643	0.00699	0.00217	0.00312	0.01487	0.00529	0.00461
22	0.01262	0.01217	0.02062	0.24792	0.47210	0.01328	0.03798	0.01588	0.01182	0.01653	0.01000	0.01390	0.00823	0.00553	0.00667	0.00178	0.07763	0.00497	0.00263	0.00774
23	0.00788	0.00560	0.00683	0.00710	0.00720	0.00579	0.00447	0.00827	0.00891	0.01200	0.02106	0.28256	0.02469	0.50173	0.02074	0.00418	0.05287	0.01035	0.00388	0.00389
24	0.00764	0.00565	0.00712	0.00676	0.00815	0.00514	0.00507	0.01006	0.01520	0.02108	0.65685	0.04323	0.16400	0.01174	0.00653	0.00176	0.00264	0.01028	0.00595	0.00514
25	0.01075	0.01103	0.00906	0.00931	0.01057	0.22341	0.00664	0.01204	0.01268	0.01481	0.09637	0.44625	0.08935	0.01324	0.00639	0.00194	0.00503	0.01145	0.00459	0.00512
26	0.00801	0.00554	0.00689	0.00689	0.00718	0.00583	0.00441	0.00860	0.00830	0.01136	0.01668	0.03197	0.01828	0.57982	0.25119	0.00641	0.00816	0.00743	0.00324	0.00383
27	0.01371	0.01316	0.02248	0.03399	0.77081	0.01316	0.01700	0.01700	0.01261	0.01809	0.01042	0.01371	0.00877	0.00493	0.00548	0.00164	0.00658	0.00493	0.00274	0.00877
28	0.00682	0.00485	0.00640	0.00762	0.00792	0.00455	0.00504	0.00773	0.01046	0.01395	0.02978	0.75838	0.03570	0.06199	0.00827	0.00243	0.00334	0.01531	0.00504	0.00443
29	0.00793	0.00586	0.00851	0.00851	0.00936	0.00671	0.00643	0.00964	0.00878	0.01256	0.01520	0.02375	0.01471	0.14681	0.67933	0.00841	0.01353	0.00623	0.00302	0.00473
30	0.01183	0.01088	0.01831	0.10084	0.35100	0.01103	0.10079	0.05932	0.01278	0.01759	0.01619	0.23179	0.01633	0.00850	0.00606	0.00186	0.00603	0.00812	0.00356	0.00721
31	0.00776	0.00554	0.00757	0.00878	0.00957	0.00536	0.00682	0.00950	0.01177	0.01556	0.06180	0.44176	0.03520	0.01618	0.00730	0.00236	0.00402	0.33318	0.00516	0.00480
32	0.01794	0.27924	0.09842	0.01160	0.01581	0.10740	0.01078	0.07620	0.01387	0.21405	0.01211	0.01259	0.00902	0.00614	0.00615	0.00158	0.09126	0.00419	0.00384	0.00781
