[name]
unknown

[dist]
# distance from previous block
# <min> <max>
5	375

[block]
# block no. 0 follows, 48 sequences, length 114
# corresponding to MSA columns:
# 406-519
name=unknown_A
#
# <colnr> <probs for GDERKNQSTAVLIFYWHMCP>
#	G	D	E	R	K	N	Q	S	T	A	V	L	I	F	Y	W	H	M	C	P
0	0.00786	0.00541	0.00643	0.00636	0.00724	0.00512	0.00430	0.00866	0.00923	0.04132	0.02405	0.13625	0.15302	0.39966	0.07617	0.00379	0.00487	0.04416	0.00378	0.05231
1	0.01010	0.00636	0.00800	0.00752	0.00901	0.00612	0.00557	0.09159	0.01369	0.10938	0.32839	0.28659	0.03381	0.05102	0.00699	0.00192	0.00330	0.00994	0.00526	0.00541
2	0.05117	0.00595	0.00713	0.00715	0.00848	0.00574	0.00528	0.06018	0.01240	0.05517	0.20531	0.35449	0.13134	0.01236	0.00599	0.00183	0.00314	0.03801	0.02390	0.00498
3	0.06594	0.00602	0.00652	0.00641	0.00737	0.00602	0.00431	0.07021	0.01023	0.01409	0.02483	0.19076	0.17338	0.37454	0.01489	0.00323	0.00408	0.00902	0.00394	0.00419
4	0.03333	0.00599	0.00716	0.00683	0.00798	0.00565	0.00467	0.03733	0.01015	0.05676	0.08697	0.25636	0.02320	0.30429	0.01343	0.02589	0.00399	0.00876	0.00404	0.09722
5	0.03206	0.00730	0.00878	0.00787	0.00997	0.00706	0.03112	0.11358	0.04148	0.10720	0.08679	0.21142	0.27549	0.02812	0.00626	0.00183	0.00363	0.00946	0.00493	0.00566
6	0.05962	0.01206	0.09474	0.01069	0.01387	0.03188	0.04784	0.17551	0.12339	0.06336	0.01676	0.07823	0.06125	0.03305	0.08535	0.00242	0.05037	0.00594	0.00404	0.02965
7	0.01103	0.00850	0.00920	0.00770	0.01035	0.00834	0.00603	0.22697	0.04041	0.02034	0.09975	0.02983	0.29935	0.05439	0.00652	0.00170	0.00378	0.00734	0.03189	0.11658
8	0.04482	0.01025	0.01251	0.01149	0.07182	0.05221	0.03357	0.14465	0.04906	0.08167	0.03477	0.01554	0.01116	0.01507	0.23304	0.00338	0.03425	0.00477	0.00367	0.13230
9	0.01342	0.01262	0.12607	0.03078	0.01471	0.05948	0.06291	0.13095	0.04127	0.13608	0.11041	0.02144	0.09473	0.06388	0.00673	0.00179	0.00529	0.00595	0.00423	0.05724
10	0.01001	0.00603	0.00757	0.00677	0.00863	0.00543	0.00522	0.02759	0.01416	0.15341	0.48288	0.03647	0.19540	0.01020	0.00588	0.00163	0.00286	0.00879	0.00558	0.00549
11	0.01306	0.03022	0.01554	0.06211	0.28194	0.06226	0.04318	0.12143	0.01327	0.06422	0.06460	0.07117	0.01387	0.08249	0.03631	0.00213	0.00599	0.00585	0.00354	0.00680
12	0.13072	0.00691	0.00773	0.00662	0.00909	0.00670	0.00528	0.01709	0.01190	0.29825	0.01668	0.01705	0.01195	0.00595	0.00410	0.00139	0.00332	0.00464	0.42831	0.00631
13	0.01279	0.01358	0.02710	0.02075	0.07726	0.01341	0.58714	0.08763	0.01290	0.01766	0.01024	0.01342	0.00782	0.00487	0.00672	0.00174	0.06941	0.00570	0.00281	0.00708
14	0.00641	0.00458	0.00613	0.00732	0.00769	0.00430	0.00503	0.00741	0.00998	0.01327	0.02820	0.75840	0.03360	0.01593	0.00659	0.00211	0.00311	0.07099	0.00476	0.00421
15	0.01044	0.00984	0.01640	0.61388	0.19377	0.01162	0.01434	0.01419	0.03875	0.01419	0.00966	0.01367	0.00744	0.00508	0.00512	0.00167	0.00658	0.00461	0.00244	0.00630
16	0.00746	0.00497	0.00560	0.00560	0.00560	0.00497	0.00311	0.00746	0.00746	0.00995	0.01617	0.03358	0.01865	0.81967	0.02612	0.00497	0.00497	0.00746	0.00311	0.00311
17	0.01902	0.00786	0.01053	0.00837	0.01169	0.00683	0.00680	0.02102	0.01443	0.59932	0.15418	0.02349	0.07787	0.00757	0.00538	0.00160	0.00390	0.00630	0.00611	0.00773
18	0.10202	0.01245	0.01371	0.01060	0.01458	0.01327	0.00876	0.49982	0.02013	0.23200	0.01391	0.01329	0.00947	0.00607	0.00495	0.00156	0.00514	0.00458	0.00526	0.00842
19	0.00628	0.00463	0.00588	0.00678	0.00737	0.00423	0.00462	0.00732	0.01040	0.01364	0.07396	0.64396	0.16166	0.01525	0.00644	0.00200	0.00288	0.01366	0.00481	0.00423
20	0.85592	0.00992	0.00754	0.00675	0.00992	0.01151	0.00556	0.01508	0.00873	0.02302	0.00714	0.00834	0.00556	0.00476	0.00318	0.00159	0.00397	0.00278	0.00318	0.00556
21	0.01777	0.22851	0.01770	0.01208	0.01517	0.60001	0.00962	0.01918	0.01349	0.01243	0.00773	0.00899	0.00660	0.00506	0.00429	0.00126	0.00829	0.00316	0.00253	0.00611
22	0.00863	0.00464	0.00697	0.00697	0.00713	0.00481	0.00481	0.00713	0.00697	0.00945	0.00978	0.01642	0.00962	0.02155	0.16040	0.69899	0.00613	0.00464	0.00232	0.00265
23	0.85592	0.00992	0.00754	0.00675	0.00992	0.01151	0.00556	0.01508	0.00873	0.02302	0.00714	0.00834	0.00556	0.00476	0.00318	0.00159	0.00397	0.00278	0.00318	0.00556
24	0.01138	0.00965	0.01274	0.01522	0.23336	0.01041	0.00906	0.05287	0.28041	0.01715	0.01559	0.02050	0.01367	0.20277	0.07041	0.00293	0.00567	0.00577	0.00376	0.00669
25	0.32692	0.23430	0.23494	0.01001	0.01472	0.07414	0.01054	0.01590	0.01022	0.01737	0.00778	0.00908	0.00618	0.00473	0.00380	0.00145	0.00580	0.00310	0.00259	0.00643
26	0.01602	0.01247	0.01304	0.01064	0.01402	0.04283	0.00854	0.42282	0.21306	0.04306	0.06700	0.03492	0.04528	0.00706	0.00524	0.00159	0.00492	0.00562	0.00505	0.02682
27	0.04235	0.01220	0.01768	0.02205	0.42659	0.01278	0.03440	0.22867	0.05248	0.02126	0.01158	0.03454	0.00948	0.00704	0.04252	0.00188	0.00615	0.00494	0.00349	0.00790
28	0.30298	0.01100	0.01213	0.01001	0.01323	0.01220	0.06546	0.24676	0.11177	0.02383	0.03344	0.05898	0.01122	0.00838	0.05524	0.00206	0.00538	0.00500	0.00412	0.00680
29	0.01235	0.01386	0.02979	0.02130	0.02646	0.01307	0.74397	0.04133	0.01251	0.01696	0.01044	0.01379	0.00782	0.00439	0.00602	0.00172	0.00855	0.00601	0.00268	0.00698
30	0.01095	0.00992	0.01671	0.05135	0.41111	0.00992	0.08229	0.01343	0.01123	0.04045	0.01696	0.18894	0.06893	0.00787	0.00599	0.00171	0.03489	0.00733	0.00329	0.00673
31	0.00996	0.01077	0.12898	0.03439	0.10388	0.00873	0.05524	0.01465	0.14433	0.04518	0.01999	0.31030	0.02022	0.00997	0.00581	0.00186	0.00484	0.06061	0.00405	0.00625
32	0.01055	0.01075	0.00889	0.00826	0.00994	0.23256	0.00620	0.01254	0.01423	0.01758	0.48556	0.03114	0.11343	0.00926	0.00564	0.00154	0.00440	0.00773	0.00469	0.00511
33	0.02302	0.00873	0.01191	0.00913	0.01310	0.00754	0.00754	0.02501	0.01469	0.79122	0.02024	0.01746	0.01270	0.00635	0.00516	0.00159	0.00437	0.00516	0.00635	0.00873
34	0.03923	0.17531	0.38123	0.01796	0.23939	0.01351	0.01539	0.01609	0.01101	0.03268	0.00911	0.01093	0.00709	0.00472	0.00458	0.00149	0.00656	0.00381	0.00240	0.00751
35	0.01119	0.00963	0.01215	0.01326	0.13904	0.01085	0.00888	0.02019	0.43188	0.01795	0.01700	0.01838	0.01362	0.01561	0.23294	0.00357	0.00717	0.00551	0.00407	0.00711
36	0.00646	0.00455	0.00589	0.00688	0.00713	0.00431	0.00448	0.00720	0.00942	0.01256	0.02620	0.68207	0.03132	0.15390	0.00991	0.00258	0.00332	0.01336	0.00448	0.00399
37	0.01270	0.01219	0.02083	0.03149	0.78767	0.01219	0.01575	0.01575	0.01168	0.01676	0.00965	0.01270	0.00813	0.00457	0.00508	0.00152	0.00610	0.00457	0.00254	0.00813
38	0.01254	0.01444	0.12107	0.02364	0.35314	0.01243	0.25644	0.07922	0.01269	0.01777	0.01074	0.04228	0.00881	0.00509	0.00542	0.00162	0.00695	0.00532	0.00281	0.00758
39	0.01118	0.00697	0.00889	0.00797	0.00976	0.00716	0.00612	0.07497	0.06225	0.14252	0.20202	0.02597	0.04688	0.11687	0.24279	0.00399	0.00677	0.00671	0.00449	0.00570
40	0.01249	0.00649	0.00802	0.00692	0.00934	0.00562	0.00544	0.01430	0.01346	0.29675	0.21660	0.03518	0.32882	0.00999	0.00573	0.00165	0.00320	0.00841	0.00555	0.00605
41	0.01670	0.01113	0.01636	0.04513	0.31020	0.01113	0.03577	0.12948	0.06650	0.26455	0.01509	0.01546	0.02705	0.00572	0.00518	0.00158	0.00538	0.00503	0.00435	0.00820
42	0.01733	0.10350	0.11531	0.01335	0.05928	0.41443	0.01096	0.06746	0.03932	0.09750	0.01012	0.01094	0.00776	0.00533	0.00465	0.00140	0.00756	0.00374	0.00317	0.00689
43	0.01115	0.12530	0.59429	0.01461	0.02141	0.03310	0.09866	0.01627	0.01101	0.01565	0.00904	0.01079	0.00665	0.00476	0.00480	0.00156	0.00748	0.00389	0.00223	0.00734
44	0.01012	0.00970	0.01548	0.58742	0.02928	0.01260	0.01341	0.01290	0.00959	0.01290	0.00846	0.01300	0.00681	0.00620	0.00837	0.00186	0.22941	0.00454	0.00227	0.00568
45	0.00671	0.00518	0.00613	0.00599	0.00735	0.00459	0.00445	0.00858	0.01308	0.01739	0.44075	0.09164	0.34592	0.01185	0.00609	0.00169	0.00253	0.01024	0.00524	0.00459
46	0.01545	0.01236	0.01312	0.01099	0.01437	0.01402	0.00877	0.32349	0.47779	0.02580	0.01747	0.01642	0.01290	0.00664	0.00519	0.00166	0.00469	0.00533	0.00519	0.00836
47	0.00745	0.00502	0.00585	0.00585	0.00593	0.00511	0.00342	0.00762	0.00754	0.01014	0.01594	0.03230	0.01810	0.74555	0.09948	0.00528	0.00581	0.00728	0.00307	0.00325
48	0.00624	0.00493	0.00549	0.00590	0.00701	0.00432	0.00414	0.00730	0.01072	0.01330	0.04101	0.31466	0.46584	0.07567	0.00776	0.00210	0.00291	0.01188	0.00464	0.00418
49	0.00891	0.00571	0.00735	0.00680	0.00832	0.00526	0.00514	0.01145	0.03458	0.09966	0.59380	0.08083	0.09138	0.01045	0.00597	0.00165	0.00271	0.00916	0.00560	0.00526
50	0.01951	0.01437	0.01540	0.01181	0.01591	0.01591	0.00975	0.77056	0.02412	0.03234	0.01232	0.01232	0.00873	0.00616	0.00513	0.00154	0.00565	0.00462	0.00513	0.00873
51	0.01064	0.00912	0.01064	0.00760	0.01216	0.00684	0.00608	0.01292	0.01064	0.01672	0.00912	0.01064	0.00760	0.00380	0.00380	0.00076	0.00380	0.00304	0.00304	0.85104
52	0.85592	0.00992	0.00754	0.00675	0.00992	0.01151	0.00556	0.01508	0.00873	0.02302	0.00714	0.00834	0.00556	0.00476	0.00318	0.00159	0.00397	0.00278	0.00318	0.00556
53	0.01882	0.01384	0.01484	0.01145	0.01532	0.01529	0.00937	0.72695	0.02317	0.03106	0.01254	0.01353	0.00929	0.05265	0.00633	0.00174	0.00561	0.00478	0.00502	0.00841
54	0.01917	0.02445	0.01454	0.01322	0.01586	0.79907	0.00991	0.02049	0.01454	0.01256	0.00793	0.00925	0.00661	0.00529	0.00463	0.00132	0.00925	0.00330	0.00264	0.00595
55	0.00746	0.00497	0.00560	0.00560	0.00560	0.00497	0.00311	0.00746	0.00746	0.00995	0.01617	0.03358	0.01865	0.81967	0.02612	0.00497	0.00497	0.00746	0.00311	0.00311
56	0.01081	0.06467	0.15200	0.01074	0.07178	0.03149	0.00907	0.01338	0.01145	0.08528	0.07739	0.17740	0.07176	0.00812	0.00513	0.00151	0.00463	0.01626	0.00377	0.17336
57	0.17082	0.24626	0.01573	0.00986	0.01259	0.22635	0.00825	0.01535	0.01063	0.01424	0.00851	0.01090	0.00754	0.01119	0.14805	0.00262	0.06917	0.00353	0.00260	0.00579
58	0.85592	0.00992	0.00754	0.00675	0.00992	0.01151	0.00556	0.01508	0.00873	0.02302	0.00714	0.00834	0.00556	0.00476	0.00318	0.00159	0.00397	0.00278	0.00318	0.00556
59	0.00723	0.00524	0.00681	0.00642	0.00765	0.00483	0.00482	0.00962	0.01445	0.02040	0.76529	0.03862	0.06819	0.01056	0.00605	0.00162	0.00243	0.00932	0.00562	0.00483
60	0.01600	0.01354	0.01599	0.02839	0.22585	0.05889	0.01110	0.34729	0.18631	0.02429	0.01318	0.01377	0.00994	0.00584	0.00511	0.00157	0.00564	0.00479	0.00426	0.00823
61	0.72195	0.01064	0.00880	0.00756	0.01088	0.01222	0.00623	0.13609	0.01120	0.02451	0.00797	0.00897	0.00606	0.00499	0.00349	0.00158	0.00424	0.00307	0.00349	0.00606
62	0.01216	0.00680	0.00866	0.00813	0.01010	0.00632	0.00612	0.03480	0.07046	0.23306	0.02457	0.40633	0.04839	0.01145	0.00586	0.00182	0.00363	0.03822	0.00515	0.05797
63	0.01788	0.11704	0.01750	0.01397	0.05947	0.47866	0.06792	0.09040	0.01461	0.06278	0.00929	0.01047	0.00736	0.00521	0.00468	0.00137	0.00794	0.00376	0.00304	0.00665
64	0.01372	0.82276	0.02689	0.00878	0.01317	0.02030	0.00878	0.01536	0.01043	0.01207	0.00713	0.00823	0.00658	0.00439	0.00329	0.00110	0.00549	0.00274	0.00219	0.00658
65	0.01138	0.11422	0.07849	0.00907	0.01302	0.01070	0.00800	0.03649	0.23922	0.01782	0.04419	0.01689	0.07072	0.00591	0.00454	0.00129	0.00432	0.00475	0.00379	0.30520
66	0.01467	0.01100	0.01698	0.05948	0.45018	0.01107	0.01251	0.09340	0.03370	0.16171	0.01358	0.07514	0.01115	0.00603	0.00522	0.00159	0.00547	0.00548	0.00374	0.00788
67	0.00891	0.00446	0.00668	0.00668	0.00668	0.00446	0.00446	0.00668	0.00668	0.00891	0.00891	0.01560	0.00891	0.01783	0.02005	0.85071	0.00446	0.00446	0.00223	0.00223
68	0.01225	0.06994	0.16536	0.02336	0.39430	0.01273	0.15860	0.04416	0.01199	0.01678	0.01101	0.01344	0.03279	0.00490	0.00514	0.00156	0.00669	0.00479	0.00263	0.00759
69	0.01459	0.03400	0.13219	0.04336	0.19262	0.09945	0.03256	0.21147	0.12781	0.02064	0.01217	0.01413	0.00950	0.00573	0.00508	0.00158	0.00629	0.02553	0.00360	0.00772
70	0.01029	0.00969	0.09535	0.01063	0.01289	0.00832	0.09021	0.07389	0.01171	0.07500	0.04833	0.34236	0.02153	0.03415	0.03077	0.00218	0.07188	0.04099	0.00412	0.00571
71	0.00742	0.00516	0.00651	0.00651	0.00683	0.00547	0.00425	0.00805	0.00773	0.01063	0.01533	0.02893	0.01663	0.54890	0.29413	0.00611	0.00801	0.00678	0.00298	0.00362
72	0.01049	0.02513	0.70832	0.01540	0.02272	0.01203	0.10231	0.01627	0.01098	0.01627	0.00934	0.01117	0.00664	0.00481	0.00501	0.00164	0.00770	0.00404	0.00221	0.00751
73	0.01647	0.40248	0.03781	0.01073	0.01473	0.18736	0.00953	0.23139	0.01522	0.01804	0.00883	0.00967	0.00720	0.00510	0.00414	0.00128	0.00639	0.00342	0.00313	0.00708
74	0.00716	0.00524	0.00671	0.00634	0.00760	0.00480	0.00476	0.00948	0.01427	0.01998	0.72020	0.03930	0.11354	0.01071	0.00605	0.00162	0.00244	0.00942	0.00557	0.00480
75	0.00733	0.00550	0.00825	0.00825	0.00916	0.00641	0.00641	0.00916	0.00825	0.01191	0.01374	0.02016	0.01283	0.03848	0.79934	0.00825	0.01374	0.00550	0.00275	0.00458
76	0.04557	0.01510	0.06371	0.05606	0.04479	0.14339	0.01022	0.35506	0.03395	0.13146	0.01229	0.01283	0.00886	0.00704	0.03495	0.00178	0.00649	0.00442	0.00430	0.00773
77	0.01382	0.44285	0.24446	0.01102	0.01628	0.01707	0.01188	0.15722	0.01311	0.01707	0.00870	0.00974	0.00696	0.00486	0.00409	0.00133	0.00612	0.00340	0.00274	0.00727
78	0.01236	0.13830	0.49378	0.01247	0.01867	0.01244	0.01469	0.01771	0.06980	0.09895	0.01097	0.01179	0.00794	0.00506	0.00464	0.00150	0.00645	0.00390	0.00290	0.05568
79	0.01605	0.16622	0.01856	0.01664	0.22527	0.12293	0.01106	0.24919	0.02566	0.04584	0.01058	0.02842	0.00857	0.00558	0.00505	0.00146	0.02753	0.00431	0.00349	0.00759
80	0.76370	0.01006	0.00870	0.00872	0.06943	0.01143	0.00640	0.01547	0.00916	0.04821	0.00777	0.00897	0.00599	0.00480	0.00339	0.00158	0.00414	0.00299	0.00323	0.00586
81	0.01711	0.22353	0.01645	0.00977	0.01350	0.02409	0.00836	0.30464	0.01679	0.18988	0.04318	0.06042	0.03699	0.00667	0.00480	0.00147	0.00500	0.00517	0.00458	0.00759
82	0.00754	0.00538	0.00743	0.00862	0.00948	0.00528	0.00700	0.00937	0.01109	0.01454	0.02757	0.33231	0.03112	0.01486	0.00689	0.00226	0.00409	0.48590	0.00474	0.00452
83	0.01142	0.14551	0.10332	0.05095	0.26136	0.07190	0.01178	0.01410	0.01055	0.01407	0.01021	0.01368	0.00887	0.01438	0.23251	0.00339	0.00863	0.00435	0.00250	0.00653
84	0.00756	0.00556	0.00735	0.00826	0.00943	0.00535	0.00688	0.00954	0.01163	0.01498	0.06039	0.15688	0.16701	0.01408	0.00679	0.00218	0.00402	0.49274	0.00477	0.00458
85	0.01030	0.00876	0.01028	0.00757	0.01180	0.00664	0.00598	0.01248	0.01058	0.01644	0.01058	0.07217	0.00961	0.00474	0.00401	0.00086	0.00374	0.00392	0.00317	0.78636
86	0.00768	0.00523	0.00633	0.00666	0.00698	0.00523	0.00453	0.00833	0.00866	0.01144	0.01919	0.04026	0.02165	0.59816	0.02088	0.00426	0.00491	0.21253	0.00355	0.00355
87	0.00722	0.00487	0.00567	0.00590	0.00596	0.00481	0.00344	0.00740	0.00793	0.01057	0.01856	0.18847	0.02168	0.66065	0.02224	0.00440	0.00458	0.00887	0.00344	0.00332
88	0.01276	0.01102	0.01160	0.01044	0.01334	0.01276	0.00812	0.02727	0.77840	0.02146	0.02088	0.01914	0.01566	0.00696	0.00522	0.00174	0.00406	0.00580	0.00522	0.00812
89	0.00726	0.00524	0.00686	0.00646	0.00767	0.00484	0.00484	0.00968	0.01452	0.02058	0.78496	0.03833	0.04841	0.01049	0.00605	0.00161	0.00242	0.00928	0.00565	0.00484
90	0.00641	0.00458	0.00613	0.00732	0.00769	0.00430	0.00503	0.00741	0.00998	0.01327	0.02820	0.75840	0.03360	0.01593	0.00659	0.00211	0.00311	0.07099	0.00476	0.00421
91	0.85592	0.00992	0.00754	0.00675	0.00992	0.01151	0.00556	0.01508	0.00873	0.02302	0.00714	0.00834	0.00556	0.00476	0.00318	0.00159	0.00397	0.00278	0.00318	0.00556
92	0.04541	0.01045	0.01207	0.00981	0.01324	0.01089	0.00792	0.21188	0.21662	0.29788	0.09257	0.01834	0.01572	0.00681	0.00519	0.00162	0.00441	0.00551	0.00557	0.00809
93	0.30266	0.10989	0.27883	0.16807	0.01951	0.01265	0.01221	0.01512	0.00995	0.01748	0.00824	0.01023	0.00625	0.00483	0.00415	0.00157	0.00594	0.00347	0.00254	0.00639
94	0.01372	0.82276	0.02689	0.00878	0.01317	0.02030	0.00878	0.01536	0.01043	0.01207	0.00713	0.00823	0.00658	0.00439	0.00329	0.00110	0.00549	0.00274	0.00219	0.00658
95	0.00891	0.00446	0.00668	0.00668	0.00668	0.00446	0.00446	0.00668	0.00668	0.00891	0.00891	0.01560	0.00891	0.01783	0.02005	0.85071	0.00446	0.00446	0.00223	0.00223
96	0.01507	0.01097	0.01469	0.01179	0.01509	0.01143	0.12523	0.27137	0.14870	0.12979	0.01775	0.17301	0.01531	0.00800	0.00557	0.00172	0.00513	0.00709	0.00485	0.00744
97	0.78856	0.00985	0.00806	0.04454	0.01123	0.01137	0.00603	0.01532	0.00900	0.04791	0.00767	0.00889	0.00585	0.00483	0.00333	0.00159	0.00412	0.00294	0.00324	0.00567
98	0.01708	0.33148	0.01930	0.01149	0.01483	0.48776	0.00948	0.02968	0.01310	0.01267	0.00769	0.00891	0.00663	0.00496	0.00412	0.00124	0.00775	0.00311	0.00251	0.00623
99	0.00752	0.00537	0.00759	0.00759	0.00839	0.00608	0.00571	0.00912	0.00832	0.01217	0.01433	0.02206	0.01371	0.15148	0.62426	0.00722	0.01158	0.00573	0.06737	0.00438
100	0.01652	0.01891	0.01333	0.01207	0.01482	0.47454	0.00917	0.02329	0.32981	0.01623	0.01328	0.01334	0.01035	0.00598	0.00487	0.00149	0.00711	0.00434	0.00371	0.00685
101	0.02130	0.01149	0.01361	0.01044	0.01447	0.01163	0.00862	0.38905	0.01929	0.42067	0.01637	0.01495	0.01076	0.00626	0.00515	0.00156	0.00499	0.00490	0.00576	0.00873
102	0.01067	0.01627	0.26999	0.01686	0.02198	0.01115	0.37821	0.01506	0.01155	0.01605	0.01338	0.05879	0.01189	0.00654	0.00586	0.00181	0.00745	0.11695	0.00288	0.00667
103	0.01001	0.00651	0.00911	0.14531	0.01347	0.00664	0.00707	0.01201	0.01178	0.14227	0.18867	0.17277	0.13402	0.01289	0.08139	0.00237	0.02525	0.00851	0.00453	0.00543
104	0.01148	0.05623	0.17567	0.01023	0.01306	0.17342	0.00926	0.01366	0.01143	0.07303	0.01827	0.37393	0.01937	0.01010	0.00552	0.00174	0.00550	0.00861	0.00376	0.00574
105	0.01080	0.01044	0.01810	0.49487	0.24962	0.01191	0.07221	0.01409	0.01072	0.01438	0.00928	0.01332	0.00728	0.00505	0.00563	0.00168	0.03709	0.00467	0.00238	0.00649
106	0.25506	0.01176	0.01063	0.00936	0.01233	0.09895	0.00738	0.07149	0.28903	0.02040	0.01334	0.01392	0.01040	0.00884	0.07980	0.00218	0.00562	0.00434	0.00394	0.07123
107	0.01274	0.13722	0.14902	0.01727	0.02216	0.09501	0.41472	0.01643	0.01166	0.01512	0.00925	0.01190	0.00722	0.00479	0.00592	0.00161	0.05388	0.00483	0.00245	0.00680
108	0.25166	0.00867	0.01310	0.01087	0.01335	0.00878	0.21505	0.01209	0.01012	0.01687	0.04165	0.27815	0.01792	0.07079	0.00692	0.00205	0.00496	0.00813	0.00361	0.00526
109	0.01093	0.00799	0.00843	0.01785	0.00993	0.06695	0.00593	0.01422	0.11244	0.12805	0.17858	0.05206	0.21866	0.08737	0.02785	0.00216	0.00417	0.03600	0.00482	0.00561
110	0.07214	0.00582	0.00809	0.00803	0.00909	0.00675	0.00622	0.00955	0.00825	0.01269	0.01333	0.01976	0.01249	0.06539	0.70935	0.00761	0.01267	0.00536	0.00279	0.00460
111	0.17857	0.00845	0.02965	0.00806	0.01036	0.00836	0.00639	0.12448	0.04268	0.09960	0.07987	0.24751	0.08426	0.03170	0.00589	0.00184	0.00388	0.01793	0.00464	0.00588
112	0.01307	0.17600	0.25098	0.01163	0.01620	0.14225	0.03169	0.04508	0.09766	0.03477	0.09326	0.01421	0.01233	0.00571	0.00470	0.00145	0.00626	0.00441	0.00321	0.03511
113	0.24656	0.01298	0.05154	0.01471	0.19706	0.08507	0.00984	0.05780	0.15512	0.04151	0.01127	0.01224	0.00872	0.00523	0.00444	0.00151	0.00525	0.00405	0.00349	0.07161

[dist]
# distance from previous block
# <min> <max>
2	41

[block]
# block no. 1 follows, 48 sequences, length 27
# corresponding to MSA columns:
# 561-587
name=unknown_B
#
# <colnr> <probs for GDERKNQSTAVLIFYWHMCP>
#	G	D	E	R	K	N	Q	S	T	A	V	L	I	F	Y	W	H	M	C	P
0	0.04339	0.21582	0.10729	0.01271	0.09578	0.09298	0.01043	0.10232	0.09281	0.13651	0.03437	0.01298	0.01004	0.00551	0.00456	0.00145	0.00573	0.00420	0.00368	0.00744
1	0.03013	0.12469	0.22878	0.01216	0.04156	0.12230	0.05603	0.01747	0.03401	0.15260	0.05117	0.01654	0.07852	0.00612	0.00489	0.00152	0.00613	0.00490	0.00351	0.00696
2	0.03317	0.22364	0.19965	0.01076	0.03970	0.07900	0.01032	0.03082	0.07016	0.03149	0.11929	0.03557	0.08289	0.00671	0.00475	0.00148	0.00543	0.00528	0.00339	0.00651
3	0.01510	0.01145	0.01487	0.01631	0.23110	0.06069	0.03480	0.11034	0.12998	0.16510	0.07519	0.03735	0.01447	0.00649	0.00526	0.00159	0.00522	0.02659	0.00436	0.03376
4	0.01537	0.01407	0.03796	0.01414	0.11498	0.09426	0.01026	0.25539	0.30904	0.02277	0.01446	0.01457	0.01093	0.00626	0.00562	0.00163	0.04108	0.00490	0.00436	0.00796
5	0.26482	0.05049	0.06291	0.01249	0.09431	0.22636	0.00944	0.01688	0.03420	0.03945	0.00897	0.02312	0.00740	0.00547	0.00525	0.00151	0.07420	0.00368	0.00295	0.05610
6	0.01117	0.00912	0.01041	0.00999	0.03500	0.07550	0.00746	0.15270	0.03113	0.03297	0.01506	0.12398	0.01434	0.04636	0.38084	0.00488	0.02348	0.00637	0.00359	0.00568
7	0.01064	0.00912	0.01064	0.00760	0.01216	0.00684	0.00608	0.01292	0.01064	0.01672	0.00912	0.01064	0.00760	0.00380	0.00380	0.00076	0.00380	0.00304	0.00304	0.85104
8	0.01184	0.01131	0.01927	0.25332	0.57256	0.01197	0.01532	0.01499	0.01128	0.01572	0.00950	0.01298	0.00776	0.00473	0.00509	0.00158	0.00631	0.00457	0.00247	0.00743
9	0.00842	0.00446	0.00655	0.00677	0.00683	0.00440	0.00451	0.00677	0.00727	0.00969	0.01251	0.16412	0.01355	0.01750	0.01755	0.69331	0.00418	0.00634	0.00270	0.00259
10	0.00933	0.00804	0.00832	0.00776	0.01006	0.00844	0.00596	0.01707	0.38572	0.01757	0.03681	0.03463	0.40999	0.01005	0.00565	0.00174	0.00331	0.00838	0.00499	0.00618
11	0.00727	0.00530	0.00705	0.00808	0.00902	0.00509	0.00646	0.00897	0.01109	0.01436	0.03075	0.32596	0.12832	0.01470	0.00676	0.00218	0.00383	0.39557	0.00474	0.00448
12	0.01064	0.00912	0.01064	0.00760	0.01216	0.00684	0.00608	0.01292	0.01064	0.01672	0.00912	0.01064	0.00760	0.00380	0.00380	0.00076	0.00380	0.00304	0.00304	0.85104
13	0.01917	0.02445	0.01454	0.01322	0.01586	0.79907	0.00991	0.02049	0.01454	0.01256	0.00793	0.00925	0.00661	0.00529	0.00463	0.00132	0.00925	0.00330	0.00264	0.00595
14	0.00834	0.00483	0.00725	0.00725	0.00757	0.00516	0.00516	0.00757	0.00725	0.00999	0.01065	0.01724	0.01032	0.02525	0.29996	0.54811	0.00779	0.00483	0.00242	0.00307
15	0.00891	0.00446	0.00668	0.00668	0.00668	0.00446	0.00446	0.00668	0.00668	0.00891	0.00891	0.01560	0.00891	0.01783	0.02005	0.85071	0.00446	0.00446	0.00223	0.00223
16	0.00733	0.00550	0.00825	0.00825	0.00916	0.00641	0.00641	0.00916	0.00825	0.01191	0.01374	0.02016	0.01283	0.03848	0.79934	0.00825	0.01374	0.00550	0.00275	0.00458
17	0.01123	0.01123	0.01572	0.01347	0.01347	0.01572	0.01123	0.01235	0.00786	0.01235	0.00674	0.01123	0.00674	0.00898	0.01684	0.00225	0.81028	0.00449	0.00225	0.00561
18	0.00755	0.00564	0.00805	0.00800	0.00888	0.00647	0.00607	0.00962	0.03643	0.01202	0.01430	0.02175	0.01364	0.13223	0.67624	0.00761	0.01232	0.00575	0.00288	0.00453
19	0.01005	0.00574	0.00715	0.00683	0.00772	0.00562	0.00459	0.01107	0.02818	0.14443	0.01867	0.15384	0.01941	0.45413	0.09656	0.00418	0.00541	0.00797	0.00394	0.00451
20	0.01138	0.00917	0.01028	0.00957	0.01194	0.01019	0.00757	0.02158	0.50687	0.04052	0.15126	0.02852	0.02334	0.00869	0.00566	0.00181	0.00390	0.12545	0.00524	0.00704
21	0.01193	0.01146	0.01551	0.01321	0.01365	0.01560	0.01097	0.07070	0.04410	0.01428	0.00780	0.01167	0.00729	0.00867	0.01542	0.00217	0.71245	0.00456	0.00260	0.00596
22	0.00746	0.00497	0.00560	0.00560	0.00560	0.00497	0.00311	0.00746	0.00746	0.00995	0.01617	0.03358	0.01865	0.81967	0.02612	0.00497	0.00497	0.00746	0.00311	0.00311
23	0.01634	0.01062	0.01272	0.01028	0.01393	0.01088	0.03584	0.11474	0.33823	0.25006	0.01783	0.01658	0.01266	0.00620	0.00505	0.00155	0.00448	0.00514	0.00518	0.11169
24	0.01468	0.00840	0.01023	0.00873	0.01148	0.00843	0.00689	0.02097	0.26863	0.29437	0.25945	0.02454	0.02485	0.00785	0.00546	0.00165	0.00366	0.00666	0.00576	0.00731
25	0.01822	0.01709	0.01446	0.01203	0.01545	0.27172	0.00952	0.39595	0.15198	0.02397	0.01237	0.01250	0.00924	0.00601	0.00498	0.00150	0.00655	0.00439	0.00433	0.00771
26	0.04488	0.01122	0.01256	0.01031	0.01384	0.01206	0.00830	0.22233	0.33602	0.24447	0.01799	0.01651	0.01266	0.00650	0.00511	0.00164	0.00456	0.00521	0.00545	0.00837

[dist]
# distance from previous block
# <min> <max>
0	6

[block]
# block no. 2 follows, 48 sequences, length 118
# corresponding to MSA columns:
# 594-711
name=unknown_C
#
# <colnr> <probs for GDERKNQSTAVLIFYWHMCP>
#	G	D	E	R	K	N	Q	S	T	A	V	L	I	F	Y	W	H	M	C	P
0	0.02052	0.01299	0.01413	0.01097	0.01493	0.05533	0.00900	0.47030	0.03484	0.28113	0.01486	0.01398	0.01005	0.00619	0.00512	0.00155	0.00539	0.00475	0.00540	0.00857
1	0.00696	0.00526	0.00586	0.00607	0.00693	0.00497	0.00405	0.00842	0.05113	0.01273	0.03230	0.22097	0.30160	0.29454	0.01312	0.00294	0.00359	0.01026	0.00421	0.00407
2	0.00656	0.00497	0.00606	0.00631	0.00737	0.00446	0.00453	0.00813	0.01209	0.01605	0.31113	0.30468	0.26274	0.01312	0.00622	0.00181	0.00266	0.01153	0.00509	0.00446
3	0.01468	0.01397	0.01727	0.02186	0.41489	0.13185	0.01248	0.16555	0.07557	0.01937	0.01182	0.05596	0.01001	0.00580	0.00511	0.00154	0.00616	0.00503	0.00340	0.00770
4	0.01705	0.01315	0.01402	0.01131	0.01498	0.01476	0.00916	0.49963	0.29905	0.02837	0.01544	0.01481	0.01125	0.00645	0.00517	0.00161	0.00507	0.00505	0.00517	0.00851
5	0.85592	0.00992	0.00754	0.00675	0.00992	0.01151	0.00556	0.01508	0.00873	0.02302	0.00714	0.00834	0.00556	0.00476	0.00318	0.00159	0.00397	0.00278	0.00318	0.00556
6	0.01126	0.01132	0.01625	0.01377	0.01396	0.01561	0.03927	0.01250	0.00802	0.01250	0.00687	0.01132	0.00677	0.00881	0.01644	0.00223	0.78062	0.00455	0.00226	0.00566
7	0.01253	0.01202	0.02053	0.07415	0.74630	0.01215	0.01566	0.01560	0.01161	0.01656	0.00962	0.01275	0.00806	0.00460	0.00508	0.00153	0.00614	0.00457	0.00253	0.00799
8	0.01359	0.79330	0.05524	0.00900	0.01350	0.01999	0.00916	0.01540	0.01044	0.01223	0.00721	0.00833	0.00658	0.00441	0.00335	0.00112	0.00556	0.00278	0.00219	0.00662
9	0.00786	0.00562	0.00779	0.00888	0.00991	0.00554	0.00747	0.00997	0.01161	0.01524	0.06823	0.18982	0.03132	0.01431	0.00694	0.00227	0.00429	0.58351	0.00478	0.00463
10	0.06584	0.01217	0.01376	0.01060	0.01461	0.01276	0.00876	0.47048	0.02001	0.29580	0.01480	0.01389	0.00994	0.00615	0.00504	0.00156	0.00511	0.00471	0.00545	0.00856
11	0.01294	0.00662	0.00877	0.00748	0.00970	0.00599	0.00587	0.02951	0.01476	0.28698	0.50607	0.03063	0.03532	0.00898	0.00573	0.00160	0.00315	0.00777	0.00588	0.00626
12	0.53099	0.00946	0.00924	0.00768	0.01116	0.00996	0.00633	0.01895	0.01105	0.32271	0.01225	0.01190	0.00834	0.00538	0.00395	0.00159	0.00412	0.00371	0.00441	0.00680
13	0.00743	0.00508	0.00617	0.00658	0.00686	0.00503	0.00436	0.00802	0.00867	0.01148	0.02017	0.15995	0.02313	0.53922	0.01940	0.00402	0.00462	0.15255	0.00368	0.00359
14	0.00641	0.00519	0.00570	0.00563	0.00716	0.00447	0.00420	0.00802	0.01243	0.01575	0.25992	0.07370	0.54868	0.01239	0.00608	0.00171	0.00256	0.01052	0.00502	0.00447
15	0.00746	0.00497	0.00560	0.00560	0.00560	0.00497	0.00311	0.00746	0.00746	0.00995	0.01617	0.03358	0.01865	0.81967	0.02612	0.00497	0.00497	0.00746	0.00311	0.00311
16	0.00626	0.00517	0.00550	0.00549	0.00707	0.00441	0.00409	0.00772	0.01206	0.01490	0.16793	0.08419	0.63199	0.01274	0.00609	0.00173	0.00259	0.01076	0.00491	0.00441
17	0.01372	0.82276	0.02689	0.00878	0.01317	0.02030	0.00878	0.01536	0.01043	0.01207	0.00713	0.00823	0.00658	0.00439	0.00329	0.00110	0.00549	0.00274	0.00219	0.00658
18	0.01276	0.01102	0.01160	0.01044	0.01334	0.01276	0.00812	0.02727	0.77840	0.02146	0.02088	0.01914	0.01566	0.00696	0.00522	0.00174	0.00406	0.00580	0.00522	0.00812
19	0.00891	0.00446	0.00668	0.00668	0.00668	0.00446	0.00446	0.00668	0.00668	0.00891	0.00891	0.01560	0.00891	0.01783	0.02005	0.85071	0.00446	0.00446	0.00223	0.00223
20	0.00671	0.00522	0.00610	0.00588	0.00733	0.00461	0.00441	0.00862	0.01323	0.01749	0.44839	0.04340	0.38691	0.01164	0.00606	0.00167	0.00250	0.00999	0.00524	0.00461
21	0.00625	0.00447	0.00595	0.00714	0.00744	0.00417	0.00476	0.00714	0.00982	0.01310	0.02828	0.81633	0.03394	0.01608	0.00655	0.00208	0.00298	0.01459	0.00476	0.00417
22	0.01951	0.01437	0.01540	0.01181	0.01591	0.01591	0.00975	0.77056	0.02412	0.03234	0.01232	0.01232	0.00873	0.00616	0.00513	0.00154	0.00565	0.00462	0.00513	0.00873
23	0.03486	0.01464	0.01505	0.01181	0.01563	0.12120	0.04162	0.46705	0.03993	0.08816	0.01203	0.01234	0.00871	0.00588	0.00529	0.00149	0.02790	0.00443	0.00452	0.06747
24	0.01985	0.01627	0.01525	0.01232	0.01594	0.29855	0.07254	0.20448	0.01672	0.25761	0.01300	0.01291	0.00910	0.00575	0.00503	0.00149	0.00682	0.00443	0.00439	0.00756
25	0.00746	0.00497	0.00560	0.00560	0.00560	0.00497	0.00311	0.00746	0.00746	0.00995	0.01617	0.03358	0.01865	0.81967	0.02612	0.00497	0.00497	0.00746	0.00311	0.00311
26	0.01064	0.00912	0.01064	0.00760	0.01216	0.00684	0.00608	0.01292	0.01064	0.01672	0.00912	0.01064	0.00760	0.00380	0.00380	0.00076	0.00380	0.00304	0.00304	0.85104
27	0.00739	0.00526	0.00703	0.00703	0.00752	0.00575	0.00490	0.00838	0.00789	0.01101	0.01486	0.02632	0.01550	0.39737	0.44411	0.00674	0.00972	0.00640	0.00291	0.00390
28	0.18006	0.01268	0.01694	0.03792	0.46107	0.05505	0.01249	0.13027	0.01311	0.02006	0.00946	0.01162	0.00760	0.00490	0.00469	0.00153	0.00579	0.00416	0.00306	0.00755
29	0.01510	0.33930	0.04986	0.01591	0.20421	0.22650	0.01122	0.05550	0.01255	0.01454	0.00831	0.00991	0.00708	0.00478	0.00424	0.00130	0.00673	0.00348	0.00255	0.00694
30	0.00666	0.00522	0.00602	0.00582	0.00730	0.00458	0.00437	0.00852	0.01310	0.01720	0.41618	0.04389	0.41930	0.01175	0.00606	0.00167	0.00251	0.01006	0.00520	0.00458
31	0.01302	0.01184	0.01408	0.04997	0.01485	0.03767	0.00997	0.11495	0.30048	0.01837	0.01293	0.01441	0.01035	0.00757	0.01005	0.00191	0.34190	0.00497	0.00375	0.00697
32	0.01425	0.12556	0.40313	0.01321	0.03111	0.15006	0.01418	0.10554	0.01325	0.06928	0.00984	0.01088	0.00724	0.00513	0.00468	0.00149	0.00714	0.00377	0.00289	0.00739
33	0.01327	0.03186	0.03835	0.23983	0.40145	0.01173	0.03867	0.03676	0.01196	0.11073	0.01082	0.01342	0.00826	0.00498	0.00509	0.00158	0.00618	0.00462	0.00299	0.00746
34	0.02302	0.00873	0.01191	0.00913	0.01310	0.00754	0.00754	0.02501	0.01469	0.79122	0.02024	0.01746	0.01270	0.00635	0.00516	0.00159	0.00437	0.00516	0.00635	0.00873
35	0.00891	0.00446	0.00668	0.00668	0.00668	0.00446	0.00446	0.00668	0.00668	0.00891	0.00891	0.01560	0.00891	0.01783	0.02005	0.85071	0.00446	0.00446	0.00223	0.00223
36	0.04743	0.05922	0.16890	0.01355	0.08857	0.20957	0.03191	0.03068	0.02794	0.20930	0.01284	0.05575	0.00993	0.00594	0.00489	0.00153	0.00650	0.00469	0.00366	0.00721
37	0.01292	0.63747	0.20519	0.01014	0.01527	0.01835	0.01115	0.01557	0.01052	0.01304	0.00762	0.00884	0.00656	0.00450	0.00366	0.00122	0.00598	0.00299	0.00219	0.00682
38	0.00705	0.00467	0.00624	0.00724	0.00771	0.00433	0.00490	0.00800	0.01006	0.05021	0.02790	0.77823	0.03292	0.01561	0.00648	0.00206	0.00304	0.01414	0.00484	0.00439
39	0.01173	0.01797	0.33164	0.02470	0.47959	0.01208	0.01704	0.01595	0.01134	0.01656	0.00947	0.01195	0.00747	0.00469	0.00500	0.00156	0.00669	0.00426	0.00239	0.00791
40	0.01356	0.01063	0.01558	0.10127	0.33446	0.01109	0.01160	0.12194	0.08996	0.10111	0.01479	0.12453	0.01287	0.00686	0.00532	0.00165	0.00529	0.00614	0.00386	0.00748
41	0.01202	0.01151	0.01797	0.01415	0.01773	0.01211	0.28517	0.02169	0.42837	0.01955	0.08780	0.01899	0.01582	0.00633	0.00560	0.00172	0.00558	0.00622	0.00430	0.00738
42	0.00625	0.00447	0.00595	0.00714	0.00744	0.00417	0.00476	0.00714	0.00982	0.01310	0.02828	0.81633	0.03394	0.01608	0.00655	0.00208	0.00298	0.01459	0.00476	0.00417
43	0.01459	0.05598	0.33047	0.01475	0.06046	0.23209	0.05261	0.13393	0.02671	0.01765	0.00952	0.01090	0.00718	0.00516	0.00486	0.00151	0.00758	0.00393	0.00285	0.00727
44	0.00656	0.00509	0.00597	0.00601	0.00730	0.00450	0.00441	0.00822	0.01247	0.01632	0.33035	0.17459	0.37471	0.01255	0.00614	0.00175	0.00259	0.01087	0.00510	0.00450
45	0.02289	0.00895	0.01204	0.00923	0.01321	0.00786	0.00763	0.05355	0.01505	0.76216	0.01994	0.01727	0.01255	0.00634	0.00516	0.00159	0.00442	0.00514	0.00630	0.00873
46	0.01187	0.01052	0.01461	0.01654	0.29503	0.00928	0.00980	0.05481	0.01175	0.01758	0.00949	0.01148	0.00785	0.00421	0.00434	0.00108	0.00474	0.00368	0.00297	0.49838
47	0.01263	0.01212	0.02070	0.04959	0.77012	0.01217	0.01571	0.01569	0.01165	0.01668	0.00964	0.01272	0.00810	0.00458	0.00508	0.00153	0.00611	0.00457	0.00253	0.00807
48	0.00657	0.00518	0.00592	0.00581	0.00726	0.00453	0.00433	0.00831	0.01278	0.01661	0.35433	0.08138	0.44452	0.01210	0.00608	0.00170	0.00254	0.01037	0.00513	0.00453
49	0.01195	0.00643	0.00818	0.00755	0.00920	0.00608	0.00551	0.01432	0.07277	0.23599	0.14765	0.24300	0.02581	0.16989	0.00982	0.00241	0.00376	0.00892	0.00507	0.00569
50	0.01353	0.77982	0.06821	0.00909	0.01366	0.01985	0.00933	0.01541	0.01045	0.01230	0.00725	0.00837	0.00658	0.00442	0.00338	0.00113	0.00560	0.00280	0.00219	0.00664
51	0.00738	0.00529	0.00718	0.00718	0.00773	0.00583	0.00508	0.00848	0.00793	0.01112	0.01472	0.02556	0.01518	0.35322	0.48782	0.00693	0.01021	0.00629	0.00289	0.00399
52	0.00611	0.00520	0.00526	0.00525	0.00696	0.00435	0.00393	0.00745	0.01180	0.01412	0.08004	0.04896	0.75736	0.01290	0.00606	0.00173	0.00259	0.01077	0.00480	0.00435
53	0.00627	0.00514	0.00553	0.00557	0.00709	0.00440	0.00412	0.00771	0.01198	0.01486	0.16644	0.11524	0.60210	0.01287	0.00611	0.00174	0.00260	0.01091	0.00491	0.00440
54	0.00719	0.00520	0.00678	0.00647	0.00764	0.00480	0.00482	0.00951	0.01424	0.02008	0.73404	0.07831	0.05995	0.01082	0.00608	0.00164	0.00245	0.00958	0.00559	0.00480
55	0.00719	0.00524	0.00677	0.00638	0.00762	0.00481	0.00479	0.00955	0.01437	0.02020	0.74384	0.03895	0.08977	0.01063	0.00605	0.00162	0.00243	0.00937	0.00560	0.00481
56	0.65463	0.00975	0.00858	0.00738	0.01070	0.01080	0.00606	0.01758	0.04659	0.17151	0.01033	0.01062	0.00742	0.00517	0.00366	0.00159	0.00405	0.00338	0.00389	0.00629
57	0.01479	0.66557	0.02446	0.00965	0.01370	0.17365	0.00900	0.01637	0.01124	0.01217	0.00729	0.00843	0.00659	0.00457	0.00356	0.00114	0.00623	0.00285	0.00228	0.00646
58	0.01151	0.01153	0.02126	0.29947	0.33789	0.01211	0.20092	0.01500	0.01129	0.01541	0.00965	0.01332	0.00759	0.00471	0.00534	0.00164	0.00698	0.00493	0.00246	0.00698
59	0.01115	0.00910	0.01069	0.00766	0.01220	0.00687	0.00614	0.01342	0.01081	0.04845	0.00958	0.01092	0.00781	0.00390	0.00386	0.00079	0.00382	0.00313	0.00318	0.81654
60	0.00646	0.00518	0.00578	0.00571	0.00720	0.00449	0.00425	0.00811	0.01252	0.01600	0.28889	0.08503	0.50765	0.01234	0.00609	0.00171	0.00256	0.01052	0.00505	0.00449
61	0.00779	0.00642	0.01067	0.00971	0.01112	0.00697	0.09944	0.00983	0.00894	0.01262	0.01559	0.08667	0.03505	0.03174	0.61452	0.00676	0.01192	0.00647	0.00295	0.00483
62	0.01951	0.01437	0.01540	0.01181	0.01591	0.01591	0.00975	0.77056	0.02412	0.03234	0.01232	0.01232	0.00873	0.00616	0.00513	0.00154	0.00565	0.00462	0.00513	0.00873
63	0.01951	0.01437	0.01540	0.01181	0.01591	0.01591	0.00975	0.77056	0.02412	0.03234	0.01232	0.01232	0.00873	0.00616	0.00513	0.00154	0.00565	0.00462	0.00513	0.00873
64	0.85592	0.00992	0.00754	0.00675	0.00992	0.01151	0.00556	0.01508	0.00873	0.02302	0.00714	0.00834	0.00556	0.00476	0.00318	0.00159	0.00397	0.00278	0.00318	0.00556
65	0.01588	0.01111	0.01299	0.01113	0.05283	0.01153	0.00849	0.40495	0.01783	0.10811	0.01502	0.09377	0.02480	0.00967	0.07304	0.00208	0.00568	0.00565	0.00463	0.11079
66	0.01951	0.01437	0.01540	0.01181	0.01591	0.01591	0.00975	0.77056	0.02412	0.03234	0.01232	0.01232	0.00873	0.00616	0.00513	0.00154	0.00565	0.00462	0.00513	0.00873
67	0.01165	0.01112	0.01892	0.30307	0.52433	0.01191	0.01522	0.01482	0.01119	0.01548	0.00947	0.01304	0.00768	0.00477	0.00510	0.00159	0.00636	0.00457	0.00245	0.00728
68	0.85592	0.00992	0.00754	0.00675	0.00992	0.01151	0.00556	0.01508	0.00873	0.02302	0.00714	0.00834	0.00556	0.00476	0.00318	0.00159	0.00397	0.00278	0.00318	0.00556
69	0.01574	0.53070	0.02248	0.01025	0.01416	0.21985	0.00918	0.09798	0.01296	0.01438	0.00790	0.00893	0.00682	0.00481	0.00383	0.00120	0.00647	0.00309	0.00263	0.00665
70	0.01904	0.01394	0.01499	0.01162	0.01562	0.01543	0.00956	0.68863	0.08686	0.05164	0.01325	0.01303	0.00941	0.00623	0.00514	0.00156	0.00548	0.00473	0.00517	0.00868
71	0.00958	0.00754	0.01063	0.00987	0.01140	0.02931	0.06184	0.01257	0.07387	0.05350	0.01696	0.05555	0.01625	0.06396	0.36550	0.00497	0.04969	0.13820	0.00354	0.00528
72	0.00625	0.00447	0.00595	0.00714	0.00744	0.00417	0.00476	0.00714	0.00982	0.01310	0.02828	0.81633	0.03394	0.01608	0.00655	0.00208	0.00298	0.01459	0.00476	0.00417
73	0.01781	0.01264	0.06116	0.01433	0.01895	0.01140	0.27402	0.17550	0.01553	0.32268	0.01457	0.01478	0.00983	0.00553	0.00545	0.00163	0.00630	0.00529	0.00456	0.00804
74	0.00774	0.00603	0.00915	0.00966	0.05128	0.00700	0.00706	0.00961	0.00842	0.01219	0.01332	0.01949	0.01239	0.03578	0.73328	0.00771	0.03697	0.00542	0.00272	0.00480
75	0.00818	0.00656	0.01010	0.01151	0.11618	0.00742	0.00773	0.01010	0.00868	0.01253	0.01306	0.01929	0.01219	0.05620	0.64589	0.00706	0.03415	0.00540	0.00272	0.00505
76	0.00639	0.00456	0.00610	0.00725	0.00762	0.00428	0.00495	0.00740	0.01006	0.01342	0.04894	0.75412	0.03410	0.01582	0.00656	0.00209	0.00306	0.05427	0.00479	0.00422
77	0.00824	0.00819	0.04615	0.01237	0.05029	0.00716	0.20358	0.01034	0.01055	0.01427	0.02196	0.53645	0.02478	0.01201	0.00628	0.00195	0.00479	0.01145	0.00399	0.00521
78	0.01064	0.00912	0.01064	0.00760	0.01216	0.00684	0.00608	0.01292	0.01064	0.01672	0.00912	0.01064	0.00760	0.00380	0.00380	0.00076	0.00380	0.00304	0.00304	0.85104
79	0.00625	0.00447	0.00595	0.00714	0.00744	0.00417	0.00476	0.00714	0.00982	0.01310	0.02828	0.81633	0.03394	0.01608	0.00655	0.00208	0.00298	0.01459	0.00476	0.00417
80	0.00625	0.00447	0.00595	0.00714	0.00744	0.00417	0.00476	0.00714	0.00982	0.01310	0.02828	0.81633	0.03394	0.01608	0.00655	0.00208	0.00298	0.01459	0.00476	0.00417
81	0.01228	0.01268	0.05764	0.10202	0.64258	0.01215	0.05430	0.01556	0.01153	0.01638	0.00962	0.01276	0.00791	0.00463	0.00512	0.00156	0.00637	0.00461	0.00250	0.00782
82	0.01232	0.29009	0.15768	0.01855	0.26486	0.01465	0.09707	0.01550	0.01116	0.01497	0.00974	0.01342	0.00844	0.00505	0.00465	0.00146	0.00636	0.04435	0.00248	0.00719
83	0.02302	0.00873	0.01191	0.00913	0.01310	0.00754	0.00754	0.02501	0.01469	0.79122	0.02024	0.01746	0.01270	0.00635	0.00516	0.00159	0.00437	0.00516	0.00635	0.00873
84	0.11230	0.09974	0.05830	0.01635	0.02065	0.16105	0.39543	0.01676	0.01178	0.01586	0.00901	0.01152	0.00708	0.00477	0.00552	0.00159	0.03853	0.00465	0.00260	0.00652
85	0.00721	0.00524	0.00679	0.00640	0.00763	0.00482	0.00480	0.00958	0.01440	0.02029	0.75333	0.03881	0.08023	0.01060	0.00605	0.00162	0.00243	0.00935	0.00561	0.00482
86	0.01372	0.82276	0.02689	0.00878	0.01317	0.02030	0.00878	0.01536	0.01043	0.01207	0.00713	0.00823	0.00658	0.00439	0.00329	0.00110	0.00549	0.00274	0.00219	0.00658
87	0.01531	0.00682	0.00926	0.00833	0.01063	0.00606	0.00644	0.01687	0.01253	0.42864	0.02393	0.34892	0.02236	0.01078	0.00584	0.00183	0.00381	0.04939	0.00561	0.00663
88	0.00728	0.00545	0.00814	0.00819	0.00908	0.00631	0.00634	0.00907	0.00832	0.01197	0.01444	0.05813	0.01383	0.03741	0.76153	0.00795	0.01323	0.00593	0.00284	0.00456
89	0.00620	0.00518	0.00540	0.00539	0.00702	0.00438	0.00402	0.00760	0.01193	0.01454	0.12747	0.07327	0.68434	0.01283	0.00608	0.00173	0.00259	0.01079	0.00486	0.00438
90	0.02051	0.01277	0.01440	0.01104	0.01511	0.01353	0.00912	0.55810	0.02144	0.24859	0.01458	0.01379	0.00986	0.00621	0.00514	0.00155	0.00528	0.00477	0.00548	0.00873
91	0.85592	0.00992	0.00754	0.00675	0.00992	0.01151	0.00556	0.01508	0.00873	0.02302	0.00714	0.00834	0.00556	0.00476	0.00318	0.00159	0.00397	0.00278	0.00318	0.00556
92	0.00918	0.00822	0.01180	0.01073	0.01121	0.01084	0.00870	0.01068	0.00806	0.01212	0.01041	0.01591	0.00993	0.02446	0.42736	0.00539	0.39239	0.00502	0.00251	0.00507
93	0.01372	0.82276	0.02689	0.00878	0.01317	0.02030	0.00878	0.01536	0.01043	0.01207	0.00713	0.00823	0.00658	0.00439	0.00329	0.00110	0.00549	0.00274	0.00219	0.00658
94	0.01295	0.01351	0.01450	0.11669	0.01651	0.21744	0.04854	0.01449	0.01031	0.03782	0.00937	0.01449	0.00866	0.11463	0.02792	0.00237	0.30695	0.00470	0.00263	0.00553
95	0.01653	0.36391	0.01970	0.01094	0.01447	0.34146	0.00926	0.11478	0.01402	0.01514	0.03121	0.01007	0.00811	0.00517	0.00416	0.00126	0.00697	0.00341	0.00286	0.00655
96	0.00817	0.00608	0.00899	0.00971	0.01095	0.00600	0.04406	0.01042	0.01155	0.01509	0.02652	0.16267	0.02911	0.01397	0.00696	0.00229	0.00467	0.61341	0.00463	0.00475
97	0.01029	0.02654	0.79309	0.01462	0.02221	0.01192	0.01896	0.01625	0.01083	0.01625	0.00921	0.01083	0.00650	0.00487	0.00487	0.00162	0.00758	0.00379	0.00217	0.00758
98	0.00695	0.00508	0.00648	0.00645	0.00749	0.00466	0.00469	0.00889	0.01311	0.01813	0.54058	0.19592	0.11615	0.03392	0.00670	0.00181	0.00262	0.01045	0.00532	0.00461
