[name]
unknown

[dist]
# distance from previous block
# <min> <max>
0	306

[block]
# block no. 0 follows, 42 sequences, length 24
# corresponding to MSA columns:
# 327-350
name=unknown_A
#
# <colnr> <probs for GDERKNQSTAVLIFYWHMCP>
#	G	D	E	R	K	N	Q	S	T	A	V	L	I	F	Y	W	H	M	C	P
0	0.04108	0.07364	0.10582	0.06436	0.09172	0.06210	0.04854	0.19063	0.01612	0.08233	0.01471	0.02100	0.01246	0.00730	0.00568	0.00179	0.00659	0.11685	0.00412	0.03317
1	0.04294	0.01197	0.01419	0.03472	0.14072	0.04975	0.00981	0.19139	0.05065	0.07761	0.03719	0.01653	0.02448	0.00686	0.00622	0.02440	0.04148	0.00513	0.12048	0.09348
2	0.06171	0.21457	0.06579	0.01475	0.11658	0.05472	0.06675	0.04948	0.11641	0.05343	0.01415	0.09516	0.01244	0.00683	0.00515	0.00164	0.00602	0.00570	0.00371	0.03500
3	0.21236	0.27683	0.05083	0.04276	0.01596	0.08722	0.02991	0.10564	0.01332	0.01975	0.00911	0.01052	0.00740	0.00522	0.00426	0.00145	0.00609	0.00359	0.00321	0.09455
4	0.05329	0.01408	0.08626	0.01484	0.07786	0.03597	0.11375	0.24118	0.03799	0.06134	0.11420	0.09071	0.01770	0.00778	0.00591	0.00180	0.00607	0.00682	0.00463	0.00782
5	0.03818	0.01150	0.05450	0.01120	0.04794	0.04246	0.00888	0.12353	0.11399	0.04058	0.14937	0.04955	0.05211	0.01027	0.04417	0.00208	0.00541	0.06848	0.00477	0.12102
6	0.03816	0.01616	0.20486	0.05178	0.06644	0.03313	0.01224	0.13847	0.08379	0.08198	0.01674	0.04371	0.06331	0.00681	0.00542	0.00166	0.00600	0.00552	0.00410	0.11973
7	0.01480	0.04659	0.01642	0.01429	0.10871	0.10488	0.06472	0.14996	0.04950	0.02065	0.01515	0.01628	0.07301	0.00603	0.00516	0.00140	0.00595	0.00499	0.00383	0.27768
8	0.05234	0.01260	0.01756	0.09964	0.27415	0.01344	0.01276	0.17338	0.07602	0.15434	0.01392	0.01516	0.01027	0.00623	0.00612	0.00177	0.04216	0.00516	0.00434	0.00865
9	0.11774	0.01618	0.01539	0.05455	0.15770	0.22074	0.01100	0.13083	0.12472	0.02128	0.05097	0.01557	0.02662	0.00644	0.00529	0.00168	0.00670	0.00500	0.00397	0.00762
10	0.09119	0.01070	0.08868	0.00910	0.01197	0.00928	0.00782	0.15752	0.04588	0.02068	0.02913	0.20273	0.22258	0.03383	0.00664	0.00200	0.00446	0.00926	0.03024	0.00632
11	0.01849	0.01428	0.01571	0.01307	0.04835	0.01551	0.01018	0.48807	0.17946	0.03042	0.01502	0.01493	0.01103	0.00660	0.00550	0.00165	0.00563	0.00516	0.00529	0.09567
12	0.01175	0.05720	0.15332	0.01525	0.01928	0.01284	0.22698	0.01683	0.09043	0.01869	0.18263	0.02056	0.01908	0.00743	0.00787	0.00189	0.12057	0.00653	0.00375	0.00711
13	0.01151	0.01090	0.01847	0.58716	0.23341	0.01274	0.01607	0.01515	0.01167	0.01545	0.01016	0.01472	0.00788	0.00546	0.00561	0.00182	0.00728	0.00500	0.00258	0.00696
14	0.01118	0.00881	0.08827	0.00954	0.01189	0.00669	0.00838	0.01348	0.01273	0.14924	0.03022	0.27075	0.12093	0.01343	0.00683	0.00218	0.00457	0.21961	0.00522	0.00605
15	0.09982	0.01713	0.19091	0.02458	0.40842	0.04538	0.01611	0.01714	0.01195	0.01827	0.00977	0.01264	0.00798	0.00566	0.00665	0.00178	0.09044	0.00455	0.00274	0.00809
16	0.01159	0.01098	0.01861	0.56961	0.25035	0.01276	0.01611	0.01522	0.01171	0.01554	0.01017	0.01469	0.00791	0.00545	0.00561	0.00182	0.00726	0.00501	0.00258	0.00703
17	0.00735	0.00521	0.00647	0.00727	0.00768	0.00495	0.00479	0.00815	0.01026	0.01351	0.02904	0.47116	0.09082	0.25485	0.01367	0.00323	0.00399	0.04866	0.00467	0.00426
18	0.20350	0.00972	0.01104	0.03161	0.01258	0.01099	0.03844	0.12295	0.05067	0.02214	0.01567	0.09754	0.02588	0.00885	0.02777	0.00198	0.08615	0.00604	0.21007	0.00640
19	0.01722	0.01366	0.01548	0.07777	0.01780	0.07589	0.04119	0.31460	0.09656	0.08753	0.01589	0.09615	0.01324	0.02377	0.00722	0.00192	0.06489	0.00638	0.00483	0.00800
20	0.01204	0.00661	0.00822	0.00757	0.00972	0.00578	0.00575	0.01381	0.01388	0.22400	0.17199	0.19245	0.28119	0.01243	0.00648	0.00191	0.00343	0.01069	0.00588	0.00614
21	0.00684	0.00496	0.00646	0.00766	0.00812	0.00459	0.00515	0.00786	0.01094	0.01443	0.03312	0.73828	0.09613	0.01736	0.00714	0.00225	0.00323	0.01566	0.00522	0.00459
22	0.08424	0.04732	0.03777	0.01209	0.01558	0.28690	0.00974	0.19221	0.04159	0.11381	0.01422	0.09376	0.01195	0.00736	0.00534	0.00167	0.00699	0.00553	0.00439	0.00754
23	0.08532	0.04928	0.01830	0.15043	0.02163	0.05103	0.12452	0.19900	0.01660	0.20813	0.01376	0.01471	0.00962	0.00604	0.00550	0.00174	0.00662	0.00512	0.00452	0.00814

[dist]
# distance from previous block
# <min> <max>
5	26

[block]
# block no. 1 follows, 42 sequences, length 28
# corresponding to MSA columns:
# 377-388,398-413
name=unknown_B
#
# <colnr> <probs for GDERKNQSTAVLIFYWHMCP>
#	G	D	E	R	K	N	Q	S	T	A	V	L	I	F	Y	W	H	M	C	P
0	0.04617	0.13200	0.11783	0.01583	0.10955	0.38136	0.01239	0.02070	0.01420	0.08546	0.01022	0.01149	0.00802	0.00559	0.00497	0.00152	0.00821	0.00395	0.00315	0.00742
1	0.04016	0.02206	0.52214	0.01443	0.02060	0.01123	0.06762	0.01555	0.01165	0.01733	0.01479	0.18826	0.01393	0.00805	0.00578	0.00190	0.00713	0.00695	0.00309	0.00735
2	0.00696	0.00501	0.00660	0.00769	0.00817	0.00465	0.00520	0.00811	0.01134	0.01518	0.10235	0.69968	0.06437	0.01692	0.00711	0.00222	0.00319	0.01529	0.00532	0.00465
3	0.01401	0.01346	0.02321	0.10259	0.50154	0.01372	0.13515	0.06617	0.03939	0.01926	0.01128	0.01445	0.00905	0.00524	0.00576	0.00174	0.00711	0.00533	0.00306	0.00849
4	0.04724	0.11883	0.04429	0.04274	0.02055	0.35994	0.18221	0.08685	0.01522	0.01725	0.00971	0.01168	0.00772	0.00548	0.00528	0.00158	0.00876	0.00443	0.00307	0.00717
5	0.00689	0.00535	0.00615	0.00669	0.00777	0.00474	0.00466	0.00808	0.01177	0.01485	0.07056	0.36843	0.37919	0.06797	0.00834	0.00230	0.00319	0.01332	0.00514	0.00461
6	0.00686	0.00490	0.00653	0.00784	0.00816	0.00457	0.00522	0.00784	0.01077	0.01437	0.03102	0.79855	0.03722	0.01763	0.00718	0.00229	0.00326	0.01600	0.00522	0.00457
7	0.00978	0.00489	0.00733	0.00733	0.00733	0.00489	0.00489	0.00733	0.00733	0.00978	0.00978	0.01711	0.00978	0.01955	0.02199	0.83627	0.00489	0.00489	0.00244	0.00244
8	0.36710	0.01049	0.01017	0.00908	0.01192	0.01161	0.00713	0.21856	0.01465	0.02491	0.01624	0.24240	0.01622	0.00930	0.00517	0.00189	0.00455	0.00742	0.00459	0.00662
9	0.84197	0.01088	0.00827	0.00740	0.01088	0.01262	0.00609	0.01654	0.00958	0.02525	0.00784	0.00914	0.00609	0.00522	0.00348	0.00174	0.00435	0.00305	0.00348	0.00609
10	0.00724	0.00572	0.00652	0.00632	0.00796	0.00500	0.00474	0.00922	0.01422	0.01852	0.37524	0.04870	0.44453	0.01302	0.00664	0.00184	0.00276	0.01111	0.00566	0.00500
11	0.01482	0.01189	0.01336	0.00989	0.01468	0.01084	0.00801	0.24785	0.03646	0.02392	0.01147	0.01251	0.00897	0.00508	0.00467	0.00113	0.00482	0.00397	0.00413	0.55154
12	0.01412	0.32523	0.08564	0.03782	0.08965	0.04192	0.01055	0.06986	0.05965	0.03990	0.01604	0.01695	0.08499	0.00642	0.00474	0.00151	0.00574	0.00492	0.07701	0.00735
13	0.08977	0.17060	0.30238	0.01187	0.01680	0.01424	0.01292	0.06747	0.01226	0.01895	0.01078	0.01274	0.00845	0.00599	0.00595	0.00165	0.08562	0.00415	0.14014	0.00726
14	0.01467	0.00862	0.01030	0.00908	0.01162	0.00869	0.00741	0.17567	0.01672	0.15227	0.15606	0.03119	0.02384	0.00933	0.00584	0.00180	0.00428	0.14787	0.19780	0.00693
15	0.03182	0.01043	0.01211	0.00895	0.01371	0.00865	0.00720	0.05850	0.05757	0.10227	0.01227	0.01310	0.00950	0.00485	0.00449	0.00107	0.00437	0.00386	0.00401	0.63127
16	0.00997	0.00690	0.00823	0.00768	0.00925	0.00637	0.00527	0.01198	0.06194	0.06283	0.02077	0.25360	0.02238	0.31012	0.01451	0.00314	0.00445	0.00925	0.00432	0.16706
17	0.04489	0.16030	0.16384	0.01070	0.01461	0.06524	0.01024	0.09300	0.08241	0.01805	0.01736	0.02068	0.08831	0.08908	0.03576	0.02921	0.00636	0.01813	0.02504	0.00679
18	0.00834	0.00662	0.00881	0.00852	0.00961	0.00709	0.00662	0.01038	0.01274	0.01767	0.32728	0.10824	0.13467	0.01751	0.13412	0.00317	0.10853	0.05994	0.00489	0.00522
19	0.01063	0.01000	0.01688	0.78870	0.03876	0.01250	0.01563	0.01438	0.01125	0.01438	0.01000	0.01500	0.00750	0.00563	0.00563	0.00188	0.00750	0.00500	0.00250	0.00625
20	0.01734	0.01756	0.26671	0.13948	0.02237	0.01268	0.01419	0.18925	0.01631	0.22741	0.01419	0.01476	0.00962	0.00616	0.00554	0.00176	0.00673	0.00492	0.00441	0.00862
21	0.01479	0.50745	0.04436	0.06404	0.12776	0.07155	0.06776	0.01725	0.01209	0.01457	0.00875	0.01074	0.00759	0.00497	0.00440	0.00140	0.00681	0.00377	0.00254	0.00741
22	0.01889	0.00919	0.01088	0.00881	0.01204	0.00899	0.00712	0.16801	0.01658	0.33863	0.01899	0.01870	0.01323	0.00677	0.00500	0.00157	0.00425	0.00538	0.31902	0.00794
23	0.00978	0.00489	0.00733	0.00733	0.00733	0.00489	0.00489	0.00733	0.00733	0.00978	0.00978	0.01711	0.00978	0.01955	0.02199	0.83627	0.00489	0.00489	0.00244	0.00244
24	0.01231	0.01212	0.02179	0.37915	0.31248	0.01311	0.13528	0.01607	0.01217	0.01649	0.01045	0.01463	0.00820	0.00525	0.00577	0.00180	0.00752	0.00527	0.00266	0.00748
25	0.00677	0.00522	0.00620	0.00699	0.00794	0.00464	0.00485	0.00793	0.01159	0.01470	0.04134	0.50302	0.32609	0.01629	0.00697	0.00213	0.00310	0.01436	0.00522	0.00464
26	0.03424	0.00734	0.00977	0.00880	0.01121	0.00674	0.00711	0.01682	0.01509	0.28615	0.31540	0.06176	0.03353	0.01074	0.00646	0.00194	0.00397	0.14998	0.00617	0.00679
27	0.00686	0.00490	0.00653	0.00784	0.00816	0.00457	0.00522	0.00784	0.01077	0.01437	0.03102	0.79855	0.03722	0.01763	0.00718	0.00229	0.00326	0.01600	0.00522	0.00457

[dist]
# distance from previous block
# <min> <max>
0	10

[block]
# block no. 2 follows, 42 sequences, length 25
# corresponding to MSA columns:
# 424-448
name=unknown_C
#
# <colnr> <probs for GDERKNQSTAVLIFYWHMCP>
#	G	D	E	R	K	N	Q	S	T	A	V	L	I	F	Y	W	H	M	C	P
0	0.84197	0.01088	0.00827	0.00740	0.01088	0.01262	0.00609	0.01654	0.00958	0.02525	0.00784	0.00914	0.00609	0.00522	0.00348	0.00174	0.00435	0.00305	0.00348	0.00609
1	0.00804	0.00603	0.00904	0.00904	0.01005	0.00703	0.00703	0.01005	0.00904	0.01306	0.01507	0.02211	0.01407	0.04221	0.77992	0.00904	0.01507	0.00603	0.00301	0.00502
2	0.00686	0.00490	0.00653	0.00784	0.00816	0.00457	0.00522	0.00784	0.01077	0.01437	0.03102	0.79855	0.03722	0.01763	0.00718	0.00229	0.00326	0.01600	0.00522	0.00457
3	0.01268	0.01070	0.01248	0.00913	0.01382	0.00900	0.00736	0.08797	0.01300	0.01982	0.01022	0.01189	0.00841	0.00472	0.00504	0.00100	0.04429	0.00359	0.00352	0.71137
4	0.00922	0.00647	0.00805	0.00754	0.00943	0.00563	0.00554	0.01123	0.01274	0.04313	0.23621	0.30092	0.03230	0.01139	0.00598	0.00170	0.00328	0.01007	0.08843	0.19076
5	0.01508	0.01640	0.01353	0.14567	0.01830	0.34048	0.00995	0.06076	0.04626	0.01818	0.23439	0.02111	0.02147	0.00760	0.00569	0.00165	0.00700	0.00601	0.00409	0.00639
6	0.01303	0.01185	0.01757	0.32348	0.21801	0.01344	0.02762	0.05845	0.21958	0.01914	0.01395	0.01632	0.01068	0.00607	0.00566	0.00182	0.00641	0.00542	0.00364	0.00787
7	0.01679	0.26192	0.24294	0.01259	0.01830	0.01687	0.01314	0.24819	0.01669	0.08506	0.01149	0.01213	0.00850	0.00576	0.00493	0.00157	0.00665	0.00422	0.00379	0.00848
8	0.01325	0.20473	0.11365	0.27262	0.02390	0.01528	0.01284	0.10002	0.11320	0.01815	0.01268	0.05351	0.01043	0.00640	0.00520	0.00171	0.00647	0.00516	0.00339	0.00739
9	0.01304	0.01095	0.01587	0.32416	0.12496	0.01273	0.01276	0.01960	0.20999	0.07313	0.05103	0.01786	0.01295	0.00680	0.00672	0.00189	0.06849	0.00566	0.00390	0.00750
10	0.01590	0.13665	0.19145	0.01440	0.05794	0.12311	0.05719	0.13827	0.03196	0.07481	0.01306	0.07504	0.01089	0.00662	0.00533	0.00165	0.00701	0.00534	0.00370	0.02966
11	0.01514	0.09380	0.06144	0.04555	0.21813	0.01500	0.11182	0.16422	0.01491	0.05130	0.01203	0.05117	0.01006	0.00662	0.00718	0.00180	0.10267	0.00554	0.00355	0.00806
12	0.00945	0.00687	0.00996	0.00898	0.01069	0.00665	0.06776	0.01260	0.05145	0.05070	0.38459	0.15745	0.03664	0.01402	0.07841	0.00251	0.00466	0.00967	0.07122	0.00571
13	0.00802	0.00654	0.01013	0.01148	0.08047	0.00617	0.06523	0.00954	0.01126	0.01507	0.02880	0.62748	0.06728	0.01527	0.00696	0.00218	0.00406	0.01403	0.00481	0.00522
14	0.01572	0.05368	0.16936	0.01904	0.21747	0.01277	0.07199	0.12876	0.01501	0.14311	0.01466	0.08721	0.01200	0.00681	0.00569	0.00176	0.00650	0.00601	0.00403	0.00841
15	0.01265	0.01204	0.02073	0.17979	0.50856	0.01247	0.05497	0.01600	0.01244	0.01731	0.01249	0.05377	0.01119	0.00627	0.00583	0.00180	0.00676	0.04404	0.00297	0.00792
16	0.01393	0.01337	0.02284	0.03454	0.76712	0.01337	0.01727	0.01727	0.01281	0.01839	0.01059	0.01393	0.00891	0.00501	0.00557	0.00167	0.00669	0.00501	0.00279	0.00891
17	0.00994	0.00926	0.01495	0.65358	0.03338	0.01117	0.01367	0.01329	0.01152	0.01452	0.01811	0.02176	0.13819	0.00711	0.00580	0.00188	0.00670	0.00619	0.00297	0.00599
18	0.04346	0.22466	0.02024	0.08099	0.16866	0.10222	0.01162	0.10609	0.04459	0.07851	0.01186	0.03876	0.00978	0.00614	0.00538	0.00160	0.02935	0.00473	0.00356	0.00779
19	0.05631	0.09250	0.47971	0.01470	0.02039	0.01489	0.01693	0.01661	0.01091	0.01676	0.00911	0.01159	0.00715	0.00641	0.00834	0.00190	0.20160	0.00419	0.00246	0.00757
20	0.00804	0.00603	0.00904	0.00904	0.01005	0.00703	0.00703	0.01005	0.00904	0.01306	0.01507	0.02211	0.01407	0.04221	0.77992	0.00904	0.01507	0.00603	0.00301	0.00502
21	0.01113	0.01561	0.21813	0.11148	0.11712	0.04190	0.12945	0.01474	0.01172	0.01600	0.01488	0.15798	0.01447	0.09049	0.00836	0.00226	0.00705	0.00730	0.00316	0.00676
22	0.04904	0.05585	0.30029	0.01343	0.01803	0.29275	0.01339	0.01771	0.01306	0.01586	0.01301	0.14676	0.01233	0.00760	0.00541	0.00172	0.00785	0.00591	0.00311	0.00687
23	0.00785	0.00576	0.00754	0.00865	0.00948	0.00560	0.00649	0.01005	0.04739	0.01559	0.03164	0.50315	0.07343	0.01635	0.00726	0.00234	0.00387	0.22736	0.00524	0.00497
24	0.00995	0.00841	0.05644	0.01300	0.16432	0.00740	0.00840	0.01256	0.01206	0.01836	0.10869	0.18896	0.02239	0.01213	0.07039	0.00233	0.00499	0.00811	0.26509	0.00603

[dist]
# distance from previous block
# <min> <max>
3	4

[block]
# block no. 3 follows, 42 sequences, length 37
# corresponding to MSA columns:
# 453-461,497-515,518-526
name=unknown_D
#
# <colnr> <probs for GDERKNQSTAVLIFYWHMCP>
#	G	D	E	R	K	N	Q	S	T	A	V	L	I	F	Y	W	H	M	C	P
0	0.00836	0.00605	0.00812	0.00804	0.00921	0.00669	0.00623	0.01034	0.01012	0.01476	0.02237	0.02695	0.13915	0.03055	0.49686	0.00635	0.03618	0.00684	0.14180	0.00505
1	0.04164	0.14355	0.18659	0.01477	0.04260	0.19792	0.09273	0.05305	0.01349	0.01684	0.01205	0.01645	0.02295	0.00768	0.03175	0.00194	0.03443	0.05933	0.00305	0.00716
2	0.01473	0.01238	0.01995	0.11190	0.48240	0.01311	0.01510	0.01838	0.04916	0.10616	0.01216	0.01484	0.00959	0.00595	0.00694	0.00180	0.08855	0.00515	0.00336	0.00841
3	0.08420	0.35958	0.10178	0.01227	0.05078	0.13085	0.01099	0.07380	0.01333	0.01720	0.01025	0.01364	0.00902	0.00586	0.00454	0.00148	0.00666	0.04944	0.00305	0.04130
4	0.01682	0.01617	0.05304	0.03194	0.22034	0.19180	0.01212	0.07492	0.13625	0.10682	0.07110	0.01683	0.01376	0.00650	0.00557	0.00168	0.00666	0.00534	0.00422	0.00813
5	0.00886	0.00615	0.00839	0.00927	0.03963	0.00593	0.00641	0.01036	0.01108	0.05139	0.05520	0.39096	0.02855	0.09896	0.12162	0.00348	0.00564	0.08557	0.00464	0.04791
6	0.01927	0.01386	0.01478	0.01160	0.01552	0.01528	0.00950	0.59631	0.05399	0.03256	0.01470	0.01506	0.01069	0.00676	0.00535	0.00163	0.00553	0.00515	0.14363	0.00882
7	0.01267	0.14744	0.50208	0.01364	0.02029	0.01366	0.01630	0.05146	0.01313	0.05487	0.09098	0.01508	0.01249	0.00606	0.00524	0.00168	0.00708	0.00473	0.00316	0.00794
8	0.01505	0.25711	0.16527	0.01433	0.01944	0.01727	0.13502	0.16368	0.07113	0.02013	0.01109	0.01261	0.00866	0.00584	0.00600	0.00166	0.05970	0.00462	0.00337	0.00801
9	0.01191	0.15855	0.64911	0.01497	0.02270	0.01460	0.01893	0.01766	0.01181	0.01706	0.00972	0.01141	0.00714	0.00526	0.00506	0.00169	0.00793	0.00397	0.00238	0.00813
10	0.07100	0.00913	0.01510	0.06272	0.09465	0.00898	0.15543	0.01392	0.01229	0.07848	0.05665	0.29533	0.02294	0.01077	0.00644	0.00203	0.00545	0.06797	0.00439	0.00633
11	0.01496	0.01491	0.02189	0.03162	0.65998	0.09639	0.01635	0.04324	0.01363	0.01848	0.01048	0.01351	0.00876	0.00516	0.00552	0.00165	0.00704	0.00487	0.00290	0.00868
12	0.00795	0.00647	0.00718	0.00745	0.00898	0.00623	0.00540	0.01163	0.13611	0.01628	0.04165	0.32577	0.36931	0.01441	0.00669	0.00205	0.00327	0.01249	0.00531	0.00538
13	0.00685	0.00493	0.00649	0.00774	0.00814	0.00458	0.00518	0.00785	0.01087	0.01440	0.03223	0.76381	0.07118	0.01747	0.00716	0.00227	0.00325	0.01581	0.00522	0.00458
14	0.01192	0.01132	0.01921	0.49423	0.32315	0.01284	0.01627	0.01551	0.01186	0.01594	0.01023	0.01458	0.00805	0.00539	0.00560	0.00180	0.00718	0.00501	0.00261	0.00729
15	0.01328	0.01518	0.03321	0.02372	0.02941	0.01423	0.74668	0.01803	0.01328	0.01803	0.01139	0.01518	0.00854	0.00474	0.00664	0.00190	0.00949	0.00664	0.00285	0.00759
16	0.00669	0.00554	0.00587	0.00613	0.00771	0.00471	0.00447	0.00803	0.01241	0.01503	0.05176	0.20438	0.61800	0.01493	0.00676	0.00198	0.00293	0.01271	0.00523	0.00471
17	0.01213	0.01186	0.02111	0.42364	0.29360	0.01303	0.11170	0.01587	0.01207	0.01626	0.01039	0.01465	0.00813	0.00530	0.00574	0.00181	0.00747	0.00522	0.00265	0.00736
18	0.00796	0.00575	0.00752	0.00708	0.00841	0.00531	0.00531	0.01062	0.01593	0.02257	0.76415	0.04204	0.05310	0.01150	0.00664	0.00177	0.00265	0.01018	0.00619	0.00531
19	0.01505	0.80561	0.02949	0.00963	0.01444	0.02227	0.00963	0.01685	0.01143	0.01324	0.00782	0.00903	0.00722	0.00481	0.00361	0.00120	0.00602	0.00301	0.00241	0.00722
20	0.00677	0.00522	0.00620	0.00698	0.00794	0.00464	0.00484	0.00793	0.01160	0.01470	0.04144	0.50007	0.32897	0.01628	0.00697	0.00213	0.00310	0.01435	0.00522	0.00464
21	0.01167	0.01000	0.01167	0.00834	0.01334	0.00750	0.00667	0.01417	0.01167	0.01834	0.01000	0.01167	0.00834	0.00417	0.00417	0.00083	0.00417	0.00333	0.00333	0.83663
22	0.01063	0.01000	0.01688	0.78870	0.03876	0.01250	0.01563	0.01438	0.01125	0.01438	0.01000	0.01500	0.00750	0.00563	0.00563	0.00188	0.00750	0.00500	0.00250	0.00625
23	0.01400	0.01209	0.01273	0.01145	0.01463	0.01400	0.00891	0.02990	0.75695	0.02354	0.02291	0.02100	0.01718	0.00764	0.00573	0.00191	0.00445	0.00636	0.00573	0.00891
24	0.01730	0.01741	0.01842	0.01999	0.23378	0.22572	0.01297	0.18905	0.01602	0.02014	0.01011	0.01247	0.00830	0.00661	0.00805	0.00177	0.16598	0.00463	0.00342	0.00785
25	0.01608	0.01263	0.01669	0.01272	0.01697	0.01260	0.13155	0.33947	0.01877	0.06171	0.01860	0.06686	0.09008	0.00744	0.00575	0.00164	0.00579	0.00645	0.00476	0.15347
26	0.18178	0.01378	0.13772	0.01004	0.01399	0.01205	0.00941	0.23079	0.05228	0.02568	0.01366	0.01489	0.01024	0.00620	0.00466	0.00162	0.00506	0.00462	0.24416	0.00738
27	0.00844	0.00692	0.00908	0.10599	0.01283	0.03355	0.00719	0.01016	0.01023	0.01352	0.02231	0.18162	0.10085	0.11056	0.33489	0.00535	0.00920	0.00869	0.00368	0.00493
28	0.01441	0.01751	0.09660	0.18508	0.23633	0.23428	0.01436	0.01738	0.01301	0.01568	0.01134	0.07314	0.01008	0.00652	0.00592	0.00173	0.03120	0.00536	0.00289	0.00718
29	0.00945	0.00720	0.00779	0.00735	0.00904	0.00698	0.00533	0.13155	0.01382	0.01758	0.03749	0.16797	0.36734	0.17258	0.01101	0.00265	0.00400	0.01068	0.00493	0.00525
30	0.00796	0.00536	0.00620	0.00642	0.00648	0.00531	0.00371	0.00813	0.00862	0.01149	0.01995	0.16389	0.02326	0.67134	0.02506	0.00493	0.00509	0.00949	0.00371	0.00360
31	0.01587	0.01495	0.01801	0.05281	0.36909	0.15304	0.01315	0.10844	0.03736	0.05583	0.01574	0.01736	0.07584	0.00641	0.00556	0.00167	0.00672	0.00545	0.01865	0.00805
32	0.01629	0.23586	0.01954	0.01286	0.01543	0.32582	0.01064	0.01782	0.01238	0.01352	0.00855	0.01119	0.00773	0.00900	0.06009	0.00215	0.20798	0.00395	0.00266	0.00652
33	0.01434	0.06252	0.01999	0.07338	0.33375	0.06057	0.06437	0.04243	0.01320	0.05310	0.03517	0.01426	0.01011	0.00554	0.00595	0.00157	0.04507	0.00485	0.00323	0.13660
34	0.01097	0.01026	0.01681	0.43995	0.24432	0.01148	0.01425	0.01426	0.01209	0.01596	0.04573	0.02075	0.10635	0.00678	0.00578	0.00182	0.00648	0.00609	0.00308	0.00679
35	0.00689	0.00562	0.00609	0.00616	0.00780	0.00482	0.00455	0.00847	0.01312	0.01634	0.17208	0.13265	0.56749	0.01416	0.00671	0.00192	0.00286	0.01204	0.00539	0.00482
36	0.01221	0.01346	0.02876	0.02107	0.02587	0.01262	0.62299	0.01633	0.01286	0.01742	0.01466	0.14586	0.01332	0.00689	0.00673	0.00196	0.00845	0.00820	0.00324	0.00709

[dist]
# distance from previous block
# <min> <max>
0	64

[block]
# block no. 4 follows, 42 sequences, length 47
# corresponding to MSA columns:
# 591-610,614-640
name=unknown_E
#
# <colnr> <probs for GDERKNQSTAVLIFYWHMCP>
#	G	D	E	R	K	N	Q	S	T	A	V	L	I	F	Y	W	H	M	C	P
0	0.08495	0.15815	0.05166	0.04985	0.11070	0.07385	0.22715	0.03773	0.01317	0.08986	0.01192	0.04507	0.00965	0.00576	0.00539	0.00169	0.00722	0.00533	0.00335	0.00757
1	0.04221	0.00572	0.00676	0.00738	0.00831	0.00561	0.00518	0.04037	0.01183	0.01736	0.04979	0.51935	0.05777	0.01403	0.00625	0.00200	0.00326	0.01242	0.17936	0.00501
2	0.01336	0.00971	0.01179	0.01126	0.01367	0.01030	0.00963	0.26797	0.01765	0.02332	0.02413	0.04609	0.02445	0.01249	0.00703	0.00228	0.00553	0.47729	0.00534	0.00671
3	0.01129	0.02911	0.77306	0.01604	0.02436	0.01307	0.02079	0.01782	0.01188	0.01782	0.01010	0.01188	0.00713	0.00535	0.00535	0.00178	0.00832	0.00416	0.00238	0.00832
4	0.01116	0.01083	0.01801	0.57398	0.03303	0.01363	0.06203	0.01444	0.01082	0.01444	0.00953	0.01444	0.00754	0.00647	0.00844	0.00200	0.17529	0.00509	0.00251	0.00632
5	0.01120	0.00649	0.00842	0.00751	0.00949	0.00583	0.00578	0.01363	0.01565	0.16761	0.54777	0.03881	0.11780	0.01090	0.00645	0.00178	0.00309	0.00947	0.00625	0.00608
6	0.00686	0.00490	0.00653	0.00784	0.00816	0.00457	0.00522	0.00784	0.01077	0.01437	0.03102	0.79855	0.03722	0.01763	0.00718	0.00229	0.00326	0.01600	0.00522	0.00457
7	0.00816	0.00554	0.00658	0.00658	0.00673	0.00569	0.00396	0.00847	0.00831	0.01124	0.01733	0.03460	0.01949	0.68716	0.14238	0.00600	0.00691	0.00786	0.00335	0.00365
8	0.00696	0.00541	0.00633	0.00674	0.00795	0.00478	0.00481	0.00843	0.01261	0.01618	0.17149	0.32932	0.36883	0.01503	0.00685	0.00202	0.00297	0.01311	0.00540	0.00478
9	0.00917	0.00528	0.00793	0.00793	0.00828	0.00563	0.00563	0.00828	0.00793	0.01092	0.01162	0.01885	0.01127	0.02743	0.28569	0.54846	0.00843	0.00528	0.00264	0.00334
10	0.02269	0.01368	0.01560	0.01196	0.01641	0.01436	0.00988	0.50530	0.02297	0.28345	0.01644	0.01541	0.01104	0.00683	0.00564	0.00171	0.00572	0.00527	0.00608	0.00957
11	0.00795	0.00571	0.00711	0.00676	0.00817	0.00523	0.00507	0.01042	0.01521	0.02141	0.61406	0.04237	0.15186	0.01157	0.00646	0.00176	0.00268	0.01009	0.06088	0.00523
12	0.01102	0.01032	0.01735	0.59005	0.17861	0.01215	0.01526	0.01451	0.01153	0.01516	0.01151	0.06672	0.00975	0.00630	0.00572	0.00186	0.00706	0.00573	0.00274	0.00666
13	0.01727	0.02058	0.01650	0.01462	0.01627	0.45149	0.01149	0.01863	0.01279	0.01367	0.00813	0.01108	0.00731	0.00754	0.01084	0.00189	0.34663	0.00418	0.00271	0.00637
14	0.01167	0.01000	0.01167	0.00834	0.01334	0.00750	0.00667	0.01417	0.01167	0.01834	0.01000	0.01167	0.00834	0.00417	0.00417	0.00083	0.00417	0.00333	0.00333	0.83663
15	0.02419	0.06250	0.01479	0.01042	0.01485	0.00939	0.03179	0.02643	0.01571	0.69691	0.02091	0.01836	0.01332	0.00675	0.00555	0.00171	0.00502	0.00551	0.00653	0.00936
16	0.01829	0.01277	0.01357	0.01075	0.01435	0.01397	0.00877	0.53892	0.02228	0.03134	0.01489	0.01564	0.01095	0.00670	0.00515	0.00158	0.00518	0.00512	0.24144	0.00834
17	0.84197	0.01088	0.00827	0.00740	0.01088	0.01262	0.00609	0.01654	0.00958	0.02525	0.00784	0.00914	0.00609	0.00522	0.00348	0.00174	0.00435	0.00305	0.00348	0.00609
18	0.00804	0.00603	0.00904	0.00904	0.01005	0.00703	0.00703	0.01005	0.00904	0.01306	0.01507	0.02211	0.01407	0.04221	0.77992	0.00904	0.01507	0.00603	0.00301	0.00502
19	0.00796	0.00575	0.00752	0.00708	0.00841	0.00531	0.00531	0.01062	0.01593	0.02257	0.76415	0.04204	0.05310	0.01150	0.00664	0.00177	0.00265	0.01018	0.00619	0.00531
20	0.01328	0.01518	0.03321	0.02372	0.02941	0.01423	0.74668	0.01803	0.01328	0.01803	0.01139	0.01518	0.00854	0.00474	0.00664	0.00190	0.00949	0.00664	0.00285	0.00759
21	0.84197	0.01088	0.00827	0.00740	0.01088	0.01262	0.00609	0.01654	0.00958	0.02525	0.00784	0.00914	0.00609	0.00522	0.00348	0.00174	0.00435	0.00305	0.00348	0.00609
22	0.00674	0.00573	0.00582	0.00587	0.00775	0.00481	0.00445	0.00820	0.01283	0.01526	0.05604	0.05449	0.73886	0.01430	0.00669	0.00192	0.00293	0.03732	0.00522	0.00477
23	0.02102	0.02682	0.01595	0.01450	0.01740	0.77963	0.01087	0.02247	0.01595	0.01377	0.00870	0.01015	0.00725	0.00580	0.00507	0.00145	0.01015	0.00362	0.00290	0.00652
24	0.01505	0.80561	0.02949	0.00963	0.01444	0.02227	0.00963	0.01685	0.01143	0.01324	0.00782	0.00903	0.00722	0.00481	0.00361	0.00120	0.00602	0.00301	0.00241	0.00722
25	0.00699	0.00500	0.00667	0.00790	0.00831	0.00468	0.00537	0.00811	0.01110	0.01485	0.06572	0.73492	0.03779	0.01726	0.00718	0.00227	0.00331	0.04266	0.00527	0.00463
26	0.00690	0.00530	0.00632	0.00694	0.00798	0.00472	0.00487	0.00823	0.01212	0.01558	0.12145	0.43308	0.31493	0.01568	0.00692	0.00208	0.00304	0.01380	0.00533	0.00472
27	0.01350	0.01073	0.01167	0.01030	0.01339	0.01176	0.00802	0.02548	0.53868	0.05829	0.09861	0.02232	0.01986	0.00765	0.00558	0.00176	0.00415	0.00641	0.05454	0.07728
28	0.01023	0.00852	0.01008	0.00798	0.01169	0.00665	0.00616	0.01242	0.01194	0.01781	0.07818	0.14893	0.06643	0.00769	0.00504	0.00122	0.00381	0.00658	0.00401	0.57465
29	0.00818	0.00546	0.00614	0.00614	0.00614	0.00546	0.00341	0.00818	0.00818	0.01091	0.01773	0.03683	0.02046	0.80222	0.02864	0.00546	0.00546	0.00818	0.00341	0.00341
30	0.00712	0.00520	0.00670	0.00743	0.00817	0.00478	0.00515	0.00857	0.01230	0.01655	0.22132	0.53074	0.11372	0.01573	0.00699	0.00212	0.00307	0.01410	0.00547	0.00478
31	0.01220	0.00789	0.00891	0.00774	0.01031	0.00743	0.00608	0.12985	0.01601	0.13499	0.16587	0.03910	0.38098	0.01121	0.00624	0.00180	0.00364	0.00932	0.03408	0.00637
32	0.01064	0.00681	0.00871	0.00777	0.00962	0.00641	0.00597	0.06073	0.01664	0.10125	0.63778	0.03779	0.04617	0.01072	0.00647	0.00176	0.00311	0.00937	0.00624	0.00603
33	0.00809	0.00542	0.00617	0.00626	0.00628	0.00539	0.00354	0.00816	0.00836	0.01115	0.01866	0.08996	0.02163	0.74749	0.02715	0.00523	0.00530	0.00873	0.00354	0.00349
34	0.00911	0.00666	0.00798	0.00827	0.00939	0.00659	0.00584	0.11999	0.01322	0.01745	0.03044	0.55276	0.11213	0.06197	0.00816	0.00234	0.00379	0.01343	0.00518	0.00528
35	0.01085	0.01150	0.10017	0.52673	0.03079	0.01145	0.01428	0.01435	0.01135	0.04638	0.01341	0.12626	0.01196	0.00753	0.00634	0.00194	0.03877	0.00650	0.00306	0.00638
36	0.01372	0.01087	0.01253	0.00911	0.01401	0.00907	0.00735	0.12787	0.01413	0.05158	0.01104	0.01226	0.00875	0.00468	0.00445	0.00100	0.00451	0.00370	0.00384	0.67553
37	0.01066	0.00740	0.00901	0.00829	0.01002	0.00764	0.00630	0.09355	0.01265	0.07851	0.02887	0.06897	0.23940	0.13451	0.22627	0.00441	0.03510	0.00838	0.00444	0.00561
38	0.00838	0.00611	0.00720	0.00722	0.00868	0.00573	0.00542	0.04966	0.01395	0.01887	0.24693	0.20099	0.25103	0.01317	0.00654	0.00193	0.00320	0.06133	0.07845	0.00521
39	0.19667	0.04005	0.04330	0.01139	0.07379	0.10819	0.00828	0.01489	0.03951	0.01806	0.01633	0.25563	0.01695	0.00906	0.00527	0.00173	0.00515	0.00751	0.00387	0.12438
40	0.01325	0.05908	0.03908	0.14213	0.42435	0.01290	0.01428	0.05138	0.04423	0.01887	0.03290	0.01555	0.01074	0.00564	0.00533	0.00165	0.00616	0.00510	0.08945	0.00794
41	0.10638	0.16562	0.03090	0.01688	0.25997	0.03479	0.01020	0.01449	0.01083	0.01577	0.01180	0.01880	0.01152	0.22007	0.04781	0.00295	0.00649	0.00524	0.00296	0.00653
42	0.01390	0.06590	0.30353	0.01476	0.04352	0.12907	0.07386	0.06888	0.03990	0.01835	0.01143	0.04510	0.00929	0.00584	0.00525	0.00158	0.00738	0.00475	0.00312	0.13458
43	0.00870	0.07579	0.06011	0.00774	0.00993	0.00704	0.00651	0.01045	0.01213	0.04658	0.03885	0.23150	0.36931	0.03846	0.00716	0.00208	0.00389	0.05363	0.00480	0.00534
44	0.04014	0.19685	0.16154	0.01273	0.01728	0.22462	0.01190	0.07365	0.17336	0.01840	0.01213	0.01276	0.00948	0.00594	0.00493	0.00158	0.00721	0.00426	0.00351	0.00774
45	0.01312	0.01003	0.01107	0.00968	0.01231	0.01062	0.00753	0.26925	0.13029	0.02441	0.13271	0.16951	0.15430	0.01087	0.00625	0.00188	0.00430	0.00918	0.00558	0.00710
46	0.01453	0.32708	0.16244	0.01123	0.01593	0.04250	0.01111	0.15832	0.01436	0.01865	0.01201	0.07799	0.01100	0.05348	0.00618	0.00174	0.00628	0.00505	0.00338	0.04673

[dist]
# distance from previous block
# <min> <max>
5	117

[block]
# block no. 5 follows, 42 sequences, length 32
# corresponding to MSA columns:
# 758-789
name=unknown_F
#
# <colnr> <probs for GDERKNQSTAVLIFYWHMCP>
#	G	D	E	R	K	N	Q	S	T	A	V	L	I	F	Y	W	H	M	C	P
0	0.05628	0.28132	0.11349	0.01125	0.01608	0.05877	0.01071	0.15605	0.01563	0.19187	0.02981	0.01336	0.01018	0.00596	0.00482	0.00154	0.00613	0.00434	0.00421	0.00820
1	0.05009	0.17085	0.26646	0.04712	0.10083	0.01338	0.02407	0.05579	0.01279	0.01763	0.01953	0.02046	0.16442	0.00713	0.00527	0.00168	0.00624	0.00570	0.00326	0.00730
2	0.01230	0.10983	0.15299	0.26159	0.09679	0.01316	0.01370	0.03717	0.05578	0.04686	0.03968	0.01840	0.07817	0.00673	0.00590	0.00177	0.03316	0.00550	0.00331	0.00721
3	0.00719	0.00514	0.00689	0.00806	0.00857	0.00484	0.00566	0.00847	0.01140	0.01526	0.08578	0.65978	0.03787	0.01694	0.00721	0.00228	0.00343	0.09525	0.00529	0.00469
4	0.03240	0.04681	0.08856	0.09310	0.15146	0.01115	0.08640	0.03586	0.03251	0.01793	0.01417	0.06897	0.01251	0.06860	0.00769	0.00201	0.04198	0.00602	0.17515	0.00673
5	0.01384	0.04588	0.32638	0.01405	0.01920	0.19973	0.09235	0.01798	0.01300	0.01737	0.01154	0.01361	0.00882	0.00563	0.00507	0.00160	0.00764	0.00448	0.17471	0.00713
6	0.00890	0.00705	0.00817	0.00766	0.00951	0.00698	0.00581	0.01401	0.16869	0.02102	0.44219	0.04057	0.21517	0.01136	0.00645	0.00183	0.00307	0.00979	0.00587	0.00592
7	0.01064	0.02421	0.61420	0.01399	0.02058	0.01149	0.01719	0.01583	0.01112	0.01639	0.01168	0.01705	0.00989	0.17042	0.01017	0.00254	0.00772	0.00499	0.00259	0.00730
8	0.02291	0.01194	0.01438	0.01109	0.01537	0.01190	0.00913	0.32184	0.02034	0.43704	0.05119	0.01785	0.01386	0.00708	0.00569	0.00172	0.00527	0.00561	0.00638	0.00939
9	0.01340	0.49492	0.16322	0.00992	0.01466	0.01703	0.01053	0.01626	0.01159	0.01570	0.01043	0.01204	0.00870	0.00527	0.00400	0.00133	0.00574	0.00369	0.17455	0.00702
10	0.01238	0.00953	0.01178	0.17072	0.01726	0.01034	0.00890	0.24170	0.01634	0.02174	0.05328	0.21369	0.12905	0.01047	0.00612	0.00189	0.00494	0.00894	0.04435	0.00657
11	0.00809	0.00582	0.00799	0.00799	0.00864	0.00646	0.00573	0.00938	0.00873	0.01229	0.01603	0.02742	0.01638	0.31670	0.50859	0.00775	0.01160	0.00681	0.00316	0.00444
12	0.00898	0.00525	0.00720	0.00720	0.00735	0.00540	0.00472	0.00803	0.00787	0.01065	0.01322	0.02441	0.01397	0.28265	0.13941	0.43490	0.00662	0.00615	0.00285	0.00316
13	0.01049	0.00525	0.00525	0.00525	0.00656	0.00525	0.00393	0.01311	0.01180	0.02098	0.01836	0.02098	0.01442	0.00656	0.00393	0.00131	0.00262	0.00525	0.83346	0.00525
14	0.00979	0.00944	0.00848	0.00922	0.01008	0.16512	0.00639	0.01087	0.01185	0.01424	0.02639	0.63524	0.03101	0.01518	0.00675	0.00211	0.00469	0.01344	0.00474	0.00498
15	0.02014	0.01488	0.01599	0.01257	0.01683	0.01651	0.01028	0.59098	0.16244	0.05702	0.01555	0.01509	0.01113	0.00693	0.00565	0.00173	0.00582	0.00533	0.00569	0.00945
16	0.01155	0.01115	0.04291	0.27911	0.34173	0.01143	0.01397	0.01444	0.01130	0.01548	0.01186	0.01896	0.01077	0.17037	0.01036	0.00253	0.00676	0.00564	0.00281	0.00687
17	0.00735	0.00545	0.00691	0.00752	0.00851	0.00501	0.00549	0.00902	0.01272	0.01689	0.22269	0.38147	0.17967	0.01519	0.00701	0.00211	0.00324	0.09342	0.00547	0.00486
18	0.00686	0.00490	0.00653	0.00784	0.00816	0.00457	0.00522	0.00784	0.01077	0.01437	0.03102	0.79855	0.03722	0.01763	0.00718	0.00229	0.00326	0.01600	0.00522	0.00457
19	0.01519	0.16342	0.20195	0.01167	0.01628	0.01348	0.01154	0.19111	0.01557	0.11272	0.01630	0.17558	0.01480	0.00833	0.00551	0.00175	0.00590	0.00680	0.00431	0.00779
20	0.01315	0.01411	0.06516	0.17810	0.02610	0.01452	0.29581	0.07253	0.09609	0.01844	0.01181	0.01501	0.00910	0.00628	0.00813	0.00197	0.13733	0.00573	0.00322	0.00741
21	0.00804	0.00644	0.00759	0.00745	0.00944	0.00547	0.00563	0.00969	0.01197	0.01579	0.03607	0.27519	0.29812	0.01335	0.00643	0.00188	0.00353	0.09603	0.00483	0.17706
22	0.01159	0.01235	0.02544	0.01872	0.02312	0.01152	0.52628	0.01559	0.01372	0.01868	0.17054	0.04957	0.06114	0.00712	0.00666	0.00188	0.00749	0.00799	0.00375	0.00686
23	0.01268	0.45155	0.20570	0.01106	0.01594	0.01688	0.01180	0.01568	0.01105	0.01432	0.00988	0.01243	0.00862	0.01269	0.16484	0.00297	0.00845	0.00391	0.00253	0.00703
24	0.02083	0.02147	0.01551	0.01360	0.01645	0.52646	0.01051	0.02240	0.01508	0.17060	0.01134	0.01228	0.00865	0.00654	0.00684	0.00163	0.10480	0.00421	0.00369	0.00711
25	0.18080	0.00698	0.00862	0.00844	0.00987	0.00805	0.00651	0.01123	0.00908	0.01539	0.01381	0.02075	0.01299	0.10307	0.55135	0.00721	0.01199	0.00561	0.00315	0.00510
26	0.01500	0.01021	0.01163	0.01018	0.01322	0.01093	0.00798	0.02519	0.44457	0.17796	0.16203	0.02546	0.04395	0.00840	0.00591	0.00185	0.00414	0.00708	0.00606	0.00826
27	0.01107	0.01356	0.19295	0.17171	0.01904	0.01059	0.01125	0.06962	0.09473	0.01653	0.01457	0.02284	0.01341	0.29867	0.01403	0.00316	0.00651	0.00613	0.00340	0.00625
28	0.49075	0.01764	0.15286	0.01072	0.01487	0.17244	0.01002	0.01792	0.01130	0.02112	0.00842	0.00996	0.00657	0.00551	0.00462	0.00171	0.03040	0.00343	0.00312	0.00660
29	0.01273	0.01411	0.02982	0.18218	0.03135	0.01387	0.59525	0.01727	0.01286	0.01727	0.01110	0.01514	0.00832	0.00493	0.00643	0.00189	0.00908	0.00630	0.00277	0.00731
30	0.01143	0.00902	0.01034	0.00770	0.01193	0.00703	0.00610	0.01395	0.01170	0.01889	0.01173	0.01360	0.00960	0.00466	0.00412	0.00093	0.00385	0.00373	0.17529	0.66441
31	0.66974	0.00972	0.00764	0.00695	0.00999	0.01110	0.00565	0.01583	0.01004	0.02437	0.01002	0.01159	0.00782	0.00550	0.00358	0.00165	0.00399	0.00350	0.17541	0.00592

[dist]
# distance from previous block
# <min> <max>
5	232

[block]
# block no. 6 follows, 42 sequences, length 58
# corresponding to MSA columns:
# 1022-1079
name=unknown_G
#
# <colnr> <probs for GDERKNQSTAVLIFYWHMCP>
#	G	D	E	R	K	N	Q	S	T	A	V	L	I	F	Y	W	H	M	C	P
0	0.01112	0.00951	0.01117	0.04059	0.10351	0.08693	0.03122	0.01316	0.01346	0.07531	0.11813	0.13619	0.27331	0.01125	0.00636	0.00188	0.00474	0.04137	0.00476	0.00602
1	0.01340	0.01160	0.01913	0.25057	0.39407	0.01268	0.01514	0.01653	0.01208	0.07528	0.01131	0.01497	0.00905	0.00776	0.04888	0.00220	0.06947	0.00511	0.00302	0.00776
2	0.00733	0.00532	0.00705	0.00758	0.00838	0.00503	0.00536	0.00900	0.01253	0.01719	0.28947	0.44347	0.06790	0.01726	0.06728	0.00262	0.00396	0.01301	0.00539	0.00487
3	0.04404	0.01174	0.01856	0.09390	0.38389	0.01214	0.07120	0.04686	0.07156	0.03833	0.01307	0.01698	0.01081	0.06773	0.00727	0.00200	0.00623	0.00546	0.07047	0.00778
4	0.01421	0.46993	0.29092	0.01215	0.01818	0.01865	0.01365	0.07429	0.01277	0.01659	0.00907	0.01038	0.00737	0.00515	0.00438	0.00145	0.00684	0.00358	0.00265	0.00779
5	0.00816	0.00577	0.00652	0.00666	0.00829	0.00497	0.00487	0.00952	0.01248	0.07395	0.04667	0.26984	0.49274	0.01467	0.00673	0.00200	0.00312	0.01260	0.00536	0.00507
6	0.00946	0.00635	0.00802	0.00752	0.00923	0.00589	0.00580	0.01244	0.04534	0.07966	0.53322	0.04243	0.14248	0.01163	0.00660	0.00184	0.00309	0.05726	0.00604	0.00571
7	0.01432	0.01257	0.02119	0.14567	0.59919	0.01284	0.01632	0.01763	0.01284	0.07653	0.01140	0.01450	0.00909	0.00526	0.00559	0.00171	0.00666	0.00506	0.00307	0.00857
8	0.01144	0.01132	0.01681	0.72827	0.03709	0.07238	0.01526	0.01501	0.01162	0.01433	0.00990	0.01462	0.00748	0.00564	0.00558	0.00184	0.00771	0.00489	0.00253	0.00627
9	0.00902	0.00652	0.00730	0.00685	0.00889	0.00590	0.00522	0.01197	0.07285	0.07673	0.23213	0.04570	0.46526	0.01246	0.00650	0.00186	0.00308	0.01052	0.00565	0.00560
10	0.01632	0.68176	0.02713	0.01005	0.01467	0.08120	0.00962	0.01812	0.01216	0.07242	0.00902	0.00991	0.00775	0.00506	0.00389	0.00127	0.00625	0.00326	0.00280	0.00735
11	0.04516	0.01909	0.18106	0.01606	0.13729	0.25763	0.01264	0.01714	0.01358	0.01694	0.09583	0.04342	0.03980	0.00904	0.04565	0.00208	0.00777	0.02952	0.00338	0.00691
12	0.04597	0.04390	0.10755	0.03826	0.09458	0.01307	0.01120	0.27404	0.01717	0.02450	0.05231	0.01415	0.01098	0.00582	0.00511	0.00147	0.00574	0.00462	0.00407	0.22549
13	0.00686	0.00490	0.00653	0.00784	0.00816	0.00457	0.00522	0.00784	0.01077	0.01437	0.03102	0.79855	0.03722	0.01763	0.00718	0.00229	0.00326	0.01600	0.00522	0.00457
14	0.00827	0.00572	0.00746	0.00746	0.00803	0.00619	0.00517	0.00940	0.00883	0.01260	0.01651	0.02877	0.01702	0.38786	0.38481	0.00689	0.00985	0.00696	0.05789	0.00430
15	0.01793	0.10153	0.01929	0.03794	0.05729	0.40919	0.11510	0.02020	0.01481	0.07437	0.06985	0.01431	0.01167	0.00604	0.00536	0.00156	0.00836	0.00478	0.00340	0.00701
16	0.01231	0.01231	0.01724	0.01477	0.01477	0.01724	0.01231	0.01354	0.00862	0.01354	0.00739	0.01231	0.00739	0.00985	0.01847	0.00246	0.79192	0.00492	0.00246	0.00616
17	0.00688	0.00522	0.00621	0.00696	0.00781	0.00470	0.00475	0.00795	0.01131	0.01440	0.03920	0.47908	0.29276	0.07491	0.00859	0.00239	0.00328	0.01396	0.00509	0.00455
18	0.01140	0.01595	0.26430	0.01529	0.11709	0.01134	0.01339	0.05674	0.10698	0.01792	0.01374	0.01702	0.01124	0.01868	0.27880	0.00434	0.00987	0.00526	0.00326	0.00738
19	0.01688	0.25727	0.19179	0.04147	0.01831	0.10174	0.01243	0.10898	0.05555	0.12671	0.01211	0.01269	0.00901	0.00578	0.00490	0.00156	0.00682	0.00423	0.00369	0.00807
20	0.01399	0.01707	0.05898	0.01472	0.01804	0.28161	0.20246	0.01654	0.01369	0.01564	0.04113	0.11177	0.12356	0.00845	0.00652	0.00180	0.03677	0.00735	0.00355	0.00636
21	0.42228	0.01903	0.01220	0.01103	0.01421	0.40474	0.00854	0.01957	0.01283	0.01938	0.00828	0.00966	0.00668	0.00552	0.00430	0.00159	0.00732	0.00334	0.00318	0.00631
22	0.00737	0.00573	0.00669	0.00645	0.00804	0.00506	0.00484	0.00946	0.01452	0.01921	0.44189	0.04756	0.37745	0.01276	0.00664	0.00183	0.00274	0.01095	0.00575	0.00506
23	0.01505	0.80561	0.02949	0.00963	0.01444	0.02227	0.00963	0.01685	0.01143	0.01324	0.00782	0.00903	0.00722	0.00481	0.00361	0.00120	0.00602	0.00301	0.00241	0.00722
24	0.00792	0.00541	0.00615	0.00630	0.00647	0.00531	0.00368	0.00814	0.00880	0.01161	0.02198	0.12573	0.07393	0.65733	0.02465	0.00484	0.00502	0.00934	0.00374	0.00364
25	0.00728	0.00554	0.00681	0.00765	0.00875	0.00506	0.00575	0.00878	0.01199	0.01522	0.03992	0.37106	0.29292	0.01597	0.00713	0.00222	0.00355	0.17443	0.00522	0.00477
26	0.01328	0.01518	0.03321	0.02372	0.02941	0.01423	0.74668	0.01803	0.01328	0.01803	0.01139	0.01518	0.00854	0.00474	0.00664	0.00190	0.00949	0.00664	0.00285	0.00759
27	0.00825	0.00560	0.00660	0.00669	0.00698	0.00555	0.00422	0.00883	0.00958	0.01287	0.10493	0.04022	0.02547	0.62881	0.02392	0.00473	0.00510	0.08391	0.00392	0.00381
28	0.01848	0.01360	0.01499	0.01138	0.01597	0.01390	0.00932	0.46694	0.04865	0.07014	0.01330	0.01356	0.00973	0.00604	0.00521	0.00145	0.00546	0.00464	0.00503	0.25221
29	0.00818	0.00546	0.00614	0.00614	0.00614	0.00546	0.00341	0.00818	0.00818	0.01091	0.01773	0.03683	0.02046	0.80222	0.02864	0.00546	0.00546	0.00818	0.00341	0.00341
30	0.01063	0.01000	0.01688	0.78870	0.03876	0.01250	0.01563	0.01438	0.01125	0.01438	0.01000	0.01500	0.00750	0.00563	0.00563	0.00188	0.00750	0.00500	0.00250	0.00625
31	0.00978	0.00489	0.00733	0.00733	0.00733	0.00489	0.00489	0.00733	0.00733	0.00978	0.00978	0.01711	0.00978	0.01955	0.02199	0.83627	0.00489	0.00489	0.00244	0.00244
32	0.00868	0.00622	0.00852	0.00921	0.01051	0.00607	0.00774	0.01129	0.01400	0.01886	0.28896	0.05591	0.03970	0.01412	0.00737	0.00230	0.00429	0.47547	0.00554	0.00523
33	0.02102	0.02682	0.01595	0.01450	0.01740	0.77963	0.01087	0.02247	0.01595	0.01377	0.00870	0.01015	0.00725	0.00580	0.00507	0.00145	0.01015	0.00362	0.00290	0.00652
34	0.01049	0.00525	0.00525	0.00525	0.00656	0.00525	0.00393	0.01311	0.01180	0.02098	0.01836	0.02098	0.01442	0.00656	0.00393	0.00131	0.00262	0.00525	0.83346	0.00525
35	0.00743	0.00531	0.00719	0.00849	0.00907	0.00507	0.00622	0.00883	0.01134	0.01501	0.03070	0.60725	0.03596	0.01709	0.00734	0.00237	0.00376	0.20162	0.00521	0.00473
36	0.00700	0.00500	0.00670	0.00800	0.00839	0.00470	0.00548	0.00809	0.01092	0.01453	0.03094	0.75014	0.03690	0.01749	0.00722	0.00231	0.00339	0.06297	0.00522	0.00461
37	0.00824	0.00644	0.00767	0.00825	0.00963	0.00630	0.00628	0.01170	0.11172	0.01638	0.03729	0.31448	0.24697	0.01484	0.00696	0.00219	0.00372	0.17030	0.00528	0.00534
38	0.01063	0.01000	0.01688	0.78870	0.03876	0.01250	0.01563	0.01438	0.01125	0.01438	0.01000	0.01500	0.00750	0.00563	0.00563	0.00188	0.00750	0.00500	0.00250	0.00625
39	0.01129	0.02911	0.77306	0.01604	0.02436	0.01307	0.02079	0.01782	0.01188	0.01782	0.01010	0.01188	0.00713	0.00535	0.00535	0.00178	0.00832	0.00416	0.00238	0.00832
40	0.00778	0.00536	0.00619	0.00646	0.00669	0.00521	0.00387	0.00810	0.00911	0.01199	0.02373	0.20012	0.08422	0.57174	0.02230	0.00449	0.00478	0.01014	0.00394	0.00377
