[name]
unknown

[dist]
# distance from previous block
# <min> <max>
0	167

[block]
# block no. 0 follows, 43 sequences, length 26
# corresponding to MSA columns:
# 173-198
name=unknown_A
#
# <colnr> <probs for GDERKNQSTAVLIFYWHMCP>
#	G	D	E	R	K	N	Q	S	T	A	V	L	I	F	Y	W	H	M	C	P
0	0.01377	0.01137	0.01625	0.02021	0.31640	0.01163	0.01241	0.18535	0.01571	0.02150	0.01714	0.02919	0.01632	0.00862	0.00613	0.00190	0.00587	0.23912	0.00417	0.04696
1	0.00701	0.00563	0.00625	0.00610	0.00777	0.00487	0.00457	0.00885	0.01372	0.01757	0.31202	0.04901	0.51102	0.01305	0.00654	0.00182	0.00274	0.01109	0.00549	0.00487
2	0.27930	0.01012	0.01041	0.00791	0.01235	0.00900	0.00638	0.01470	0.01082	0.02023	0.00916	0.01068	0.00749	0.00444	0.00388	0.00111	0.00416	0.00319	0.00333	0.57133
3	0.00721	0.00564	0.00654	0.00631	0.00789	0.00496	0.00473	0.00924	0.01420	0.01870	0.42339	0.04714	0.39895	0.01263	0.00654	0.00180	0.00271	0.01083	0.00564	0.00496
4	0.01336	0.01130	0.01211	0.01087	0.01383	0.01294	0.00848	0.07127	0.61381	0.02261	0.02310	0.02202	0.05577	0.01062	0.07010	0.00245	0.00527	0.00644	0.00538	0.00827
5	0.00664	0.00552	0.00580	0.00594	0.00759	0.00468	0.00438	0.00805	0.01254	0.01524	0.09047	0.14384	0.64170	0.01429	0.00661	0.00191	0.00284	0.01209	0.00519	0.00468
6	0.00712	0.00560	0.00643	0.00629	0.00785	0.00491	0.00469	0.00903	0.01388	0.01810	0.36675	0.07921	0.42443	0.01298	0.00656	0.00183	0.00274	0.01112	0.00556	0.00491
7	0.01568	0.01233	0.01314	0.01127	0.01466	0.01396	0.00892	0.19595	0.52973	0.05156	0.02017	0.01889	0.01493	0.00724	0.00553	0.00179	0.00471	0.00589	0.04487	0.00877
8	0.84448	0.01071	0.00814	0.00728	0.01071	0.01242	0.00600	0.01628	0.00943	0.02485	0.00771	0.00900	0.00600	0.00514	0.00343	0.00171	0.00428	0.00300	0.00343	0.00600
9	0.00782	0.00527	0.00611	0.00634	0.00640	0.00521	0.00368	0.00799	0.00851	0.01135	0.01979	0.17319	0.02309	0.66439	0.02441	0.00481	0.00498	0.00943	0.00368	0.00356
10	0.00675	0.00482	0.00643	0.00771	0.00803	0.00450	0.00514	0.00771	0.01060	0.01414	0.03053	0.80175	0.03663	0.01735	0.00707	0.00225	0.00321	0.01574	0.00514	0.00450
11	0.84448	0.01071	0.00814	0.00728	0.01071	0.01242	0.00600	0.01628	0.00943	0.02485	0.00771	0.00900	0.00600	0.00514	0.00343	0.00171	0.00428	0.00300	0.00343	0.00600
12	0.02102	0.01204	0.01408	0.01108	0.01512	0.01241	0.00905	0.32044	0.11935	0.33880	0.05403	0.01792	0.01423	0.00707	0.00561	0.00172	0.00513	0.00564	0.00612	0.00913
13	0.84448	0.01071	0.00814	0.00728	0.01071	0.01242	0.00600	0.01628	0.00943	0.02485	0.00771	0.00900	0.00600	0.00514	0.00343	0.00171	0.00428	0.00300	0.00343	0.00600
14	0.01371	0.01316	0.02248	0.03399	0.77081	0.01316	0.01700	0.01700	0.01261	0.01809	0.01042	0.01371	0.00877	0.00493	0.00548	0.00164	0.00658	0.00493	0.00274	0.00877
15	0.01378	0.01190	0.01252	0.01127	0.01440	0.01378	0.00877	0.02943	0.76081	0.02317	0.02254	0.02066	0.01691	0.00751	0.00564	0.00188	0.00438	0.00626	0.00564	0.00877
16	0.01438	0.01220	0.01286	0.01139	0.01463	0.01406	0.00891	0.08928	0.69998	0.02414	0.02178	0.02005	0.01629	0.00744	0.00563	0.00186	0.00452	0.00616	0.00563	0.00882
17	0.00699	0.00492	0.00635	0.00740	0.00766	0.00466	0.00481	0.00778	0.01013	0.01350	0.02809	0.65918	0.03356	0.16411	0.01100	0.00283	0.00361	0.01431	0.00481	0.00429
18	0.00669	0.00506	0.00618	0.00706	0.00786	0.00455	0.00485	0.00778	0.01123	0.01439	0.03840	0.57134	0.26196	0.01633	0.00691	0.00213	0.00309	0.01450	0.00514	0.00455
19	0.01228	0.01200	0.02129	0.34693	0.37674	0.01291	0.10570	0.01591	0.01203	0.01642	0.01028	0.01430	0.00815	0.00515	0.00563	0.00176	0.00725	0.00512	0.00263	0.00753
20	0.08484	0.01592	0.01538	0.25274	0.02247	0.26083	0.01175	0.06797	0.01343	0.07339	0.01002	0.01258	0.00779	0.00633	0.00702	0.00176	0.12153	0.00437	0.00320	0.00668
21	0.00678	0.00509	0.00631	0.00725	0.00803	0.00462	0.00505	0.00793	0.01123	0.01446	0.03728	0.57219	0.23123	0.01638	0.00695	0.00216	0.00318	0.04416	0.00514	0.00457
22	0.00726	0.00502	0.00621	0.00704	0.00776	0.00466	0.00485	0.00861	0.01132	0.01562	0.07781	0.54924	0.13377	0.01507	0.00654	0.00204	0.00304	0.01343	0.11605	0.00466
23	0.08106	0.05743	0.01810	0.01963	0.27824	0.13583	0.01222	0.21313	0.09188	0.02259	0.01176	0.01310	0.00920	0.00577	0.00518	0.00162	0.00655	0.00461	0.00382	0.00827
24	0.16105	0.04626	0.41061	0.01319	0.01911	0.01290	0.04866	0.07814	0.05871	0.02026	0.01294	0.05052	0.03204	0.00628	0.00511	0.00176	0.00666	0.00496	0.00324	0.00758
25	0.01534	0.05045	0.01541	0.05462	0.04736	0.07450	0.04004	0.31864	0.01761	0.02312	0.05468	0.12606	0.01555	0.04725	0.02985	0.00215	0.04891	0.00677	0.00441	0.00728

[dist]
# distance from previous block
# <min> <max>
0	58

[block]
# block no. 1 follows, 43 sequences, length 16
# corresponding to MSA columns:
# 257-272
name=unknown_B
#
# <colnr> <probs for GDERKNQSTAVLIFYWHMCP>
#	G	D	E	R	K	N	Q	S	T	A	V	L	I	F	Y	W	H	M	C	P
0	0.20771	0.13856	0.08058	0.01248	0.06752	0.13335	0.01018	0.04533	0.08858	0.01894	0.01012	0.01149	0.00816	0.00567	0.00536	0.00156	0.05952	0.00387	0.00326	0.08776
1	0.01178	0.00944	0.01431	0.04772	0.30178	0.00951	0.01089	0.06829	0.01291	0.05865	0.02041	0.24098	0.05527	0.01221	0.06001	0.00239	0.00584	0.04664	0.00409	0.00690
2	0.01246	0.01207	0.02107	0.31328	0.44494	0.01291	0.07097	0.01600	0.01208	0.01661	0.01026	0.01419	0.00823	0.00514	0.00558	0.00174	0.00708	0.00505	0.00264	0.00771
3	0.00675	0.00554	0.00582	0.00589	0.00748	0.00475	0.00429	0.00811	0.01236	0.01510	0.09971	0.10697	0.61377	0.06893	0.00808	0.00213	0.00300	0.01163	0.00508	0.00461
4	0.18187	0.00855	0.01036	0.00882	0.01197	0.00809	0.00699	0.02017	0.01330	0.44126	0.02118	0.20808	0.01779	0.00908	0.00551	0.00184	0.00426	0.00755	0.00576	0.00755
5	0.01001	0.00622	0.00737	0.00683	0.00886	0.00540	0.00521	0.01182	0.01384	0.14581	0.23601	0.09617	0.40098	0.01233	0.00641	0.00184	0.00311	0.01049	0.00568	0.00561
6	0.00669	0.00552	0.00588	0.00599	0.00762	0.00471	0.00442	0.00816	0.01269	0.01557	0.12250	0.13879	0.61403	0.01415	0.00660	0.00190	0.00283	0.01200	0.00524	0.00471
7	0.01276	0.01400	0.02747	0.02042	0.02417	0.01499	0.50570	0.01628	0.01155	0.01628	0.00990	0.01400	0.00803	0.00634	0.01040	0.00205	0.27003	0.00598	0.00268	0.00700
8	0.02069	0.02640	0.01569	0.01427	0.01712	0.78313	0.01070	0.02212	0.01569	0.01355	0.00856	0.00999	0.00713	0.00571	0.00499	0.00143	0.00999	0.00357	0.00285	0.00642
9	0.01141	0.09230	0.71566	0.01527	0.02317	0.01360	0.01957	0.01746	0.01166	0.01717	0.00976	0.01146	0.00702	0.00522	0.00512	0.00171	0.00800	0.00400	0.00234	0.00810
10	0.00805	0.00537	0.00604	0.00604	0.00604	0.00537	0.00336	0.00805	0.00805	0.01074	0.01745	0.03624	0.02013	0.80536	0.02819	0.00537	0.00537	0.00805	0.00336	0.00336
11	0.01874	0.01436	0.01532	0.01227	0.01629	0.01609	0.00997	0.52209	0.26008	0.03117	0.01624	0.01564	0.01180	0.00692	0.00557	0.00173	0.00555	0.00539	0.00557	0.00921
12	0.01275	0.17722	0.29886	0.01271	0.01815	0.01372	0.06413	0.11788	0.01406	0.01933	0.08627	0.04549	0.03964	0.00660	0.00522	0.00161	0.00639	0.00540	0.00344	0.05114
13	0.01365	0.02307	0.36622	0.01652	0.07548	0.21144	0.09207	0.01780	0.01284	0.01628	0.03864	0.01451	0.00990	0.05969	0.00694	0.00192	0.00825	0.00476	0.00276	0.00726
14	0.12487	0.01383	0.01168	0.01124	0.01360	0.24761	0.00916	0.04433	0.01385	0.07373	0.01839	0.03295	0.01805	0.00991	0.00628	0.00199	0.02483	0.31331	0.00427	0.00613
15	0.57103	0.04181	0.01109	0.00944	0.01274	0.24288	0.00752	0.01803	0.01136	0.02108	0.00796	0.00929	0.00637	0.00530	0.00390	0.00161	0.00604	0.00317	0.00322	0.00616

[dist]
# distance from previous block
# <min> <max>
0	1

[block]
# block no. 2 follows, 43 sequences, length 9
# corresponding to MSA columns:
# 274-282
name=unknown_C
#
# <colnr> <probs for GDERKNQSTAVLIFYWHMCP>
#	G	D	E	R	K	N	Q	S	T	A	V	L	I	F	Y	W	H	M	C	P
0	0.00692	0.00563	0.00613	0.00601	0.00771	0.00484	0.00450	0.00868	0.01351	0.01707	0.26357	0.04982	0.55978	0.01324	0.00654	0.00183	0.00275	0.01120	0.00542	0.00484
1	0.01201	0.21916	0.59407	0.01424	0.02159	0.01507	0.01778	0.01731	0.01159	0.01644	0.00939	0.01101	0.00704	0.00513	0.00484	0.00161	0.00763	0.00382	0.00235	0.00792
2	0.01662	0.01139	0.01746	0.12484	0.34232	0.01149	0.01293	0.08666	0.01475	0.22826	0.06567	0.01713	0.01299	0.00614	0.00559	0.00170	0.00585	0.00546	0.00433	0.00842
3	0.01028	0.00881	0.01005	0.00757	0.01175	0.00672	0.00599	0.01248	0.01176	0.01729	0.02114	0.02170	0.19391	0.00653	0.00470	0.00108	0.00378	0.00533	0.00374	0.63540
4	0.00933	0.00669	0.00806	0.00797	0.00951	0.00659	0.00586	0.01352	0.14545	0.06189	0.25554	0.29137	0.13111	0.01275	0.00650	0.00195	0.00327	0.01122	0.00562	0.00578
5	0.00804	0.00614	0.00849	0.15733	0.01353	0.00643	0.00690	0.00949	0.01051	0.01383	0.05805	0.31060	0.06057	0.22905	0.01253	0.00301	0.00471	0.07202	0.00418	0.00460
6	0.01116	0.00936	0.01382	0.01575	0.19720	0.03319	0.07191	0.04425	0.01362	0.05371	0.17076	0.20647	0.08772	0.01038	0.00631	0.00187	0.00488	0.03661	0.00457	0.00648
7	0.01687	0.37010	0.02221	0.01297	0.08871	0.05064	0.05222	0.01983	0.05370	0.18801	0.01238	0.01284	0.00946	0.00539	0.00459	0.00141	0.00588	0.00418	0.00371	0.06490
8	0.08830	0.01012	0.01150	0.06451	0.07771	0.03164	0.00820	0.14774	0.06349	0.05462	0.02518	0.09514	0.19782	0.04643	0.00670	0.00192	0.00479	0.00752	0.00453	0.05215

[dist]
# distance from previous block
# <min> <max>
3	103

[block]
# block no. 3 follows, 43 sequences, length 27
# corresponding to MSA columns:
# 424-450
name=unknown_D
#
# <colnr> <probs for GDERKNQSTAVLIFYWHMCP>
#	G	D	E	R	K	N	Q	S	T	A	V	L	I	F	Y	W	H	M	C	P
0	0.00734	0.00556	0.00645	0.00632	0.00758	0.00501	0.00452	0.00898	0.01302	0.01718	0.34056	0.07489	0.31828	0.14800	0.01025	0.00243	0.00318	0.01054	0.00523	0.00467
1	0.00795	0.00580	0.00820	0.00820	0.00894	0.00654	0.00605	0.00944	0.00869	0.01234	0.01548	0.02532	0.01539	0.22925	0.59782	0.00803	0.01251	0.00645	0.00306	0.00455
2	0.01132	0.02720	0.69822	0.01658	0.02449	0.01298	0.09746	0.01756	0.01184	0.01756	0.01007	0.01204	0.00716	0.00520	0.00540	0.00177	0.00831	0.00435	0.00239	0.00811
3	0.00675	0.00482	0.00643	0.00771	0.00803	0.00450	0.00514	0.00771	0.01060	0.01414	0.03053	0.80175	0.03663	0.01735	0.00707	0.00225	0.00321	0.01574	0.00514	0.00450
4	0.01438	0.01505	0.01281	0.01011	0.01438	0.25160	0.00787	0.01652	0.01281	0.01663	0.00944	0.01101	0.00787	0.00461	0.00438	0.00101	0.00595	0.00337	0.00315	0.57704
5	0.02073	0.02518	0.01580	0.01410	0.01713	0.69748	0.01068	0.10377	0.01685	0.01594	0.00909	0.01036	0.00739	0.00581	0.00505	0.00145	0.00955	0.00373	0.00315	0.00676
6	0.84448	0.01071	0.00814	0.00728	0.01071	0.01242	0.00600	0.01628	0.00943	0.02485	0.00771	0.00900	0.00600	0.00514	0.00343	0.00171	0.00428	0.00300	0.00343	0.00600
7	0.01032	0.00516	0.00516	0.00516	0.00645	0.00516	0.00387	0.01290	0.01161	0.02065	0.01807	0.02065	0.01420	0.00645	0.00387	0.00129	0.00258	0.00516	0.83611	0.00516
8	0.00688	0.00517	0.00638	0.00704	0.00793	0.00467	0.00491	0.00824	0.01199	0.01573	0.16288	0.47873	0.22838	0.01546	0.00684	0.00206	0.00301	0.01372	0.00530	0.00467
9	0.01032	0.00516	0.00516	0.00516	0.00645	0.00516	0.00387	0.01290	0.01161	0.02065	0.01807	0.02065	0.01420	0.00645	0.00387	0.00129	0.00258	0.00516	0.83611	0.00516
10	0.01032	0.00516	0.00516	0.00516	0.00645	0.00516	0.00387	0.01290	0.01161	0.02065	0.01807	0.02065	0.01420	0.00645	0.00387	0.00129	0.00258	0.00516	0.83611	0.00516
11	0.02037	0.01517	0.01624	0.01261	0.01692	0.01686	0.01036	0.68471	0.09479	0.03381	0.01416	0.01399	0.01012	0.00673	0.00555	0.00168	0.00593	0.00511	0.00555	0.00936
12	0.01477	0.01345	0.01112	0.01008	0.01255	0.25142	0.00776	0.05869	0.04457	0.11286	0.15169	0.06967	0.16148	0.00961	0.00592	0.00173	0.00567	0.04575	0.00484	0.00636
13	0.01346	0.01290	0.02203	0.09234	0.71443	0.01309	0.01687	0.01678	0.01249	0.01779	0.01037	0.01379	0.00867	0.00498	0.00549	0.00166	0.00664	0.00493	0.00272	0.00857
14	0.12035	0.34059	0.02066	0.01073	0.01516	0.01853	0.00954	0.35919	0.01791	0.02468	0.01031	0.01095	0.00805	0.00568	0.00446	0.00147	0.00580	0.00391	0.00398	0.00805
15	0.16160	0.07218	0.35587	0.01342	0.01888	0.25583	0.01417	0.01870	0.01253	0.01730	0.00898	0.01051	0.00688	0.00535	0.00475	0.00161	0.00793	0.00367	0.00269	0.00718
16	0.00711	0.00508	0.00621	0.00696	0.00737	0.00478	0.00449	0.00784	0.01009	0.01322	0.02971	0.48211	0.12037	0.25265	0.01332	0.00314	0.00381	0.01295	0.00461	0.00418
17	0.00856	0.00582	0.00728	0.00693	0.00846	0.00523	0.00519	0.01073	0.01455	0.06884	0.49568	0.11364	0.20394	0.01218	0.00652	0.00182	0.00285	0.01063	0.00585	0.00531
18	0.01306	0.05478	0.05950	0.16963	0.34937	0.01309	0.04863	0.07930	0.04256	0.01833	0.03558	0.01619	0.01082	0.05758	0.00695	0.00193	0.00658	0.00528	0.00315	0.00769
19	0.01708	0.00844	0.01077	0.00944	0.01227	0.00805	0.00731	0.02138	0.15356	0.39464	0.02471	0.26566	0.02152	0.01028	0.00605	0.00191	0.00418	0.00890	0.00609	0.00775
20	0.00703	0.00542	0.00641	0.00660	0.00789	0.00481	0.00479	0.00872	0.01311	0.01715	0.28531	0.24254	0.34234	0.01399	0.00668	0.00193	0.00285	0.01218	0.00546	0.00481
21	0.01195	0.20638	0.60632	0.01435	0.02175	0.01492	0.01796	0.01732	0.01159	0.01651	0.00943	0.01105	0.00704	0.00514	0.00487	0.00162	0.00767	0.00383	0.00235	0.00794
22	0.01791	0.01607	0.01605	0.01337	0.01634	0.19771	0.04499	0.29151	0.01781	0.06949	0.01337	0.04236	0.01134	0.00788	0.00782	0.00184	0.14149	0.06083	0.00428	0.00755
23	0.00689	0.00529	0.00615	0.00661	0.00766	0.00472	0.00460	0.00813	0.01177	0.01505	0.11842	0.34081	0.34447	0.08294	0.00860	0.00230	0.00316	0.01277	0.00509	0.00455
24	0.00673	0.00487	0.00637	0.00757	0.00800	0.00451	0.00508	0.00773	0.01073	0.01419	0.03219	0.75305	0.08426	0.01713	0.00703	0.00222	0.00319	0.01548	0.00514	0.00451
25	0.01766	0.01573	0.09745	0.06674	0.04584	0.04087	0.19841	0.28781	0.01804	0.13592	0.01321	0.01437	0.00932	0.00588	0.00575	0.00173	0.00715	0.00532	0.00434	0.00846
26	0.00980	0.00732	0.01090	0.04042	0.14902	0.00730	0.00871	0.01197	0.01213	0.05179	0.12807	0.21061	0.02768	0.05724	0.07866	0.00287	0.00555	0.16964	0.00452	0.00578

[dist]
# distance from previous block
# <min> <max>
0	4

[block]
# block no. 4 follows, 43 sequences, length 26
# corresponding to MSA columns:
# 459-484
name=unknown_E
#
# <colnr> <probs for GDERKNQSTAVLIFYWHMCP>
#	G	D	E	R	K	N	Q	S	T	A	V	L	I	F	Y	W	H	M	C	P
0	0.04314	0.14012	0.01874	0.23239	0.10745	0.02706	0.03312	0.17087	0.09309	0.03482	0.02698	0.01432	0.00992	0.00595	0.00539	0.00168	0.01885	0.00484	0.00366	0.00764
1	0.00767	0.00553	0.00697	0.00710	0.00771	0.00570	0.00483	0.00861	0.00921	0.01235	0.02309	0.11263	0.11956	0.36660	0.27232	0.00575	0.00793	0.00863	0.00365	0.00417
2	0.07542	0.60608	0.12233	0.01015	0.01520	0.01930	0.01055	0.01726	0.01143	0.05689	0.00878	0.00981	0.00738	0.00495	0.00388	0.00133	0.00603	0.00325	0.00269	0.00729
3	0.01076	0.00734	0.01095	0.01248	0.13261	0.00777	0.00787	0.03315	0.00983	0.05567	0.01314	0.02002	0.01225	0.10762	0.28239	0.23667	0.02566	0.00562	0.00310	0.00510
4	0.00679	0.00553	0.00601	0.00609	0.00768	0.00475	0.00449	0.00835	0.01292	0.01612	0.17610	0.13805	0.55993	0.01394	0.00660	0.00189	0.00282	0.01187	0.00531	0.00475
5	0.00743	0.00531	0.00644	0.00671	0.00737	0.00499	0.00445	0.00855	0.01130	0.01516	0.21554	0.26225	0.12806	0.27542	0.01384	0.00310	0.00372	0.01125	0.00479	0.00433
6	0.00736	0.00557	0.00679	0.00664	0.00802	0.00500	0.00492	0.00947	0.01432	0.01935	0.49241	0.11614	0.25843	0.01267	0.00659	0.00183	0.00272	0.01104	0.00573	0.00500
7	0.01111	0.02865	0.77667	0.01579	0.02397	0.01286	0.02046	0.01754	0.01169	0.01754	0.00994	0.01169	0.00702	0.00526	0.00526	0.00175	0.00818	0.00409	0.00234	0.00818
8	0.01645	0.00932	0.01136	0.00950	0.01256	0.00930	0.00755	0.09394	0.17903	0.28943	0.26732	0.02613	0.02670	0.00845	0.00590	0.00175	0.00408	0.00713	0.00621	0.00790
9	0.02112	0.01293	0.01472	0.01156	0.01573	0.01366	0.00946	0.39742	0.14178	0.27548	0.01760	0.01631	0.01204	0.00686	0.00557	0.00171	0.00536	0.00538	0.00599	0.00932
10	0.84448	0.01071	0.00814	0.00728	0.01071	0.01242	0.00600	0.01628	0.00943	0.02485	0.00771	0.00900	0.00600	0.00514	0.00343	0.00171	0.00428	0.00300	0.00343	0.00600
11	0.01115	0.00918	0.00907	0.00831	0.01039	0.09670	0.00633	0.01506	0.11438	0.07781	0.36472	0.03588	0.19846	0.01042	0.00616	0.00175	0.00391	0.00880	0.00551	0.00604
12	0.01662	0.00833	0.01115	0.00945	0.01226	0.00821	0.00758	0.06698	0.04267	0.35890	0.10554	0.02213	0.01807	0.01883	0.26234	0.00409	0.00789	0.00619	0.00535	0.00743
13	0.01513	0.67026	0.02636	0.01001	0.01445	0.07662	0.00949	0.01830	0.08811	0.01410	0.00928	0.01017	0.00811	0.00509	0.00387	0.00127	0.00606	0.00334	0.00274	0.00723
14	0.01426	0.01500	0.01258	0.01011	0.01409	0.26319	0.00783	0.01639	0.01318	0.01687	0.06473	0.01317	0.01106	0.00516	0.00457	0.00109	0.00594	0.00387	0.00335	0.50358
15	0.00859	0.01071	0.13531	0.01063	0.01377	0.00755	0.12497	0.01148	0.01282	0.01706	0.17183	0.15026	0.28068	0.01112	0.00641	0.00188	0.00473	0.00994	0.00450	0.00576
16	0.01260	0.03933	0.23499	0.01689	0.04447	0.01229	0.28341	0.01784	0.06097	0.04410	0.03753	0.01467	0.01019	0.00524	0.00558	0.00163	0.00728	0.00524	0.00317	0.14257
17	0.00668	0.00508	0.00615	0.00701	0.00785	0.00456	0.00483	0.00779	0.01128	0.01441	0.03903	0.55276	0.28012	0.01625	0.00689	0.00212	0.00308	0.01440	0.00514	0.00456
18	0.01580	0.01438	0.01185	0.01061	0.01328	0.26407	0.00811	0.04284	0.14359	0.12903	0.13211	0.06700	0.10671	0.00866	0.00573	0.00170	0.00582	0.00695	0.00488	0.00687
19	0.15045	0.02228	0.21566	0.05668	0.01907	0.32362	0.01276	0.10422	0.01457	0.01894	0.00941	0.01093	0.00720	0.00560	0.00491	0.00161	0.00800	0.00385	0.00310	0.00715
20	0.01461	0.01330	0.01228	0.01277	0.08382	0.22303	0.00877	0.07020	0.05579	0.09412	0.02090	0.27656	0.04824	0.01037	0.00600	0.00184	0.00588	0.03043	0.00451	0.00656
21	0.00740	0.00509	0.00623	0.00688	0.00704	0.00493	0.00425	0.00788	0.00933	0.01245	0.02401	0.42053	0.02842	0.40977	0.01759	0.00380	0.00429	0.01191	0.00425	0.00393
22	0.00962	0.00481	0.00722	0.00722	0.00722	0.00481	0.00481	0.00722	0.00722	0.00962	0.00962	0.01684	0.00962	0.01924	0.02165	0.83886	0.00481	0.00481	0.00241	0.00241
23	0.00731	0.00551	0.00683	0.00757	0.00841	0.00523	0.00526	0.00952	0.06266	0.01573	0.11227	0.55991	0.14201	0.01556	0.00684	0.00212	0.00317	0.01390	0.00528	0.00489
24	0.01481	0.80869	0.02902	0.00948	0.01421	0.02191	0.00948	0.01658	0.01125	0.01303	0.00770	0.00888	0.00711	0.00474	0.00355	0.00118	0.00592	0.00296	0.00237	0.00711
25	0.01182	0.15634	0.31284	0.01375	0.07166	0.01306	0.02828	0.01570	0.01127	0.01655	0.01047	0.01288	0.00844	0.00769	0.05403	0.00199	0.06453	0.00418	0.08073	0.10378

[dist]
# distance from previous block
# <min> <max>
0	2

[block]
# block no. 5 follows, 43 sequences, length 24
# corresponding to MSA columns:
# 488,489,508-529
name=unknown_F
#
# <colnr> <probs for GDERKNQSTAVLIFYWHMCP>
#	G	D	E	R	K	N	Q	S	T	A	V	L	I	F	Y	W	H	M	C	P
0	0.05064	0.07495	0.25358	0.02130	0.21621	0.08204	0.18826	0.01773	0.01248	0.01739	0.00998	0.01251	0.00777	0.00504	0.00539	0.00168	0.00787	0.00471	0.00265	0.00784
1	0.01823	0.15030	0.06660	0.01186	0.01631	0.01679	0.01049	0.48610	0.07618	0.02842	0.01308	0.01339	0.00969	0.00629	0.00510	0.00158	0.00588	0.00469	0.05036	0.00866
2	0.01340	0.01391	0.05834	0.07382	0.30686	0.03539	0.16754	0.05878	0.01319	0.01855	0.01051	0.01334	0.00839	0.00488	0.00540	0.00153	0.00684	0.00484	0.00299	0.18149
3	0.00719	0.00547	0.00658	0.00710	0.00824	0.00497	0.00524	0.00871	0.01218	0.01566	0.13654	0.28047	0.30611	0.05827	0.00805	0.00226	0.00337	0.11374	0.00516	0.00468
4	0.00981	0.00976	0.05712	0.10232	0.05370	0.01042	0.04130	0.01226	0.01054	0.01504	0.08886	0.07597	0.01697	0.01876	0.23595	0.00407	0.18893	0.03909	0.00329	0.00583
5	0.00675	0.00482	0.00643	0.00771	0.00803	0.00450	0.00514	0.00771	0.01060	0.01414	0.03053	0.80175	0.03663	0.01735	0.00707	0.00225	0.00321	0.01574	0.00514	0.00450
6	0.01570	0.69579	0.02726	0.00994	0.01464	0.02124	0.00963	0.12131	0.01336	0.01614	0.00850	0.00951	0.00744	0.00501	0.00384	0.00125	0.00595	0.00325	0.00282	0.00744
7	0.50937	0.01230	0.01137	0.00933	0.01316	0.01381	0.00770	0.27229	0.01558	0.07356	0.01050	0.01108	0.00765	0.00577	0.00429	0.00170	0.00494	0.00384	0.00437	0.00739
8	0.00722	0.00551	0.00652	0.00650	0.00781	0.00493	0.00472	0.00900	0.01338	0.01770	0.35569	0.14885	0.31664	0.06105	0.00792	0.00208	0.00293	0.01130	0.00544	0.00481
9	0.00721	0.00555	0.00659	0.00651	0.00794	0.00493	0.00482	0.00918	0.01394	0.01851	0.40995	0.12580	0.33303	0.01302	0.00659	0.00185	0.00275	0.01128	0.00562	0.00493
10	0.01487	0.01171	0.01361	0.01166	0.01425	0.01378	0.00938	0.17522	0.31983	0.06384	0.01672	0.01751	0.01292	0.01115	0.08753	0.00263	0.15581	0.00562	0.03403	0.00791
11	0.00700	0.00538	0.00641	0.00668	0.00789	0.00479	0.00481	0.00864	0.01292	0.01691	0.26440	0.28218	0.32357	0.01424	0.00670	0.00195	0.00287	0.01244	0.00543	0.00479
12	0.00904	0.00735	0.00824	0.00787	0.00977	0.00744	0.00593	0.01486	0.22788	0.01949	0.26627	0.11681	0.25433	0.01165	0.00633	0.00187	0.00324	0.01003	0.00558	0.00600
13	0.01422	0.70300	0.02588	0.00891	0.01319	0.01971	0.00874	0.01610	0.01130	0.01403	0.00906	0.01043	0.00804	0.00496	0.00360	0.00120	0.00548	0.00325	0.11204	0.00685
14	0.06098	0.01055	0.01207	0.00943	0.01345	0.00998	0.00759	0.14901	0.09792	0.15199	0.10474	0.01753	0.01549	0.00633	0.00503	0.00140	0.00442	0.00510	0.00490	0.31209
15	0.01281	0.01052	0.01124	0.03795	0.01323	0.10208	0.00819	0.08271	0.13782	0.07034	0.01774	0.09861	0.01605	0.04398	0.27854	0.00441	0.00894	0.03420	0.00420	0.00644
16	0.01626	0.01904	0.01378	0.05938	0.01614	0.46636	0.00974	0.01912	0.07304	0.01583	0.13825	0.01829	0.04732	0.00737	0.00622	0.00162	0.05694	0.00535	0.00366	0.00629
17	0.00749	0.00536	0.00624	0.00653	0.00711	0.00508	0.00425	0.00826	0.01023	0.01333	0.08031	0.20041	0.17918	0.39434	0.01708	0.00365	0.00420	0.03857	0.00435	0.00406
18	0.01130	0.01168	0.04702	0.01479	0.12783	0.06925	0.11997	0.01404	0.01265	0.01710	0.07337	0.10002	0.10479	0.00813	0.00575	0.00162	0.00560	0.04988	0.00377	0.20143
19	0.09642	0.01435	0.04689	0.06153	0.15098	0.15415	0.03893	0.05992	0.06612	0.09214	0.05914	0.07668	0.01389	0.00692	0.00538	0.00168	0.00625	0.00576	0.00397	0.03889
20	0.01052	0.00804	0.00986	0.03867	0.01168	0.00870	0.00707	0.12654	0.09989	0.01941	0.16717	0.08445	0.07987	0.08077	0.21771	0.00401	0.00711	0.00790	0.00462	0.00600
21	0.00975	0.03387	0.00916	0.00832	0.00972	0.00753	0.00605	0.05858	0.05569	0.04237	0.02449	0.34504	0.07812	0.14423	0.05889	0.00295	0.03476	0.01038	0.00452	0.05559
22	0.04797	0.10826	0.04379	0.04158	0.06311	0.26459	0.08630	0.13231	0.04019	0.01819	0.01102	0.04226	0.00929	0.00692	0.00624	0.05535	0.00750	0.00478	0.00335	0.00700
23	0.13382	0.05761	0.01470	0.06126	0.10510	0.04855	0.03766	0.12677	0.01333	0.05106	0.01379	0.11838	0.01282	0.04051	0.06894	0.00246	0.04725	0.00613	0.00377	0.03609

[dist]
# distance from previous block
# <min> <max>
0	140

[block]
# block no. 6 follows, 43 sequences, length 27
# corresponding to MSA columns:
# 675-701
name=unknown_G
#
# <colnr> <probs for GDERKNQSTAVLIFYWHMCP>
#	G	D	E	R	K	N	Q	S	T	A	V	L	I	F	Y	W	H	M	C	P
0	0.07234	0.15667	0.05329	0.03988	0.01502	0.04352	0.04339	0.14706	0.01420	0.06318	0.04306	0.05531	0.02880	0.03258	0.07993	0.00235	0.00652	0.00542	0.03097	0.06651
1	0.16083	0.03662	0.09380	0.07695	0.10076	0.04398	0.03534	0.12255	0.05528	0.02093	0.01050	0.01238	0.00822	0.00567	0.00577	0.00161	0.06245	0.00426	0.00342	0.13868
2	0.07170	0.07395	0.12662	0.07230	0.06342	0.12509	0.01037	0.03174	0.08093	0.01682	0.06111	0.07648	0.01511	0.12717	0.00868	0.00223	0.00623	0.00601	0.00351	0.02050
3	0.04487	0.03635	0.06509	0.02551	0.09112	0.00796	0.03382	0.01181	0.01168	0.03237	0.07858	0.22077	0.08290	0.09976	0.00878	0.00239	0.00485	0.13144	0.00430	0.00564
4	0.04738	0.08407	0.12219	0.09843	0.03096	0.02803	0.06148	0.07128	0.05427	0.10431	0.10832	0.04746	0.01646	0.07316	0.00767	0.00204	0.02538	0.00607	0.00404	0.00701
5	0.01390	0.11410	0.21947	0.01473	0.10157	0.14179	0.01282	0.04227	0.08802	0.01740	0.01289	0.01411	0.04295	0.00583	0.00523	0.00152	0.02213	0.00446	0.00317	0.12164
6	0.01131	0.01121	0.10229	0.01018	0.01343	0.00912	0.03719	0.13088	0.07591	0.03403	0.02475	0.26068	0.12756	0.01049	0.00598	0.00180	0.00469	0.00909	0.00461	0.11480
7	0.03048	0.06374	0.07692	0.00908	0.01191	0.00850	0.00782	0.01606	0.06230	0.19998	0.04091	0.04410	0.07138	0.07650	0.01052	0.16058	0.00490	0.06176	0.00441	0.03814
8	0.01173	0.01049	0.02521	0.05350	0.01293	0.09765	0.00775	0.07633	0.12670	0.01882	0.05583	0.02966	0.17328	0.01204	0.07280	0.00237	0.00570	0.06940	0.13162	0.00620
9	0.01236	0.01759	0.25488	0.02445	0.34924	0.01258	0.13799	0.01678	0.01242	0.01773	0.01214	0.01778	0.01030	0.00594	0.00579	0.00180	0.00739	0.07196	0.00284	0.00804
10	0.01307	0.01494	0.03268	0.02334	0.02894	0.01401	0.75070	0.01774	0.01307	0.01774	0.01120	0.01494	0.00840	0.00467	0.00654	0.00187	0.00934	0.00654	0.00280	0.00747
11	0.00686	0.00524	0.00630	0.00685	0.00788	0.00468	0.00483	0.00825	0.01215	0.01575	0.16077	0.41399	0.29611	0.01519	0.00680	0.00203	0.00297	0.01338	0.00530	0.00468
12	0.01199	0.00918	0.01012	0.00897	0.01153	0.00942	0.00718	0.24478	0.06227	0.02271	0.11545	0.06663	0.29032	0.01128	0.00632	0.00188	0.00420	0.09385	0.00540	0.00652
13	0.01021	0.00658	0.00800	0.00734	0.00900	0.00639	0.00558	0.07971	0.01549	0.05654	0.46797	0.09030	0.03820	0.01022	0.00593	0.00169	0.00307	0.00886	0.16319	0.00574
14	0.05991	0.00844	0.01021	0.00835	0.01146	0.00801	0.00674	0.08346	0.01517	0.38579	0.08794	0.02047	0.01664	0.00705	0.00506	0.00159	0.00400	0.00568	0.24642	0.00763
15	0.01608	0.64224	0.02629	0.01035	0.01483	0.11245	0.00972	0.08493	0.01314	0.01510	0.00832	0.00942	0.00732	0.00503	0.00391	0.00126	0.00642	0.00322	0.00272	0.00724
16	0.01066	0.00979	0.01265	0.01601	0.24456	0.07914	0.00932	0.01315	0.01406	0.01899	0.35642	0.11213	0.06159	0.00959	0.00612	0.00174	0.00459	0.00854	0.00462	0.00633
17	0.00680	0.00553	0.00602	0.00608	0.00768	0.00475	0.00449	0.00837	0.01294	0.01615	0.17945	0.13423	0.56037	0.01392	0.00660	0.00189	0.00282	0.01184	0.00531	0.00475
18	0.00685	0.00556	0.00607	0.00608	0.00770	0.00478	0.00451	0.00848	0.01313	0.01649	0.21037	0.11027	0.55300	0.01370	0.00658	0.00187	0.00280	0.01164	0.00535	0.00478
19	0.00693	0.00538	0.00631	0.00659	0.00785	0.00476	0.00475	0.00851	0.01278	0.01654	0.22779	0.27641	0.36689	0.01435	0.00670	0.00195	0.00288	0.01249	0.00538	0.00476
20	0.01904	0.02246	0.01497	0.01348	0.01647	0.56680	0.01023	0.05365	0.19538	0.01674	0.01212	0.01269	0.00958	0.00618	0.00517	0.00155	0.00848	0.00427	0.00363	0.00711
21	0.01358	0.01303	0.02225	0.06395	0.74186	0.01313	0.01693	0.01688	0.01255	0.01794	0.01039	0.01375	0.00872	0.00496	0.00549	0.00165	0.00661	0.00493	0.00273	0.00867
22	0.00988	0.00772	0.00877	0.05024	0.01150	0.00792	0.00649	0.03047	0.21099	0.04312	0.11062	0.13514	0.29027	0.01131	0.00616	0.00187	0.00362	0.00964	0.03813	0.00614
23	0.01447	0.73694	0.09780	0.01006	0.01511	0.02108	0.01049	0.01667	0.01129	0.01344	0.00791	0.00914	0.00710	0.00479	0.00371	0.00124	0.00613	0.00307	0.00237	0.00721
24	0.01114	0.01145	0.04224	0.01849	0.28106	0.08019	0.05632	0.01364	0.01284	0.01685	0.10505	0.17729	0.13148	0.00950	0.00608	0.00181	0.00546	0.00857	0.00394	0.00661
25	0.01157	0.00820	0.00924	0.00899	0.04024	0.04556	0.00646	0.03698	0.01298	0.13120	0.03233	0.21520	0.26958	0.01141	0.00633	0.00179	0.02347	0.00965	0.03624	0.08258
26	0.01736	0.08252	0.04912	0.05641	0.01737	0.17259	0.01037	0.32025	0.05017	0.02346	0.01368	0.01438	0.04662	0.00630	0.00515	0.00152	0.00659	0.00469	0.00415	0.09729

[dist]
# distance from previous block
# <min> <max>
0	30

[block]
# block no. 7 follows, 43 sequences, length 14
# corresponding to MSA columns:
# 732-745
name=unknown_H
#
# <colnr> <probs for GDERKNQSTAVLIFYWHMCP>
#	G	D	E	R	K	N	Q	S	T	A	V	L	I	F	Y	W	H	M	C	P
0	0.01629	0.13630	0.33157	0.01322	0.01896	0.11567	0.01406	0.10284	0.04499	0.13679	0.01219	0.01273	0.00876	0.00574	0.00507	0.00162	0.00716	0.00428	0.00361	0.00815
1	0.01471	0.13851	0.22889	0.06361	0.18127	0.03240	0.03937	0.09457	0.06178	0.07576	0.01176	0.01323	0.00886	0.00553	0.00518	0.00164	0.00681	0.00456	0.00335	0.00822
2	0.00908	0.00633	0.00727	0.00721	0.00876	0.00595	0.00520	0.01179	0.08817	0.07800	0.07774	0.24197	0.31182	0.10415	0.00899	0.00235	0.00351	0.01119	0.00518	0.00532
3	0.01200	0.01513	0.17522	0.19058	0.25990	0.03463	0.03207	0.01712	0.08775	0.01762	0.06357	0.04484	0.01284	0.00630	0.00560	0.00176	0.00664	0.00563	0.00321	0.00758
4	0.01522	0.05576	0.17308	0.05204	0.18032	0.05425	0.07235	0.14140	0.05039	0.08391	0.01422	0.01550	0.04167	0.00602	0.00545	0.00168	0.00674	0.00514	0.01672	0.00816
5	0.00965	0.00764	0.00953	0.01123	0.11293	0.04222	0.00697	0.01102	0.01082	0.04163	0.02440	0.15068	0.12828	0.24706	0.10294	0.00376	0.00610	0.06401	0.00399	0.00514
6	0.00773	0.00540	0.00674	0.00714	0.00822	0.00487	0.00507	0.00923	0.01250	0.04839	0.21207	0.41421	0.20854	0.01470	0.00676	0.00202	0.00304	0.01301	0.00544	0.00492
7	0.01231	0.01248	0.05571	0.14344	0.18752	0.03157	0.13030	0.05373	0.01257	0.03484	0.01667	0.07854	0.08895	0.00766	0.00749	0.00188	0.10735	0.00665	0.00333	0.00701
8	0.01647	0.12489	0.12207	0.01341	0.08078	0.16222	0.01103	0.07828	0.07301	0.14258	0.01673	0.01754	0.07255	0.03731	0.00609	0.00175	0.00650	0.00517	0.00401	0.00762
9	0.00737	0.00559	0.00705	0.00761	0.00878	0.00527	0.00582	0.00909	0.01207	0.01567	0.12027	0.25198	0.26177	0.01772	0.08716	0.00282	0.00460	0.15953	0.00502	0.00480
10	0.01938	0.02422	0.01470	0.01342	0.01598	0.70279	0.00994	0.02066	0.01491	0.01326	0.00948	0.01270	0.00848	0.08831	0.00739	0.00183	0.00951	0.00403	0.00291	0.00610
11	0.01330	0.01324	0.04733	0.00974	0.01427	0.11648	0.00803	0.07394	0.01320	0.01856	0.01089	0.04758	0.00940	0.00519	0.00453	0.00108	0.00523	0.00406	0.00344	0.58050
12	0.04463	0.00822	0.00834	0.00799	0.00980	0.04308	0.00597	0.07285	0.12470	0.01974	0.09156	0.20090	0.12394	0.02479	0.00605	0.00184	0.00376	0.00889	0.18706	0.00589
13	0.04169	0.01216	0.01383	0.01237	0.07620	0.07253	0.00915	0.21595	0.01790	0.32327	0.09410	0.01839	0.01544	0.00695	0.00547	0.00165	0.00533	0.00558	0.04361	0.00841

[dist]
# distance from previous block
# <min> <max>
0	1

[block]
# block no. 8 follows, 43 sequences, length 9
# corresponding to MSA columns:
# 747-755
name=unknown_I
#
# <colnr> <probs for GDERKNQSTAVLIFYWHMCP>
#	G	D	E	R	K	N	Q	S	T	A	V	L	I	F	Y	W	H	M	C	P
0	0.00736	0.00586	0.00741	0.08410	0.01087	0.00555	0.00583	0.00924	0.01290	0.01682	0.25512	0.22032	0.31210	0.01317	0.00656	0.00192	0.00330	0.01147	0.00516	0.00494
1	0.01067	0.00823	0.00999	0.00923	0.01096	0.00899	0.00709	0.14161	0.08765	0.01945	0.12876	0.16588	0.08954	0.04306	0.18856	0.00366	0.04728	0.00866	0.00469	0.00605
2	0.01207	0.01170	0.10011	0.09290	0.06733	0.01009	0.08311	0.05736	0.08868	0.05832	0.01698	0.12509	0.01520	0.00933	0.03892	0.00207	0.00599	0.04409	0.08607	0.07459
3	0.01594	0.00986	0.01148	0.00985	0.01278	0.01036	0.00773	0.09981	0.29589	0.20956	0.09396	0.04899	0.01879	0.00884	0.00689	0.06688	0.00436	0.00649	0.05377	0.00779
4	0.01702	0.01309	0.01321	0.01082	0.01420	0.08598	0.00866	0.36556	0.07790	0.08742	0.14619	0.02290	0.09621	0.00820	0.00577	0.00170	0.00529	0.00654	0.00545	0.00788
5	0.01002	0.00882	0.01163	0.07505	0.12461	0.05196	0.00889	0.01293	0.06880	0.01471	0.01765	0.20117	0.01805	0.08680	0.23356	0.00425	0.03369	0.00802	0.00361	0.00578
6	0.06176	0.01098	0.01410	0.09108	0.14321	0.01204	0.01020	0.21689	0.01560	0.08328	0.01408	0.04884	0.01122	0.00684	0.00612	0.00169	0.06664	0.00539	0.17257	0.00746
7	0.01459	0.21862	0.04761	0.01137	0.03367	0.14145	0.05468	0.04814	0.05837	0.06672	0.06466	0.01822	0.03679	0.07162	0.02480	0.00198	0.00634	0.00523	0.06839	0.00675
8	0.01092	0.00894	0.07090	0.00875	0.01092	0.00765	0.00735	0.06989	0.01423	0.09390	0.30926	0.07697	0.10146	0.10291	0.00946	0.00226	0.04577	0.03742	0.00513	0.00593

[dist]
# distance from previous block
# <min> <max>
2	22

[block]
# block no. 9 follows, 43 sequences, length 18
# corresponding to MSA columns:
# 796-813
name=unknown_J
#
# <colnr> <probs for GDERKNQSTAVLIFYWHMCP>
#	G	D	E	R	K	N	Q	S	T	A	V	L	I	F	Y	W	H	M	C	P
0	0.00709	0.00536	0.00626	0.00654	0.00758	0.00484	0.00455	0.00840	0.01199	0.01556	0.18613	0.25817	0.30811	0.13222	0.00991	0.00247	0.00326	0.01195	0.00507	0.00454
1	0.01027	0.00790	0.00906	0.00895	0.01051	0.00838	0.00668	0.07035	0.20846	0.01784	0.02604	0.21370	0.07498	0.17207	0.01089	0.00276	0.00445	0.12591	0.00493	0.00587
2	0.01519	0.24204	0.07006	0.01196	0.01489	0.28424	0.01029	0.01690	0.01198	0.01331	0.00943	0.01340	0.00881	0.09242	0.04231	0.00227	0.12732	0.00420	0.00267	0.00629
3	0.00801	0.00636	0.00957	0.00941	0.01053	0.00608	0.08441	0.01002	0.05440	0.01479	0.02823	0.57163	0.07750	0.01535	0.00788	0.05893	0.00401	0.01321	0.00474	0.00493
4	0.14535	0.07310	0.03128	0.15726	0.28206	0.15029	0.05135	0.01731	0.01229	0.01726	0.00939	0.01217	0.00763	0.00519	0.00499	0.00163	0.00709	0.00431	0.00279	0.00726
5	0.06852	0.06226	0.01081	0.00864	0.01140	0.00877	0.00719	0.01903	0.08751	0.25024	0.02056	0.02696	0.01686	0.00826	0.00527	0.00175	0.00425	0.15139	0.22331	0.00700
6	0.00792	0.00562	0.00747	0.00753	0.00804	0.00610	0.00520	0.00895	0.00859	0.01194	0.01675	0.06393	0.01777	0.39167	0.40079	0.00697	0.00995	0.00736	0.00324	0.00419
7	0.01714	0.14404	0.30746	0.01295	0.01857	0.14048	0.01361	0.06316	0.01412	0.19891	0.01242	0.01279	0.00880	0.00572	0.00504	0.00160	0.00718	0.00424	0.00370	0.00810
8	0.01465	0.06514	0.01650	0.06858	0.16354	0.01203	0.06006	0.09492	0.14555	0.12954	0.02141	0.05259	0.11611	0.00760	0.00568	0.00175	0.00541	0.00660	0.00452	0.00782
9	0.20899	0.01434	0.01600	0.03980	0.21614	0.11502	0.01150	0.13883	0.01398	0.04793	0.00997	0.01205	0.00794	0.00612	0.00675	0.00175	0.11760	0.00432	0.00347	0.00749
10	0.01728	0.01629	0.05199	0.12112	0.20090	0.21410	0.01258	0.08511	0.01482	0.13949	0.01189	0.01342	0.00889	0.00564	0.00528	0.00158	0.00714	0.00453	0.00366	0.06430
11	0.01014	0.00622	0.00716	0.00672	0.00872	0.00537	0.00503	0.01159	0.01284	0.15634	0.07725	0.12721	0.46440	0.06612	0.00788	0.00211	0.00337	0.01067	0.00539	0.00548
12	0.01358	0.01052	0.01392	0.01618	0.20036	0.02198	0.01044	0.15963	0.08148	0.06472	0.02110	0.15737	0.03989	0.01003	0.00623	0.00196	0.00527	0.15328	0.00473	0.00734
13	0.07240	0.06554	0.02653	0.14574	0.01907	0.12444	0.01062	0.16831	0.10302	0.10406	0.01342	0.04085	0.01045	0.00679	0.00618	0.00174	0.06407	0.00507	0.00415	0.00754
14	0.04116	0.04640	0.11984	0.01212	0.01585	0.01042	0.14946	0.09093	0.01365	0.09981	0.09181	0.04785	0.07852	0.13577	0.00943	0.00235	0.00595	0.01782	0.00417	0.00668
15	0.00880	0.03445	0.00968	0.00959	0.03705	0.02862	0.02906	0.01092	0.04167	0.01503	0.03126	0.26345	0.19773	0.08122	0.00895	0.00238	0.03227	0.14811	0.00459	0.00517
16	0.01252	0.15594	0.03208	0.11240	0.01607	0.03285	0.00904	0.08457	0.06205	0.05183	0.05564	0.06641	0.07887	0.01131	0.08573	0.00236	0.00626	0.03177	0.00394	0.08835
17	0.07050	0.05323	0.10525	0.12510	0.06938	0.23063	0.05468	0.03004	0.05546	0.01701	0.07043	0.06829	0.01336	0.00678	0.00536	0.00168	0.00715	0.00552	0.00335	0.00677

[dist]
# distance from previous block
# <min> <max>
7	143

[block]
# block no. 10 follows, 43 sequences, length 7
# corresponding to MSA columns:
# 1007-1013
name=unknown_K
#
# <colnr> <probs for GDERKNQSTAVLIFYWHMCP>
#	G	D	E	R	K	N	Q	S	T	A	V	L	I	F	Y	W	H	M	C	P
0	0.05484	0.08469	0.01367	0.01142	0.06960	0.01213	0.00850	0.16663	0.12247	0.05163	0.08094	0.02425	0.14895	0.02546	0.05941	0.00229	0.04478	0.00660	0.00460	0.00713
1	0.01505	0.06997	0.01390	0.03761	0.10457	0.01075	0.00893	0.18679	0.01546	0.15681	0.02130	0.19224	0.08171	0.00994	0.00662	0.04349	0.00494	0.00788	0.00482	0.00721
2	0.09157	0.01003	0.01324	0.06810	0.12125	0.01043	0.03093	0.14225	0.04458	0.12252	0.06254	0.16917	0.01824	0.06147	0.00723	0.00206	0.00511	0.00754	0.00464	0.00710
3	0.05598	0.07280	0.07152	0.05305	0.07247	0.13990	0.07803	0.08607	0.11093	0.06373	0.01531	0.01639	0.05982	0.00721	0.02241	0.00183	0.03259	0.00519	0.00377	0.03102
4	0.01262	0.01288	0.06435	0.16863	0.01841	0.10323	0.01016	0.09984	0.09924	0.01843	0.02177	0.02281	0.17014	0.00799	0.00635	0.00174	0.05805	0.00626	0.06663	0.03045
5	0.00819	0.00652	0.00857	0.08073	0.01160	0.00655	0.00660	0.01007	0.01223	0.01654	0.22490	0.20405	0.15582	0.06679	0.00867	0.00217	0.05078	0.05937	0.00475	0.05510
6	0.01450	0.01300	0.08417	0.01125	0.01438	0.06206	0.06450	0.22344	0.04911	0.06573	0.01619	0.08871	0.01473	0.19569	0.01095	0.00259	0.00602	0.00669	0.04947	0.00684

[dist]
# distance from previous block
# <min> <max>
0	1

[block]
# block no. 11 follows, 43 sequences, length 24
# corresponding to MSA columns:
# 1015-1038
name=unknown_L
#
# <colnr> <probs for GDERKNQSTAVLIFYWHMCP>
#	G	D	E	R	K	N	Q	S	T	A	V	L	I	F	Y	W	H	M	C	P
0	0.03561	0.11846	0.03609	0.01021	0.05728	0.03417	0.00761	0.04869	0.11875	0.03087	0.06676	0.16607	0.14385	0.09176	0.00802	0.00215	0.00463	0.00841	0.00440	0.00621
1	0.01341	0.01558	0.12153	0.08718	0.37363	0.10538	0.01442	0.04982	0.01281	0.01701	0.01177	0.04913	0.01057	0.08510	0.00772	0.00205	0.00699	0.00543	0.00297	0.00750
2	0.06676	0.01510	0.04155	0.01768	0.17784	0.07962	0.08482	0.24195	0.11732	0.02384	0.01262	0.01381	0.00962	0.00580	0.00535	0.00163	0.00643	0.00491	0.00406	0.06929
3	0.03946	0.05810	0.03098	0.01731	0.19661	0.15088	0.04967	0.13948	0.01498	0.03748	0.05153	0.02932	0.01185	0.00847	0.05283	0.00207	0.04222	0.00515	0.05422	0.00739
4	0.09506	0.01454	0.04623	0.04499	0.09441	0.21587	0.03281	0.01765	0.05933	0.06253	0.11526	0.01801	0.01547	0.01115	0.10659	0.00258	0.00762	0.00535	0.02789	0.00666
5	0.00703	0.00548	0.00638	0.00647	0.00786	0.00483	0.00473	0.00877	0.01331	0.01733	0.29883	0.18665	0.38511	0.01370	0.00664	0.00190	0.00281	0.01185	0.00547	0.00483
6	0.00882	0.00672	0.00925	0.01082	0.11168	0.00700	0.00638	0.00989	0.00950	0.01316	0.06230	0.08672	0.02022	0.42621	0.15892	0.00496	0.03148	0.00783	0.00347	0.00467
7	0.01867	0.08623	0.01643	0.01174	0.01569	0.05783	0.00972	0.54488	0.02273	0.03003	0.11554	0.01655	0.01493	0.00706	0.00547	0.00162	0.00582	0.00541	0.00518	0.00847
8	0.00837	0.00635	0.00805	0.00768	0.00923	0.00578	0.00548	0.00984	0.01058	0.01504	0.08842	0.29469	0.02497	0.14539	0.13631	0.00346	0.00561	0.00944	0.00415	0.20116
9	0.01481	0.05589	0.09689	0.07324	0.32047	0.01343	0.13238	0.06440	0.05845	0.09731	0.01241	0.01445	0.00940	0.00541	0.00555	0.00170	0.00684	0.00515	0.00345	0.00836
10	0.01533	0.01205	0.01790	0.08985	0.30854	0.01275	0.03646	0.18326	0.01519	0.09563	0.01276	0.01573	0.01010	0.03285	0.09009	0.00259	0.03181	0.00525	0.00379	0.00806
11	0.00680	0.00529	0.00618	0.00664	0.00781	0.00467	0.00472	0.00818	0.01220	0.01557	0.13843	0.35682	0.37688	0.01503	0.00676	0.00201	0.00295	0.01312	0.00527	0.00467
12	0.01798	0.02485	0.27521	0.01418	0.01905	0.41426	0.01369	0.02122	0.01435	0.11881	0.01085	0.01178	0.00799	0.00571	0.00516	0.00158	0.00865	0.00402	0.00322	0.00743
13	0.01324	0.21353	0.08968	0.20498	0.09840	0.04858	0.12747	0.03545	0.03193	0.01580	0.00977	0.01267	0.00786	0.00550	0.00604	0.00167	0.06296	0.00458	0.00268	0.00719
14	0.01202	0.00816	0.01184	0.01014	0.01234	0.00790	0.10749	0.01550	0.10849	0.14762	0.05604	0.18285	0.07994	0.18955	0.01126	0.00271	0.00492	0.02029	0.00482	0.00611
15	0.12124	0.00598	0.00661	0.00696	0.00829	0.00576	0.00502	0.00942	0.01187	0.01723	0.16304	0.35860	0.23291	0.01373	0.00634	0.00199	0.00314	0.01191	0.00507	0.00488
16	0.13359	0.01143	0.01302	0.01026	0.01417	0.01172	0.00842	0.28843	0.01867	0.32458	0.09399	0.01781	0.01508	0.00701	0.00537	0.00170	0.00494	0.00547	0.00583	0.00852
17	0.01527	0.01523	0.11174	0.01613	0.08633	0.01427	0.12874	0.28885	0.08014	0.02367	0.01361	0.05028	0.01117	0.05044	0.00793	0.00201	0.06620	0.00586	0.00410	0.00804
18	0.00775	0.00631	0.01014	0.00975	0.01092	0.00589	0.10692	0.00944	0.01160	0.01568	0.12417	0.59506	0.03482	0.01483	0.00693	0.00213	0.00397	0.01374	0.00495	0.00500
19	0.00935	0.00670	0.01069	0.00996	0.01146	0.00620	0.10719	0.01109	0.01192	0.08395	0.10022	0.54841	0.03226	0.01408	0.00681	0.00210	0.00412	0.01300	0.00507	0.00542
20	0.01009	0.00619	0.01069	0.00942	0.01018	0.00607	0.10663	0.00865	0.00801	0.01073	0.00984	0.01658	0.00945	0.01725	0.01958	0.72461	0.00543	0.00505	0.00246	0.00310
21	0.03614	0.14178	0.31123	0.10948	0.03516	0.12151	0.01466	0.07917	0.03581	0.05020	0.01051	0.01208	0.00788	0.00552	0.00500	0.00162	0.00743	0.00414	0.00302	0.00765
22	0.01513	0.06464	0.19692	0.03564	0.12225	0.05082	0.16950	0.20190	0.05110	0.02174	0.01150	0.01329	0.00863	0.00554	0.00554	0.00170	0.00745	0.00497	0.00347	0.00826
