[name]
unknown

[dist]
# distance from previous block
# <min> <max>
9	131

[block]
# block no. 0 follows, 44 sequences, length 49
# corresponding to MSA columns:
# 521-540,543-571
name=unknown_A
#
# <colnr> <probs for GDERKNQSTAVLIFYWHMCP>
#	G	D	E	R	K	N	Q	S	T	A	V	L	I	F	Y	W	H	M	C	P
0	0.04641	0.01392	0.10893	0.01903	0.28016	0.08495	0.01238	0.01606	0.08149	0.01684	0.01526	0.19176	0.01498	0.00831	0.00652	0.00183	0.06355	0.00706	0.00346	0.00709
1	0.11625	0.01294	0.02005	0.10249	0.17877	0.05592	0.19279	0.01710	0.01175	0.08762	0.01047	0.01333	0.00818	0.00590	0.00752	0.00183	0.14184	0.00498	0.00309	0.00719
2	0.01360	0.30319	0.09832	0.00990	0.01397	0.01457	0.00937	0.11600	0.10620	0.05320	0.08833	0.02041	0.11718	0.00725	0.00495	0.00154	0.00513	0.00563	0.00405	0.00722
3	0.01734	0.01266	0.01610	0.16932	0.04787	0.06089	0.06478	0.24038	0.06432	0.17981	0.05954	0.01655	0.01249	0.00644	0.00556	0.00170	0.00615	0.00541	0.00469	0.00800
4	0.00787	0.00802	0.07907	0.00780	0.01008	0.00625	0.00673	0.01022	0.01204	0.01638	0.21146	0.03478	0.27392	0.01866	0.20813	0.00352	0.00636	0.00834	0.00435	0.06602
5	0.01103	0.18917	0.03879	0.01067	0.06659	0.00979	0.00817	0.01283	0.01154	0.08530	0.02191	0.36322	0.02378	0.01175	0.00595	0.00191	0.00457	0.11274	0.00433	0.00597
6	0.01611	0.01456	0.05763	0.01138	0.01461	0.18526	0.04423	0.18638	0.01645	0.12489	0.08811	0.09484	0.07155	0.04108	0.00659	0.00183	0.00609	0.00677	0.00462	0.00702
7	0.01123	0.01074	0.01307	0.09622	0.14398	0.08862	0.00965	0.01433	0.05440	0.01745	0.21459	0.02449	0.10033	0.00815	0.00695	0.00169	0.08970	0.00664	0.00397	0.08378
8	0.01334	0.01209	0.04861	0.01277	0.08408	0.11413	0.00978	0.04242	0.11272	0.08293	0.05441	0.03183	0.04241	0.00929	0.00601	0.00186	0.00560	0.23939	0.00451	0.07182
9	0.01147	0.00984	0.01138	0.00829	0.01301	0.00773	0.00662	0.01484	0.06610	0.01813	0.01060	0.01196	0.00870	0.00428	0.00415	0.00088	0.00406	0.00344	0.00340	0.78113
10	0.01230	0.28553	0.16388	0.01011	0.01408	0.01408	0.01018	0.01595	0.05824	0.01639	0.01133	0.01314	0.00925	0.00579	0.00560	0.00144	0.08992	0.00404	0.19127	0.06748
11	0.00853	0.00525	0.00745	0.00745	0.00781	0.00561	0.00518	0.00823	0.00788	0.01086	0.01299	0.02244	0.01320	0.19685	0.29972	0.36005	0.00842	0.00582	0.00277	0.00347
12	0.03786	0.30190	0.11306	0.04341	0.17410	0.01513	0.01182	0.04230	0.05617	0.06269	0.08121	0.01466	0.01245	0.00575	0.00474	0.00150	0.00578	0.00458	0.00333	0.00754
13	0.01219	0.01637	0.21336	0.01901	0.26808	0.08303	0.01358	0.01691	0.09329	0.01714	0.05038	0.06331	0.03628	0.06501	0.00711	0.00196	0.00639	0.00594	0.00332	0.00735
14	0.00796	0.00511	0.00739	0.00782	0.00825	0.00532	0.00554	0.00814	0.00877	0.01202	0.01809	0.28309	0.01979	0.02561	0.27091	0.28263	0.00749	0.00872	0.00346	0.00389
15	0.01136	0.01725	0.38583	0.03766	0.03484	0.00944	0.01336	0.01544	0.01236	0.11198	0.10986	0.15104	0.04956	0.00846	0.00574	0.00181	0.00586	0.00720	0.00390	0.00705
16	0.11933	0.05952	0.20021	0.12331	0.09588	0.06867	0.01238	0.03719	0.01219	0.06295	0.03858	0.09887	0.03479	0.00703	0.00519	0.00172	0.00618	0.00574	0.00339	0.00690
17	0.05543	0.01012	0.01334	0.06756	0.01577	0.01015	0.07720	0.11503	0.11200	0.25000	0.02562	0.02462	0.18321	0.00802	0.00569	0.00176	0.00494	0.00678	0.00520	0.00757
18	0.59968	0.01393	0.01086	0.01104	0.08323	0.17093	0.00786	0.01727	0.01084	0.02156	0.00801	0.00949	0.00639	0.00516	0.00388	0.00162	0.00558	0.00324	0.00319	0.00624
19	0.01378	0.00889	0.08025	0.00833	0.01116	0.00672	0.00707	0.01572	0.01286	0.29389	0.08202	0.10363	0.18984	0.12992	0.00922	0.00232	0.00434	0.00833	0.00523	0.00646
20	0.00660	0.00493	0.00614	0.00711	0.00778	0.00447	0.00485	0.00765	0.01090	0.01411	0.03595	0.62862	0.20848	0.01631	0.00684	0.00213	0.00307	0.01456	0.00506	0.00447
21	0.06368	0.29338	0.01869	0.00980	0.01435	0.01546	0.00860	0.23628	0.01538	0.02137	0.00984	0.01080	0.00793	0.00507	0.00423	0.00123	0.00526	0.00360	0.00359	0.25147
22	0.01360	0.01372	0.15092	0.05052	0.06141	0.01101	0.07997	0.10272	0.11603	0.10460	0.12158	0.05091	0.01704	0.00699	0.00559	0.00168	0.00561	0.00612	0.00438	0.07559
23	0.30472	0.01826	0.31610	0.01478	0.08870	0.01265	0.09043	0.03973	0.01151	0.04255	0.00963	0.01135	0.00712	0.00514	0.00472	0.00171	0.00652	0.00405	0.00299	0.00736
24	0.01364	0.06688	0.19239	0.01174	0.01578	0.01244	0.01135	0.28470	0.01635	0.02224	0.01610	0.12750	0.01500	0.01164	0.07817	0.00246	0.00677	0.08335	0.00418	0.00732
25	0.04237	0.00919	0.01079	0.00898	0.01167	0.00935	0.00714	0.23979	0.01835	0.12727	0.41402	0.02825	0.03196	0.00895	0.00590	0.00169	0.00395	0.00753	0.00585	0.00698
26	0.09174	0.14308	0.34805	0.03997	0.01803	0.01236	0.02149	0.01707	0.01210	0.12062	0.06326	0.01652	0.06100	0.00626	0.00497	0.00164	0.00616	0.00488	0.00344	0.00736
27	0.00893	0.00621	0.00866	0.01030	0.09029	0.00586	0.00667	0.01072	0.01222	0.06070	0.17440	0.40152	0.06371	0.01321	0.00647	0.00198	0.00357	0.06454	0.04465	0.00538
28	0.00663	0.00479	0.00628	0.00746	0.00787	0.00444	0.00500	0.00761	0.01056	0.01397	0.03162	0.75785	0.08204	0.01688	0.00693	0.00219	0.00314	0.01525	0.00506	0.00444
29	0.01426	0.01422	0.09010	0.02354	0.39429	0.01312	0.05872	0.17431	0.03779	0.02126	0.01321	0.01863	0.01126	0.00640	0.00568	0.00175	0.00646	0.08317	0.00359	0.00825
30	0.01463	0.01292	0.05393	0.08928	0.28280	0.02390	0.03822	0.08718	0.11166	0.10013	0.01353	0.04064	0.01077	0.00650	0.00680	0.00178	0.08812	0.00543	0.00376	0.00802
31	0.00899	0.00556	0.00671	0.00675	0.00744	0.00531	0.00438	0.00962	0.00975	0.08310	0.02456	0.22627	0.09968	0.43154	0.04322	0.00395	0.00475	0.00988	0.00423	0.00432
32	0.01446	0.01595	0.16455	0.01349	0.01630	0.08333	0.01250	0.05306	0.05875	0.11174	0.01170	0.01511	0.00958	0.00794	0.01089	0.00202	0.35333	0.03480	0.00341	0.00711
33	0.13989	0.10439	0.05064	0.01045	0.01462	0.09540	0.00898	0.14235	0.08148	0.19625	0.01341	0.01327	0.00967	0.00582	0.00473	0.00152	0.00556	0.00428	0.00444	0.09286
34	0.00973	0.00671	0.01024	0.00978	0.01120	0.00638	0.08602	0.01141	0.01129	0.08524	0.02473	0.32584	0.02703	0.14904	0.01045	0.00272	0.00478	0.19759	0.00466	0.00515
35	0.01894	0.04733	0.03476	0.01207	0.01544	0.35937	0.00967	0.19567	0.06061	0.09062	0.01250	0.01310	0.00942	0.00607	0.00498	0.00150	0.00719	0.00433	0.08905	0.00737
36	0.01390	0.01109	0.01414	0.01545	0.18473	0.01156	0.00990	0.27398	0.07194	0.02284	0.01788	0.24491	0.01743	0.00916	0.00581	0.00177	0.00504	0.00799	0.00460	0.05590
37	0.01048	0.12118	0.09510	0.01450	0.18387	0.01054	0.01011	0.01422	0.08188	0.01689	0.11334	0.18088	0.10666	0.00936	0.00569	0.00175	0.00478	0.00814	0.00402	0.00661
38	0.01116	0.07538	0.52789	0.01567	0.04172	0.01261	0.11603	0.01647	0.01211	0.01750	0.09115	0.01493	0.01190	0.00570	0.00538	0.00170	0.00743	0.00492	0.00277	0.00760
39	0.01213	0.01081	0.01707	0.33030	0.30551	0.01193	0.01366	0.08300	0.01242	0.01681	0.01125	0.01693	0.00969	0.11606	0.00851	0.00220	0.00658	0.00528	0.00293	0.00693
40	0.01406	0.08361	0.01198	0.00880	0.01135	0.01080	0.00696	0.21645	0.07000	0.08070	0.08768	0.02188	0.01680	0.15175	0.04573	0.00255	0.00514	0.00594	0.14114	0.00666
41	0.01358	0.20659	0.39990	0.01451	0.02079	0.07106	0.09445	0.08648	0.01316	0.01757	0.00962	0.01124	0.00730	0.00516	0.00493	0.00158	0.00760	0.00407	0.00269	0.00772
42	0.00976	0.00627	0.00876	0.06565	0.01155	0.00646	0.00705	0.01144	0.01071	0.09418	0.02182	0.18874	0.02283	0.15619	0.17955	0.00415	0.00690	0.17863	0.00427	0.00510
43	0.00720	0.00522	0.00622	0.00654	0.00723	0.00486	0.00434	0.00824	0.01095	0.01448	0.16639	0.27633	0.17833	0.26350	0.01328	0.00301	0.00364	0.01131	0.00468	0.00424
44	0.05294	0.01485	0.09867	0.11699	0.36478	0.06894	0.01445	0.08989	0.01383	0.09630	0.01131	0.01341	0.00860	0.00538	0.00527	0.00165	0.00665	0.00465	0.00334	0.00810
45	0.01581	0.23459	0.24940	0.01459	0.10098	0.07205	0.01341	0.09747	0.01386	0.12259	0.01111	0.01200	0.00829	0.00540	0.00480	0.00152	0.00672	0.00407	0.00334	0.00800
46	0.01672	0.26162	0.06383	0.01356	0.07112	0.38144	0.01080	0.01875	0.01329	0.01415	0.00850	0.01000	0.00722	0.00510	0.00446	0.00131	0.00774	0.00343	0.00267	0.08429
47	0.01461	0.13322	0.11291	0.01309	0.09613	0.08531	0.01058	0.05776	0.01295	0.10758	0.01232	0.06975	0.01044	0.00610	0.00525	0.00142	0.03176	0.00479	0.00353	0.21051
48	0.01032	0.11892	0.01444	0.01055	0.01291	0.00989	0.12180	0.02432	0.10978	0.02647	0.02342	0.24149	0.09065	0.10150	0.00853	0.00228	0.00500	0.05765	0.00422	0.00585

[dist]
# distance from previous block
# <min> <max>
0	2

[block]
# block no. 1 follows, 44 sequences, length 55
# corresponding to MSA columns:
# 574-615,623-635
name=unknown_B
#
# <colnr> <probs for GDERKNQSTAVLIFYWHMCP>
#	G	D	E	R	K	N	Q	S	T	A	V	L	I	F	Y	W	H	M	C	P
0	0.01408	0.01099	0.01650	0.16213	0.11091	0.01150	0.11114	0.12559	0.09877	0.11470	0.04970	0.05524	0.07972	0.00729	0.00579	0.00177	0.00582	0.00657	0.00433	0.00746
1	0.01116	0.00688	0.00837	0.00775	0.00963	0.00650	0.00586	0.08863	0.01452	0.13212	0.23345	0.23438	0.15834	0.01180	0.00621	0.00183	0.00342	0.01023	0.04302	0.00590
2	0.00701	0.00499	0.00659	0.00752	0.00802	0.00470	0.00518	0.00824	0.01117	0.01507	0.14319	0.59736	0.03716	0.06444	0.00818	0.00234	0.00331	0.05592	0.00510	0.00450
3	0.00738	0.00523	0.00660	0.00724	0.00779	0.00499	0.00500	0.00849	0.01072	0.01430	0.11742	0.36581	0.07279	0.23497	0.01269	0.00302	0.00389	0.10270	0.00468	0.00429
4	0.10219	0.02032	0.01514	0.01424	0.07385	0.46068	0.01031	0.14039	0.01627	0.08216	0.01033	0.01127	0.00794	0.00575	0.00493	0.00151	0.00796	0.00395	0.00362	0.00718
5	0.01267	0.00779	0.00815	0.00768	0.00944	0.06562	0.00576	0.04782	0.01313	0.14480	0.08008	0.22944	0.02198	0.00960	0.00529	0.00165	0.00377	0.00817	0.31128	0.00589
6	0.01003	0.00726	0.00942	0.10680	0.01342	0.00766	0.00731	0.01461	0.17086	0.07494	0.09678	0.40640	0.02812	0.01222	0.00631	0.00200	0.00397	0.01088	0.00505	0.00596
7	0.07675	0.01065	0.01646	0.18627	0.06229	0.01163	0.14211	0.14911	0.01341	0.01904	0.01301	0.07562	0.01133	0.01382	0.17082	0.00327	0.00834	0.00602	0.00343	0.00663
8	0.01327	0.00881	0.00972	0.00879	0.01127	0.03479	0.00674	0.07355	0.16244	0.17906	0.03120	0.20011	0.21584	0.01093	0.00605	0.00186	0.00404	0.00928	0.00547	0.00676
9	0.01486	0.20305	0.18597	0.01219	0.01684	0.11212	0.01176	0.10287	0.24887	0.01937	0.01335	0.01359	0.01025	0.00596	0.00490	0.00158	0.00637	0.00447	0.00373	0.00791
10	0.26966	0.00956	0.01073	0.01080	0.10593	0.00954	0.00714	0.04780	0.01102	0.07877	0.01193	0.01713	0.01068	0.19133	0.00968	0.00232	0.00482	0.00469	0.00360	0.18288
11	0.01562	0.23155	0.05202	0.01122	0.01522	0.28533	0.00954	0.01931	0.10678	0.01550	0.01025	0.01124	0.00843	0.00523	0.00444	0.00128	0.00676	0.00365	0.00309	0.18355
12	0.18712	0.00866	0.00847	0.00804	0.01022	0.06652	0.00608	0.01268	0.01167	0.05932	0.08944	0.27250	0.08415	0.01058	0.00553	0.00177	0.00408	0.03887	0.00448	0.10982
13	0.01095	0.07398	0.12053	0.03524	0.01660	0.01344	0.10423	0.01332	0.01006	0.01439	0.01294	0.17974	0.01336	0.00944	0.01099	0.00208	0.34254	0.00701	0.00298	0.00618
14	0.01078	0.00730	0.00900	0.00837	0.01058	0.00660	0.00617	0.01388	0.09721	0.11131	0.02317	0.42571	0.02427	0.01154	0.00591	0.00177	0.00369	0.01022	0.00488	0.20763
15	0.01345	0.00805	0.01087	0.17459	0.01646	0.00802	0.00831	0.05816	0.01415	0.23127	0.13313	0.04752	0.19832	0.00939	0.00597	0.00180	0.00452	0.04429	0.00513	0.00659
16	0.03043	0.01449	0.11892	0.03676	0.02317	0.01212	0.44757	0.06097	0.01311	0.01825	0.01569	0.06364	0.06832	0.00634	0.00604	0.00180	0.00755	0.00678	0.04104	0.00701
17	0.00779	0.00582	0.00867	0.00867	0.00961	0.00676	0.00670	0.00967	0.00873	0.01258	0.01469	0.02190	0.01384	0.06702	0.76096	0.00864	0.01429	0.00591	0.00293	0.00481
18	0.01252	0.00865	0.00996	0.00845	0.01096	0.00865	0.00667	0.22580	0.01777	0.08355	0.34928	0.03340	0.18209	0.01001	0.00608	0.00172	0.00376	0.00842	0.00571	0.00655
19	0.00887	0.00531	0.00712	0.00785	0.00866	0.00488	0.00543	0.00996	0.01108	0.10936	0.02898	0.70665	0.03324	0.01579	0.00677	0.00215	0.00335	0.01425	0.00527	0.00503
20	0.01394	0.01450	0.11132	0.01310	0.01694	0.01412	0.07460	0.11613	0.45537	0.02235	0.01739	0.01720	0.01306	0.00693	0.00651	0.00185	0.06607	0.00566	0.00465	0.00832
21	0.00850	0.00712	0.00916	0.08044	0.01220	0.00768	0.00733	0.01135	0.06927	0.01598	0.11811	0.16926	0.24390	0.01246	0.00789	0.00204	0.09906	0.10833	0.00464	0.00530
22	0.00693	0.00516	0.00595	0.00644	0.00718	0.00472	0.00426	0.00776	0.01041	0.01326	0.03498	0.33809	0.27992	0.23502	0.01254	0.00294	0.00361	0.01206	0.00457	0.00418
23	0.00984	0.00693	0.00863	0.00809	0.00955	0.00770	0.00635	0.08774	0.01165	0.01724	0.01993	0.02358	0.10763	0.02289	0.35421	0.00478	0.05507	0.00619	0.22661	0.00541
24	0.01244	0.35158	0.46994	0.01298	0.01963	0.01634	0.01568	0.01688	0.01133	0.01543	0.00887	0.01037	0.00694	0.00497	0.00449	0.00150	0.00714	0.00357	0.00231	0.00762
25	0.11352	0.00664	0.00722	0.00689	0.00885	0.00633	0.00522	0.01185	0.04643	0.08084	0.19602	0.14194	0.32499	0.01171	0.00601	0.00183	0.00318	0.00988	0.00521	0.00543
26	0.00843	0.00536	0.00597	0.00582	0.00722	0.00499	0.00436	0.01071	0.01308	0.01957	0.29429	0.03503	0.20314	0.00978	0.00535	0.00156	0.00260	0.00827	0.34947	0.00499
27	0.01069	0.01010	0.01707	0.70016	0.12957	0.01222	0.01534	0.01428	0.01109	0.01441	0.00976	0.01440	0.00744	0.00538	0.00544	0.00179	0.00717	0.00485	0.00246	0.00638
28	0.01249	0.23495	0.07555	0.00980	0.01286	0.19134	0.00859	0.01450	0.01289	0.01507	0.13387	0.11943	0.12082	0.00870	0.00524	0.00157	0.00569	0.00693	0.00371	0.00600
29	0.01503	0.74983	0.02754	0.00970	0.01422	0.08179	0.00942	0.01675	0.01142	0.01287	0.00765	0.00883	0.00700	0.00474	0.00361	0.00118	0.00615	0.00296	0.00237	0.00694
30	0.22909	0.01317	0.01199	0.01018	0.01356	0.12361	0.00810	0.16112	0.12965	0.15991	0.01480	0.04664	0.01126	0.00663	0.00487	0.00167	0.00535	0.00495	0.03592	0.00754
31	0.15453	0.01472	0.01499	0.01177	0.01580	0.03875	0.00969	0.59269	0.02217	0.03151	0.01189	0.01227	0.00860	0.00636	0.00547	0.00166	0.02910	0.00455	0.00495	0.00854
32	0.01526	0.01496	0.01737	0.07783	0.12576	0.16849	0.11137	0.18875	0.06666	0.02033	0.01725	0.01921	0.10095	0.00690	0.00565	0.00169	0.00684	0.02348	0.00388	0.00737
33	0.00800	0.00570	0.00855	0.00855	0.00941	0.00655	0.00655	0.00941	0.00855	0.01226	0.01396	0.02081	0.01311	0.03815	0.69120	0.11275	0.01337	0.00570	0.00285	0.00456
34	0.01657	0.07948	0.19718	0.01292	0.01747	0.11321	0.01235	0.26582	0.07713	0.05679	0.01205	0.01287	0.00898	0.00627	0.00611	0.00166	0.06799	0.00449	0.02263	0.00803
35	0.12449	0.00698	0.00832	0.00771	0.00972	0.00694	0.00589	0.01348	0.01119	0.18315	0.02531	0.12433	0.16482	0.09052	0.18882	0.00375	0.00640	0.00788	0.00455	0.00573
36	0.00717	0.00526	0.00637	0.00686	0.00766	0.00488	0.00478	0.00834	0.01116	0.01458	0.12567	0.31369	0.20490	0.18282	0.01122	0.00274	0.00359	0.06912	0.00480	0.00437
37	0.00971	0.00549	0.00687	0.00713	0.00830	0.00509	0.00511	0.01131	0.01180	0.11144	0.08510	0.43133	0.07212	0.01278	0.00601	0.00188	0.00314	0.01129	0.18886	0.00524
38	0.09049	0.10676	0.18139	0.01283	0.03758	0.16297	0.01185	0.18799	0.01584	0.12557	0.01147	0.01204	0.00835	0.00572	0.00490	0.00157	0.00683	0.00414	0.00384	0.00788
39	0.01085	0.00713	0.00786	0.00718	0.00947	0.00682	0.00555	0.01514	0.15023	0.12544	0.09614	0.03687	0.37559	0.01050	0.00581	0.00174	0.00327	0.00875	0.10957	0.00610
40	0.00840	0.00617	0.00757	0.00768	0.00901	0.00571	0.00541	0.01075	0.06930	0.03589	0.07889	0.46844	0.07284	0.07426	0.00797	0.00217	0.00350	0.01177	0.00485	0.10943
41	0.01748	0.08265	0.10770	0.03695	0.12039	0.21597	0.04545	0.03096	0.01357	0.19178	0.01190	0.01303	0.00883	0.00594	0.00621	0.00163	0.07388	0.00446	0.00360	0.00763
42	0.27789	0.29988	0.03747	0.00890	0.01243	0.05872	0.00802	0.03877	0.01125	0.01778	0.01403	0.01497	0.10245	0.00639	0.00487	0.00153	0.05173	0.00429	0.02233	0.00631
43	0.03774	0.01191	0.01546	0.18159	0.19505	0.07050	0.01159	0.12699	0.01500	0.14854	0.07765	0.01840	0.05260	0.00661	0.00548	0.00168	0.00594	0.00558	0.00416	0.00754
44	0.12624	0.26227	0.19194	0.01102	0.01601	0.12094	0.01108	0.05027	0.01224	0.01714	0.00938	0.01067	0.01743	0.00509	0.00426	0.00138	0.00639	0.00350	0.00283	0.11990
45	0.00748	0.00559	0.00698	0.00681	0.00819	0.00508	0.00518	0.00974	0.01442	0.01966	0.53892	0.06646	0.20903	0.01218	0.00653	0.00181	0.00281	0.06244	0.00570	0.00500
46	0.00860	0.10621	0.00974	0.00734	0.00841	0.00781	0.00537	0.00961	0.00896	0.01191	0.01797	0.02853	0.07348	0.37474	0.29269	0.00574	0.00847	0.00683	0.00318	0.00442
47	0.19268	0.06453	0.24442	0.01249	0.01768	0.07293	0.04552	0.18835	0.02604	0.07077	0.01084	0.01175	0.00788	0.00558	0.00482	0.00164	0.00655	0.00413	0.00365	0.00774
48	0.01262	0.03813	0.01189	0.01196	0.11399	0.00866	0.00818	0.01514	0.04566	0.18389	0.02499	0.08507	0.17459	0.01634	0.17712	0.00332	0.05006	0.00741	0.00442	0.00657
49	0.00759	0.00535	0.00698	0.00726	0.00766	0.00561	0.00488	0.00846	0.00877	0.01202	0.01918	0.20235	0.02136	0.37382	0.27844	0.00577	0.00795	0.00891	0.00357	0.00408
50	0.01114	0.00762	0.01105	0.08589	0.01448	0.00792	0.04199	0.01453	0.06938	0.11084	0.02298	0.03817	0.05181	0.05298	0.13650	0.00339	0.00682	0.30210	0.00450	0.00591
51	0.01543	0.18140	0.02329	0.05385	0.19507	0.01409	0.19930	0.01944	0.07021	0.15579	0.01283	0.01429	0.00963	0.00532	0.00529	0.00162	0.00656	0.00506	0.00358	0.00797
52	0.00693	0.00505	0.00606	0.00673	0.00728	0.00469	0.00441	0.00773	0.01021	0.01322	0.03203	0.44570	0.18752	0.22218	0.01226	0.00293	0.00363	0.01269	0.00460	0.00417
53	0.01329	0.00722	0.00869	0.00799	0.01002	0.00697	0.00606	0.10663	0.01387	0.19310	0.02461	0.29966	0.06568	0.01072	0.00567	0.00178	0.00369	0.00923	0.19883	0.00631
54	0.01242	0.06270	0.24296	0.11196	0.07795	0.01353	0.01353	0.02194	0.34538	0.01909	0.01518	0.01579	0.01141	0.00614	0.00530	0.00175	0.00605	0.00508	0.00379	0.00804

[dist]
# distance from previous block
# <min> <max>
2	4

[block]
# block no. 2 follows, 44 sequences, length 13
# corresponding to MSA columns:
# 640-652
name=unknown_C
#
# <colnr> <probs for GDERKNQSTAVLIFYWHMCP>
#	G	D	E	R	K	N	Q	S	T	A	V	L	I	F	Y	W	H	M	C	P
0	0.05320	0.55608	0.06853	0.01252	0.08902	0.11306	0.01066	0.01707	0.01168	0.01417	0.00807	0.00951	0.00710	0.00485	0.00395	0.00130	0.00643	0.00324	0.00247	0.00708
1	0.19761	0.01188	0.01394	0.09192	0.13980	0.01329	0.01019	0.14645	0.24166	0.04247	0.01486	0.01546	0.02516	0.00624	0.00504	0.00173	0.00521	0.00498	0.00430	0.00783
2	0.01109	0.01042	0.01434	0.04674	0.27709	0.08531	0.01093	0.01350	0.01076	0.01456	0.01231	0.01728	0.01102	0.02362	0.41027	0.00531	0.01104	0.00524	0.00281	0.00636
3	0.00812	0.00663	0.00732	0.00713	0.00891	0.00643	0.00534	0.01241	0.15780	0.01776	0.20320	0.13247	0.38144	0.01237	0.00633	0.00186	0.00307	0.01059	0.00536	0.00548
4	0.04877	0.00855	0.01036	0.00863	0.01168	0.00815	0.00689	0.07063	0.08861	0.33137	0.19538	0.02834	0.14164	0.00884	0.00577	0.00173	0.00392	0.00735	0.00597	0.00741
5	0.01512	0.43135	0.15027	0.01257	0.01762	0.11216	0.08366	0.08954	0.01328	0.01618	0.00892	0.01034	0.00733	0.00504	0.00442	0.00140	0.00703	0.00371	0.00273	0.00735
6	0.01232	0.10899	0.02019	0.17463	0.46527	0.01303	0.01430	0.01528	0.01196	0.01616	0.01418	0.01690	0.08225	0.00582	0.00528	0.00162	0.00619	0.00526	0.00283	0.00755
7	0.01778	0.01071	0.01239	0.01019	0.01360	0.01100	0.00815	0.26322	0.12782	0.25814	0.02311	0.11308	0.08883	0.00868	0.00575	0.00177	0.00468	0.00716	0.00578	0.00815
8	0.01348	0.00790	0.00962	0.00876	0.01065	0.00784	0.00653	0.15300	0.01397	0.17901	0.02215	0.27490	0.02238	0.18657	0.01096	0.00269	0.00459	0.05374	0.00510	0.00616
9	0.01112	0.00679	0.00815	0.00748	0.00856	0.00691	0.00509	0.08352	0.01081	0.10690	0.01757	0.06492	0.01798	0.49920	0.11761	0.00479	0.00635	0.00742	0.00397	0.00486
10	0.00706	0.00496	0.00641	0.00740	0.00771	0.00474	0.00493	0.00791	0.01004	0.01335	0.02719	0.58976	0.03225	0.18762	0.01148	0.00290	0.00374	0.06166	0.00468	0.00422
11	0.00664	0.00474	0.00633	0.00759	0.00791	0.00443	0.00506	0.00759	0.01044	0.01392	0.03005	0.80485	0.03606	0.01708	0.00696	0.00221	0.00316	0.01550	0.00506	0.00443
12	0.01773	0.01346	0.01434	0.01144	0.01527	0.01482	0.00930	0.53818	0.15284	0.02995	0.01981	0.01915	0.10357	0.00758	0.00559	0.00170	0.00531	0.00593	0.00542	0.00859

[dist]
# distance from previous block
# <min> <max>
6	41

[block]
# block no. 3 follows, 44 sequences, length 15
# corresponding to MSA columns:
# 696-710
name=unknown_D
#
# <colnr> <probs for GDERKNQSTAVLIFYWHMCP>
#	G	D	E	R	K	N	Q	S	T	A	V	L	I	F	Y	W	H	M	C	P
0	0.41931	0.03980	0.04903	0.01035	0.01374	0.22460	0.00865	0.05729	0.01229	0.06222	0.00896	0.01018	0.00696	0.00563	0.00493	0.00163	0.05103	0.00350	0.00338	0.00652
1	0.05802	0.00859	0.01097	0.16444	0.01636	0.00953	0.00850	0.03217	0.16633	0.10808	0.02083	0.02243	0.10685	0.01494	0.17841	0.00331	0.00695	0.00615	0.05060	0.00653
2	0.00776	0.00536	0.00614	0.00614	0.00642	0.00534	0.00370	0.00807	0.00849	0.01120	0.02108	0.03627	0.10090	0.65635	0.09057	0.00521	0.00581	0.00814	0.00346	0.00358
3	0.01512	0.09995	0.01541	0.01246	0.05695	0.06439	0.00947	0.13657	0.45525	0.02243	0.01725	0.01662	0.01312	0.00660	0.00521	0.00167	0.00520	0.00528	0.00477	0.03628
4	0.01190	0.28461	0.11741	0.01268	0.07960	0.06298	0.04868	0.01448	0.01205	0.01544	0.09610	0.15343	0.01821	0.00815	0.00523	0.00163	0.00575	0.04175	0.00341	0.00651
5	0.01248	0.15396	0.31060	0.09727	0.01991	0.01364	0.01372	0.08679	0.09163	0.02906	0.05686	0.02955	0.02278	0.00651	0.00519	0.00168	0.00638	0.03110	0.00341	0.00747
6	0.01349	0.08747	0.20022	0.01716	0.02272	0.12625	0.33084	0.01754	0.01261	0.01645	0.00992	0.01237	0.00764	0.00483	0.00541	0.00158	0.00817	0.00480	0.00267	0.09784
7	0.00881	0.00607	0.00727	0.00715	0.00885	0.00553	0.00548	0.01118	0.04388	0.08039	0.22597	0.14356	0.32731	0.01284	0.00650	0.00191	0.00321	0.08332	0.00545	0.00531
8	0.01079	0.08326	0.13878	0.06483	0.15438	0.01096	0.08212	0.01447	0.05443	0.01578	0.01760	0.11007	0.05749	0.09488	0.00813	0.00219	0.00604	0.06384	0.00340	0.00656
9	0.01495	0.10705	0.16038	0.01470	0.09875	0.18914	0.01218	0.13133	0.05948	0.01820	0.01126	0.01331	0.00910	0.01093	0.12314	0.00264	0.00849	0.00441	0.00324	0.00735
10	0.00845	0.00604	0.00722	0.00745	0.00824	0.00596	0.00505	0.08252	0.01166	0.01552	0.06760	0.42120	0.07706	0.23548	0.01253	0.00296	0.00398	0.01177	0.00466	0.00465
11	0.00674	0.00532	0.00608	0.00634	0.00766	0.00466	0.00458	0.00823	0.01246	0.01588	0.18582	0.25524	0.43328	0.01419	0.00658	0.00192	0.00283	0.01228	0.00524	0.00466
12	0.01112	0.12465	0.06392	0.11398	0.09155	0.06115	0.14484	0.01383	0.01191	0.01507	0.02025	0.15690	0.13148	0.00845	0.00571	0.00175	0.00613	0.00762	0.00339	0.00630
13	0.11956	0.09784	0.01517	0.06186	0.18204	0.05496	0.01002	0.07419	0.01245	0.01852	0.04362	0.10873	0.01343	0.00735	0.00606	0.00169	0.07332	0.00583	0.08673	0.00665
14	0.00721	0.00583	0.00661	0.00661	0.00835	0.00497	0.00492	0.00873	0.01200	0.01532	0.07983	0.22616	0.43680	0.01345	0.00636	0.00185	0.00311	0.05156	0.00491	0.09542

[dist]
# distance from previous block
# <min> <max>
0	39

[block]
# block no. 4 follows, 44 sequences, length 20
# corresponding to MSA columns:
# 754-773
name=unknown_E
#
# <colnr> <probs for GDERKNQSTAVLIFYWHMCP>
#	G	D	E	R	K	N	Q	S	T	A	V	L	I	F	Y	W	H	M	C	P
0	0.03646	0.18099	0.01511	0.01031	0.01307	0.18602	0.02632	0.08611	0.04253	0.04568	0.01898	0.22712	0.07140	0.00925	0.00537	0.00167	0.00574	0.00755	0.00400	0.00633
1	0.09432	0.07509	0.07286	0.07761	0.23479	0.01155	0.08213	0.01546	0.01117	0.07676	0.01213	0.01778	0.01071	0.17390	0.00984	0.00241	0.00624	0.00530	0.00314	0.00681
2	0.09320	0.01001	0.08249	0.00878	0.01102	0.00889	0.00716	0.15714	0.01300	0.04886	0.05186	0.17352	0.01947	0.27571	0.01299	0.00298	0.00503	0.00792	0.00423	0.00572
3	0.01500	0.07337	0.01588	0.01545	0.14690	0.23682	0.01048	0.07658	0.06991	0.03068	0.01281	0.08430	0.01161	0.01039	0.08264	0.00233	0.06854	0.00544	0.00344	0.02743
4	0.00823	0.00590	0.00686	0.00698	0.00838	0.00566	0.00528	0.01125	0.07261	0.01811	0.21371	0.16466	0.21368	0.01200	0.00610	0.00184	0.00308	0.07952	0.15101	0.00515
5	0.01764	0.17467	0.04807	0.01184	0.01603	0.07478	0.01021	0.37748	0.17064	0.02548	0.01335	0.01338	0.01004	0.00622	0.00503	0.00157	0.00599	0.00462	0.00453	0.00842
6	0.01537	0.07839	0.27720	0.01211	0.01732	0.09812	0.01245	0.12239	0.01480	0.13524	0.06138	0.01566	0.03772	0.00621	0.00514	0.00156	0.00643	0.00480	0.00389	0.07385
7	0.05485	0.01290	0.17285	0.01183	0.06969	0.00939	0.01038	0.06922	0.01355	0.24304	0.02272	0.02272	0.15771	0.01128	0.09096	0.00249	0.00629	0.00617	0.00452	0.00743
8	0.52598	0.01121	0.01027	0.00841	0.01223	0.01210	0.00690	0.15105	0.01287	0.05966	0.00956	0.01046	0.00721	0.00525	0.00395	0.00154	0.00453	0.00347	0.00388	0.13946
9	0.01306	0.01104	0.01818	0.25841	0.41910	0.01157	0.01443	0.01616	0.01227	0.09079	0.01465	0.01730	0.06744	0.00591	0.00550	0.00170	0.00625	0.00543	0.00319	0.00761
10	0.00694	0.00498	0.00665	0.00788	0.00837	0.00469	0.00556	0.00812	0.01078	0.01427	0.03050	0.68174	0.05356	0.01672	0.00703	0.00225	0.00341	0.11696	0.00506	0.00452
11	0.01312	0.42498	0.07560	0.00964	0.01335	0.01499	0.00920	0.01530	0.01081	0.08615	0.01127	0.01386	0.00969	0.01627	0.24974	0.00364	0.00863	0.00416	0.00294	0.00662
12	0.01603	0.00822	0.01010	0.00833	0.01138	0.00752	0.00667	0.09823	0.01577	0.34858	0.16120	0.03143	0.23438	0.00949	0.00592	0.00173	0.00390	0.00789	0.00600	0.00723
13	0.00754	0.00541	0.00675	0.00701	0.00801	0.00515	0.00498	0.00886	0.01106	0.03497	0.11567	0.27525	0.22307	0.11903	0.13826	0.00352	0.00519	0.01100	0.00464	0.00462
14	0.16096	0.00902	0.00985	0.00822	0.01129	0.00901	0.00662	0.14070	0.01519	0.22570	0.10389	0.02554	0.17493	0.00834	0.00529	0.00168	0.00403	0.00664	0.06613	0.00696
15	0.02040	0.02496	0.01554	0.01390	0.01686	0.71306	0.01052	0.09187	0.01642	0.01535	0.00887	0.01014	0.00724	0.00571	0.00497	0.00143	0.00947	0.00364	0.00306	0.00660
16	0.00656	0.00506	0.00600	0.00675	0.00769	0.00450	0.00469	0.00769	0.01125	0.01425	0.04033	0.49767	0.33660	0.01574	0.00675	0.00206	0.00300	0.01387	0.00506	0.00450
17	0.00681	0.00495	0.00643	0.00730	0.00791	0.00457	0.00500	0.00808	0.01147	0.01537	0.16163	0.61135	0.09741	0.01578	0.00683	0.00210	0.00303	0.01419	0.00523	0.00457
18	0.01260	0.01595	0.17776	0.10137	0.46887	0.01290	0.09799	0.01665	0.01213	0.01729	0.01019	0.01332	0.00811	0.00495	0.00547	0.00168	0.00717	0.00486	0.00260	0.00813
19	0.00753	0.00895	0.12935	0.00814	0.01040	0.00609	0.00730	0.00983	0.01200	0.01601	0.16345	0.24406	0.27133	0.01483	0.06325	0.00241	0.00454	0.01069	0.00463	0.00522

[dist]
# distance from previous block
# <min> <max>
4	26

[block]
# block no. 5 follows, 44 sequences, length 18
# corresponding to MSA columns:
# 807-824
name=unknown_F
#
# <colnr> <probs for GDERKNQSTAVLIFYWHMCP>
#	G	D	E	R	K	N	Q	S	T	A	V	L	I	F	Y	W	H	M	C	P
0	0.01181	0.25547	0.03632	0.01030	0.04865	0.04524	0.00840	0.07377	0.01302	0.01661	0.07130	0.15332	0.09029	0.00932	0.00537	0.00165	0.00496	0.08530	0.00393	0.05497
1	0.00707	0.00541	0.00650	0.00669	0.00797	0.00485	0.00494	0.00884	0.01308	0.01721	0.30752	0.21358	0.31240	0.01363	0.00661	0.00191	0.00290	0.04872	0.00540	0.00478
2	0.00801	0.00525	0.00674	0.00690	0.00752	0.00530	0.00477	0.00849	0.00918	0.01260	0.02208	0.12676	0.12371	0.20221	0.19198	0.17089	0.00646	0.00805	0.06916	0.00394
3	0.01411	0.08017	0.34682	0.01502	0.02067	0.10700	0.13248	0.07251	0.01337	0.06975	0.01170	0.05353	0.00930	0.00602	0.00563	0.00169	0.02448	0.00504	0.00312	0.00760
4	0.01277	0.01360	0.07569	0.01256	0.04655	0.15433	0.05291	0.09021	0.04380	0.01743	0.01678	0.19664	0.01657	0.01094	0.04731	0.00219	0.06512	0.04445	0.07383	0.00631
5	0.05292	0.03897	0.24063	0.16943	0.05496	0.04789	0.05707	0.10379	0.04531	0.01900	0.01054	0.01264	0.00793	0.00530	0.00508	0.00159	0.00683	0.00435	0.00307	0.11271
6	0.21692	0.09754	0.01825	0.01313	0.01711	0.14438	0.17843	0.05676	0.10820	0.08172	0.01177	0.01280	0.00889	0.00552	0.00490	0.00164	0.00660	0.00455	0.00368	0.00721
7	0.00855	0.00553	0.00696	0.00687	0.00770	0.00521	0.00468	0.00991	0.01192	0.06061	0.32601	0.19133	0.03554	0.27917	0.01362	0.00301	0.00372	0.01009	0.00495	0.00462
8	0.00944	0.00719	0.00893	0.06952	0.01205	0.00654	0.00640	0.02299	0.04417	0.05271	0.06514	0.28716	0.16415	0.01103	0.00586	0.00170	0.00375	0.00962	0.00457	0.20708
9	0.10096	0.06535	0.28055	0.04619	0.01874	0.04983	0.05605	0.05490	0.13525	0.04866	0.04723	0.01490	0.02011	0.00596	0.00508	0.00167	0.00636	0.00478	0.00356	0.03387
10	0.00728	0.00544	0.00657	0.00706	0.00791	0.00514	0.00486	0.00916	0.04959	0.01527	0.14149	0.41152	0.17665	0.11486	0.00933	0.00244	0.00333	0.01248	0.00500	0.00464
11	0.00658	0.00533	0.00585	0.00614	0.00755	0.00459	0.00444	0.00793	0.01212	0.01500	0.09669	0.24400	0.53582	0.01447	0.00657	0.00193	0.00285	0.01242	0.00512	0.00459
12	0.08182	0.01320	0.01499	0.01788	0.25619	0.16198	0.04066	0.07018	0.01326	0.01807	0.01467	0.17915	0.01431	0.00782	0.00539	0.00169	0.00602	0.00676	0.06918	0.00679
13	0.01564	0.01455	0.01902	0.11946	0.28111	0.10331	0.07141	0.23226	0.01646	0.02147	0.01278	0.01485	0.04112	0.00588	0.00549	0.00165	0.00688	0.00512	0.00359	0.00795
14	0.08311	0.09195	0.01440	0.01139	0.01432	0.44113	0.00890	0.09731	0.01496	0.01759	0.01037	0.01178	0.00835	0.00571	0.00453	0.00141	0.00738	0.00383	0.14513	0.00645
15	0.00664	0.00474	0.00633	0.00759	0.00791	0.00443	0.00506	0.00759	0.01044	0.01392	0.03005	0.80485	0.03606	0.01708	0.00696	0.00221	0.00316	0.01550	0.00506	0.00443
16	0.05150	0.22149	0.07196	0.01444	0.07917	0.01671	0.08826	0.25757	0.07515	0.02230	0.01122	0.01240	0.00871	0.00576	0.00548	0.00159	0.04007	0.00450	0.00372	0.00801
17	0.01219	0.04392	0.01337	0.07714	0.12095	0.01085	0.00933	0.20699	0.01495	0.01996	0.03346	0.26837	0.08896	0.01037	0.00651	0.00187	0.04093	0.00886	0.00439	0.00663

[dist]
# distance from previous block
# <min> <max>
0	2

[block]
# block no. 6 follows, 44 sequences, length 24
# corresponding to MSA columns:
# 827-850
name=unknown_G
#
# <colnr> <probs for GDERKNQSTAVLIFYWHMCP>
#	G	D	E	R	K	N	Q	S	T	A	V	L	I	F	Y	W	H	M	C	P
0	0.04742	0.01562	0.01575	0.01458	0.08803	0.24466	0.09086	0.14427	0.03972	0.06714	0.04782	0.07893	0.06650	0.00741	0.00555	0.00166	0.00675	0.00616	0.00407	0.00708
1	0.05266	0.09011	0.01353	0.01001	0.01346	0.23647	0.00792	0.01764	0.01334	0.13103	0.07683	0.07011	0.01404	0.00654	0.00484	0.00136	0.00582	0.00504	0.00392	0.22535
2	0.01814	0.00969	0.01197	0.00946	0.01334	0.00893	0.00763	0.05527	0.14335	0.38821	0.09026	0.01925	0.01635	0.00671	0.00529	0.00154	0.00432	0.00553	0.00569	0.17906
3	0.10929	0.05313	0.01479	0.01222	0.01538	0.40290	0.00958	0.20323	0.01650	0.01972	0.01005	0.01160	0.00809	0.00911	0.07928	0.00218	0.00855	0.00400	0.00352	0.00690
4	0.01490	0.01091	0.01658	0.01686	0.18555	0.01148	0.08141	0.07554	0.03912	0.17754	0.13155	0.04468	0.01722	0.00762	0.00787	0.00183	0.14109	0.00629	0.00440	0.00756
5	0.01072	0.01097	0.02095	0.01604	0.01968	0.01046	0.41435	0.01516	0.08404	0.01715	0.05477	0.17581	0.10705	0.00869	0.00645	0.00191	0.00649	0.00894	0.00389	0.00648
6	0.00779	0.00584	0.00876	0.00876	0.00974	0.00681	0.00681	0.00974	0.00876	0.01266	0.01460	0.02142	0.01363	0.04089	0.78680	0.00876	0.01460	0.00584	0.00292	0.00487
7	0.01288	0.01223	0.02062	0.03030	0.66924	0.01253	0.01558	0.01591	0.01189	0.01712	0.01054	0.01418	0.00905	0.00849	0.08034	0.00233	0.04094	0.00495	0.00271	0.00816
8	0.02255	0.01062	0.01321	0.01026	0.01435	0.01021	0.00843	0.19033	0.05822	0.54460	0.01953	0.01748	0.01273	0.00672	0.00542	0.00167	0.00486	0.00538	0.03432	0.00910
9	0.00951	0.00587	0.00740	0.00708	0.00863	0.00546	0.00552	0.01195	0.01419	0.08068	0.44087	0.03885	0.09040	0.01064	0.00604	0.00174	0.00305	0.09830	0.14840	0.00541
10	0.00774	0.00538	0.00670	0.00675	0.00717	0.00545	0.00440	0.00861	0.00960	0.01319	0.14708	0.10731	0.02570	0.46290	0.15432	0.00499	0.00624	0.00862	0.00387	0.00400
11	0.00957	0.00516	0.00522	0.00520	0.00655	0.00502	0.00390	0.01196	0.01171	0.01962	0.04980	0.02541	0.11800	0.00753	0.00426	0.00136	0.00257	0.00612	0.69601	0.00502
12	0.00771	0.00571	0.00732	0.00742	0.00855	0.00548	0.00547	0.01043	0.05359	0.01876	0.43086	0.25215	0.07796	0.01413	0.03977	0.00220	0.00344	0.03845	0.00550	0.00509
13	0.00947	0.00473	0.00710	0.00710	0.00710	0.00473	0.00473	0.00710	0.00710	0.00947	0.00947	0.01657	0.00947	0.01894	0.02131	0.84138	0.00473	0.00473	0.00237	0.00237
14	0.00773	0.00649	0.01085	0.01028	0.01151	0.00607	0.13617	0.00932	0.01086	0.01454	0.02672	0.66663	0.03120	0.01490	0.00687	0.00215	0.00422	0.01391	0.00466	0.00494
15	0.00693	0.00504	0.00630	0.00701	0.00759	0.00472	0.00471	0.00794	0.01062	0.01401	0.08341	0.49379	0.13933	0.14478	0.03511	0.00283	0.00377	0.01300	0.00478	0.00434
16	0.01832	0.01407	0.01501	0.01206	0.01599	0.01578	0.00978	0.51171	0.27406	0.03047	0.01615	0.01553	0.01175	0.00683	0.00549	0.00171	0.00543	0.00533	0.00549	0.00906
17	0.00858	0.00654	0.00899	0.22578	0.01495	0.00727	0.00679	0.00970	0.00880	0.01162	0.01495	0.02902	0.01599	0.54343	0.06259	0.00451	0.00634	0.00696	0.00304	0.00415
18	0.01638	0.01708	0.01781	0.02030	0.27477	0.25443	0.01269	0.11773	0.06762	0.01832	0.01046	0.01256	0.00857	0.00617	0.00706	0.00168	0.12097	0.00453	0.00326	0.00762
19	0.01330	0.25979	0.22165	0.08867	0.08395	0.06952	0.04112	0.04069	0.01216	0.01599	0.00919	0.01116	0.00738	0.00495	0.00462	0.00143	0.00682	0.00383	0.00262	0.10116
20	0.04064	0.11904	0.18414	0.01673	0.20248	0.08465	0.01270	0.03191	0.02730	0.07069	0.01165	0.01444	0.00949	0.04764	0.06618	0.00229	0.00719	0.00455	0.03894	0.00735
21	0.00901	0.00682	0.00828	0.00793	0.00881	0.00753	0.00558	0.01240	0.13837	0.01434	0.08884	0.02917	0.02029	0.38046	0.20102	0.00506	0.04022	0.00718	0.00382	0.00487
22	0.00787	0.00575	0.00674	0.00650	0.00817	0.00501	0.00485	0.00970	0.01338	0.05112	0.30432	0.12920	0.37556	0.01260	0.00638	0.00180	0.00286	0.01083	0.00541	0.03196
23	0.01162	0.09719	0.22274	0.02800	0.17507	0.01124	0.01263	0.01511	0.01150	0.01678	0.01118	0.07235	0.00990	0.00560	0.00482	0.00139	0.00580	0.00472	0.00290	0.27947

[dist]
# distance from previous block
# <min> <max>
0	4

[block]
# block no. 7 follows, 44 sequences, length 106
# corresponding to MSA columns:
# 855-960
name=unknown_H
#
# <colnr> <probs for GDERKNQSTAVLIFYWHMCP>
#	G	D	E	R	K	N	Q	S	T	A	V	L	I	F	Y	W	H	M	C	P
0	0.01161	0.01136	0.10535	0.04230	0.16363	0.00918	0.11217	0.01448	0.01217	0.10377	0.04803	0.14995	0.11391	0.03896	0.03633	0.00221	0.00596	0.00796	0.00395	0.00671
1	0.00720	0.00518	0.00693	0.00792	0.00849	0.00505	0.00570	0.00846	0.01049	0.01396	0.02817	0.51630	0.05774	0.07777	0.09043	0.00316	0.00481	0.13302	0.00470	0.00449
2	0.01005	0.00925	0.03482	0.00928	0.01095	0.08716	0.00746	0.01258	0.03809	0.04114	0.16016	0.02607	0.09916	0.02341	0.35129	0.00485	0.05809	0.00683	0.00388	0.00549
3	0.01383	0.12060	0.19794	0.06740	0.21738	0.01443	0.06963	0.07352	0.01274	0.06220	0.01037	0.01267	0.00809	0.00566	0.00650	0.00170	0.09000	0.00456	0.00296	0.00784
4	0.01545	0.01607	0.01858	0.14068	0.21997	0.23642	0.08745	0.06161	0.03935	0.04365	0.01210	0.01437	0.03399	0.00584	0.00580	0.00165	0.03167	0.00492	0.00316	0.00728
5	0.35218	0.07793	0.04118	0.01225	0.07047	0.25035	0.00936	0.09560	0.01333	0.02046	0.00870	0.01003	0.00692	0.00535	0.00429	0.00155	0.00655	0.00351	0.00325	0.00675
6	0.00731	0.00583	0.00684	0.00720	0.00846	0.00553	0.00539	0.00924	0.04026	0.01510	0.06830	0.26112	0.37661	0.03550	0.00762	0.00213	0.02930	0.09849	0.00498	0.00479
7	0.00687	0.00540	0.00621	0.00630	0.00770	0.00474	0.00461	0.00855	0.01301	0.01680	0.27325	0.17987	0.42017	0.01355	0.00653	0.00187	0.00277	0.01169	0.00535	0.00474
8	0.01269	0.01030	0.01429	0.22315	0.04539	0.01229	0.01098	0.13073	0.03127	0.06373	0.05204	0.12955	0.02346	0.00880	0.00884	0.00197	0.20335	0.00677	0.00383	0.00659
9	0.01555	0.00953	0.01365	0.01084	0.01415	0.00901	0.10824	0.13327	0.01583	0.25532	0.15740	0.10956	0.07641	0.00877	0.00596	0.00174	0.00478	0.00777	0.00544	0.03681
10	0.00738	0.00554	0.00669	0.00690	0.00798	0.00517	0.00493	0.00941	0.03894	0.01667	0.27057	0.25511	0.20973	0.09709	0.00882	0.00229	0.00320	0.03365	0.00519	0.00475
11	0.01045	0.00577	0.00636	0.00614	0.00778	0.00544	0.00462	0.01287	0.03220	0.09606	0.05622	0.11020	0.18124	0.00934	0.00503	0.00157	0.00292	0.00781	0.43255	0.00544
12	0.01798	0.08005	0.06809	0.03787	0.01639	0.41399	0.01028	0.03990	0.04157	0.12132	0.08903	0.01485	0.01286	0.00632	0.00511	0.00151	0.00756	0.00460	0.00376	0.00693
13	0.00830	0.00621	0.00765	0.00803	0.00920	0.00612	0.00592	0.04928	0.07028	0.01737	0.15834	0.41383	0.11395	0.01421	0.00669	0.00206	0.00345	0.08864	0.00528	0.00521
14	0.00741	0.00520	0.00609	0.00649	0.00686	0.00499	0.00409	0.00793	0.00937	0.01224	0.02608	0.25408	0.12175	0.45752	0.01850	0.00389	0.00436	0.03523	0.00408	0.00384
15	0.10141	0.01217	0.01575	0.02016	0.36092	0.05723	0.01149	0.12193	0.03404	0.02107	0.05348	0.01702	0.04971	0.00617	0.00511	0.00160	0.00550	0.00524	0.09246	0.00754
16	0.10200	0.14467	0.14944	0.01709	0.20863	0.01500	0.01279	0.14927	0.11268	0.02120	0.01153	0.01273	0.00895	0.00553	0.00487	0.00160	0.00604	0.00438	0.00350	0.00810
17	0.01213	0.00854	0.00893	0.00807	0.01035	0.00922	0.00626	0.11746	0.24558	0.02218	0.02285	0.04930	0.09450	0.00785	0.00495	0.00159	0.00360	0.00642	0.35356	0.00667
18	0.01162	0.01104	0.01874	0.48049	0.34203	0.01246	0.01580	0.01509	0.01153	0.01553	0.00992	0.01410	0.00783	0.00521	0.00543	0.00174	0.00694	0.00485	0.00254	0.00712
19	0.00972	0.00759	0.00963	0.01010	0.08954	0.00736	0.00682	0.10660	0.01578	0.02151	0.43915	0.03684	0.19716	0.01047	0.00620	0.00172	0.00346	0.00905	0.00538	0.00593
20	0.01093	0.02820	0.78016	0.01554	0.02360	0.01266	0.02014	0.01727	0.01151	0.01727	0.00978	0.01151	0.00691	0.00518	0.00518	0.00173	0.00806	0.00403	0.00230	0.00806
21	0.01349	0.01295	0.02213	0.03346	0.77440	0.01295	0.01673	0.01673	0.01241	0.01781	0.01025	0.01349	0.00864	0.00486	0.00540	0.00162	0.00648	0.00486	0.00270	0.00864
22	0.00696	0.00554	0.00623	0.00606	0.00768	0.00482	0.00455	0.00882	0.01364	0.01760	0.34337	0.04774	0.48225	0.01274	0.00644	0.00179	0.00269	0.01084	0.00544	0.00482
23	0.00716	0.00537	0.00664	0.00670	0.00790	0.00485	0.00488	0.00907	0.01356	0.01831	0.42773	0.21729	0.22428	0.01315	0.00655	0.00186	0.00275	0.01154	0.00556	0.00485
24	0.01030	0.00969	0.01635	0.79530	0.03755	0.01211	0.01514	0.01393	0.01090	0.01393	0.00969	0.01453	0.00727	0.00545	0.00545	0.00182	0.00727	0.00484	0.00242	0.00606
25	0.00933	0.00596	0.00766	0.00701	0.00867	0.00539	0.00534	0.01173	0.01512	0.10047	0.61430	0.03968	0.12644	0.01098	0.00633	0.00173	0.00281	0.00958	0.00598	0.00552
26	0.18055	0.01149	0.01169	0.00958	0.01284	0.01267	0.00771	0.35583	0.07514	0.05199	0.01404	0.01559	0.01076	0.05339	0.00607	0.00181	0.00482	0.00485	0.15171	0.00747
27	0.00660	0.00490	0.00617	0.00718	0.00780	0.00446	0.00488	0.00764	0.01083	0.01408	0.03502	0.65626	0.18143	0.01643	0.00686	0.00214	0.00308	0.01471	0.00506	0.00446
28	0.09874	0.01444	0.01162	0.05570	0.01415	0.30592	0.00874	0.01508	0.01228	0.01493	0.01610	0.21568	0.01700	0.01085	0.03206	0.00208	0.06167	0.08377	0.00362	0.00558
29	0.00691	0.00518	0.00640	0.00685	0.00784	0.00468	0.00485	0.00844	0.01240	0.01644	0.25302	0.39087	0.22721	0.01452	0.00667	0.00197	0.00289	0.01284	0.00534	0.00468
30	0.00693	0.00511	0.00611	0.00668	0.00739	0.00469	0.00448	0.00790	0.01078	0.01400	0.08515	0.40590	0.22050	0.17560	0.01099	0.00270	0.00345	0.01257	0.00477	0.00429
31	0.01463	0.06306	0.07326	0.02543	0.46885	0.14126	0.01493	0.04149	0.01289	0.01692	0.00961	0.01234	0.00806	0.00541	0.00617	0.00163	0.06895	0.00446	0.00273	0.00793
32	0.02037	0.02598	0.01545	0.01404	0.01685	0.78652	0.01053	0.02177	0.01545	0.01334	0.00843	0.00983	0.00702	0.00562	0.00492	0.00140	0.00983	0.00351	0.00281	0.00632
33	0.00672	0.00507	0.00622	0.00690	0.00778	0.00457	0.00481	0.00801	0.01165	0.01517	0.13288	0.49007	0.24963	0.01537	0.00674	0.00204	0.00297	0.01362	0.00518	0.00457
34	0.00787	0.00598	0.00849	0.00859	0.00967	0.00568	0.04970	0.00958	0.01170	0.01557	0.14554	0.28444	0.09390	0.12538	0.00985	0.00259	0.00415	0.19179	0.00482	0.00472
35	0.01540	0.16595	0.02032	0.01769	0.18265	0.19838	0.03699	0.06813	0.01278	0.01576	0.00876	0.01135	0.00760	0.00630	0.00813	0.00169	0.20801	0.00421	0.00277	0.00710
36	0.01342	0.01477	0.09128	0.01047	0.01321	0.23589	0.00904	0.07869	0.01395	0.01754	0.01901	0.02533	0.08787	0.01014	0.05124	0.00208	0.00667	0.11906	0.17431	0.00605
37	0.06168	0.42762	0.15340	0.01004	0.01463	0.01607	0.01030	0.01625	0.06826	0.01535	0.01339	0.01531	0.06521	0.00644	0.00490	0.02963	0.00566	0.02645	0.00295	0.03647
38	0.01565	0.21590	0.07061	0.09429	0.01727	0.09635	0.03636	0.03616	0.05185	0.15790	0.01200	0.01340	0.00917	0.00692	0.00651	0.08964	0.00617	0.00430	0.00353	0.05602
