[name]
unknown

[dist]
# distance from previous block
# <min> <max>
0	77

[block]
# block no. 0 follows, 42 sequences, length 39
# corresponding to MSA columns:
# 296-334
name=unknown_A
#
# <colnr> <probs for GDERKNQSTAVLIFYWHMCP>
#	G	D	E	R	K	N	Q	S	T	A	V	L	I	F	Y	W	H	M	C	P
0	0.01172	0.06436	0.20142	0.01164	0.01562	0.03725	0.01162	0.06599	0.06761	0.01920	0.09166	0.03257	0.02107	0.00950	0.00612	0.00193	0.00587	0.24678	0.00425	0.07381
1	0.01217	0.05993	0.48882	0.01461	0.02079	0.01295	0.05845	0.01780	0.05531	0.05309	0.03638	0.01542	0.01050	0.05680	0.00781	0.00205	0.06142	0.00495	0.00301	0.00776
2	0.06463	0.01302	0.15999	0.01260	0.03624	0.00963	0.12125	0.01634	0.05533	0.08510	0.10277	0.12953	0.01886	0.00801	0.00567	0.00176	0.00547	0.00717	0.08422	0.06240
3	0.01287	0.12349	0.06947	0.01094	0.01439	0.12248	0.03886	0.01905	0.21957	0.01813	0.08718	0.02570	0.14880	0.00836	0.00561	0.00171	0.00555	0.03082	0.00436	0.03267
4	0.01390	0.14586	0.17728	0.01138	0.01630	0.01372	0.01110	0.15200	0.13071	0.02179	0.09210	0.01628	0.01423	0.00631	0.00510	0.00152	0.00561	0.00497	0.00407	0.15577
5	0.08717	0.12507	0.17791	0.01465	0.01945	0.23049	0.15494	0.03505	0.01337	0.01738	0.01013	0.01211	0.00794	0.00540	0.00503	0.00159	0.00795	0.00434	0.06288	0.00714
6	0.05431	0.32199	0.02018	0.01102	0.01518	0.08534	0.00954	0.17158	0.16850	0.05879	0.01294	0.01307	0.01006	0.00600	0.00470	0.00152	0.00593	0.00432	0.00409	0.02094
7	0.00935	0.00803	0.01222	0.01705	0.27845	0.00773	0.00938	0.01123	0.01179	0.01592	0.02744	0.41312	0.13067	0.01266	0.00653	0.00201	0.00442	0.01150	0.00436	0.00614
8	0.01975	0.01344	0.01486	0.01188	0.01598	0.01455	0.00965	0.39119	0.23750	0.16696	0.01778	0.01670	0.01257	0.00700	0.00563	0.00175	0.00539	0.00552	0.00586	0.02605
9	0.01675	0.04162	0.26891	0.01400	0.01873	0.38903	0.01355	0.06811	0.01483	0.01718	0.01031	0.01187	0.00798	0.00576	0.00507	0.00156	0.00853	0.00403	0.07496	0.00723
10	0.01609	0.05488	0.25129	0.01287	0.01867	0.01439	0.01301	0.34669	0.01840	0.02567	0.01152	0.01245	0.00847	0.00573	0.00517	0.00153	0.00645	0.00436	0.00403	0.16834
11	0.01169	0.44574	0.09276	0.00885	0.01296	0.01514	0.00880	0.01382	0.01197	0.01438	0.02556	0.02538	0.27710	0.00823	0.00486	0.00151	0.00511	0.00628	0.00341	0.00645
12	0.01012	0.29067	0.01483	0.00760	0.01033	0.01119	0.00656	0.01212	0.01345	0.01716	0.29502	0.03370	0.23776	0.00990	0.00556	0.00161	0.00391	0.00810	0.00457	0.00583
13	0.00736	0.00544	0.00688	0.00713	0.00819	0.00496	0.00511	0.00922	0.01360	0.01847	0.39050	0.31346	0.16066	0.01412	0.00683	0.00197	0.00290	0.01252	0.00569	0.00496
14	0.05098	0.01732	0.24864	0.01269	0.01748	0.01365	0.01247	0.02554	0.49143	0.02184	0.01824	0.01762	0.01355	0.00681	0.00551	0.00186	0.00565	0.00553	0.00458	0.00860
15	0.01393	0.01337	0.02284	0.03454	0.76712	0.01337	0.01727	0.01727	0.01281	0.01839	0.01059	0.01393	0.00891	0.00501	0.00557	0.00167	0.00669	0.00501	0.00279	0.00891
16	0.00804	0.00603	0.00904	0.00904	0.01005	0.00703	0.00703	0.01005	0.00904	0.01306	0.01507	0.02211	0.01407	0.04221	0.77992	0.00904	0.01507	0.00603	0.00301	0.00502
17	0.01209	0.00996	0.01381	0.31270	0.02298	0.01180	0.01126	0.01838	0.20969	0.06792	0.01837	0.02125	0.06646	0.01099	0.08160	0.00264	0.07491	0.02231	0.00396	0.00692
18	0.01354	0.01263	0.01358	0.01209	0.01412	0.06947	0.00947	0.02306	0.43675	0.01904	0.01727	0.01929	0.01413	0.07853	0.01112	0.00234	0.21567	0.00594	0.00444	0.00751
19	0.09469	0.01197	0.01406	0.01087	0.01520	0.01204	0.00898	0.29245	0.01936	0.43494	0.01775	0.01620	0.01164	0.00674	0.00546	0.00172	0.00527	0.00521	0.00617	0.00927
20	0.31549	0.01116	0.01205	0.00961	0.01369	0.01149	0.00794	0.15432	0.01566	0.37193	0.01551	0.01456	0.01035	0.00631	0.00488	0.00173	0.00489	0.00462	0.00548	0.00834
21	0.01730	0.10496	0.21079	0.01357	0.01854	0.19891	0.01299	0.24903	0.06825	0.02224	0.01182	0.02542	0.00912	0.00620	0.00524	0.00163	0.00750	0.00454	0.00380	0.00814
22	0.00670	0.00570	0.00577	0.00576	0.00763	0.00477	0.00432	0.00818	0.01295	0.01550	0.08565	0.05367	0.73601	0.01414	0.00665	0.00190	0.00284	0.01181	0.00527	0.00477
23	0.01911	0.00841	0.01121	0.00918	0.01242	0.00751	0.00734	0.04650	0.01596	0.48890	0.21190	0.09242	0.02579	0.00904	0.00604	0.00179	0.00416	0.00769	0.00657	0.00805
24	0.02075	0.06250	0.01657	0.01427	0.01726	0.74494	0.01082	0.02221	0.01574	0.01375	0.00866	0.01010	0.00725	0.00575	0.00501	0.00144	0.00996	0.00360	0.00288	0.00656
25	0.08201	0.01210	0.06696	0.01079	0.01421	0.01169	0.00904	0.17601	0.21816	0.13470	0.02039	0.18354	0.01774	0.00912	0.00580	0.00189	0.00489	0.00761	0.00536	0.00795
26	0.01802	0.01082	0.01253	0.01063	0.01421	0.01135	0.00845	0.02794	0.43559	0.31301	0.02419	0.02180	0.05017	0.00768	0.00574	0.00184	0.00451	0.00634	0.00618	0.00898
27	0.00702	0.00501	0.00671	0.00802	0.00842	0.00471	0.00550	0.00811	0.01093	0.01454	0.03093	0.74540	0.03687	0.01748	0.00723	0.00231	0.00340	0.06757	0.00522	0.00462
28	0.01355	0.01499	0.07977	0.02923	0.47142	0.01362	0.23055	0.01797	0.03884	0.01842	0.01121	0.01439	0.00896	0.00505	0.00587	0.00175	0.00755	0.00548	0.00288	0.00848
29	0.01395	0.01396	0.02031	0.02829	0.55114	0.09246	0.01519	0.01679	0.01241	0.01697	0.01055	0.01419	0.00911	0.00910	0.08135	0.00243	0.07599	0.00496	0.00279	0.00805
30	0.00744	0.00561	0.00688	0.00681	0.00815	0.00505	0.00501	0.00951	0.01432	0.01934	0.46183	0.15637	0.24679	0.01316	0.00672	0.00188	0.00280	0.01150	0.00579	0.00505
31	0.00668	0.00560	0.00581	0.00597	0.00767	0.00473	0.00440	0.00805	0.01256	0.01510	0.05368	0.14940	0.67174	0.01468	0.00672	0.00195	0.00290	0.01240	0.00523	0.00473
32	0.01526	0.08201	0.28726	0.03423	0.04604	0.01334	0.07750	0.10373	0.08616	0.13050	0.01392	0.01475	0.01000	0.00594	0.00537	0.00171	0.00669	0.00493	0.05232	0.00834
33	0.10180	0.04429	0.20087	0.02004	0.28420	0.06762	0.01423	0.01771	0.01253	0.08686	0.01298	0.08866	0.01119	0.00656	0.00536	0.00174	0.00656	0.00555	0.00337	0.00788
34	0.00945	0.00539	0.00588	0.00582	0.00714	0.00520	0.00434	0.01193	0.01285	0.02069	0.20246	0.05570	0.08289	0.00874	0.00491	0.00150	0.00267	0.00733	0.53991	0.00520
35	0.01116	0.00939	0.01385	0.01774	0.28927	0.00931	0.01016	0.06662	0.03397	0.02114	0.33544	0.07780	0.06252	0.00918	0.00618	0.00177	0.00449	0.00825	0.00478	0.00697
36	0.01288	0.18442	0.12520	0.01272	0.07002	0.03992	0.02286	0.01662	0.05910	0.01715	0.04472	0.01333	0.01047	0.00561	0.00574	0.00139	0.06852	0.00420	0.00315	0.28197
37	0.76990	0.01246	0.07463	0.00815	0.01205	0.01266	0.00737	0.01665	0.00978	0.02460	0.00803	0.00938	0.00618	0.00523	0.00364	0.00174	0.00470	0.00314	0.00339	0.00629
38	0.02193	0.00899	0.01218	0.00992	0.02908	0.00783	0.00788	0.02412	0.01579	0.62506	0.10130	0.02385	0.07010	0.00790	0.00583	0.00175	0.00447	0.00655	0.00668	0.00879

[dist]
# distance from previous block
# <min> <max>
0	19

[block]
# block no. 1 follows, 42 sequences, length 54
# corresponding to MSA columns:
# 354-380,382-408
name=unknown_B
#
# <colnr> <probs for GDERKNQSTAVLIFYWHMCP>
#	G	D	E	R	K	N	Q	S	T	A	V	L	I	F	Y	W	H	M	C	P
0	0.01670	0.20459	0.02184	0.02015	0.30196	0.01670	0.01274	0.27214	0.01721	0.02318	0.01117	0.01281	0.00890	0.00562	0.00507	0.00155	0.00623	0.00456	0.02824	0.00863
1	0.00744	0.00594	0.00669	0.00651	0.00820	0.00531	0.00488	0.00988	0.04238	0.01834	0.32755	0.06862	0.44202	0.01303	0.00663	0.00186	0.00285	0.01112	0.00562	0.00512
2	0.07975	0.00999	0.01378	0.01651	0.23225	0.01065	0.01012	0.12810	0.01368	0.02048	0.07127	0.03227	0.01465	0.01722	0.23610	0.00387	0.00823	0.00577	0.06832	0.00699
3	0.01522	0.08024	0.35388	0.01319	0.01887	0.01322	0.01429	0.14445	0.03678	0.13698	0.01405	0.05751	0.01085	0.00808	0.03534	0.00204	0.02753	0.00527	0.00393	0.00827
4	0.00684	0.00497	0.00646	0.00765	0.00811	0.00459	0.00514	0.00786	0.01095	0.01444	0.03322	0.73537	0.09898	0.01734	0.00714	0.00225	0.00323	0.01565	0.00522	0.00459
5	0.01049	0.00525	0.00525	0.00525	0.00656	0.00525	0.00393	0.01311	0.01180	0.02098	0.01836	0.02098	0.01442	0.00656	0.00393	0.00131	0.00262	0.00525	0.83346	0.00525
6	0.01306	0.19191	0.21747	0.10655	0.22357	0.04824	0.04136	0.01687	0.01242	0.01668	0.05304	0.01393	0.01037	0.00552	0.00516	0.00162	0.00707	0.00464	0.00277	0.00773
7	0.00927	0.00733	0.00984	0.01154	0.10432	0.00760	0.00732	0.01260	0.10632	0.01563	0.05081	0.22773	0.05035	0.17517	0.13358	0.00385	0.00623	0.05060	0.00430	0.00558
8	0.73783	0.01125	0.00921	0.00799	0.01159	0.01287	0.00658	0.08028	0.01130	0.05643	0.00891	0.00993	0.00671	0.00543	0.00376	0.00174	0.00453	0.00333	0.00381	0.00654
9	0.01395	0.57934	0.24616	0.01150	0.01733	0.01959	0.01288	0.01713	0.01156	0.01458	0.00849	0.00986	0.00719	0.00497	0.00412	0.00137	0.00669	0.00334	0.00240	0.00754
10	0.01638	0.10318	0.02000	0.02233	0.37531	0.01401	0.01326	0.15341	0.03461	0.10929	0.01401	0.01801	0.01150	0.00644	0.00555	0.00171	0.00612	0.06224	0.00402	0.00862
11	0.00903	0.00696	0.00878	0.00864	0.00963	0.00752	0.00649	0.01203	0.08816	0.01635	0.17315	0.09940	0.06290	0.20199	0.09037	0.00361	0.07306	0.11219	0.00458	0.00517
12	0.00752	0.00585	0.00699	0.00763	0.00909	0.00532	0.00607	0.00928	0.01256	0.01564	0.04370	0.16973	0.40241	0.01521	0.00712	0.00220	0.00372	0.25990	0.00521	0.00487
13	0.01233	0.01357	0.12194	0.01998	0.30099	0.04019	0.01284	0.03383	0.09723	0.03591	0.03666	0.21464	0.01800	0.00885	0.00598	0.00187	0.00576	0.00794	0.00394	0.00757
14	0.01354	0.09053	0.55719	0.01509	0.02236	0.01332	0.05940	0.01921	0.02734	0.11296	0.01177	0.01293	0.00828	0.00552	0.00532	0.00174	0.00767	0.00444	0.00305	0.00836
15	0.01404	0.02362	0.52641	0.01769	0.12705	0.01275	0.01811	0.06097	0.01339	0.11581	0.01192	0.01320	0.00840	0.00559	0.00543	0.00176	0.00751	0.00452	0.00321	0.00864
16	0.01168	0.00876	0.00981	0.00932	0.01130	0.00944	0.00699	0.12571	0.23782	0.02146	0.05412	0.31691	0.02478	0.01133	0.00607	0.00194	0.00395	0.00985	0.11202	0.00674
17	0.05288	0.28552	0.04974	0.01125	0.01582	0.07294	0.01008	0.24606	0.01728	0.16865	0.01255	0.01259	0.00921	0.00595	0.00481	0.00152	0.00616	0.00426	0.00437	0.00836
18	0.01496	0.01432	0.02195	0.03159	0.66177	0.05635	0.01636	0.07962	0.01415	0.01958	0.01073	0.01368	0.00888	0.00521	0.00555	0.00166	0.00684	0.00494	0.00303	0.00884
19	0.00773	0.00560	0.00729	0.00717	0.00834	0.00516	0.00526	0.01005	0.01492	0.02089	0.61246	0.17733	0.07132	0.01268	0.00674	0.00187	0.00277	0.01127	0.00599	0.00516
20	0.00805	0.00599	0.00884	0.00884	0.00978	0.00692	0.00678	0.00992	0.00898	0.01291	0.01526	0.02313	0.01451	0.09506	0.72767	0.00879	0.01440	0.00618	0.00304	0.00491
21	0.01808	0.02093	0.01449	0.01315	0.01607	0.48762	0.00997	0.02446	0.26579	0.01745	0.04654	0.01520	0.01260	0.00667	0.00536	0.00162	0.00790	0.00483	0.00400	0.00727
22	0.01393	0.01337	0.02284	0.03454	0.76712	0.01337	0.01727	0.01727	0.01281	0.01839	0.01059	0.01393	0.00891	0.00501	0.00557	0.00167	0.00669	0.00501	0.00279	0.00891
23	0.01393	0.01337	0.02284	0.03454	0.76712	0.01337	0.01727	0.01727	0.01281	0.01839	0.01059	0.01393	0.00891	0.00501	0.00557	0.00167	0.00669	0.00501	0.00279	0.00891
24	0.01110	0.02777	0.72907	0.01552	0.02344	0.01262	0.01990	0.01741	0.01211	0.01809	0.05344	0.01361	0.00977	0.00570	0.00542	0.00178	0.00799	0.00450	0.00260	0.00814
25	0.06601	0.01944	0.01857	0.02288	0.34558	0.36963	0.01345	0.01950	0.01392	0.01646	0.00943	0.01183	0.00792	0.00557	0.00570	0.00160	0.03785	0.00425	0.00287	0.00753
26	0.84197	0.01088	0.00827	0.00740	0.01088	0.01262	0.00609	0.01654	0.00958	0.02525	0.00784	0.00914	0.00609	0.00522	0.00348	0.00174	0.00435	0.00305	0.00348	0.00609
27	0.01538	0.01722	0.01797	0.31148	0.20671	0.30492	0.01421	0.01816	0.01342	0.01512	0.00965	0.01289	0.00775	0.00554	0.00540	0.00166	0.00831	0.00448	0.00272	0.00700
28	0.01340	0.01275	0.02163	0.07492	0.68299	0.01286	0.01649	0.01673	0.01291	0.01840	0.05386	0.01560	0.01138	0.00542	0.00564	0.00169	0.00650	0.00531	0.00297	0.00856
29	0.00743	0.00571	0.00684	0.00695	0.00839	0.00512	0.00527	0.00940	0.01382	0.01815	0.32780	0.13479	0.33073	0.01369	0.00682	0.00196	0.00305	0.08349	0.00560	0.00499
30	0.01283	0.22605	0.54028	0.01423	0.02144	0.01566	0.01737	0.05956	0.01261	0.01767	0.00972	0.01125	0.00729	0.00529	0.00492	0.00163	0.00761	0.00392	0.00257	0.00811
31	0.01393	0.01337	0.02284	0.03454	0.76712	0.01337	0.01727	0.01727	0.01281	0.01839	0.01059	0.01393	0.00891	0.00501	0.00557	0.00167	0.00669	0.00501	0.00279	0.00891
32	0.84197	0.01088	0.00827	0.00740	0.01088	0.01262	0.00609	0.01654	0.00958	0.02525	0.00784	0.00914	0.00609	0.00522	0.00348	0.00174	0.00435	0.00305	0.00348	0.00609
33	0.00675	0.00570	0.00583	0.00580	0.00766	0.00479	0.00435	0.00826	0.01306	0.01574	0.10897	0.05327	0.71254	0.01405	0.00665	0.00189	0.00284	0.01175	0.00530	0.00479
34	0.05648	0.01153	0.01381	0.01069	0.01492	0.01141	0.00881	0.26943	0.01914	0.45991	0.01852	0.01693	0.01216	0.00681	0.00549	0.00170	0.00515	0.00534	0.04253	0.00924
35	0.00818	0.00546	0.00614	0.00614	0.00614	0.00546	0.00341	0.00818	0.00818	0.01091	0.01773	0.03683	0.02046	0.80222	0.02864	0.00546	0.00546	0.00818	0.00341	0.00341
36	0.01167	0.01000	0.01167	0.00834	0.01334	0.00750	0.00667	0.01417	0.01167	0.01834	0.01000	0.01167	0.00834	0.00417	0.00417	0.00083	0.00417	0.00333	0.00333	0.83663
37	0.01167	0.00967	0.01070	0.00976	0.01224	0.01068	0.00751	0.02250	0.47462	0.02301	0.28948	0.02928	0.04673	0.00917	0.00607	0.00186	0.00377	0.00785	0.00588	0.00752
38	0.01213	0.00814	0.00842	0.00782	0.00993	0.00892	0.00601	0.03977	0.29604	0.02236	0.01996	0.02078	0.01534	0.00697	0.00466	0.00155	0.00342	0.00567	0.49537	0.00676
39	0.00686	0.00571	0.00599	0.00592	0.00773	0.00484	0.00444	0.00847	0.01331	0.01636	0.16780	0.05226	0.65333	0.01382	0.00665	0.00188	0.00282	0.01161	0.00538	0.00484
40	0.02075	0.01886	0.01570	0.01297	0.01671	0.29337	0.01028	0.38609	0.04935	0.06845	0.01281	0.01320	0.00946	0.00645	0.00536	0.00160	0.00734	0.00463	0.03834	0.00826
41	0.00756	0.00568	0.00701	0.00689	0.00827	0.00513	0.00514	0.00974	0.01457	0.01976	0.49397	0.11523	0.23414	0.01289	0.00672	0.00187	0.00283	0.03168	0.00583	0.00509
42	0.02102	0.02682	0.01595	0.01450	0.01740	0.77963	0.01087	0.02247	0.01595	0.01377	0.00870	0.01015	0.00725	0.00580	0.00507	0.00145	0.01015	0.00362	0.00290	0.00652
43	0.01129	0.02911	0.77306	0.01604	0.02436	0.01307	0.02079	0.01782	0.01188	0.01782	0.01010	0.01188	0.00713	0.00535	0.00535	0.00178	0.00832	0.00416	0.00238	0.00832
44	0.00717	0.00575	0.00643	0.00652	0.00806	0.00510	0.00479	0.00919	0.03361	0.01689	0.20554	0.17615	0.46672	0.01404	0.00671	0.00194	0.00292	0.01205	0.00545	0.00496
45	0.01011	0.00529	0.00529	0.00529	0.00666	0.00520	0.00397	0.01261	0.01190	0.02041	0.02221	0.02428	0.08914	0.00732	0.00420	0.00137	0.00265	0.00591	0.75100	0.00520
46	0.24026	0.24966	0.01790	0.01107	0.01478	0.30788	0.00921	0.06095	0.01352	0.01795	0.00849	0.00974	0.00706	0.00541	0.00425	0.00147	0.00715	0.00337	0.00307	0.00679
47	0.01668	0.01977	0.01474	0.01341	0.01537	0.47605	0.01034	0.01821	0.01314	0.01358	0.00979	0.01305	0.00870	0.01417	0.16972	0.00323	0.15668	0.00437	0.00284	0.00614
48	0.00904	0.00655	0.00840	0.00808	0.00876	0.00726	0.00569	0.05171	0.00961	0.01333	0.01598	0.02836	0.01665	0.40678	0.34273	0.00663	0.03957	0.00697	0.00334	0.00455
49	0.02178	0.01514	0.01650	0.01265	0.01714	0.01653	0.01045	0.67600	0.02542	0.10928	0.01438	0.01408	0.01001	0.00678	0.00563	0.00169	0.00605	0.00513	0.00576	0.00957
50	0.01167	0.01000	0.01167	0.00834	0.01334	0.00750	0.00667	0.01417	0.01167	0.01834	0.01000	0.01167	0.00834	0.00417	0.00417	0.00083	0.00417	0.00333	0.00333	0.83663
51	0.03106	0.00910	0.00974	0.00896	0.01115	0.05471	0.00694	0.11419	0.05784	0.09251	0.17495	0.16392	0.11733	0.01110	0.00620	0.00188	0.00425	0.06202	0.05577	0.00639
52	0.05034	0.19834	0.19765	0.01110	0.01622	0.01351	0.01119	0.05891	0.08403	0.08590	0.01336	0.06536	0.01104	0.00627	0.00486	0.00151	0.00573	0.00489	0.00371	0.15608
53	0.06236	0.42697	0.12885	0.01101	0.01611	0.03975	0.01099	0.12154	0.01405	0.08219	0.01026	0.01104	0.00808	0.00538	0.00437	0.00143	0.00623	0.00372	0.00335	0.03234

[dist]
# distance from previous block
# <min> <max>
0	4

[block]
# block no. 2 follows, 42 sequences, length 34
# corresponding to MSA columns:
# 416-449
name=unknown_C
#
# <colnr> <probs for GDERKNQSTAVLIFYWHMCP>
#	G	D	E	R	K	N	Q	S	T	A	V	L	I	F	Y	W	H	M	C	P
0	0.11897	0.27453	0.13471	0.01148	0.01622	0.07795	0.01104	0.17268	0.07220	0.02124	0.03299	0.01241	0.00969	0.00585	0.00466	0.00155	0.00631	0.00414	0.00362	0.00776
1	0.01125	0.07284	0.24726	0.13325	0.01915	0.01025	0.01240	0.01480	0.01240	0.08370	0.07608	0.14443	0.08159	0.00919	0.00592	0.00188	0.00585	0.04709	0.00394	0.00674
2	0.01126	0.00944	0.01181	0.01340	0.14463	0.00996	0.00860	0.01887	0.29986	0.02062	0.16155	0.08724	0.11035	0.00935	0.00598	0.00183	0.00413	0.00814	0.05579	0.00721
3	0.00696	0.00542	0.00632	0.00673	0.00795	0.00478	0.00481	0.00843	0.01262	0.01619	0.17161	0.32500	0.37308	0.01501	0.00684	0.00202	0.00297	0.01309	0.00540	0.00478
4	0.01662	0.01306	0.01978	0.02556	0.46913	0.04027	0.03744	0.07509	0.03465	0.16025	0.04264	0.01606	0.01177	0.00585	0.00565	0.00170	0.00629	0.00538	0.00400	0.00882
5	0.01648	0.18666	0.23406	0.01436	0.04743	0.24176	0.01357	0.11478	0.04799	0.01825	0.01025	0.01147	0.00802	0.00564	0.00497	0.00155	0.00787	0.00401	0.00313	0.00777
6	0.84197	0.01088	0.00827	0.00740	0.01088	0.01262	0.00609	0.01654	0.00958	0.02525	0.00784	0.00914	0.00609	0.00522	0.00348	0.00174	0.00435	0.00305	0.00348	0.00609
7	0.01505	0.80561	0.02949	0.00963	0.01444	0.02227	0.00963	0.01685	0.01143	0.01324	0.00782	0.00903	0.00722	0.00481	0.00361	0.00120	0.00602	0.00301	0.00241	0.00722
8	0.00733	0.00554	0.00681	0.00722	0.00840	0.00502	0.00534	0.00908	0.01309	0.01723	0.25064	0.28581	0.25948	0.01465	0.00692	0.00205	0.00315	0.08184	0.00550	0.00490
9	0.00791	0.00575	0.00745	0.00702	0.00837	0.00529	0.00527	0.01051	0.01580	0.02226	0.73463	0.04254	0.08281	0.01162	0.00664	0.00178	0.00266	0.01025	0.00615	0.00529
10	0.01393	0.01337	0.02284	0.03454	0.76712	0.01337	0.01727	0.01727	0.01281	0.01839	0.01059	0.01393	0.00891	0.00501	0.00557	0.00167	0.00669	0.00501	0.00279	0.00891
11	0.00692	0.00571	0.00607	0.00598	0.00777	0.00486	0.00449	0.00860	0.01346	0.01671	0.20128	0.05169	0.61963	0.01369	0.00665	0.00187	0.00281	0.01153	0.00542	0.00486
12	0.01488	0.26459	0.04942	0.01000	0.01369	0.02849	0.00885	0.16128	0.15944	0.02123	0.01441	0.01571	0.01150	0.03426	0.00546	0.00164	0.00523	0.00475	0.16766	0.00752
13	0.00759	0.00554	0.00727	0.00842	0.00911	0.00535	0.00612	0.00952	0.04174	0.01527	0.03137	0.59127	0.06152	0.01668	0.00722	0.00232	0.00369	0.15989	0.00524	0.00488
14	0.80733	0.01083	0.00847	0.00751	0.01103	0.01244	0.00619	0.01700	0.00985	0.05689	0.00845	0.00957	0.00643	0.00530	0.00357	0.00174	0.00437	0.00316	0.00363	0.00624
15	0.01229	0.00610	0.00660	0.00612	0.00786	0.00599	0.00470	0.03983	0.01299	0.10116	0.05953	0.02169	0.01633	0.00688	0.00432	0.00140	0.00298	0.00555	0.67184	0.00586
16	0.01231	0.01231	0.01724	0.01477	0.01477	0.01724	0.01231	0.01354	0.00862	0.01354	0.00739	0.01231	0.00739	0.00985	0.01847	0.00246	0.79192	0.00492	0.00246	0.00616
17	0.00683	0.00571	0.00595	0.00589	0.00771	0.00483	0.00442	0.00842	0.01325	0.01621	0.15347	0.05251	0.66775	0.01388	0.00665	0.00188	0.00282	0.01165	0.00536	0.00483
18	0.01505	0.80561	0.02949	0.00963	0.01444	0.02227	0.00963	0.01685	0.01143	0.01324	0.00782	0.00903	0.00722	0.00481	0.00361	0.00120	0.00602	0.00301	0.00241	0.00722
19	0.84197	0.01088	0.00827	0.00740	0.01088	0.01262	0.00609	0.01654	0.00958	0.02525	0.00784	0.00914	0.00609	0.00522	0.00348	0.00174	0.00435	0.00305	0.00348	0.00609
20	0.00954	0.00815	0.01158	0.01073	0.01127	0.01041	0.00848	0.01106	0.00881	0.01300	0.01269	0.02027	0.01243	0.11162	0.43581	0.00638	0.28379	0.00587	0.00286	0.00525
21	0.00748	0.00605	0.00653	0.00638	0.00817	0.00534	0.00478	0.03740	0.01381	0.01731	0.18558	0.09750	0.55649	0.01366	0.00664	0.00189	0.00297	0.01156	0.00542	0.00503
22	0.29205	0.01240	0.01227	0.00992	0.01365	0.01372	0.00814	0.36803	0.01834	0.07061	0.01276	0.01337	0.00931	0.00623	0.00469	0.00166	0.00503	0.00445	0.11553	0.00784
23	0.00823	0.00619	0.00759	0.00779	0.00925	0.00581	0.00607	0.04098	0.01400	0.01843	0.25010	0.17075	0.24557	0.01397	0.00694	0.00207	0.00352	0.17203	0.00551	0.00518
24	0.00967	0.00602	0.00774	0.00713	0.00871	0.00555	0.00541	0.01228	0.01551	0.08465	0.62330	0.03790	0.04574	0.01060	0.00627	0.00172	0.00283	0.00928	0.09404	0.00566
25	0.30630	0.01216	0.01248	0.01015	0.01410	0.01319	0.00831	0.23610	0.10860	0.20309	0.01474	0.01425	0.01033	0.00638	0.00490	0.00175	0.00501	0.00467	0.00521	0.00828
26	0.01164	0.01133	0.01595	0.01387	0.01403	0.01563	0.01148	0.01299	0.00869	0.01347	0.00859	0.01385	0.00844	0.01493	0.13807	0.00350	0.66990	0.00510	0.00255	0.00598
27	0.01510	0.01263	0.01334	0.01167	0.01505	0.01451	0.00917	0.13657	0.64849	0.02531	0.02151	0.01989	0.01605	0.00750	0.00571	0.00188	0.00471	0.00617	0.00571	0.00901
28	0.00734	0.00568	0.00670	0.00664	0.00813	0.00504	0.00496	0.00933	0.01409	0.01857	0.38002	0.10898	0.35759	0.01330	0.00672	0.00189	0.00286	0.03148	0.00567	0.00501
29	0.00807	0.00591	0.00787	0.00768	0.00857	0.00620	0.00559	0.00976	0.01118	0.01567	0.25560	0.03318	0.05970	0.21460	0.30490	0.00543	0.02304	0.00810	0.00421	0.00473
30	0.00911	0.00768	0.00726	0.00697	0.00867	0.07973	0.00522	0.01116	0.01407	0.01858	0.29680	0.04041	0.32178	0.01126	0.00607	0.00172	0.00345	0.00944	0.13544	0.00520
31	0.60263	0.17913	0.01281	0.00789	0.01156	0.01438	0.00683	0.03345	0.01048	0.02271	0.00853	0.00986	0.00687	0.00524	0.00358	0.00160	0.00466	0.00321	0.04821	0.00637
32	0.03063	0.07566	0.16134	0.01288	0.03994	0.17125	0.01154	0.06647	0.09658	0.17534	0.06229	0.01588	0.01287	0.00642	0.00530	0.00163	0.00661	0.00494	0.00432	0.03812
33	0.01471	0.06376	0.35987	0.01458	0.04617	0.03483	0.04472	0.13269	0.05727	0.09155	0.07378	0.01579	0.01259	0.00630	0.00550	0.00173	0.00689	0.00511	0.00386	0.00830

[dist]
# distance from previous block
# <min> <max>
0	17

[block]
# block no. 3 follows, 42 sequences, length 69
# corresponding to MSA columns:
# 520-588
name=unknown_D
#
# <colnr> <probs for GDERKNQSTAVLIFYWHMCP>
#	G	D	E	R	K	N	Q	S	T	A	V	L	I	F	Y	W	H	M	C	P
0	0.01496	0.02008	0.27039	0.01493	0.06333	0.09897	0.01389	0.13171	0.27049	0.02201	0.01488	0.01519	0.01107	0.00637	0.00550	0.00177	0.00678	0.00504	0.00410	0.00854
1	0.75853	0.01090	0.00871	0.00758	0.01121	0.01229	0.00623	0.02965	0.01006	0.02486	0.00812	0.00943	0.00634	0.00516	0.00358	0.00167	0.00437	0.00311	0.00351	0.07470
2	0.01203	0.01098	0.01702	0.24920	0.29700	0.01112	0.01315	0.02826	0.01253	0.01771	0.06078	0.01631	0.02545	0.00563	0.00535	0.00155	0.00599	0.00509	0.00315	0.20170
3	0.01644	0.01244	0.02061	0.03697	0.41002	0.01216	0.10462	0.04176	0.04689	0.19431	0.01542	0.01684	0.03331	0.00589	0.00577	0.00174	0.00637	0.00564	0.00405	0.00876
4	0.10616	0.01132	0.07530	0.01025	0.01484	0.00910	0.00909	0.02554	0.01510	0.63392	0.01976	0.01755	0.01258	0.00666	0.00541	0.00174	0.00504	0.00527	0.00624	0.00912
5	0.01385	0.40750	0.26544	0.01199	0.01738	0.08591	0.01295	0.01708	0.01200	0.02620	0.01076	0.07536	0.00977	0.00616	0.00463	0.00151	0.00688	0.00455	0.00274	0.00733
6	0.00927	0.00606	0.00781	0.00719	0.00882	0.00550	0.00546	0.01177	0.01565	0.08365	0.63642	0.04129	0.11679	0.01139	0.00656	0.00178	0.00285	0.00996	0.00617	0.00561
7	0.00683	0.00501	0.00642	0.00755	0.00809	0.00460	0.00510	0.00787	0.01105	0.01448	0.03450	0.69892	0.13460	0.01718	0.00711	0.00223	0.00321	0.01545	0.00522	0.00460
8	0.01482	0.01320	0.02178	0.03172	0.67621	0.01324	0.01629	0.04315	0.03636	0.06132	0.01172	0.01442	0.00947	0.00526	0.00558	0.00168	0.00649	0.00509	0.00321	0.00897
9	0.02352	0.01565	0.01437	0.01173	0.01564	0.25215	0.00934	0.10114	0.01714	0.45574	0.01704	0.01573	0.01137	0.00658	0.00547	0.00164	0.00662	0.00496	0.00555	0.00862
10	0.02280	0.01010	0.01276	0.00993	0.01394	0.00946	0.00816	0.14809	0.01734	0.55513	0.02026	0.01842	0.01325	0.00688	0.00544	0.00168	0.00476	0.00551	0.10702	0.00905
11	0.01145	0.00932	0.01191	0.01083	0.01105	0.06014	0.00832	0.01089	0.00847	0.01166	0.00895	0.01492	0.00882	0.01561	0.04721	0.41903	0.31977	0.00486	0.00250	0.00428
12	0.01104	0.00901	0.00958	0.00901	0.01116	0.03509	0.00679	0.01842	0.31102	0.04523	0.17113	0.13347	0.15985	0.03487	0.00693	0.00202	0.00390	0.00928	0.00554	0.00668
13	0.04370	0.00744	0.00925	0.00831	0.01069	0.00696	0.00638	0.04937	0.01370	0.30469	0.02390	0.27021	0.03240	0.01035	0.00574	0.00183	0.00387	0.00888	0.17544	0.00689
14	0.01642	0.00961	0.01129	0.00960	0.01245	0.00992	0.00772	0.24885	0.01711	0.18264	0.01935	0.09801	0.01617	0.01133	0.06945	0.00234	0.00547	0.05336	0.19146	0.00745
15	0.01203	0.02394	0.49866	0.01889	0.02623	0.01350	0.29002	0.01790	0.01240	0.01790	0.01058	0.01310	0.00765	0.00512	0.00583	0.00182	0.00875	0.00508	0.00255	0.00805
16	0.01740	0.00763	0.01033	0.00900	0.01171	0.00674	0.00696	0.01922	0.01429	0.44451	0.09621	0.28385	0.02553	0.01099	0.00627	0.00193	0.00407	0.00957	0.00631	0.00748
17	0.08493	0.00772	0.00929	0.00785	0.01026	0.00728	0.00587	0.01813	0.01232	0.35308	0.01900	0.02452	0.01555	0.27461	0.01299	0.00293	0.00469	0.00624	0.11610	0.00663
18	0.00720	0.00534	0.00679	0.00769	0.00854	0.00492	0.00556	0.00863	0.01190	0.01554	0.09651	0.49042	0.18187	0.01618	0.00711	0.00221	0.00339	0.11016	0.00530	0.00475
19	0.01174	0.01114	0.01889	0.53469	0.28407	0.01280	0.01618	0.01535	0.01178	0.01573	0.01020	0.01464	0.00798	0.00542	0.00561	0.00181	0.00723	0.00501	0.00260	0.00715
20	0.01497	0.01603	0.16963	0.01615	0.13868	0.01361	0.01279	0.26442	0.13884	0.02433	0.01622	0.11954	0.01391	0.00779	0.00579	0.00182	0.00603	0.00655	0.00447	0.00843
21	0.00746	0.00550	0.00707	0.00780	0.00878	0.00511	0.00581	0.00916	0.01257	0.01663	0.18265	0.38129	0.16285	0.01543	0.00709	0.00217	0.00343	0.14891	0.00541	0.00487
22	0.01393	0.01337	0.02284	0.03454	0.76712	0.01337	0.01727	0.01727	0.01281	0.01839	0.01059	0.01393	0.00891	0.00501	0.00557	0.00167	0.00669	0.00501	0.00279	0.00891
23	0.01184	0.00774	0.00955	0.00799	0.01077	0.00681	0.00623	0.03627	0.03700	0.13338	0.38424	0.03145	0.09375	0.00918	0.00589	0.00157	0.00348	0.00787	0.00557	0.18943
24	0.84197	0.01088	0.00827	0.00740	0.01088	0.01262	0.00609	0.01654	0.00958	0.02525	0.00784	0.00914	0.00609	0.00522	0.00348	0.00174	0.00435	0.00305	0.00348	0.00609
25	0.05048	0.01486	0.01196	0.01089	0.01290	0.29185	0.00840	0.01614	0.03662	0.02989	0.19754	0.02608	0.13214	0.00920	0.00749	0.00178	0.11128	0.02029	0.00420	0.00600
26	0.01799	0.01753	0.01610	0.01580	0.11681	0.24560	0.01106	0.22861	0.20080	0.02291	0.01404	0.01470	0.01081	0.00770	0.03270	0.00193	0.00734	0.00498	0.00436	0.00824
27	0.02263	0.01549	0.01545	0.01221	0.01640	0.13921	0.00991	0.38664	0.02125	0.27965	0.01565	0.01486	0.01066	0.00667	0.00555	0.00167	0.00637	0.00503	0.00563	0.00907
28	0.04119	0.01458	0.01700	0.01357	0.01734	0.03759	0.07658	0.38155	0.21953	0.02780	0.01500	0.01535	0.01116	0.00702	0.00683	0.00183	0.07693	0.00545	0.00498	0.00872
29	0.01389	0.37124	0.16394	0.01444	0.06039	0.04023	0.12285	0.01711	0.01194	0.04093	0.01015	0.01239	0.00838	0.00860	0.07894	0.00222	0.00795	0.00428	0.00272	0.00742
30	0.00748	0.00562	0.00693	0.00683	0.00817	0.00507	0.00504	0.00960	0.01445	0.01960	0.48633	0.14637	0.23184	0.01302	0.00671	0.00187	0.00279	0.01139	0.00582	0.00507
31	0.01564	0.01255	0.01338	0.01162	0.01506	0.01428	0.00916	0.14084	0.61132	0.05840	0.02142	0.01976	0.01586	0.00747	0.00571	0.00187	0.00474	0.00613	0.00577	0.00904
32	0.01508	0.01369	0.02174	0.04750	0.62839	0.01402	0.01616	0.13696	0.01502	0.02110	0.01105	0.01388	0.00899	0.00531	0.00558	0.00168	0.00662	0.00502	0.00325	0.00896
33	0.01356	0.01409	0.01141	0.01053	0.01286	0.25557	0.00801	0.01900	0.19839	0.01921	0.25910	0.02828	0.08672	0.00907	0.00595	0.00174	0.00559	0.02949	0.00491	0.00654
34	0.00689	0.00568	0.00609	0.00628	0.00797	0.00488	0.00474	0.00841	0.01278	0.01556	0.08390	0.12553	0.61389	0.01454	0.00678	0.00198	0.00304	0.06102	0.00527	0.00479
35	0.01439	0.02294	0.33745	0.01812	0.02435	0.13939	0.26282	0.07895	0.01422	0.01868	0.01058	0.01284	0.00782	0.00533	0.00576	0.00176	0.00884	0.00498	0.00289	0.00788
36	0.01310	0.01230	0.02094	0.09936	0.45659	0.01249	0.10325	0.06558	0.01338	0.01859	0.01356	0.11916	0.01257	0.00685	0.00593	0.00180	0.00661	0.00668	0.00329	0.00797
37	0.06471	0.00855	0.01081	0.00897	0.01210	0.00803	0.00717	0.02114	0.08661	0.39412	0.28193	0.02679	0.02755	0.00852	0.00588	0.00177	0.00398	0.00716	0.00638	0.00782
38	0.01713	0.00800	0.00984	0.00817	0.01101	0.00752	0.00653	0.07935	0.01548	0.33510	0.14172	0.02305	0.02015	0.00755	0.00524	0.00160	0.00383	0.00621	0.28510	0.00742
39	0.04236	0.03084	0.20119	0.04711	0.21485	0.07274	0.01449	0.14248	0.01550	0.14598	0.01260	0.01375	0.00913	0.00580	0.00541	0.00170	0.00690	0.00472	0.00387	0.00859
40	0.01162	0.09912	0.50677	0.01594	0.02292	0.01347	0.14757	0.01696	0.01217	0.01720	0.01398	0.01568	0.06992	0.00592	0.00552	0.00176	0.00785	0.00513	0.00270	0.00779
41	0.00771	0.00536	0.00676	0.00720	0.00748	0.00542	0.00463	0.00838	0.00920	0.01244	0.02176	0.29091	0.02503	0.41034	0.14758	0.00499	0.00633	0.01045	0.00395	0.00407
42	0.13670	0.01858	0.01788	0.02231	0.34724	0.33055	0.01300	0.01932	0.01364	0.01747	0.00941	0.01167	0.00782	0.00537	0.00506	0.00159	0.00778	0.00415	0.00293	0.00752
43	0.01049	0.00525	0.00525	0.00525	0.00656	0.00525	0.00393	0.01311	0.01180	0.02098	0.01836	0.02098	0.01442	0.00656	0.00393	0.00131	0.00262	0.00525	0.83346	0.00525
44	0.01666	0.01731	0.01383	0.01237	0.01545	0.29116	0.00951	0.07493	0.39627	0.02055	0.03918	0.01811	0.03557	0.00721	0.00554	0.00172	0.00654	0.00555	0.00469	0.00787
45	0.01000	0.00799	0.00985	0.00824	0.01140	0.00660	0.00660	0.01256	0.01332	0.01952	0.26724	0.03038	0.02735	0.00850	0.00559	0.00144	0.00382	0.12454	0.00460	0.42044
46	0.00707	0.00545	0.00649	0.00694	0.00813	0.00486	0.00503	0.00861	0.01265	0.01632	0.17600	0.32591	0.33450	0.01505	0.00689	0.00205	0.00307	0.04476	0.00540	0.00481
47	0.01365	0.01186	0.01864	0.07836	0.02010	0.01191	0.22857	0.20405	0.01650	0.03245	0.07284	0.04809	0.08565	0.00804	0.00624	0.00183	0.00639	0.06964	0.00437	0.06084
48	0.56547	0.01625	0.01086	0.00979	0.01308	0.27096	0.00770	0.01854	0.01172	0.02138	0.00813	0.00948	0.00648	0.00542	0.00402	0.00164	0.00631	0.00324	0.00329	0.00624
49	0.00886	0.00557	0.00672	0.00655	0.00761	0.00552	0.00475	0.01100	0.01245	0.01899	0.30139	0.03169	0.03006	0.14173	0.10280	0.00309	0.00460	0.00769	0.28399	0.00495
50	0.00756	0.00547	0.00739	0.00769	0.00858	0.00531	0.00556	0.00947	0.01285	0.01791	0.36400	0.32641	0.04074	0.01881	0.13220	0.00315	0.00490	0.01172	0.00531	0.00498
51	0.01900	0.01521	0.01550	0.01256	0.01655	0.05907	0.01013	0.47753	0.25986	0.03043	0.01625	0.01572	0.01188	0.00698	0.00563	0.00175	0.00586	0.00540	0.00551	0.00919
52	0.01087	0.01020	0.01448	0.01284	0.01318	0.01380	0.01053	0.01237	0.00876	0.01338	0.00998	0.01561	0.00964	0.02075	0.27493	0.00468	0.53028	0.00530	0.00265	0.00578
53	0.01255	0.02027	0.30367	0.02091	0.02756	0.01381	0.48133	0.01795	0.01277	0.01795	0.01092	0.01397	0.00802	0.00496	0.00617	0.00186	0.00906	0.00573	0.00267	0.00786
54	0.00706	0.00542	0.00652	0.00730	0.00839	0.00489	0.00534	0.00842	0.01188	0.01502	0.04130	0.40513	0.32886	0.01601	0.00705	0.00217	0.00334	0.10596	0.00522	0.00472
55	0.01393	0.01337	0.02284	0.03454	0.76712	0.01337	0.01727	0.01727	0.01281	0.01839	0.01059	0.01393	0.00891	0.00501	0.00557	0.00167	0.00669	0.00501	0.00279	0.00891
56	0.01192	0.01149	0.02000	0.48263	0.28344	0.01291	0.06593	0.01560	0.01192	0.01598	0.01029	0.01465	0.00805	0.00536	0.00568	0.00181	0.00736	0.00512	0.00262	0.00724
57	0.01102	0.01055	0.01327	0.01205	0.01277	0.07536	0.00971	0.01264	0.00942	0.01334	0.01111	0.01674	0.01052	0.02474	0.37574	0.00548	0.36178	0.00534	0.00276	0.00565
58	0.00784	0.00625	0.00708	0.00678	0.00854	0.00576	0.00511	0.01100	0.07561	0.01913	0.36548	0.04609	0.38982	0.01250	0.00657	0.00184	0.00290	0.01067	0.00569	0.00534
59	0.00684	0.00543	0.00616	0.00663	0.00792	0.00475	0.00476	0.00820	0.01228	0.01537	0.08961	0.32021	0.44950	0.01532	0.00686	0.00204	0.00303	0.02510	0.00528	0.00473
60	0.01220	0.19845	0.54720	0.01453	0.02139	0.01544	0.01764	0.01726	0.01151	0.01646	0.00938	0.01129	0.00717	0.00560	0.00605	0.00171	0.07248	0.00397	0.00239	0.00790
61	0.84197	0.01088	0.00827	0.00740	0.01088	0.01262	0.00609	0.01654	0.00958	0.02525	0.00784	0.00914	0.00609	0.00522	0.00348	0.00174	0.00435	0.00305	0.00348	0.00609
62	0.01989	0.01803	0.07857	0.01313	0.01753	0.14115	0.01125	0.49411	0.05518	0.05131	0.03549	0.01417	0.01075	0.00667	0.00555	0.00167	0.00679	0.00498	0.00497	0.00881
63	0.01282	0.01224	0.02085	0.28689	0.52341	0.01308	0.01672	0.01630	0.01229	0.01704	0.01039	0.01429	0.00844	0.00522	0.00559	0.00174	0.00696	0.00501	0.00269	0.00802
64	0.00918	0.00696	0.00842	0.07198	0.01090	0.04064	0.00619	0.01093	0.01079	0.01521	0.13827	0.02827	0.02147	0.24252	0.23900	0.00488	0.00781	0.00702	0.11475	0.00481
65	0.00736	0.00559	0.00590	0.00590	0.00692	0.00508	0.00387	0.00813	0.01067	0.01321	0.03873	0.04609	0.41848	0.38090	0.01688	0.00355	0.00406	0.01016	0.00438	0.00413
66	0.01270	0.00858	0.01004	0.00855	0.01141	0.00788	0.00655	0.11009	0.03700	0.11955	0.04474	0.16706	0.14128	0.07693	0.00776	0.00198	0.00423	0.02014	0.00496	0.19856
67	0.18455	0.05293	0.01168	0.00991	0.01240	0.11967	0.00763	0.17498	0.01474	0.02111	0.01804	0.31098	0.01894	0.01035	0.00560	0.00187	0.00525	0.00851	0.00448	0.00640
68	0.04518	0.01471	0.01841	0.02196	0.34073	0.10036	0.01312	0.17851	0.03711	0.07947	0.03359	0.01455	0.01056	0.00623	0.00638	0.00172	0.06000	0.00503	0.00392	0.00845

[dist]
# distance from previous block
# <min> <max>
0	2

[block]
# block no. 4 follows, 42 sequences, length 154
# corresponding to MSA columns:
# 591-609,614-748
name=unknown_E
#
# <colnr> <probs for GDERKNQSTAVLIFYWHMCP>
#	G	D	E	R	K	N	Q	S	T	A	V	L	I	F	Y	W	H	M	C	P
0	0.10053	0.09573	0.36981	0.01304	0.01885	0.01430	0.01429	0.04188	0.23754	0.02040	0.01362	0.01412	0.01014	0.00602	0.00511	0.00176	0.00645	0.00462	0.00360	0.00819
1	0.01548	0.01672	0.01622	0.15785	0.15129	0.27619	0.01197	0.02020	0.13619	0.01691	0.01178	0.01369	0.00937	0.00571	0.00525	0.00156	0.00732	0.00453	0.00333	0.11844
2	0.12013	0.00717	0.00796	0.00745	0.00973	0.00647	0.00554	0.01103	0.01166	0.03014	0.07682	0.29842	0.17303	0.01160	0.00582	0.00176	0.00352	0.00995	0.00465	0.19715
3	0.01223	0.22291	0.58748	0.01444	0.02188	0.01537	0.01801	0.01758	0.01177	0.01668	0.00953	0.01117	0.00715	0.00521	0.00491	0.00164	0.00774	0.00387	0.00238	0.00804
4	0.01615	0.34112	0.21302	0.01293	0.01797	0.28054	0.01288	0.01903	0.01310	0.01458	0.00870	0.01014	0.00721	0.00529	0.00455	0.00143	0.00802	0.00351	0.00257	0.00726
5	0.01354	0.01443	0.08140	0.07345	0.66985	0.01330	0.01746	0.01716	0.01266	0.01813	0.01052	0.01383	0.00870	0.00507	0.00556	0.00169	0.00686	0.00495	0.00274	0.00872
6	0.01091	0.00816	0.00938	0.00826	0.01081	0.00789	0.00644	0.05633	0.14702	0.05117	0.27697	0.03352	0.15588	0.00976	0.00596	0.00169	0.00358	0.03322	0.04548	0.11757
7	0.01301	0.38586	0.43144	0.01309	0.01980	0.01730	0.01566	0.01738	0.01168	0.01572	0.00905	0.01057	0.00717	0.00510	0.00455	0.00152	0.00726	0.00363	0.00239	0.00781
8	0.01423	0.29077	0.28707	0.01193	0.01789	0.01523	0.01304	0.04437	0.04223	0.07767	0.01091	0.01187	0.00837	0.00526	0.00463	0.00144	0.00640	0.00388	0.00315	0.12966
9	0.00797	0.00549	0.00608	0.00608	0.00634	0.00536	0.00353	0.00817	0.00883	0.01151	0.02319	0.03923	0.12386	0.69277	0.02559	0.00496	0.00509	0.00870	0.00366	0.00360
10	0.01299	0.01632	0.17131	0.01643	0.02144	0.01358	0.26501	0.02272	0.32585	0.02047	0.04294	0.01793	0.01349	0.00632	0.00600	0.00187	0.00689	0.00616	0.00408	0.00821
11	0.00770	0.00554	0.00604	0.00603	0.00667	0.00523	0.00374	0.00822	0.00988	0.01261	0.05265	0.04242	0.25505	0.53101	0.02108	0.00423	0.00455	0.00940	0.00406	0.00389
12	0.22953	0.02201	0.43952	0.01402	0.02042	0.04331	0.07573	0.01823	0.01179	0.06189	0.01024	0.01178	0.00736	0.00537	0.00497	0.00177	0.00725	0.00414	0.00298	0.00768
13	0.01398	0.01086	0.08647	0.00961	0.01338	0.00847	0.00834	0.06898	0.05581	0.18080	0.12916	0.12730	0.04762	0.00854	0.00566	0.00162	0.00448	0.00725	0.00506	0.20662
14	0.01842	0.28107	0.02101	0.01472	0.08437	0.46175	0.01105	0.02016	0.01418	0.01402	0.00858	0.01012	0.00739	0.00541	0.00464	0.00139	0.00848	0.00355	0.00273	0.00697
15	0.01258	0.29630	0.51721	0.01383	0.02095	0.01623	0.01695	0.01749	0.01173	0.01625	0.00932	0.01090	0.00716	0.00516	0.00475	0.00158	0.00753	0.00376	0.00239	0.00794
16	0.01193	0.00671	0.00833	0.00737	0.00966	0.00588	0.00572	0.01406	0.01496	0.21057	0.34342	0.04019	0.27661	0.01125	0.00639	0.00181	0.00326	0.00959	0.00607	0.00621
17	0.00804	0.00603	0.00904	0.00904	0.01005	0.00703	0.00703	0.01005	0.00904	0.01306	0.01507	0.02211	0.01407	0.04221	0.77992	0.00904	0.01507	0.00603	0.00301	0.00502
18	0.28820	0.01009	0.00985	0.00836	0.01161	0.01061	0.00675	0.18237	0.01524	0.09582	0.03939	0.02639	0.25669	0.00880	0.00527	0.00178	0.00430	0.00677	0.00492	0.00677
19	0.00700	0.00530	0.00647	0.00706	0.00804	0.00476	0.00496	0.00843	0.01235	0.01615	0.17589	0.43556	0.25668	0.01548	0.00692	0.00207	0.00303	0.01368	0.00541	0.00476
20	0.01685	0.56987	0.02539	0.01110	0.01534	0.25152	0.01001	0.01855	0.01280	0.01340	0.00809	0.00937	0.00723	0.00511	0.00405	0.00128	0.00727	0.00320	0.00256	0.00701
21	0.00761	0.00574	0.00703	0.00671	0.00819	0.00516	0.00503	0.00994	0.01510	0.02059	0.57393	0.04530	0.24456	0.01224	0.00664	0.00181	0.00271	0.01063	0.00593	0.00516
22	0.00787	0.00581	0.00751	0.00811	0.00933	0.00545	0.00639	0.00992	0.01325	0.01751	0.22629	0.21038	0.17487	0.01469	0.00715	0.00218	0.00369	0.25914	0.00546	0.00501
23	0.00767	0.00569	0.00711	0.00699	0.00830	0.00519	0.00520	0.00986	0.01454	0.01987	0.51320	0.11360	0.18498	0.03507	0.00736	0.00198	0.00293	0.03961	0.00580	0.00508
24	0.01818	0.01417	0.01508	0.01230	0.01623	0.01595	0.00992	0.43604	0.34401	0.03028	0.01759	0.01677	0.01288	0.00714	0.00567	0.00178	0.00544	0.00563	0.00567	0.00928
25	0.01661	0.01339	0.01419	0.01198	0.01563	0.01522	0.00954	0.28349	0.49912	0.02775	0.01959	0.01835	0.01449	0.00732	0.00569	0.00183	0.00507	0.00591	0.00569	0.00914
26	0.77257	0.01127	0.00978	0.00839	0.01201	0.01288	0.04202	0.04283	0.01036	0.02527	0.00821	0.00959	0.00634	0.00526	0.00371	0.00175	0.00467	0.00329	0.00353	0.00629
27	0.01357	0.50123	0.32096	0.01214	0.01833	0.01866	0.01401	0.01723	0.01161	0.01504	0.00872	0.01015	0.00719	0.00502	0.00429	0.00143	0.00692	0.00346	0.00240	0.00765
28	0.72645	0.01076	0.00896	0.00799	0.01108	0.01266	0.00657	0.01586	0.00965	0.02370	0.01017	0.01160	0.04285	0.00608	0.00499	0.00181	0.07565	0.00364	0.00347	0.00604
29	0.01329	0.01261	0.02126	0.03177	0.69176	0.01255	0.01605	0.01652	0.01301	0.01854	0.06050	0.01715	0.03836	0.00576	0.00568	0.00169	0.00629	0.00559	0.00309	0.00854
30	0.01293	0.00906	0.01028	0.00836	0.01187	0.00813	0.00662	0.08095	0.08679	0.12971	0.05004	0.02929	0.27165	0.00882	0.00559	0.00154	0.00397	0.00725	0.00503	0.25213
31	0.01305	0.01248	0.02126	0.23490	0.57362	0.01314	0.01683	0.01650	0.01240	0.01732	0.01043	0.01421	0.00854	0.00518	0.00559	0.00173	0.00690	0.00501	0.00271	0.00821
32	0.08122	0.13000	0.37783	0.01299	0.01928	0.01330	0.03983	0.01882	0.05364	0.09364	0.01156	0.01259	0.00848	0.00540	0.00492	0.00160	0.00668	0.00418	0.00324	0.10080
33	0.03214	0.01361	0.01474	0.01197	0.01593	0.01507	0.00968	0.38360	0.30579	0.10921	0.01796	0.01692	0.01290	0.00709	0.00564	0.00178	0.00535	0.00560	0.00577	0.00926
34	0.01501	0.47236	0.23134	0.01145	0.01705	0.03050	0.01246	0.01817	0.01225	0.09563	0.03056	0.01181	0.00916	0.00539	0.00441	0.00144	0.00650	0.00381	0.00300	0.00771
35	0.01031	0.00957	0.01295	0.01169	0.01225	0.02561	0.00944	0.01184	0.00971	0.01407	0.05446	0.06376	0.07504	0.01943	0.22255	0.00414	0.41772	0.00666	0.00319	0.00561
36	0.01298	0.01240	0.02078	0.15511	0.51591	0.01266	0.05088	0.01679	0.03917	0.01778	0.01255	0.01569	0.03526	0.00547	0.00560	0.00169	0.00660	0.00528	0.00296	0.05444
37	0.01442	0.01201	0.01291	0.01103	0.01455	0.01319	0.00868	0.12681	0.51975	0.02446	0.05567	0.01972	0.01667	0.00724	0.00555	0.00173	0.00457	0.00596	0.00542	0.11966
38	0.01400	0.01209	0.01273	0.01145	0.01463	0.01400	0.00891	0.02990	0.75695	0.02354	0.02291	0.02100	0.01718	0.00764	0.00573	0.00191	0.00445	0.00636	0.00573	0.00891
39	0.00733	0.00573	0.00665	0.00642	0.00802	0.00504	0.00481	0.00940	0.01444	0.01904	0.42505	0.04785	0.39441	0.01282	0.00664	0.00183	0.00275	0.01099	0.00573	0.00504
40	0.00805	0.00597	0.00876	0.00876	0.00966	0.00688	0.00667	0.00986	0.00896	0.01285	0.01534	0.02357	0.01470	0.11767	0.70533	0.00869	0.01412	0.00624	0.00305	0.00486
