[name]
unknown

[dist]
# distance from previous block
# <min> <max>
0	33

[block]
# block no. 0 follows, 36 sequences, length 44
# corresponding to MSA columns:
# 433-453,482-504
name=unknown_A
#
# <colnr> <probs for GDERKNQSTAVLIFYWHMCP>
#	G	D	E	R	K	N	Q	S	T	A	V	L	I	F	Y	W	H	M	C	P
0	0.01522	0.01460	0.05214	0.04261	0.17108	0.07231	0.01317	0.12471	0.01614	0.02180	0.01687	0.02799	0.01588	0.00914	0.00768	0.00204	0.06984	0.17675	0.00426	0.12579
1	0.12677	0.01377	0.07563	0.15153	0.22402	0.01266	0.01370	0.01932	0.04555	0.08089	0.01312	0.01553	0.01006	0.00598	0.00554	0.00177	0.00643	0.00503	0.04172	0.13097
2	0.01398	0.01342	0.02232	0.27775	0.41942	0.01501	0.01784	0.01754	0.01304	0.01821	0.01107	0.01559	0.00914	0.00644	0.00796	0.00203	0.10225	0.00553	0.00293	0.00851
3	0.01483	0.01239	0.02030	0.02874	0.50293	0.01243	0.01509	0.01782	0.01334	0.07677	0.01430	0.01990	0.01250	0.09598	0.11250	0.00344	0.00837	0.00615	0.00356	0.00867
4	0.00796	0.00624	0.00783	0.00816	0.00952	0.00611	0.00606	0.00965	0.01220	0.01578	0.04009	0.21227	0.32306	0.02758	0.27230	0.00500	0.00805	0.01191	0.00492	0.00532
5	0.00840	0.00635	0.00774	0.00739	0.00905	0.00570	0.00555	0.01094	0.01664	0.02261	0.54231	0.05045	0.25683	0.01362	0.00735	0.00200	0.00300	0.01182	0.00655	0.00570
6	0.00790	0.00579	0.00741	0.00815	0.00903	0.00531	0.00568	0.00955	0.01377	0.01849	0.22958	0.48697	0.13501	0.01720	0.00771	0.00232	0.00337	0.01538	0.00608	0.00531
7	0.01666	0.78478	0.03265	0.01066	0.01599	0.02465	0.01066	0.01866	0.01266	0.01466	0.00866	0.00999	0.00800	0.00533	0.00400	0.00133	0.00666	0.00333	0.00267	0.00800
8	0.01921	0.01351	0.01491	0.01264	0.01665	0.01491	0.01005	0.14430	0.48066	0.16598	0.02352	0.02151	0.01696	0.00815	0.00631	0.00204	0.00531	0.00666	0.00658	0.01012
9	0.54158	0.01829	0.01216	0.01097	0.01460	0.27633	0.00862	0.02064	0.01310	0.02346	0.00901	0.01052	0.00720	0.00601	0.00448	0.00181	0.00709	0.00360	0.00363	0.00692
10	0.02644	0.01302	0.01596	0.01223	0.01711	0.01275	0.01011	0.27468	0.02189	0.49644	0.02118	0.01900	0.01372	0.00763	0.00625	0.00191	0.00585	0.00603	0.00719	0.01060
11	0.00819	0.00624	0.00823	0.00854	0.00975	0.00629	0.00633	0.01005	0.01233	0.01652	0.10937	0.22156	0.20541	0.02874	0.30663	0.00535	0.00865	0.01149	0.00492	0.00540
12	0.01068	0.00947	0.00841	0.00865	0.01032	0.11439	0.00643	0.01247	0.01396	0.01762	0.03841	0.22459	0.27855	0.01400	0.00684	0.00209	0.00461	0.06841	0.14448	0.00563
13	0.01306	0.01239	0.02102	0.50874	0.29014	0.01418	0.01795	0.01705	0.01307	0.01749	0.01130	0.01619	0.00886	0.00599	0.00621	0.00200	0.00799	0.00554	0.00288	0.00796
14	0.01530	0.00996	0.01132	0.00981	0.01215	0.01033	0.00734	0.23733	0.01795	0.08444	0.09910	0.13135	0.02403	0.20089	0.01269	0.00296	0.00523	0.00883	0.09188	0.00712
15	0.21539	0.01326	0.01652	0.04507	0.24807	0.01455	0.01221	0.05549	0.23438	0.02452	0.01631	0.05074	0.01330	0.00724	0.00573	0.00199	0.00584	0.00602	0.00453	0.00881
16	0.01433	0.28405	0.02134	0.01487	0.11471	0.01615	0.01104	0.01746	0.05122	0.05594	0.01337	0.01697	0.01168	0.01924	0.24427	0.00434	0.07275	0.00523	0.00342	0.00763
17	0.09788	0.00755	0.00884	0.00890	0.00977	0.00822	0.00636	0.01073	0.01113	0.01635	0.02878	0.31368	0.13124	0.19106	0.01460	0.00323	0.10996	0.01180	0.00469	0.00522
18	0.01417	0.42689	0.02203	0.01055	0.01389	0.09749	0.00909	0.01581	0.01295	0.01516	0.01785	0.28129	0.01974	0.01047	0.00557	0.00179	0.00608	0.00849	0.00383	0.00687
19	0.01086	0.00884	0.01292	0.18522	0.14149	0.00958	0.00969	0.01247	0.01072	0.01443	0.01610	0.03038	0.01690	0.45623	0.02130	0.00435	0.02191	0.00758	0.00341	0.00560
20	0.10406	0.01193	0.01339	0.01201	0.01514	0.01323	0.00991	0.25163	0.12010	0.02692	0.02074	0.03155	0.01875	0.01605	0.12274	0.00343	0.00759	0.18739	0.00541	0.00802
21	0.34035	0.09259	0.12768	0.01464	0.08376	0.16724	0.01214	0.04867	0.01371	0.02240	0.00978	0.01154	0.00777	0.00602	0.00512	0.00182	0.01956	0.00401	0.00343	0.00778
22	0.01440	0.30077	0.07962	0.01068	0.01447	0.01465	0.01000	0.01703	0.01236	0.09551	0.01438	0.01766	0.01212	0.02043	0.27043	0.00453	0.00997	0.00514	0.06853	0.00734
23	0.01459	0.25151	0.16353	0.07933	0.15675	0.01621	0.01443	0.01898	0.04754	0.05165	0.11220	0.01835	0.01622	0.00684	0.00564	0.00177	0.00677	0.00558	0.00372	0.00841
24	0.00891	0.00576	0.00661	0.00724	0.00835	0.00540	0.00512	0.01073	0.01275	0.01852	0.03536	0.35986	0.17902	0.01514	0.02076	0.00222	0.00353	0.01256	0.27676	0.00536
25	0.00898	0.00690	0.00987	0.01000	0.01076	0.00793	0.00752	0.01071	0.01039	0.01471	0.02054	0.21056	0.02176	0.08458	0.46378	0.00731	0.07492	0.00946	0.00392	0.00543
26	0.01214	0.00902	0.01016	0.00941	0.01200	0.00917	0.00730	0.01941	0.25143	0.08032	0.19011	0.05787	0.25022	0.01221	0.00701	0.00211	0.00400	0.04241	0.00635	0.00736
27	0.01458	0.01242	0.01329	0.01201	0.01525	0.01417	0.00931	0.03016	0.63247	0.02591	0.12384	0.02646	0.02451	0.00904	0.00648	0.00209	0.00466	0.00763	0.00641	0.00931
28	0.05216	0.01999	0.27672	0.09628	0.05664	0.01355	0.07378	0.10135	0.01499	0.02221	0.01162	0.01394	0.00875	0.00574	0.00570	0.00172	0.00752	0.00481	0.00345	0.20909
29	0.56022	0.01361	0.01285	0.01219	0.07411	0.01537	0.00903	0.19210	0.01552	0.03012	0.01048	0.01175	0.00796	0.00618	0.00463	0.00191	0.00554	0.00411	0.00438	0.00796
30	0.00859	0.00636	0.00800	0.00759	0.00917	0.00578	0.00570	0.01131	0.01709	0.02368	0.63048	0.04869	0.16801	0.01323	0.00735	0.00198	0.00297	0.01157	0.00669	0.00578
31	0.01010	0.00731	0.00915	0.01027	0.06840	0.00655	0.00705	0.01204	0.01431	0.07774	0.07640	0.16419	0.40684	0.01490	0.00741	0.00221	0.00402	0.08921	0.00577	0.00612
32	0.01650	0.01264	0.01985	0.12877	0.38117	0.01290	0.01503	0.07528	0.01543	0.13249	0.01680	0.11492	0.01462	0.00794	0.00643	0.00198	0.00667	0.00724	0.00435	0.00901
33	0.01250	0.03223	0.74875	0.01776	0.02697	0.01447	0.02302	0.01973	0.01315	0.01973	0.01118	0.01315	0.00789	0.00592	0.00592	0.00197	0.00921	0.00460	0.00263	0.00921
34	0.00756	0.00632	0.00659	0.00652	0.00854	0.00535	0.00489	0.00933	0.01468	0.01796	0.15638	0.05811	0.64567	0.01536	0.00736	0.00208	0.00313	0.01289	0.00593	0.00535
35	0.04533	0.01875	0.19616	0.06571	0.34162	0.01523	0.10610	0.01872	0.01327	0.01964	0.01117	0.01472	0.00897	0.00623	0.00773	0.00202	0.09129	0.00546	0.00296	0.00893
36	0.01563	0.47673	0.02875	0.12728	0.20455	0.02058	0.01378	0.01838	0.01302	0.01629	0.00979	0.01233	0.00852	0.00552	0.00487	0.00157	0.00709	0.00422	0.00279	0.00832
37	0.01195	0.04302	0.25033	0.01901	0.19634	0.01197	0.01497	0.01580	0.01200	0.01726	0.01386	0.02053	0.01250	0.13025	0.19889	0.00455	0.01010	0.00597	0.00309	0.00761
38	0.01734	0.01595	0.02008	0.14497	0.25557	0.11700	0.01500	0.10635	0.05258	0.06454	0.01285	0.01567	0.01014	0.00769	0.02113	0.00213	0.10298	0.00547	0.00384	0.00870
39	0.01930	0.18918	0.02075	0.01280	0.01718	0.01660	0.06661	0.26811	0.05152	0.12550	0.04950	0.01950	0.01453	0.09150	0.00865	0.00224	0.00653	0.00603	0.00514	0.00883
40	0.01322	0.07592	0.01949	0.19610	0.30838	0.04422	0.01414	0.01606	0.01305	0.01717	0.01669	0.08615	0.05083	0.09204	0.00898	0.00238	0.00702	0.00713	0.00343	0.00760
41	0.01766	0.10614	0.12191	0.04872	0.21615	0.28426	0.01513	0.02084	0.01497	0.01763	0.01048	0.01283	0.00861	0.00584	0.00557	0.00165	0.00877	0.00447	0.00306	0.07530
42	0.01455	0.01196	0.01792	0.10094	0.29742	0.01120	0.01294	0.01782	0.01428	0.08031	0.09181	0.01863	0.01529	0.00629	0.00582	0.00160	0.00595	0.00564	0.00404	0.26557
43	0.09757	0.00687	0.00826	0.00914	0.01035	0.00689	0.00679	0.01166	0.04029	0.01874	0.07776	0.45644	0.06607	0.01657	0.00750	0.00246	0.00413	0.14125	0.00566	0.00562

[dist]
# distance from previous block
# <min> <max>
1	4

[block]
# block no. 1 follows, 36 sequences, length 58
# corresponding to MSA columns:
# 515-572
name=unknown_B
#
# <colnr> <probs for GDERKNQSTAVLIFYWHMCP>
#	G	D	E	R	K	N	Q	S	T	A	V	L	I	F	Y	W	H	M	C	P
0	0.01678	0.01775	0.01705	0.30122	0.02716	0.27025	0.01340	0.08784	0.05768	0.01837	0.01245	0.01590	0.00991	0.01130	0.09398	0.00283	0.00996	0.00524	0.00353	0.00739
1	0.01184	0.00964	0.01015	0.00970	0.01179	0.04137	0.00738	0.10013	0.11544	0.02057	0.06115	0.12962	0.21924	0.11785	0.01055	0.00274	0.00499	0.10378	0.00556	0.00650
2	0.00901	0.00728	0.01124	0.01073	0.01233	0.00680	0.08998	0.01127	0.01403	0.01883	0.18901	0.37116	0.09968	0.01573	0.00779	0.00236	0.00452	0.10683	0.00571	0.00574
3	0.01238	0.10448	0.14746	0.01068	0.01543	0.01117	0.01006	0.01592	0.04103	0.01782	0.01338	0.01906	0.01220	0.15381	0.06172	0.00280	0.00680	0.00516	0.00348	0.33516
4	0.01398	0.01117	0.01315	0.10141	0.06910	0.06905	0.00993	0.04458	0.15318	0.08982	0.02463	0.32508	0.02455	0.01219	0.00690	0.00219	0.00558	0.01070	0.00534	0.00747
5	0.00841	0.00649	0.00795	0.00822	0.00977	0.00563	0.00581	0.00997	0.01294	0.01738	0.08660	0.46901	0.17872	0.01611	0.00730	0.00217	0.00362	0.01429	0.00555	0.12404
6	0.01421	0.01603	0.08982	0.02077	0.21457	0.07591	0.09607	0.02120	0.18705	0.02052	0.02462	0.02534	0.15005	0.00826	0.00650	0.00198	0.00686	0.00734	0.00436	0.00853
7	0.00879	0.01025	0.11938	0.00873	0.01162	0.00693	0.00801	0.01183	0.01558	0.02093	0.35831	0.04687	0.32377	0.01293	0.00714	0.00202	0.00397	0.01101	0.00579	0.00613
8	0.03242	0.04337	0.16613	0.20709	0.05346	0.01211	0.01435	0.03209	0.02831	0.15634	0.08698	0.02563	0.01795	0.00836	0.00643	0.00207	0.00684	0.08739	0.00458	0.00812
9	0.01531	0.16938	0.23192	0.13081	0.14120	0.12064	0.05496	0.01951	0.01377	0.01759	0.01057	0.01336	0.00840	0.00592	0.00594	0.00182	0.02297	0.00473	0.00284	0.00838
10	0.01707	0.01094	0.01334	0.00974	0.01508	0.00854	0.00787	0.01974	0.01427	0.22055	0.01480	0.01521	0.01094	0.00547	0.00507	0.00120	0.00480	0.00440	0.00480	0.59616
11	0.01560	0.02330	0.37366	0.01507	0.02142	0.04452	0.01634	0.21770	0.04470	0.02571	0.09204	0.05073	0.01600	0.00780	0.00625	0.00196	0.00755	0.00624	0.00440	0.00901
12	0.01346	0.15584	0.50071	0.01689	0.02488	0.01590	0.09495	0.01930	0.01322	0.01894	0.01090	0.01300	0.00817	0.00566	0.00566	0.00181	0.00860	0.00462	0.00277	0.06470
13	0.01619	0.09466	0.17987	0.10211	0.07857	0.11143	0.09778	0.13477	0.01686	0.02183	0.06236	0.01704	0.02571	0.00676	0.00609	0.00187	0.00821	0.00568	0.00376	0.00846
14	0.01617	0.70927	0.03005	0.01019	0.01515	0.02283	0.01005	0.01826	0.01270	0.01549	0.00979	0.01128	0.00877	0.00552	0.00403	0.00134	0.00630	0.00357	0.08147	0.00778
15	0.00864	0.00614	0.00677	0.00677	0.00844	0.00551	0.00502	0.01079	0.01459	0.02009	0.21412	0.10948	0.36177	0.01354	0.00677	0.00197	0.00309	0.01151	0.17950	0.00551
16	0.11550	0.02121	0.07876	0.01715	0.11749	0.31338	0.01264	0.07120	0.01680	0.13030	0.03935	0.01490	0.01128	0.00668	0.00572	0.00179	0.00828	0.00492	0.00424	0.00839
17	0.00977	0.00707	0.00849	0.03552	0.03492	0.00730	0.00546	0.01156	0.06758	0.01396	0.02075	0.09985	0.02297	0.59976	0.02586	0.00514	0.00587	0.00938	0.00409	0.00470
18	0.00845	0.00635	0.00782	0.00745	0.00908	0.00572	0.00559	0.01105	0.01677	0.02292	0.56810	0.04993	0.23086	0.01351	0.00735	0.00200	0.00299	0.01174	0.00659	0.00572
19	0.01451	0.08839	0.02415	0.23991	0.47545	0.01549	0.01779	0.01818	0.01355	0.01856	0.01124	0.01523	0.00925	0.00572	0.00598	0.00186	0.00758	0.00533	0.00295	0.00886
20	0.01437	0.01571	0.08845	0.10565	0.15588	0.09612	0.01419	0.07618	0.01379	0.01851	0.01235	0.01685	0.01054	0.01713	0.19763	0.00406	0.12606	0.00556	0.00329	0.00768
21	0.00906	0.00604	0.00680	0.00680	0.00680	0.00604	0.00378	0.00906	0.00906	0.01208	0.01963	0.04077	0.02265	0.78103	0.03171	0.00604	0.00604	0.00906	0.00378	0.00378
22	0.02567	0.01427	0.01673	0.01283	0.01774	0.01460	0.01060	0.40061	0.02397	0.36757	0.01943	0.01786	0.01284	0.00759	0.00625	0.00190	0.00613	0.00591	0.00692	0.01060
23	0.01852	0.01456	0.02269	0.03065	0.52689	0.01461	0.01655	0.12338	0.01694	0.13281	0.01414	0.01623	0.01081	0.00616	0.00619	0.00187	0.00700	0.00567	0.00424	0.01009
24	0.01034	0.01053	0.09695	0.01314	0.08315	0.00836	0.00970	0.07133	0.01381	0.01882	0.02777	0.53426	0.03156	0.01550	0.00741	0.00235	0.00496	0.02838	0.00519	0.00650
25	0.01550	0.01338	0.01409	0.01268	0.01620	0.01550	0.00986	0.03311	0.73091	0.02606	0.02536	0.02325	0.01902	0.00845	0.00634	0.00211	0.00493	0.00704	0.00634	0.00986
26	0.82504	0.01205	0.00916	0.00819	0.01205	0.01398	0.00675	0.01832	0.01060	0.02795	0.00868	0.01012	0.00675	0.00578	0.00386	0.00193	0.00482	0.00337	0.00386	0.00675
27	0.01666	0.78478	0.03265	0.01066	0.01599	0.02465	0.01066	0.01866	0.01266	0.01466	0.00866	0.00999	0.00800	0.00533	0.00400	0.00133	0.00666	0.00333	0.00267	0.00800
28	0.00974	0.00704	0.00911	0.00936	0.01034	0.00739	0.00669	0.07854	0.01265	0.01721	0.02520	0.37840	0.02808	0.13177	0.23271	0.00517	0.00814	0.01207	0.00483	0.00557
29	0.18863	0.24243	0.03346	0.01018	0.01494	0.07934	0.00888	0.01771	0.01272	0.01963	0.01073	0.04450	0.00959	0.00591	0.00453	0.00141	0.00589	0.00417	0.00345	0.28189
30	0.01551	0.01129	0.01234	0.01046	0.01281	0.01227	0.00769	0.29905	0.07781	0.02433	0.01811	0.02827	0.01721	0.37653	0.04600	0.00417	0.00667	0.00741	0.00497	0.00711
31	0.00759	0.00542	0.00723	0.00868	0.00904	0.00506	0.00578	0.00868	0.01193	0.01591	0.03434	0.77697	0.04121	0.01952	0.00795	0.00253	0.00361	0.01771	0.00578	0.00506
32	0.02368	0.01745	0.01870	0.01434	0.01932	0.01932	0.01184	0.72139	0.02929	0.03927	0.01496	0.01496	0.01060	0.00748	0.00623	0.00187	0.00686	0.00561	0.00623	0.01060
33	0.01615	0.02242	0.33528	0.01554	0.02202	0.06458	0.07530	0.10987	0.04262	0.10013	0.01867	0.01933	0.08058	0.00728	0.00620	0.00191	0.00779	0.00598	0.00421	0.04416
34	0.01588	0.01456	0.01272	0.01147	0.01419	0.20388	0.00876	0.02210	0.19663	0.08372	0.30958	0.02936	0.03193	0.00959	0.00655	0.00190	0.00580	0.00790	0.00585	0.00763
35	0.01666	0.78478	0.03265	0.01066	0.01599	0.02465	0.01066	0.01866	0.01266	0.01466	0.00866	0.00999	0.00800	0.00533	0.00400	0.00133	0.00666	0.00333	0.00267	0.00800
36	0.00756	0.00628	0.00637	0.00637	0.00823	0.00535	0.00462	0.00896	0.01360	0.01627	0.05802	0.05771	0.65557	0.10551	0.01022	0.00257	0.00349	0.01267	0.00555	0.00509
37	0.19353	0.12442	0.24392	0.01520	0.02087	0.04672	0.09714	0.07837	0.01390	0.02189	0.01042	0.01261	0.00810	0.00637	0.00680	0.00194	0.08164	0.00463	0.00330	0.00821
38	0.01124	0.00654	0.00807	0.00753	0.00925	0.00612	0.00570	0.01408	0.01617	0.08526	0.44914	0.05392	0.04201	0.01084	0.00638	0.00182	0.00314	0.00937	0.24720	0.00624
39	0.00736	0.00631	0.00631	0.00631	0.00842	0.00526	0.00473	0.00894	0.01420	0.01683	0.06312	0.05996	0.73964	0.01578	0.00736	0.00210	0.00316	0.01315	0.00579	0.00526
40	0.02795	0.01060	0.01446	0.01109	0.01591	0.00916	0.00916	0.03036	0.01783	0.74648	0.02458	0.02121	0.01542	0.00771	0.00627	0.00193	0.00530	0.00627	0.00771	0.01060
41	0.00759	0.00542	0.00723	0.00868	0.00904	0.00506	0.00578	0.00868	0.01193	0.01591	0.03434	0.77697	0.04121	0.01952	0.00795	0.00253	0.00361	0.01771	0.00578	0.00506
42	0.01550	0.01338	0.01409	0.01268	0.01620	0.01550	0.00986	0.03311	0.73091	0.02606	0.02536	0.02325	0.01902	0.00845	0.00634	0.00211	0.00493	0.00704	0.00634	0.00986
43	0.00890	0.00691	0.01038	0.11999	0.01510	0.00779	0.00853	0.01104	0.01099	0.01514	0.02155	0.26549	0.02276	0.03206	0.40596	0.00645	0.01126	0.01006	0.00404	0.00560
44	0.01379	0.01270	0.01556	0.23875	0.08480	0.10817	0.01337	0.07074	0.01536	0.01913	0.02024	0.03773	0.01990	0.01081	0.00712	0.00231	0.00744	0.29074	0.00434	0.00701
45	0.00801	0.00568	0.00748	0.00849	0.00888	0.00556	0.00565	0.00903	0.01118	0.01504	0.02960	0.55514	0.03484	0.16091	0.10001	0.00404	0.00559	0.01485	0.00513	0.00489
46	0.01356	0.01393	0.02330	0.01849	0.02036	0.01699	0.22253	0.01597	0.01104	0.01622	0.01046	0.01687	0.00978	0.07434	0.01751	0.00282	0.47953	0.00632	0.00294	0.00703
47	0.01100	0.01006	0.01597	0.45521	0.11474	0.01144	0.01391	0.01441	0.01332	0.01725	0.07318	0.05955	0.14725	0.00893	0.00658	0.00207	0.00667	0.00787	0.00378	0.00681
48	0.01262	0.01796	0.23672	0.07680	0.24954	0.01268	0.07657	0.01715	0.01372	0.01913	0.01950	0.05510	0.08360	0.00834	0.00662	0.00207	0.00754	0.07249	0.00355	0.00830
49	0.08109	0.01028	0.01240	0.01132	0.01324	0.01222	0.00887	0.06730	0.17445	0.01984	0.01698	0.02234	0.01491	0.09334	0.30632	0.00563	0.11179	0.00646	0.00422	0.00700
50	0.65190	0.17756	0.01419	0.00872	0.01289	0.01626	0.00759	0.01839	0.01104	0.02511	0.00867	0.01009	0.00701	0.00569	0.00389	0.00180	0.00521	0.00336	0.00360	0.00701
51	0.08451	0.63121	0.11463	0.01128	0.01695	0.02256	0.01178	0.01875	0.01254	0.01638	0.00896	0.01038	0.00788	0.00544	0.00421	0.00146	0.00681	0.00348	0.00276	0.00803
52	0.01097	0.00902	0.01116	0.01193	0.08207	0.00921	0.00807	0.01765	0.21065	0.02296	0.32265	0.08953	0.14567	0.01180	0.00700	0.00205	0.00399	0.01029	0.00611	0.00720
53	0.01940	0.01452	0.01569	0.01274	0.01673	0.01586	0.01024	0.50420	0.08664	0.03304	0.02258	0.12333	0.07714	0.00991	0.00657	0.00200	0.00593	0.00802	0.00614	0.00933
54	0.01493	0.01440	0.03220	0.07720	0.36772	0.10715	0.01402	0.01842	0.02753	0.01989	0.01430	0.04736	0.01215	0.00665	0.00575	0.00176	0.00677	0.00584	0.16925	0.03672
55	0.00756	0.00554	0.00711	0.00836	0.00895	0.00509	0.00564	0.00871	0.01223	0.01603	0.03819	0.68103	0.13466	0.01902	0.00787	0.00247	0.00355	0.01710	0.00578	0.00509
56	0.01714	0.01916	0.01797	0.40063	0.03114	0.33084	0.01457	0.04686	0.01534	0.01669	0.01080	0.01439	0.00844	0.00638	0.00593	0.00185	0.00939	0.00489	0.02041	0.00717
57	0.02240	0.01496	0.06665	0.04281	0.01896	0.01397	0.01136	0.28954	0.07624	0.28271	0.01840	0.01756	0.01255	0.00724	0.00609	0.00184	0.00619	0.00572	0.00616	0.07866

[dist]
# distance from previous block
# <min> <max>
0	4

[block]
# block no. 2 follows, 36 sequences, length 13
# corresponding to MSA columns:
# 577-589
name=unknown_C
#
# <colnr> <probs for GDERKNQSTAVLIFYWHMCP>
#	G	D	E	R	K	N	Q	S	T	A	V	L	I	F	Y	W	H	M	C	P
0	0.01837	0.02030	0.26693	0.01859	0.13837	0.01460	0.01610	0.15942	0.10133	0.15950	0.01615	0.01655	0.01144	0.00679	0.00613	0.00194	0.00723	0.00555	0.00478	0.00992
1	0.01248	0.01070	0.01240	0.00900	0.01427	0.00807	0.00717	0.01516	0.01302	0.02003	0.01517	0.01662	0.06675	0.00549	0.00483	0.00102	0.00450	0.00444	0.00386	0.75503
2	0.01060	0.00776	0.01106	0.07983	0.06727	0.00789	0.00936	0.01357	0.04997	0.05209	0.02930	0.37837	0.03210	0.01553	0.00769	0.00249	0.00506	0.20835	0.00542	0.00628
3	0.01323	0.04213	0.35076	0.01476	0.02181	0.01285	0.06674	0.01974	0.08786	0.02047	0.01266	0.01431	0.00962	0.00567	0.00557	0.00162	0.00723	0.00471	0.00342	0.28486
4	0.01110	0.00908	0.01005	0.00990	0.01201	0.00960	0.00733	0.03835	0.29507	0.02075	0.03642	0.30648	0.18094	0.01404	0.00715	0.00226	0.00412	0.01221	0.00602	0.00714
5	0.01726	0.01296	0.01570	0.01601	0.14783	0.01339	0.01077	0.29528	0.05779	0.08178	0.02982	0.02920	0.22597	0.00964	0.00656	0.00195	0.00565	0.00794	0.00564	0.00885
6	0.00854	0.00613	0.00778	0.00807	0.00869	0.00628	0.00546	0.00958	0.01045	0.01404	0.02624	0.18555	0.09890	0.33250	0.23782	0.00610	0.00839	0.01052	0.00426	0.00471
7	0.01576	0.15103	0.02041	0.02021	0.26670	0.01493	0.01250	0.04653	0.15612	0.07848	0.08390	0.02246	0.06935	0.00771	0.00602	0.00184	0.00589	0.00657	0.00466	0.00892
8	0.07518	0.01291	0.01616	0.09227	0.19040	0.07130	0.01223	0.05571	0.13003	0.02027	0.01511	0.01872	0.01254	0.01840	0.22691	0.00431	0.00990	0.00584	0.00389	0.00790
9	0.01506	0.25050	0.06130	0.07453	0.13799	0.06810	0.08669	0.01972	0.08647	0.01815	0.01583	0.02126	0.03639	0.00736	0.00588	0.00186	0.00737	0.07379	0.00361	0.00815
10	0.11355	0.18601	0.05782	0.01232	0.01691	0.10517	0.04223	0.14121	0.05563	0.07607	0.01350	0.01446	0.01035	0.00641	0.00517	0.00167	0.00668	0.00474	0.08427	0.04582
11	0.07471	0.01579	0.13160	0.01230	0.04106	0.11244	0.01064	0.09882	0.01729	0.02373	0.28798	0.03003	0.09935	0.00967	0.00644	0.00191	0.00588	0.00791	0.00513	0.00731
12	0.01584	0.09821	0.26711	0.02261	0.22845	0.09304	0.05613	0.07306	0.03518	0.02070	0.02544	0.01454	0.01004	0.00609	0.00591	0.00184	0.00831	0.00511	0.00331	0.00909

[dist]
# distance from previous block
# <min> <max>
9	344

[block]
# block no. 3 follows, 36 sequences, length 21
# corresponding to MSA columns:
# 1011-1031
name=unknown_D
#
# <colnr> <probs for GDERKNQSTAVLIFYWHMCP>
#	G	D	E	R	K	N	Q	S	T	A	V	L	I	F	Y	W	H	M	C	P
0	0.01284	0.21670	0.22751	0.01162	0.01644	0.01384	0.01209	0.01712	0.05665	0.04557	0.09400	0.06364	0.09574	0.08072	0.00827	0.00223	0.00626	0.00717	0.00410	0.00750
1	0.33079	0.12752	0.17209	0.01235	0.04619	0.01540	0.01154	0.09314	0.01344	0.02353	0.01115	0.01468	0.00937	0.08664	0.00757	0.00227	0.00648	0.00455	0.00364	0.00769
2	0.26813	0.09323	0.06841	0.00949	0.01260	0.02846	0.00798	0.08838	0.01279	0.02122	0.03592	0.02268	0.01455	0.27640	0.01413	0.00329	0.00606	0.00594	0.00394	0.00641
3	0.42786	0.23656	0.06391	0.01038	0.01499	0.08558	0.00951	0.01971	0.01237	0.05798	0.00971	0.01093	0.00773	0.00582	0.00431	0.00173	0.00625	0.00364	0.00357	0.00750
4	0.14973	0.07593	0.09670	0.01789	0.17924	0.01297	0.10585	0.01781	0.01310	0.02187	0.01349	0.01628	0.01068	0.00606	0.00522	0.00175	0.00623	0.00522	0.23622	0.00776
5	0.01082	0.00541	0.00812	0.00812	0.00812	0.00541	0.00541	0.00812	0.00812	0.01082	0.01082	0.01894	0.01082	0.02165	0.02435	0.81872	0.00541	0.00541	0.00271	0.00271
6	0.00760	0.00632	0.00663	0.00656	0.00856	0.00536	0.00492	0.00939	0.01475	0.01813	0.17107	0.05782	0.63087	0.01529	0.00736	0.00208	0.00312	0.01285	0.00596	0.00536
7	0.14492	0.02025	0.01505	0.01349	0.01700	0.32756	0.01039	0.06138	0.28371	0.02245	0.01562	0.01574	0.01206	0.00713	0.00564	0.00186	0.00767	0.00513	0.00463	0.00830
8	0.01208	0.01008	0.01360	0.01571	0.18852	0.00926	0.00958	0.04034	0.04075	0.03729	0.12839	0.09112	0.18506	0.01003	0.00643	0.00179	0.00475	0.00873	0.00491	0.18157
9	0.02071	0.06418	0.11506	0.01685	0.06430	0.38809	0.01374	0.10002	0.01730	0.07007	0.01145	0.01297	0.00893	0.00678	0.00679	0.00179	0.06441	0.00459	0.00371	0.00827
10	0.02327	0.02970	0.01766	0.01605	0.01926	0.75602	0.01204	0.02488	0.01766	0.01525	0.00963	0.01124	0.00803	0.00642	0.00562	0.00161	0.01124	0.00401	0.00321	0.00722
11	0.00998	0.00682	0.00833	0.00801	0.00935	0.00665	0.00571	0.03344	0.01328	0.05502	0.17560	0.08681	0.17506	0.23706	0.13714	0.00450	0.00641	0.01023	0.00515	0.00545
12	0.01579	0.32413	0.06922	0.01312	0.01674	0.11828	0.01186	0.01958	0.08726	0.01630	0.01139	0.01390	0.00993	0.01106	0.08247	0.00263	0.16081	0.00465	0.00320	0.00769
13	0.01907	0.01570	0.01671	0.01517	0.07561	0.06196	0.01122	0.35087	0.22965	0.03067	0.06243	0.02088	0.04534	0.00819	0.00633	0.00194	0.00623	0.00657	0.00584	0.00962
14	0.00942	0.00802	0.01268	0.01103	0.01302	0.00784	0.12294	0.01164	0.01252	0.01674	0.10339	0.09953	0.18191	0.13958	0.21617	0.00489	0.00852	0.00999	0.00449	0.00568
15	0.02052	0.02497	0.01668	0.01518	0.01810	0.57562	0.01166	0.02231	0.01640	0.01590	0.01204	0.01767	0.01101	0.00778	0.00700	0.00178	0.06815	0.07660	0.00347	0.05717
16	0.20691	0.00775	0.00825	0.00836	0.01039	0.00776	0.00640	0.01288	0.01321	0.05634	0.10366	0.25234	0.18597	0.01388	0.00675	0.00224	0.00404	0.08141	0.00551	0.00594
17	0.16370	0.15789	0.11615	0.01587	0.06279	0.19739	0.06392	0.07017	0.01480	0.02036	0.01012	0.01214	0.00818	0.00627	0.00619	0.00180	0.05655	0.00439	0.00333	0.00799
18	0.01077	0.00713	0.00880	0.00850	0.01032	0.00668	0.00631	0.01415	0.07297	0.09559	0.31990	0.22132	0.16538	0.01405	0.00731	0.00213	0.00354	0.01230	0.00646	0.00638
19	0.05201	0.19382	0.02129	0.01525	0.07023	0.24380	0.01174	0.21396	0.01921	0.08466	0.01226	0.01308	0.00944	0.00649	0.00545	0.00167	0.00798	0.00457	0.00431	0.00878
20	0.01587	0.01316	0.01886	0.09784	0.27046	0.01374	0.02853	0.15568	0.08432	0.04809	0.03972	0.07811	0.01608	0.00816	0.00645	0.00197	0.00649	0.04113	0.00461	0.05072

[dist]
# distance from previous block
# <min> <max>
0	3

[block]
# block no. 4 follows, 36 sequences, length 76
# corresponding to MSA columns:
# 1110-1154,1201-1231
name=unknown_E
#
# <colnr> <probs for GDERKNQSTAVLIFYWHMCP>
#	G	D	E	R	K	N	Q	S	T	A	V	L	I	F	Y	W	H	M	C	P
0	0.04417	0.01673	0.10273	0.02424	0.26426	0.01509	0.14704	0.13451	0.08368	0.04793	0.01496	0.04998	0.01202	0.00682	0.00639	0.00197	0.00753	0.00642	0.00416	0.00934
1	0.01544	0.01168	0.01245	0.01115	0.03680	0.04452	0.00786	0.22324	0.07285	0.04626	0.01926	0.02855	0.04042	0.35211	0.01754	0.00371	0.00630	0.00738	0.00485	0.03767
2	0.01765	0.12656	0.12799	0.01701	0.08621	0.19533	0.01403	0.06320	0.10013	0.04286	0.01235	0.01412	0.00990	0.00723	0.00817	0.00192	0.13834	0.00492	0.00365	0.00842
3	0.01651	0.02814	0.07173	0.04832	0.06627	0.01227	0.10806	0.12614	0.04523	0.13094	0.01885	0.02193	0.05115	0.08831	0.00878	0.00227	0.00655	0.00650	0.06838	0.07366
4	0.01432	0.16167	0.01983	0.04555	0.17413	0.04446	0.04282	0.06550	0.10561	0.02074	0.09802	0.02606	0.13897	0.00853	0.00613	0.00185	0.00605	0.00722	0.00447	0.00807
5	0.00848	0.00636	0.00786	0.00748	0.00910	0.00573	0.00561	0.01110	0.01683	0.02308	0.58117	0.04967	0.21769	0.01345	0.00735	0.00199	0.00299	0.01171	0.00661	0.00573
6	0.05003	0.01109	0.01459	0.01122	0.01602	0.00996	0.00927	0.07535	0.01838	0.67994	0.02350	0.02049	0.01486	0.00764	0.00620	0.00192	0.00539	0.00614	0.00751	0.01049
7	0.01161	0.00581	0.00581	0.00581	0.00726	0.00581	0.00436	0.01452	0.01307	0.02323	0.02033	0.02323	0.01597	0.00726	0.00436	0.00145	0.00290	0.00581	0.81562	0.00581
8	0.00929	0.00681	0.00900	0.00964	0.01118	0.00651	0.00803	0.01200	0.01533	0.02033	0.25309	0.06158	0.14104	0.01564	0.00805	0.00248	0.00452	0.39367	0.00609	0.00571
9	0.01550	0.01338	0.01409	0.01268	0.01620	0.01550	0.00986	0.03311	0.73091	0.02606	0.02536	0.02325	0.01902	0.00845	0.00634	0.00211	0.00493	0.00704	0.00634	0.00986
10	0.01478	0.01266	0.01347	0.01232	0.01555	0.01455	0.00949	0.03090	0.66589	0.02514	0.02617	0.09141	0.02103	0.00945	0.00649	0.00215	0.00481	0.00801	0.00629	0.00943
11	0.01666	0.78478	0.03265	0.01066	0.01599	0.02465	0.01066	0.01866	0.01266	0.01466	0.00866	0.00999	0.00800	0.00533	0.00400	0.00133	0.00666	0.00333	0.00267	0.00800
12	0.00894	0.00652	0.00922	0.00922	0.01005	0.00736	0.00679	0.01061	0.00978	0.01387	0.01742	0.02851	0.01733	0.22856	0.57690	0.00903	0.01405	0.00727	0.00345	0.00512
13	0.02623	0.01293	0.01584	0.01220	0.01704	0.01266	0.01006	0.25762	0.04011	0.49527	0.02144	0.01921	0.01393	0.00765	0.00626	0.00191	0.00580	0.00607	0.00719	0.01058
14	0.01004	0.00717	0.01004	0.01147	0.01291	0.00717	0.01004	0.01291	0.01434	0.01865	0.03299	0.07028	0.03586	0.01721	0.00861	0.00287	0.00574	0.70023	0.00574	0.00574
15	0.01471	0.01681	0.03676	0.02626	0.03256	0.01576	0.71954	0.01996	0.01471	0.01996	0.01261	0.01681	0.00945	0.00525	0.00735	0.00210	0.01050	0.00735	0.00315	0.00840
16	0.02327	0.02970	0.01766	0.01605	0.01926	0.75602	0.01204	0.02488	0.01766	0.01525	0.00963	0.01124	0.00803	0.00642	0.00562	0.00161	0.01124	0.00401	0.00321	0.00722
17	0.00872	0.00629	0.00824	0.00790	0.00929	0.00581	0.00587	0.01152	0.01719	0.02427	0.68358	0.10387	0.05741	0.01327	0.00740	0.00200	0.00299	0.01177	0.00677	0.00581
18	0.00781	0.00569	0.00740	0.00869	0.00935	0.00529	0.00608	0.00912	0.01242	0.01628	0.03741	0.62793	0.11835	0.01888	0.00795	0.00252	0.00377	0.08415	0.00578	0.00515
19	0.00836	0.00630	0.00854	0.00892	0.01006	0.00648	0.00670	0.01028	0.01209	0.01636	0.09505	0.22191	0.15042	0.03028	0.34111	0.00575	0.00939	0.04180	0.00479	0.00542
20	0.01443	0.01598	0.03216	0.02368	0.02834	0.01662	0.53563	0.01866	0.01336	0.01866	0.01145	0.01598	0.00912	0.00672	0.01076	0.00226	0.20827	0.00686	0.00304	0.00799
21	0.00922	0.00688	0.00889	0.00979	0.01142	0.00655	0.00828	0.01173	0.01454	0.01859	0.09091	0.06577	0.23162	0.01650	0.00817	0.00259	0.00483	0.46226	0.00583	0.00562
22	0.82504	0.01205	0.00916	0.00819	0.01205	0.01398	0.00675	0.01832	0.01060	0.02795	0.00868	0.01012	0.00675	0.00578	0.00386	0.00193	0.00482	0.00337	0.00386	0.00675
23	0.00759	0.00542	0.00723	0.00868	0.00904	0.00506	0.00578	0.00868	0.01193	0.01591	0.03434	0.77697	0.04121	0.01952	0.00795	0.00253	0.00361	0.01771	0.00578	0.00506
24	0.02309	0.02838	0.01777	0.01592	0.01920	0.68193	0.01206	0.07933	0.01839	0.01713	0.01002	0.01158	0.00823	0.00660	0.00599	0.00165	0.02763	0.00417	0.00344	0.00748
25	0.00923	0.00639	0.00839	0.00802	0.00946	0.00588	0.00596	0.01196	0.01704	0.04427	0.64487	0.12252	0.05573	0.01331	0.00738	0.00202	0.00308	0.01180	0.00677	0.00593
26	0.00780	0.00625	0.00697	0.00696	0.00873	0.00542	0.00516	0.00972	0.01498	0.01908	0.25364	0.12097	0.48190	0.01525	0.00741	0.00210	0.00314	0.01302	0.00609	0.00542
27	0.01592	0.01573	0.09164	0.01336	0.01761	0.01574	0.01142	0.09395	0.59210	0.02659	0.02293	0.02144	0.01709	0.00810	0.00629	0.00208	0.00555	0.00666	0.00594	0.00986
28	0.00776	0.00610	0.00706	0.00760	0.00904	0.00540	0.00558	0.00939	0.01375	0.01732	0.10455	0.28934	0.40661	0.01685	0.00765	0.00229	0.00349	0.06906	0.00587	0.00528
29	0.01640	0.57411	0.02762	0.01124	0.01550	0.07977	0.01051	0.01839	0.01276	0.01552	0.00974	0.01167	0.00874	0.00618	0.00588	0.00151	0.08678	0.00383	0.07624	0.00761
30	0.82504	0.01205	0.00916	0.00819	0.01205	0.01398	0.00675	0.01832	0.01060	0.02795	0.00868	0.01012	0.00675	0.00578	0.00386	0.00193	0.00482	0.00337	0.00386	0.00675
31	0.00872	0.00620	0.00828	0.00855	0.00910	0.00662	0.00590	0.00989	0.01000	0.01382	0.02105	0.16873	0.02297	0.32073	0.34372	0.00713	0.01024	0.00961	0.00395	0.00479
32	0.01714	0.01237	0.01948	0.02121	0.24875	0.01197	0.10117	0.09317	0.01665	0.17879	0.06868	0.09117	0.07377	0.00871	0.00668	0.00199	0.00632	0.00800	0.00512	0.00887
33	0.01330	0.00752	0.00881	0.00781	0.01061	0.00642	0.00610	0.01525	0.01558	0.22254	0.12325	0.04767	0.46483	0.01320	0.00705	0.00204	0.00374	0.01102	0.00644	0.00683
34	0.01836	0.01973	0.02171	0.08767	0.39041	0.26588	0.01607	0.07017	0.01628	0.01960	0.01119	0.01407	0.00917	0.00604	0.00599	0.00179	0.00873	0.00503	0.00332	0.00879
35	0.02182	0.01652	0.01765	0.01396	0.01861	0.01845	0.01139	0.56449	0.18924	0.03626	0.01733	0.01685	0.01252	0.00770	0.00626	0.00193	0.00642	0.00594	0.00626	0.01043
36	0.00927	0.00664	0.00737	0.00705	0.00920	0.00568	0.00533	0.01117	0.01511	0.07569	0.19295	0.07288	0.53006	0.01464	0.00729	0.00207	0.00329	0.01236	0.00615	0.00580
37	0.01439	0.01376	0.02344	0.24258	0.54585	0.01453	0.01861	0.01822	0.01370	0.01911	0.01154	0.01575	0.00943	0.00574	0.00619	0.00191	0.00766	0.00555	0.00300	0.00904
38	0.01171	0.00954	0.01338	0.29185	0.02339	0.01076	0.01109	0.11050	0.04650	0.01958	0.02261	0.35529	0.02375	0.01242	0.00700	0.00225	0.00587	0.01104	0.00475	0.00673
39	0.01082	0.00541	0.00812	0.00812	0.00812	0.00541	0.00541	0.00812	0.00812	0.01082	0.01082	0.01894	0.01082	0.02165	0.02435	0.81872	0.00541	0.00541	0.00271	0.00271
40	0.78722	0.01299	0.04358	0.00864	0.01274	0.01400	0.00751	0.01838	0.01072	0.02757	0.00879	0.01026	0.00680	0.00579	0.00395	0.00193	0.00502	0.00343	0.00380	0.00686
41	0.01059	0.00957	0.01541	0.01360	0.01497	0.01108	0.11066	0.01271	0.01109	0.01578	0.01876	0.22671	0.01982	0.02415	0.25533	0.00496	0.20535	0.00948	0.00382	0.00615
42	0.00799	0.00624	0.00704	0.00748	0.00892	0.00559	0.00551	0.00945	0.01315	0.01629	0.04830	0.18104	0.42893	0.11865	0.01088	0.00281	0.00397	0.10714	0.00551	0.00509
43	0.01161	0.00581	0.00581	0.00581	0.00726	0.00581	0.00436	0.01452	0.01307	0.02323	0.02033	0.02323	0.01597	0.00726	0.00436	0.00145	0.00290	0.00581	0.81562	0.00581
44	0.01341	0.01155	0.01529	0.35073	0.02727	0.01374	0.01263	0.02343	0.33247	0.02120	0.01841	0.02026	0.01388	0.00733	0.00608	0.00203	0.00624	0.00624	0.08970	0.00811
45	0.18169	0.01416	0.01545	0.01207	0.01678	0.01496	0.00997	0.35833	0.02190	0.26800	0.01687	0.01605	0.01142	0.00722	0.00578	0.00190	0.00595	0.00539	0.00625	0.00985
46	0.01161	0.00581	0.00581	0.00581	0.00726	0.00581	0.00436	0.01452	0.01307	0.02323	0.02033	0.02323	0.01597	0.00726	0.00436	0.00145	0.00290	0.00581	0.81562	0.00581
47	0.00883	0.00655	0.00960	0.00969	0.01068	0.00748	0.00737	0.01082	0.01007	0.01439	0.01806	0.07493	0.01776	0.09786	0.65511	0.00924	0.01507	0.00757	0.00353	0.00540
48	0.01322	0.07160	0.16630	0.01167	0.01515	0.07933	0.01056	0.01942	0.19134	0.01764	0.01760	0.02574	0.01629	0.30026	0.01563	0.00347	0.00694	0.00676	0.00405	0.00705
49	0.01050	0.00659	0.00823	0.00790	0.00881	0.00647	0.00537	0.01175	0.01213	0.07336	0.19500	0.04004	0.03062	0.42771	0.09900	0.00502	0.00634	0.03521	0.00486	0.00508
50	0.01034	0.01223	0.15396	0.01140	0.01437	0.00900	0.01082	0.01471	0.06922	0.01824	0.06843	0.04195	0.08558	0.09802	0.14285	0.00411	0.00794	0.21573	0.00462	0.00647
51	0.01382	0.01256	0.01942	0.35318	0.17052	0.01324	0.04613	0.07204	0.01433	0.01983	0.01157	0.01539	0.00906	0.00577	0.00589	0.00174	0.00724	0.00519	0.00334	0.19975
52	0.01736	0.09972	0.02023	0.05156	0.24405	0.28106	0.01345	0.02090	0.06764	0.01769	0.01467	0.08371	0.02672	0.00754	0.00594	0.00180	0.00813	0.00612	0.00361	0.00808
53	0.01910	0.01965	0.01582	0.01405	0.01761	0.28209	0.01084	0.09778	0.40555	0.02347	0.01868	0.01811	0.01424	0.00763	0.00607	0.00191	0.00739	0.00581	0.00520	0.00899
54	0.01951	0.08502	0.01699	0.01265	0.01650	0.08482	0.01020	0.36032	0.09088	0.06071	0.01826	0.12084	0.01578	0.02414	0.00666	0.00198	0.00640	0.00716	0.03223	0.00892
55	0.00997	0.00854	0.01331	0.30336	0.08840	0.00939	0.01140	0.01261	0.01277	0.01689	0.06640	0.34241	0.05491	0.01258	0.00707	0.00224	0.00571	0.01135	0.00444	0.00627
56	0.01066	0.00962	0.01686	0.01781	0.14796	0.00932	0.15349	0.01325	0.01290	0.01766	0.03879	0.38522	0.02697	0.01634	0.07519	0.00299	0.00692	0.02680	0.00456	0.00669
57	0.00906	0.00604	0.00680	0.00680	0.00680	0.00604	0.00378	0.00906	0.00906	0.01208	0.01963	0.04077	0.02265	0.78103	0.03171	0.00604	0.00604	0.00906	0.00378	0.00378
58	0.01161	0.00581	0.00581	0.00581	0.00726	0.00581	0.00436	0.01452	0.01307	0.02323	0.02033	0.02323	0.01597	0.00726	0.00436	0.00145	0.00290	0.00581	0.81562	0.00581
59	0.10613	0.01911	0.12761	0.01421	0.01971	0.01803	0.01299	0.54194	0.02490	0.03514	0.01373	0.01418	0.00978	0.00707	0.00594	0.00189	0.00700	0.00522	0.00544	0.00998
60	0.01650	0.01685	0.02424	0.03519	0.64273	0.11676	0.01815	0.01991	0.01466	0.01965	0.01143	0.01485	0.00962	0.00567	0.00609	0.00182	0.00793	0.00534	0.00310	0.00951
61	0.01161	0.00581	0.00581	0.00581	0.00726	0.00581	0.00436	0.01452	0.01307	0.02323	0.02033	0.02323	0.01597	0.00726	0.00436	0.00145	0.00290	0.00581	0.81562	0.00581
62	0.82504	0.01205	0.00916	0.00819	0.01205	0.01398	0.00675	0.01832	0.01060	0.02795	0.00868	0.01012	0.00675	0.00578	0.00386	0.00193	0.00482	0.00337	0.00386	0.00675
63	0.02252	0.02843	0.01777	0.01608	0.01903	0.69818	0.01216	0.02410	0.01702	0.01523	0.00952	0.01142	0.00804	0.00677	0.00678	0.00169	0.07076	0.00413	0.00317	0.00719
64	0.02535	0.02084	0.01628	0.01380	0.01778	0.40073	0.01076	0.05151	0.01814	0.33887	0.01642	0.01577	0.01138	0.00703	0.00593	0.00176	0.00846	0.00506	0.00530	0.00883
65	0.01900	0.01934	0.01579	0.01400	0.01757	0.26650	0.01081	0.10392	0.41452	0.02382	0.01892	0.01830	0.01440	0.00766	0.00608	0.00192	0.00727	0.00586	0.00527	0.00905
66	0.00794	0.00569	0.00754	0.00844	0.00911	0.00529	0.00581	0.00954	0.01353	0.01845	0.23214	0.57190	0.04614	0.01762	0.00778	0.00237	0.00343	0.01590	0.00609	0.00529
67	0.01415	0.36602	0.09727	0.33126	0.04492	0.01886	0.01488	0.01762	0.01266	0.01582	0.01000	0.01323	0.00816	0.00577	0.00518	0.00172	0.00763	0.00444	0.00272	0.00770
68	0.01368	0.01303	0.02215	0.38481	0.40920	0.01435	0.01826	0.01760	0.01336	0.01824	0.01141	0.01599	0.00912	0.00587	0.00620	0.00196	0.00783	0.00554	0.00293	0.00847
69	0.00870	0.00636	0.00817	0.00772	0.00924	0.00583	0.00579	0.01154	0.01737	0.02435	0.68584	0.04759	0.11223	0.01298	0.00735	0.00197	0.00296	0.01142	0.00677	0.00583
70	0.01919	0.01961	0.01541	0.01264	0.01706	0.34185	0.00979	0.05233	0.01614	0.07589	0.01166	0.01291	0.00924	0.00579	0.00526	0.00135	0.00772	0.00412	0.00391	0.35813
71	0.00806	0.00615	0.00741	0.00750	0.00895	0.00549	0.00547	0.01014	0.01524	0.02026	0.35787	0.20826	0.28616	0.01523	0.00748	0.00213	0.00316	0.01329	0.00626	0.00549
72	0.01189	0.01286	0.07960	0.01489	0.12221	0.06859	0.01072	0.01574	0.06193	0.02054	0.25837	0.08179	0.12225	0.01094	0.00810	0.00205	0.07633	0.00909	0.00500	0.00710
73	0.00853	0.00633	0.00795	0.00761	0.00915	0.00575	0.00568	0.01118	0.01687	0.02331	0.60139	0.07300	0.17322	0.01348	0.00737	0.00200	0.00300	0.01180	0.00664	0.00575
74	0.01751	0.57369	0.02794	0.01113	0.01607	0.02218	0.01051	0.15400	0.01580	0.01978	0.01069	0.01207	0.00913	0.00735	0.03211	0.00176	0.00690	0.00400	0.03906	0.00831
75	0.19527	0.02153	0.01670	0.01565	0.07446	0.34589	0.01140	0.20482	0.01890	0.02465	0.01098	0.01230	0.00857	0.00649	0.00544	0.00176	0.00841	0.00441	0.00413	0.00821

[dist]
# distance from previous block
# <min> <max>
0	1

[block]
# block no. 5 follows, 36 sequences, length 27
# corresponding to MSA columns:
# 1233-1259
name=unknown_F
#
# <colnr> <probs for GDERKNQSTAVLIFYWHMCP>
#	G	D	E	R	K	N	Q	S	T	A	V	L	I	F	Y	W	H	M	C	P
0	0.08218	0.15621	0.01494	0.01052	0.01333	0.01342	0.00835	0.08001	0.19629	0.02132	0.02333	0.30862	0.02369	0.01181	0.00630	0.00209	0.00491	0.01001	0.00521	0.00746
1	0.40177	0.01373	0.01702	0.02181	0.33016	0.01481	0.01258	0.08117	0.01382	0.02566	0.01056	0.01286	0.00845	0.00583	0.00507	0.00189	0.00612	0.00452	0.00373	0.00845
2	0.01357	0.01665	0.15897	0.02578	0.36075	0.01335	0.06190	0.01926	0.09627	0.02023	0.01896	0.08397	0.06703	0.00788	0.00646	0.00200	0.00703	0.00725	0.00381	0.00890
3	0.00783	0.00591	0.00724	0.00779	0.00892	0.00532	0.00550	0.00951	0.01399	0.01841	0.21623	0.38988	0.24731	0.01677	0.00763	0.00227	0.00332	0.01481	0.00605	0.00532
4	0.01041	0.01108	0.09536	0.03850	0.03881	0.00931	0.00945	0.01556	0.11420	0.02149	0.30390	0.03775	0.18027	0.01288	0.03953	0.00239	0.03729	0.00946	0.00548	0.00689
5	0.01238	0.00710	0.00926	0.00845	0.01052	0.00639	0.00643	0.01488	0.01673	0.16744	0.45767	0.12663	0.10595	0.01277	0.00720	0.00203	0.00351	0.01117	0.00681	0.00668
6	0.01464	0.10241	0.02415	0.09742	0.54233	0.01515	0.01693	0.01803	0.01386	0.01905	0.01510	0.01819	0.06336	0.00634	0.00601	0.00183	0.00708	0.00586	0.00321	0.00905
7	0.01204	0.35670	0.01811	0.00821	0.01169	0.01405	0.00736	0.01396	0.01338	0.01659	0.03368	0.03324	0.32704	0.01010	0.00550	0.00168	0.00471	0.00789	0.09753	0.00655
8	0.01427	0.01310	0.01424	0.01305	0.06882	0.07435	0.00941	0.02127	0.22232	0.02088	0.01581	0.01730	0.01276	0.01080	0.09178	0.00244	0.00686	0.00518	0.00434	0.36101
9	0.01379	0.01454	0.02308	0.44250	0.03565	0.08747	0.18978	0.01771	0.01326	0.01677	0.01105	0.01586	0.00855	0.00643	0.00773	0.00209	0.07770	0.00583	0.00290	0.00731
10	0.01203	0.01057	0.01639	0.11291	0.33767	0.01079	0.01233	0.01435	0.01231	0.01673	0.01980	0.02867	0.09300	0.25982	0.01464	0.00327	0.00661	0.00752	0.00356	0.00702
11	0.01221	0.01005	0.01666	0.30330	0.20922	0.01118	0.01360	0.01411	0.01145	0.01546	0.01158	0.01757	0.00998	0.01354	0.06684	0.24060	0.00785	0.00559	0.00287	0.00635
12	0.00808	0.00634	0.00731	0.00707	0.00886	0.00557	0.00530	0.01033	0.01590	0.02085	0.39654	0.05334	0.40370	0.01428	0.00736	0.00203	0.00305	0.01222	0.00632	0.00557
13	0.02327	0.02970	0.01766	0.01605	0.01926	0.75602	0.01204	0.02488	0.01766	0.01525	0.00963	0.01124	0.00803	0.00642	0.00562	0.00161	0.01124	0.00401	0.00321	0.00722
14	0.01313	0.01205	0.01112	0.01066	0.01297	0.11798	0.00800	0.02055	0.27199	0.02020	0.02925	0.17752	0.12364	0.01359	0.05133	0.00253	0.00584	0.00947	0.08096	0.00723
15	0.01336	0.01270	0.02156	0.44960	0.34695	0.01426	0.01809	0.01731	0.01321	0.01785	0.01135	0.01609	0.00899	0.00593	0.00620	0.00198	0.00791	0.00554	0.00291	0.00820
16	0.47643	0.01972	0.01285	0.01161	0.01519	0.33662	0.00905	0.02117	0.01367	0.02243	0.00909	0.01061	0.00730	0.00606	0.00462	0.00179	0.00761	0.00365	0.00358	0.00695
17	0.01550	0.01338	0.01409	0.01268	0.01620	0.01550	0.00986	0.03311	0.73091	0.02606	0.02536	0.02325	0.01902	0.00845	0.00634	0.00211	0.00493	0.00704	0.00634	0.00986
18	0.00736	0.00631	0.00631	0.00631	0.00842	0.00526	0.00473	0.00894	0.01420	0.01683	0.06312	0.05996	0.73964	0.01578	0.00736	0.00210	0.00316	0.01315	0.00579	0.00526
19	0.00895	0.00647	0.00900	0.00900	0.00976	0.00724	0.00652	0.01047	0.00971	0.01371	0.01762	0.02963	0.01781	0.27881	0.52732	0.00876	0.01332	0.00743	0.00348	0.00500
20	0.02130	0.01627	0.01736	0.01385	0.01841	0.01821	0.01127	0.52081	0.23376	0.03542	0.01799	0.01737	0.01305	0.00776	0.00626	0.00194	0.00630	0.00603	0.00626	0.01038
21	0.00950	0.00937	0.01519	0.01213	0.01545	0.00832	0.21305	0.01215	0.01435	0.01774	0.04840	0.04739	0.52684	0.01271	0.00736	0.00210	0.00530	0.01146	0.00502	0.00618
22	0.01292	0.01107	0.01292	0.00923	0.01477	0.00831	0.00738	0.01569	0.01292	0.02030	0.01107	0.01292	0.00923	0.00461	0.00461	0.00092	0.00461	0.00369	0.00369	0.81912
23	0.01528	0.01467	0.02504	0.06532	0.71615	0.01477	0.01905	0.01900	0.01412	0.02019	0.01170	0.01546	0.00981	0.00558	0.00617	0.00186	0.00744	0.00555	0.00307	0.00976
