[name]
unknown

[dist]
# distance from previous block
# <min> <max>
0	24

[block]
# block no. 0 follows, 38 sequences, length 99
# corresponding to MSA columns:
# 24-65,75-115,132-147
name=unknown_A
#
# <colnr> <probs for GDERKNQSTAVLIFYWHMCP>
#	G	D	E	R	K	N	Q	S	T	A	V	L	I	F	Y	W	H	M	C	P
0	0.04735	0.40933	0.31300	0.01293	0.01923	0.01839	0.01477	0.01803	0.01244	0.01685	0.01091	0.01480	0.00946	0.00617	0.00488	0.00165	0.00726	0.05177	0.00281	0.00798
1	0.04672	0.03449	0.34055	0.01235	0.01740	0.05489	0.01344	0.01708	0.01316	0.06924	0.07584	0.08765	0.01637	0.00849	0.00650	0.04033	0.00646	0.00634	0.12536	0.00733
2	0.01307	0.15894	0.29215	0.01371	0.01918	0.01367	0.07725	0.04200	0.01307	0.04802	0.04870	0.04928	0.01362	0.06895	0.07323	0.00275	0.00805	0.00586	0.00341	0.03509
3	0.00826	0.00613	0.00845	0.00906	0.00990	0.00648	0.00657	0.01058	0.04506	0.01561	0.05573	0.40278	0.02925	0.02895	0.32109	0.00539	0.00875	0.01195	0.00468	0.00534
4	0.01313	0.25703	0.39044	0.11281	0.02354	0.01630	0.01667	0.01792	0.01246	0.01732	0.01065	0.01287	0.00823	0.00567	0.00509	0.00170	0.00762	0.00427	0.05825	0.00803
5	0.23480	0.01424	0.01282	0.01147	0.03218	0.11080	0.00875	0.02363	0.29654	0.02313	0.01529	0.01549	0.01182	0.00645	0.00507	0.00171	0.00552	0.00483	0.00453	0.16094
6	0.02098	0.17516	0.02009	0.01375	0.01785	0.32833	0.01119	0.26325	0.05480	0.02299	0.01159	0.01239	0.00910	0.00643	0.00535	0.00161	0.00824	0.00441	0.00413	0.00835
7	0.00729	0.00541	0.00680	0.00792	0.00861	0.00492	0.00538	0.00843	0.01195	0.01553	0.03866	0.64068	0.18021	0.01813	0.00757	0.00236	0.00340	0.01623	0.00558	0.00492
8	0.01815	0.01851	0.05713	0.02083	0.17565	0.15810	0.13193	0.22687	0.06265	0.02411	0.01349	0.04040	0.01079	0.00665	0.00612	0.00183	0.00801	0.00582	0.00415	0.00883
9	0.07256	0.02040	0.16810	0.02305	0.29457	0.14169	0.01594	0.15271	0.01656	0.02261	0.01126	0.01334	0.00877	0.00594	0.00568	0.00178	0.00785	0.00479	0.00353	0.00890
10	0.00733	0.00524	0.00698	0.00838	0.00873	0.00489	0.00558	0.00838	0.01152	0.01536	0.03316	0.78466	0.03979	0.01885	0.00768	0.00244	0.00349	0.01710	0.00558	0.00489
11	0.00792	0.00593	0.00695	0.00702	0.00819	0.00539	0.00490	0.00949	0.01346	0.01774	0.26982	0.16403	0.27086	0.16754	0.01184	0.00280	0.00360	0.01202	0.00554	0.00496
12	0.01606	0.06639	0.38359	0.01695	0.05288	0.11753	0.06617	0.10602	0.01548	0.06379	0.01192	0.01358	0.00877	0.00704	0.02620	0.00202	0.00874	0.00479	0.00340	0.00868
13	0.01724	0.01922	0.01866	0.01573	0.01918	0.32416	0.15251	0.05662	0.16146	0.01893	0.01648	0.12177	0.01472	0.00817	0.00624	0.00188	0.00826	0.00701	0.00418	0.00758
14	0.01489	0.01558	0.10377	0.02215	0.30392	0.01400	0.01432	0.07633	0.22787	0.02259	0.01528	0.01652	0.01188	0.00625	0.00579	0.00176	0.00627	0.00546	0.00415	0.11121
15	0.01882	0.01484	0.01577	0.01302	0.01711	0.01676	0.01045	0.37263	0.39325	0.03138	0.01959	0.01855	0.01440	0.00770	0.00607	0.00193	0.00567	0.00613	0.00607	0.00987
16	0.00733	0.00524	0.00698	0.00838	0.00873	0.00489	0.00558	0.00838	0.01152	0.01536	0.03316	0.78466	0.03979	0.01885	0.00768	0.00244	0.00349	0.01710	0.00558	0.00489
17	0.01734	0.02002	0.02233	0.14325	0.20648	0.32495	0.14215	0.02042	0.01491	0.01686	0.01053	0.01364	0.00848	0.00576	0.00595	0.00177	0.00935	0.00505	0.00299	0.00777
18	0.01045	0.00522	0.00784	0.00784	0.00784	0.00522	0.00522	0.00784	0.00784	0.01045	0.01045	0.01829	0.01045	0.02090	0.02351	0.82497	0.00522	0.00522	0.00261	0.00261
19	0.00718	0.00610	0.00619	0.00616	0.00817	0.00511	0.00462	0.00876	0.01387	0.01662	0.09306	0.05729	0.71627	0.01510	0.00711	0.00202	0.00304	0.01261	0.00563	0.00511
20	0.00875	0.00583	0.00656	0.00656	0.00656	0.00583	0.00365	0.00875	0.00875	0.01166	0.01895	0.03937	0.02187	0.78858	0.03062	0.00583	0.00583	0.00875	0.00365	0.00365
21	0.00851	0.00615	0.00804	0.00757	0.00899	0.00568	0.00568	0.01135	0.01703	0.02412	0.74788	0.04494	0.05676	0.01230	0.00710	0.00189	0.00284	0.01088	0.00662	0.00568
22	0.77616	0.01199	0.00947	0.00831	0.01211	0.01385	0.00685	0.06616	0.01146	0.02773	0.00879	0.01009	0.00677	0.00570	0.00388	0.00186	0.00479	0.00340	0.00388	0.00677
23	0.83108	0.01163	0.00884	0.00791	0.01163	0.01350	0.00651	0.01768	0.01024	0.02699	0.00838	0.00977	0.00651	0.00558	0.00372	0.00186	0.00465	0.00326	0.00372	0.00651
24	0.01489	0.01429	0.02442	0.03692	0.75106	0.01429	0.01846	0.01846	0.01370	0.01965	0.01132	0.01489	0.00953	0.00536	0.00596	0.00179	0.00715	0.00536	0.00298	0.00953
25	0.83108	0.01163	0.00884	0.00791	0.01163	0.01350	0.00651	0.01768	0.01024	0.02699	0.00838	0.00977	0.00651	0.00558	0.00372	0.00186	0.00465	0.00326	0.00372	0.00651
26	0.83108	0.01163	0.00884	0.00791	0.01163	0.01350	0.00651	0.01768	0.01024	0.02699	0.00838	0.00977	0.00651	0.00558	0.00372	0.00186	0.00465	0.00326	0.00372	0.00651
27	0.00851	0.00615	0.00804	0.00757	0.00899	0.00568	0.00568	0.01135	0.01703	0.02412	0.74788	0.04494	0.05676	0.01230	0.00710	0.00189	0.00284	0.01088	0.00662	0.00568
28	0.83108	0.01163	0.00884	0.00791	0.01163	0.01350	0.00651	0.01768	0.01024	0.02699	0.00838	0.00977	0.00651	0.00558	0.00372	0.00186	0.00465	0.00326	0.00372	0.00651
29	0.01489	0.01429	0.02442	0.03692	0.75106	0.01429	0.01846	0.01846	0.01370	0.01965	0.01132	0.01489	0.00953	0.00536	0.00596	0.00179	0.00715	0.00536	0.00298	0.00953
30	0.01496	0.01292	0.01360	0.01224	0.01564	0.01496	0.00952	0.03197	0.74019	0.02516	0.02448	0.02244	0.01836	0.00816	0.00612	0.00204	0.00476	0.00680	0.00612	0.00952
31	0.01496	0.01292	0.01360	0.01224	0.01564	0.01496	0.00952	0.03197	0.74019	0.02516	0.02448	0.02244	0.01836	0.00816	0.00612	0.00204	0.00476	0.00680	0.00612	0.00952
32	0.01341	0.01157	0.01212	0.01102	0.01415	0.01300	0.00854	0.02734	0.59627	0.02340	0.03171	0.02947	0.16303	0.00956	0.00632	0.00204	0.00442	0.00797	0.00602	0.00864
33	0.02287	0.01685	0.01805	0.01384	0.01866	0.01866	0.01143	0.73100	0.02828	0.03791	0.01444	0.01444	0.01023	0.00722	0.00602	0.00181	0.00662	0.00542	0.00602	0.01023
34	0.01273	0.00707	0.00723	0.00668	0.00852	0.00731	0.00515	0.10734	0.01465	0.02444	0.01895	0.02139	0.01474	0.00704	0.00444	0.00145	0.00330	0.00558	0.71578	0.00621
35	0.02320	0.01563	0.01722	0.01327	0.01800	0.01693	0.01094	0.59022	0.05558	0.15214	0.01634	0.01573	0.01131	0.00730	0.00603	0.00182	0.00630	0.00557	0.00625	0.01020
36	0.00727	0.00596	0.00641	0.00659	0.00830	0.00510	0.00483	0.00884	0.01367	0.01683	0.11916	0.17084	0.57428	0.01553	0.00720	0.00208	0.00310	0.01322	0.00568	0.00510
37	0.02699	0.01024	0.01396	0.01070	0.01536	0.00884	0.00884	0.02932	0.01722	0.75522	0.02373	0.02048	0.01489	0.00745	0.00605	0.00186	0.00512	0.00605	0.00745	0.01024
38	0.01402	0.00898	0.01045	0.00906	0.01189	0.00876	0.00711	0.09709	0.11153	0.16029	0.24681	0.03760	0.22967	0.01110	0.00666	0.00193	0.00400	0.00934	0.00636	0.00737
39	0.01562	0.01548	0.06472	0.08426	0.12187	0.01406	0.45365	0.02015	0.01428	0.11478	0.01338	0.01642	0.00977	0.00552	0.00666	0.00197	0.00888	0.00647	0.00355	0.00849
40	0.00733	0.00524	0.00698	0.00838	0.00873	0.00489	0.00558	0.00838	0.01152	0.01536	0.03316	0.78466	0.03979	0.01885	0.00768	0.00244	0.00349	0.01710	0.00558	0.00489
41	0.02579	0.01216	0.01515	0.01161	0.01631	0.01169	0.00959	0.23313	0.02043	0.54687	0.02103	0.01872	0.01354	0.00738	0.00604	0.00185	0.00555	0.00587	0.00703	0.01024
42	0.01480	0.02050	0.27120	0.02814	0.44080	0.05016	0.01901	0.01937	0.01367	0.04924	0.01155	0.01418	0.00902	0.00561	0.00585	0.00182	0.00783	0.00501	0.00302	0.00922
43	0.01277	0.01466	0.12144	0.29050	0.15770	0.01352	0.06474	0.01956	0.15042	0.01936	0.06362	0.01856	0.01357	0.00662	0.00613	0.00195	0.00716	0.00600	0.00365	0.00806
44	0.01136	0.01069	0.01804	0.77412	0.04143	0.01337	0.01671	0.01537	0.01203	0.01537	0.01069	0.01604	0.00802	0.00601	0.00601	0.00200	0.00802	0.00535	0.00267	0.00668
45	0.01265	0.12725	0.64473	0.01683	0.04502	0.01523	0.02061	0.01890	0.01267	0.01845	0.01050	0.01237	0.00769	0.00563	0.00549	0.00182	0.00853	0.00431	0.00256	0.00876
46	0.02287	0.01685	0.01805	0.01384	0.01866	0.01866	0.01143	0.73100	0.02828	0.03791	0.01444	0.01444	0.01023	0.00722	0.00602	0.00181	0.00662	0.00542	0.00602	0.01023
47	0.00851	0.00615	0.00804	0.00757	0.00899	0.00568	0.00568	0.01135	0.01703	0.02412	0.74788	0.04494	0.05676	0.01230	0.00710	0.00189	0.00284	0.01088	0.00662	0.00568
48	0.00733	0.00524	0.00698	0.00838	0.00873	0.00489	0.00558	0.00838	0.01152	0.01536	0.03316	0.78466	0.03979	0.01885	0.00768	0.00244	0.00349	0.01710	0.00558	0.00489
49	0.00724	0.00557	0.00664	0.00749	0.00849	0.00496	0.00519	0.00848	0.01237	0.01570	0.04391	0.50349	0.31402	0.01745	0.00746	0.00228	0.00332	0.01540	0.00559	0.00496
50	0.00730	0.00537	0.00684	0.00802	0.00863	0.00492	0.00543	0.00842	0.01186	0.01550	0.03748	0.67149	0.15017	0.01828	0.00759	0.00238	0.00342	0.01642	0.00558	0.00492
51	0.02287	0.01685	0.01805	0.01384	0.01866	0.01866	0.01143	0.73100	0.02828	0.03791	0.01444	0.01444	0.01023	0.00722	0.00602	0.00181	0.00662	0.00542	0.00602	0.01023
52	0.01496	0.01292	0.01360	0.01224	0.01564	0.01496	0.00952	0.03197	0.74019	0.02516	0.02448	0.02244	0.01836	0.00816	0.00612	0.00204	0.00476	0.00680	0.00612	0.00952
53	0.01608	0.79220	0.03152	0.01029	0.01544	0.02380	0.01029	0.01801	0.01222	0.01415	0.00836	0.00965	0.00772	0.00515	0.00386	0.00129	0.00643	0.00322	0.00257	0.00772
54	0.01247	0.01069	0.01247	0.00891	0.01426	0.00802	0.00713	0.01515	0.01247	0.01960	0.01069	0.01247	0.00891	0.00446	0.00446	0.00089	0.00446	0.00356	0.00356	0.82536
55	0.02699	0.01024	0.01396	0.01070	0.01536	0.00884	0.00884	0.02932	0.01722	0.75522	0.02373	0.02048	0.01489	0.00745	0.00605	0.00186	0.00512	0.00605	0.00745	0.01024
56	0.01316	0.01316	0.01843	0.01579	0.01579	0.01843	0.01316	0.01448	0.00921	0.01448	0.00790	0.01316	0.00790	0.01053	0.01974	0.00263	0.77757	0.00526	0.00263	0.00658
57	0.02252	0.02713	0.01718	0.01528	0.01861	0.66737	0.01160	0.11604	0.01851	0.01774	0.00997	0.01132	0.00807	0.00633	0.00550	0.00158	0.01030	0.00408	0.00348	0.00740
58	0.01046	0.00853	0.00961	0.00968	0.01151	0.00908	0.00708	0.01818	0.31356	0.01954	0.03323	0.37313	0.12443	0.01395	0.00696	0.00222	0.00396	0.01225	0.00581	0.00683
59	0.02287	0.01685	0.01805	0.01384	0.01866	0.01866	0.01143	0.73100	0.02828	0.03791	0.01444	0.01444	0.01023	0.00722	0.00602	0.00181	0.00662	0.00542	0.00602	0.01023
60	0.01608	0.79220	0.03152	0.01029	0.01544	0.02380	0.01029	0.01801	0.01222	0.01415	0.00836	0.00965	0.00772	0.00515	0.00386	0.00129	0.00643	0.00322	0.00257	0.00772
61	0.02699	0.01024	0.01396	0.01070	0.01536	0.00884	0.00884	0.02932	0.01722	0.75522	0.02373	0.02048	0.01489	0.00745	0.00605	0.00186	0.00512	0.00605	0.00745	0.01024
62	0.00865	0.00579	0.00659	0.00669	0.00671	0.00577	0.00378	0.00872	0.00894	0.01192	0.01993	0.09069	0.02310	0.73558	0.02904	0.00560	0.00567	0.00932	0.00378	0.00373
63	0.21856	0.01835	0.01327	0.01194	0.01508	0.32383	0.00920	0.05084	0.13150	0.02167	0.11418	0.01731	0.01604	0.00725	0.00537	0.00176	0.00706	0.00523	0.00434	0.00722
64	0.01420	0.01623	0.03550	0.02535	0.03144	0.01521	0.72921	0.01927	0.01420	0.01927	0.01217	0.01623	0.00913	0.00507	0.00710	0.00203	0.01014	0.00710	0.00304	0.00811
65	0.01489	0.01429	0.02442	0.03692	0.75106	0.01429	0.01846	0.01846	0.01370	0.01965	0.01132	0.01489	0.00953	0.00536	0.00596	0.00179	0.00715	0.00536	0.00298	0.00953
66	0.00875	0.00583	0.00656	0.00656	0.00656	0.00583	0.00365	0.00875	0.00875	0.01166	0.01895	0.03937	0.02187	0.78858	0.03062	0.00583	0.00583	0.00875	0.00365	0.00365
67	0.06689	0.01473	0.01546	0.01275	0.01685	0.01665	0.01026	0.36677	0.35532	0.03139	0.01871	0.01786	0.01376	0.00756	0.00593	0.00192	0.00565	0.00593	0.00593	0.00968
68	0.02071	0.02303	0.01754	0.01520	0.01805	0.45488	0.01189	0.17548	0.01793	0.01970	0.01014	0.01209	0.00832	0.00728	0.00839	0.00182	0.16182	0.00448	0.00364	0.00760
69	0.01445	0.01704	0.14773	0.02065	0.16240	0.01463	0.17290	0.05745	0.26113	0.02213	0.01738	0.01852	0.03207	0.00666	0.00626	0.00195	0.00716	0.00628	0.00420	0.00902
70	0.01247	0.01069	0.01247	0.00891	0.01426	0.00802	0.00713	0.01515	0.01247	0.01960	0.01069	0.01247	0.00891	0.00446	0.00446	0.00089	0.00446	0.00356	0.00356	0.82536
71	0.01529	0.01303	0.01463	0.11157	0.01930	0.01513	0.01065	0.10060	0.57332	0.02518	0.02167	0.02080	0.01619	0.00779	0.00610	0.00201	0.00537	0.00647	0.00566	0.00922
72	0.00804	0.00611	0.00870	0.04727	0.06075	0.00593	0.00700	0.00940	0.01169	0.01565	0.03059	0.69526	0.03620	0.01731	0.00748	0.00238	0.00396	0.01574	0.00527	0.00529
73	0.00794	0.00613	0.00724	0.00696	0.00863	0.00543	0.00522	0.01024	0.01567	0.02089	0.46565	0.05026	0.34101	0.01351	0.00710	0.00195	0.00292	0.01163	0.00620	0.00543
74	0.02117	0.02620	0.01832	0.01919	0.14467	0.63532	0.01280	0.02306	0.01647	0.01557	0.00965	0.01154	0.00806	0.00605	0.00552	0.00159	0.01021	0.00413	0.00308	0.00741
75	0.49595	0.01354	0.01242	0.01016	0.01436	0.01519	0.00837	0.28306	0.01705	0.03075	0.01073	0.01162	0.00800	0.00615	0.00461	0.00180	0.00538	0.00407	0.00457	0.04223
76	0.00872	0.00594	0.00712	0.00712	0.00732	0.00614	0.00435	0.00911	0.00891	0.01208	0.01844	0.03652	0.02064	0.65426	0.16325	0.00653	0.00769	0.00833	0.00357	0.00396
77	0.01703	0.34196	0.04805	0.01656	0.14949	0.09230	0.01231	0.10821	0.12252	0.01990	0.01220	0.01329	0.00993	0.00601	0.00505	0.00160	0.00685	0.00451	0.00364	0.00859
78	0.02247	0.02867	0.01705	0.01550	0.01860	0.76443	0.01162	0.02402	0.01705	0.01472	0.00930	0.01085	0.00775	0.00620	0.00542	0.00155	0.01085	0.00387	0.00310	0.00697
79	0.00731	0.00529	0.00692	0.00822	0.00868	0.00490	0.00552	0.00839	0.01167	0.01542	0.03504	0.73527	0.08796	0.01860	0.00764	0.00242	0.00346	0.01680	0.00558	0.00490
80	0.00861	0.00637	0.00931	0.00931	0.01026	0.00732	0.00707	0.01051	0.00956	0.01370	0.01644	0.02546	0.01583	0.13151	0.67943	0.00922	0.01492	0.00671	0.00327	0.00517
81	0.02046	0.00832	0.01050	0.00859	0.01190	0.00750	0.00692	0.02298	0.01531	0.45176	0.02203	0.02128	0.01511	0.00726	0.00529	0.00167	0.00416	0.00587	0.34475	0.00832
82	0.00969	0.00692	0.00969	0.01108	0.01246	0.00692	0.00969	0.01246	0.01385	0.01800	0.03185	0.06786	0.03462	0.01662	0.00831	0.00277	0.00554	0.71057	0.00554	0.00554
83	0.01207	0.03112	0.75741	0.01715	0.02604	0.01397	0.02223	0.01905	0.01270	0.01905	0.01080	0.01270	0.00762	0.00572	0.00572	0.00191	0.00889	0.00445	0.00254	0.00889
84	0.00717	0.00586	0.00633	0.00671	0.00829	0.00503	0.00484	0.00856	0.01312	0.01601	0.05347	0.25332	0.55802	0.01621	0.00726	0.00214	0.00317	0.01388	0.00559	0.00503
85	0.01718	0.66166	0.02905	0.01118	0.01598	0.15043	0.01052	0.01904	0.01305	0.01425	0.00852	0.00985	0.00772	0.00533	0.00413	0.00133	0.00719	0.00333	0.00266	0.00759
86	0.01808	0.01290	0.01432	0.01185	0.01596	0.01372	0.00945	0.15534	0.39858	0.14891	0.02080	0.01941	0.01512	0.00740	0.00588	0.00182	0.00512	0.00602	0.00600	0.11332
87	0.01894	0.01601	0.01675	0.08443	0.04563	0.08506	0.01157	0.34962	0.25491	0.02895	0.01676	0.01686	0.01240	0.00725	0.00599	0.00188	0.00655	0.00571	0.00537	0.00935
88	0.01079	0.00886	0.01400	0.01208	0.01398	0.00956	0.12064	0.06102	0.01176	0.01649	0.01640	0.02625	0.01563	0.16188	0.37563	0.00639	0.04383	0.04078	0.02814	0.00590
89	0.01673	0.01433	0.02145	0.06879	0.05736	0.01514	0.20558	0.29530	0.01919	0.04308	0.01924	0.02077	0.10580	0.00774	0.00740	0.00197	0.06028	0.00682	0.00458	0.00846
90	0.01178	0.02326	0.47289	0.01623	0.02301	0.01257	0.11654	0.01810	0.04858	0.01976	0.09545	0.02162	0.04950	0.00737	0.00625	0.00197	0.00779	0.03569	0.00350	0.00814
91	0.05264	0.21321	0.04974	0.01235	0.01652	0.23794	0.01055	0.07375	0.08210	0.12849	0.05655	0.01534	0.01278	0.00669	0.00527	0.00164	0.00722	0.00482	0.00431	0.00810
92	0.15403	0.01131	0.01180	0.01066	0.01368	0.01267	0.00834	0.07201	0.37442	0.05050	0.07911	0.04983	0.02058	0.05461	0.00740	0.00225	0.00480	0.04835	0.00559	0.00804
93	0.09137	0.13810	0.12001	0.01198	0.01675	0.01228	0.05925	0.02164	0.01422	0.32337	0.01855	0.11588	0.01484	0.00799	0.00573	0.00186	0.00594	0.00663	0.00511	0.00848
94	0.00969	0.10822	0.01002	0.00726	0.00800	0.00829	0.00477	0.01009	0.00926	0.01214	0.01738	0.03443	0.01956	0.63610	0.07702	0.00550	0.00661	0.00787	0.00348	0.00429
95	0.12068	0.04676	0.07295	0.08054	0.46861	0.01457	0.07404	0.01823	0.01305	0.02002	0.01080	0.01405	0.00880	0.00543	0.00566	0.00182	0.00721	0.00508	0.00301	0.00871
96	0.00754	0.00546	0.00703	0.00820	0.00874	0.00509	0.00560	0.00867	0.01167	0.01535	0.03473	0.62359	0.10493	0.07068	0.00922	0.00265	0.00373	0.05682	0.00545	0.00486
97	0.04551	0.02081	0.04424	0.08586	0.16594	0.34226	0.01338	0.09810	0.06591	0.04435	0.01191	0.01363	0.00931	0.00626	0.00567	0.00173	0.00854	0.00474	0.00370	0.00814
98	0.01486	0.13004	0.25456	0.02474	0.33933	0.05972	0.03207	0.04202	0.01386	0.01899	0.01074	0.01324	0.00859	0.00555	0.00558	0.00174	0.00785	0.00472	0.00289	0.00892

[dist]
# distance from previous block
# <min> <max>
2	27

[block]
# block no. 1 follows, 38 sequences, length 84
# corresponding to MSA columns:
# 175-258
name=unknown_B
#
# <colnr> <probs for GDERKNQSTAVLIFYWHMCP>
#	G	D	E	R	K	N	Q	S	T	A	V	L	I	F	Y	W	H	M	C	P
0	0.13867	0.01218	0.01155	0.01024	0.01282	0.09626	0.00782	0.17638	0.01579	0.08115	0.01919	0.08631	0.04152	0.19476	0.01181	0.00288	0.00604	0.06305	0.00480	0.00677
1	0.00814	0.00565	0.00667	0.00714	0.00742	0.00545	0.00437	0.00861	0.01008	0.01328	0.02710	0.29273	0.08588	0.46677	0.02099	0.00438	0.00482	0.01189	0.00446	0.00418
2	0.11180	0.19571	0.04156	0.01111	0.01466	0.07733	0.00951	0.11286	0.09659	0.04538	0.01781	0.15082	0.01704	0.00928	0.00566	0.00189	0.00589	0.06308	0.00453	0.00751
3	0.01777	0.01830	0.02224	0.10166	0.26597	0.20642	0.11036	0.14520	0.01702	0.02112	0.01140	0.01408	0.00899	0.00593	0.00599	0.00178	0.00849	0.00522	0.00352	0.00852
4	0.01026	0.00990	0.00852	0.00853	0.01016	0.13647	0.00623	0.01167	0.01348	0.01575	0.07297	0.15326	0.33784	0.11667	0.01010	0.00256	0.00499	0.06046	0.00495	0.00525
5	0.00738	0.00578	0.00668	0.00714	0.00846	0.00509	0.00510	0.00890	0.01333	0.01696	0.14172	0.32726	0.39242	0.01619	0.00732	0.00217	0.00318	0.01410	0.00572	0.00509
6	0.01247	0.01069	0.01247	0.00891	0.01426	0.00802	0.00713	0.01515	0.01247	0.01960	0.01069	0.01247	0.00891	0.00446	0.00446	0.00089	0.00446	0.00356	0.00356	0.82536
7	0.01360	0.28753	0.45399	0.01548	0.02288	0.01740	0.07473	0.01872	0.01266	0.01741	0.01008	0.01195	0.00777	0.00547	0.00520	0.00171	0.00816	0.00424	0.00259	0.00843
8	0.00770	0.00580	0.00721	0.00819	0.00923	0.00532	0.00603	0.00920	0.01260	0.01611	0.04126	0.43530	0.25161	0.01735	0.00762	0.00238	0.00373	0.14271	0.00558	0.00506
9	0.00747	0.00543	0.00691	0.00793	0.00852	0.00502	0.00534	0.00861	0.01193	0.01575	0.07893	0.60183	0.12552	0.06953	0.00911	0.00259	0.00355	0.01563	0.00552	0.00487
10	0.01484	0.01486	0.02763	0.02068	0.02544	0.01503	0.45278	0.11336	0.06422	0.02162	0.01504	0.02163	0.01249	0.00722	0.00802	0.00213	0.06991	0.08113	0.00387	0.00809
11	0.02223	0.01252	0.01499	0.01212	0.01628	0.01274	0.01011	0.32885	0.02141	0.31871	0.02113	0.02606	0.01629	0.00893	0.00643	0.00199	0.00584	0.12746	0.00650	0.00942
12	0.00825	0.00574	0.00709	0.00739	0.00788	0.00550	0.00479	0.00935	0.01186	0.01619	0.22237	0.26841	0.03687	0.34159	0.01719	0.00372	0.00430	0.01188	0.00505	0.00458
13	0.01247	0.01069	0.01247	0.00891	0.01426	0.00802	0.00713	0.01515	0.01247	0.01960	0.01069	0.01247	0.00891	0.00446	0.00446	0.00089	0.00446	0.00356	0.00356	0.82536
14	0.83108	0.01163	0.00884	0.00791	0.01163	0.01350	0.00651	0.01768	0.01024	0.02699	0.00838	0.00977	0.00651	0.00558	0.00372	0.00186	0.00465	0.00326	0.00372	0.00651
15	0.00714	0.00599	0.00620	0.00637	0.00820	0.00506	0.00469	0.00860	0.01345	0.01614	0.05761	0.14512	0.66354	0.01567	0.00718	0.00208	0.00310	0.01322	0.00559	0.00506
16	0.01608	0.79220	0.03152	0.01029	0.01544	0.02380	0.01029	0.01801	0.01222	0.01415	0.00836	0.00965	0.00772	0.00515	0.00386	0.00129	0.00643	0.00322	0.00257	0.00772
17	0.01207	0.03112	0.75741	0.01715	0.02604	0.01397	0.02223	0.01905	0.01270	0.01905	0.01080	0.01270	0.00762	0.00572	0.00572	0.00191	0.00889	0.00445	0.00254	0.00889
18	0.02699	0.01024	0.01396	0.01070	0.01536	0.00884	0.00884	0.02932	0.01722	0.75522	0.02373	0.02048	0.01489	0.00745	0.00605	0.00186	0.00512	0.00605	0.00745	0.01024
19	0.00761	0.00540	0.00714	0.00842	0.00882	0.00511	0.00572	0.00869	0.01146	0.01525	0.03193	0.67446	0.03799	0.08025	0.00956	0.00274	0.00382	0.06537	0.00543	0.00483
20	0.08210	0.01223	0.01266	0.01038	0.01381	0.01342	0.00838	0.37617	0.06900	0.03076	0.01645	0.01741	0.01230	0.00708	0.00521	0.00168	0.00500	0.00541	0.29228	0.00827
21	0.00875	0.00583	0.00656	0.00656	0.00656	0.00583	0.00365	0.00875	0.00875	0.01166	0.01895	0.03937	0.02187	0.78858	0.03062	0.00583	0.00583	0.00875	0.00365	0.00365
22	0.08055	0.00963	0.01258	0.00996	0.01399	0.00862	0.00813	0.02539	0.01669	0.57755	0.14773	0.02395	0.02153	0.00815	0.00607	0.00187	0.00469	0.00669	0.00704	0.00919
23	0.01309	0.02856	0.65884	0.01641	0.02464	0.01377	0.02051	0.02062	0.07042	0.05896	0.01257	0.01389	0.00886	0.00600	0.00577	0.00191	0.00836	0.00472	0.00309	0.00901
24	0.00733	0.00524	0.00698	0.00838	0.00873	0.00489	0.00558	0.00838	0.01152	0.01536	0.03316	0.78466	0.03979	0.01885	0.00768	0.00244	0.00349	0.01710	0.00558	0.00489
25	0.00969	0.00692	0.00969	0.01108	0.01246	0.00692	0.00969	0.01246	0.01385	0.01800	0.03185	0.06786	0.03462	0.01662	0.00831	0.00277	0.00554	0.71057	0.00554	0.00554
26	0.01402	0.01565	0.03332	0.08606	0.08302	0.01500	0.62206	0.01890	0.01399	0.01898	0.01199	0.01612	0.00907	0.00517	0.00693	0.00201	0.00976	0.00684	0.00301	0.00810
27	0.02239	0.01611	0.01712	0.01327	0.01777	0.03708	0.01084	0.62403	0.02616	0.08651	0.01520	0.01611	0.01112	0.04905	0.00732	0.00202	0.00658	0.00560	0.00591	0.00979
28	0.00802	0.00613	0.00736	0.00705	0.00868	0.00547	0.00529	0.01040	0.01586	0.02136	0.50674	0.04949	0.29963	0.01333	0.00710	0.00194	0.00291	0.01152	0.00626	0.00547
29	0.01423	0.01497	0.02904	0.06721	0.30342	0.01503	0.36619	0.01838	0.01350	0.01883	0.01143	0.01547	0.00912	0.00567	0.00762	0.00198	0.07028	0.00620	0.00297	0.00845
30	0.02086	0.02007	0.01665	0.01404	0.01792	0.27958	0.01105	0.31712	0.19310	0.02675	0.01502	0.01508	0.01129	0.00709	0.00583	0.00177	0.00766	0.00520	0.00502	0.00892
31	0.01022	0.00782	0.01156	0.09354	0.06496	0.00810	0.01102	0.01317	0.01365	0.01783	0.02824	0.05883	0.03013	0.01474	0.00791	0.00262	0.00591	0.58876	0.00506	0.00593
32	0.01604	0.01562	0.04608	0.15708	0.39591	0.06782	0.01621	0.13708	0.05052	0.02183	0.01219	0.01501	0.00961	0.00599	0.00594	0.00183	0.00742	0.00530	0.00357	0.00895
33	0.00863	0.00631	0.00898	0.00898	0.00982	0.00715	0.00667	0.01030	0.00947	0.01346	0.01674	0.02710	0.01654	0.20882	0.60309	0.00882	0.01385	0.00695	0.00332	0.00499
34	0.02287	0.01685	0.01805	0.01384	0.01866	0.01866	0.01143	0.73100	0.02828	0.03791	0.01444	0.01444	0.01023	0.00722	0.00602	0.00181	0.00662	0.00542	0.00602	0.01023
35	0.01020	0.00644	0.00835	0.00768	0.00936	0.00593	0.00583	0.01299	0.01673	0.08297	0.63808	0.04137	0.05047	0.01153	0.00681	0.00185	0.00302	0.01012	0.06423	0.00604
36	0.00847	0.00727	0.00739	0.00716	0.00942	0.00679	0.00543	0.01266	0.13919	0.01779	0.05464	0.05177	0.62248	0.01401	0.00694	0.00203	0.00334	0.01168	0.00568	0.00585
37	0.00833	0.00614	0.00778	0.00737	0.00887	0.00560	0.00553	0.01099	0.01659	0.02308	0.65674	0.04666	0.14856	0.01269	0.00710	0.00191	0.00287	0.01112	0.00648	0.00560
38	0.00875	0.00583	0.00656	0.00656	0.00656	0.00583	0.00365	0.00875	0.00875	0.01166	0.01895	0.03937	0.02187	0.78858	0.03062	0.00583	0.00583	0.00875	0.00365	0.00365
39	0.01608	0.79220	0.03152	0.01029	0.01544	0.02380	0.01029	0.01801	0.01222	0.01415	0.00836	0.00965	0.00772	0.00515	0.00386	0.00129	0.00643	0.00322	0.00257	0.00772
40	0.01496	0.01292	0.01360	0.01224	0.01564	0.01496	0.00952	0.03197	0.74019	0.02516	0.02448	0.02244	0.01836	0.00816	0.00612	0.00204	0.00476	0.00680	0.00612	0.00952
41	0.02699	0.01024	0.01396	0.01070	0.01536	0.00884	0.00884	0.02932	0.01722	0.75522	0.02373	0.02048	0.01489	0.00745	0.00605	0.00186	0.00512	0.00605	0.00745	0.01024
42	0.01247	0.01069	0.01247	0.00891	0.01426	0.00802	0.00713	0.01515	0.01247	0.01960	0.01069	0.01247	0.00891	0.00446	0.00446	0.00089	0.00446	0.00356	0.00356	0.82536
43	0.01496	0.01292	0.01360	0.01224	0.01564	0.01496	0.00952	0.03197	0.74019	0.02516	0.02448	0.02244	0.01836	0.00816	0.00612	0.00204	0.00476	0.00680	0.00612	0.00952
44	0.83108	0.01163	0.00884	0.00791	0.01163	0.01350	0.00651	0.01768	0.01024	0.02699	0.00838	0.00977	0.00651	0.00558	0.00372	0.00186	0.00465	0.00326	0.00372	0.00651
45	0.01316	0.01316	0.01843	0.01579	0.01579	0.01843	0.01316	0.01448	0.00921	0.01448	0.00790	0.01316	0.00790	0.01053	0.01974	0.00263	0.77757	0.00526	0.00263	0.00658
46	0.01496	0.01292	0.01360	0.01224	0.01564	0.01496	0.00952	0.03197	0.74019	0.02516	0.02448	0.02244	0.01836	0.00816	0.00612	0.00204	0.00476	0.00680	0.00612	0.00952
47	0.00733	0.00524	0.00698	0.00838	0.00873	0.00489	0.00558	0.00838	0.01152	0.01536	0.03316	0.78466	0.03979	0.01885	0.00768	0.00244	0.00349	0.01710	0.00558	0.00489
48	0.01197	0.01131	0.01914	0.64679	0.16400	0.01353	0.01701	0.01590	0.01232	0.01611	0.01080	0.01584	0.00828	0.00590	0.00600	0.00197	0.00787	0.00535	0.00273	0.00717
49	0.00757	0.00534	0.00691	0.00806	0.00835	0.00505	0.00525	0.00844	0.01104	0.01472	0.03070	0.65593	0.03669	0.15180	0.01164	0.00303	0.00389	0.01566	0.00525	0.00467
50	0.00731	0.00530	0.00691	0.00819	0.00868	0.00490	0.00550	0.00840	0.01169	0.01543	0.03538	0.72653	0.09648	0.01856	0.00763	0.00241	0.00345	0.01675	0.00558	0.00490
51	0.08768	0.01284	0.01667	0.01615	0.14294	0.01324	0.01127	0.19049	0.01801	0.34134	0.01690	0.01664	0.01163	0.00713	0.00693	0.00190	0.06757	0.00549	0.00565	0.00952
52	0.00850	0.00573	0.00663	0.00687	0.00694	0.00567	0.00398	0.00868	0.00923	0.01230	0.02141	0.16810	0.02497	0.65563	0.02666	0.00525	0.00543	0.01019	0.00398	0.00386
53	0.01247	0.01069	0.01247	0.00891	0.01426	0.00802	0.00713	0.01515	0.01247	0.01960	0.01069	0.01247	0.00891	0.00446	0.00446	0.00089	0.00446	0.00356	0.00356	0.82536
54	0.01630	0.37607	0.21628	0.01504	0.07767	0.07208	0.01428	0.11325	0.01493	0.01905	0.01010	0.01158	0.00817	0.00566	0.00490	0.00157	0.00746	0.00404	0.00309	0.00845
55	0.00772	0.00553	0.00738	0.00845	0.00907	0.00519	0.00593	0.00922	0.01266	0.01708	0.15650	0.59956	0.04231	0.01754	0.00763	0.00237	0.00354	0.07149	0.00576	0.00507
56	0.00731	0.00530	0.00691	0.00819	0.00868	0.00490	0.00550	0.00840	0.01169	0.01543	0.03538	0.72653	0.09648	0.01856	0.00763	0.00241	0.00345	0.01675	0.00558	0.00490
57	0.01359	0.12649	0.40350	0.02318	0.27914	0.01539	0.01932	0.01871	0.01299	0.01861	0.01065	0.01306	0.00830	0.00551	0.00555	0.00178	0.00795	0.00460	0.00270	0.00896
58	0.01444	0.01372	0.02274	0.12907	0.60164	0.01423	0.01752	0.01915	0.07159	0.01955	0.01229	0.01564	0.01004	0.00567	0.00598	0.00183	0.00707	0.00547	0.00319	0.00916
59	0.24716	0.01023	0.01150	0.00938	0.01329	0.00999	0.00765	0.05600	0.01542	0.39146	0.07142	0.02281	0.09277	0.00807	0.00558	0.00188	0.00469	0.00627	0.00609	0.00835
60	0.00776	0.00552	0.00730	0.00837	0.00890	0.00521	0.00579	0.00909	0.01217	0.01636	0.11783	0.58595	0.04015	0.07220	0.00928	0.00264	0.00374	0.07123	0.00557	0.00495
61	0.38713	0.15845	0.06576	0.05595	0.05614	0.01574	0.01017	0.07542	0.05191	0.05833	0.01090	0.01214	0.00839	0.00588	0.00456	0.00177	0.00578	0.00406	0.00382	0.00770
62	0.01260	0.01088	0.01643	0.02100	0.30510	0.01168	0.01230	0.05431	0.09993	0.01883	0.01513	0.01954	0.01300	0.02293	0.33303	0.00522	0.01070	0.00600	0.00362	0.00777
63	0.00749	0.00540	0.00696	0.00804	0.00855	0.00502	0.00539	0.00862	0.01184	0.01574	0.08183	0.63445	0.08657	0.07249	0.00922	0.00262	0.00358	0.01580	0.00552	0.00486
64	0.01239	0.00995	0.00987	0.00900	0.01133	0.06172	0.00678	0.16459	0.01640	0.04477	0.03802	0.16812	0.33449	0.07435	0.00868	0.00231	0.00473	0.01075	0.00541	0.00634
65	0.08435	0.02169	0.12827	0.01654	0.09611	0.27163	0.01313	0.16962	0.07582	0.02286	0.03579	0.01425	0.01077	0.00656	0.00562	0.00176	0.00804	0.00485	0.00402	0.00834
66	0.00750	0.00553	0.00675	0.00760	0.00831	0.00508	0.00510	0.00856	0.01178	0.01529	0.05602	0.50189	0.19749	0.12104	0.01061	0.00279	0.00369	0.01483	0.00535	0.00478
67	0.07064	0.01720	0.20650	0.26657	0.28782	0.01386	0.01801	0.01756	0.01267	0.01864	0.01078	0.01434	0.00835	0.00568	0.00576	0.00189	0.00769	0.00498	0.00282	0.00824
68	0.05544	0.10898	0.28130	0.01615	0.02249	0.05556	0.13370	0.17455	0.01664	0.06188	0.01204	0.01350	0.00879	0.00598	0.00571	0.00181	0.00803	0.00496	0.00373	0.00878
69	0.01628	0.01515	0.02051	0.02691	0.44801	0.09785	0.01495	0.02079	0.09086	0.06866	0.01310	0.01533	0.01050	0.00606	0.00645	0.00176	0.04353	0.00524	0.00365	0.07440
70	0.00800	0.00596	0.00759	0.00865	0.00972	0.00555	0.00659	0.00969	0.01276	0.01638	0.03947	0.39016	0.20955	0.01729	0.00773	0.00244	0.00401	0.22774	0.00557	0.00513
71	0.21582	0.01543	0.02001	0.02136	0.25281	0.06284	0.10421	0.19381	0.01672	0.02556	0.01135	0.01345	0.00880	0.00589	0.00554	0.00183	0.00703	0.00499	0.00392	0.00863
72	0.63184	0.01251	0.01076	0.00919	0.01311	0.01426	0.00755	0.13685	0.04811	0.05288	0.01066	0.01150	0.00797	0.00604	0.00429	0.00186	0.00500	0.00388	0.00434	0.00740
73	0.01656	0.00975	0.01170	0.01050	0.01353	0.00987	0.00824	0.02379	0.26951	0.26002	0.02917	0.15950	0.08049	0.01094	0.00660	0.00210	0.00458	0.05847	0.00638	0.00832
74	0.00787	0.00556	0.00714	0.00820	0.00862	0.00531	0.00556	0.00888	0.01122	0.01485	0.03071	0.52872	0.05503	0.18589	0.01272	0.00320	0.00420	0.08648	0.00516	0.00469
75	0.08309	0.07445	0.02516	0.04449	0.08208	0.26590	0.28844	0.03253	0.01482	0.01823	0.01056	0.01330	0.00837	0.00558	0.00589	0.00178	0.00931	0.00521	0.00312	0.00768
76	0.00862	0.00620	0.00841	0.00952	0.01056	0.00598	0.00756	0.01075	0.01342	0.01779	0.12506	0.32092	0.05958	0.01682	0.00789	0.00252	0.00439	0.35299	0.00570	0.00531
77	0.00769	0.00558	0.00669	0.00741	0.00799	0.00519	0.00483	0.00853	0.01116	0.01448	0.03456	0.42804	0.17433	0.23854	0.01414	0.00333	0.00407	0.01384	0.00503	0.00457
78	0.08457	0.01833	0.01993	0.02080	0.21487	0.19927	0.07279	0.20339	0.06664	0.02405	0.01234	0.01399	0.00959	0.00622	0.00577	0.00178	0.00781	0.00508	0.00406	0.00872
79	0.07978	0.01545	0.01541	0.01232	0.01652	0.11231	0.00998	0.34809	0.02176	0.21954	0.07442	0.01765	0.01458	0.00744	0.00587	0.00180	0.00634	0.00566	0.00589	0.00918
80	0.06655	0.00645	0.00779	0.00804	0.00917	0.00631	0.00592	0.01080	0.01314	0.01873	0.26102	0.16887	0.07618	0.17933	0.01218	0.00298	0.00419	0.13187	0.00537	0.00512
81	0.11466	0.01444	0.01493	0.01241	0.01645	0.01636	0.00998	0.32745	0.35138	0.03080	0.01831	0.01755	0.01351	0.00746	0.00579	0.00192	0.00554	0.00579	0.00579	0.00947
82	0.40626	0.01776	0.01371	0.01390	0.09258	0.26341	0.00977	0.03410	0.06206	0.02222	0.01018	0.01161	0.00811	0.00597	0.00473	0.00176	0.00702	0.00396	0.00364	0.00726
83	0.08634	0.07541	0.01906	0.01511	0.03890	0.33787	0.07177	0.16529	0.01811	0.09919	0.01202	0.01299	0.00907	0.00629	0.00552	0.00169	0.00842	0.00463	0.00415	0.00816

[dist]
# distance from previous block
# <min> <max>
0	3

[block]
# block no. 2 follows, 38 sequences, length 68
# corresponding to MSA columns:
# 262-329
name=unknown_C
#
# <colnr> <probs for GDERKNQSTAVLIFYWHMCP>
#	G	D	E	R	K	N	Q	S	T	A	V	L	I	F	Y	W	H	M	C	P
0	0.01322	0.06130	0.20093	0.01369	0.01784	0.07336	0.11910	0.01637	0.01272	0.07899	0.01776	0.17369	0.01743	0.14426	0.01054	0.00264	0.00716	0.00816	0.00389	0.00694
1	0.01492	0.25164	0.30916	0.01593	0.02246	0.05805	0.13071	0.06081	0.04804	0.01878	0.01107	0.01282	0.00855	0.00567	0.00541	0.00172	0.00815	0.00465	0.00303	0.00842
2	0.26915	0.15059	0.19149	0.01402	0.07824	0.04230	0.01269	0.08140	0.07066	0.02270	0.01101	0.01230	0.00853	0.00589	0.00485	0.00177	0.00656	0.00419	0.00355	0.00810
3	0.00791	0.00580	0.00718	0.00805	0.00889	0.00542	0.00575	0.00918	0.01195	0.01541	0.03667	0.38726	0.18919	0.14031	0.01132	0.00295	0.00412	0.13252	0.00527	0.00484
4	0.01332	0.00978	0.01123	0.01031	0.01197	0.06836	0.00788	0.07494	0.01268	0.09870	0.01738	0.02711	0.01635	0.20432	0.29713	0.00578	0.05523	0.04728	0.00412	0.00613
5	0.01804	0.23035	0.27068	0.01350	0.01975	0.01690	0.01436	0.18597	0.01692	0.13939	0.01305	0.01352	0.00941	0.00619	0.00534	0.00171	0.00710	0.00459	0.00414	0.00910
6	0.01483	0.01445	0.02534	0.03596	0.69130	0.01437	0.07748	0.01853	0.01374	0.01962	0.01139	0.01500	0.00950	0.00534	0.00605	0.00181	0.00740	0.00550	0.00298	0.00941
7	0.00718	0.00583	0.00636	0.00679	0.00831	0.00502	0.00488	0.00855	0.01304	0.01598	0.05246	0.27973	0.53226	0.01634	0.00728	0.00216	0.00318	0.01404	0.00559	0.00502
8	0.01783	0.13671	0.20408	0.01838	0.12997	0.35914	0.01509	0.02109	0.01477	0.01646	0.00984	0.01174	0.00798	0.00580	0.00535	0.00164	0.00917	0.00414	0.00287	0.00794
9	0.01495	0.12119	0.01764	0.01315	0.01496	0.13518	0.01080	0.05112	0.01272	0.04368	0.01606	0.09432	0.07296	0.01005	0.01183	0.00214	0.34024	0.00661	0.00359	0.00682
10	0.00764	0.00556	0.00728	0.00854	0.00919	0.00519	0.00607	0.00898	0.01206	0.01582	0.03566	0.61353	0.10750	0.01818	0.00771	0.00245	0.00374	0.11435	0.00558	0.00500
11	0.09950	0.01869	0.01880	0.17439	0.25882	0.29529	0.01434	0.01985	0.01427	0.01768	0.01014	0.01309	0.00825	0.00583	0.00554	0.00175	0.00846	0.00459	0.00304	0.00769
12	0.02319	0.05349	0.01622	0.01430	0.11098	0.01119	0.01026	0.02765	0.11467	0.52038	0.02139	0.01943	0.01428	0.00715	0.00593	0.00184	0.00540	0.00591	0.00642	0.00991
13	0.01009	0.00740	0.00944	0.00976	0.01149	0.00730	0.00811	0.07122	0.01564	0.02066	0.19138	0.08247	0.13559	0.01478	0.00767	0.00238	0.00462	0.37830	0.00582	0.00587
14	0.01611	0.01273	0.01359	0.01160	0.01507	0.01403	0.00917	0.28861	0.30367	0.02779	0.02691	0.08806	0.12674	0.00976	0.00636	0.00198	0.00510	0.00802	0.00596	0.00874
15	0.01462	0.01371	0.01328	0.01320	0.07522	0.12481	0.00933	0.10756	0.25854	0.02187	0.02962	0.07213	0.20111	0.00993	0.00633	0.00194	0.00559	0.00816	0.00523	0.00783
16	0.02112	0.08064	0.01850	0.01331	0.01794	0.01853	0.01105	0.56683	0.13384	0.03403	0.01545	0.01525	0.01124	0.00719	0.00585	0.00180	0.00633	0.00544	0.00575	0.00992
17	0.00884	0.00714	0.00798	0.00759	0.00959	0.00680	0.00575	0.01320	0.12409	0.02067	0.32465	0.04749	0.36786	0.01302	0.00696	0.00198	0.00322	0.01110	0.00607	0.00598
18	0.01368	0.01414	0.02642	0.17454	0.23114	0.01508	0.28382	0.01756	0.01288	0.01789	0.01100	0.01536	0.00884	0.00616	0.00847	0.00205	0.12412	0.00600	0.00289	0.00800
19	0.01604	0.06261	0.46578	0.01662	0.06490	0.01464	0.01800	0.13965	0.01589	0.11070	0.01288	0.01391	0.00905	0.00613	0.00573	0.00185	0.00783	0.00479	0.00374	0.00926
20	0.01910	0.01872	0.01967	0.01605	0.01999	0.29447	0.17780	0.02424	0.14097	0.13711	0.01630	0.06039	0.01291	0.00721	0.00617	0.00185	0.00828	0.00625	0.00445	0.00809
21	0.00877	0.00595	0.00707	0.00739	0.00763	0.00592	0.00471	0.00928	0.00974	0.01292	0.02207	0.10553	0.02527	0.60876	0.02536	0.00509	0.00559	0.11482	0.00409	0.00403
22	0.01392	0.01741	0.11845	0.06299	0.14560	0.01483	0.49752	0.01892	0.01384	0.01911	0.01180	0.01559	0.00896	0.00524	0.00670	0.00197	0.00941	0.00642	0.00295	0.00836
23	0.01967	0.36366	0.02340	0.01321	0.01721	0.43949	0.01104	0.02139	0.01493	0.01447	0.00889	0.01032	0.00774	0.00574	0.00474	0.00143	0.00891	0.00359	0.00287	0.00730
24	0.01504	0.01061	0.01274	0.00923	0.01445	0.00816	0.00743	0.01766	0.01331	0.14986	0.01300	0.01389	0.00997	0.00498	0.00474	0.00106	0.00457	0.00400	0.00425	0.68103
25	0.01495	0.05559	0.07487	0.01150	0.01462	0.08347	0.00971	0.14065	0.09241	0.07741	0.02220	0.25408	0.02177	0.01120	0.00643	0.00204	0.00572	0.05804	0.03586	0.00746
26	0.01237	0.01145	0.01876	0.16010	0.39528	0.01225	0.01474	0.01525	0.01255	0.01749	0.01604	0.19446	0.01619	0.00902	0.00742	0.00204	0.06528	0.00809	0.00350	0.00771
27	0.01496	0.01292	0.01360	0.01224	0.01564	0.01496	0.00952	0.03197	0.74019	0.02516	0.02448	0.02244	0.01836	0.00816	0.00612	0.00204	0.00476	0.00680	0.00612	0.00952
28	0.01543	0.01315	0.01386	0.01234	0.01582	0.01518	0.00963	0.07288	0.69852	0.02591	0.02390	0.02198	0.01789	0.00811	0.00612	0.00203	0.00487	0.00672	0.00612	0.00956
29	0.00875	0.00583	0.00656	0.00656	0.00656	0.00583	0.00365	0.00875	0.00875	0.01166	0.01895	0.03937	0.02187	0.78858	0.03062	0.00583	0.00583	0.00875	0.00365	0.00365
30	0.00844	0.00615	0.00794	0.00749	0.00894	0.00564	0.00562	0.01121	0.01685	0.02370	0.71067	0.04564	0.09424	0.01246	0.00710	0.00190	0.00285	0.01098	0.00657	0.00564
31	0.01121	0.00561	0.00561	0.00561	0.00701	0.00561	0.00421	0.01402	0.01262	0.02243	0.01962	0.02243	0.01542	0.00701	0.00421	0.00140	0.00280	0.00561	0.82198	0.00561
32	0.00851	0.00615	0.00804	0.00757	0.00899	0.00568	0.00568	0.01135	0.01703	0.02412	0.74788	0.04494	0.05676	0.01230	0.00710	0.00189	0.00284	0.01088	0.00662	0.00568
33	0.01121	0.00561	0.00561	0.00561	0.00701	0.00561	0.00421	0.01402	0.01262	0.02243	0.01962	0.02243	0.01542	0.00701	0.00421	0.00140	0.00280	0.00561	0.82198	0.00561
34	0.00753	0.00642	0.00652	0.00644	0.00851	0.00557	0.00484	0.00984	0.04830	0.01695	0.08359	0.05575	0.68941	0.01480	0.00706	0.00203	0.00312	0.01235	0.00565	0.00531
35	0.01247	0.01069	0.01247	0.00891	0.01426	0.00802	0.00713	0.01515	0.01247	0.01960	0.01069	0.01247	0.00891	0.00446	0.00446	0.00089	0.00446	0.00356	0.00356	0.82536
36	0.01207	0.03112	0.75741	0.01715	0.02604	0.01397	0.02223	0.01905	0.01270	0.01905	0.01080	0.01270	0.00762	0.00572	0.00572	0.00191	0.00889	0.00445	0.00254	0.00889
37	0.00875	0.00583	0.00656	0.00656	0.00656	0.00583	0.00365	0.00875	0.00875	0.01166	0.01895	0.03937	0.02187	0.78858	0.03062	0.00583	0.00583	0.00875	0.00365	0.00365
38	0.00733	0.00524	0.00698	0.00838	0.00873	0.00489	0.00558	0.00838	0.01152	0.01536	0.03316	0.78466	0.03979	0.01885	0.00768	0.00244	0.00349	0.01710	0.00558	0.00489
39	0.02287	0.01685	0.01805	0.01384	0.01866	0.01866	0.01143	0.73100	0.02828	0.03791	0.01444	0.01444	0.01023	0.00722	0.00602	0.00181	0.00662	0.00542	0.00602	0.01023
40	0.00830	0.00599	0.00785	0.00771	0.00894	0.00554	0.00566	0.01082	0.01605	0.02256	0.62045	0.17683	0.05374	0.01347	0.00720	0.00199	0.00295	0.01199	0.00644	0.00554
41	0.00861	0.00639	0.00940	0.00940	0.01039	0.00738	0.00719	0.01057	0.00959	0.01377	0.01635	0.02497	0.01562	0.10831	0.70234	0.00934	0.01524	0.00664	0.00326	0.00522
42	0.01207	0.03112	0.75741	0.01715	0.02604	0.01397	0.02223	0.01905	0.01270	0.01905	0.01080	0.01270	0.00762	0.00572	0.00572	0.00191	0.00889	0.00445	0.00254	0.00889
43	0.01496	0.01292	0.01360	0.01224	0.01564	0.01496	0.00952	0.03197	0.74019	0.02516	0.02448	0.02244	0.01836	0.00816	0.00612	0.00204	0.00476	0.00680	0.00612	0.00952
44	0.01207	0.03112	0.75741	0.01715	0.02604	0.01397	0.02223	0.01905	0.01270	0.01905	0.01080	0.01270	0.00762	0.00572	0.00572	0.00191	0.00889	0.00445	0.00254	0.00889
45	0.01136	0.01069	0.01804	0.77412	0.04143	0.01337	0.01671	0.01537	0.01203	0.01537	0.01069	0.01604	0.00802	0.00601	0.00601	0.00200	0.00802	0.00535	0.00267	0.00668
46	0.00733	0.00524	0.00698	0.00838	0.00873	0.00489	0.00558	0.00838	0.01152	0.01536	0.03316	0.78466	0.03979	0.01885	0.00768	0.00244	0.00349	0.01710	0.00558	0.00489
47	0.00753	0.00611	0.00668	0.00654	0.00839	0.00526	0.00490	0.00946	0.01471	0.01863	0.26854	0.05398	0.53953	0.01435	0.00711	0.00199	0.00298	0.01215	0.00590	0.00526
48	0.01420	0.01623	0.03550	0.02535	0.03144	0.01521	0.72921	0.01927	0.01420	0.01927	0.01217	0.01623	0.00913	0.00507	0.00710	0.00203	0.01014	0.00710	0.00304	0.00811
49	0.01391	0.14366	0.58669	0.01558	0.02356	0.01502	0.01932	0.01975	0.01300	0.07945	0.01150	0.01289	0.00824	0.00577	0.00546	0.00181	0.00821	0.00439	0.00295	0.00883
50	0.00733	0.00524	0.00698	0.00838	0.00873	0.00489	0.00558	0.00838	0.01152	0.01536	0.03316	0.78466	0.03979	0.01885	0.00768	0.00244	0.00349	0.01710	0.00558	0.00489
51	0.02155	0.01101	0.01350	0.01117	0.01515	0.01095	0.00894	0.02932	0.28803	0.44638	0.02446	0.05747	0.01737	0.00826	0.00615	0.00196	0.00491	0.00686	0.00686	0.00972
52	0.01426	0.01365	0.02328	0.16889	0.62402	0.01413	0.01815	0.01791	0.01340	0.01889	0.01120	0.01509	0.00926	0.00548	0.00597	0.00183	0.00730	0.00536	0.00292	0.00902
53	0.05518	0.01632	0.08677	0.02618	0.29722	0.01530	0.23512	0.09038	0.01469	0.02125	0.01142	0.01467	0.00903	0.00594	0.00736	0.00195	0.07352	0.00571	0.00328	0.00871
54	0.01838	0.02182	0.13519	0.03855	0.14403	0.28316	0.01395	0.16470	0.01757	0.02161	0.01182	0.01366	0.00918	0.00625	0.00560	0.00170	0.00831	0.00471	0.07157	0.00825
55	0.00711	0.00609	0.00609	0.00609	0.00813	0.00508	0.00457	0.00863	0.01371	0.01625	0.06094	0.05789	0.74862	0.01524	0.00711	0.00203	0.00305	0.01270	0.00559	0.00508
56	0.01916	0.44050	0.02541	0.01190	0.01690	0.02147	0.01081	0.34143	0.01951	0.02493	0.01112	0.01182	0.00886	0.00609	0.00484	0.00152	0.00652	0.00421	0.00414	0.00886
