[name]
unknown

[dist]
# distance from previous block
# <min> <max>
0	156

[block]
# block no. 0 follows, 35 sequences, length 26
# corresponding to MSA columns:
# 384-394,429-443
name=unknown_A
#
# <colnr> <probs for GDERKNQSTAVLIFYWHMCP>
#	G	D	E	R	K	N	Q	S	T	A	V	L	I	F	Y	W	H	M	C	P
0	0.05062	0.00956	0.00979	0.00935	0.01145	0.07787	0.00696	0.01355	0.01409	0.04834	0.14774	0.21507	0.11559	0.06253	0.04945	0.00275	0.00549	0.04421	0.00529	0.10032
1	0.01572	0.01601	0.01530	0.01451	0.09785	0.19594	0.01001	0.01910	0.04960	0.02024	0.09834	0.01763	0.01570	0.00645	0.00555	0.00141	0.00653	0.00515	0.00408	0.38489
2	0.01089	0.00889	0.01336	0.08251	0.20046	0.00904	0.01038	0.01286	0.01226	0.01660	0.02254	0.22001	0.02478	0.22838	0.01438	0.00341	0.00605	0.09259	0.00433	0.00630
3	0.01442	0.01270	0.01981	0.18538	0.35005	0.01354	0.01580	0.02013	0.11748	0.04405	0.01849	0.02544	0.03729	0.00805	0.00666	0.00211	0.00696	0.08875	0.00412	0.00877
4	0.01476	0.01363	0.02117	0.02992	0.50025	0.01403	0.01588	0.02116	0.16214	0.02139	0.01758	0.10813	0.01581	0.00797	0.00653	0.00202	0.00655	0.00745	0.00416	0.00946
5	0.01087	0.00811	0.01126	0.01072	0.01233	0.00934	0.00842	0.09585	0.01255	0.01775	0.01678	0.02376	0.01525	0.04279	0.66253	0.00920	0.01579	0.00667	0.00375	0.00628
6	0.09673	0.00907	0.01091	0.00906	0.01257	0.00835	0.00728	0.02234	0.01599	0.38325	0.08104	0.02763	0.10454	0.00894	0.00596	0.00189	0.00440	0.00723	0.17445	0.00839
7	0.00816	0.00622	0.00761	0.00855	0.00979	0.00567	0.00640	0.00983	0.01350	0.01712	0.04540	0.36658	0.29440	0.01799	0.00802	0.00249	0.00396	0.15706	0.00588	0.00537
8	0.01701	0.00865	0.01019	0.00870	0.01142	0.00840	0.00681	0.09840	0.01701	0.21372	0.13595	0.02684	0.02284	0.04617	0.00702	0.00197	0.00422	0.00707	0.33996	0.00766
9	0.00847	0.00622	0.00713	0.00721	0.00820	0.00576	0.00481	0.00969	0.01289	0.01683	0.17655	0.13629	0.24854	0.30422	0.01696	0.00368	0.00434	0.01199	0.00533	0.00488
10	0.72623	0.01293	0.01049	0.00909	0.01316	0.01488	0.00749	0.10229	0.01308	0.02984	0.00960	0.01090	0.00734	0.00610	0.00422	0.00196	0.00516	0.00371	0.00422	0.00734
11	0.00906	0.00680	0.01020	0.01020	0.01133	0.00793	0.00793	0.01133	0.01020	0.01473	0.01699	0.02492	0.01586	0.04758	0.75191	0.01020	0.01699	0.00680	0.00340	0.00566
12	0.01097	0.13948	0.01268	0.00894	0.01133	0.07438	0.00713	0.01290	0.01484	0.01815	0.17119	0.14788	0.28743	0.01346	0.00691	0.00204	0.00469	0.04417	0.00533	0.00612
13	0.82186	0.01227	0.00932	0.00834	0.01227	0.01423	0.00687	0.01865	0.01080	0.02846	0.00883	0.01031	0.00687	0.00589	0.00393	0.00196	0.00491	0.00344	0.00393	0.00687
14	0.02003	0.01574	0.01674	0.01377	0.01812	0.01776	0.01107	0.38171	0.37110	0.03339	0.02042	0.01937	0.01499	0.00810	0.00640	0.00203	0.00602	0.00643	0.00640	0.01042
15	0.05085	0.11044	0.02150	0.27570	0.02839	0.25262	0.08241	0.02102	0.01495	0.06808	0.01153	0.01442	0.00889	0.00629	0.00589	0.00185	0.00907	0.00501	0.00339	0.00768
16	0.00906	0.00680	0.01020	0.01020	0.01133	0.00793	0.00793	0.01133	0.01020	0.01473	0.01699	0.02492	0.01586	0.04758	0.75191	0.01020	0.01699	0.00680	0.00340	0.00566
17	0.01333	0.01308	0.01859	0.06559	0.01798	0.01807	0.01361	0.01498	0.00995	0.01528	0.00928	0.01505	0.00900	0.01399	0.08402	0.00338	0.64946	0.00567	0.00283	0.00683
18	0.82186	0.01227	0.00932	0.00834	0.01227	0.01423	0.00687	0.01865	0.01080	0.02846	0.00883	0.01031	0.00687	0.00589	0.00393	0.00196	0.00491	0.00344	0.00393	0.00687
19	0.01053	0.00644	0.00781	0.00819	0.00933	0.00660	0.00630	0.01282	0.01243	0.01905	0.02335	0.03952	0.02269	0.16127	0.11571	0.00396	0.00627	0.18368	0.33857	0.00547
20	0.01497	0.01711	0.03743	0.02674	0.03316	0.01604	0.71444	0.02032	0.01497	0.02032	0.01283	0.01711	0.00963	0.00535	0.00749	0.00214	0.01070	0.00749	0.00321	0.00856
21	0.34578	0.01048	0.01128	0.01338	0.14812	0.01087	0.00844	0.01501	0.01294	0.02250	0.03144	0.03148	0.29662	0.00989	0.00579	0.00202	0.00473	0.00781	0.00456	0.00687
22	0.01497	0.01711	0.03743	0.02674	0.03316	0.01604	0.71444	0.02032	0.01497	0.02032	0.01283	0.01711	0.00963	0.00535	0.00749	0.00214	0.01070	0.00749	0.00321	0.00856
23	0.31866	0.01145	0.01210	0.10002	0.01684	0.01276	0.00916	0.15121	0.01625	0.02699	0.11789	0.05586	0.05473	0.00926	0.00591	0.00208	0.00541	0.06109	0.00502	0.00730
24	0.07117	0.11160	0.19470	0.11192	0.24965	0.08034	0.01707	0.01946	0.01379	0.01941	0.01092	0.01376	0.00873	0.00584	0.00567	0.00182	0.00802	0.00477	0.00304	0.04835
25	0.05626	0.17109	0.16269	0.01290	0.01780	0.11445	0.01240	0.02135	0.07660	0.10540	0.03850	0.01697	0.01282	0.01243	0.11024	0.00294	0.00875	0.00520	0.00406	0.03715

[dist]
# distance from previous block
# <min> <max>
0	7

[block]
# block no. 1 follows, 35 sequences, length 19
# corresponding to MSA columns:
# 582-600
name=unknown_B
#
# <colnr> <probs for GDERKNQSTAVLIFYWHMCP>
#	G	D	E	R	K	N	Q	S	T	A	V	L	I	F	Y	W	H	M	C	P
0	0.01049	0.00678	0.00816	0.00801	0.00958	0.00656	0.00598	0.02831	0.01472	0.05444	0.20129	0.18211	0.15811	0.01541	0.05549	0.00256	0.01972	0.01100	0.19525	0.00602
1	0.01450	0.15786	0.14353	0.07820	0.12127	0.01379	0.01428	0.01820	0.01410	0.07782	0.01820	0.03008	0.01693	0.00912	0.00642	0.00206	0.00697	0.19476	0.00412	0.05778
2	0.01578	0.01363	0.01434	0.01291	0.01650	0.01578	0.01004	0.03371	0.72602	0.02654	0.02582	0.02367	0.01937	0.00861	0.00646	0.00215	0.00502	0.00717	0.00646	0.01004
3	0.00812	0.00645	0.00729	0.00708	0.00895	0.00562	0.00531	0.01031	0.01593	0.02063	0.34576	0.05531	0.45123	0.01476	0.00749	0.00208	0.00312	0.01258	0.00635	0.00562
4	0.01272	0.03281	0.74418	0.01808	0.02746	0.01473	0.02344	0.02009	0.01339	0.02009	0.01138	0.01339	0.00804	0.00603	0.00603	0.00201	0.00938	0.00469	0.00268	0.00938
5	0.32767	0.01961	0.01436	0.01246	0.01638	0.30092	0.00980	0.09199	0.01645	0.11871	0.01198	0.01272	0.00893	0.00657	0.00519	0.00183	0.00772	0.00430	0.00443	0.00796
6	0.01421	0.02077	0.32872	0.11583	0.09539	0.01365	0.01719	0.02194	0.14048	0.06561	0.04861	0.01854	0.01361	0.00700	0.00617	0.00200	0.00741	0.00583	0.04805	0.00900
7	0.00837	0.00632	0.00785	0.00864	0.00994	0.00580	0.00656	0.01025	0.01407	0.01815	0.12069	0.30933	0.25994	0.01738	0.00799	0.00246	0.00395	0.17086	0.00600	0.00547
8	0.01177	0.02780	0.60673	0.01617	0.02400	0.01296	0.02008	0.01801	0.01334	0.01944	0.01805	0.10000	0.06791	0.00831	0.00637	0.00208	0.00828	0.00682	0.00328	0.00860
9	0.01672	0.20408	0.09390	0.30475	0.02874	0.13974	0.01492	0.04797	0.01472	0.06175	0.01145	0.01423	0.00883	0.00627	0.00566	0.00182	0.00839	0.00479	0.00331	0.00798
10	0.01923	0.01031	0.01206	0.01027	0.01379	0.01035	0.00815	0.02669	0.24301	0.30237	0.02704	0.02546	0.06692	0.00856	0.00605	0.00193	0.00458	0.00702	0.18716	0.00909
11	0.00773	0.00552	0.00736	0.00883	0.00920	0.00515	0.00589	0.00883	0.01215	0.01619	0.03497	0.77291	0.04196	0.01987	0.00810	0.00258	0.00368	0.01803	0.00589	0.00515
12	0.00951	0.00944	0.06953	0.01043	0.04853	0.00765	0.00785	0.01300	0.07445	0.01878	0.13635	0.20738	0.24692	0.09919	0.01012	0.00264	0.00450	0.01205	0.00546	0.00620
13	0.01647	0.01531	0.05242	0.08678	0.52315	0.01498	0.01781	0.05908	0.07030	0.06117	0.01383	0.01661	0.01092	0.00617	0.00630	0.00193	0.00734	0.00577	0.00379	0.00988
14	0.01250	0.00856	0.00987	0.00927	0.01176	0.00824	0.00725	0.08405	0.07129	0.09984	0.08600	0.14515	0.31722	0.01424	0.00740	0.00224	0.00431	0.08764	0.00626	0.00692
15	0.32795	0.11827	0.01699	0.01316	0.03775	0.28044	0.01028	0.06278	0.01485	0.02201	0.00964	0.01129	0.00789	0.00637	0.00548	0.00179	0.03797	0.00395	0.00361	0.00754
16	0.08932	0.01001	0.01308	0.01099	0.01496	0.00914	0.00911	0.02554	0.01660	0.51445	0.02576	0.06854	0.02011	0.01007	0.00670	0.00217	0.00535	0.13175	0.00706	0.00928
17	0.00836	0.00634	0.00729	0.00720	0.00860	0.00572	0.00509	0.01010	0.01450	0.01899	0.28458	0.09518	0.32159	0.16412	0.01238	0.00290	0.00374	0.01219	0.00587	0.00526
18	0.08063	0.03863	0.01717	0.05974	0.19766	0.08520	0.01214	0.05950	0.01432	0.02011	0.08601	0.02247	0.04904	0.07811	0.05112	0.00283	0.10731	0.00654	0.00392	0.00753

[dist]
# distance from previous block
# <min> <max>
1	16

[block]
# block no. 2 follows, 35 sequences, length 36
# corresponding to MSA columns:
# 617-652
name=unknown_C
#
# <colnr> <probs for GDERKNQSTAVLIFYWHMCP>
#	G	D	E	R	K	N	Q	S	T	A	V	L	I	F	Y	W	H	M	C	P
0	0.13828	0.01306	0.01430	0.18361	0.07613	0.09878	0.01106	0.08784	0.02943	0.02116	0.01585	0.06421	0.02891	0.05658	0.02346	0.03591	0.00700	0.01928	0.06807	0.00707
1	0.12798	0.01842	0.01586	0.09981	0.03570	0.25530	0.01112	0.16059	0.01782	0.09316	0.01352	0.01687	0.01087	0.08637	0.00850	0.00229	0.00810	0.00529	0.00443	0.00798
2	0.01301	0.01173	0.01711	0.02304	0.33067	0.03750	0.01297	0.01608	0.04251	0.01832	0.01968	0.14593	0.02043	0.12056	0.01145	0.00279	0.05144	0.09305	0.00413	0.00759
3	0.09396	0.16646	0.01580	0.01112	0.01399	0.15059	0.00884	0.01751	0.06908	0.01807	0.01945	0.23774	0.02030	0.01304	0.05022	0.00244	0.00689	0.03243	0.00436	0.04771
4	0.10251	0.01029	0.01252	0.01317	0.09423	0.01158	0.00853	0.05667	0.08422	0.01864	0.01655	0.02747	0.01649	0.34805	0.05692	0.00433	0.10023	0.00718	0.00403	0.00641
5	0.02005	0.02259	0.02160	0.02661	0.34886	0.37334	0.01555	0.06084	0.01701	0.01926	0.01108	0.01360	0.00918	0.00619	0.00601	0.00176	0.00940	0.00489	0.00338	0.00878
6	0.00832	0.00606	0.00729	0.00779	0.00850	0.00581	0.00516	0.00927	0.01146	0.01493	0.03442	0.29589	0.18266	0.27998	0.08962	0.00445	0.00574	0.01292	0.00495	0.00480
7	0.01456	0.01329	0.02026	0.01792	0.10101	0.08627	0.25137	0.01830	0.01448	0.02134	0.01588	0.01925	0.01244	0.00640	0.00583	0.00177	0.00701	0.00624	0.35893	0.00744
8	0.00980	0.00711	0.01153	0.01115	0.01227	0.00681	0.09033	0.01057	0.01172	0.01560	0.02558	0.38939	0.02894	0.01846	0.01270	0.22634	0.00528	0.09674	0.00470	0.00498
9	0.02327	0.01735	0.01856	0.01442	0.01935	0.01928	0.01185	0.64691	0.10062	0.03861	0.01631	0.01609	0.01166	0.00772	0.00636	0.00193	0.00678	0.00586	0.00636	0.01071
10	0.01304	0.01236	0.02094	0.55577	0.24144	0.01437	0.01815	0.01714	0.01319	0.01750	0.01146	0.01657	0.00891	0.00615	0.00632	0.00205	0.00819	0.00564	0.00291	0.00790
11	0.01947	0.01296	0.01463	0.01173	0.01552	0.01368	0.00949	0.39129	0.02397	0.11281	0.21466	0.02545	0.02527	0.00910	0.00651	0.00190	0.00539	0.00739	0.06970	0.00909
12	0.24565	0.01319	0.01447	0.01142	0.01611	0.01362	0.00943	0.22290	0.01946	0.34541	0.01778	0.01667	0.01187	0.00724	0.00569	0.00195	0.00571	0.00538	0.00634	0.00971
13	0.01198	0.01128	0.01903	0.76180	0.04369	0.01409	0.01762	0.01621	0.01268	0.01621	0.01128	0.01691	0.00846	0.00634	0.00634	0.00211	0.00846	0.00564	0.00282	0.00705
14	0.01578	0.01363	0.01434	0.01291	0.01650	0.01578	0.01004	0.03371	0.72602	0.02654	0.02582	0.02367	0.01937	0.00861	0.00646	0.00215	0.00502	0.00717	0.00646	0.01004
15	0.01696	0.78087	0.03324	0.01085	0.01628	0.02510	0.01085	0.01900	0.01289	0.01493	0.00882	0.01018	0.00814	0.00543	0.00407	0.00136	0.00678	0.00339	0.00271	0.00814
16	0.01362	0.01311	0.02122	0.02787	0.42019	0.04334	0.08698	0.01668	0.01397	0.01913	0.01871	0.23839	0.01931	0.00984	0.00692	0.00210	0.00689	0.00942	0.00396	0.00834
17	0.82186	0.01227	0.00932	0.00834	0.01227	0.01423	0.00687	0.01865	0.01080	0.02846	0.00883	0.01031	0.00687	0.00589	0.00393	0.00196	0.00491	0.00344	0.00393	0.00687
18	0.00898	0.00648	0.00848	0.00798	0.00948	0.00599	0.00599	0.01197	0.01796	0.02544	0.73413	0.04739	0.05986	0.01297	0.00748	0.00200	0.00299	0.01147	0.00698	0.00599
19	0.01388	0.01388	0.01943	0.01666	0.01666	0.01943	0.01388	0.01527	0.00972	0.01527	0.00833	0.01388	0.00833	0.01110	0.02082	0.00278	0.76544	0.00555	0.00278	0.00694
20	0.02752	0.01230	0.01565	0.01200	0.01695	0.01156	0.00991	0.17901	0.02068	0.59021	0.02291	0.02022	0.01464	0.00780	0.00637	0.00195	0.00574	0.00624	0.00753	0.01079
21	0.05521	0.00762	0.00986	0.00935	0.01147	0.00702	0.00697	0.01649	0.01510	0.23198	0.18179	0.35693	0.03634	0.01414	0.00725	0.00224	0.00410	0.01246	0.00660	0.00708
22	0.01063	0.00623	0.00746	0.00746	0.00867	0.00662	0.00555	0.01305	0.01184	0.01948	0.01938	0.02592	0.01683	0.10043	0.25872	0.00489	0.00801	0.00655	0.45668	0.00562
23	0.01867	0.02156	0.02194	0.01793	0.02210	0.33890	0.20470	0.02523	0.18690	0.01956	0.01694	0.01817	0.04400	0.00714	0.00646	0.00192	0.00932	0.00618	0.00413	0.00824
24	0.00858	0.00647	0.00844	0.00838	0.00979	0.00633	0.00629	0.01089	0.01445	0.01977	0.32340	0.11538	0.18394	0.02415	0.21973	0.00442	0.00710	0.01118	0.00563	0.00568
25	0.00868	0.00625	0.00728	0.00726	0.00814	0.00586	0.00480	0.00993	0.01294	0.01722	0.22692	0.10435	0.18191	0.35010	0.01844	0.00390	0.00448	0.01139	0.00529	0.00485
26	0.20428	0.01092	0.01162	0.00995	0.01309	0.01163	0.00791	0.16797	0.06079	0.06554	0.33093	0.02904	0.03220	0.00964	0.00629	0.00198	0.00455	0.00783	0.00614	0.00771
27	0.24094	0.00814	0.00886	0.00858	0.01024	0.00915	0.00638	0.01308	0.01030	0.01855	0.01565	0.02491	0.01516	0.21917	0.31110	0.00630	0.00995	0.00641	0.05157	0.00556
28	0.01610	0.01806	0.02087	0.43528	0.03471	0.25114	0.09852	0.01963	0.01466	0.01648	0.01099	0.01518	0.00850	0.00629	0.00628	0.00196	0.00968	0.00536	0.00301	0.00732
29	0.09354	0.00740	0.00832	0.00780	0.00958	0.00707	0.00559	0.01322	0.01365	0.10158	0.18760	0.08496	0.18571	0.23054	0.01410	0.00324	0.00445	0.01024	0.00557	0.00583
30	0.01931	0.22342	0.14052	0.01749	0.10213	0.24017	0.01449	0.13335	0.01741	0.02064	0.01092	0.01252	0.00878	0.00624	0.00550	0.00169	0.00872	0.00444	0.00351	0.00875
31	0.00768	0.00598	0.00698	0.00768	0.00892	0.00528	0.00540	0.00910	0.01348	0.01705	0.08002	0.41100	0.36324	0.01780	0.00779	0.00235	0.00343	0.01559	0.00594	0.00528
32	0.08208	0.18352	0.06639	0.04895	0.14453	0.12853	0.01333	0.14968	0.04632	0.02288	0.01178	0.01346	0.00940	0.00625	0.00546	0.00172	0.00756	0.00467	0.00385	0.04965
33	0.01067	0.00871	0.04592	0.00875	0.01078	0.00795	0.00727	0.01335	0.01394	0.02102	0.15357	0.06560	0.15202	0.01105	0.00777	0.00193	0.08844	0.03682	0.28042	0.05405
34	0.10965	0.01474	0.10138	0.01129	0.01462	0.09549	0.00975	0.08855	0.08848	0.02286	0.06377	0.18785	0.06589	0.01071	0.00629	0.00205	0.00575	0.00883	0.08470	0.00734
35	0.07840	0.21473	0.17627	0.01438	0.01984	0.09403	0.07018	0.10973	0.01573	0.05073	0.01287	0.04344	0.01072	0.02337	0.03758	0.00224	0.00826	0.00532	0.00375	0.00841

[dist]
# distance from previous block
# <min> <max>
0	120

[block]
# block no. 3 follows, 35 sequences, length 18
# corresponding to MSA columns:
# 949-966
name=unknown_D
#
# <colnr> <probs for GDERKNQSTAVLIFYWHMCP>
#	G	D	E	R	K	N	Q	S	T	A	V	L	I	F	Y	W	H	M	C	P
0	0.08507	0.09950	0.30797	0.01484	0.06871	0.01312	0.01472	0.02933	0.01402	0.05518	0.08773	0.11832	0.04806	0.00895	0.00615	0.00200	0.00672	0.00738	0.00411	0.00811
1	0.03589	0.12074	0.31998	0.01544	0.06456	0.01357	0.04717	0.01726	0.01335	0.01914	0.01834	0.08541	0.08262	0.00793	0.00595	0.00184	0.00713	0.00659	0.00351	0.11357
2	0.05441	0.04802	0.21682	0.31544	0.08492	0.01446	0.07975	0.01854	0.01354	0.04831	0.03864	0.01661	0.01067	0.00637	0.00619	0.00202	0.00826	0.00559	0.00325	0.00818
3	0.04185	0.01264	0.08715	0.17158	0.20297	0.01130	0.01363	0.01580	0.03464	0.01946	0.07709	0.17615	0.05683	0.00992	0.00665	0.00208	0.00624	0.00884	0.00419	0.04098
4	0.01602	0.01801	0.17389	0.03580	0.20160	0.01491	0.01540	0.19159	0.11377	0.02543	0.01751	0.11554	0.01521	0.00850	0.00651	0.00205	0.00697	0.00729	0.00463	0.00938
5	0.01356	0.01314	0.01983	0.15252	0.42049	0.04632	0.01547	0.01681	0.01431	0.01890	0.02372	0.02610	0.17581	0.00820	0.00654	0.00197	0.00688	0.00735	0.00372	0.00834
6	0.01229	0.02769	0.57827	0.01772	0.02562	0.01360	0.08883	0.01864	0.01338	0.01960	0.01462	0.11341	0.01264	0.00778	0.00644	0.00210	0.00876	0.00671	0.00315	0.00874
7	0.01553	0.18640	0.24499	0.03234	0.11587	0.08790	0.05104	0.01957	0.01404	0.05254	0.01356	0.08102	0.01186	0.00713	0.00583	0.00183	0.00794	0.00587	0.00341	0.04132
8	0.01493	0.08105	0.04150	0.02204	0.29614	0.01382	0.01345	0.08221	0.01452	0.04865	0.01493	0.04960	0.01323	0.04320	0.14585	0.00359	0.04194	0.00632	0.04464	0.00837
9	0.00866	0.00604	0.00696	0.00729	0.00766	0.00582	0.00444	0.00912	0.01058	0.01382	0.02922	0.21113	0.12078	0.50426	0.02351	0.00481	0.00520	0.01178	0.00458	0.00434
10	0.00914	0.00741	0.00973	0.03286	0.08284	0.00686	0.00726	0.01166	0.01589	0.02125	0.36481	0.08746	0.29221	0.01352	0.00737	0.00207	0.00372	0.01175	0.00603	0.00615
11	0.05227	0.01537	0.02188	0.11673	0.22952	0.08925	0.12543	0.08224	0.01599	0.07875	0.01648	0.05257	0.04622	0.00739	0.00674	0.00200	0.02177	0.00668	0.00407	0.00864
12	0.01182	0.01060	0.01718	0.17984	0.23521	0.01108	0.04672	0.01545	0.04306	0.01886	0.06885	0.24334	0.03805	0.01100	0.00704	0.00219	0.00623	0.02167	0.00438	0.00745
13	0.00781	0.00555	0.00734	0.00873	0.00908	0.00521	0.00578	0.00885	0.01199	0.01599	0.03417	0.73429	0.04096	0.05986	0.00937	0.00277	0.00381	0.01757	0.00578	0.00508
14	0.02266	0.02855	0.01807	0.08267	0.02175	0.68597	0.01273	0.02452	0.01751	0.01559	0.00994	0.01193	0.00820	0.00652	0.00578	0.00168	0.01117	0.00422	0.00323	0.00733
15	0.01615	0.08563	0.18959	0.01670	0.08245	0.02691	0.07612	0.09839	0.05188	0.11009	0.01877	0.16438	0.01685	0.00914	0.00651	0.00205	0.00704	0.00796	0.00465	0.00875
16	0.01293	0.01317	0.07816	0.01256	0.01447	0.07119	0.01064	0.01512	0.01338	0.06530	0.12075	0.18361	0.09414	0.01266	0.01151	0.00235	0.24697	0.00963	0.00468	0.00678
17	0.00780	0.00555	0.00734	0.00874	0.00909	0.00520	0.00579	0.00885	0.01201	0.01601	0.03425	0.73814	0.04106	0.05587	0.00925	0.00275	0.00380	0.01762	0.00579	0.00509

[dist]
# distance from previous block
# <min> <max>
0	1

[block]
# block no. 4 follows, 35 sequences, length 47
# corresponding to MSA columns:
# 968-1014
name=unknown_E
#
# <colnr> <probs for GDERKNQSTAVLIFYWHMCP>
#	G	D	E	R	K	N	Q	S	T	A	V	L	I	F	Y	W	H	M	C	P
0	0.01353	0.01143	0.01320	0.00964	0.01497	0.00908	0.00765	0.04282	0.04159	0.02133	0.01231	0.01467	0.01034	0.03297	0.00583	0.00121	0.00485	0.00416	0.00396	0.72445
1	0.05255	0.08941	0.16434	0.01449	0.01965	0.12511	0.07697	0.06193	0.09624	0.12932	0.01579	0.01700	0.01177	0.02450	0.00644	0.00196	0.00756	0.00548	0.07077	0.00873
2	0.01671	0.62388	0.03066	0.01422	0.09791	0.02311	0.01176	0.02040	0.07843	0.01665	0.01073	0.01204	0.00939	0.00574	0.00454	0.00149	0.00671	0.00399	0.00310	0.00853
3	0.00772	0.00639	0.00649	0.00649	0.00836	0.00546	0.00470	0.00912	0.01379	0.01652	0.05861	0.05856	0.64399	0.11326	0.01066	0.00265	0.00359	0.01286	0.00563	0.00516
4	0.01266	0.01167	0.01939	0.41547	0.24990	0.01309	0.01641	0.01654	0.01397	0.01888	0.10467	0.02258	0.01661	0.00742	0.00656	0.00206	0.00738	0.03341	0.00357	0.00778
5	0.01058	0.00597	0.00644	0.00657	0.00797	0.00577	0.00483	0.01318	0.01379	0.02230	0.10725	0.12546	0.09035	0.01041	0.00553	0.00174	0.00308	0.00878	0.54424	0.00577
6	0.00920	0.00623	0.00734	0.00734	0.00748	0.00638	0.00437	0.00949	0.00935	0.01261	0.01961	0.03940	0.02214	0.68388	0.12420	0.00667	0.00754	0.00892	0.00379	0.00408
7	0.03227	0.32332	0.06520	0.02100	0.19261	0.03550	0.13725	0.02088	0.07909	0.01887	0.01198	0.01415	0.00986	0.00582	0.00555	0.00174	0.00769	0.00508	0.00328	0.00886
8	0.00820	0.00646	0.00746	0.00763	0.00937	0.00572	0.00582	0.01027	0.01516	0.01938	0.22979	0.12398	0.42029	0.01579	0.00769	0.00223	0.00349	0.08955	0.00617	0.00555
9	0.01010	0.00857	0.01324	0.10698	0.01652	0.00936	0.07489	0.01234	0.01199	0.01633	0.08338	0.09788	0.08710	0.15703	0.20560	0.00501	0.06467	0.00907	0.00410	0.00584
10	0.01306	0.01238	0.02098	0.55151	0.24553	0.01438	0.01816	0.01716	0.01320	0.01752	0.01147	0.01656	0.00892	0.00614	0.00632	0.00205	0.00819	0.00564	0.00291	0.00792
11	0.00898	0.00648	0.00848	0.00798	0.00948	0.00599	0.00599	0.01197	0.01796	0.02544	0.73413	0.04739	0.05986	0.01297	0.00748	0.00200	0.00299	0.01147	0.00698	0.00599
12	0.01621	0.01371	0.01462	0.01262	0.01660	0.01520	0.00990	0.09402	0.57116	0.02702	0.02299	0.02155	0.01731	0.00802	0.00622	0.00197	0.00516	0.00660	0.00610	0.11302
13	0.01622	0.01650	0.02386	0.13291	0.55284	0.10901	0.01830	0.01978	0.01466	0.01946	0.01157	0.01532	0.00960	0.00586	0.00622	0.00188	0.00816	0.00545	0.00311	0.00930
14	0.23852	0.01875	0.01854	0.01481	0.01938	0.16765	0.10040	0.29729	0.02036	0.02935	0.01208	0.01336	0.00904	0.00664	0.00571	0.00189	0.00781	0.00499	0.00466	0.00874
15	0.00920	0.00623	0.00734	0.00734	0.00748	0.00638	0.00437	0.00949	0.00935	0.01261	0.01961	0.03940	0.02214	0.68388	0.12420	0.00667	0.00754	0.00892	0.00379	0.00408
16	0.01627	0.67703	0.02958	0.01019	0.01509	0.02253	0.00999	0.01843	0.01295	0.01609	0.01041	0.01198	0.00923	0.00569	0.00412	0.00137	0.00627	0.00373	0.11118	0.00784
17	0.02846	0.01080	0.01472	0.01129	0.01619	0.00932	0.00932	0.03092	0.01816	0.74187	0.02503	0.02159	0.01570	0.00785	0.00638	0.00196	0.00540	0.00638	0.00785	0.01080
18	0.01198	0.01128	0.01903	0.76180	0.04369	0.01409	0.01762	0.01621	0.01268	0.01621	0.01128	0.01691	0.00846	0.00634	0.00634	0.00211	0.00846	0.00564	0.00282	0.00705
19	0.01546	0.01339	0.01877	0.02391	0.34016	0.01397	0.01370	0.13300	0.14963	0.02409	0.02182	0.11713	0.06888	0.00910	0.00664	0.00204	0.00617	0.00809	0.00483	0.00920
20	0.01161	0.16642	0.01695	0.01145	0.01373	0.01144	0.09758	0.01343	0.01213	0.01565	0.02112	0.10967	0.02297	0.28611	0.01601	0.00363	0.00655	0.15351	0.00415	0.00588
21	0.01183	0.00591	0.00591	0.00591	0.00739	0.00591	0.00443	0.01478	0.01330	0.02365	0.02069	0.02365	0.01626	0.00739	0.00443	0.00148	0.00296	0.00591	0.81227	0.00591
22	0.02129	0.01563	0.01695	0.01348	0.01771	0.01715	0.01087	0.59113	0.02655	0.03558	0.01799	0.11330	0.01537	0.04709	0.00785	0.00220	0.00652	0.00746	0.00616	0.00973
23	0.01173	0.01011	0.01575	0.29734	0.18715	0.01116	0.01257	0.01418	0.01171	0.01569	0.01489	0.02641	0.01462	0.31225	0.01663	0.00366	0.00733	0.00707	0.00330	0.00646
24	0.01198	0.01128	0.01903	0.76180	0.04369	0.01409	0.01762	0.01621	0.01268	0.01621	0.01128	0.01691	0.00846	0.00634	0.00634	0.00211	0.00846	0.00564	0.00282	0.00705
25	0.01176	0.01114	0.02059	0.05101	0.11810	0.01079	0.24409	0.01484	0.01341	0.01812	0.02210	0.26200	0.02338	0.07447	0.00962	0.00264	0.00714	0.07349	0.00432	0.00699
26	0.00906	0.00680	0.01020	0.01020	0.01133	0.00793	0.00793	0.01133	0.01020	0.01473	0.01699	0.02492	0.01586	0.04758	0.75191	0.01020	0.01699	0.00680	0.00340	0.00566
27	0.01272	0.03281	0.74418	0.01808	0.02746	0.01473	0.02344	0.02009	0.01339	0.02009	0.01138	0.01339	0.00804	0.00603	0.00603	0.00201	0.00938	0.00469	0.00268	0.00938
28	0.00906	0.00680	0.01020	0.01020	0.01133	0.00793	0.00793	0.01133	0.01020	0.01473	0.01699	0.02492	0.01586	0.04758	0.75191	0.01020	0.01699	0.00680	0.00340	0.00566
29	0.00838	0.00587	0.00715	0.00788	0.00889	0.00540	0.00551	0.01007	0.01352	0.01857	0.13247	0.44281	0.17462	0.01662	0.00743	0.00227	0.00341	0.01471	0.10903	0.00540
30	0.00899	0.00635	0.00758	0.00805	0.00872	0.00615	0.00554	0.00996	0.01146	0.01486	0.03118	0.13963	0.13387	0.41623	0.02084	0.00446	0.00535	0.15134	0.00481	0.00464
31	0.01315	0.01128	0.01315	0.00940	0.01503	0.00846	0.00752	0.01597	0.01315	0.02067	0.01128	0.01315	0.00940	0.00470	0.00470	0.00094	0.00470	0.00376	0.00376	0.81583
32	0.01347	0.01785	0.26682	0.01302	0.01800	0.01172	0.01344	0.10709	0.07655	0.05203	0.21141	0.06457	0.05734	0.00997	0.00679	0.00207	0.00616	0.03826	0.00524	0.00823
33	0.01143	0.00849	0.01184	0.01173	0.04196	0.00984	0.00849	0.06050	0.01128	0.01604	0.01488	0.02328	0.01425	0.11551	0.34765	0.15330	0.10791	0.00654	0.01944	0.00564
34	0.00853	0.00622	0.00802	0.00810	0.00934	0.00571	0.00587	0.01090	0.01610	0.02229	0.49281	0.24811	0.10416	0.01510	0.00765	0.00217	0.00320	0.01342	0.00660	0.00571
35	0.00773	0.00552	0.00736	0.00883	0.00920	0.00515	0.00589	0.00883	0.01215	0.01619	0.03497	0.77291	0.04196	0.01987	0.00810	0.00258	0.00368	0.01803	0.00589	0.00515
36	0.01800	0.01466	0.01798	0.17917	0.10449	0.04795	0.01321	0.33555	0.02071	0.02766	0.01494	0.04850	0.01205	0.01124	0.07466	0.00271	0.00820	0.00624	0.03323	0.00886
37	0.01315	0.01855	0.24491	0.07657	0.12487	0.01261	0.01551	0.01751	0.01298	0.01946	0.01146	0.01451	0.00922	0.00789	0.04216	0.00208	0.06372	0.00475	0.00317	0.28493
38	0.01050	0.00806	0.01164	0.14330	0.08391	0.00826	0.00911	0.01378	0.01610	0.02314	0.44766	0.03600	0.04054	0.01040	0.00678	0.00194	0.00438	0.00919	0.10874	0.00655
39	0.01465	0.04786	0.04926	0.01652	0.09549	0.09545	0.11507	0.04466	0.03879	0.05747	0.12131	0.02439	0.01985	0.08724	0.14016	0.00377	0.00914	0.00710	0.00429	0.00752
40	0.00900	0.00761	0.03453	0.00938	0.04027	0.00648	0.00676	0.01143	0.01551	0.02125	0.40886	0.13932	0.16584	0.08387	0.00974	0.00247	0.00382	0.01195	0.00606	0.00587
41	0.01381	0.01421	0.01539	0.09247	0.01847	0.18463	0.09910	0.03212	0.01509	0.01833	0.10474	0.11369	0.11489	0.06960	0.00906	0.00234	0.02382	0.00890	0.04282	0.00653
42	0.08797	0.26339	0.12519	0.01466	0.08357	0.10007	0.01259	0.01894	0.01354	0.01864	0.01164	0.01426	0.02327	0.00618	0.00539	0.00159	0.02459	0.01939	0.00324	0.15191
43	0.01763	0.07938	0.16313	0.02357	0.23083	0.21092	0.08067	0.05108	0.04705	0.01983	0.01187	0.01418	0.00942	0.00613	0.00604	0.00184	0.00902	0.00512	0.00334	0.00896
44	0.01416	0.27363	0.11957	0.01206	0.01628	0.01617	0.01157	0.10516	0.01405	0.01875	0.01324	0.01712	0.01153	0.02253	0.30161	0.00503	0.01122	0.00522	0.00344	0.00766
45	0.01317	0.07460	0.12460	0.11380	0.18316	0.01272	0.01360	0.04570	0.01340	0.01867	0.01496	0.08820	0.01432	0.12826	0.01013	0.00250	0.00691	0.00679	0.00358	0.11094
46	0.03431	0.12666	0.09702	0.02125	0.23863	0.05020	0.02776	0.01972	0.01367	0.11052	0.01328	0.01618	0.01073	0.01210	0.10693	0.00302	0.08030	0.00537	0.00366	0.00869

[dist]
# distance from previous block
# <min> <max>
0	3

[block]
# block no. 5 follows, 35 sequences, length 6
# corresponding to MSA columns:
# 1018-1023
name=unknown_F
#
# <colnr> <probs for GDERKNQSTAVLIFYWHMCP>
#	G	D	E	R	K	N	Q	S	T	A	V	L	I	F	Y	W	H	M	C	P
0	0.01228	0.04596	0.08326	0.04557	0.10212	0.01095	0.01069	0.04231	0.07690	0.04494	0.12304	0.13976	0.13149	0.06025	0.00906	0.00237	0.03711	0.00961	0.00500	0.00733
1	0.00922	0.00658	0.00811	0.00820	0.00838	0.00697	0.00525	0.00974	0.00989	0.01344	0.02172	0.17266	0.02490	0.51748	0.09877	0.00569	0.05405	0.01038	0.00411	0.00446
2	0.04470	0.13941	0.11874	0.07189	0.06589	0.15891	0.11308	0.04942	0.01512	0.04621	0.03075	0.01636	0.03736	0.00695	0.00694	0.00190	0.05914	0.00550	0.00354	0.00818
3	0.08672	0.07606	0.30419	0.08879	0.12786	0.11519	0.07545	0.02017	0.01396	0.01961	0.01096	0.01360	0.00842	0.00596	0.00585	0.00191	0.00884	0.00486	0.00299	0.00861
4	0.01569	0.00819	0.01022	0.00928	0.01174	0.00760	0.00700	0.04271	0.04208	0.24974	0.08365	0.23642	0.11200	0.06163	0.00857	0.00239	0.00439	0.01095	0.06834	0.00739
5	0.01511	0.01334	0.10935	0.01106	0.01492	0.01099	0.00992	0.20765	0.01903	0.08942	0.12128	0.10309	0.17512	0.01109	0.00675	0.00202	0.00526	0.00922	0.05741	0.00796

[dist]
# distance from previous block
# <min> <max>
0	1

[block]
# block no. 6 follows, 35 sequences, length 10
# corresponding to MSA columns:
# 1025-1034
name=unknown_G
#
# <colnr> <probs for GDERKNQSTAVLIFYWHMCP>
#	G	D	E	R	K	N	Q	S	T	A	V	L	I	F	Y	W	H	M	C	P
0	0.04889	0.04980	0.09185	0.07446	0.13086	0.06332	0.02889	0.17432	0.05007	0.02469	0.07621	0.06717	0.01628	0.00785	0.00618	0.00188	0.00689	0.00655	0.00451	0.06933
1	0.01285	0.12660	0.01865	0.15359	0.02091	0.05631	0.08337	0.03478	0.01397	0.01791	0.08614	0.11512	0.05114	0.03798	0.04182	0.00262	0.05647	0.05880	0.00414	0.00683
2	0.00973	0.00731	0.00858	0.00868	0.01026	0.00711	0.00667	0.05370	0.01393	0.01773	0.03972	0.05380	0.29430	0.19128	0.06929	0.00384	0.00583	0.18748	0.00525	0.00549
3	0.06271	0.31766	0.24080	0.01321	0.01927	0.06718	0.01408	0.08699	0.01505	0.01995	0.01525	0.01629	0.07339	0.00687	0.00529	0.00173	0.00746	0.00495	0.00345	0.00840
4	0.08189	0.09821	0.35158	0.08057	0.09493	0.01482	0.05422	0.01937	0.01345	0.06167	0.01339	0.06433	0.01096	0.00693	0.00594	0.00198	0.00795	0.00576	0.00338	0.00867
5	0.09331	0.01396	0.01437	0.10550	0.01804	0.15583	0.01067	0.01630	0.01218	0.01685	0.01231	0.01784	0.01111	0.05278	0.22921	0.00459	0.13914	0.00546	0.00329	0.06726
6	0.07114	0.04855	0.01150	0.01158	0.07580	0.00878	0.00802	0.01382	0.04534	0.02199	0.31711	0.17983	0.07188	0.01309	0.00712	0.00216	0.00424	0.07575	0.00580	0.00650
7	0.01691	0.05567	0.27633	0.02227	0.15888	0.15627	0.11594	0.08499	0.01618	0.02099	0.01164	0.01402	0.00892	0.00608	0.00617	0.00190	0.00928	0.00519	0.00329	0.00908
8	0.01817	0.05703	0.19033	0.07312	0.08115	0.15564	0.01544	0.17734	0.12594	0.02415	0.01405	0.01529	0.01059	0.00683	0.00606	0.00190	0.00824	0.00527	0.00423	0.00923
9	0.01255	0.06556	0.01586	0.12428	0.13776	0.03987	0.01111	0.01559	0.04364	0.01787	0.01875	0.20746	0.01911	0.05722	0.00897	0.00228	0.06131	0.00869	0.06440	0.06773

[dist]
# distance from previous block
# <min> <max>
11	167

[block]
# block no. 7 follows, 35 sequences, length 36
# corresponding to MSA columns:
# 1541,1542,1547-1576,1581-1584
name=unknown_H
#
# <colnr> <probs for GDERKNQSTAVLIFYWHMCP>
#	G	D	E	R	K	N	Q	S	T	A	V	L	I	F	Y	W	H	M	C	P
0	0.01544	0.01445	0.05118	0.10566	0.01902	0.10845	0.01097	0.08389	0.19209	0.05854	0.01949	0.09471	0.01701	0.06829	0.10895	0.00345	0.00827	0.00744	0.00481	0.00789
1	0.09450	0.06356	0.22824	0.01167	0.01616	0.05210	0.01198	0.01557	0.01427	0.02026	0.13061	0.07194	0.17008	0.01073	0.00652	0.00207	0.00609	0.06200	0.00455	0.00710
2	0.01528	0.07412	0.09149	0.08647	0.25047	0.01331	0.01447	0.01869	0.01412	0.10903	0.06697	0.05691	0.01568	0.00966	0.04551	0.00235	0.04694	0.00646	0.00407	0.05800
3	0.01371	0.03382	0.28040	0.11434	0.17479	0.01505	0.06188	0.01838	0.01323	0.03519	0.01433	0.01741	0.04937	0.00730	0.00850	0.00211	0.12266	0.00581	0.00314	0.00859
4	0.31179	0.01628	0.15139	0.10375	0.04184	0.01423	0.04426	0.10451	0.01406	0.02444	0.01182	0.01530	0.00942	0.04332	0.06642	0.00283	0.00780	0.00499	0.00376	0.00779
5	0.04561	0.01523	0.08541	0.09682	0.31896	0.01440	0.01529	0.10630	0.08954	0.02300	0.01463	0.01860	0.01199	0.06683	0.00815	0.00226	0.00702	0.00594	0.04504	0.00897
6	0.02591	0.01548	0.19696	0.01249	0.01623	0.02613	0.01190	0.03981	0.14546	0.01900	0.01729	0.02319	0.01504	0.12581	0.27523	0.00550	0.01073	0.00652	0.00395	0.00739
7	0.01367	0.19831	0.37269	0.10739	0.02421	0.01607	0.01711	0.04059	0.01399	0.01962	0.05652	0.01595	0.01197	0.00650	0.00561	0.00183	0.00777	0.00504	0.05675	0.00841
8	0.01032	0.07377	0.19801	0.01276	0.04062	0.00977	0.01177	0.01341	0.01291	0.01759	0.02593	0.40578	0.02887	0.01442	0.00727	0.00235	0.00578	0.09724	0.00472	0.00672
9	0.01798	0.01604	0.01641	0.12951	0.02151	0.11045	0.01178	0.20870	0.29677	0.02700	0.06281	0.02030	0.01650	0.00800	0.00638	0.00200	0.00677	0.00642	0.00549	0.00918
10	0.01442	0.28852	0.44256	0.01519	0.02276	0.01838	0.01806	0.02078	0.06905	0.01882	0.01163	0.01309	0.00896	0.00602	0.00539	0.00180	0.00814	0.00444	0.00299	0.00900
11	0.01349	0.10643	0.30501	0.01274	0.01802	0.01190	0.01371	0.01744	0.01380	0.10823	0.05929	0.16186	0.07168	0.04906	0.00775	0.00225	0.00658	0.00845	0.00444	0.00787
12	0.01471	0.42245	0.32664	0.01381	0.02061	0.01973	0.01589	0.01897	0.01293	0.01705	0.01039	0.01243	0.00858	0.00830	0.05144	0.00218	0.00849	0.00414	0.00274	0.00850
13	0.00876	0.00671	0.00891	0.04737	0.01138	0.00694	0.00696	0.01013	0.01224	0.01634	0.06834	0.45825	0.09038	0.11196	0.01190	0.00297	0.05971	0.05012	0.00531	0.00531
14	0.01922	0.06250	0.19900	0.01829	0.11608	0.25729	0.01517	0.04900	0.03348	0.10937	0.05083	0.01601	0.01239	0.00683	0.00600	0.00183	0.00866	0.00522	0.00403	0.00880
15	0.01462	0.01280	0.03389	0.21068	0.15691	0.05876	0.01324	0.03336	0.10763	0.08020	0.05613	0.15631	0.01955	0.00947	0.00668	0.00210	0.00661	0.00834	0.00464	0.00806
16	0.00856	0.00595	0.00704	0.00756	0.00786	0.00573	0.00464	0.00908	0.01067	0.01406	0.02876	0.30209	0.08552	0.44926	0.02178	0.00457	0.00505	0.01267	0.00473	0.00443
17	0.01251	0.01648	0.20791	0.06288	0.07665	0.01190	0.11852	0.05450	0.01299	0.01809	0.01510	0.02483	0.01422	0.28014	0.04352	0.00379	0.00838	0.00698	0.00345	0.00714
18	0.01640	0.09140	0.31076	0.01768	0.06305	0.01702	0.07141	0.17261	0.13200	0.02502	0.01446	0.01558	0.01070	0.00666	0.00612	0.00195	0.00792	0.00547	0.00415	0.00965
19	0.00750	0.00643	0.00643	0.00643	0.00857	0.00536	0.00482	0.00910	0.01446	0.01714	0.06427	0.06105	0.73490	0.01607	0.00750	0.00214	0.00321	0.01339	0.00589	0.00536
20	0.00844	0.00608	0.00749	0.00811	0.00887	0.00571	0.00557	0.00972	0.01268	0.01677	0.12721	0.33475	0.13664	0.21228	0.01418	0.00338	0.00433	0.06727	0.00551	0.00501
21	0.11972	0.08032	0.02149	0.05804	0.14135	0.27071	0.08124	0.11561	0.01713	0.02177	0.01107	0.01326	0.00883	0.00624	0.00575	0.00181	0.00878	0.00484	0.00367	0.00837
22	0.01822	0.05895	0.09069	0.10846	0.02305	0.20109	0.09576	0.07868	0.01646	0.10522	0.01588	0.04873	0.01349	0.03509	0.00735	0.00213	0.00853	0.05992	0.00424	0.00807
23	0.00908	0.00672	0.00979	0.00979	0.01078	0.00771	0.00742	0.01107	0.01007	0.01442	0.01737	0.02699	0.01676	0.13832	0.66239	0.00969	0.01564	0.00710	0.00345	0.00544
24	0.01275	0.01032	0.05786	0.07325	0.01625	0.00927	0.06009	0.01763	0.10298	0.09122	0.13298	0.17249	0.07045	0.01105	0.00671	0.00207	0.00503	0.00977	0.13059	0.00723
25	0.82186	0.01227	0.00932	0.00834	0.01227	0.01423	0.00687	0.01865	0.01080	0.02846	0.00883	0.01031	0.00687	0.00589	0.00393	0.00196	0.00491	0.00344	0.00393	0.00687
26	0.01423	0.01152	0.01399	0.10518	0.01828	0.01329	0.01031	0.12924	0.27630	0.02302	0.01943	0.02295	0.01587	0.06543	0.22707	0.00471	0.00934	0.00677	0.00493	0.00813
27	0.01435	0.01456	0.01977	0.01803	0.06164	0.04615	0.01417	0.01590	0.01031	0.01562	0.00861	0.01390	0.00843	0.01060	0.01936	0.00268	0.69046	0.00550	0.00282	0.00715
28	0.02176	0.25039	0.02263	0.01449	0.01864	0.43931	0.01182	0.11559	0.01805	0.01861	0.01024	0.01157	0.00851	0.00635	0.00532	0.00159	0.00947	0.00410	0.00351	0.00804
29	0.00945	0.00607	0.00709	0.00709	0.00709	0.00607	0.00405	0.00911	0.00911	0.01214	0.01887	0.03875	0.02157	0.68313	0.03136	0.10682	0.00607	0.00876	0.00371	0.00371
30	0.01348	0.01316	0.01992	0.05707	0.09252	0.01679	0.06828	0.01539	0.01071	0.01591	0.01066	0.01792	0.01045	0.10513	0.01895	0.00302	0.49450	0.00618	0.00298	0.00701
31	0.01955	0.02009	0.01384	0.01244	0.01530	0.39692	0.00947	0.10756	0.01780	0.02144	0.01433	0.01623	0.01136	0.00697	0.00534	0.00161	0.00789	0.00493	0.28966	0.00727
32	0.00921	0.00623	0.00733	0.00733	0.00747	0.00637	0.00435	0.00949	0.00935	0.01260	0.01962	0.03945	0.02217	0.68631	0.12181	0.00665	0.00750	0.00892	0.00379	0.00407
33	0.01578	0.01363	0.01434	0.01291	0.01650	0.01578	0.01004	0.03371	0.72602	0.02654	0.02582	0.02367	0.01937	0.00861	0.00646	0.00215	0.00502	0.00717	0.00646	0.01004
34	0.01640	0.01400	0.02075	0.02277	0.27242	0.01417	0.08563	0.21163	0.01946	0.02704	0.16700	0.02235	0.02080	0.00768	0.00660	0.00189	0.00659	0.00700	0.00489	0.05091
35	0.01626	0.01711	0.02097	0.29387	0.28472	0.18717	0.01667	0.03532	0.01488	0.01817	0.01139	0.01535	0.00919	0.00715	0.02398	0.00211	0.00900	0.00531	0.00313	0.00824

[dist]
# distance from previous block
# <min> <max>
0	2

[block]
# block no. 8 follows, 35 sequences, length 18
# corresponding to MSA columns:
# 1587-1590,1597-1605,1612-1616
name=unknown_I
#
# <colnr> <probs for GDERKNQSTAVLIFYWHMCP>
#	G	D	E	R	K	N	Q	S	T	A	V	L	I	F	Y	W	H	M	C	P
0	0.05159	0.01533	0.10017	0.01618	0.12816	0.12417	0.01192	0.01830	0.01466	0.10164	0.12468	0.06627	0.02062	0.01655	0.15784	0.00362	0.00900	0.00712	0.00447	0.00770
1	0.01412	0.09177	0.17279	0.01307	0.01769	0.09251	0.05002	0.05814	0.09670	0.03513	0.08113	0.06156	0.17000	0.00970	0.00648	0.00197	0.00665	0.00800	0.00468	0.00787
2	0.05954	0.39520	0.14659	0.01214	0.01742	0.09828	0.01217	0.01955	0.05540	0.01754	0.01688	0.01764	0.09417	0.00711	0.00512	0.00167	0.00710	0.00509	0.00343	0.00798
3	0.01914	0.01755	0.02352	0.01983	0.09385	0.13456	0.22012	0.12676	0.06750	0.10086	0.01466	0.01626	0.01092	0.00633	0.00640	0.00184	0.00829	0.00592	0.00447	0.10121
4	0.01902	0.01747	0.01603	0.01389	0.01775	0.14629	0.01088	0.18371	0.44678	0.02758	0.02065	0.01964	0.01549	0.00802	0.00630	0.00201	0.00659	0.00630	0.00587	0.00973
5	0.01993	0.01366	0.01518	0.01282	0.01694	0.01497	0.01020	0.14227	0.45759	0.18742	0.02395	0.02186	0.01718	0.00828	0.00642	0.00207	0.00542	0.00676	0.00675	0.01033
6	0.01443	0.01305	0.01828	0.01484	0.01766	0.09544	0.18825	0.09723	0.01410	0.01816	0.01406	0.02115	0.01270	0.11220	0.15270	0.16928	0.00990	0.00657	0.00361	0.00638
7	0.01198	0.01128	0.01903	0.76180	0.04369	0.01409	0.01762	0.01621	0.01268	0.01621	0.01128	0.01691	0.00846	0.00634	0.00634	0.00211	0.00846	0.00564	0.00282	0.00705
8	0.01177	0.01067	0.01175	0.01100	0.01173	0.09438	0.00813	0.01295	0.01063	0.01403	0.01552	0.02725	0.01610	0.30395	0.25349	0.00622	0.16442	0.00713	0.00342	0.00545
9	0.00761	0.00633	0.00665	0.00679	0.00869	0.00537	0.00501	0.00924	0.01439	0.01750	0.09872	0.14143	0.61783	0.01633	0.00757	0.00218	0.00325	0.01381	0.00595	0.00537
10	0.01407	0.09905	0.13297	0.02205	0.24063	0.01646	0.01561	0.01703	0.01203	0.01733	0.01130	0.01712	0.01048	0.09533	0.01354	0.00261	0.24572	0.00564	0.00299	0.00806
11	0.01482	0.09220	0.11812	0.02119	0.26036	0.01318	0.01440	0.01829	0.01325	0.10039	0.01460	0.01836	0.01203	0.01893	0.23719	0.00443	0.01040	0.00573	0.00365	0.00849
12	0.00852	0.00672	0.00738	0.00745	0.00904	0.00618	0.00536	0.01088	0.05236	0.01762	0.11845	0.12444	0.40913	0.14882	0.01188	0.00290	0.00395	0.03786	0.00567	0.00541
13	0.01665	0.18480	0.14777	0.02282	0.27132	0.09661	0.01610	0.08228	0.01542	0.02015	0.01156	0.01421	0.00953	0.00865	0.05394	0.00230	0.00867	0.00491	0.00329	0.00901
14	0.00870	0.00647	0.00810	0.00769	0.00931	0.00587	0.00577	0.01144	0.01731	0.02389	0.60926	0.04993	0.18570	0.01355	0.00749	0.00202	0.00303	0.01183	0.00678	0.00587
15	0.01834	0.01994	0.12226	0.01927	0.14593	0.13560	0.01464	0.23535	0.01943	0.02559	0.08091	0.01735	0.01424	0.00778	0.00795	0.00198	0.09422	0.00582	0.00441	0.00900
16	0.04764	0.01412	0.05965	0.23992	0.11105	0.01475	0.01394	0.10378	0.22173	0.02333	0.01989	0.02134	0.06617	0.00775	0.00634	0.00206	0.00670	0.00653	0.00459	0.00872
17	0.01077	0.05934	0.05509	0.08607	0.01507	0.00975	0.00904	0.04170	0.01577	0.02185	0.38951	0.11478	0.03960	0.05336	0.00913	0.00229	0.04490	0.01000	0.00549	0.00647

[dist]
# distance from previous block
# <min> <max>
3	16

[block]
# block no. 9 follows, 35 sequences, length 46
# corresponding to MSA columns:
# 1633-1642,1644-1656,1675-1697
name=unknown_J
#
# <colnr> <probs for GDERKNQSTAVLIFYWHMCP>
#	G	D	E	R	K	N	Q	S	T	A	V	L	I	F	Y	W	H	M	C	P
0	0.24458	0.25431	0.09656	0.01437	0.04508	0.13319	0.07904	0.03341	0.01373	0.02057	0.00986	0.01170	0.00804	0.00583	0.00494	0.00174	0.00765	0.00417	0.00327	0.00795
1	0.01048	0.00819	0.01150	0.01078	0.01234	0.00888	0.04527	0.04768	0.01309	0.01843	0.05658	0.16249	0.10299	0.02473	0.25213	0.00487	0.07556	0.04586	0.08205	0.00611
2	0.01903	0.12515	0.11758	0.01930	0.13075	0.32908	0.01484	0.05230	0.01574	0.01791	0.01029	0.01263	0.00857	0.00675	0.00736	0.00183	0.09491	0.00455	0.00318	0.00825
3	0.01061	0.00650	0.00801	0.00793	0.00872	0.00619	0.00517	0.01161	0.01224	0.08194	0.15151	0.20081	0.03311	0.40458	0.02020	0.00424	0.00498	0.01130	0.00522	0.00515
4	0.00830	0.00627	0.00767	0.00773	0.00917	0.00564	0.00564	0.01051	0.01576	0.02118	0.40065	0.20350	0.24426	0.01528	0.00762	0.00216	0.00320	0.01338	0.00645	0.00564
5	0.01877	0.01504	0.01964	0.13489	0.19536	0.01639	0.01412	0.37306	0.02234	0.03029	0.08276	0.01869	0.01496	0.00746	0.00644	0.00194	0.00696	0.00624	0.00509	0.00957
6	0.00822	0.00643	0.00744	0.00723	0.00902	0.00565	0.00541	0.01048	0.01609	0.02112	0.38636	0.07173	0.39280	0.01467	0.00750	0.00208	0.00312	0.01258	0.00642	0.00565
7	0.01300	0.01178	0.01741	0.15740	0.23639	0.01258	0.03219	0.01963	0.17643	0.02081	0.07578	0.08197	0.09933	0.00922	0.00673	0.00208	0.00611	0.00827	0.00464	0.00826
8	0.00759	0.00634	0.00662	0.00674	0.00868	0.00537	0.00498	0.00922	0.01442	0.01747	0.09544	0.12862	0.63421	0.01627	0.00755	0.00218	0.00325	0.01374	0.00595	0.00537
9	0.01161	0.00999	0.01503	0.01826	0.20244	0.01003	0.04768	0.01635	0.11498	0.02037	0.11604	0.30441	0.03074	0.01280	0.00731	0.00225	0.00526	0.04177	0.00525	0.00745
10	0.82186	0.01227	0.00932	0.00834	0.01227	0.01423	0.00687	0.01865	0.01080	0.02846	0.00883	0.01031	0.00687	0.00589	0.00393	0.00196	0.00491	0.00344	0.00393	0.00687
11	0.01476	0.01862	0.10520	0.02591	0.03261	0.01592	0.64818	0.02030	0.01482	0.02030	0.01270	0.01676	0.00947	0.00541	0.00735	0.00213	0.01057	0.00722	0.00316	0.00863
12	0.02412	0.01777	0.01904	0.01460	0.01967	0.01967	0.01206	0.71633	0.02983	0.03998	0.01523	0.01523	0.01079	0.00762	0.00635	0.00190	0.00698	0.00571	0.00635	0.01079
