[name]
unknown

[dist]
# distance from previous block
# <min> <max>
3	208

[block]
# block no. 0 follows, 39 sequences, length 22
# corresponding to MSA columns:
# 1264-1285
name=unknown_A
#
# <colnr> <probs for GDERKNQSTAVLIFYWHMCP>
#	G	D	E	R	K	N	Q	S	T	A	V	L	I	F	Y	W	H	M	C	P
0	0.25428	0.01637	0.05325	0.09633	0.09554	0.16407	0.01128	0.12312	0.04180	0.02268	0.01114	0.01312	0.00868	0.00727	0.02969	0.00201	0.00720	0.00443	0.03020	0.00752
1	0.01574	0.01572	0.12173	0.09776	0.19202	0.08071	0.04014	0.06698	0.05159	0.12353	0.04385	0.07028	0.03881	0.00748	0.00604	0.00186	0.00682	0.00647	0.00421	0.00826
2	0.11247	0.07978	0.06580	0.04279	0.09766	0.19621	0.01137	0.13031	0.01576	0.02131	0.06136	0.01521	0.01203	0.00779	0.03034	0.00195	0.02999	0.00487	0.05549	0.00752
3	0.01287	0.07082	0.22798	0.12272	0.02165	0.06161	0.03584	0.05124	0.03838	0.01756	0.01504	0.08584	0.04847	0.00815	0.00799	0.00196	0.13032	0.00622	0.00332	0.03201
4	0.06591	0.08714	0.04039	0.01270	0.01642	0.10962	0.07015	0.15575	0.07484	0.08714	0.05458	0.01968	0.07067	0.01012	0.05819	0.00233	0.04605	0.00597	0.00453	0.00781
5	0.08006	0.06450	0.06256	0.15986	0.10331	0.10181	0.03448	0.01800	0.10395	0.01836	0.05444	0.02111	0.09491	0.00938	0.04687	0.00224	0.00710	0.00609	0.00375	0.00720
6	0.01389	0.01158	0.01366	0.01086	0.05187	0.00974	0.00819	0.12151	0.01462	0.02193	0.01109	0.01267	0.00898	0.00483	0.00468	0.00105	0.00483	0.00386	0.00383	0.66633
7	0.00987	0.00714	0.00827	0.00809	0.00927	0.00717	0.00562	0.08613	0.05467	0.01758	0.09414	0.23696	0.13090	0.23653	0.01443	0.04769	0.00445	0.01089	0.00496	0.00524
8	0.00730	0.00579	0.00657	0.00683	0.00830	0.00506	0.00495	0.00893	0.01355	0.01721	0.18349	0.23970	0.44074	0.01533	0.00713	0.00207	0.00307	0.01324	0.00568	0.00506
9	0.01681	0.01596	0.02787	0.02040	0.02555	0.01633	0.43682	0.26464	0.01838	0.02492	0.01245	0.01515	0.00926	0.00607	0.00746	0.00196	0.06114	0.00629	0.00397	0.00859
10	0.00790	0.00603	0.00725	0.00694	0.00854	0.00538	0.00521	0.01024	0.01562	0.02106	0.51438	0.04855	0.29523	0.01308	0.00698	0.00191	0.00286	0.01131	0.00616	0.00538
11	0.02653	0.01006	0.01372	0.01052	0.01510	0.00869	0.00869	0.02882	0.01693	0.75937	0.02333	0.02013	0.01464	0.00732	0.00595	0.00183	0.00503	0.00595	0.00732	0.01006
12	0.01226	0.01051	0.01226	0.00876	0.01401	0.00788	0.00701	0.01489	0.01226	0.01927	0.01051	0.01226	0.00876	0.00438	0.00438	0.00088	0.00438	0.00350	0.00350	0.82832
13	0.00953	0.00681	0.00953	0.01089	0.01225	0.00681	0.00953	0.01225	0.01361	0.01770	0.03131	0.06671	0.03403	0.01634	0.00817	0.00272	0.00545	0.71547	0.00545	0.00545
14	0.00713	0.00545	0.00655	0.00742	0.00836	0.00487	0.00513	0.00833	0.01211	0.01542	0.04252	0.52251	0.29851	0.01724	0.00735	0.00225	0.00327	0.01524	0.00549	0.00487
15	0.01968	0.40017	0.02325	0.01204	0.01629	0.29197	0.01038	0.02150	0.01447	0.12477	0.01080	0.01149	0.00865	0.00577	0.00467	0.00144	0.00771	0.00381	0.00343	0.00769
16	0.00829	0.00604	0.00780	0.00736	0.00879	0.00555	0.00552	0.01101	0.01656	0.02328	0.71347	0.04489	0.09475	0.01225	0.00698	0.00187	0.00280	0.01079	0.00645	0.00555
17	0.01515	0.01292	0.01362	0.01212	0.01555	0.01492	0.00947	0.07156	0.70374	0.02545	0.02351	0.02162	0.01760	0.00797	0.00601	0.00199	0.00478	0.00661	0.00601	0.00940
18	0.01740	0.02068	0.01427	0.01327	0.01563	0.50702	0.01004	0.01913	0.01427	0.01422	0.01144	0.01498	0.01008	0.01924	0.26755	0.00426	0.01244	0.00468	0.00309	0.00631
19	0.01167	0.01000	0.01386	0.35445	0.02497	0.01167	0.01149	0.06321	0.16355	0.01825	0.01936	0.10205	0.05487	0.06246	0.05039	0.00268	0.00671	0.00744	0.00409	0.00683
20	0.01262	0.01716	0.19647	0.01631	0.01883	0.01654	0.06383	0.01552	0.01022	0.01561	0.00896	0.01334	0.00799	0.00985	0.03718	0.00258	0.52217	0.00514	0.00261	0.00708
21	0.00860	0.00573	0.00645	0.00645	0.00645	0.00573	0.00358	0.00860	0.00860	0.01147	0.01863	0.03870	0.02150	0.79217	0.03010	0.00573	0.00573	0.00860	0.00358	0.00358

[dist]
# distance from previous block
# <min> <max>
0	10

[block]
# block no. 1 follows, 39 sequences, length 29
# corresponding to MSA columns:
# 1296-1324
name=unknown_B
#
# <colnr> <probs for GDERKNQSTAVLIFYWHMCP>
#	G	D	E	R	K	N	Q	S	T	A	V	L	I	F	Y	W	H	M	C	P
0	0.01117	0.01051	0.01774	0.77795	0.04073	0.01314	0.01642	0.01511	0.01182	0.01511	0.01051	0.01577	0.00788	0.00591	0.00591	0.00197	0.00788	0.00526	0.00263	0.00657
1	0.01851	0.01338	0.01936	0.04809	0.02002	0.09105	0.19792	0.04324	0.01492	0.27273	0.01737	0.02234	0.01361	0.05385	0.00872	0.00221	0.06185	0.06806	0.00478	0.00799
2	0.00819	0.00561	0.00682	0.00739	0.00761	0.00549	0.00467	0.00874	0.00990	0.01317	0.02437	0.29905	0.02848	0.46911	0.02073	0.00437	0.00492	0.06288	0.00438	0.00414
3	0.00957	0.00665	0.00842	0.00872	0.01024	0.00657	0.00710	0.01309	0.05764	0.02080	0.27818	0.04886	0.06754	0.01284	0.00694	0.00214	0.00396	0.28979	0.13523	0.00571
4	0.01117	0.01051	0.01774	0.77795	0.04073	0.01314	0.01642	0.01511	0.01182	0.01511	0.01051	0.01577	0.00788	0.00591	0.00591	0.00197	0.00788	0.00526	0.00263	0.00657
5	0.00873	0.00647	0.00740	0.00786	0.00924	0.00630	0.00574	0.01217	0.10305	0.01764	0.03734	0.34070	0.23384	0.01451	0.00677	0.00212	0.00349	0.05404	0.11703	0.00556
6	0.00726	0.00570	0.00636	0.00678	0.00802	0.00503	0.00473	0.00848	0.01234	0.01538	0.06203	0.28391	0.43390	0.10097	0.00969	0.00253	0.00343	0.01338	0.00530	0.00479
7	0.01654	0.01362	0.01441	0.01241	0.01608	0.01557	0.00980	0.19768	0.57535	0.02770	0.02174	0.02021	0.01616	0.00781	0.00599	0.00195	0.00511	0.00636	0.00599	0.00952
8	0.01372	0.01379	0.04713	0.20323	0.48160	0.01392	0.05025	0.01844	0.06459	0.01870	0.01192	0.01541	0.00956	0.00561	0.00592	0.00184	0.00725	0.00541	0.00306	0.00864
9	0.01305	0.01476	0.08959	0.40566	0.23058	0.06695	0.01685	0.01683	0.01252	0.01650	0.01043	0.01462	0.00822	0.00598	0.00662	0.00191	0.05358	0.00507	0.00272	0.00755
10	0.02028	0.01076	0.01312	0.01075	0.01453	0.01071	0.00864	0.08995	0.21409	0.38746	0.13109	0.02370	0.02127	0.00820	0.00612	0.00188	0.00474	0.00680	0.00672	0.00921
11	0.01373	0.01709	0.09763	0.02378	0.02973	0.01499	0.63820	0.01871	0.01360	0.01871	0.01165	0.01551	0.00879	0.00529	0.00744	0.00201	0.04557	0.00667	0.00293	0.00797
12	0.00724	0.00517	0.00689	0.00821	0.00859	0.00483	0.00549	0.00832	0.01149	0.01536	0.05469	0.76546	0.03963	0.01833	0.00753	0.00239	0.00341	0.01662	0.00552	0.00483
13	0.01027	0.00514	0.00770	0.00770	0.00770	0.00514	0.00514	0.00770	0.00770	0.01027	0.01027	0.01798	0.01027	0.02054	0.02311	0.82794	0.00514	0.00514	0.00257	0.00257
14	0.01548	0.01309	0.01380	0.01219	0.01567	0.01507	0.00955	0.10107	0.67370	0.02598	0.02309	0.02129	0.01726	0.00793	0.00601	0.00198	0.00486	0.00655	0.00601	0.00943
15	0.01186	0.03059	0.76153	0.01686	0.02560	0.01373	0.02185	0.01873	0.01249	0.01873	0.01061	0.01249	0.00749	0.00562	0.00562	0.00187	0.00874	0.00437	0.00250	0.00874
16	0.00953	0.00681	0.00953	0.01089	0.01225	0.00681	0.00953	0.01225	0.01361	0.01770	0.03131	0.06671	0.03403	0.01634	0.00817	0.00272	0.00545	0.71547	0.00545	0.00545
17	0.00802	0.00610	0.00726	0.00729	0.00873	0.00561	0.00550	0.00991	0.01370	0.01791	0.26157	0.05052	0.31852	0.11475	0.04294	0.00285	0.00416	0.10415	0.00545	0.00507
18	0.01176	0.00850	0.01014	0.00905	0.01146	0.00854	0.00697	0.01846	0.22340	0.07882	0.44806	0.03426	0.03929	0.01013	0.00648	0.00184	0.00359	0.00879	0.00626	0.05421
19	0.05612	0.56034	0.02586	0.01033	0.01521	0.01988	0.00976	0.07031	0.01394	0.15295	0.01142	0.01178	0.00900	0.00564	0.00433	0.00143	0.00602	0.00383	0.00370	0.00816
20	0.15776	0.14173	0.01797	0.01276	0.01664	0.27497	0.04016	0.14267	0.01648	0.06466	0.01193	0.01490	0.00981	0.00661	0.00517	0.00168	0.00758	0.04497	0.00395	0.00760
21	0.01906	0.01292	0.01438	0.01202	0.01594	0.01411	0.00961	0.18030	0.42623	0.19519	0.02181	0.01995	0.01558	0.00767	0.00598	0.00192	0.00515	0.00623	0.00629	0.00967
22	0.00726	0.00548	0.00671	0.00749	0.00843	0.00494	0.00520	0.00860	0.01250	0.01621	0.11194	0.49858	0.25158	0.01684	0.00733	0.00223	0.00324	0.01493	0.00559	0.00494
23	0.00723	0.00563	0.00657	0.00713	0.00834	0.00497	0.00504	0.00866	0.01288	0.01640	0.12071	0.37623	0.36667	0.01623	0.00723	0.00216	0.00316	0.01419	0.00560	0.00497
24	0.01207	0.01192	0.01370	0.01254	0.01350	0.12173	0.01000	0.01380	0.01039	0.01402	0.01192	0.01765	0.01118	0.02637	0.38406	0.00582	0.29491	0.00555	0.00294	0.00594
25	0.12847	0.01930	0.01340	0.01191	0.01503	0.41837	0.00914	0.02213	0.01521	0.14447	0.01305	0.01394	0.00985	0.00635	0.00503	0.00159	0.00765	0.00436	0.13362	0.00713
26	0.01049	0.06828	0.05477	0.00980	0.01253	0.00922	0.00821	0.03767	0.01224	0.01704	0.02249	0.25030	0.07794	0.01430	0.07372	0.00253	0.06027	0.05384	0.00423	0.20014
27	0.01806	0.11082	0.19461	0.05965	0.05155	0.40891	0.01430	0.04484	0.01518	0.01642	0.00972	0.01154	0.00775	0.00586	0.00531	0.00162	0.00929	0.00406	0.00293	0.00758
28	0.07612	0.23644	0.04647	0.06291	0.07123	0.26466	0.01173	0.01969	0.04728	0.01639	0.01104	0.01487	0.00971	0.00655	0.00567	0.00167	0.04115	0.04600	0.00315	0.00727

[dist]
# distance from previous block
# <min> <max>
1	8

[block]
# block no. 2 follows, 39 sequences, length 17
# corresponding to MSA columns:
# 1371-1387
name=unknown_C
#
# <colnr> <probs for GDERKNQSTAVLIFYWHMCP>
#	G	D	E	R	K	N	Q	S	T	A	V	L	I	F	Y	W	H	M	C	P
0	0.04418	0.20664	0.28617	0.01521	0.02088	0.04806	0.10812	0.05912	0.01307	0.01812	0.01029	0.01273	0.00822	0.00792	0.04576	0.00218	0.07798	0.00458	0.00287	0.00790
1	0.06092	0.11193	0.27332	0.03835	0.05213	0.01459	0.10715	0.09400	0.05679	0.02145	0.09946	0.01709	0.01433	0.00652	0.00570	0.00181	0.00710	0.00554	0.00369	0.00813
2	0.01355	0.01200	0.01341	0.01215	0.01335	0.10972	0.00958	0.09626	0.01246	0.01634	0.01328	0.05642	0.01300	0.01670	0.10929	0.17704	0.23410	0.06211	0.00346	0.00580
3	0.00746	0.00533	0.00688	0.00803	0.00845	0.00501	0.00539	0.00846	0.01120	0.01482	0.03217	0.63457	0.07038	0.11000	0.01022	0.00279	0.00377	0.04512	0.00526	0.00469
4	0.28274	0.01392	0.01842	0.01761	0.14071	0.06597	0.16528	0.01910	0.07830	0.02149	0.01156	0.01393	0.00916	0.00608	0.00634	0.00188	0.06815	0.00499	0.04688	0.00749
5	0.01002	0.00762	0.01068	0.01372	0.18199	0.00763	0.00745	0.01129	0.01042	0.01470	0.01851	0.12308	0.02000	0.41457	0.05542	0.00423	0.00601	0.00848	0.06886	0.00532
6	0.07592	0.21818	0.08107	0.03444	0.01779	0.28349	0.01143	0.13628	0.01613	0.01930	0.01097	0.04888	0.00945	0.00651	0.00507	0.00160	0.00787	0.00457	0.00349	0.00758
7	0.01671	0.32210	0.08354	0.03208	0.06839	0.06153	0.05867	0.07639	0.01440	0.09804	0.01229	0.01346	0.02103	0.00573	0.00495	0.00151	0.00669	0.00443	0.01641	0.08164
8	0.01603	0.01822	0.01268	0.01157	0.01412	0.40730	0.00873	0.05441	0.01666	0.01800	0.18423	0.02757	0.16831	0.00926	0.00606	0.00171	0.00716	0.00716	0.00445	0.00636
9	0.01232	0.11872	0.67738	0.01608	0.02440	0.01485	0.02050	0.01861	0.01243	0.01817	0.01034	0.01214	0.00750	0.00555	0.00541	0.00180	0.00846	0.00423	0.00250	0.00861
10	0.01404	0.01665	0.10445	0.08931	0.02051	0.09898	0.06356	0.04246	0.01172	0.01624	0.00915	0.01313	0.00794	0.00817	0.01298	0.00219	0.41856	0.00500	0.00282	0.04214
11	0.01294	0.01173	0.01257	0.00921	0.01431	0.06036	0.00731	0.01549	0.01257	0.01894	0.01042	0.01215	0.00868	0.00450	0.00445	0.00092	0.00481	0.00352	0.00347	0.77164
12	0.00723	0.00580	0.00646	0.00672	0.00824	0.00503	0.00488	0.00879	0.01341	0.01682	0.14719	0.22785	0.48999	0.01542	0.00712	0.00207	0.00307	0.01326	0.00563	0.00503
13	0.00837	0.00604	0.00790	0.00744	0.00883	0.00558	0.00558	0.01116	0.01674	0.02371	0.75216	0.04417	0.05580	0.01209	0.00697	0.00186	0.00279	0.01069	0.00651	0.00558
14	0.01297	0.00638	0.00778	0.00751	0.00924	0.00596	0.00559	0.01509	0.01322	0.17522	0.05929	0.26266	0.02449	0.01087	0.00572	0.00182	0.00345	0.00939	0.35710	0.00625
15	0.01396	0.01595	0.03490	0.02493	0.03091	0.01496	0.73380	0.01894	0.01396	0.01894	0.01196	0.01595	0.00897	0.00499	0.00698	0.00199	0.00997	0.00698	0.00299	0.00798
16	0.00717	0.00528	0.00673	0.00788	0.00848	0.00483	0.00533	0.00827	0.01166	0.01523	0.03688	0.67349	0.15117	0.01797	0.00746	0.00234	0.00336	0.01613	0.00549	0.00483

[dist]
# distance from previous block
# <min> <max>
0	10

[block]
# block no. 3 follows, 39 sequences, length 37
# corresponding to MSA columns:
# 1398-1417,1436-1452
name=unknown_D
#
# <colnr> <probs for GDERKNQSTAVLIFYWHMCP>
#	G	D	E	R	K	N	Q	S	T	A	V	L	I	F	Y	W	H	M	C	P
0	0.83394	0.01144	0.00869	0.00778	0.01144	0.01327	0.00640	0.01738	0.01006	0.02653	0.00823	0.00961	0.00640	0.00549	0.00366	0.00183	0.00457	0.00320	0.00366	0.00640
1	0.83394	0.01144	0.00869	0.00778	0.01144	0.01327	0.00640	0.01738	0.01006	0.02653	0.00823	0.00961	0.00640	0.00549	0.00366	0.00183	0.00457	0.00320	0.00366	0.00640
2	0.01983	0.01946	0.01598	0.01447	0.05704	0.32331	0.01077	0.26960	0.01946	0.02374	0.01238	0.01383	0.00963	0.00671	0.00604	0.00165	0.04345	0.00472	0.12002	0.00790
3	0.01609	0.47824	0.02371	0.01086	0.01462	0.16009	0.00975	0.01799	0.01272	0.01519	0.00992	0.01175	0.00867	0.00593	0.00538	0.00143	0.06845	0.00377	0.11836	0.00707
4	0.01456	0.00925	0.01123	0.00899	0.01288	0.00775	0.00718	0.03820	0.02796	0.19183	0.07616	0.06494	0.11491	0.00850	0.00571	0.00154	0.00431	0.04242	0.00519	0.34651
5	0.01490	0.17699	0.12571	0.04441	0.09117	0.08006	0.06345	0.04464	0.22652	0.01954	0.01616	0.01693	0.04116	0.00660	0.00553	0.00176	0.00681	0.00541	0.00389	0.00834
6	0.01793	0.01408	0.01703	0.01739	0.16429	0.01536	0.01185	0.30637	0.24722	0.05579	0.01794	0.01984	0.01390	0.00754	0.00606	0.00190	0.00593	0.04476	0.00538	0.00945
7	0.00787	0.00567	0.00757	0.00872	0.00947	0.00537	0.00644	0.00948	0.01244	0.01651	0.09534	0.51561	0.07038	0.01728	0.00763	0.00242	0.00385	0.18734	0.00557	0.00504
8	0.01856	0.01373	0.09930	0.03919	0.04543	0.01197	0.01091	0.21897	0.05860	0.24196	0.07674	0.05315	0.06817	0.00833	0.00612	0.00187	0.00564	0.00685	0.00571	0.00881
9	0.01302	0.09125	0.46111	0.02120	0.17319	0.01478	0.10648	0.01855	0.01282	0.01846	0.01067	0.01308	0.00806	0.00542	0.00567	0.00181	0.00833	0.00476	0.00265	0.00868
10	0.02653	0.01006	0.01372	0.01052	0.01510	0.00869	0.00869	0.02882	0.01693	0.75937	0.02333	0.02013	0.01464	0.00732	0.00595	0.00183	0.00503	0.00595	0.00732	0.01006
11	0.20227	0.00982	0.01122	0.00913	0.01299	0.00937	0.00745	0.05109	0.01515	0.41804	0.02691	0.02490	0.16021	0.00843	0.00564	0.00186	0.00458	0.00662	0.00608	0.00823
12	0.01154	0.01515	0.20412	0.12907	0.13918	0.03589	0.01344	0.01530	0.01366	0.04677	0.12131	0.02794	0.18507	0.00869	0.00620	0.00188	0.00615	0.00739	0.00401	0.00723
13	0.00738	0.00588	0.00700	0.00753	0.00866	0.00551	0.00540	0.00868	0.01215	0.01541	0.04351	0.38589	0.36671	0.01777	0.04285	0.00255	0.03298	0.01389	0.00527	0.00498
14	0.01371	0.00721	0.00941	0.00828	0.01065	0.00642	0.00641	0.01609	0.01606	0.24813	0.40262	0.09044	0.11775	0.01139	0.00670	0.00190	0.00355	0.00986	0.00658	0.00684
15	0.01231	0.01991	0.38541	0.01653	0.12276	0.01143	0.01569	0.04255	0.01332	0.05938	0.04641	0.07296	0.07722	0.04323	0.03314	0.00233	0.00724	0.00666	0.00363	0.00789
16	0.04293	0.01679	0.06030	0.05706	0.19983	0.08640	0.32345	0.07299	0.01480	0.02008	0.01136	0.01448	0.00881	0.00538	0.00615	0.00182	0.00853	0.00569	0.00321	0.03995
17	0.01503	0.00773	0.01072	0.00964	0.01172	0.00778	0.00745	0.01681	0.01233	0.28372	0.02077	0.12670	0.01841	0.10104	0.28521	0.00511	0.04021	0.00779	0.00500	0.00683
18	0.83394	0.01144	0.00869	0.00778	0.01144	0.01327	0.00640	0.01738	0.01006	0.02653	0.00823	0.00961	0.00640	0.00549	0.00366	0.00183	0.00457	0.00320	0.00366	0.00640
19	0.00850	0.00613	0.00848	0.00848	0.00918	0.00684	0.00612	0.00990	0.00920	0.01297	0.01678	0.02842	0.01704	0.29499	0.52118	0.00824	0.01245	0.00709	0.00331	0.00471
20	0.01493	0.53808	0.02786	0.11219	0.06025	0.02032	0.06227	0.01850	0.06658	0.01552	0.01012	0.01197	0.00860	0.00540	0.00457	0.00149	0.00670	0.00408	0.00286	0.00771
21	0.01335	0.02867	0.61229	0.01619	0.02376	0.09961	0.01953	0.05298	0.01366	0.01899	0.01146	0.04216	0.00884	0.00624	0.00567	0.00185	0.00865	0.00483	0.00284	0.00844
22	0.00748	0.00588	0.00629	0.00634	0.00773	0.00520	0.00442	0.00869	0.01245	0.01544	0.09941	0.09532	0.48830	0.19659	0.01242	0.00288	0.00365	0.01170	0.00512	0.00469
23	0.02209	0.02819	0.01676	0.01524	0.01828	0.76843	0.01143	0.02361	0.01676	0.01447	0.00914	0.01066	0.00762	0.00609	0.00533	0.00152	0.01066	0.00381	0.00305	0.00686
24	0.00714	0.00541	0.00660	0.00755	0.00840	0.00486	0.00518	0.00831	0.01198	0.01537	0.04096	0.56431	0.25771	0.01744	0.00738	0.00228	0.00330	0.01549	0.00549	0.00486
25	0.02209	0.02819	0.01676	0.01524	0.01828	0.76843	0.01143	0.02361	0.01676	0.01447	0.00914	0.01066	0.00762	0.00609	0.00533	0.00152	0.01066	0.00381	0.00305	0.00686
26	0.01068	0.00657	0.00854	0.00775	0.00961	0.00595	0.00592	0.01332	0.01654	0.12082	0.60711	0.04187	0.09899	0.01166	0.00684	0.00187	0.00310	0.01019	0.00655	0.00613
27	0.83394	0.01144	0.00869	0.00778	0.01144	0.01327	0.00640	0.01738	0.01006	0.02653	0.00823	0.00961	0.00640	0.00549	0.00366	0.00183	0.00457	0.00320	0.00366	0.00640
28	0.01102	0.00551	0.00551	0.00551	0.00689	0.00551	0.00413	0.01378	0.01240	0.02205	0.01929	0.02205	0.01516	0.00689	0.00413	0.00138	0.00276	0.00551	0.82500	0.00551
29	0.01226	0.01051	0.01226	0.00876	0.01401	0.00788	0.00701	0.01489	0.01226	0.01927	0.01051	0.01226	0.00876	0.00438	0.00438	0.00088	0.00438	0.00350	0.00350	0.82832
30	0.02248	0.01656	0.01775	0.01361	0.01834	0.01834	0.01124	0.73556	0.02780	0.03727	0.01420	0.01420	0.01006	0.00710	0.00592	0.00177	0.00651	0.00532	0.00592	0.01006
31	0.01608	0.01330	0.01486	0.01225	0.01602	0.07962	0.07105	0.09585	0.28840	0.07724	0.01836	0.01920	0.01400	0.00699	0.00563	0.00171	0.00563	0.02144	0.09853	0.12385
32	0.01282	0.01220	0.02072	0.42487	0.38091	0.01357	0.01725	0.01656	0.01261	0.01711	0.01080	0.01523	0.00859	0.00561	0.00588	0.00187	0.00747	0.00526	0.00277	0.00790
33	0.00837	0.00604	0.00790	0.00744	0.00883	0.00558	0.00558	0.01116	0.01674	0.02371	0.75216	0.04417	0.05580	0.01209	0.00697	0.00186	0.00279	0.01069	0.00651	0.00558
34	0.02253	0.01133	0.01398	0.01097	0.01511	0.01104	0.00897	0.21161	0.04948	0.44078	0.11953	0.02191	0.01914	0.00794	0.00608	0.00183	0.00510	0.00646	0.00679	0.00943
35	0.25361	0.01910	0.01393	0.01213	0.01563	0.32230	0.00949	0.16635	0.05685	0.02348	0.01121	0.01225	0.00870	0.00627	0.00495	0.00168	0.00737	0.00418	0.04306	0.00745
36	0.01397	0.01442	0.05792	0.04868	0.60081	0.01359	0.08135	0.01764	0.01331	0.01894	0.01234	0.05717	0.01085	0.00600	0.00604	0.00182	0.00719	0.00601	0.00305	0.00890

[dist]
# distance from previous block
# <min> <max>
0	12

[block]
# block no. 4 follows, 39 sequences, length 24
# corresponding to MSA columns:
# 1465-1488
name=unknown_E
#
# <colnr> <probs for GDERKNQSTAVLIFYWHMCP>
#	G	D	E	R	K	N	Q	S	T	A	V	L	I	F	Y	W	H	M	C	P
0	0.83394	0.01144	0.00869	0.00778	0.01144	0.01327	0.00640	0.01738	0.01006	0.02653	0.00823	0.00961	0.00640	0.00549	0.00366	0.00183	0.00457	0.00320	0.00366	0.00640
1	0.06812	0.01062	0.01094	0.00926	0.01231	0.07878	0.00736	0.09059	0.01552	0.26995	0.01833	0.01890	0.01323	0.00913	0.05062	0.00209	0.00551	0.00539	0.29569	0.00765
2	0.00860	0.00573	0.00645	0.00645	0.00645	0.00573	0.00358	0.00860	0.00860	0.01147	0.01863	0.03870	0.02150	0.79217	0.03010	0.00573	0.00573	0.00860	0.00358	0.00358
3	0.83394	0.01144	0.00869	0.00778	0.01144	0.01327	0.00640	0.01738	0.01006	0.02653	0.00823	0.00961	0.00640	0.00549	0.00366	0.00183	0.00457	0.00320	0.00366	0.00640
4	0.02653	0.01006	0.01372	0.01052	0.01510	0.00869	0.00869	0.02882	0.01693	0.75937	0.02333	0.02013	0.01464	0.00732	0.00595	0.00183	0.00503	0.00595	0.00732	0.01006
5	0.01765	0.01019	0.01290	0.01079	0.01391	0.01063	0.00871	0.21153	0.01709	0.24418	0.06158	0.02112	0.01591	0.02128	0.28898	0.00466	0.00931	0.00621	0.00535	0.00802
6	0.00721	0.00515	0.00686	0.00823	0.00858	0.00480	0.00549	0.00823	0.01132	0.01510	0.03259	0.78831	0.03911	0.01853	0.00755	0.00240	0.00343	0.01681	0.00549	0.00480
7	0.00934	0.00666	0.00923	0.01033	0.01153	0.00676	0.00875	0.01174	0.01274	0.01672	0.02864	0.05995	0.03103	0.09506	0.08046	0.00364	0.00643	0.58070	0.00505	0.00525
8	0.01575	0.01634	0.02235	0.07683	0.58235	0.14736	0.01686	0.01893	0.01395	0.01821	0.01074	0.01400	0.00897	0.00545	0.00577	0.00173	0.00772	0.00501	0.00293	0.00876
9	0.01563	0.23540	0.17040	0.01879	0.19470	0.13925	0.01450	0.02066	0.10330	0.01759	0.01149	0.01305	0.00929	0.00575	0.00517	0.00164	0.00748	0.00444	0.00313	0.00834
10	0.01517	0.01100	0.01442	0.01353	0.13414	0.00902	0.00911	0.01788	0.01328	0.15012	0.01288	0.01404	0.00990	0.00504	0.00490	0.00119	0.00492	0.00422	0.00409	0.55116
11	0.01273	0.09456	0.46231	0.05548	0.02260	0.01309	0.04233	0.01780	0.01260	0.06330	0.01337	0.08910	0.01119	0.00686	0.00565	0.00181	0.00750	0.00566	0.00318	0.05888
12	0.00966	0.02638	0.01299	0.11456	0.01614	0.00953	0.06545	0.01225	0.04906	0.01575	0.02352	0.45763	0.02634	0.01377	0.00878	0.00229	0.11360	0.01202	0.00446	0.00582
13	0.00837	0.00604	0.00790	0.00744	0.00883	0.00558	0.00558	0.01116	0.01674	0.02371	0.75216	0.04417	0.05580	0.01209	0.00697	0.00186	0.00279	0.01069	0.00651	0.00558
14	0.06596	0.01114	0.01691	0.47840	0.08936	0.01269	0.01415	0.06238	0.01380	0.15919	0.01309	0.01603	0.00933	0.00618	0.00578	0.00191	0.00698	0.00527	0.00381	0.00766
15	0.06782	0.29305	0.05801	0.06244	0.09977	0.23709	0.01220	0.07421	0.01465	0.01754	0.00952	0.01130	0.00792	0.00565	0.00484	0.00154	0.00778	0.00394	0.00306	0.00768
16	0.00699	0.00599	0.00599	0.00599	0.00799	0.00499	0.00449	0.00849	0.01348	0.01598	0.05991	0.05691	0.75288	0.01498	0.00699	0.00200	0.00300	0.01248	0.00549	0.00499
17	0.00893	0.00616	0.00789	0.00746	0.00900	0.00561	0.00559	0.01147	0.01611	0.05360	0.60898	0.08430	0.12750	0.01254	0.00696	0.00190	0.00294	0.01101	0.00638	0.00567
18	0.04838	0.08750	0.01518	0.05982	0.06045	0.04909	0.01014	0.04044	0.01125	0.01619	0.01228	0.01718	0.01101	0.02182	0.30654	0.00489	0.16913	0.00531	0.04700	0.00640
19	0.01383	0.05083	0.38191	0.01616	0.02213	0.06003	0.08517	0.04710	0.14515	0.01962	0.01283	0.01444	0.00967	0.00655	0.00719	0.00194	0.08860	0.00508	0.00335	0.00844
20	0.00779	0.00579	0.00666	0.00707	0.00846	0.00520	0.00523	0.00953	0.01318	0.01733	0.12264	0.24335	0.36182	0.01490	0.00695	0.00208	0.00325	0.06765	0.08603	0.00509
21	0.03393	0.01522	0.01964	0.14908	0.37529	0.15653	0.03479	0.01771	0.01367	0.01751	0.01402	0.05017	0.03811	0.00684	0.00594	0.00183	0.00753	0.03114	0.00321	0.00783
22	0.01371	0.06079	0.02110	0.31569	0.32206	0.01492	0.01609	0.06097	0.01323	0.01801	0.01059	0.01457	0.00858	0.00608	0.00700	0.00189	0.07869	0.00513	0.00294	0.00796
23	0.01399	0.01761	0.20715	0.12364	0.34328	0.01385	0.07763	0.01834	0.01301	0.05791	0.01147	0.01456	0.00887	0.00579	0.00660	0.00188	0.04758	0.00522	0.00300	0.00862

[dist]
# distance from previous block
# <min> <max>
0	6

[block]
# block no. 5 follows, 39 sequences, length 31
# corresponding to MSA columns:
# 1495,1496,1510-1538
name=unknown_F
#
# <colnr> <probs for GDERKNQSTAVLIFYWHMCP>
#	G	D	E	R	K	N	Q	S	T	A	V	L	I	F	Y	W	H	M	C	P
0	0.00811	0.00582	0.00759	0.00758	0.00867	0.00540	0.00547	0.01036	0.01510	0.02114	0.54986	0.21946	0.05034	0.04824	0.00814	0.00216	0.00307	0.01204	0.00614	0.00531
1	0.04440	0.10048	0.07615	0.01823	0.02298	0.16649	0.31570	0.01960	0.04326	0.01762	0.01085	0.01358	0.00862	0.00583	0.00701	0.00181	0.07496	0.00531	0.00305	0.04405
2	0.00918	0.00770	0.00919	0.01020	0.07188	0.00744	0.00703	0.01335	0.12484	0.01834	0.10439	0.10385	0.39580	0.01327	0.00690	0.00207	0.00384	0.07919	0.00544	0.00610
3	0.01199	0.01128	0.04223	0.18679	0.02063	0.00932	0.00975	0.01509	0.01217	0.01829	0.01051	0.01308	0.00851	0.00478	0.00478	0.00117	0.00536	0.00394	0.00326	0.60706
4	0.00804	0.00603	0.00745	0.00710	0.00863	0.00544	0.00532	0.01053	0.01597	0.02189	0.58862	0.04718	0.22048	0.01277	0.00698	0.00189	0.00284	0.01112	0.00627	0.00544
5	0.01787	0.01427	0.01515	0.01267	0.01658	0.01619	0.01012	0.31775	0.45312	0.02983	0.02006	0.01887	0.01480	0.00765	0.00598	0.00191	0.00542	0.00613	0.00598	0.00964
6	0.00830	0.00604	0.00781	0.00737	0.00879	0.00555	0.00552	0.01102	0.01657	0.02332	0.71663	0.04483	0.09157	0.01224	0.00698	0.00187	0.00280	0.01079	0.00646	0.00555
7	0.01464	0.01405	0.02400	0.03630	0.75528	0.01405	0.01815	0.01815	0.01347	0.01932	0.01112	0.01464	0.00937	0.00527	0.00585	0.00176	0.00703	0.00527	0.00293	0.00937
8	0.01149	0.01023	0.01156	0.01051	0.01266	0.01174	0.00826	0.01951	0.32851	0.01940	0.03367	0.04940	0.27461	0.01115	0.00900	0.00212	0.15520	0.00865	0.00515	0.00716
9	0.01117	0.01051	0.01774	0.77795	0.04073	0.01314	0.01642	0.01511	0.01182	0.01511	0.01051	0.01577	0.00788	0.00591	0.00591	0.00197	0.00788	0.00526	0.00263	0.00657
10	0.01028	0.00854	0.00934	0.00912	0.01122	0.00897	0.00680	0.01798	0.31383	0.01971	0.07026	0.22872	0.23608	0.01289	0.00673	0.00210	0.00379	0.01112	0.00575	0.00677
11	0.83394	0.01144	0.00869	0.00778	0.01144	0.01327	0.00640	0.01738	0.01006	0.02653	0.00823	0.00961	0.00640	0.00549	0.00366	0.00183	0.00457	0.00320	0.00366	0.00640
12	0.00838	0.00608	0.00812	0.00771	0.00906	0.00582	0.00582	0.01108	0.01578	0.02239	0.65413	0.04139	0.05034	0.01639	0.10839	0.00288	0.00453	0.01011	0.00607	0.00554
13	0.01581	0.79572	0.03099	0.01012	0.01518	0.02340	0.01012	0.01771	0.01202	0.01391	0.00822	0.00949	0.00759	0.00506	0.00379	0.00126	0.00632	0.00316	0.00253	0.00759
14	0.01543	0.29148	0.12202	0.01498	0.01924	0.11759	0.10990	0.03981	0.01278	0.01607	0.00924	0.01182	0.00788	0.00650	0.00821	0.00179	0.18054	0.00443	0.00277	0.00752
15	0.01149	0.00873	0.00960	0.00986	0.04048	0.06810	0.00705	0.06870	0.01280	0.01854	0.01861	0.13447	0.01754	0.04380	0.24780	0.00429	0.00818	0.00738	0.25669	0.00589
16	0.01581	0.79572	0.03099	0.01012	0.01518	0.02340	0.01012	0.01771	0.01202	0.01391	0.00822	0.00949	0.00759	0.00506	0.00379	0.00126	0.00632	0.00316	0.00253	0.00759
17	0.02129	0.01597	0.01708	0.01337	0.01789	0.01778	0.01095	0.62763	0.13767	0.03535	0.01571	0.01540	0.01128	0.00724	0.00593	0.00181	0.00623	0.00553	0.00593	0.00995
18	0.00917	0.03737	0.03919	0.05519	0.01150	0.00792	0.00708	0.01081	0.00962	0.01345	0.01618	0.02757	0.01632	0.31689	0.36225	0.00676	0.01051	0.00689	0.03037	0.00496
19	0.01501	0.20498	0.27049	0.01482	0.02119	0.01632	0.11127	0.14533	0.01527	0.02097	0.01085	0.01252	0.00832	0.00552	0.00528	0.00161	0.00742	0.00450	0.00330	0.10503
20	0.00906	0.00674	0.00808	0.00770	0.00792	0.00734	0.00503	0.00951	0.00950	0.01291	0.06634	0.03677	0.06980	0.58654	0.02568	0.00482	0.10976	0.00853	0.00376	0.00419
21	0.00746	0.00534	0.00709	0.00806	0.00863	0.00497	0.00551	0.00886	0.01249	0.01695	0.18707	0.62855	0.04270	0.01715	0.00743	0.00229	0.00329	0.01550	0.00571	0.00497
22	0.01280	0.01242	0.01793	0.34045	0.22212	0.06893	0.01461	0.01643	0.04098	0.01621	0.01177	0.01687	0.00989	0.04594	0.07521	0.00276	0.05907	0.00545	0.00296	0.00719
23	0.04884	0.19021	0.04969	0.01311	0.01730	0.26762	0.01109	0.21886	0.07503	0.02204	0.01166	0.01255	0.00919	0.00698	0.01972	0.00175	0.00790	0.00436	0.00396	0.00813
24	0.00860	0.00573	0.00645	0.00645	0.00645	0.00573	0.00358	0.00860	0.00860	0.01147	0.01863	0.03870	0.02150	0.79217	0.03010	0.00573	0.00573	0.00860	0.00358	0.00358
25	0.00752	0.00601	0.00672	0.00655	0.00831	0.00522	0.00491	0.00951	0.01473	0.01894	0.32463	0.05204	0.48631	0.01387	0.00698	0.00194	0.00292	0.01180	0.00588	0.00522
26	0.01610	0.02143	0.31912	0.07952	0.05284	0.01552	0.06191	0.28451	0.04798	0.02558	0.01259	0.01408	0.00907	0.00624	0.00586	0.00185	0.00769	0.00509	0.00397	0.00905
27	0.01256	0.01015	0.01093	0.01022	0.01275	0.01132	0.00779	0.02402	0.48414	0.02272	0.07378	0.12798	0.05102	0.00984	0.00610	0.00198	0.00410	0.00839	0.10232	0.00788
28	0.00832	0.00604	0.00784	0.00739	0.00881	0.00556	0.00554	0.01107	0.01663	0.02346	0.72907	0.04460	0.07904	0.01219	0.00698	0.00186	0.00280	0.01075	0.00648	0.00556
29	0.02355	0.01485	0.01668	0.01279	0.01748	0.01579	0.01057	0.54885	0.02493	0.22804	0.01661	0.01576	0.01127	0.00716	0.00592	0.00179	0.00612	0.00549	0.00629	0.01006
30	0.18296	0.04476	0.15714	0.01287	0.01818	0.01524	0.03419	0.31465	0.01892	0.12636	0.01326	0.01363	0.00933	0.00639	0.00537	0.00180	0.00645	0.00478	0.00479	0.00893

[dist]
# distance from previous block
# <min> <max>
0	37

[block]
# block no. 6 follows, 39 sequences, length 64
# corresponding to MSA columns:
# 1576-1607,1620-1625,1658-1683
name=unknown_G
#
# <colnr> <probs for GDERKNQSTAVLIFYWHMCP>
#	G	D	E	R	K	N	Q	S	T	A	V	L	I	F	Y	W	H	M	C	P
0	0.18248	0.00972	0.01128	0.00957	0.01255	0.00990	0.03897	0.13250	0.01625	0.11550	0.21809	0.09318	0.10691	0.00989	0.00605	0.00190	0.00443	0.00825	0.00557	0.00701
1	0.83394	0.01144	0.00869	0.00778	0.01144	0.01327	0.00640	0.01738	0.01006	0.02653	0.00823	0.00961	0.00640	0.00549	0.00366	0.00183	0.00457	0.00320	0.00366	0.00640
2	0.01407	0.00641	0.00713	0.00650	0.00850	0.00614	0.00503	0.01674	0.01329	0.16700	0.02009	0.02167	0.01506	0.00697	0.00449	0.00147	0.00320	0.00560	0.66425	0.00641
3	0.01641	0.18709	0.06408	0.08237	0.05349	0.20247	0.03764	0.03757	0.22377	0.01845	0.01373	0.01468	0.01080	0.00632	0.00536	0.00170	0.00737	0.00487	0.00377	0.00804
4	0.01284	0.04655	0.01668	0.01372	0.01436	0.03053	0.01138	0.01505	0.04159	0.01599	0.06020	0.01604	0.01210	0.00976	0.01572	0.00233	0.57962	0.00553	0.07351	0.00651
5	0.00859	0.00579	0.00671	0.00671	0.00680	0.00588	0.00391	0.00877	0.00868	0.01166	0.01839	0.03737	0.02092	0.72806	0.09342	0.00606	0.00660	0.00841	0.00355	0.00373
6	0.00704	0.00599	0.00606	0.00605	0.00802	0.00501	0.00453	0.00859	0.01360	0.01627	0.08590	0.05644	0.72671	0.01487	0.00699	0.00199	0.00299	0.01241	0.00553	0.00501
7	0.00779	0.00602	0.00711	0.00684	0.00848	0.00533	0.00513	0.01004	0.01538	0.02049	0.46333	0.04949	0.34664	0.01329	0.00698	0.00192	0.00288	0.01144	0.00609	0.00533
8	0.01294	0.01294	0.01811	0.01553	0.01553	0.01811	0.01294	0.01423	0.00906	0.01423	0.00776	0.01294	0.00776	0.01035	0.01941	0.00259	0.78134	0.00518	0.00259	0.00647
9	0.02489	0.01200	0.01484	0.01145	0.01602	0.01166	0.00944	0.22746	0.05109	0.52512	0.02080	0.01855	0.01350	0.00729	0.00594	0.00182	0.00543	0.00580	0.00687	0.01003
10	0.01117	0.01051	0.01774	0.77795	0.04073	0.01314	0.01642	0.01511	0.01182	0.01511	0.01051	0.01577	0.00788	0.00591	0.00591	0.00197	0.00788	0.00526	0.00263	0.00657
11	0.01464	0.01405	0.02400	0.03630	0.75528	0.01405	0.01815	0.01815	0.01347	0.01932	0.01112	0.01464	0.00937	0.00527	0.00585	0.00176	0.00703	0.00527	0.00293	0.00937
12	0.02653	0.01006	0.01372	0.01052	0.01510	0.00869	0.00869	0.02882	0.01693	0.75937	0.02333	0.02013	0.01464	0.00732	0.00595	0.00183	0.00503	0.00595	0.00732	0.01006
13	0.01019	0.00519	0.00779	0.00779	0.00784	0.00524	0.00524	0.00784	0.00779	0.01043	0.01053	0.01822	0.01048	0.02164	0.05734	0.79037	0.00563	0.00519	0.00260	0.00269
14	0.00721	0.00515	0.00686	0.00823	0.00858	0.00480	0.00549	0.00823	0.01132	0.01510	0.03259	0.78831	0.03911	0.01853	0.00755	0.00240	0.00343	0.01681	0.00549	0.00480
15	0.01585	0.08344	0.02266	0.07500	0.48472	0.15546	0.01592	0.01881	0.01370	0.01752	0.01035	0.01347	0.00874	0.00562	0.00606	0.00171	0.03480	0.00481	0.00289	0.00847
16	0.83394	0.01144	0.00869	0.00778	0.01144	0.01327	0.00640	0.01738	0.01006	0.02653	0.00823	0.00961	0.00640	0.00549	0.00366	0.00183	0.00457	0.00320	0.00366	0.00640
17	0.00731	0.00560	0.00671	0.00729	0.00840	0.00500	0.00514	0.00879	0.01297	0.01679	0.15698	0.40356	0.30176	0.01621	0.00725	0.00217	0.00317	0.01426	0.00565	0.00500
18	0.01857	0.45854	0.02474	0.01237	0.01654	0.35070	0.01069	0.02030	0.01410	0.01416	0.00863	0.01000	0.00760	0.00551	0.00447	0.00138	0.00823	0.00345	0.00276	0.00727
19	0.01237	0.01060	0.01231	0.00890	0.01407	0.00817	0.00711	0.01559	0.04343	0.01950	0.01109	0.01268	0.00915	0.00453	0.00445	0.00092	0.00439	0.00364	0.00361	0.79346
20	0.01517	0.01421	0.02375	0.09140	0.55502	0.01453	0.07860	0.09751	0.01497	0.02095	0.01149	0.01479	0.00929	0.00550	0.00596	0.00180	0.00729	0.00542	0.00324	0.00910
21	0.01433	0.01492	0.02896	0.03113	0.42580	0.01446	0.34366	0.01851	0.01369	0.01915	0.01151	0.01523	0.00919	0.00514	0.00637	0.00186	0.00836	0.00605	0.00296	0.00873
22	0.02209	0.02819	0.01676	0.01524	0.01828	0.76843	0.01143	0.02361	0.01676	0.01447	0.00914	0.01066	0.00762	0.00609	0.00533	0.00152	0.01066	0.00381	0.00305	0.00686
23	0.01117	0.01051	0.01774	0.77795	0.04073	0.01314	0.01642	0.01511	0.01182	0.01511	0.01051	0.01577	0.00788	0.00591	0.00591	0.00197	0.00788	0.00526	0.00263	0.00657
24	0.01935	0.01571	0.01746	0.01648	0.12188	0.04872	0.01174	0.42201	0.21027	0.03053	0.01610	0.01614	0.01192	0.00704	0.00591	0.00182	0.00629	0.00560	0.00540	0.00964
25	0.00746	0.00598	0.00667	0.00656	0.00830	0.00518	0.00490	0.00938	0.01450	0.01856	0.29288	0.07865	0.49188	0.01413	0.00700	0.00197	0.00294	0.01203	0.00584	0.00518
26	0.01226	0.01051	0.01226	0.00876	0.01401	0.00788	0.00701	0.01489	0.01226	0.01927	0.01051	0.01226	0.00876	0.00438	0.00438	0.00088	0.00438	0.00350	0.00350	0.82832
27	0.01299	0.01118	0.01381	0.01203	0.09639	0.00904	0.00843	0.04784	0.01310	0.02009	0.01075	0.01261	0.00889	0.00460	0.00461	0.00101	0.00477	0.00378	0.00355	0.70053
28	0.00721	0.00515	0.00686	0.00823	0.00858	0.00480	0.00549	0.00823	0.01132	0.01510	0.03259	0.78831	0.03911	0.01853	0.00755	0.00240	0.00343	0.01681	0.00549	0.00480
29	0.01284	0.10650	0.31875	0.04647	0.16628	0.04841	0.07310	0.01723	0.01276	0.01753	0.01337	0.11486	0.01216	0.00717	0.00582	0.00185	0.00759	0.00626	0.00305	0.00799
30	0.00894	0.00707	0.01045	0.01017	0.01111	0.00858	0.00800	0.01097	0.00945	0.01378	0.01495	0.02210	0.01401	0.04060	0.68599	0.00874	0.10037	0.00621	0.00310	0.00541
31	0.08675	0.10450	0.13898	0.01398	0.06849	0.08713	0.02480	0.03075	0.08654	0.03053	0.01252	0.01512	0.01030	0.01343	0.15172	0.00320	0.05120	0.00483	0.00339	0.06184
32	0.01266	0.01115	0.01877	0.27051	0.37724	0.01200	0.01503	0.01511	0.01180	0.01618	0.01076	0.01566	0.00907	0.00848	0.00927	0.16425	0.00693	0.00524	0.00276	0.00713
33	0.00837	0.00604	0.00790	0.00744	0.00883	0.00558	0.00558	0.01116	0.01674	0.02371	0.75216	0.04417	0.05580	0.01209	0.00697	0.00186	0.00279	0.01069	0.00651	0.00558
34	0.00847	0.00627	0.00915	0.00915	0.01009	0.00720	0.00695	0.01033	0.00940	0.01347	0.01616	0.02501	0.01556	0.13038	0.68376	0.00907	0.01468	0.00660	0.00322	0.00508
35	0.01439	0.28764	0.02135	0.16703	0.11483	0.05073	0.01212	0.03278	0.07881	0.03046	0.01386	0.01966	0.01220	0.00697	0.00533	0.00173	0.00653	0.08334	0.03270	0.00752
36	0.00721	0.00515	0.00686	0.00823	0.00858	0.00480	0.00549	0.00823	0.01132	0.01510	0.03259	0.78831	0.03911	0.01853	0.00755	0.00240	0.00343	0.01681	0.00549	0.00480
37	0.01142	0.00771	0.01052	0.00908	0.01124	0.00775	0.10092	0.01594	0.09410	0.02176	0.08229	0.05832	0.01925	0.00774	0.00512	0.00162	0.00395	0.00680	0.51823	0.00624
38	0.01391	0.08289	0.02317	0.06408	0.24013	0.04814	0.20958	0.04747	0.01381	0.01881	0.01418	0.10081	0.01276	0.00693	0.00600	0.00182	0.00720	0.00678	0.07378	0.00775
39	0.01154	0.26967	0.13521	0.04092	0.04231	0.01348	0.04778	0.01415	0.01191	0.01555	0.01824	0.30087	0.01971	0.02526	0.00630	0.00195	0.00589	0.00888	0.00369	0.00670
40	0.00855	0.00595	0.00755	0.00755	0.00792	0.00633	0.00495	0.00930	0.00892	0.01228	0.01763	0.03315	0.01909	0.52388	0.29509	0.00709	0.00936	0.00779	0.00343	0.00419
41	0.01226	0.01051	0.01226	0.00876	0.01401	0.00788	0.00701	0.01489	0.01226	0.01927	0.01051	0.01226	0.00876	0.00438	0.00438	0.00088	0.00438	0.00350	0.00350	0.82832
42	0.01678	0.08778	0.04760	0.01543	0.01790	0.28353	0.06019	0.04911	0.01331	0.01575	0.00911	0.01226	0.00800	0.00835	0.02540	0.00213	0.31281	0.00463	0.00292	0.00702
43	0.00718	0.00526	0.00674	0.00793	0.00850	0.00483	0.00535	0.00827	0.01162	0.01522	0.03634	0.68798	0.13702	0.01804	0.00747	0.00235	0.00337	0.01622	0.00549	0.00483
44	0.01571	0.17978	0.02349	0.02578	0.43629	0.09939	0.01474	0.02013	0.09458	0.01825	0.01173	0.01394	0.00976	0.00562	0.00538	0.00166	0.00702	0.00482	0.00320	0.00872
45	0.00853	0.00574	0.00643	0.00643	0.00652	0.00570	0.00362	0.00860	0.00881	0.01167	0.02045	0.03950	0.05368	0.75797	0.02908	0.00557	0.00561	0.00877	0.00367	0.00365
46	0.01434	0.01190	0.01267	0.01118	0.01439	0.01333	0.00875	0.12071	0.50590	0.02534	0.08915	0.02678	0.10169	0.00902	0.00619	0.00196	0.00457	0.00749	0.00599	0.00864
47	0.00715	0.00537	0.00663	0.00765	0.00842	0.00485	0.00523	0.00830	0.01189	0.01533	0.03973	0.59718	0.22564	0.01760	0.00740	0.00230	0.00332	0.01568	0.00549	0.00485
48	0.02209	0.02819	0.01676	0.01524	0.01828	0.76843	0.01143	0.02361	0.01676	0.01447	0.00914	0.01066	0.00762	0.00609	0.00533	0.00152	0.01066	0.00381	0.00305	0.00686
49	0.83394	0.01144	0.00869	0.00778	0.01144	0.01327	0.00640	0.01738	0.01006	0.02653	0.00823	0.00961	0.00640	0.00549	0.00366	0.00183	0.00457	0.00320	0.00366	0.00640
50	0.83394	0.01144	0.00869	0.00778	0.01144	0.01327	0.00640	0.01738	0.01006	0.02653	0.00823	0.00961	0.00640	0.00549	0.00366	0.00183	0.00457	0.00320	0.00366	0.00640
51	0.00784	0.00598	0.00694	0.00672	0.00818	0.00536	0.00488	0.00974	0.01435	0.01896	0.37487	0.04862	0.33400	0.11592	0.01002	0.00243	0.00326	0.01114	0.00571	0.00508
52	0.01452	0.08077	0.02309	0.06650	0.45334	0.01501	0.07300	0.02060	0.15537	0.01966	0.01343	0.01580	0.01079	0.00580	0.00580	0.00179	0.00679	0.00550	0.00348	0.00896
53	0.01906	0.01477	0.01574	0.01281	0.01688	0.01660	0.01031	0.43785	0.31337	0.03168	0.01824	0.01790	0.01351	0.02555	0.00651	0.00196	0.00576	0.00594	0.00590	0.00963
54	0.00737	0.00588	0.00665	0.00707	0.00859	0.00516	0.00528	0.00895	0.01318	0.01638	0.08973	0.22666	0.47778	0.01577	0.00723	0.00215	0.00332	0.08229	0.00554	0.00503
55	0.01439	0.14386	0.36109	0.01730	0.04894	0.07080	0.16025	0.01924	0.01326	0.05185	0.01131	0.01334	0.00847	0.00555	0.00556	0.00175	0.00831	0.00481	0.03167	0.00824
56	0.01381	0.10426	0.40640	0.01938	0.08773	0.01500	0.18491	0.03873	0.01344	0.04521	0.01127	0.01348	0.00833	0.00548	0.00578	0.00182	0.00843	0.00501	0.00292	0.00858
57	0.09932	0.00918	0.01103	0.00899	0.01263	0.00846	0.00729	0.05206	0.01568	0.42717	0.05179	0.02748	0.17045	0.00887	0.00585	0.00183	0.00440	0.00715	0.06218	0.00819
58	0.00978	0.00990	0.07542	0.01427	0.17391	0.00806	0.00943	0.01280	0.02711	0.01930	0.22116	0.11078	0.22798	0.01117	0.00654	0.00191	0.00438	0.00976	0.03983	0.00651
59	0.04789	0.11265	0.12571	0.01350	0.04397	0.06619	0.04474	0.10195	0.01605	0.30955	0.01581	0.01578	0.01101	0.00807	0.03911	0.00208	0.00705	0.00510	0.00491	0.00888
60	0.01186	0.00643	0.00843	0.00854	0.01009	0.00577	0.00615	0.01324	0.01292	0.19532	0.03338	0.52131	0.11232	0.01542	0.00710	0.00222	0.00377	0.01370	0.00593	0.00610
61	0.00847	0.00571	0.00743	0.00842	0.00915	0.00538	0.00577	0.01017	0.03921	0.05370	0.03272	0.69531	0.06126	0.01744	0.00739	0.00234	0.00355	0.01573	0.00560	0.00525
62	0.04543	0.06820	0.01539	0.01258	0.01573	0.38647	0.00974	0.05407	0.09647	0.10968	0.01326	0.01430	0.01029	0.00770	0.00683	0.07246	0.00782	0.00459	0.04172	0.00728
63	0.59885	0.04863	0.01208	0.06780	0.04076	0.04634	0.00839	0.08146	0.01227	0.02528	0.00908	0.01070	0.00705	0.00566	0.00418	0.00179	0.00542	0.00364	0.00368	0.00692

[dist]
# distance from previous block
# <min> <max>
0	77

[block]
# block no. 7 follows, 39 sequences, length 28
# corresponding to MSA columns:
# 1765-1792
name=unknown_H
#
# <colnr> <probs for GDERKNQSTAVLIFYWHMCP>
#	G	D	E	R	K	N	Q	S	T	A	V	L	I	F	Y	W	H	M	C	P
0	0.09364	0.01166	0.01597	0.04647	0.12291	0.01051	0.07714	0.04620	0.01323	0.02075	0.04564	0.01442	0.01087	0.00522	0.00502	0.00133	0.00546	0.00454	0.00359	0.44540
1	0.00791	0.00546	0.00707	0.00804	0.00876	0.00500	0.00550	0.00914	0.01208	0.04088	0.08137	0.64103	0.11099	0.01738	0.00740	0.00231	0.00340	0.01562	0.00562	0.00505
2	0.01433	0.03589	0.01558	0.07109	0.14601	0.24750	0.01131	0.01663	0.01275	0.01522	0.01223	0.01666	0.01077	0.02033	0.29139	0.00460	0.02726	0.00516	0.01864	0.00667
3	0.83394	0.01144	0.00869	0.00778	0.01144	0.01327	0.00640	0.01738	0.01006	0.02653	0.00823	0.00961	0.00640	0.00549	0.00366	0.00183	0.00457	0.00320	0.00366	0.00640
4	0.00828	0.00604	0.00778	0.00735	0.00878	0.00554	0.00551	0.01099	0.01653	0.02322	0.70763	0.04499	0.10064	0.01228	0.00698	0.00187	0.00280	0.01081	0.00644	0.00554
5	0.00953	0.00681	0.00953	0.01089	0.01225	0.00681	0.00953	0.01225	0.01361	0.01770	0.03131	0.06671	0.03403	0.01634	0.00817	0.00272	0.00545	0.71547	0.00545	0.00545
6	0.00718	0.00584	0.00636	0.00657	0.00819	0.00502	0.00480	0.00872	0.01342	0.01663	0.12850	0.19422	0.54327	0.01534	0.00709	0.00206	0.00306	0.01311	0.00560	0.00502
7	0.83394	0.01144	0.00869	0.00778	0.01144	0.01327	0.00640	0.01738	0.01006	0.02653	0.00823	0.00961	0.00640	0.00549	0.00366	0.00183	0.00457	0.00320	0.00366	0.00640
