[name]
unknown

[dist]
# distance from previous block
# <min> <max>
0	301

[block]
# block no. 0 follows, 44 sequences, length 22
# corresponding to MSA columns:
# 395-416
name=unknown_A
#
# <colnr> <probs for GDERKNQSTAVLIFYWHMCP>
#	G	D	E	R	K	N	Q	S	T	A	V	L	I	F	Y	W	H	M	C	P
0	0.05620	0.07520	0.03441	0.01112	0.01459	0.09386	0.00928	0.36495	0.01890	0.05601	0.07422	0.08484	0.01593	0.00805	0.00549	0.00170	0.00572	0.05718	0.00479	0.00757
1	0.01380	0.17248	0.11974	0.01429	0.01839	0.14305	0.18819	0.02761	0.01255	0.04388	0.01372	0.08196	0.03771	0.00702	0.00619	0.00170	0.05641	0.03136	0.00314	0.00679
2	0.01705	0.19144	0.01817	0.02434	0.02732	0.12964	0.01005	0.26812	0.17656	0.02236	0.01271	0.01316	0.00985	0.00629	0.00564	0.00159	0.04908	0.00452	0.00414	0.00796
3	0.00749	0.00538	0.00593	0.00590	0.00652	0.00508	0.00369	0.00808	0.00980	0.01264	0.08717	0.04085	0.23620	0.51996	0.02002	0.00403	0.00435	0.00910	0.00402	0.00382
4	0.01093	0.05551	0.15159	0.02856	0.07301	0.01003	0.04223	0.12691	0.01355	0.01842	0.04992	0.32638	0.04935	0.01055	0.00600	0.00188	0.00519	0.00931	0.00418	0.00649
5	0.08522	0.24858	0.17212	0.01511	0.10679	0.11452	0.07021	0.03818	0.07019	0.01706	0.00998	0.01147	0.00798	0.00520	0.00466	0.00152	0.00687	0.00402	0.00288	0.00743
6	0.00777	0.00522	0.00599	0.00615	0.00619	0.00518	0.00352	0.00789	0.00824	0.01099	0.01879	0.13205	0.02185	0.70925	0.02514	0.00490	0.00502	0.00888	0.00352	0.00344
7	0.44262	0.14802	0.07902	0.00909	0.01302	0.01382	0.00837	0.10254	0.01183	0.04385	0.00942	0.01090	0.00744	0.00825	0.07003	0.00219	0.00592	0.00358	0.00341	0.00668
8	0.14533	0.01622	0.07476	0.17305	0.08138	0.21007	0.01168	0.09461	0.01408	0.11316	0.01092	0.01249	0.00806	0.00564	0.00497	0.00163	0.00699	0.00423	0.00353	0.00720
9	0.01263	0.01088	0.01213	0.04248	0.07280	0.06488	0.00859	0.19964	0.05282	0.02063	0.09433	0.10913	0.19475	0.00983	0.00687	0.00181	0.06660	0.00799	0.00462	0.00661
10	0.01114	0.01122	0.01035	0.03894	0.01212	0.19975	0.00772	0.01235	0.01143	0.01344	0.02193	0.18171	0.13353	0.01570	0.10966	0.06866	0.08417	0.04747	0.00365	0.00506
11	0.00673	0.00481	0.00643	0.00769	0.00805	0.00450	0.00521	0.00774	0.01052	0.01401	0.03000	0.77460	0.03587	0.01700	0.00698	0.00223	0.00324	0.04488	0.00506	0.00445
12	0.01540	0.52366	0.02407	0.01096	0.01464	0.11959	0.00997	0.07458	0.01236	0.01463	0.00806	0.00972	0.00720	0.00569	0.00606	0.00142	0.12898	0.00344	0.00265	0.00693
13	0.01089	0.00916	0.01268	0.30872	0.02148	0.00948	0.00980	0.08274	0.01355	0.01891	0.20465	0.02022	0.01896	0.00663	0.00532	0.00150	0.00508	0.00570	0.00384	0.23069
14	0.01143	0.00966	0.01444	0.51020	0.02849	0.01120	0.01231	0.01663	0.12812	0.05650	0.07082	0.01740	0.01251	0.00615	0.00543	0.00173	0.00606	0.00534	0.00347	0.07211
15	0.00660	0.00493	0.00614	0.00711	0.00778	0.00447	0.00485	0.00765	0.01090	0.01411	0.03592	0.62952	0.20759	0.01632	0.00684	0.00213	0.00307	0.01457	0.00506	0.00447
16	0.01045	0.00773	0.01041	0.20911	0.01691	0.00820	0.00830	0.03534	0.09492	0.08479	0.13656	0.18868	0.14600	0.01042	0.00608	0.00187	0.00440	0.00907	0.00474	0.00601
17	0.01205	0.01833	0.29790	0.12412	0.29121	0.01287	0.13182	0.01667	0.01196	0.01706	0.01013	0.01310	0.00777	0.00501	0.00549	0.00172	0.00757	0.00480	0.00253	0.00789
18	0.02176	0.01229	0.01327	0.01057	0.01438	0.11039	0.00855	0.16682	0.01752	0.46877	0.08287	0.01827	0.01511	0.00694	0.00549	0.00164	0.00540	0.00549	0.00592	0.00854
19	0.00899	0.00544	0.00713	0.00765	0.00865	0.00495	0.00537	0.01021	0.01154	0.11350	0.07019	0.59796	0.09720	0.01515	0.00669	0.00209	0.00329	0.01356	0.00533	0.00511
20	0.01171	0.00815	0.00896	0.00856	0.01035	0.06121	0.00635	0.04195	0.07695	0.13762	0.16485	0.32749	0.08974	0.01207	0.00627	0.00190	0.00393	0.01053	0.00540	0.00601
21	0.04335	0.08967	0.01677	0.01257	0.01512	0.07785	0.13313	0.07129	0.06964	0.01643	0.01297	0.05764	0.01178	0.05310	0.18796	0.00357	0.11178	0.00577	0.00330	0.00632

[dist]
# distance from previous block
# <min> <max>
1	3

[block]
# block no. 1 follows, 44 sequences, length 48
# corresponding to MSA columns:
# 420-467
name=unknown_B
#
# <colnr> <probs for GDERKNQSTAVLIFYWHMCP>
#	G	D	E	R	K	N	Q	S	T	A	V	L	I	F	Y	W	H	M	C	P
0	0.00749	0.00529	0.00690	0.00729	0.00768	0.00548	0.00489	0.00836	0.00895	0.01222	0.02036	0.26770	0.02296	0.33581	0.24833	0.00538	0.00742	0.00963	0.00373	0.00412
1	0.04042	0.01342	0.05314	0.03515	0.23827	0.06400	0.23287	0.01702	0.05473	0.04353	0.08465	0.07000	0.01474	0.00649	0.00581	0.00174	0.00674	0.00642	0.00349	0.00734
2	0.01168	0.01053	0.01426	0.03432	0.05245	0.01335	0.01032	0.06466	0.10284	0.01650	0.06270	0.01694	0.01277	0.01482	0.16046	0.00339	0.38278	0.00551	0.00334	0.00639
3	0.01037	0.00852	0.00992	0.00769	0.01122	0.00683	0.00579	0.01252	0.02889	0.01619	0.01287	0.07005	0.01253	0.16602	0.00902	0.00182	0.00423	0.00507	0.00342	0.59703
4	0.01402	0.01268	0.01254	0.01129	0.01436	0.06582	0.00876	0.02848	0.71390	0.02217	0.02126	0.01963	0.01599	0.00728	0.00550	0.00182	0.00469	0.00598	0.00536	0.00847
5	0.01321	0.10924	0.01879	0.04094	0.32785	0.01334	0.01236	0.01556	0.01147	0.06725	0.01357	0.01590	0.06943	0.00663	0.00781	0.00169	0.17443	0.00505	0.00308	0.07239
6	0.00699	0.00549	0.00632	0.00622	0.00773	0.00482	0.00463	0.00884	0.01356	0.01767	0.35460	0.09839	0.41947	0.01291	0.00647	0.00181	0.00271	0.01108	0.00546	0.00482
7	0.01287	0.01471	0.03217	0.02298	0.02849	0.01379	0.75460	0.01746	0.01287	0.01746	0.01103	0.01471	0.00827	0.00460	0.00643	0.00184	0.00919	0.00643	0.00276	0.00735
8	0.01529	0.01328	0.06954	0.06307	0.32342	0.03086	0.05080	0.09269	0.07120	0.13842	0.03911	0.01692	0.03834	0.00609	0.00553	0.00168	0.00609	0.00545	0.00398	0.00824
9	0.01187	0.06032	0.11558	0.04003	0.25081	0.01103	0.11794	0.01511	0.01229	0.05607	0.04098	0.10876	0.06164	0.00789	0.00585	0.00180	0.00611	0.06525	0.00353	0.00713
10	0.01830	0.00934	0.01170	0.00940	0.01272	0.00897	0.00759	0.15951	0.03893	0.38363	0.25032	0.02438	0.02444	0.00808	0.00577	0.00169	0.00425	0.00674	0.00624	0.00799
11	0.00653	0.00553	0.00564	0.00561	0.00742	0.00464	0.00421	0.00799	0.01263	0.01520	0.10313	0.05168	0.72399	0.01363	0.00644	0.00183	0.00275	0.01140	0.00513	0.00464
12	0.06104	0.00949	0.01116	0.03389	0.04013	0.00775	0.00686	0.01390	0.01122	0.01825	0.01023	0.01206	0.00841	0.00436	0.00407	0.00096	0.00412	0.00347	0.07001	0.66864
13	0.01017	0.00871	0.01296	0.04694	0.12517	0.00919	0.05831	0.06903	0.01254	0.01727	0.12377	0.19485	0.08180	0.02992	0.08183	0.00262	0.08230	0.00864	0.00408	0.01991
14	0.01203	0.00668	0.00780	0.00687	0.00941	0.00567	0.00538	0.01369	0.01355	0.24886	0.08162	0.04148	0.50293	0.01151	0.00615	0.00179	0.00333	0.00958	0.00563	0.00606
15	0.00662	0.00484	0.00622	0.00733	0.00784	0.00445	0.00494	0.00762	0.01069	0.01402	0.03325	0.70917	0.12967	0.01666	0.00689	0.00217	0.00311	0.01499	0.00506	0.00445
16	0.05197	0.01710	0.13609	0.01803	0.16173	0.10904	0.10446	0.17569	0.01545	0.09312	0.01143	0.01299	0.00852	0.00580	0.00611	0.00169	0.05437	0.00474	0.00364	0.00802
17	0.84691	0.01054	0.00801	0.00717	0.01054	0.01223	0.00590	0.01603	0.00928	0.02446	0.00759	0.00886	0.00590	0.00506	0.00337	0.00169	0.00422	0.00295	0.00337	0.00590
18	0.01360	0.01385	0.01847	0.25379	0.35193	0.13587	0.01452	0.03156	0.01243	0.01605	0.00984	0.01328	0.00802	0.00553	0.00611	0.00169	0.05858	0.00464	0.02300	0.00726
19	0.01458	0.81168	0.02857	0.00933	0.01399	0.02157	0.00933	0.01632	0.01108	0.01283	0.00758	0.00875	0.00700	0.00466	0.00350	0.00117	0.00583	0.00292	0.00233	0.00700
20	0.00830	0.00595	0.00752	0.00751	0.00879	0.00570	0.00556	0.01134	0.07175	0.03957	0.41766	0.24471	0.08844	0.01266	0.00653	0.00190	0.00304	0.04217	0.00563	0.00529
21	0.00675	0.00514	0.00623	0.00695	0.00791	0.00463	0.00494	0.00802	0.01154	0.01480	0.08371	0.45923	0.29258	0.01548	0.00678	0.00207	0.00308	0.05048	0.00512	0.00456
22	0.00821	0.00575	0.00650	0.00635	0.00811	0.00495	0.00474	0.00977	0.01288	0.08155	0.15379	0.14492	0.50634	0.01323	0.00642	0.00186	0.00295	0.01126	0.00535	0.00506
23	0.05205	0.01857	0.08274	0.07132	0.17152	0.25386	0.09672	0.15286	0.01550	0.01937	0.01010	0.01213	0.00786	0.00545	0.00527	0.00161	0.00783	0.00447	0.00322	0.00755
24	0.09121	0.01300	0.01450	0.01120	0.01544	0.01373	0.00925	0.46599	0.02113	0.26608	0.01526	0.01444	0.01031	0.00648	0.00529	0.00166	0.00542	0.00492	0.00568	0.00899
25	0.01255	0.01225	0.02196	0.17721	0.40998	0.01265	0.16329	0.03558	0.01232	0.01708	0.01067	0.01446	0.00865	0.00740	0.05843	0.00218	0.00771	0.00524	0.00275	0.00764
26	0.01356	0.01171	0.01233	0.01109	0.01418	0.01356	0.00863	0.02897	0.76455	0.02281	0.02219	0.02034	0.01664	0.00740	0.00555	0.00185	0.00431	0.00616	0.00555	0.00863
27	0.84691	0.01054	0.00801	0.00717	0.01054	0.01223	0.00590	0.01603	0.00928	0.02446	0.00759	0.00886	0.00590	0.00506	0.00337	0.00169	0.00422	0.00295	0.00337	0.00590
28	0.02072	0.01527	0.01636	0.01254	0.01691	0.01691	0.01036	0.75622	0.02563	0.03436	0.01309	0.01309	0.00927	0.00654	0.00545	0.00164	0.00600	0.00491	0.00545	0.00927
29	0.84691	0.01054	0.00801	0.00717	0.01054	0.01223	0.00590	0.01603	0.00928	0.02446	0.00759	0.00886	0.00590	0.00506	0.00337	0.00169	0.00422	0.00295	0.00337	0.00590
30	0.01349	0.01295	0.02213	0.03346	0.77440	0.01295	0.01673	0.01673	0.01241	0.01781	0.01025	0.01349	0.00864	0.00486	0.00540	0.00162	0.00648	0.00486	0.00270	0.00864
31	0.01356	0.01171	0.01233	0.01109	0.01418	0.01356	0.00863	0.02897	0.76455	0.02281	0.02219	0.02034	0.01664	0.00740	0.00555	0.00185	0.00431	0.00616	0.00555	0.00863
32	0.00738	0.00529	0.00716	0.00839	0.00906	0.00507	0.00633	0.00887	0.01121	0.01476	0.03016	0.53299	0.04971	0.01632	0.00714	0.00231	0.00379	0.26438	0.00505	0.00464
33	0.02435	0.00946	0.01276	0.00979	0.01401	0.00828	0.00808	0.04879	0.01591	0.75552	0.02125	0.01839	0.01337	0.00674	0.00548	0.00169	0.00468	0.00546	0.00671	0.00928
34	0.01226	0.00673	0.00964	0.00885	0.01063	0.00704	0.00693	0.01414	0.01054	0.21753	0.01661	0.02150	0.01396	0.07747	0.53235	0.00666	0.01138	0.00587	0.00397	0.00596
35	0.00944	0.00564	0.00731	0.00754	0.00877	0.00509	0.00540	0.01084	0.01215	0.12983	0.13395	0.48604	0.12841	0.01430	0.00660	0.00202	0.00325	0.01271	0.00544	0.00528
36	0.00661	0.00534	0.00588	0.00614	0.00757	0.00461	0.00446	0.00800	0.01223	0.01520	0.11626	0.23163	0.52834	0.01434	0.00657	0.00192	0.00284	0.01231	0.00515	0.00461
37	0.01130	0.00969	0.01130	0.00807	0.01292	0.00727	0.00646	0.01373	0.01130	0.01776	0.00969	0.01130	0.00807	0.00404	0.00404	0.00081	0.00404	0.00323	0.00323	0.84173
38	0.00878	0.00584	0.00733	0.00753	0.00883	0.00540	0.00555	0.03355	0.01282	0.07556	0.17826	0.37391	0.17879	0.01402	0.00663	0.00201	0.00330	0.06134	0.00538	0.00517
39	0.00910	0.00557	0.00700	0.00700	0.00829	0.00511	0.00511	0.01095	0.01295	0.08905	0.28019	0.29263	0.11600	0.01239	0.00619	0.00184	0.00298	0.01090	0.11154	0.00523
40	0.01406	0.01694	0.07622	0.01884	0.02290	0.14309	0.40216	0.04214	0.01270	0.01643	0.00978	0.01305	0.00777	0.00590	0.00844	0.00187	0.17259	0.00539	0.00275	0.00701
41	0.01438	0.01538	0.01395	0.26010	0.02145	0.30508	0.01077	0.07981	0.01354	0.01518	0.01220	0.08921	0.01126	0.06217	0.05039	0.00230	0.00802	0.00561	0.00317	0.00603
42	0.00662	0.00484	0.00623	0.00735	0.00784	0.00445	0.00495	0.00762	0.01067	0.01401	0.03300	0.71671	0.12229	0.01670	0.00690	0.00217	0.00312	0.01503	0.00506	0.00445
43	0.00721	0.00560	0.00680	0.00733	0.00840	0.00540	0.00524	0.00942	0.06191	0.01475	0.04890	0.41477	0.25451	0.01824	0.10208	0.00287	0.00451	0.01238	0.00485	0.00483
44	0.01447	0.06565	0.16852	0.05532	0.29701	0.09174	0.09703	0.11133	0.01413	0.01886	0.01024	0.01258	0.00802	0.00520	0.00532	0.00163	0.00735	0.00463	0.00296	0.00802
45	0.01275	0.06461	0.01280	0.09939	0.05319	0.07757	0.00853	0.17012	0.01408	0.03196	0.01807	0.18305	0.04135	0.15106	0.00964	0.00241	0.00561	0.03365	0.00406	0.00611
46	0.07200	0.04359	0.03873	0.10179	0.01924	0.29560	0.09574	0.09868	0.01447	0.01759	0.03691	0.01503	0.03151	0.00629	0.00575	0.00162	0.04139	0.02442	0.00329	0.03635
47	0.03378	0.06678	0.14736	0.05410	0.04274	0.08101	0.05690	0.05320	0.01274	0.04891	0.02284	0.18351	0.15539	0.00935	0.00573	0.00178	0.00569	0.00797	0.00387	0.00636

[dist]
# distance from previous block
# <min> <max>
1	24

[block]
# block no. 2 follows, 44 sequences, length 29
# corresponding to MSA columns:
# 492-520
name=unknown_C
#
# <colnr> <probs for GDERKNQSTAVLIFYWHMCP>
#	G	D	E	R	K	N	Q	S	T	A	V	L	I	F	Y	W	H	M	C	P
0	0.06315	0.01177	0.08211	0.05244	0.25034	0.00999	0.01132	0.01665	0.04028	0.12120	0.01444	0.11539	0.01264	0.00669	0.00521	0.00158	0.00528	0.00586	0.00376	0.16988
1	0.01365	0.01053	0.06768	0.00934	0.01210	0.03669	0.04084	0.11099	0.01281	0.13991	0.01550	0.02281	0.01391	0.31399	0.01377	0.00295	0.00551	0.00596	0.06200	0.08907
2	0.07371	0.18365	0.01604	0.05794	0.06731	0.01143	0.07343	0.01385	0.01041	0.06243	0.01252	0.01968	0.01192	0.25554	0.04712	0.00296	0.00616	0.00535	0.00315	0.06539
3	0.00752	0.00557	0.00760	0.00792	0.00893	0.00554	0.00587	0.00924	0.01103	0.01527	0.15577	0.32168	0.05512	0.02259	0.24841	0.00410	0.00674	0.05401	0.00448	0.04262
4	0.01213	0.01262	0.09890	0.05695	0.38744	0.01116	0.01332	0.07665	0.01332	0.01885	0.08135	0.01927	0.06581	0.00885	0.06060	0.00215	0.00644	0.00575	0.04095	0.00750
5	0.15798	0.00744	0.00822	0.00743	0.00965	0.00750	0.00576	0.04069	0.04035	0.15614	0.18205	0.11672	0.02323	0.00858	0.00510	0.00166	0.00347	0.00711	0.20474	0.00618
6	0.00670	0.00509	0.00620	0.00704	0.00792	0.00459	0.00497	0.00788	0.01123	0.01433	0.03844	0.50928	0.28324	0.01586	0.00682	0.00211	0.00313	0.05559	0.00506	0.00452
7	0.00694	0.00554	0.00621	0.00604	0.00767	0.00481	0.00453	0.00878	0.01360	0.01751	0.33445	0.04789	0.49123	0.01277	0.00644	0.00179	0.00269	0.01086	0.00543	0.00481
8	0.00684	0.00509	0.00638	0.00700	0.00785	0.00462	0.00489	0.00825	0.01197	0.01587	0.20202	0.47834	0.19078	0.01507	0.00673	0.00203	0.00295	0.01341	0.00527	0.00462
9	0.01225	0.00704	0.00892	0.00784	0.00992	0.00665	0.00607	0.06484	0.02986	0.17770	0.46582	0.07236	0.03697	0.00987	0.00602	0.00170	0.00329	0.00855	0.05805	0.00630
10	0.01130	0.00969	0.01130	0.00807	0.01292	0.00727	0.00646	0.01373	0.01130	0.01776	0.00969	0.01130	0.00807	0.00404	0.00404	0.00081	0.00404	0.00323	0.00323	0.84173
11	0.01613	0.01299	0.01377	0.01161	0.01516	0.01476	0.00925	0.28976	0.49957	0.02695	0.01893	0.01774	0.01400	0.00709	0.00551	0.00177	0.00492	0.00571	0.00551	0.00886
12	0.01410	0.05220	0.22208	0.12024	0.20007	0.10684	0.01493	0.10297	0.08016	0.01875	0.01110	0.01301	0.00851	0.00552	0.00523	0.00165	0.00713	0.00451	0.00312	0.00787
13	0.01145	0.13899	0.67387	0.01466	0.02224	0.01392	0.01861	0.01713	0.01145	0.01664	0.00947	0.01112	0.00692	0.00511	0.00494	0.00165	0.00774	0.00387	0.00231	0.00791
14	0.00664	0.00474	0.00633	0.00759	0.00791	0.00443	0.00506	0.00759	0.01044	0.01392	0.03005	0.80485	0.03606	0.01708	0.00696	0.00221	0.00316	0.01550	0.00506	0.00443
15	0.00987	0.00553	0.00622	0.00592	0.00744	0.00522	0.00449	0.01225	0.01295	0.06559	0.23960	0.02997	0.11609	0.00865	0.00498	0.00149	0.00270	0.00726	0.44848	0.00529
16	0.01037	0.00891	0.00905	0.04520	0.01135	0.11076	0.00677	0.01221	0.03910	0.06733	0.02916	0.38764	0.17368	0.01289	0.00693	0.00197	0.04566	0.01101	0.00463	0.00536
17	0.01287	0.01471	0.03217	0.02298	0.02849	0.01379	0.75460	0.01746	0.01287	0.01746	0.01103	0.01471	0.00827	0.00460	0.00643	0.00184	0.00919	0.00643	0.00276	0.00735
18	0.00850	0.00695	0.00768	0.00725	0.00919	0.00683	0.00551	0.01349	0.18509	0.01902	0.29314	0.04111	0.35280	0.01143	0.00623	0.00180	0.00305	0.00972	0.00549	0.00571
19	0.00915	0.00781	0.01067	0.00994	0.01092	0.00956	0.00791	0.01187	0.06539	0.01423	0.05688	0.02315	0.09428	0.02585	0.40590	0.00549	0.21582	0.00639	0.00336	0.00542
20	0.04210	0.34524	0.22528	0.01379	0.01931	0.07069	0.14403	0.05146	0.01243	0.01624	0.00909	0.01081	0.00727	0.00496	0.00465	0.00149	0.00724	0.00397	0.00261	0.00736
21	0.00821	0.00596	0.00760	0.00715	0.00852	0.00563	0.00536	0.04463	0.01547	0.02170	0.66616	0.09631	0.06368	0.01143	0.00642	0.00175	0.00278	0.01008	0.00589	0.00527
22	0.06846	0.00653	0.00775	0.00768	0.00908	0.00641	0.00548	0.01276	0.07435	0.11500	0.09555	0.34567	0.07051	0.13788	0.00959	0.00249	0.00378	0.01059	0.00501	0.00541
23	0.01332	0.03720	0.12630	0.01791	0.19882	0.09868	0.07559	0.08850	0.05857	0.01903	0.10322	0.06471	0.01586	0.00714	0.00607	0.00173	0.03424	0.02208	0.00366	0.00736
24	0.01564	0.03097	0.01791	0.07229	0.21721	0.01348	0.07073	0.23641	0.11394	0.07345	0.04322	0.01711	0.03990	0.00639	0.00556	0.00169	0.00591	0.00559	0.00434	0.00827
25	0.00693	0.00496	0.00663	0.00772	0.00822	0.00466	0.00538	0.00818	0.01114	0.01495	0.10784	0.66239	0.03728	0.01629	0.00695	0.00219	0.00326	0.07531	0.00516	0.00455
26	0.00792	0.00517	0.00606	0.00667	0.00757	0.00490	0.00468	0.02462	0.01132	0.01631	0.02974	0.45430	0.13409	0.01329	0.00594	0.00188	0.00298	0.01170	0.24611	0.00474
27	0.01338	0.01329	0.09092	0.17738	0.24548	0.01269	0.01340	0.17032	0.07274	0.02104	0.07712	0.01754	0.03798	0.00638	0.00553	0.00171	0.00607	0.00553	0.00375	0.00776
28	0.05345	0.00903	0.01084	0.01201	0.10239	0.09010	0.00811	0.01205	0.00988	0.01382	0.01324	0.01959	0.01236	0.08511	0.51576	0.00651	0.01192	0.00547	0.00293	0.00542

[dist]
# distance from previous block
# <min> <max>
0	3

[block]
# block no. 3 follows, 44 sequences, length 10
# corresponding to MSA columns:
# 524-533
name=unknown_D
#
# <colnr> <probs for GDERKNQSTAVLIFYWHMCP>
#	G	D	E	R	K	N	Q	S	T	A	V	L	I	F	Y	W	H	M	C	P
0	0.07769	0.00943	0.01110	0.10964	0.07071	0.04633	0.00856	0.07456	0.04082	0.01781	0.06868	0.11105	0.21497	0.01012	0.00671	0.00188	0.05943	0.05036	0.00423	0.00594
1	0.00690	0.00527	0.00633	0.00663	0.00779	0.00471	0.00476	0.00850	0.01267	0.01663	0.26495	0.30447	0.30249	0.01411	0.00661	0.00193	0.00284	0.01236	0.00535	0.00471
2	0.01668	0.01281	0.01420	0.06983	0.01695	0.01444	0.00975	0.30913	0.38178	0.06783	0.01770	0.01701	0.01292	0.00689	0.00550	0.00176	0.00520	0.00554	0.00534	0.00872
3	0.00748	0.00552	0.00672	0.00644	0.00765	0.00505	0.00466	0.00942	0.01368	0.01868	0.50896	0.04243	0.19762	0.13070	0.00961	0.00227	0.00302	0.00992	0.00540	0.00476
4	0.13279	0.06725	0.01583	0.05057	0.17211	0.24338	0.01063	0.10694	0.01459	0.03983	0.06252	0.01366	0.01093	0.00586	0.00488	0.00154	0.00666	0.00444	0.02851	0.00709
5	0.01445	0.01074	0.01441	0.01208	0.01369	0.01307	0.00994	0.01725	0.07602	0.18065	0.06447	0.01603	0.01247	0.00847	0.01235	0.00203	0.44609	0.00529	0.00391	0.06660
6	0.08156	0.01403	0.01217	0.01206	0.06550	0.23184	0.00856	0.05185	0.16133	0.05986	0.07545	0.13295	0.05344	0.00845	0.00549	0.00172	0.00575	0.00686	0.00440	0.00675
7	0.01243	0.00750	0.00890	0.00786	0.01012	0.00714	0.00601	0.07405	0.06808	0.18367	0.19443	0.08492	0.22082	0.07959	0.00796	0.00209	0.00374	0.00888	0.00555	0.00627
8	0.06153	0.13955	0.10000	0.03365	0.05060	0.27091	0.01111	0.17169	0.03160	0.01899	0.01054	0.02891	0.00875	0.03274	0.00562	0.00164	0.00730	0.00429	0.00337	0.00721
9	0.01508	0.01374	0.07088	0.06992	0.10008	0.12562	0.01068	0.11516	0.01456	0.12611	0.07523	0.11347	0.01565	0.00783	0.00641	0.00172	0.06061	0.00633	0.00417	0.04677

[dist]
# distance from previous block
# <min> <max>
0	41

[block]
# block no. 4 follows, 44 sequences, length 19
# corresponding to MSA columns:
# 575-593
name=unknown_E
#
# <colnr> <probs for GDERKNQSTAVLIFYWHMCP>
#	G	D	E	R	K	N	Q	S	T	A	V	L	I	F	Y	W	H	M	C	P
0	0.04886	0.00935	0.07157	0.00952	0.04552	0.00792	0.00726	0.08383	0.01176	0.04430	0.01984	0.16105	0.07844	0.20803	0.06565	0.00306	0.00548	0.00776	0.00395	0.10682
1	0.07311	0.11143	0.01191	0.04250	0.01194	0.11489	0.00724	0.04661	0.01125	0.01487	0.01691	0.10277	0.06702	0.11310	0.21133	0.00392	0.00798	0.00650	0.01930	0.00542
2	0.04127	0.10019	0.16361	0.01110	0.01506	0.07486	0.02992	0.11524	0.09716	0.05326	0.01771	0.08402	0.07405	0.07169	0.00708	0.00196	0.00587	0.00617	0.00393	0.02584
3	0.01039	0.03221	0.01270	0.07433	0.06683	0.01047	0.00882	0.01309	0.06612	0.01509	0.01747	0.14307	0.07563	0.07401	0.01040	0.00210	0.20356	0.00706	0.00351	0.15315
4	0.08245	0.01009	0.01122	0.00864	0.01271	0.03493	0.00694	0.06347	0.01294	0.17170	0.01285	0.01372	0.00969	0.00673	0.04033	0.00153	0.00488	0.00402	0.06250	0.42867
5	0.01732	0.08299	0.01542	0.01235	0.01560	0.33459	0.00968	0.11180	0.30505	0.01946	0.01422	0.01418	0.01100	0.00634	0.00511	0.00158	0.00692	0.00465	0.00414	0.00762
6	0.00702	0.00555	0.00632	0.00613	0.00772	0.00485	0.00460	0.00894	0.01379	0.01797	0.38046	0.04713	0.44493	0.01260	0.00644	0.00178	0.00268	0.01076	0.00549	0.00485
7	0.00708	0.00515	0.00672	0.00745	0.00822	0.00478	0.00533	0.00861	0.01204	0.01620	0.21979	0.48675	0.09881	0.01514	0.00683	0.00208	0.00314	0.07590	0.00530	0.00467
8	0.00725	0.00555	0.00663	0.00636	0.00786	0.00494	0.00477	0.00938	0.01432	0.01922	0.50667	0.04507	0.31794	0.01213	0.00643	0.00176	0.00264	0.01047	0.00565	0.00494
9	0.17348	0.01223	0.01249	0.01037	0.01390	0.01370	0.00837	0.30518	0.24886	0.05528	0.01555	0.01532	0.01145	0.00652	0.00496	0.00168	0.00481	0.00496	0.07278	0.00810
10	0.01354	0.01204	0.01491	0.01700	0.21476	0.01340	0.01077	0.02574	0.56610	0.02149	0.01904	0.01853	0.01453	0.00673	0.00551	0.00179	0.00489	0.00582	0.00480	0.00863
11	0.01130	0.00969	0.01130	0.00807	0.01292	0.00727	0.00646	0.01373	0.01130	0.01776	0.00969	0.01130	0.00807	0.00404	0.00404	0.00081	0.00404	0.00323	0.00323	0.84173
12	0.08180	0.01231	0.01616	0.07464	0.22007	0.04214	0.04309	0.11395	0.17414	0.08705	0.01415	0.01551	0.01080	0.00838	0.05997	0.00220	0.00648	0.00513	0.00407	0.00796
13	0.20172	0.15073	0.01423	0.00988	0.01266	0.11098	0.00821	0.11079	0.01306	0.01916	0.04837	0.05110	0.06002	0.00880	0.03525	0.00195	0.08719	0.03301	0.01658	0.00632
14	0.01162	0.00630	0.00801	0.00760	0.00938	0.00563	0.00566	0.01313	0.01267	0.21650	0.12116	0.26541	0.17712	0.07716	0.00811	0.00220	0.00364	0.03745	0.00548	0.00576
15	0.00764	0.00525	0.00646	0.00674	0.00778	0.00499	0.00488	0.00947	0.01207	0.01717	0.22461	0.26852	0.14822	0.01539	0.08229	0.00249	0.00395	0.01056	0.15669	0.00480
16	0.04625	0.02736	0.12562	0.09373	0.02834	0.18291	0.01148	0.11577	0.06161	0.04815	0.01233	0.01544	0.00992	0.00927	0.06925	0.00227	0.06024	0.03123	0.04184	0.00698
17	0.01151	0.07364	0.01279	0.01020	0.01167	0.01100	0.00826	0.06439	0.01081	0.07574	0.01554	0.06882	0.04740	0.05978	0.28819	0.00456	0.21016	0.00621	0.00347	0.00586
18	0.01196	0.00785	0.01010	0.01062	0.08321	0.00757	0.00729	0.06609	0.06730	0.14613	0.12383	0.20876	0.17239	0.01127	0.00621	0.00188	0.00394	0.04186	0.00530	0.00643

[dist]
# distance from previous block
# <min> <max>
0	13

[block]
# block no. 5 follows, 44 sequences, length 29
# corresponding to MSA columns:
# 611-628,630-640
name=unknown_F
#
# <colnr> <probs for GDERKNQSTAVLIFYWHMCP>
#	G	D	E	R	K	N	Q	S	T	A	V	L	I	F	Y	W	H	M	C	P
0	0.00805	0.00650	0.00808	0.00868	0.04813	0.00644	0.00599	0.03338	0.01173	0.01511	0.06589	0.25330	0.35843	0.01389	0.00844	0.05731	0.07019	0.01098	0.00459	0.00490
1	0.01012	0.00941	0.01508	0.03959	0.01545	0.03468	0.20056	0.05010	0.01167	0.01557	0.01990	0.38180	0.02183	0.06718	0.00905	0.00228	0.07579	0.01036	0.00396	0.00561
2	0.04220	0.01164	0.01721	0.08179	0.08573	0.01212	0.15081	0.24086	0.01630	0.07014	0.01598	0.09058	0.01409	0.00781	0.00588	0.00183	0.00613	0.08964	0.03183	0.00741
3	0.04517	0.02031	0.03404	0.06572	0.01741	0.49081	0.02997	0.06460	0.04604	0.01555	0.01056	0.02719	0.00893	0.02370	0.07469	0.00223	0.00916	0.00438	0.00313	0.00642
4	0.00670	0.00485	0.00633	0.00740	0.00789	0.00449	0.00500	0.00779	0.01091	0.01450	0.08069	0.70188	0.08853	0.01646	0.00689	0.00216	0.00310	0.01485	0.00512	0.00449
5	0.01308	0.01331	0.09216	0.06096	0.46106	0.01192	0.04662	0.06463	0.01301	0.04614	0.01333	0.11397	0.01209	0.00664	0.00563	0.00173	0.00626	0.00622	0.00328	0.00794
6	0.00876	0.00660	0.00841	0.00885	0.05690	0.00657	0.00621	0.01056	0.01204	0.04230	0.17080	0.03813	0.28391	0.08443	0.07503	0.00273	0.06000	0.05301	0.05957	0.00518
7	0.00677	0.00484	0.00644	0.00750	0.00794	0.00451	0.00507	0.00791	0.01103	0.01486	0.11787	0.71435	0.03788	0.01638	0.00690	0.00215	0.00309	0.01483	0.00517	0.00451
8	0.00725	0.00548	0.00669	0.00653	0.00790	0.00492	0.00485	0.00933	0.01412	0.01908	0.49745	0.11179	0.25979	0.01245	0.00648	0.00180	0.00268	0.01084	0.00564	0.00492
9	0.00799	0.00559	0.00670	0.00668	0.00814	0.00494	0.00491	0.00969	0.01310	0.06363	0.27142	0.22120	0.32940	0.01330	0.00650	0.00188	0.00291	0.01155	0.00546	0.00502
10	0.01458	0.81168	0.02857	0.00933	0.01399	0.02157	0.00933	0.01632	0.01108	0.01283	0.00758	0.00875	0.00700	0.00466	0.00350	0.00117	0.00583	0.00292	0.00233	0.00700
11	0.01093	0.02820	0.78016	0.01554	0.02360	0.01266	0.02014	0.01727	0.01151	0.01727	0.00978	0.01151	0.00691	0.00518	0.00518	0.00173	0.00806	0.00403	0.00230	0.00806
12	0.09728	0.00939	0.01224	0.00948	0.01362	0.00839	0.00783	0.02564	0.01504	0.71144	0.02028	0.01770	0.01282	0.00660	0.00530	0.00169	0.00460	0.00526	0.00645	0.00898
13	0.01458	0.81168	0.02857	0.00933	0.01399	0.02157	0.00933	0.01632	0.01108	0.01283	0.00758	0.00875	0.00700	0.00466	0.00350	0.00117	0.00583	0.00292	0.00233	0.00700
14	0.00707	0.00520	0.00667	0.00732	0.00819	0.00480	0.00528	0.00864	0.01218	0.01626	0.22119	0.43703	0.14585	0.01493	0.00680	0.00206	0.00312	0.07743	0.00530	0.00469
15	0.00661	0.00485	0.00621	0.00730	0.00783	0.00445	0.00493	0.00762	0.01071	0.01403	0.03355	0.70023	0.13841	0.01662	0.00689	0.00216	0.00311	0.01494	0.00506	0.00445
16	0.00936	0.00786	0.01027	0.00947	0.00951	0.00972	0.00694	0.00995	0.00840	0.01198	0.01473	0.11826	0.01673	0.39622	0.02134	0.00377	0.32026	0.00758	0.00315	0.00450
17	0.03117	0.01399	0.14217	0.01143	0.01561	0.01196	0.01040	0.16323	0.24715	0.19372	0.01864	0.08631	0.01441	0.00753	0.00554	0.00178	0.00524	0.00618	0.00517	0.00838
18	0.00975	0.00885	0.04111	0.02783	0.14206	0.00834	0.09495	0.01146	0.00991	0.01355	0.01563	0.02949	0.01642	0.42019	0.04588	0.00389	0.02081	0.07151	0.00320	0.00517
19	0.54068	0.01568	0.24587	0.00968	0.01430	0.01196	0.01014	0.01594	0.00989	0.02144	0.00882	0.01123	0.00702	0.05161	0.00534	0.00191	0.00546	0.00357	0.00304	0.00642
20	0.00789	0.00544	0.00673	0.00673	0.00700	0.00571	0.00428	0.00843	0.00816	0.01115	0.01646	0.03171	0.01810	0.59469	0.23910	0.00625	0.00788	0.00735	0.00320	0.00374
21	0.01232	0.07471	0.30109	0.02164	0.21103	0.01354	0.23743	0.01694	0.01209	0.01709	0.01050	0.02770	0.00830	0.00511	0.00552	0.00170	0.00775	0.00509	0.00259	0.00785
22	0.01556	0.01634	0.08632	0.02324	0.39778	0.13559	0.01418	0.11833	0.01457	0.04533	0.01059	0.01270	0.00842	0.00536	0.00551	0.00157	0.02439	0.00450	0.00322	0.05651
23	0.01099	0.20966	0.23909	0.01062	0.01495	0.01188	0.01111	0.01378	0.01055	0.01456	0.01208	0.01673	0.02688	0.01280	0.12973	0.09331	0.00742	0.04667	0.00274	0.10444
24	0.00975	0.00810	0.00911	0.00962	0.01125	0.05231	0.00786	0.01413	0.14319	0.01681	0.02995	0.13304	0.12050	0.01325	0.00683	0.00221	0.00469	0.39681	0.00499	0.00560
25	0.01384	0.01669	0.13256	0.04968	0.15426	0.21918	0.01192	0.06774	0.01361	0.03298	0.03917	0.16681	0.01491	0.00907	0.03158	0.00195	0.00709	0.00664	0.00351	0.00681
26	0.01169	0.01062	0.01656	0.10801	0.25774	0.02896	0.09921	0.01580	0.09514	0.04447	0.02037	0.15032	0.10089	0.00831	0.00591	0.00181	0.00569	0.00770	0.00380	0.00700
27	0.00709	0.00533	0.00662	0.00742	0.00820	0.00503	0.00513	0.00905	0.05476	0.01511	0.08532	0.58979	0.14971	0.01560	0.00676	0.00210	0.00313	0.01395	0.00515	0.00475
28	0.01240	0.00784	0.00938	0.00873	0.01086	0.00783	0.00659	0.05932	0.17077	0.16454	0.09412	0.29565	0.10624	0.01158	0.00619	0.00192	0.00376	0.01008	0.00559	0.00660

[dist]
# distance from previous block
# <min> <max>
6	7

[block]
# block no. 6 follows, 44 sequences, length 38
# corresponding to MSA columns:
# 667-704
name=unknown_G
#
# <colnr> <probs for GDERKNQSTAVLIFYWHMCP>
#	G	D	E	R	K	N	Q	S	T	A	V	L	I	F	Y	W	H	M	C	P
0	0.01399	0.00877	0.01347	0.09353	0.07858	0.00878	0.08170	0.01658	0.04334	0.22868	0.01632	0.02230	0.01375	0.22249	0.11037	0.00356	0.00693	0.00618	0.00412	0.00654
1	0.08441	0.05725	0.11367	0.07446	0.01710	0.07793	0.01050	0.22458	0.05001	0.12730	0.01357	0.03350	0.01064	0.07314	0.00700	0.00196	0.00615	0.00504	0.00424	0.00757
2	0.07579	0.01224	0.02066	0.18808	0.50545	0.01279	0.07388	0.01616	0.01190	0.01748	0.01000	0.01345	0.00812	0.00497	0.00534	0.00168	0.00668	0.00484	0.00270	0.00779
3	0.01398	0.01308	0.02049	0.02510	0.43392	0.01450	0.05488	0.11188	0.01308	0.01870	0.00984	0.01309	0.00831	0.00630	0.00877	0.00184	0.21640	0.00493	0.00298	0.00794
4	0.00782	0.00570	0.00803	0.00803	0.00875	0.00642	0.00590	0.00927	0.00854	0.01211	0.01527	0.02512	0.01524	0.24045	0.58944	0.00786	0.01218	0.00638	0.00302	0.00446
5	0.01287	0.01471	0.03217	0.02298	0.02849	0.01379	0.75460	0.01746	0.01287	0.01746	0.01103	0.01471	0.00827	0.00460	0.00643	0.00184	0.00919	0.00643	0.00276	0.00735
6	0.01264	0.00832	0.00913	0.00805	0.01067	0.00835	0.00630	0.07893	0.19149	0.13750	0.05464	0.03167	0.28942	0.00951	0.00565	0.00172	0.00365	0.00785	0.11774	0.00675
7	0.00691	0.00547	0.00622	0.00619	0.00769	0.00478	0.00458	0.00867	0.01329	0.01715	0.30379	0.12053	0.44903	0.01319	0.00649	0.00183	0.00273	0.01131	0.00539	0.00478
8	0.00775	0.00551	0.00743	0.00851	0.00927	0.00535	0.00658	0.00939	0.01140	0.01507	0.06217	0.37627	0.03335	0.08042	0.00888	0.00257	0.00414	0.33635	0.00494	0.00463
9	0.01408	0.00668	0.00886	0.00809	0.01017	0.00600	0.00613	0.01588	0.01338	0.31455	0.15083	0.30456	0.02803	0.01116	0.00604	0.00185	0.00359	0.00978	0.07384	0.00650
10	0.02072	0.01527	0.01636	0.01254	0.01691	0.01691	0.01036	0.75622	0.02563	0.03436	0.01309	0.01309	0.00927	0.00654	0.00545	0.00164	0.00600	0.00491	0.00545	0.00927
11	0.02446	0.00928	0.01265	0.00970	0.01392	0.00801	0.00801	0.02657	0.01560	0.77817	0.02151	0.01856	0.01350	0.00675	0.00548	0.00169	0.00464	0.00548	0.00675	0.00928
12	0.01356	0.01171	0.01233	0.01109	0.01418	0.01356	0.00863	0.02897	0.76455	0.02281	0.02219	0.02034	0.01664	0.00740	0.00555	0.00185	0.00431	0.00616	0.00555	0.00863
13	0.00737	0.00591	0.00922	0.00922	0.01020	0.00551	0.08887	0.00880	0.01095	0.01462	0.05453	0.66599	0.05685	0.01537	0.00687	0.00214	0.00380	0.01416	0.00484	0.00479
14	0.04275	0.20315	0.04047	0.01911	0.26855	0.24335	0.01241	0.07840	0.01395	0.01688	0.00923	0.01108	0.00770	0.00519	0.00475	0.00146	0.00725	0.00393	0.00288	0.00752
15	0.01296	0.05311	0.19171	0.05969	0.23889	0.05802	0.10717	0.04139	0.01223	0.01697	0.00988	0.01274	0.00794	0.00630	0.02597	0.00185	0.07956	0.00462	0.00269	0.05630
16	0.03703	0.12560	0.28682	0.01340	0.01841	0.23872	0.01351	0.08542	0.07835	0.01764	0.01034	0.01151	0.00798	0.00566	0.00523	0.00158	0.02831	0.00399	0.00304	0.00746
17	0.00691	0.00538	0.00628	0.00640	0.00774	0.00475	0.00467	0.00859	0.01301	0.01693	0.28801	0.20583	0.37879	0.01361	0.00655	0.00188	0.00278	0.01179	0.00537	0.00475
18	0.01348	0.08890	0.01561	0.05718	0.16547	0.01096	0.04627	0.11788	0.01457	0.11101	0.09281	0.08907	0.13721	0.00837	0.00568	0.00170	0.00506	0.00726	0.00441	0.00711
19	0.07198	0.03237	0.19116	0.01668	0.10409	0.09711	0.15825	0.09273	0.01365	0.06020	0.01251	0.07745	0.01049	0.00730	0.02836	0.00192	0.00738	0.00560	0.00337	0.00743
20	0.00963	0.00846	0.02813	0.01606	0.25193	0.00798	0.00928	0.04998	0.01205	0.01636	0.02455	0.43270	0.08670	0.01212	0.00630	0.00195	0.00443	0.01099	0.00427	0.00611
21	0.01635	0.01378	0.01774	0.03641	0.05861	0.11070	0.16934	0.03718	0.29417	0.16158	0.01678	0.01681	0.01222	0.00625	0.00563	0.00174	0.00635	0.00563	0.00459	0.00813
22	0.05421	0.01655	0.01984	0.02171	0.29551	0.21008	0.10922	0.11723	0.01477	0.03805	0.01029	0.01251	0.00820	0.00551	0.00589	0.00163	0.04317	0.00465	0.00322	0.00774
23	0.00768	0.00574	0.00807	0.01009	0.07095	0.00553	0.00664	0.00907	0.01088	0.01453	0.02753	0.55540	0.03206	0.05720	0.00803	0.00238	0.00391	0.15471	0.00477	0.00483
24	0.00741	0.00529	0.00638	0.00687	0.00745	0.00503	0.00466	0.00832	0.01026	0.01342	0.06803	0.26808	0.13992	0.32540	0.01504	0.00337	0.00411	0.09242	0.00442	0.00412
25	0.00664	0.00474	0.00633	0.00759	0.00791	0.00443	0.00506	0.00759	0.01044	0.01392	0.03005	0.80485	0.03606	0.01708	0.00696	0.00221	0.00316	0.01550	0.00506	0.00443
26	0.01097	0.01049	0.01476	0.01293	0.01312	0.01435	0.01062	0.01227	0.00842	0.01294	0.00897	0.01461	0.00887	0.04214	0.17178	0.00375	0.61574	0.00509	0.00252	0.00566
27	0.01481	0.04955	0.04489	0.04950	0.53830	0.17607	0.01518	0.01771	0.01292	0.01653	0.00973	0.01249	0.00813	0.00504	0.00521	0.00156	0.00723	0.00447	0.00269	0.00799
28	0.01301	0.00964	0.01148	0.00829	0.01305	0.00736	0.00666	0.01540	0.01186	0.11654	0.01123	0.01225	0.00878	0.00439	0.00423	0.00092	0.00412	0.00352	0.00369	0.73360
29	0.00775	0.00720	0.04945	0.00825	0.04359	0.00591	0.00614	0.01020	0.03835	0.01718	0.26776	0.14662	0.30402	0.05401	0.00748	0.00202	0.00340	0.01046	0.00502	0.00519
30	0.00835	0.00603	0.00776	0.00776	0.00877	0.00635	0.00578	0.04084	0.01046	0.01434	0.04759	0.06793	0.10375	0.20944	0.32206	0.00545	0.00842	0.07768	0.03657	0.00467
31	0.00704	0.00534	0.00649	0.00665	0.00784	0.00479	0.00482	0.00882	0.01319	0.01757	0.35583	0.24784	0.26688	0.01354	0.00657	0.00189	0.00279	0.01186	0.00546	0.00479
32	0.01504	0.16228	0.15013	0.07827	0.09932	0.10141	0.01265	0.14906	0.14303	0.01976	0.01197	0.01306	0.00923	0.00574	0.00500	0.00159	0.00662	0.00444	0.00352	0.00788
33	0.04765	0.00923	0.05182	0.00888	0.01165	0.00840	0.00749	0.02947	0.12732	0.16395	0.11044	0.04735	0.23046	0.01000	0.00650	0.00185	0.04228	0.05935	0.00518	0.02072
34	0.01134	0.11672	0.38803	0.04192	0.09467	0.01255	0.06844	0.01577	0.01178	0.01662	0.03172	0.01573	0.07076	0.00580	0.00513	0.00159	0.00679	0.00486	0.00277	0.07701
35	0.08331	0.12622	0.16203	0.01101	0.01483	0.02751	0.07223	0.04285	0.01129	0.01640	0.01370	0.11198	0.01335	0.09232	0.07341	0.00260	0.00666	0.02916	0.00324	0.08591
36	0.08476	0.09812	0.26102	0.01675	0.13885	0.01390	0.08996	0.01974	0.18765	0.01884	0.01248	0.01371	0.00952	0.00552	0.00510	0.00169	0.00649	0.00470	0.00327	0.00792
37	0.04081	0.01381	0.13946	0.03484	0.13938	0.07472	0.03905	0.01564	0.02578	0.07872	0.01814	0.11548	0.09151	0.00751	0.00539	0.00161	0.00568	0.00643	0.00367	0.14238

[dist]
# distance from previous block
# <min> <max>
0	73

[block]
# block no. 7 follows, 44 sequences, length 13
# corresponding to MSA columns:
# 785-797
name=unknown_H
#
# <colnr> <probs for GDERKNQSTAVLIFYWHMCP>
#	G	D	E	R	K	N	Q	S	T	A	V	L	I	F	Y	W	H	M	C	P
0	0.09913	0.01135	0.01701	0.01617	0.15169	0.01148	0.15380	0.08238	0.07565	0.11444	0.03098	0.03072	0.05908	0.05307	0.00722	0.00193	0.03393	0.00595	0.00405	0.03997
1	0.05103	0.01221	0.06460	0.03078	0.18438	0.01137	0.11778	0.12347	0.04352	0.06426	0.01639	0.09478	0.01501	0.00798	0.00590	0.00185	0.00603	0.11712	0.00404	0.02749
2	0.37208	0.01010	0.00919	0.00810	0.01032	0.04005	0.00610	0.12455	0.01147	0.02034	0.01170	0.01881	0.01125	0.27977	0.01264	0.00292	0.03644	0.00504	0.00360	0.00554
3	0.01201	0.01065	0.01325	0.13827	0.03024	0.06895	0.07187	0.10696	0.07887	0.01950	0.12460	0.04972	0.10137	0.00812	0.00568	0.00169	0.00532	0.03564	0.05863	0.05866
4	0.32683	0.00723	0.00692	0.00689	0.00883	0.00753	0.00520	0.01121	0.01108	0.01916	0.12506	0.24032	0.18325	0.01102	0.00541	0.00187	0.00340	0.00912	0.00454	0.00512
5	0.08814	0.01373	0.01779	0.03739	0.37617	0.06635	0.01292	0.20389	0.03054	0.05211	0.01201	0.01497	0.00966	0.00589	0.00529	0.00166	0.00623	0.03326	0.00376	0.00823
6	0.01507	0.02197	0.44153	0.01465	0.02113	0.01368	0.06277	0.24367	0.01622	0.07996	0.01176	0.01273	0.00821	0.00568	0.00537	0.00170	0.00724	0.00456	0.00363	0.00848
7	0.00781	0.00537	0.00658	0.00666	0.00689	0.00556	0.00418	0.00830	0.00827	0.01124	0.01747	0.08354	0.01956	0.59023	0.19031	0.00583	0.00716	0.00798	0.00334	0.00372
8	0.00785	0.00575	0.00835	0.00835	0.00935	0.00653	0.00645	0.00963	0.00905	0.01297	0.01723	0.02326	0.06374	0.03699	0.67786	0.03759	0.01300	0.00615	0.03513	0.00477
9	0.00787	0.00590	0.00769	0.00769	0.00873	0.00617	0.00565	0.01033	0.05631	0.01530	0.18103	0.12742	0.09820	0.12480	0.30643	0.00494	0.00770	0.00872	0.00425	0.00487
10	0.01073	0.00983	0.03028	0.03210	0.09321	0.05673	0.10304	0.05686	0.01290	0.03567	0.09133	0.24910	0.09100	0.06373	0.00771	0.00212	0.00523	0.03823	0.00429	0.00592
11	0.00798	0.00546	0.00729	0.00733	0.00836	0.00560	0.00549	0.01009	0.01176	0.01729	0.28068	0.14422	0.03017	0.02140	0.27253	0.00412	0.00676	0.00855	0.13999	0.00493
12	0.04711	0.16247	0.10976	0.01246	0.07280	0.15383	0.01039	0.06274	0.01294	0.01730	0.00926	0.01077	0.00757	0.00484	0.00440	0.00124	0.00622	0.00354	0.00298	0.28738

[dist]
# distance from previous block
# <min> <max>
0	1

[block]
# block no. 8 follows, 44 sequences, length 81
# corresponding to MSA columns:
# 799-815,821-884
name=unknown_I
#
# <colnr> <probs for GDERKNQSTAVLIFYWHMCP>
#	G	D	E	R	K	N	Q	S	T	A	V	L	I	F	Y	W	H	M	C	P
0	0.01162	0.07776	0.50323	0.01441	0.03862	0.02336	0.05365	0.01653	0.01190	0.04652	0.01412	0.01752	0.05471	0.00630	0.00533	0.00171	0.00714	0.05295	0.00290	0.03974
1	0.07752	0.12000	0.05469	0.01039	0.04490	0.05595	0.00822	0.01680	0.12396	0.10201	0.10927	0.21434	0.02173	0.00930	0.00549	0.00176	0.00467	0.00784	0.00455	0.00663
2	0.01394	0.31147	0.14929	0.01101	0.01547	0.07549	0.01068	0.02024	0.22182	0.04438	0.01575	0.01578	0.06046	0.00627	0.00473	0.00153	0.00585	0.00472	0.00360	0.00751
3	0.01334	0.01280	0.02185	0.06976	0.73929	0.01291	0.01666	0.01660	0.01234	0.01763	0.01023	0.01354	0.00857	0.00489	0.00540	0.00163	0.00651	0.00486	0.00269	0.00851
4	0.00858	0.00548	0.00770	0.00783	0.00836	0.00578	0.00556	0.03182	0.00897	0.01229	0.01602	0.17922	0.01699	0.08395	0.27056	0.30847	0.00775	0.00752	0.00326	0.00390
5	0.00675	0.00515	0.00621	0.00675	0.00776	0.00461	0.00476	0.00813	0.01196	0.01553	0.16357	0.41672	0.29252	0.01495	0.00669	0.00200	0.00292	0.01317	0.00522	0.00461
6	0.00946	0.00710	0.00877	0.00863	0.01007	0.03507	0.00671	0.01248	0.06993	0.05225	0.16326	0.07456	0.06896	0.04982	0.30097	0.00462	0.00804	0.09949	0.00440	0.00540
7	0.00891	0.00558	0.00725	0.00775	0.00876	0.00518	0.00545	0.01061	0.03539	0.09972	0.09096	0.58611	0.07742	0.01495	0.00668	0.00208	0.00329	0.01340	0.00534	0.00517
8	0.00779	0.00583	0.00870	0.00870	0.00966	0.00678	0.00674	0.00970	0.00874	0.01261	0.01465	0.02170	0.01375	0.05636	0.77150	0.00869	0.01442	0.00588	0.00293	0.00484
9	0.01618	0.02381	0.01087	0.00930	0.01191	0.17020	0.00716	0.01789	0.01419	0.28750	0.12794	0.11473	0.11474	0.04053	0.00662	0.00184	0.00508	0.00763	0.00521	0.00667
10	0.00696	0.00488	0.00623	0.00718	0.00742	0.00464	0.00463	0.00767	0.00982	0.01309	0.02686	0.61452	0.03204	0.21289	0.01210	0.00297	0.00369	0.01363	0.00463	0.00415
11	0.00664	0.00507	0.00600	0.00671	0.00758	0.00455	0.00461	0.00770	0.01104	0.01402	0.03882	0.47370	0.31408	0.06316	0.00801	0.00226	0.00314	0.01353	0.00496	0.00443
12	0.01393	0.01427	0.02019	0.15997	0.54089	0.12357	0.01557	0.01698	0.01259	0.01651	0.00990	0.01315	0.00817	0.00507	0.00534	0.00162	0.00709	0.00466	0.00267	0.00787
13	0.01067	0.10830	0.02354	0.00962	0.01138	0.12951	0.00787	0.01240	0.01203	0.01445	0.02366	0.21989	0.06161	0.05915	0.00759	0.00222	0.00538	0.27127	0.00421	0.00525
14	0.10659	0.09145	0.15623	0.09136	0.23119	0.11117	0.05828	0.06055	0.01282	0.01802	0.00956	0.01186	0.00755	0.00515	0.00497	0.00161	0.00708	0.00424	0.00282	0.00751
15	0.01061	0.00736	0.00856	0.00838	0.02092	0.02240	0.00616	0.05935	0.08811	0.08434	0.18732	0.25062	0.12746	0.01167	0.00614	0.00186	0.00358	0.02475	0.06452	0.00590
16	0.00689	0.00540	0.00623	0.00631	0.00771	0.00475	0.00462	0.00858	0.01306	0.01690	0.28263	0.17816	0.41232	0.01351	0.00653	0.00186	0.00277	0.01166	0.00537	0.00475
17	0.01116	0.00988	0.01343	0.01168	0.08979	0.00803	0.06321	0.01367	0.01144	0.01735	0.01196	0.09434	0.01106	0.00552	0.00466	0.00111	0.00458	0.00491	0.00333	0.60892
18	0.04893	0.00767	0.01071	0.14292	0.01491	0.00903	0.00855	0.02511	0.01006	0.01440	0.01738	0.10980	0.06027	0.05697	0.26660	0.00440	0.11659	0.04979	0.00335	0.02256
19	0.10810	0.01223	0.01912	0.03991	0.58364	0.01217	0.01424	0.01624	0.01190	0.01850	0.00987	0.01272	0.00823	0.00479	0.00500	0.00153	0.00594	0.00444	0.00283	0.10857
20	0.01595	0.01079	0.01148	0.00947	0.01250	0.01174	0.00761	0.35646	0.11893	0.05296	0.01635	0.01695	0.01216	0.00659	0.00485	0.00153	0.00444	0.00516	0.31647	0.00762
21	0.00655	0.00510	0.00596	0.00664	0.00766	0.00451	0.00464	0.00770	0.01135	0.01429	0.04160	0.45967	0.37378	0.01558	0.00672	0.00204	0.00298	0.01367	0.00506	0.00451
22	0.00666	0.00552	0.00574	0.00569	0.00738	0.00470	0.00421	0.00810	0.01255	0.01532	0.13292	0.05036	0.65635	0.05137	0.00746	0.00199	0.00286	0.01115	0.00508	0.00460
