[name]
unknown

[dist]
# distance from previous block
# <min> <max>
0	161

[block]
# block no. 0 follows, 48 sequences, length 90
# corresponding to MSA columns:
# 172-261
name=unknown_A
#
# <colnr> <probs for GDERKNQSTAVLIFYWHMCP>
#	G	D	E	R	K	N	Q	S	T	A	V	L	I	F	Y	W	H	M	C	P
0	0.01512	0.05099	0.04637	0.01099	0.01430	0.15227	0.03139	0.23359	0.16807	0.03782	0.01595	0.01811	0.04558	0.00675	0.00503	0.00155	0.00565	0.05431	0.06111	0.02504
1	0.01338	0.01621	0.19748	0.01852	0.24338	0.06441	0.04537	0.09220	0.11441	0.04264	0.01130	0.01289	0.00871	0.00556	0.00601	0.00162	0.07265	0.00452	0.00318	0.02554
2	0.18409	0.01312	0.01350	0.01072	0.01444	0.01475	0.00880	0.53703	0.08983	0.02908	0.01196	0.01213	0.00869	0.00602	0.00500	0.00158	0.02222	0.00436	0.00469	0.00798
3	0.01014	0.00896	0.01445	0.05510	0.40350	0.00909	0.01093	0.01272	0.01164	0.01653	0.20782	0.02135	0.01951	0.04928	0.12415	0.00271	0.00628	0.00604	0.00338	0.00642
4	0.00726	0.00521	0.00640	0.00624	0.00746	0.00502	0.00467	0.00915	0.01177	0.01647	0.31818	0.03502	0.22085	0.05869	0.16164	0.00307	0.00481	0.00830	0.10524	0.00456
5	0.01303	0.01208	0.02054	0.03079	0.76317	0.01204	0.01549	0.01604	0.01178	0.04125	0.00999	0.01285	0.00827	0.00463	0.00508	0.00153	0.00604	0.00459	0.00266	0.00815
6	0.17771	0.55584	0.08647	0.00954	0.01400	0.01751	0.04906	0.01544	0.01022	0.01478	0.00748	0.00876	0.00644	0.00450	0.00355	0.00127	0.00553	0.00301	0.00241	0.00648
7	0.00937	0.08170	0.01043	0.00993	0.09433	0.00802	0.00673	0.04700	0.07492	0.03992	0.03891	0.23771	0.25775	0.03017	0.00619	0.00182	0.00378	0.03139	0.00436	0.00556
8	0.03568	0.17188	0.01634	0.01071	0.01450	0.08010	0.00894	0.34718	0.17877	0.02342	0.01247	0.01253	0.00947	0.00576	0.00464	0.00144	0.00544	0.00427	0.00422	0.05227
9	0.00689	0.00531	0.00804	0.00832	0.00908	0.00528	0.05299	0.00823	0.00958	0.01301	0.02356	0.56878	0.02707	0.02089	0.20302	0.00359	0.00600	0.01180	0.00413	0.00444
10	0.18285	0.00984	0.01197	0.01075	0.07978	0.00956	0.00794	0.07708	0.05388	0.41304	0.01529	0.01441	0.01035	0.00569	0.00465	0.00152	0.00447	0.00446	0.00498	0.07748
11	0.03349	0.25881	0.13450	0.01127	0.07805	0.01248	0.00990	0.01667	0.02787	0.13824	0.01055	0.01132	0.00810	0.00470	0.00415	0.00123	0.00517	0.00358	0.00319	0.22673
12	0.08067	0.00765	0.00837	0.00748	0.00893	0.00818	0.00528	0.13025	0.08125	0.06004	0.01533	0.02506	0.01503	0.45345	0.06863	0.00389	0.00545	0.00622	0.00378	0.00506
13	0.78607	0.00947	0.00747	0.00674	0.00966	0.01093	0.00547	0.01439	0.00856	0.02186	0.00729	0.00893	0.00583	0.00584	0.00457	0.07161	0.00401	0.00292	0.00310	0.00528
14	0.01034	0.01183	0.12094	0.16212	0.31135	0.01015	0.04841	0.01348	0.01116	0.01544	0.04932	0.07217	0.04867	0.04269	0.00634	0.00183	0.00589	0.04831	0.00299	0.00656
15	0.00995	0.00886	0.01158	0.05536	0.17873	0.07258	0.04098	0.01170	0.01098	0.03841	0.02261	0.17994	0.14518	0.12990	0.00879	0.00224	0.00501	0.05811	0.00369	0.00542
16	0.00940	0.06627	0.19036	0.01247	0.01631	0.00948	0.20698	0.01272	0.01170	0.01587	0.12582	0.11922	0.12252	0.00844	0.00573	0.00173	0.00562	0.04984	0.00357	0.00596
17	0.00831	0.00551	0.00716	0.00769	0.00893	0.00518	0.00603	0.00992	0.01120	0.07810	0.03175	0.28592	0.19814	0.01523	0.05150	0.00240	0.00419	0.25328	0.00477	0.00479
18	0.01305	0.14199	0.29835	0.03064	0.14562	0.05454	0.12859	0.01719	0.02819	0.07949	0.01023	0.01189	0.00769	0.00486	0.00487	0.00153	0.00691	0.00424	0.00273	0.00741
19	0.00679	0.00537	0.00691	0.00843	0.07151	0.00493	0.00529	0.00794	0.01045	0.01347	0.03375	0.45659	0.27501	0.05974	0.00738	0.00209	0.00322	0.01214	0.00449	0.00449
20	0.01625	0.07662	0.01336	0.14962	0.01647	0.01089	0.00871	0.21318	0.01521	0.24484	0.01508	0.05703	0.01131	0.00639	0.00485	0.00153	0.00488	0.00516	0.12140	0.00723
21	0.01027	0.01595	0.35555	0.07973	0.10332	0.00961	0.01394	0.01423	0.01119	0.05182	0.01562	0.09613	0.01478	0.00808	0.00559	0.00183	0.00613	0.17641	0.00324	0.00657
22	0.08162	0.01662	0.10695	0.01374	0.09455	0.21276	0.01079	0.14924	0.10947	0.04546	0.01121	0.01227	0.00862	0.00583	0.00567	0.00157	0.06847	0.00420	0.03384	0.00712
23	0.01067	0.11440	0.70855	0.01398	0.02121	0.01284	0.01783	0.01615	0.01079	0.01579	0.00898	0.01055	0.00651	0.00482	0.00470	0.00157	0.00735	0.00368	0.00217	0.00747
24	0.00993	0.00664	0.00825	0.00857	0.01011	0.00682	0.00729	0.10162	0.01302	0.01832	0.02281	0.04284	0.02299	0.01119	0.00599	0.00198	0.00426	0.47835	0.21383	0.00522
25	0.01103	0.00889	0.01054	0.00779	0.01210	0.00681	0.00629	0.01330	0.01090	0.05086	0.01081	0.01407	0.00928	0.00460	0.00408	0.00090	0.00389	0.05275	0.00330	0.75784
26	0.85592	0.00992	0.00754	0.00675	0.00992	0.01151	0.00556	0.01508	0.00873	0.02302	0.00714	0.00834	0.00556	0.00476	0.00318	0.00159	0.00397	0.00278	0.00318	0.00556
27	0.00621	0.00464	0.00577	0.00668	0.00732	0.00421	0.00455	0.00720	0.01028	0.01328	0.03400	0.63136	0.21521	0.01533	0.00643	0.00200	0.00289	0.01368	0.00476	0.00421
28	0.00934	0.00805	0.00862	0.00908	0.01042	0.10043	0.00737	0.01197	0.04636	0.01611	0.17972	0.12939	0.03053	0.01225	0.00644	0.00203	0.00457	0.39766	0.00469	0.00498
29	0.01732	0.01471	0.06496	0.06464	0.01636	0.16554	0.00980	0.17513	0.20219	0.19368	0.01491	0.01453	0.01062	0.00607	0.00504	0.00157	0.00588	0.00471	0.00455	0.00776
30	0.00640	0.00483	0.00592	0.00646	0.00734	0.00435	0.00454	0.00772	0.01130	0.01482	0.18709	0.44397	0.24847	0.01408	0.00631	0.00189	0.00276	0.01246	0.00494	0.00435
31	0.00863	0.00778	0.01248	0.36110	0.05569	0.00851	0.06013	0.01124	0.01101	0.01419	0.05770	0.12146	0.16367	0.00895	0.00576	0.00181	0.00525	0.07585	0.00347	0.00531
32	0.01311	0.01817	0.37012	0.07126	0.24786	0.01160	0.01572	0.05679	0.01225	0.11838	0.01094	0.01252	0.00793	0.00506	0.00500	0.00159	0.00657	0.00430	0.00299	0.00783
33	0.01183	0.01892	0.39743	0.01469	0.06949	0.04775	0.07169	0.05101	0.01212	0.05784	0.10229	0.01485	0.01217	0.00606	0.00636	0.00167	0.08891	0.00483	0.00303	0.00708
34	0.00797	0.00835	0.10190	0.00892	0.01034	0.00747	0.00763	0.00983	0.00852	0.01223	0.01425	0.08959	0.01437	0.16704	0.42836	0.00580	0.08350	0.00633	0.00287	0.00474
35	0.30527	0.01699	0.33370	0.06359	0.01746	0.01167	0.01220	0.07864	0.01152	0.09070	0.00975	0.01089	0.00695	0.00509	0.00435	0.00161	0.00583	0.00368	0.00315	0.00696
36	0.01325	0.17916	0.01754	0.01581	0.23580	0.02965	0.01034	0.06551	0.03653	0.06918	0.07445	0.01524	0.01211	0.00593	0.00578	0.00145	0.07888	0.02598	0.00333	0.10405
37	0.06030	0.06408	0.01270	0.06067	0.07693	0.01111	0.00842	0.24978	0.03888	0.02050	0.04051	0.26245	0.01752	0.00909	0.00569	0.00172	0.02873	0.00766	0.01680	0.00646
38	0.01253	0.01265	0.02347	0.02873	0.57479	0.01241	0.22651	0.01594	0.01180	0.01667	0.00986	0.01302	0.00803	0.00450	0.00535	0.00158	0.00681	0.00499	0.00256	0.00779
39	0.01064	0.00912	0.01064	0.00760	0.01216	0.00684	0.00608	0.01292	0.01064	0.01672	0.00912	0.01064	0.00760	0.00380	0.00380	0.00076	0.00380	0.00304	0.00304	0.85104
40	0.00658	0.00460	0.00586	0.00672	0.00694	0.00439	0.00431	0.00723	0.00918	0.01224	0.02499	0.60342	0.02978	0.23465	0.01187	0.00287	0.00352	0.01265	0.00431	0.00388
41	0.01344	0.01212	0.02129	0.02852	0.63295	0.01192	0.10814	0.01656	0.01197	0.07746	0.01057	0.01321	0.00844	0.00468	0.00521	0.00155	0.00628	0.00480	0.00285	0.00803
42	0.71390	0.02384	0.00891	0.00778	0.01089	0.13394	0.00628	0.01593	0.00966	0.02124	0.00727	0.00848	0.00574	0.00484	0.00340	0.00154	0.00481	0.00286	0.00308	0.00563
43	0.01508	0.00709	0.00932	0.00776	0.01042	0.00631	0.00617	0.01745	0.03087	0.40137	0.32962	0.02850	0.09082	0.00857	0.00559	0.00161	0.00343	0.00729	0.00591	0.00680
44	0.01132	0.01119	0.02023	0.35788	0.33251	0.01200	0.15069	0.01476	0.01116	0.01516	0.00956	0.01332	0.00752	0.00476	0.00528	0.00164	0.00687	0.00483	0.00244	0.00688
45	0.00616	0.00511	0.00540	0.00553	0.00704	0.00434	0.00407	0.00748	0.01163	0.01418	0.09477	0.14783	0.64230	0.01324	0.00613	0.00177	0.00264	0.01122	0.00482	0.00434
46	0.01674	0.01300	0.01384	0.01125	0.01486	0.01462	0.00908	0.46593	0.33325	0.02788	0.01583	0.01512	0.01157	0.00649	0.00517	0.00162	0.00500	0.00510	0.00517	0.00848
47	0.85592	0.00992	0.00754	0.00675	0.00992	0.01151	0.00556	0.01508	0.00873	0.02302	0.00714	0.00834	0.00556	0.00476	0.00318	0.00159	0.00397	0.00278	0.00318	0.00556
48	0.01194	0.00716	0.00746	0.00657	0.00848	0.00752	0.00515	0.19867	0.01417	0.02243	0.04070	0.01808	0.01321	0.00617	0.00405	0.00129	0.00319	0.00489	0.61311	0.00576
49	0.00673	0.00524	0.00796	0.00834	0.00904	0.00489	0.06778	0.00791	0.01001	0.01337	0.02680	0.75015	0.03178	0.01511	0.00651	0.00205	0.00344	0.01388	0.00458	0.00439
50	0.01123	0.01123	0.01572	0.01347	0.01347	0.01572	0.01123	0.01235	0.00786	0.01235	0.00674	0.01123	0.00674	0.00898	0.01684	0.00225	0.81028	0.00449	0.00225	0.00561
51	0.00764	0.00546	0.00755	0.00873	0.00964	0.00536	0.00717	0.00954	0.01119	0.01465	0.02751	0.29459	0.03091	0.01477	0.00692	0.00228	0.00418	0.52263	0.00474	0.00455
52	0.01276	0.01102	0.01160	0.01044	0.01334	0.01276	0.00812	0.02727	0.77840	0.02146	0.02088	0.01914	0.01566	0.00696	0.00522	0.00174	0.00406	0.00580	0.00522	0.00812
53	0.11119	0.01041	0.01059	0.01060	0.08180	0.15118	0.05002	0.01273	0.01283	0.01737	0.27752	0.02811	0.18888	0.00851	0.00536	0.00158	0.00458	0.00714	0.00416	0.00544
54	0.01077	0.02321	0.59281	0.01646	0.02342	0.01219	0.21589	0.01630	0.01117	0.01630	0.00952	0.01162	0.00684	0.00473	0.00518	0.00165	0.00786	0.00439	0.00228	0.00741
55	0.01146	0.00908	0.00966	0.00883	0.01118	0.01021	0.00682	0.02208	0.53253	0.02089	0.11120	0.02143	0.01906	0.00718	0.00499	0.00162	0.00353	0.00601	0.17519	0.00706
56	0.09385	0.00824	0.01036	0.00895	0.01197	0.00783	0.00750	0.06848	0.01381	0.41451	0.02222	0.02916	0.06026	0.00871	0.00556	0.00180	0.00441	0.20984	0.00545	0.00710
57	0.00903	0.00692	0.00729	0.00720	0.00860	0.05083	0.00530	0.01253	0.11808	0.03335	0.21278	0.23370	0.10899	0.01056	0.00554	0.00168	0.00323	0.00914	0.15002	0.00520
58	0.00664	0.00454	0.00582	0.00681	0.00715	0.00429	0.00451	0.00757	0.00968	0.01331	0.02622	0.67889	0.03082	0.08885	0.00810	0.00228	0.00311	0.01313	0.07416	0.00412
59	0.00874	0.00571	0.00645	0.00611	0.00805	0.00489	0.00470	0.01023	0.01223	0.12964	0.09365	0.08462	0.55666	0.01205	0.00599	0.00174	0.00294	0.03550	0.00506	0.00502
60	0.01019	0.03869	0.48899	0.21497	0.02408	0.01172	0.01620	0.01566	0.05408	0.01540	0.01006	0.01250	0.00747	0.00695	0.05001	0.00202	0.00750	0.00417	0.00240	0.00694
61	0.01409	0.01073	0.01164	0.01027	0.01331	0.01209	0.00805	0.02697	0.67968	0.12096	0.02080	0.01893	0.01528	0.00688	0.00521	0.00172	0.00410	0.00572	0.00537	0.00820
62	0.00713	0.00475	0.00642	0.00733	0.00785	0.00451	0.00503	0.00815	0.00992	0.04942	0.02671	0.71329	0.03120	0.01747	0.07186	0.00257	0.00393	0.01340	0.00467	0.00442
63	0.01282	0.01147	0.01644	0.01444	0.08774	0.10370	0.20594	0.05541	0.03933	0.09254	0.18292	0.01982	0.01806	0.01041	0.10312	0.00241	0.00700	0.00606	0.00388	0.00648
64	0.01362	0.01416	0.17306	0.15840	0.25281	0.01168	0.04939	0.07881	0.01262	0.13135	0.01168	0.01360	0.01729	0.00536	0.00552	0.00162	0.03363	0.00464	0.00321	0.00754
65	0.00625	0.00447	0.00595	0.00714	0.00744	0.00417	0.00476	0.00714	0.00982	0.01310	0.02828	0.81633	0.03394	0.01608	0.00655	0.00208	0.00298	0.01459	0.00476	0.00417
66	0.85592	0.00992	0.00754	0.00675	0.00992	0.01151	0.00556	0.01508	0.00873	0.02302	0.00714	0.00834	0.00556	0.00476	0.00318	0.00159	0.00397	0.00278	0.00318	0.00556
67	0.02302	0.00873	0.01191	0.00913	0.01310	0.00754	0.00754	0.02501	0.01469	0.79122	0.02024	0.01746	0.01270	0.00635	0.00516	0.00159	0.00437	0.00516	0.00635	0.00873
68	0.01164	0.01554	0.23958	0.03533	0.11025	0.01161	0.17119	0.01829	0.18628	0.04232	0.08354	0.01638	0.01309	0.00581	0.00549	0.00167	0.01580	0.00539	0.00345	0.00735
69	0.00664	0.00511	0.00607	0.00606	0.00734	0.00454	0.00446	0.00839	0.01271	0.01683	0.38459	0.15838	0.33573	0.01230	0.00613	0.00173	0.00257	0.01068	0.00517	0.00454
70	0.00969	0.00912	0.01539	0.80734	0.03534	0.01140	0.01425	0.01311	0.01026	0.01311	0.00912	0.01368	0.00684	0.00513	0.00513	0.00171	0.00684	0.00456	0.00228	0.00570
71	0.00891	0.00446	0.00668	0.00668	0.00668	0.00446	0.00446	0.00668	0.00668	0.00891	0.00891	0.01560	0.00891	0.01783	0.02005	0.85071	0.00446	0.00446	0.00223	0.00223
72	0.01299	0.00633	0.00703	0.00620	0.00817	0.00622	0.00485	0.07571	0.01260	0.17066	0.01706	0.01826	0.01271	0.00607	0.00402	0.00130	0.00304	0.00484	0.61609	0.00587
73	0.01951	0.01437	0.01540	0.01181	0.01591	0.01591	0.00975	0.77056	0.02412	0.03234	0.01232	0.01232	0.00873	0.00616	0.00513	0.00154	0.00565	0.00462	0.00513	0.00873
74	0.01403	0.00909	0.00956	0.00794	0.01044	0.00979	0.00636	0.35304	0.01677	0.02507	0.01475	0.01607	0.01116	0.00606	0.00428	0.00135	0.00385	0.00471	0.46912	0.00656
75	0.01917	0.02445	0.01454	0.01322	0.01586	0.79907	0.00991	0.02049	0.01454	0.01256	0.00793	0.00925	0.00661	0.00529	0.00463	0.00132	0.00925	0.00330	0.00264	0.00595
76	0.00797	0.00676	0.00748	0.00624	0.00906	0.00536	0.00483	0.00974	0.01149	0.01549	0.08913	0.03319	0.42231	0.00916	0.00516	0.00134	0.00306	0.00762	0.00415	0.34044
77	0.00857	0.00728	0.00817	0.00803	0.00871	0.07886	0.00578	0.00965	0.00868	0.01146	0.01482	0.08868	0.01556	0.28477	0.36978	0.00573	0.05159	0.00663	0.00300	0.00425
78	0.01912	0.01418	0.01518	0.01173	0.01577	0.01573	0.00966	0.72837	0.06694	0.03172	0.01281	0.01271	0.00912	0.00621	0.00514	0.00155	0.00556	0.00469	0.00514	0.00869
79	0.01566	0.01158	0.01258	0.01062	0.01395	0.01292	0.00846	0.21123	0.50033	0.11599	0.01868	0.01725	0.01359	0.00669	0.00519	0.00167	0.00449	0.00543	0.00533	0.00834
80	0.01324	0.03276	0.01738	0.01365	0.01643	0.20587	0.22907	0.01565	0.01267	0.06740	0.16074	0.06408	0.01705	0.00713	0.00689	0.00166	0.10254	0.00617	0.00352	0.00607
81	0.01422	0.74964	0.02576	0.00919	0.01342	0.09164	0.00888	0.01583	0.01080	0.01212	0.00721	0.00832	0.00659	0.00447	0.00341	0.00112	0.00583	0.00280	0.00224	0.00653
82	0.11057	0.05162	0.01332	0.01100	0.01245	0.01104	0.07786	0.01185	0.00915	0.01425	0.01269	0.08429	0.01273	0.01590	0.19654	0.00348	0.26005	0.08294	0.00297	0.00532
83	0.02080	0.00863	0.01131	0.00881	0.01252	0.00763	0.00723	0.06522	0.01486	0.65541	0.02358	0.02098	0.10468	0.00713	0.00527	0.00160	0.00423	0.00581	0.00609	0.00821
84	0.01740	0.00739	0.00965	0.00783	0.01084	0.00650	0.00631	0.01944	0.01392	0.50748	0.14223	0.02385	0.08913	0.00756	0.00519	0.00156	0.00366	0.00628	0.10652	0.00725
85	0.01869	0.00861	0.01133	0.00915	0.01204	0.00840	0.00730	0.02133	0.07591	0.53434	0.01835	0.01937	0.01324	0.12733	0.00944	0.00217	0.08462	0.00549	0.00537	0.00754
86	0.02021	0.00881	0.01156	0.00925	0.01281	0.00822	0.00753	0.02403	0.12746	0.61276	0.01980	0.01794	0.01315	0.00909	0.07066	0.00216	0.00509	0.00528	0.00589	0.00830
87	0.00897	0.00590	0.00722	0.00702	0.00848	0.00562	0.00520	0.01199	0.08777	0.08926	0.29928	0.24325	0.12982	0.01132	0.00588	0.00174	0.00293	0.00992	0.05314	0.00528
88	0.01450	0.08488	0.01456	0.01232	0.10537	0.01170	0.03269	0.24752	0.07952	0.10595	0.17231	0.02055	0.06159	0.00710	0.00524	0.00155	0.00468	0.00594	0.00470	0.00731
89	0.01371	0.01123	0.03935	0.07097	0.27110	0.02767	0.01108	0.02021	0.25203	0.13689	0.07863	0.01749	0.01434	0.00614	0.00520	0.00162	0.00506	0.00538	0.00419	0.00772

[dist]
# distance from previous block
# <min> <max>
0	2

[block]
# block no. 1 follows, 48 sequences, length 29
# corresponding to MSA columns:
# 264-292
name=unknown_B
#
# <colnr> <probs for GDERKNQSTAVLIFYWHMCP>
#	G	D	E	R	K	N	Q	S	T	A	V	L	I	F	Y	W	H	M	C	P
0	0.04855	0.02708	0.02602	0.01582	0.22873	0.10004	0.00991	0.15404	0.01358	0.03030	0.01477	0.22338	0.01471	0.00807	0.00550	0.00163	0.02244	0.00689	0.00371	0.04482
1	0.19367	0.17660	0.23492	0.01154	0.04655	0.11855	0.01120	0.05176	0.01145	0.01721	0.00835	0.00970	0.00659	0.00477	0.00409	0.00139	0.00614	0.00331	0.00268	0.07951
2	0.01513	0.05439	0.05061	0.01711	0.23373	0.24615	0.01121	0.15877	0.03840	0.01800	0.01349	0.04631	0.06206	0.00620	0.00499	0.00149	0.00656	0.00495	0.00335	0.00708
3	0.01281	0.00687	0.00861	0.00742	0.00981	0.00628	0.00583	0.01581	0.07385	0.28135	0.31802	0.03195	0.18160	0.00931	0.00569	0.00164	0.00325	0.00792	0.00568	0.00632
4	0.01563	0.01022	0.01165	0.00993	0.01306	0.01097	0.00791	0.10264	0.42405	0.22336	0.07503	0.02044	0.01691	0.00717	0.00531	0.00169	0.00421	0.02631	0.00552	0.00801
5	0.00756	0.00557	0.00687	0.00675	0.00798	0.00536	0.00498	0.01064	0.07909	0.01866	0.48541	0.18225	0.09903	0.01122	0.00596	0.00170	0.00268	0.00989	0.04342	0.00496
6	0.00746	0.00497	0.00560	0.00560	0.00560	0.00497	0.00311	0.00746	0.00746	0.00995	0.01617	0.03358	0.01865	0.81967	0.02612	0.00497	0.00497	0.00746	0.00311	0.00311
7	0.25066	0.00906	0.01071	0.00848	0.01223	0.00863	0.00700	0.02229	0.01306	0.58127	0.01666	0.01497	0.01075	0.00592	0.00462	0.00159	0.00426	0.00451	0.00548	0.00786
8	0.00901	0.00536	0.00877	0.00803	0.00853	0.00535	0.07042	0.00773	0.00729	0.00981	0.00970	0.01660	0.00954	0.05596	0.07110	0.68135	0.00546	0.00481	0.00234	0.00283
9	0.01250	0.01199	0.02047	0.08266	0.73805	0.01214	0.01565	0.01557	0.01159	0.01652	0.00962	0.01276	0.00804	0.00461	0.00508	0.00154	0.00614	0.00457	0.00252	0.00797
10	0.59181	0.03074	0.01000	0.00870	0.01174	0.24416	0.00691	0.01668	0.01048	0.01971	0.00738	0.00860	0.00589	0.00491	0.00361	0.00150	0.00556	0.00293	0.00300	0.00569
11	0.01012	0.02476	0.72544	0.01418	0.02121	0.01140	0.01804	0.01577	0.01092	0.01617	0.01076	0.01489	0.00848	0.00568	0.00507	0.00169	0.00734	0.06838	0.00239	0.00734
12	0.01425	0.01176	0.01244	0.01074	0.01391	0.01346	0.00848	0.19075	0.61249	0.02386	0.01900	0.01764	0.01414	0.00678	0.00520	0.00170	0.00441	0.00554	0.00520	0.00825
13	0.00716	0.00562	0.00751	0.00767	0.00891	0.00526	0.03749	0.00921	0.03520	0.01520	0.14554	0.31323	0.22329	0.01335	0.00639	0.00195	0.00338	0.14416	0.00481	0.00465
14	0.01114	0.10788	0.63499	0.01432	0.02128	0.01302	0.06257	0.04796	0.01143	0.01651	0.00919	0.01081	0.00668	0.00485	0.00479	0.00157	0.00735	0.00385	0.00232	0.00749
15	0.01066	0.11296	0.70992	0.01399	0.02123	0.01283	0.01785	0.01615	0.01079	0.01580	0.00898	0.01055	0.00651	0.00482	0.00470	0.00157	0.00736	0.00368	0.00217	0.00747
16	0.00734	0.00546	0.00805	0.00805	0.00890	0.00631	0.00617	0.00904	0.00819	0.01177	0.01392	0.02114	0.01325	0.09561	0.74279	0.00801	0.01310	0.00564	0.00278	0.00447
17	0.00840	0.00459	0.00661	0.00671	0.00681	0.00463	0.00447	0.00699	0.00716	0.00961	0.01176	0.08700	0.01247	0.11058	0.07657	0.61956	0.00507	0.00575	0.00259	0.00267
18	0.00925	0.00476	0.00702	0.00688	0.00719	0.00475	0.00475	0.00781	0.00766	0.04137	0.06277	0.01756	0.01205	0.01837	0.07549	0.69694	0.00499	0.00489	0.00267	0.00284
19	0.00941	0.00480	0.00484	0.00484	0.00595	0.00480	0.00355	0.01163	0.01052	0.01846	0.01670	0.02019	0.01355	0.06548	0.00523	0.00147	0.00258	0.00498	0.78636	0.00466
20	0.00897	0.00708	0.00901	0.00970	0.07632	0.00711	0.00675	0.05008	0.11939	0.01876	0.31864	0.12015	0.12190	0.01060	0.00598	0.00177	0.00347	0.09371	0.00499	0.00563
21	0.01074	0.01509	0.25489	0.01095	0.01438	0.12836	0.01087	0.01385	0.01080	0.04688	0.06260	0.01783	0.01274	0.01899	0.32023	0.00423	0.00972	0.02797	0.00295	0.00592
22	0.01340	0.06923	0.02378	0.04039	0.08692	0.08530	0.40908	0.10499	0.01352	0.01750	0.01148	0.01646	0.00954	0.00551	0.00561	0.00166	0.00754	0.06814	0.00304	0.00690
23	0.02118	0.01105	0.01327	0.01024	0.01422	0.01107	0.00844	0.31816	0.05288	0.45817	0.01716	0.01552	0.01127	0.00630	0.00515	0.00158	0.00486	0.00498	0.00582	0.00870
24	0.00650	0.00472	0.00619	0.00728	0.00782	0.00441	0.00515	0.00762	0.01025	0.01346	0.03018	0.65030	0.09814	0.01556	0.00658	0.00209	0.00317	0.11156	0.00476	0.00426
25	0.01271	0.04681	0.04091	0.05401	0.01419	0.13179	0.00848	0.05460	0.38125	0.01856	0.05651	0.02068	0.10383	0.00723	0.00513	0.00161	0.00498	0.00582	0.02395	0.00692
26	0.00891	0.00446	0.00668	0.00668	0.00668	0.00446	0.00446	0.00668	0.00668	0.00891	0.00891	0.01560	0.00891	0.01783	0.02005	0.85071	0.00446	0.00446	0.00223	0.00223
27	0.22472	0.01163	0.10957	0.09552	0.01582	0.00935	0.02950	0.01450	0.01035	0.04985	0.00913	0.01078	0.00708	0.00444	0.00404	0.00124	0.00481	0.00340	0.00301	0.38126
28	0.08244	0.32383	0.16521	0.01053	0.01479	0.17014	0.01034	0.06747	0.01230	0.01589	0.04123	0.01095	0.00868	0.00514	0.00410	0.00134	0.00625	0.00355	0.03927	0.00656

[dist]
# distance from previous block
# <min> <max>
0	6

[block]
# block no. 2 follows, 48 sequences, length 36
# corresponding to MSA columns:
# 299-328,330-335
name=unknown_C
#
# <colnr> <probs for GDERKNQSTAVLIFYWHMCP>
#	G	D	E	R	K	N	Q	S	T	A	V	L	I	F	Y	W	H	M	C	P
0	0.12279	0.07251	0.08218	0.00941	0.01272	0.09043	0.03495	0.04887	0.10339	0.10279	0.06830	0.01938	0.09660	0.04021	0.00562	0.00166	0.00495	0.00534	0.04411	0.03378
1	0.01426	0.24613	0.17377	0.06803	0.02935	0.06554	0.02142	0.09986	0.01292	0.10847	0.01161	0.01417	0.00920	0.00564	0.00454	0.00146	0.00595	0.04231	0.05840	0.00699
2	0.75537	0.00977	0.00828	0.00822	0.05063	0.01117	0.00627	0.01482	0.00909	0.02218	0.00861	0.01186	0.00729	0.00538	0.00354	0.00164	0.00413	0.05286	0.00325	0.00564
3	0.01064	0.00912	0.01064	0.00760	0.01216	0.00684	0.00608	0.01292	0.01064	0.01672	0.00912	0.01064	0.00760	0.00380	0.00380	0.00076	0.00380	0.00304	0.00304	0.85104
4	0.01309	0.38584	0.01942	0.01041	0.01329	0.15414	0.03725	0.01526	0.05022	0.01300	0.01144	0.13895	0.01150	0.00707	0.00580	0.00148	0.09769	0.00522	0.00286	0.00607
5	0.00688	0.00505	0.00655	0.00757	0.00813	0.00492	0.00529	0.00887	0.06493	0.01388	0.02766	0.69718	0.03227	0.01527	0.00650	0.00208	0.00320	0.07449	0.00479	0.00450
6	0.00625	0.00492	0.00565	0.00607	0.00720	0.00432	0.00432	0.00750	0.01124	0.01420	0.11174	0.34379	0.42675	0.01395	0.00625	0.00186	0.00273	0.01213	0.00485	0.00432
7	0.00749	0.00567	0.00742	0.00690	0.00805	0.00560	0.00526	0.00977	0.01393	0.01970	0.69753	0.03687	0.07742	0.01049	0.00682	0.00166	0.06018	0.00900	0.00537	0.00487
8	0.01372	0.82276	0.02689	0.00878	0.01317	0.02030	0.00878	0.01536	0.01043	0.01207	0.00713	0.00823	0.00658	0.00439	0.00329	0.00110	0.00549	0.00274	0.00219	0.00658
9	0.01372	0.82276	0.02689	0.00878	0.01317	0.02030	0.00878	0.01536	0.01043	0.01207	0.00713	0.00823	0.00658	0.00439	0.00329	0.00110	0.00549	0.00274	0.00219	0.00658
10	0.85592	0.00992	0.00754	0.00675	0.00992	0.01151	0.00556	0.01508	0.00873	0.02302	0.00714	0.00834	0.00556	0.00476	0.00318	0.00159	0.00397	0.00278	0.00318	0.00556
11	0.45274	0.00821	0.00723	0.00645	0.00901	0.00904	0.00519	0.05334	0.01064	0.07156	0.01173	0.01304	0.00893	0.00538	0.00355	0.00144	0.00351	0.00375	0.30963	0.00564
12	0.09289	0.49367	0.02021	0.00866	0.01253	0.01656	0.00802	0.13732	0.01270	0.05039	0.00957	0.01047	0.00780	0.00497	0.00369	0.00125	0.00499	0.00337	0.09421	0.00673
13	0.01907	0.00907	0.01150	0.00927	0.01271	0.00855	0.00766	0.15543	0.01588	0.49043	0.05429	0.02373	0.06637	0.00774	0.00545	0.00167	0.00443	0.08308	0.00583	0.00786
14	0.01180	0.00964	0.01070	0.00974	0.01201	0.04392	0.00761	0.06793	0.37813	0.04704	0.02872	0.01888	0.01419	0.01829	0.29292	0.00406	0.00788	0.00554	0.00426	0.00676
15	0.00951	0.00835	0.00868	0.00872	0.00997	0.08541	0.00642	0.05780	0.11313	0.01532	0.02416	0.42399	0.07842	0.01408	0.05755	0.00232	0.03793	0.02859	0.00440	0.00526
16	0.00704	0.00515	0.00679	0.00781	0.00866	0.00489	0.00606	0.00859	0.01089	0.01412	0.03114	0.40189	0.13727	0.01487	0.00670	0.00215	0.00363	0.31318	0.00475	0.00442
17	0.00650	0.00511	0.00587	0.00589	0.00725	0.00448	0.00434	0.00812	0.01240	0.01604	0.29799	0.15051	0.43212	0.01256	0.00613	0.00174	0.00259	0.01082	0.00507	0.00448
18	0.01116	0.01100	0.01587	0.01550	0.11432	0.01465	0.01148	0.01252	0.00846	0.01296	0.00824	0.05350	0.00834	0.00878	0.01476	0.00214	0.66300	0.00503	0.00242	0.00587
19	0.01015	0.01456	0.25858	0.01731	0.23278	0.01069	0.01344	0.01351	0.01003	0.01472	0.01089	0.03998	0.00955	0.01451	0.21718	0.00344	0.09463	0.00489	0.00252	0.00662
20	0.85592	0.00992	0.00754	0.00675	0.00992	0.01151	0.00556	0.01508	0.00873	0.02302	0.00714	0.00834	0.00556	0.00476	0.00318	0.00159	0.00397	0.00278	0.00318	0.00556
21	0.00925	0.00635	0.00893	0.00969	0.10087	0.00593	0.00637	0.01165	0.01402	0.08752	0.59709	0.06279	0.03994	0.00963	0.00588	0.00162	0.00305	0.00856	0.00531	0.00555
22	0.01156	0.10256	0.27327	0.05535	0.19832	0.06852	0.05285	0.01508	0.01109	0.01505	0.01108	0.08023	0.00998	0.00618	0.00559	0.00162	0.04484	0.02732	0.00262	0.00690
23	0.01157	0.00607	0.00838	0.00798	0.00962	0.00585	0.00605	0.01308	0.01088	0.24491	0.02255	0.31016	0.05236	0.01969	0.24131	0.00375	0.00657	0.00892	0.00464	0.00566
24	0.01029	0.02654	0.79309	0.01462	0.02221	0.01192	0.01896	0.01625	0.01083	0.01625	0.00921	0.01083	0.00650	0.00487	0.00487	0.00162	0.00758	0.00379	0.00217	0.00758
25	0.01131	0.10912	0.12052	0.14835	0.38317	0.01210	0.01386	0.01443	0.01110	0.01521	0.01236	0.05589	0.04220	0.00585	0.00501	0.00157	0.00600	0.02225	0.00267	0.00704
26	0.00940	0.05288	0.14479	0.08297	0.06670	0.06468	0.00999	0.01193	0.01110	0.01455	0.05527	0.28222	0.02161	0.01042	0.00580	0.00186	0.00518	0.13942	0.00370	0.00554
27	0.00787	0.00611	0.00856	0.00826	0.00883	0.00727	0.00621	0.00915	0.00800	0.01147	0.01344	0.02237	0.01350	0.23135	0.50238	0.00664	0.11561	0.00586	0.00277	0.00435
28	0.01370	0.02030	0.48193	0.10045	0.02116	0.05197	0.01526	0.01820	0.01188	0.19915	0.01174	0.01263	0.00801	0.00527	0.00496	0.00161	0.00683	0.00417	0.00319	0.00756
29	0.01342	0.04490	0.28331	0.10370	0.23595	0.06825	0.02642	0.05280	0.01231	0.09552	0.01045	0.01225	0.00776	0.00503	0.00495	0.00156	0.00673	0.00424	0.00289	0.00754
30	0.01383	0.15346	0.05033	0.01715	0.24571	0.02899	0.02299	0.14125	0.18513	0.01914	0.01209	0.01328	0.00959	0.00629	0.02272	0.00168	0.04066	0.00452	0.00348	0.00769
31	0.54902	0.01286	0.01153	0.01218	0.13278	0.14179	0.02934	0.02835	0.01050	0.02028	0.00784	0.00939	0.00625	0.00483	0.00382	0.00154	0.00533	0.00327	0.00300	0.00611
32	0.01134	0.00955	0.01379	0.01476	0.19767	0.00944	0.08779	0.11245	0.07224	0.05022	0.08373	0.04521	0.25339	0.00833	0.00561	0.00165	0.00464	0.00738	0.00422	0.00659
33	0.00691	0.00535	0.00741	0.04966	0.06453	0.00516	0.00588	0.00810	0.01010	0.01333	0.02811	0.60649	0.11183	0.04299	0.00702	0.00209	0.00343	0.01269	0.00442	0.00451
34	0.06955	0.00755	0.00898	0.00754	0.01046	0.00651	0.00580	0.01118	0.00994	0.01559	0.01402	0.19300	0.01421	0.01218	0.13179	0.00232	0.00522	0.00601	0.00339	0.46478
35	0.01389	0.52240	0.10959	0.01008	0.01439	0.15616	0.00985	0.01603	0.01139	0.01319	0.04134	0.01011	0.00844	0.00484	0.00385	0.00121	0.00619	0.00326	0.00246	0.04136

[dist]
# distance from previous block
# <min> <max>
0	8

[block]
# block no. 3 follows, 48 sequences, length 92
# corresponding to MSA columns:
# 366-457
name=unknown_D
#
# <colnr> <probs for GDERKNQSTAVLIFYWHMCP>
#	G	D	E	R	K	N	Q	S	T	A	V	L	I	F	Y	W	H	M	C	P
0	0.01176	0.15447	0.09328	0.03000	0.03361	0.06986	0.00860	0.04634	0.01201	0.01661	0.10790	0.01387	0.01249	0.00513	0.00429	0.00114	0.00493	0.00403	0.00316	0.36651
1	0.13879	0.01207	0.17995	0.00958	0.01288	0.02504	0.03496	0.05473	0.01187	0.11501	0.12590	0.13532	0.01865	0.09419	0.00738	0.00203	0.00491	0.00668	0.00401	0.00606
2	0.01435	0.20566	0.16072	0.05323	0.10076	0.01399	0.01142	0.18260	0.05313	0.08354	0.01159	0.02430	0.00920	0.04701	0.00574	0.00166	0.00581	0.00441	0.00346	0.00741
3	0.13867	0.01270	0.16979	0.01063	0.03382	0.00943	0.04761	0.01785	0.07899	0.20501	0.06818	0.01671	0.04922	0.00600	0.00479	0.00152	0.00490	0.00490	0.00410	0.11519
4	0.03454	0.08402	0.03831	0.01727	0.26018	0.11197	0.03148	0.13156	0.01381	0.09027	0.01355	0.11433	0.02317	0.00664	0.00506	0.00155	0.00583	0.00565	0.00360	0.00720
5	0.01629	0.32065	0.01871	0.01092	0.01428	0.33151	0.00911	0.13349	0.01415	0.01547	0.00971	0.06498	0.00881	0.00583	0.00434	0.00132	0.00685	0.00408	0.00301	0.00649
6	0.01139	0.01656	0.31532	0.17338	0.02085	0.07101	0.02481	0.01603	0.06610	0.06826	0.01303	0.06211	0.01087	0.00864	0.05995	0.00215	0.00712	0.04274	0.00306	0.00663
7	0.01218	0.46519	0.37098	0.01140	0.01723	0.01654	0.01335	0.01576	0.01061	0.01395	0.00807	0.00940	0.00655	0.00461	0.00400	0.00133	0.00643	0.00321	0.00218	0.00703
8	0.06912	0.01392	0.23945	0.01200	0.05616	0.00998	0.02899	0.01707	0.18589	0.05679	0.01945	0.06398	0.07590	0.00802	0.00541	0.00179	0.00525	0.12016	0.00390	0.00677
9	0.01117	0.01000	0.01715	0.26972	0.29718	0.01048	0.09305	0.01418	0.01154	0.05482	0.06671	0.05570	0.05348	0.00622	0.00539	0.00165	0.00592	0.00590	0.00310	0.00664
10	0.03614	0.00649	0.00750	0.00662	0.00863	0.00638	0.00519	0.06644	0.01280	0.17609	0.11906	0.02125	0.03326	0.00851	0.04690	0.00175	0.00367	0.00555	0.42189	0.00586
11	0.00731	0.00506	0.00642	0.00699	0.00760	0.00489	0.00503	0.00858	0.01037	0.01410	0.12946	0.27988	0.04704	0.22681	0.01162	0.00279	0.00377	0.17319	0.04495	0.00414
12	0.00707	0.00547	0.00786	0.03005	0.00927	0.00545	0.04386	0.00841	0.00973	0.01306	0.06574	0.36410	0.09714	0.13096	0.17368	0.00368	0.00582	0.01035	0.00398	0.00434
13	0.01570	0.01458	0.03475	0.02739	0.24720	0.14624	0.06784	0.16174	0.12439	0.08076	0.01282	0.01380	0.01800	0.00556	0.00512	0.00155	0.00631	0.00475	0.00375	0.00775
14	0.00672	0.00474	0.00595	0.00656	0.00695	0.00449	0.00429	0.00759	0.00988	0.01328	0.12931	0.46857	0.05653	0.23688	0.01186	0.00281	0.00344	0.01177	0.00443	0.00397
15	0.00623	0.00457	0.00585	0.00687	0.00737	0.00419	0.00464	0.00717	0.01008	0.01320	0.03157	0.70990	0.13824	0.01565	0.00648	0.00204	0.00292	0.01407	0.00476	0.00419
16	0.03349	0.01638	0.01669	0.09699	0.31906	0.32363	0.01230	0.01823	0.01290	0.08820	0.00987	0.01179	0.00778	0.00508	0.00487	0.00147	0.00721	0.00409	0.00293	0.00703
17	0.01340	0.04656	0.07162	0.05693	0.17894	0.15931	0.05045	0.08224	0.05443	0.01628	0.01125	0.01580	0.00975	0.00807	0.04897	0.00202	0.10336	0.06086	0.00302	0.00674
18	0.08633	0.07158	0.07054	0.00947	0.01245	0.01121	0.00807	0.25186	0.09454	0.02112	0.01925	0.23519	0.06931	0.00908	0.00527	0.00170	0.00453	0.00754	0.00440	0.00659
19	0.00663	0.00500	0.00614	0.00639	0.00746	0.00451	0.00463	0.00825	0.01217	0.01619	0.32115	0.28854	0.25058	0.01305	0.00624	0.00181	0.00270	0.02897	0.00510	0.00448
20	0.01037	0.06537	0.05347	0.01175	0.07923	0.00906	0.09541	0.02550	0.11246	0.05545	0.06160	0.22061	0.11512	0.00918	0.00556	0.00169	0.00453	0.00822	0.00411	0.05130
21	0.01311	0.01273	0.05904	0.02643	0.59500	0.03146	0.01443	0.03701	0.01219	0.05639	0.04966	0.01399	0.01025	0.00523	0.00562	0.00156	0.04037	0.00477	0.00294	0.00782
22	0.01605	0.16907	0.05339	0.03759	0.14637	0.36313	0.07153	0.01826	0.01283	0.05319	0.00898	0.01061	0.00726	0.00496	0.00462	0.00138	0.00759	0.00378	0.00270	0.00672
23	0.13669	0.00924	0.01018	0.00747	0.01183	0.00754	0.00600	0.01324	0.01036	0.01766	0.00883	0.01030	0.00730	0.00394	0.00371	0.00088	0.00383	0.00300	0.00306	0.72496
24	0.01201	0.04283	0.01674	0.07850	0.27334	0.11329	0.07747	0.01495	0.04983	0.01450	0.01128	0.01648	0.01013	0.09162	0.09232	0.00265	0.05030	0.02260	0.00278	0.00640
25	0.01040	0.00915	0.01457	0.06273	0.43765	0.00924	0.01081	0.01240	0.01035	0.01447	0.04568	0.05883	0.01424	0.25453	0.01162	0.00262	0.00549	0.00614	0.00294	0.00613
26	0.00872	0.00455	0.00668	0.00668	0.00673	0.00460	0.00446	0.00688	0.00683	0.00915	0.00973	0.01722	0.00987	0.08061	0.06216	0.74064	0.00499	0.00474	0.00232	0.00242
27	0.01254	0.01328	0.09682	0.20684	0.02034	0.05483	0.02854	0.08349	0.33380	0.01856	0.01413	0.01515	0.01067	0.00621	0.00594	0.00172	0.06121	0.00497	0.00377	0.00721
28	0.05720	0.01755	0.07567	0.10551	0.21697	0.31481	0.05077	0.01813	0.06668	0.01534	0.00960	0.01163	0.00766	0.00510	0.00486	0.00150	0.00738	0.00410	0.00275	0.00679
29	0.00674	0.00514	0.00631	0.00705	0.00813	0.00471	0.00541	0.00819	0.01108	0.01401	0.03689	0.31779	0.31553	0.01439	0.00652	0.00203	0.00332	0.21763	0.00475	0.00438
30	0.01764	0.00855	0.01082	0.00875	0.01189	0.00802	0.00704	0.14102	0.01566	0.43868	0.14954	0.08209	0.06095	0.00810	0.00546	0.00163	0.00405	0.00678	0.00583	0.00750
31	0.05648	0.01214	0.01735	0.02258	0.46784	0.05499	0.01257	0.07765	0.01337	0.19685	0.01209	0.01337	0.00902	0.00516	0.00499	0.00153	0.00573	0.00455	0.00366	0.00807
32	0.05680	0.13011	0.01897	0.14356	0.24395	0.10599	0.07178	0.06484	0.04926	0.05244	0.01013	0.01218	0.00798	0.00501	0.00477	0.00150	0.00639	0.00427	0.00297	0.00710
33	0.00690	0.00545	0.00627	0.00643	0.00773	0.00505	0.00468	0.00935	0.07077	0.01572	0.20607	0.26201	0.34915	0.01285	0.00613	0.00181	0.00278	0.01116	0.00500	0.00469
34	0.00821	0.00684	0.00916	0.05094	0.13537	0.00669	0.00695	0.01093	0.05157	0.01632	0.20129	0.03384	0.31712	0.01192	0.06552	0.00214	0.00425	0.00818	0.04741	0.00537
35	0.85592	0.00992	0.00754	0.00675	0.00992	0.01151	0.00556	0.01508	0.00873	0.02302	0.00714	0.00834	0.00556	0.00476	0.00318	0.00159	0.00397	0.00278	0.00318	0.00556
36	0.00691	0.00503	0.00653	0.00677	0.00772	0.00465	0.00496	0.00875	0.01263	0.01735	0.44132	0.29507	0.09337	0.01271	0.00628	0.00182	0.00275	0.05557	0.00524	0.00458
37	0.01904	0.01414	0.01514	0.01171	0.01573	0.01569	0.00964	0.71931	0.07613	0.03159	0.01291	0.01279	0.00920	0.00621	0.00514	0.00155	0.00554	0.00470	0.00514	0.00868
38	0.01029	0.02654	0.79309	0.01462	0.02221	0.01192	0.01896	0.01625	0.01083	0.01625	0.00921	0.01083	0.00650	0.00487	0.00487	0.00162	0.00758	0.00379	0.00217	0.00758
39	0.01042	0.02567	0.74050	0.01511	0.02253	0.01199	0.07067	0.01626	0.01092	0.01626	0.00929	0.01104	0.00659	0.00484	0.00496	0.00163	0.00766	0.00395	0.00220	0.00754
40	0.01276	0.01102	0.01160	0.01044	0.01334	0.01276	0.00812	0.02727	0.77840	0.02146	0.02088	0.01914	0.01566	0.00696	0.00522	0.00174	0.00406	0.00580	0.00522	0.00812
41	0.01276	0.01102	0.01160	0.01044	0.01334	0.01276	0.00812	0.02727	0.77840	0.02146	0.02088	0.01914	0.01566	0.00696	0.00522	0.00174	0.00406	0.00580	0.00522	0.00812
42	0.01544	0.01235	0.01311	0.01098	0.01436	0.01401	0.00877	0.32195	0.47936	0.02578	0.01749	0.01644	0.01291	0.00664	0.00519	0.00166	0.00469	0.00533	0.00519	0.00836
43	0.85592	0.00992	0.00754	0.00675	0.00992	0.01151	0.00556	0.01508	0.00873	0.02302	0.00714	0.00834	0.00556	0.00476	0.00318	0.00159	0.00397	0.00278	0.00318	0.00556
44	0.00707	0.00518	0.00663	0.00639	0.00758	0.00474	0.00474	0.00926	0.01389	0.01936	0.65631	0.09924	0.11814	0.01116	0.00609	0.00166	0.00248	0.00984	0.00550	0.00474
45	0.00954	0.00788	0.00963	0.00939	0.01056	0.00909	0.00712	0.01504	0.27308	0.01574	0.02116	0.33103	0.02170	0.01180	0.00851	0.04735	0.13420	0.04711	0.00438	0.00568
46	0.01158	0.01093	0.07592	0.45291	0.06651	0.01120	0.07411	0.01486	0.01104	0.10104	0.04758	0.01484	0.00960	0.00572	0.00616	0.00172	0.07010	0.00491	0.00292	0.00636
47	0.00764	0.00501	0.00649	0.00712	0.00769	0.00476	0.00494	0.00864	0.01004	0.05047	0.07020	0.46165	0.02976	0.19884	0.01099	0.00273	0.00368	0.10060	0.00451	0.00425
48	0.01089	0.01005	0.01527	0.34231	0.27520	0.05044	0.01256	0.01359	0.01103	0.03605	0.01358	0.14551	0.02806	0.00695	0.00534	0.00169	0.00593	0.00629	0.00296	0.00631
49	0.01216	0.01294	0.04090	0.06212	0.39757	0.08977	0.13762	0.01510	0.01183	0.01564	0.01389	0.03097	0.06794	0.00606	0.00566	0.00163	0.02483	0.04352	0.00285	0.00699
50	0.00755	0.00560	0.00732	0.04821	0.00993	0.00552	0.00644	0.00918	0.01070	0.01374	0.02900	0.14057	0.16589	0.15633	0.01010	0.00264	0.00428	0.35832	0.00433	0.00435
51	0.01328	0.10304	0.24361	0.01184	0.06135	0.02140	0.02107	0.01602	0.01096	0.17948	0.01208	0.01390	0.00916	0.00933	0.06794	0.09235	0.04075	0.00434	0.06147	0.00664
52	0.01387	0.01225	0.01822	0.09868	0.51459	0.06054	0.01381	0.07315	0.01289	0.07420	0.01137	0.01521	0.00939	0.00541	0.00517	0.00158	0.00613	0.04276	0.00311	0.00768
53	0.01526	0.01620	0.10920	0.03767	0.25448	0.20157	0.07651	0.04663	0.01316	0.11939	0.01168	0.01480	0.00929	0.00558	0.00515	0.00156	0.00695	0.04438	0.00324	0.00730
54	0.18280	0.01569	0.04337	0.01495	0.16713	0.27386	0.01025	0.04877	0.01217	0.01692	0.00963	0.01297	0.00824	0.00585	0.00560	0.00156	0.07761	0.03973	0.04657	0.00634
55	0.35090	0.01631	0.31533	0.05517	0.09635	0.01136	0.01226	0.01510	0.00999	0.01870	0.00939	0.05106	0.00770	0.00538	0.00431	0.00163	0.00570	0.00405	0.00275	0.00655
56	0.00632	0.00452	0.00602	0.00710	0.00746	0.00421	0.00477	0.00732	0.01015	0.01361	0.08045	0.76269	0.03493	0.01569	0.00651	0.00205	0.00294	0.01422	0.00482	0.00421
57	0.00652	0.00483	0.00648	0.00748	0.00776	0.00478	0.00511	0.00742	0.00972	0.01306	0.02713	0.77331	0.03248	0.01570	0.00710	0.00209	0.04611	0.01405	0.00463	0.00424
58	0.00844	0.00520	0.00606	0.00596	0.00625	0.00509	0.00354	0.00865	0.00814	0.06405	0.01736	0.09151	0.01940	0.70299	0.02320	0.00452	0.00478	0.00784	0.00346	0.00358
59	0.01165	0.00989	0.01113	0.00858	0.01266	0.00890	0.00682	0.05342	0.22137	0.01877	0.01249	0.01305	0.00986	0.00478	0.00425	0.00107	0.00396	0.00387	0.00374	0.57974
60	0.01657	0.00734	0.00962	0.00785	0.01082	0.00638	0.00631	0.01853	0.01413	0.48453	0.19651	0.02765	0.15450	0.00843	0.00552	0.00162	0.00363	0.00706	0.00592	0.00710
61	0.00676	0.00530	0.00609	0.00624	0.00751	0.00492	0.00469	0.00809	0.01063	0.01329	0.05048	0.04398	0.44973	0.14531	0.11281	0.00318	0.00471	0.10778	0.00425	0.00423
62	0.01860	0.02028	0.01411	0.01224	0.01519	0.52543	0.00943	0.22953	0.01696	0.01854	0.00976	0.01079	0.00765	0.00558	0.00470	0.00137	0.00777	0.00377	0.06163	0.00664
63	0.01015	0.00738	0.00876	0.00795	0.00990	0.00762	0.00610	0.01650	0.26472	0.07400	0.48199	0.03061	0.03523	0.00905	0.00572	0.00165	0.00309	0.00786	0.00556	0.00618
64	0.01917	0.02445	0.01454	0.01322	0.01586	0.79907	0.00991	0.02049	0.01454	0.01256	0.00793	0.00925	0.00661	0.00529	0.00463	0.00132	0.00925	0.00330	0.00264	0.00595
65	0.01355	0.78451	0.06369	0.00906	0.01360	0.01990	0.00927	0.01541	0.01045	0.01227	0.00723	0.00836	0.00658	0.00441	0.00337	0.00112	0.00559	0.00279	0.00219	0.00663
66	0.01513	0.00899	0.01020	0.00835	0.01109	0.00925	0.00671	0.28382	0.01687	0.16309	0.14881	0.01973	0.01760	0.00689	0.00485	0.00146	0.00391	0.00557	0.25078	0.00691
67	0.00712	0.00524	0.00666	0.00630	0.00758	0.00478	0.00473	0.00940	0.01418	0.01975	0.69526	0.03968	0.13863	0.01080	0.00605	0.00163	0.00244	0.00947	0.00554	0.00478
68	0.01349	0.01103	0.01163	0.01020	0.01315	0.01260	0.00801	0.13332	0.61054	0.02285	0.01933	0.01816	0.01447	0.00677	0.00508	0.00167	0.00416	0.00555	0.07005	0.00795
69	0.01270	0.01219	0.02083	0.03149	0.78767	0.01219	0.01575	0.01575	0.01168	0.01676	0.00965	0.01270	0.00813	0.00457	0.00508	0.00152	0.00610	0.00457	0.00254	0.00813
70	0.01519	0.01306	0.01968	0.01472	0.01890	0.01355	0.29058	0.36469	0.07652	0.02418	0.01417	0.01532	0.04236	0.00582	0.00545	0.00162	0.00635	0.00552	0.04468	0.00763
71	0.01270	0.01219	0.02083	0.03149	0.78767	0.01219	0.01575	0.01575	0.01168	0.01676	0.00965	0.01270	0.00813	0.00457	0.00508	0.00152	0.00610	0.00457	0.00254	0.00813
72	0.00741	0.00517	0.00658	0.00658	0.00692	0.00551	0.00433	0.00809	0.00775	0.01068	0.01527	0.02860	0.01649	0.53005	0.31279	0.00619	0.00823	0.00673	0.00298	0.00365
73	0.01372	0.82276	0.02689	0.00878	0.01317	0.02030	0.00878	0.01536	0.01043	0.01207	0.00713	0.00823	0.00658	0.00439	0.00329	0.00110	0.00549	0.00274	0.00219	0.00658
74	0.01917	0.02445	0.01454	0.01322	0.01586	0.79907	0.00991	0.02049	0.01454	0.01256	0.00793	0.00925	0.00661	0.00529	0.00463	0.00132	0.00925	0.00330	0.00264	0.00595
75	0.00947	0.00926	0.00803	0.00756	0.00946	0.14311	0.00570	0.01269	0.10758	0.01630	0.22941	0.03585	0.36568	0.01027	0.00571	0.00163	0.00389	0.00851	0.00468	0.00521
76	0.00733	0.00550	0.00825	0.00825	0.00916	0.00641	0.00641	0.00916	0.00825	0.01191	0.01374	0.02016	0.01283	0.03848	0.79934	0.00825	0.01374	0.00550	0.00275	0.00458
77	0.85592	0.00992	0.00754	0.00675	0.00992	0.01151	0.00556	0.01508	0.00873	0.02302	0.00714	0.00834	0.00556	0.00476	0.00318	0.00159	0.00397	0.00278	0.00318	0.00556
78	0.01212	0.00590	0.00649	0.00593	0.00772	0.00581	0.00458	0.01527	0.06436	0.15297	0.01763	0.01884	0.01325	0.00611	0.00397	0.00130	0.00285	0.00492	0.64429	0.00570
79	0.00969	0.00912	0.01539	0.80734	0.03534	0.01140	0.01425	0.01311	0.01026	0.01311	0.00912	0.01368	0.00684	0.00513	0.00513	0.00171	0.00684	0.00456	0.00228	0.00570
80	0.01054	0.01047	0.01691	0.01391	0.01513	0.01312	0.15826	0.01244	0.00878	0.01305	0.00900	0.01371	0.00829	0.01460	0.18781	0.00347	0.47744	0.00502	0.00242	0.00564
81	0.01951	0.01437	0.01540	0.01181	0.01591	0.01591	0.00975	0.77056	0.02412	0.03234	0.01232	0.01232	0.00873	0.00616	0.00513	0.00154	0.00565	0.00462	0.00513	0.00873
82	0.10040	0.00677	0.00793	0.00779	0.00934	0.00680	0.00573	0.10179	0.01206	0.11197	0.02258	0.49810	0.02430	0.01201	0.00571	0.00186	0.00354	0.01051	0.04535	0.00545
83	0.00832	0.00697	0.00797	0.00667	0.00953	0.00552	0.00510	0.01007	0.01103	0.01538	0.05660	0.14119	0.27727	0.00896	0.00505	0.00131	0.00322	0.00760	0.00398	0.40825
