[name]
unknown

[dist]
# distance from previous block
# <min> <max>
0	42

[block]
# block no. 0 follows, 33 sequences, length 9
# corresponding to MSA columns:
# 414-422
name=unknown_A
#
# <colnr> <probs for GDERKNQSTAVLIFYWHMCP>
#	G	D	E	R	K	N	Q	S	T	A	V	L	I	F	Y	W	H	M	C	P
0	0.01596	0.33969	0.33699	0.01511	0.02210	0.08745	0.01706	0.02050	0.01420	0.01811	0.01180	0.01559	0.01000	0.00669	0.00553	0.00182	0.00861	0.04097	0.00303	0.00880
1	0.01445	0.39956	0.23053	0.01251	0.01841	0.01874	0.01362	0.01791	0.01336	0.01704	0.01764	0.02066	0.09252	0.07856	0.00796	0.00216	0.00733	0.00567	0.00330	0.00807
2	0.01666	0.61427	0.18457	0.01287	0.01938	0.02374	0.01406	0.01996	0.01349	0.01664	0.00972	0.01128	0.00842	0.00577	0.00466	0.00155	0.00762	0.00381	0.00281	0.00872
3	0.00967	0.00627	0.00823	0.00848	0.00878	0.00644	0.00555	0.00974	0.01006	0.01365	0.02072	0.15307	0.02304	0.34586	0.16994	0.17428	0.00808	0.00976	0.00401	0.00435
4	0.01730	0.06517	0.22248	0.01605	0.02114	0.24348	0.01545	0.02087	0.01461	0.01825	0.01055	0.01314	0.00868	0.00714	0.00866	0.00189	0.14780	0.00461	0.00318	0.13958
5	0.00863	0.00664	0.00752	0.00733	0.00895	0.00593	0.00527	0.01054	0.01542	0.02005	0.29511	0.05494	0.37208	0.13882	0.01199	0.00285	0.00375	0.01247	0.00617	0.00554
6	0.01953	0.42786	0.02682	0.01297	0.01796	0.10607	0.01152	0.14563	0.13229	0.02219	0.01335	0.01395	0.01085	0.00671	0.00525	0.00168	0.00733	0.00468	0.00419	0.00917
7	0.01444	0.08664	0.27921	0.01884	0.13744	0.01390	0.04467	0.01928	0.01459	0.04201	0.07306	0.01737	0.01392	0.00646	0.00600	0.00175	0.00743	0.00546	0.00368	0.19383
8	0.01674	0.17528	0.45498	0.01651	0.02432	0.10269	0.01921	0.02219	0.01477	0.07772	0.01227	0.01371	0.00903	0.00635	0.00585	0.00190	0.00912	0.00467	0.00330	0.00935

[dist]
# distance from previous block
# <min> <max>
0	3

[block]
# block no. 1 follows, 33 sequences, length 7
# corresponding to MSA columns:
# 426-432
name=unknown_B
#
# <colnr> <probs for GDERKNQSTAVLIFYWHMCP>
#	G	D	E	R	K	N	Q	S	T	A	V	L	I	F	Y	W	H	M	C	P
0	0.01379	0.00898	0.01190	0.06669	0.01459	0.00973	0.00845	0.09150	0.01374	0.10176	0.01883	0.02854	0.01737	0.23860	0.31884	0.00680	0.01123	0.00749	0.00450	0.00668
1	0.00810	0.00615	0.00747	0.00827	0.00937	0.00552	0.00577	0.00964	0.01408	0.01824	0.12672	0.45665	0.26321	0.01852	0.00813	0.00246	0.00358	0.01638	0.00625	0.00552
2	0.01491	0.01671	0.10633	0.22783	0.46524	0.01533	0.02017	0.01938	0.01438	0.02018	0.01214	0.01635	0.00975	0.00610	0.00650	0.00203	0.00830	0.00575	0.00311	0.00952
3	0.12145	0.01690	0.08709	0.07794	0.33538	0.01620	0.10792	0.05076	0.01461	0.02252	0.01179	0.01542	0.00951	0.00656	0.00775	0.00212	0.07770	0.00572	0.00343	0.00925
4	0.00822	0.00581	0.00758	0.00891	0.00925	0.00548	0.00584	0.00922	0.01222	0.01629	0.03431	0.67284	0.04105	0.11552	0.01159	0.00314	0.00414	0.01756	0.00584	0.00517
5	0.01947	0.01506	0.01693	0.01379	0.01751	0.01702	0.01118	0.39121	0.13162	0.03356	0.15368	0.02345	0.02213	0.00954	0.00851	0.00213	0.08992	0.00730	0.00632	0.00967
6	0.01473	0.12157	0.43401	0.10118	0.02678	0.01653	0.01941	0.09624	0.01598	0.02239	0.06051	0.01652	0.01239	0.00689	0.00617	0.00200	0.00855	0.00541	0.00353	0.00921

[dist]
# distance from previous block
# <min> <max>
0	4

[block]
# block no. 2 follows, 33 sequences, length 17
# corresponding to MSA columns:
# 437-448,450-454
name=unknown_C
#
# <colnr> <probs for GDERKNQSTAVLIFYWHMCP>
#	G	D	E	R	K	N	Q	S	T	A	V	L	I	F	Y	W	H	M	C	P
0	0.01587	0.01758	0.08497	0.03574	0.51010	0.01585	0.18100	0.02046	0.01503	0.02136	0.01256	0.01645	0.01016	0.00582	0.00679	0.00203	0.00874	0.00623	0.00324	0.01001
1	0.01003	0.01153	0.13055	0.01194	0.01453	0.00940	0.01090	0.01326	0.01113	0.01620	0.01667	0.02388	0.01511	0.04223	0.62053	0.00917	0.01632	0.00669	0.00340	0.00652
2	0.07341	0.14082	0.02698	0.02738	0.35485	0.01702	0.11207	0.05213	0.01567	0.09874	0.01338	0.01580	0.01048	0.00614	0.00616	0.00192	0.00770	0.00567	0.00393	0.00977
3	0.14384	0.24865	0.02249	0.04836	0.01849	0.19184	0.01209	0.02009	0.01344	0.01800	0.00939	0.01220	0.00831	0.00753	0.00914	0.00199	0.19893	0.00438	0.00317	0.00768
4	0.01319	0.01401	0.15835	0.01136	0.01544	0.01001	0.01077	0.01949	0.13257	0.10004	0.27392	0.03746	0.15406	0.01122	0.00716	0.00212	0.00512	0.00950	0.00614	0.00805
5	0.01535	0.24046	0.38891	0.01805	0.02582	0.05107	0.13268	0.02081	0.01424	0.01916	0.01124	0.01350	0.00865	0.00599	0.00592	0.00190	0.00929	0.00494	0.00291	0.00913
6	0.01342	0.01277	0.01751	0.01522	0.01522	0.01735	0.01228	0.01456	0.00998	0.01521	0.01111	0.02026	0.01176	0.16614	0.02404	0.00360	0.60338	0.00654	0.00311	0.00655
7	0.01628	0.01162	0.01392	0.01008	0.01580	0.00892	0.00811	0.01915	0.01451	0.13922	0.01407	0.01510	0.01084	0.00542	0.00516	0.00115	0.00500	0.00435	0.00460	0.67669
8	0.00802	0.00573	0.00764	0.00917	0.00955	0.00535	0.00611	0.00917	0.01260	0.01681	0.03628	0.76434	0.04354	0.02062	0.00840	0.00267	0.00382	0.01872	0.00611	0.00535
9	0.00957	0.00638	0.00718	0.00718	0.00718	0.00638	0.00399	0.00957	0.00957	0.01276	0.02074	0.04308	0.02393	0.76864	0.03351	0.00638	0.00638	0.00957	0.00399	0.00399
10	0.01097	0.00813	0.01198	0.13462	0.01854	0.00862	0.01154	0.01382	0.01437	0.01865	0.02940	0.06111	0.03124	0.01659	0.00983	0.05853	0.00649	0.52420	0.00532	0.00605
11	0.18098	0.56589	0.02842	0.01100	0.01629	0.02336	0.01051	0.06651	0.01413	0.02013	0.00961	0.01095	0.00837	0.00589	0.00435	0.00158	0.00666	0.00369	0.00333	0.00837
12	0.01305	0.02943	0.61382	0.01667	0.02504	0.01377	0.02106	0.01994	0.01388	0.02146	0.01342	0.01566	0.00975	0.00649	0.00598	0.00199	0.00863	0.00508	0.13575	0.00913
13	0.00994	0.16248	0.01298	0.00923	0.01095	0.00961	0.00700	0.01136	0.01312	0.01668	0.03522	0.50711	0.13677	0.01698	0.00746	0.00235	0.00441	0.01490	0.00544	0.00601
14	0.01277	0.01069	0.01266	0.00945	0.01442	0.00825	0.00748	0.01573	0.01467	0.02246	0.15719	0.02091	0.02045	0.00663	0.00547	0.00120	0.00451	0.00554	0.00458	0.64496
15	0.01925	0.01402	0.01699	0.06943	0.17012	0.10140	0.01232	0.04345	0.07670	0.21505	0.02201	0.17097	0.01930	0.00999	0.00688	0.00213	0.00672	0.00863	0.00557	0.00907
16	0.02136	0.37424	0.02598	0.01433	0.01875	0.41093	0.01205	0.02325	0.01621	0.01582	0.00970	0.01127	0.00847	0.00625	0.00514	0.00156	0.00964	0.00391	0.00313	0.00801

[dist]
# distance from previous block
# <min> <max>
0	1

[block]
# block no. 3 follows, 33 sequences, length 15
# corresponding to MSA columns:
# 456-470
name=unknown_D
#
# <colnr> <probs for GDERKNQSTAVLIFYWHMCP>
#	G	D	E	R	K	N	Q	S	T	A	V	L	I	F	Y	W	H	M	C	P
0	0.05370	0.02449	0.37923	0.01573	0.02300	0.01526	0.01736	0.19985	0.01839	0.05971	0.01462	0.05236	0.01130	0.00737	0.00624	0.00198	0.00794	0.00578	0.00436	0.08132
1	0.05609	0.12803	0.31950	0.01609	0.02278	0.18340	0.01695	0.10923	0.01718	0.05499	0.01212	0.01348	0.00906	0.00658	0.00587	0.00189	0.00914	0.00470	0.00372	0.00921
2	0.02366	0.13036	0.02077	0.01620	0.01989	0.64657	0.01253	0.02541	0.01795	0.01603	0.01004	0.01170	0.00848	0.00663	0.00571	0.00166	0.01123	0.00414	0.00332	0.00774
3	0.01419	0.02290	0.36752	0.01459	0.02190	0.01292	0.01624	0.08773	0.01596	0.02362	0.07562	0.01715	0.01387	0.00662	0.00598	0.00172	0.00734	0.00529	0.00392	0.26492
4	0.01671	0.49785	0.02860	0.01293	0.01701	0.02341	0.01187	0.02087	0.10641	0.01718	0.01139	0.01331	0.01005	0.00742	0.00853	0.00186	0.17829	0.00456	0.00335	0.00843
5	0.00797	0.00594	0.00742	0.00860	0.00940	0.00540	0.00586	0.00923	0.01315	0.01703	0.04324	0.60396	0.19943	0.01972	0.00826	0.00257	0.00371	0.01761	0.00611	0.00540
6	0.01518	0.02025	0.27704	0.01790	0.02374	0.01355	0.17350	0.02002	0.01479	0.11540	0.07101	0.09937	0.01772	0.00895	0.00847	0.00225	0.07991	0.00788	0.00433	0.00875
7	0.02954	0.01120	0.01528	0.01171	0.01681	0.00968	0.00968	0.03208	0.01884	0.73213	0.02597	0.02241	0.01630	0.00815	0.00662	0.00204	0.00560	0.00662	0.00815	0.01120
8	0.00802	0.00573	0.00764	0.00917	0.00955	0.00535	0.00611	0.00917	0.01260	0.01681	0.03628	0.76434	0.04354	0.02062	0.00840	0.00267	0.00382	0.01872	0.00611	0.00535
9	0.01240	0.01215	0.02307	0.01825	0.02156	0.01283	0.29327	0.01597	0.01256	0.01771	0.01499	0.02143	0.01305	0.02777	0.37188	0.00641	0.08685	0.00722	0.00338	0.00723
10	0.02121	0.02145	0.05940	0.02351	0.18605	0.24092	0.13910	0.08499	0.01813	0.12079	0.01404	0.01588	0.01053	0.00661	0.00657	0.00194	0.00940	0.00577	0.00427	0.00942
11	0.00796	0.00596	0.00741	0.00856	0.00939	0.00540	0.00584	0.00923	0.01318	0.01704	0.04361	0.59537	0.20778	0.01967	0.00825	0.00256	0.00370	0.01755	0.00611	0.00540
12	0.01091	0.00997	0.00964	0.01001	0.01174	0.10442	0.00767	0.01297	0.01551	0.01897	0.13735	0.21094	0.23655	0.01610	0.00796	0.00241	0.00515	0.15987	0.00590	0.00599
13	0.01436	0.01253	0.10781	0.01131	0.01501	0.01007	0.01013	0.05356	0.09051	0.14038	0.03283	0.07039	0.20064	0.02025	0.17534	0.00410	0.00827	0.00904	0.00551	0.00794
14	0.12486	0.31101	0.11253	0.01348	0.01915	0.02036	0.04680	0.17159	0.05593	0.02497	0.01251	0.01371	0.00984	0.00651	0.00530	0.00179	0.00714	0.00473	0.02871	0.00909

[dist]
# distance from previous block
# <min> <max>
0	1

[block]
# block no. 4 follows, 33 sequences, length 23
# corresponding to MSA columns:
# 472-494
name=unknown_E
#
# <colnr> <probs for GDERKNQSTAVLIFYWHMCP>
#	G	D	E	R	K	N	Q	S	T	A	V	L	I	F	Y	W	H	M	C	P
0	0.18671	0.37538	0.12281	0.01140	0.01638	0.01860	0.01133	0.01800	0.01285	0.01948	0.01414	0.13919	0.01411	0.00837	0.00519	0.00185	0.00645	0.00630	0.00364	0.00782
1	0.01422	0.13490	0.51807	0.01924	0.02787	0.01703	0.13797	0.02073	0.01410	0.02014	0.01170	0.01409	0.00864	0.00605	0.00623	0.00201	0.00958	0.00517	0.00288	0.00941
2	0.01871	0.10869	0.01705	0.01316	0.01662	0.27119	0.01034	0.02678	0.26791	0.02158	0.01795	0.01843	0.01408	0.00757	0.00578	0.00183	0.00741	0.00563	0.14080	0.00848
3	0.01339	0.03884	0.19840	0.17173	0.02530	0.01217	0.01434	0.01780	0.01360	0.02014	0.01166	0.01446	0.00915	0.00561	0.00557	0.00153	0.00701	0.00455	0.00338	0.41137
4	0.01429	0.14306	0.15075	0.01171	0.01560	0.01150	0.01101	0.01708	0.01410	0.13896	0.02603	0.35036	0.04316	0.01313	0.00696	0.00223	0.00578	0.01133	0.00527	0.00771
5	0.02139	0.14498	0.02049	0.01335	0.01823	0.01931	0.01129	0.49146	0.02584	0.03402	0.04288	0.02113	0.08961	0.00864	0.00635	0.00191	0.00665	0.00657	0.00591	0.00996
6	0.00819	0.00610	0.00763	0.00848	0.00946	0.00554	0.00589	0.00978	0.01415	0.01865	0.15973	0.49217	0.19309	0.01856	0.00816	0.00247	0.00359	0.01652	0.00630	0.00554
7	0.02588	0.01027	0.01398	0.01128	0.01557	0.00894	0.00907	0.02819	0.01778	0.61054	0.02772	0.14852	0.02093	0.01027	0.00692	0.00215	0.00530	0.00868	0.00780	0.01021
8	0.01691	0.01580	0.09699	0.10909	0.27527	0.01388	0.11622	0.02098	0.01515	0.14111	0.01776	0.05480	0.03932	0.00760	0.00726	0.00212	0.02902	0.00708	0.00425	0.00939
9	0.01864	0.12698	0.02553	0.04957	0.14771	0.25778	0.11441	0.02140	0.01515	0.01768	0.01068	0.01397	0.00908	0.00708	0.00875	0.00200	0.13683	0.00526	0.00317	0.00834
10	0.00980	0.00664	0.00927	0.00927	0.00992	0.00728	0.00660	0.01060	0.00995	0.01391	0.01746	0.02976	0.01773	0.24925	0.41923	0.14501	0.01241	0.00754	0.00354	0.00483
11	0.01573	0.01507	0.02571	0.14359	0.62876	0.01549	0.01993	0.01971	0.01473	0.02083	0.01228	0.01648	0.01019	0.00597	0.00653	0.00199	0.00796	0.00586	0.00321	0.00998
12	0.01646	0.05976	0.37728	0.01728	0.02464	0.01455	0.11352	0.02327	0.07504	0.14192	0.01884	0.01957	0.05342	0.00730	0.00656	0.00208	0.00832	0.00626	0.00430	0.00961
13	0.00932	0.00673	0.00880	0.00828	0.00984	0.00621	0.00621	0.01242	0.01863	0.02640	0.72410	0.04918	0.06212	0.01346	0.00776	0.00207	0.00311	0.01191	0.00725	0.00621
14	0.81514	0.01273	0.00968	0.00866	0.01273	0.01477	0.00713	0.01935	0.01120	0.02954	0.00917	0.01069	0.00713	0.00611	0.00407	0.00204	0.00509	0.00356	0.00407	0.00713
15	0.02459	0.03138	0.01866	0.01696	0.02035	0.74221	0.01272	0.02629	0.01866	0.01611	0.01018	0.01187	0.00848	0.00678	0.00594	0.00170	0.01187	0.00424	0.00339	0.00763
16	0.16062	0.37763	0.12770	0.01215	0.01793	0.04277	0.01220	0.02213	0.01417	0.14059	0.01243	0.01312	0.00953	0.00627	0.00495	0.00173	0.00700	0.00427	0.00396	0.00884
17	0.01025	0.00830	0.01221	0.01172	0.01270	0.01026	0.00928	0.01245	0.01050	0.01538	0.01611	0.02391	0.01513	0.04294	0.62000	0.00927	0.14324	0.00683	0.00342	0.00610
18	0.00948	0.00659	0.00822	0.00811	0.00868	0.00672	0.00533	0.01063	0.01172	0.01621	0.17123	0.04089	0.03062	0.46035	0.17194	0.00631	0.00796	0.00956	0.00460	0.00485
19	0.01957	0.01603	0.02626	0.04590	0.33794	0.04951	0.17351	0.05925	0.01687	0.16621	0.01541	0.01766	0.01143	0.00642	0.00680	0.00203	0.00831	0.00638	0.00444	0.01007
20	0.01728	0.70036	0.07169	0.01239	0.01828	0.02507	0.04241	0.01983	0.01350	0.01602	0.00948	0.01105	0.00851	0.00566	0.00449	0.00148	0.00736	0.00378	0.00284	0.00853
21	0.81514	0.01273	0.00968	0.00866	0.01273	0.01477	0.00713	0.01935	0.01120	0.02954	0.00917	0.01069	0.00713	0.00611	0.00407	0.00204	0.00509	0.00356	0.00407	0.00713
22	0.01515	0.01165	0.01492	0.05450	0.13891	0.03263	0.01053	0.03304	0.05717	0.11079	0.07995	0.05542	0.14192	0.00948	0.00659	0.00187	0.00555	0.02277	0.00525	0.19191

[dist]
# distance from previous block
# <min> <max>
0	3

[block]
# block no. 5 follows, 33 sequences, length 19
# corresponding to MSA columns:
# 498-516
name=unknown_F
#
# <colnr> <probs for GDERKNQSTAVLIFYWHMCP>
#	G	D	E	R	K	N	Q	S	T	A	V	L	I	F	Y	W	H	M	C	P
0	0.01442	0.01383	0.02431	0.15618	0.40586	0.01418	0.10628	0.01846	0.01497	0.02093	0.09447	0.02091	0.01630	0.00877	0.03986	0.00243	0.00831	0.00686	0.00368	0.00900
1	0.01041	0.00848	0.01310	0.25192	0.02207	0.01006	0.01092	0.01311	0.01128	0.01544	0.01613	0.02551	0.01498	0.13373	0.40589	0.00727	0.01321	0.00701	0.00339	0.00609
2	0.00944	0.00691	0.00987	0.00987	0.01080	0.00784	0.00734	0.01130	0.01037	0.01475	0.01829	0.02948	0.01803	0.20038	0.59369	0.00970	0.01527	0.00758	0.00362	0.00548
3	0.01478	0.20779	0.33219	0.11629	0.16502	0.01790	0.01955	0.01992	0.01389	0.01915	0.01126	0.01403	0.00883	0.00607	0.00585	0.00191	0.00858	0.00486	0.00290	0.00924
4	0.02019	0.60758	0.03033	0.01136	0.01688	0.02250	0.01092	0.02239	0.01456	0.17081	0.01280	0.01313	0.01015	0.00618	0.00474	0.00154	0.00673	0.00419	0.00397	0.00905
5	0.02954	0.01120	0.01528	0.01171	0.01681	0.00968	0.00968	0.03208	0.01884	0.73213	0.02597	0.02241	0.01630	0.00815	0.00662	0.00204	0.00560	0.00662	0.00815	0.01120
6	0.00795	0.00662	0.00695	0.00699	0.00903	0.00561	0.00520	0.00974	0.01523	0.01861	0.13259	0.10600	0.61366	0.01659	0.00782	0.00224	0.00334	0.01399	0.00623	0.00561
7	0.01281	0.10838	0.01319	0.00930	0.01248	0.01142	0.00753	0.16164	0.01806	0.02255	0.04574	0.10315	0.42205	0.01366	0.00711	0.00210	0.00470	0.01121	0.00579	0.00714
8	0.02613	0.01667	0.01866	0.01431	0.01953	0.01779	0.01182	0.54090	0.02799	0.21039	0.01829	0.01742	0.01244	0.00796	0.00659	0.00199	0.00684	0.00610	0.00697	0.01120
9	0.00940	0.00705	0.01058	0.01058	0.01176	0.00823	0.00823	0.01176	0.01058	0.01528	0.01763	0.02586	0.01646	0.04937	0.74255	0.01058	0.01763	0.00705	0.00353	0.00588
10	0.01812	0.01654	0.01577	0.01397	0.01780	0.10129	0.01088	0.09506	0.57211	0.02748	0.02386	0.02229	0.01793	0.00859	0.00660	0.00215	0.00617	0.00693	0.00630	0.01017
11	0.01686	0.07602	0.02601	0.09380	0.55034	0.08441	0.01865	0.02046	0.01506	0.02015	0.01187	0.01553	0.00996	0.00599	0.00629	0.00191	0.00822	0.00553	0.00321	0.00976
12	0.71336	0.01253	0.01040	0.00905	0.01326	0.01411	0.00746	0.02100	0.01219	0.12057	0.01134	0.01221	0.00832	0.00637	0.00440	0.00204	0.00516	0.00396	0.00460	0.00766
13	0.00781	0.00655	0.00679	0.00699	0.00898	0.00553	0.00515	0.00941	0.01469	0.01766	0.06275	0.15418	0.63662	0.01718	0.00786	0.00228	0.00340	0.01452	0.00611	0.00553
14	0.07388	0.35475	0.10810	0.07395	0.04117	0.01892	0.04901	0.02224	0.01456	0.16656	0.01347	0.01452	0.01014	0.00634	0.00539	0.00178	0.00729	0.00480	0.00405	0.00906
15	0.01712	0.01043	0.01635	0.01285	0.01681	0.00928	0.14393	0.02011	0.01710	0.26739	0.16242	0.03763	0.21795	0.01095	0.00737	0.00213	0.00560	0.00981	0.00648	0.00828
16	0.01279	0.11372	0.14054	0.01615	0.09832	0.07128	0.04336	0.01574	0.01382	0.01801	0.02266	0.35707	0.02478	0.01271	0.00705	0.00223	0.00669	0.01122	0.00444	0.00743
17	0.15949	0.02028	0.08199	0.01398	0.01849	0.17503	0.01198	0.23892	0.08932	0.02851	0.01531	0.01616	0.02574	0.00757	0.00632	0.00197	0.02800	0.00537	0.04657	0.00901
18	0.01862	0.01953	0.02272	0.08015	0.23727	0.22980	0.10419	0.03928	0.06873	0.04902	0.01661	0.01881	0.05145	0.00714	0.00660	0.00197	0.00896	0.00624	0.00398	0.00894

[dist]
# distance from previous block
# <min> <max>
0	155

[block]
# block no. 6 follows, 33 sequences, length 19
# corresponding to MSA columns:
# 673-691
name=unknown_G
#
# <colnr> <probs for GDERKNQSTAVLIFYWHMCP>
#	G	D	E	R	K	N	Q	S	T	A	V	L	I	F	Y	W	H	M	C	P
0	0.01513	0.20786	0.01677	0.01025	0.01351	0.10400	0.00843	0.01719	0.01578	0.09807	0.14197	0.11520	0.18810	0.01156	0.00657	0.00195	0.00564	0.00941	0.00533	0.00728
1	0.01753	0.04854	0.05518	0.11971	0.22153	0.25967	0.01510	0.02137	0.05147	0.01870	0.01820	0.02032	0.08970	0.00764	0.00638	0.00193	0.00874	0.00616	0.00371	0.00842
2	0.11461	0.02029	0.08390	0.01994	0.18660	0.23557	0.01362	0.06148	0.01672	0.02198	0.07549	0.04755	0.05882	0.00819	0.00628	0.00195	0.00805	0.00648	0.00417	0.00831
3	0.00952	0.00989	0.09008	0.01034	0.01236	0.00761	0.00848	0.01329	0.07880	0.01949	0.11848	0.47085	0.09197	0.01675	0.00788	0.00246	0.00449	0.01492	0.00593	0.00643
4	0.01531	0.01669	0.01401	0.01567	0.09440	0.28931	0.01023	0.01698	0.01519	0.01707	0.02358	0.39146	0.02636	0.01365	0.00724	0.00222	0.00736	0.01172	0.00475	0.00680
5	0.02590	0.01600	0.01806	0.01389	0.01899	0.01693	0.01146	0.49325	0.02698	0.23623	0.01886	0.01795	0.01282	0.00796	0.00653	0.00198	0.00665	0.00613	0.03240	0.01104
6	0.01458	0.39466	0.02742	0.09662	0.02113	0.01862	0.11772	0.01738	0.01387	0.01738	0.05765	0.14247	0.01789	0.00874	0.00596	0.00188	0.00708	0.00752	0.00373	0.00773
7	0.00830	0.00600	0.00789	0.00910	0.00978	0.00558	0.00632	0.00981	0.01356	0.01810	0.11515	0.60627	0.08201	0.01947	0.00834	0.00260	0.00384	0.05613	0.00624	0.00550
8	0.00986	0.00780	0.01141	0.01123	0.01218	0.00935	0.00874	0.01196	0.01075	0.01552	0.01864	0.10748	0.01855	0.04155	0.57252	0.00876	0.10578	0.00821	0.00374	0.00598
9	0.01666	0.01054	0.01111	0.00944	0.01231	0.01121	0.00749	0.26049	0.02014	0.03066	0.05386	0.02264	0.01707	0.00804	0.00546	0.00172	0.00455	0.00634	0.48234	0.00794
10	0.02459	0.03138	0.01866	0.01696	0.02035	0.74221	0.01272	0.02629	0.01866	0.01611	0.01018	0.01187	0.00848	0.00678	0.00594	0.00170	0.01187	0.00424	0.00339	0.00763
11	0.01286	0.01214	0.02052	0.67322	0.12157	0.01474	0.01850	0.01720	0.01337	0.01734	0.01178	0.01741	0.00896	0.00650	0.00657	0.00217	0.00867	0.00585	0.00296	0.00766
12	0.10490	0.01216	0.01524	0.01180	0.01682	0.01137	0.00975	0.10611	0.01946	0.58712	0.02321	0.02054	0.01484	0.00792	0.00637	0.00203	0.00574	0.00625	0.00758	0.01081
13	0.00936	0.00788	0.00961	0.00921	0.01055	0.00827	0.00699	0.01110	0.01402	0.01841	0.16063	0.13207	0.34245	0.06213	0.03913	0.00292	0.13167	0.01223	0.00553	0.00584
14	0.00931	0.00697	0.00786	0.00758	0.00952	0.00638	0.00570	0.01250	0.04827	0.02254	0.33045	0.05139	0.34035	0.01398	0.00737	0.00208	0.00330	0.01191	0.09642	0.00611
15	0.01273	0.01194	0.01696	0.01504	0.01543	0.01617	0.01234	0.01447	0.01025	0.01566	0.01165	0.01824	0.01126	0.02420	0.26301	0.00546	0.50916	0.00619	0.00310	0.00676
16	0.00888	0.00651	0.00928	0.00986	0.01068	0.00703	0.00720	0.01065	0.01131	0.01574	0.02495	0.31017	0.02723	0.07488	0.42476	0.00733	0.01176	0.01166	0.00454	0.00558
17	0.01396	0.01301	0.02181	0.20650	0.44181	0.01365	0.01735	0.01752	0.01415	0.01958	0.01627	0.14331	0.01564	0.00854	0.00685	0.00213	0.00737	0.00804	0.00366	0.00882
18	0.01278	0.01141	0.01836	0.02651	0.40672	0.01122	0.01418	0.01563	0.01426	0.01969	0.02479	0.25575	0.06575	0.01204	0.00738	0.00228	0.00617	0.06233	0.00453	0.00822

[dist]
# distance from previous block
# <min> <max>
0	12

[block]
# block no. 7 follows, 33 sequences, length 53
# corresponding to MSA columns:
# 704-756
name=unknown_H
#
# <colnr> <probs for GDERKNQSTAVLIFYWHMCP>
#	G	D	E	R	K	N	Q	S	T	A	V	L	I	F	Y	W	H	M	C	P
0	0.26697	0.04904	0.02173	0.02913	0.47109	0.01584	0.01570	0.01991	0.01373	0.02375	0.01123	0.01428	0.00930	0.00593	0.00565	0.00196	0.00693	0.00504	0.00349	0.00930
1	0.01424	0.09403	0.07959	0.42319	0.17809	0.03351	0.04973	0.01854	0.01385	0.01813	0.01162	0.01616	0.00909	0.00627	0.00634	0.00204	0.00866	0.00558	0.00300	0.00833
2	0.00954	0.00720	0.01062	0.01055	0.01163	0.00842	0.00814	0.01173	0.01051	0.01515	0.01759	0.02658	0.01670	0.09052	0.68289	0.01014	0.03559	0.00717	0.00354	0.00580
3	0.01101	0.00994	0.00967	0.00910	0.01103	0.10242	0.00682	0.01365	0.01792	0.02335	0.50096	0.04709	0.18585	0.01322	0.00753	0.00205	0.00430	0.01129	0.00652	0.00627
4	0.01601	0.14672	0.13547	0.03163	0.47005	0.01740	0.05047	0.02026	0.01458	0.02037	0.01179	0.01503	0.00976	0.00587	0.00615	0.00189	0.00813	0.00540	0.00311	0.00992
5	0.01453	0.00680	0.00733	0.00687	0.00887	0.00660	0.00527	0.01753	0.01447	0.11717	0.02206	0.02426	0.01680	0.00773	0.00487	0.00160	0.00340	0.00620	0.70085	0.00680
6	0.00847	0.00612	0.00800	0.00874	0.00962	0.00566	0.00610	0.01032	0.01483	0.02022	0.27954	0.48070	0.08134	0.01792	0.00815	0.00244	0.00355	0.01610	0.00651	0.00566
7	0.01806	0.42266	0.13882	0.01395	0.01956	0.16546	0.03847	0.03422	0.01495	0.01769	0.01077	0.01253	0.00904	0.00612	0.00508	0.00162	0.00834	0.00423	0.05002	0.00842
8	0.01760	0.77260	0.03450	0.01126	0.01690	0.02605	0.01126	0.01971	0.01338	0.01549	0.00915	0.01056	0.00845	0.00563	0.00422	0.00141	0.00704	0.00352	0.00282	0.00845
9	0.01453	0.00680	0.00733	0.00687	0.00887	0.00660	0.00527	0.01753	0.01447	0.11717	0.02206	0.02426	0.01680	0.00773	0.00487	0.00160	0.00340	0.00620	0.70085	0.00680
10	0.01430	0.01398	0.02488	0.38864	0.30177	0.01527	0.10872	0.01866	0.01416	0.01915	0.01217	0.01710	0.00956	0.00618	0.00671	0.00211	0.00872	0.00611	0.00310	0.00870
11	0.01748	0.01930	0.11370	0.09060	0.25133	0.16035	0.01631	0.02101	0.01515	0.08569	0.01442	0.05053	0.01206	0.01055	0.06262	0.00267	0.03740	0.00615	0.00379	0.00887
12	0.02715	0.01503	0.01765	0.01353	0.01871	0.01536	0.01118	0.38830	0.02525	0.36687	0.02060	0.01892	0.01360	0.00802	0.00660	0.00200	0.00647	0.00625	0.00732	0.01120
13	0.00877	0.00645	0.00785	0.00811	0.00907	0.00621	0.00556	0.01013	0.01279	0.01692	0.12622	0.20201	0.19206	0.23619	0.11776	0.00465	0.00627	0.01249	0.00529	0.00519
14	0.02061	0.03100	0.02346	0.02578	0.30895	0.01670	0.06733	0.23403	0.06530	0.11651	0.01606	0.01743	0.01194	0.00695	0.00661	0.00200	0.00743	0.00618	0.00511	0.01060
15	0.01105	0.01258	0.13399	0.05764	0.10797	0.00963	0.01098	0.01344	0.01164	0.01617	0.01904	0.11046	0.02014	0.35230	0.08124	0.00478	0.00795	0.00886	0.00382	0.00631
16	0.02187	0.31949	0.02481	0.01475	0.01901	0.46384	0.01215	0.02373	0.01660	0.01587	0.00978	0.01136	0.00847	0.00634	0.00527	0.00158	0.00999	0.00396	0.00317	0.00795
17	0.05044	0.04915	0.05267	0.01838	0.13462	0.16061	0.08191	0.01985	0.01520	0.02063	0.04375	0.01550	0.01177	0.00603	0.00578	0.00157	0.00764	0.00506	0.00370	0.29573
18	0.01566	0.01716	0.11369	0.04798	0.28431	0.03030	0.01612	0.05141	0.20657	0.02276	0.01670	0.01952	0.01344	0.03772	0.04160	0.00265	0.04220	0.00632	0.00429	0.00961
19	0.01839	0.05470	0.02168	0.02648	0.35198	0.27039	0.01504	0.02093	0.01550	0.01819	0.01255	0.01798	0.01142	0.10602	0.00974	0.00242	0.00902	0.00567	0.00338	0.00851
20	0.00957	0.00713	0.00948	0.00927	0.01058	0.00753	0.00691	0.01242	0.04190	0.01877	0.22226	0.03765	0.08409	0.13542	0.34990	0.00661	0.01036	0.00931	0.00497	0.00587
21	0.01629	0.01564	0.02672	0.04041	0.72757	0.01564	0.02020	0.02020	0.01499	0.02151	0.01238	0.01629	0.01043	0.00587	0.00652	0.00196	0.00782	0.00587	0.00326	0.01043
22	0.12908	0.01475	0.01628	0.01276	0.01760	0.01554	0.01050	0.35676	0.03883	0.25616	0.01864	0.01782	0.01273	0.00776	0.00618	0.00199	0.00621	0.00588	0.04412	0.01041
23	0.01244	0.00743	0.01018	0.00971	0.01158	0.00733	0.00741	0.01474	0.01449	0.13966	0.18673	0.15603	0.08666	0.02689	0.27151	0.00523	0.00888	0.01055	0.00579	0.00674
24	0.00943	0.00697	0.01014	0.01014	0.01116	0.00799	0.00767	0.01147	0.01045	0.01495	0.01804	0.02812	0.01744	0.14352	0.64974	0.01003	0.01616	0.00738	0.00359	0.00563
25	0.01129	0.00976	0.01497	0.30601	0.02515	0.01206	0.01240	0.01398	0.01139	0.01559	0.01456	0.02362	0.01349	0.13434	0.25021	0.00561	0.10917	0.00678	0.00327	0.00634
26	0.38563	0.01431	0.01356	0.01113	0.01551	0.03261	0.00912	0.23807	0.01882	0.12461	0.01438	0.01487	0.01035	0.00707	0.00528	0.00197	0.00586	0.00491	0.06305	0.00889
27	0.12057	0.00949	0.01018	0.00880	0.01215	0.00905	0.00700	0.07481	0.01665	0.19423	0.04085	0.03898	0.33409	0.01166	0.00662	0.00207	0.00441	0.00940	0.08136	0.00765
28	0.01109	0.00833	0.01244	0.17891	0.07254	0.00865	0.01042	0.01342	0.01358	0.05930	0.02962	0.41071	0.06208	0.01525	0.00777	0.00248	0.00549	0.06604	0.00530	0.00658
29	0.02269	0.01007	0.01235	0.01000	0.01380	0.00946	0.00809	0.09451	0.01821	0.40017	0.02327	0.02252	0.01599	0.00795	0.00587	0.00184	0.00483	0.00637	0.30266	0.00933
30	0.02233	0.01510	0.01633	0.01291	0.01731	0.01639	0.01054	0.47709	0.05762	0.09248	0.01830	0.01856	0.01319	0.00792	0.00618	0.00190	0.00615	0.00610	0.17350	0.01010
31	0.01125	0.00984	0.01182	0.01133	0.01285	0.08261	0.03966	0.01346	0.01314	0.01730	0.11256	0.08957	0.02631	0.12264	0.32543	0.00635	0.01132	0.07208	0.00448	0.00598
32	0.01739	0.01809	0.11297	0.01683	0.08221	0.14853	0.01356	0.02036	0.01419	0.11158	0.01440	0.01762	0.01159	0.01384	0.11108	0.00329	0.17957	0.00569	0.07906	0.00815
33	0.00874	0.00640	0.00837	0.00968	0.01065	0.00603	0.00727	0.01051	0.01369	0.01779	0.04016	0.46371	0.13816	0.01935	0.00852	0.00271	0.00441	0.21216	0.00610	0.00559
34	0.19700	0.02357	0.33002	0.01659	0.02326	0.01654	0.08142	0.13631	0.01605	0.02596	0.01179	0.01390	0.00873	0.00683	0.00712	0.00213	0.06479	0.00509	0.00378	0.00912
35	0.00842	0.00620	0.00794	0.00896	0.00990	0.00572	0.00641	0.01009	0.01403	0.01851	0.13093	0.49072	0.15203	0.01882	0.00829	0.00256	0.00388	0.08477	0.00626	0.00557
36	0.00943	0.00697	0.01017	0.01017	0.01120	0.00801	0.00772	0.01149	0.01046	0.01498	0.01801	0.02795	0.01736	0.13649	0.65667	0.01007	0.01627	0.00736	0.00358	0.00565
37	0.01856	0.01800	0.02193	0.12631	0.29286	0.14765	0.01630	0.11105	0.04681	0.04059	0.01292	0.01592	0.01033	0.00716	0.00798	0.00205	0.08472	0.00565	0.00391	0.00929
38	0.01595	0.33914	0.06550	0.11597	0.06868	0.02027	0.24802	0.01988	0.01420	0.01816	0.01121	0.01440	0.00912	0.00577	0.00596	0.00185	0.00881	0.00546	0.00303	0.00862
39	0.13163	0.01259	0.01528	0.01188	0.01686	0.01210	0.00981	0.14076	0.01983	0.52701	0.02211	0.01979	0.01426	0.00784	0.00628	0.00203	0.00580	0.00611	0.00736	0.01067
40	0.00997	0.00744	0.00997	0.01031	0.01107	0.00825	0.00760	0.02922	0.01245	0.01778	0.02675	0.41431	0.02973	0.02429	0.17326	0.00433	0.09787	0.01294	0.08656	0.00592
41	0.01734	0.01777	0.08561	0.01953	0.16722	0.15488	0.01378	0.10908	0.01753	0.06355	0.02033	0.15048	0.01974	0.01070	0.00707	0.00220	0.00766	0.10218	0.00484	0.00849
42	0.00957	0.00691	0.00921	0.00908	0.00981	0.00750	0.00642	0.01107	0.01122	0.01575	0.11114	0.03550	0.02523	0.32974	0.34816	0.00762	0.02802	0.00866	0.00418	0.00520
43	0.01156	0.00700	0.00835	0.00777	0.00979	0.00638	0.00591	0.01430	0.01678	0.09036	0.35827	0.04406	0.18865	0.01232	0.00694	0.00198	0.00338	0.01052	0.18915	0.00652
44	0.01759	0.11808	0.01874	0.01728	0.13039	0.29466	0.01165	0.02047	0.04253	0.01878	0.08255	0.09044	0.05970	0.00909	0.00629	0.00187	0.00792	0.00723	0.03699	0.00777
45	0.01391	0.01579	0.14128	0.07537	0.09439	0.01329	0.12205	0.03051	0.01456	0.06180	0.08509	0.10216	0.03433	0.01136	0.03730	0.00262	0.10604	0.02573	0.00429	0.00813
46	0.25190	0.00829	0.00795	0.00765	0.00920	0.00897	0.00528	0.01362	0.01084	0.01995	0.01721	0.02920	0.01725	0.36850	0.06127	0.00450	0.00609	0.00704	0.13990	0.00541
47	0.01416	0.26553	0.11923	0.01142	0.01560	0.01492	0.01096	0.01684	0.01408	0.07910	0.05252	0.15071	0.14374	0.01107	0.00720	0.00203	0.04981	0.00883	0.00458	0.00767
48	0.01649	0.23711	0.15602	0.02707	0.36533	0.05169	0.01804	0.02046	0.01450	0.01941	0.01125	0.01401	0.00939	0.00591	0.00578	0.00181	0.00812	0.00494	0.00305	0.00961
49	0.01337	0.00927	0.01178	0.01128	0.01322	0.00985	0.00878	0.10493	0.04796	0.08025	0.05689	0.25740	0.06048	0.02096	0.13307	0.00386	0.05110	0.09258	0.00578	0.00716
50	0.01039	0.06787	0.07861	0.00988	0.01272	0.00951	0.00843	0.01495	0.11206	0.01949	0.08158	0.24519	0.27525	0.01470	0.00739	0.00227	0.00460	0.01260	0.00570	0.00682
51	0.01640	0.01697	0.04617	0.02767	0.32361	0.07030	0.13521	0.02374	0.17093	0.02227	0.01646	0.02027	0.01339	0.00705	0.00678	0.00206	0.00801	0.03404	0.00417	0.03451
52	0.01987	0.16532	0.13060	0.01676	0.02216	0.23305	0.10419	0.13053	0.01823	0.04449	0.01322	0.04777	0.01092	0.00718	0.00614	0.00187	0.00924	0.00566	0.00397	0.00884

[dist]
# distance from previous block
# <min> <max>
5	29

[block]
# block no. 8 follows, 33 sequences, length 25
# corresponding to MSA columns:
# 880-904
name=unknown_I
#
# <colnr> <probs for GDERKNQSTAVLIFYWHMCP>
#	G	D	E	R	K	N	Q	S	T	A	V	L	I	F	Y	W	H	M	C	P
0	0.11302	0.01874	0.02159	0.05105	0.37868	0.18515	0.01585	0.05824	0.01641	0.06279	0.01243	0.01497	0.00991	0.00637	0.00611	0.00192	0.00832	0.00526	0.00383	0.00937
1	0.00939	0.00764	0.01145	0.01084	0.01247	0.00711	0.08789	0.01138	0.01389	0.01827	0.10779	0.33716	0.16286	0.09947	0.01097	0.00292	0.00499	0.07207	0.00566	0.00580
2	0.01319	0.01139	0.01852	0.02478	0.34818	0.01215	0.01394	0.01561	0.01239	0.01779	0.01389	0.01997	0.01255	0.02348	0.26814	0.09963	0.05712	0.00626	0.00328	0.00774
3	0.01778	0.02015	0.08799	0.02904	0.32127	0.12286	0.15830	0.08342	0.01674	0.02210	0.01232	0.01560	0.00985	0.00644	0.00745	0.00203	0.04762	0.00593	0.00353	0.00955
4	0.01285	0.11296	0.13815	0.09392	0.13582	0.01365	0.09104	0.01676	0.01470	0.01979	0.10437	0.09061	0.10935	0.00949	0.00680	0.00207	0.00702	0.00846	0.00418	0.00801
5	0.01168	0.09822	0.01247	0.00922	0.01195	0.01049	0.00731	0.07468	0.08859	0.02237	0.19168	0.10968	0.30016	0.01348	0.00720	0.00211	0.00430	0.01133	0.00607	0.00701
6	0.01043	0.03375	0.05350	0.04137	0.04560	0.00905	0.00827	0.01430	0.09798	0.01804	0.03722	0.18150	0.24426	0.16075	0.01246	0.00307	0.00518	0.01164	0.00521	0.00643
7	0.01772	0.16359	0.15785	0.02510	0.27161	0.05900	0.08715	0.04860	0.01567	0.07451	0.01280	0.01510	0.00999	0.00617	0.00614	0.00189	0.00840	0.00540	0.00360	0.00970
8	0.01484	0.01352	0.02253	0.21804	0.46918	0.01427	0.01788	0.01877	0.01439	0.02067	0.01328	0.01758	0.01076	0.00626	0.00631	0.00197	0.00751	0.00589	0.09723	0.00913
9	0.00868	0.00643	0.00902	0.00970	0.01059	0.00677	0.00708	0.01045	0.01176	0.01612	0.02903	0.35999	0.07225	0.03444	0.36744	0.00651	0.01055	0.01271	0.00485	0.00562
10	0.01549	0.11342	0.28400	0.14113	0.14597	0.01710	0.01874	0.08346	0.07811	0.02212	0.01327	0.01562	0.01009	0.00656	0.00618	0.00200	0.00830	0.00536	0.00358	0.00949
11	0.01518	0.12572	0.31899	0.01690	0.03879	0.06482	0.06474	0.02181	0.09626	0.02052	0.01379	0.01586	0.01068	0.00703	0.00728	0.00201	0.07193	0.00536	0.07341	0.00893
12	0.00905	0.00701	0.00884	0.08417	0.01262	0.00701	0.00667	0.01063	0.01272	0.01642	0.07914	0.15288	0.24087	0.22602	0.09322	0.00431	0.00631	0.01175	0.00500	0.00535
13	0.01160	0.09639	0.30338	0.10045	0.02210	0.01255	0.01537	0.01583	0.01327	0.01829	0.02080	0.29848	0.02175	0.01168	0.00690	0.00225	0.00710	0.01009	0.00406	0.00765
14	0.01392	0.02217	0.31429	0.09501	0.19342	0.05395	0.01925	0.01898	0.01434	0.01988	0.01589	0.06479	0.01438	0.00855	0.00711	0.00220	0.02402	0.08554	0.00352	0.00881
15	0.04596	0.10807	0.20659	0.23714	0.16738	0.01654	0.08918	0.01938	0.01390	0.01954	0.01163	0.01531	0.00901	0.00612	0.00623	0.00202	0.00872	0.00544	0.00303	0.00882
16	0.01416	0.01357	0.02130	0.11689	0.47225	0.03026	0.01646	0.01758	0.01486	0.02001	0.02419	0.02668	0.16721	0.00835	0.00679	0.00204	0.00704	0.00759	0.00385	0.00892
17	0.01700	0.01928	0.16777	0.11650	0.39465	0.05315	0.01934	0.02147	0.01514	0.09337	0.01346	0.01635	0.01031	0.00631	0.00645	0.00200	0.00831	0.00565	0.00363	0.00985
18	0.01424	0.01340	0.08221	0.09836	0.25324	0.01165	0.01400	0.01835	0.04719	0.09296	0.04260	0.07540	0.18884	0.01005	0.00697	0.00213	0.00631	0.00879	0.00479	0.00853
19	0.01336	0.03790	0.01524	0.12352	0.07257	0.08970	0.04594	0.01580	0.01431	0.06539	0.02817	0.22358	0.13055	0.01583	0.07525	0.00299	0.00754	0.01053	0.00477	0.00704
20	0.01490	0.14753	0.21854	0.05926	0.09790	0.05366	0.18133	0.01973	0.01508	0.02027	0.09524	0.01873	0.01530	0.00683	0.00648	0.00197	0.00869	0.00628	0.00353	0.00874
21	0.01778	0.12669	0.18062	0.01960	0.09530	0.12825	0.13894	0.02181	0.01544	0.10255	0.01531	0.08058	0.01289	0.00756	0.00645	0.00199	0.00874	0.00662	0.00395	0.00893
22	0.01589	0.02327	0.29082	0.09745	0.18760	0.11588	0.01864	0.02063	0.01491	0.06029	0.01474	0.08326	0.01254	0.00769	0.00652	0.00206	0.00872	0.00647	0.00360	0.00903
23	0.01447	0.02131	0.24431	0.19140	0.13303	0.07879	0.05502	0.01912	0.01388	0.01882	0.01269	0.05369	0.01069	0.00764	0.00833	0.00219	0.09678	0.00616	0.00315	0.00852
24	0.01519	0.09925	0.25141	0.13406	0.25326	0.05399	0.01960	0.01992	0.01411	0.01938	0.01144	0.01479	0.00911	0.00644	0.00704	0.00202	0.05158	0.00521	0.00300	0.00921

[dist]
# distance from previous block
# <min> <max>
3	12

[block]
# block no. 9 follows, 33 sequences, length 22
# corresponding to MSA columns:
# 959-980
name=unknown_J
#
# <colnr> <probs for GDERKNQSTAVLIFYWHMCP>
#	G	D	E	R	K	N	Q	S	T	A	V	L	I	F	Y	W	H	M	C	P
0	0.09761	0.01627	0.03861	0.02030	0.19616	0.10537	0.05740	0.10951	0.01804	0.12673	0.08447	0.02222	0.06271	0.00801	0.00650	0.00199	0.00720	0.00674	0.00504	0.00913
1	0.01355	0.01602	0.15319	0.08786	0.06638	0.05067	0.04993	0.01902	0.09474	0.05934	0.03001	0.08820	0.17455	0.01091	0.00714	0.00223	0.00683	0.05655	0.00486	0.00802
2	0.01923	0.12329	0.09379	0.07417	0.06185	0.26768	0.09908	0.09180	0.02930	0.02041	0.01299	0.01722	0.01081	0.00712	0.00629	0.00192	0.00958	0.04119	0.00373	0.00855
3	0.07650	0.04815	0.07483	0.05926	0.17177	0.05316	0.06801	0.01925	0.01432	0.09431	0.03787	0.10518	0.03747	0.00917	0.00845	0.00219	0.09987	0.00756	0.00426	0.00842
4	0.01027	0.00735	0.00963	0.09962	0.01431	0.00705	0.00755	0.01252	0.01521	0.06823	0.20238	0.24922	0.24150	0.01521	0.00773	0.00230	0.00424	0.01330	0.00613	0.00625
5	0.01566	0.11265	0.19733	0.01976	0.07235	0.04713	0.19824	0.02138	0.06860	0.05840	0.01684	0.07589	0.01450	0.00802	0.00678	0.00212	0.00851	0.04293	0.00400	0.00891
6	0.01773	0.17586	0.15369	0.08971	0.07631	0.21643	0.01531	0.05741	0.01576	0.01873	0.01250	0.06179	0.01104	0.00754	0.00669	0.00191	0.04417	0.00559	0.00343	0.00839
7	0.00821	0.00656	0.00734	0.00748	0.00917	0.00586	0.00544	0.00989	0.01434	0.01797	0.12054	0.14805	0.46964	0.07077	0.06596	0.00319	0.00468	0.01350	0.00588	0.00551
8	0.00798	0.00588	0.00748	0.00875	0.00944	0.00538	0.00593	0.00921	0.01300	0.01697	0.04131	0.64848	0.15616	0.01997	0.00830	0.00260	0.00374	0.01792	0.00611	0.00538
9	0.01618	0.01574	0.02251	0.21353	0.34785	0.07102	0.01751	0.05278	0.06814	0.02078	0.01295	0.01670	0.01046	0.00697	0.00792	0.00210	0.07827	0.00585	0.00357	0.00916
10	0.01850	0.01644	0.12885	0.02485	0.31795	0.01334	0.01613	0.07423	0.01664	0.18419	0.01856	0.10820	0.01553	0.00839	0.00674	0.00208	0.00708	0.00745	0.00490	0.00994
11	0.01433	0.01418	0.02142	0.51767	0.21529	0.06996	0.01835	0.01839	0.01404	0.01795	0.01176	0.01680	0.00917	0.00642	0.00652	0.00210	0.00877	0.00573	0.00304	0.00812
12	0.35482	0.06025	0.01643	0.01497	0.07024	0.29654	0.01097	0.02188	0.01441	0.02211	0.00976	0.01181	0.00807	0.00668	0.00614	0.00192	0.05761	0.00414	0.00360	0.00765
13	0.00819	0.00661	0.00763	0.00783	0.00956	0.00606	0.00582	0.00997	0.01399	0.01755	0.08160	0.15739	0.46469	0.02323	0.14545	0.00385	0.00607	0.01323	0.00568	0.00562
14	0.01588	0.01568	0.04216	0.02545	0.23438	0.01531	0.22779	0.08890	0.12012	0.02411	0.04832	0.02306	0.07263	0.00763	0.00709	0.00211	0.00788	0.00757	0.00450	0.00944
15	0.00937	0.00675	0.00864	0.00964	0.01059	0.00660	0.00697	0.01182	0.06806	0.01764	0.03580	0.46418	0.10311	0.01919	0.01002	0.08191	0.00440	0.11385	0.00583	0.00563
16	0.11062	0.01047	0.01208	0.01094	0.01328	0.05640	0.05985	0.06717	0.01630	0.02378	0.22033	0.23711	0.05617	0.01282	0.00707	0.00218	0.00504	0.01120	0.06045	0.00673
17	0.01458	0.07572	0.37694	0.05569	0.04169	0.03264	0.03315	0.03124	0.01434	0.03724	0.01200	0.01413	0.00907	0.00592	0.00581	0.00174	0.00811	0.00470	0.00332	0.22197
18	0.02326	0.08484	0.12773	0.01581	0.02066	0.43996	0.01380	0.02604	0.01757	0.15085	0.01330	0.01405	0.00992	0.00687	0.00598	0.00180	0.01000	0.00473	0.00415	0.00868
19	0.01039	0.00681	0.00838	0.00842	0.01013	0.00606	0.00614	0.01233	0.01548	0.08989	0.21738	0.29344	0.25782	0.01637	0.00787	0.00232	0.00366	0.01431	0.00660	0.00621
20	0.00942	0.00691	0.00983	0.00978	0.01079	0.00772	0.00731	0.01145	0.01120	0.01595	0.08766	0.03107	0.02222	0.16765	0.55019	0.00903	0.01430	0.00796	0.00397	0.00559
21	0.01783	0.22197	0.08059	0.01975	0.11333	0.21270	0.12568	0.02107	0.01512	0.01773	0.01156	0.01458	0.00974	0.01031	0.07834	0.00264	0.01034	0.00516	0.00318	0.00840

[dist]
# distance from previous block
# <min> <max>
0	2

[block]
# block no. 10 follows, 33 sequences, length 12
# corresponding to MSA columns:
# 992-1003
name=unknown_K
#
# <colnr> <probs for GDERKNQSTAVLIFYWHMCP>
#	G	D	E	R	K	N	Q	S	T	A	V	L	I	F	Y	W	H	M	C	P
0	0.01811	0.13109	0.11113	0.01672	0.02088	0.24254	0.08202	0.06205	0.01554	0.01851	0.01140	0.01460	0.00962	0.01163	0.08403	0.00287	0.13063	0.00520	0.00335	0.00810
1	0.02059	0.02043	0.01669	0.01446	0.01818	0.27472	0.01123	0.19882	0.20510	0.02685	0.10698	0.02096	0.01906	0.00848	0.00653	0.00196	0.00783	0.00649	0.00556	0.00909
2	0.01140	0.01064	0.01703	0.01369	0.01688	0.01045	0.16263	0.01438	0.01423	0.01955	0.12248	0.03392	0.19812	0.01698	0.12671	0.00345	0.08479	0.00906	0.00462	0.10901
3	0.01466	0.01456	0.01391	0.01371	0.05500	0.15746	0.00986	0.04541	0.12538	0.02057	0.08547	0.13819	0.15333	0.01196	0.00854	0.00218	0.08311	0.00960	0.00521	0.03189
4	0.01524	0.01168	0.01473	0.01187	0.01529	0.01188	0.00960	0.01860	0.05547	0.11125	0.09283	0.02223	0.05714	0.00887	0.01008	0.00187	0.20243	0.00637	0.00482	0.31776
5	0.01256	0.01540	0.12739	0.01213	0.01504	0.12576	0.01078	0.01581	0.01648	0.02179	0.34200	0.12755	0.03856	0.01220	0.00818	0.00217	0.05029	0.03349	0.00547	0.00695
6	0.00928	0.00699	0.00797	0.00781	0.00922	0.00625	0.00520	0.01034	0.01218	0.01607	0.03505	0.20138	0.21076	0.31097	0.01764	0.00379	0.00483	0.01197	0.00500	0.10730
7	0.01467	0.01283	0.01553	0.01678	0.12893	0.08675	0.01133	0.13038	0.01552	0.02074	0.01572	0.02121	0.01379	0.03110	0.42610	0.00685	0.01373	0.00639	0.00398	0.00768
8	0.00958	0.00980	0.09329	0.01055	0.01269	0.00734	0.03586	0.01221	0.01381	0.01944	0.12429	0.39205	0.07592	0.01775	0.05456	0.00288	0.00548	0.01352	0.08274	0.00623
9	0.01506	0.33612	0.02438	0.01775	0.17792	0.01794	0.01208	0.01948	0.10310	0.01869	0.01804	0.17743	0.01801	0.00936	0.00597	0.00191	0.00629	0.00786	0.00413	0.00848
10	0.01839	0.12735	0.21277	0.01863	0.08066	0.19824	0.06003	0.08392	0.08029	0.02146	0.01290	0.01451	0.01002	0.00658	0.00605	0.00187	0.00908	0.00510	0.00373	0.02841
11	0.22864	0.02279	0.01570	0.01386	0.01759	0.39605	0.01074	0.10971	0.01790	0.04298	0.01168	0.01319	0.00921	0.00786	0.02338	0.00204	0.00916	0.00449	0.03510	0.00795

[dist]
# distance from previous block
# <min> <max>
0	1

[block]
# block no. 11 follows, 33 sequences, length 9
# corresponding to MSA columns:
# 1005-1013
name=unknown_L
#
# <colnr> <probs for GDERKNQSTAVLIFYWHMCP>
#	G	D	E	R	K	N	Q	S	T	A	V	L	I	F	Y	W	H	M	C	P
0	0.01181	0.01552	0.21208	0.01258	0.01652	0.01079	0.01234	0.06065	0.05934	0.02062	0.06401	0.11377	0.05166	0.04271	0.22680	0.00479	0.00987	0.00842	0.03825	0.00749
1	0.00806	0.00631	0.00730	0.00782	0.00926	0.00555	0.00557	0.00970	0.01452	0.01844	0.13375	0.33162	0.38308	0.01781	0.00802	0.00238	0.00349	0.01551	0.00625	0.00555
2	0.01462	0.01188	0.01616	0.01392	0.01504	0.01495	0.01141	0.01649	0.01309	0.10360	0.13263	0.02671	0.10233	0.01203	0.01596	0.00257	0.45687	0.00781	0.00459	0.00733
3	0.01172	0.00846	0.00979	0.00947	0.01074	0.00917	0.00658	0.01703	0.20540	0.01793	0.02206	0.07982	0.02149	0.30157	0.09261	0.10122	0.00673	0.00866	0.05350	0.00604
4	0.01905	0.01517	0.01647	0.01308	0.01800	0.01586	0.01052	0.29580	0.24872	0.03138	0.01824	0.01805	0.01369	0.00739	0.00615	0.00178	0.00592	0.00586	0.00587	0.23301
