[name]
unknown

[dist]
# distance from previous block
# <min> <max>
0	22

[block]
# block no. 0 follows, 53 sequences, length 75
# corresponding to MSA columns:
# 22-96
name=unknown_A
#
# <colnr> <probs for GDERKNQSTAVLIFYWHMCP>
#	G	D	E	R	K	N	Q	S	T	A	V	L	I	F	Y	W	H	M	C	P
0	0.08318	0.00906	0.11003	0.00827	0.01017	0.05157	0.02557	0.03334	0.00980	0.01380	0.01952	0.29041	0.07130	0.10378	0.06933	0.00252	0.00503	0.07512	0.00353	0.00466
1	0.00997	0.00843	0.01033	0.00989	0.09855	0.00774	0.00668	0.01423	0.17874	0.01549	0.01258	0.05995	0.01122	0.09005	0.00666	0.02603	0.00392	0.00461	0.00329	0.42165
2	0.01103	0.01296	0.21471	0.09377	0.03841	0.01016	0.01050	0.14422	0.16886	0.04137	0.01539	0.18914	0.01388	0.00744	0.00502	0.00162	0.00498	0.00634	0.00371	0.00652
3	0.00791	0.00434	0.00639	0.02428	0.00710	0.00433	0.00456	0.00670	0.00721	0.00963	0.04695	0.12158	0.01372	0.01568	0.01566	0.65661	0.00395	0.03821	0.00262	0.00259
4	0.16078	0.09986	0.16082	0.01219	0.01626	0.12720	0.15368	0.08804	0.08238	0.01710	0.00926	0.01059	0.00712	0.00484	0.00467	0.00145	0.03067	0.00386	0.00284	0.00640
5	0.01187	0.28289	0.18743	0.01112	0.01535	0.10035	0.09769	0.03404	0.11133	0.01430	0.01290	0.01363	0.07695	0.00532	0.00430	0.00135	0.00584	0.00424	0.00276	0.00635
6	0.00600	0.00460	0.00550	0.00582	0.00681	0.00410	0.00416	0.00733	0.01090	0.01423	0.23062	0.33927	0.31824	0.01260	0.00582	0.00171	0.00251	0.01104	0.00465	0.00410
7	0.01027	0.01498	0.26508	0.24019	0.22547	0.01119	0.13597	0.01424	0.01033	0.01448	0.00883	0.01170	0.00672	0.00445	0.00483	0.00153	0.00667	0.00425	0.00220	0.00662
8	0.00964	0.01219	0.18472	0.40525	0.06805	0.01000	0.01255	0.03131	0.02896	0.01420	0.00938	0.03506	0.00745	0.00485	0.00456	0.00143	0.00582	0.00415	0.00243	0.14800
9	0.00792	0.00643	0.01004	0.01219	0.17964	0.00704	0.00764	0.00975	0.00832	0.01194	0.01214	0.01814	0.01138	0.08413	0.58399	0.00612	0.01070	0.00506	0.00254	0.00489
10	0.00681	0.00468	0.00588	0.00602	0.00646	0.00477	0.00402	0.00769	0.00840	0.01172	0.10031	0.15902	0.03394	0.38060	0.18818	0.00428	0.00567	0.00774	0.05020	0.00363
11	0.01116	0.01374	0.18637	0.06650	0.23569	0.01150	0.05765	0.01880	0.31283	0.01698	0.01295	0.01389	0.00986	0.00520	0.00480	0.00154	0.00543	0.00462	0.00324	0.00725
12	0.01436	0.52325	0.02146	0.01020	0.01380	0.27826	0.05195	0.01593	0.01105	0.01162	0.00706	0.00827	0.00620	0.00436	0.00362	0.00112	0.00642	0.00290	0.00220	0.00596
13	0.01169	0.00955	0.01087	0.00793	0.01208	0.00820	0.00640	0.17917	0.01262	0.01872	0.00914	0.01025	0.00731	0.00401	0.00381	0.00086	0.00391	0.00315	0.00325	0.67708
14	0.03982	0.01739	0.39853	0.01149	0.01675	0.01097	0.01257	0.16256	0.07580	0.18915	0.01215	0.01223	0.00835	0.00521	0.00462	0.00150	0.00571	0.00407	0.00363	0.00748
15	0.00575	0.00445	0.00524	0.00587	0.00673	0.00395	0.00409	0.00674	0.00990	0.01251	0.03586	0.49125	0.36313	0.01374	0.00591	0.00180	0.00262	0.01208	0.00444	0.00395
16	0.00600	0.00453	0.00554	0.00598	0.00684	0.00408	0.00422	0.00728	0.01070	0.01407	0.21744	0.41296	0.25721	0.01290	0.00586	0.00174	0.00255	0.01139	0.00463	0.00408
17	0.01269	0.01067	0.01126	0.00989	0.01274	0.01226	0.00776	0.12299	0.69467	0.02129	0.01843	0.01702	0.01376	0.00639	0.00485	0.00160	0.00397	0.00526	0.00485	0.00764
18	0.01381	0.00733	0.00922	0.00803	0.01028	0.00704	0.00621	0.15144	0.01365	0.30521	0.10703	0.29938	0.02173	0.00945	0.00534	0.00163	0.00363	0.00819	0.00513	0.00626
19	0.01144	0.02228	0.63609	0.01306	0.01942	0.01190	0.01581	0.18160	0.01276	0.01837	0.00920	0.01039	0.00650	0.00480	0.00459	0.00150	0.00667	0.00370	0.00261	0.00729
20	0.03687	0.00731	0.00820	0.00707	0.00934	0.00718	0.00557	0.17832	0.02558	0.12585	0.17098	0.06644	0.29525	0.00914	0.00522	0.00154	0.00330	0.00760	0.02360	0.00565
21	0.00582	0.00416	0.00555	0.00666	0.00693	0.00388	0.00444	0.00666	0.00915	0.01220	0.02634	0.82891	0.03161	0.01497	0.00610	0.00194	0.00277	0.01359	0.00444	0.00388
22	0.00695	0.00463	0.00521	0.00521	0.00521	0.00463	0.00290	0.00695	0.00695	0.00927	0.01506	0.03128	0.01738	0.83203	0.02433	0.00463	0.00463	0.00695	0.00290	0.00290
23	0.00620	0.00470	0.00571	0.00580	0.00688	0.00422	0.00422	0.00780	0.01170	0.01562	0.38845	0.22143	0.27648	0.01169	0.00575	0.00164	0.00243	0.01023	0.00482	0.00422
24	0.13262	0.00606	0.00663	0.00634	0.00781	0.00604	0.00459	0.01123	0.06634	0.10251	0.08871	0.18343	0.15869	0.18726	0.00923	0.00229	0.00342	0.00796	0.00416	0.00468
25	0.00593	0.00431	0.00560	0.00642	0.00692	0.00398	0.00438	0.00698	0.00987	0.01317	0.12905	0.65855	0.09910	0.01405	0.00600	0.00186	0.00268	0.01264	0.00454	0.00398
26	0.01189	0.01027	0.01081	0.00973	0.01243	0.01189	0.00757	0.02540	0.79357	0.01999	0.01945	0.01783	0.01459	0.00648	0.00486	0.00162	0.00378	0.00540	0.00486	0.00757
27	0.00582	0.00416	0.00555	0.00666	0.00693	0.00388	0.00444	0.00666	0.00915	0.01220	0.02634	0.82891	0.03161	0.01497	0.00610	0.00194	0.00277	0.01359	0.00444	0.00388
28	0.01157	0.00717	0.00754	0.00658	0.00848	0.00760	0.00516	0.24828	0.01379	0.02127	0.01493	0.06123	0.01207	0.00615	0.00394	0.00126	0.00319	0.00492	0.54932	0.00555
29	0.01785	0.02278	0.01354	0.01231	0.01478	0.81284	0.00924	0.01909	0.01354	0.01170	0.00739	0.00862	0.00616	0.00493	0.00431	0.00123	0.00862	0.00308	0.00246	0.00554
30	0.00682	0.00501	0.00646	0.00646	0.00764	0.00466	0.00508	0.00892	0.01263	0.01727	0.53125	0.04102	0.14310	0.01083	0.00585	0.00167	0.00274	0.17320	0.00496	0.00442
31	0.00691	0.00478	0.00595	0.00595	0.00620	0.00503	0.00381	0.00742	0.00717	0.00981	0.01439	0.02755	0.01576	0.59470	0.25944	0.00554	0.00707	0.00641	0.00280	0.00330
32	0.00646	0.00487	0.00597	0.00569	0.00695	0.00438	0.00427	0.00843	0.01281	0.01747	0.59550	0.03850	0.25035	0.01041	0.00564	0.00153	0.00230	0.00904	0.00504	0.00438
33	0.00720	0.00521	0.00702	0.00755	0.00866	0.00503	0.00627	0.00932	0.01181	0.01583	0.29325	0.07252	0.07691	0.01202	0.00620	0.00192	0.00350	0.44068	0.00470	0.00440
34	0.00791	0.00671	0.00976	0.00913	0.00973	0.00856	0.00731	0.00942	0.00757	0.01122	0.01086	0.01630	0.01026	0.02766	0.57539	0.00602	0.25439	0.00484	0.00242	0.00455
35	0.00988	0.00902	0.01328	0.57885	0.02681	0.01100	0.01157	0.01614	0.24326	0.01453	0.01176	0.01426	0.00882	0.00529	0.00480	0.00160	0.00560	0.00459	0.00294	0.00598
36	0.00582	0.00416	0.00555	0.00666	0.00693	0.00388	0.00444	0.00666	0.00915	0.01220	0.02634	0.82891	0.03161	0.01497	0.00610	0.00194	0.00277	0.01359	0.00444	0.00388
37	0.00671	0.00453	0.00528	0.00552	0.00558	0.00447	0.00323	0.00689	0.00743	0.00990	0.01750	0.20346	0.02045	0.65565	0.02039	0.00405	0.00423	0.00838	0.00323	0.00311
38	0.00653	0.00489	0.00665	0.00787	0.05160	0.00466	0.00511	0.00814	0.03259	0.01410	0.19036	0.59062	0.03266	0.01302	0.00589	0.00181	0.00285	0.01178	0.00451	0.00433
39	0.01274	0.58918	0.02178	0.00919	0.01301	0.01670	0.05144	0.01700	0.17837	0.03500	0.00990	0.01038	0.00817	0.00465	0.00364	0.00120	0.00496	0.00340	0.00278	0.00651
40	0.00672	0.00486	0.00633	0.00601	0.00712	0.00448	0.00449	0.00891	0.01335	0.01884	0.76233	0.05987	0.05874	0.00997	0.00565	0.00152	0.00227	0.00882	0.00522	0.00448
41	0.00679	0.00493	0.00562	0.00556	0.00699	0.00428	0.00413	0.00820	0.01134	0.05843	0.19981	0.16018	0.48317	0.01171	0.00567	0.00163	0.00253	0.01002	0.00469	0.00434
42	0.01029	0.00848	0.00995	0.00713	0.01136	0.00639	0.00571	0.01240	0.01003	0.04138	0.00883	0.01012	0.00723	0.00362	0.00358	0.00073	0.00356	0.00290	0.00293	0.83337
43	0.01035	0.00563	0.00733	0.00670	0.00794	0.00557	0.00483	0.01136	0.00901	0.20283	0.01719	0.02484	0.05824	0.35548	0.24704	0.00458	0.00674	0.00608	0.00362	0.00463
44	0.00991	0.00850	0.00991	0.00708	0.01133	0.00637	0.00566	0.01203	0.00991	0.01557	0.00850	0.00991	0.00708	0.00354	0.00354	0.00071	0.00354	0.00283	0.00283	0.86124
45	0.00601	0.00477	0.00541	0.00544	0.00673	0.00416	0.00400	0.00749	0.01147	0.01472	0.27429	0.14534	0.46971	0.01177	0.00570	0.00162	0.00242	0.01011	0.00469	0.00416
46	0.19235	0.00563	0.00560	0.00544	0.00608	0.00595	0.00339	0.00848	0.00721	0.01190	0.01325	0.02620	0.01474	0.65337	0.01971	0.00395	0.00443	0.00601	0.00291	0.00339
47	0.00658	0.00488	0.00613	0.00582	0.00703	0.00443	0.00437	0.00866	0.01310	0.01814	0.67620	0.03740	0.16922	0.01015	0.00564	0.00152	0.00228	0.00888	0.00513	0.00443
48	0.01189	0.01027	0.01081	0.00973	0.01243	0.01189	0.00757	0.02540	0.79357	0.01999	0.01945	0.01783	0.01459	0.00648	0.00486	0.00162	0.00378	0.00540	0.00486	0.00757
49	0.00801	0.00426	0.00601	0.00601	0.00601	0.00426	0.00388	0.00638	0.00638	0.00851	0.00976	0.01814	0.01026	0.19263	0.01990	0.67608	0.00426	0.00476	0.00225	0.00225
50	0.01043	0.00615	0.00798	0.00726	0.00808	0.00645	0.00522	0.17462	0.00973	0.01301	0.00899	0.01387	0.00826	0.01426	0.01568	0.67539	0.00439	0.00418	0.00266	0.00338
51	0.01128	0.01289	0.02820	0.02015	0.02498	0.01209	0.78485	0.01531	0.01128	0.01531	0.00967	0.01289	0.00725	0.00403	0.00564	0.00161	0.00806	0.00564	0.00242	0.00645
52	0.00582	0.00416	0.00555	0.00666	0.00693	0.00388	0.00444	0.00666	0.00915	0.01220	0.02634	0.82891	0.03161	0.01497	0.00610	0.00194	0.00277	0.01359	0.00444	0.00388
53	0.01677	0.00757	0.00986	0.00827	0.01109	0.00701	0.00654	0.01999	0.11861	0.52759	0.02055	0.19191	0.01648	0.00795	0.00509	0.00160	0.00375	0.00678	0.00545	0.00714
54	0.01031	0.01116	0.02349	0.01709	0.02113	0.01045	0.61640	0.01395	0.01177	0.01614	0.18021	0.01782	0.01542	0.00527	0.00564	0.00159	0.00681	0.00629	0.00303	0.00603
55	0.86579	0.00924	0.00702	0.00629	0.00924	0.01072	0.00518	0.01405	0.00813	0.02144	0.00666	0.00776	0.00518	0.00444	0.00296	0.00148	0.00370	0.00259	0.00296	0.00518
56	0.00623	0.00445	0.00601	0.00712	0.00757	0.00423	0.00514	0.00736	0.00955	0.01266	0.02612	0.66161	0.03073	0.01459	0.00621	0.00200	0.00312	0.17689	0.00443	0.00399
57	0.00672	0.00463	0.00622	0.00689	0.00743	0.00451	0.00504	0.00766	0.00940	0.01256	0.09151	0.36677	0.04806	0.09326	0.05428	0.08900	0.00395	0.17430	0.00401	0.00380
58	0.00863	0.00664	0.00801	0.00797	0.00943	0.00695	0.00622	0.05267	0.20493	0.01731	0.22156	0.20547	0.02871	0.01067	0.00572	0.00178	0.00339	0.18390	0.00476	0.00529
59	0.02144	0.00813	0.01109	0.00850	0.01220	0.00702	0.00702	0.02329	0.01368	0.80552	0.01886	0.01627	0.01183	0.00592	0.00481	0.00148	0.00407	0.00481	0.00592	0.00813
60	0.00734	0.00478	0.00718	0.00718	0.00773	0.00534	0.00534	0.00773	0.00718	0.01013	0.01124	0.01730	0.01068	0.02917	0.53748	0.30371	0.00980	0.00478	0.00239	0.00351
61	0.00706	0.00470	0.00572	0.00563	0.00670	0.00439	0.00416	0.00906	0.01200	0.01754	0.46838	0.12431	0.09758	0.00960	0.00516	0.00147	0.00232	0.00837	0.20146	0.00439
62	0.00661	0.00424	0.00527	0.00609	0.00658	0.00403	0.00416	0.00780	0.00937	0.01364	0.02359	0.62133	0.02666	0.01257	0.00539	0.00173	0.00263	0.01125	0.22303	0.00403
63	0.86579	0.00924	0.00702	0.00629	0.00924	0.01072	0.00518	0.01405	0.00813	0.02144	0.00666	0.00776	0.00518	0.00444	0.00296	0.00148	0.00370	0.00259	0.00296	0.00518
64	0.19519	0.21758	0.44508	0.01072	0.01618	0.01291	0.01267	0.01470	0.00958	0.01556	0.00769	0.00900	0.00588	0.00441	0.00384	0.00139	0.00586	0.00309	0.00223	0.00643
65	0.00744	0.00512	0.00599	0.00616	0.00681	0.00517	0.00420	0.00957	0.08375	0.01339	0.10198	0.21125	0.02321	0.32744	0.01264	0.00281	0.00356	0.05196	0.11352	0.00402
66	0.68164	0.18748	0.01092	0.00669	0.00990	0.01249	0.00582	0.01411	0.00847	0.01924	0.00665	0.00774	0.00538	0.00436	0.00298	0.00138	0.00400	0.00258	0.00276	0.00538
67	0.01080	0.00904	0.01416	0.09723	0.25258	0.00953	0.07497	0.01447	0.11555	0.07502	0.01423	0.14185	0.01322	0.07915	0.00741	0.00189	0.05317	0.00625	0.00331	0.00617
68	0.01105	0.01768	0.39841	0.08150	0.05156	0.08050	0.01308	0.09631	0.01214	0.03576	0.07635	0.01593	0.05785	0.00585	0.00479	0.00151	0.00608	0.02425	0.00294	0.00648
69	0.00784	0.00612	0.00885	0.04682	0.14374	0.00649	0.00638	0.00902	0.00798	0.01108	0.01299	0.02304	0.01344	0.39376	0.27728	0.00494	0.00755	0.00577	0.00266	0.00425
70	0.00941	0.00782	0.00925	0.00694	0.01050	0.00616	0.00549	0.02840	0.01097	0.01667	0.17936	0.01551	0.01531	0.00493	0.00402	0.00090	0.00330	0.00412	0.00340	0.65755
71	0.01183	0.01136	0.01940	0.02934	0.80221	0.01136	0.01467	0.01467	0.01088	0.01562	0.00899	0.01183	0.00757	0.00426	0.00473	0.00142	0.00568	0.00426	0.00237	0.00757
72	0.00759	0.11277	0.07826	0.00700	0.00829	0.00683	0.00563	0.00867	0.00852	0.01127	0.01770	0.29369	0.02021	0.33867	0.01288	0.00287	0.00428	0.04749	0.00330	0.00408
73	0.01888	0.01172	0.18296	0.00961	0.01403	0.00790	0.00932	0.02153	0.01291	0.63490	0.01664	0.01493	0.01058	0.00562	0.00475	0.00149	0.00471	0.00453	0.00507	0.00790
74	0.00786	0.00618	0.00824	0.00807	0.00929	0.00713	0.00623	0.01207	0.17742	0.01308	0.01500	0.06387	0.01362	0.02834	0.59349	0.00605	0.01029	0.00566	0.00316	0.00496

[dist]
# distance from previous block
# <min> <max>
0	7

[block]
# block no. 1 follows, 53 sequences, length 58
# corresponding to MSA columns:
# 104-161
name=unknown_B
#
# <colnr> <probs for GDERKNQSTAVLIFYWHMCP>
#	G	D	E	R	K	N	Q	S	T	A	V	L	I	F	Y	W	H	M	C	P
0	0.00996	0.01266	0.20188	0.06985	0.16599	0.06061	0.01996	0.04364	0.01081	0.03515	0.03376	0.20249	0.03347	0.00922	0.04886	0.00193	0.00574	0.02497	0.00312	0.00592
1	0.11036	0.01460	0.01403	0.15058	0.13364	0.25169	0.01023	0.22554	0.01430	0.01847	0.00884	0.01047	0.00683	0.00497	0.00443	0.00140	0.00634	0.00373	0.00308	0.00647
2	0.00720	0.00567	0.00833	0.10719	0.08001	0.00576	0.00719	0.00884	0.00987	0.01305	0.02310	0.44126	0.04895	0.01228	0.00593	0.00191	0.00386	0.20115	0.00397	0.00451
3	0.00732	0.00456	0.00599	0.00664	0.00718	0.00425	0.00448	0.00814	0.00928	0.08089	0.02433	0.66206	0.02818	0.11264	0.00818	0.00223	0.00311	0.01202	0.00438	0.00413
4	0.01251	0.01113	0.01721	0.20414	0.46514	0.01191	0.01319	0.17425	0.01299	0.01786	0.00939	0.01196	0.00742	0.00468	0.00475	0.00146	0.00575	0.00427	0.00281	0.00718
5	0.00992	0.05316	0.23451	0.14871	0.08986	0.01009	0.01137	0.06387	0.08643	0.01694	0.20802	0.01783	0.01699	0.00611	0.00485	0.00150	0.00509	0.00518	0.00333	0.00625
6	0.00602	0.00440	0.00594	0.00675	0.00724	0.00433	0.00471	0.00706	0.00896	0.01202	0.02492	0.61150	0.07591	0.01913	0.17355	0.00311	0.00483	0.01161	0.00405	0.00397
7	0.01148	0.00576	0.00731	0.00651	0.00789	0.00532	0.00459	0.01248	0.01030	0.26621	0.13814	0.09132	0.02102	0.37479	0.01372	0.00292	0.00394	0.00706	0.00435	0.00490
8	0.08142	0.00516	0.00630	0.00626	0.00741	0.00498	0.00471	0.00891	0.01179	0.01718	0.48112	0.16181	0.08469	0.01074	0.00596	0.02869	0.00268	0.06112	0.00472	0.00435
9	0.00991	0.00850	0.00991	0.00708	0.01133	0.00637	0.00566	0.01203	0.00991	0.01557	0.00850	0.00991	0.00708	0.00354	0.00354	0.00071	0.00354	0.00283	0.00283	0.86124
10	0.01354	0.00984	0.01093	0.00920	0.01199	0.01073	0.00731	0.23900	0.33666	0.09816	0.17904	0.01958	0.01881	0.00690	0.00500	0.00153	0.00391	0.00570	0.00502	0.00715
11	0.18449	0.00576	0.00578	0.00572	0.00740	0.00559	0.00442	0.00889	0.01064	0.01575	0.16043	0.09179	0.40701	0.01040	0.00518	0.00163	0.00281	0.05768	0.00426	0.00436
12	0.01044	0.00636	0.00767	0.00671	0.00833	0.00615	0.00498	0.10432	0.01275	0.14330	0.31764	0.02946	0.09409	0.21497	0.01009	0.00229	0.00352	0.00721	0.00464	0.00508
13	0.00942	0.00926	0.00926	0.00890	0.01008	0.18589	0.00687	0.01100	0.00897	0.01125	0.01135	0.01619	0.01044	0.02790	0.60227	0.00603	0.04319	0.00463	0.00252	0.00459
14	0.01073	0.00576	0.00709	0.00651	0.00815	0.00544	0.00494	0.05459	0.01218	0.18004	0.21464	0.19082	0.04895	0.00885	0.00494	0.00149	0.00290	0.00764	0.21905	0.00530
15	0.06476	0.00573	0.00710	0.00715	0.00841	0.00553	0.00522	0.05224	0.01067	0.14228	0.04175	0.51102	0.03693	0.04053	0.00625	0.00190	0.00329	0.03978	0.00456	0.00489
16	0.00770	0.00550	0.00770	0.00880	0.00990	0.00550	0.00770	0.00990	0.01100	0.01430	0.02531	0.05391	0.02751	0.01320	0.00660	0.00220	0.00440	0.77004	0.00440	0.00440
17	0.00606	0.00426	0.00548	0.00636	0.00658	0.00404	0.00412	0.00672	0.00869	0.01159	0.02400	0.66337	0.02866	0.18454	0.00988	0.00250	0.00316	0.01221	0.00412	0.00368
18	0.01019	0.00712	0.00829	0.00736	0.00928	0.00737	0.00571	0.08742	0.19628	0.07112	0.41766	0.02628	0.02919	0.00797	0.00510	0.00149	0.00301	0.00683	0.08654	0.00579
19	0.00946	0.00655	0.00766	0.00734	0.00888	0.00648	0.00544	0.17613	0.01268	0.06752	0.02723	0.43736	0.18478	0.01180	0.00564	0.00173	0.00332	0.01029	0.00461	0.00511
20	0.01971	0.00965	0.01188	0.00925	0.01288	0.00944	0.00759	0.21473	0.09026	0.53626	0.01706	0.01522	0.01117	0.00593	0.00481	0.00148	0.00434	0.00474	0.00553	0.00808
21	0.01785	0.02278	0.01354	0.01231	0.01478	0.81284	0.00924	0.01909	0.01354	0.01170	0.00739	0.00862	0.00616	0.00493	0.00431	0.00123	0.00862	0.00308	0.00246	0.00554
22	0.00643	0.00496	0.00620	0.00616	0.00738	0.00477	0.00473	0.00811	0.01081	0.01433	0.25890	0.03640	0.31688	0.03127	0.20841	0.00319	0.00514	0.05751	0.00418	0.00424
23	0.00613	0.00438	0.00586	0.00678	0.00724	0.00412	0.00476	0.00727	0.00990	0.01331	0.12745	0.65120	0.03299	0.01412	0.00609	0.00191	0.00286	0.08508	0.00454	0.00401
24	0.00586	0.00419	0.00558	0.00663	0.00694	0.00391	0.00444	0.00675	0.00932	0.01247	0.05623	0.79825	0.03213	0.01477	0.00608	0.00192	0.00275	0.01340	0.00447	0.00391
25	0.00989	0.00754	0.01042	0.01197	0.17343	0.00809	0.00754	0.12953	0.01083	0.01559	0.01244	0.01764	0.01116	0.11933	0.32073	0.00421	0.00781	0.00496	0.11149	0.00540
26	0.01303	0.01082	0.01649	0.23085	0.38677	0.01160	0.01265	0.17472	0.01312	0.06882	0.01001	0.01228	0.00765	0.00481	0.00476	0.00147	0.00567	0.00430	0.00303	0.00713
27	0.01380	0.00913	0.01041	0.00898	0.01176	0.00981	0.00708	0.04670	0.47334	0.21590	0.12075	0.01957	0.01768	0.00675	0.00495	0.00156	0.00370	0.00564	0.00517	0.00733
28	0.01055	0.00985	0.01250	0.00912	0.01331	0.04894	0.10745	0.01315	0.02932	0.01545	0.00886	0.01043	0.00724	0.00375	0.00389	0.00087	0.00440	0.00327	0.00281	0.68485
29	0.01032	0.00668	0.00721	0.00646	0.00821	0.00703	0.00501	0.13780	0.10587	0.02035	0.17811	0.02051	0.01868	0.00658	0.00423	0.00131	0.00291	0.00541	0.44190	0.00543
30	0.00814	0.00623	0.00671	0.00626	0.00819	0.00598	0.00480	0.01217	0.18038	0.06640	0.12451	0.03684	0.49493	0.01023	0.00542	0.00159	0.00280	0.00857	0.00472	0.00512
31	0.02043	0.00822	0.01086	0.00839	0.01193	0.00733	0.00691	0.06897	0.01398	0.70736	0.01820	0.01608	0.01163	0.00588	0.00471	0.00145	0.00402	0.00475	0.06098	0.00790
32	0.01446	0.00947	0.01084	0.00901	0.01188	0.01004	0.00720	0.21226	0.27000	0.19199	0.17925	0.01961	0.01871	0.00686	0.00499	0.00152	0.00390	0.00567	0.00515	0.00720
33	0.00660	0.00475	0.00651	0.00680	0.00729	0.00509	0.00481	0.00765	0.00788	0.01093	0.01690	0.23350	0.01844	0.22874	0.40580	0.00542	0.00815	0.00779	0.00313	0.00383
34	0.01045	0.00881	0.01020	0.00733	0.01155	0.00692	0.00588	0.06210	0.01072	0.01652	0.00869	0.01001	0.00715	0.00368	0.00362	0.00075	0.00365	0.00293	0.00296	0.80608
35	0.00729	0.00516	0.00597	0.00564	0.00701	0.00480	0.00426	0.04166	0.01259	0.01765	0.42597	0.03461	0.25002	0.00956	0.00522	0.00147	0.00242	0.00817	0.14598	0.00452
36	0.00633	0.00485	0.00587	0.00635	0.00730	0.00453	0.00459	0.00820	0.05089	0.01385	0.13305	0.40901	0.25260	0.01292	0.00588	0.00179	0.00276	0.06043	0.00456	0.00423
37	0.01069	0.00565	0.00753	0.00685	0.00852	0.00509	0.00520	0.01253	0.01266	0.23838	0.42008	0.19487	0.03296	0.00977	0.00550	0.00159	0.00287	0.00859	0.00527	0.00540
38	0.01967	0.01099	0.01286	0.00986	0.01363	0.01126	0.00814	0.43782	0.01846	0.38424	0.01485	0.01366	0.00982	0.00582	0.00479	0.00145	0.00471	0.00453	0.00530	0.00813
39	0.24772	0.00583	0.00579	0.00581	0.00670	0.00619	0.00386	0.00888	0.00774	0.01329	0.01504	0.19021	0.01691	0.43023	0.01455	0.00319	0.00398	0.00710	0.00323	0.00374
40	0.01905	0.00867	0.01102	0.00881	0.01226	0.00824	0.00716	0.02382	0.20916	0.60863	0.01901	0.01666	0.01252	0.00606	0.00482	0.00151	0.00400	0.00496	0.00565	0.00799
41	0.00676	0.00489	0.00639	0.00601	0.00714	0.00451	0.00451	0.00902	0.01353	0.01917	0.79969	0.03570	0.04510	0.00977	0.00564	0.00150	0.00225	0.00864	0.00526	0.00451
42	0.01088	0.00580	0.00771	0.00671	0.00856	0.00522	0.00522	0.01302	0.01357	0.23983	0.58058	0.03025	0.03576	0.00869	0.00540	0.00150	0.00276	0.00757	0.00545	0.00553
43	0.01049	0.00539	0.00702	0.00681	0.00798	0.00495	0.00478	0.01140	0.00987	0.23408	0.02141	0.40095	0.02249	0.21723	0.01031	0.00249	0.00360	0.00946	0.00447	0.00483
44	0.01046	0.01046	0.01464	0.01255	0.01255	0.01464	0.01046	0.01150	0.00732	0.01150	0.00627	0.01046	0.00627	0.00837	0.01569	0.00209	0.82328	0.00418	0.00209	0.00523
45	0.01046	0.01046	0.01464	0.01255	0.01255	0.01464	0.01046	0.01150	0.00732	0.01150	0.00627	0.01046	0.00627	0.00837	0.01569	0.00209	0.82328	0.00418	0.00209	0.00523
46	0.01036	0.00565	0.00707	0.00647	0.00831	0.00495	0.00493	0.01191	0.01192	0.23656	0.20043	0.18396	0.26782	0.01040	0.00550	0.00161	0.00291	0.00895	0.00503	0.00526
47	0.01278	0.00808	0.00924	0.00808	0.01037	0.00847	0.00614	0.01948	0.36381	0.21726	0.04050	0.02241	0.06311	0.17810	0.00896	0.00221	0.00391	0.00594	0.00471	0.00645
48	0.00903	0.00850	0.01434	0.82054	0.03292	0.01062	0.01327	0.01221	0.00956	0.01221	0.00850	0.01274	0.00637	0.00478	0.00478	0.00159	0.00637	0.00425	0.00212	0.00531
49	0.00693	0.00473	0.00573	0.00573	0.00590	0.00491	0.00353	0.00728	0.00710	0.00965	0.01459	0.02868	0.01625	0.66679	0.18802	0.00527	0.00633	0.00657	0.00283	0.00318
50	0.00612	0.00472	0.00560	0.00568	0.00682	0.00419	0.00414	0.00767	0.01157	0.01523	0.33995	0.20442	0.34310	0.01178	0.00574	0.00164	0.00243	0.01024	0.00476	0.00419
51	0.45062	0.00798	0.00779	0.00669	0.00924	0.00842	0.00522	0.01517	0.00944	0.23894	0.01182	0.01503	0.00958	0.17660	0.00791	0.00213	0.00400	0.00412	0.00378	0.00553
52	0.00891	0.00445	0.00445	0.00445	0.00557	0.00445	0.00334	0.01114	0.01002	0.01782	0.01559	0.01782	0.01225	0.00557	0.00334	0.00111	0.00223	0.00445	0.85856	0.00445
53	0.68876	0.18060	0.01076	0.00668	0.00987	0.01242	0.00580	0.01410	0.00846	0.01933	0.00665	0.00774	0.00537	0.00436	0.00298	0.00138	0.00399	0.00258	0.00277	0.00537
54	0.00994	0.02227	0.64558	0.01498	0.02158	0.01130	0.17688	0.01517	0.01034	0.01517	0.00880	0.01067	0.00630	0.00443	0.00477	0.00153	0.00727	0.00397	0.00210	0.00694
55	0.00947	0.02136	0.64270	0.18109	0.02323	0.01100	0.01675	0.01453	0.00998	0.01453	0.00856	0.01064	0.00612	0.00459	0.00459	0.00153	0.00692	0.00368	0.00204	0.00670
56	0.00912	0.00879	0.00890	0.00864	0.00983	0.17343	0.00665	0.01072	0.00890	0.01122	0.01168	0.01667	0.01075	0.02943	0.64524	0.00634	0.01193	0.00470	0.00254	0.00453
57	0.00731	0.00522	0.00725	0.00836	0.00929	0.00517	0.00702	0.00923	0.01062	0.01387	0.02552	0.21475	0.02836	0.01357	0.00650	0.00215	0.00406	0.61305	0.00441	0.00429

[dist]
# distance from previous block
# <min> <max>
0	1

[block]
# block no. 2 follows, 53 sequences, length 85
# corresponding to MSA columns:
# 163-247
name=unknown_C
#
# <colnr> <probs for GDERKNQSTAVLIFYWHMCP>
#	G	D	E	R	K	N	Q	S	T	A	V	L	I	F	Y	W	H	M	C	P
0	0.00655	0.00468	0.00638	0.00749	0.00808	0.00451	0.00570	0.00791	0.00987	0.01302	0.02594	0.52826	0.03002	0.01429	0.00630	0.00204	0.00340	0.30704	0.00442	0.00408
1	0.01086	0.00948	0.01434	0.65775	0.02928	0.01146	0.01243	0.16786	0.01215	0.01581	0.00909	0.01249	0.00672	0.00497	0.00478	0.00156	0.00615	0.00426	0.00266	0.00588
2	0.00803	0.00425	0.00602	0.00602	0.00602	0.00425	0.00390	0.00637	0.00637	0.00850	0.00966	0.01790	0.01013	0.18057	0.01982	0.68875	0.00425	0.00471	0.00224	0.00224
3	0.01167	0.01181	0.02203	0.02660	0.57039	0.01157	0.24439	0.01486	0.01100	0.01552	0.00919	0.01215	0.00748	0.00419	0.00500	0.00148	0.00639	0.00467	0.00238	0.00724
4	0.05651	0.01006	0.01175	0.00934	0.01284	0.01032	0.00762	0.23409	0.17269	0.39815	0.01639	0.01488	0.01106	0.00591	0.00473	0.00150	0.00432	0.00469	0.00526	0.00789
5	0.00615	0.00489	0.00554	0.00546	0.00687	0.00428	0.00415	0.00779	0.01185	0.01524	0.31947	0.04265	0.48950	0.01131	0.00569	0.00160	0.00246	0.04614	0.00473	0.00422
6	0.45658	0.00728	0.00689	0.00637	0.00848	0.00785	0.00496	0.01223	0.00999	0.07051	0.21753	0.11446	0.01959	0.03288	0.00482	0.00164	0.00326	0.00577	0.00393	0.00497
7	0.00653	0.00465	0.00550	0.00580	0.00630	0.00442	0.00384	0.00725	0.00892	0.01169	0.08783	0.21282	0.15220	0.38938	0.01440	0.00311	0.00365	0.06439	0.00379	0.00354
8	0.00704	0.00539	0.00660	0.00727	0.00804	0.00549	0.00507	0.01042	0.16689	0.01377	0.02496	0.66581	0.02819	0.01327	0.00585	0.00188	0.00298	0.01194	0.00452	0.00462
9	0.00935	0.00519	0.00686	0.00697	0.00803	0.00480	0.00503	0.01048	0.01022	0.17198	0.07580	0.43485	0.02624	0.12523	0.00836	0.00221	0.00339	0.07576	0.00457	0.00469
10	0.01060	0.00624	0.00784	0.00757	0.00911	0.00606	0.00564	0.06287	0.07710	0.18236	0.05434	0.42228	0.04487	0.03546	0.00617	0.00185	0.00340	0.04605	0.00479	0.00539
11	0.06818	0.00925	0.01152	0.00888	0.01256	0.00880	0.00734	0.17620	0.01514	0.60559	0.01669	0.01483	0.01071	0.00580	0.00470	0.00147	0.00429	0.00458	0.00552	0.00797
12	0.00693	0.00473	0.00571	0.00571	0.00588	0.00490	0.00352	0.00727	0.00710	0.00964	0.01461	0.02876	0.01629	0.67193	0.18293	0.00525	0.00628	0.00658	0.00283	0.00317
13	0.00690	0.00493	0.00592	0.00576	0.00709	0.00437	0.00429	0.00858	0.01205	0.05132	0.39501	0.12952	0.32460	0.01107	0.00566	0.00159	0.00246	0.00958	0.00489	0.00442
14	0.00601	0.00450	0.00552	0.00601	0.00679	0.00408	0.00419	0.00719	0.01039	0.01367	0.18703	0.43923	0.22929	0.04498	0.00660	0.00187	0.00265	0.01145	0.00454	0.00401
15	0.69480	0.00876	0.00746	0.00653	0.00943	0.00977	0.00534	0.01474	0.00924	0.11493	0.07284	0.01106	0.00923	0.00505	0.00340	0.00148	0.00362	0.00335	0.00350	0.00548
16	0.01088	0.00545	0.00601	0.00545	0.00720	0.00515	0.00423	0.03475	0.01120	0.16065	0.02182	0.02229	0.15007	0.00678	0.00405	0.00128	0.00268	0.00550	0.52942	0.00516
17	0.00958	0.00764	0.00834	0.00788	0.00939	0.00849	0.00575	0.01683	0.41843	0.01532	0.01835	0.03698	0.01694	0.32259	0.01246	0.00282	0.00414	0.06851	0.00407	0.00547
18	0.01278	0.83490	0.02505	0.00818	0.01227	0.01891	0.00818	0.01431	0.00971	0.01125	0.00664	0.00767	0.00613	0.00409	0.00307	0.00102	0.00511	0.00256	0.00204	0.00613
19	0.01564	0.01198	0.01384	0.01209	0.08052	0.01302	0.02761	0.47586	0.17517	0.04233	0.01298	0.01304	0.00951	0.00562	0.00472	0.00143	0.00487	0.00450	0.02964	0.04562
20	0.01308	0.01418	0.01735	0.04088	0.41707	0.23044	0.06274	0.01539	0.01131	0.01404	0.00906	0.01274	0.00788	0.00517	0.00568	0.00148	0.07557	0.03694	0.00245	0.00655
21	0.00898	0.00751	0.00817	0.00781	0.00969	0.00810	0.00589	0.01655	0.41520	0.01686	0.08020	0.18817	0.18823	0.00962	0.00533	0.00168	0.00318	0.00827	0.00471	0.00586
22	0.01220	0.00731	0.00891	0.00771	0.00998	0.00725	0.00606	0.06643	0.16615	0.22039	0.33482	0.04553	0.05856	0.00816	0.00525	0.00154	0.00327	0.01900	0.00525	0.00623
23	0.43428	0.00910	0.00869	0.00687	0.01046	0.00893	0.00559	0.05030	0.00964	0.01918	0.00773	0.00892	0.00619	0.00409	0.00331	0.00112	0.00370	0.00278	0.00299	0.39612
24	0.23149	0.01025	0.01241	0.01343	0.21789	0.02220	0.00854	0.11544	0.01182	0.10606	0.00967	0.01075	0.00737	0.00453	0.00402	0.00128	0.00450	0.00356	0.00333	0.20147
25	0.24885	0.07150	0.06156	0.01093	0.01425	0.14171	0.11448	0.05511	0.16827	0.01762	0.01009	0.01106	0.00783	0.00509	0.00469	0.00148	0.04226	0.00386	0.00312	0.00622
26	0.00640	0.00473	0.00597	0.00596	0.00699	0.00431	0.00436	0.00820	0.01223	0.01677	0.52494	0.19684	0.16224	0.01119	0.00573	0.00161	0.00239	0.00987	0.00497	0.00431
27	0.00594	0.00452	0.00550	0.00613	0.00697	0.00408	0.00437	0.00708	0.01015	0.01304	0.08639	0.46457	0.29047	0.01355	0.00595	0.00182	0.00272	0.05827	0.00449	0.00401
28	0.18138	0.00799	0.00831	0.00705	0.00989	0.00781	0.00553	0.01406	0.17506	0.01763	0.10500	0.04427	0.11889	0.00653	0.00430	0.00130	0.00331	0.00528	0.00382	0.27259
29	0.00815	0.00452	0.00628	0.00631	0.00683	0.00429	0.00438	0.00766	0.00849	0.05535	0.11456	0.18338	0.07668	0.01449	0.01277	0.46870	0.00350	0.00709	0.00334	0.00323
30	0.02079	0.00919	0.01175	0.00901	0.01273	0.00859	0.00744	0.17672	0.01545	0.64960	0.01737	0.01530	0.01109	0.00588	0.00480	0.00147	0.00431	0.00471	0.00569	0.00813
31	0.00635	0.00448	0.00522	0.00568	0.00649	0.00410	0.00394	0.00752	0.00990	0.01344	0.08037	0.37928	0.24974	0.07224	0.00688	0.00190	0.00270	0.01048	0.12531	0.00398
32	0.04449	0.00447	0.00567	0.00654	0.00704	0.00425	0.00446	0.00719	0.00952	0.01323	0.09200	0.70610	0.04948	0.01399	0.00591	0.00188	0.00276	0.01259	0.00444	0.00400
33	0.00683	0.00512	0.00768	0.00768	0.00853	0.00597	0.00597	0.00853	0.00768	0.01110	0.01280	0.01878	0.01195	0.03585	0.81308	0.00768	0.01280	0.00512	0.00256	0.00427
34	0.02116	0.00859	0.01137	0.00872	0.01243	0.00770	0.00720	0.08904	0.01444	0.73870	0.01822	0.01586	0.01151	0.00590	0.00480	0.00148	0.00417	0.00476	0.00582	0.00813
35	0.00666	0.00474	0.00545	0.00567	0.00667	0.00423	0.00394	0.00760	0.00986	0.04779	0.05256	0.29017	0.37005	0.15185	0.00892	0.00222	0.00298	0.01039	0.00426	0.00399
36	0.00927	0.00654	0.00742	0.00692	0.00788	0.00681	0.00473	0.18778	0.01112	0.01486	0.01711	0.23041	0.01887	0.43153	0.01513	0.00320	0.00430	0.00803	0.00373	0.00436
37	0.01901	0.01205	0.01351	0.01036	0.01415	0.01283	0.00856	0.59139	0.02023	0.22817	0.01336	0.01270	0.00907	0.00578	0.00479	0.00145	0.00495	0.00443	0.00507	0.00813
38	0.02144	0.00813	0.01109	0.00850	0.01220	0.00702	0.00702	0.02329	0.01368	0.80552	0.01886	0.01627	0.01183	0.00592	0.00481	0.00148	0.00407	0.00481	0.00592	0.00813
39	0.01011	0.00570	0.00687	0.00615	0.00816	0.00493	0.00476	0.01169	0.01211	0.22598	0.19602	0.07104	0.39778	0.01009	0.00544	0.00157	0.00284	0.00853	0.00500	0.00522
40	0.00695	0.00463	0.00521	0.00521	0.00521	0.00463	0.00290	0.00695	0.00695	0.00927	0.01506	0.03128	0.01738	0.83203	0.02433	0.00463	0.00463	0.00695	0.00290	0.00290
41	0.00903	0.00850	0.01434	0.82054	0.03292	0.01062	0.01327	0.01221	0.00956	0.01221	0.00850	0.01274	0.00637	0.00478	0.00478	0.00159	0.00637	0.00425	0.00212	0.00531
42	0.02144	0.00813	0.01109	0.00850	0.01220	0.00702	0.00702	0.02329	0.01368	0.80552	0.01886	0.01627	0.01183	0.00592	0.00481	0.00148	0.00407	0.00481	0.00592	0.00813
43	0.46742	0.00807	0.00798	0.00682	0.00961	0.00849	0.00554	0.01551	0.01070	0.23051	0.16938	0.01565	0.01498	0.00590	0.00399	0.00148	0.00351	0.00440	0.00421	0.00583
44	0.00761	0.00464	0.00529	0.00529	0.00579	0.00476	0.00347	0.00860	0.00810	0.01245	0.01493	0.02495	0.01488	0.43978	0.12516	0.00384	0.00493	0.00584	0.29606	0.00362
45	0.00682	0.00487	0.00669	0.00780	0.00851	0.00474	0.00617	0.00838	0.01014	0.01332	0.02579	0.41685	0.02943	0.01403	0.00637	0.00208	0.00364	0.41579	0.00442	0.00416
46	0.01065	0.05465	0.34874	0.01692	0.02264	0.01199	0.43420	0.01519	0.01072	0.01506	0.00908	0.01151	0.00671	0.00424	0.00507	0.00154	0.00752	0.00463	0.00224	0.00669
47	0.01111	0.01063	0.01811	0.23143	0.60572	0.01117	0.01431	0.01404	0.01054	0.01475	0.00886	0.01206	0.00726	0.00439	0.00474	0.00146	0.00586	0.00426	0.00230	0.00699
48	0.01260	0.00619	0.00781	0.00664	0.00896	0.00541	0.00525	0.01439	0.01271	0.34106	0.23553	0.02974	0.23857	0.00864	0.00520	0.00151	0.00305	0.00728	0.04360	0.00587
49	0.00684	0.00489	0.00672	0.00782	0.00855	0.00476	0.00621	0.00842	0.01016	0.01334	0.02578	0.40770	0.02938	0.01401	0.00637	0.00208	0.00366	0.42472	0.00442	0.00416
50	0.01046	0.01046	0.01464	0.01255	0.01255	0.01464	0.01046	0.01150	0.00732	0.01150	0.00627	0.01046	0.00627	0.00837	0.01569	0.00209	0.82328	0.00418	0.00209	0.00523
51	0.00700	0.00994	0.21983	0.00802	0.01056	0.00598	0.00783	0.00947	0.01069	0.01464	0.19377	0.28560	0.17725	0.01050	0.00550	0.00167	0.00374	0.00915	0.00397	0.00490
52	0.00780	0.00597	0.00728	0.00676	0.00820	0.00599	0.00512	0.01231	0.17038	0.01933	0.64279	0.03211	0.03896	0.00911	0.00548	0.00153	0.00256	0.00799	0.00518	0.00512
53	0.12265	0.37054	0.26764	0.01017	0.01484	0.11557	0.01091	0.01514	0.01011	0.01385	0.00735	0.00856	0.00599	0.00438	0.00367	0.00126	0.00599	0.00293	0.00221	0.00623
54	0.69351	0.00909	0.00850	0.17002	0.01400	0.01070	0.00680	0.01368	0.00842	0.01959	0.00703	0.00877	0.00542	0.00451	0.00332	0.00150	0.00424	0.00292	0.00279	0.00520
55	0.01119	0.17611	0.01903	0.26025	0.41470	0.01266	0.01295	0.01387	0.01025	0.01372	0.00837	0.01126	0.00693	0.00438	0.00441	0.00139	0.00577	0.00391	0.00223	0.00661
56	0.69600	0.00902	0.00784	0.00673	0.00984	0.00998	0.00555	0.01591	0.00925	0.17911	0.00911	0.00947	0.00651	0.00473	0.00333	0.00148	0.00377	0.00303	0.00355	0.00577
57	0.01785	0.02278	0.01354	0.01231	0.01478	0.81284	0.00924	0.01909	0.01354	0.01170	0.00739	0.00862	0.00616	0.00493	0.00431	0.00123	0.00862	0.00308	0.00246	0.00554
58	0.01189	0.00862	0.01127	0.01270	0.16981	0.00898	0.00812	0.03965	0.28561	0.13711	0.01887	0.23294	0.01712	0.00820	0.00516	0.00164	0.00398	0.00724	0.00441	0.00669
59	0.00582	0.00416	0.00555	0.00666	0.00693	0.00388	0.00444	0.00666	0.00915	0.01220	0.02634	0.82891	0.03161	0.01497	0.00610	0.00194	0.00277	0.01359	0.00444	0.00388
60	0.00932	0.00878	0.01246	0.01102	0.01129	0.01192	0.00905	0.01057	0.00743	0.01137	0.00832	0.01307	0.00806	0.01699	0.26599	0.00385	0.56886	0.00448	0.00224	0.00493
61	0.01785	0.02278	0.01354	0.01231	0.01478	0.81284	0.00924	0.01909	0.01354	0.01170	0.00739	0.00862	0.00616	0.00493	0.00431	0.00123	0.00862	0.00308	0.00246	0.00554
62	0.01176	0.01274	0.01268	0.01117	0.01208	0.23312	0.00892	0.01310	0.01029	0.01310	0.16613	0.01503	0.01405	0.00770	0.01052	0.00174	0.43311	0.00477	0.00283	0.00517
63	0.01128	0.01289	0.02820	0.02015	0.02498	0.01209	0.78485	0.01531	0.01128	0.01531	0.00967	0.01289	0.00725	0.00403	0.00564	0.00161	0.00806	0.00564	0.00242	0.00645
64	0.00971	0.00934	0.01298	0.01123	0.01146	0.01260	0.00926	0.01100	0.00857	0.01304	0.16582	0.01553	0.01408	0.00865	0.01366	0.00197	0.65818	0.00508	0.00273	0.00508
65	0.00624	0.00444	0.00559	0.00630	0.00669	0.00420	0.00423	0.00705	0.00906	0.01199	0.05852	0.49926	0.08206	0.20938	0.01043	0.00256	0.00328	0.06089	0.00410	0.00372
66	0.00638	0.00446	0.00508	0.00557	0.00649	0.00405	0.00393	0.00763	0.00995	0.01358	0.03204	0.38712	0.30134	0.01206	0.00538	0.00166	0.00254	0.01051	0.17619	0.00405
67	0.75537	0.00978	0.00798	0.00690	0.00997	0.01126	0.00569	0.11464	0.01000	0.02257	0.00728	0.00825	0.00556	0.00461	0.00320	0.00147	0.00390	0.00281	0.00320	0.00556
68	0.00948	0.00607	0.00761	0.00680	0.00851	0.00582	0.00523	0.03459	0.08763	0.12323	0.57579	0.03108	0.06119	0.00891	0.00543	0.00151	0.00273	0.00775	0.00527	0.00537
69	0.00771	0.00492	0.00616	0.00641	0.00731	0.00456	0.00457	0.00878	0.00994	0.08478	0.08828	0.32732	0.15119	0.17739	0.00959	0.00238	0.00333	0.08688	0.00432	0.00420
70	0.00865	0.00523	0.00637	0.00626	0.00777	0.00459	0.00466	0.00997	0.01107	0.15373	0.09971	0.28521	0.33629	0.01173	0.00566	0.00170	0.00286	0.02901	0.00477	0.00476
71	0.00582	0.00416	0.00555	0.00666	0.00693	0.00388	0.00444	0.00666	0.00915	0.01220	0.02634	0.82891	0.03161	0.01497	0.00610	0.00194	0.00277	0.01359	0.00444	0.00388
72	0.00923	0.00768	0.00899	0.00682	0.01023	0.00596	0.00523	0.01099	0.00949	0.01454	0.01072	0.07792	0.01029	0.10488	0.00626	0.00128	0.00361	0.00419	0.00297	0.68872
73	0.00632	0.00477	0.00551	0.00545	0.00647	0.00431	0.00384	0.00762	0.01088	0.01429	0.30206	0.09216	0.32214	0.18203	0.00956	0.00223	0.00285	0.00917	0.00440	0.00395
74	0.01061	0.00547	0.00724	0.00700	0.00843	0.00492	0.00511	0.01187	0.01092	0.24905	0.10270	0.43691	0.06096	0.04725	0.00644	0.00186	0.00317	0.01003	0.00489	0.00518
75	0.00784	0.00591	0.00658	0.00649	0.00791	0.00592	0.00493	0.01136	0.16752	0.01437	0.05068	0.03454	0.31135	0.08657	0.00828	0.07730	0.00329	0.10681	0.07779	0.00456
76	0.00592	0.00453	0.00540	0.00586	0.00674	0.00405	0.00411	0.00707	0.01035	0.01336	0.14290	0.40764	0.31581	0.03551	0.00637	0.00183	0.00262	0.01142	0.00451	0.00400
77	0.00635	0.00465	0.00544	0.00577	0.00673	0.00415	0.00403	0.00740	0.01013	0.03391	0.09626	0.34397	0.34736	0.09215	0.00761	0.00202	0.00280	0.01087	0.00439	0.00401
78	0.03798	0.01015	0.00989	0.00827	0.01056	0.07746	0.00639	0.34525	0.02466	0.03410	0.01287	0.01670	0.01081	0.17176	0.00830	0.00199	0.00465	0.00474	0.19753	0.00593
79	0.69362	0.01236	0.16794	0.00776	0.01154	0.01080	0.00769	0.01427	0.00853	0.02018	0.00704	0.00823	0.00535	0.00446	0.00328	0.00149	0.00437	0.00278	0.00277	0.00556
80	0.00965	0.02146	0.64693	0.01231	0.01880	0.01015	0.01525	0.01451	0.01005	0.01522	0.00856	0.01005	0.00626	0.00434	0.00434	0.00135	0.00636	0.00339	0.00218	0.17883
81	0.11993	0.00947	0.16753	0.00787	0.01006	0.00688	0.00721	0.04286	0.00907	0.01376	0.03804	0.15493	0.07116	0.05066	0.02722	0.24530	0.00452	0.00616	0.00301	0.00435
82	0.01247	0.01001	0.01288	0.10038	0.20143	0.03038	0.00923	0.16625	0.15283	0.06058	0.01302	0.01701	0.01098	0.17156	0.00870	0.00212	0.00511	0.00501	0.00356	0.00648
83	0.00694	0.00505	0.00623	0.00597	0.00694	0.00482	0.00427	0.00914	0.04692	0.01663	0.53906	0.05801	0.08304	0.17526	0.00938	0.00216	0.00283	0.00839	0.00469	0.00428
84	0.00627	0.00438	0.00545	0.00606	0.00631	0.00419	0.00387	0.00688	0.00862	0.01151	0.06145	0.48522	0.04445	0.30806	0.01261	0.00288	0.00341	0.01088	0.00392	0.00356

[dist]
# distance from previous block
# <min> <max>
0	1

[block]
# block no. 3 follows, 53 sequences, length 7
# corresponding to MSA columns:
# 249-255
name=unknown_D
#
# <colnr> <probs for GDERKNQSTAVLIFYWHMCP>
#	G	D	E	R	K	N	Q	S	T	A	V	L	I	F	Y	W	H	M	C	P
0	0.10862	0.03650	0.05815	0.09079	0.01595	0.08430	0.08204	0.23830	0.05780	0.05759	0.04781	0.06254	0.02682	0.00606	0.00469	0.00150	0.00538	0.00499	0.00370	0.00648
1	0.01306	0.09116	0.01293	0.03809	0.01248	0.03816	0.00808	0.09876	0.11235	0.15162	0.13463	0.01651	0.01474	0.00806	0.03901	0.00183	0.19332	0.00499	0.00391	0.00629
2	0.00778	0.00659	0.01112	0.01028	0.01194	0.00630	0.16585	0.00990	0.01052	0.01382	0.02368	0.27060	0.06720	0.01178	0.00621	0.00197	0.00457	0.35124	0.00401	0.00465
3	0.01160	0.00950	0.01082	0.00788	0.01204	0.00810	0.00636	0.17076	0.01249	0.01856	0.00911	0.01023	0.00729	0.00399	0.00379	0.00086	0.00389	0.00313	0.00323	0.68634
4	0.00803	0.00617	0.00930	0.01163	0.17051	0.00637	0.00716	0.00930	0.00875	0.01207	0.01539	0.11694	0.01618	0.15129	0.22773	0.08717	0.00676	0.12175	0.00302	0.00449
5	0.01611	0.31101	0.01782	0.01057	0.01389	0.36558	0.00883	0.17466	0.01401	0.01531	0.00796	0.00886	0.00655	0.00479	0.00396	0.00120	0.00668	0.00314	0.00279	0.00628
6	0.00659	0.00502	0.00552	0.00533	0.00641	0.00448	0.00359	0.00741	0.00924	0.01191	0.06641	0.08050	0.33725	0.34518	0.01310	0.00278	0.00343	0.00834	0.00372	0.07378

[dist]
# distance from previous block
# <min> <max>
0	2

[block]
# block no. 4 follows, 53 sequences, length 53
# corresponding to MSA columns:
# 258-310
name=unknown_E
#
# <colnr> <probs for GDERKNQSTAVLIFYWHMCP>
#	G	D	E	R	K	N	Q	S	T	A	V	L	I	F	Y	W	H	M	C	P
0	0.00950	0.00647	0.00759	0.00751	0.00883	0.02991	0.00546	0.10074	0.02692	0.09875	0.04339	0.54088	0.05381	0.01200	0.00565	0.00176	0.00339	0.01062	0.00457	0.02223
1	0.00944	0.01206	0.17666	0.10172	0.11786	0.01093	0.02586	0.01209	0.00875	0.01283	0.00897	0.01285	0.00779	0.01317	0.20185	0.00316	0.25175	0.00432	0.00223	0.00571
2	0.01076	0.00913	0.00963	0.00877	0.01106	0.01034	0.00667	0.02160	0.63230	0.01811	0.02149	0.02189	0.08423	0.10377	0.00721	0.00197	0.00376	0.00600	0.00460	0.00671
3	0.00783	0.00423	0.00602	0.00611	0.00626	0.00414	0.00408	0.00634	0.00687	0.00903	0.01324	0.08477	0.07273	0.05260	0.01688	0.68454	0.00392	0.00552	0.00249	0.00241
4	0.00997	0.01075	0.02237	0.01669	0.02027	0.01025	0.57267	0.01313	0.01063	0.01444	0.01347	0.20487	0.01295	0.00676	0.00612	0.00171	0.03682	0.00746	0.00288	0.00580
5	0.01013	0.00766	0.00901	0.00826	0.01021	0.00805	0.00667	0.17154	0.14212	0.02022	0.30586	0.03239	0.05097	0.00928	0.00556	0.00168	0.00363	0.18617	0.00487	0.00571
6	0.00777	0.00423	0.00600	0.00610	0.00632	0.00411	0.00412	0.00634	0.00703	0.00919	0.01460	0.09007	0.10321	0.01593	0.01604	0.68440	0.00383	0.00568	0.00256	0.00246
7	0.86579	0.00924	0.00702	0.00629	0.00924	0.01072	0.00518	0.01405	0.00813	0.02144	0.00666	0.00776	0.00518	0.00444	0.00296	0.00148	0.00370	0.00259	0.00296	0.00518
8	0.00891	0.00445	0.00445	0.00445	0.00557	0.00445	0.00334	0.01114	0.01002	0.01782	0.01559	0.01782	0.01225	0.00557	0.00334	0.00111	0.00223	0.00445	0.85856	0.00445
9	0.00609	0.00427	0.00547	0.00631	0.00652	0.00406	0.00407	0.00673	0.00863	0.01150	0.02366	0.63903	0.02822	0.20947	0.01044	0.00258	0.00322	0.01201	0.00407	0.00365
10	0.00651	0.00482	0.00575	0.00555	0.00658	0.00441	0.00396	0.00804	0.01153	0.01555	0.44563	0.03754	0.23905	0.17350	0.00935	0.00215	0.00277	0.00869	0.00457	0.00406
11	0.01275	0.01004	0.01079	0.00955	0.01230	0.01138	0.00745	0.04750	0.68526	0.08557	0.01905	0.01786	0.01424	0.02759	0.00536	0.00168	0.00387	0.00536	0.00490	0.00751
