[name]
unknown

[dist]
# distance from previous block
# <min> <max>
6	124

[block]
# block no. 0 follows, 40 sequences, length 50
# corresponding to MSA columns:
# 126-175
name=unknown_A
#
# <colnr> <probs for GDERKNQSTAVLIFYWHMCP>
#	G	D	E	R	K	N	Q	S	T	A	V	L	I	F	Y	W	H	M	C	P
0	0.21297	0.01423	0.11742	0.02722	0.11560	0.01288	0.01105	0.10874	0.13745	0.06528	0.01433	0.01529	0.01073	0.00627	0.00504	0.00177	0.00550	0.00488	0.10532	0.00803
1	0.59092	0.01227	0.01146	0.00969	0.01349	0.01395	0.04073	0.11408	0.10303	0.02692	0.01095	0.01183	0.00829	0.00589	0.00432	0.00182	0.00500	0.00401	0.00415	0.00720
2	0.00760	0.00580	0.00698	0.00695	0.00837	0.00518	0.00511	0.00966	0.01458	0.01948	0.41259	0.15852	0.29049	0.01379	0.00695	0.00195	0.00291	0.01200	0.00591	0.00518
3	0.01330	0.01270	0.02163	0.27420	0.52937	0.01353	0.01730	0.01689	0.01273	0.01767	0.01075	0.01475	0.00874	0.00538	0.00578	0.00179	0.00718	0.00518	0.00278	0.00833
4	0.00982	0.00766	0.00883	0.00825	0.00999	0.00788	0.00609	0.01572	0.21278	0.02104	0.37999	0.03794	0.10638	0.13021	0.01006	0.00246	0.00370	0.00931	0.00574	0.00614
5	0.01404	0.01346	0.02297	0.11209	0.68569	0.01373	0.01767	0.01754	0.01308	0.01857	0.01088	0.01451	0.00906	0.00525	0.00576	0.00175	0.00699	0.00518	0.00285	0.00893
6	0.26264	0.01562	0.09075	0.01176	0.01630	0.01554	0.01042	0.34286	0.13028	0.02976	0.01333	0.01362	0.00976	0.00650	0.00514	0.00181	0.00578	0.00472	0.00483	0.00858
7	0.02609	0.00990	0.01350	0.01035	0.01484	0.00855	0.00855	0.02834	0.01664	0.76338	0.02294	0.01979	0.01439	0.00720	0.00585	0.00180	0.00495	0.00585	0.00720	0.00990
8	0.01929	0.00843	0.01107	0.00899	0.01244	0.00732	0.00724	0.02151	0.01604	0.48969	0.17592	0.03060	0.14706	0.00940	0.00622	0.00183	0.00417	0.00786	0.00674	0.00818
9	0.01166	0.03008	0.76550	0.01657	0.02517	0.01351	0.02149	0.01842	0.01228	0.01842	0.01044	0.01228	0.00737	0.00552	0.00552	0.00184	0.00859	0.00430	0.00246	0.00859
10	0.00823	0.00594	0.00777	0.00732	0.00869	0.00549	0.00549	0.01097	0.01646	0.02332	0.75629	0.04344	0.05487	0.01189	0.00686	0.00183	0.00274	0.01052	0.00640	0.00549
11	0.83671	0.01125	0.00855	0.00765	0.01125	0.01305	0.00630	0.01709	0.00990	0.02609	0.00810	0.00945	0.00630	0.00540	0.00360	0.00180	0.00450	0.00315	0.00360	0.00630
12	0.01377	0.01304	0.02139	0.17116	0.55016	0.01372	0.01665	0.01863	0.08828	0.01878	0.01213	0.01535	0.00982	0.00558	0.00578	0.00179	0.00683	0.00532	0.00314	0.00870
13	0.01133	0.01069	0.01807	0.70526	0.11371	0.01301	0.01632	0.01516	0.01179	0.01528	0.01040	0.01539	0.00790	0.00575	0.00581	0.00192	0.00767	0.00517	0.00261	0.00674
14	0.02609	0.00990	0.01350	0.01035	0.01484	0.00855	0.00855	0.02834	0.01664	0.76338	0.02294	0.01979	0.01439	0.00720	0.00585	0.00180	0.00495	0.00585	0.00720	0.00990
15	0.00823	0.00594	0.00777	0.00732	0.00869	0.00549	0.00549	0.01097	0.01646	0.02332	0.75629	0.04344	0.05487	0.01189	0.00686	0.00183	0.00274	0.01052	0.00640	0.00549
16	0.01220	0.18916	0.42540	0.01434	0.02061	0.01445	0.08278	0.01671	0.01173	0.01634	0.01126	0.01588	0.00962	0.12545	0.00893	0.00230	0.00775	0.00491	0.00267	0.00751
17	0.00831	0.00620	0.00922	0.00922	0.01021	0.00720	0.00711	0.01030	0.00931	0.01340	0.01570	0.02351	0.01483	0.07634	0.74025	0.00918	0.01514	0.00633	0.00313	0.00512
18	0.01010	0.00694	0.00749	0.00723	0.00815	0.00732	0.00474	0.01386	0.15406	0.01589	0.01950	0.03162	0.01925	0.48554	0.01992	0.00407	0.00486	0.00749	0.16698	0.00501
19	0.01098	0.01034	0.01744	0.78165	0.04005	0.01292	0.01615	0.01486	0.01163	0.01486	0.01034	0.01550	0.00775	0.00581	0.00581	0.00194	0.00775	0.00517	0.00258	0.00646
20	0.79678	0.01118	0.00879	0.00778	0.01142	0.01282	0.00641	0.01765	0.01023	0.06240	0.00883	0.00996	0.00670	0.00549	0.00371	0.00180	0.00452	0.00328	0.00378	0.00648
21	0.01270	0.46795	0.13568	0.00995	0.01463	0.01671	0.01028	0.01528	0.01248	0.01544	0.06695	0.02157	0.16484	0.00751	0.00485	0.00152	0.00568	0.00565	0.00333	0.00698
22	0.01359	0.41219	0.40030	0.01328	0.02008	0.01823	0.01575	0.01792	0.01205	0.01606	0.00927	0.01081	0.00741	0.00525	0.00463	0.00154	0.00741	0.00371	0.00247	0.00803
23	0.00787	0.00559	0.00668	0.00702	0.00749	0.00547	0.00450	0.00855	0.00991	0.01303	0.02737	0.22527	0.13247	0.41230	0.09688	0.00467	0.00570	0.01078	0.00422	0.00419
24	0.01125	0.00740	0.00893	0.00827	0.00996	0.00722	0.00620	0.09397	0.01495	0.08150	0.25943	0.07733	0.10835	0.19256	0.01205	0.00282	0.00433	0.08222	0.00548	0.00579
25	0.01713	0.01512	0.01879	0.14992	0.27573	0.15294	0.01406	0.04362	0.01411	0.13739	0.01215	0.01453	0.00933	0.00637	0.00716	0.00182	0.09309	0.00501	0.00361	0.00811
26	0.00989	0.00607	0.00800	0.00774	0.00787	0.00659	0.00523	0.00910	0.00845	0.01199	0.01346	0.02441	0.01402	0.27884	0.02289	0.38956	0.08490	0.00624	0.08123	0.00353
27	0.00766	0.00580	0.00719	0.00804	0.00922	0.00533	0.00614	0.00932	0.01260	0.01607	0.06189	0.33054	0.27684	0.01629	0.00739	0.00230	0.00374	0.20325	0.00542	0.00498
28	0.01357	0.01289	0.04102	0.09209	0.01778	0.11349	0.05700	0.15292	0.01571	0.02007	0.05472	0.11397	0.01976	0.01395	0.09287	0.00286	0.00770	0.14654	0.00438	0.00672
29	0.01708	0.08057	0.11491	0.06616	0.13274	0.14822	0.01330	0.15699	0.14527	0.04831	0.01350	0.01450	0.01025	0.00628	0.00552	0.00173	0.00718	0.00493	0.00403	0.00853
30	0.01884	0.02270	0.01772	0.05359	0.12192	0.51681	0.01261	0.02068	0.01465	0.01489	0.00912	0.01160	0.00776	0.00651	0.00744	0.00171	0.12732	0.00422	0.00289	0.00702
31	0.07062	0.01354	0.07143	0.23872	0.32283	0.01304	0.07420	0.01810	0.01287	0.09221	0.01180	0.01486	0.00896	0.00558	0.00571	0.00183	0.00714	0.00518	0.00325	0.00815
32	0.01429	0.39349	0.26388	0.01213	0.01805	0.01776	0.01332	0.09106	0.01366	0.01787	0.01278	0.01384	0.05584	0.00596	0.00474	0.00152	0.00673	0.00431	0.00304	0.03572
33	0.01089	0.01099	0.08782	0.01122	0.01355	0.03599	0.00999	0.03912	0.10108	0.01902	0.10842	0.10961	0.05110	0.01263	0.00788	0.00228	0.05857	0.29848	0.00499	0.00636
34	0.00714	0.00544	0.00658	0.00727	0.00827	0.00487	0.00508	0.00850	0.01244	0.01609	0.12262	0.46128	0.28076	0.01634	0.00718	0.00217	0.00316	0.01443	0.00551	0.00487
35	0.01346	0.01252	0.02008	0.02475	0.39084	0.04662	0.10644	0.01639	0.01284	0.04287	0.03173	0.09624	0.01410	0.03703	0.04090	0.00232	0.04543	0.00681	0.03088	0.00775
36	0.01545	0.01645	0.09907	0.02961	0.54643	0.05869	0.01691	0.08454	0.02737	0.03318	0.01147	0.01412	0.00922	0.00551	0.00571	0.00173	0.00717	0.00505	0.00324	0.00908
37	0.01392	0.01329	0.01907	0.13843	0.41438	0.06507	0.01464	0.04341	0.09696	0.01885	0.01444	0.09509	0.01288	0.00704	0.00592	0.00184	0.00664	0.00641	0.00355	0.00820
38	0.01000	0.00728	0.00908	0.00849	0.00892	0.00856	0.00616	0.01116	0.00955	0.01464	0.01573	0.02668	0.01584	0.34614	0.09793	0.00427	0.18580	0.00672	0.20222	0.00481
39	0.01382	0.01230	0.08940	0.00965	0.01508	0.00844	0.00860	0.01679	0.01267	0.11444	0.01196	0.01307	0.00923	0.00480	0.00463	0.00108	0.00483	0.00384	0.00383	0.64153
40	0.01616	0.11563	0.16494	0.04025	0.07835	0.18707	0.01274	0.13029	0.05238	0.02029	0.02451	0.01467	0.02188	0.00626	0.00523	0.00163	0.00725	0.00472	0.08795	0.00781
41	0.01021	0.00605	0.00801	0.00827	0.00948	0.00565	0.00591	0.01162	0.01220	0.12899	0.07993	0.46527	0.08389	0.05210	0.08072	0.00302	0.00480	0.01286	0.00544	0.00557
42	0.00860	0.00561	0.00694	0.00751	0.00830	0.00529	0.00520	0.00990	0.01162	0.04201	0.07944	0.38798	0.09093	0.16071	0.01111	0.00280	0.00383	0.05794	0.08941	0.00486
43	0.07993	0.21984	0.02061	0.06786	0.10326	0.01374	0.12346	0.01605	0.01272	0.06720	0.05203	0.09827	0.08615	0.00785	0.00556	0.00175	0.00597	0.00687	0.00378	0.00711
44	0.19526	0.07492	0.05051	0.09297	0.06650	0.39540	0.01148	0.02008	0.01384	0.01732	0.00906	0.01103	0.00736	0.00570	0.00489	0.00162	0.00830	0.00384	0.00302	0.00691
45	0.01127	0.00967	0.01561	0.27105	0.02327	0.01035	0.12081	0.04606	0.04968	0.04317	0.12099	0.12706	0.07114	0.04506	0.00750	0.00214	0.00606	0.00841	0.00423	0.00647
46	0.10150	0.14719	0.01716	0.01258	0.04784	0.17370	0.00979	0.13919	0.13470	0.04133	0.01314	0.03379	0.01061	0.00638	0.00503	0.00158	0.00644	0.00471	0.00412	0.08922
47	0.00729	0.00542	0.00641	0.00709	0.00785	0.00496	0.00474	0.00824	0.01125	0.01441	0.03745	0.42437	0.25083	0.16829	0.01157	0.00288	0.00369	0.01368	0.00503	0.00455
48	0.01706	0.11217	0.26115	0.01459	0.05306	0.08884	0.01411	0.17199	0.06220	0.10335	0.01413	0.01520	0.02268	0.00645	0.00548	0.00173	0.00717	0.01593	0.00407	0.00865
49	0.01514	0.31236	0.09192	0.01145	0.01575	0.01703	0.01065	0.17193	0.09310	0.02047	0.01398	0.09271	0.01252	0.00857	0.03114	0.00190	0.03416	0.00561	0.00391	0.03569

[dist]
# distance from previous block
# <min> <max>
4	8

[block]
# block no. 1 follows, 40 sequences, length 25
# corresponding to MSA columns:
# 186-210
name=unknown_B
#
# <colnr> <probs for GDERKNQSTAVLIFYWHMCP>
#	G	D	E	R	K	N	Q	S	T	A	V	L	I	F	Y	W	H	M	C	P
0	0.01491	0.01874	0.25822	0.06549	0.01946	0.09852	0.01333	0.13080	0.03523	0.09026	0.03500	0.04971	0.10651	0.00814	0.00595	0.00185	0.00683	0.02901	0.00424	0.00780
1	0.01574	0.10112	0.27341	0.12703	0.02390	0.08785	0.08698	0.01987	0.01333	0.14835	0.01227	0.01395	0.00884	0.00597	0.00606	0.00179	0.03726	0.00481	0.00342	0.00806
2	0.00815	0.00561	0.00664	0.00677	0.00713	0.00544	0.00419	0.00884	0.01045	0.01410	0.15070	0.15750	0.05649	0.50894	0.02134	0.00433	0.00468	0.01022	0.00439	0.00410
3	0.34104	0.00927	0.00941	0.00803	0.01125	0.00958	0.00649	0.03267	0.01319	0.24077	0.07012	0.01776	0.01421	0.00674	0.00464	0.00170	0.00414	0.00502	0.18679	0.00716
4	0.01620	0.38916	0.06340	0.01353	0.01830	0.12111	0.12442	0.02080	0.11637	0.04792	0.01172	0.01281	0.00941	0.00563	0.00491	0.00155	0.00720	0.00444	0.00331	0.00783
5	0.01093	0.01280	0.17041	0.05352	0.09078	0.00942	0.01145	0.01564	0.09677	0.05129	0.07364	0.23720	0.06468	0.01111	0.00651	0.00206	0.00536	0.06493	0.00458	0.00694
6	0.00751	0.00524	0.00662	0.00755	0.00778	0.00501	0.00481	0.00821	0.01030	0.01373	0.02776	0.55598	0.03304	0.26147	0.01436	0.00339	0.00408	0.01401	0.00481	0.00435
7	0.00709	0.00590	0.00619	0.00611	0.00798	0.00500	0.00459	0.00876	0.01376	0.01690	0.16795	0.05401	0.64721	0.01428	0.00687	0.00194	0.00291	0.01200	0.00556	0.00500
8	0.01282	0.03852	0.13263	0.22394	0.09243	0.01423	0.36499	0.01750	0.01287	0.01749	0.01102	0.01487	0.00833	0.00526	0.00621	0.00190	0.00875	0.00580	0.00276	0.00769
9	0.01606	0.01349	0.01821	0.14405	0.28550	0.07777	0.02693	0.13065	0.01523	0.09178	0.01317	0.01724	0.01073	0.08382	0.02843	0.00234	0.00724	0.00551	0.00379	0.00804
10	0.63072	0.01210	0.01079	0.06242	0.01448	0.01395	0.00785	0.14887	0.01320	0.02724	0.00932	0.01069	0.00705	0.00572	0.00416	0.00180	0.00507	0.00367	0.00393	0.00696
11	0.00816	0.00559	0.00679	0.00707	0.00726	0.00565	0.00436	0.00862	0.00912	0.01228	0.02082	0.19178	0.02392	0.54428	0.11484	0.00541	0.00637	0.00985	0.00386	0.00397
12	0.00745	0.00608	0.00669	0.00700	0.00882	0.00532	0.00555	0.00920	0.01329	0.01610	0.05246	0.05817	0.59095	0.01503	0.00714	0.00213	0.00350	0.17474	0.00539	0.00501
13	0.01100	0.00669	0.00964	0.00919	0.01075	0.00709	0.00714	0.01310	0.01142	0.13196	0.10237	0.07732	0.02075	0.03256	0.51299	0.00683	0.01162	0.00736	0.00428	0.00593
14	0.01286	0.01225	0.02083	0.37100	0.43603	0.01341	0.01708	0.01650	0.01252	0.01714	0.01067	0.01489	0.00856	0.00547	0.00578	0.00182	0.00729	0.00518	0.00275	0.00797
15	0.02411	0.01056	0.01360	0.01070	0.01502	0.00986	0.00875	0.05791	0.13157	0.61803	0.02269	0.01985	0.01474	0.00730	0.00586	0.00182	0.00495	0.00594	0.00694	0.00979
16	0.01363	0.14081	0.16716	0.02079	0.02702	0.01579	0.49355	0.01840	0.01316	0.01782	0.01095	0.01407	0.00834	0.00503	0.00613	0.00183	0.00902	0.00581	0.00278	0.00792
17	0.00900	0.00725	0.01067	0.01027	0.01115	0.00892	0.00812	0.01095	0.00928	0.01358	0.01433	0.02126	0.01346	0.03839	0.65477	0.00828	0.13588	0.00605	0.00303	0.00537
18	0.01621	0.01380	0.02338	0.02845	0.47019	0.03166	0.13623	0.01958	0.01374	0.13499	0.01276	0.01528	0.00985	0.00569	0.00654	0.00181	0.04186	0.00553	0.00355	0.00890
19	0.01206	0.01034	0.01206	0.00861	0.01378	0.00775	0.00689	0.01464	0.01206	0.01895	0.01034	0.01206	0.00861	0.00431	0.00431	0.00086	0.00431	0.00345	0.00345	0.83118
20	0.00734	0.00564	0.00652	0.00683	0.00802	0.00504	0.00480	0.00877	0.01274	0.01640	0.17438	0.26122	0.34894	0.09529	0.00936	0.00243	0.00331	0.01277	0.00539	0.00482
21	0.16367	0.11356	0.17679	0.01911	0.25873	0.01380	0.01382	0.01728	0.01207	0.01950	0.00987	0.01205	0.00798	0.00513	0.00484	0.00157	0.00633	0.00410	0.00296	0.13685
22	0.55921	0.01405	0.01063	0.00956	0.01301	0.13202	0.00760	0.02057	0.14579	0.02391	0.01108	0.01185	0.00857	0.00595	0.00428	0.00178	0.00545	0.00387	0.00393	0.00690
23	0.01107	0.01057	0.00930	0.00896	0.01086	0.14630	0.00666	0.01472	0.10684	0.01848	0.20663	0.15387	0.21332	0.01178	0.00641	0.00188	0.00454	0.00994	0.04193	0.00592
24	0.01236	0.13461	0.01356	0.00982	0.01222	0.12585	0.00779	0.03804	0.09736	0.01693	0.07723	0.11621	0.20242	0.03612	0.02602	0.00214	0.05223	0.00835	0.00444	0.00630

[dist]
# distance from previous block
# <min> <max>
1	7

[block]
# block no. 2 follows, 40 sequences, length 74
# corresponding to MSA columns:
# 220,228-272,363-390
name=unknown_C
#
# <colnr> <probs for GDERKNQSTAVLIFYWHMCP>
#	G	D	E	R	K	N	Q	S	T	A	V	L	I	F	Y	W	H	M	C	P
0	0.07698	0.09183	0.01316	0.11075	0.01578	0.01107	0.00905	0.11199	0.04182	0.02100	0.15520	0.11635	0.03959	0.01063	0.00626	0.00200	0.00506	0.15014	0.00483	0.00650
1	0.00859	0.00649	0.00942	0.09438	0.01285	0.00728	0.00753	0.01042	0.00994	0.01369	0.01843	0.10888	0.01901	0.17325	0.40994	0.00658	0.01079	0.06400	0.00355	0.00499
2	0.01365	0.09998	0.02280	0.22284	0.49363	0.01461	0.01654	0.01704	0.01267	0.01735	0.01047	0.01411	0.00865	0.00532	0.00555	0.00173	0.00705	0.00495	0.00276	0.00832
3	0.01223	0.01246	0.01772	0.55570	0.03372	0.09674	0.07158	0.01621	0.03883	0.01548	0.01413	0.01798	0.05994	0.00645	0.00591	0.00189	0.00777	0.00569	0.00297	0.00659
4	0.01317	0.01100	0.01266	0.00914	0.01425	0.00889	0.00735	0.09504	0.01375	0.02091	0.01074	0.01227	0.00875	0.00460	0.00447	0.00096	0.00454	0.00364	0.00371	0.74014
5	0.01385	0.01295	0.02139	0.03147	0.63096	0.01308	0.01638	0.01803	0.05930	0.01916	0.01391	0.02046	0.01240	0.00654	0.00602	0.00185	0.00659	0.08355	0.00334	0.00879
6	0.01010	0.00505	0.00758	0.00758	0.00758	0.00505	0.00505	0.00758	0.00758	0.01010	0.01010	0.01768	0.01010	0.02020	0.02273	0.83081	0.00505	0.00505	0.00253	0.00253
7	0.01206	0.01034	0.01206	0.00861	0.01378	0.00775	0.00689	0.01464	0.01206	0.01895	0.01034	0.01206	0.00861	0.00431	0.00431	0.00086	0.00431	0.00345	0.00345	0.83118
8	0.01335	0.01275	0.02172	0.26343	0.53976	0.01354	0.01733	0.01693	0.01275	0.01773	0.01075	0.01473	0.00877	0.00537	0.00577	0.00179	0.00717	0.00518	0.00279	0.00837
9	0.01098	0.01034	0.01744	0.78165	0.04005	0.01292	0.01615	0.01486	0.01163	0.01486	0.01034	0.01550	0.00775	0.00581	0.00581	0.00194	0.00775	0.00517	0.00258	0.00646
10	0.00721	0.00516	0.00686	0.00801	0.00846	0.00481	0.00541	0.00842	0.01172	0.01578	0.11233	0.70888	0.04028	0.01752	0.00736	0.00230	0.00330	0.01586	0.00551	0.00481
11	0.04692	0.00859	0.01088	0.01111	0.09369	0.00813	0.04169	0.07040	0.01448	0.08494	0.04958	0.03715	0.39275	0.01065	0.00614	0.00183	0.00420	0.00897	0.09141	0.00648
12	0.00962	0.00756	0.01091	0.04191	0.11250	0.00747	0.00950	0.01233	0.01385	0.01842	0.16388	0.05168	0.11338	0.01330	0.00730	0.00229	0.00491	0.38820	0.00512	0.00589
13	0.01603	0.01204	0.01302	0.01140	0.01480	0.01352	0.00895	0.07423	0.58013	0.10687	0.02271	0.02100	0.01672	0.00769	0.00580	0.00190	0.00465	0.00634	0.05310	0.00911
14	0.01863	0.01382	0.01836	0.09906	0.02109	0.01445	0.11020	0.34029	0.07487	0.12340	0.01478	0.01551	0.01055	0.00639	0.00582	0.00173	0.00648	0.00545	0.00501	0.09414
15	0.01603	0.10382	0.02263	0.04882	0.49457	0.18103	0.01548	0.01889	0.01375	0.01725	0.01018	0.01301	0.00860	0.00535	0.00542	0.00163	0.00764	0.00464	0.00285	0.00840
16	0.01373	0.01569	0.03431	0.02451	0.03039	0.01471	0.73824	0.01863	0.01373	0.01863	0.01176	0.01569	0.00882	0.00490	0.00686	0.00196	0.00980	0.00686	0.00294	0.00784
17	0.01739	0.02087	0.04269	0.09464	0.01987	0.42880	0.04590	0.02187	0.12801	0.01692	0.07055	0.01572	0.01290	0.00680	0.00607	0.00171	0.03348	0.00507	0.00363	0.00710
18	0.00846	0.00564	0.00634	0.00634	0.00634	0.00564	0.00352	0.00846	0.00846	0.01128	0.01832	0.03805	0.02114	0.79563	0.02960	0.00564	0.00564	0.00846	0.00352	0.00352
19	0.01557	0.66910	0.04298	0.01047	0.01526	0.04830	0.01015	0.01913	0.09369	0.01498	0.00989	0.01080	0.00860	0.00535	0.00406	0.00135	0.00624	0.00354	0.00289	0.00765
20	0.01295	0.01513	0.15417	0.09319	0.20989	0.01179	0.01357	0.05590	0.06791	0.01965	0.01400	0.01594	0.04472	0.00581	0.00537	0.00155	0.00617	0.00496	0.00344	0.24388
21	0.01446	0.09969	0.01744	0.01278	0.01591	0.07320	0.10442	0.02083	0.21494	0.08054	0.17832	0.02233	0.02145	0.00809	0.00733	0.00187	0.08741	0.00666	0.00477	0.00758
22	0.35697	0.01271	0.01250	0.01015	0.01398	0.01402	0.00824	0.31082	0.01756	0.10547	0.01282	0.01461	0.00976	0.06864	0.00679	0.00208	0.00541	0.00469	0.00487	0.00791
23	0.00846	0.00564	0.00634	0.00634	0.00634	0.00564	0.00352	0.00846	0.00846	0.01128	0.01832	0.03805	0.02114	0.79563	0.02960	0.00564	0.00564	0.00846	0.00352	0.00352
24	0.00831	0.00623	0.00935	0.00935	0.01038	0.00727	0.00727	0.01038	0.00935	0.01350	0.01558	0.02285	0.01454	0.04361	0.77259	0.00935	0.01558	0.00623	0.00312	0.00519
25	0.00925	0.00634	0.00707	0.00664	0.00878	0.00542	0.00507	0.01103	0.01420	0.09995	0.17935	0.04972	0.54940	0.01339	0.00676	0.00192	0.00313	0.01125	0.00578	0.00557
26	0.00714	0.00555	0.00650	0.00701	0.00821	0.00491	0.00497	0.00858	0.01277	0.01634	0.13884	0.36672	0.36001	0.01584	0.00710	0.00211	0.00310	0.01385	0.00553	0.00491
27	0.01266	0.01082	0.01082	0.00957	0.01193	0.09354	0.00739	0.13965	0.09491	0.02411	0.41378	0.03342	0.09344	0.01020	0.00640	0.00180	0.00444	0.00858	0.00579	0.00673
28	0.00940	0.00769	0.01083	0.01022	0.01082	0.00951	0.00789	0.01090	0.00908	0.01321	0.01417	0.02320	0.01409	0.17384	0.45435	0.00702	0.19919	0.00636	0.00305	0.00517
29	0.01207	0.11075	0.68840	0.01588	0.02409	0.01450	0.02028	0.01831	0.01223	0.01792	0.01019	0.01197	0.00738	0.00547	0.00534	0.00178	0.00835	0.00417	0.00246	0.00848
30	0.30412	0.01170	0.01389	0.28359	0.02311	0.01342	0.01092	0.15047	0.01447	0.10578	0.01162	0.01357	0.00837	0.00604	0.00504	0.00184	0.00605	0.00455	0.00405	0.00741
31	0.01986	0.02218	0.01860	0.01559	0.01902	0.44135	0.09181	0.16621	0.05252	0.01968	0.01088	0.01247	0.00862	0.00649	0.00666	0.00170	0.07049	0.00463	0.00366	0.00758
32	0.01469	0.01539	0.02449	0.11258	0.43842	0.09799	0.17508	0.01829	0.01353	0.01794	0.01084	0.01437	0.00878	0.00528	0.00595	0.00178	0.00803	0.00539	0.00287	0.00834
33	0.01720	0.01285	0.01888	0.10081	0.33396	0.01353	0.01387	0.11529	0.09253	0.16252	0.01473	0.01616	0.01096	0.00639	0.00644	0.00183	0.04325	0.00546	0.00436	0.00901
34	0.00827	0.00540	0.00737	0.00800	0.00857	0.00526	0.00566	0.00849	0.01026	0.01353	0.02657	0.33735	0.10934	0.02109	0.09686	0.25416	0.00532	0.06005	0.00427	0.00417
35	0.01686	0.01771	0.02479	0.01882	0.02342	0.18116	0.36400	0.17461	0.01692	0.02115	0.01193	0.01474	0.00921	0.00865	0.06676	0.00240	0.00968	0.00578	0.00359	0.00783
36	0.01089	0.01010	0.01237	0.01287	0.07093	0.08960	0.00923	0.01277	0.01057	0.01440	0.01499	0.10430	0.01480	0.02719	0.39844	0.00579	0.15006	0.00681	0.01807	0.00583
37	0.00969	0.00598	0.00720	0.00726	0.00825	0.00554	0.00486	0.01058	0.01123	0.09679	0.04447	0.27260	0.16170	0.30937	0.01550	0.00345	0.00431	0.01141	0.00491	0.00489
38	0.00846	0.00627	0.00858	0.01019	0.03839	0.00605	0.00771	0.01042	0.01253	0.01634	0.03342	0.33117	0.10925	0.01631	0.00760	0.00245	0.00443	0.35992	0.00528	0.00522
39	0.00751	0.00536	0.00723	0.00858	0.00910	0.00509	0.00613	0.00882	0.01155	0.01532	0.03182	0.65829	0.03754	0.01782	0.00753	0.00242	0.00374	0.14593	0.00539	0.00484
40	0.14046	0.00804	0.00814	0.00768	0.00983	0.00826	0.00584	0.04098	0.11449	0.01975	0.10343	0.03809	0.28569	0.11382	0.00912	0.00241	0.00399	0.04266	0.03149	0.00582
41	0.16817	0.01155	0.01208	0.01011	0.01359	0.01251	0.00812	0.23669	0.14203	0.12663	0.01877	0.05458	0.03829	0.00764	0.00531	0.00179	0.00481	0.00596	0.11324	0.00812
42	0.00816	0.00644	0.00752	0.00802	0.00945	0.00616	0.00599	0.01133	0.09415	0.01679	0.06088	0.31418	0.30354	0.01531	0.00712	0.00220	0.00360	0.10829	0.00548	0.00540
43	0.00703	0.00578	0.00621	0.00653	0.00816	0.00496	0.00483	0.00848	0.01287	0.01563	0.05264	0.19174	0.59052	0.01543	0.00703	0.00207	0.00314	0.04666	0.00540	0.00490
44	0.01663	0.00989	0.01175	0.00997	0.01281	0.01001	0.00776	0.22476	0.04361	0.20361	0.12450	0.17221	0.02403	0.06494	0.00789	0.00216	0.00472	0.00859	0.03250	0.00766
45	0.15525	0.00926	0.00984	0.00843	0.01139	0.00931	0.00671	0.14752	0.01634	0.12075	0.17343	0.03305	0.25603	0.01016	0.00598	0.00185	0.00407	0.00822	0.00560	0.00683
46	0.00800	0.00594	0.00745	0.00707	0.00854	0.00539	0.00530	0.01052	0.01591	0.02201	0.63629	0.04559	0.17569	0.01238	0.00686	0.00185	0.00278	0.01082	0.00623	0.00539
47	0.00747	0.00533	0.00685	0.00763	0.00818	0.00499	0.00513	0.00868	0.01183	0.01596	0.16439	0.52519	0.06618	0.12145	0.01028	0.00269	0.00355	0.01418	0.00533	0.00471
48	0.01489	0.00782	0.00920	0.00794	0.01077	0.00706	0.00625	0.06385	0.01508	0.27031	0.03725	0.07286	0.32442	0.01081	0.00612	0.00183	0.00384	0.00895	0.11375	0.00698
49	0.04822	0.00593	0.00648	0.00661	0.00793	0.00574	0.00487	0.01120	0.01239	0.01885	0.12438	0.11583	0.15872	0.09811	0.00838	0.00222	0.00342	0.05859	0.29703	0.00509
50	0.01040	0.00546	0.00559	0.00559	0.00670	0.00546	0.00397	0.01261	0.01151	0.01977	0.01885	0.02469	0.01605	0.15183	0.00876	0.00214	0.00325	0.00598	0.67632	0.00507
51	0.00937	0.00669	0.00937	0.01071	0.01205	0.00669	0.00937	0.01205	0.01339	0.01740	0.03079	0.06560	0.03347	0.01606	0.00803	0.00268	0.00535	0.72021	0.00535	0.00535
52	0.00846	0.00564	0.00634	0.00634	0.00634	0.00564	0.00352	0.00846	0.00846	0.01128	0.01832	0.03805	0.02114	0.79563	0.02960	0.00564	0.00564	0.00846	0.00352	0.00352
53	0.01235	0.01126	0.01589	0.01135	0.01664	0.00895	0.13274	0.01533	0.01235	0.01889	0.01058	0.01268	0.00865	0.00441	0.00475	0.00105	0.00525	0.00403	0.00336	0.68951
54	0.01767	0.00827	0.01061	0.00879	0.01202	0.00732	0.00702	0.02038	0.04267	0.41516	0.19175	0.03273	0.18088	0.00985	0.00629	0.00185	0.00403	0.00826	0.00659	0.00784
55	0.01010	0.00505	0.00758	0.00758	0.00758	0.00505	0.00505	0.00758	0.00758	0.01010	0.01010	0.01768	0.01010	0.02020	0.02273	0.83081	0.00505	0.00505	0.00253	0.00253
56	0.01206	0.01034	0.01206	0.00861	0.01378	0.00775	0.00689	0.01464	0.01206	0.01895	0.01034	0.01206	0.00861	0.00431	0.00431	0.00086	0.00431	0.00345	0.00345	0.83118
57	0.00724	0.00512	0.00670	0.00790	0.00820	0.00482	0.00519	0.00814	0.01084	0.01445	0.03053	0.70828	0.03654	0.10439	0.00988	0.00272	0.00362	0.01564	0.00519	0.00459
58	0.10789	0.01141	0.01756	0.14324	0.26052	0.01166	0.04709	0.01980	0.01334	0.23175	0.01432	0.01622	0.01049	0.00855	0.05910	0.00233	0.00696	0.00530	0.00417	0.00830
59	0.00926	0.00583	0.00746	0.00806	0.00921	0.00527	0.00576	0.01057	0.01224	0.09810	0.03592	0.53647	0.16768	0.01625	0.00718	0.00224	0.00356	0.04797	0.00560	0.00536
60	0.01439	0.01382	0.02360	0.03569	0.75936	0.01382	0.01785	0.01785	0.01324	0.01900	0.01094	0.01439	0.00921	0.00518	0.00576	0.00173	0.00691	0.00518	0.00288	0.00921
61	0.00717	0.00542	0.00663	0.00734	0.00830	0.00488	0.00512	0.00855	0.01246	0.01621	0.13481	0.47694	0.25239	0.01636	0.00719	0.00217	0.00317	0.01449	0.00553	0.00488
62	0.05473	0.01157	0.01432	0.01102	0.01552	0.01112	0.00910	0.20843	0.01911	0.55208	0.02012	0.01794	0.01296	0.00708	0.00576	0.00179	0.00530	0.00559	0.00672	0.00976
63	0.00858	0.00641	0.00811	0.00845	0.00965	0.00631	0.00626	0.01214	0.09522	0.01941	0.30712	0.33047	0.05549	0.01437	0.00710	0.00214	0.00347	0.08789	0.00583	0.00558
64	0.01010	0.00505	0.00758	0.00758	0.00758	0.00505	0.00505	0.00758	0.00758	0.01010	0.01010	0.01768	0.01010	0.02020	0.02273	0.83081	0.00505	0.00505	0.00253	0.00253
65	0.00987	0.00853	0.01235	0.01145	0.01212	0.01101	0.00920	0.01167	0.00919	0.01368	0.01276	0.01925	0.01209	0.03175	0.50527	0.00693	0.28854	0.00583	0.00291	0.00561
66	0.00803	0.00589	0.00697	0.00753	0.00876	0.00539	0.00532	0.00999	0.04714	0.04202	0.04136	0.45330	0.30490	0.01604	0.00709	0.00217	0.00333	0.01409	0.00549	0.00519
67	0.02126	0.01587	0.01698	0.01321	0.01771	0.01764	0.01085	0.66137	0.10732	0.03528	0.01504	0.01482	0.01076	0.00708	0.00583	0.00177	0.00620	0.00538	0.00583	0.00981
68	0.00823	0.00594	0.00777	0.00732	0.00869	0.00549	0.00549	0.01097	0.01646	0.02332	0.75629	0.04344	0.05487	0.01189	0.00686	0.00183	0.00274	0.01052	0.00640	0.00549
69	0.04165	0.00661	0.00834	0.00758	0.00945	0.00609	0.00580	0.01306	0.01599	0.11019	0.58909	0.04030	0.10090	0.01130	0.00662	0.00183	0.00309	0.00982	0.00631	0.00599
70	0.00781	0.00537	0.00653	0.00717	0.00733	0.00521	0.00441	0.00829	0.00972	0.01296	0.02480	0.39346	0.02931	0.42908	0.01914	0.00409	0.00457	0.01226	0.00441	0.00409
71	0.00714	0.00535	0.00664	0.00755	0.00837	0.00485	0.00523	0.00839	0.01200	0.01557	0.07856	0.55383	0.21801	0.01696	0.00727	0.00224	0.00327	0.02849	0.00545	0.00482
72	0.04460	0.01392	0.01482	0.01228	0.01620	0.01563	0.00985	0.32710	0.38829	0.06474	0.01907	0.01798	0.01393	0.00740	0.00580	0.00186	0.00537	0.00587	0.00586	0.00943
73	0.00865	0.00576	0.00700	0.00736	0.00840	0.00524	0.00506	0.00981	0.01195	0.06675	0.08378	0.37888	0.21392	0.14691	0.01087	0.00274	0.00371	0.01298	0.00527	0.00498

[dist]
# distance from previous block
# <min> <max>
1	13

[block]
# block no. 3 follows, 40 sequences, length 121
# corresponding to MSA columns:
# 404-468,492-547
name=unknown_D
#
# <colnr> <probs for GDERKNQSTAVLIFYWHMCP>
#	G	D	E	R	K	N	Q	S	T	A	V	L	I	F	Y	W	H	M	C	P
0	0.01281	0.00932	0.01067	0.00983	0.01180	0.00977	0.00736	0.27408	0.01686	0.02246	0.02473	0.35193	0.05369	0.11266	0.00966	0.00255	0.00483	0.04322	0.00531	0.00648
1	0.01300	0.00793	0.00958	0.00833	0.01070	0.00755	0.00642	0.08892	0.04039	0.16229	0.33805	0.03716	0.16762	0.06610	0.00813	0.00211	0.00384	0.00914	0.00609	0.00665
2	0.00891	0.00635	0.00727	0.00733	0.00900	0.00581	0.00551	0.04314	0.01375	0.04584	0.10583	0.21979	0.36522	0.01418	0.00679	0.00203	0.00341	0.06090	0.06351	0.00540
3	0.00764	0.00584	0.00671	0.00659	0.00797	0.00523	0.00473	0.00935	0.01367	0.01790	0.31696	0.07719	0.35060	0.13192	0.01033	0.00248	0.00329	0.01119	0.00550	0.00491
4	0.00795	0.00578	0.00684	0.00674	0.00772	0.00537	0.00460	0.00941	0.01280	0.01720	0.31968	0.08966	0.19138	0.27310	0.01445	0.00315	0.00379	0.01057	0.00517	0.00467
5	0.30111	0.00761	0.00743	0.00732	0.00937	0.00787	0.00554	0.01195	0.01227	0.02082	0.18402	0.20512	0.17651	0.01161	0.00584	0.00197	0.00355	0.00964	0.00498	0.00548
6	0.01098	0.01034	0.01744	0.78165	0.04005	0.01292	0.01615	0.01486	0.01163	0.01486	0.01034	0.01550	0.00775	0.00581	0.00581	0.00194	0.00775	0.00517	0.00258	0.00646
7	0.00708	0.00509	0.00671	0.00801	0.00841	0.00473	0.00536	0.00811	0.01122	0.01488	0.03309	0.76340	0.06623	0.01808	0.00740	0.00235	0.00336	0.01637	0.00540	0.00473
8	0.00782	0.00584	0.00678	0.00661	0.00807	0.00525	0.00484	0.00980	0.01420	0.01908	0.36719	0.07064	0.32128	0.07423	0.00852	0.00217	0.00307	0.01096	0.04856	0.00508
9	0.01269	0.00701	0.00907	0.00874	0.01058	0.00653	0.00646	0.01540	0.06609	0.21024	0.14010	0.39647	0.05988	0.01354	0.00680	0.00209	0.00376	0.01199	0.00605	0.00650
10	0.00845	0.00566	0.00645	0.00645	0.00649	0.00570	0.00366	0.00853	0.00849	0.01136	0.01822	0.03749	0.02090	0.76777	0.05713	0.00578	0.00601	0.00837	0.00351	0.00359
11	0.01030	0.00639	0.00784	0.00740	0.00930	0.00564	0.00557	0.01227	0.01459	0.13140	0.29789	0.15685	0.28629	0.01310	0.00680	0.00195	0.00324	0.01132	0.00603	0.00584
12	0.06726	0.00618	0.00708	0.00705	0.00781	0.00621	0.00461	0.01021	0.01013	0.04259	0.06855	0.13679	0.05713	0.44266	0.07294	0.00450	0.00553	0.00913	0.02915	0.00448
13	0.00823	0.00557	0.00656	0.00688	0.00701	0.00551	0.00416	0.00855	0.00921	0.01225	0.02158	0.18704	0.02510	0.60784	0.02427	0.00486	0.00518	0.04239	0.00397	0.00384
14	0.01010	0.00505	0.00758	0.00758	0.00758	0.00505	0.00505	0.00758	0.00758	0.01010	0.01010	0.01768	0.01010	0.02020	0.02273	0.83081	0.00505	0.00505	0.00253	0.00253
15	0.00846	0.00564	0.00634	0.00634	0.00634	0.00564	0.00352	0.00846	0.00846	0.01128	0.01832	0.03805	0.02114	0.79563	0.02960	0.00564	0.00564	0.00846	0.00352	0.00352
16	0.04119	0.00584	0.00635	0.00629	0.00676	0.00588	0.00386	0.00989	0.00971	0.01454	0.06529	0.03427	0.02158	0.56956	0.02243	0.00446	0.00487	0.00782	0.15531	0.00411
17	0.78366	0.01091	0.00850	0.00763	0.01108	0.01256	0.00625	0.01670	0.01032	0.02591	0.05600	0.01162	0.00941	0.00581	0.00381	0.00180	0.00439	0.00362	0.00378	0.00625
18	0.00835	0.00620	0.00805	0.06175	0.01035	0.00631	0.00580	0.01002	0.01188	0.01618	0.25112	0.03750	0.11534	0.27092	0.15123	0.00443	0.00635	0.00891	0.00450	0.00480
19	0.01500	0.61984	0.07817	0.01279	0.01815	0.02102	0.13158	0.01768	0.01216	0.01481	0.00885	0.01057	0.00768	0.00500	0.00437	0.00140	0.00697	0.00381	0.00256	0.00760
20	0.00829	0.00588	0.00746	0.00744	0.00799	0.00618	0.00501	0.00924	0.00938	0.01281	0.04724	0.03387	0.06666	0.44400	0.29710	0.00661	0.00897	0.00797	0.00360	0.00429
21	0.01010	0.00505	0.00758	0.00758	0.00758	0.00505	0.00505	0.00758	0.00758	0.01010	0.01010	0.01768	0.01010	0.02020	0.02273	0.83081	0.00505	0.00505	0.00253	0.00253
22	0.00722	0.00558	0.00632	0.00676	0.00787	0.00497	0.00467	0.00838	0.01199	0.01509	0.07130	0.30218	0.38273	0.12567	0.01026	0.00261	0.00346	0.01311	0.00517	0.00467
23	0.00792	0.00541	0.00650	0.00702	0.00715	0.00528	0.00425	0.00832	0.00949	0.01266	0.02365	0.33032	0.02786	0.49420	0.02100	0.00437	0.00476	0.01159	0.00425	0.00399
24	0.01206	0.01034	0.01206	0.00861	0.01378	0.00775	0.00689	0.01464	0.01206	0.01895	0.01034	0.01206	0.00861	0.00431	0.00431	0.00086	0.00431	0.00345	0.00345	0.83118
25	0.02172	0.02772	0.01648	0.01498	0.01798	0.77228	0.01124	0.02322	0.01648	0.01423	0.00899	0.01049	0.00749	0.00599	0.00524	0.00150	0.01049	0.00375	0.00300	0.00674
26	0.00723	0.00517	0.00692	0.00826	0.00867	0.00485	0.00565	0.00835	0.01128	0.01501	0.03197	0.74534	0.03814	0.01808	0.00746	0.00238	0.00350	0.06159	0.00540	0.00476
27	0.00840	0.00562	0.00636	0.00641	0.00642	0.00560	0.00360	0.00844	0.00856	0.01141	0.01886	0.06746	0.02182	0.76531	0.02873	0.00551	0.00555	0.00877	0.00360	0.00357
28	0.01697	0.62168	0.02725	0.01111	0.01563	0.19536	0.01025	0.01875	0.01289	0.01381	0.00829	0.00959	0.00747	0.00521	0.00408	0.00130	0.00720	0.00326	0.00260	0.00730
29	0.01166	0.03008	0.76550	0.01657	0.02517	0.01351	0.02149	0.01842	0.01228	0.01842	0.01044	0.01228	0.00737	0.00552	0.00552	0.00184	0.00859	0.00430	0.00246	0.00859
30	0.01376	0.44519	0.36876	0.01300	0.01964	0.01864	0.01526	0.01787	0.01203	0.01586	0.00917	0.01069	0.00742	0.00523	0.00456	0.00152	0.00731	0.00366	0.00247	0.00798
31	0.01384	0.00732	0.00910	0.05705	0.01194	0.00726	0.00667	0.01730	0.07767	0.19515	0.02303	0.21274	0.02045	0.00976	0.00560	0.00180	0.00389	0.00838	0.30435	0.00670
32	0.54083	0.01579	0.01155	0.01011	0.01370	0.19390	0.00807	0.10943	0.01365	0.02460	0.00905	0.01026	0.00703	0.00574	0.00427	0.00172	0.00616	0.00355	0.00373	0.00685
33	0.00792	0.00592	0.00727	0.00694	0.00840	0.00536	0.00516	0.01026	0.01540	0.02107	0.56329	0.04621	0.22040	0.04160	0.00770	0.00200	0.00290	0.01086	0.00606	0.00528
34	0.00756	0.00592	0.00685	0.00661	0.00828	0.00520	0.00496	0.00968	0.01488	0.01957	0.41247	0.04961	0.40103	0.01329	0.00687	0.00190	0.00284	0.01138	0.00591	0.00520
35	0.01359	0.41168	0.40078	0.01329	0.02009	0.01822	0.01576	0.01792	0.01205	0.01607	0.00927	0.01081	0.00741	0.00525	0.00463	0.00154	0.00742	0.00371	0.00247	0.00803
36	0.02211	0.01629	0.01745	0.01338	0.01803	0.01803	0.01105	0.73997	0.02734	0.03665	0.01396	0.01396	0.00989	0.00698	0.00582	0.00175	0.00640	0.00524	0.00582	0.00989
37	0.00846	0.00564	0.00634	0.00634	0.00634	0.00564	0.00352	0.00846	0.00846	0.01128	0.01832	0.03805	0.02114	0.79563	0.02960	0.00564	0.00564	0.00846	0.00352	0.00352
38	0.01183	0.01106	0.01792	0.06913	0.26759	0.01124	0.11390	0.01673	0.12028	0.01821	0.02172	0.15500	0.09396	0.01017	0.03289	0.00221	0.00630	0.00837	0.00402	0.00748
39	0.01206	0.01034	0.01206	0.00861	0.01378	0.00775	0.00689	0.01464	0.01206	0.01895	0.01034	0.01206	0.00861	0.00431	0.00431	0.00086	0.00431	0.00345	0.00345	0.83118
40	0.00785	0.00526	0.00691	0.00763	0.00807	0.00497	0.00510	0.00838	0.01096	0.01467	0.10932	0.46292	0.06873	0.10099	0.01225	0.14016	0.00380	0.01288	0.00483	0.00432
41	0.01047	0.00977	0.01433	0.01260	0.01398	0.03824	0.09055	0.01251	0.01047	0.01459	0.01730	0.07621	0.06629	0.02411	0.32261	0.00517	0.22666	0.02501	0.00331	0.00582
42	0.01961	0.04720	0.14308	0.01453	0.01985	0.04668	0.05693	0.52236	0.02303	0.03083	0.01284	0.01348	0.00922	0.00650	0.00573	0.00175	0.00712	0.00504	0.00485	0.00934
43	0.00960	0.00553	0.00759	0.00757	0.00822	0.00535	0.00527	0.00906	0.01000	0.04077	0.09166	0.10899	0.10847	0.05494	0.07016	0.43607	0.00516	0.00795	0.00381	0.00384
44	0.01095	0.01243	0.14515	0.01393	0.11401	0.00960	0.02902	0.01522	0.07526	0.04631	0.14301	0.10544	0.14288	0.01118	0.03450	0.00220	0.04217	0.00842	0.03142	0.00693
45	0.01020	0.00905	0.01529	0.28613	0.09175	0.01040	0.06289	0.01324	0.01082	0.01485	0.01302	0.01896	0.01124	0.02395	0.37621	0.00550	0.01160	0.00580	0.00289	0.00620
46	0.06570	0.01138	0.01687	0.60456	0.03455	0.01378	0.01467	0.13537	0.01413	0.01919	0.01079	0.01486	0.00801	0.00598	0.00567	0.00190	0.00732	0.00505	0.00319	0.00702
47	0.10854	0.10486	0.07989	0.01563	0.07722	0.33978	0.07471	0.02021	0.04297	0.01758	0.05773	0.01371	0.01103	0.00607	0.00523	0.00163	0.00814	0.00459	0.00328	0.00723
48	0.01508	0.74836	0.02912	0.00991	0.01463	0.02200	0.00978	0.01696	0.01166	0.01367	0.00856	0.01019	0.00792	0.00745	0.05296	0.00176	0.00682	0.00331	0.00253	0.00732
49	0.01731	0.31939	0.02097	0.01161	0.01582	0.08126	0.00999	0.15893	0.24193	0.04584	0.01455	0.01445	0.01131	0.00641	0.00499	0.00160	0.00607	0.00472	0.00437	0.00848
50	0.01032	0.00607	0.00825	0.00814	0.00869	0.00631	0.00565	0.01070	0.10219	0.01247	0.01493	0.05506	0.04166	0.01922	0.04754	0.62459	0.00523	0.00609	0.00322	0.00367
51	0.01123	0.00711	0.00871	0.00822	0.00973	0.00702	0.00584	0.01411	0.09222	0.11497	0.08916	0.16076	0.06173	0.26059	0.09186	0.00387	0.00562	0.00926	0.00490	0.03308
52	0.00878	0.00632	0.00852	0.00971	0.01073	0.00628	0.00783	0.01126	0.03684	0.01652	0.03030	0.28902	0.03387	0.05661	0.00888	0.00271	0.00473	0.44060	0.00529	0.00519
53	0.00808	0.00572	0.00722	0.00756	0.00831	0.00545	0.00530	0.00956	0.01243	0.01689	0.26196	0.23440	0.06545	0.23197	0.01345	0.00312	0.00400	0.08923	0.00519	0.00471
54	0.04681	0.00833	0.00981	0.00828	0.01113	0.00780	0.00648	0.08066	0.01530	0.27750	0.09857	0.03173	0.19836	0.08005	0.00805	0.00214	0.00420	0.00788	0.08982	0.00711
55	0.01813	0.00790	0.00993	0.00823	0.01134	0.00700	0.00659	0.02041	0.01501	0.41333	0.07906	0.02740	0.12972	0.00856	0.00563	0.00172	0.00393	0.00704	0.21136	0.00772
56	0.01098	0.01034	0.01744	0.78165	0.04005	0.01292	0.01615	0.01486	0.01163	0.01486	0.01034	0.01550	0.00775	0.00581	0.00581	0.00194	0.00775	0.00517	0.00258	0.00646
57	0.01044	0.00663	0.00857	0.00859	0.01040	0.00612	0.00697	0.01275	0.01450	0.10860	0.23574	0.08492	0.19139	0.01366	0.00717	0.00217	0.00398	0.25572	0.00588	0.00582
58	0.00837	0.00554	0.00647	0.00668	0.00697	0.00544	0.00409	0.00901	0.00996	0.01382	0.08710	0.17682	0.02689	0.52033	0.02148	0.00436	0.00473	0.00990	0.06796	0.00407
59	0.01323	0.00830	0.00880	0.00810	0.01037	0.00892	0.00625	0.02089	0.27999	0.07489	0.02096	0.02155	0.01590	0.00721	0.00486	0.00161	0.00355	0.00587	0.47162	0.00711
60	0.02551	0.01083	0.01407	0.01079	0.01531	0.00993	0.00891	0.13233	0.01821	0.65718	0.02163	0.01894	0.01374	0.00717	0.00584	0.00179	0.00516	0.00576	0.00700	0.00990
61	0.00742	0.00587	0.00668	0.00657	0.00822	0.00513	0.00489	0.00938	0.01442	0.01870	0.33523	0.08907	0.44020	0.01378	0.00690	0.00193	0.00289	0.01179	0.00580	0.00513
62	0.00733	0.00518	0.00672	0.00781	0.00813	0.00489	0.00512	0.00825	0.01090	0.01458	0.05364	0.65334	0.03638	0.13562	0.01076	0.00284	0.00370	0.01511	0.00515	0.00457
63	0.00895	0.00695	0.00834	0.00879	0.01002	0.00712	0.00626	0.01382	0.18625	0.01807	0.11176	0.49314	0.06804	0.01491	0.00698	0.00219	0.00357	0.01332	0.00563	0.00588
64	0.07476	0.01077	0.01356	0.01057	0.01496	0.01013	0.00870	0.09801	0.06372	0.59953	0.02119	0.01870	0.01367	0.00711	0.00571	0.00181	0.00504	0.00567	0.00676	0.00963
65	0.27482	0.00854	0.00869	0.00762	0.01065	0.00840	0.00608	0.01607	0.01326	0.19644	0.09226	0.03161	0.28483	0.00975	0.00559	0.00186	0.00390	0.00771	0.00534	0.00658
66	0.25447	0.01276	0.01329	0.01079	0.01488	0.01385	0.00881	0.25300	0.13968	0.19780	0.01595	0.01529	0.01120	0.00673	0.00521	0.00181	0.00523	0.00500	0.00552	0.00875
67	0.00741	0.00595	0.00650	0.00663	0.00816	0.00529	0.00479	0.00931	0.03574	0.01638	0.12962	0.17437	0.48331	0.06979	0.00853	0.00227	0.00323	0.01234	0.00540	0.00498
68	0.01151	0.01123	0.01475	0.01301	0.01428	0.08829	0.06603	0.01349	0.01026	0.01413	0.01204	0.01776	0.01114	0.02597	0.39139	0.00578	0.26444	0.00566	0.00290	0.00593
69	0.01346	0.01818	0.18074	0.02554	0.20169	0.01425	0.42189	0.01840	0.01332	0.01867	0.01130	0.01469	0.00862	0.00509	0.00633	0.00188	0.00887	0.00594	0.00283	0.00832
70	0.00709	0.00506	0.00675	0.00810	0.00843	0.00472	0.00540	0.00810	0.01113	0.01484	0.03205	0.79184	0.03846	0.01822	0.00742	0.00236	0.00337	0.01653	0.00540	0.00472
71	0.43772	0.01311	0.01290	0.08780	0.01678	0.01497	0.00913	0.29715	0.01683	0.02905	0.01060	0.01181	0.00784	0.00605	0.00468	0.00179	0.00556	0.00416	0.00436	0.00771
72	0.01375	0.01766	0.19902	0.03117	0.58576	0.01374	0.01871	0.01798	0.01301	0.01886	0.01082	0.01389	0.00878	0.00526	0.00570	0.00175	0.00731	0.00497	0.00278	0.00907
73	0.01446	0.01249	0.01315	0.01183	0.01512	0.01446	0.00920	0.03090	0.74885	0.02433	0.02367	0.02170	0.01775	0.00789	0.00592	0.00197	0.00460	0.00657	0.00592	0.00920
74	0.01272	0.01272	0.01781	0.01527	0.01527	0.01781	0.01272	0.01399	0.00891	0.01399	0.00763	0.01272	0.00763	0.01018	0.01908	0.00254	0.78499	0.00509	0.00254	0.00636
75	0.01923	0.16040	0.01893	0.01241	0.01683	0.01818	0.01045	0.45246	0.18089	0.02973	0.01498	0.01478	0.01114	0.00681	0.00545	0.00170	0.00598	0.00513	0.00522	0.00929
76	0.01084	0.00712	0.00844	0.00764	0.01018	0.00599	0.00585	0.01266	0.01341	0.12975	0.08453	0.16961	0.32844	0.01232	0.00642	0.00184	0.00361	0.03307	0.00541	0.14284
77	0.02178	0.01465	0.02819	0.03833	0.09891	0.04881	0.01136	0.37718	0.03333	0.24363	0.01601	0.01569	0.01104	0.00676	0.00579	0.00176	0.00626	0.00535	0.00562	0.00954
78	0.01664	0.66918	0.02831	0.01052	0.01544	0.02218	0.01013	0.13736	0.01439	0.01749	0.00906	0.01010	0.00787	0.00531	0.00408	0.00133	0.00625	0.00346	0.00304	0.00787
79	0.00754	0.00592	0.00681	0.00659	0.00826	0.00519	0.00494	0.00963	0.01482	0.01944	0.40044	0.04983	0.41314	0.01334	0.00687	0.00190	0.00285	0.01141	0.00589	0.00519
80	0.30035	0.01140	0.01484	0.16554	0.05500	0.01248	0.07524	0.04541	0.06452	0.14493	0.01312	0.01480	0.00961	0.00769	0.04000	0.00219	0.00639	0.00488	0.00412	0.00749
81	0.01798	0.11631	0.07295	0.06538	0.05415	0.43179	0.07639	0.02042	0.01445	0.01509	0.00932	0.01157	0.00770	0.00596	0.00616	0.00164	0.05857	0.00422	0.00283	0.00713
82	0.00970	0.00594	0.00685	0.00662	0.00694	0.00584	0.00388	0.00986	0.00903	0.06426	0.01865	0.03677	0.02067	0.74009	0.02793	0.00537	0.00559	0.00827	0.00378	0.00397
83	0.08267	0.01011	0.01313	0.01022	0.01460	0.00913	0.00842	0.02766	0.04945	0.67785	0.02193	0.01915	0.01398	0.00710	0.00569	0.00181	0.00490	0.00569	0.00689	0.00961
84	0.01323	0.01213	0.01827	0.19173	0.34430	0.01321	0.01424	0.02027	0.21424	0.01985	0.06679	0.01868	0.01444	0.00653	0.00589	0.00185	0.00617	0.00594	0.00389	0.00834
85	0.07170	0.01537	0.03250	0.02332	0.02904	0.01459	0.68667	0.01852	0.01346	0.01915	0.01151	0.01525	0.00865	0.00494	0.00663	0.00195	0.00943	0.00660	0.00299	0.00773
86	0.02239	0.01584	0.01717	0.01317	0.01781	0.01737	0.01088	0.68983	0.02659	0.08785	0.01459	0.01437	0.01021	0.00700	0.00582	0.00175	0.00630	0.00528	0.00591	0.00989
87	0.00845	0.00568	0.00658	0.00658	0.00666	0.00576	0.00381	0.00861	0.00853	0.01145	0.01811	0.03688	0.02063	0.73741	0.08712	0.00592	0.00641	0.00828	0.00349	0.00365
88	0.00721	0.00564	0.00659	0.00726	0.00851	0.00501	0.00531	0.00862	0.01242	0.01553	0.04529	0.35256	0.39549	0.01626	0.00721	0.00220	0.00336	0.08526	0.00539	0.00488
89	0.01555	0.79913	0.03047	0.00995	0.01493	0.02301	0.00995	0.01741	0.01182	0.01368	0.00808	0.00933	0.00746	0.00498	0.00373	0.00124	0.00622	0.00311	0.00249	0.00746
