[name]
unknown

[dist]
# distance from previous block
# <min> <max>
0	26

[block]
# block no. 0 follows, 32 sequences, length 9
# corresponding to MSA columns:
# 435-443
name=unknown_A
#
# <colnr> <probs for GDERKNQSTAVLIFYWHMCP>
#	G	D	E	R	K	N	Q	S	T	A	V	L	I	F	Y	W	H	M	C	P
0	0.32321	0.01058	0.01152	0.01090	0.01427	0.01103	0.00923	0.02038	0.01474	0.18337	0.02341	0.03884	0.02159	0.01149	0.00673	0.00247	0.00569	0.26686	0.00588	0.00778
1	0.00808	0.00621	0.00740	0.00835	0.00947	0.00553	0.00579	0.00945	0.01380	0.01752	0.04906	0.48883	0.30756	0.01945	0.00832	0.00255	0.00370	0.01716	0.00623	0.00553
2	0.01668	0.01252	0.01732	0.01472	0.01604	0.01570	0.01211	0.01869	0.01371	0.15678	0.15062	0.02318	0.02095	0.01146	0.01629	0.00261	0.46057	0.00726	0.00485	0.00794
3	0.01137	0.00662	0.00802	0.00802	0.00944	0.00709	0.00613	0.01421	0.01279	0.02134	0.02036	0.02554	0.01703	0.02439	0.29036	0.00516	0.00891	0.00662	0.49046	0.00615
4	0.00796	0.00669	0.00691	0.00710	0.00914	0.00564	0.00523	0.00960	0.01501	0.01801	0.06435	0.14589	0.64063	0.01746	0.00800	0.00232	0.00346	0.01474	0.00623	0.00564
5	0.01848	0.02179	0.01464	0.01419	0.01645	0.45202	0.01034	0.01999	0.01661	0.01670	0.02074	0.30354	0.02257	0.01241	0.00703	0.00212	0.00890	0.01007	0.00454	0.00687
6	0.02251	0.01589	0.01740	0.01418	0.01887	0.01749	0.01144	0.32605	0.31201	0.13654	0.02228	0.02081	0.01594	0.00853	0.00677	0.00213	0.00628	0.00679	0.00699	0.01108
7	0.01152	0.00965	0.01041	0.01015	0.01267	0.01002	0.00770	0.01992	0.28575	0.02193	0.04544	0.16592	0.30259	0.01466	0.00767	0.00238	0.00436	0.04320	0.00646	0.00758
8	0.00879	0.00610	0.00760	0.00855	0.00879	0.00586	0.00539	0.00950	0.01164	0.01552	0.03081	0.48077	0.03659	0.31069	0.01854	0.00420	0.00491	0.01544	0.00539	0.00491

[dist]
# distance from previous block
# <min> <max>
0	25

[block]
# block no. 1 follows, 32 sequences, length 28
# corresponding to MSA columns:
# 469-496
name=unknown_B
#
# <colnr> <probs for GDERKNQSTAVLIFYWHMCP>
#	G	D	E	R	K	N	Q	S	T	A	V	L	I	F	Y	W	H	M	C	P
0	0.01584	0.01810	0.03959	0.02828	0.03507	0.01697	0.69796	0.02149	0.01584	0.02149	0.01357	0.01810	0.01018	0.00566	0.00792	0.00226	0.01131	0.00792	0.00339	0.00905
1	0.81159	0.01298	0.00986	0.00882	0.01298	0.01505	0.00727	0.01972	0.01142	0.03010	0.00934	0.01090	0.00727	0.00623	0.00415	0.00208	0.00519	0.00363	0.00415	0.00727
2	0.01391	0.01193	0.01391	0.00994	0.01590	0.00894	0.00795	0.01690	0.01391	0.02186	0.01193	0.01391	0.00994	0.00497	0.00497	0.00099	0.00497	0.00398	0.00398	0.80521
3	0.01056	0.00847	0.01184	0.01115	0.01207	0.01003	0.00862	0.01268	0.01244	0.01798	0.17681	0.03160	0.02677	0.11762	0.35189	0.00680	0.15381	0.00837	0.00439	0.00610
4	0.00960	0.00706	0.01011	0.01005	0.01114	0.00790	0.00758	0.01177	0.01160	0.01655	0.09993	0.03145	0.02320	0.14063	0.55952	0.00921	0.01473	0.00810	0.00410	0.00578
5	0.02257	0.30666	0.02578	0.01410	0.01943	0.09107	0.01229	0.37600	0.02351	0.02970	0.01297	0.01368	0.01008	0.00706	0.00573	0.00177	0.00775	0.00494	0.00493	0.00999
6	0.01346	0.03471	0.72942	0.01912	0.02904	0.01558	0.02479	0.02125	0.01417	0.02125	0.01204	0.01417	0.00850	0.00637	0.00637	0.00212	0.00992	0.00496	0.00283	0.00992
7	0.01844	0.40715	0.02516	0.01214	0.01687	0.01989	0.01099	0.02460	0.17384	0.11331	0.01876	0.02318	0.01588	0.00834	0.00578	0.00190	0.00644	0.08329	0.00488	0.00916
8	0.01163	0.01403	0.17402	0.01127	0.01475	0.00961	0.01058	0.01672	0.08943	0.04050	0.25987	0.07153	0.06884	0.16315	0.01273	0.00305	0.00572	0.00982	0.00553	0.00721
9	0.00885	0.00633	0.00854	0.00998	0.01070	0.00602	0.00728	0.01056	0.01377	0.01833	0.07356	0.56498	0.04409	0.02006	0.00869	0.00278	0.00438	0.16916	0.00628	0.00566
10	0.02667	0.01375	0.01643	0.01274	0.01765	0.01371	0.01048	0.28626	0.02344	0.39844	0.02207	0.02047	0.01468	0.00816	0.00654	0.00200	0.00610	0.00643	0.08305	0.01093
11	0.01989	0.02014	0.06596	0.02749	0.33360	0.15190	0.03647	0.11227	0.08243	0.06262	0.01476	0.01671	0.01145	0.00686	0.00658	0.00199	0.00852	0.00586	0.00436	0.01015
12	0.00793	0.00680	0.00680	0.00680	0.00906	0.00566	0.00510	0.00963	0.01529	0.01813	0.06797	0.06457	0.71961	0.01699	0.00793	0.00227	0.00340	0.01416	0.00623	0.00566
13	0.61714	0.01259	0.01128	0.00960	0.01401	0.01376	0.00791	0.02295	0.01336	0.20350	0.01360	0.01387	0.00959	0.00675	0.00480	0.00208	0.00532	0.00441	0.00519	0.00830
14	0.01304	0.01193	0.01910	0.21734	0.20282	0.01408	0.01528	0.01625	0.01255	0.01771	0.01347	0.01967	0.01179	0.02094	0.23689	0.00495	0.13481	0.00633	0.00325	0.00779
15	0.01388	0.10412	0.66372	0.01840	0.02792	0.01662	0.02353	0.02114	0.01412	0.02073	0.01178	0.01384	0.00851	0.00631	0.00618	0.00206	0.00966	0.00483	0.00284	0.00979
16	0.00841	0.00650	0.00715	0.00753	0.00882	0.00581	0.00513	0.00959	0.01344	0.01672	0.04983	0.22665	0.39866	0.18879	0.01408	0.00335	0.00423	0.01433	0.00574	0.00525
17	0.01794	0.76823	0.03516	0.01148	0.01722	0.02655	0.01148	0.02009	0.01363	0.01579	0.00933	0.01076	0.00861	0.00574	0.00431	0.00144	0.00718	0.00359	0.00287	0.00861
18	0.01414	0.17116	0.43318	0.18430	0.03068	0.01755	0.02081	0.02009	0.01389	0.01926	0.01149	0.01436	0.00862	0.00633	0.00605	0.00202	0.00916	0.00492	0.00287	0.00910
19	0.01396	0.01276	0.02117	0.19527	0.39100	0.01340	0.01718	0.01761	0.01459	0.02003	0.01833	0.11120	0.01788	0.00956	0.00723	0.00228	0.00748	0.09641	0.00396	0.00871
20	0.01346	0.03471	0.72942	0.01912	0.02904	0.01558	0.02479	0.02125	0.01417	0.02125	0.01204	0.01417	0.00850	0.00637	0.00637	0.00212	0.00992	0.00496	0.00283	0.00992
21	0.01649	0.01592	0.02175	0.40900	0.20639	0.09527	0.01781	0.09850	0.01660	0.02116	0.01241	0.01673	0.00961	0.00671	0.00662	0.00209	0.00887	0.00580	0.00355	0.00873
22	0.01426	0.02571	0.39605	0.12035	0.11336	0.01585	0.17739	0.02068	0.01458	0.02084	0.01244	0.01584	0.00919	0.00621	0.00680	0.00216	0.00988	0.00589	0.00304	0.00947
23	0.00900	0.00619	0.00754	0.00828	0.00847	0.00600	0.00510	0.00956	0.01123	0.01498	0.02870	0.38571	0.03394	0.40937	0.02194	0.00470	0.00526	0.01421	0.00510	0.00473
24	0.00875	0.00622	0.00831	0.00977	0.01035	0.00593	0.00694	0.01020	0.01314	0.01742	0.03575	0.59104	0.04211	0.06564	0.01025	0.00302	0.00447	0.13909	0.00609	0.00550
25	0.01873	0.01684	0.11661	0.12932	0.37577	0.01436	0.01842	0.02297	0.01577	0.18237	0.01561	0.01789	0.01148	0.00666	0.00664	0.00206	0.00785	0.00602	0.00435	0.01028
26	0.01633	0.01772	0.17903	0.01731	0.11181	0.01396	0.01445	0.20749	0.01921	0.02748	0.05051	0.04136	0.01711	0.01145	0.05385	0.00264	0.00771	0.05692	0.12460	0.00907
27	0.22304	0.01615	0.01719	0.09870	0.02151	0.01802	0.01178	0.41082	0.02337	0.03516	0.01368	0.01487	0.00999	0.00727	0.00597	0.00200	0.00688	0.00531	0.00548	0.05281

[dist]
# distance from previous block
# <min> <max>
1	15

[block]
# block no. 2 follows, 32 sequences, length 93
# corresponding to MSA columns:
# 541-557,567-593,595-614,616-644
name=unknown_C
#
# <colnr> <probs for GDERKNQSTAVLIFYWHMCP>
#	G	D	E	R	K	N	Q	S	T	A	V	L	I	F	Y	W	H	M	C	P
0	0.01347	0.23090	0.05601	0.34745	0.02973	0.01671	0.01455	0.01690	0.01315	0.01676	0.01407	0.08068	0.01283	0.01291	0.09432	0.00307	0.00913	0.00651	0.00330	0.00756
1	0.12423	0.02181	0.11261	0.06491	0.10968	0.24926	0.01433	0.02278	0.08235	0.02066	0.01340	0.01613	0.01084	0.01207	0.09427	0.00304	0.01021	0.00529	0.00376	0.00839
2	0.02201	0.09206	0.14822	0.01603	0.02089	0.41643	0.01423	0.02495	0.01735	0.10299	0.01401	0.05541	0.01157	0.00767	0.00618	0.00187	0.01005	0.00549	0.00403	0.00855
3	0.09333	0.01829	0.01925	0.01487	0.02013	0.02031	0.01228	0.64127	0.02981	0.04124	0.01553	0.01566	0.01105	0.00790	0.00649	0.00202	0.00719	0.00583	0.00649	0.01105
4	0.23147	0.01828	0.10323	0.01453	0.01949	0.05646	0.08015	0.24451	0.01914	0.02940	0.01419	0.03258	0.01170	0.08622	0.00897	0.00254	0.00759	0.00601	0.00476	0.00879
5	0.02506	0.03198	0.01901	0.01729	0.02074	0.73725	0.01296	0.02679	0.01901	0.01642	0.01037	0.01210	0.00864	0.00691	0.00605	0.00173	0.01210	0.00432	0.00346	0.00778
6	0.01271	0.00757	0.01000	0.00899	0.01113	0.00688	0.00688	0.01578	0.01903	0.13593	0.61098	0.04587	0.05604	0.01287	0.00773	0.00211	0.00356	0.01130	0.00753	0.00712
7	0.01939	0.01002	0.01273	0.01130	0.01433	0.00955	0.00866	0.12596	0.01823	0.29667	0.02965	0.35785	0.02846	0.01406	0.00757	0.00236	0.00514	0.01226	0.00711	0.00870
8	0.01566	0.43036	0.04417	0.01320	0.01680	0.02185	0.01218	0.01780	0.01230	0.01598	0.01060	0.01432	0.00993	0.01431	0.12329	0.00331	0.20826	0.00479	0.00300	0.00789
9	0.01794	0.76823	0.03516	0.01148	0.01722	0.02655	0.01148	0.02009	0.01363	0.01579	0.00933	0.01076	0.00861	0.00574	0.00431	0.00144	0.00718	0.00359	0.00287	0.00861
10	0.81159	0.01298	0.00986	0.00882	0.01298	0.01505	0.00727	0.01972	0.01142	0.03010	0.00934	0.01090	0.00727	0.00623	0.00415	0.00208	0.00519	0.00363	0.00415	0.00727
11	0.00973	0.00660	0.00778	0.00778	0.00794	0.00676	0.00465	0.01006	0.00990	0.01335	0.02072	0.04155	0.02337	0.66840	0.12854	0.00708	0.00804	0.00941	0.00400	0.00432
12	0.00892	0.00664	0.00708	0.00708	0.00811	0.00612	0.00454	0.00970	0.01228	0.01534	0.04250	0.05333	0.34141	0.42347	0.02219	0.00457	0.00509	0.01177	0.00505	0.00479
13	0.02519	0.02834	0.01932	0.01678	0.02076	0.53927	0.01291	0.21282	0.02248	0.02357	0.01196	0.01321	0.00941	0.00723	0.00623	0.00181	0.01080	0.00480	0.00436	0.00878
14	0.00835	0.00681	0.00738	0.00724	0.00932	0.00584	0.00543	0.01044	0.01628	0.02048	0.24217	0.06071	0.54395	0.01612	0.00793	0.00222	0.00334	0.01362	0.00654	0.00584
15	0.02145	0.01573	0.01756	0.01459	0.01890	0.01719	0.01222	0.51037	0.02710	0.03615	0.02148	0.03257	0.01893	0.01095	0.00742	0.00231	0.00705	0.19150	0.00656	0.00996
16	0.00950	0.00686	0.00897	0.00844	0.01002	0.00633	0.00633	0.01266	0.01899	0.02691	0.71879	0.05012	0.06331	0.01372	0.00791	0.00211	0.00317	0.01213	0.00739	0.00633
17	0.00815	0.00594	0.00768	0.00908	0.00966	0.00547	0.00611	0.00937	0.01310	0.01723	0.04022	0.68727	0.11483	0.02060	0.00850	0.00268	0.00384	0.01856	0.00623	0.00547
18	0.01066	0.01001	0.01667	0.01396	0.01718	0.00914	0.19770	0.01366	0.01526	0.01933	0.04438	0.11373	0.34179	0.01449	0.00822	0.00245	0.00613	0.13312	0.00544	0.00667
19	0.01346	0.03471	0.72942	0.01912	0.02904	0.01558	0.02479	0.02125	0.01417	0.02125	0.01204	0.01417	0.00850	0.00637	0.00637	0.00212	0.00992	0.00496	0.00283	0.00992
20	0.01563	0.00926	0.00959	0.00846	0.01094	0.00975	0.00663	0.17990	0.01827	0.02916	0.02050	0.02288	0.01581	0.00787	0.00518	0.00167	0.00415	0.00620	0.61067	0.00749
21	0.00818	0.00584	0.00779	0.00934	0.00973	0.00545	0.00623	0.00934	0.01285	0.01713	0.03698	0.75981	0.04438	0.02102	0.00856	0.00273	0.00389	0.01908	0.00623	0.00545
22	0.01388	0.01397	0.02611	0.48882	0.10084	0.01557	0.20653	0.01864	0.01424	0.01875	0.01244	0.01784	0.00943	0.00636	0.00704	0.00222	0.00952	0.00650	0.00312	0.00817
23	0.01320	0.01246	0.02108	0.65346	0.13670	0.01505	0.01890	0.01761	0.01367	0.01778	0.01202	0.01772	0.00917	0.00661	0.00670	0.00220	0.00881	0.00597	0.00303	0.00788
24	0.01467	0.01433	0.02539	0.02697	0.26847	0.01494	0.19796	0.01814	0.01400	0.01964	0.01570	0.02616	0.01481	0.09956	0.01297	0.00287	0.12435	0.07697	0.00367	0.00844
25	0.23964	0.02210	0.01690	0.01504	0.01776	0.34584	0.01185	0.02199	0.01458	0.02013	0.00967	0.01246	0.00831	0.00802	0.00980	0.00215	0.20821	0.00455	0.00351	0.00752
26	0.00866	0.00692	0.00827	0.00818	0.01004	0.00653	0.00622	0.01080	0.01468	0.01893	0.16624	0.05153	0.41236	0.02564	0.20957	0.00459	0.00739	0.01189	0.00570	0.00587
27	0.01516	0.01295	0.01972	0.01585	0.01960	0.01296	0.19311	0.21038	0.01930	0.02562	0.02848	0.26448	0.10723	0.01271	0.00778	0.00234	0.00682	0.01176	0.00561	0.00815
28	0.01070	0.00620	0.00711	0.00754	0.00873	0.00600	0.00541	0.01320	0.01432	0.02270	0.11782	0.26739	0.03207	0.01288	0.00637	0.00201	0.00338	0.01119	0.43898	0.00600
29	0.01210	0.01068	0.01660	0.02339	0.33460	0.01034	0.01261	0.01480	0.01487	0.02031	0.08953	0.25141	0.13577	0.01290	0.00753	0.00227	0.00561	0.01174	0.00500	0.00792
30	0.02102	0.02110	0.01807	0.01480	0.01910	0.26944	0.01170	0.20313	0.02005	0.02482	0.01217	0.01394	0.00976	0.00719	0.00759	0.00173	0.08606	0.00485	0.00442	0.22907
31	0.02257	0.01173	0.01445	0.01198	0.01617	0.01160	0.00959	0.03068	0.24834	0.39048	0.13030	0.02765	0.02488	0.00938	0.00695	0.00215	0.00520	0.00783	0.00768	0.01039
32	0.01954	0.01119	0.01333	0.01111	0.01409	0.01139	0.00841	0.20101	0.01836	0.21846	0.02138	0.04641	0.01861	0.27520	0.07757	0.00435	0.00742	0.00794	0.00596	0.00826
33	0.01766	0.02784	0.30005	0.02512	0.21271	0.21520	0.06442	0.02262	0.01591	0.02011	0.01184	0.01451	0.00922	0.00637	0.00646	0.00199	0.01009	0.00525	0.00317	0.00946
34	0.01409	0.08488	0.28097	0.01348	0.02088	0.01291	0.01449	0.01878	0.01398	0.02112	0.01175	0.01374	0.00929	0.00556	0.00543	0.00145	0.00699	0.00431	0.00346	0.44245
35	0.01560	0.36587	0.30278	0.08968	0.06409	0.02054	0.01787	0.02027	0.01391	0.01839	0.01083	0.01312	0.00871	0.00610	0.00548	0.00181	0.00846	0.00449	0.00289	0.00911
36	0.01067	0.00679	0.00900	0.00915	0.01050	0.00623	0.00659	0.01288	0.01621	0.08285	0.34816	0.37138	0.05065	0.01658	0.00811	0.00239	0.00372	0.01483	0.00694	0.00637
37	0.01387	0.01343	0.02297	0.18171	0.13267	0.01389	0.20260	0.02003	0.10927	0.02109	0.02458	0.02700	0.13234	0.00843	0.00716	0.00219	0.00774	0.00813	0.04247	0.00844
38	0.01762	0.13386	0.05784	0.02614	0.33899	0.07860	0.01604	0.02087	0.01485	0.08001	0.01354	0.01681	0.01121	0.01187	0.09513	0.00300	0.04494	0.00562	0.00368	0.00939
39	0.01159	0.09911	0.01199	0.00872	0.01137	0.00909	0.00701	0.01380	0.01540	0.08020	0.16758	0.04591	0.34471	0.01948	0.12102	0.00345	0.00628	0.01079	0.00580	0.00669
40	0.00820	0.00649	0.00739	0.00784	0.00940	0.00567	0.00562	0.00990	0.01493	0.01885	0.13620	0.29327	0.41664	0.01793	0.00814	0.00240	0.00353	0.01555	0.00637	0.00567
41	0.02192	0.01336	0.01538	0.01251	0.01668	0.01366	0.01004	0.33055	0.02337	0.21872	0.02839	0.13957	0.10336	0.01122	0.00716	0.00217	0.00591	0.00924	0.00701	0.00979
42	0.01977	0.18106	0.02026	0.01282	0.01707	0.05245	0.01083	0.32863	0.02167	0.02898	0.01533	0.01741	0.01220	0.01404	0.11972	0.00318	0.00870	0.00562	0.10109	0.00916
43	0.10978	0.15820	0.01822	0.01120	0.01653	0.12193	0.00929	0.01931	0.01433	0.02087	0.01090	0.01269	0.00918	0.00555	0.00491	0.00131	0.00648	0.00391	0.00371	0.44168
44	0.05719	0.08114	0.02093	0.01563	0.01855	0.02066	0.01313	0.29705	0.01936	0.02749	0.01207	0.01499	0.00995	0.01026	0.02844	0.00255	0.33130	0.00567	0.00455	0.00909
45	0.01557	0.01508	0.02752	0.21665	0.03277	0.01563	0.32599	0.12452	0.01728	0.02304	0.01635	0.10720	0.01417	0.00816	0.00748	0.00227	0.00917	0.00845	0.00414	0.00856
46	0.01681	0.36284	0.21467	0.01319	0.01935	0.01976	0.01414	0.10171	0.01601	0.02188	0.01283	0.01454	0.01026	0.00651	0.00521	0.00171	0.00730	0.00467	0.12768	0.00893
47	0.01067	0.01412	0.20006	0.00995	0.01407	0.00848	0.01026	0.01440	0.01465	0.02087	0.04027	0.04015	0.33517	0.01162	0.00662	0.00203	0.00507	0.00951	0.22507	0.00697
48	0.81159	0.01298	0.00986	0.00882	0.01298	0.01505	0.00727	0.01972	0.01142	0.03010	0.00934	0.01090	0.00727	0.00623	0.00415	0.00208	0.00519	0.00363	0.00415	0.00727
49	0.00964	0.00699	0.00977	0.00977	0.01062	0.00784	0.00713	0.01133	0.01048	0.01483	0.01890	0.03147	0.01899	0.25818	0.53277	0.00954	0.01463	0.00794	0.00373	0.00543
50	0.00793	0.00680	0.00680	0.00680	0.00906	0.00566	0.00510	0.00963	0.01529	0.01813	0.06797	0.06457	0.71961	0.01699	0.00793	0.00227	0.00340	0.01416	0.00623	0.00566
51	0.01023	0.00636	0.00677	0.00704	0.00844	0.00598	0.00501	0.01233	0.01379	0.02061	0.03715	0.16429	0.21667	0.08482	0.00906	0.00243	0.00366	0.01098	0.36864	0.00574
52	0.02506	0.03198	0.01901	0.01729	0.02074	0.73725	0.01296	0.02679	0.01901	0.01642	0.01037	0.01210	0.00864	0.00691	0.00605	0.00173	0.01210	0.00432	0.00346	0.00778
53	0.01190	0.00889	0.01060	0.01081	0.01239	0.00920	0.00777	0.12006	0.09987	0.02237	0.03257	0.55537	0.03636	0.01756	0.00807	0.00256	0.00461	0.01566	0.00638	0.00700
54	0.02077	0.02481	0.19845	0.01899	0.02539	0.14850	0.14296	0.26869	0.02178	0.04464	0.01384	0.01543	0.01008	0.00699	0.00673	0.00204	0.00955	0.00583	0.00459	0.00995
55	0.01468	0.09215	0.42694	0.02168	0.03014	0.01702	0.26037	0.02124	0.01471	0.02086	0.01235	0.01526	0.00910	0.00607	0.00674	0.00211	0.01017	0.00588	0.00303	0.00950
56	0.01468	0.01468	0.02055	0.01762	0.01762	0.02055	0.01468	0.01615	0.01028	0.01615	0.00881	0.01468	0.00881	0.01174	0.02202	0.00294	0.75191	0.00587	0.00294	0.00734
57	0.01166	0.00583	0.00874	0.00874	0.00874	0.00583	0.00583	0.00874	0.00874	0.01166	0.01166	0.02040	0.01166	0.02331	0.02622	0.80478	0.00583	0.00583	0.00291	0.00291
58	0.01070	0.00768	0.00858	0.00848	0.00910	0.00800	0.00527	0.01375	0.11910	0.01571	0.02347	0.10274	0.02551	0.58248	0.02769	0.00552	0.00609	0.01022	0.00468	0.00521
59	0.07347	0.01417	0.01538	0.01244	0.01676	0.01524	0.01009	0.31688	0.12346	0.15413	0.02016	0.01989	0.01444	0.00809	0.00619	0.00198	0.00586	0.00627	0.15506	0.01007
60	0.00838	0.00673	0.00748	0.00747	0.00938	0.00583	0.00553	0.01043	0.01609	0.02044	0.24306	0.12061	0.48209	0.01645	0.00798	0.00226	0.00338	0.01403	0.00655	0.00583
61	0.01267	0.01193	0.02013	0.74806	0.04621	0.01491	0.01863	0.01714	0.01342	0.01714	0.01193	0.01789	0.00894	0.00671	0.00671	0.00224	0.00894	0.00596	0.00298	0.00745
62	0.01704	0.01478	0.02311	0.03264	0.52645	0.01502	0.01717	0.10177	0.01705	0.02486	0.01449	0.01786	0.01175	0.00652	0.00635	0.00193	0.00715	0.00603	0.12802	0.01004
63	0.00878	0.00683	0.00798	0.00769	0.00959	0.00603	0.00577	0.01128	0.01731	0.02290	0.42202	0.05671	0.36258	0.01521	0.00792	0.00218	0.00327	0.01306	0.00686	0.00603
64	0.11070	0.08051	0.08814	0.01909	0.12723	0.01787	0.01470	0.01764	0.01191	0.01912	0.01083	0.01543	0.00974	0.01341	0.09346	0.00335	0.33014	0.00548	0.00320	0.00805
65	0.45294	0.02134	0.01406	0.01264	0.01652	0.32800	0.00986	0.03833	0.01517	0.02446	0.00994	0.01154	0.00796	0.00657	0.00503	0.00192	0.00823	0.00399	0.00391	0.00758
66	0.01498	0.01314	0.01524	0.05626	0.08804	0.01466	0.01113	0.02873	0.48478	0.02517	0.03184	0.03046	0.13667	0.00999	0.00699	0.00224	0.00546	0.00844	0.00616	0.00961
67	0.01166	0.00583	0.00874	0.00874	0.00874	0.00583	0.00583	0.00874	0.00874	0.01166	0.01166	0.02040	0.01166	0.02331	0.02622	0.80478	0.00583	0.00583	0.00291	0.00291
68	0.00963	0.00700	0.00983	0.00983	0.01069	0.00787	0.00719	0.01137	0.01050	0.01487	0.01885	0.03121	0.01888	0.24760	0.54321	0.00960	0.01480	0.00790	0.00372	0.00546
69	0.01729	0.08405	0.01574	0.01269	0.01551	0.34261	0.00976	0.01965	0.01840	0.02081	0.30792	0.02989	0.05918	0.01004	0.00675	0.00188	0.00761	0.00790	0.00515	0.00716
70	0.00818	0.00584	0.00779	0.00934	0.00973	0.00545	0.00623	0.00934	0.01285	0.01713	0.03698	0.75981	0.04438	0.02102	0.00856	0.00273	0.00389	0.01908	0.00623	0.00545
71	0.01794	0.76823	0.03516	0.01148	0.01722	0.02655	0.01148	0.02009	0.01363	0.01579	0.00933	0.01076	0.00861	0.00574	0.00431	0.00144	0.00718	0.00359	0.00287	0.00861
72	0.02551	0.01879	0.02014	0.01544	0.02081	0.02081	0.01275	0.69996	0.03155	0.04229	0.01611	0.01611	0.01141	0.00805	0.00671	0.00201	0.00738	0.00604	0.00671	0.01141
73	0.00818	0.00584	0.00779	0.00934	0.00973	0.00545	0.00623	0.00934	0.01285	0.01713	0.03698	0.75981	0.04438	0.02102	0.00856	0.00273	0.00389	0.01908	0.00623	0.00545
74	0.01661	0.01594	0.02724	0.04119	0.72233	0.01594	0.02059	0.02059	0.01528	0.02192	0.01262	0.01661	0.01063	0.00598	0.00664	0.00199	0.00797	0.00598	0.00332	0.01063
75	0.02507	0.01487	0.01735	0.01317	0.01858	0.01469	0.01083	0.33410	0.02387	0.28687	0.01911	0.01815	0.01303	0.00759	0.00641	0.00185	0.00634	0.00592	0.00679	0.15539
76	0.14582	0.01440	0.01641	0.01277	0.01787	0.01471	0.01055	0.27897	0.02263	0.36756	0.02004	0.01854	0.01327	0.00790	0.00634	0.00205	0.00625	0.00602	0.00709	0.01079
77	0.01391	0.01193	0.01391	0.00994	0.01590	0.00894	0.00795	0.01690	0.01391	0.02186	0.01193	0.01391	0.00994	0.00497	0.00497	0.00099	0.00497	0.00398	0.00398	0.80521
78	0.00907	0.00716	0.00941	0.01122	0.07108	0.00657	0.00717	0.01099	0.01485	0.01959	0.16711	0.37484	0.23150	0.01729	0.00811	0.00242	0.00398	0.01533	0.00619	0.00612
79	0.01675	0.01043	0.01502	0.01527	0.09917	0.01129	0.01054	0.01886	0.01334	0.20643	0.01868	0.02523	0.01597	0.14177	0.22999	0.00549	0.12594	0.00713	0.00480	0.00791
80	0.00870	0.00691	0.00792	0.00832	0.01021	0.00613	0.00649	0.01078	0.01547	0.01928	0.12071	0.12548	0.45805	0.01735	0.00826	0.00246	0.00399	0.15134	0.00633	0.00582
81	0.01806	0.13574	0.11084	0.02685	0.34085	0.01850	0.01740	0.14535	0.07756	0.02511	0.01393	0.01604	0.01105	0.00664	0.00627	0.00195	0.00775	0.00563	0.00411	0.01037
82	0.01663	0.33990	0.03765	0.01130	0.01583	0.01671	0.01022	0.01913	0.01364	0.11184	0.01442	0.01718	0.01211	0.01831	0.20741	0.00406	0.00973	0.00509	0.00394	0.11490
83	0.08061	0.01448	0.14014	0.01128	0.01479	0.05354	0.01048	0.01596	0.05605	0.01976	0.03403	0.04392	0.22007	0.12967	0.01145	0.00299	0.00633	0.12265	0.00496	0.00684
84	0.02018	0.02604	0.13254	0.01866	0.02369	0.34467	0.13844	0.10466	0.01866	0.02127	0.01420	0.07851	0.01232	0.00796	0.00674	0.00201	0.01034	0.00655	0.00398	0.00858
85	0.00854	0.00612	0.00811	0.00909	0.00981	0.00569	0.00626	0.01026	0.01455	0.01983	0.22540	0.56369	0.04961	0.01900	0.00838	0.00256	0.00369	0.01716	0.00655	0.00569
86	0.01766	0.01586	0.02406	0.09484	0.46973	0.01670	0.01800	0.12791	0.10147	0.02542	0.01488	0.01766	0.01179	0.00674	0.00668	0.00205	0.00764	0.00618	0.00424	0.01048
87	0.01503	0.01597	0.07854	0.05659	0.05440	0.11718	0.09399	0.07562	0.01499	0.01957	0.01602	0.02437	0.01466	0.18875	0.13437	0.00449	0.01018	0.00698	0.05098	0.00731
88	0.00923	0.00675	0.00956	0.00998	0.01082	0.00737	0.00729	0.01101	0.01121	0.01568	0.02344	0.22479	0.02508	0.12859	0.45762	0.00811	0.01282	0.01068	0.00436	0.00561
89	0.00890	0.00614	0.00757	0.00842	0.00863	0.00593	0.00524	0.00953	0.01144	0.01525	0.02976	0.43336	0.03527	0.35990	0.02023	0.00445	0.00508	0.01483	0.00524	0.00482
90	0.02100	0.02496	0.02400	0.01967	0.02410	0.40751	0.20184	0.02694	0.14351	0.01994	0.01433	0.01610	0.01122	0.00696	0.00671	0.00198	0.01065	0.00591	0.00405	0.00865
91	0.03657	0.34786	0.13633	0.01422	0.02007	0.10843	0.01380	0.14573	0.07767	0.02289	0.01266	0.01366	0.01010	0.00670	0.00549	0.00177	0.00803	0.00468	0.00400	0.00937
92	0.00864	0.00654	0.00764	0.00797	0.00951	0.00592	0.00578	0.01057	0.01492	0.01961	0.16455	0.24351	0.34253	0.01897	0.05191	0.00283	0.00435	0.01423	0.05423	0.00578

[dist]
# distance from previous block
# <min> <max>
0	1

[block]
# block no. 3 follows, 32 sequences, length 15
# corresponding to MSA columns:
# 647-661
name=unknown_D
#
# <colnr> <probs for GDERKNQSTAVLIFYWHMCP>
#	G	D	E	R	K	N	Q	S	T	A	V	L	I	F	Y	W	H	M	C	P
0	0.00865	0.00642	0.00726	0.00770	0.00864	0.00590	0.00505	0.00959	0.01265	0.01604	0.04266	0.25384	0.28303	0.28217	0.01738	0.00389	0.00464	0.01399	0.00547	0.00504
1	0.01947	0.01891	0.02852	0.02704	0.21765	0.08617	0.24493	0.20279	0.02002	0.02653	0.01355	0.01649	0.01045	0.00668	0.00747	0.00209	0.03056	0.00649	0.00425	0.00994
2	0.49571	0.01415	0.01677	0.02168	0.29483	0.01541	0.01256	0.02007	0.01295	0.02685	0.01065	0.01317	0.00860	0.00613	0.00514	0.00204	0.00630	0.00457	0.00382	0.00860
3	0.01146	0.00953	0.01518	0.01890	0.20169	0.01040	0.01165	0.01428	0.01198	0.01727	0.01654	0.02376	0.01513	0.03848	0.54239	0.00844	0.01530	0.00687	0.00352	0.00723
4	0.01797	0.01363	0.01724	0.01432	0.01666	0.01621	0.01173	0.19967	0.01890	0.09938	0.17719	0.02412	0.02295	0.01086	0.01308	0.00241	0.30206	0.00746	0.00553	0.00862
5	0.01364	0.00870	0.01020	0.00901	0.01163	0.00826	0.00700	0.09521	0.01903	0.10633	0.31723	0.04412	0.21603	0.01266	0.00731	0.00208	0.00401	0.01071	0.08951	0.00733
6	0.00976	0.00651	0.00732	0.00732	0.00732	0.00651	0.00407	0.00976	0.00976	0.01301	0.02114	0.04391	0.02439	0.76419	0.03415	0.00651	0.00651	0.00976	0.00407	0.00407
7	0.01586	0.01160	0.01341	0.01122	0.01431	0.01208	0.00888	0.28575	0.02398	0.03302	0.43959	0.03661	0.04269	0.01147	0.00744	0.00207	0.00484	0.00971	0.00712	0.00835
8	0.01641	0.00839	0.01118	0.00961	0.01241	0.00752	0.00752	0.01939	0.01906	0.26185	0.48645	0.04097	0.04764	0.01190	0.00752	0.00210	0.00402	0.01033	0.00769	0.00804
9	0.01488	0.01574	0.03142	0.27155	0.12990	0.01614	0.38019	0.01991	0.01495	0.02009	0.01290	0.01783	0.00983	0.00605	0.00734	0.00222	0.01007	0.00701	0.00325	0.00872
10	0.10270	0.02224	0.01951	0.18891	0.12022	0.34577	0.01470	0.07189	0.01734	0.02063	0.01134	0.01422	0.00904	0.00675	0.00613	0.00194	0.00975	0.00498	0.00364	0.00830
11	0.01322	0.26523	0.05998	0.01446	0.10817	0.01490	0.01124	0.01597	0.01485	0.01867	0.06126	0.03828	0.22420	0.01124	0.00664	0.00205	0.00601	0.10140	0.00457	0.00765
12	0.01897	0.01987	0.01828	0.01532	0.01885	0.30010	0.10268	0.11087	0.01973	0.02386	0.17700	0.02359	0.02278	0.00857	0.00668	0.00191	0.00837	0.00705	0.08759	0.00794
13	0.28459	0.01763	0.01392	0.01153	0.01621	0.20549	0.00906	0.02049	0.01444	0.02318	0.01064	0.01242	0.00870	0.00591	0.00498	0.00155	0.00695	0.00395	0.00390	0.32446
14	0.01601	0.01502	0.11353	0.01507	0.01960	0.01276	0.10285	0.13202	0.01646	0.09581	0.01677	0.02074	0.01343	0.02413	0.29713	0.00549	0.01212	0.00654	0.00450	0.06002

[dist]
# distance from previous block
# <min> <max>
1	8

[block]
# block no. 4 follows, 32 sequences, length 6
# corresponding to MSA columns:
# 670-675
name=unknown_E
#
# <colnr> <probs for GDERKNQSTAVLIFYWHMCP>
#	G	D	E	R	K	N	Q	S	T	A	V	L	I	F	Y	W	H	M	C	P
0	0.01434	0.01257	0.01604	0.01493	0.12876	0.01006	0.00997	0.01749	0.01413	0.02187	0.01204	0.01434	0.01005	0.00513	0.00524	0.00115	0.00545	0.00430	0.00387	0.67827
1	0.01962	0.09872	0.13743	0.02613	0.32174	0.01693	0.01749	0.13259	0.01813	0.12552	0.01473	0.01641	0.01106	0.00669	0.00638	0.00197	0.00778	0.00568	0.00446	0.01054
2	0.01726	0.01182	0.01426	0.01035	0.01616	0.00913	0.00835	0.02016	0.01501	0.16760	0.01493	0.01576	0.01132	0.00566	0.00534	0.00122	0.00512	0.00455	0.00487	0.64115
3	0.01670	0.54090	0.13381	0.07368	0.02271	0.02326	0.06965	0.02013	0.01387	0.01714	0.01027	0.01242	0.00875	0.00590	0.00509	0.00167	0.00805	0.00433	0.00292	0.00874
4	0.01156	0.00974	0.01116	0.00882	0.01310	0.00763	0.00690	0.01420	0.01501	0.02146	0.12485	0.03364	0.22429	0.00967	0.00624	0.00152	0.00426	0.00806	0.00510	0.46278
5	0.01817	0.02096	0.02219	0.01799	0.02155	0.32275	0.21990	0.02064	0.01558	0.01706	0.01422	0.02240	0.01330	0.20800	0.01410	0.00316	0.01037	0.00687	0.00360	0.00718

[dist]
# distance from previous block
# <min> <max>
2	7

[block]
# block no. 5 follows, 32 sequences, length 19
# corresponding to MSA columns:
# 683-701
name=unknown_F
#
# <colnr> <probs for GDERKNQSTAVLIFYWHMCP>
#	G	D	E	R	K	N	Q	S	T	A	V	L	I	F	Y	W	H	M	C	P
0	0.10891	0.02270	0.02267	0.09800	0.10448	0.32928	0.13223	0.06562	0.01739	0.02115	0.01159	0.01438	0.00919	0.00656	0.00634	0.00196	0.01010	0.00534	0.00366	0.00846
1	0.01373	0.01116	0.01490	0.03165	0.13839	0.01040	0.01088	0.01845	0.09343	0.04814	0.02499	0.10785	0.06977	0.01066	0.00691	0.00202	0.00563	0.12476	0.00510	0.25119
2	0.02070	0.02475	0.02380	0.02196	0.10213	0.40615	0.13348	0.02333	0.01653	0.01788	0.01091	0.01410	0.00916	0.00742	0.00920	0.00206	0.13942	0.00540	0.00334	0.00825
3	0.01529	0.01702	0.03620	0.15370	0.03701	0.01661	0.57960	0.02074	0.01542	0.02074	0.01329	0.01806	0.00997	0.00584	0.00771	0.00226	0.01090	0.00758	0.00332	0.00877
4	0.00974	0.00658	0.00768	0.00768	0.00780	0.00670	0.00451	0.00999	0.00986	0.01328	0.02081	0.04209	0.02360	0.69007	0.10719	0.00695	0.00770	0.00949	0.00402	0.00427
5	0.00959	0.00719	0.01078	0.01078	0.01198	0.00839	0.00839	0.01198	0.01078	0.01558	0.01797	0.02636	0.01677	0.05032	0.73760	0.01078	0.01797	0.00719	0.00359	0.00599
6	0.00818	0.00615	0.00747	0.00850	0.00942	0.00556	0.00579	0.00945	0.01341	0.01722	0.04529	0.52145	0.24115	0.05593	0.00962	0.00277	0.00387	0.01718	0.00612	0.00545
7	0.01692	0.01343	0.01461	0.01207	0.01640	0.01390	0.00954	0.15815	0.28998	0.02846	0.02075	0.04812	0.01641	0.00810	0.00615	0.00182	0.00535	0.00660	0.08806	0.22518
8	0.01867	0.01435	0.02025	0.07217	0.20351	0.01520	0.05694	0.02906	0.31748	0.14708	0.02142	0.02153	0.01580	0.00777	0.00683	0.00216	0.00670	0.00693	0.00569	0.01044
9	0.02113	0.02079	0.02277	0.14805	0.09968	0.21305	0.09223	0.25084	0.02151	0.02641	0.01317	0.01561	0.01001	0.00702	0.00666	0.00200	0.00944	0.00577	0.00445	0.00939
10	0.01462	0.18288	0.49210	0.01802	0.02616	0.01828	0.06358	0.02066	0.01388	0.01977	0.01135	0.01375	0.00865	0.00659	0.00718	0.00205	0.06326	0.00493	0.00288	0.00941
11	0.00834	0.00693	0.00737	0.00759	0.00975	0.00596	0.00591	0.01024	0.01532	0.01840	0.06336	0.06615	0.62277	0.01721	0.00812	0.00238	0.00379	0.10845	0.00622	0.00574
12	0.01823	0.10331	0.34902	0.01696	0.04064	0.01822	0.01802	0.25724	0.03702	0.02832	0.01393	0.01522	0.01019	0.00700	0.00623	0.00199	0.00834	0.00533	0.03457	0.01020
13	0.01653	0.10469	0.40260	0.01629	0.02336	0.09595	0.01820	0.06379	0.01594	0.06976	0.01565	0.09873	0.01333	0.00827	0.00642	0.00207	0.00874	0.00653	0.00391	0.00923
14	0.00807	0.00626	0.00736	0.00824	0.00944	0.00554	0.00574	0.00947	0.01391	0.01756	0.05043	0.45807	0.33744	0.01927	0.00829	0.00253	0.00368	0.01694	0.00623	0.00554
15	0.01847	0.01555	0.02326	0.01791	0.02224	0.01659	0.20252	0.28200	0.02143	0.04641	0.09451	0.06737	0.01887	0.01019	0.02526	0.00244	0.09228	0.00809	0.00537	0.00923
16	0.20103	0.01198	0.01630	0.12878	0.06496	0.01282	0.08175	0.07898	0.01494	0.07201	0.01832	0.14814	0.01727	0.07752	0.00899	0.00261	0.00667	0.00832	0.02087	0.00773
17	0.01429	0.01762	0.14307	0.01845	0.09327	0.09370	0.13294	0.01854	0.01682	0.03831	0.22910	0.03222	0.05751	0.00980	0.00737	0.00216	0.00755	0.05425	0.00492	0.00812
18	0.02399	0.01567	0.02047	0.06515	0.18004	0.01630	0.01408	0.31861	0.02332	0.22684	0.01795	0.01821	0.01253	0.00757	0.00671	0.00204	0.00715	0.00622	0.00616	0.01099

[dist]
# distance from previous block
# <min> <max>
0	1

[block]
# block no. 6 follows, 32 sequences, length 7
# corresponding to MSA columns:
# 703-709
name=unknown_G
#
# <colnr> <probs for GDERKNQSTAVLIFYWHMCP>
#	G	D	E	R	K	N	Q	S	T	A	V	L	I	F	Y	W	H	M	C	P
0	0.02067	0.19333	0.14504	0.02030	0.17108	0.14733	0.01564	0.02420	0.01619	0.16416	0.01421	0.01532	0.01067	0.00664	0.00598	0.00186	0.00840	0.00512	0.00418	0.00969
1	0.23303	0.02350	0.27828	0.02093	0.17932	0.07678	0.01744	0.05701	0.01500	0.02451	0.01151	0.01375	0.00881	0.00638	0.00582	0.00204	0.00824	0.00483	0.00356	0.00925
2	0.01352	0.02267	0.32627	0.01424	0.01916	0.12094	0.01476	0.01734	0.01344	0.01761	0.01730	0.10663	0.01728	0.23314	0.01482	0.00343	0.00856	0.00788	0.00368	0.00735
3	0.01738	0.12848	0.01579	0.01136	0.01472	0.16702	0.00902	0.02020	0.05513	0.13736	0.03321	0.13140	0.20908	0.01177	0.00680	0.00206	0.00640	0.00951	0.00551	0.00778
4	0.01284	0.01288	0.05826	0.21462	0.09550	0.01242	0.13078	0.04333	0.01519	0.02045	0.06230	0.17948	0.02304	0.01110	0.00761	0.00238	0.00757	0.07804	0.00449	0.00771
5	0.01550	0.19323	0.31160	0.01522	0.02143	0.12539	0.01649	0.02011	0.01547	0.01984	0.09588	0.02330	0.01788	0.00836	0.00632	0.00200	0.00848	0.07118	0.00379	0.00852
6	0.01885	0.25500	0.08469	0.01211	0.01684	0.01597	0.01116	0.09994	0.01743	0.18047	0.08784	0.13160	0.02149	0.00974	0.00632	0.00197	0.00623	0.00789	0.00549	0.00898

[dist]
# distance from previous block
# <min> <max>
5	13

[block]
# block no. 7 follows, 32 sequences, length 7
# corresponding to MSA columns:
# 733-739
name=unknown_H
#
# <colnr> <probs for GDERKNQSTAVLIFYWHMCP>
#	G	D	E	R	K	N	Q	S	T	A	V	L	I	F	Y	W	H	M	C	P
0	0.09618	0.08903	0.08484	0.01357	0.01852	0.01732	0.01201	0.29162	0.11839	0.07516	0.04349	0.07672	0.01654	0.00889	0.00641	0.00208	0.00657	0.00698	0.00584	0.00984
1	0.07079	0.11180	0.33883	0.01565	0.02297	0.06240	0.01708	0.14727	0.01743	0.02491	0.01219	0.01376	0.00915	0.00647	0.00586	0.00186	0.00836	0.00476	0.00382	0.10463
2	0.05636	0.02194	0.02338	0.02586	0.26267	0.27678	0.08610	0.07772	0.06463	0.02229	0.01303	0.01540	0.01044	0.00667	0.00647	0.00195	0.00946	0.00559	0.00392	0.00935
3	0.05222	0.01871	0.01965	0.22650	0.14592	0.21726	0.01514	0.09621	0.03918	0.02130	0.01295	0.01649	0.01036	0.01047	0.06707	0.00273	0.00996	0.00557	0.00381	0.00849
4	0.02410	0.02022	0.01898	0.01531	0.01995	0.15092	0.01229	0.52367	0.02782	0.03562	0.01666	0.07238	0.01343	0.00884	0.00673	0.00202	0.00798	0.00672	0.00608	0.01029
5	0.01160	0.00728	0.00863	0.00846	0.00941	0.00705	0.00557	0.03309	0.01269	0.07500	0.05625	0.14748	0.08168	0.45289	0.02325	0.00481	0.00570	0.03856	0.00520	0.00540
6	0.00931	0.00648	0.00784	0.00847	0.00891	0.00629	0.00556	0.01013	0.01167	0.01536	0.03038	0.25379	0.07624	0.41489	0.02219	0.00475	0.00552	0.09235	0.00507	0.00482

[dist]
# distance from previous block
# <min> <max>
2	5

[block]
# block no. 8 follows, 32 sequences, length 20
# corresponding to MSA columns:
# 748-767
name=unknown_I
#
# <colnr> <probs for GDERKNQSTAVLIFYWHMCP>
#	G	D	E	R	K	N	Q	S	T	A	V	L	I	F	Y	W	H	M	C	P
0	0.15336	0.21040	0.02283	0.01823	0.13034	0.32390	0.01286	0.02295	0.01580	0.01943	0.01030	0.01228	0.00872	0.00636	0.00539	0.00176	0.00906	0.00429	0.00340	0.00836
1	0.01668	0.01708	0.02623	0.16976	0.45620	0.09156	0.08440	0.02068	0.01538	0.02041	0.01235	0.01652	0.01006	0.00618	0.00672	0.00204	0.00891	0.00599	0.00328	0.00958
2	0.01633	0.01355	0.01572	0.13471	0.02155	0.03471	0.01086	0.13797	0.11026	0.04579	0.02046	0.02151	0.07966	0.00766	0.00618	0.00173	0.00618	0.00622	0.00499	0.30397
3	0.01601	0.05526	0.10582	0.01651	0.02184	0.12520	0.16455	0.03996	0.08305	0.02211	0.09412	0.02205	0.05141	0.00766	0.00662	0.00188	0.00800	0.00681	0.00441	0.14673
4	0.01785	0.02499	0.25368	0.02594	0.27072	0.14001	0.01936	0.08536	0.05682	0.02299	0.01321	0.01547	0.01023	0.00664	0.00647	0.00201	0.00911	0.00546	0.00370	0.00998
5	0.01122	0.00914	0.01223	0.06126	0.01343	0.01107	0.00854	0.01230	0.01031	0.01453	0.01676	0.03165	0.01802	0.40073	0.14115	0.00596	0.20455	0.00807	0.00362	0.00547
6	0.01851	0.01671	0.02207	0.15240	0.17428	0.08526	0.07669	0.13202	0.09866	0.05902	0.01516	0.01750	0.01156	0.00708	0.00707	0.00203	0.02929	0.00609	0.00451	0.06408
7	0.01166	0.00583	0.00874	0.00874	0.00874	0.00583	0.00583	0.00874	0.00874	0.01166	0.01166	0.02040	0.01166	0.02331	0.02622	0.80478	0.00583	0.00583	0.00291	0.00291
8	0.01391	0.01193	0.01391	0.00994	0.01590	0.00894	0.00795	0.01690	0.01391	0.02186	0.01193	0.01391	0.00994	0.00497	0.00497	0.00099	0.00497	0.00398	0.00398	0.80521
9	0.01690	0.02308	0.28703	0.01912	0.08676	0.01691	0.04641	0.13927	0.24252	0.02704	0.01778	0.01840	0.01313	0.00747	0.00667	0.00215	0.00789	0.00621	0.00484	0.01042
10	0.14042	0.13214	0.08320	0.01440	0.01923	0.23377	0.01256	0.19520	0.01962	0.02572	0.03410	0.01453	0.01107	0.00833	0.02661	0.00212	0.00883	0.00493	0.00438	0.00885
11	0.75857	0.01287	0.01025	0.00904	0.01326	0.01470	0.00744	0.02060	0.01195	0.07738	0.01050	0.01171	0.00790	0.00637	0.00433	0.00208	0.00523	0.00384	0.00443	0.00755
12	0.81159	0.01298	0.00986	0.00882	0.01298	0.01505	0.00727	0.01972	0.01142	0.03010	0.00934	0.01090	0.00727	0.00623	0.00415	0.00208	0.00519	0.00363	0.00415	0.00727
13	0.01523	0.01605	0.01786	0.36587	0.05272	0.19777	0.01483	0.01850	0.01428	0.01674	0.01298	0.01837	0.01076	0.01701	0.17868	0.00411	0.01185	0.00583	0.00326	0.00729
14	0.01422	0.01302	0.02062	0.25981	0.30833	0.01417	0.01651	0.02000	0.09740	0.02191	0.12664	0.02335	0.01965	0.00782	0.00689	0.00212	0.00720	0.00714	0.00427	0.00892
15	0.00818	0.00584	0.00779	0.00934	0.00973	0.00545	0.00623	0.00934	0.01285	0.01713	0.03698	0.75981	0.04438	0.02102	0.00856	0.00273	0.00389	0.01908	0.00623	0.00545
16	0.02196	0.20191	0.02620	0.01749	0.02220	0.38640	0.12172	0.08894	0.01844	0.01956	0.01119	0.01313	0.00915	0.00655	0.00600	0.00177	0.01036	0.00489	0.00362	0.00853
17	0.02133	0.39839	0.02626	0.01236	0.01763	0.02091	0.01118	0.19521	0.01950	0.14215	0.06247	0.01684	0.01440	0.00731	0.00557	0.00174	0.00671	0.00533	0.00507	0.00964
18	0.07260	0.23545	0.06357	0.01613	0.04212	0.05570	0.11523	0.12132	0.10235	0.02404	0.01369	0.01511	0.01080	0.00654	0.00583	0.00182	0.00768	0.00531	0.00422	0.08049
19	0.18527	0.03464	0.02734	0.00957	0.01250	0.04518	0.00764	0.01655	0.08279	0.04169	0.03825	0.15350	0.27566	0.01323	0.00687	0.00226	0.00489	0.02966	0.00558	0.00694

[dist]
# distance from previous block
# <min> <max>
8	27

[block]
# block no. 9 follows, 32 sequences, length 25
# corresponding to MSA columns:
# 806-830
name=unknown_J
#
# <colnr> <probs for GDERKNQSTAVLIFYWHMCP>
#	G	D	E	R	K	N	Q	S	T	A	V	L	I	F	Y	W	H	M	C	P
0	0.01998	0.45772	0.06449	0.01418	0.01981	0.11818	0.04599	0.14892	0.01784	0.02140	0.01108	0.01247	0.00921	0.00636	0.00527	0.00166	0.00820	0.00442	0.00369	0.00911
1	0.07690	0.21758	0.34363	0.01460	0.02187	0.01697	0.01662	0.02170	0.01466	0.10912	0.04463	0.01573	0.01197	0.00671	0.00573	0.00189	0.00781	0.00501	0.00388	0.04301
2	0.01735	0.67152	0.12669	0.01249	0.01878	0.02510	0.01324	0.02024	0.01370	0.01651	0.00969	0.01121	0.00860	0.00582	0.00458	0.00153	0.00754	0.00377	0.00287	0.00878
3	0.01771	0.48266	0.02970	0.01687	0.14960	0.02125	0.01261	0.02035	0.01425	0.05243	0.01115	0.01290	0.00957	0.00580	0.00496	0.00151	0.00694	0.00425	0.00338	0.12212
4	0.01520	0.31922	0.46013	0.01616	0.02446	0.01984	0.01963	0.02080	0.01396	0.01913	0.01099	0.01285	0.00854	0.00613	0.00557	0.00186	0.00885	0.00443	0.00285	0.00941
5	0.00837	0.00592	0.00773	0.00910	0.00944	0.00558	0.00597	0.00939	0.01247	0.01663	0.03507	0.67357	0.04197	0.11055	0.01165	0.00318	0.00421	0.01795	0.00597	0.00528
6	0.01543	0.01836	0.11904	0.13507	0.34792	0.01603	0.20836	0.02044	0.01503	0.02104	0.01271	0.01689	0.00999	0.00604	0.00697	0.00212	0.00928	0.00638	0.00323	0.00965
7	0.01277	0.01574	0.15238	0.02188	0.25520	0.01190	0.01515	0.01753	0.05284	0.02080	0.03210	0.03807	0.21637	0.01102	0.00732	0.00226	0.00666	0.09690	0.00462	0.00849
8	0.02739	0.01082	0.01470	0.01148	0.01619	0.00940	0.00940	0.03006	0.01918	0.63469	0.11774	0.02643	0.02277	0.00902	0.00690	0.00208	0.00537	0.00746	0.00818	0.01075
9	0.00818	0.00584	0.00779	0.00934	0.00973	0.00545	0.00623	0.00934	0.01285	0.01713	0.03698	0.75981	0.04438	0.02102	0.00856	0.00273	0.00389	0.01908	0.00623	0.00545
10	0.01338	0.01235	0.02052	0.40080	0.26284	0.01385	0.01721	0.01710	0.01373	0.01843	0.01496	0.08353	0.01363	0.05954	0.00873	0.00249	0.00802	0.00736	0.00345	0.00809
11	0.01018	0.01288	0.14766	0.01368	0.01670	0.00887	0.10093	0.01318	0.01349	0.01848	0.02921	0.52181	0.03312	0.01624	0.00807	0.00255	0.00600	0.01495	0.00522	0.00676
12	0.02551	0.01879	0.02014	0.01544	0.02081	0.02081	0.01275	0.69996	0.03155	0.04229	0.01611	0.01611	0.01141	0.00805	0.00671	0.00201	0.00738	0.00604	0.00671	0.01141
13	0.01583	0.00949	0.01230	0.01197	0.01449	0.00937	0.00986	0.10699	0.01791	0.15559	0.05564	0.18734	0.03286	0.01553	0.00828	0.00265	0.00571	0.31378	0.00670	0.00772
14	0.01184	0.02476	0.45602	0.01574	0.02302	0.01250	0.05973	0.01755	0.01463	0.02027	0.03003	0.03053	0.23607	0.00973	0.00697	0.00218	0.00792	0.00808	0.00395	0.00850
15	0.01466	0.12757	0.50179	0.01707	0.02527	0.01724	0.02034	0.02384	0.14672	0.02183	0.01459	0.01579	0.01080	0.00681	0.00619	0.00206	0.00868	0.00528	0.00360	0.00988
16	0.00965	0.00694	0.00951	0.00951	0.01026	0.00769	0.00679	0.01116	0.01041	0.01463	0.01914	0.03283	0.01958	0.31343	0.47833	0.00921	0.01375	0.00814	0.00377	0.00528
17	0.01774	0.01005	0.01389	0.04316	0.12141	0.00923	0.00980	0.02032	0.01683	0.27605	0.12277	0.03753	0.21256	0.04803	0.00854	0.00234	0.00527	0.00945	0.00645	0.00857
18	0.01824	0.01576	0.02805	0.03487	0.49840	0.01534	0.14824	0.02236	0.01590	0.11481	0.01463	0.01771	0.01133	0.00622	0.00690	0.00206	0.00831	0.00645	0.00399	0.01043
19	0.02301	0.02795	0.15476	0.01700	0.02235	0.35260	0.01515	0.25796	0.02241	0.02626	0.01267	0.01388	0.00957	0.00721	0.00634	0.00190	0.01006	0.00504	0.00446	0.00944
20	0.00894	0.00669	0.00845	0.00948	0.01076	0.00620	0.00724	0.01090	0.01458	0.01878	0.08304	0.34165	0.22186	0.01884	0.00856	0.00267	0.00437	0.20493	0.00628	0.00576
21	0.01651	0.01368	0.01934	0.01440	0.01983	0.01239	0.14020	0.10968	0.06691	0.06572	0.08147	0.01972	0.01635	0.00682	0.00627	0.00163	0.00639	0.00618	0.00500	0.37150
22	0.01437	0.00991	0.01219	0.01003	0.01410	0.00796	0.00767	0.01672	0.01432	0.12036	0.02200	0.25377	0.02190	0.01058	0.00637	0.00170	0.00473	0.00920	0.00531	0.43679
23	0.01391	0.01193	0.01391	0.00994	0.01590	0.00894	0.00795	0.01690	0.01391	0.02186	0.01193	0.01391	0.00994	0.00497	0.00497	0.00099	0.00497	0.00398	0.00398	0.80521
24	0.01717	0.11316	0.02074	0.01498	0.05678	0.05359	0.10053	0.03506	0.01545	0.11315	0.01672	0.10364	0.01475	0.00773	0.00612	0.00168	0.00668	0.00677	0.00458	0.29070

[dist]
# distance from previous block
# <min> <max>
3	5

[block]
# block no. 10 follows, 32 sequences, length 15
# corresponding to MSA columns:
