[name]
unknown

[dist]
# distance from previous block
# <min> <max>
10	47

[block]
# block no. 0 follows, 40 sequences, length 6
# corresponding to MSA columns:
# 102-107
name=unknown_A
#
# <colnr> <probs for GDERKNQSTAVLIFYWHMCP>
#	G	D	E	R	K	N	Q	S	T	A	V	L	I	F	Y	W	H	M	C	P
0	0.02018	0.01420	0.01748	0.09148	0.12121	0.01533	0.01201	0.42571	0.05802	0.14253	0.01504	0.01545	0.01066	0.00670	0.00582	0.00178	0.00629	0.00538	0.00531	0.00943
1	0.15660	0.01240	0.01295	0.01118	0.01456	0.01416	0.00892	0.20929	0.33395	0.02633	0.01738	0.01775	0.01331	0.01212	0.11061	0.00289	0.00655	0.00559	0.00511	0.00833
2	0.01686	0.01176	0.01275	0.01067	0.01436	0.06337	0.00867	0.15261	0.08896	0.17909	0.02287	0.02748	0.08925	0.00873	0.00596	0.00177	0.00531	0.11561	0.00538	0.15855
3	0.01465	0.01729	0.13358	0.11936	0.29078	0.11702	0.01531	0.07050	0.01425	0.01894	0.01159	0.01575	0.00960	0.00597	0.00562	0.00170	0.00740	0.03736	0.00318	0.09017
4	0.09317	0.00707	0.00829	0.00748	0.00969	0.00657	0.00579	0.01363	0.01508	0.13551	0.40488	0.03937	0.20915	0.01119	0.00638	0.00185	0.00330	0.00948	0.00601	0.00611
5	0.00853	0.00607	0.00819	0.00840	0.00908	0.00655	0.00615	0.00990	0.00962	0.01324	0.01897	0.03527	0.01999	0.32890	0.36908	0.00689	0.01018	0.11678	0.00362	0.00457

[dist]
# distance from previous block
# <min> <max>
0	1

[block]
# block no. 1 follows, 40 sequences, length 26
# corresponding to MSA columns:
# 109-134
name=unknown_B
#
# <colnr> <probs for GDERKNQSTAVLIFYWHMCP>
#	G	D	E	R	K	N	Q	S	T	A	V	L	I	F	Y	W	H	M	C	P
0	0.01452	0.62117	0.02753	0.18405	0.02059	0.02073	0.01135	0.01684	0.01177	0.01395	0.00859	0.01072	0.00753	0.00516	0.00420	0.00140	0.00656	0.00357	0.00251	0.00724
1	0.01440	0.01405	0.02290	0.08969	0.68061	0.04032	0.01749	0.01782	0.01324	0.01853	0.01083	0.01434	0.00904	0.00526	0.00574	0.00173	0.00710	0.00513	0.00286	0.00892
2	0.01811	0.07577	0.03661	0.01221	0.01527	0.42762	0.00969	0.06792	0.06123	0.01809	0.01246	0.01391	0.00995	0.00627	0.00496	0.00150	0.00774	0.00437	0.18942	0.00691
3	0.01619	0.01335	0.01412	0.01218	0.01578	0.01527	0.00962	0.19087	0.58607	0.02711	0.02148	0.01995	0.01598	0.00768	0.00589	0.00192	0.00501	0.00627	0.00589	0.00936
4	0.01224	0.01090	0.01571	0.13789	0.25522	0.01182	0.01218	0.01910	0.23320	0.01902	0.01943	0.19215	0.01815	0.00903	0.00619	0.00198	0.00555	0.00816	0.00431	0.00777
5	0.00897	0.00746	0.00965	0.00882	0.01000	0.00815	0.00690	0.01112	0.01410	0.01967	0.44548	0.03906	0.18708	0.01208	0.00962	0.00202	0.17927	0.00965	0.00533	0.00557
6	0.19409	0.00710	0.00649	0.00629	0.00862	0.00674	0.00484	0.01032	0.01250	0.01805	0.04745	0.04547	0.58763	0.01262	0.00613	0.00193	0.00330	0.01021	0.00499	0.00522
7	0.19716	0.00673	0.00613	0.00592	0.00778	0.00714	0.00457	0.01435	0.01168	0.02268	0.01652	0.01892	0.01296	0.00646	0.00396	0.00146	0.00311	0.00491	0.64194	0.00562
8	0.01223	0.01329	0.02809	0.02081	0.02544	0.01245	0.57290	0.01625	0.01314	0.01777	0.01634	0.19079	0.01551	0.00791	0.00699	0.00205	0.00835	0.00904	0.00350	0.00714
9	0.65284	0.01496	0.01034	0.00930	0.01276	0.18434	0.00741	0.01848	0.01138	0.02342	0.00830	0.00968	0.00657	0.00553	0.00397	0.00173	0.00585	0.00328	0.00346	0.00640
10	0.00814	0.00652	0.00767	0.00750	0.00945	0.00547	0.00542	0.00965	0.01203	0.01605	0.03584	0.37802	0.26402	0.01395	0.00654	0.00189	0.00345	0.01220	0.00496	0.19124
11	0.01280	0.01082	0.01170	0.01099	0.01361	0.01227	0.00835	0.02576	0.58241	0.02219	0.02556	0.19545	0.02242	0.01022	0.00626	0.00206	0.00433	0.00882	0.00580	0.00819
12	0.65066	0.01104	0.00934	0.00787	0.01182	0.01185	0.00643	0.01654	0.01038	0.02448	0.00860	0.01004	0.00682	0.00515	0.00376	0.00159	0.00446	0.00322	0.00356	0.19240
13	0.01406	0.01408	0.02556	0.05673	0.53835	0.01416	0.18009	0.01775	0.01311	0.01856	0.01096	0.01465	0.00901	0.00536	0.00660	0.00182	0.04205	0.00556	0.00287	0.00869
14	0.01381	0.01508	0.03087	0.02646	0.19391	0.01470	0.53067	0.01816	0.01332	0.01842	0.01132	0.01521	0.00884	0.00529	0.00737	0.00194	0.05727	0.00637	0.00290	0.00806
15	0.79475	0.01118	0.00880	0.00779	0.01143	0.01281	0.00641	0.01768	0.01025	0.06426	0.00887	0.00998	0.00672	0.00549	0.00372	0.00180	0.00452	0.00329	0.00379	0.00648
16	0.01867	0.01458	0.01552	0.01268	0.01672	0.01643	0.01022	0.42102	0.35188	0.03111	0.01833	0.01744	0.01343	0.00739	0.00586	0.00185	0.00559	0.00584	0.00586	0.00958
17	0.00837	0.00564	0.00655	0.00663	0.00671	0.00569	0.00386	0.00856	0.00867	0.01162	0.01894	0.08024	0.02172	0.70447	0.07445	0.00568	0.00613	0.00878	0.00361	0.00370
18	0.01272	0.01272	0.01781	0.01527	0.01527	0.01781	0.01272	0.01399	0.00891	0.01399	0.00763	0.01272	0.00763	0.01018	0.01908	0.00254	0.78499	0.00509	0.00254	0.00636
19	0.01633	0.01232	0.01339	0.01171	0.01521	0.01384	0.00920	0.06197	0.62040	0.12227	0.02314	0.02110	0.01696	0.00776	0.00590	0.00194	0.00473	0.00642	0.00608	0.00933
20	0.01409	0.04100	0.19416	0.01375	0.01857	0.01465	0.05748	0.05467	0.47711	0.02273	0.01892	0.01840	0.01410	0.00702	0.00581	0.00191	0.00599	0.00589	0.00480	0.00895
21	0.11058	0.02437	0.49953	0.01742	0.02476	0.01374	0.19188	0.01831	0.01234	0.01938	0.01048	0.01276	0.00759	0.00536	0.00562	0.00187	0.00840	0.00478	0.00271	0.00814
22	0.01907	0.00783	0.00978	0.00808	0.01113	0.00711	0.00648	0.02153	0.01460	0.42177	0.02111	0.02066	0.01463	0.00700	0.00503	0.00159	0.00392	0.00565	0.38520	0.00783
23	0.00803	0.00579	0.00780	0.00906	0.00991	0.00556	0.00700	0.00976	0.01219	0.01596	0.03303	0.44691	0.07678	0.01712	0.00765	0.00247	0.00418	0.31041	0.00538	0.00500
24	0.01530	0.01538	0.06661	0.02685	0.46643	0.10451	0.03723	0.01842	0.01365	0.07765	0.01378	0.09241	0.01223	0.00676	0.00589	0.00178	0.00702	0.00620	0.00347	0.00844
25	0.00831	0.00623	0.00935	0.00935	0.01038	0.00727	0.00727	0.01038	0.00935	0.01350	0.01558	0.02285	0.01454	0.04361	0.77259	0.00935	0.01558	0.00623	0.00312	0.00519

[dist]
# distance from previous block
# <min> <max>
0	1

[block]
# block no. 2 follows, 40 sequences, length 89
# corresponding to MSA columns:
# 136-224
name=unknown_C
#
# <colnr> <probs for GDERKNQSTAVLIFYWHMCP>
#	G	D	E	R	K	N	Q	S	T	A	V	L	I	F	Y	W	H	M	C	P
0	0.78195	0.01235	0.00908	0.00814	0.01170	0.06405	0.00663	0.01751	0.01034	0.02529	0.00816	0.00952	0.00638	0.00544	0.00371	0.00178	0.00490	0.00319	0.00356	0.00633
1	0.01470	0.01261	0.01328	0.01188	0.01521	0.01457	0.00926	0.05262	0.72675	0.02470	0.02337	0.02146	0.01751	0.00786	0.00591	0.00197	0.00466	0.00653	0.00591	0.00923
2	0.01444	0.01483	0.02651	0.03172	0.52079	0.03916	0.22915	0.01825	0.01349	0.01873	0.01112	0.01464	0.00904	0.00513	0.00606	0.00179	0.00788	0.00563	0.00290	0.00873
3	0.00862	0.00609	0.00762	0.00824	0.00905	0.00597	0.00621	0.01000	0.01131	0.01472	0.04371	0.08637	0.10141	0.33610	0.01672	0.00379	0.00508	0.30982	0.00463	0.00453
4	0.00823	0.00594	0.00777	0.00732	0.00869	0.00549	0.00549	0.01097	0.01646	0.02332	0.75629	0.04344	0.05487	0.01189	0.00686	0.00183	0.00274	0.01052	0.00640	0.00549
5	0.83671	0.01125	0.00855	0.00765	0.01125	0.01305	0.00630	0.01709	0.00990	0.02609	0.00810	0.00945	0.00630	0.00540	0.00360	0.00180	0.00450	0.00315	0.00360	0.00630
6	0.83671	0.01125	0.00855	0.00765	0.01125	0.01305	0.00630	0.01709	0.00990	0.02609	0.00810	0.00945	0.00630	0.00540	0.00360	0.00180	0.00450	0.00315	0.00360	0.00630
7	0.00823	0.00594	0.00777	0.00732	0.00869	0.00549	0.00549	0.01097	0.01646	0.02332	0.75629	0.04344	0.05487	0.01189	0.00686	0.00183	0.00274	0.01052	0.00640	0.00549
8	0.02101	0.02401	0.01635	0.01455	0.01732	0.59925	0.01116	0.02255	0.01553	0.08909	0.01021	0.01170	0.00820	0.00665	0.00708	0.00166	0.10919	0.00413	0.00336	0.00701
9	0.01206	0.01034	0.01206	0.00861	0.01378	0.00775	0.00689	0.01464	0.01206	0.01895	0.01034	0.01206	0.00861	0.00431	0.00431	0.00086	0.00431	0.00345	0.00345	0.83118
10	0.01708	0.01503	0.01913	0.21110	0.19058	0.11147	0.05249	0.18153	0.04733	0.07867	0.01271	0.01486	0.00951	0.00610	0.00579	0.00178	0.00737	0.00521	0.00394	0.00834
11	0.01405	0.01347	0.02299	0.11026	0.68745	0.01373	0.01768	0.01755	0.01308	0.01858	0.01088	0.01450	0.00907	0.00524	0.00576	0.00175	0.00699	0.00518	0.00285	0.00894
12	0.26680	0.01239	0.01695	0.02174	0.36964	0.01274	0.01239	0.04313	0.01332	0.15980	0.01240	0.01388	0.00931	0.00568	0.00512	0.00176	0.00580	0.00469	0.00399	0.00847
13	0.81480	0.01121	0.00868	0.00772	0.01134	0.01292	0.00636	0.01740	0.01008	0.04601	0.00850	0.00973	0.00652	0.00545	0.00366	0.00180	0.00451	0.00322	0.00370	0.00640
14	0.01699	0.01410	0.01673	0.01363	0.01764	0.01570	0.08271	0.27069	0.43012	0.02795	0.01918	0.01847	0.01419	0.00728	0.00598	0.00189	0.00573	0.00615	0.00559	0.00930
15	0.01183	0.01086	0.05754	0.01088	0.01367	0.01066	0.00922	0.05138	0.33086	0.02117	0.06255	0.06552	0.09698	0.01215	0.03163	0.00238	0.00517	0.18279	0.00542	0.00734
16	0.01010	0.00505	0.00758	0.00758	0.00758	0.00505	0.00505	0.00758	0.00758	0.01010	0.01010	0.01768	0.01010	0.02020	0.02273	0.83081	0.00505	0.00505	0.00253	0.00253
17	0.01481	0.01625	0.14270	0.09728	0.12043	0.01462	0.10004	0.12795	0.22257	0.03526	0.01503	0.01635	0.01126	0.00650	0.00635	0.00190	0.03225	0.00564	0.00414	0.00868
18	0.10182	0.05161	0.01568	0.01165	0.01581	0.01620	0.00966	0.54297	0.02297	0.03264	0.01372	0.01425	0.01004	0.00670	0.00528	0.00168	0.00574	0.00495	0.10777	0.00886
19	0.01476	0.03851	0.01288	0.01085	0.01355	0.08434	0.00845	0.28175	0.05274	0.02322	0.02304	0.23190	0.08773	0.01383	0.07238	0.00256	0.00634	0.00893	0.00505	0.00719
20	0.01618	0.60041	0.11500	0.01113	0.01640	0.05655	0.01135	0.04842	0.01298	0.05220	0.00938	0.01044	0.00790	0.00528	0.00421	0.00137	0.00665	0.00350	0.00288	0.00778
21	0.24246	0.09655	0.05772	0.01676	0.18284	0.23445	0.01139	0.01869	0.01281	0.01859	0.00967	0.01254	0.00827	0.04773	0.00607	0.00185	0.00724	0.00412	0.00308	0.00718
22	0.01417	0.01480	0.05623	0.03307	0.60975	0.01395	0.13564	0.01800	0.01328	0.01891	0.01105	0.01452	0.00907	0.00515	0.00593	0.00177	0.00745	0.00542	0.00287	0.00896
23	0.00933	0.00749	0.01035	0.00979	0.01029	0.00913	0.00739	0.01062	0.00899	0.01297	0.01462	0.02501	0.01492	0.25395	0.39085	0.00677	0.18283	0.00662	0.00311	0.00497
24	0.01750	0.01438	0.01746	0.01663	0.12830	0.01582	0.04587	0.31477	0.31252	0.02824	0.01728	0.01719	0.01287	0.00698	0.00590	0.00184	0.00592	0.00584	0.00528	0.00942
25	0.00706	0.00514	0.00666	0.00788	0.00838	0.00474	0.00530	0.00812	0.01135	0.01493	0.03474	0.71827	0.11029	0.01787	0.00737	0.00232	0.00333	0.01611	0.00540	0.00474
26	0.01206	0.01034	0.01206	0.00861	0.01378	0.00775	0.00689	0.01464	0.01206	0.01895	0.01034	0.01206	0.00861	0.00431	0.00431	0.00086	0.00431	0.00345	0.00345	0.83118
27	0.00787	0.00593	0.00728	0.00694	0.00847	0.00534	0.00521	0.01028	0.01562	0.02132	0.57331	0.04673	0.23909	0.01263	0.00686	0.00186	0.00280	0.01098	0.00614	0.00534
28	0.00844	0.00569	0.00662	0.00662	0.00671	0.00579	0.00387	0.00863	0.00854	0.01148	0.01807	0.03666	0.02054	0.72657	0.09783	0.00598	0.00655	0.00825	0.00349	0.00368
29	0.38471	0.01459	0.03674	0.04566	0.10953	0.08969	0.01015	0.14501	0.03090	0.06740	0.01093	0.01217	0.00822	0.00589	0.00475	0.00176	0.00602	0.00418	0.00402	0.00769
30	0.01891	0.05317	0.01637	0.01280	0.01679	0.09116	0.01033	0.37056	0.29474	0.02875	0.01681	0.01629	0.01247	0.00713	0.00570	0.00178	0.00612	0.00549	0.00542	0.00921
31	0.00895	0.00682	0.00824	0.00789	0.00950	0.00669	0.00590	0.01343	0.12472	0.02181	0.48971	0.11593	0.11976	0.01213	0.00673	0.00191	0.00310	0.01062	0.02027	0.00590
32	0.03696	0.01111	0.03960	0.10324	0.22762	0.01102	0.01194	0.11994	0.01454	0.04566	0.01938	0.20237	0.03094	0.02332	0.00674	0.00207	0.00578	0.07611	0.00431	0.00734
33	0.01228	0.15182	0.64914	0.01553	0.02355	0.01501	0.01966	0.01826	0.01220	0.01767	0.01006	0.01181	0.00738	0.00544	0.00524	0.00175	0.00822	0.00411	0.00246	0.00842
34	0.02609	0.00990	0.01350	0.01035	0.01484	0.00855	0.00855	0.02834	0.01664	0.76338	0.02294	0.01979	0.01439	0.00720	0.00585	0.00180	0.00495	0.00585	0.00720	0.00990
35	0.01332	0.01236	0.02069	0.03053	0.61280	0.01233	0.01587	0.01663	0.01352	0.01916	0.07328	0.02263	0.01568	0.00698	0.00611	0.00184	0.00639	0.08797	0.00345	0.00847
36	0.01408	0.03696	0.39743	0.05317	0.23075	0.01444	0.01842	0.12879	0.01482	0.02114	0.01107	0.01321	0.00829	0.00565	0.00561	0.00179	0.00770	0.00470	0.00310	0.00886
37	0.01636	0.01762	0.19943	0.02011	0.23534	0.08838	0.04937	0.02015	0.01442	0.17999	0.08777	0.01762	0.01426	0.00644	0.00583	0.00177	0.00698	0.00558	0.00408	0.00852
38	0.01478	0.01242	0.01316	0.01179	0.01511	0.01430	0.00919	0.03083	0.72906	0.04430	0.02365	0.02164	0.01766	0.00787	0.00592	0.00197	0.00461	0.00655	0.00595	0.00922
39	0.43181	0.04324	0.01365	0.01319	0.08859	0.28906	0.00936	0.01940	0.01268	0.02067	0.00870	0.01031	0.00706	0.00558	0.00442	0.00166	0.00697	0.00357	0.00327	0.00679
40	0.01674	0.00715	0.00854	0.00733	0.00990	0.00663	0.00580	0.01927	0.01392	0.30861	0.02051	0.02095	0.01471	0.00694	0.00475	0.00153	0.00358	0.00559	0.51041	0.00715
41	0.01378	0.27386	0.01810	0.01076	0.01380	0.11350	0.00907	0.04115	0.11639	0.01595	0.01332	0.01629	0.01157	0.01961	0.28341	0.00434	0.00995	0.00489	0.00338	0.00687
42	0.02609	0.00990	0.01350	0.01035	0.01484	0.00855	0.00855	0.02834	0.01664	0.76338	0.02294	0.01979	0.01439	0.00720	0.00585	0.00180	0.00495	0.00585	0.00720	0.00990
43	0.02014	0.01531	0.01635	0.01298	0.01728	0.01712	0.01058	0.55764	0.21287	0.03348	0.01646	0.01595	0.01191	0.00721	0.00584	0.00180	0.00594	0.00558	0.00584	0.00971
44	0.00910	0.00679	0.00866	0.00859	0.01017	0.00668	0.00682	0.01316	0.08878	0.02165	0.47321	0.04738	0.06887	0.01266	0.00707	0.00207	0.00361	0.19289	0.00605	0.00581
45	0.00695	0.00582	0.00604	0.00614	0.00794	0.00492	0.00455	0.00843	0.01321	0.01595	0.08562	0.11892	0.66579	0.01491	0.00692	0.00199	0.00297	0.01257	0.00544	0.00492
46	0.00838	0.00596	0.00796	0.00796	0.00852	0.00652	0.00554	0.00950	0.00894	0.01247	0.01684	0.02985	0.01758	0.39011	0.43025	0.00764	0.01100	0.00726	0.00330	0.00442
47	0.00823	0.00594	0.00777	0.00732	0.00869	0.00549	0.00549	0.01097	0.01646	0.02332	0.75629	0.04344	0.05487	0.01189	0.00686	0.00183	0.00274	0.01052	0.00640	0.00549
48	0.01206	0.01034	0.01206	0.00861	0.01378	0.00775	0.00689	0.01464	0.01206	0.01895	0.01034	0.01206	0.00861	0.00431	0.00431	0.00086	0.00431	0.00345	0.00345	0.83118
49	0.01287	0.01053	0.01267	0.00933	0.01398	0.00873	0.00752	0.01531	0.01201	0.05829	0.01076	0.01253	0.00883	0.00501	0.00576	0.00107	0.07701	0.00373	0.00356	0.71050
50	0.01259	0.01616	0.20553	0.01484	0.09275	0.01047	0.07978	0.01653	0.01247	0.03178	0.01077	0.01282	0.00848	0.00481	0.00502	0.00131	0.00617	0.00419	0.00316	0.45036
51	0.13702	0.01216	0.01268	0.03287	0.01323	0.10098	0.00881	0.06270	0.01156	0.01722	0.05119	0.02013	0.01354	0.19647	0.04096	0.00316	0.25021	0.00578	0.00343	0.00588
52	0.02609	0.00990	0.01350	0.01035	0.01484	0.00855	0.00855	0.02834	0.01664	0.76338	0.02294	0.01979	0.01439	0.00720	0.00585	0.00180	0.00495	0.00585	0.00720	0.00990
53	0.02063	0.01166	0.01769	0.02098	0.32493	0.01104	0.01245	0.02410	0.05231	0.41594	0.01798	0.01764	0.01241	0.00639	0.00581	0.00178	0.00575	0.00561	0.00533	0.00958
54	0.12012	0.10535	0.02122	0.01783	0.11292	0.33503	0.14460	0.04521	0.01461	0.01784	0.00971	0.01180	0.00788	0.00554	0.00526	0.00163	0.00856	0.00441	0.00309	0.00739
55	0.02559	0.01069	0.01399	0.01072	0.01524	0.00973	0.00886	0.11692	0.01798	0.67292	0.02182	0.01907	0.01383	0.00717	0.00584	0.00179	0.00513	0.00577	0.00703	0.00990
56	0.00710	0.00592	0.00624	0.00642	0.00825	0.00505	0.00490	0.00865	0.01315	0.01581	0.05505	0.09614	0.65617	0.01503	0.00700	0.00205	0.00318	0.07357	0.00540	0.00494
57	0.00812	0.00767	0.04885	0.00868	0.01075	0.00619	0.04130	0.01038	0.01348	0.01741	0.16172	0.15422	0.34638	0.01400	0.00706	0.00211	0.00399	0.12701	0.00528	0.00539
58	0.01238	0.17175	0.63010	0.01535	0.02328	0.01526	0.01936	0.01823	0.01219	0.01754	0.01000	0.01173	0.00738	0.00542	0.00519	0.00173	0.00816	0.00408	0.00246	0.00839
59	0.02114	0.01060	0.01260	0.00998	0.01373	0.01047	0.00814	0.22739	0.01858	0.37081	0.01939	0.01860	0.01324	0.00703	0.00539	0.00167	0.00480	0.00557	0.21209	0.00877
60	0.00711	0.00590	0.00623	0.00614	0.00800	0.00501	0.00461	0.00881	0.01382	0.01706	0.18268	0.05374	0.63238	0.01422	0.00687	0.00194	0.00291	0.01196	0.00558	0.00501
61	0.01316	0.06319	0.63350	0.01612	0.02407	0.01358	0.05390	0.01922	0.01269	0.08097	0.01144	0.01294	0.00803	0.00561	0.00553	0.00182	0.00823	0.00449	0.00288	0.00862
62	0.02255	0.01497	0.16748	0.01207	0.01743	0.01097	0.01156	0.13246	0.01735	0.50303	0.01905	0.01739	0.01229	0.00682	0.00578	0.00180	0.00591	0.00544	0.00602	0.00963
63	0.04974	0.02921	0.73057	0.01616	0.02453	0.01348	0.02078	0.01836	0.01217	0.01877	0.01033	0.01215	0.00732	0.00552	0.00544	0.00184	0.00841	0.00424	0.00251	0.00849
64	0.00741	0.00586	0.00675	0.00726	0.00875	0.00521	0.00554	0.00904	0.01294	0.01608	0.07136	0.21111	0.45480	0.01560	0.00719	0.00217	0.00346	0.13908	0.00542	0.00497
65	0.03935	0.04887	0.08822	0.00954	0.01498	0.00942	0.00856	0.03039	0.01232	0.01926	0.01024	0.01191	0.00839	0.00455	0.00441	0.00103	0.00487	0.00354	0.00336	0.66680
66	0.00706	0.00514	0.00666	0.00788	0.00838	0.00474	0.00530	0.00812	0.01135	0.01493	0.03474	0.71827	0.11029	0.01787	0.00737	0.00232	0.00333	0.01611	0.00540	0.00474
67	0.01035	0.00655	0.00764	0.00701	0.00921	0.00566	0.00538	0.01230	0.01470	0.13823	0.24870	0.04663	0.44052	0.01272	0.00670	0.00190	0.00321	0.01075	0.00597	0.00587
68	0.00800	0.00594	0.00746	0.00708	0.00855	0.00539	0.00531	0.01053	0.01592	0.02204	0.63936	0.04554	0.17259	0.01236	0.00686	0.00185	0.00278	0.01081	0.00623	0.00539
69	0.01084	0.00542	0.00542	0.00542	0.00678	0.00542	0.00407	0.01355	0.01220	0.02168	0.01897	0.02168	0.01491	0.00678	0.00407	0.00136	0.00271	0.00542	0.82791	0.00542
70	0.00687	0.00589	0.00589	0.00589	0.00785	0.00491	0.00442	0.00835	0.01325	0.01571	0.05891	0.05596	0.75700	0.01473	0.00687	0.00196	0.00295	0.01227	0.00540	0.00491
71	0.01446	0.01249	0.01315	0.01183	0.01512	0.01446	0.00920	0.03090	0.74885	0.02433	0.02367	0.02170	0.01775	0.00789	0.00592	0.00197	0.00460	0.00657	0.00592	0.00920
72	0.01166	0.03008	0.76550	0.01657	0.02517	0.01351	0.02149	0.01842	0.01228	0.01842	0.01044	0.01228	0.00737	0.00552	0.00552	0.00184	0.00859	0.00430	0.00246	0.00859
73	0.83671	0.01125	0.00855	0.00765	0.01125	0.01305	0.00630	0.01709	0.00990	0.02609	0.00810	0.00945	0.00630	0.00540	0.00360	0.00180	0.00450	0.00315	0.00360	0.00630
74	0.00694	0.00589	0.00598	0.00596	0.00789	0.00494	0.00447	0.00847	0.01340	0.01606	0.09109	0.05539	0.72459	0.01460	0.00687	0.00196	0.00294	0.01219	0.00545	0.00494
75	0.01162	0.00855	0.00965	0.00745	0.01124	0.00691	0.00586	0.01425	0.01211	0.01994	0.01347	0.01555	0.01090	0.00520	0.00422	0.00104	0.00373	0.00416	0.30274	0.53142
76	0.01330	0.01430	0.02971	0.02158	0.02672	0.01353	0.59995	0.05168	0.01454	0.01979	0.08714	0.05068	0.01471	0.00625	0.00684	0.00195	0.00867	0.00755	0.00353	0.00757
77	0.01261	0.01282	0.01987	0.01637	0.01731	0.01670	0.12591	0.01444	0.00977	0.01476	0.00944	0.05019	0.00928	0.00973	0.01662	0.00244	0.62656	0.00591	0.00274	0.00652
78	0.01529	0.74750	0.07981	0.01039	0.01561	0.02237	0.01072	0.01748	0.01185	0.01400	0.00824	0.00953	0.00746	0.00501	0.00385	0.00128	0.00638	0.00319	0.00249	0.00754
79	0.00937	0.00669	0.00937	0.01071	0.01205	0.00669	0.00937	0.01205	0.01339	0.01740	0.03079	0.06560	0.03347	0.01606	0.00803	0.00268	0.00535	0.72021	0.00535	0.00535
80	0.00910	0.00611	0.00740	0.00720	0.00888	0.00541	0.00535	0.01102	0.01434	0.08396	0.30612	0.18180	0.30439	0.01366	0.00688	0.00197	0.00313	0.01184	0.00592	0.00552
81	0.01209	0.01753	0.26243	0.14638	0.26689	0.01262	0.04431	0.01656	0.01230	0.01750	0.01209	0.01714	0.01001	0.00973	0.08249	0.00261	0.00850	0.03806	0.00283	0.00793
82	0.00816	0.00594	0.00767	0.00724	0.00864	0.00546	0.00543	0.01083	0.01629	0.02291	0.71901	0.04411	0.09241	0.01204	0.00686	0.00184	0.00275	0.01061	0.00635	0.00546
83	0.01421	0.01363	0.02327	0.07557	0.72090	0.01377	0.01776	0.01769	0.01315	0.01878	0.01091	0.01445	0.00913	0.00522	0.00576	0.00174	0.00695	0.00518	0.00286	0.00906
84	0.01727	0.01388	0.01895	0.05462	0.09077	0.04945	0.09533	0.14600	0.09276	0.13943	0.01385	0.01555	0.01046	0.00741	0.00930	0.00200	0.20480	0.00555	0.00431	0.00831
85	0.01380	0.00698	0.00876	0.04354	0.01137	0.00662	0.00667	0.01615	0.01348	0.20973	0.02648	0.10482	0.09367	0.01002	0.00575	0.00184	0.00397	0.10555	0.30431	0.00649
86	0.00707	0.00513	0.00667	0.00790	0.00838	0.00474	0.00531	0.00812	0.01132	0.01492	0.03441	0.72712	0.10166	0.01791	0.00737	0.00233	0.00334	0.01616	0.00540	0.00474
87	0.01597	0.01754	0.09292	0.02136	0.27806	0.16431	0.01400	0.13429	0.03823	0.02038	0.01367	0.08066	0.01225	0.00741	0.00642	0.00182	0.03967	0.02919	0.00370	0.00815
88	0.01343	0.19487	0.05764	0.01282	0.05040	0.01301	0.04414	0.09835	0.01430	0.04959	0.01880	0.03276	0.01832	0.01322	0.08282	0.00274	0.00713	0.26443	0.00421	0.00701

[dist]
# distance from previous block
# <min> <max>
0	1

[block]
# block no. 3 follows, 40 sequences, length 38
# corresponding to MSA columns:
# 235-269,283-285
name=unknown_D
#
# <colnr> <probs for GDERKNQSTAVLIFYWHMCP>
#	G	D	E	R	K	N	Q	S	T	A	V	L	I	F	Y	W	H	M	C	P
0	0.01728	0.04545	0.01973	0.01466	0.01883	0.01458	0.17206	0.33663	0.03605	0.07686	0.01440	0.01654	0.01099	0.01389	0.16114	0.00332	0.00887	0.00579	0.00459	0.00837
1	0.01554	0.01479	0.01808	0.02232	0.34214	0.14527	0.03934	0.07671	0.04790	0.02020	0.01292	0.01542	0.01040	0.00603	0.00577	0.00166	0.02854	0.00510	0.16391	0.00797
2	0.01427	0.01365	0.02306	0.06232	0.71057	0.01380	0.01752	0.01813	0.03533	0.01901	0.01130	0.01465	0.00941	0.00529	0.00576	0.00174	0.00687	0.00522	0.00296	0.00911
3	0.01806	0.01428	0.01518	0.01256	0.01649	0.01615	0.01008	0.36487	0.40902	0.03013	0.01910	0.01805	0.01405	0.00746	0.00587	0.00187	0.00545	0.00594	0.00587	0.00953
4	0.01340	0.01210	0.01653	0.24970	0.17097	0.01387	0.01303	0.02344	0.37903	0.02040	0.01709	0.01837	0.01302	0.00672	0.00585	0.00191	0.00602	0.00587	0.00430	0.00837
5	0.00709	0.00506	0.00675	0.00810	0.00843	0.00472	0.00540	0.00810	0.01113	0.01484	0.03205	0.79184	0.03846	0.01822	0.00742	0.00236	0.00337	0.01653	0.00540	0.00472
6	0.00687	0.00589	0.00589	0.00589	0.00785	0.00491	0.00442	0.00835	0.01325	0.01571	0.05891	0.05596	0.75700	0.01473	0.00687	0.00196	0.00295	0.01227	0.00540	0.00491
7	0.83671	0.01125	0.00855	0.00765	0.01125	0.01305	0.00630	0.01709	0.00990	0.02609	0.00810	0.00945	0.00630	0.00540	0.00360	0.00180	0.00450	0.00315	0.00360	0.00630
8	0.01206	0.01034	0.01206	0.00861	0.01378	0.00775	0.00689	0.01464	0.01206	0.01895	0.01034	0.01206	0.00861	0.00431	0.00431	0.00086	0.00431	0.00345	0.00345	0.83118
9	0.02172	0.02772	0.01648	0.01498	0.01798	0.77228	0.01124	0.02322	0.01648	0.01423	0.00899	0.01049	0.00749	0.00599	0.00524	0.00150	0.01049	0.00375	0.00300	0.00674
10	0.01084	0.00542	0.00542	0.00542	0.00678	0.00542	0.00407	0.01355	0.01220	0.02168	0.01897	0.02168	0.01491	0.00678	0.00407	0.00136	0.00271	0.00542	0.82791	0.00542
11	0.01206	0.01034	0.01206	0.00861	0.01378	0.00775	0.00689	0.01464	0.01206	0.01895	0.01034	0.01206	0.00861	0.00431	0.00431	0.00086	0.00431	0.00345	0.00345	0.83118
12	0.83671	0.01125	0.00855	0.00765	0.01125	0.01305	0.00630	0.01709	0.00990	0.02609	0.00810	0.00945	0.00630	0.00540	0.00360	0.00180	0.00450	0.00315	0.00360	0.00630
13	0.00725	0.00580	0.00649	0.00654	0.00814	0.00504	0.00482	0.00900	0.01383	0.01758	0.23711	0.14433	0.48474	0.01442	0.00694	0.00198	0.00295	0.01235	0.00566	0.00504
14	0.00687	0.00589	0.00589	0.00589	0.00785	0.00491	0.00442	0.00835	0.01325	0.01571	0.05891	0.05596	0.75700	0.01473	0.00687	0.00196	0.00295	0.01227	0.00540	0.00491
15	0.01397	0.01338	0.02284	0.12858	0.66979	0.01371	0.01764	0.01747	0.01304	0.01848	0.01086	0.01453	0.00903	0.00526	0.00576	0.00175	0.00701	0.00518	0.00284	0.00887
16	0.01158	0.00979	0.01152	0.00845	0.01315	0.00747	0.00672	0.01419	0.01261	0.01949	0.10322	0.01597	0.01437	0.00525	0.00462	0.00098	0.00411	0.00433	0.00381	0.72836
17	0.61536	0.11505	0.11772	0.00920	0.01367	0.01439	0.00890	0.01732	0.01048	0.02342	0.00842	0.00983	0.00660	0.00536	0.00389	0.00173	0.00529	0.00331	0.00330	0.00677
18	0.01196	0.02758	0.64402	0.01751	0.02542	0.01383	0.11038	0.01826	0.01232	0.01826	0.01049	0.01272	0.00756	0.00564	0.00624	0.00189	0.04034	0.00465	0.00252	0.00841
19	0.01396	0.00715	0.00773	0.00689	0.00900	0.00717	0.00538	0.09390	0.01439	0.11566	0.01892	0.02061	0.01430	0.00685	0.00448	0.00145	0.00339	0.00545	0.63686	0.00646
20	0.01439	0.01382	0.02360	0.03569	0.75936	0.01382	0.01785	0.01785	0.01324	0.01900	0.01094	0.01439	0.00921	0.00518	0.00576	0.00173	0.00691	0.00518	0.00288	0.00921
21	0.00690	0.00579	0.00600	0.00617	0.00793	0.00489	0.00454	0.00831	0.01299	0.01560	0.05557	0.14760	0.66752	0.01516	0.00694	0.00201	0.00300	0.01280	0.00540	0.00489
22	0.83671	0.01125	0.00855	0.00765	0.01125	0.01305	0.00630	0.01709	0.00990	0.02609	0.00810	0.00945	0.00630	0.00540	0.00360	0.00180	0.00450	0.00315	0.00360	0.00630
23	0.00687	0.00589	0.00589	0.00589	0.00785	0.00491	0.00442	0.00835	0.01325	0.01571	0.05891	0.05596	0.75700	0.01473	0.00687	0.00196	0.00295	0.01227	0.00540	0.00491
24	0.00912	0.00652	0.00909	0.01043	0.01166	0.00648	0.00894	0.01162	0.01314	0.01713	0.03093	0.14409	0.03401	0.01630	0.00797	0.00264	0.00514	0.64416	0.00536	0.00529
25	0.01206	0.01034	0.01206	0.00861	0.01378	0.00775	0.00689	0.01464	0.01206	0.01895	0.01034	0.01206	0.00861	0.00431	0.00431	0.00086	0.00431	0.00345	0.00345	0.83118
26	0.37063	0.01369	0.01312	0.01060	0.01473	0.03810	0.00871	0.32029	0.01822	0.12194	0.01242	0.01265	0.00884	0.00630	0.00486	0.00177	0.00553	0.00437	0.00495	0.00826
27	0.01379	0.01270	0.01579	0.01362	0.01479	0.05749	0.01115	0.13365	0.01247	0.01764	0.01052	0.01506	0.00954	0.01687	0.18402	0.00387	0.44179	0.00529	0.00324	0.00670
28	0.00687	0.00589	0.00589	0.00589	0.00785	0.00491	0.00442	0.00835	0.01325	0.01571	0.05891	0.05596	0.75700	0.01473	0.00687	0.00196	0.00295	0.01227	0.00540	0.00491
29	0.01272	0.01272	0.01781	0.01527	0.01527	0.01781	0.01272	0.01399	0.00891	0.01399	0.00763	0.01272	0.00763	0.01018	0.01908	0.00254	0.78499	0.00509	0.00254	0.00636
30	0.01535	0.01356	0.02214	0.05023	0.54903	0.01372	0.05448	0.08731	0.03078	0.05545	0.01290	0.01695	0.01063	0.00595	0.00592	0.00179	0.00683	0.03444	0.00352	0.00900
31	0.01382	0.01314	0.02179	0.06665	0.57489	0.01280	0.04237	0.01720	0.01299	0.01878	0.01084	0.01411	0.00903	0.00506	0.00556	0.00160	0.00663	0.00496	0.00296	0.14484
32	0.83671	0.01125	0.00855	0.00765	0.01125	0.01305	0.00630	0.01709	0.00990	0.02609	0.00810	0.00945	0.00630	0.00540	0.00360	0.00180	0.00450	0.00315	0.00360	0.00630
33	0.01320	0.01160	0.10485	0.01247	0.11492	0.00973	0.00943	0.13419	0.01504	0.02337	0.05028	0.01898	0.01405	0.00660	0.00491	0.00154	0.00467	0.00540	0.41448	0.03028
34	0.00750	0.00592	0.00676	0.00655	0.00824	0.00518	0.00491	0.00957	0.01474	0.01924	0.38256	0.05015	0.43114	0.01341	0.00687	0.00190	0.00285	0.01146	0.00586	0.00518
35	0.69912	0.01102	0.00939	0.00811	0.01186	0.01228	0.00668	0.01900	0.01104	0.15123	0.01062	0.01120	0.00767	0.00570	0.00398	0.00180	0.00457	0.00361	0.00421	0.00691
36	0.00772	0.00637	0.00664	0.00640	0.00841	0.00557	0.00485	0.04174	0.01427	0.01756	0.14014	0.05257	0.63938	0.01404	0.00682	0.00194	0.00308	0.01175	0.00554	0.00520
37	0.00869	0.00692	0.00796	0.00750	0.00901	0.04009	0.00563	0.01123	0.01610	0.02205	0.64424	0.04335	0.13152	0.01194	0.00679	0.00183	0.00312	0.01041	0.00614	0.00548

[dist]
# distance from previous block
# <min> <max>
0	28

[block]
# block no. 4 follows, 40 sequences, length 76
# corresponding to MSA columns:
# 314-365,379-402
name=unknown_E
#
# <colnr> <probs for GDERKNQSTAVLIFYWHMCP>
#	G	D	E	R	K	N	Q	S	T	A	V	L	I	F	Y	W	H	M	C	P
0	0.02179	0.01619	0.01770	0.01428	0.04797	0.01786	0.01133	0.71081	0.02677	0.03594	0.01384	0.01398	0.00986	0.00691	0.00581	0.00174	0.00642	0.00523	0.00570	0.00986
1	0.01112	0.01048	0.01769	0.75153	0.06910	0.01296	0.01622	0.01498	0.01169	0.01503	0.01036	0.01546	0.00781	0.00579	0.00581	0.00193	0.00772	0.00517	0.00260	0.00657
2	0.02180	0.01614	0.01728	0.01332	0.01792	0.01789	0.01098	0.71134	0.05647	0.03615	0.01435	0.01427	0.01021	0.00702	0.00582	0.00175	0.00633	0.00529	0.00582	0.00986
3	0.83671	0.01125	0.00855	0.00765	0.01125	0.01305	0.00630	0.01709	0.00990	0.02609	0.00810	0.00945	0.00630	0.00540	0.00360	0.00180	0.00450	0.00315	0.00360	0.00630
4	0.01446	0.01249	0.01315	0.01183	0.01512	0.01446	0.00920	0.03090	0.74885	0.02433	0.02367	0.02170	0.01775	0.00789	0.00592	0.00197	0.00460	0.00657	0.00592	0.00920
5	0.00709	0.00506	0.00675	0.00810	0.00843	0.00472	0.00540	0.00810	0.01113	0.01484	0.03205	0.79184	0.03846	0.01822	0.00742	0.00236	0.00337	0.01653	0.00540	0.00472
6	0.01446	0.01249	0.01315	0.01183	0.01512	0.01446	0.00920	0.03090	0.74885	0.02433	0.02367	0.02170	0.01775	0.00789	0.00592	0.00197	0.00460	0.00657	0.00592	0.00920
7	0.00831	0.00623	0.00935	0.00935	0.01038	0.00727	0.00727	0.01038	0.00935	0.01350	0.01558	0.02285	0.01454	0.04361	0.77259	0.00935	0.01558	0.00623	0.00312	0.00519
8	0.01166	0.03008	0.76550	0.01657	0.02517	0.01351	0.02149	0.01842	0.01228	0.01842	0.01044	0.01228	0.00737	0.00552	0.00552	0.00184	0.00859	0.00430	0.00246	0.00859
9	0.34560	0.01043	0.01154	0.00928	0.01343	0.01032	0.00766	0.02391	0.01398	0.47278	0.01709	0.01572	0.01120	0.00649	0.00496	0.00180	0.00477	0.00478	0.00578	0.00848
10	0.00823	0.00594	0.00777	0.00732	0.00869	0.00549	0.00549	0.01097	0.01646	0.02332	0.75629	0.04344	0.05487	0.01189	0.00686	0.00183	0.00274	0.01052	0.00640	0.00549
11	0.01788	0.02024	0.01475	0.01337	0.01588	0.44784	0.01018	0.04472	0.13625	0.01624	0.01217	0.01425	0.01011	0.01106	0.07699	0.06342	0.05969	0.00467	0.00352	0.00678
12	0.01373	0.01569	0.03431	0.02451	0.03039	0.01471	0.73824	0.01863	0.01373	0.01863	0.01176	0.01569	0.00882	0.00490	0.00686	0.00196	0.00980	0.00686	0.00294	0.00784
13	0.01401	0.01201	0.01275	0.01150	0.01465	0.01380	0.00893	0.02943	0.69493	0.02425	0.07761	0.02330	0.02048	0.00818	0.00599	0.00196	0.00447	0.00686	0.00595	0.00893
14	0.01625	0.01338	0.01416	0.01220	0.01580	0.01530	0.00964	0.19704	0.57980	0.02721	0.02139	0.01988	0.01591	0.00768	0.00589	0.00192	0.00502	0.00626	0.00589	0.00936
15	0.01490	0.01575	0.07170	0.04625	0.30063	0.05755	0.18967	0.10495	0.04909	0.02112	0.06028	0.01654	0.01229	0.00598	0.00607	0.00180	0.00751	0.00586	0.00358	0.00846
16	0.01229	0.01020	0.01021	0.05901	0.01285	0.11902	0.00736	0.01591	0.07613	0.07505	0.37208	0.03271	0.09419	0.00982	0.00620	0.00177	0.00453	0.00828	0.06608	0.00631
17	0.83671	0.01125	0.00855	0.00765	0.01125	0.01305	0.00630	0.01709	0.00990	0.02609	0.00810	0.00945	0.00630	0.00540	0.00360	0.00180	0.00450	0.00315	0.00360	0.00630
18	0.00715	0.00509	0.00673	0.00802	0.00834	0.00476	0.00531	0.00811	0.01101	0.01469	0.03144	0.75822	0.03769	0.05289	0.00841	0.00251	0.00347	0.01617	0.00531	0.00467
19	0.83671	0.01125	0.00855	0.00765	0.01125	0.01305	0.00630	0.01709	0.00990	0.02609	0.00810	0.00945	0.00630	0.00540	0.00360	0.00180	0.00450	0.00315	0.00360	0.00630
20	0.01373	0.01569	0.03431	0.02451	0.03039	0.01471	0.73824	0.01863	0.01373	0.01863	0.01176	0.01569	0.00882	0.00490	0.00686	0.00196	0.00980	0.00686	0.00294	0.00784
21	0.02211	0.01629	0.01745	0.01338	0.01803	0.01803	0.01105	0.73997	0.02734	0.03665	0.01396	0.01396	0.00989	0.00698	0.00582	0.00175	0.00640	0.00524	0.00582	0.00989
22	0.01261	0.01056	0.01155	0.01057	0.01326	0.01184	0.00813	0.02502	0.53747	0.02365	0.20164	0.06231	0.02770	0.00933	0.00621	0.00196	0.00410	0.00799	0.00601	0.00810
23	0.01067	0.00545	0.00557	0.00554	0.00690	0.00542	0.00416	0.01338	0.01247	0.02179	0.06681	0.02309	0.01750	0.00711	0.00425	0.00139	0.00271	0.00575	0.77461	0.00542
24	0.00739	0.00591	0.00661	0.00644	0.00817	0.00513	0.00483	0.00935	0.01448	0.01862	0.32558	0.05117	0.48851	0.01364	0.00687	0.00191	0.00287	0.01160	0.00578	0.00513
25	0.83671	0.01125	0.00855	0.00765	0.01125	0.01305	0.00630	0.01709	0.00990	0.02609	0.00810	0.00945	0.00630	0.00540	0.00360	0.00180	0.00450	0.00315	0.00360	0.00630
26	0.00687	0.00589	0.00589	0.00589	0.00785	0.00491	0.00442	0.00835	0.01325	0.01571	0.05891	0.05596	0.75700	0.01473	0.00687	0.00196	0.00295	0.01227	0.00540	0.00491
27	0.83671	0.01125	0.00855	0.00765	0.01125	0.01305	0.00630	0.01709	0.00990	0.02609	0.00810	0.00945	0.00630	0.00540	0.00360	0.00180	0.00450	0.00315	0.00360	0.00630
28	0.83671	0.01125	0.00855	0.00765	0.01125	0.01305	0.00630	0.01709	0.00990	0.02609	0.00810	0.00945	0.00630	0.00540	0.00360	0.00180	0.00450	0.00315	0.00360	0.00630
29	0.01555	0.79913	0.03047	0.00995	0.01493	0.02301	0.00995	0.01741	0.01182	0.01368	0.00808	0.00933	0.00746	0.00498	0.00373	0.00124	0.00622	0.00311	0.00249	0.00746
30	0.01280	0.01077	0.01246	0.00896	0.01409	0.00851	0.00720	0.06805	0.01318	0.02025	0.01060	0.01220	0.00871	0.00450	0.00442	0.00093	0.00446	0.00358	0.00362	0.77071
31	0.00832	0.00558	0.00638	0.00652	0.00656	0.00554	0.00372	0.00842	0.00873	0.01164	0.01973	0.11508	0.02291	0.71619	0.02733	0.00530	0.00541	0.00928	0.00372	0.00365
32	0.22682	0.01722	0.01501	0.01316	0.01519	0.25619	0.01055	0.04116	0.01216	0.01790	0.00839	0.01121	0.00732	0.00752	0.01030	0.00200	0.31409	0.00417	0.00306	0.00658
33	0.83671	0.01125	0.00855	0.00765	0.01125	0.01305	0.00630	0.01709	0.00990	0.02609	0.00810	0.00945	0.00630	0.00540	0.00360	0.00180	0.00450	0.00315	0.00360	0.00630
34	0.01284	0.01082	0.01144	0.01034	0.01327	0.01196	0.00802	0.07052	0.49007	0.02297	0.06452	0.04916	0.17991	0.00976	0.00620	0.00196	0.00424	0.00816	0.00581	0.00803
35	0.02017	0.03858	0.01635	0.01379	0.01733	0.39749	0.01073	0.21469	0.17222	0.02227	0.01335	0.01372	0.01027	0.00663	0.00550	0.00166	0.00808	0.00472	0.00434	0.00811
36	0.00846	0.00564	0.00634	0.00634	0.00634	0.00564	0.00352	0.00846	0.00846	0.01128	0.01832	0.03805	0.02114	0.79563	0.02960	0.00564	0.00564	0.00846	0.00352	0.00352
37	0.00848	0.00736	0.00813	0.00875	0.05770	0.00689	0.00602	0.01228	0.12160	0.01717	0.04997	0.06552	0.58266	0.01318	0.00667	0.00196	0.00346	0.01107	0.00531	0.00582
38	0.01555	0.79913	0.03047	0.00995	0.01493	0.02301	0.00995	0.01741	0.01182	0.01368	0.00808	0.00933	0.00746	0.00498	0.00373	0.00124	0.00622	0.00311	0.00249	0.00746
39	0.01158	0.00601	0.00688	0.00644	0.00811	0.00574	0.00491	0.01426	0.01384	0.09443	0.22930	0.02769	0.02624	0.00827	0.00503	0.00153	0.00294	0.00691	0.51401	0.00588
40	0.00728	0.00542	0.00674	0.00753	0.00837	0.00494	0.00525	0.00861	0.01219	0.01594	0.11789	0.49302	0.20326	0.04272	0.00800	0.00233	0.00334	0.03688	0.00545	0.00483
41	0.01429	0.01779	0.18998	0.02884	0.47948	0.01413	0.07854	0.07121	0.01410	0.02014	0.01112	0.01400	0.00882	0.00537	0.00580	0.00177	0.00749	0.00513	0.00301	0.00901
42	0.01117	0.01039	0.01454	0.15551	0.24544	0.06554	0.01149	0.01343	0.01214	0.01591	0.01935	0.32182	0.02090	0.04676	0.00748	0.00218	0.00587	0.00970	0.00386	0.00651
43	0.00845	0.00568	0.00656	0.00671	0.00681	0.00566	0.00399	0.00867	0.00890	0.01184	0.01976	0.07443	0.02274	0.70938	0.02718	0.00530	0.00552	0.05501	0.00373	0.00370
44	0.00817	0.00593	0.00757	0.00793	0.00893	0.00561	0.00564	0.04182	0.01395	0.01903	0.30343	0.44138	0.07833	0.01518	0.00711	0.00212	0.00325	0.01357	0.00579	0.00525
45	0.01569	0.09700	0.31375	0.01648	0.09240	0.11052	0.04756	0.07254	0.01475	0.09478	0.06005	0.01503	0.01162	0.00616	0.00554	0.00172	0.00758	0.00494	0.00358	0.00830
46	0.01595	0.74886	0.02956	0.01028	0.01512	0.07183	0.01003	0.01779	0.01212	0.01372	0.00814	0.00940	0.00746	0.00504	0.00383	0.00126	0.00650	0.00315	0.00252	0.00742
47	0.01354	0.29856	0.14828	0.01060	0.01627	0.01454	0.01062	0.03700	0.01245	0.01746	0.00964	0.01117	0.00802	0.00483	0.00435	0.00119	0.00579	0.00352	0.00300	0.36916
48	0.01258	0.02380	0.45028	0.02050	0.06087	0.01398	0.29694	0.01847	0.01288	0.01852	0.01097	0.01369	0.00801	0.00527	0.00605	0.00188	0.00898	0.00532	0.00266	0.00833
49	0.01446	0.01249	0.01315	0.01183	0.01512	0.01446	0.00920	0.03090	0.74885	0.02433	0.02367	0.02170	0.01775	0.00789	0.00592	0.00197	0.00460	0.00657	0.00592	0.00920
50	0.01416	0.01503	0.07233	0.03350	0.64941	0.01387	0.07998	0.01795	0.01322	0.01893	0.01098	0.01437	0.00906	0.00518	0.00584	0.00175	0.00727	0.00527	0.00286	0.00905
51	0.47504	0.00889	0.00754	0.00689	0.00964	0.00984	0.00552	0.01620	0.01110	0.05723	0.01304	0.01473	0.01005	0.00602	0.00388	0.00162	0.00381	0.00416	0.32866	0.00611
52	0.00701	0.00590	0.00608	0.00603	0.00794	0.00497	0.00453	0.00861	0.01358	0.01648	0.12928	0.05470	0.68615	0.01444	0.00687	0.00195	0.00293	0.01210	0.00550	0.00497
53	0.00764	0.00554	0.00726	0.00798	0.00883	0.00516	0.00576	0.00936	0.01308	0.01768	0.24897	0.44873	0.08946	0.01589	0.00728	0.00221	0.00336	0.08508	0.00569	0.00503
54	0.00737	0.00539	0.00697	0.00800	0.00873	0.00500	0.00566	0.00873	0.01204	0.01587	0.09204	0.56777	0.13270	0.01706	0.00737	0.00230	0.00346	0.08320	0.00547	0.00487
55	0.00687	0.00589	0.00589	0.00589	0.00785	0.00491	0.00442	0.00835	0.01325	0.01571	0.05891	0.05596	0.75700	0.01473	0.00687	0.00196	0.00295	0.01227	0.00540	0.00491
56	0.83671	0.01125	0.00855	0.00765	0.01125	0.01305	0.00630	0.01709	0.00990	0.02609	0.00810	0.00945	0.00630	0.00540	0.00360	0.00180	0.00450	0.00315	0.00360	0.00630
57	0.01166	0.03008	0.76550	0.01657	0.02517	0.01351	0.02149	0.01842	0.01228	0.01842	0.01044	0.01228	0.00737	0.00552	0.00552	0.00184	0.00859	0.00430	0.00246	0.00859
58	0.00687	0.00589	0.00589	0.00589	0.00785	0.00491	0.00442	0.00835	0.01325	0.01571	0.05891	0.05596	0.75700	0.01473	0.00687	0.00196	0.00295	0.01227	0.00540	0.00491
59	0.83671	0.01125	0.00855	0.00765	0.01125	0.01305	0.00630	0.01709	0.00990	0.02609	0.00810	0.00945	0.00630	0.00540	0.00360	0.00180	0.00450	0.00315	0.00360	0.00630
60	0.83671	0.01125	0.00855	0.00765	0.01125	0.01305	0.00630	0.01709	0.00990	0.02609	0.00810	0.00945	0.00630	0.00540	0.00360	0.00180	0.00450	0.00315	0.00360	0.00630
61	0.01858	0.19178	0.06785	0.01301	0.01730	0.22433	0.01122	0.21745	0.14307	0.02219	0.01274	0.01320	0.00988	0.00633	0.00520	0.00161	0.00731	0.00453	0.00411	0.00829
62	0.02566	0.01058	0.01392	0.01067	0.01519	0.00957	0.00882	0.10492	0.01780	0.68518	0.02198	0.01917	0.01391	0.00717	0.00584	0.00179	0.00510	0.00578	0.00705	0.00990
63	0.01166	0.03008	0.76550	0.01657	0.02517	0.01351	0.02149	0.01842	0.01228	0.01842	0.01044	0.01228	0.00737	0.00552	0.00552	0.00184	0.00859	0.00430	0.00246	0.00859
64	0.01166	0.03008	0.76550	0.01657	0.02517	0.01351	0.02149	0.01842	0.01228	0.01842	0.01044	0.01228	0.00737	0.00552	0.00552	0.00184	0.00859	0.00430	0.00246	0.00859
65	0.01360	0.24611	0.26541	0.01779	0.02427	0.01672	0.30067	0.01821	0.01272	0.01713	0.01028	0.01277	0.00797	0.00512	0.00554	0.00172	0.00839	0.00497	0.00266	0.00797
66	0.01472	0.00756	0.00995	0.00865	0.01113	0.00691	0.00673	0.01777	0.04877	0.28397	0.40810	0.09263	0.03764	0.01055	0.00650	0.00187	0.00365	0.00916	0.00658	0.00715
67	0.02609	0.00990	0.01350	0.01035	0.01484	0.00855	0.00855	0.02834	0.01664	0.76338	0.02294	0.01979	0.01439	0.00720	0.00585	0.00180	0.00495	0.00585	0.00720	0.00990
68	0.01518	0.24220	0.36494	0.01461	0.02127	0.01556	0.09339	0.01967	0.01297	0.13074	0.01182	0.01296	0.00862	0.00556	0.00521	0.00168	0.00750	0.00448	0.00324	0.00839
69	0.00998	0.00513	0.00769	0.00769	0.00776	0.00519	0.00519	0.00776	0.00769	0.01032	0.01046	0.01801	0.01039	0.02172	0.07138	0.77751	0.00573	0.00513	0.00256	0.00270
70	0.00703	0.00528	0.00652	0.00752	0.00828	0.00477	0.00514	0.00816	0.01169	0.01507	0.03911	0.59854	0.22721	0.01730	0.00728	0.00226	0.00326	0.01541	0.00540	0.00477
71	0.01072	0.00983	0.01473	0.02068	0.37354	0.00945	0.01113	0.01346	0.02984	0.01744	0.03280	0.08915	0.32358	0.01019	0.00635	0.00188	0.00494	0.00901	0.00419	0.00709
72	0.01611	0.01768	0.23907	0.09656	0.08259	0.01251	0.21071	0.02064	0.01381	0.21145	0.01407	0.01564	0.00977	0.00579	0.00602	0.00186	0.00776	0.00555	0.00386	0.00856
73	0.01953	0.02406	0.01680	0.01505	0.01732	0.58824	0.01160	0.02097	0.01463	0.01417	0.00866	0.01103	0.00753	0.00701	0.00862	0.00175	0.19942	0.00407	0.00289	0.00665
74	0.01894	0.02271	0.01520	0.01315	0.01677	0.55188	0.00998	0.02075	0.01520	0.01559	0.00938	0.01094	0.00781	0.00551	0.00497	0.00131	0.00871	0.00366	0.00313	0.24441
75	0.01091	0.00906	0.01217	0.03053	0.08994	0.00949	0.04061	0.01729	0.21402	0.02090	0.28437	0.03082	0.05587	0.06939	0.05775	0.00263	0.00517	0.00812	0.02413	0.00683

[dist]
# distance from previous block
# <min> <max>
0	8

[block]
# block no. 5 follows, 40 sequences, length 63
# corresponding to MSA columns:
# 411-473
name=unknown_F
#
# <colnr> <probs for GDERKNQSTAVLIFYWHMCP>
#	G	D	E	R	K	N	Q	S	T	A	V	L	I	F	Y	W	H	M	C	P
0	0.03652	0.24545	0.04865	0.07221	0.39507	0.04455	0.04442	0.01776	0.01274	0.01715	0.00993	0.01268	0.00839	0.00520	0.00513	0.00160	0.00700	0.00450	0.00276	0.00828
