[name]
unknown

[dist]
# distance from previous block
# <min> <max>
0	102

[block]
# block no. 0 follows, 40 sequences, length 47
# corresponding to MSA columns:
# 105-151
name=unknown_A
#
# <colnr> <probs for GDERKNQSTAVLIFYWHMCP>
#	G	D	E	R	K	N	Q	S	T	A	V	L	I	F	Y	W	H	M	C	P
0	0.28695	0.00997	0.01026	0.00883	0.01205	0.01041	0.00702	0.05749	0.08552	0.08243	0.04249	0.01925	0.01363	0.06416	0.07289	0.00260	0.00555	0.03267	0.03725	0.13858
1	0.01592	0.01831	0.23831	0.01516	0.02070	0.01385	0.12123	0.13487	0.14397	0.11232	0.01487	0.01561	0.01073	0.00644	0.00647	0.00184	0.04506	0.00540	0.00429	0.05464
2	0.00913	0.00663	0.00850	0.00828	0.00915	0.00725	0.00588	0.03258	0.05177	0.01438	0.05347	0.02973	0.01925	0.34558	0.36570	0.00682	0.01000	0.00734	0.00368	0.00489
3	0.01946	0.02405	0.01668	0.17682	0.02264	0.61199	0.01227	0.02146	0.01546	0.01436	0.00927	0.01155	0.00755	0.00595	0.00536	0.00159	0.00991	0.00405	0.00291	0.00668
4	0.05179	0.07889	0.11021	0.00964	0.01310	0.00909	0.04407	0.01422	0.01341	0.10789	0.12839	0.07547	0.26552	0.01189	0.03907	0.00218	0.00516	0.00869	0.00481	0.00651
5	0.01453	0.04323	0.05541	0.13173	0.06315	0.15272	0.00995	0.01720	0.05121	0.10210	0.01487	0.02240	0.01351	0.26830	0.01352	0.00303	0.00700	0.00602	0.00370	0.00641
6	0.01050	0.00875	0.01125	0.18331	0.01764	0.00986	0.00897	0.01721	0.25604	0.01778	0.02353	0.31479	0.02360	0.06007	0.00793	0.00234	0.00491	0.01017	0.00482	0.00653
7	0.01156	0.01049	0.01764	0.03284	0.25009	0.01029	0.13450	0.05415	0.01363	0.01862	0.06252	0.25717	0.05371	0.01042	0.00665	0.00202	0.00584	0.03658	0.00422	0.00706
8	0.04624	0.05681	0.06832	0.01266	0.01619	0.01294	0.13255	0.22168	0.05168	0.02168	0.01535	0.02237	0.02490	0.25605	0.01332	0.00301	0.00666	0.00644	0.00410	0.00705
9	0.01553	0.00733	0.00953	0.00859	0.01106	0.00647	0.00656	0.01730	0.01411	0.34010	0.06242	0.28242	0.13004	0.01211	0.00647	0.00199	0.00394	0.01049	0.04649	0.00706
10	0.01293	0.00827	0.00996	0.00868	0.01112	0.00804	0.00676	0.10912	0.06264	0.13640	0.39441	0.05437	0.13203	0.01081	0.00653	0.00185	0.00371	0.00925	0.00626	0.00686
11	0.01261	0.01203	0.05637	0.01556	0.01824	0.01208	0.25126	0.01470	0.01086	0.05652	0.01206	0.01841	0.01075	0.10628	0.05235	0.13170	0.19284	0.00614	0.00307	0.00616
12	0.01865	0.01390	0.01536	0.01155	0.01638	0.01397	0.00946	0.45197	0.02144	0.05846	0.01301	0.01350	0.00961	0.00603	0.00528	0.00143	0.00559	0.00462	0.00502	0.30475
13	0.01272	0.01272	0.01781	0.01527	0.01527	0.01781	0.01272	0.01399	0.00891	0.01399	0.00763	0.01272	0.00763	0.01018	0.01908	0.00254	0.78499	0.00509	0.00254	0.00636
14	0.00730	0.00588	0.00650	0.00641	0.00813	0.00508	0.00478	0.00914	0.01417	0.01802	0.27227	0.07781	0.51615	0.01398	0.00689	0.00194	0.00290	0.01188	0.00571	0.00508
15	0.09339	0.38173	0.17483	0.07382	0.01851	0.04971	0.01221	0.01785	0.01218	0.06237	0.01088	0.04945	0.00930	0.00603	0.00463	0.00158	0.00663	0.00438	0.00305	0.00749
16	0.01993	0.27624	0.02178	0.01224	0.01700	0.01969	0.01069	0.50004	0.02219	0.02902	0.01201	0.01242	0.00908	0.00631	0.00512	0.00158	0.00634	0.00453	0.00471	0.00908
17	0.00843	0.00574	0.00684	0.00684	0.00701	0.00591	0.00414	0.00878	0.00860	0.01164	0.01787	0.03554	0.02005	0.67107	0.15266	0.00625	0.00728	0.00809	0.00346	0.00380
18	0.02063	0.16402	0.01895	0.01409	0.01744	0.63989	0.01101	0.02219	0.01566	0.01413	0.00883	0.01028	0.00749	0.00581	0.00498	0.00145	0.00973	0.00363	0.00291	0.00687
19	0.01902	0.01258	0.01401	0.01150	0.01525	0.01355	0.00923	0.31206	0.22512	0.16792	0.01983	0.06586	0.01505	0.00796	0.00583	0.00183	0.00518	0.00644	0.06271	0.00907
20	0.00846	0.00564	0.00634	0.00634	0.00634	0.00564	0.00352	0.00846	0.00846	0.01128	0.01832	0.03805	0.02114	0.79563	0.02960	0.00564	0.00564	0.00846	0.00352	0.00352
21	0.00931	0.00606	0.00725	0.00734	0.00895	0.00531	0.00535	0.01080	0.01312	0.10353	0.10009	0.32213	0.34939	0.01491	0.00695	0.00208	0.00332	0.01295	0.00569	0.00547
22	0.01730	0.24594	0.11288	0.04373	0.01822	0.31487	0.01192	0.08160	0.01500	0.01660	0.01098	0.06470	0.00982	0.00656	0.00507	0.00157	0.00808	0.00470	0.00318	0.00730
23	0.01042	0.00868	0.01121	0.01007	0.01128	0.01014	0.00796	0.01445	0.10532	0.02069	0.41416	0.03085	0.03474	0.01065	0.01011	0.00203	0.22738	0.00822	0.04546	0.00620
24	0.13705	0.00701	0.00922	0.00908	0.01052	0.00817	0.00712	0.01143	0.00943	0.01546	0.01441	0.02076	0.01326	0.03767	0.65308	0.00817	0.01385	0.00575	0.00319	0.00536
25	0.01105	0.00845	0.00940	0.00864	0.01083	0.00847	0.00657	0.18353	0.04812	0.02183	0.12962	0.21935	0.28536	0.01307	0.00671	0.00199	0.00391	0.01115	0.00565	0.00631
26	0.01439	0.01553	0.07857	0.02700	0.45731	0.07173	0.05378	0.04328	0.04216	0.01898	0.03981	0.01646	0.01152	0.04469	0.00751	0.00197	0.03820	0.00551	0.00323	0.00839
27	0.01746	0.02434	0.16048	0.11833	0.02205	0.44968	0.01401	0.02026	0.01427	0.01510	0.00931	0.01173	0.00752	0.00629	0.00675	0.00173	0.08672	0.00418	0.00279	0.00702
28	0.00835	0.00634	0.00795	0.00868	0.01026	0.00594	0.00726	0.01057	0.01351	0.01709	0.08246	0.06066	0.31130	0.01532	0.00752	0.00236	0.00429	0.40952	0.00543	0.00519
29	0.01071	0.00764	0.00956	0.00795	0.01077	0.00643	0.00615	0.01337	0.01505	0.07333	0.46334	0.03162	0.03705	0.00910	0.00596	0.00151	0.00340	0.00790	0.00550	0.27365
30	0.01300	0.03854	0.29148	0.08374	0.32967	0.05048	0.01760	0.01742	0.01289	0.01787	0.01385	0.01626	0.05981	0.00605	0.00568	0.00178	0.00747	0.00523	0.00287	0.00831
31	0.01616	0.08100	0.05324	0.14820	0.02050	0.23335	0.01171	0.08703	0.14524	0.01877	0.01318	0.02876	0.01056	0.00681	0.00624	0.00175	0.05547	0.00502	0.04958	0.00743
32	0.00699	0.00544	0.00636	0.00710	0.00817	0.00481	0.00495	0.00821	0.01209	0.01524	0.04422	0.45856	0.36388	0.01664	0.00717	0.00218	0.00318	0.01460	0.00540	0.00481
33	0.01203	0.01156	0.05865	0.00911	0.01449	0.00811	0.00779	0.01488	0.01207	0.01892	0.01034	0.01207	0.00854	0.00438	0.00438	0.00092	0.00457	0.00350	0.00338	0.78032
34	0.01127	0.00890	0.01115	0.01052	0.07596	0.00786	0.00729	0.06303	0.01475	0.03542	0.27357	0.02852	0.09120	0.04690	0.00691	0.00168	0.00409	0.00723	0.00483	0.28890
35	0.00782	0.00592	0.00727	0.00736	0.00879	0.00537	0.00560	0.00998	0.01454	0.01937	0.37900	0.13185	0.26576	0.01394	0.00706	0.00203	0.00318	0.09410	0.00586	0.00521
36	0.00942	0.01415	0.26043	0.01175	0.01529	0.00934	0.01199	0.01305	0.01032	0.01513	0.01387	0.01934	0.01216	0.03097	0.51788	0.00685	0.01326	0.00559	0.00290	0.00632
37	0.00798	0.00586	0.00701	0.00681	0.00792	0.00549	0.00478	0.00962	0.01309	0.01763	0.34545	0.04383	0.21010	0.23330	0.05345	0.00332	0.00427	0.01013	0.00519	0.00479
38	0.01941	0.31888	0.02206	0.01181	0.01651	0.01926	0.01040	0.38574	0.05616	0.06762	0.01266	0.01287	0.00959	0.00626	0.00502	0.00157	0.00616	0.00451	0.00461	0.00892
39	0.01490	0.01131	0.01257	0.00963	0.01398	0.04203	0.00771	0.12856	0.01520	0.09244	0.05875	0.01586	0.01270	0.00756	0.04260	0.00161	0.00535	0.00461	0.03549	0.46713
40	0.08761	0.20897	0.02102	0.01433	0.04936	0.20410	0.10368	0.07778	0.05996	0.01866	0.04057	0.01388	0.01069	0.00786	0.04292	0.00200	0.02104	0.00471	0.00346	0.00740
41	0.01157	0.00969	0.05787	0.01058	0.01287	0.03686	0.05853	0.04149	0.01235	0.09471	0.03978	0.14713	0.07135	0.10054	0.23689	0.00457	0.00858	0.03425	0.00431	0.00607
42	0.01625	0.31435	0.08082	0.01195	0.01587	0.29618	0.01065	0.01843	0.01406	0.01534	0.08537	0.01607	0.05462	0.00673	0.00520	0.00151	0.02173	0.00473	0.00323	0.00693
43	0.01430	0.01348	0.01651	0.04424	0.03602	0.11288	0.11310	0.05389	0.11305	0.05077	0.01701	0.01968	0.06265	0.01062	0.07910	0.00246	0.07109	0.02299	0.00395	0.14219
44	0.01061	0.26425	0.01614	0.05709	0.01335	0.01214	0.00839	0.01253	0.01092	0.01416	0.01737	0.19343	0.01825	0.02145	0.26023	0.00431	0.00873	0.04722	0.00352	0.00591
45	0.01623	0.13468	0.01921	0.08599	0.21681	0.01458	0.01210	0.17820	0.05509	0.09249	0.01707	0.06037	0.05777	0.00726	0.00564	0.00174	0.00601	0.00608	0.00431	0.00839
46	0.01249	0.04123	0.01310	0.04059	0.04239	0.01206	0.00906	0.05175	0.11609	0.03099	0.04220	0.06120	0.02608	0.01069	0.05224	0.00235	0.21370	0.00631	0.20878	0.00671

[dist]
# distance from previous block
# <min> <max>
0	1

[block]
# block no. 1 follows, 40 sequences, length 9
# corresponding to MSA columns:
# 153-161
name=unknown_B
#
# <colnr> <probs for GDERKNQSTAVLIFYWHMCP>
#	G	D	E	R	K	N	Q	S	T	A	V	L	I	F	Y	W	H	M	C	P
0	0.00990	0.00751	0.01227	0.01118	0.01293	0.00703	0.13506	0.01179	0.01207	0.06732	0.02771	0.43780	0.05894	0.07680	0.00902	0.00253	0.00498	0.08459	0.00494	0.00561
1	0.02105	0.11387	0.01810	0.01434	0.01764	0.65230	0.01108	0.05657	0.01647	0.01523	0.00912	0.01052	0.00760	0.00593	0.00510	0.00148	0.00981	0.00374	0.00307	0.00697
2	0.01310	0.01011	0.01077	0.00920	0.01197	0.06459	0.00699	0.06773	0.05022	0.07993	0.05711	0.02719	0.05557	0.18801	0.05964	0.00295	0.00592	0.05316	0.00440	0.22145
3	0.09635	0.08234	0.06344	0.01391	0.06938	0.24883	0.01078	0.07605	0.01407	0.06170	0.01152	0.01473	0.00973	0.05795	0.09545	0.00279	0.05575	0.00467	0.00346	0.00710
4	0.04616	0.04909	0.13529	0.06305	0.24800	0.01304	0.01396	0.03354	0.07487	0.01807	0.01257	0.01608	0.01047	0.01434	0.17593	0.00349	0.05595	0.00521	0.00317	0.00772
5	0.01584	0.01432	0.01836	0.02370	0.39603	0.11166	0.01329	0.08651	0.04767	0.06808	0.04561	0.01930	0.05134	0.05438	0.00726	0.00197	0.00665	0.00589	0.00390	0.00828
6	0.01600	0.01258	0.01365	0.01083	0.03535	0.06026	0.00841	0.17129	0.01615	0.09407	0.01466	0.01535	0.04648	0.00581	0.00501	0.00126	0.00523	0.00456	0.00437	0.45868
7	0.04890	0.01179	0.01406	0.05240	0.03988	0.01332	0.00981	0.16819	0.21462	0.07903	0.01732	0.01901	0.03074	0.03768	0.09426	0.00286	0.09074	0.00585	0.00475	0.04481
8	0.01273	0.29319	0.27594	0.01359	0.06544	0.01558	0.01359	0.01632	0.01158	0.01601	0.01091	0.01422	0.00933	0.04864	0.07598	0.00249	0.03945	0.00442	0.05319	0.00739

[dist]
# distance from previous block
# <min> <max>
0	48

[block]
# block no. 2 follows, 40 sequences, length 19
# corresponding to MSA columns:
# 210-228
name=unknown_C
#
# <colnr> <probs for GDERKNQSTAVLIFYWHMCP>
#	G	D	E	R	K	N	Q	S	T	A	V	L	I	F	Y	W	H	M	C	P
0	0.00752	0.00567	0.00696	0.00715	0.00838	0.00511	0.00517	0.00941	0.01403	0.01875	0.35327	0.26516	0.24318	0.01452	0.00703	0.00202	0.00298	0.01275	0.00583	0.00511
1	0.01383	0.01337	0.02288	0.14452	0.53191	0.01381	0.08169	0.01842	0.06678	0.01873	0.01185	0.01521	0.00958	0.00545	0.00588	0.00180	0.00713	0.00543	0.00306	0.00868
2	0.00768	0.00561	0.00650	0.00677	0.00754	0.00521	0.00446	0.00867	0.01139	0.01485	0.12729	0.22436	0.22347	0.30250	0.01536	0.00339	0.00401	0.01166	0.00484	0.00443
3	0.18570	0.01032	0.01197	0.01154	0.06658	0.01129	0.00833	0.15361	0.05232	0.08760	0.01477	0.01921	0.01248	0.10902	0.21587	0.00429	0.00822	0.00557	0.00427	0.00704
4	0.00765	0.00592	0.00696	0.00670	0.00833	0.00524	0.00503	0.00984	0.01508	0.02004	0.45592	0.04883	0.35728	0.01311	0.00686	0.00189	0.00283	0.01127	0.00597	0.00524
5	0.01767	0.01417	0.06144	0.01315	0.05047	0.01412	0.01055	0.38250	0.13030	0.07938	0.02024	0.10606	0.05628	0.00867	0.00605	0.00187	0.00565	0.00709	0.00551	0.00881
6	0.01736	0.35093	0.04363	0.06754	0.01770	0.01875	0.01074	0.30389	0.01801	0.02360	0.01144	0.01260	0.00899	0.00598	0.00479	0.00152	0.00622	0.00431	0.06376	0.00824
7	0.01011	0.00637	0.00768	0.00728	0.00921	0.00559	0.00548	0.01201	0.01441	0.12700	0.25809	0.15063	0.33772	0.01327	0.00680	0.00196	0.00324	0.01141	0.00596	0.00578
8	0.01387	0.01467	0.10358	0.15804	0.30469	0.01339	0.06670	0.12537	0.01523	0.02100	0.06467	0.01805	0.04196	0.00643	0.00595	0.00181	0.00693	0.00586	0.00357	0.00823
9	0.00710	0.00570	0.00634	0.00659	0.00810	0.00494	0.00479	0.00863	0.01317	0.01650	0.14321	0.22706	0.49712	0.01518	0.00700	0.00204	0.00302	0.01304	0.00553	0.00494
10	0.50470	0.06043	0.01462	0.06868	0.21781	0.01386	0.01036	0.01717	0.01105	0.02262	0.00903	0.01121	0.00727	0.00534	0.00435	0.00175	0.00549	0.00384	0.00326	0.00718
11	0.01609	0.01516	0.01471	0.01557	0.12598	0.23705	0.01066	0.05731	0.07453	0.08331	0.01526	0.02019	0.01303	0.01657	0.20254	0.00371	0.00969	0.05743	0.00394	0.00726
12	0.01206	0.01034	0.01206	0.00861	0.01378	0.00775	0.00689	0.01464	0.01206	0.01895	0.01034	0.01206	0.00861	0.00431	0.00431	0.00086	0.00431	0.00345	0.00345	0.83118
13	0.01021	0.00868	0.01177	0.10196	0.01551	0.00906	0.05830	0.01615	0.18445	0.02031	0.25954	0.05406	0.15485	0.01068	0.00661	0.00198	0.00449	0.05955	0.00533	0.00650
14	0.00945	0.00828	0.01234	0.34914	0.07371	0.00914	0.01046	0.01186	0.01163	0.01482	0.02573	0.09979	0.20047	0.12727	0.00978	0.00252	0.00577	0.00848	0.00371	0.00566
15	0.19281	0.01157	0.01446	0.01779	0.26722	0.04595	0.01046	0.01569	0.01228	0.01985	0.06646	0.02013	0.01429	0.07625	0.00735	0.00200	0.00559	0.04949	0.00361	0.14676
16	0.16399	0.20140	0.01865	0.01216	0.01592	0.24298	0.01011	0.18472	0.01625	0.02133	0.00968	0.01097	0.00783	0.00614	0.00559	0.00161	0.05562	0.00392	0.00360	0.00753
17	0.01666	0.15532	0.14056	0.01215	0.01663	0.06997	0.01144	0.19688	0.07010	0.08799	0.01599	0.06595	0.01347	0.00771	0.00554	0.00176	0.00634	0.05482	0.04258	0.00813
18	0.07191	0.02102	0.31053	0.01833	0.16889	0.08556	0.01571	0.07444	0.04818	0.06358	0.01184	0.01332	0.00883	0.00573	0.00540	0.00172	0.00732	0.00456	0.00342	0.05970

[dist]
# distance from previous block
# <min> <max>
0	66

[block]
# block no. 3 follows, 40 sequences, length 31
# corresponding to MSA columns:
# 295-325
name=unknown_D
#
# <colnr> <probs for GDERKNQSTAVLIFYWHMCP>
#	G	D	E	R	K	N	Q	S	T	A	V	L	I	F	Y	W	H	M	C	P
0	0.53288	0.05259	0.04691	0.03663	0.01504	0.01419	0.04645	0.13020	0.01330	0.02591	0.03298	0.01188	0.00868	0.00582	0.00439	0.00178	0.00540	0.00402	0.00386	0.00708
1	0.01694	0.07244	0.20850	0.01387	0.01902	0.09171	0.05089	0.21992	0.06305	0.08294	0.01531	0.01692	0.03469	0.00847	0.04038	0.00211	0.00759	0.02253	0.00427	0.00844
2	0.09000	0.24437	0.01944	0.01284	0.06272	0.06547	0.04760	0.10858	0.12159	0.02001	0.01582	0.04664	0.05310	0.00942	0.05652	0.00218	0.00669	0.00550	0.00391	0.00760
3	0.01339	0.01438	0.05679	0.28467	0.05427	0.08201	0.14278	0.02058	0.20642	0.01829	0.01469	0.04099	0.01155	0.00657	0.00601	0.00191	0.00741	0.00603	0.00365	0.00761
4	0.01417	0.01385	0.01599	0.20678	0.17434	0.17288	0.01240	0.01689	0.02475	0.05420	0.01503	0.16045	0.01431	0.00823	0.00635	0.00184	0.03223	0.00698	0.00359	0.04473
5	0.01137	0.25826	0.01696	0.01060	0.01309	0.04670	0.05147	0.01331	0.01229	0.01529	0.02191	0.28819	0.02428	0.01216	0.00627	0.00202	0.00546	0.18013	0.00421	0.00602
6	0.00865	0.00648	0.00873	0.00887	0.00982	0.00718	0.00651	0.01151	0.07698	0.01441	0.01998	0.17657	0.02055	0.14925	0.43940	0.00674	0.01067	0.00863	0.00388	0.00521
7	0.01206	0.01034	0.01206	0.00861	0.01378	0.00775	0.00689	0.01464	0.01206	0.01895	0.01034	0.01206	0.00861	0.00431	0.00431	0.00086	0.00431	0.00345	0.00345	0.83118
8	0.01001	0.00861	0.01436	0.27235	0.04695	0.00972	0.07685	0.01303	0.01135	0.01580	0.05823	0.05928	0.01516	0.02044	0.28354	0.00459	0.00990	0.00661	0.05721	0.00601
9	0.01135	0.01033	0.01461	0.01301	0.01374	0.01293	0.04649	0.05961	0.01116	0.01602	0.01710	0.29503	0.01900	0.01261	0.01338	0.00240	0.41202	0.00933	0.00381	0.00607
10	0.01756	0.00739	0.00898	0.00759	0.01033	0.00680	0.00604	0.02007	0.01416	0.34870	0.02072	0.02085	0.01468	0.00696	0.00485	0.00155	0.00370	0.00561	0.46605	0.00739
11	0.01273	0.01212	0.02060	0.39935	0.40869	0.01338	0.01702	0.01639	0.01245	0.01698	0.01064	0.01493	0.00850	0.00549	0.00578	0.00183	0.00732	0.00517	0.00273	0.00787
12	0.01131	0.01453	0.15849	0.01099	0.01399	0.12774	0.00992	0.04799	0.03739	0.01706	0.02740	0.29623	0.14314	0.01225	0.00652	0.00203	0.00573	0.04656	0.00448	0.00625
13	0.15026	0.01374	0.01487	0.01166	0.01604	0.01475	0.00960	0.41620	0.05968	0.21155	0.01574	0.01508	0.01084	0.00683	0.00548	0.00178	0.00565	0.00513	0.00581	0.00929
14	0.01536	0.01218	0.01583	0.01337	0.01464	0.02827	0.01104	0.08193	0.02592	0.11735	0.01173	0.01482	0.00967	0.00903	0.01410	0.00222	0.50257	0.00524	0.08763	0.00712
15	0.01142	0.00980	0.01280	0.21176	0.06109	0.01088	0.01010	0.05083	0.22310	0.02008	0.12665	0.07786	0.13096	0.00941	0.00625	0.00194	0.00505	0.00812	0.00483	0.00707
16	0.01644	0.01393	0.01423	0.01230	0.01588	0.04495	0.00969	0.18708	0.56092	0.02665	0.02095	0.01955	0.01561	0.00761	0.00587	0.00190	0.00523	0.00617	0.00578	0.00926
17	0.00831	0.00623	0.00935	0.00935	0.01038	0.00727	0.00727	0.01038	0.00935	0.01350	0.01558	0.02285	0.01454	0.04361	0.77259	0.00935	0.01558	0.00623	0.00312	0.00519
18	0.18294	0.02233	0.41694	0.01377	0.02031	0.01409	0.01555	0.16800	0.01514	0.06266	0.01134	0.01244	0.00804	0.00589	0.00521	0.00181	0.00711	0.00434	0.00363	0.00846
19	0.31939	0.01067	0.01188	0.00951	0.01369	0.01060	0.00785	0.05633	0.01468	0.46370	0.01716	0.01578	0.01126	0.00654	0.00503	0.00180	0.00485	0.00484	0.00583	0.00859
20	0.01237	0.01775	0.28508	0.01171	0.01810	0.01030	0.01236	0.04869	0.01283	0.01955	0.01054	0.01222	0.00822	0.00487	0.00482	0.00126	0.00595	0.00383	0.00319	0.49636
21	0.00730	0.00541	0.00684	0.00774	0.00856	0.00495	0.00545	0.00867	0.01222	0.01603	0.11099	0.52958	0.17945	0.01677	0.00729	0.00225	0.00334	0.05678	0.00550	0.00487
22	0.00969	0.00741	0.01014	0.01130	0.08421	0.00782	0.00740	0.01226	0.08487	0.01589	0.09905	0.16936	0.07399	0.07785	0.13542	0.13331	0.04152	0.00888	0.00421	0.00543
23	0.00764	0.00583	0.00706	0.00722	0.00862	0.00525	0.00541	0.00963	0.01415	0.01868	0.32535	0.18189	0.29705	0.01434	0.00706	0.00204	0.00313	0.06874	0.00579	0.00514
24	0.01532	0.01602	0.13522	0.02092	0.27903	0.01409	0.01427	0.20404	0.11475	0.02458	0.08927	0.01788	0.01488	0.00674	0.00587	0.00179	0.00631	0.00579	0.00433	0.00891
25	0.00787	0.00576	0.00636	0.00636	0.00713	0.00547	0.00407	0.00853	0.01025	0.01301	0.03285	0.04364	0.28716	0.46836	0.06539	0.00453	0.00525	0.00971	0.00418	0.00412
26	0.15930	0.01872	0.12995	0.01170	0.01527	0.28584	0.01027	0.01839	0.01426	0.05637	0.16275	0.01922	0.01799	0.04832	0.00663	0.00190	0.00703	0.00546	0.00395	0.00669
27	0.06113	0.00925	0.01388	0.19486	0.22713	0.00983	0.01117	0.01372	0.01188	0.01746	0.01868	0.12983	0.07541	0.00910	0.00674	0.05095	0.00542	0.00728	0.11983	0.00647
28	0.01464	0.01401	0.02263	0.02219	0.22405	0.05825	0.23904	0.12640	0.01486	0.02002	0.01223	0.01597	0.00997	0.01211	0.12695	0.04048	0.00922	0.00579	0.00337	0.00781
29	0.01410	0.06720	0.01362	0.04587	0.01464	0.19926	0.00892	0.09063	0.07725	0.01752	0.05139	0.02135	0.05823	0.06373	0.22636	0.00410	0.00951	0.00597	0.00385	0.00651
30	0.01731	0.01579	0.01691	0.04325	0.18232	0.14359	0.01167	0.23620	0.08799	0.02375	0.01311	0.01492	0.01032	0.02645	0.00609	0.00171	0.00669	0.00498	0.03260	0.10435

[dist]
# distance from previous block
# <min> <max>
0	6

[block]
# block no. 4 follows, 40 sequences, length 32
# corresponding to MSA columns:
# 332-355,365-372
name=unknown_E
#
# <colnr> <probs for GDERKNQSTAVLIFYWHMCP>
#	G	D	E	R	K	N	Q	S	T	A	V	L	I	F	Y	W	H	M	C	P
0	0.10704	0.32908	0.08175	0.01513	0.12903	0.10436	0.01191	0.10581	0.01439	0.03858	0.00991	0.01131	0.00807	0.00551	0.00465	0.00153	0.00680	0.00392	0.00325	0.00796
1	0.05867	0.04967	0.30572	0.01646	0.10314	0.01398	0.04316	0.11381	0.11258	0.07508	0.04215	0.01559	0.01161	0.00630	0.00560	0.00181	0.00684	0.00516	0.00397	0.00869
2	0.01024	0.00694	0.00802	0.00739	0.00954	0.00631	0.00565	0.03827	0.04346	0.10107	0.26265	0.07357	0.37969	0.01263	0.00670	0.00191	0.00331	0.01073	0.00594	0.00597
3	0.01112	0.00787	0.00991	0.01039	0.06841	0.00763	0.00706	0.07850	0.04856	0.07817	0.20354	0.21742	0.17250	0.04261	0.00757	0.00212	0.00396	0.01078	0.00557	0.00632
4	0.01554	0.01490	0.07692	0.16400	0.17115	0.01508	0.04756	0.21506	0.14641	0.02368	0.01376	0.01561	0.01040	0.00647	0.00636	0.00187	0.03702	0.00544	0.00411	0.00865
5	0.01371	0.01280	0.01897	0.08233	0.32345	0.01430	0.03767	0.02100	0.24389	0.01951	0.01464	0.01687	0.01173	0.00796	0.03203	0.00218	0.10903	0.00570	0.00378	0.00845
6	0.01459	0.01948	0.25833	0.01361	0.01866	0.07024	0.01340	0.08986	0.36704	0.02274	0.04015	0.01778	0.01406	0.00702	0.00576	0.00187	0.00644	0.00563	0.00458	0.00877
7	0.00840	0.00597	0.00749	0.00751	0.00893	0.00542	0.00565	0.01054	0.01460	0.04330	0.39718	0.17469	0.20388	0.01378	0.00702	0.00202	0.00318	0.06913	0.00595	0.00536
8	0.01251	0.00973	0.01150	0.00996	0.01231	0.03342	0.04172	0.18459	0.04174	0.02251	0.16943	0.11678	0.07277	0.07124	0.07734	0.00278	0.00575	0.00845	0.06948	0.02599
9	0.01763	0.00895	0.01142	0.00951	0.01261	0.00846	0.00755	0.07675	0.07259	0.35135	0.28436	0.06453	0.02988	0.00943	0.00629	0.00185	0.00417	0.00803	0.00662	0.00803
10	0.83671	0.01125	0.00855	0.00765	0.01125	0.01305	0.00630	0.01709	0.00990	0.02609	0.00810	0.00945	0.00630	0.00540	0.00360	0.00180	0.00450	0.00315	0.00360	0.00630
11	0.05184	0.01174	0.01392	0.01204	0.01404	0.08031	0.06503	0.06949	0.10088	0.01903	0.12644	0.02428	0.01937	0.10174	0.09234	0.00321	0.15094	0.03272	0.00417	0.00649
12	0.00882	0.00611	0.00672	0.00657	0.00843	0.00533	0.00493	0.01049	0.01332	0.06978	0.10281	0.08833	0.49607	0.05062	0.00772	0.00211	0.00328	0.03375	0.06951	0.00529
13	0.01206	0.01034	0.01206	0.00861	0.01378	0.00775	0.00689	0.01464	0.01206	0.01895	0.01034	0.01206	0.00861	0.00431	0.00431	0.00086	0.00431	0.00345	0.00345	0.83118
14	0.00734	0.00582	0.00659	0.00659	0.00819	0.00508	0.00487	0.00917	0.01406	0.01808	0.28169	0.13275	0.45079	0.01419	0.00693	0.00196	0.00293	0.01217	0.00572	0.00508
15	0.00919	0.00657	0.00917	0.01051	0.01177	0.00654	0.00906	0.01174	0.01321	0.01720	0.03089	0.12210	0.03386	0.01623	0.00798	0.00265	0.00520	0.66546	0.00536	0.00531
16	0.00808	0.00590	0.00758	0.00724	0.00861	0.00541	0.00540	0.01065	0.01598	0.02237	0.67109	0.07608	0.10910	0.01238	0.00688	0.00186	0.00279	0.01091	0.00628	0.00541
17	0.01090	0.00975	0.01592	0.27447	0.26018	0.01052	0.01328	0.01378	0.01215	0.01638	0.01795	0.22734	0.01847	0.00974	0.00640	0.00204	0.00612	0.06416	0.00365	0.00679
18	0.02211	0.01629	0.01745	0.01338	0.01803	0.01803	0.01105	0.73997	0.02734	0.03665	0.01396	0.01396	0.00989	0.00698	0.00582	0.00175	0.00640	0.00524	0.00582	0.00989
19	0.01708	0.15077	0.01930	0.04724	0.18070	0.28730	0.01188	0.08405	0.01517	0.01764	0.01195	0.06997	0.01073	0.00667	0.00528	0.00160	0.00760	0.00517	0.04242	0.00747
20	0.01250	0.00871	0.01155	0.17293	0.01736	0.03131	0.00908	0.05810	0.01352	0.13023	0.05842	0.32511	0.04786	0.01205	0.00715	0.00210	0.03802	0.03267	0.00496	0.00638
21	0.01084	0.00542	0.00542	0.00542	0.00678	0.00542	0.00407	0.01355	0.01220	0.02168	0.01897	0.02168	0.01491	0.00678	0.00407	0.00136	0.00271	0.00542	0.82791	0.00542
22	0.01962	0.02185	0.01699	0.01474	0.01733	0.44181	0.01156	0.16131	0.01677	0.01856	0.00963	0.01171	0.00799	0.00720	0.00871	0.00180	0.19736	0.00436	0.00344	0.00727
23	0.00825	0.00623	0.00775	0.00868	0.00949	0.00626	0.00600	0.01168	0.12716	0.01634	0.03073	0.67071	0.03520	0.01659	0.00719	0.00230	0.00357	0.01497	0.00548	0.00543
24	0.01628	0.08288	0.01703	0.13505	0.09278	0.09451	0.01122	0.26668	0.01733	0.02249	0.01276	0.01661	0.01058	0.08045	0.06435	0.00260	0.00754	0.00525	0.03597	0.00764
25	0.43013	0.01640	0.01322	0.01264	0.07230	0.20248	0.00924	0.14311	0.01479	0.02441	0.00955	0.01087	0.00744	0.00580	0.00456	0.00171	0.00650	0.00381	0.00378	0.00725
26	0.00753	0.00541	0.00723	0.00853	0.00912	0.00512	0.00614	0.00888	0.01165	0.01538	0.03273	0.62420	0.06234	0.01768	0.00752	0.00241	0.00375	0.15415	0.00539	0.00485
27	0.09500	0.01782	0.01600	0.01303	0.01710	0.17423	0.01047	0.45151	0.09859	0.02974	0.01341	0.01363	0.00988	0.00673	0.00551	0.00172	0.00689	0.00488	0.00504	0.00884
28	0.06568	0.01176	0.01605	0.01836	0.27217	0.01085	0.01099	0.01844	0.07941	0.07782	0.01259	0.01418	0.00995	0.00523	0.00503	0.00139	0.00530	0.00450	0.00377	0.35651
29	0.01471	0.04824	0.19642	0.02363	0.36164	0.06920	0.01580	0.01888	0.04139	0.07089	0.01248	0.01591	0.01021	0.06707	0.00745	0.00204	0.00722	0.00514	0.00325	0.00842
30	0.06872	0.02648	0.63869	0.01538	0.02291	0.01280	0.01924	0.01770	0.01222	0.01885	0.01227	0.01732	0.00986	0.00655	0.00564	0.00192	0.00799	0.07452	0.00282	0.00812
31	0.00775	0.00554	0.00752	0.00886	0.00949	0.00530	0.00656	0.00925	0.01179	0.01559	0.03168	0.57915	0.03700	0.01759	0.00760	0.00245	0.00395	0.22262	0.00539	0.00491

[dist]
# distance from previous block
# <min> <max>
0	1

[block]
# block no. 5 follows, 40 sequences, length 35
# corresponding to MSA columns:
# 374-408
name=unknown_F
#
# <colnr> <probs for GDERKNQSTAVLIFYWHMCP>
#	G	D	E	R	K	N	Q	S	T	A	V	L	I	F	Y	W	H	M	C	P
0	0.01134	0.00861	0.01262	0.04534	0.01425	0.00795	0.09681	0.01494	0.05568	0.08929	0.34888	0.03298	0.11800	0.00950	0.00636	0.00175	0.00436	0.00851	0.00537	0.10746
1	0.01458	0.01591	0.12553	0.06645	0.13923	0.01325	0.37285	0.01901	0.01348	0.10449	0.01285	0.01583	0.00953	0.00712	0.04133	0.00223	0.00878	0.00602	0.00335	0.00819
2	0.01666	0.01390	0.02280	0.08971	0.37276	0.05499	0.15472	0.02008	0.01404	0.16287	0.01327	0.01557	0.00993	0.00562	0.00596	0.00179	0.00736	0.00555	0.00371	0.00871
3	0.83671	0.01125	0.00855	0.00765	0.01125	0.01305	0.00630	0.01709	0.00990	0.02609	0.00810	0.00945	0.00630	0.00540	0.00360	0.00180	0.00450	0.00315	0.00360	0.00630
4	0.01166	0.03008	0.76550	0.01657	0.02517	0.01351	0.02149	0.01842	0.01228	0.01842	0.01044	0.01228	0.00737	0.00552	0.00552	0.00184	0.00859	0.00430	0.00246	0.00859
5	0.01555	0.79913	0.03047	0.00995	0.01493	0.02301	0.00995	0.01741	0.01182	0.01368	0.00808	0.00933	0.00746	0.00498	0.00373	0.00124	0.00622	0.00311	0.00249	0.00746
6	0.01210	0.01619	0.26919	0.01254	0.01765	0.00991	0.07905	0.01672	0.04382	0.08853	0.15065	0.04372	0.10103	0.00805	0.00598	0.00176	0.00589	0.00697	0.00430	0.10595
7	0.01879	0.28712	0.05687	0.01341	0.01803	0.19944	0.05508	0.24540	0.01793	0.02153	0.01047	0.01158	0.00831	0.00587	0.00502	0.00153	0.00762	0.00421	0.00368	0.00813
8	0.01015	0.11409	0.34654	0.01194	0.01663	0.01089	0.01303	0.01384	0.01187	0.01635	0.02137	0.29796	0.07090	0.01071	0.00609	0.00197	0.00601	0.00915	0.00373	0.00679
9	0.11092	0.00743	0.00855	0.00823	0.01026	0.00704	0.00604	0.01230	0.05561	0.01899	0.14405	0.37460	0.03018	0.01228	0.00616	0.00189	0.00366	0.01076	0.00499	0.16606
10	0.83671	0.01125	0.00855	0.00765	0.01125	0.01305	0.00630	0.01709	0.00990	0.02609	0.00810	0.00945	0.00630	0.00540	0.00360	0.00180	0.00450	0.00315	0.00360	0.00630
11	0.83671	0.01125	0.00855	0.00765	0.01125	0.01305	0.00630	0.01709	0.00990	0.02609	0.00810	0.00945	0.00630	0.00540	0.00360	0.00180	0.00450	0.00315	0.00360	0.00630
12	0.00836	0.00598	0.00810	0.00808	0.00872	0.00656	0.00572	0.00964	0.00924	0.01295	0.04226	0.02961	0.01856	0.34193	0.45031	0.00761	0.01118	0.00726	0.00339	0.00454
13	0.00846	0.00564	0.00634	0.00634	0.00634	0.00564	0.00352	0.00846	0.00846	0.01128	0.01832	0.03805	0.02114	0.79563	0.02960	0.00564	0.00564	0.00846	0.00352	0.00352
14	0.00726	0.00591	0.00643	0.00630	0.00809	0.00507	0.00472	0.00910	0.01417	0.01788	0.25780	0.05239	0.55676	0.01392	0.00687	0.00193	0.00289	0.01177	0.00569	0.00507
15	0.00732	0.00591	0.00651	0.00636	0.00813	0.00510	0.00477	0.00921	0.01431	0.01822	0.28858	0.05184	0.52576	0.01379	0.00687	0.00192	0.00288	0.01169	0.00573	0.00510
16	0.01940	0.01860	0.01757	0.15721	0.07324	0.25343	0.01252	0.33144	0.02006	0.02438	0.01152	0.01319	0.00870	0.00633	0.00563	0.00170	0.00797	0.00475	0.00413	0.00822
17	0.83671	0.01125	0.00855	0.00765	0.01125	0.01305	0.00630	0.01709	0.00990	0.02609	0.00810	0.00945	0.00630	0.00540	0.00360	0.00180	0.00450	0.00315	0.00360	0.00630
18	0.01735	0.02046	0.01656	0.11273	0.05562	0.44311	0.01203	0.01929	0.01430	0.01517	0.06380	0.01414	0.01111	0.00714	0.00802	0.00178	0.15288	0.00474	0.00310	0.00666
19	0.00968	0.01925	0.43719	0.01291	0.01793	0.00971	0.01452	0.01395	0.01178	0.01687	0.01979	0.34959	0.02082	0.01102	0.00635	0.00207	0.00634	0.00959	0.00373	0.00692
20	0.01282	0.01221	0.02076	0.37980	0.42755	0.01340	0.01706	0.01647	0.01250	0.01709	0.01066	0.01491	0.00854	0.00547	0.00578	0.00182	0.00730	0.00518	0.00274	0.00794
21	0.04575	0.00617	0.00737	0.00725	0.00881	0.00572	0.00551	0.01048	0.01480	0.02057	0.44877	0.09181	0.23096	0.01299	0.00683	0.00195	0.00309	0.05998	0.00588	0.00532
22	0.00701	0.00576	0.00617	0.00635	0.00801	0.00493	0.00466	0.00851	0.01317	0.01617	0.10942	0.17126	0.58833	0.01506	0.00696	0.00202	0.00300	0.01281	0.00548	0.00493
23	0.01098	0.01034	0.01744	0.78165	0.04005	0.01292	0.01615	0.01486	0.01163	0.01486	0.01034	0.01550	0.00775	0.00581	0.00581	0.00194	0.00775	0.00517	0.00258	0.00646
24	0.00966	0.00829	0.01387	0.01182	0.01345	0.00890	0.14782	0.01167	0.00992	0.01392	0.01510	0.02497	0.01481	0.23793	0.37779	0.00650	0.05820	0.00689	0.00316	0.00532
25	0.00816	0.00588	0.00774	0.00762	0.00886	0.00546	0.00571	0.01068	0.01561	0.02191	0.62228	0.13800	0.05153	0.01293	0.00700	0.00195	0.00298	0.05410	0.00621	0.00538
26	0.00703	0.00586	0.00613	0.00613	0.00797	0.00496	0.00457	0.00861	0.01351	0.01648	0.13187	0.08481	0.65296	0.01457	0.00689	0.00197	0.00294	0.01226	0.00551	0.00496
27	0.01309	0.01195	0.01919	0.01510	0.01795	0.03851	0.23755	0.05919	0.01352	0.04598	0.10662	0.02087	0.03979	0.01093	0.07391	0.00260	0.17459	0.00667	0.08515	0.00683
28	0.04130	0.01199	0.01879	0.01391	0.01871	0.01068	0.23651	0.05968	0.03715	0.01996	0.01335	0.08518	0.01171	0.00609	0.00551	0.00147	0.00609	0.00592	0.00369	0.39231
29	0.01254	0.01193	0.02026	0.44003	0.36946	0.01333	0.01693	0.01623	0.01237	0.01675	0.01061	0.01499	0.00842	0.00552	0.00579	0.00184	0.00737	0.00517	0.00272	0.00772
30	0.01314	0.00958	0.01132	0.01009	0.01243	0.01076	0.00799	0.19895	0.12419	0.02233	0.01693	0.02023	0.01390	0.02293	0.33732	0.00500	0.00949	0.00590	0.14050	0.00702
31	0.02172	0.02772	0.01648	0.01498	0.01798	0.77228	0.01124	0.02322	0.01648	0.01423	0.00899	0.01049	0.00749	0.00599	0.00524	0.00150	0.01049	0.00375	0.00300	0.00674
32	0.01185	0.00880	0.01074	0.01000	0.01198	0.00991	0.00765	0.03453	0.26998	0.06189	0.01916	0.02394	0.01637	0.12077	0.34928	0.00568	0.00966	0.00658	0.00445	0.00678
33	0.01040	0.00822	0.00967	0.00800	0.01140	0.00652	0.00611	0.01242	0.01236	0.04457	0.04097	0.18932	0.16308	0.00961	0.00559	0.00146	0.00383	0.00823	0.00445	0.44379
34	0.00706	0.00544	0.00646	0.00716	0.00821	0.00484	0.00501	0.00836	0.01228	0.01566	0.08309	0.45347	0.32920	0.01646	0.00717	0.00217	0.00317	0.01448	0.00545	0.00484

[dist]
# distance from previous block
# <min> <max>
0	12

[block]
# block no. 6 follows, 40 sequences, length 12
# corresponding to MSA columns:
# 421-432
name=unknown_G
#
# <colnr> <probs for GDERKNQSTAVLIFYWHMCP>
#	G	D	E	R	K	N	Q	S	T	A	V	L	I	F	Y	W	H	M	C	P
0	0.00770	0.00532	0.00657	0.00732	0.00750	0.00513	0.00456	0.00826	0.00994	0.01325	0.02594	0.45605	0.03075	0.36453	0.01730	0.00382	0.00438	0.01293	0.00456	0.00419
1	0.14882	0.01471	0.01119	0.01027	0.01242	0.27243	0.00773	0.01716	0.01256	0.05358	0.01304	0.01784	0.01148	0.12422	0.08558	0.00297	0.04047	0.00500	0.13257	0.00598
2	0.01532	0.04843	0.18822	0.01288	0.01767	0.01448	0.01219	0.08760	0.43630	0.07518	0.01910	0.01823	0.01403	0.00710	0.00572	0.00188	0.00577	0.00574	0.00506	0.00910
3	0.01355	0.25449	0.43080	0.01369	0.02065	0.01610	0.01607	0.06644	0.01314	0.01830	0.00997	0.01150	0.00768	0.00535	0.00491	0.00157	0.00736	0.00393	0.00278	0.08172
4	0.01350	0.01453	0.01276	0.05112	0.01486	0.28268	0.00942	0.01535	0.01208	0.01393	0.01322	0.05509	0.01237	0.02468	0.36972	0.00535	0.06464	0.00571	0.00312	0.00587
5	0.02034	0.01202	0.01731	0.01965	0.28212	0.01162	0.01204	0.12648	0.01680	0.35299	0.01917	0.01886	0.04979	0.00683	0.00586	0.00177	0.00576	0.00585	0.00536	0.00940
6	0.00766	0.00592	0.00698	0.00671	0.00834	0.00524	0.00504	0.00986	0.01511	0.02010	0.46168	0.04873	0.35149	0.01309	0.00686	0.00189	0.00283	0.01126	0.00598	0.00524
7	0.01130	0.00847	0.01161	0.01081	0.01173	0.00996	0.00853	0.01289	0.01154	0.09029	0.10309	0.21771	0.04551	0.03767	0.06760	0.00292	0.26792	0.06001	0.00451	0.00593
8	0.00804	0.00598	0.00733	0.00804	0.00916	0.00562	0.00617	0.00960	0.01211	0.01540	0.03747	0.19014	0.25195	0.14649	0.01118	0.00290	0.00431	0.25824	0.00507	0.00480
9	0.01473	0.01637	0.01714	0.46742	0.03081	0.26916	0.01424	0.01761	0.01306	0.01458	0.00968	0.01361	0.00766	0.00619	0.00659	0.00183	0.06536	0.00468	0.00272	0.00655
10	0.01630	0.00967	0.01043	0.00869	0.01152	0.01014	0.00695	0.26888	0.01793	0.10100	0.01762	0.01879	0.01310	0.00689	0.00486	0.00154	0.00422	0.00540	0.45864	0.00743
11	0.01150	0.00957	0.01787	0.01454	0.01740	0.00889	0.28347	0.01411	0.01267	0.09105	0.02345	0.42055	0.02482	0.01207	0.00705	0.00215	0.00597	0.01180	0.00465	0.00642

[dist]
# distance from previous block
# <min> <max>
1	14

[block]
# block no. 7 follows, 40 sequences, length 62
# corresponding to MSA columns:
# 461-522
name=unknown_H
#
# <colnr> <probs for GDERKNQSTAVLIFYWHMCP>
#	G	D	E	R	K	N	Q	S	T	A	V	L	I	F	Y	W	H	M	C	P
0	0.01712	0.19309	0.01819	0.05987	0.01693	0.27071	0.01018	0.15287	0.01590	0.01820	0.01230	0.06721	0.01122	0.04321	0.06641	0.00237	0.00830	0.00525	0.00358	0.00708
1	0.01555	0.79913	0.03047	0.00995	0.01493	0.02301	0.00995	0.01741	0.01182	0.01368	0.00808	0.00933	0.00746	0.00498	0.00373	0.00124	0.00622	0.00311	0.00249	0.00746
2	0.49953	0.01806	0.01183	0.01068	0.01403	0.32716	0.00834	0.01963	0.01262	0.02118	0.00847	0.00988	0.00679	0.00564	0.00428	0.00167	0.00698	0.00340	0.00335	0.00648
3	0.01611	0.01250	0.01321	0.01130	0.01468	0.01411	0.00895	0.23254	0.42824	0.02747	0.02015	0.01947	0.01505	0.00746	0.00560	0.00181	0.00483	0.00601	0.13167	0.00882
4	0.01371	0.01015	0.01122	0.00957	0.01209	0.03495	0.00755	0.26080	0.01920	0.02670	0.34342	0.02840	0.03063	0.01170	0.06051	0.00227	0.00515	0.00762	0.09734	0.00700
5	0.01016	0.00790	0.00922	0.00875	0.01046	0.00840	0.00653	0.01646	0.23539	0.02001	0.25721	0.04858	0.06881	0.13435	0.08735	0.00325	0.00515	0.03185	0.02396	0.00623
6	0.06676	0.01178	0.01176	0.00998	0.01315	0.07410	0.00790	0.19416	0.09394	0.11724	0.13904	0.02902	0.18820	0.00944	0.00605	0.00182	0.00491	0.00761	0.00562	0.00752
7	0.02172	0.02772	0.01648	0.01498	0.01798	0.77228	0.01124	0.02322	0.01648	0.01423	0.00899	0.01049	0.00749	0.00599	0.00524	0.00150	0.01049	0.00375	0.00300	0.00674
8	0.00948	0.00685	0.00805	0.00760	0.00884	0.00690	0.00539	0.08113	0.01247	0.01652	0.11361	0.03689	0.19253	0.28109	0.13830	0.05000	0.00631	0.00872	0.00440	0.00492
9	0.00715	0.00511	0.00680	0.00805	0.00845	0.00477	0.00540	0.00826	0.01143	0.01532	0.07252	0.75002	0.03938	0.01786	0.00739	0.00233	0.00334	0.01620	0.00545	0.00477
10	0.03658	0.00898	0.01075	0.00989	0.01189	0.00995	0.00761	0.11184	0.14391	0.06038	0.03445	0.14065	0.01890	0.06331	0.22129	0.00423	0.03506	0.00776	0.05584	0.00671
11	0.12494	0.12916	0.01139	0.00842	0.01029	0.00966	0.00670	0.01224	0.01059	0.01662	0.01778	0.20494	0.01813	0.02161	0.26624	0.00436	0.00804	0.00771	0.10556	0.00561
12	0.01517	0.05534	0.01403	0.01128	0.01480	0.01372	0.00895	0.10158	0.47441	0.06193	0.02098	0.06546	0.01660	0.00862	0.02072	0.00197	0.00501	0.00653	0.00549	0.07740
13	0.01283	0.03667	0.20193	0.09644	0.23408	0.03101	0.01482	0.06819	0.05427	0.01973	0.07776	0.02092	0.09217	0.00718	0.00586	0.00181	0.00655	0.00614	0.00367	0.00796
14	0.01622	0.32984	0.02085	0.05405	0.01641	0.28511	0.02406	0.01790	0.01296	0.01373	0.01023	0.01442	0.00955	0.10498	0.04534	0.00233	0.00827	0.00434	0.00284	0.00656
15	0.14302	0.11485	0.06422	0.01669	0.15557	0.24347	0.01191	0.01833	0.01277	0.01707	0.00975	0.01241	0.00832	0.00960	0.08157	0.00243	0.06370	0.00422	0.00295	0.00716
16	0.05775	0.01315	0.09201	0.32535	0.02766	0.01266	0.14458	0.08790	0.01305	0.01813	0.01212	0.01833	0.01018	0.13167	0.00965	0.00250	0.00755	0.00581	0.00317	0.00679
17	0.00981	0.00567	0.00662	0.00661	0.00771	0.00593	0.00487	0.01202	0.01114	0.01834	0.04211	0.02471	0.01689	0.11391	0.20518	0.00396	0.00639	0.00617	0.48683	0.00513
18	0.05745	0.00930	0.04143	0.00917	0.01162	0.00892	0.00760	0.08115	0.13418	0.02265	0.24613	0.05369	0.11520	0.01080	0.00633	0.00195	0.00411	0.10349	0.06827	0.00656
19	0.00829	0.00593	0.00803	0.00812	0.00871	0.00649	0.00572	0.00950	0.00912	0.01273	0.01765	0.07642	0.01856	0.33055	0.44003	0.00749	0.01101	0.00772	0.00341	0.00452
20	0.19831	0.00959	0.01331	0.46128	0.02746	0.01148	0.01179	0.01458	0.01124	0.01801	0.01273	0.09123	0.01108	0.00703	0.00532	0.00190	0.00614	0.00585	0.07552	0.00616
21	0.01274	0.00851	0.00977	0.00852	0.01096	0.00839	0.00654	0.12585	0.07657	0.11368	0.23244	0.03698	0.22262	0.08978	0.00879	0.00224	0.00407	0.00906	0.00582	0.00666
22	0.01080	0.00843	0.01250	0.26037	0.08770	0.00902	0.01032	0.04344	0.01276	0.06273	0.02494	0.30346	0.10738	0.01146	0.00652	0.00206	0.00528	0.01019	0.00439	0.00625
23	0.00779	0.00561	0.00714	0.00752	0.00819	0.00550	0.00513	0.00903	0.01121	0.01515	0.14390	0.29144	0.09809	0.22102	0.13255	0.00418	0.00572	0.01150	0.00472	0.00463
24	0.01662	0.01948	0.02361	0.04821	0.13623	0.31569	0.27293	0.01975	0.01443	0.01652	0.01069	0.01381	0.00863	0.00754	0.04819	0.00215	0.00988	0.00527	0.00295	0.00742
25	0.11969	0.01710	0.01574	0.27239	0.06994	0.29094	0.01224	0.05760	0.01397	0.01729	0.01024	0.01399	0.00842	0.04936	0.00663	0.00194	0.00810	0.00458	0.00311	0.00674
26	0.07834	0.01434	0.02027	0.01536	0.01994	0.01500	0.21374	0.32900	0.08416	0.07824	0.06047	0.01702	0.01312	0.00668	0.00602	0.00184	0.00673	0.00603	0.00499	0.00872
27	0.00930	0.01414	0.26207	0.01020	0.01401	0.00822	0.01055	0.01279	0.01310	0.01838	0.24397	0.04622	0.14318	0.10851	0.03159	0.00253	0.00554	0.00820	0.00435	0.03315
28	0.01010	0.00776	0.01066	0.01072	0.05683	0.00819	0.02742	0.03485	0.01250	0.01723	0.15409	0.04777	0.17496	0.01382	0.02930	0.15252	0.10670	0.05902	0.06024	0.00535
29	0.01199	0.00884	0.01060	0.02850	0.01214	0.00960	0.00753	0.09882	0.14082	0.05899	0.05899	0.23576	0.05631	0.13332	0.01112	0.00267	0.06261	0.03988	0.00511	0.00642
30	0.00831	0.00575	0.00650	0.00663	0.00807	0.00519	0.00486	0.01012	0.01313	0.03208	0.16066	0.17733	0.32773	0.03975	0.00724	0.00204	0.00312	0.02546	0.15088	0.00512
31	0.05348	0.01054	0.01208	0.00875	0.01380	0.00833	0.00702	0.03610	0.01251	0.03789	0.01064	0.01217	0.00868	0.00451	0.00435	0.00096	0.00439	0.00354	0.00361	0.74664
32	0.00817	0.00552	0.00643	0.00671	0.00678	0.00545	0.00391	0.00838	0.00901	0.01201	0.02117	0.19418	0.02473	0.63461	0.02501	0.00496	0.00517	0.01013	0.00391	0.00377
33	0.13064	0.01047	0.01187	0.01082	0.01180	0.05740	0.00834	0.01387	0.06193	0.01552	0.01262	0.07613	0.01264	0.10148	0.03309	0.15305	0.26351	0.00611	0.00330	0.00541
34	0.00890	0.00746	0.00812	0.00819	0.00970	0.04760	0.00591	0.01146	0.05880	0.01765	0.18833	0.35845	0.16138	0.01396	0.00677	0.00200	0.00370	0.01226	0.00538	0.06395
35	0.00712	0.00521	0.00670	0.00778	0.00838	0.00479	0.00528	0.00828	0.01169	0.01541	0.07487	0.66008	0.12815	0.01744	0.00732	0.00228	0.00329	0.01568	0.00545	0.00479
36	0.00706	0.00517	0.00663	0.00780	0.00836	0.00475	0.00527	0.00813	0.01142	0.01496	0.03566	0.69285	0.13512	0.01775	0.00735	0.00231	0.00332	0.01596	0.00540	0.00475
37	0.00962	0.00825	0.01271	0.27663	0.10830	0.00893	0.01100	0.01224	0.01229	0.01609	0.05091	0.22508	0.10369	0.01152	0.00668	0.00212	0.00550	0.10830	0.00417	0.00598
38	0.01623	0.00730	0.00927	0.00824	0.01074	0.00656	0.00635	0.01823	0.01392	0.33973	0.02663	0.21360	0.07088	0.01033	0.00586	0.00184	0.00386	0.00882	0.21448	0.00715
39	0.00906	0.00612	0.00786	0.00841	0.00942	0.00589	0.00592	0.01171	0.07287	0.06352	0.15240	0.55508	0.03802	0.01562	0.00711	0.00221	0.00347	0.01404	0.00572	0.00554
40	0.15553	0.01206	0.01355	0.01223	0.06042	0.01289	0.00924	0.31582	0.01879	0.11064	0.06877	0.04891	0.01651	0.05218	0.00709	0.00208	0.00545	0.06454	0.00528	0.00802
41	0.14084	0.01122	0.01219	0.00906	0.01392	0.00986	0.00732	0.10605	0.01364	0.02227	0.01044	0.01189	0.00842	0.00481	0.00439	0.00112	0.00460	0.00362	0.00377	0.60055
42	0.04473	0.04299	0.03486	0.00833	0.01050	0.06796	0.00666	0.01228	0.05350	0.01593	0.03828	0.06002	0.41445	0.08325	0.03114	0.00247	0.05319	0.00940	0.00453	0.00555
43	0.01086	0.00917	0.01439	0.01988	0.31986	0.00919	0.01135	0.01342	0.01232	0.01725	0.02144	0.17402	0.05160	0.01485	0.10266	0.00296	0.00665	0.13132	0.05002	0.00679
44	0.01730	0.11332	0.02239	0.02274	0.32491	0.01658	0.05428	0.28020	0.04935	0.02494	0.01226	0.01398	0.00958	0.00591	0.00559	0.00170	0.00670	0.00509	0.00403	0.00916
45	0.01439	0.09993	0.04496	0.02104	0.32226	0.04507	0.01267	0.06862	0.05960	0.05950	0.01663	0.17797	0.01590	0.00836	0.00587	0.00182	0.00601	0.00738	0.00399	0.00803
46	0.03658	0.08841	0.09158	0.01590	0.09981	0.11096	0.06725	0.23707	0.01754	0.08124	0.01245	0.01395	0.00941	0.00697	0.00654	0.05316	0.00707	0.00488	0.03100	0.00823
47	0.01058	0.06176	0.15686	0.01312	0.01675	0.01079	0.12322	0.01480	0.05172	0.01655	0.05044	0.02300	0.03304	0.02239	0.32323	0.00498	0.01071	0.04603	0.00341	0.00662
