[name]
unknown

[dist]
# distance from previous block
# <min> <max>
0	19

[block]
# block no. 0 follows, 42 sequences, length 41
# corresponding to MSA columns:
# 250-290
name=unknown_A
#
# <colnr> <probs for GDERKNQSTAVLIFYWHMCP>
#	G	D	E	R	K	N	Q	S	T	A	V	L	I	F	Y	W	H	M	C	P
0	0.01054	0.00676	0.00943	0.01033	0.01191	0.00664	0.00900	0.01310	0.01324	0.08551	0.02911	0.05944	0.03071	0.01476	0.00758	0.00251	0.00515	0.66336	0.00534	0.00558
1	0.01147	0.02784	0.70570	0.01674	0.02482	0.01318	0.08689	0.01784	0.01201	0.01784	0.01022	0.01218	0.00726	0.00529	0.00546	0.00179	0.00842	0.00438	0.00242	0.00825
2	0.00724	0.00518	0.00697	0.00823	0.00874	0.00490	0.00586	0.00853	0.01125	0.01495	0.04708	0.66101	0.03678	0.01715	0.00727	0.00232	0.00357	0.13304	0.00524	0.00469
3	0.01478	0.00858	0.00961	0.00836	0.01077	0.00881	0.00653	0.21139	0.01614	0.12289	0.01962	0.14494	0.01676	0.00846	0.00514	0.00163	0.00397	0.00700	0.36775	0.00687
4	0.00920	0.00698	0.00811	0.00824	0.00922	0.00741	0.00563	0.01371	0.20044	0.01546	0.02357	0.29852	0.02516	0.28588	0.05367	0.00362	0.00492	0.01034	0.00462	0.00530
5	0.00813	0.00565	0.00714	0.00714	0.00748	0.00600	0.00466	0.00883	0.00848	0.01165	0.01682	0.03176	0.01826	0.54070	0.28716	0.00669	0.00877	0.00744	0.00327	0.00397
6	0.02102	0.02682	0.01595	0.01450	0.01740	0.77963	0.01087	0.02247	0.01595	0.01377	0.00870	0.01015	0.00725	0.00580	0.00507	0.00145	0.01015	0.00362	0.00290	0.00652
7	0.01408	0.00936	0.01099	0.00954	0.01195	0.00961	0.00735	0.26536	0.01787	0.10092	0.20605	0.22128	0.02842	0.05136	0.00745	0.00206	0.00439	0.00933	0.00569	0.00693
8	0.01489	0.09101	0.02156	0.02607	0.46545	0.13319	0.01480	0.01747	0.01253	0.01645	0.00955	0.01263	0.00826	0.00585	0.00726	0.00171	0.12604	0.00459	0.00272	0.00797
9	0.04581	0.31171	0.01943	0.01137	0.01449	0.27929	0.00956	0.01728	0.01231	0.01384	0.00952	0.01214	0.00854	0.01274	0.15665	0.00291	0.04931	0.00391	0.00274	0.00646
10	0.84197	0.01088	0.00827	0.00740	0.01088	0.01262	0.00609	0.01654	0.00958	0.02525	0.00784	0.00914	0.00609	0.00522	0.00348	0.00174	0.00435	0.00305	0.00348	0.00609
11	0.00835	0.00649	0.00964	0.00946	0.01040	0.00778	0.00742	0.01031	0.00901	0.01310	0.01451	0.02139	0.01358	0.03984	0.72416	0.00856	0.07196	0.00595	0.00297	0.00511
12	0.00853	0.00532	0.00712	0.00803	0.00873	0.00491	0.00550	0.00962	0.01126	0.08326	0.03021	0.72758	0.03510	0.01666	0.00704	0.00224	0.00340	0.01506	0.00538	0.00503
13	0.01129	0.02911	0.77306	0.01604	0.02436	0.01307	0.02079	0.01782	0.01188	0.01782	0.01010	0.01188	0.00713	0.00535	0.00535	0.00178	0.00832	0.00416	0.00238	0.00832
14	0.31228	0.01004	0.01138	0.00909	0.01314	0.00980	0.00751	0.02360	0.01381	0.50892	0.01715	0.01564	0.01118	0.00635	0.00489	0.00174	0.00464	0.00474	0.00574	0.00835
15	0.00875	0.00652	0.00776	0.00789	0.00928	0.00628	0.00595	0.07635	0.01358	0.01773	0.13441	0.24079	0.22888	0.08222	0.00877	0.00238	0.00384	0.12820	0.00523	0.00517
16	0.00782	0.00541	0.00696	0.00716	0.00815	0.00505	0.00515	0.00990	0.01376	0.01959	0.44059	0.30034	0.04394	0.01314	0.00657	0.00190	0.00286	0.01171	0.08493	0.00505
17	0.01063	0.01000	0.01688	0.78870	0.03876	0.01250	0.01563	0.01438	0.01125	0.01438	0.01000	0.01500	0.00750	0.00563	0.00563	0.00188	0.00750	0.00500	0.00250	0.00625
18	0.84197	0.01088	0.00827	0.00740	0.01088	0.01262	0.00609	0.01654	0.00958	0.02525	0.00784	0.00914	0.00609	0.00522	0.00348	0.00174	0.00435	0.00305	0.00348	0.00609
19	0.00898	0.00746	0.00810	0.00829	0.00897	0.07626	0.00575	0.01003	0.00981	0.01273	0.01923	0.21391	0.02117	0.28459	0.27350	0.00553	0.00858	0.00894	0.00367	0.00452
20	0.01063	0.01000	0.01688	0.78870	0.03876	0.01250	0.01563	0.01438	0.01125	0.01438	0.01000	0.01500	0.00750	0.00563	0.00563	0.00188	0.00750	0.00500	0.00250	0.00625
21	0.08686	0.01512	0.01605	0.01239	0.01680	0.01669	0.01023	0.66054	0.02469	0.06483	0.01342	0.01340	0.00947	0.00664	0.00546	0.00170	0.00599	0.00493	0.00551	0.00929
22	0.15438	0.01295	0.01395	0.01113	0.01523	0.01397	0.00910	0.35019	0.13107	0.20688	0.01607	0.01527	0.01119	0.00669	0.00530	0.00174	0.00530	0.00507	0.00561	0.00891
23	0.00806	0.00541	0.00617	0.00629	0.00632	0.00538	0.00358	0.00815	0.00842	0.01123	0.01894	0.10618	0.02199	0.73078	0.02669	0.00517	0.00526	0.00890	0.00358	0.00352
24	0.00688	0.00497	0.00652	0.00769	0.00814	0.00461	0.00517	0.00794	0.01106	0.01468	0.05624	0.73185	0.07897	0.01724	0.00714	0.00225	0.00322	0.01558	0.00526	0.00461
25	0.01479	0.01255	0.01369	0.01279	0.05339	0.01434	0.00953	0.10669	0.64020	0.02456	0.02126	0.01983	0.01594	0.00741	0.00571	0.00187	0.00476	0.00615	0.00557	0.00898
26	0.01211	0.01123	0.08444	0.05661	0.01573	0.00822	0.00906	0.01507	0.01219	0.07138	0.01409	0.02083	0.01247	0.00641	0.00506	0.00134	0.00497	0.12150	0.00375	0.51353
27	0.01192	0.16062	0.45455	0.01362	0.01964	0.05249	0.01588	0.01653	0.01213	0.01652	0.01353	0.05154	0.01229	0.00736	0.00548	0.00181	0.00732	0.11644	0.00296	0.00740
28	0.01314	0.41239	0.40604	0.01288	0.01946	0.01761	0.01528	0.01734	0.01166	0.01556	0.00898	0.01047	0.00717	0.00508	0.00449	0.00150	0.00718	0.00359	0.00239	0.00778
29	0.00804	0.00603	0.00904	0.00904	0.01005	0.00703	0.00703	0.01005	0.00904	0.01306	0.01507	0.02211	0.01407	0.04221	0.77992	0.00904	0.01507	0.00603	0.00301	0.00502
30	0.01335	0.01308	0.02074	0.17639	0.50500	0.04180	0.01610	0.01644	0.01210	0.01684	0.01000	0.01379	0.00839	0.00577	0.00718	0.00180	0.10561	0.00495	0.00269	0.00797
31	0.01241	0.01162	0.01953	0.11425	0.56277	0.01185	0.01513	0.01542	0.01231	0.01729	0.01384	0.14140	0.01335	0.00713	0.00584	0.00179	0.00622	0.00680	0.00315	0.00791
32	0.00736	0.00544	0.00700	0.00805	0.00892	0.00508	0.00599	0.00883	0.01171	0.01514	0.03573	0.47372	0.17634	0.01647	0.00723	0.00229	0.00366	0.19110	0.00521	0.00476
33	0.22683	0.01217	0.01366	0.02932	0.12987	0.01356	0.00975	0.09701	0.32270	0.06492	0.01592	0.01591	0.01194	0.00645	0.00511	0.00180	0.00503	0.00511	0.00470	0.00824
34	0.01351	0.01738	0.27665	0.01419	0.01915	0.05695	0.13211	0.01808	0.04388	0.12839	0.08591	0.09136	0.01735	0.00793	0.00604	0.00187	0.00676	0.05093	0.00408	0.00749
35	0.01958	0.00823	0.01096	0.00884	0.01216	0.00725	0.00714	0.02192	0.01567	0.51548	0.20747	0.02505	0.02377	0.00806	0.00575	0.00171	0.00406	0.00675	0.08203	0.00812
36	0.01317	0.41738	0.40126	0.01283	0.01940	0.01767	0.01521	0.01734	0.01166	0.01553	0.00896	0.01045	0.00718	0.00508	0.00448	0.00149	0.00717	0.00358	0.00239	0.00777
37	0.01588	0.01417	0.01371	0.01200	0.01536	0.09288	0.00939	0.14221	0.56616	0.02442	0.01997	0.01871	0.01497	0.00731	0.00564	0.00183	0.00531	0.00588	0.00542	0.00877
38	0.00686	0.00490	0.00653	0.00784	0.00816	0.00457	0.00522	0.00784	0.01077	0.01437	0.03102	0.79855	0.03722	0.01763	0.00718	0.00229	0.00326	0.01600	0.00522	0.00457
39	0.01200	0.17552	0.63286	0.01483	0.02249	0.01480	0.01869	0.01764	0.01180	0.01696	0.00967	0.01134	0.00715	0.00525	0.00502	0.00167	0.00788	0.00394	0.00238	0.00811
40	0.01505	0.80561	0.02949	0.00963	0.01444	0.02227	0.00963	0.01685	0.01143	0.01324	0.00782	0.00903	0.00722	0.00481	0.00361	0.00120	0.00602	0.00301	0.00241	0.00722

[dist]
# distance from previous block
# <min> <max>
0	3

[block]
# block no. 1 follows, 42 sequences, length 131
# corresponding to MSA columns:
# 294-360,372-377,379-408,410-437
name=unknown_B
#
# <colnr> <probs for GDERKNQSTAVLIFYWHMCP>
#	G	D	E	R	K	N	Q	S	T	A	V	L	I	F	Y	W	H	M	C	P
0	0.00720	0.00512	0.00680	0.00802	0.00844	0.00485	0.00556	0.00831	0.01086	0.01443	0.03000	0.66195	0.03555	0.06909	0.00867	0.00253	0.00363	0.09933	0.00510	0.00457
1	0.01157	0.01097	0.01858	0.57321	0.24688	0.01275	0.01610	0.01521	0.01170	0.01552	0.01017	0.01470	0.00791	0.00545	0.00561	0.00182	0.00727	0.00500	0.00258	0.00701
2	0.01853	0.01447	0.01489	0.01223	0.01607	0.05620	0.00982	0.38510	0.30643	0.06776	0.01757	0.02736	0.01299	0.00720	0.00566	0.00177	0.00562	0.00567	0.00558	0.00908
3	0.01438	0.00721	0.00933	0.00796	0.01056	0.00635	0.00627	0.01664	0.01545	0.30921	0.35369	0.03538	0.16386	0.01024	0.00626	0.00178	0.00351	0.00874	0.00632	0.00685
4	0.00698	0.00498	0.00667	0.00797	0.00835	0.00467	0.00543	0.00804	0.01089	0.01450	0.03095	0.75902	0.03696	0.01752	0.00721	0.00230	0.00337	0.05435	0.00522	0.00460
5	0.01129	0.02911	0.77306	0.01604	0.02436	0.01307	0.02079	0.01782	0.01188	0.01782	0.01010	0.01188	0.00713	0.00535	0.00535	0.00178	0.00832	0.00416	0.00238	0.00832
6	0.06039	0.29722	0.26072	0.01202	0.01776	0.01609	0.01291	0.10892	0.01404	0.13390	0.01145	0.01204	0.00845	0.00557	0.00472	0.00156	0.00649	0.00404	0.00355	0.00816
7	0.01400	0.01209	0.01273	0.01145	0.01463	0.01400	0.00891	0.02990	0.75695	0.02354	0.02291	0.02100	0.01718	0.00764	0.00573	0.00191	0.00445	0.00636	0.00573	0.00891
8	0.01505	0.80561	0.02949	0.00963	0.01444	0.02227	0.00963	0.01685	0.01143	0.01324	0.00782	0.00903	0.00722	0.00481	0.00361	0.00120	0.00602	0.00301	0.00241	0.00722
9	0.00804	0.00603	0.00904	0.00904	0.01005	0.00703	0.00703	0.01005	0.00904	0.01306	0.01507	0.02211	0.01407	0.04221	0.77992	0.00904	0.01507	0.00603	0.00301	0.00502
10	0.61918	0.01159	0.00970	0.00844	0.01200	0.05192	0.00686	0.01940	0.05943	0.13993	0.01108	0.01151	0.00809	0.00568	0.00405	0.00174	0.00473	0.00370	0.00414	0.00684
11	0.07111	0.05372	0.01412	0.01069	0.01448	0.01373	0.00863	0.29520	0.18915	0.02550	0.01478	0.01631	0.01168	0.05958	0.04037	0.00214	0.00567	0.00509	0.00471	0.14337
12	0.01100	0.00616	0.00749	0.00699	0.00789	0.00587	0.00454	0.01170	0.01050	0.14182	0.09911	0.07407	0.02372	0.54120	0.02125	0.00426	0.00493	0.00837	0.00441	0.00472
13	0.00859	0.00603	0.00799	0.00892	0.00976	0.00599	0.00709	0.01029	0.01140	0.01493	0.02658	0.13392	0.02959	0.23401	0.01350	0.00335	0.00506	0.45368	0.00469	0.00463
14	0.01007	0.00961	0.01766	0.01438	0.01746	0.00918	0.29161	0.01317	0.01257	0.01649	0.02645	0.03783	0.17098	0.01445	0.10338	0.00299	0.00759	0.21411	0.00402	0.00600
15	0.01490	0.76321	0.02883	0.00990	0.01446	0.02200	0.00977	0.01667	0.01128	0.01326	0.00780	0.00920	0.00723	0.00508	0.00441	0.00127	0.04802	0.00311	0.00241	0.00716
16	0.01129	0.02911	0.77306	0.01604	0.02436	0.01307	0.02079	0.01782	0.01188	0.01782	0.01010	0.01188	0.00713	0.00535	0.00535	0.00178	0.00832	0.00416	0.00238	0.00832
17	0.01236	0.01122	0.01654	0.01200	0.01678	0.00960	0.15969	0.01523	0.01189	0.03522	0.01038	0.01261	0.00844	0.00476	0.00573	0.00119	0.06139	0.00418	0.00325	0.58753
18	0.07450	0.05250	0.01238	0.00996	0.01278	0.01101	0.00784	0.26211	0.01684	0.13779	0.02087	0.31585	0.02050	0.01076	0.00597	0.00190	0.00471	0.00911	0.00535	0.00727
19	0.01250	0.01079	0.01488	0.01085	0.01569	0.00893	0.11983	0.03657	0.03887	0.04585	0.01372	0.01513	0.04935	0.00509	0.00483	0.00115	0.00500	0.00454	0.00364	0.58282
20	0.00768	0.00663	0.00678	0.00720	0.00860	0.04624	0.00529	0.00906	0.01239	0.01508	0.05432	0.28899	0.43066	0.01493	0.00682	0.00205	0.00354	0.06382	0.00511	0.00483
21	0.02083	0.01280	0.01341	0.01101	0.01481	0.10659	0.00881	0.11109	0.17976	0.38667	0.02147	0.01960	0.05243	0.00732	0.00565	0.00174	0.00545	0.00581	0.00594	0.00880
22	0.01147	0.00816	0.00977	0.00863	0.01079	0.00829	0.00668	0.10546	0.13043	0.06431	0.51868	0.03408	0.04015	0.01009	0.00632	0.00178	0.00348	0.00872	0.00609	0.00661
23	0.01520	0.05510	0.01541	0.01392	0.10296	0.08976	0.00989	0.11343	0.31685	0.02187	0.01551	0.01566	0.01198	0.00619	0.00521	0.00156	0.00552	0.00499	0.00444	0.17455
24	0.01281	0.00980	0.01135	0.05202	0.01412	0.01074	0.00832	0.06040	0.37557	0.07163	0.11023	0.11770	0.05043	0.00985	0.00617	0.00196	0.00438	0.05943	0.00557	0.00751
25	0.00667	0.00563	0.00578	0.00590	0.00765	0.00473	0.00436	0.00805	0.01264	0.01513	0.05462	0.12255	0.69798	0.01456	0.00670	0.00194	0.00289	0.01226	0.00523	0.00473
26	0.02104	0.01117	0.01349	0.01068	0.01462	0.01116	0.00870	0.22459	0.10603	0.40147	0.09821	0.02023	0.01725	0.00747	0.00576	0.00175	0.00491	0.00606	0.00637	0.00905
27	0.01377	0.01362	0.02716	0.14520	0.16557	0.01344	0.43755	0.01788	0.01300	0.06772	0.01169	0.01515	0.00879	0.00515	0.00638	0.00185	0.01931	0.00599	0.00305	0.00774
28	0.01253	0.01190	0.02020	0.29425	0.48816	0.01276	0.01627	0.01593	0.01220	0.01686	0.01112	0.04243	0.00944	0.00568	0.00565	0.00176	0.00685	0.00540	0.00277	0.00784
29	0.01185	0.00569	0.00618	0.00594	0.00751	0.00553	0.00449	0.01431	0.01220	0.10194	0.01962	0.07269	0.01589	0.00734	0.00434	0.00142	0.00290	0.00601	0.68847	0.00567
30	0.01337	0.01358	0.01938	0.36140	0.35556	0.10853	0.01576	0.01666	0.01252	0.01606	0.01010	0.01393	0.00809	0.00538	0.00553	0.00173	0.00747	0.00484	0.00268	0.00745
31	0.01255	0.02739	0.69083	0.01558	0.02347	0.01315	0.01959	0.06572	0.01301	0.05176	0.01085	0.01230	0.00758	0.00551	0.00538	0.00177	0.00803	0.00428	0.00279	0.00845
32	0.01393	0.01337	0.02284	0.03454	0.76712	0.01337	0.01727	0.01727	0.01281	0.01839	0.01059	0.01393	0.00891	0.00501	0.00557	0.00167	0.00669	0.00501	0.00279	0.00891
33	0.00806	0.00569	0.00759	0.00867	0.00937	0.00557	0.00662	0.00959	0.01130	0.01488	0.02822	0.34266	0.03223	0.14982	0.01109	0.00296	0.00449	0.33162	0.00490	0.00465
34	0.02403	0.00985	0.01302	0.01017	0.01440	0.00889	0.00834	0.02769	0.09651	0.68989	0.02228	0.01935	0.01428	0.00704	0.00567	0.00176	0.00475	0.00574	0.00683	0.00950
35	0.01824	0.06826	0.01720	0.01323	0.01591	0.13886	0.01090	0.23261	0.01619	0.11829	0.01135	0.01299	0.00884	0.00758	0.00990	0.00190	0.28126	0.00473	0.00404	0.00773
36	0.01253	0.28500	0.52803	0.01393	0.02109	0.01610	0.01711	0.01750	0.01173	0.01631	0.00935	0.01094	0.00716	0.00517	0.00477	0.00159	0.00756	0.00378	0.00239	0.00796
37	0.00816	0.00554	0.00658	0.00658	0.00674	0.00570	0.00396	0.00847	0.00832	0.01124	0.01733	0.03458	0.01948	0.68613	0.14340	0.00600	0.00693	0.00785	0.00335	0.00366
38	0.01763	0.01615	0.01720	0.26298	0.07309	0.27095	0.06001	0.02031	0.01410	0.17547	0.01228	0.01419	0.00894	0.00587	0.00551	0.00169	0.00790	0.00478	0.00363	0.00731
39	0.00804	0.00598	0.00881	0.00893	0.00994	0.00675	0.00695	0.01007	0.00985	0.01401	0.06688	0.06783	0.01909	0.03714	0.63750	0.00778	0.01298	0.05297	0.00348	0.00503
40	0.00695	0.00524	0.00647	0.00740	0.00825	0.00476	0.00522	0.00817	0.01152	0.01478	0.03836	0.53393	0.24479	0.01652	0.00707	0.00220	0.00328	0.06520	0.00522	0.00467
41	0.01130	0.01104	0.02025	0.55287	0.04550	0.01254	0.18980	0.01523	0.01179	0.01566	0.01079	0.01535	0.00814	0.00546	0.00578	0.00185	0.00770	0.00541	0.04700	0.00656
42	0.01982	0.01380	0.02117	0.01566	0.02051	0.01377	0.25254	0.30169	0.01916	0.23989	0.01529	0.01567	0.01048	0.00615	0.00597	0.00177	0.00688	0.00575	0.00509	0.00892
43	0.01275	0.01522	0.06998	0.02226	0.02773	0.01353	0.65935	0.01734	0.01304	0.01777	0.01263	0.06731	0.01038	0.00564	0.00661	0.00192	0.00901	0.00714	0.00298	0.00743
44	0.02418	0.01129	0.01412	0.01083	0.01522	0.01082	0.00894	0.22743	0.01898	0.56695	0.01979	0.01759	0.01272	0.00691	0.00565	0.00173	0.00518	0.00549	0.00659	0.00958
45	0.01269	0.33019	0.23601	0.01155	0.01640	0.01553	0.01225	0.06712	0.01203	0.01608	0.01067	0.01339	0.00905	0.01435	0.19625	0.00334	0.00893	0.00423	0.00278	0.00716
46	0.31842	0.01994	0.36093	0.01420	0.02027	0.01311	0.14261	0.01739	0.01128	0.02060	0.00949	0.01145	0.00699	0.00520	0.00489	0.00179	0.00706	0.00418	0.00287	0.00737
47	0.01237	0.13208	0.04274	0.01115	0.08121	0.01047	0.00857	0.01499	0.01174	0.01755	0.00973	0.01148	0.00817	0.00438	0.00425	0.00100	0.00482	0.00346	0.00311	0.60672
48	0.00686	0.00490	0.00653	0.00784	0.00816	0.00457	0.00522	0.00784	0.01077	0.01437	0.03102	0.79855	0.03722	0.01763	0.00718	0.00229	0.00326	0.01600	0.00522	0.00457
49	0.14703	0.01025	0.01386	0.28424	0.02258	0.01092	0.01065	0.05870	0.01392	0.34989	0.01521	0.01584	0.01022	0.00621	0.00531	0.00179	0.00575	0.00499	0.00478	0.00786
50	0.01252	0.01125	0.01551	0.01746	0.21307	0.01196	0.05957	0.02142	0.35730	0.02050	0.06953	0.09018	0.05847	0.00823	0.00598	0.00187	0.00507	0.00741	0.00472	0.00798
51	0.00818	0.00546	0.00614	0.00614	0.00614	0.00546	0.00341	0.00818	0.00818	0.01091	0.01773	0.03683	0.02046	0.80222	0.02864	0.00546	0.00546	0.00818	0.00341	0.00341
52	0.00691	0.00494	0.00660	0.00790	0.00825	0.00462	0.00533	0.00794	0.01083	0.01443	0.03099	0.77917	0.03709	0.01758	0.00720	0.00229	0.00332	0.03480	0.00522	0.00459
53	0.01486	0.63812	0.14145	0.01091	0.01614	0.06918	0.01140	0.01736	0.01179	0.01397	0.00822	0.00953	0.00721	0.00496	0.00397	0.00131	0.00663	0.00322	0.00243	0.00734
54	0.00813	0.00569	0.00731	0.00731	0.00772	0.00609	0.00487	0.00894	0.00853	0.01178	0.01666	0.03089	0.01788	0.49572	0.33163	0.00690	0.00933	0.00732	0.00325	0.00406
55	0.00688	0.00571	0.00602	0.00594	0.00774	0.00485	0.00446	0.00853	0.01338	0.01650	0.18202	0.05202	0.63901	0.01377	0.00665	0.00188	0.00282	0.01158	0.00540	0.00485
56	0.02257	0.00994	0.01285	0.01014	0.01416	0.00923	0.00827	0.06417	0.10372	0.59485	0.07136	0.02060	0.01670	0.00734	0.00573	0.00176	0.00468	0.00601	0.00670	0.00921
57	0.01414	0.01062	0.01661	0.27365	0.23701	0.01150	0.01318	0.01841	0.08081	0.14884	0.01409	0.01681	0.01069	0.01017	0.09665	0.00264	0.00740	0.00537	0.00372	0.00770
58	0.01145	0.06291	0.74069	0.01576	0.02393	0.01347	0.02031	0.01778	0.01186	0.01762	0.01000	0.01176	0.00713	0.00532	0.00527	0.00176	0.00822	0.00411	0.00238	0.00827
59	0.01371	0.01315	0.02244	0.08489	0.71849	0.01331	0.01716	0.01708	0.01271	0.01812	0.01055	0.01400	0.00882	0.00506	0.00558	0.00169	0.00674	0.00501	0.00277	0.00874
60	0.00894	0.00644	0.00889	0.01012	0.01145	0.00639	0.00882	0.01147	0.01295	0.01676	0.03121	0.06299	0.07056	0.01548	0.00771	0.00256	0.00506	0.69186	0.00518	0.00516
61	0.00672	0.00565	0.00583	0.00590	0.00767	0.00476	0.00438	0.00817	0.01283	0.01547	0.08610	0.10202	0.68656	0.01435	0.00669	0.00192	0.00287	0.01207	0.00527	0.00476
62	0.01505	0.80561	0.02949	0.00963	0.01444	0.02227	0.00963	0.01685	0.01143	0.01324	0.00782	0.00903	0.00722	0.00481	0.00361	0.00120	0.00602	0.00301	0.00241	0.00722
63	0.02102	0.02682	0.01595	0.01450	0.01740	0.77963	0.01087	0.02247	0.01595	0.01377	0.00870	0.01015	0.00725	0.00580	0.00507	0.00145	0.01015	0.00362	0.00290	0.00652
64	0.00778	0.00559	0.00741	0.00765	0.00869	0.00523	0.00569	0.00996	0.01418	0.01967	0.48106	0.25424	0.04645	0.01364	0.00691	0.00200	0.00310	0.08983	0.00582	0.00509
65	0.00702	0.00562	0.00628	0.00632	0.00788	0.00488	0.00466	0.00872	0.01341	0.01706	0.24203	0.13811	0.49034	0.01392	0.00671	0.00191	0.00285	0.01191	0.00548	0.00488
66	0.18638	0.01366	0.01336	0.01085	0.01479	0.10265	0.00879	0.22069	0.06701	0.27219	0.01589	0.01516	0.02088	0.00657	0.00516	0.00171	0.00566	0.00487	0.00532	0.00841
67	0.00692	0.00494	0.00658	0.00780	0.00818	0.00461	0.00523	0.00799	0.01105	0.01481	0.07044	0.75787	0.03807	0.01730	0.00715	0.00226	0.00323	0.01569	0.00528	0.00461
68	0.00673	0.00538	0.00603	0.00654	0.00782	0.00468	0.00465	0.00798	0.01202	0.01487	0.04675	0.34785	0.47776	0.01559	0.00686	0.00205	0.00301	0.01350	0.00523	0.00468
69	0.01322	0.01499	0.03215	0.02313	0.02845	0.01443	0.69820	0.01773	0.01297	0.01773	0.01112	0.01499	0.00846	0.00508	0.00742	0.00193	0.06114	0.00653	0.00282	0.00750
70	0.84197	0.01088	0.00827	0.00740	0.01088	0.01262	0.00609	0.01654	0.00958	0.02525	0.00784	0.00914	0.00609	0.00522	0.00348	0.00174	0.00435	0.00305	0.00348	0.00609
71	0.01611	0.00916	0.01149	0.06026	0.01432	0.00925	0.00806	0.02221	0.22671	0.29939	0.11639	0.11463	0.04897	0.00914	0.00601	0.00187	0.00436	0.00781	0.00596	0.00788
72	0.00895	0.00658	0.00804	0.00835	0.00959	0.00645	0.00614	0.10081	0.01371	0.01815	0.10596	0.46379	0.12744	0.01504	0.00692	0.00214	0.00369	0.07752	0.00537	0.00535
73	0.02130	0.02570	0.01576	0.01421	0.01720	0.72949	0.01070	0.02279	0.01596	0.06299	0.00958	0.01073	0.00768	0.00587	0.00511	0.00147	0.00980	0.00376	0.00316	0.00672
74	0.06874	0.01305	0.02000	0.22313	0.49266	0.05303	0.01577	0.01676	0.01236	0.01759	0.01016	0.01368	0.00828	0.00522	0.00542	0.00172	0.00692	0.00481	0.00277	0.00793
75	0.01394	0.01311	0.02077	0.02981	0.61296	0.01350	0.01556	0.01986	0.16526	0.01944	0.01311	0.01538	0.01061	0.00555	0.00560	0.00172	0.00623	0.00529	0.00339	0.00891
76	0.01533	0.14671	0.01667	0.01107	0.04184	0.03325	0.00887	0.21547	0.05564	0.02230	0.01127	0.01226	0.00895	0.00524	0.00463	0.00123	0.00529	0.00398	0.00390	0.37611
77	0.01889	0.01042	0.01404	0.01041	0.01511	0.00881	0.05705	0.05688	0.01467	0.38707	0.01623	0.01565	0.01114	0.00570	0.00513	0.00139	0.00493	0.00478	0.00519	0.33649
78	0.06630	0.21682	0.47155	0.01379	0.02017	0.01568	0.01632	0.01711	0.01132	0.01679	0.00914	0.01104	0.00711	0.00562	0.00601	0.00170	0.07949	0.00387	0.00246	0.00771
79	0.01233	0.05545	0.69723	0.01542	0.02336	0.01308	0.01958	0.01841	0.01214	0.06661	0.01080	0.01225	0.00757	0.00543	0.00531	0.00176	0.00801	0.00422	0.00268	0.00836
80	0.00690	0.00493	0.00657	0.00781	0.00817	0.00460	0.00523	0.00793	0.01096	0.01466	0.05708	0.77165	0.03779	0.01741	0.00716	0.00227	0.00324	0.01579	0.00526	0.00460
81	0.00754	0.00538	0.00731	0.00862	0.00924	0.00516	0.00641	0.00901	0.01145	0.01513	0.03064	0.57190	0.03573	0.01699	0.00736	0.00238	0.00386	0.23592	0.00521	0.00476
82	0.02020	0.16323	0.08530	0.01152	0.01628	0.01464	0.01049	0.28637	0.01842	0.27252	0.01506	0.01463	0.01048	0.00732	0.02678	0.00183	0.00613	0.00482	0.00510	0.00889
83	0.01180	0.01020	0.01703	0.68774	0.08580	0.01229	0.01526	0.01542	0.01167	0.06383	0.01083	0.01520	0.00801	0.00567	0.00562	0.00185	0.00727	0.00504	0.00281	0.00665
84	0.01052	0.00626	0.00793	0.00744	0.00924	0.00558	0.00559	0.01252	0.01437	0.15071	0.35099	0.17862	0.19365	0.01241	0.00657	0.00189	0.00318	0.01081	0.00595	0.00581
85	0.01505	0.80561	0.02949	0.00963	0.01444	0.02227	0.00963	0.01685	0.01143	0.01324	0.00782	0.00903	0.00722	0.00481	0.00361	0.00120	0.00602	0.00301	0.00241	0.00722
86	0.01167	0.01000	0.01167	0.00834	0.01334	0.00750	0.00667	0.01417	0.01167	0.01834	0.01000	0.01167	0.00834	0.00417	0.00417	0.00083	0.00417	0.00333	0.00333	0.83663
87	0.00699	0.00531	0.00649	0.00736	0.00830	0.00481	0.00526	0.00827	0.01165	0.01487	0.03947	0.48570	0.27655	0.01633	0.00706	0.00219	0.00330	0.08017	0.00522	0.00469
88	0.84197	0.01088	0.00827	0.00740	0.01088	0.01262	0.00609	0.01654	0.00958	0.02525	0.00784	0.00914	0.00609	0.00522	0.00348	0.00174	0.00435	0.00305	0.00348	0.00609
89	0.01004	0.00592	0.00861	0.00836	0.00918	0.00634	0.00616	0.02023	0.00903	0.06124	0.01353	0.02046	0.01257	0.06353	0.38582	0.33614	0.00983	0.00563	0.00310	0.00429
90	0.00857	0.00590	0.00658	0.00649	0.00671	0.00603	0.00378	0.00963	0.05817	0.01175	0.01808	0.03577	0.02024	0.74918	0.02711	0.00522	0.00539	0.00806	0.00356	0.00378
91	0.01228	0.01207	0.06581	0.17233	0.02196	0.01003	0.13021	0.01566	0.01205	0.05020	0.01077	0.01327	0.00836	0.00476	0.00501	0.00132	0.00602	0.00437	0.00318	0.44034
92	0.33976	0.05174	0.22755	0.01455	0.02005	0.01363	0.22192	0.01733	0.01135	0.02061	0.00947	0.01162	0.00713	0.00510	0.00491	0.00177	0.00699	0.00438	0.00295	0.00718
93	0.00800	0.00609	0.00761	0.00839	0.00988	0.00570	0.00698	0.01004	0.01279	0.01606	0.04057	0.09910	0.32097	0.01515	0.00730	0.00230	0.00416	0.40873	0.00520	0.00498
94	0.06832	0.01441	0.11326	0.14858	0.39980	0.01289	0.01555	0.05586	0.01325	0.08816	0.01147	0.01399	0.00878	0.00544	0.00543	0.00173	0.00667	0.00484	0.00327	0.00832
95	0.02385	0.00989	0.01302	0.01019	0.01440	0.00899	0.00835	0.02773	0.10847	0.67782	0.02229	0.01938	0.01434	0.00705	0.00567	0.00176	0.00475	0.00575	0.00681	0.00949
96	0.00692	0.00533	0.00611	0.00666	0.00767	0.00476	0.00458	0.00799	0.01141	0.01434	0.04133	0.36882	0.36777	0.10832	0.00946	0.00248	0.00333	0.01320	0.00501	0.00452
97	0.01303	0.00830	0.01002	0.00930	0.01168	0.00838	0.00730	0.01904	0.22638	0.17040	0.15345	0.13478	0.09284	0.01104	0.00640	0.00199	0.00401	0.09875	0.00588	0.00703
98	0.01894	0.11329	0.01735	0.06267	0.01769	0.12445	0.04204	0.18211	0.14054	0.19047	0.01553	0.02528	0.01137	0.00655	0.00538	0.00167	0.00633	0.00516	0.00482	0.00836
99	0.01229	0.00786	0.00994	0.00981	0.01179	0.00781	0.00800	0.12502	0.01489	0.11302	0.02847	0.22219	0.07663	0.01354	0.00697	0.00223	0.00468	0.31315	0.00549	0.00623
100	0.01434	0.65959	0.16932	0.01083	0.01631	0.02054	0.01173	0.01703	0.01152	0.01410	0.00825	0.00956	0.00720	0.00491	0.00394	0.00131	0.00645	0.00323	0.00240	0.00743
101	0.00892	0.00603	0.00766	0.00757	0.00903	0.00542	0.00557	0.01074	0.01317	0.06799	0.27915	0.28032	0.12322	0.04762	0.00760	0.00209	0.00337	0.04982	0.00546	0.05924
102	0.14152	0.01272	0.01762	0.01420	0.03844	0.01352	0.19877	0.18478	0.17223	0.02461	0.01460	0.01579	0.01096	0.00611	0.00537	0.00175	0.00596	0.00546	0.10774	0.00783
103	0.01746	0.01851	0.02009	0.01596	0.01990	0.28412	0.21443	0.17591	0.08553	0.02105	0.06088	0.01533	0.01199	0.00625	0.00579	0.00169	0.00811	0.00545	0.00394	0.00761
104	0.07617	0.01544	0.01631	0.01258	0.01701	0.01713	0.01039	0.69950	0.02533	0.03478	0.01313	0.01322	0.00934	0.00665	0.00549	0.00169	0.00607	0.00493	0.00549	0.00934
105	0.07146	0.00893	0.01137	0.00997	0.01176	0.01014	0.00787	0.05250	0.03798	0.10477	0.05409	0.02053	0.01451	0.11120	0.23546	0.00439	0.16327	0.00582	0.00387	0.06011
106	0.04911	0.34058	0.40027	0.01284	0.01927	0.01681	0.01503	0.01800	0.05043	0.01660	0.00975	0.01109	0.00765	0.00525	0.00459	0.00155	0.00702	0.00376	0.00261	0.00781
107	0.06727	0.43891	0.32979	0.01209	0.01823	0.01791	0.01393	0.01723	0.01150	0.01588	0.00875	0.01019	0.00711	0.00506	0.00431	0.00147	0.00684	0.00348	0.00246	0.00759
108	0.00732	0.00525	0.00698	0.00779	0.00847	0.00491	0.00551	0.00889	0.01239	0.01687	0.24042	0.53331	0.04144	0.01574	0.00707	0.00216	0.00322	0.06195	0.00550	0.00482
109	0.00847	0.00678	0.00959	0.00952	0.01009	0.00803	0.00721	0.00991	0.00941	0.01338	0.01844	0.24319	0.01992	0.07886	0.37567	0.00572	0.14841	0.00882	0.00357	0.00499
110	0.01183	0.01112	0.01873	0.44386	0.33080	0.01249	0.01566	0.01522	0.01172	0.01581	0.01064	0.01570	0.00875	0.04680	0.00680	0.00198	0.00707	0.00517	0.00266	0.00718
111	0.01291	0.05036	0.01101	0.00863	0.01145	0.00960	0.00691	0.17969	0.06650	0.09130	0.19460	0.03453	0.27931	0.01035	0.00611	0.00177	0.00401	0.00856	0.00558	0.00681
112	0.00723	0.00567	0.00716	0.00844	0.04745	0.00514	0.00553	0.00859	0.01193	0.01541	0.08781	0.45193	0.28637	0.01541	0.00688	0.00209	0.00326	0.01363	0.00516	0.00491
113	0.00759	0.00604	0.00702	0.00818	0.00864	0.04487	0.00552	0.00860	0.01104	0.01434	0.02986	0.75756	0.03566	0.01702	0.00707	0.00224	0.00362	0.01536	0.00510	0.00467
114	0.00817	0.00587	0.00643	0.00634	0.00781	0.00559	0.00477	0.01002	0.01253	0.01748	0.12000	0.08982	0.39139	0.01180	0.00654	0.00178	0.04382	0.00976	0.23506	0.00501
115	0.01295	0.42137	0.35637	0.01225	0.01846	0.01730	0.01428	0.01682	0.01170	0.01536	0.01139	0.01263	0.04657	0.00554	0.00453	0.00150	0.00687	0.00398	0.00254	0.00758
116	0.01399	0.01216	0.01325	0.01265	0.05376	0.01397	0.00934	0.02925	0.71826	0.02327	0.02226	0.02063	0.01675	0.00750	0.00572	0.00190	0.00457	0.00629	0.00557	0.00891
117	0.01198	0.01029	0.01211	0.00880	0.01353	0.00829	0.00708	0.03524	0.01194	0.01858	0.00997	0.01176	0.00832	0.00454	0.00495	0.00094	0.04519	0.00347	0.00335	0.76967
118	0.00726	0.00594	0.00650	0.00621	0.00811	0.00504	0.00468	0.00907	0.01360	0.01733	0.24349	0.04871	0.53535	0.01299	0.00652	0.00181	0.00287	0.01098	0.00539	0.04815
119	0.78889	0.01080	0.00858	0.00757	0.01111	0.01234	0.00624	0.01725	0.01000	0.07372	0.00877	0.00979	0.00660	0.00534	0.00362	0.00174	0.00438	0.00322	0.00371	0.00632
120	0.07005	0.01204	0.01534	0.01664	0.21868	0.01199	0.01051	0.11294	0.16032	0.06121	0.01433	0.01520	0.02164	0.00577	0.00511	0.00151	0.00519	0.00483	0.00418	0.23252
121	0.00804	0.00603	0.00904	0.00904	0.01005	0.00703	0.00703	0.01005	0.00904	0.01306	0.01507	0.02211	0.01407	0.04221	0.77992	0.00904	0.01507	0.00603	0.00301	0.00502
122	0.00817	0.00547	0.00621	0.00619	0.00626	0.00545	0.00351	0.00831	0.00859	0.01152	0.05663	0.03710	0.02216	0.76102	0.02750	0.00526	0.00531	0.00829	0.00356	0.00351
123	0.01299	0.34098	0.40521	0.01416	0.02082	0.01689	0.08299	0.01745	0.01183	0.01599	0.00930	0.01103	0.00730	0.00508	0.00477	0.00156	0.00750	0.00392	0.00243	0.00781
124	0.01390	0.06626	0.06953	0.18213	0.31259	0.02327	0.10864	0.01737	0.01266	0.08605	0.01228	0.04844	0.01002	0.00585	0.00565	0.00175	0.00700	0.00555	0.00317	0.00788
125	0.00824	0.00580	0.00786	0.00781	0.00862	0.00630	0.00569	0.00986	0.00984	0.01421	0.10470	0.02811	0.02033	0.22829	0.44301	0.00672	0.01028	0.00701	0.06265	0.00467
126	0.00680	0.00512	0.00630	0.00726	0.00801	0.00462	0.00497	0.00790	0.01133	0.01459	0.03808	0.59634	0.23487	0.01671	0.00704	0.00218	0.00315	0.01488	0.00522	0.00462
127	0.01651	0.06555	0.01515	0.03319	0.01587	0.01348	0.00908	0.30657	0.12842	0.05758	0.01421	0.03372	0.01100	0.00625	0.00512	0.00146	0.00523	0.00491	0.00471	0.25199
128	0.01856	0.01555	0.12530	0.01446	0.06782	0.04630	0.05939	0.19163	0.14023	0.22567	0.01644	0.01613	0.01151	0.00646	0.00563	0.00175	0.00620	0.00535	0.01671	0.00892
129	0.06770	0.01333	0.01213	0.01222	0.08135	0.19916	0.00837	0.11386	0.01511	0.01946	0.16945	0.07910	0.06121	0.10196	0.00861	0.00216	0.01711	0.00713	0.00432	0.00627
130	0.05991	0.01367	0.01572	0.01232	0.01657	0.04129	0.05857	0.32585	0.14606	0.17427	0.01600	0.01555	0.01132	0.00654	0.00550	0.00169	0.00576	0.00525	0.00537	0.06280

[dist]
# distance from previous block
# <min> <max>
2	16

[block]
# block no. 2 follows, 42 sequences, length 34
# corresponding to MSA columns:
# 466-499
name=unknown_C
#
# <colnr> <probs for GDERKNQSTAVLIFYWHMCP>
#	G	D	E	R	K	N	Q	S	T	A	V	L	I	F	Y	W	H	M	C	P
0	0.07050	0.18951	0.08364	0.01757	0.19257	0.25833	0.01247	0.01831	0.01296	0.01585	0.00982	0.04132	0.00871	0.00595	0.00545	0.00157	0.04100	0.00436	0.00283	0.00727
1	0.08143	0.06091	0.01257	0.01127	0.07057	0.00929	0.05594	0.01465	0.09687	0.02089	0.37304	0.06460	0.03346	0.00970	0.00609	0.00183	0.00420	0.06133	0.00506	0.00629
2	0.01605	0.01512	0.07783	0.04497	0.01838	0.07944	0.08714	0.15631	0.24540	0.08556	0.01648	0.05146	0.01281	0.00729	0.00662	0.00186	0.05848	0.00596	0.00463	0.00821
3	0.01623	0.01472	0.06579	0.04811	0.10116	0.02782	0.01163	0.28320	0.27645	0.02577	0.01656	0.01676	0.02564	0.00697	0.00614	0.00181	0.03610	0.00554	0.00482	0.00877
4	0.00838	0.00757	0.00728	0.00691	0.00895	0.05652	0.00521	0.01074	0.04715	0.01700	0.18406	0.04575	0.51600	0.01247	0.00640	0.00180	0.00342	0.01042	0.00520	0.03877
5	0.00722	0.00525	0.00685	0.00770	0.00843	0.00487	0.00545	0.00869	0.01211	0.01622	0.17558	0.53395	0.10040	0.01600	0.00708	0.00218	0.00326	0.06857	0.00541	0.00478
6	0.01811	0.23612	0.02038	0.01477	0.09876	0.25618	0.01104	0.18151	0.07684	0.01972	0.01088	0.01188	0.00874	0.00580	0.00490	0.00150	0.00729	0.00415	0.00358	0.00785
7	0.01383	0.15846	0.35106	0.01255	0.01868	0.01389	0.01393	0.12619	0.01421	0.05353	0.01382	0.01470	0.05771	0.00598	0.00504	0.00156	0.00657	0.00457	0.00338	0.11034
8	0.01523	0.00917	0.01122	0.01023	0.01298	0.00927	0.00835	0.10912	0.14122	0.21477	0.02653	0.10971	0.06979	0.01102	0.00649	0.00207	0.00475	0.21488	0.00580	0.00740
9	0.01713	0.53871	0.02499	0.01110	0.01546	0.18645	0.01003	0.10834	0.01427	0.01610	0.00872	0.00982	0.00752	0.00527	0.00418	0.00132	0.00694	0.00340	0.00291	0.00736
10	0.00669	0.00556	0.00585	0.00608	0.00770	0.00472	0.00444	0.00803	0.01247	0.01506	0.05244	0.18508	0.63686	0.01485	0.00674	0.00197	0.00292	0.01260	0.00523	0.00472
11	0.01487	0.08709	0.50359	0.01402	0.02093	0.01305	0.01655	0.04735	0.04132	0.16923	0.01295	0.01351	0.00897	0.00577	0.00529	0.00173	0.00720	0.00448	0.00355	0.00855
12	0.00686	0.00547	0.00614	0.00647	0.00785	0.00476	0.00466	0.00829	0.01258	0.01578	0.12782	0.26798	0.47568	0.01492	0.00680	0.00200	0.00295	0.01288	0.00533	0.00476
13	0.00767	0.00548	0.00746	0.00877	0.00945	0.00527	0.00664	0.00924	0.01158	0.01528	0.03057	0.52802	0.03544	0.01686	0.00740	0.00240	0.00397	0.27850	0.00521	0.00480
14	0.01154	0.01093	0.01852	0.58107	0.23929	0.01274	0.01608	0.01517	0.01168	0.01548	0.01016	0.01471	0.00789	0.00546	0.00561	0.00182	0.00728	0.00500	0.00258	0.00698
15	0.02117	0.01981	0.01495	0.01274	0.01616	0.41718	0.00992	0.18911	0.01811	0.15364	0.01283	0.01323	0.00944	0.00628	0.00523	0.00155	0.00780	0.00442	0.05877	0.00768
16	0.01544	0.01225	0.01334	0.01129	0.01418	0.01396	0.00882	0.27102	0.33217	0.02485	0.01780	0.02052	0.01448	0.14087	0.01038	0.00247	0.05691	0.00613	0.00509	0.00803
17	0.00686	0.00490	0.00653	0.00784	0.00816	0.00457	0.00522	0.00784	0.01077	0.01437	0.03102	0.79855	0.03722	0.01763	0.00718	0.00229	0.00326	0.01600	0.00522	0.00457
18	0.01393	0.01337	0.02284	0.03454	0.76712	0.01337	0.01727	0.01727	0.01281	0.01839	0.01059	0.01393	0.00891	0.00501	0.00557	0.00167	0.00669	0.00501	0.00279	0.00891
19	0.01343	0.01286	0.02194	0.14868	0.65689	0.01324	0.01702	0.01683	0.01258	0.01778	0.01050	0.01409	0.00870	0.00511	0.00558	0.00170	0.00681	0.00501	0.00274	0.00851
20	0.12074	0.01089	0.04460	0.01035	0.01407	0.01020	0.00885	0.14878	0.01591	0.35336	0.01913	0.05325	0.01492	0.01035	0.05650	0.00233	0.00579	0.08631	0.00558	0.00810
21	0.00978	0.00489	0.00733	0.00733	0.00733	0.00489	0.00489	0.00733	0.00733	0.00978	0.00978	0.01711	0.00978	0.01955	0.02199	0.83627	0.00489	0.00489	0.00244	0.00244
22	0.00683	0.00502	0.00640	0.00751	0.00808	0.00460	0.00508	0.00787	0.01109	0.01449	0.03495	0.68589	0.14734	0.01712	0.00710	0.00223	0.00320	0.01537	0.00522	0.00460
23	0.01129	0.02911	0.77306	0.01604	0.02436	0.01307	0.02079	0.01782	0.01188	0.01782	0.01010	0.01188	0.00713	0.00535	0.00535	0.00178	0.00832	0.00416	0.00238	0.00832
24	0.01505	0.80561	0.02949	0.00963	0.01444	0.02227	0.00963	0.01685	0.01143	0.01324	0.00782	0.00903	0.00722	0.00481	0.00361	0.00120	0.00602	0.00301	0.00241	0.00722
25	0.00818	0.00546	0.00614	0.00614	0.00614	0.00546	0.00341	0.00818	0.00818	0.01091	0.01773	0.03683	0.02046	0.80222	0.02864	0.00546	0.00546	0.00818	0.00341	0.00341
26	0.00805	0.00599	0.00885	0.00885	0.00979	0.00693	0.00680	0.00993	0.00899	0.01292	0.01525	0.02308	0.01449	0.09236	0.73035	0.00881	0.01444	0.00617	0.00304	0.00492
27	0.06262	0.18653	0.07965	0.06237	0.01717	0.18457	0.01063	0.07933	0.01429	0.16236	0.01221	0.01335	0.00925	0.00893	0.07129	0.00219	0.00769	0.00431	0.00377	0.00749
28	0.00818	0.00546	0.00614	0.00614	0.00614	0.00546	0.00341	0.00818	0.00818	0.01091	0.01773	0.03683	0.02046	0.80222	0.02864	0.00546	0.00546	0.00818	0.00341	0.00341
29	0.01107	0.00786	0.00841	0.00748	0.00972	0.00785	0.00583	0.16529	0.03433	0.02229	0.15677	0.03477	0.28714	0.01020	0.00576	0.00169	0.00350	0.00843	0.20553	0.00608
30	0.01291	0.06529	0.02089	0.18154	0.10249	0.09226	0.21417	0.01735	0.07696	0.01740	0.09728	0.01915	0.04440	0.00646	0.00587	0.00176	0.00715	0.00615	0.00346	0.00706
31	0.01653	0.01442	0.03330	0.02114	0.28009	0.01502	0.07267	0.28280	0.15993	0.02548	0.01405	0.01519	0.01067	0.00613	0.00570	0.00174	0.00634	0.00541	0.00437	0.00903
32	0.00686	0.00490	0.00653	0.00784	0.00816	0.00457	0.00522	0.00784	0.01077	0.01437	0.03102	0.79855	0.03722	0.01763	0.00718	0.00229	0.00326	0.01600	0.00522	0.00457
33	0.62954	0.01406	0.07142	0.00894	0.01285	0.09661	0.00785	0.01714	0.01060	0.02293	0.00826	0.00964	0.00645	0.00523	0.00385	0.00165	0.00530	0.00322	0.00332	0.06112

[dist]
# distance from previous block
# <min> <max>
0	1

[block]
# block no. 3 follows, 42 sequences, length 30
# corresponding to MSA columns:
# 501-530
name=unknown_D
#
# <colnr> <probs for GDERKNQSTAVLIFYWHMCP>
#	G	D	E	R	K	N	Q	S	T	A	V	L	I	F	Y	W	H	M	C	P
0	0.56433	0.01075	0.00959	0.00818	0.01156	0.01187	0.00660	0.10751	0.01166	0.02414	0.00898	0.01083	0.00716	0.00690	0.00588	0.09437	0.00463	0.00353	0.00362	0.08792
1	0.01398	0.01248	0.01578	0.01842	0.24154	0.01381	0.01143	0.02609	0.53256	0.02199	0.01919	0.01887	0.01469	0.00684	0.00568	0.00184	0.00513	0.00596	0.00484	0.00891
2	0.01491	0.01254	0.01324	0.01164	0.01498	0.01443	0.00913	0.11889	0.66648	0.02502	0.02174	0.02007	0.01624	0.00753	0.00571	0.00188	0.00467	0.00620	0.00571	0.00899
3	0.01659	0.01709	0.24680	0.01927	0.19911	0.01181	0.09627	0.02115	0.04102	0.25268	0.01460	0.01534	0.01020	0.00579	0.00566	0.00176	0.00682	0.00519	0.00408	0.00879
4	0.01153	0.05468	0.70441	0.01627	0.02432	0.01345	0.06298	0.01780	0.01195	0.01768	0.01010	0.01198	0.00721	0.00529	0.00536	0.00177	0.00831	0.00427	0.00240	0.00824
5	0.00782	0.00575	0.00732	0.00693	0.00832	0.00525	0.00520	0.01034	0.01559	0.02175	0.68558	0.04338	0.13218	0.01181	0.00664	0.00178	0.00268	0.01037	0.00609	0.00525
6	0.00907	0.00648	0.00907	0.01036	0.01166	0.00648	0.00907	0.01166	0.01296	0.01684	0.02980	0.06348	0.03239	0.01555	0.00777	0.00259	0.00518	0.72924	0.00518	0.00518
7	0.48920	0.01203	0.01088	0.00927	0.01293	0.03358	0.00753	0.12133	0.12685	0.10896	0.01254	0.01270	0.00917	0.00601	0.00441	0.00175	0.00483	0.00414	0.00449	0.00740
8	0.01262	0.10046	0.01860	0.01420	0.01474	0.01780	0.01201	0.01391	0.00893	0.01351	0.00744	0.01195	0.00737	0.00929	0.01682	0.00232	0.70460	0.00471	0.00246	0.00627
9	0.00679	0.00565	0.00594	0.00598	0.00772	0.00479	0.00444	0.00831	0.01300	0.01587	0.12492	0.10270	0.64613	0.01421	0.00669	0.00191	0.00286	0.01198	0.00532	0.00479
10	0.00686	0.00490	0.00653	0.00784	0.00816	0.00457	0.00522	0.00784	0.01077	0.01437	0.03102	0.79855	0.03722	0.01763	0.00718	0.00229	0.00326	0.01600	0.00522	0.00457
11	0.01444	0.01458	0.02158	0.09567	0.62262	0.09844	0.01642	0.01761	0.01303	0.01754	0.01033	0.01360	0.00861	0.00515	0.00552	0.00166	0.00714	0.00486	0.00277	0.00842
12	0.01515	0.01200	0.01401	0.17300	0.01960	0.01375	0.01029	0.24311	0.29549	0.02497	0.01685	0.01747	0.01254	0.00683	0.00547	0.00177	0.00541	0.00556	0.09860	0.00814
13	0.01051	0.02052	0.46002	0.01419	0.02011	0.01086	0.09678	0.01567	0.01326	0.01928	0.23762	0.02134	0.02115	0.00714	0.00588	0.00179	0.00674	0.00625	0.00358	0.00733
14	0.02525	0.00958	0.01306	0.01001	0.01437	0.00827	0.00827	0.02743	0.01611	0.77102	0.02220	0.01915	0.01393	0.00697	0.00566	0.00174	0.00479	0.00566	0.00697	0.00958
15	0.01505	0.80561	0.02949	0.00963	0.01444	0.02227	0.00963	0.01685	0.01143	0.01324	0.00782	0.00903	0.00722	0.00481	0.00361	0.00120	0.00602	0.00301	0.00241	0.00722
16	0.00818	0.00548	0.00626	0.00626	0.00630	0.00552	0.00356	0.00826	0.00822	0.01100	0.01762	0.03622	0.02020	0.77108	0.05943	0.00560	0.00585	0.00810	0.00339	0.00348
17	0.01047	0.00971	0.01621	0.64139	0.09383	0.01169	0.01460	0.01388	0.01133	0.01470	0.01238	0.10198	0.01092	0.00691	0.00579	0.00190	0.00697	0.00622	0.00283	0.00628
18	0.01079	0.07357	0.00986	0.00778	0.00968	0.00749	0.00604	0.01396	0.06386	0.09445	0.38727	0.14429	0.03635	0.01058	0.00601	0.00175	0.00335	0.00918	0.09770	0.00602
19	0.00684	0.00495	0.00647	0.00769	0.00812	0.00458	0.00516	0.00785	0.01091	0.01442	0.03275	0.74882	0.08583	0.01741	0.00715	0.00226	0.00324	0.01572	0.00522	0.00458
20	0.01985	0.01284	0.01517	0.09967	0.01844	0.01380	0.01027	0.42559	0.04554	0.20103	0.01660	0.06768	0.01244	0.00743	0.00574	0.00177	0.00576	0.00597	0.00556	0.00884
21	0.00728	0.00537	0.00682	0.00721	0.00818	0.00490	0.00512	0.00902	0.01320	0.01787	0.33736	0.37712	0.15057	0.01461	0.00688	0.00202	0.00295	0.01299	0.00562	0.00490
22	0.01419	0.01118	0.01216	0.01085	0.01391	0.01257	0.00845	0.02753	0.61550	0.08153	0.10674	0.02323	0.02099	0.00802	0.00582	0.00188	0.00428	0.00674	0.00588	0.00855
23	0.00705	0.00509	0.00655	0.00747	0.00801	0.00473	0.00504	0.00819	0.01134	0.01513	0.11512	0.60419	0.09446	0.06909	0.00851	0.00241	0.00331	0.01450	0.00521	0.00459
24	0.02102	0.02682	0.01595	0.01450	0.01740	0.77963	0.01087	0.02247	0.01595	0.01377	0.00870	0.01015	0.00725	0.00580	0.00507	0.00145	0.01015	0.00362	0.00290	0.00652
25	0.01717	0.01273	0.01350	0.01109	0.01461	0.01418	0.00892	0.39726	0.24405	0.02922	0.01723	0.01713	0.01275	0.00698	0.00535	0.00169	0.00502	0.00549	0.15704	0.00858
26	0.00697	0.00530	0.00644	0.00710	0.00808	0.00476	0.00501	0.00834	0.01213	0.01572	0.13141	0.44666	0.27532	0.01572	0.00695	0.00210	0.00309	0.02880	0.00535	0.00473
27	0.02112	0.02397	0.01619	0.01410	0.01741	0.58321	0.01083	0.20954	0.01866	0.01936	0.00994	0.01102	0.00785	0.00605	0.00522	0.00151	0.00913	0.00400	0.00360	0.00731
28	0.01587	0.01128	0.01262	0.01070	0.01352	0.01213	0.00841	0.39919	0.04761	0.05533	0.01911	0.15443	0.01815	0.12610	0.00945	0.00243	0.00539	0.06559	0.00526	0.00744
29	0.05078	0.04960	0.01582	0.01251	0.01638	0.27927	0.00995	0.30156	0.07859	0.02385	0.01177	0.01240	0.00902	0.00607	0.00512	0.00151	0.00712	0.00432	0.00423	0.10013

[dist]
# distance from previous block
# <min> <max>
3	14

[block]
# block no. 4 follows, 42 sequences, length 53
# corresponding to MSA columns:
# 548-578,580-584,660-676
name=unknown_E
#
# <colnr> <probs for GDERKNQSTAVLIFYWHMCP>
#	G	D	E	R	K	N	Q	S	T	A	V	L	I	F	Y	W	H	M	C	P
0	0.01223	0.01003	0.01635	0.68382	0.03548	0.01212	0.01466	0.01622	0.03613	0.09189	0.01167	0.01562	0.00847	0.00583	0.00563	0.00186	0.00713	0.00511	0.00306	0.00668
