[name]
unknown

[dist]
# distance from previous block
# <min> <max>
0	795

[block]
# block no. 0 follows, 40 sequences, length 13
# corresponding to MSA columns:
# 795-807
name=unknown_A
#
# <colnr> <probs for GDERKNQSTAVLIFYWHMCP>
#	G	D	E	R	K	N	Q	S	T	A	V	L	I	F	Y	W	H	M	C	P
0	0.00998	0.00756	0.01110	0.01374	0.10261	0.00756	0.01040	0.01275	0.01337	0.01760	0.02838	0.05939	0.03053	0.01475	0.00776	0.00256	0.00554	0.63357	0.00505	0.00582
1	0.01498	0.01296	0.02275	0.16673	0.37411	0.01338	0.13801	0.01850	0.01321	0.10811	0.01225	0.01538	0.00942	0.00576	0.00667	0.00186	0.04864	0.00554	0.00334	0.00841
2	0.00774	0.00605	0.00807	0.10121	0.01219	0.00591	0.00651	0.00955	0.01271	0.01674	0.18089	0.39178	0.18969	0.01470	0.00700	0.00212	0.00369	0.01304	0.00526	0.00513
3	0.00970	0.00751	0.00950	0.00950	0.01047	0.00809	0.00699	0.09774	0.01326	0.01795	0.07336	0.51028	0.07069	0.01523	0.00867	0.00226	0.10497	0.01308	0.00514	0.00562
4	0.01329	0.01142	0.01702	0.15291	0.26152	0.01267	0.01293	0.13186	0.01383	0.01914	0.01260	0.01792	0.01095	0.07534	0.15888	0.00362	0.05765	0.00564	0.00338	0.00743
5	0.01230	0.01147	0.01944	0.44495	0.14893	0.01289	0.10113	0.06795	0.01323	0.01755	0.01288	0.08720	0.01111	0.00684	0.00608	0.00193	0.00736	0.00643	0.00317	0.00715
6	0.11420	0.03342	0.01760	0.02168	0.34143	0.07623	0.01254	0.07240	0.04369	0.02018	0.04875	0.05361	0.01325	0.04877	0.00765	0.00201	0.05540	0.00580	0.00362	0.00778
7	0.01308	0.01213	0.01545	0.27686	0.08542	0.12185	0.05133	0.01596	0.01339	0.06937	0.08666	0.02313	0.10412	0.01080	0.07336	0.00249	0.00763	0.00655	0.00376	0.00666
8	0.01427	0.17113	0.14620	0.01500	0.02008	0.05567	0.18485	0.07238	0.14719	0.01946	0.01736	0.01829	0.07929	0.00668	0.00569	0.00176	0.00711	0.00587	0.00375	0.00796
9	0.07390	0.01443	0.01656	0.26556	0.09235	0.15527	0.01281	0.01667	0.01209	0.01631	0.00946	0.01304	0.00782	0.00640	0.00789	0.00180	0.15664	0.00452	0.00287	0.11361
10	0.01667	0.38902	0.16077	0.01235	0.01761	0.09915	0.01229	0.12782	0.06134	0.03731	0.01085	0.01173	0.00863	0.00572	0.00473	0.00152	0.00700	0.00400	0.00337	0.00813
11	0.62162	0.07464	0.04639	0.01030	0.05396	0.03251	0.00831	0.06005	0.01153	0.02471	0.00873	0.01013	0.00684	0.00547	0.00399	0.00174	0.00521	0.00345	0.00354	0.00688
12	0.22430	0.00812	0.00870	0.00849	0.01044	0.00856	0.00674	0.05785	0.01314	0.02094	0.16616	0.03848	0.05666	0.14087	0.01003	0.00268	0.00463	0.20277	0.00483	0.00559

[dist]
# distance from previous block
# <min> <max>
0	1

[block]
# block no. 1 follows, 40 sequences, length 39
# corresponding to MSA columns:
# 809-847
name=unknown_B
#
# <colnr> <probs for GDERKNQSTAVLIFYWHMCP>
#	G	D	E	R	K	N	Q	S	T	A	V	L	I	F	Y	W	H	M	C	P
0	0.01409	0.01016	0.01372	0.01136	0.01420	0.03410	0.10101	0.08185	0.07351	0.14815	0.11239	0.07805	0.12394	0.06739	0.06481	0.00273	0.02814	0.00826	0.00514	0.00702
1	0.00753	0.00562	0.00682	0.00722	0.00826	0.00513	0.00511	0.00906	0.01286	0.01693	0.21870	0.30311	0.23673	0.09284	0.00936	0.00246	0.00340	0.03853	0.00546	0.00487
2	0.18555	0.01148	0.01531	0.16408	0.19825	0.01244	0.01165	0.11798	0.01493	0.06641	0.13017	0.01846	0.01600	0.00679	0.00551	0.00181	0.00572	0.00565	0.00420	0.00762
3	0.00756	0.00519	0.00667	0.00769	0.00827	0.00486	0.00524	0.00890	0.01174	0.01626	0.08971	0.62983	0.05937	0.01642	0.00701	0.00220	0.00324	0.01477	0.09021	0.00486
4	0.00973	0.01005	0.08832	0.01315	0.11910	0.00833	0.00937	0.01387	0.09743	0.01846	0.15387	0.27679	0.09110	0.01327	0.03272	0.00229	0.00487	0.02592	0.00489	0.00646
5	0.01387	0.00805	0.00955	0.00877	0.01120	0.00785	0.00669	0.01871	0.16641	0.20928	0.05738	0.20208	0.14936	0.01125	0.00625	0.00195	0.00387	0.00964	0.09073	0.00711
6	0.01237	0.02991	0.71287	0.01646	0.02466	0.06682	0.02077	0.01875	0.01257	0.01812	0.01033	0.01215	0.00738	0.00556	0.00551	0.00182	0.00873	0.00426	0.00249	0.00846
7	0.01502	0.04388	0.32782	0.01366	0.01906	0.14450	0.01428	0.14444	0.04111	0.02168	0.08862	0.01637	0.01361	0.00667	0.00553	0.00172	0.00732	0.00513	0.06166	0.00795
8	0.01796	0.15769	0.13346	0.01205	0.01684	0.06497	0.01137	0.08502	0.01462	0.21571	0.01325	0.01378	0.00969	0.00631	0.00644	0.00162	0.08236	0.00449	0.00421	0.12817
9	0.01530	0.74931	0.07809	0.01038	0.01559	0.02239	0.01070	0.01748	0.01185	0.01399	0.00824	0.00952	0.00746	0.00501	0.00385	0.00128	0.00637	0.00319	0.00249	0.00754
10	0.01555	0.79913	0.03047	0.00995	0.01493	0.02301	0.00995	0.01741	0.01182	0.01368	0.00808	0.00933	0.00746	0.00498	0.00373	0.00124	0.00622	0.00311	0.00249	0.00746
11	0.00729	0.00553	0.00672	0.00721	0.00831	0.00496	0.00511	0.00886	0.01307	0.01712	0.21172	0.38122	0.27060	0.01561	0.00711	0.00211	0.00309	0.01376	0.00564	0.00496
12	0.01010	0.00505	0.00758	0.00758	0.00758	0.00505	0.00505	0.00758	0.00758	0.01010	0.01010	0.01768	0.01010	0.02020	0.02273	0.83081	0.00505	0.00505	0.00253	0.00253
13	0.08105	0.01256	0.11910	0.01055	0.01280	0.03742	0.00930	0.01557	0.08647	0.01750	0.01437	0.02071	0.01299	0.18410	0.02836	0.00289	0.16928	0.00575	0.15308	0.00616
14	0.00718	0.00525	0.00676	0.00776	0.00839	0.00482	0.00529	0.00842	0.01193	0.01582	0.11028	0.62961	0.12274	0.01716	0.00730	0.00226	0.00326	0.01542	0.00550	0.00482
15	0.00831	0.00621	0.00922	0.00922	0.01022	0.00720	0.00712	0.01031	0.00931	0.01341	0.01569	0.02346	0.01481	0.07418	0.74239	0.00920	0.01517	0.00632	0.00313	0.00512
16	0.02172	0.02772	0.01648	0.01498	0.01798	0.77228	0.01124	0.02322	0.01648	0.01423	0.00899	0.01049	0.00749	0.00599	0.00524	0.00150	0.01049	0.00375	0.00300	0.00674
17	0.00732	0.00532	0.00658	0.00742	0.00801	0.00493	0.00494	0.00831	0.01125	0.01474	0.06266	0.52108	0.15301	0.14306	0.01090	0.00281	0.00365	0.01430	0.00513	0.00459
18	0.00861	0.00611	0.00696	0.00704	0.00870	0.00545	0.00516	0.01064	0.03564	0.06273	0.11251	0.24142	0.40949	0.01441	0.00682	0.00202	0.00320	0.01240	0.03531	0.00537
19	0.01643	0.01121	0.01257	0.01050	0.01345	0.01180	0.00817	0.37102	0.01965	0.09374	0.05186	0.15912	0.07111	0.11087	0.00927	0.00238	0.00524	0.00841	0.00557	0.00763
20	0.01106	0.01348	0.17174	0.01344	0.10939	0.00937	0.01093	0.06692	0.01398	0.01959	0.10934	0.12400	0.14252	0.00929	0.00599	0.00174	0.00517	0.00797	0.00426	0.14982
21	0.55651	0.01547	0.01181	0.01040	0.01377	0.20428	0.03825	0.01841	0.01172	0.02222	0.00905	0.02918	0.00752	0.00596	0.00462	0.00176	0.02538	0.00383	0.00344	0.00644
22	0.01555	0.79913	0.03047	0.00995	0.01493	0.02301	0.00995	0.01741	0.01182	0.01368	0.00808	0.00933	0.00746	0.00498	0.00373	0.00124	0.00622	0.00311	0.00249	0.00746
23	0.01293	0.03748	0.25174	0.01481	0.09364	0.01186	0.03927	0.14873	0.01538	0.02175	0.06482	0.11075	0.05963	0.00829	0.00586	0.00182	0.00613	0.00704	0.08039	0.00767
24	0.00793	0.00588	0.00684	0.00660	0.00820	0.00526	0.00495	0.01017	0.01486	0.02023	0.42363	0.04645	0.32361	0.01256	0.00663	0.00184	0.00282	0.01077	0.07551	0.00526
25	0.01167	0.01994	0.37388	0.22103	0.13288	0.01274	0.01782	0.01713	0.03464	0.01815	0.07428	0.01637	0.01208	0.00616	0.00576	0.00185	0.00751	0.00525	0.00299	0.00787
26	0.07021	0.01069	0.01233	0.01007	0.01360	0.01091	0.00817	0.20538	0.07622	0.27078	0.10372	0.02190	0.01819	0.00778	0.00564	0.00176	0.00472	0.02352	0.11600	0.00840
27	0.01150	0.00797	0.01066	0.00939	0.01129	0.00806	0.05352	0.04650	0.07869	0.09364	0.08974	0.05314	0.10276	0.23596	0.15704	0.00435	0.00702	0.00819	0.00463	0.00594
28	0.01446	0.01249	0.01315	0.01183	0.01512	0.01446	0.00920	0.03090	0.74885	0.02433	0.02367	0.02170	0.01775	0.00789	0.00592	0.00197	0.00460	0.00657	0.00592	0.00920
29	0.01663	0.01260	0.01392	0.01147	0.01492	0.01388	0.00924	0.41216	0.12933	0.02867	0.07396	0.02225	0.08106	0.01343	0.11632	0.00290	0.00688	0.00659	0.00545	0.00835
30	0.01098	0.01034	0.01744	0.78165	0.04005	0.01292	0.01615	0.01486	0.01163	0.01486	0.01034	0.01550	0.00775	0.00581	0.00581	0.00194	0.00775	0.00517	0.00258	0.00646
31	0.01439	0.01382	0.02360	0.03569	0.75936	0.01382	0.01785	0.01785	0.01324	0.01900	0.01094	0.01439	0.00921	0.00518	0.00576	0.00173	0.00691	0.00518	0.00288	0.00921
32	0.00844	0.00633	0.00788	0.00759	0.00905	0.00601	0.00565	0.01189	0.06951	0.02178	0.55962	0.12016	0.11904	0.01252	0.00685	0.00191	0.00296	0.01102	0.00616	0.00563
33	0.01317	0.01357	0.02438	0.02304	0.20114	0.01502	0.26667	0.01629	0.01167	0.01679	0.01044	0.01487	0.00892	0.00947	0.06452	0.00262	0.27132	0.00581	0.00280	0.00749
34	0.01425	0.01319	0.02107	0.17718	0.50452	0.01398	0.01630	0.06654	0.07865	0.01984	0.01214	0.01522	0.00972	0.00566	0.00579	0.00179	0.00684	0.00531	0.00328	0.00872
35	0.01247	0.18955	0.61308	0.01520	0.02304	0.01548	0.01909	0.01821	0.01218	0.01743	0.00995	0.01167	0.00739	0.00541	0.00515	0.00172	0.00810	0.00405	0.00246	0.00836
36	0.06881	0.01380	0.01140	0.01045	0.01306	0.20044	0.00799	0.09178	0.13373	0.01935	0.02737	0.09225	0.20941	0.01235	0.05983	0.00237	0.00648	0.00783	0.00464	0.00667
37	0.35520	0.06815	0.01160	0.00871	0.01221	0.01174	0.00719	0.06686	0.04898	0.17072	0.10013	0.01822	0.03411	0.00702	0.00480	0.00174	0.00449	0.00520	0.05563	0.00729
38	0.10621	0.04373	0.01544	0.01297	0.01649	0.39156	0.01011	0.11791	0.12235	0.08960	0.01293	0.01328	0.00980	0.00641	0.00525	0.00165	0.00784	0.00446	0.00422	0.00778

[dist]
# distance from previous block
# <min> <max>
4	6

[block]
# block no. 2 follows, 40 sequences, length 9
# corresponding to MSA columns:
# 854-862
name=unknown_C
#
# <colnr> <probs for GDERKNQSTAVLIFYWHMCP>
#	G	D	E	R	K	N	Q	S	T	A	V	L	I	F	Y	W	H	M	C	P
0	0.01332	0.02506	0.54557	0.01981	0.15258	0.01325	0.05362	0.01907	0.01284	0.07423	0.01152	0.01337	0.00828	0.00556	0.00565	0.00182	0.00808	0.00469	0.00291	0.00876
1	0.01085	0.00736	0.00858	0.00783	0.01008	0.00696	0.00602	0.01506	0.12158	0.11208	0.30738	0.04189	0.29829	0.01176	0.00660	0.00189	0.00336	0.01000	0.00607	0.00636
2	0.01268	0.01217	0.02002	0.34348	0.32946	0.01414	0.01625	0.01593	0.01181	0.01640	0.01011	0.01457	0.00833	0.00632	0.00810	0.00196	0.14285	0.00516	0.00270	0.00757
3	0.01385	0.01312	0.02156	0.15339	0.56835	0.01374	0.01670	0.01868	0.08730	0.01887	0.01213	0.01531	0.00984	0.00556	0.00578	0.00179	0.00681	0.00532	0.00314	0.00877
4	0.00785	0.00578	0.00699	0.00752	0.00848	0.00539	0.00543	0.00921	0.01199	0.01551	0.10297	0.23299	0.22381	0.18971	0.01228	0.00299	0.00406	0.13731	0.00507	0.00469
5	0.01308	0.01322	0.01654	0.04007	0.05002	0.14404	0.15042	0.01737	0.08407	0.01920	0.18683	0.02905	0.02379	0.00869	0.00639	0.00187	0.00652	0.11598	0.00442	0.06843
6	0.00743	0.00548	0.00702	0.00804	0.00886	0.00507	0.00580	0.00884	0.01208	0.01575	0.07005	0.52323	0.16558	0.01700	0.00739	0.00231	0.00355	0.11620	0.00544	0.00488
7	0.01560	0.01347	0.01475	0.06674	0.05085	0.06958	0.01041	0.19235	0.25426	0.02408	0.06425	0.01951	0.03286	0.00787	0.00722	0.00189	0.08940	0.00605	0.05072	0.00814
8	0.00723	0.00544	0.00669	0.00736	0.00832	0.00491	0.00515	0.00866	0.01264	0.01655	0.16513	0.46033	0.23815	0.01616	0.00717	0.00216	0.00315	0.01432	0.00557	0.00491

[dist]
# distance from previous block
# <min> <max>
0	2

[block]
# block no. 3 follows, 40 sequences, length 8
# corresponding to MSA columns:
# 865-872
name=unknown_D
#
# <colnr> <probs for GDERKNQSTAVLIFYWHMCP>
#	G	D	E	R	K	N	Q	S	T	A	V	L	I	F	Y	W	H	M	C	P
0	0.01447	0.01707	0.19573	0.01846	0.19423	0.04576	0.01403	0.02299	0.27314	0.07158	0.01727	0.06121	0.01374	0.00714	0.00584	0.00187	0.00631	0.00610	0.00430	0.00874
1	0.07290	0.01441	0.01720	0.09876	0.26031	0.12705	0.01250	0.10479	0.01513	0.13230	0.01317	0.01630	0.01045	0.07100	0.00752	0.00205	0.00691	0.00520	0.00397	0.00807
2	0.01141	0.00814	0.00898	0.00816	0.01054	0.00815	0.00630	0.05493	0.17699	0.07250	0.18842	0.03724	0.27320	0.01081	0.00622	0.00185	0.00356	0.00907	0.09688	0.00664
3	0.01418	0.30750	0.24804	0.01339	0.01908	0.01677	0.07306	0.02030	0.13834	0.04705	0.04052	0.01455	0.01136	0.00598	0.00510	0.00165	0.00677	0.00475	0.00343	0.00815
4	0.00838	0.00595	0.00795	0.00795	0.00850	0.00651	0.00553	0.00949	0.00893	0.01246	0.01685	0.02992	0.01761	0.39350	0.42690	0.00762	0.01095	0.00727	0.00331	0.00442
5	0.09135	0.21439	0.28752	0.01219	0.01788	0.01496	0.01320	0.02019	0.11295	0.09548	0.01550	0.01584	0.05238	0.00640	0.00506	0.00171	0.00637	0.00482	0.00370	0.00810
6	0.30846	0.01220	0.01205	0.00993	0.01367	0.01345	0.00810	0.26423	0.07763	0.10267	0.01421	0.01455	0.01034	0.00649	0.00483	0.00174	0.00497	0.00469	0.10777	0.00801
7	0.01934	0.12727	0.07159	0.01256	0.01732	0.01404	0.07824	0.23456	0.01833	0.24245	0.04660	0.01878	0.05844	0.00712	0.00571	0.00173	0.00607	0.00583	0.00523	0.00878

[dist]
# distance from previous block
# <min> <max>
0	3

[block]
# block no. 4 follows, 40 sequences, length 33
# corresponding to MSA columns:
# 898-930
name=unknown_E
#
# <colnr> <probs for GDERKNQSTAVLIFYWHMCP>
#	G	D	E	R	K	N	Q	S	T	A	V	L	I	F	Y	W	H	M	C	P
0	0.01590	0.21100	0.01837	0.12976	0.01872	0.09585	0.01046	0.16018	0.09184	0.04043	0.03512	0.05157	0.01322	0.00721	0.00531	0.00169	0.00629	0.02820	0.05128	0.00759
1	0.00718	0.00518	0.00680	0.00792	0.00843	0.00480	0.00536	0.00838	0.01173	0.01567	0.10070	0.68823	0.07314	0.01747	0.00734	0.00229	0.00330	0.01578	0.00549	0.00480
2	0.01188	0.01181	0.01898	0.58991	0.03531	0.04452	0.08120	0.01544	0.01169	0.01507	0.01009	0.01498	0.00782	0.00626	0.00747	0.00199	0.10110	0.00525	0.00263	0.00659
3	0.00749	0.00583	0.00681	0.00675	0.00828	0.00514	0.00499	0.00948	0.01445	0.01898	0.36417	0.12784	0.37123	0.01384	0.00692	0.00195	0.00290	0.01195	0.00584	0.00514
4	0.02145	0.01524	0.01658	0.01285	0.01729	0.01670	0.01056	0.62809	0.05944	0.08542	0.04588	0.01594	0.01243	0.00724	0.00587	0.00176	0.00606	0.00556	0.00594	0.00968
5	0.83671	0.01125	0.00855	0.00765	0.01125	0.01305	0.00630	0.01709	0.00990	0.02609	0.00810	0.00945	0.00630	0.00540	0.00360	0.00180	0.00450	0.00315	0.00360	0.00630
6	0.01287	0.01221	0.02069	0.07379	0.35136	0.01241	0.14458	0.01757	0.09988	0.01805	0.01473	0.06316	0.01329	0.10906	0.00918	0.00236	0.00685	0.00673	0.00346	0.00779
7	0.01747	0.02095	0.01369	0.01253	0.01505	0.53418	0.00940	0.01930	0.01632	0.01670	0.20838	0.02130	0.05506	0.00796	0.00575	0.00161	0.00809	0.00593	0.00401	0.00632
8	0.01140	0.00644	0.00777	0.00716	0.00913	0.00581	0.00546	0.01367	0.01460	0.14502	0.28526	0.07938	0.19627	0.01104	0.00615	0.00179	0.00319	0.00941	0.17502	0.00604
9	0.01404	0.05998	0.08519	0.01800	0.23941	0.01190	0.01196	0.11501	0.03642	0.07492	0.15483	0.05893	0.07818	0.00826	0.00600	0.00179	0.00550	0.00714	0.00458	0.00796
10	0.01525	0.21577	0.35807	0.01386	0.01997	0.13144	0.01519	0.05665	0.02928	0.04966	0.03634	0.01296	0.00969	0.00588	0.00512	0.00164	0.00775	0.00430	0.00313	0.00806
11	0.02059	0.02477	0.01600	0.01441	0.01753	0.61677	0.01091	0.05798	0.13317	0.01688	0.01155	0.01243	0.00923	0.00634	0.00538	0.00158	0.00936	0.00426	0.00359	0.00728
12	0.01235	0.11186	0.25349	0.01130	0.01753	0.01142	0.01189	0.01618	0.01210	0.01814	0.01010	0.01180	0.00808	0.00477	0.00462	0.00122	0.00590	0.00368	0.00302	0.47056
13	0.00946	0.00780	0.01105	0.01040	0.01101	0.00972	0.00809	0.01101	0.00910	0.01328	0.01396	0.02259	0.01378	0.15079	0.46506	0.00703	0.21128	0.00628	0.00303	0.00524
14	0.01174	0.00675	0.00873	0.00778	0.00986	0.00605	0.00599	0.01424	0.01613	0.17449	0.52599	0.04001	0.12674	0.01125	0.00665	0.00184	0.00322	0.00976	0.00645	0.00633
15	0.01439	0.01382	0.02360	0.03569	0.75936	0.01382	0.01785	0.01785	0.01324	0.01900	0.01094	0.01439	0.00921	0.00518	0.00576	0.00173	0.00691	0.00518	0.00288	0.00921
16	0.00774	0.00607	0.00715	0.00761	0.00921	0.00547	0.00605	0.00965	0.01341	0.01679	0.10809	0.11369	0.42826	0.01515	0.00726	0.00219	0.00367	0.22200	0.00547	0.00508
17	0.83671	0.01125	0.00855	0.00765	0.01125	0.01305	0.00630	0.01709	0.00990	0.02609	0.00810	0.00945	0.00630	0.00540	0.00360	0.00180	0.00450	0.00315	0.00360	0.00630
18	0.01652	0.01409	0.02783	0.02016	0.02548	0.01323	0.51169	0.06357	0.01527	0.17292	0.04772	0.01768	0.01211	0.00581	0.00659	0.00191	0.00828	0.00672	0.00414	0.00828
19	0.00988	0.00851	0.01221	0.01131	0.01193	0.01093	0.00903	0.01158	0.00915	0.01357	0.01288	0.01994	0.01239	0.06563	0.47202	0.00677	0.28787	0.00593	0.00293	0.00553
20	0.01272	0.01272	0.01781	0.01527	0.01527	0.01781	0.01272	0.01399	0.00891	0.01399	0.00763	0.01272	0.00763	0.01018	0.01908	0.00254	0.78499	0.00509	0.00254	0.00636
21	0.01446	0.01249	0.01315	0.01183	0.01512	0.01446	0.00920	0.03090	0.74885	0.02433	0.02367	0.02170	0.01775	0.00789	0.00592	0.00197	0.00460	0.00657	0.00592	0.00920
22	0.00936	0.00583	0.00734	0.00766	0.00847	0.00547	0.00518	0.01038	0.01140	0.08256	0.08118	0.37710	0.07323	0.25160	0.01393	0.00325	0.00419	0.03190	0.00507	0.00491
23	0.01376	0.36391	0.41591	0.01363	0.02043	0.04846	0.01606	0.01818	0.01225	0.01619	0.00936	0.01092	0.00741	0.00531	0.00473	0.00157	0.00764	0.00376	0.00249	0.00803
24	0.00712	0.00576	0.00633	0.00649	0.00808	0.00497	0.00475	0.00871	0.01339	0.01674	0.16185	0.17943	0.52630	0.01488	0.00696	0.00201	0.00299	0.01273	0.00555	0.00497
25	0.38720	0.01368	0.02751	0.10496	0.09821	0.06890	0.04396	0.09370	0.01321	0.05189	0.01012	0.01212	0.00775	0.00588	0.00536	0.00182	0.03856	0.00425	0.00364	0.00729
26	0.00944	0.00645	0.00807	0.00774	0.00953	0.00564	0.00569	0.01136	0.01369	0.07508	0.26544	0.29065	0.14770	0.01321	0.00668	0.00191	0.00333	0.01162	0.00563	0.10112
27	0.10880	0.06484	0.01627	0.01339	0.01614	0.38078	0.01057	0.04717	0.07128	0.01727	0.00995	0.01181	0.00832	0.00681	0.00772	0.00174	0.16052	0.00417	0.00329	0.03916
28	0.01633	0.16613	0.24433	0.01325	0.01881	0.01655	0.01352	0.29768	0.06226	0.02488	0.02751	0.04865	0.01130	0.00682	0.00544	0.00172	0.00671	0.00525	0.00418	0.00869
29	0.01358	0.01841	0.23745	0.02575	0.38974	0.01388	0.05462	0.02015	0.13094	0.01966	0.01288	0.01502	0.01003	0.00570	0.00577	0.00181	0.00718	0.00524	0.00325	0.00896
30	0.00711	0.00568	0.00632	0.00662	0.00805	0.00494	0.00476	0.00856	0.01292	0.01617	0.12453	0.24233	0.47897	0.03673	0.00764	0.00215	0.00311	0.01307	0.00545	0.00488
31	0.01409	0.01161	0.01527	0.01796	0.23890	0.01222	0.01100	0.07200	0.28052	0.06060	0.10023	0.02488	0.09905	0.00814	0.00606	0.00186	0.00507	0.00706	0.00505	0.00843
32	0.00707	0.00538	0.00651	0.00732	0.00825	0.00482	0.00508	0.00833	0.01212	0.01557	0.07831	0.50786	0.27895	0.01673	0.00721	0.00220	0.00320	0.01480	0.00545	0.00482

[dist]
# distance from previous block
# <min> <max>
0	15

[block]
# block no. 5 follows, 40 sequences, length 17
# corresponding to MSA columns:
# 946-962
name=unknown_F
#
# <colnr> <probs for GDERKNQSTAVLIFYWHMCP>
#	G	D	E	R	K	N	Q	S	T	A	V	L	I	F	Y	W	H	M	C	P
0	0.00981	0.00791	0.01030	0.02316	0.05569	0.00858	0.00767	0.01417	0.13530	0.01747	0.13817	0.06787	0.09333	0.10799	0.19797	0.00424	0.04097	0.04885	0.00455	0.00599
1	0.01436	0.01391	0.02416	0.03511	0.72146	0.01386	0.05530	0.01789	0.01327	0.01898	0.01098	0.01446	0.00919	0.00517	0.00581	0.00174	0.00706	0.00527	0.00288	0.00914
2	0.01393	0.18729	0.17889	0.09406	0.23236	0.04506	0.13340	0.01792	0.01279	0.01709	0.01022	0.01303	0.00819	0.00525	0.00544	0.00170	0.00779	0.00477	0.00269	0.00813
3	0.01545	0.05266	0.20603	0.01478	0.01931	0.19085	0.08938	0.12159	0.01553	0.01980	0.06777	0.03725	0.01280	0.00807	0.02938	0.00201	0.05961	0.00548	0.02474	0.00755
4	0.00965	0.00514	0.00735	0.00743	0.00754	0.00507	0.00492	0.00771	0.00812	0.01073	0.01430	0.06641	0.04738	0.07985	0.02162	0.67980	0.00490	0.00632	0.00290	0.00284
5	0.01752	0.55318	0.02601	0.01155	0.01590	0.26191	0.01036	0.01926	0.01330	0.01386	0.00837	0.00970	0.00747	0.00530	0.00421	0.00132	0.00758	0.00331	0.00265	0.00723
6	0.09140	0.01274	0.01462	0.05685	0.08093	0.07732	0.01011	0.17462	0.01578	0.18630	0.01437	0.01595	0.02484	0.00889	0.00908	0.12083	0.06810	0.00515	0.00450	0.00761
7	0.00953	0.00939	0.10266	0.00947	0.01174	0.00714	0.03639	0.01178	0.01185	0.05952	0.09923	0.17529	0.14153	0.13182	0.15218	0.00390	0.00683	0.00965	0.00445	0.00565
8	0.01217	0.00835	0.01094	0.00984	0.01103	0.00979	0.00768	0.04897	0.01117	0.08668	0.01538	0.02202	0.01382	0.14645	0.22945	0.00465	0.19040	0.00610	0.14919	0.00591
9	0.01375	0.05243	0.28379	0.16376	0.14726	0.04936	0.01617	0.04557	0.01331	0.07410	0.01319	0.07773	0.01094	0.00675	0.00572	0.00183	0.00735	0.00569	0.00331	0.00798
10	0.05156	0.28781	0.19446	0.10965	0.05803	0.01706	0.06677	0.04718	0.08227	0.01801	0.01102	0.01284	0.00868	0.00558	0.00501	0.00166	0.00703	0.00443	0.00305	0.00792
11	0.01379	0.01377	0.02516	0.13247	0.50183	0.01389	0.17753	0.01762	0.01313	0.01837	0.01104	0.01483	0.00893	0.00520	0.00601	0.00181	0.00766	0.00555	0.00285	0.00854
12	0.00709	0.00506	0.00675	0.00810	0.00843	0.00472	0.00540	0.00810	0.01113	0.01484	0.03205	0.79184	0.03846	0.01822	0.00742	0.00236	0.00337	0.01653	0.00540	0.00472
13	0.01356	0.06489	0.21939	0.20536	0.08960	0.01366	0.09904	0.08127	0.01397	0.05206	0.01321	0.01888	0.01074	0.00664	0.00593	0.00190	0.00758	0.07113	0.00336	0.00784
14	0.01399	0.06182	0.53289	0.01606	0.02315	0.07931	0.06069	0.01937	0.01289	0.07532	0.01112	0.01279	0.00802	0.00584	0.00613	0.00182	0.04304	0.00450	0.00290	0.00834
15	0.01790	0.00833	0.01037	0.00858	0.01158	0.00778	0.00686	0.07529	0.01617	0.35009	0.16778	0.02461	0.02229	0.00800	0.00554	0.00168	0.00399	0.00661	0.23880	0.00775
16	0.01536	0.01025	0.01151	0.01012	0.01311	0.01089	0.00790	0.09130	0.32568	0.15339	0.06393	0.09169	0.07392	0.00919	0.00597	0.00189	0.00433	0.00771	0.08374	0.00813

[dist]
# distance from previous block
# <min> <max>
1	4

[block]
# block no. 6 follows, 40 sequences, length 41
# corresponding to MSA columns:
# 976-985,996-1026
name=unknown_G
#
# <colnr> <probs for GDERKNQSTAVLIFYWHMCP>
#	G	D	E	R	K	N	Q	S	T	A	V	L	I	F	Y	W	H	M	C	P
0	0.01177	0.00773	0.00935	0.04137	0.01178	0.00708	0.00654	0.03936	0.04577	0.13879	0.20254	0.07504	0.28457	0.01116	0.00638	0.00182	0.00376	0.00947	0.00566	0.08006
1	0.10053	0.01236	0.01808	0.06722	0.16175	0.01321	0.09009	0.09080	0.03995	0.18962	0.01405	0.01561	0.01034	0.00667	0.00739	0.00189	0.10946	0.00536	0.03733	0.00828
2	0.10230	0.01261	0.01498	0.11761	0.15450	0.09731	0.01134	0.01978	0.08192	0.15117	0.03534	0.03366	0.04223	0.00775	0.00631	0.00190	0.03723	0.06002	0.00438	0.00765
3	0.10142	0.01743	0.01718	0.04072	0.06617	0.25188	0.09010	0.14439	0.03587	0.07449	0.01504	0.01623	0.05881	0.00742	0.01982	0.00188	0.02416	0.00529	0.00405	0.00765
4	0.02235	0.15628	0.01702	0.01066	0.01509	0.01314	0.00910	0.18453	0.01788	0.41855	0.01796	0.01668	0.01214	0.00671	0.00534	0.00166	0.00537	0.00518	0.05516	0.00918
5	0.01187	0.10337	0.51470	0.06357	0.09066	0.01375	0.01825	0.01721	0.01236	0.01755	0.01424	0.01598	0.06949	0.00622	0.00549	0.00179	0.00768	0.00497	0.00275	0.00810
6	0.01266	0.00868	0.01347	0.01092	0.01383	0.00802	0.14348	0.01604	0.04662	0.15214	0.25611	0.05932	0.14680	0.00983	0.00643	0.00186	0.00459	0.00890	0.07354	0.00675
7	0.10764	0.00917	0.01316	0.01084	0.01412	0.00850	0.10380	0.01852	0.01378	0.31224	0.02646	0.20524	0.11121	0.01024	0.00623	0.00197	0.00492	0.00901	0.00558	0.00738
8	0.00760	0.00578	0.00656	0.00655	0.00779	0.00521	0.00459	0.00905	0.01287	0.01668	0.23370	0.10943	0.34660	0.18802	0.01197	0.00278	0.00353	0.01131	0.00525	0.00474
9	0.00724	0.00518	0.00688	0.00799	0.00847	0.00482	0.00541	0.00848	0.01184	0.01597	0.12809	0.69260	0.04064	0.01738	0.00735	0.00229	0.00329	0.01573	0.00553	0.00482
10	0.00747	0.00539	0.00712	0.00808	0.00876	0.00503	0.00570	0.00896	0.01238	0.01664	0.16515	0.56582	0.06983	0.01675	0.00735	0.00227	0.00341	0.07339	0.00558	0.00492
11	0.00776	0.07127	0.00826	0.00676	0.00862	0.00643	0.00516	0.00930	0.01306	0.01612	0.11719	0.18456	0.49675	0.01428	0.00671	0.00196	0.00327	0.01212	0.00526	0.00514
12	0.09921	0.32688	0.12375	0.01403	0.01925	0.10521	0.14057	0.07606	0.01380	0.01834	0.00962	0.01136	0.00777	0.00536	0.00485	0.00158	0.00750	0.00418	0.00300	0.00767
13	0.08741	0.01570	0.01228	0.01077	0.01374	0.26319	0.00836	0.11605	0.07085	0.09071	0.01480	0.01573	0.01122	0.00655	0.00495	0.00158	0.00628	0.00477	0.23784	0.00722
14	0.83671	0.01125	0.00855	0.00765	0.01125	0.01305	0.00630	0.01709	0.00990	0.02609	0.00810	0.00945	0.00630	0.00540	0.00360	0.00180	0.00450	0.00315	0.00360	0.00630
15	0.00927	0.00980	0.09511	0.08495	0.05103	0.00848	0.00949	0.01165	0.01196	0.01674	0.12270	0.32591	0.05692	0.03333	0.00854	0.00221	0.08635	0.01064	0.03909	0.00583
16	0.02407	0.00930	0.01242	0.00969	0.01377	0.00813	0.00795	0.02638	0.01605	0.66503	0.02242	0.02004	0.01446	0.00714	0.00561	0.00174	0.00465	0.00579	0.11603	0.00930
17	0.01885	0.02185	0.01928	0.01610	0.01955	0.44718	0.14281	0.09247	0.06142	0.01787	0.01174	0.04388	0.00985	0.00670	0.00638	0.00172	0.04632	0.00521	0.00352	0.00730
18	0.00819	0.00588	0.00766	0.00862	0.00949	0.00566	0.00658	0.00981	0.01204	0.01576	0.06215	0.30776	0.10021	0.12664	0.01072	0.00289	0.00439	0.28556	0.00516	0.00485
19	0.00826	0.00585	0.00774	0.00787	0.00837	0.00629	0.00540	0.00930	0.00911	0.01262	0.01835	0.10122	0.01975	0.38204	0.36476	0.00702	0.00994	0.00820	0.00351	0.00439
20	0.00891	0.00590	0.00724	0.00781	0.00879	0.00558	0.00544	0.04038	0.01228	0.04800	0.03233	0.52849	0.12137	0.05292	0.00797	0.00233	0.00356	0.01366	0.08186	0.00519
21	0.00929	0.00597	0.00791	0.00821	0.00942	0.00552	0.00608	0.01119	0.01374	0.07990	0.28133	0.36660	0.06750	0.01477	0.00714	0.00215	0.00348	0.08843	0.00589	0.00549
22	0.01659	0.01318	0.01413	0.01205	0.01556	0.01485	0.00952	0.29239	0.40885	0.02799	0.02087	0.09364	0.01684	0.00856	0.00603	0.00193	0.00515	0.00704	0.00583	0.00902
23	0.01680	0.08465	0.12596	0.09222	0.08442	0.08431	0.14818	0.25029	0.01774	0.02324	0.01152	0.01353	0.00866	0.00587	0.00574	0.00175	0.00786	0.00508	0.00372	0.00845
24	0.01582	0.01570	0.01905	0.01544	0.01878	0.18890	0.18881	0.09333	0.07534	0.05408	0.01344	0.01639	0.01082	0.01469	0.17745	0.00351	0.06180	0.00564	0.00371	0.00732
25	0.00936	0.00723	0.00957	0.01138	0.08565	0.00714	0.00729	0.07045	0.03851	0.01752	0.02989	0.55553	0.08022	0.01533	0.00705	0.00221	0.00404	0.03065	0.00519	0.00579
26	0.08399	0.01054	0.01148	0.01011	0.01300	0.01169	0.00800	0.14805	0.25307	0.05899	0.02154	0.02224	0.07542	0.01462	0.14885	0.00323	0.00666	0.00631	0.08459	0.00764
27	0.01360	0.01273	0.02099	0.21536	0.50809	0.01347	0.01649	0.04019	0.03993	0.01888	0.03648	0.01589	0.01072	0.00572	0.00582	0.00179	0.00687	0.00541	0.00313	0.00843
28	0.01269	0.01436	0.10694	0.01521	0.06689	0.05834	0.08519	0.03021	0.10512	0.01790	0.01556	0.13947	0.01456	0.00895	0.00909	0.00201	0.19105	0.00706	0.05288	0.04652
29	0.00892	0.00591	0.00752	0.00759	0.00892	0.00534	0.00550	0.01079	0.01401	0.07424	0.32316	0.31428	0.16331	0.01430	0.00699	0.00204	0.00317	0.01264	0.00593	0.00544
30	0.04772	0.00712	0.00834	0.00753	0.00884	0.00698	0.00501	0.01425	0.04160	0.18210	0.01916	0.03204	0.01885	0.55113	0.02214	0.00445	0.00539	0.00756	0.00446	0.00532
31	0.01618	0.01479	0.01798	0.13449	0.23238	0.08795	0.01329	0.16858	0.21051	0.02292	0.01464	0.01602	0.01122	0.00644	0.00577	0.00181	0.00667	0.00542	0.00425	0.00870
32	0.00754	0.00575	0.00687	0.00693	0.00828	0.00514	0.00504	0.00943	0.01412	0.01872	0.35314	0.18731	0.30288	0.03315	0.00752	0.00207	0.00300	0.01222	0.00579	0.00509
33	0.01817	0.05083	0.07183	0.01268	0.01653	0.21223	0.01064	0.14831	0.19492	0.10193	0.06195	0.01738	0.01433	0.00835	0.03229	0.00200	0.00713	0.00544	0.00480	0.00826
34	0.01540	0.01187	0.01758	0.01936	0.22551	0.01371	0.01264	0.01803	0.03665	0.16030	0.04466	0.04911	0.01301	0.00852	0.01131	0.00211	0.32243	0.00602	0.00393	0.00784
35	0.01774	0.01653	0.01300	0.01127	0.01441	0.31873	0.00869	0.07365	0.01653	0.13940	0.12106	0.02355	0.12547	0.00823	0.00578	0.00163	0.00667	0.00635	0.00474	0.06656
36	0.00713	0.00577	0.00638	0.00680	0.00834	0.00502	0.00506	0.00860	0.01279	0.01566	0.05048	0.22252	0.53379	0.01563	0.00709	0.00211	0.00325	0.07328	0.00540	0.00491
37	0.01351	0.01185	0.01490	0.01352	0.09835	0.01168	0.00970	0.07646	0.08763	0.02011	0.01159	0.01357	0.00955	0.00599	0.00728	0.00143	0.13830	0.00439	0.00367	0.44652
38	0.01445	0.01379	0.02010	0.15043	0.47763	0.08643	0.01555	0.01760	0.01344	0.04746	0.01448	0.01821	0.05353	0.00629	0.00585	0.00178	0.00704	0.02452	0.00323	0.00820
39	0.09825	0.01481	0.02092	0.19358	0.29523	0.10321	0.11064	0.06095	0.01383	0.01924	0.01058	0.01382	0.00838	0.00551	0.00564	0.00179	0.00763	0.00503	0.00308	0.00787
40	0.06843	0.01208	0.02006	0.38263	0.34741	0.01337	0.04056	0.01642	0.01228	0.01753	0.01049	0.01462	0.00832	0.00548	0.00567	0.00184	0.00724	0.00509	0.00279	0.00768

[dist]
# distance from previous block
# <min> <max>
0	4

[block]
# block no. 7 follows, 40 sequences, length 57
# corresponding to MSA columns:
# 1032-1057,1059-1089
name=unknown_H
#
# <colnr> <probs for GDERKNQSTAVLIFYWHMCP>
#	G	D	E	R	K	N	Q	S	T	A	V	L	I	F	Y	W	H	M	C	P
0	0.07191	0.01548	0.01436	0.16841	0.05445	0.24525	0.01063	0.01949	0.05200	0.10972	0.01744	0.01853	0.09209	0.00695	0.00548	0.00168	0.00699	0.00539	0.00393	0.07983
1	0.01581	0.06802	0.01477	0.01175	0.01445	0.24390	0.04626	0.09387	0.01499	0.06161	0.08405	0.01990	0.01554	0.08316	0.14728	0.00337	0.00882	0.00573	0.04010	0.00662
2	0.02158	0.01717	0.01666	0.01327	0.01745	0.13776	0.01075	0.49561	0.05904	0.09463	0.01418	0.01422	0.01019	0.00693	0.00607	0.00173	0.02842	0.00508	0.00536	0.02392
3	0.11849	0.01564	0.01363	0.01212	0.01480	0.21770	0.00957	0.14939	0.04968	0.02083	0.01510	0.11276	0.01438	0.00896	0.00725	0.00190	0.09720	0.06760	0.00419	0.04880
4	0.01060	0.00902	0.01136	0.01070	0.01207	0.04688	0.00843	0.04078	0.08291	0.01552	0.01507	0.02062	0.01353	0.03301	0.54355	0.00716	0.10342	0.00597	0.00342	0.00597
5	0.01646	0.03846	0.06639	0.10201	0.24075	0.09718	0.13390	0.08936	0.04931	0.09056	0.01271	0.01484	0.00960	0.00580	0.00584	0.00178	0.00760	0.00532	0.00367	0.00847
6	0.01427	0.06805	0.07898	0.03254	0.65474	0.01441	0.01758	0.01786	0.01307	0.01860	0.01071	0.01389	0.00896	0.00519	0.00560	0.00170	0.00699	0.00498	0.00282	0.00905
7	0.02175	0.01352	0.01555	0.01214	0.01632	0.01437	0.00997	0.43214	0.05457	0.24519	0.06107	0.01771	0.01414	0.00749	0.00638	0.00181	0.03449	0.00578	0.00614	0.00947
8	0.01110	0.00963	0.03369	0.01573	0.18335	0.00915	0.02939	0.10813	0.01407	0.01901	0.02546	0.40107	0.07530	0.01273	0.00674	0.00209	0.00492	0.02706	0.00473	0.00666
9	0.04063	0.12539	0.28182	0.01555	0.08423	0.06983	0.05674	0.06065	0.01319	0.01833	0.01260	0.06955	0.01091	0.00977	0.07203	0.00240	0.00807	0.00544	0.03526	0.00762
10	0.04274	0.01434	0.01572	0.21117	0.07682	0.14492	0.01176	0.14397	0.06919	0.11180	0.08642	0.01780	0.01429	0.00690	0.00576	0.00178	0.00677	0.00558	0.00444	0.00782
11	0.00846	0.00564	0.00634	0.00634	0.00634	0.00564	0.00352	0.00846	0.00846	0.01128	0.01832	0.03805	0.02114	0.79563	0.02960	0.00564	0.00564	0.00846	0.00352	0.00352
12	0.00843	0.00574	0.00685	0.00685	0.00703	0.00591	0.00416	0.00878	0.00861	0.01165	0.01786	0.03547	0.02002	0.66801	0.15568	0.00627	0.00732	0.00808	0.00345	0.00381
13	0.01449	0.03215	0.11865	0.09328	0.38326	0.06643	0.13912	0.04880	0.01385	0.01882	0.01090	0.01405	0.00866	0.00536	0.00585	0.00178	0.00790	0.00522	0.00293	0.00849
14	0.01371	0.14309	0.16570	0.01453	0.06756	0.02573	0.09513	0.01706	0.01319	0.11401	0.01970	0.10217	0.05407	0.00898	0.00609	0.00193	0.00647	0.11940	0.00408	0.00741
15	0.00830	0.00654	0.00757	0.00739	0.00907	0.00618	0.00550	0.01189	0.09498	0.01975	0.34470	0.13119	0.29899	0.01319	0.00683	0.00195	0.00309	0.01140	0.00588	0.00560
16	0.01045	0.00771	0.00827	0.00840	0.00979	0.05762	0.00597	0.01255	0.05362	0.08767	0.06457	0.38951	0.16175	0.08344	0.00887	0.00242	0.00417	0.01234	0.00532	0.00557
17	0.01612	0.17471	0.09172	0.01617	0.07041	0.10499	0.16200	0.12318	0.01547	0.06312	0.01491	0.06303	0.04503	0.00683	0.00566	0.00172	0.00736	0.00593	0.00374	0.00789
18	0.01855	0.01676	0.01931	0.08298	0.18173	0.19803	0.08179	0.15923	0.01709	0.11344	0.01344	0.01649	0.01048	0.00648	0.00586	0.00177	0.00771	0.03646	0.00410	0.00830
19	0.00714	0.00518	0.00674	0.00786	0.00840	0.00479	0.00532	0.00829	0.01163	0.01543	0.07819	0.68468	0.09980	0.01754	0.00734	0.00230	0.00330	0.01581	0.00546	0.00479
20	0.01179	0.07495	0.01327	0.01303	0.11789	0.03085	0.00890	0.01406	0.01308	0.07642	0.16903	0.12081	0.04587	0.01512	0.11323	0.00296	0.04890	0.06750	0.03589	0.00645
21	0.01408	0.05690	0.06746	0.01910	0.15390	0.01348	0.20331	0.14713	0.05009	0.02199	0.09055	0.10277	0.01729	0.00768	0.00624	0.00186	0.00673	0.00732	0.00415	0.00797
22	0.01618	0.01746	0.04445	0.01417	0.01661	0.24195	0.04499	0.10753	0.05961	0.01821	0.01142	0.01428	0.00955	0.01100	0.08266	0.00264	0.23168	0.00497	0.04357	0.00708
23	0.00806	0.00620	0.00747	0.00778	0.00906	0.00589	0.00565	0.01106	0.07823	0.01826	0.23443	0.32772	0.20848	0.01471	0.00703	0.00210	0.00327	0.03351	0.00572	0.00539
24	0.01861	0.36630	0.02269	0.01278	0.01652	0.40967	0.01074	0.02026	0.01410	0.01398	0.00853	0.01008	0.00748	0.00573	0.00519	0.00143	0.04260	0.00352	0.00275	0.00704
25	0.00855	0.00556	0.00688	0.00696	0.00721	0.00554	0.00436	0.00859	0.00929	0.01251	0.07276	0.09988	0.03905	0.47272	0.07408	0.14416	0.00574	0.00867	0.00374	0.00375
26	0.05264	0.06673	0.36153	0.01681	0.04991	0.14462	0.11156	0.02038	0.08702	0.01844	0.01147	0.01315	0.00865	0.00571	0.00551	0.00177	0.00829	0.00468	0.00303	0.00809
27	0.03241	0.07105	0.01823	0.01823	0.21147	0.09454	0.10116	0.01738	0.07049	0.04017	0.14644	0.02470	0.11348	0.00787	0.00599	0.00177	0.00609	0.00699	0.00417	0.00740
28	0.00830	0.00649	0.00768	0.00806	0.00949	0.00624	0.00601	0.01168	0.09860	0.01769	0.14032	0.29310	0.25387	0.01483	0.00707	0.00216	0.00353	0.09381	0.00559	0.00548
29	0.01420	0.12515	0.02381	0.17954	0.41458	0.05419	0.07239	0.01753	0.01292	0.01714	0.01038	0.01380	0.00855	0.00530	0.00554	0.00171	0.00739	0.00494	0.00278	0.00818
30	0.01525	0.00965	0.00981	0.00887	0.01136	0.06495	0.00700	0.05493	0.13785	0.14681	0.02044	0.02385	0.01606	0.00777	0.00518	0.00167	0.00438	0.06558	0.38146	0.00712
31	0.00749	0.00578	0.00677	0.00679	0.00821	0.00513	0.00495	0.00934	0.01401	0.01837	0.32462	0.15976	0.34948	0.04351	0.00780	0.00211	0.00303	0.01208	0.00572	0.00505
32	0.00772	0.00585	0.00711	0.00695	0.00841	0.00524	0.00515	0.00992	0.01502	0.02026	0.48039	0.11328	0.26686	0.01331	0.00691	0.00192	0.00286	0.01158	0.00601	0.00524
33	0.00759	0.00603	0.00688	0.00726	0.00864	0.00554	0.00521	0.01003	0.06244	0.01669	0.11287	0.32856	0.37062	0.01531	0.00701	0.00210	0.00320	0.01332	0.00553	0.00518
34	0.34952	0.01122	0.01140	0.00971	0.01348	0.01214	0.00784	0.02457	0.23409	0.24380	0.01717	0.01619	0.01214	0.00668	0.00496	0.00185	0.00466	0.00498	0.00536	0.00824
35	0.83671	0.01125	0.00855	0.00765	0.01125	0.01305	0.00630	0.01709	0.00990	0.02609	0.00810	0.00945	0.00630	0.00540	0.00360	0.00180	0.00450	0.00315	0.00360	0.00630
36	0.01180	0.01006	0.01178	0.00859	0.01351	0.00760	0.00681	0.01430	0.01201	0.01874	0.01146	0.05234	0.01016	0.00503	0.00447	0.00094	0.00426	0.00412	0.00355	0.78849
37	0.79484	0.01118	0.00880	0.00779	0.01143	0.01281	0.00641	0.01767	0.01025	0.06418	0.00886	0.00998	0.00672	0.00549	0.00371	0.00180	0.00452	0.00329	0.00378	0.00648
38	0.00829	0.00572	0.00643	0.00649	0.00683	0.00559	0.00393	0.00862	0.00935	0.01218	0.02444	0.04183	0.12155	0.65173	0.02547	0.00500	0.00526	0.04365	0.00387	0.00380
39	0.00904	0.00675	0.00813	0.00818	0.00927	0.00704	0.00596	0.01199	0.09624	0.01484	0.02631	0.04009	0.12946	0.32038	0.16585	0.00494	0.00703	0.11922	0.00428	0.00500
40	0.01439	0.01382	0.02360	0.03569	0.75936	0.01382	0.01785	0.01785	0.01324	0.01900	0.01094	0.01439	0.00921	0.00518	0.00576	0.00173	0.00691	0.00518	0.00288	0.00921
41	0.01667	0.31486	0.12359	0.01328	0.01795	0.24844	0.04376	0.02127	0.11702	0.01620	0.01103	0.01210	0.00896	0.00577	0.00488	0.00154	0.00777	0.00412	0.00314	0.00766
42	0.01572	0.38499	0.07019	0.01338	0.01827	0.01843	0.13310	0.17348	0.01547	0.01987	0.01213	0.07730	0.01082	0.00654	0.00513	0.00160	0.00676	0.00540	0.00353	0.00789
43	0.00845	0.00568	0.00655	0.00655	0.00662	0.00575	0.00378	0.00859	0.00852	0.01143	0.01814	0.03703	0.02070	0.74485	0.07977	0.00589	0.00631	0.00831	0.00350	0.00364
44	0.00792	0.00555	0.00714	0.00763	0.00798	0.00565	0.00502	0.00874	0.00963	0.01307	0.02279	0.31215	0.02610	0.34826	0.18082	0.00523	0.00694	0.01095	0.00413	0.00432
45	0.01434	0.25408	0.26174	0.01607	0.07494	0.01695	0.08370	0.04912	0.05387	0.03994	0.01092	0.01273	0.00859	0.00591	0.00633	0.00173	0.07334	0.00453	0.00303	0.00817
46	0.00836	0.00603	0.00833	0.00833	0.00901	0.00671	0.00600	0.00973	0.00904	0.01274	0.01651	0.02801	0.01678	0.29901	0.52025	0.00809	0.01220	0.00699	0.00325	0.00463
47	0.00804	0.00599	0.00735	0.00794	0.00895	0.00572	0.00576	0.01020	0.04807	0.01636	0.11691	0.33268	0.17038	0.11279	0.01003	0.00266	0.00385	0.11603	0.00530	0.00501
48	0.01035	0.00877	0.01356	0.11907	0.16664	0.00984	0.01083	0.01275	0.01101	0.01549	0.01657	0.10283	0.01647	0.05625	0.23933	0.00445	0.07759	0.07365	0.02836	0.00618
49	0.01567	0.16177	0.20457	0.06390	0.11452	0.14110	0.11646	0.05430	0.01407	0.04556	0.01066	0.01275	0.00825	0.00552	0.00541	0.00168	0.00814	0.00462	0.00302	0.00804
50	0.01638	0.02086	0.15827	0.02216	0.24367	0.21933	0.08957	0.07382	0.06471	0.01923	0.01149	0.01354	0.00899	0.00575	0.00570	0.00173	0.00829	0.00490	0.00326	0.00834
51	0.02130	0.07065	0.01576	0.01143	0.01555	0.01347	0.00942	0.34732	0.02049	0.29182	0.01884	0.10620	0.01464	0.00822	0.00586	0.00180	0.00552	0.00661	0.00601	0.00911
52	0.01179	0.12099	0.14123	0.01298	0.01679	0.06767	0.13261	0.03727	0.01350	0.01760	0.10681	0.21481	0.06219	0.00988	0.00620	0.00189	0.00623	0.00881	0.00406	0.00667
53	0.01424	0.01467	0.02182	0.06265	0.16525	0.11374	0.22831	0.06154	0.01428	0.01836	0.01573	0.03771	0.04025	0.00777	0.00731	0.00198	0.06038	0.10306	0.00353	0.00741
54	0.01174	0.01111	0.01915	0.09091	0.34679	0.01128	0.10791	0.01462	0.01243	0.01717	0.01803	0.22611	0.03951	0.00920	0.00689	0.00199	0.03555	0.00868	0.00361	0.00734
55	0.16333	0.21059	0.04662	0.01254	0.01633	0.42973	0.01044	0.02056	0.01404	0.01634	0.00867	0.01009	0.00727	0.00563	0.00460	0.00150	0.00833	0.00351	0.00296	0.00691
56	0.01283	0.14358	0.05801	0.06069	0.14171	0.07484	0.01161	0.01509	0.01136	0.01531	0.01167	0.03862	0.01060	0.01434	0.15107	0.03957	0.12656	0.00521	0.05064	0.00669

[dist]
# distance from previous block
# <min> <max>
0	3

[block]
# block no. 8 follows, 40 sequences, length 59
# corresponding to MSA columns:
# 1093-1151
name=unknown_I
#
# <colnr> <probs for GDERKNQSTAVLIFYWHMCP>
#	G	D	E	R	K	N	Q	S	T	A	V	L	I	F	Y	W	H	M	C	P
0	0.04140	0.01330	0.01899	0.10409	0.39594	0.03726	0.01420	0.13141	0.04861	0.04992	0.01529	0.04393	0.04665	0.00668	0.00581	0.00179	0.00646	0.00591	0.00385	0.00852
1	0.01378	0.23643	0.17721	0.01371	0.04573	0.14450	0.05664	0.01670	0.01282	0.01560	0.01627	0.10699	0.07613	0.00786	0.00590	0.00172	0.03548	0.00622	0.00321	0.00708
2	0.00745	0.00568	0.00669	0.00699	0.00819	0.00511	0.00499	0.00899	0.01298	0.01683	0.20275	0.24947	0.32010	0.08474	0.00908	0.00239	0.00333	0.03395	0.00545	0.00488
3	0.00955	0.00839	0.01232	0.01293	0.07618	0.00953	0.03683	0.01114	0.01100	0.01534	0.04515	0.37380	0.06830	0.01575	0.06065	0.00276	0.20937	0.01107	0.00422	0.00573
4	0.04106	0.01580	0.02014	0.13381	0.14621	0.12945	0.13376	0.18707	0.06352	0.02236	0.01243	0.01468	0.00950	0.00601	0.00577	0.00177	0.00756	0.00529	0.03570	0.00812
5	0.01297	0.01343	0.01662	0.08718	0.21923	0.13827	0.04611	0.01534	0.01293	0.01619	0.02120	0.07960	0.14907	0.00911	0.00792	0.00195	0.11078	0.03168	0.00356	0.00686
6	0.01164	0.01092	0.01851	0.13143	0.36997	0.01105	0.07527	0.01458	0.01259	0.01720	0.01943	0.18930	0.07542	0.00889	0.00632	0.00194	0.00618	0.00839	0.00360	0.00737
7	0.01742	0.06302	0.04994	0.01771	0.09317	0.21236	0.10027	0.16945	0.01603	0.02001	0.01027	0.01272	0.00835	0.00681	0.00852	0.00185	0.17603	0.00485	0.00342	0.00781
8	0.01204	0.01043	0.01598	0.07761	0.35457	0.01055	0.01239	0.05868	0.01381	0.01904	0.04513	0.11473	0.10667	0.00926	0.00624	0.00191	0.00557	0.07131	0.04674	0.00736
9	0.00827	0.00564	0.00641	0.00644	0.00667	0.00554	0.00377	0.00856	0.00932	0.01237	0.05999	0.07499	0.07372	0.66537	0.02583	0.00504	0.00520	0.00920	0.00389	0.00378
10	0.00797	0.00574	0.00693	0.00721	0.00852	0.00511	0.00518	0.00960	0.01334	0.04444	0.21110	0.32559	0.29788	0.01509	0.00704	0.00207	0.00313	0.01321	0.00570	0.00516
11	0.00828	0.00663	0.00751	0.00751	0.00917	0.00632	0.00553	0.01200	0.11460	0.01848	0.21040	0.20579	0.33852	0.01388	0.00686	0.00202	0.00322	0.01199	0.00570	0.00559
12	0.01286	0.00690	0.00839	0.00759	0.00967	0.00652	0.00584	0.01611	0.05498	0.17195	0.28176	0.07020	0.05870	0.00962	0.00579	0.00172	0.00332	0.00820	0.25338	0.00650
13	0.09440	0.05179	0.01913	0.02196	0.32158	0.10461	0.01329	0.10531	0.01437	0.04894	0.01096	0.01358	0.00900	0.00803	0.04394	0.00215	0.10058	0.00479	0.00344	0.00813
