[name]
unknown

[dist]
# distance from previous block
# <min> <max>
0	67

[block]
# block no. 0 follows, 45 sequences, length 7
# corresponding to MSA columns:
# 67-73
name=unknown_A
#
# <colnr> <probs for GDERKNQSTAVLIFYWHMCP>
#	G	D	E	R	K	N	Q	S	T	A	V	L	I	F	Y	W	H	M	C	P
0	0.00921	0.00781	0.01205	0.03788	0.01322	0.02388	0.11235	0.01141	0.01090	0.01477	0.06422	0.08445	0.02139	0.11390	0.16137	0.00376	0.05344	0.21788	0.02099	0.00512
1	0.01274	0.01199	0.01907	0.02753	0.60459	0.01218	0.01432	0.01753	0.12270	0.01801	0.01536	0.01734	0.07102	0.00585	0.00542	0.00164	0.00577	0.00549	0.00325	0.00818
2	0.00681	0.00504	0.00637	0.00692	0.00776	0.00459	0.00485	0.00828	0.01203	0.01610	0.24930	0.45817	0.16488	0.01458	0.00662	0.00198	0.00288	0.01299	0.00525	0.00459
3	0.00749	0.00555	0.00673	0.00696	0.00779	0.00547	0.00480	0.00940	0.05429	0.01444	0.13009	0.25888	0.14722	0.21896	0.09429	0.00348	0.00475	0.01046	0.00448	0.00449
4	0.51135	0.00938	0.00847	0.00746	0.01043	0.01038	0.00602	0.03908	0.06131	0.09555	0.09180	0.01502	0.01290	0.00610	0.00409	0.00163	0.00390	0.00435	0.09453	0.00624
5	0.01120	0.00776	0.01017	0.00960	0.06093	0.00667	0.00696	0.01354	0.01298	0.11274	0.24033	0.08986	0.02586	0.00860	0.00553	0.00151	0.00381	0.08422	0.00471	0.28302
6	0.06356	0.31243	0.07279	0.01973	0.34709	0.01549	0.01268	0.01612	0.01142	0.01606	0.00889	0.01100	0.00759	0.00469	0.00440	0.00139	0.00595	0.00380	0.00257	0.06235

[dist]
# distance from previous block
# <min> <max>
0	1

[block]
# block no. 1 follows, 45 sequences, length 19
# corresponding to MSA columns:
# 75-93
name=unknown_B
#
# <colnr> <probs for GDERKNQSTAVLIFYWHMCP>
#	G	D	E	R	K	N	Q	S	T	A	V	L	I	F	Y	W	H	M	C	P
0	0.01523	0.31683	0.04622	0.01412	0.12980	0.21798	0.01052	0.05319	0.03869	0.01542	0.01045	0.04928	0.00928	0.00573	0.00449	0.00140	0.00661	0.00425	0.04358	0.00694
1	0.01294	0.53857	0.10289	0.00884	0.01299	0.01645	0.00902	0.01532	0.01104	0.01485	0.01008	0.01161	0.00851	0.00504	0.00369	0.00123	0.00520	0.00349	0.20167	0.00655
2	0.00785	0.00607	0.00749	0.00725	0.00888	0.00542	0.00535	0.00944	0.01113	0.01524	0.11601	0.24043	0.15997	0.08317	0.08500	0.00271	0.00454	0.05638	0.00439	0.16329
3	0.25650	0.00909	0.01132	0.23395	0.03884	0.01043	0.00914	0.05161	0.01106	0.06027	0.01440	0.20126	0.01397	0.00829	0.00575	0.00185	0.04590	0.00675	0.00367	0.00594
4	0.11634	0.00999	0.01079	0.00934	0.01222	0.01093	0.00740	0.12426	0.28736	0.11330	0.09025	0.01937	0.01651	0.00886	0.04412	0.01416	0.00468	0.00564	0.08709	0.00739
5	0.01176	0.01049	0.01600	0.06570	0.28076	0.02859	0.07755	0.08532	0.01331	0.01841	0.08573	0.17272	0.01809	0.00806	0.00572	0.00171	0.00544	0.01810	0.02902	0.04752
6	0.01366	0.01257	0.01578	0.02038	0.37136	0.12325	0.01151	0.06235	0.01401	0.05611	0.12329	0.02071	0.08851	0.00686	0.00544	0.00159	0.00570	0.00596	0.03371	0.00725
7	0.00723	0.00547	0.00667	0.00637	0.00779	0.00491	0.00478	0.00942	0.01433	0.01947	0.56393	0.04348	0.26303	0.01174	0.00633	0.00172	0.00259	0.01018	0.00564	0.00491
8	0.01132	0.00960	0.01741	0.06020	0.15049	0.00923	0.22490	0.01393	0.01180	0.08673	0.01889	0.32304	0.01927	0.00959	0.00622	0.00190	0.00575	0.00936	0.00393	0.00645
9	0.01452	0.00908	0.01085	0.00937	0.01200	0.00926	0.00741	0.19328	0.09950	0.17738	0.21167	0.13969	0.02622	0.00966	0.00595	0.00179	0.00414	0.04541	0.00570	0.00713
10	0.01157	0.00757	0.00924	0.00824	0.01039	0.00759	0.00636	0.01723	0.20596	0.13767	0.46927	0.03168	0.03627	0.00938	0.00597	0.00172	0.00328	0.00813	0.00591	0.00655
11	0.02355	0.00925	0.01244	0.00962	0.01372	0.00816	0.00792	0.02628	0.05264	0.74400	0.02121	0.01836	0.01344	0.00668	0.00540	0.00167	0.00455	0.00543	0.00659	0.00910
12	0.01918	0.01521	0.19712	0.01202	0.01709	0.01145	0.03371	0.19327	0.05499	0.36568	0.01625	0.01536	0.01079	0.00620	0.00535	0.00167	0.00579	0.00499	0.00513	0.00876
13	0.00757	0.00519	0.00588	0.00592	0.00636	0.00496	0.00364	0.00769	0.00886	0.01138	0.02549	0.06288	0.19876	0.51736	0.02103	0.08681	0.00449	0.00858	0.00363	0.00350
14	0.01455	0.00778	0.00940	0.00839	0.01074	0.00774	0.00646	0.04513	0.14737	0.25764	0.02156	0.17721	0.01841	0.03241	0.03267	0.00204	0.00418	0.00747	0.18198	0.00688
15	0.27604	0.18334	0.01714	0.01158	0.01514	0.31655	0.07821	0.01817	0.01219	0.01681	0.00811	0.00961	0.00668	0.00507	0.00422	0.00146	0.00709	0.00343	0.00284	0.00633
16	0.00812	0.12239	0.00971	0.00709	0.00868	0.00715	0.00549	0.00996	0.01290	0.01723	0.36944	0.23031	0.14820	0.01191	0.00605	0.00175	0.00317	0.01035	0.00502	0.00507
17	0.01493	0.01299	0.01867	0.02487	0.50262	0.06070	0.01356	0.06099	0.05512	0.08968	0.01178	0.01368	0.00927	0.00516	0.00518	0.00153	0.00605	0.00468	0.00340	0.08514
18	0.00701	0.00516	0.00641	0.00681	0.00757	0.00491	0.00470	0.00820	0.01074	0.01425	0.13773	0.32118	0.17749	0.16187	0.09791	0.00331	0.00459	0.01128	0.00457	0.00434

[dist]
# distance from previous block
# <min> <max>
15	22

[block]
# block no. 2 follows, 45 sequences, length 8
# corresponding to MSA columns:
# 116-123
name=unknown_C
#
# <colnr> <probs for GDERKNQSTAVLIFYWHMCP>
#	G	D	E	R	K	N	Q	S	T	A	V	L	I	F	Y	W	H	M	C	P
0	0.24287	0.09050	0.01310	0.01056	0.05856	0.01288	0.00795	0.26050	0.01485	0.02299	0.01300	0.07674	0.01201	0.10876	0.00758	0.00210	0.00510	0.02920	0.00403	0.00672
1	0.09271	0.06240	0.22700	0.32635	0.10199	0.01284	0.07226	0.01549	0.01105	0.01620	0.00940	0.01253	0.00712	0.00509	0.00505	0.00170	0.00706	0.00438	0.00249	0.00689
2	0.00821	0.00615	0.00759	0.00801	0.00899	0.00626	0.00567	0.01201	0.15972	0.01645	0.14861	0.48349	0.03276	0.01409	0.00728	0.04917	0.00333	0.01196	0.00508	0.00517
3	0.01184	0.01060	0.01466	0.01623	0.26611	0.00901	0.00971	0.01450	0.01149	0.01751	0.00973	0.01184	0.00813	0.00424	0.00442	0.00106	0.00477	0.00371	0.00301	0.56743
4	0.01011	0.00723	0.00917	0.00790	0.01001	0.00683	0.00614	0.01227	0.01286	0.07714	0.33850	0.09128	0.05151	0.00916	0.00675	0.00157	0.08321	0.00761	0.05166	0.19909
5	0.01004	0.00619	0.00751	0.00759	0.00893	0.00595	0.00549	0.07922	0.01249	0.09353	0.02799	0.47121	0.10115	0.01306	0.00609	0.00191	0.00339	0.01150	0.12138	0.00538
6	0.01136	0.06081	0.16532	0.00974	0.01307	0.06894	0.00922	0.08736	0.01482	0.04856	0.34129	0.04974	0.08065	0.00874	0.00568	0.00165	0.00479	0.00730	0.00461	0.00633
7	0.01554	0.01333	0.01332	0.01147	0.01480	0.06596	0.00904	0.20830	0.53486	0.02464	0.01874	0.01758	0.01397	0.00696	0.00540	0.00174	0.00502	0.00559	0.00526	0.00850

[dist]
# distance from previous block
# <min> <max>
0	5

[block]
# block no. 3 follows, 45 sequences, length 21
# corresponding to MSA columns:
# 130-150
name=unknown_D
#
# <colnr> <probs for GDERKNQSTAVLIFYWHMCP>
#	G	D	E	R	K	N	Q	S	T	A	V	L	I	F	Y	W	H	M	C	P
0	0.19854	0.14141	0.08536	0.05028	0.01633	0.03835	0.07893	0.08937	0.01237	0.01939	0.00984	0.01237	0.00802	0.00516	0.00440	0.00143	0.00567	0.02499	0.01632	0.18146
1	0.22246	0.04117	0.01106	0.00943	0.01130	0.08736	0.03838	0.05935	0.01094	0.01703	0.01492	0.21058	0.01586	0.13488	0.00983	0.00237	0.08682	0.00722	0.00363	0.00541
2	0.59428	0.01087	0.05150	0.00776	0.01115	0.01107	0.00667	0.05366	0.01066	0.02288	0.07216	0.01316	0.01058	0.04596	0.00502	0.00179	0.00436	0.00389	0.00357	0.05899
3	0.01534	0.06168	0.01378	0.01205	0.08428	0.01242	0.00880	0.24646	0.18411	0.08239	0.01658	0.06020	0.01316	0.00805	0.03124	0.00184	0.00509	0.00566	0.12910	0.00777
4	0.00685	0.00509	0.00585	0.00629	0.00703	0.00467	0.00416	0.00765	0.01021	0.01299	0.03432	0.31762	0.28484	0.25284	0.01279	0.00296	0.00360	0.01169	0.00447	0.00409
5	0.00849	0.00516	0.00575	0.00583	0.00636	0.00512	0.00377	0.00957	0.00957	0.01446	0.05267	0.07000	0.02022	0.44086	0.01684	0.00349	0.00407	0.03266	0.28107	0.00403
6	0.56177	0.01634	0.27384	0.00988	0.01479	0.01219	0.01062	0.01620	0.00989	0.02165	0.00821	0.00962	0.00615	0.00502	0.00393	0.00167	0.00545	0.00327	0.00296	0.00654
7	0.04553	0.01314	0.01480	0.01185	0.01504	0.01505	0.00975	0.46356	0.06428	0.06432	0.01516	0.01568	0.05802	0.00748	0.00773	0.00178	0.15875	0.00526	0.00476	0.00806
8	0.05677	0.01625	0.01199	0.01083	0.01314	0.36947	0.00828	0.08511	0.01463	0.01677	0.10024	0.05989	0.14728	0.00838	0.00615	0.00163	0.05713	0.00626	0.00384	0.00594
9	0.02046	0.01201	0.01388	0.01096	0.01495	0.01254	0.00895	0.32532	0.16870	0.32665	0.01794	0.01643	0.01221	0.00669	0.00540	0.00167	0.00505	0.00530	0.00589	0.00901
10	0.00661	0.00541	0.00583	0.00581	0.00743	0.00463	0.00432	0.00818	0.01273	0.01587	0.19794	0.08879	0.59134	0.01324	0.00637	0.00181	0.00270	0.01121	0.00517	0.00463
11	0.03630	0.00655	0.00712	0.00668	0.00834	0.00667	0.00507	0.10434	0.01326	0.05024	0.08333	0.14396	0.01949	0.00831	0.00471	0.00151	0.00315	0.00694	0.47843	0.00560
12	0.01074	0.01015	0.01699	0.55539	0.22788	0.01173	0.01471	0.01410	0.01120	0.01475	0.01218	0.01612	0.05024	0.00567	0.00541	0.00174	0.00671	0.00514	0.00260	0.00654
13	0.00904	0.00760	0.01058	0.00981	0.01024	0.00958	0.00760	0.01029	0.00831	0.01215	0.01253	0.02114	0.01268	0.20181	0.36588	0.00580	0.27151	0.00586	0.00279	0.00481
14	0.00674	0.00480	0.00637	0.00755	0.00791	0.00452	0.00514	0.00773	0.01029	0.01370	0.02889	0.72110	0.03442	0.05574	0.00789	0.00235	0.00334	0.06230	0.00490	0.00434
15	0.01517	0.00762	0.00947	0.00847	0.01090	0.00733	0.00684	0.09530	0.01419	0.27578	0.02165	0.12258	0.01879	0.00921	0.00550	0.00176	0.00406	0.13575	0.22290	0.00674
16	0.01317	0.10237	0.18835	0.29020	0.02449	0.08119	0.01363	0.14400	0.01376	0.01776	0.01092	0.05651	0.00894	0.00606	0.00514	0.00166	0.00696	0.00487	0.00304	0.00698
17	0.08714	0.00790	0.02949	0.00978	0.01186	0.00739	0.11841	0.01134	0.01124	0.04114	0.02736	0.29040	0.17474	0.01154	0.00647	0.00194	0.03261	0.05635	0.05758	0.00534
18	0.01329	0.01117	0.01520	0.27774	0.07130	0.05300	0.01181	0.08443	0.01272	0.09049	0.09275	0.01639	0.01266	0.00717	0.00849	0.00185	0.20415	0.00528	0.00348	0.00662
19	0.03395	0.01156	0.01616	0.16702	0.14548	0.05996	0.08971	0.07982	0.01347	0.07186	0.07608	0.01574	0.01211	0.00564	0.00517	0.00151	0.00592	0.00502	0.03453	0.14930
20	0.01238	0.13493	0.32556	0.04651	0.20291	0.01284	0.01504	0.01639	0.01154	0.06467	0.02385	0.01337	0.00903	0.00843	0.07809	0.00224	0.00750	0.00439	0.00277	0.00758

[dist]
# distance from previous block
# <min> <max>
0	1

[block]
# block no. 4 follows, 45 sequences, length 35
# corresponding to MSA columns:
# 152-186
name=unknown_E
#
# <colnr> <probs for GDERKNQSTAVLIFYWHMCP>
#	G	D	E	R	K	N	Q	S	T	A	V	L	I	F	Y	W	H	M	C	P
0	0.21296	0.06194	0.01230	0.03141	0.01309	0.23167	0.00798	0.04904	0.01211	0.06629	0.01140	0.05061	0.01007	0.07042	0.02353	0.00203	0.06667	0.00465	0.05583	0.00602
1	0.00921	0.08266	0.00980	0.00834	0.00972	0.00797	0.00621	0.06769	0.08808	0.01642	0.07258	0.47835	0.02864	0.04232	0.02603	0.00224	0.00404	0.02954	0.00475	0.00541
2	0.05588	0.17817	0.01303	0.00880	0.01092	0.01056	0.00719	0.08210	0.01124	0.03762	0.01578	0.18178	0.01584	0.02173	0.32018	0.00445	0.00855	0.00688	0.00356	0.00574
3	0.56899	0.04577	0.10584	0.00954	0.04836	0.01193	0.00830	0.01611	0.01001	0.04669	0.00850	0.00978	0.00654	0.00494	0.00377	0.00156	0.00479	0.00323	0.00321	0.08213
4	0.01328	0.01773	0.31191	0.12455	0.25328	0.02201	0.03513	0.01755	0.01211	0.11294	0.01134	0.01338	0.00832	0.00524	0.00525	0.00167	0.00691	0.00457	0.01491	0.00791
5	0.19045	0.01360	0.10695	0.01074	0.01475	0.01292	0.00954	0.14131	0.31735	0.10418	0.01583	0.01526	0.01150	0.00633	0.00495	0.00172	0.00498	0.00488	0.00473	0.00803
6	0.01058	0.07547	0.00989	0.00824	0.00988	0.00774	0.00620	0.10651	0.01314	0.07943	0.08659	0.46976	0.04823	0.01278	0.00612	0.00190	0.00374	0.01124	0.02692	0.00565
7	0.04900	0.00777	0.00996	0.00864	0.01006	0.00809	0.05872	0.11045	0.01113	0.05408	0.01600	0.06866	0.01649	0.44794	0.07937	0.00419	0.02363	0.00713	0.00372	0.00497
8	0.01301	0.13635	0.36626	0.01423	0.04405	0.06283	0.08178	0.01707	0.01205	0.08515	0.04305	0.05593	0.01095	0.00612	0.00547	0.00165	0.02860	0.00501	0.00305	0.00737
9	0.01433	0.01455	0.17820	0.19491	0.05478	0.01172	0.12510	0.11229	0.01386	0.15383	0.01356	0.06526	0.01045	0.00626	0.00556	0.00175	0.00669	0.00563	0.00373	0.00754
10	0.20764	0.01118	0.01212	0.00974	0.01353	0.01174	0.00797	0.23115	0.09586	0.28462	0.01727	0.01625	0.04452	0.00659	0.00497	0.00167	0.00474	0.00501	0.00533	0.00811
11	0.01221	0.28349	0.14966	0.01429	0.01863	0.01548	0.21123	0.01529	0.01099	0.01469	0.01056	0.07417	0.00962	0.00700	0.02298	0.00181	0.11323	0.00526	0.00263	0.00678
12	0.00967	0.00648	0.00809	0.00751	0.00928	0.00618	0.00581	0.01332	0.09061	0.09224	0.50756	0.03849	0.11527	0.01071	0.00623	0.00176	0.00307	0.05621	0.00578	0.00573
13	0.01645	0.33708	0.01962	0.01090	0.01470	0.17925	0.00930	0.09562	0.19097	0.05861	0.01229	0.01246	0.00969	0.00572	0.00451	0.00143	0.00617	0.00408	0.00368	0.00747
14	0.01459	0.00951	0.01159	0.01053	0.01318	0.00986	0.00891	0.26403	0.01720	0.12372	0.05496	0.03808	0.02213	0.01076	0.00641	0.00204	0.00511	0.36512	0.00535	0.00691
15	0.00871	0.00477	0.00673	0.00682	0.00709	0.00462	0.00461	0.00713	0.00795	0.01036	0.01693	0.08329	0.11373	0.01783	0.01791	0.66518	0.00428	0.00639	0.00289	0.00278
16	0.00734	0.00519	0.00681	0.00749	0.00832	0.00483	0.00545	0.00892	0.01198	0.02869	0.21539	0.45696	0.09109	0.01472	0.00673	0.00206	0.00320	0.10490	0.00523	0.00470
17	0.01240	0.32865	0.39256	0.01393	0.02024	0.01599	0.11437	0.01667	0.01135	0.01534	0.00896	0.01071	0.00701	0.00483	0.00463	0.00150	0.00724	0.00386	0.00234	0.00744
18	0.07479	0.00587	0.00676	0.00659	0.00722	0.00605	0.00424	0.00965	0.00854	0.05346	0.01662	0.06411	0.01799	0.56679	0.12522	0.00506	0.00622	0.00734	0.00347	0.00403
19	0.01170	0.00942	0.00848	0.00782	0.00927	0.12433	0.00550	0.05108	0.06390	0.05651	0.05246	0.02784	0.08157	0.34022	0.01429	0.00305	0.00512	0.00676	0.11557	0.00510
20	0.01326	0.11795	0.01502	0.01105	0.01358	0.04900	0.04145	0.01897	0.22977	0.09504	0.01549	0.01717	0.02455	0.01445	0.18268	0.00329	0.12121	0.00528	0.00388	0.00692
21	0.01239	0.06276	0.09618	0.05321	0.01476	0.13074	0.00952	0.08832	0.11344	0.01664	0.01544	0.13995	0.01460	0.06055	0.12493	0.00297	0.02707	0.00651	0.00366	0.00633
22	0.06561	0.01857	0.32875	0.26043	0.02497	0.07353	0.01512	0.01778	0.11238	0.01685	0.01099	0.01313	0.00814	0.00550	0.00510	0.00172	0.00709	0.00439	0.00284	0.00712
23	0.00668	0.00492	0.00615	0.00694	0.00759	0.00451	0.00472	0.00779	0.01095	0.01440	0.10500	0.54970	0.16986	0.06453	0.00797	0.00225	0.00312	0.01356	0.00497	0.00439
24	0.01201	0.16592	0.39544	0.01218	0.01746	0.04935	0.01359	0.07856	0.01214	0.01645	0.01184	0.07622	0.01071	0.09692	0.00745	0.00201	0.00676	0.00514	0.00288	0.00696
25	0.00949	0.00739	0.00912	0.00952	0.06976	0.00725	0.00669	0.10995	0.01433	0.01900	0.22874	0.03894	0.26225	0.06005	0.04418	0.00233	0.00431	0.08625	0.00489	0.00558
26	0.11457	0.01080	0.08800	0.00862	0.01290	0.00797	0.00757	0.01415	0.01106	0.06692	0.01272	0.11771	0.01159	0.00610	0.00448	0.00123	0.00432	0.00498	0.00357	0.49072
27	0.01098	0.00824	0.00954	0.00883	0.01079	0.00857	0.00685	0.18305	0.09567	0.02125	0.19885	0.16959	0.09473	0.04996	0.00726	0.00205	0.00403	0.09844	0.00525	0.00609
28	0.01135	0.00835	0.01223	0.16116	0.18785	0.00872	0.00954	0.04051	0.02359	0.05979	0.14937	0.05944	0.01879	0.00715	0.00519	0.00160	0.00454	0.00628	0.21817	0.00637
29	0.01262	0.00677	0.00767	0.00684	0.00898	0.00650	0.00527	0.04778	0.04900	0.14156	0.01864	0.09806	0.01530	0.00724	0.00450	0.00141	0.00325	0.00599	0.47515	0.07745
30	0.08143	0.08850	0.01222	0.01024	0.04696	0.00856	0.07443	0.01101	0.01032	0.01480	0.02065	0.26974	0.08574	0.01714	0.17044	0.02616	0.00655	0.00862	0.00368	0.03280
31	0.01318	0.04581	0.01222	0.01145	0.10583	0.00823	0.04770	0.01577	0.04388	0.20093	0.11173	0.02770	0.12236	0.11534	0.00844	0.00213	0.00451	0.02580	0.07051	0.00649
32	0.06908	0.01258	0.01664	0.05301	0.11342	0.05880	0.12207	0.22785	0.03556	0.07664	0.10635	0.01774	0.01454	0.04402	0.00649	0.00182	0.00603	0.00565	0.00426	0.00743
33	0.07555	0.03449	0.01623	0.01517	0.11757	0.17538	0.08702	0.09520	0.17154	0.08367	0.01446	0.06513	0.01175	0.00654	0.00527	0.00166	0.00632	0.00548	0.00407	0.00751
34	0.09510	0.01272	0.01641	0.01786	0.24474	0.08360	0.07445	0.08498	0.07982	0.08273	0.08898	0.01614	0.01341	0.00594	0.00521	0.00158	0.00578	0.00517	0.00391	0.06147

[dist]
# distance from previous block
# <min> <max>
0	9

[block]
# block no. 5 follows, 45 sequences, length 50
# corresponding to MSA columns:
# 196-245
name=unknown_F
#
# <colnr> <probs for GDERKNQSTAVLIFYWHMCP>
#	G	D	E	R	K	N	Q	S	T	A	V	L	I	F	Y	W	H	M	C	P
0	0.01292	0.09136	0.01396	0.01113	0.06180	0.01063	0.04853	0.19860	0.01642	0.06198	0.29607	0.09485	0.02685	0.00866	0.00568	0.00165	0.00446	0.00749	0.02021	0.00675
1	0.01563	0.13309	0.01537	0.01142	0.04908	0.14070	0.04901	0.06678	0.08989	0.14512	0.11981	0.01801	0.01605	0.00656	0.00501	0.00151	0.00546	0.00530	0.09912	0.00708
2	0.05723	0.07928	0.29661	0.04215	0.18504	0.05765	0.05542	0.04084	0.01230	0.07917	0.01039	0.01221	0.00782	0.00531	0.00549	0.00164	0.03650	0.00430	0.00292	0.00773
3	0.12835	0.01229	0.01863	0.14918	0.34815	0.01312	0.08050	0.11089	0.05257	0.02010	0.01068	0.01323	0.00837	0.00522	0.00516	0.00167	0.00627	0.00474	0.00320	0.00769
4	0.01895	0.07560	0.01466	0.01059	0.01434	0.03604	0.00873	0.35126	0.05807	0.22612	0.05068	0.01648	0.01280	0.02668	0.02828	0.00187	0.00554	0.00518	0.02986	0.00826
5	0.01208	0.05410	0.06481	0.03273	0.07272	0.11109	0.11174	0.01533	0.06403	0.05729	0.06137	0.25227	0.01928	0.00927	0.00627	0.00181	0.03534	0.00821	0.00391	0.00635
6	0.01721	0.01368	0.04068	0.01781	0.23938	0.03838	0.01169	0.33116	0.05649	0.10599	0.06238	0.01554	0.01229	0.00624	0.00540	0.00162	0.00579	0.00518	0.00457	0.00852
7	0.01261	0.40200	0.16428	0.01166	0.01541	0.01751	0.01175	0.01503	0.01012	0.01351	0.00811	0.01064	0.00726	0.00788	0.04863	0.00198	0.22887	0.00373	0.00234	0.00669
8	0.00677	0.00514	0.00616	0.00656	0.00757	0.00461	0.00462	0.00817	0.01194	0.01560	0.20613	0.34680	0.28627	0.04918	0.00746	0.00208	0.00294	0.01236	0.00512	0.00453
9	0.08767	0.01542	0.18349	0.01384	0.05119	0.01237	0.10081	0.14195	0.12574	0.19168	0.01452	0.01465	0.01019	0.00589	0.00527	0.00170	0.00605	0.00496	0.00438	0.00824
10	0.01453	0.16283	0.09258	0.04702	0.29903	0.07204	0.04971	0.01829	0.06123	0.09336	0.01248	0.01400	0.02890	0.00542	0.00501	0.00155	0.00640	0.00464	0.00320	0.00779
11	0.01399	0.00819	0.00957	0.00830	0.01094	0.00816	0.00652	0.04305	0.20074	0.22366	0.16487	0.02726	0.12234	0.00847	0.00549	0.00167	0.00363	0.00708	0.11902	0.00705
12	0.00701	0.00498	0.00622	0.00681	0.00729	0.00470	0.00449	0.00798	0.01052	0.01410	0.14139	0.44243	0.08317	0.21940	0.01199	0.00286	0.00354	0.01224	0.00468	0.00419
13	0.01595	0.01576	0.11456	0.12570	0.14314	0.12925	0.01267	0.14681	0.04636	0.11998	0.03562	0.01427	0.01016	0.00604	0.00580	0.00166	0.04001	0.00477	0.00378	0.00771
14	0.01755	0.01003	0.01132	0.00981	0.03602	0.05939	0.00756	0.12765	0.03162	0.30387	0.04896	0.01793	0.01362	0.00669	0.00547	0.00155	0.03935	0.00523	0.23892	0.00744
15	0.00815	0.00567	0.00712	0.00741	0.00847	0.00547	0.00536	0.01017	0.04677	0.05069	0.12860	0.31965	0.14909	0.09733	0.07219	0.00287	0.00435	0.06094	0.00486	0.00486
16	0.01801	0.30838	0.01984	0.01216	0.01558	0.51433	0.00995	0.01951	0.01367	0.01296	0.00800	0.00930	0.00691	0.00519	0.00434	0.00130	0.00827	0.00325	0.00260	0.00646
17	0.06049	0.04281	0.06073	0.06057	0.23696	0.22175	0.01207	0.02010	0.04521	0.17052	0.01206	0.01315	0.00901	0.00552	0.00503	0.00157	0.00681	0.00439	0.00359	0.00765
18	0.01018	0.00935	0.01233	0.01108	0.01143	0.03603	0.00877	0.01134	0.00847	0.01233	0.01089	0.01855	0.01108	0.16787	0.22495	0.00453	0.41752	0.00552	0.00267	0.00510
19	0.00677	0.00480	0.00630	0.00742	0.00774	0.00453	0.00498	0.00768	0.01012	0.01348	0.02824	0.69438	0.03366	0.09767	0.00896	0.00250	0.00341	0.04827	0.00480	0.00427
20	0.01191	0.00899	0.01226	0.03233	0.12049	0.05338	0.04900	0.01426	0.04482	0.13156	0.02142	0.39504	0.02231	0.01120	0.00667	0.00193	0.04177	0.00996	0.00449	0.00623
21	0.05504	0.00954	0.03316	0.00963	0.01174	0.01016	0.00764	0.13292	0.20012	0.01998	0.01960	0.24104	0.01879	0.01291	0.08234	0.00253	0.05250	0.00806	0.06580	0.00650
22	0.01429	0.01511	0.01618	0.39507	0.09305	0.26246	0.01309	0.01691	0.01234	0.04602	0.00952	0.01273	0.00745	0.00568	0.00598	0.00167	0.05896	0.00437	0.00271	0.00640
23	0.01316	0.01235	0.01759	0.01419	0.01790	0.01341	0.21794	0.02536	0.55715	0.02099	0.01878	0.01848	0.01408	0.00651	0.00571	0.00182	0.00559	0.00614	0.00469	0.00815
24	0.00776	0.00537	0.00667	0.00665	0.00698	0.00560	0.00428	0.00841	0.00843	0.01156	0.05741	0.03162	0.01957	0.56024	0.23157	0.00593	0.00753	0.00736	0.00330	0.00377
25	0.00759	0.00543	0.00740	0.00847	0.00929	0.00524	0.00662	0.00937	0.01170	0.01555	0.10501	0.39699	0.03499	0.01534	0.00705	0.00226	0.00387	0.33807	0.00506	0.00469
26	0.01034	0.00609	0.00805	0.00722	0.00897	0.00554	0.00554	0.01280	0.01522	0.14805	0.64954	0.03646	0.04443	0.01025	0.00618	0.00168	0.00287	0.00899	0.00603	0.00574
27	0.76607	0.01008	0.00803	0.00712	0.01040	0.01151	0.00585	0.01625	0.00959	0.06797	0.00869	0.00975	0.00658	0.00513	0.00346	0.00164	0.00411	0.00314	0.03866	0.00597
28	0.01353	0.02540	0.47856	0.01521	0.02105	0.22990	0.05678	0.01799	0.01229	0.01567	0.00916	0.01107	0.00692	0.00547	0.00590	0.00166	0.05974	0.00400	0.00244	0.00728
29	0.08308	0.01277	0.01533	0.30672	0.10886	0.10990	0.01199	0.14548	0.01395	0.06354	0.01077	0.01364	0.00828	0.01959	0.03292	0.00197	0.02636	0.00458	0.00334	0.00692
30	0.00648	0.00524	0.00576	0.00606	0.00744	0.00452	0.00438	0.00780	0.01191	0.01474	0.09433	0.25193	0.53210	0.01428	0.00648	0.00190	0.00281	0.01227	0.00504	0.00452
31	0.09324	0.01209	0.01249	0.01083	0.01413	0.01386	0.00857	0.16655	0.55544	0.02477	0.01879	0.01761	0.01401	0.00691	0.00524	0.00177	0.00455	0.00554	0.00524	0.00836
32	0.00921	0.00642	0.00755	0.00706	0.00903	0.00568	0.00529	0.04512	0.01296	0.08101	0.14891	0.22800	0.30581	0.01211	0.00611	0.00176	0.00322	0.01044	0.00510	0.08922
33	0.02174	0.00897	0.01193	0.00931	0.01311	0.00797	0.00762	0.06221	0.01579	0.64475	0.10058	0.02107	0.03512	0.00725	0.00552	0.00166	0.00438	0.00596	0.00646	0.00860
34	0.01435	0.81458	0.02813	0.00918	0.01378	0.02124	0.00918	0.01607	0.01091	0.01263	0.00746	0.00861	0.00689	0.00459	0.00344	0.00115	0.00574	0.00287	0.00230	0.00689
35	0.00649	0.00518	0.00578	0.00617	0.00742	0.00451	0.00439	0.00772	0.01158	0.01439	0.07193	0.30214	0.48320	0.03520	0.00705	0.00202	0.00291	0.01248	0.00497	0.00446
36	0.00814	0.00513	0.00606	0.00616	0.00694	0.00496	0.00422	0.00974	0.01135	0.01691	0.23739	0.17047	0.02970	0.21170	0.01097	0.00254	0.00330	0.00889	0.24097	0.00447
37	0.00743	0.00513	0.00590	0.00633	0.00734	0.00474	0.00451	0.00887	0.01119	0.01541	0.07386	0.28564	0.24841	0.08367	0.00791	0.00215	0.00312	0.04708	0.16680	0.00450
38	0.01819	0.00844	0.01053	0.00851	0.01163	0.00793	0.00687	0.11123	0.01568	0.41441	0.13080	0.02121	0.01840	0.00718	0.00518	0.00157	0.00399	0.00588	0.18472	0.00765
39	0.01076	0.00683	0.00856	0.00767	0.00962	0.00657	0.00590	0.01487	0.11544	0.13408	0.53615	0.03462	0.06746	0.00994	0.00608	0.00171	0.00307	0.00864	0.00592	0.00611
40	0.01144	0.00818	0.00916	0.00814	0.01057	0.00824	0.00633	0.09152	0.18790	0.09710	0.19197	0.05260	0.27474	0.01024	0.00596	0.00176	0.00355	0.00861	0.00550	0.00648
41	0.00677	0.00521	0.00619	0.00646	0.00764	0.00463	0.00465	0.00833	0.01246	0.01626	0.25321	0.28812	0.33304	0.01386	0.00650	0.00189	0.00279	0.01211	0.00525	0.00463
42	0.01312	0.21348	0.08788	0.03214	0.04986	0.12901	0.00970	0.07288	0.01293	0.01672	0.08795	0.01646	0.01343	0.01024	0.09786	0.00230	0.02148	0.01671	0.08940	0.00644
43	0.00955	0.00782	0.01037	0.00947	0.00992	0.00962	0.00715	0.04280	0.00892	0.01278	0.01296	0.02301	0.01350	0.31447	0.23250	0.00509	0.25620	0.00614	0.00296	0.00475
44	0.10474	0.00870	0.00994	0.00886	0.01131	0.00895	0.00684	0.16081	0.06325	0.17598	0.04080	0.28696	0.02048	0.01004	0.00559	0.00182	0.00409	0.00852	0.05559	0.00674
45	0.00890	0.00666	0.00955	0.00869	0.01048	0.00617	0.08124	0.01117	0.03221	0.06419	0.19037	0.18438	0.21530	0.06499	0.00784	0.00213	0.00393	0.08161	0.00495	0.00523
46	0.01515	0.06529	0.01942	0.09120	0.28423	0.07699	0.05346	0.12080	0.01373	0.07448	0.01053	0.01294	0.00836	0.00592	0.00703	0.00170	0.12318	0.00467	0.00325	0.00766
47	0.01379	0.01185	0.05437	0.01259	0.05859	0.01156	0.09316	0.29302	0.01674	0.03221	0.02100	0.08092	0.14191	0.00818	0.00609	0.00171	0.03865	0.00687	0.08970	0.00711
48	0.32263	0.03254	0.10136	0.01258	0.11264	0.01237	0.00972	0.16725	0.01343	0.06400	0.01148	0.04965	0.00955	0.05229	0.00586	0.00186	0.00531	0.00466	0.00376	0.00707
49	0.10133	0.04675	0.01835	0.10170	0.45244	0.01239	0.01337	0.01799	0.05407	0.11344	0.01169	0.01371	0.00905	0.00523	0.00505	0.00162	0.00585	0.00465	0.00334	0.00798

[dist]
# distance from previous block
# <min> <max>
5	16

[block]
# block no. 6 follows, 45 sequences, length 31
# corresponding to MSA columns:
# 262-292
name=unknown_G
#
# <colnr> <probs for GDERKNQSTAVLIFYWHMCP>
#	G	D	E	R	K	N	Q	S	T	A	V	L	I	F	Y	W	H	M	C	P
0	0.11384	0.01419	0.09486	0.04891	0.27569	0.04622	0.07656	0.10288	0.01338	0.01995	0.03902	0.01324	0.00947	0.00521	0.00501	0.00154	0.00619	0.00455	0.00320	0.10610
1	0.00780	0.00596	0.00854	0.08944	0.01159	0.00666	0.00683	0.00939	0.00959	0.01339	0.01997	0.34230	0.02175	0.05756	0.27623	0.00444	0.05054	0.00954	0.04373	0.00474
2	0.14227	0.00856	0.01064	0.06438	0.10557	0.00866	0.00777	0.04495	0.05413	0.01944	0.18767	0.14672	0.05132	0.00860	0.00535	0.00165	0.00410	0.00738	0.00428	0.11656
3	0.01617	0.01997	0.07232	0.01321	0.01555	0.43814	0.01083	0.04235	0.01295	0.01418	0.00905	0.01197	0.00787	0.03203	0.03963	0.00204	0.20071	0.00411	0.03075	0.00618
4	0.00677	0.00485	0.00646	0.00744	0.00793	0.00453	0.00512	0.00801	0.01111	0.01499	0.14514	0.66383	0.03770	0.01584	0.00679	0.00211	0.00309	0.03867	0.00513	0.00449
5	0.01559	0.01197	0.01573	0.04890	0.12372	0.06526	0.07836	0.19649	0.01499	0.13436	0.01351	0.01706	0.01090	0.09510	0.10525	0.00290	0.03328	0.00537	0.00399	0.00727
6	0.01014	0.00954	0.01610	0.79845	0.03697	0.01193	0.01491	0.01371	0.01073	0.01371	0.00954	0.01431	0.00716	0.00537	0.00537	0.00179	0.00716	0.00477	0.00239	0.00596
7	0.00752	0.00492	0.00659	0.00715	0.00740	0.00490	0.00473	0.00771	0.00886	0.01192	0.02080	0.37724	0.02395	0.20326	0.10959	0.17035	0.00527	0.01029	0.00380	0.00376
8	0.00764	0.00570	0.00753	0.00777	0.00880	0.00585	0.00586	0.00982	0.03802	0.01501	0.14797	0.16499	0.11658	0.08169	0.26419	0.00441	0.00706	0.09201	0.00433	0.00477
9	0.01307	0.20310	0.17660	0.22894	0.02371	0.12505	0.07749	0.01723	0.05778	0.01488	0.00976	0.01208	0.00763	0.00520	0.00488	0.00157	0.00733	0.00419	0.00261	0.00688
10	0.01277	0.01094	0.01163	0.01063	0.01343	0.01258	0.00819	0.02671	0.70298	0.02170	0.02251	0.08779	0.01803	0.00810	0.00558	0.00185	0.00415	0.00686	0.00542	0.00814
11	0.00683	0.00539	0.00615	0.00611	0.00758	0.00471	0.00453	0.00858	0.01315	0.01703	0.31875	0.11723	0.43903	0.01292	0.00639	0.00180	0.00269	0.01109	0.00533	0.00471
12	0.04127	0.01015	0.04936	0.01423	0.18460	0.00965	0.00941	0.13306	0.04641	0.03555	0.10372	0.09605	0.06515	0.02475	0.00599	0.00179	0.00466	0.05962	0.09786	0.00673
13	0.02015	0.02062	0.06907	0.01279	0.01624	0.47723	0.01045	0.05009	0.01511	0.21175	0.01183	0.01220	0.00863	0.00596	0.00547	0.00152	0.03579	0.00409	0.00381	0.00719
14	0.01507	0.01541	0.02674	0.01951	0.02448	0.07000	0.52420	0.19670	0.01588	0.02092	0.01117	0.01375	0.00829	0.00506	0.00599	0.00173	0.00834	0.00577	0.00336	0.00762
15	0.01264	0.18340	0.06816	0.02125	0.37842	0.01339	0.04469	0.01556	0.01150	0.01607	0.00977	0.01249	0.00832	0.00719	0.06107	0.00191	0.00670	0.00424	0.00264	0.12059
16	0.01653	0.01179	0.01859	0.01443	0.04560	0.01128	0.23512	0.17980	0.01602	0.21675	0.04580	0.01844	0.06635	0.00635	0.00566	0.00164	0.00602	0.00595	0.00462	0.07324
17	0.00759	0.00537	0.00651	0.00650	0.00699	0.00547	0.00424	0.00831	0.00885	0.01187	0.05400	0.03402	0.10983	0.49951	0.20337	0.00545	0.00695	0.00783	0.00349	0.00385
18	0.01250	0.01137	0.01953	0.08210	0.51529	0.01136	0.07463	0.01562	0.01256	0.04643	0.10257	0.04535	0.01456	0.00604	0.00558	0.00166	0.00601	0.00590	0.00326	0.00768
19	0.01366	0.01160	0.01634	0.02144	0.39626	0.07927	0.01208	0.01664	0.03902	0.10331	0.01277	0.01601	0.01056	0.02555	0.19806	0.00337	0.00833	0.00506	0.00329	0.00739
20	0.00830	0.00656	0.00877	0.00835	0.00922	0.00725	0.00645	0.01011	0.01164	0.01634	0.31871	0.04988	0.07544	0.10976	0.13392	0.00338	0.13544	0.07122	0.00438	0.00488
21	0.01052	0.00815	0.04608	0.00851	0.01002	0.00790	0.00666	0.09835	0.03647	0.04912	0.01768	0.10539	0.01773	0.27307	0.14122	0.00404	0.03651	0.05186	0.06543	0.00529
22	0.26152	0.06939	0.05080	0.01468	0.19530	0.01189	0.01000	0.06099	0.01253	0.18544	0.01163	0.01241	0.00855	0.00528	0.00451	0.00154	0.00515	0.00407	0.00387	0.07046
23	0.05834	0.07714	0.18015	0.01400	0.10653	0.05294	0.01193	0.15498	0.04474	0.05345	0.01431	0.02022	0.01221	0.00702	0.00525	0.00171	0.00602	0.11879	0.05290	0.00738
24	0.10650	0.04623	0.01123	0.00912	0.01143	0.00848	0.07375	0.04429	0.04240	0.08595	0.10830	0.19824	0.02108	0.01199	0.07723	0.00235	0.00509	0.00777	0.10568	0.02288
25	0.04244	0.07076	0.08069	0.01594	0.13897	0.02806	0.12884	0.16908	0.03120	0.08659	0.07756	0.01709	0.04589	0.00620	0.00535	0.00161	0.00601	0.00547	0.00398	0.03827
26	0.11410	0.01290	0.01385	0.04252	0.13906	0.13007	0.02196	0.10182	0.09835	0.14165	0.03935	0.01649	0.01198	0.06853	0.00677	0.00189	0.00582	0.00504	0.02054	0.00730
27	0.08031	0.01031	0.05292	0.01407	0.17344	0.04308	0.00930	0.04641	0.01198	0.12837	0.04087	0.14620	0.01618	0.07099	0.12855	0.00305	0.00664	0.00685	0.00395	0.00654
28	0.05105	0.01350	0.04215	0.07463	0.23116	0.10333	0.07397	0.08075	0.03591	0.05299	0.01146	0.01419	0.00919	0.04052	0.00600	0.00167	0.00630	0.00468	0.04332	0.10323
29	0.06145	0.01375	0.01604	0.01539	0.14875	0.06096	0.03993	0.35499	0.07248	0.06803	0.01287	0.01361	0.00955	0.00588	0.00513	0.00157	0.00582	0.00474	0.03799	0.05107
30	0.17651	0.01228	0.03671	0.01360	0.12900	0.06670	0.03998	0.09779	0.08596	0.17553	0.04433	0.01531	0.01166	0.00602	0.00490	0.00162	0.00529	0.00483	0.06443	0.00756

[dist]
# distance from previous block
# <min> <max>
0	60

[block]
# block no. 7 follows, 45 sequences, length 20
# corresponding to MSA columns:
# 358-377
name=unknown_H
#
# <colnr> <probs for GDERKNQSTAVLIFYWHMCP>
#	G	D	E	R	K	N	Q	S	T	A	V	L	I	F	Y	W	H	M	C	P
0	0.01058	0.00796	0.01049	0.00970	0.01132	0.02715	0.06443	0.12127	0.01331	0.05610	0.06720	0.48137	0.02717	0.01271	0.00664	0.00197	0.02572	0.01135	0.02787	0.00567
1	0.00952	0.00572	0.00751	0.00788	0.00893	0.00534	0.00558	0.03760	0.01190	0.11986	0.08546	0.61180	0.03268	0.01460	0.00656	0.00205	0.00337	0.01311	0.00530	0.00524
2	0.01196	0.01143	0.05017	0.00885	0.01336	0.05346	0.00742	0.06197	0.01260	0.01858	0.06887	0.01341	0.01121	0.00482	0.00435	0.00100	0.00452	0.00385	0.00346	0.63471
3	0.01223	0.01662	0.28681	0.01166	0.04093	0.03410	0.01171	0.01595	0.01165	0.06872	0.01034	0.01171	0.00789	0.00463	0.00454	0.00122	0.00568	0.00367	0.00306	0.43690
4	0.01851	0.01400	0.01507	0.01170	0.01588	0.01521	0.00957	0.58624	0.11983	0.03063	0.01369	0.01362	0.00994	0.00629	0.00523	0.00155	0.00549	0.00482	0.00515	0.09756
5	0.06714	0.01481	0.01563	0.01385	0.08808	0.06796	0.01030	0.51379	0.08354	0.02890	0.01264	0.01301	0.00929	0.00614	0.00518	0.00159	0.00591	0.00468	0.00476	0.03281
6	0.00789	0.00542	0.00674	0.00727	0.00768	0.00538	0.00509	0.00875	0.00949	0.01253	0.02202	0.14566	0.02503	0.46872	0.01868	0.00399	0.00485	0.22695	0.00399	0.00390
7	0.01607	0.23016	0.01759	0.01055	0.01414	0.06470	0.00898	0.34942	0.01838	0.02391	0.15798	0.01675	0.01634	0.00683	0.00529	0.00150	0.02436	0.00515	0.00441	0.00748
8	0.00690	0.00498	0.00659	0.00768	0.00827	0.00468	0.00548	0.00817	0.01095	0.01450	0.06829	0.61317	0.07869	0.01604	0.00688	0.00218	0.00334	0.12370	0.00502	0.00449
9	0.01589	0.60106	0.02463	0.01044	0.01454	0.22923	0.00951	0.01752	0.01207	0.01277	0.00769	0.00890	0.00690	0.00485	0.00382	0.00121	0.00681	0.00303	0.00242	0.00671
10	0.01248	0.05392	0.48569	0.01464	0.02092	0.07023	0.07018	0.04266	0.14298	0.01803	0.01175	0.01289	0.00864	0.00549	0.00518	0.00168	0.00736	0.00445	0.00299	0.00785
11	0.00932	0.00466	0.00699	0.00699	0.00699	0.00466	0.00466	0.00699	0.00699	0.00932	0.00932	0.01632	0.00932	0.01865	0.02098	0.84382	0.00466	0.00466	0.00233	0.00233
12	0.01329	0.01275	0.02179	0.03295	0.77787	0.01275	0.01647	0.01647	0.01222	0.01754	0.01010	0.01329	0.00850	0.00478	0.00531	0.00159	0.00638	0.00478	0.00266	0.00850
13	0.01053	0.00957	0.01593	0.29620	0.29151	0.01069	0.01307	0.01349	0.01065	0.01470	0.01115	0.01593	0.00946	0.01536	0.23483	0.00372	0.00899	0.00506	0.00262	0.00652
14	0.01066	0.00921	0.01260	0.01544	0.23468	0.00948	0.00923	0.01664	0.21674	0.01972	0.25946	0.05204	0.09456	0.00859	0.00582	0.00172	0.00415	0.00761	0.00472	0.00692
15	0.00771	0.00559	0.00780	0.00780	0.00847	0.00626	0.00567	0.00905	0.00838	0.01185	0.01514	0.02530	0.01525	0.27156	0.56128	0.00760	0.01163	0.00637	0.00299	0.00433
16	0.02041	0.01504	0.01611	0.01235	0.01665	0.01665	0.01020	0.75997	0.02524	0.03383	0.01289	0.01289	0.00913	0.00644	0.00537	0.00161	0.00591	0.00483	0.00537	0.00913
17	0.02005	0.02558	0.01521	0.01383	0.01659	0.78980	0.01037	0.02143	0.01521	0.01314	0.00830	0.00968	0.00691	0.00553	0.00484	0.00138	0.00968	0.00346	0.00277	0.00622
18	0.01189	0.01458	0.23588	0.01061	0.01462	0.01088	0.01055	0.04366	0.31382	0.02054	0.01679	0.01726	0.01263	0.00633	0.00488	0.00162	0.00489	0.00512	0.23606	0.00738
19	0.01324	0.01289	0.02255	0.03215	0.71990	0.01282	0.07383	0.01653	0.01226	0.01751	0.01016	0.01338	0.00848	0.00476	0.00539	0.00161	0.00658	0.00490	0.00266	0.00841

[dist]
# distance from previous block
# <min> <max>
0	1

[block]
# block no. 8 follows, 45 sequences, length 16
# corresponding to MSA columns:
# 379-394
name=unknown_I
#
# <colnr> <probs for GDERKNQSTAVLIFYWHMCP>
#	G	D	E	R	K	N	Q	S	T	A	V	L	I	F	Y	W	H	M	C	P
0	0.01435	0.81458	0.02813	0.00918	0.01378	0.02124	0.00918	0.01607	0.01091	0.01263	0.00746	0.00861	0.00689	0.00459	0.00344	0.00115	0.00574	0.00287	0.00230	0.00689
1	0.00654	0.00467	0.00623	0.00747	0.00779	0.00436	0.00498	0.00747	0.01028	0.01370	0.02959	0.80785	0.03550	0.01682	0.00685	0.00218	0.00311	0.01526	0.00498	0.00436
2	0.00929	0.00967	0.08836	0.07262	0.09908	0.03374	0.00930	0.03584	0.01074	0.01462	0.01803	0.24395	0.03290	0.05308	0.23945	0.00402	0.00801	0.00819	0.00349	0.00561
3	0.33796	0.01544	0.01409	0.01625	0.22014	0.22885	0.01020	0.04148	0.03771	0.01952	0.00907	0.01073	0.00731	0.00520	0.00442	0.00157	0.00635	0.00373	0.00312	0.00685
4	0.06779	0.01574	0.15678	0.01144	0.03200	0.18854	0.02586	0.01726	0.07752	0.07103	0.22721	0.02172	0.05004	0.00744	0.00540	0.00163	0.00582	0.00602	0.00417	0.00660
5	0.02026	0.00829	0.01123	0.00890	0.01239	0.00724	0.00724	0.02245	0.01532	0.60550	0.19582	0.02333	0.02194	0.00765	0.00561	0.00167	0.00410	0.00640	0.00647	0.00819
6	0.00847	0.00605	0.00845	0.00968	0.01084	0.00603	0.00834	0.01082	0.01218	0.01587	0.02852	0.12292	0.03128	0.01499	0.00737	0.00245	0.00479	0.68110	0.00495	0.00489
7	0.01149	0.01007	0.01289	0.01207	0.13894	0.00808	0.00803	0.01400	0.01131	0.01750	0.00963	0.01149	0.00804	0.00411	0.00420	0.00093	0.00437	0.00344	0.00309	0.70631
8	0.01016	0.00696	0.00973	0.00907	0.00936	0.00826	0.00675	0.01028	0.07008	0.01139	0.01002	0.01573	0.00953	0.01638	0.04996	0.54054	0.19458	0.00483	0.00262	0.00378
9	0.00720	0.00495	0.00603	0.00662	0.00677	0.00480	0.00407	0.00765	0.00898	0.01197	0.02293	0.40220	0.02711	0.43392	0.01760	0.00377	0.00421	0.01135	0.00407	0.00378
10	0.00910	0.00479	0.00712	0.00709	0.00724	0.00483	0.00483	0.00738	0.00764	0.01034	0.06015	0.01821	0.01233	0.01961	0.07232	0.73149	0.00518	0.00507	0.00260	0.00268
11	0.01364	0.09708	0.26719	0.02033	0.23591	0.07753	0.11499	0.07850	0.01319	0.01783	0.00988	0.01204	0.00767	0.00503	0.00517	0.00160	0.00740	0.00444	0.00274	0.00786
12	0.01591	0.01657	0.01460	0.03031	0.03440	0.29485	0.01021	0.05202	0.20656	0.04753	0.01328	0.01441	0.02676	0.00711	0.00805	0.00176	0.19024	0.00478	0.00366	0.00698
13	0.00780	0.00575	0.00760	0.00763	0.00807	0.00629	0.00534	0.00881	0.00900	0.01251	0.06612	0.16331	0.02149	0.32303	0.26400	0.00535	0.06177	0.00836	0.00354	0.00423
14	0.01435	0.81458	0.02813	0.00918	0.01378	0.02124	0.00918	0.01607	0.01091	0.01263	0.00746	0.00861	0.00689	0.00459	0.00344	0.00115	0.00574	0.00287	0.00230	0.00689
15	0.01529	0.04376	0.04016	0.01118	0.06183	0.03596	0.02691	0.09202	0.03348	0.18466	0.01314	0.01449	0.01003	0.04059	0.02894	0.00165	0.00534	0.00438	0.00408	0.33211

[dist]
# distance from previous block
# <min> <max>
0	1

[block]
# block no. 9 follows, 45 sequences, length 48
# corresponding to MSA columns:
# 396-413,415-444
name=unknown_J
#
# <colnr> <probs for GDERKNQSTAVLIFYWHMCP>
#	G	D	E	R	K	N	Q	S	T	A	V	L	I	F	Y	W	H	M	C	P
0	0.69821	0.01215	0.00931	0.00831	0.01133	0.09804	0.00674	0.01620	0.00974	0.02208	0.00753	0.00904	0.00602	0.00536	0.00451	0.00168	0.06161	0.00309	0.00319	0.00586
1	0.00826	0.00525	0.00696	0.00696	0.00736	0.00556	0.00473	0.00854	0.00814	0.01152	0.01442	0.02523	0.01482	0.32355	0.27320	0.19508	0.00788	0.00623	0.06266	0.00367
2	0.01868	0.01382	0.01436	0.01130	0.01507	0.03955	0.00923	0.60611	0.04642	0.03083	0.01369	0.01403	0.00995	0.00641	0.00512	0.00156	0.00549	0.00485	0.12509	0.00842
3	0.00716	0.00493	0.00604	0.00668	0.00683	0.00478	0.00413	0.00764	0.00906	0.01208	0.02335	0.42737	0.02763	0.40804	0.01693	0.00367	0.00414	0.01159	0.00413	0.00381
4	0.00791	0.00555	0.00815	0.00815	0.00889	0.00629	0.00611	0.00906	0.00833	0.01184	0.01390	0.02169	0.01340	0.10668	0.61436	0.12456	0.01220	0.00578	0.00283	0.00431
5	0.00759	0.00552	0.00778	0.00790	0.00859	0.00614	0.00578	0.00898	0.00861	0.01213	0.01645	0.10242	0.01696	0.20763	0.54432	0.00723	0.01124	0.00715	0.00317	0.00441
6	0.00865	0.00618	0.00865	0.00989	0.01112	0.00618	0.00865	0.01112	0.01236	0.01606	0.02842	0.06055	0.03089	0.01483	0.00741	0.00247	0.00494	0.74174	0.00494	0.00494
7	0.01248	0.01307	0.07462	0.07467	0.62048	0.01209	0.01573	0.01585	0.01230	0.01758	0.06966	0.01530	0.01159	0.00532	0.00538	0.00162	0.00623	0.00511	0.00287	0.00804
8	0.00767	0.00575	0.00863	0.00863	0.00959	0.00671	0.00671	0.00959	0.00863	0.01246	0.01438	0.02109	0.01342	0.04026	0.79008	0.00863	0.01438	0.00575	0.00288	0.00479
9	0.01543	0.29025	0.11712	0.01317	0.01740	0.30275	0.09936	0.01789	0.01273	0.01396	0.00952	0.04899	0.00843	0.00559	0.00468	0.00143	0.00774	0.00424	0.00265	0.00669
10	0.01329	0.01275	0.02179	0.03295	0.77787	0.01275	0.01647	0.01647	0.01222	0.01754	0.01010	0.01329	0.00850	0.00478	0.00531	0.00159	0.00638	0.00478	0.00266	0.00850
11	0.00653	0.00473	0.00617	0.00733	0.00775	0.00437	0.00492	0.00749	0.01042	0.01376	0.03135	0.75394	0.08827	0.01659	0.00682	0.00215	0.00309	0.01498	0.00498	0.00437
12	0.01124	0.09209	0.58865	0.01475	0.05793	0.01259	0.01713	0.01647	0.01132	0.01671	0.00946	0.01117	0.00703	0.00491	0.00483	0.00154	0.00719	0.00382	0.00240	0.10877
13	0.23490	0.60214	0.02278	0.00862	0.01288	0.01881	0.00829	0.01600	0.01044	0.01566	0.00747	0.00864	0.00660	0.00470	0.00341	0.00128	0.00532	0.00288	0.00257	0.00660
14	0.01077	0.02777	0.78354	0.01530	0.02323	0.01247	0.01983	0.01700	0.01133	0.01700	0.00963	0.01133	0.00680	0.00510	0.00510	0.00170	0.00793	0.00397	0.00227	0.00793
15	0.00959	0.00496	0.00515	0.00530	0.00644	0.00493	0.00390	0.01190	0.01114	0.01925	0.01897	0.11507	0.01638	0.00753	0.00413	0.00136	0.00258	0.00624	0.74026	0.00493
16	0.01321	0.10974	0.02304	0.01901	0.15629	0.01428	0.28800	0.02066	0.26103	0.01844	0.01393	0.01538	0.01077	0.00549	0.00552	0.00169	0.00659	0.00555	0.00356	0.00784
17	0.01085	0.00796	0.00893	0.00775	0.01007	0.00785	0.00607	0.19668	0.01662	0.04578	0.29779	0.03686	0.30441	0.01067	0.00607	0.00171	0.00351	0.00895	0.00546	0.00601
18	0.01806	0.07770	0.14680	0.01152	0.01637	0.01326	0.01082	0.29161	0.07132	0.21155	0.01436	0.01400	0.01002	0.00601	0.00509	0.00156	0.00566	0.00465	0.00477	0.06485
19	0.00754	0.00528	0.00611	0.00611	0.00654	0.00518	0.00381	0.00809	0.00914	0.01210	0.08152	0.05969	0.12921	0.55739	0.07648	0.00460	0.00524	0.00853	0.00373	0.00372
20	0.00822	0.00630	0.00836	0.10271	0.01173	0.00653	0.00634	0.01129	0.07688	0.01738	0.34894	0.18346	0.03424	0.11945	0.03222	0.00248	0.00406	0.00951	0.00482	0.00508
21	0.01805	0.01048	0.01228	0.01032	0.01385	0.01096	0.00823	0.02749	0.43858	0.35481	0.02155	0.01926	0.01503	0.00700	0.00543	0.00175	0.00439	0.00578	0.00598	0.00878
22	0.01711	0.01185	0.01259	0.01002	0.01335	0.01295	0.00816	0.52291	0.02080	0.02945	0.01435	0.01515	0.01060	0.00638	0.00486	0.00150	0.00483	0.00489	0.27044	0.00782
