[name]
unknown

[dist]
# distance from previous block
# <min> <max>
0	65

[block]
# block no. 0 follows, 46 sequences, length 36
# corresponding to MSA columns:
# 68-103
name=unknown_A
#
# <colnr> <probs for GDERKNQSTAVLIFYWHMCP>
#	G	D	E	R	K	N	Q	S	T	A	V	L	I	F	Y	W	H	M	C	P
0	0.09987	0.01437	0.12146	0.01249	0.08379	0.09746	0.01018	0.15912	0.01484	0.09625	0.07824	0.01819	0.04608	0.00662	0.00507	0.00156	0.00561	0.03931	0.00406	0.08542
1	0.11955	0.20509	0.42153	0.01231	0.01836	0.01470	0.01424	0.10536	0.01242	0.01862	0.00911	0.01040	0.00687	0.00505	0.00446	0.00153	0.00661	0.00363	0.00274	0.00745
2	0.00727	0.00545	0.00689	0.00759	0.00876	0.00508	0.00600	0.00903	0.01195	0.01541	0.11671	0.23440	0.24595	0.01432	0.00676	0.00210	0.00356	0.28316	0.00499	0.00463
3	0.00706	0.00596	0.00619	0.00603	0.00788	0.00538	0.00455	0.00988	0.08830	0.01576	0.12333	0.04662	0.62939	0.01251	0.00616	0.00177	0.00281	0.01048	0.00505	0.00491
4	0.00762	0.00544	0.00694	0.00715	0.00786	0.00549	0.00518	0.00889	0.01001	0.01348	0.11878	0.06837	0.08389	0.32394	0.16824	0.00449	0.00624	0.13988	0.00396	0.00417
5	0.01096	0.00940	0.01096	0.00783	0.01253	0.00705	0.00626	0.01331	0.01096	0.01723	0.00940	0.01096	0.00783	0.00392	0.00392	0.00078	0.00392	0.00313	0.00313	0.84653
6	0.01096	0.00940	0.01096	0.00783	0.01253	0.00705	0.00626	0.01331	0.01096	0.01723	0.00940	0.01096	0.00783	0.00392	0.00392	0.00078	0.00392	0.00313	0.00313	0.84653
7	0.01646	0.01476	0.01315	0.01217	0.07370	0.26690	0.00866	0.08666	0.02874	0.13803	0.01282	0.04731	0.01072	0.07376	0.00672	0.00168	0.00629	0.00477	0.00382	0.17289
8	0.01512	0.22295	0.11521	0.01087	0.01482	0.08483	0.01006	0.22422	0.01488	0.06026	0.01134	0.01363	0.00925	0.05015	0.11739	0.00262	0.00744	0.00433	0.00350	0.00712
9	0.00705	0.00537	0.00660	0.00716	0.00837	0.00491	0.00554	0.00873	0.01199	0.01540	0.13662	0.23888	0.30388	0.01415	0.00664	0.00203	0.00332	0.20374	0.00502	0.00460
10	0.01127	0.01071	0.01819	0.48174	0.34610	0.01208	0.01532	0.01464	0.01118	0.01507	0.00962	0.01367	0.00760	0.00505	0.00526	0.00168	0.00673	0.00470	0.00246	0.00691
11	0.21149	0.01254	0.05368	0.01022	0.01396	0.01292	0.00867	0.25591	0.20793	0.10014	0.04990	0.01519	0.01221	0.00638	0.00487	0.00166	0.00483	0.00486	0.00482	0.00782
12	0.00762	0.00589	0.00701	0.00664	0.00818	0.00553	0.00501	0.01084	0.07772	0.01938	0.51568	0.04096	0.24743	0.01121	0.00617	0.00171	0.00269	0.00970	0.00553	0.00513
13	0.00631	0.00536	0.00544	0.00542	0.00718	0.00449	0.00406	0.00770	0.01219	0.01460	0.08725	0.05035	0.74519	0.01327	0.00625	0.00178	0.00267	0.01108	0.00495	0.00449
14	0.01338	0.64966	0.18886	0.01032	0.01555	0.01908	0.01127	0.01602	0.01083	0.01335	0.00780	0.00905	0.00677	0.00463	0.00374	0.00125	0.00611	0.00306	0.00226	0.00700
15	0.01308	0.01256	0.02146	0.03245	0.78123	0.01256	0.01622	0.01622	0.01204	0.01727	0.00994	0.01308	0.00837	0.00471	0.00523	0.00157	0.00628	0.00471	0.00262	0.00837
16	0.01315	0.01136	0.01195	0.01076	0.01375	0.01315	0.00837	0.02809	0.77168	0.02211	0.02152	0.01972	0.01614	0.00717	0.00538	0.00179	0.00418	0.00598	0.00538	0.00837
17	0.02372	0.00900	0.01227	0.00941	0.01350	0.00777	0.00777	0.02576	0.01513	0.78489	0.02086	0.01799	0.01309	0.00654	0.00532	0.00164	0.00450	0.00532	0.00654	0.00900
18	0.01540	0.01304	0.05985	0.01630	0.02097	0.01185	0.38366	0.08230	0.08280	0.19422	0.05305	0.01660	0.01205	0.00569	0.00581	0.00172	0.00684	0.00593	0.00416	0.00775
19	0.00769	0.00513	0.00577	0.00577	0.00577	0.00513	0.00320	0.00769	0.00769	0.01025	0.01666	0.03460	0.01922	0.81421	0.02691	0.00513	0.00513	0.00769	0.00320	0.00320
20	0.00748	0.00540	0.00707	0.00665	0.00790	0.00499	0.00499	0.00998	0.01496	0.02120	0.77844	0.03949	0.04988	0.01081	0.00624	0.00166	0.00249	0.00956	0.00582	0.00499
21	0.01967	0.01051	0.01578	0.01801	0.29712	0.00983	0.01097	0.04691	0.01431	0.47628	0.01655	0.01600	0.01121	0.00586	0.00528	0.00161	0.00520	0.00507	0.00505	0.00877
22	0.01308	0.01256	0.02146	0.03245	0.78123	0.01256	0.01622	0.01622	0.01204	0.01727	0.00994	0.01308	0.00837	0.00471	0.00523	0.00157	0.00628	0.00471	0.00262	0.00837
23	0.01975	0.02520	0.01498	0.01362	0.01634	0.79299	0.01021	0.02111	0.01498	0.01294	0.00817	0.00953	0.00681	0.00545	0.00477	0.00136	0.00953	0.00340	0.00272	0.00613
24	0.85155	0.01022	0.00777	0.00695	0.01022	0.01186	0.00573	0.01554	0.00900	0.02372	0.00736	0.00859	0.00573	0.00491	0.00327	0.00164	0.00409	0.00286	0.00327	0.00573
25	0.01319	0.04995	0.16184	0.03499	0.28255	0.01160	0.01302	0.08298	0.01356	0.09032	0.14375	0.01746	0.01557	0.00633	0.00580	0.00163	0.03886	0.00537	0.00367	0.00756
26	0.01114	0.01718	0.29581	0.01400	0.05327	0.08091	0.12450	0.01487	0.01221	0.03891	0.07868	0.02197	0.16569	0.00731	0.00605	0.00170	0.03962	0.00622	0.00331	0.00664
27	0.00769	0.00513	0.00577	0.00577	0.00577	0.00513	0.00320	0.00769	0.00769	0.01025	0.01666	0.03460	0.01922	0.81421	0.02691	0.00513	0.00513	0.00769	0.00320	0.00320
28	0.01045	0.02626	0.74841	0.01465	0.02214	0.01192	0.01882	0.01641	0.01135	0.01696	0.04737	0.01256	0.00882	0.00531	0.00508	0.00167	0.00755	0.00419	0.00241	0.00767
29	0.01487	0.01477	0.02586	0.01974	0.06465	0.04653	0.48791	0.21842	0.01590	0.02120	0.01109	0.01358	0.00825	0.00502	0.00587	0.00170	0.00796	0.00564	0.00338	0.00766
30	0.01135	0.01079	0.01832	0.46281	0.36443	0.01210	0.01536	0.01470	0.01122	0.01516	0.00964	0.01365	0.00763	0.00503	0.00526	0.00168	0.00671	0.00470	0.00247	0.00697
31	0.00665	0.00534	0.00595	0.00603	0.00755	0.00465	0.00454	0.00826	0.01252	0.01577	0.20406	0.11177	0.52249	0.01317	0.00634	0.00182	0.00279	0.05063	0.00510	0.00458
32	0.00823	0.00677	0.01054	0.29097	0.01866	0.00787	0.00914	0.01047	0.00977	0.01313	0.01656	0.19491	0.01687	0.03857	0.27930	0.00429	0.00847	0.04722	0.00324	0.00501
33	0.01311	0.01091	0.01757	0.25694	0.23562	0.01161	0.08773	0.11033	0.01319	0.07765	0.01270	0.07145	0.01073	0.03968	0.00637	0.00185	0.00630	0.00577	0.00338	0.00711
34	0.01109	0.13581	0.68260	0.01424	0.02160	0.01346	0.01809	0.01662	0.01110	0.01615	0.00919	0.01079	0.00671	0.00495	0.00480	0.00160	0.00752	0.00376	0.00224	0.00767
35	0.01395	0.01340	0.02529	0.02449	0.30424	0.01302	0.38289	0.07986	0.01350	0.05973	0.01113	0.01389	0.00851	0.00482	0.00574	0.00168	0.00744	0.00550	0.00308	0.00785

[dist]
# distance from previous block
# <min> <max>
0	7

[block]
# block no. 1 follows, 46 sequences, length 29
# corresponding to MSA columns:
# 111-139
name=unknown_B
#
# <colnr> <probs for GDERKNQSTAVLIFYWHMCP>
#	G	D	E	R	K	N	Q	S	T	A	V	L	I	F	Y	W	H	M	C	P
0	0.03969	0.02112	0.26982	0.01302	0.01794	0.24820	0.01279	0.16496	0.01550	0.13075	0.01131	0.01189	0.00808	0.00563	0.00499	0.00156	0.00736	0.00410	0.00363	0.00765
1	0.01385	0.01305	0.07093	0.01914	0.26948	0.03759	0.11227	0.10475	0.07734	0.08707	0.01846	0.01935	0.11970	0.00653	0.00551	0.00166	0.00594	0.00590	0.00382	0.00766
2	0.01203	0.01225	0.02313	0.24161	0.32618	0.01260	0.26245	0.01571	0.01178	0.01612	0.01004	0.01375	0.00789	0.00479	0.00558	0.00169	0.00736	0.00521	0.00256	0.00727
3	0.00769	0.00513	0.00577	0.00577	0.00577	0.00513	0.00320	0.00769	0.00769	0.01025	0.01666	0.03460	0.01922	0.81421	0.02691	0.00513	0.00513	0.00769	0.00320	0.00320
4	0.26054	0.01255	0.01193	0.00989	0.01347	0.09257	0.00798	0.17280	0.12370	0.22275	0.01408	0.01357	0.00991	0.00601	0.00467	0.00162	0.00512	0.00439	0.00478	0.00766
5	0.00769	0.00513	0.00577	0.00577	0.00577	0.00513	0.00320	0.00769	0.00769	0.01025	0.01666	0.03460	0.01922	0.81421	0.02691	0.00513	0.00513	0.00769	0.00320	0.00320
6	0.00638	0.00485	0.00588	0.00670	0.00749	0.00435	0.00461	0.00744	0.01076	0.01376	0.03721	0.55946	0.28106	0.01551	0.00658	0.00203	0.00294	0.01375	0.00491	0.00435
7	0.01447	0.09321	0.04719	0.01065	0.01306	0.32448	0.00838	0.10020	0.01345	0.01502	0.01379	0.15557	0.01411	0.14322	0.00877	0.00215	0.00678	0.00630	0.00342	0.00578
8	0.01225	0.01084	0.01351	0.04079	0.10323	0.03399	0.03581	0.08830	0.01267	0.01844	0.01135	0.01297	0.03510	0.00470	0.00445	0.00108	0.00481	0.00394	0.00329	0.54847
9	0.13803	0.15888	0.01629	0.01126	0.01482	0.23005	0.03401	0.14364	0.14095	0.04696	0.01142	0.01189	0.00883	0.00565	0.00456	0.00149	0.00635	0.00404	0.00372	0.00717
10	0.01648	0.01975	0.01547	0.01372	0.01536	0.48235	0.01075	0.01776	0.01223	0.01285	0.00768	0.01035	0.00686	0.00697	0.00980	0.00174	0.32745	0.00389	0.00256	0.00599
11	0.07134	0.00938	0.01097	0.00804	0.01254	0.00751	0.00649	0.01563	0.01155	0.15111	0.01125	0.01202	0.00860	0.00444	0.00411	0.00099	0.00403	0.00349	0.00373	0.64277
12	0.00757	0.00559	0.00812	0.00812	0.00893	0.00640	0.00613	0.00920	0.00838	0.01199	0.01451	0.02270	0.01405	0.14772	0.68633	0.00803	0.01290	0.00595	0.00288	0.00451
13	0.01151	0.01155	0.01216	0.06540	0.01302	0.15576	0.00855	0.01252	0.00943	0.01198	0.01087	0.01939	0.01126	0.27582	0.05152	0.00330	0.30284	0.00546	0.00271	0.00495
14	0.01421	0.06307	0.01060	0.00839	0.01062	0.00771	0.00651	0.01628	0.04495	0.30582	0.01956	0.16031	0.01755	0.12995	0.15639	0.00348	0.00621	0.00729	0.00473	0.00635
15	0.00757	0.00561	0.00821	0.00821	0.00906	0.00645	0.00626	0.00926	0.00841	0.01206	0.01442	0.02220	0.01384	0.11974	0.71402	0.00815	0.01323	0.00587	0.00287	0.00456
16	0.00755	0.00566	0.00850	0.00850	0.00944	0.00661	0.00661	0.00944	0.00850	0.01227	0.01416	0.02077	0.01322	0.03965	0.79326	0.00850	0.01416	0.00566	0.00283	0.00472
17	0.01237	0.06820	0.02472	0.09032	0.25707	0.01289	0.36123	0.01601	0.01196	0.01663	0.01060	0.01388	0.00836	0.00473	0.00547	0.00163	0.00725	0.00531	0.06416	0.00722
18	0.00838	0.00684	0.01057	0.06750	0.15651	0.00720	0.00841	0.01027	0.01005	0.01389	0.01915	0.31723	0.02066	0.02111	0.26649	0.00412	0.00768	0.03499	0.00361	0.00534
19	0.01250	0.01196	0.02040	0.17775	0.64051	0.01241	0.01593	0.01571	0.01176	0.01656	0.00984	0.01328	0.00812	0.00482	0.00524	0.00161	0.00643	0.00471	0.00257	0.00790
20	0.00671	0.00488	0.00633	0.00700	0.00769	0.00450	0.00486	0.00810	0.01161	0.01568	0.23748	0.53558	0.10058	0.01472	0.00657	0.00198	0.00288	0.01320	0.00516	0.00450
21	0.01218	0.01466	0.16262	0.17416	0.04835	0.01404	0.06541	0.09390	0.06399	0.01690	0.00989	0.01292	0.00789	0.00671	0.00930	0.00191	0.27071	0.00473	0.00286	0.00688
22	0.06749	0.11634	0.57490	0.01350	0.02030	0.01346	0.01647	0.07142	0.01206	0.03399	0.00957	0.01094	0.00694	0.00509	0.00474	0.00160	0.00710	0.00380	0.00262	0.00767
23	0.00749	0.00561	0.00797	0.00780	0.00844	0.00540	0.06063	0.00843	0.00961	0.01295	0.07423	0.36694	0.02715	0.33838	0.03200	0.00343	0.00454	0.01082	0.00407	0.00412
24	0.01065	0.00979	0.01629	0.14889	0.13913	0.01024	0.17260	0.01461	0.10559	0.01488	0.01364	0.02121	0.01252	0.25897	0.02631	0.00291	0.00650	0.00615	0.00312	0.00600
25	0.10037	0.01312	0.09131	0.01008	0.01296	0.12157	0.00850	0.10259	0.16669	0.01906	0.03378	0.20026	0.08006	0.00911	0.00543	0.00176	0.00509	0.00750	0.00430	0.00646
26	0.69148	0.08196	0.01026	0.00783	0.01116	0.09460	0.00648	0.01615	0.00978	0.02161	0.00745	0.00868	0.00593	0.00493	0.00344	0.00156	0.00480	0.00292	0.00313	0.00586
27	0.02447	0.01243	0.16833	0.01413	0.17382	0.00918	0.01068	0.03589	0.06830	0.09197	0.08767	0.03911	0.22560	0.00827	0.00557	0.00169	0.00486	0.00702	0.00414	0.00687
28	0.01269	0.13064	0.29265	0.01232	0.01728	0.01188	0.09229	0.07065	0.01317	0.09729	0.14491	0.01786	0.01573	0.04059	0.00611	0.00174	0.00609	0.00536	0.00362	0.00711

[dist]
# distance from previous block
# <min> <max>
2	5

[block]
# block no. 2 follows, 46 sequences, length 17
# corresponding to MSA columns:
# 145-161
name=unknown_C
#
# <colnr> <probs for GDERKNQSTAVLIFYWHMCP>
#	G	D	E	R	K	N	Q	S	T	A	V	L	I	F	Y	W	H	M	C	P
0	0.01244	0.01368	0.10907	0.01115	0.06258	0.08286	0.00919	0.05561	0.03664	0.01779	0.00989	0.01136	0.00796	0.00448	0.00434	0.00107	0.00519	0.00353	0.00314	0.53803
1	0.01121	0.00929	0.01373	0.01130	0.01404	0.00927	0.16521	0.10282	0.13226	0.05190	0.12344	0.18163	0.13159	0.00971	0.00606	0.00181	0.00472	0.00887	0.00475	0.00639
2	0.00679	0.00538	0.00610	0.00592	0.00747	0.00469	0.00444	0.00863	0.01332	0.01730	0.37021	0.04590	0.46055	0.01226	0.00624	0.00173	0.00260	0.01046	0.00531	0.00469
3	0.01096	0.00940	0.01096	0.00783	0.01253	0.00705	0.00626	0.01331	0.01096	0.01723	0.00940	0.01096	0.00783	0.00392	0.00392	0.00078	0.00392	0.00313	0.00313	0.84653
4	0.01272	0.11857	0.02482	0.10442	0.22485	0.03629	0.30285	0.01601	0.01164	0.01561	0.00953	0.01281	0.00772	0.00505	0.00639	0.00167	0.07436	0.00501	0.00254	0.00714
5	0.01977	0.00812	0.01100	0.00874	0.01213	0.00709	0.00709	0.02192	0.01509	0.59917	0.20510	0.02322	0.02203	0.00758	0.00554	0.00164	0.00401	0.00635	0.00637	0.00802
6	0.00641	0.00536	0.00558	0.00553	0.00724	0.00453	0.00414	0.00790	0.01243	0.01519	0.14850	0.04939	0.68358	0.01305	0.00625	0.00177	0.00265	0.01095	0.00503	0.00453
7	0.00852	0.00722	0.01104	0.10962	0.19932	0.00727	0.00886	0.01037	0.01085	0.01454	0.02407	0.43819	0.08654	0.01200	0.00618	0.00194	0.00434	0.02959	0.00404	0.00551
8	0.01270	0.42142	0.30607	0.01433	0.11754	0.01665	0.01384	0.01622	0.01107	0.01465	0.00848	0.01007	0.00696	0.00473	0.00423	0.00139	0.00653	0.00347	0.00230	0.00737
9	0.00792	0.00644	0.00862	0.08585	0.06035	0.00626	0.00738	0.01009	0.01233	0.01579	0.13336	0.04619	0.32296	0.01210	0.00642	0.00196	0.00400	0.24231	0.00462	0.00504
10	0.01244	0.01229	0.01940	0.18473	0.33301	0.08223	0.13603	0.01500	0.01140	0.01499	0.00969	0.01355	0.00801	0.00664	0.00739	0.11225	0.00694	0.00482	0.00254	0.00665
11	0.01325	0.01532	0.14247	0.02648	0.48890	0.01298	0.11903	0.08416	0.01312	0.01860	0.01023	0.01291	0.00812	0.00487	0.00534	0.00162	0.00684	0.00480	0.00281	0.00817
12	0.01103	0.01047	0.01775	0.54104	0.28866	0.01202	0.01520	0.01443	0.01107	0.01478	0.00958	0.01375	0.00750	0.00509	0.00527	0.00170	0.00679	0.00470	0.00244	0.00672
13	0.01057	0.02174	0.53391	0.01661	0.09041	0.01150	0.10751	0.01561	0.01128	0.01643	0.01199	0.10587	0.01034	0.00628	0.00539	0.00173	0.00725	0.00557	0.00264	0.00737
14	0.01431	0.31302	0.26291	0.01329	0.03718	0.01518	0.10365	0.04943	0.01229	0.11651	0.01048	0.01156	0.00787	0.00502	0.00463	0.00148	0.00660	0.00403	0.00300	0.00757
15	0.01330	0.01201	0.14681	0.01369	0.08490	0.00896	0.11371	0.04365	0.01256	0.20320	0.01886	0.26899	0.01770	0.00902	0.00584	0.00182	0.00543	0.00823	0.00434	0.00698
16	0.01635	0.01902	0.13178	0.05130	0.15050	0.29899	0.11762	0.01933	0.01340	0.11593	0.01074	0.01235	0.00806	0.00526	0.00518	0.00156	0.00787	0.00440	0.00311	0.00727

[dist]
# distance from previous block
# <min> <max>
0	4

[block]
# block no. 3 follows, 46 sequences, length 13
# corresponding to MSA columns:
# 166-178
name=unknown_D
#
# <colnr> <probs for GDERKNQSTAVLIFYWHMCP>
#	G	D	E	R	K	N	Q	S	T	A	V	L	I	F	Y	W	H	M	C	P
0	0.01389	0.01725	0.10900	0.10035	0.25555	0.19752	0.17050	0.01720	0.01245	0.01558	0.00947	0.01232	0.00756	0.00508	0.00572	0.00162	0.03456	0.00462	0.00257	0.00718
1	0.01130	0.02285	0.53993	0.01890	0.13511	0.01251	0.15119	0.01670	0.01152	0.01685	0.00977	0.01200	0.00718	0.00488	0.00527	0.00168	0.00778	0.00444	0.00237	0.00777
2	0.01150	0.01478	0.16019	0.17868	0.12621	0.01340	0.19803	0.01511	0.01076	0.01525	0.00922	0.01287	0.00737	0.00590	0.00832	0.00186	0.19636	0.00492	0.00243	0.00685
3	0.00704	0.00550	0.00701	0.08474	0.01024	0.00528	0.00548	0.00858	0.01153	0.01502	0.18326	0.28648	0.25967	0.07628	0.00794	0.00214	0.00339	0.01117	0.00470	0.00455
4	0.00644	0.00460	0.00613	0.00736	0.00767	0.00429	0.00491	0.00736	0.01012	0.01350	0.02914	0.81076	0.03497	0.01656	0.00675	0.00215	0.00307	0.01503	0.00491	0.00429
5	0.01415	0.00900	0.01306	0.01523	0.19437	0.00883	0.01028	0.07513	0.01385	0.20143	0.02080	0.03495	0.01937	0.00968	0.00618	0.00197	0.00519	0.33474	0.00477	0.00701
6	0.00640	0.00478	0.00595	0.00689	0.00754	0.00433	0.00470	0.00741	0.01058	0.01368	0.03492	0.63084	0.21115	0.01581	0.00663	0.00206	0.00297	0.01411	0.00491	0.00433
7	0.01295	0.01025	0.01156	0.01163	0.08781	0.01142	0.00818	0.08581	0.45314	0.02202	0.01861	0.01847	0.01415	0.00662	0.00496	0.00162	0.00412	0.00550	0.20356	0.00761
8	0.01533	0.38185	0.02522	0.01356	0.01807	0.09419	0.20810	0.15218	0.01418	0.01746	0.00928	0.01087	0.00751	0.00493	0.00462	0.00141	0.00693	0.00413	0.00296	0.00721
9	0.01002	0.00637	0.00769	0.00716	0.00827	0.00645	0.00498	0.06942	0.01048	0.08933	0.02060	0.06177	0.09564	0.41122	0.16339	0.00467	0.00647	0.00750	0.00387	0.00469
10	0.29969	0.01046	0.06120	0.05801	0.01308	0.01011	0.00763	0.12419	0.01324	0.09721	0.08442	0.02018	0.12691	0.00715	0.00473	0.00164	0.00439	0.00549	0.04390	0.00638
11	0.10971	0.04566	0.26879	0.01729	0.19842	0.01342	0.01416	0.12003	0.01283	0.04945	0.00989	0.01175	0.00758	0.00562	0.00619	0.00168	0.09266	0.00419	0.00305	0.00766
12	0.12620	0.07138	0.25312	0.01335	0.04861	0.05064	0.04975	0.19952	0.07460	0.04748	0.01119	0.01207	0.00823	0.00550	0.00484	0.00161	0.00637	0.00424	0.00357	0.00775

[dist]
# distance from previous block
# <min> <max>
1	26

[block]
# block no. 4 follows, 46 sequences, length 20
# corresponding to MSA columns:
# 205-224
name=unknown_E
#
# <colnr> <probs for GDERKNQSTAVLIFYWHMCP>
#	G	D	E	R	K	N	Q	S	T	A	V	L	I	F	Y	W	H	M	C	P
0	0.01167	0.06178	0.33227	0.04863	0.12444	0.10402	0.03509	0.01549	0.01178	0.01553	0.01524	0.01880	0.09317	0.00669	0.00570	0.00168	0.03555	0.05275	0.00283	0.00691
1	0.09413	0.03077	0.30680	0.01709	0.15403	0.01219	0.10850	0.08762	0.01265	0.04795	0.01168	0.07174	0.00964	0.00592	0.00518	0.00168	0.00661	0.00519	0.00311	0.00750
2	0.00904	0.00811	0.01127	0.01297	0.16267	0.03265	0.04934	0.01094	0.01154	0.01541	0.06836	0.29871	0.17552	0.01084	0.00592	0.00174	0.00422	0.00974	0.00412	0.09690
3	0.04020	0.05858	0.29210	0.01248	0.04997	0.01049	0.08342	0.01494	0.08547	0.01674	0.04412	0.02428	0.23011	0.00769	0.00542	0.00169	0.00563	0.00650	0.00350	0.00666
4	0.09275	0.01798	0.35222	0.04445	0.09238	0.01098	0.06974	0.01558	0.01106	0.01749	0.00939	0.01139	0.00717	0.00466	0.00469	0.00144	0.00635	0.00389	0.00264	0.22375
5	0.09135	0.00832	0.00915	0.00711	0.01081	0.00681	0.00562	0.01203	0.01125	0.01741	0.06378	0.02150	0.18627	0.00657	0.00452	0.00115	0.00357	0.00531	0.00371	0.52378
6	0.09375	0.01497	0.20903	0.10217	0.18134	0.01102	0.06911	0.01604	0.01137	0.06303	0.01012	0.01224	0.00770	0.00480	0.00481	0.00149	0.00616	0.00417	0.00290	0.17380
7	0.01140	0.04627	0.28001	0.01373	0.10690	0.01050	0.01255	0.04370	0.03911	0.01753	0.01178	0.01630	0.01000	0.00566	0.00487	0.00142	0.00578	0.07587	0.00306	0.28356
8	0.01405	0.57879	0.12135	0.01120	0.03895	0.09129	0.01082	0.01629	0.01110	0.01319	0.00776	0.00921	0.00683	0.00491	0.00448	0.00129	0.04613	0.00317	0.00231	0.00685
9	0.00930	0.00824	0.01311	0.08801	0.04883	0.00798	0.15389	0.01260	0.05894	0.03848	0.18192	0.07748	0.26038	0.00957	0.00606	0.00177	0.00460	0.00871	0.00438	0.00576
10	0.00762	0.00541	0.00720	0.00720	0.00769	0.00590	0.00499	0.00861	0.00811	0.01131	0.01535	0.02734	0.01607	0.40761	0.42919	0.00689	0.00987	0.00663	0.00301	0.00400
11	0.01580	0.01192	0.01295	0.01080	0.01414	0.01324	0.00862	0.30047	0.37407	0.07072	0.09313	0.01896	0.01664	0.00719	0.00543	0.00169	0.00464	0.00584	0.00546	0.00830
12	0.00716	0.00544	0.00673	0.00691	0.00767	0.00533	0.00486	0.00841	0.01117	0.01496	0.21442	0.29755	0.18095	0.14559	0.01046	0.00246	0.04973	0.01111	0.00470	0.00440
13	0.01114	0.01119	0.07651	0.01110	0.01457	0.01009	0.12648	0.06558	0.24651	0.03682	0.04990	0.02789	0.25517	0.00850	0.00575	0.00174	0.00481	0.00743	0.00453	0.02429
14	0.01358	0.01227	0.01874	0.09134	0.01975	0.01382	0.20201	0.21167	0.06591	0.02008	0.01271	0.06156	0.01090	0.00737	0.00837	0.00189	0.18374	0.03362	0.00364	0.00703
15	0.01096	0.00940	0.01096	0.00783	0.01253	0.00705	0.00626	0.01331	0.01096	0.01723	0.00940	0.01096	0.00783	0.00392	0.00392	0.00078	0.00392	0.00313	0.00313	0.84653
16	0.00901	0.00733	0.00756	0.00739	0.00827	0.08181	0.00508	0.00951	0.00929	0.01183	0.01856	0.09693	0.08058	0.31746	0.12754	0.11388	0.00630	0.02556	0.00332	0.05280
17	0.00665	0.00535	0.00593	0.00584	0.00740	0.00463	0.00436	0.00835	0.01293	0.01648	0.28624	0.07211	0.51982	0.01266	0.00626	0.00176	0.00263	0.01077	0.00520	0.00463
18	0.10135	0.01196	0.01339	0.01054	0.01449	0.01259	0.00865	0.35196	0.10407	0.29201	0.01600	0.01493	0.01090	0.00637	0.00511	0.00163	0.00501	0.00491	0.00554	0.00861
19	0.01692	0.01089	0.01251	0.00979	0.01352	0.01080	0.00793	0.33879	0.01812	0.19053	0.06189	0.06114	0.06324	0.00724	0.00525	0.00150	0.00465	0.00585	0.00517	0.15427

[dist]
# distance from previous block
# <min> <max>
0	11

[block]
# block no. 5 follows, 46 sequences, length 72
# corresponding to MSA columns:
# 236-307
name=unknown_F
#
# <colnr> <probs for GDERKNQSTAVLIFYWHMCP>
#	G	D	E	R	K	N	Q	S	T	A	V	L	I	F	Y	W	H	M	C	P
0	0.00820	0.00889	0.10821	0.01057	0.09140	0.00661	0.00812	0.01080	0.01279	0.01759	0.31984	0.15198	0.15108	0.01096	0.00613	0.00180	0.00386	0.06099	0.00468	0.00551
1	0.01341	0.68274	0.12420	0.00979	0.01459	0.01922	0.01029	0.01568	0.01070	0.01298	0.00790	0.00933	0.00704	0.00603	0.03610	0.00150	0.00628	0.00308	0.00228	0.00683
2	0.00924	0.11298	0.09245	0.04112	0.01193	0.05165	0.00786	0.01155	0.01234	0.01606	0.23509	0.13855	0.13016	0.03133	0.00633	0.00183	0.00442	0.07544	0.00427	0.00539
3	0.01345	0.49156	0.21379	0.01067	0.01582	0.01738	0.01148	0.09443	0.01241	0.01581	0.01100	0.01194	0.04977	0.00533	0.00416	0.00135	0.00604	0.00376	0.00272	0.00714
4	0.00665	0.00514	0.00607	0.00632	0.00751	0.00456	0.00455	0.00819	0.01229	0.01599	0.24968	0.27432	0.35254	0.01361	0.00639	0.00186	0.00274	0.01186	0.00516	0.00456
5	0.00641	0.00541	0.00558	0.00566	0.00741	0.00458	0.00433	0.00782	0.01206	0.01439	0.05178	0.05149	0.72705	0.01347	0.00632	0.00183	0.00283	0.06221	0.00491	0.00449
6	0.01259	0.01233	0.02184	0.13642	0.59059	0.01254	0.10388	0.01594	0.01189	0.01672	0.00996	0.01336	0.00815	0.00476	0.00536	0.00162	0.00670	0.00489	0.00259	0.00789
7	0.01202	0.00939	0.00961	0.00888	0.01110	0.06155	0.00679	0.01897	0.31457	0.08608	0.06711	0.12547	0.12396	0.00920	0.00575	0.00174	0.02065	0.00768	0.09288	0.00661
8	0.01284	0.01029	0.01111	0.00995	0.01271	0.01160	0.00774	0.04045	0.59553	0.05226	0.11812	0.02204	0.02008	0.00755	0.00541	0.00174	0.00394	0.00634	0.04248	0.00782
9	0.02372	0.00900	0.01227	0.00941	0.01350	0.00777	0.00777	0.02576	0.01513	0.78489	0.02086	0.01799	0.01309	0.00654	0.00532	0.00164	0.00450	0.00532	0.00654	0.00900
10	0.00896	0.00792	0.01357	0.11293	0.01656	0.00797	0.17532	0.01191	0.04534	0.01518	0.02168	0.35522	0.02328	0.01143	0.00640	0.00202	0.00520	0.12857	0.02514	0.00542
11	0.00767	0.00518	0.00605	0.00605	0.00615	0.00528	0.00356	0.00787	0.00777	0.01046	0.01639	0.03314	0.01859	0.73256	0.10769	0.00548	0.00608	0.00747	0.00316	0.00336
12	0.00945	0.00578	0.00763	0.00708	0.00859	0.00527	0.00534	0.01172	0.01448	0.11826	0.60236	0.11804	0.04359	0.01087	0.00617	0.00171	0.00281	0.00959	0.00582	0.00543
13	0.02357	0.00924	0.01242	0.00952	0.01361	0.00813	0.00786	0.05622	0.01553	0.75387	0.02052	0.01777	0.01292	0.00654	0.00532	0.00163	0.00455	0.00529	0.00649	0.00900
14	0.00997	0.00882	0.01446	0.69942	0.03253	0.01087	0.01327	0.01335	0.01064	0.01430	0.01040	0.01481	0.00788	0.00540	0.00508	0.00169	0.00646	0.00473	0.11016	0.00575
15	0.01979	0.02386	0.01509	0.01343	0.01635	0.69346	0.01019	0.11627	0.01625	0.01555	0.00875	0.00994	0.00709	0.00556	0.00483	0.00139	0.00906	0.00358	0.00305	0.00650
16	0.85155	0.01022	0.00777	0.00695	0.01022	0.01186	0.00573	0.01554	0.00900	0.02372	0.00736	0.00859	0.00573	0.00491	0.00327	0.00164	0.00409	0.00286	0.00327	0.00573
17	0.01397	0.01617	0.02496	0.06362	0.07810	0.19061	0.44636	0.01736	0.01262	0.01558	0.00974	0.01291	0.00764	0.00507	0.00653	0.00171	0.06228	0.00529	0.00264	0.00683
18	0.01492	0.01203	0.01937	0.19372	0.28258	0.01255	0.11418	0.14876	0.01443	0.11760	0.01181	0.01402	0.00875	0.00533	0.00540	0.00165	0.00649	0.00500	0.00354	0.00784
19	0.00769	0.00513	0.00577	0.00577	0.00577	0.00513	0.00320	0.00769	0.00769	0.01025	0.01666	0.03460	0.01922	0.81421	0.02691	0.00513	0.00513	0.00769	0.00320	0.00320
20	0.00657	0.00470	0.00625	0.00727	0.00770	0.00438	0.00492	0.00770	0.01074	0.01448	0.12517	0.71191	0.03688	0.01582	0.00668	0.00208	0.00299	0.01433	0.00502	0.00438
21	0.01740	0.01513	0.01317	0.01113	0.01416	0.24453	0.00872	0.28020	0.04246	0.10254	0.13456	0.06097	0.01691	0.00740	0.00537	0.00157	0.00606	0.00578	0.00472	0.00722
22	0.43925	0.14240	0.27131	0.00999	0.01498	0.01342	0.01086	0.01599	0.00999	0.01962	0.00807	0.00943	0.00622	0.00489	0.00388	0.00157	0.00558	0.00321	0.00277	0.00659
23	0.00644	0.00460	0.00613	0.00736	0.00767	0.00429	0.00491	0.00736	0.01012	0.01350	0.02914	0.81076	0.03497	0.01656	0.00675	0.00215	0.00307	0.01503	0.00491	0.00429
24	0.01561	0.01023	0.01081	0.00913	0.01223	0.06182	0.00724	0.11511	0.17191	0.24921	0.03947	0.02674	0.23054	0.00858	0.00557	0.00169	0.00440	0.00697	0.00541	0.00733
25	0.01317	0.07879	0.18210	0.01959	0.14272	0.02495	0.31799	0.07158	0.01311	0.04201	0.03562	0.01375	0.00929	0.00504	0.00549	0.00165	0.00745	0.00518	0.00296	0.00755
26	0.00998	0.00940	0.01586	0.80150	0.03641	0.01175	0.01468	0.01351	0.01057	0.01351	0.00940	0.01409	0.00705	0.00529	0.00529	0.00176	0.00705	0.00470	0.00235	0.00587
27	0.01060	0.02735	0.78682	0.01507	0.02288	0.01228	0.01953	0.01674	0.01116	0.01674	0.00949	0.01116	0.00670	0.00502	0.00502	0.00167	0.00781	0.00391	0.00223	0.00781
28	0.01367	0.01169	0.01974	0.23307	0.38033	0.01221	0.09267	0.06443	0.01281	0.09146	0.01111	0.01393	0.00848	0.00512	0.00536	0.00165	0.00656	0.00493	0.00310	0.00768
29	0.12454	0.01972	0.01763	0.01450	0.01799	0.44325	0.17684	0.06861	0.03858	0.01685	0.00936	0.01100	0.00738	0.00527	0.00496	0.00152	0.00828	0.00414	0.00304	0.00656
30	0.01975	0.02520	0.01498	0.01362	0.01634	0.79299	0.01021	0.02111	0.01498	0.01294	0.00817	0.00953	0.00681	0.00545	0.00477	0.00136	0.00953	0.00340	0.00272	0.00613
31	0.01526	0.01453	0.01400	0.01089	0.01503	0.20361	0.04982	0.15008	0.01466	0.04365	0.01012	0.01133	0.00796	0.00484	0.00455	0.00115	0.00594	0.00373	0.00350	0.41534
32	0.01392	0.01359	0.02877	0.02063	0.02582	0.01265	0.66537	0.01807	0.01282	0.11535	0.01200	0.01474	0.00867	0.00472	0.00612	0.00176	0.00835	0.00612	0.00317	0.00737
33	0.00764	0.00532	0.00676	0.00676	0.00711	0.00567	0.00445	0.00833	0.00798	0.01099	0.01574	0.02954	0.01703	0.53110	0.30702	0.00636	0.00843	0.00695	0.00307	0.00376
34	0.01472	0.63969	0.11552	0.00979	0.01466	0.01852	0.01015	0.01698	0.01125	0.09381	0.00902	0.00979	0.00743	0.00479	0.00379	0.00125	0.00579	0.00321	0.00271	0.00714
35	0.00769	0.00513	0.00577	0.00577	0.00577	0.00513	0.00320	0.00769	0.00769	0.01025	0.01666	0.03460	0.01922	0.81421	0.02691	0.00513	0.00513	0.00769	0.00320	0.00320
36	0.00644	0.00460	0.00613	0.00736	0.00767	0.00429	0.00491	0.00736	0.01012	0.01350	0.02914	0.81076	0.03497	0.01656	0.00675	0.00215	0.00307	0.01503	0.00491	0.00429
37	0.01313	0.01305	0.01862	0.28344	0.41417	0.10082	0.01476	0.04952	0.01246	0.01626	0.00969	0.01300	0.00779	0.00506	0.00520	0.00161	0.00688	0.00456	0.00266	0.00732
38	0.01640	0.00923	0.01152	0.00850	0.01294	0.00736	0.00691	0.01862	0.01274	0.34456	0.01428	0.01396	0.01007	0.00504	0.00451	0.00115	0.00416	0.00406	0.00459	0.48940
39	0.15271	0.01668	0.01375	0.01156	0.01501	0.24682	0.00917	0.31804	0.12479	0.02411	0.01173	0.01208	0.00882	0.00596	0.00482	0.00156	0.00642	0.00422	0.00421	0.00752
40	0.01401	0.01563	0.01583	0.01380	0.01461	0.24787	0.01116	0.01522	0.01015	0.01279	0.00731	0.01096	0.00690	0.00812	0.01360	0.00203	0.56743	0.00426	0.00244	0.00589
41	0.01283	0.00744	0.00987	0.00875	0.01076	0.00738	0.00680	0.01448	0.01128	0.22911	0.01919	0.25312	0.01821	0.01280	0.08523	0.00242	0.10526	0.00785	0.06339	0.11382
42	0.00852	0.00623	0.00809	0.00832	0.00931	0.00653	0.00607	0.10490	0.01153	0.01567	0.02256	0.47287	0.02515	0.02214	0.24114	0.00397	0.00673	0.01092	0.00434	0.00502
43	0.00817	0.00600	0.00733	0.00704	0.00712	0.00667	0.00456	0.00848	0.00781	0.01074	0.01520	0.03048	0.01714	0.64571	0.09033	0.00505	0.10834	0.00712	0.00306	0.00366
44	0.28847	0.01595	0.01453	0.01190	0.01551	0.23557	0.09712	0.17792	0.03449	0.02165	0.00956	0.01077	0.00734	0.00534	0.00456	0.00154	0.00658	0.00391	0.00353	0.03374
45	0.00759	0.00550	0.00765	0.00765	0.00830	0.00615	0.00555	0.00889	0.00824	0.01164	0.01494	0.02508	0.01509	0.28104	0.55442	0.00745	0.01134	0.00629	0.00295	0.00425
46	0.00769	0.00513	0.00577	0.00577	0.00577	0.00513	0.00320	0.00769	0.00769	0.01025	0.01666	0.03460	0.01922	0.81421	0.02691	0.00513	0.00513	0.00769	0.00320	0.00320
47	0.01846	0.01192	0.01417	0.11233	0.01769	0.01290	0.00972	0.33338	0.16078	0.22820	0.01610	0.01560	0.01117	0.00642	0.00531	0.00166	0.00532	0.00513	0.00526	0.00848
48	0.01697	0.14559	0.01923	0.01805	0.24404	0.19539	0.01177	0.24892	0.01648	0.02047	0.00997	0.01140	0.00795	0.00536	0.00485	0.00146	0.00679	0.00412	0.00341	0.00779
49	0.00643	0.00463	0.00610	0.00728	0.00765	0.00430	0.00487	0.00737	0.01020	0.01353	0.03014	0.77949	0.06558	0.01643	0.00673	0.00213	0.00305	0.01487	0.00491	0.00430
50	0.00810	0.00642	0.00746	0.00727	0.00896	0.00625	0.00565	0.01218	0.13338	0.01837	0.32305	0.04270	0.28292	0.01157	0.00624	0.00182	0.00313	0.10386	0.00533	0.00533
51	0.01321	0.60963	0.22733	0.01063	0.01602	0.01865	0.01180	0.01607	0.01085	0.01357	0.00791	0.00919	0.00676	0.00465	0.00382	0.00127	0.00622	0.00311	0.00225	0.00705
52	0.01667	0.00942	0.01091	0.00884	0.01214	0.00920	0.00715	0.21592	0.04790	0.29947	0.02835	0.02652	0.24060	0.00855	0.00554	0.00166	0.00423	0.00693	0.03252	0.00749
53	0.00755	0.00566	0.00850	0.00850	0.00944	0.00661	0.00661	0.00944	0.00850	0.01227	0.01416	0.02077	0.01322	0.03965	0.79326	0.00850	0.01416	0.00566	0.00283	0.00472
54	0.01382	0.00978	0.01105	0.00960	0.01236	0.01048	0.00752	0.14041	0.32852	0.12067	0.17324	0.07930	0.04307	0.00852	0.00565	0.00174	0.00403	0.00720	0.00556	0.00748
55	0.01162	0.01088	0.01828	0.12698	0.56139	0.01113	0.01421	0.01445	0.01154	0.01618	0.01296	0.14148	0.01248	0.00669	0.00548	0.00169	0.00586	0.00637	0.00295	0.00740
56	0.00939	0.00498	0.00498	0.00498	0.00628	0.00487	0.00374	0.01171	0.01121	0.01901	0.02190	0.02370	0.11166	0.00709	0.00402	0.00130	0.00249	0.00573	0.73608	0.00487
57	0.00642	0.00470	0.00603	0.00710	0.00760	0.00432	0.00479	0.00739	0.01037	0.01360	0.03227	0.71337	0.13033	0.01616	0.00668	0.00210	0.00302	0.01453	0.00491	0.00432
58	0.00730	0.00581	0.00798	0.01013	0.10671	0.00542	0.00618	0.00865	0.01096	0.01446	0.06254	0.52023	0.18549	0.01415	0.00643	0.00198	0.00338	0.01268	0.00465	0.00488
59	0.01038	0.00878	0.01034	0.00777	0.01191	0.00669	0.00609	0.01255	0.01085	0.01675	0.01193	0.11346	0.01131	0.00554	0.00428	0.00096	0.00381	0.00466	0.00336	0.73859
60	0.02950	0.01786	0.03347	0.01360	0.05859	0.35187	0.07075	0.07812	0.06730	0.01705	0.01008	0.01144	0.00805	0.00514	0.00478	0.00133	0.00717	0.00393	0.00320	0.20678
61	0.03130	0.13444	0.01944	0.14110	0.30702	0.11834	0.03662	0.03053	0.02229	0.03026	0.00957	0.01202	0.00781	0.00490	0.00479	0.00146	0.00652	0.00416	0.00275	0.07468
62	0.01361	0.29154	0.32561	0.01181	0.01754	0.04715	0.01305	0.08408	0.01256	0.04827	0.00946	0.01059	0.00730	0.00495	0.00439	0.00139	0.00648	0.00358	0.00280	0.08385
63	0.11745	0.00910	0.01459	0.01171	0.01464	0.00894	0.23856	0.01308	0.04304	0.02886	0.03528	0.02865	0.21764	0.05634	0.08999	0.00269	0.00635	0.05364	0.00375	0.00567
64	0.00742	0.00819	0.10644	0.00799	0.01003	0.00586	0.00704	0.00979	0.02755	0.01534	0.09863	0.25893	0.29064	0.01302	0.00636	0.00195	0.00376	0.11139	0.00465	0.00503
65	0.01308	0.39103	0.24150	0.03842	0.04187	0.04782	0.05412	0.01664	0.02930	0.03387	0.00985	0.01255	0.00824	0.00526	0.00445	0.00145	0.00658	0.03427	0.00260	0.00710
66	0.04067	0.01580	0.18488	0.06597	0.44226	0.03065	0.04656	0.04623	0.01239	0.04979	0.01029	0.01273	0.00803	0.00496	0.00516	0.00161	0.00667	0.00454	0.00282	0.00798
67	0.00677	0.00513	0.00606	0.00662	0.00757	0.00467	0.00473	0.00793	0.01088	0.01381	0.05450	0.32158	0.31908	0.11722	0.00919	0.00241	0.00336	0.08949	0.00471	0.00430
68	0.01343	0.01324	0.01775	0.05904	0.48757	0.11893	0.01315	0.04337	0.04026	0.01637	0.01106	0.01563	0.00980	0.10873	0.00796	0.00201	0.00652	0.00496	0.00289	0.00731
69	0.01289	0.05995	0.17250	0.02016	0.29113	0.07358	0.06421	0.01876	0.15953	0.01754	0.03027	0.01532	0.01084	0.00567	0.00523	0.00163	0.00645	0.02339	0.00320	0.00775
70	0.00958	0.05437	0.09292	0.01173	0.10992	0.00889	0.00886	0.01335	0.09059	0.03160	0.07120	0.02584	0.18531	0.01778	0.24044	0.00370	0.00745	0.00670	0.00371	0.00606
71	0.07553	0.01195	0.01375	0.01061	0.01472	0.01229	0.00876	0.38951	0.01954	0.36441	0.01595	0.01477	0.01059	0.00634	0.00517	0.00161	0.00512	0.00488	0.00571	0.00878

[dist]
# distance from previous block
# <min> <max>
0	4

[block]
# block no. 6 follows, 46 sequences, length 11
# corresponding to MSA columns:
# 312-322
name=unknown_G
#
# <colnr> <probs for GDERKNQSTAVLIFYWHMCP>
#	G	D	E	R	K	N	Q	S	T	A	V	L	I	F	Y	W	H	M	C	P
0	0.14811	0.03315	0.10760	0.01547	0.15888	0.17580	0.03856	0.03807	0.06758	0.07256	0.01318	0.01428	0.05270	0.00594	0.00532	0.00161	0.03619	0.00457	0.00337	0.00707
1	0.01745	0.31951	0.02053	0.01193	0.01573	0.31673	0.03746	0.17026	0.01531	0.01705	0.00888	0.00996	0.00729	0.00525	0.00441	0.00134	0.00730	0.00357	0.00307	0.00699
2	0.01154	0.01046	0.01620	0.26260	0.31187	0.01129	0.01286	0.04600	0.09173	0.01683	0.01334	0.10812	0.01192	0.00657	0.00538	0.00168	0.00579	0.00599	0.00323	0.04659
3	0.01267	0.01218	0.02113	0.06153	0.05155	0.02744	0.36454	0.15405	0.01450	0.01934	0.06099	0.07181	0.05863	0.03685	0.00674	0.00187	0.00685	0.00689	0.00363	0.00681
4	0.04949	0.15309	0.01626	0.01269	0.09917	0.09856	0.03977	0.04629	0.01289	0.24778	0.01388	0.01625	0.01085	0.03892	0.09742	0.00246	0.00683	0.02625	0.00399	0.00719
5	0.01056	0.00627	0.00784	0.00740	0.00929	0.00586	0.00565	0.01259	0.03860	0.18026	0.05032	0.17444	0.29259	0.01711	0.15294	0.00307	0.00533	0.00936	0.00491	0.00561
6	0.00672	0.00486	0.00626	0.00726	0.00778	0.00455	0.00503	0.00776	0.01032	0.01354	0.03049	0.59843	0.10854	0.08034	0.00838	0.00238	0.00337	0.08494	0.00477	0.00428
7	0.01758	0.01550	0.01638	0.17228	0.08517	0.24906	0.06165	0.12827	0.01515	0.16997	0.01192	0.01320	0.00864	0.00564	0.00519	0.00157	0.00718	0.00454	0.00377	0.00732
8	0.00979	0.00853	0.01341	0.34711	0.06864	0.00992	0.03227	0.05522	0.01109	0.01493	0.04162	0.07125	0.03612	0.01567	0.21346	0.00355	0.03255	0.00607	0.00305	0.00575
9	0.01213	0.00766	0.00811	0.00710	0.00916	0.00803	0.00557	0.20078	0.03675	0.02313	0.09653	0.02125	0.04702	0.00701	0.00451	0.00140	0.00337	0.00565	0.48883	0.00603
10	0.00967	0.00845	0.01428	0.15470	0.01797	0.00910	0.14906	0.05523	0.01168	0.01605	0.12485	0.02244	0.01705	0.01955	0.30631	0.00434	0.00927	0.04094	0.00339	0.00567

[dist]
# distance from previous block
# <min> <max>
0	23

[block]
# block no. 7 follows, 46 sequences, length 9
# corresponding to MSA columns:
# 346-354
name=unknown_H
#
# <colnr> <probs for GDERKNQSTAVLIFYWHMCP>
#	G	D	E	R	K	N	Q	S	T	A	V	L	I	F	Y	W	H	M	C	P
0	0.01369	0.04652	0.01745	0.10981	0.27470	0.08071	0.04419	0.14733	0.01442	0.01922	0.08743	0.01629	0.03086	0.00620	0.00589	0.00161	0.04727	0.00523	0.02395	0.00723
1	0.00982	0.00946	0.01270	0.47320	0.02532	0.08124	0.01109	0.01248	0.01130	0.01401	0.06784	0.11978	0.09144	0.00887	0.02769	0.00196	0.00623	0.00689	0.00321	0.00546
2	0.01164	0.00769	0.01130	0.00996	0.01197	0.00802	0.06789	0.08177	0.01166	0.13001	0.01661	0.02500	0.01499	0.10126	0.37308	0.00526	0.00956	0.09264	0.00387	0.00581
3	0.01505	0.10949	0.03688	0.07319	0.07815	0.21996	0.04748	0.08127	0.01370	0.08762	0.01421	0.12278	0.01317	0.00750	0.00530	0.00163	0.00657	0.05576	0.00363	0.00665
4	0.00938	0.00660	0.00938	0.00879	0.00892	0.00793	0.00651	0.00885	0.00753	0.01067	0.01021	0.01778	0.01037	0.11284	0.13266	0.40860	0.21171	0.00512	0.00248	0.00365
5	0.01391	0.17570	0.23325	0.08483	0.01861	0.26460	0.01252	0.01695	0.01204	0.01412	0.00926	0.01143	0.00752	0.00791	0.06816	0.00201	0.00822	0.00378	0.02864	0.00655
6	0.01418	0.00844	0.01258	0.14005	0.11924	0.00852	0.00990	0.01696	0.03349	0.26345	0.01912	0.08140	0.01672	0.01100	0.06557	0.00237	0.00585	0.15972	0.00456	0.00688
7	0.01309	0.07329	0.07108	0.06421	0.47626	0.05216	0.14102	0.01646	0.01204	0.01643	0.00974	0.01270	0.00795	0.00474	0.00523	0.00158	0.00697	0.00471	0.00257	0.00778
8	0.01165	0.01502	0.16540	0.08221	0.28873	0.01204	0.24560	0.01564	0.01190	0.01654	0.01356	0.01621	0.06999	0.00543	0.00559	0.00169	0.00715	0.00555	0.00273	0.00738

[dist]
# distance from previous block
# <min> <max>
0	3

[block]
# block no. 8 follows, 46 sequences, length 34
# corresponding to MSA columns:
# 358-391
name=unknown_I
#
# <colnr> <probs for GDERKNQSTAVLIFYWHMCP>
#	G	D	E	R	K	N	Q	S	T	A	V	L	I	F	Y	W	H	M	C	P
0	0.01029	0.01057	0.08125	0.21105	0.24448	0.00966	0.01197	0.01355	0.03131	0.03483	0.08387	0.09686	0.12278	0.00786	0.00561	0.00173	0.00537	0.00699	0.00350	0.00650
1	0.01218	0.05705	0.37469	0.17922	0.14391	0.01231	0.05009	0.01669	0.01154	0.07814	0.01041	0.01263	0.00761	0.00510	0.00511	0.00165	0.00709	0.00436	0.00269	0.00752
2	0.01337	0.02097	0.44275	0.01643	0.12717	0.01306	0.01596	0.16220	0.07893	0.04173	0.01151	0.01265	0.00836	0.00546	0.00514	0.00165	0.00681	0.00440	0.00326	0.00820
3	0.01260	0.03554	0.35644	0.02037	0.28111	0.11610	0.01624	0.01675	0.01203	0.01628	0.01064	0.01472	0.00884	0.00559	0.00518	0.00164	0.00728	0.05249	0.00260	0.00757
4	0.01352	0.04277	0.55276	0.01411	0.02086	0.01256	0.03997	0.11722	0.01347	0.10694	0.01120	0.01218	0.00778	0.00534	0.00509	0.00165	0.00715	0.00423	0.00315	0.00806
5	0.08426	0.05027	0.08529	0.31182	0.08946	0.02924	0.01233	0.04507	0.03880	0.09401	0.01295	0.01855	0.01063	0.00643	0.00522	0.00174	0.00614	0.08770	0.00337	0.00672
6	0.01168	0.01120	0.06682	0.13343	0.41485	0.01041	0.01328	0.01466	0.01194	0.05763	0.07985	0.12189	0.01548	0.00702	0.00552	0.00169	0.00564	0.00648	0.00335	0.00718
7	0.00985	0.00981	0.05399	0.08983	0.12342	0.04154	0.06042	0.02947	0.05090	0.01574	0.04351	0.29917	0.05549	0.01057	0.00628	0.00191	0.01983	0.06840	0.00396	0.00590
8	0.01493	0.01958	0.42819	0.01484	0.04568	0.01105	0.11104	0.01950	0.01257	0.25128	0.01313	0.01371	0.00887	0.00540	0.00528	0.00167	0.00689	0.00466	0.00362	0.00811
9	0.01201	0.02073	0.51510	0.01384	0.01994	0.01068	0.07566	0.01675	0.01168	0.12245	0.01377	0.11884	0.01145	0.00672	0.00539	0.00174	0.00681	0.00577	0.00322	0.00745
10	0.01162	0.06456	0.47828	0.02018	0.23929	0.01289	0.06647	0.01656	0.01148	0.01668	0.00958	0.01177	0.00727	0.00487	0.00507	0.00162	0.00733	0.00423	0.00237	0.00787
11	0.02711	0.01316	0.01522	0.37998	0.11504	0.16809	0.01241	0.01771	0.14249	0.01551	0.01258	0.01503	0.03172	0.00581	0.00519	0.00166	0.00678	0.00482	0.00307	0.00660
12	0.01350	0.01042	0.01678	0.13009	0.29260	0.02277	0.07718	0.03067	0.01271	0.14817	0.04831	0.07110	0.02843	0.00711	0.00566	0.00174	0.00581	0.06589	0.00382	0.00723
13	0.04093	0.12107	0.20007	0.01188	0.01614	0.01132	0.13624	0.06507	0.01233	0.05896	0.02819	0.09593	0.01238	0.00653	0.00494	0.00158	0.00570	0.00569	0.15838	0.00668
14	0.01033	0.23847	0.01474	0.00971	0.01176	0.01153	0.00868	0.01229	0.01121	0.01431	0.02152	0.03786	0.08569	0.01091	0.00743	0.00199	0.11139	0.37089	0.00379	0.00550
15	0.01278	0.01004	0.01518	0.01249	0.01553	0.01034	0.17673	0.01902	0.22947	0.12588	0.05532	0.02789	0.08528	0.00850	0.00665	0.00189	0.04957	0.12577	0.00466	0.00697
16	0.01525	0.11954	0.08159	0.01020	0.01365	0.01278	0.00892	0.31610	0.01608	0.09118	0.01333	0.01734	0.01119	0.15846	0.08865	0.00289	0.00656	0.00511	0.00410	0.00710
17	0.00676	0.00522	0.00659	0.00693	0.00800	0.00506	0.00508	0.00821	0.01066	0.01393	0.08241	0.26527	0.29366	0.02166	0.23118	0.00380	0.00606	0.01062	0.00437	0.00452
18	0.01351	0.54750	0.17673	0.01055	0.01535	0.08549	0.01102	0.01602	0.01116	0.01340	0.00901	0.05205	0.00828	0.00535	0.00402	0.00131	0.00628	0.00375	0.00244	0.00680
19	0.00918	0.00459	0.00689	0.00689	0.00689	0.00459	0.00459	0.00689	0.00689	0.00918	0.00918	0.01607	0.00918	0.01837	0.02066	0.84619	0.00459	0.00459	0.00230	0.00230
20	0.01174	0.05403	0.04853	0.01222	0.06293	0.02472	0.00958	0.03891	0.17583	0.04023	0.13803	0.01944	0.02869	0.01095	0.08122	0.00246	0.22423	0.00580	0.00387	0.00661
21	0.01688	0.14318	0.13404	0.05411	0.01723	0.15668	0.01114	0.15237	0.07910	0.14431	0.01228	0.01273	0.00901	0.00582	0.00520	0.00154	0.02864	0.00427	0.00385	0.00763
22	0.00750	0.00516	0.00571	0.00571	0.00595	0.00504	0.00331	0.00767	0.00827	0.01079	0.02157	0.03676	0.12041	0.70756	0.02416	0.00468	0.00480	0.00815	0.00343	0.00337
23	0.01197	0.01063	0.01038	0.00922	0.01092	0.11362	0.00692	0.13165	0.08756	0.01747	0.10917	0.02625	0.10674	0.21377	0.03167	0.00275	0.08277	0.00677	0.00410	0.00566
