[name]
unknown

[dist]
# distance from previous block
# <min> <max>
0	75

[block]
# block no. 0 follows, 46 sequences, length 24
# corresponding to MSA columns:
# 89-112
name=unknown_A
#
# <colnr> <probs for GDERKNQSTAVLIFYWHMCP>
#	G	D	E	R	K	N	Q	S	T	A	V	L	I	F	Y	W	H	M	C	P
0	0.00811	0.00592	0.00795	0.00885	0.01014	0.00576	0.00757	0.01041	0.01243	0.01616	0.10663	0.05645	0.13168	0.01406	0.00706	0.00227	0.00434	0.57442	0.00497	0.00483
1	0.11865	0.00545	0.00659	0.00742	0.00818	0.00553	0.00519	0.00865	0.00981	0.01473	0.02475	0.62515	0.02891	0.01733	0.08515	0.00272	0.00431	0.01248	0.00448	0.00453
2	0.00888	0.00578	0.00696	0.00670	0.00843	0.00510	0.00513	0.01066	0.01306	0.10950	0.24983	0.12046	0.35627	0.01223	0.00625	0.00181	0.00303	0.05936	0.00536	0.00517
3	0.00732	0.00566	0.00817	0.01069	0.11028	0.00539	0.00641	0.00854	0.01038	0.01400	0.02659	0.70495	0.03144	0.01499	0.00655	0.00207	0.00349	0.01366	0.00460	0.00484
4	0.00850	0.00547	0.00688	0.00688	0.00817	0.00492	0.00499	0.01011	0.01254	0.09342	0.27520	0.30374	0.19484	0.03100	0.00679	0.00193	0.00299	0.01130	0.00533	0.00500
5	0.01093	0.02538	0.68530	0.01737	0.12347	0.01232	0.01909	0.01667	0.01128	0.01681	0.00955	0.01142	0.00692	0.00498	0.00505	0.00166	0.00761	0.00401	0.00228	0.00789
6	0.01240	0.01057	0.01131	0.01021	0.01297	0.01207	0.00792	0.02569	0.67131	0.02199	0.12192	0.02235	0.02061	0.00765	0.00549	0.00178	0.00396	0.00645	0.00544	0.00792
7	0.01772	0.01008	0.01228	0.00917	0.01354	0.00881	0.00749	0.13599	0.01488	0.34030	0.01470	0.01417	0.01021	0.00539	0.00472	0.00126	0.00446	0.00430	0.00489	0.36566
8	0.02032	0.00962	0.01382	0.01077	0.01465	0.00887	0.08333	0.02426	0.11496	0.56784	0.02034	0.05780	0.01409	0.00692	0.00549	0.00170	0.00483	0.00599	0.00592	0.00849
9	0.85155	0.01022	0.00777	0.00695	0.01022	0.01186	0.00573	0.01554	0.00900	0.02372	0.00736	0.00859	0.00573	0.00491	0.00327	0.00164	0.00409	0.00286	0.00327	0.00573
10	0.00758	0.00557	0.00803	0.00803	0.00881	0.00635	0.00602	0.00914	0.00836	0.01193	0.01459	0.02314	0.01425	0.17240	0.66191	0.00792	0.01261	0.00601	0.00290	0.00446
11	0.75138	0.01008	0.00831	0.00725	0.01062	0.01136	0.00597	0.01678	0.00974	0.11582	0.00899	0.00973	0.00662	0.00511	0.00352	0.00164	0.00414	0.00316	0.00367	0.00612
12	0.00644	0.00460	0.00613	0.00736	0.00767	0.00429	0.00491	0.00736	0.01012	0.01350	0.02914	0.81076	0.03497	0.01656	0.00675	0.00215	0.00307	0.01503	0.00491	0.00429
13	0.00769	0.00513	0.00577	0.00577	0.00577	0.00513	0.00320	0.00769	0.00769	0.01025	0.01666	0.03460	0.01922	0.81421	0.02691	0.00513	0.00513	0.00769	0.00320	0.00320
14	0.01187	0.01163	0.02070	0.31214	0.40909	0.01237	0.11459	0.01533	0.01156	0.01585	0.00984	0.01361	0.00784	0.00489	0.00539	0.00167	0.00691	0.00491	0.00253	0.00729
15	0.00734	0.00539	0.00692	0.00688	0.00809	0.00497	0.00522	0.00954	0.01386	0.01909	0.54404	0.11977	0.13136	0.01206	0.00639	0.00180	0.00281	0.08410	0.00553	0.00485
16	0.01314	0.01493	0.20438	0.12182	0.10897	0.01214	0.01284	0.02169	0.31604	0.09553	0.01548	0.01590	0.01136	0.00603	0.00526	0.00172	0.00574	0.00508	0.00399	0.00796
17	0.01780	0.20433	0.01853	0.01447	0.09240	0.53892	0.01055	0.01942	0.01372	0.01326	0.00816	0.00965	0.00696	0.00516	0.00450	0.00133	0.00832	0.00340	0.00261	0.00650
18	0.11852	0.15863	0.05615	0.01245	0.06136	0.05354	0.01024	0.40338	0.01808	0.02516	0.01041	0.01121	0.00789	0.00571	0.00495	0.00152	0.02484	0.00407	0.00399	0.00789
19	0.01433	0.01275	0.01967	0.10371	0.53864	0.01333	0.01471	0.18133	0.01473	0.02045	0.01050	0.01310	0.00838	0.00513	0.00525	0.00159	0.00625	0.00472	0.00318	0.00826
20	0.00650	0.00483	0.00610	0.00708	0.00772	0.00442	0.00491	0.00758	0.01061	0.01377	0.03398	0.62137	0.18390	0.01583	0.00667	0.00209	0.00308	0.05032	0.00491	0.00436
21	0.00650	0.00485	0.00606	0.00692	0.00763	0.00441	0.00479	0.00764	0.01088	0.01416	0.07737	0.57986	0.20296	0.01548	0.00662	0.00204	0.00299	0.02950	0.00496	0.00438
22	0.01165	0.02468	0.61959	0.01583	0.06011	0.04120	0.03423	0.05551	0.01191	0.01727	0.00951	0.01137	0.00695	0.00532	0.00577	0.00169	0.05320	0.00406	0.00244	0.00771
23	0.01219	0.00780	0.00893	0.00793	0.01004	0.00798	0.00629	0.19693	0.01568	0.06620	0.19397	0.06707	0.05419	0.00886	0.00534	0.00162	0.00366	0.07226	0.24694	0.00612

[dist]
# distance from previous block
# <min> <max>
0	1

[block]
# block no. 1 follows, 46 sequences, length 59
# corresponding to MSA columns:
# 114-172
name=unknown_B
#
# <colnr> <probs for GDERKNQSTAVLIFYWHMCP>
#	G	D	E	R	K	N	Q	S	T	A	V	L	I	F	Y	W	H	M	C	P
0	0.01572	0.51021	0.05511	0.01018	0.01452	0.07814	0.00956	0.10738	0.07012	0.06956	0.01014	0.01068	0.00819	0.00517	0.00408	0.00131	0.00587	0.00356	0.00319	0.00731
1	0.01444	0.00793	0.01002	0.00825	0.01121	0.00718	0.00653	0.01810	0.09757	0.29562	0.30106	0.02562	0.03723	0.00791	0.00548	0.00154	0.00361	0.00673	0.00563	0.12836
2	0.01402	0.14824	0.33023	0.01641	0.15583	0.05896	0.01470	0.11519	0.03093	0.05230	0.01035	0.01168	0.00782	0.00520	0.00484	0.00154	0.00680	0.00407	0.00300	0.00787
3	0.01431	0.48813	0.21398	0.01112	0.01643	0.01735	0.03067	0.06988	0.01220	0.06878	0.00928	0.01025	0.00739	0.00491	0.00414	0.00135	0.00620	0.00349	0.00278	0.00736
4	0.00661	0.00523	0.00595	0.00606	0.00744	0.00457	0.00443	0.00818	0.01247	0.01597	0.24108	0.18516	0.45155	0.01328	0.00633	0.00182	0.00270	0.01143	0.00515	0.00457
5	0.01476	0.01419	0.18614	0.07122	0.01827	0.01081	0.07490	0.10811	0.07958	0.18824	0.01401	0.01545	0.01027	0.04119	0.03927	0.00202	0.00630	0.00491	0.00403	0.09630
6	0.01589	0.07582	0.12092	0.03767	0.26476	0.05139	0.01324	0.24643	0.01597	0.07147	0.01107	0.01250	0.00839	0.00552	0.00536	0.00157	0.02578	0.00445	0.00361	0.00818
7	0.04778	0.00689	0.00986	0.06777	0.01193	0.00724	0.05863	0.01257	0.01001	0.10165	0.01505	0.02141	0.01325	0.17120	0.26700	0.00449	0.00789	0.00572	0.15439	0.00525
8	0.00769	0.00513	0.00577	0.00577	0.00577	0.00513	0.00320	0.00769	0.00769	0.01025	0.01666	0.03460	0.01922	0.81421	0.02691	0.00513	0.00513	0.00769	0.00320	0.00320
9	0.01427	0.03284	0.18815	0.13468	0.07882	0.06770	0.11607	0.13355	0.01433	0.09692	0.05219	0.01493	0.02002	0.00575	0.00534	0.00164	0.00682	0.00501	0.00351	0.00744
10	0.01685	0.23408	0.01805	0.01126	0.01502	0.15599	0.00943	0.26210	0.18703	0.02147	0.01241	0.01256	0.00961	0.00588	0.00470	0.00147	0.00607	0.00426	0.00403	0.00774
11	0.10867	0.01172	0.04554	0.01014	0.01438	0.01102	0.00866	0.25185	0.01707	0.39184	0.01571	0.01463	0.01045	0.00608	0.00499	0.00157	0.00497	0.00469	0.00542	0.06060
12	0.04776	0.18940	0.46409	0.01240	0.01846	0.03159	0.01462	0.01672	0.01163	0.06988	0.06735	0.01305	0.01036	0.00546	0.00471	0.00155	0.00661	0.00415	0.00286	0.00734
13	0.08185	0.03448	0.21427	0.07036	0.15642	0.01243	0.01304	0.13218	0.08481	0.09064	0.03070	0.01500	0.01039	0.00589	0.00509	0.00166	0.00598	0.02335	0.00370	0.00779
14	0.08412	0.00929	0.01121	0.00910	0.01257	0.00902	0.00737	0.07401	0.12555	0.44512	0.08507	0.02119	0.06808	0.00732	0.00530	0.00167	0.00422	0.00594	0.00586	0.00800
15	0.01151	0.01144	0.02052	0.36279	0.25823	0.01262	0.15824	0.01493	0.01120	0.01525	0.00963	0.01364	0.00763	0.00524	0.00632	0.00175	0.06471	0.00499	0.00249	0.00686
16	0.01494	0.07549	0.07446	0.02258	0.36705	0.06953	0.09431	0.18140	0.01496	0.02007	0.01028	0.01239	0.00813	0.00510	0.00517	0.00156	0.00675	0.00460	0.00317	0.00806
17	0.01714	0.01518	0.01330	0.01115	0.01423	0.21934	0.00881	0.36717	0.01856	0.04186	0.01562	0.05091	0.06483	0.00850	0.03862	0.00184	0.01766	0.00537	0.06270	0.00720
18	0.00836	0.00564	0.00708	0.00658	0.00813	0.00507	0.00498	0.01058	0.01438	0.07285	0.57753	0.04032	0.19647	0.01104	0.00617	0.00169	0.00267	0.00959	0.00568	0.00516
19	0.01539	0.01400	0.10380	0.07349	0.07580	0.01329	0.08597	0.27425	0.08661	0.07869	0.01303	0.01424	0.00958	0.00607	0.00601	0.00167	0.05578	0.00496	0.05950	0.00787
20	0.00644	0.00460	0.00613	0.00736	0.00767	0.00429	0.00491	0.00736	0.01012	0.01350	0.02914	0.81076	0.03497	0.01656	0.00675	0.00215	0.00307	0.01503	0.00491	0.00429
21	0.01183	0.01565	0.27533	0.03281	0.08634	0.01141	0.01294	0.09449	0.06478	0.04984	0.01221	0.01496	0.00972	0.01459	0.20931	0.00347	0.06528	0.00480	0.00315	0.00709
22	0.02187	0.01197	0.01411	0.01082	0.01498	0.01218	0.00893	0.40284	0.02010	0.40079	0.01668	0.01528	0.01099	0.00644	0.00530	0.00161	0.00517	0.00503	0.00590	0.00899
23	0.00769	0.00513	0.00577	0.00577	0.00577	0.00513	0.00320	0.00769	0.00769	0.01025	0.01666	0.03460	0.01922	0.81421	0.02691	0.00513	0.00513	0.00769	0.00320	0.00320
24	0.01541	0.01137	0.01393	0.07130	0.05224	0.01227	0.02806	0.39216	0.04203	0.06190	0.06930	0.08865	0.01673	0.00831	0.00573	0.00176	0.00532	0.09114	0.00490	0.00751
25	0.01257	0.01265	0.02020	0.25951	0.43951	0.06662	0.08119	0.01582	0.01184	0.01582	0.00972	0.01324	0.00784	0.00491	0.00531	0.00163	0.00697	0.00475	0.00255	0.00736
26	0.00769	0.00513	0.00577	0.00577	0.00577	0.00513	0.00320	0.00769	0.00769	0.01025	0.01666	0.03460	0.01922	0.81421	0.02691	0.00513	0.00513	0.00769	0.00320	0.00320
27	0.01312	0.01294	0.02044	0.11891	0.65195	0.05785	0.01570	0.01620	0.01204	0.01659	0.00978	0.01299	0.00813	0.00482	0.00521	0.00158	0.00656	0.00463	0.00259	0.00796
28	0.01504	0.37778	0.02229	0.01601	0.21220	0.08674	0.01108	0.11110	0.07028	0.01707	0.00982	0.01113	0.00817	0.00508	0.00438	0.00137	0.00607	0.00384	0.00301	0.00753
29	0.01266	0.01073	0.01076	0.00976	0.01197	0.06631	0.00737	0.10551	0.37818	0.01922	0.01879	0.02502	0.01652	0.21568	0.01102	0.00265	0.00505	0.06154	0.00458	0.00669
30	0.01312	0.10193	0.11106	0.04128	0.31497	0.06788	0.24083	0.01673	0.01210	0.01620	0.00971	0.01250	0.00777	0.00471	0.00528	0.00159	0.00743	0.00479	0.00255	0.00755
31	0.01463	0.15657	0.13181	0.01557	0.07640	0.15691	0.13036	0.09955	0.04927	0.01701	0.00975	0.01165	0.00779	0.00561	0.00630	0.00160	0.09479	0.00433	0.00292	0.00720
32	0.02372	0.00900	0.01227	0.00941	0.01350	0.00777	0.00777	0.02576	0.01513	0.78489	0.02086	0.01799	0.01309	0.00654	0.00532	0.00164	0.00450	0.00532	0.00654	0.00900
33	0.00913	0.00652	0.00774	0.00773	0.00884	0.00670	0.00543	0.01313	0.17450	0.04818	0.12423	0.28507	0.02781	0.21905	0.01154	0.00276	0.00387	0.02783	0.00476	0.00520
34	0.01191	0.27722	0.31462	0.06799	0.06997	0.05124	0.01355	0.01553	0.01141	0.01511	0.05745	0.05054	0.01090	0.00579	0.00468	0.00151	0.00648	0.00453	0.00265	0.00696
35	0.01088	0.08914	0.72744	0.01460	0.02215	0.01295	0.01871	0.01667	0.01113	0.01641	0.00932	0.01095	0.00670	0.00498	0.00490	0.00163	0.00764	0.00382	0.00223	0.00773
36	0.01587	0.00896	0.01069	0.00906	0.01213	0.00894	0.00719	0.02246	0.28333	0.32758	0.11797	0.02521	0.11095	0.00811	0.00556	0.00171	0.00392	0.00678	0.00584	0.00774
37	0.01417	0.01374	0.01166	0.01136	0.04519	0.25516	0.00819	0.04488	0.19478	0.06990	0.02060	0.19623	0.07385	0.00903	0.00555	0.00171	0.00567	0.00745	0.00436	0.00652
38	0.01876	0.01013	0.01494	0.05144	0.24921	0.00966	0.01051	0.05852	0.01420	0.42737	0.01636	0.01616	0.01120	0.00589	0.00518	0.00159	0.00509	0.00505	0.06034	0.00840
39	0.00641	0.00471	0.00602	0.00707	0.00759	0.00432	0.00478	0.00739	0.01040	0.01361	0.03266	0.70099	0.14245	0.01610	0.00668	0.00209	0.00301	0.01447	0.00491	0.00432
40	0.01064	0.00879	0.01194	0.09692	0.01507	0.00934	0.06475	0.12519	0.07344	0.01892	0.10846	0.03511	0.17014	0.01012	0.00665	0.00192	0.03858	0.18346	0.00454	0.00601
41	0.01123	0.16863	0.65107	0.01399	0.02122	0.01382	0.01766	0.01658	0.01109	0.01597	0.00910	0.01068	0.00671	0.00493	0.00473	0.00158	0.00743	0.00371	0.00224	0.00763
42	0.14148	0.01414	0.01468	0.01140	0.01549	0.01573	0.00942	0.65440	0.02254	0.03192	0.01191	0.01209	0.00851	0.00614	0.00499	0.00159	0.00557	0.00448	0.00499	0.00851
43	0.01337	0.01219	0.01854	0.27273	0.43368	0.06737	0.01468	0.01643	0.01201	0.07331	0.01046	0.01352	0.00820	0.00508	0.00522	0.00162	0.00662	0.00466	0.00283	0.00747
44	0.00811	0.00531	0.00706	0.00786	0.00877	0.00496	0.00585	0.00952	0.01119	0.06786	0.04790	0.51317	0.08857	0.01506	0.00672	0.00214	0.00352	0.17662	0.00503	0.00478
45	0.74105	0.01083	0.00885	0.00764	0.01104	0.01246	0.00630	0.11496	0.01110	0.02499	0.00807	0.00913	0.00616	0.00510	0.00354	0.00163	0.00432	0.00311	0.00354	0.00616
46	0.05080	0.01263	0.02043	0.02980	0.68970	0.01282	0.01530	0.07222	0.01286	0.01876	0.01004	0.01286	0.00830	0.00484	0.00515	0.00157	0.00615	0.00463	0.00285	0.00830
47	0.57419	0.01024	0.01071	0.00890	0.01215	0.01129	0.08579	0.06833	0.01141	0.02330	0.12621	0.01421	0.01297	0.00587	0.00418	0.00165	0.00448	0.00438	0.00374	0.00599
48	0.00644	0.00460	0.00613	0.00736	0.00767	0.00429	0.00491	0.00736	0.01012	0.01350	0.02914	0.81076	0.03497	0.01656	0.00675	0.00215	0.00307	0.01503	0.00491	0.00429
49	0.01326	0.01230	0.02023	0.17024	0.52933	0.01287	0.04676	0.09789	0.01320	0.01833	0.01018	0.01328	0.00818	0.00498	0.00529	0.00162	0.00648	0.00478	0.00286	0.00793
50	0.01321	0.01232	0.02032	0.13027	0.62768	0.01274	0.01556	0.07190	0.01281	0.01799	0.01008	0.01319	0.00825	0.00491	0.00524	0.00160	0.00634	0.00471	0.00278	0.00810
51	0.00762	0.00512	0.00588	0.00601	0.00607	0.00509	0.00349	0.00776	0.00801	0.01066	0.01794	0.09356	0.02074	0.72992	0.02480	0.00482	0.00496	0.03084	0.00338	0.00334
52	0.00641	0.00472	0.00601	0.00705	0.00759	0.00432	0.00477	0.00740	0.01042	0.01362	0.03288	0.69425	0.14906	0.01608	0.00667	0.00209	0.00301	0.01444	0.00491	0.00432
53	0.01327	0.01288	0.01981	0.06318	0.62377	0.04962	0.01497	0.01770	0.09934	0.01745	0.01116	0.01372	0.00913	0.00505	0.00523	0.00159	0.00623	0.00479	0.00293	0.00816
54	0.01308	0.01256	0.02146	0.03245	0.78123	0.01256	0.01622	0.01622	0.01204	0.01727	0.00994	0.01308	0.00837	0.00471	0.00523	0.00157	0.00628	0.00471	0.00262	0.00837
55	0.01759	0.02073	0.01738	0.01634	0.09795	0.50353	0.08206	0.07505	0.01451	0.01528	0.00882	0.01079	0.00727	0.00571	0.00621	0.00153	0.08572	0.00403	0.00286	0.00664
56	0.00649	0.00511	0.00586	0.00621	0.00742	0.00448	0.00445	0.00786	0.01183	0.01502	0.15001	0.30067	0.42771	0.01407	0.00641	0.00189	0.00278	0.01221	0.00504	0.00448
57	0.00949	0.00868	0.09951	0.06759	0.01250	0.00652	0.00764	0.01189	0.01237	0.09468	0.22699	0.22630	0.12184	0.01063	0.00592	0.00175	0.00392	0.00928	0.00470	0.05781
58	0.07470	0.01364	0.03939	0.02106	0.34427	0.09312	0.09063	0.07547	0.01321	0.07284	0.01144	0.04801	0.00946	0.00551	0.00513	0.00156	0.00631	0.00497	0.00330	0.06596

[dist]
# distance from previous block
# <min> <max>
1	35

[block]
# block no. 2 follows, 46 sequences, length 49
# corresponding to MSA columns:
# 208-256
name=unknown_C
#
# <colnr> <probs for GDERKNQSTAVLIFYWHMCP>
#	G	D	E	R	K	N	Q	S	T	A	V	L	I	F	Y	W	H	M	C	P
0	0.05653	0.06685	0.06307	0.00849	0.01094	0.00769	0.00706	0.01460	0.03856	0.20701	0.09382	0.33412	0.04842	0.01082	0.00573	0.00182	0.00396	0.00937	0.00495	0.00617
1	0.01641	0.12924	0.01481	0.04286	0.03409	0.15494	0.00871	0.14035	0.07267	0.15925	0.08948	0.01793	0.05425	0.00673	0.00502	0.00152	0.00557	0.00523	0.03376	0.00719
2	0.01358	0.10079	0.44029	0.01229	0.01813	0.01150	0.01414	0.03923	0.01258	0.17686	0.06826	0.04469	0.01231	0.00618	0.00508	0.00163	0.00628	0.00495	0.00358	0.00765
3	0.01346	0.03922	0.10284	0.01543	0.11028	0.01286	0.13017	0.12525	0.23858	0.02071	0.01367	0.01453	0.01039	0.00555	0.00518	0.00156	0.00583	0.00497	0.00384	0.12570
4	0.00648	0.00463	0.00617	0.00733	0.00768	0.00432	0.00491	0.00747	0.01032	0.01381	0.05962	0.77938	0.03557	0.01633	0.00673	0.00213	0.00304	0.01481	0.00494	0.00432
5	0.06936	0.00859	0.01126	0.00893	0.01261	0.00761	0.00728	0.02305	0.01429	0.65155	0.02220	0.07334	0.05060	0.00746	0.00534	0.00168	0.00429	0.00612	0.00616	0.00827
6	0.00703	0.00525	0.00653	0.00650	0.00769	0.00475	0.00477	0.00899	0.01345	0.01831	0.48626	0.18309	0.20312	0.01241	0.00633	0.00178	0.00264	0.01090	0.00546	0.00475
7	0.01501	0.00852	0.00960	0.00802	0.01052	0.00877	0.00636	0.23694	0.01568	0.14787	0.04660	0.01788	0.01327	0.00735	0.00577	0.06272	0.00395	0.00510	0.36346	0.00661
8	0.01413	0.81739	0.02770	0.00905	0.01357	0.02092	0.00905	0.01583	0.01074	0.01244	0.00735	0.00848	0.00678	0.00452	0.00339	0.00113	0.00565	0.00283	0.00226	0.00678
9	0.01280	0.01227	0.02095	0.10218	0.71370	0.01249	0.01608	0.01598	0.01190	0.01693	0.00989	0.01318	0.00825	0.00476	0.00524	0.00159	0.00635	0.00471	0.00259	0.00815
10	0.05441	0.00968	0.01041	0.00927	0.01184	0.06247	0.00716	0.04347	0.21893	0.21700	0.12420	0.16840	0.02211	0.00901	0.00559	0.00176	0.00424	0.00762	0.00537	0.00705
11	0.00644	0.00460	0.00613	0.00736	0.00767	0.00429	0.00491	0.00736	0.01012	0.01350	0.02914	0.81076	0.03497	0.01656	0.00675	0.00215	0.00307	0.01503	0.00491	0.00429
12	0.62827	0.00989	0.00898	0.00761	0.01111	0.01076	0.00628	0.01830	0.01065	0.22902	0.01100	0.01112	0.00771	0.00535	0.00382	0.00164	0.00420	0.00352	0.00415	0.00661
13	0.37850	0.00912	0.00938	0.00807	0.01115	0.00954	0.00661	0.06812	0.01279	0.22039	0.11559	0.02057	0.04013	0.00721	0.00473	0.00170	0.00412	0.06093	0.00477	0.00659
14	0.01371	0.01407	0.19546	0.01052	0.01406	0.10634	0.00987	0.04219	0.01282	0.20000	0.02083	0.25224	0.06654	0.00945	0.00566	0.00177	0.00543	0.00798	0.00440	0.00667
15	0.00637	0.00532	0.00555	0.00558	0.00724	0.00450	0.00415	0.00779	0.01221	0.01485	0.11624	0.09000	0.67544	0.01333	0.00627	0.00179	0.00268	0.01122	0.00499	0.00450
16	0.01278	0.01293	0.02407	0.06094	0.53098	0.01276	0.23367	0.01632	0.01211	0.01702	0.01014	0.01347	0.00822	0.00466	0.00553	0.00164	0.00708	0.00516	0.00262	0.00791
17	0.03310	0.01630	0.06038	0.06039	0.36716	0.18376	0.09331	0.09003	0.01379	0.01778	0.00980	0.01224	0.00784	0.00505	0.00519	0.00156	0.00730	0.00451	0.00289	0.00760
18	0.01326	0.01304	0.02172	0.03137	0.72140	0.03707	0.05152	0.01641	0.01215	0.01712	0.00992	0.01303	0.00831	0.00472	0.00527	0.00157	0.00651	0.00474	0.00262	0.00824
19	0.00719	0.00509	0.00671	0.00716	0.00755	0.00526	0.00484	0.00809	0.00882	0.01204	0.02049	0.31488	0.02321	0.29234	0.24670	0.00503	0.00705	0.00978	0.00372	0.00405
20	0.22707	0.15421	0.06670	0.01308	0.08880	0.33889	0.01008	0.01805	0.01222	0.01624	0.00809	0.00957	0.00668	0.00506	0.00422	0.00143	0.00708	0.00333	0.00274	0.00647
21	0.00750	0.00557	0.00594	0.00579	0.00763	0.00470	0.00436	0.00891	0.01227	0.06731	0.07747	0.08832	0.65970	0.01299	0.00621	0.00179	0.00282	0.01090	0.00506	0.00478
22	0.01528	0.34707	0.07609	0.01423	0.05604	0.25481	0.13551	0.01771	0.01242	0.01388	0.00843	0.01018	0.00707	0.00484	0.00449	0.00137	0.00756	0.00374	0.00249	0.00679
23	0.00731	0.00540	0.00683	0.00647	0.00779	0.00492	0.00485	0.00964	0.01456	0.02024	0.67776	0.04107	0.15117	0.01117	0.00624	0.00168	0.00252	0.00978	0.00569	0.00492
24	0.00947	0.00667	0.00772	0.00724	0.00903	0.00660	0.00549	0.01405	0.16239	0.06390	0.31542	0.08742	0.17881	0.01027	0.00579	0.00170	0.00302	0.00883	0.09045	0.00573
25	0.00753	0.00536	0.00715	0.00724	0.00774	0.00580	0.00502	0.00854	0.00827	0.01149	0.01632	0.08402	0.01737	0.37027	0.40742	0.00659	0.00948	0.00721	0.00314	0.00404
26	0.01686	0.01776	0.05480	0.01229	0.01572	0.28283	0.00997	0.19168	0.30135	0.02120	0.01428	0.01416	0.01080	0.00628	0.00513	0.00159	0.00659	0.00470	0.00428	0.00771
27	0.01329	0.01372	0.01320	0.01018	0.01441	0.20773	0.05277	0.01552	0.01208	0.01612	0.00916	0.01080	0.00758	0.00434	0.00427	0.00099	0.00565	0.00339	0.00300	0.58181
28	0.01677	0.01494	0.01739	0.01631	0.13715	0.13164	0.09788	0.25552	0.17676	0.06101	0.01361	0.01420	0.01016	0.00592	0.00533	0.00162	0.00640	0.00500	0.00426	0.00811
29	0.01219	0.01035	0.01116	0.01025	0.01294	0.01177	0.00803	0.02488	0.63620	0.02134	0.07773	0.02518	0.03785	0.00820	0.00562	0.00184	0.00408	0.06730	0.00536	0.00774
30	0.01185	0.01159	0.01972	0.01545	0.01793	0.01297	0.28104	0.08950	0.01208	0.01698	0.06179	0.11461	0.01384	0.00824	0.01007	0.00198	0.28385	0.00685	0.00330	0.00636
31	0.01060	0.02735	0.78682	0.01507	0.02288	0.01228	0.01953	0.01674	0.01116	0.01674	0.00949	0.01116	0.00670	0.00502	0.00502	0.00167	0.00781	0.00391	0.00223	0.00781
32	0.00634	0.00533	0.00550	0.00551	0.00721	0.00449	0.00411	0.00774	0.01217	0.01471	0.10037	0.07669	0.70512	0.01333	0.00626	0.00179	0.00268	0.01119	0.00497	0.00449
33	0.00833	0.00566	0.00651	0.00642	0.00804	0.00497	0.00481	0.00977	0.01209	0.08923	0.11096	0.13424	0.44602	0.07103	0.00778	0.00209	0.00320	0.05894	0.00503	0.00487
34	0.00998	0.00940	0.01586	0.80150	0.03641	0.01175	0.01468	0.01351	0.01057	0.01351	0.00940	0.01409	0.00705	0.00529	0.00529	0.00176	0.00705	0.00470	0.00235	0.00587
35	0.79072	0.01031	0.00807	0.00723	0.01048	0.01195	0.00592	0.01645	0.06433	0.02360	0.00839	0.00940	0.00648	0.00507	0.00342	0.00165	0.00410	0.00309	0.00342	0.00592
36	0.00640	0.00523	0.00566	0.00583	0.00731	0.00448	0.00427	0.00778	0.01200	0.01482	0.11973	0.18166	0.57910	0.01369	0.00633	0.00184	0.00273	0.01167	0.00500	0.00448
37	0.01119	0.01062	0.01803	0.50322	0.32530	0.01206	0.01528	0.01456	0.01114	0.01497	0.00961	0.01370	0.00756	0.00506	0.00527	0.00169	0.00675	0.00470	0.00245	0.00684
38	0.05692	0.06727	0.15942	0.01267	0.01682	0.04563	0.09804	0.12442	0.20716	0.02018	0.01552	0.05099	0.01310	0.00711	0.00539	0.00175	0.00598	0.08032	0.00397	0.00735
39	0.01155	0.01219	0.02249	0.01729	0.01995	0.01376	0.36969	0.01436	0.01024	0.01468	0.00955	0.01390	0.00817	0.01040	0.09990	0.00276	0.33477	0.00551	0.00254	0.00631
40	0.00700	0.00502	0.00617	0.00687	0.00739	0.00475	0.00467	0.00787	0.00990	0.01291	0.02881	0.39677	0.13454	0.24853	0.01262	0.00300	0.00381	0.09089	0.00441	0.00406
41	0.01366	0.01023	0.01182	0.01028	0.01227	0.06045	0.00812	0.14780	0.07824	0.11439	0.01421	0.01821	0.01198	0.09524	0.25151	0.00417	0.12170	0.00539	0.00391	0.00643
42	0.07715	0.15856	0.38325	0.01261	0.01834	0.08593	0.01394	0.10675	0.03501	0.04740	0.01000	0.01105	0.00744	0.00525	0.00464	0.00154	0.00685	0.00381	0.00298	0.00753
43	0.00655	0.00466	0.00615	0.00727	0.00756	0.00439	0.00481	0.00742	0.00992	0.01324	0.02798	0.74119	0.03345	0.07427	0.02195	0.00247	0.00341	0.01434	0.00475	0.00422
44	0.00685	0.00496	0.00647	0.00698	0.00774	0.00458	0.00490	0.00843	0.01217	0.01665	0.33341	0.46261	0.07640	0.01408	0.00652	0.00193	0.00282	0.01263	0.00528	0.00458
45	0.01431	0.13532	0.04211	0.01038	0.01370	0.01218	0.04812	0.14468	0.13474	0.12638	0.20911	0.02070	0.02055	0.00732	0.00575	0.00162	0.03498	0.00600	0.00479	0.00727
46	0.79080	0.06879	0.00922	0.00710	0.01047	0.01252	0.00597	0.01556	0.00912	0.02290	0.00736	0.00858	0.00580	0.00488	0.00328	0.00160	0.00420	0.00286	0.00320	0.00580
47	0.00676	0.00497	0.00622	0.00674	0.00751	0.00455	0.00467	0.00809	0.01151	0.01537	0.22331	0.43679	0.16073	0.06779	0.00788	0.00216	0.00299	0.01251	0.00503	0.00443
48	0.01675	0.16605	0.01932	0.01497	0.12429	0.05835	0.05513	0.35201	0.10070	0.02381	0.01190	0.01264	0.00909	0.00570	0.00496	0.00152	0.00606	0.00454	0.00406	0.00815

[dist]
# distance from previous block
# <min> <max>
0	2

[block]
# block no. 3 follows, 46 sequences, length 90
# corresponding to MSA columns:
# 259-348
name=unknown_D
#
# <colnr> <probs for GDERKNQSTAVLIFYWHMCP>
#	G	D	E	R	K	N	Q	S	T	A	V	L	I	F	Y	W	H	M	C	P
0	0.01413	0.81739	0.02770	0.00905	0.01357	0.02092	0.00905	0.01583	0.01074	0.01244	0.00735	0.00848	0.00678	0.00452	0.00339	0.00113	0.00565	0.00283	0.00226	0.00678
1	0.01483	0.01021	0.01284	0.18806	0.01848	0.01124	0.00979	0.22343	0.11368	0.12641	0.01686	0.02220	0.01360	0.00745	0.00547	0.00175	0.00528	0.11490	0.07625	0.00725
2	0.01262	0.01262	0.02119	0.15163	0.42119	0.03749	0.14374	0.01659	0.05712	0.01652	0.01046	0.01365	0.00844	0.00517	0.00604	0.00168	0.04855	0.00500	0.00274	0.00755
3	0.01330	0.01029	0.01484	0.01217	0.01514	0.01054	0.16019	0.17577	0.14412	0.09035	0.01984	0.27192	0.01876	0.00942	0.00597	0.00185	0.00516	0.00863	0.00477	0.00699
4	0.00785	0.00561	0.00775	0.00897	0.00989	0.00551	0.00735	0.00980	0.01151	0.01507	0.02836	0.30172	0.03189	0.01524	0.00712	0.00234	0.00429	0.51017	0.00488	0.00468
5	0.06907	0.01117	0.04078	0.01704	0.26123	0.01023	0.01090	0.06615	0.01422	0.42145	0.01567	0.01531	0.01067	0.00579	0.00516	0.00161	0.00524	0.00489	0.00486	0.00856
6	0.00700	0.00503	0.00675	0.00790	0.00852	0.00478	0.00583	0.00837	0.01083	0.01430	0.04632	0.57151	0.05870	0.01582	0.00687	0.00220	0.00351	0.20637	0.00492	0.00447
7	0.02010	0.01481	0.01587	0.01216	0.01639	0.01639	0.01005	0.76360	0.02486	0.03332	0.01269	0.01269	0.00899	0.00635	0.00529	0.00159	0.00582	0.00476	0.00529	0.00899
8	0.00644	0.00460	0.00613	0.00736	0.00767	0.00429	0.00491	0.00736	0.01012	0.01350	0.02914	0.81076	0.03497	0.01656	0.00675	0.00215	0.00307	0.01503	0.00491	0.00429
9	0.02055	0.01408	0.01542	0.01182	0.01603	0.01532	0.00976	0.67146	0.02364	0.12717	0.01371	0.01335	0.00950	0.00637	0.00529	0.00159	0.00565	0.00483	0.00545	0.00899
10	0.01157	0.01157	0.01619	0.01388	0.01388	0.01619	0.01157	0.01272	0.00810	0.01272	0.00694	0.01157	0.00694	0.00925	0.01735	0.00231	0.80453	0.00463	0.00231	0.00578
11	0.02029	0.01450	0.01568	0.01202	0.01624	0.01594	0.00993	0.72505	0.02435	0.07259	0.01312	0.01297	0.00920	0.00636	0.00529	0.00159	0.00575	0.00479	0.00535	0.00899
12	0.00644	0.00460	0.00613	0.00736	0.00767	0.00429	0.00491	0.00736	0.01012	0.01350	0.02914	0.81076	0.03497	0.01656	0.00675	0.00215	0.00307	0.01503	0.00491	0.00429
13	0.07622	0.01906	0.01391	0.01210	0.01527	0.43953	0.00936	0.12593	0.11367	0.10707	0.01194	0.01221	0.00897	0.00589	0.00488	0.00150	0.00737	0.00411	0.00390	0.00712
14	0.00998	0.00940	0.01586	0.80150	0.03641	0.01175	0.01468	0.01351	0.01057	0.01351	0.00940	0.01409	0.00705	0.00529	0.00529	0.00176	0.00705	0.00470	0.00235	0.00587
15	0.00769	0.00513	0.00577	0.00577	0.00577	0.00513	0.00320	0.00769	0.00769	0.01025	0.01666	0.03460	0.01922	0.81421	0.02691	0.00513	0.00513	0.00769	0.00320	0.00320
16	0.01280	0.01227	0.02095	0.10276	0.71314	0.01249	0.01608	0.01598	0.01190	0.01693	0.00989	0.01318	0.00825	0.00476	0.00524	0.00159	0.00635	0.00471	0.00259	0.00815
17	0.00644	0.00460	0.00613	0.00736	0.00767	0.00429	0.00491	0.00736	0.01012	0.01350	0.02914	0.81076	0.03497	0.01656	0.00675	0.00215	0.00307	0.01503	0.00491	0.00429
18	0.01277	0.01224	0.02090	0.10928	0.70682	0.01248	0.01607	0.01595	0.01189	0.01690	0.00989	0.01319	0.00824	0.00477	0.00524	0.00159	0.00636	0.00471	0.00259	0.00812
19	0.00769	0.00513	0.00577	0.00577	0.00577	0.00513	0.00320	0.00769	0.00769	0.01025	0.01666	0.03460	0.01922	0.81421	0.02691	0.00513	0.00513	0.00769	0.00320	0.00320
20	0.02010	0.01481	0.01587	0.01216	0.01639	0.01639	0.01005	0.76360	0.02486	0.03332	0.01269	0.01269	0.00899	0.00635	0.00529	0.00159	0.00582	0.00476	0.00529	0.00899
21	0.01507	0.00927	0.01138	0.00834	0.01284	0.00728	0.00675	0.01732	0.01231	0.26465	0.01309	0.01323	0.00952	0.00476	0.00437	0.00106	0.00410	0.00384	0.00423	0.57659
22	0.01261	0.47543	0.35627	0.01165	0.01760	0.01718	0.01358	0.01622	0.01092	0.01430	0.00827	0.00964	0.00675	0.00474	0.00410	0.00137	0.00659	0.00329	0.00225	0.00723
23	0.01308	0.01256	0.02146	0.03245	0.78123	0.01256	0.01622	0.01622	0.01204	0.01727	0.00994	0.01308	0.00837	0.00471	0.00523	0.00157	0.00628	0.00471	0.00262	0.00837
24	0.00713	0.00524	0.00668	0.00665	0.00776	0.00479	0.00486	0.00917	0.01365	0.01884	0.54312	0.19701	0.13093	0.01227	0.00634	0.00177	0.00263	0.01085	0.00553	0.00479
25	0.01413	0.81739	0.02770	0.00905	0.01357	0.02092	0.00905	0.01583	0.01074	0.01244	0.00735	0.00848	0.00678	0.00452	0.00339	0.00113	0.00565	0.00283	0.00226	0.00678
26	0.00941	0.00756	0.00867	0.00812	0.01000	0.00793	0.00616	0.01632	0.29668	0.02033	0.37344	0.09301	0.10091	0.01013	0.00596	0.00176	0.00319	0.00879	0.00550	0.00615
27	0.00852	0.00608	0.00852	0.00974	0.01095	0.00608	0.00852	0.01095	0.01217	0.01582	0.02799	0.05963	0.03042	0.01460	0.00730	0.00243	0.00487	0.74565	0.00487	0.00487
28	0.00639	0.00536	0.00555	0.00551	0.00723	0.00452	0.00413	0.00786	0.01239	0.01508	0.13746	0.04956	0.69468	0.01309	0.00625	0.00177	0.00266	0.01097	0.00501	0.00452
29	0.00670	0.00537	0.00599	0.00583	0.00742	0.00466	0.00437	0.00847	0.01312	0.01683	0.32050	0.04668	0.51056	0.01244	0.00624	0.00174	0.00261	0.01057	0.00524	0.00466
30	0.01248	0.01426	0.03119	0.02228	0.02763	0.01337	0.76203	0.01693	0.01248	0.01693	0.01070	0.01426	0.00802	0.00446	0.00624	0.00178	0.00891	0.00624	0.00267	0.00713
31	0.02372	0.00900	0.01227	0.00941	0.01350	0.00777	0.00777	0.02576	0.01513	0.78489	0.02086	0.01799	0.01309	0.00654	0.00532	0.00164	0.00450	0.00532	0.00654	0.00900
32	0.00714	0.00539	0.00659	0.00629	0.00769	0.00484	0.00472	0.00931	0.01415	0.01928	0.57698	0.04265	0.25254	0.01152	0.00624	0.00170	0.00255	0.01000	0.00557	0.00484
33	0.58593	0.00983	0.00921	0.00774	0.01127	0.01055	0.00638	0.01882	0.01097	0.26796	0.01169	0.01161	0.00809	0.00543	0.00393	0.00164	0.00422	0.00365	0.00432	0.00678
34	0.00644	0.00460	0.00613	0.00736	0.00767	0.00429	0.00491	0.00736	0.01012	0.01350	0.02914	0.81076	0.03497	0.01656	0.00675	0.00215	0.00307	0.01503	0.00491	0.00429
35	0.00642	0.00467	0.00606	0.00717	0.00762	0.00431	0.00482	0.00738	0.01030	0.01357	0.03141	0.73994	0.10432	0.01627	0.00670	0.00211	0.00303	0.01467	0.00491	0.00431
36	0.01260	0.47430	0.35736	0.01166	0.01761	0.01717	0.01360	0.01623	0.01092	0.01431	0.00828	0.00964	0.00675	0.00474	0.00410	0.00137	0.00659	0.00330	0.00225	0.00723
37	0.01413	0.81739	0.02770	0.00905	0.01357	0.02092	0.00905	0.01583	0.01074	0.01244	0.00735	0.00848	0.00678	0.00452	0.00339	0.00113	0.00565	0.00283	0.00226	0.00678
38	0.00654	0.00467	0.00625	0.00747	0.00782	0.00438	0.00508	0.00753	0.01022	0.01361	0.02908	0.77497	0.03475	0.01647	0.00677	0.00216	0.00315	0.04984	0.00491	0.00432
39	0.01413	0.81739	0.02770	0.00905	0.01357	0.02092	0.00905	0.01583	0.01074	0.01244	0.00735	0.00848	0.00678	0.00452	0.00339	0.00113	0.00565	0.00283	0.00226	0.00678
40	0.01117	0.01061	0.01800	0.50772	0.32094	0.01206	0.01527	0.01455	0.01113	0.01495	0.00961	0.01371	0.00755	0.00507	0.00527	0.00169	0.00675	0.00470	0.00245	0.00683
41	0.01060	0.02735	0.78682	0.01507	0.02288	0.01228	0.01953	0.01674	0.01116	0.01674	0.00949	0.01116	0.00670	0.00502	0.00502	0.00167	0.00781	0.00391	0.00223	0.00781
42	0.00936	0.00591	0.00706	0.00692	0.00857	0.00528	0.00511	0.03277	0.01243	0.12741	0.09055	0.30256	0.33993	0.01308	0.00625	0.00187	0.00316	0.01132	0.00522	0.00524
43	0.01975	0.02520	0.01498	0.01362	0.01634	0.79299	0.01021	0.02111	0.01498	0.01294	0.00817	0.00953	0.00681	0.00545	0.00477	0.00136	0.00953	0.00340	0.00272	0.00613
44	0.05840	0.01640	0.01289	0.01346	0.11205	0.39743	0.00907	0.01660	0.01428	0.01672	0.25662	0.01960	0.02084	0.00705	0.00522	0.00150	0.00656	0.00553	0.00374	0.00603
45	0.00760	0.00516	0.00610	0.00618	0.00630	0.00525	0.00370	0.00787	0.00793	0.01068	0.01711	0.07934	0.01947	0.67729	0.11406	0.00534	0.00604	0.00789	0.00326	0.00344
46	0.25262	0.01121	0.01218	0.00961	0.01352	0.01169	0.00794	0.26073	0.01656	0.33111	0.01447	0.01367	0.00972	0.00603	0.00474	0.00162	0.00481	0.00445	0.00523	0.00809
47	0.00852	0.00608	0.00852	0.00974	0.01095	0.00608	0.00852	0.01095	0.01217	0.01582	0.02799	0.05963	0.03042	0.01460	0.00730	0.00243	0.00487	0.74565	0.00487	0.00487
48	0.00998	0.00940	0.01586	0.80150	0.03641	0.01175	0.01468	0.01351	0.01057	0.01351	0.00940	0.01409	0.00705	0.00529	0.00529	0.00176	0.00705	0.00470	0.00235	0.00587
49	0.00644	0.00460	0.00613	0.00736	0.00767	0.00429	0.00491	0.00736	0.01012	0.01350	0.02914	0.81076	0.03497	0.01656	0.00675	0.00215	0.00307	0.01503	0.00491	0.00429
50	0.01294	0.01241	0.02119	0.06858	0.74624	0.01252	0.01615	0.01610	0.01197	0.01709	0.00992	0.01313	0.00831	0.00474	0.00524	0.00158	0.00632	0.00471	0.00260	0.00826
51	0.01060	0.02735	0.78682	0.01507	0.02288	0.01228	0.01953	0.01674	0.01116	0.01674	0.00949	0.01116	0.00670	0.00502	0.00502	0.00167	0.00781	0.00391	0.00223	0.00781
52	0.00918	0.00459	0.00689	0.00689	0.00689	0.00459	0.00459	0.00689	0.00689	0.00918	0.00918	0.01607	0.00918	0.01837	0.02066	0.84619	0.00459	0.00459	0.00230	0.00230
53	0.00755	0.00566	0.00850	0.00850	0.00944	0.00661	0.00661	0.00944	0.00850	0.01227	0.01416	0.02077	0.01322	0.03965	0.79326	0.00850	0.01416	0.00566	0.00283	0.00472
54	0.85155	0.01022	0.00777	0.00695	0.01022	0.01186	0.00573	0.01554	0.00900	0.02372	0.00736	0.00859	0.00573	0.00491	0.00327	0.00164	0.00409	0.00286	0.00327	0.00573
55	0.00909	0.00462	0.00682	0.00682	0.00682	0.00462	0.00451	0.00693	0.00693	0.00925	0.00963	0.01718	0.00978	0.06588	0.02103	0.79597	0.00462	0.00478	0.00235	0.00235
56	0.01157	0.01157	0.01619	0.01388	0.01388	0.01619	0.01157	0.01272	0.00810	0.01272	0.00694	0.01157	0.00694	0.00925	0.01735	0.00231	0.80453	0.00463	0.00231	0.00578
57	0.00769	0.00513	0.00577	0.00577	0.00577	0.00513	0.00320	0.00769	0.00769	0.01025	0.01666	0.03460	0.01922	0.81421	0.02691	0.00513	0.00513	0.00769	0.00320	0.00320
58	0.01096	0.00940	0.01096	0.00783	0.01253	0.00705	0.00626	0.01331	0.01096	0.01723	0.00940	0.01096	0.00783	0.00392	0.00392	0.00078	0.00392	0.00313	0.00313	0.84653
59	0.01060	0.02735	0.78682	0.01507	0.02288	0.01228	0.01953	0.01674	0.01116	0.01674	0.00949	0.01116	0.00670	0.00502	0.00502	0.00167	0.00781	0.00391	0.00223	0.00781
60	0.00644	0.00460	0.00613	0.00736	0.00767	0.00429	0.00491	0.00736	0.01012	0.01350	0.02914	0.81076	0.03497	0.01656	0.00675	0.00215	0.00307	0.01503	0.00491	0.00429
61	0.40277	0.04692	0.01147	0.00892	0.01243	0.01252	0.00734	0.21792	0.03836	0.12721	0.01235	0.05919	0.00971	0.00626	0.00437	0.00164	0.00462	0.00452	0.00437	0.00709
62	0.01291	0.01245	0.02085	0.03030	0.69241	0.01298	0.01569	0.01582	0.01158	0.01674	0.00960	0.01291	0.00821	0.00524	0.00664	0.00166	0.09868	0.00470	0.00258	0.00807
63	0.00661	0.00537	0.00586	0.00573	0.00736	0.00462	0.00430	0.00828	0.01290	0.01630	0.26530	0.04755	0.56608	0.01263	0.00624	0.00175	0.00262	0.01069	0.00518	0.00462
64	0.00696	0.00538	0.00635	0.00611	0.00758	0.00477	0.00458	0.00897	0.01374	0.01830	0.47418	0.04427	0.35595	0.01189	0.00624	0.00171	0.00257	0.01023	0.00544	0.00477
65	0.05855	0.05956	0.01323	0.00997	0.01372	0.01258	0.00809	0.20244	0.29109	0.05895	0.01638	0.01595	0.03670	0.00622	0.00486	0.00148	0.00458	0.00490	0.00465	0.17611
66	0.01449	0.76947	0.02700	0.00923	0.01374	0.02065	0.00911	0.06048	0.01158	0.01368	0.00767	0.00873	0.00692	0.00463	0.00351	0.00116	0.00566	0.00294	0.00244	0.00692
67	0.01711	0.02072	0.01424	0.10392	0.01795	0.58715	0.01047	0.01928	0.03809	0.01363	0.01103	0.01618	0.00987	0.00654	0.00514	0.00155	0.00854	0.08955	0.00301	0.00602
68	0.05567	0.10232	0.01584	0.01679	0.25968	0.01038	0.05463	0.01439	0.03452	0.08139	0.01726	0.27998	0.01757	0.00888	0.00550	0.00174	0.00496	0.00803	0.00380	0.00667
69	0.00761	0.00539	0.00635	0.00648	0.00789	0.00474	0.00477	0.00910	0.01220	0.06128	0.16618	0.25540	0.38721	0.01345	0.00635	0.00187	0.00292	0.03086	0.00516	0.00479
70	0.00756	0.00563	0.00833	0.00833	0.00922	0.00652	0.00640	0.00934	0.00845	0.01215	0.01431	0.02159	0.01357	0.08589	0.74751	0.00829	0.01362	0.00578	0.00285	0.00463
71	0.02318	0.00986	0.01280	0.00982	0.01393	0.00905	0.00811	0.13556	0.01658	0.67305	0.01964	0.01720	0.01248	0.00651	0.00531	0.00163	0.00469	0.00523	0.00636	0.00900
72	0.01302	0.01316	0.02021	0.18955	0.51705	0.08431	0.05433	0.01615	0.01203	0.01607	0.00971	0.01303	0.00794	0.00488	0.00525	0.00160	0.00688	0.00467	0.00257	0.00758
73	0.01088	0.00635	0.00716	0.00670	0.00841	0.00642	0.00510	0.01516	0.12975	0.08593	0.17854	0.06505	0.02265	0.00787	0.00479	0.00149	0.00294	0.00662	0.42237	0.00579
74	0.00734	0.00538	0.00689	0.00655	0.00782	0.00492	0.00490	0.00969	0.01457	0.02037	0.69326	0.06113	0.11502	0.01119	0.00625	0.00169	0.00253	0.00985	0.00571	0.00492
75	0.01186	0.01165	0.02110	0.11657	0.45348	0.01171	0.16810	0.01506	0.01174	0.01634	0.01218	0.10275	0.01113	0.00605	0.00562	0.00170	0.00655	0.00618	0.00285	0.00737
76	0.00822	0.00705	0.01062	0.04122	0.11362	0.00702	0.05262	0.01002	0.01126	0.01508	0.09883	0.36245	0.15501	0.01229	0.00693	0.00194	0.04849	0.02774	0.00431	0.00526
77	0.00626	0.00530	0.00541	0.00551	0.00718	0.00445	0.00408	0.00757	0.01190	0.01422	0.05170	0.10854	0.72262	0.01363	0.00629	0.00181	0.00271	0.01145	0.00491	0.00445
78	0.80770	0.01043	0.00899	0.00775	0.01113	0.01194	0.04525	0.01561	0.00918	0.02336	0.00754	0.00888	0.00585	0.00488	0.00343	0.00164	0.00434	0.00304	0.00324	0.00580
79	0.00775	0.00559	0.00703	0.00684	0.00744	0.00550	0.02916	0.00848	0.00907	0.01195	0.04579	0.03758	0.10851	0.54515	0.06702	0.00446	0.00540	0.07991	0.00361	0.00379
80	0.00998	0.00940	0.01586	0.80150	0.03641	0.01175	0.01468	0.01351	0.01057	0.01351	0.00940	0.01409	0.00705	0.00529	0.00529	0.00176	0.00705	0.00470	0.00235	0.00587
81	0.11218	0.03685	0.07538	0.01297	0.02857	0.14634	0.06959	0.15627	0.17882	0.02056	0.01197	0.01298	0.00923	0.00622	0.00638	0.00169	0.09838	0.00456	0.00373	0.00732
82	0.01873	0.02204	0.01524	0.01331	0.01624	0.60852	0.04904	0.10624	0.01573	0.01597	0.00945	0.01084	0.00759	0.00555	0.00483	0.00140	0.00859	0.00381	0.06045	0.00643
83	0.01924	0.00957	0.01185	0.00969	0.01324	0.00939	0.00780	0.02559	0.26652	0.48583	0.06631	0.01985	0.01630	0.00701	0.00539	0.00169	0.00427	0.00579	0.00611	0.00855
84	0.01377	0.01221	0.01964	0.14860	0.55182	0.01272	0.01499	0.10263	0.01340	0.04392	0.01054	0.01336	0.00840	0.00505	0.00525	0.00160	0.00629	0.00473	0.00301	0.00808
85	0.01638	0.07424	0.01545	0.01270	0.01524	0.48674	0.04863	0.01905	0.08254	0.01382	0.01112	0.06035	0.01012	0.05139	0.00697	0.00173	0.05958	0.00476	0.00306	0.00613
86	0.01279	0.10070	0.01101	0.00778	0.01026	0.00805	0.00631	0.03878	0.03250	0.20800	0.41467	0.02920	0.05921	0.00878	0.00556	0.00159	0.00350	0.00744	0.02749	0.00637
87	0.01622	0.29605	0.10379	0.01230	0.03346	0.36310	0.01076	0.03777	0.01309	0.01404	0.00826	0.00959	0.00693	0.00501	0.00430	0.00130	0.00755	0.00331	0.00260	0.05058
88	0.00737	0.00530	0.00664	0.00740	0.00798	0.00511	0.00501	0.05255	0.01086	0.01440	0.02810	0.65135	0.06734	0.09345	0.00860	0.00239	0.00341	0.01352	0.00476	0.00448
89	0.05370	0.01344	0.17962	0.01172	0.01527	0.03083	0.09645	0.13101	0.03004	0.05468	0.01725	0.25869	0.01709	0.05714	0.00697	0.00201	0.00563	0.00799	0.00398	0.00648

[dist]
# distance from previous block
# <min> <max>
1	4

[block]
# block no. 4 follows, 46 sequences, length 66
# corresponding to MSA columns:
# 353-418
name=unknown_E
#
# <colnr> <probs for GDERKNQSTAVLIFYWHMCP>
#	G	D	E	R	K	N	Q	S	T	A	V	L	I	F	Y	W	H	M	C	P
0	0.00944	0.01517	0.29047	0.01031	0.01378	0.08874	0.01043	0.01226	0.01101	0.01436	0.02214	0.22932	0.13470	0.10434	0.00821	0.00219	0.00564	0.00833	0.00351	0.00566
1	0.00833	0.00667	0.00766	0.00797	0.00932	0.00686	0.00574	0.01335	0.22884	0.01611	0.03137	0.44659	0.16406	0.01330	0.00626	0.00198	0.00332	0.01173	0.00504	0.00549
2	0.01229	0.01037	0.01162	0.00900	0.01317	0.00951	0.00716	0.07495	0.23016	0.01986	0.01312	0.01361	0.01030	0.00504	0.00444	0.00113	0.00414	0.00407	0.00394	0.54212
3	0.01322	0.29074	0.30985	0.01485	0.10790	0.01572	0.03804	0.09387	0.03849	0.01725	0.00960	0.01103	0.00752	0.00501	0.00457	0.00148	0.00661	0.00387	0.00272	0.00765
4	0.01223	0.25438	0.51724	0.01324	0.01977	0.06665	0.01590	0.01677	0.01129	0.01525	0.00879	0.01028	0.00673	0.00491	0.00454	0.00150	0.00731	0.00356	0.00227	0.00741
5	0.00719	0.00549	0.00627	0.00622	0.00782	0.00481	0.00476	0.00894	0.01288	0.03460	0.25182	0.07350	0.47447	0.01271	0.00632	0.00181	0.00285	0.06762	0.00520	0.00474
6	0.01287	0.01249	0.15468	0.01281	0.01699	0.00919	0.22494	0.01641	0.01279	0.16412	0.10641	0.02068	0.06578	0.00657	0.00544	0.00163	0.00568	0.00615	0.13754	0.00683
7	0.03392	0.10573	0.03371	0.07845	0.25453	0.01194	0.01136	0.04524	0.07129	0.26196	0.03089	0.01513	0.01102	0.00571	0.00504	0.00158	0.00543	0.00483	0.00418	0.00807
8	0.01075	0.02634	0.72901	0.01562	0.02324	0.01236	0.07634	0.01676	0.01126	0.01676	0.00958	0.01140	0.00680	0.00498	0.00512	0.00168	0.00790	0.00408	0.00227	0.00776
9	0.00655	0.00531	0.00582	0.00581	0.00736	0.00457	0.00431	0.00813	0.01259	0.01585	0.22287	0.10632	0.54995	0.01302	0.00628	0.00178	0.00266	0.01108	0.00512	0.00457
10	0.01173	0.01097	0.01831	0.22114	0.48972	0.01168	0.01448	0.01479	0.01159	0.01634	0.04528	0.03478	0.01071	0.00563	0.00569	0.00165	0.03330	0.00519	0.02971	0.00729
11	0.01219	0.01311	0.02390	0.02006	0.11155	0.07131	0.45636	0.01578	0.01249	0.01635	0.01414	0.04797	0.01289	0.00679	0.00622	0.00185	0.00773	0.13948	0.00314	0.00670
12	0.01799	0.00897	0.01128	0.00941	0.01244	0.00861	0.00743	0.17766	0.01577	0.40360	0.02149	0.24418	0.01849	0.00937	0.00572	0.00177	0.00437	0.00798	0.00581	0.00765
13	0.02148	0.00950	0.01202	0.00935	0.01312	0.00889	0.00768	0.14893	0.01630	0.56803	0.01905	0.01730	0.01245	0.00646	0.00512	0.00158	0.00448	0.00518	0.10456	0.00852
14	0.01060	0.02735	0.78682	0.01507	0.02288	0.01228	0.01953	0.01674	0.01116	0.01674	0.00949	0.01116	0.00670	0.00502	0.00502	0.00167	0.00781	0.00391	0.00223	0.00781
