[name]
unknown

[dist]
# distance from previous block
# <min> <max>
0	390

[block]
# block no. 0 follows, 32 sequences, length 12
# corresponding to MSA columns:
# 408-419
name=unknown_A
#
# <colnr> <probs for GDERKNQSTAVLIFYWHMCP>
#	G	D	E	R	K	N	Q	S	T	A	V	L	I	F	Y	W	H	M	C	P
0	0.01083	0.00866	0.01150	0.04121	0.05661	0.02218	0.00862	0.02578	0.01532	0.02110	0.28526	0.12756	0.05907	0.09483	0.09970	0.00378	0.04536	0.05062	0.00560	0.00641
1	0.01223	0.04776	0.05377	0.01081	0.01331	0.08760	0.00883	0.05033	0.01594	0.02054	0.18387	0.14621	0.13926	0.03576	0.13951	0.00381	0.00782	0.01058	0.00534	0.00673
2	0.01590	0.01635	0.05766	0.12471	0.21842	0.06662	0.01534	0.04788	0.09189	0.02154	0.01555	0.01832	0.03635	0.00745	0.00805	0.00200	0.08782	0.00594	0.00395	0.13825
3	0.02187	0.02086	0.12985	0.01838	0.10784	0.15151	0.01454	0.15673	0.06810	0.17507	0.01805	0.05661	0.01382	0.00813	0.00664	0.00204	0.00806	0.00649	0.00539	0.01002
4	0.01876	0.09721	0.02109	0.04124	0.15854	0.09315	0.01364	0.03802	0.13785	0.11240	0.05169	0.01917	0.01502	0.00840	0.00923	0.00215	0.14212	0.00622	0.00474	0.00932
5	0.01483	0.01028	0.01239	0.14421	0.01806	0.04392	0.00907	0.05605	0.01485	0.13260	0.02864	0.05717	0.14969	0.22435	0.05186	0.00383	0.00706	0.00908	0.00513	0.00692
6	0.01707	0.02434	0.24486	0.02005	0.11455	0.15181	0.07009	0.06092	0.01632	0.02181	0.01213	0.01445	0.00943	0.00615	0.00617	0.00178	0.00891	0.00504	0.00355	0.19056
7	0.08229	0.11847	0.15417	0.09415	0.02274	0.14267	0.06737	0.01923	0.01392	0.01852	0.01284	0.01768	0.01100	0.05916	0.13461	0.00375	0.01075	0.00557	0.00332	0.00778
8	0.01099	0.00853	0.01091	0.01253	0.08623	0.00821	0.00823	0.01492	0.09022	0.04595	0.13115	0.24761	0.23931	0.01544	0.00787	0.00238	0.00440	0.04195	0.00621	0.00698
9	0.01035	0.00831	0.01075	0.01053	0.01224	0.00801	0.00778	0.01207	0.01295	0.01828	0.02802	0.47022	0.03221	0.01615	0.00921	0.00236	0.08498	0.04803	0.00535	0.19220
10	0.08099	0.01183	0.01577	0.01339	0.01638	0.01232	0.08326	0.13767	0.01629	0.02374	0.02211	0.30622	0.02335	0.01270	0.00874	0.00229	0.08470	0.01085	0.00519	0.11221
11	0.00944	0.00693	0.00927	0.00942	0.01053	0.00723	0.00699	0.01139	0.01267	0.01733	0.12095	0.08461	0.10369	0.17349	0.32615	0.00680	0.01046	0.06219	0.00484	0.00562

[dist]
# distance from previous block
# <min> <max>
0	2

[block]
# block no. 1 follows, 32 sequences, length 9
# corresponding to MSA columns:
# 422-430
name=unknown_B
#
# <colnr> <probs for GDERKNQSTAVLIFYWHMCP>
#	G	D	E	R	K	N	Q	S	T	A	V	L	I	F	Y	W	H	M	C	P
0	0.01511	0.01532	0.01475	0.01679	0.14447	0.18337	0.01066	0.07243	0.01710	0.02023	0.03445	0.15830	0.24533	0.01251	0.00725	0.00215	0.00673	0.01048	0.00507	0.00752
1	0.01315	0.00873	0.01053	0.00958	0.01088	0.00912	0.00673	0.13969	0.01490	0.02020	0.11127	0.03244	0.02346	0.28781	0.06857	0.20767	0.00679	0.00822	0.00469	0.00558
2	0.01884	0.15997	0.25550	0.01983	0.12941	0.01941	0.01764	0.25144	0.02014	0.02750	0.01302	0.01458	0.00983	0.00677	0.00615	0.00194	0.00826	0.00523	0.00423	0.01029
3	0.01207	0.01094	0.01108	0.00995	0.01302	0.08325	0.00756	0.01436	0.01530	0.02030	0.12797	0.17629	0.15515	0.01252	0.00699	0.00192	0.00504	0.05012	0.00538	0.26078
4	0.01252	0.01389	0.08732	0.06972	0.09700	0.01205	0.20689	0.01610	0.01387	0.01897	0.02126	0.21831	0.02201	0.08992	0.01090	0.00285	0.02684	0.04778	0.00426	0.00752
5	0.01388	0.01099	0.01439	0.01517	0.10806	0.01204	0.01001	0.14200	0.01585	0.02181	0.06232	0.08848	0.05227	0.19585	0.12807	0.00460	0.08334	0.00885	0.00475	0.00727
6	0.01497	0.01332	0.01867	0.01399	0.01909	0.01205	0.11942	0.08590	0.01563	0.02302	0.01446	0.07713	0.01291	0.00726	0.00725	0.00160	0.06468	0.00622	0.00427	0.46817
7	0.01653	0.01515	0.05720	0.03957	0.01970	0.04632	0.08647	0.14620	0.16085	0.05579	0.02597	0.12753	0.09143	0.01034	0.00707	0.00215	0.00663	0.00897	0.00562	0.07052
8	0.02209	0.08418	0.15169	0.01546	0.02140	0.06807	0.01445	0.35221	0.09352	0.08664	0.01634	0.01646	0.01177	0.00760	0.00642	0.00200	0.00782	0.00573	0.00559	0.01057

[dist]
# distance from previous block
# <min> <max>
8	13

[block]
# block no. 2 follows, 32 sequences, length 37
# corresponding to MSA columns:
# 445-461,465-484
name=unknown_C
#
# <colnr> <probs for GDERKNQSTAVLIFYWHMCP>
#	G	D	E	R	K	N	Q	S	T	A	V	L	I	F	Y	W	H	M	C	P
0	0.01535	0.01840	0.15311	0.20661	0.19930	0.01605	0.07896	0.05020	0.15011	0.02258	0.01542	0.01823	0.01172	0.00690	0.00676	0.00216	0.00833	0.00627	0.00397	0.00959
1	0.01594	0.31168	0.11503	0.10553	0.02778	0.02049	0.23389	0.02011	0.01419	0.01843	0.01128	0.01457	0.00915	0.00623	0.00695	0.00196	0.04949	0.00554	0.00305	0.00870
2	0.00829	0.00637	0.00765	0.00859	0.00981	0.00572	0.00616	0.00982	0.01401	0.01776	0.04895	0.43329	0.30726	0.01925	0.00837	0.00258	0.00389	0.07042	0.00623	0.00559
3	0.01451	0.02038	0.29225	0.01433	0.01989	0.01319	0.01496	0.17921	0.01872	0.02597	0.10534	0.15953	0.07112	0.01107	0.00715	0.00222	0.00695	0.00930	0.00516	0.00873
4	0.01731	0.07368	0.25041	0.02389	0.23822	0.01708	0.01854	0.18391	0.01858	0.02590	0.01455	0.06102	0.01207	0.00752	0.00653	0.00205	0.00815	0.00631	0.00413	0.01013
5	0.01741	0.68114	0.11758	0.01239	0.01862	0.02525	0.01306	0.02023	0.01370	0.01644	0.00965	0.01117	0.00860	0.00582	0.00455	0.00152	0.00750	0.00375	0.00287	0.00877
6	0.02973	0.01203	0.01595	0.01223	0.01743	0.01077	0.01010	0.08778	0.02022	0.67046	0.02562	0.02228	0.01618	0.00828	0.00674	0.00207	0.00585	0.00669	0.00817	0.01142
7	0.01298	0.01890	0.28039	0.21011	0.02771	0.01288	0.01729	0.01794	0.01320	0.05732	0.01463	0.01938	0.01161	0.02008	0.23132	0.00481	0.01190	0.00601	0.00341	0.00814
8	0.01288	0.01040	0.02754	0.09225	0.05430	0.01042	0.00984	0.01945	0.18428	0.06967	0.11020	0.18361	0.16204	0.01302	0.00748	0.00231	0.00508	0.01132	0.00606	0.00784
9	0.01313	0.00765	0.00985	0.00894	0.01123	0.00685	0.00683	0.01584	0.01810	0.15889	0.44904	0.09564	0.14439	0.01364	0.00774	0.00217	0.00373	0.01186	0.00732	0.00715
10	0.01318	0.01269	0.01770	0.13478	0.02122	0.06366	0.06380	0.01563	0.01192	0.01629	0.01363	0.02136	0.01269	0.08686	0.23567	0.00538	0.23675	0.00667	0.00331	0.00682
11	0.01597	0.01350	0.05439	0.01411	0.08466	0.01086	0.01054	0.08825	0.01618	0.08045	0.01658	0.10369	0.01471	0.00764	0.00596	0.00155	0.00571	0.00645	0.00475	0.44405
12	0.01314	0.01093	0.01545	0.02029	0.27494	0.01037	0.01148	0.01670	0.05386	0.06829	0.04235	0.04174	0.36999	0.01188	0.00731	0.00215	0.00536	0.01026	0.00532	0.00817
13	0.00818	0.00584	0.00779	0.00934	0.00973	0.00545	0.00623	0.00934	0.01285	0.01713	0.03698	0.75981	0.04438	0.02102	0.00856	0.00273	0.00389	0.01908	0.00623	0.00545
14	0.01875	0.01527	0.02453	0.04242	0.32940	0.01587	0.10020	0.10203	0.01738	0.11913	0.04897	0.01901	0.01380	0.00756	0.00866	0.00216	0.09373	0.00662	0.00455	0.00998
15	0.01495	0.02347	0.29598	0.19269	0.07734	0.09990	0.01853	0.02008	0.01459	0.01986	0.01183	0.01493	0.00903	0.00623	0.00618	0.00189	0.00890	0.00501	0.00319	0.15543
16	0.00811	0.00608	0.00754	0.00871	0.00957	0.00550	0.00595	0.00941	0.01345	0.01738	0.04468	0.58714	0.21208	0.02002	0.00841	0.00261	0.00377	0.01785	0.00623	0.00550
17	0.01363	0.01205	0.01878	0.02630	0.37248	0.01213	0.01467	0.01807	0.07222	0.02104	0.02477	0.16930	0.05056	0.01179	0.00755	0.00237	0.00648	0.13236	0.00479	0.00865
18	0.01699	0.01686	0.03107	0.15756	0.03326	0.01755	0.39813	0.14746	0.01796	0.02423	0.01342	0.01746	0.01009	0.00671	0.00843	0.00226	0.06051	0.00707	0.00391	0.00908
19	0.01655	0.10524	0.05880	0.15136	0.34563	0.01696	0.01726	0.11111	0.01691	0.02284	0.01636	0.01924	0.05878	0.00713	0.00646	0.00200	0.00774	0.00621	0.00384	0.00958
20	0.01477	0.24462	0.01925	0.01186	0.01505	0.07537	0.00970	0.02068	0.17978	0.01908	0.02172	0.20536	0.02145	0.01579	0.09318	0.00310	0.00759	0.00894	0.00480	0.00791
21	0.00963	0.00703	0.00996	0.00996	0.01087	0.00794	0.00736	0.01145	0.01054	0.01496	0.01873	0.03055	0.01859	0.22069	0.56972	0.00976	0.01524	0.00780	0.00371	0.00553
22	0.00976	0.00651	0.00732	0.00732	0.00732	0.00651	0.00407	0.00976	0.00976	0.01301	0.02114	0.04391	0.02439	0.76419	0.03415	0.00651	0.00651	0.00976	0.00407	0.00407
23	0.01267	0.01193	0.02013	0.74806	0.04621	0.01491	0.01863	0.01714	0.01342	0.01714	0.01193	0.01789	0.00894	0.00671	0.00671	0.00224	0.00894	0.00596	0.00298	0.00745
24	0.00818	0.00681	0.00715	0.00706	0.00922	0.00577	0.00530	0.01012	0.01589	0.01954	0.17290	0.06224	0.61380	0.01647	0.00793	0.00224	0.00336	0.01383	0.00642	0.00577
25	0.00967	0.00647	0.00734	0.00743	0.00745	0.00645	0.00418	0.00974	0.00993	0.01323	0.02200	0.08280	0.02548	0.72382	0.03276	0.00630	0.00636	0.01026	0.00418	0.00414
26	0.01483	0.01395	0.02352	0.17757	0.50366	0.01449	0.01850	0.01857	0.01462	0.02040	0.01538	0.10509	0.01430	0.00791	0.00688	0.00213	0.00768	0.00753	0.00360	0.00938
27	0.00918	0.00662	0.00869	0.00866	0.00995	0.00612	0.00631	0.01187	0.01753	0.02457	0.55608	0.21949	0.05879	0.01546	0.00807	0.00226	0.00334	0.01379	0.00711	0.00612
28	0.06763	0.02804	0.01872	0.06630	0.02205	0.56556	0.01301	0.10351	0.01966	0.02021	0.01108	0.01289	0.00891	0.00699	0.00607	0.00182	0.01096	0.00459	0.00384	0.00815
29	0.00818	0.00584	0.00779	0.00934	0.00973	0.00545	0.00623	0.00934	0.01285	0.01713	0.03698	0.75981	0.04438	0.02102	0.00856	0.00273	0.00389	0.01908	0.00623	0.00545
30	0.01473	0.29281	0.02335	0.01340	0.01601	0.01941	0.01159	0.01650	0.01221	0.01657	0.01402	0.14032	0.01488	0.01064	0.01199	0.00221	0.29692	0.00715	0.00354	0.06175
31	0.01913	0.01242	0.01406	0.01170	0.01550	0.01268	0.00931	0.27231	0.05975	0.15813	0.07198	0.11213	0.17821	0.01190	0.00727	0.00218	0.00545	0.00985	0.00689	0.00914
32	0.01773	0.14616	0.06861	0.01463	0.06679	0.10103	0.01185	0.11644	0.01709	0.02305	0.01195	0.01368	0.00972	0.00594	0.00544	0.00145	0.00708	0.00445	0.00399	0.35293
33	0.01459	0.00874	0.00899	0.00824	0.01053	0.00925	0.00637	0.10221	0.09664	0.02750	0.02180	0.02392	0.01687	0.00800	0.00519	0.00170	0.00390	0.00638	0.61179	0.00739
34	0.01527	0.01301	0.01984	0.02728	0.42193	0.01272	0.01460	0.01964	0.04865	0.02295	0.01545	0.01866	0.01258	0.00643	0.00596	0.00177	0.00628	0.00585	0.19405	0.11706
35	0.01781	0.00985	0.01227	0.01098	0.01375	0.00967	0.00832	0.10058	0.06470	0.23950	0.04219	0.26460	0.04160	0.08227	0.04668	0.00313	0.00588	0.01127	0.00666	0.00828
36	0.01431	0.19259	0.02429	0.15395	0.15482	0.01597	0.09646	0.02990	0.01403	0.01834	0.01656	0.13737	0.01644	0.07611	0.00902	0.00246	0.00757	0.00808	0.00376	0.00797

[dist]
# distance from previous block
# <min> <max>
6	40

[block]
# block no. 3 follows, 32 sequences, length 35
# corresponding to MSA columns:
# 579-613
name=unknown_D
#
# <colnr> <probs for GDERKNQSTAVLIFYWHMCP>
#	G	D	E	R	K	N	Q	S	T	A	V	L	I	F	Y	W	H	M	C	P
0	0.01617	0.01988	0.16403	0.02302	0.23871	0.07444	0.01633	0.05186	0.19782	0.02339	0.02187	0.02275	0.08398	0.00815	0.00672	0.00210	0.00753	0.00688	0.00458	0.00978
1	0.01443	0.02864	0.51069	0.01632	0.02388	0.08630	0.01951	0.02066	0.01463	0.02153	0.01388	0.01617	0.01029	0.00672	0.00600	0.00197	0.00875	0.00516	0.16550	0.00896
2	0.01039	0.00850	0.01077	0.01147	0.06971	0.00745	0.00794	0.01286	0.01535	0.02070	0.15363	0.14121	0.25033	0.01402	0.00751	0.00214	0.00442	0.09093	0.00576	0.15490
3	0.01837	0.01523	0.02417	0.02374	0.21731	0.01458	0.16353	0.09105	0.07426	0.10654	0.01586	0.01775	0.01197	0.00644	0.00662	0.00188	0.00755	0.00622	0.00468	0.17224
4	0.01588	0.01520	0.02591	0.17264	0.59660	0.01575	0.02023	0.01995	0.01493	0.02103	0.01249	0.01685	0.01032	0.00611	0.00665	0.00204	0.00815	0.00598	0.00326	0.01004
5	0.01251	0.00625	0.00625	0.00625	0.00782	0.00625	0.00469	0.01563	0.01407	0.02502	0.02189	0.02502	0.01720	0.00782	0.00469	0.00156	0.00313	0.00625	0.80144	0.00625
6	0.16619	0.01549	0.01827	0.01490	0.01861	0.05419	0.08003	0.25027	0.01886	0.02809	0.01383	0.01705	0.01116	0.01645	0.15693	0.00393	0.09654	0.00591	0.00466	0.00864
7	0.00921	0.00667	0.00870	0.00857	0.00995	0.00615	0.00628	0.01197	0.01776	0.02488	0.57633	0.18245	0.07559	0.01515	0.00804	0.00223	0.00331	0.01347	0.00714	0.00615
8	0.17639	0.17310	0.01327	0.00791	0.01091	0.01245	0.00669	0.01744	0.01344	0.02405	0.01661	0.01905	0.01331	0.00704	0.00450	0.00164	0.00443	0.00514	0.46568	0.00697
9	0.01378	0.02371	0.35610	0.25572	0.10496	0.01555	0.09615	0.01990	0.01422	0.02003	0.01223	0.01603	0.00904	0.00636	0.00668	0.00216	0.00956	0.00571	0.00299	0.00910
10	0.01251	0.00625	0.00625	0.00625	0.00782	0.00625	0.00469	0.01563	0.01407	0.02502	0.02189	0.02502	0.01720	0.00782	0.00469	0.00156	0.00313	0.00625	0.80144	0.00625
11	0.01936	0.06854	0.14299	0.01903	0.02458	0.17467	0.16464	0.14948	0.07565	0.02405	0.01364	0.01566	0.01045	0.00720	0.00770	0.00208	0.06092	0.00587	0.00415	0.00934
12	0.01685	0.22396	0.11079	0.01451	0.02014	0.07688	0.08069	0.09843	0.01643	0.02154	0.01427	0.08866	0.01295	0.00756	0.00591	0.00173	0.00758	0.00617	0.00398	0.17095
13	0.01740	0.43708	0.04359	0.09972	0.02226	0.02298	0.05215	0.08768	0.01505	0.01910	0.01053	0.01319	0.00905	0.00698	0.00767	0.00187	0.11704	0.00472	0.00331	0.00862
14	0.01373	0.05617	0.67744	0.01986	0.05918	0.01593	0.02420	0.02119	0.01420	0.02111	0.01198	0.01417	0.00860	0.00634	0.00632	0.00210	0.00975	0.00496	0.00286	0.00991
15	0.00865	0.00683	0.00780	0.00756	0.00951	0.00597	0.00567	0.01103	0.01700	0.02218	0.36842	0.05790	0.41664	0.01548	0.00792	0.00219	0.00329	0.01323	0.00676	0.00597
16	0.01542	0.01290	0.01470	0.01089	0.01658	0.01096	0.00872	0.09192	0.08295	0.02465	0.01386	0.01522	0.01111	0.00570	0.00534	0.00123	0.00526	0.00454	0.00454	0.64350
17	0.01423	0.01177	0.01639	0.03989	0.01754	0.01305	0.06204	0.14834	0.01580	0.02218	0.01745	0.10611	0.01642	0.02409	0.26053	0.00517	0.11121	0.00787	0.00442	0.08549
18	0.02167	0.10119	0.09313	0.01582	0.02046	0.36303	0.01347	0.13833	0.09579	0.02288	0.04220	0.01582	0.01262	0.00745	0.00618	0.00186	0.00948	0.00528	0.00441	0.00894
19	0.01198	0.00777	0.00931	0.00864	0.01009	0.00732	0.00586	0.04619	0.01253	0.05204	0.02549	0.10843	0.10252	0.31029	0.02128	0.15307	0.00560	0.00954	0.00466	0.08739
20	0.01298	0.01179	0.01885	0.38382	0.03252	0.01350	0.08351	0.01937	0.12365	0.01978	0.02027	0.08516	0.01842	0.01000	0.00741	0.00242	0.00777	0.11663	0.00440	0.00775
21	0.10743	0.01319	0.01759	0.01493	0.01863	0.01426	0.13716	0.02581	0.35765	0.02486	0.02463	0.17171	0.02189	0.01055	0.00707	0.00234	0.00612	0.00953	0.00576	0.00888
22	0.02158	0.10170	0.02364	0.02072	0.12320	0.38495	0.08258	0.09183	0.01886	0.02070	0.04043	0.01518	0.01159	0.00692	0.00629	0.00183	0.01008	0.00534	0.00386	0.00871
23	0.09693	0.02150	0.29709	0.10289	0.09552	0.01402	0.01725	0.02104	0.04920	0.05768	0.01328	0.01545	0.00992	0.00633	0.00599	0.00191	0.00776	0.00508	0.00372	0.15744
24	0.01127	0.14937	0.01524	0.01289	0.09441	0.01096	0.00900	0.01347	0.01480	0.01885	0.09447	0.19047	0.24488	0.01432	0.00737	0.00224	0.00500	0.07879	0.00536	0.00685
25	0.01346	0.03471	0.72942	0.01912	0.02904	0.01558	0.02479	0.02125	0.01417	0.02125	0.01204	0.01417	0.00850	0.00637	0.00637	0.00212	0.00992	0.00496	0.00283	0.00992
26	0.01301	0.01732	0.14679	0.01360	0.01674	0.09730	0.01259	0.01577	0.01399	0.01791	0.03286	0.03391	0.28826	0.01225	0.01171	0.00238	0.23335	0.00878	0.00427	0.00721
27	0.00902	0.00670	0.00752	0.00752	0.00855	0.00639	0.00498	0.00997	0.01205	0.01532	0.03919	0.04999	0.29690	0.38716	0.10582	0.00534	0.00662	0.01119	0.00486	0.00492
28	0.01121	0.01579	0.21854	0.01273	0.01670	0.01041	0.02794	0.01563	0.01681	0.02427	0.44063	0.03611	0.04182	0.01125	0.00863	0.00219	0.06676	0.00945	0.00562	0.00751
29	0.01505	0.32175	0.02089	0.01157	0.01467	0.13899	0.00952	0.01671	0.01422	0.01646	0.02114	0.32618	0.02367	0.01237	0.00640	0.00203	0.00664	0.01023	0.00438	0.00714
30	0.01417	0.01363	0.02363	0.46934	0.27255	0.01537	0.05839	0.01855	0.01418	0.01900	0.01225	0.01747	0.00958	0.00640	0.00676	0.00216	0.00875	0.00608	0.00312	0.00861
31	0.01042	0.00806	0.01197	0.14782	0.01818	0.00905	0.01030	0.01304	0.01247	0.01682	0.02276	0.07814	0.02331	0.11565	0.29303	0.00628	0.01117	0.18114	0.00434	0.00606
32	0.02078	0.01555	0.01801	0.01440	0.01842	0.01737	0.01178	0.33376	0.10225	0.08907	0.05637	0.01913	0.01520	0.00889	0.00947	0.00212	0.14498	0.00638	0.00592	0.09015
33	0.02190	0.10875	0.13501	0.01657	0.02229	0.17793	0.09270	0.09324	0.06677	0.17593	0.01615	0.01661	0.01163	0.00712	0.00639	0.00196	0.00876	0.00568	0.00490	0.00971
34	0.11165	0.17692	0.29997	0.01485	0.02171	0.08931	0.01607	0.02352	0.01516	0.15192	0.01369	0.01450	0.00990	0.00664	0.00573	0.00193	0.00825	0.00479	0.00407	0.00941

[dist]
# distance from previous block
# <min> <max>
5	18

[block]
# block no. 4 follows, 32 sequences, length 12
# corresponding to MSA columns:
# 632-643
name=unknown_E
#
# <colnr> <probs for GDERKNQSTAVLIFYWHMCP>
#	G	D	E	R	K	N	Q	S	T	A	V	L	I	F	Y	W	H	M	C	P
0	0.07745	0.15222	0.01852	0.01192	0.01639	0.01704	0.01005	0.30006	0.04499	0.06049	0.06122	0.02682	0.15638	0.00963	0.00639	0.00198	0.00603	0.00744	0.00583	0.00915
1	0.16114	0.05578	0.14903	0.01509	0.06931	0.09686	0.01322	0.01914	0.01494	0.05446	0.02297	0.03372	0.08244	0.01045	0.00673	0.00228	0.00729	0.17266	0.00459	0.00791
2	0.01661	0.06979	0.01431	0.01122	0.01345	0.14226	0.00814	0.16701	0.01655	0.02033	0.01722	0.02959	0.01752	0.40450	0.02082	0.00428	0.00775	0.00750	0.00446	0.00670
3	0.16129	0.01420	0.02091	0.02829	0.42217	0.01474	0.01551	0.01893	0.01388	0.02262	0.01345	0.06979	0.01229	0.00749	0.00737	0.00205	0.06466	0.00632	0.00372	0.08032
4	0.01435	0.00835	0.01045	0.01004	0.01170	0.00833	0.00713	0.01778	0.12639	0.14399	0.02640	0.25383	0.02640	0.15339	0.01559	0.13712	0.00525	0.01108	0.00575	0.00668
5	0.01390	0.01335	0.01336	0.01169	0.01493	0.14215	0.00908	0.01637	0.01336	0.01788	0.01451	0.01950	0.01295	0.02688	0.35331	0.00578	0.01246	0.00557	0.00370	0.27928
6	0.01657	0.08876	0.10051	0.16093	0.32936	0.09291	0.01826	0.02181	0.06902	0.02030	0.01303	0.01621	0.01046	0.00647	0.00636	0.00199	0.00851	0.00559	0.00345	0.00948
7	0.01567	0.43291	0.10291	0.26385	0.02836	0.02142	0.01532	0.01921	0.01362	0.01682	0.01050	0.01355	0.00871	0.00614	0.00534	0.00178	0.00807	0.00454	0.00290	0.00835
8	0.00928	0.07163	0.00960	0.00797	0.00952	0.00759	0.00569	0.01048	0.01323	0.01647	0.04407	0.23310	0.32332	0.19183	0.01392	0.00330	0.00457	0.01348	0.00544	0.00549
9	0.01066	0.01125	0.07652	0.01623	0.08178	0.00917	0.12189	0.01339	0.01367	0.01864	0.02877	0.50602	0.03260	0.01587	0.00809	0.00253	0.00600	0.01483	0.00521	0.00690
10	0.43335	0.08644	0.07560	0.05503	0.01754	0.09101	0.01050	0.02064	0.01380	0.06406	0.06632	0.01544	0.01264	0.00700	0.00515	0.00200	0.00660	0.00479	0.00426	0.00784
11	0.16783	0.12469	0.01579	0.14530	0.01957	0.08522	0.01020	0.01759	0.04678	0.02029	0.02883	0.03106	0.21699	0.01005	0.00625	0.00208	0.00638	0.03340	0.00449	0.00720

[dist]
# distance from previous block
# <min> <max>
4	24

[block]
# block no. 5 follows, 32 sequences, length 33
# corresponding to MSA columns:
# 668-700
name=unknown_F
#
# <colnr> <probs for GDERKNQSTAVLIFYWHMCP>
#	G	D	E	R	K	N	Q	S	T	A	V	L	I	F	Y	W	H	M	C	P
0	0.06117	0.02483	0.40089	0.05220	0.05377	0.01437	0.11919	0.02036	0.01456	0.05267	0.01710	0.01910	0.06447	0.00710	0.00656	0.00209	0.00877	0.00614	0.00359	0.05108
1	0.40893	0.18995	0.07373	0.01279	0.05774	0.01774	0.01093	0.06196	0.01421	0.08234	0.01153	0.01273	0.00887	0.00639	0.00487	0.00192	0.00635	0.00426	0.00419	0.00856
2	0.06103	0.01299	0.01415	0.05929	0.12539	0.09721	0.00976	0.01743	0.06880	0.01831	0.01670	0.02733	0.01643	0.31602	0.01749	0.00373	0.00720	0.00708	0.00403	0.09964
3	0.20354	0.00961	0.01005	0.00930	0.01213	0.00968	0.00711	0.06887	0.01504	0.08733	0.02802	0.23821	0.10458	0.01223	0.00643	0.00215	0.00456	0.01016	0.10061	0.06039
4	0.01573	0.01162	0.01328	0.01116	0.01429	0.01210	0.00883	0.27689	0.04062	0.03232	0.39373	0.03730	0.08094	0.01162	0.00743	0.00209	0.00485	0.00980	0.00705	0.00835
5	0.00962	0.00705	0.01010	0.01010	0.01106	0.00802	0.00754	0.01154	0.01058	0.01507	0.01860	0.02982	0.01827	0.19090	0.59908	0.00994	0.01571	0.00769	0.00369	0.00561
6	0.00950	0.00686	0.00897	0.00844	0.01002	0.00633	0.00633	0.01266	0.01899	0.02691	0.71879	0.05012	0.06331	0.01372	0.00791	0.00211	0.00317	0.01213	0.00739	0.00633
7	0.01794	0.76823	0.03516	0.01148	0.01722	0.02655	0.01148	0.02009	0.01363	0.01579	0.00933	0.01076	0.00861	0.00574	0.00431	0.00144	0.00718	0.00359	0.00287	0.00861
8	0.00818	0.00584	0.00779	0.00934	0.00973	0.00545	0.00623	0.00934	0.01285	0.01713	0.03698	0.75981	0.04438	0.02102	0.00856	0.00273	0.00389	0.01908	0.00623	0.00545
9	0.01102	0.00761	0.00962	0.00975	0.01131	0.00730	0.00725	0.06537	0.01680	0.05094	0.24132	0.35052	0.09208	0.01681	0.00817	0.00246	0.00419	0.07428	0.00669	0.00650
10	0.01066	0.00895	0.01334	0.15659	0.01893	0.01082	0.01075	0.01296	0.01168	0.01627	0.01996	0.19791	0.02078	0.04984	0.28731	0.00583	0.12745	0.00965	0.00401	0.00630
11	0.02506	0.03198	0.01901	0.01729	0.02074	0.73725	0.01296	0.02679	0.01901	0.01642	0.01037	0.01210	0.00864	0.00691	0.00605	0.00173	0.01210	0.00432	0.00346	0.00778
12	0.01865	0.01473	0.01646	0.01219	0.01791	0.01379	0.00991	0.29594	0.02112	0.03021	0.01364	0.01481	0.01054	0.00623	0.00568	0.00141	0.00596	0.00482	0.00509	0.48093
13	0.01391	0.01193	0.01391	0.00994	0.01590	0.00894	0.00795	0.01690	0.01391	0.02186	0.01193	0.01391	0.00994	0.00497	0.00497	0.00099	0.00497	0.00398	0.00398	0.80521
14	0.02204	0.01563	0.01682	0.01343	0.01781	0.01713	0.01103	0.52260	0.02710	0.03752	0.01843	0.02147	0.01420	0.00864	0.00646	0.00199	0.00646	0.04648	0.16471	0.01007
15	0.01023	0.00769	0.01021	0.00989	0.01038	0.00884	0.00702	0.01138	0.01024	0.01441	0.01847	0.03344	0.01953	0.38694	0.32223	0.00787	0.09398	0.00827	0.00375	0.00522
16	0.01669	0.01441	0.01517	0.01365	0.01745	0.01669	0.01062	0.03565	0.71021	0.02807	0.02731	0.02503	0.02048	0.00910	0.00683	0.00228	0.00531	0.00759	0.00683	0.01062
17	0.31990	0.03523	0.01635	0.06026	0.14269	0.01369	0.01137	0.02436	0.01507	0.27606	0.01619	0.01659	0.01134	0.00694	0.00568	0.00205	0.00615	0.00530	0.00538	0.00940
18	0.00959	0.00719	0.01078	0.01078	0.01198	0.00839	0.00839	0.01198	0.01078	0.01558	0.01797	0.02636	0.01677	0.05032	0.73760	0.01078	0.01797	0.00719	0.00359	0.00599
19	0.01529	0.08757	0.42434	0.13304	0.03026	0.05474	0.07364	0.06606	0.01555	0.02134	0.01211	0.01480	0.00891	0.00646	0.00639	0.00207	0.00960	0.00527	0.00319	0.00935
20	0.81159	0.01298	0.00986	0.00882	0.01298	0.01505	0.00727	0.01972	0.01142	0.03010	0.00934	0.01090	0.00727	0.00623	0.00415	0.00208	0.00519	0.00363	0.00415	0.00727
21	0.32926	0.01400	0.01942	0.19951	0.12267	0.01592	0.09497	0.03433	0.01334	0.02392	0.01105	0.01469	0.00871	0.00671	0.00702	0.00219	0.06531	0.00527	0.00362	0.00809
22	0.02020	0.20792	0.08557	0.01500	0.03457	0.30264	0.01278	0.06892	0.01803	0.04959	0.10784	0.01795	0.01663	0.00762	0.00599	0.00178	0.00879	0.00552	0.00421	0.00844
23	0.01184	0.27600	0.01734	0.00884	0.01218	0.01321	0.00765	0.01405	0.01559	0.01939	0.20211	0.04211	0.31208	0.01224	0.00664	0.00194	0.00468	0.00994	0.00532	0.00686
24	0.01166	0.00583	0.00874	0.00874	0.00874	0.00583	0.00583	0.00874	0.00874	0.01166	0.01166	0.02040	0.01166	0.02331	0.02622	0.80478	0.00583	0.00583	0.00291	0.00291
25	0.01967	0.06785	0.02104	0.23684	0.08247	0.38095	0.01526	0.02240	0.01622	0.01701	0.01086	0.01425	0.00890	0.00699	0.00713	0.00195	0.05406	0.00499	0.00324	0.00793
26	0.01186	0.00970	0.01493	0.06663	0.11615	0.00978	0.05672	0.04520	0.01509	0.02025	0.05813	0.25695	0.03144	0.06002	0.00974	0.00283	0.00623	0.19604	0.00534	0.00699
27	0.00833	0.00668	0.00751	0.00807	0.00980	0.00586	0.00605	0.01007	0.01473	0.01812	0.05673	0.23133	0.47775	0.01814	0.00824	0.00247	0.00385	0.09437	0.00622	0.00567
28	0.00993	0.00769	0.01143	0.01124	0.01236	0.00920	0.00881	0.01226	0.01075	0.01561	0.01736	0.02558	0.01624	0.04775	0.68990	0.01026	0.06689	0.00710	0.00355	0.00608
29	0.01625	0.33733	0.10178	0.12110	0.16361	0.01985	0.01542	0.06008	0.01501	0.01947	0.01294	0.06489	0.01167	0.00718	0.00576	0.00185	0.00766	0.00575	0.00343	0.00894
30	0.01354	0.08323	0.39831	0.01918	0.02653	0.01518	0.18103	0.01935	0.01432	0.02024	0.01610	0.13162	0.01453	0.00845	0.00692	0.00220	0.00909	0.00777	0.00350	0.00891
31	0.01772	0.02048	0.04894	0.01516	0.01876	0.30752	0.08791	0.07266	0.01861	0.02134	0.14659	0.07022	0.10567	0.01009	0.00703	0.00202	0.00843	0.00833	0.00487	0.00765
32	0.01373	0.09905	0.01220	0.00821	0.01155	0.00993	0.00668	0.04720	0.01487	0.02342	0.02134	0.02334	0.06876	0.00762	0.00505	0.00149	0.00426	0.00600	0.41845	0.19684

[dist]
# distance from previous block
# <min> <max>
4	61

[block]
# block no. 6 follows, 32 sequences, length 33
# corresponding to MSA columns:
# 762-794
name=unknown_G
#
# <colnr> <probs for GDERKNQSTAVLIFYWHMCP>
#	G	D	E	R	K	N	Q	S	T	A	V	L	I	F	Y	W	H	M	C	P
0	0.01613	0.01554	0.01561	0.04319	0.01750	0.20102	0.06011	0.07942	0.01722	0.02096	0.15651	0.03070	0.02459	0.01474	0.05303	0.12362	0.00837	0.09009	0.00478	0.00686
1	0.03491	0.01652	0.12140	0.01648	0.08935	0.01336	0.04045	0.15788	0.03670	0.10857	0.05526	0.07365	0.01708	0.00837	0.00656	0.00193	0.00668	0.02088	0.00525	0.16872
2	0.01251	0.00625	0.00625	0.00625	0.00782	0.00625	0.00469	0.01563	0.01407	0.02502	0.02189	0.02502	0.01720	0.00782	0.00469	0.00156	0.00313	0.00625	0.80144	0.00625
3	0.01846	0.14304	0.16952	0.02099	0.16373	0.01955	0.01678	0.21225	0.03691	0.02600	0.01287	0.01500	0.01012	0.00738	0.00809	0.00206	0.09771	0.00543	0.00415	0.00998
4	0.01724	0.02984	0.39113	0.02033	0.02791	0.17748	0.15597	0.06239	0.01660	0.02145	0.01221	0.01460	0.00904	0.00645	0.00663	0.00206	0.01053	0.00547	0.00331	0.00935
5	0.01822	0.01809	0.01533	0.01456	0.01755	0.25036	0.01173	0.10644	0.12533	0.02286	0.02360	0.03964	0.02262	0.01197	0.00752	0.00238	0.00814	0.27019	0.00545	0.00803
6	0.05780	0.02024	0.12649	0.01802	0.11729	0.19630	0.01387	0.02425	0.01669	0.21920	0.01873	0.10862	0.01551	0.00881	0.00660	0.00206	0.00805	0.00713	0.00509	0.00922
7	0.02185	0.02205	0.01988	0.01679	0.01975	0.27011	0.01345	0.24430	0.02030	0.02482	0.01175	0.01425	0.00960	0.00885	0.01144	0.00221	0.25001	0.00539	0.00436	0.00883
8	0.00899	0.00618	0.00754	0.00829	0.00848	0.00600	0.00511	0.00956	0.01125	0.01500	0.02878	0.38903	0.03403	0.40592	0.02182	0.00468	0.00525	0.01425	0.00511	0.00473
9	0.01065	0.00875	0.01393	0.17968	0.02033	0.01005	0.04711	0.01333	0.01150	0.01586	0.01684	0.02668	0.01580	0.14760	0.42333	0.00772	0.01379	0.00734	0.00352	0.00619
10	0.01481	0.01411	0.02398	0.36445	0.41314	0.01547	0.01970	0.01902	0.01443	0.01974	0.01230	0.01719	0.00986	0.00631	0.00667	0.00210	0.00842	0.00597	0.00317	0.00918
11	0.00833	0.00636	0.00744	0.00808	0.00926	0.00570	0.00558	0.00974	0.01396	0.01783	0.09730	0.36472	0.30991	0.09099	0.01075	0.00287	0.00390	0.01573	0.00610	0.00546
12	0.00808	0.00659	0.00715	0.00746	0.00927	0.00566	0.00542	0.00974	0.01496	0.01842	0.09926	0.21913	0.53014	0.01770	0.00807	0.00236	0.00350	0.01514	0.00630	0.00566
13	0.02551	0.01879	0.02014	0.01544	0.02081	0.02081	0.01275	0.69996	0.03155	0.04229	0.01611	0.01611	0.01141	0.00805	0.00671	0.00201	0.00738	0.00604	0.00671	0.01141
14	0.81159	0.01298	0.00986	0.00882	0.01298	0.01505	0.00727	0.01972	0.01142	0.03010	0.00934	0.01090	0.00727	0.00623	0.00415	0.00208	0.00519	0.00363	0.00415	0.00727
15	0.01081	0.00772	0.01081	0.01236	0.01390	0.00772	0.01081	0.01390	0.01545	0.02008	0.03553	0.07569	0.03862	0.01854	0.00927	0.00309	0.00618	0.67717	0.00618	0.00618
16	0.01545	0.01733	0.03718	0.11742	0.03645	0.01671	0.61383	0.02095	0.01554	0.02095	0.01337	0.01807	0.01003	0.00579	0.00777	0.00226	0.01102	0.00768	0.00334	0.00885
17	0.12349	0.01614	0.01756	0.01372	0.01882	0.01734	0.01130	0.42753	0.05974	0.19947	0.01824	0.01747	0.01256	0.00794	0.00641	0.00205	0.00662	0.00598	0.00677	0.01086
18	0.02383	0.02446	0.01762	0.01532	0.01914	0.42933	0.01182	0.16843	0.06227	0.06915	0.01469	0.01560	0.01123	0.00746	0.00616	0.00183	0.00946	0.00521	0.07820	0.00881
19	0.00817	0.00681	0.00713	0.00705	0.00921	0.00577	0.00529	0.01010	0.01586	0.01947	0.16794	0.06235	0.61881	0.01649	0.00793	0.00224	0.00336	0.01385	0.00641	0.00577
20	0.02932	0.01267	0.01635	0.01253	0.01775	0.01172	0.01035	0.14619	0.02130	0.61052	0.02471	0.02169	0.01573	0.00826	0.00674	0.00207	0.00599	0.00663	0.00803	0.01142
21	0.02388	0.01008	0.01334	0.01069	0.01492	0.00874	0.00866	0.02644	0.01862	0.52190	0.13560	0.03284	0.12343	0.01035	0.00709	0.00211	0.00500	0.00860	0.00787	0.00984
22	0.00930	0.00632	0.00822	0.00920	0.00964	0.00616	0.00610	0.01052	0.04408	0.01628	0.03068	0.52360	0.03577	0.11286	0.01437	0.12636	0.00458	0.01536	0.00548	0.00513
23	0.02741	0.01574	0.01825	0.01399	0.01928	0.01627	0.01156	0.42361	0.02644	0.32586	0.02040	0.01890	0.01356	0.00816	0.00673	0.00204	0.00669	0.00633	0.00737	0.01141
24	0.02736	0.01338	0.01634	0.01263	0.01762	0.01307	0.01040	0.24317	0.02275	0.45862	0.02285	0.02086	0.01500	0.00819	0.00659	0.00202	0.00605	0.00649	0.06555	0.01104
25	0.01406	0.02310	0.42679	0.01514	0.02144	0.01182	0.01725	0.01839	0.01341	0.08728	0.01645	0.10860	0.01436	0.01176	0.01065	0.16259	0.00795	0.00705	0.00380	0.00811
26	0.01896	0.02221	0.01577	0.01472	0.01729	0.45002	0.01116	0.02096	0.01577	0.01609	0.01337	0.01772	0.01185	0.02402	0.29433	0.00530	0.01441	0.00545	0.00351	0.00707
27	0.01045	0.00811	0.01103	0.01057	0.01113	0.00960	0.00777	0.01181	0.01032	0.01471	0.01771	0.03107	0.01836	0.31085	0.36207	0.00795	0.12939	0.00794	0.00367	0.00548
28	0.01504	0.01923	0.13735	0.01837	0.12599	0.19022	0.01402	0.01834	0.01423	0.01784	0.01565	0.07268	0.01443	0.02320	0.26755	0.00514	0.01259	0.00678	0.00358	0.00777
29	0.01218	0.00768	0.00894	0.00909	0.01073	0.00776	0.00662	0.01697	0.12262	0.06023	0.07967	0.31629	0.03175	0.01368	0.00690	0.00220	0.00391	0.01197	0.26391	0.00690
30	0.01297	0.01165	0.01727	0.05648	0.27682	0.01168	0.02889	0.01818	0.10204	0.02262	0.17341	0.03559	0.18377	0.01050	0.00726	0.00213	0.00573	0.00936	0.00524	0.00842
31	0.02310	0.14371	0.02074	0.01562	0.01936	0.53444	0.01223	0.02499	0.01759	0.05443	0.01163	0.01351	0.00966	0.00997	0.05908	0.00236	0.01142	0.00455	0.00364	0.00797
32	0.01829	0.42538	0.02615	0.01157	0.01719	0.06185	0.01049	0.04866	0.01514	0.06453	0.01153	0.01276	0.00963	0.00585	0.00486	0.00139	0.00674	0.00405	0.00374	0.24022

[dist]
# distance from previous block
# <min> <max>
4	75

[block]
# block no. 7 follows, 32 sequences, length 58
# corresponding to MSA columns:
# 871-928
name=unknown_H
#
# <colnr> <probs for GDERKNQSTAVLIFYWHMCP>
#	G	D	E	R	K	N	Q	S	T	A	V	L	I	F	Y	W	H	M	C	P
0	0.02084	0.02484	0.12738	0.01914	0.02454	0.28689	0.17406	0.11114	0.01876	0.06868	0.01361	0.01611	0.01043	0.02406	0.02767	0.00233	0.01061	0.00583	0.00411	0.00897
1	0.14249	0.35515	0.04229	0.01137	0.01550	0.01855	0.01024	0.01937	0.04549	0.06623	0.01652	0.15283	0.01618	0.00938	0.00647	0.00197	0.05059	0.00706	0.00425	0.00805
2	0.01580	0.01331	0.02256	0.02126	0.14123	0.01370	0.18889	0.06513	0.06739	0.08045	0.01703	0.02126	0.01378	0.02106	0.24613	0.00498	0.02589	0.00706	0.00433	0.00876
3	0.01426	0.01131	0.01257	0.01075	0.01394	0.01144	0.00805	0.10448	0.19238	0.02309	0.02323	0.05566	0.06038	0.19918	0.04922	0.00344	0.00625	0.00792	0.00527	0.18718
4	0.01704	0.02161	0.29048	0.02471	0.26528	0.01395	0.01922	0.02214	0.01542	0.13343	0.01608	0.02045	0.01259	0.00728	0.00665	0.00208	0.00809	0.05013	0.00415	0.04921
5	0.01373	0.01297	0.01594	0.01942	0.21513	0.09000	0.01145	0.01617	0.01446	0.01948	0.02147	0.29793	0.02308	0.01157	0.00693	0.00202	0.00620	0.01032	0.00459	0.18715
6	0.01252	0.01097	0.01492	0.01153	0.01614	0.00888	0.08356	0.01529	0.01393	0.02044	0.02130	0.15032	0.07385	0.03002	0.00698	0.00169	0.00540	0.00805	0.00449	0.48971
7	0.01870	0.06387	0.01906	0.15828	0.07093	0.23732	0.01325	0.12111	0.06504	0.02312	0.12515	0.02093	0.01870	0.00813	0.00656	0.00197	0.00836	0.00642	0.00464	0.00845
8	0.00962	0.00704	0.01000	0.01000	0.01093	0.00796	0.00741	0.01148	0.01055	0.01500	0.01869	0.03031	0.01849	0.21097	0.57930	0.00982	0.01539	0.00777	0.00370	0.00556
9	0.06900	0.26302	0.09059	0.05984	0.02137	0.01771	0.11249	0.04716	0.04763	0.06170	0.07758	0.02157	0.06790	0.00780	0.00610	0.00193	0.00723	0.00649	0.00432	0.00858
10	0.01837	0.01376	0.01644	0.06220	0.01901	0.01551	0.01142	0.38294	0.02214	0.03007	0.01657	0.02028	0.01337	0.02466	0.29538	0.00549	0.01167	0.00649	0.00523	0.00901
11	0.02480	0.06443	0.01995	0.01673	0.02059	0.59254	0.01286	0.13116	0.02071	0.02041	0.01122	0.01266	0.00907	0.00704	0.00607	0.00176	0.01114	0.00455	0.00394	0.00838
12	0.00998	0.00767	0.00984	0.00964	0.01172	0.00701	0.00742	0.01238	0.01458	0.02014	0.16340	0.20496	0.11621	0.02033	0.11471	0.00349	0.00629	0.11164	0.00567	0.14292
13	0.01877	0.28238	0.04195	0.01594	0.02072	0.03493	0.10146	0.17249	0.09440	0.02394	0.01337	0.01514	0.01077	0.00753	0.00826	0.00200	0.11685	0.00551	0.00425	0.00934
14	0.00952	0.00652	0.00789	0.00809	0.00832	0.00664	0.00498	0.01003	0.01032	0.01393	0.02276	0.13569	0.02591	0.56162	0.13388	0.00663	0.00784	0.01061	0.00428	0.00453
15	0.00970	0.00672	0.00842	0.00842	0.00880	0.00710	0.00544	0.01046	0.01008	0.01383	0.02013	0.03833	0.02197	0.53720	0.25783	0.00787	0.01015	0.00894	0.00392	0.00468
16	0.01691	0.01535	0.02060	0.18938	0.30147	0.11091	0.01589	0.02012	0.01489	0.07923	0.01447	0.01989	0.01213	0.07481	0.06304	0.00306	0.00917	0.00623	0.00377	0.00869
17	0.01726	0.06009	0.40410	0.02192	0.14519	0.16641	0.02047	0.02270	0.01555	0.04810	0.01225	0.01436	0.00922	0.00647	0.00628	0.00199	0.00976	0.00501	0.00327	0.00960
18	0.01473	0.01363	0.02282	0.19531	0.44875	0.01430	0.01848	0.01867	0.01489	0.02053	0.01639	0.02702	0.01505	0.00830	0.00711	0.00224	0.00788	0.12102	0.00373	0.00915
19	0.00809	0.00615	0.00746	0.00851	0.00951	0.00552	0.00586	0.00944	0.01365	0.01745	0.04712	0.53244	0.26521	0.01970	0.00836	0.00257	0.00373	0.01747	0.00623	0.00552
20	0.35653	0.01315	0.01385	0.01115	0.01593	0.01364	0.00920	0.12507	0.01776	0.33494	0.01778	0.01686	0.01194	0.00740	0.00566	0.00207	0.00574	0.00534	0.00633	0.00968
21	0.01448	0.06445	0.01549	0.01613	0.11760	0.17978	0.01046	0.01719	0.04589	0.01879	0.07608	0.34104	0.02908	0.01344	0.00729	0.00223	0.00663	0.01166	0.00505	0.00726
22	0.01263	0.01174	0.01736	0.01527	0.01606	0.01538	0.04219	0.01467	0.01073	0.01615	0.01280	0.01965	0.01215	0.02739	0.31655	0.00614	0.41655	0.00651	0.00323	0.00686
23	0.01474	0.01264	0.01573	0.06717	0.06971	0.01063	0.00996	0.05955	0.01507	0.02279	0.01224	0.01454	0.01001	0.00536	0.00533	0.00122	0.00563	0.00440	0.00402	0.63927
24	0.01688	0.38976	0.22690	0.01363	0.01993	0.01970	0.01463	0.05019	0.01491	0.07199	0.01461	0.09223	0.01309	0.00783	0.00563	0.00184	0.00750	0.00596	0.00379	0.00898
25	0.01267	0.01193	0.02013	0.74806	0.04621	0.01491	0.01863	0.01714	0.01342	0.01714	0.01193	0.01789	0.00894	0.00671	0.00671	0.00224	0.00894	0.00596	0.00298	0.00745
26	0.00847	0.00664	0.00772	0.00817	0.00979	0.00589	0.00606	0.01038	0.01524	0.01936	0.15494	0.24049	0.39082	0.01766	0.00820	0.00243	0.00373	0.07187	0.00640	0.00575
27	0.01399	0.03097	0.57419	0.02118	0.03040	0.01589	0.17628	0.02130	0.01454	0.02130	0.01239	0.01505	0.00888	0.00621	0.00672	0.00216	0.01023	0.00562	0.00296	0.00972
28	0.02506	0.03198	0.01901	0.01729	0.02074	0.73725	0.01296	0.02679	0.01901	0.01642	0.01037	0.01210	0.00864	0.00691	0.00605	0.00173	0.01210	0.00432	0.00346	0.00778
29	0.00847	0.00622	0.00802	0.00935	0.01016	0.00577	0.00664	0.00996	0.01353	0.01764	0.04134	0.57225	0.14262	0.02012	0.00856	0.00270	0.00411	0.10076	0.00622	0.00557
30	0.00959	0.00719	0.01078	0.01078	0.01198	0.00839	0.00839	0.01198	0.01078	0.01558	0.01797	0.02636	0.01677	0.05032	0.73760	0.01078	0.01797	0.00719	0.00359	0.00599
31	0.00969	0.00677	0.00864	0.00864	0.00909	0.00722	0.00571	0.01060	0.01015	0.01399	0.01994	0.03724	0.02150	0.49291	0.30147	0.00813	0.01086	0.00878	0.00389	0.00480
32	0.01798	0.01352	0.01481	0.01308	0.01691	0.01510	0.01024	0.03374	0.57329	0.12010	0.07307	0.02641	0.02281	0.00930	0.00689	0.00224	0.00522	0.00778	0.00706	0.01044
33	0.00973	0.00661	0.00783	0.00783	0.00800	0.00678	0.00470	0.01008	0.00991	0.01339	0.02068	0.04134	0.02328	0.65956	0.13725	0.00713	0.00819	0.00938	0.00400	0.00435
34	0.20128	0.01518	0.02100	0.01757	0.07182	0.06696	0.17092	0.02585	0.01637	0.30173	0.01741	0.01780	0.01198	0.00695	0.00638	0.00209	0.00754	0.00608	0.00550	0.00960
35	0.01210	0.00820	0.00971	0.00913	0.01157	0.00785	0.00700	0.01602	0.09060	0.10857	0.12649	0.09386	0.32997	0.01981	0.11465	0.00350	0.00604	0.01158	0.00631	0.00703
36	0.00837	0.00614	0.00790	0.00923	0.00999	0.00568	0.00646	0.00978	0.01343	0.01753	0.04140	0.59921	0.14285	0.02022	0.00853	0.00269	0.00402	0.07482	0.00622	0.00554
37	0.00818	0.00584	0.00779	0.00934	0.00973	0.00545	0.00623	0.00934	0.01285	0.01713	0.03698	0.75981	0.04438	0.02102	0.00856	0.00273	0.00389	0.01908	0.00623	0.00545
38	0.01564	0.01405	0.02210	0.44452	0.23012	0.01606	0.01832	0.11818	0.01659	0.02215	0.01273	0.01727	0.00977	0.00670	0.00669	0.00214	0.00845	0.00598	0.00362	0.00891
39	0.02651	0.01279	0.01588	0.01266	0.01753	0.01246	0.01030	0.09289	0.18458	0.49978	0.02575	0.02276	0.01707	0.00847	0.00676	0.00212	0.00576	0.00688	0.00781	0.01123
40	0.01249	0.00795	0.01045	0.01033	0.01230	0.00764	0.00819	0.01629	0.06016	0.10416	0.32686	0.14296	0.04628	0.01503	0.00816	0.00246	0.00449	0.18980	0.00699	0.00703
41	0.01207	0.00634	0.00665	0.00657	0.00814	0.00627	0.00493	0.01520	0.01479	0.02529	0.12403	0.02870	0.02396	0.00868	0.00516	0.00164	0.00313	0.00712	0.68506	0.00627
42	0.10535	0.01275	0.01939	0.57087	0.08266	0.01538	0.01706	0.06294	0.01451	0.02059	0.01195	0.01689	0.00902	0.00670	0.00641	0.00219	0.00835	0.00570	0.00338	0.00789
43	0.00818	0.00584	0.00779	0.00934	0.00973	0.00545	0.00623	0.00934	0.01285	0.01713	0.03698	0.75981	0.04438	0.02102	0.00856	0.00273	0.00389	0.01908	0.00623	0.00545
44	0.01948	0.01665	0.02330	0.02914	0.40024	0.01761	0.01671	0.24102	0.11574	0.02931	0.01576	0.01760	0.01223	0.00707	0.00669	0.00204	0.00742	0.00622	0.00489	0.01088
45	0.13559	0.18415	0.01989	0.01172	0.01718	0.01712	0.01005	0.20749	0.01857	0.05585	0.01271	0.01373	0.00992	0.00632	0.00525	0.00158	0.00620	0.00452	0.00468	0.25748
46	0.00885	0.00644	0.00824	0.00876	0.00962	0.00624	0.00606	0.01041	0.01336	0.01800	0.15260	0.32753	0.11758	0.15098	0.11962	0.00440	0.00622	0.01398	0.00567	0.00547
47	0.00877	0.00615	0.00781	0.00869	0.00913	0.00584	0.00567	0.00988	0.01282	0.01729	0.12067	0.47786	0.04150	0.21779	0.01529	0.00365	0.00449	0.01570	0.00580	0.00520
48	0.01821	0.12658	0.02719	0.03849	0.18026	0.01832	0.16806	0.18142	0.07867	0.02646	0.05822	0.01880	0.01449	0.00712	0.00670	0.00201	0.00796	0.00660	0.00462	0.00983
49	0.15311	0.02276	0.18520	0.02037	0.02673	0.12188	0.28505	0.02279	0.05824	0.02258	0.01289	0.01553	0.00972	0.00631	0.00658	0.00212	0.00969	0.00597	0.00362	0.00885
50	0.01146	0.00635	0.00666	0.00666	0.00763	0.00635	0.00445	0.01340	0.01243	0.02045	0.02160	0.03220	0.01993	0.29524	0.01589	0.00344	0.00441	0.00759	0.49843	0.00542
51	0.02300	0.01781	0.02114	0.02377	0.26398	0.12137	0.01474	0.17791	0.05297	0.19058	0.01700	0.01768	0.01237	0.00727	0.00660	0.00199	0.00779	0.00600	0.00543	0.01057
52	0.01585	0.01148	0.01204	0.05756	0.07452	0.07233	0.00881	0.11741	0.01712	0.02606	0.01864	0.02144	0.01454	0.00755	0.00540	0.00172	0.00530	0.00602	0.49864	0.00759
53	0.02195	0.03098	0.17944	0.01910	0.06613	0.49653	0.01609	0.05671	0.01828	0.01906	0.01116	0.01303	0.00886	0.00679	0.00619	0.00185	0.01113	0.00465	0.00346	0.00861
54	0.01694	0.01289	0.01433	0.01272	0.01584	0.01405	0.00979	0.28803	0.17716	0.02953	0.02656	0.30073	0.02598	0.01322	0.00744	0.00234	0.00559	0.01134	0.00655	0.00897
55	0.64564	0.01391	0.01530	0.01368	0.06022	0.01539	0.10933	0.02004	0.01231	0.02834	0.01017	0.01231	0.00790	0.00613	0.00486	0.00210	0.00626	0.00441	0.00399	0.00774
56	0.01492	0.01578	0.01883	0.01601	0.01850	0.17232	0.14063	0.01739	0.01417	0.01775	0.01986	0.12967	0.05850	0.03232	0.11138	0.00357	0.14132	0.00863	0.04135	0.00708
57	0.01681	0.01930	0.18895	0.06572	0.06410	0.06839	0.04684	0.07713	0.01708	0.10087	0.15025	0.02273	0.02053	0.00883	0.00879	0.00219	0.10089	0.00697	0.00477	0.00887

[dist]
# distance from previous block
# <min> <max>
2	4

[block]
# block no. 8 follows, 32 sequences, length 11
# corresponding to MSA columns:
# 940-950
name=unknown_I
#
# <colnr> <probs for GDERKNQSTAVLIFYWHMCP>
#	G	D	E	R	K	N	Q	S	T	A	V	L	I	F	Y	W	H	M	C	P
0	0.01722	0.14244	0.24192	0.01557	0.02122	0.01831	0.01590	0.16418	0.06249	0.04491	0.01403	0.01621	0.01097	0.01169	0.07712	0.00292	0.10379	0.00552	0.00417	0.00941
1	0.02001	0.00968	0.01255	0.01117	0.01435	0.00907	0.00858	0.02419	0.10666	0.36568	0.03058	0.30385	0.02769	0.01325	0.00745	0.00235	0.00497	0.01155	0.00732	0.00904
