[name]
unknown

[dist]
# distance from previous block
# <min> <max>
0	606

[block]
# block no. 0 follows, 45 sequences, length 26
# corresponding to MSA columns:
# 616-641
name=unknown_A
#
# <colnr> <probs for GDERKNQSTAVLIFYWHMCP>
#	G	D	E	R	K	N	Q	S	T	A	V	L	I	F	Y	W	H	M	C	P
0	0.00921	0.00746	0.00878	0.00904	0.01013	0.03904	0.00693	0.07703	0.01229	0.01601	0.02756	0.40111	0.10335	0.01405	0.00762	0.00214	0.07156	0.16688	0.00470	0.00513
1	0.01129	0.09924	0.38141	0.01243	0.01742	0.04389	0.03634	0.01612	0.05669	0.01696	0.07019	0.02709	0.03354	0.00646	0.00591	0.00165	0.06438	0.00499	0.08704	0.00696
2	0.00952	0.06960	0.04873	0.00833	0.00986	0.00831	0.00657	0.08597	0.01060	0.01439	0.01640	0.13379	0.01720	0.27642	0.25550	0.00499	0.00800	0.00734	0.00347	0.00500
3	0.02991	0.12624	0.17206	0.02768	0.04629	0.02117	0.01043	0.05234	0.11105	0.01716	0.01943	0.02044	0.14630	0.01820	0.04034	0.00197	0.05316	0.00563	0.03121	0.04898
4	0.49308	0.05972	0.01272	0.00951	0.01332	0.01368	0.04494	0.21558	0.01405	0.06488	0.00980	0.01061	0.00727	0.00541	0.00414	0.00162	0.00498	0.00372	0.00395	0.00701
5	0.05247	0.01099	0.01304	0.15118	0.01745	0.02935	0.00943	0.23905	0.09851	0.09279	0.01580	0.12005	0.01374	0.05651	0.00752	0.00200	0.05211	0.00644	0.00446	0.00711
6	0.07948	0.21897	0.05717	0.01133	0.01524	0.29179	0.00975	0.07935	0.01432	0.15925	0.01087	0.01129	0.00819	0.00551	0.00454	0.00143	0.00694	0.00377	0.00360	0.00723
7	0.05833	0.00600	0.00752	0.00738	0.00813	0.00671	0.00531	0.00979	0.00864	0.01328	0.01491	0.02482	0.01490	0.30616	0.35435	0.00593	0.04179	0.00618	0.09551	0.00438
8	0.00694	0.00484	0.00611	0.00697	0.00718	0.00462	0.00444	0.00758	0.00950	0.01267	0.02561	0.56563	0.03049	0.26587	0.01327	0.00313	0.00377	0.01292	0.00444	0.00401
9	0.01014	0.00954	0.01610	0.79845	0.03697	0.01193	0.01491	0.01371	0.01073	0.01371	0.00954	0.01431	0.00716	0.00537	0.00537	0.00179	0.00716	0.00477	0.00239	0.00596
10	0.00922	0.01019	0.07770	0.01268	0.01567	0.00839	0.25995	0.01184	0.01136	0.01499	0.02516	0.15308	0.18316	0.12633	0.00943	0.00239	0.00583	0.05334	0.00374	0.00553
11	0.01208	0.01023	0.01478	0.50721	0.02822	0.01202	0.01241	0.18401	0.01457	0.01915	0.09003	0.01805	0.04165	0.00650	0.00550	0.00174	0.00623	0.00554	0.00353	0.00654
12	0.01069	0.00623	0.00795	0.00780	0.00933	0.00576	0.00571	0.04934	0.01285	0.16205	0.12579	0.43441	0.11434	0.01325	0.00638	0.00195	0.00341	0.01170	0.00544	0.00562
13	0.01287	0.00649	0.00854	0.00760	0.00965	0.00586	0.00584	0.01504	0.01424	0.26142	0.37034	0.13884	0.03369	0.01003	0.00590	0.00171	0.00326	0.00874	0.07368	0.00625
14	0.00665	0.00472	0.00619	0.00733	0.00761	0.00444	0.00483	0.00750	0.01005	0.01341	0.02844	0.73805	0.03406	0.08859	0.00870	0.00245	0.00330	0.01459	0.00483	0.00426
15	0.11383	0.01408	0.01492	0.01155	0.01573	0.01549	0.00954	0.62274	0.02271	0.08734	0.01288	0.01281	0.00906	0.00629	0.00514	0.00162	0.00561	0.00466	0.00523	0.00876
16	0.00954	0.00691	0.00787	0.00766	0.00919	0.00697	0.00558	0.01383	0.18202	0.06147	0.06931	0.15432	0.19553	0.18897	0.01088	0.00265	0.00391	0.05309	0.00485	0.00544
17	0.00679	0.00543	0.00612	0.00658	0.00782	0.00492	0.00469	0.00868	0.05046	0.01458	0.04228	0.36787	0.42535	0.01462	0.00651	0.00197	0.00296	0.01271	0.00501	0.00466
18	0.01748	0.01358	0.01447	0.01176	0.01553	0.01528	0.00950	0.45712	0.33284	0.02912	0.01660	0.01584	0.01213	0.00679	0.00541	0.00170	0.00522	0.00534	0.00541	0.00887
19	0.41650	0.01339	0.01193	0.01034	0.01290	0.16128	0.03661	0.01657	0.01060	0.04838	0.00872	0.01068	0.00706	0.00608	0.00668	0.00173	0.16438	0.00370	0.04640	0.00604
20	0.01308	0.01225	0.01966	0.10075	0.41400	0.01280	0.09395	0.05555	0.15714	0.01902	0.03899	0.01571	0.01133	0.00559	0.00550	0.00168	0.00618	0.00537	0.00342	0.00803
21	0.01561	0.06064	0.10116	0.05224	0.05451	0.05025	0.01009	0.13924	0.01445	0.15526	0.01201	0.01276	0.00884	0.00521	0.00473	0.00133	0.00552	0.00409	0.00391	0.28816
22	0.00677	0.00525	0.00617	0.00638	0.00763	0.00465	0.00462	0.00837	0.01260	0.01640	0.26489	0.25229	0.35736	0.01367	0.00648	0.00187	0.00277	0.01190	0.00526	0.00465
23	0.01321	0.01291	0.05372	0.12010	0.01802	0.08387	0.06730	0.12846	0.23871	0.01964	0.03205	0.02027	0.10331	0.00789	0.00646	0.05115	0.00577	0.00599	0.00416	0.00701
24	0.00677	0.00535	0.00583	0.00606	0.00756	0.00466	0.00453	0.00826	0.01207	0.01517	0.08957	0.16263	0.53998	0.01362	0.00635	0.00187	0.00289	0.05506	0.04719	0.00459
25	0.01399	0.01290	0.01941	0.20982	0.31918	0.04279	0.07987	0.15822	0.01445	0.01954	0.01047	0.01331	0.00818	0.00520	0.00534	0.00161	0.00671	0.00479	0.00315	0.05107

[dist]
# distance from previous block
# <min> <max>
1	36

[block]
# block no. 1 follows, 45 sequences, length 27
# corresponding to MSA columns:
# 678-704
name=unknown_B
#
# <colnr> <probs for GDERKNQSTAVLIFYWHMCP>
#	G	D	E	R	K	N	Q	S	T	A	V	L	I	F	Y	W	H	M	C	P
0	0.01118	0.08383	0.20614	0.14060	0.12165	0.01110	0.01258	0.01470	0.01120	0.01613	0.02896	0.01338	0.00903	0.02699	0.02521	0.00165	0.00620	0.00417	0.00274	0.25256
1	0.50591	0.01037	0.00950	0.00783	0.01145	0.01094	0.00637	0.09700	0.01179	0.02346	0.06104	0.01188	0.00974	0.00532	0.00391	0.00146	0.00419	0.00365	0.00369	0.20050
2	0.00667	0.00488	0.00611	0.00698	0.00754	0.00449	0.00469	0.00766	0.01059	0.01390	0.06623	0.58635	0.15154	0.08533	0.00853	0.00236	0.00321	0.01374	0.00487	0.00432
3	0.01199	0.01229	0.01880	0.21553	0.08242	0.09080	0.21185	0.01617	0.07711	0.01586	0.01423	0.07593	0.01285	0.00724	0.00633	0.00186	0.03469	0.08430	0.00326	0.00652
4	0.01129	0.05886	0.22633	0.01151	0.01652	0.01032	0.07424	0.05888	0.03813	0.01769	0.01402	0.09804	0.04004	0.00636	0.00499	0.00142	0.00558	0.00544	0.00331	0.29703
5	0.01140	0.00915	0.01284	0.01120	0.01255	0.01111	0.03713	0.10177	0.01094	0.05143	0.01226	0.01741	0.01099	0.05259	0.36688	0.00517	0.25068	0.00540	0.00320	0.00588
6	0.01085	0.02637	0.71664	0.01519	0.02244	0.01281	0.01913	0.01664	0.01106	0.01664	0.00941	0.01137	0.00682	0.00547	0.00619	0.00176	0.07714	0.00403	0.00227	0.00775
7	0.01849	0.01227	0.11663	0.01061	0.01479	0.00996	0.00965	0.12632	0.09276	0.39308	0.09156	0.02047	0.01642	0.00720	0.00553	0.00171	0.00500	0.03359	0.00562	0.00835
8	0.01701	0.01378	0.01887	0.01803	0.19163	0.01456	0.11652	0.43660	0.01958	0.02686	0.01227	0.01367	0.00915	0.00578	0.00539	0.00161	0.00623	0.00504	0.05897	0.00845
9	0.00682	0.00510	0.00622	0.00700	0.00782	0.00468	0.00496	0.00796	0.01086	0.01391	0.03559	0.44291	0.24875	0.08323	0.00850	0.00236	0.00337	0.09075	0.00483	0.00438
10	0.00652	0.00474	0.00616	0.00730	0.00774	0.00437	0.00491	0.00749	0.01044	0.01377	0.03169	0.74355	0.09844	0.01654	0.00681	0.00215	0.00308	0.01493	0.00498	0.00437
11	0.01243	0.01336	0.09959	0.20999	0.29835	0.01327	0.01478	0.07987	0.01211	0.01703	0.00979	0.01330	0.00798	0.00709	0.03435	0.00202	0.13990	0.00472	0.00274	0.00732
12	0.00650	0.00483	0.00607	0.00707	0.00768	0.00439	0.00480	0.00752	0.01067	0.01386	0.03456	0.65613	0.18401	0.01617	0.00675	0.00211	0.00303	0.01447	0.00498	0.00439
13	0.00652	0.00492	0.00603	0.00686	0.00764	0.00443	0.00472	0.00763	0.01102	0.01420	0.06244	0.56154	0.25126	0.01568	0.00669	0.00206	0.00298	0.01393	0.00502	0.00443
14	0.01499	0.27672	0.06682	0.00942	0.01321	0.01380	0.00861	0.08401	0.15119	0.12621	0.01458	0.01481	0.01104	0.00589	0.00442	0.00144	0.00483	0.00447	0.16612	0.00740
15	0.05344	0.01251	0.04771	0.10530	0.49267	0.01248	0.01441	0.04603	0.07826	0.03775	0.01147	0.01408	0.00918	0.00649	0.03393	0.00190	0.00645	0.00483	0.00311	0.00800
16	0.00711	0.00529	0.00661	0.00666	0.00781	0.00480	0.00485	0.00904	0.01348	0.01834	0.46134	0.21795	0.19129	0.01283	0.00645	0.00183	0.00270	0.01130	0.00551	0.00480
17	0.01392	0.01070	0.01126	0.00984	0.01271	0.01207	0.00774	0.16363	0.45415	0.02405	0.01916	0.01867	0.01441	0.00689	0.00505	0.00165	0.00416	0.00559	0.19653	0.00782
18	0.01349	0.32768	0.15948	0.01274	0.01761	0.01562	0.14457	0.10259	0.01337	0.03084	0.08123	0.01443	0.01188	0.02604	0.00539	0.00158	0.00641	0.00472	0.00316	0.00718
19	0.60476	0.11753	0.01172	0.00844	0.01184	0.14066	0.00700	0.01674	0.01036	0.02080	0.00761	0.00886	0.00613	0.00502	0.00359	0.00155	0.00526	0.00299	0.00310	0.00602
20	0.27728	0.01165	0.01147	0.00979	0.01312	0.01322	0.00786	0.20638	0.29466	0.02575	0.06429	0.01600	0.01349	0.00659	0.00482	0.00171	0.00452	0.00500	0.00480	0.00759
21	0.01279	0.01225	0.08120	0.24538	0.22438	0.01187	0.01317	0.06543	0.12640	0.06784	0.01603	0.01774	0.06960	0.00627	0.00542	0.00172	0.00598	0.00546	0.00358	0.00749
22	0.00863	0.00708	0.00772	0.00728	0.00919	0.00708	0.00549	0.01395	0.21679	0.01827	0.23040	0.03935	0.34754	0.04872	0.00709	0.00194	0.00320	0.00932	0.00527	0.00568
23	0.01179	0.09604	0.21303	0.03217	0.31344	0.01304	0.01468	0.01525	0.01125	0.01611	0.04654	0.01412	0.01018	0.00867	0.07319	0.00226	0.09351	0.00469	0.00266	0.00739
24	0.00673	0.00535	0.00604	0.00609	0.00754	0.00466	0.00448	0.00836	0.01281	0.01638	0.25489	0.15071	0.47042	0.01329	0.00641	0.00183	0.00272	0.01140	0.00525	0.00466
25	0.01637	0.26280	0.07197	0.06359	0.01731	0.28184	0.01105	0.11739	0.01409	0.01604	0.00873	0.01038	0.00722	0.00566	0.00562	0.00147	0.07502	0.00369	0.00288	0.00689
26	0.01434	0.06122	0.22765	0.06178	0.12554	0.09253	0.01314	0.08287	0.06297	0.08759	0.01231	0.04241	0.00967	0.00583	0.00507	0.00156	0.00649	0.00471	0.00344	0.07889

[dist]
# distance from previous block
# <min> <max>
0	4

[block]
# block no. 2 follows, 45 sequences, length 13
# corresponding to MSA columns:
# 709-721
name=unknown_C
#
# <colnr> <probs for GDERKNQSTAVLIFYWHMCP>
#	G	D	E	R	K	N	Q	S	T	A	V	L	I	F	Y	W	H	M	C	P
0	0.14304	0.20590	0.01704	0.01111	0.01454	0.11672	0.05229	0.02131	0.29434	0.01841	0.01313	0.01351	0.01036	0.00599	0.00515	0.00160	0.04019	0.00443	0.00373	0.00721
1	0.01272	0.05317	0.19083	0.03979	0.08333	0.01215	0.01160	0.15989	0.14639	0.02090	0.09786	0.04691	0.01639	0.05194	0.00667	0.00191	0.00562	0.03043	0.00410	0.00740
2	0.00664	0.00494	0.00619	0.00696	0.00771	0.00449	0.00481	0.00787	0.01133	0.01490	0.13288	0.55080	0.19013	0.01538	0.00668	0.00204	0.00296	0.01372	0.00511	0.00449
3	0.01235	0.01239	0.05863	0.06339	0.16912	0.08666	0.01083	0.07077	0.16429	0.01751	0.01448	0.05446	0.01237	0.01534	0.20949	0.00350	0.00830	0.00562	0.00356	0.00697
4	0.00725	0.00531	0.00669	0.00690	0.00762	0.00531	0.00478	0.00837	0.00984	0.01316	0.08347	0.18329	0.15579	0.25328	0.22000	0.00466	0.00659	0.00946	0.00399	0.00424
5	0.01189	0.09096	0.08241	0.08767	0.18295	0.01242	0.03371	0.01860	0.23227	0.01800	0.07130	0.01957	0.01491	0.00870	0.05342	0.00213	0.00611	0.04188	0.00375	0.00736
6	0.01113	0.00954	0.01113	0.00795	0.01272	0.00716	0.00636	0.01352	0.01113	0.01749	0.00954	0.01113	0.00795	0.00398	0.00398	0.00080	0.00398	0.00318	0.00318	0.84417
7	0.84927	0.01038	0.00789	0.00706	0.01038	0.01204	0.00581	0.01578	0.00914	0.02408	0.00747	0.00872	0.00581	0.00498	0.00332	0.00166	0.00415	0.00291	0.00332	0.00581
8	0.00981	0.00924	0.01354	0.19952	0.05149	0.05199	0.11141	0.01204	0.01086	0.01402	0.01910	0.10911	0.11080	0.14067	0.06228	0.00277	0.00650	0.00736	0.00330	0.05419
9	0.00659	0.00501	0.00599	0.00665	0.00752	0.00450	0.00459	0.00772	0.01111	0.01425	0.07902	0.46518	0.29166	0.05474	0.00766	0.00218	0.00305	0.01322	0.00495	0.00440
10	0.00833	0.00637	0.00783	0.00841	0.05328	0.00595	0.00585	0.01111	0.06633	0.04396	0.23302	0.14592	0.32359	0.01220	0.00631	0.00184	0.00322	0.04596	0.00518	0.00534
11	0.80335	0.01122	0.00829	0.00743	0.01073	0.05511	0.00607	0.01609	0.00947	0.02348	0.00752	0.00877	0.00587	0.00501	0.00341	0.00165	0.00446	0.00294	0.00329	0.00584
12	0.45280	0.01386	0.01060	0.04711	0.01341	0.20302	0.00760	0.06030	0.01229	0.04775	0.05577	0.01203	0.00957	0.00568	0.00418	0.00159	0.00563	0.00381	0.02683	0.00616

[dist]
# distance from previous block
# <min> <max>
0	21

[block]
# block no. 3 follows, 45 sequences, length 41
# corresponding to MSA columns:
# 743-783
name=unknown_D
#
# <colnr> <probs for GDERKNQSTAVLIFYWHMCP>
#	G	D	E	R	K	N	Q	S	T	A	V	L	I	F	Y	W	H	M	C	P
0	0.01553	0.07911	0.11151	0.05633	0.04511	0.23797	0.01080	0.05718	0.05640	0.07305	0.01075	0.01193	0.00832	0.00532	0.00493	0.00138	0.01896	0.00392	0.00330	0.18822
1	0.00901	0.00801	0.00778	0.00794	0.00889	0.11139	0.00563	0.01016	0.01082	0.01343	0.07586	0.22017	0.11086	0.21670	0.10784	0.00357	0.00595	0.05745	0.00405	0.00449
2	0.01237	0.00987	0.01207	0.06502	0.10436	0.01048	0.00871	0.13273	0.21919	0.05107	0.12399	0.02718	0.18326	0.00856	0.00573	0.00173	0.00441	0.00723	0.00491	0.00714
3	0.00907	0.00734	0.00935	0.00857	0.00863	0.00884	0.00609	0.00957	0.00829	0.01175	0.04963	0.02779	0.01695	0.51357	0.02318	0.00411	0.26312	0.00689	0.00309	0.00419
4	0.01273	0.01562	0.16857	0.01770	0.13713	0.04666	0.12518	0.01736	0.09508	0.04494	0.03502	0.01443	0.01012	0.00716	0.02170	0.00198	0.21314	0.00511	0.00308	0.00728
5	0.00974	0.00498	0.00510	0.00519	0.00637	0.00495	0.00385	0.01212	0.01118	0.01952	0.01845	0.08106	0.01544	0.00707	0.00399	0.00132	0.00255	0.00580	0.77636	0.00495
6	0.21912	0.09361	0.01480	0.01075	0.01350	0.01473	0.00904	0.16637	0.01255	0.02046	0.00870	0.01084	0.00727	0.00655	0.00847	0.00171	0.26303	0.00391	0.00330	0.11129
7	0.05307	0.01387	0.06761	0.01531	0.18765	0.10886	0.01050	0.08057	0.01355	0.11384	0.01140	0.01265	0.00871	0.00509	0.00473	0.00134	0.00572	0.00409	0.02929	0.25213
8	0.11277	0.05381	0.20329	0.01203	0.01667	0.01318	0.05069	0.27869	0.01595	0.04640	0.01363	0.04474	0.03768	0.00904	0.06592	0.00220	0.00675	0.00511	0.00390	0.00755
9	0.01042	0.00889	0.01434	0.47404	0.10892	0.01017	0.01268	0.01357	0.01173	0.04341	0.07821	0.02478	0.04112	0.00753	0.00579	0.00186	0.00610	0.11701	0.00334	0.00608
10	0.20234	0.01273	0.07173	0.00968	0.01415	0.01156	0.00848	0.24303	0.01519	0.05473	0.01070	0.01157	0.00805	0.00519	0.00440	0.00135	0.00491	0.00380	0.01716	0.28924
11	0.00682	0.00534	0.00631	0.00673	0.00796	0.00464	0.00474	0.00803	0.01109	0.01430	0.03751	0.45719	0.31617	0.01459	0.00643	0.00193	0.00303	0.01282	0.00484	0.06950
12	0.01643	0.01263	0.01355	0.01110	0.01449	0.01409	0.00884	0.41836	0.27511	0.02758	0.05234	0.01832	0.01436	0.06931	0.00715	0.00196	0.00513	0.00571	0.00526	0.00827
13	0.00767	0.00575	0.00863	0.00863	0.00959	0.00671	0.00671	0.00959	0.00863	0.01246	0.01438	0.02109	0.01342	0.04026	0.79008	0.00863	0.01438	0.00575	0.00288	0.00479
14	0.00770	0.00564	0.00804	0.00804	0.00879	0.00639	0.00598	0.00921	0.00845	0.01203	0.01492	0.02406	0.01471	0.20372	0.62839	0.00790	0.01243	0.00619	0.00296	0.00447
15	0.00662	0.00482	0.00626	0.00732	0.00785	0.00446	0.00501	0.00769	0.01069	0.01410	0.05492	0.68481	0.10996	0.01625	0.00680	0.00214	0.00311	0.03776	0.00501	0.00442
16	0.01088	0.05244	0.75985	0.01511	0.02294	0.01274	0.01950	0.01697	0.01132	0.01686	0.00957	0.01125	0.00680	0.00508	0.00505	0.00168	0.00786	0.00393	0.00227	0.00790
17	0.00953	0.00747	0.00868	0.00712	0.00959	0.00633	0.00510	0.01122	0.02570	0.01493	0.06364	0.02409	0.01616	0.33509	0.01379	0.00271	0.00441	0.02129	0.00347	0.40968
18	0.00654	0.00467	0.00623	0.00747	0.00779	0.00436	0.00498	0.00747	0.01028	0.01370	0.02959	0.80785	0.03550	0.01682	0.00685	0.00218	0.00311	0.01526	0.00498	0.00436
19	0.00678	0.00511	0.00628	0.00672	0.00770	0.00460	0.00476	0.00827	0.01217	0.01609	0.24306	0.38875	0.24154	0.01432	0.00657	0.00194	0.00285	0.01265	0.00524	0.00460
20	0.00778	0.00560	0.00778	0.00862	0.00945	0.00575	0.00678	0.00951	0.01053	0.01411	0.02437	0.24799	0.02693	0.08335	0.20200	0.00412	0.00680	0.30959	0.00431	0.00462
21	0.00664	0.00497	0.00603	0.00675	0.00750	0.00451	0.00460	0.00771	0.01090	0.01410	0.07661	0.49654	0.24072	0.07620	0.00824	0.00228	0.00313	0.01329	0.00490	0.00436
22	0.01609	0.00851	0.01048	0.00876	0.01153	0.00823	0.00688	0.12656	0.05712	0.31252	0.17307	0.08769	0.04328	0.06214	0.00712	0.00193	0.00413	0.00732	0.03944	0.00721
23	0.01026	0.00875	0.01101	0.00838	0.01230	0.00690	0.03955	0.01263	0.01168	0.01758	0.10465	0.07260	0.03973	0.00621	0.00469	0.00110	0.00394	0.01617	0.00370	0.60817
24	0.00755	0.00516	0.00587	0.00601	0.00619	0.00505	0.00352	0.00776	0.00844	0.01111	0.02129	0.12616	0.07996	0.65725	0.02332	0.00459	0.00477	0.00894	0.00359	0.00348
25	0.11148	0.00910	0.00968	0.00827	0.01061	0.00969	0.00639	0.23906	0.01478	0.08349	0.01561	0.02203	0.01362	0.20406	0.01028	0.00247	0.00467	0.04033	0.17813	0.00625
26	0.01569	0.01330	0.01903	0.10340	0.41025	0.01416	0.01391	0.30118	0.01706	0.02339	0.01111	0.01324	0.00860	0.00548	0.00534	0.00162	0.00628	0.00480	0.00367	0.00848
27	0.11782	0.08044	0.13742	0.01331	0.04299	0.31719	0.03532	0.03308	0.01242	0.01565	0.00907	0.01158	0.00762	0.02863	0.05202	0.00207	0.07019	0.00394	0.00275	0.00648
28	0.01131	0.04618	0.01248	0.06288	0.01454	0.00869	0.00736	0.01414	0.03696	0.01700	0.00977	0.01157	0.00810	0.00442	0.00462	0.00097	0.03500	0.00343	0.00313	0.68743
29	0.00899	0.00629	0.00767	0.00765	0.00883	0.00627	0.00552	0.01233	0.11792	0.05288	0.22015	0.23285	0.05481	0.17024	0.01052	0.00258	0.00372	0.06058	0.00503	0.00518
30	0.01548	0.01447	0.01592	0.05868	0.21214	0.14865	0.01141	0.17905	0.15690	0.02084	0.01294	0.01437	0.01011	0.00684	0.02371	0.00179	0.03572	0.00483	0.04841	0.00774
31	0.00679	0.00532	0.00615	0.00624	0.00760	0.00468	0.00456	0.00846	0.01286	0.01666	0.28663	0.18372	0.40456	0.01331	0.00643	0.00184	0.00273	0.01150	0.00529	0.00468
32	0.01177	0.01180	0.07228	0.03832	0.14494	0.04742	0.01004	0.07009	0.23765	0.01865	0.02071	0.22260	0.05241	0.00924	0.00577	0.00183	0.00500	0.00805	0.00436	0.00706
33	0.00654	0.00467	0.00623	0.00747	0.00779	0.00436	0.00498	0.00747	0.01028	0.01370	0.02959	0.80785	0.03550	0.01682	0.00685	0.00218	0.00311	0.01526	0.00498	0.00436
34	0.01273	0.01356	0.11283	0.07322	0.28972	0.01228	0.01290	0.09620	0.18632	0.01970	0.01799	0.01895	0.09680	0.00661	0.00545	0.00170	0.00568	0.00572	0.00378	0.00787
35	0.59267	0.00988	0.00923	0.07853	0.01282	0.01158	0.00700	0.03719	0.00976	0.02136	0.00998	0.07747	0.00909	0.03477	0.00566	0.00189	0.05756	0.00446	0.00337	0.00572
36	0.00981	0.04472	0.01175	0.00904	0.01183	0.00825	0.09608	0.09123	0.03815	0.01874	0.18780	0.03471	0.33552	0.00988	0.00590	0.00166	0.00406	0.00855	0.00471	0.06763
37	0.11341	0.01092	0.01135	0.04029	0.01388	0.01242	0.00806	0.08303	0.50346	0.02234	0.02256	0.02141	0.09907	0.00757	0.00529	0.00178	0.00431	0.00613	0.00503	0.00768
38	0.04518	0.51072	0.15102	0.01064	0.01540	0.10442	0.01084	0.01691	0.01146	0.03869	0.00861	0.00994	0.00727	0.00612	0.03167	0.00157	0.00676	0.00330	0.00254	0.00695
39	0.19230	0.28235	0.01781	0.01164	0.07246	0.15731	0.00905	0.01745	0.04590	0.04925	0.02974	0.03563	0.00952	0.00584	0.00485	0.00149	0.04359	0.00403	0.00314	0.00666
40	0.08109	0.06569	0.04434	0.01103	0.01486	0.04569	0.04903	0.25952	0.08267	0.11683	0.07698	0.01608	0.01328	0.00753	0.03193	0.00181	0.00570	0.00508	0.02349	0.04738

[dist]
# distance from previous block
# <min> <max>
4	75

[block]
# block no. 4 follows, 45 sequences, length 15
# corresponding to MSA columns:
# 859-873
name=unknown_E
#
# <colnr> <probs for GDERKNQSTAVLIFYWHMCP>
#	G	D	E	R	K	N	Q	S	T	A	V	L	I	F	Y	W	H	M	C	P
0	0.00827	0.00600	0.00745	0.00739	0.00856	0.00578	0.00545	0.06181	0.01358	0.01850	0.35843	0.21658	0.09410	0.09193	0.00856	0.00222	0.00338	0.07183	0.00524	0.00496
1	0.01146	0.35744	0.19521	0.01052	0.01461	0.01463	0.01090	0.01431	0.01085	0.01450	0.08539	0.01487	0.01244	0.01229	0.15228	0.00280	0.05180	0.00444	0.00276	0.00650
2	0.01331	0.00896	0.01010	0.00900	0.01135	0.00946	0.00687	0.14525	0.21638	0.11223	0.04420	0.17070	0.05469	0.07357	0.00735	0.00205	0.00415	0.00790	0.08563	0.00686
3	0.00986	0.00684	0.00743	0.00704	0.00837	0.00705	0.00499	0.08585	0.09818	0.01738	0.04475	0.11280	0.10771	0.26076	0.01220	0.00277	0.00398	0.00796	0.18895	0.00514
4	0.01132	0.00957	0.01481	0.35234	0.20785	0.01069	0.01224	0.07132	0.01225	0.01716	0.01314	0.09355	0.01145	0.00658	0.00526	0.00168	0.00576	0.00585	0.13065	0.00652
5	0.01424	0.01038	0.01159	0.00999	0.01282	0.01103	0.00805	0.33606	0.09403	0.05455	0.05044	0.09499	0.13053	0.02656	0.00642	0.00191	0.00471	0.10931	0.00526	0.00714
6	0.08020	0.00772	0.01024	0.00867	0.01090	0.00756	0.06952	0.08450	0.01524	0.04964	0.49156	0.03271	0.09123	0.00952	0.00595	0.00170	0.00364	0.00834	0.00533	0.00582
7	0.01429	0.01004	0.01267	0.01060	0.01351	0.01068	0.07113	0.16753	0.21090	0.11020	0.01827	0.08395	0.01477	0.01072	0.08320	0.00238	0.00566	0.00634	0.13586	0.00733
8	0.01172	0.01593	0.19809	0.01088	0.01451	0.15217	0.01024	0.01759	0.18649	0.01764	0.12732	0.05060	0.14800	0.00835	0.00558	0.00170	0.00560	0.00680	0.00416	0.00665
9	0.01235	0.01063	0.01238	0.01170	0.08812	0.07923	0.00830	0.01436	0.01192	0.08025	0.08470	0.06621	0.07320	0.00741	0.00696	0.00148	0.12634	0.00574	0.00375	0.29497
10	0.00800	0.00611	0.00715	0.00721	0.00828	0.00616	0.00505	0.01110	0.11888	0.01512	0.11608	0.21126	0.16619	0.20919	0.07701	0.00328	0.00459	0.00996	0.00456	0.00483
11	0.00751	0.00557	0.00678	0.00725	0.00795	0.00557	0.00492	0.00955	0.07316	0.01360	0.02724	0.38788	0.11420	0.21102	0.08936	0.00348	0.00479	0.01128	0.00439	0.00450
12	0.01249	0.01310	0.02551	0.12919	0.27736	0.01323	0.37371	0.01627	0.01203	0.01662	0.01023	0.01392	0.00807	0.00498	0.00646	0.00176	0.04949	0.00552	0.00263	0.00742
13	0.01235	0.01353	0.07400	0.09189	0.26677	0.09248	0.07594	0.01679	0.10248	0.01659	0.01461	0.11661	0.01350	0.00734	0.00593	0.00178	0.02383	0.04311	0.00336	0.00712
14	0.00684	0.00527	0.00609	0.00639	0.00754	0.00472	0.00458	0.00818	0.01172	0.01496	0.14654	0.23426	0.37284	0.09816	0.00873	0.00228	0.00316	0.04836	0.00493	0.00445

[dist]
# distance from previous block
# <min> <max>
6	66

[block]
# block no. 5 follows, 45 sequences, length 15
# corresponding to MSA columns:
# 942-956
name=unknown_F
#
# <colnr> <probs for GDERKNQSTAVLIFYWHMCP>
#	G	D	E	R	K	N	Q	S	T	A	V	L	I	F	Y	W	H	M	C	P
0	0.05688	0.01178	0.01682	0.07552	0.33687	0.01178	0.02513	0.14751	0.01396	0.02031	0.01121	0.04905	0.00949	0.00550	0.00503	0.00147	0.00561	0.00486	0.00338	0.18783
1	0.15039	0.01044	0.05085	0.00978	0.01331	0.00949	0.05864	0.10028	0.01223	0.07303	0.01278	0.05929	0.01107	0.05015	0.13485	0.00279	0.00654	0.00506	0.00368	0.22535
2	0.01682	0.15326	0.09537	0.01650	0.19315	0.10633	0.01196	0.12290	0.06800	0.14616	0.01245	0.01311	0.00931	0.00559	0.00495	0.00153	0.00630	0.00442	0.00381	0.00809
3	0.13731	0.01395	0.17563	0.05251	0.06957	0.01102	0.01062	0.14811	0.01365	0.06435	0.01189	0.01359	0.00897	0.01762	0.00493	0.00155	0.00534	0.00427	0.13329	0.10182
4	0.13787	0.01226	0.01150	0.00945	0.01279	0.10591	0.00735	0.18567	0.05674	0.02096	0.01239	0.05457	0.01095	0.09696	0.00717	0.00181	0.00525	0.00485	0.00388	0.24165
5	0.61108	0.00904	0.00796	0.00736	0.00997	0.01046	0.00589	0.01394	0.00895	0.02069	0.00956	0.01293	0.00828	0.05418	0.18720	0.00346	0.00658	0.00382	0.00321	0.00545
6	0.01185	0.02097	0.47117	0.01435	0.02045	0.01196	0.10397	0.11242	0.01373	0.01986	0.09706	0.01556	0.01254	0.00592	0.00536	0.00168	0.00694	0.00506	0.04161	0.00755
7	0.00745	0.00551	0.00698	0.00669	0.00804	0.00503	0.00507	0.00981	0.01463	0.02023	0.63461	0.04271	0.15902	0.01153	0.00638	0.00174	0.00266	0.04120	0.00573	0.00498
8	0.01057	0.00886	0.01222	0.01053	0.01260	0.00939	0.09263	0.12661	0.07407	0.01884	0.11963	0.20332	0.12974	0.01269	0.05780	0.00234	0.07852	0.00906	0.00456	0.00603
9	0.00747	0.00509	0.00606	0.00633	0.00651	0.00498	0.00383	0.00792	0.00903	0.01215	0.08283	0.22802	0.02608	0.54718	0.02048	0.00416	0.00446	0.00982	0.00390	0.00368
10	0.01328	0.01453	0.08454	0.06320	0.11636	0.14989	0.04059	0.07520	0.11121	0.01649	0.01284	0.01827	0.01145	0.18817	0.01101	0.00248	0.05526	0.00538	0.00332	0.00654
11	0.10498	0.00804	0.00756	0.00754	0.00931	0.07305	0.00601	0.01342	0.05117	0.01850	0.06135	0.03208	0.11515	0.00922	0.00517	0.00171	0.00397	0.17240	0.29407	0.00531
12	0.10720	0.03078	0.01295	0.05290	0.01492	0.14240	0.00845	0.14555	0.04409	0.06082	0.01379	0.01467	0.06249	0.00610	0.00536	0.00143	0.04680	0.00445	0.00380	0.22102
13	0.14165	0.01442	0.07328	0.01009	0.01385	0.18564	0.03293	0.01629	0.06377	0.01767	0.04986	0.01694	0.09408	0.00619	0.00471	0.00139	0.00559	0.00476	0.00350	0.24341
14	0.00752	0.00579	0.00766	0.00872	0.06234	0.00537	0.00583	0.00937	0.01271	0.01712	0.31053	0.25965	0.18299	0.02782	0.00686	0.00196	0.00320	0.05446	0.00513	0.00496

[dist]
# distance from previous block
# <min> <max>
0	2

[block]
# block no. 6 follows, 45 sequences, length 6
# corresponding to MSA columns:
# 959-964
name=unknown_G
#
# <colnr> <probs for GDERKNQSTAVLIFYWHMCP>
#	G	D	E	R	K	N	Q	S	T	A	V	L	I	F	Y	W	H	M	C	P
0	0.15523	0.01159	0.05207	0.10271	0.41561	0.01134	0.01288	0.01511	0.01196	0.01886	0.12783	0.01666	0.01434	0.00585	0.00513	0.00165	0.00555	0.00518	0.00323	0.00722
1	0.01347	0.04903	0.01755	0.01872	0.27689	0.01123	0.08325	0.05584	0.07608	0.08203	0.01567	0.02025	0.04213	0.00647	0.00540	0.00160	0.00560	0.08159	0.00376	0.13343
2	0.00686	0.00542	0.00617	0.00630	0.00768	0.00471	0.00451	0.00823	0.01180	0.01512	0.13694	0.25150	0.40620	0.05570	0.00747	0.00203	0.00299	0.01161	0.00493	0.04384
3	0.01599	0.07752	0.21395	0.01510	0.02002	0.19736	0.17875	0.01943	0.01308	0.14700	0.01131	0.01265	0.00826	0.00548	0.00577	0.00163	0.04147	0.00457	0.00324	0.00742
4	0.01334	0.01035	0.01197	0.00872	0.01338	0.00864	0.00704	0.12756	0.01354	0.06755	0.01077	0.01184	0.00846	0.00452	0.00428	0.00097	0.00431	0.00357	0.00373	0.66547
5	0.00750	0.00527	0.00612	0.00627	0.00676	0.00507	0.00403	0.00818	0.00967	0.01272	0.09651	0.11368	0.13619	0.49397	0.01908	0.00392	0.00437	0.05282	0.00403	0.00382

[dist]
# distance from previous block
# <min> <max>
4	7

[block]
# block no. 7 follows, 45 sequences, length 14
# corresponding to MSA columns:
# 975-988
name=unknown_H
#
# <colnr> <probs for GDERKNQSTAVLIFYWHMCP>
#	G	D	E	R	K	N	Q	S	T	A	V	L	I	F	Y	W	H	M	C	P
0	0.06041	0.00995	0.05444	0.00902	0.01232	0.00879	0.00759	0.12876	0.04674	0.21712	0.13550	0.04661	0.09072	0.00863	0.00642	0.05632	0.00434	0.00640	0.00505	0.08486
1	0.58684	0.01087	0.00977	0.00814	0.01179	0.01194	0.00669	0.12399	0.01223	0.10118	0.00978	0.01045	0.00720	0.00529	0.00387	0.00159	0.00443	0.00345	0.00394	0.06656
2	0.01015	0.00827	0.01244	0.24334	0.13947	0.00853	0.00985	0.01270	0.01168	0.04027	0.13276	0.13770	0.01954	0.04510	0.00651	0.00181	0.00494	0.00709	0.04329	0.10454
3	0.00750	0.00569	0.00685	0.00653	0.00795	0.00524	0.00486	0.01008	0.04204	0.01925	0.52721	0.04213	0.23598	0.04642	0.00722	0.00188	0.00276	0.00991	0.00554	0.00497
4	0.01469	0.01365	0.02024	0.05651	0.60733	0.07928	0.01512	0.05343	0.01323	0.05950	0.01066	0.01327	0.00861	0.00505	0.00528	0.00159	0.00657	0.00470	0.00301	0.00828
5	0.01143	0.01086	0.01843	0.48479	0.34055	0.01227	0.01555	0.01485	0.01134	0.01528	0.00977	0.01389	0.00771	0.00513	0.00535	0.00171	0.00684	0.00478	0.00250	0.00700
6	0.00673	0.00545	0.00597	0.00584	0.00749	0.00470	0.00438	0.00845	0.01315	0.01667	0.27715	0.04809	0.55156	0.01278	0.00634	0.00177	0.00266	0.01083	0.00527	0.00470
7	0.01214	0.01098	0.01527	0.53378	0.02958	0.03524	0.01298	0.09397	0.16705	0.01756	0.01236	0.01520	0.00924	0.00587	0.00537	0.00177	0.00651	0.00500	0.00333	0.00681
8	0.84927	0.01038	0.00789	0.00706	0.01038	0.01204	0.00581	0.01578	0.00914	0.02408	0.00747	0.00872	0.00581	0.00498	0.00332	0.00166	0.00415	0.00291	0.00332	0.00581
9	0.01381	0.01085	0.01173	0.00995	0.01294	0.01185	0.00789	0.26974	0.28536	0.02510	0.15704	0.02528	0.11824	0.00847	0.00570	0.00173	0.00431	0.00698	0.00545	0.00759
10	0.01171	0.00673	0.00818	0.00718	0.00947	0.00600	0.00560	0.04065	0.01453	0.20854	0.29734	0.03788	0.30368	0.01068	0.00607	0.00172	0.00323	0.00905	0.00574	0.00603
11	0.00849	0.00631	0.00891	0.00890	0.04601	0.00612	0.04803	0.01007	0.03333	0.01541	0.25277	0.08941	0.06323	0.24648	0.01415	0.09833	0.00429	0.03099	0.00423	0.00453
12	0.01357	0.00803	0.00969	0.00833	0.01070	0.00816	0.00658	0.13999	0.05652	0.16347	0.24080	0.02455	0.02389	0.01166	0.09439	0.00238	0.00491	0.00658	0.15915	0.00665
13	0.01504	0.01586	0.08564	0.18871	0.04741	0.24034	0.01135	0.01913	0.09868	0.10358	0.01450	0.01581	0.04653	0.00626	0.00541	0.00163	0.02320	0.00486	0.04922	0.00684

[dist]
# distance from previous block
# <min> <max>
1	2

[block]
# block no. 8 follows, 45 sequences, length 33
# corresponding to MSA columns:
# 991-1023
name=unknown_I
#
# <colnr> <probs for GDERKNQSTAVLIFYWHMCP>
#	G	D	E	R	K	N	Q	S	T	A	V	L	I	F	Y	W	H	M	C	P
0	0.00973	0.00626	0.00748	0.00727	0.00912	0.00571	0.00558	0.01214	0.05546	0.12814	0.12311	0.17811	0.33838	0.01260	0.00634	0.00190	0.00333	0.07847	0.00536	0.00550
1	0.01878	0.01559	0.01938	0.01467	0.01908	0.07990	0.17657	0.50919	0.02128	0.05307	0.01233	0.01315	0.00886	0.00595	0.00554	0.00164	0.00688	0.00507	0.00460	0.00847
2	0.01375	0.00930	0.01067	0.00865	0.01218	0.05106	0.00683	0.01582	0.01252	0.19693	0.05403	0.12448	0.01630	0.00739	0.00506	0.00136	0.00431	0.04805	0.00445	0.39685
3	0.01324	0.00940	0.01238	0.01029	0.01309	0.03656	0.09669	0.13521	0.01524	0.14982	0.13138	0.11711	0.17486	0.00994	0.00609	0.00180	0.00471	0.05057	0.00511	0.00653
4	0.00711	0.00507	0.00590	0.00632	0.00676	0.00480	0.00399	0.00768	0.00945	0.01227	0.02803	0.29815	0.16318	0.39812	0.01660	0.00357	0.00405	0.01096	0.00415	0.00386
5	0.25132	0.00978	0.01217	0.25371	0.01992	0.01056	0.00939	0.01844	0.05439	0.22237	0.01276	0.01385	0.00900	0.00559	0.00469	0.00164	0.00519	0.00435	0.00403	0.07685
6	0.01398	0.01502	0.01505	0.17061	0.13951	0.25326	0.01154	0.01821	0.12685	0.01559	0.01484	0.01838	0.05849	0.00692	0.00616	0.00171	0.05721	0.04666	0.00332	0.00667
7	0.01332	0.01330	0.01814	0.22672	0.39459	0.12051	0.01419	0.05088	0.01274	0.01645	0.01107	0.06328	0.00967	0.00588	0.00536	0.00165	0.00681	0.00526	0.00288	0.00729
8	0.01130	0.00646	0.00797	0.00760	0.00940	0.00611	0.00589	0.01400	0.05820	0.16323	0.14311	0.12683	0.12651	0.05798	0.00719	0.00202	0.00362	0.11391	0.12290	0.00576
9	0.00818	0.00585	0.00687	0.00691	0.00866	0.00520	0.00552	0.01000	0.01288	0.06436	0.14774	0.04998	0.45276	0.01307	0.00653	0.00194	0.00333	0.18001	0.00521	0.00499
10	0.01680	0.01867	0.05952	0.01177	0.01498	0.38632	0.00954	0.14468	0.07090	0.04329	0.01798	0.01816	0.12786	0.00710	0.00521	0.00154	0.00709	0.00524	0.02656	0.00678
11	0.17825	0.00880	0.01100	0.09946	0.12654	0.00931	0.00814	0.05919	0.01166	0.10065	0.01548	0.06861	0.03657	0.12732	0.00816	0.00218	0.00480	0.00583	0.11189	0.00617
12	0.01971	0.00811	0.01061	0.00846	0.01191	0.00705	0.00688	0.02175	0.01456	0.57668	0.05728	0.02386	0.11774	0.00773	0.00542	0.00165	0.00404	0.00634	0.08225	0.00797
13	0.01201	0.01146	0.01949	0.34210	0.47865	0.01242	0.01584	0.01536	0.01162	0.01599	0.00987	0.01370	0.00796	0.00502	0.00534	0.00167	0.00669	0.00478	0.00255	0.00748
14	0.13582	0.01252	0.01705	0.13762	0.27373	0.05981	0.05108	0.05862	0.05983	0.01843	0.01032	0.01303	0.00831	0.00573	0.00637	0.00172	0.09299	0.00459	0.02527	0.00718
15	0.01042	0.01050	0.01038	0.00937	0.01118	0.17323	0.04966	0.01243	0.01355	0.01685	0.31471	0.07075	0.17152	0.01202	0.05605	0.00214	0.03709	0.00832	0.00450	0.00531
16	0.00686	0.00482	0.00622	0.00721	0.00748	0.00458	0.00473	0.00764	0.00983	0.01310	0.02697	0.62976	0.03212	0.17869	0.01104	0.00280	0.00359	0.03377	0.00463	0.00415
17	0.01610	0.10401	0.01563	0.01208	0.01468	0.34374	0.02533	0.13252	0.01445	0.01642	0.01108	0.05896	0.01000	0.02430	0.08818	0.00235	0.07890	0.00482	0.02004	0.00640
18	0.01408	0.03720	0.09635	0.10864	0.08218	0.12124	0.09578	0.02861	0.01274	0.12385	0.03359	0.03971	0.05534	0.00710	0.00644	0.00175	0.06703	0.04268	0.01882	0.00686
19	0.00746	0.00514	0.00624	0.00643	0.00679	0.00498	0.00406	0.00825	0.01003	0.01365	0.18852	0.21661	0.03017	0.44783	0.01787	0.00372	0.00412	0.00997	0.00425	0.00391
20	0.01028	0.00762	0.00832	0.00806	0.00986	0.00809	0.00602	0.06274	0.24697	0.01919	0.02641	0.24727	0.11161	0.01047	0.00558	0.00178	0.00346	0.00900	0.19117	0.00611
21	0.01283	0.23951	0.01607	0.00840	0.01308	0.01122	0.00726	0.01501	0.01132	0.06211	0.00965	0.01084	0.00797	0.00431	0.00391	0.00095	0.00452	0.00323	0.00314	0.55468
22	0.01403	0.33825	0.01863	0.01051	0.01342	0.23661	0.00891	0.01570	0.01142	0.01274	0.00962	0.01250	0.00872	0.01496	0.22374	0.00334	0.03433	0.00390	0.00259	0.00608
23	0.00815	0.00612	0.00748	0.00696	0.00850	0.00581	0.00527	0.03764	0.05164	0.02098	0.60503	0.03985	0.15419	0.01102	0.00626	0.00171	0.00276	0.00959	0.00573	0.00530
24	0.01264	0.01023	0.01035	0.00944	0.01060	0.14174	0.00697	0.11486	0.01119	0.01393	0.01024	0.01554	0.00949	0.04463	0.08598	0.42555	0.05458	0.00469	0.00291	0.00441
25	0.00662	0.00545	0.00582	0.00573	0.00742	0.00465	0.00430	0.00824	0.01289	0.01605	0.21331	0.04911	0.61579	0.01302	0.00634	0.00179	0.00268	0.01097	0.00519	0.00465
26	0.01116	0.14559	0.15824	0.01060	0.01401	0.01055	0.04516	0.01403	0.01076	0.08764	0.06092	0.01780	0.01318	0.02097	0.35025	0.00466	0.00979	0.00518	0.00321	0.00628
27	0.00911	0.00690	0.00773	0.00774	0.00898	0.04987	0.00561	0.01154	0.05816	0.05647	0.28064	0.29368	0.08511	0.06294	0.00768	0.00209	0.00359	0.03184	0.00518	0.00516
28	0.01306	0.25697	0.33948	0.01245	0.01806	0.05199	0.04683	0.04342	0.01249	0.05254	0.07921	0.01358	0.01129	0.00558	0.00477	0.00150	0.00662	0.00433	0.00299	0.02286
29	0.01396	0.11202	0.03188	0.01729	0.23585	0.05307	0.05315	0.13029	0.08903	0.02014	0.07692	0.01574	0.01294	0.00586	0.00504	0.00151	0.00565	0.00502	0.05664	0.05800
30	0.01393	0.01321	0.13865	0.01294	0.08084	0.00985	0.05539	0.04022	0.01246	0.15495	0.02804	0.01354	0.00967	0.00531	0.00563	0.00137	0.05570	0.00432	0.00366	0.34034
31	0.01356	0.07374	0.01902	0.02255	0.42197	0.05883	0.03246	0.06143	0.05955	0.01798	0.01161	0.05296	0.01009	0.00556	0.00508	0.00149	0.00596	0.00500	0.00316	0.11797
32	0.22765	0.03557	0.01388	0.08806	0.24398	0.03279	0.01007	0.03291	0.01185	0.06156	0.05915	0.03344	0.07862	0.02053	0.00527	0.00169	0.00514	0.00532	0.00355	0.02896

[dist]
# distance from previous block
# <min> <max>
0	42

[block]
# block no. 9 follows, 45 sequences, length 14
# corresponding to MSA columns:
# 1076-1089
name=unknown_J
#
# <colnr> <probs for GDERKNQSTAVLIFYWHMCP>
#	G	D	E	R	K	N	Q	S	T	A	V	L	I	F	Y	W	H	M	C	P
0	0.06527	0.03855	0.16264	0.06633	0.18060	0.01230	0.01249	0.17546	0.02805	0.09105	0.01543	0.05523	0.06007	0.00664	0.00527	0.00167	0.00586	0.00550	0.00386	0.00774
1	0.04783	0.02958	0.16778	0.01707	0.16904	0.06293	0.10165	0.11515	0.03021	0.03617	0.01125	0.01424	0.00908	0.05686	0.03684	0.00206	0.00700	0.00475	0.00322	0.07727
2	0.05000	0.04430	0.04411	0.08769	0.09496	0.25910	0.08923	0.07872	0.01406	0.01707	0.05991	0.05184	0.05309	0.00685	0.00536	0.00163	0.00707	0.02505	0.00339	0.00657
3	0.01385	0.01279	0.04601	0.08386	0.01637	0.10153	0.00952	0.01807	0.12394	0.09687	0.01206	0.01343	0.00938	0.00596	0.00677	0.00148	0.13095	0.00429	0.00359	0.28929
4	0.22912	0.00806	0.00840	0.00761	0.00956	0.00872	0.00563	0.04167	0.09314	0.09774	0.01506	0.02187	0.01368	0.28219	0.09757	0.00362	0.00567	0.00564	0.03950	0.00556
5	0.00724	0.00540	0.00650	0.00683	0.00789	0.00499	0.00503	0.00872	0.01178	0.01533	0.18223	0.17297	0.26307	0.14692	0.01010	0.00252	0.00352	0.12963	0.00487	0.00446
6	0.40949	0.01225	0.01119	0.00938	0.01284	0.04066	0.00761	0.28127	0.06304	0.02633	0.01294	0.04110	0.03850	0.00642	0.00448	0.00167	0.00489	0.00458	0.00429	0.00708
7	0.00737	0.00539	0.00676	0.00729	0.00823	0.00507	0.00543	0.00889	0.01163	0.01529	0.16239	0.23882	0.17517	0.13279	0.00984	0.00254	0.00368	0.18403	0.00488	0.00449
8	0.01821	0.01238	0.01378	0.01103	0.01473	0.01337	0.00895	0.41614	0.17335	0.14912	0.09606	0.01805	0.01562	0.00712	0.00549	0.00167	0.00500	0.00569	0.00565	0.00857
9	0.00668	0.00477	0.00638	0.00763	0.00800	0.00448	0.00522	0.00771	0.01041	0.01385	0.02951	0.75994	0.03521	0.01669	0.00689	0.00220	0.00323	0.06183	0.00498	0.00440
10	0.00720	0.00539	0.00619	0.00603	0.00715	0.00491	0.00421	0.00862	0.01210	0.01595	0.30758	0.04290	0.30323	0.23142	0.01209	0.00270	0.00333	0.00977	0.00485	0.00438
11	0.02383	0.00954	0.01271	0.00974	0.01390	0.00849	0.00805	0.07629	0.01604	0.73050	0.02061	0.01790	0.01300	0.00663	0.00540	0.00166	0.00466	0.00536	0.00656	0.00913
12	0.01111	0.02359	0.57436	0.01564	0.02183	0.01333	0.07643	0.01622	0.01083	0.01622	0.00922	0.01166	0.00695	0.00589	0.00764	0.00184	0.16315	0.00430	0.00232	0.00748
13	0.22756	0.04865	0.01246	0.01034	0.01358	0.11074	0.00822	0.08245	0.38792	0.02218	0.01514	0.01478	0.01151	0.00629	0.00474	0.00168	0.00510	0.00470	0.00443	0.00751

[dist]
# distance from previous block
# <min> <max>
2	4

[block]
# block no. 10 follows, 45 sequences, length 17
# corresponding to MSA columns:
# 1094-1110
name=unknown_K
#
# <colnr> <probs for GDERKNQSTAVLIFYWHMCP>
#	G	D	E	R	K	N	Q	S	T	A	V	L	I	F	Y	W	H	M	C	P
0	0.00956	0.00592	0.00668	0.00634	0.00785	0.00580	0.00476	0.02432	0.05331	0.04982	0.20046	0.03028	0.13818	0.05843	0.04695	0.00211	0.00355	0.00734	0.33310	0.00525
1	0.00939	0.00843	0.01214	0.11930	0.20739	0.00868	0.00946	0.01227	0.04597	0.01633	0.12244	0.04685	0.29017	0.00952	0.00650	0.00178	0.04441	0.01887	0.00405	0.00604
2	0.29563	0.00788	0.00856	0.00792	0.00998	0.00877	0.00614	0.01408	0.04749	0.09459	0.01344	0.01847	0.01181	0.12900	0.29916	0.00474	0.00814	0.00505	0.00359	0.00555
3	0.08819	0.01024	0.01216	0.00985	0.01358	0.01029	0.00799	0.08838	0.20761	0.43888	0.04225	0.01813	0.01423	0.00678	0.00527	0.00170	0.00451	0.00545	0.00594	0.00858
4	0.10106	0.10892	0.01380	0.00979	0.01309	0.05458	0.00795	0.17673	0.14677	0.15629	0.06803	0.01788	0.01424	0.07946	0.00698	0.00192	0.00509	0.00525	0.00474	0.00744
5	0.05925	0.39243	0.01953	0.00963	0.01335	0.12234	0.00846	0.10179	0.01335	0.09255	0.01079	0.01238	0.00887	0.04494	0.00524	0.00152	0.00583	0.00383	0.06704	0.00690
6	0.06456	0.00886	0.01031	0.06400	0.01294	0.00952	0.00741	0.14802	0.11249	0.09742	0.02121	0.20166	0.06067	0.04124	0.00671	0.00194	0.02389	0.02002	0.08064	0.00651
7	0.00971	0.00810	0.07747	0.00773	0.00966	0.00676	0.00646	0.01318	0.09746	0.04711	0.08488	0.10127	0.09628	0.09397	0.04376	0.04584	0.00436	0.03106	0.20953	0.00540
8	0.00952	0.00732	0.00859	0.00790	0.00954	0.00763	0.00609	0.09595	0.06180	0.01901	0.23722	0.06615	0.20993	0.06100	0.04745	0.00235	0.05710	0.03184	0.04810	0.00551
9	0.01468	0.21506	0.01679	0.01127	0.06241	0.04004	0.00873	0.21346	0.01509	0.05806	0.05244	0.09521	0.01397	0.05824	0.00671	0.00173	0.02951	0.00567	0.00397	0.07697
10	0.05609	0.09590	0.13299	0.01538	0.13331	0.05078	0.08455	0.07593	0.05808	0.01816	0.01210	0.08297	0.01064	0.00623	0.00543	0.00156	0.03170	0.00525	0.00326	0.11967
11	0.03997	0.05508	0.15553	0.01207	0.07952	0.05565	0.00999	0.11452	0.01295	0.04798	0.01523	0.12233	0.03473	0.11956	0.00825	0.00209	0.00565	0.00625	0.00363	0.09902
12	0.03973	0.11800	0.05990	0.00906	0.01183	0.06730	0.00769	0.08451	0.01302	0.12936	0.06392	0.07511	0.05764	0.12657	0.04110	0.00244	0.00553	0.03945	0.04163	0.00622
13	0.05208	0.12058	0.08268	0.01009	0.01347	0.07334	0.02697	0.06506	0.05329	0.18472	0.01945	0.15252	0.06422	0.03600	0.00609	0.00182	0.00526	0.02108	0.00442	0.00687
14	0.06743	0.13801	0.04671	0.05338	0.06889	0.03531	0.07644	0.05089	0.05334	0.15359	0.11059	0.09143	0.01701	0.00726	0.00526	0.00165	0.00533	0.00621	0.00423	0.00706
15	0.05134	0.14572	0.01957	0.02908	0.09791	0.01480	0.12646	0.08459	0.16259	0.04950	0.01284	0.03895	0.01049	0.00652	0.00700	0.00174	0.12463	0.00523	0.00362	0.00743
16	0.03037	0.06263	0.17253	0.01639	0.21249	0.01120	0.01216	0.07411	0.03926	0.10278	0.12720	0.06209	0.01666	0.00684	0.00534	0.00163	0.00548	0.00586	0.00394	0.03103

[dist]
# distance from previous block
# <min> <max>
16	192

[block]
# block no. 11 follows, 45 sequences, length 81
# corresponding to MSA columns:
# 1318-1398
name=unknown_L
#
# <colnr> <probs for GDERKNQSTAVLIFYWHMCP>
#	G	D	E	R	K	N	Q	S	T	A	V	L	I	F	Y	W	H	M	C	P
0	0.02931	0.00863	0.05631	0.02707	0.08100	0.00748	0.00767	0.03028	0.04656	0.10242	0.10727	0.20674	0.06759	0.08500	0.03471	0.00230	0.00462	0.00843	0.02557	0.06105
1	0.11134	0.01564	0.17995	0.02431	0.01657	0.03087	0.02455	0.13112	0.12757	0.04862	0.01155	0.01299	0.00887	0.00663	0.00788	0.00181	0.19049	0.00453	0.00359	0.04111
2	0.01256	0.18604	0.08767	0.01028	0.02992	0.06958	0.03470	0.09506	0.01351	0.06390	0.03358	0.12001	0.20438	0.00888	0.00536	0.00163	0.00520	0.00728	0.00401	0.00644
3	0.03305	0.00990	0.08155	0.03935	0.05206	0.00891	0.00921	0.01516	0.03262	0.17962	0.10688	0.15280	0.06599	0.00994	0.00759	0.00193	0.11620	0.06617	0.00458	0.00647
4	0.16062	0.27559	0.19026	0.01061	0.01535	0.01528	0.01078	0.01956	0.19033	0.04659	0.01187	0.01231	0.00917	0.00549	0.00435	0.00154	0.00556	0.00398	0.00338	0.00740
