[name]
unknown

[dist]
# distance from previous block
# <min> <max>
0	428

[block]
# block no. 0 follows, 47 sequences, length 24
# corresponding to MSA columns:
# 428-451
name=unknown_A
#
# <colnr> <probs for GDERKNQSTAVLIFYWHMCP>
#	G	D	E	R	K	N	Q	S	T	A	V	L	I	F	Y	W	H	M	C	P
0	0.00839	0.00599	0.00839	0.00959	0.01079	0.00599	0.00839	0.01079	0.01199	0.01558	0.02757	0.05874	0.02997	0.01439	0.00719	0.00240	0.00480	0.74945	0.00480	0.00480
1	0.02075	0.00887	0.01165	0.00917	0.01283	0.00807	0.00749	0.05398	0.06777	0.62075	0.10336	0.01994	0.01689	0.00694	0.00534	0.00162	0.00425	0.00572	0.00624	0.00839
2	0.00752	0.00526	0.00674	0.00674	0.00710	0.00562	0.00447	0.00825	0.00789	0.01088	0.01544	0.02874	0.01661	0.51177	0.32854	0.00635	0.00854	0.00679	0.00301	0.00374
3	0.00759	0.00567	0.00711	0.00693	0.00817	0.00543	0.00512	0.01072	0.07631	0.01928	0.55002	0.16991	0.08501	0.01146	0.00616	0.00174	0.00270	0.01013	0.00549	0.00504
4	0.01220	0.01167	0.01989	0.20688	0.61498	0.01219	0.01564	0.01538	0.01153	0.01617	0.00967	0.01311	0.00795	0.00477	0.00517	0.00159	0.00636	0.00464	0.00252	0.00769
5	0.01037	0.00601	0.00777	0.00693	0.00878	0.00539	0.00534	0.01260	0.01443	0.17090	0.54534	0.03607	0.12928	0.01012	0.00597	0.00165	0.00287	0.00878	0.00577	0.00563
6	0.00686	0.00512	0.00629	0.00636	0.00746	0.00464	0.00459	0.00858	0.01267	0.01706	0.40360	0.21352	0.22224	0.04850	0.00717	0.00193	0.00274	0.01091	0.00520	0.00456
7	0.01289	0.01237	0.02114	0.03196	0.78450	0.01237	0.01598	0.01598	0.01186	0.01701	0.00980	0.01289	0.00825	0.00464	0.00516	0.00155	0.00619	0.00464	0.00258	0.00825
8	0.01895	0.02271	0.01460	0.01305	0.01589	0.65624	0.00990	0.09353	0.07824	0.01543	0.00956	0.01052	0.00767	0.00559	0.00479	0.00140	0.00860	0.00369	0.00314	0.00649
9	0.01258	0.01198	0.02004	0.06444	0.68758	0.01189	0.01511	0.01563	0.01171	0.01684	0.00973	0.01276	0.00815	0.00460	0.00505	0.00149	0.00603	0.00451	0.00261	0.07728
10	0.02336	0.00886	0.01209	0.00927	0.01329	0.00765	0.00765	0.02538	0.01491	0.78810	0.02055	0.01773	0.01289	0.00645	0.00524	0.00161	0.00443	0.00524	0.00645	0.00886
11	0.00744	0.00558	0.00837	0.00837	0.00930	0.00651	0.00651	0.00930	0.00837	0.01209	0.01395	0.02046	0.01302	0.03906	0.79635	0.00837	0.01395	0.00558	0.00279	0.00465
12	0.00756	0.00509	0.00590	0.00590	0.00598	0.00517	0.00343	0.00772	0.00764	0.01026	0.01621	0.03296	0.01845	0.75299	0.08983	0.00532	0.00578	0.00741	0.00313	0.00328
13	0.01385	0.01246	0.01955	0.10771	0.56565	0.01299	0.01470	0.15440	0.01404	0.01955	0.01024	0.01292	0.00823	0.00500	0.00517	0.00157	0.00618	0.00465	0.00304	0.00811
14	0.00983	0.00926	0.01562	0.80447	0.03587	0.01157	0.01446	0.01331	0.01041	0.01331	0.00926	0.01388	0.00694	0.00521	0.00521	0.00174	0.00694	0.00463	0.00231	0.00579
15	0.00749	0.00536	0.00727	0.00727	0.00782	0.00591	0.00514	0.00860	0.00804	0.01128	0.01495	0.02602	0.01543	0.35644	0.48227	0.00701	0.01032	0.00639	0.00294	0.00404
16	0.01229	0.01405	0.03073	0.02195	0.02722	0.01317	0.76558	0.01668	0.01229	0.01668	0.01054	0.01405	0.00790	0.00439	0.00615	0.00176	0.00878	0.00615	0.00263	0.00702
17	0.00737	0.00532	0.00696	0.00655	0.00778	0.00491	0.00491	0.00983	0.01474	0.02088	0.78175	0.03890	0.04914	0.01065	0.00614	0.00164	0.00246	0.00942	0.00573	0.00491
18	0.01289	0.01237	0.02114	0.03196	0.78450	0.01237	0.01598	0.01598	0.01186	0.01701	0.00980	0.01289	0.00825	0.00464	0.00516	0.00155	0.00619	0.00464	0.00258	0.00825
19	0.00780	0.00590	0.00834	0.00803	0.00924	0.00640	0.00613	0.00951	0.00854	0.01238	0.01372	0.02087	0.01308	0.11545	0.63605	0.00725	0.01200	0.00553	0.00286	0.09092
20	0.00983	0.00926	0.01562	0.80447	0.03587	0.01157	0.01446	0.01331	0.01041	0.01331	0.00926	0.01388	0.00694	0.00521	0.00521	0.00174	0.00694	0.00463	0.00231	0.00579
21	0.00983	0.00926	0.01562	0.80447	0.03587	0.01157	0.01446	0.01331	0.01041	0.01331	0.00926	0.01388	0.00694	0.00521	0.00521	0.00174	0.00694	0.00463	0.00231	0.00579
22	0.00983	0.00926	0.01562	0.80447	0.03587	0.01157	0.01446	0.01331	0.01041	0.01331	0.00926	0.01388	0.00694	0.00521	0.00521	0.00174	0.00694	0.00463	0.00231	0.00579
23	0.00983	0.00926	0.01562	0.80447	0.03587	0.01157	0.01446	0.01331	0.01041	0.01331	0.00926	0.01388	0.00694	0.00521	0.00521	0.00174	0.00694	0.00463	0.00231	0.00579

[dist]
# distance from previous block
# <min> <max>
0	14

[block]
# block no. 1 follows, 47 sequences, length 98
# corresponding to MSA columns:
# 466-563
name=unknown_B
#
# <colnr> <probs for GDERKNQSTAVLIFYWHMCP>
#	G	D	E	R	K	N	Q	S	T	A	V	L	I	F	Y	W	H	M	C	P
0	0.01100	0.02454	0.66238	0.01537	0.02261	0.01199	0.10653	0.01666	0.01124	0.03614	0.00977	0.01152	0.00694	0.00489	0.00507	0.00164	0.00765	0.00414	0.00238	0.02755
1	0.85377	0.01007	0.00765	0.00685	0.01007	0.01168	0.00564	0.01531	0.00886	0.02336	0.00725	0.00846	0.00564	0.00483	0.00322	0.00161	0.00403	0.00282	0.00322	0.00564
2	0.01270	0.01219	0.02081	0.07853	0.73937	0.01232	0.01589	0.01582	0.01177	0.01679	0.00976	0.01295	0.00817	0.00467	0.00516	0.00156	0.00623	0.00464	0.00256	0.00810
3	0.01295	0.01119	0.01178	0.01060	0.01354	0.01295	0.00824	0.02767	0.77509	0.02178	0.02120	0.01943	0.01590	0.00707	0.00530	0.00177	0.00412	0.00589	0.00530	0.00824
4	0.01392	0.82012	0.02729	0.00891	0.01337	0.02061	0.00891	0.01559	0.01058	0.01225	0.00724	0.00835	0.00668	0.00446	0.00334	0.00111	0.00557	0.00278	0.00223	0.00668
5	0.00744	0.00558	0.00837	0.00837	0.00930	0.00651	0.00651	0.00930	0.00837	0.01209	0.01395	0.02046	0.01302	0.03906	0.79635	0.00837	0.01395	0.00558	0.00279	0.00465
6	0.01342	0.00942	0.01619	0.28636	0.02297	0.01001	0.15179	0.01633	0.01151	0.21581	0.01325	0.01608	0.00979	0.01171	0.15177	0.00294	0.02525	0.00525	0.00354	0.00661
7	0.02271	0.00867	0.01174	0.00905	0.01295	0.00752	0.00746	0.02475	0.01471	0.75134	0.02037	0.01781	0.01291	0.00643	0.00516	0.00159	0.00434	0.00522	0.04660	0.00867
8	0.00983	0.00926	0.01562	0.80447	0.03587	0.01157	0.01446	0.01331	0.01041	0.01331	0.00926	0.01388	0.00694	0.00521	0.00521	0.00174	0.00694	0.00463	0.00231	0.00579
9	0.01112	0.01057	0.01794	0.47987	0.35043	0.01191	0.01510	0.01443	0.01102	0.01486	0.00948	0.01347	0.00749	0.00497	0.00519	0.00166	0.00662	0.00463	0.00242	0.00682
10	0.01880	0.00995	0.01338	0.26405	0.02069	0.05643	0.00998	0.02124	0.01346	0.49336	0.01618	0.01599	0.01061	0.00598	0.00519	0.00163	0.00553	0.00493	0.00490	0.00771
11	0.00678	0.00484	0.00654	0.00775	0.00824	0.00460	0.00559	0.00800	0.01040	0.01378	0.02846	0.65399	0.03350	0.01591	0.00676	0.00217	0.00340	0.17013	0.00483	0.00435
12	0.00706	0.00570	0.00632	0.00610	0.00775	0.00517	0.00459	0.00971	0.06600	0.01701	0.30822	0.04402	0.46988	0.01186	0.00609	0.00172	0.00268	0.01008	0.00519	0.00485
13	0.00920	0.00668	0.00934	0.05676	0.01163	0.00670	0.04823	0.06453	0.05400	0.06019	0.02448	0.57376	0.02721	0.01318	0.00627	0.00198	0.00391	0.01194	0.00471	0.00530
14	0.01229	0.01405	0.03073	0.02195	0.02722	0.01317	0.76558	0.01668	0.01229	0.01668	0.01054	0.01405	0.00790	0.00439	0.00615	0.00176	0.00878	0.00615	0.00263	0.00702
15	0.01371	0.77231	0.07326	0.00927	0.01392	0.02009	0.00953	0.01565	0.01061	0.01251	0.00737	0.00851	0.00668	0.00449	0.00344	0.00115	0.00570	0.00285	0.00223	0.00674
16	0.01205	0.01144	0.01942	0.14412	0.62753	0.01176	0.01509	0.01506	0.01153	0.01624	0.01086	0.06130	0.00964	0.00543	0.00525	0.00161	0.00611	0.00525	0.00267	0.00764
17	0.01804	0.02189	0.01378	0.01254	0.01517	0.64896	0.00944	0.02115	0.11106	0.01429	0.01026	0.01127	0.00827	0.00562	0.00471	0.00139	0.00830	0.00377	0.05384	0.00625
18	0.01289	0.01237	0.02114	0.03196	0.78450	0.01237	0.01598	0.01598	0.01186	0.01701	0.00980	0.01289	0.00825	0.00464	0.00516	0.00155	0.00619	0.00464	0.00258	0.00825
19	0.00744	0.00558	0.00837	0.00837	0.00930	0.00651	0.00651	0.00930	0.00837	0.01209	0.01395	0.02046	0.01302	0.03906	0.79635	0.00837	0.01395	0.00558	0.00279	0.00465
20	0.01909	0.10554	0.01597	0.01267	0.01569	0.63520	0.00982	0.06178	0.01487	0.05089	0.00881	0.00986	0.00712	0.00537	0.00461	0.00134	0.00856	0.00346	0.00296	0.00639
21	0.02130	0.01097	0.01324	0.01029	0.01427	0.01094	0.00845	0.27344	0.08192	0.47139	0.01791	0.01612	0.01180	0.00643	0.00523	0.00161	0.00484	0.00511	0.00594	0.00881
22	0.01140	0.01123	0.01844	0.01351	0.01768	0.01042	0.26936	0.01426	0.01090	0.01622	0.00934	0.01201	0.00765	0.00481	0.00659	0.00133	0.12378	0.00436	0.00281	0.43389
23	0.01289	0.01237	0.02114	0.03196	0.78450	0.01237	0.01598	0.01598	0.01186	0.01701	0.00980	0.01289	0.00825	0.00464	0.00516	0.00155	0.00619	0.00464	0.00258	0.00825
24	0.00764	0.00607	0.00868	0.00876	0.00934	0.00711	0.00665	0.00907	0.00886	0.01257	0.01800	0.29320	0.01951	0.02679	0.40882	0.00531	0.12691	0.00862	0.00342	0.00466
25	0.00983	0.00926	0.01562	0.80447	0.03587	0.01157	0.01446	0.01331	0.01041	0.01331	0.00926	0.01388	0.00694	0.00521	0.00521	0.00174	0.00694	0.00463	0.00231	0.00579
26	0.00719	0.00489	0.00579	0.00618	0.00627	0.00479	0.00369	0.00747	0.00833	0.01111	0.02029	0.28036	0.02383	0.56402	0.02023	0.00412	0.00441	0.00986	0.00369	0.00349
27	0.00727	0.00532	0.00682	0.00645	0.00772	0.00487	0.00483	0.00963	0.01450	0.02032	0.72130	0.03983	0.10994	0.01086	0.00614	0.00165	0.00247	0.00955	0.00566	0.00487
28	0.00737	0.00532	0.00696	0.00655	0.00778	0.00491	0.00491	0.00983	0.01474	0.02088	0.78175	0.03890	0.04914	0.01065	0.00614	0.00164	0.00246	0.00942	0.00573	0.00491
29	0.00983	0.00926	0.01562	0.80447	0.03587	0.01157	0.01446	0.01331	0.01041	0.01331	0.00926	0.01388	0.00694	0.00521	0.00521	0.00174	0.00694	0.00463	0.00231	0.00579
30	0.01054	0.00822	0.01216	0.01583	0.27663	0.00807	0.00891	0.05387	0.01207	0.05909	0.10624	0.24132	0.05665	0.09695	0.00804	0.00211	0.00448	0.00863	0.00409	0.00610
31	0.01295	0.01119	0.01178	0.01060	0.01354	0.01295	0.00824	0.02767	0.77509	0.02178	0.02120	0.01943	0.01590	0.00707	0.00530	0.00177	0.00412	0.00589	0.00530	0.00824
32	0.01947	0.02425	0.01481	0.01334	0.01610	0.75292	0.01005	0.06210	0.01530	0.01386	0.00830	0.00956	0.00683	0.00542	0.00472	0.00135	0.00919	0.00343	0.00282	0.00619
33	0.01416	0.01229	0.01533	0.10886	0.24592	0.06349	0.01127	0.18288	0.16435	0.02097	0.01321	0.01466	0.01017	0.00573	0.00501	0.00157	0.00558	0.00483	0.09214	0.00760
34	0.01109	0.01132	0.02157	0.43238	0.13141	0.01223	0.27422	0.01482	0.01125	0.01496	0.00977	0.01381	0.00745	0.00485	0.00552	0.00172	0.00748	0.00515	0.00246	0.00654
35	0.00669	0.00530	0.00602	0.00584	0.00736	0.00462	0.00438	0.00851	0.01313	0.01707	0.37388	0.04518	0.45939	0.01207	0.00615	0.00171	0.00256	0.01030	0.00523	0.00462
36	0.00618	0.00519	0.00536	0.00550	0.00709	0.00438	0.00406	0.00745	0.01165	0.01398	0.05002	0.13696	0.69731	0.01354	0.00621	0.00180	0.00268	0.01142	0.00484	0.00438
37	0.00971	0.00485	0.00485	0.00485	0.00607	0.00485	0.00364	0.01213	0.01092	0.01942	0.01699	0.01942	0.01335	0.00607	0.00364	0.00121	0.00243	0.00485	0.84589	0.00485
38	0.01229	0.01405	0.03073	0.02195	0.02722	0.01317	0.76558	0.01668	0.01229	0.01668	0.01054	0.01405	0.00790	0.00439	0.00615	0.00176	0.00878	0.00615	0.00263	0.00702
39	0.00641	0.00529	0.00563	0.00554	0.00719	0.00450	0.00416	0.00797	0.01247	0.01550	0.20584	0.04776	0.62840	0.01265	0.00615	0.00173	0.00260	0.01066	0.00502	0.00450
40	0.01280	0.00661	0.00860	0.00761	0.00990	0.00589	0.00609	0.01490	0.01398	0.28421	0.30550	0.03580	0.16260	0.01006	0.00595	0.00174	0.00344	0.09243	0.00572	0.00617
41	0.01406	0.01026	0.01190	0.01001	0.01266	0.01146	0.00807	0.39943	0.03114	0.02348	0.01357	0.01627	0.01096	0.01913	0.31559	0.00421	0.00868	0.00507	0.06715	0.00689
42	0.02221	0.01072	0.01323	0.01015	0.01422	0.01041	0.00838	0.26579	0.01801	0.54331	0.01794	0.01603	0.01158	0.00638	0.00523	0.00160	0.00485	0.00506	0.00604	0.00886
43	0.01241	0.01126	0.01322	0.01166	0.01359	0.01399	0.00933	0.02244	0.51000	0.01859	0.01623	0.01665	0.01277	0.00777	0.00937	0.00194	0.28172	0.00543	0.00426	0.00736
44	0.00665	0.00541	0.00594	0.00610	0.00762	0.00479	0.00459	0.00849	0.03431	0.01494	0.11528	0.14539	0.54422	0.01325	0.00626	0.00184	0.00286	0.06257	0.00493	0.00456
45	0.00991	0.01968	0.49464	0.01327	0.01899	0.01027	0.10019	0.01475	0.01175	0.01722	0.12898	0.01823	0.05651	0.00627	0.00525	0.00164	0.00643	0.00541	0.05378	0.00685
46	0.85377	0.01007	0.00765	0.00685	0.01007	0.01168	0.00564	0.01531	0.00886	0.02336	0.00725	0.00846	0.00564	0.00483	0.00322	0.00161	0.00403	0.00282	0.00322	0.00564
47	0.01392	0.82012	0.02729	0.00891	0.01337	0.02061	0.00891	0.01559	0.01058	0.01225	0.00724	0.00835	0.00668	0.00446	0.00334	0.00111	0.00557	0.00278	0.00223	0.00668
48	0.01170	0.01116	0.01900	0.33155	0.49417	0.01206	0.01539	0.01494	0.01130	0.01558	0.00959	0.01327	0.00774	0.00486	0.00518	0.00162	0.00648	0.00464	0.00248	0.00729
49	0.00674	0.00521	0.00614	0.00609	0.00744	0.00462	0.00450	0.00854	0.01298	0.01714	0.38765	0.13177	0.35771	0.01237	0.00620	0.00174	0.00260	0.01070	0.00525	0.00462
50	0.00756	0.00622	0.00816	0.00824	0.00886	0.00682	0.00616	0.00884	0.01058	0.01438	0.13208	0.39820	0.14878	0.01350	0.00867	0.00203	0.16892	0.03290	0.00443	0.00467
51	0.01857	0.00824	0.01017	0.00816	0.01130	0.00774	0.00663	0.10691	0.01473	0.45408	0.01847	0.01766	0.01257	0.00630	0.00472	0.00148	0.00394	0.00505	0.27569	0.00758
52	0.01457	0.01729	0.28249	0.01256	0.01756	0.01281	0.05429	0.31713	0.05065	0.04241	0.01240	0.01342	0.00901	0.00649	0.02371	0.00174	0.00632	0.00458	0.09276	0.00780
53	0.02336	0.00886	0.01209	0.00927	0.01329	0.00765	0.00765	0.02538	0.01491	0.78810	0.02055	0.01773	0.01289	0.00645	0.00524	0.00161	0.00443	0.00524	0.00645	0.00886
54	0.01316	0.44758	0.11498	0.01758	0.28092	0.01676	0.01257	0.01583	0.01107	0.01440	0.00837	0.01023	0.00721	0.00458	0.00416	0.00133	0.00603	0.00355	0.00235	0.00734
55	0.01980	0.01459	0.01563	0.01198	0.01615	0.01615	0.00990	0.76713	0.02448	0.03282	0.01250	0.01250	0.00886	0.00625	0.00521	0.00156	0.00573	0.00469	0.00521	0.00886
56	0.01416	0.01279	0.01744	0.02002	0.31545	0.03623	0.06427	0.13936	0.28327	0.02105	0.01425	0.01511	0.01097	0.00576	0.00527	0.00164	0.00566	0.00515	0.00396	0.00819
57	0.01045	0.02694	0.79000	0.01484	0.02254	0.01209	0.01924	0.01649	0.01099	0.01649	0.00935	0.01099	0.00660	0.00495	0.00495	0.00165	0.00770	0.00385	0.00220	0.00770
58	0.00634	0.00453	0.00604	0.00725	0.00755	0.00423	0.00483	0.00725	0.00997	0.01329	0.02870	0.81358	0.03444	0.01632	0.00665	0.00211	0.00302	0.01480	0.00483	0.00423
59	0.01018	0.00798	0.00987	0.00988	0.08992	0.00736	0.00675	0.01419	0.12586	0.06433	0.19474	0.02867	0.20952	0.00838	0.00536	0.00149	0.00356	0.00715	0.00459	0.19021
60	0.01035	0.00992	0.01590	0.57040	0.05613	0.01275	0.01371	0.01320	0.00982	0.01323	0.00864	0.01320	0.00696	0.00621	0.00832	0.00187	0.21662	0.00461	0.00231	0.00585
61	0.00745	0.00555	0.00822	0.00822	0.00910	0.00643	0.00632	0.00920	0.00833	0.01198	0.01409	0.02121	0.01335	0.08211	0.75374	0.00819	0.01346	0.00569	0.00281	0.00457
62	0.85377	0.01007	0.00765	0.00685	0.01007	0.01168	0.00564	0.01531	0.00886	0.02336	0.00725	0.00846	0.00564	0.00483	0.00322	0.00161	0.00403	0.00282	0.00322	0.00564
63	0.00671	0.00534	0.00605	0.00598	0.00752	0.00467	0.00456	0.00849	0.01287	0.01652	0.30406	0.04675	0.48274	0.01238	0.00621	0.00176	0.00271	0.05496	0.00514	0.00460
64	0.01174	0.01081	0.01616	0.01849	0.33119	0.00952	0.05224	0.01449	0.01132	0.01697	0.00955	0.01184	0.00794	0.00421	0.00452	0.00115	0.00509	0.00390	0.00285	0.45603
65	0.00749	0.00559	0.00701	0.00671	0.00801	0.00526	0.00500	0.01042	0.05622	0.01977	0.61911	0.09296	0.11464	0.01108	0.00613	0.00169	0.00261	0.00975	0.00556	0.00500
66	0.85377	0.01007	0.00765	0.00685	0.01007	0.01168	0.00564	0.01531	0.00886	0.02336	0.00725	0.00846	0.00564	0.00483	0.00322	0.00161	0.00403	0.00282	0.00322	0.00564
67	0.00638	0.00455	0.00603	0.00720	0.00750	0.00425	0.00478	0.00726	0.00990	0.01320	0.02833	0.78991	0.03397	0.04063	0.00725	0.00220	0.00308	0.01458	0.00478	0.00420
68	0.01405	0.01162	0.01525	0.01796	0.28008	0.01255	0.01097	0.06460	0.41537	0.07542	0.01673	0.01666	0.01265	0.00614	0.00524	0.00167	0.00495	0.00534	0.00444	0.00832
69	0.01945	0.02482	0.01476	0.01342	0.01610	0.79608	0.01006	0.02079	0.01476	0.01275	0.00805	0.00939	0.00671	0.00537	0.00470	0.00134	0.00939	0.00335	0.00268	0.00604
70	0.00746	0.00551	0.00803	0.00803	0.00884	0.00632	0.00608	0.00908	0.00827	0.01184	0.01426	0.02219	0.01377	0.13782	0.69861	0.00795	0.01282	0.00583	0.00284	0.00446
71	0.02251	0.01024	0.01294	0.00992	0.01398	0.00970	0.00819	0.20392	0.01721	0.60630	0.01861	0.01647	0.01192	0.00640	0.00523	0.00160	0.00474	0.00510	0.00615	0.00886
72	0.02336	0.00886	0.01209	0.00927	0.01329	0.00765	0.00765	0.02538	0.01491	0.78810	0.02055	0.01773	0.01289	0.00645	0.00524	0.00161	0.00443	0.00524	0.00645	0.00886
73	0.02316	0.00919	0.01229	0.00942	0.01346	0.00814	0.00778	0.06759	0.01545	0.74512	0.02009	0.01743	0.01266	0.00643	0.00524	0.00161	0.00451	0.00521	0.00638	0.00886
74	0.00744	0.00558	0.00837	0.00837	0.00930	0.00651	0.00651	0.00930	0.00837	0.01209	0.01395	0.02046	0.01302	0.03906	0.79635	0.00837	0.01395	0.00558	0.00279	0.00465
75	0.01720	0.00705	0.00882	0.00728	0.01003	0.00639	0.00584	0.01940	0.01311	0.44138	0.01894	0.01849	0.01310	0.00627	0.00452	0.00143	0.00353	0.00506	0.38509	0.00705
76	0.01295	0.01119	0.01178	0.01060	0.01354	0.01295	0.00824	0.02767	0.77509	0.02178	0.02120	0.01943	0.01590	0.00707	0.00530	0.00177	0.00412	0.00589	0.00530	0.00824
77	0.85377	0.01007	0.00765	0.00685	0.01007	0.01168	0.00564	0.01531	0.00886	0.02336	0.00725	0.00846	0.00564	0.00483	0.00322	0.00161	0.00403	0.00282	0.00322	0.00564
78	0.00634	0.00453	0.00604	0.00725	0.00755	0.00423	0.00483	0.00725	0.00997	0.01329	0.02870	0.81358	0.03444	0.01632	0.00665	0.00211	0.00302	0.01480	0.00483	0.00423
79	0.00634	0.00453	0.00604	0.00725	0.00755	0.00423	0.00483	0.00725	0.00997	0.01329	0.02870	0.81358	0.03444	0.01632	0.00665	0.00211	0.00302	0.01480	0.00483	0.00423
80	0.00819	0.00475	0.00546	0.00594	0.00677	0.00460	0.00420	0.01000	0.01074	0.01698	0.06413	0.34758	0.02402	0.01054	0.00502	0.00161	0.00267	0.00920	0.45300	0.00460
81	0.02336	0.00886	0.01209	0.00927	0.01329	0.00765	0.00765	0.02538	0.01491	0.78810	0.02055	0.01773	0.01289	0.00645	0.00524	0.00161	0.00443	0.00524	0.00645	0.00886
82	0.00983	0.00926	0.01562	0.80447	0.03587	0.01157	0.01446	0.01331	0.01041	0.01331	0.00926	0.01388	0.00694	0.00521	0.00521	0.00174	0.00694	0.00463	0.00231	0.00579
83	0.00983	0.00926	0.01562	0.80447	0.03587	0.01157	0.01446	0.01331	0.01041	0.01331	0.00926	0.01388	0.00694	0.00521	0.00521	0.00174	0.00694	0.00463	0.00231	0.00579
84	0.00707	0.00500	0.00622	0.00653	0.00708	0.00477	0.00438	0.00815	0.01053	0.01426	0.21709	0.28498	0.07399	0.27776	0.02680	0.00305	0.00376	0.03004	0.00448	0.00408
85	0.00634	0.00453	0.00604	0.00725	0.00755	0.00423	0.00483	0.00725	0.00997	0.01329	0.02870	0.81358	0.03444	0.01632	0.00665	0.00211	0.00302	0.01480	0.00483	0.00423
86	0.01272	0.01178	0.01935	0.02629	0.56053	0.01202	0.05925	0.01717	0.10854	0.03594	0.01252	0.05818	0.01073	0.00573	0.00561	0.00164	0.02552	0.00546	0.00314	0.00790
87	0.01553	0.01404	0.02126	0.01934	0.18385	0.03724	0.23955	0.30887	0.03694	0.02289	0.01121	0.01310	0.00848	0.00545	0.00593	0.00164	0.03794	0.00511	0.00368	0.00795
88	0.00712	0.00545	0.00779	0.01004	0.09594	0.00518	0.00610	0.00832	0.01033	0.01394	0.04865	0.69977	0.03189	0.01482	0.00646	0.00204	0.00336	0.01349	0.00460	0.00471
89	0.28157	0.03613	0.01439	0.01559	0.19792	0.29818	0.01004	0.05929	0.01264	0.01823	0.00844	0.01008	0.00686	0.00505	0.00434	0.00148	0.00663	0.00355	0.00296	0.00661
90	0.00670	0.00478	0.00645	0.00765	0.00811	0.00453	0.00545	0.00786	0.01032	0.01369	0.02851	0.68353	0.03367	0.01598	0.00674	0.00216	0.00333	0.14138	0.00483	0.00433
91	0.01610	0.56121	0.02338	0.00986	0.01414	0.06489	0.02882	0.08605	0.01277	0.12530	0.00976	0.01029	0.00780	0.00496	0.00394	0.00126	0.00574	0.00343	0.00314	0.00716
92	0.01475	0.15239	0.13423	0.01299	0.07065	0.06540	0.01108	0.19561	0.25052	0.02102	0.01334	0.01354	0.01014	0.00583	0.00484	0.00155	0.00577	0.00452	0.00392	0.00790
93	0.01221	0.01314	0.10915	0.01595	0.02045	0.01089	0.40187	0.03577	0.03042	0.09245	0.07531	0.02056	0.10988	0.00644	0.00607	0.00173	0.02072	0.00659	0.00359	0.00684
94	0.00770	0.00504	0.00563	0.00563	0.00570	0.00504	0.00318	0.00785	0.00777	0.01066	0.01644	0.03320	0.01860	0.76810	0.02513	0.00482	0.00489	0.00741	0.05395	0.00326
95	0.00997	0.00866	0.06163	0.01030	0.08448	0.00755	0.00756	0.05505	0.09043	0.06169	0.31471	0.11199	0.13544	0.00979	0.00583	0.00170	0.00371	0.00852	0.00494	0.00605
96	0.80781	0.01000	0.00790	0.00698	0.01025	0.01146	0.00575	0.01587	0.00920	0.06568	0.00799	0.00897	0.00604	0.00492	0.00333	0.00161	0.00405	0.00295	0.00340	0.00582
97	0.00874	0.00718	0.01074	0.01159	0.12654	0.00694	0.05261	0.01198	0.05591	0.01957	0.52488	0.08561	0.03763	0.00955	0.00598	0.00167	0.00353	0.00867	0.00498	0.00568

[dist]
# distance from previous block
# <min> <max>
1	2

[block]
# block no. 2 follows, 47 sequences, length 9
# corresponding to MSA columns:
# 566-574
name=unknown_C
#
# <colnr> <probs for GDERKNQSTAVLIFYWHMCP>
#	G	D	E	R	K	N	Q	S	T	A	V	L	I	F	Y	W	H	M	C	P
0	0.01042	0.00641	0.00799	0.00703	0.00909	0.00557	0.00527	0.01221	0.01252	0.15006	0.27990	0.11728	0.11834	0.09752	0.00791	0.00194	0.00338	0.00831	0.00497	0.13389
1	0.01414	0.14326	0.01467	0.01048	0.01377	0.04680	0.00851	0.07067	0.54862	0.04542	0.01783	0.01673	0.01349	0.00650	0.00495	0.00163	0.00468	0.00518	0.00472	0.00796
2	0.43148	0.13992	0.14374	0.00907	0.01339	0.01281	0.00891	0.05002	0.01099	0.12362	0.00962	0.01029	0.00708	0.00507	0.00389	0.00154	0.00502	0.00339	0.00341	0.00673
3	0.01252	0.24062	0.44004	0.01387	0.04173	0.06359	0.05296	0.04931	0.01180	0.01584	0.00890	0.01045	0.00684	0.00486	0.00457	0.00148	0.00715	0.00370	0.00240	0.00735
4	0.01144	0.07091	0.17549	0.01019	0.01367	0.00984	0.00998	0.14556	0.01408	0.05238	0.07307	0.06674	0.11785	0.00958	0.00578	0.00182	0.00510	0.19589	0.00428	0.00637
5	0.01106	0.01418	0.14963	0.01001	0.01247	0.20830	0.00880	0.01328	0.01136	0.01410	0.13723	0.02155	0.01728	0.16884	0.17598	0.00364	0.00808	0.00571	0.00321	0.00531
6	0.01388	0.08531	0.21346	0.01273	0.01600	0.06353	0.01239	0.01688	0.03358	0.14022	0.01025	0.01218	0.00801	0.00692	0.00974	0.00183	0.32883	0.00430	0.00305	0.00691
7	0.01238	0.04809	0.10746	0.01191	0.07929	0.28275	0.00933	0.01462	0.01313	0.01507	0.13153	0.02462	0.21316	0.00800	0.00530	0.00154	0.00601	0.00635	0.00359	0.00587
8	0.05149	0.20468	0.48041	0.01295	0.01905	0.11654	0.01508	0.01680	0.01129	0.01536	0.00860	0.01007	0.00659	0.00489	0.00447	0.00149	0.00727	0.00350	0.00232	0.00716

[dist]
# distance from previous block
# <min> <max>
0	4

[block]
# block no. 3 follows, 47 sequences, length 50
# corresponding to MSA columns:
# 579-628
name=unknown_D
#
# <colnr> <probs for GDERKNQSTAVLIFYWHMCP>
#	G	D	E	R	K	N	Q	S	T	A	V	L	I	F	Y	W	H	M	C	P
0	0.01129	0.13555	0.65399	0.01397	0.02102	0.04510	0.01745	0.01654	0.01109	0.01576	0.00900	0.01057	0.00661	0.00490	0.00472	0.00156	0.00747	0.00368	0.00222	0.00749
1	0.05552	0.26998	0.32613	0.01196	0.01718	0.12079	0.02961	0.01658	0.02845	0.01541	0.05602	0.01179	0.00943	0.00523	0.00443	0.00144	0.00670	0.00384	0.00262	0.00688
2	0.01405	0.33337	0.19722	0.01015	0.01466	0.01412	0.01042	0.07881	0.01225	0.12757	0.03578	0.01457	0.01049	0.09757	0.00687	0.00181	0.00575	0.00430	0.00330	0.00696
3	0.16024	0.08990	0.41103	0.01228	0.01758	0.08073	0.01373	0.01683	0.05145	0.01711	0.00933	0.01084	0.00711	0.00532	0.00525	0.00161	0.05763	0.00371	0.02139	0.00694
4	0.13101	0.16858	0.50819	0.01251	0.01884	0.01375	0.01505	0.04710	0.01117	0.01737	0.00880	0.01022	0.00657	0.00490	0.00442	0.00154	0.00671	0.00354	0.00247	0.00727
5	0.00997	0.00934	0.01545	0.76953	0.03488	0.01163	0.01419	0.01394	0.04406	0.01368	0.00978	0.01413	0.00734	0.00529	0.00521	0.00174	0.00682	0.00468	0.00245	0.00589
6	0.01152	0.01071	0.01770	0.47111	0.31693	0.01212	0.01479	0.05450	0.01171	0.01574	0.00963	0.01344	0.00754	0.00505	0.00519	0.00166	0.00659	0.00464	0.00257	0.00688
7	0.01147	0.00924	0.01087	0.00780	0.01239	0.00698	0.00625	0.01377	0.01102	0.05808	0.00986	0.01117	0.00799	0.00399	0.00393	0.00082	0.00389	0.00320	0.00326	0.80404
8	0.00704	0.00513	0.00553	0.00553	0.00619	0.00480	0.00346	0.00754	0.00919	0.01159	0.03011	0.04012	0.30663	0.51408	0.01884	0.00381	0.00414	0.00886	0.00379	0.00362
9	0.01289	0.01237	0.02114	0.03196	0.78450	0.01237	0.01598	0.01598	0.01186	0.01701	0.00980	0.01289	0.00825	0.00464	0.00516	0.00155	0.00619	0.00464	0.00258	0.00825
10	0.01757	0.00729	0.00939	0.00767	0.01056	0.00653	0.00617	0.01975	0.01373	0.47680	0.10604	0.02062	0.01714	0.00681	0.00487	0.00150	0.00362	0.00560	0.25109	0.00725
11	0.00693	0.00498	0.00611	0.00645	0.00704	0.00476	0.00430	0.00791	0.01012	0.01351	0.14532	0.29466	0.13122	0.26867	0.06154	0.00330	0.00419	0.01060	0.00432	0.00405
12	0.00634	0.00453	0.00604	0.00725	0.00755	0.00423	0.00483	0.00725	0.00997	0.01329	0.02870	0.81358	0.03444	0.01632	0.00665	0.00211	0.00302	0.01480	0.00483	0.00423
13	0.01392	0.82012	0.02729	0.00891	0.01337	0.02061	0.00891	0.01559	0.01058	0.01225	0.00724	0.00835	0.00668	0.00446	0.00334	0.00111	0.00557	0.00278	0.00223	0.00668
14	0.00731	0.00532	0.00687	0.00648	0.00774	0.00489	0.00486	0.00970	0.01459	0.02052	0.74288	0.03950	0.08823	0.01078	0.00614	0.00164	0.00247	0.00950	0.00568	0.00489
15	0.85377	0.01007	0.00765	0.00685	0.01007	0.01168	0.00564	0.01531	0.00886	0.02336	0.00725	0.00846	0.00564	0.00483	0.00322	0.00161	0.00403	0.00282	0.00322	0.00564
16	0.00622	0.00514	0.00546	0.00568	0.00715	0.00438	0.00415	0.00749	0.01159	0.01410	0.06773	0.19330	0.62221	0.01371	0.00625	0.00182	0.00271	0.01167	0.00486	0.00438
17	0.01194	0.00953	0.01201	0.01304	0.14563	0.01018	0.00858	0.02028	0.37382	0.06731	0.24181	0.02389	0.02412	0.00765	0.00552	0.00168	0.00401	0.00666	0.00502	0.00731
18	0.01113	0.00997	0.01379	0.53354	0.02764	0.06327	0.01200	0.06065	0.01202	0.04644	0.01619	0.02016	0.10797	0.00674	0.00538	0.00172	0.00629	0.03608	0.00312	0.00590
19	0.01198	0.01017	0.01094	0.00990	0.01254	0.01156	0.00767	0.02458	0.64314	0.02163	0.15318	0.02281	0.02167	0.00769	0.00545	0.00174	0.00383	0.00650	0.00537	0.00767
20	0.01295	0.01119	0.01178	0.01060	0.01354	0.01295	0.00824	0.02767	0.77509	0.02178	0.02120	0.01943	0.01590	0.00707	0.00530	0.00177	0.00412	0.00589	0.00530	0.00824
21	0.01192	0.00965	0.01049	0.00938	0.01190	0.01077	0.00729	0.07702	0.49119	0.02224	0.20238	0.02358	0.02318	0.00780	0.00539	0.00169	0.00374	0.00658	0.05653	0.00728
22	0.85377	0.01007	0.00765	0.00685	0.01007	0.01168	0.00564	0.01531	0.00886	0.02336	0.00725	0.00846	0.00564	0.00483	0.00322	0.00161	0.00403	0.00282	0.00322	0.00564
23	0.01945	0.02482	0.01476	0.01342	0.01610	0.79608	0.01006	0.02079	0.01476	0.01275	0.00805	0.00939	0.00671	0.00537	0.00470	0.00134	0.00939	0.00335	0.00268	0.00604
24	0.01004	0.00947	0.01599	0.75245	0.08628	0.01162	0.01456	0.01349	0.01051	0.01356	0.00929	0.01382	0.00703	0.00517	0.00520	0.00172	0.00689	0.00463	0.00233	0.00595
25	0.00807	0.00548	0.00719	0.00667	0.00802	0.00503	0.00503	0.01051	0.01475	0.05465	0.74825	0.03797	0.04754	0.01046	0.00610	0.00164	0.00254	0.00923	0.00576	0.00509
26	0.00757	0.00505	0.00568	0.00568	0.00568	0.00505	0.00316	0.00757	0.00757	0.01010	0.01641	0.03408	0.01893	0.81698	0.02651	0.00505	0.00505	0.00757	0.00316	0.00316
27	0.42905	0.00945	0.00992	0.00808	0.01172	0.00962	0.00667	0.02046	0.01195	0.41449	0.01405	0.01320	0.00935	0.00566	0.00425	0.00161	0.00423	0.00406	0.00487	0.00729
28	0.02336	0.00886	0.01209	0.00927	0.01329	0.00765	0.00765	0.02538	0.01491	0.78810	0.02055	0.01773	0.01289	0.00645	0.00524	0.00161	0.00443	0.00524	0.00645	0.00886
29	0.00719	0.00514	0.00701	0.00822	0.00889	0.00496	0.00630	0.00871	0.01080	0.01424	0.02824	0.50187	0.03260	0.01552	0.00687	0.00223	0.00375	0.31818	0.00482	0.00446
30	0.01289	0.01237	0.02114	0.03196	0.78450	0.01237	0.01598	0.01598	0.01186	0.01701	0.00980	0.01289	0.00825	0.00464	0.00516	0.00155	0.00619	0.00464	0.00258	0.00825
31	0.85377	0.01007	0.00765	0.00685	0.01007	0.01168	0.00564	0.01531	0.00886	0.02336	0.00725	0.00846	0.00564	0.00483	0.00322	0.00161	0.00403	0.00282	0.00322	0.00564
32	0.02336	0.00886	0.01209	0.00927	0.01329	0.00765	0.00765	0.02538	0.01491	0.78810	0.02055	0.01773	0.01289	0.00645	0.00524	0.00161	0.00443	0.00524	0.00645	0.00886
33	0.01215	0.00606	0.00679	0.00618	0.00801	0.00594	0.00478	0.01542	0.06829	0.15384	0.07562	0.02059	0.01616	0.00655	0.00423	0.00136	0.00290	0.00534	0.57400	0.00581
34	0.01392	0.82012	0.02729	0.00891	0.01337	0.02061	0.00891	0.01559	0.01058	0.01225	0.00724	0.00835	0.00668	0.00446	0.00334	0.00111	0.00557	0.00278	0.00223	0.00668
35	0.85377	0.01007	0.00765	0.00685	0.01007	0.01168	0.00564	0.01531	0.00886	0.02336	0.00725	0.00846	0.00564	0.00483	0.00322	0.00161	0.00403	0.00282	0.00322	0.00564
36	0.85377	0.01007	0.00765	0.00685	0.01007	0.01168	0.00564	0.01531	0.00886	0.02336	0.00725	0.00846	0.00564	0.00483	0.00322	0.00161	0.00403	0.00282	0.00322	0.00564
37	0.00632	0.00464	0.00593	0.00695	0.00747	0.00426	0.00470	0.00728	0.01026	0.01341	0.03235	0.69767	0.14800	0.01584	0.00657	0.00206	0.00296	0.01423	0.00483	0.00426
38	0.01336	0.01481	0.01413	0.01259	0.01366	0.27601	0.01003	0.01470	0.01033	0.01252	0.00858	0.01243	0.00796	0.01348	0.15938	0.00311	0.39048	0.00435	0.00251	0.00561
39	0.00640	0.00529	0.00562	0.00553	0.00719	0.00450	0.00415	0.00795	0.01245	0.01545	0.20075	0.04784	0.63352	0.01267	0.00615	0.00173	0.00260	0.01067	0.00502	0.00450
40	0.01080	0.00926	0.01080	0.00771	0.01234	0.00694	0.00617	0.01311	0.01080	0.01697	0.00926	0.01080	0.00771	0.00386	0.00386	0.00077	0.00386	0.00309	0.00309	0.84882
41	0.01139	0.01139	0.01595	0.01367	0.01367	0.01595	0.01139	0.01253	0.00798	0.01253	0.00684	0.01139	0.00684	0.00911	0.01709	0.00228	0.80745	0.00456	0.00228	0.00570
42	0.41069	0.01247	0.01189	0.00958	0.01330	0.01406	0.00790	0.41475	0.01716	0.02839	0.01004	0.01061	0.00735	0.00559	0.00428	0.00159	0.00493	0.00381	0.00428	0.00735
43	0.01352	0.01788	0.16396	0.01110	0.01483	0.29800	0.01000	0.01753	0.09909	0.01591	0.04853	0.01660	0.08134	0.00626	0.00484	0.00142	0.00642	0.00475	0.04823	0.11980
44	0.01627	0.01812	0.01793	0.02239	0.39150	0.36576	0.01294	0.06384	0.01393	0.01605	0.00917	0.01129	0.00759	0.00507	0.00495	0.00146	0.00760	0.00406	0.00279	0.00729
45	0.01012	0.00954	0.01613	0.73350	0.10464	0.01164	0.01460	0.01355	0.01055	0.01365	0.00931	0.01379	0.00706	0.00515	0.00520	0.00172	0.00687	0.00463	0.00234	0.00601
46	0.00757	0.00505	0.00568	0.00568	0.00568	0.00505	0.00316	0.00757	0.00757	0.01010	0.01641	0.03408	0.01893	0.81698	0.02651	0.00505	0.00505	0.00757	0.00316	0.00316
47	0.01080	0.00926	0.01080	0.00771	0.01234	0.00694	0.00617	0.01311	0.01080	0.01697	0.00926	0.01080	0.00771	0.00386	0.00386	0.00077	0.00386	0.00309	0.00309	0.84882
48	0.85377	0.01007	0.00765	0.00685	0.01007	0.01168	0.00564	0.01531	0.00886	0.02336	0.00725	0.00846	0.00564	0.00483	0.00322	0.00161	0.00403	0.00282	0.00322	0.00564
49	0.01212	0.00888	0.01063	0.00925	0.01124	0.00988	0.00719	0.29457	0.01430	0.01955	0.01384	0.01988	0.01250	0.16469	0.36166	0.00522	0.00927	0.00560	0.00377	0.00597

[dist]
# distance from previous block
# <min> <max>
0	7

[block]
# block no. 4 follows, 47 sequences, length 70
# corresponding to MSA columns:
# 636-705
name=unknown_E
#
# <colnr> <probs for GDERKNQSTAVLIFYWHMCP>
#	G	D	E	R	K	N	Q	S	T	A	V	L	I	F	Y	W	H	M	C	P
0	0.01301	0.09726	0.30718	0.01999	0.26366	0.12841	0.06572	0.01689	0.01187	0.01571	0.00918	0.01131	0.00723	0.00483	0.00490	0.00153	0.00733	0.00408	0.00242	0.00749
1	0.20327	0.26164	0.01633	0.00977	0.01322	0.26369	0.00819	0.04163	0.01215	0.04275	0.00864	0.00975	0.00708	0.00500	0.00391	0.00132	0.00620	0.00322	0.03994	0.04230
2	0.01593	0.01848	0.26200	0.01346	0.04285	0.04125	0.01292	0.40757	0.09102	0.02537	0.01209	0.01259	0.00871	0.00583	0.00512	0.00160	0.00634	0.00449	0.00409	0.00831
3	0.00750	0.00533	0.00711	0.00711	0.00761	0.00583	0.00494	0.00849	0.00800	0.01116	0.01510	0.02683	0.01578	0.40272	0.43646	0.00682	0.00979	0.00651	0.00296	0.00395
4	0.01623	0.48917	0.02209	0.01076	0.01450	0.32882	0.00939	0.03144	0.01250	0.01283	0.00766	0.00884	0.00673	0.00485	0.00391	0.00121	0.00709	0.00305	0.00246	0.00647
5	0.01711	0.00931	0.01162	0.00863	0.01296	0.00768	0.00703	0.05201	0.01333	0.38046	0.01471	0.01413	0.01020	0.00518	0.00457	0.00120	0.00421	0.00417	0.00476	0.41674
6	0.01070	0.02529	0.69702	0.01615	0.05638	0.01219	0.07729	0.01648	0.01113	0.01653	0.00946	0.01132	0.00677	0.00489	0.00505	0.00165	0.00771	0.00406	0.00225	0.00767
7	0.01438	0.00941	0.01634	0.01245	0.01593	0.00864	0.24813	0.01758	0.03112	0.27479	0.26583	0.02350	0.02320	0.00718	0.00582	0.00167	0.00516	0.00691	0.00497	0.00697
8	0.00903	0.00819	0.01132	0.01067	0.01081	0.01047	0.00833	0.01006	0.00891	0.01289	0.01706	0.38640	0.01974	0.01248	0.01221	0.00220	0.43139	0.00935	0.00347	0.00501
9	0.01073	0.00995	0.01644	0.65451	0.14658	0.01189	0.01449	0.04682	0.01125	0.01472	0.00948	0.01368	0.00722	0.00517	0.00520	0.00170	0.00678	0.00463	0.00248	0.00629
10	0.01514	0.20801	0.09854	0.03654	0.30571	0.06488	0.01267	0.04579	0.01257	0.13656	0.01079	0.01214	0.00832	0.00503	0.00468	0.00145	0.00613	0.00413	0.00316	0.00774
11	0.01290	0.01421	0.01535	0.55256	0.02957	0.26139	0.01306	0.01569	0.01180	0.01313	0.00887	0.01245	0.00687	0.00526	0.00504	0.00161	0.00772	0.00422	0.00243	0.00587
12	0.00617	0.00523	0.00533	0.00540	0.00707	0.00439	0.00401	0.00746	0.01175	0.01402	0.05118	0.09997	0.73355	0.01339	0.00619	0.00178	0.00266	0.01124	0.00484	0.00439
13	0.00699	0.00492	0.00638	0.00716	0.00752	0.00482	0.00489	0.00789	0.00941	0.01257	0.02406	0.45453	0.02804	0.23968	0.07141	0.00343	0.00460	0.09346	0.00421	0.00403
14	0.85377	0.01007	0.00765	0.00685	0.01007	0.01168	0.00564	0.01531	0.00886	0.02336	0.00725	0.00846	0.00564	0.00483	0.00322	0.00161	0.00403	0.00282	0.00322	0.00564
15	0.00848	0.00690	0.00936	0.01080	0.12429	0.00652	0.02672	0.01114	0.06385	0.03773	0.13629	0.21638	0.29852	0.01145	0.00603	0.00179	0.00355	0.01008	0.00464	0.00546
16	0.01139	0.01139	0.01595	0.01367	0.01367	0.01595	0.01139	0.01253	0.00798	0.01253	0.00684	0.01139	0.00684	0.00911	0.01709	0.00228	0.80745	0.00456	0.00228	0.00570
17	0.00727	0.00532	0.00682	0.00644	0.00772	0.00487	0.00483	0.00963	0.01450	0.02031	0.72070	0.03984	0.11054	0.01086	0.00614	0.00165	0.00247	0.00955	0.00566	0.00487
18	0.02291	0.00959	0.01253	0.00961	0.01366	0.00873	0.00794	0.11920	0.01612	0.69257	0.01953	0.01706	0.01238	0.00642	0.00523	0.00161	0.00460	0.00517	0.00629	0.00886
19	0.01364	0.15322	0.40241	0.01464	0.07199	0.20504	0.01484	0.03858	0.01229	0.01539	0.00881	0.01035	0.00682	0.00499	0.00465	0.00148	0.00761	0.00363	0.00243	0.00720
20	0.00744	0.00558	0.00837	0.00837	0.00930	0.00651	0.00651	0.00930	0.00837	0.01209	0.01395	0.02046	0.01302	0.03906	0.79635	0.00837	0.01395	0.00558	0.00279	0.00465
21	0.00839	0.00599	0.00839	0.00959	0.01079	0.00599	0.00839	0.01079	0.01199	0.01558	0.02757	0.05874	0.02997	0.01439	0.00719	0.00240	0.00480	0.74945	0.00480	0.00480
22	0.01307	0.01228	0.07774	0.32952	0.27596	0.01210	0.02485	0.09846	0.01286	0.07746	0.01070	0.01348	0.00803	0.00520	0.00519	0.00164	0.00645	0.00465	0.00304	0.00734
23	0.01163	0.01355	0.18411	0.01227	0.01614	0.01082	0.10022	0.04135	0.26109	0.05502	0.01788	0.03402	0.03949	0.01111	0.10196	0.00259	0.00671	0.06896	0.00398	0.00710
24	0.00687	0.00491	0.00663	0.00775	0.00831	0.00467	0.00565	0.00821	0.01071	0.01426	0.07247	0.59572	0.03428	0.01554	0.00674	0.00215	0.00339	0.18245	0.00488	0.00440
25	0.01245	0.01410	0.07576	0.02623	0.38591	0.01272	0.36149	0.01634	0.01200	0.01683	0.01011	0.01330	0.00798	0.00454	0.00560	0.00165	0.00748	0.00528	0.00258	0.00765
26	0.01066	0.07664	0.74220	0.01447	0.02196	0.01263	0.01859	0.01644	0.01097	0.01623	0.00921	0.01083	0.00660	0.00492	0.00485	0.00162	0.00756	0.00378	0.00220	0.00763
27	0.01074	0.09336	0.72613	0.01435	0.02177	0.01281	0.01838	0.01642	0.01096	0.01614	0.00917	0.01077	0.00660	0.00491	0.00481	0.00160	0.00752	0.00376	0.00220	0.00761
28	0.01416	0.78613	0.02675	0.00910	0.01348	0.05375	0.00896	0.01582	0.01076	0.01227	0.00727	0.00840	0.00668	0.00449	0.00340	0.00112	0.00573	0.00281	0.00225	0.00666
29	0.01121	0.01020	0.01090	0.00910	0.02667	0.08507	0.00718	0.01346	0.01145	0.01627	0.01283	0.02033	0.01209	0.00614	0.00463	0.00117	0.00464	0.15304	0.00338	0.58023
30	0.01188	0.35427	0.47524	0.01239	0.01875	0.01561	0.01498	0.01612	0.01082	0.01474	0.00848	0.00990	0.00663	0.00474	0.00428	0.00143	0.00682	0.00341	0.00221	0.00728
31	0.01276	0.01263	0.06491	0.13984	0.60054	0.01204	0.01560	0.01603	0.01173	0.04941	0.01015	0.01313	0.00816	0.00482	0.00515	0.00158	0.00631	0.00462	0.00268	0.00789
32	0.00745	0.00555	0.00821	0.00821	0.00909	0.00642	0.00631	0.00920	0.00832	0.01197	0.01409	0.02125	0.01336	0.08453	0.75134	0.00818	0.01343	0.00570	0.00281	0.00456
33	0.01446	0.01378	0.04631	0.08999	0.43235	0.08417	0.08735	0.06944	0.01315	0.08280	0.01075	0.01308	0.00834	0.00501	0.00522	0.00157	0.00667	0.00469	0.00307	0.00780
34	0.01759	0.01067	0.01446	0.03515	0.19330	0.01072	0.01002	0.14170	0.11508	0.31733	0.05089	0.03254	0.01346	0.00643	0.00529	0.00162	0.00496	0.00546	0.00503	0.00829
35	0.01187	0.01259	0.02259	0.01829	0.06454	0.01455	0.33492	0.01451	0.01005	0.01457	0.00859	0.01262	0.00738	0.00683	0.01170	0.00201	0.41829	0.00524	0.00245	0.00641
36	0.00757	0.00505	0.00568	0.00568	0.00568	0.00505	0.00316	0.00757	0.00757	0.01010	0.01641	0.03408	0.01893	0.81698	0.02651	0.00505	0.00505	0.00757	0.00316	0.00316
37	0.02002	0.01730	0.01502	0.01218	0.01586	0.26371	0.00974	0.45923	0.02048	0.09794	0.01185	0.01201	0.00855	0.00599	0.00505	0.00150	0.00677	0.00432	0.00452	0.00796
38	0.01632	0.22280	0.06633	0.01317	0.01770	0.01302	0.22481	0.01914	0.01262	0.28345	0.03033	0.01415	0.01014	0.00542	0.00532	0.00154	0.02745	0.00485	0.00389	0.00753
39	0.00745	0.00554	0.00819	0.00819	0.00906	0.00641	0.00629	0.00918	0.00832	0.01196	0.01411	0.02137	0.01341	0.09103	0.74492	0.00815	0.01335	0.00571	0.00281	0.00455
40	0.00631	0.00504	0.00566	0.00601	0.00726	0.00439	0.00431	0.00759	0.01150	0.01437	0.10412	0.29164	0.48555	0.01398	0.00631	0.00186	0.00274	0.01207	0.00491	0.00439
41	0.01230	0.01181	0.02026	0.17908	0.62833	0.01223	0.02898	0.01548	0.01159	0.01630	0.00971	0.01310	0.00799	0.00474	0.00518	0.00159	0.00638	0.00466	0.00253	0.00776
42	0.01740	0.01852	0.11591	0.01218	0.01540	0.37287	0.01043	0.01946	0.01328	0.19462	0.01264	0.07444	0.01031	0.00677	0.00618	0.00159	0.08275	0.00487	0.00363	0.00674
43	0.40490	0.01265	0.01417	0.01827	0.34110	0.09672	0.01053	0.01619	0.01078	0.01951	0.00842	0.01045	0.00687	0.00481	0.00421	0.00155	0.00553	0.00365	0.00289	0.00680
44	0.00634	0.00521	0.00558	0.00565	0.00719	0.00445	0.00418	0.00778	0.01207	0.01493	0.15059	0.12526	0.60643	0.01315	0.00620	0.00178	0.00265	0.01116	0.00496	0.00445
45	0.07779	0.41670	0.06106	0.01160	0.04772	0.10253	0.05377	0.02914	0.12523	0.01555	0.00990	0.01085	0.00815	0.00503	0.00412	0.00136	0.00598	0.00367	0.00289	0.00694
46	0.01809	0.01257	0.14237	0.01014	0.01493	0.00913	0.00950	0.09864	0.01436	0.41206	0.01537	0.01454	0.01029	0.00561	0.00488	0.00143	0.00499	0.00448	0.00487	0.19174
47	0.01455	0.58325	0.08432	0.01125	0.05156	0.15240	0.01025	0.01657	0.01139	0.01290	0.00767	0.00896	0.00676	0.00466	0.00379	0.00122	0.00642	0.00305	0.00232	0.00673
48	0.03931	0.18182	0.01901	0.01494	0.11415	0.33520	0.05461	0.14967	0.01495	0.01722	0.00901	0.01042	0.00732	0.00517	0.00462	0.00139	0.00739	0.00379	0.00303	0.00699
49	0.00623	0.00511	0.00549	0.00576	0.00717	0.00437	0.00418	0.00749	0.01152	0.01407	0.06667	0.22314	0.59310	0.01383	0.00627	0.00184	0.00272	0.01181	0.00486	0.00437
50	0.01237	0.02424	0.67406	0.01401	0.02116	0.01143	0.01751	0.01782	0.01158	0.13150	0.01101	0.01200	0.00753	0.00517	0.00499	0.00164	0.00721	0.00406	0.00283	0.00787
51	0.01444	0.22640	0.12609	0.01716	0.15470	0.06518	0.18001	0.05032	0.01254	0.09028	0.01027	0.01193	0.00792	0.00487	0.00485	0.00149	0.00682	0.00436	0.00294	0.00744
52	0.00809	0.00578	0.00805	0.00925	0.01032	0.00574	0.00788	0.01028	0.01170	0.01525	0.02774	0.16829	0.03062	0.01467	0.00711	0.00236	0.00454	0.64283	0.00480	0.00471
53	0.00744	0.00558	0.00837	0.00837	0.00930	0.00651	0.00651	0.00930	0.00837	0.01209	0.01395	0.02046	0.01302	0.03906	0.79635	0.00837	0.01395	0.00558	0.00279	0.00465
54	0.01093	0.00940	0.04261	0.05138	0.26436	0.00874	0.03831	0.03331	0.03663	0.07628	0.04682	0.25941	0.08116	0.00936	0.00577	0.00177	0.00478	0.00851	0.00399	0.00649
55	0.01566	0.04303	0.10930	0.04345	0.15360	0.25341	0.03642	0.09224	0.13386	0.05151	0.01166	0.01272	0.00894	0.00552	0.00500	0.00153	0.00700	0.00437	0.00340	0.00741
