[name]
unknown

[dist]
# distance from previous block
# <min> <max>
0	47

[block]
# block no. 0 follows, 43 sequences, length 25
# corresponding to MSA columns:
# 47-71
name=unknown_A
#
# <colnr> <probs for GDERKNQSTAVLIFYWHMCP>
#	G	D	E	R	K	N	Q	S	T	A	V	L	I	F	Y	W	H	M	C	P
0	0.00892	0.00637	0.00892	0.01020	0.01147	0.00637	0.00892	0.01147	0.01275	0.01657	0.02932	0.06247	0.03187	0.01530	0.00765	0.00255	0.00510	0.73354	0.00510	0.00510
1	0.00994	0.18370	0.24822	0.01001	0.01425	0.01118	0.01065	0.01299	0.01139	0.01491	0.02476	0.02629	0.24549	0.04307	0.10743	0.00274	0.00679	0.00661	0.00334	0.00626
2	0.35504	0.01139	0.01184	0.00950	0.01347	0.01201	0.00784	0.19476	0.01567	0.29626	0.01411	0.01355	0.00958	0.00611	0.00470	0.00170	0.00487	0.00439	0.00516	0.00804
3	0.02069	0.02640	0.01569	0.01427	0.01712	0.78313	0.01070	0.02212	0.01569	0.01355	0.00856	0.00999	0.00713	0.00571	0.00499	0.00143	0.00999	0.00357	0.00285	0.00642
4	0.01313	0.01262	0.02122	0.13549	0.60796	0.01336	0.01637	0.01630	0.01206	0.01716	0.01008	0.01372	0.00846	0.00541	0.00655	0.00174	0.07258	0.00493	0.00268	0.00819
5	0.01330	0.49030	0.33419	0.01205	0.01820	0.01822	0.01396	0.01697	0.01143	0.01487	0.00861	0.01003	0.00707	0.00495	0.00425	0.00142	0.00685	0.00342	0.00236	0.00755
6	0.01201	0.21852	0.59469	0.01425	0.02160	0.01507	0.01779	0.01731	0.01159	0.01644	0.00939	0.01101	0.00704	0.00513	0.00485	0.00162	0.00763	0.00382	0.00235	0.00792
7	0.06265	0.01010	0.01301	0.01003	0.01429	0.00925	0.00828	0.09985	0.01658	0.66491	0.02033	0.01783	0.01292	0.00675	0.00547	0.00171	0.00483	0.00539	0.00656	0.00926
8	0.01112	0.06670	0.01275	0.01030	0.01243	0.08419	0.07259	0.01357	0.04287	0.05864	0.02233	0.11264	0.12641	0.05278	0.23607	0.00406	0.02276	0.02818	0.00387	0.00576
9	0.01200	0.01728	0.25455	0.25104	0.25325	0.04777	0.01679	0.01627	0.01214	0.01672	0.04304	0.01443	0.00963	0.00553	0.00545	0.00173	0.00730	0.00483	0.00268	0.00755
10	0.01032	0.00516	0.00516	0.00516	0.00645	0.00516	0.00387	0.01290	0.01161	0.02065	0.01807	0.02065	0.01420	0.00645	0.00387	0.00129	0.00258	0.00516	0.83611	0.00516
11	0.00833	0.00607	0.00734	0.05336	0.00929	0.00606	0.00507	0.04278	0.01110	0.01470	0.12171	0.17358	0.12340	0.37430	0.01640	0.00351	0.00444	0.00983	0.00431	0.00442
12	0.01682	0.01723	0.03739	0.06455	0.16296	0.28116	0.11594	0.02007	0.04514	0.10856	0.01309	0.01701	0.01062	0.00630	0.00563	0.00170	0.00782	0.05706	0.00355	0.00741
13	0.00689	0.00521	0.00640	0.00722	0.00812	0.00472	0.00513	0.00817	0.01159	0.01491	0.07034	0.48893	0.25875	0.01593	0.00693	0.00213	0.00320	0.06561	0.00518	0.00463
14	0.02345	0.00939	0.01258	0.00980	0.01388	0.00832	0.00804	0.02636	0.05705	0.69842	0.05625	0.01999	0.01566	0.00710	0.00562	0.00172	0.00460	0.00581	0.00675	0.00920
15	0.01344	0.01377	0.06297	0.09708	0.42104	0.08384	0.01407	0.01741	0.06285	0.03049	0.01289	0.05840	0.01099	0.00610	0.00540	0.00167	0.00639	0.00548	0.06795	0.00776
16	0.01388	0.01361	0.01662	0.19876	0.23134	0.15468	0.03101	0.01800	0.09260	0.04825	0.01547	0.05422	0.04621	0.00695	0.00566	0.00176	0.00677	0.03352	0.00349	0.00720
17	0.01958	0.00834	0.01162	0.00956	0.01282	0.00776	0.00776	0.02167	0.01369	0.53751	0.01967	0.01976	0.01375	0.01765	0.24771	0.00395	0.00786	0.00568	0.00564	0.00803
18	0.00778	0.00571	0.00738	0.00834	0.00937	0.00544	0.00657	0.00949	0.01179	0.01518	0.03393	0.27849	0.16987	0.06539	0.00856	0.00251	0.00413	0.34032	0.00501	0.00473
19	0.01405	0.04455	0.12403	0.01920	0.26380	0.04442	0.03155	0.09073	0.01386	0.08569	0.04580	0.13099	0.01474	0.00766	0.00627	0.00178	0.04278	0.00659	0.00380	0.00771
20	0.07456	0.01097	0.01378	0.19455	0.11414	0.07029	0.01048	0.06814	0.01403	0.17700	0.08980	0.07629	0.04747	0.00758	0.00559	0.00176	0.00565	0.00639	0.00439	0.00713
21	0.50287	0.07681	0.04484	0.04748	0.01672	0.04885	0.15721	0.01682	0.01075	0.02118	0.00864	0.01060	0.00673	0.00506	0.00430	0.00170	0.00598	0.00386	0.00310	0.00649
22	0.01664	0.56517	0.02487	0.01097	0.01512	0.25888	0.00986	0.01831	0.01264	0.01319	0.00797	0.00923	0.00712	0.00504	0.00400	0.00126	0.00719	0.00315	0.00252	0.00689
23	0.00773	0.00562	0.00752	0.00761	0.00837	0.00591	0.00545	0.00915	0.00998	0.01381	0.11765	0.11546	0.06771	0.22402	0.36239	0.00594	0.00889	0.00841	0.00384	0.00452
24	0.01820	0.11910	0.08574	0.01296	0.01758	0.03236	0.08550	0.26275	0.04995	0.17262	0.01363	0.01396	0.00978	0.00618	0.00588	0.00165	0.04260	0.00487	0.00454	0.04016

[dist]
# distance from previous block
# <min> <max>
0	12

[block]
# block no. 1 follows, 43 sequences, length 38
# corresponding to MSA columns:
# 84-121
name=unknown_B
#
# <colnr> <probs for GDERKNQSTAVLIFYWHMCP>
#	G	D	E	R	K	N	Q	S	T	A	V	L	I	F	Y	W	H	M	C	P
0	0.01300	0.01278	0.02140	0.08543	0.46362	0.01414	0.07204	0.01589	0.01147	0.01654	0.00962	0.01347	0.00825	0.00619	0.00884	0.00188	0.20998	0.00503	0.00264	0.00778
1	0.02485	0.00943	0.01285	0.00985	0.01414	0.00814	0.00814	0.02699	0.01585	0.77465	0.02185	0.01885	0.01371	0.00685	0.00557	0.00171	0.00471	0.00557	0.00685	0.00943
2	0.00996	0.00905	0.01491	0.05775	0.26506	0.00883	0.08481	0.01242	0.01229	0.01667	0.09240	0.24849	0.12373	0.01033	0.00629	0.00189	0.00505	0.00959	0.00406	0.00639
3	0.01406	0.01501	0.01837	0.34558	0.28097	0.20081	0.01479	0.01706	0.01272	0.01534	0.00972	0.01324	0.00779	0.00537	0.00539	0.00168	0.00775	0.00460	0.00265	0.00710
4	0.00743	0.00520	0.00667	0.00759	0.00796	0.00501	0.00517	0.00834	0.01019	0.01352	0.02665	0.47999	0.03128	0.24016	0.01313	0.00318	0.00409	0.11555	0.00463	0.00426
5	0.01163	0.00614	0.00794	0.00780	0.00911	0.00563	0.00546	0.01269	0.01143	0.20620	0.02626	0.40218	0.05320	0.19405	0.01148	0.00281	0.00407	0.01127	0.00517	0.00549
6	0.04078	0.06709	0.27671	0.04575	0.04228	0.03826	0.01219	0.01486	0.06789	0.01650	0.01808	0.27797	0.01845	0.00975	0.00580	0.00190	0.00583	0.02957	0.00369	0.00662
7	0.01325	0.01269	0.02165	0.14169	0.66672	0.01304	0.01677	0.01659	0.01239	0.01753	0.01034	0.01386	0.00858	0.00502	0.00549	0.00167	0.00669	0.00493	0.00270	0.00840
8	0.02342	0.01051	0.01330	0.01025	0.01443	0.00989	0.00845	0.17774	0.01779	0.58723	0.01990	0.01777	0.01284	0.00679	0.00549	0.00168	0.00491	0.00543	0.04292	0.00924
9	0.01495	0.01836	0.09113	0.05023	0.24795	0.24409	0.16639	0.01819	0.01326	0.01614	0.01023	0.01320	0.00831	0.00745	0.05416	0.00210	0.00887	0.00484	0.00275	0.00741
10	0.01371	0.01282	0.01651	0.54983	0.03162	0.09919	0.01389	0.16237	0.01458	0.01823	0.01039	0.01394	0.00776	0.00578	0.00548	0.00176	0.00742	0.00478	0.00312	0.00683
11	0.00892	0.00637	0.00892	0.01020	0.01147	0.00637	0.00892	0.01147	0.01275	0.01657	0.02932	0.06247	0.03187	0.01530	0.00765	0.00255	0.00510	0.73354	0.00510	0.00510
12	0.00800	0.00558	0.00709	0.00709	0.00745	0.00594	0.00467	0.00873	0.00836	0.01152	0.01649	0.03093	0.01783	0.52499	0.30540	0.00667	0.00884	0.00728	0.00321	0.00394
13	0.01148	0.00984	0.01148	0.00820	0.01312	0.00738	0.00656	0.01395	0.01148	0.01805	0.00984	0.01148	0.00820	0.00410	0.00410	0.00082	0.00410	0.00328	0.00328	0.83922
14	0.01570	0.18647	0.05837	0.01119	0.01517	0.01584	0.00976	0.24747	0.27191	0.02384	0.01588	0.04379	0.01254	0.00684	0.00511	0.00164	0.00533	0.00533	0.03953	0.00827
15	0.01375	0.08674	0.07018	0.01155	0.01544	0.05934	0.10526	0.09080	0.01408	0.10261	0.02348	0.02415	0.20415	0.00799	0.00622	0.00166	0.04600	0.01734	0.00413	0.09514
16	0.01254	0.26601	0.46196	0.01335	0.01991	0.01574	0.01579	0.01858	0.09529	0.01679	0.01066	0.01183	0.00815	0.00535	0.00478	0.00159	0.00707	0.00399	0.00272	0.00792
17	0.15861	0.00709	0.00777	0.00712	0.00929	0.00694	0.00548	0.01277	0.01222	0.12625	0.14416	0.03382	0.27307	0.07504	0.09410	0.00285	0.00485	0.00809	0.00485	0.00560
18	0.05548	0.06437	0.09523	0.04919	0.13672	0.03483	0.09507	0.12045	0.15673	0.11533	0.01420	0.01497	0.01046	0.00594	0.00540	0.00171	0.00631	0.00511	0.00415	0.00832
19	0.01526	0.09758	0.27812	0.04584	0.01860	0.01289	0.01307	0.06568	0.12073	0.17598	0.03553	0.01526	0.01133	0.00624	0.00567	0.00169	0.03308	0.00485	0.00410	0.03851
20	0.00908	0.00781	0.01297	0.01326	0.09582	0.00765	0.12722	0.01114	0.01106	0.01492	0.02297	0.26238	0.06915	0.10476	0.11949	0.00342	0.00665	0.09079	0.00399	0.00546
21	0.00890	0.00565	0.00731	0.00760	0.00878	0.00514	0.00551	0.01049	0.01266	0.09307	0.20523	0.42108	0.12844	0.01438	0.00675	0.00204	0.00325	0.04298	0.00554	0.00521
22	0.01610	0.13255	0.07667	0.01949	0.28919	0.05307	0.01281	0.09490	0.01434	0.13794	0.03611	0.01539	0.03344	0.00611	0.00574	0.00163	0.03761	0.00497	0.00376	0.00819
23	0.01359	0.01174	0.07119	0.01376	0.14458	0.05622	0.00969	0.05468	0.09584	0.14204	0.02802	0.08132	0.22376	0.00925	0.00591	0.00180	0.00503	0.01963	0.00472	0.00723
24	0.00970	0.00510	0.00538	0.00561	0.00673	0.00505	0.00409	0.01200	0.01144	0.01951	0.02024	0.15678	0.01811	0.00835	0.00443	0.00146	0.00269	0.00701	0.69129	0.00505
25	0.01389	0.03951	0.20037	0.06488	0.13319	0.07485	0.03395	0.11191	0.03396	0.06793	0.03985	0.13209	0.01430	0.00759	0.00566	0.00177	0.00648	0.00647	0.00380	0.00756
26	0.03920	0.07536	0.21443	0.03709	0.07031	0.03984	0.01303	0.12976	0.04399	0.14154	0.01261	0.01389	0.00934	0.00808	0.04628	0.00211	0.08667	0.00467	0.00381	0.00799
27	0.01273	0.01628	0.18453	0.02361	0.36992	0.05162	0.08533	0.01642	0.01216	0.01728	0.01156	0.04075	0.00988	0.03457	0.00679	0.00184	0.03838	0.00532	0.05331	0.00774
28	0.06104	0.04790	0.01015	0.05747	0.01208	0.00756	0.02816	0.01289	0.03891	0.11138	0.05728	0.35853	0.11936	0.01244	0.00625	0.00199	0.00409	0.04183	0.00493	0.00576
29	0.05217	0.06976	0.04370	0.07524	0.13459	0.13425	0.10733	0.17741	0.01564	0.06787	0.01128	0.01325	0.00867	0.00701	0.03349	0.00192	0.03030	0.00477	0.00360	0.00776
30	0.07568	0.01438	0.05346	0.04923	0.22207	0.06684	0.04312	0.21431	0.01630	0.06541	0.05872	0.01488	0.01140	0.00613	0.00581	0.00167	0.03321	0.00503	0.00397	0.03836
31	0.04247	0.01322	0.01490	0.15564	0.01981	0.04699	0.01052	0.31468	0.16479	0.09628	0.01473	0.01517	0.01065	0.00642	0.00540	0.00169	0.00588	0.00507	0.00482	0.05086
32	0.04349	0.01927	0.24751	0.01282	0.01820	0.09631	0.01269	0.25231	0.04900	0.07068	0.01206	0.01274	0.00876	0.00579	0.00515	0.00157	0.00667	0.00436	0.00400	0.11661
33	0.01726	0.04182	0.06386	0.06157	0.05738	0.24269	0.07216	0.10933	0.05715	0.09721	0.01159	0.01316	0.00887	0.00640	0.00711	0.00173	0.11490	0.00468	0.00362	0.00750
34	0.08513	0.09867	0.01283	0.00887	0.01238	0.01080	0.00733	0.16032	0.01540	0.22528	0.02276	0.03564	0.14752	0.03184	0.00586	0.00172	0.00457	0.00616	0.05703	0.04990
35	0.19832	0.03960	0.04769	0.07136	0.01764	0.06593	0.07842	0.10895	0.16833	0.10581	0.01364	0.01428	0.01004	0.00616	0.00546	0.00175	0.02989	0.00481	0.00424	0.00767
36	0.06389	0.02784	0.07650	0.01250	0.04846	0.16291	0.01018	0.07176	0.07484	0.14828	0.01275	0.01363	0.00961	0.00713	0.02953	0.00178	0.07077	0.00442	0.00398	0.14923
37	0.06468	0.05910	0.12505	0.04662	0.06522	0.08561	0.06669	0.17201	0.04743	0.07554	0.01360	0.01478	0.03638	0.00718	0.03176	0.00186	0.00682	0.00485	0.00385	0.07096

[dist]
# distance from previous block
# <min> <max>
19	406

[block]
# block no. 2 follows, 43 sequences, length 83
# corresponding to MSA columns:
# 566-648
name=unknown_C
#
# <colnr> <probs for GDERKNQSTAVLIFYWHMCP>
#	G	D	E	R	K	N	Q	S	T	A	V	L	I	F	Y	W	H	M	C	P
0	0.01345	0.01269	0.06874	0.01284	0.05517	0.01317	0.01019	0.07467	0.33051	0.04228	0.03066	0.01831	0.01362	0.06346	0.00945	0.00211	0.15397	0.00565	0.00435	0.06472
1	0.03277	0.01456	0.15127	0.12596	0.13091	0.04676	0.01267	0.04722	0.01370	0.25572	0.01375	0.01458	0.00964	0.00569	0.00526	0.00161	0.00621	0.00469	0.00411	0.10291
2	0.03736	0.05518	0.29719	0.01482	0.09219	0.01276	0.01394	0.12299	0.06437	0.21384	0.01417	0.01434	0.00987	0.00595	0.00530	0.00170	0.00639	0.00474	0.00423	0.00867
3	0.01271	0.01241	0.02237	0.02219	0.25273	0.01219	0.28129	0.06918	0.01322	0.01837	0.01402	0.14165	0.01311	0.00711	0.00653	0.00181	0.03638	0.00718	0.00337	0.05218
4	0.01519	0.28304	0.21286	0.01166	0.01648	0.14972	0.01182	0.01823	0.01321	0.10211	0.10308	0.01491	0.01337	0.00609	0.00484	0.00150	0.00667	0.00452	0.00341	0.00730
5	0.01491	0.18088	0.09501	0.19759	0.08051	0.03738	0.04691	0.12542	0.01418	0.09368	0.01229	0.05549	0.00994	0.00619	0.00521	0.00165	0.00658	0.00512	0.00352	0.00755
6	0.12308	0.01001	0.13166	0.00893	0.01118	0.02019	0.00795	0.01166	0.01099	0.01716	0.02201	0.39793	0.02392	0.01198	0.00588	0.00198	0.00434	0.06299	0.11071	0.00546
7	0.00928	0.00527	0.00551	0.00568	0.00699	0.00507	0.00426	0.01151	0.01176	0.01889	0.02653	0.09344	0.15435	0.00913	0.00479	0.00153	0.00278	0.03909	0.57913	0.00502
8	0.02754	0.01783	0.32285	0.14525	0.11783	0.01212	0.03808	0.01770	0.12554	0.01771	0.01399	0.09407	0.01183	0.00682	0.00558	0.00183	0.00673	0.00590	0.00323	0.00757
9	0.01235	0.01131	0.01948	0.28483	0.35034	0.01195	0.08090	0.01574	0.01237	0.04548	0.03997	0.01825	0.04125	0.00606	0.00574	0.00177	0.00669	0.02501	0.00309	0.00741
10	0.00687	0.00562	0.00606	0.00595	0.00768	0.00481	0.00446	0.00858	0.01339	0.01679	0.23534	0.05030	0.58820	0.01335	0.00654	0.00184	0.00276	0.01127	0.00538	0.00481
11	0.00683	0.00493	0.00647	0.00755	0.00803	0.00457	0.00510	0.00795	0.01111	0.01484	0.09192	0.70479	0.07201	0.01670	0.00700	0.00219	0.00315	0.01509	0.00522	0.00457
12	0.01510	0.01454	0.04839	0.22491	0.20507	0.11728	0.04156	0.08151	0.10555	0.07306	0.01258	0.01464	0.00950	0.00580	0.00549	0.00172	0.00698	0.00499	0.00356	0.00779
13	0.01650	0.01317	0.09958	0.01120	0.01515	0.01218	0.00983	0.13756	0.32759	0.18225	0.01897	0.01815	0.01366	0.00796	0.02942	0.00197	0.00534	0.00558	0.06537	0.00856
14	0.01606	0.01701	0.01936	0.04856	0.43876	0.24070	0.01423	0.05749	0.06179	0.01783	0.01077	0.01306	0.00880	0.00543	0.00535	0.00160	0.00744	0.00462	0.00310	0.00803
15	0.01752	0.08521	0.01428	0.01147	0.01426	0.43813	0.00890	0.08537	0.04317	0.01746	0.01168	0.01311	0.00937	0.00595	0.00468	0.00141	0.00734	0.00412	0.20001	0.00654
16	0.00794	0.00583	0.00840	0.00840	0.00921	0.00665	0.00630	0.00957	0.00875	0.01248	0.01529	0.02430	0.01495	0.17561	0.65085	0.00828	0.01317	0.00631	0.00304	0.00467
17	0.00822	0.00638	0.00948	0.00931	0.01023	0.00765	0.00730	0.01014	0.00887	0.01289	0.01429	0.02106	0.01337	0.03924	0.72817	0.00843	0.07117	0.00586	0.00293	0.00503
18	0.01309	0.21891	0.39293	0.04479	0.05190	0.01527	0.08522	0.04383	0.03247	0.03744	0.01029	0.01199	0.00778	0.00523	0.00500	0.00162	0.00737	0.00424	0.00273	0.00789
19	0.01003	0.00778	0.00862	0.00797	0.01019	0.00785	0.00611	0.01629	0.24891	0.05495	0.24170	0.03812	0.29800	0.01089	0.00621	0.00183	0.00334	0.00923	0.00564	0.00634
20	0.00675	0.00482	0.00643	0.00771	0.00803	0.00450	0.00514	0.00771	0.01060	0.01414	0.03053	0.80175	0.03663	0.01735	0.00707	0.00225	0.00321	0.01574	0.00514	0.00450
21	0.70687	0.01157	0.01043	0.00894	0.01240	0.04817	0.06699	0.01635	0.01006	0.02334	0.00889	0.03919	0.00739	0.00559	0.00389	0.00173	0.00492	0.00379	0.00341	0.00608
22	0.00732	0.00562	0.00670	0.00648	0.00797	0.00500	0.00484	0.00943	0.01438	0.01925	0.47878	0.06886	0.32028	0.01252	0.00655	0.00181	0.00270	0.01082	0.00571	0.00500
23	0.01531	0.06952	0.05345	0.01031	0.01522	0.01130	0.02728	0.19387	0.01544	0.09279	0.01169	0.01252	0.00888	0.00509	0.00467	0.00121	0.00511	0.00401	0.00404	0.43828
24	0.01321	0.01282	0.02044	0.24939	0.42123	0.04262	0.04993	0.04584	0.01260	0.01716	0.01015	0.01382	0.00823	0.00548	0.00628	0.00175	0.05360	0.00495	0.00276	0.00773
25	0.07680	0.27269	0.04754	0.01199	0.01571	0.37804	0.01014	0.02052	0.09010	0.01533	0.00971	0.01072	0.00804	0.00553	0.00450	0.00143	0.00764	0.00363	0.00301	0.00692
26	0.02217	0.08281	0.01541	0.01071	0.01500	0.01250	0.00898	0.28376	0.01894	0.42096	0.01743	0.01604	0.01161	0.00658	0.00533	0.00164	0.00525	0.00512	0.03070	0.00909
27	0.01938	0.11906	0.01747	0.01264	0.01649	0.25461	0.01026	0.35623	0.09892	0.02427	0.01210	0.01249	0.00921	0.00621	0.00513	0.00155	0.00710	0.00443	0.00432	0.00813
28	0.01309	0.43388	0.13034	0.01012	0.01453	0.01611	0.01018	0.01706	0.08818	0.03948	0.10338	0.01832	0.04988	0.00669	0.00469	0.00149	0.00549	0.02649	0.00349	0.00711
29	0.01289	0.22717	0.48673	0.01325	0.01989	0.01444	0.01591	0.01760	0.01210	0.07193	0.05096	0.01309	0.00996	0.00557	0.00491	0.00160	0.00705	0.00423	0.00288	0.00784
30	0.01599	0.17748	0.03881	0.01143	0.05318	0.01318	0.00918	0.02322	0.28665	0.20274	0.09431	0.01925	0.01698	0.00696	0.00526	0.00166	0.00483	0.00565	0.00505	0.00820
31	0.00655	0.00559	0.00563	0.00567	0.00750	0.00467	0.00423	0.00794	0.01257	0.01494	0.05539	0.07436	0.74797	0.01412	0.00656	0.00188	0.00282	0.01180	0.00514	0.00467
32	0.01293	0.01237	0.02107	0.21552	0.59536	0.01295	0.01661	0.01632	0.01224	0.01715	0.01028	0.01396	0.00844	0.00508	0.00550	0.00169	0.00677	0.00493	0.00267	0.00815
33	0.09558	0.01247	0.01832	0.18146	0.38731	0.02550	0.01405	0.10267	0.02510	0.06873	0.01126	0.01379	0.00871	0.00545	0.00530	0.00170	0.00637	0.00479	0.00339	0.00805
34	0.02440	0.01015	0.01330	0.01020	0.01450	0.00922	0.00842	0.11336	0.01706	0.68657	0.02083	0.01819	0.01320	0.00683	0.00557	0.00171	0.00488	0.00550	0.00670	0.00942
35	0.00791	0.00593	0.00890	0.00890	0.00989	0.00692	0.00692	0.00989	0.00890	0.01286	0.01483	0.02176	0.01385	0.04154	0.78341	0.00890	0.01483	0.00593	0.00297	0.00494
36	0.01334	0.01278	0.02181	0.12030	0.68740	0.01306	0.01681	0.01667	0.01244	0.01764	0.01035	0.01383	0.00861	0.00500	0.00549	0.00167	0.00667	0.00493	0.00271	0.00847
37	0.01347	0.01292	0.02205	0.08974	0.71694	0.01310	0.01688	0.01679	0.01250	0.01780	0.01038	0.01379	0.00867	0.00498	0.00549	0.00166	0.00664	0.00493	0.00272	0.00858
38	0.00675	0.00482	0.00643	0.00771	0.00803	0.00450	0.00514	0.00771	0.01060	0.01414	0.03053	0.80175	0.03663	0.01735	0.00707	0.00225	0.00321	0.01574	0.00514	0.00450
39	0.02485	0.00943	0.01285	0.00985	0.01414	0.00814	0.00814	0.02699	0.01585	0.77465	0.02185	0.01885	0.01371	0.00685	0.00557	0.00171	0.00471	0.00557	0.00685	0.00943
40	0.00890	0.00740	0.01139	0.01584	0.24393	0.00718	0.00881	0.01058	0.01122	0.01536	0.02431	0.55804	0.02802	0.01351	0.00658	0.00206	0.00425	0.01240	0.00440	0.00582
41	0.01015	0.00934	0.01607	0.01888	0.26157	0.00899	0.13227	0.01258	0.01188	0.01618	0.02229	0.33720	0.06815	0.01090	0.00645	0.00198	0.00538	0.03937	0.00397	0.00643
42	0.00731	0.00527	0.00722	0.00790	0.00840	0.00544	0.00551	0.00850	0.00969	0.01326	0.02347	0.43603	0.02672	0.12898	0.27387	0.00492	0.00745	0.01140	0.00417	0.00450
43	0.01212	0.01212	0.01696	0.01454	0.01454	0.01696	0.01212	0.01333	0.00848	0.01333	0.00727	0.01212	0.00727	0.00969	0.01818	0.00242	0.79523	0.00485	0.00242	0.00606
44	0.01148	0.00984	0.01148	0.00820	0.01312	0.00738	0.00656	0.01395	0.01148	0.01805	0.00984	0.01148	0.00820	0.00410	0.00410	0.00082	0.00410	0.00328	0.00328	0.83922
45	0.01481	0.80869	0.02902	0.00948	0.01421	0.02191	0.00948	0.01658	0.01125	0.01303	0.00770	0.00888	0.00711	0.00474	0.00355	0.00118	0.00592	0.00296	0.00237	0.00711
46	0.01371	0.01316	0.02248	0.03399	0.77081	0.01316	0.01700	0.01700	0.01261	0.01809	0.01042	0.01371	0.00877	0.00493	0.00548	0.00164	0.00658	0.00493	0.00274	0.00877
47	0.01937	0.02370	0.01436	0.01311	0.01577	0.68449	0.00984	0.02095	0.01518	0.01445	0.00977	0.01134	0.00803	0.00580	0.00485	0.00141	0.00905	0.00377	0.10850	0.00626
48	0.01336	0.01217	0.01869	0.09732	0.45374	0.01189	0.01371	0.06903	0.01315	0.01892	0.01042	0.01321	0.00854	0.00490	0.00514	0.00145	0.00599	0.00451	0.00305	0.22077
49	0.02023	0.07121	0.19714	0.01172	0.01700	0.01173	0.01157	0.14416	0.01622	0.41765	0.01659	0.01552	0.01094	0.00629	0.00535	0.00168	0.00586	0.00494	0.00524	0.00896
50	0.01282	0.01161	0.01705	0.07522	0.29405	0.01096	0.03508	0.05486	0.01259	0.01850	0.01019	0.01277	0.00839	0.00488	0.00539	0.00134	0.03513	0.00426	0.00310	0.37183
51	0.26950	0.01037	0.01246	0.08261	0.10050	0.01194	0.00934	0.10725	0.01208	0.02034	0.01316	0.14323	0.01267	0.01055	0.06283	0.00241	0.10245	0.00619	0.00366	0.00644
52	0.02411	0.00983	0.01301	0.01006	0.01429	0.00885	0.00828	0.06091	0.05395	0.70223	0.02149	0.01868	0.01367	0.00688	0.00557	0.00172	0.00476	0.00558	0.00673	0.00939
53	0.08836	0.02391	0.52683	0.01430	0.02116	0.01385	0.01680	0.19220	0.01490	0.02233	0.01054	0.01183	0.00750	0.00558	0.00516	0.00173	0.00734	0.00421	0.00320	0.00828
54	0.01170	0.15380	0.65671	0.01477	0.02241	0.01431	0.01870	0.01739	0.01162	0.01682	0.00958	0.01124	0.00703	0.00518	0.00499	0.00166	0.00782	0.00391	0.00234	0.00801
55	0.02485	0.00943	0.01285	0.00985	0.01414	0.00814	0.00814	0.02699	0.01585	0.77465	0.02185	0.01885	0.01371	0.00685	0.00557	0.00171	0.00471	0.00557	0.00685	0.00943
56	0.00805	0.00537	0.00604	0.00604	0.00604	0.00537	0.00336	0.00805	0.00805	0.01074	0.01745	0.03624	0.02013	0.80536	0.02819	0.00537	0.00537	0.00805	0.00336	0.00336
57	0.01484	0.01530	0.02138	0.03080	0.64868	0.13793	0.01598	0.01783	0.01311	0.01736	0.01012	0.01310	0.00851	0.00506	0.00540	0.00161	0.00713	0.00471	0.00276	0.00839
58	0.01342	0.01287	0.02197	0.10016	0.70687	0.01308	0.01686	0.01675	0.01248	0.01775	0.01037	0.01380	0.00865	0.00499	0.00549	0.00166	0.00665	0.00493	0.00272	0.00854
59	0.00736	0.00564	0.00674	0.00647	0.00798	0.00502	0.00485	0.00953	0.01456	0.01955	0.50635	0.04575	0.31547	0.01232	0.00654	0.00179	0.00268	0.01063	0.00575	0.00502
60	0.02162	0.01460	0.01606	0.01231	0.01672	0.01583	0.01017	0.64401	0.02452	0.14539	0.01457	0.01413	0.01006	0.00668	0.00554	0.00167	0.00589	0.00507	0.00574	0.00942
61	0.01179	0.08348	0.07164	0.07789	0.29000	0.01201	0.01231	0.01679	0.13605	0.01736	0.01950	0.10022	0.09420	0.00791	0.00565	0.00177	0.00555	0.02475	0.00370	0.00742
62	0.02083	0.00854	0.01157	0.00917	0.01275	0.00745	0.00745	0.02308	0.01581	0.59689	0.19810	0.02417	0.02282	0.00791	0.00580	0.00172	0.00422	0.00662	0.00668	0.00843
63	0.01076	0.00748	0.00824	0.00744	0.00836	0.00783	0.00485	0.16295	0.01180	0.01577	0.01659	0.03147	0.01790	0.63914	0.02348	0.00460	0.00552	0.00742	0.00381	0.00462
64	0.04538	0.01437	0.02924	0.02118	0.02620	0.01404	0.61284	0.04382	0.01317	0.04882	0.01129	0.01461	0.00848	0.00521	0.00718	0.00189	0.06558	0.00619	0.00306	0.00746
65	0.01323	0.01008	0.01138	0.01001	0.01172	0.03847	0.00800	0.07060	0.16219	0.05033	0.01548	0.01733	0.01223	0.00756	0.00837	0.00177	0.22080	0.00524	0.31855	0.00665
66	0.00675	0.00482	0.00643	0.00771	0.00803	0.00450	0.00514	0.00771	0.01060	0.01414	0.03053	0.80175	0.03663	0.01735	0.00707	0.00225	0.00321	0.01574	0.00514	0.00450
67	0.01236	0.00956	0.01011	0.00912	0.01160	0.03115	0.00701	0.17457	0.15844	0.05604	0.03215	0.19133	0.25142	0.01131	0.00617	0.00189	0.00420	0.00953	0.00534	0.00672
68	0.01778	0.41636	0.02242	0.01176	0.01567	0.34761	0.01008	0.07207	0.01422	0.01483	0.00847	0.00968	0.00729	0.00529	0.00431	0.00132	0.00768	0.00337	0.00281	0.00698
69	0.01458	0.01147	0.01557	0.01694	0.24800	0.01052	0.01045	0.08704	0.05393	0.09810	0.01227	0.01360	0.00953	0.00507	0.00490	0.00130	0.00513	0.00435	0.00382	0.37341
70	0.07250	0.09384	0.44380	0.03790	0.09784	0.04967	0.09462	0.01745	0.01190	0.01746	0.00969	0.01179	0.00729	0.00514	0.00513	0.00169	0.00772	0.00425	0.00254	0.00778
71	0.07478	0.01389	0.07549	0.04834	0.46089	0.01299	0.04444	0.06851	0.04833	0.08156	0.01190	0.01402	0.00921	0.00537	0.00538	0.00169	0.00638	0.00491	0.00342	0.00850
72	0.01046	0.00984	0.01661	0.79205	0.03814	0.01230	0.01538	0.01415	0.01107	0.01415	0.00984	0.01477	0.00738	0.00554	0.00554	0.00185	0.00738	0.00492	0.00246	0.00615
73	0.01218	0.01457	0.14264	0.12681	0.11495	0.05792	0.06504	0.06801	0.01206	0.01656	0.01136	0.03715	0.00974	0.01320	0.15455	0.00320	0.12496	0.00531	0.00291	0.00687
74	0.01153	0.01771	0.31188	0.10848	0.02039	0.06730	0.04819	0.01556	0.01239	0.04735	0.12340	0.01957	0.05534	0.00916	0.05242	0.00222	0.06114	0.00576	0.00334	0.00687
75	0.00841	0.06388	0.01035	0.00894	0.01020	0.00801	0.00711	0.01037	0.00907	0.01287	0.01432	0.02083	0.01336	0.03888	0.72712	0.00834	0.01419	0.00572	0.00292	0.00510
76	0.01526	0.75144	0.02813	0.00971	0.01443	0.02157	0.00955	0.06970	0.01232	0.01461	0.00810	0.00920	0.00727	0.00488	0.00370	0.00122	0.00594	0.00311	0.00260	0.00727
77	0.01454	0.01517	0.03809	0.08309	0.01798	0.24888	0.10219	0.01843	0.10278	0.07058	0.01721	0.18632	0.01626	0.00873	0.00591	0.00182	0.00692	0.03449	0.00400	0.00661
78	0.10857	0.01470	0.03507	0.01095	0.01309	0.24918	0.00865	0.06841	0.01281	0.01676	0.07282	0.01793	0.01351	0.09651	0.15866	0.00346	0.08445	0.00519	0.00339	0.00591
79	0.52803	0.06844	0.01086	0.00832	0.01171	0.01291	0.00687	0.14532	0.01279	0.02441	0.01352	0.06214	0.06219	0.00676	0.00426	0.00171	0.00455	0.00475	0.00395	0.00650
80	0.02730	0.14193	0.41979	0.01338	0.01971	0.06964	0.01512	0.08413	0.03438	0.04533	0.01054	0.01174	0.00785	0.00537	0.00491	0.00156	0.00717	0.00400	0.00301	0.07314
81	0.01289	0.18417	0.25521	0.03681	0.01956	0.05560	0.09716	0.01865	0.12378	0.01712	0.01262	0.01596	0.01032	0.00599	0.00516	0.00163	0.00686	0.04974	0.00316	0.06761
82	0.17649	0.17677	0.10541	0.03534	0.01632	0.03854	0.06344	0.01823	0.01205	0.16173	0.03411	0.01315	0.00968	0.00584	0.00558	0.00161	0.06133	0.00430	0.00364	0.05642

[dist]
# distance from previous block
# <min> <max>
6	19

[block]
# block no. 3 follows, 43 sequences, length 22
# corresponding to MSA columns:
# 668-689
name=unknown_D
#
# <colnr> <probs for GDERKNQSTAVLIFYWHMCP>
#	G	D	E	R	K	N	Q	S	T	A	V	L	I	F	Y	W	H	M	C	P
0	0.03759	0.36340	0.09471	0.03724	0.01811	0.05048	0.12525	0.01813	0.09250	0.01618	0.01037	0.01186	0.00844	0.00509	0.00458	0.00143	0.00649	0.00410	0.00293	0.09111
1	0.12012	0.30859	0.19990	0.01121	0.01624	0.01597	0.03104	0.09598	0.04605	0.01901	0.04299	0.01416	0.04560	0.00595	0.00459	0.00154	0.00601	0.00440	0.00328	0.00736
2	0.14958	0.00727	0.00791	0.00760	0.00904	0.00778	0.00550	0.02826	0.07819	0.02777	0.06830	0.06509	0.07110	0.28660	0.12779	0.00410	0.00603	0.03296	0.00406	0.00507
3	0.00856	0.00586	0.00735	0.00769	0.00878	0.00556	0.00584	0.01013	0.01190	0.04540	0.13471	0.12776	0.15556	0.20533	0.01213	0.00294	0.00422	0.23067	0.00490	0.00473
4	0.01392	0.01193	0.01325	0.09550	0.01715	0.01385	0.00960	0.07794	0.62906	0.02301	0.02053	0.01952	0.01536	0.00724	0.00562	0.00186	0.00483	0.00603	0.00529	0.00853
5	0.01386	0.01041	0.01218	0.00886	0.01366	0.00851	0.00715	0.09482	0.01349	0.09602	0.01142	0.01242	0.00889	0.00465	0.00440	0.00100	0.00438	0.00370	0.00388	0.66629
6	0.01143	0.09755	0.71063	0.01523	0.02311	0.01366	0.01949	0.01745	0.01165	0.01714	0.00974	0.01144	0.00702	0.00522	0.00511	0.00170	0.00799	0.00399	0.00234	0.00809
7	0.01376	0.45701	0.15264	0.01233	0.01745	0.01717	0.11768	0.01683	0.01218	0.04885	0.07635	0.01354	0.01156	0.00549	0.00462	0.00145	0.00645	0.00440	0.00295	0.00728
8	0.00696	0.00498	0.00629	0.00724	0.00763	0.00467	0.00475	0.00779	0.01032	0.01361	0.03036	0.60312	0.09536	0.15664	0.01077	0.00277	0.00356	0.01404	0.00483	0.00431
9	0.00805	0.00537	0.00604	0.00604	0.00604	0.00537	0.00336	0.00805	0.00805	0.01074	0.01745	0.03624	0.02013	0.80536	0.02819	0.00537	0.00537	0.00805	0.00336	0.00336
10	0.01101	0.01570	0.22836	0.44756	0.03168	0.01295	0.08919	0.01538	0.01126	0.01538	0.00983	0.01375	0.00737	0.00566	0.00644	0.00186	0.06245	0.00485	0.00246	0.00684
11	0.02003	0.01405	0.01294	0.01106	0.01431	0.23555	0.00881	0.06288	0.01603	0.35435	0.09335	0.02280	0.01733	0.00785	0.00571	0.00172	0.00617	0.08206	0.00535	0.00767
12	0.00776	0.00530	0.00625	0.00644	0.00668	0.00518	0.00391	0.00825	0.00944	0.01269	0.10155	0.17929	0.04238	0.55687	0.02148	0.00433	0.00462	0.00977	0.00402	0.00380
13	0.00805	0.00537	0.00604	0.00604	0.00604	0.00537	0.00336	0.00805	0.00805	0.01074	0.01745	0.03624	0.02013	0.80536	0.02819	0.00537	0.00537	0.00805	0.00336	0.00336
14	0.75572	0.01240	0.00895	0.00804	0.01140	0.09546	0.00650	0.01691	0.01010	0.02363	0.00780	0.00910	0.00612	0.00520	0.00360	0.00168	0.00490	0.00306	0.00337	0.00604
15	0.09682	0.00811	0.01221	0.01049	0.01276	0.00782	0.16068	0.01144	0.01146	0.01606	0.02852	0.10476	0.21905	0.14470	0.01008	0.00259	0.00517	0.12791	0.00417	0.00523
16	0.01665	0.01767	0.01486	0.01304	0.01555	0.32838	0.01035	0.12487	0.06743	0.01790	0.01224	0.01728	0.01086	0.00767	0.00799	0.00177	0.16621	0.08108	0.00362	0.06458
17	0.01093	0.00840	0.01052	0.00919	0.01141	0.00820	0.04085	0.12672	0.03751	0.01906	0.11899	0.09153	0.05286	0.19230	0.01116	0.00260	0.00478	0.11139	0.00455	0.12705
18	0.15730	0.01302	0.01325	0.13178	0.01767	0.14622	0.00950	0.05442	0.01365	0.24437	0.01467	0.01530	0.03922	0.00649	0.00592	0.00169	0.05927	0.00474	0.00429	0.04721
19	0.07032	0.17237	0.06027	0.04809	0.01593	0.06946	0.00998	0.04342	0.19311	0.07072	0.01292	0.01371	0.01008	0.00624	0.00617	0.00161	0.09019	0.00444	0.00378	0.09718
20	0.04046	0.01145	0.01236	0.09693	0.01542	0.14814	0.06978	0.01559	0.01265	0.06968	0.05894	0.04174	0.04992	0.03582	0.00631	0.00170	0.03058	0.00576	0.20486	0.07191
21	0.10846	0.06912	0.01462	0.08877	0.01655	0.19806	0.03607	0.05988	0.03263	0.10168	0.08782	0.01641	0.01346	0.01033	0.08949	0.00243	0.03866	0.00503	0.00383	0.00670

[dist]
# distance from previous block
# <min> <max>
11	49

[block]
# block no. 4 follows, 43 sequences, length 16
# corresponding to MSA columns:
# 741-756
name=unknown_E
#
# <colnr> <probs for GDERKNQSTAVLIFYWHMCP>
#	G	D	E	R	K	N	Q	S	T	A	V	L	I	F	Y	W	H	M	C	P
0	0.08292	0.01603	0.04271	0.01208	0.01542	0.26581	0.07252	0.04436	0.01347	0.06052	0.01463	0.10785	0.04565	0.00733	0.00579	0.00159	0.04005	0.00579	0.00363	0.14185
1	0.05101	0.01507	0.06408	0.01113	0.01436	0.18991	0.00912	0.13936	0.10529	0.07655	0.04714	0.06013	0.01319	0.00853	0.00728	0.10232	0.00613	0.00540	0.00418	0.06984
2	0.22144	0.01389	0.02106	0.04713	0.02124	0.07416	0.34336	0.04020	0.04095	0.08229	0.01140	0.01344	0.00844	0.00523	0.00538	0.00174	0.00723	0.00512	0.00348	0.03280
3	0.23769	0.01162	0.01472	0.29790	0.11345	0.06320	0.04395	0.01546	0.01131	0.01802	0.01138	0.01420	0.04142	0.00558	0.00489	0.00167	0.00621	0.00454	0.00299	0.07977
4	0.12283	0.01141	0.01187	0.22776	0.01897	0.11803	0.00930	0.04764	0.08989	0.02971	0.01736	0.10443	0.06661	0.09183	0.00781	0.00218	0.00593	0.00661	0.00376	0.00606
5	0.04306	0.00854	0.01061	0.00958	0.01167	0.00930	0.00768	0.06420	0.10520	0.09039	0.10520	0.02769	0.08844	0.01755	0.20045	0.00364	0.08186	0.07060	0.00456	0.03978
6	0.18118	0.01286	0.01288	0.01059	0.01415	0.05716	0.00854	0.26154	0.11880	0.02480	0.01259	0.01371	0.00977	0.00929	0.07533	0.00224	0.03577	0.00451	0.00430	0.12998
7	0.00770	0.00566	0.00685	0.00696	0.00789	0.00524	0.00467	0.00871	0.01036	0.01395	0.07620	0.29176	0.12317	0.27225	0.05792	0.00343	0.00456	0.01069	0.00434	0.07770
8	0.01200	0.00743	0.00900	0.00828	0.01043	0.00712	0.00638	0.08857	0.04253	0.15614	0.13404	0.20044	0.20869	0.01323	0.03756	0.00220	0.00419	0.03998	0.00555	0.00624
9	0.01308	0.01366	0.02763	0.02022	0.02501	0.01314	0.57563	0.08126	0.01378	0.01865	0.01288	0.01880	0.01062	0.04328	0.04234	0.00236	0.00887	0.04837	0.00321	0.00721
10	0.00767	0.00538	0.00647	0.00652	0.00744	0.00501	0.00452	0.00823	0.01074	0.01386	0.12366	0.09880	0.29471	0.16420	0.05790	0.16270	0.00436	0.00948	0.00428	0.00407
11	0.01003	0.00651	0.00796	0.00784	0.00911	0.00628	0.00562	0.07583	0.01284	0.08221	0.11848	0.32417	0.09953	0.16478	0.01074	0.00266	0.00398	0.04107	0.00510	0.00527
12	0.01041	0.00908	0.01062	0.00817	0.01196	0.00761	0.00651	0.01252	0.01148	0.01693	0.02019	0.02110	0.18195	0.00686	0.00590	0.00120	0.07345	0.00534	0.00363	0.57509
13	0.00791	0.00557	0.00697	0.00758	0.00820	0.00542	0.00546	0.00906	0.01061	0.01396	0.06312	0.20448	0.08175	0.32246	0.01538	0.00349	0.00453	0.21529	0.00448	0.00427
14	0.00930	0.00562	0.00732	0.00763	0.00867	0.00515	0.00535	0.01062	0.01198	0.11206	0.14204	0.48848	0.07712	0.07129	0.00828	0.00231	0.00344	0.01279	0.00538	0.00517
15	0.09483	0.00627	0.00726	0.00730	0.00884	0.00595	0.00541	0.01103	0.01222	0.08365	0.15337	0.26799	0.20115	0.05833	0.00759	0.00217	0.00350	0.05274	0.00517	0.00522

[dist]
# distance from previous block
# <min> <max>
0	3

[block]
# block no. 5 follows, 43 sequences, length 13
# corresponding to MSA columns:
# 760-772
name=unknown_F
#
# <colnr> <probs for GDERKNQSTAVLIFYWHMCP>
#	G	D	E	R	K	N	Q	S	T	A	V	L	I	F	Y	W	H	M	C	P
0	0.00788	0.00560	0.00758	0.00875	0.00950	0.00546	0.00678	0.00952	0.01141	0.01501	0.02888	0.38939	0.03303	0.08112	0.00908	0.00265	0.00428	0.35443	0.00497	0.00469
1	0.00753	0.00541	0.00638	0.00674	0.00740	0.00512	0.00454	0.00841	0.01044	0.01357	0.07392	0.20661	0.18332	0.35144	0.01597	0.00350	0.00418	0.07696	0.00443	0.00415
2	0.00771	0.00578	0.00682	0.00707	0.00802	0.00554	0.00486	0.00996	0.06728	0.01575	0.16930	0.29234	0.17925	0.18154	0.01123	0.00271	0.00356	0.01154	0.00498	0.00474
3	0.00734	0.00547	0.00646	0.00687	0.00784	0.00505	0.00489	0.00857	0.01142	0.01466	0.10102	0.22044	0.27983	0.19312	0.01168	0.00282	0.00374	0.09955	0.00482	0.00444
4	0.07437	0.00709	0.00891	0.00861	0.01051	0.00685	0.00692	0.01441	0.01253	0.18724	0.08572	0.04140	0.06136	0.16514	0.01070	0.00275	0.00469	0.27992	0.00512	0.00579
5	0.00724	0.00527	0.00604	0.00644	0.00704	0.00491	0.00414	0.00792	0.01007	0.01293	0.03193	0.27642	0.22760	0.34888	0.01584	0.00346	0.00401	0.01140	0.00439	0.00406
6	0.00727	0.00527	0.00694	0.00794	0.00867	0.00495	0.00580	0.00875	0.01173	0.01555	0.11330	0.51960	0.09439	0.01604	0.00708	0.00222	0.00347	0.15111	0.00524	0.00471
7	0.28227	0.01115	0.01106	0.00924	0.01264	0.01201	0.00741	0.21890	0.09036	0.02456	0.01514	0.01845	0.04796	0.07527	0.00678	0.00196	0.00483	0.03585	0.00436	0.10979
8	0.05352	0.02032	0.01536	0.01449	0.07224	0.44172	0.01046	0.19748	0.01749	0.01993	0.04266	0.04634	0.01092	0.00659	0.00525	0.00156	0.00795	0.00478	0.00376	0.00717
9	0.00813	0.00628	0.00801	0.00813	0.00848	0.00686	0.00571	0.00894	0.00957	0.01294	0.02384	0.29082	0.08541	0.29256	0.05013	0.00364	0.12306	0.03910	0.00401	0.00439
10	0.00782	0.00542	0.00652	0.00691	0.00729	0.00529	0.00454	0.00853	0.00973	0.01289	0.05823	0.18754	0.06572	0.47523	0.01938	0.00406	0.00466	0.10214	0.00414	0.00395
11	0.08540	0.07622	0.16207	0.01140	0.01638	0.10814	0.01075	0.14945	0.05119	0.02088	0.01060	0.01171	0.00822	0.00529	0.00467	0.00138	0.00614	0.00388	0.00351	0.25270
12	0.08504	0.01279	0.01933	0.17660	0.02317	0.01399	0.20846	0.21710	0.06111	0.02199	0.01207	0.01543	0.00943	0.05331	0.00757	0.00203	0.04402	0.00547	0.00372	0.00737

[dist]
# distance from previous block
# <min> <max>
0	4

[block]
# block no. 6 follows, 43 sequences, length 30
# corresponding to MSA columns:
# 777-806
name=unknown_G
#
# <colnr> <probs for GDERKNQSTAVLIFYWHMCP>
#	G	D	E	R	K	N	Q	S	T	A	V	L	I	F	Y	W	H	M	C	P
0	0.01302	0.10499	0.10332	0.04605	0.01623	0.04031	0.00961	0.06335	0.11243	0.01881	0.01147	0.01264	0.00910	0.00505	0.00457	0.00123	0.00532	0.00393	0.00347	0.41510
1	0.01412	0.01174	0.01638	0.06335	0.27216	0.01193	0.01164	0.09365	0.10986	0.06409	0.04450	0.01551	0.01172	0.00593	0.00595	0.00156	0.04821	0.00500	0.00387	0.18885
2	0.01812	0.01071	0.05470	0.01036	0.01487	0.00846	0.05472	0.03309	0.01439	0.39814	0.08022	0.01797	0.01466	0.00624	0.00528	0.00148	0.00487	0.00528	0.00527	0.24119
3	0.01047	0.00931	0.07422	0.00961	0.01240	0.00760	0.05481	0.01362	0.03908	0.08437	0.28019	0.07725	0.09231	0.01262	0.08269	0.00242	0.02682	0.00801	0.00477	0.09743
4	0.00793	0.00588	0.00861	0.00861	0.00950	0.00677	0.00657	0.00971	0.00882	0.01264	0.01510	0.02321	0.01447	0.11790	0.70791	0.00855	0.01389	0.00615	0.00301	0.00479
5	0.01826	0.06740	0.02174	0.01631	0.06073	0.01648	0.19440	0.48192	0.02112	0.02830	0.01225	0.01344	0.00898	0.00594	0.00565	0.00168	0.00691	0.00523	0.00450	0.00875
6	0.00762	0.00523	0.00635	0.00677	0.00694	0.00519	0.00417	0.00806	0.00893	0.01197	0.02149	0.28195	0.02504	0.50122	0.07105	0.00460	0.00530	0.01039	0.00391	0.00383
7	0.01360	0.01637	0.15026	0.09135	0.03188	0.10376	0.15717	0.11421	0.09176	0.01983	0.08577	0.05159	0.01452	0.00760	0.02395	0.00193	0.00726	0.00607	0.00377	0.00734
8	0.01289	0.01292	0.02205	0.20746	0.37544	0.03831	0.15728	0.01642	0.01236	0.01694	0.01033	0.01391	0.00828	0.00499	0.00558	0.00167	0.00723	0.00508	0.00273	0.06813
9	0.01750	0.01449	0.01430	0.01203	0.01564	0.09019	0.00955	0.28446	0.39632	0.05802	0.01787	0.01693	0.01316	0.00700	0.00554	0.00175	0.00555	0.00552	0.00538	0.00879
10	0.08997	0.01402	0.01490	0.17806	0.04146	0.10617	0.01086	0.23792	0.15119	0.08022	0.01373	0.01459	0.01006	0.00629	0.00531	0.00172	0.00628	0.00490	0.00442	0.00793
11	0.01131	0.11267	0.21095	0.10869	0.17855	0.01274	0.01408	0.01484	0.01092	0.01535	0.01080	0.01459	0.00911	0.01417	0.19420	0.00344	0.04923	0.00471	0.00260	0.00704
12	0.00815	0.00587	0.00770	0.00761	0.00804	0.00649	0.00524	0.00905	0.00844	0.01176	0.01592	0.02902	0.01691	0.44271	0.35611	0.00679	0.03987	0.00701	0.00315	0.00415
13	0.06747	0.26969	0.01814	0.01035	0.01437	0.17759	0.00877	0.09202	0.01349	0.01729	0.00944	0.01106	0.00799	0.00750	0.05687	0.00175	0.00687	0.00358	0.00312	0.20265
14	0.01151	0.01065	0.01659	0.16713	0.15074	0.01135	0.11676	0.01794	0.20327	0.01883	0.12451	0.05499	0.05638	0.00756	0.00595	0.00183	0.00567	0.00702	0.00413	0.00718
15	0.01011	0.03080	0.01499	0.06420	0.05072	0.00908	0.14528	0.01280	0.01223	0.01655	0.06490	0.11797	0.08587	0.01021	0.00690	0.00194	0.04035	0.19387	0.00405	0.10715
16	0.01265	0.01429	0.05008	0.25558	0.07346	0.20690	0.05820	0.01534	0.01260	0.01483	0.01592	0.14013	0.04290	0.00828	0.00586	0.00183	0.00718	0.05450	0.00329	0.00619
17	0.01208	0.00879	0.01063	0.00975	0.01169	0.00962	0.00757	0.20192	0.10119	0.01973	0.01884	0.12912	0.03758	0.01966	0.20631	0.12275	0.00739	0.05492	0.00436	0.00612
18	0.01378	0.01190	0.01252	0.01127	0.01440	0.01378	0.00877	0.02943	0.76081	0.02317	0.02254	0.02066	0.01691	0.00751	0.00564	0.00188	0.00438	0.00626	0.00564	0.00877
19	0.13252	0.01218	0.01720	0.19285	0.05012	0.01341	0.13059	0.23101	0.03429	0.02298	0.04615	0.01533	0.01072	0.00832	0.05660	0.00223	0.00705	0.00526	0.00384	0.00734
20	0.00815	0.00552	0.00711	0.00766	0.00871	0.00519	0.00554	0.00949	0.01125	0.06426	0.03341	0.44658	0.19354	0.01915	0.11320	0.00305	0.00489	0.04340	0.00495	0.00495
21	0.01745	0.02101	0.01617	0.01437	0.01615	0.49400	0.01124	0.01880	0.01297	0.01347	0.00807	0.01079	0.00719	0.00721	0.00997	0.00180	0.30631	0.00405	0.00269	0.00628
22	0.32257	0.01558	0.01427	0.02838	0.14006	0.17816	0.01006	0.19069	0.01523	0.02349	0.00969	0.01110	0.00753	0.00559	0.00464	0.00163	0.00636	0.00394	0.00367	0.00736
23	0.00755	0.00565	0.00701	0.00667	0.00810	0.00510	0.00500	0.00990	0.01501	0.02062	0.61141	0.04399	0.20973	0.01192	0.00654	0.00177	0.00266	0.01038	0.00589	0.00510
24	0.04802	0.00851	0.01239	0.39169	0.02356	0.00948	0.01042	0.03403	0.01299	0.01808	0.25022	0.02467	0.06275	0.00773	0.00571	0.00173	0.00524	0.00669	0.00394	0.06215
25	0.00800	0.00560	0.00722	0.00722	0.00763	0.00601	0.00483	0.00881	0.00840	0.01161	0.01637	0.03027	0.01754	0.49067	0.33933	0.00682	0.00927	0.00718	0.00320	0.00401
26	0.00792	0.00590	0.00872	0.00872	0.00965	0.00683	0.00670	0.00978	0.00885	0.01273	0.01500	0.02265	0.01424	0.08885	0.73663	0.00868	0.01425	0.00607	0.00299	0.00485
27	0.00950	0.00753	0.00877	0.00813	0.01004	0.00774	0.00619	0.01591	0.23928	0.02180	0.47531	0.03630	0.11069	0.01044	0.00626	0.00180	0.00316	0.00905	0.00587	0.00624
28	0.09729	0.24509	0.05012	0.01770	0.20863	0.12562	0.06050	0.10114	0.01387	0.01852	0.00947	0.01128	0.00777	0.00520	0.00472	0.00151	0.00684	0.00406	0.00302	0.00765
29	0.14493	0.05560	0.01414	0.19918	0.04679	0.04410	0.00964	0.06490	0.01239	0.04378	0.00998	0.01212	0.00783	0.00501	0.00454	0.00137	0.00552	0.00388	0.00329	0.31101

[dist]
# distance from previous block
# <min> <max>
0	2

[block]
# block no. 7 follows, 43 sequences, length 40
# corresponding to MSA columns:
# 809-848
name=unknown_H
#
# <colnr> <probs for GDERKNQSTAVLIFYWHMCP>
#	G	D	E	R	K	N	Q	S	T	A	V	L	I	F	Y	W	H	M	C	P
0	0.13264	0.01226	0.01241	0.01163	0.05103	0.07800	0.00867	0.11893	0.28759	0.04593	0.07479	0.01845	0.01543	0.01096	0.09462	0.00257	0.00626	0.00557	0.00470	0.00756
1	0.00805	0.00537	0.00604	0.00604	0.00604	0.00537	0.00336	0.00805	0.00805	0.01074	0.01745	0.03624	0.02013	0.80536	0.02819	0.00537	0.00537	0.00805	0.00336	0.00336
2	0.05107	0.22990	0.14937	0.10120	0.01843	0.15344	0.01179	0.01637	0.01214	0.01523	0.01264	0.01724	0.04278	0.00661	0.00537	0.00160	0.03453	0.06937	0.00292	0.04800
3	0.01190	0.01137	0.01670	0.31960	0.02498	0.07254	0.11392	0.07706	0.01232	0.01599	0.01148	0.01608	0.00941	0.01537	0.21560	0.00372	0.03739	0.00531	0.00294	0.00631
4	0.01497	0.14401	0.12166	0.06872	0.14716	0.20823	0.08268	0.03518	0.05793	0.01639	0.01114	0.01454	0.00928	0.00582	0.00524	0.00162	0.00765	0.03740	0.00299	0.00739
5	0.00776	0.00578	0.00793	0.00793	0.00885	0.00633	0.00589	0.00929	0.00924	0.01274	0.02083	0.02868	0.11572	0.18098	0.53826	0.00730	0.01146	0.00710	0.00333	0.00461
