[name]
unknown

[dist]
# distance from previous block
# <min> <max>
0	32

[block]
# block no. 0 follows, 40 sequences, length 28
# corresponding to MSA columns:
# 36-51,56-67
name=unknown_A
#
# <colnr> <probs for GDERKNQSTAVLIFYWHMCP>
#	G	D	E	R	K	N	Q	S	T	A	V	L	I	F	Y	W	H	M	C	P
0	0.00816	0.00598	0.00741	0.00797	0.00905	0.00566	0.00606	0.00981	0.01243	0.01614	0.12057	0.15628	0.20164	0.16950	0.01180	0.00295	0.00427	0.23436	0.00513	0.00482
1	0.01188	0.01125	0.01906	0.58522	0.22947	0.01316	0.01660	0.01564	0.01205	0.01595	0.01049	0.01521	0.00814	0.00565	0.00580	0.00188	0.00753	0.00517	0.00266	0.00718
2	0.01639	0.00830	0.01039	0.00876	0.01183	0.00756	0.00695	0.01994	0.08568	0.34789	0.20657	0.03376	0.19118	0.01008	0.00633	0.00186	0.00394	0.00848	0.00648	0.00766
3	0.83671	0.01125	0.00855	0.00765	0.01125	0.01305	0.00630	0.01709	0.00990	0.02609	0.00810	0.00945	0.00630	0.00540	0.00360	0.00180	0.00450	0.00315	0.00360	0.00630
4	0.00935	0.00772	0.01148	0.22369	0.01861	0.00898	0.00952	0.01287	0.05799	0.01563	0.08738	0.02471	0.06205	0.02607	0.39144	0.00566	0.01072	0.00673	0.00360	0.00581
5	0.17534	0.01257	0.01373	0.01087	0.01496	0.01327	0.00892	0.33789	0.02007	0.23059	0.08930	0.01763	0.01492	0.00723	0.00551	0.00178	0.00528	0.00553	0.00583	0.00878
6	0.83671	0.01125	0.00855	0.00765	0.01125	0.01305	0.00630	0.01709	0.00990	0.02609	0.00810	0.00945	0.00630	0.00540	0.00360	0.00180	0.00450	0.00315	0.00360	0.00630
7	0.01362	0.41829	0.39446	0.01323	0.02000	0.01830	0.01566	0.01791	0.01204	0.01603	0.00925	0.01079	0.00742	0.00525	0.00462	0.00154	0.00740	0.00370	0.00247	0.00802
8	0.01492	0.15808	0.01660	0.01557	0.21880	0.01156	0.00979	0.01761	0.01338	0.13505	0.06227	0.01842	0.01439	0.00638	0.00493	0.00154	0.00489	0.00531	0.26295	0.00756
9	0.01301	0.01127	0.01090	0.01030	0.01237	0.11116	0.00771	0.18135	0.06183	0.02055	0.02694	0.36992	0.09903	0.01294	0.00662	0.00204	0.00510	0.02525	0.00521	0.00650
10	0.01206	0.01034	0.01206	0.00861	0.01378	0.00775	0.00689	0.01464	0.01206	0.01895	0.01034	0.01206	0.00861	0.00431	0.00431	0.00086	0.00431	0.00345	0.00345	0.83118
11	0.01342	0.01169	0.01728	0.53420	0.06606	0.01369	0.01452	0.15305	0.03780	0.01971	0.01147	0.01516	0.00859	0.00599	0.00573	0.00183	0.00716	0.00513	0.00336	0.05418
12	0.01104	0.00759	0.00950	0.00885	0.01014	0.00831	0.00652	0.11522	0.04499	0.01678	0.01566	0.02399	0.01480	0.19702	0.29815	0.13667	0.00912	0.00636	0.05403	0.00527
13	0.01115	0.01097	0.01007	0.01028	0.04963	0.15362	0.00715	0.03429	0.01394	0.01676	0.13464	0.12188	0.28195	0.07622	0.00889	0.00221	0.03636	0.00969	0.00469	0.00564
14	0.01783	0.01027	0.01240	0.01025	0.01345	0.01025	0.00815	0.24489	0.01918	0.25011	0.19923	0.13247	0.02618	0.00982	0.00631	0.00187	0.00465	0.00829	0.00632	0.00810
15	0.01510	0.01580	0.01345	0.01061	0.01510	0.24799	0.00826	0.01734	0.01345	0.01747	0.00991	0.01156	0.00826	0.00484	0.00460	0.00106	0.00625	0.00354	0.00330	0.57212
16	0.01311	0.00944	0.01092	0.00941	0.01243	0.00902	0.00721	0.12994	0.09457	0.06676	0.02064	0.25967	0.02004	0.00986	0.00577	0.00169	0.00429	0.00849	0.07070	0.23604
17	0.00855	0.00643	0.00800	0.00886	0.06785	0.00594	0.00578	0.01060	0.01370	0.01883	0.29183	0.07538	0.26342	0.09010	0.00876	0.00222	0.00345	0.01015	0.09478	0.00537
18	0.00747	0.00561	0.00664	0.00696	0.00800	0.00508	0.00483	0.00886	0.01260	0.01647	0.19766	0.28186	0.27112	0.12771	0.01032	0.00259	0.00342	0.01268	0.00535	0.00478
19	0.83671	0.01125	0.00855	0.00765	0.01125	0.01305	0.00630	0.01709	0.00990	0.02609	0.00810	0.00945	0.00630	0.00540	0.00360	0.00180	0.00450	0.00315	0.00360	0.00630
20	0.00896	0.00753	0.01109	0.05781	0.17623	0.00740	0.00870	0.01083	0.01191	0.01584	0.03016	0.38821	0.16415	0.01559	0.05559	0.00257	0.00510	0.01192	0.00454	0.00588
21	0.01295	0.01031	0.01215	0.00872	0.01385	0.00780	0.00700	0.01551	0.01235	0.06636	0.01114	0.01255	0.00898	0.00449	0.00440	0.00092	0.00435	0.00360	0.00368	0.77887
22	0.01253	0.01197	0.01211	0.01122	0.01277	0.12605	0.00862	0.07256	0.08795	0.01784	0.06490	0.23700	0.10471	0.01191	0.00928	0.00211	0.17625	0.00935	0.00455	0.00632
23	0.23211	0.06097	0.03828	0.01325	0.09483	0.01119	0.06716	0.03739	0.01260	0.04436	0.05159	0.13305	0.01801	0.00893	0.00565	0.00191	0.00535	0.10208	0.00416	0.05713
24	0.01413	0.12336	0.06913	0.11731	0.19111	0.01594	0.05858	0.01695	0.01166	0.06381	0.01021	0.01359	0.00848	0.00694	0.00973	0.00197	0.25157	0.00495	0.00294	0.00764
25	0.02890	0.12020	0.01485	0.04410	0.01474	0.25787	0.00897	0.07383	0.01543	0.01835	0.18417	0.14009	0.02336	0.00925	0.00603	0.00174	0.01997	0.00740	0.00429	0.00646
26	0.02057	0.14422	0.07702	0.01159	0.01607	0.04646	0.01041	0.18653	0.01732	0.30315	0.01591	0.01553	0.01109	0.00670	0.00592	0.00169	0.04051	0.00498	0.05550	0.00882
27	0.01499	0.01500	0.08122	0.01582	0.11589	0.07375	0.05259	0.13561	0.24677	0.02311	0.05073	0.06738	0.01595	0.00763	0.00587	0.00183	0.00603	0.00651	0.05502	0.00830

[dist]
# distance from previous block
# <min> <max>
0	47

[block]
# block no. 1 follows, 40 sequences, length 26
# corresponding to MSA columns:
# 140-165
name=unknown_B
#
# <colnr> <probs for GDERKNQSTAVLIFYWHMCP>
#	G	D	E	R	K	N	Q	S	T	A	V	L	I	F	Y	W	H	M	C	P
0	0.01109	0.04599	0.01025	0.06282	0.01245	0.00759	0.00730	0.05246	0.01282	0.10439	0.02658	0.47433	0.02922	0.04794	0.00785	0.00234	0.00443	0.06906	0.00521	0.00588
1	0.10753	0.09954	0.10128	0.05626	0.23520	0.07381	0.01282	0.04252	0.01355	0.07312	0.05376	0.05063	0.01277	0.00655	0.00532	0.00171	0.00637	0.00539	0.03406	0.00781
2	0.01357	0.01244	0.01306	0.01203	0.01335	0.15840	0.00953	0.01527	0.01173	0.06879	0.01539	0.09814	0.01489	0.01754	0.17800	0.00371	0.23748	0.05617	0.04434	0.00615
3	0.01584	0.01109	0.01231	0.01069	0.01382	0.01197	0.00831	0.12777	0.36601	0.13993	0.02517	0.07790	0.07684	0.06584	0.00778	0.00220	0.00477	0.00755	0.00585	0.00835
4	0.00711	0.00575	0.00635	0.00678	0.00830	0.00499	0.00502	0.00855	0.01275	0.01562	0.05030	0.23677	0.52884	0.01568	0.00709	0.00211	0.00322	0.06447	0.00540	0.00490
5	0.01251	0.00658	0.00797	0.00727	0.00840	0.00632	0.00481	0.01328	0.01057	0.17795	0.01929	0.03228	0.01896	0.53666	0.05030	0.00462	0.00565	0.00758	0.06389	0.00513
6	0.01206	0.01034	0.01206	0.00861	0.01378	0.00775	0.00689	0.01464	0.01206	0.01895	0.01034	0.01206	0.00861	0.00431	0.00431	0.00086	0.00431	0.00345	0.00345	0.83118
7	0.00709	0.00506	0.00675	0.00810	0.00843	0.00472	0.00540	0.00810	0.01113	0.01484	0.03205	0.79184	0.03846	0.01822	0.00742	0.00236	0.00337	0.01653	0.00540	0.00472
8	0.01575	0.01809	0.01450	0.07654	0.10140	0.39947	0.01063	0.01750	0.01410	0.01493	0.01583	0.22599	0.01647	0.02506	0.00643	0.00188	0.00781	0.00762	0.00362	0.00638
9	0.01206	0.01034	0.01206	0.00861	0.01378	0.00775	0.00689	0.01464	0.01206	0.01895	0.01034	0.01206	0.00861	0.00431	0.00431	0.00086	0.00431	0.00345	0.00345	0.83118
10	0.01075	0.10611	0.13167	0.12684	0.06936	0.02342	0.01098	0.01269	0.01102	0.01463	0.01641	0.24179	0.01720	0.01205	0.00925	0.16265	0.00588	0.00806	0.00339	0.00584
11	0.01134	0.13669	0.38020	0.01334	0.01923	0.01282	0.06679	0.01625	0.03471	0.01794	0.09211	0.02268	0.13682	0.00762	0.00572	0.00178	0.00670	0.00631	0.00348	0.00747
12	0.01439	0.01382	0.02360	0.03569	0.75936	0.01382	0.01785	0.01785	0.01324	0.01900	0.01094	0.01439	0.00921	0.00518	0.00576	0.00173	0.00691	0.00518	0.00288	0.00921
13	0.01121	0.01062	0.01699	0.57051	0.03287	0.01358	0.01481	0.01445	0.01130	0.01514	0.05124	0.01645	0.01035	0.00711	0.00878	0.00206	0.17793	0.00545	0.00279	0.00638
14	0.01555	0.79913	0.03047	0.00995	0.01493	0.02301	0.00995	0.01741	0.01182	0.01368	0.00808	0.00933	0.00746	0.00498	0.00373	0.00124	0.00622	0.00311	0.00249	0.00746
15	0.01756	0.02088	0.01606	0.01442	0.01632	0.46421	0.01122	0.01906	0.01345	0.01408	0.00934	0.01255	0.00834	0.01151	0.09676	0.00270	0.23781	0.00442	0.00288	0.00645
16	0.00868	0.00661	0.00794	0.00771	0.00927	0.00632	0.00572	0.03463	0.07090	0.02086	0.41529	0.17405	0.18389	0.01309	0.00686	0.00196	0.00315	0.01144	0.00598	0.00566
17	0.01231	0.22623	0.36474	0.01261	0.01838	0.05636	0.01427	0.01642	0.01279	0.01694	0.07694	0.04833	0.08609	0.00733	0.00535	0.00170	0.00684	0.00572	0.00322	0.00743
18	0.00851	0.00655	0.00816	0.00780	0.00964	0.00564	0.00567	0.01043	0.01313	0.01840	0.25059	0.33350	0.09433	0.01296	0.00652	0.00184	0.00335	0.01148	0.00528	0.18622
19	0.00810	0.00597	0.00757	0.00806	0.00899	0.00584	0.00571	0.04224	0.01229	0.01642	0.10256	0.43807	0.13082	0.05862	0.11696	0.00338	0.00524	0.01299	0.00510	0.00507
20	0.01314	0.01021	0.01272	0.03862	0.01450	0.01018	0.00844	0.12769	0.01364	0.04848	0.01280	0.01598	0.01068	0.01611	0.21525	0.00353	0.06798	0.00481	0.02143	0.33381
21	0.25651	0.00922	0.01009	0.00833	0.01178	0.00882	0.00667	0.01729	0.01372	0.18559	0.23082	0.02217	0.02274	0.00748	0.00518	0.00163	0.00405	0.00596	0.00518	0.16678
22	0.00811	0.00604	0.00769	0.00790	0.00924	0.00571	0.00613	0.01026	0.01380	0.01845	0.30290	0.10233	0.20082	0.05001	0.06931	0.00284	0.00454	0.16325	0.00550	0.00517
23	0.01485	0.01454	0.07877	0.03638	0.22081	0.01386	0.09563	0.16270	0.16003	0.02332	0.06827	0.01892	0.01464	0.04273	0.00708	0.00201	0.00648	0.00612	0.00431	0.00855
24	0.00848	0.00617	0.00907	0.00907	0.01013	0.00714	0.00705	0.01060	0.00954	0.01407	0.01581	0.02276	0.01456	0.04105	0.71900	0.00879	0.01468	0.00617	0.06062	0.00521
25	0.06517	0.10223	0.12538	0.02954	0.01538	0.09800	0.04307	0.06543	0.03135	0.01858	0.07449	0.10599	0.18370	0.00949	0.00586	0.00182	0.00585	0.00780	0.00418	0.00668

[dist]
# distance from previous block
# <min> <max>
0	79

[block]
# block no. 2 follows, 40 sequences, length 21
# corresponding to MSA columns:
# 245-265
name=unknown_C
#
# <colnr> <probs for GDERKNQSTAVLIFYWHMCP>
#	G	D	E	R	K	N	Q	S	T	A	V	L	I	F	Y	W	H	M	C	P
0	0.05381	0.02110	0.13617	0.01655	0.09314	0.29240	0.07451	0.06711	0.01489	0.01860	0.01018	0.01206	0.00806	0.00548	0.00528	0.00153	0.00814	0.00426	0.00319	0.15354
1	0.28234	0.07710	0.01615	0.09229	0.14289	0.06926	0.01085	0.16781	0.01520	0.02398	0.04385	0.01343	0.01006	0.00603	0.00493	0.00172	0.00612	0.00450	0.00383	0.00765
2	0.23179	0.01402	0.09377	0.06994	0.13961	0.06085	0.01133	0.05259	0.04214	0.08332	0.09596	0.01706	0.01422	0.00822	0.03988	0.00213	0.00639	0.00522	0.00404	0.00751
3	0.00802	0.00604	0.00798	0.00798	0.00901	0.00642	0.00589	0.00954	0.01004	0.01355	0.02578	0.03326	0.18126	0.18746	0.45353	0.00696	0.01078	0.00802	0.00371	0.00480
4	0.01495	0.20674	0.27364	0.05287	0.12502	0.06145	0.01552	0.07000	0.01357	0.04875	0.01045	0.01238	0.00816	0.00586	0.00603	0.00170	0.05737	0.00433	0.00300	0.00820
5	0.00779	0.00589	0.00715	0.00723	0.00862	0.00535	0.00543	0.00981	0.01417	0.01880	0.34566	0.12920	0.27731	0.05003	0.00809	0.00219	0.00327	0.08315	0.00573	0.00511
6	0.01880	0.21471	0.06876	0.01599	0.09666	0.42904	0.01228	0.04982	0.01516	0.01578	0.00927	0.01087	0.00776	0.00567	0.00497	0.00149	0.00878	0.00384	0.00294	0.00743
7	0.01140	0.01424	0.20700	0.01228	0.01580	0.01035	0.06510	0.04495	0.01221	0.05190	0.02087	0.02920	0.10752	0.15943	0.06343	0.00323	0.08493	0.07590	0.00376	0.00647
8	0.01572	0.26229	0.18582	0.01405	0.07587	0.10026	0.01279	0.07201	0.01397	0.05286	0.01042	0.01177	0.00827	0.00537	0.00480	0.00144	0.00692	0.00394	0.00319	0.13823
9	0.19298	0.00727	0.00834	0.00800	0.00986	0.00759	0.00614	0.01255	0.01259	0.05669	0.25932	0.12183	0.07300	0.01822	0.17674	0.00357	0.00619	0.00853	0.00490	0.00569
10	0.00856	0.00616	0.00786	0.00867	0.00945	0.00613	0.00639	0.01084	0.05547	0.01577	0.06239	0.32837	0.03268	0.18940	0.01241	0.00313	0.00451	0.22182	0.00505	0.00495
11	0.01227	0.13553	0.37107	0.07107	0.04993	0.01416	0.01548	0.01906	0.13540	0.01820	0.01720	0.01814	0.08476	0.00677	0.00549	0.00179	0.00688	0.00541	0.00336	0.00802
12	0.01382	0.01289	0.02128	0.26755	0.48684	0.01381	0.01688	0.06324	0.01364	0.01884	0.01094	0.01471	0.00880	0.00549	0.00578	0.00179	0.00714	0.00518	0.00297	0.00839
13	0.00737	0.00538	0.00700	0.00818	0.00886	0.00501	0.00582	0.00867	0.01170	0.01530	0.03516	0.60298	0.12544	0.01750	0.00744	0.00236	0.00359	0.11202	0.00539	0.00483
14	0.00720	0.00545	0.00637	0.00702	0.00792	0.00492	0.00476	0.00824	0.01155	0.01466	0.04015	0.40812	0.30523	0.12827	0.01039	0.00268	0.00354	0.01378	0.00513	0.00462
15	0.01306	0.21233	0.42536	0.01674	0.02386	0.01606	0.17838	0.01822	0.01249	0.01732	0.01016	0.01233	0.00771	0.00525	0.00539	0.00172	0.00829	0.00458	0.00257	0.00815
16	0.18602	0.17109	0.18192	0.01044	0.01496	0.01355	0.01049	0.01873	0.09515	0.06783	0.04666	0.01609	0.01229	0.03804	0.00571	0.00183	0.00557	0.00475	0.09153	0.00736
17	0.01672	0.00758	0.00947	0.00816	0.01099	0.00670	0.00641	0.01875	0.01438	0.36805	0.03075	0.12189	0.17217	0.01003	0.00590	0.00181	0.00389	0.00840	0.17062	0.00733
18	0.01540	0.01089	0.01195	0.01036	0.01316	0.01180	0.00829	0.32312	0.09216	0.02671	0.01973	0.08194	0.01747	0.05081	0.00710	0.00205	0.00500	0.09624	0.18828	0.00754
19	0.57058	0.01043	0.00900	0.00814	0.01109	0.01178	0.00638	0.08740	0.01165	0.02428	0.01264	0.10823	0.01208	0.08676	0.00691	0.00225	0.00467	0.00553	0.00403	0.00619
20	0.01648	0.01189	0.01352	0.04057	0.01542	0.01217	0.00881	0.32754	0.05418	0.07508	0.13301	0.02116	0.04939	0.00761	0.00569	0.00162	0.00503	0.00615	0.03940	0.15528

[dist]
# distance from previous block
# <min> <max>
5	25

[block]
# block no. 3 follows, 40 sequences, length 95
# corresponding to MSA columns:
# 292-323,380-429,440-452
name=unknown_D
#
# <colnr> <probs for GDERKNQSTAVLIFYWHMCP>
#	G	D	E	R	K	N	Q	S	T	A	V	L	I	F	Y	W	H	M	C	P
0	0.04740	0.01644	0.01538	0.10710	0.08103	0.22752	0.01101	0.20337	0.04116	0.04884	0.01775	0.05626	0.08643	0.00773	0.00576	0.00176	0.00708	0.00606	0.00429	0.00761
1	0.00798	0.00573	0.00702	0.00769	0.00839	0.00547	0.00544	0.00908	0.01106	0.01433	0.03165	0.26802	0.15048	0.27634	0.01485	0.00345	0.00447	0.15930	0.00476	0.00449
2	0.01398	0.02152	0.29728	0.01898	0.02515	0.07216	0.30044	0.05199	0.07563	0.01933	0.01202	0.01436	0.00894	0.00575	0.00657	0.00189	0.03717	0.00553	0.00313	0.00819
3	0.40056	0.28236	0.09797	0.01001	0.01456	0.08030	0.00959	0.01786	0.01136	0.02005	0.00842	0.00980	0.00691	0.00532	0.00399	0.00159	0.00603	0.00331	0.00305	0.00698
4	0.13886	0.01364	0.01702	0.16525	0.02109	0.07879	0.06703	0.06673	0.05655	0.04593	0.01062	0.01369	0.00854	0.00738	0.00986	0.00206	0.26158	0.00496	0.00338	0.00706
5	0.01685	0.01176	0.01349	0.01046	0.01500	0.01115	0.00842	0.14604	0.17831	0.15692	0.01617	0.01591	0.01189	0.00608	0.00520	0.00143	0.00485	0.00488	0.00508	0.36011
6	0.00753	0.00571	0.00694	0.00706	0.00837	0.00512	0.00513	0.00946	0.01417	0.01889	0.36294	0.22758	0.27137	0.01430	0.00700	0.00200	0.00296	0.01252	0.00585	0.00512
7	0.00705	0.00543	0.00645	0.00718	0.00821	0.00483	0.00501	0.00832	0.01222	0.01557	0.07514	0.46426	0.32641	0.01654	0.00718	0.00218	0.00317	0.01456	0.00544	0.00483
8	0.01013	0.00603	0.00779	0.00801	0.00929	0.00546	0.00570	0.01158	0.01282	0.12896	0.12975	0.46288	0.11912	0.04412	0.00787	0.00228	0.00356	0.01333	0.00573	0.00558
9	0.01589	0.01301	0.01401	0.01156	0.01558	0.01399	0.00920	0.20598	0.41639	0.02633	0.01850	0.01778	0.01390	0.00693	0.00556	0.00169	0.00499	0.00560	0.00539	0.17775
10	0.01080	0.02513	0.61006	0.01451	0.02169	0.01179	0.01808	0.01657	0.01275	0.01850	0.07899	0.02017	0.10190	0.00717	0.00580	0.00186	0.00742	0.00578	0.00314	0.00789
11	0.01214	0.01062	0.01275	0.00942	0.01396	0.00897	0.00759	0.01456	0.01168	0.01835	0.01001	0.01214	0.00849	0.00502	0.00609	0.00106	0.09859	0.00364	0.00334	0.73156
12	0.02120	0.02294	0.01648	0.01422	0.01775	0.47876	0.01100	0.23993	0.08371	0.02187	0.01177	0.01251	0.00911	0.00646	0.00548	0.00161	0.00874	0.00444	0.00410	0.00791
13	0.01236	0.01087	0.01416	0.08032	0.22488	0.07361	0.01075	0.01580	0.06917	0.05557	0.08275	0.19109	0.08030	0.01141	0.03867	0.00224	0.00593	0.00874	0.00437	0.00701
14	0.01436	0.01230	0.01537	0.01316	0.01565	0.01445	0.04726	0.16710	0.22358	0.02235	0.02011	0.02539	0.06470	0.00967	0.00977	0.00217	0.21190	0.09823	0.00475	0.00774
15	0.01809	0.28366	0.08378	0.01312	0.01728	0.38270	0.01147	0.02165	0.08793	0.01541	0.01028	0.01137	0.00850	0.00580	0.00483	0.00149	0.00831	0.00386	0.00307	0.00738
16	0.01399	0.01265	0.01475	0.22971	0.03217	0.07523	0.01065	0.12210	0.04154	0.02008	0.01278	0.01495	0.03234	0.00574	0.00519	0.00144	0.00611	0.00464	0.00365	0.34028
17	0.01531	0.01655	0.09567	0.08582	0.26792	0.09724	0.06810	0.13385	0.01540	0.02062	0.01157	0.02448	0.00933	0.00710	0.03297	0.00196	0.00771	0.00511	0.00339	0.07991
18	0.00934	0.00769	0.00855	0.00859	0.00918	0.06480	0.00595	0.01030	0.00987	0.01295	0.01906	0.17901	0.02105	0.33485	0.23282	0.00559	0.04319	0.00891	0.00369	0.00460
19	0.01200	0.01061	0.01654	0.62384	0.03473	0.01285	0.01463	0.10186	0.01348	0.01749	0.01260	0.08058	0.01059	0.00700	0.00595	0.00195	0.00722	0.00613	0.00321	0.00673
20	0.01307	0.17460	0.30919	0.05306	0.02075	0.05266	0.05813	0.01890	0.10718	0.01744	0.01523	0.01654	0.06589	0.00666	0.00609	0.00178	0.04666	0.00517	0.00320	0.00781
21	0.01636	0.01362	0.01823	0.02263	0.35856	0.05244	0.01313	0.12197	0.13953	0.09150	0.04246	0.01897	0.05070	0.00683	0.00587	0.00178	0.00611	0.00595	0.00446	0.00890
22	0.00837	0.00581	0.00736	0.00784	0.00828	0.00589	0.00541	0.00931	0.00994	0.01331	0.02262	0.16954	0.02553	0.42174	0.11753	0.00501	0.00648	0.14162	0.00413	0.00428
23	0.06259	0.01120	0.01324	0.01090	0.01488	0.01142	0.00878	0.05312	0.30398	0.41105	0.02217	0.01981	0.01515	0.00737	0.00576	0.00187	0.00484	0.00597	0.00646	0.00944
24	0.01186	0.06814	0.72913	0.01625	0.02466	0.01398	0.02091	0.01837	0.01225	0.01818	0.01032	0.01213	0.00737	0.00550	0.00544	0.00181	0.00848	0.00424	0.00246	0.00854
25	0.00739	0.00562	0.00687	0.00760	0.00870	0.00510	0.00556	0.00892	0.01260	0.01620	0.10515	0.38605	0.28396	0.01621	0.00726	0.00222	0.00341	0.10075	0.00548	0.00493
26	0.01174	0.00660	0.00900	0.00943	0.01095	0.00616	0.00737	0.01356	0.01301	0.16902	0.02976	0.39149	0.03187	0.01524	0.00730	0.00235	0.00436	0.24903	0.00575	0.00599
27	0.00930	0.00647	0.00726	0.00692	0.00756	0.00647	0.00435	0.06225	0.01104	0.01470	0.09526	0.03830	0.08423	0.59515	0.02371	0.00467	0.00518	0.00874	0.00413	0.00430
28	0.01166	0.03008	0.76550	0.01657	0.02517	0.01351	0.02149	0.01842	0.01228	0.01842	0.01044	0.01228	0.00737	0.00552	0.00552	0.00184	0.00859	0.00430	0.00246	0.00859
29	0.05788	0.12813	0.01888	0.04868	0.07423	0.01597	0.07161	0.19837	0.23974	0.02444	0.01543	0.01603	0.01175	0.00651	0.00543	0.00175	0.00593	0.00536	0.04532	0.00855
30	0.00906	0.00755	0.01208	0.01086	0.01209	0.00785	0.11645	0.01065	0.01032	0.01417	0.02037	0.26708	0.02243	0.21686	0.18102	0.00466	0.05745	0.01006	0.00387	0.00510
31	0.01528	0.03429	0.17288	0.13847	0.29085	0.21456	0.01645	0.01893	0.01363	0.01690	0.01018	0.01300	0.00813	0.00556	0.00555	0.00171	0.00832	0.00458	0.00277	0.00798
32	0.00971	0.00715	0.00886	0.00806	0.00980	0.00700	0.00614	0.07327	0.05471	0.02449	0.65654	0.03985	0.04920	0.01127	0.00672	0.00183	0.00315	0.00987	0.00633	0.00605
33	0.01581	0.09506	0.13898	0.01206	0.01619	0.05112	0.01118	0.22039	0.04911	0.07851	0.01424	0.01669	0.01128	0.03436	0.19058	0.00363	0.00888	0.00522	0.01883	0.00788
34	0.01547	0.01566	0.02321	0.10025	0.13574	0.11528	0.25508	0.12778	0.01564	0.02015	0.01288	0.01859	0.01078	0.00666	0.00683	0.00191	0.04109	0.06566	0.00353	0.00780
35	0.04468	0.00618	0.00769	0.00800	0.00903	0.00591	0.00563	0.01118	0.01160	0.09290	0.07107	0.37172	0.05369	0.19859	0.01231	0.00303	0.00423	0.07227	0.00512	0.00515
36	0.00838	0.00571	0.00681	0.00686	0.00703	0.00585	0.00416	0.00873	0.00869	0.01174	0.01841	0.06337	0.02078	0.65360	0.14097	0.00608	0.00706	0.00842	0.00353	0.00382
37	0.00891	0.00681	0.00842	0.00922	0.01030	0.00699	0.00672	0.01331	0.16255	0.01714	0.03016	0.53463	0.03354	0.01581	0.00720	0.00233	0.00390	0.11086	0.00550	0.00573
38	0.05749	0.01010	0.01043	0.00874	0.01154	0.01090	0.00700	0.30669	0.01819	0.02794	0.01640	0.01794	0.01244	0.00679	0.00475	0.00154	0.00429	0.00523	0.45434	0.00727
39	0.01340	0.01280	0.02181	0.25310	0.54972	0.01356	0.01735	0.01698	0.01277	0.01779	0.01076	0.01472	0.00879	0.00537	0.00577	0.00179	0.00715	0.00518	0.00279	0.00841
40	0.01165	0.01102	0.01866	0.63471	0.18174	0.01310	0.01648	0.01545	0.01195	0.01567	0.01045	0.01528	0.00804	0.00569	0.00580	0.00190	0.00759	0.00517	0.00264	0.00700
41	0.02181	0.01307	0.01517	0.01152	0.01621	0.01301	0.00948	0.37065	0.02106	0.28656	0.01648	0.01567	0.01124	0.00661	0.00557	0.00162	0.00554	0.00515	0.00590	0.14768
42	0.01662	0.00817	0.01073	0.00893	0.01181	0.00744	0.00709	0.05540	0.01709	0.34260	0.40295	0.03176	0.03517	0.00962	0.00637	0.00181	0.00388	0.00824	0.00671	0.00761
43	0.00709	0.00506	0.00675	0.00810	0.00843	0.00472	0.00540	0.00810	0.01113	0.01484	0.03205	0.79184	0.03846	0.01822	0.00742	0.00236	0.00337	0.01653	0.00540	0.00472
44	0.02182	0.01411	0.01569	0.01222	0.01658	0.01513	0.01003	0.50079	0.07713	0.18864	0.01682	0.01615	0.01167	0.00708	0.00574	0.00175	0.00577	0.00547	0.04778	0.00961
45	0.01084	0.00542	0.00542	0.00542	0.00678	0.00542	0.00407	0.01355	0.01220	0.02168	0.01897	0.02168	0.01491	0.00678	0.00407	0.00136	0.00271	0.00542	0.82791	0.00542
46	0.00835	0.00604	0.00839	0.00839	0.00910	0.00675	0.00608	0.00977	0.00906	0.01279	0.01645	0.02768	0.01664	0.28257	0.53650	0.00817	0.01242	0.00694	0.00325	0.00466
47	0.41479	0.01054	0.01112	0.00905	0.01312	0.01070	0.00747	0.02295	0.01341	0.40985	0.01582	0.01483	0.01051	0.00633	0.00477	0.00180	0.00473	0.00455	0.00547	0.00817
48	0.01401	0.00866	0.00900	0.00785	0.01018	0.00922	0.00618	0.20682	0.05364	0.02578	0.01788	0.01964	0.01372	0.00689	0.00462	0.00149	0.00378	0.00543	0.56842	0.00680
49	0.27441	0.01031	0.01198	0.00952	0.01374	0.00993	0.00786	0.02489	0.01458	0.53752	0.01839	0.01662	0.01191	0.00665	0.00516	0.00180	0.00481	0.00502	0.00610	0.00879
50	0.01183	0.01039	0.01673	0.55351	0.13200	0.01227	0.01464	0.04161	0.01249	0.01709	0.01166	0.01609	0.00894	0.00589	0.00558	0.00183	0.00694	0.00520	0.10847	0.00682
51	0.13861	0.01230	0.01245	0.01120	0.01454	0.01425	0.00877	0.02882	0.63728	0.02459	0.02132	0.01985	0.01602	0.00751	0.00557	0.00195	0.00459	0.00606	0.00557	0.00877
52	0.02211	0.01629	0.01745	0.01338	0.01803	0.01803	0.01105	0.73997	0.02734	0.03665	0.01396	0.01396	0.00989	0.00698	0.00582	0.00175	0.00640	0.00524	0.00582	0.00989
53	0.69048	0.01215	0.01015	0.00868	0.01246	0.01394	0.00715	0.14685	0.01303	0.02799	0.00915	0.01026	0.00694	0.00568	0.00400	0.00179	0.00484	0.00352	0.00400	0.00694
54	0.00727	0.00566	0.00663	0.00708	0.00838	0.00502	0.00515	0.00884	0.01303	0.01663	0.15137	0.30002	0.37714	0.01554	0.00711	0.00211	0.00318	0.04932	0.00554	0.00495
55	0.00838	0.00590	0.00748	0.00708	0.00848	0.00545	0.00531	0.01106	0.01594	0.02280	0.65887	0.04225	0.08719	0.01160	0.00662	0.00180	0.00275	0.01018	0.07541	0.00545
56	0.00972	0.00610	0.00802	0.00781	0.00923	0.00557	0.00575	0.01188	0.01487	0.09748	0.45365	0.25282	0.06811	0.01328	0.00691	0.00198	0.00316	0.01179	0.00617	0.00571
57	0.01659	0.60259	0.02708	0.01113	0.01554	0.11632	0.01035	0.06648	0.01327	0.01531	0.00857	0.00999	0.00764	0.00555	0.00498	0.00139	0.05353	0.00345	0.00278	0.00747
58	0.00779	0.00593	0.00716	0.00685	0.00842	0.00530	0.00514	0.01012	0.01541	0.02084	0.52874	0.04753	0.28397	0.01281	0.00686	0.00187	0.00281	0.01109	0.00607	0.00530
59	0.60361	0.01657	0.22240	0.01017	0.01518	0.01318	0.01059	0.01747	0.01057	0.02392	0.00876	0.01025	0.00660	0.00543	0.00414	0.00181	0.00566	0.00347	0.00328	0.00695
60	0.27573	0.01168	0.01510	0.08341	0.16070	0.01320	0.01114	0.01874	0.01189	0.17236	0.01180	0.01371	0.00891	0.00670	0.00772	0.00194	0.15909	0.00466	0.00390	0.00763
61	0.02260	0.01855	0.01658	0.01337	0.01754	0.22970	0.01073	0.43002	0.02266	0.14004	0.01391	0.01386	0.00989	0.00673	0.00566	0.00168	0.00733	0.00491	0.00523	0.00900
62	0.01433	0.01156	0.00958	0.00878	0.01070	0.18308	0.00672	0.04282	0.01409	0.05338	0.07220	0.01994	0.01566	0.00718	0.00546	0.00152	0.04462	0.00542	0.46681	0.00614
63	0.01788	0.01366	0.01473	0.01233	0.01615	0.01531	0.00990	0.30674	0.40698	0.06659	0.02007	0.01996	0.01501	0.00776	0.00594	0.00190	0.00534	0.02846	0.00593	0.00939
64	0.02180	0.02546	0.01667	0.01467	0.01799	0.62371	0.01120	0.16441	0.01862	0.01865	0.00997	0.01117	0.00796	0.00619	0.00536	0.00155	0.00968	0.00404	0.00355	0.00736
65	0.00864	0.00589	0.00753	0.00751	0.00882	0.00535	0.00548	0.01071	0.01455	0.05768	0.42500	0.25528	0.13807	0.01380	0.00697	0.00200	0.00306	0.01220	0.00603	0.00542
66	0.01634	0.00922	0.01009	0.00845	0.01122	0.00953	0.00675	0.22573	0.01723	0.13529	0.01811	0.01917	0.01338	0.00690	0.00483	0.00153	0.00411	0.00543	0.46933	0.00737
67	0.28831	0.00891	0.00909	0.00769	0.01089	0.00881	0.00614	0.01668	0.01270	0.13124	0.12583	0.01903	0.01696	0.00674	0.00463	0.00156	0.00390	0.00517	0.17337	0.14235
68	0.00804	0.00597	0.00751	0.00729	0.00875	0.00545	0.00555	0.01051	0.01557	0.02136	0.56545	0.06058	0.18322	0.01281	0.00695	0.00192	0.00297	0.05863	0.00613	0.00536
69	0.01384	0.01385	0.02667	0.01969	0.02442	0.01343	0.48934	0.12581	0.01563	0.02122	0.06855	0.08863	0.01521	0.00792	0.02606	0.00214	0.00833	0.00775	0.00386	0.00763
70	0.01291	0.27693	0.52957	0.01445	0.02188	0.01656	0.01778	0.01809	0.01213	0.01690	0.00968	0.01133	0.00740	0.00535	0.00495	0.00165	0.00783	0.00392	0.00247	0.00823
71	0.83671	0.01125	0.00855	0.00765	0.01125	0.01305	0.00630	0.01709	0.00990	0.02609	0.00810	0.00945	0.00630	0.00540	0.00360	0.00180	0.00450	0.00315	0.00360	0.00630
72	0.00872	0.00662	0.00929	0.00908	0.00976	0.00774	0.00677	0.01020	0.00908	0.01297	0.01561	0.02587	0.01564	0.23239	0.52023	0.00783	0.07746	0.00670	0.00317	0.00486
73	0.00929	0.00670	0.00759	0.00721	0.00897	0.00654	0.00545	0.01357	0.11245	0.02142	0.35250	0.03887	0.19795	0.01094	0.00616	0.00178	0.00303	0.00934	0.17439	0.00584
74	0.00759	0.00548	0.00646	0.00697	0.00756	0.00512	0.00451	0.00838	0.01078	0.01402	0.05862	0.33640	0.18131	0.30226	0.01542	0.00346	0.00409	0.01247	0.00475	0.00435
75	0.01359	0.01524	0.03244	0.02317	0.02900	0.01412	0.67676	0.01829	0.01359	0.01865	0.01164	0.01538	0.00881	0.00485	0.00665	0.00187	0.00934	0.00658	0.00298	0.07705
76	0.11360	0.09291	0.18393	0.08209	0.31770	0.01483	0.01578	0.07831	0.01355	0.02037	0.01042	0.01289	0.00823	0.00546	0.00526	0.00173	0.00694	0.00455	0.00306	0.00840
77	0.01781	0.01339	0.01602	0.01318	0.01600	0.01581	0.01080	0.27586	0.15279	0.11297	0.01492	0.01600	0.01134	0.00941	0.03616	0.00230	0.24627	0.00554	0.00490	0.00852
78	0.00754	0.00624	0.00665	0.00649	0.00840	0.00551	0.00488	0.01003	0.05120	0.01773	0.20194	0.05163	0.57372	0.01379	0.00682	0.00194	0.00299	0.01162	0.00563	0.00525
79	0.01310	0.01913	0.23558	0.16807	0.10996	0.05232	0.28166	0.01799	0.01300	0.01766	0.01088	0.01428	0.00818	0.00534	0.00608	0.00187	0.00879	0.00547	0.00273	0.00788
80	0.01166	0.03008	0.76550	0.01657	0.02517	0.01351	0.02149	0.01842	0.01228	0.01842	0.01044	0.01228	0.00737	0.00552	0.00552	0.00184	0.00859	0.00430	0.00246	0.00859
81	0.01046	0.01309	0.21022	0.01107	0.01459	0.00861	0.04725	0.01386	0.01277	0.06257	0.21304	0.02822	0.06155	0.09753	0.16565	0.00378	0.00772	0.00740	0.00421	0.00640
82	0.01221	0.01033	0.01203	0.00876	0.01371	0.00799	0.00698	0.04019	0.01256	0.01941	0.01138	0.04506	0.00992	0.00499	0.00449	0.00096	0.00434	0.00406	0.00361	0.76704
83	0.00811	0.00633	0.00707	0.00705	0.00855	0.00590	0.00520	0.01051	0.05698	0.01672	0.15572	0.04939	0.38371	0.16783	0.01141	0.00274	0.00379	0.08276	0.00521	0.00503
84	0.60323	0.01086	0.00997	0.00842	0.01228	0.01175	0.00695	0.02033	0.01184	0.23845	0.01237	0.01243	0.00863	0.00592	0.00425	0.00180	0.00463	0.00393	0.00464	0.00733
85	0.70572	0.01130	0.00951	0.00821	0.01196	0.01272	0.00677	0.04897	0.01144	0.11438	0.01011	0.01087	0.00741	0.00568	0.00396	0.00180	0.00463	0.00356	0.00412	0.00688
86	0.01543	0.32508	0.09049	0.01187	0.01642	0.04293	0.04763	0.09598	0.14418	0.04573	0.01473	0.01549	0.03398	0.00787	0.03738	0.00191	0.00662	0.00487	0.03345	0.00796
87	0.00851	0.00691	0.00961	0.00943	0.01007	0.00735	0.04336	0.00959	0.01057	0.01426	0.02695	0.42074	0.09078	0.17531	0.01359	0.00300	0.11824	0.01235	0.00447	0.00489
88	0.00759	0.00552	0.00653	0.00728	0.00836	0.00502	0.00525	0.00908	0.01217	0.01607	0.03988	0.39667	0.28407	0.01564	0.00694	0.00215	0.00332	0.07280	0.09074	0.00491
89	0.01756	0.60609	0.02680	0.01056	0.01536	0.05812	0.00997	0.08619	0.01399	0.09364	0.01022	0.01090	0.00841	0.00544	0.00422	0.00136	0.00632	0.00362	0.00331	0.00791
90	0.01504	0.01273	0.01589	0.44406	0.02913	0.10414	0.01308	0.10847	0.01482	0.09550	0.01473	0.01744	0.04714	0.00662	0.00574	0.00183	0.00719	0.00545	0.03384	0.00717
91	0.00809	0.01079	0.16172	0.00838	0.01138	0.00684	0.00799	0.01049	0.01228	0.01567	0.04157	0.08128	0.45910	0.09527	0.04132	0.00265	0.00494	0.01021	0.00451	0.00552
92	0.01080	0.00734	0.00894	0.00845	0.01007	0.00750	0.00631	0.07231	0.03889	0.07438	0.02741	0.07238	0.17002	0.20322	0.21475	0.00480	0.00756	0.04468	0.00455	0.00563
93	0.00851	0.00682	0.01001	0.13349	0.01452	0.00775	0.00814	0.01028	0.01046	0.01430	0.02165	0.36771	0.02391	0.04524	0.22847	0.00441	0.06439	0.01068	0.00403	0.00522
94	0.11760	0.01367	0.01613	0.01636	0.16783	0.05098	0.01101	0.26538	0.01849	0.20100	0.01544	0.05437	0.01172	0.00700	0.00560	0.00178	0.00598	0.00562	0.00512	0.00891

[dist]
# distance from previous block
# <min> <max>
3	10

[block]
# block no. 4 follows, 40 sequences, length 15
# corresponding to MSA columns:
# 463-477
name=unknown_E
#
# <colnr> <probs for GDERKNQSTAVLIFYWHMCP>
#	G	D	E	R	K	N	Q	S	T	A	V	L	I	F	Y	W	H	M	C	P
0	0.30081	0.01721	0.01443	0.01499	0.13049	0.25178	0.01018	0.11525	0.01499	0.02213	0.01225	0.01357	0.04672	0.00625	0.00492	0.00169	0.00693	0.00441	0.00369	0.00730
1	0.00951	0.00863	0.00823	0.00785	0.00982	0.07627	0.00588	0.01299	0.09842	0.01850	0.23747	0.06075	0.38107	0.03013	0.00714	0.00198	0.00384	0.01038	0.00547	0.00569
2	0.01521	0.01393	0.01757	0.01898	0.22059	0.09394	0.06392	0.08193	0.16336	0.04888	0.01620	0.01779	0.03875	0.00981	0.07578	0.00240	0.00732	0.00566	0.00409	0.08388
3	0.00710	0.00582	0.00626	0.00631	0.00804	0.00498	0.00467	0.00873	0.01356	0.01681	0.16442	0.12159	0.58231	0.01461	0.00692	0.00198	0.00295	0.01239	0.00555	0.00498
4	0.01004	0.00850	0.01149	0.19378	0.01802	0.00972	0.00928	0.01557	0.17018	0.01690	0.05230	0.02692	0.13314	0.02104	0.27216	0.00452	0.00883	0.00718	0.00409	0.00633
5	0.01206	0.01034	0.01206	0.00861	0.01378	0.00775	0.00689	0.01464	0.01206	0.01895	0.01034	0.01206	0.00861	0.00431	0.00431	0.00086	0.00431	0.00345	0.00345	0.83118
6	0.19151	0.01498	0.16154	0.01145	0.01566	0.01275	0.01084	0.21805	0.01515	0.02380	0.01239	0.01539	0.01001	0.03365	0.19898	0.00375	0.00866	0.00487	0.00387	0.03271
7	0.00841	0.00584	0.00736	0.00736	0.00771	0.00619	0.00479	0.00911	0.00876	0.01203	0.01739	0.03290	0.01890	0.54081	0.28136	0.00689	0.00901	0.00770	0.00339	0.00409
8	0.18060	0.01606	0.19228	0.01163	0.01661	0.01267	0.01138	0.15038	0.08605	0.18457	0.01518	0.01522	0.01066	0.00644	0.00520	0.00178	0.00580	0.00487	0.06414	0.00848
9	0.00763	0.00599	0.00729	0.00715	0.00871	0.00565	0.00543	0.00964	0.01330	0.01752	0.26257	0.04421	0.36413	0.02076	0.18982	0.00369	0.00590	0.01029	0.00516	0.00515
10	0.01184	0.15836	0.13535	0.00997	0.01356	0.01204	0.00939	0.05765	0.11922	0.01898	0.11529	0.02639	0.11312	0.09376	0.03255	0.00238	0.00555	0.00685	0.05091	0.00685
11	0.01350	0.01286	0.02162	0.23085	0.54440	0.01360	0.01710	0.01752	0.03849	0.01810	0.01122	0.01494	0.00913	0.00544	0.00578	0.00179	0.00705	0.00523	0.00291	0.00849
12	0.05351	0.08667	0.01570	0.01157	0.01525	0.13850	0.00934	0.21086	0.09497	0.09643	0.05063	0.01666	0.01300	0.04788	0.00709	0.00184	0.03480	0.00516	0.00467	0.08546
13	0.04699	0.01422	0.06804	0.01523	0.08571	0.03641	0.12299	0.12991	0.08514	0.02230	0.04022	0.03784	0.01212	0.00610	0.00549	0.00156	0.00616	0.00540	0.00401	0.25417
14	0.01672	0.07218	0.08536	0.01646	0.12832	0.28677	0.01204	0.11693	0.03851	0.01876	0.01425	0.13968	0.01344	0.00795	0.00570	0.00174	0.00759	0.00635	0.00376	0.00751

[dist]
# distance from previous block
# <min> <max>
0	235

[block]
# block no. 5 follows, 40 sequences, length 26
# corresponding to MSA columns:
# 713-737,744
name=unknown_F
#
# <colnr> <probs for GDERKNQSTAVLIFYWHMCP>
#	G	D	E	R	K	N	Q	S	T	A	V	L	I	F	Y	W	H	M	C	P
0	0.01589	0.09748	0.17773	0.09370	0.10448	0.18075	0.01394	0.07005	0.05387	0.05158	0.01169	0.01360	0.00908	0.00760	0.04118	0.00202	0.00813	0.00456	0.00334	0.03934
1	0.01539	0.08490	0.14373	0.01523	0.12361	0.09333	0.01214	0.14438	0.01628	0.06551	0.10048	0.02007	0.07666	0.00725	0.00563	0.00167	0.00635	0.00584	0.00420	0.05735
2	0.00898	0.00905	0.06460	0.00816	0.01058	0.04053	0.00681	0.01148	0.01447	0.01936	0.34483	0.08579	0.24698	0.01176	0.00652	0.00182	0.00380	0.02215	0.00533	0.07698
3	0.08893	0.01308	0.09443	0.07645	0.15114	0.01231	0.06923	0.06031	0.09589	0.01964	0.03681	0.03814	0.01286	0.01431	0.16422	0.00342	0.03188	0.00588	0.00362	0.00744
4	0.00811	0.00674	0.00809	0.00798	0.00927	0.00682	0.00599	0.01016	0.03710	0.01690	0.16604	0.22359	0.34924	0.01430	0.00843	0.00211	0.09666	0.01194	0.00525	0.00528
5	0.05985	0.00788	0.01106	0.25837	0.01949	0.00840	0.00916	0.01340	0.01274	0.09808	0.11281	0.22369	0.12041	0.01102	0.00636	0.00201	0.00490	0.00962	0.00470	0.00606
6	0.01556	0.01314	0.01875	0.02140	0.32022	0.04477	0.05583	0.05575	0.02615	0.09748	0.01233	0.01423	0.00964	0.00527	0.00536	0.00147	0.00615	0.00477	0.00372	0.26801
7	0.00885	0.00523	0.00612	0.00684	0.00765	0.00505	0.00477	0.01066	0.01163	0.01806	0.02590	0.42980	0.02739	0.01284	0.00584	0.00189	0.00306	0.01131	0.39205	0.00505
8	0.01179	0.01093	0.04552	0.00917	0.01393	0.00825	0.00759	0.01546	0.06707	0.01897	0.01322	0.08023	0.01182	0.00583	0.00475	0.00112	0.00444	0.00485	0.00375	0.66130
9	0.01174	0.01161	0.01126	0.01076	0.01156	0.16620	0.00790	0.01277	0.01098	0.01359	0.01739	0.21919	0.01928	0.19583	0.08564	0.00363	0.17314	0.00863	0.00365	0.00526
10	0.00805	0.00594	0.00753	0.00713	0.00858	0.00541	0.00535	0.01063	0.01604	0.02233	0.66550	0.04507	0.14627	0.01226	0.00686	0.00185	0.00277	0.01075	0.00627	0.00541
11	0.01431	0.17428	0.01819	0.12962	0.01891	0.01633	0.01100	0.02268	0.32940	0.04755	0.01565	0.01659	0.01224	0.00734	0.00770	0.00191	0.13882	0.00536	0.00417	0.00797
12	0.01525	0.04352	0.24743	0.02173	0.27096	0.04677	0.04418	0.09047	0.01460	0.06968	0.01170	0.01361	0.00887	0.00555	0.00554	0.00169	0.00728	0.00476	0.00337	0.07305
13	0.01940	0.15073	0.09473	0.01261	0.01775	0.01719	0.01149	0.45397	0.02150	0.06716	0.01280	0.01316	0.00936	0.00631	0.00532	0.00161	0.00636	0.00468	0.00481	0.06906
14	0.00831	0.00623	0.00935	0.00935	0.01038	0.00727	0.00727	0.01038	0.00935	0.01350	0.01558	0.02285	0.01454	0.04361	0.77259	0.00935	0.01558	0.00623	0.00312	0.00519
15	0.00892	0.00732	0.01179	0.09897	0.04444	0.00809	0.05178	0.01121	0.01039	0.01446	0.01796	0.17978	0.01815	0.03024	0.45141	0.00632	0.01148	0.00823	0.00351	0.00556
16	0.01372	0.18530	0.11985	0.03969	0.01586	0.13699	0.01080	0.01599	0.01246	0.05941	0.01657	0.24240	0.01706	0.00977	0.00691	0.00187	0.07717	0.00776	0.00372	0.00670
17	0.01009	0.00562	0.00835	0.00820	0.00830	0.00602	0.00572	0.00822	0.00782	0.01065	0.01046	0.01786	0.01037	0.02178	0.09215	0.70486	0.05279	0.00516	0.00258	0.00300
18	0.50313	0.01234	0.01160	0.00954	0.01354	0.01364	0.00787	0.20490	0.01542	0.14148	0.01188	0.01219	0.00846	0.00608	0.00451	0.00179	0.00506	0.00410	0.00472	0.00777
19	0.01461	0.01448	0.13038	0.13603	0.02076	0.01273	0.04942	0.20331	0.10011	0.06631	0.07574	0.02297	0.11179	0.00796	0.00606	0.00187	0.00612	0.00667	0.00471	0.00797
20	0.01027	0.00745	0.00876	0.00924	0.01038	0.03704	0.00678	0.07356	0.01319	0.05056	0.02814	0.49880	0.03185	0.06214	0.00854	0.00249	0.00444	0.12555	0.00530	0.00551
21	0.01056	0.00954	0.01366	0.01236	0.01287	0.01264	0.01005	0.01222	0.00912	0.01375	0.01153	0.01769	0.01102	0.02658	0.38873	0.00588	0.40754	0.00565	0.00282	0.00579
22	0.01519	0.00774	0.00999	0.00855	0.01122	0.00698	0.00671	0.04349	0.01624	0.29914	0.33265	0.07945	0.11706	0.01066	0.00648	0.00186	0.00376	0.00914	0.00650	0.00718
23	0.01172	0.00814	0.00935	0.00860	0.01097	0.00809	0.00658	0.01762	0.21439	0.11484	0.20713	0.10154	0.23470	0.01154	0.00653	0.00195	0.00364	0.00985	0.00601	0.00683
24	0.01755	0.01917	0.17684	0.17262	0.02409	0.09316	0.01435	0.36332	0.01978	0.02598	0.01195	0.01357	0.00867	0.00633	0.00570	0.00178	0.00756	0.00487	0.00415	0.00858
25	0.01098	0.01402	0.17037	0.13249	0.08661	0.01115	0.08549	0.01547	0.04658	0.01924	0.23351	0.02487	0.05501	0.00818	0.00711	0.00191	0.05883	0.00711	0.00402	0.00705

[dist]
# distance from previous block
# <min> <max>
11	149

[block]
# block no. 6 follows, 40 sequences, length 18
# corresponding to MSA columns:
# 989-1006
name=unknown_G
#
# <colnr> <probs for GDERKNQSTAVLIFYWHMCP>
#	G	D	E	R	K	N	Q	S	T	A	V	L	I	F	Y	W	H	M	C	P
0	0.15979	0.15698	0.07349	0.01219	0.01613	0.19579	0.03522	0.08475	0.09066	0.01967	0.01155	0.01319	0.00934	0.00988	0.08562	0.00244	0.00807	0.00437	0.00354	0.00735
1	0.03829	0.18155	0.29739	0.05089	0.02060	0.18348	0.01455	0.05644	0.01379	0.01756	0.00975	0.01143	0.00763	0.00551	0.00498	0.00157	0.00794	0.00393	0.00287	0.06985
2	0.04869	0.10729	0.10825	0.08368	0.03675	0.26796	0.04740	0.10441	0.05647	0.01887	0.01187	0.01352	0.02318	0.00622	0.00562	0.00168	0.02610	0.00459	0.01989	0.00755
3	0.07362	0.20206	0.06686	0.01403	0.07789	0.17733	0.01126	0.09682	0.08337	0.09061	0.01313	0.01525	0.01052	0.00644	0.00514	0.00165	0.00693	0.03515	0.00394	0.00801
4	0.01682	0.08028	0.01742	0.01329	0.01696	0.26066	0.07536	0.12828	0.09237	0.01946	0.01376	0.01544	0.03118	0.01059	0.09438	0.00246	0.00858	0.00499	0.00381	0.09389
5	0.01396	0.01212	0.06584	0.00971	0.01299	0.06984	0.00821	0.12672	0.08063	0.05808	0.15515	0.02353	0.05637	0.00785	0.00546	0.00160	0.00478	0.00637	0.18557	0.09522
6	0.00836	0.00604	0.00837	0.00837	0.00907	0.00674	0.00605	0.00976	0.00906	0.01277	0.01647	0.02780	0.01669	0.28869	0.53045	0.00814	0.01234	0.00696	0.00325	0.00465
7	0.01477	0.01098	0.01568	0.01845	0.24968	0.01142	0.01138	0.04898	0.12600	0.13292	0.17814	0.02502	0.02235	0.00833	0.00712	0.00190	0.06206	0.04172	0.00497	0.00813
8	0.00709	0.00506	0.00675	0.00810	0.00843	0.00472	0.00540	0.00810	0.01113	0.01484	0.03205	0.79184	0.03846	0.01822	0.00742	0.00236	0.00337	0.01653	0.00540	0.00472
9	0.01206	0.01034	0.01206	0.00861	0.01378	0.00775	0.00689	0.01464	0.01206	0.01895	0.01034	0.01206	0.00861	0.00431	0.00431	0.00086	0.00431	0.00345	0.00345	0.83118
10	0.01555	0.79913	0.03047	0.00995	0.01493	0.02301	0.00995	0.01741	0.01182	0.01368	0.00808	0.00933	0.00746	0.00498	0.00373	0.00124	0.00622	0.00311	0.00249	0.00746
11	0.83671	0.01125	0.00855	0.00765	0.01125	0.01305	0.00630	0.01709	0.00990	0.02609	0.00810	0.00945	0.00630	0.00540	0.00360	0.00180	0.00450	0.00315	0.00360	0.00630
12	0.01888	0.02000	0.01758	0.01479	0.01848	0.33738	0.08711	0.15698	0.22717	0.02170	0.01439	0.01487	0.01100	0.00660	0.00571	0.00173	0.00798	0.00516	0.00434	0.00814
13	0.01019	0.00787	0.01053	0.01093	0.07812	0.00760	0.03706	0.01341	0.07280	0.06483	0.10169	0.03971	0.32026	0.05725	0.10381	0.00307	0.00567	0.04414	0.00493	0.00612
14	0.00703	0.00560	0.00631	0.00676	0.00811	0.00488	0.00483	0.00843	0.01271	0.01589	0.09395	0.31542	0.45803	0.01578	0.00707	0.00210	0.00308	0.01367	0.00546	0.00488
15	0.06902	0.59036	0.02619	0.01057	0.01521	0.07932	0.00989	0.08351	0.04009	0.01697	0.00925	0.01029	0.00798	0.00537	0.00411	0.00137	0.00640	0.00348	0.00302	0.00761
16	0.05272	0.04814	0.04822	0.01504	0.07648	0.01243	0.14824	0.05435	0.13557	0.08347	0.13918	0.02350	0.07444	0.00796	0.00686	0.00189	0.05222	0.00696	0.00464	0.00770
17	0.04658	0.04505	0.15099	0.07553	0.03619	0.16445	0.04225	0.05904	0.10042	0.12284	0.01391	0.01498	0.01027	0.00642	0.00596	0.00176	0.03721	0.00493	0.05325	0.00796

[dist]
# distance from previous block
# <min> <max>
0	3

[block]
# block no. 7 follows, 40 sequences, length 14
# corresponding to MSA columns:
# 1010-1023
name=unknown_H
#
# <colnr> <probs for GDERKNQSTAVLIFYWHMCP>
#	G	D	E	R	K	N	Q	S	T	A	V	L	I	F	Y	W	H	M	C	P
0	0.01795	0.03936	0.06324	0.06951	0.01888	0.01471	0.04436	0.39333	0.06382	0.08573	0.01804	0.08167	0.04698	0.00801	0.00597	0.00184	0.00616	0.00657	0.00519	0.00869
1	0.00727	0.00543	0.00680	0.00768	0.00855	0.00495	0.00543	0.00864	0.01221	0.01591	0.09866	0.51322	0.20641	0.01675	0.00729	0.00224	0.00335	0.05887	0.00548	0.00487
2	0.04345	0.01035	0.01473	0.36023	0.14183	0.03297	0.01231	0.05062	0.01288	0.01887	0.01288	0.01659	0.01000	0.00603	0.00522	0.00172	0.00611	0.00513	0.23133	0.00678
