[name]
unknown

[dist]
# distance from previous block
# <min> <max>
0	113

[block]
# block no. 0 follows, 50 sequences, length 144
# corresponding to MSA columns:
# 128-271
name=unknown_A
#
# <colnr> <probs for GDERKNQSTAVLIFYWHMCP>
#	G	D	E	R	K	N	Q	S	T	A	V	L	I	F	Y	W	H	M	C	P
0	0.01104	0.03299	0.10884	0.17054	0.20733	0.02624	0.01151	0.07214	0.01178	0.01637	0.05797	0.01616	0.02296	0.03711	0.00559	0.00156	0.00551	0.03150	0.00296	0.14991
1	0.00844	0.00686	0.01017	0.01314	0.21996	0.00673	0.02052	0.00984	0.00976	0.01329	0.05647	0.20127	0.05342	0.27735	0.01220	0.00278	0.00453	0.06488	0.00352	0.00488
2	0.00691	0.00533	0.00722	0.00726	0.00814	0.00574	0.00546	0.00838	0.00925	0.01265	0.08264	0.14326	0.15718	0.06942	0.40798	0.00509	0.04233	0.00790	0.00352	0.00433
3	0.01022	0.00672	0.00762	0.00678	0.00879	0.00651	0.00527	0.09712	0.06434	0.09739	0.24720	0.03193	0.25924	0.00925	0.00532	0.00155	0.00304	0.00776	0.11839	0.00555
4	0.00610	0.00442	0.00577	0.00679	0.00721	0.00409	0.00458	0.00706	0.00987	0.01310	0.06314	0.73579	0.08332	0.01518	0.00631	0.00198	0.00284	0.01370	0.00467	0.00409
5	0.86003	0.00964	0.00733	0.00655	0.00964	0.01118	0.00540	0.01465	0.00848	0.02236	0.00694	0.00810	0.00540	0.00463	0.00308	0.00154	0.00386	0.00270	0.00308	0.00540
6	0.00614	0.00506	0.00544	0.00567	0.00716	0.00436	0.00432	0.00747	0.01120	0.01355	0.04573	0.12239	0.63797	0.01303	0.00604	0.00178	0.00278	0.09105	0.00462	0.00423
7	0.01000	0.02578	0.79900	0.01421	0.02157	0.01158	0.01842	0.01579	0.01052	0.01579	0.00895	0.01052	0.00631	0.00474	0.00474	0.00158	0.00737	0.00368	0.00210	0.00737
8	0.47372	0.01124	0.01040	0.00853	0.01191	0.01270	0.00702	0.33277	0.01481	0.02598	0.00942	0.01015	0.00699	0.00524	0.00389	0.00151	0.00447	0.00353	0.03907	0.00665
9	0.01895	0.01396	0.01496	0.01147	0.01546	0.01546	0.00947	0.77711	0.02344	0.03141	0.01197	0.01197	0.00848	0.00598	0.00499	0.00150	0.00548	0.00449	0.00499	0.00848
10	0.02236	0.00848	0.01157	0.00887	0.01272	0.00733	0.00733	0.02429	0.01427	0.79719	0.01966	0.01697	0.01234	0.00617	0.00501	0.00154	0.00424	0.00501	0.00617	0.00848
11	0.01862	0.02376	0.01413	0.01284	0.01541	0.80482	0.00963	0.01990	0.01413	0.01220	0.00770	0.00899	0.00642	0.00514	0.00449	0.00128	0.00899	0.00321	0.00257	0.00578
12	0.01234	0.01184	0.02023	0.03059	0.79373	0.01184	0.01530	0.01530	0.01135	0.01628	0.00938	0.01234	0.00790	0.00444	0.00493	0.00148	0.00592	0.00444	0.00247	0.00790
13	0.00640	0.00466	0.00604	0.00656	0.00727	0.00429	0.00459	0.00783	0.01129	0.01534	0.29813	0.48449	0.09771	0.01347	0.00615	0.00184	0.00267	0.01207	0.00493	0.00429
14	0.82533	0.00959	0.00750	0.00665	0.00977	0.01102	0.00548	0.01505	0.00872	0.05447	0.00747	0.00846	0.00569	0.00469	0.00316	0.00154	0.00387	0.00279	0.00321	0.00553
15	0.00650	0.00507	0.00590	0.00569	0.00711	0.00447	0.00427	0.00834	0.01281	0.01691	0.44126	0.04230	0.39880	0.01134	0.00588	0.00162	0.00243	0.00973	0.00508	0.00447
16	0.49318	0.01090	0.01027	0.00840	0.01187	0.01211	0.00693	0.26099	0.01396	0.11438	0.01002	0.01036	0.00719	0.00524	0.00392	0.00153	0.00442	0.00354	0.00405	0.00674
17	0.00610	0.00504	0.00535	0.00530	0.00687	0.00429	0.00397	0.00755	0.01181	0.01460	0.18104	0.06113	0.64523	0.01225	0.00590	0.00167	0.00250	0.01032	0.00478	0.00429
18	0.00694	0.00513	0.00609	0.00586	0.00728	0.00454	0.00439	0.00877	0.01279	0.03740	0.43431	0.07362	0.35212	0.01131	0.00588	0.00163	0.00249	0.00974	0.00512	0.00457
19	0.01441	0.20480	0.01688	0.20473	0.01907	0.21321	0.01015	0.12821	0.11208	0.01613	0.01003	0.01146	0.00789	0.00523	0.00446	0.00141	0.00641	0.00387	0.00305	0.00653
20	0.25093	0.06919	0.14192	0.01017	0.01434	0.02998	0.00954	0.32733	0.01538	0.04777	0.01033	0.03366	0.00790	0.00555	0.00433	0.00151	0.00529	0.00400	0.00377	0.00711
21	0.03835	0.37540	0.09296	0.01282	0.11218	0.04341	0.03457	0.14570	0.02967	0.04102	0.00951	0.02660	0.00785	0.00500	0.00415	0.00133	0.00569	0.00378	0.00295	0.00704
22	0.55101	0.00862	0.00778	0.00785	0.03433	0.02308	0.00613	0.01326	0.00934	0.01953	0.01223	0.03264	0.01172	0.04544	0.00508	0.00184	0.00413	0.16226	0.03859	0.00515
23	0.01256	0.05512	0.19666	0.07232	0.18175	0.08478	0.08127	0.05827	0.02810	0.06674	0.10219	0.01490	0.01228	0.00550	0.00497	0.00151	0.00619	0.00480	0.00315	0.00693
24	0.00603	0.00499	0.00528	0.00535	0.00685	0.00424	0.00396	0.00736	0.01147	0.01405	0.12304	0.11942	0.64545	0.01266	0.00593	0.00170	0.00254	0.01071	0.00472	0.00424
25	0.00607	0.00434	0.00578	0.00694	0.00723	0.00405	0.00463	0.00694	0.00954	0.01272	0.02747	0.82157	0.03297	0.01562	0.00636	0.00202	0.00289	0.01417	0.00463	0.00405
26	0.01604	0.00965	0.01137	0.00914	0.01221	0.00981	0.00743	0.32641	0.01779	0.23464	0.21889	0.02235	0.04388	0.00757	0.00531	0.00156	0.00421	0.02908	0.00541	0.00725
27	0.01862	0.02376	0.01413	0.01284	0.01541	0.80482	0.00963	0.01990	0.01413	0.01220	0.00770	0.00899	0.00642	0.00514	0.00449	0.00128	0.00899	0.00321	0.00257	0.00578
28	0.00885	0.00890	0.09651	0.00850	0.01138	0.00657	0.00772	0.02757	0.01171	0.01656	0.15741	0.05118	0.05618	0.00894	0.00542	0.00157	0.00412	0.24831	0.00400	0.25862
29	0.00974	0.00919	0.01554	0.72574	0.11889	0.01116	0.01400	0.01302	0.01012	0.01313	0.00892	0.01318	0.00678	0.00492	0.00498	0.00164	0.00656	0.00443	0.00224	0.00580
30	0.01124	0.00983	0.07251	0.41870	0.11388	0.00972	0.01226	0.01435	0.01106	0.11598	0.04041	0.01922	0.01156	0.00624	0.00517	0.00167	0.00581	0.08878	0.02544	0.00617
31	0.01240	0.01071	0.01127	0.01014	0.01296	0.01240	0.00789	0.02649	0.78473	0.02085	0.02029	0.01860	0.01522	0.00676	0.00507	0.00169	0.00394	0.00564	0.00507	0.00789
32	0.00717	0.00514	0.00698	0.00698	0.00751	0.00567	0.00494	0.00824	0.00771	0.01081	0.01429	0.02481	0.01473	0.35301	0.49255	0.00674	0.00994	0.00611	0.00281	0.00388
33	0.01014	0.00736	0.00829	0.00719	0.00934	0.00723	0.00563	0.19483	0.01537	0.05258	0.30161	0.03419	0.30688	0.00989	0.00563	0.00159	0.00325	0.00830	0.00508	0.00559
34	0.10997	0.01106	0.01192	0.00959	0.01319	0.01171	0.00776	0.26426	0.23464	0.13074	0.01438	0.01387	0.01042	0.00575	0.00461	0.00145	0.00443	0.00446	0.00467	0.13110
35	0.01060	0.01429	0.26403	0.00962	0.01498	0.00825	0.00997	0.01395	0.01052	0.04027	0.00922	0.01060	0.00719	0.00410	0.00407	0.00103	0.00489	0.00325	0.00278	0.55636
36	0.01140	0.17635	0.01208	0.00710	0.01052	0.00866	0.00599	0.01314	0.01124	0.13641	0.02354	0.02299	0.26022	0.00707	0.00450	0.00124	0.00374	0.00565	0.00383	0.27434
37	0.86003	0.00964	0.00733	0.00655	0.00964	0.01118	0.00540	0.01465	0.00848	0.02236	0.00694	0.00810	0.00540	0.00463	0.00308	0.00154	0.00386	0.00270	0.00308	0.00540
38	0.01145	0.01339	0.23266	0.00967	0.01338	0.01001	0.00963	0.10226	0.23164	0.01986	0.01485	0.01557	0.01116	0.00579	0.00446	0.00147	0.00456	0.00464	0.27678	0.00676
39	0.86003	0.00964	0.00733	0.00655	0.00964	0.01118	0.00540	0.01465	0.00848	0.02236	0.00694	0.00810	0.00540	0.00463	0.00308	0.00154	0.00386	0.00270	0.00308	0.00540
40	0.00725	0.00483	0.00544	0.00544	0.00544	0.00483	0.00302	0.00725	0.00725	0.00966	0.01571	0.03262	0.01812	0.82483	0.02537	0.00483	0.00483	0.00725	0.00302	0.00302
41	0.00611	0.00462	0.00559	0.00632	0.00707	0.00417	0.00437	0.00710	0.01008	0.01289	0.03436	0.52178	0.27629	0.04814	0.00701	0.00204	0.00289	0.03053	0.00456	0.00407
42	0.01034	0.00886	0.01034	0.00738	0.01181	0.00664	0.00591	0.01255	0.01034	0.01624	0.00886	0.01034	0.00738	0.00369	0.00369	0.00074	0.00369	0.00295	0.00295	0.85530
43	0.00972	0.00924	0.01581	0.72669	0.09391	0.01118	0.03754	0.01304	0.01013	0.01311	0.00894	0.01322	0.00677	0.00492	0.00501	0.00165	0.00664	0.00448	0.00224	0.00576
44	0.01011	0.01986	0.50347	0.01416	0.01950	0.01152	0.11977	0.01459	0.01022	0.01521	0.01014	0.05833	0.00833	0.00590	0.00658	0.00169	0.12163	0.00473	0.03755	0.00670
45	0.00876	0.00730	0.00793	0.00738	0.00938	0.00757	0.00565	0.01538	0.31766	0.01807	0.23048	0.03358	0.29192	0.00968	0.00556	0.00166	0.00304	0.00820	0.00503	0.00579
46	0.02097	0.01275	0.01270	0.01018	0.01377	0.18357	0.00819	0.15004	0.01578	0.49616	0.01575	0.01438	0.01039	0.00591	0.00489	0.00148	0.00549	0.00453	0.00518	0.00789
47	0.01565	0.01013	0.06702	0.12139	0.13169	0.00899	0.03192	0.06237	0.01284	0.35231	0.01625	0.12027	0.01284	0.00682	0.00518	0.00162	0.00504	0.00595	0.00443	0.00729
48	0.01050	0.01023	0.01417	0.01223	0.01223	0.01411	0.01003	0.01147	0.00759	0.01174	0.00756	0.01332	0.00783	0.09960	0.01736	0.00248	0.72541	0.00468	0.00227	0.00518
49	0.01091	0.01091	0.01527	0.01309	0.01309	0.01527	0.01091	0.01200	0.00763	0.01200	0.00654	0.01091	0.00654	0.00872	0.01636	0.00218	0.81570	0.00436	0.00218	0.00545
50	0.01105	0.01115	0.02080	0.32948	0.28308	0.01176	0.23051	0.01450	0.01093	0.01483	0.00938	0.01302	0.00732	0.00458	0.00522	0.00161	0.00690	0.00485	0.00239	0.00665
51	0.04584	0.03321	0.19357	0.02631	0.01540	0.06405	0.08740	0.07644	0.01143	0.10604	0.01186	0.01498	0.00953	0.05152	0.22650	0.00347	0.00840	0.00466	0.00312	0.00627
52	0.01251	0.01428	0.04134	0.01361	0.10770	0.29232	0.03151	0.01441	0.01088	0.01287	0.02672	0.01382	0.00947	0.01591	0.26349	0.00360	0.10296	0.00440	0.00259	0.00563
53	0.00633	0.00511	0.00568	0.00585	0.00733	0.00446	0.00451	0.00784	0.01161	0.01440	0.13472	0.08999	0.55901	0.01265	0.00605	0.00177	0.00280	0.11086	0.00473	0.00431
54	0.01093	0.00689	0.00807	0.00720	0.00942	0.00650	0.00556	0.05051	0.10673	0.17253	0.15615	0.11410	0.28132	0.00996	0.00556	0.00164	0.00323	0.00845	0.00510	0.03015
55	0.15682	0.22831	0.11469	0.01167	0.03166	0.01404	0.10842	0.08445	0.02990	0.07141	0.00970	0.02797	0.00779	0.00536	0.00532	0.00150	0.07728	0.00404	0.00301	0.00666
56	0.00716	0.00524	0.00690	0.00786	0.00862	0.00518	0.00595	0.00942	0.06288	0.01417	0.04643	0.50060	0.03075	0.01428	0.00643	0.00208	0.00350	0.25340	0.00467	0.00450
57	0.00621	0.00494	0.00558	0.00567	0.00699	0.00431	0.00416	0.00769	0.01176	0.01499	0.23368	0.17232	0.47909	0.01250	0.00597	0.00171	0.00254	0.01074	0.00485	0.00431
58	0.01230	0.01194	0.01910	0.19419	0.46004	0.06491	0.09188	0.01530	0.01138	0.03937	0.00991	0.01350	0.00807	0.00483	0.00506	0.00155	0.00646	0.02057	0.00259	0.00708
59	0.01186	0.16643	0.18594	0.08113	0.12987	0.06164	0.05587	0.07082	0.03213	0.01581	0.04574	0.06563	0.01106	0.00598	0.00504	0.00152	0.02407	0.01995	0.00288	0.00664
60	0.01786	0.00773	0.00964	0.00774	0.01074	0.00719	0.00628	0.08699	0.01385	0.47884	0.01789	0.01704	0.01214	0.00604	0.00452	0.00142	0.00373	0.00485	0.27827	0.00725
61	0.00619	0.00442	0.00592	0.00707	0.00742	0.00415	0.00483	0.00714	0.00966	0.01286	0.02741	0.77568	0.03271	0.01551	0.00639	0.00204	0.00299	0.05891	0.00462	0.00408
62	0.01386	0.06203	0.13185	0.04542	0.20945	0.19948	0.04787	0.07044	0.08716	0.03038	0.01047	0.01210	0.00822	0.00578	0.02254	0.00160	0.00679	0.00416	0.02341	0.00699
63	0.01177	0.05332	0.23946	0.01977	0.33659	0.01196	0.03759	0.06722	0.08452	0.01746	0.04503	0.01414	0.02851	0.00527	0.00491	0.00152	0.00593	0.00465	0.00295	0.00745
64	0.01666	0.00797	0.01023	0.00861	0.01136	0.00747	0.00677	0.12826	0.01421	0.43373	0.04309	0.25240	0.01882	0.00902	0.00543	0.00168	0.00397	0.00773	0.00553	0.00707
65	0.39528	0.01230	0.01219	0.02739	0.15743	0.14310	0.03807	0.02879	0.01061	0.03902	0.00868	0.01039	0.00688	0.00494	0.00436	0.00149	0.03245	0.00353	0.05703	0.00607
66	0.00628	0.00500	0.00563	0.00561	0.00701	0.00435	0.00415	0.00786	0.01208	0.01549	0.28583	0.11240	0.48649	0.01211	0.00593	0.00168	0.00250	0.01036	0.00490	0.00435
67	0.01298	0.05144	0.18570	0.03116	0.26041	0.08040	0.01291	0.08781	0.19266	0.01801	0.01180	0.01291	0.00910	0.00525	0.00482	0.00152	0.00598	0.00438	0.00322	0.00755
68	0.00870	0.00696	0.00849	0.02614	0.04558	0.00640	0.00597	0.04965	0.01135	0.03751	0.04455	0.19058	0.28739	0.01001	0.00584	0.00155	0.03837	0.02099	0.00409	0.18989
69	0.01533	0.03451	0.03114	0.06011	0.07412	0.06748	0.02618	0.33102	0.22038	0.03819	0.01392	0.01519	0.01064	0.00613	0.00501	0.00157	0.00546	0.03166	0.00431	0.00767
70	0.01290	0.32660	0.06382	0.03603	0.01787	0.02711	0.22901	0.10030	0.04415	0.01595	0.01026	0.01364	0.00865	0.00526	0.00490	0.00146	0.02393	0.04869	0.00284	0.00667
71	0.00596	0.00486	0.00528	0.00558	0.00688	0.00417	0.00403	0.00713	0.01092	0.01338	0.05683	0.25705	0.57384	0.01339	0.00602	0.00177	0.00262	0.01148	0.00464	0.00417
72	0.14408	0.01182	0.01287	0.04653	0.01446	0.01373	0.00880	0.35109	0.19315	0.02415	0.01235	0.01296	0.00931	0.00676	0.01946	0.00175	0.10073	0.00448	0.00422	0.00732
73	0.00737	0.00462	0.00559	0.00621	0.00698	0.00432	0.00433	0.00868	0.01012	0.03857	0.02696	0.50750	0.11171	0.01251	0.00554	0.00175	0.00275	0.01107	0.21904	0.00435
74	0.00596	0.00505	0.00515	0.00512	0.00678	0.00424	0.00384	0.00729	0.01153	0.01386	0.09481	0.04733	0.74715	0.01248	0.00589	0.00168	0.00251	0.01043	0.00468	0.00424
75	0.01408	0.00677	0.00776	0.00660	0.00884	0.00661	0.00524	0.10045	0.01298	0.24097	0.01675	0.01739	0.01217	0.00593	0.00409	0.00131	0.00322	0.00473	0.51795	0.00616
76	0.00713	0.00531	0.00783	0.00783	0.00866	0.00614	0.00601	0.00879	0.00796	0.01144	0.01351	0.02047	0.01285	0.09114	0.75184	0.00779	0.01277	0.00547	0.00269	0.00435
77	0.01240	0.01071	0.01127	0.01014	0.01296	0.01240	0.00789	0.02649	0.78473	0.02085	0.02029	0.01860	0.01522	0.00676	0.00507	0.00169	0.00394	0.00564	0.00507	0.00789
78	0.01316	0.01033	0.01734	0.13458	0.37753	0.01041	0.09711	0.03249	0.01180	0.13358	0.01175	0.01398	0.00891	0.00494	0.00490	0.00150	0.00564	0.00471	0.09817	0.00717
79	0.86003	0.00964	0.00733	0.00655	0.00964	0.01118	0.00540	0.01465	0.00848	0.02236	0.00694	0.00810	0.00540	0.00463	0.00308	0.00154	0.00386	0.00270	0.00308	0.00540
80	0.01034	0.00886	0.01034	0.00738	0.01181	0.00664	0.00591	0.01255	0.01034	0.01624	0.00886	0.01034	0.00738	0.00369	0.00369	0.00074	0.00369	0.00295	0.00295	0.85530
81	0.86003	0.00964	0.00733	0.00655	0.00964	0.01118	0.00540	0.01465	0.00848	0.02236	0.00694	0.00810	0.00540	0.00463	0.00308	0.00154	0.00386	0.00270	0.00308	0.00540
82	0.00712	0.00538	0.00673	0.00741	0.00866	0.00506	0.00611	0.00888	0.01117	0.01407	0.03484	0.08769	0.30829	0.04704	0.00726	0.00216	0.00376	0.41946	0.00454	0.00436
83	0.86003	0.00964	0.00733	0.00655	0.00964	0.01118	0.00540	0.01465	0.00848	0.02236	0.00694	0.00810	0.00540	0.00463	0.00308	0.00154	0.00386	0.00270	0.00308	0.00540
84	0.09616	0.01171	0.01311	0.01014	0.01400	0.01230	0.00837	0.45189	0.01896	0.29128	0.01413	0.01332	0.00951	0.00592	0.00482	0.00152	0.00491	0.00450	0.00522	0.00820
85	0.13400	0.00865	0.01016	0.00773	0.01161	0.00746	0.00629	0.01736	0.01160	0.31990	0.01309	0.01293	0.00925	0.00487	0.00411	0.00118	0.00387	0.00379	0.03942	0.37274
86	0.00607	0.00434	0.00578	0.00694	0.00723	0.00405	0.00463	0.00694	0.00954	0.01272	0.02747	0.82157	0.03297	0.01562	0.00636	0.00202	0.00289	0.01417	0.00463	0.00405
87	0.01413	0.00839	0.01138	0.00969	0.01168	0.00938	0.00788	0.09155	0.01155	0.27346	0.01390	0.01617	0.01080	0.01801	0.29782	0.00402	0.17490	0.00494	0.00396	0.00639
88	0.00687	0.00507	0.00622	0.00593	0.00722	0.00459	0.00445	0.00896	0.01334	0.01843	0.59229	0.03905	0.21788	0.01060	0.00580	0.00158	0.00239	0.00921	0.03554	0.00459
89	0.67635	0.00939	0.00826	0.00706	0.01032	0.01034	0.00582	0.01677	0.00975	0.19227	0.00973	0.01004	0.00692	0.00497	0.00351	0.00154	0.00394	0.00321	0.00376	0.00607
90	0.01715	0.00797	0.01073	0.00883	0.01174	0.00772	0.00717	0.08820	0.01309	0.47446	0.01693	0.01735	0.01202	0.01619	0.26234	0.00362	0.00729	0.00507	0.00494	0.00719
91	0.01039	0.01089	0.00863	0.00858	0.00995	0.26184	0.00629	0.01172	0.01199	0.01380	0.14158	0.27242	0.12226	0.03597	0.00625	0.00177	0.00488	0.05202	0.00405	0.00473
92	0.01352	0.00727	0.00883	0.00751	0.01013	0.00675	0.00594	0.03156	0.11124	0.31772	0.16551	0.02970	0.24573	0.00883	0.00543	0.00161	0.00339	0.00740	0.00544	0.00649
93	0.02074	0.00911	0.01159	0.00897	0.01264	0.00850	0.00739	0.15152	0.01552	0.60472	0.01808	0.01624	0.01172	0.00611	0.00489	0.00150	0.00430	0.00489	0.07339	0.00818
94	0.01108	0.01056	0.01796	0.36763	0.46654	0.01151	0.01467	0.01419	0.01075	0.01476	0.00915	0.01275	0.00736	0.00467	0.00496	0.00156	0.00623	0.00444	0.00236	0.00688
95	0.00940	0.00772	0.00849	0.00807	0.00996	0.00829	0.00618	0.01673	0.37161	0.01740	0.11381	0.05643	0.17282	0.08703	0.00747	0.00204	0.00360	0.08226	0.00478	0.00590
96	0.00643	0.00456	0.00575	0.00644	0.00681	0.00430	0.00422	0.00725	0.00951	0.01272	0.09735	0.52793	0.06504	0.20492	0.01076	0.00263	0.00328	0.01190	0.00433	0.00388
97	0.01617	0.01135	0.01361	0.01096	0.01354	0.01308	0.00902	0.37772	0.01629	0.14233	0.01202	0.01345	0.00909	0.02103	0.05405	0.00209	0.21780	0.00463	0.03454	0.00723
98	0.00785	0.00595	0.00823	0.02738	0.03716	0.00590	0.03865	0.06314	0.01037	0.01386	0.02231	0.50123	0.02568	0.16281	0.00969	0.00247	0.00394	0.04476	0.00413	0.00449
99	0.00616	0.00447	0.00589	0.00686	0.00728	0.00423	0.00465	0.00710	0.00950	0.01262	0.02769	0.69753	0.07999	0.03425	0.06395	0.00249	0.00366	0.01316	0.00445	0.00407
100	0.00906	0.00607	0.00732	0.00707	0.00778	0.00648	0.00480	0.01170	0.19945	0.01212	0.01434	0.04472	0.01402	0.27438	0.01743	0.34591	0.00435	0.00587	0.00323	0.00391
101	0.28554	0.01638	0.01254	0.03659	0.06732	0.34359	0.00878	0.14251	0.01355	0.01889	0.00831	0.00956	0.00654	0.00506	0.00417	0.00143	0.00650	0.00338	0.00311	0.00624
102	0.01046	0.00741	0.01018	0.02949	0.19104	0.00690	0.00748	0.03035	0.01202	0.13955	0.05870	0.09917	0.35833	0.00954	0.00553	0.00163	0.00377	0.00822	0.00436	0.00588
103	0.01065	0.00904	0.01050	0.00753	0.01194	0.00696	0.00603	0.04010	0.01081	0.01679	0.00897	0.01039	0.00742	0.00377	0.00374	0.00077	0.00376	0.00301	0.00303	0.82479
104	0.00641	0.00479	0.00596	0.00627	0.00720	0.00434	0.00447	0.00794	0.01170	0.01569	0.32677	0.34951	0.20496	0.01287	0.00607	0.00177	0.00260	0.01138	0.00496	0.00434
105	0.00666	0.00508	0.00611	0.00585	0.00720	0.00453	0.00439	0.00864	0.01317	0.01776	0.53865	0.04089	0.30087	0.01102	0.00588	0.00161	0.00241	0.00953	0.00519	0.00453
106	0.50656	0.00906	0.00862	0.00711	0.01050	0.00934	0.00582	0.01625	0.01011	0.18752	0.01037	0.01080	0.00752	0.00485	0.00361	0.00140	0.00385	0.00332	0.03892	0.14448
107	0.00746	0.00518	0.00679	0.00634	0.00759	0.00477	0.00477	0.00980	0.01411	0.04038	0.77086	0.03670	0.04612	0.01008	0.00586	0.00157	0.00240	0.00891	0.00550	0.00480
108	0.01862	0.02376	0.01413	0.01284	0.01541	0.80482	0.00963	0.01990	0.01413	0.01220	0.00770	0.00899	0.00642	0.00514	0.00449	0.00128	0.00899	0.00321	0.00257	0.00578
109	0.01091	0.01091	0.01527	0.01309	0.01309	0.01527	0.01091	0.01200	0.00763	0.01200	0.00654	0.01091	0.00654	0.00872	0.01636	0.00218	0.81570	0.00436	0.00218	0.00545
110	0.00929	0.00465	0.00465	0.00465	0.00581	0.00465	0.00348	0.01161	0.01045	0.01858	0.01626	0.01858	0.01278	0.00581	0.00348	0.00116	0.00232	0.00465	0.85250	0.00465
111	0.00651	0.00507	0.00590	0.00570	0.00711	0.00447	0.00427	0.00835	0.01282	0.01692	0.44248	0.04229	0.39757	0.01134	0.00588	0.00162	0.00243	0.00972	0.00508	0.00447
112	0.11762	0.00870	0.01114	0.00865	0.01242	0.00790	0.00714	0.03540	0.01376	0.69661	0.01809	0.01588	0.01149	0.00599	0.00479	0.00154	0.00422	0.00474	0.00580	0.00813
113	0.01091	0.01091	0.01527	0.01309	0.01309	0.01527	0.01091	0.01200	0.00763	0.01200	0.00654	0.01091	0.00654	0.00872	0.01636	0.00218	0.81570	0.00436	0.00218	0.00545
114	0.00618	0.00506	0.00545	0.00535	0.00691	0.00433	0.00401	0.00771	0.01204	0.01508	0.23381	0.04531	0.60739	0.01202	0.00589	0.00165	0.00248	0.01015	0.00484	0.00433
115	0.01000	0.02578	0.79900	0.01421	0.02157	0.01158	0.01842	0.01579	0.01052	0.01579	0.00895	0.01052	0.00631	0.00474	0.00474	0.00158	0.00737	0.00368	0.00210	0.00737
116	0.00803	0.00574	0.00803	0.00918	0.01033	0.00574	0.00803	0.01033	0.01147	0.01492	0.02639	0.05622	0.02869	0.01377	0.00688	0.00229	0.00459	0.76018	0.00459	0.00459
117	0.86003	0.00964	0.00733	0.00655	0.00964	0.01118	0.00540	0.01465	0.00848	0.02236	0.00694	0.00810	0.00540	0.00463	0.00308	0.00154	0.00386	0.00270	0.00308	0.00540
118	0.00818	0.00752	0.01148	0.52990	0.02466	0.00867	0.01032	0.01078	0.01046	0.01299	0.02344	0.02544	0.28163	0.00766	0.00530	0.00167	0.00520	0.00656	0.00306	0.00507
119	0.00714	0.00515	0.00644	0.00668	0.00689	0.00540	0.00440	0.00774	0.00846	0.01160	0.04693	0.31950	0.02339	0.39152	0.04166	0.00350	0.06786	0.00950	0.02252	0.00373
120	0.00640	0.00490	0.00587	0.00598	0.00714	0.00437	0.00435	0.00801	0.01204	0.01591	0.34297	0.22523	0.31410	0.01235	0.00600	0.00172	0.00254	0.01077	0.00497	0.00437
121	0.01402	0.01151	0.01218	0.01047	0.01358	0.01316	0.00828	0.21228	0.59629	0.02347	0.01823	0.01696	0.01355	0.00657	0.00505	0.00164	0.00433	0.00535	0.00505	0.00803
122	0.40921	0.01124	0.03458	0.06723	0.31474	0.02384	0.04207	0.01495	0.00996	0.01882	0.00819	0.01036	0.00657	0.00457	0.00410	0.00153	0.00519	0.00365	0.00273	0.00648
123	0.00795	0.00487	0.00615	0.00638	0.00723	0.00486	0.00459	0.00954	0.01005	0.04280	0.10570	0.27997	0.02336	0.06890	0.15202	0.00298	0.00475	0.00851	0.24493	0.00445
124	0.01150	0.05816	0.10365	0.08998	0.16213	0.01072	0.04450	0.10558	0.04834	0.04614	0.01248	0.01553	0.02535	0.03637	0.17847	0.00301	0.00741	0.00481	0.02937	0.00650
125	0.01444	0.10644	0.01555	0.03253	0.07179	0.38114	0.00997	0.01591	0.01133	0.01238	0.00839	0.03145	0.00766	0.00828	0.06154	0.00197	0.19700	0.00397	0.00247	0.00579
126	0.01034	0.00886	0.01034	0.00738	0.01181	0.00664	0.00591	0.01255	0.01034	0.01624	0.00886	0.01034	0.00738	0.00369	0.00369	0.00074	0.00369	0.00295	0.00295	0.85530
127	0.00903	0.00637	0.00716	0.00662	0.00852	0.00616	0.00507	0.01310	0.15603	0.08241	0.24022	0.03495	0.32617	0.00986	0.00549	0.00160	0.00287	0.00833	0.06463	0.00541
128	0.00659	0.00508	0.00601	0.00578	0.00716	0.00450	0.00433	0.00850	0.01300	0.01736	0.49314	0.04155	0.34664	0.01117	0.00588	0.00161	0.00242	0.00962	0.00514	0.00450
129	0.00607	0.00434	0.00578	0.00694	0.00723	0.00405	0.00463	0.00694	0.00954	0.01272	0.02747	0.82157	0.03297	0.01562	0.00636	0.00202	0.00289	0.01417	0.00463	0.00405
130	0.00712	0.00534	0.00801	0.00801	0.00890	0.00623	0.00623	0.00890	0.00801	0.01157	0.01335	0.01958	0.01246	0.03738	0.80507	0.00801	0.01335	0.00534	0.00267	0.00445
131	0.00931	0.00559	0.00738	0.00665	0.00822	0.00509	0.00509	0.01160	0.01413	0.13429	0.67765	0.03425	0.04193	0.00960	0.00575	0.00156	0.00263	0.00843	0.00559	0.00526
132	0.01895	0.01396	0.01496	0.01147	0.01546	0.01546	0.00947	0.77711	0.02344	0.03141	0.01197	0.01197	0.00848	0.00598	0.00499	0.00150	0.00548	0.00449	0.00499	0.00848
133	0.86003	0.00964	0.00733	0.00655	0.00964	0.01118	0.00540	0.01465	0.00848	0.02236	0.00694	0.00810	0.00540	0.00463	0.00308	0.00154	0.00386	0.00270	0.00308	0.00540
134	0.60403	0.01096	0.00965	0.00805	0.01141	0.01248	0.00664	0.24672	0.01303	0.02512	0.00847	0.00928	0.00634	0.00504	0.00366	0.00153	0.00435	0.00324	0.00366	0.00634
135	0.01862	0.02376	0.01413	0.01284	0.01541	0.80482	0.00963	0.01990	0.01413	0.01220	0.00770	0.00899	0.00642	0.00514	0.00449	0.00128	0.00899	0.00321	0.00257	0.00578
136	0.01240	0.01071	0.01127	0.01014	0.01296	0.01240	0.00789	0.02649	0.78473	0.02085	0.02029	0.01860	0.01522	0.00676	0.00507	0.00169	0.00394	0.00564	0.00507	0.00789
137	0.01176	0.01345	0.02941	0.02101	0.02605	0.01261	0.77563	0.01597	0.01176	0.01597	0.01008	0.01345	0.00756	0.00420	0.00588	0.00168	0.00840	0.00588	0.00252	0.00672
138	0.00650	0.00507	0.00589	0.00569	0.00710	0.00447	0.00426	0.00833	0.01279	0.01686	0.43610	0.04238	0.40398	0.01136	0.00588	0.00162	0.00243	0.00974	0.00508	0.00447
139	0.00593	0.00489	0.00521	0.00547	0.00684	0.00417	0.00397	0.00711	0.01096	0.01330	0.04539	0.21940	0.62357	0.01329	0.00600	0.00176	0.00261	0.01133	0.00463	0.00417
140	0.34645	0.00870	0.00898	0.00798	0.01033	0.00989	0.00639	0.16130	0.01145	0.02002	0.04283	0.01460	0.01046	0.03615	0.27990	0.00384	0.00740	0.00433	0.00341	0.00559
141	0.00716	0.00517	0.00715	0.00715	0.00774	0.00576	0.00515	0.00835	0.00775	0.01093	0.01414	0.02396	0.01436	0.30163	0.54343	0.00694	0.01049	0.00598	0.00279	0.00397
142	0.01775	0.19988	0.01664	0.01092	0.01442	0.28677	0.00900	0.22689	0.04331	0.11290	0.01060	0.01089	0.00801	0.00536	0.00442	0.00134	0.00645	0.00374	0.00366	0.00706
143	0.03065	0.32979	0.12737	0.09935	0.05439	0.19159	0.01099	0.03274	0.01132	0.01351	0.00787	0.00959	0.00655	0.00476	0.00437	0.00131	0.02753	0.00330	0.00236	0.03068

[dist]
# distance from previous block
# <min> <max>
0	2

[block]
# block no. 1 follows, 50 sequences, length 38
# corresponding to MSA columns:
# 274-311
name=unknown_B
#
# <colnr> <probs for GDERKNQSTAVLIFYWHMCP>
#	G	D	E	R	K	N	Q	S	T	A	V	L	I	F	Y	W	H	M	C	P
0	0.15929	0.01090	0.01655	0.11932	0.40468	0.01187	0.04512	0.02936	0.02775	0.01694	0.00913	0.01193	0.00747	0.00505	0.00569	0.00158	0.08102	0.00422	0.02530	0.00682
1	0.00975	0.00898	0.01487	0.40593	0.18324	0.01001	0.05169	0.01328	0.04290	0.01551	0.17645	0.01843	0.01592	0.00602	0.00522	0.00161	0.00556	0.00554	0.00310	0.00600
2	0.00712	0.00534	0.00801	0.00801	0.00890	0.00623	0.00623	0.00890	0.00801	0.01157	0.01335	0.01958	0.01246	0.03738	0.80507	0.00801	0.01335	0.00534	0.00267	0.00445
3	0.03564	0.01620	0.29904	0.18374	0.12156	0.01169	0.01405	0.14223	0.01299	0.10015	0.01056	0.01219	0.00756	0.00510	0.00484	0.00156	0.00629	0.00419	0.00311	0.00730
4	0.00622	0.00506	0.00550	0.00539	0.00693	0.00435	0.00404	0.00779	0.01213	0.01530	0.25879	0.04495	0.58227	0.01194	0.00589	0.00165	0.00248	0.01010	0.00487	0.00435
5	0.00604	0.00467	0.00545	0.00606	0.00694	0.00415	0.00420	0.00705	0.01024	0.01292	0.03697	0.45382	0.36119	0.04763	0.00694	0.00199	0.00281	0.01230	0.00456	0.00408
6	0.86003	0.00964	0.00733	0.00655	0.00964	0.01118	0.00540	0.01465	0.00848	0.02236	0.00694	0.00810	0.00540	0.00463	0.00308	0.00154	0.00386	0.00270	0.00308	0.00540
7	0.01000	0.02578	0.79900	0.01421	0.02157	0.01158	0.01842	0.01579	0.01052	0.01579	0.00895	0.01052	0.00631	0.00474	0.00474	0.00158	0.00737	0.00368	0.00210	0.00737
8	0.01240	0.01071	0.01127	0.01014	0.01296	0.01240	0.00789	0.02649	0.78473	0.02085	0.02029	0.01860	0.01522	0.00676	0.00507	0.00169	0.00394	0.00564	0.00507	0.00789
9	0.00612	0.00437	0.00582	0.00691	0.00724	0.00408	0.00463	0.00705	0.00974	0.01304	0.06041	0.78774	0.03357	0.01538	0.00634	0.00200	0.00287	0.01395	0.00466	0.00408
10	0.01333	0.82783	0.02612	0.00853	0.01279	0.01972	0.00853	0.01493	0.01013	0.01173	0.00693	0.00800	0.00640	0.00426	0.00320	0.00107	0.00533	0.00267	0.00213	0.00640
11	0.00637	0.00509	0.00573	0.00579	0.00724	0.00445	0.00442	0.00796	0.01195	0.01512	0.22481	0.07950	0.51318	0.01227	0.00600	0.00172	0.00268	0.07653	0.00483	0.00435
12	0.02236	0.00848	0.01157	0.00887	0.01272	0.00733	0.00733	0.02429	0.01427	0.79719	0.01966	0.01697	0.01234	0.00617	0.00501	0.00154	0.00424	0.00501	0.00617	0.00848
13	0.00861	0.00559	0.00630	0.00582	0.00777	0.00476	0.00447	0.01014	0.01222	0.13573	0.15516	0.04158	0.56105	0.01127	0.00575	0.00164	0.00276	0.00944	0.00499	0.00494
14	0.86003	0.00964	0.00733	0.00655	0.00964	0.01118	0.00540	0.01465	0.00848	0.02236	0.00694	0.00810	0.00540	0.00463	0.00308	0.00154	0.00386	0.00270	0.00308	0.00540
15	0.01862	0.02376	0.01413	0.01284	0.01541	0.80482	0.00963	0.01990	0.01413	0.01220	0.00770	0.00899	0.00642	0.00514	0.00449	0.00128	0.00899	0.00321	0.00257	0.00578
16	0.00850	0.00506	0.00603	0.00571	0.00701	0.00477	0.00431	0.01078	0.01261	0.05120	0.43435	0.02966	0.06068	0.00844	0.00493	0.00142	0.00242	0.00723	0.33008	0.00482
17	0.00593	0.00488	0.00522	0.00549	0.00685	0.00417	0.00398	0.00710	0.01093	0.01329	0.04507	0.23020	0.61298	0.01333	0.00600	0.00176	0.00261	0.01138	0.00463	0.00417
18	0.01333	0.82783	0.02612	0.00853	0.01279	0.01972	0.00853	0.01493	0.01013	0.01173	0.00693	0.00800	0.00640	0.00426	0.00320	0.00107	0.00533	0.00267	0.00213	0.00640
19	0.00941	0.00886	0.01495	0.81285	0.03433	0.01107	0.01384	0.01274	0.00997	0.01274	0.00886	0.01329	0.00664	0.00498	0.00498	0.00166	0.00664	0.00443	0.00221	0.00554
20	0.01103	0.00809	0.00913	0.00808	0.00996	0.00841	0.00610	0.28635	0.01522	0.02037	0.14860	0.21564	0.10468	0.11525	0.00819	0.00208	0.00395	0.00854	0.00469	0.00564
21	0.02236	0.00848	0.01157	0.00887	0.01272	0.00733	0.00733	0.02429	0.01427	0.79719	0.01966	0.01697	0.01234	0.00617	0.00501	0.00154	0.00424	0.00501	0.00617	0.00848
22	0.00941	0.00886	0.01495	0.81285	0.03433	0.01107	0.01384	0.01274	0.00997	0.01274	0.00886	0.01329	0.00664	0.00498	0.00498	0.00166	0.00664	0.00443	0.00221	0.00554
23	0.04305	0.00576	0.03826	0.00645	0.00774	0.00476	0.00491	0.00784	0.01047	0.01392	0.07306	0.41300	0.32639	0.01326	0.00595	0.00183	0.00295	0.01157	0.00450	0.00434
24	0.00633	0.00452	0.00607	0.00723	0.00763	0.00427	0.00507	0.00738	0.00979	0.01301	0.02733	0.72290	0.03242	0.01538	0.00643	0.00206	0.00311	0.11035	0.00462	0.00412
25	0.07049	0.01100	0.01652	0.21021	0.30943	0.04316	0.03846	0.01396	0.01010	0.01478	0.00872	0.01219	0.00729	0.00621	0.02441	0.00180	0.16868	0.00433	0.02186	0.00640
26	0.00601	0.00460	0.00552	0.00626	0.00705	0.00411	0.00432	0.00702	0.01020	0.01299	0.03581	0.54139	0.30777	0.01453	0.00619	0.00190	0.00276	0.01285	0.00463	0.00411
27	0.01403	0.09494	0.03465	0.00920	0.01351	0.01132	0.00783	0.29006	0.01515	0.03910	0.01004	0.01084	0.00776	0.00466	0.00417	0.00109	0.00462	0.00355	0.00366	0.41983
28	0.01862	0.02376	0.01413	0.01284	0.01541	0.80482	0.00963	0.01990	0.01413	0.01220	0.00770	0.00899	0.00642	0.00514	0.00449	0.00128	0.00899	0.00321	0.00257	0.00578
29	0.01466	0.17115	0.04693	0.01376	0.16495	0.01274	0.00990	0.21871	0.01417	0.12435	0.01193	0.02976	0.00949	0.01017	0.12303	0.00239	0.00655	0.00449	0.00364	0.00723
30	0.01034	0.00886	0.01034	0.00738	0.01181	0.00664	0.00591	0.01255	0.01034	0.01624	0.00886	0.01034	0.00738	0.00369	0.00369	0.00074	0.00369	0.00295	0.00295	0.85530
31	0.02090	0.01083	0.01302	0.00998	0.01389	0.01081	0.00825	0.34658	0.01819	0.46936	0.01637	0.01483	0.01069	0.00609	0.00500	0.00152	0.00477	0.00479	0.00566	0.00848
32	0.01189	0.00881	0.01049	0.00757	0.01193	0.00673	0.00609	0.01406	0.01084	0.11693	0.01025	0.01119	0.00802	0.00401	0.00386	0.00084	0.00376	0.00322	0.00337	0.74612
33	0.86003	0.00964	0.00733	0.00655	0.00964	0.01118	0.00540	0.01465	0.00848	0.02236	0.00694	0.00810	0.00540	0.00463	0.00308	0.00154	0.00386	0.00270	0.00308	0.00540
34	0.00770	0.00562	0.00794	0.00839	0.03645	0.00613	0.00592	0.03984	0.00887	0.01238	0.01577	0.16996	0.01636	0.11663	0.46153	0.05660	0.00933	0.00707	0.00313	0.00437
35	0.01519	0.01605	0.01944	0.01635	0.07797	0.23965	0.23652	0.17898	0.01436	0.01770	0.00930	0.01145	0.00733	0.00545	0.00657	0.00158	0.11184	0.00452	0.00301	0.00675
36	0.00708	0.00555	0.00680	0.00690	0.03561	0.00511	0.00491	0.00957	0.04460	0.01773	0.48619	0.03914	0.29108	0.01065	0.00582	0.00161	0.00260	0.00921	0.00508	0.00478
37	0.01010	0.02459	0.73886	0.01451	0.04884	0.01138	0.01779	0.01564	0.01055	0.01582	0.00896	0.01058	0.00641	0.00468	0.00470	0.00154	0.00716	0.00368	0.00215	0.04205

[dist]
# distance from previous block
# <min> <max>
6	160

[block]
# block no. 2 follows, 50 sequences, length 34
# corresponding to MSA columns:
# 474-507
name=unknown_C
#
# <colnr> <probs for GDERKNQSTAVLIFYWHMCP>
#	G	D	E	R	K	N	Q	S	T	A	V	L	I	F	Y	W	H	M	C	P
0	0.04661	0.01288	0.08987	0.01599	0.20762	0.05946	0.06178	0.03901	0.17166	0.06797	0.01318	0.01426	0.02935	0.00558	0.00549	0.00152	0.05414	0.00464	0.02334	0.07565
1	0.01175	0.01821	0.33519	0.06684	0.08479	0.11159	0.03469	0.01623	0.06262	0.03024	0.01000	0.01228	0.00780	0.00518	0.00534	0.00149	0.05054	0.01831	0.00265	0.11427
2	0.00654	0.00617	0.07042	0.00755	0.00844	0.00478	0.00581	0.00783	0.00958	0.01290	0.02528	0.67872	0.02980	0.05861	0.00729	0.00215	0.00344	0.04606	0.00433	0.00429
3	0.07591	0.00545	0.00647	0.00687	0.00778	0.00554	0.00497	0.00807	0.00973	0.01359	0.02976	0.45213	0.22946	0.01465	0.05003	0.00223	0.05768	0.01113	0.00423	0.00432
4	0.08017	0.00982	0.01289	0.01092	0.06496	0.02865	0.11083	0.06735	0.05060	0.01669	0.01096	0.01537	0.00974	0.15755	0.00825	0.00186	0.00498	0.00448	0.00313	0.33080
5	0.07587	0.00489	0.00582	0.00654	0.00698	0.00482	0.00429	0.00764	0.00889	0.01275	0.02289	0.56004	0.02705	0.21506	0.01080	0.00268	0.00345	0.01152	0.00410	0.00390
6	0.01116	0.00920	0.01062	0.00781	0.01192	0.00760	0.00626	0.10904	0.01230	0.01847	0.07292	0.01273	0.01075	0.00451	0.00403	0.00090	0.00381	0.00364	0.00342	0.67891
7	0.00699	0.00514	0.00715	0.00724	0.00795	0.00566	0.00532	0.00831	0.00819	0.01140	0.01720	0.08912	0.06210	0.18858	0.53907	0.00652	0.01018	0.00674	0.00302	0.00412
8	0.01337	0.01026	0.01030	0.00909	0.01156	0.10943	0.00705	0.02010	0.31567	0.15960	0.25114	0.02271	0.02318	0.00748	0.00523	0.00158	0.00416	0.00624	0.00508	0.00677
9	0.00686	0.00668	0.07061	0.00666	0.00838	0.00505	0.00556	0.00903	0.01255	0.01704	0.43821	0.12776	0.24504	0.01103	0.00584	0.00165	0.00287	0.00958	0.00488	0.00471
10	0.08133	0.01166	0.01918	0.02864	0.72992	0.01179	0.01449	0.01524	0.01112	0.01678	0.00918	0.01199	0.00769	0.00446	0.00478	0.00149	0.00575	0.00430	0.00252	0.00769
11	0.86003	0.00964	0.00733	0.00655	0.00964	0.01118	0.00540	0.01465	0.00848	0.02236	0.00694	0.00810	0.00540	0.00463	0.00308	0.00154	0.00386	0.00270	0.00308	0.00540
12	0.00803	0.00574	0.00803	0.00918	0.01033	0.00574	0.00803	0.01033	0.01147	0.01492	0.02639	0.05622	0.02869	0.01377	0.00688	0.00229	0.00459	0.76018	0.00459	0.00459
13	0.01333	0.82783	0.02612	0.00853	0.01279	0.01972	0.00853	0.01493	0.01013	0.01173	0.00693	0.00800	0.00640	0.00426	0.00320	0.00107	0.00533	0.00267	0.00213	0.00640
14	0.00714	0.00484	0.00558	0.00584	0.00696	0.00447	0.00433	0.00884	0.01119	0.01580	0.15857	0.21054	0.24888	0.01121	0.00544	0.00165	0.00266	0.05959	0.22207	0.00439
15	0.01986	0.01249	0.01405	0.01077	0.01472	0.01328	0.00890	0.57531	0.02098	0.23669	0.01403	0.01331	0.00951	0.00603	0.00499	0.00151	0.00515	0.00463	0.00530	0.00848
16	0.00700	0.00477	0.00570	0.00607	0.00622	0.00469	0.00377	0.00738	0.00812	0.01080	0.01943	0.23639	0.02263	0.56332	0.01927	0.00394	0.00432	0.05926	0.00354	0.00339
17	0.01893	0.01455	0.01491	0.01155	0.01545	0.06292	0.00948	0.73158	0.02288	0.03026	0.01171	0.01179	0.00835	0.00593	0.00496	0.00148	0.00570	0.00441	0.00484	0.00831
18	0.86003	0.00964	0.00733	0.00655	0.00964	0.01118	0.00540	0.01465	0.00848	0.02236	0.00694	0.00810	0.00540	0.00463	0.00308	0.00154	0.00386	0.00270	0.00308	0.00540
19	0.00645	0.00493	0.00623	0.00649	0.00747	0.00476	0.00473	0.00786	0.01032	0.01365	0.14294	0.25029	0.26049	0.04180	0.20442	0.00341	0.00534	0.00992	0.00422	0.00426
20	0.00792	0.20830	0.01082	0.00717	0.00859	0.00798	0.00554	0.00908	0.01008	0.01296	0.06984	0.52137	0.07786	0.01228	0.00552	0.00174	0.00344	0.01077	0.00406	0.00468
21	0.01176	0.00962	0.01040	0.00932	0.01163	0.01094	0.00710	0.09618	0.51693	0.01928	0.01814	0.02036	0.01481	0.14545	0.07323	0.00271	0.00501	0.00577	0.00453	0.00686
22	0.01052	0.00855	0.01376	0.12844	0.32155	0.00904	0.01060	0.01281	0.00994	0.06581	0.01183	0.01703	0.01043	0.09938	0.24460	0.00380	0.00800	0.00504	0.00280	0.00608
23	0.09891	0.00632	0.00730	0.00681	0.00879	0.00601	0.00530	0.01321	0.03131	0.19003	0.09802	0.15146	0.17700	0.00963	0.00521	0.00165	0.00323	0.05803	0.11628	0.00548
24	0.01192	0.02180	0.55206	0.01319	0.01931	0.02630	0.01539	0.13982	0.11776	0.01892	0.01095	0.01182	0.00787	0.00522	0.00482	0.00158	0.00663	0.00407	0.00298	0.00759
25	0.01220	0.10773	0.28129	0.01764	0.21062	0.02773	0.11941	0.01588	0.01119	0.08301	0.01100	0.06039	0.00902	0.00532	0.00489	0.00153	0.00642	0.00480	0.00277	0.00717
26	0.01009	0.00560	0.00762	0.00751	0.00888	0.00536	0.00558	0.01146	0.01040	0.19402	0.02394	0.37728	0.08153	0.01859	0.20375	0.00337	0.00577	0.00958	0.00450	0.00519
27	0.00785	0.00550	0.00607	0.00578	0.00720	0.00501	0.00414	0.00953	0.04485	0.07150	0.11693	0.03944	0.42933	0.21271	0.01061	0.00244	0.00327	0.00893	0.00446	0.00444
28	0.09372	0.06866	0.16834	0.01134	0.01495	0.01333	0.02857	0.24063	0.01378	0.05583	0.01190	0.01315	0.04999	0.00639	0.00705	0.00164	0.17396	0.00440	0.01549	0.00687
29	0.01112	0.01075	0.05419	0.24802	0.18666	0.01096	0.07652	0.05680	0.12269	0.03233	0.04468	0.08397	0.01233	0.00631	0.00541	0.00165	0.01999	0.00573	0.00327	0.00663
30	0.00898	0.00800	0.02885	0.01281	0.11200	0.00840	0.06414	0.01111	0.00979	0.01358	0.01608	0.02986	0.01636	0.07977	0.20676	0.00373	0.11018	0.25121	0.00321	0.00518
31	0.00965	0.02894	0.01390	0.10894	0.13175	0.00933	0.08847	0.01187	0.01018	0.03278	0.02710	0.09700	0.09530	0.01184	0.11322	0.00254	0.10525	0.04212	0.00312	0.05671
32	0.01291	0.05130	0.10052	0.16234	0.12072	0.19731	0.05301	0.06091	0.08979	0.01540	0.01189	0.04552	0.02858	0.02211	0.00530	0.00159	0.00659	0.00479	0.00295	0.00647
33	0.01043	0.02779	0.09713	0.06828	0.22545	0.03962	0.10874	0.01333	0.01066	0.01468	0.01268	0.07337	0.01191	0.01017	0.09979	0.00237	0.02373	0.08414	0.00284	0.06291

[dist]
# distance from previous block
# <min> <max>
0	253

[block]
# block no. 3 follows, 50 sequences, length 39
# corresponding to MSA columns:
# 835-873
name=unknown_D
#
# <colnr> <probs for GDERKNQSTAVLIFYWHMCP>
#	G	D	E	R	K	N	Q	S	T	A	V	L	I	F	Y	W	H	M	C	P
0	0.01023	0.12629	0.06719	0.01118	0.09460	0.00897	0.05481	0.04064	0.01124	0.07673	0.05044	0.28448	0.09926	0.01036	0.02914	0.00184	0.00467	0.00832	0.00385	0.00576
1	0.01221	0.11984	0.07817	0.01047	0.04278	0.01088	0.05750	0.06360	0.17021	0.06652	0.01370	0.01545	0.02996	0.07037	0.00612	0.00159	0.00482	0.00457	0.02376	0.19749
2	0.01184	0.33159	0.21766	0.06212	0.05024	0.01404	0.01129	0.01621	0.10415	0.04455	0.03186	0.04413	0.01041	0.00565	0.00436	0.00143	0.00556	0.02329	0.00290	0.00673
3	0.00879	0.01275	0.25874	0.02983	0.01319	0.03877	0.00993	0.01126	0.00948	0.01328	0.03307	0.17365	0.01544	0.11747	0.08885	0.04137	0.07199	0.02567	0.02129	0.00518
4	0.01028	0.03836	0.33421	0.06358	0.04921	0.04582	0.06246	0.03440	0.01100	0.03484	0.03312	0.19394	0.01375	0.00743	0.00543	0.00165	0.02429	0.00640	0.00303	0.02681
5	0.03636	0.01014	0.04912	0.03689	0.20018	0.04134	0.09515	0.06168	0.04052	0.01593	0.01794	0.23741	0.06701	0.03990	0.00617	0.00180	0.00506	0.00769	0.02372	0.00599
6	0.00960	0.00789	0.01001	0.20067	0.01510	0.00906	0.00752	0.03333	0.22210	0.01476	0.06411	0.02308	0.01572	0.30036	0.01282	0.00282	0.03612	0.00606	0.00356	0.00530
7	0.01162	0.00990	0.01425	0.07464	0.29113	0.00965	0.01022	0.04362	0.08214	0.04659	0.01110	0.01331	0.00900	0.00805	0.08862	0.00198	0.00582	0.00422	0.00309	0.26104
8	0.01094	0.01374	0.25422	0.06257	0.01630	0.03838	0.09078	0.01425	0.01176	0.12353	0.08280	0.02316	0.19889	0.00726	0.00523	0.00159	0.00536	0.00622	0.02679	0.00623
9	0.01414	0.35178	0.02216	0.01205	0.01605	0.05104	0.19210	0.14875	0.01308	0.05508	0.01019	0.03224	0.00859	0.04549	0.00548	0.00153	0.00612	0.00441	0.00305	0.00669
10	0.00616	0.00472	0.00547	0.00596	0.00684	0.00422	0.00411	0.00716	0.01024	0.01299	0.06536	0.38260	0.35158	0.09913	0.00814	0.00216	0.00292	0.01171	0.00449	0.00403
11	0.00929	0.00465	0.00465	0.00465	0.00581	0.00465	0.00348	0.01161	0.01045	0.01858	0.01626	0.01858	0.01278	0.00581	0.00348	0.00116	0.00232	0.00465	0.85250	0.00465
12	0.06134	0.00539	0.00681	0.00676	0.00739	0.00592	0.00474	0.00852	0.00770	0.01140	0.01400	0.02471	0.01456	0.38906	0.40387	0.00617	0.00892	0.00603	0.00285	0.00387
13	0.01853	0.01375	0.01472	0.01138	0.01530	0.01526	0.00937	0.72945	0.07178	0.03074	0.01250	0.01239	0.00890	0.00603	0.00499	0.00151	0.00539	0.00456	0.00499	0.00844
14	0.00824	0.00505	0.00668	0.00694	0.00792	0.00461	0.00494	0.00964	0.01136	0.10694	0.22937	0.49774	0.05538	0.01298	0.00606	0.00184	0.00290	0.01163	0.00504	0.00475
15	0.01176	0.01345	0.02941	0.02101	0.02605	0.01261	0.77563	0.01597	0.01176	0.01597	0.01008	0.01345	0.00756	0.00420	0.00588	0.00168	0.00840	0.00588	0.00252	0.00672
16	0.01021	0.02222	0.61123	0.01394	0.01954	0.01246	0.01662	0.01488	0.00983	0.01488	0.00837	0.01061	0.00637	0.00569	0.00752	0.00172	0.20103	0.00385	0.00212	0.00691
17	0.00986	0.00900	0.01165	0.01041	0.01142	0.01141	0.00840	0.01404	0.18169	0.01425	0.03637	0.01891	0.09295	0.01438	0.16798	0.00315	0.36961	0.00561	0.00327	0.00565
18	0.00731	0.00589	0.00668	0.00687	0.00832	0.00571	0.00520	0.01076	0.13663	0.01508	0.08451	0.22105	0.35497	0.01234	0.00598	0.00183	0.00307	0.09820	0.00475	0.00484
19	0.00725	0.00483	0.00544	0.00544	0.00544	0.00483	0.00302	0.00725	0.00725	0.00966	0.01571	0.03262	0.01812	0.82483	0.02537	0.00483	0.00483	0.00725	0.00302	0.00302
20	0.10730	0.01016	0.01210	0.00937	0.01319	0.01004	0.00774	0.23772	0.01628	0.49962	0.01617	0.01463	0.01053	0.00596	0.00481	0.00153	0.00456	0.00463	0.00552	0.00816
21	0.00794	0.00571	0.00790	0.00899	0.01016	0.00567	0.00784	0.01018	0.01147	0.01485	0.02748	0.05585	0.06320	0.01372	0.00684	0.00227	0.00450	0.72627	0.00459	0.00457
