[name]
unknown

[dist]
# distance from previous block
# <min> <max>
0	96

[block]
# block no. 0 follows, 45 sequences, length 32
# corresponding to MSA columns:
# 107-138
name=unknown_A
#
# <colnr> <probs for GDERKNQSTAVLIFYWHMCP>
#	G	D	E	R	K	N	Q	S	T	A	V	L	I	F	Y	W	H	M	C	P
0	0.00852	0.00556	0.00725	0.00754	0.00832	0.00544	0.00540	0.00995	0.03186	0.04862	0.14986	0.25623	0.02931	0.18122	0.05005	0.07483	0.00446	0.10652	0.00453	0.00450
1	0.03599	0.01211	0.01570	0.14594	0.18171	0.11373	0.05682	0.09084	0.01258	0.01665	0.01130	0.01520	0.00950	0.01569	0.23864	0.00371	0.00937	0.00494	0.00299	0.00659
2	0.04181	0.24808	0.09602	0.05537	0.01825	0.18315	0.07444	0.16338	0.01469	0.01815	0.00931	0.01086	0.00742	0.00541	0.00509	0.00149	0.03287	0.00395	0.00307	0.00720
3	0.01166	0.00722	0.01010	0.00892	0.01090	0.00711	0.05023	0.01453	0.06740	0.17078	0.15624	0.05132	0.06373	0.13389	0.16707	0.00368	0.00639	0.04823	0.00471	0.00589
4	0.18920	0.00693	0.00753	0.00755	0.00919	0.00704	0.00556	0.05849	0.01176	0.05933	0.06959	0.41886	0.10454	0.01239	0.00584	0.00194	0.00352	0.01067	0.00480	0.00529
5	0.01136	0.01152	0.01167	0.01406	0.16745	0.18778	0.00885	0.01310	0.01231	0.01466	0.02408	0.19304	0.14625	0.04934	0.00706	0.00200	0.00559	0.11030	0.00391	0.00569
6	0.29622	0.00967	0.00960	0.00850	0.01143	0.05469	0.00684	0.01856	0.04999	0.25164	0.01683	0.08207	0.01389	0.00753	0.00482	0.00173	0.00445	0.06762	0.07722	0.00672
7	0.07389	0.00631	0.00748	0.00731	0.00898	0.00593	0.00541	0.01209	0.03252	0.13644	0.13267	0.29763	0.18772	0.04049	0.00687	0.00202	0.00339	0.02221	0.00520	0.00544
8	0.10442	0.00674	0.00743	0.00717	0.00840	0.00691	0.00515	0.07220	0.01156	0.01680	0.14015	0.08789	0.08273	0.32734	0.01436	0.00319	0.00436	0.08424	0.00428	0.00467
9	0.00788	0.00506	0.00563	0.00598	0.00700	0.00477	0.00423	0.00945	0.01088	0.01589	0.02991	0.25045	0.20941	0.07550	0.03010	0.00218	0.00329	0.00970	0.30815	0.00456
10	0.00719	0.00537	0.00629	0.00618	0.00730	0.00489	0.00436	0.00873	0.01243	0.01653	0.34699	0.07982	0.27401	0.18379	0.01086	0.00251	0.00319	0.01008	0.00500	0.00447
11	0.14943	0.01076	0.01135	0.00960	0.01260	0.01174	0.00758	0.28022	0.13538	0.08818	0.01672	0.11439	0.01426	0.05479	0.00643	0.00192	0.00465	0.00625	0.05644	0.00731
12	0.66862	0.00926	0.00769	0.00731	0.01005	0.01051	0.00588	0.01424	0.00952	0.02201	0.01214	0.13062	0.01188	0.00739	0.00412	0.00179	0.00405	0.05370	0.00368	0.00554
13	0.00661	0.00545	0.00581	0.00572	0.00742	0.00465	0.00429	0.00822	0.01287	0.01601	0.20898	0.04918	0.62015	0.01303	0.00634	0.00179	0.00268	0.01098	0.00518	0.00465
14	0.00817	0.00559	0.00785	0.00785	0.00887	0.00634	0.00608	0.01021	0.00919	0.01408	0.01505	0.02086	0.01349	0.03296	0.62139	0.00704	0.01183	0.00559	0.18270	0.00484
15	0.03878	0.00642	0.00728	0.00693	0.00813	0.00644	0.00480	0.01222	0.10359	0.05752	0.17838	0.07541	0.09806	0.33049	0.01441	0.00313	0.00403	0.00834	0.03073	0.00492
16	0.00953	0.00577	0.00619	0.00594	0.00673	0.00588	0.00392	0.05956	0.01036	0.01586	0.01689	0.02752	0.01649	0.43150	0.01631	0.00336	0.00415	0.00647	0.34320	0.00435
17	0.00778	0.00529	0.00629	0.00629	0.00644	0.00544	0.00380	0.00809	0.00794	0.01073	0.01651	0.03291	0.01855	0.68959	0.14776	0.00574	0.00665	0.00748	0.00319	0.00350
18	0.00652	0.00507	0.00594	0.00651	0.00756	0.00448	0.00458	0.00776	0.01149	0.01459	0.09090	0.41674	0.36876	0.01498	0.00659	0.00198	0.00290	0.01312	0.00505	0.00448
19	0.01052	0.00810	0.00906	0.00845	0.01055	0.00828	0.00665	0.16351	0.09679	0.01974	0.08197	0.10123	0.26786	0.05257	0.00734	0.00208	0.00405	0.13025	0.00508	0.00592
20	0.00868	0.00639	0.00866	0.00801	0.00884	0.00676	0.04268	0.04961	0.00928	0.01273	0.01551	0.02803	0.01627	0.46022	0.28930	0.00603	0.00861	0.00686	0.00321	0.00430
21	0.67060	0.01132	0.01138	0.00933	0.01299	0.01269	0.08962	0.09316	0.01120	0.02433	0.00841	0.00979	0.00642	0.00508	0.00387	0.00167	0.00488	0.00349	0.00347	0.00632
22	0.00756	0.00570	0.00824	0.00819	0.00924	0.00637	0.00634	0.00951	0.00961	0.01360	0.10001	0.02540	0.07334	0.03512	0.64743	0.00737	0.01224	0.00659	0.00336	0.00480
23	0.00751	0.00536	0.00737	0.00761	0.00839	0.00564	0.00556	0.00915	0.01019	0.01448	0.14555	0.21881	0.02561	0.09467	0.36117	0.00522	0.00824	0.00889	0.04596	0.00461
24	0.01173	0.01298	0.02778	0.02031	0.02495	0.01216	0.64308	0.01571	0.01230	0.01666	0.01373	0.13589	0.01233	0.00641	0.00641	0.00187	0.00814	0.00770	0.00306	0.00680
25	0.01077	0.02777	0.78354	0.01530	0.02323	0.01247	0.01983	0.01700	0.01133	0.01700	0.00963	0.01133	0.00680	0.00510	0.00510	0.00170	0.00793	0.00397	0.00227	0.00793
26	0.01214	0.01147	0.01940	0.10573	0.40969	0.01196	0.10081	0.05197	0.01222	0.01704	0.01295	0.13120	0.01226	0.00699	0.00649	0.00178	0.05896	0.00651	0.00310	0.00733
27	0.00675	0.00522	0.00623	0.00692	0.00803	0.00469	0.00511	0.00809	0.01143	0.01439	0.04029	0.36986	0.35945	0.01512	0.00671	0.00206	0.00320	0.11694	0.00498	0.00452
28	0.00930	0.00758	0.01000	0.00923	0.01111	0.00765	0.00743	0.01121	0.01038	0.01493	0.01742	0.12296	0.01820	0.04166	0.15172	0.00316	0.11123	0.18701	0.00367	0.24415
29	0.01348	0.01368	0.01666	0.22406	0.13792	0.14939	0.05437	0.05328	0.11095	0.01624	0.01136	0.01485	0.00933	0.04967	0.00796	0.00193	0.10001	0.00496	0.00310	0.00680
30	0.00796	0.00629	0.00892	0.00856	0.00980	0.00603	0.06887	0.04504	0.01149	0.01523	0.07818	0.42014	0.13983	0.08976	0.05549	0.00270	0.00452	0.01179	0.00458	0.00483
31	0.31545	0.01044	0.01147	0.04965	0.12217	0.03268	0.00817	0.03766	0.01133	0.01993	0.05604	0.01572	0.07259	0.00601	0.00483	0.00150	0.03035	0.00454	0.00345	0.18602

[dist]
# distance from previous block
# <min> <max>
0	2

[block]
# block no. 1 follows, 45 sequences, length 37
# corresponding to MSA columns:
# 141-177
name=unknown_B
#
# <colnr> <probs for GDERKNQSTAVLIFYWHMCP>
#	G	D	E	R	K	N	Q	S	T	A	V	L	I	F	Y	W	H	M	C	P
0	0.01293	0.01405	0.10702	0.06209	0.34272	0.07442	0.01363	0.02730	0.06652	0.04454	0.01383	0.07991	0.01249	0.00707	0.00615	0.00176	0.04583	0.05698	0.00332	0.00744
1	0.28246	0.11650	0.08400	0.01014	0.04134	0.01269	0.00866	0.01925	0.20834	0.06467	0.06902	0.01607	0.03383	0.00630	0.00455	0.00164	0.00468	0.00476	0.00405	0.00705
2	0.32033	0.11625	0.03511	0.03920	0.10264	0.14686	0.00934	0.03687	0.01161	0.05186	0.00988	0.05005	0.00846	0.00588	0.00480	0.00160	0.03535	0.00415	0.00320	0.00656
3	0.01312	0.26570	0.14600	0.07849	0.18163	0.05984	0.04994	0.04776	0.01243	0.01610	0.04427	0.01402	0.03782	0.00552	0.00481	0.00150	0.00649	0.00451	0.00281	0.00724
4	0.01304	0.01361	0.05038	0.24637	0.26540	0.11279	0.01353	0.06169	0.05055	0.01703	0.04623	0.01581	0.03629	0.00599	0.00569	0.00167	0.02862	0.00508	0.00310	0.00712
5	0.00777	0.00531	0.00639	0.00637	0.00660	0.00545	0.00393	0.00824	0.00837	0.01139	0.06037	0.03309	0.02031	0.63714	0.15261	0.00557	0.00657	0.00758	0.00334	0.00361
6	0.05246	0.12756	0.01638	0.01369	0.11141	0.09880	0.00996	0.23445	0.01503	0.02006	0.01106	0.01361	0.00922	0.01371	0.18559	0.00317	0.04875	0.00451	0.00348	0.00710
7	0.00762	0.00564	0.00795	0.00795	0.00879	0.00632	0.00594	0.00916	0.00869	0.01221	0.01714	0.02535	0.05863	0.17579	0.60912	0.00762	0.01207	0.00644	0.00306	0.00450
8	0.01572	0.01528	0.01340	0.01059	0.01469	0.22873	0.00835	0.18399	0.01545	0.01995	0.00995	0.01112	0.00793	0.00497	0.00453	0.00114	0.00601	0.00363	0.00356	0.42101
9	0.00697	0.00519	0.00594	0.00620	0.00722	0.00470	0.00430	0.00819	0.01135	0.01481	0.14303	0.24020	0.32217	0.15138	0.00999	0.00245	0.00321	0.01126	0.03708	0.00436
10	0.00787	0.00518	0.00590	0.00590	0.00590	0.00518	0.00331	0.00777	0.00777	0.01036	0.01659	0.03432	0.01908	0.77742	0.02705	0.04110	0.00518	0.00767	0.00321	0.00321
11	0.00656	0.00481	0.00617	0.00718	0.00773	0.00441	0.00487	0.00762	0.01075	0.01416	0.06624	0.67692	0.13058	0.01614	0.00676	0.00211	0.00304	0.01451	0.00502	0.00441
12	0.00960	0.00733	0.00797	0.00736	0.00917	0.05117	0.00559	0.01269	0.06947	0.07256	0.45772	0.03800	0.20935	0.01069	0.00612	0.00171	0.00326	0.00915	0.00553	0.00554
13	0.01204	0.00744	0.00845	0.00746	0.00910	0.00760	0.00545	0.15782	0.01361	0.08338	0.11011	0.05633	0.02007	0.27313	0.02296	0.00285	0.00442	0.00691	0.18534	0.00556
14	0.00872	0.00642	0.00727	0.00697	0.00860	0.00624	0.00523	0.06407	0.06958	0.01914	0.25761	0.14649	0.24813	0.01138	0.00596	0.00174	0.00303	0.00977	0.10829	0.00535
15	0.00916	0.00630	0.00733	0.00736	0.00861	0.00634	0.00526	0.01294	0.14178	0.04639	0.12096	0.28219	0.08135	0.11014	0.00853	0.00225	0.00343	0.00993	0.12443	0.00531
16	0.01219	0.00770	0.00807	0.00717	0.00904	0.00819	0.00544	0.17345	0.07359	0.02180	0.01678	0.02064	0.01380	0.12133	0.00760	0.00194	0.00376	0.00545	0.47617	0.00591
17	0.05413	0.00722	0.00872	0.00809	0.00991	0.00708	0.00597	0.07647	0.04093	0.18642	0.08351	0.30505	0.02453	0.11541	0.00869	0.00230	0.00397	0.00944	0.03617	0.00598
18	0.01648	0.01181	0.01287	0.01036	0.01376	0.01274	0.00839	0.44711	0.10039	0.06587	0.11186	0.02093	0.07989	0.00769	0.00549	0.00164	0.00478	0.00615	0.05385	0.00794
19	0.02008	0.02470	0.01529	0.01370	0.01660	0.72484	0.01036	0.08348	0.01605	0.01488	0.00868	0.00995	0.00710	0.00561	0.00488	0.00140	0.00936	0.00357	0.00298	0.00647
20	0.08323	0.00974	0.01058	0.00940	0.01185	0.01058	0.00727	0.25405	0.14461	0.02359	0.09098	0.23877	0.02162	0.00978	0.00564	0.00180	0.00421	0.00826	0.04722	0.00682
21	0.07770	0.00566	0.00642	0.00653	0.00782	0.00533	0.00472	0.00911	0.01219	0.01713	0.27310	0.23318	0.25130	0.05675	0.00737	0.00204	0.00302	0.01089	0.00505	0.00470
22	0.05396	0.00716	0.00810	0.00777	0.00945	0.00746	0.00604	0.05670	0.12086	0.01981	0.20987	0.03386	0.05451	0.09816	0.00804	0.00215	0.00377	0.13381	0.15293	0.00558
23	0.08918	0.01392	0.01471	0.01159	0.01562	0.01545	0.00950	0.56469	0.12959	0.06024	0.01403	0.01376	0.01005	0.00645	0.00521	0.00165	0.00547	0.00487	0.00526	0.00876
24	0.01146	0.00799	0.00946	0.00870	0.01036	0.00832	0.00644	0.21936	0.01460	0.04768	0.09102	0.29970	0.02440	0.13699	0.07528	0.00296	0.00516	0.00952	0.00480	0.00580
25	0.13187	0.00794	0.00881	0.00830	0.01038	0.00826	0.00638	0.05406	0.13813	0.09575	0.10405	0.18152	0.08826	0.06203	0.00715	0.00210	0.00394	0.07004	0.00499	0.00605
26	0.03059	0.00631	0.00800	0.00788	0.00938	0.00597	0.00585	0.05079	0.01305	0.13412	0.18657	0.39132	0.07190	0.01294	0.00635	0.00195	0.00344	0.04262	0.00541	0.00556
27	0.00753	0.00583	0.00701	0.00753	0.00878	0.00556	0.00569	0.01021	0.07535	0.01578	0.09910	0.30826	0.25943	0.01417	0.00664	0.00205	0.00338	0.14765	0.00509	0.00493
28	0.12811	0.00675	0.00907	0.07449	0.01149	0.00701	0.05983	0.00995	0.00947	0.01430	0.01882	0.31376	0.02111	0.23517	0.01262	0.04577	0.00469	0.00935	0.00375	0.00450
29	0.07053	0.00656	0.00749	0.00723	0.00884	0.00637	0.00531	0.03924	0.05215	0.07570	0.18080	0.22829	0.19403	0.08345	0.00797	0.00215	0.00345	0.01009	0.00506	0.00531
30	0.01249	0.01565	0.14042	0.02030	0.19434	0.08081	0.21670	0.01603	0.01204	0.01625	0.01235	0.01957	0.01103	0.00678	0.00719	0.00186	0.09603	0.11018	0.00291	0.00707
31	0.01547	0.05307	0.01840	0.01575	0.10264	0.06371	0.11738	0.18771	0.05626	0.08391	0.01201	0.01410	0.00942	0.00934	0.07540	0.00235	0.14680	0.00503	0.00373	0.00751
32	0.01131	0.01018	0.01338	0.14233	0.16485	0.07103	0.02749	0.07553	0.02336	0.01642	0.05188	0.07763	0.11377	0.01184	0.07494	0.06314	0.00640	0.03486	0.00358	0.00607
33	0.14233	0.00856	0.01237	0.26107	0.13480	0.00963	0.01032	0.01254	0.01040	0.01584	0.01516	0.15730	0.03230	0.01276	0.11893	0.00282	0.00672	0.02711	0.00324	0.00581
34	0.01339	0.04926	0.01330	0.05137	0.01459	0.25745	0.01925	0.01646	0.09048	0.01468	0.01433	0.07104	0.04746	0.03922	0.07613	0.00231	0.08244	0.00545	0.00331	0.11809
35	0.05662	0.05558	0.01474	0.07210	0.08612	0.33059	0.00999	0.02010	0.07342	0.13918	0.04538	0.04864	0.01192	0.00642	0.00507	0.00156	0.00689	0.00492	0.00380	0.00694
36	0.08197	0.01456	0.16919	0.07682	0.11364	0.09933	0.03913	0.03291	0.01191	0.01679	0.07260	0.12029	0.01460	0.00805	0.00641	0.06047	0.00606	0.00607	0.00326	0.04593

[dist]
# distance from previous block
# <min> <max>
2	44

[block]
# block no. 2 follows, 45 sequences, length 88
# corresponding to MSA columns:
# 222-309
name=unknown_C
#
# <colnr> <probs for GDERKNQSTAVLIFYWHMCP>
#	G	D	E	R	K	N	Q	S	T	A	V	L	I	F	Y	W	H	M	C	P
0	0.00899	0.00719	0.01025	0.01335	0.21088	0.00714	0.00723	0.01016	0.00966	0.01312	0.01933	0.12109	0.07620	0.39703	0.06251	0.00383	0.00562	0.00804	0.00341	0.00496
1	0.09060	0.10078	0.07712	0.01567	0.18645	0.04315	0.01103	0.11356	0.01257	0.01831	0.01181	0.08642	0.01098	0.04533	0.00777	0.00187	0.11871	0.00540	0.03559	0.00689
2	0.03464	0.07949	0.01571	0.05871	0.02718	0.31537	0.09605	0.01678	0.03099	0.01579	0.11157	0.01831	0.07339	0.00662	0.00515	0.00150	0.00684	0.00535	0.03089	0.04969
3	0.00727	0.00549	0.00726	0.00842	0.05311	0.00512	0.00544	0.00872	0.01167	0.01572	0.21594	0.41643	0.12866	0.07527	0.00814	0.00221	0.00327	0.01220	0.00494	0.00472
4	0.01550	0.44674	0.14641	0.01104	0.01589	0.08783	0.01103	0.10104	0.04329	0.06156	0.00988	0.01065	0.00788	0.00519	0.00425	0.00137	0.00634	0.00360	0.00306	0.00744
5	0.01302	0.01115	0.01468	0.08145	0.28312	0.06542	0.01084	0.06270	0.07003	0.05736	0.01680	0.02042	0.08059	0.06498	0.00752	0.03378	0.00562	0.02426	0.03609	0.04018
6	0.05551	0.05909	0.07077	0.01800	0.28577	0.04116	0.01136	0.04359	0.01111	0.01594	0.01148	0.01639	0.01033	0.08164	0.22227	0.00382	0.02731	0.00498	0.00286	0.00665
7	0.00951	0.00658	0.00786	0.00738	0.00849	0.00685	0.00545	0.04024	0.01140	0.05538	0.10973	0.07941	0.17149	0.22281	0.01280	0.00272	0.09117	0.03736	0.10851	0.00489
8	0.01001	0.00588	0.00720	0.00705	0.00869	0.00518	0.00516	0.01137	0.01213	0.16465	0.07505	0.31185	0.29602	0.04525	0.00718	0.00204	0.00331	0.01133	0.00529	0.00535
9	0.01011	0.00838	0.01239	0.11168	0.23093	0.00876	0.00956	0.01328	0.06553	0.01611	0.07135	0.08631	0.04438	0.13195	0.05000	0.00262	0.00549	0.03541	0.07973	0.00603
10	0.01105	0.01522	0.19847	0.11208	0.11548	0.01158	0.29188	0.01513	0.01170	0.01623	0.01325	0.13747	0.01203	0.00671	0.00589	0.00181	0.00732	0.00681	0.00292	0.00695
11	0.18791	0.00630	0.00633	0.00645	0.00813	0.00615	0.00478	0.00958	0.01128	0.01693	0.09730	0.24763	0.34805	0.01240	0.00583	0.00187	0.00312	0.01045	0.00470	0.00480
12	0.01059	0.00723	0.00883	0.00873	0.01027	0.00733	0.00691	0.13074	0.01359	0.04769	0.05517	0.15655	0.06306	0.13630	0.00976	0.00257	0.00454	0.27588	0.03884	0.00542
13	0.00668	0.00489	0.00622	0.00711	0.00765	0.00459	0.00481	0.00766	0.01026	0.01347	0.03127	0.58651	0.14130	0.08364	0.05474	0.00276	0.00390	0.01350	0.00472	0.00432
14	0.01333	0.00910	0.01008	0.00863	0.01149	0.00922	0.00683	0.15645	0.17360	0.14016	0.09386	0.03159	0.29412	0.00963	0.00583	0.00174	0.00391	0.00795	0.00549	0.00699
15	0.02098	0.01411	0.01554	0.01191	0.01619	0.01528	0.00984	0.64538	0.02370	0.15059	0.01418	0.01373	0.00978	0.00648	0.00537	0.00162	0.00570	0.00492	0.00557	0.00913
16	0.01039	0.00747	0.00850	0.00805	0.01000	0.00746	0.00605	0.09475	0.13149	0.07327	0.07515	0.27110	0.25083	0.01217	0.00619	0.00189	0.00355	0.01048	0.00527	0.00596
17	0.01506	0.01171	0.01251	0.01053	0.01348	0.01311	0.00818	0.30991	0.33559	0.02463	0.01743	0.02008	0.01414	0.15799	0.00953	0.00237	0.00507	0.00591	0.00501	0.00776
18	0.01027	0.00905	0.00935	0.00909	0.01044	0.12900	0.00695	0.04205	0.01077	0.01437	0.01509	0.09013	0.01427	0.02765	0.47923	0.00583	0.01099	0.00614	0.09419	0.00518
19	0.01238	0.00918	0.01036	0.00892	0.01133	0.00958	0.00698	0.28392	0.05707	0.02446	0.28620	0.11477	0.10349	0.00993	0.00593	0.00172	0.00393	0.00841	0.02485	0.00659
20	0.23371	0.00750	0.00762	0.00728	0.00943	0.00775	0.00567	0.01381	0.07655	0.07728	0.06157	0.11410	0.18322	0.04233	0.00618	0.00194	0.00367	0.06600	0.06880	0.00559
21	0.02347	0.01012	0.01307	0.01002	0.01419	0.00935	0.00828	0.14871	0.01701	0.65670	0.01979	0.01737	0.01259	0.00661	0.00539	0.00165	0.00479	0.00530	0.00643	0.00913
22	0.01021	0.00789	0.01317	0.01226	0.01444	0.00766	0.14944	0.01304	0.01257	0.05607	0.02475	0.04970	0.02570	0.01247	0.00711	0.00231	0.00569	0.56532	0.00461	0.00559
23	0.00689	0.00535	0.00633	0.00667	0.00796	0.00478	0.00499	0.00851	0.01238	0.01590	0.19066	0.22809	0.37424	0.01396	0.00658	0.00195	0.00302	0.09194	0.00517	0.00464
24	0.01625	0.00961	0.01107	0.00936	0.01225	0.00996	0.00736	0.19121	0.15750	0.22421	0.01971	0.11657	0.01599	0.04001	0.00621	0.00182	0.00435	0.00666	0.13234	0.00756
25	0.01659	0.01221	0.01327	0.01115	0.01467	0.01360	0.00889	0.23003	0.47280	0.11677	0.01930	0.01785	0.01401	0.00697	0.00543	0.00174	0.00474	0.00565	0.00558	0.00875
26	0.01634	0.01895	0.01307	0.01214	0.01459	0.48094	0.00908	0.02095	0.19502	0.01546	0.01487	0.13680	0.01365	0.00771	0.00530	0.00161	0.00735	0.00593	0.00376	0.00648
27	0.00971	0.00616	0.00846	0.00822	0.00955	0.00655	0.00626	0.01190	0.03863	0.10421	0.01971	0.12068	0.05659	0.07507	0.45656	0.00593	0.00987	0.00729	0.03336	0.00530
28	0.02267	0.01140	0.01386	0.01062	0.01483	0.01124	0.00878	0.30731	0.01915	0.49510	0.01800	0.01621	0.01169	0.00657	0.00539	0.00164	0.00508	0.00518	0.00616	0.00913
29	0.00663	0.00481	0.00628	0.00736	0.00786	0.00446	0.00503	0.00771	0.01069	0.01414	0.05976	0.69415	0.09475	0.01627	0.00681	0.00214	0.00312	0.03858	0.00502	0.00442
30	0.11863	0.01247	0.01495	0.09970	0.17555	0.03845	0.01072	0.19009	0.15215	0.02246	0.01237	0.01360	0.00949	0.00564	0.00494	0.00157	0.00552	0.00457	0.00391	0.10322
31	0.01135	0.01119	0.01572	0.08741	0.07451	0.05052	0.04085	0.01312	0.00932	0.01336	0.00926	0.01449	0.00870	0.04428	0.13689	0.00327	0.44235	0.00500	0.00253	0.00588
32	0.00744	0.00548	0.00696	0.00659	0.00792	0.00500	0.00494	0.00983	0.01483	0.02066	0.68596	0.04153	0.14027	0.01130	0.00633	0.00170	0.00256	0.00991	0.00579	0.00500
33	0.30473	0.01916	0.01243	0.01125	0.01423	0.45641	0.00864	0.02009	0.07697	0.01769	0.00916	0.01023	0.00734	0.00549	0.00437	0.00152	0.00732	0.00349	0.00319	0.00627
34	0.00788	0.00590	0.00731	0.00718	0.00815	0.00615	0.00513	0.01009	0.06204	0.01387	0.10978	0.03254	0.14165	0.27466	0.27874	0.00518	0.00754	0.00777	0.00386	0.00455
35	0.01113	0.00954	0.01113	0.00795	0.01272	0.00716	0.00636	0.01352	0.01113	0.01749	0.00954	0.01113	0.00795	0.00398	0.00398	0.00080	0.00398	0.00318	0.00318	0.84417
36	0.01307	0.01121	0.01193	0.01086	0.01379	0.01293	0.00851	0.02750	0.72353	0.02208	0.02224	0.02242	0.01724	0.00773	0.00558	0.00186	0.00429	0.04952	0.00543	0.00829
37	0.01267	0.01448	0.03167	0.02262	0.02805	0.01357	0.75837	0.01719	0.01267	0.01719	0.01086	0.01448	0.00814	0.00452	0.00633	0.00181	0.00905	0.00633	0.00271	0.00724
38	0.00730	0.00548	0.00677	0.00644	0.00784	0.00494	0.00483	0.00956	0.01450	0.01988	0.60595	0.04281	0.22076	0.01159	0.00633	0.00172	0.00258	0.01009	0.00569	0.00494
39	0.00675	0.00495	0.00635	0.00707	0.00777	0.00454	0.00489	0.00810	0.01162	0.01556	0.20031	0.54512	0.12694	0.01512	0.00667	0.00203	0.00294	0.01354	0.00519	0.00454
40	0.00717	0.00547	0.00658	0.00630	0.00775	0.00488	0.00473	0.00930	0.01418	0.01911	0.52713	0.04407	0.30006	0.01188	0.00634	0.00173	0.00260	0.01027	0.00559	0.00488
41	0.01329	0.01275	0.02179	0.03295	0.77787	0.01275	0.01647	0.01647	0.01222	0.01754	0.01010	0.01329	0.00850	0.00478	0.00531	0.00159	0.00638	0.00478	0.00266	0.00850
42	0.02041	0.01504	0.01611	0.01235	0.01665	0.01665	0.01020	0.75997	0.02524	0.03383	0.01289	0.01289	0.00913	0.00644	0.00537	0.00161	0.00591	0.00483	0.00537	0.00913
43	0.24209	0.01035	0.01179	0.00931	0.01326	0.01030	0.00768	0.13292	0.01519	0.46936	0.01631	0.01494	0.01069	0.00617	0.00484	0.00165	0.00466	0.00465	0.00557	0.00825
44	0.01329	0.01275	0.02179	0.03295	0.77787	0.01275	0.01647	0.01647	0.01222	0.01754	0.01010	0.01329	0.00850	0.00478	0.00531	0.00159	0.00638	0.00478	0.00266	0.00850
45	0.00973	0.00621	0.00842	0.00926	0.01067	0.00613	0.00800	0.01218	0.01240	0.06177	0.02664	0.05301	0.02772	0.01328	0.00684	0.00227	0.00462	0.60655	0.10912	0.00520
46	0.00707	0.00547	0.00644	0.00620	0.00770	0.00484	0.00465	0.00911	0.01395	0.01857	0.47163	0.04497	0.35590	0.01208	0.00634	0.00174	0.00261	0.01039	0.00552	0.00484
47	0.01113	0.00954	0.01113	0.00795	0.01272	0.00716	0.00636	0.01352	0.01113	0.01749	0.00954	0.01113	0.00795	0.00398	0.00398	0.00080	0.00398	0.00318	0.00318	0.84417
48	0.00657	0.00545	0.00575	0.00567	0.00739	0.00463	0.00425	0.00814	0.01276	0.01575	0.18295	0.04960	0.64634	0.01313	0.00634	0.00179	0.00269	0.01104	0.00515	0.00463
49	0.00700	0.00520	0.00653	0.00676	0.00780	0.00472	0.00485	0.00877	0.01296	0.01753	0.38519	0.30634	0.17966	0.01347	0.00651	0.00188	0.00277	0.01192	0.00542	0.00472
50	0.00702	0.00536	0.00645	0.00640	0.00772	0.00479	0.00471	0.00894	0.01351	0.01805	0.42655	0.14767	0.29802	0.01266	0.00641	0.00180	0.00268	0.01101	0.00547	0.00479
51	0.74435	0.00977	0.00758	0.00686	0.00999	0.01111	0.00560	0.01477	0.00952	0.02289	0.01331	0.01406	0.10164	0.00605	0.00370	0.00168	0.00397	0.00395	0.00353	0.00565
52	0.80618	0.01062	0.00832	0.00733	0.01071	0.01228	0.00604	0.05446	0.00997	0.02459	0.00776	0.00894	0.00599	0.00506	0.00343	0.00166	0.00424	0.00301	0.00343	0.00599
53	0.00804	0.00586	0.00759	0.00761	0.00829	0.00640	0.00534	0.01007	0.06316	0.01248	0.01721	0.09358	0.01790	0.33805	0.36789	0.00625	0.00909	0.00739	0.00339	0.00442
54	0.00728	0.00507	0.00626	0.00665	0.00733	0.00476	0.00452	0.00859	0.01129	0.01558	0.22098	0.34787	0.09145	0.16839	0.01044	0.00255	0.00330	0.01138	0.06196	0.00438
55	0.00719	0.00525	0.00630	0.00649	0.00721	0.00506	0.00437	0.00816	0.01008	0.01326	0.09784	0.18281	0.19955	0.30749	0.11162	0.00395	0.00513	0.00994	0.00418	0.00412
56	0.00781	0.00520	0.00585	0.00585	0.00585	0.00520	0.00325	0.00781	0.00781	0.01041	0.01691	0.03513	0.01952	0.81135	0.02732	0.00520	0.00520	0.00781	0.00325	0.00325
57	0.45928	0.01125	0.01282	0.19287	0.16972	0.04219	0.01019	0.01567	0.01035	0.01999	0.00850	0.01094	0.00670	0.00505	0.00424	0.00167	0.00549	0.00373	0.00295	0.00640
58	0.01257	0.01192	0.01960	0.11588	0.59924	0.01227	0.01507	0.01657	0.06651	0.01730	0.01320	0.01590	0.04914	0.00549	0.00538	0.00164	0.00612	0.00522	0.00295	0.00801
59	0.01224	0.01149	0.01839	0.28531	0.41141	0.01257	0.01471	0.01743	0.12938	0.01703	0.01174	0.01468	0.00928	0.00537	0.00535	0.00169	0.00631	0.00498	0.00300	0.00765
60	0.00767	0.00575	0.00863	0.00863	0.00959	0.00671	0.00671	0.00959	0.00863	0.01246	0.01438	0.02109	0.01342	0.04026	0.79008	0.00863	0.01438	0.00575	0.00288	0.00479
61	0.01270	0.00979	0.01214	0.00979	0.05268	0.00808	0.00737	0.01502	0.01148	0.10092	0.01070	0.01206	0.00851	0.00463	0.00501	0.00102	0.05127	0.00360	0.00348	0.65974
62	0.00857	0.00511	0.00748	0.00744	0.00786	0.00539	0.00528	0.00812	0.00822	0.01137	0.07221	0.02073	0.01446	0.06625	0.26927	0.46276	0.00767	0.00558	0.00284	0.00339
63	0.00863	0.00662	0.00984	0.00926	0.01054	0.00749	0.03670	0.05412	0.00973	0.01381	0.01428	0.02107	0.01327	0.07692	0.67283	0.00776	0.01319	0.00583	0.00304	0.00507
64	0.01435	0.81458	0.02813	0.00918	0.01378	0.02124	0.00918	0.01607	0.01091	0.01263	0.00746	0.00861	0.00689	0.00459	0.00344	0.00115	0.00574	0.00287	0.00230	0.00689
65	0.00766	0.00572	0.00847	0.00842	0.00941	0.00653	0.00653	0.00965	0.00935	0.01345	0.09770	0.02317	0.01750	0.03705	0.70423	0.00787	0.01308	0.00618	0.00321	0.00482
66	0.00792	0.00611	0.00699	0.00699	0.00840	0.00579	0.00508	0.06072	0.04355	0.01689	0.15833	0.27682	0.31732	0.04507	0.00723	0.00203	0.00319	0.01147	0.00511	0.00499
67	0.01965	0.01101	0.01287	0.01026	0.01393	0.01128	0.00843	0.31476	0.06313	0.31726	0.01791	0.01863	0.01279	0.00699	0.00532	0.00165	0.00487	0.04345	0.09739	0.00842
68	0.00760	0.00549	0.00718	0.00675	0.00802	0.00506	0.00506	0.01013	0.01519	0.02153	0.77503	0.04010	0.05065	0.01097	0.00633	0.00169	0.00253	0.00971	0.00591	0.00506
69	0.00861	0.00555	0.00660	0.00648	0.00747	0.00513	0.00439	0.00966	0.01103	0.07767	0.15785	0.15784	0.18692	0.31461	0.01427	0.00312	0.00384	0.00984	0.00463	0.00450
70	0.00901	0.00652	0.00759	0.00738	0.00886	0.00648	0.00547	0.07053	0.08317	0.01942	0.25815	0.23836	0.12876	0.01156	0.00598	0.00178	0.00313	0.01006	0.11235	0.00544
71	0.00670	0.00545	0.00593	0.00581	0.00747	0.00468	0.00436	0.00839	0.01307	0.01649	0.25876	0.04838	0.57006	0.01285	0.00634	0.00178	0.00267	0.01087	0.00525	0.00468
72	0.01335	0.01153	0.01214	0.01092	0.01396	0.01335	0.00850	0.02852	0.76817	0.02245	0.02185	0.02003	0.01639	0.00728	0.00546	0.00182	0.00425	0.00607	0.00546	0.00850
73	0.01147	0.00781	0.00908	0.00830	0.01026	0.00788	0.00627	0.16453	0.06071	0.07876	0.15221	0.25219	0.12042	0.04307	0.00689	0.00196	0.00378	0.00969	0.03864	0.00607
74	0.01878	0.01347	0.01438	0.01120	0.01502	0.01483	0.00920	0.64325	0.02306	0.03167	0.01361	0.01400	0.00985	0.00641	0.00512	0.00155	0.00538	0.00486	0.13588	0.00848
75	0.00660	0.00483	0.00621	0.00718	0.00774	0.00444	0.00488	0.00771	0.01090	0.01442	0.09174	0.65812	0.12354	0.01597	0.00675	0.00210	0.00302	0.01436	0.00506	0.00444
76	0.00932	0.00678	0.00763	0.00692	0.00881	0.00640	0.00524	0.10285	0.01457	0.04941	0.27550	0.04049	0.35780	0.07499	0.00785	0.00201	0.00333	0.00949	0.00526	0.00536
77	0.07515	0.00555	0.00620	0.00650	0.00769	0.00536	0.00465	0.01030	0.01102	0.04702	0.05545	0.34077	0.13852	0.04277	0.00642	0.00193	0.00310	0.01020	0.21654	0.00484
78	0.00781	0.00520	0.00585	0.00585	0.00585	0.00520	0.00325	0.00781	0.00781	0.01041	0.01691	0.03513	0.01952	0.81135	0.02732	0.00520	0.00520	0.00781	0.00325	0.00325
79	0.01932	0.02448	0.01684	0.01470	0.01773	0.71301	0.08437	0.02102	0.01496	0.01354	0.00855	0.01016	0.00704	0.00543	0.00499	0.00143	0.00962	0.00374	0.00276	0.00632
80	0.00789	0.00544	0.00695	0.00736	0.00791	0.00544	0.00508	0.03275	0.00984	0.01311	0.02305	0.30606	0.06330	0.23642	0.10365	0.08594	0.00534	0.06634	0.00402	0.00412
81	0.09409	0.09423	0.04148	0.00818	0.01025	0.00820	0.00668	0.01319	0.01093	0.13271	0.02014	0.23334	0.02075	0.14690	0.00927	0.00243	0.00448	0.09948	0.03771	0.00556
82	0.01296	0.01291	0.02056	0.22765	0.36475	0.05894	0.10748	0.04460	0.01229	0.01655	0.00984	0.01337	0.00794	0.00533	0.00628	0.00171	0.06188	0.00489	0.00268	0.00739
83	0.03945	0.00889	0.01012	0.00941	0.04084	0.00898	0.00684	0.04717	0.24233	0.09155	0.05417	0.07204	0.14081	0.09644	0.00786	0.00205	0.00411	0.00720	0.00479	0.10496
84	0.10950	0.01241	0.04605	0.03001	0.30258	0.08873	0.05038	0.01540	0.01224	0.04766	0.06772	0.02141	0.07371	0.04861	0.00650	0.00186	0.00589	0.04905	0.00346	0.00683
85	0.15230	0.01576	0.01339	0.01195	0.03961	0.21528	0.00911	0.22341	0.19231	0.02294	0.01443	0.01456	0.03943	0.00639	0.00496	0.00162	0.00611	0.00470	0.00428	0.00749
86	0.01526	0.01261	0.01480	0.10692	0.11634	0.06852	0.01045	0.29252	0.05290	0.04097	0.02197	0.01534	0.01042	0.04161	0.09207	0.00248	0.00699	0.00495	0.00400	0.06890
87	0.01393	0.01337	0.04918	0.02410	0.44089	0.06739	0.05298	0.07811	0.01365	0.04876	0.01352	0.02056	0.01204	0.00662	0.00566	0.00174	0.00648	0.11984	0.00339	0.00777

[dist]
# distance from previous block
# <min> <max>
0	9

[block]
# block no. 3 follows, 45 sequences, length 34
# corresponding to MSA columns:
# 321-354
name=unknown_D
#
# <colnr> <probs for GDERKNQSTAVLIFYWHMCP>
#	G	D	E	R	K	N	Q	S	T	A	V	L	I	F	Y	W	H	M	C	P
0	0.09899	0.14598	0.23669	0.01251	0.01731	0.12379	0.02903	0.13188	0.01385	0.07483	0.01009	0.01125	0.00761	0.00566	0.00553	0.00159	0.05875	0.00395	0.00326	0.00744
1	0.19037	0.01271	0.01069	0.00969	0.01238	0.18565	0.00757	0.01921	0.17536	0.08708	0.14326	0.02197	0.04609	0.00762	0.00515	0.00169	0.00518	0.04724	0.00454	0.00655
2	0.03392	0.01712	0.28313	0.04455	0.09655	0.04791	0.02426	0.01613	0.01134	0.08381	0.06231	0.01456	0.01084	0.00785	0.03538	0.00207	0.19334	0.00481	0.00304	0.00710
3	0.01634	0.01748	0.02248	0.01722	0.02150	0.23123	0.34255	0.16902	0.07211	0.01981	0.01137	0.01323	0.00861	0.00540	0.00566	0.00165	0.00824	0.00521	0.00347	0.00743
4	0.01462	0.01216	0.01285	0.01118	0.01444	0.01395	0.00880	0.16038	0.63424	0.02451	0.02023	0.01874	0.01508	0.00713	0.00545	0.00178	0.00455	0.00585	0.00545	0.00861
5	0.03258	0.00802	0.00970	0.00939	0.03725	0.00816	0.00678	0.01671	0.23302	0.08536	0.16435	0.18380	0.02477	0.01050	0.00711	0.07630	0.00380	0.00812	0.00495	0.06932
6	0.00923	0.00664	0.00771	0.00753	0.00845	0.00686	0.00512	0.07468	0.09729	0.01564	0.09147	0.23027	0.02493	0.34087	0.01546	0.03505	0.00435	0.00933	0.00435	0.00477
7	0.84927	0.01038	0.00789	0.00706	0.01038	0.01204	0.00581	0.01578	0.00914	0.02408	0.00747	0.00872	0.00581	0.00498	0.00332	0.00166	0.00415	0.00291	0.00332	0.00581
8	0.00681	0.00527	0.00607	0.00643	0.00760	0.00471	0.00465	0.00813	0.01164	0.01474	0.11492	0.24436	0.39523	0.08486	0.00840	0.00224	0.00317	0.06138	0.00492	0.00446
9	0.10552	0.00642	0.00722	0.00735	0.00834	0.00659	0.00506	0.05922	0.03114	0.01629	0.08832	0.36777	0.02689	0.22577	0.01172	0.00284	0.00396	0.01042	0.00445	0.00472
10	0.00858	0.00540	0.00729	0.00813	0.00898	0.00508	0.00598	0.00992	0.01111	0.08210	0.02827	0.55797	0.03214	0.03577	0.00737	0.00227	0.00369	0.16999	0.00508	0.00488
11	0.00793	0.00480	0.00574	0.00648	0.00717	0.00462	0.00449	0.00949	0.01067	0.01623	0.02475	0.49237	0.02680	0.01259	0.00561	0.00181	0.00287	0.01115	0.33981	0.00462
12	0.06656	0.00598	0.00631	0.00619	0.00719	0.00615	0.00424	0.05375	0.01055	0.01681	0.01786	0.12361	0.01778	0.29969	0.01276	0.00285	0.00387	0.00716	0.32610	0.00458
13	0.03813	0.00603	0.00688	0.00694	0.00823	0.00581	0.00493	0.01073	0.07839	0.04015	0.14250	0.25554	0.23298	0.12715	0.00927	0.00237	0.00340	0.01074	0.00491	0.00492
14	0.02073	0.01451	0.01579	0.01210	0.01639	0.01587	0.01000	0.69501	0.02436	0.10002	0.01362	0.01336	0.00950	0.00646	0.00537	0.00162	0.00579	0.00488	0.00548	0.00913
15	0.00654	0.00467	0.00623	0.00747	0.00779	0.00436	0.00498	0.00747	0.01028	0.01370	0.02959	0.80785	0.03550	0.01682	0.00685	0.00218	0.00311	0.01526	0.00498	0.00436
16	0.00716	0.00513	0.00624	0.00671	0.00729	0.00484	0.00451	0.00813	0.01044	0.01379	0.11626	0.31769	0.13701	0.27384	0.01340	0.00307	0.00377	0.05203	0.00453	0.00414
17	0.00958	0.00501	0.00530	0.00530	0.00624	0.00501	0.00374	0.01129	0.01035	0.01757	0.01679	0.02231	0.01441	0.14463	0.00907	0.06533	0.00313	0.00546	0.63498	0.00450
18	0.01435	0.81458	0.02813	0.00918	0.01378	0.02124	0.00918	0.01607	0.01091	0.01263	0.00746	0.00861	0.00689	0.00459	0.00344	0.00115	0.00574	0.00287	0.00230	0.00689
19	0.72222	0.01067	0.00889	0.00767	0.01113	0.01212	0.00632	0.07769	0.01090	0.07897	0.00890	0.00974	0.00662	0.00522	0.00364	0.00166	0.00433	0.00324	0.00373	0.00632
20	0.00691	0.00493	0.00651	0.00729	0.00776	0.00474	0.00495	0.00805	0.01054	0.01431	0.12875	0.55435	0.03402	0.10431	0.07338	0.00297	0.00419	0.01291	0.00475	0.00437
21	0.01230	0.01047	0.01121	0.01015	0.01289	0.01188	0.00786	0.02522	0.63616	0.02205	0.12878	0.02394	0.04755	0.00802	0.00561	0.00180	0.00395	0.00676	0.00551	0.00788
22	0.84927	0.01038	0.00789	0.00706	0.01038	0.01204	0.00581	0.01578	0.00914	0.02408	0.00747	0.00872	0.00581	0.00498	0.00332	0.00166	0.00415	0.00291	0.00332	0.00581
23	0.01113	0.00954	0.01113	0.00795	0.01272	0.00716	0.00636	0.01352	0.01113	0.01749	0.00954	0.01113	0.00795	0.00398	0.00398	0.00080	0.00398	0.00318	0.00318	0.84417
24	0.00979	0.00863	0.01276	0.48161	0.02588	0.00995	0.01114	0.07313	0.01227	0.01556	0.02240	0.07734	0.20171	0.00829	0.00571	0.00181	0.00567	0.00713	0.00346	0.00576
25	0.01240	0.01638	0.13923	0.02158	0.02736	0.01342	0.65272	0.01717	0.01248	0.01717	0.01068	0.01403	0.00795	0.00461	0.00616	0.00179	0.00889	0.00600	0.00265	0.00734
26	0.01406	0.74991	0.09022	0.00969	0.01455	0.02052	0.01006	0.01615	0.01094	0.01299	0.00764	0.00883	0.00688	0.00463	0.00358	0.00119	0.00592	0.00296	0.00229	0.00697
27	0.01280	0.15398	0.08467	0.14134	0.47164	0.01409	0.01524	0.01604	0.01170	0.01606	0.00951	0.01246	0.00788	0.00486	0.00498	0.00155	0.00651	0.00438	0.00252	0.00779
28	0.00720	0.00523	0.00689	0.00774	0.00856	0.00492	0.00577	0.00880	0.01178	0.01569	0.16195	0.43814	0.09793	0.01507	0.00685	0.00213	0.00340	0.18219	0.00514	0.00463
29	0.00684	0.00498	0.00648	0.00739	0.00805	0.00462	0.00522	0.00815	0.01127	0.01496	0.12465	0.57010	0.11217	0.01559	0.00678	0.00211	0.00316	0.07785	0.00509	0.00452
30	0.01977	0.01488	0.08373	0.01348	0.06854	0.01434	0.01104	0.50324	0.02123	0.17419	0.01399	0.01381	0.00968	0.00625	0.00535	0.00163	0.00586	0.00486	0.00515	0.00898
31	0.01309	0.01204	0.01719	0.11150	0.42621	0.08001	0.01307	0.01631	0.06310	0.04341	0.01247	0.07376	0.01101	0.00720	0.00669	0.07089	0.00616	0.00555	0.00312	0.00722
32	0.00917	0.03610	0.01075	0.04051	0.09162	0.03263	0.00783	0.01138	0.01031	0.01468	0.09625	0.02118	0.01630	0.02685	0.47490	0.00577	0.01054	0.00580	0.07204	0.00540
33	0.01680	0.24383	0.02047	0.01419	0.06413	0.35974	0.07646	0.04741	0.07997	0.01522	0.00976	0.01106	0.00803	0.00532	0.00468	0.00141	0.00769	0.00391	0.00296	0.00695

[dist]
# distance from previous block
# <min> <max>
0	1

[block]
# block no. 4 follows, 45 sequences, length 33
# corresponding to MSA columns:
# 356-388
name=unknown_E
#
# <colnr> <probs for GDERKNQSTAVLIFYWHMCP>
#	G	D	E	R	K	N	Q	S	T	A	V	L	I	F	Y	W	H	M	C	P
0	0.00681	0.00523	0.00623	0.00645	0.00765	0.00466	0.00466	0.00843	0.01264	0.01656	0.28177	0.26478	0.32747	0.01367	0.00649	0.00188	0.00277	0.01193	0.00528	0.00466
1	0.12049	0.11898	0.01625	0.01211	0.01449	0.20800	0.00994	0.10124	0.06151	0.01732	0.00908	0.01111	0.00768	0.00679	0.00865	0.00175	0.26083	0.00403	0.00311	0.00662
2	0.01504	0.01191	0.01322	0.00994	0.01440	0.01143	0.00807	0.31684	0.06993	0.02446	0.01176	0.01247	0.00902	0.00521	0.00464	0.00120	0.00478	0.00405	0.00423	0.44743
3	0.06819	0.00866	0.00869	0.00813	0.00944	0.09135	0.00611	0.01109	0.01145	0.01554	0.19140	0.03110	0.18689	0.14126	0.09672	0.00308	0.09433	0.00761	0.00403	0.00490
4	0.01157	0.06758	0.01141	0.01046	0.04407	0.19040	0.00760	0.01431	0.07290	0.01593	0.16573	0.19823	0.02570	0.05628	0.00710	0.00198	0.00526	0.08359	0.00429	0.00561
5	0.00697	0.00498	0.00673	0.00797	0.00847	0.00473	0.00574	0.00822	0.01070	0.01419	0.02935	0.65445	0.03456	0.01641	0.00697	0.00224	0.00349	0.16438	0.00497	0.00448
6	0.00837	0.00598	0.00833	0.00957	0.01068	0.00594	0.00816	0.01064	0.01208	0.01575	0.02858	0.15960	0.03150	0.01509	0.00734	0.00243	0.00470	0.64544	0.00495	0.00487
7	0.00773	0.00517	0.00588	0.00596	0.00598	0.00515	0.00336	0.00778	0.00796	0.01062	0.01772	0.08444	0.02054	0.76065	0.02602	0.00501	0.00507	0.00828	0.00336	0.00332
8	0.00801	0.00610	0.00757	0.00740	0.00877	0.00613	0.00557	0.06012	0.01215	0.01621	0.16297	0.13202	0.24153	0.04710	0.24900	0.00404	0.00663	0.00925	0.00447	0.00496
9	0.01064	0.00856	0.00968	0.00911	0.01121	0.00922	0.00703	0.06055	0.33611	0.02066	0.20104	0.13417	0.08090	0.01040	0.00606	0.00188	0.00374	0.06698	0.00542	0.00662
10	0.01967	0.02478	0.01504	0.01366	0.01644	0.74526	0.01026	0.02184	0.05840	0.01367	0.00907	0.01027	0.00746	0.00563	0.00488	0.00141	0.00937	0.00361	0.00292	0.00635
11	0.06458	0.00681	0.00803	0.00755	0.00939	0.00648	0.00570	0.05226	0.01266	0.15321	0.10709	0.18553	0.18028	0.11354	0.00878	0.00230	0.00384	0.06132	0.00507	0.00557
12	0.00776	0.00528	0.00603	0.00596	0.00648	0.00514	0.00376	0.00853	0.00970	0.01330	0.13615	0.03632	0.11067	0.51943	0.04213	0.00410	0.00459	0.00824	0.06260	0.00384
13	0.13176	0.01203	0.01354	0.01052	0.01462	0.01249	0.00868	0.36418	0.01911	0.33533	0.01553	0.01451	0.01037	0.00633	0.00511	0.00164	0.00513	0.00481	0.00561	0.00869
14	0.00938	0.00633	0.00749	0.00753	0.00841	0.00645	0.00510	0.01227	0.12839	0.06271	0.02214	0.25817	0.02377	0.36867	0.01569	0.00345	0.00439	0.04043	0.00439	0.00484
15	0.00996	0.00722	0.00848	0.00710	0.00980	0.00594	0.00532	0.01167	0.01152	0.07506	0.09223	0.10000	0.17049	0.11681	0.00819	0.00188	0.00370	0.00735	0.01524	0.33204
16	0.00751	0.00516	0.00654	0.00687	0.00745	0.00500	0.00471	0.00816	0.00990	0.01314	0.09504	0.22345	0.12539	0.23156	0.07638	0.10921	0.00477	0.05169	0.00410	0.00396
17	0.01569	0.01305	0.01165	0.01014	0.01288	0.19184	0.00788	0.11387	0.17063	0.11905	0.16622	0.02045	0.01936	0.00731	0.00529	0.00158	0.00524	0.00582	0.09498	0.00707
18	0.16125	0.00728	0.00828	0.00792	0.00977	0.00739	0.00586	0.01455	0.08856	0.15711	0.02205	0.30355	0.05094	0.06296	0.00810	0.06115	0.00391	0.00892	0.00474	0.00572
19	0.01282	0.00761	0.00909	0.00812	0.01050	0.00727	0.00627	0.06777	0.10017	0.21213	0.12521	0.17147	0.21784	0.01086	0.00602	0.00181	0.00363	0.00927	0.00560	0.00651
20	0.01835	0.00837	0.01077	0.00887	0.01210	0.00761	0.00709	0.04645	0.06393	0.49071	0.06669	0.10834	0.10897	0.00884	0.00572	0.00175	0.00410	0.00743	0.00611	0.00781
21	0.01764	0.01159	0.01289	0.01025	0.01370	0.01235	0.00834	0.44238	0.04642	0.13021	0.11591	0.01836	0.01603	0.00708	0.00530	0.00159	0.00479	0.00562	0.11150	0.00805
22	0.00876	0.00543	0.00692	0.00733	0.00801	0.00519	0.00493	0.00985	0.03610	0.07903	0.02492	0.46842	0.04430	0.19226	0.01221	0.06180	0.00384	0.01161	0.00457	0.00453
23	0.00827	0.00588	0.00698	0.00701	0.00847	0.00551	0.00517	0.01050	0.05516	0.06415	0.11397	0.22417	0.32202	0.04900	0.06963	0.00258	0.00408	0.02742	0.00497	0.00504
24	0.00861	0.00610	0.00699	0.00687	0.00824	0.00588	0.00489	0.01098	0.08209	0.06297	0.03360	0.15300	0.30859	0.20069	0.07352	0.00319	0.00455	0.00978	0.00456	0.00490
25	0.07749	0.02638	0.72182	0.01464	0.02221	0.01243	0.01872	0.01690	0.01116	0.01756	0.00946	0.01113	0.00672	0.00509	0.00496	0.00170	0.00763	0.00388	0.00235	0.00776
26	0.84927	0.01038	0.00789	0.00706	0.01038	0.01204	0.00581	0.01578	0.00914	0.02408	0.00747	0.00872	0.00581	0.00498	0.00332	0.00166	0.00415	0.00291	0.00332	0.00581
27	0.02341	0.03416	0.05975	0.01078	0.04483	0.07232	0.02518	0.06461	0.06484	0.19358	0.02182	0.20076	0.07776	0.04488	0.03447	0.00216	0.00536	0.00790	0.00468	0.00674
28	0.01411	0.05754	0.17032	0.01797	0.21224	0.01119	0.08927	0.01799	0.04054	0.16957	0.01543	0.06404	0.01295	0.00691	0.00558	0.00175	0.00616	0.07489	0.00381	0.00773
29	0.01216	0.00951	0.01124	0.00808	0.01280	0.00721	0.00648	0.01452	0.01147	0.07830	0.01047	0.01170	0.00838	0.00419	0.00409	0.00086	0.00402	0.00336	0.00346	0.77772
30	0.00755	0.00545	0.00716	0.00724	0.00785	0.00581	0.00507	0.00862	0.00869	0.01190	0.01935	0.07903	0.07477	0.33439	0.38646	0.00638	0.00924	0.00757	0.00331	0.00415
31	0.07069	0.01130	0.01101	0.06955	0.06441	0.17666	0.00834	0.01452	0.04242	0.05217	0.06730	0.15510	0.07795	0.01303	0.09723	0.00257	0.00659	0.04942	0.00395	0.00580
32	0.00773	0.00574	0.00663	0.00675	0.00741	0.00573	0.00455	0.00898	0.03993	0.01274	0.02779	0.13884	0.19521	0.40951	0.01726	0.00361	0.03257	0.06086	0.00405	0.00411

[dist]
# distance from previous block
# <min> <max>
0	1

[block]
# block no. 5 follows, 45 sequences, length 7
# corresponding to MSA columns:
# 390-396
name=unknown_F
#
# <colnr> <probs for GDERKNQSTAVLIFYWHMCP>
#	G	D	E	R	K	N	Q	S	T	A	V	L	I	F	Y	W	H	M	C	P
0	0.01368	0.01059	0.03228	0.03613	0.11682	0.02394	0.08047	0.16034	0.01456	0.10955	0.06361	0.08603	0.01687	0.06472	0.08514	0.00269	0.00654	0.06487	0.00428	0.00690
1	0.01296	0.01305	0.01933	0.16093	0.26284	0.08877	0.11925	0.05583	0.01234	0.01636	0.01117	0.07385	0.00996	0.00655	0.00717	0.00178	0.11227	0.00566	0.00291	0.00701
2	0.01357	0.08416	0.08017	0.01201	0.01472	0.25764	0.05192	0.04933	0.01204	0.01420	0.01089	0.01523	0.00976	0.07312	0.22133	0.00374	0.06266	0.00470	0.00284	0.00599
3	0.05121	0.01019	0.01316	0.09259	0.06038	0.00980	0.05066	0.06778	0.11825	0.01939	0.07240	0.01735	0.05234	0.00592	0.00491	0.00136	0.00474	0.00505	0.00382	0.33870
4	0.01347	0.15513	0.12617	0.01414	0.04606	0.08062	0.12653	0.11314	0.04258	0.01738	0.01153	0.05161	0.00992	0.00998	0.09231	0.00242	0.07173	0.00513	0.00313	0.00701
5	0.01437	0.01016	0.04820	0.00938	0.01243	0.00950	0.00776	0.21831	0.07066	0.16584	0.08364	0.14472	0.16261	0.00976	0.00585	0.00177	0.00435	0.00818	0.00538	0.00712
6	0.01021	0.00640	0.00882	0.05102	0.01100	0.00634	0.00653	0.01145	0.01063	0.11570	0.04609	0.21802	0.07850	0.01788	0.15641	0.11375	0.02619	0.03547	0.00415	0.06544

[dist]
# distance from previous block
# <min> <max>
0	1

[block]
# block no. 6 follows, 45 sequences, length 79
# corresponding to MSA columns:
# 398-476
name=unknown_G
#
# <colnr> <probs for GDERKNQSTAVLIFYWHMCP>
#	G	D	E	R	K	N	Q	S	T	A	V	L	I	F	Y	W	H	M	C	P
0	0.13872	0.00858	0.01127	0.05379	0.10261	0.00920	0.00850	0.03266	0.05211	0.05785	0.01374	0.01906	0.01199	0.01953	0.31160	0.00436	0.00867	0.05063	0.00345	0.08168
1	0.00964	0.00813	0.01022	0.09671	0.01327	0.05105	0.00784	0.06934	0.01083	0.01448	0.01690	0.11864	0.05043	0.06828	0.38105	0.00528	0.05236	0.00694	0.00336	0.00525
2	0.00726	0.00534	0.00615	0.00635	0.00761	0.00472	0.00453	0.00858	0.01186	0.04038	0.13960	0.25905	0.39070	0.07326	0.00801	0.00215	0.00305	0.01175	0.00503	0.00461
