[name]
unknown

[dist]
# distance from previous block
# <min> <max>
0	93

[block]
# block no. 0 follows, 49 sequences, length 31
# corresponding to MSA columns:
# 95-125
name=unknown_A
#
# <colnr> <probs for GDERKNQSTAVLIFYWHMCP>
#	G	D	E	R	K	N	Q	S	T	A	V	L	I	F	Y	W	H	M	C	P
0	0.14007	0.00999	0.01085	0.03690	0.11086	0.08079	0.00826	0.06023	0.09235	0.05610	0.04268	0.02668	0.12858	0.00916	0.03014	0.00191	0.00506	0.13931	0.00401	0.00607
1	0.01194	0.07235	0.01511	0.01075	0.01451	0.02788	0.14423	0.05420	0.13967	0.03758	0.01255	0.03371	0.01016	0.00668	0.04266	0.00159	0.00536	0.00460	0.05458	0.29988
2	0.01105	0.07865	0.11723	0.01339	0.08676	0.00975	0.14656	0.01404	0.01117	0.05266	0.01394	0.06996	0.02291	0.00656	0.00508	0.00149	0.00552	0.11215	0.00322	0.21792
3	0.00806	0.00497	0.00612	0.00620	0.00700	0.00527	0.00448	0.00969	0.00907	0.01429	0.01609	0.07280	0.01518	0.17283	0.28451	0.00435	0.00675	0.00607	0.34198	0.00429
4	0.00803	0.00449	0.00650	0.00690	0.00706	0.00441	0.00473	0.00698	0.00778	0.01034	0.01521	0.23638	0.01688	0.01685	0.01527	0.56305	0.00401	0.05919	0.00304	0.00289
5	0.00647	0.00479	0.00552	0.00594	0.00660	0.00441	0.00391	0.00721	0.00956	0.01219	0.03176	0.32325	0.27487	0.26596	0.01230	0.00283	0.00343	0.01098	0.00419	0.00384
6	0.00672	0.00512	0.00617	0.00598	0.00730	0.00457	0.00446	0.00867	0.01317	0.01773	0.50750	0.07871	0.29266	0.01142	0.00599	0.00165	0.00247	0.00990	0.00524	0.00457
7	0.02204	0.00965	0.01238	0.00949	0.01343	0.00898	0.00784	0.16515	0.01622	0.65128	0.01849	0.01626	0.01178	0.00622	0.00508	0.00156	0.00454	0.00499	0.00603	0.00860
8	0.01190	0.00837	0.00789	0.00713	0.00902	0.07278	0.00552	0.12847	0.08924	0.02021	0.01541	0.01709	0.01201	0.00729	0.03731	0.00158	0.00402	0.00470	0.53437	0.00571
9	0.05005	0.01172	0.01205	0.00994	0.01311	0.07628	0.00794	0.32834	0.09545	0.16240	0.04202	0.09039	0.06281	0.00752	0.00517	0.00159	0.00487	0.00602	0.00496	0.00738
10	0.01014	0.00962	0.05585	0.00913	0.01125	0.04179	0.00726	0.05323	0.31858	0.01756	0.04957	0.31546	0.05891	0.01036	0.00565	0.00180	0.00398	0.00900	0.00468	0.00618
11	0.02435	0.09881	0.06608	0.35169	0.06976	0.01264	0.03576	0.10771	0.08397	0.08418	0.01123	0.01326	0.00831	0.00529	0.00486	0.00158	0.00601	0.00445	0.00322	0.00685
12	0.06650	0.24434	0.34925	0.01125	0.01669	0.07829	0.01249	0.01625	0.01094	0.06129	0.00891	0.01005	0.00684	0.00469	0.00416	0.00135	0.00628	0.00336	0.00257	0.08450
13	0.14060	0.01721	0.08076	0.01131	0.01483	0.27250	0.00953	0.24640	0.09910	0.02125	0.03258	0.01190	0.00911	0.00568	0.00462	0.00148	0.00640	0.00405	0.00374	0.00697
14	0.17200	0.01381	0.08716	0.01273	0.01632	0.05987	0.15446	0.11331	0.19586	0.01989	0.01170	0.01286	0.00893	0.00579	0.00608	0.00168	0.09251	0.00459	0.00352	0.00694
15	0.01545	0.03662	0.06410	0.01293	0.08678	0.04640	0.00998	0.39391	0.16388	0.02438	0.01434	0.08301	0.01171	0.00676	0.00510	0.00158	0.00535	0.00546	0.00444	0.00780
16	0.01339	0.15614	0.01612	0.36243	0.02277	0.01275	0.01079	0.10648	0.08530	0.12134	0.03630	0.01414	0.00982	0.00555	0.00477	0.00154	0.00564	0.00452	0.00349	0.00673
17	0.01255	0.13674	0.54659	0.01287	0.01927	0.01291	0.01544	0.08703	0.01216	0.08431	0.01001	0.01101	0.00715	0.00498	0.00463	0.00152	0.00673	0.00378	0.00277	0.00754
18	0.06023	0.01255	0.18245	0.01175	0.01546	0.00950	0.16112	0.08041	0.02822	0.01663	0.01946	0.08391	0.15054	0.01233	0.12983	0.00269	0.00693	0.00659	0.00336	0.00603
19	0.00773	0.00678	0.00969	0.01000	0.08214	0.00644	0.07602	0.01026	0.05686	0.01469	0.07791	0.17690	0.35059	0.01348	0.07489	0.00230	0.00452	0.00950	0.00420	0.00509
20	0.00923	0.08361	0.01233	0.00986	0.01067	0.01085	0.00802	0.01062	0.00812	0.01175	0.01059	0.01662	0.01033	0.08863	0.37474	0.00503	0.30658	0.00496	0.00250	0.00495
21	0.01517	0.01370	0.15299	0.01086	0.01491	0.01181	0.01000	0.24118	0.23136	0.14442	0.08628	0.01690	0.01432	0.00648	0.00512	0.00160	0.00498	0.00524	0.00479	0.00788
22	0.08621	0.00682	0.00829	0.00843	0.03414	0.00674	0.02690	0.07291	0.03102	0.04719	0.02867	0.32652	0.20856	0.01184	0.00582	0.00185	0.00363	0.07478	0.00452	0.00516
23	0.00780	0.00648	0.00678	0.00715	0.00814	0.07353	0.00518	0.00929	0.01156	0.01517	0.20450	0.37556	0.12697	0.01252	0.00596	0.00180	0.00336	0.05524	0.05849	0.00450
24	0.01112	0.01047	0.01766	0.27260	0.48646	0.01114	0.01413	0.01419	0.01132	0.01572	0.07678	0.01501	0.01105	0.00518	0.00510	0.00157	0.00592	0.00490	0.00269	0.00698
25	0.01607	0.01769	0.01645	0.05213	0.25461	0.37915	0.01178	0.10932	0.01400	0.01602	0.00883	0.01084	0.00724	0.00533	0.00556	0.00147	0.05992	0.00393	0.00283	0.00682
26	0.01375	0.01006	0.01511	0.13754	0.06395	0.01074	0.11291	0.10691	0.09219	0.16925	0.06388	0.08568	0.01409	0.00704	0.00632	0.00171	0.07175	0.00609	0.00414	0.00691
27	0.00749	0.00591	0.00868	0.01137	0.14811	0.00567	0.00678	0.00897	0.01059	0.01444	0.10613	0.56010	0.03024	0.01314	0.00616	0.00192	0.00350	0.04153	0.00439	0.00490
28	0.00876	0.00776	0.00958	0.01053	0.07744	0.07975	0.05210	0.01045	0.01106	0.01436	0.04552	0.36711	0.09484	0.01184	0.00596	0.00186	0.00428	0.12390	0.05798	0.00492
29	0.28415	0.00920	0.01196	0.01356	0.20077	0.00950	0.05340	0.03724	0.01141	0.04995	0.13118	0.06685	0.08737	0.00700	0.00478	0.00160	0.00435	0.00591	0.00373	0.00610
30	0.11270	0.01206	0.01317	0.06110	0.01514	0.04535	0.00874	0.34143	0.01635	0.11344	0.01115	0.01190	0.00816	0.00571	0.00557	0.00147	0.07158	0.00410	0.00415	0.13674

[dist]
# distance from previous block
# <min> <max>
3	31

[block]
# block no. 1 follows, 49 sequences, length 9
# corresponding to MSA columns:
# 164-172
name=unknown_B
#
# <colnr> <probs for GDERKNQSTAVLIFYWHMCP>
#	G	D	E	R	K	N	Q	S	T	A	V	L	I	F	Y	W	H	M	C	P
0	0.01238	0.38979	0.28933	0.01095	0.01590	0.07083	0.01192	0.04875	0.01125	0.01432	0.00972	0.07542	0.00876	0.00557	0.00422	0.00138	0.00619	0.00413	0.00252	0.00668
1	0.01026	0.00678	0.00818	0.00753	0.00941	0.00669	0.00573	0.01485	0.17883	0.12759	0.34329	0.12596	0.11458	0.00995	0.00572	0.00168	0.00309	0.00863	0.00537	0.00587
2	0.33042	0.01157	0.01024	0.00918	0.01162	0.17969	0.06881	0.01448	0.01073	0.01773	0.01260	0.10694	0.01183	0.00688	0.00438	0.00158	0.00513	0.05855	0.12228	0.00535
3	0.00768	0.09976	0.01007	0.00787	0.00954	0.00684	0.06006	0.00931	0.01115	0.01433	0.12195	0.29510	0.23189	0.01204	0.00591	0.00180	0.00362	0.08198	0.00435	0.00475
4	0.00691	0.00476	0.00579	0.00616	0.00640	0.00460	0.00385	0.00750	0.00901	0.01215	0.11175	0.31342	0.02722	0.43891	0.01653	0.00350	0.00390	0.01007	0.00394	0.00364
5	0.01411	0.60640	0.10183	0.00999	0.01433	0.15437	0.00985	0.01610	0.01102	0.01239	0.00737	0.00854	0.00649	0.00453	0.00363	0.00117	0.00626	0.00290	0.00224	0.00648
6	0.00686	0.00516	0.00635	0.00605	0.00737	0.00465	0.00454	0.00897	0.01361	0.01862	0.60332	0.04050	0.23350	0.01096	0.00597	0.00162	0.00243	0.00953	0.00535	0.00465
7	0.01049	0.00899	0.01049	0.00749	0.01198	0.00674	0.00599	0.01273	0.01049	0.01648	0.00899	0.01049	0.00749	0.00374	0.00374	0.00075	0.00374	0.00300	0.00300	0.85320
8	0.01047	0.00866	0.01083	0.00969	0.01111	0.00994	0.03659	0.07636	0.20349	0.01623	0.04871	0.07015	0.01742	0.21834	0.01280	0.00268	0.14923	0.07775	0.00392	0.00562

[dist]
# distance from previous block
# <min> <max>
0	1

[block]
# block no. 2 follows, 49 sequences, length 40
# corresponding to MSA columns:
# 174-213
name=unknown_C
#
# <colnr> <probs for GDERKNQSTAVLIFYWHMCP>
#	G	D	E	R	K	N	Q	S	T	A	V	L	I	F	Y	W	H	M	C	P
0	0.00624	0.00450	0.00593	0.00703	0.00744	0.00419	0.00480	0.00720	0.00987	0.01305	0.02917	0.74085	0.07693	0.01558	0.00645	0.00205	0.00299	0.04689	0.00469	0.00414
1	0.01157	0.01105	0.01882	0.27893	0.55023	0.01177	0.01505	0.01469	0.01107	0.01537	0.00934	0.01282	0.00761	0.00468	0.00502	0.00156	0.00624	0.00450	0.00242	0.00725
2	0.00735	0.00490	0.00552	0.00552	0.00552	0.00490	0.00306	0.00735	0.00735	0.00980	0.01593	0.03309	0.01838	0.82229	0.02574	0.00490	0.00490	0.00735	0.00306	0.00306
3	0.37498	0.00922	0.00926	0.00960	0.09156	0.01024	0.00670	0.07411	0.11612	0.02157	0.01193	0.01311	0.00923	0.00538	0.00385	0.00148	0.00388	0.00397	0.21768	0.00613
4	0.01763	0.01202	0.01381	0.08568	0.01647	0.01316	0.00931	0.41926	0.17076	0.16590	0.01493	0.01451	0.01049	0.00617	0.00508	0.00158	0.00514	0.00487	0.00503	0.00820
5	0.00724	0.00486	0.00555	0.00566	0.00569	0.00483	0.00322	0.00732	0.00757	0.01010	0.01705	0.10670	0.01979	0.74676	0.02393	0.00464	0.00472	0.00801	0.00322	0.00316
6	0.01352	0.82533	0.02650	0.00865	0.01298	0.02001	0.00865	0.01514	0.01027	0.01190	0.00703	0.00811	0.00649	0.00433	0.00324	0.00108	0.00541	0.00270	0.00216	0.00649
7	0.04007	0.65959	0.05540	0.00927	0.01352	0.07077	0.00905	0.04211	0.03657	0.01343	0.00779	0.00878	0.00683	0.00456	0.00352	0.00117	0.00565	0.00295	0.00242	0.00658
8	0.00616	0.00440	0.00587	0.00704	0.00733	0.00411	0.00469	0.00704	0.00968	0.01291	0.02787	0.81899	0.03344	0.01584	0.00645	0.00205	0.00293	0.01438	0.00469	0.00411
9	0.00635	0.00472	0.00592	0.00650	0.00728	0.00429	0.00454	0.00765	0.01110	0.01473	0.20473	0.48605	0.18968	0.01398	0.00625	0.00188	0.00273	0.01244	0.00489	0.00429
10	0.01191	0.00959	0.01491	0.26667	0.26476	0.01032	0.01197	0.04339	0.06408	0.08910	0.05995	0.04788	0.01348	0.00654	0.00530	0.00167	0.00549	0.06277	0.00348	0.00675
11	0.01134	0.00613	0.00698	0.00650	0.00813	0.00606	0.00493	0.09087	0.01241	0.11581	0.05003	0.17970	0.01799	0.00814	0.00457	0.00145	0.00305	0.00687	0.45356	0.00548
12	0.01662	0.00721	0.00974	0.00805	0.01083	0.00635	0.00640	0.01860	0.01398	0.49605	0.24401	0.09828	0.02471	0.00834	0.00547	0.00162	0.00362	0.00714	0.00591	0.00707
13	0.01352	0.82533	0.02650	0.00865	0.01298	0.02001	0.00865	0.01514	0.01027	0.01190	0.00703	0.00811	0.00649	0.00433	0.00324	0.00108	0.00541	0.00270	0.00216	0.00649
14	0.02604	0.37213	0.25070	0.01023	0.01493	0.04291	0.01099	0.01550	0.03483	0.05484	0.03842	0.04678	0.05069	0.00582	0.00428	0.00139	0.00568	0.00437	0.00285	0.00663
15	0.00625	0.00447	0.00595	0.00698	0.00736	0.00417	0.00470	0.00728	0.01012	0.01360	0.09907	0.74582	0.03478	0.01533	0.00641	0.00201	0.00288	0.01389	0.00478	0.00417
16	0.01178	0.01693	0.27140	0.01762	0.02326	0.01174	0.45015	0.01627	0.01168	0.06497	0.01230	0.01448	0.04243	0.00494	0.00554	0.00166	0.00766	0.00541	0.00275	0.00703
17	0.01234	0.01189	0.02047	0.07316	0.73035	0.01199	0.03454	0.01539	0.01145	0.01632	0.00950	0.01260	0.00793	0.00453	0.00503	0.00152	0.00611	0.00454	0.00249	0.00785
18	0.00983	0.01263	0.15909	0.01414	0.01737	0.01081	0.24244	0.01301	0.00968	0.01394	0.01057	0.01483	0.00899	0.01679	0.28343	0.00400	0.14493	0.00511	0.00248	0.00592
19	0.01306	0.71582	0.13196	0.00944	0.01420	0.01888	0.01003	0.01526	0.01033	0.01246	0.00731	0.00846	0.00648	0.00439	0.00346	0.00115	0.00569	0.00285	0.00216	0.00662
20	0.05447	0.01239	0.01462	0.01144	0.01518	0.08533	0.11574	0.21175	0.12314	0.11680	0.03214	0.01529	0.04192	0.00586	0.00494	0.00146	0.00542	0.00492	0.00426	0.12292
21	0.10005	0.00666	0.00822	0.00783	0.00944	0.00706	0.01844	0.03778	0.06466	0.05136	0.09248	0.12858	0.10060	0.04657	0.26269	0.00391	0.00682	0.03769	0.00399	0.00513
22	0.01070	0.00607	0.00771	0.00682	0.00878	0.00544	0.00528	0.01298	0.02636	0.20213	0.45951	0.03459	0.17399	0.00977	0.00575	0.00161	0.00290	0.00841	0.00556	0.00564
23	0.00940	0.02091	0.59688	0.01282	0.01864	0.01037	0.01556	0.01425	0.01003	0.01493	0.01020	0.01300	0.00798	0.01318	0.20641	0.00325	0.00901	0.00416	0.00228	0.00673
24	0.29141	0.01103	0.01225	0.00992	0.01326	0.04001	0.07874	0.17127	0.09658	0.11942	0.09545	0.01500	0.01284	0.00599	0.00460	0.00158	0.00476	0.00473	0.00432	0.00684
25	0.01075	0.00681	0.00793	0.00705	0.00893	0.00684	0.00547	0.09303	0.08618	0.08457	0.35962	0.02710	0.04618	0.00816	0.00511	0.00149	0.00302	0.00692	0.21909	0.00576
26	0.00645	0.00448	0.00571	0.00669	0.00716	0.00418	0.00453	0.00750	0.00990	0.01352	0.02842	0.69077	0.08376	0.01470	0.00615	0.00195	0.00285	0.01321	0.08390	0.00418
27	0.01138	0.01091	0.01826	0.29065	0.46443	0.01208	0.01461	0.01433	0.01069	0.01491	0.00907	0.01270	0.00746	0.00510	0.00611	0.00163	0.08184	0.00449	0.00239	0.00698
28	0.01053	0.00999	0.01693	0.55331	0.28401	0.01149	0.01453	0.01378	0.01057	0.01411	0.00916	0.01316	0.00716	0.00487	0.00504	0.00162	0.00650	0.00450	0.00233	0.00641
29	0.01043	0.00639	0.00770	0.00691	0.00889	0.00586	0.00532	0.06974	0.01373	0.15893	0.28079	0.10875	0.27557	0.01058	0.00579	0.00166	0.00308	0.00904	0.00529	0.00554
30	0.01026	0.02327	0.65464	0.10045	0.08099	0.01171	0.01795	0.01565	0.01068	0.01572	0.00910	0.01111	0.00656	0.00481	0.00485	0.00160	0.00729	0.00388	0.00217	0.00732
31	0.01166	0.01131	0.01850	0.28735	0.29175	0.03477	0.12061	0.03904	0.07043	0.01592	0.01102	0.01518	0.00893	0.00529	0.00524	0.00164	0.00648	0.03525	0.00280	0.00686
32	0.00783	0.00694	0.01162	0.01034	0.01214	0.00650	0.17998	0.00999	0.02437	0.01424	0.02753	0.38565	0.15451	0.01227	0.00631	0.00195	0.00440	0.11433	0.00421	0.00490
33	0.18605	0.00852	0.01044	0.00838	0.01187	0.00795	0.00684	0.02137	0.01295	0.58246	0.01801	0.07672	0.01273	0.00668	0.00480	0.00160	0.00412	0.00533	0.00552	0.00765
34	0.00901	0.00726	0.01128	0.12295	0.20959	0.00737	0.00907	0.01102	0.01084	0.04098	0.07274	0.36494	0.02331	0.01065	0.00586	0.00184	0.00437	0.06746	0.00392	0.00554
35	0.07509	0.19971	0.51987	0.01239	0.01864	0.01377	0.01493	0.06232	0.01124	0.01659	0.00866	0.01002	0.00649	0.00477	0.00435	0.00148	0.00663	0.00349	0.00240	0.00718
36	0.00681	0.00529	0.00658	0.00668	0.00786	0.00517	0.00497	0.00885	0.03943	0.01463	0.18302	0.18084	0.27629	0.01901	0.20734	0.00337	0.00543	0.00954	0.00438	0.00454
37	0.01408	0.74196	0.02523	0.00911	0.01325	0.10137	0.00877	0.01567	0.01070	0.01195	0.00711	0.00822	0.00649	0.00442	0.00338	0.00110	0.00579	0.00276	0.00221	0.00642
38	0.01198	0.01463	0.20973	0.00994	0.01502	0.05758	0.00975	0.07157	0.01190	0.04361	0.00955	0.01080	0.00741	0.00436	0.00421	0.00108	0.00517	0.00339	0.00302	0.49529
39	0.04999	0.07314	0.11365	0.01261	0.04439	0.27379	0.01064	0.21063	0.06755	0.05337	0.01041	0.01119	0.00792	0.00555	0.00506	0.00147	0.03411	0.00392	0.00348	0.00712

[dist]
# distance from previous block
# <min> <max>
0	1

[block]
# block no. 3 follows, 49 sequences, length 66
# corresponding to MSA columns:
# 215-280
name=unknown_D
#
# <colnr> <probs for GDERKNQSTAVLIFYWHMCP>
#	G	D	E	R	K	N	Q	S	T	A	V	L	I	F	Y	W	H	M	C	P
0	0.01116	0.02085	0.53155	0.01430	0.02066	0.01095	0.13591	0.01610	0.01128	0.06857	0.04576	0.01282	0.00899	0.00500	0.00499	0.00156	0.00694	0.00438	0.00270	0.06556
1	0.00646	0.00456	0.00575	0.00657	0.00684	0.00432	0.00424	0.00713	0.00915	0.01213	0.02564	0.58698	0.05744	0.22461	0.01143	0.00278	0.00343	0.01242	0.00427	0.00384
2	0.01236	0.01193	0.01870	0.12920	0.58714	0.03985	0.01437	0.01649	0.08903	0.01637	0.01050	0.01316	0.00854	0.00484	0.00501	0.00154	0.00601	0.00458	0.00274	0.00762
3	0.00629	0.00513	0.00555	0.00545	0.00702	0.00440	0.00409	0.00786	0.01226	0.01541	0.24572	0.04579	0.59311	0.01215	0.00597	0.00168	0.00251	0.01027	0.00493	0.00440
4	0.00889	0.00855	0.00900	0.00841	0.00970	0.09102	0.00668	0.01039	0.01137	0.01429	0.14116	0.03517	0.34419	0.01086	0.00835	0.00183	0.18849	0.08278	0.00403	0.00484
5	0.00855	0.00504	0.00710	0.00697	0.00755	0.00523	0.00495	0.00837	0.00785	0.04626	0.01436	0.02133	0.05781	0.13297	0.27735	0.36909	0.00737	0.00554	0.00282	0.00350
6	0.05124	0.06291	0.05268	0.01917	0.02407	0.05994	0.62177	0.01630	0.01178	0.01601	0.00971	0.01270	0.00739	0.00436	0.00555	0.00163	0.00813	0.00539	0.00255	0.00670
7	0.29258	0.00925	0.01259	0.54211	0.02647	0.01127	0.01119	0.01357	0.00961	0.01618	0.00834	0.01172	0.00632	0.00493	0.00441	0.00164	0.00580	0.00391	0.00254	0.00557
8	0.01224	0.01209	0.01869	0.28078	0.02403	0.05580	0.19283	0.11245	0.01196	0.01594	0.00905	0.01252	0.00717	0.00594	0.00808	0.00178	0.20491	0.00477	0.00270	0.00628
9	0.01437	0.06111	0.01963	0.01433	0.01767	0.01471	0.21891	0.28106	0.05640	0.02075	0.01038	0.01238	0.00809	0.00612	0.00792	0.00170	0.19824	0.00483	0.00348	0.02793
10	0.00660	0.00493	0.00622	0.00651	0.00744	0.00470	0.00469	0.00781	0.01035	0.01362	0.13427	0.27013	0.25423	0.04475	0.15801	0.04220	0.00489	0.01018	0.00427	0.00420
11	0.01703	0.01547	0.05969	0.01136	0.01488	0.20034	0.00940	0.21800	0.25258	0.12672	0.01459	0.01409	0.01061	0.00606	0.00496	0.00154	0.00587	0.00463	0.00449	0.00770
12	0.00800	0.00543	0.00645	0.00619	0.00779	0.00474	0.00463	0.00963	0.01234	0.08783	0.26598	0.15849	0.36343	0.01174	0.00592	0.00169	0.00275	0.01010	0.00507	0.02181
13	0.01214	0.33409	0.23965	0.01245	0.05958	0.01464	0.06768	0.08465	0.01187	0.01562	0.01203	0.04950	0.05448	0.00566	0.00446	0.00142	0.00598	0.00451	0.00274	0.00683
14	0.01296	0.01481	0.06564	0.01773	0.02214	0.08556	0.47721	0.06302	0.11732	0.01726	0.01130	0.01357	0.00856	0.00505	0.00610	0.00168	0.04468	0.00541	0.00302	0.00698
15	0.00722	0.00542	0.00813	0.00813	0.00903	0.00632	0.00632	0.00903	0.00813	0.01174	0.01354	0.01987	0.01264	0.03792	0.80225	0.00813	0.01354	0.00542	0.00271	0.00451
16	0.00620	0.00496	0.00556	0.00587	0.00715	0.00432	0.00430	0.00750	0.01127	0.01405	0.10287	0.24804	0.50568	0.01344	0.00614	0.00181	0.00272	0.03906	0.00476	0.00428
17	0.01260	0.01052	0.01480	0.43386	0.08953	0.01222	0.01200	0.21998	0.06243	0.01920	0.01103	0.01368	0.00824	0.00544	0.00497	0.00160	0.00594	0.00460	0.05063	0.00672
18	0.01090	0.01038	0.01603	0.53537	0.15145	0.03523	0.01361	0.04715	0.01079	0.01423	0.00891	0.01286	0.00701	0.00545	0.00636	0.00170	0.09956	0.00445	0.00242	0.00613
19	0.00735	0.00490	0.00552	0.00552	0.00552	0.00490	0.00306	0.00735	0.00735	0.00980	0.01593	0.03309	0.01838	0.82229	0.02574	0.00490	0.00490	0.00735	0.00306	0.00306
20	0.01476	0.01237	0.01491	0.01195	0.01520	0.05945	0.10978	0.30386	0.19134	0.04231	0.10209	0.04111	0.01512	0.00684	0.00572	0.00162	0.03384	0.00575	0.00458	0.00739
21	0.00878	0.00439	0.00659	0.00659	0.00659	0.00439	0.00439	0.00659	0.00659	0.00878	0.00878	0.01537	0.00878	0.01757	0.01976	0.85288	0.00439	0.00439	0.00220	0.00220
22	0.01352	0.82533	0.02650	0.00865	0.01298	0.02001	0.00865	0.01514	0.01027	0.01190	0.00703	0.00811	0.00649	0.00433	0.00324	0.00108	0.00541	0.00270	0.00216	0.00649
23	0.01254	0.56435	0.17484	0.01037	0.01475	0.01781	0.01092	0.01493	0.01003	0.01273	0.00738	0.00899	0.00649	0.00501	0.00528	0.00133	0.11040	0.00313	0.00216	0.00656
24	0.13424	0.00927	0.01191	0.11960	0.01574	0.00917	0.00826	0.08322	0.01384	0.51869	0.01604	0.01506	0.01044	0.00586	0.00481	0.00158	0.00469	0.00464	0.00518	0.00777
25	0.01206	0.01155	0.01970	0.15090	0.67445	0.01189	0.01529	0.01512	0.01130	0.01597	0.00943	0.01266	0.00781	0.00459	0.00501	0.00153	0.00612	0.00450	0.00246	0.00764
26	0.00731	0.00509	0.00646	0.00646	0.00679	0.00542	0.00425	0.00796	0.00763	0.01051	0.01507	0.02829	0.01630	0.53740	0.30777	0.00607	0.00804	0.00665	0.00294	0.00359
27	0.01114	0.00897	0.01055	0.00757	0.01203	0.00678	0.00607	0.01337	0.01070	0.05836	0.00958	0.01085	0.00776	0.00388	0.00382	0.00079	0.00377	0.00311	0.00317	0.80772
28	0.01170	0.01044	0.01758	0.38869	0.40070	0.01141	0.01440	0.01481	0.01103	0.05674	0.00983	0.01321	0.00767	0.00485	0.00503	0.00159	0.00625	0.00453	0.00259	0.00694
29	0.01314	0.01300	0.11245	0.01036	0.01318	0.15732	0.00904	0.06727	0.06714	0.12473	0.01417	0.05237	0.01193	0.01709	0.27098	0.00376	0.00871	0.02353	0.00359	0.00624
30	0.00912	0.00828	0.01226	0.54208	0.02582	0.03710	0.01095	0.01188	0.01058	0.01370	0.05089	0.09240	0.08414	0.00708	0.00519	0.00167	0.00559	0.00616	0.05986	0.00526
31	0.01726	0.01111	0.01267	0.00998	0.01370	0.01138	0.00809	0.34199	0.12201	0.21426	0.01562	0.05752	0.01168	0.00643	0.00497	0.00148	0.00465	0.00516	0.00506	0.12499
32	0.00651	0.00493	0.00606	0.00663	0.00761	0.00448	0.00488	0.00793	0.01122	0.01454	0.14945	0.35912	0.27396	0.01381	0.00630	0.00191	0.00296	0.10855	0.00482	0.00433
33	0.01391	0.01085	0.01355	0.20123	0.07555	0.04762	0.01008	0.12158	0.17543	0.12418	0.04045	0.01604	0.02963	0.00622	0.00569	0.00160	0.05042	0.00501	0.00403	0.04695
34	0.01132	0.28165	0.50815	0.01294	0.01928	0.01445	0.05605	0.01574	0.01062	0.01470	0.00848	0.01001	0.00650	0.00462	0.00437	0.00144	0.00687	0.00353	0.00217	0.00712
35	0.01709	0.02046	0.01369	0.01239	0.01495	0.58454	0.00940	0.02148	0.19653	0.01446	0.01081	0.01151	0.00864	0.00574	0.00515	0.00144	0.03830	0.00389	0.00319	0.00636
36	0.00620	0.00467	0.00574	0.00644	0.00721	0.00421	0.00446	0.00732	0.01060	0.01376	0.10097	0.53444	0.24663	0.01451	0.00628	0.00192	0.00278	0.01288	0.00477	0.00421
37	0.01328	0.26001	0.20634	0.01643	0.17069	0.05828	0.11627	0.01655	0.01138	0.07197	0.00943	0.01107	0.00738	0.00466	0.00454	0.00142	0.00657	0.00395	0.00260	0.00719
38	0.01481	0.00963	0.01028	0.00888	0.01157	0.08130	0.00699	0.06374	0.16558	0.26506	0.13920	0.06701	0.09920	0.00827	0.00539	0.00163	0.00423	0.02513	0.00524	0.00686
39	0.00646	0.00489	0.00603	0.00682	0.00774	0.00447	0.00504	0.00773	0.01064	0.01356	0.03536	0.42800	0.28122	0.01451	0.00639	0.00199	0.00312	0.14708	0.00469	0.00426
40	0.00974	0.00695	0.00821	0.00738	0.00919	0.00685	0.00566	0.16033	0.01513	0.04651	0.39044	0.13496	0.15778	0.01047	0.00582	0.00165	0.00318	0.00903	0.00523	0.00549
41	0.01411	0.07248	0.02453	0.01860	0.06770	0.24340	0.45248	0.01725	0.01249	0.01481	0.00926	0.01187	0.00727	0.00456	0.00531	0.00153	0.00833	0.00487	0.00254	0.00659
42	0.06168	0.01277	0.01129	0.01000	0.01228	0.19828	0.00763	0.24908	0.01509	0.04892	0.01553	0.23389	0.01543	0.05697	0.00673	0.00184	0.02531	0.00702	0.00413	0.00614
43	0.00683	0.00516	0.00630	0.00602	0.00735	0.00463	0.00451	0.00891	0.01354	0.01844	0.58347	0.04080	0.25346	0.01102	0.00597	0.00162	0.00243	0.00957	0.00532	0.00463
44	0.04548	0.01228	0.01501	0.01439	0.12033	0.07286	0.08707	0.10075	0.32657	0.03607	0.05612	0.01613	0.01300	0.00628	0.00581	0.00165	0.05347	0.00525	0.00411	0.00738
45	0.01252	0.01201	0.02053	0.03104	0.79074	0.01201	0.01552	0.01552	0.01151	0.01652	0.00951	0.01252	0.00801	0.00451	0.00501	0.00150	0.00601	0.00451	0.00250	0.00801
46	0.00696	0.00516	0.00662	0.00756	0.00822	0.00506	0.00539	0.00920	0.07692	0.01392	0.02765	0.63607	0.04900	0.01476	0.00640	0.00205	0.00323	0.10658	0.00473	0.00452
47	0.01305	0.42342	0.06489	0.00940	0.01309	0.01538	0.00883	0.15930	0.03929	0.01697	0.04830	0.06315	0.03754	0.00664	0.00454	0.00141	0.01536	0.04947	0.00335	0.00659
48	0.01253	0.55976	0.17838	0.00992	0.01461	0.01714	0.01048	0.01625	0.08761	0.01368	0.00941	0.03348	0.00816	0.00501	0.00384	0.00128	0.00561	0.00355	0.00253	0.00677
49	0.01171	0.39624	0.43971	0.01175	0.01776	0.01557	0.01404	0.01561	0.01049	0.01411	0.00813	0.00949	0.00644	0.00458	0.00408	0.00136	0.00652	0.00326	0.00215	0.00702
50	0.00645	0.00492	0.00593	0.00615	0.00724	0.00440	0.00443	0.00801	0.01196	0.01579	0.30701	0.28020	0.29348	0.01285	0.00612	0.00177	0.00261	0.01126	0.00501	0.00440
51	0.01045	0.00980	0.01590	0.35487	0.02418	0.01114	0.14301	0.04031	0.11734	0.01548	0.01510	0.02061	0.05710	0.00682	0.00622	0.00179	0.05824	0.08238	0.00319	0.00607
52	0.01386	0.00822	0.00905	0.00789	0.01039	0.05990	0.00614	0.05789	0.03593	0.29483	0.07047	0.13768	0.24738	0.00968	0.00555	0.00166	0.00388	0.00811	0.00520	0.00629
53	0.01234	0.01184	0.02021	0.07726	0.74589	0.01197	0.01543	0.01536	0.01143	0.01631	0.00948	0.01257	0.00793	0.00454	0.00501	0.00151	0.00605	0.00450	0.00249	0.00787
54	0.01657	0.01004	0.01172	0.00939	0.01256	0.01035	0.00760	0.32284	0.06361	0.23273	0.20517	0.02035	0.01975	0.00721	0.00526	0.00155	0.00428	0.00589	0.02561	0.00753
55	0.01850	0.01195	0.01286	0.01016	0.01370	0.06493	0.00827	0.39575	0.01895	0.25392	0.08755	0.01748	0.04905	0.00677	0.00516	0.00153	0.00500	0.00533	0.00528	0.00786
56	0.01429	0.00856	0.01334	0.01072	0.01379	0.00795	0.14720	0.06141	0.01388	0.29137	0.15809	0.02837	0.07475	0.00828	0.00576	0.00172	0.00474	0.12406	0.00502	0.00667
57	0.00738	0.00483	0.00673	0.00701	0.00738	0.00506	0.00486	0.00765	0.00798	0.01094	0.01622	0.21121	0.01769	0.17149	0.27872	0.21329	0.00719	0.00765	0.00312	0.00358
58	0.01724	0.01792	0.01805	0.01450	0.01793	0.39478	0.20645	0.07069	0.02358	0.12117	0.01049	0.01179	0.00789	0.00534	0.00553	0.00150	0.04084	0.00437	0.00327	0.00668
59	0.01207	0.36889	0.43575	0.01173	0.01772	0.01513	0.01395	0.01597	0.01065	0.04367	0.00861	0.00982	0.00667	0.00465	0.00414	0.00138	0.00647	0.00334	0.00230	0.00709
60	0.00706	0.00482	0.00630	0.00682	0.00758	0.00443	0.00477	0.00842	0.01127	0.04456	0.24255	0.52603	0.07889	0.01376	0.00624	0.00189	0.00281	0.01235	0.00500	0.00447
61	0.01272	0.01299	0.01849	0.20147	0.51755	0.11932	0.01441	0.01558	0.01159	0.01516	0.00916	0.01227	0.00752	0.00472	0.00496	0.00152	0.00659	0.00433	0.00246	0.00719
62	0.04497	0.01749	0.20340	0.01461	0.01865	0.18490	0.21220	0.01621	0.01133	0.04911	0.00974	0.01263	0.00779	0.03387	0.05450	0.00212	0.09290	0.00453	0.00264	0.00640
63	0.01288	0.01181	0.02085	0.14807	0.34158	0.01191	0.21183	0.07150	0.01243	0.06048	0.01037	0.01312	0.00800	0.00471	0.00523	0.00156	0.00657	0.00486	0.00289	0.03935
64	0.01057	0.00887	0.01393	0.17340	0.30770	0.00925	0.01107	0.01379	0.04658	0.04640	0.13035	0.06503	0.03571	0.00727	0.00537	0.00165	0.00496	0.06614	0.03557	0.00639
65	0.04636	0.01204	0.01601	0.01640	0.19937	0.11376	0.12634	0.07670	0.02904	0.14466	0.02762	0.11873	0.01290	0.02993	0.00584	0.00170	0.00587	0.00607	0.00378	0.00689

[dist]
# distance from previous block
# <min> <max>
4	34

[block]
# block no. 4 follows, 49 sequences, length 18
# corresponding to MSA columns:
# 315-332
name=unknown_E
#
# <colnr> <probs for GDERKNQSTAVLIFYWHMCP>
#	G	D	E	R	K	N	Q	S	T	A	V	L	I	F	Y	W	H	M	C	P
0	0.21827	0.01359	0.01043	0.00947	0.01197	0.27292	0.00724	0.05680	0.05463	0.06787	0.04857	0.15344	0.01389	0.00734	0.00468	0.00154	0.00552	0.00566	0.00375	0.03239
1	0.05398	0.01674	0.01260	0.01113	0.01387	0.38489	0.00855	0.13041	0.14739	0.05471	0.06297	0.05532	0.01267	0.00653	0.00488	0.00149	0.00650	0.00489	0.00390	0.00658
2	0.00738	0.00545	0.00713	0.00727	0.00803	0.00585	0.00526	0.00928	0.05192	0.01219	0.01952	0.13121	0.06905	0.23821	0.36001	0.00544	0.00821	0.04092	0.00342	0.00426
3	0.01189	0.00849	0.00959	0.00859	0.01047	0.06969	0.04048	0.05910	0.07565	0.14435	0.02233	0.14242	0.10586	0.20664	0.01052	0.00251	0.00470	0.05687	0.00436	0.00551
4	0.01013	0.01036	0.04529	0.01256	0.01498	0.04493	0.22077	0.01405	0.11080	0.01471	0.01515	0.15282	0.01450	0.07191	0.11902	0.00290	0.08387	0.00700	0.02855	0.00571
5	0.01051	0.00997	0.01691	0.55672	0.28070	0.01149	0.01452	0.01377	0.01057	0.01409	0.00916	0.01317	0.00715	0.00488	0.00504	0.00163	0.00650	0.00450	0.00233	0.00640
6	0.01444	0.49567	0.13649	0.01066	0.01499	0.22580	0.01042	0.01661	0.01141	0.01263	0.00754	0.00876	0.00648	0.00463	0.00382	0.00122	0.00669	0.00300	0.00228	0.00647
7	0.00616	0.00440	0.00587	0.00704	0.00733	0.00411	0.00469	0.00704	0.00968	0.01291	0.02787	0.81899	0.03344	0.01584	0.00645	0.00205	0.00293	0.01438	0.00469	0.00411
8	0.01103	0.01132	0.00943	0.03957	0.01150	0.21738	0.00674	0.01490	0.15972	0.01517	0.11047	0.09990	0.20465	0.05783	0.00663	0.00181	0.00489	0.00749	0.00413	0.00543
9	0.01115	0.40746	0.25595	0.01029	0.01483	0.01457	0.01120	0.01410	0.00994	0.01311	0.00904	0.01141	0.00778	0.01166	0.17475	0.00275	0.00778	0.00360	0.00227	0.00637
10	0.00658	0.00501	0.00605	0.00608	0.00728	0.00448	0.00445	0.00832	0.01252	0.01670	0.40166	0.19017	0.28793	0.01220	0.00606	0.00172	0.00255	0.01064	0.00511	0.00448
11	0.00621	0.00468	0.00564	0.00632	0.00707	0.00423	0.00432	0.00721	0.01026	0.01318	0.05969	0.50156	0.26804	0.06765	0.00756	0.00212	0.00293	0.01259	0.00462	0.00411
12	0.01369	0.01094	0.01171	0.01030	0.01330	0.01245	0.00808	0.07726	0.67998	0.07263	0.01997	0.01830	0.01478	0.00677	0.00514	0.00169	0.00413	0.00560	0.00521	0.00808
13	0.01049	0.00899	0.01049	0.00749	0.01198	0.00674	0.00599	0.01273	0.01049	0.01648	0.00899	0.01049	0.00749	0.00374	0.00374	0.00075	0.00374	0.00300	0.00300	0.85320
14	0.01408	0.31050	0.16389	0.01323	0.01826	0.01457	0.21250	0.05085	0.01200	0.12887	0.01036	0.01155	0.00776	0.00476	0.00460	0.00143	0.00645	0.00418	0.00299	0.00716
15	0.00954	0.00671	0.00789	0.00723	0.00904	0.00675	0.00554	0.01462	0.19586	0.07061	0.43087	0.03139	0.09918	0.00911	0.00552	0.00160	0.00291	0.00785	0.07206	0.00574
16	0.00689	0.00516	0.00639	0.00608	0.00739	0.00466	0.00456	0.00903	0.01368	0.01878	0.62152	0.04023	0.21520	0.01090	0.00597	0.00162	0.00243	0.00949	0.00537	0.00466
17	0.05087	0.14528	0.23987	0.13695	0.02073	0.09908	0.08395	0.13452	0.01300	0.01729	0.00910	0.01094	0.00690	0.00495	0.00465	0.00150	0.00685	0.00393	0.00275	0.00688

[dist]
# distance from previous block
# <min> <max>
0	1

[block]
# block no. 5 follows, 49 sequences, length 36
# corresponding to MSA columns:
# 334-369
name=unknown_F
#
# <colnr> <probs for GDERKNQSTAVLIFYWHMCP>
#	G	D	E	R	K	N	Q	S	T	A	V	L	I	F	Y	W	H	M	C	P
0	0.07219	0.04363	0.26672	0.01263	0.05491	0.03119	0.07305	0.08527	0.01184	0.01782	0.00915	0.01079	0.00706	0.00462	0.00470	0.00133	0.02413	0.00370	0.00280	0.26245
1	0.13781	0.17199	0.06580	0.01104	0.01481	0.12374	0.06876	0.17815	0.05391	0.05348	0.01131	0.03665	0.00934	0.00585	0.00454	0.00149	0.00589	0.03509	0.00352	0.00682
2	0.07376	0.76715	0.02514	0.00851	0.01275	0.01939	0.00843	0.01512	0.01016	0.01267	0.00703	0.00812	0.00642	0.00435	0.00324	0.00112	0.00530	0.00271	0.00223	0.00642
3	0.00717	0.00497	0.00568	0.00568	0.00597	0.00494	0.00343	0.00748	0.00794	0.01045	0.02016	0.03395	0.11446	0.65616	0.08728	0.00477	0.00532	0.00761	0.00324	0.00333
4	0.00711	0.00533	0.00671	0.00703	0.00821	0.00501	0.00545	0.00930	0.03267	0.01638	0.29641	0.18254	0.19562	0.01261	0.00628	0.00188	0.00310	0.18876	0.00500	0.00461
5	0.01149	0.20968	0.30336	0.01168	0.01640	0.02799	0.07472	0.01546	0.04730	0.05600	0.03698	0.01415	0.01000	0.05538	0.08625	0.00233	0.00706	0.00439	0.00278	0.00660
6	0.01372	0.01143	0.01208	0.01052	0.01358	0.01311	0.00828	0.15493	0.65170	0.02299	0.01913	0.01771	0.01426	0.00673	0.00513	0.00168	0.00427	0.00552	0.00513	0.00811
7	0.01064	0.04532	0.73991	0.01421	0.02137	0.04998	0.01801	0.01619	0.01084	0.01574	0.00896	0.01054	0.00641	0.00481	0.00475	0.00157	0.00750	0.00369	0.00216	0.00737
8	0.00999	0.00944	0.01359	0.01299	0.06741	0.01246	0.00992	0.01139	0.00821	0.01242	0.00961	0.05626	0.00959	0.01582	0.20186	0.00356	0.52243	0.00520	0.00248	0.00539
9	0.00617	0.00462	0.00573	0.00653	0.00722	0.00418	0.00449	0.00723	0.01039	0.01349	0.07415	0.58557	0.22229	0.01479	0.00631	0.00194	0.00281	0.01317	0.00474	0.00418
10	0.01322	0.01153	0.01146	0.01023	0.01305	0.06838	0.00795	0.06797	0.61182	0.03995	0.02062	0.04050	0.04645	0.00717	0.00517	0.00168	0.00438	0.00589	0.00496	0.00764
11	0.01258	0.01086	0.01143	0.01029	0.01315	0.01258	0.00800	0.02687	0.78161	0.02115	0.02058	0.01887	0.01544	0.00686	0.00515	0.00172	0.00400	0.00572	0.00515	0.00800
12	0.01137	0.00600	0.00797	0.00736	0.00913	0.00540	0.00562	0.01323	0.01304	0.23999	0.32714	0.22027	0.06081	0.01073	0.00587	0.00173	0.00317	0.04001	0.00549	0.00569
13	0.00671	0.00509	0.00597	0.00583	0.00703	0.00458	0.00422	0.00834	0.01225	0.01628	0.39460	0.07002	0.31362	0.11321	0.00847	0.00207	0.00279	0.00967	0.00490	0.00435
14	0.01259	0.00632	0.00829	0.00718	0.00931	0.00568	0.00565	0.01480	0.01395	0.28319	0.43052	0.03024	0.05468	0.00880	0.00552	0.00157	0.00310	0.02652	0.06602	0.00605
15	0.00752	0.00511	0.00638	0.00632	0.00730	0.00524	0.00466	0.00919	0.00999	0.01457	0.14260	0.02848	0.12713	0.14062	0.28060	0.00425	0.00659	0.00688	0.18221	0.00435
16	0.00701	0.00516	0.00656	0.00621	0.00746	0.00471	0.00466	0.00926	0.01397	0.01945	0.69634	0.03913	0.13997	0.01065	0.00597	0.00161	0.00241	0.00934	0.00546	0.00471
17	0.01182	0.00938	0.01101	0.00807	0.01233	0.00772	0.00649	0.05840	0.03106	0.06540	0.01007	0.01123	0.00804	0.00427	0.00432	0.00091	0.02793	0.00333	0.00335	0.70488
18	0.02770	0.00994	0.01447	0.17114	0.33727	0.04224	0.01127	0.04121	0.01153	0.03606	0.01761	0.09661	0.12232	0.03173	0.00587	0.00172	0.00535	0.00636	0.00321	0.00639
19	0.32402	0.08422	0.12435	0.01047	0.01443	0.16974	0.02788	0.15719	0.01307	0.02034	0.00851	0.00960	0.00653	0.00503	0.00409	0.00147	0.00599	0.00340	0.00315	0.00653
20	0.01634	0.07017	0.01572	0.01221	0.03808	0.08864	0.09758	0.21414	0.04646	0.18986	0.01520	0.05662	0.01244	0.00698	0.00548	0.00162	0.02160	0.07917	0.00440	0.00727
21	0.01033	0.04711	0.37883	0.01323	0.06930	0.01080	0.04969	0.06791	0.01214	0.01714	0.12138	0.01903	0.10134	0.00674	0.00581	0.00162	0.05229	0.00549	0.00316	0.00667
22	0.04850	0.26166	0.19923	0.07387	0.03453	0.07537	0.01128	0.08452	0.01212	0.06160	0.00918	0.01044	0.00712	0.00480	0.00421	0.00133	0.00602	0.00350	0.00283	0.08790
23	0.01331	0.22067	0.36220	0.01250	0.01762	0.17419	0.01349	0.06003	0.01191	0.01497	0.00836	0.00984	0.00659	0.00506	0.00501	0.00144	0.05006	0.00347	0.00241	0.00687
24	0.00825	0.00458	0.00618	0.00618	0.00618	0.00458	0.00389	0.00688	0.00688	0.00917	0.01147	0.02203	0.01239	0.32014	0.02201	0.53404	0.00458	0.00551	0.00252	0.00252
25	0.00717	0.00817	0.12350	0.00926	0.03806	0.00577	0.02632	0.00903	0.01023	0.01397	0.06358	0.59146	0.04749	0.01316	0.00611	0.00193	0.00382	0.01188	0.00423	0.00485
26	0.01644	0.01574	0.01630	0.13550	0.10167	0.26038	0.07069	0.22152	0.01572	0.07029	0.01060	0.01253	0.00808	0.00546	0.00500	0.00150	0.00704	0.01503	0.00347	0.00703
27	0.01560	0.07178	0.01386	0.01127	0.04540	0.16950	0.00867	0.30167	0.11331	0.02179	0.03582	0.01401	0.01072	0.00775	0.05057	0.00182	0.00612	0.00451	0.08876	0.00707
28	0.00722	0.00542	0.00813	0.00813	0.00903	0.00632	0.00632	0.00903	0.00813	0.01174	0.01354	0.01987	0.01264	0.03792	0.80225	0.00813	0.01354	0.00542	0.00271	0.00451
29	0.00972	0.01965	0.53988	0.01260	0.01801	0.00999	0.01498	0.01461	0.04227	0.01552	0.01329	0.02121	0.01178	0.00775	0.00635	0.06249	0.00651	0.16407	0.00280	0.00652
30	0.01363	0.01209	0.01679	0.16461	0.32491	0.03418	0.01260	0.18978	0.11455	0.01970	0.01131	0.01329	0.00879	0.00545	0.00546	0.00159	0.03568	0.00464	0.00338	0.00756
31	0.00742	0.00521	0.00640	0.00679	0.00722	0.00520	0.00445	0.05138	0.00952	0.01276	0.02164	0.43012	0.02514	0.32190	0.05835	0.00344	0.00443	0.01065	0.00399	0.00399
32	0.01603	0.19732	0.01584	0.01002	0.01328	0.12049	0.00843	0.32003	0.01631	0.04474	0.01110	0.01202	0.00858	0.00566	0.00485	0.00137	0.04166	0.00400	0.14131	0.00698
33	0.01332	0.12700	0.21305	0.01363	0.08992	0.03543	0.07762	0.07395	0.03547	0.09331	0.01048	0.01168	0.00792	0.00487	0.00480	0.00137	0.02165	0.00398	0.00310	0.15744
34	0.00878	0.00762	0.00837	0.00879	0.04075	0.09764	0.00604	0.00997	0.00901	0.01164	0.01512	0.08592	0.01582	0.27332	0.34215	0.00536	0.00885	0.03749	0.00303	0.00434
35	0.00789	0.00535	0.00689	0.00640	0.00778	0.00487	0.00484	0.01016	0.01409	0.06092	0.68656	0.03757	0.10681	0.01032	0.00592	0.00160	0.00250	0.00905	0.00553	0.00493

[dist]
# distance from previous block
# <min> <max>
0	1

[block]
# block no. 6 follows, 49 sequences, length 12
# corresponding to MSA columns:
# 371-382
name=unknown_G
#
# <colnr> <probs for GDERKNQSTAVLIFYWHMCP>
#	G	D	E	R	K	N	Q	S	T	A	V	L	I	F	Y	W	H	M	C	P
0	0.00708	0.00517	0.00665	0.00628	0.00751	0.00474	0.00471	0.00940	0.01414	0.01985	0.74097	0.03847	0.09508	0.01050	0.00596	0.00160	0.00240	0.00924	0.00551	0.00474
1	0.01049	0.00899	0.01049	0.00749	0.01198	0.00674	0.00599	0.01273	0.01049	0.01648	0.00899	0.01049	0.00749	0.00374	0.00374	0.00075	0.00374	0.00300	0.00300	0.85320
2	0.01275	0.01363	0.01512	0.41949	0.11075	0.22629	0.01238	0.01672	0.09630	0.01408	0.01000	0.01278	0.00778	0.00524	0.00493	0.00156	0.00700	0.00429	0.00269	0.00621
3	0.01827	0.01325	0.01416	0.01096	0.01473	0.01462	0.00902	0.70008	0.02250	0.03061	0.01256	0.01279	0.00902	0.00605	0.00491	0.00148	0.00525	0.00457	0.08692	0.00822
4	0.05463	0.00935	0.01131	0.00928	0.01262	0.00929	0.00746	0.09586	0.18993	0.44371	0.01946	0.08525	0.01429	0.00713	0.00513	0.00164	0.00422	0.00587	0.00562	0.00795
5	0.01130	0.01322	0.13392	0.12535	0.47438	0.01130	0.05370	0.01478	0.01147	0.01629	0.07598	0.01458	0.01099	0.00511	0.00511	0.00156	0.00614	0.00486	0.00268	0.00729
6	0.01177	0.01195	0.02030	0.07475	0.33673	0.05050	0.22917	0.01463	0.01102	0.01504	0.01016	0.01487	0.00882	0.09504	0.00803	0.00194	0.04296	0.00512	0.00257	0.03461
7	0.00678	0.00494	0.00567	0.00583	0.00645	0.00473	0.00379	0.00743	0.00896	0.01152	0.02775	0.14155	0.24750	0.40833	0.08371	0.00385	0.00469	0.00911	0.00373	0.00368
8	0.06359	0.06546	0.08263	0.01546	0.16157	0.35997	0.03338	0.01777	0.01251	0.05257	0.00892	0.01043	0.00714	0.00485	0.00450	0.00134	0.00713	0.00362	0.00276	0.08438
9	0.10842	0.09723	0.01013	0.00872	0.06373	0.06709	0.00623	0.01130	0.01199	0.01677	0.28030	0.11533	0.16575	0.00928	0.00522	0.00158	0.00374	0.00778	0.00422	0.00519
10	0.01132	0.00907	0.01048	0.01069	0.10522	0.07265	0.00713	0.03185	0.01159	0.09816	0.01979	0.22642	0.10112	0.00844	0.00509	0.00144	0.00423	0.00728	0.00393	0.25409
11	0.00990	0.04545	0.12879	0.01087	0.11266	0.00827	0.00850	0.02997	0.06194	0.03190	0.09667	0.02387	0.18546	0.00733	0.00487	0.00145	0.00412	0.00612	0.14372	0.07813

[dist]
# distance from previous block
# <min> <max>
0	7

[block]
# block no. 7 follows, 49 sequences, length 30
# corresponding to MSA columns:
# 390-419
name=unknown_H
#
# <colnr> <probs for GDERKNQSTAVLIFYWHMCP>
#	G	D	E	R	K	N	Q	S	T	A	V	L	I	F	Y	W	H	M	C	P
0	0.06331	0.37857	0.17848	0.01212	0.08063	0.01596	0.01120	0.14599	0.01283	0.04519	0.00899	0.01003	0.00712	0.00483	0.00408	0.00134	0.00578	0.00347	0.00289	0.00720
1	0.65402	0.06246	0.00996	0.06072	0.01230	0.06496	0.00672	0.04967	0.00988	0.02109	0.00745	0.00880	0.00584	0.00479	0.00345	0.00152	0.00462	0.00297	0.00306	0.00572
2	0.01345	0.01489	0.01165	0.01058	0.01230	0.37363	0.00810	0.01512	0.02227	0.03016	0.16086	0.01907	0.06114	0.03292	0.07451	0.00220	0.12302	0.00535	0.00337	0.00540
3	0.01401	0.01186	0.11062	0.01009	0.01355	0.01077	0.00897	0.11137	0.34318	0.14057	0.01792	0.01900	0.01354	0.00672	0.00501	0.00163	0.00453	0.04892	0.10024	0.00753
4	0.00644	0.00460	0.00592	0.00680	0.00737	0.00427	0.00470	0.00760	0.01038	0.01398	0.10142	0.62124	0.09873	0.01461	0.00627	0.00196	0.00289	0.03904	0.03757	0.00423
5	0.00910	0.00480	0.00698	0.00683	0.00717	0.00483	0.00472	0.00801	0.02573	0.03507	0.06556	0.01740	0.01209	0.01772	0.06745	0.69135	0.00481	0.00485	0.00267	0.00287
6	0.01092	0.01008	0.01653	0.56158	0.22578	0.01171	0.01414	0.06170	0.01133	0.01503	0.00932	0.01315	0.00718	0.00498	0.00504	0.00163	0.00648	0.00450	0.00249	0.00641
7	0.00793	0.00553	0.00709	0.00658	0.00796	0.00518	0.00497	0.01075	0.04573	0.04924	0.70421	0.03657	0.06863	0.01012	0.00590	0.00160	0.00253	0.00890	0.00555	0.00503
8	0.00707	0.00530	0.00638	0.00651	0.00743	0.00514	0.00456	0.00911	0.05934	0.01456	0.20092	0.23137	0.17624	0.17153	0.06900	0.00286	0.00398	0.00990	0.00446	0.00436
9	0.00640	0.00480	0.00594	0.00637	0.00727	0.00434	0.00451	0.00782	0.01148	0.01523	0.25412	0.40174	0.22454	0.01349	0.00619	0.00183	0.00268	0.01194	0.00495	0.00434
10	0.00735	0.00490	0.00552	0.00552	0.00552	0.00490	0.00306	0.00735	0.00735	0.00980	0.01593	0.03309	0.01838	0.82229	0.02574	0.00490	0.00490	0.00735	0.00306	0.00306
11	0.01220	0.01172	0.01987	0.10719	0.64102	0.01200	0.04605	0.01591	0.05392	0.01640	0.01010	0.01301	0.00828	0.00468	0.00506	0.00154	0.00607	0.00463	0.00263	0.00772
12	0.01575	0.01328	0.01740	0.07182	0.34397	0.04237	0.01240	0.37704	0.01737	0.02345	0.01067	0.01228	0.00815	0.00531	0.00502	0.00151	0.00596	0.00448	0.00371	0.00806
13	0.13945	0.01209	0.04427	0.01020	0.01277	0.09177	0.05828	0.22526	0.01357	0.01941	0.03937	0.01726	0.01145	0.20146	0.02276	0.00248	0.06363	0.00505	0.00354	0.00595
14	0.00988	0.00584	0.00771	0.00750	0.00894	0.00546	0.00570	0.03599	0.01285	0.14485	0.30697	0.29058	0.03401	0.01172	0.00606	0.00181	0.00323	0.09033	0.00528	0.00530
15	0.01311	0.06619	0.39379	0.01452	0.06994	0.19714	0.04255	0.01693	0.01165	0.04321	0.00905	0.01064	0.00688	0.00496	0.00505	0.00147	0.03338	0.00373	0.00249	0.05332
16	0.01548	0.06862	0.07879	0.01473	0.11467	0.17311	0.07139	0.14195	0.04904	0.10278	0.01248	0.01350	0.03854	0.00590	0.00593	0.00155	0.07638	0.00455	0.00349	0.00714
17	0.00735	0.00490	0.00552	0.00552	0.00552	0.00490	0.00306	0.00735	0.00735	0.00980	0.01593	0.03309	0.01838	0.82229	0.02574	0.00490	0.00490	0.00735	0.00306	0.00306
18	0.00975	0.00898	0.01401	0.09279	0.40417	0.00890	0.01090	0.01219	0.01152	0.01540	0.05877	0.02710	0.25531	0.00785	0.00545	0.00162	0.00477	0.04079	0.00340	0.00632
19	0.01188	0.10126	0.34776	0.01706	0.13232	0.01311	0.16080	0.05803	0.07794	0.01701	0.01031	0.01203	0.00779	0.00485	0.00494	0.00156	0.00685	0.00439	0.00269	0.00743
20	0.09167	0.01426	0.10352	0.02666	0.01473	0.16243	0.00927	0.10888	0.01435	0.35273	0.01396	0.01350	0.00948	0.00569	0.00472	0.00150	0.00569	0.00428	0.03520	0.00747
