[name]
unknown

[dist]
# distance from previous block
# <min> <max>
0	7

[block]
# block no. 0 follows, 38 sequences, length 20
# corresponding to MSA columns:
# 134-140,142-154
name=unknown_A
#
# <colnr> <probs for GDERKNQSTAVLIFYWHMCP>
#	G	D	E	R	K	N	Q	S	T	A	V	L	I	F	Y	W	H	M	C	P
0	0.01709	0.27341	0.01961	0.01220	0.05474	0.01475	0.01006	0.06946	0.06377	0.17442	0.04627	0.02595	0.01727	0.00843	0.00573	0.00181	0.00572	0.13936	0.00485	0.03509
1	0.01257	0.00993	0.01019	0.00967	0.01180	0.08355	0.00733	0.10112	0.01562	0.07076	0.09751	0.28444	0.15319	0.01342	0.00690	0.00208	0.00478	0.06177	0.00553	0.03784
2	0.01293	0.01138	0.01475	0.01425	0.15460	0.00921	0.00929	0.01578	0.01271	0.01961	0.01081	0.01293	0.00903	0.00463	0.00474	0.00106	0.00497	0.00391	0.00345	0.66996
3	0.01427	0.01117	0.01788	0.23239	0.30878	0.01157	0.01408	0.01753	0.01407	0.12223	0.09137	0.02288	0.08112	0.00742	0.00620	0.00189	0.00630	0.00667	0.00412	0.00805
4	0.00881	0.00593	0.00779	0.00803	0.00914	0.00546	0.00575	0.01079	0.01450	0.05395	0.37916	0.37268	0.06508	0.01506	0.00731	0.00214	0.00324	0.01347	0.00617	0.00552
5	0.00804	0.00613	0.00739	0.00707	0.00870	0.00548	0.00530	0.01044	0.01591	0.02148	0.51676	0.04930	0.28953	0.01329	0.00710	0.00194	0.00291	0.01149	0.00627	0.00548
6	0.00760	0.00550	0.00718	0.00806	0.00875	0.00508	0.00555	0.00910	0.01294	0.01748	0.20397	0.56998	0.08229	0.01710	0.00751	0.00229	0.00331	0.01539	0.00583	0.00508
7	0.01581	0.74119	0.08018	0.01075	0.01615	0.02314	0.01109	0.01808	0.01226	0.01448	0.00853	0.00985	0.00771	0.00518	0.00398	0.00133	0.00660	0.00330	0.00257	0.00780
8	0.02247	0.02867	0.01705	0.01550	0.01860	0.76443	0.01162	0.02402	0.01705	0.01472	0.00930	0.01085	0.00775	0.00620	0.00542	0.00155	0.01085	0.00387	0.00310	0.00697
9	0.83108	0.01163	0.00884	0.00791	0.01163	0.01350	0.00651	0.01768	0.01024	0.02699	0.00838	0.00977	0.00651	0.00558	0.00372	0.00186	0.00465	0.00326	0.00372	0.00651
10	0.23128	0.01443	0.01472	0.01184	0.01616	0.01604	0.00969	0.39344	0.12304	0.08895	0.01501	0.01483	0.01078	0.00695	0.00544	0.00186	0.00573	0.00510	0.00555	0.00917
11	0.67443	0.01059	0.00872	0.00797	0.01109	0.01221	0.00636	0.01618	0.01005	0.02430	0.01011	0.01383	0.00875	0.08002	0.08261	0.00300	0.00591	0.00407	0.00367	0.00614
12	0.01145	0.00861	0.00945	0.00926	0.01077	0.03768	0.00673	0.10218	0.08670	0.01957	0.02381	0.31479	0.02477	0.10145	0.08705	0.00326	0.00575	0.01047	0.12015	0.00611
13	0.00731	0.00588	0.00653	0.00684	0.00837	0.00509	0.00495	0.00885	0.01348	0.01683	0.12429	0.24585	0.49292	0.01587	0.00726	0.00212	0.00314	0.01366	0.00569	0.00509
14	0.01489	0.01429	0.02442	0.03692	0.75106	0.01429	0.01846	0.01846	0.01370	0.01965	0.01132	0.01489	0.00953	0.00536	0.00596	0.00179	0.00715	0.00536	0.00298	0.00953
15	0.28832	0.00868	0.00866	0.00772	0.01044	0.00876	0.00594	0.01566	0.01264	0.15475	0.07764	0.03109	0.20394	0.13046	0.00943	0.00252	0.00438	0.00757	0.00507	0.00632
16	0.73443	0.01226	0.00994	0.00862	0.01247	0.01411	0.00710	0.10298	0.01240	0.02830	0.00910	0.01033	0.00696	0.00578	0.00400	0.00185	0.00489	0.00352	0.00400	0.00696
17	0.00806	0.00618	0.00737	0.00763	0.00867	0.00600	0.00546	0.00931	0.01171	0.01503	0.05264	0.18095	0.29428	0.19732	0.08923	0.00382	0.02822	0.05848	0.00483	0.00483
18	0.01870	0.00940	0.01195	0.01026	0.01331	0.00893	0.00799	0.13506	0.01708	0.35031	0.06471	0.27793	0.02479	0.01151	0.00665	0.00205	0.00469	0.00993	0.00654	0.00819
19	0.38522	0.01242	0.01201	0.00950	0.01400	0.01274	0.00776	0.16726	0.01480	0.02681	0.01043	0.01167	0.00810	0.00555	0.00445	0.00152	0.00500	0.00382	0.00415	0.28280

[dist]
# distance from previous block
# <min> <max>
0	11

[block]
# block no. 1 follows, 38 sequences, length 19
# corresponding to MSA columns:
# 166-184
name=unknown_B
#
# <colnr> <probs for GDERKNQSTAVLIFYWHMCP>
#	G	D	E	R	K	N	Q	S	T	A	V	L	I	F	Y	W	H	M	C	P
0	0.01533	0.09497	0.42434	0.01739	0.08435	0.08788	0.01778	0.12245	0.04281	0.02119	0.01152	0.01305	0.00858	0.00599	0.00560	0.00180	0.00823	0.00459	0.00327	0.00887
1	0.01476	0.04354	0.04417	0.04135	0.15347	0.07388	0.01022	0.04473	0.01484	0.13757	0.05675	0.02973	0.22585	0.04250	0.00721	0.00198	0.00567	0.00764	0.00473	0.03941
2	0.01251	0.01686	0.23089	0.19381	0.18285	0.01260	0.01621	0.07326	0.01380	0.01917	0.01529	0.15623	0.01426	0.00825	0.00622	0.00199	0.00714	0.00726	0.00351	0.00789
3	0.01332	0.01222	0.01286	0.00947	0.01462	0.07212	0.00751	0.01590	0.01286	0.01919	0.01057	0.01234	0.00881	0.00460	0.00454	0.00095	0.00500	0.00359	0.00352	0.75601
4	0.01229	0.01118	0.01598	0.17034	0.21452	0.02788	0.01192	0.01518	0.01266	0.01796	0.01446	0.13890	0.01387	0.00738	0.00571	0.00162	0.00588	0.00660	0.00355	0.29212
5	0.01109	0.00982	0.01195	0.01080	0.01147	0.03477	0.00820	0.01330	0.06406	0.01523	0.07535	0.02904	0.08010	0.26736	0.04787	0.00376	0.28883	0.00759	0.00382	0.00560
6	0.00958	0.00712	0.00773	0.00738	0.00935	0.00694	0.00559	0.01421	0.13206	0.02101	0.22762	0.04160	0.30063	0.01166	0.00636	0.00187	0.00322	0.00984	0.17016	0.00606
7	0.00869	0.00591	0.00750	0.00795	0.00898	0.00543	0.00562	0.01025	0.01321	0.05185	0.19761	0.39279	0.13894	0.07803	0.00926	0.00252	0.00362	0.04083	0.00575	0.00527
8	0.01455	0.01363	0.01347	0.01015	0.01515	0.11578	0.00804	0.06169	0.01412	0.02007	0.01073	0.01237	0.00883	0.00488	0.00469	0.00104	0.00550	0.00373	0.00365	0.65793
9	0.02192	0.02551	0.01658	0.01483	0.01813	0.61079	0.01125	0.06003	0.09433	0.05354	0.01188	0.01273	0.00935	0.00652	0.00556	0.00163	0.00971	0.00437	0.00378	0.00757
10	0.01121	0.00561	0.00561	0.00561	0.00701	0.00561	0.00421	0.01402	0.01262	0.02243	0.01962	0.02243	0.01542	0.00701	0.00421	0.00140	0.00280	0.00561	0.82198	0.00561
11	0.00790	0.00613	0.00719	0.00692	0.00861	0.00541	0.00519	0.01016	0.01558	0.02068	0.44731	0.05061	0.35948	0.01358	0.00710	0.00195	0.00293	0.01167	0.00617	0.00541
12	0.83108	0.01163	0.00884	0.00791	0.01163	0.01350	0.00651	0.01768	0.01024	0.02699	0.00838	0.00977	0.00651	0.00558	0.00372	0.00186	0.00465	0.00326	0.00372	0.00651
13	0.01422	0.01566	0.03227	0.02636	0.14402	0.01534	0.55504	0.01873	0.01369	0.01892	0.01167	0.01575	0.00909	0.00559	0.00801	0.00204	0.07574	0.00667	0.00300	0.00821
14	0.00941	0.00787	0.01074	0.00896	0.01170	0.00679	0.06699	0.01207	0.01507	0.02084	0.36862	0.03946	0.21820	0.01090	0.00659	0.00174	0.00382	0.00960	0.00546	0.16515
15	0.01229	0.01164	0.01972	0.57999	0.22831	0.01361	0.01717	0.01618	0.01247	0.01650	0.01086	0.01574	0.00842	0.00584	0.00600	0.00195	0.00779	0.00535	0.00275	0.00743
16	0.01361	0.06491	0.12691	0.23238	0.40941	0.01460	0.01800	0.01768	0.01301	0.01806	0.01089	0.01456	0.00873	0.00557	0.00580	0.00183	0.00759	0.00509	0.00281	0.00855
17	0.01347	0.01284	0.02185	0.33351	0.46557	0.01392	0.01776	0.01722	0.01303	0.01793	0.01106	0.01535	0.00892	0.00562	0.00598	0.00187	0.00750	0.00535	0.00286	0.00838
18	0.08585	0.08050	0.07692	0.01457	0.01851	0.22978	0.15722	0.01930	0.01367	0.07685	0.01278	0.01788	0.01106	0.14809	0.01015	0.00248	0.00829	0.00554	0.00351	0.00704

[dist]
# distance from previous block
# <min> <max>
9	36

[block]
# block no. 2 follows, 38 sequences, length 13
# corresponding to MSA columns:
# 221-233
name=unknown_C
#
# <colnr> <probs for GDERKNQSTAVLIFYWHMCP>
#	G	D	E	R	K	N	Q	S	T	A	V	L	I	F	Y	W	H	M	C	P
0	0.01684	0.01418	0.01416	0.01234	0.01562	0.07989	0.00961	0.26122	0.30184	0.02669	0.02141	0.16142	0.01872	0.00967	0.00632	0.00199	0.00568	0.00801	0.00572	0.00867
1	0.01043	0.00769	0.00873	0.00855	0.01022	0.00760	0.00623	0.14397	0.01514	0.01991	0.03583	0.36591	0.22566	0.06029	0.00841	0.00237	0.00406	0.01273	0.04039	0.00590
2	0.03301	0.01227	0.01140	0.01018	0.01265	0.11885	0.00788	0.21799	0.01729	0.02358	0.02006	0.10888	0.05559	0.01019	0.00707	0.06356	0.00548	0.03829	0.21897	0.00680
3	0.01401	0.03066	0.61883	0.01684	0.02464	0.15444	0.02024	0.01998	0.01351	0.01824	0.01052	0.01235	0.00764	0.00581	0.00566	0.00184	0.00926	0.00434	0.00264	0.00853
4	0.00860	0.00640	0.00945	0.00945	0.01045	0.00740	0.00725	0.01060	0.00960	0.01380	0.01631	0.02474	0.01552	0.09764	0.71288	0.00940	0.01539	0.00661	0.00325	0.00525
5	0.00875	0.00583	0.00656	0.00656	0.00656	0.00583	0.00365	0.00875	0.00875	0.01166	0.01895	0.03937	0.02187	0.78858	0.03062	0.00583	0.00583	0.00875	0.00365	0.00365
6	0.06385	0.00804	0.00809	0.00726	0.00943	0.00849	0.00567	0.14583	0.01534	0.02555	0.01798	0.02018	0.01392	0.00696	0.00451	0.00150	0.00362	0.00543	0.62182	0.00651
7	0.01079	0.00987	0.01257	0.01204	0.01262	0.05176	0.00948	0.01231	0.01083	0.01498	0.01921	0.25489	0.02121	0.01938	0.14372	0.00375	0.29980	0.07110	0.00392	0.00578
8	0.01149	0.01037	0.01679	0.63390	0.03582	0.01297	0.01513	0.01516	0.01186	0.01603	0.01139	0.01647	0.00877	0.00648	0.00693	0.00199	0.06938	0.00537	0.08714	0.00656
9	0.01247	0.01069	0.01247	0.00891	0.01426	0.00802	0.00713	0.01515	0.01247	0.01960	0.01069	0.01247	0.00891	0.00446	0.00446	0.00089	0.00446	0.00356	0.00356	0.82536
10	0.01410	0.01244	0.01822	0.01471	0.01663	0.01464	0.13036	0.14787	0.01345	0.01887	0.01224	0.01955	0.01153	0.16862	0.01748	0.04755	0.30519	0.00631	0.00354	0.00671
11	0.01567	0.01083	0.01419	0.01142	0.01480	0.01083	0.07569	0.20678	0.05164	0.13168	0.28031	0.03088	0.09975	0.00967	0.00662	0.00190	0.00496	0.00837	0.00612	0.00789
12	0.01809	0.31028	0.15847	0.01325	0.01851	0.11225	0.01295	0.17844	0.01662	0.05843	0.01105	0.01214	0.00864	0.00620	0.00568	0.00164	0.04099	0.00425	0.00365	0.00848

[dist]
# distance from previous block
# <min> <max>
0	6

[block]
# block no. 3 follows, 38 sequences, length 20
# corresponding to MSA columns:
# 240-259
name=unknown_D
#
# <colnr> <probs for GDERKNQSTAVLIFYWHMCP>
#	G	D	E	R	K	N	Q	S	T	A	V	L	I	F	Y	W	H	M	C	P
0	0.54239	0.01233	0.01106	0.00909	0.01330	0.01332	0.00745	0.13599	0.01366	0.02742	0.00982	0.01106	0.00758	0.00564	0.00424	0.00167	0.00494	0.00367	0.00408	0.16128
1	0.00747	0.00541	0.00709	0.00838	0.00892	0.00503	0.00577	0.00866	0.01183	0.01559	0.03512	0.68496	0.09162	0.01844	0.00768	0.00243	0.00359	0.06148	0.00558	0.00494
2	0.00781	0.00555	0.00720	0.00794	0.00852	0.00521	0.00536	0.00919	0.01259	0.01715	0.21510	0.50098	0.04190	0.11375	0.01041	0.00273	0.00362	0.01445	0.00561	0.00493
3	0.01046	0.00790	0.00981	0.00948	0.01121	0.00835	0.00726	0.11351	0.04757	0.01943	0.08100	0.19935	0.13017	0.02434	0.25883	0.00465	0.00816	0.03744	0.00496	0.00613
4	0.01552	0.68562	0.13317	0.01125	0.01692	0.02243	0.01196	0.01816	0.01229	0.01484	0.00870	0.01008	0.00771	0.00523	0.00412	0.00137	0.00678	0.00339	0.00257	0.00788
5	0.01168	0.00853	0.01033	0.00909	0.01187	0.00770	0.00686	0.04739	0.07498	0.06663	0.16987	0.25746	0.02936	0.01109	0.00629	0.00177	0.00400	0.00972	0.00538	0.25000
6	0.01671	0.07009	0.34951	0.01491	0.02076	0.21955	0.01562	0.06410	0.01511	0.08002	0.01319	0.06958	0.01080	0.00702	0.00572	0.00180	0.00843	0.00534	0.00354	0.00820
7	0.01001	0.00820	0.01267	0.32036	0.02365	0.00923	0.01191	0.01302	0.01275	0.01653	0.02346	0.15644	0.02461	0.01266	0.00728	0.00241	0.00623	0.31830	0.00438	0.00590
8	0.01278	0.01621	0.12462	0.02126	0.02669	0.01323	0.50088	0.01745	0.01364	0.01867	0.01586	0.11543	0.01438	0.00761	0.00707	0.00211	0.00885	0.05216	0.00345	0.00765
9	0.01365	0.01249	0.01601	0.40887	0.02899	0.05967	0.01326	0.07955	0.20365	0.01977	0.01617	0.07382	0.01322	0.00763	0.00613	0.00200	0.00689	0.00651	0.00409	0.00761
10	0.01536	0.27315	0.02301	0.01821	0.19650	0.07585	0.05683	0.01898	0.06836	0.05100	0.01515	0.09325	0.01413	0.00764	0.00561	0.00176	0.00666	0.04687	0.00371	0.00797
11	0.00732	0.00594	0.00650	0.00670	0.00834	0.00511	0.00489	0.00891	0.01370	0.01703	0.13863	0.19314	0.53167	0.01556	0.00722	0.00209	0.00311	0.01331	0.00571	0.00511
12	0.01045	0.00522	0.00784	0.00784	0.00784	0.00522	0.00522	0.00784	0.00784	0.01045	0.01045	0.01829	0.01045	0.02090	0.02351	0.82497	0.00522	0.00522	0.00261	0.00261
13	0.01404	0.17475	0.45338	0.01863	0.13080	0.07262	0.01857	0.01914	0.01309	0.01787	0.01029	0.01230	0.00793	0.00559	0.00537	0.00174	0.00831	0.00430	0.00265	0.00862
14	0.01244	0.01134	0.01862	0.08427	0.44924	0.01159	0.01428	0.01564	0.01346	0.01898	0.11907	0.02250	0.05088	0.01261	0.11617	0.00297	0.00771	0.00664	0.00363	0.00795
15	0.00820	0.00646	0.00768	0.00792	0.00937	0.00623	0.00579	0.01114	0.07377	0.01754	0.13909	0.26430	0.29352	0.01892	0.09864	0.00306	0.00487	0.01250	0.00549	0.00551
16	0.00836	0.00602	0.00690	0.00718	0.00794	0.00573	0.00486	0.00921	0.01096	0.01400	0.03281	0.09506	0.21797	0.42658	0.01981	0.00418	0.00490	0.10860	0.00455	0.00437
17	0.35831	0.01554	0.01318	0.01110	0.01497	0.12363	0.00893	0.24383	0.06295	0.04130	0.01219	0.01294	0.00914	0.00645	0.00490	0.00179	0.00610	0.00440	0.04037	0.00797
18	0.01324	0.01187	0.01636	0.20187	0.19949	0.06094	0.01288	0.01616	0.01238	0.01805	0.01256	0.01655	0.01028	0.00698	0.00807	0.00188	0.15150	0.00531	0.21654	0.00710
19	0.01457	0.01328	0.01766	0.06423	0.30518	0.06730	0.01293	0.10261	0.01539	0.02099	0.04824	0.08319	0.01553	0.00767	0.00602	0.00176	0.00636	0.04945	0.00398	0.14368

[dist]
# distance from previous block
# <min> <max>
0	15

[block]
# block no. 4 follows, 38 sequences, length 58
# corresponding to MSA columns:
# 275-278,280-333
name=unknown_E
#
# <colnr> <probs for GDERKNQSTAVLIFYWHMCP>
#	G	D	E	R	K	N	Q	S	T	A	V	L	I	F	Y	W	H	M	C	P
0	0.36799	0.04172	0.07162	0.01151	0.01587	0.14707	0.00998	0.17236	0.01606	0.07882	0.01114	0.01196	0.00826	0.00617	0.00484	0.00178	0.00659	0.00412	0.00424	0.00788
1	0.06865	0.00764	0.00841	0.00780	0.01001	0.02515	0.00596	0.01321	0.01377	0.12180	0.14376	0.05201	0.33902	0.05547	0.09779	0.00307	0.00531	0.00974	0.00543	0.00600
2	0.01857	0.01618	0.01963	0.02052	0.22257	0.14638	0.08515	0.16881	0.01784	0.11680	0.01852	0.01946	0.08781	0.00718	0.00612	0.00181	0.00730	0.00615	0.00449	0.00870
3	0.01024	0.00870	0.00987	0.00791	0.01173	0.00677	0.00613	0.01239	0.01282	0.01813	0.02962	0.08812	0.26421	0.00926	0.00561	0.00140	0.00390	0.00774	0.00441	0.48103
4	0.01802	0.02129	0.25122	0.01605	0.08327	0.19039	0.01435	0.02221	0.04262	0.19153	0.01592	0.07896	0.01262	0.00739	0.00593	0.00185	0.00771	0.00591	0.00426	0.00850
5	0.01687	0.27878	0.18270	0.01520	0.07481	0.11489	0.01378	0.12850	0.08368	0.02034	0.01167	0.01279	0.00922	0.00602	0.00516	0.00164	0.00746	0.00440	0.00352	0.00857
6	0.01274	0.00949	0.01234	0.01241	0.05981	0.00987	0.03743	0.01884	0.19203	0.08045	0.03029	0.03987	0.14475	0.01135	0.00728	0.00218	0.03449	0.20368	0.07349	0.00722
7	0.34148	0.01199	0.01252	0.01020	0.01441	0.01263	0.00837	0.12892	0.07634	0.30185	0.01638	0.01554	0.01120	0.00674	0.00514	0.00187	0.00513	0.00492	0.00566	0.00871
8	0.00736	0.00574	0.00668	0.00722	0.00847	0.00506	0.00512	0.00882	0.01314	0.01673	0.12439	0.36517	0.37176	0.01645	0.00735	0.00219	0.00321	0.01437	0.00570	0.00506
9	0.00944	0.00563	0.00602	0.00634	0.00764	0.00533	0.00460	0.01157	0.01260	0.01948	0.03168	0.20328	0.18030	0.01149	0.00563	0.00178	0.00301	0.00976	0.45910	0.00533
10	0.00806	0.00609	0.00745	0.00720	0.00874	0.00547	0.00537	0.01044	0.01582	0.02148	0.52015	0.08785	0.24694	0.01346	0.00713	0.00196	0.00293	0.01171	0.00628	0.00547
11	0.01496	0.01292	0.01360	0.01224	0.01564	0.01496	0.00952	0.03197	0.74019	0.02516	0.02448	0.02244	0.01836	0.00816	0.00612	0.00204	0.00476	0.00680	0.00612	0.00952
12	0.07459	0.02963	0.70027	0.01644	0.02494	0.01393	0.02103	0.01895	0.01251	0.01966	0.01061	0.01248	0.00754	0.00571	0.00556	0.00190	0.00857	0.00435	0.00263	0.00871
13	0.01614	0.01238	0.01411	0.01038	0.01554	0.01103	0.00842	0.21545	0.01713	0.06383	0.01243	0.01345	0.00960	0.00539	0.00498	0.00120	0.00509	0.00421	0.00445	0.55479
14	0.01309	0.01344	0.01089	0.01049	0.01183	0.25470	0.00749	0.01428	0.01193	0.01359	0.01608	0.08254	0.01671	0.26631	0.22525	0.00524	0.01016	0.00715	0.00350	0.00531
15	0.00764	0.00546	0.00734	0.00874	0.00922	0.00516	0.00613	0.00892	0.01183	0.01571	0.03298	0.68933	0.03910	0.01855	0.00776	0.00249	0.00376	0.10932	0.00558	0.00497
16	0.01847	0.01415	0.01313	0.01139	0.01471	0.14456	0.00891	0.09114	0.27404	0.15658	0.01980	0.01930	0.01454	0.00737	0.00560	0.00178	0.00569	0.00579	0.16455	0.00851
17	0.01247	0.01069	0.01247	0.00891	0.01426	0.00802	0.00713	0.01515	0.01247	0.01960	0.01069	0.01247	0.00891	0.00446	0.00446	0.00089	0.00446	0.00356	0.00356	0.82536
18	0.08678	0.01131	0.01464	0.01137	0.01578	0.01067	0.06333	0.08921	0.07681	0.33547	0.05449	0.02083	0.05294	0.00736	0.00582	0.00176	0.00527	0.00612	0.00588	0.12416
19	0.09702	0.01070	0.01612	0.01317	0.01665	0.01077	0.14860	0.08289	0.01400	0.10549	0.01693	0.02452	0.01465	0.01825	0.21767	0.00410	0.00925	0.09950	0.00432	0.07537
20	0.01235	0.00849	0.00951	0.00859	0.01090	0.00842	0.00660	0.17281	0.01708	0.05718	0.13524	0.16804	0.22874	0.01220	0.00653	0.00194	0.00396	0.01033	0.11448	0.00660
21	0.01199	0.01169	0.02106	0.49341	0.12400	0.01316	0.14174	0.01590	0.01258	0.01658	0.01274	0.07461	0.01082	0.00675	0.00633	0.00202	0.00794	0.00655	0.00300	0.00715
22	0.01369	0.01495	0.02940	0.07985	0.02784	0.01597	0.47497	0.01763	0.01264	0.01763	0.01086	0.01536	0.00870	0.00667	0.01055	0.00220	0.22417	0.00645	0.00290	0.00758
23	0.24692	0.01167	0.01254	0.01046	0.01430	0.01230	0.00843	0.14817	0.11282	0.25756	0.01882	0.09009	0.01459	0.00808	0.00556	0.00193	0.00505	0.00632	0.00580	0.00859
24	0.01018	0.00692	0.00880	0.00892	0.01025	0.00672	0.00653	0.07980	0.01505	0.05444	0.23009	0.43260	0.04026	0.01526	0.00731	0.00222	0.00379	0.04895	0.00600	0.00590
25	0.01850	0.01069	0.01246	0.01012	0.01371	0.01054	0.00813	0.23268	0.01882	0.26449	0.03073	0.03011	0.21835	0.04744	0.04299	0.00244	0.00554	0.00786	0.00612	0.00826
26	0.01207	0.03112	0.75741	0.01715	0.02604	0.01397	0.02223	0.01905	0.01270	0.01905	0.01080	0.01270	0.00762	0.00572	0.00572	0.00191	0.00889	0.00445	0.00254	0.00889
27	0.00754	0.00576	0.00695	0.00757	0.00873	0.00517	0.00544	0.00910	0.01321	0.01705	0.14398	0.37944	0.29991	0.01650	0.00742	0.00223	0.00334	0.04984	0.00573	0.00510
28	0.00721	0.00570	0.00650	0.00715	0.00840	0.00499	0.00504	0.00851	0.01270	0.01584	0.04809	0.39411	0.42070	0.01691	0.00737	0.00222	0.00325	0.01473	0.00559	0.00499
29	0.00875	0.00583	0.00656	0.00656	0.00656	0.00583	0.00365	0.00875	0.00875	0.01166	0.01895	0.03937	0.02187	0.78858	0.03062	0.00583	0.00583	0.00875	0.00365	0.00365
30	0.01207	0.03112	0.75741	0.01715	0.02604	0.01397	0.02223	0.01905	0.01270	0.01905	0.01080	0.01270	0.00762	0.00572	0.00572	0.00191	0.00889	0.00445	0.00254	0.00889
31	0.01382	0.50095	0.02580	0.01152	0.01562	0.01846	0.07643	0.01610	0.01169	0.01458	0.01088	0.01416	0.00989	0.01628	0.21626	0.00369	0.00948	0.00448	0.00280	0.00710
32	0.00845	0.00571	0.00665	0.00694	0.00701	0.00563	0.00405	0.00867	0.00933	0.01244	0.02193	0.19538	0.02562	0.62746	0.02582	0.00512	0.00534	0.01050	0.00405	0.00390
33	0.31704	0.01642	0.01600	0.04329	0.01782	0.22212	0.14153	0.01918	0.01324	0.02110	0.01087	0.01314	0.00854	0.00586	0.00497	0.00175	0.00729	0.00452	0.10847	0.00683
34	0.00869	0.00593	0.00675	0.00684	0.00710	0.00585	0.00414	0.00900	0.00949	0.01246	0.02307	0.04278	0.07825	0.67530	0.02726	0.00533	0.00560	0.05836	0.00393	0.00389
35	0.05172	0.03063	0.16434	0.01553	0.09285	0.16238	0.01294	0.14171	0.01618	0.02193	0.01101	0.01263	0.00859	0.00568	0.00528	0.00152	0.00729	0.00429	0.00362	0.22987
36	0.01230	0.01180	0.02154	0.01856	0.08829	0.01135	0.31111	0.07428	0.01451	0.01946	0.02282	0.24009	0.07553	0.01047	0.00712	0.00214	0.00694	0.04023	0.00431	0.00716
37	0.01787	0.00825	0.01064	0.00891	0.01213	0.00716	0.00707	0.02002	0.01603	0.40789	0.16077	0.07371	0.20237	0.01079	0.00658	0.00194	0.00413	0.00910	0.00675	0.00790
38	0.01380	0.00756	0.00930	0.00833	0.01072	0.00692	0.00641	0.05272	0.01579	0.20882	0.21529	0.14184	0.17673	0.01180	0.00658	0.00194	0.00375	0.01010	0.08476	0.00684
39	0.00799	0.00599	0.00657	0.00650	0.00761	0.00548	0.00435	0.00908	0.01215	0.01552	0.14460	0.04836	0.34760	0.33334	0.01679	0.00358	0.00416	0.01080	0.00494	0.00458
40	0.00993	0.00760	0.00895	0.00859	0.01047	0.00748	0.00658	0.07229	0.08351	0.02190	0.30866	0.14545	0.20130	0.01340	0.00710	0.00208	0.00369	0.06881	0.00606	0.00616
41	0.01862	0.01559	0.01566	0.01240	0.01693	0.08457	0.00996	0.34625	0.15562	0.02855	0.01484	0.01508	0.01117	0.00657	0.00557	0.00158	0.00610	0.00504	0.00512	0.22478
42	0.02183	0.01390	0.01561	0.01201	0.01656	0.01445	0.00987	0.45215	0.02310	0.19082	0.01654	0.01624	0.01155	0.00700	0.00573	0.00170	0.00577	0.00540	0.07407	0.08571
43	0.01389	0.01525	0.03144	0.02245	0.02841	0.01394	0.60186	0.01854	0.01389	0.01933	0.01191	0.01557	0.00909	0.00496	0.00663	0.00183	0.00914	0.00648	0.00313	0.15225
44	0.01754	0.01397	0.05735	0.01507	0.01966	0.01349	0.17144	0.02781	0.36538	0.19930	0.02083	0.02007	0.01490	0.00717	0.00630	0.00199	0.00627	0.00656	0.00556	0.00935
45	0.01847	0.00886	0.01167	0.01035	0.01350	0.00814	0.00855	0.05750	0.01605	0.38195	0.02976	0.10051	0.09051	0.01167	0.00691	0.00218	0.00499	0.20394	0.00651	0.00800
46	0.01518	0.01176	0.01251	0.01086	0.01364	0.04647	0.00843	0.33511	0.02029	0.02680	0.12670	0.23689	0.08643	0.01180	0.00670	0.00200	0.00511	0.00998	0.00581	0.00752
47	0.01610	0.01369	0.01684	0.01266	0.01752	0.10982	0.13014	0.01899	0.01406	0.12384	0.01308	0.01455	0.00998	0.00535	0.00525	0.00134	0.00628	0.00466	0.04660	0.41925
48	0.00920	0.00617	0.00777	0.00765	0.00781	0.00657	0.00491	0.00917	0.00876	0.01194	0.01667	0.03248	0.01840	0.52063	0.13775	0.13611	0.04308	0.00769	0.00337	0.00387
49	0.01952	0.01128	0.01371	0.01118	0.01462	0.01173	0.00896	0.27220	0.01859	0.25750	0.01821	0.02088	0.01394	0.09112	0.18403	0.00403	0.00827	0.00618	0.00560	0.00848
50	0.00909	0.00693	0.01030	0.00952	0.01052	0.00738	0.06094	0.01053	0.00962	0.01338	0.01704	0.02986	0.01754	0.36308	0.38992	0.00743	0.01122	0.00749	0.00339	0.00484
51	0.01286	0.04856	0.04508	0.01112	0.01415	0.08085	0.04674	0.11177	0.11269	0.02010	0.03048	0.13639	0.22116	0.01374	0.06438	0.00256	0.00633	0.00916	0.00490	0.00699
52	0.24392	0.01412	0.01405	0.01139	0.01549	0.08294	0.04512	0.17863	0.08539	0.02620	0.07274	0.01582	0.01327	0.00658	0.00520	0.00168	0.00577	0.00501	0.00458	0.15211
53	0.12773	0.00912	0.01299	0.01353	0.10729	0.00888	0.07495	0.01488	0.01292	0.11339	0.06155	0.26900	0.08411	0.05280	0.00778	0.00228	0.00501	0.01016	0.00494	0.00669
54	0.01530	0.01656	0.01610	0.04763	0.07779	0.25973	0.06999	0.01924	0.09019	0.01816	0.07254	0.09009	0.05040	0.00805	0.00598	0.00172	0.00717	0.00676	0.00406	0.12254
55	0.00984	0.00851	0.01039	0.01052	0.04199	0.03796	0.04335	0.04249	0.04717	0.01760	0.03553	0.37086	0.22866	0.01431	0.00701	0.00212	0.00440	0.01265	0.00518	0.04946
56	0.24222	0.01405	0.09114	0.04967	0.10488	0.01239	0.04737	0.08487	0.01372	0.05106	0.01223	0.05311	0.01012	0.00624	0.00514	0.00169	0.00592	0.00502	0.00385	0.18532
57	0.05038	0.09002	0.09919	0.05899	0.06101	0.14767	0.24603	0.05155	0.07021	0.04928	0.01240	0.01454	0.00944	0.00585	0.00595	0.00183	0.00854	0.00543	0.00351	0.00817

[dist]
# distance from previous block
# <min> <max>
0	366

[block]
# block no. 5 follows, 38 sequences, length 90
# corresponding to MSA columns:
# 779-847,890-910
name=unknown_F
#
# <colnr> <probs for GDERKNQSTAVLIFYWHMCP>
#	G	D	E	R	K	N	Q	S	T	A	V	L	I	F	Y	W	H	M	C	P
0	0.01452	0.04038	0.01519	0.01467	0.10040	0.09092	0.03874	0.01993	0.16007	0.09564	0.04270	0.02063	0.01525	0.02069	0.27760	0.00464	0.00999	0.00614	0.00430	0.00758
1	0.01911	0.02110	0.09629	0.04197	0.02011	0.28426	0.06630	0.21252	0.01837	0.04695	0.01280	0.04284	0.01050	0.03734	0.00748	0.00197	0.04258	0.00546	0.00405	0.00802
2	0.01039	0.01112	0.08622	0.01370	0.04387	0.00949	0.13585	0.01421	0.06748	0.01823	0.12413	0.29531	0.02817	0.06834	0.00932	0.00244	0.03973	0.01088	0.00466	0.00647
3	0.01727	0.10203	0.04712	0.01461	0.01914	0.04881	0.15555	0.30090	0.01878	0.02487	0.01333	0.01742	0.01107	0.11612	0.00931	0.00229	0.00732	0.00575	0.00428	0.06404
4	0.01057	0.08503	0.04273	0.04061	0.08925	0.03594	0.00905	0.01317	0.03799	0.01658	0.02623	0.32562	0.10084	0.01402	0.04008	0.00236	0.00550	0.03777	0.00448	0.06217
5	0.09821	0.12777	0.01614	0.28344	0.02312	0.12661	0.01107	0.01580	0.01315	0.01680	0.04687	0.02318	0.15941	0.00796	0.00563	0.00182	0.00667	0.00628	0.00357	0.00650
6	0.01827	0.02087	0.01708	0.05103	0.12127	0.40802	0.01218	0.04671	0.09060	0.01741	0.01429	0.04499	0.04014	0.00748	0.00681	0.00180	0.06442	0.00547	0.00364	0.00751
7	0.07382	0.01106	0.01284	0.01065	0.04005	0.00994	0.00806	0.12869	0.01505	0.07264	0.01519	0.12178	0.01372	0.00723	0.00526	0.00142	0.00482	0.00597	0.00449	0.43730
8	0.01102	0.00567	0.00590	0.00590	0.00728	0.00575	0.00445	0.01378	0.01240	0.02181	0.01937	0.02252	0.01539	0.00977	0.05935	0.00200	0.00377	0.00567	0.76262	0.00559
9	0.13131	0.00865	0.01016	0.00888	0.01174	0.00883	0.00708	0.02011	0.06592	0.25814	0.01901	0.02026	0.01413	0.01474	0.15877	0.00333	0.00665	0.00568	0.21914	0.00747
10	0.00743	0.00531	0.00710	0.00850	0.00889	0.00498	0.00577	0.00856	0.01162	0.01547	0.03310	0.75296	0.03956	0.01875	0.00771	0.00246	0.00358	0.04776	0.00558	0.00492
11	0.00831	0.00617	0.00828	0.00815	0.00944	0.00615	0.00615	0.01065	0.01390	0.01937	0.38709	0.09306	0.11530	0.02368	0.25175	0.00446	0.00719	0.01009	0.00534	0.00546
12	0.00774	0.00587	0.00714	0.00734	0.00865	0.00527	0.00531	0.00967	0.01444	0.01920	0.33283	0.25745	0.26711	0.01506	0.00726	0.00209	0.00309	0.01320	0.00601	0.00527
13	0.01608	0.79220	0.03152	0.01029	0.01544	0.02380	0.01029	0.01801	0.01222	0.01415	0.00836	0.00965	0.00772	0.00515	0.00386	0.00129	0.00643	0.00322	0.00257	0.00772
14	0.00961	0.00589	0.00670	0.00650	0.00798	0.00558	0.00487	0.01229	0.01462	0.02248	0.33515	0.03590	0.11289	0.01016	0.00576	0.00168	0.00284	0.00863	0.38488	0.00558
15	0.83108	0.01163	0.00884	0.00791	0.01163	0.01350	0.00651	0.01768	0.01024	0.02699	0.00838	0.00977	0.00651	0.00558	0.00372	0.00186	0.00465	0.00326	0.00372	0.00651
16	0.00870	0.00601	0.00747	0.00747	0.00779	0.00633	0.00478	0.00933	0.00902	0.01234	0.01812	0.03476	0.01987	0.57093	0.24554	0.00696	0.00884	0.00807	0.00352	0.00415
17	0.19683	0.01542	0.01863	0.01435	0.01885	0.01701	0.11591	0.43158	0.02123	0.03150	0.01243	0.01362	0.00913	0.00673	0.00644	0.00190	0.04945	0.00519	0.00489	0.00891
18	0.13085	0.01280	0.01401	0.01188	0.01416	0.04771	0.00969	0.17372	0.04055	0.04951	0.01298	0.01532	0.01035	0.00801	0.00974	0.00200	0.25455	0.00511	0.16964	0.00743
19	0.01564	0.01194	0.01257	0.01086	0.01411	0.01329	0.00857	0.20353	0.36014	0.02719	0.02360	0.02299	0.06866	0.00820	0.00578	0.00185	0.00471	0.00664	0.17115	0.00859
20	0.01163	0.01084	0.01298	0.01215	0.01299	0.08394	0.00970	0.01330	0.01072	0.01453	0.01522	0.02678	0.01542	0.10450	0.25843	0.00516	0.26751	0.10504	0.00338	0.00577
21	0.01472	0.01039	0.01165	0.00974	0.01269	0.01070	0.00774	0.28912	0.02055	0.05639	0.27859	0.03276	0.14407	0.01026	0.00644	0.00185	0.00441	0.00852	0.06190	0.00751
22	0.00795	0.00585	0.00745	0.00764	0.00879	0.00534	0.00551	0.01004	0.01482	0.02029	0.42924	0.28542	0.13980	0.01479	0.00729	0.00209	0.00308	0.01312	0.00615	0.00534
23	0.01247	0.01069	0.01247	0.00891	0.01426	0.00802	0.00713	0.01515	0.01247	0.01960	0.01069	0.01247	0.00891	0.00446	0.00446	0.00089	0.00446	0.00356	0.00356	0.82536
24	0.00876	0.00627	0.00853	0.00866	0.00937	0.00684	0.00631	0.01018	0.00973	0.01351	0.01868	0.03368	0.01944	0.31563	0.42192	0.00759	0.01131	0.07523	0.00360	0.00475
25	0.00998	0.00710	0.00924	0.01002	0.06335	0.00669	0.00699	0.01204	0.01370	0.06799	0.17483	0.04585	0.26302	0.09836	0.08271	0.00322	0.00535	0.10845	0.00528	0.00581
26	0.01572	0.18931	0.28905	0.01692	0.02319	0.15993	0.16033	0.04494	0.01428	0.01789	0.01040	0.01247	0.00806	0.00561	0.00556	0.00173	0.00891	0.00465	0.00288	0.00816
27	0.37546	0.00851	0.00855	0.00834	0.01052	0.00964	0.00650	0.01380	0.01045	0.02074	0.01538	0.12433	0.01475	0.02034	0.25002	0.00442	0.00802	0.00645	0.07794	0.00583
28	0.01456	0.01430	0.05138	0.06001	0.35729	0.01389	0.11535	0.09420	0.08543	0.02177	0.04511	0.02001	0.06567	0.00682	0.00626	0.00188	0.00693	0.00646	0.00391	0.00878
29	0.01088	0.00898	0.01076	0.00869	0.01249	0.00705	0.00663	0.01313	0.01248	0.01873	0.05824	0.22007	0.01984	0.00873	0.00546	0.00136	0.00411	0.00758	0.00427	0.56051
30	0.00727	0.00607	0.00633	0.00634	0.00824	0.00513	0.00473	0.00891	0.01397	0.01704	0.13143	0.08567	0.64810	0.01507	0.00713	0.00203	0.00304	0.01268	0.00569	0.00513
31	0.01209	0.05705	0.40220	0.01756	0.02410	0.01340	0.20394	0.01741	0.01266	0.01808	0.01323	0.07061	0.01114	0.01064	0.08649	0.00277	0.00948	0.00621	0.00297	0.00797
32	0.01343	0.01312	0.01632	0.23751	0.15333	0.13071	0.01298	0.05187	0.01318	0.01671	0.01252	0.01738	0.01062	0.01861	0.25087	0.00436	0.01085	0.00547	0.00314	0.00699
33	0.16288	0.01047	0.01310	0.01023	0.01473	0.00963	0.00845	0.02735	0.01604	0.63215	0.02114	0.01867	0.01348	0.00713	0.00566	0.00186	0.00504	0.00558	0.00682	0.00961
34	0.01761	0.00808	0.01000	0.00840	0.01152	0.00718	0.00669	0.02013	0.02704	0.36911	0.08736	0.03138	0.18679	0.00953	0.00600	0.00181	0.00399	0.00787	0.17176	0.00775
35	0.00815	0.00634	0.00922	0.16333	0.01534	0.00660	0.00783	0.00979	0.01162	0.01536	0.02861	0.62913	0.03336	0.01625	0.00734	0.00235	0.00441	0.01472	0.00500	0.00525
36	0.01136	0.01069	0.01804	0.77412	0.04143	0.01337	0.01671	0.01537	0.01203	0.01537	0.01069	0.01604	0.00802	0.00601	0.00601	0.00200	0.00802	0.00535	0.00267	0.00668
37	0.01509	0.01259	0.01318	0.01186	0.01488	0.03830	0.00914	0.15286	0.44065	0.02513	0.02393	0.17486	0.02088	0.01009	0.00639	0.00206	0.00504	0.00854	0.00589	0.00863
38	0.07418	0.17403	0.02189	0.02029	0.25385	0.12681	0.01306	0.17629	0.01700	0.05182	0.01141	0.01301	0.00907	0.00595	0.00532	0.00166	0.00718	0.00461	0.00381	0.00877
39	0.00835	0.00641	0.00752	0.00736	0.00899	0.00583	0.00546	0.03773	0.01537	0.02031	0.34791	0.15797	0.32043	0.01421	0.00715	0.00202	0.00316	0.01229	0.00604	0.00550
40	0.41922	0.01306	0.01278	0.01035	0.01460	0.01429	0.00854	0.25017	0.01737	0.16720	0.01322	0.01329	0.00929	0.00646	0.00490	0.00184	0.00538	0.00448	0.00516	0.00841
41	0.63354	0.01129	0.01010	0.00860	0.01255	0.01235	0.00709	0.02054	0.01195	0.20589	0.01215	0.01240	0.00857	0.00604	0.00429	0.00186	0.00477	0.00394	0.00464	0.00743
42	0.01994	0.01597	0.01625	0.01317	0.01705	0.09359	0.01066	0.51208	0.02335	0.03067	0.01425	0.01593	0.01095	0.01478	0.15949	0.00337	0.00898	0.00546	0.00515	0.00891
43	0.01052	0.00936	0.01261	0.01131	0.01261	0.01096	0.03640	0.03767	0.04147	0.01723	0.08835	0.13652	0.19443	0.01589	0.08434	0.00300	0.25740	0.00943	0.00442	0.00610
44	0.00764	0.00526	0.00687	0.00816	0.00859	0.00494	0.00548	0.00882	0.01160	0.01591	0.03209	0.72459	0.03787	0.01791	0.00740	0.00236	0.00344	0.01620	0.06992	0.00494
45	0.02012	0.18096	0.01949	0.01399	0.01754	0.50920	0.01106	0.02392	0.11774	0.01608	0.01124	0.01224	0.00924	0.00626	0.00521	0.00157	0.00910	0.00415	0.00342	0.00748
46	0.01754	0.01159	0.01323	0.01146	0.01479	0.01237	0.00896	0.16659	0.29753	0.17991	0.02407	0.17466	0.02034	0.00998	0.00640	0.00204	0.00495	0.00845	0.00627	0.00888
47	0.01041	0.00669	0.00963	0.00936	0.01079	0.00715	0.00721	0.01257	0.01168	0.09400	0.12144	0.09973	0.02328	0.03398	0.50486	0.00705	0.01187	0.00806	0.00438	0.00588
48	0.00733	0.00524	0.00698	0.00838	0.00873	0.00489	0.00558	0.00838	0.01152	0.01536	0.03316	0.78466	0.03979	0.01885	0.00768	0.00244	0.00349	0.01710	0.00558	0.00489
49	0.01489	0.01429	0.02442	0.03692	0.75106	0.01429	0.01846	0.01846	0.01370	0.01965	0.01132	0.01489	0.00953	0.00536	0.00596	0.00179	0.00715	0.00536	0.00298	0.00953
50	0.02250	0.02776	0.01713	0.01537	0.01860	0.70687	0.01161	0.07859	0.01792	0.01651	0.00970	0.01113	0.00794	0.00628	0.00547	0.00157	0.01052	0.00399	0.00332	0.00723
51	0.01012	0.00789	0.00902	0.00873	0.01033	0.00821	0.00631	0.01605	0.22038	0.01985	0.21929	0.14294	0.09992	0.16946	0.01168	0.00284	0.00414	0.02103	0.00562	0.00619
52	0.01053	0.00749	0.00889	0.00919	0.01057	0.00771	0.00674	0.08696	0.09661	0.02000	0.02823	0.45893	0.03049	0.01460	0.00689	0.00221	0.00401	0.06338	0.12046	0.00612
53	0.13777	0.01456	0.01543	0.01210	0.01663	0.04782	0.00994	0.37914	0.02178	0.26057	0.01628	0.01552	0.01106	0.00702	0.00568	0.00182	0.00606	0.00524	0.00601	0.00957
54	0.00811	0.00605	0.00799	0.00835	0.00930	0.00624	0.00610	0.00963	0.01086	0.01453	0.02914	0.19649	0.15886	0.13732	0.32830	0.00589	0.00911	0.03843	0.00432	0.00498
55	0.01250	0.01185	0.02010	0.53611	0.27054	0.01367	0.01727	0.01637	0.01257	0.01675	0.01089	0.01567	0.00851	0.00580	0.00600	0.00193	0.00774	0.00535	0.00277	0.00760
56	0.01667	0.01474	0.02084	0.01638	0.01958	0.01705	0.15676	0.25789	0.09229	0.02433	0.01307	0.01609	0.01051	0.03541	0.01154	0.00228	0.25602	0.00597	0.00425	0.00832
57	0.00818	0.00624	0.00756	0.00757	0.00900	0.00576	0.00554	0.01093	0.04697	0.02026	0.38578	0.20492	0.23054	0.01427	0.00718	0.00205	0.00312	0.01250	0.00611	0.00552
58	0.02072	0.23853	0.02103	0.01407	0.01773	0.56087	0.01126	0.02237	0.01572	0.01457	0.00904	0.01052	0.00774	0.00591	0.00499	0.00148	0.00963	0.00369	0.00295	0.00718
59	0.00733	0.00524	0.00698	0.00838	0.00873	0.00489	0.00558	0.00838	0.01152	0.01536	0.03316	0.78466	0.03979	0.01885	0.00768	0.00244	0.00349	0.01710	0.00558	0.00489
60	0.01518	0.06170	0.52203	0.01605	0.02354	0.06977	0.01875	0.16343	0.01615	0.02234	0.01132	0.01278	0.00816	0.00603	0.00567	0.00183	0.00846	0.00455	0.00329	0.00897
61	0.01121	0.01014	0.01521	0.23502	0.02100	0.01257	0.04711	0.01307	0.01013	0.01404	0.01263	0.02292	0.01266	0.26896	0.01872	0.00349	0.25585	0.00655	0.00300	0.00571
62	0.02251	0.02742	0.01715	0.01532	0.01860	0.68549	0.01160	0.09886	0.01824	0.01718	0.00984	0.01123	0.00801	0.00631	0.00549	0.00158	0.01040	0.00404	0.00341	0.00732
63	0.01465	0.02759	0.60741	0.01617	0.02422	0.01397	0.01979	0.09541	0.01479	0.09208	0.01243	0.01364	0.00860	0.00604	0.00578	0.00189	0.00829	0.00470	0.00338	0.00916
64	0.00747	0.00529	0.00694	0.00820	0.00852	0.00498	0.00540	0.00841	0.01125	0.01500	0.03179	0.71274	0.03806	0.09312	0.00989	0.00277	0.00372	0.01630	0.00540	0.00477
65	0.00752	0.00549	0.00710	0.00814	0.00882	0.00507	0.00563	0.00889	0.01246	0.01654	0.11750	0.59814	0.11657	0.01764	0.00757	0.00235	0.00344	0.04039	0.00570	0.00502
66	0.00851	0.00615	0.00804	0.00757	0.00899	0.00568	0.00568	0.01135	0.01703	0.02412	0.74788	0.04494	0.05676	0.01230	0.00710	0.00189	0.00284	0.01088	0.00662	0.00568
67	0.01526	0.02116	0.26504	0.02037	0.02711	0.01551	0.35571	0.16322	0.01657	0.02297	0.01219	0.01473	0.00886	0.00571	0.00643	0.00194	0.00903	0.00590	0.00348	0.00879
68	0.01626	0.01805	0.01914	0.12659	0.16908	0.25773	0.01424	0.01849	0.01305	0.01573	0.00943	0.01317	0.00820	0.00745	0.01040	0.00202	0.26594	0.00485	0.00286	0.00732
69	0.00806	0.00639	0.00742	0.00791	0.00970	0.00575	0.00643	0.01006	0.01382	0.01703	0.06347	0.06122	0.47992	0.01568	0.00754	0.00229	0.00394	0.26255	0.00559	0.00525
70	0.01463	0.01403	0.02396	0.09037	0.69961	0.01423	0.01833	0.01824	0.01358	0.01934	0.01127	0.01497	0.00942	0.00541	0.00596	0.00180	0.00721	0.00536	0.00296	0.00932
71	0.01207	0.03112	0.75741	0.01715	0.02604	0.01397	0.02223	0.01905	0.01270	0.01905	0.01080	0.01270	0.00762	0.00572	0.00572	0.00191	0.00889	0.00445	0.00254	0.00889
72	0.01336	0.01794	0.26338	0.25938	0.02703	0.01333	0.01579	0.09394	0.08969	0.04753	0.01788	0.01962	0.08091	0.00721	0.00603	0.00195	0.00724	0.00594	0.00380	0.00807
73	0.02320	0.01245	0.01424	0.01119	0.01538	0.03912	0.00914	0.26066	0.02024	0.38462	0.01953	0.01840	0.01315	0.00726	0.00575	0.00177	0.00550	0.00570	0.12325	0.00945
74	0.01121	0.00561	0.00561	0.00561	0.00701	0.00561	0.00421	0.01402	0.01262	0.02243	0.01962	0.02243	0.01542	0.00701	0.00421	0.00140	0.00280	0.00561	0.82198	0.00561
75	0.00862	0.00636	0.00923	0.00923	0.01015	0.00728	0.00697	0.01046	0.00954	0.01364	0.01651	0.02585	0.01600	0.14964	0.66153	0.00913	0.01467	0.00677	0.00328	0.00513
76	0.00832	0.00614	0.00777	0.00736	0.00887	0.00559	0.00552	0.01097	0.01656	0.02301	0.65102	0.04676	0.15432	0.01271	0.00710	0.00191	0.00287	0.01114	0.00648	0.00559
77	0.02287	0.01685	0.01805	0.01384	0.01866	0.01866	0.01143	0.73100	0.02828	0.03791	0.01444	0.01444	0.01023	0.00722	0.00602	0.00181	0.00662	0.00542	0.00602	0.01023
78	0.01161	0.00911	0.01349	0.14951	0.09561	0.00937	0.03657	0.01540	0.08263	0.06765	0.02219	0.32196	0.02267	0.01292	0.04016	0.00241	0.00580	0.01019	0.00462	0.06614
79	0.01725	0.57688	0.02755	0.01177	0.01614	0.18157	0.01077	0.01906	0.01305	0.01430	0.00853	0.01014	0.00774	0.00573	0.00526	0.00143	0.05915	0.00349	0.00269	0.00748
80	0.00858	0.00605	0.00753	0.00753	0.00802	0.00632	0.00496	0.00938	0.00941	0.01274	0.02108	0.03563	0.07236	0.49248	0.26593	0.00680	0.00895	0.00829	0.00365	0.00431
81	0.01452	0.38515	0.19809	0.01213	0.01722	0.10995	0.01248	0.01757	0.01321	0.01614	0.05679	0.07393	0.03580	0.00721	0.00508	0.00161	0.00702	0.00541	0.00320	0.00748
82	0.01249	0.01191	0.07120	0.07373	0.25557	0.01054	0.08369	0.01553	0.01308	0.06717	0.02013	0.27297	0.02054	0.01042	0.00672	0.00209	0.00622	0.03429	0.00419	0.00751
83	0.01417	0.37000	0.33071	0.01523	0.02205	0.01855	0.11627	0.01862	0.01270	0.01689	0.00990	0.01183	0.00788	0.00537	0.00508	0.00165	0.00797	0.00427	0.00263	0.00826
84	0.00775	0.00547	0.00697	0.00812	0.00879	0.00510	0.00566	0.00909	0.01199	0.01614	0.03503	0.60354	0.11270	0.01745	0.00741	0.00235	0.00353	0.06313	0.06477	0.00500
85	0.01363	0.01919	0.27968	0.15499	0.14976	0.01378	0.05929	0.11905	0.01495	0.02085	0.01363	0.08862	0.01158	0.00715	0.00612	0.00195	0.00767	0.00628	0.00346	0.00836
86	0.01801	0.01463	0.01816	0.21780	0.08990	0.16066	0.08163	0.02115	0.02657	0.20978	0.01588	0.07192	0.01248	0.00724	0.00613	0.00189	0.00757	0.00629	0.00434	0.00798
87	0.01968	0.01773	0.25401	0.01294	0.01854	0.01196	0.01312	0.14917	0.01692	0.31786	0.01744	0.01871	0.01239	0.08222	0.00831	0.00225	0.00667	0.00568	0.00524	0.00917
88	0.01571	0.01359	0.02091	0.16920	0.36140	0.01403	0.04176	0.13835	0.01586	0.04785	0.01213	0.01502	0.00947	0.00577	0.00586	0.00175	0.00698	0.00527	0.00366	0.09544
89	0.10129	0.01343	0.01944	0.21257	0.21190	0.04023	0.08854	0.11273	0.02669	0.03526	0.01550	0.01807	0.06519	0.00663	0.00594	0.00189	0.00709	0.00586	0.00373	0.00802

[dist]
# distance from previous block
# <min> <max>
54	446

[block]
# block no. 6 follows, 38 sequences, length 22
# corresponding to MSA columns:
# 1471-1492
name=unknown_G
#
# <colnr> <probs for GDERKNQSTAVLIFYWHMCP>
#	G	D	E	R	K	N	Q	S	T	A	V	L	I	F	Y	W	H	M	C	P
0	0.01513	0.08507	0.16030	0.03864	0.24764	0.11096	0.07928	0.02045	0.09103	0.01890	0.01213	0.01429	0.00962	0.00574	0.00568	0.00172	0.00773	0.00500	0.00325	0.06746
1	0.01722	0.15216	0.15543	0.06369	0.02032	0.24340	0.01324	0.07406	0.16589	0.01930	0.01303	0.01399	0.01012	0.00640	0.00544	0.00172	0.00799	0.00468	0.00372	0.00820
2	0.01462	0.28567	0.03024	0.11870	0.02588	0.03731	0.32075	0.01813	0.01298	0.01655	0.01031	0.01358	0.00838	0.00560	0.00658	0.00179	0.05713	0.00532	0.00281	0.00766
3	0.00962	0.00766	0.00923	0.06536	0.01211	0.00790	0.00681	0.03652	0.08150	0.01929	0.21758	0.04019	0.25986	0.09052	0.05596	0.00283	0.03009	0.00965	0.03146	0.00588
4	0.00891	0.00638	0.00730	0.00692	0.00890	0.00554	0.00524	0.01095	0.01512	0.06742	0.30170	0.05086	0.45564	0.01369	0.00704	0.00197	0.00311	0.01162	0.00607	0.00563
5	0.06879	0.06692	0.06379	0.17016	0.12773	0.31896	0.01373	0.02094	0.06192	0.01725	0.01084	0.01320	0.00867	0.00604	0.00548	0.00173	0.00857	0.00453	0.00317	0.00758
6	0.00733	0.00524	0.00698	0.00838	0.00873	0.00489	0.00558	0.00838	0.01152	0.01536	0.03316	0.78466	0.03979	0.01885	0.00768	0.00244	0.00349	0.01710	0.00558	0.00489
7	0.06620	0.00972	0.01058	0.00971	0.01193	0.01092	0.00733	0.07048	0.28414	0.02134	0.01960	0.02445	0.01672	0.16202	0.14247	0.00398	0.00682	0.00663	0.10791	0.00705
8	0.01977	0.01951	0.01524	0.01338	0.01678	0.34156	0.01032	0.09964	0.23488	0.09052	0.06410	0.01783	0.01507	0.00741	0.00586	0.00178	0.00752	0.00557	0.00495	0.00830
9	0.01207	0.03112	0.75741	0.01715	0.02604	0.01397	0.02223	0.01905	0.01270	0.01905	0.01080	0.01270	0.00762	0.00572	0.00572	0.00191	0.00889	0.00445	0.00254	0.00889
10	0.01135	0.01031	0.01711	0.71659	0.03886	0.01278	0.01577	0.01527	0.01207	0.01590	0.01136	0.01652	0.00857	0.00609	0.00588	0.00196	0.00763	0.00537	0.06401	0.00660
11	0.00769	0.00600	0.00626	0.00626	0.00757	0.00535	0.00424	0.00867	0.01194	0.01461	0.04595	0.05128	0.48914	0.29135	0.01550	0.00339	0.00404	0.01129	0.00489	0.00457
12	0.28265	0.01354	0.01494	0.01197	0.01628	0.01472	0.05617	0.24449	0.12386	0.14123	0.01523	0.01515	0.01086	0.00672	0.00537	0.00188	0.00571	0.00513	0.00532	0.00879
13	0.00762	0.00611	0.00681	0.00663	0.00844	0.00530	0.00498	0.00963	0.01493	0.01914	0.31260	0.05315	0.49516	0.01416	0.00710	0.00198	0.00297	0.01203	0.00597	0.00530
