[name]
unknown

[dist]
# distance from previous block
# <min> <max>
0	0

[block]
# block no. 0 follows, 44 sequences, length 34
# corresponding to MSA columns:
# 0-33
name=unknown_A
#
# <colnr> <probs for GDERKNQSTAVLIFYWHMCP>
#	G	D	E	R	K	N	Q	S	T	A	V	L	I	F	Y	W	H	M	C	P
0	0.00879	0.00628	0.00879	0.01004	0.01130	0.00628	0.00879	0.01130	0.01255	0.01632	0.02887	0.06150	0.03138	0.01506	0.00753	0.00251	0.00502	0.73770	0.00502	0.00502
1	0.01189	0.01125	0.01908	0.34652	0.43253	0.01230	0.01558	0.01523	0.01161	0.01595	0.01024	0.01432	0.00832	0.00689	0.04414	0.00205	0.00721	0.00490	0.00260	0.00738
2	0.01095	0.00969	0.01310	0.28864	0.02170	0.00899	0.00955	0.01380	0.01116	0.01640	0.00969	0.01246	0.00779	0.00454	0.00454	0.00117	0.00519	0.00381	0.00294	0.54390
3	0.00902	0.00791	0.01171	0.01618	0.28091	0.00752	0.00894	0.01092	0.01175	0.01555	0.03068	0.29313	0.25101	0.01172	0.00624	0.00189	0.00422	0.01049	0.00422	0.00598
4	0.00749	0.00556	0.00729	0.00726	0.00828	0.00562	0.00533	0.00919	0.01122	0.01538	0.23471	0.09078	0.14663	0.12797	0.28741	0.00475	0.00729	0.00884	0.00433	0.00466
5	0.00671	0.00480	0.00641	0.00767	0.00802	0.00449	0.00519	0.00772	0.01051	0.01400	0.03001	0.77965	0.03590	0.01701	0.00698	0.00222	0.00323	0.03997	0.00506	0.00445
6	0.01160	0.00976	0.01608	0.16579	0.01989	0.01047	0.19143	0.07034	0.01268	0.01840	0.01490	0.02211	0.01273	0.00714	0.00639	0.00179	0.06246	0.10216	0.23768	0.00620
7	0.68646	0.01030	0.00892	0.00766	0.01120	0.01141	0.00632	0.01808	0.01051	0.17150	0.01031	0.01075	0.00739	0.00539	0.00379	0.00169	0.00430	0.00345	0.00403	0.00656
8	0.01193	0.01193	0.01670	0.01431	0.01431	0.01670	0.01193	0.01312	0.00835	0.01312	0.00716	0.01193	0.00716	0.00954	0.01789	0.00239	0.79843	0.00477	0.00239	0.00596
9	0.03598	0.05877	0.16567	0.08144	0.07324	0.23233	0.01298	0.11247	0.01441	0.07760	0.01038	0.01203	0.00792	0.00595	0.00618	0.00165	0.07613	0.00422	0.00327	0.00740
10	0.01030	0.00969	0.01635	0.79530	0.03755	0.01211	0.01514	0.01393	0.01090	0.01393	0.00969	0.01453	0.00727	0.00545	0.00545	0.00182	0.00727	0.00484	0.00242	0.00606
11	0.01130	0.00969	0.01130	0.00807	0.01292	0.00727	0.00646	0.01373	0.01130	0.01776	0.00969	0.01130	0.00807	0.00404	0.00404	0.00081	0.00404	0.00323	0.00323	0.84173
12	0.00660	0.00490	0.00617	0.00719	0.00780	0.00446	0.00488	0.00764	0.01083	0.01408	0.03496	0.65806	0.17967	0.01644	0.00686	0.00214	0.00308	0.01472	0.00506	0.00446
13	0.01425	0.01205	0.01271	0.01123	0.01444	0.01388	0.00880	0.09880	0.69360	0.02392	0.02132	0.01964	0.01593	0.00731	0.00554	0.00183	0.00448	0.00604	0.00554	0.00869
14	0.01023	0.00750	0.00976	0.00891	0.00925	0.00920	0.00677	0.01090	0.00886	0.01388	0.01237	0.01965	0.01187	0.16625	0.01668	0.15511	0.28712	0.00546	0.22568	0.00456
15	0.00772	0.00557	0.00729	0.00686	0.00814	0.00514	0.00514	0.01029	0.01543	0.02186	0.77152	0.04072	0.05144	0.01115	0.00643	0.00171	0.00257	0.00986	0.00600	0.00514
16	0.01593	0.01728	0.01704	0.01870	0.21866	0.28889	0.04843	0.02257	0.25966	0.01784	0.01355	0.01449	0.01066	0.00595	0.00533	0.00163	0.00710	0.00488	0.00367	0.00774
17	0.01090	0.00896	0.00999	0.00931	0.01133	0.01010	0.00699	0.01988	0.42595	0.01803	0.02216	0.02563	0.07053	0.15995	0.16206	0.00382	0.00639	0.00680	0.00459	0.00664
18	0.02040	0.02495	0.01554	0.01390	0.01686	0.71262	0.01052	0.09229	0.01643	0.01536	0.00887	0.01014	0.00724	0.00571	0.00497	0.00143	0.00946	0.00365	0.00306	0.00660
19	0.00954	0.00783	0.01210	0.26020	0.11842	0.00887	0.00984	0.01186	0.00996	0.01392	0.01322	0.02089	0.01219	0.17201	0.22834	0.00437	0.00847	0.00574	0.06677	0.00545
20	0.01397	0.65675	0.09135	0.01041	0.01485	0.02028	0.01054	0.01605	0.01081	0.01324	0.00772	0.00933	0.00701	0.00525	0.00523	0.00135	0.09335	0.00321	0.00234	0.00697
21	0.84691	0.01054	0.00801	0.00717	0.01054	0.01223	0.00590	0.01603	0.00928	0.02446	0.00759	0.00886	0.00590	0.00506	0.00337	0.00169	0.00422	0.00295	0.00337	0.00590
22	0.01458	0.81168	0.02857	0.00933	0.01399	0.02157	0.00933	0.01632	0.01108	0.01283	0.00758	0.00875	0.00700	0.00466	0.00350	0.00117	0.00583	0.00292	0.00233	0.00700
23	0.00664	0.00474	0.00633	0.00759	0.00791	0.00443	0.00506	0.00759	0.01044	0.01392	0.03005	0.80485	0.03606	0.01708	0.00696	0.00221	0.00316	0.01550	0.00506	0.00443
24	0.00672	0.00494	0.00630	0.00722	0.00785	0.00452	0.00494	0.00789	0.01122	0.01482	0.10717	0.61962	0.14474	0.01602	0.00683	0.00211	0.00305	0.01436	0.00515	0.00452
25	0.00784	0.00525	0.00597	0.00606	0.00609	0.00522	0.00343	0.00790	0.00811	0.01081	0.01810	0.09055	0.02098	0.75195	0.02627	0.00507	0.00513	0.00847	0.00343	0.00338
26	0.01496	0.01241	0.01311	0.01138	0.01471	0.01421	0.00897	0.17085	0.62039	0.02506	0.02041	0.01893	0.01520	0.00723	0.00553	0.00181	0.00464	0.00592	0.00553	0.00875
27	0.01239	0.00774	0.00820	0.00755	0.00968	0.00831	0.00583	0.01949	0.28013	0.07527	0.01962	0.02020	0.01489	0.00675	0.00455	0.00151	0.00332	0.00550	0.48240	0.00665
28	0.78824	0.01045	0.00834	0.00735	0.01078	0.01193	0.00605	0.01678	0.00973	0.07823	0.00858	0.00955	0.00645	0.00518	0.00352	0.00169	0.00425	0.00313	0.00361	0.00614
29	0.01235	0.01179	0.02007	0.30498	0.51179	0.01265	0.01616	0.01573	0.01187	0.01643	0.01005	0.01386	0.00815	0.00507	0.00542	0.00169	0.00676	0.00485	0.00260	0.00772
30	0.01411	0.76426	0.02726	0.00923	0.01363	0.02056	0.00908	0.01581	0.01104	0.01289	0.00890	0.05554	0.00870	0.00539	0.00370	0.00123	0.00567	0.00365	0.00249	0.00685
31	0.25865	0.01056	0.01390	0.01606	0.23912	0.01060	0.01004	0.01969	0.01264	0.28864	0.01456	0.01676	0.01090	0.00618	0.00497	0.00172	0.00509	0.04760	0.00446	0.00786
32	0.01394	0.01220	0.01729	0.12187	0.24412	0.06669	0.08306	0.11924	0.01483	0.06425	0.10082	0.01963	0.06560	0.00667	0.00563	0.00168	0.00612	0.00598	0.02300	0.00738
33	0.00733	0.00519	0.00648	0.00696	0.00751	0.00492	0.00468	0.00841	0.01089	0.01464	0.17229	0.34580	0.07726	0.25114	0.01304	0.00302	0.00375	0.04770	0.00472	0.00427

[dist]
# distance from previous block
# <min> <max>
0	3

[block]
# block no. 1 follows, 44 sequences, length 17
# corresponding to MSA columns:
# 37-41,45-56
name=unknown_B
#
# <colnr> <probs for GDERKNQSTAVLIFYWHMCP>
#	G	D	E	R	K	N	Q	S	T	A	V	L	I	F	Y	W	H	M	C	P
0	0.01612	0.00860	0.01080	0.05821	0.01359	0.00828	0.00760	0.04223	0.12165	0.35015	0.02930	0.06448	0.19466	0.00927	0.00587	0.00181	0.00430	0.03988	0.00571	0.00747
1	0.00738	0.00495	0.00631	0.00707	0.00771	0.00466	0.00488	0.00887	0.01150	0.01635	0.16231	0.54447	0.03540	0.01434	0.00637	0.00198	0.00296	0.01286	0.13497	0.00466
2	0.01171	0.00780	0.01213	0.01022	0.01169	0.00792	0.11290	0.12517	0.01081	0.01449	0.01026	0.01576	0.00927	0.01496	0.01671	0.59056	0.00557	0.00500	0.00290	0.00416
3	0.01211	0.01077	0.01328	0.37090	0.02327	0.08678	0.01062	0.11914	0.01257	0.01582	0.01198	0.01918	0.01078	0.19854	0.03478	0.02814	0.00701	0.00548	0.00312	0.00574
4	0.01211	0.00918	0.01041	0.00959	0.01182	0.00990	0.00729	0.12396	0.29769	0.05031	0.13974	0.24729	0.02645	0.01061	0.00607	0.00190	0.00397	0.00921	0.00551	0.00700
5	0.01650	0.18669	0.13992	0.01104	0.01538	0.03435	0.01039	0.25239	0.01606	0.12453	0.01298	0.01579	0.01043	0.12065	0.00817	0.00207	0.00611	0.00481	0.00408	0.00766
6	0.01566	0.40387	0.02173	0.12334	0.01825	0.25268	0.01048	0.01849	0.06301	0.01381	0.00912	0.01068	0.00769	0.00525	0.00435	0.00138	0.00715	0.00359	0.00271	0.00677
7	0.72924	0.01036	0.00868	0.00753	0.01103	0.01163	0.00621	0.01753	0.01018	0.13230	0.00958	0.01024	0.00699	0.00530	0.00368	0.00169	0.00428	0.00331	0.00386	0.00639
8	0.01301	0.01771	0.20505	0.01870	0.16032	0.11784	0.15532	0.03129	0.07380	0.01698	0.01169	0.01443	0.00930	0.01038	0.11729	0.00270	0.00882	0.00502	0.00294	0.00741
9	0.01152	0.01148	0.02081	0.18098	0.02421	0.01165	0.32807	0.01701	0.12030	0.01818	0.13062	0.01931	0.01596	0.00616	0.00595	0.00175	0.00673	0.00639	0.00362	0.05927
10	0.00932	0.00599	0.00681	0.00653	0.00849	0.00513	0.00492	0.01080	0.01273	0.13368	0.07194	0.15846	0.51896	0.01310	0.00637	0.00187	0.00311	0.01110	0.00536	0.00532
11	0.59921	0.01022	0.00993	0.12033	0.01493	0.01156	0.00755	0.01737	0.01049	0.14026	0.01006	0.01118	0.00728	0.00538	0.00400	0.00171	0.00472	0.00362	0.00376	0.00645
12	0.01018	0.00891	0.01324	0.09308	0.14931	0.00933	0.06060	0.01521	0.17061	0.01723	0.06805	0.31719	0.02326	0.01047	0.00616	0.00193	0.00478	0.00959	0.00438	0.00647
13	0.00779	0.00584	0.00876	0.00876	0.00974	0.00681	0.00681	0.00974	0.00876	0.01266	0.01460	0.02142	0.01363	0.04089	0.78680	0.00876	0.01460	0.00584	0.00292	0.00487
14	0.01433	0.24323	0.37943	0.01345	0.01924	0.21134	0.01473	0.01815	0.01239	0.01505	0.00883	0.01032	0.00696	0.00515	0.00465	0.00149	0.00789	0.00359	0.00244	0.00732
15	0.01253	0.00637	0.00706	0.00646	0.00836	0.00631	0.00499	0.01617	0.08039	0.13860	0.07008	0.02144	0.01669	0.00683	0.00441	0.00142	0.00303	0.00557	0.57724	0.00606
16	0.48100	0.01260	0.01270	0.01020	0.01408	0.01410	0.05458	0.29705	0.01571	0.02778	0.00989	0.01083	0.00733	0.00559	0.00436	0.00168	0.00521	0.00391	0.00412	0.00727

[dist]
# distance from previous block
# <min> <max>
0	1

[block]
# block no. 2 follows, 44 sequences, length 69
# corresponding to MSA columns:
# 58-68,87-144
name=unknown_C
#
# <colnr> <probs for GDERKNQSTAVLIFYWHMCP>
#	G	D	E	R	K	N	Q	S	T	A	V	L	I	F	Y	W	H	M	C	P
0	0.64821	0.01024	0.00913	0.00778	0.01136	0.01121	0.00641	0.01857	0.01081	0.20655	0.01095	0.01120	0.00774	0.00547	0.00388	0.00169	0.00432	0.00356	0.00419	0.00672
1	0.02027	0.00835	0.01131	0.00899	0.01247	0.00729	0.00729	0.02249	0.01556	0.58875	0.20935	0.02411	0.02300	0.00785	0.00572	0.00169	0.00412	0.00658	0.00656	0.00824
2	0.00750	0.00556	0.00699	0.00663	0.00801	0.00505	0.00498	0.00987	0.01493	0.02066	0.65077	0.04270	0.17294	0.01159	0.00643	0.00174	0.00260	0.01014	0.00584	0.00505
3	0.00891	0.00510	0.00765	0.00765	0.00797	0.00542	0.00542	0.00797	0.00765	0.01052	0.01117	0.01818	0.01085	0.02621	0.27480	0.56566	0.00800	0.00510	0.00255	0.00320
4	0.14753	0.01988	0.01361	0.01197	0.01511	0.48527	0.00922	0.06085	0.01494	0.13031	0.01080	0.01149	0.00816	0.00577	0.00476	0.00150	0.00776	0.00384	0.03040	0.00682
5	0.01366	0.00846	0.00882	0.00755	0.00985	0.00900	0.00598	0.25892	0.01614	0.02497	0.01623	0.01793	0.01242	0.00642	0.00435	0.00139	0.00369	0.00502	0.56275	0.00647
6	0.01458	0.81168	0.02857	0.00933	0.01399	0.02157	0.00933	0.01632	0.01108	0.01283	0.00758	0.00875	0.00700	0.00466	0.00350	0.00117	0.00583	0.00292	0.00233	0.00700
7	0.00858	0.00614	0.00739	0.00663	0.00853	0.00542	0.00504	0.01101	0.01384	0.02030	0.45953	0.03374	0.10442	0.00947	0.00562	0.00151	0.00282	0.00816	0.14451	0.13736
8	0.01469	0.01227	0.01297	0.01132	0.01461	0.01409	0.00890	0.14396	0.64771	0.02463	0.02075	0.01919	0.01548	0.00726	0.00553	0.00182	0.00458	0.00597	0.00553	0.00873
9	0.00753	0.00558	0.00757	0.00796	0.00846	0.00595	0.00564	0.00872	0.00974	0.01345	0.06862	0.36313	0.02638	0.15590	0.23213	0.00456	0.04953	0.01056	0.00407	0.00449
10	0.01511	0.73964	0.02737	0.00976	0.01425	0.09172	0.00944	0.01682	0.01148	0.01287	0.00766	0.00884	0.00700	0.00475	0.00363	0.00119	0.00620	0.00297	0.00238	0.00693
11	0.15104	0.01436	0.01486	0.01163	0.01578	0.01602	0.00958	0.60680	0.05595	0.03228	0.01262	0.01274	0.00907	0.00635	0.00513	0.00165	0.00564	0.00465	0.00513	0.00871
12	0.01323	0.01288	0.02105	0.14716	0.63948	0.03769	0.01629	0.01647	0.01228	0.01708	0.01011	0.01353	0.00838	0.00497	0.00539	0.00164	0.00670	0.00481	0.00266	0.00817
13	0.00969	0.00850	0.01288	0.43959	0.04370	0.00993	0.01126	0.01352	0.07713	0.01468	0.01780	0.09233	0.06706	0.07802	0.03365	0.00242	0.00624	0.05247	0.00338	0.00576
14	0.00670	0.00507	0.00619	0.00688	0.00777	0.00456	0.00479	0.00796	0.01160	0.01505	0.12024	0.49016	0.26247	0.01542	0.00674	0.00204	0.00297	0.01365	0.00517	0.00456
15	0.00788	0.00568	0.00665	0.00641	0.00805	0.00498	0.00481	0.00976	0.01369	0.05594	0.34572	0.09324	0.39222	0.01257	0.00642	0.00180	0.00280	0.01078	0.00553	0.00505
16	0.01328	0.00641	0.00790	0.00728	0.00931	0.00603	0.00585	0.01571	0.01321	0.21379	0.12031	0.02908	0.02156	0.00846	0.00517	0.00163	0.00347	0.12165	0.38374	0.00615
17	0.02263	0.01221	0.01447	0.01109	0.01538	0.01236	0.00916	0.38356	0.02051	0.41425	0.01739	0.01588	0.01143	0.00665	0.00547	0.00166	0.00530	0.00520	0.00611	0.00927
18	0.01954	0.01458	0.01559	0.01220	0.01632	0.01622	0.01000	0.64223	0.12617	0.03250	0.01442	0.01422	0.01037	0.00666	0.00543	0.00166	0.00570	0.00508	0.02201	0.00910
19	0.30719	0.00971	0.01106	0.00883	0.01276	0.00946	0.00729	0.02294	0.01343	0.51908	0.01672	0.01522	0.01089	0.00617	0.00476	0.00169	0.00449	0.00461	0.00559	0.00812
20	0.01785	0.54596	0.02330	0.00945	0.01397	0.01708	0.00889	0.01972	0.01258	0.26627	0.01219	0.01199	0.00915	0.00535	0.00416	0.00134	0.00544	0.00377	0.00379	0.00775
21	0.01828	0.01737	0.01954	0.01536	0.01933	0.26912	0.21867	0.17285	0.01663	0.12324	0.01287	0.04846	0.01002	0.00619	0.00562	0.00165	0.00785	0.00542	0.00398	0.00754
22	0.01280	0.01225	0.02088	0.19835	0.61492	0.01277	0.01639	0.01612	0.01209	0.01697	0.01013	0.01372	0.00834	0.00499	0.00541	0.00166	0.00665	0.00485	0.00264	0.00808
23	0.00761	0.00548	0.00625	0.00606	0.00756	0.00492	0.00454	0.00971	0.01363	0.01885	0.37397	0.04206	0.32562	0.01142	0.00602	0.00169	0.00264	0.00974	0.13729	0.00492
24	0.00764	0.00560	0.00781	0.03331	0.00971	0.00581	0.00624	0.00935	0.01079	0.01481	0.14075	0.26716	0.02886	0.08680	0.24570	0.00440	0.00708	0.09915	0.00433	0.00471
25	0.00897	0.00698	0.00768	0.00719	0.00913	0.00664	0.00548	0.12659	0.01476	0.01893	0.16353	0.14065	0.42636	0.01266	0.00637	0.00185	0.00333	0.02220	0.00528	0.00541
26	0.00791	0.00532	0.00618	0.00635	0.00646	0.00531	0.00382	0.00816	0.00843	0.01120	0.01885	0.08566	0.02169	0.70028	0.02495	0.00489	0.00513	0.06236	0.00354	0.00350
27	0.01448	0.76878	0.02876	0.01006	0.01477	0.02115	0.04944	0.01639	0.01117	0.01308	0.00777	0.00907	0.00706	0.00466	0.00366	0.00120	0.00601	0.00310	0.00235	0.00702
28	0.00996	0.00688	0.00829	0.00765	0.00954	0.00668	0.00582	0.01435	0.13913	0.08982	0.42511	0.07829	0.15531	0.01086	0.00623	0.00178	0.00311	0.00941	0.00580	0.00598
29	0.00912	0.01176	0.20096	0.01036	0.01330	0.00816	0.04949	0.01240	0.02886	0.01519	0.01678	0.10004	0.03713	0.09456	0.26628	0.00440	0.00864	0.00669	0.10016	0.00571
30	0.01401	0.01243	0.01395	0.12762	0.06562	0.05499	0.01027	0.10457	0.46136	0.02166	0.01812	0.04291	0.01406	0.00707	0.00552	0.00179	0.00533	0.00591	0.00474	0.00806
31	0.77451	0.01043	0.00842	0.00739	0.01084	0.01186	0.00609	0.01695	0.00983	0.09082	0.00882	0.00971	0.00657	0.00521	0.00356	0.00169	0.00425	0.00317	0.00367	0.00620
32	0.01397	0.08417	0.46245	0.05578	0.02116	0.03615	0.01586	0.07079	0.05969	0.11133	0.01200	0.01293	0.00851	0.00559	0.00513	0.00167	0.00710	0.00434	0.00329	0.00808
33	0.01000	0.00786	0.00883	0.00855	0.01061	0.00806	0.00647	0.01638	0.27618	0.03872	0.03097	0.23371	0.18546	0.01155	0.00610	0.00191	0.00367	0.05527	0.02698	0.05270
34	0.00658	0.00499	0.00608	0.00695	0.00774	0.00448	0.00478	0.00766	0.01106	0.01417	0.03786	0.57128	0.26458	0.01606	0.00680	0.00210	0.00304	0.01426	0.00506	0.00448
35	0.01633	0.01082	0.01495	0.01578	0.17810	0.01156	0.01049	0.09630	0.08780	0.23927	0.01692	0.11333	0.01405	0.00813	0.00772	0.00186	0.13751	0.00648	0.00468	0.00792
36	0.01168	0.14543	0.25814	0.01086	0.01540	0.01213	0.01136	0.10236	0.06689	0.01979	0.19512	0.02265	0.09087	0.00764	0.00538	0.00164	0.00539	0.00619	0.00404	0.00705
37	0.00682	0.00558	0.00629	0.00644	0.00802	0.00505	0.00491	0.00834	0.01175	0.01446	0.04578	0.08742	0.56588	0.01834	0.12993	0.00300	0.00480	0.05781	0.00472	0.00466
38	0.01185	0.07964	0.21229	0.05242	0.14046	0.01217	0.17909	0.01578	0.01179	0.01679	0.01112	0.05882	0.00943	0.00545	0.00527	0.00155	0.00682	0.00517	0.00281	0.16127
39	0.01143	0.13202	0.55589	0.01390	0.02054	0.01338	0.01686	0.01743	0.06431	0.01696	0.01203	0.01615	0.00975	0.00613	0.00518	0.00173	0.00722	0.06862	0.00277	0.00769
40	0.07626	0.02084	0.27869	0.01376	0.01911	0.14353	0.04645	0.25609	0.01682	0.06135	0.01111	0.01205	0.00801	0.00574	0.00517	0.00164	0.00729	0.00433	0.00372	0.00803
41	0.84691	0.01054	0.00801	0.00717	0.01054	0.01223	0.00590	0.01603	0.00928	0.02446	0.00759	0.00886	0.00590	0.00506	0.00337	0.00169	0.00422	0.00295	0.00337	0.00590
42	0.01482	0.01025	0.01203	0.00914	0.01355	0.00897	0.00734	0.06212	0.13209	0.17027	0.01421	0.01428	0.01057	0.00525	0.00465	0.00119	0.00432	0.00424	0.00442	0.49629
43	0.01009	0.00596	0.00660	0.00619	0.00769	0.00593	0.00471	0.06401	0.01375	0.02182	0.26706	0.02657	0.02605	0.00795	0.00479	0.00144	0.00279	0.00665	0.50454	0.00540
44	0.01193	0.01136	0.01930	0.40621	0.41388	0.01254	0.01595	0.01536	0.01167	0.01591	0.00998	0.01400	0.00797	0.00515	0.00542	0.00172	0.00686	0.00485	0.00256	0.00737
45	0.00789	0.00545	0.00676	0.00676	0.00704	0.00573	0.00432	0.00845	0.00817	0.01118	0.01643	0.03154	0.01803	0.58588	0.24782	0.00629	0.00799	0.00732	0.00319	0.00376
46	0.00772	0.00557	0.00729	0.00686	0.00814	0.00514	0.00514	0.01029	0.01543	0.02186	0.77152	0.04072	0.05144	0.01115	0.00643	0.00171	0.00257	0.00986	0.00600	0.00514
47	0.01093	0.02820	0.78016	0.01554	0.02360	0.01266	0.02014	0.01727	0.01151	0.01727	0.00978	0.01151	0.00691	0.00518	0.00518	0.00173	0.00806	0.00403	0.00230	0.00806
48	0.00872	0.00500	0.00654	0.00654	0.00654	0.00500	0.00403	0.00751	0.00751	0.01001	0.01324	0.02592	0.01453	0.40520	0.02446	0.43231	0.00500	0.00630	0.00283	0.00283
49	0.01954	0.02435	0.01535	0.01469	0.05716	0.71008	0.01057	0.02109	0.01511	0.01389	0.00894	0.01050	0.00742	0.00561	0.00489	0.00141	0.00933	0.00365	0.04002	0.00639
50	0.01160	0.01115	0.01896	0.45838	0.27077	0.01270	0.05516	0.01535	0.03002	0.01554	0.01015	0.01425	0.00799	0.00543	0.00601	0.00178	0.04020	0.00496	0.00260	0.00701
51	0.01559	0.14561	0.01838	0.04359	0.17546	0.31291	0.01150	0.01750	0.01268	0.01447	0.00985	0.04663	0.00892	0.00634	0.00652	0.00158	0.10859	0.00450	0.03265	0.00673
52	0.01075	0.00908	0.01090	0.00818	0.01242	0.00720	0.00652	0.01310	0.01090	0.01696	0.01047	0.01290	0.00895	0.00986	0.12780	0.00207	0.00571	0.00364	0.00318	0.70941
53	0.04232	0.20535	0.01603	0.03611	0.04538	0.03474	0.05469	0.06268	0.04585	0.06087	0.01846	0.30641	0.01919	0.00985	0.00554	0.00177	0.00505	0.01924	0.00408	0.00637
54	0.06388	0.15302	0.13414	0.01601	0.13667	0.23654	0.04525	0.01782	0.01260	0.04081	0.01057	0.06013	0.00926	0.00608	0.00538	0.00158	0.03564	0.00465	0.00292	0.00705
55	0.01287	0.01471	0.03217	0.02298	0.02849	0.01379	0.75460	0.01746	0.01287	0.01746	0.01103	0.01471	0.00827	0.00460	0.00643	0.00184	0.00919	0.00643	0.00276	0.00735
56	0.01881	0.24391	0.01927	0.01248	0.01606	0.44661	0.01017	0.14051	0.01589	0.01664	0.00895	0.01006	0.00738	0.00550	0.00461	0.00138	0.00809	0.00357	0.00311	0.00699
57	0.01273	0.01210	0.02055	0.16642	0.61288	0.01253	0.01612	0.01601	0.01215	0.01707	0.01094	0.01569	0.00935	0.00539	0.00550	0.00169	0.00655	0.03556	0.00275	0.00803
58	0.00752	0.00535	0.00594	0.00593	0.00648	0.00509	0.00366	0.00805	0.00958	0.01239	0.07564	0.05448	0.20865	0.54516	0.02070	0.00414	0.00444	0.00908	0.00395	0.00377
59	0.00818	0.00572	0.00718	0.00672	0.00824	0.00516	0.00507	0.01050	0.01487	0.05220	0.60429	0.04202	0.18649	0.01147	0.00639	0.00174	0.00269	0.00999	0.00585	0.00521
60	0.00907	0.00587	0.00780	0.00756	0.00897	0.00544	0.00582	0.01143	0.01456	0.08064	0.54177	0.12155	0.04431	0.01190	0.00655	0.00186	0.00310	0.10057	0.00584	0.00538
61	0.01788	0.00781	0.01010	0.00823	0.01143	0.00679	0.00663	0.01993	0.01471	0.48457	0.12509	0.02825	0.16883	0.00869	0.00570	0.00170	0.00388	0.00722	0.05498	0.00757
62	0.01137	0.01098	0.01377	0.01205	0.01287	0.04582	0.00980	0.01443	0.09692	0.01575	0.13363	0.02059	0.07624	0.00972	0.01320	0.00213	0.48491	0.00622	0.00355	0.00605
63	0.01458	0.81168	0.02857	0.00933	0.01399	0.02157	0.00933	0.01632	0.01108	0.01283	0.00758	0.00875	0.00700	0.00466	0.00350	0.00117	0.00583	0.00292	0.00233	0.00700
64	0.01426	0.28701	0.02266	0.27209	0.02428	0.04984	0.12904	0.03630	0.01231	0.08820	0.01035	0.01271	0.00797	0.00521	0.00491	0.00156	0.00691	0.00444	0.00296	0.00699
65	0.00750	0.00511	0.00607	0.00649	0.00660	0.00500	0.00389	0.00782	0.00876	0.01168	0.02144	0.29039	0.02520	0.54635	0.02086	0.00427	0.00458	0.01044	0.00389	0.00368
66	0.37341	0.01046	0.01281	0.01613	0.26320	0.01131	0.00950	0.03934	0.01077	0.02010	0.01094	0.04896	0.00992	0.06503	0.07495	0.00256	0.00597	0.00481	0.00325	0.00658
67	0.01551	0.04229	0.22773	0.01194	0.01716	0.01134	0.04462	0.14494	0.03481	0.17930	0.07386	0.01583	0.01274	0.00605	0.00522	0.00155	0.00580	0.00495	0.00432	0.14005
68	0.01513	0.19106	0.22864	0.01365	0.01891	0.07236	0.10354	0.15588	0.05512	0.05320	0.01138	0.01298	0.00874	0.02929	0.00570	0.00169	0.00703	0.00450	0.00339	0.00778

[dist]
# distance from previous block
# <min> <max>
13	24

[block]
# block no. 3 follows, 44 sequences, length 6
# corresponding to MSA columns:
# 179-182,187,188
name=unknown_D
#
# <colnr> <probs for GDERKNQSTAVLIFYWHMCP>
#	G	D	E	R	K	N	Q	S	T	A	V	L	I	F	Y	W	H	M	C	P
0	0.01354	0.01360	0.05467	0.21246	0.06419	0.11832	0.04209	0.12139	0.10195	0.01878	0.01543	0.02367	0.01360	0.00772	0.00583	0.00186	0.00672	0.15342	0.00382	0.00694
1	0.00945	0.01442	0.25941	0.10248	0.05988	0.03763	0.01181	0.01289	0.01216	0.01637	0.11846	0.13922	0.16525	0.00938	0.00588	0.00181	0.00550	0.00801	0.00377	0.00622
2	0.27965	0.00790	0.00727	0.00725	0.00911	0.04445	0.00542	0.01140	0.01135	0.01850	0.12287	0.25645	0.17715	0.01120	0.00553	0.00186	0.00366	0.00932	0.00453	0.00513
3	0.00867	0.00490	0.00690	0.00700	0.00735	0.00474	0.00478	0.00761	0.00895	0.01194	0.10811	0.11802	0.07992	0.01735	0.01655	0.56939	0.00412	0.00721	0.00335	0.00314
4	0.01197	0.01019	0.01514	0.26990	0.21632	0.01104	0.01204	0.07490	0.07139	0.04505	0.09717	0.02206	0.10548	0.00719	0.00567	0.00174	0.00560	0.00631	0.00383	0.00702
5	0.01079	0.01173	0.02354	0.01732	0.02165	0.01081	0.51144	0.01434	0.01272	0.01658	0.02535	0.02694	0.25579	0.00758	0.00644	0.00184	0.00711	0.00808	0.00350	0.00646

[dist]
# distance from previous block
# <min> <max>
0	1

[block]
# block no. 4 follows, 44 sequences, length 28
# corresponding to MSA columns:
# 190-217
name=unknown_E
#
# <colnr> <probs for GDERKNQSTAVLIFYWHMCP>
#	G	D	E	R	K	N	Q	S	T	A	V	L	I	F	Y	W	H	M	C	P
0	0.33719	0.20952	0.21764	0.01064	0.01550	0.09780	0.01098	0.01704	0.01096	0.01857	0.00826	0.00964	0.00655	0.00506	0.00405	0.00154	0.00622	0.00329	0.00278	0.00678
1	0.00890	0.00771	0.01066	0.00990	0.01067	0.00956	0.00788	0.01044	0.00919	0.01306	0.01887	0.02395	0.13399	0.05701	0.38526	0.00547	0.26277	0.00649	0.00311	0.00511
2	0.01484	0.01877	0.27083	0.24661	0.02485	0.13672	0.01474	0.06300	0.01342	0.12812	0.01145	0.01327	0.00814	0.00564	0.00528	0.00169	0.00748	0.00445	0.00326	0.00743
3	0.09566	0.01643	0.01547	0.01228	0.01632	0.13039	0.00998	0.58033	0.02264	0.03035	0.01190	0.01222	0.00863	0.00627	0.00519	0.00161	0.00640	0.00452	0.00487	0.00853
4	0.01030	0.00969	0.01635	0.79530	0.03755	0.01211	0.01514	0.01393	0.01090	0.01393	0.00969	0.01453	0.00727	0.00545	0.00545	0.00182	0.00727	0.00484	0.00242	0.00606
5	0.01120	0.00563	0.00602	0.00568	0.00738	0.00534	0.00435	0.01351	0.01207	0.10626	0.02424	0.02530	0.13605	0.00760	0.00443	0.00141	0.00282	0.00616	0.60907	0.00549
6	0.00874	0.00805	0.00840	0.00782	0.00982	0.06500	0.03457	0.01195	0.09537	0.01672	0.16108	0.09758	0.43066	0.01194	0.00627	0.00182	0.00371	0.01015	0.00501	0.00536
7	0.01245	0.01390	0.02962	0.14738	0.02995	0.01352	0.63549	0.01689	0.01255	0.01689	0.01081	0.01468	0.00811	0.00473	0.00628	0.00183	0.00888	0.00618	0.00270	0.00714
8	0.01123	0.00601	0.00741	0.00672	0.00847	0.00559	0.00516	0.01372	0.01412	0.14317	0.39866	0.03033	0.03280	0.00883	0.00540	0.00156	0.00289	0.00756	0.28457	0.00579
9	0.01117	0.01089	0.01654	0.37730	0.02511	0.01457	0.01342	0.01350	0.00954	0.01350	0.00833	0.01314	0.00721	0.00764	0.01211	0.00212	0.43071	0.00481	0.00240	0.00601
10	0.00947	0.00473	0.00710	0.00710	0.00710	0.00473	0.00473	0.00710	0.00710	0.00947	0.00947	0.01657	0.00947	0.01894	0.02131	0.84138	0.00473	0.00473	0.00237	0.00237
11	0.56737	0.00872	0.00703	0.00647	0.00914	0.00984	0.00520	0.01492	0.01000	0.02308	0.01100	0.01269	0.00860	0.00549	0.00352	0.00155	0.00366	0.00366	0.28243	0.00563
12	0.00998	0.00758	0.00896	0.00752	0.01021	0.00631	0.00562	0.01158	0.01065	0.04046	0.01813	0.06915	0.06606	0.23135	0.01136	0.00239	0.00437	0.07532	0.00376	0.39924
13	0.00748	0.00516	0.00637	0.00680	0.00701	0.00516	0.00427	0.00801	0.00886	0.01191	0.02121	0.29136	0.02459	0.46187	0.10181	0.00463	0.00557	0.01024	0.00385	0.00385
14	0.01458	0.81168	0.02857	0.00933	0.01399	0.02157	0.00933	0.01632	0.01108	0.01283	0.00758	0.00875	0.00700	0.00466	0.00350	0.00117	0.00583	0.00292	0.00233	0.00700
15	0.01288	0.01403	0.07433	0.10377	0.49437	0.01303	0.17366	0.01665	0.01230	0.01732	0.01033	0.01372	0.00831	0.00488	0.00561	0.00169	0.00724	0.00514	0.00266	0.00807
16	0.01232	0.06446	0.07925	0.01075	0.01338	0.16034	0.00892	0.01801	0.22485	0.01657	0.02131	0.22617	0.07069	0.00978	0.00618	0.00183	0.03637	0.00804	0.00424	0.00653
17	0.00670	0.00553	0.00588	0.00579	0.00752	0.00471	0.00435	0.00832	0.01304	0.01617	0.20039	0.05009	0.62612	0.01327	0.00644	0.00182	0.00272	0.01117	0.00525	0.00471
18	0.00665	0.00527	0.00599	0.00636	0.00763	0.00461	0.00456	0.00802	0.01210	0.01526	0.12729	0.30250	0.44529	0.01460	0.00661	0.00195	0.00287	0.01265	0.00517	0.00461
19	0.01833	0.01408	0.01501	0.01206	0.01599	0.01579	0.00978	0.51303	0.27272	0.03050	0.01613	0.01551	0.01174	0.00683	0.00549	0.00171	0.00544	0.00533	0.00549	0.00906
20	0.24531	0.00891	0.00965	0.00803	0.01126	0.00899	0.00652	0.04696	0.04298	0.32903	0.01651	0.01621	0.01151	0.00621	0.00450	0.00159	0.00405	0.00470	0.20979	0.00730
21	0.01193	0.01193	0.01670	0.01431	0.01431	0.01670	0.01193	0.01312	0.00835	0.01312	0.00716	0.01193	0.00716	0.00954	0.01789	0.00239	0.79843	0.00477	0.00239	0.00596
22	0.01146	0.14137	0.67160	0.01464	0.02221	0.01395	0.01858	0.01713	0.01145	0.01662	0.00947	0.01111	0.00692	0.00511	0.00494	0.00165	0.00774	0.00387	0.00231	0.00790
23	0.01816	0.32525	0.02045	0.01225	0.01576	0.49516	0.01007	0.01970	0.01378	0.01315	0.00810	0.00942	0.00701	0.00525	0.00438	0.00131	0.00831	0.00328	0.00263	0.00658
24	0.84691	0.01054	0.00801	0.00717	0.01054	0.01223	0.00590	0.01603	0.00928	0.02446	0.00759	0.00886	0.00590	0.00506	0.00337	0.00169	0.00422	0.00295	0.00337	0.00590
25	0.14613	0.15261	0.27083	0.01140	0.01634	0.01317	0.04063	0.01750	0.12520	0.01867	0.07012	0.01712	0.06592	0.00644	0.00489	0.00165	0.00576	0.00504	0.00346	0.00713
26	0.00649	0.00552	0.00559	0.00557	0.00739	0.00462	0.00418	0.00791	0.01253	0.01498	0.08102	0.05204	0.74623	0.01371	0.00644	0.00184	0.00275	0.01145	0.00510	0.00462
27	0.01116	0.01126	0.01225	0.01100	0.01311	0.17830	0.09300	0.01347	0.01328	0.01636	0.19774	0.03254	0.09805	0.01490	0.13199	0.00294	0.00730	0.13164	0.00417	0.00554

[dist]
# distance from previous block
# <min> <max>
5	19

[block]
# block no. 5 follows, 44 sequences, length 29
# corresponding to MSA columns:
# 238-266
name=unknown_F
#
# <colnr> <probs for GDERKNQSTAVLIFYWHMCP>
#	G	D	E	R	K	N	Q	S	T	A	V	L	I	F	Y	W	H	M	C	P
0	0.01587	0.39494	0.02099	0.01085	0.01480	0.12636	0.00944	0.11066	0.21052	0.01814	0.01219	0.01246	0.00980	0.00574	0.00447	0.00144	0.00602	0.00409	0.00362	0.00761
1	0.71839	0.01128	0.00931	0.00801	0.01153	0.01296	0.00660	0.13117	0.01182	0.02600	0.00845	0.00951	0.00643	0.00529	0.00370	0.00168	0.00449	0.00326	0.00370	0.00643
2	0.01320	0.09483	0.26073	0.01317	0.01716	0.01449	0.01336	0.09058	0.07359	0.05310	0.03700	0.01531	0.01068	0.00732	0.00886	0.00189	0.23350	0.03053	0.00333	0.00737
3	0.01174	0.01200	0.01823	0.01444	0.01724	0.07423	0.22498	0.01429	0.01084	0.01504	0.01102	0.03570	0.00980	0.01399	0.17929	0.00329	0.18949	0.00543	0.00285	0.13613
4	0.00705	0.00535	0.00659	0.00705	0.00810	0.00497	0.00514	0.00854	0.01169	0.01524	0.14258	0.29689	0.26957	0.05098	0.07655	0.00276	0.00419	0.06719	0.00493	0.00462
5	0.01372	0.06981	0.08559	0.28259	0.17015	0.19259	0.01417	0.01667	0.01210	0.01470	0.00917	0.01238	0.00742	0.00563	0.00617	0.00168	0.07174	0.00433	0.00255	0.00685
6	0.01088	0.01373	0.18232	0.13500	0.23609	0.01071	0.01349	0.01559	0.07139	0.01836	0.19241	0.02136	0.04161	0.00697	0.00564	0.00172	0.00574	0.00616	0.00364	0.00718
7	0.00695	0.00522	0.00588	0.00625	0.00709	0.00476	0.00416	0.00779	0.01049	0.01323	0.03638	0.26651	0.33012	0.25521	0.01304	0.00299	0.00364	0.01159	0.00453	0.00416
8	0.01181	0.07313	0.19437	0.25823	0.07927	0.01352	0.25960	0.01620	0.01180	0.01602	0.01004	0.01343	0.00759	0.00501	0.00557	0.00174	0.00792	0.00505	0.00252	0.00717
9	0.08203	0.00937	0.01233	0.00952	0.01368	0.00831	0.00787	0.02583	0.01516	0.72541	0.02053	0.01788	0.01296	0.00663	0.00533	0.00169	0.00461	0.00531	0.00651	0.00904
10	0.01193	0.01193	0.01670	0.01431	0.01431	0.01670	0.01193	0.01312	0.00835	0.01312	0.00716	0.01193	0.00716	0.00954	0.01789	0.00239	0.79843	0.00477	0.00239	0.00596
11	0.01610	0.01365	0.01898	0.02349	0.41859	0.01444	0.01355	0.28362	0.10007	0.02430	0.01259	0.01410	0.00975	0.00574	0.00543	0.00165	0.00607	0.00502	0.00400	0.00886
12	0.04286	0.01186	0.02129	0.02361	0.35347	0.01151	0.21938	0.01669	0.01254	0.09157	0.01432	0.09839	0.01273	0.00668	0.00588	0.00179	0.00657	0.03773	0.00348	0.00765
13	0.01280	0.01465	0.23119	0.01114	0.01506	0.01058	0.01080	0.11592	0.15197	0.08709	0.04036	0.14119	0.01703	0.10540	0.00836	0.00224	0.00553	0.00710	0.00438	0.00720
14	0.00727	0.00543	0.00675	0.00668	0.00794	0.00491	0.00491	0.00933	0.01400	0.01907	0.49947	0.16216	0.20672	0.01265	0.00652	0.00182	0.00271	0.01110	0.00565	0.00491
15	0.01406	0.01196	0.01261	0.01120	0.01437	0.01380	0.00875	0.08002	0.71268	0.02362	0.02155	0.01983	0.01612	0.00734	0.00554	0.00183	0.00443	0.00608	0.00554	0.00867
16	0.01456	0.01249	0.00962	0.00869	0.01083	0.23079	0.00665	0.11872	0.01456	0.02028	0.01445	0.01631	0.01133	0.00617	0.00436	0.00136	0.00511	0.00461	0.48311	0.00602
17	0.00751	0.00528	0.00635	0.00707	0.00811	0.00490	0.00527	0.00910	0.01151	0.01556	0.03485	0.34477	0.23401	0.01416	0.00643	0.00202	0.00328	0.14040	0.13473	0.00468
18	0.02070	0.01360	0.01556	0.01208	0.01599	0.01490	0.00999	0.52057	0.02170	0.19870	0.01439	0.01420	0.01001	0.00688	0.00667	0.00172	0.08291	0.00502	0.00544	0.00895
19	0.00780	0.00523	0.00598	0.00611	0.00614	0.00520	0.00347	0.00790	0.00817	0.01090	0.01843	0.11062	0.02140	0.73130	0.02572	0.00499	0.00508	0.00867	0.00347	0.00341
20	0.05186	0.44232	0.02190	0.01028	0.01448	0.05400	0.00927	0.24339	0.01597	0.02057	0.06066	0.01228	0.01064	0.00574	0.00436	0.00138	0.00578	0.00402	0.00360	0.00749
21	0.01159	0.07011	0.17471	0.03287	0.25181	0.01216	0.01331	0.03988	0.04650	0.01677	0.01459	0.18409	0.01432	0.00820	0.00678	0.00183	0.08310	0.00691	0.00329	0.00720
22	0.01259	0.48294	0.04665	0.01054	0.04562	0.04571	0.00925	0.01457	0.01068	0.01319	0.01033	0.03594	0.00969	0.01475	0.21269	0.00327	0.00835	0.00421	0.00260	0.00643
23	0.10495	0.01131	0.01539	0.56294	0.03073	0.04859	0.01324	0.11778	0.01298	0.01791	0.00987	0.01349	0.00738	0.00557	0.00520	0.00176	0.00687	0.00458	0.00297	0.00650
24	0.00854	0.00642	0.00820	0.00908	0.01018	0.00656	0.00705	0.01234	0.12856	0.01622	0.02837	0.39724	0.03124	0.01480	0.00696	0.00227	0.00406	0.29149	0.00512	0.00531
25	0.00674	0.00499	0.00609	0.00692	0.00756	0.00456	0.00465	0.00768	0.01063	0.01374	0.03463	0.54010	0.20987	0.10401	0.00914	0.00247	0.00330	0.01371	0.00487	0.00435
26	0.01031	0.00657	0.00916	0.01001	0.01155	0.00644	0.00871	0.01278	0.01285	0.09055	0.02815	0.05731	0.02963	0.01425	0.00733	0.00243	0.00498	0.66636	0.00519	0.00543
27	0.00675	0.00483	0.00642	0.00752	0.00793	0.00450	0.00507	0.00785	0.01092	0.01469	0.10229	0.73039	0.03756	0.01650	0.00691	0.00217	0.00311	0.01495	0.00515	0.00450
28	0.01794	0.01389	0.01479	0.01198	0.01585	0.01561	0.00969	0.47345	0.31294	0.02987	0.01663	0.01591	0.01214	0.00688	0.00549	0.00172	0.00534	0.00540	0.00549	0.00902

[dist]
# distance from previous block
# <min> <max>
0	7

[block]
# block no. 6 follows, 44 sequences, length 13
# corresponding to MSA columns:
# 274-286
name=unknown_G
#
# <colnr> <probs for GDERKNQSTAVLIFYWHMCP>
#	G	D	E	R	K	N	Q	S	T	A	V	L	I	F	Y	W	H	M	C	P
0	0.01406	0.00955	0.01044	0.00870	0.01130	0.01014	0.00694	0.32934	0.01848	0.02669	0.20194	0.02228	0.02122	0.00762	0.00516	0.00154	0.00402	0.00619	0.27751	0.00688
1	0.22344	0.01281	0.01287	0.01027	0.01399	0.01425	0.00843	0.47895	0.01979	0.03013	0.01233	0.01296	0.00904	0.00615	0.00473	0.00160	0.00512	0.00445	0.11078	0.00791
2	0.01585	0.01235	0.01373	0.01152	0.01458	0.01407	0.00923	0.31214	0.28737	0.05133	0.01870	0.07280	0.04065	0.00817	0.00695	0.00184	0.08903	0.00634	0.00517	0.00819
3	0.01377	0.61360	0.02430	0.00902	0.01373	0.01804	0.00862	0.01568	0.01113	0.01405	0.00810	0.00938	0.00726	0.00451	0.00363	0.00108	0.00539	0.00299	0.00255	0.21317
4	0.50708	0.01010	0.01144	0.20297	0.01825	0.01165	0.04831	0.01508	0.01022	0.02062	0.01055	0.01615	0.00907	0.00619	0.00449	0.00181	0.00532	0.08149	0.00328	0.00593
5	0.01572	0.01292	0.01335	0.01137	0.01468	0.03740	0.00895	0.25663	0.46913	0.02551	0.01864	0.01856	0.01420	0.04968	0.00668	0.00195	0.00506	0.00578	0.00532	0.00848
6	0.02096	0.00938	0.01357	0.20373	0.01975	0.00903	0.00977	0.02345	0.01444	0.58941	0.01859	0.01756	0.01196	0.00643	0.00547	0.00172	0.00529	0.00533	0.00568	0.00848
7	0.01138	0.01022	0.01541	0.02091	0.39967	0.01029	0.01146	0.01603	0.12184	0.01923	0.20444	0.02505	0.09564	0.00766	0.00578	0.00170	0.00483	0.00694	0.00416	0.00737
8	0.00818	0.00720	0.01271	0.01139	0.01299	0.00674	0.19019	0.01003	0.01104	0.01479	0.02535	0.60969	0.02919	0.01400	0.00683	0.00212	0.00465	0.01326	0.00449	0.00515
9	0.00934	0.00637	0.00961	0.24493	0.01601	0.00710	0.00752	0.00937	0.00845	0.01109	0.01144	0.02068	0.01136	0.20985	0.01811	0.38125	0.00564	0.00556	0.00262	0.00371
10	0.01604	0.45442	0.12379	0.01123	0.01619	0.04962	0.01109	0.22342	0.01538	0.01945	0.00944	0.01037	0.00762	0.00530	0.00432	0.00138	0.00633	0.00364	0.00322	0.00774
11	0.07703	0.00979	0.01166	0.00980	0.01331	0.00982	0.00793	0.02482	0.25375	0.40339	0.02273	0.02258	0.04955	0.00766	0.00552	0.00180	0.00444	0.05011	0.00595	0.00836
12	0.00918	0.00650	0.00837	0.03692	0.03461	0.00614	0.00606	0.04069	0.01464	0.06470	0.45122	0.09284	0.18476	0.01123	0.00631	0.00177	0.00321	0.00978	0.00553	0.00554

[dist]
# distance from previous block
# <min> <max>
0	24

[block]
# block no. 7 follows, 44 sequences, length 28
# corresponding to MSA columns:
# 311-337,339
name=unknown_H
#
# <colnr> <probs for GDERKNQSTAVLIFYWHMCP>
#	G	D	E	R	K	N	Q	S	T	A	V	L	I	F	Y	W	H	M	C	P
0	0.06745	0.18338	0.01707	0.01215	0.01536	0.45606	0.00970	0.02096	0.11462	0.01526	0.01067	0.01253	0.00898	0.00592	0.00470	0.00147	0.00779	0.02605	0.00318	0.00670
1	0.00836	0.00532	0.00678	0.00679	0.00717	0.00517	0.00434	0.00805	0.00833	0.01131	0.01648	0.15364	0.01850	0.37018	0.05171	0.24808	0.00508	0.00787	0.00330	0.05352
2	0.01332	0.14228	0.23751	0.01853	0.22495	0.03483	0.01456	0.04851	0.13125	0.01794	0.01147	0.01306	0.00905	0.00569	0.00580	0.00166	0.05401	0.00449	0.00307	0.00802
3	0.01007	0.01108	0.13346	0.00836	0.01112	0.06226	0.00768	0.01401	0.07690	0.01866	0.16340	0.02861	0.17737	0.00864	0.00529	0.00160	0.00416	0.00711	0.24434	0.00587
4	0.00767	0.00559	0.00626	0.00630	0.00793	0.00482	0.00464	0.00910	0.01246	0.06091	0.10754	0.20214	0.51753	0.01383	0.00649	0.00190	0.00294	0.01182	0.00524	0.00489
5	0.01506	0.01655	0.01972	0.15120	0.37532	0.25191	0.05877	0.01787	0.01313	0.01578	0.00964	0.01260	0.00789	0.00517	0.00532	0.00160	0.00781	0.00453	0.00269	0.00742
6	0.01466	0.02062	0.23824	0.06972	0.09123	0.22833	0.02729	0.04329	0.17806	0.01773	0.01228	0.01348	0.00936	0.00581	0.00526	0.00166	0.00749	0.00456	0.00330	0.00764
7	0.00779	0.00584	0.00876	0.00876	0.00974	0.00681	0.00681	0.00974	0.00876	0.01266	0.01460	0.02142	0.01363	0.04089	0.78680	0.00876	0.01460	0.00584	0.00292	0.00487
8	0.01293	0.01299	0.05059	0.02378	0.39598	0.01268	0.11457	0.01954	0.20460	0.01929	0.06547	0.01719	0.01349	0.00591	0.00564	0.00172	0.00609	0.00571	0.00364	0.00820
9	0.01607	0.01115	0.01240	0.01077	0.01412	0.01228	0.00849	0.02842	0.59200	0.19683	0.02203	0.01993	0.01592	0.00725	0.00553	0.00181	0.00439	0.00601	0.00582	0.00878
10	0.01552	0.68342	0.02643	0.01010	0.01446	0.14644	0.00953	0.01721	0.01179	0.01291	0.00772	0.00892	0.00700	0.00482	0.00373	0.00120	0.00648	0.00301	0.00241	0.00689
11	0.01030	0.00969	0.01635	0.79530	0.03755	0.01211	0.01514	0.01393	0.01090	0.01393	0.00969	0.01453	0.00727	0.00545	0.00545	0.00182	0.00727	0.00484	0.00242	0.00606
12	0.01054	0.00888	0.01049	0.00800	0.01210	0.00680	0.00623	0.01273	0.01116	0.01714	0.01301	0.14085	0.01264	0.00617	0.00451	0.00104	0.00389	0.00523	0.00353	0.70505
13	0.00664	0.00474	0.00633	0.00759	0.00791	0.00443	0.00506	0.00759	0.01044	0.01392	0.03005	0.80485	0.03606	0.01708	0.00696	0.00221	0.00316	0.01550	0.00506	0.00443
14	0.02037	0.02598	0.01545	0.01404	0.01685	0.78652	0.01053	0.02177	0.01545	0.01334	0.00843	0.00983	0.00702	0.00562	0.00492	0.00140	0.00983	0.00351	0.00281	0.00632
15	0.15549	0.01021	0.01180	0.00970	0.01344	0.01034	0.00785	0.02556	0.23642	0.43138	0.01944	0.01750	0.01319	0.00666	0.00516	0.00173	0.00447	0.00527	0.00584	0.00854
16	0.01016	0.00508	0.00508	0.00508	0.00635	0.00508	0.00381	0.01270	0.01143	0.02033	0.01778	0.02033	0.01397	0.00635	0.00381	0.00127	0.00254	0.00508	0.83867	0.00508
17	0.14449	0.43959	0.02028	0.00916	0.01308	0.01697	0.00836	0.13618	0.01380	0.01947	0.11940	0.01411	0.01365	0.00597	0.00422	0.00140	0.00513	0.00425	0.00354	0.00693
18	0.00646	0.00547	0.00558	0.00566	0.00740	0.00459	0.00420	0.00781	0.01229	0.01467	0.05351	0.10394	0.72182	0.01403	0.00648	0.00187	0.00279	0.01178	0.00506	0.00459
19	0.02072	0.01527	0.01636	0.01254	0.01691	0.01691	0.01036	0.75622	0.02563	0.03436	0.01309	0.01309	0.00927	0.00654	0.00545	0.00164	0.00600	0.00491	0.00545	0.00927
20	0.01130	0.00969	0.01130	0.00807	0.01292	0.00727	0.00646	0.01373	0.01130	0.01776	0.00969	0.01130	0.00807	0.00404	0.00404	0.00081	0.00404	0.00323	0.00323	0.84173
21	0.01001	0.00870	0.01035	0.11787	0.08498	0.08054	0.00812	0.04145	0.01212	0.01601	0.05362	0.39223	0.04219	0.01151	0.00603	0.00189	0.00468	0.01018	0.08199	0.00551
22	0.00783	0.00527	0.00609	0.00617	0.00623	0.00529	0.00357	0.00798	0.00813	0.01088	0.01795	0.08772	0.02068	0.72330	0.05695	0.00522	0.00552	0.00836	0.00341	0.00344
23	0.01599	0.01799	0.01853	0.09902	0.30655	0.33223	0.04326	0.01940	0.06499	0.01591	0.01029	0.01260	0.00837	0.00539	0.00526	0.00157	0.00790	0.00445	0.00291	0.00737
24	0.01445	0.01243	0.01375	0.01533	0.18809	0.13763	0.00975	0.12249	0.01502	0.07161	0.10073	0.11051	0.01793	0.00789	0.00551	0.00163	0.00554	0.03078	0.06187	0.05706
25	0.09156	0.15002	0.41194	0.01325	0.01932	0.08611	0.03275	0.03502	0.03181	0.06559	0.01027	0.01145	0.00760	0.00530	0.00478	0.00160	0.00717	0.00393	0.00290	0.00763
26	0.22065	0.18106	0.01713	0.03900	0.08672	0.22821	0.00989	0.11135	0.01375	0.01906	0.00883	0.01032	0.00719	0.00540	0.00462	0.00151	0.02160	0.00362	0.00315	0.00693
27	0.11042	0.11200	0.10044	0.01134	0.01503	0.25193	0.00993	0.11926	0.01500	0.05868	0.10018	0.04641	0.01391	0.00669	0.00497	0.00156	0.00660	0.00496	0.00379	0.00689

[dist]
# distance from previous block
# <min> <max>
0	1

[block]
# block no. 8 follows, 44 sequences, length 84
# corresponding to MSA columns:
# 341-359,387-451
name=unknown_I
#
# <colnr> <probs for GDERKNQSTAVLIFYWHMCP>
#	G	D	E	R	K	N	Q	S	T	A	V	L	I	F	Y	W	H	M	C	P
0	0.04079	0.01201	0.08854	0.17890	0.09567	0.00992	0.01079	0.02816	0.03334	0.01758	0.01010	0.01244	0.00804	0.00471	0.00463	0.00127	0.00541	0.00392	0.00303	0.43075
1	0.01290	0.01235	0.02106	0.17464	0.63784	0.01280	0.01644	0.01621	0.01213	0.01709	0.01015	0.01369	0.00838	0.00497	0.00541	0.00166	0.00662	0.00486	0.00265	0.00816
2	0.01741	0.01518	0.01299	0.13809	0.01762	0.31820	0.00959	0.01957	0.01396	0.18827	0.01429	0.01739	0.01110	0.00655	0.00513	0.00158	0.00684	0.05055	0.12900	0.00668
3	0.01193	0.01193	0.01670	0.01431	0.01431	0.01670	0.01193	0.01312	0.00835	0.01312	0.00716	0.01193	0.00716	0.00954	0.01789	0.00239	0.79843	0.00477	0.00239	0.00596
4	0.00661	0.00548	0.00579	0.00582	0.00749	0.00466	0.00432	0.00811	0.01267	0.01555	0.14103	0.09832	0.63799	0.01369	0.00647	0.00185	0.00276	0.01156	0.00518	0.00466
5	0.00687	0.00530	0.00635	0.00708	0.00817	0.00477	0.00522	0.00823	0.01158	0.01461	0.04047	0.37957	0.34506	0.01541	0.00683	0.00210	0.00327	0.11948	0.00506	0.00459
6	0.00678	0.00484	0.00648	0.00775	0.00812	0.00454	0.00529	0.00782	0.01057	0.01407	0.02997	0.75813	0.03576	0.01695	0.00699	0.00223	0.00328	0.06089	0.00506	0.00447
