[name]
unknown

[dist]
# distance from previous block
# <min> <max>
0	69

[block]
# block no. 0 follows, 47 sequences, length 6
# corresponding to MSA columns:
# 95-100
name=unknown_A
#
# <colnr> <probs for GDERKNQSTAVLIFYWHMCP>
#	G	D	E	R	K	N	Q	S	T	A	V	L	I	F	Y	W	H	M	C	P
0	0.07787	0.01128	0.01884	0.02529	0.52248	0.01132	0.08435	0.01512	0.01169	0.01724	0.01266	0.02037	0.01167	0.00627	0.00544	0.00171	0.00603	0.13002	0.00301	0.00735
1	0.01094	0.00949	0.05240	0.13476	0.23337	0.00868	0.01030	0.01358	0.01216	0.08811	0.16303	0.02445	0.12282	0.05010	0.00656	0.00178	0.00486	0.00652	0.00384	0.04227
2	0.01115	0.01193	0.10519	0.22158	0.15630	0.01102	0.05279	0.07071	0.10647	0.01805	0.11989	0.06306	0.01587	0.00673	0.00544	0.00169	0.00571	0.00603	0.00356	0.00683
3	0.01428	0.01247	0.01747	0.16897	0.33991	0.07475	0.03408	0.07618	0.07278	0.09004	0.01167	0.01369	0.00893	0.00525	0.00513	0.00157	0.00621	0.00468	0.00334	0.03861
4	0.01270	0.04997	0.12857	0.14574	0.33345	0.05163	0.01384	0.05526	0.01246	0.05176	0.04959	0.04969	0.01112	0.00579	0.00515	0.00160	0.00623	0.00510	0.00304	0.00731
5	0.06025	0.01099	0.01630	0.13590	0.34108	0.03268	0.03909	0.05235	0.01180	0.05155	0.01302	0.01663	0.05303	0.07126	0.00731	0.00188	0.03896	0.00512	0.00307	0.03773

[dist]
# distance from previous block
# <min> <max>
0	1

[block]
# block no. 1 follows, 47 sequences, length 16
# corresponding to MSA columns:
# 102-117
name=unknown_B
#
# <colnr> <probs for GDERKNQSTAVLIFYWHMCP>
#	G	D	E	R	K	N	Q	S	T	A	V	L	I	F	Y	W	H	M	C	P
0	0.18038	0.01221	0.01523	0.01760	0.26123	0.06188	0.01110	0.05835	0.05011	0.01784	0.01086	0.01321	0.03897	0.00648	0.00799	0.00176	0.22051	0.00450	0.00301	0.00679
1	0.09690	0.01055	0.01344	0.13834	0.16439	0.03610	0.00998	0.14596	0.03750	0.07377	0.05525	0.10587	0.01370	0.00690	0.00510	0.00161	0.00516	0.00585	0.02213	0.05148
2	0.25174	0.01061	0.02729	0.10076	0.02780	0.01088	0.06241	0.13133	0.01348	0.23594	0.02847	0.01468	0.01006	0.04576	0.00579	0.00180	0.00519	0.00464	0.00430	0.00708
3	0.01379	0.01245	0.01590	0.13168	0.23702	0.06947	0.02577	0.12451	0.20637	0.03125	0.01323	0.01499	0.01033	0.02378	0.01900	0.00179	0.00600	0.00493	0.00370	0.03405
4	0.01241	0.00980	0.01233	0.26497	0.08640	0.09789	0.00971	0.01443	0.01129	0.13707	0.01551	0.16357	0.01466	0.11737	0.00830	0.00217	0.00578	0.00685	0.00362	0.00588
5	0.01401	0.01588	0.22356	0.08096	0.01908	0.01346	0.05146	0.16607	0.04949	0.09671	0.01110	0.01288	0.00828	0.00649	0.00814	0.00180	0.20521	0.00461	0.00343	0.00738
6	0.10968	0.05046	0.21875	0.01633	0.17003	0.24852	0.01295	0.01847	0.07742	0.01654	0.00974	0.01122	0.00765	0.00516	0.00469	0.00152	0.00710	0.00387	0.00280	0.00708
7	0.04828	0.15624	0.01407	0.00881	0.01261	0.08060	0.00731	0.11688	0.01348	0.01876	0.12375	0.01454	0.01365	0.00547	0.00434	0.00116	0.00471	0.00420	0.00358	0.34756
8	0.00763	0.00634	0.00684	0.00736	0.00833	0.04552	0.00515	0.00985	0.07616	0.01431	0.05975	0.48820	0.18568	0.04472	0.00707	0.00207	0.00342	0.01219	0.00473	0.00468
9	0.01253	0.01168	0.01834	0.02396	0.47221	0.01299	0.01358	0.06820	0.01150	0.01661	0.00964	0.01317	0.00837	0.00893	0.07887	0.00234	0.20231	0.00471	0.00271	0.00735
10	0.01279	0.01572	0.10740	0.01561	0.18979	0.25997	0.01082	0.01536	0.01329	0.01633	0.21102	0.07550	0.02005	0.00730	0.00535	0.00156	0.00620	0.00610	0.00355	0.00632
11	0.05357	0.37701	0.13409	0.01073	0.01494	0.08927	0.02290	0.08654	0.04169	0.01643	0.06304	0.01203	0.01019	0.00554	0.00481	0.00140	0.04213	0.00389	0.00296	0.00682
12	0.04516	0.07725	0.01174	0.01197	0.16368	0.00868	0.00763	0.06520	0.01335	0.01837	0.26765	0.07357	0.19726	0.00925	0.00555	0.00162	0.00384	0.00794	0.00441	0.00589
13	0.01076	0.01119	0.09029	0.01081	0.04865	0.11976	0.04676	0.01305	0.01229	0.07076	0.17802	0.20590	0.06983	0.01230	0.07343	0.00229	0.00575	0.00830	0.00416	0.00570
14	0.05849	0.10858	0.01362	0.17698	0.01698	0.07814	0.00895	0.08625	0.09468	0.05794	0.07454	0.01925	0.09682	0.00696	0.00542	0.00159	0.03760	0.00544	0.04541	0.00635
15	0.01582	0.03197	0.01874	0.02136	0.36456	0.10177	0.09165	0.07789	0.01370	0.15192	0.01206	0.01364	0.00911	0.00521	0.00511	0.00153	0.00629	0.00473	0.04514	0.00782

[dist]
# distance from previous block
# <min> <max>
17	104

[block]
# block no. 2 follows, 47 sequences, length 22
# corresponding to MSA columns:
# 224-245
name=unknown_C
#
# <colnr> <probs for GDERKNQSTAVLIFYWHMCP>
#	G	D	E	R	K	N	Q	S	T	A	V	L	I	F	Y	W	H	M	C	P
0	0.01184	0.09820	0.15875	0.02909	0.15672	0.01156	0.01168	0.01563	0.07028	0.07704	0.06536	0.08032	0.02757	0.00769	0.00671	0.00175	0.10081	0.05865	0.00352	0.00684
1	0.03081	0.00734	0.01014	0.04552	0.16694	0.01746	0.00767	0.01154	0.01189	0.07695	0.14345	0.26305	0.16517	0.01081	0.00589	0.00178	0.00389	0.00957	0.00447	0.00567
2	0.01253	0.01153	0.01397	0.07741	0.17176	0.07160	0.00943	0.07252	0.01235	0.01757	0.00952	0.01149	0.00777	0.00443	0.00440	0.00111	0.00516	0.00367	0.00305	0.47872
3	0.09979	0.07703	0.09946	0.04589	0.25132	0.01203	0.07318	0.06335	0.01228	0.09175	0.01045	0.01217	0.00802	0.00485	0.00471	0.00146	0.00581	0.00420	0.00317	0.11910
4	0.03478	0.21441	0.07763	0.13330	0.08758	0.16884	0.01103	0.07582	0.01280	0.08084	0.01009	0.01239	0.00813	0.04469	0.00561	0.00161	0.00661	0.00402	0.00302	0.00680
5	0.00883	0.15056	0.01057	0.00749	0.00927	0.04113	0.00584	0.01118	0.06092	0.01531	0.17999	0.27945	0.17757	0.01140	0.00569	0.00172	0.00362	0.00978	0.00449	0.00517
6	0.19369	0.07206	0.01166	0.00873	0.01176	0.01076	0.00714	0.19729	0.01498	0.16447	0.13752	0.08287	0.01798	0.02150	0.00533	0.00169	0.00434	0.02463	0.00479	0.00680
7	0.01381	0.01224	0.01748	0.08387	0.35344	0.08816	0.06610	0.04809	0.01229	0.09284	0.01202	0.04847	0.01036	0.07194	0.00756	0.00191	0.04376	0.00534	0.00320	0.00713
8	0.01267	0.01246	0.02218	0.06470	0.64991	0.01244	0.11645	0.01596	0.01185	0.01681	0.00987	0.01309	0.00814	0.00463	0.00529	0.00158	0.00657	0.00484	0.00257	0.00798
9	0.00643	0.00520	0.00572	0.00578	0.00725	0.00448	0.00426	0.00794	0.01224	0.01540	0.20251	0.13987	0.53860	0.01303	0.00621	0.00178	0.00265	0.01112	0.00502	0.00448
10	0.00917	0.00934	0.07245	0.01035	0.01214	0.03031	0.08013	0.06849	0.01144	0.01533	0.02283	0.45481	0.07221	0.01222	0.00737	0.00197	0.08928	0.01067	0.00411	0.00535
11	0.01339	0.12768	0.12387	0.11220	0.23613	0.13830	0.09660	0.02998	0.01197	0.01523	0.00905	0.01163	0.00733	0.00503	0.00542	0.00154	0.04084	0.00424	0.00251	0.00709
12	0.00692	0.00719	0.09669	0.00824	0.00944	0.00522	0.00667	0.00849	0.01019	0.01377	0.02641	0.68414	0.03101	0.01491	0.00648	0.00207	0.00365	0.04931	0.00453	0.00466
13	0.01570	0.00768	0.00978	0.00812	0.01093	0.00699	0.00646	0.07666	0.01491	0.38384	0.21215	0.06968	0.13667	0.00899	0.00567	0.00166	0.00371	0.00758	0.00585	0.00698
14	0.01618	0.03944	0.16388	0.10005	0.09296	0.36522	0.01269	0.07644	0.01395	0.05776	0.00960	0.01119	0.00736	0.00531	0.00488	0.00149	0.00785	0.00390	0.00293	0.00693
15	0.07781	0.03444	0.37525	0.11088	0.07972	0.01194	0.03271	0.01534	0.01075	0.04898	0.01220	0.01416	0.05701	0.00596	0.00622	0.00171	0.09074	0.00455	0.00269	0.00693
16	0.01486	0.01356	0.02245	0.01690	0.02118	0.09453	0.42446	0.05078	0.06262	0.13965	0.01398	0.01796	0.01087	0.00586	0.00584	0.00173	0.00741	0.06447	0.00370	0.00719
17	0.01436	0.10157	0.01766	0.01330	0.01635	0.33153	0.17102	0.01746	0.07192	0.01494	0.07315	0.10626	0.01423	0.00687	0.00525	0.00155	0.00716	0.00589	0.00332	0.00619
18	0.01029	0.05007	0.28114	0.11062	0.09998	0.03974	0.04989	0.01382	0.01105	0.01526	0.05506	0.16893	0.01463	0.00765	0.00601	0.00174	0.04812	0.00654	0.00300	0.00646
19	0.07825	0.17071	0.36387	0.01178	0.01699	0.06342	0.01301	0.01695	0.01116	0.11080	0.01037	0.01231	0.00801	0.04953	0.00623	0.00173	0.04099	0.00394	0.00289	0.00705
20	0.01201	0.28859	0.17304	0.05149	0.01513	0.01344	0.01025	0.09330	0.01229	0.03749	0.04758	0.07794	0.07486	0.03742	0.01877	0.00175	0.01938	0.00550	0.00327	0.00650
21	0.09235	0.07687	0.08584	0.06527	0.01362	0.00988	0.00835	0.11822	0.01207	0.01747	0.01698	0.16720	0.07053	0.01299	0.12655	0.00264	0.00617	0.00663	0.00360	0.08676

[dist]
# distance from previous block
# <min> <max>
9	88

[block]
# block no. 3 follows, 47 sequences, length 9
# corresponding to MSA columns:
# 344-352
name=unknown_D
#
# <colnr> <probs for GDERKNQSTAVLIFYWHMCP>
#	G	D	E	R	K	N	Q	S	T	A	V	L	I	F	Y	W	H	M	C	P
0	0.06956	0.18425	0.09855	0.00949	0.01245	0.09687	0.00842	0.03717	0.09165	0.01638	0.10182	0.21667	0.01942	0.00865	0.00507	0.00162	0.00497	0.00713	0.00381	0.00606
1	0.06453	0.09734	0.25734	0.01117	0.03814	0.01011	0.04479	0.04395	0.01102	0.01576	0.01775	0.22337	0.06926	0.06451	0.00676	0.00195	0.00541	0.00744	0.00336	0.00605
2	0.04397	0.04983	0.01387	0.01075	0.03498	0.05129	0.07176	0.15159	0.03585	0.21208	0.10562	0.01936	0.06775	0.00672	0.00513	0.00151	0.00491	0.00561	0.03073	0.07667
3	0.01548	0.50101	0.02303	0.01250	0.09379	0.18123	0.00997	0.08177	0.01279	0.01463	0.00813	0.00940	0.00704	0.00482	0.00397	0.00124	0.00644	0.00326	0.00262	0.00690
4	0.01444	0.20442	0.01525	0.01017	0.04457	0.09800	0.00791	0.08871	0.04231	0.12467	0.01431	0.12788	0.01315	0.06440	0.00627	0.00168	0.00521	0.00567	0.00383	0.10715
5	0.00641	0.00512	0.00574	0.00594	0.00728	0.00445	0.00432	0.00784	0.01195	0.01509	0.17564	0.21968	0.48531	0.01344	0.00626	0.00182	0.00269	0.01157	0.00499	0.00445
6	0.00699	0.00507	0.00633	0.00678	0.00755	0.00475	0.00481	0.00831	0.01112	0.01481	0.20105	0.30537	0.14307	0.15707	0.01006	0.00251	0.00339	0.09192	0.00474	0.00428
7	0.01488	0.09947	0.30693	0.01527	0.10656	0.06647	0.03525	0.21550	0.01511	0.06067	0.01056	0.01168	0.00777	0.00530	0.00491	0.00154	0.00677	0.00416	0.00331	0.00790
8	0.01235	0.26185	0.11925	0.04589	0.21120	0.05190	0.09424	0.01512	0.01107	0.01441	0.01020	0.04441	0.00928	0.07013	0.00643	0.00175	0.00644	0.00471	0.00256	0.00680

[dist]
# distance from previous block
# <min> <max>
11	40

[block]
# block no. 4 follows, 47 sequences, length 94
# corresponding to MSA columns:
# 393-486
name=unknown_E
#
# <colnr> <probs for GDERKNQSTAVLIFYWHMCP>
#	G	D	E	R	K	N	Q	S	T	A	V	L	I	F	Y	W	H	M	C	P
0	0.01343	0.06843	0.28175	0.06038	0.05687	0.02402	0.03954	0.19418	0.06381	0.03259	0.03055	0.01325	0.00940	0.00551	0.00492	0.00154	0.00621	0.00444	0.04076	0.04842
1	0.03554	0.06663	0.08599	0.01433	0.06927	0.01103	0.22159	0.01706	0.10858	0.08801	0.03952	0.05502	0.06172	0.00627	0.00529	0.00158	0.00578	0.00591	0.00366	0.09722
2	0.05776	0.01819	0.31335	0.02722	0.13191	0.06426	0.05801	0.08651	0.06210	0.03098	0.01189	0.01543	0.00951	0.00582	0.00511	0.00165	0.00663	0.05478	0.01819	0.02072
3	0.01559	0.18751	0.14904	0.01200	0.04365	0.04204	0.01093	0.25870	0.09929	0.07378	0.04873	0.01363	0.01087	0.00587	0.00480	0.00150	0.00576	0.00448	0.00400	0.00782
4	0.01457	0.14871	0.10232	0.03937	0.25283	0.10157	0.01224	0.10982	0.02736	0.06934	0.01166	0.06621	0.00990	0.00590	0.00490	0.00152	0.00620	0.00486	0.00327	0.00746
5	0.00828	0.00625	0.00845	0.00902	0.05882	0.00593	0.03022	0.04260	0.01184	0.03772	0.14498	0.32984	0.17837	0.06795	0.03312	0.00229	0.00390	0.01078	0.00464	0.00499
6	0.01363	0.17748	0.01475	0.00963	0.01297	0.14636	0.00792	0.14600	0.01385	0.01742	0.01447	0.10971	0.04606	0.00715	0.00476	0.00137	0.00539	0.04807	0.00360	0.19942
7	0.01477	0.06132	0.15557	0.04635	0.03848	0.06218	0.01059	0.17219	0.03955	0.10642	0.01174	0.02509	0.00888	0.00536	0.00470	0.00137	0.00566	0.00419	0.00372	0.22187
8	0.01141	0.01013	0.01613	0.04421	0.47286	0.01023	0.01233	0.06439	0.01231	0.01712	0.02824	0.19646	0.01627	0.00814	0.00565	0.00174	0.00531	0.05659	0.00346	0.00703
9	0.00759	0.00570	0.00710	0.00685	0.00820	0.00541	0.00517	0.01065	0.06553	0.01947	0.56752	0.08440	0.13184	0.01120	0.00616	0.00172	0.00273	0.04224	0.00550	0.00503
10	0.01013	0.01289	0.18534	0.16235	0.09630	0.01013	0.07815	0.01389	0.02898	0.03386	0.17555	0.02154	0.08223	0.00716	0.00627	0.00171	0.05752	0.00617	0.00343	0.00638
11	0.01195	0.01570	0.24217	0.02104	0.34303	0.01101	0.06481	0.01571	0.01153	0.05053	0.01135	0.06416	0.00958	0.00546	0.00512	0.00154	0.00626	0.00502	0.00284	0.10119
12	0.00802	0.00512	0.00628	0.00632	0.00742	0.00487	0.00474	0.01026	0.01275	0.01908	0.39768	0.13673	0.03493	0.01023	0.00551	0.00162	0.00267	0.05657	0.26441	0.00480
13	0.00745	0.00552	0.00807	0.00807	0.00889	0.00635	0.00613	0.00911	0.00828	0.01187	0.01422	0.02198	0.01368	0.12600	0.71031	0.00800	0.01295	0.00580	0.00283	0.00448
14	0.01461	0.01370	0.08252	0.10842	0.11501	0.05793	0.01128	0.15014	0.29625	0.07301	0.01500	0.01532	0.01111	0.00607	0.00518	0.00165	0.00563	0.00501	0.00424	0.00792
15	0.01483	0.09114	0.16184	0.01060	0.01468	0.01155	0.01000	0.10183	0.19907	0.19306	0.06661	0.07253	0.01525	0.00706	0.00517	0.00164	0.00500	0.00578	0.00465	0.00770
16	0.00684	0.00544	0.00622	0.00643	0.00799	0.00483	0.00510	0.00857	0.01232	0.01541	0.15377	0.05042	0.50555	0.01309	0.00639	0.00188	0.00310	0.17714	0.00496	0.00456
17	0.66894	0.00980	0.00864	0.00739	0.01079	0.01079	0.00609	0.01755	0.01021	0.19357	0.01021	0.01052	0.00725	0.00519	0.00367	0.00161	0.00412	0.00336	0.00394	0.00636
18	0.01075	0.07179	0.36122	0.01186	0.01717	0.01047	0.06118	0.04109	0.01195	0.03240	0.09590	0.06023	0.03678	0.00627	0.00501	0.00149	0.00585	0.00529	0.00318	0.15013
19	0.00927	0.07932	0.11764	0.00882	0.01075	0.04597	0.00772	0.01078	0.00898	0.01212	0.02671	0.02031	0.01273	0.20157	0.29036	0.10163	0.02250	0.00538	0.00272	0.00473
20	0.00677	0.00484	0.00653	0.00774	0.00823	0.00460	0.00558	0.00799	0.01039	0.01377	0.02847	0.65603	0.03351	0.01591	0.00676	0.00217	0.00339	0.16814	0.00483	0.00435
21	0.01944	0.01249	0.03713	0.01316	0.06580	0.01228	0.07555	0.32765	0.05200	0.30646	0.01540	0.01484	0.01046	0.00606	0.00529	0.00161	0.00553	0.00504	0.00519	0.00860
22	0.01202	0.01155	0.01792	0.15284	0.28297	0.02415	0.06295	0.06270	0.01142	0.01589	0.01188	0.01507	0.05811	0.00663	0.00861	0.00181	0.22877	0.00511	0.00277	0.00680
23	0.00745	0.00554	0.00816	0.00816	0.00901	0.00639	0.00624	0.00916	0.00831	0.01193	0.01414	0.02154	0.01349	0.10099	0.73506	0.00811	0.01324	0.00574	0.00282	0.00453
24	0.01198	0.01139	0.01907	0.26265	0.52611	0.01216	0.01519	0.01569	0.04501	0.01611	0.01014	0.01348	0.00819	0.00492	0.00518	0.00161	0.00632	0.00469	0.00262	0.00751
25	0.01732	0.01339	0.01601	0.01558	0.16981	0.01451	0.01072	0.53811	0.04853	0.02844	0.06440	0.01462	0.01172	0.00626	0.00527	0.00157	0.00554	0.00504	0.00472	0.00844
26	0.85377	0.01007	0.00765	0.00685	0.01007	0.01168	0.00564	0.01531	0.00886	0.02336	0.00725	0.00846	0.00564	0.00483	0.00322	0.00161	0.00403	0.00282	0.00322	0.00564
27	0.11963	0.01231	0.01834	0.10461	0.53963	0.03776	0.01396	0.06153	0.01220	0.01827	0.00953	0.01229	0.00777	0.00484	0.00490	0.00157	0.00607	0.00437	0.00280	0.00764
28	0.00670	0.00479	0.00644	0.00757	0.00805	0.00453	0.00537	0.00790	0.01050	0.01400	0.06520	0.66331	0.03449	0.01575	0.00670	0.00213	0.00326	0.12408	0.00487	0.00435
29	0.01098	0.00991	0.01239	0.00955	0.01275	0.00972	0.00778	0.01293	0.00993	0.01560	0.00851	0.01098	0.00744	0.00548	0.00793	0.00124	0.25145	0.00354	0.00284	0.58905
30	0.01225	0.01196	0.02107	0.17607	0.56700	0.01230	0.09178	0.01555	0.01163	0.01628	0.00977	0.01319	0.00797	0.00472	0.00527	0.00160	0.00659	0.00479	0.00253	0.00766
31	0.02336	0.00886	0.01209	0.00927	0.01329	0.00765	0.00765	0.02538	0.01491	0.78810	0.02055	0.01773	0.01289	0.00645	0.00524	0.00161	0.00443	0.00524	0.00645	0.00886
32	0.00714	0.00491	0.00600	0.00655	0.00675	0.00479	0.00416	0.00765	0.00880	0.01171	0.02198	0.34303	0.02576	0.44940	0.01743	0.00372	0.00423	0.05839	0.00392	0.00369
33	0.01249	0.01136	0.01659	0.12565	0.38195	0.01223	0.01261	0.05205	0.24222	0.01852	0.01533	0.01675	0.04729	0.00592	0.00526	0.00165	0.00548	0.00532	0.00359	0.00776
34	0.00698	0.00530	0.00625	0.00618	0.00745	0.00479	0.00458	0.00870	0.01258	0.01661	0.35703	0.05842	0.32217	0.10208	0.00850	0.00212	0.00298	0.05775	0.00503	0.00450
35	0.00629	0.00475	0.00582	0.00667	0.00740	0.00428	0.00458	0.00732	0.01053	0.01352	0.03574	0.59007	0.25342	0.01540	0.00650	0.00201	0.00291	0.01369	0.00483	0.00428
36	0.01030	0.00863	0.01010	0.00776	0.01151	0.00712	0.00612	0.01389	0.08818	0.01827	0.17108	0.01751	0.01715	0.00559	0.00448	0.00105	0.00359	0.00468	0.00386	0.58914
37	0.01280	0.01270	0.01857	0.27431	0.44550	0.09067	0.01471	0.03988	0.01210	0.01592	0.00954	0.01284	0.00770	0.00494	0.00513	0.00159	0.00673	0.00451	0.00259	0.00727
38	0.01091	0.00792	0.00942	0.00910	0.01075	0.00826	0.00701	0.24205	0.01474	0.01964	0.02310	0.40008	0.02522	0.03872	0.00695	0.00209	0.00425	0.14916	0.00489	0.00573
39	0.01219	0.01433	0.16782	0.01438	0.09086	0.01155	0.09788	0.10960	0.05671	0.01876	0.04738	0.02512	0.01044	0.00578	0.00632	0.00152	0.09444	0.00473	0.00327	0.20691
40	0.01646	0.01720	0.01628	0.17993	0.16537	0.37738	0.03261	0.01873	0.01326	0.09952	0.01008	0.01203	0.00776	0.00529	0.00499	0.00150	0.00771	0.00414	0.00300	0.00674
41	0.00905	0.00452	0.00678	0.00678	0.00678	0.00452	0.00452	0.00678	0.00678	0.00905	0.00905	0.01583	0.00905	0.01809	0.02035	0.84848	0.00452	0.00452	0.00226	0.00226
42	0.00974	0.01672	0.40899	0.01129	0.01567	0.00922	0.01250	0.03596	0.01050	0.03601	0.01390	0.09225	0.01308	0.15061	0.11666	0.00321	0.00743	0.02713	0.00297	0.00616
43	0.01105	0.16510	0.65714	0.01381	0.02094	0.01358	0.01744	0.01634	0.01092	0.01575	0.00898	0.01053	0.00661	0.00486	0.00467	0.00156	0.00733	0.00366	0.00220	0.00752
44	0.00682	0.00503	0.00641	0.00680	0.00766	0.00471	0.00486	0.00833	0.01157	0.01559	0.26373	0.34563	0.15321	0.05087	0.06334	0.00249	0.00370	0.02990	0.00489	0.00446
45	0.00649	0.00470	0.00614	0.00703	0.00756	0.00435	0.00480	0.00767	0.01083	0.01453	0.14783	0.64849	0.07982	0.01525	0.00654	0.00202	0.00291	0.01374	0.00497	0.00435
46	0.06295	0.00842	0.06743	0.01019	0.01203	0.00739	0.11830	0.01048	0.01039	0.01499	0.09160	0.33987	0.02368	0.04817	0.02623	0.05959	0.04304	0.03639	0.00388	0.00497
47	0.00638	0.00455	0.00603	0.00720	0.00750	0.00425	0.00478	0.00726	0.00990	0.01320	0.02833	0.78995	0.03397	0.04059	0.00725	0.00220	0.00308	0.01459	0.00478	0.00420
48	0.01295	0.01119	0.01178	0.01060	0.01354	0.01295	0.00824	0.02767	0.77509	0.02178	0.02120	0.01943	0.01590	0.00707	0.00530	0.00177	0.00412	0.00589	0.00530	0.00824
49	0.01482	0.05257	0.05964	0.01858	0.19013	0.23404	0.15909	0.06644	0.06024	0.01670	0.01029	0.01235	0.00820	0.00530	0.00562	0.00155	0.04263	0.00453	0.03016	0.00710
50	0.01080	0.00926	0.01080	0.00771	0.01234	0.00694	0.00617	0.01311	0.01080	0.01697	0.00926	0.01080	0.00771	0.00386	0.00386	0.00077	0.00386	0.00309	0.00309	0.84882
51	0.01210	0.01536	0.18305	0.08286	0.24543	0.02975	0.13875	0.05207	0.02396	0.01694	0.01029	0.03179	0.00836	0.00533	0.00591	0.00161	0.05431	0.00483	0.00274	0.07457
52	0.01473	0.01699	0.08005	0.13931	0.16246	0.28841	0.01229	0.10002	0.01393	0.01641	0.01136	0.04225	0.00999	0.00633	0.00520	0.00160	0.00730	0.06161	0.00308	0.00671
53	0.00905	0.00452	0.00678	0.00678	0.00678	0.00452	0.00452	0.00678	0.00678	0.00905	0.00905	0.01583	0.00905	0.01809	0.02035	0.84848	0.00452	0.00452	0.00226	0.00226
54	0.01556	0.01248	0.01325	0.01113	0.01454	0.01417	0.00887	0.30991	0.48860	0.02600	0.01788	0.01679	0.01321	0.00675	0.00526	0.00169	0.00474	0.00543	0.00526	0.00848
55	0.01261	0.01171	0.01326	0.04102	0.13922	0.08886	0.00889	0.01748	0.16493	0.02975	0.01180	0.01295	0.00940	0.00487	0.00451	0.00120	0.00497	0.00402	0.00343	0.41510
56	0.01500	0.01790	0.02190	0.01717	0.02053	0.32588	0.33889	0.01763	0.01256	0.01442	0.00893	0.01175	0.00725	0.00556	0.00739	0.00168	0.14178	0.00477	0.00259	0.00641
57	0.07963	0.00894	0.01179	0.00910	0.01308	0.00793	0.00752	0.02470	0.01450	0.73629	0.01964	0.01710	0.01240	0.00634	0.00510	0.00161	0.00440	0.00507	0.00623	0.00864
58	0.00974	0.00766	0.00923	0.00925	0.01105	0.00819	0.00751	0.01649	0.28360	0.01883	0.18297	0.06140	0.02910	0.01106	0.00629	0.00201	0.00402	0.31042	0.00517	0.00603
59	0.01062	0.00782	0.00919	0.09594	0.01183	0.05985	0.00654	0.03314	0.00996	0.08634	0.01531	0.07470	0.01523	0.33258	0.13988	0.00409	0.04493	0.00658	0.03064	0.00483
60	0.02825	0.02260	0.60064	0.01412	0.02075	0.01122	0.06519	0.01673	0.01134	0.08994	0.01170	0.06365	0.00906	0.00579	0.00513	0.00168	0.00708	0.00482	0.00282	0.00750
61	0.01446	0.00721	0.00934	0.00788	0.01045	0.00656	0.00623	0.01744	0.06376	0.34745	0.35642	0.02941	0.08357	0.00880	0.00570	0.00164	0.00342	0.00752	0.00594	0.00678
62	0.01182	0.01013	0.01072	0.00973	0.01243	0.01146	0.00754	0.02421	0.63861	0.02086	0.07553	0.02418	0.10419	0.00799	0.00545	0.00176	0.00384	0.00670	0.00528	0.00759
63	0.01143	0.01085	0.01790	0.33806	0.38299	0.01192	0.01441	0.01449	0.01096	0.01524	0.00935	0.01305	0.00760	0.00510	0.00586	0.00162	0.05811	0.00452	0.00249	0.06405
64	0.00687	0.00541	0.00629	0.00676	0.00795	0.00501	0.00493	0.00902	0.06058	0.01465	0.07061	0.35660	0.34826	0.01403	0.00637	0.00194	0.00303	0.06217	0.00490	0.00463
65	0.00752	0.00503	0.00570	0.00575	0.00576	0.00501	0.00323	0.00756	0.00768	0.01024	0.01695	0.06838	0.01962	0.78175	0.02563	0.00492	0.00496	0.00789	0.00323	0.00320
66	0.01600	0.01040	0.01150	0.00929	0.01234	0.01105	0.00751	0.38798	0.04562	0.10984	0.11656	0.01839	0.01590	0.00684	0.00498	0.00151	0.00435	0.00545	0.19710	0.00740
67	0.07369	0.01499	0.01505	0.01175	0.01575	0.06871	0.00963	0.66796	0.02282	0.03085	0.01186	0.01203	0.00850	0.00610	0.00505	0.00155	0.00587	0.00448	0.00491	0.00846
68	0.33227	0.01753	0.01163	0.01044	0.01330	0.41295	0.00806	0.05358	0.01300	0.01822	0.05798	0.01110	0.00915	0.00555	0.00426	0.00147	0.00675	0.00361	0.00320	0.00595
69	0.00697	0.00496	0.00663	0.00765	0.00820	0.00474	0.00556	0.00827	0.01061	0.01414	0.07867	0.53446	0.03339	0.06724	0.00802	0.00234	0.00353	0.18549	0.00478	0.00434
70	0.07223	0.01422	0.01614	0.11736	0.24287	0.13765	0.01181	0.20253	0.09795	0.02071	0.01118	0.01277	0.00864	0.00550	0.00499	0.00157	0.00631	0.00446	0.00355	0.00756
71	0.01216	0.16094	0.47985	0.01267	0.01905	0.01344	0.01488	0.10206	0.01245	0.01769	0.00933	0.01069	0.00700	0.00489	0.00457	0.00145	0.00666	0.00367	0.00265	0.10390
72	0.07343	0.01304	0.03593	0.01948	0.33059	0.07068	0.02548	0.14293	0.01460	0.17602	0.02368	0.01356	0.00955	0.00542	0.00502	0.00154	0.00583	0.00460	0.00390	0.02471
73	0.06967	0.22969	0.19302	0.01312	0.06591	0.10066	0.06040	0.01662	0.04516	0.03680	0.01182	0.01705	0.01039	0.00617	0.00479	0.00157	0.00642	0.10100	0.00297	0.00678
74	0.01578	0.00806	0.01029	0.00843	0.01123	0.00758	0.00674	0.11826	0.01612	0.34566	0.35762	0.02643	0.02845	0.00829	0.00564	0.00162	0.00373	0.00702	0.00596	0.00711
75	0.01167	0.01376	0.18753	0.01386	0.01820	0.01018	0.26747	0.06822	0.01252	0.05759	0.01601	0.07020	0.06079	0.00705	0.02020	0.00177	0.00636	0.00616	0.14384	0.00663
76	0.00996	0.00920	0.01437	0.21784	0.31856	0.00958	0.01153	0.01290	0.03061	0.01545	0.04716	0.03712	0.21810	0.00766	0.00553	0.00168	0.00518	0.01784	0.00336	0.00637
77	0.00753	0.00523	0.00660	0.00660	0.00691	0.00555	0.00430	0.00816	0.00784	0.01078	0.01557	0.02944	0.01692	0.55222	0.28852	0.00618	0.00808	0.00689	0.00303	0.00366
78	0.00727	0.00534	0.00767	0.00803	0.00877	0.00587	0.00604	0.00883	0.00892	0.01247	0.01836	0.20263	0.01938	0.08256	0.51518	0.00634	0.01029	0.05819	0.00341	0.00447
79	0.01278	0.01459	0.20034	0.01189	0.06447	0.06133	0.01056	0.16867	0.08509	0.02036	0.01409	0.06068	0.01147	0.00795	0.04254	0.00186	0.00582	0.00517	0.19342	0.00693
80	0.01080	0.00888	0.01132	0.01270	0.14577	0.02294	0.00803	0.07141	0.14479	0.01635	0.01621	0.11153	0.01565	0.19237	0.08845	0.00313	0.05927	0.00676	0.04769	0.00595
81	0.00671	0.00530	0.00604	0.00586	0.00737	0.00463	0.00439	0.00855	0.01318	0.01717	0.38464	0.04501	0.44856	0.01203	0.00615	0.00170	0.00256	0.01027	0.00524	0.00463
82	0.00634	0.00453	0.00604	0.00725	0.00755	0.00423	0.00483	0.00725	0.00997	0.01329	0.02870	0.81358	0.03444	0.01632	0.00665	0.00211	0.00302	0.01480	0.00483	0.00423
83	0.00647	0.00465	0.00631	0.00738	0.00775	0.00449	0.00503	0.00749	0.00979	0.01316	0.02701	0.72283	0.03199	0.01892	0.09700	0.00283	0.00427	0.01375	0.00460	0.00428
84	0.01080	0.00926	0.01080	0.00771	0.01234	0.00694	0.00617	0.01311	0.01080	0.01697	0.00926	0.01080	0.00771	0.00386	0.00386	0.00077	0.00386	0.00309	0.00309	0.84882
85	0.01574	0.00828	0.00992	0.00833	0.01142	0.00783	0.00665	0.02037	0.18353	0.37870	0.03061	0.02809	0.25064	0.00866	0.00553	0.00169	0.00381	0.00715	0.00569	0.00735
86	0.00680	0.00524	0.00616	0.00603	0.00739	0.00466	0.00446	0.00861	0.01302	0.01722	0.40460	0.09291	0.35635	0.03514	0.00676	0.00182	0.00264	0.01037	0.00522	0.00460
87	0.00854	0.00749	0.01204	0.50481	0.02523	0.00882	0.01084	0.01107	0.01033	0.01343	0.02924	0.30142	0.01753	0.00929	0.00574	0.00187	0.00546	0.00836	0.00328	0.00521
88	0.01287	0.24036	0.23379	0.01465	0.10086	0.05151	0.08519	0.04336	0.06282	0.03698	0.01132	0.06337	0.00960	0.00571	0.00478	0.00152	0.00643	0.00475	0.00291	0.00722
89	0.01588	0.47547	0.02164	0.01068	0.01430	0.32732	0.00928	0.01743	0.01216	0.01244	0.00780	0.00920	0.00692	0.00607	0.03265	0.00147	0.00739	0.00311	0.00243	0.00635
90	0.00618	0.00519	0.00536	0.00550	0.00709	0.00438	0.00405	0.00745	0.01166	0.01398	0.05008	0.13497	0.69926	0.01354	0.00621	0.00180	0.00268	0.01141	0.00484	0.00438
91	0.01526	0.09523	0.17748	0.12082	0.01950	0.01237	0.06277	0.17717	0.01459	0.18034	0.01347	0.06495	0.01034	0.00622	0.00513	0.00162	0.00605	0.00518	0.00395	0.00755
92	0.05028	0.01492	0.12598	0.07250	0.18803	0.07513	0.16956	0.08151	0.05503	0.04442	0.01206	0.06517	0.00996	0.00583	0.00533	0.00166	0.00673	0.00542	0.00321	0.00727
93	0.07135	0.01964	0.01434	0.01380	0.07299	0.50675	0.00987	0.06988	0.01372	0.01494	0.00889	0.01167	0.00774	0.06068	0.00729	0.00173	0.08181	0.00391	0.00288	0.00615

[dist]
# distance from previous block
# <min> <max>
0	1

[block]
# block no. 5 follows, 47 sequences, length 32
# corresponding to MSA columns:
# 488-518,526
name=unknown_F
#
# <colnr> <probs for GDERKNQSTAVLIFYWHMCP>
#	G	D	E	R	K	N	Q	S	T	A	V	L	I	F	Y	W	H	M	C	P
0	0.08212	0.07974	0.01990	0.06069	0.57583	0.06249	0.01411	0.01608	0.01163	0.01671	0.00924	0.01197	0.00775	0.00471	0.00482	0.00151	0.00619	0.00426	0.00260	0.00766
1	0.01265	0.01191	0.01906	0.09226	0.58922	0.01241	0.01452	0.01778	0.14367	0.01753	0.01172	0.01410	0.00946	0.00511	0.00518	0.00160	0.00589	0.00485	0.00303	0.00804
2	0.00634	0.00453	0.00604	0.00725	0.00755	0.00423	0.00483	0.00725	0.00997	0.01329	0.02870	0.81358	0.03444	0.01632	0.00665	0.00211	0.00302	0.01480	0.00483	0.00423
3	0.01676	0.23676	0.12336	0.01241	0.01625	0.48325	0.01100	0.01883	0.01314	0.01312	0.00801	0.00933	0.00669	0.00507	0.00437	0.00132	0.00814	0.00327	0.00250	0.00643
4	0.07416	0.00836	0.01007	0.00893	0.01091	0.00942	0.00712	0.10623	0.09787	0.09126	0.07804	0.01881	0.01475	0.01673	0.24406	0.00367	0.07992	0.00541	0.10811	0.00618
5	0.00979	0.00885	0.01180	0.01044	0.01053	0.01154	0.00812	0.01053	0.00803	0.01175	0.01251	0.02132	0.05016	0.29331	0.01985	0.00323	0.48483	0.00594	0.00272	0.00474
6	0.00653	0.00471	0.00644	0.00744	0.00785	0.00462	0.00512	0.00760	0.00969	0.01309	0.02615	0.67659	0.03074	0.02024	0.14305	0.00320	0.00491	0.01321	0.00448	0.00430
7	0.00745	0.00554	0.00815	0.00815	0.00900	0.00639	0.00623	0.00916	0.00830	0.01192	0.01415	0.02159	0.01351	0.10349	0.73258	0.00809	0.01321	0.00574	0.00282	0.00453
8	0.01135	0.01379	0.15251	0.02091	0.30673	0.03078	0.12412	0.01489	0.01180	0.01631	0.01433	0.02448	0.01347	0.00728	0.00601	0.00182	0.02187	0.19748	0.00309	0.00697
9	0.02015	0.00985	0.01219	0.00980	0.01352	0.00966	0.00795	0.06660	0.23597	0.52450	0.02029	0.01793	0.01354	0.00661	0.00525	0.00165	0.00441	0.00540	0.00605	0.00868
10	0.00640	0.00457	0.00609	0.00722	0.00756	0.00426	0.00484	0.00738	0.01021	0.01368	0.06664	0.77455	0.03518	0.01603	0.00662	0.00209	0.00299	0.01453	0.00488	0.00426
11	0.07934	0.00872	0.01238	0.01697	0.33746	0.00847	0.00944	0.01192	0.01162	0.01617	0.02938	0.03134	0.34835	0.00893	0.00554	0.00169	0.00438	0.04799	0.00374	0.00616
12	0.01278	0.01226	0.02094	0.05990	0.75742	0.01234	0.01593	0.01589	0.01181	0.01688	0.00978	0.01292	0.00820	0.00466	0.00516	0.00155	0.00621	0.00464	0.00257	0.00816
13	0.02183	0.00918	0.01189	0.00921	0.01302	0.00838	0.00757	0.10783	0.01565	0.63936	0.01934	0.01728	0.01247	0.00639	0.00510	0.00157	0.00441	0.00514	0.07584	0.00853
14	0.00661	0.00487	0.00624	0.00719	0.00789	0.00451	0.00514	0.00783	0.01071	0.01395	0.05537	0.55985	0.16439	0.01535	0.00662	0.00208	0.00317	0.10903	0.00486	0.00435
15	0.00750	0.00535	0.00722	0.00722	0.00775	0.00589	0.00508	0.00856	0.00803	0.01124	0.01500	0.02628	0.01554	0.37128	0.46758	0.00695	0.01015	0.00643	0.00295	0.00401
16	0.01270	0.01218	0.02079	0.08078	0.73719	0.01232	0.01589	0.01581	0.01177	0.01678	0.00976	0.01295	0.00817	0.00468	0.00516	0.00156	0.00623	0.00464	0.00256	0.00809
17	0.01441	0.01140	0.01274	0.00943	0.01387	0.01064	0.00767	0.31616	0.01630	0.02334	0.01056	0.01148	0.00817	0.00482	0.00440	0.00109	0.00461	0.00373	0.00394	0.51123
18	0.15086	0.01135	0.01455	0.01754	0.29940	0.04931	0.01047	0.04587	0.10112	0.16857	0.05432	0.01520	0.01185	0.00574	0.00488	0.00158	0.00513	0.00481	0.01984	0.00762
19	0.02303	0.00940	0.01242	0.00952	0.01356	0.00845	0.00787	0.09521	0.01581	0.71700	0.01979	0.01723	0.01251	0.00643	0.00523	0.00161	0.00455	0.00519	0.00633	0.00886
20	0.00866	0.00466	0.00649	0.00649	0.00649	0.00466	0.00416	0.00699	0.00699	0.00932	0.01099	0.02066	0.01166	0.22958	0.02198	0.62521	0.00466	0.00533	0.00250	0.00250
21	0.00755	0.00516	0.00597	0.00613	0.00638	0.00509	0.00383	0.00792	0.00840	0.01104	0.02025	0.05620	0.06878	0.65725	0.02258	0.00447	0.00482	0.09125	0.00349	0.00344
22	0.01255	0.01202	0.02052	0.11869	0.70045	0.01228	0.01581	0.01568	0.01170	0.01660	0.00974	0.01300	0.00810	0.00470	0.00516	0.00157	0.00627	0.00464	0.00255	0.00797
23	0.73229	0.01026	0.00853	0.00737	0.01072	0.01163	0.00608	0.06365	0.01035	0.08731	0.00868	0.00948	0.00644	0.00506	0.00352	0.00161	0.00417	0.00314	0.00362	0.00611
24	0.00643	0.00527	0.00571	0.00598	0.00751	0.00456	0.00455	0.00782	0.01167	0.01415	0.04728	0.13505	0.61566	0.01367	0.00633	0.00187	0.00292	0.09431	0.00483	0.00442
25	0.00669	0.00484	0.00645	0.00727	0.00777	0.00476	0.00504	0.00775	0.00963	0.01291	0.02626	0.54496	0.06925	0.08721	0.15127	0.00348	0.00519	0.03070	0.00432	0.00424
26	0.00699	0.00498	0.00664	0.00713	0.00760	0.00506	0.00490	0.00806	0.00939	0.01286	0.08130	0.37128	0.02654	0.20175	0.21637	0.00436	0.00627	0.01036	0.00400	0.00415
27	0.01080	0.00926	0.01080	0.00771	0.01234	0.00694	0.00617	0.01311	0.01080	0.01697	0.00926	0.01080	0.00771	0.00386	0.00386	0.00077	0.00386	0.00309	0.00309	0.84882
28	0.00664	0.00482	0.00628	0.00709	0.00773	0.00447	0.00497	0.00795	0.01114	0.01493	0.17438	0.56596	0.09495	0.01489	0.00654	0.00201	0.00298	0.05286	0.00500	0.00440
29	0.01128	0.00594	0.00773	0.00740	0.00906	0.00536	0.00554	0.01294	0.01244	0.21961	0.16956	0.32518	0.09203	0.01169	0.00596	0.00181	0.00326	0.02899	0.05857	0.00565
30	0.00964	0.01227	0.15554	0.12216	0.06804	0.00987	0.18192	0.01278	0.01078	0.01487	0.01602	0.27030	0.01640	0.00889	0.00654	0.00188	0.05130	0.02152	0.00323	0.00604
31	0.01230	0.25684	0.21567	0.20384	0.07574	0.06331	0.04225	0.03141	0.01138	0.01460	0.00908	0.01193	0.00734	0.00504	0.00462	0.00150	0.00683	0.01708	0.00242	0.00682

[dist]
# distance from previous block
# <min> <max>
0	1

[block]
# block no. 6 follows, 47 sequences, length 35
# corresponding to MSA columns:
# 528-562
name=unknown_G
#
# <colnr> <probs for GDERKNQSTAVLIFYWHMCP>
#	G	D	E	R	K	N	Q	S	T	A	V	L	I	F	Y	W	H	M	C	P
0	0.38969	0.08474	0.23576	0.01154	0.06948	0.01283	0.01088	0.03435	0.07421	0.02007	0.00932	0.01051	0.00712	0.00504	0.00409	0.00159	0.00542	0.00354	0.00302	0.00680
1	0.01057	0.00569	0.00578	0.00547	0.00693	0.00582	0.00418	0.07687	0.01208	0.02056	0.01660	0.01882	0.01296	0.00608	0.00377	0.00124	0.00271	0.00484	0.77380	0.00520
2	0.01440	0.01253	0.01247	0.01093	0.01398	0.06895	0.00855	0.15672	0.56302	0.02280	0.01898	0.04425	0.01463	0.00711	0.00529	0.00171	0.00474	0.00580	0.00508	0.00806
3	0.01049	0.00978	0.01315	0.03113	0.28553	0.07149	0.00988	0.03314	0.01149	0.01521	0.05234	0.02253	0.14635	0.01687	0.24347	0.00363	0.00800	0.00614	0.00325	0.00614
4	0.01186	0.01132	0.01928	0.29230	0.53220	0.01210	0.01547	0.01508	0.01137	0.01576	0.00961	0.01322	0.00781	0.00483	0.00517	0.00161	0.00644	0.00464	0.00249	0.00742
5	0.01107	0.02257	0.53290	0.01725	0.02412	0.01246	0.27196	0.01656	0.01143	0.01656	0.00975	0.01203	0.00704	0.00476	0.00535	0.00169	0.00806	0.00463	0.00235	0.00747
6	0.05780	0.00767	0.00981	0.00840	0.01131	0.00694	0.00679	0.03250	0.01343	0.44755	0.02612	0.12672	0.12745	0.00940	0.00565	0.00178	0.00404	0.08392	0.00566	0.00706
7	0.01176	0.00666	0.00799	0.00696	0.00932	0.00590	0.00545	0.04399	0.01392	0.23043	0.21989	0.03690	0.35943	0.01042	0.00586	0.00168	0.00322	0.00876	0.00551	0.00594
8	0.00615	0.00528	0.00528	0.00528	0.00703	0.00440	0.00396	0.00747	0.01187	0.01407	0.05276	0.05012	0.78238	0.01319	0.00615	0.00176	0.00264	0.01099	0.00484	0.00440
9	0.00682	0.00518	0.00584	0.00583	0.00691	0.00468	0.00405	0.00806	0.01135	0.01468	0.22034	0.09766	0.35711	0.21550	0.01132	0.00258	0.00323	0.01002	0.00463	0.00420
10	0.79440	0.01112	0.00816	0.00732	0.01050	0.06750	0.00595	0.01570	0.00928	0.02261	0.00731	0.00853	0.00572	0.00487	0.00333	0.00159	0.00441	0.00286	0.00318	0.00567
11	0.01977	0.01547	0.01555	0.01211	0.01615	0.08347	0.00991	0.70271	0.02365	0.03109	0.01212	0.01223	0.00867	0.00618	0.00517	0.00154	0.00605	0.00457	0.00499	0.00861
12	0.00717	0.00532	0.00669	0.00634	0.00766	0.00483	0.00476	0.00944	0.01427	0.01977	0.66294	0.04073	0.16864	0.01106	0.00614	0.00166	0.00249	0.00967	0.00559	0.00483
13	0.00665	0.00504	0.00613	0.00639	0.00747	0.00452	0.00459	0.00823	0.01225	0.01623	0.30350	0.30324	0.27015	0.01334	0.00632	0.00184	0.00270	0.01172	0.00515	0.00452
14	0.01571	0.01187	0.02070	0.13920	0.08016	0.01182	0.29253	0.11079	0.02891	0.21467	0.01328	0.01479	0.00932	0.00534	0.00556	0.00168	0.00673	0.00538	0.00392	0.00764
15	0.01250	0.01198	0.02044	0.13017	0.68933	0.01227	0.01579	0.01564	0.01167	0.01654	0.00973	0.01302	0.00808	0.00471	0.00516	0.00157	0.00628	0.00464	0.00254	0.00794
16	0.00798	0.00621	0.00902	0.00872	0.01029	0.00587	0.06034	0.01041	0.01308	0.01756	0.32694	0.04664	0.13196	0.01205	0.00657	0.00197	0.00388	0.31054	0.00502	0.00495
17	0.01980	0.01459	0.01563	0.01198	0.01615	0.01615	0.00990	0.76713	0.02448	0.03282	0.01250	0.01250	0.00886	0.00625	0.00521	0.00156	0.00573	0.00469	0.00521	0.00886
18	0.00634	0.00528	0.00554	0.00547	0.00715	0.00448	0.00410	0.00784	0.01231	0.01512	0.16575	0.04838	0.66873	0.01279	0.00615	0.00174	0.00261	0.01075	0.00497	0.00448
19	0.01437	0.01091	0.01239	0.00915	0.01360	0.00988	0.00743	0.25118	0.01535	0.06706	0.01094	0.01174	0.00838	0.00476	0.00436	0.00107	0.00448	0.00372	0.00395	0.53529
20	0.00806	0.00557	0.00671	0.00633	0.00796	0.00494	0.00483	0.01004	0.01356	0.07267	0.42225	0.04232	0.33235	0.01144	0.00611	0.00170	0.00273	0.03002	0.00541	0.00499
21	0.01131	0.01195	0.00937	0.00946	0.01074	0.28301	0.00681	0.01280	0.02851	0.01376	0.07422	0.38952	0.02439	0.05099	0.00689	0.00196	0.00542	0.03982	0.00407	0.00497
22	0.01203	0.01021	0.01333	0.01143	0.01245	0.01304	0.00939	0.09341	0.04179	0.04705	0.04502	0.01668	0.05853	0.00991	0.04443	0.00226	0.47510	0.00532	0.07258	0.00604
23	0.16144	0.00749	0.00871	0.00759	0.00998	0.00743	0.00597	0.01599	0.07668	0.20464	0.39992	0.02684	0.03003	0.00832	0.00534	0.00164	0.00334	0.00696	0.00542	0.00626
24	0.01794	0.00998	0.01186	0.00963	0.01307	0.01007	0.00777	0.16377	0.19252	0.35877	0.08369	0.02080	0.06160	0.00730	0.00538	0.00165	0.00434	0.00597	0.00579	0.00813
25	0.01846	0.02560	0.01277	0.00989	0.01321	0.02556	0.07333	0.02059	0.01338	0.49972	0.01891	0.08264	0.01390	0.00833	0.03705	0.00189	0.01982	0.00597	0.09140	0.00758
26	0.10036	0.00749	0.00905	0.00750	0.01015	0.00703	0.00583	0.01847	0.01216	0.41773	0.01776	0.02022	0.01340	0.15942	0.00875	0.00218	0.00412	0.00536	0.16631	0.00670
27	0.00630	0.00472	0.00585	0.00675	0.00742	0.00427	0.00461	0.00731	0.01045	0.01349	0.03477	0.62114	0.22298	0.01553	0.00652	0.00203	0.00292	0.01384	0.00483	0.00427
28	0.01045	0.06254	0.02543	0.00952	0.01169	0.14949	0.07286	0.02972	0.01234	0.01485	0.08376	0.13342	0.21426	0.05607	0.00693	0.00191	0.00511	0.07438	0.02004	0.00522
29	0.01113	0.08432	0.22400	0.27915	0.16166	0.01251	0.08949	0.01511	0.01105	0.01530	0.00965	0.01271	0.00742	0.00493	0.00500	0.00161	0.00689	0.00442	0.03678	0.00689
30	0.00666	0.00518	0.00600	0.00652	0.00763	0.00467	0.00466	0.02720	0.01128	0.01422	0.03939	0.41831	0.37998	0.01455	0.00640	0.00194	0.00296	0.03315	0.00484	0.00444
31	0.01291	0.00695	0.00796	0.00694	0.00863	0.00690	0.00505	0.10757	0.01217	0.17183	0.01692	0.02368	0.01478	0.30885	0.01269	0.00277	0.00422	0.00593	0.25772	0.00552
32	0.01407	0.01210	0.01880	0.01810	0.18909	0.04359	0.21284	0.08020	0.14024	0.10421	0.01493	0.07934	0.01232	0.02854	0.00614	0.00178	0.00615	0.00616	0.00389	0.00749
33	0.00831	0.00585	0.00693	0.00658	0.00738	0.00607	0.00464	0.03026	0.01065	0.01521	0.18695	0.03172	0.10490	0.31235	0.05281	0.00323	0.06138	0.00753	0.13291	0.00435
34	0.01226	0.01314	0.10470	0.01460	0.09947	0.01060	0.16419	0.09443	0.05101	0.01870	0.01090	0.02761	0.00872	0.00482	0.00485	0.00131	0.00574	0.00450	0.00321	0.34524

[dist]
# distance from previous block
# <min> <max>
1	4

[block]
# block no. 7 follows, 47 sequences, length 36
# corresponding to MSA columns:
# 567-602
name=unknown_H
#
# <colnr> <probs for GDERKNQSTAVLIFYWHMCP>
#	G	D	E	R	K	N	Q	S	T	A	V	L	I	F	Y	W	H	M	C	P
0	0.01285	0.01412	0.01045	0.00992	0.01168	0.34476	0.00727	0.01533	0.08560	0.01358	0.03197	0.12806	0.09395	0.11059	0.08443	0.00267	0.00711	0.00677	0.00357	0.00533
1	0.19972	0.01271	0.01207	0.00968	0.01349	0.08741	0.00780	0.24210	0.08963	0.04725	0.01119	0.01172	0.00847	0.00533	0.00439	0.00137	0.00503	0.00387	0.00403	0.22274
2	0.04214	0.01211	0.01396	0.01110	0.01438	0.06883	0.08104	0.29060	0.04619	0.10429	0.01596	0.01652	0.06290	0.00656	0.00570	0.00156	0.05140	0.00518	0.11737	0.03217
3	0.00940	0.00798	0.01097	0.00933	0.01164	0.00785	0.10756	0.07747	0.11514	0.01882	0.23345	0.10852	0.24028	0.01021	0.00600	0.00174	0.00391	0.00906	0.00488	0.00577
4	0.05006	0.01309	0.01410	0.01125	0.01490	0.01462	0.00918	0.56571	0.12302	0.02897	0.01360	0.01404	0.01008	0.00947	0.08140	0.00225	0.00624	0.00486	0.00491	0.00824
5	0.00876	0.00740	0.01020	0.00943	0.00986	0.00919	0.00729	0.01004	0.00883	0.01284	0.09391	0.05805	0.01684	0.17482	0.26095	0.00464	0.28270	0.00644	0.00309	0.00473
6	0.00813	0.00607	0.00689	0.00690	0.00812	0.00586	0.00502	0.08108	0.01168	0.01492	0.03234	0.18188	0.28963	0.21537	0.01140	0.00271	0.00387	0.09917	0.00444	0.00453
7	0.00734	0.00531	0.00714	0.00825	0.00911	0.00512	0.00652	0.00902	0.01112	0.01449	0.03002	0.38070	0.09065	0.01512	0.00688	0.00223	0.00387	0.37777	0.00482	0.00452
8	0.08082	0.00924	0.00964	0.00888	0.01125	0.03273	0.00704	0.12030	0.22005	0.05047	0.02230	0.10174	0.08481	0.00899	0.00535	0.00176	0.00415	0.10631	0.10770	0.00647
9	0.00716	0.00583	0.00726	0.08330	0.01041	0.00566	0.00565	0.00927	0.03122	0.01593	0.24603	0.16741	0.34465	0.01198	0.00635	0.00179	0.02024	0.01030	0.00480	0.00477
10	0.00674	0.00472	0.00604	0.00694	0.00720	0.00451	0.00454	0.00747	0.00943	0.01256	0.02550	0.58384	0.03028	0.22187	0.01177	0.00288	0.00361	0.04171	0.00440	0.00398
11	0.00673	0.00499	0.00564	0.00597	0.00668	0.00459	0.00390	0.00745	0.00975	0.01238	0.03263	0.25630	0.29217	0.31140	0.01382	0.00307	0.00364	0.01079	0.00421	0.00389
12	0.03886	0.11655	0.01869	0.01382	0.01724	0.44680	0.15521	0.05993	0.01396	0.01518	0.00912	0.01083	0.00737	0.00514	0.00475	0.00141	0.00811	0.00396	0.04668	0.00639
13	0.01289	0.01237	0.02114	0.03196	0.78450	0.01237	0.01598	0.01598	0.01186	0.01701	0.00980	0.01289	0.00825	0.00464	0.00516	0.00155	0.00619	0.00464	0.00258	0.00825
14	0.05223	0.01216	0.02057	0.07369	0.67647	0.01233	0.04476	0.01583	0.01165	0.01709	0.00967	0.01278	0.00804	0.00467	0.00511	0.00157	0.00623	0.00461	0.00260	0.00794
15	0.00861	0.00739	0.00876	0.00863	0.00965	0.08249	0.00657	0.01026	0.00892	0.01199	0.01358	0.02052	0.01290	0.10026	0.65627	0.00742	0.01277	0.00553	0.00281	0.00466
16	0.08555	0.01446	0.01409	0.03689	0.05403	0.17516	0.00941	0.28130	0.01745	0.24076	0.01321	0.01308	0.00921	0.00590	0.00495	0.00154	0.00605	0.00442	0.00466	0.00789
17	0.00698	0.00488	0.00625	0.00710	0.00744	0.00471	0.00482	0.00782	0.00954	0.01266	0.02493	0.48284	0.02928	0.25176	0.01257	0.00302	0.00386	0.11123	0.00433	0.00399
18	0.01263	0.01038	0.01177	0.00871	0.01314	0.00908	0.00701	0.15492	0.06596	0.02026	0.01068	0.01171	0.00849	0.00452	0.00421	0.00099	0.00422	0.00358	0.00363	0.63411
