[name]
unknown

[dist]
# distance from previous block
# <min> <max>
5	191

[block]
# block no. 0 follows, 50 sequences, length 36
# corresponding to MSA columns:
# 213-248
name=unknown_A
#
# <colnr> <probs for GDERKNQSTAVLIFYWHMCP>
#	G	D	E	R	K	N	Q	S	T	A	V	L	I	F	Y	W	H	M	C	P
0	0.05202	0.02421	0.72357	0.01351	0.02053	0.01133	0.01720	0.01558	0.01041	0.01613	0.00884	0.01039	0.00632	0.00468	0.00461	0.00154	0.00702	0.00360	0.00219	0.04630
1	0.01127	0.02034	0.47374	0.01647	0.02280	0.01175	0.29961	0.01627	0.01117	0.05447	0.00990	0.01193	0.00708	0.00461	0.00518	0.00161	0.00760	0.00457	0.00246	0.00718
2	0.00941	0.00886	0.01495	0.81285	0.03433	0.01107	0.01384	0.01274	0.00997	0.01274	0.00886	0.01329	0.00664	0.00498	0.00498	0.00166	0.00664	0.00443	0.00221	0.00554
3	0.00712	0.00534	0.00801	0.00801	0.00890	0.00623	0.00623	0.00890	0.00801	0.01157	0.01335	0.01958	0.01246	0.03738	0.80507	0.00801	0.01335	0.00534	0.00267	0.00445
4	0.01184	0.01311	0.02721	0.01969	0.02446	0.01258	0.68261	0.01724	0.10542	0.01656	0.01132	0.01407	0.00849	0.00451	0.00578	0.00168	0.00786	0.00585	0.00283	0.00686
5	0.01234	0.01184	0.02023	0.03059	0.79373	0.01184	0.01530	0.01530	0.01135	0.01628	0.00938	0.01234	0.00790	0.00444	0.00493	0.00148	0.00592	0.00444	0.00247	0.00790
6	0.01158	0.01093	0.01848	0.02773	0.69844	0.01090	0.01400	0.01428	0.01113	0.01585	0.01157	0.11038	0.01093	0.00580	0.00511	0.00155	0.00555	0.00562	0.00273	0.00743
7	0.01768	0.01333	0.01424	0.01121	0.01497	0.01486	0.00917	0.63152	0.17110	0.02936	0.01358	0.01325	0.00978	0.00613	0.00500	0.00153	0.00519	0.00471	0.00500	0.00836
8	0.01176	0.01345	0.02941	0.02101	0.02605	0.01261	0.77563	0.01597	0.01176	0.01597	0.01008	0.01345	0.00756	0.00420	0.00588	0.00168	0.00840	0.00588	0.00252	0.00672
9	0.00603	0.00465	0.00552	0.00616	0.00704	0.00413	0.00429	0.00710	0.01041	0.01323	0.05902	0.48870	0.33737	0.01426	0.00616	0.00187	0.00273	0.01256	0.00465	0.00413
10	0.01015	0.06271	0.76342	0.01395	0.02117	0.01195	0.01796	0.01575	0.01051	0.01560	0.00885	0.01041	0.00632	0.00471	0.00466	0.00155	0.00727	0.00364	0.00211	0.00732
11	0.01091	0.01091	0.01527	0.01309	0.01309	0.01527	0.01091	0.01200	0.00763	0.01200	0.00654	0.01091	0.00654	0.00872	0.01636	0.00218	0.81570	0.00436	0.00218	0.00545
12	0.00603	0.00505	0.00524	0.00520	0.00682	0.00427	0.00390	0.00743	0.01169	0.01426	0.14023	0.04667	0.70149	0.01233	0.00589	0.00167	0.00250	0.01034	0.00473	0.00427
13	0.00607	0.00434	0.00578	0.00694	0.00723	0.00405	0.00463	0.00694	0.00954	0.01272	0.02747	0.82157	0.03297	0.01562	0.00636	0.00202	0.00289	0.01417	0.00463	0.00405
14	0.00805	0.00484	0.00648	0.00717	0.00790	0.00445	0.00495	0.00904	0.01012	0.10777	0.02653	0.72409	0.03047	0.01447	0.00620	0.00197	0.00306	0.01306	0.00481	0.00459
15	0.00941	0.00886	0.01495	0.81285	0.03433	0.01107	0.01384	0.01274	0.00997	0.01274	0.00886	0.01329	0.00664	0.00498	0.00498	0.00166	0.00664	0.00443	0.00221	0.00554
16	0.01034	0.00886	0.01034	0.00738	0.01181	0.00664	0.00591	0.01255	0.01034	0.01624	0.00886	0.01034	0.00738	0.00369	0.00369	0.00074	0.00369	0.00295	0.00295	0.85530
17	0.01333	0.82783	0.02612	0.00853	0.01279	0.01972	0.00853	0.01493	0.01013	0.01173	0.00693	0.00800	0.00640	0.00426	0.00320	0.00107	0.00533	0.00267	0.00213	0.00640
18	0.01431	0.01166	0.01235	0.01053	0.01369	0.01329	0.00835	0.24583	0.56226	0.02394	0.01786	0.01666	0.01325	0.00653	0.00505	0.00163	0.00439	0.00530	0.00505	0.00806
19	0.00712	0.00534	0.00801	0.00801	0.00890	0.00623	0.00623	0.00890	0.00801	0.01157	0.01335	0.01958	0.01246	0.03738	0.80507	0.00801	0.01335	0.00534	0.00267	0.00445
20	0.00603	0.00505	0.00524	0.00520	0.00682	0.00427	0.00390	0.00743	0.01169	0.01426	0.14023	0.04667	0.70149	0.01233	0.00589	0.00167	0.00250	0.01034	0.00473	0.00427
21	0.86003	0.00964	0.00733	0.00655	0.00964	0.01118	0.00540	0.01465	0.00848	0.02236	0.00694	0.00810	0.00540	0.00463	0.00308	0.00154	0.00386	0.00270	0.00308	0.00540
22	0.01892	0.01486	0.01488	0.01159	0.01545	0.08764	0.00949	0.70787	0.02258	0.02966	0.01158	0.01169	0.00829	0.00591	0.00494	0.00148	0.00581	0.00437	0.00477	0.00823
23	0.01027	0.00855	0.00940	0.00858	0.01080	0.00941	0.00661	0.01979	0.48862	0.02012	0.27078	0.02641	0.07321	0.00823	0.00538	0.00165	0.00334	0.00703	0.00518	0.00664
24	0.11315	0.06346	0.66489	0.01300	0.01969	0.01193	0.01635	0.01561	0.01026	0.01638	0.00860	0.01010	0.00621	0.00470	0.00446	0.00155	0.00684	0.00351	0.00222	0.00708
25	0.00768	0.00578	0.00796	0.00936	0.05882	0.00566	0.00705	0.00958	0.01099	0.01440	0.06601	0.13759	0.12295	0.05897	0.03961	0.00247	0.00447	0.42171	0.00435	0.00460
26	0.01249	0.01387	0.11031	0.01301	0.01499	0.06512	0.04605	0.14380	0.01138	0.01600	0.00896	0.04822	0.00810	0.00765	0.01130	0.00190	0.45309	0.00475	0.00280	0.00622
27	0.01428	0.01322	0.08722	0.01064	0.01413	0.06362	0.00909	0.17207	0.41966	0.07721	0.01809	0.01713	0.04800	0.00654	0.00502	0.00160	0.00486	0.00525	0.00467	0.00769
28	0.11454	0.01298	0.02674	0.01926	0.02406	0.01243	0.68231	0.01581	0.01137	0.01674	0.00970	0.01280	0.00730	0.00425	0.00554	0.00166	0.00785	0.00550	0.00259	0.00656
29	0.01159	0.01056	0.01989	0.01511	0.01859	0.01012	0.42229	0.08266	0.02837	0.06998	0.01564	0.21679	0.01481	0.03143	0.00642	0.00183	0.00628	0.00781	0.00359	0.00625
30	0.00850	0.00517	0.00698	0.00756	0.00851	0.00482	0.00562	0.00988	0.01082	0.10871	0.08107	0.51914	0.03064	0.01372	0.00627	0.00199	0.00335	0.15764	0.00487	0.00474
31	0.00866	0.00433	0.00649	0.00649	0.00649	0.00433	0.00433	0.00649	0.00649	0.00866	0.00866	0.01515	0.00866	0.01732	0.01948	0.85498	0.00433	0.00433	0.00216	0.00216
32	0.00691	0.00507	0.00648	0.00617	0.00737	0.00464	0.00461	0.00912	0.01372	0.01916	0.69824	0.06016	0.11859	0.01058	0.00589	0.00159	0.00238	0.00930	0.00538	0.00464
33	0.00812	0.00485	0.00702	0.00733	0.00775	0.00498	0.00545	0.00784	0.00804	0.01078	0.01453	0.05011	0.01523	0.06326	0.14034	0.44826	0.00580	0.18418	0.00294	0.00320
34	0.01470	0.31574	0.06975	0.01039	0.01424	0.31305	0.00917	0.03111	0.01195	0.01332	0.00778	0.00901	0.00661	0.00456	0.00391	0.00113	0.00657	0.00302	0.00249	0.15148
35	0.11453	0.13691	0.26637	0.01721	0.25377	0.01284	0.03099	0.03194	0.04164	0.01668	0.00908	0.01082	0.00715	0.00463	0.00439	0.00145	0.00596	0.00377	0.00255	0.02731

[dist]
# distance from previous block
# <min> <max>
0	2

[block]
# block no. 1 follows, 50 sequences, length 34
# corresponding to MSA columns:
# 251-284
name=unknown_B
#
# <colnr> <probs for GDERKNQSTAVLIFYWHMCP>
#	G	D	E	R	K	N	Q	S	T	A	V	L	I	F	Y	W	H	M	C	P
0	0.01428	0.01753	0.10276	0.01438	0.12201	0.35769	0.02914	0.06549	0.03069	0.01567	0.08248	0.03672	0.01273	0.00627	0.00496	0.00147	0.00688	0.04883	0.00316	0.02686
1	0.01023	0.00915	0.01505	0.65600	0.11360	0.01095	0.01334	0.01386	0.03988	0.03747	0.00984	0.01362	0.00742	0.00505	0.00495	0.00163	0.00630	0.00450	0.02123	0.00595
2	0.00803	0.00574	0.00803	0.00918	0.01033	0.00574	0.00803	0.01033	0.01147	0.01492	0.02639	0.05622	0.02869	0.01377	0.00688	0.00229	0.00459	0.76018	0.00459	0.00459
3	0.00765	0.00621	0.00944	0.00815	0.00981	0.00579	0.09962	0.01036	0.03068	0.01881	0.60124	0.07550	0.07741	0.00978	0.00589	0.00161	0.00317	0.00890	0.00503	0.00496
4	0.00967	0.00971	0.01819	0.01417	0.01702	0.03347	0.37344	0.01245	0.00998	0.01359	0.01215	0.03827	0.01085	0.07181	0.32677	0.00442	0.01002	0.00589	0.00267	0.00547
5	0.01117	0.01444	0.19988	0.19390	0.45227	0.01162	0.01571	0.01486	0.01086	0.01541	0.00917	0.01212	0.00726	0.00463	0.00490	0.00154	0.00641	0.00426	0.00233	0.00727
6	0.01488	0.01578	0.01217	0.01074	0.01345	0.35452	0.00823	0.10005	0.20696	0.01751	0.09062	0.04326	0.01391	0.00640	0.00483	0.00142	0.00608	0.00490	0.00384	0.07043
7	0.00612	0.00506	0.00537	0.00529	0.00688	0.00431	0.00397	0.00760	0.01191	0.01477	0.19882	0.04582	0.64257	0.01214	0.00589	0.00166	0.00249	0.01022	0.00480	0.00431
8	0.01489	0.12356	0.06639	0.01099	0.01448	0.17106	0.00933	0.17123	0.32759	0.01968	0.01363	0.01344	0.01038	0.00582	0.00467	0.00148	0.00566	0.00440	0.00397	0.00735
9	0.00715	0.00521	0.00737	0.00737	0.00804	0.00588	0.00543	0.00849	0.00782	0.01110	0.01394	0.02282	0.01387	0.23270	0.61168	0.00722	0.01124	0.00581	0.00276	0.00410
10	0.00859	0.00561	0.00717	0.00646	0.00811	0.00501	0.00493	0.01079	0.01366	0.09456	0.60226	0.03494	0.11548	0.00970	0.00568	0.00153	0.00262	0.00846	0.00534	0.04909
11	0.01034	0.00886	0.01034	0.00738	0.01181	0.00664	0.00591	0.01255	0.01034	0.01624	0.00886	0.01034	0.00738	0.00369	0.00369	0.00074	0.00369	0.00295	0.00295	0.85530
12	0.80490	0.00956	0.00761	0.00671	0.00984	0.01093	0.00553	0.01529	0.00886	0.07336	0.00778	0.00868	0.00585	0.00473	0.00321	0.00154	0.00388	0.00285	0.00329	0.00560
13	0.00607	0.00434	0.00578	0.00694	0.00723	0.00405	0.00463	0.00694	0.00954	0.01272	0.02747	0.82157	0.03297	0.01562	0.00636	0.00202	0.00289	0.01417	0.00463	0.00405
14	0.00712	0.00534	0.00801	0.00801	0.00890	0.00623	0.00623	0.00890	0.00801	0.01157	0.01335	0.01958	0.01246	0.03738	0.80507	0.00801	0.01335	0.00534	0.00267	0.00445
15	0.01234	0.01184	0.02023	0.03059	0.79373	0.01184	0.01530	0.01530	0.01135	0.01628	0.00938	0.01234	0.00790	0.00444	0.00493	0.00148	0.00592	0.00444	0.00247	0.00790
16	0.00589	0.00505	0.00505	0.00505	0.00673	0.00421	0.00379	0.00715	0.01136	0.01347	0.05049	0.04797	0.79171	0.01262	0.00589	0.00168	0.00252	0.01052	0.00463	0.00421
17	0.00720	0.00490	0.00576	0.00566	0.00596	0.00480	0.00346	0.00781	0.00905	0.01237	0.21884	0.03383	0.02569	0.61142	0.02026	0.00398	0.00418	0.00771	0.00367	0.00346
18	0.01333	0.82783	0.02612	0.00853	0.01279	0.01972	0.00853	0.01493	0.01013	0.01173	0.00693	0.00800	0.00640	0.00426	0.00320	0.00107	0.00533	0.00267	0.00213	0.00640
19	0.01000	0.02578	0.79900	0.01421	0.02157	0.01158	0.01842	0.01579	0.01052	0.01579	0.00895	0.01052	0.00631	0.00474	0.00474	0.00158	0.00737	0.00368	0.00210	0.00737
20	0.00596	0.00499	0.00519	0.00527	0.00681	0.00422	0.00390	0.00724	0.01134	0.01372	0.08456	0.11268	0.69153	0.01276	0.00593	0.00171	0.00255	0.01075	0.00467	0.00422
21	0.00608	0.00462	0.00560	0.00627	0.00708	0.00414	0.00435	0.00717	0.01045	0.01345	0.08540	0.51240	0.28650	0.01426	0.00617	0.00188	0.00273	0.01262	0.00468	0.00414
22	0.00705	0.00510	0.00666	0.00627	0.00745	0.00470	0.00470	0.00941	0.01411	0.01999	0.79110	0.03723	0.04703	0.01019	0.00588	0.00157	0.00235	0.00901	0.00549	0.00470
23	0.01862	0.02376	0.01413	0.01284	0.01541	0.80482	0.00963	0.01990	0.01413	0.01220	0.00770	0.00899	0.00642	0.00514	0.00449	0.00128	0.00899	0.00321	0.00257	0.00578
24	0.02236	0.00848	0.01157	0.00887	0.01272	0.00733	0.00733	0.02429	0.01427	0.79719	0.01966	0.01697	0.01234	0.00617	0.00501	0.00154	0.00424	0.00501	0.00617	0.00848
25	0.06309	0.00854	0.01136	0.00876	0.01257	0.00751	0.00723	0.02382	0.01399	0.75951	0.01905	0.01653	0.01200	0.00609	0.00492	0.00154	0.00422	0.00490	0.00602	0.00833
26	0.01333	0.82783	0.02612	0.00853	0.01279	0.01972	0.00853	0.01493	0.01013	0.01173	0.00693	0.00800	0.00640	0.00426	0.00320	0.00107	0.00533	0.00267	0.00213	0.00640
27	0.00705	0.00510	0.00666	0.00627	0.00745	0.00470	0.00470	0.00941	0.01411	0.01999	0.79110	0.03723	0.04703	0.01019	0.00588	0.00157	0.00235	0.00901	0.00549	0.00470
28	0.01131	0.01066	0.01764	0.07722	0.56181	0.01132	0.01340	0.01387	0.01041	0.01491	0.00970	0.01385	0.00856	0.04757	0.07453	0.00228	0.08687	0.00464	0.00247	0.00697
29	0.02236	0.00848	0.01157	0.00887	0.01272	0.00733	0.00733	0.02429	0.01427	0.79719	0.01966	0.01697	0.01234	0.00617	0.00501	0.00154	0.00424	0.00501	0.00617	0.00848
30	0.00941	0.00886	0.01495	0.81285	0.03433	0.01107	0.01384	0.01274	0.00997	0.01274	0.00886	0.01329	0.00664	0.00498	0.00498	0.00166	0.00664	0.00443	0.00221	0.00554
31	0.01044	0.02268	0.60519	0.01592	0.02270	0.01184	0.20911	0.01583	0.01084	0.01583	0.00923	0.01126	0.00663	0.00460	0.00502	0.00160	0.00763	0.00424	0.00221	0.00720
32	0.08804	0.01005	0.01518	0.01682	0.25777	0.01022	0.12263	0.06351	0.10715	0.01795	0.06831	0.08669	0.10019	0.00704	0.00522	0.00162	0.00496	0.00644	0.00363	0.00659
33	0.01329	0.03622	0.42701	0.01314	0.01863	0.03908	0.03103	0.25717	0.01456	0.02031	0.00969	0.01097	0.00707	0.00537	0.00555	0.00156	0.05994	0.00398	0.00306	0.02238

[dist]
# distance from previous block
# <min> <max>
2	10

[block]
# block no. 2 follows, 50 sequences, length 12
# corresponding to MSA columns:
# 295-306
name=unknown_C
#
# <colnr> <probs for GDERKNQSTAVLIFYWHMCP>
#	G	D	E	R	K	N	Q	S	T	A	V	L	I	F	Y	W	H	M	C	P
0	0.12767	0.04764	0.15948	0.11143	0.01512	0.04670	0.00925	0.01411	0.01074	0.13278	0.04808	0.17624	0.03311	0.03928	0.00570	0.00176	0.00499	0.00640	0.00363	0.00590
1	0.03739	0.01713	0.16787	0.08974	0.06388	0.21702	0.14890	0.01785	0.05498	0.09302	0.01041	0.01205	0.00777	0.00515	0.00533	0.00155	0.03603	0.00431	0.00293	0.00672
2	0.01080	0.01004	0.01590	0.30449	0.32954	0.01029	0.01246	0.01370	0.01061	0.01501	0.00906	0.01218	0.00732	0.00445	0.00465	0.00136	0.00563	0.00407	0.00250	0.21594
3	0.00805	0.00558	0.00749	0.00845	0.00963	0.00553	0.00729	0.01029	0.01136	0.01524	0.02665	0.05162	0.07032	0.01283	0.00645	0.00214	0.00422	0.63463	0.09767	0.00457
4	0.01338	0.01120	0.01183	0.01034	0.01334	0.01286	0.00813	0.13941	0.67020	0.02244	0.01904	0.01760	0.01420	0.00665	0.00506	0.00166	0.00418	0.00546	0.00506	0.00798
5	0.01335	0.00696	0.00903	0.00965	0.11594	0.00671	0.00633	0.01600	0.04412	0.23413	0.01640	0.01814	0.01242	0.05601	0.00552	0.00156	0.00357	0.00492	0.41305	0.00619
6	0.00592	0.00495	0.00515	0.00531	0.00680	0.00419	0.00390	0.00712	0.01111	0.01336	0.04734	0.15394	0.68778	0.01303	0.00596	0.00173	0.00258	0.01102	0.00463	0.00419
7	0.01202	0.01375	0.12691	0.02835	0.68796	0.01181	0.01572	0.01536	0.01124	0.01622	0.00932	0.01209	0.00768	0.00448	0.00491	0.00149	0.00612	0.00434	0.00242	0.00782
8	0.00651	0.00507	0.00591	0.00570	0.00712	0.00447	0.00428	0.00836	0.01283	0.01696	0.44748	0.04221	0.39254	0.01132	0.00588	0.00162	0.00243	0.00971	0.00509	0.00447
9	0.01291	0.18953	0.23759	0.01174	0.04067	0.17843	0.01127	0.06620	0.06078	0.01611	0.11632	0.01398	0.01268	0.00567	0.00456	0.00141	0.00621	0.00430	0.00306	0.00659
10	0.00623	0.00503	0.00534	0.00528	0.00669	0.00436	0.00384	0.00751	0.01130	0.01401	0.15911	0.04454	0.58788	0.10729	0.00817	0.00203	0.00277	0.00991	0.00457	0.00414
11	0.01772	0.16964	0.01651	0.01175	0.01494	0.48957	0.00939	0.18277	0.01540	0.01627	0.00848	0.00945	0.00686	0.00516	0.00436	0.00129	0.00756	0.00339	0.00301	0.00648

[dist]
# distance from previous block
# <min> <max>
0	3

[block]
# block no. 3 follows, 50 sequences, length 90
# corresponding to MSA columns:
# 310-399
name=unknown_D
#
# <colnr> <probs for GDERKNQSTAVLIFYWHMCP>
#	G	D	E	R	K	N	Q	S	T	A	V	L	I	F	Y	W	H	M	C	P
0	0.01403	0.03971	0.08578	0.01485	0.07063	0.14663	0.18813	0.03697	0.22603	0.08043	0.01297	0.01379	0.00974	0.00548	0.00542	0.00158	0.03234	0.00482	0.00352	0.00715
1	0.41682	0.04587	0.01382	0.01679	0.32896	0.05240	0.00982	0.01542	0.01014	0.03702	0.00827	0.01007	0.00667	0.00460	0.00396	0.00148	0.00503	0.00349	0.00284	0.00655
2	0.01291	0.01066	0.09010	0.22368	0.18238	0.00975	0.01155	0.01651	0.06173	0.19297	0.01397	0.01669	0.02704	0.03264	0.05765	0.00211	0.00609	0.02124	0.00350	0.00684
3	0.00600	0.00505	0.00521	0.00517	0.00680	0.00426	0.00388	0.00737	0.01163	0.01410	0.12258	0.04692	0.71923	0.01239	0.00589	0.00167	0.00251	0.01037	0.00471	0.00426
4	0.01478	0.01129	0.01308	0.09874	0.03281	0.01259	0.00907	0.38424	0.19176	0.04557	0.09563	0.01663	0.01406	0.00736	0.02807	0.00175	0.00514	0.00525	0.00466	0.00750
5	0.00689	0.00509	0.00644	0.00610	0.00735	0.00463	0.00457	0.00909	0.01372	0.01907	0.68675	0.03875	0.15196	0.01053	0.00588	0.00158	0.00238	0.00923	0.00537	0.00463
6	0.00823	0.00507	0.00719	0.00712	0.00771	0.00541	0.00510	0.00857	0.00781	0.04692	0.01340	0.05462	0.01334	0.17530	0.37622	0.23717	0.00846	0.00578	0.00284	0.00373
7	0.01862	0.02376	0.01413	0.01284	0.01541	0.80482	0.00963	0.01990	0.01413	0.01220	0.00770	0.00899	0.00642	0.00514	0.00449	0.00128	0.00899	0.00321	0.00257	0.00578
8	0.01333	0.82783	0.02612	0.00853	0.01279	0.01972	0.00853	0.01493	0.01013	0.01173	0.00693	0.00800	0.00640	0.00426	0.00320	0.00107	0.00533	0.00267	0.00213	0.00640
9	0.86003	0.00964	0.00733	0.00655	0.00964	0.01118	0.00540	0.01465	0.00848	0.02236	0.00694	0.00810	0.00540	0.00463	0.00308	0.00154	0.00386	0.00270	0.00308	0.00540
10	0.01086	0.14209	0.65325	0.01326	0.02004	0.01293	0.01660	0.04789	0.01101	0.01586	0.00878	0.01022	0.00642	0.00472	0.00452	0.00150	0.00699	0.00357	0.00223	0.00727
11	0.66640	0.00946	0.00801	0.00674	0.01013	0.01015	0.00551	0.01417	0.00891	0.02097	0.00738	0.00861	0.00585	0.00441	0.00322	0.00136	0.00382	0.00276	0.00305	0.19908
12	0.00589	0.00505	0.00505	0.00505	0.00673	0.00421	0.00379	0.00715	0.01136	0.01347	0.05049	0.04797	0.79171	0.01262	0.00589	0.00168	0.00252	0.01052	0.00463	0.00421
13	0.01034	0.00886	0.01034	0.00738	0.01181	0.00664	0.00591	0.01255	0.01034	0.01624	0.00886	0.01034	0.00738	0.00369	0.00369	0.00074	0.00369	0.00295	0.00295	0.85530
14	0.00676	0.00508	0.00625	0.00596	0.00727	0.00458	0.00447	0.00884	0.01341	0.01833	0.60337	0.03995	0.23580	0.01081	0.00588	0.00160	0.00240	0.00940	0.00527	0.00458
15	0.01379	0.17879	0.32000	0.01255	0.01793	0.01212	0.12386	0.01749	0.01163	0.20251	0.03508	0.01280	0.00920	0.00507	0.00470	0.00148	0.00621	0.00428	0.00325	0.00727
16	0.00600	0.00508	0.00520	0.00523	0.00688	0.00428	0.00397	0.00733	0.01145	0.01371	0.07171	0.04795	0.74219	0.01259	0.00593	0.00170	0.00259	0.03733	0.00465	0.00424
17	0.01091	0.01091	0.01527	0.01309	0.01309	0.01527	0.01091	0.01200	0.00763	0.01200	0.00654	0.01091	0.00654	0.00872	0.01636	0.00218	0.81570	0.00436	0.00218	0.00545
18	0.01294	0.01234	0.02018	0.08056	0.55309	0.03186	0.09942	0.09718	0.01267	0.01753	0.00966	0.01240	0.00780	0.00463	0.00504	0.00151	0.00628	0.00458	0.00273	0.00761
19	0.01000	0.04833	0.75255	0.01380	0.02089	0.01160	0.01771	0.01557	0.01062	0.01580	0.03269	0.01126	0.00756	0.00489	0.00473	0.00156	0.00716	0.00382	0.00221	0.00726
20	0.00971	0.00885	0.01241	0.01147	0.01189	0.01155	0.00964	0.01122	0.00892	0.01292	0.01362	0.03917	0.01440	0.01194	0.05387	0.00252	0.50025	0.24755	0.00302	0.00510
21	0.07126	0.04092	0.01746	0.01831	0.24013	0.41512	0.09522	0.01766	0.01258	0.01444	0.00838	0.01036	0.00690	0.00478	0.00464	0.00140	0.00760	0.00381	0.00256	0.00648
22	0.00671	0.00518	0.00618	0.00620	0.00759	0.00465	0.00483	0.00858	0.01251	0.01638	0.35228	0.04483	0.36486	0.01180	0.00604	0.00173	0.00278	0.12742	0.00498	0.00447
23	0.00712	0.00534	0.00801	0.00801	0.00890	0.00623	0.00623	0.00890	0.00801	0.01157	0.01335	0.01958	0.01246	0.03738	0.80507	0.00801	0.01335	0.00534	0.00267	0.00445
24	0.00705	0.00510	0.00666	0.00627	0.00745	0.00470	0.00470	0.00941	0.01411	0.01999	0.79110	0.03723	0.04703	0.01019	0.00588	0.00157	0.00235	0.00901	0.00549	0.00470
25	0.01226	0.00880	0.01053	0.00762	0.01196	0.00675	0.00613	0.01443	0.01097	0.14131	0.01059	0.01140	0.00818	0.00409	0.00390	0.00087	0.00378	0.00328	0.00347	0.71968
26	0.01056	0.01870	0.41002	0.01470	0.01905	0.01306	0.11575	0.01442	0.00963	0.01442	0.00822	0.01105	0.00656	0.00613	0.00915	0.00181	0.30378	0.00422	0.00219	0.00658
27	0.00719	0.00514	0.00707	0.00822	0.00900	0.00501	0.00657	0.00888	0.01065	0.01398	0.02685	0.38404	0.03052	0.01456	0.00666	0.00218	0.00386	0.44065	0.00461	0.00436
28	0.00589	0.00505	0.00505	0.00505	0.00673	0.00421	0.00379	0.00715	0.01136	0.01347	0.05049	0.04797	0.79171	0.01262	0.00589	0.00168	0.00252	0.01052	0.00463	0.00421
29	0.00725	0.00483	0.00544	0.00544	0.00544	0.00483	0.00302	0.00725	0.00725	0.00966	0.01571	0.03262	0.01812	0.82483	0.02537	0.00483	0.00483	0.00725	0.00302	0.00302
30	0.86003	0.00964	0.00733	0.00655	0.00964	0.01118	0.00540	0.01465	0.00848	0.02236	0.00694	0.00810	0.00540	0.00463	0.00308	0.00154	0.00386	0.00270	0.00308	0.00540
31	0.01060	0.01994	0.46206	0.01565	0.02104	0.01253	0.20114	0.01511	0.01027	0.01511	0.00876	0.01131	0.00666	0.00537	0.00724	0.00172	0.16209	0.00435	0.00222	0.00684
32	0.00607	0.00434	0.00578	0.00694	0.00723	0.00405	0.00463	0.00694	0.00954	0.01272	0.02747	0.82157	0.03297	0.01562	0.00636	0.00202	0.00289	0.01417	0.00463	0.00405
33	0.00607	0.00434	0.00578	0.00694	0.00723	0.00405	0.00463	0.00694	0.00954	0.01272	0.02747	0.82157	0.03297	0.01562	0.00636	0.00202	0.00289	0.01417	0.00463	0.00405
34	0.01240	0.01071	0.01127	0.01014	0.01296	0.01240	0.00789	0.02649	0.78473	0.02085	0.02029	0.01860	0.01522	0.00676	0.00507	0.00169	0.00394	0.00564	0.00507	0.00789
35	0.01895	0.01396	0.01496	0.01147	0.01546	0.01546	0.00947	0.77711	0.02344	0.03141	0.01197	0.01197	0.00848	0.00598	0.00499	0.00150	0.00548	0.00449	0.00499	0.00848
36	0.01333	0.82783	0.02612	0.00853	0.01279	0.01972	0.00853	0.01493	0.01013	0.01173	0.00693	0.00800	0.00640	0.00426	0.00320	0.00107	0.00533	0.00267	0.00213	0.00640
37	0.01862	0.02376	0.01413	0.01284	0.01541	0.80482	0.00963	0.01990	0.01413	0.01220	0.00770	0.00899	0.00642	0.00514	0.00449	0.00128	0.00899	0.00321	0.00257	0.00578
38	0.00712	0.00534	0.00801	0.00801	0.00890	0.00623	0.00623	0.00890	0.00801	0.01157	0.01335	0.01958	0.01246	0.03738	0.80507	0.00801	0.01335	0.00534	0.00267	0.00445
39	0.01333	0.82783	0.02612	0.00853	0.01279	0.01972	0.00853	0.01493	0.01013	0.01173	0.00693	0.00800	0.00640	0.00426	0.00320	0.00107	0.00533	0.00267	0.00213	0.00640
40	0.01333	0.82783	0.02612	0.00853	0.01279	0.01972	0.00853	0.01493	0.01013	0.01173	0.00693	0.00800	0.00640	0.00426	0.00320	0.00107	0.00533	0.00267	0.00213	0.00640
41	0.01846	0.01440	0.08016	0.01098	0.01488	0.12843	0.00944	0.29246	0.10047	0.25737	0.01431	0.01363	0.00988	0.00589	0.00491	0.00151	0.00562	0.00451	0.00475	0.00792
42	0.01016	0.06534	0.76088	0.01393	0.02114	0.01198	0.01793	0.01574	0.01050	0.01559	0.00885	0.01040	0.00632	0.00471	0.00466	0.00155	0.00727	0.00363	0.00211	0.00732
43	0.09455	0.38595	0.12240	0.00959	0.01380	0.01401	0.06331	0.01595	0.01072	0.11758	0.01014	0.01109	0.00787	0.00478	0.00385	0.00130	0.00520	0.00356	0.09783	0.00653
44	0.00941	0.00886	0.01495	0.81285	0.03433	0.01107	0.01384	0.01274	0.00997	0.01274	0.00886	0.01329	0.00664	0.00498	0.00498	0.00166	0.00664	0.00443	0.00221	0.00554
45	0.00645	0.00507	0.00583	0.00564	0.00708	0.00445	0.00423	0.00824	0.01268	0.01660	0.40669	0.04281	0.43356	0.01145	0.00589	0.00163	0.00244	0.00980	0.00504	0.00445
46	0.01240	0.01071	0.01127	0.01014	0.01296	0.01240	0.00789	0.02649	0.78473	0.02085	0.02029	0.01860	0.01522	0.00676	0.00507	0.00169	0.00394	0.00564	0.00507	0.00789
47	0.86003	0.00964	0.00733	0.00655	0.00964	0.01118	0.00540	0.01465	0.00848	0.02236	0.00694	0.00810	0.00540	0.00463	0.00308	0.00154	0.00386	0.00270	0.00308	0.00540
48	0.86003	0.00964	0.00733	0.00655	0.00964	0.01118	0.00540	0.01465	0.00848	0.02236	0.00694	0.00810	0.00540	0.00463	0.00308	0.00154	0.00386	0.00270	0.00308	0.00540
49	0.00941	0.00886	0.01495	0.81285	0.03433	0.01107	0.01384	0.01274	0.00997	0.01274	0.00886	0.01329	0.00664	0.00498	0.00498	0.00166	0.00664	0.00443	0.00221	0.00554
50	0.01862	0.02376	0.01413	0.01284	0.01541	0.80482	0.00963	0.01990	0.01413	0.01220	0.00770	0.00899	0.00642	0.00514	0.00449	0.00128	0.00899	0.00321	0.00257	0.00578
51	0.86003	0.00964	0.00733	0.00655	0.00964	0.01118	0.00540	0.01465	0.00848	0.02236	0.00694	0.00810	0.00540	0.00463	0.00308	0.00154	0.00386	0.00270	0.00308	0.00540
52	0.00722	0.00494	0.00598	0.00598	0.00617	0.00513	0.00370	0.00760	0.00741	0.01007	0.01521	0.02987	0.01693	0.65873	0.18983	0.00550	0.00663	0.00685	0.00295	0.00332
53	0.86003	0.00964	0.00733	0.00655	0.00964	0.01118	0.00540	0.01465	0.00848	0.02236	0.00694	0.00810	0.00540	0.00463	0.00308	0.00154	0.00386	0.00270	0.00308	0.00540
54	0.02236	0.00848	0.01157	0.00887	0.01272	0.00733	0.00733	0.02429	0.01427	0.79719	0.01966	0.01697	0.01234	0.00617	0.00501	0.00154	0.00424	0.00501	0.00617	0.00848
55	0.01234	0.01184	0.02023	0.03059	0.79373	0.01184	0.01530	0.01530	0.01135	0.01628	0.00938	0.01234	0.00790	0.00444	0.00493	0.00148	0.00592	0.00444	0.00247	0.00790
56	0.00607	0.00434	0.00578	0.00694	0.00723	0.00405	0.00463	0.00694	0.00954	0.01272	0.02747	0.82157	0.03297	0.01562	0.00636	0.00202	0.00289	0.01417	0.00463	0.00405
57	0.01400	0.01035	0.01132	0.00994	0.01292	0.01158	0.00780	0.02613	0.66076	0.14576	0.02019	0.01833	0.01475	0.00667	0.00506	0.00167	0.00399	0.00554	0.00525	0.00798
58	0.01862	0.02376	0.01413	0.01284	0.01541	0.80482	0.00963	0.01990	0.01413	0.01220	0.00770	0.00899	0.00642	0.00514	0.00449	0.00128	0.00899	0.00321	0.00257	0.00578
59	0.00589	0.00505	0.00505	0.00505	0.00673	0.00421	0.00379	0.00715	0.01136	0.01347	0.05049	0.04797	0.79171	0.01262	0.00589	0.00168	0.00252	0.01052	0.00463	0.00421
60	0.00725	0.00483	0.00544	0.00544	0.00544	0.00483	0.00302	0.00725	0.00725	0.00966	0.01571	0.03262	0.01812	0.82483	0.02537	0.00483	0.00483	0.00725	0.00302	0.00302
61	0.01895	0.01396	0.01496	0.01147	0.01546	0.01546	0.00947	0.77711	0.02344	0.03141	0.01197	0.01197	0.00848	0.00598	0.00499	0.00150	0.00548	0.00449	0.00499	0.00848
62	0.01274	0.01172	0.01841	0.07449	0.58882	0.01218	0.01384	0.08330	0.10153	0.01792	0.01083	0.01308	0.00871	0.00488	0.00496	0.00152	0.00570	0.00458	0.00297	0.00780
63	0.01094	0.01905	0.46066	0.01385	0.07309	0.01153	0.01443	0.07675	0.12644	0.01727	0.01133	0.01296	0.00860	0.00876	0.09213	0.00229	0.02558	0.00429	0.00286	0.00721
64	0.00725	0.00483	0.00544	0.00544	0.00544	0.00483	0.00302	0.00725	0.00725	0.00966	0.01571	0.03262	0.01812	0.82483	0.02537	0.00483	0.00483	0.00725	0.00302	0.00302
65	0.01094	0.01137	0.13319	0.01069	0.06585	0.00960	0.00890	0.09247	0.23965	0.03642	0.14687	0.02367	0.11900	0.00758	0.00518	0.00160	0.00425	0.01791	0.04820	0.00666
66	0.00702	0.00509	0.00662	0.00624	0.00743	0.00469	0.00468	0.00934	0.01403	0.01980	0.76970	0.03754	0.06855	0.01026	0.00588	0.00157	0.00236	0.00906	0.00546	0.00469
67	0.01102	0.01721	0.33623	0.01488	0.02013	0.01141	0.25914	0.05942	0.08598	0.01755	0.06979	0.01471	0.01104	0.00578	0.01778	0.00171	0.00684	0.00508	0.02737	0.00695
68	0.00906	0.00469	0.00486	0.00482	0.00598	0.00465	0.00361	0.01138	0.01084	0.01873	0.09775	0.02054	0.01638	0.00627	0.00374	0.00120	0.00233	0.00511	0.76342	0.00465
69	0.57549	0.00910	0.00856	0.00723	0.01046	0.00976	0.00594	0.01729	0.01044	0.25206	0.04391	0.01196	0.00922	0.00532	0.00377	0.00154	0.00391	0.00365	0.00410	0.00628
70	0.01403	0.72154	0.02453	0.00910	0.01314	0.12350	0.00867	0.01558	0.01066	0.01179	0.00703	0.00813	0.00640	0.00438	0.00337	0.00109	0.00581	0.00274	0.00219	0.00631
71	0.08622	0.01387	0.01438	0.03459	0.09696	0.10176	0.00964	0.48121	0.01885	0.05350	0.01113	0.01176	0.00815	0.00559	0.00473	0.00147	0.00568	0.00422	0.02860	0.00768
72	0.01405	0.01521	0.11700	0.07490	0.29333	0.10766	0.04528	0.20921	0.01451	0.01920	0.01035	0.03761	0.00837	0.00534	0.00496	0.00151	0.00642	0.00458	0.00313	0.00738
73	0.01030	0.00934	0.01449	0.63271	0.05285	0.01133	0.01281	0.05382	0.10129	0.01481	0.01084	0.01497	0.00837	0.00546	0.00504	0.00167	0.00619	0.02492	0.00276	0.00601
74	0.07015	0.01157	0.01753	0.06742	0.55140	0.04497	0.01328	0.01480	0.01079	0.01605	0.00920	0.01214	0.00772	0.00499	0.00581	0.00154	0.08291	0.00427	0.04636	0.00711
75	0.01148	0.01117	0.01960	0.24477	0.51628	0.01170	0.08294	0.01465	0.01101	0.01528	0.00930	0.01270	0.00752	0.00457	0.00503	0.00155	0.00634	0.00457	0.00240	0.00714
76	0.01043	0.01608	0.30463	0.07736	0.26680	0.01086	0.10831	0.01438	0.01090	0.01543	0.01302	0.05610	0.06211	0.00570	0.00512	0.00160	0.00642	0.00526	0.00258	0.00694
77	0.00704	0.00485	0.00540	0.00543	0.00566	0.00473	0.00317	0.00723	0.00785	0.01025	0.02062	0.05729	0.12022	0.69484	0.02226	0.00434	0.00447	0.00788	0.00328	0.00321
78	0.03382	0.01151	0.01909	0.02772	0.68587	0.01165	0.01430	0.01578	0.01133	0.07180	0.00993	0.01250	0.00809	0.00475	0.00538	0.00152	0.04003	0.00444	0.00273	0.00777
79	0.00784	0.00563	0.00777	0.00868	0.00985	0.00556	0.00747	0.01012	0.01182	0.01554	0.12758	0.05350	0.05260	0.01327	0.00672	0.00218	0.00424	0.64033	0.00471	0.00459
80	0.01084	0.00997	0.04420	0.01121	0.08657	0.01026	0.00817	0.02037	0.47380	0.01976	0.19917	0.02293	0.04638	0.00744	0.00526	0.00164	0.00386	0.00638	0.00478	0.00701
81	0.00866	0.00433	0.00649	0.00649	0.00649	0.00433	0.00433	0.00649	0.00649	0.00866	0.00866	0.01515	0.00866	0.01732	0.01948	0.85498	0.00433	0.00433	0.00216	0.00216
82	0.01211	0.01151	0.10448	0.03416	0.01340	0.01085	0.00862	0.18135	0.28552	0.02037	0.05038	0.01828	0.01378	0.08572	0.06159	0.00232	0.00530	0.00533	0.06814	0.00680
83	0.01346	0.50940	0.09929	0.04361	0.04815	0.11097	0.06449	0.03477	0.01114	0.01320	0.00775	0.00924	0.00660	0.00449	0.00388	0.00124	0.00626	0.00325	0.00230	0.00652
84	0.01862	0.02376	0.01413	0.01284	0.01541	0.80482	0.00963	0.01990	0.01413	0.01220	0.00770	0.00899	0.00642	0.00514	0.00449	0.00128	0.00899	0.00321	0.00257	0.00578
85	0.00803	0.00574	0.00803	0.00918	0.01033	0.00574	0.00803	0.01033	0.01147	0.01492	0.02639	0.05622	0.02869	0.01377	0.00688	0.00229	0.00459	0.76018	0.00459	0.00459
86	0.10472	0.01306	0.03154	0.03377	0.07008	0.01415	0.00957	0.50856	0.11966	0.02718	0.01220	0.01246	0.00890	0.00578	0.00479	0.00153	0.00522	0.00443	0.00448	0.00793
87	0.01222	0.01209	0.02022	0.08192	0.62273	0.03613	0.07669	0.01518	0.01122	0.01571	0.00923	0.01233	0.00768	0.00466	0.00549	0.00153	0.04054	0.00452	0.00245	0.00747
88	0.00977	0.00884	0.01350	0.01448	0.19271	0.00913	0.10881	0.01325	0.11250	0.01473	0.06062	0.02425	0.11538	0.21021	0.01114	0.00245	0.06261	0.00652	0.00338	0.00570
89	0.01610	0.04711	0.03419	0.01448	0.12853	0.01376	0.06622	0.41805	0.10596	0.06297	0.01292	0.03480	0.00981	0.00589	0.00501	0.00153	0.00549	0.00491	0.00431	0.00797

[dist]
# distance from previous block
# <min> <max>
1	2

[block]
# block no. 4 follows, 50 sequences, length 8
# corresponding to MSA columns:
# 402-409
name=unknown_E
#
# <colnr> <probs for GDERKNQSTAVLIFYWHMCP>
#	G	D	E	R	K	N	Q	S	T	A	V	L	I	F	Y	W	H	M	C	P
0	0.01598	0.01022	0.01123	0.00863	0.01249	0.08313	0.00693	0.05789	0.01306	0.31290	0.04992	0.01408	0.01110	0.00520	0.00444	0.00117	0.00443	0.00413	0.00436	0.36872
1	0.01099	0.01160	0.09977	0.01535	0.18441	0.01057	0.08490	0.12258	0.01286	0.01778	0.11551	0.05161	0.12255	0.00752	0.00676	0.00166	0.10734	0.00630	0.00353	0.00643
2	0.00677	0.00567	0.00688	0.00783	0.08170	0.00504	0.00512	0.00841	0.01188	0.01513	0.20835	0.07761	0.51881	0.01145	0.00582	0.00165	0.00283	0.00978	0.00461	0.00466
3	0.03747	0.04361	0.12382	0.05235	0.17381	0.01188	0.01098	0.12460	0.22978	0.04108	0.04680	0.03597	0.03372	0.00617	0.00494	0.00157	0.00509	0.00518	0.00384	0.00735
4	0.01520	0.01483	0.01250	0.01009	0.01374	0.27894	0.00791	0.14787	0.03964	0.05033	0.00983	0.01071	0.00771	0.00478	0.00429	0.00112	0.00583	0.00348	0.00338	0.35782
5	0.00746	0.00515	0.00709	0.00709	0.00787	0.00577	0.00529	0.00901	0.00823	0.01226	0.01417	0.02165	0.01347	0.16620	0.55750	0.00649	0.01032	0.00556	0.12520	0.00424
6	0.01614	0.13431	0.01688	0.01225	0.01524	0.32089	0.05892	0.19610	0.03802	0.01722	0.00961	0.01185	0.00797	0.00586	0.00587	0.00147	0.09349	0.02818	0.00317	0.00655
7	0.73878	0.01167	0.00831	0.00746	0.01047	0.12555	0.00601	0.01541	0.00930	0.02090	0.00705	0.00823	0.00555	0.00470	0.00329	0.00151	0.00460	0.00277	0.00301	0.00545

[dist]
# distance from previous block
# <min> <max>
0	1

[block]
# block no. 5 follows, 50 sequences, length 19
# corresponding to MSA columns:
# 411-429
name=unknown_F
#
# <colnr> <probs for GDERKNQSTAVLIFYWHMCP>
#	G	D	E	R	K	N	Q	S	T	A	V	L	I	F	Y	W	H	M	C	P
0	0.12267	0.01189	0.01633	0.02090	0.42556	0.04915	0.03844	0.04073	0.15125	0.01816	0.01103	0.01269	0.00881	0.00492	0.00467	0.00149	0.00541	0.00435	0.00313	0.04844
1	0.01408	0.71870	0.02462	0.00892	0.01315	0.01915	0.00866	0.11713	0.01191	0.01437	0.00761	0.00853	0.00668	0.00449	0.00344	0.00112	0.00535	0.00291	0.00251	0.00668
2	0.00824	0.00591	0.00759	0.00727	0.00808	0.00649	0.00521	0.07771	0.00909	0.01259	0.01419	0.02422	0.01441	0.35614	0.41427	0.00612	0.00916	0.00604	0.00302	0.00423
3	0.00726	0.00505	0.00648	0.00612	0.00730	0.00470	0.00459	0.00961	0.01378	0.01986	0.72102	0.03555	0.04393	0.00979	0.00566	0.00153	0.00235	0.00862	0.08210	0.00470
4	0.01355	0.01159	0.01894	0.05488	0.64637	0.01167	0.01416	0.06757	0.01237	0.08517	0.01043	0.01275	0.00828	0.00472	0.00495	0.00149	0.00577	0.00449	0.00295	0.00790
5	0.00658	0.00508	0.00600	0.00577	0.00716	0.00450	0.00433	0.00849	0.01299	0.01733	0.48891	0.04161	0.35089	0.01118	0.00588	0.00161	0.00242	0.00963	0.00514	0.00450
6	0.01339	0.01135	0.01300	0.01300	0.11460	0.01279	0.00909	0.14002	0.56781	0.02188	0.01760	0.01677	0.01323	0.00634	0.00504	0.00163	0.00444	0.00530	0.00472	0.00798
7	0.00725	0.00483	0.00544	0.00544	0.00544	0.00483	0.00302	0.00725	0.00725	0.00966	0.01571	0.03262	0.01812	0.82483	0.02537	0.00483	0.00483	0.00725	0.00302	0.00302
8	0.00967	0.00876	0.01389	0.01967	0.44058	0.00863	0.01051	0.01198	0.01113	0.01536	0.08862	0.09509	0.15392	0.01041	0.07769	0.00216	0.00539	0.00690	0.00334	0.00629
9	0.01034	0.00886	0.01034	0.00738	0.01181	0.00664	0.00591	0.01255	0.01034	0.01624	0.00886	0.01034	0.00738	0.00369	0.00369	0.00074	0.00369	0.00295	0.00295	0.85530
10	0.01333	0.82783	0.02612	0.00853	0.01279	0.01972	0.00853	0.01493	0.01013	0.01173	0.00693	0.00800	0.00640	0.00426	0.00320	0.00107	0.00533	0.00267	0.00213	0.00640
11	0.00657	0.00468	0.00624	0.00688	0.00725	0.00473	0.00467	0.00747	0.00869	0.01180	0.02163	0.46414	0.02495	0.19190	0.20021	0.00404	0.00579	0.01061	0.00382	0.00393
12	0.03493	0.13721	0.13316	0.08000	0.10711	0.06609	0.02945	0.13653	0.03302	0.14732	0.02278	0.01239	0.00875	0.00521	0.00461	0.00144	0.00582	0.00414	0.00350	0.02655
13	0.01078	0.01026	0.01742	0.44654	0.38993	0.01143	0.01452	0.01394	0.01061	0.01440	0.00910	0.01284	0.00723	0.00473	0.00496	0.00158	0.00631	0.00444	0.00233	0.00664
14	0.00725	0.00483	0.00544	0.00544	0.00544	0.00483	0.00302	0.00725	0.00725	0.00966	0.01571	0.03262	0.01812	0.82483	0.02537	0.00483	0.00483	0.00725	0.00302	0.00302
15	0.62080	0.01161	0.00965	0.00970	0.08151	0.11466	0.00697	0.01600	0.00984	0.06920	0.00806	0.00915	0.00619	0.00477	0.00356	0.00150	0.00474	0.00307	0.00316	0.00587
16	0.00897	0.00790	0.00825	0.00895	0.01023	0.11251	0.00736	0.01084	0.01157	0.01412	0.02652	0.14900	0.10519	0.01273	0.00639	0.00206	0.00474	0.48369	0.00433	0.00464
17	0.01200	0.03128	0.05109	0.03146	0.04129	0.01095	0.03223	0.09398	0.35833	0.03151	0.01802	0.02174	0.03670	0.00708	0.00513	0.00162	0.00460	0.10630	0.00431	0.10039
18	0.13682	0.08893	0.25296	0.06265	0.05282	0.01196	0.05958	0.03743	0.11424	0.11890	0.01154	0.01233	0.00838	0.00513	0.00454	0.00154	0.00571	0.00412	0.00330	0.00710

[dist]
# distance from previous block
# <min> <max>
0	1

[block]
# block no. 6 follows, 50 sequences, length 47
# corresponding to MSA columns:
# 447-493
name=unknown_G
#
# <colnr> <probs for GDERKNQSTAVLIFYWHMCP>
#	G	D	E	R	K	N	Q	S	T	A	V	L	I	F	Y	W	H	M	C	P
0	0.00700	0.00499	0.00637	0.00713	0.00775	0.00482	0.00527	0.00816	0.00976	0.01274	0.02619	0.29785	0.09617	0.22100	0.01134	0.00280	0.00391	0.25857	0.00421	0.00398
1	0.01343	0.75014	0.02479	0.00877	0.01288	0.04310	0.00852	0.01583	0.06073	0.01234	0.00782	0.00872	0.00697	0.00445	0.00336	0.00111	0.00535	0.00288	0.00234	0.00648
2	0.03039	0.52256	0.18604	0.00960	0.01448	0.01596	0.01024	0.01541	0.01043	0.05740	0.00824	0.00924	0.00678	0.00443	0.00367	0.00118	0.00552	0.00304	0.00245	0.08295
3	0.25555	0.59376	0.02074	0.00796	0.01189	0.01728	0.00763	0.01485	0.00966	0.01477	0.00693	0.00802	0.00611	0.00437	0.00317	0.00120	0.00491	0.00267	0.00240	0.00611
4	0.00905	0.00737	0.00796	0.00746	0.00943	0.00758	0.00567	0.08165	0.23367	0.01765	0.10036	0.14738	0.32412	0.01057	0.00564	0.00171	0.00323	0.00898	0.00486	0.00566
5	0.00747	0.01160	0.26670	0.00908	0.01198	0.00671	0.00914	0.01016	0.01036	0.01429	0.07795	0.34974	0.12797	0.01243	0.04911	0.00212	0.00484	0.00938	0.00375	0.00523
6	0.01621	0.01166	0.01455	0.03746	0.18588	0.01240	0.00997	0.42084	0.01787	0.09756	0.01299	0.04353	0.00996	0.00598	0.00490	0.00149	0.00512	0.00490	0.07898	0.00776
7	0.00627	0.00449	0.00596	0.00681	0.00727	0.00418	0.00464	0.00742	0.01044	0.01415	0.17713	0.66786	0.03572	0.01455	0.00627	0.00193	0.00279	0.01316	0.00480	0.00418
8	0.00614	0.00439	0.00574	0.00678	0.00710	0.00410	0.00449	0.00697	0.00945	0.01255	0.02746	0.74496	0.05672	0.06825	0.00759	0.00220	0.00301	0.01360	0.00452	0.00399
9	0.01003	0.00909	0.01222	0.19570	0.12920	0.05963	0.00966	0.01272	0.05050	0.01376	0.01290	0.08544	0.01215	0.06842	0.09465	0.00260	0.11168	0.02972	0.07444	0.00548
10	0.01234	0.01184	0.02023	0.03059	0.79373	0.01184	0.01530	0.01530	0.01135	0.01628	0.00938	0.01234	0.00790	0.00444	0.00493	0.00148	0.00592	0.00444	0.00247	0.00790
11	0.00941	0.00886	0.01495	0.81285	0.03433	0.01107	0.01384	0.01274	0.00997	0.01274	0.00886	0.01329	0.00664	0.00498	0.00498	0.00166	0.00664	0.00443	0.00221	0.00554
12	0.01010	0.00563	0.00724	0.00650	0.00815	0.00516	0.00499	0.01237	0.01361	0.15774	0.54202	0.03094	0.03591	0.00884	0.00538	0.00150	0.00268	0.00767	0.12821	0.00537
13	0.00713	0.00530	0.00781	0.00781	0.00863	0.00612	0.00598	0.00877	0.00795	0.01142	0.01354	0.02060	0.01290	0.09890	0.74416	0.00776	0.01269	0.00549	0.00270	0.00434
14	0.01333	0.82783	0.02612	0.00853	0.01279	0.01972	0.00853	0.01493	0.01013	0.01173	0.00693	0.00800	0.00640	0.00426	0.00320	0.00107	0.00533	0.00267	0.00213	0.00640
15	0.00641	0.00475	0.00604	0.00675	0.00754	0.00437	0.00488	0.00773	0.01077	0.01416	0.13990	0.47166	0.17897	0.01406	0.00627	0.00193	0.00295	0.10188	0.00474	0.00424
16	0.02215	0.00883	0.01178	0.00903	0.01290	0.00784	0.00746	0.07182	0.01485	0.74884	0.01918	0.01665	0.01209	0.00616	0.00501	0.00154	0.00432	0.00498	0.00609	0.00848
17	0.86003	0.00964	0.00733	0.00655	0.00964	0.01118	0.00540	0.01465	0.00848	0.02236	0.00694	0.00810	0.00540	0.00463	0.00308	0.00154	0.00386	0.00270	0.00308	0.00540
18	0.01240	0.01071	0.01127	0.01014	0.01296	0.01240	0.00789	0.02649	0.78473	0.02085	0.02029	0.01860	0.01522	0.00676	0.00507	0.00169	0.00394	0.00564	0.00507	0.00789
19	0.01371	0.00888	0.00970	0.00826	0.01083	0.00942	0.00654	0.22944	0.16492	0.11182	0.01908	0.06208	0.06386	0.00706	0.00470	0.00148	0.00379	0.00574	0.25197	0.00673
20	0.61500	0.01185	0.00947	0.00812	0.01133	0.08942	0.00660	0.16290	0.01193	0.02313	0.00799	0.00893	0.00609	0.00494	0.00359	0.00151	0.00467	0.00310	0.00340	0.00603
21	0.00771	0.00582	0.00723	0.00691	0.00822	0.00574	0.00516	0.01159	0.12512	0.01926	0.59019	0.12631	0.04078	0.01033	0.00582	0.00164	0.00265	0.00913	0.00533	0.00509
22	0.01247	0.01001	0.01660	0.38021	0.33823	0.01084	0.01349	0.01544	0.01115	0.12771	0.01063	0.01344	0.00797	0.00494	0.00497	0.00157	0.00600	0.00452	0.00289	0.00692
23	0.00705	0.00510	0.00666	0.00627	0.00745	0.00470	0.00470	0.00941	0.01411	0.01999	0.79110	0.03723	0.04703	0.01019	0.00588	0.00157	0.00235	0.00901	0.00549	0.00470
24	0.00715	0.00521	0.00733	0.00731	0.00801	0.00581	0.00539	0.00855	0.00823	0.01168	0.06458	0.02373	0.01601	0.21644	0.57394	0.00686	0.01068	0.00602	0.00293	0.00414
25	0.00675	0.00434	0.00597	0.00682	0.00704	0.00412	0.00455	0.00682	0.00874	0.01166	0.02255	0.61050	0.02660	0.01606	0.00980	0.22528	0.00327	0.01159	0.00398	0.00356
26	0.01862	0.02376	0.01413	0.01284	0.01541	0.80482	0.00963	0.01990	0.01413	0.01220	0.00770	0.00899	0.00642	0.00514	0.00449	0.00128	0.00899	0.00321	0.00257	0.00578
27	0.58884	0.10728	0.01096	0.06020	0.01242	0.12225	0.00690	0.01529	0.00955	0.01908	0.00717	0.00855	0.00574	0.00468	0.00342	0.00146	0.00492	0.00288	0.00284	0.00558
28	0.01307	0.01606	0.20879	0.01218	0.01626	0.10829	0.06524	0.10924	0.25948	0.03879	0.03232	0.01636	0.01178	0.00704	0.02798	0.00179	0.00618	0.03818	0.00379	0.00719
29	0.00937	0.00862	0.01396	0.65463	0.05450	0.01048	0.01258	0.01313	0.06046	0.01338	0.01149	0.09473	0.00989	0.00615	0.00513	0.00169	0.00607	0.00549	0.00265	0.00562
30	0.00600	0.00463	0.00548	0.00617	0.00703	0.00411	0.00428	0.00703	0.01029	0.01303	0.03690	0.50462	0.34384	0.01439	0.00617	0.00188	0.00274	0.01267	0.00463	0.00411
31	0.12366	0.05901	0.01206	0.00961	0.07355	0.00892	0.00713	0.02596	0.01079	0.11939	0.00993	0.01097	0.00774	0.00442	0.00426	0.00108	0.02876	0.00336	0.00331	0.47610
32	0.00657	0.00508	0.00599	0.00576	0.00715	0.00450	0.00432	0.00847	0.01297	0.01727	0.48300	0.04170	0.35683	0.01120	0.00588	0.00162	0.00242	0.00964	0.00513	0.00450
33	0.01341	0.01252	0.01820	0.13952	0.50532	0.06307	0.01376	0.14119	0.01333	0.01801	0.00962	0.01220	0.00772	0.00482	0.00492	0.00150	0.00615	0.00437	0.00285	0.00751
34	0.01531	0.53608	0.02201	0.00974	0.01375	0.10455	0.00889	0.20631	0.01390	0.01671	0.00828	0.00910	0.00692	0.00479	0.00379	0.00120	0.00577	0.00318	0.00289	0.00685
