[name]
unknown

[dist]
# distance from previous block
# <min> <max>
0	835

[block]
# block no. 0 follows, 40 sequences, length 40
# corresponding to MSA columns:
# 895-933,958
name=unknown_A
#
# <colnr> <probs for GDERKNQSTAVLIFYWHMCP>
#	G	D	E	R	K	N	Q	S	T	A	V	L	I	F	Y	W	H	M	C	P
0	0.00963	0.00706	0.01010	0.01198	0.05016	0.00706	0.00980	0.01234	0.01338	0.01748	0.02978	0.06298	0.03223	0.01551	0.00792	0.00263	0.00543	0.68375	0.00523	0.00555
1	0.01236	0.01066	0.01250	0.04851	0.01532	0.00901	0.00771	0.01707	0.12166	0.01954	0.01232	0.01367	0.00993	0.00492	0.00462	0.00108	0.00453	0.00400	0.00377	0.66682
2	0.01171	0.01102	0.01858	0.53899	0.23440	0.01275	0.01606	0.01533	0.01204	0.01599	0.01161	0.05479	0.00972	0.00627	0.00588	0.00190	0.00730	0.00575	0.00281	0.00712
3	0.01166	0.03008	0.76550	0.01657	0.02517	0.01351	0.02149	0.01842	0.01228	0.01842	0.01044	0.01228	0.00737	0.00552	0.00552	0.00184	0.00859	0.00430	0.00246	0.00859
4	0.00691	0.00575	0.00604	0.00626	0.00795	0.00488	0.00458	0.00830	0.01290	0.01556	0.05438	0.18003	0.63586	0.01532	0.00697	0.00203	0.00302	0.01299	0.00540	0.00488
5	0.00745	0.00591	0.00668	0.00649	0.00821	0.00515	0.00487	0.00945	0.01461	0.01892	0.35283	0.05069	0.46108	0.01353	0.00687	0.00191	0.00286	0.01153	0.00582	0.00515
6	0.01446	0.01249	0.01315	0.01183	0.01512	0.01446	0.00920	0.03090	0.74885	0.02433	0.02367	0.02170	0.01775	0.00789	0.00592	0.00197	0.00460	0.00657	0.00592	0.00920
7	0.00709	0.00506	0.00675	0.00810	0.00843	0.00472	0.00540	0.00810	0.01113	0.01484	0.03205	0.79184	0.03846	0.01822	0.00742	0.00236	0.00337	0.01653	0.00540	0.00472
8	0.01366	0.01548	0.03319	0.02388	0.02936	0.01492	0.68868	0.01831	0.01340	0.01831	0.01148	0.01548	0.00874	0.00526	0.00770	0.00200	0.06275	0.00674	0.00291	0.00774
9	0.00899	0.00574	0.00656	0.00636	0.00782	0.00536	0.00477	0.01151	0.01430	0.02141	0.35873	0.03729	0.15807	0.01043	0.00580	0.00167	0.00276	0.00888	0.31818	0.00536
10	0.83671	0.01125	0.00855	0.00765	0.01125	0.01305	0.00630	0.01709	0.00990	0.02609	0.00810	0.00945	0.00630	0.00540	0.00360	0.00180	0.00450	0.00315	0.00360	0.00630
11	0.01373	0.01569	0.03431	0.02451	0.03039	0.01471	0.73824	0.01863	0.01373	0.01863	0.01176	0.01569	0.00882	0.00490	0.00686	0.00196	0.00980	0.00686	0.00294	0.00784
12	0.01084	0.00542	0.00542	0.00542	0.00678	0.00542	0.00407	0.01355	0.01220	0.02168	0.01897	0.02168	0.01491	0.00678	0.00407	0.00136	0.00271	0.00542	0.82791	0.00542
13	0.83671	0.01125	0.00855	0.00765	0.01125	0.01305	0.00630	0.01709	0.00990	0.02609	0.00810	0.00945	0.00630	0.00540	0.00360	0.00180	0.00450	0.00315	0.00360	0.00630
14	0.02172	0.02772	0.01648	0.01498	0.01798	0.77228	0.01124	0.02322	0.01648	0.01423	0.00899	0.01049	0.00749	0.00599	0.00524	0.00150	0.01049	0.00375	0.00300	0.00674
15	0.01492	0.01748	0.03166	0.02309	0.02855	0.12742	0.63007	0.01931	0.01414	0.01797	0.01135	0.01491	0.00863	0.00506	0.00662	0.00189	0.00991	0.00640	0.00295	0.00768
16	0.00687	0.00589	0.00589	0.00589	0.00785	0.00491	0.00442	0.00835	0.01325	0.01571	0.05891	0.05596	0.75700	0.01473	0.00687	0.00196	0.00295	0.01227	0.00540	0.00491
17	0.77147	0.01114	0.00895	0.00786	0.01154	0.01268	0.00648	0.01800	0.01044	0.08543	0.00929	0.01028	0.00695	0.00554	0.00378	0.00180	0.00453	0.00337	0.00389	0.00659
18	0.01046	0.00944	0.00939	0.00945	0.01113	0.11992	0.00756	0.01284	0.01500	0.01897	0.30655	0.04778	0.12809	0.01281	0.00703	0.00209	0.00483	0.25571	0.00541	0.00556
19	0.01166	0.03008	0.76550	0.01657	0.02517	0.01351	0.02149	0.01842	0.01228	0.01842	0.01044	0.01228	0.00737	0.00552	0.00552	0.00184	0.00859	0.00430	0.00246	0.00859
20	0.00845	0.00567	0.00649	0.00649	0.00654	0.00572	0.00371	0.00855	0.00850	0.01139	0.01819	0.03730	0.02081	0.75822	0.06656	0.00582	0.00613	0.00835	0.00350	0.00361
21	0.01010	0.00505	0.00758	0.00758	0.00758	0.00505	0.00505	0.00758	0.00758	0.01010	0.01010	0.01768	0.01010	0.02020	0.02273	0.83081	0.00505	0.00505	0.00253	0.00253
22	0.01548	0.01588	0.02254	0.03261	0.64905	0.12667	0.01686	0.01865	0.01372	0.01829	0.01065	0.01381	0.00896	0.00530	0.00568	0.00169	0.00744	0.00497	0.00290	0.00884
23	0.01373	0.01569	0.03431	0.02451	0.03039	0.01471	0.73824	0.01863	0.01373	0.01863	0.01176	0.01569	0.00882	0.00490	0.00686	0.00196	0.00980	0.00686	0.00294	0.00784
24	0.00705	0.00518	0.00662	0.00777	0.00835	0.00475	0.00525	0.00813	0.01145	0.01497	0.03605	0.68235	0.14537	0.01770	0.00734	0.00230	0.00331	0.01590	0.00540	0.00475
25	0.01175	0.00629	0.00639	0.00606	0.00768	0.00644	0.00463	0.07201	0.01341	0.02288	0.01857	0.02106	0.01450	0.00679	0.00421	0.00139	0.00301	0.00541	0.76175	0.00578
26	0.01612	0.01538	0.01226	0.01155	0.01399	0.29804	0.00881	0.01950	0.10123	0.10955	0.02296	0.17727	0.07221	0.01050	0.00625	0.00192	0.00660	0.08435	0.00477	0.00675
27	0.01166	0.03008	0.76550	0.01657	0.02517	0.01351	0.02149	0.01842	0.01228	0.01842	0.01044	0.01228	0.00737	0.00552	0.00552	0.00184	0.00859	0.00430	0.00246	0.00859
28	0.01272	0.01272	0.01781	0.01527	0.01527	0.01781	0.01272	0.01399	0.00891	0.01399	0.00763	0.01272	0.00763	0.01018	0.01908	0.00254	0.78499	0.00509	0.00254	0.00636
29	0.52723	0.01750	0.01156	0.01043	0.01380	0.30135	0.00817	0.01942	0.01240	0.02159	0.00844	0.00984	0.00675	0.00562	0.00422	0.00168	0.00677	0.00338	0.00337	0.00647
30	0.00691	0.00575	0.00604	0.00626	0.00795	0.00488	0.00458	0.00830	0.01290	0.01556	0.05438	0.18003	0.63586	0.01532	0.00697	0.00203	0.00302	0.01299	0.00540	0.00488
31	0.07531	0.62789	0.02682	0.01053	0.01512	0.13378	0.00988	0.01825	0.01237	0.01465	0.00822	0.00951	0.00738	0.00516	0.00395	0.00132	0.00673	0.00321	0.00264	0.00727
32	0.01407	0.01372	0.02715	0.04094	0.21094	0.01309	0.41790	0.01819	0.01403	0.06766	0.08925	0.01849	0.01402	0.00586	0.00650	0.00188	0.00798	0.00671	0.00355	0.00805
33	0.01438	0.27504	0.42119	0.01423	0.02085	0.12783	0.01630	0.01880	0.01275	0.01629	0.00947	0.01107	0.00742	0.00542	0.00491	0.00160	0.00811	0.00384	0.00255	0.00796
34	0.83671	0.01125	0.00855	0.00765	0.01125	0.01305	0.00630	0.01709	0.00990	0.02609	0.00810	0.00945	0.00630	0.00540	0.00360	0.00180	0.00450	0.00315	0.00360	0.00630
35	0.00971	0.00856	0.00927	0.08437	0.01280	0.04591	0.00693	0.01366	0.13617	0.01619	0.03486	0.13451	0.29986	0.12878	0.01030	0.00255	0.02515	0.00998	0.00474	0.00569
36	0.00729	0.00529	0.00689	0.00779	0.00844	0.00489	0.00535	0.00868	0.01232	0.01656	0.17514	0.59412	0.09225	0.01674	0.00727	0.00223	0.00322	0.01506	0.00559	0.00489
37	0.01102	0.01160	0.06795	0.01894	0.29516	0.04713	0.01136	0.01372	0.01344	0.01793	0.12018	0.14267	0.18507	0.01016	0.00635	0.00188	0.00527	0.00899	0.00424	0.00694
38	0.12019	0.23627	0.02040	0.01601	0.14114	0.30431	0.01128	0.02032	0.05025	0.01687	0.00969	0.01125	0.00813	0.00559	0.00474	0.00153	0.00766	0.00388	0.00306	0.00742
39	0.01981	0.09881	0.01902	0.03595	0.12853	0.48995	0.01219	0.09625	0.01656	0.01724	0.00974	0.01144	0.00800	0.00587	0.00525	0.00154	0.00905	0.00409	0.00321	0.00750

[dist]
# distance from previous block
# <min> <max>
1	4

[block]
# block no. 1 follows, 40 sequences, length 36
# corresponding to MSA columns:
# 963-998
name=unknown_B
#
# <colnr> <probs for GDERKNQSTAVLIFYWHMCP>
#	G	D	E	R	K	N	Q	S	T	A	V	L	I	F	Y	W	H	M	C	P
0	0.01035	0.07386	0.01075	0.00864	0.01080	0.00836	0.00661	0.04369	0.05406	0.01734	0.02140	0.29671	0.03633	0.01587	0.11044	0.02283	0.00561	0.00917	0.08397	0.15322
1	0.01535	0.01532	0.01232	0.01122	0.01341	0.29858	0.00858	0.01695	0.01439	0.09428	0.08437	0.10095	0.18038	0.01020	0.00760	0.00186	0.09566	0.00780	0.00443	0.00633
2	0.15907	0.10741	0.45558	0.01463	0.02129	0.04730	0.05804	0.01816	0.01197	0.01897	0.00970	0.01159	0.00728	0.00557	0.00547	0.00178	0.03147	0.00411	0.00272	0.00787
3	0.01555	0.79913	0.03047	0.00995	0.01493	0.02301	0.00995	0.01741	0.01182	0.01368	0.00808	0.00933	0.00746	0.00498	0.00373	0.00124	0.00622	0.00311	0.00249	0.00746
4	0.01239	0.07575	0.01840	0.64520	0.03589	0.08713	0.01517	0.01587	0.01211	0.01470	0.01002	0.01452	0.00770	0.00576	0.00559	0.00184	0.00789	0.00486	0.00262	0.00657
5	0.01406	0.01348	0.02301	0.10779	0.68984	0.01373	0.01768	0.01756	0.01309	0.01860	0.01088	0.01450	0.00907	0.00524	0.00576	0.00175	0.00699	0.00518	0.00285	0.00895
6	0.01555	0.79913	0.03047	0.00995	0.01493	0.02301	0.00995	0.01741	0.01182	0.01368	0.00808	0.00933	0.00746	0.00498	0.00373	0.00124	0.00622	0.00311	0.00249	0.00746
7	0.00771	0.00592	0.00706	0.00677	0.00837	0.00527	0.00508	0.00997	0.01524	0.02043	0.49112	0.04820	0.32184	0.01297	0.00686	0.00188	0.00282	0.01118	0.00602	0.00527
8	0.00846	0.00564	0.00634	0.00634	0.00634	0.00564	0.00352	0.00846	0.00846	0.01128	0.01832	0.03805	0.02114	0.79563	0.02960	0.00564	0.00564	0.00846	0.00352	0.00352
9	0.00846	0.00564	0.00634	0.00634	0.00634	0.00564	0.00352	0.00846	0.00846	0.01128	0.01832	0.03805	0.02114	0.79563	0.02960	0.00564	0.00564	0.00846	0.00352	0.00352
10	0.00833	0.00613	0.00881	0.00881	0.00967	0.00698	0.00660	0.01004	0.00919	0.01310	0.01606	0.02554	0.01571	0.17706	0.64074	0.00869	0.01381	0.00663	0.00319	0.00490
11	0.01270	0.01404	0.03004	0.02196	0.02699	0.01316	0.62457	0.01699	0.01332	0.01804	0.01491	0.13607	0.01342	0.00697	0.00695	0.00202	0.00881	0.00836	0.00332	0.00736
12	0.02364	0.01098	0.01382	0.01091	0.01521	0.01053	0.00891	0.09848	0.14762	0.56107	0.02219	0.01956	0.01455	0.00730	0.00586	0.00182	0.00503	0.00592	0.00684	0.00977
13	0.16126	0.65932	0.02658	0.00954	0.01427	0.02124	0.00930	0.01736	0.01148	0.01588	0.00809	0.00935	0.00726	0.00505	0.00371	0.00134	0.00591	0.00312	0.00268	0.00726
14	0.01536	0.65954	0.02740	0.01028	0.01496	0.02149	0.00982	0.01981	0.14260	0.01557	0.01085	0.01152	0.00929	0.00549	0.00412	0.00137	0.00593	0.00372	0.00310	0.00777
15	0.01516	0.02690	0.48508	0.01614	0.02301	0.14890	0.04890	0.13120	0.01542	0.02051	0.01078	0.01237	0.00784	0.00581	0.00558	0.00177	0.00864	0.00446	0.00309	0.00843
16	0.01276	0.01288	0.01769	0.15125	0.01977	0.04610	0.01327	0.01450	0.00968	0.01416	0.00817	0.01313	0.00765	0.00924	0.01619	0.00240	0.61713	0.00505	0.00257	0.00639
17	0.00836	0.00601	0.00820	0.00820	0.00885	0.00665	0.00584	0.00965	0.00901	0.01265	0.01662	0.02863	0.01705	0.32956	0.49007	0.00794	0.01180	0.00708	0.00327	0.00456
18	0.00740	0.00596	0.00688	0.00679	0.00847	0.00544	0.00514	0.00923	0.01320	0.01683	0.18941	0.04761	0.48612	0.01929	0.14275	0.00325	0.00515	0.01085	0.00519	0.00507
19	0.01206	0.01034	0.01206	0.00861	0.01378	0.00775	0.00689	0.01464	0.01206	0.01895	0.01034	0.01206	0.00861	0.00431	0.00431	0.00086	0.00431	0.00345	0.00345	0.83118
20	0.01098	0.01034	0.01744	0.78165	0.04005	0.01292	0.01615	0.01486	0.01163	0.01486	0.01034	0.01550	0.00775	0.00581	0.00581	0.00194	0.00775	0.00517	0.00258	0.00646
21	0.02609	0.00990	0.01350	0.01035	0.01484	0.00855	0.00855	0.02834	0.01664	0.76338	0.02294	0.01979	0.01439	0.00720	0.00585	0.00180	0.00495	0.00585	0.00720	0.00990
22	0.00727	0.00520	0.00691	0.00797	0.00847	0.00484	0.00541	0.00855	0.01197	0.01618	0.14621	0.67386	0.04105	0.01722	0.00733	0.00228	0.00327	0.01558	0.00556	0.00484
23	0.00709	0.00506	0.00675	0.00810	0.00843	0.00472	0.00540	0.00810	0.01113	0.01484	0.03205	0.79184	0.03846	0.01822	0.00742	0.00236	0.00337	0.01653	0.00540	0.00472
24	0.00818	0.00568	0.00626	0.00626	0.00661	0.00551	0.00368	0.00844	0.00931	0.01206	0.02552	0.04123	0.15172	0.65706	0.02557	0.00499	0.00516	0.00913	0.00386	0.00377
25	0.01555	0.79913	0.03047	0.00995	0.01493	0.02301	0.00995	0.01741	0.01182	0.01368	0.00808	0.00933	0.00746	0.00498	0.00373	0.00124	0.00622	0.00311	0.00249	0.00746
26	0.00709	0.00506	0.00675	0.00810	0.00843	0.00472	0.00540	0.00810	0.01113	0.01484	0.03205	0.79184	0.03846	0.01822	0.00742	0.00236	0.00337	0.01653	0.00540	0.00472
27	0.01166	0.03008	0.76550	0.01657	0.02517	0.01351	0.02149	0.01842	0.01228	0.01842	0.01044	0.01228	0.00737	0.00552	0.00552	0.00184	0.00859	0.00430	0.00246	0.00859
28	0.01206	0.01034	0.01206	0.00861	0.01378	0.00775	0.00689	0.01464	0.01206	0.01895	0.01034	0.01206	0.00861	0.00431	0.00431	0.00086	0.00431	0.00345	0.00345	0.83118
29	0.01098	0.01034	0.01744	0.78165	0.04005	0.01292	0.01615	0.01486	0.01163	0.01486	0.01034	0.01550	0.00775	0.00581	0.00581	0.00194	0.00775	0.00517	0.00258	0.00646
30	0.00823	0.00594	0.00777	0.00732	0.00869	0.00549	0.00549	0.01097	0.01646	0.02332	0.75629	0.04344	0.05487	0.01189	0.00686	0.00183	0.00274	0.01052	0.00640	0.00549
31	0.00724	0.00578	0.00648	0.00658	0.00815	0.00502	0.00483	0.00895	0.01371	0.01743	0.22501	0.16705	0.47411	0.01458	0.00695	0.00199	0.00296	0.01250	0.00564	0.00502
32	0.02076	0.02397	0.01680	0.01473	0.01768	0.55199	0.01137	0.14935	0.01754	0.01818	0.00972	0.01136	0.00793	0.00665	0.00693	0.00166	0.09851	0.00416	0.00345	0.00726
33	0.11552	0.01529	0.01577	0.01241	0.01677	0.04865	0.01021	0.53366	0.02341	0.10966	0.01444	0.01522	0.01044	0.00701	0.00560	0.00177	0.00618	0.02318	0.00557	0.00923
34	0.00687	0.00589	0.00589	0.00589	0.00785	0.00491	0.00442	0.00835	0.01325	0.01571	0.05891	0.05596	0.75700	0.01473	0.00687	0.00196	0.00295	0.01227	0.00540	0.00491
35	0.01196	0.01209	0.02383	0.02116	0.13667	0.01153	0.38156	0.01560	0.01314	0.01782	0.01824	0.16108	0.01803	0.00907	0.00697	0.00211	0.00751	0.12077	0.00375	0.00711

[dist]
# distance from previous block
# <min> <max>
0	12

[block]
# block no. 2 follows, 40 sequences, length 18
# corresponding to MSA columns:
# 1011-1028
name=unknown_C
#
# <colnr> <probs for GDERKNQSTAVLIFYWHMCP>
#	G	D	E	R	K	N	Q	S	T	A	V	L	I	F	Y	W	H	M	C	P
0	0.01862	0.01475	0.01438	0.01228	0.01595	0.11508	0.00968	0.15021	0.40959	0.14501	0.01994	0.01858	0.01450	0.00737	0.00580	0.00184	0.00575	0.00585	0.00572	0.00911
1	0.02211	0.01629	0.01745	0.01338	0.01803	0.01803	0.01105	0.73997	0.02734	0.03665	0.01396	0.01396	0.00989	0.00698	0.00582	0.00175	0.00640	0.00524	0.00582	0.00989
2	0.01166	0.03008	0.76550	0.01657	0.02517	0.01351	0.02149	0.01842	0.01228	0.01842	0.01044	0.01228	0.00737	0.00552	0.00552	0.00184	0.00859	0.00430	0.00246	0.00859
3	0.00974	0.00835	0.00944	0.00928	0.01029	0.08700	0.00686	0.01131	0.00990	0.01309	0.01549	0.02488	0.01525	0.20432	0.52958	0.00771	0.01287	0.00646	0.00319	0.00499
4	0.01266	0.01227	0.02151	0.40022	0.34391	0.01345	0.07929	0.01645	0.01249	0.01694	0.01071	0.01505	0.00846	0.00547	0.00588	0.00185	0.00757	0.00532	0.00274	0.00774
5	0.10020	0.02270	0.01597	0.05099	0.01791	0.53245	0.01124	0.02064	0.01431	0.01539	0.00873	0.01100	0.00741	0.00664	0.00747	0.00173	0.14165	0.00398	0.00296	0.00662
6	0.00709	0.00506	0.00675	0.00810	0.00843	0.00472	0.00540	0.00810	0.01113	0.01484	0.03205	0.79184	0.03846	0.01822	0.00742	0.00236	0.00337	0.01653	0.00540	0.00472
7	0.00832	0.00617	0.00903	0.00903	0.00996	0.00710	0.00688	0.01018	0.00925	0.01327	0.01586	0.02444	0.01523	0.12234	0.69480	0.00896	0.01454	0.00646	0.00316	0.00502
8	0.02172	0.02772	0.01648	0.01498	0.01798	0.77228	0.01124	0.02322	0.01648	0.01423	0.00899	0.01049	0.00749	0.00599	0.00524	0.00150	0.01049	0.00375	0.00300	0.00674
9	0.01206	0.01034	0.01206	0.00861	0.01378	0.00775	0.00689	0.01464	0.01206	0.01895	0.01034	0.01206	0.00861	0.00431	0.00431	0.00086	0.00431	0.00345	0.00345	0.83118
10	0.01166	0.03008	0.76550	0.01657	0.02517	0.01351	0.02149	0.01842	0.01228	0.01842	0.01044	0.01228	0.00737	0.00552	0.00552	0.00184	0.00859	0.00430	0.00246	0.00859
11	0.02172	0.02772	0.01648	0.01498	0.01798	0.77228	0.01124	0.02322	0.01648	0.01423	0.00899	0.01049	0.00749	0.00599	0.00524	0.00150	0.01049	0.00375	0.00300	0.00674
12	0.00878	0.00616	0.00797	0.00841	0.00932	0.00604	0.00646	0.01059	0.01253	0.01687	0.20902	0.05093	0.03477	0.27254	0.01486	0.00344	0.00479	0.30671	0.00501	0.00478
13	0.00844	0.00570	0.00666	0.00666	0.00677	0.00581	0.00392	0.00866	0.00855	0.01151	0.01803	0.03644	0.02044	0.71588	0.10840	0.00603	0.00669	0.00822	0.00348	0.00370
14	0.00703	0.00569	0.00624	0.00655	0.00806	0.00490	0.00474	0.00848	0.01296	0.01605	0.10347	0.24000	0.52474	0.01540	0.00701	0.00205	0.00304	0.01321	0.00547	0.00490
15	0.16082	0.01543	0.01594	0.01240	0.01688	0.01718	0.01024	0.61687	0.02437	0.03485	0.01296	0.01319	0.00928	0.00671	0.00544	0.00175	0.00608	0.00488	0.00544	0.00928
16	0.01439	0.01382	0.02360	0.03569	0.75936	0.01382	0.01785	0.01785	0.01324	0.01900	0.01094	0.01439	0.00921	0.00518	0.00576	0.00173	0.00691	0.00518	0.00288	0.00921
17	0.01275	0.24533	0.55978	0.01472	0.02230	0.01617	0.01826	0.01814	0.01215	0.01709	0.00978	0.01145	0.00739	0.00537	0.00502	0.00167	0.00793	0.00396	0.00246	0.00828

[dist]
# distance from previous block
# <min> <max>
2	70

[block]
# block no. 3 follows, 40 sequences, length 78
# corresponding to MSA columns:
# 1099-1176
name=unknown_D
#
# <colnr> <probs for GDERKNQSTAVLIFYWHMCP>
#	G	D	E	R	K	N	Q	S	T	A	V	L	I	F	Y	W	H	M	C	P
0	0.83671	0.01125	0.00855	0.00765	0.01125	0.01305	0.00630	0.01709	0.00990	0.02609	0.00810	0.00945	0.00630	0.00540	0.00360	0.00180	0.00450	0.00315	0.00360	0.00630
1	0.02609	0.00990	0.01350	0.01035	0.01484	0.00855	0.00855	0.02834	0.01664	0.76338	0.02294	0.01979	0.01439	0.00720	0.00585	0.00180	0.00495	0.00585	0.00720	0.00990
2	0.83671	0.01125	0.00855	0.00765	0.01125	0.01305	0.00630	0.01709	0.00990	0.02609	0.00810	0.00945	0.00630	0.00540	0.00360	0.00180	0.00450	0.00315	0.00360	0.00630
3	0.02172	0.02772	0.01648	0.01498	0.01798	0.77228	0.01124	0.02322	0.01648	0.01423	0.00899	0.01049	0.00749	0.00599	0.00524	0.00150	0.01049	0.00375	0.00300	0.00674
4	0.02172	0.02772	0.01648	0.01498	0.01798	0.77228	0.01124	0.02322	0.01648	0.01423	0.00899	0.01049	0.00749	0.00599	0.00524	0.00150	0.01049	0.00375	0.00300	0.00674
5	0.01010	0.00505	0.00758	0.00758	0.00758	0.00505	0.00505	0.00758	0.00758	0.01010	0.01010	0.01768	0.01010	0.02020	0.02273	0.83081	0.00505	0.00505	0.00253	0.00253
6	0.73246	0.01107	0.00918	0.00799	0.01171	0.01247	0.00659	0.01854	0.01076	0.12091	0.01001	0.01078	0.00734	0.00563	0.00389	0.00180	0.00456	0.00350	0.00406	0.00676
7	0.01340	0.00880	0.01018	0.10740	0.01403	0.00952	0.00749	0.19365	0.01629	0.02467	0.08721	0.02105	0.01657	0.00719	0.00499	0.00157	0.00428	0.00583	0.43921	0.00667
8	0.83671	0.01125	0.00855	0.00765	0.01125	0.01305	0.00630	0.01709	0.00990	0.02609	0.00810	0.00945	0.00630	0.00540	0.00360	0.00180	0.00450	0.00315	0.00360	0.00630
9	0.00831	0.00623	0.00935	0.00935	0.01038	0.00727	0.00727	0.01038	0.00935	0.01350	0.01558	0.02285	0.01454	0.04361	0.77259	0.00935	0.01558	0.00623	0.00312	0.00519
10	0.02144	0.14122	0.01803	0.01181	0.01634	0.01580	0.00998	0.35210	0.09085	0.23870	0.01649	0.01561	0.01153	0.00680	0.00550	0.00170	0.00578	0.00519	0.00568	0.00943
11	0.01400	0.01534	0.07774	0.02043	0.06270	0.01416	0.41990	0.08893	0.10654	0.02059	0.01370	0.01665	0.01051	0.00924	0.07981	0.00263	0.00914	0.00634	0.00357	0.00808
12	0.56395	0.01079	0.01021	0.00856	0.01246	0.01153	0.00705	0.02088	0.01217	0.27417	0.01309	0.01293	0.00902	0.00600	0.00436	0.00180	0.00465	0.00406	0.00481	0.00751
13	0.01358	0.09753	0.28011	0.01623	0.05742	0.08885	0.01563	0.01696	0.01132	0.01579	0.00896	0.01211	0.00759	0.00738	0.01083	0.00203	0.32321	0.00449	0.00257	0.00743
14	0.01318	0.01456	0.09165	0.22449	0.36457	0.01371	0.10432	0.01812	0.06374	0.01819	0.01172	0.01515	0.00921	0.00553	0.00590	0.00184	0.00747	0.00540	0.00298	0.00827
15	0.00827	0.00594	0.00777	0.00754	0.00880	0.00554	0.00566	0.01079	0.01561	0.02193	0.63604	0.08057	0.05099	0.04997	0.00805	0.00210	0.00309	0.05986	0.00614	0.00535
16	0.01269	0.02089	0.32362	0.01716	0.02259	0.08580	0.19956	0.01726	0.01229	0.01691	0.01124	0.01472	0.00893	0.01198	0.13151	0.00312	0.07422	0.00528	0.00275	0.00749
17	0.01299	0.29303	0.51418	0.01431	0.02167	0.01676	0.01754	0.01807	0.01212	0.01680	0.00963	0.01127	0.00740	0.00534	0.00491	0.00164	0.00778	0.00389	0.00247	0.00821
18	0.01155	0.05586	0.70039	0.01579	0.02391	0.01339	0.02020	0.01786	0.01231	0.01811	0.01286	0.01443	0.04613	0.00598	0.00553	0.00183	0.00822	0.00467	0.00261	0.00836
19	0.00696	0.00556	0.00623	0.00678	0.00809	0.00483	0.00481	0.00825	0.01240	0.01536	0.04813	0.35140	0.46852	0.01613	0.00709	0.00212	0.00312	0.01398	0.00540	0.00483
20	0.00885	0.00676	0.00761	0.00765	0.00921	0.00641	0.00568	0.07875	0.01355	0.01714	0.04070	0.20611	0.36141	0.11529	0.00993	0.00258	0.00397	0.08799	0.00519	0.00522
21	0.01469	0.62903	0.19304	0.01142	0.01719	0.02091	0.01250	0.01763	0.01192	0.01473	0.00860	0.00998	0.00744	0.00510	0.00413	0.00138	0.00674	0.00337	0.00248	0.00771
22	0.00869	0.00643	0.00845	0.00949	0.01092	0.00619	0.00805	0.01101	0.01324	0.01689	0.03716	0.10098	0.19605	0.01588	0.00774	0.00250	0.00471	0.52501	0.00537	0.00522
23	0.00702	0.00584	0.00613	0.00618	0.00797	0.00495	0.00459	0.00858	0.01341	0.01638	0.12382	0.10574	0.64000	0.01470	0.00691	0.00198	0.00296	0.01240	0.00550	0.00495
24	0.01555	0.79913	0.03047	0.00995	0.01493	0.02301	0.00995	0.01741	0.01182	0.01368	0.00808	0.00933	0.00746	0.00498	0.00373	0.00124	0.00622	0.00311	0.00249	0.00746
25	0.01098	0.01034	0.01744	0.78165	0.04005	0.01292	0.01615	0.01486	0.01163	0.01486	0.01034	0.01550	0.00775	0.00581	0.00581	0.00194	0.00775	0.00517	0.00258	0.00646
26	0.01166	0.03008	0.76550	0.01657	0.02517	0.01351	0.02149	0.01842	0.01228	0.01842	0.01044	0.01228	0.00737	0.00552	0.00552	0.00184	0.00859	0.00430	0.00246	0.00859
27	0.01424	0.00727	0.00970	0.00834	0.01076	0.00652	0.00652	0.01682	0.01652	0.27234	0.50953	0.03548	0.04125	0.01031	0.00652	0.00182	0.00349	0.00895	0.00667	0.00697
28	0.01519	0.72752	0.09891	0.01057	0.01588	0.02212	0.01102	0.01751	0.01186	0.01412	0.00830	0.00960	0.00745	0.00503	0.00390	0.00130	0.00644	0.00322	0.00248	0.00757
29	0.38637	0.01943	0.01278	0.01146	0.01481	0.39330	0.00889	0.02075	0.01354	0.05827	0.00931	0.01050	0.00731	0.00579	0.00454	0.00165	0.00752	0.00359	0.00348	0.00671
30	0.02066	0.01391	0.01512	0.01180	0.01590	0.01508	0.00968	0.55388	0.02386	0.10380	0.01563	0.01577	0.01114	0.00697	0.00554	0.00169	0.00566	0.00532	0.13944	0.00916
31	0.01458	0.60742	0.21370	0.01160	0.01748	0.02064	0.01283	0.01766	0.01193	0.01486	0.00867	0.01006	0.00744	0.00511	0.00418	0.00139	0.00681	0.00341	0.00248	0.00774
32	0.02189	0.02261	0.01691	0.01427	0.01800	0.43502	0.01115	0.34372	0.02134	0.02426	0.01121	0.01204	0.00856	0.00643	0.00550	0.00161	0.00866	0.00441	0.00426	0.00815
33	0.00746	0.00533	0.00717	0.00852	0.00902	0.00504	0.00604	0.00874	0.01150	0.01526	0.03185	0.67391	0.03765	0.01787	0.00752	0.00241	0.00370	0.13079	0.00539	0.00483
34	0.01166	0.03008	0.76550	0.01657	0.02517	0.01351	0.02149	0.01842	0.01228	0.01842	0.01044	0.01228	0.00737	0.00552	0.00552	0.00184	0.00859	0.00430	0.00246	0.00859
35	0.83671	0.01125	0.00855	0.00765	0.01125	0.01305	0.00630	0.01709	0.00990	0.02609	0.00810	0.00945	0.00630	0.00540	0.00360	0.00180	0.00450	0.00315	0.00360	0.00630
36	0.00846	0.00564	0.00634	0.00634	0.00634	0.00564	0.00352	0.00846	0.00846	0.01128	0.01832	0.03805	0.02114	0.79563	0.02960	0.00564	0.00564	0.00846	0.00352	0.00352
37	0.00784	0.00625	0.00707	0.00680	0.00859	0.00565	0.00512	0.01063	0.05265	0.01939	0.35398	0.04886	0.41987	0.01317	0.00682	0.00191	0.00295	0.01123	0.00585	0.00538
38	0.00718	0.00510	0.00672	0.00798	0.00829	0.00479	0.00527	0.00812	0.01095	0.01460	0.03110	0.73962	0.03726	0.07207	0.00896	0.00259	0.00353	0.01597	0.00527	0.00464
39	0.01649	0.01087	0.01145	0.00941	0.01242	0.01174	0.00757	0.37759	0.01979	0.02918	0.01646	0.01781	0.01239	0.00688	0.00494	0.00155	0.00456	0.00533	0.41592	0.00766
40	0.01272	0.01272	0.01781	0.01527	0.01527	0.01781	0.01272	0.01399	0.00891	0.01399	0.00763	0.01272	0.00763	0.01018	0.01908	0.00254	0.78499	0.00509	0.00254	0.00636
41	0.02211	0.01629	0.01745	0.01338	0.01803	0.01803	0.01105	0.73997	0.02734	0.03665	0.01396	0.01396	0.00989	0.00698	0.00582	0.00175	0.00640	0.00524	0.00582	0.00989
42	0.00687	0.00589	0.00589	0.00589	0.00785	0.00491	0.00442	0.00835	0.01325	0.01571	0.05891	0.05596	0.75700	0.01473	0.00687	0.00196	0.00295	0.01227	0.00540	0.00491
43	0.10319	0.01085	0.01353	0.01048	0.01491	0.01020	0.00865	0.11878	0.01737	0.59933	0.02037	0.01805	0.01304	0.00700	0.00563	0.00179	0.00509	0.00551	0.00668	0.00955
44	0.83671	0.01125	0.00855	0.00765	0.01125	0.01305	0.00630	0.01709	0.00990	0.02609	0.00810	0.00945	0.00630	0.00540	0.00360	0.00180	0.00450	0.00315	0.00360	0.00630
45	0.83671	0.01125	0.00855	0.00765	0.01125	0.01305	0.00630	0.01709	0.00990	0.02609	0.00810	0.00945	0.00630	0.00540	0.00360	0.00180	0.00450	0.00315	0.00360	0.00630
46	0.01446	0.01249	0.01315	0.01183	0.01512	0.01446	0.00920	0.03090	0.74885	0.02433	0.02367	0.02170	0.01775	0.00789	0.00592	0.00197	0.00460	0.00657	0.00592	0.00920
47	0.83671	0.01125	0.00855	0.00765	0.01125	0.01305	0.00630	0.01709	0.00990	0.02609	0.00810	0.00945	0.00630	0.00540	0.00360	0.00180	0.00450	0.00315	0.00360	0.00630
48	0.02211	0.01629	0.01745	0.01338	0.01803	0.01803	0.01105	0.73997	0.02734	0.03665	0.01396	0.01396	0.00989	0.00698	0.00582	0.00175	0.00640	0.00524	0.00582	0.00989
49	0.83671	0.01125	0.00855	0.00765	0.01125	0.01305	0.00630	0.01709	0.00990	0.02609	0.00810	0.00945	0.00630	0.00540	0.00360	0.00180	0.00450	0.00315	0.00360	0.00630
50	0.00915	0.00654	0.00912	0.01046	0.01170	0.00650	0.00899	0.01167	0.01317	0.01716	0.03091	0.13513	0.03395	0.01627	0.00797	0.00265	0.00517	0.65284	0.00536	0.00529
51	0.83671	0.01125	0.00855	0.00765	0.01125	0.01305	0.00630	0.01709	0.00990	0.02609	0.00810	0.00945	0.00630	0.00540	0.00360	0.00180	0.00450	0.00315	0.00360	0.00630
52	0.02211	0.01629	0.01745	0.01338	0.01803	0.01803	0.01105	0.73997	0.02734	0.03665	0.01396	0.01396	0.00989	0.00698	0.00582	0.00175	0.00640	0.00524	0.00582	0.00989
53	0.00831	0.00623	0.00935	0.00935	0.01038	0.00727	0.00727	0.01038	0.00935	0.01350	0.01558	0.02285	0.01454	0.04361	0.77259	0.00935	0.01558	0.00623	0.00312	0.00519
54	0.00737	0.00536	0.00702	0.00825	0.00887	0.00501	0.00584	0.00866	0.01164	0.01527	0.03438	0.62499	0.10469	0.01760	0.00745	0.00237	0.00360	0.11141	0.00539	0.00483
55	0.00709	0.00506	0.00675	0.00810	0.00843	0.00472	0.00540	0.00810	0.01113	0.01484	0.03205	0.79184	0.03846	0.01822	0.00742	0.00236	0.00337	0.01653	0.00540	0.00472
56	0.01166	0.03008	0.76550	0.01657	0.02517	0.01351	0.02149	0.01842	0.01228	0.01842	0.01044	0.01228	0.00737	0.00552	0.00552	0.00184	0.00859	0.00430	0.00246	0.00859
57	0.01054	0.00676	0.00876	0.00925	0.01054	0.00658	0.00693	0.05746	0.03277	0.09093	0.02955	0.50655	0.03278	0.01573	0.00724	0.00232	0.00413	0.14978	0.00561	0.00580
58	0.00706	0.00514	0.00667	0.00789	0.00838	0.00474	0.00530	0.00812	0.01134	0.01493	0.03462	0.72138	0.10726	0.01788	0.00737	0.00232	0.00333	0.01612	0.00540	0.00474
59	0.02039	0.02398	0.01517	0.01365	0.01658	0.61391	0.01032	0.08110	0.01684	0.01701	0.01065	0.01218	0.00862	0.00617	0.00514	0.00150	0.00917	0.00408	0.10670	0.00684
60	0.01405	0.50172	0.31472	0.01251	0.01889	0.01933	0.01441	0.01780	0.01199	0.01551	0.00899	0.01047	0.00743	0.00519	0.00442	0.00147	0.00714	0.00357	0.00248	0.00790
61	0.01744	0.01996	0.01741	0.18668	0.06876	0.39459	0.01297	0.05658	0.01453	0.01579	0.00945	0.01239	0.00780	0.00663	0.00768	0.00179	0.13520	0.00445	0.00297	0.00693
62	0.00831	0.00623	0.00935	0.00935	0.01038	0.00727	0.00727	0.01038	0.00935	0.01350	0.01558	0.02285	0.01454	0.04361	0.77259	0.00935	0.01558	0.00623	0.00312	0.00519
63	0.01613	0.01275	0.01425	0.01055	0.01551	0.01192	0.00858	0.30869	0.01825	0.02612	0.01181	0.01283	0.00913	0.00539	0.00492	0.00122	0.00515	0.00417	0.00441	0.49823
64	0.01382	0.01331	0.02293	0.15647	0.62015	0.01370	0.03972	0.01739	0.01299	0.01831	0.01087	0.01461	0.00896	0.00528	0.00580	0.00177	0.00713	0.00523	0.00283	0.00872
65	0.01395	0.01337	0.02281	0.13163	0.66685	0.01370	0.01763	0.01746	0.01303	0.01847	0.01086	0.01454	0.00902	0.00526	0.00576	0.00175	0.00702	0.00518	0.00284	0.00886
66	0.00782	0.00564	0.00752	0.00849	0.00932	0.00533	0.00632	0.00955	0.01269	0.01698	0.16065	0.45833	0.06830	0.01645	0.00745	0.00233	0.00372	0.18252	0.00557	0.00502
67	0.00691	0.00576	0.00602	0.00624	0.00795	0.00488	0.00457	0.00831	0.01292	0.01557	0.05472	0.17089	0.64478	0.01527	0.00696	0.00203	0.00301	0.01294	0.00540	0.00488
68	0.01390	0.01520	0.03155	0.02740	0.21855	0.01448	0.55229	0.01843	0.01360	0.01872	0.01155	0.01535	0.00892	0.00497	0.00658	0.00190	0.00906	0.00643	0.00293	0.00820
69	0.01446	0.01249	0.01315	0.01183	0.01512	0.01446	0.00920	0.03090	0.74885	0.02433	0.02367	0.02170	0.01775	0.00789	0.00592	0.00197	0.00460	0.00657	0.00592	0.00920
70	0.00843	0.00574	0.00688	0.00688	0.00707	0.00593	0.00420	0.00880	0.00862	0.01168	0.01783	0.03531	0.01995	0.66004	0.16356	0.00631	0.00743	0.00806	0.00345	0.00382
71	0.02211	0.01629	0.01745	0.01338	0.01803	0.01803	0.01105	0.73997	0.02734	0.03665	0.01396	0.01396	0.00989	0.00698	0.00582	0.00175	0.00640	0.00524	0.00582	0.00989
72	0.00823	0.00594	0.00777	0.00732	0.00869	0.00549	0.00549	0.01097	0.01646	0.02332	0.75629	0.04344	0.05487	0.01189	0.00686	0.00183	0.00274	0.01052	0.00640	0.00549
73	0.00846	0.00564	0.00634	0.00634	0.00634	0.00564	0.00352	0.00846	0.00846	0.01128	0.01832	0.03805	0.02114	0.79563	0.02960	0.00564	0.00564	0.00846	0.00352	0.00352
74	0.01206	0.01034	0.01206	0.00861	0.01378	0.00775	0.00689	0.01464	0.01206	0.01895	0.01034	0.01206	0.00861	0.00431	0.00431	0.00086	0.00431	0.00345	0.00345	0.83118
75	0.00916	0.00788	0.01266	0.01186	0.01314	0.00820	0.11504	0.01105	0.01160	0.01571	0.02572	0.45928	0.02932	0.01487	0.00894	0.00238	0.10516	0.12789	0.00466	0.00550
76	0.00709	0.00506	0.00675	0.00810	0.00843	0.00472	0.00540	0.00810	0.01113	0.01484	0.03205	0.79184	0.03846	0.01822	0.00742	0.00236	0.00337	0.01653	0.00540	0.00472
77	0.01481	0.01370	0.01418	0.01418	0.08631	0.08450	0.01003	0.02791	0.57237	0.02282	0.05896	0.02108	0.01790	0.00766	0.00589	0.00190	0.00527	0.00638	0.00538	0.00878

[dist]
# distance from previous block
# <min> <max>
0	1

[block]
# block no. 4 follows, 40 sequences, length 54
# corresponding to MSA columns:
# 1178-1231
name=unknown_E
#
# <colnr> <probs for GDERKNQSTAVLIFYWHMCP>
#	G	D	E	R	K	N	Q	S	T	A	V	L	I	F	Y	W	H	M	C	P
0	0.01262	0.09884	0.53666	0.02007	0.18232	0.01447	0.01962	0.01820	0.01244	0.01810	0.01032	0.01246	0.00777	0.00540	0.00541	0.00176	0.00801	0.00438	0.00255	0.00862
1	0.02009	0.01529	0.01632	0.01297	0.01726	0.01709	0.01056	0.55270	0.21789	0.03339	0.01653	0.01600	0.01197	0.00722	0.00584	0.00181	0.00592	0.00559	0.00584	0.00971
2	0.02211	0.01629	0.01745	0.01338	0.01803	0.01803	0.01105	0.73997	0.02734	0.03665	0.01396	0.01396	0.00989	0.00698	0.00582	0.00175	0.00640	0.00524	0.00582	0.00989
3	0.01555	0.79913	0.03047	0.00995	0.01493	0.02301	0.00995	0.01741	0.01182	0.01368	0.00808	0.00933	0.00746	0.00498	0.00373	0.00124	0.00622	0.00311	0.00249	0.00746
4	0.00823	0.00594	0.00777	0.00732	0.00869	0.00549	0.00549	0.01097	0.01646	0.02332	0.75629	0.04344	0.05487	0.01189	0.00686	0.00183	0.00274	0.01052	0.00640	0.00549
5	0.00823	0.00594	0.00777	0.00732	0.00869	0.00549	0.00549	0.01097	0.01646	0.02332	0.75629	0.04344	0.05487	0.01189	0.00686	0.00183	0.00274	0.01052	0.00640	0.00549
6	0.00823	0.00594	0.00777	0.00732	0.00869	0.00549	0.00549	0.01097	0.01646	0.02332	0.75629	0.04344	0.05487	0.01189	0.00686	0.00183	0.00274	0.01052	0.00640	0.00549
7	0.01373	0.01569	0.03431	0.02451	0.03039	0.01471	0.73824	0.01863	0.01373	0.01863	0.01176	0.01569	0.00882	0.00490	0.00686	0.00196	0.00980	0.00686	0.00294	0.00784
8	0.01206	0.01034	0.01206	0.00861	0.01378	0.00775	0.00689	0.01464	0.01206	0.01895	0.01034	0.01206	0.00861	0.00431	0.00431	0.00086	0.00431	0.00345	0.00345	0.83118
9	0.00831	0.00623	0.00935	0.00935	0.01038	0.00727	0.00727	0.01038	0.00935	0.01350	0.01558	0.02285	0.01454	0.04361	0.77259	0.00935	0.01558	0.00623	0.00312	0.00519
10	0.02172	0.02772	0.01648	0.01498	0.01798	0.77228	0.01124	0.02322	0.01648	0.01423	0.00899	0.01049	0.00749	0.00599	0.00524	0.00150	0.01049	0.00375	0.00300	0.00674
11	0.02046	0.01547	0.01653	0.01305	0.01741	0.01727	0.01065	0.58726	0.18272	0.03400	0.01605	0.01563	0.01158	0.00718	0.00584	0.00179	0.00601	0.00552	0.00584	0.00974
12	0.00721	0.00590	0.00635	0.00624	0.00806	0.00505	0.00468	0.00899	0.01404	0.01758	0.23007	0.05289	0.58467	0.01403	0.00687	0.00193	0.00290	0.01184	0.00565	0.00505
13	0.00709	0.00506	0.00675	0.00810	0.00843	0.00472	0.00540	0.00810	0.01113	0.01484	0.03205	0.79184	0.03846	0.01822	0.00742	0.00236	0.00337	0.01653	0.00540	0.00472
14	0.01611	0.01331	0.01408	0.01217	0.01575	0.01523	0.00960	0.18360	0.59347	0.02698	0.02158	0.02003	0.01606	0.00769	0.00590	0.00192	0.00499	0.00629	0.00590	0.00935
15	0.00715	0.00511	0.00682	0.00817	0.00854	0.00478	0.00551	0.00821	0.01120	0.01492	0.03201	0.77074	0.03832	0.01816	0.00744	0.00237	0.00343	0.03698	0.00540	0.00474
16	0.01439	0.01382	0.02360	0.03569	0.75936	0.01382	0.01785	0.01785	0.01324	0.01900	0.01094	0.01439	0.00921	0.00518	0.00576	0.00173	0.00691	0.00518	0.00288	0.00921
17	0.01098	0.01034	0.01744	0.78165	0.04005	0.01292	0.01615	0.01486	0.01163	0.01486	0.01034	0.01550	0.00775	0.00581	0.00581	0.00194	0.00775	0.00517	0.00258	0.00646
18	0.00709	0.00506	0.00675	0.00810	0.00843	0.00472	0.00540	0.00810	0.01113	0.01484	0.03205	0.79184	0.03846	0.01822	0.00742	0.00236	0.00337	0.01653	0.00540	0.00472
19	0.01384	0.00784	0.00907	0.00792	0.01083	0.00702	0.00622	0.01703	0.08658	0.25856	0.04381	0.04089	0.44404	0.01162	0.00645	0.00191	0.00376	0.00963	0.00603	0.00695
20	0.00709	0.00506	0.00675	0.00810	0.00843	0.00472	0.00540	0.00810	0.01113	0.01484	0.03205	0.79184	0.03846	0.01822	0.00742	0.00236	0.00337	0.01653	0.00540	0.00472
21	0.02156	0.06141	0.01752	0.01415	0.01785	0.46191	0.01111	0.28295	0.02019	0.02234	0.01075	0.01169	0.00836	0.00630	0.00538	0.00158	0.00879	0.00425	0.00399	0.00792
22	0.02204	0.01092	0.01347	0.01092	0.01501	0.01077	0.00883	0.04511	0.26615	0.49555	0.02299	0.02031	0.01544	0.00743	0.00587	0.00186	0.00486	0.00608	0.00673	0.00966
23	0.01555	0.79913	0.03047	0.00995	0.01493	0.02301	0.00995	0.01741	0.01182	0.01368	0.00808	0.00933	0.00746	0.00498	0.00373	0.00124	0.00622	0.00311	0.00249	0.00746
24	0.01578	0.01089	0.01184	0.01006	0.01288	0.01170	0.00792	0.38296	0.01969	0.02784	0.01923	0.18360	0.01742	0.00934	0.00568	0.00177	0.00473	0.00772	0.23138	0.00755
25	0.00823	0.00594	0.00777	0.00732	0.00869	0.00549	0.00549	0.01097	0.01646	0.02332	0.75629	0.04344	0.05487	0.01189	0.00686	0.00183	0.00274	0.01052	0.00640	0.00549
26	0.01142	0.00965	0.00994	0.00894	0.01097	0.08517	0.00684	0.09607	0.05348	0.02362	0.52866	0.03623	0.07466	0.01066	0.00653	0.00180	0.00405	0.00911	0.00592	0.00627
27	0.00823	0.00594	0.00777	0.00732	0.00869	0.00549	0.00549	0.01097	0.01646	0.02332	0.75629	0.04344	0.05487	0.01189	0.00686	0.00183	0.00274	0.01052	0.00640	0.00549
28	0.00695	0.00558	0.00621	0.00672	0.00807	0.00484	0.00479	0.00825	0.01246	0.01538	0.04879	0.33335	0.48614	0.01604	0.00708	0.00211	0.00311	0.01388	0.00540	0.00484
29	0.01555	0.79913	0.03047	0.00995	0.01493	0.02301	0.00995	0.01741	0.01182	0.01368	0.00808	0.00933	0.00746	0.00498	0.00373	0.00124	0.00622	0.00311	0.00249	0.00746
30	0.02172	0.02772	0.01648	0.01498	0.01798	0.77228	0.01124	0.02322	0.01648	0.01423	0.00899	0.01049	0.00749	0.00599	0.00524	0.00150	0.01049	0.00375	0.00300	0.00674
31	0.01756	0.01567	0.01410	0.01243	0.01584	0.17722	0.00966	0.06083	0.48369	0.09844	0.02000	0.01874	0.01484	0.00737	0.00576	0.00184	0.00599	0.00583	0.00541	0.00878
32	0.02080	0.01136	0.01370	0.01079	0.01468	0.01133	0.00880	0.28276	0.02049	0.34037	0.17762	0.02277	0.02148	0.00813	0.00605	0.00179	0.00500	0.00663	0.00653	0.00894
33	0.00733	0.00525	0.00697	0.00793	0.00849	0.00489	0.00542	0.00872	0.01228	0.01667	0.18802	0.63066	0.04200	0.01686	0.00730	0.00225	0.00324	0.01524	0.00561	0.00489
34	0.02175	0.02687	0.01655	0.01486	0.01798	0.71623	0.01122	0.07649	0.01729	0.01590	0.00936	0.01075	0.00767	0.00607	0.00529	0.00152	0.01018	0.00386	0.00321	0.00698
35	0.10770	0.10416	0.01801	0.37108	0.06044	0.16068	0.01310	0.06836	0.01357	0.01760	0.00985	0.01299	0.00772	0.00576	0.00521	0.00174	0.00760	0.00444	0.00301	0.00698
36	0.00763	0.00662	0.00749	0.00724	0.00890	0.00649	0.00559	0.00915	0.01237	0.01528	0.04877	0.04780	0.59640	0.01755	0.09528	0.00286	0.08378	0.01086	0.00485	0.00509
37	0.01604	0.01036	0.01069	0.00936	0.01151	0.09487	0.00683	0.08993	0.01417	0.22154	0.05264	0.10494	0.01988	0.29440	0.01460	0.00321	0.00572	0.00780	0.00503	0.00650
38	0.00869	0.00876	0.09782	0.00821	0.01015	0.00648	0.00697	0.01132	0.01424	0.02014	0.50842	0.03856	0.04194	0.17992	0.01160	0.00265	0.00406	0.00933	0.00531	0.00543
39	0.01397	0.42867	0.30646	0.01264	0.01882	0.01855	0.01423	0.01916	0.08681	0.01655	0.01056	0.01170	0.00847	0.00548	0.00463	0.00154	0.00695	0.00391	0.00282	0.00807
40	0.01446	0.01272	0.01940	0.37957	0.26348	0.01431	0.01559	0.17196	0.01552	0.02086	0.01131	0.01482	0.00868	0.00586	0.00580	0.00183	0.00719	0.00519	0.00337	0.00807
41	0.00965	0.08695	0.01037	0.00889	0.01019	0.00810	0.00650	0.09236	0.01305	0.01721	0.02756	0.62384	0.03206	0.01559	0.00686	0.00218	0.00401	0.01388	0.00515	0.00559
42	0.01552	0.01594	0.02086	0.06593	0.50898	0.14722	0.01562	0.02013	0.09747	0.01856	0.01202	0.01459	0.00981	0.00566	0.00569	0.00173	0.00732	0.00509	0.00323	0.00864
43	0.00889	0.00652	0.00797	0.00837	0.00949	0.00634	0.00594	0.09174	0.01376	0.01829	0.10723	0.54375	0.11778	0.01590	0.00712	0.00219	0.00361	0.01415	0.00555	0.00541
44	0.01589	0.01673	0.01369	0.01319	0.04762	0.31632	0.00950	0.01954	0.12271	0.03707	0.01539	0.09585	0.01437	0.09792	0.00988	0.00226	0.09483	0.00636	0.04426	0.00663
45	0.02074	0.05965	0.01687	0.01427	0.01755	0.58441	0.01095	0.09651	0.09242	0.01752	0.01096	0.01194	0.00878	0.00624	0.00530	0.00156	0.00928	0.00416	0.00356	0.00735
46	0.01270	0.01048	0.01213	0.00910	0.01372	0.00861	0.00721	0.09655	0.01370	0.02055	0.01295	0.09144	0.01179	0.00602	0.00479	0.00111	0.00445	0.00498	0.00391	0.65378
47	0.01573	0.01303	0.01521	0.17803	0.02126	0.01507	0.01119	0.21471	0.39953	0.02554	0.01823	0.01832	0.01352	0.00720	0.00587	0.00190	0.00576	0.00592	0.00517	0.00879
48	0.01116	0.00797	0.00867	0.00779	0.00908	0.00820	0.00528	0.16598	0.01323	0.01739	0.02337	0.03551	0.12717	0.51069	0.02113	0.00426	0.00540	0.00833	0.00429	0.00510
49	0.01597	0.01480	0.02837	0.02071	0.02570	0.01470	0.49945	0.10137	0.01512	0.10426	0.01286	0.01565	0.00945	0.00593	0.00787	0.00198	0.08756	0.00638	0.00371	0.00816
50	0.01514	0.01895	0.13754	0.02065	0.02621	0.09197	0.44042	0.10095	0.01511	0.01997	0.01133	0.01431	0.00854	0.00560	0.00698	0.00190	0.04733	0.00590	0.00318	0.00800
51	0.01574	0.01299	0.01372	0.01188	0.01539	0.01476	0.00937	0.18250	0.55738	0.02656	0.02331	0.02171	0.05232	0.00803	0.00594	0.00192	0.00491	0.00657	0.00587	0.00914
52	0.02102	0.11553	0.01807	0.01441	0.01763	0.68699	0.01109	0.02256	0.01595	0.01417	0.00889	0.01036	0.00749	0.00588	0.00507	0.00147	0.01000	0.00367	0.00294	0.00682
53	0.01999	0.10501	0.01629	0.01203	0.01588	0.18285	0.00970	0.08177	0.24509	0.22468	0.01768	0.01667	0.01277	0.00688	0.00549	0.00172	0.00633	0.00525	0.00522	0.00870

[dist]
# distance from previous block
# <min> <max>
2	52

[block]
# block no. 5 follows, 40 sequences, length 42
# corresponding to MSA columns:
# 1284-1325
name=unknown_F
#
# <colnr> <probs for GDERKNQSTAVLIFYWHMCP>
#	G	D	E	R	K	N	Q	S	T	A	V	L	I	F	Y	W	H	M	C	P
0	0.08369	0.01484	0.01559	0.01216	0.01641	0.01642	0.01000	0.61325	0.02452	0.03437	0.01400	0.01437	0.01010	0.00684	0.00548	0.00171	0.00589	0.00509	0.08610	0.00918
1	0.01907	0.02079	0.01577	0.01457	0.04644	0.40346	0.01080	0.10877	0.26035	0.02037	0.01451	0.01476	0.01124	0.00670	0.00555	0.00169	0.00792	0.00491	0.00429	0.00802
2	0.00799	0.00593	0.00744	0.00707	0.00854	0.00539	0.00530	0.01051	0.01590	0.02199	0.63437	0.04563	0.17762	0.01238	0.00686	0.00185	0.00278	0.01082	0.00623	0.00539
3	0.00926	0.00662	0.00921	0.01038	0.01172	0.00658	0.00899	0.01194	0.01369	0.01798	0.10179	0.06343	0.03556	0.01566	0.00792	0.00259	0.00510	0.65076	0.00546	0.00537
4	0.02307	0.01329	0.01635	0.01425	0.08920	0.01353	0.01064	0.36231	0.02135	0.34843	0.01754	0.01652	0.01177	0.00690	0.00582	0.00177	0.00582	0.00549	0.00613	0.00983
5	0.02406	0.00997	0.01310	0.01019	0.01426	0.00899	0.00825	0.08116	0.01667	0.63385	0.02180	0.02113	0.01471	0.08434	0.00817	0.00217	0.00513	0.00606	0.00673	0.00927
6	0.01923	0.01399	0.01511	0.01189	0.01570	0.01532	0.00959	0.58170	0.02402	0.03251	0.07173	0.01891	0.01466	0.08453	0.00815	0.00212	0.00589	0.00597	0.04024	0.00874
7	0.01446	0.01249	0.01315	0.01183	0.01512	0.01446	0.00920	0.03090	0.74885	0.02433	0.02367	0.02170	0.01775	0.00789	0.00592	0.00197	0.00460	0.00657	0.00592	0.00920
8	0.01882	0.01352	0.01476	0.01219	0.01614	0.01495	0.00979	0.28804	0.38705	0.12953	0.02004	0.01863	0.01444	0.00747	0.00587	0.00187	0.00530	0.00599	0.00606	0.00955
9	0.01383	0.01126	0.01180	0.01071	0.01366	0.01288	0.00831	0.02787	0.62007	0.02386	0.02285	0.02169	0.01725	0.00769	0.00559	0.00186	0.00427	0.00637	0.14962	0.00854
