[name]
unknown

[dist]
# distance from previous block
# <min> <max>
0	64

[block]
# block no. 0 follows, 39 sequences, length 17
# corresponding to MSA columns:
# 64-80
name=unknown_A
#
# <colnr> <probs for GDERKNQSTAVLIFYWHMCP>
#	G	D	E	R	K	N	Q	S	T	A	V	L	I	F	Y	W	H	M	C	P
0	0.01016	0.01406	0.25573	0.01107	0.01451	0.00830	0.01110	0.01333	0.01228	0.05201	0.09004	0.25904	0.02616	0.12376	0.01007	0.00265	0.00569	0.06933	0.00441	0.00630
1	0.04972	0.01591	0.13044	0.01423	0.06952	0.08609	0.01178	0.18737	0.01625	0.09089	0.01606	0.12582	0.01425	0.01264	0.09386	0.00278	0.04336	0.00675	0.00440	0.00788
2	0.01370	0.19961	0.43319	0.01324	0.01979	0.01439	0.01570	0.01851	0.01269	0.07144	0.01223	0.01372	0.00913	0.00580	0.00501	0.00166	0.00707	0.00437	0.12065	0.00811
3	0.01630	0.00818	0.01052	0.00903	0.01219	0.00713	0.00734	0.01857	0.01534	0.33619	0.13272	0.03760	0.18379	0.01073	0.00652	0.00193	0.00429	0.10947	0.00627	0.06586
4	0.01397	0.01274	0.02018	0.08781	0.14401	0.01223	0.17546	0.11901	0.01495	0.02104	0.01338	0.08123	0.01164	0.00642	0.00585	0.00164	0.00663	0.00616	0.00373	0.24191
5	0.01555	0.12360	0.44213	0.01547	0.02249	0.05543	0.06894	0.04566	0.01394	0.12456	0.01227	0.01341	0.00873	0.00582	0.00553	0.00178	0.00802	0.00463	0.00338	0.00867
6	0.00738	0.00532	0.00724	0.00842	0.00886	0.00517	0.00576	0.00857	0.01106	0.01490	0.03020	0.67874	0.03563	0.02223	0.11656	0.00342	0.00521	0.01531	0.00516	0.00487
7	0.00973	0.01740	0.36420	0.01238	0.01677	0.00941	0.01340	0.01359	0.01158	0.01650	0.01952	0.26251	0.02036	0.07976	0.07441	0.00306	0.00729	0.03779	0.00371	0.00663
8	0.01511	0.01222	0.02030	0.29662	0.39491	0.01296	0.01618	0.01860	0.01338	0.12381	0.01265	0.01583	0.00959	0.00579	0.00589	0.00184	0.00705	0.00536	0.00345	0.00847
9	0.01376	0.01475	0.07681	0.16762	0.51891	0.01393	0.07256	0.01770	0.01314	0.01849	0.01104	0.01479	0.00893	0.00539	0.00593	0.00182	0.00753	0.00533	0.00285	0.00871
10	0.19958	0.01036	0.01265	0.00993	0.01431	0.00967	0.00820	0.02637	0.01546	0.60231	0.02010	0.01787	0.01287	0.00693	0.00546	0.00183	0.00493	0.00536	0.00654	0.00928
11	0.01353	0.35442	0.45234	0.01400	0.02119	0.01783	0.01688	0.01830	0.01229	0.01669	0.00960	0.01122	0.00753	0.00538	0.00485	0.00162	0.00772	0.00386	0.00251	0.00825
12	0.04929	0.07167	0.02469	0.02330	0.25247	0.08627	0.22585	0.04953	0.01477	0.12600	0.01274	0.01485	0.00963	0.00563	0.00592	0.00178	0.00779	0.00550	0.00371	0.00860
13	0.01331	0.00672	0.00894	0.00870	0.01046	0.00607	0.00638	0.01496	0.01353	0.23927	0.09134	0.45216	0.03192	0.01398	0.00683	0.00213	0.00382	0.01241	0.05057	0.00649
14	0.08391	0.01452	0.01175	0.01180	0.03346	0.25748	0.00902	0.04978	0.01462	0.01881	0.01896	0.09046	0.01869	0.01002	0.00600	0.00195	0.00659	0.20156	0.13438	0.00627
15	0.01337	0.01275	0.02171	0.30812	0.49339	0.01372	0.01752	0.01704	0.01286	0.01778	0.01090	0.01505	0.00882	0.00550	0.00588	0.00183	0.00734	0.00526	0.00282	0.00834
16	0.15377	0.01201	0.01585	0.12620	0.20887	0.01189	0.01143	0.06744	0.01324	0.02121	0.01054	0.01306	0.00848	0.00521	0.00497	0.00149	0.00575	0.00429	0.00343	0.30089

[dist]
# distance from previous block
# <min> <max>
3	9

[block]
# block no. 1 follows, 39 sequences, length 13
# corresponding to MSA columns:
# 90-102
name=unknown_B
#
# <colnr> <probs for GDERKNQSTAVLIFYWHMCP>
#	G	D	E	R	K	N	Q	S	T	A	V	L	I	F	Y	W	H	M	C	P
0	0.29509	0.01116	0.00990	0.00904	0.01135	0.07995	0.00683	0.09270	0.01266	0.04222	0.01509	0.02567	0.01483	0.26650	0.01329	0.00317	0.00582	0.07469	0.00410	0.00592
1	0.44812	0.01126	0.01283	0.18538	0.10514	0.01257	0.01007	0.01652	0.01129	0.02234	0.03496	0.01302	0.00901	0.00569	0.00461	0.00177	0.00553	0.00419	0.00342	0.08228
2	0.36528	0.01518	0.13328	0.01062	0.01482	0.04694	0.00976	0.06154	0.11912	0.07417	0.01331	0.01560	0.01050	0.07841	0.00712	0.00220	0.00579	0.00474	0.00416	0.00744
3	0.01737	0.27005	0.01910	0.01013	0.01473	0.01445	0.00884	0.12229	0.01579	0.16755	0.08504	0.01630	0.01431	0.00633	0.00497	0.00142	0.00530	0.00484	0.00458	0.19661
4	0.01853	0.46651	0.02500	0.01215	0.01651	0.26883	0.01066	0.08954	0.01512	0.01637	0.00911	0.01033	0.00784	0.00560	0.00451	0.00140	0.00777	0.00359	0.00303	0.00759
5	0.01163	0.00951	0.01133	0.01022	0.01280	0.01031	0.00794	0.03860	0.27937	0.01917	0.01941	0.02253	0.03642	0.05122	0.31042	0.00496	0.00912	0.00629	0.00442	0.12431
6	0.01581	0.79572	0.03099	0.01012	0.01518	0.02340	0.01012	0.01771	0.01202	0.01391	0.00822	0.00949	0.00759	0.00506	0.00379	0.00126	0.00632	0.00316	0.00253	0.00759
7	0.04481	0.02228	0.41091	0.01442	0.02108	0.01363	0.01606	0.13422	0.08749	0.15568	0.01470	0.01497	0.01018	0.00639	0.00570	0.00186	0.00718	0.00499	0.00429	0.00917
8	0.02049	0.00881	0.01173	0.00969	0.01329	0.00772	0.00795	0.02277	0.01611	0.51489	0.09664	0.03215	0.11533	0.00973	0.00642	0.00195	0.00461	0.08441	0.00681	0.00849
9	0.00993	0.00717	0.00982	0.00872	0.01097	0.00635	0.07222	0.01201	0.01404	0.08997	0.15955	0.15187	0.36968	0.01307	0.00686	0.00199	0.00386	0.01143	0.03463	0.00585
10	0.01809	0.16696	0.02326	0.01580	0.02005	0.26521	0.18111	0.14842	0.01683	0.01956	0.01207	0.06289	0.01042	0.00663	0.00568	0.00169	0.00846	0.00555	0.00361	0.00770
11	0.01066	0.00839	0.00882	0.01029	0.08146	0.07615	0.00663	0.01268	0.01274	0.01812	0.02743	0.25584	0.12764	0.01133	0.00585	0.00183	0.00414	0.00974	0.30455	0.00572
12	0.00825	0.00614	0.00907	0.00930	0.01024	0.00697	0.00708	0.01018	0.00980	0.01395	0.01857	0.14811	0.01876	0.04014	0.64449	0.00834	0.01381	0.00805	0.00355	0.00520

[dist]
# distance from previous block
# <min> <max>
0	47

[block]
# block no. 2 follows, 39 sequences, length 91
# corresponding to MSA columns:
# 150-202,205-228,230-243
name=unknown_C
#
# <colnr> <probs for GDERKNQSTAVLIFYWHMCP>
#	G	D	E	R	K	N	Q	S	T	A	V	L	I	F	Y	W	H	M	C	P
0	0.01549	0.01562	0.01565	0.01468	0.06224	0.20933	0.07163	0.08443	0.18106	0.02064	0.07780	0.07970	0.04221	0.00908	0.00632	0.00193	0.00678	0.07318	0.00471	0.00752
1	0.01235	0.01321	0.09233	0.01746	0.02167	0.01097	0.35456	0.01609	0.01331	0.06391	0.01996	0.21194	0.01963	0.00989	0.00707	0.00216	0.00739	0.09489	0.00413	0.00709
2	0.02143	0.00867	0.01132	0.00924	0.01278	0.00774	0.00755	0.02386	0.01554	0.52073	0.02277	0.02353	0.01598	0.00777	0.00561	0.00177	0.00446	0.05000	0.22065	0.00859
3	0.10288	0.01019	0.01325	0.01026	0.01475	0.00912	0.00848	0.02774	0.01628	0.69007	0.02190	0.01913	0.01386	0.00715	0.00573	0.00183	0.00499	0.00569	0.00697	0.00972
4	0.01882	0.02437	0.06900	0.01848	0.02283	0.47695	0.24648	0.02179	0.01558	0.01619	0.01015	0.01249	0.00805	0.00570	0.00588	0.00170	0.01032	0.00487	0.00299	0.00734
5	0.01415	0.01335	0.02223	0.24041	0.35543	0.01426	0.10136	0.07021	0.07274	0.01982	0.01231	0.01568	0.00965	0.00577	0.00602	0.00187	0.00739	0.00559	0.00331	0.00846
6	0.00849	0.00618	0.00873	0.00873	0.00951	0.00697	0.00642	0.01006	0.00927	0.01315	0.01655	0.02717	0.01649	0.23455	0.58087	0.00855	0.01327	0.00691	0.00327	0.00485
7	0.01464	0.01405	0.02400	0.03630	0.75528	0.01405	0.01815	0.01815	0.01347	0.01932	0.01112	0.01464	0.00937	0.00527	0.00585	0.00176	0.00703	0.00527	0.00293	0.00937
8	0.00775	0.00592	0.00784	0.06959	0.01125	0.00570	0.00638	0.00940	0.01257	0.01653	0.13309	0.46612	0.16294	0.01593	0.00727	0.00224	0.00371	0.04525	0.00540	0.00511
9	0.01898	0.01290	0.07259	0.01109	0.01482	0.06477	0.00941	0.12805	0.06298	0.29884	0.02124	0.15201	0.01740	0.00902	0.00600	0.00187	0.00546	0.00747	0.07671	0.00837
10	0.01297	0.01274	0.02116	0.26920	0.25403	0.01499	0.07349	0.01611	0.01171	0.01647	0.01003	0.01462	0.00840	0.00691	0.00985	0.00208	0.22960	0.00537	0.00274	0.00752
11	0.01378	0.01163	0.02020	0.05490	0.33586	0.01137	0.13055	0.01704	0.01387	0.08886	0.07943	0.10450	0.01883	0.00832	0.00651	0.00197	0.00648	0.06381	0.00412	0.00797
12	0.01003	0.00522	0.00752	0.00752	0.00752	0.00522	0.00491	0.00784	0.00784	0.01045	0.01151	0.02103	0.01193	0.13433	0.02414	0.70670	0.00522	0.00565	0.00272	0.00272
13	0.08030	0.01346	0.01668	0.01860	0.22736	0.08054	0.04333	0.07551	0.09115	0.02179	0.09098	0.02065	0.01621	0.00705	0.00575	0.00172	0.00607	0.04966	0.00418	0.12902
14	0.01368	0.20759	0.48455	0.01662	0.08076	0.01632	0.01813	0.06393	0.01343	0.01882	0.01032	0.01206	0.00783	0.00555	0.00523	0.00171	0.00790	0.00422	0.00276	0.00860
15	0.16633	0.01158	0.01364	0.01065	0.01510	0.01139	0.00879	0.16580	0.01787	0.48977	0.01891	0.01713	0.01230	0.00696	0.00554	0.00182	0.00524	0.00535	0.00641	0.00943
16	0.02018	0.01187	0.06671	0.01071	0.01481	0.01044	0.00925	0.12506	0.09867	0.37047	0.07869	0.02111	0.01720	0.00757	0.00578	0.00179	0.00500	0.00615	0.10959	0.00896
17	0.01685	0.15451	0.19539	0.12927	0.02170	0.02633	0.01353	0.17232	0.01625	0.12414	0.01327	0.01450	0.00962	0.00621	0.00535	0.00172	0.00682	0.00478	0.05902	0.00843
18	0.01201	0.00580	0.00603	0.00583	0.00741	0.00571	0.00442	0.01473	0.01269	0.06883	0.01955	0.02193	0.01512	0.00692	0.00425	0.00141	0.00290	0.00554	0.77311	0.00580
19	0.00809	0.00600	0.00731	0.00731	0.00822	0.00606	0.00508	0.00920	0.01029	0.01349	0.02956	0.03890	0.22906	0.32662	0.26316	0.00589	0.00823	0.00898	0.00400	0.00454
20	0.01267	0.00908	0.00968	0.00902	0.01110	0.06758	0.00678	0.08171	0.01566	0.12011	0.18995	0.25117	0.16629	0.01287	0.00677	0.00200	0.00429	0.01108	0.00581	0.00638
21	0.01334	0.01272	0.02166	0.31430	0.48744	0.01371	0.01750	0.01701	0.01285	0.01774	0.01089	0.01506	0.00881	0.00551	0.00588	0.00184	0.00735	0.00526	0.00282	0.00832
22	0.02464	0.01625	0.01521	0.01234	0.01650	0.22804	0.00986	0.13500	0.01854	0.43574	0.01787	0.01651	0.01193	0.00693	0.00577	0.00173	0.00687	0.00524	0.00588	0.00914
23	0.09007	0.01132	0.01403	0.01085	0.01538	0.01075	0.00896	0.15218	0.01829	0.57409	0.02052	0.01825	0.01318	0.00714	0.00576	0.00182	0.00526	0.00562	0.00678	0.00977
24	0.01287	0.07818	0.24757	0.01165	0.01603	0.03456	0.01177	0.01751	0.08091	0.10352	0.06779	0.17119	0.06956	0.04177	0.00710	0.00209	0.00588	0.00820	0.00448	0.00737
25	0.01465	0.00718	0.00938	0.00878	0.01101	0.00634	0.00658	0.01623	0.01382	0.30307	0.03317	0.37980	0.13839	0.01365	0.00684	0.00212	0.00398	0.01195	0.00620	0.00687
26	0.02020	0.01125	0.01454	0.01178	0.01477	0.01214	0.00959	0.14584	0.01592	0.35992	0.01742	0.01919	0.01287	0.07330	0.06019	0.00280	0.17847	0.00591	0.00546	0.00844
27	0.04721	0.01547	0.14672	0.05703	0.19646	0.04401	0.16566	0.01605	0.01296	0.01807	0.01844	0.14656	0.07281	0.00833	0.00631	0.00196	0.00711	0.00782	0.00352	0.00749
28	0.01480	0.01515	0.01982	0.20740	0.38015	0.14823	0.01545	0.03563	0.01387	0.01759	0.01225	0.07000	0.01086	0.00657	0.00590	0.00181	0.00761	0.00584	0.00314	0.00794
29	0.15336	0.01782	0.01752	0.01433	0.01830	0.28925	0.13563	0.02259	0.01508	0.20496	0.01404	0.01628	0.01059	0.00656	0.00563	0.00179	0.00790	0.03632	0.00432	0.00772
30	0.13420	0.10960	0.17944	0.01699	0.12722	0.27329	0.01380	0.04801	0.01429	0.01866	0.00972	0.01150	0.00777	0.00571	0.00508	0.00166	0.00819	0.00405	0.00305	0.00778
31	0.01436	0.51493	0.29908	0.01259	0.01900	0.01985	0.01442	0.01808	0.01219	0.01568	0.00910	0.01059	0.00755	0.00526	0.00446	0.00149	0.00721	0.00361	0.00252	0.00801
32	0.01325	0.01261	0.06108	0.12913	0.04234	0.01294	0.01088	0.05383	0.40096	0.02156	0.02030	0.09263	0.01694	0.04036	0.00702	0.00211	0.00549	0.00711	0.00491	0.04453
33	0.08142	0.01257	0.01422	0.01166	0.01473	0.01403	0.00943	0.34722	0.01948	0.02784	0.13704	0.08061	0.01930	0.00903	0.00794	0.00191	0.11961	0.00683	0.00516	0.05999
34	0.01498	0.01153	0.01357	0.06021	0.01628	0.01311	0.00965	0.18760	0.29126	0.05395	0.01853	0.02010	0.01448	0.01806	0.22471	0.00409	0.00852	0.00615	0.00501	0.00820
35	0.01753	0.01407	0.18729	0.01186	0.01662	0.00952	0.07614	0.02126	0.01433	0.30850	0.01818	0.01852	0.01261	0.00659	0.00544	0.00173	0.00569	0.00555	0.24030	0.00826
36	0.06158	0.01126	0.01420	0.01094	0.01550	0.01058	0.00904	0.15183	0.01852	0.60071	0.02107	0.01863	0.01347	0.00720	0.00584	0.00182	0.00527	0.00572	0.00691	0.00990
37	0.01920	0.02184	0.01986	0.07763	0.02206	0.41686	0.13864	0.11226	0.07928	0.01905	0.01166	0.01342	0.00907	0.00618	0.00580	0.00171	0.00929	0.00492	0.00362	0.00765
38	0.01624	0.00848	0.01131	0.01035	0.01294	0.00824	0.00844	0.07543	0.01495	0.28443	0.02461	0.11526	0.02255	0.04169	0.11564	0.00335	0.00665	0.20632	0.00578	0.00732
39	0.00815	0.00605	0.00887	0.00920	0.01009	0.00677	0.00694	0.01000	0.00994	0.01406	0.01985	0.20630	0.02061	0.03817	0.58660	0.00780	0.01287	0.00884	0.00372	0.00517
40	0.01103	0.00700	0.00890	0.00869	0.01042	0.00669	0.00657	0.01448	0.08359	0.11715	0.28064	0.25491	0.08369	0.01344	0.00701	0.00210	0.00367	0.06764	0.00613	0.00626
41	0.01215	0.08579	0.70882	0.01637	0.02484	0.01443	0.02100	0.01865	0.01245	0.01838	0.01044	0.01227	0.00750	0.00558	0.00549	0.00183	0.00857	0.00428	0.00250	0.00866
42	0.02383	0.00927	0.01229	0.00965	0.01367	0.00814	0.00790	0.02620	0.01614	0.63098	0.02263	0.02046	0.01473	0.00724	0.00563	0.00175	0.00464	0.00587	0.14971	0.00927
43	0.83394	0.01144	0.00869	0.00778	0.01144	0.01327	0.00640	0.01738	0.01006	0.02653	0.00823	0.00961	0.00640	0.00549	0.00366	0.00183	0.00457	0.00320	0.00366	0.00640
44	0.02146	0.02647	0.01828	0.01591	0.01930	0.66040	0.06935	0.06841	0.01723	0.01628	0.00969	0.01131	0.00788	0.00607	0.00550	0.00158	0.01035	0.00416	0.00322	0.00715
45	0.00882	0.00638	0.00694	0.00687	0.00866	0.00596	0.00527	0.01189	0.06021	0.01940	0.16804	0.04523	0.36387	0.01229	0.00636	0.00188	0.00319	0.06093	0.19227	0.00552
46	0.01447	0.00804	0.01036	0.00988	0.01215	0.00778	0.00772	0.01854	0.11948	0.23650	0.07320	0.27570	0.02900	0.01292	0.00693	0.00220	0.00440	0.13738	0.00616	0.00717
47	0.01316	0.01237	0.02062	0.14144	0.53640	0.01268	0.01622	0.01653	0.01324	0.01833	0.01617	0.02203	0.06477	0.00695	0.00613	0.00188	0.00673	0.06275	0.00327	0.00832
48	0.01297	0.01235	0.02099	0.39326	0.41136	0.01361	0.01732	0.01669	0.01268	0.01729	0.01083	0.01518	0.00865	0.00558	0.00588	0.00186	0.00744	0.00526	0.00278	0.00802
49	0.01057	0.00966	0.07002	0.01028	0.01256	0.00898	0.00879	0.08155	0.06657	0.01985	0.19329	0.02994	0.02535	0.02516	0.33758	0.00525	0.00963	0.06403	0.00456	0.00639
50	0.01944	0.36546	0.02344	0.01238	0.01692	0.17114	0.01078	0.27337	0.01857	0.02231	0.01052	0.01139	0.00847	0.00599	0.00486	0.00150	0.00726	0.00406	0.00383	0.00832
51	0.01492	0.07295	0.01575	0.01711	0.22525	0.01073	0.01047	0.01851	0.08187	0.17946	0.02384	0.20672	0.07755	0.00994	0.00622	0.00193	0.00513	0.00875	0.00497	0.00792
52	0.04791	0.01218	0.06354	0.04502	0.07116	0.01082	0.11083	0.08312	0.03321	0.15978	0.02049	0.10177	0.04633	0.00890	0.00631	0.00195	0.00607	0.09213	0.00481	0.07367
53	0.13394	0.19926	0.23302	0.01504	0.08818	0.09985	0.01385	0.07113	0.01398	0.06576	0.01066	0.01198	0.00818	0.00570	0.00495	0.00167	0.00725	0.00411	0.00332	0.00817
54	0.02429	0.01104	0.01418	0.01105	0.01537	0.01048	0.00909	0.16616	0.01847	0.55775	0.02094	0.01921	0.01375	0.01025	0.06712	0.00243	0.00619	0.00586	0.00671	0.00968
55	0.01068	0.01216	0.16282	0.05858	0.01546	0.00815	0.04159	0.01373	0.01373	0.09496	0.07877	0.03888	0.40520	0.01109	0.00653	0.00194	0.00499	0.00934	0.00484	0.00655
56	0.01458	0.06836	0.20910	0.01951	0.21913	0.07390	0.02586	0.06969	0.01414	0.01971	0.01074	0.01286	0.00853	0.00532	0.00529	0.00153	0.00708	0.00439	0.00316	0.20713
57	0.01069	0.00965	0.01640	0.01358	0.01564	0.01055	0.18155	0.01342	0.01192	0.01731	0.12350	0.07780	0.01995	0.01910	0.22112	0.00415	0.15029	0.00761	0.06959	0.00617
58	0.00777	0.00581	0.00713	0.00745	0.00835	0.00568	0.00518	0.00893	0.01086	0.01415	0.03316	0.21970	0.23390	0.21074	0.18938	0.00474	0.00674	0.01115	0.00449	0.00467
59	0.01293	0.06771	0.30749	0.01280	0.01784	0.01237	0.01343	0.07841	0.12518	0.05224	0.08437	0.15268	0.01952	0.00899	0.00606	0.00194	0.00616	0.00754	0.00441	0.00795
60	0.01735	0.01782	0.22137	0.02286	0.30989	0.01304	0.02735	0.07841	0.01519	0.19767	0.01417	0.01535	0.01017	0.00600	0.00583	0.00181	0.00702	0.00522	0.00410	0.00940
61	0.17858	0.01043	0.01284	0.01006	0.01446	0.00971	0.00830	0.03834	0.01581	0.60938	0.02034	0.01805	0.01301	0.00697	0.00552	0.00183	0.00497	0.00542	0.00661	0.00937
62	0.01254	0.00695	0.00862	0.00765	0.00997	0.00616	0.00593	0.01487	0.01561	0.19757	0.34168	0.04020	0.22750	0.01134	0.00653	0.00185	0.00338	0.00966	0.06548	0.00649
63	0.02040	0.10469	0.06692	0.01657	0.11188	0.18264	0.04421	0.19190	0.01808	0.16616	0.01348	0.01407	0.00984	0.00627	0.00558	0.00169	0.00748	0.00488	0.00445	0.00881
64	0.00856	0.00635	0.00817	0.00878	0.00997	0.00616	0.00672	0.01151	0.06000	0.01869	0.22154	0.30841	0.09233	0.01536	0.00742	0.00229	0.00383	0.19266	0.00578	0.00547
65	0.00826	0.00616	0.00911	0.00932	0.01027	0.00701	0.00711	0.01022	0.00977	0.01393	0.01831	0.13605	0.01837	0.04054	0.65649	0.00846	0.01401	0.00788	0.00351	0.00521
66	0.01658	0.07473	0.01283	0.01006	0.01305	0.14117	0.00790	0.01942	0.06748	0.22956	0.05816	0.13932	0.16481	0.01034	0.00616	0.00186	0.00536	0.00850	0.00543	0.00729
67	0.01816	0.01278	0.01985	0.09958	0.20844	0.01295	0.11000	0.07472	0.12371	0.23264	0.01681	0.01757	0.01200	0.00642	0.00607	0.00187	0.00656	0.00591	0.00483	0.00914
68	0.01608	0.01290	0.01609	0.01288	0.01654	0.08269	0.13569	0.19259	0.01764	0.12139	0.02797	0.09932	0.20269	0.00976	0.00648	0.00191	0.00612	0.00847	0.00517	0.00760
69	0.78341	0.01248	0.00919	0.00824	0.01186	0.06027	0.00672	0.01777	0.01048	0.02578	0.00829	0.00967	0.00648	0.00553	0.00376	0.00181	0.00495	0.00324	0.00362	0.00643
70	0.01131	0.01071	0.01777	0.71680	0.03871	0.01354	0.01614	0.01504	0.01160	0.01504	0.01029	0.01554	0.00787	0.00627	0.00699	0.00202	0.06992	0.00525	0.00262	0.00656
71	0.00878	0.00556	0.00676	0.00687	0.00703	0.00547	0.00417	0.00835	0.00892	0.01177	0.02039	0.09875	0.06584	0.49323	0.02507	0.20195	0.00522	0.00871	0.00362	0.00353
72	0.20910	0.01396	0.01479	0.01159	0.01605	0.01506	0.00957	0.41598	0.02136	0.19339	0.01484	0.01445	0.01023	0.00678	0.00541	0.00180	0.00574	0.00498	0.00571	0.00922
73	0.01869	0.01863	0.02548	0.01930	0.02416	0.23032	0.37387	0.06721	0.01608	0.12801	0.01297	0.01494	0.00949	0.00578	0.00629	0.00182	0.00922	0.00581	0.00383	0.00809
74	0.02105	0.01041	0.01239	0.00987	0.01357	0.01023	0.00803	0.20426	0.01840	0.36427	0.01985	0.01917	0.01362	0.00714	0.00542	0.00169	0.00475	0.00566	0.24145	0.00876
75	0.68049	0.01118	0.00965	0.00830	0.01213	0.01240	0.00684	0.01956	0.01137	0.16581	0.01110	0.01161	0.00797	0.00584	0.00409	0.00183	0.00466	0.00372	0.00436	0.00710
76	0.01464	0.01405	0.02400	0.03630	0.75528	0.01405	0.01815	0.01815	0.01347	0.01932	0.01112	0.01464	0.00937	0.00527	0.00585	0.00176	0.00703	0.00527	0.00293	0.00937
77	0.00848	0.00548	0.00657	0.00712	0.00809	0.00515	0.00503	0.01034	0.01273	0.01862	0.15223	0.37977	0.09710	0.01380	0.00642	0.00198	0.00309	0.01217	0.24068	0.00515
78	0.00970	0.01361	0.22554	0.01197	0.01521	0.00963	0.01193	0.01318	0.01064	0.01547	0.01511	0.02285	0.01378	0.02977	0.46307	0.00653	0.04569	0.05688	0.00312	0.00633
79	0.01325	0.01263	0.02150	0.33308	0.46934	0.01369	0.01746	0.01693	0.01281	0.01764	0.01088	0.01509	0.00877	0.00553	0.00588	0.00184	0.00737	0.00526	0.00281	0.00825
80	0.05144	0.01861	0.01922	0.01544	0.01928	0.27802	0.16888	0.18373	0.01840	0.02266	0.12960	0.01795	0.01612	0.00701	0.00602	0.00175	0.00805	0.00593	0.00427	0.00761
81	0.00723	0.00574	0.00649	0.00685	0.00827	0.00501	0.00493	0.00875	0.01324	0.01668	0.13860	0.27459	0.45140	0.01568	0.00716	0.00210	0.00310	0.01356	0.00562	0.00501
82	0.02653	0.01006	0.01372	0.01052	0.01510	0.00869	0.00869	0.02882	0.01693	0.75937	0.02333	0.02013	0.01464	0.00732	0.00595	0.00183	0.00503	0.00595	0.00732	0.01006
83	0.01186	0.03059	0.76153	0.01686	0.02560	0.01373	0.02185	0.01873	0.01249	0.01873	0.01061	0.01249	0.00749	0.00562	0.00562	0.00187	0.00874	0.00437	0.00250	0.00874
84	0.01255	0.06118	0.13046	0.01264	0.07371	0.01023	0.01085	0.08272	0.01489	0.07813	0.03095	0.03896	0.22857	0.01108	0.00658	0.00205	0.00551	0.17706	0.00480	0.00709
85	0.00838	0.00603	0.00873	0.00895	0.00974	0.00671	0.00665	0.00986	0.00961	0.01355	0.01836	0.14503	0.01888	0.09829	0.54327	0.05902	0.01241	0.00810	0.00353	0.00490
86	0.01283	0.02898	0.64779	0.01635	0.02425	0.06826	0.02010	0.02010	0.07151	0.01890	0.01159	0.01312	0.00835	0.00585	0.00563	0.00186	0.00855	0.00452	0.00282	0.00865
87	0.01865	0.26452	0.12772	0.01210	0.01721	0.01633	0.01174	0.19701	0.01715	0.17790	0.01507	0.01788	0.01178	0.00702	0.00538	0.00171	0.00638	0.06114	0.00460	0.00872
88	0.06163	0.20826	0.12283	0.01049	0.01427	0.01278	0.00978	0.01745	0.09643	0.09394	0.02113	0.23783	0.05021	0.01002	0.00574	0.00189	0.00527	0.00834	0.00446	0.00723
89	0.19854	0.06739	0.08815	0.00916	0.01213	0.01039	0.00796	0.01478	0.03375	0.04817	0.01421	0.03065	0.01317	0.19073	0.15601	0.00408	0.00748	0.00563	0.02940	0.05822
90	0.05002	0.25427	0.14660	0.01429	0.07634	0.01477	0.08004	0.01745	0.03618	0.06152	0.06880	0.06813	0.04472	0.00761	0.00553	0.00176	0.00632	0.03430	0.00375	0.00760

[dist]
# distance from previous block
# <min> <max>
1	99

[block]
# block no. 3 follows, 39 sequences, length 37
# corresponding to MSA columns:
# 343-379
name=unknown_D
#
# <colnr> <probs for GDERKNQSTAVLIFYWHMCP>
#	G	D	E	R	K	N	Q	S	T	A	V	L	I	F	Y	W	H	M	C	P
0	0.01978	0.02064	0.12529	0.01782	0.14396	0.26714	0.01343	0.09705	0.05910	0.15821	0.01374	0.01440	0.01007	0.00633	0.00568	0.00173	0.00793	0.00486	0.00422	0.00863
1	0.02174	0.00932	0.01209	0.00962	0.01341	0.00836	0.00782	0.06279	0.01688	0.52770	0.10445	0.02484	0.06373	0.00826	0.00596	0.00180	0.00454	0.00679	0.08104	0.00885
2	0.01642	0.01002	0.01230	0.01162	0.05497	0.01005	0.00867	0.20741	0.01753	0.18211	0.02514	0.17242	0.07361	0.01078	0.00639	0.00199	0.00492	0.08590	0.08001	0.00774
3	0.01512	0.07145	0.13499	0.06175	0.18069	0.01298	0.01315	0.09811	0.06738	0.10947	0.01758	0.04764	0.05321	0.03455	0.05392	0.00243	0.00698	0.00617	0.00417	0.00829
4	0.01002	0.00858	0.01026	0.00985	0.01068	0.06540	0.00737	0.01147	0.00977	0.01328	0.01512	0.02499	0.01513	0.22467	0.44149	0.00718	0.09986	0.00658	0.00320	0.00511
5	0.00847	0.00626	0.00910	0.00910	0.01001	0.00717	0.00688	0.01030	0.00938	0.01343	0.01621	0.02529	0.01568	0.14407	0.67024	0.00900	0.01449	0.00664	0.00322	0.00505
6	0.01323	0.01237	0.02077	0.03100	0.61435	0.01231	0.01576	0.01628	0.01306	0.01852	0.01518	0.16065	0.01498	0.00777	0.00617	0.00188	0.00635	0.00745	0.00341	0.00851
7	0.01553	0.01375	0.02323	0.03436	0.69964	0.01365	0.01744	0.01895	0.01373	0.07495	0.01204	0.01505	0.00976	0.00542	0.00586	0.00176	0.00688	0.00532	0.00326	0.00942
8	0.02624	0.01054	0.01402	0.01075	0.01533	0.00939	0.00888	0.08019	0.01772	0.70689	0.02267	0.01970	0.01431	0.00730	0.00594	0.00183	0.00514	0.00590	0.00722	0.01006
9	0.02631	0.01042	0.01395	0.01069	0.01528	0.00923	0.00883	0.06796	0.01753	0.71938	0.02282	0.01980	0.01439	0.00731	0.00595	0.00183	0.00511	0.00591	0.00724	0.01006
10	0.01216	0.28277	0.28433	0.01233	0.01748	0.01508	0.01346	0.01589	0.01142	0.01557	0.01140	0.01475	0.00975	0.01724	0.23773	0.00399	0.01009	0.00456	0.00271	0.00729
11	0.01158	0.00824	0.01053	0.01026	0.01210	0.00894	0.00804	0.06775	0.13728	0.06439	0.02299	0.17288	0.02237	0.02423	0.28232	0.00487	0.00874	0.11107	0.00488	0.00655
12	0.00855	0.00594	0.00750	0.00750	0.00786	0.00630	0.00489	0.00927	0.00891	0.01224	0.01768	0.03339	0.01920	0.53558	0.28354	0.00703	0.00920	0.00782	0.00344	0.00417
13	0.01397	0.28869	0.46006	0.01434	0.02154	0.01734	0.01711	0.07049	0.01344	0.01845	0.01006	0.01159	0.00771	0.00554	0.00502	0.00166	0.00776	0.00403	0.00276	0.00845
14	0.01025	0.00761	0.00962	0.01027	0.01174	0.00785	0.00818	0.06735	0.09686	0.01903	0.02967	0.31843	0.03225	0.01549	0.00753	0.00245	0.00471	0.32915	0.00556	0.00600
15	0.01581	0.79572	0.03099	0.01012	0.01518	0.02340	0.01012	0.01771	0.01202	0.01391	0.00822	0.00949	0.00759	0.00506	0.00379	0.00126	0.00632	0.00316	0.00253	0.00759
16	0.01225	0.10659	0.68896	0.01619	0.02456	0.01469	0.02068	0.01863	0.01244	0.01825	0.01038	0.01219	0.00750	0.00556	0.00544	0.00181	0.00850	0.00425	0.00250	0.00863
17	0.00849	0.00619	0.00876	0.00876	0.00955	0.00699	0.00646	0.01008	0.00928	0.01317	0.01653	0.02703	0.01643	0.22775	0.58759	0.00858	0.01336	0.00689	0.00327	0.00486
18	0.21085	0.01537	0.01565	0.01225	0.01674	0.01716	0.01012	0.56884	0.02369	0.03478	0.01281	0.01313	0.00921	0.00673	0.00539	0.00179	0.00606	0.00483	0.00539	0.00921
19	0.01442	0.01383	0.02362	0.08230	0.71096	0.01399	0.01804	0.01796	0.01336	0.01906	0.01109	0.01471	0.00928	0.00531	0.00586	0.00177	0.00708	0.00527	0.00291	0.00919
20	0.02031	0.01549	0.01653	0.01317	0.01751	0.01733	0.01072	0.53895	0.22795	0.03377	0.01695	0.01639	0.01229	0.00736	0.00594	0.00184	0.00600	0.00570	0.00594	0.00986
21	0.01854	0.01243	0.01632	0.01284	0.01671	0.10712	0.14492	0.02122	0.01589	0.32509	0.12979	0.02613	0.10939	0.00836	0.00634	0.00185	0.00612	0.00736	0.00561	0.00798
22	0.00889	0.00658	0.00933	0.00918	0.01004	0.00766	0.00697	0.01070	0.00953	0.01395	0.01598	0.02475	0.01535	0.14574	0.57332	0.00806	0.05813	0.00654	0.05417	0.00512
23	0.02011	0.01539	0.01641	0.01313	0.01744	0.01723	0.01067	0.52081	0.24641	0.03345	0.01721	0.01660	0.01250	0.00738	0.00595	0.00185	0.00595	0.00574	0.00595	0.00984
24	0.01522	0.01512	0.02902	0.02134	0.02601	0.01552	0.49287	0.08344	0.01445	0.06004	0.01199	0.01545	0.00915	0.00632	0.00917	0.00208	0.15497	0.00643	0.00342	0.00799
25	0.01107	0.00579	0.00595	0.00582	0.00727	0.00579	0.00439	0.02890	0.01304	0.02249	0.07245	0.02349	0.01800	0.00727	0.00438	0.00142	0.00284	0.00588	0.74813	0.00561
26	0.00796	0.00704	0.00872	0.18519	0.01559	0.00688	0.00726	0.01002	0.01310	0.01577	0.04844	0.04736	0.57994	0.01287	0.00674	0.00199	0.00413	0.01080	0.00483	0.00536
27	0.00930	0.00582	0.00710	0.00731	0.00854	0.00560	0.00556	0.01182	0.01399	0.02109	0.29174	0.14702	0.03598	0.01171	0.00619	0.00188	0.00321	0.10078	0.29993	0.00543
28	0.01531	0.01373	0.02265	0.03308	0.65967	0.01380	0.01698	0.01972	0.06680	0.06153	0.01275	0.01549	0.01030	0.00559	0.00587	0.00178	0.00674	0.00541	0.00340	0.00941
29	0.00846	0.00629	0.00928	0.00928	0.01026	0.00727	0.00712	0.01042	0.00944	0.01357	0.01604	0.02435	0.01527	0.09830	0.71545	0.00923	0.01511	0.00650	0.00320	0.00516
30	0.02653	0.01006	0.01372	0.01052	0.01510	0.00869	0.00869	0.02882	0.01693	0.75937	0.02333	0.02013	0.01464	0.00732	0.00595	0.00183	0.00503	0.00595	0.00732	0.01006
31	0.01301	0.14137	0.61354	0.01579	0.02367	0.05778	0.01956	0.01886	0.01266	0.01779	0.01018	0.01195	0.00751	0.00556	0.00534	0.00176	0.00850	0.00416	0.00253	0.00847
32	0.00876	0.00743	0.00821	0.00908	0.00979	0.07435	0.00635	0.01002	0.01150	0.01481	0.02762	0.58779	0.03212	0.02180	0.13683	0.00353	0.00620	0.01385	0.00487	0.00507
33	0.01662	0.01167	0.01173	0.01016	0.01287	0.11419	0.00778	0.13660	0.01704	0.19281	0.15880	0.11390	0.07762	0.08085	0.00849	0.00221	0.00538	0.00838	0.00566	0.00723
34	0.02363	0.01222	0.01481	0.01146	0.01585	0.01211	0.00942	0.29514	0.02103	0.43061	0.07466	0.01969	0.01600	0.00759	0.00601	0.00181	0.00542	0.00607	0.00673	0.00972
35	0.01227	0.01150	0.02157	0.06717	0.14625	0.01135	0.28353	0.01560	0.05347	0.01690	0.01509	0.12840	0.01410	0.01016	0.00979	0.15789	0.00718	0.00764	0.00341	0.00672
36	0.16908	0.06060	0.01304	0.01050	0.01329	0.08630	0.00844	0.17097	0.01484	0.02187	0.05458	0.01806	0.01346	0.03357	0.28095	0.00459	0.00968	0.00537	0.00400	0.00682

[dist]
# distance from previous block
# <min> <max>
1	32

[block]
# block no. 4 follows, 39 sequences, length 40
# corresponding to MSA columns:
# 412-451
name=unknown_E
#
# <colnr> <probs for GDERKNQSTAVLIFYWHMCP>
#	G	D	E	R	K	N	Q	S	T	A	V	L	I	F	Y	W	H	M	C	P
0	0.10755	0.08589	0.11105	0.05721	0.08569	0.07101	0.07104	0.08079	0.01347	0.06335	0.01071	0.01329	0.00852	0.00740	0.02076	0.00206	0.17426	0.00481	0.00337	0.00776
1	0.04623	0.05773	0.14756	0.01455	0.01925	0.01414	0.13472	0.11628	0.20541	0.04562	0.01655	0.05464	0.01323	0.01047	0.07451	0.00259	0.00757	0.00627	0.00436	0.00833
2	0.00804	0.00632	0.00849	0.00877	0.00971	0.00677	0.00654	0.00960	0.01091	0.01469	0.03005	0.28628	0.17566	0.02723	0.30322	0.00508	0.06208	0.01105	0.00439	0.00514
3	0.05517	0.04595	0.37735	0.01368	0.01844	0.01271	0.01494	0.01537	0.01115	0.01696	0.01335	0.10174	0.01251	0.05803	0.07798	0.00294	0.13534	0.00622	0.00304	0.00714
4	0.01327	0.19203	0.45759	0.01590	0.06533	0.01597	0.01739	0.02022	0.11290	0.01855	0.01197	0.01328	0.00907	0.00581	0.00529	0.00175	0.00756	0.00448	0.00301	0.00861
5	0.02653	0.01006	0.01372	0.01052	0.01510	0.00869	0.00869	0.02882	0.01693	0.75937	0.02333	0.02013	0.01464	0.00732	0.00595	0.00183	0.00503	0.00595	0.00732	0.01006
6	0.01018	0.00663	0.00765	0.00719	0.00941	0.00573	0.00559	0.01209	0.01456	0.12385	0.17574	0.04997	0.48089	0.01345	0.00691	0.00199	0.00340	0.05300	0.00593	0.00585
7	0.01647	0.01637	0.10390	0.12622	0.17029	0.01553	0.09787	0.26577	0.08383	0.02528	0.01330	0.01522	0.00992	0.00624	0.00600	0.00186	0.00729	0.00551	0.00415	0.00898
8	0.00699	0.00599	0.00599	0.00599	0.00799	0.00499	0.00449	0.00849	0.01348	0.01598	0.05991	0.05691	0.75288	0.01498	0.00699	0.00200	0.00300	0.01248	0.00549	0.00499
9	0.00855	0.00592	0.00738	0.00738	0.00770	0.00624	0.00474	0.00920	0.00888	0.01215	0.01778	0.03399	0.01946	0.56460	0.25487	0.00688	0.00881	0.00791	0.00346	0.00410
10	0.01186	0.03059	0.76153	0.01686	0.02560	0.01373	0.02185	0.01873	0.01249	0.01873	0.01061	0.01249	0.00749	0.00562	0.00562	0.00187	0.00874	0.00437	0.00250	0.00874
11	0.01683	0.06507	0.09848	0.02127	0.19921	0.15426	0.14253	0.08561	0.09297	0.04755	0.01278	0.01456	0.00985	0.00593	0.00584	0.00177	0.00799	0.00527	0.00365	0.00857
12	0.01186	0.03059	0.76153	0.01686	0.02560	0.01373	0.02185	0.01873	0.01249	0.01873	0.01061	0.01249	0.00749	0.00562	0.00562	0.00187	0.00874	0.00437	0.00250	0.00874
13	0.34531	0.01061	0.01174	0.00944	0.01365	0.01050	0.00779	0.02431	0.01422	0.47003	0.01737	0.01597	0.01139	0.00660	0.00504	0.00183	0.00485	0.00486	0.00587	0.00862
14	0.01324	0.13689	0.31223	0.01979	0.21217	0.05477	0.01650	0.01752	0.01247	0.01722	0.01106	0.01404	0.00905	0.01101	0.11461	0.00283	0.00905	0.00468	0.00274	0.00814
15	0.01464	0.01405	0.02400	0.03630	0.75528	0.01405	0.01815	0.01815	0.01347	0.01932	0.01112	0.01464	0.00937	0.00527	0.00585	0.00176	0.00703	0.00527	0.00293	0.00937
16	0.02569	0.00988	0.01345	0.01038	0.01480	0.00855	0.00855	0.02800	0.01692	0.72505	0.05733	0.02125	0.01656	0.00754	0.00600	0.00183	0.00493	0.00617	0.00728	0.00986
17	0.01088	0.00828	0.00971	0.00976	0.01132	0.00870	0.00708	0.11693	0.15897	0.02018	0.02827	0.52569	0.03078	0.01481	0.00701	0.00223	0.00412	0.01316	0.00566	0.00646
18	0.01491	0.06069	0.02532	0.14027	0.35330	0.01516	0.18339	0.09822	0.01486	0.02029	0.01140	0.01476	0.00903	0.00549	0.00601	0.00182	0.00774	0.00555	0.00321	0.00860
19	0.02221	0.02463	0.01706	0.01474	0.01830	0.53921	0.01137	0.24117	0.02013	0.02144	0.01069	0.01174	0.00836	0.00640	0.00551	0.00160	0.00939	0.00427	0.00392	0.00783
20	0.01854	0.01898	0.05231	0.05912	0.01900	0.23591	0.01148	0.21063	0.26610	0.02413	0.01567	0.01584	0.01180	0.00698	0.00576	0.00180	0.00729	0.00529	0.00475	0.00861
21	0.00721	0.00515	0.00686	0.00823	0.00858	0.00480	0.00549	0.00823	0.01132	0.01510	0.03259	0.78831	0.03911	0.01853	0.00755	0.00240	0.00343	0.01681	0.00549	0.00480
22	0.00716	0.00532	0.00669	0.00778	0.00846	0.00484	0.00529	0.00829	0.01176	0.01527	0.03811	0.64064	0.18322	0.01781	0.00744	0.00232	0.00334	0.01594	0.00549	0.00484
23	0.01410	0.01557	0.03270	0.02722	0.17716	0.01477	0.58931	0.01878	0.01386	0.01902	0.01179	0.01569	0.00905	0.00504	0.00675	0.00195	0.00938	0.00663	0.00298	0.00826
24	0.00848	0.00622	0.00890	0.00890	0.00975	0.00706	0.00664	0.01017	0.00933	0.01328	0.01639	0.02630	0.01611	0.19253	0.62238	0.00876	0.01384	0.00678	0.00325	0.00494
25	0.46577	0.01673	0.01255	0.01084	0.01455	0.20718	0.00865	0.16128	0.01529	0.02558	0.00965	0.01079	0.00744	0.00596	0.00453	0.00174	0.00651	0.00378	0.00395	0.00724
26	0.02617	0.01065	0.01409	0.01080	0.01539	0.00956	0.00892	0.09234	0.01790	0.69447	0.02251	0.01960	0.01423	0.00730	0.00594	0.00182	0.00516	0.00589	0.00719	0.01006
27	0.01327	0.01266	0.02154	0.32757	0.47466	0.01369	0.01747	0.01696	0.01282	0.01767	0.01088	0.01508	0.00878	0.00552	0.00588	0.00184	0.00736	0.00526	0.00281	0.00827
28	0.01474	0.55375	0.21656	0.01195	0.01785	0.02041	0.01307	0.01878	0.05566	0.01579	0.00977	0.01100	0.00819	0.00538	0.00439	0.00146	0.00684	0.00368	0.00273	0.00799
29	0.00835	0.00598	0.00810	0.00829	0.00911	0.00645	0.00602	0.00989	0.00998	0.01406	0.02159	0.13774	0.06347	0.18508	0.42723	0.00686	0.01060	0.00860	0.04773	0.00487
30	0.00816	0.00588	0.00806	0.00842	0.00903	0.00631	0.00596	0.00947	0.00976	0.01353	0.02090	0.22695	0.02279	0.22122	0.38847	0.00672	0.01012	0.00963	0.00388	0.00474
31	0.00772	0.00567	0.00640	0.00674	0.00748	0.00526	0.00436	0.00847	0.01088	0.01385	0.03567	0.23045	0.26650	0.34475	0.01691	0.00368	0.00426	0.01191	0.00468	0.00435
32	0.01491	0.01472	0.02327	0.07128	0.67655	0.05886	0.01767	0.01833	0.01358	0.01883	0.01098	0.01446	0.00919	0.00535	0.00583	0.00175	0.00728	0.00518	0.00292	0.00908
33	0.02629	0.01045	0.01396	0.01071	0.01529	0.00927	0.00884	0.07084	0.01757	0.71644	0.02279	0.01978	0.01437	0.00731	0.00595	0.00183	0.00512	0.00591	0.00724	0.01006
34	0.34095	0.00789	0.00753	0.00754	0.00929	0.00846	0.00543	0.01217	0.01066	0.01948	0.05982	0.24734	0.05813	0.16895	0.01048	0.00279	0.00430	0.00913	0.00442	0.00525
35	0.00726	0.00561	0.00662	0.00719	0.00836	0.00498	0.00508	0.00870	0.01290	0.01653	0.13239	0.38689	0.34388	0.01623	0.00724	0.00216	0.00317	0.01423	0.00562	0.00498
36	0.00716	0.00532	0.00669	0.00778	0.00846	0.00484	0.00529	0.00829	0.01176	0.01527	0.03811	0.64064	0.18322	0.01781	0.00744	0.00232	0.00334	0.01594	0.00549	0.00484
37	0.01080	0.00955	0.01289	0.07553	0.01457	0.01169	0.00960	0.05470	0.01217	0.01694	0.08752	0.22072	0.10377	0.01257	0.01191	0.00231	0.31304	0.00950	0.00421	0.00602
38	0.00721	0.00544	0.00667	0.00754	0.00842	0.00490	0.00521	0.00846	0.01224	0.01581	0.07921	0.53612	0.24708	0.01715	0.00736	0.00226	0.00327	0.01523	0.00555	0.00490
39	0.01778	0.01112	0.01295	0.01047	0.01384	0.01144	0.00843	0.31381	0.02111	0.16870	0.26996	0.02605	0.02693	0.00885	0.00619	0.00179	0.00475	0.00730	0.05025	0.00828

[dist]
# distance from previous block
# <min> <max>
0	5

[block]
# block no. 5 follows, 39 sequences, length 38
# corresponding to MSA columns:
# 457-494
name=unknown_F
#
# <colnr> <probs for GDERKNQSTAVLIFYWHMCP>
#	G	D	E	R	K	N	Q	S	T	A	V	L	I	F	Y	W	H	M	C	P
0	0.01102	0.00895	0.01177	0.01047	0.01302	0.00862	0.06906	0.11330	0.05030	0.01989	0.03092	0.27041	0.17336	0.01279	0.00681	0.00205	0.00470	0.08299	0.00514	0.09442
1	0.59643	0.01675	0.15101	0.01025	0.01480	0.09056	0.00982	0.01827	0.01120	0.02383	0.00877	0.01026	0.00673	0.00558	0.00420	0.00181	0.00598	0.00348	0.00338	0.00689
2	0.01623	0.70086	0.07423	0.01055	0.01581	0.02191	0.01074	0.01846	0.01235	0.06019	0.00930	0.01032	0.00802	0.00523	0.00404	0.00134	0.00639	0.00341	0.00282	0.00781
3	0.01302	0.00856	0.00952	0.00909	0.01090	0.05806	0.00667	0.04005	0.03887	0.15924	0.10703	0.30329	0.08188	0.09671	0.00931	0.00247	0.00457	0.02886	0.00561	0.00627
4	0.00872	0.06485	0.00934	0.00743	0.00918	0.00682	0.00576	0.01126	0.01591	0.02185	0.59564	0.04345	0.15402	0.01199	0.00674	0.00184	0.00308	0.01039	0.00606	0.00564
5	0.01918	0.31164	0.02196	0.01277	0.01688	0.29488	0.01073	0.14621	0.07908	0.01912	0.01095	0.01181	0.00892	0.00605	0.00492	0.00151	0.00781	0.00408	0.00361	0.00790
6	0.08340	0.00934	0.01219	0.00993	0.01372	0.00838	0.00798	0.02449	0.01547	0.57910	0.02377	0.14908	0.01816	0.00908	0.00605	0.00193	0.00473	0.00758	0.00674	0.00890
7	0.01465	0.01662	0.10290	0.03940	0.30089	0.01484	0.29931	0.07964	0.01464	0.02044	0.01156	0.01487	0.00901	0.00550	0.00665	0.00189	0.02951	0.00585	0.00315	0.00869
8	0.00725	0.00586	0.00644	0.00660	0.00822	0.00505	0.00484	0.00887	0.01364	0.01706	0.16598	0.17840	0.52088	0.01512	0.00708	0.00204	0.00304	0.01293	0.00565	0.00505
9	0.02312	0.01245	0.01680	0.01654	0.16745	0.01211	0.01124	0.19687	0.01884	0.43389	0.01863	0.01758	0.01246	0.00685	0.00592	0.00180	0.00580	0.00566	0.00608	0.00992
10	0.00811	0.00561	0.00701	0.00754	0.00839	0.00519	0.00533	0.00867	0.01139	0.01461	0.05955	0.27393	0.24052	0.07511	0.01228	0.17159	0.00397	0.07201	0.00478	0.00439
11	0.05329	0.33988	0.33706	0.01310	0.01960	0.01763	0.01489	0.06235	0.01338	0.06394	0.01053	0.01170	0.00808	0.00558	0.00482	0.00161	0.00720	0.00398	0.00307	0.00832
12	0.01339	0.01300	0.02278	0.28989	0.44815	0.01382	0.07868	0.01717	0.01294	0.01784	0.01099	0.01514	0.00882	0.00547	0.00597	0.00185	0.00757	0.00541	0.00283	0.00829
13	0.00845	0.00634	0.00950	0.00950	0.01056	0.00739	0.00739	0.01056	0.00950	0.01373	0.01584	0.02323	0.01478	0.04435	0.76873	0.00950	0.01584	0.00634	0.00317	0.00528
14	0.10108	0.00977	0.01070	0.12175	0.01542	0.03597	0.00827	0.14014	0.01531	0.02313	0.05454	0.02581	0.07062	0.00833	0.00542	0.00178	0.00490	0.07158	0.26893	0.00656
15	0.12135	0.01436	0.14000	0.01430	0.07927	0.01225	0.01224	0.13036	0.01523	0.10560	0.02820	0.04028	0.01635	0.00924	0.00716	0.00210	0.06386	0.17551	0.00459	0.00777
16	0.01318	0.01355	0.01296	0.22670	0.02060	0.21986	0.01042	0.02572	0.01422	0.01684	0.09505	0.09161	0.09419	0.00945	0.00617	0.00189	0.00674	0.06005	0.05466	0.00614
17	0.01687	0.66610	0.02859	0.01098	0.01570	0.14922	0.01034	0.01871	0.01282	0.01401	0.00838	0.00969	0.00759	0.00523	0.00405	0.00131	0.00706	0.00327	0.00262	0.00747
18	0.01571	0.01234	0.01588	0.01160	0.01676	0.01093	0.08257	0.17187	0.01614	0.07863	0.01242	0.01365	0.00950	0.00525	0.00510	0.00126	0.00546	0.00444	0.00426	0.50626
19	0.01378	0.01216	0.01780	0.49267	0.03189	0.01504	0.01477	0.16249	0.01463	0.01950	0.01080	0.01497	0.00831	0.00691	0.00819	0.00203	0.13823	0.00526	0.00329	0.00727
20	0.00846	0.00567	0.00649	0.00663	0.00666	0.00564	0.00377	0.00856	0.00887	0.01183	0.02002	0.11327	0.02325	0.71520	0.02786	0.00540	0.00550	0.00942	0.00377	0.00370
21	0.01475	0.01209	0.14241	0.01106	0.01492	0.00848	0.06325	0.01787	0.01349	0.21553	0.02070	0.18734	0.01810	0.00905	0.00585	0.00182	0.00519	0.00790	0.17296	0.05721
22	0.17661	0.01728	0.07769	0.01243	0.01612	0.17633	0.01055	0.10190	0.16841	0.06824	0.04901	0.01575	0.01257	0.00713	0.00640	0.00186	0.06427	0.00507	0.00446	0.00792
23	0.02169	0.01617	0.01730	0.01345	0.01804	0.01797	0.01105	0.66357	0.10109	0.03599	0.01521	0.01500	0.01087	0.00719	0.00593	0.00180	0.00632	0.00546	0.00593	0.00999
24	0.01139	0.01051	0.01662	0.62044	0.03526	0.01206	0.01450	0.01506	0.01191	0.01596	0.01051	0.01505	0.00806	0.00560	0.00560	0.00175	0.00717	0.00490	0.00281	0.17484
25	0.01189	0.02542	0.54827	0.01777	0.02523	0.01322	0.16624	0.01788	0.01269	0.01846	0.01277	0.07946	0.01050	0.00659	0.00606	0.00194	0.00854	0.00597	0.00285	0.00825
26	0.32829	0.01200	0.01593	0.04147	0.20818	0.01235	0.05526	0.02066	0.01308	0.21956	0.01332	0.01431	0.00958	0.00590	0.00512	0.00183	0.00577	0.00477	0.00437	0.00826
27	0.01381	0.01415	0.02702	0.13540	0.36735	0.01414	0.28965	0.01792	0.01343	0.01856	0.01170	0.01618	0.00943	0.00544	0.00633	0.00189	0.00824	0.01802	0.00295	0.00838
28	0.00786	0.00542	0.00667	0.00740	0.00758	0.00524	0.00460	0.00841	0.01005	0.01339	0.02605	0.43688	0.03086	0.38122	0.01812	0.00396	0.00451	0.01296	0.00460	0.00423
29	0.01227	0.00702	0.00885	0.00881	0.01037	0.00671	0.00640	0.07451	0.01382	0.14747	0.02804	0.50968	0.02991	0.01440	0.00678	0.00214	0.00390	0.01278	0.08987	0.00624
30	0.01564	0.20423	0.13888	0.09555	0.10142	0.07230	0.11988	0.04452	0.06857	0.06648	0.01214	0.01398	0.00933	0.00576	0.00548	0.00172	0.00759	0.00492	0.00337	0.00823
31	0.08173	0.02793	0.01931	0.01655	0.08193	0.21249	0.13283	0.10635	0.01678	0.22523	0.01422	0.01483	0.01013	0.00623	0.00575	0.00176	0.00768	0.00518	0.00458	0.00850
32	0.00720	0.00575	0.00648	0.00703	0.00842	0.00503	0.00511	0.00861	0.01275	0.01577	0.04897	0.30849	0.46869	0.01627	0.00725	0.00218	0.00328	0.05230	0.00549	0.00495
33	0.00768	0.00566	0.00664	0.00713	0.00835	0.00510	0.00513	0.00932	0.01304	0.01730	0.14235	0.32688	0.30477	0.01525	0.00699	0.00210	0.00318	0.03246	0.07563	0.00506
34	0.01779	0.26282	0.22588	0.01487	0.09379	0.01554	0.01380	0.04341	0.01415	0.22381	0.01356	0.01394	0.00978	0.00593	0.00517	0.00166	0.00671	0.00455	0.00400	0.00885
35	0.02225	0.00963	0.01253	0.01005	0.01394	0.00863	0.00812	0.07726	0.01681	0.55327	0.02735	0.10200	0.09250	0.00923	0.00622	0.00190	0.00477	0.00768	0.00684	0.00901
36	0.01198	0.00740	0.00943	0.00903	0.01118	0.00694	0.00738	0.04750	0.01568	0.13623	0.24523	0.04855	0.17109	0.01300	0.00715	0.00215	0.00419	0.23348	0.00608	0.00634
37	0.04194	0.02179	0.33231	0.01778	0.09679	0.07033	0.07937	0.02255	0.21715	0.02043	0.01435	0.01545	0.01073	0.00623	0.00579	0.00188	0.00754	0.00526	0.00365	0.00869

[dist]
