[name]
unknown

[dist]
# distance from previous block
# <min> <max>
9	110

[block]
# block no. 0 follows, 44 sequences, length 9
# corresponding to MSA columns:
# 112-120
name=unknown_A
#
# <colnr> <probs for GDERKNQSTAVLIFYWHMCP>
#	G	D	E	R	K	N	Q	S	T	A	V	L	I	F	Y	W	H	M	C	P
0	0.08326	0.12751	0.01469	0.01126	0.06610	0.05084	0.00852	0.08383	0.06227	0.28149	0.01841	0.11461	0.03886	0.00767	0.00521	0.00167	0.00502	0.00621	0.00490	0.00768
1	0.01327	0.00832	0.01196	0.01010	0.01249	0.00821	0.09182	0.07365	0.01389	0.16508	0.13655	0.05059	0.02204	0.06970	0.00798	0.00207	0.03619	0.11340	0.14633	0.00636
2	0.16353	0.00911	0.05332	0.06434	0.07024	0.00869	0.00768	0.07015	0.01103	0.01700	0.01795	0.08224	0.10854	0.09506	0.01074	0.16803	0.00486	0.00644	0.02580	0.00524
3	0.11310	0.00992	0.01029	0.00898	0.01179	0.05333	0.00709	0.06483	0.13560	0.16057	0.04315	0.02278	0.01563	0.07700	0.00706	0.00197	0.00464	0.07404	0.10536	0.07289
4	0.01370	0.01161	0.08526	0.01010	0.01315	0.04735	0.00849	0.09264	0.11096	0.13735	0.01860	0.19217	0.01728	0.08396	0.00810	0.00207	0.03197	0.00744	0.00458	0.10319
5	0.06165	0.18848	0.30456	0.01242	0.01796	0.01308	0.06926	0.01812	0.01252	0.15993	0.08017	0.01497	0.01222	0.00585	0.00498	0.00160	0.00631	0.00471	0.00357	0.00762
6	0.01616	0.21067	0.06718	0.01140	0.01566	0.01387	0.06829	0.12221	0.12457	0.17325	0.01552	0.07436	0.01240	0.00669	0.00510	0.00159	0.00551	0.00551	0.00441	0.04565
7	0.04047	0.04866	0.01195	0.01119	0.08308	0.02963	0.00779	0.09932	0.07245	0.04848	0.01922	0.19504	0.04358	0.08127	0.00755	0.00201	0.00471	0.04912	0.00429	0.14021
8	0.01293	0.06652	0.19247	0.01080	0.01588	0.04059	0.01054	0.12008	0.04748	0.02004	0.06852	0.01403	0.01154	0.00545	0.00475	0.00130	0.00549	0.00428	0.00357	0.34374

[dist]
# distance from previous block
# <min> <max>
0	2

[block]
# block no. 1 follows, 44 sequences, length 88
# corresponding to MSA columns:
# 123-210
name=unknown_B
#
# <colnr> <probs for GDERKNQSTAVLIFYWHMCP>
#	G	D	E	R	K	N	Q	S	T	A	V	L	I	F	Y	W	H	M	C	P
0	0.09295	0.01651	0.07176	0.01343	0.07605	0.18896	0.01030	0.24628	0.09042	0.02223	0.01288	0.04239	0.01077	0.07302	0.00703	0.00194	0.00657	0.00509	0.00402	0.00742
1	0.21919	0.23168	0.01739	0.01179	0.06835	0.13536	0.00924	0.03842	0.01230	0.13465	0.01017	0.01115	0.00793	0.00566	0.00527	0.00155	0.06562	0.00375	0.00345	0.00708
2	0.08572	0.11130	0.27955	0.01365	0.07795	0.02451	0.01302	0.12556	0.06000	0.07461	0.04536	0.01511	0.03850	0.00611	0.00502	0.00164	0.00616	0.00475	0.00367	0.00782
3	0.01504	0.07168	0.05571	0.02086	0.24974	0.07488	0.20238	0.01919	0.06867	0.11783	0.01412	0.01569	0.03762	0.00562	0.00554	0.00166	0.00692	0.00540	0.00351	0.00791
4	0.00932	0.11332	0.07421	0.00834	0.01065	0.00848	0.00714	0.06561	0.01330	0.01771	0.21653	0.26816	0.14333	0.01169	0.00603	0.00181	0.00392	0.01008	0.00474	0.00563
5	0.01664	0.07243	0.08568	0.01530	0.17774	0.04202	0.01091	0.04603	0.01341	0.28318	0.01597	0.04575	0.01266	0.04640	0.06419	0.00236	0.00643	0.03073	0.00437	0.00781
6	0.01247	0.30394	0.38689	0.01383	0.01979	0.01626	0.07532	0.01659	0.01120	0.01535	0.00888	0.01082	0.00707	0.00532	0.00578	0.00159	0.07521	0.00389	0.00236	0.00744
7	0.00992	0.00938	0.06504	0.00901	0.01181	0.00778	0.04165	0.12495	0.01374	0.01822	0.03103	0.23981	0.27156	0.01132	0.00604	0.00177	0.00420	0.00978	0.00459	0.10840
8	0.01046	0.04437	0.04645	0.01035	0.04631	0.06297	0.00790	0.01224	0.01169	0.07207	0.02377	0.34316	0.02603	0.06978	0.00801	0.00231	0.00486	0.18728	0.00453	0.00547
9	0.42457	0.10633	0.01764	0.01224	0.01637	0.07076	0.20884	0.01677	0.01101	0.02008	0.00868	0.01061	0.00685	0.00488	0.00436	0.00161	0.00616	0.00394	0.00304	0.04528
10	0.00779	0.00683	0.04389	0.01017	0.06441	0.00584	0.00733	0.00955	0.01131	0.01503	0.03896	0.48156	0.09095	0.01488	0.00684	0.00218	0.00399	0.16870	0.00477	0.00505
11	0.01809	0.17961	0.01863	0.01328	0.06519	0.12600	0.01038	0.36616	0.10813	0.02452	0.01220	0.01263	0.00932	0.00602	0.00498	0.00153	0.00634	0.00445	0.00427	0.00827
12	0.06904	0.00853	0.01263	0.14388	0.12664	0.00876	0.06855	0.01255	0.04665	0.01649	0.05952	0.18596	0.19931	0.00999	0.00597	0.00186	0.00482	0.00890	0.00404	0.00592
13	0.01327	0.15508	0.23610	0.03881	0.17349	0.03252	0.03941	0.07127	0.02894	0.04666	0.10058	0.01561	0.01323	0.00593	0.00516	0.00160	0.00640	0.00495	0.00332	0.00767
14	0.18374	0.21134	0.31530	0.01357	0.01942	0.01491	0.13738	0.01682	0.01117	0.01770	0.00901	0.01083	0.00695	0.00493	0.00461	0.00160	0.00692	0.00394	0.00261	0.00724
15	0.01115	0.00662	0.00845	0.00766	0.00958	0.00623	0.00593	0.01306	0.01345	0.18386	0.26449	0.09758	0.23174	0.01344	0.06289	0.00232	0.04096	0.00927	0.00545	0.00586
16	0.01312	0.08830	0.13402	0.04535	0.40068	0.01382	0.03481	0.01914	0.16143	0.01814	0.01231	0.01418	0.00977	0.00540	0.00525	0.00165	0.00632	0.00486	0.00317	0.00829
17	0.01370	0.06956	0.30970	0.01491	0.09955	0.07653	0.01379	0.01772	0.03975	0.11518	0.01322	0.07246	0.01110	0.04394	0.00722	0.00190	0.06363	0.00535	0.00334	0.00745
18	0.01053	0.00988	0.01634	0.58816	0.12341	0.01198	0.01436	0.01374	0.01087	0.01434	0.01108	0.07265	0.00955	0.00653	0.00645	0.00186	0.06373	0.00563	0.00265	0.00624
19	0.00824	0.00586	0.00764	0.00860	0.00983	0.00567	0.00716	0.01037	0.01217	0.01607	0.03237	0.15296	0.14981	0.01442	0.00698	0.00226	0.00422	0.46861	0.07187	0.00488
20	0.08293	0.10950	0.18961	0.01046	0.01415	0.05051	0.01009	0.02479	0.06569	0.08860	0.05323	0.22663	0.01860	0.00912	0.00545	0.00179	0.00531	0.02281	0.00408	0.00666
21	0.01504	0.01320	0.01990	0.02426	0.42446	0.06925	0.10109	0.03938	0.05511	0.11146	0.01519	0.01683	0.05801	0.00587	0.00557	0.00166	0.00645	0.00552	0.00360	0.00815
22	0.00660	0.00492	0.00614	0.00712	0.00778	0.00447	0.00485	0.00764	0.01089	0.01410	0.03579	0.63321	0.20399	0.01633	0.00684	0.00213	0.00307	0.01459	0.00506	0.00447
23	0.00793	0.00529	0.00595	0.00595	0.00595	0.00529	0.00330	0.00793	0.00793	0.01057	0.01718	0.03568	0.01982	0.80840	0.02775	0.00529	0.00529	0.00793	0.00330	0.00330
24	0.11724	0.17095	0.09383	0.01336	0.08113	0.10959	0.01101	0.12049	0.01376	0.10495	0.01055	0.01185	0.00818	0.00652	0.01919	0.00174	0.09062	0.00409	0.00349	0.00746
25	0.00792	0.00620	0.00832	0.01005	0.09848	0.00588	0.00626	0.00943	0.01149	0.01527	0.13496	0.26451	0.18421	0.13635	0.02893	0.00265	0.00411	0.05546	0.00459	0.00494
26	0.00659	0.00553	0.00572	0.00567	0.00745	0.00466	0.00425	0.00810	0.01276	0.01552	0.13515	0.05116	0.69177	0.01351	0.00644	0.00183	0.00274	0.01132	0.00517	0.00466
27	0.01458	0.81168	0.02857	0.00933	0.01399	0.02157	0.00933	0.01632	0.01108	0.01283	0.00758	0.00875	0.00700	0.00466	0.00350	0.00117	0.00583	0.00292	0.00233	0.00700
28	0.01343	0.07891	0.08209	0.02074	0.35210	0.01236	0.01279	0.01878	0.15620	0.07763	0.01550	0.10828	0.01351	0.00695	0.00544	0.00171	0.00561	0.00618	0.00378	0.00800
29	0.01977	0.10625	0.01679	0.01356	0.01656	0.70837	0.01041	0.02121	0.01500	0.01329	0.00834	0.00972	0.00702	0.00552	0.00477	0.00138	0.00942	0.00345	0.00276	0.00639
30	0.12245	0.01515	0.01891	0.02122	0.30790	0.14421	0.09192	0.11473	0.01427	0.05063	0.01039	0.01250	0.00819	0.00547	0.00569	0.00165	0.03906	0.00458	0.00332	0.00776
31	0.01517	0.73142	0.02723	0.00981	0.01428	0.09972	0.00945	0.01688	0.01152	0.01288	0.00767	0.00886	0.00700	0.00476	0.00364	0.00119	0.00624	0.00298	0.00238	0.00693
32	0.45936	0.07654	0.01409	0.01472	0.20155	0.08984	0.00947	0.03224	0.01121	0.02084	0.00883	0.01111	0.00730	0.00524	0.00416	0.00161	0.00552	0.01646	0.00314	0.00677
33	0.00963	0.01225	0.18400	0.01240	0.07040	0.00844	0.07584	0.01344	0.03766	0.03205	0.26783	0.07048	0.12918	0.00942	0.00611	0.00181	0.00494	0.04339	0.00442	0.00632
34	0.00659	0.00519	0.00596	0.00649	0.00764	0.00455	0.00459	0.00784	0.01170	0.01471	0.07820	0.38036	0.41664	0.01511	0.00667	0.00200	0.00293	0.01317	0.00511	0.00455
35	0.01679	0.15430	0.01682	0.01133	0.01516	0.03694	0.00942	0.33956	0.26409	0.02574	0.04411	0.01567	0.01284	0.00664	0.00516	0.00162	0.00539	0.00512	0.00488	0.00842
36	0.01383	0.16567	0.15893	0.01544	0.12767	0.04305	0.03252	0.05409	0.15421	0.04873	0.02596	0.01608	0.01129	0.00647	0.00616	0.00170	0.06970	0.03724	0.00353	0.00772
37	0.01423	0.26793	0.35362	0.01292	0.01874	0.10627	0.01421	0.07133	0.04864	0.03032	0.00998	0.01112	0.00770	0.00530	0.00467	0.00151	0.00719	0.00381	0.00283	0.00766
38	0.01093	0.02820	0.78016	0.01554	0.02360	0.01266	0.02014	0.01727	0.01151	0.01727	0.00978	0.01151	0.00691	0.00518	0.00518	0.00173	0.00806	0.00403	0.00230	0.00806
39	0.01157	0.00616	0.00799	0.00776	0.00939	0.00551	0.00567	0.01298	0.01238	0.22088	0.08991	0.39883	0.12662	0.04854	0.00737	0.00212	0.00356	0.01148	0.00551	0.00577
40	0.01409	0.11316	0.19456	0.04736	0.08171	0.17425	0.10115	0.04803	0.07497	0.01737	0.07165	0.01463	0.01172	0.00584	0.00525	0.00161	0.00731	0.00485	0.00319	0.00732
41	0.01585	0.07760	0.09650	0.05105	0.16711	0.01291	0.05644	0.11155	0.13210	0.16594	0.01630	0.01668	0.04292	0.00623	0.00538	0.00168	0.00588	0.00532	0.00428	0.00828
42	0.00910	0.00558	0.00780	0.00760	0.00772	0.00608	0.00522	0.00810	0.00760	0.01041	0.01174	0.02135	0.01226	0.20954	0.11473	0.47402	0.06969	0.00563	0.00266	0.00318
43	0.01899	0.01515	0.01458	0.01181	0.01532	0.14326	0.00943	0.46624	0.02057	0.08240	0.01335	0.01523	0.01031	0.06639	0.06960	0.00243	0.00718	0.00501	0.00475	0.00800
44	0.01641	0.09069	0.05914	0.01317	0.07145	0.10737	0.01031	0.23408	0.18511	0.06462	0.01638	0.05620	0.03704	0.00704	0.00532	0.00165	0.00589	0.00557	0.00452	0.00804
45	0.01196	0.01063	0.01620	0.16559	0.33103	0.02188	0.01249	0.06929	0.03959	0.01680	0.01223	0.01747	0.01070	0.09157	0.14602	0.00329	0.00788	0.00537	0.00306	0.00697
46	0.00932	0.00866	0.00819	0.00852	0.00966	0.13547	0.00620	0.01086	0.01272	0.01585	0.19550	0.38443	0.09335	0.01341	0.00650	0.00196	0.00425	0.06530	0.00489	0.00496
47	0.01333	0.01235	0.01717	0.02314	0.43924	0.07344	0.01267	0.10264	0.01411	0.01906	0.07004	0.14745	0.01633	0.00763	0.00570	0.00171	0.00585	0.00690	0.00367	0.00756
48	0.03587	0.04774	0.08641	0.01777	0.10891	0.33245	0.19090	0.01827	0.01342	0.01551	0.01107	0.07527	0.00980	0.00611	0.00544	0.00163	0.00831	0.00535	0.00292	0.00686
49	0.01350	0.01383	0.23453	0.14184	0.01904	0.00922	0.01186	0.01712	0.01334	0.22285	0.16303	0.02282	0.07867	0.00749	0.00565	0.00174	0.00552	0.00628	0.00446	0.00722
50	0.00761	0.00563	0.00722	0.00759	0.00882	0.00524	0.00593	0.00969	0.01333	0.01783	0.32542	0.16625	0.17576	0.01360	0.00681	0.00203	0.00336	0.20756	0.00542	0.00490
51	0.01222	0.01083	0.01545	0.01263	0.01454	0.01244	0.13288	0.10271	0.12757	0.01711	0.01373	0.02072	0.01273	0.24000	0.01546	0.00296	0.22004	0.00620	0.00356	0.00623
52	0.01283	0.13120	0.07876	0.01539	0.12696	0.17712	0.08732	0.01514	0.01219	0.01483	0.01520	0.24174	0.01581	0.00863	0.00581	0.00173	0.02211	0.00747	0.00332	0.00645
53	0.01167	0.01093	0.01732	0.17085	0.29992	0.01269	0.01380	0.01431	0.01105	0.01555	0.01242	0.02129	0.01177	0.00794	0.00914	0.00201	0.22023	0.12733	0.00295	0.00681
54	0.01287	0.01471	0.03217	0.02298	0.02849	0.01379	0.75460	0.01746	0.01287	0.01746	0.01103	0.01471	0.00827	0.00460	0.00643	0.00184	0.00919	0.00643	0.00276	0.00735
55	0.00723	0.00527	0.00680	0.00701	0.00800	0.00484	0.00503	0.00912	0.01340	0.01843	0.44758	0.31631	0.10370	0.01349	0.00662	0.00190	0.00280	0.01202	0.00559	0.00484
56	0.01375	0.04980	0.11546	0.12056	0.08912	0.01331	0.24863	0.01833	0.06775	0.10675	0.01214	0.01450	0.00907	0.00579	0.00695	0.00181	0.09013	0.00533	0.00327	0.00754
57	0.01323	0.01237	0.01752	0.01399	0.01736	0.10214	0.24250	0.07590	0.07027	0.05944	0.14385	0.02739	0.07363	0.00823	0.00619	0.00183	0.00634	0.09672	0.00438	0.00673
58	0.01093	0.02820	0.78016	0.01554	0.02360	0.01266	0.02014	0.01727	0.01151	0.01727	0.00978	0.01151	0.00691	0.00518	0.00518	0.00173	0.00806	0.00403	0.00230	0.00806
59	0.00838	0.00589	0.00782	0.00874	0.00958	0.00586	0.00701	0.01009	0.01113	0.01457	0.02580	0.11412	0.02863	0.22944	0.01294	0.00324	0.00494	0.48274	0.00456	0.00451
60	0.06612	0.01367	0.13063	0.01879	0.18935	0.01103	0.22741	0.01567	0.01268	0.05343	0.09596	0.02112	0.10641	0.00668	0.00578	0.00174	0.00640	0.00644	0.00353	0.00717
61	0.01439	0.01162	0.01928	0.01510	0.01891	0.01156	0.28499	0.12685	0.10380	0.11364	0.01833	0.08185	0.01597	0.00815	0.00629	0.00193	0.00644	0.12897	0.00452	0.00742
62	0.00674	0.00557	0.00594	0.00594	0.00767	0.00476	0.00451	0.00836	0.01288	0.01587	0.16088	0.05114	0.62948	0.01347	0.00649	0.00185	0.00284	0.04570	0.00520	0.00470
63	0.01458	0.81168	0.02857	0.00933	0.01399	0.02157	0.00933	0.01632	0.01108	0.01283	0.00758	0.00875	0.00700	0.00466	0.00350	0.00117	0.00583	0.00292	0.00233	0.00700
64	0.02446	0.01154	0.01717	0.05816	0.40160	0.01170	0.01259	0.12645	0.02762	0.10642	0.07199	0.01925	0.07370	0.00658	0.00556	0.00167	0.00558	0.00584	0.00404	0.00807
65	0.01699	0.48381	0.02309	0.01130	0.01519	0.34078	0.00983	0.01860	0.01290	0.01304	0.00793	0.00920	0.00701	0.00506	0.00409	0.00127	0.00750	0.00316	0.00253	0.00671
66	0.13171	0.01487	0.01842	0.06100	0.47393	0.15999	0.01379	0.01765	0.01254	0.03263	0.00973	0.01229	0.00798	0.00510	0.00503	0.00160	0.00680	0.00435	0.00288	0.00770
67	0.01458	0.81168	0.02857	0.00933	0.01399	0.02157	0.00933	0.01632	0.01108	0.01283	0.00758	0.00875	0.00700	0.00466	0.00350	0.00117	0.00583	0.00292	0.00233	0.00700
68	0.84691	0.01054	0.00801	0.00717	0.01054	0.01223	0.00590	0.01603	0.00928	0.02446	0.00759	0.00886	0.00590	0.00506	0.00337	0.00169	0.00422	0.00295	0.00337	0.00590
69	0.01088	0.00999	0.01376	0.03154	0.23006	0.07212	0.06390	0.01266	0.01099	0.01458	0.07474	0.05456	0.01735	0.30913	0.04811	0.00334	0.00643	0.00687	0.00330	0.00569
70	0.00719	0.00551	0.00614	0.00598	0.00758	0.00484	0.00449	0.00909	0.01346	0.01777	0.31667	0.04576	0.45027	0.01227	0.00624	0.00175	0.00268	0.01042	0.06704	0.00484
71	0.01831	0.14771	0.01762	0.01173	0.01589	0.01704	0.00985	0.49178	0.16621	0.02852	0.01393	0.01377	0.01032	0.00640	0.00514	0.00160	0.00564	0.00482	0.00495	0.00877
72	0.00707	0.00493	0.00622	0.00705	0.00728	0.00472	0.00450	0.00774	0.00972	0.01298	0.03839	0.54527	0.03111	0.27080	0.01362	0.00319	0.00383	0.01298	0.00451	0.00408
73	0.01477	0.11193	0.30499	0.01245	0.01811	0.10970	0.01306	0.09903	0.02657	0.07757	0.01083	0.01182	0.00808	0.00528	0.00481	0.00145	0.00675	0.00394	0.00328	0.15560
74	0.01093	0.02820	0.78016	0.01554	0.02360	0.01266	0.02014	0.01727	0.01151	0.01727	0.00978	0.01151	0.00691	0.00518	0.00518	0.00173	0.00806	0.00403	0.00230	0.00806
75	0.00673	0.00485	0.00640	0.00760	0.00803	0.00452	0.00518	0.00777	0.01063	0.01406	0.03119	0.73614	0.07076	0.01684	0.00696	0.00221	0.00323	0.04739	0.00506	0.00446
76	0.01460	0.01897	0.19950	0.01260	0.01634	0.23656	0.01169	0.10786	0.04764	0.03807	0.01621	0.10874	0.06789	0.00801	0.00648	0.00175	0.07046	0.00609	0.00364	0.00691
77	0.01461	0.15973	0.09501	0.00974	0.01331	0.07283	0.00879	0.01794	0.06899	0.20031	0.13076	0.08102	0.08828	0.00823	0.00538	0.00164	0.00503	0.00670	0.00467	0.00704
78	0.01948	0.01086	0.01285	0.01055	0.01430	0.01119	0.00849	0.09461	0.33521	0.38844	0.02102	0.01881	0.01445	0.00701	0.00551	0.00175	0.00463	0.00572	0.00612	0.00900
79	0.00779	0.00539	0.00674	0.00684	0.00713	0.00563	0.00439	0.00839	0.00835	0.01140	0.01751	0.09350	0.01945	0.53771	0.23104	0.00598	0.00763	0.00797	0.00334	0.00382
80	0.01516	0.01128	0.01327	0.01179	0.06987	0.01154	0.00871	0.27155	0.12823	0.07445	0.16824	0.01986	0.01895	0.00707	0.00543	0.00155	0.00467	0.00585	0.00509	0.14745
81	0.07589	0.20840	0.02194	0.01358	0.01807	0.11218	0.22503	0.06263	0.01301	0.01733	0.01113	0.01292	0.03562	0.00514	0.00484	0.00142	0.00679	0.00451	0.00304	0.14652
82	0.21083	0.05202	0.25980	0.01256	0.01744	0.23810	0.01247	0.10388	0.01375	0.01962	0.00917	0.01048	0.00698	0.00542	0.00465	0.00159	0.00735	0.00369	0.00307	0.00715
83	0.01351	0.00925	0.04545	0.01000	0.01265	0.00832	0.05242	0.13740	0.01520	0.18044	0.16595	0.27775	0.02684	0.01073	0.00619	0.00187	0.00441	0.00949	0.00540	0.00673
84	0.31348	0.45943	0.01980	0.00845	0.01267	0.01707	0.00787	0.01601	0.01045	0.01740	0.00775	0.00899	0.00669	0.00476	0.00350	0.00132	0.00511	0.00295	0.00278	0.07353
85	0.01594	0.07404	0.19489	0.01261	0.01786	0.01138	0.10257	0.02099	0.10529	0.24970	0.01486	0.01490	0.01045	0.00566	0.00518	0.00157	0.00596	0.00483	0.00425	0.12707
86	0.01345	0.01253	0.10620	0.01940	0.32825	0.00999	0.01227	0.01655	0.01281	0.12964	0.07165	0.01878	0.07344	0.00622	0.00532	0.00153	0.00540	0.00548	0.00377	0.14734
87	0.01431	0.23505	0.31336	0.01436	0.02010	0.14577	0.10534	0.06128	0.01306	0.01645	0.00931	0.01097	0.00726	0.00512	0.00486	0.00153	0.00778	0.00399	0.00264	0.00747

[dist]
# distance from previous block
# <min> <max>
0	2

[block]
# block no. 2 follows, 44 sequences, length 68
# corresponding to MSA columns:
# 213-280
name=unknown_C
#
# <colnr> <probs for GDERKNQSTAVLIFYWHMCP>
#	G	D	E	R	K	N	Q	S	T	A	V	L	I	F	Y	W	H	M	C	P
0	0.01584	0.10098	0.07377	0.02084	0.27568	0.10637	0.13090	0.01959	0.05231	0.13306	0.01218	0.01373	0.00925	0.00533	0.00531	0.00161	0.00696	0.00484	0.00342	0.00804
1	0.01224	0.01250	0.01451	0.01274	0.01317	0.11743	0.01019	0.01333	0.00926	0.01275	0.00921	0.01569	0.00937	0.12996	0.05759	0.00302	0.53377	0.00513	0.00261	0.00556
2	0.01487	0.01091	0.01623	0.04874	0.33535	0.01103	0.01216	0.09653	0.05370	0.14547	0.06738	0.02370	0.01617	0.00745	0.00582	0.00179	0.00556	0.11483	0.00437	0.00794
3	0.01206	0.18381	0.50764	0.01690	0.12361	0.01453	0.03529	0.01701	0.01158	0.01645	0.00943	0.01130	0.00719	0.00502	0.00490	0.00160	0.00742	0.00397	0.00237	0.00790
4	0.37770	0.06534	0.21358	0.01018	0.01517	0.01275	0.01040	0.09309	0.01195	0.02198	0.00902	0.01031	0.00688	0.00508	0.00416	0.00154	0.00549	0.00347	0.00322	0.11867
5	0.00699	0.00501	0.00664	0.00735	0.00798	0.00466	0.00509	0.00847	0.01206	0.01650	0.27104	0.55649	0.04106	0.01515	0.00679	0.00205	0.00297	0.01367	0.00537	0.00466
6	0.01113	0.01289	0.11816	0.07443	0.13403	0.06458	0.06978	0.04537	0.05162	0.01686	0.04822	0.24380	0.04787	0.00941	0.00626	0.00187	0.02500	0.00836	0.00379	0.00655
7	0.01232	0.01203	0.02141	0.19885	0.46293	0.01241	0.12083	0.01571	0.01203	0.01669	0.01134	0.05771	0.00980	0.00563	0.00564	0.00173	0.00685	0.00567	0.00278	0.00765
8	0.01030	0.00969	0.01635	0.79530	0.03755	0.01211	0.01514	0.01393	0.01090	0.01393	0.00969	0.01453	0.00727	0.00545	0.00545	0.00182	0.00727	0.00484	0.00242	0.00606
9	0.00793	0.00529	0.00595	0.00595	0.00595	0.00529	0.00330	0.00793	0.00793	0.01057	0.01718	0.03568	0.01982	0.80840	0.02775	0.00529	0.00529	0.00793	0.00330	0.00330
10	0.01519	0.01467	0.02153	0.04683	0.25670	0.13819	0.22615	0.01902	0.05265	0.09649	0.04898	0.01549	0.01123	0.00556	0.00569	0.00168	0.00734	0.00547	0.00346	0.00770
11	0.01352	0.00729	0.00888	0.00775	0.01035	0.00658	0.00606	0.01643	0.07388	0.28315	0.15211	0.07787	0.29275	0.01059	0.00606	0.00179	0.00353	0.00894	0.00584	0.00663
12	0.01420	0.00701	0.00936	0.00796	0.01038	0.00625	0.00625	0.01659	0.01550	0.31467	0.48115	0.03214	0.03675	0.00944	0.00606	0.00170	0.00337	0.00816	0.00629	0.00674
13	0.01458	0.81168	0.02857	0.00933	0.01399	0.02157	0.00933	0.01632	0.01108	0.01283	0.00758	0.00875	0.00700	0.00466	0.00350	0.00117	0.00583	0.00292	0.00233	0.00700
14	0.01349	0.01295	0.02213	0.03346	0.77440	0.01295	0.01673	0.01673	0.01241	0.01781	0.01025	0.01349	0.00864	0.00486	0.00540	0.00162	0.00648	0.00486	0.00270	0.00864
15	0.01581	0.64459	0.02578	0.01033	0.01460	0.18425	0.00958	0.01748	0.01201	0.01294	0.00776	0.00898	0.00700	0.00487	0.00380	0.00122	0.00668	0.00304	0.00243	0.00685
16	0.15911	0.01555	0.05789	0.02333	0.41804	0.13326	0.03065	0.06653	0.01318	0.01933	0.00969	0.01202	0.00786	0.00513	0.00499	0.00161	0.00672	0.00432	0.00300	0.00779
17	0.01650	0.55782	0.02455	0.01053	0.01492	0.10903	0.00968	0.16843	0.01456	0.01729	0.00881	0.00976	0.00747	0.00516	0.00406	0.00129	0.00633	0.00339	0.00303	0.00738
18	0.62854	0.01437	0.03801	0.00899	0.01246	0.16489	0.00747	0.03956	0.01107	0.02231	0.00800	0.00927	0.00626	0.00522	0.00381	0.00163	0.00552	0.00316	0.00329	0.00617
19	0.01283	0.01172	0.01691	0.02105	0.34613	0.04815	0.05062	0.09316	0.05240	0.01836	0.01572	0.15349	0.01539	0.03974	0.00720	0.00196	0.03674	0.04747	0.00369	0.00729
20	0.00664	0.00474	0.00633	0.00759	0.00791	0.00443	0.00506	0.00759	0.01044	0.01392	0.03005	0.80485	0.03606	0.01708	0.00696	0.00221	0.00316	0.01550	0.00506	0.00443
21	0.01781	0.29275	0.01990	0.01177	0.01563	0.26157	0.00990	0.20006	0.08745	0.01920	0.01058	0.01125	0.00848	0.00568	0.00462	0.00142	0.00699	0.00390	0.00355	0.00749
22	0.00847	0.00680	0.00915	0.01134	0.12291	0.00650	0.00706	0.04813	0.01213	0.01590	0.03239	0.41727	0.21296	0.01378	0.00655	0.00202	0.00381	0.05273	0.00473	0.00538
23	0.01766	0.03759	0.18444	0.01329	0.04153	0.23480	0.01191	0.07041	0.10340	0.17946	0.01353	0.01366	0.00975	0.00592	0.00515	0.00158	0.00701	0.00447	0.00403	0.04041
24	0.01093	0.02820	0.78016	0.01554	0.02360	0.01266	0.02014	0.01727	0.01151	0.01727	0.00978	0.01151	0.00691	0.00518	0.00518	0.00173	0.00806	0.00403	0.00230	0.00806
25	0.00741	0.00545	0.00699	0.00721	0.00834	0.00503	0.00540	0.00943	0.01351	0.01838	0.41458	0.22636	0.14329	0.01336	0.00668	0.00194	0.00301	0.09322	0.00554	0.00489
26	0.40770	0.01064	0.01092	0.06790	0.01400	0.01262	0.00823	0.05586	0.14998	0.02164	0.01234	0.01589	0.01027	0.00808	0.03490	0.00212	0.09425	0.05236	0.00379	0.00650
27	0.00843	0.11314	0.00934	0.00720	0.00880	0.00696	0.00546	0.00975	0.01160	0.04646	0.06611	0.38547	0.27433	0.01366	0.00624	0.00191	0.00342	0.01184	0.00481	0.00506
28	0.00663	0.00478	0.00628	0.00748	0.00788	0.00444	0.00501	0.00760	0.01054	0.01396	0.03136	0.76565	0.07441	0.01691	0.00693	0.00219	0.00314	0.01529	0.00506	0.00444
29	0.00739	0.00566	0.00692	0.00746	0.00882	0.00519	0.00591	0.00922	0.01254	0.01600	0.13120	0.16632	0.33261	0.01438	0.00687	0.00210	0.00353	0.24793	0.00516	0.00478
30	0.01682	0.50750	0.02349	0.01115	0.01510	0.31772	0.00980	0.01843	0.01277	0.01303	0.00791	0.00917	0.00701	0.00503	0.00405	0.00126	0.00738	0.00315	0.00252	0.00673
31	0.01130	0.00969	0.01130	0.00807	0.01292	0.00727	0.00646	0.01373	0.01130	0.01776	0.00969	0.01130	0.00807	0.00404	0.00404	0.00081	0.00404	0.00323	0.00323	0.84173
32	0.37232	0.00974	0.01000	0.00899	0.01201	0.01048	0.00753	0.11520	0.01344	0.13619	0.04051	0.02535	0.01547	0.00826	0.00513	0.00189	0.00467	0.19156	0.00466	0.00661
33	0.01261	0.01214	0.02015	0.18423	0.51229	0.01334	0.01569	0.01563	0.01150	0.01633	0.00968	0.01347	0.00814	0.00568	0.00727	0.00177	0.12492	0.00484	0.00260	0.00772
34	0.01538	0.70577	0.02689	0.00984	0.01438	0.06356	0.00948	0.07461	0.01246	0.01454	0.00806	0.00915	0.00718	0.00486	0.00373	0.00122	0.00606	0.00310	0.00260	0.00714
35	0.01318	0.08337	0.53814	0.01382	0.02065	0.06388	0.01644	0.01812	0.01212	0.09079	0.01066	0.01186	0.00765	0.00523	0.00498	0.00159	0.00736	0.00399	0.00284	0.07332
36	0.07532	0.09886	0.28253	0.01225	0.04416	0.01207	0.01232	0.04566	0.10214	0.10482	0.12468	0.01831	0.01593	0.00667	0.00520	0.00168	0.00571	0.02014	0.00400	0.00757
37	0.00696	0.00497	0.00669	0.00796	0.00841	0.00470	0.00562	0.00814	0.01075	0.01428	0.02987	0.69382	0.03536	0.01678	0.00704	0.00226	0.00344	0.12336	0.00505	0.00452
38	0.00960	0.00788	0.01193	0.01600	0.22990	0.00784	0.00982	0.01227	0.03934	0.01618	0.02366	0.29533	0.02586	0.01252	0.00665	0.00213	0.00479	0.25791	0.00438	0.00599
39	0.01291	0.09451	0.35752	0.01962	0.16201	0.05420	0.16601	0.03882	0.01253	0.01729	0.00994	0.01223	0.00758	0.00502	0.00531	0.00166	0.00782	0.00456	0.00259	0.00787
40	0.00656	0.00505	0.00601	0.00678	0.00769	0.00450	0.00470	0.00768	0.01122	0.01424	0.03993	0.50956	0.32496	0.01580	0.00676	0.00207	0.00301	0.01393	0.00506	0.00450
41	0.01112	0.06892	0.74110	0.01522	0.02310	0.01312	0.01958	0.01722	0.01149	0.01703	0.00967	0.01137	0.00691	0.00515	0.00509	0.00170	0.00794	0.00397	0.00230	0.00800
42	0.00694	0.00550	0.00624	0.00615	0.00769	0.00480	0.00457	0.00875	0.01346	0.01740	0.32692	0.08965	0.45664	0.01297	0.00647	0.00181	0.00271	0.01110	0.00542	0.00480
43	0.01602	0.23292	0.12440	0.04819	0.09982	0.24391	0.05103	0.09218	0.01411	0.01656	0.00924	0.01094	0.00747	0.00525	0.00478	0.00147	0.00763	0.00391	0.00285	0.00732
44	0.01184	0.22335	0.59295	0.01399	0.02120	0.01488	0.01745	0.01703	0.01140	0.01616	0.00923	0.01082	0.00693	0.00505	0.00476	0.00159	0.00750	0.00375	0.00231	0.00779
45	0.00675	0.00553	0.00594	0.00584	0.00755	0.00473	0.00438	0.00841	0.01314	0.01642	0.22556	0.04967	0.60079	0.01317	0.00644	0.00181	0.00272	0.01111	0.00529	0.00473
46	0.00739	0.00530	0.00699	0.00808	0.00874	0.00507	0.00599	0.00875	0.01097	0.01441	0.03000	0.47392	0.07403	0.08284	0.00885	0.00254	0.00388	0.23283	0.00490	0.00452
47	0.03528	0.04997	0.26016	0.01387	0.08808	0.05984	0.01263	0.01909	0.05480	0.20658	0.01619	0.10510	0.01343	0.00737	0.00545	0.00175	0.00611	0.03248	0.00410	0.00772
48	0.01861	0.01136	0.01390	0.01151	0.01423	0.05200	0.00939	0.02290	0.15279	0.37774	0.01682	0.01653	0.01192	0.00761	0.00904	0.00190	0.23332	0.00530	0.00506	0.00805
49	0.01223	0.01283	0.02173	0.01713	0.01892	0.01575	0.25331	0.01453	0.00982	0.01453	0.00842	0.01283	0.00752	0.00793	0.01417	0.00221	0.54191	0.00531	0.00251	0.00642
50	0.01458	0.81168	0.02857	0.00933	0.01399	0.02157	0.00933	0.01632	0.01108	0.01283	0.00758	0.00875	0.00700	0.00466	0.00350	0.00117	0.00583	0.00292	0.00233	0.00700
51	0.01224	0.01188	0.05880	0.02196	0.41343	0.01111	0.01263	0.07357	0.06396	0.01994	0.16124	0.02220	0.07927	0.00711	0.00568	0.00168	0.00533	0.00640	0.00391	0.00765
52	0.01774	0.38284	0.02141	0.01190	0.01555	0.43909	0.00999	0.01930	0.01346	0.01311	0.00804	0.00934	0.00701	0.00518	0.00427	0.00130	0.00801	0.00324	0.00259	0.00663
53	0.34631	0.01258	0.04386	0.02088	0.38761	0.01293	0.01214	0.04009	0.01139	0.02079	0.00914	0.01149	0.00744	0.00519	0.00508	0.00168	0.03685	0.00406	0.00303	0.00744
54	0.01458	0.81168	0.02857	0.00933	0.01399	0.02157	0.00933	0.01632	0.01108	0.01283	0.00758	0.00875	0.00700	0.00466	0.00350	0.00117	0.00583	0.00292	0.00233	0.00700
55	0.70280	0.01040	0.00945	0.14293	0.01520	0.01221	0.00750	0.01566	0.00956	0.02265	0.00795	0.00983	0.00614	0.00513	0.00373	0.00171	0.00474	0.00328	0.00321	0.00593
56	0.01320	0.01186	0.01743	0.13373	0.39958	0.04430	0.01332	0.07992	0.05243	0.03673	0.01419	0.13212	0.01306	0.00712	0.00563	0.00174	0.00604	0.00648	0.00350	0.00761
57	0.00644	0.00552	0.00552	0.00552	0.00736	0.00460	0.00414	0.00782	0.01243	0.01473	0.05523	0.05247	0.77218	0.01381	0.00644	0.00184	0.00276	0.01151	0.00506	0.00460
58	0.01933	0.01458	0.01557	0.01226	0.01637	0.01625	0.01002	0.61428	0.16985	0.03210	0.01487	0.01450	0.01071	0.00671	0.00547	0.00168	0.00567	0.00515	0.00547	0.00915
59	0.00776	0.00590	0.00783	0.00891	0.04836	0.00573	0.00607	0.00984	0.03726	0.01595	0.17136	0.34390	0.11114	0.06014	0.06899	0.00274	0.00439	0.07388	0.00487	0.00497
60	0.01407	0.35037	0.25358	0.01286	0.03978	0.01670	0.04009	0.07670	0.09020	0.04181	0.01084	0.01179	0.00844	0.00532	0.00460	0.00150	0.00647	0.00401	0.00307	0.00780
61	0.01093	0.02820	0.78016	0.01554	0.02360	0.01266	0.02014	0.01727	0.01151	0.01727	0.00978	0.01151	0.00691	0.00518	0.00518	0.00173	0.00806	0.00403	0.00230	0.00806
62	0.00788	0.00547	0.00689	0.00689	0.00722	0.00580	0.00448	0.00853	0.00821	0.01127	0.01631	0.03090	0.01775	0.55114	0.28217	0.00645	0.00841	0.00723	0.00318	0.00383
63	0.04661	0.00997	0.01515	0.02107	0.41134	0.00984	0.01137	0.04068	0.01250	0.04328	0.02213	0.17031	0.14544	0.00885	0.00579	0.00178	0.00503	0.00796	0.00382	0.00707
64	0.01379	0.03977	0.22032	0.03049	0.12223	0.01260	0.21238	0.10232	0.01386	0.08440	0.01334	0.08528	0.01099	0.00634	0.00572	0.00176	0.00710	0.00603	0.00348	0.00780
65	0.01522	0.01339	0.01281	0.01133	0.01429	0.13083	0.00885	0.10906	0.42479	0.06069	0.01799	0.01795	0.01376	0.01147	0.10992	0.00267	0.00674	0.00554	0.00483	0.00788
66	0.01152	0.01648	0.26547	0.38740	0.14199	0.01267	0.01676	0.05401	0.01209	0.01665	0.00998	0.01332	0.00746	0.00533	0.00535	0.00175	0.00734	0.00458	0.00258	0.00726
67	0.35769	0.05493	0.01221	0.00971	0.01325	0.10642	0.00784	0.11344	0.17554	0.02293	0.01170	0.01217	0.00900	0.00573	0.00435	0.00159	0.00521	0.00398	0.00398	0.06834

[dist]
# distance from previous block
# <min> <max>
0	7

[block]
# block no. 3 follows, 44 sequences, length 41
# corresponding to MSA columns:
# 288-328
name=unknown_D
#
# <colnr> <probs for GDERKNQSTAVLIFYWHMCP>
#	G	D	E	R	K	N	Q	S	T	A	V	L	I	F	Y	W	H	M	C	P
0	0.01371	0.01478	0.14777	0.05287	0.28987	0.01200	0.08609	0.08099	0.03488	0.06992	0.04898	0.01493	0.01091	0.00548	0.00539	0.00160	0.00637	0.00503	0.00343	0.09500
1	0.01314	0.50181	0.32583	0.01178	0.01779	0.01805	0.01361	0.01670	0.01125	0.01458	0.00845	0.00984	0.00696	0.00487	0.00416	0.00139	0.00671	0.00336	0.00232	0.00742
2	0.01276	0.33199	0.18264	0.08865	0.20211	0.01578	0.01358	0.01591	0.01129	0.01494	0.00945	0.01259	0.00815	0.05211	0.00592	0.00170	0.00656	0.00409	0.00248	0.00731
3	0.01414	0.17087	0.32266	0.01260	0.01817	0.01357	0.04073	0.02038	0.14853	0.13478	0.04191	0.01487	0.01141	0.00592	0.00506	0.00164	0.00626	0.00473	0.00373	0.00801
4	0.01021	0.01477	0.26927	0.01239	0.01638	0.00951	0.09720	0.05687	0.01252	0.01750	0.10630	0.08823	0.03002	0.09737	0.04066	0.00255	0.00653	0.10167	0.00372	0.00632
5	0.01458	0.00825	0.01021	0.00925	0.01154	0.00812	0.00702	0.14449	0.05513	0.23747	0.02422	0.39900	0.02387	0.01176	0.00620	0.00194	0.00414	0.01028	0.00564	0.00689
6	0.01079	0.04667	0.20078	0.01213	0.01579	0.01046	0.08850	0.07084	0.12756	0.01796	0.01970	0.31563	0.01983	0.01008	0.00600	0.00191	0.00549	0.00900	0.00414	0.00673
7	0.01537	0.23026	0.03167	0.11873	0.17148	0.07291	0.01158	0.12982	0.01444	0.07889	0.03809	0.01473	0.03774	0.00589	0.00494	0.00153	0.00619	0.00468	0.00351	0.00755
8	0.01260	0.38571	0.43720	0.01270	0.01921	0.01673	0.01521	0.01684	0.01131	0.01524	0.00878	0.01025	0.00695	0.00494	0.00441	0.00147	0.00704	0.00352	0.00232	0.00757
9	0.00793	0.00529	0.00595	0.00595	0.00595	0.00529	0.00330	0.00793	0.00793	0.01057	0.01718	0.03568	0.01982	0.80840	0.02775	0.00529	0.00529	0.00793	0.00330	0.00330
10	0.04130	0.01811	0.05891	0.02014	0.27631	0.23625	0.01299	0.23122	0.01696	0.02146	0.01044	0.01209	0.00818	0.00559	0.00521	0.00157	0.00732	0.00439	0.00352	0.00804
11	0.04570	0.01026	0.01396	0.01095	0.01395	0.01020	0.13281	0.16126	0.05833	0.04721	0.01428	0.02138	0.01304	0.28326	0.01304	0.00282	0.00578	0.00598	0.00389	0.13190
12	0.00788	0.00547	0.00689	0.00689	0.00721	0.00580	0.00448	0.00853	0.00821	0.01127	0.01632	0.03091	0.01775	0.55162	0.28170	0.00645	0.00840	0.00723	0.00318	0.00383
13	0.01458	0.81168	0.02857	0.00933	0.01399	0.02157	0.00933	0.01632	0.01108	0.01283	0.00758	0.00875	0.00700	0.00466	0.00350	0.00117	0.00583	0.00292	0.00233	0.00700
14	0.01180	0.00958	0.01350	0.01698	0.25692	0.00987	0.01003	0.03792	0.18230	0.05479	0.07403	0.23690	0.02197	0.00968	0.00600	0.00187	0.00465	0.02948	0.00457	0.00717
15	0.01934	0.16575	0.01778	0.01321	0.01634	0.65044	0.01032	0.02080	0.01467	0.01325	0.00828	0.00964	0.00702	0.00545	0.00466	0.00136	0.00912	0.00341	0.00272	0.00644
16	0.28473	0.01249	0.04261	0.06569	0.18456	0.04234	0.01079	0.06308	0.01233	0.14160	0.01095	0.01249	0.00822	0.00584	0.00590	0.00173	0.07935	0.00425	0.00368	0.00737
17	0.01492	0.76553	0.02780	0.00961	0.01416	0.06651	0.00940	0.01664	0.01133	0.01286	0.00763	0.00881	0.00700	0.00472	0.00358	0.00118	0.00607	0.00295	0.00236	0.00696
18	0.76975	0.04212	0.00957	0.00866	0.05145	0.01264	0.00662	0.01608	0.00952	0.02365	0.00773	0.00910	0.00609	0.00503	0.00349	0.00166	0.00440	0.00305	0.00330	0.00609
19	0.01005	0.00723	0.00978	0.01132	0.12541	0.00736	0.00673	0.03875	0.03101	0.05177	0.04699	0.11241	0.01950	0.37399	0.12029	0.00431	0.00634	0.00780	0.00377	0.00518
20	0.00652	0.00523	0.00583	0.00631	0.00757	0.00454	0.00449	0.00774	0.01167	0.01442	0.04570	0.33702	0.49377	0.01504	0.00664	0.00198	0.00291	0.01302	0.00506	0.00454
21	0.01533	0.55666	0.02399	0.01011	0.01446	0.01952	0.00937	0.12973	0.14067	0.01775	0.01088	0.01136	0.00897	0.00541	0.00414	0.00135	0.00560	0.00376	0.00335	0.00761
22	0.01290	0.01717	0.25145	0.14983	0.23074	0.05372	0.01535	0.06853	0.01325	0.04613	0.04975	0.01587	0.03961	0.00594	0.00541	0.00169	0.00684	0.00506	0.00313	0.00764
23	0.03767	0.12827	0.32354	0.01384	0.01949	0.08748	0.09663	0.04650	0.01304	0.13350	0.01214	0.04304	0.00928	0.00583	0.00514	0.00164	0.00716	0.00477	0.00334	0.00770
24	0.01093	0.02820	0.78016	0.01554	0.02360	0.01266	0.02014	0.01727	0.01151	0.01727	0.00978	0.01151	0.00691	0.00518	0.00518	0.00173	0.00806	0.00403	0.00230	0.00806
25	0.00656	0.00509	0.00597	0.00668	0.00767	0.00450	0.00466	0.00769	0.01131	0.01427	0.04109	0.47501	0.35877	0.01565	0.00673	0.00205	0.00299	0.01375	0.00506	0.00450
26	0.01013	0.01003	0.07117	0.20802	0.11152	0.00907	0.06747	0.01324	0.01288	0.04776	0.20761	0.02805	0.16403	0.00834	0.00593	0.00176	0.00525	0.00744	0.00403	0.00625
27	0.01482	0.11551	0.05174	0.02064	0.29272	0.01278	0.13409	0.01862	0.05956	0.14688	0.01408	0.07008	0.01156	0.00615	0.00545	0.00167	0.00622	0.00577	0.00368	0.00800
28	0.01053	0.00626	0.00779	0.00701	0.00902	0.00553	0.00540	0.01267	0.01458	0.16390	0.41799	0.03995	0.25611	0.01109	0.00625	0.00175	0.00302	0.00951	0.00587	0.00577
29	0.00736	0.00565	0.00725	0.00725	0.00837	0.00584	0.00539	0.00882	0.00986	0.01304	0.02858	0.03395	0.26834	0.14725	0.41158	0.00592	0.00924	0.00805	0.00369	0.00454
30	0.01171	0.05794	0.06216	0.01964	0.33741	0.01047	0.05082	0.01401	0.01110	0.04511	0.02934	0.06286	0.01418	0.23651	0.01186	0.00270	0.00600	0.00636	0.00318	0.00663
31	0.01375	0.51523	0.26790	0.01159	0.01723	0.06366	0.01285	0.01694	0.01147	0.01427	0.00833	0.00969	0.00697	0.00488	0.00412	0.00136	0.00678	0.00331	0.00235	0.00730
32	0.01116	0.01669	0.30209	0.01090	0.01696	0.00931	0.01163	0.01507	0.01138	0.01758	0.00973	0.01138	0.00763	0.00447	0.00447	0.00116	0.00556	0.00353	0.00288	0.52643
33	0.05051	0.01390	0.11345	0.01249	0.01575	0.01360	0.01128	0.16280	0.03828	0.22467	0.01302	0.01403	0.00950	0.00739	0.00951	0.00192	0.27089	0.00487	0.00429	0.00785
34	0.01851	0.01680	0.14394	0.04278	0.01737	0.16884	0.01156	0.08259	0.04203	0.27925	0.01394	0.01422	0.00980	0.00656	0.00688	0.00173	0.10627	0.00470	0.00433	0.00791
35	0.01207	0.15822	0.26174	0.01285	0.01640	0.05635	0.01303	0.01488	0.01018	0.01411	0.00930	0.01386	0.00850	0.09918	0.01172	0.00224	0.27187	0.00450	0.00248	0.00653
36	0.06055	0.27052	0.21430	0.01144	0.01662	0.01544	0.01177	0.10748	0.10036	0.12353	0.01240	0.01266	0.00919	0.00564	0.00466	0.00154	0.00599	0.00417	0.00373	0.00798
37	0.18469	0.00781	0.00828	0.00776	0.00995	0.00792	0.00597	0.09751	0.01325	0.07970	0.08103	0.23008	0.20269	0.01128	0.00578	0.00188	0.00374	0.02992	0.00495	0.00579
38	0.01371	0.07661	0.14583	0.12621	0.02051	0.01264	0.12522	0.15297	0.03667	0.07366	0.01356	0.05874	0.01144	0.09877	0.00806	0.00213	0.00662	0.00583	0.00366	0.00716
39	0.01087	0.01016	0.01297	0.01103	0.01390	0.05471	0.12134	0.01667	0.21003	0.01801	0.07410	0.08577	0.17618	0.00949	0.00602	0.00180	0.00491	0.07252	0.00459	0.08492
40	0.04178	0.04561	0.01128	0.01042	0.01237	0.23441	0.00818	0.06616	0.01363	0.01620	0.02189	0.21712	0.06181	0.01135	0.00612	0.00194	0.00593	0.20392	0.00425	0.00565

[dist]
# distance from previous block
# <min> <max>
4	6

[block]
# block no. 4 follows, 44 sequences, length 6
# corresponding to MSA columns:
# 392-397
name=unknown_E
#
# <colnr> <probs for GDERKNQSTAVLIFYWHMCP>
#	G	D	E	R	K	N	Q	S	T	A	V	L	I	F	Y	W	H	M	C	P
0	0.07896	0.01429	0.01541	0.01551	0.16090	0.13990	0.01051	0.18495	0.05773	0.24605	0.01437	0.01434	0.01019	0.00607	0.00522	0.00162	0.00610	0.00477	0.00473	0.00839
1	0.00852	0.11725	0.15814	0.00819	0.01148	0.00846	0.00806	0.01100	0.01227	0.01562	0.10827	0.07220	0.41914	0.01082	0.00583	0.00173	0.00419	0.00894	0.00426	0.00563
2	0.00747	0.00532	0.00658	0.00708	0.00771	0.00507	0.00491	0.00859	0.01081	0.01434	0.12967	0.27730	0.10854	0.26848	0.01355	0.00313	0.00397	0.10862	0.00462	0.00426
3	0.36516	0.01738	0.28998	0.01453	0.13471	0.01258	0.01291	0.01735	0.05503	0.02072	0.00966	0.01122	0.00733	0.00521	0.00447	0.00170	0.00597	0.00383	0.00301	0.00727
4	0.22403	0.31113	0.08973	0.01011	0.01454	0.01669	0.00957	0.14298	0.09934	0.02095	0.01039	0.01109	0.00820	0.00544	0.00419	0.00151	0.00549	0.00374	0.00349	0.00739
5	0.34499	0.05875	0.05905	0.01700	0.25645	0.01361	0.01103	0.09874	0.05680	0.02225	0.01003	0.01163	0.00790	0.00528	0.00449	0.00164	0.00545	0.00403	0.00339	0.00749

[dist]
# distance from previous block
# <min> <max>
0	10

[block]
# block no. 5 follows, 44 sequences, length 47
# corresponding to MSA columns:
# 408-454
name=unknown_F
#
# <colnr> <probs for GDERKNQSTAVLIFYWHMCP>
#	G	D	E	R	K	N	Q	S	T	A	V	L	I	F	Y	W	H	M	C	P
0	0.01322	0.09560	0.04258	0.01804	0.26738	0.04658	0.02237	0.05946	0.01270	0.01790	0.04628	0.01333	0.01016	0.00538	0.00574	0.00139	0.06286	0.00435	0.00311	0.25157
1	0.00688	0.00541	0.00621	0.00628	0.00770	0.00474	0.00461	0.00856	0.01304	0.01683	0.27574	0.17262	0.42497	0.01351	0.00652	0.00186	0.00277	0.01165	0.00536	0.00474
2	0.09315	0.11303	0.01422	0.01050	0.01397	0.03172	0.00850	0.06735	0.50198	0.02192	0.01752	0.01670	0.01335	0.00658	0.00499	0.00168	0.00470	0.00518	0.00476	0.04821
3	0.01047	0.00904	0.01459	0.16477	0.28154	0.00978	0.01150	0.01294	0.01061	0.02634	0.01370	0.08574	0.01302	0.07949	0.21750	0.00393	0.01939	0.00629	0.00302	0.00633
4	0.01471	0.42422	0.24149	0.01273	0.06209	0.01698	0.01279	0.05318	0.01242	0.08898	0.00997	0.01097	0.00780	0.00511	0.00438	0.00143	0.00640	0.00369	0.00292	0.00773
5	0.00995	0.00917	0.03132	0.04980	0.01551	0.00894	0.17023	0.06592	0.05963	0.01688	0.02281	0.39842	0.04715	0.01176	0.00687	0.00204	0.02962	0.03373	0.00434	0.00591
6	0.00947	0.00473	0.00710	0.00710	0.00710	0.00473	0.00473	0.00710	0.00710	0.00947	0.00947	0.01657	0.00947	0.01894	0.02131	0.84138	0.00473	0.00473	0.00237	0.00237
7	0.01493	0.06596	0.13793	0.01664	0.15225	0.25058	0.02888	0.05827	0.07289	0.01738	0.04891	0.01811	0.01260	0.00667	0.00539	0.00165	0.00726	0.07308	0.00340	0.00723
8	0.01370	0.11227	0.28564	0.02107	0.30464	0.01441	0.01601	0.11655	0.03099	0.01938	0.01043	0.01235	0.00811	0.00523	0.00511	0.00161	0.00684	0.00438	0.00295	0.00833
9	0.01315	0.07230	0.09041	0.02131	0.31760	0.08405	0.01397	0.01574	0.01113	0.01534	0.00925	0.01269	0.00811	0.00855	0.05821	0.00225	0.23154	0.00456	0.00257	0.00726
10	0.01674	0.00834	0.01049	0.00878	0.01134	0.00799	0.00677	0.10797	0.01421	0.34968	0.06616	0.02685	0.01823	0.23993	0.03617	0.00299	0.00519	0.04994	0.00533	0.00691
11	0.06248	0.13125	0.25752	0.01082	0.01461	0.06646	0.01095	0.01350	0.01116	0.01544	0.01736	0.32894	0.01855	0.00990	0.00552	0.00181	0.00566	0.00836	0.00352	0.00619
12	0.01359	0.06472	0.23610	0.02027	0.26332	0.01367	0.06111	0.06889	0.14588	0.04046	0.01262	0.01405	0.00962	0.00554	0.00532	0.00168	0.00659	0.00486	0.00337	0.00835
13	0.00718	0.00506	0.00618	0.00676	0.00713	0.00481	0.00433	0.00790	0.00994	0.01318	0.07124	0.40783	0.08903	0.31695	0.01478	0.00332	0.00390	0.01197	0.00445	0.00406
14	0.02224	0.01096	0.01358	0.01054	0.01460	0.01076	0.00868	0.25667	0.01835	0.49487	0.01841	0.01700	0.01217	0.00881	0.05413	0.00211	0.00569	0.00532	0.00610	0.00900
15	0.00978	0.00850	0.01015	0.07722	0.06719	0.05598	0.00754	0.01395	0.10918	0.01995	0.45566	0.03290	0.09127	0.00959	0.00607	0.00172	0.00394	0.00833	0.00513	0.00595
16	0.01824	0.01404	0.01496	0.01204	0.01596	0.01575	0.00976	0.50395	0.28195	0.03035	0.01625	0.01560	0.01183	0.00684	0.00549	0.00171	0.00541	0.00534	0.00549	0.00905
17	0.01662	0.01163	0.01337	0.01127	0.01466	0.01230	0.00946	0.42146	0.01988	0.08127	0.01853	0.02884	0.01657	0.00913	0.00603	0.00187	0.00547	0.23894	0.00528	0.05741
18	0.00693	0.00512	0.00648	0.00703	0.00789	0.00467	0.00493	0.00843	0.01226	0.01642	0.25473	0.45126	0.16430	0.01477	0.00671	0.00200	0.00292	0.01315	0.00534	0.00467
19	0.01356	0.01171	0.01233	0.01109	0.01418	0.01356	0.00863	0.02897	0.76455	0.02281	0.02219	0.02034	0.01664	0.00740	0.00555	0.00185	0.00431	0.00616	0.00555	0.00863
20	0.01458	0.81168	0.02857	0.00933	0.01399	0.02157	0.00933	0.01632	0.01108	0.01283	0.00758	0.00875	0.00700	0.00466	0.00350	0.00117	0.00583	0.00292	0.00233	0.00700
21	0.01236	0.01292	0.01129	0.01054	0.01176	0.25681	0.00789	0.01361	0.01066	0.01248	0.01225	0.01962	0.01205	0.19244	0.27501	0.00485	0.11001	0.00542	0.00290	0.00513
22	0.72400	0.01119	0.01060	0.00886	0.01248	0.01265	0.07034	0.06224	0.01060	0.02448	0.00823	0.00962	0.00632	0.00511	0.00377	0.00170	0.00475	0.00337	0.00345	0.00624
23	0.01216	0.29224	0.52687	0.01345	0.02036	0.01566	0.01650	0.01695	0.01136	0.01577	0.00904	0.01058	0.00694	0.00501	0.00461	0.00154	0.00731	0.00365	0.00231	0.00770
