[name]
unknown

[dist]
# distance from previous block
# <min> <max>
0	0

[block]
# block no. 0 follows, 40 sequences, length 42
# corresponding to MSA columns:
# 1511-1552
name=unknown_A
#
# <colnr> <probs for GDERKNQSTAVLIFYWHMCP>
#	G	D	E	R	K	N	Q	S	T	A	V	L	I	F	Y	W	H	M	C	P
0	0.00937	0.00669	0.00937	0.01071	0.01205	0.00669	0.00937	0.01205	0.01339	0.01740	0.03079	0.06560	0.03347	0.01606	0.00803	0.00268	0.00535	0.72021	0.00535	0.00535
1	0.01736	0.01945	0.02072	0.02730	0.45901	0.32108	0.01517	0.02002	0.01455	0.01707	0.01015	0.01281	0.00851	0.00551	0.00555	0.00163	0.00836	0.00460	0.00293	0.00821
2	0.04717	0.00978	0.01247	0.00983	0.01385	0.00900	0.00805	0.06301	0.04711	0.57503	0.02155	0.01952	0.01413	0.00711	0.00555	0.00175	0.00470	0.00571	0.11553	0.00917
3	0.00728	0.00539	0.00680	0.00754	0.00838	0.00491	0.00524	0.00873	0.01260	0.01672	0.18368	0.50740	0.17141	0.01631	0.00721	0.00218	0.00317	0.01454	0.00560	0.00491
4	0.00712	0.00588	0.00624	0.00620	0.00802	0.00501	0.00463	0.00880	0.01376	0.01702	0.18001	0.07373	0.61485	0.01433	0.00689	0.00195	0.00292	0.01208	0.00557	0.00501
5	0.00707	0.00511	0.00670	0.00797	0.00840	0.00473	0.00534	0.00811	0.01125	0.01489	0.03358	0.74987	0.07944	0.01802	0.00739	0.00234	0.00335	0.01629	0.00540	0.00473
6	0.01489	0.00901	0.01105	0.00926	0.01198	0.00885	0.00733	0.17400	0.01888	0.17623	0.44523	0.03220	0.03682	0.00986	0.00643	0.00180	0.00399	0.00841	0.00643	0.00734
7	0.83671	0.01125	0.00855	0.00765	0.01125	0.01305	0.00630	0.01709	0.00990	0.02609	0.00810	0.00945	0.00630	0.00540	0.00360	0.00180	0.00450	0.00315	0.00360	0.00630
8	0.83671	0.01125	0.00855	0.00765	0.01125	0.01305	0.00630	0.01709	0.00990	0.02609	0.00810	0.00945	0.00630	0.00540	0.00360	0.00180	0.00450	0.00315	0.00360	0.00630
9	0.00906	0.00726	0.01062	0.05387	0.01231	0.00882	0.00812	0.01092	0.00933	0.01342	0.01451	0.02263	0.01391	0.11337	0.55378	0.00765	0.11589	0.00624	0.00305	0.00525
10	0.83671	0.01125	0.00855	0.00765	0.01125	0.01305	0.00630	0.01709	0.00990	0.02609	0.00810	0.00945	0.00630	0.00540	0.00360	0.00180	0.00450	0.00315	0.00360	0.00630
11	0.01584	0.01318	0.01393	0.01211	0.01565	0.01511	0.00954	0.15882	0.61869	0.02655	0.02192	0.02030	0.01633	0.00773	0.00590	0.00193	0.00493	0.00633	0.00590	0.00933
12	0.01098	0.01034	0.01744	0.78165	0.04005	0.01292	0.01615	0.01486	0.01163	0.01486	0.01034	0.01550	0.00775	0.00581	0.00581	0.00194	0.00775	0.00517	0.00258	0.00646
13	0.00707	0.00510	0.00670	0.00798	0.00840	0.00473	0.00535	0.00811	0.01124	0.01489	0.03344	0.75373	0.07567	0.01804	0.00739	0.00234	0.00335	0.01631	0.00540	0.00473
14	0.01098	0.01034	0.01744	0.78165	0.04005	0.01292	0.01615	0.01486	0.01163	0.01486	0.01034	0.01550	0.00775	0.00581	0.00581	0.00194	0.00775	0.00517	0.00258	0.00646
15	0.01206	0.01034	0.01206	0.00861	0.01378	0.00775	0.00689	0.01464	0.01206	0.01895	0.01034	0.01206	0.00861	0.00431	0.00431	0.00086	0.00431	0.00345	0.00345	0.83118
16	0.00709	0.00506	0.00675	0.00810	0.00843	0.00472	0.00540	0.00810	0.01113	0.01484	0.03205	0.79184	0.03846	0.01822	0.00742	0.00236	0.00337	0.01653	0.00540	0.00472
17	0.01446	0.01249	0.01315	0.01183	0.01512	0.01446	0.00920	0.03090	0.74885	0.02433	0.02367	0.02170	0.01775	0.00789	0.00592	0.00197	0.00460	0.00657	0.00592	0.00920
18	0.00709	0.00506	0.00675	0.00810	0.00843	0.00472	0.00540	0.00810	0.01113	0.01484	0.03205	0.79184	0.03846	0.01822	0.00742	0.00236	0.00337	0.01653	0.00540	0.00472
19	0.01774	0.01412	0.01500	0.01250	0.01637	0.01600	0.01000	0.33514	0.43927	0.02961	0.01950	0.01838	0.01438	0.00750	0.00587	0.00187	0.00537	0.00600	0.00587	0.00950
20	0.01187	0.01002	0.01281	0.01427	0.14672	0.01063	0.00922	0.02029	0.31258	0.02295	0.32503	0.02939	0.03160	0.00906	0.00628	0.00187	0.00425	0.00796	0.00557	0.00766
21	0.01220	0.01046	0.01212	0.00880	0.01386	0.00813	0.00702	0.01557	0.05407	0.01926	0.01110	0.01261	0.00913	0.00451	0.00440	0.00092	0.00432	0.00362	0.00359	0.78431
22	0.01439	0.01382	0.02360	0.03569	0.75936	0.01382	0.01785	0.01785	0.01324	0.01900	0.01094	0.01439	0.00921	0.00518	0.00576	0.00173	0.00691	0.00518	0.00288	0.00921
23	0.01361	0.01092	0.01266	0.00916	0.01425	0.00882	0.00738	0.08855	0.01378	0.04933	0.01119	0.01255	0.00896	0.00469	0.00452	0.00099	0.00454	0.00372	0.00383	0.71655
24	0.00719	0.00532	0.00676	0.00787	0.00856	0.00488	0.00548	0.00840	0.01166	0.01517	0.03682	0.61213	0.16776	0.01745	0.00736	0.00231	0.00342	0.06125	0.00540	0.00480
25	0.00727	0.00591	0.00645	0.00631	0.00810	0.00508	0.00473	0.00912	0.01420	0.01796	0.26536	0.05226	0.54914	0.01389	0.00687	0.00192	0.00289	0.01175	0.00570	0.00508
26	0.01646	0.16285	0.26716	0.01393	0.01947	0.18512	0.01413	0.14347	0.01562	0.01969	0.01021	0.01164	0.00794	0.00584	0.00551	0.00160	0.03072	0.00409	0.00323	0.06131
27	0.00821	0.00553	0.00642	0.00666	0.00672	0.00547	0.00386	0.00839	0.00894	0.01192	0.02080	0.17404	0.02427	0.65538	0.02560	0.00505	0.00523	0.00991	0.00386	0.00374
28	0.01084	0.00542	0.00542	0.00542	0.00678	0.00542	0.00407	0.01355	0.01220	0.02168	0.01897	0.02168	0.01491	0.00678	0.00407	0.00136	0.00271	0.00542	0.82791	0.00542
29	0.02172	0.02772	0.01648	0.01498	0.01798	0.77228	0.01124	0.02322	0.01648	0.01423	0.00899	0.01049	0.00749	0.00599	0.00524	0.00150	0.01049	0.00375	0.00300	0.00674
30	0.01254	0.01167	0.01874	0.20327	0.42771	0.01216	0.01477	0.04317	0.01341	0.01812	0.01957	0.02213	0.14380	0.00712	0.00597	0.00182	0.00637	0.00646	0.00338	0.00782
31	0.01500	0.01116	0.01300	0.00949	0.01452	0.00935	0.00768	0.12263	0.01478	0.09948	0.01219	0.01315	0.00941	0.00500	0.00469	0.00109	0.00468	0.00396	0.00419	0.62456
32	0.00696	0.00583	0.00606	0.00614	0.00794	0.00492	0.00455	0.00846	0.01325	0.01603	0.09289	0.11362	0.66371	0.01486	0.00692	0.00199	0.00297	0.01252	0.00545	0.00492
33	0.00723	0.00559	0.00660	0.00701	0.00824	0.00496	0.00500	0.00879	0.01312	0.01696	0.19273	0.32830	0.34373	0.01545	0.00708	0.00208	0.00306	0.01350	0.00561	0.00496
34	0.01166	0.03008	0.76550	0.01657	0.02517	0.01351	0.02149	0.01842	0.01228	0.01842	0.01044	0.01228	0.00737	0.00552	0.00552	0.00184	0.00859	0.00430	0.00246	0.00859
35	0.01035	0.00909	0.01267	0.01151	0.01189	0.01179	0.00909	0.01169	0.00898	0.01332	0.01244	0.02096	0.01257	0.16400	0.29428	0.00557	0.36532	0.00611	0.00293	0.00543
36	0.01373	0.01569	0.03431	0.02451	0.03039	0.01471	0.73824	0.01863	0.01373	0.01863	0.01176	0.01569	0.00882	0.00490	0.00686	0.00196	0.00980	0.00686	0.00294	0.00784
37	0.00687	0.00589	0.00589	0.00589	0.00785	0.00491	0.00442	0.00835	0.01325	0.01571	0.05891	0.05596	0.75700	0.01473	0.00687	0.00196	0.00295	0.01227	0.00540	0.00491
38	0.01364	0.03313	0.01502	0.07932	0.06007	0.01101	0.07927	0.12246	0.01377	0.09353	0.01769	0.15550	0.01735	0.19107	0.01260	0.00284	0.06273	0.00808	0.00429	0.00666
39	0.04190	0.01745	0.01891	0.03660	0.01958	0.25335	0.14178	0.08684	0.01602	0.21993	0.01360	0.01456	0.00980	0.00656	0.00695	0.00180	0.07684	0.00515	0.00434	0.00802
40	0.01087	0.00651	0.00814	0.00826	0.00939	0.00626	0.00575	0.05828	0.01244	0.10927	0.02659	0.46945	0.02927	0.15577	0.01095	0.00279	0.00414	0.01244	0.04790	0.00552
41	0.01862	0.01015	0.01490	0.01668	0.21733	0.00943	0.01047	0.02150	0.03157	0.37953	0.10181	0.04581	0.06097	0.00814	0.00609	0.00183	0.00509	0.02570	0.00570	0.00867

[dist]
# distance from previous block
# <min> <max>
0	2

[block]
# block no. 1 follows, 40 sequences, length 16
# corresponding to MSA columns:
# 1555-1570
name=unknown_B
#
# <colnr> <probs for GDERKNQSTAVLIFYWHMCP>
#	G	D	E	R	K	N	Q	S	T	A	V	L	I	F	Y	W	H	M	C	P
0	0.05138	0.01853	0.15296	0.11063	0.29237	0.12349	0.07769	0.06995	0.01425	0.01928	0.01066	0.01344	0.00836	0.00555	0.00565	0.00176	0.00792	0.00487	0.00303	0.00823
1	0.07924	0.00859	0.01008	0.00845	0.01152	0.00817	0.00675	0.07770	0.01544	0.31331	0.08461	0.04602	0.10635	0.00853	0.00553	0.00173	0.00407	0.00694	0.18942	0.00753
2	0.83671	0.01125	0.00855	0.00765	0.01125	0.01305	0.00630	0.01709	0.00990	0.02609	0.00810	0.00945	0.00630	0.00540	0.00360	0.00180	0.00450	0.00315	0.00360	0.00630
3	0.00791	0.00590	0.00716	0.00686	0.00825	0.00536	0.00503	0.01007	0.01489	0.02025	0.51041	0.04606	0.22783	0.08787	0.00905	0.00223	0.00307	0.01076	0.00587	0.00515
4	0.01609	0.26369	0.02221	0.08689	0.20435	0.10894	0.01252	0.04575	0.12075	0.04768	0.01218	0.01368	0.00979	0.00581	0.00509	0.00160	0.00677	0.00458	0.00346	0.00816
5	0.01348	0.05928	0.32916	0.01546	0.01969	0.07786	0.01605	0.04229	0.01171	0.01663	0.00915	0.01223	0.00758	0.00754	0.01111	0.00208	0.33397	0.00456	0.00266	0.00750
6	0.00729	0.00584	0.00644	0.00640	0.00804	0.00507	0.00471	0.00900	0.01375	0.01740	0.23211	0.09642	0.50646	0.04561	0.00782	0.00210	0.00303	0.01193	0.00558	0.00499
7	0.00687	0.00589	0.00589	0.00589	0.00785	0.00491	0.00442	0.00835	0.01325	0.01571	0.05891	0.05596	0.75700	0.01473	0.00687	0.00196	0.00295	0.01227	0.00540	0.00491
8	0.00720	0.00525	0.00679	0.00779	0.00841	0.00483	0.00531	0.00847	0.01197	0.01594	0.12130	0.63160	0.10943	0.01713	0.00730	0.00226	0.00326	0.01540	0.00552	0.00483
9	0.02609	0.00990	0.01350	0.01035	0.01484	0.00855	0.00855	0.02834	0.01664	0.76338	0.02294	0.01979	0.01439	0.00720	0.00585	0.00180	0.00495	0.00585	0.00720	0.00990
10	0.00806	0.00630	0.00729	0.00718	0.00873	0.00586	0.00528	0.01104	0.06954	0.01904	0.32282	0.13583	0.31183	0.04549	0.00779	0.00211	0.00315	0.01151	0.00575	0.00538
11	0.02238	0.01430	0.01401	0.01148	0.01534	0.16395	0.00917	0.12680	0.08811	0.38317	0.01864	0.01742	0.01273	0.00696	0.00559	0.00171	0.00607	0.00538	0.06794	0.00886
12	0.01016	0.01285	0.16132	0.01136	0.01399	0.06657	0.01052	0.01304	0.01043	0.01450	0.01383	0.01981	0.01248	0.05109	0.51443	0.00691	0.04210	0.00567	0.00296	0.00599
13	0.01330	0.01406	0.07418	0.02427	0.33320	0.01322	0.14622	0.06705	0.01367	0.01907	0.01629	0.08088	0.06770	0.00755	0.00745	0.00193	0.08166	0.00688	0.00343	0.00800
14	0.01561	0.01220	0.01677	0.01245	0.01706	0.01141	0.11144	0.13069	0.01494	0.11030	0.01236	0.01386	0.00944	0.00572	0.00651	0.00143	0.08046	0.00465	0.00411	0.40858
15	0.01763	0.10444	0.07826	0.03879	0.01805	0.26410	0.01131	0.13417	0.18009	0.02059	0.01319	0.01382	0.01022	0.00630	0.00529	0.00161	0.00740	0.00461	0.00400	0.06612

[dist]
# distance from previous block
# <min> <max>
0	1

[block]
# block no. 2 follows, 40 sequences, length 38
# corresponding to MSA columns:
# 1572-1609
name=unknown_C
#
# <colnr> <probs for GDERKNQSTAVLIFYWHMCP>
#	G	D	E	R	K	N	Q	S	T	A	V	L	I	F	Y	W	H	M	C	P
0	0.00755	0.00581	0.00702	0.00779	0.00906	0.00528	0.00594	0.00916	0.01258	0.01583	0.04318	0.30357	0.34311	0.01621	0.00734	0.00227	0.00367	0.18432	0.00539	0.00495
1	0.01199	0.00964	0.01278	0.06320	0.14038	0.01006	0.00993	0.01835	0.21115	0.05654	0.10481	0.03577	0.14350	0.01028	0.00652	0.00203	0.00488	0.13580	0.00512	0.00728
2	0.01569	0.15760	0.14084	0.01477	0.05888	0.17138	0.07461	0.06873	0.04988	0.01841	0.01073	0.01232	0.00856	0.00543	0.00508	0.00147	0.00739	0.00425	0.00323	0.17076
3	0.01323	0.00816	0.01040	0.08855	0.01369	0.00803	0.00722	0.01616	0.07991	0.17176	0.02097	0.07452	0.04523	0.27228	0.02655	0.00322	0.00540	0.03979	0.00467	0.09028
4	0.00746	0.00566	0.00687	0.00710	0.00835	0.00507	0.00512	0.00928	0.01384	0.01836	0.31773	0.27325	0.27140	0.01469	0.00703	0.00203	0.00300	0.01289	0.00578	0.00507
5	0.01718	0.07173	0.08900	0.05594	0.28863	0.13547	0.05039	0.13865	0.01606	0.06511	0.01162	0.01359	0.00899	0.00576	0.00559	0.00170	0.00756	0.00486	0.00357	0.00861
6	0.01560	0.13311	0.25594	0.04854	0.05660	0.17285	0.04154	0.01922	0.01372	0.09531	0.01567	0.01669	0.07763	0.00654	0.00544	0.00169	0.00767	0.00509	0.00339	0.00775
7	0.00734	0.00540	0.00695	0.00808	0.00880	0.00500	0.00575	0.00864	0.01175	0.01530	0.03609	0.58500	0.15006	0.01740	0.00741	0.00234	0.00356	0.10491	0.00539	0.00483
8	0.01384	0.02442	0.48975	0.01867	0.08059	0.01400	0.12933	0.09474	0.01433	0.04887	0.01153	0.01342	0.00826	0.00562	0.00579	0.00184	0.00828	0.00492	0.00310	0.00871
9	0.01372	0.06400	0.19526	0.07958	0.26642	0.03879	0.10475	0.01861	0.05811	0.04212	0.01296	0.05647	0.01074	0.00623	0.00581	0.00181	0.00740	0.00573	0.00321	0.00829
10	0.01437	0.01319	0.02237	0.13758	0.63191	0.01349	0.01726	0.01783	0.01315	0.04670	0.01131	0.01475	0.00921	0.00535	0.00577	0.00176	0.00695	0.00520	0.00300	0.00886
11	0.00857	0.00615	0.00893	0.00893	0.01000	0.00707	0.00693	0.01072	0.00965	0.01436	0.01593	0.02272	0.01458	0.03974	0.69168	0.00850	0.01422	0.00615	0.08995	0.00522
12	0.07201	0.18038	0.01955	0.01515	0.10111	0.29110	0.01113	0.13700	0.01650	0.08831	0.01106	0.01205	0.00863	0.00592	0.00503	0.00156	0.00765	0.00417	0.00376	0.00794
13	0.00767	0.00588	0.00704	0.00695	0.00846	0.00525	0.00520	0.00981	0.01476	0.01964	0.41666	0.10394	0.31773	0.01356	0.00694	0.00195	0.00295	0.03449	0.00592	0.00521
14	0.01401	0.01290	0.03793	0.27784	0.38739	0.01321	0.08048	0.01772	0.01298	0.07236	0.01169	0.01522	0.00904	0.00552	0.00588	0.00182	0.00733	0.00536	0.00310	0.00822
15	0.00710	0.00594	0.00620	0.00624	0.00814	0.00504	0.00476	0.00872	0.01347	0.01629	0.10248	0.05568	0.67239	0.01462	0.00693	0.00199	0.00306	0.05053	0.00546	0.00497
16	0.01270	0.20589	0.04341	0.01002	0.01316	0.03851	0.00870	0.08253	0.10752	0.01830	0.05456	0.02774	0.23449	0.02461	0.02022	0.00199	0.07731	0.00716	0.00430	0.00688
17	0.01038	0.00589	0.00711	0.00703	0.00811	0.00600	0.00503	0.01214	0.01091	0.06417	0.01956	0.09679	0.01841	0.19709	0.17425	0.00417	0.00633	0.00735	0.33413	0.00516
18	0.02211	0.01629	0.01745	0.01338	0.01803	0.01803	0.01105	0.73997	0.02734	0.03665	0.01396	0.01396	0.00989	0.00698	0.00582	0.00175	0.00640	0.00524	0.00582	0.00989
19	0.00775	0.00671	0.00777	0.10948	0.01245	0.00635	0.00622	0.01012	0.04114	0.01606	0.06492	0.07272	0.59108	0.01333	0.00671	0.00197	0.00366	0.01121	0.00507	0.00529
20	0.01166	0.03008	0.76550	0.01657	0.02517	0.01351	0.02149	0.01842	0.01228	0.01842	0.01044	0.01228	0.00737	0.00552	0.00552	0.00184	0.00859	0.00430	0.00246	0.00859
21	0.01503	0.27362	0.28978	0.01438	0.05293	0.07184	0.01456	0.08645	0.09433	0.01895	0.01137	0.01248	0.00886	0.00576	0.00501	0.00162	0.00725	0.00425	0.00321	0.00831
22	0.01302	0.02364	0.48684	0.01836	0.13749	0.01346	0.01817	0.09297	0.04244	0.02099	0.06707	0.01547	0.01186	0.00619	0.00571	0.00182	0.00751	0.00508	0.00330	0.00862
23	0.01312	0.01096	0.01263	0.00912	0.01423	0.00883	0.00733	0.09100	0.01367	0.02081	0.01072	0.01226	0.00875	0.00459	0.00447	0.00095	0.00453	0.00363	0.00370	0.74472
24	0.00720	0.00514	0.00688	0.00823	0.00861	0.00482	0.00559	0.00829	0.01124	0.01497	0.03199	0.75598	0.03821	0.01811	0.00745	0.00238	0.00347	0.05127	0.00540	0.00475
25	0.80022	0.01097	0.00847	0.00767	0.01112	0.01268	0.00626	0.01670	0.00995	0.02560	0.00915	0.04386	0.00771	0.00596	0.00377	0.00182	0.00445	0.00374	0.00368	0.00623
26	0.01446	0.01249	0.01315	0.01183	0.01512	0.01446	0.00920	0.03090	0.74885	0.02433	0.02367	0.02170	0.01775	0.00789	0.00592	0.00197	0.00460	0.00657	0.00592	0.00920
27	0.31043	0.01037	0.01176	0.00940	0.01358	0.01012	0.00776	0.02440	0.01428	0.50476	0.01773	0.01616	0.01155	0.00657	0.00506	0.00180	0.00479	0.00490	0.00594	0.00863
28	0.83671	0.01125	0.00855	0.00765	0.01125	0.01305	0.00630	0.01709	0.00990	0.02609	0.00810	0.00945	0.00630	0.00540	0.00360	0.00180	0.00450	0.00315	0.00360	0.00630
29	0.01199	0.01007	0.01170	0.00844	0.01340	0.00763	0.00674	0.01458	0.01207	0.01910	0.01080	0.01258	0.00895	0.00444	0.00429	0.00089	0.00422	0.00355	0.04813	0.78643
30	0.00693	0.00566	0.00613	0.00651	0.00802	0.00486	0.00469	0.00828	0.01266	0.01547	0.05135	0.26305	0.55479	0.01571	0.00703	0.00208	0.00307	0.01347	0.00540	0.00486
31	0.01253	0.01183	0.02000	0.34050	0.41591	0.01287	0.01636	0.01600	0.01244	0.01703	0.01204	0.06438	0.01048	0.00627	0.00589	0.00185	0.00703	0.00590	0.00292	0.00779
32	0.00742	0.00552	0.00741	0.00853	0.00884	0.00551	0.00584	0.00845	0.01100	0.01479	0.03059	0.74519	0.03662	0.01774	0.00812	0.00237	0.05017	0.01585	0.00523	0.00482
33	0.02609	0.00990	0.01350	0.01035	0.01484	0.00855	0.00855	0.02834	0.01664	0.76338	0.02294	0.01979	0.01439	0.00720	0.00585	0.00180	0.00495	0.00585	0.00720	0.00990
34	0.01292	0.02171	0.38112	0.04674	0.31844	0.01372	0.08617	0.01811	0.01278	0.01857	0.01076	0.01353	0.00825	0.00534	0.00575	0.00181	0.00801	0.00491	0.00267	0.00871
35	0.01684	0.22360	0.02254	0.09518	0.13740	0.20467	0.06102	0.09392	0.02879	0.01782	0.01018	0.01231	0.00834	0.00568	0.00539	0.00158	0.02168	0.00438	0.00315	0.02551
36	0.00792	0.00561	0.00722	0.00775	0.00821	0.00567	0.00524	0.00888	0.00998	0.01342	0.02464	0.30252	0.05343	0.30461	0.17220	0.00498	0.00676	0.04229	0.00425	0.00442
37	0.00702	0.00530	0.00650	0.00745	0.00826	0.00478	0.00511	0.00817	0.01176	0.01510	0.03993	0.57605	0.24917	0.01719	0.00726	0.00224	0.00325	0.01528	0.00540	0.00478

[dist]
# distance from previous block
# <min> <max>
1	230

[block]
# block no. 3 follows, 40 sequences, length 29
# corresponding to MSA columns:
# 1840-1868
name=unknown_D
#
# <colnr> <probs for GDERKNQSTAVLIFYWHMCP>
#	G	D	E	R	K	N	Q	S	T	A	V	L	I	F	Y	W	H	M	C	P
0	0.01548	0.15596	0.08148	0.01927	0.25964	0.04679	0.01290	0.03957	0.10298	0.08606	0.04734	0.01565	0.01225	0.00600	0.00531	0.00161	0.00620	0.00501	0.00382	0.07667
1	0.01475	0.13183	0.08882	0.01127	0.01467	0.05537	0.01010	0.16451	0.01475	0.06228	0.01360	0.01652	0.01113	0.01755	0.23468	0.00394	0.04506	0.00508	0.07683	0.00726
2	0.01441	0.44516	0.27320	0.03624	0.05115	0.05959	0.01437	0.01800	0.01228	0.01555	0.00910	0.01077	0.00752	0.00525	0.00456	0.00150	0.00731	0.00369	0.00252	0.00785
3	0.01338	0.30208	0.09045	0.00980	0.01389	0.07647	0.00914	0.01587	0.01229	0.01662	0.01314	0.09274	0.01213	0.00667	0.00457	0.00139	0.00556	0.00512	0.14609	0.15261
4	0.00826	0.00563	0.00632	0.00639	0.00656	0.00554	0.00368	0.00843	0.00898	0.01181	0.02231	0.07405	0.08283	0.69541	0.02670	0.00518	0.00531	0.00914	0.00376	0.00369
5	0.00816	0.00556	0.00665	0.00691	0.00708	0.00554	0.00419	0.00858	0.00934	0.01256	0.04705	0.19198	0.02551	0.56566	0.06657	0.00504	0.00564	0.01006	0.00399	0.00393
6	0.00823	0.00594	0.00777	0.00732	0.00869	0.00549	0.00549	0.01097	0.01646	0.02332	0.75629	0.04344	0.05487	0.01189	0.00686	0.00183	0.00274	0.01052	0.00640	0.00549
7	0.00905	0.00546	0.00609	0.00633	0.00686	0.00540	0.00404	0.01018	0.01024	0.01555	0.02097	0.16521	0.02201	0.38225	0.01674	0.00356	0.00421	0.00882	0.29263	0.00440
8	0.02172	0.02772	0.01648	0.01498	0.01798	0.77228	0.01124	0.02322	0.01648	0.01423	0.00899	0.01049	0.00749	0.00599	0.00524	0.00150	0.01049	0.00375	0.00300	0.00674
9	0.08911	0.01567	0.01648	0.01282	0.01731	0.01743	0.01056	0.64188	0.06483	0.03511	0.01400	0.01401	0.01002	0.00690	0.00564	0.00176	0.00614	0.00514	0.00564	0.00956
10	0.01555	0.79913	0.03047	0.00995	0.01493	0.02301	0.00995	0.01741	0.01182	0.01368	0.00808	0.00933	0.00746	0.00498	0.00373	0.00124	0.00622	0.00311	0.00249	0.00746
11	0.00723	0.00590	0.00638	0.00626	0.00807	0.00506	0.00470	0.00903	0.01409	0.01770	0.24093	0.05270	0.57374	0.01399	0.00687	0.00193	0.00289	0.01181	0.00566	0.00506
12	0.00700	0.00590	0.00607	0.00603	0.00793	0.00496	0.00452	0.00859	0.01356	0.01643	0.12498	0.05478	0.69048	0.01446	0.00687	0.00195	0.00293	0.01211	0.00549	0.00496
13	0.01171	0.00568	0.00588	0.00570	0.00723	0.00560	0.00432	0.01439	0.01245	0.06393	0.01920	0.02157	0.01488	0.00680	0.00417	0.00138	0.00284	0.00544	0.78116	0.00568
14	0.01880	0.06929	0.05993	0.01447	0.05752	0.27354	0.01141	0.22771	0.09218	0.02260	0.01215	0.01300	0.00941	0.00617	0.00533	0.00157	0.00755	0.00450	0.00407	0.08880
15	0.00840	0.00585	0.00740	0.00740	0.00776	0.00621	0.00484	0.00913	0.00877	0.01206	0.01736	0.03271	0.01882	0.53141	0.29065	0.00694	0.00913	0.00767	0.00338	0.00411
16	0.01206	0.01034	0.01206	0.00861	0.01378	0.00775	0.00689	0.01464	0.01206	0.01895	0.01034	0.01206	0.00861	0.00431	0.00431	0.00086	0.00431	0.00345	0.00345	0.83118
17	0.00729	0.00522	0.00661	0.00764	0.00805	0.00488	0.00502	0.00818	0.01088	0.01435	0.03209	0.61084	0.09517	0.14180	0.01091	0.00285	0.00370	0.01489	0.00510	0.00455
18	0.01316	0.01292	0.08615	0.09042	0.20887	0.05190	0.01233	0.01717	0.07400	0.08383	0.05769	0.13771	0.07492	0.00901	0.00674	0.00193	0.04182	0.00774	0.00419	0.00748
19	0.01264	0.09084	0.67185	0.01576	0.02387	0.01404	0.01996	0.01879	0.01244	0.05241	0.01082	0.01239	0.00770	0.00556	0.00540	0.00179	0.00824	0.00427	0.00268	0.00856
20	0.00876	0.00631	0.00864	0.00990	0.01107	0.00619	0.00828	0.01103	0.01292	0.01678	0.03261	0.21447	0.07469	0.01643	0.00784	0.00257	0.00481	0.53611	0.00537	0.00520
21	0.00773	0.00569	0.00738	0.00850	0.00941	0.00534	0.00642	0.00932	0.01217	0.01576	0.03628	0.44902	0.16013	0.01698	0.00751	0.00239	0.00389	0.22576	0.00539	0.00494
22	0.01941	0.06067	0.04555	0.01791	0.15976	0.16721	0.04580	0.21968	0.06911	0.11763	0.01365	0.01439	0.01012	0.00627	0.00562	0.00170	0.00723	0.00502	0.00444	0.00881
23	0.01313	0.00773	0.00925	0.00845	0.00995	0.00769	0.00602	0.10213	0.01287	0.14419	0.02089	0.09652	0.02119	0.42575	0.01874	0.00395	0.00540	0.07571	0.00476	0.00567
24	0.01194	0.01157	0.01631	0.01422	0.01440	0.01595	0.01176	0.01336	0.00898	0.01391	0.00904	0.01451	0.00886	0.01609	0.15240	0.00375	0.64886	0.00529	0.00265	0.00615
25	0.01365	0.01310	0.02018	0.18761	0.41396	0.04309	0.03493	0.05657	0.01359	0.01836	0.01471	0.01783	0.07066	0.00651	0.00661	0.00183	0.04986	0.00575	0.00318	0.00802
26	0.01487	0.01527	0.11980	0.04536	0.25508	0.01295	0.20631	0.04364	0.04786	0.09256	0.01360	0.01595	0.01022	0.00569	0.00590	0.00180	0.00726	0.00566	0.07177	0.00846
27	0.01674	0.01739	0.01827	0.04233	0.28547	0.24771	0.01321	0.10862	0.03501	0.01908	0.01285	0.08692	0.01163	0.00726	0.00653	0.00178	0.05190	0.00585	0.00357	0.00787
28	0.18294	0.10607	0.01810	0.01756	0.18808	0.28709	0.01158	0.07508	0.02975	0.01958	0.00984	0.01155	0.00804	0.00569	0.00492	0.00161	0.00754	0.00406	0.00331	0.00760

[dist]
# distance from previous block
# <min> <max>
0	6

[block]
# block no. 4 follows, 40 sequences, length 7
# corresponding to MSA columns:
# 1875-1881
name=unknown_E
#
# <colnr> <probs for GDERKNQSTAVLIFYWHMCP>
#	G	D	E	R	K	N	Q	S	T	A	V	L	I	F	Y	W	H	M	C	P
0	0.02029	0.01058	0.01360	0.01286	0.10400	0.01033	0.00912	0.16435	0.01730	0.35429	0.01877	0.01843	0.01299	0.00681	0.00541	0.00168	0.00495	0.00554	0.19995	0.00876
1	0.01356	0.09631	0.25732	0.01418	0.05222	0.08625	0.04182	0.05839	0.05908	0.01868	0.01346	0.09621	0.01186	0.00685	0.00542	0.00164	0.00684	0.00562	0.00344	0.15084
2	0.35004	0.00825	0.00825	0.00793	0.01026	0.00863	0.00605	0.01424	0.01188	0.09934	0.09642	0.26738	0.06891	0.01093	0.00559	0.00199	0.00391	0.00903	0.00495	0.00600
3	0.01288	0.01094	0.01173	0.01065	0.01354	0.01230	0.00824	0.02598	0.57586	0.02346	0.13866	0.02786	0.08468	0.00907	0.00614	0.00195	0.00418	0.00765	0.00595	0.00828
4	0.00687	0.00589	0.00589	0.00589	0.00785	0.00491	0.00442	0.00835	0.01325	0.01571	0.05891	0.05596	0.75700	0.01473	0.00687	0.00196	0.00295	0.01227	0.00540	0.00491
5	0.00789	0.00535	0.00699	0.00817	0.00878	0.00511	0.00584	0.00936	0.01161	0.01607	0.03027	0.58750	0.03484	0.01650	0.00711	0.00229	0.00360	0.12254	0.10529	0.00490
6	0.00917	0.00635	0.00793	0.00757	0.00917	0.00589	0.00565	0.01210	0.04859	0.06267	0.48725	0.13394	0.15633	0.01265	0.00683	0.00192	0.00306	0.01108	0.00615	0.00572

[dist]
# distance from previous block
# <min> <max>
0	106

[block]
# block no. 5 follows, 40 sequences, length 16
# corresponding to MSA columns:
# 1988-2003
name=unknown_F
#
# <colnr> <probs for GDERKNQSTAVLIFYWHMCP>
#	G	D	E	R	K	N	Q	S	T	A	V	L	I	F	Y	W	H	M	C	P
0	0.01443	0.01315	0.01836	0.02374	0.38635	0.01414	0.01352	0.02439	0.38193	0.02167	0.01732	0.01805	0.01349	0.00654	0.00584	0.00185	0.00575	0.00588	0.00440	0.00921
1	0.01308	0.05662	0.37385	0.02243	0.23268	0.01424	0.11466	0.01909	0.06293	0.01880	0.01155	0.01384	0.00880	0.00548	0.00572	0.00181	0.00790	0.00499	0.00288	0.00866
2	0.00895	0.00670	0.00839	0.00783	0.00943	0.00652	0.00591	0.01326	0.10056	0.02344	0.67216	0.04094	0.05061	0.01143	0.00675	0.00185	0.00296	0.01006	0.00635	0.00591
3	0.01320	0.13684	0.47461	0.01580	0.06383	0.01506	0.01731	0.05355	0.09755	0.01932	0.01181	0.01313	0.00883	0.00573	0.00530	0.00173	0.00747	0.00446	0.00307	0.03140
4	0.01734	0.44465	0.02423	0.01228	0.01601	0.27900	0.01071	0.01901	0.01308	0.01391	0.00834	0.01011	0.00749	0.00592	0.00601	0.00148	0.09711	0.00355	0.00267	0.00709
5	0.01274	0.01074	0.01243	0.00894	0.01407	0.00845	0.00717	0.06408	0.01310	0.02016	0.01058	0.01219	0.00870	0.00449	0.00441	0.00092	0.00445	0.00357	0.00361	0.77520
6	0.01817	0.01424	0.01768	0.26588	0.05336	0.01620	0.01298	0.47507	0.02166	0.02884	0.01266	0.01448	0.00916	0.00653	0.00581	0.00181	0.00686	0.00521	0.00465	0.00874
7	0.01789	0.10404	0.09759	0.01491	0.11536	0.01303	0.02945	0.16701	0.01666	0.22076	0.01924	0.06341	0.06115	0.00774	0.00579	0.00179	0.00595	0.02470	0.00492	0.00860
8	0.00842	0.00580	0.00716	0.00716	0.00744	0.00608	0.00454	0.00898	0.00870	0.01188	0.01758	0.03394	0.01935	0.59197	0.23082	0.00664	0.00833	0.00785	0.00341	0.00398
9	0.83671	0.01125	0.00855	0.00765	0.01125	0.01305	0.00630	0.01709	0.00990	0.02609	0.00810	0.00945	0.00630	0.00540	0.00360	0.00180	0.00450	0.00315	0.00360	0.00630
10	0.00823	0.00594	0.00777	0.00732	0.00869	0.00549	0.00549	0.01097	0.01646	0.02332	0.75629	0.04344	0.05487	0.01189	0.00686	0.00183	0.00274	0.01052	0.00640	0.00549
11	0.00787	0.00593	0.00727	0.00694	0.00847	0.00533	0.00520	0.01027	0.01561	0.02129	0.57043	0.04678	0.24200	0.01265	0.00686	0.00186	0.00280	0.01098	0.00613	0.00533
12	0.00749	0.00589	0.00755	0.00768	0.00895	0.00530	0.03014	0.00906	0.01279	0.01661	0.16579	0.34798	0.29176	0.04563	0.00797	0.00224	0.00342	0.01335	0.00542	0.00498
13	0.01390	0.01284	0.01609	0.01390	0.01537	0.01660	0.01134	0.06165	0.28039	0.01906	0.01386	0.01607	0.01146	0.00916	0.01351	0.00229	0.45529	0.00564	0.00396	0.00760
14	0.01467	0.53693	0.24749	0.01214	0.01809	0.05368	0.01342	0.01797	0.01216	0.01511	0.00882	0.01025	0.00744	0.00518	0.00433	0.00143	0.00711	0.00349	0.00250	0.00777
15	0.04246	0.19890	0.36984	0.03670	0.04230	0.08651	0.01546	0.01848	0.03292	0.01735	0.01006	0.01174	0.00783	0.00539	0.00494	0.00159	0.00752	0.00397	0.00276	0.08327

[dist]
# distance from previous block
# <min> <max>
0	7

[block]
# block no. 6 follows, 40 sequences, length 33
# corresponding to MSA columns:
# 2011-2043
name=unknown_G
#
# <colnr> <probs for GDERKNQSTAVLIFYWHMCP>
#	G	D	E	R	K	N	Q	S	T	A	V	L	I	F	Y	W	H	M	C	P
0	0.28582	0.01205	0.01332	0.01604	0.20090	0.08631	0.00999	0.01570	0.01155	0.01940	0.01342	0.08195	0.01296	0.04723	0.07957	0.00277	0.03246	0.04836	0.00353	0.00666
1	0.01104	0.01032	0.01752	0.44987	0.15170	0.01163	0.06370	0.01443	0.01215	0.01596	0.01630	0.09996	0.05185	0.00788	0.00620	0.00198	0.00694	0.04064	0.00323	0.00669
2	0.00732	0.00591	0.00651	0.00636	0.00813	0.00510	0.00477	0.00921	0.01431	0.01822	0.28873	0.05184	0.52561	0.01379	0.00687	0.00192	0.00288	0.01169	0.00573	0.00510
3	0.01394	0.06057	0.07840	0.04512	0.12830	0.01365	0.04000	0.13521	0.20412	0.02180	0.01965	0.11989	0.05374	0.00855	0.00638	0.00191	0.02888	0.00727	0.00452	0.00811
4	0.03636	0.08788	0.11469	0.12290	0.38968	0.01468	0.01606	0.08515	0.01414	0.04815	0.01120	0.01384	0.00882	0.00554	0.00550	0.00173	0.00698	0.00486	0.00321	0.00863
5	0.00846	0.00564	0.00634	0.00634	0.00634	0.00564	0.00352	0.00846	0.00846	0.01128	0.01832	0.03805	0.02114	0.79563	0.02960	0.00564	0.00564	0.00846	0.00352	0.00352
6	0.00918	0.03375	0.28087	0.01032	0.01452	0.00859	0.01104	0.01288	0.01362	0.01862	0.22481	0.07047	0.24761	0.01058	0.00633	0.00189	0.00503	0.00891	0.00453	0.00644
7	0.01166	0.03008	0.76550	0.01657	0.02517	0.01351	0.02149	0.01842	0.01228	0.01842	0.01044	0.01228	0.00737	0.00552	0.00552	0.00184	0.00859	0.00430	0.00246	0.00859
8	0.01439	0.01382	0.02360	0.03569	0.75936	0.01382	0.01785	0.01785	0.01324	0.01900	0.01094	0.01439	0.00921	0.00518	0.00576	0.00173	0.00691	0.00518	0.00288	0.00921
9	0.01206	0.01034	0.01206	0.00861	0.01378	0.00775	0.00689	0.01464	0.01206	0.01895	0.01034	0.01206	0.00861	0.00431	0.00431	0.00086	0.00431	0.00345	0.00345	0.83118
10	0.01312	0.01246	0.02193	0.01927	0.11693	0.01234	0.30521	0.10026	0.07722	0.02041	0.03217	0.20584	0.01788	0.00882	0.00665	0.00200	0.00688	0.00886	0.00419	0.00757
11	0.01203	0.08071	0.16153	0.01405	0.05835	0.08222	0.09983	0.01591	0.03578	0.01899	0.24339	0.02565	0.08071	0.00834	0.00657	0.00180	0.03591	0.00714	0.00414	0.00696
12	0.01077	0.00768	0.00936	0.00788	0.01022	0.00676	0.00565	0.01197	0.01029	0.04992	0.01455	0.02380	0.01438	0.30222	0.11596	0.06046	0.00636	0.00588	0.00354	0.32234
13	0.01026	0.01096	0.08935	0.01589	0.20629	0.00896	0.02689	0.01397	0.04888	0.01971	0.25857	0.03422	0.21297	0.00987	0.00640	0.00185	0.00472	0.00867	0.00473	0.00685
14	0.31451	0.01526	0.01419	0.01143	0.01559	0.06776	0.00936	0.43151	0.02034	0.03133	0.01152	0.01210	0.00844	0.00635	0.00498	0.00175	0.00600	0.00438	0.00483	0.00839
15	0.01978	0.15873	0.01943	0.08422	0.01949	0.27900	0.01139	0.29712	0.01938	0.02282	0.01087	0.01208	0.00843	0.00618	0.00525	0.00159	0.00790	0.00434	0.00395	0.00805
16	0.01015	0.06117	0.01187	0.00980	0.01146	0.00794	0.08969	0.01250	0.04625	0.04455	0.02384	0.38482	0.02577	0.12173	0.00965	0.00253	0.00466	0.01115	0.10487	0.00560
17	0.00687	0.00589	0.00589	0.00589	0.00785	0.00491	0.00442	0.00835	0.01325	0.01571	0.05891	0.05596	0.75700	0.01473	0.00687	0.00196	0.00295	0.01227	0.00540	0.00491
18	0.02175	0.02703	0.01654	0.01489	0.01798	0.72714	0.01123	0.06612	0.01713	0.01557	0.00929	0.01069	0.00763	0.00605	0.00528	0.00151	0.01024	0.00383	0.00317	0.00693
19	0.02569	0.01055	0.01390	0.01065	0.01517	0.00951	0.00880	0.10072	0.01773	0.68946	0.02203	0.01920	0.01394	0.00718	0.00584	0.00179	0.00510	0.00579	0.00706	0.00990
20	0.83671	0.01125	0.00855	0.00765	0.01125	0.01305	0.00630	0.01709	0.00990	0.02609	0.00810	0.00945	0.00630	0.00540	0.00360	0.00180	0.00450	0.00315	0.00360	0.00630
21	0.00733	0.00580	0.00662	0.00685	0.00837	0.00510	0.00510	0.00904	0.01352	0.01715	0.18954	0.18489	0.44794	0.01487	0.00704	0.00205	0.00313	0.05506	0.00559	0.00502
22	0.00831	0.00623	0.00935	0.00935	0.01038	0.00727	0.00727	0.01038	0.00935	0.01350	0.01558	0.02285	0.01454	0.04361	0.77259	0.00935	0.01558	0.00623	0.00312	0.00519
23	0.00722	0.00585	0.00641	0.00639	0.00810	0.00504	0.00475	0.00898	0.01390	0.01752	0.22870	0.10314	0.53513	0.01427	0.00691	0.00196	0.00293	0.01213	0.00565	0.00504
24	0.00742	0.00531	0.00697	0.00818	0.00867	0.00501	0.00567	0.00857	0.01128	0.01492	0.03203	0.63183	0.06484	0.07094	0.00898	0.00260	0.00373	0.09307	0.00527	0.00472
25	0.02181	0.02506	0.01671	0.01461	0.01799	0.59699	0.01119	0.18980	0.01900	0.01944	0.01014	0.01129	0.00805	0.00622	0.00538	0.00156	0.00954	0.00409	0.00365	0.00747
26	0.01466	0.01359	0.02029	0.08004	0.49845	0.04231	0.01520	0.02007	0.13141	0.04130	0.01319	0.01552	0.01054	0.00570	0.00569	0.00173	0.00653	0.00527	0.00351	0.05501
27	0.01681	0.03604	0.12991	0.10515	0.16199	0.10007	0.05840	0.24294	0.05148	0.02349	0.01209	0.01393	0.00912	0.00606	0.00572	0.00176	0.00755	0.00502	0.00384	0.00862
28	0.00773	0.00602	0.00708	0.00709	0.00875	0.00537	0.00550	0.00985	0.01449	0.01884	0.32036	0.05252	0.39071	0.01383	0.00703	0.00201	0.00320	0.10864	0.00577	0.00519
29	0.00706	0.00539	0.00649	0.00728	0.00824	0.00482	0.00506	0.00832	0.01213	0.01554	0.07485	0.49745	0.29306	0.01669	0.00720	0.00220	0.00319	0.01475	0.00544	0.00482
30	0.04388	0.29798	0.02124	0.06542	0.03202	0.35689	0.01092	0.03448	0.01445	0.05981	0.00970	0.01108	0.00795	0.00568	0.00475	0.00147	0.00813	0.00378	0.00311	0.00726
31	0.01114	0.05628	0.01383	0.26198	0.02047	0.01136	0.01025	0.07568	0.01204	0.01613	0.01615	0.17163	0.01647	0.13123	0.04568	0.00292	0.09134	0.00784	0.02167	0.00594
32	0.00687	0.00589	0.00589	0.00589	0.00785	0.00491	0.00442	0.00835	0.01325	0.01571	0.05891	0.05596	0.75700	0.01473	0.00687	0.00196	0.00295	0.01227	0.00540	0.00491

[dist]
# distance from previous block
# <min> <max>
0	1

[block]
# block no. 7 follows, 40 sequences, length 26
# corresponding to MSA columns:
# 2045-2070
name=unknown_H
#
# <colnr> <probs for GDERKNQSTAVLIFYWHMCP>
#	G	D	E	R	K	N	Q	S	T	A	V	L	I	F	Y	W	H	M	C	P
0	0.01218	0.01202	0.06045	0.01048	0.01593	0.00871	0.07131	0.01522	0.01222	0.01889	0.01047	0.01239	0.00855	0.00443	0.00460	0.00102	0.00505	0.00379	0.00334	0.70896
1	0.01232	0.07550	0.05629	0.01561	0.12693	0.10937	0.06415	0.01459	0.01263	0.02834	0.03050	0.29426	0.02133	0.01103	0.00717	0.00202	0.05414	0.05325	0.00400	0.00656
2	0.08392	0.01296	0.07890	0.37508	0.15668	0.01288	0.08064	0.03814	0.01260	0.01792	0.01399	0.01741	0.06196	0.00624	0.00576	0.00188	0.00719	0.00559	0.00305	0.00721
3	0.01909	0.02081	0.01704	0.01412	0.01794	0.43522	0.07624	0.05461	0.01564	0.07061	0.01073	0.01217	0.00846	0.00578	0.00560	0.00147	0.02730	0.00422	0.00351	0.17945
4	0.01215	0.00964	0.01082	0.00984	0.01228	0.01063	0.00761	0.05386	0.37941	0.02358	0.25069	0.02821	0.02852	0.01163	0.06225	0.00241	0.00477	0.00763	0.06658	0.00750
5	0.02211	0.01629	0.01745	0.01338	0.01803	0.01803	0.01105	0.73997	0.02734	0.03665	0.01396	0.01396	0.00989	0.00698	0.00582	0.00175	0.00640	0.00524	0.00582	0.00989
6	0.00695	0.00558	0.00621	0.00672	0.00807	0.00484	0.00478	0.00825	0.01246	0.01539	0.04887	0.33096	0.48848	0.01603	0.00708	0.00211	0.00311	0.01386	0.00540	0.00484
7	0.01166	0.03008	0.76550	0.01657	0.02517	0.01351	0.02149	0.01842	0.01228	0.01842	0.01044	0.01228	0.00737	0.00552	0.00552	0.00184	0.00859	0.00430	0.00246	0.00859
8	0.01367	0.01308	0.02231	0.19288	0.60779	0.01363	0.01749	0.01722	0.01290	0.01813	0.01081	0.01463	0.00890	0.00531	0.00577	0.00177	0.00709	0.00518	0.00282	0.00863
9	0.01281	0.14746	0.41189	0.01525	0.02153	0.06892	0.09965	0.01750	0.01226	0.01665	0.01090	0.01409	0.00877	0.04245	0.07328	0.00255	0.00897	0.00471	0.00266	0.00768
10	0.00719	0.00577	0.00628	0.00640	0.00793	0.00501	0.00462	0.00866	0.01305	0.01626	0.14336	0.14860	0.51822	0.07203	0.00861	0.00227	0.00317	0.01232	0.00539	0.00486
11	0.00846	0.00564	0.00634	0.00634	0.00634	0.00564	0.00352	0.00846	0.00846	0.01128	0.01832	0.03805	0.02114	0.79563	0.02960	0.00564	0.00564	0.00846	0.00352	0.00352
12	0.01206	0.01034	0.01206	0.00861	0.01378	0.00775	0.00689	0.01464	0.01206	0.01895	0.01034	0.01206	0.00861	0.00431	0.00431	0.00086	0.00431	0.00345	0.00345	0.83118
13	0.01396	0.01389	0.02239	0.07290	0.37272	0.04961	0.16418	0.04067	0.07797	0.01915	0.01654	0.01894	0.07769	0.00636	0.00608	0.00182	0.00715	0.00623	0.00346	0.00827
14	0.00801	0.00582	0.00766	0.00865	0.00952	0.00565	0.00657	0.00961	0.01177	0.01539	0.03240	0.35297	0.11610	0.08181	0.06542	0.00320	0.00505	0.24445	0.00507	0.00489
15	0.02076	0.00860	0.01154	0.00937	0.01284	0.00756	0.00753	0.02303	0.01594	0.53846	0.14658	0.08045	0.02299	0.00877	0.00602	0.00182	0.00432	0.00739	0.05753	0.00850
16	0.01819	0.03562	0.05059	0.06923	0.15439	0.15190	0.05742	0.17309	0.07053	0.11008	0.01426	0.01668	0.01097	0.00660	0.00580	0.00177	0.00728	0.03277	0.00431	0.00850
17	0.01246	0.14987	0.28222	0.10179	0.04361	0.01370	0.01447	0.08142	0.01331	0.01815	0.01426	0.08080	0.01303	0.01032	0.06187	0.00240	0.00765	0.06786	0.00333	0.00745
18	0.25182	0.01947	0.01595	0.03182	0.13453	0.36579	0.03250	0.01993	0.01359	0.01850	0.00910	0.01116	0.00747	0.00584	0.00551	0.00169	0.04120	0.00398	0.00312	0.00702
19	0.01348	0.01190	0.01488	0.11406	0.08274	0.07276	0.05555	0.11740	0.10394	0.02083	0.05707	0.05486	0.05177	0.00950	0.00641	0.00201	0.00615	0.16233	0.03520	0.00716
20	0.00916	0.00686	0.00838	0.00892	0.00999	0.00696	0.00630	0.06472	0.10540	0.01799	0.06021	0.60635	0.03445	0.01583	0.00709	0.00225	0.00372	0.01420	0.00554	0.00570
21	0.00850	0.00636	0.00910	0.00900	0.00981	0.00735	0.00677	0.01016	0.00916	0.01310	0.01580	0.02531	0.01552	0.18286	0.60589	0.00840	0.04221	0.00660	0.00317	0.00492
22	0.01042	0.00620	0.00651	0.00626	0.00740	0.00624	0.00434	0.05620	0.01192	0.01858	0.02137	0.02935	0.07112	0.27888	0.01317	0.00290	0.00396	0.00696	0.43322	0.00501
23	0.01021	0.00873	0.01086	0.01031	0.01122	0.05318	0.00791	0.03549	0.01029	0.01419	0.01536	0.07753	0.01542	0.13256	0.42257	0.00650	0.14206	0.00690	0.00332	0.00538
24	0.01308	0.01308	0.04266	0.09216	0.37297	0.01228	0.10116	0.01654	0.01285	0.01848	0.03327	0.01560	0.02297	0.00554	0.00603	0.00163	0.02961	0.00526	0.00310	0.18172
25	0.00737	0.00518	0.00666	0.00774	0.00800	0.00491	0.00501	0.00817	0.01058	0.01411	0.02923	0.63686	0.03490	0.17805	0.01198	0.00304	0.00384	0.01487	0.00501	0.00448

[dist]
# distance from previous block
# <min> <max>
0	4

[block]
# block no. 8 follows, 40 sequences, length 27
# corresponding to MSA columns:
# 2196-2222
name=unknown_I
#
# <colnr> <probs for GDERKNQSTAVLIFYWHMCP>
#	G	D	E	R	K	N	Q	S	T	A	V	L	I	F	Y	W	H	M	C	P
0	0.01743	0.13536	0.08615	0.01465	0.07473	0.33054	0.01159	0.05219	0.08012	0.03910	0.01475	0.01557	0.06355	0.00657	0.00528	0.00158	0.00779	0.00480	0.00356	0.03469
1	0.43351	0.05778	0.01451	0.01462	0.14641	0.18567	0.00983	0.04386	0.01269	0.02185	0.00901	0.01071	0.00727	0.00553	0.00444	0.00169	0.00644	0.00372	0.00335	0.00710
2	0.00795	0.00575	0.00716	0.00737	0.00802	0.00583	0.00499	0.00891	0.00987	0.01314	0.02605	0.15496	0.13671	0.34511	0.22693	0.00557	0.00760	0.00971	0.00400	0.00439
3	0.01010	0.00505	0.00758	0.00758	0.00758	0.00505	0.00505	0.00758	0.00758	0.01010	0.01010	0.01768	0.01010	0.02020	0.02273	0.83081	0.00505	0.00505	0.00253	0.00253
4	0.02541	0.01098	0.01417	0.01086	0.01539	0.01016	0.00897	0.14908	0.01846	0.64008	0.02142	0.01880	0.01363	0.00716	0.00584	0.00179	0.00519	0.00574	0.00696	0.00990
5	0.01555	0.79913	0.03047	0.00995	0.01493	0.02301	0.00995	0.01741	0.01182	0.01368	0.00808	0.00933	0.00746	0.00498	0.00373	0.00124	0.00622	0.00311	0.00249	0.00746
6	0.00706	0.00590	0.00615	0.00609	0.00797	0.00499	0.00456	0.00871	0.01369	0.01675	0.15431	0.05425	0.66095	0.01434	0.00687	0.00195	0.00292	0.01203	0.00554	0.00499
7	0.83671	0.01125	0.00855	0.00765	0.01125	0.01305	0.00630	0.01709	0.00990	0.02609	0.00810	0.00945	0.00630	0.00540	0.00360	0.00180	0.00450	0.00315	0.00360	0.00630
8	0.01421	0.01430	0.02155	0.06376	0.43760	0.07615	0.10210	0.01900	0.09548	0.01871	0.01577	0.01813	0.06447	0.00624	0.00595	0.00179	0.00705	0.00594	0.00340	0.00839
9	0.01206	0.01034	0.01206	0.00861	0.01378	0.00775	0.00689	0.01464	0.01206	0.01895	0.01034	0.01206	0.00861	0.00431	0.00431	0.00086	0.00431	0.00345	0.00345	0.83118
10	0.01468	0.01132	0.01595	0.04314	0.21765	0.01164	0.04056	0.16926	0.05889	0.07642	0.03396	0.16226	0.04991	0.00920	0.00622	0.00191	0.00557	0.03003	0.03350	0.00792
11	0.06285	0.65631	0.12187	0.01065	0.01600	0.02123	0.01119	0.01752	0.01176	0.01500	0.00838	0.00971	0.00738	0.00507	0.00395	0.00135	0.00642	0.00326	0.00255	0.00754
12	0.00841	0.00582	0.00726	0.00726	0.00758	0.00614	0.00467	0.00905	0.00873	0.01196	0.01748	0.03340	0.01912	0.56527	0.25719	0.00677	0.00868	0.00777	0.00340	0.00403
13	0.00707	0.00514	0.00667	0.00789	0.00838	0.00474	0.00531	0.00812	0.01133	0.01493	0.03455	0.72332	0.10537	0.01789	0.00737	0.00232	0.00333	0.01614	0.00540	0.00474
14	0.01313	0.03918	0.04277	0.15496	0.41080	0.05690	0.03479	0.01632	0.01263	0.01707	0.01272	0.07919	0.01155	0.00922	0.06178	0.00235	0.00771	0.00606	0.00304	0.00782
15	0.74267	0.01109	0.00912	0.00796	0.01166	0.01252	0.00656	0.01840	0.01068	0.11162	0.00982	0.01065	0.00724	0.00561	0.00386	0.00180	0.00455	0.00346	0.00402	0.00672
16	0.01384	0.01404	0.02691	0.02016	0.02498	0.01375	0.49077	0.07870	0.09266	0.02054	0.01608	0.02371	0.01358	0.00708	0.00685	0.00205	0.00830	0.11435	0.00386	0.00778
17	0.01767	0.01560	0.09197	0.04226	0.08192	0.05768	0.15134	0.15013	0.06617	0.17003	0.01479	0.01607	0.01073	0.00819	0.04306	0.00221	0.04152	0.00562	0.00444	0.00860
18	0.00709	0.00506	0.00675	0.00810	0.00843	0.00472	0.00540	0.00810	0.01113	0.01484	0.03205	0.79184	0.03846	0.01822	0.00742	0.00236	0.00337	0.01653	0.00540	0.00472
19	0.00922	0.00739	0.01038	0.00988	0.01049	0.00901	0.00755	0.01069	0.00907	0.01312	0.01459	0.02409	0.01458	0.19793	0.46397	0.00720	0.16621	0.00648	0.00309	0.00507
20	0.00752	0.00543	0.00720	0.00846	0.00910	0.00512	0.00611	0.00888	0.01171	0.01540	0.03352	0.60379	0.08335	0.01758	0.00751	0.00240	0.00373	0.15295	0.00539	0.00486
21	0.01528	0.12840	0.25473	0.01840	0.14610	0.06918	0.06394	0.12274	0.08843	0.02077	0.01201	0.01351	0.00920	0.00583	0.00547	0.00172	0.00748	0.00478	0.00343	0.00861
22	0.09326	0.12559	0.01522	0.01080	0.01370	0.09946	0.00878	0.10307	0.01403	0.15534	0.01475	0.06603	0.01280	0.07676	0.09069	0.00291	0.07962	0.00576	0.00425	0.00716
23	0.00900	0.04465	0.00938	0.04893	0.01122	0.03993	0.00674	0.01046	0.01174	0.01533	0.06845	0.44475	0.03139	0.09726	0.00931	0.00254	0.00451	0.09078	0.00478	0.03885
