[name]
unknown

[dist]
# distance from previous block
# <min> <max>
0	39

[block]
# block no. 0 follows, 43 sequences, length 46
# corresponding to MSA columns:
# 281-301,307-331
name=unknown_A
#
# <colnr> <probs for GDERKNQSTAVLIFYWHMCP>
#	G	D	E	R	K	N	Q	S	T	A	V	L	I	F	Y	W	H	M	C	P
0	0.01147	0.00898	0.01146	0.10264	0.04207	0.00974	0.00913	0.14203	0.12544	0.01980	0.02293	0.25400	0.02343	0.01172	0.00649	0.00209	0.00494	0.18028	0.00487	0.00647
1	0.23624	0.01432	0.01344	0.10018	0.06236	0.16835	0.00965	0.16014	0.01534	0.08117	0.07745	0.01459	0.01189	0.00626	0.00496	0.00166	0.00616	0.00465	0.00407	0.00713
2	0.20717	0.00901	0.00957	0.00760	0.01130	0.00800	0.00604	0.01348	0.01186	0.02025	0.15460	0.01904	0.06192	0.00630	0.00455	0.00127	0.00379	0.00499	0.00396	0.43531
3	0.00736	0.00572	0.00715	0.00701	0.00844	0.00552	0.00533	0.00931	0.01248	0.01662	0.26788	0.04019	0.31932	0.02133	0.23692	0.00391	0.00631	0.00946	0.00480	0.00493
4	0.00851	0.00637	0.00798	0.00746	0.00897	0.00620	0.00563	0.01261	0.10031	0.02232	0.68323	0.03902	0.04824	0.01089	0.00643	0.00176	0.00281	0.00959	0.00604	0.00563
5	0.07726	0.01432	0.01274	0.01149	0.01460	0.14708	0.00889	0.02718	0.57527	0.02163	0.01901	0.01794	0.01439	0.00702	0.00536	0.00179	0.00535	0.00555	0.00499	0.00815
6	0.39384	0.01179	0.01103	0.00943	0.01288	0.01343	0.00762	0.19071	0.20206	0.02651	0.01336	0.01363	0.01003	0.00617	0.00450	0.00172	0.00463	0.00441	0.05481	0.00744
7	0.17465	0.01242	0.01318	0.01074	0.01461	0.01356	0.00873	0.27618	0.21518	0.17947	0.01642	0.01556	0.01162	0.00664	0.00517	0.00174	0.00502	0.00507	0.00543	0.00860
8	0.02128	0.01433	0.01582	0.01211	0.01654	0.01536	0.00999	0.60862	0.02386	0.15117	0.01451	0.01410	0.01005	0.00658	0.00549	0.00164	0.00580	0.00501	0.00566	0.04210
9	0.01059	0.00631	0.00808	0.00726	0.00917	0.00565	0.00558	0.01294	0.01524	0.15158	0.53058	0.03927	0.15421	0.01096	0.00637	0.00176	0.00301	0.00950	0.00608	0.00587
10	0.00684	0.00542	0.00615	0.00639	0.00777	0.00473	0.00463	0.00836	0.01269	0.01611	0.18242	0.23898	0.45123	0.01436	0.00667	0.00194	0.00287	0.01239	0.00532	0.00473
11	0.43820	0.01007	0.01048	0.00856	0.01241	0.01030	0.00706	0.02159	0.01261	0.39652	0.01472	0.01388	0.00982	0.00599	0.00449	0.00171	0.00450	0.00427	0.00513	0.00770
12	0.00701	0.00543	0.00646	0.00716	0.00834	0.00488	0.00533	0.00843	0.01187	0.01491	0.04193	0.34215	0.36779	0.01551	0.00693	0.00213	0.00333	0.13060	0.00514	0.00468
13	0.01401	0.01283	0.02038	0.02914	0.61043	0.01314	0.01524	0.01957	0.15155	0.03903	0.01297	0.01513	0.01041	0.00546	0.00551	0.00169	0.00612	0.00520	0.00339	0.00879
14	0.00794	0.00584	0.00842	0.00842	0.00924	0.00666	0.00632	0.00958	0.00876	0.01250	0.01528	0.02421	0.01491	0.17089	0.65552	0.00830	0.01323	0.00629	0.00303	0.00468
15	0.01512	0.11486	0.02089	0.14493	0.34709	0.21287	0.03388	0.01784	0.01301	0.01566	0.00953	0.01235	0.00791	0.00520	0.00515	0.00157	0.00758	0.00438	0.00268	0.00751
16	0.15516	0.32827	0.13692	0.01128	0.01543	0.12914	0.01094	0.01691	0.01129	0.01583	0.00839	0.01029	0.00717	0.00686	0.03363	0.00180	0.08773	0.00353	0.00264	0.00680
17	0.84448	0.01071	0.00814	0.00728	0.01071	0.01242	0.00600	0.01628	0.00943	0.02485	0.00771	0.00900	0.00600	0.00514	0.00343	0.00171	0.00428	0.00300	0.00343	0.00600
18	0.00716	0.00563	0.00647	0.00626	0.00786	0.00494	0.00470	0.00915	0.01409	0.01843	0.39678	0.04759	0.42572	0.01273	0.00654	0.00181	0.00271	0.01089	0.00560	0.00494
19	0.00758	0.00545	0.00735	0.00859	0.00933	0.00523	0.00656	0.00917	0.01151	0.01511	0.03106	0.48874	0.06327	0.01643	0.00727	0.00235	0.00392	0.29124	0.00513	0.00474
20	0.00740	0.00559	0.00698	0.00785	0.00899	0.00517	0.00608	0.00903	0.01197	0.01521	0.03844	0.31549	0.27288	0.01560	0.00709	0.00222	0.00370	0.25045	0.00513	0.00475
21	0.01527	0.00738	0.00966	0.00829	0.01100	0.00652	0.00665	0.01748	0.01506	0.35427	0.27090	0.03485	0.14286	0.01006	0.00619	0.00181	0.00377	0.06476	0.00621	0.00699
22	0.02356	0.01031	0.01325	0.01029	0.01450	0.00960	0.00846	0.10911	0.07513	0.63245	0.02094	0.01836	0.01347	0.00688	0.00557	0.00172	0.00484	0.00556	0.00661	0.00937
23	0.01598	0.65963	0.02669	0.01009	0.01477	0.02102	0.00967	0.15486	0.01403	0.01714	0.00875	0.00971	0.00754	0.00510	0.00393	0.00127	0.00596	0.00334	0.00297	0.00754
24	0.01319	0.01168	0.01447	0.09001	0.14367	0.01281	0.01054	0.02412	0.47815	0.02087	0.01785	0.01789	0.01364	0.00650	0.00543	0.00172	0.00501	0.00557	0.00458	0.10232
25	0.01184	0.01031	0.01675	0.02216	0.39183	0.01024	0.05653	0.01534	0.06789	0.04669	0.01836	0.27094	0.01861	0.00923	0.00608	0.00188	0.00541	0.00867	0.00390	0.00733
26	0.01686	0.00750	0.01010	0.00862	0.01132	0.00669	0.00674	0.01846	0.01382	0.42339	0.10936	0.13770	0.08238	0.01199	0.04210	0.06746	0.00456	0.00800	0.00586	0.00710
27	0.01839	0.01294	0.01377	0.01086	0.01451	0.01419	0.00887	0.56868	0.02246	0.03136	0.01448	0.01512	0.01061	0.00660	0.00513	0.00157	0.00522	0.00503	0.21184	0.00836
28	0.00857	0.00638	0.00908	0.00899	0.01011	0.00726	0.00693	0.05451	0.01014	0.01434	0.01659	0.11301	0.01626	0.03658	0.64507	0.00768	0.01294	0.00703	0.00338	0.00516
29	0.84448	0.01071	0.00814	0.00728	0.01071	0.01242	0.00600	0.01628	0.00943	0.02485	0.00771	0.00900	0.00600	0.00514	0.00343	0.00171	0.00428	0.00300	0.00343	0.00600
30	0.01558	0.01279	0.01643	0.39235	0.02727	0.02771	0.01282	0.35031	0.04905	0.02394	0.01192	0.01426	0.00870	0.00613	0.00553	0.00176	0.00672	0.00498	0.00400	0.00775
31	0.01040	0.00782	0.01093	0.01069	0.01247	0.00825	0.04172	0.11152	0.01346	0.01803	0.02256	0.07227	0.02320	0.02067	0.21245	0.00407	0.00792	0.38135	0.00449	0.00573
32	0.01773	0.01026	0.01404	0.01447	0.15563	0.01015	0.00977	0.06556	0.09792	0.33864	0.07659	0.02291	0.06180	0.00778	0.00634	0.00179	0.04029	0.03457	0.00544	0.00831
33	0.01135	0.01040	0.01731	0.36871	0.30027	0.01150	0.01476	0.01469	0.01195	0.01604	0.01371	0.02335	0.01249	0.00715	0.00591	0.00190	0.00666	0.14186	0.00306	0.00691
34	0.00940	0.00781	0.00759	0.00745	0.00800	0.09336	0.00482	0.01003	0.00972	0.01234	0.07576	0.06237	0.02111	0.53136	0.11187	0.00493	0.00670	0.00776	0.00354	0.00408
35	0.07598	0.01248	0.01990	0.07899	0.15080	0.01292	0.20701	0.13239	0.03966	0.02065	0.01331	0.01947	0.01136	0.00664	0.00630	0.00182	0.03804	0.09088	0.00362	0.05777
36	0.17417	0.17624	0.03537	0.01164	0.01503	0.43418	0.00951	0.01940	0.01336	0.01600	0.00869	0.01010	0.00723	0.00543	0.00437	0.00144	0.00774	0.00343	0.04021	0.00646
37	0.01022	0.00765	0.01101	0.00938	0.01169	0.00733	0.09042	0.01402	0.08704	0.08349	0.35679	0.03524	0.17235	0.01255	0.06356	0.00232	0.00466	0.00889	0.00533	0.00606
38	0.01477	0.01758	0.21735	0.01641	0.07903	0.01354	0.14798	0.25585	0.01662	0.02319	0.01211	0.04429	0.00950	0.00593	0.00554	0.00165	0.00693	0.00526	0.00371	0.10275
39	0.01046	0.00984	0.01661	0.79205	0.03814	0.01230	0.01538	0.01415	0.01107	0.01415	0.00984	0.01477	0.00738	0.00554	0.00554	0.00185	0.00738	0.00492	0.00246	0.00615
40	0.00741	0.00542	0.00616	0.00638	0.00714	0.00505	0.00422	0.00825	0.01050	0.01348	0.07722	0.15896	0.25653	0.36181	0.01617	0.00348	0.00407	0.03920	0.00441	0.00412
41	0.01020	0.05907	0.09926	0.01138	0.01344	0.01051	0.10051	0.01208	0.00989	0.01359	0.01572	0.02728	0.04399	0.32867	0.01719	0.00338	0.15453	0.06084	0.00314	0.00532
42	0.04529	0.01290	0.04837	0.04763	0.26250	0.04202	0.11760	0.07509	0.08021	0.03935	0.15425	0.01942	0.01749	0.00658	0.00575	0.00172	0.00609	0.00609	0.00396	0.00767
43	0.00694	0.00539	0.00632	0.00658	0.00785	0.00477	0.00475	0.00853	0.01282	0.01660	0.23321	0.27166	0.36615	0.01431	0.00670	0.00195	0.00288	0.01245	0.00539	0.00477
44	0.33807	0.04714	0.01360	0.03868	0.01530	0.20678	0.00895	0.23080	0.01593	0.02409	0.00962	0.01069	0.00736	0.00572	0.00451	0.00161	0.00641	0.00378	0.00382	0.00714
45	0.10665	0.01822	0.01499	0.01388	0.07556	0.32353	0.01012	0.20901	0.03345	0.07820	0.01141	0.01224	0.00865	0.00592	0.00501	0.00154	0.00722	0.00422	0.02436	0.03583

[dist]
# distance from previous block
# <min> <max>
1	49

[block]
# block no. 1 follows, 43 sequences, length 31
# corresponding to MSA columns:
# 381-411
name=unknown_B
#
# <colnr> <probs for GDERKNQSTAVLIFYWHMCP>
#	G	D	E	R	K	N	Q	S	T	A	V	L	I	F	Y	W	H	M	C	P
0	0.01617	0.01192	0.01292	0.01106	0.01447	0.01330	0.00876	0.15625	0.50771	0.11163	0.02060	0.01915	0.01508	0.00723	0.00552	0.00179	0.00463	0.00590	0.04712	0.00878
1	0.01016	0.00610	0.00777	0.00733	0.00904	0.00546	0.00550	0.01216	0.01415	0.14211	0.37122	0.18840	0.17463	0.01227	0.00648	0.00186	0.00311	0.01072	0.00586	0.00567
2	0.00771	0.00569	0.00686	0.00731	0.00834	0.00535	0.00548	0.00912	0.01153	0.01480	0.08954	0.12431	0.24695	0.21548	0.01240	0.00298	0.00412	0.21279	0.00475	0.00448
3	0.10321	0.00970	0.01078	0.00883	0.01196	0.00996	0.00713	0.21843	0.01681	0.21800	0.09012	0.01900	0.01565	0.00695	0.00498	0.00159	0.00426	0.00547	0.22966	0.00751
4	0.01413	0.01050	0.01123	0.00962	0.01210	0.01159	0.00729	0.25289	0.23475	0.02318	0.01768	0.02266	0.01512	0.23012	0.01172	0.00272	0.00501	0.00624	0.09438	0.00707
5	0.01853	0.01426	0.01520	0.01223	0.01621	0.01600	0.00992	0.50151	0.28099	0.03083	0.01650	0.01585	0.01202	0.00695	0.00557	0.00174	0.00550	0.00543	0.00557	0.00919
6	0.84448	0.01071	0.00814	0.00728	0.01071	0.01242	0.00600	0.01628	0.00943	0.02485	0.00771	0.00900	0.00600	0.00514	0.00343	0.00171	0.00428	0.00300	0.00343	0.00600
7	0.01242	0.30551	0.51130	0.01355	0.02051	0.01607	0.01656	0.01720	0.01154	0.01594	0.00914	0.01070	0.00705	0.00508	0.00466	0.00155	0.00738	0.00369	0.00235	0.00780
8	0.00970	0.00595	0.00815	0.00809	0.00920	0.00601	0.00591	0.01120	0.01077	0.10842	0.09279	0.24335	0.02478	0.13633	0.28767	0.00496	0.00781	0.00932	0.00441	0.00518
9	0.04116	0.01207	0.01437	0.01104	0.01537	0.01211	0.00912	0.33835	0.02009	0.44047	0.01787	0.01625	0.01170	0.00673	0.00551	0.00169	0.00530	0.00526	0.00622	0.00935
10	0.01481	0.80869	0.02902	0.00948	0.01421	0.02191	0.00948	0.01658	0.01125	0.01303	0.00770	0.00888	0.00711	0.00474	0.00355	0.00118	0.00592	0.00296	0.00237	0.00711
11	0.01493	0.00991	0.01393	0.01159	0.01314	0.01164	0.04315	0.01646	0.01091	0.22642	0.01394	0.01865	0.01170	0.13771	0.01473	0.00260	0.35357	0.00567	0.06277	0.00656
12	0.01307	0.01494	0.03268	0.02334	0.02894	0.01401	0.75070	0.01774	0.01307	0.01774	0.01120	0.01494	0.00840	0.00467	0.00654	0.00187	0.00934	0.00654	0.00280	0.00747
13	0.00944	0.00786	0.00915	0.00919	0.01022	0.08258	0.00704	0.01092	0.00988	0.01298	0.01607	0.02725	0.01597	0.11226	0.47035	0.06563	0.01136	0.10385	0.00324	0.00477
14	0.00706	0.00520	0.00665	0.00745	0.00826	0.00479	0.00531	0.00848	0.01190	0.01573	0.15000	0.50257	0.15702	0.01571	0.00695	0.00213	0.00320	0.07163	0.00529	0.00469
15	0.01258	0.01512	0.17157	0.01296	0.01646	0.02580	0.05678	0.11982	0.12594	0.01923	0.01939	0.02061	0.13293	0.00934	0.03271	0.00216	0.18941	0.00615	0.00382	0.00721
16	0.01162	0.06134	0.34171	0.26871	0.17699	0.01323	0.01755	0.01629	0.01165	0.01632	0.00988	0.01293	0.00749	0.00526	0.00530	0.00173	0.00749	0.00447	0.00246	0.00759
17	0.01066	0.01115	0.12191	0.08768	0.01653	0.00906	0.08016	0.01539	0.12145	0.06540	0.09275	0.25296	0.04435	0.03627	0.00693	0.00206	0.00519	0.00918	0.00447	0.00645
18	0.00692	0.00496	0.00659	0.00759	0.00807	0.00462	0.00515	0.00816	0.01143	0.01545	0.15033	0.67821	0.03917	0.01637	0.00698	0.00217	0.00312	0.01481	0.00530	0.00462
19	0.01471	0.01716	0.16622	0.01772	0.14990	0.06824	0.09123	0.14440	0.20779	0.02188	0.03549	0.01569	0.01172	0.00616	0.00560	0.00174	0.00666	0.00534	0.00399	0.00836
20	0.01281	0.01446	0.16309	0.32189	0.14226	0.01258	0.06031	0.04902	0.01243	0.07521	0.01154	0.03561	0.00896	0.00604	0.00627	0.00182	0.05008	0.00521	0.00305	0.00737
21	0.01108	0.00824	0.01197	0.01439	0.18769	0.00830	0.00883	0.01468	0.08455	0.08403	0.20268	0.16050	0.02635	0.01506	0.13302	0.00299	0.00599	0.00841	0.00466	0.00659
22	0.01663	0.01324	0.01170	0.01012	0.01268	0.22449	0.00771	0.08924	0.01581	0.19164	0.22141	0.02411	0.02280	0.10396	0.00840	0.00208	0.00582	0.00647	0.00498	0.00670
23	0.01147	0.07163	0.04763	0.04671	0.01424	0.00936	0.08785	0.01386	0.01283	0.11454	0.19817	0.18029	0.07883	0.01023	0.00720	0.00188	0.07360	0.00883	0.00463	0.00622
24	0.01501	0.05002	0.22429	0.11687	0.11979	0.27567	0.01456	0.01964	0.08158	0.01617	0.01059	0.01249	0.00824	0.00559	0.00521	0.00163	0.00806	0.00429	0.00288	0.00741
25	0.01464	0.40220	0.20618	0.01175	0.01660	0.17455	0.01196	0.01735	0.01204	0.01407	0.00911	0.01173	0.00801	0.06167	0.00601	0.00167	0.00727	0.00372	0.00253	0.00696
26	0.00938	0.00642	0.00841	0.00927	0.06217	0.00626	0.00593	0.01134	0.04471	0.06072	0.17760	0.22281	0.03009	0.27071	0.01360	0.00308	0.00426	0.04345	0.00471	0.00509
27	0.01013	0.00681	0.00853	0.00851	0.00984	0.00685	0.00627	0.06451	0.06844	0.07260	0.12426	0.34359	0.03017	0.09288	0.05887	0.00283	0.00465	0.06954	0.00514	0.00559
28	0.01384	0.13416	0.32570	0.01370	0.01843	0.06450	0.01450	0.05372	0.01205	0.06913	0.01006	0.01218	0.00791	0.00762	0.03343	0.00203	0.19241	0.00428	0.00289	0.00746
29	0.09621	0.14249	0.01761	0.04038	0.20218	0.08841	0.01095	0.01714	0.01226	0.09571	0.06420	0.01475	0.01168	0.00640	0.00667	0.00167	0.11452	0.00471	0.04488	0.00718
30	0.04216	0.16954	0.05335	0.04696	0.22772	0.23100	0.01238	0.01976	0.06151	0.06970	0.01084	0.01235	0.00865	0.00546	0.00492	0.00153	0.00717	0.00420	0.00317	0.00763

[dist]
# distance from previous block
# <min> <max>
0	13

[block]
# block no. 2 follows, 43 sequences, length 36
# corresponding to MSA columns:
# 450-485
name=unknown_C
#
# <colnr> <probs for GDERKNQSTAVLIFYWHMCP>
#	G	D	E	R	K	N	Q	S	T	A	V	L	I	F	Y	W	H	M	C	P
0	0.01120	0.00932	0.01049	0.01147	0.08610	0.08171	0.00766	0.07795	0.03800	0.03843	0.14498	0.28089	0.03921	0.07423	0.00810	0.00221	0.00473	0.06265	0.00480	0.00589
1	0.01009	0.00894	0.01360	0.07037	0.18865	0.01016	0.01063	0.01207	0.01069	0.01499	0.01788	0.25728	0.01933	0.01386	0.07551	0.00272	0.17876	0.07484	0.00361	0.00604
2	0.12823	0.18517	0.01693	0.01165	0.02760	0.19943	0.00939	0.12288	0.20851	0.02048	0.01257	0.01291	0.00985	0.00601	0.00473	0.00157	0.00631	0.00428	0.00392	0.00757
3	0.01748	0.01015	0.01232	0.00951	0.01384	0.00903	0.00767	0.03585	0.14923	0.32503	0.01706	0.01616	0.01203	0.00588	0.00500	0.00139	0.00444	0.00478	0.00519	0.33797
4	0.01289	0.01494	0.13132	0.05599	0.39132	0.01342	0.06922	0.04728	0.01259	0.01807	0.05328	0.01487	0.01072	0.00612	0.00746	0.00181	0.12264	0.00521	0.00294	0.00791
5	0.01242	0.01220	0.13285	0.01424	0.05946	0.01000	0.11969	0.01559	0.01185	0.12420	0.01663	0.02591	0.01487	0.03596	0.16740	0.00352	0.06579	0.14692	0.00377	0.00675
6	0.00748	0.00558	0.00791	0.00827	0.00913	0.00601	0.00616	0.00915	0.00989	0.01372	0.05039	0.25357	0.06946	0.03157	0.47728	0.00624	0.01020	0.00933	0.00386	0.00481
7	0.05903	0.01129	0.01456	0.01227	0.01400	0.01376	0.01006	0.12973	0.01290	0.16585	0.01346	0.09467	0.01181	0.00922	0.01185	0.00211	0.39623	0.00603	0.00410	0.00707
8	0.08616	0.01710	0.01473	0.01213	0.01592	0.25050	0.00967	0.29203	0.05064	0.17706	0.01353	0.01338	0.00963	0.00632	0.00522	0.00161	0.00680	0.00457	0.00482	0.00820
9	0.00775	0.00573	0.00832	0.00851	0.00933	0.00645	0.00639	0.00943	0.00909	0.01288	0.01734	0.13742	0.01767	0.09590	0.61212	0.00766	0.01241	0.00754	0.00332	0.00476
10	0.00858	0.00671	0.00796	0.00800	0.00948	0.00672	0.00594	0.01318	0.16517	0.01868	0.25724	0.26030	0.15021	0.01290	0.00656	0.00198	0.00330	0.04592	0.00553	0.00564
11	0.11018	0.01412	0.01516	0.01189	0.01594	0.01568	0.00980	0.53751	0.06456	0.09560	0.01369	0.01368	0.00975	0.00668	0.00585	0.00172	0.03914	0.00489	0.00530	0.00887
12	0.01284	0.01219	0.01630	0.62724	0.03355	0.11469	0.01426	0.03703	0.01236	0.05266	0.01037	0.01429	0.00772	0.00566	0.00547	0.00178	0.00756	0.00478	0.00282	0.00645
13	0.00758	0.00569	0.00701	0.00740	0.00840	0.00542	0.00523	0.01007	0.06487	0.01708	0.24649	0.39683	0.13640	0.04571	0.00758	0.00215	0.00315	0.01258	0.00538	0.00499
14	0.00842	0.00640	0.00828	0.00849	0.00878	0.00705	0.00609	0.00929	0.00960	0.01304	0.02159	0.26492	0.02486	0.32697	0.01721	0.00355	0.12670	0.12037	0.00401	0.00438
15	0.00791	0.00593	0.00890	0.00890	0.00989	0.00692	0.00692	0.00989	0.00890	0.01286	0.01483	0.02176	0.01385	0.04154	0.78341	0.00890	0.01483	0.00593	0.00297	0.00494
16	0.01569	0.01692	0.07768	0.01689	0.06268	0.19880	0.22454	0.06293	0.01431	0.08673	0.06652	0.01570	0.01190	0.00770	0.03961	0.00204	0.06308	0.00547	0.00353	0.00727
17	0.01140	0.01081	0.01832	0.57164	0.25118	0.01255	0.01585	0.01498	0.01152	0.01530	0.01001	0.01446	0.00779	0.00536	0.00552	0.00179	0.00715	0.00493	0.00254	0.00691
18	0.01145	0.01085	0.01840	0.56131	0.26116	0.01256	0.01587	0.01502	0.01154	0.01535	0.01002	0.01444	0.00781	0.00535	0.00552	0.00178	0.00714	0.00493	0.00255	0.00695
19	0.01906	0.01909	0.01462	0.01253	0.01579	0.36708	0.00976	0.26856	0.09542	0.02247	0.01255	0.01328	0.00962	0.00629	0.00513	0.00154	0.00735	0.00448	0.08784	0.00755
20	0.01273	0.01230	0.02137	0.25252	0.51666	0.01296	0.05842	0.01622	0.01219	0.01693	0.01030	0.01408	0.00835	0.00509	0.00556	0.00172	0.00697	0.00502	0.00266	0.00794
21	0.00767	0.00570	0.00707	0.00781	0.00890	0.00536	0.00605	0.00923	0.01167	0.01485	0.03587	0.20913	0.24648	0.11699	0.00985	0.00265	0.00407	0.28113	0.00490	0.00463
22	0.01625	0.54493	0.02506	0.01258	0.07234	0.21920	0.01037	0.01805	0.01251	0.01355	0.00813	0.00954	0.00724	0.00501	0.00407	0.00128	0.00703	0.00327	0.00252	0.00706
23	0.01148	0.00984	0.01148	0.00820	0.01312	0.00738	0.00656	0.01395	0.01148	0.01805	0.00984	0.01148	0.00820	0.00410	0.00410	0.00082	0.00410	0.00328	0.00328	0.83922
24	0.00738	0.00509	0.00682	0.00749	0.00807	0.00488	0.00520	0.00816	0.01064	0.01425	0.10406	0.46144	0.09885	0.01914	0.08717	0.12572	0.00452	0.01219	0.00462	0.00433
25	0.00815	0.00512	0.00668	0.00703	0.00731	0.00509	0.00460	0.00821	0.00915	0.01255	0.05507	0.24574	0.02300	0.25876	0.07581	0.21065	0.00509	0.00923	0.03904	0.00373
26	0.01444	0.02944	0.01189	0.01108	0.01300	0.38263	0.00817	0.05088	0.01434	0.01566	0.09452	0.28877	0.02214	0.01036	0.00588	0.00175	0.00662	0.00852	0.00410	0.00578
27	0.01908	0.07888	0.01792	0.01320	0.01730	0.14454	0.06624	0.38268	0.12240	0.06223	0.01358	0.01380	0.01001	0.00632	0.00538	0.00163	0.00668	0.00491	0.00471	0.00850
28	0.01153	0.00715	0.00845	0.00749	0.00983	0.00658	0.00582	0.04590	0.05750	0.16542	0.27015	0.03928	0.32099	0.01110	0.00626	0.00179	0.00335	0.00938	0.00582	0.00621
29	0.00702	0.00563	0.00627	0.00611	0.00777	0.00488	0.00458	0.00887	0.01375	0.01762	0.31757	0.04892	0.50545	0.01303	0.00654	0.00182	0.00273	0.01107	0.00549	0.00488
30	0.00722	0.00564	0.00655	0.00632	0.00790	0.00496	0.00474	0.00926	0.01422	0.01876	0.42917	0.04705	0.39313	0.01261	0.00654	0.00180	0.00270	0.01081	0.00564	0.00496
31	0.22111	0.00957	0.01141	0.00905	0.01303	0.00902	0.00745	0.02359	0.01417	0.56147	0.01993	0.01797	0.04456	0.00675	0.00510	0.00172	0.00453	0.00522	0.00596	0.00840
32	0.84448	0.01071	0.00814	0.00728	0.01071	0.01242	0.00600	0.01628	0.00943	0.02485	0.00771	0.00900	0.00600	0.00514	0.00343	0.00171	0.00428	0.00300	0.00343	0.00600
33	0.00810	0.00653	0.00888	0.00962	0.05244	0.00696	0.00664	0.00959	0.01067	0.01449	0.08210	0.24869	0.15844	0.07789	0.19009	0.00390	0.08579	0.01003	0.00417	0.00501
34	0.01638	0.01774	0.06264	0.07758	0.05378	0.24736	0.17640	0.13136	0.01568	0.04871	0.01275	0.01786	0.01060	0.00656	0.00579	0.00175	0.00809	0.07812	0.00357	0.00728
35	0.24653	0.08658	0.01654	0.04041	0.13243	0.06835	0.03104	0.24129	0.01601	0.05624	0.01066	0.01187	0.00809	0.00564	0.00476	0.00163	0.00600	0.00421	0.00392	0.00779

[dist]
# distance from previous block
# <min> <max>
2	41

[block]
# block no. 3 follows, 43 sequences, length 102
# corresponding to MSA columns:
# 527-559,561-615,628-641
name=unknown_D
#
# <colnr> <probs for GDERKNQSTAVLIFYWHMCP>
#	G	D	E	R	K	N	Q	S	T	A	V	L	I	F	Y	W	H	M	C	P
0	0.01121	0.00852	0.01092	0.01163	0.09795	0.00841	0.00767	0.14307	0.01334	0.01828	0.01947	0.26699	0.02085	0.11823	0.00993	0.04897	0.00475	0.06313	0.00430	0.11237
1	0.00853	0.00867	0.09671	0.00915	0.01092	0.00747	0.00782	0.01132	0.04012	0.01435	0.08582	0.02473	0.01781	0.15580	0.46819	0.00655	0.01098	0.00646	0.00336	0.00524
2	0.00666	0.00516	0.00608	0.00681	0.00780	0.00457	0.00474	0.00781	0.01147	0.01449	0.04148	0.48132	0.34999	0.01593	0.00684	0.00209	0.00304	0.01401	0.00514	0.00457
3	0.65961	0.01068	0.00914	0.00806	0.01131	0.01230	0.00659	0.09483	0.01115	0.02455	0.00913	0.01093	0.00727	0.00949	0.09332	0.00253	0.00569	0.00355	0.00360	0.00625
4	0.01031	0.00715	0.00883	0.00820	0.00959	0.00760	0.00603	0.09580	0.03000	0.05341	0.02047	0.02855	0.09667	0.27118	0.31551	0.00567	0.00880	0.00710	0.00388	0.00525
5	0.01009	0.00747	0.00890	0.00804	0.00993	0.00752	0.00621	0.10413	0.08735	0.02331	0.52270	0.03630	0.07764	0.01044	0.00626	0.00176	0.00328	0.02688	0.03574	0.00605
6	0.01481	0.80869	0.02902	0.00948	0.01421	0.02191	0.00948	0.01658	0.01125	0.01303	0.00770	0.00888	0.00711	0.00474	0.00355	0.00118	0.00592	0.00296	0.00237	0.00711
7	0.00996	0.00783	0.01200	0.01118	0.01327	0.00769	0.08810	0.01246	0.01191	0.03853	0.02235	0.10298	0.02328	0.01584	0.10411	0.00302	0.03686	0.37297	0.00433	0.10134
8	0.00916	0.00774	0.01066	0.01007	0.01041	0.00961	0.00770	0.01031	0.00892	0.01286	0.01571	0.16929	0.01710	0.16933	0.23200	0.00475	0.27835	0.00782	0.00327	0.00494
9	0.84448	0.01071	0.00814	0.00728	0.01071	0.01242	0.00600	0.01628	0.00943	0.02485	0.00771	0.00900	0.00600	0.00514	0.00343	0.00171	0.00428	0.00300	0.00343	0.00600
10	0.01378	0.01190	0.01252	0.01127	0.01440	0.01378	0.00877	0.02943	0.76081	0.02317	0.02254	0.02066	0.01691	0.00751	0.00564	0.00188	0.00438	0.00626	0.00564	0.00877
11	0.01243	0.01159	0.01797	0.10649	0.14188	0.07558	0.19408	0.01491	0.01175	0.05730	0.01462	0.10369	0.01401	0.17413	0.01084	0.00257	0.01940	0.00707	0.00334	0.00635
12	0.00800	0.00559	0.00715	0.00715	0.00754	0.00597	0.00474	0.00877	0.00838	0.01156	0.01643	0.03060	0.01769	0.50807	0.32214	0.00674	0.00905	0.00723	0.00320	0.00397
13	0.01289	0.10513	0.17255	0.01028	0.01408	0.01195	0.00984	0.06855	0.21383	0.04431	0.01611	0.01855	0.01291	0.09238	0.00739	0.00201	0.00523	0.00529	0.16950	0.00722
14	0.09185	0.33621	0.34226	0.01197	0.01801	0.01603	0.01369	0.01784	0.01166	0.08029	0.00984	0.01092	0.00752	0.00518	0.00444	0.00152	0.00662	0.00366	0.00283	0.00766
15	0.01489	0.69636	0.04404	0.01114	0.03431	0.05664	0.04686	0.01693	0.01159	0.01351	0.00803	0.00942	0.00721	0.00480	0.00385	0.00125	0.00635	0.00324	0.00242	0.00716
16	0.00785	0.00566	0.00740	0.00734	0.00807	0.00595	0.00517	0.00914	0.00978	0.01349	0.12042	0.03211	0.07762	0.31781	0.34152	0.00611	0.00879	0.00770	0.00369	0.00438
17	0.00750	0.00580	0.00694	0.00710	0.00866	0.00524	0.00562	0.00954	0.01359	0.01757	0.26852	0.05178	0.37626	0.01349	0.00680	0.00199	0.00328	0.17995	0.00543	0.00494
18	0.10730	0.01015	0.01170	0.00984	0.01331	0.01047	0.00787	0.02520	0.29918	0.33591	0.09143	0.02062	0.01776	0.00735	0.00546	0.00178	0.00434	0.00598	0.00595	0.00841
19	0.01540	0.01270	0.01344	0.01160	0.01502	0.01453	0.00916	0.19041	0.59719	0.02578	0.02048	0.01902	0.01524	0.00732	0.00561	0.00183	0.00476	0.00598	0.00561	0.00891
20	0.84448	0.01071	0.00814	0.00728	0.01071	0.01242	0.00600	0.01628	0.00943	0.02485	0.00771	0.00900	0.00600	0.00514	0.00343	0.00171	0.00428	0.00300	0.00343	0.00600
21	0.00919	0.00668	0.00879	0.00903	0.01017	0.00707	0.00694	0.08941	0.01200	0.01625	0.02262	0.26764	0.02446	0.07702	0.25159	0.00454	0.00770	0.15932	0.00437	0.00521
22	0.45043	0.01075	0.01081	0.00883	0.01268	0.01134	0.00728	0.09956	0.01361	0.30527	0.01358	0.01313	0.00924	0.00594	0.00445	0.00171	0.00464	0.00417	0.00493	0.00764
23	0.10102	0.01276	0.10424	0.46741	0.17937	0.01255	0.01528	0.01534	0.01127	0.01648	0.00974	0.01358	0.00747	0.00534	0.00527	0.00178	0.00698	0.00462	0.00261	0.00689
24	0.00791	0.00593	0.00890	0.00890	0.00989	0.00692	0.00692	0.00989	0.00890	0.01286	0.01483	0.02176	0.01385	0.04154	0.78341	0.00890	0.01483	0.00593	0.00297	0.00494
25	0.00789	0.00537	0.00639	0.00654	0.00668	0.00544	0.00395	0.00821	0.00844	0.01136	0.01867	0.12269	0.02135	0.63249	0.10711	0.00539	0.00614	0.00871	0.00352	0.00366
26	0.11314	0.00956	0.01234	0.00958	0.01377	0.00860	0.00791	0.02584	0.01516	0.69388	0.02033	0.01779	0.01288	0.00667	0.00534	0.00171	0.00467	0.00529	0.00649	0.00906
27	0.00683	0.00537	0.00617	0.00650	0.00779	0.00471	0.00468	0.00831	0.01252	0.01595	0.17073	0.28563	0.41593	0.01460	0.00671	0.00197	0.00290	0.01267	0.00531	0.00471
28	0.22619	0.01198	0.01185	0.01041	0.01376	0.01380	0.00825	0.10395	0.49024	0.02486	0.01777	0.01690	0.01332	0.00682	0.00506	0.00181	0.00454	0.00529	0.00506	0.00813
29	0.00767	0.00589	0.00736	0.00763	0.00900	0.00509	0.00534	0.00897	0.01095	0.01499	0.02862	0.57977	0.09425	0.01443	0.00643	0.00193	0.00335	0.01291	0.00477	0.17064
30	0.00718	0.00523	0.00686	0.00801	0.00869	0.00491	0.00583	0.00853	0.01127	0.01474	0.03303	0.56632	0.11448	0.01656	0.00713	0.00227	0.00356	0.16561	0.00513	0.00464
31	0.01046	0.00984	0.01661	0.79205	0.03814	0.01230	0.01538	0.01415	0.01107	0.01415	0.00984	0.01477	0.00738	0.00554	0.00554	0.00185	0.00738	0.00492	0.00246	0.00615
32	0.01518	0.23880	0.24248	0.01475	0.02015	0.20297	0.13408	0.01870	0.01290	0.03778	0.00955	0.01125	0.00749	0.00518	0.00495	0.00154	0.00809	0.00410	0.00268	0.00738
33	0.01207	0.01480	0.14298	0.16217	0.22740	0.02706	0.06949	0.01545	0.01109	0.01577	0.00977	0.01367	0.00811	0.00825	0.05187	0.00230	0.19306	0.00492	0.00257	0.00721
34	0.00992	0.00896	0.01350	0.01200	0.01283	0.01142	0.04967	0.01173	0.00896	0.01332	0.01154	0.01744	0.01086	0.02648	0.42759	0.00586	0.33414	0.00552	0.00274	0.00554
35	0.01190	0.01087	0.01767	0.39908	0.28985	0.01211	0.01458	0.05589	0.01294	0.01755	0.09189	0.01718	0.01282	0.00601	0.00563	0.00175	0.00652	0.00548	0.00312	0.00715
36	0.01486	0.26166	0.01755	0.00939	0.01398	0.09119	0.00806	0.01697	0.01230	0.09494	0.01029	0.01129	0.00833	0.00475	0.00417	0.00109	0.00534	0.00345	0.00332	0.40707
37	0.10549	0.32553	0.01919	0.01096	0.01441	0.29339	0.00923	0.01820	0.03587	0.01479	0.00928	0.01111	0.00806	0.00935	0.09175	0.00222	0.00816	0.00362	0.00283	0.00655
38	0.00859	0.00622	0.00841	0.00951	0.01078	0.00611	0.00814	0.01089	0.01253	0.01615	0.03185	0.07848	0.11096	0.04106	0.00819	0.00256	0.00482	0.61471	0.00505	0.00498
39	0.01853	0.01560	0.03866	0.01250	0.01654	0.07060	0.01031	0.45985	0.24633	0.02931	0.01564	0.01523	0.01144	0.00680	0.00552	0.00171	0.00592	0.00524	0.00528	0.00897
40	0.01140	0.02007	0.45286	0.04369	0.11164	0.01096	0.01575	0.01585	0.01149	0.05858	0.01348	0.09029	0.01194	0.09845	0.00812	0.00220	0.00697	0.00587	0.00303	0.00735
41	0.01469	0.36194	0.27407	0.01288	0.01869	0.01678	0.06676	0.06466	0.01283	0.08257	0.01028	0.01145	0.00790	0.00528	0.00484	0.00152	0.01808	0.00398	0.00298	0.00782
42	0.01143	0.02641	0.65505	0.01702	0.02478	0.01305	0.13983	0.01757	0.01192	0.01757	0.01015	0.01222	0.00724	0.00516	0.00547	0.00177	0.00837	0.00449	0.00241	0.00807
43	0.02485	0.00943	0.01285	0.00985	0.01414	0.00814	0.00814	0.02699	0.01585	0.77465	0.02185	0.01885	0.01371	0.00685	0.00557	0.00171	0.00471	0.00557	0.00685	0.00943
44	0.01211	0.01142	0.01877	0.40541	0.34775	0.01279	0.01552	0.01662	0.07346	0.01657	0.01113	0.01480	0.00876	0.00544	0.00552	0.00176	0.00679	0.00504	0.00284	0.00748
45	0.01413	0.06409	0.14461	0.01331	0.05038	0.06801	0.05534	0.19591	0.12113	0.02150	0.02963	0.10634	0.07551	0.00804	0.00567	0.00176	0.00605	0.00672	0.00427	0.00761
46	0.00672	0.00491	0.00633	0.00747	0.00797	0.00452	0.00503	0.00774	0.01084	0.01423	0.03347	0.71571	0.12077	0.01697	0.00701	0.00221	0.00317	0.01528	0.00514	0.00452
47	0.01134	0.00606	0.00799	0.00808	0.00954	0.00544	0.00583	0.01264	0.01211	0.20795	0.03048	0.53903	0.09267	0.01440	0.00664	0.00208	0.00356	0.01281	0.00558	0.00577
48	0.01300	0.02202	0.34203	0.01289	0.01768	0.25200	0.01336	0.01659	0.01315	0.01581	0.04194	0.06901	0.13205	0.00776	0.00554	0.00170	0.00740	0.00607	0.00324	0.00674
49	0.01198	0.12996	0.51073	0.06516	0.14138	0.01409	0.01813	0.01712	0.01174	0.01681	0.00971	0.01182	0.00733	0.00516	0.00508	0.00167	0.00758	0.00412	0.00241	0.00801
50	0.01032	0.00516	0.00516	0.00516	0.00645	0.00516	0.00387	0.01290	0.01161	0.02065	0.01807	0.02065	0.01420	0.00645	0.00387	0.00129	0.00258	0.00516	0.83611	0.00516
51	0.00812	0.00580	0.00800	0.00928	0.01020	0.00568	0.00753	0.01009	0.01196	0.01568	0.02977	0.33520	0.03363	0.01606	0.00744	0.00244	0.00440	0.46874	0.00511	0.00488
52	0.01128	0.01082	0.01873	0.59084	0.19069	0.01258	0.05671	0.01495	0.01151	0.01517	0.01004	0.01455	0.00773	0.00536	0.00558	0.00180	0.00732	0.00501	0.00254	0.00677
53	0.01004	0.01011	0.00842	0.00823	0.00991	0.17812	0.00606	0.01166	0.01368	0.01622	0.20984	0.17230	0.30054	0.01212	0.00629	0.00181	0.00443	0.01020	0.00486	0.00516
54	0.00837	0.00613	0.00751	0.00806	0.00902	0.00597	0.00566	0.09334	0.01260	0.01661	0.03130	0.63048	0.11235	0.01576	0.00684	0.00214	0.00350	0.01407	0.00519	0.00508
55	0.00798	0.00566	0.00752	0.00752	0.00803	0.00617	0.00520	0.00900	0.00849	0.01183	0.01610	0.02876	0.01689	0.41105	0.41806	0.00719	0.01026	0.00696	0.00316	0.00418
56	0.00765	0.00552	0.00761	0.00794	0.00853	0.00595	0.00565	0.00891	0.00914	0.01269	0.01943	0.22380	0.02110	0.21140	0.41159	0.00639	0.00969	0.00892	0.00361	0.00446
57	0.00961	0.00882	0.01425	0.61715	0.03138	0.01059	0.01299	0.01274	0.01120	0.01424	0.01739	0.10397	0.09804	0.00779	0.00582	0.00189	0.00641	0.00687	0.00306	0.00580
58	0.01398	0.63499	0.19551	0.01088	0.01639	0.01990	0.01192	0.01680	0.01135	0.01403	0.00820	0.00951	0.00709	0.00485	0.00393	0.00131	0.00643	0.00321	0.00236	0.00735
59	0.01394	0.00671	0.00754	0.00675	0.00888	0.00657	0.00526	0.01752	0.07580	0.19337	0.01931	0.02024	0.01431	0.00663	0.00441	0.00144	0.00322	0.00535	0.57631	0.00644
60	0.17305	0.01206	0.01451	0.02625	0.10215	0.01327	0.05659	0.07810	0.36196	0.07960	0.01667	0.01650	0.01241	0.00644	0.00524	0.00179	0.00513	0.00534	0.00474	0.00821
61	0.20709	0.01015	0.01207	0.00949	0.01359	0.00974	0.00783	0.07684	0.01515	0.55442	0.01809	0.01626	0.01168	0.00646	0.00509	0.00171	0.00472	0.00496	0.00600	0.00866
62	0.09664	0.01424	0.01542	0.01198	0.01613	0.01569	0.00990	0.57307	0.02267	0.11819	0.01354	0.01350	0.00952	0.00665	0.00584	0.00170	0.03610	0.00487	0.00538	0.00898
63	0.01672	0.07890	0.01607	0.18644	0.02074	0.48097	0.01113	0.01873	0.01417	0.01421	0.05676	0.03883	0.01096	0.00633	0.00517	0.00155	0.00842	0.00462	0.00301	0.00627
64	0.01151	0.01157	0.05386	0.22528	0.25721	0.05360	0.01338	0.01456	0.01213	0.01603	0.03360	0.02675	0.01522	0.06176	0.00750	0.00215	0.00655	0.16740	0.00330	0.00664
65	0.00694	0.00554	0.00621	0.00622	0.00777	0.00481	0.00460	0.00864	0.01328	0.01694	0.25610	0.13052	0.48568	0.01361	0.00660	0.00187	0.00279	0.01165	0.00541	0.00481
66	0.01307	0.01494	0.03268	0.02334	0.02894	0.01401	0.75070	0.01774	0.01307	0.01774	0.01120	0.01494	0.00840	0.00467	0.00654	0.00187	0.00934	0.00654	0.00280	0.00747
67	0.00716	0.00554	0.00594	0.00589	0.00711	0.00496	0.00405	0.00825	0.01151	0.01441	0.12121	0.04659	0.45337	0.26468	0.01341	0.00297	0.00360	0.01035	0.00468	0.00432
68	0.13972	0.00837	0.00980	0.00844	0.01119	0.00832	0.00667	0.01874	0.11498	0.24392	0.33381	0.02709	0.02920	0.00857	0.00566	0.00175	0.00372	0.00715	0.00586	0.00705
69	0.01237	0.01119	0.01687	0.02251	0.40845	0.01186	0.01255	0.01803	0.17861	0.01836	0.05608	0.01856	0.01402	0.03582	0.11434	0.00284	0.03038	0.00575	0.00361	0.00780
70	0.00727	0.00562	0.00652	0.00631	0.00779	0.00499	0.00466	0.00919	0.01388	0.01832	0.40646	0.04644	0.37210	0.05680	0.00775	0.00200	0.00285	0.01066	0.00552	0.00487
71	0.01528	0.01504	0.01321	0.01192	0.01499	0.18075	0.00919	0.02784	0.59910	0.02108	0.01951	0.01835	0.01479	0.00712	0.00550	0.00178	0.00560	0.00568	0.00503	0.00826
72	0.01728	0.05797	0.04075	0.01608	0.12919	0.04299	0.09585	0.26361	0.03202	0.13733	0.01536	0.09904	0.01264	0.00718	0.00568	0.00173	0.00619	0.00623	0.00459	0.00828
73	0.01508	0.23442	0.07161	0.02025	0.31053	0.06297	0.03955	0.06868	0.01341	0.05168	0.01069	0.01265	0.00865	0.00523	0.00486	0.00150	0.00647	0.00435	0.04945	0.00795
74	0.84448	0.01071	0.00814	0.00728	0.01071	0.01242	0.00600	0.01628	0.00943	0.02485	0.00771	0.00900	0.00600	0.00514	0.00343	0.00171	0.00428	0.00300	0.00343	0.00600
75	0.00907	0.00705	0.00841	0.00783	0.00958	0.00709	0.00594	0.01449	0.18138	0.02189	0.54976	0.03763	0.09687	0.01067	0.00633	0.00178	0.00302	0.00930	0.00592	0.00597
76	0.01221	0.01965	0.35979	0.10297	0.02110	0.06463	0.02985	0.04817	0.14513	0.01808	0.03544	0.01687	0.01153	0.08192	0.00759	0.00211	0.00705	0.00518	0.00332	0.00742
77	0.00728	0.00571	0.00701	0.00692	0.00834	0.00551	0.00523	0.00905	0.01190	0.01558	0.18241	0.04045	0.36380	0.05055	0.25061	0.00417	0.00663	0.00943	0.00459	0.00482
78	0.01163	0.13047	0.40773	0.01325	0.01888	0.01311	0.03658	0.05712	0.04064	0.01706	0.01143	0.01407	0.00910	0.01341	0.17837	0.00327	0.00912	0.00455	0.00280	0.00738
79	0.01189	0.06125	0.50595	0.01403	0.02106	0.01201	0.05688	0.01698	0.01182	0.03986	0.01023	0.01190	0.00756	0.00499	0.00500	0.00152	0.00713	0.00404	0.00271	0.19319
80	0.01318	0.01018	0.01290	0.01135	0.10034	0.00813	0.00793	0.01570	0.01208	0.09955	0.01120	0.01253	0.00886	0.00449	0.00442	0.00101	0.00445	0.00372	0.00360	0.65436
81	0.00833	0.00638	0.00927	0.01018	0.06620	0.00699	0.00702	0.01007	0.00939	0.01315	0.01775	0.02674	0.05721	0.16088	0.53078	0.00716	0.01165	0.03268	0.00321	0.00496
82	0.00929	0.00755	0.00956	0.01008	0.09356	0.00685	0.00644	0.01155	0.04037	0.01637	0.13434	0.07992	0.15040	0.18016	0.03350	0.00257	0.00447	0.00792	0.00418	0.19092
83	0.00693	0.00504	0.00641	0.00727	0.00786	0.00466	0.00492	0.00806	0.01122	0.01487	0.11214	0.57775	0.12515	0.06998	0.00839	0.00236	0.00325	0.01412	0.00512	0.00452
84	0.01511	0.35523	0.20198	0.01173	0.01707	0.09222	0.01202	0.10742	0.01371	0.03022	0.00946	0.01063	0.00759	0.00516	0.00443	0.00137	0.00668	0.00361	0.00297	0.09139
85	0.04422	0.01027	0.01087	0.00927	0.01207	0.01125	0.00735	0.25029	0.19233	0.02607	0.10344	0.02029	0.01740	0.00728	0.00510	0.00161	0.00418	0.00584	0.25346	0.00739
86	0.01343	0.14664	0.10774	0.03843	0.24231	0.05188	0.05407	0.01954	0.17923	0.01826	0.06378	0.01601	0.01291	0.00598	0.00528	0.00165	0.00624	0.00517	0.00351	0.00793
87	0.00892	0.00495	0.00719	0.00756	0.00776	0.00488	0.00522	0.00772	0.00853	0.01136	0.02768	0.19030	0.01794	0.01839	0.01712	0.57688	0.00445	0.06676	0.00327	0.00312
88	0.03617	0.23080	0.02034	0.10291	0.12869	0.25705	0.01181	0.05885	0.01338	0.01559	0.00889	0.01110	0.00751	0.00567	0.00578	0.00154	0.07016	0.00392	0.00279	0.00705
89	0.01278	0.00985	0.01200	0.01037	0.01203	0.01147	0.00807	0.24254	0.01399	0.01933	0.01370	0.02098	0.01286	0.21050	0.22595	0.00467	0.14302	0.00597	0.00377	0.00615
90	0.01413	0.12329	0.28754	0.15669	0.09607	0.05637	0.05442	0.01823	0.01244	0.11351	0.01119	0.01307	0.00820	0.00541	0.00520	0.00167	0.00730	0.00447	0.00304	0.00776
91	0.05235	0.29327	0.02034	0.01541	0.17713	0.09812	0.01067	0.03860	0.01248	0.07258	0.01220	0.10227	0.01139	0.00687	0.00561	0.00158	0.05332	0.00529	0.00330	0.00722
92	0.00796	0.00575	0.00795	0.00795	0.00861	0.00641	0.00574	0.00928	0.00862	0.01215	0.01570	0.02656	0.01593	0.29458	0.53322	0.00773	0.01170	0.00664	0.00310	0.00442
93	0.01036	0.00714	0.00874	0.00820	0.01016	0.00706	0.00643	0.01488	0.13905	0.09155	0.33876	0.03883	0.15125	0.01280	0.04972	0.00227	0.00409	0.08694	0.00566	0.00610
94	0.01294	0.00989	0.01595	0.02126	0.38167	0.01002	0.01199	0.01556	0.01180	0.11529	0.01463	0.04864	0.01276	0.01743	0.24924	0.00398	0.00875	0.02732	0.00351	0.00739
95	0.01305	0.01119	0.01438	0.01413	0.17225	0.00972	0.00920	0.09947	0.01339	0.01999	0.01036	0.01216	0.00846	0.00457	0.00456	0.00109	0.00485	0.00382	0.00343	0.56993
96	0.01677	0.01502	0.01634	0.01338	0.01715	0.10331	0.08946	0.25372	0.36450	0.02515	0.01682	0.01651	0.01252	0.00673	0.00563	0.00176	0.00610	0.00558	0.00498	0.00856
97	0.01160	0.00909	0.01028	0.00953	0.01183	0.00975	0.00748	0.16181	0.19459	0.02073	0.02856	0.14325	0.17231	0.01457	0.09000	0.00271	0.00543	0.08471	0.00510	0.00665
98	0.01455	0.35437	0.01906	0.01069	0.04047	0.01438	0.00913	0.08521	0.01352	0.11106	0.01698	0.10193	0.01644	0.00870	0.00529	0.00171	0.00536	0.16007	0.00410	0.00698
99	0.00811	0.00632	0.00931	0.18298	0.01558	0.00670	0.00835	0.01007	0.01123	0.01474	0.02562	0.44513	0.02895	0.01422	0.00687	0.00223	0.00460	0.18944	0.00453	0.00501
100	0.10681	0.08705	0.01464	0.01187	0.10021	0.01104	0.00858	0.01475	0.01103	0.01784	0.00918	0.01128	0.00781	0.00498	0.00565	0.00122	0.08980	0.00358	0.00306	0.47963
101	0.01227	0.18612	0.01358	0.00851	0.01148	0.01041	0.00701	0.08659	0.01335	0.08913	0.02551	0.21115	0.16735	0.01020	0.00555	0.00167	0.00432	0.02652	0.00451	0.10478

[dist]
# distance from previous block
# <min> <max>
4	131

# created by:
# /home/cegg/simao/soft/augustus-3.2.1/scripts/msa2prfl.pl ./align_prep/17044.fa
