[name]
unknown

[dist]
# distance from previous block
# <min> <max>
0	40

[block]
# block no. 0 follows, 42 sequences, length 14
# corresponding to MSA columns:
# 257-270
name=unknown_A
#
# <colnr> <probs for GDERKNQSTAVLIFYWHMCP>
#	G	D	E	R	K	N	Q	S	T	A	V	L	I	F	Y	W	H	M	C	P
0	0.00918	0.00684	0.00886	0.00971	0.01118	0.00689	0.00822	0.01270	0.07900	0.01697	0.03185	0.05734	0.11737	0.05155	0.00844	0.00258	0.00485	0.54594	0.00515	0.00538
1	0.12725	0.37961	0.22806	0.01174	0.01707	0.12120	0.01237	0.01784	0.01192	0.01620	0.00857	0.00998	0.00705	0.00515	0.00427	0.00147	0.00698	0.00341	0.00261	0.00727
2	0.04931	0.00558	0.00669	0.00719	0.00825	0.00520	0.00510	0.00901	0.01241	0.01712	0.21656	0.41968	0.18791	0.01480	0.00675	0.00205	0.00308	0.01306	0.00538	0.00487
3	0.01746	0.05314	0.21391	0.01325	0.01854	0.01558	0.01290	0.38061	0.13833	0.05871	0.01424	0.01432	0.01023	0.00645	0.00548	0.00173	0.00640	0.00497	0.00471	0.00903
4	0.01468	0.01233	0.04762	0.11907	0.07462	0.01330	0.02469	0.07579	0.26289	0.10918	0.01678	0.05640	0.01326	0.00771	0.00767	0.00195	0.12348	0.00608	0.00450	0.00800
5	0.00900	0.00747	0.01177	0.01275	0.11320	0.00720	0.09423	0.01044	0.01058	0.01427	0.02234	0.33693	0.04332	0.26447	0.01373	0.00316	0.00516	0.01080	0.00403	0.00515
6	0.01448	0.15475	0.01678	0.11793	0.08408	0.08302	0.01007	0.19826	0.01565	0.01959	0.01889	0.02145	0.13457	0.07812	0.00743	0.00197	0.00612	0.00596	0.00386	0.00702
7	0.00849	0.00640	0.00697	0.00670	0.00850	0.00608	0.00506	0.01216	0.10181	0.01914	0.24329	0.04167	0.36118	0.01150	0.00611	0.00177	0.00295	0.00971	0.13502	0.00548
8	0.34161	0.01191	0.01232	0.01102	0.04738	0.01335	0.00848	0.20570	0.08508	0.09274	0.01316	0.03600	0.01018	0.00725	0.01879	0.00191	0.04455	0.00478	0.02620	0.00761
9	0.00782	0.00540	0.00670	0.00675	0.00782	0.00491	0.00482	0.00852	0.01198	0.01564	0.22701	0.13747	0.29226	0.01532	0.01062	0.21434	0.00337	0.01018	0.00477	0.00429
10	0.01423	0.01505	0.01895	0.01930	0.21181	0.17664	0.13949	0.01768	0.04613	0.01791	0.10008	0.01657	0.01396	0.00602	0.00591	0.00157	0.02862	0.00540	0.00343	0.14126
11	0.04935	0.01200	0.01588	0.30505	0.06108	0.05129	0.04893	0.08272	0.11430	0.01907	0.01228	0.01490	0.00946	0.00596	0.00585	0.00170	0.03874	0.00493	0.04094	0.10558
12	0.05229	0.00924	0.00987	0.00894	0.01098	0.07360	0.00691	0.06871	0.06939	0.05846	0.39537	0.02971	0.03280	0.01481	0.13097	0.00292	0.00588	0.00772	0.00523	0.00620
13	0.01441	0.21142	0.26740	0.01665	0.09000	0.04806	0.11710	0.10198	0.04755	0.01890	0.01068	0.01237	0.00825	0.00539	0.00517	0.00163	0.00743	0.00449	0.00303	0.00810

[dist]
# distance from previous block
# <min> <max>
0	5

[block]
# block no. 1 follows, 42 sequences, length 9
# corresponding to MSA columns:
# 276-284
name=unknown_B
#
# <colnr> <probs for GDERKNQSTAVLIFYWHMCP>
#	G	D	E	R	K	N	Q	S	T	A	V	L	I	F	Y	W	H	M	C	P
0	0.23125	0.08325	0.15298	0.01103	0.01489	0.05604	0.02613	0.11092	0.01271	0.02052	0.01086	0.01419	0.00909	0.07124	0.05052	0.00241	0.06126	0.00445	0.04947	0.00679
1	0.01236	0.06935	0.01901	0.23150	0.25498	0.01297	0.04885	0.01639	0.06898	0.01679	0.01211	0.05777	0.01045	0.00624	0.00616	0.00171	0.05003	0.00547	0.00308	0.09578
2	0.00779	0.00563	0.00666	0.00647	0.00742	0.00525	0.00442	0.00924	0.01250	0.01688	0.35395	0.04251	0.18025	0.30024	0.01466	0.00314	0.00371	0.00978	0.00499	0.00451
3	0.01454	0.01053	0.01471	0.01215	0.01510	0.01129	0.10088	0.11869	0.16581	0.13472	0.05030	0.03815	0.01546	0.03439	0.19506	0.00370	0.04598	0.00640	0.00468	0.00747
4	0.00795	0.00597	0.00860	0.00860	0.00960	0.00676	0.00658	0.00978	0.00926	0.01307	0.01832	0.02546	0.06928	0.09253	0.67174	0.00828	0.01352	0.00660	0.00320	0.00489
5	0.01408	0.01413	0.06635	0.06528	0.05922	0.18054	0.05106	0.01749	0.05920	0.10127	0.11041	0.05973	0.11049	0.00880	0.00601	0.00181	0.00623	0.05672	0.00439	0.00677
6	0.00695	0.00556	0.00622	0.00638	0.00787	0.00483	0.00466	0.00853	0.01305	0.01650	0.19148	0.19373	0.48574	0.01436	0.00675	0.00195	0.00289	0.01233	0.00542	0.00483
7	0.01330	0.01199	0.05504	0.01161	0.01358	0.06486	0.00953	0.13376	0.04571	0.06600	0.01798	0.25660	0.01815	0.01279	0.05334	0.00248	0.19390	0.00841	0.00432	0.00664
8	0.00794	0.00591	0.00749	0.00756	0.00901	0.00546	0.00598	0.01030	0.01453	0.01956	0.43082	0.04987	0.20690	0.01308	0.00691	0.00200	0.00330	0.18249	0.00574	0.00515

[dist]
# distance from previous block
# <min> <max>
0	2

[block]
# block no. 2 follows, 42 sequences, length 21
# corresponding to MSA columns:
# 287,288,291-309
name=unknown_C
#
# <colnr> <probs for GDERKNQSTAVLIFYWHMCP>
#	G	D	E	R	K	N	Q	S	T	A	V	L	I	F	Y	W	H	M	C	P
0	0.11817	0.01513	0.01724	0.02103	0.32200	0.18660	0.03176	0.01852	0.01334	0.07536	0.01231	0.01697	0.01051	0.00620	0.00535	0.00167	0.00685	0.06560	0.00345	0.05193
1	0.07671	0.25011	0.07373	0.01570	0.11114	0.06951	0.13535	0.09053	0.01348	0.01838	0.01053	0.01340	0.00881	0.04782	0.00613	0.00176	0.00685	0.00458	0.03809	0.00739
2	0.01247	0.00911	0.01276	0.07363	0.15954	0.00936	0.00947	0.13843	0.01401	0.06977	0.02032	0.34265	0.02116	0.01182	0.00745	0.06231	0.00497	0.00965	0.00453	0.00658
3	0.01476	0.01625	0.14591	0.02111	0.29352	0.04606	0.01440	0.19436	0.01559	0.02148	0.01295	0.09215	0.01143	0.00717	0.00667	0.00181	0.06661	0.00592	0.00363	0.00822
4	0.00895	0.00538	0.00787	0.00787	0.00825	0.00576	0.00556	0.00845	0.00807	0.01115	0.01260	0.02100	0.01249	0.10696	0.31207	0.43679	0.00883	0.00566	0.00276	0.00353
5	0.01338	0.08974	0.29448	0.01523	0.02071	0.06586	0.15368	0.07145	0.09964	0.01854	0.01241	0.01505	0.00976	0.04518	0.04848	0.00230	0.00809	0.00511	0.00321	0.00771
6	0.01037	0.00845	0.01094	0.06765	0.10017	0.00855	0.00833	0.08664	0.06614	0.02027	0.22903	0.03796	0.22911	0.01074	0.00640	0.00189	0.00426	0.08171	0.00508	0.00631
7	0.01383	0.04441	0.11589	0.01318	0.01661	0.09781	0.10138	0.12366	0.08832	0.01822	0.01239	0.01552	0.01015	0.01367	0.12384	0.13632	0.03950	0.00514	0.00342	0.00671
8	0.01268	0.01209	0.02058	0.32042	0.49102	0.01304	0.01665	0.01617	0.01222	0.01687	0.01036	0.01434	0.00838	0.00525	0.00559	0.00175	0.00700	0.00501	0.00268	0.00790
9	0.05820	0.09131	0.01707	0.43239	0.02792	0.01448	0.01275	0.13068	0.12441	0.01948	0.01213	0.01475	0.00916	0.00600	0.00532	0.00178	0.00653	0.00491	0.00351	0.00725
10	0.00788	0.00574	0.00760	0.00767	0.00840	0.00614	0.00545	0.00911	0.00923	0.01263	0.02104	0.07224	0.09300	0.29169	0.40961	0.00676	0.01000	0.00788	0.00349	0.00443
11	0.06008	0.09483	0.01704	0.01198	0.01632	0.07438	0.00998	0.46498	0.02163	0.15333	0.01375	0.01353	0.00972	0.00645	0.00529	0.00163	0.00616	0.00475	0.00522	0.00894
12	0.01297	0.32440	0.39723	0.01454	0.02119	0.01673	0.10622	0.01748	0.01188	0.01609	0.00939	0.01120	0.00734	0.00507	0.00484	0.00158	0.00758	0.00403	0.00245	0.00781
13	0.00818	0.00546	0.00614	0.00614	0.00614	0.00546	0.00341	0.00818	0.00818	0.01091	0.01773	0.03683	0.02046	0.80222	0.02864	0.00546	0.00546	0.00818	0.00341	0.00341
14	0.01284	0.02070	0.47131	0.01330	0.01934	0.01093	0.01542	0.01817	0.03878	0.13365	0.09327	0.01756	0.01412	0.01004	0.08349	0.00251	0.00772	0.00530	0.00367	0.00788
15	0.01184	0.01781	0.28294	0.01583	0.02083	0.05507	0.22282	0.01599	0.01248	0.04425	0.01644	0.18724	0.01569	0.00848	0.00624	0.00195	0.00736	0.04620	0.00348	0.00707
16	0.00686	0.00490	0.00653	0.00784	0.00816	0.00457	0.00522	0.00784	0.01077	0.01437	0.03102	0.79855	0.03722	0.01763	0.00718	0.00229	0.00326	0.01600	0.00522	0.00457
17	0.01284	0.01390	0.02382	0.01835	0.02141	0.06633	0.36492	0.01588	0.01141	0.01566	0.01035	0.01476	0.00876	0.01112	0.10595	0.00294	0.26633	0.00580	0.00275	0.00673
18	0.03245	0.12533	0.17158	0.13644	0.01917	0.01301	0.03753	0.08801	0.01259	0.01829	0.01143	0.01431	0.00906	0.00698	0.00705	0.05884	0.06612	0.00460	0.16047	0.00673
19	0.01369	0.17059	0.21219	0.01196	0.01652	0.01316	0.03828	0.06788	0.11765	0.09452	0.01714	0.17087	0.01548	0.00826	0.00553	0.00178	0.00586	0.00691	0.00412	0.00762
20	0.00696	0.00494	0.00650	0.00771	0.00801	0.00464	0.00509	0.00786	0.01058	0.01410	0.03000	0.74038	0.03594	0.07754	0.00882	0.00253	0.00343	0.01540	0.00509	0.00448

[dist]
# distance from previous block
# <min> <max>
1	23

[block]
# block no. 3 follows, 42 sequences, length 16
# corresponding to MSA columns:
# 333-348
name=unknown_D
#
# <colnr> <probs for GDERKNQSTAVLIFYWHMCP>
#	G	D	E	R	K	N	Q	S	T	A	V	L	I	F	Y	W	H	M	C	P
0	0.01276	0.08007	0.05360	0.15093	0.05230	0.11539	0.10858	0.04266	0.01262	0.01597	0.01449	0.09859	0.01398	0.05587	0.00798	0.00209	0.05507	0.07286	0.02781	0.00641
1	0.44671	0.10387	0.05922	0.01242	0.09161	0.17101	0.00950	0.01794	0.01156	0.02041	0.00843	0.00999	0.00681	0.00528	0.00415	0.00162	0.00620	0.00343	0.00311	0.00673
2	0.00811	0.00590	0.00738	0.00736	0.00779	0.00628	0.00494	0.00887	0.00900	0.01219	0.02086	0.08906	0.08219	0.45127	0.21289	0.00568	0.04418	0.00837	0.00355	0.00414
3	0.04385	0.01275	0.01275	0.01051	0.01391	0.07694	0.00842	0.29685	0.11744	0.13208	0.01653	0.01662	0.01202	0.00673	0.00514	0.00162	0.00521	0.00518	0.19735	0.00812
4	0.01915	0.27899	0.01837	0.01003	0.01410	0.01382	0.00871	0.10699	0.03130	0.33138	0.01727	0.09781	0.01369	0.00736	0.00513	0.00161	0.00520	0.00581	0.00505	0.00823
5	0.00717	0.00518	0.00678	0.00752	0.00821	0.00480	0.00521	0.00866	0.01238	0.01680	0.24668	0.54334	0.07499	0.01568	0.00700	0.00212	0.00307	0.01411	0.00551	0.00480
6	0.01307	0.00996	0.01181	0.00851	0.01344	0.00758	0.00683	0.01554	0.01213	0.09616	0.01126	0.01244	0.00891	0.00446	0.00432	0.00093	0.00423	0.00357	0.00371	0.75111
7	0.01503	0.01618	0.12006	0.03523	0.03476	0.17369	0.01051	0.17601	0.01570	0.05184	0.01677	0.18527	0.02771	0.04874	0.00692	0.00194	0.00650	0.00722	0.00417	0.04575
8	0.00746	0.00550	0.00718	0.00801	0.00886	0.00497	0.00556	0.00867	0.01097	0.01489	0.02879	0.68210	0.03400	0.01614	0.00690	0.00215	0.00345	0.04874	0.00503	0.09063
9	0.01167	0.01000	0.01167	0.00834	0.01334	0.00750	0.00667	0.01417	0.01167	0.01834	0.01000	0.01167	0.00834	0.00417	0.00417	0.00083	0.00417	0.00333	0.00333	0.83663
10	0.04466	0.21472	0.08330	0.01614	0.20568	0.01387	0.01147	0.05108	0.01255	0.01809	0.00969	0.01158	0.00807	0.00481	0.00453	0.00129	0.00573	0.00382	0.00299	0.27593
11	0.01074	0.00981	0.01535	0.03828	0.41636	0.00955	0.01168	0.01325	0.01267	0.01715	0.06324	0.13020	0.20988	0.00942	0.00612	0.00182	0.00506	0.00851	0.00391	0.00702
12	0.01386	0.08338	0.15167	0.01973	0.20911	0.05299	0.11147	0.02155	0.23979	0.01915	0.01404	0.01529	0.01085	0.00586	0.00553	0.00174	0.00678	0.00525	0.00359	0.00837
13	0.00723	0.00512	0.00672	0.00762	0.00800	0.00496	0.00508	0.00821	0.01044	0.01407	0.06169	0.57220	0.03325	0.14882	0.07580	0.00335	0.00459	0.01360	0.00478	0.00445
14	0.01374	0.00818	0.01017	0.00927	0.01139	0.00821	0.00723	0.11256	0.04604	0.17653	0.06542	0.10296	0.04442	0.15316	0.07554	0.00322	0.00570	0.13460	0.00521	0.00646
15	0.26205	0.01262	0.01482	0.01160	0.01582	0.01335	0.08471	0.24245	0.07095	0.16670	0.01380	0.01393	0.00976	0.00610	0.00506	0.00172	0.00553	0.00478	0.00488	0.03938

[dist]
# distance from previous block
# <min> <max>
0	2

[block]
# block no. 4 follows, 42 sequences, length 42
# corresponding to MSA columns:
# 351-392
name=unknown_E
#
# <colnr> <probs for GDERKNQSTAVLIFYWHMCP>
#	G	D	E	R	K	N	Q	S	T	A	V	L	I	F	Y	W	H	M	C	P
0	0.15198	0.15032	0.02237	0.01830	0.16687	0.05972	0.20416	0.05329	0.04499	0.01926	0.01074	0.01307	0.00862	0.00617	0.02473	0.00184	0.00711	0.00478	0.02418	0.00751
1	0.01701	0.29894	0.01926	0.01082	0.01487	0.26175	0.00913	0.01884	0.01347	0.09024	0.01231	0.01305	0.04483	0.00569	0.00453	0.00131	0.00676	0.00396	0.00332	0.14995
2	0.01162	0.02153	0.01140	0.06131	0.01404	0.05309	0.00847	0.03483	0.05380	0.05461	0.02918	0.18044	0.02099	0.01140	0.02436	0.00207	0.05127	0.17828	0.00440	0.17292
3	0.08355	0.12918	0.29319	0.08871	0.05274	0.10039	0.01423	0.08152	0.01364	0.01895	0.06454	0.01379	0.01074	0.00590	0.00507	0.00166	0.00712	0.00448	0.00313	0.00749
4	0.01114	0.14635	0.03900	0.06097	0.01335	0.04817	0.00838	0.01350	0.04458	0.03779	0.01547	0.11573	0.01544	0.14082	0.20856	0.00422	0.06061	0.00676	0.00340	0.00576
5	0.00799	0.00592	0.00703	0.00719	0.00848	0.00552	0.00528	0.00940	0.01222	0.04472	0.10912	0.25142	0.35677	0.06647	0.00873	0.00228	0.03474	0.04664	0.00515	0.00493
6	0.01722	0.01747	0.04925	0.01632	0.12050	0.27313	0.04709	0.09275	0.01477	0.09034	0.01181	0.01395	0.00935	0.00934	0.07187	0.00230	0.08695	0.00474	0.04351	0.00736
7	0.04990	0.13177	0.17660	0.04562	0.01693	0.16587	0.01173	0.01706	0.06079	0.01555	0.01142	0.01438	0.00959	0.01513	0.20418	0.00353	0.03578	0.00452	0.00293	0.00674
8	0.01361	0.01033	0.01528	0.48778	0.02925	0.01204	0.01286	0.04713	0.13399	0.12710	0.04405	0.01760	0.01191	0.00643	0.00569	0.00185	0.00637	0.00553	0.00394	0.00726
9	0.01121	0.01409	0.17268	0.11905	0.24487	0.01098	0.06769	0.01505	0.01270	0.01777	0.10080	0.07429	0.01794	0.00791	0.00609	0.00189	0.00647	0.08781	0.00349	0.00723
10	0.01464	0.10520	0.05098	0.12310	0.18559	0.05932	0.13816	0.04193	0.01316	0.08343	0.04522	0.01499	0.01062	0.00608	0.00680	0.00176	0.08289	0.00523	0.00329	0.00762
11	0.16573	0.01029	0.06112	0.09243	0.06448	0.00965	0.00896	0.06812	0.01356	0.09065	0.14497	0.02585	0.15076	0.01065	0.05722	0.00227	0.00544	0.00680	0.00447	0.00658
12	0.00685	0.00493	0.00649	0.00774	0.00814	0.00458	0.00518	0.00785	0.01087	0.01440	0.03220	0.76476	0.07025	0.01748	0.00716	0.00227	0.00325	0.01581	0.00522	0.00458
13	0.01472	0.11137	0.17469	0.01744	0.02255	0.19931	0.29622	0.01843	0.01314	0.01603	0.01028	0.01349	0.00829	0.03961	0.00679	0.00185	0.02078	0.00504	0.00273	0.00723
14	0.01701	0.01568	0.07765	0.05249	0.11047	0.11601	0.01169	0.27662	0.04331	0.07772	0.01470	0.04040	0.02784	0.01022	0.08034	0.00242	0.00755	0.00547	0.00432	0.00809
15	0.00810	0.00577	0.00774	0.00774	0.00829	0.00633	0.00541	0.00921	0.00866	0.01210	0.01627	0.02872	0.01694	0.38352	0.44253	0.00743	0.01075	0.00700	0.00319	0.00430
16	0.00696	0.00533	0.00627	0.00693	0.00793	0.00478	0.00486	0.00814	0.01160	0.01469	0.05159	0.40614	0.33311	0.06782	0.00839	0.00234	0.00330	0.04007	0.00512	0.00460
17	0.01297	0.01302	0.02091	0.11817	0.12155	0.06819	0.25006	0.04891	0.06370	0.01737	0.01404	0.11662	0.01270	0.00782	0.00753	0.03514	0.05395	0.00695	0.00339	0.00701
18	0.02824	0.07132	0.41490	0.01449	0.02050	0.20906	0.01572	0.05240	0.06453	0.04174	0.01098	0.01216	0.00816	0.00570	0.00519	0.00167	0.00812	0.00418	0.00305	0.00790
19	0.00699	0.00507	0.00660	0.00758	0.00815	0.00468	0.00517	0.00822	0.01161	0.01551	0.12996	0.64432	0.09219	0.01657	0.00707	0.00219	0.00315	0.01493	0.00535	0.00468
20	0.00796	0.00569	0.00673	0.00719	0.00763	0.00564	0.00458	0.00952	0.06062	0.01340	0.02535	0.35362	0.06017	0.38643	0.01717	0.00374	0.00436	0.01148	0.00440	0.00433
21	0.01140	0.00981	0.01384	0.30592	0.11299	0.03658	0.01140	0.06366	0.01320	0.04132	0.05902	0.05972	0.13679	0.01075	0.05703	0.00234	0.00652	0.03747	0.00381	0.00642
22	0.01063	0.01000	0.01688	0.78870	0.03876	0.01250	0.01563	0.01438	0.01125	0.01438	0.01000	0.01500	0.00750	0.00563	0.00563	0.00188	0.00750	0.00500	0.00250	0.00625
23	0.01288	0.00950	0.01177	0.00921	0.01292	0.00829	0.00732	0.01498	0.01179	0.11724	0.01424	0.12179	0.01298	0.00705	0.00639	0.00134	0.09281	0.00558	0.00398	0.51793
24	0.01505	0.80561	0.02949	0.00963	0.01444	0.02227	0.00963	0.01685	0.01143	0.01324	0.00782	0.00903	0.00722	0.00481	0.00361	0.00120	0.00602	0.00301	0.00241	0.00722
25	0.01038	0.00859	0.00947	0.00885	0.01113	0.00909	0.00684	0.01862	0.34408	0.02094	0.22797	0.03667	0.20892	0.01065	0.00629	0.00190	0.00362	0.04354	0.00570	0.00677
26	0.00975	0.00886	0.01441	0.59251	0.03117	0.01070	0.01308	0.01291	0.01114	0.01434	0.01584	0.10632	0.06126	0.01020	0.06213	0.00244	0.00727	0.00677	0.00302	0.00587
27	0.01401	0.00992	0.01037	0.00928	0.01166	0.04705	0.00726	0.19073	0.11101	0.05284	0.01917	0.10805	0.01657	0.01071	0.05639	0.00218	0.00516	0.03778	0.27297	0.00689
28	0.01614	0.06284	0.01233	0.00920	0.01229	0.01190	0.00752	0.31346	0.05408	0.06450	0.01611	0.01707	0.01209	0.00660	0.00478	0.00151	0.00449	0.00510	0.36047	0.00753
29	0.01608	0.06287	0.01525	0.01097	0.01512	0.01039	0.08891	0.07246	0.08431	0.22970	0.02136	0.02215	0.10354	0.00724	0.00551	0.00159	0.00510	0.03394	0.00493	0.18857
30	0.01114	0.17273	0.04737	0.01034	0.03039	0.01125	0.03154	0.01340	0.03710	0.05341	0.05549	0.20754	0.11158	0.06270	0.00874	0.00210	0.09539	0.00855	0.00406	0.02518
31	0.00778	0.00538	0.00656	0.00680	0.00719	0.00519	0.00432	0.00865	0.01064	0.01449	0.19174	0.23896	0.03234	0.41463	0.01796	0.00378	0.00424	0.01070	0.00452	0.00415
32	0.00702	0.00505	0.00669	0.00795	0.00841	0.00472	0.00548	0.00814	0.01102	0.01459	0.03186	0.71546	0.06315	0.01735	0.00721	0.00229	0.00340	0.07037	0.00522	0.00462
33	0.01691	0.12244	0.11693	0.01282	0.01678	0.35274	0.01121	0.08474	0.10813	0.01749	0.01504	0.01559	0.07246	0.00664	0.00519	0.00158	0.00770	0.00478	0.00356	0.00727
34	0.00818	0.00546	0.00614	0.00614	0.00614	0.00546	0.00341	0.00818	0.00818	0.01091	0.01773	0.03683	0.02046	0.80222	0.02864	0.00546	0.00546	0.00818	0.00341	0.00341
35	0.00786	0.00523	0.00625	0.00679	0.00773	0.00487	0.00479	0.00954	0.01209	0.01728	0.14079	0.39071	0.14192	0.01358	0.00625	0.00192	0.00296	0.01196	0.20261	0.00487
36	0.06620	0.26615	0.10277	0.01075	0.01422	0.01305	0.06266	0.04522	0.01195	0.01636	0.01748	0.29323	0.01874	0.00985	0.00550	0.00180	0.00542	0.02851	0.00373	0.00640
37	0.00744	0.00521	0.00629	0.00691	0.00720	0.00499	0.00433	0.00801	0.00975	0.01286	0.02689	0.39926	0.08249	0.37295	0.01687	0.00369	0.00423	0.01216	0.00440	0.00406
38	0.01080	0.00896	0.01065	0.01065	0.06102	0.04996	0.00751	0.05009	0.04441	0.03419	0.05631	0.18117	0.06894	0.01821	0.20444	0.00355	0.00724	0.00793	0.00415	0.15982
39	0.01453	0.22077	0.15080	0.14737	0.02220	0.11897	0.07331	0.07095	0.04615	0.01678	0.01005	0.01227	0.00799	0.00577	0.00593	0.00166	0.05988	0.00436	0.00290	0.00735
40	0.01414	0.01309	0.02077	0.08877	0.21262	0.01467	0.13911	0.15123	0.01406	0.01966	0.01077	0.01433	0.00884	0.00895	0.06042	0.00241	0.18989	0.00535	0.00324	0.00768
41	0.01020	0.00879	0.09385	0.00875	0.01108	0.00648	0.00746	0.01264	0.03598	0.12106	0.03378	0.35001	0.21641	0.01347	0.00661	0.00206	0.00407	0.04622	0.00516	0.00591

[dist]
# distance from previous block
# <min> <max>
3	8

[block]
# block no. 5 follows, 42 sequences, length 23
# corresponding to MSA columns:
# 491-498,505-519
name=unknown_F
#
# <colnr> <probs for GDERKNQSTAVLIFYWHMCP>
#	G	D	E	R	K	N	Q	S	T	A	V	L	I	F	Y	W	H	M	C	P
0	0.01246	0.01045	0.01165	0.00946	0.01278	0.06596	0.03516	0.08138	0.01393	0.05068	0.08227	0.08924	0.11638	0.00811	0.00582	0.00146	0.03222	0.00670	0.04345	0.31044
1	0.00786	0.00593	0.00741	0.00716	0.00867	0.00526	0.00526	0.00995	0.01396	0.01931	0.43263	0.20839	0.14902	0.01261	0.00654	0.00182	0.00295	0.01111	0.00559	0.07857
2	0.01393	0.01376	0.05849	0.20412	0.20770	0.07895	0.08107	0.07186	0.04032	0.05219	0.04683	0.01860	0.01233	0.03669	0.00666	0.00193	0.00703	0.03658	0.00350	0.00746
3	0.01545	0.01105	0.01227	0.00994	0.01356	0.01116	0.00787	0.21480	0.17811	0.11050	0.02185	0.02246	0.11042	0.06702	0.00723	0.00189	0.00477	0.00620	0.00514	0.16831
4	0.01341	0.01601	0.19317	0.02056	0.24813	0.01246	0.10347	0.04443	0.12358	0.05042	0.04849	0.01641	0.01206	0.00691	0.00687	0.05988	0.00666	0.00548	0.00355	0.00804
5	0.00848	0.00557	0.00732	0.03735	0.00946	0.00554	0.00572	0.01002	0.01109	0.03776	0.06738	0.40742	0.02893	0.08946	0.08450	0.00305	0.00479	0.04533	0.12595	0.00489
6	0.00790	0.00598	0.00738	0.00778	0.00885	0.00579	0.00554	0.01097	0.09055	0.01777	0.24407	0.42416	0.11301	0.01448	0.00682	0.00206	0.00317	0.01290	0.00556	0.00526
7	0.01849	0.01534	0.01329	0.05264	0.01578	0.24876	0.00917	0.08733	0.15954	0.17692	0.01618	0.01627	0.01184	0.00658	0.00523	0.00162	0.00633	0.00502	0.12597	0.00769
8	0.09960	0.14364	0.01704	0.01162	0.01560	0.11292	0.00965	0.34686	0.11967	0.02608	0.01285	0.01318	0.00974	0.00628	0.00498	0.00160	0.00614	0.00453	0.02978	0.00824
9	0.01063	0.00895	0.00964	0.00917	0.01145	0.00964	0.00693	0.01970	0.40602	0.01984	0.06972	0.16033	0.21278	0.01118	0.00625	0.00196	0.00376	0.00957	0.00554	0.00695
10	0.35636	0.05399	0.04626	0.00917	0.01338	0.01189	0.00794	0.10593	0.01350	0.15244	0.03835	0.01309	0.01000	0.00574	0.00443	0.00156	0.00483	0.00409	0.00430	0.14273
11	0.05237	0.01330	0.11013	0.01065	0.01539	0.01073	0.00964	0.16479	0.04940	0.20440	0.07192	0.01651	0.01351	0.00627	0.00520	0.00150	0.00516	0.00499	0.00488	0.22925
12	0.07477	0.01163	0.01962	0.01502	0.01875	0.01175	0.31095	0.13223	0.01402	0.02001	0.01665	0.02027	0.07600	0.04644	0.15141	0.00331	0.00861	0.00647	0.03529	0.00681
13	0.01390	0.01437	0.02077	0.27587	0.18322	0.11616	0.13680	0.05561	0.01307	0.01678	0.01009	0.01379	0.00803	0.00588	0.00708	0.00183	0.09158	0.00509	0.00283	0.00724
14	0.00884	0.00733	0.01175	0.01042	0.01164	0.00753	0.12530	0.01034	0.00985	0.01350	0.01894	0.21702	0.02069	0.27873	0.18228	0.00474	0.04337	0.00925	0.00364	0.00485
15	0.02182	0.01240	0.01462	0.01152	0.01567	0.01272	0.00956	0.38797	0.02102	0.33221	0.01854	0.02040	0.01344	0.00765	0.00584	0.00179	0.00553	0.07200	0.00613	0.00917
16	0.00847	0.00574	0.00759	0.00755	0.00876	0.00531	0.00560	0.01069	0.01453	0.05135	0.51740	0.22630	0.04655	0.01301	0.00679	0.00194	0.00302	0.04815	0.00594	0.00530
17	0.09635	0.01472	0.01544	0.01200	0.01623	0.01632	0.00989	0.63935	0.02408	0.03371	0.01326	0.01353	0.00952	0.00660	0.00534	0.00167	0.00582	0.00489	0.05228	0.00901
18	0.08786	0.45142	0.02189	0.01004	0.01417	0.07517	0.00907	0.10635	0.03675	0.04965	0.07929	0.01349	0.01222	0.00595	0.00438	0.00142	0.00580	0.00418	0.00357	0.00733
19	0.00879	0.00625	0.00761	0.00775	0.00895	0.00611	0.00561	0.07723	0.01355	0.01868	0.18773	0.38195	0.11134	0.01509	0.04141	0.00230	0.00384	0.01191	0.07861	0.00529
20	0.03842	0.04631	0.01081	0.00897	0.01086	0.07862	0.03735	0.01305	0.01239	0.07394	0.19918	0.02948	0.08969	0.14467	0.17790	0.00391	0.00718	0.00743	0.00431	0.00554
21	0.00992	0.00728	0.00915	0.00836	0.01029	0.03177	0.04078	0.01186	0.01226	0.08508	0.09735	0.03563	0.29170	0.04776	0.22367	0.00397	0.00710	0.01865	0.04194	0.00550
22	0.01399	0.01459	0.06905	0.01192	0.04927	0.17723	0.00929	0.18499	0.01630	0.02005	0.05050	0.18187	0.15745	0.01016	0.00603	0.00181	0.00588	0.00838	0.00452	0.00671

[dist]
# distance from previous block
# <min> <max>
0	6

[block]
# block no. 6 follows, 42 sequences, length 38
# corresponding to MSA columns:
# 526-558,562-566
name=unknown_G
#
# <colnr> <probs for GDERKNQSTAVLIFYWHMCP>
#	G	D	E	R	K	N	Q	S	T	A	V	L	I	F	Y	W	H	M	C	P
0	0.06809	0.03439	0.14569	0.05039	0.01694	0.12894	0.03391	0.01830	0.06754	0.10166	0.01312	0.01526	0.01025	0.01242	0.14421	0.00296	0.02916	0.00476	0.03204	0.06998
1	0.06666	0.01556	0.01429	0.10151	0.09312	0.25832	0.01036	0.09727	0.01432	0.01818	0.01211	0.06431	0.01061	0.00923	0.06288	0.00214	0.01961	0.00512	0.05465	0.06973
2	0.00857	0.00577	0.00695	0.00715	0.00805	0.00553	0.00490	0.03214	0.01165	0.03895	0.11179	0.30779	0.12439	0.20921	0.03529	0.00306	0.00413	0.01123	0.05869	0.00476
3	0.00861	0.00577	0.00721	0.00767	0.00892	0.00525	0.00569	0.01011	0.01230	0.07156	0.08549	0.35325	0.23513	0.04214	0.00771	0.00226	0.00358	0.11691	0.00535	0.00509
4	0.00827	0.00590	0.00637	0.00615	0.00775	0.00517	0.00439	0.00948	0.01213	0.06369	0.08085	0.04733	0.51090	0.19344	0.01160	0.00269	0.00356	0.01055	0.00497	0.00479
5	0.00960	0.00579	0.00704	0.00672	0.00820	0.00539	0.00504	0.01200	0.01418	0.06958	0.40163	0.09299	0.09150	0.01051	0.00587	0.00169	0.00285	0.00909	0.23486	0.00547
6	0.11808	0.01062	0.01212	0.00978	0.01325	0.01085	0.00793	0.24781	0.01847	0.24268	0.21069	0.02271	0.03473	0.00799	0.00566	0.00174	0.00459	0.00644	0.00589	0.00796
7	0.00921	0.00776	0.01130	0.01062	0.01135	0.00984	0.00849	0.01101	0.00893	0.01320	0.01296	0.01941	0.01223	0.03331	0.57055	0.00723	0.22868	0.00573	0.00286	0.00534
8	0.01166	0.02651	0.63498	0.01747	0.02530	0.01329	0.15627	0.01786	0.01214	0.01786	0.01034	0.01250	0.00739	0.00523	0.00559	0.00180	0.00854	0.00462	0.00246	0.00818
9	0.01375	0.53704	0.28667	0.01185	0.01787	0.01909	0.01349	0.01719	0.01159	0.01482	0.00861	0.01001	0.00719	0.00500	0.00421	0.00140	0.00681	0.00341	0.00240	0.00760
10	0.01520	0.01602	0.02234	0.02998	0.57126	0.15645	0.07138	0.01830	0.01343	0.01750	0.01029	0.01332	0.00857	0.00514	0.00556	0.00165	0.00754	0.00488	0.00281	0.00837
11	0.01742	0.01379	0.01465	0.01215	0.01594	0.01560	0.00974	0.36266	0.41862	0.02906	0.01855	0.01753	0.01365	0.00723	0.00568	0.00181	0.00526	0.00576	0.00568	0.00921
12	0.15351	0.01694	0.01351	0.01150	0.01479	0.28273	0.00897	0.20313	0.01709	0.10743	0.05581	0.01536	0.01189	0.05558	0.00657	0.00186	0.00688	0.00479	0.00437	0.00730
13	0.00714	0.00515	0.00669	0.00780	0.00832	0.00483	0.00540	0.00825	0.01097	0.01444	0.03198	0.62050	0.09081	0.06952	0.00863	0.00250	0.00356	0.08385	0.00510	0.00457
14	0.02084	0.01533	0.01644	0.01267	0.01698	0.01695	0.01039	0.71760	0.02570	0.03445	0.01369	0.01448	0.01002	0.03980	0.00659	0.00185	0.00616	0.00520	0.00554	0.00931
15	0.01250	0.01192	0.02027	0.35991	0.45287	0.01300	0.01656	0.01602	0.01214	0.01666	0.01033	0.01439	0.00830	0.00528	0.00560	0.00176	0.00704	0.00501	0.00266	0.00777
16	0.00693	0.00503	0.00641	0.00746	0.00795	0.00466	0.00498	0.00789	0.01081	0.01420	0.03296	0.65626	0.11858	0.07674	0.00875	0.00248	0.00338	0.01494	0.00509	0.00450
17	0.84197	0.01088	0.00827	0.00740	0.01088	0.01262	0.00609	0.01654	0.00958	0.02525	0.00784	0.00914	0.00609	0.00522	0.00348	0.00174	0.00435	0.00305	0.00348	0.00609
18	0.01211	0.01116	0.01869	0.38895	0.36502	0.01234	0.01548	0.01559	0.01200	0.01669	0.01090	0.01497	0.00866	0.00542	0.00547	0.00174	0.00676	0.00503	0.06563	0.00738
19	0.00742	0.00531	0.00710	0.00798	0.00868	0.00500	0.00575	0.00902	0.01233	0.01670	0.21095	0.51688	0.04049	0.01585	0.00713	0.00220	0.00337	0.10756	0.00546	0.00483
20	0.00978	0.00489	0.00733	0.00733	0.00733	0.00489	0.00489	0.00733	0.00733	0.00978	0.00978	0.01711	0.00978	0.01955	0.02199	0.83627	0.00489	0.00489	0.00244	0.00244
21	0.02091	0.01552	0.01662	0.01285	0.01727	0.01723	0.01058	0.70168	0.07392	0.03469	0.01412	0.01400	0.01006	0.00681	0.00564	0.00170	0.00608	0.00515	0.00564	0.00953
22	0.00685	0.00555	0.00596	0.00617	0.00765	0.00479	0.00444	0.00817	0.01234	0.01516	0.08510	0.18271	0.55629	0.06336	0.00810	0.00218	0.00307	0.01229	0.00516	0.00466
23	0.00707	0.00569	0.00615	0.00605	0.00767	0.00493	0.00445	0.00866	0.01318	0.01655	0.21493	0.05009	0.54645	0.07337	0.00832	0.00214	0.00300	0.01121	0.00531	0.00478
24	0.01171	0.11638	0.68950	0.01532	0.02324	0.01410	0.01954	0.01771	0.01183	0.01731	0.00984	0.01156	0.00714	0.00529	0.00515	0.00172	0.00806	0.00403	0.00238	0.00819
25	0.01247	0.01033	0.01194	0.00882	0.01348	0.00844	0.00703	0.09629	0.01328	0.02002	0.01169	0.06046	0.01026	0.00529	0.00452	0.00102	0.00434	0.00431	0.00371	0.69230
26	0.01389	0.56692	0.25806	0.01160	0.01749	0.01944	0.01306	0.01715	0.01157	0.01465	0.00852	0.00990	0.00719	0.00498	0.00414	0.00138	0.00672	0.00336	0.00240	0.00756
27	0.01006	0.07371	0.26973	0.01095	0.01514	0.01003	0.01156	0.01490	0.07941	0.01811	0.14625	0.05516	0.14449	0.00976	0.00607	0.00189	0.00539	0.10649	0.00425	0.00666
28	0.00801	0.00606	0.00718	0.00749	0.00850	0.00592	0.00520	0.01084	0.09536	0.01624	0.14546	0.34498	0.15748	0.14255	0.01033	0.00261	0.00359	0.01205	0.00514	0.00501
29	0.84197	0.01088	0.00827	0.00740	0.01088	0.01262	0.00609	0.01654	0.00958	0.02525	0.00784	0.00914	0.00609	0.00522	0.00348	0.00174	0.00435	0.00305	0.00348	0.00609
30	0.01462	0.01467	0.22174	0.01148	0.01571	0.01030	0.01149	0.14785	0.01519	0.14711	0.01849	0.06356	0.01602	0.03933	0.00672	0.00202	0.00580	0.13446	0.09596	0.00748
31	0.00679	0.00565	0.00594	0.00599	0.00772	0.00479	0.00445	0.00830	0.01297	0.01584	0.12267	0.10827	0.64278	0.01424	0.00669	0.00192	0.00286	0.01202	0.00532	0.00479
32	0.01412	0.01344	0.01795	0.15330	0.27357	0.13617	0.06835	0.01678	0.01250	0.06458	0.01213	0.01711	0.01038	0.09771	0.06567	0.00266	0.00796	0.00538	0.00312	0.00710
33	0.00738	0.00560	0.00671	0.00668	0.00799	0.00503	0.00486	0.00926	0.01379	0.01839	0.38888	0.15231	0.28581	0.05249	0.00781	0.00207	0.00294	0.01146	0.00560	0.00493
34	0.00882	0.00532	0.00712	0.00712	0.00729	0.00549	0.00464	0.00815	0.00798	0.01081	0.01399	0.02617	0.01495	0.34949	0.15299	0.35016	0.00685	0.00645	0.00294	0.00328
35	0.01559	0.07128	0.04192	0.05187	0.08071	0.03400	0.05531	0.13241	0.18049	0.10625	0.01617	0.01790	0.01247	0.05808	0.00684	0.00193	0.00568	0.00551	0.09770	0.00789
36	0.00808	0.00593	0.00802	0.00841	0.00930	0.00620	0.00626	0.01033	0.04185	0.01531	0.11956	0.24542	0.02841	0.10268	0.27065	0.00484	0.00767	0.09169	0.00444	0.00495
37	0.10972	0.26800	0.07781	0.01369	0.01814	0.22782	0.14777	0.01836	0.01290	0.01605	0.01059	0.01226	0.03336	0.00548	0.00480	0.00153	0.00768	0.00425	0.00284	0.00697

[dist]
# distance from previous block
# <min> <max>
0	36

[block]
# block no. 7 follows, 42 sequences, length 44
# corresponding to MSA columns:
# 603-610,614-649
name=unknown_H
#
# <colnr> <probs for GDERKNQSTAVLIFYWHMCP>
#	G	D	E	R	K	N	Q	S	T	A	V	L	I	F	Y	W	H	M	C	P
0	0.01422	0.05317	0.06279	0.05467	0.04605	0.01333	0.01023	0.19525	0.27020	0.02328	0.04742	0.02383	0.05718	0.04153	0.00676	0.00200	0.00540	0.05990	0.00488	0.00793
1	0.03901	0.15644	0.08642	0.01416	0.09260	0.04415	0.01141	0.31322	0.05897	0.02447	0.04384	0.01453	0.01123	0.00855	0.05481	0.00209	0.00682	0.00485	0.00418	0.00826
2	0.11022	0.09676	0.04626	0.01620	0.19623	0.03492	0.01090	0.12700	0.14720	0.02185	0.01456	0.06344	0.01227	0.00679	0.00515	0.00170	0.00552	0.01366	0.06151	0.00785
3	0.00972	0.00629	0.00749	0.00700	0.00807	0.00580	0.00454	0.01046	0.00991	0.07036	0.04851	0.14277	0.02212	0.49412	0.01977	0.00397	0.00481	0.00858	0.00404	0.11167
4	0.04963	0.01145	0.01091	0.00955	0.01219	0.09470	0.00745	0.17442	0.14335	0.02378	0.19692	0.02568	0.08998	0.00851	0.00560	0.00169	0.00463	0.00690	0.11571	0.00695
5	0.01082	0.01434	0.23325	0.01358	0.08658	0.00954	0.06702	0.05916	0.01285	0.01860	0.02093	0.17063	0.09475	0.00889	0.00572	0.00180	0.00555	0.00778	0.15146	0.00675
6	0.01019	0.00918	0.04127	0.01294	0.11457	0.00888	0.00887	0.01596	0.21080	0.01814	0.05513	0.31068	0.05626	0.01214	0.00652	0.00208	0.00442	0.09045	0.00495	0.00658
7	0.01051	0.00970	0.05509	0.01261	0.06162	0.00928	0.09066	0.04152	0.01174	0.04642	0.05306	0.08331	0.11692	0.06259	0.23588	0.00423	0.07742	0.00761	0.00378	0.00606
8	0.01430	0.01787	0.22542	0.04130	0.16534	0.06706	0.01435	0.15664	0.01465	0.02055	0.01140	0.01386	0.00893	0.00776	0.04020	0.00207	0.08952	0.00475	0.07618	0.00785
9	0.01167	0.01551	0.22574	0.01516	0.08481	0.01148	0.08708	0.09345	0.01350	0.01885	0.06984	0.10043	0.07190	0.04219	0.00823	0.00208	0.08135	0.03593	0.00374	0.00704
10	0.10246	0.04410	0.01892	0.05649	0.17978	0.05142	0.16700	0.01771	0.11197	0.01856	0.01460	0.12014	0.01321	0.00705	0.00563	0.00178	0.00632	0.00657	0.00360	0.05270
11	0.01031	0.00794	0.00867	0.00826	0.00949	0.00865	0.00561	0.01642	0.29297	0.01593	0.02052	0.07791	0.02025	0.45166	0.01861	0.00391	0.00494	0.00797	0.00440	0.00557
12	0.01189	0.01163	0.05671	0.01215	0.01543	0.01115	0.12185	0.11314	0.06934	0.01968	0.07552	0.02582	0.19174	0.00994	0.03502	0.00207	0.11151	0.00716	0.00421	0.09402
13	0.01266	0.01042	0.06227	0.01132	0.01394	0.01015	0.05621	0.07002	0.01229	0.10695	0.05212	0.01876	0.01352	0.01952	0.27974	0.00433	0.12263	0.00564	0.04916	0.06833
14	0.01352	0.01295	0.02210	0.12855	0.67633	0.01326	0.01707	0.01691	0.01262	0.01789	0.01051	0.01406	0.00874	0.00509	0.00558	0.00170	0.00679	0.00501	0.00275	0.00858
15	0.01314	0.00676	0.00835	0.00732	0.00963	0.00604	0.00571	0.01540	0.01462	0.23671	0.27507	0.03413	0.17812	0.00987	0.00588	0.00171	0.00330	0.00834	0.15350	0.00642
16	0.03345	0.01051	0.01751	0.65917	0.14283	0.01263	0.01561	0.01485	0.01143	0.01525	0.01003	0.01469	0.00767	0.00553	0.00556	0.00184	0.00730	0.00495	0.00257	0.00663
17	0.14932	0.01429	0.01140	0.01096	0.05394	0.25665	0.00795	0.02843	0.01364	0.12570	0.01362	0.01486	0.01035	0.00608	0.00459	0.00151	0.00590	0.00442	0.25975	0.00666
18	0.00729	0.00576	0.00664	0.00688	0.00844	0.00511	0.00530	0.00909	0.01325	0.01676	0.18267	0.11880	0.45323	0.01424	0.00687	0.00202	0.00322	0.12414	0.00540	0.00491
19	0.01040	0.00833	0.03776	0.03652	0.07213	0.00754	0.04786	0.01267	0.01308	0.08589	0.21136	0.10928	0.18375	0.06956	0.00849	0.00214	0.03750	0.00919	0.03060	0.00595
20	0.00905	0.00608	0.00801	0.00792	0.00891	0.00658	0.00587	0.04199	0.01057	0.01554	0.05815	0.08556	0.01844	0.12155	0.37703	0.05436	0.00922	0.00707	0.14321	0.00489
21	0.01449	0.21614	0.01594	0.00989	0.01308	0.09951	0.00826	0.13116	0.05639	0.06277	0.10050	0.07847	0.12516	0.00890	0.00550	0.00167	0.00532	0.03540	0.00453	0.00692
22	0.01325	0.05202	0.32079	0.07304	0.05087	0.01259	0.05487	0.06951	0.08623	0.06569	0.01471	0.01585	0.04764	0.00605	0.00539	0.00168	0.00670	0.00502	0.00351	0.09457
23	0.01407	0.18336	0.20724	0.01908	0.24924	0.02394	0.01442	0.05346	0.04438	0.04588	0.01132	0.02821	0.00918	0.00552	0.00504	0.00156	0.00655	0.00454	0.00311	0.06991
24	0.01619	0.05826	0.01761	0.04862	0.12099	0.11671	0.04702	0.20197	0.18620	0.02226	0.01461	0.05469	0.01193	0.00706	0.00630	0.00177	0.04979	0.00567	0.00426	0.00812
25	0.05287	0.15945	0.01882	0.01611	0.14424	0.32439	0.01121	0.09954	0.01512	0.04785	0.01025	0.01194	0.00838	0.00761	0.04730	0.00191	0.00820	0.00410	0.00329	0.00741
26	0.01249	0.01523	0.16048	0.01569	0.06022	0.01243	0.19317	0.06670	0.21331	0.02012	0.02240	0.02284	0.14445	0.00746	0.00603	0.00185	0.00638	0.00683	0.00413	0.00778
27	0.00867	0.00554	0.00730	0.00773	0.00872	0.00508	0.00546	0.01020	0.01263	0.07994	0.21880	0.50762	0.07081	0.01502	0.00689	0.00209	0.00322	0.01347	0.00562	0.00519
28	0.00904	0.00581	0.00672	0.00644	0.00782	0.00542	0.00466	0.01077	0.01248	0.05841	0.20900	0.03843	0.23634	0.16561	0.04978	0.00281	0.00400	0.00893	0.15254	0.00499
29	0.00809	0.00587	0.00706	0.00691	0.00851	0.00523	0.00525	0.01014	0.01422	0.04647	0.36899	0.09407	0.32651	0.01304	0.00671	0.00190	0.00301	0.05709	0.00572	0.00520
30	0.28570	0.01067	0.01115	0.00914	0.01247	0.01126	0.00725	0.18387	0.01493	0.22760	0.01479	0.01778	0.01157	0.14793	0.00904	0.00239	0.00508	0.00513	0.00490	0.00735
31	0.20092	0.01131	0.01461	0.05792	0.14305	0.01267	0.04502	0.09919	0.09021	0.02107	0.01481	0.11537	0.01373	0.00820	0.00686	0.00194	0.08896	0.04309	0.00396	0.00711
32	0.13512	0.55133	0.15877	0.01045	0.01569	0.01922	0.01110	0.01698	0.01124	0.01581	0.00823	0.00955	0.00704	0.00497	0.00390	0.00139	0.00618	0.00322	0.00256	0.00725
33	0.01426	0.57316	0.02506	0.01171	0.06652	0.05806	0.00987	0.01600	0.01142	0.01365	0.01008	0.06926	0.01002	0.03245	0.00588	0.00155	0.05698	0.00444	0.00270	0.00691
34	0.84197	0.01088	0.00827	0.00740	0.01088	0.01262	0.00609	0.01654	0.00958	0.02525	0.00784	0.00914	0.00609	0.00522	0.00348	0.00174	0.00435	0.00305	0.00348	0.00609
35	0.01252	0.01047	0.01435	0.01792	0.26675	0.04260	0.01056	0.01697	0.13082	0.06573	0.01819	0.06388	0.05249	0.06620	0.18147	0.00365	0.00778	0.00660	0.00388	0.00718
36	0.00718	0.00557	0.00654	0.00661	0.00801	0.00493	0.00484	0.00899	0.01362	0.01782	0.31834	0.18565	0.36404	0.01384	0.00674	0.00192	0.00285	0.01199	0.00559	0.00493
37	0.08092	0.14462	0.14127	0.01596	0.09582	0.01523	0.09554	0.05205	0.01228	0.09763	0.01066	0.01284	0.00838	0.00676	0.01646	0.00190	0.17619	0.00464	0.00323	0.00763
38	0.00872	0.00706	0.00887	0.12817	0.01356	0.00702	0.00708	0.05579	0.01428	0.01845	0.23706	0.04299	0.35204	0.01180	0.00651	0.00190	0.00390	0.06422	0.00509	0.00547
39	0.00802	0.00576	0.00786	0.00794	0.00855	0.00632	0.00564	0.00925	0.00885	0.01238	0.01700	0.07532	0.01776	0.30899	0.46692	0.00736	0.01095	0.00741	0.00329	0.00443
40	0.01265	0.01355	0.10022	0.15879	0.23933	0.01263	0.07912	0.09729	0.01358	0.01875	0.03429	0.04597	0.04666	0.00871	0.04887	0.00223	0.05056	0.00599	0.00331	0.00751
41	0.12897	0.00694	0.00715	0.00753	0.00876	0.03169	0.00544	0.01014	0.01091	0.01570	0.02924	0.27871	0.16985	0.16841	0.01075	0.00276	0.00422	0.09356	0.00453	0.00473
42	0.05938	0.22632	0.07800	0.01103	0.01479	0.13357	0.05476	0.05645	0.01381	0.04912	0.09791	0.06959	0.09774	0.00781	0.00525	0.00162	0.00604	0.00623	0.00384	0.00674
43	0.01344	0.08166	0.01245	0.01036	0.04201	0.07117	0.00774	0.06144	0.09452	0.10496	0.02318	0.12048	0.09927	0.11183	0.00879	0.00227	0.00515	0.07233	0.00463	0.05233

[dist]
# distance from previous block
# <min> <max>
2	19

[block]
# block no. 8 follows, 42 sequences, length 20
# corresponding to MSA columns:
# 669-688
name=unknown_I
#
# <colnr> <probs for GDERKNQSTAVLIFYWHMCP>
#	G	D	E	R	K	N	Q	S	T	A	V	L	I	F	Y	W	H	M	C	P
0	0.01376	0.05146	0.27547	0.01711	0.15886	0.06294	0.01443	0.02114	0.20729	0.05760	0.01637	0.01695	0.04908	0.00643	0.00548	0.00175	0.00657	0.00528	0.00375	0.00830
1	0.00755	0.00520	0.00625	0.00689	0.00751	0.00489	0.00459	0.00866	0.01090	0.01492	0.06808	0.42177	0.12781	0.17524	0.01109	0.00275	0.00355	0.01239	0.09549	0.00447
2	0.01091	0.04169	0.25431	0.01263	0.06446	0.01097	0.01187	0.01795	0.20333	0.01915	0.10900	0.02671	0.17681	0.00849	0.00583	0.00181	0.00534	0.00707	0.00430	0.00737
3	0.01238	0.01200	0.06508	0.01966	0.27669	0.01149	0.05980	0.08729	0.06549	0.01832	0.01356	0.01837	0.01174	0.07736	0.22134	0.00404	0.00899	0.00569	0.00336	0.00735
4	0.00844	0.00691	0.00781	0.00717	0.00943	0.00609	0.00540	0.01143	0.07274	0.01788	0.19041	0.12524	0.33792	0.01171	0.00619	0.00172	0.00322	0.01000	0.00513	0.15515
5	0.10370	0.11021	0.01871	0.08680	0.26506	0.06742	0.02288	0.04434	0.10239	0.10668	0.01271	0.01411	0.00976	0.00572	0.00513	0.00166	0.00621	0.00472	0.00373	0.00809
6	0.01647	0.01876	0.14091	0.06820	0.04867	0.19290	0.01238	0.21618	0.12430	0.02234	0.05149	0.01535	0.01191	0.00747	0.02629	0.00189	0.00739	0.00505	0.00409	0.00796
7	0.00694	0.00550	0.00624	0.00649	0.00789	0.00480	0.00470	0.00847	0.01285	0.01630	0.17608	0.24257	0.45202	0.01463	0.00678	0.00198	0.00292	0.01263	0.00540	0.00480
8	0.01439	0.09812	0.06606	0.01318	0.06389	0.07277	0.09002	0.02836	0.06319	0.11276	0.04133	0.09905	0.01429	0.01902	0.00571	0.00161	0.00586	0.00604	0.00401	0.18035
9	0.00917	0.00551	0.00666	0.00706	0.00822	0.00510	0.00504	0.01073	0.01176	0.07675	0.03150	0.41056	0.15473	0.01408	0.02124	0.00208	0.00340	0.01174	0.19949	0.00517
10	0.01231	0.01231	0.01724	0.01477	0.01477	0.01724	0.01231	0.01354	0.00862	0.01354	0.00739	0.01231	0.00739	0.00985	0.01847	0.00246	0.79192	0.00492	0.00246	0.00616
11	0.10562	0.03374	0.08996	0.06263	0.01680	0.15661	0.01084	0.12007	0.09375	0.02010	0.01243	0.04323	0.01025	0.00711	0.00710	0.00179	0.12568	0.00498	0.07022	0.00710
12	0.15203	0.27159	0.02019	0.01153	0.01588	0.09275	0.06829	0.14672	0.01510	0.13978	0.01147	0.01204	0.00862	0.00565	0.00466	0.00154	0.00628	0.00415	0.00395	0.00778
13	0.01839	0.01083	0.01418	0.01098	0.01533	0.01006	0.06044	0.04568	0.18094	0.34092	0.01830	0.01725	0.01275	0.00626	0.00537	0.00156	0.00493	0.00529	0.00545	0.21508
14	0.00705	0.00565	0.00630	0.00628	0.00788	0.00490	0.00466	0.00880	0.01357	0.01730	0.26237	0.11033	0.49766	0.01372	0.00669	0.00189	0.00283	0.01171	0.00551	0.00490
15	0.00945	0.00663	0.00970	0.00952	0.01096	0.00630	0.05878	0.01189	0.04018	0.07157	0.15659	0.40897	0.03477	0.01417	0.00698	0.00216	0.00406	0.12642	0.00536	0.00553
16	0.06782	0.01180	0.01574	0.05711	0.20589	0.01334	0.01131	0.18015	0.04103	0.02067	0.01333	0.07901	0.01237	0.09461	0.01041	0.00230	0.14588	0.00616	0.00377	0.00730
17	0.00767	0.00562	0.00719	0.00788	0.00887	0.00528	0.00594	0.00937	0.01243	0.01639	0.16627	0.30434	0.15688	0.06627	0.00854	0.00241	0.00372	0.19485	0.00527	0.00481
18	0.01542	0.08865	0.01422	0.01140	0.03753	0.03652	0.00919	0.16474	0.06293	0.11970	0.03859	0.02613	0.01664	0.01008	0.03727	0.00215	0.06143	0.15211	0.08801	0.00732
19	0.06711	0.01007	0.01253	0.01063	0.01354	0.02615	0.07332	0.17981	0.01557	0.07086	0.05386	0.21695	0.09447	0.01046	0.00612	0.00187	0.00493	0.05402	0.00494	0.07281

[dist]
# distance from previous block
# <min> <max>
0	8

[block]
# block no. 9 follows, 42 sequences, length 20
# corresponding to MSA columns:
# 699-718
name=unknown_J
#
# <colnr> <probs for GDERKNQSTAVLIFYWHMCP>
#	G	D	E	R	K	N	Q	S	T	A	V	L	I	F	Y	W	H	M	C	P
0	0.05491	0.03914	0.06293	0.05535	0.13262	0.23007	0.07277	0.05823	0.01386	0.01760	0.03877	0.04739	0.01209	0.00880	0.05101	0.00212	0.02418	0.02922	0.04203	0.00692
1	0.14846	0.28000	0.02153	0.01362	0.06750	0.05933	0.08329	0.09604	0.01309	0.04182	0.00947	0.01130	0.00779	0.00581	0.00619	0.00162	0.10127	0.00409	0.00319	0.02459
