[name]
unknown

[dist]
# distance from previous block
# <min> <max>
0	586

[block]
# block no. 0 follows, 40 sequences, length 50
# corresponding to MSA columns:
# 603-652
name=unknown_A
#
# <colnr> <probs for GDERKNQSTAVLIFYWHMCP>
#	G	D	E	R	K	N	Q	S	T	A	V	L	I	F	Y	W	H	M	C	P
0	0.01382	0.02285	0.03206	0.01206	0.03277	0.06575	0.05682	0.13108	0.05344	0.07752	0.02408	0.20337	0.07673	0.03278	0.00735	0.00212	0.01671	0.10233	0.00496	0.03139
1	0.01164	0.02998	0.01145	0.01156	0.10247	0.02859	0.00779	0.03416	0.04830	0.08196	0.08986	0.06975	0.27321	0.01319	0.07140	0.00240	0.00529	0.00854	0.00482	0.09364
2	0.01241	0.06286	0.06717	0.10885	0.07184	0.01232	0.01114	0.11518	0.06657	0.01867	0.01441	0.05745	0.01266	0.01914	0.25622	0.00428	0.04774	0.00597	0.00362	0.03151
3	0.01270	0.01381	0.08197	0.20130	0.34333	0.05003	0.01509	0.01685	0.04877	0.01802	0.06630	0.04033	0.05287	0.00687	0.00591	0.00182	0.00672	0.00616	0.00338	0.00778
4	0.01369	0.03811	0.06898	0.24748	0.33569	0.01386	0.02813	0.07032	0.05023	0.01913	0.01148	0.01466	0.00905	0.00560	0.00565	0.00175	0.00701	0.00507	0.00315	0.05097
5	0.01321	0.01926	0.24889	0.13524	0.16494	0.11454	0.02728	0.01727	0.01299	0.01732	0.01349	0.01581	0.05684	0.00600	0.00553	0.00167	0.00749	0.00498	0.00296	0.11430
6	0.03438	0.03550	0.01864	0.59051	0.15888	0.01352	0.01584	0.03516	0.01228	0.01641	0.01041	0.01492	0.00801	0.00570	0.00568	0.00187	0.00744	0.00505	0.00275	0.00704
7	0.01187	0.01101	0.01805	0.15960	0.26214	0.01081	0.08558	0.01501	0.01270	0.01792	0.06222	0.12104	0.01571	0.00730	0.00590	0.00172	0.00611	0.00690	0.00351	0.16492
8	0.00911	0.00643	0.00731	0.04669	0.01006	0.00584	0.00540	0.01119	0.01232	0.01791	0.03253	0.15439	0.26052	0.01083	0.00564	0.00168	0.00337	0.00916	0.27302	0.11658
9	0.01414	0.01122	0.00997	0.00911	0.01147	0.11234	0.00700	0.07042	0.22593	0.02248	0.01863	0.01964	0.01438	0.00700	0.00488	0.00158	0.00456	0.00551	0.42274	0.00700
10	0.00713	0.00590	0.00625	0.00616	0.00801	0.00502	0.00462	0.00885	0.01387	0.01716	0.19228	0.05357	0.62272	0.01418	0.00687	0.00194	0.00291	0.01194	0.00559	0.00502
11	0.00950	0.00529	0.00589	0.00638	0.00737	0.00517	0.00454	0.01160	0.01182	0.01924	0.02365	0.29704	0.02333	0.01087	0.00527	0.00171	0.00295	0.00939	0.53383	0.00517
12	0.00873	0.00649	0.00848	0.00947	0.01097	0.00624	0.00810	0.01110	0.01335	0.01697	0.03800	0.06313	0.21899	0.01572	0.00773	0.00249	0.00474	0.53869	0.00537	0.00524
13	0.01003	0.00668	0.00857	0.00785	0.00959	0.00631	0.00597	0.01363	0.06421	0.08121	0.65124	0.04017	0.04929	0.01126	0.00672	0.00184	0.00304	0.00989	0.00643	0.00607
14	0.01953	0.01472	0.01569	0.01255	0.01667	0.01643	0.01020	0.51851	0.21152	0.03267	0.01672	0.01637	0.01218	0.00720	0.00575	0.00178	0.00574	0.00559	0.05070	0.00947
15	0.01416	0.52416	0.29328	0.01232	0.01859	0.01961	0.01407	0.01777	0.01198	0.01537	0.00893	0.01038	0.00743	0.00517	0.00437	0.00146	0.00707	0.00353	0.00248	0.00787
16	0.00844	0.00572	0.00677	0.00677	0.00692	0.00587	0.00406	0.00873	0.00858	0.01159	0.01793	0.03588	0.02020	0.68827	0.13567	0.00617	0.00706	0.00814	0.00347	0.00376
17	0.00846	0.00564	0.00634	0.00634	0.00634	0.00564	0.00352	0.00846	0.00846	0.01128	0.01832	0.03805	0.02114	0.79563	0.02960	0.00564	0.00564	0.00846	0.00352	0.00352
18	0.00834	0.00605	0.00841	0.00838	0.00916	0.00669	0.00612	0.00990	0.00962	0.01361	0.07051	0.02849	0.01929	0.24598	0.51434	0.00779	0.01193	0.00715	0.00347	0.00476
19	0.01206	0.01034	0.01206	0.00861	0.01378	0.00775	0.00689	0.01464	0.01206	0.01895	0.01034	0.01206	0.00861	0.00431	0.00431	0.00086	0.00431	0.00345	0.00345	0.83118
20	0.12936	0.18692	0.01812	0.01217	0.01602	0.26370	0.00997	0.15248	0.12112	0.02123	0.01167	0.01233	0.00922	0.00614	0.00490	0.00160	0.00718	0.00420	0.00390	0.00776
21	0.00736	0.00550	0.00688	0.00769	0.00862	0.00502	0.00550	0.00882	0.01245	0.01624	0.12135	0.46659	0.21460	0.01647	0.00728	0.00223	0.00336	0.07363	0.00551	0.00491
22	0.83671	0.01125	0.00855	0.00765	0.01125	0.01305	0.00630	0.01709	0.00990	0.02609	0.00810	0.00945	0.00630	0.00540	0.00360	0.00180	0.00450	0.00315	0.00360	0.00630
23	0.83671	0.01125	0.00855	0.00765	0.01125	0.01305	0.00630	0.01709	0.00990	0.02609	0.00810	0.00945	0.00630	0.00540	0.00360	0.00180	0.00450	0.00315	0.00360	0.00630
24	0.00736	0.00591	0.00657	0.00640	0.00815	0.00512	0.00480	0.00929	0.01440	0.01844	0.30896	0.05147	0.50525	0.01371	0.00687	0.00192	0.00287	0.01164	0.00576	0.00512
25	0.01166	0.03008	0.76550	0.01657	0.02517	0.01351	0.02149	0.01842	0.01228	0.01842	0.01044	0.01228	0.00737	0.00552	0.00552	0.00184	0.00859	0.00430	0.00246	0.00859
26	0.01179	0.00989	0.01139	0.06422	0.01497	0.01096	0.00898	0.02164	0.40257	0.02063	0.03000	0.03736	0.13677	0.01081	0.00658	0.00214	0.00475	0.18169	0.00547	0.00740
27	0.01272	0.01272	0.01781	0.01527	0.01527	0.01781	0.01272	0.01399	0.00891	0.01399	0.00763	0.01272	0.00763	0.01018	0.01908	0.00254	0.78499	0.00509	0.00254	0.00636
28	0.00768	0.00635	0.00680	0.00665	0.00858	0.00568	0.00504	0.01040	0.06181	0.01776	0.18938	0.05154	0.55899	0.01377	0.00683	0.00195	0.00307	0.02679	0.00562	0.00531
29	0.00847	0.00582	0.00767	0.00783	0.00848	0.00626	0.00551	0.00982	0.00955	0.01376	0.01869	0.11507	0.01945	0.28206	0.36580	0.00654	0.00965	0.00804	0.08692	0.00462
30	0.01467	0.02347	0.42334	0.01936	0.16314	0.08533	0.01789	0.01945	0.01306	0.09316	0.01146	0.01330	0.00846	0.00600	0.00654	0.00183	0.06332	0.00463	0.00307	0.00851
31	0.00717	0.00513	0.00682	0.00804	0.00845	0.00478	0.00540	0.00831	0.01152	0.01546	0.08503	0.73708	0.03966	0.01776	0.00738	0.00232	0.00333	0.01609	0.00547	0.00478
32	0.02293	0.01496	0.01663	0.01275	0.01737	0.01606	0.01053	0.59199	0.02512	0.18777	0.01583	0.01517	0.01083	0.00703	0.00582	0.00176	0.00610	0.00536	0.00610	0.00989
33	0.01314	0.01575	0.13009	0.06201	0.26437	0.01339	0.23224	0.01878	0.08782	0.01949	0.07267	0.01762	0.01332	0.00599	0.00616	0.00186	0.00749	0.00613	0.00341	0.00827
34	0.05607	0.01452	0.07776	0.07591	0.05424	0.15466	0.10076	0.01649	0.01254	0.01767	0.01285	0.01632	0.01045	0.01146	0.11531	0.00278	0.04113	0.00514	0.19736	0.00656
35	0.00709	0.00506	0.00675	0.00810	0.00843	0.00472	0.00540	0.00810	0.01113	0.01484	0.03205	0.79184	0.03846	0.01822	0.00742	0.00236	0.00337	0.01653	0.00540	0.00472
36	0.00864	0.00628	0.00680	0.00666	0.00878	0.00536	0.00517	0.01028	0.01354	0.07634	0.05361	0.05386	0.63531	0.01423	0.00689	0.00201	0.00331	0.07203	0.00554	0.00535
37	0.01272	0.01413	0.09669	0.13099	0.41192	0.01264	0.08900	0.01655	0.01315	0.01836	0.05430	0.01969	0.04921	0.00645	0.00604	0.00184	0.00702	0.02802	0.00319	0.00810
38	0.01100	0.00974	0.01568	0.26388	0.26108	0.01051	0.01278	0.01365	0.01170	0.01581	0.01627	0.14932	0.01648	0.12093	0.00957	0.00250	0.00633	0.04275	0.00342	0.00659
39	0.83671	0.01125	0.00855	0.00765	0.01125	0.01305	0.00630	0.01709	0.00990	0.02609	0.00810	0.00945	0.00630	0.00540	0.00360	0.00180	0.00450	0.00315	0.00360	0.00630
40	0.00854	0.00607	0.00756	0.00753	0.00777	0.00651	0.00489	0.00911	0.00885	0.01212	0.01818	0.08611	0.02031	0.54628	0.18219	0.00603	0.04594	0.00839	0.00352	0.00409
41	0.01452	0.01413	0.02192	0.07154	0.63665	0.06279	0.01665	0.01783	0.01332	0.01861	0.01118	0.01455	0.00930	0.00535	0.00564	0.00170	0.00698	0.00510	0.04352	0.00872
42	0.00823	0.00594	0.00777	0.00732	0.00869	0.00549	0.00549	0.01097	0.01646	0.02332	0.75629	0.04344	0.05487	0.01189	0.00686	0.00183	0.00274	0.01052	0.00640	0.00549
43	0.00760	0.00592	0.00691	0.00666	0.00830	0.00522	0.00499	0.00976	0.01498	0.01981	0.43497	0.04921	0.37837	0.01320	0.00687	0.00189	0.00284	0.01133	0.00594	0.00522
44	0.00935	0.00626	0.00797	0.00748	0.00917	0.00568	0.00574	0.01185	0.01581	0.07446	0.55663	0.04488	0.16148	0.01222	0.00685	0.00189	0.00307	0.04727	0.00625	0.00570
45	0.00800	0.00579	0.00726	0.00712	0.00824	0.00536	0.00509	0.01002	0.01439	0.01987	0.49832	0.12898	0.11897	0.12479	0.01017	0.00245	0.00325	0.01108	0.00578	0.00506
46	0.01446	0.01249	0.01315	0.01183	0.01512	0.01446	0.00920	0.03090	0.74885	0.02433	0.02367	0.02170	0.01775	0.00789	0.00592	0.00197	0.00460	0.00657	0.00592	0.00920
47	0.01278	0.01300	0.01758	0.28926	0.02433	0.07318	0.01384	0.01500	0.01045	0.01432	0.00870	0.01355	0.00767	0.00830	0.01329	0.00225	0.44845	0.00502	0.00259	0.00643
48	0.05517	0.01201	0.01165	0.01024	0.01250	0.11927	0.00799	0.11475	0.06220	0.08063	0.01543	0.01875	0.01260	0.07051	0.08564	0.00278	0.08534	0.00543	0.21030	0.00679
49	0.01059	0.00870	0.01004	0.11286	0.01380	0.06572	0.00740	0.01309	0.06296	0.03612	0.01891	0.04918	0.05590	0.29868	0.20619	0.00509	0.00848	0.00731	0.00369	0.00528

[dist]
# distance from previous block
# <min> <max>
2	3

[block]
# block no. 1 follows, 40 sequences, length 72
# corresponding to MSA columns:
# 662-684,686-734
name=unknown_B
#
# <colnr> <probs for GDERKNQSTAVLIFYWHMCP>
#	G	D	E	R	K	N	Q	S	T	A	V	L	I	F	Y	W	H	M	C	P
0	0.01098	0.01034	0.01744	0.78165	0.04005	0.01292	0.01615	0.01486	0.01163	0.01486	0.01034	0.01550	0.00775	0.00581	0.00581	0.00194	0.00775	0.00517	0.00258	0.00646
1	0.01159	0.01110	0.01551	0.22096	0.02082	0.04169	0.01215	0.01407	0.02367	0.01496	0.05970	0.01727	0.01212	0.01445	0.13861	0.00341	0.35311	0.00564	0.00298	0.00620
2	0.83671	0.01125	0.00855	0.00765	0.01125	0.01305	0.00630	0.01709	0.00990	0.02609	0.00810	0.00945	0.00630	0.00540	0.00360	0.00180	0.00450	0.00315	0.00360	0.00630
3	0.00766	0.00592	0.00698	0.00672	0.00834	0.00524	0.00504	0.00987	0.01512	0.02013	0.46408	0.04869	0.34907	0.01308	0.00686	0.00189	0.00283	0.01125	0.00598	0.00524
4	0.01098	0.01034	0.01744	0.78165	0.04005	0.01292	0.01615	0.01486	0.01163	0.01486	0.01034	0.01550	0.00775	0.00581	0.00581	0.00194	0.00775	0.00517	0.00258	0.00646
5	0.00893	0.00582	0.00873	0.00873	0.00941	0.00650	0.00650	0.00941	0.00873	0.01232	0.01367	0.02105	0.01299	0.03547	0.51164	0.29521	0.01191	0.00582	0.00291	0.00426
6	0.00878	0.00613	0.00835	0.00961	0.01065	0.00603	0.00786	0.01096	0.01264	0.01690	0.03045	0.28011	0.03383	0.01615	0.00761	0.00250	0.00460	0.46643	0.05526	0.00517
7	0.36731	0.01527	0.09751	0.01133	0.01562	0.01519	0.01020	0.26899	0.05537	0.02807	0.01120	0.01218	0.00835	0.00638	0.00565	0.00184	0.05296	0.00430	0.00430	0.00796
8	0.06921	0.02489	0.07384	0.01391	0.01734	0.58681	0.01120	0.04017	0.01578	0.01598	0.01309	0.01422	0.06624	0.00663	0.00531	0.00159	0.00928	0.00446	0.00325	0.00680
9	0.83671	0.01125	0.00855	0.00765	0.01125	0.01305	0.00630	0.01709	0.00990	0.02609	0.00810	0.00945	0.00630	0.00540	0.00360	0.00180	0.00450	0.00315	0.00360	0.00630
10	0.00727	0.00571	0.00661	0.00714	0.00850	0.00506	0.00528	0.00879	0.01279	0.01606	0.09001	0.28760	0.41768	0.01578	0.00716	0.00215	0.00330	0.08271	0.00546	0.00493
11	0.01439	0.01382	0.02360	0.03569	0.75936	0.01382	0.01785	0.01785	0.01324	0.01900	0.01094	0.01439	0.00921	0.00518	0.00576	0.00173	0.00691	0.00518	0.00288	0.00921
12	0.00823	0.00594	0.00777	0.00732	0.00869	0.00549	0.00549	0.01097	0.01646	0.02332	0.75629	0.04344	0.05487	0.01189	0.00686	0.00183	0.00274	0.01052	0.00640	0.00549
13	0.00831	0.00623	0.00935	0.00935	0.01038	0.00727	0.00727	0.01038	0.00935	0.01350	0.01558	0.02285	0.01454	0.04361	0.77259	0.00935	0.01558	0.00623	0.00312	0.00519
14	0.00979	0.00842	0.01220	0.01134	0.01203	0.01082	0.00911	0.01160	0.00920	0.01367	0.01290	0.01944	0.01221	0.03235	0.51880	0.00706	0.27472	0.00585	0.00292	0.00559
15	0.00782	0.00633	0.00900	0.00922	0.01011	0.00622	0.04945	0.00915	0.01146	0.01514	0.03325	0.58334	0.14254	0.01637	0.00808	0.00229	0.05556	0.01456	0.00506	0.00505
16	0.01181	0.00967	0.01149	0.00848	0.01300	0.00741	0.00666	0.01375	0.01149	0.01783	0.01031	0.01277	0.00880	0.00631	0.00663	0.10544	0.00440	0.00365	0.00333	0.72676
17	0.01181	0.01061	0.01034	0.00969	0.01111	0.10516	0.00701	0.05269	0.12860	0.01622	0.02234	0.11573	0.09128	0.26318	0.05476	0.00355	0.06761	0.00831	0.00426	0.00575
18	0.01191	0.01430	0.12447	0.01773	0.15942	0.05617	0.13303	0.01647	0.07122	0.01891	0.13957	0.06927	0.09459	0.00972	0.03536	0.00215	0.00671	0.00765	0.00406	0.00729
19	0.10442	0.01066	0.05596	0.00926	0.01261	0.00971	0.00782	0.07302	0.11856	0.02150	0.04965	0.02366	0.05623	0.04764	0.04409	0.00219	0.00513	0.05304	0.11231	0.18253
20	0.00844	0.00622	0.00798	0.00813	0.00880	0.00652	0.00584	0.00972	0.01082	0.01475	0.10190	0.16188	0.08443	0.26779	0.13979	0.00448	0.05357	0.07732	0.01693	0.00468
21	0.00989	0.00787	0.01002	0.00976	0.01108	0.00870	0.00769	0.01301	0.08367	0.04217	0.06662	0.18743	0.18736	0.01600	0.06924	0.00282	0.14413	0.11185	0.00487	0.00584
22	0.01556	0.48835	0.06435	0.01316	0.08847	0.06489	0.01109	0.06134	0.01323	0.01654	0.00918	0.01067	0.00792	0.00512	0.00431	0.00132	0.00644	0.00358	0.00288	0.11159
23	0.01400	0.03379	0.01291	0.07039	0.01558	0.16923	0.00843	0.01701	0.04512	0.05998	0.18579	0.02085	0.03307	0.00706	0.00540	0.00143	0.00559	0.00570	0.00429	0.28437
24	0.01350	0.00837	0.00986	0.00848	0.01085	0.00836	0.00665	0.16229	0.01780	0.10396	0.37164	0.03033	0.03298	0.00931	0.00595	0.00171	0.00372	0.00787	0.17954	0.00684
25	0.18708	0.01135	0.01132	0.01011	0.01329	0.01279	0.00795	0.07352	0.41579	0.02447	0.06263	0.02384	0.10564	0.00833	0.00559	0.00191	0.00441	0.00665	0.00538	0.00793
26	0.00831	0.00601	0.00732	0.00775	0.00838	0.00604	0.00522	0.01019	0.05927	0.01436	0.04109	0.29927	0.07157	0.31497	0.07575	0.00411	0.00533	0.04584	0.00456	0.00466
27	0.01167	0.00971	0.01135	0.00836	0.01301	0.00743	0.00663	0.01423	0.01228	0.01922	0.05091	0.03391	0.01215	0.00519	0.00451	0.00098	0.00412	0.00425	0.04685	0.72325
28	0.05767	0.01791	0.01438	0.01271	0.01599	0.27814	0.00983	0.11957	0.32745	0.02247	0.05252	0.01725	0.01442	0.00719	0.00560	0.00176	0.00679	0.00544	0.00480	0.00811
29	0.00798	0.00568	0.00640	0.00647	0.00705	0.00539	0.00404	0.00863	0.01045	0.01361	0.09418	0.10162	0.18898	0.49135	0.02078	0.00423	0.00460	0.01012	0.00434	0.00410
30	0.00783	0.00578	0.00650	0.00661	0.00754	0.00536	0.00446	0.00883	0.01138	0.01458	0.10665	0.09217	0.29018	0.35067	0.01674	0.00359	0.00424	0.04781	0.00469	0.00438
31	0.30202	0.19210	0.06166	0.01038	0.01469	0.01609	0.00931	0.11024	0.16498	0.04905	0.01268	0.01303	0.00971	0.00608	0.00458	0.00170	0.00541	0.00427	0.00415	0.00787
32	0.01182	0.00877	0.00996	0.00953	0.01153	0.00934	0.00702	0.03360	0.31178	0.06881	0.05516	0.26001	0.06950	0.09483	0.00896	0.00246	0.00423	0.01021	0.00558	0.00691
33	0.00780	0.00536	0.00654	0.00718	0.00734	0.00520	0.00442	0.00828	0.00974	0.01299	0.02490	0.39913	0.02944	0.42324	0.01898	0.00407	0.00455	0.01232	0.00442	0.00410
34	0.01157	0.00982	0.01154	0.00856	0.01326	0.00746	0.00674	0.01400	0.01197	0.01855	0.01246	0.08829	0.01153	0.00567	0.00461	0.00101	0.00422	0.00472	0.00364	0.75039
35	0.00730	0.00532	0.00719	0.00821	0.00877	0.00521	0.00570	0.00854	0.01091	0.01464	0.03038	0.60974	0.07164	0.02278	0.15022	0.00364	0.00563	0.01439	0.00497	0.00482
36	0.01068	0.00617	0.00736	0.00705	0.00857	0.00610	0.00526	0.01261	0.01165	0.08977	0.02581	0.03023	0.15217	0.12054	0.19182	0.00398	0.00643	0.00732	0.29101	0.00546
37	0.01098	0.01034	0.01744	0.78165	0.04005	0.01292	0.01615	0.01486	0.01163	0.01486	0.01034	0.01550	0.00775	0.00581	0.00581	0.00194	0.00775	0.00517	0.00258	0.00646
38	0.02014	0.02392	0.01864	0.01584	0.01939	0.54599	0.10640	0.08747	0.07443	0.01761	0.01095	0.01236	0.00868	0.00609	0.00556	0.00162	0.00957	0.00451	0.00347	0.00736
39	0.00703	0.00590	0.00612	0.00606	0.00795	0.00498	0.00455	0.00866	0.01364	0.01662	0.14219	0.05447	0.67315	0.01439	0.00687	0.00195	0.00292	0.01206	0.00552	0.00498
40	0.00712	0.00520	0.00679	0.00794	0.00847	0.00487	0.00539	0.00823	0.01125	0.01486	0.03387	0.68278	0.10727	0.01911	0.04458	0.00266	0.00393	0.01562	0.00529	0.00476
41	0.00739	0.00587	0.00692	0.00706	0.00847	0.00556	0.00520	0.00886	0.01166	0.01472	0.04178	0.12381	0.43323	0.07900	0.20937	0.00421	0.00650	0.01086	0.00467	0.00486
42	0.01098	0.01034	0.01744	0.78165	0.04005	0.01292	0.01615	0.01486	0.01163	0.01486	0.01034	0.01550	0.00775	0.00581	0.00581	0.00194	0.00775	0.00517	0.00258	0.00646
43	0.01166	0.03008	0.76550	0.01657	0.02517	0.01351	0.02149	0.01842	0.01228	0.01842	0.01044	0.01228	0.00737	0.00552	0.00552	0.00184	0.00859	0.00430	0.00246	0.00859
44	0.01419	0.01557	0.06377	0.12032	0.43160	0.06421	0.16926	0.01804	0.01331	0.01808	0.01088	0.01443	0.00874	0.00527	0.00595	0.00179	0.00795	0.00539	0.00284	0.00840
45	0.00933	0.00622	0.00794	0.00735	0.00902	0.00563	0.00557	0.01187	0.01605	0.07520	0.61243	0.04339	0.14406	0.01193	0.00679	0.00184	0.00293	0.01041	0.00633	0.00573
46	0.01555	0.79913	0.03047	0.00995	0.01493	0.02301	0.00995	0.01741	0.01182	0.01368	0.00808	0.00933	0.00746	0.00498	0.00373	0.00124	0.00622	0.00311	0.00249	0.00746
47	0.00695	0.00589	0.00600	0.00598	0.00790	0.00494	0.00448	0.00850	0.01345	0.01616	0.10051	0.05522	0.71511	0.01456	0.00687	0.00196	0.00293	0.01217	0.00546	0.00494
48	0.00799	0.00593	0.00744	0.00706	0.00854	0.00538	0.00530	0.01050	0.01589	0.02195	0.63117	0.04569	0.18084	0.01240	0.00686	0.00185	0.00278	0.01083	0.00622	0.00538
49	0.01272	0.01272	0.01781	0.01527	0.01527	0.01781	0.01272	0.01399	0.00891	0.01399	0.00763	0.01272	0.00763	0.01018	0.01908	0.00254	0.78499	0.00509	0.00254	0.00636
50	0.55883	0.01063	0.00925	0.00849	0.01160	0.01214	0.00683	0.01842	0.13799	0.02435	0.04918	0.01835	0.01317	0.04567	0.00573	0.00208	0.00454	0.05195	0.00425	0.00656
51	0.01272	0.01272	0.01781	0.01527	0.01527	0.01781	0.01272	0.01399	0.00891	0.01399	0.00763	0.01272	0.00763	0.01018	0.01908	0.00254	0.78499	0.00509	0.00254	0.00636
52	0.01318	0.01455	0.03117	0.02277	0.02808	0.01370	0.64639	0.01780	0.01368	0.01847	0.01416	0.02198	0.01193	0.00631	0.00701	0.00205	0.00924	0.09675	0.00325	0.00753
53	0.06559	0.01191	0.01410	0.01117	0.01545	0.01204	0.00913	0.19403	0.14769	0.42530	0.02020	0.01823	0.01351	0.00717	0.00574	0.00182	0.00520	0.00569	0.00646	0.00958
54	0.09615	0.01222	0.01300	0.01110	0.01455	0.01361	0.00882	0.18884	0.37228	0.07127	0.11597	0.02147	0.01951	0.00792	0.00579	0.00187	0.00478	0.00641	0.00581	0.00863
55	0.02211	0.01629	0.01745	0.01338	0.01803	0.01803	0.01105	0.73997	0.02734	0.03665	0.01396	0.01396	0.00989	0.00698	0.00582	0.00175	0.00640	0.00524	0.00582	0.00989
56	0.01421	0.01002	0.01383	0.26999	0.02268	0.01045	0.01093	0.01924	0.12197	0.15269	0.01741	0.02323	0.01409	0.00745	0.00582	0.00180	0.00574	0.09896	0.01827	0.16123
57	0.00744	0.00532	0.00713	0.00810	0.00852	0.00524	0.00549	0.00851	0.01054	0.01422	0.02780	0.58042	0.03258	0.11027	0.13551	0.00388	0.00563	0.01393	0.00481	0.00466
58	0.06243	0.01200	0.01520	0.01516	0.14771	0.05661	0.01032	0.02585	0.08699	0.47696	0.01930	0.01794	0.01298	0.00674	0.00569	0.00179	0.00558	0.00554	0.00587	0.00934
59	0.06684	0.01107	0.01570	0.01344	0.01489	0.01353	0.08077	0.08409	0.01172	0.01757	0.01424	0.16271	0.01454	0.01435	0.09852	0.00309	0.34549	0.00746	0.00358	0.00640
60	0.01230	0.02562	0.53878	0.01904	0.02679	0.01388	0.24373	0.01848	0.01273	0.01848	0.01085	0.01333	0.00782	0.00533	0.00594	0.00188	0.00897	0.00509	0.00261	0.00836
61	0.01075	0.00709	0.00775	0.00720	0.00849	0.00711	0.00491	0.06863	0.05484	0.05181	0.02561	0.03529	0.14600	0.41223	0.01796	0.00374	0.00476	0.00823	0.11246	0.00514
62	0.01001	0.00990	0.10357	0.00903	0.01181	0.00738	0.00812	0.06361	0.01443	0.05523	0.11733	0.12852	0.32039	0.01290	0.00679	0.00205	0.00434	0.10326	0.00525	0.00607
63	0.00844	0.00643	0.00822	0.00874	0.00919	0.00684	0.00608	0.01024	0.05444	0.01467	0.02625	0.48695	0.03041	0.17956	0.01314	0.00305	0.08040	0.03727	0.00476	0.00492
64	0.01138	0.00992	0.01348	0.01195	0.01249	0.01283	0.00963	0.01330	0.04641	0.01572	0.10158	0.02009	0.04069	0.01333	0.06091	0.09637	0.43991	0.00615	0.05808	0.00578
65	0.11722	0.01049	0.01316	0.01026	0.01463	0.00976	0.00846	0.06958	0.03356	0.61948	0.02075	0.01832	0.01329	0.00700	0.00559	0.00180	0.00498	0.00552	0.00668	0.00947
66	0.01376	0.01264	0.01720	0.16137	0.27798	0.06290	0.01316	0.09865	0.07223	0.01983	0.05466	0.01970	0.05711	0.01045	0.08084	0.00254	0.00745	0.00601	0.00376	0.00777
67	0.01497	0.01080	0.01245	0.01094	0.01366	0.01178	0.00866	0.18980	0.19445	0.10162	0.02571	0.16300	0.09927	0.01078	0.00739	0.00205	0.06580	0.04353	0.00559	0.00776
68	0.00775	0.00554	0.00752	0.00886	0.00949	0.00530	0.00656	0.00925	0.01179	0.01559	0.03168	0.57918	0.03700	0.01759	0.00760	0.00245	0.00395	0.22259	0.00539	0.00491
69	0.78221	0.06353	0.01000	0.00780	0.01149	0.01371	0.00654	0.01712	0.01002	0.02527	0.00810	0.00944	0.00638	0.00537	0.00361	0.00176	0.00461	0.00315	0.00353	0.00638
70	0.00792	0.00597	0.00812	0.00849	0.00961	0.00616	0.00649	0.00980	0.01133	0.01529	0.08288	0.18630	0.15379	0.02830	0.35052	0.00542	0.00893	0.08514	0.00444	0.00509
71	0.01311	0.01264	0.02149	0.28383	0.44014	0.01383	0.04163	0.01660	0.01241	0.01724	0.01053	0.01469	0.00860	0.00574	0.00677	0.00186	0.06288	0.00523	0.00276	0.00804

[dist]
# distance from previous block
# <min> <max>
0	30

[block]
# block no. 2 follows, 40 sequences, length 73
# corresponding to MSA columns:
# 765-826,854-864
name=unknown_C
#
# <colnr> <probs for GDERKNQSTAVLIFYWHMCP>
#	G	D	E	R	K	N	Q	S	T	A	V	L	I	F	Y	W	H	M	C	P
0	0.01163	0.00934	0.01060	0.00970	0.01203	0.01010	0.00743	0.05406	0.34888	0.02384	0.34085	0.08200	0.03483	0.01027	0.00642	0.00193	0.00380	0.00888	0.00609	0.00733
1	0.00849	0.00607	0.00745	0.00703	0.00867	0.00543	0.00530	0.01086	0.01557	0.04766	0.53492	0.04610	0.24990	0.01252	0.00683	0.00187	0.00288	0.01084	0.00615	0.00548
2	0.00837	0.00599	0.00813	0.00813	0.00875	0.00661	0.00576	0.00961	0.00899	0.01260	0.01669	0.02899	0.01721	0.34758	0.47227	0.00785	0.01156	0.00713	0.00328	0.00452
3	0.01446	0.01249	0.01315	0.01183	0.01512	0.01446	0.00920	0.03090	0.74885	0.02433	0.02367	0.02170	0.01775	0.00789	0.00592	0.00197	0.00460	0.00657	0.00592	0.00920
4	0.01555	0.79913	0.03047	0.00995	0.01493	0.02301	0.00995	0.01741	0.01182	0.01368	0.00808	0.00933	0.00746	0.00498	0.00373	0.00124	0.00622	0.00311	0.00249	0.00746
5	0.01272	0.01272	0.01781	0.01527	0.01527	0.01781	0.01272	0.01399	0.00891	0.01399	0.00763	0.01272	0.00763	0.01018	0.01908	0.00254	0.78499	0.00509	0.00254	0.00636
6	0.02211	0.01629	0.01745	0.01338	0.01803	0.01803	0.01105	0.73997	0.02734	0.03665	0.01396	0.01396	0.00989	0.00698	0.00582	0.00175	0.00640	0.00524	0.00582	0.00989
7	0.00730	0.00522	0.00700	0.00835	0.00878	0.00491	0.00578	0.00847	0.01135	0.01509	0.03193	0.72254	0.03798	0.01801	0.00748	0.00239	0.00356	0.08368	0.00539	0.00478
8	0.00841	0.00583	0.00730	0.00730	0.00763	0.00616	0.00472	0.00907	0.00874	0.01198	0.01745	0.03322	0.01904	0.55635	0.26601	0.00682	0.00880	0.00775	0.00339	0.00405
9	0.24961	0.01488	0.01497	0.01178	0.01614	0.01664	0.00972	0.53808	0.02247	0.03370	0.01232	0.01270	0.00889	0.00654	0.00520	0.00176	0.00587	0.00465	0.00520	0.00889
10	0.00829	0.00561	0.00661	0.00693	0.00707	0.00555	0.00423	0.00864	0.00923	0.01228	0.02146	0.16642	0.02487	0.61325	0.02444	0.00489	0.00524	0.05718	0.00396	0.00385
11	0.02071	0.04176	0.01574	0.01183	0.01602	0.01495	0.00975	0.46882	0.06514	0.15782	0.05105	0.01714	0.01347	0.00722	0.00569	0.00173	0.00562	0.00560	0.06068	0.00926
12	0.01661	0.59557	0.06894	0.01137	0.01614	0.17815	0.01087	0.01868	0.01281	0.01406	0.00840	0.00974	0.00746	0.00522	0.00415	0.00133	0.00724	0.00331	0.00259	0.00738
13	0.01229	0.00892	0.01252	0.01500	0.18081	0.00889	0.00931	0.06684	0.02655	0.08884	0.02470	0.14836	0.10383	0.10107	0.08350	0.00314	0.00618	0.08795	0.00460	0.00670
14	0.53120	0.14323	0.01325	0.00859	0.01261	0.01379	0.00738	0.01947	0.01161	0.17650	0.01117	0.01157	0.00817	0.00570	0.00409	0.00171	0.00488	0.00370	0.00416	0.00724
15	0.01311	0.00875	0.00948	0.00774	0.01082	0.00825	0.00611	0.13583	0.01470	0.02335	0.01548	0.01743	0.01213	0.00605	0.00443	0.00127	0.00382	0.00478	0.43670	0.25977
16	0.00852	0.00613	0.00675	0.00658	0.00853	0.00523	0.00494	0.01014	0.01365	0.07448	0.12378	0.11881	0.56338	0.01417	0.00684	0.00197	0.00312	0.01198	0.00564	0.00534
17	0.01204	0.01126	0.01500	0.01310	0.01345	0.01500	0.01049	0.01465	0.08634	0.01453	0.01148	0.01879	0.01143	0.16887	0.01983	0.00311	0.54553	0.00593	0.00310	0.00609
18	0.00923	0.00625	0.00799	0.00820	0.00949	0.00592	0.00602	0.01192	0.05618	0.06649	0.27243	0.35496	0.09126	0.01445	0.00705	0.00212	0.00343	0.05514	0.00587	0.00562
19	0.02096	0.02612	0.01613	0.01465	0.01768	0.69289	0.01102	0.02403	0.09321	0.01529	0.01053	0.01166	0.00857	0.00619	0.00531	0.00155	0.00987	0.00404	0.00330	0.00700
20	0.01548	0.06549	0.17259	0.02589	0.40849	0.17723	0.01671	0.01909	0.01366	0.01755	0.01025	0.01283	0.00837	0.00541	0.00548	0.00167	0.00798	0.00457	0.00280	0.00845
21	0.00859	0.05263	0.00886	0.00799	0.00923	0.03706	0.00585	0.01005	0.01185	0.01531	0.11316	0.27675	0.17662	0.09537	0.14019	0.00364	0.00598	0.01115	0.00467	0.00505
22	0.00796	0.00581	0.00719	0.00796	0.00860	0.00566	0.00540	0.00996	0.06012	0.01524	0.05626	0.49697	0.07589	0.16668	0.01156	0.00294	0.00392	0.04193	0.00511	0.00485
23	0.01298	0.01238	0.02106	0.34375	0.46231	0.01345	0.01715	0.01661	0.01257	0.01729	0.01069	0.01485	0.00861	0.00544	0.00578	0.00181	0.00726	0.00518	0.00276	0.00808
24	0.00996	0.00818	0.01070	0.00995	0.01084	0.00966	0.00773	0.04501	0.01093	0.01513	0.04529	0.03104	0.11678	0.18230	0.21519	0.00483	0.20254	0.05483	0.00375	0.00534
25	0.01294	0.01006	0.01158	0.00987	0.01195	0.08244	0.08267	0.09126	0.01365	0.03847	0.05323	0.02417	0.01647	0.19798	0.05562	0.00300	0.00611	0.00643	0.26618	0.00593
26	0.01151	0.00799	0.00919	0.00869	0.01070	0.00788	0.00656	0.16298	0.01563	0.06342	0.04846	0.31947	0.22466	0.01364	0.00672	0.00205	0.00400	0.03180	0.03843	0.00621
27	0.01645	0.01522	0.01462	0.01244	0.01515	0.17492	0.00991	0.17346	0.08665	0.05114	0.08689	0.02019	0.06414	0.00847	0.00850	0.00186	0.16387	0.01626	0.00450	0.05535
28	0.01222	0.34719	0.01771	0.00862	0.01116	0.01418	0.00741	0.01383	0.01126	0.01522	0.05758	0.02170	0.04944	0.16661	0.01081	0.00234	0.07947	0.00563	0.14163	0.00598
29	0.00884	0.05970	0.03775	0.00872	0.03929	0.00701	0.00653	0.01108	0.01367	0.01888	0.28895	0.20912	0.16603	0.01238	0.00642	0.00189	0.00354	0.01077	0.08383	0.00560
30	0.01612	0.72714	0.02917	0.01042	0.01521	0.09293	0.01007	0.01795	0.01225	0.01373	0.00817	0.00944	0.00747	0.00507	0.00387	0.00127	0.00662	0.00317	0.00254	0.00740
31	0.01529	0.06952	0.01810	0.01431	0.01546	0.09040	0.01192	0.01673	0.01071	0.09749	0.00950	0.01305	0.00836	0.00907	0.01518	0.00227	0.56777	0.00490	0.00310	0.00687
32	0.01349	0.00966	0.01061	0.00934	0.01192	0.01020	0.00740	0.23509	0.09472	0.02533	0.12538	0.07418	0.11253	0.00991	0.00598	0.00182	0.00428	0.05524	0.17584	0.00708
33	0.00704	0.00590	0.00613	0.00607	0.00796	0.00498	0.00455	0.00867	0.01365	0.01666	0.14584	0.05440	0.66947	0.01437	0.00687	0.00195	0.00292	0.01205	0.00552	0.00498
34	0.01274	0.00598	0.00643	0.00603	0.00778	0.00581	0.00462	0.01539	0.01275	0.11414	0.01947	0.02144	0.01484	0.00683	0.00429	0.00141	0.00299	0.00547	0.72561	0.00598
35	0.00823	0.00594	0.00777	0.00732	0.00869	0.00549	0.00549	0.01097	0.01646	0.02332	0.75629	0.04344	0.05487	0.01189	0.00686	0.00183	0.00274	0.01052	0.00640	0.00549
36	0.02211	0.01629	0.01745	0.01338	0.01803	0.01803	0.01105	0.73997	0.02734	0.03665	0.01396	0.01396	0.00989	0.00698	0.00582	0.00175	0.00640	0.00524	0.00582	0.00989
37	0.01475	0.01599	0.01661	0.01458	0.01559	0.20497	0.01176	0.01702	0.05360	0.01462	0.00946	0.01340	0.00867	0.01137	0.06820	0.00273	0.49233	0.00492	0.00289	0.00654
38	0.01504	0.01186	0.01398	0.08685	0.06668	0.01337	0.01018	0.02757	0.53323	0.09017	0.02129	0.02044	0.01581	0.00740	0.00582	0.00191	0.00501	0.00623	0.03831	0.00885
39	0.01710	0.02001	0.01716	0.01513	0.01658	0.38453	0.01200	0.01848	0.01259	0.01411	0.00829	0.01164	0.00756	0.00814	0.01236	0.00204	0.40854	0.00444	0.00276	0.00655
40	0.01257	0.01196	0.02031	0.43398	0.37530	0.01334	0.01694	0.01625	0.01238	0.01679	0.01062	0.01499	0.00843	0.00552	0.00579	0.00184	0.00736	0.00517	0.00272	0.00774
41	0.01212	0.02735	0.64096	0.01978	0.14842	0.01356	0.02087	0.01832	0.01244	0.01851	0.01052	0.01263	0.00768	0.00547	0.00556	0.00182	0.00831	0.00445	0.00253	0.00870
42	0.02172	0.02772	0.01648	0.01498	0.01798	0.77228	0.01124	0.02322	0.01648	0.01423	0.00899	0.01049	0.00749	0.00599	0.00524	0.00150	0.01049	0.00375	0.00300	0.00674
43	0.00756	0.00536	0.00677	0.00772	0.00813	0.00509	0.00515	0.00846	0.01076	0.01420	0.03020	0.51814	0.07569	0.20620	0.01280	0.00315	0.00403	0.06116	0.00494	0.00449
44	0.00782	0.00593	0.00721	0.00689	0.00844	0.00531	0.00517	0.01019	0.01550	0.02105	0.54798	0.04718	0.26460	0.01274	0.00686	0.00187	0.00280	0.01104	0.00610	0.00531
45	0.00729	0.00526	0.00718	0.00831	0.00876	0.00515	0.00571	0.00848	0.01083	0.01462	0.02929	0.66275	0.03445	0.02248	0.13587	0.00353	0.00542	0.01480	0.00501	0.00480
46	0.01098	0.01034	0.01744	0.78165	0.04005	0.01292	0.01615	0.01486	0.01163	0.01486	0.01034	0.01550	0.00775	0.00581	0.00581	0.00194	0.00775	0.00517	0.00258	0.00646
47	0.09764	0.01254	0.01375	0.01139	0.01533	0.01358	0.00917	0.18615	0.32807	0.21928	0.01984	0.01832	0.01404	0.00727	0.00566	0.00186	0.00508	0.00576	0.00601	0.00926
48	0.10543	0.01825	0.28938	0.01501	0.02054	0.01227	0.15559	0.06879	0.01347	0.09102	0.01432	0.08986	0.01188	0.00942	0.05686	0.00240	0.00783	0.00620	0.00370	0.00781
49	0.00847	0.00656	0.00755	0.00751	0.00923	0.00606	0.00574	0.05722	0.01462	0.01885	0.20608	0.15099	0.37725	0.01419	0.00700	0.00205	0.00344	0.08617	0.00565	0.00539
50	0.01881	0.26167	0.02058	0.01281	0.01663	0.38412	0.01055	0.09005	0.01550	0.01659	0.00925	0.01067	0.00781	0.00580	0.00526	0.00143	0.03601	0.00372	0.00313	0.06962
51	0.01206	0.01034	0.01206	0.00861	0.01378	0.00775	0.00689	0.01464	0.01206	0.01895	0.01034	0.01206	0.00861	0.00431	0.00431	0.00086	0.00431	0.00345	0.00345	0.83118
52	0.01245	0.01080	0.01588	0.17090	0.11711	0.01250	0.03849	0.09635	0.08992	0.01844	0.01368	0.01791	0.01142	0.01849	0.25110	0.00431	0.08389	0.00572	0.00351	0.00713
53	0.01620	0.01648	0.02145	0.14120	0.36500	0.19037	0.08425	0.01933	0.01400	0.06025	0.01117	0.01409	0.00885	0.00556	0.00576	0.00173	0.00803	0.00504	0.00312	0.00813
54	0.01116	0.00814	0.00912	0.00834	0.01077	0.00808	0.00642	0.01723	0.22125	0.09084	0.21735	0.03981	0.30581	0.01139	0.00650	0.00192	0.00355	0.00963	0.00596	0.00673
55	0.02016	0.01428	0.01574	0.01253	0.01666	0.01571	0.01022	0.49784	0.14608	0.10218	0.01657	0.01649	0.01199	0.00993	0.06384	0.00236	0.00665	0.00559	0.00576	0.00942
56	0.00823	0.00594	0.00777	0.00732	0.00869	0.00549	0.00549	0.01097	0.01646	0.02332	0.75629	0.04344	0.05487	0.01189	0.00686	0.00183	0.00274	0.01052	0.00640	0.00549
57	0.00701	0.00590	0.00609	0.00604	0.00794	0.00497	0.00453	0.00862	0.01359	0.01650	0.13098	0.05467	0.68444	0.01443	0.00687	0.00195	0.00292	0.01209	0.00550	0.00497
58	0.35285	0.01444	0.01206	0.00991	0.01400	0.14201	0.00792	0.10901	0.01387	0.02331	0.00965	0.01096	0.00763	0.00538	0.00437	0.00147	0.00571	0.00360	0.00373	0.24813
59	0.02172	0.02772	0.01648	0.01498	0.01798	0.77228	0.01124	0.02322	0.01648	0.01423	0.00899	0.01049	0.00749	0.00599	0.00524	0.00150	0.01049	0.00375	0.00300	0.00674
60	0.07319	0.00997	0.01321	0.01019	0.01464	0.00881	0.00842	0.02769	0.01625	0.72054	0.02208	0.01919	0.01392	0.00709	0.00572	0.00180	0.00492	0.00569	0.00699	0.00969
61	0.00724	0.00555	0.00665	0.00713	0.00828	0.00495	0.00506	0.00878	0.01301	0.01691	0.19161	0.36950	0.30310	0.01564	0.00711	0.00211	0.00309	0.01374	0.00561	0.00495
62	0.01473	0.63645	0.18595	0.01135	0.01709	0.02100	0.01239	0.01763	0.01191	0.01468	0.00858	0.00995	0.00744	0.00509	0.00411	0.00137	0.00672	0.00336	0.00248	0.00770
63	0.01891	0.01338	0.01480	0.01184	0.01588	0.01437	0.00958	0.38806	0.18819	0.11252	0.08779	0.01907	0.01640	0.00753	0.00586	0.00176	0.00536	0.00601	0.00591	0.05679
64	0.01632	0.14468	0.05413	0.02720	0.13987	0.08928	0.01175	0.15259	0.18775	0.02203	0.01372	0.01451	0.01071	0.00613	0.00527	0.00161	0.00635	0.00483	0.00410	0.08717
65	0.01526	0.21903	0.04969	0.07329	0.25382	0.01574	0.01294	0.07864	0.09604	0.06375	0.01529	0.01657	0.05312	0.00631	0.00532	0.00167	0.00621	0.00521	0.00372	0.00838
66	0.00829	0.00563	0.00667	0.00682	0.00696	0.00569	0.00409	0.00860	0.00884	0.01189	0.01959	0.12058	0.02244	0.63726	0.09802	0.00563	0.00633	0.00914	0.00369	0.00382
67	0.05774	0.00808	0.01096	0.01312	0.15274	0.00800	0.00809	0.01346	0.06629	0.02099	0.36714	0.15100	0.07755	0.01109	0.00648	0.00191	0.00388	0.00982	0.00532	0.00636
68	0.01224	0.00975	0.01117	0.00827	0.01279	0.00776	0.00658	0.04187	0.01266	0.02007	0.01189	0.01371	0.00970	0.00481	0.00432	0.00098	0.00412	0.00384	0.13921	0.66426
69	0.01601	0.20814	0.01645	0.04639	0.01460	0.18509	0.00877	0.10795	0.04276	0.01967	0.01318	0.01485	0.01054	0.00618	0.00462	0.00146	0.00610	0.00448	0.26579	0.00697
70	0.00996	0.01008	0.10256	0.00863	0.01203	0.00688	0.00762	0.01237	0.01274	0.06040	0.05833	0.17853	0.27167	0.01113	0.00611	0.00174	0.00418	0.00947	0.00469	0.21089
71	0.01961	0.02058	0.10982	0.04301	0.01932	0.24259	0.01232	0.30810	0.09683	0.05153	0.01323	0.01379	0.00976	0.00656	0.00562	0.00172	0.00771	0.00483	0.00449	0.00858
72	0.01437	0.05067	0.02080	0.06261	0.40061	0.06691	0.05622	0.05879	0.01367	0.01867	0.01125	0.01456	0.00941	0.00899	0.08000	0.00236	0.00788	0.00500	0.00311	0.09415

[dist]
# distance from previous block
# <min> <max>
2	6

[block]
# block no. 3 follows, 40 sequences, length 96
# corresponding to MSA columns:
# 875-905,907-941,978-1007
name=unknown_D
#
# <colnr> <probs for GDERKNQSTAVLIFYWHMCP>
#	G	D	E	R	K	N	Q	S	T	A	V	L	I	F	Y	W	H	M	C	P
0	0.10190	0.17301	0.01623	0.00974	0.01445	0.08904	0.00816	0.06430	0.01324	0.01933	0.00974	0.01119	0.00810	0.00490	0.00431	0.00116	0.00548	0.00349	0.00338	0.43883
1	0.01335	0.01459	0.14520	0.26016	0.25063	0.01249	0.03881	0.01771	0.03686	0.08043	0.01352	0.06654	0.01108	0.00655	0.00589	0.00188	0.00707	0.00593	0.00335	0.00797
2	0.00714	0.00590	0.00626	0.00617	0.00802	0.00502	0.00463	0.00887	0.01389	0.01722	0.19727	0.05348	0.61770	0.01416	0.00687	0.00194	0.00291	0.01192	0.00560	0.00502
3	0.01365	0.01511	0.01208	0.08780	0.01550	0.30645	0.00882	0.01571	0.01507	0.01704	0.22046	0.02935	0.17560	0.00951	0.00652	0.00176	0.03171	0.00752	0.00435	0.00598
4	0.00717	0.00590	0.00630	0.00620	0.00803	0.00503	0.00465	0.00891	0.01395	0.01735	0.20952	0.05326	0.60536	0.01411	0.00687	0.00193	0.00290	0.01189	0.00562	0.00503
5	0.00749	0.00584	0.00680	0.00671	0.00827	0.00515	0.00497	0.00949	0.01450	0.01901	0.36548	0.11263	0.38530	0.01377	0.00691	0.00194	0.00289	0.01186	0.00584	0.00515
6	0.01034	0.00770	0.00926	0.00835	0.01034	0.00769	0.00649	0.13207	0.01695	0.02315	0.42602	0.03892	0.16144	0.01488	0.08522	0.00262	0.00475	0.02195	0.00578	0.00609
7	0.00699	0.00574	0.00615	0.00638	0.00801	0.00491	0.00466	0.00845	0.01304	0.01598	0.09312	0.19114	0.58488	0.01521	0.00697	0.00203	0.00301	0.01296	0.00546	0.00491
8	0.01921	0.01349	0.01436	0.01133	0.01514	0.01479	0.00926	0.55311	0.02345	0.03280	0.01525	0.01595	0.01118	0.00693	0.00537	0.00164	0.00545	0.00528	0.21728	0.00874
9	0.01098	0.01034	0.01744	0.78165	0.04005	0.01292	0.01615	0.01486	0.01163	0.01486	0.01034	0.01550	0.00775	0.00581	0.00581	0.00194	0.00775	0.00517	0.00258	0.00646
10	0.00758	0.00542	0.00732	0.00866	0.00922	0.00515	0.00626	0.00896	0.01162	0.01540	0.03178	0.63409	0.03738	0.01775	0.00755	0.00243	0.00380	0.16937	0.00539	0.00486
11	0.01511	0.01201	0.01273	0.01126	0.01450	0.01365	0.00881	0.08899	0.58918	0.04846	0.02234	0.02098	0.01669	0.00768	0.00572	0.00188	0.00457	0.00632	0.09023	0.00890
12	0.00909	0.01221	0.20075	0.01111	0.01402	0.00871	0.01077	0.01229	0.01019	0.01482	0.01520	0.06336	0.01406	0.03254	0.53530	0.00705	0.01312	0.00632	0.00308	0.00603
13	0.01134	0.01071	0.01810	0.70251	0.11637	0.01302	0.01633	0.01518	0.01180	0.01530	0.01040	0.01539	0.00791	0.00575	0.00581	0.00192	0.00766	0.00517	0.00262	0.00675
14	0.01439	0.01382	0.02360	0.03569	0.75936	0.01382	0.01785	0.01785	0.01324	0.01900	0.01094	0.01439	0.00921	0.00518	0.00576	0.00173	0.00691	0.00518	0.00288	0.00921
15	0.83671	0.01125	0.00855	0.00765	0.01125	0.01305	0.00630	0.01709	0.00990	0.02609	0.00810	0.00945	0.00630	0.00540	0.00360	0.00180	0.00450	0.00315	0.00360	0.00630
16	0.00883	0.00648	0.00748	0.00705	0.00896	0.00587	0.00535	0.01172	0.05610	0.05675	0.35054	0.04693	0.38098	0.01276	0.00676	0.00190	0.00305	0.01089	0.00594	0.00564
17	0.05646	0.57097	0.06821	0.01193	0.05288	0.02053	0.01089	0.01844	0.07384	0.01576	0.00965	0.01097	0.00836	0.00554	0.00488	0.00146	0.04505	0.00367	0.00285	0.00765
18	0.00709	0.00506	0.00675	0.00810	0.00843	0.00472	0.00540	0.00810	0.01113	0.01484	0.03205	0.79184	0.03846	0.01822	0.00742	0.00236	0.00337	0.01653	0.00540	0.00472
19	0.00708	0.00539	0.00652	0.00730	0.00825	0.00483	0.00507	0.00835	0.01216	0.01563	0.08315	0.49893	0.28305	0.01667	0.00720	0.00220	0.00319	0.01474	0.00546	0.00483
20	0.01364	0.00875	0.01001	0.00879	0.01126	0.04552	0.00682	0.02973	0.09013	0.18858	0.39747	0.03505	0.10972	0.01034	0.00644	0.00183	0.00390	0.00882	0.00625	0.00693
21	0.01465	0.16621	0.13663	0.02289	0.30825	0.01596	0.08944	0.06700	0.08745	0.01956	0.01188	0.01394	0.00946	0.00556	0.00547	0.00170	0.00706	0.00497	0.00325	0.00869
22	0.00795	0.00594	0.00740	0.00713	0.00861	0.00539	0.00538	0.01039	0.01557	0.02132	0.56830	0.05909	0.20758	0.01275	0.00691	0.00189	0.00288	0.03404	0.00613	0.00534
23	0.00693	0.00589	0.00597	0.00595	0.00789	0.00493	0.00447	0.00846	0.01340	0.01605	0.08998	0.05541	0.72572	0.01460	0.00687	0.00196	0.00294	0.01219	0.00544	0.00493
24	0.01206	0.01034	0.01206	0.00861	0.01378	0.00775	0.00689	0.01464	0.01206	0.01895	0.01034	0.01206	0.00861	0.00431	0.00431	0.00086	0.00431	0.00345	0.00345	0.83118
25	0.00936	0.00713	0.00888	0.08555	0.01276	0.00657	0.00667	0.01161	0.03625	0.05502	0.03470	0.29496	0.26311	0.01289	0.00650	0.00193	0.00393	0.01121	0.00494	0.12605
26	0.00784	0.00593	0.00724	0.00691	0.00845	0.00532	0.00518	0.01023	0.01555	0.02116	0.55801	0.04700	0.25450	0.01270	0.00686	0.00187	0.00280	0.01102	0.00612	0.00532
27	0.01089	0.00589	0.00626	0.00612	0.00736	0.00622	0.00466	0.01348	0.01196	0.02105	0.01847	0.03535	0.01486	0.00721	0.00512	0.00145	0.05422	0.00560	0.75834	0.00547
28	0.01590	0.05651	0.04897	0.02458	0.28405	0.14100	0.21808	0.01926	0.01372	0.05626	0.01110	0.01396	0.00884	0.00566	0.00671	0.00179	0.05705	0.00531	0.00309	0.00816
29	0.01377	0.01296	0.02020	0.22931	0.44451	0.03961	0.01590	0.06418	0.01372	0.01862	0.01231	0.06594	0.01074	0.00636	0.00587	0.00182	0.00699	0.00588	0.00316	0.00814
30	0.01054	0.14004	0.01481	0.01086	0.01221	0.01238	0.00894	0.01226	0.00982	0.01379	0.01391	0.09495	0.01396	0.02595	0.37218	0.00553	0.21250	0.00644	0.00309	0.00583
31	0.01297	0.08844	0.09464	0.01148	0.05854	0.04871	0.00958	0.01592	0.01235	0.01816	0.01010	0.01188	0.00835	0.00464	0.00451	0.00108	0.00541	0.00362	0.00319	0.57643
32	0.01694	0.01976	0.01308	0.01206	0.01395	0.48848	0.00867	0.01792	0.01352	0.01322	0.01211	0.01991	0.01212	0.27387	0.01394	0.00293	0.03333	0.00539	0.00316	0.00564
33	0.00768	0.00592	0.00701	0.00674	0.00835	0.00525	0.00505	0.00991	0.01516	0.02024	0.47370	0.04851	0.33938	0.01304	0.00686	0.00188	0.00283	0.01123	0.00600	0.00525
34	0.01670	0.09846	0.06184	0.06836	0.16634	0.31067	0.01268	0.02103	0.11324	0.01662	0.01191	0.01449	0.00991	0.04578	0.00657	0.00184	0.00802	0.00471	0.00328	0.00757
35	0.00846	0.00564	0.00634	0.00634	0.00634	0.00564	0.00352	0.00846	0.00846	0.01128	0.01832	0.03805	0.02114	0.79563	0.02960	0.00564	0.00564	0.00846	0.00352	0.00352
36	0.00702	0.00584	0.00614	0.00618	0.00798	0.00495	0.00459	0.00859	0.01344	0.01641	0.12695	0.10338	0.63918	0.01467	0.00691	0.00198	0.00295	0.01238	0.00550	0.00495
37	0.00697	0.00587	0.00605	0.00606	0.00793	0.00494	0.00452	0.00851	0.01340	0.01619	0.10488	0.07973	0.68578	0.01465	0.00689	0.00197	0.00295	0.01230	0.00547	0.00494
38	0.83671	0.01125	0.00855	0.00765	0.01125	0.01305	0.00630	0.01709	0.00990	0.02609	0.00810	0.00945	0.00630	0.00540	0.00360	0.00180	0.00450	0.00315	0.00360	0.00630
39	0.83671	0.01125	0.00855	0.00765	0.01125	0.01305	0.00630	0.01709	0.00990	0.02609	0.00810	0.00945	0.00630	0.00540	0.00360	0.00180	0.00450	0.00315	0.00360	0.00630
40	0.09913	0.60693	0.06826	0.01014	0.01487	0.03343	0.01007	0.01706	0.01156	0.01522	0.00875	0.01045	0.00782	0.00771	0.05651	0.00189	0.00689	0.00341	0.00265	0.00724
41	0.83671	0.01125	0.00855	0.00765	0.01125	0.01305	0.00630	0.01709	0.00990	0.02609	0.00810	0.00945	0.00630	0.00540	0.00360	0.00180	0.00450	0.00315	0.00360	0.00630
42	0.01226	0.05607	0.01313	0.00869	0.01385	0.00864	0.00707	0.01480	0.01204	0.01864	0.01021	0.01190	0.00855	0.00435	0.00427	0.00088	0.00442	0.00343	0.00339	0.78342
43	0.01291	0.01197	0.02002	0.07350	0.56261	0.01208	0.01557	0.01605	0.01294	0.01816	0.01515	0.10211	0.01468	0.00770	0.00617	0.00190	0.00643	0.07850	0.00338	0.00819
