[name]
unknown

[dist]
# distance from previous block
# <min> <max>
0	823

[block]
# block no. 0 follows, 49 sequences, length 15
# corresponding to MSA columns:
# 823-837
name=unknown_A
#
# <colnr> <probs for GDERKNQSTAVLIFYWHMCP>
#	G	D	E	R	K	N	Q	S	T	A	V	L	I	F	Y	W	H	M	C	P
0	0.00691	0.00524	0.00710	0.00715	0.00820	0.00509	0.02055	0.00862	0.01108	0.01502	0.24755	0.21888	0.15076	0.04080	0.17555	0.00324	0.00524	0.05413	0.00443	0.00447
1	0.03691	0.06244	0.01352	0.01020	0.01371	0.18337	0.00821	0.31080	0.03362	0.02150	0.04078	0.01455	0.06568	0.00598	0.00466	0.00133	0.00559	0.00447	0.00393	0.15875
2	0.00968	0.06124	0.01189	0.10500	0.01373	0.00902	0.07405	0.06321	0.09994	0.01488	0.01685	0.13308	0.04126	0.16393	0.12246	0.00319	0.00618	0.00692	0.03816	0.00533
3	0.01209	0.01262	0.14283	0.01499	0.19395	0.01050	0.01083	0.21205	0.01383	0.01914	0.01436	0.14336	0.01381	0.09219	0.00740	0.00197	0.00539	0.03586	0.00362	0.03921
4	0.20838	0.01015	0.00988	0.00868	0.01132	0.06248	0.00681	0.14196	0.14304	0.09095	0.10914	0.11505	0.04633	0.00780	0.00491	0.00163	0.00423	0.00627	0.00458	0.00643
5	0.11398	0.14333	0.01165	0.00823	0.01068	0.04056	0.00671	0.05907	0.01196	0.16073	0.04510	0.23675	0.04839	0.00935	0.00512	0.00168	0.00423	0.07221	0.00434	0.00591
6	0.39449	0.01179	0.01046	0.00887	0.01207	0.08122	0.00712	0.20222	0.07208	0.05748	0.01128	0.05873	0.00914	0.00594	0.00419	0.00154	0.00473	0.00426	0.00394	0.03845
7	0.04049	0.13392	0.12266	0.03148	0.01469	0.12326	0.00965	0.20005	0.08270	0.03424	0.01152	0.01425	0.00953	0.09536	0.05296	0.00221	0.00651	0.00440	0.00343	0.00669
8	0.01059	0.00784	0.00977	0.00879	0.01086	0.00775	0.03833	0.17739	0.04287	0.04876	0.02293	0.40464	0.07563	0.01112	0.00574	0.00175	0.00392	0.02132	0.00460	0.08540
9	0.01106	0.00941	0.01412	0.01387	0.13599	0.00949	0.12968	0.17768	0.01365	0.01837	0.05143	0.18140	0.11280	0.03608	0.05920	0.00222	0.00558	0.00784	0.00394	0.00618
10	0.01429	0.11172	0.04986	0.01717	0.19700	0.01346	0.15211	0.20279	0.06021	0.04784	0.01096	0.01241	0.00841	0.00498	0.00488	0.00145	0.00598	0.00451	0.00342	0.07655
11	0.01434	0.14727	0.04919	0.01415	0.10882	0.08013	0.05118	0.01753	0.08437	0.14025	0.01092	0.01245	0.00860	0.00625	0.00797	0.00166	0.23046	0.00434	0.00322	0.00690
12	0.01023	0.00896	0.01041	0.01303	0.19019	0.10209	0.00771	0.03889	0.01118	0.01514	0.01811	0.33103	0.01924	0.05661	0.00648	0.00184	0.00450	0.00843	0.14048	0.00542
13	0.30093	0.00868	0.00860	0.00763	0.01010	0.00949	0.00603	0.09658	0.14244	0.02217	0.27065	0.02224	0.06063	0.00748	0.00476	0.00160	0.00353	0.00595	0.00456	0.00594
14	0.01348	0.14568	0.01447	0.00886	0.01320	0.01149	0.00746	0.23000	0.01424	0.02010	0.00956	0.01056	0.00764	0.00450	0.00404	0.00102	0.00454	0.00339	0.00345	0.47232

[dist]
# distance from previous block
# <min> <max>
5	8

[block]
# block no. 1 follows, 49 sequences, length 61
# corresponding to MSA columns:
# 846-906
name=unknown_B
#
# <colnr> <probs for GDERKNQSTAVLIFYWHMCP>
#	G	D	E	R	K	N	Q	S	T	A	V	L	I	F	Y	W	H	M	C	P
0	0.01129	0.00954	0.01084	0.00987	0.01177	0.08731	0.06240	0.15271	0.08239	0.03901	0.02081	0.43662	0.02210	0.01106	0.00582	0.00181	0.00458	0.00981	0.00448	0.00578
1	0.01160	0.01004	0.01261	0.01124	0.10443	0.00908	0.00796	0.08461	0.01158	0.01750	0.00911	0.01094	0.00757	0.00456	0.00530	0.00106	0.08491	0.00346	0.00305	0.58938
2	0.01094	0.00840	0.01151	0.00993	0.01121	0.00965	0.03585	0.04975	0.00982	0.09131	0.01368	0.12472	0.01361	0.14948	0.09236	0.00300	0.27113	0.00637	0.00336	0.07390
3	0.01356	0.01071	0.01178	0.00957	0.01320	0.01100	0.00761	0.14776	0.37259	0.06157	0.01549	0.01502	0.01164	0.00572	0.00469	0.00137	0.00420	0.00463	0.00451	0.27337
4	0.01517	0.01304	0.01250	0.01006	0.01356	0.12130	0.00803	0.36157	0.07271	0.02287	0.01647	0.03250	0.10121	0.00655	0.00488	0.00139	0.00518	0.00508	0.00427	0.17167
5	0.00662	0.00534	0.00606	0.00607	0.00763	0.00455	0.00447	0.00800	0.01114	0.01426	0.09321	0.24729	0.43703	0.01256	0.00591	0.00171	0.00282	0.03177	0.00459	0.08895
6	0.01272	0.01172	0.01859	0.14318	0.50892	0.01268	0.01416	0.10435	0.01238	0.01736	0.00946	0.01247	0.00775	0.00521	0.00618	0.00160	0.08656	0.00450	0.00274	0.00748
7	0.00915	0.00521	0.00609	0.00582	0.00692	0.00517	0.00431	0.04532	0.01147	0.01798	0.22288	0.02300	0.02136	0.00925	0.00724	0.15794	0.00289	0.00584	0.42771	0.00444
8	0.00907	0.00828	0.01305	0.40242	0.16474	0.00915	0.01108	0.01182	0.01118	0.01464	0.11363	0.02353	0.17280	0.00720	0.00535	0.00164	0.00521	0.00634	0.00321	0.00568
9	0.00657	0.00497	0.00607	0.00617	0.00729	0.00446	0.00448	0.00827	0.01238	0.01656	0.38869	0.23095	0.25993	0.01240	0.00609	0.00174	0.00257	0.01086	0.00510	0.00446
10	0.01280	0.01291	0.01532	0.01308	0.01379	0.10839	0.01077	0.08910	0.01012	0.01416	0.00733	0.01094	0.00682	0.00814	0.01402	0.00204	0.63755	0.00430	0.00254	0.00588
11	0.01049	0.00899	0.01049	0.00749	0.01198	0.00674	0.00599	0.01273	0.01049	0.01648	0.00899	0.01049	0.00749	0.00374	0.00374	0.00075	0.00374	0.00300	0.00300	0.85320
12	0.01120	0.00796	0.00942	0.00845	0.01041	0.00820	0.00658	0.23742	0.03327	0.04581	0.29915	0.20055	0.02989	0.01031	0.00582	0.00172	0.00370	0.05900	0.00518	0.00595
13	0.00765	0.00574	0.00732	0.00653	0.00822	0.00507	0.00495	0.01002	0.01374	0.01971	0.67187	0.03370	0.04171	0.00935	0.00563	0.00146	0.00259	0.00823	0.00518	0.13132
14	0.00621	0.00502	0.00552	0.00563	0.00703	0.00433	0.00413	0.00763	0.01174	0.01472	0.17816	0.16163	0.54490	0.01282	0.00605	0.00174	0.00259	0.01095	0.00485	0.00433
15	0.00710	0.00489	0.00605	0.00658	0.00688	0.00479	0.00438	0.00778	0.00891	0.01186	0.04299	0.28051	0.02548	0.42878	0.01640	0.00354	0.00418	0.12135	0.00388	0.00367
16	0.01403	0.01158	0.01225	0.01058	0.01370	0.01325	0.00835	0.18960	0.61652	0.02349	0.01874	0.01740	0.01395	0.00669	0.00513	0.00167	0.00434	0.00546	0.00513	0.00813
17	0.00598	0.00512	0.00512	0.00512	0.00683	0.00427	0.00384	0.00726	0.01153	0.01366	0.05123	0.04866	0.78869	0.01281	0.00598	0.00171	0.00256	0.01067	0.00470	0.00427
18	0.00616	0.00440	0.00587	0.00704	0.00733	0.00411	0.00469	0.00704	0.00968	0.01291	0.02787	0.81899	0.03344	0.01584	0.00645	0.00205	0.00293	0.01438	0.00469	0.00411
19	0.01352	0.82533	0.02650	0.00865	0.01298	0.02001	0.00865	0.01514	0.01027	0.01190	0.00703	0.00811	0.00649	0.00433	0.00324	0.00108	0.00541	0.00270	0.00216	0.00649
20	0.02104	0.01124	0.01337	0.01025	0.01422	0.01135	0.00847	0.38023	0.01889	0.43243	0.01624	0.01480	0.01066	0.00617	0.00507	0.00154	0.00490	0.00483	0.00569	0.00860
21	0.00833	0.00707	0.00987	0.00936	0.01011	0.02646	0.00743	0.00997	0.00818	0.01185	0.01191	0.01770	0.01119	0.03085	0.61291	0.00668	0.18760	0.00515	0.00260	0.00477
22	0.00660	0.00486	0.00625	0.00708	0.00785	0.00451	0.00520	0.00796	0.01081	0.01418	0.10732	0.47489	0.15764	0.01445	0.00642	0.00200	0.00313	0.14977	0.00477	0.00430
23	0.00955	0.00899	0.01517	0.81013	0.03483	0.01123	0.01404	0.01292	0.01011	0.01292	0.00899	0.01348	0.00674	0.00506	0.00506	0.00169	0.00674	0.00449	0.00225	0.00562
24	0.00955	0.00899	0.01517	0.81013	0.03483	0.01123	0.01404	0.01292	0.01011	0.01292	0.00899	0.01348	0.00674	0.00506	0.00506	0.00169	0.00674	0.00449	0.00225	0.00562
25	0.01215	0.40529	0.26144	0.01316	0.01862	0.01592	0.17807	0.01564	0.01076	0.01409	0.00835	0.01010	0.00672	0.00446	0.00431	0.00138	0.00672	0.00373	0.00224	0.00686
26	0.01120	0.05926	0.59018	0.01311	0.01954	0.01196	0.01583	0.10487	0.01215	0.01757	0.01024	0.04944	0.00802	0.00541	0.00479	0.00155	0.00674	0.00426	0.00265	0.05125
27	0.58045	0.27783	0.01370	0.00731	0.01083	0.01419	0.00652	0.01496	0.00915	0.01914	0.00704	0.00818	0.00581	0.00457	0.00317	0.00141	0.00440	0.00273	0.00281	0.00581
28	0.01175	0.01308	0.02671	0.01956	0.02356	0.01338	0.60653	0.01532	0.01102	0.01532	0.00945	0.01308	0.00745	0.00526	0.00828	0.00182	0.18378	0.00563	0.00248	0.00654
29	0.01111	0.01300	0.13266	0.03599	0.01748	0.01194	0.17657	0.01816	0.26394	0.01695	0.02999	0.01845	0.01244	0.00821	0.04319	0.00210	0.11810	0.05944	0.00351	0.00679
30	0.01331	0.01511	0.01287	0.01171	0.01300	0.34748	0.00911	0.01456	0.01089	0.01232	0.01133	0.09292	0.03198	0.01154	0.10295	0.00249	0.27306	0.00521	0.00276	0.00537
31	0.00705	0.00516	0.00661	0.00625	0.00749	0.00472	0.00468	0.00933	0.01405	0.01966	0.71876	0.03880	0.11742	0.01057	0.00597	0.00160	0.00240	0.00929	0.00548	0.00472
32	0.00599	0.00505	0.00520	0.00531	0.00688	0.00425	0.00393	0.00724	0.01134	0.01359	0.04890	0.12550	0.71336	0.01311	0.00602	0.00174	0.00260	0.01104	0.00470	0.00425
33	0.85801	0.00978	0.00743	0.00665	0.00978	0.01134	0.00548	0.01486	0.00861	0.02269	0.00704	0.00821	0.00548	0.00469	0.00313	0.00156	0.00391	0.00274	0.00313	0.00548
34	0.01258	0.01086	0.01143	0.01029	0.01315	0.01258	0.00800	0.02687	0.78161	0.02115	0.02058	0.01887	0.01544	0.00686	0.00515	0.00172	0.00400	0.00572	0.00515	0.00800
35	0.00616	0.00440	0.00587	0.00704	0.00733	0.00411	0.00469	0.00704	0.00968	0.01291	0.02787	0.81899	0.03344	0.01584	0.00645	0.00205	0.00293	0.01438	0.00469	0.00411
36	0.00690	0.00493	0.00672	0.00789	0.00851	0.00475	0.00598	0.00832	0.01041	0.01374	0.02746	0.53485	0.03183	0.01514	0.00665	0.00216	0.00358	0.29120	0.00468	0.00431
37	0.85801	0.00978	0.00743	0.00665	0.00978	0.01134	0.00548	0.01486	0.00861	0.02269	0.00704	0.00821	0.00548	0.00469	0.00313	0.00156	0.00391	0.00274	0.00313	0.00548
38	0.01271	0.00946	0.01067	0.00908	0.01160	0.01036	0.00725	0.31670	0.10860	0.02244	0.08969	0.02086	0.08503	0.01410	0.17878	0.00298	0.00629	0.00588	0.07094	0.00658
39	0.00744	0.00516	0.00610	0.00588	0.00727	0.00469	0.00446	0.00949	0.01288	0.03114	0.42441	0.03831	0.25704	0.01042	0.00562	0.00158	0.00253	0.02960	0.13130	0.00468
40	0.01315	0.01189	0.01009	0.00879	0.01130	0.18156	0.00685	0.21828	0.04943	0.01946	0.03808	0.02453	0.25233	0.00806	0.00504	0.00149	0.00483	0.00633	0.12249	0.00602
41	0.01176	0.40802	0.42836	0.01166	0.01763	0.01569	0.01389	0.01560	0.01048	0.01405	0.00810	0.00945	0.00645	0.00458	0.00406	0.00135	0.00649	0.00324	0.00215	0.00700
42	0.47824	0.01052	0.00976	0.00836	0.01162	0.01189	0.00678	0.11912	0.19347	0.08739	0.01198	0.01199	0.00882	0.00552	0.00402	0.00159	0.00418	0.00388	0.00412	0.00675
43	0.20169	0.02074	0.01285	0.01160	0.01436	0.61099	0.00883	0.03701	0.01331	0.01509	0.00775	0.00899	0.00634	0.00512	0.00426	0.00136	0.00790	0.00317	0.00278	0.00584
44	0.00983	0.00955	0.00847	0.00834	0.00972	0.17890	0.00609	0.01251	0.08162	0.01595	0.27023	0.28702	0.06037	0.01082	0.00575	0.00170	0.00418	0.00933	0.00456	0.00506
45	0.00667	0.00515	0.00608	0.00585	0.00725	0.00456	0.00439	0.00860	0.01316	0.01753	0.48261	0.04229	0.35489	0.01136	0.00597	0.00164	0.00246	0.00978	0.00521	0.00456
46	0.01016	0.23694	0.41640	0.01103	0.01626	0.01233	0.01283	0.01385	0.01057	0.01432	0.01538	0.09510	0.10151	0.00672	0.00469	0.00152	0.00588	0.00534	0.00270	0.00649
47	0.00633	0.00514	0.00561	0.00549	0.00704	0.00442	0.00412	0.00793	0.01235	0.01562	0.26889	0.04545	0.56981	0.01208	0.00597	0.00167	0.00251	0.01022	0.00495	0.00442
48	0.01622	0.01267	0.01349	0.01103	0.01454	0.01428	0.00889	0.43686	0.36568	0.02703	0.01595	0.01517	0.01168	0.00643	0.00510	0.00161	0.00486	0.00508	0.00510	0.00833
49	0.01376	0.78991	0.02596	0.00885	0.01310	0.05457	0.00870	0.01536	0.01045	0.01192	0.00706	0.00816	0.00649	0.00437	0.00330	0.00109	0.00557	0.00273	0.00218	0.00646
50	0.01123	0.00645	0.00664	0.00599	0.00769	0.00673	0.00465	0.15207	0.01303	0.02125	0.01569	0.01762	0.01216	0.00592	0.00382	0.00124	0.00295	0.00468	0.69476	0.00543
51	0.00735	0.00490	0.00552	0.00552	0.00552	0.00490	0.00306	0.00735	0.00735	0.00980	0.01593	0.03309	0.01838	0.82229	0.02574	0.00490	0.00490	0.00735	0.00306	0.00306
52	0.00716	0.00517	0.00676	0.00636	0.00755	0.00477	0.00477	0.00954	0.01431	0.02028	0.78808	0.03777	0.04771	0.01034	0.00596	0.00159	0.00239	0.00914	0.00557	0.00477
53	0.01352	0.82533	0.02650	0.00865	0.01298	0.02001	0.00865	0.01514	0.01027	0.01190	0.00703	0.00811	0.00649	0.00433	0.00324	0.00108	0.00541	0.00270	0.00216	0.00649
54	0.01082	0.01028	0.01746	0.47635	0.35868	0.01157	0.01468	0.01403	0.01071	0.01446	0.00921	0.01307	0.00728	0.00482	0.00503	0.00161	0.00643	0.00450	0.00236	0.00664
55	0.01106	0.01106	0.01549	0.01328	0.01328	0.01549	0.01106	0.01217	0.00774	0.01217	0.00664	0.01106	0.00664	0.00885	0.01659	0.00221	0.81303	0.00443	0.00221	0.00553
56	0.01922	0.01416	0.01518	0.01163	0.01568	0.01568	0.00961	0.77388	0.02378	0.03187	0.01214	0.01214	0.00860	0.00607	0.00506	0.00152	0.00556	0.00455	0.00506	0.00860
57	0.00642	0.00451	0.00579	0.00671	0.00694	0.00428	0.00434	0.00711	0.00917	0.01223	0.02527	0.64779	0.03016	0.19152	0.01065	0.00267	0.00336	0.01285	0.00434	0.00388
58	0.01465	0.01521	0.01239	0.01119	0.01397	0.27203	0.00858	0.02468	0.52943	0.01827	0.01639	0.01566	0.01250	0.00632	0.00495	0.00158	0.00568	0.00491	0.00431	0.00730
59	0.13810	0.37870	0.33661	0.01070	0.01612	0.01536	0.01226	0.01546	0.01019	0.01518	0.00786	0.00917	0.00630	0.00458	0.00386	0.00137	0.00602	0.00313	0.00230	0.00674
60	0.27714	0.19510	0.38077	0.01072	0.01614	0.01342	0.01235	0.01546	0.00994	0.01721	0.00799	0.00934	0.00613	0.00467	0.00394	0.00148	0.00590	0.00320	0.00245	0.00663

[dist]
# distance from previous block
# <min> <max>
0	2

[block]
# block no. 2 follows, 49 sequences, length 18
# corresponding to MSA columns:
# 909-926
name=unknown_C
#
# <colnr> <probs for GDERKNQSTAVLIFYWHMCP>
#	G	D	E	R	K	N	Q	S	T	A	V	L	I	F	Y	W	H	M	C	P
0	0.00616	0.00440	0.00587	0.00704	0.00733	0.00411	0.00469	0.00704	0.00968	0.01291	0.02787	0.81899	0.03344	0.01584	0.00645	0.00205	0.00293	0.01438	0.00469	0.00411
1	0.01340	0.25523	0.02685	0.01623	0.02096	0.01533	0.44117	0.11915	0.01305	0.01705	0.00954	0.01179	0.00745	0.00453	0.00503	0.00149	0.00719	0.00480	0.00278	0.00696
2	0.00598	0.00512	0.00512	0.00512	0.00683	0.00427	0.00384	0.00726	0.01153	0.01366	0.05123	0.04866	0.78869	0.01281	0.00598	0.00171	0.00256	0.01067	0.00470	0.00427
3	0.00627	0.00522	0.00554	0.00569	0.00733	0.00448	0.00443	0.00770	0.01154	0.01386	0.04789	0.04981	0.68517	0.01296	0.00611	0.00179	0.00285	0.11235	0.00469	0.00432
4	0.01101	0.01061	0.01655	0.04161	0.42111	0.01185	0.01238	0.01320	0.01036	0.01470	0.01498	0.01760	0.12616	0.00707	0.00860	0.00175	0.24563	0.00542	0.00274	0.00664
5	0.01322	0.58333	0.02472	0.01531	0.24440	0.01763	0.01070	0.01525	0.01064	0.01327	0.00777	0.00942	0.00694	0.00438	0.00377	0.00121	0.00559	0.00324	0.00226	0.00694
6	0.01017	0.00920	0.01197	0.01056	0.01095	0.01194	0.00827	0.01274	0.11310	0.01269	0.01130	0.01868	0.01133	0.25062	0.01775	0.00295	0.46231	0.00547	0.00287	0.00513
7	0.01132	0.01183	0.01976	0.01567	0.01719	0.01468	0.23759	0.01337	0.00899	0.01337	0.00771	0.01183	0.00695	0.00749	0.01343	0.00206	0.57365	0.00488	0.00232	0.00591
8	0.01388	0.02093	0.56270	0.01280	0.01921	0.01046	0.01534	0.01858	0.01181	0.24758	0.01231	0.01262	0.00822	0.00524	0.00489	0.00159	0.00653	0.00414	0.00336	0.00781
9	0.01324	0.01210	0.01336	0.24875	0.02020	0.09276	0.01020	0.12521	0.36948	0.01929	0.01467	0.01535	0.01100	0.00605	0.00505	0.00164	0.00555	0.00494	0.00401	0.00716
10	0.01134	0.01126	0.00999	0.01042	0.01201	0.24272	0.00863	0.01337	0.01244	0.01431	0.02113	0.04278	0.02238	0.01136	0.00626	0.00202	0.00598	0.53252	0.00405	0.00502
11	0.00694	0.00497	0.00673	0.00708	0.00755	0.00527	0.00493	0.00797	0.00837	0.01155	0.01847	0.26131	0.02043	0.24899	0.35000	0.00543	0.00799	0.00862	0.00340	0.00399
12	0.01012	0.05701	0.52909	0.25092	0.02534	0.01196	0.01685	0.01505	0.01049	0.01491	0.00896	0.01140	0.00651	0.00486	0.00481	0.00160	0.00716	0.00392	0.00217	0.00688
13	0.00616	0.00440	0.00587	0.00704	0.00733	0.00411	0.00469	0.00704	0.00968	0.01291	0.02787	0.81899	0.03344	0.01584	0.00645	0.00205	0.00293	0.01438	0.00469	0.00411
14	0.26409	0.01135	0.01663	0.02378	0.55837	0.01182	0.01253	0.01532	0.01065	0.01836	0.00878	0.01124	0.00726	0.00456	0.00445	0.00152	0.00538	0.00398	0.00269	0.00726
15	0.01150	0.01226	0.02408	0.01720	0.02213	0.01099	0.54434	0.01517	0.01150	0.01628	0.00986	0.01270	0.00762	0.00411	0.00531	0.00142	0.00710	0.00508	0.00269	0.25866
16	0.01535	0.01124	0.01961	0.04404	0.38688	0.01078	0.16316	0.01830	0.01244	0.24777	0.01275	0.01416	0.00925	0.00499	0.00522	0.00157	0.00602	0.00497	0.00362	0.00789
17	0.01265	0.00871	0.00978	0.00823	0.01086	0.00885	0.00654	0.23955	0.08181	0.10993	0.20449	0.02915	0.23045	0.00898	0.00553	0.00161	0.00373	0.00744	0.00522	0.00649

[dist]
# distance from previous block
# <min> <max>
6	32

[block]
# block no. 3 follows, 49 sequences, length 101
# corresponding to MSA columns:
# 959-1059
name=unknown_D
#
# <colnr> <probs for GDERKNQSTAVLIFYWHMCP>
#	G	D	E	R	K	N	Q	S	T	A	V	L	I	F	Y	W	H	M	C	P
0	0.00713	0.00539	0.00685	0.00644	0.00767	0.00511	0.00488	0.00931	0.01365	0.01900	0.65027	0.03835	0.15471	0.01064	0.00637	0.00163	0.03337	0.00919	0.00531	0.00473
1	0.82551	0.00959	0.00736	0.00661	0.00962	0.01110	0.00538	0.01458	0.00856	0.02220	0.00738	0.00916	0.00597	0.03592	0.00399	0.00169	0.00395	0.00291	0.00313	0.00538
2	0.00881	0.00457	0.00692	0.03728	0.00767	0.00465	0.00476	0.00683	0.00672	0.00894	0.00879	0.01530	0.00871	0.01709	0.01920	0.82036	0.00448	0.00440	0.00220	0.00233
3	0.00732	0.00503	0.00618	0.00618	0.00641	0.00526	0.00389	0.00778	0.00755	0.01030	0.01533	0.02973	0.01693	0.62300	0.22303	0.00572	0.00710	0.00686	0.00297	0.00343
4	0.01276	0.00793	0.00827	0.00707	0.00922	0.00844	0.00560	0.27106	0.01509	0.02328	0.01501	0.01657	0.01148	0.00595	0.00405	0.00129	0.00345	0.00466	0.56278	0.00604
5	0.01459	0.01186	0.01257	0.01070	0.01392	0.01352	0.00849	0.25336	0.55183	0.02440	0.01802	0.01683	0.01336	0.00662	0.00512	0.00166	0.00448	0.00536	0.00512	0.00818
6	0.73368	0.00904	0.00703	0.00637	0.00921	0.01037	0.00519	0.01441	0.00890	0.02213	0.00843	0.00977	0.00657	0.00487	0.00319	0.00151	0.00368	0.00303	0.12726	0.00536
7	0.09076	0.01343	0.01411	0.01106	0.01490	0.01497	0.00908	0.62815	0.10398	0.02993	0.01261	0.01253	0.00907	0.00604	0.00490	0.00154	0.00525	0.00452	0.00490	0.00827
8	0.13534	0.02247	0.59654	0.01298	0.01944	0.01211	0.01577	0.09736	0.01178	0.01870	0.00911	0.01047	0.00651	0.00492	0.00459	0.00159	0.00675	0.00368	0.00260	0.00730
9	0.00699	0.00521	0.00669	0.00756	0.00860	0.00491	0.00601	0.00862	0.01102	0.01408	0.03332	0.28593	0.22341	0.01424	0.00657	0.00209	0.00360	0.34208	0.00468	0.00439
10	0.01552	0.01380	0.01299	0.01110	0.01428	0.12918	0.00875	0.25239	0.43942	0.02312	0.01615	0.01540	0.01206	0.00638	0.00503	0.00159	0.00523	0.00500	0.00475	0.00787
11	0.01151	0.02255	0.59717	0.01326	0.01991	0.01178	0.01599	0.12670	0.01257	0.01839	0.00951	0.01087	0.00684	0.00488	0.00473	0.00150	0.00679	0.00378	0.00266	0.09861
12	0.00641	0.00460	0.00609	0.00687	0.00739	0.00428	0.00471	0.00768	0.01086	0.01478	0.22102	0.62050	0.03707	0.01444	0.00633	0.00194	0.00279	0.01305	0.00492	0.00428
13	0.01628	0.01270	0.01352	0.01104	0.01456	0.01431	0.00890	0.44316	0.35929	0.02712	0.01588	0.01512	0.01163	0.00642	0.00510	0.00161	0.00487	0.00507	0.00510	0.00834
14	0.00943	0.00471	0.00471	0.00471	0.00589	0.00471	0.00353	0.01178	0.01060	0.01885	0.01650	0.01885	0.01296	0.00589	0.00353	0.00118	0.00236	0.00471	0.85036	0.00471
15	0.02269	0.00861	0.01174	0.00900	0.01291	0.00743	0.00743	0.02464	0.01447	0.79425	0.01995	0.01721	0.01252	0.00626	0.00509	0.00156	0.00430	0.00509	0.00626	0.00861
16	0.00712	0.00517	0.00670	0.00632	0.00753	0.00475	0.00474	0.00946	0.01422	0.02005	0.76276	0.03815	0.07317	0.01042	0.00596	0.00159	0.00239	0.00920	0.00554	0.00475
17	0.01221	0.01297	0.01532	0.01324	0.01362	0.13072	0.01087	0.01334	0.00871	0.01220	0.00681	0.01078	0.00662	0.00832	0.01483	0.00208	0.69525	0.00425	0.00227	0.00558
18	0.64481	0.01342	0.00918	0.00827	0.01127	0.21223	0.00657	0.01622	0.01006	0.02007	0.00724	0.00844	0.00574	0.00483	0.00349	0.00150	0.00523	0.00287	0.00300	0.00557
19	0.00878	0.00439	0.00659	0.00659	0.00659	0.00439	0.00439	0.00659	0.00659	0.00878	0.00878	0.01537	0.00878	0.01757	0.01976	0.85288	0.00439	0.00439	0.00220	0.00220
20	0.00735	0.00490	0.00552	0.00552	0.00552	0.00490	0.00306	0.00735	0.00735	0.00980	0.01593	0.03309	0.01838	0.82229	0.02574	0.00490	0.00490	0.00735	0.00306	0.00306
21	0.01220	0.01169	0.01995	0.11484	0.70944	0.01193	0.01536	0.01524	0.01136	0.01613	0.00946	0.01262	0.00787	0.00456	0.00501	0.00152	0.00609	0.00450	0.00248	0.00775
22	0.01211	0.01661	0.25751	0.01635	0.02166	0.01214	0.34962	0.01873	0.16505	0.05979	0.01248	0.01398	0.00910	0.00505	0.00540	0.00167	0.00707	0.00519	0.00315	0.00735
23	0.00998	0.21513	0.01375	0.00858	0.00970	0.01180	0.00683	0.01074	0.00822	0.01105	0.01096	0.02021	0.01190	0.36830	0.02997	0.00321	0.23712	0.00530	0.00259	0.00467
24	0.01635	0.01773	0.01292	0.01137	0.01410	0.43451	0.00873	0.16104	0.11595	0.01801	0.08778	0.01570	0.05114	0.00646	0.00494	0.00144	0.00681	0.00476	0.00379	0.00647
25	0.14060	0.01240	0.01287	0.01020	0.01363	0.01377	0.00824	0.55294	0.04746	0.02776	0.01211	0.01406	0.00944	0.09369	0.00700	0.00190	0.00519	0.00463	0.00456	0.00752
26	0.00986	0.00744	0.00840	0.00733	0.00940	0.00739	0.00572	0.20305	0.01587	0.02122	0.36752	0.03456	0.26244	0.01000	0.00574	0.00161	0.00325	0.00844	0.00517	0.00559
27	0.01922	0.01416	0.01518	0.01163	0.01568	0.01568	0.00961	0.77388	0.02378	0.03187	0.01214	0.01214	0.00860	0.00607	0.00506	0.00152	0.00556	0.00455	0.00506	0.00860
28	0.01228	0.01171	0.01993	0.04741	0.74425	0.01176	0.01520	0.01527	0.01149	0.01639	0.01016	0.01424	0.00879	0.00488	0.00508	0.00154	0.00597	0.03324	0.00258	0.00783
29	0.00735	0.00490	0.00552	0.00552	0.00552	0.00490	0.00306	0.00735	0.00735	0.00980	0.01593	0.03309	0.01838	0.82229	0.02574	0.00490	0.00490	0.00735	0.00306	0.00306
30	0.00878	0.00794	0.01394	0.01158	0.01335	0.00858	0.20094	0.01090	0.00896	0.01265	0.01241	0.01928	0.01162	0.13218	0.42618	0.00554	0.08176	0.00573	0.00267	0.00500
31	0.01164	0.01023	0.01383	0.00996	0.01450	0.00859	0.11867	0.09511	0.01213	0.01809	0.00951	0.01113	0.00764	0.00407	0.00421	0.00097	0.00464	0.00360	0.00315	0.63835
32	0.01224	0.01277	0.01990	0.01559	0.01843	0.05983	0.30262	0.01792	0.20636	0.01601	0.01163	0.01392	0.00926	0.00637	0.00890	0.00184	0.25134	0.00528	0.00311	0.00667
33	0.01275	0.01040	0.01168	0.00877	0.01297	0.00949	0.00706	0.18998	0.10408	0.02058	0.01108	0.01185	0.00868	0.00465	0.00421	0.00104	0.00419	0.00367	0.00372	0.55914
34	0.01095	0.01063	0.01003	0.00840	0.01148	0.15370	0.00636	0.01267	0.01100	0.01481	0.01357	0.21565	0.01390	0.00709	0.00458	0.00118	0.00454	0.00594	0.00335	0.48016
35	0.00616	0.00440	0.00587	0.00704	0.00733	0.00411	0.00469	0.00704	0.00968	0.01291	0.02787	0.81899	0.03344	0.01584	0.00645	0.00205	0.00293	0.01438	0.00469	0.00411
36	0.01378	0.01365	0.01165	0.01057	0.01288	0.25031	0.00811	0.12885	0.21132	0.01743	0.01495	0.10117	0.01315	0.01298	0.15307	0.00279	0.00744	0.00568	0.00386	0.00637
37	0.01067	0.15135	0.67553	0.01351	0.02049	0.01304	0.01711	0.01588	0.01061	0.01537	0.00875	0.01027	0.00642	0.00473	0.00456	0.00152	0.00715	0.00357	0.00214	0.00732
38	0.01049	0.00899	0.01049	0.00749	0.01198	0.00674	0.00599	0.01273	0.01049	0.01648	0.00899	0.01049	0.00749	0.00374	0.00374	0.00075	0.00374	0.00300	0.00300	0.85320
39	0.00604	0.00510	0.00522	0.00524	0.00688	0.00429	0.00391	0.00735	0.01159	0.01393	0.08350	0.07464	0.72949	0.01280	0.00599	0.00171	0.00257	0.01073	0.00473	0.00429
40	0.01106	0.01106	0.01549	0.01328	0.01328	0.01549	0.01106	0.01217	0.00774	0.01217	0.00664	0.01106	0.00664	0.00885	0.01659	0.00221	0.81303	0.00443	0.00221	0.00553
41	0.00611	0.00458	0.00568	0.00655	0.00721	0.00415	0.00448	0.00710	0.01015	0.01310	0.03380	0.62327	0.22533	0.01507	0.00633	0.00197	0.00284	0.01343	0.00469	0.00415
42	0.00682	0.00488	0.00658	0.00753	0.00817	0.00464	0.00559	0.00829	0.01086	0.01456	0.13897	0.50865	0.03442	0.01455	0.00652	0.00206	0.00330	0.20445	0.00481	0.00435
43	0.00716	0.00517	0.00676	0.00636	0.00755	0.00477	0.00477	0.00954	0.01431	0.02028	0.78808	0.03777	0.04771	0.01034	0.00596	0.00159	0.00239	0.00914	0.00557	0.00477
44	0.01418	0.72700	0.02500	0.00919	0.01330	0.11598	0.00879	0.01576	0.01077	0.01196	0.00713	0.00824	0.00649	0.00443	0.00341	0.00111	0.00586	0.00277	0.00222	0.00641
45	0.01929	0.00954	0.01189	0.00922	0.01310	0.00885	0.00753	0.10376	0.10904	0.50341	0.01758	0.01588	0.01172	0.00594	0.00489	0.00146	0.00432	0.00480	0.00551	0.13228
46	0.01647	0.01117	0.01239	0.01004	0.01343	0.01198	0.00811	0.35696	0.20704	0.15975	0.06033	0.01900	0.07604	0.00707	0.00521	0.00159	0.00455	0.00567	0.00529	0.00790
47	0.00758	0.00495	0.00615	0.00681	0.00741	0.00486	0.00495	0.00888	0.00977	0.01380	0.02244	0.27489	0.02470	0.21841	0.01095	0.00269	0.00377	0.20164	0.16126	0.00410
48	0.01337	0.24209	0.38680	0.01213	0.01787	0.01501	0.01363	0.20833	0.01389	0.01891	0.00929	0.01035	0.00699	0.00499	0.00444	0.00144	0.00642	0.00366	0.00289	0.00749
49	0.01807	0.01569	0.01518	0.08315	0.04399	0.17764	0.01024	0.52485	0.02019	0.02564	0.01088	0.01165	0.00798	0.00575	0.00495	0.00149	0.00642	0.00428	0.00422	0.00775
50	0.76462	0.06792	0.02414	0.00699	0.01030	0.01189	0.00600	0.01511	0.00888	0.03757	0.00734	0.00844	0.00571	0.00470	0.00321	0.00153	0.00409	0.00280	0.00311	0.00565
51	0.01364	0.01167	0.01403	0.01516	0.20989	0.08087	0.03535	0.25615	0.01444	0.01902	0.01217	0.01837	0.01120	0.25301	0.01130	0.00253	0.00589	0.00532	0.00350	0.00647
52	0.00667	0.00483	0.00614	0.00700	0.00761	0.00455	0.00500	0.00775	0.00998	0.01301	0.02919	0.46882	0.13173	0.12344	0.00908	0.00244	0.00347	0.15074	0.00447	0.00409
53	0.03702	0.01511	0.01321	0.01113	0.01428	0.25143	0.00891	0.31862	0.01770	0.12452	0.04803	0.01742	0.01221	0.00678	0.00510	0.00154	0.00620	0.07924	0.00441	0.00714
54	0.00636	0.00516	0.00566	0.00560	0.00716	0.00446	0.00425	0.00797	0.01225	0.01542	0.23958	0.04619	0.56933	0.01222	0.00601	0.00170	0.00260	0.03878	0.00492	0.00441
55	0.01417	0.01402	0.01904	0.02631	0.59381	0.12815	0.01404	0.09777	0.01325	0.01756	0.00955	0.01198	0.00785	0.00478	0.00495	0.00147	0.00642	0.00433	0.00279	0.00776
56	0.14299	0.00832	0.01044	0.00830	0.01173	0.00765	0.00679	0.02118	0.01359	0.57722	0.12126	0.01866	0.01621	0.00658	0.00492	0.00157	0.00399	0.00529	0.00571	0.00763
57	0.00723	0.00538	0.00794	0.00794	0.00878	0.00622	0.00609	0.00891	0.00807	0.01160	0.01371	0.02080	0.01305	0.09306	0.74766	0.00790	0.01294	0.00555	0.00273	0.00441
58	0.00854	0.00679	0.00790	0.00750	0.00924	0.00694	0.00581	0.01403	0.22559	0.01894	0.38404	0.03610	0.16257	0.01012	0.00583	0.00171	0.00306	0.07452	0.00522	0.00557
59	0.01194	0.01364	0.02984	0.02131	0.02643	0.01279	0.77238	0.01620	0.01194	0.01620	0.01023	0.01364	0.00767	0.00426	0.00597	0.00171	0.00853	0.00597	0.00256	0.00682
60	0.00647	0.00482	0.00604	0.00649	0.00737	0.00438	0.00462	0.00793	0.01152	0.01537	0.26539	0.40456	0.19253	0.01349	0.00622	0.00185	0.00273	0.02890	0.00496	0.00436
61	0.01089	0.01029	0.01592	0.01137	0.01604	0.00844	0.22124	0.01371	0.01089	0.01640	0.00934	0.01137	0.00754	0.00389	0.00437	0.00102	0.00509	0.00383	0.00287	0.61548
62	0.00849	0.00639	0.00755	0.00768	0.00916	0.00626	0.00598	0.12028	0.01278	0.01645	0.03238	0.28462	0.25776	0.01304	0.00623	0.00194	0.00362	0.18971	0.00474	0.00495
63	0.01609	0.01503	0.01305	0.01127	0.01437	0.22235	0.00881	0.19261	0.38185	0.04779	0.01528	0.01472	0.01144	0.00623	0.00497	0.00156	0.00572	0.00478	0.00449	0.00759
64	0.00735	0.00486	0.00660	0.00735	0.00795	0.00466	0.00547	0.00788	0.00961	0.01254	0.02505	0.33116	0.10115	0.01547	0.00993	0.21827	0.00374	0.21314	0.00405	0.00379
65	0.01425	0.00891	0.01050	0.00891	0.01166	0.00922	0.00705	0.10139	0.27023	0.22079	0.25222	0.02345	0.02374	0.00768	0.00537	0.00162	0.00376	0.00647	0.00555	0.00724
66	0.01377	0.01361	0.01832	0.13099	0.49225	0.12805	0.01384	0.09743	0.01306	0.01708	0.00948	0.01211	0.00768	0.00485	0.00495	0.00150	0.00651	0.00433	0.00276	0.00744
67	0.01341	0.24939	0.37977	0.01208	0.01779	0.01508	0.01354	0.20832	0.01389	0.01888	0.00927	0.01032	0.00699	0.00499	0.00443	0.00143	0.00640	0.00365	0.00289	0.00748
68	0.01518	0.00773	0.01004	0.00845	0.01114	0.00752	0.00680	0.09795	0.01312	0.36062	0.02175	0.02208	0.12585	0.01680	0.24691	0.00357	0.00699	0.00595	0.00482	0.00673
69	0.00806	0.00488	0.00532	0.00526	0.00611	0.00473	0.00360	0.00954	0.01020	0.01559	0.13310	0.02942	0.10324	0.27015	0.01130	0.00249	0.00320	0.00685	0.36281	0.00414
70	0.01031	0.00734	0.00835	0.00733	0.00872	0.00760	0.00525	0.20277	0.01364	0.01859	0.24908	0.02919	0.02479	0.36872	0.01449	0.00304	0.00431	0.00719	0.00433	0.00499
71	0.01207	0.01107	0.02008	0.01530	0.01818	0.01183	0.34676	0.01480	0.01115	0.09893	0.08732	0.01732	0.05078	0.00688	0.00909	0.00183	0.25111	0.00595	0.00325	0.00630
72	0.00735	0.00490	0.00552	0.00552	0.00552	0.00490	0.00306	0.00735	0.00735	0.00980	0.01593	0.03309	0.01838	0.82229	0.02574	0.00490	0.00490	0.00735	0.00306	0.00306
73	0.01101	0.01126	0.01825	0.13160	0.01901	0.01434	0.16067	0.01307	0.00891	0.01307	0.00769	0.01192	0.00686	0.00740	0.01282	0.00204	0.53727	0.00474	0.00229	0.00580
74	0.01117	0.02235	0.59699	0.01310	0.01977	0.01143	0.01585	0.09705	0.01206	0.01779	0.00939	0.01081	0.00680	0.00479	0.00468	0.00147	0.00672	0.00372	0.00258	0.13150
75	0.00631	0.00495	0.00571	0.00591	0.00713	0.00435	0.00428	0.00775	0.01172	0.01506	0.22241	0.24408	0.41635	0.01299	0.00610	0.00177	0.00261	0.01126	0.00490	0.00435
76	0.01134	0.12608	0.05387	0.01216	0.01695	0.01067	0.23930	0.01427	0.01090	0.01573	0.00909	0.01112	0.00736	0.00403	0.00440	0.00112	0.00560	0.00389	0.00271	0.43944
77	0.00779	0.00580	0.00701	0.00754	0.00854	0.00582	0.00532	0.01128	0.15651	0.03494	0.02832	0.57895	0.09537	0.01362	0.00613	0.00195	0.00314	0.01217	0.00482	0.00498
78	0.01100	0.22921	0.60055	0.01295	0.01962	0.01384	0.01613	0.01579	0.01057	0.01497	0.00856	0.01002	0.00643	0.00468	0.00441	0.00147	0.00695	0.00347	0.00214	0.00722
79	0.00611	0.00460	0.00567	0.00652	0.00720	0.00415	0.00446	0.00710	0.01018	0.01311	0.03420	0.61015	0.23819	0.01502	0.00632	0.00196	0.00283	0.01337	0.00469	0.00415
80	0.00694	0.00496	0.00664	0.00721	0.00785	0.00488	0.00524	0.00834	0.01037	0.01411	0.16982	0.35226	0.03089	0.11645	0.11572	0.00317	0.00475	0.12178	0.00439	0.00424
81	0.01599	0.00857	0.01069	0.00829	0.01196	0.00744	0.00669	0.04470	0.06263	0.37345	0.09412	0.01845	0.04657	0.00620	0.00481	0.00133	0.00390	0.00511	0.00502	0.26409
82	0.01696	0.01130	0.01226	0.00973	0.01305	0.01223	0.00793	0.48900	0.06052	0.10047	0.01433	0.01451	0.01033	0.00609	0.00472	0.00146	0.00463	0.00470	0.19809	0.00768
83	0.01403	0.01418	0.01240	0.01005	0.01365	0.24934	0.02451	0.08382	0.09581	0.01717	0.01044	0.01148	0.00834	0.00482	0.00430	0.00112	0.00562	0.00363	0.03239	0.38290
84	0.01316	0.00929	0.00978	0.00823	0.01062	0.04459	0.00652	0.28890	0.01677	0.05027	0.23756	0.02182	0.03270	0.00732	0.00492	0.00145	0.00390	0.00597	0.21990	0.00632
85	0.01157	0.36518	0.46961	0.01197	0.01811	0.01525	0.01443	0.01564	0.01051	0.01427	0.00821	0.00959	0.00644	0.00460	0.00414	0.00138	0.00660	0.00330	0.00215	0.00706
86	0.01068	0.00962	0.01480	0.66176	0.03102	0.01175	0.01306	0.07986	0.08806	0.01537	0.01041	0.01390	0.00777	0.00532	0.00506	0.00167	0.00637	0.00462	0.00278	0.00611
87	0.01486	0.00687	0.00901	0.00781	0.01027	0.00608	0.00607	0.02932	0.01304	0.41129	0.10205	0.22669	0.11517	0.00989	0.00563	0.00171	0.00357	0.00852	0.00558	0.00656
88	0.38624	0.13089	0.13707	0.00985	0.01305	0.01372	0.00945	0.01440	0.00896	0.01740	0.00726	0.00931	0.00607	0.00571	0.00683	0.00167	0.21027	0.00332	0.00260	0.00595
89	0.00647	0.00497	0.00593	0.00612	0.00728	0.00443	0.00446	0.00805	0.01201	0.01577	0.29857	0.24311	0.32503	0.01276	0.00611	0.00177	0.00264	0.02511	0.00499	0.00441
90	0.01588	0.01124	0.01360	0.08916	0.01609	0.01213	0.03658	0.45253	0.01842	0.10111	0.01551	0.16568	0.01348	0.00777	0.00536	0.00165	0.00516	0.00651	0.00474	0.00739
91	0.01014	0.00910	0.01406	0.12977	0.07266	0.00996	0.11812	0.06337	0.09190	0.01560	0.01612	0.24433	0.01619	0.04051	0.02390	0.00207	0.09224	0.00776	0.00355	0.01865
92	0.00631	0.00483	0.00599	0.00651	0.00741	0.00450	0.00464	0.00756	0.01041	0.01353	0.08873	0.40539	0.27831	0.01737	0.11128	0.00271	0.00417	0.01160	0.00450	0.00426
93	0.00875	0.00804	0.01353	0.02504	0.11321	0.00779	0.17664	0.01171	0.06651	0.01478	0.02330	0.38398	0.10400	0.01068	0.00599	0.00184	0.00466	0.01007	0.00394	0.00553
94	0.02417	0.05963	0.20027	0.17468	0.41227	0.01223	0.01544	0.01511	0.01094	0.01555	0.00914	0.01196	0.00727	0.00467	0.00484	0.00154	0.00642	0.00420	0.00236	0.00730
95	0.01235	0.01077	0.01302	0.01386	0.19150	0.06680	0.00889	0.15442	0.01440	0.01993	0.19543	0.01854	0.01773	0.00622	0.00493	0.00134	0.00469	0.01944	0.00388	0.22187
96	0.15095	0.00671	0.00862	0.19823	0.01457	0.00739	0.00732	0.01016	0.00997	0.01490	0.03480	0.32856	0.10185	0.01072	0.00573	0.00186	0.01947	0.05960	0.00381	0.00479
97	0.01010	0.09310	0.17536	0.02539	0.01348	0.03099	0.00966	0.02420	0.14248	0.02657	0.01782	0.27037	0.01799	0.00949	0.00622	0.00179	0.06345	0.05178	0.00373	0.00605
98	0.03121	0.10191	0.12951	0.01215	0.07112	0.09058	0.01031	0.16695	0.04503	0.21700	0.02459	0.02501	0.00993	0.00568	0.00474	0.00146	0.00565	0.00441	0.00409	0.03866
99	0.17186	0.01229	0.01395	0.01532	0.21019	0.10575	0.00991	0.12155	0.01256	0.08529	0.01122	0.02426	0.03137	0.00650	0.00678	0.03639	0.11035	0.00440	0.00336	0.00669
100	0.07261	0.01078	0.01676	0.19580	0.34141	0.01259	0.01304	0.01382	0.00988	0.01484	0.00842	0.01208	0.00719	0.00607	0.00831	0.01811	0.22501	0.00435	0.00241	0.00651

[dist]
# distance from previous block
# <min> <max>
8	50

[block]
# block no. 4 follows, 49 sequences, length 27
# corresponding to MSA columns:
# 1112-1138
name=unknown_E
#
# <colnr> <probs for GDERKNQSTAVLIFYWHMCP>
#	G	D	E	R	K	N	Q	S	T	A	V	L	I	F	Y	W	H	M	C	P
0	0.09881	0.27787	0.08387	0.01161	0.01581	0.15096	0.10231	0.10699	0.01299	0.08114	0.00940	0.01041	0.00728	0.00491	0.00429	0.00138	0.00638	0.00370	0.00306	0.00683
1	0.23559	0.09090	0.01122	0.00890	0.01161	0.07671	0.00736	0.05629	0.19571	0.01878	0.01757	0.02326	0.06950	0.00764	0.00478	0.00168	0.00464	0.14775	0.00398	0.00613
2	0.00956	0.06790	0.00896	0.00779	0.00882	0.15751	0.00548	0.01047	0.01039	0.01256	0.09414	0.29998	0.02339	0.24725	0.01143	0.00262	0.00481	0.00885	0.00372	0.00438
3	0.12810	0.11561	0.31041	0.01180	0.01679	0.12585	0.01232	0.15469	0.04720	0.01902	0.00944	0.01044	0.00710	0.00511	0.00442	0.00148	0.00648	0.00365	0.00300	0.00709
4	0.05201	0.01133	0.01205	0.01031	0.01307	0.16717	0.08265	0.01745	0.07640	0.22090	0.02136	0.12200	0.11221	0.00830	0.00538	0.00166	0.00527	0.04968	0.00444	0.00635
5	0.01622	0.01303	0.12412	0.01069	0.01452	0.01144	0.00959	0.38304	0.01757	0.17220	0.01606	0.15948	0.01355	0.00770	0.00528	0.00164	0.00512	0.00632	0.00481	0.00762
6	0.00615	0.00446	0.00581	0.00688	0.00729	0.00412	0.00462	0.00706	0.00983	0.01297	0.02981	0.75512	0.09606	0.01559	0.00641	0.00202	0.00290	0.01407	0.00469	0.00412
7	0.01227	0.01456	0.19737	0.01734	0.24341	0.01188	0.01274	0.14509	0.11307	0.01896	0.01336	0.10998	0.01170	0.00674	0.00576	0.00166	0.04761	0.00568	0.00344	0.00739
8	0.01205	0.01186	0.02116	0.13011	0.58434	0.01202	0.12320	0.01528	0.01139	0.01601	0.00955	0.01280	0.00780	0.00454	0.00515	0.00155	0.00646	0.00471	0.00248	0.00753
9	0.00616	0.00440	0.00587	0.00704	0.00733	0.00411	0.00469	0.00704	0.00968	0.01291	0.02787	0.81899	0.03344	0.01584	0.00645	0.00205	0.00293	0.01438	0.00469	0.00411
10	0.01126	0.00902	0.01354	0.04847	0.11354	0.00902	0.11688	0.15309	0.01334	0.06012	0.02139	0.28650	0.10288	0.00959	0.00575	0.00175	0.00482	0.00873	0.00415	0.00616
11	0.00938	0.26736	0.20314	0.00882	0.01249	0.01098	0.00909	0.01181	0.01059	0.01354	0.02293	0.16670	0.21705	0.00876	0.00492	0.00155	0.00471	0.00717	0.00328	0.00571
12	0.00846	0.00710	0.01166	0.01298	0.12240	0.00688	0.10085	0.01055	0.01089	0.01459	0.02273	0.34251	0.02518	0.01217	0.00637	0.00203	0.00465	0.26869	0.00411	0.00518
13	0.00631	0.00466	0.00591	0.00660	0.00729	0.00425	0.00457	0.00753	0.01083	0.01437	0.16984	0.54951	0.16110	0.01434	0.00629	0.00191	0.00277	0.01281	0.00485	0.00425
14	0.01344	0.25168	0.11678	0.01799	0.22133	0.06752	0.15051	0.05597	0.01203	0.03404	0.00914	0.01108	0.00735	0.00462	0.00462	0.00142	0.00661	0.00409	0.00260	0.00719
15	0.01215	0.01125	0.01754	0.11682	0.29200	0.06762	0.14591	0.01487	0.01174	0.07854	0.01689	0.04802	0.12024	0.00639	0.00551	0.00161	0.01708	0.00596	0.00318	0.00669
16	0.00943	0.00471	0.00471	0.00471	0.00589	0.00471	0.00353	0.01178	0.01060	0.01885	0.01650	0.01885	0.01296	0.00589	0.00353	0.00118	0.00236	0.00471	0.85036	0.00471
17	0.08808	0.00891	0.01324	0.01486	0.21642	0.00877	0.08385	0.03044	0.04926	0.09682	0.06095	0.15788	0.13277	0.00832	0.00539	0.00167	0.00455	0.00747	0.00400	0.00634
18	0.01601	0.01316	0.04464	0.01622	0.21201	0.06450	0.03427	0.31982	0.01720	0.10425	0.09458	0.01529	0.01278	0.00599	0.00513	0.00152	0.00560	0.00501	0.00424	0.00776
19	0.00742	0.00576	0.00879	0.10319	0.01196	0.00674	0.00711	0.00934	0.00848	0.01197	0.01410	0.08004	0.01353	0.03234	0.64700	0.00690	0.01193	0.00599	0.00281	0.00461
20	0.00702	0.00516	0.00657	0.00622	0.00747	0.00471	0.00466	0.00928	0.01399	0.01951	0.70271	0.03903	0.13356	0.01062	0.00597	0.00160	0.00241	0.00932	0.00547	0.00471
21	0.01080	0.01591	0.24833	0.23418	0.07910	0.01201	0.29577	0.01521	0.01104	0.01528	0.00951	0.01266	0.00707	0.00465	0.00532	0.00166	0.00756	0.00482	0.00235	0.00676
22	0.01568	0.24718	0.05309	0.04434	0.15625	0.11937	0.01067	0.13433	0.04779	0.10932	0.01067	0.01154	0.00821	0.00514	0.00446	0.00139	0.00598	0.00392	0.00335	0.00734
23	0.01072	0.00598	0.00774	0.00683	0.00874	0.00534	0.00529	0.01286	0.01399	0.20454	0.50932	0.03426	0.13487	0.00968	0.00576	0.00160	0.00287	0.00837	0.00562	0.00562
24	0.00758	0.00660	0.00846	0.00829	0.00962	0.04662	0.06882	0.00916	0.01118	0.01421	0.09365	0.36715	0.21353	0.01291	0.00622	0.00190	0.00379	0.10125	0.00448	0.00458
25	0.01526	0.30436	0.15398	0.01273	0.07986	0.15201	0.01121	0.12997	0.01345	0.06949	0.00937	0.01032	0.00733	0.00497	0.00428	0.00134	0.00641	0.00357	0.00297	0.00714
26	0.46460	0.03673	0.01326	0.01400	0.19716	0.04713	0.04158	0.08837	0.01119	0.02089	0.00828	0.00993	0.00657	0.00483	0.00414	0.00153	0.01672	0.00352	0.00308	0.00649

[dist]
# distance from previous block
# <min> <max>
0	2

[block]
# block no. 5 follows, 49 sequences, length 53
# corresponding to MSA columns:
# 1141-1193
name=unknown_F
#
# <colnr> <probs for GDERKNQSTAVLIFYWHMCP>
#	G	D	E	R	K	N	Q	S	T	A	V	L	I	F	Y	W	H	M	C	P
0	0.07493	0.04001	0.28551	0.01742	0.22413	0.11093	0.01395	0.11770	0.01306	0.04234	0.00958	0.01112	0.00726	0.00497	0.00471	0.00151	0.00662	0.00393	0.00288	0.00743
1	0.01179	0.01083	0.09847	0.04478	0.17767	0.00937	0.00991	0.08941	0.09156	0.09310	0.19045	0.04734	0.08869	0.00752	0.00536	0.00160	0.00457	0.00650	0.00428	0.00679
2	0.01191	0.01307	0.13697	0.04240	0.42895	0.01076	0.01332	0.04619	0.03252	0.03830	0.08001	0.01477	0.01169	0.00523	0.00494	0.00147	0.00555	0.00473	0.02110	0.07611
3	0.22328	0.00759	0.00820	0.00728	0.01002	0.00721	0.00591	0.01353	0.01108	0.15186	0.02327	0.06082	0.18513	0.00850	0.00493	0.00160	0.00373	0.12079	0.00430	0.14097
4	0.01477	0.41586	0.01956	0.01017	0.01353	0.30760	0.00873	0.01632	0.01157	0.01224	0.00804	0.00973	0.00714	0.00792	0.08199	0.00184	0.00751	0.00319	0.00241	0.03987
5	0.01029	0.00846	0.00981	0.00759	0.01119	0.00697	0.00596	0.07978	0.01190	0.01752	0.06323	0.10351	0.06402	0.00629	0.00445	0.00108	0.00366	0.00527	0.00364	0.57540
6	0.02193	0.06433	0.44965	0.01186	0.01725	0.01074	0.01369	0.07226	0.01213	0.08369	0.01604	0.02023	0.07998	0.00683	0.00511	0.00166	0.00611	0.09629	0.00326	0.00694
7	0.00654	0.00511	0.00593	0.00581	0.00720	0.00450	0.00432	0.00832	0.01273	0.01672	0.39553	0.08462	0.40095	0.01181	0.00600	0.00167	0.00250	0.01015	0.00510	0.00450
8	0.85801	0.00978	0.00743	0.00665	0.00978	0.01134	0.00548	0.01486	0.00861	0.02269	0.00704	0.00821	0.00548	0.00469	0.00313	0.00156	0.00391	0.00274	0.00313	0.00548
9	0.00955	0.00899	0.01517	0.81013	0.03483	0.01123	0.01404	0.01292	0.01011	0.01292	0.00899	0.01348	0.00674	0.00506	0.00506	0.00169	0.00674	0.00449	0.00225	0.00562
10	0.00829	0.00688	0.01132	0.00951	0.01082	0.00693	0.16666	0.00964	0.00852	0.01164	0.01413	0.02566	0.01468	0.45279	0.21600	0.00503	0.00783	0.00658	0.00287	0.00422
11	0.00612	0.00455	0.00571	0.00664	0.00723	0.00414	0.00451	0.00709	0.01007	0.01307	0.03281	0.65599	0.19325	0.01520	0.00635	0.00198	0.00285	0.01359	0.00469	0.00414
12	0.01212	0.18215	0.01491	0.01006	0.01205	0.01314	0.00832	0.19670	0.01275	0.01712	0.01432	0.24870	0.01498	0.00928	0.00797	0.00176	0.20695	0.00702	0.00363	0.00606
13	0.01281	0.01116	0.01869	0.05754	0.49141	0.01132	0.08125	0.06799	0.01212	0.06647	0.01089	0.01383	0.00882	0.00880	0.10233	0.00234	0.00704	0.00479	0.00294	0.00745
