[name]
unknown

[dist]
# distance from previous block
# <min> <max>
16	359

[block]
# block no. 0 follows, 41 sequences, length 9
# corresponding to MSA columns:
# 426,427,431-437
name=unknown_A
#
# <colnr> <probs for GDERKNQSTAVLIFYWHMCP>
#	G	D	E	R	K	N	Q	S	T	A	V	L	I	F	Y	W	H	M	C	P
0	0.01140	0.14348	0.09261	0.10805	0.05610	0.01104	0.06577	0.01403	0.01227	0.06635	0.02414	0.20609	0.14609	0.00996	0.00598	0.00187	0.00554	0.00869	0.00400	0.00654
1	0.00968	0.00869	0.01152	0.01170	0.06846	0.05022	0.03493	0.01180	0.01155	0.01555	0.11395	0.02837	0.15217	0.02454	0.34234	0.00508	0.08255	0.00743	0.00379	0.00568
2	0.01504	0.00807	0.00908	0.00777	0.01023	0.00810	0.00615	0.14632	0.01585	0.15595	0.09246	0.02177	0.01761	0.00728	0.00489	0.00153	0.00371	0.00587	0.45542	0.00690
3	0.01343	0.00844	0.01254	0.05396	0.17787	0.00808	0.00908	0.01523	0.01349	0.17406	0.20673	0.02696	0.09271	0.01063	0.00893	0.14459	0.00472	0.00720	0.00475	0.00661
4	0.05482	0.01238	0.07333	0.23731	0.21820	0.05114	0.01359	0.01500	0.01145	0.01613	0.01155	0.01612	0.00970	0.01565	0.21545	0.00380	0.00954	0.00513	0.00282	0.00689
5	0.00728	0.00521	0.00691	0.00776	0.00836	0.00485	0.00533	0.00874	0.01238	0.01687	0.23004	0.59026	0.04223	0.01622	0.00715	0.00218	0.00315	0.01465	0.00558	0.00485
6	0.07020	0.00811	0.00978	0.00894	0.01133	0.00794	0.00695	0.01799	0.10795	0.23666	0.07626	0.12378	0.07875	0.10865	0.00911	0.00245	0.00445	0.09831	0.00560	0.00680
7	0.01565	0.01197	0.04947	0.01373	0.10681	0.05472	0.00986	0.11305	0.01477	0.17561	0.03373	0.18748	0.01751	0.03424	0.00754	0.00195	0.05839	0.00762	0.00475	0.08115
8	0.05958	0.01097	0.01395	0.01377	0.10092	0.04177	0.03881	0.01985	0.17814	0.13948	0.08428	0.02143	0.01694	0.07690	0.08229	0.00289	0.07976	0.00625	0.00459	0.00742

[dist]
# distance from previous block
# <min> <max>
6	20

[block]
# block no. 1 follows, 41 sequences, length 24
# corresponding to MSA columns:
# 458-481
name=unknown_B
#
# <colnr> <probs for GDERKNQSTAVLIFYWHMCP>
#	G	D	E	R	K	N	Q	S	T	A	V	L	I	F	Y	W	H	M	C	P
0	0.01256	0.01099	0.01076	0.03331	0.04866	0.15204	0.00762	0.01515	0.04880	0.07656	0.21782	0.03087	0.10595	0.11648	0.07321	0.00288	0.00623	0.01943	0.00466	0.00601
1	0.04005	0.27447	0.09553	0.04795	0.15524	0.08770	0.01251	0.12723	0.01456	0.01918	0.01032	0.01216	0.00839	0.00562	0.00506	0.00154	0.02240	0.00417	0.04805	0.00786
2	0.05873	0.01090	0.02296	0.01246	0.08356	0.05874	0.01986	0.16895	0.01497	0.06697	0.01807	0.19281	0.01722	0.02711	0.12296	0.00301	0.00684	0.00772	0.07926	0.00688
3	0.00694	0.00510	0.00651	0.00765	0.00821	0.00467	0.00517	0.00800	0.01126	0.01473	0.03541	0.68651	0.14406	0.01742	0.00722	0.00227	0.00326	0.01565	0.00531	0.00467
4	0.01492	0.07655	0.16769	0.05401	0.12501	0.15583	0.01338	0.09256	0.08358	0.01961	0.09312	0.01638	0.01386	0.00670	0.00611	0.00173	0.04233	0.00521	0.00366	0.00777
5	0.01350	0.00859	0.01043	0.00989	0.04655	0.00871	0.00682	0.08749	0.11305	0.14304	0.14345	0.05600	0.02375	0.28713	0.01420	0.00314	0.00488	0.00779	0.00511	0.00650
6	0.02949	0.08643	0.35282	0.06035	0.13213	0.01348	0.13050	0.01695	0.01256	0.01791	0.04839	0.01628	0.04568	0.00598	0.00563	0.00177	0.00753	0.00534	0.00291	0.00785
7	0.01227	0.00970	0.05010	0.04085	0.01473	0.00856	0.08984	0.03314	0.05415	0.14177	0.05780	0.07312	0.27251	0.01094	0.00685	0.00200	0.02423	0.08571	0.00508	0.00665
8	0.00709	0.00565	0.00635	0.00650	0.00801	0.00492	0.00475	0.00872	0.01333	0.01690	0.20375	0.18999	0.47485	0.01453	0.00686	0.00198	0.00293	0.01248	0.00552	0.00492
9	0.06720	0.05970	0.09964	0.04234	0.13174	0.17919	0.01176	0.02101	0.20319	0.01885	0.05061	0.01768	0.03562	0.03002	0.00610	0.00184	0.00665	0.00536	0.00385	0.00762
10	0.67031	0.01113	0.03825	0.00797	0.01151	0.01178	0.00681	0.01679	0.01091	0.06532	0.09269	0.01368	0.01199	0.00612	0.00409	0.00177	0.00441	0.00409	0.00400	0.00639
11	0.83938	0.01106	0.00841	0.00752	0.01106	0.01283	0.00619	0.01681	0.00973	0.02566	0.00796	0.00929	0.00619	0.00531	0.00354	0.00177	0.00442	0.00310	0.00354	0.00619
12	0.00945	0.00724	0.00798	0.00765	0.00952	0.00693	0.00571	0.13008	0.01453	0.01838	0.04152	0.23701	0.41438	0.01436	0.00747	0.04174	0.00367	0.01166	0.00524	0.00548
13	0.01575	0.01304	0.01379	0.01195	0.01545	0.01494	0.00942	0.17511	0.60577	0.02638	0.02134	0.01980	0.01589	0.00758	0.00580	0.00189	0.00489	0.00620	0.00580	0.00919
14	0.02137	0.02726	0.01621	0.01474	0.01768	0.77602	0.01105	0.02284	0.01621	0.01400	0.00884	0.01031	0.00737	0.00589	0.00516	0.00147	0.01031	0.00368	0.00295	0.00663
15	0.00968	0.00803	0.00998	0.13758	0.05629	0.00808	0.00779	0.09285	0.01413	0.01795	0.03900	0.09786	0.42749	0.01165	0.00636	0.00190	0.00431	0.00984	0.03336	0.00587
16	0.00733	0.00528	0.00702	0.00829	0.00886	0.00498	0.00591	0.00862	0.01142	0.01506	0.03257	0.63909	0.07127	0.01741	0.00737	0.00236	0.00362	0.13348	0.00530	0.00476
17	0.00830	0.00627	0.00844	0.00802	0.00920	0.00646	0.00611	0.01063	0.01371	0.01940	0.48455	0.03657	0.07304	0.04251	0.19464	0.00375	0.04890	0.00905	0.00518	0.00529
18	0.01252	0.01178	0.01952	0.12991	0.49620	0.01247	0.01513	0.01545	0.01217	0.01715	0.01347	0.12892	0.01297	0.00745	0.00695	0.00188	0.06836	0.00673	0.00313	0.00783
19	0.00796	0.00584	0.00746	0.00706	0.00846	0.00534	0.00529	0.01054	0.01588	0.02220	0.69145	0.04393	0.12326	0.01197	0.00675	0.00181	0.00272	0.01051	0.00620	0.00534
20	0.01353	0.01658	0.24404	0.01392	0.06632	0.01236	0.01267	0.12557	0.20577	0.02049	0.01412	0.01604	0.01098	0.00942	0.00934	0.18610	0.00623	0.00517	0.00383	0.00751
21	0.01759	0.17748	0.01752	0.01199	0.01524	0.31267	0.00975	0.11046	0.01560	0.05893	0.01716	0.01777	0.11876	0.00746	0.00625	0.00162	0.06776	0.00519	0.00374	0.00705
22	0.01506	0.04544	0.01634	0.13764	0.10165	0.05822	0.02671	0.18204	0.22120	0.02257	0.01879	0.02070	0.06738	0.00745	0.00580	0.00183	0.00608	0.03250	0.00452	0.00808
23	0.01202	0.04986	0.09131	0.09996	0.16329	0.01133	0.01149	0.11516	0.05039	0.01927	0.02323	0.17356	0.13642	0.00959	0.00606	0.00188	0.00553	0.00830	0.00417	0.00716

[dist]
# distance from previous block
# <min> <max>
1	15

[block]
# block no. 2 follows, 41 sequences, length 43
# corresponding to MSA columns:
# 508-519,521-551
name=unknown_C
#
# <colnr> <probs for GDERKNQSTAVLIFYWHMCP>
#	G	D	E	R	K	N	Q	S	T	A	V	L	I	F	Y	W	H	M	C	P
0	0.17076	0.11603	0.04126	0.01983	0.26584	0.07148	0.09404	0.01759	0.04139	0.01881	0.01385	0.01577	0.06587	0.00605	0.00537	0.00170	0.01848	0.00509	0.00322	0.00758
1	0.02719	0.01448	0.01921	0.05948	0.39560	0.12202	0.04246	0.02887	0.04475	0.06016	0.01381	0.01681	0.03642	0.00603	0.00561	0.00167	0.00683	0.02399	0.00345	0.07117
2	0.01544	0.01389	0.01652	0.01762	0.19530	0.10108	0.04345	0.14211	0.13830	0.05290	0.05327	0.02152	0.10816	0.00774	0.00654	0.00180	0.04548	0.00639	0.00447	0.00802
3	0.00839	0.00576	0.00768	0.00768	0.00875	0.00593	0.00573	0.01057	0.01221	0.01793	0.27472	0.11910	0.03096	0.04757	0.27986	0.00453	0.00733	0.00870	0.13148	0.00514
4	0.01427	0.00832	0.01131	0.01205	0.09814	0.00790	0.00803	0.07962	0.01437	0.22407	0.05448	0.36403	0.05507	0.01210	0.00650	0.00201	0.00437	0.01071	0.00558	0.00704
5	0.00770	0.00583	0.00709	0.00678	0.00830	0.00523	0.00508	0.01002	0.01525	0.02071	0.55113	0.04640	0.26451	0.01253	0.00675	0.00184	0.00276	0.01086	0.00600	0.00523
6	0.01132	0.01069	0.01809	0.67011	0.15050	0.01284	0.01614	0.01507	0.01168	0.01524	0.01026	0.01508	0.00785	0.00562	0.00571	0.00187	0.00750	0.00509	0.00259	0.00677
7	0.00749	0.00544	0.00638	0.00679	0.00745	0.00507	0.00444	0.00837	0.01091	0.01420	0.09028	0.29429	0.19990	0.29573	0.01493	0.00334	0.00397	0.01199	0.00473	0.00433
8	0.00824	0.00586	0.00784	0.00784	0.00840	0.00642	0.00546	0.00935	0.00879	0.01228	0.01656	0.02931	0.01727	0.38875	0.43453	0.00752	0.01085	0.00713	0.00325	0.00436
9	0.67271	0.01207	0.01019	0.00867	0.01242	0.01383	0.00715	0.16509	0.01323	0.02778	0.00914	0.01020	0.00691	0.00563	0.00398	0.00176	0.00481	0.00352	0.00398	0.00691
10	0.01362	0.04657	0.13805	0.04675	0.16328	0.01158	0.01235	0.03606	0.01275	0.07746	0.03750	0.01416	0.01032	0.00571	0.00617	0.00149	0.06944	0.00452	0.00343	0.28878
11	0.01429	0.01760	0.17417	0.02547	0.39003	0.04951	0.04572	0.07475	0.01352	0.01905	0.01040	0.01335	0.00844	0.00599	0.00740	0.00183	0.11218	0.00491	0.00294	0.00845
12	0.01439	0.01228	0.01428	0.16951	0.02020	0.01432	0.01065	0.10864	0.51895	0.02341	0.01952	0.01923	0.01457	0.00724	0.00579	0.00191	0.00536	0.00603	0.00514	0.00858
13	0.14379	0.17824	0.04921	0.01445	0.10232	0.03044	0.01126	0.29210	0.01712	0.02471	0.01053	0.01192	0.00828	0.00622	0.00609	0.00169	0.07520	0.00432	0.00391	0.00820
14	0.01084	0.01608	0.25726	0.06948	0.19250	0.01089	0.06004	0.01480	0.01220	0.01706	0.03202	0.08905	0.10968	0.01083	0.06988	0.00247	0.00738	0.00699	0.00330	0.00727
15	0.00768	0.00583	0.00673	0.00683	0.00795	0.00556	0.00487	0.00884	0.01092	0.01383	0.03624	0.04507	0.34836	0.27396	0.13222	0.00428	0.00585	0.06615	0.00436	0.00446
16	0.00714	0.00581	0.00632	0.00619	0.00796	0.00499	0.00464	0.00894	0.01393	0.01757	0.25651	0.05156	0.56110	0.01370	0.00676	0.00189	0.00284	0.01158	0.00559	0.00499
17	0.01843	0.30181	0.02037	0.01221	0.01581	0.41564	0.01007	0.05331	0.01475	0.01536	0.00947	0.01087	0.00800	0.00564	0.00457	0.00139	0.00807	0.00365	0.06366	0.00693
18	0.01094	0.01413	0.17049	0.62849	0.03641	0.01283	0.01695	0.01533	0.01157	0.01533	0.01019	0.01460	0.00755	0.00566	0.00566	0.00189	0.00779	0.00491	0.00252	0.00678
19	0.03708	0.09145	0.27513	0.01797	0.17118	0.07000	0.01516	0.10733	0.06380	0.05170	0.01179	0.01316	0.00892	0.00570	0.00528	0.00167	0.00711	0.00452	0.00343	0.03763
20	0.01171	0.01131	0.01807	0.61554	0.14885	0.03664	0.01586	0.01529	0.01172	0.01519	0.01011	0.01482	0.00783	0.00580	0.00621	0.00188	0.03875	0.00504	0.00260	0.00677
21	0.01181	0.09777	0.70411	0.01573	0.02387	0.01411	0.02013	0.01803	0.01204	0.01770	0.01006	0.01182	0.00725	0.00539	0.00528	0.00176	0.00825	0.00412	0.00242	0.00836
22	0.01202	0.01178	0.02128	0.16809	0.23534	0.01238	0.19772	0.01536	0.01230	0.01686	0.01452	0.10286	0.01374	0.00784	0.00735	0.00201	0.06882	0.06930	0.00324	0.00718
23	0.00963	0.00770	0.01127	0.09626	0.15278	0.00769	0.00888	0.01172	0.01211	0.04652	0.05064	0.24343	0.19824	0.01538	0.08776	0.00276	0.00567	0.02117	0.00441	0.00598
24	0.00679	0.00567	0.00592	0.00613	0.00781	0.00480	0.00449	0.00817	0.01272	0.01532	0.05389	0.16865	0.64999	0.01501	0.00684	0.00199	0.00296	0.01271	0.00531	0.00480
25	0.01502	0.01242	0.01951	0.01509	0.01868	0.01290	0.24712	0.22754	0.01659	0.05428	0.01618	0.13520	0.01425	0.00813	0.00714	0.00190	0.06816	0.00741	0.09493	0.00754
26	0.01556	0.04325	0.12701	0.10821	0.11197	0.20463	0.01325	0.10165	0.04568	0.01873	0.01205	0.01422	0.02187	0.00641	0.00642	0.00172	0.07112	0.00474	0.06403	0.00749
27	0.00782	0.00644	0.00813	0.00839	0.00919	0.00675	0.00615	0.00906	0.01144	0.01507	0.06547	0.42155	0.24910	0.01541	0.00891	0.00221	0.12602	0.01301	0.00491	0.00498
28	0.00697	0.00498	0.00664	0.00796	0.00830	0.00465	0.00531	0.00796	0.01095	0.01460	0.03153	0.79525	0.03783	0.01792	0.00730	0.00232	0.00332	0.01626	0.00531	0.00465
29	0.10489	0.01128	0.01147	0.00977	0.01267	0.06326	0.00775	0.21235	0.05011	0.11196	0.01568	0.01785	0.01220	0.04428	0.11716	0.00288	0.00664	0.00527	0.17525	0.00728
30	0.01609	0.26365	0.07111	0.01632	0.18238	0.10511	0.01168	0.01851	0.01316	0.13083	0.01394	0.10748	0.01246	0.00701	0.00517	0.00162	0.00639	0.00568	0.00365	0.00776
31	0.01398	0.01290	0.01671	0.01823	0.21666	0.12769	0.09897	0.01679	0.04181	0.07319	0.02678	0.02220	0.05395	0.16277	0.06987	0.00305	0.00759	0.00634	0.00362	0.00690
32	0.24575	0.10409	0.08429	0.01469	0.06726	0.28449	0.08806	0.01931	0.01305	0.01831	0.00904	0.01086	0.00728	0.00542	0.00477	0.00162	0.00776	0.00392	0.00300	0.00702
33	0.00734	0.00579	0.00648	0.00662	0.00812	0.00512	0.00493	0.00892	0.01296	0.01629	0.15779	0.10560	0.46944	0.08525	0.00892	0.00233	0.00335	0.07465	0.00529	0.00482
34	0.22484	0.01247	0.01296	0.01036	0.01435	0.01334	0.00850	0.34821	0.01911	0.16308	0.01900	0.01844	0.09650	0.00740	0.00530	0.00176	0.00518	0.00555	0.00537	0.00828
35	0.01416	0.01359	0.02322	0.03511	0.76330	0.01359	0.01755	0.01755	0.01302	0.01869	0.01076	0.01416	0.00906	0.00510	0.00566	0.00170	0.00680	0.00510	0.00283	0.00906
36	0.01401	0.01611	0.13510	0.05372	0.26482	0.04461	0.07889	0.09352	0.01404	0.01974	0.03702	0.01439	0.01006	0.00595	0.00677	0.00172	0.07757	0.00504	0.00323	0.10369
37	0.00723	0.00581	0.00645	0.00629	0.00801	0.00503	0.00472	0.00912	0.01415	0.01809	0.30549	0.05070	0.51179	0.01350	0.00676	0.00188	0.00283	0.01146	0.00566	0.00503
38	0.00809	0.00590	0.00838	0.00871	0.00950	0.00648	0.00653	0.00973	0.00971	0.01353	0.01963	0.15315	0.02064	0.14006	0.48183	0.00700	0.01115	0.07147	0.00368	0.00482
39	0.08814	0.00979	0.01172	0.00970	0.01263	0.03903	0.03455	0.08239	0.01579	0.25096	0.23825	0.02442	0.02425	0.00822	0.00619	0.00175	0.03533	0.00672	0.09282	0.00734
40	0.01028	0.00799	0.01011	0.06391	0.01231	0.00899	0.00722	0.03941	0.12407	0.01574	0.01645	0.02494	0.01551	0.25399	0.25161	0.00520	0.04785	0.00652	0.03753	0.04034
41	0.00825	0.00556	0.00622	0.00622	0.00630	0.00552	0.00350	0.00831	0.00852	0.01127	0.01970	0.03817	0.05187	0.76604	0.02817	0.00539	0.00543	0.00848	0.00354	0.00352
42	0.01479	0.04677	0.23463	0.01663	0.09878	0.06732	0.09820	0.13105	0.02586	0.03379	0.01121	0.01294	0.00852	0.00539	0.00535	0.00156	0.00717	0.00457	0.00339	0.17207

[dist]
# distance from previous block
# <min> <max>
0	3

[block]
# block no. 3 follows, 41 sequences, length 22
# corresponding to MSA columns:
# 555-576
name=unknown_D
#
# <colnr> <probs for GDERKNQSTAVLIFYWHMCP>
#	G	D	E	R	K	N	Q	S	T	A	V	L	I	F	Y	W	H	M	C	P
0	0.48153	0.01826	0.05173	0.01076	0.01433	0.30578	0.00885	0.01920	0.01234	0.02079	0.00842	0.00983	0.00670	0.00554	0.00426	0.00166	0.00690	0.00338	0.00325	0.00648
1	0.83938	0.01106	0.00841	0.00752	0.01106	0.01283	0.00619	0.01681	0.00973	0.02566	0.00796	0.00929	0.00619	0.00531	0.00354	0.00177	0.00442	0.00310	0.00354	0.00619
2	0.01137	0.01174	0.02329	0.24842	0.02835	0.01195	0.37574	0.01511	0.01237	0.01646	0.01520	0.17353	0.01428	0.00775	0.00655	0.00200	0.00776	0.00818	0.00328	0.00669
3	0.00684	0.00580	0.00591	0.00588	0.00778	0.00486	0.00441	0.00837	0.01324	0.01592	0.10194	0.05428	0.71669	0.01431	0.00676	0.00192	0.00288	0.01196	0.00537	0.00486
4	0.01147	0.02959	0.76934	0.01630	0.02476	0.01328	0.02113	0.01811	0.01208	0.01811	0.01026	0.01208	0.00725	0.00543	0.00543	0.00181	0.00845	0.00423	0.00242	0.00845
5	0.01328	0.02720	0.63694	0.01575	0.02352	0.01407	0.01933	0.14593	0.01468	0.02127	0.01088	0.01237	0.00768	0.00569	0.00548	0.00179	0.00807	0.00439	0.00300	0.00868
6	0.00921	0.00526	0.00711	0.00711	0.00718	0.00533	0.00455	0.00797	0.00790	0.01060	0.01335	0.02528	0.01432	0.31483	0.07599	0.46590	0.00589	0.00631	0.00289	0.00303
7	0.00799	0.00626	0.00815	0.00962	0.05943	0.00581	0.00673	0.00981	0.01268	0.01638	0.09487	0.27712	0.26843	0.01498	0.00711	0.00219	0.00382	0.17821	0.00521	0.00520
8	0.01481	0.19926	0.25889	0.01308	0.01861	0.05359	0.03702	0.06407	0.04368	0.07212	0.01115	0.01245	0.00857	0.00578	0.00587	0.00159	0.05982	0.00422	0.00328	0.11215
9	0.83938	0.01106	0.00841	0.00752	0.01106	0.01283	0.00619	0.01681	0.00973	0.02566	0.00796	0.00929	0.00619	0.00531	0.00354	0.00177	0.00442	0.00310	0.00354	0.00619
10	0.01311	0.01182	0.07619	0.15637	0.01877	0.04386	0.01099	0.06857	0.05603	0.09441	0.01410	0.01846	0.01164	0.05773	0.23861	0.00428	0.08907	0.00558	0.00364	0.00677
11	0.02042	0.01380	0.03969	0.01142	0.01542	0.09550	0.00945	0.20005	0.11297	0.30920	0.05221	0.02015	0.05834	0.00756	0.00578	0.00176	0.00568	0.00599	0.00584	0.00879
12	0.00721	0.00516	0.00689	0.00804	0.00853	0.00483	0.00555	0.00847	0.01160	0.01557	0.10324	0.67795	0.03913	0.01718	0.00728	0.00229	0.00337	0.05754	0.00540	0.00476
13	0.01772	0.01822	0.18318	0.01378	0.01910	0.01568	0.03648	0.42994	0.11725	0.02904	0.01396	0.01432	0.01009	0.00647	0.00563	0.00173	0.00655	0.00508	0.00479	0.05099
14	0.01237	0.15824	0.06175	0.20938	0.10301	0.01355	0.04909	0.04013	0.01291	0.01758	0.11889	0.01725	0.01466	0.00640	0.00604	0.00164	0.04765	0.00532	0.00331	0.10082
15	0.01430	0.10242	0.41551	0.01414	0.02016	0.05453	0.01581	0.07133	0.04377	0.08078	0.01188	0.01342	0.00885	0.00815	0.04988	0.00219	0.05695	0.00452	0.00326	0.00814
16	0.01488	0.53089	0.17860	0.01247	0.01799	0.08042	0.06183	0.01786	0.01221	0.01477	0.00874	0.01028	0.00741	0.00508	0.00435	0.00141	0.00716	0.00359	0.00251	0.00753
17	0.00732	0.00554	0.00656	0.00712	0.00814	0.00504	0.00506	0.00860	0.01188	0.01518	0.08246	0.32185	0.30145	0.11453	0.00987	0.00258	0.00357	0.07346	0.00513	0.00466
18	0.01136	0.01027	0.01668	0.13209	0.28486	0.01133	0.03266	0.01382	0.01142	0.01609	0.05273	0.09797	0.01475	0.01329	0.11150	0.04500	0.10754	0.00670	0.00320	0.00676
19	0.04204	0.09413	0.04223	0.15184	0.08530	0.29278	0.06203	0.12894	0.01578	0.01856	0.01009	0.01229	0.00796	0.00574	0.00531	0.00163	0.00826	0.00442	0.00324	0.00744
20	0.01445	0.01581	0.16716	0.05160	0.16672	0.01282	0.01322	0.21551	0.01587	0.02237	0.01205	0.01500	0.00966	0.04263	0.07057	0.00239	0.00729	0.00490	0.00366	0.13630
21	0.01646	0.06745	0.04159	0.03105	0.22878	0.09820	0.01198	0.18423	0.05586	0.07563	0.01890	0.01954	0.11119	0.00715	0.00564	0.00170	0.00631	0.00585	0.00426	0.00824

[dist]
# distance from previous block
# <min> <max>
0	2

[block]
# block no. 4 follows, 41 sequences, length 25
# corresponding to MSA columns:
# 580-604
name=unknown_E
#
# <colnr> <probs for GDERKNQSTAVLIFYWHMCP>
#	G	D	E	R	K	N	Q	S	T	A	V	L	I	F	Y	W	H	M	C	P
0	0.01470	0.01247	0.04430	0.01857	0.26039	0.08050	0.01157	0.01721	0.01367	0.14914	0.09727	0.07875	0.09008	0.00852	0.00712	0.00185	0.07489	0.00709	0.00433	0.00756
1	0.08752	0.01506	0.17624	0.02096	0.26313	0.01159	0.11888	0.01561	0.01216	0.01827	0.01519	0.17775	0.01479	0.00801	0.00596	0.00191	0.00658	0.01952	0.00338	0.00749
2	0.00695	0.00580	0.00606	0.00600	0.00784	0.00491	0.00450	0.00858	0.01349	0.01653	0.15888	0.05328	0.65937	0.01408	0.00676	0.00191	0.00287	0.01182	0.00545	0.00491
3	0.02523	0.01042	0.01370	0.01050	0.01494	0.00943	0.00868	0.10627	0.01752	0.68724	0.02160	0.01884	0.01367	0.00706	0.00575	0.00176	0.00502	0.00569	0.00693	0.00973
4	0.04986	0.01624	0.16350	0.12236	0.30665	0.01353	0.11672	0.07726	0.01371	0.01963	0.01253	0.01531	0.03555	0.00570	0.00573	0.00179	0.00732	0.00533	0.00308	0.00819
5	0.01722	0.02341	0.15155	0.01890	0.12546	0.39575	0.10627	0.02111	0.05560	0.01648	0.01051	0.01243	0.00831	0.00567	0.00552	0.00165	0.00909	0.00452	0.00299	0.00757
6	0.00764	0.00555	0.00735	0.00854	0.00933	0.00526	0.00642	0.00918	0.01184	0.01546	0.03373	0.49790	0.10716	0.01693	0.00743	0.00238	0.00388	0.23385	0.00530	0.00485
7	0.01723	0.01131	0.01774	0.14588	0.29070	0.01175	0.01327	0.02004	0.01340	0.27707	0.01465	0.01635	0.01066	0.00777	0.03633	0.00211	0.07570	0.00535	0.00424	0.00845
8	0.01182	0.01025	0.01558	0.26769	0.22729	0.01103	0.01253	0.06577	0.03210	0.03317	0.05602	0.09507	0.12119	0.00839	0.00605	0.00187	0.00585	0.00744	0.00385	0.00705
9	0.00725	0.00518	0.00696	0.00829	0.00875	0.00489	0.00581	0.00846	0.01123	0.01492	0.03137	0.70246	0.03721	0.01765	0.00738	0.00236	0.00357	0.10623	0.00530	0.00472
10	0.01251	0.01251	0.01752	0.01502	0.01502	0.01752	0.01251	0.01377	0.00876	0.01377	0.00751	0.01251	0.00751	0.01001	0.01877	0.00250	0.78851	0.00501	0.00250	0.00626
11	0.01968	0.22478	0.01905	0.01142	0.01572	0.05264	0.00977	0.27241	0.08360	0.18348	0.01474	0.01457	0.01077	0.00772	0.03304	0.00187	0.00630	0.00480	0.00492	0.00872
12	0.00773	0.00645	0.00682	0.00670	0.00862	0.00589	0.00503	0.01088	0.09302	0.01715	0.13126	0.09224	0.56053	0.01364	0.00669	0.00194	0.00307	0.01151	0.00548	0.00534
13	0.01462	0.16581	0.11694	0.01438	0.09071	0.05902	0.06073	0.10968	0.01425	0.01952	0.01029	0.01199	0.00826	0.00507	0.00484	0.00135	0.00638	0.00407	0.00327	0.27883
14	0.11486	0.00661	0.00767	0.00778	0.00944	0.00630	0.00573	0.01195	0.01231	0.11238	0.08352	0.38275	0.17229	0.01379	0.00650	0.00208	0.00358	0.02948	0.00538	0.00559
15	0.01666	0.12451	0.02076	0.05452	0.11365	0.20746	0.10420	0.12356	0.04202	0.01903	0.01105	0.01320	0.00888	0.00606	0.00629	0.00167	0.06488	0.00473	0.04927	0.00759
16	0.10016	0.31770	0.12586	0.08621	0.04249	0.01635	0.06318	0.01658	0.01154	0.01667	0.00909	0.01127	0.00753	0.00526	0.00518	0.00151	0.04454	0.00388	0.00273	0.11227
17	0.01645	0.23606	0.19428	0.01488	0.06045	0.09944	0.07537	0.08241	0.05435	0.09669	0.01190	0.01290	0.00900	0.00569	0.00512	0.00161	0.00725	0.00447	0.00350	0.00819
18	0.00781	0.00552	0.00649	0.00706	0.00808	0.00512	0.00508	0.00925	0.01175	0.01577	0.05411	0.29471	0.24192	0.10698	0.00934	0.00248	0.00357	0.09027	0.10992	0.00473
19	0.01018	0.00802	0.00986	0.03725	0.01175	0.03879	0.00728	0.08533	0.01194	0.01639	0.01835	0.19484	0.01865	0.06470	0.36591	0.00546	0.00978	0.00812	0.03152	0.04588
20	0.01242	0.01356	0.11257	0.06650	0.28823	0.03840	0.07898	0.01567	0.01287	0.05386	0.04635	0.16127	0.05766	0.00841	0.00612	0.00187	0.00633	0.00776	0.00370	0.00746
21	0.01363	0.03179	0.13928	0.05504	0.14192	0.08698	0.09902	0.04405	0.07301	0.04977	0.07809	0.09880	0.01615	0.00769	0.00648	0.00185	0.03834	0.00673	0.00382	0.00756
22	0.00989	0.00763	0.00853	0.00828	0.01011	0.00755	0.00614	0.13865	0.05572	0.01920	0.03770	0.34153	0.29891	0.01415	0.00674	0.00205	0.00375	0.01222	0.00541	0.00585
23	0.01226	0.01310	0.06178	0.07362	0.08034	0.03009	0.22016	0.01607	0.04279	0.01724	0.04812	0.01711	0.01184	0.03087	0.06308	0.00248	0.14103	0.00581	0.03470	0.07752
24	0.07061	0.01167	0.03307	0.12722	0.04678	0.07295	0.00951	0.05818	0.07702	0.08659	0.11567	0.09466	0.01845	0.00779	0.00557	0.00168	0.00537	0.00651	0.00444	0.14627

[dist]
# distance from previous block
# <min> <max>
1	40

[block]
# block no. 5 follows, 41 sequences, length 26
# corresponding to MSA columns:
# 650-675
name=unknown_F
#
# <colnr> <probs for GDERKNQSTAVLIFYWHMCP>
#	G	D	E	R	K	N	Q	S	T	A	V	L	I	F	Y	W	H	M	C	P
0	0.24112	0.18060	0.01583	0.01074	0.03157	0.13519	0.03220	0.03318	0.02417	0.01897	0.07300	0.03747	0.01280	0.00950	0.07200	0.00223	0.00676	0.00473	0.00349	0.05446
1	0.04201	0.02555	0.08587	0.01985	0.25280	0.12122	0.04906	0.08393	0.06680	0.05008	0.04484	0.01724	0.04594	0.00656	0.00595	0.00173	0.02911	0.00548	0.03798	0.00799
2	0.08512	0.01075	0.03075	0.21521	0.08086	0.01064	0.01031	0.08147	0.01295	0.06211	0.01415	0.01821	0.04449	0.09570	0.00787	0.00201	0.00576	0.00522	0.00364	0.20279
3	0.01326	0.04554	0.10094	0.06933	0.16878	0.03693	0.01197	0.11021	0.08129	0.02012	0.01990	0.02255	0.12223	0.00748	0.00566	0.00170	0.00589	0.04150	0.00395	0.11076
4	0.02174	0.01602	0.01717	0.01316	0.01774	0.01774	0.01087	0.74423	0.02689	0.03605	0.01373	0.01373	0.00973	0.00687	0.00572	0.00172	0.00629	0.00515	0.00572	0.00973
5	0.01083	0.13060	0.05571	0.00894	0.01135	0.00969	0.05162	0.04555	0.01173	0.03696	0.02401	0.03264	0.16337	0.30380	0.01441	0.00315	0.00541	0.03723	0.03748	0.00550
6	0.00697	0.00498	0.00664	0.00796	0.00830	0.00465	0.00531	0.00796	0.01095	0.01460	0.03153	0.79525	0.03783	0.01792	0.00730	0.00232	0.00332	0.01626	0.00531	0.00465
7	0.00979	0.00502	0.00735	0.00735	0.00735	0.00502	0.00484	0.00753	0.00753	0.01004	0.01064	0.01914	0.01088	0.08794	0.02295	0.76124	0.00502	0.00526	0.00257	0.00257
8	0.07149	0.01240	0.01435	0.01323	0.11228	0.05665	0.00927	0.10499	0.01454	0.13268	0.01224	0.01327	0.00931	0.00539	0.00517	0.00134	0.02312	0.00421	0.00411	0.37998
9	0.01506	0.01324	0.01459	0.01410	0.08055	0.04511	0.01022	0.10820	0.50917	0.02351	0.01935	0.01893	0.01477	0.00863	0.03166	0.00214	0.05089	0.00599	0.00515	0.00874
10	0.00727	0.00562	0.00668	0.00714	0.00842	0.00503	0.00527	0.00890	0.01293	0.01661	0.16667	0.28669	0.34777	0.01521	0.00703	0.00210	0.00321	0.07708	0.00547	0.00491
11	0.01183	0.09360	0.01203	0.01063	0.07512	0.04285	0.00704	0.04320	0.00971	0.01250	0.01038	0.01689	0.01008	0.06084	0.01775	0.54815	0.00558	0.00492	0.00273	0.00415
12	0.01362	0.01325	0.01974	0.06325	0.53547	0.07474	0.01512	0.01675	0.01351	0.01836	0.07957	0.02086	0.01497	0.00672	0.00592	0.00178	0.00662	0.06833	0.00335	0.00808
13	0.00846	0.00564	0.00782	0.00794	0.00842	0.00606	0.00555	0.00895	0.00876	0.01214	0.01641	0.09305	0.01726	0.24212	0.35625	0.17088	0.00956	0.00738	0.00325	0.00410
14	0.00944	0.00648	0.00823	0.00804	0.00898	0.00684	0.00570	0.01127	0.04666	0.05760	0.02220	0.10032	0.08580	0.31101	0.25822	0.00559	0.03035	0.00835	0.00397	0.00494
15	0.01771	0.16880	0.05414	0.05885	0.07091	0.28872	0.01207	0.09783	0.01484	0.04705	0.00986	0.01176	0.00804	0.00631	0.00682	0.00165	0.10985	0.00418	0.00320	0.00742
16	0.00881	0.00654	0.00899	0.14569	0.01422	0.00681	0.00733	0.01122	0.05338	0.03953	0.02707	0.50207	0.05818	0.05314	0.00787	0.00233	0.00428	0.01256	0.02465	0.00533
17	0.01228	0.00697	0.00819	0.00772	0.00949	0.00685	0.00580	0.09237	0.01431	0.10935	0.10820	0.24393	0.02524	0.01053	0.00565	0.00176	0.00351	0.00907	0.31264	0.00614
18	0.01305	0.01764	0.20027	0.01907	0.20591	0.12913	0.04390	0.01720	0.04362	0.01722	0.01603	0.04546	0.03695	0.01010	0.05765	0.00237	0.00790	0.10572	0.00338	0.00742
19	0.01361	0.02042	0.39569	0.04731	0.09997	0.01230	0.01592	0.11085	0.01445	0.08255	0.01705	0.05310	0.07742	0.00712	0.00574	0.00182	0.00693	0.00586	0.00367	0.00820
20	0.01275	0.02018	0.32912	0.01571	0.08417	0.09841	0.04482	0.05982	0.04996	0.01811	0.01606	0.01810	0.07681	0.01182	0.11627	0.00284	0.00873	0.00549	0.00325	0.00757
21	0.01197	0.01052	0.01657	0.17398	0.07980	0.01101	0.13619	0.11132	0.03576	0.01979	0.11576	0.06493	0.07986	0.05500	0.00770	0.00214	0.00613	0.05059	0.00421	0.00676
22	0.07238	0.05071	0.19504	0.02261	0.28893	0.03491	0.10230	0.12814	0.01476	0.02129	0.01083	0.01312	0.00838	0.00544	0.00550	0.00173	0.00734	0.00484	0.00322	0.00853
23	0.01455	0.11861	0.02250	0.09756	0.29451	0.03298	0.11668	0.12214	0.01482	0.01984	0.03570	0.06038	0.01180	0.00633	0.00568	0.00173	0.00687	0.00585	0.00344	0.00804
24	0.01472	0.01189	0.01184	0.01116	0.03837	0.13695	0.00833	0.08973	0.06936	0.11731	0.10854	0.15798	0.06011	0.01020	0.00618	0.00185	0.00534	0.07264	0.00512	0.06238
25	0.01273	0.08546	0.13227	0.12141	0.10799	0.09070	0.01229	0.01588	0.01193	0.01664	0.01162	0.01487	0.00953	0.00932	0.07516	0.00231	0.07208	0.00467	0.14527	0.04785

[dist]
# distance from previous block
# <min> <max>
3	29

[block]
# block no. 6 follows, 41 sequences, length 10
# corresponding to MSA columns:
# 708-717
name=unknown_G
#
# <colnr> <probs for GDERKNQSTAVLIFYWHMCP>
#	G	D	E	R	K	N	Q	S	T	A	V	L	I	F	Y	W	H	M	C	P
0	0.13011	0.04756	0.01501	0.01745	0.25640	0.04069	0.01040	0.03590	0.07459	0.01925	0.01779	0.15295	0.06078	0.00816	0.00548	0.00174	0.00525	0.00700	0.00389	0.08960
1	0.10895	0.03728	0.06062	0.01280	0.08718	0.08326	0.04049	0.07195	0.01306	0.01871	0.01936	0.33296	0.02053	0.01068	0.00591	0.00192	0.00535	0.00926	0.05335	0.00636
2	0.00748	0.00565	0.00623	0.00629	0.00735	0.00513	0.00424	0.00853	0.01159	0.01474	0.12427	0.10662	0.36142	0.28872	0.01462	0.00321	0.00383	0.01089	0.00478	0.00440
3	0.01721	0.56053	0.02577	0.01120	0.01562	0.19617	0.01017	0.07664	0.01390	0.01539	0.00862	0.00980	0.00754	0.00528	0.00418	0.00132	0.00710	0.00337	0.00282	0.00737
4	0.00766	0.00527	0.00643	0.00709	0.00725	0.00510	0.00437	0.00814	0.00961	0.01282	0.02466	0.40983	0.02917	0.41516	0.01839	0.00396	0.00445	0.01222	0.00437	0.00405
5	0.04431	0.17778	0.16998	0.14670	0.05938	0.04445	0.05938	0.07637	0.07254	0.04289	0.01180	0.01438	0.00931	0.03990	0.00622	0.00186	0.00702	0.00476	0.00329	0.00767
6	0.01327	0.05061	0.16585	0.01468	0.11172	0.01169	0.01221	0.06917	0.13795	0.06081	0.05607	0.02621	0.03873	0.00824	0.00592	0.00185	0.00579	0.13092	0.00438	0.07392
7	0.00699	0.00528	0.00646	0.00727	0.00815	0.00475	0.00503	0.00824	0.01194	0.01545	0.09149	0.52208	0.25326	0.01646	0.00710	0.00217	0.00315	0.01460	0.00538	0.00475
8	0.06538	0.01721	0.18301	0.21735	0.28222	0.07425	0.04604	0.01734	0.01248	0.01758	0.01020	0.01342	0.00797	0.00539	0.00550	0.00177	0.00761	0.00473	0.00272	0.00781
9	0.08203	0.05831	0.16462	0.01933	0.26088	0.07176	0.01355	0.07177	0.01363	0.01929	0.02966	0.09961	0.05693	0.00743	0.00556	0.00177	0.00644	0.00626	0.00350	0.00768

[dist]
# distance from previous block
# <min> <max>
1	15

[block]
# block no. 7 follows, 41 sequences, length 32
# corresponding to MSA columns:
# 733-764
name=unknown_H
#
# <colnr> <probs for GDERKNQSTAVLIFYWHMCP>
#	G	D	E	R	K	N	Q	S	T	A	V	L	I	F	Y	W	H	M	C	P
0	0.00764	0.00737	0.04155	0.04632	0.05441	0.00607	0.00661	0.00946	0.01253	0.01556	0.04585	0.18559	0.51302	0.01374	0.00669	0.00198	0.00368	0.01175	0.00490	0.00528
1	0.01320	0.01422	0.14065	0.08094	0.11612	0.01195	0.02644	0.16791	0.07662	0.02128	0.03278	0.07158	0.08056	0.06336	0.00747	0.00205	0.00601	0.00670	0.00412	0.05601
2	0.01069	0.01696	0.31579	0.10046	0.05624	0.01047	0.08254	0.01484	0.01222	0.03741	0.04806	0.21045	0.04131	0.00909	0.00617	0.00196	0.00661	0.00813	0.00359	0.00703
3	0.00794	0.00634	0.00913	0.00885	0.01028	0.00603	0.05749	0.00990	0.01248	0.01664	0.17505	0.26916	0.18873	0.01870	0.12384	0.00317	0.00551	0.06060	0.00499	0.00516
4	0.01388	0.02222	0.40104	0.07110	0.02491	0.01452	0.14954	0.16233	0.01510	0.02129	0.01107	0.01326	0.00804	0.00582	0.00632	0.00185	0.04124	0.00496	0.00317	0.00833
5	0.01557	0.20170	0.14031	0.01760	0.19462	0.02985	0.04273	0.03359	0.06436	0.12994	0.06453	0.01588	0.01277	0.00608	0.00529	0.00164	0.00635	0.00507	0.00381	0.00831
6	0.00784	0.02883	0.00779	0.00768	0.00894	0.00608	0.00561	0.01018	0.05557	0.01630	0.12288	0.36558	0.23587	0.01693	0.05965	0.00258	0.00414	0.02718	0.00522	0.00517
7	0.04161	0.00725	0.00714	0.00672	0.00845	0.04060	0.00506	0.04025	0.01276	0.08470	0.01873	0.06612	0.01548	0.04585	0.00566	0.00167	0.00356	0.00599	0.57656	0.00582
8	0.01819	0.13974	0.01957	0.03001	0.16155	0.16322	0.02936	0.23787	0.01766	0.05418	0.01191	0.01328	0.00924	0.00595	0.00519	0.00157	0.00693	0.00460	0.06176	0.00821
9	0.01483	0.04440	0.15758	0.06103	0.22616	0.01281	0.04104	0.12268	0.03489	0.09524	0.05167	0.01958	0.06485	0.00688	0.00578	0.00178	0.00641	0.02005	0.00403	0.00830
10	0.01263	0.01203	0.10284	0.01921	0.29293	0.00997	0.01220	0.04228	0.01376	0.07610	0.12574	0.13904	0.02129	0.00868	0.00600	0.00183	0.00536	0.02827	0.06236	0.00749
11	0.01578	0.01766	0.04574	0.10311	0.18920	0.26367	0.06842	0.02070	0.12618	0.01763	0.01256	0.01463	0.00992	0.00593	0.00548	0.00168	0.00769	0.00495	0.06148	0.00758
12	0.02006	0.01440	0.01537	0.01197	0.01606	0.01585	0.00983	0.63325	0.02463	0.03381	0.01448	0.01489	0.01048	0.00684	0.00546	0.00166	0.00574	0.00518	0.13099	0.00906
13	0.01334	0.01197	0.04851	0.00955	0.01472	0.00943	0.00808	0.12539	0.01415	0.02126	0.01071	0.01216	0.00860	0.00469	0.00452	0.00102	0.00475	0.00370	0.00370	0.66974
14	0.00734	0.00575	0.00665	0.00658	0.00812	0.00505	0.00487	0.00928	0.01420	0.01855	0.35356	0.11332	0.39907	0.01360	0.00680	0.00191	0.00285	0.01170	0.00573	0.00505
15	0.00810	0.00585	0.00765	0.00720	0.00855	0.00540	0.00540	0.01079	0.01619	0.02294	0.76028	0.04273	0.05397	0.01169	0.00675	0.00180	0.00270	0.01034	0.00630	0.00540
16	0.00701	0.00513	0.00660	0.00766	0.00824	0.00471	0.00520	0.00816	0.01151	0.01519	0.07737	0.66309	0.12481	0.01715	0.00720	0.00225	0.00323	0.01542	0.00537	0.00471
17	0.01302	0.00776	0.00801	0.00716	0.00922	0.00818	0.00558	0.15962	0.04652	0.02437	0.01787	0.01981	0.01380	0.00675	0.00442	0.00144	0.00347	0.00534	0.63130	0.00637
18	0.01251	0.01251	0.01752	0.01502	0.01502	0.01752	0.01251	0.01377	0.00876	0.01377	0.00751	0.01251	0.00751	0.01001	0.01877	0.00250	0.78851	0.00501	0.00250	0.00626
19	0.14173	0.00827	0.00817	0.00722	0.00958	0.00881	0.00571	0.14474	0.01444	0.04848	0.01625	0.01804	0.01245	0.00650	0.00429	0.00148	0.00366	0.00497	0.52883	0.00639
20	0.01529	0.80242	0.02997	0.00979	0.01468	0.02263	0.00979	0.01713	0.01162	0.01346	0.00795	0.00918	0.00734	0.00489	0.00367	0.00122	0.00612	0.00306	0.00245	0.00734
21	0.00697	0.00498	0.00664	0.00796	0.00830	0.00465	0.00531	0.00796	0.01095	0.01460	0.03153	0.79525	0.03783	0.01792	0.00730	0.00232	0.00332	0.01626	0.00531	0.00465
22	0.00697	0.00498	0.00664	0.00796	0.00830	0.00465	0.00531	0.00796	0.01095	0.01460	0.03153	0.79525	0.03783	0.01792	0.00730	0.00232	0.00332	0.01626	0.00531	0.00465
23	0.01907	0.01561	0.01531	0.01200	0.01627	0.13448	0.00968	0.35175	0.01971	0.08780	0.01252	0.01313	0.00931	0.00615	0.00573	0.00148	0.03511	0.00450	0.00466	0.22572
24	0.47123	0.01261	0.01193	0.00974	0.01373	0.01402	0.00803	0.26646	0.01632	0.11024	0.01153	0.01192	0.00827	0.00603	0.00453	0.00175	0.00511	0.00409	0.00467	0.00779
25	0.02137	0.02726	0.01621	0.01474	0.01768	0.77602	0.01105	0.02284	0.01621	0.01400	0.00884	0.01031	0.00737	0.00589	0.00516	0.00147	0.01031	0.00368	0.00295	0.00663
26	0.00709	0.00578	0.00612	0.00605	0.00774	0.00497	0.00445	0.00863	0.01318	0.01631	0.16625	0.05177	0.59313	0.07317	0.00844	0.00218	0.00307	0.01152	0.00533	0.00482
27	0.00684	0.00571	0.00596	0.00609	0.00782	0.00483	0.00449	0.00829	0.01294	0.01566	0.08365	0.13469	0.65392	0.01474	0.00682	0.00197	0.00293	0.01246	0.00535	0.00483
28	0.01379	0.01685	0.12834	0.01525	0.13146	0.20280	0.01143	0.08137	0.01492	0.01834	0.07948	0.11981	0.12445	0.00901	0.00596	0.00178	0.00656	0.00745	0.00401	0.00695
29	0.04516	0.01294	0.01402	0.01446	0.11464	0.06555	0.00993	0.07032	0.44775	0.02303	0.08172	0.04157	0.01837	0.00774	0.00578	0.00185	0.00515	0.00648	0.00516	0.00840
30	0.09954	0.10742	0.09822	0.01067	0.04381	0.01136	0.00900	0.05030	0.09974	0.01952	0.08688	0.10280	0.04534	0.05887	0.00681	0.00189	0.00498	0.00661	0.00411	0.13213
31	0.13102	0.22062	0.18717	0.01209	0.01716	0.17494	0.01189	0.05967	0.01352	0.05361	0.00983	0.01101	0.00770	0.00545	0.00461	0.00151	0.00711	0.00372	0.00316	0.06422

[dist]
# distance from previous block
# <min> <max>
0	44

[block]
# block no. 8 follows, 41 sequences, length 27
# corresponding to MSA columns:
# 809-818,821-837
name=unknown_I
#
# <colnr> <probs for GDERKNQSTAVLIFYWHMCP>
#	G	D	E	R	K	N	Q	S	T	A	V	L	I	F	Y	W	H	M	C	P
0	0.04752	0.06616	0.11500	0.01492	0.05801	0.29741	0.01232	0.10551	0.11492	0.01907	0.01143	0.01275	0.00905	0.00649	0.00658	0.00172	0.08548	0.00445	0.00353	0.00768
1	0.00928	0.00617	0.00764	0.00735	0.00907	0.00566	0.00556	0.01117	0.01340	0.09409	0.22789	0.12639	0.30964	0.01756	0.11974	0.00299	0.00492	0.01057	0.00542	0.00550
2	0.01378	0.01111	0.01463	0.20382	0.12771	0.01226	0.01117	0.18800	0.10291	0.02260	0.04650	0.02087	0.08026	0.00728	0.00564	0.00176	0.00558	0.00613	0.11043	0.00755
3	0.00820	0.00549	0.00627	0.00640	0.00643	0.00546	0.00363	0.00829	0.00856	0.01141	0.01925	0.10625	0.02234	0.72805	0.02713	0.00525	0.00534	0.00904	0.00363	0.00357
4	0.00679	0.00569	0.00591	0.00608	0.00780	0.00480	0.00447	0.00818	0.01276	0.01534	0.05447	0.15231	0.66596	0.01494	0.00683	0.00198	0.00295	0.01262	0.00531	0.00480
5	0.01529	0.80242	0.02997	0.00979	0.01468	0.02263	0.00979	0.01713	0.01162	0.01346	0.00795	0.00918	0.00734	0.00489	0.00367	0.00122	0.00612	0.00306	0.00245	0.00734
6	0.00827	0.00574	0.00720	0.00720	0.00753	0.00607	0.00467	0.00894	0.00860	0.01180	0.01714	0.03256	0.01868	0.55269	0.27251	0.00673	0.00873	0.00760	0.00334	0.00400
7	0.01180	0.09558	0.70620	0.01575	0.02390	0.01408	0.02016	0.01803	0.01204	0.01772	0.01007	0.01183	0.00725	0.00539	0.00528	0.00176	0.00825	0.00413	0.00242	0.00836
8	0.00821	0.00598	0.00843	0.00843	0.00918	0.00673	0.00620	0.00972	0.00897	0.01271	0.01602	0.02635	0.01598	0.23871	0.58281	0.00825	0.01279	0.00670	0.00317	0.00468
9	0.02193	0.01372	0.01537	0.01187	0.01619	0.01457	0.00978	0.51635	0.02325	0.21501	0.01625	0.01568	0.01117	0.00690	0.00561	0.00170	0.00569	0.00531	0.06422	0.00942
10	0.31475	0.00743	0.00646	0.00614	0.00828	0.00808	0.00480	0.01461	0.01117	0.02292	0.01473	0.01691	0.01155	0.00617	0.00383	0.00149	0.00331	0.00451	0.52721	0.00565
11	0.01146	0.00909	0.01011	0.00844	0.01140	0.00859	0.00627	0.01689	0.20289	0.01832	0.01634	0.02172	0.01452	0.20898	0.01100	0.00238	0.00450	0.00562	0.07889	0.33259
12	0.01106	0.00694	0.00967	0.01049	0.01216	0.00679	0.00913	0.01365	0.01353	0.10121	0.02942	0.05947	0.03082	0.01482	0.00766	0.00254	0.00522	0.64419	0.00547	0.00577
13	0.01147	0.02959	0.76934	0.01630	0.02476	0.01328	0.02113	0.01811	0.01208	0.01811	0.01026	0.01208	0.00725	0.00543	0.00543	0.00181	0.00845	0.00423	0.00242	0.00845
14	0.01077	0.00891	0.01409	0.58326	0.03092	0.01080	0.01281	0.01428	0.01158	0.01635	0.01237	0.01682	0.00945	0.00596	0.00527	0.00176	0.00634	0.00515	0.21702	0.00609
15	0.24768	0.00953	0.01110	0.00901	0.01273	0.00919	0.00735	0.02231	0.01451	0.45326	0.12689	0.02008	0.01781	0.00727	0.00529	0.00177	0.00443	0.00569	0.00599	0.00812
16	0.00827	0.00574	0.00722	0.00722	0.00756	0.00608	0.00469	0.00895	0.00861	0.01182	0.01712	0.03245	0.01863	0.54733	0.27781	0.00676	0.00880	0.00759	0.00333	0.00401
17	0.01529	0.80242	0.02997	0.00979	0.01468	0.02263	0.00979	0.01713	0.01162	0.01346	0.00795	0.00918	0.00734	0.00489	0.00367	0.00122	0.00612	0.00306	0.00245	0.00734
18	0.00677	0.00574	0.00585	0.00593	0.00776	0.00482	0.00441	0.00819	0.01291	0.01540	0.05632	0.10063	0.71645	0.01470	0.00679	0.00196	0.00292	0.01233	0.00531	0.00482
19	0.14490	0.01037	0.01283	0.01000	0.01430	0.00971	0.00826	0.07676	0.01614	0.60679	0.01980	0.01757	0.01268	0.00680	0.00543	0.00177	0.00490	0.00532	0.00646	0.00921
20	0.02137	0.02726	0.01621	0.01474	0.01768	0.77602	0.01105	0.02284	0.01621	0.01400	0.00884	0.01031	0.00737	0.00589	0.00516	0.00147	0.01031	0.00368	0.00295	0.00663
21	0.01204	0.01177	0.01642	0.01420	0.01426	0.01627	0.01171	0.01326	0.00876	0.01359	0.00854	0.01447	0.00863	0.05608	0.06181	0.00305	0.70129	0.00525	0.00259	0.00604
22	0.00798	0.00540	0.00634	0.00668	0.00676	0.00532	0.00393	0.00823	0.00899	0.01198	0.02145	0.22994	0.02512	0.60057	0.02357	0.00473	0.00498	0.01034	0.00393	0.00377
23	0.01645	0.01575	0.01128	0.01033	0.01281	0.35104	0.00788	0.01835	0.01455	0.09755	0.02093	0.02277	0.12264	0.00786	0.00526	0.00158	0.00646	0.03201	0.21821	0.00631
24	0.01147	0.02959	0.76934	0.01630	0.02476	0.01328	0.02113	0.01811	0.01208	0.01811	0.01026	0.01208	0.00725	0.00543	0.00543	0.00181	0.00845	0.00423	0.00242	0.00845
25	0.00907	0.00648	0.00960	0.00934	0.00999	0.00765	0.00713	0.00986	0.00870	0.01246	0.01312	0.02013	0.01247	0.03356	0.50336	0.22200	0.09194	0.00571	0.00286	0.00455
26	0.02136	0.00964	0.01227	0.00995	0.01366	0.00906	0.00819	0.10194	0.04364	0.49520	0.02182	0.02324	0.01556	0.00782	0.00572	0.00179	0.00476	0.07071	0.11495	0.00873

[dist]
# distance from previous block
# <min> <max>
0	14

[block]
# block no. 9 follows, 41 sequences, length 26
# corresponding to MSA columns:
# 852-877
name=unknown_J
#
# <colnr> <probs for GDERKNQSTAVLIFYWHMCP>
#	G	D	E	R	K	N	Q	S	T	A	V	L	I	F	Y	W	H	M	C	P
0	0.78139	0.01097	0.00875	0.00771	0.01131	0.01252	0.00635	0.01760	0.01021	0.07852	0.00901	0.01002	0.00676	0.00544	0.00370	0.00177	0.00446	0.00329	0.00379	0.00645
1	0.00926	0.00739	0.00717	0.00709	0.00779	0.07054	0.00457	0.01005	0.01074	0.01390	0.10456	0.09076	0.10312	0.46372	0.01935	0.00395	0.00504	0.00896	0.04776	0.00427
2	0.01623	0.06179	0.23394	0.01442	0.01918	0.29297	0.05182	0.02147	0.11829	0.05293	0.01325	0.05480	0.01077	0.00662	0.00548	0.00171	0.00808	0.00513	0.00349	0.00763
3	0.05007	0.00587	0.00602	0.00579	0.00742	0.00583	0.00441	0.01394	0.01235	0.06076	0.05259	0.02297	0.04624	0.00716	0.00430	0.00142	0.00288	0.00574	0.67864	0.00559
4	0.01651	0.42361	0.15659	0.01249	0.01740	0.25615	0.01219	0.01909	0.01313	0.01445	0.00864	0.01004	0.00733	0.00530	0.00445	0.00141	0.00784	0.00346	0.00260	0.00732
5	0.00968	0.00552	0.00803	0.07299	0.00991	0.00574	0.00559	0.00823	0.00796	0.01056	0.01159	0.02125	0.01193	0.17597	0.02231	0.59607	0.00531	0.00565	0.00269	0.00301
6	0.01745	0.28710	0.12787	0.01358	0.05707	0.10231	0.01212	0.20503	0.05334	0.05613	0.01146	0.01223	0.00886	0.00584	0.00492	0.00155	0.00686	0.00423	0.00374	0.00832
7	0.00985	0.06303	0.01455	0.13951	0.08984	0.00993	0.06179	0.01201	0.01111	0.01498	0.01944	0.33805	0.02110	0.01526	0.09824	0.00291	0.05888	0.00981	0.00379	0.00592
8	0.00857	0.00630	0.00700	0.00727	0.00859	0.00617	0.00517	0.01191	0.11125	0.01685	0.03495	0.29219	0.24010	0.07987	0.00828	0.00228	0.00345	0.01136	0.13314	0.00530
9	0.01186	0.01017	0.01186	0.00847	0.01356	0.00762	0.00678	0.01440	0.01186	0.01864	0.01017	0.01186	0.00847	0.00424	0.00424	0.00085	0.00424	0.00339	0.00339	0.83395
10	0.01821	0.16725	0.01815	0.01240	0.01630	0.17745	0.01016	0.24236	0.23652	0.02351	0.01442	0.01439	0.01106	0.00655	0.00524	0.00164	0.00658	0.00483	0.00454	0.00842
