[name]
unknown

[dist]
# distance from previous block
# <min> <max>
0	520

[block]
# block no. 0 follows, 44 sequences, length 12
# corresponding to MSA columns:
# 521-532
name=unknown_A
#
# <colnr> <probs for GDERKNQSTAVLIFYWHMCP>
#	G	D	E	R	K	N	Q	S	T	A	V	L	I	F	Y	W	H	M	C	P
0	0.01327	0.00988	0.01103	0.00984	0.01256	0.01071	0.00761	0.02334	0.46944	0.10160	0.10098	0.02514	0.02057	0.08314	0.00774	0.00212	0.00427	0.03799	0.00539	0.04339
1	0.01329	0.00769	0.00964	0.00849	0.01072	0.00751	0.00671	0.06707	0.01415	0.22892	0.14786	0.12300	0.19824	0.01082	0.00704	0.00186	0.06587	0.03811	0.02658	0.00643
2	0.01030	0.00969	0.01635	0.79530	0.03755	0.01211	0.01514	0.01393	0.01090	0.01393	0.00969	0.01453	0.00727	0.00545	0.00545	0.00182	0.00727	0.00484	0.00242	0.00606
3	0.01130	0.00969	0.01130	0.00807	0.01292	0.00727	0.00646	0.01373	0.01130	0.01776	0.00969	0.01130	0.00807	0.00404	0.00404	0.00081	0.00404	0.00323	0.00323	0.84173
4	0.00838	0.00917	0.12864	0.00818	0.01050	0.00645	0.00739	0.01161	0.03896	0.01913	0.37140	0.15206	0.10492	0.01077	0.00603	0.00177	0.00360	0.00937	0.08610	0.00555
5	0.01270	0.00668	0.00889	0.00771	0.00986	0.00600	0.00600	0.01514	0.01548	0.24720	0.54806	0.03412	0.04013	0.00984	0.00615	0.00171	0.00319	0.00856	0.00622	0.00638
6	0.10093	0.01774	0.01530	0.01243	0.01627	0.22697	0.00998	0.48338	0.02126	0.02765	0.01128	0.01179	0.00833	0.00615	0.00510	0.00158	0.00687	0.00434	0.00453	0.00814
7	0.00752	0.00557	0.00702	0.00665	0.00802	0.00506	0.00499	0.00991	0.01497	0.02076	0.66128	0.04253	0.16237	0.01156	0.00643	0.00173	0.00260	0.01011	0.00586	0.00506
8	0.00822	0.00628	0.00879	0.00856	0.00919	0.00736	0.00639	0.00959	0.00851	0.01216	0.01456	0.02420	0.01461	0.23597	0.51788	0.00726	0.08666	0.00628	0.00297	0.00457
9	0.10838	0.05567	0.01603	0.01332	0.07289	0.13796	0.01008	0.41816	0.01958	0.02654	0.01104	0.01181	0.00831	0.00585	0.00495	0.00153	0.00631	0.00426	0.00430	0.06301
10	0.01181	0.00922	0.01106	0.00946	0.01228	0.00930	0.03892	0.08653	0.23172	0.05818	0.17111	0.08802	0.12792	0.00917	0.00581	0.00170	0.00402	0.00789	0.00520	0.10069
11	0.05376	0.01930	0.12873	0.01456	0.07543	0.23174	0.01193	0.26619	0.07549	0.05326	0.01187	0.01257	0.00883	0.00596	0.00518	0.00160	0.00716	0.00442	0.00400	0.00802

[dist]
# distance from previous block
# <min> <max>
3	6

[block]
# block no. 1 follows, 44 sequences, length 68
# corresponding to MSA columns:
# 539-542,555-580,584-621
name=unknown_B
#
# <colnr> <probs for GDERKNQSTAVLIFYWHMCP>
#	G	D	E	R	K	N	Q	S	T	A	V	L	I	F	Y	W	H	M	C	P
0	0.63708	0.01165	0.02833	0.00841	0.01212	0.01271	0.00711	0.13612	0.01240	0.07760	0.00949	0.01027	0.00699	0.00542	0.00390	0.00168	0.00463	0.00347	0.00391	0.00673
1	0.01617	0.01879	0.29316	0.01312	0.01857	0.01396	0.01339	0.28873	0.15633	0.09134	0.01431	0.01434	0.01015	0.00622	0.00537	0.00171	0.00632	0.00487	0.00444	0.00871
2	0.01108	0.00805	0.00946	0.00869	0.01078	0.00830	0.00672	0.07919	0.19660	0.06576	0.31867	0.11006	0.08442	0.01057	0.00619	0.00184	0.00361	0.04786	0.00568	0.00647
3	0.00948	0.01460	0.28916	0.01040	0.01480	0.00822	0.01086	0.01304	0.01201	0.01752	0.15564	0.16925	0.04339	0.00854	0.00552	0.00161	0.00503	0.00733	0.00381	0.19982
4	0.00733	0.00557	0.00690	0.00770	0.00891	0.00514	0.00604	0.00899	0.01191	0.01506	0.03879	0.26836	0.30221	0.01518	0.00697	0.00218	0.00367	0.26934	0.00505	0.00470
5	0.01130	0.00969	0.01130	0.00807	0.01292	0.00727	0.00646	0.01373	0.01130	0.01776	0.00969	0.01130	0.00807	0.00404	0.00404	0.00081	0.00404	0.00323	0.00323	0.84173
6	0.09536	0.00970	0.01244	0.05440	0.15175	0.01021	0.00903	0.10103	0.11403	0.05661	0.26480	0.04424	0.03783	0.00807	0.00563	0.00172	0.00443	0.00691	0.00482	0.00700
7	0.00798	0.00585	0.00751	0.00705	0.00841	0.00552	0.00530	0.01112	0.04892	0.02190	0.73802	0.03981	0.04988	0.01098	0.00639	0.00172	0.00265	0.00969	0.00598	0.00530
8	0.00793	0.00529	0.00595	0.00595	0.00595	0.00529	0.00330	0.00793	0.00793	0.01057	0.01718	0.03568	0.01982	0.80840	0.02775	0.00529	0.00529	0.00793	0.00330	0.00330
9	0.01463	0.01169	0.01893	0.01437	0.01824	0.01155	0.27930	0.20869	0.01635	0.09759	0.07685	0.08667	0.05598	0.00750	0.00598	0.00176	0.00614	0.00718	0.05326	0.00734
10	0.01851	0.01185	0.01339	0.01103	0.01476	0.01272	0.00886	0.20309	0.36531	0.24908	0.01980	0.01807	0.01394	0.00700	0.00551	0.00175	0.00482	0.00566	0.00588	0.00898
11	0.01261	0.00965	0.01144	0.00824	0.01302	0.00734	0.00661	0.01500	0.01173	0.09340	0.01087	0.01203	0.00861	0.00431	0.00418	0.00089	0.00410	0.00345	0.00358	0.75893
12	0.00655	0.00511	0.00595	0.00663	0.00766	0.00451	0.00464	0.00770	0.01136	0.01429	0.04171	0.45629	0.37708	0.01556	0.00672	0.00204	0.00298	0.01365	0.00506	0.00451
13	0.01030	0.00969	0.01635	0.79530	0.03755	0.01211	0.01514	0.01393	0.01090	0.01393	0.00969	0.01453	0.00727	0.00545	0.00545	0.00182	0.00727	0.00484	0.00242	0.00606
14	0.01582	0.01511	0.01359	0.01132	0.01451	0.22691	0.00888	0.17764	0.01533	0.04160	0.01238	0.09756	0.01114	0.00706	0.00631	0.00149	0.08400	0.00522	0.00382	0.23031
15	0.01458	0.81168	0.02857	0.00933	0.01399	0.02157	0.00933	0.01632	0.01108	0.01283	0.00758	0.00875	0.00700	0.00466	0.00350	0.00117	0.00583	0.00292	0.00233	0.00700
16	0.00664	0.00474	0.00633	0.00759	0.00791	0.00443	0.00506	0.00759	0.01044	0.01392	0.03005	0.80485	0.03606	0.01708	0.00696	0.00221	0.00316	0.01550	0.00506	0.00443
17	0.00732	0.00556	0.00673	0.00644	0.00790	0.00497	0.00483	0.00951	0.01449	0.01962	0.54613	0.04442	0.27823	0.01198	0.00643	0.00175	0.00263	0.01038	0.00571	0.00497
18	0.01280	0.01299	0.08818	0.31976	0.08291	0.01272	0.19433	0.01646	0.01173	0.09130	0.01096	0.01435	0.00819	0.00575	0.00702	0.00185	0.09349	0.00521	0.00294	0.00705
19	0.02604	0.04869	0.11305	0.00974	0.01253	0.00944	0.00871	0.10219	0.01202	0.09208	0.01614	0.02103	0.04659	0.11326	0.33831	0.00507	0.00951	0.00576	0.00364	0.00619
20	0.00921	0.00593	0.00759	0.00696	0.00861	0.00536	0.00530	0.01158	0.01505	0.09614	0.60122	0.04009	0.14396	0.01106	0.00634	0.00173	0.00280	0.00964	0.00595	0.00548
21	0.00933	0.00735	0.00989	0.00917	0.00942	0.00901	0.00682	0.00995	0.00826	0.01197	0.01284	0.02307	0.01346	0.29944	0.18695	0.08820	0.24698	0.00612	0.02736	0.00440
22	0.01405	0.01188	0.01448	0.09248	0.12970	0.01340	0.01059	0.07720	0.50356	0.04396	0.01851	0.01818	0.01390	0.00675	0.00551	0.00179	0.00506	0.00573	0.00484	0.00844
23	0.01994	0.02398	0.01508	0.01349	0.01639	0.67503	0.01022	0.09442	0.01628	0.01575	0.00931	0.01062	0.00756	0.00574	0.00492	0.00142	0.00912	0.00372	0.04044	0.00656
24	0.00964	0.00697	0.00911	0.00960	0.01114	0.00703	0.00812	0.08495	0.01411	0.01865	0.12394	0.09193	0.05775	0.01377	0.00711	0.00228	0.00463	0.50866	0.00519	0.00541
25	0.04527	0.01429	0.01560	0.01199	0.01630	0.01552	0.00990	0.63205	0.02375	0.13871	0.01411	0.01374	0.00977	0.00653	0.00540	0.00164	0.00576	0.00493	0.00558	0.00917
26	0.01421	0.01318	0.02156	0.03138	0.69905	0.01335	0.01610	0.09029	0.01373	0.01946	0.01054	0.01345	0.00870	0.00503	0.00540	0.00162	0.00643	0.00486	0.00297	0.00870
27	0.02040	0.02492	0.01554	0.01390	0.01686	0.70997	0.01052	0.09482	0.01646	0.01543	0.00889	0.01016	0.00725	0.00571	0.00497	0.00143	0.00945	0.00365	0.00307	0.00661
28	0.01292	0.01167	0.01814	0.35307	0.27870	0.01300	0.03067	0.11148	0.06569	0.01857	0.01210	0.01515	0.02355	0.00567	0.00548	0.00173	0.00659	0.00511	0.00318	0.00751
29	0.01030	0.00969	0.01635	0.79530	0.03755	0.01211	0.01514	0.01393	0.01090	0.01393	0.00969	0.01453	0.00727	0.00545	0.00545	0.00182	0.00727	0.00484	0.00242	0.00606
30	0.01253	0.01370	0.02654	0.01983	0.02333	0.01485	0.48441	0.01588	0.01122	0.01588	0.00962	0.01370	0.00787	0.00640	0.01060	0.00204	0.29632	0.00583	0.00262	0.00685
31	0.01665	0.00952	0.01185	0.00874	0.01333	0.00757	0.00709	0.01895	0.01305	0.32684	0.01449	0.01425	0.01028	0.00514	0.00462	0.00116	0.00428	0.00415	0.00466	0.50337
32	0.00779	0.00584	0.00876	0.00876	0.00974	0.00681	0.00681	0.00974	0.00876	0.01266	0.01460	0.02142	0.01363	0.04089	0.78680	0.00876	0.01460	0.00584	0.00292	0.00487
33	0.25156	0.00963	0.01137	0.00900	0.01299	0.00918	0.00743	0.02366	0.01386	0.57005	0.01767	0.01588	0.01140	0.00628	0.00490	0.00169	0.00452	0.00478	0.00582	0.00835
34	0.00762	0.00557	0.00716	0.00676	0.00809	0.00510	0.00507	0.01011	0.01521	0.02133	0.71850	0.04159	0.10479	0.01134	0.00643	0.00172	0.00259	0.00998	0.00593	0.00510
35	0.01824	0.01377	0.01800	0.01985	0.29213	0.01455	0.01241	0.39894	0.04069	0.09710	0.01310	0.01395	0.00964	0.00597	0.00544	0.00164	0.00600	0.00498	0.00457	0.00902
36	0.01157	0.00999	0.01239	0.05444	0.13765	0.04409	0.00897	0.08826	0.11227	0.01827	0.01885	0.28797	0.01911	0.01018	0.01957	0.00187	0.00498	0.00844	0.00424	0.12688
37	0.21927	0.03994	0.07749	0.01285	0.09386	0.12108	0.00990	0.11050	0.01344	0.02006	0.01457	0.11145	0.01409	0.00815	0.00525	0.00180	0.00585	0.11006	0.00380	0.00660
38	0.02328	0.01074	0.01350	0.01040	0.01462	0.01024	0.00858	0.19624	0.03902	0.58401	0.01957	0.01734	0.01260	0.00672	0.00548	0.00168	0.00495	0.00537	0.00641	0.00926
39	0.84691	0.01054	0.00801	0.00717	0.01054	0.01223	0.00590	0.01603	0.00928	0.02446	0.00759	0.00886	0.00590	0.00506	0.00337	0.00169	0.00422	0.00295	0.00337	0.00590
40	0.00859	0.00701	0.01049	0.08766	0.01301	0.00861	0.00823	0.01055	0.00890	0.01279	0.01320	0.01985	0.01230	0.05300	0.58790	0.00714	0.11722	0.00565	0.00281	0.00509
41	0.01295	0.01967	0.30272	0.01923	0.02556	0.01369	0.41337	0.09087	0.01364	0.01907	0.01078	0.01338	0.00787	0.00500	0.00588	0.00178	0.00846	0.00541	0.00286	0.00780
42	0.01406	0.01209	0.01331	0.01166	0.01447	0.01431	0.00924	0.09921	0.59112	0.02267	0.01930	0.01851	0.01466	0.00760	0.00717	0.00190	0.10943	0.00585	0.00512	0.00834
43	0.02072	0.01527	0.01636	0.01254	0.01691	0.01691	0.01036	0.75622	0.02563	0.03436	0.01309	0.01309	0.00927	0.00654	0.00545	0.00164	0.00600	0.00491	0.00545	0.00927
44	0.02446	0.00928	0.01265	0.00970	0.01392	0.00801	0.00801	0.02657	0.01560	0.77817	0.02151	0.01856	0.01350	0.00675	0.00548	0.00169	0.00464	0.00548	0.00675	0.00928
45	0.01200	0.02131	0.50436	0.18292	0.02495	0.01174	0.01719	0.01716	0.01196	0.09243	0.04498	0.01417	0.00963	0.00566	0.00532	0.00174	0.00730	0.00461	0.00294	0.00762
46	0.02072	0.01527	0.01636	0.01254	0.01691	0.01691	0.01036	0.75622	0.02563	0.03436	0.01309	0.01309	0.00927	0.00654	0.00545	0.00164	0.00600	0.00491	0.00545	0.00927
47	0.00947	0.00473	0.00710	0.00710	0.00710	0.00473	0.00473	0.00710	0.00710	0.00947	0.00947	0.01657	0.00947	0.01894	0.02131	0.84138	0.00473	0.00473	0.00237	0.00237
48	0.84691	0.01054	0.00801	0.00717	0.01054	0.01223	0.00590	0.01603	0.00928	0.02446	0.00759	0.00886	0.00590	0.00506	0.00337	0.00169	0.00422	0.00295	0.00337	0.00590
49	0.01356	0.01171	0.01233	0.01109	0.01418	0.01356	0.00863	0.02897	0.76455	0.02281	0.02219	0.02034	0.01664	0.00740	0.00555	0.00185	0.00431	0.00616	0.00555	0.00863
50	0.84691	0.01054	0.00801	0.00717	0.01054	0.01223	0.00590	0.01603	0.00928	0.02446	0.00759	0.00886	0.00590	0.00506	0.00337	0.00169	0.00422	0.00295	0.00337	0.00590
51	0.01030	0.00969	0.01635	0.79530	0.03755	0.01211	0.01514	0.01393	0.01090	0.01393	0.00969	0.01453	0.00727	0.00545	0.00545	0.00182	0.00727	0.00484	0.00242	0.00606
52	0.02446	0.00928	0.01265	0.00970	0.01392	0.00801	0.00801	0.02657	0.01560	0.77817	0.02151	0.01856	0.01350	0.00675	0.00548	0.00169	0.00464	0.00548	0.00675	0.00928
53	0.00779	0.00561	0.00743	0.00736	0.00857	0.00525	0.00565	0.01023	0.01465	0.02049	0.61127	0.10032	0.04746	0.01214	0.00663	0.00186	0.00296	0.11346	0.00579	0.00507
54	0.02330	0.01114	0.01381	0.01058	0.01485	0.01078	0.00874	0.25363	0.01872	0.54670	0.01889	0.01685	0.01218	0.00668	0.00547	0.00167	0.00506	0.00530	0.00634	0.00928
55	0.01030	0.00969	0.01635	0.79530	0.03755	0.01211	0.01514	0.01393	0.01090	0.01393	0.00969	0.01453	0.00727	0.00545	0.00545	0.00182	0.00727	0.00484	0.00242	0.00606
56	0.00733	0.00600	0.00653	0.00632	0.00809	0.00542	0.00476	0.01010	0.06905	0.01737	0.25759	0.04673	0.51009	0.01257	0.00637	0.00181	0.00282	0.01064	0.00537	0.00506
57	0.01130	0.00969	0.01130	0.00807	0.01292	0.00727	0.00646	0.01373	0.01130	0.01776	0.00969	0.01130	0.00807	0.00404	0.00404	0.00081	0.00404	0.00323	0.00323	0.84173
58	0.01030	0.00969	0.01635	0.79530	0.03755	0.01211	0.01514	0.01393	0.01090	0.01393	0.00969	0.01453	0.00727	0.00545	0.00545	0.00182	0.00727	0.00484	0.00242	0.00606
59	0.00772	0.00557	0.00729	0.00686	0.00814	0.00514	0.00514	0.01029	0.01543	0.02186	0.77152	0.04072	0.05144	0.01115	0.00643	0.00171	0.00257	0.00986	0.00600	0.00514
60	0.01327	0.01156	0.01563	0.01695	0.25365	0.01076	0.01046	0.11277	0.01342	0.01976	0.01020	0.01226	0.00837	0.00487	0.00527	0.00124	0.04058	0.00403	0.00332	0.43163
61	0.73822	0.01038	0.00863	0.00750	0.01099	0.01167	0.00618	0.01742	0.01011	0.12407	0.00943	0.01014	0.00691	0.00528	0.00365	0.00169	0.00427	0.00329	0.00382	0.00635
62	0.73773	0.01117	0.00912	0.00788	0.01138	0.01285	0.00649	0.11384	0.01144	0.02577	0.00832	0.00942	0.00635	0.00526	0.00365	0.00168	0.00445	0.00321	0.00365	0.00635
63	0.84691	0.01054	0.00801	0.00717	0.01054	0.01223	0.00590	0.01603	0.00928	0.02446	0.00759	0.00886	0.00590	0.00506	0.00337	0.00169	0.00422	0.00295	0.00337	0.00590
64	0.01427	0.01207	0.01273	0.01124	0.01445	0.01389	0.00880	0.10131	0.69105	0.02395	0.02128	0.01962	0.01591	0.00731	0.00554	0.00183	0.00448	0.00604	0.00554	0.00869
65	0.01309	0.01237	0.01665	0.01408	0.01466	0.01673	0.01172	0.11132	0.01063	0.01593	0.00794	0.01208	0.00744	0.00915	0.01625	0.00229	0.69370	0.00479	0.00279	0.00640
66	0.01030	0.00969	0.01635	0.79530	0.03755	0.01211	0.01514	0.01393	0.01090	0.01393	0.00969	0.01453	0.00727	0.00545	0.00545	0.00182	0.00727	0.00484	0.00242	0.00606
67	0.02224	0.01014	0.01269	0.00985	0.01380	0.00962	0.00810	0.18127	0.01733	0.54368	0.01934	0.01756	0.01264	0.00666	0.00531	0.00163	0.00472	0.00532	0.08922	0.00886

[dist]
# distance from previous block
# <min> <max>
0	21

[block]
# block no. 2 follows, 44 sequences, length 30
# corresponding to MSA columns:
# 643-672
name=unknown_C
#
# <colnr> <probs for GDERKNQSTAVLIFYWHMCP>
#	G	D	E	R	K	N	Q	S	T	A	V	L	I	F	Y	W	H	M	C	P
0	0.80892	0.01050	0.00839	0.04296	0.01177	0.01222	0.00632	0.01593	0.00935	0.02398	0.00769	0.00911	0.00597	0.00508	0.00347	0.00169	0.00436	0.00304	0.00333	0.00591
1	0.01287	0.01471	0.03217	0.02298	0.02849	0.01379	0.75460	0.01746	0.01287	0.01746	0.01103	0.01471	0.00827	0.00460	0.00643	0.00184	0.00919	0.00643	0.00276	0.00735
2	0.42104	0.00989	0.01041	0.00848	0.01229	0.01005	0.00700	0.02149	0.01255	0.41474	0.01480	0.01388	0.00983	0.00593	0.00447	0.00169	0.00444	0.00426	0.00512	0.00765
3	0.02446	0.00928	0.01265	0.00970	0.01392	0.00801	0.00801	0.02657	0.01560	0.77817	0.02151	0.01856	0.01350	0.00675	0.00548	0.00169	0.00464	0.00548	0.00675	0.00928
4	0.00828	0.00615	0.00724	0.00720	0.00763	0.03104	0.00477	0.00901	0.00846	0.01139	0.01599	0.02982	0.01723	0.51210	0.29443	0.00638	0.00871	0.00705	0.00315	0.00395
5	0.61997	0.01019	0.00929	0.00787	0.01147	0.01107	0.00649	0.01893	0.01102	0.23244	0.01143	0.01153	0.00800	0.00553	0.00396	0.00169	0.00433	0.00365	0.00430	0.00684
6	0.02037	0.02598	0.01545	0.01404	0.01685	0.78652	0.01053	0.02177	0.01545	0.01334	0.00843	0.00983	0.00702	0.00562	0.00492	0.00140	0.00983	0.00351	0.00281	0.00632
7	0.00855	0.00600	0.00800	0.00891	0.00982	0.00600	0.00727	0.01037	0.01127	0.01473	0.02564	0.05437	0.02819	0.23398	0.01311	0.00328	0.00509	0.53633	0.00455	0.00455
8	0.01016	0.00508	0.00508	0.00508	0.00635	0.00508	0.00381	0.01270	0.01143	0.02033	0.01778	0.02033	0.01397	0.00635	0.00381	0.00127	0.00254	0.00508	0.83867	0.00508
9	0.01051	0.00991	0.01674	0.74472	0.08647	0.01217	0.01525	0.01412	0.01100	0.01419	0.00973	0.01447	0.00736	0.00541	0.00545	0.00180	0.00721	0.00485	0.00244	0.00623
10	0.64651	0.01023	0.00914	0.00779	0.01137	0.01120	0.00642	0.01859	0.01082	0.20811	0.01098	0.01122	0.00775	0.00547	0.00389	0.00169	0.00432	0.00357	0.00420	0.00673
11	0.84691	0.01054	0.00801	0.00717	0.01054	0.01223	0.00590	0.01603	0.00928	0.02446	0.00759	0.00886	0.00590	0.00506	0.00337	0.00169	0.00422	0.00295	0.00337	0.00590
12	0.71112	0.01077	0.00943	0.00833	0.01116	0.01296	0.00688	0.01555	0.00913	0.02262	0.00752	0.00936	0.00611	0.00579	0.00573	0.00180	0.13338	0.00325	0.00321	0.00591
13	0.00855	0.00611	0.00852	0.00977	0.01093	0.00607	0.00838	0.01089	0.01232	0.01605	0.02899	0.14225	0.03188	0.01528	0.00747	0.00248	0.00482	0.65924	0.00502	0.00496
14	0.00791	0.00537	0.00637	0.00637	0.00651	0.00551	0.00383	0.00820	0.00805	0.01088	0.01679	0.03355	0.01890	0.69389	0.14100	0.00580	0.00668	0.00762	0.00325	0.00354
15	0.11179	0.01670	0.01365	0.01145	0.01503	0.31989	0.00903	0.09915	0.01589	0.31413	0.01391	0.01346	0.00965	0.00609	0.00502	0.00157	0.00681	0.00436	0.00468	0.00773
16	0.01130	0.00969	0.01130	0.00807	0.01292	0.00727	0.00646	0.01373	0.01130	0.01776	0.00969	0.01130	0.00807	0.00404	0.00404	0.00081	0.00404	0.00323	0.00323	0.84173
17	0.01544	0.01564	0.01319	0.01191	0.01491	0.22654	0.00915	0.02699	0.55814	0.02020	0.01840	0.01744	0.01399	0.00691	0.00537	0.00173	0.00583	0.00543	0.00479	0.00799
18	0.01258	0.01202	0.02048	0.25102	0.56397	0.01271	0.01628	0.01593	0.01198	0.01670	0.01009	0.01379	0.00824	0.00503	0.00541	0.00168	0.00670	0.00485	0.00262	0.00790
19	0.00953	0.00790	0.00864	0.00804	0.01019	0.00818	0.00615	0.01662	0.30027	0.01991	0.25353	0.03675	0.27170	0.01058	0.00610	0.00181	0.00330	0.00898	0.00552	0.00630
20	0.00920	0.00491	0.00737	0.00737	0.00753	0.00507	0.00507	0.00753	0.00737	0.00999	0.01030	0.01736	0.01015	0.02251	0.14580	0.70598	0.00634	0.00491	0.00246	0.00277
21	0.01030	0.00969	0.01635	0.79530	0.03755	0.01211	0.01514	0.01393	0.01090	0.01393	0.00969	0.01453	0.00727	0.00545	0.00545	0.00182	0.00727	0.00484	0.00242	0.00606
22	0.01036	0.00978	0.01637	0.76538	0.03666	0.01229	0.01502	0.01390	0.01080	0.01390	0.00959	0.01444	0.00726	0.00561	0.00593	0.00184	0.03757	0.00484	0.00242	0.00605
23	0.00922	0.00482	0.00691	0.00691	0.00691	0.00482	0.00450	0.00724	0.00724	0.00965	0.01072	0.01968	0.01115	0.14733	0.02235	0.70541	0.00482	0.00525	0.00252	0.00252
24	0.29553	0.01071	0.01248	0.01088	0.01217	0.01392	0.00900	0.01406	0.00900	0.01776	0.00846	0.01180	0.00747	0.00767	0.01143	0.00203	0.44202	0.00419	0.09357	0.00585
25	0.01143	0.01030	0.01635	0.71026	0.03531	0.01263	0.01462	0.09457	0.01250	0.01615	0.01006	0.01438	0.00749	0.00557	0.00545	0.00180	0.00713	0.00485	0.00275	0.00641
26	0.01440	0.01348	0.02121	0.03027	0.65588	0.03151	0.01578	0.09710	0.01382	0.01939	0.01044	0.01333	0.00863	0.00517	0.00570	0.00163	0.02584	0.00483	0.00299	0.00859
27	0.00907	0.00695	0.00803	0.00735	0.00922	0.00674	0.00562	0.09163	0.05969	0.02097	0.41477	0.06000	0.25646	0.01136	0.00629	0.00176	0.00312	0.00974	0.00561	0.00562
28	0.02040	0.02482	0.01555	0.01388	0.01686	0.70291	0.01052	0.10156	0.01656	0.01563	0.00893	0.01019	0.00727	0.00572	0.00497	0.00143	0.00942	0.00366	0.00310	0.00664
29	0.00939	0.00709	0.00848	0.00863	0.00993	0.00733	0.00622	0.09264	0.13517	0.01829	0.09255	0.52363	0.03135	0.01384	0.00652	0.00205	0.00361	0.01233	0.00527	0.00570

[dist]
# distance from previous block
# <min> <max>
0	1

[block]
# block no. 3 follows, 44 sequences, length 65
# corresponding to MSA columns:
# 674-738
name=unknown_D
#
# <colnr> <probs for GDERKNQSTAVLIFYWHMCP>
#	G	D	E	R	K	N	Q	S	T	A	V	L	I	F	Y	W	H	M	C	P
0	0.01460	0.01404	0.01921	0.02591	0.50576	0.08306	0.01415	0.06857	0.16216	0.01949	0.01264	0.01449	0.01011	0.00554	0.00539	0.00165	0.00632	0.00500	0.00345	0.00847
1	0.01174	0.02482	0.61058	0.01632	0.04668	0.01279	0.08162	0.06596	0.01263	0.01839	0.01090	0.01398	0.00823	0.00561	0.00541	0.00176	0.00784	0.03410	0.00267	0.00797
2	0.01279	0.01223	0.02086	0.20120	0.61216	0.01277	0.01638	0.01611	0.01208	0.01696	0.01013	0.01372	0.00833	0.00499	0.00541	0.00166	0.00665	0.00485	0.00264	0.00807
3	0.01030	0.00969	0.01635	0.79530	0.03755	0.01211	0.01514	0.01393	0.01090	0.01393	0.00969	0.01453	0.00727	0.00545	0.00545	0.00182	0.00727	0.00484	0.00242	0.00606
4	0.00987	0.00917	0.01471	0.01264	0.01384	0.01100	0.12139	0.01176	0.00944	0.01366	0.01358	0.12302	0.01372	0.04185	0.27100	0.00448	0.28941	0.00691	0.00301	0.00553
5	0.02429	0.00954	0.01282	0.00983	0.01405	0.00841	0.00812	0.05899	0.01605	0.74512	0.02113	0.01831	0.01331	0.00674	0.00548	0.00168	0.00470	0.00546	0.00669	0.00928
6	0.00809	0.00553	0.00722	0.00709	0.00829	0.00508	0.00520	0.01024	0.01423	0.04926	0.55453	0.20969	0.07012	0.01238	0.00651	0.00183	0.00279	0.01099	0.00579	0.00513
7	0.01956	0.00811	0.01027	0.00827	0.01151	0.00738	0.00670	0.04984	0.01460	0.49738	0.01995	0.01894	0.01349	0.00661	0.00492	0.00155	0.00399	0.00533	0.28373	0.00788
8	0.02065	0.01251	0.01436	0.01113	0.01516	0.01306	0.00915	0.46088	0.02158	0.26274	0.08702	0.01738	0.01454	0.00704	0.00555	0.00166	0.00526	0.00555	0.00590	0.00889
9	0.02298	0.01166	0.01412	0.01083	0.01510	0.01154	0.00895	0.31634	0.01959	0.48278	0.01816	0.01638	0.01182	0.00667	0.00547	0.00167	0.00518	0.00525	0.00623	0.00928
10	0.00688	0.00541	0.00621	0.00628	0.00770	0.00475	0.00461	0.00857	0.01305	0.01685	0.27785	0.17169	0.42374	0.01350	0.00652	0.00186	0.00277	0.01164	0.00536	0.00475
11	0.02434	0.00947	0.01277	0.00979	0.01401	0.00830	0.00809	0.05023	0.01593	0.75405	0.02124	0.01838	0.01336	0.00674	0.00548	0.00169	0.00468	0.00546	0.00671	0.00928
12	0.02402	0.00999	0.01309	0.01004	0.01427	0.00906	0.00829	0.11267	0.01679	0.69040	0.02051	0.01791	0.01300	0.00672	0.00548	0.00168	0.00480	0.00541	0.00659	0.00928
13	0.01686	0.01283	0.01380	0.01152	0.01514	0.01440	0.00921	0.29065	0.44891	0.07699	0.01887	0.01761	0.01378	0.00705	0.00551	0.00176	0.00494	0.00567	0.00559	0.00890
14	0.57844	0.01063	0.00983	0.00823	0.01189	0.01159	0.00679	0.07977	0.01217	0.20873	0.01143	0.01157	0.00803	0.00559	0.00406	0.00168	0.00447	0.00373	0.00437	0.00700
15	0.00807	0.00565	0.00692	0.00677	0.00805	0.00529	0.00500	0.03133	0.01407	0.01990	0.45247	0.16472	0.12598	0.01171	0.00617	0.00175	0.00279	0.01025	0.10804	0.00507
16	0.01205	0.00936	0.01078	0.00889	0.01223	0.00893	0.00697	0.03104	0.25090	0.06610	0.20741	0.02208	0.02211	0.00710	0.00523	0.00143	0.00382	0.00600	0.00491	0.30265
17	0.01895	0.01164	0.01361	0.01025	0.01472	0.01110	0.00840	0.29482	0.01800	0.26255	0.01467	0.01425	0.01022	0.00582	0.00502	0.00139	0.00496	0.00456	0.00516	0.26990
18	0.00669	0.00483	0.00633	0.00744	0.00789	0.00447	0.00501	0.00774	0.01080	0.01437	0.06914	0.72389	0.07805	0.01660	0.00690	0.00217	0.00311	0.01499	0.00511	0.00447
19	0.00772	0.00557	0.00729	0.00686	0.00814	0.00514	0.00514	0.01029	0.01543	0.02186	0.77152	0.04072	0.05144	0.01115	0.00643	0.00171	0.00257	0.00986	0.00600	0.00514
20	0.00895	0.00585	0.00801	0.00897	0.01003	0.00564	0.00716	0.01077	0.01183	0.06571	0.02865	0.35444	0.03186	0.02874	0.00751	0.00238	0.00426	0.38907	0.00512	0.00504
21	0.02369	0.01051	0.01342	0.01029	0.01453	0.00985	0.00850	0.17706	0.01767	0.62476	0.01977	0.01743	0.01262	0.00671	0.00548	0.00168	0.00492	0.00536	0.00648	0.00928
22	0.01030	0.00969	0.01635	0.79530	0.03755	0.01211	0.01514	0.01393	0.01090	0.01393	0.00969	0.01453	0.00727	0.00545	0.00545	0.00182	0.00727	0.00484	0.00242	0.00606
23	0.84691	0.01054	0.00801	0.00717	0.01054	0.01223	0.00590	0.01603	0.00928	0.02446	0.00759	0.00886	0.00590	0.00506	0.00337	0.00169	0.00422	0.00295	0.00337	0.00590
24	0.01193	0.01193	0.01670	0.01431	0.01431	0.01670	0.01193	0.01312	0.00835	0.01312	0.00716	0.01193	0.00716	0.00954	0.01789	0.00239	0.79843	0.00477	0.00239	0.00596
25	0.01064	0.01004	0.01697	0.71392	0.11626	0.01220	0.01531	0.01423	0.01106	0.01434	0.00975	0.01442	0.00741	0.00539	0.00544	0.00180	0.00718	0.00485	0.00245	0.00633
26	0.00676	0.00554	0.00596	0.00586	0.00756	0.00474	0.00439	0.00844	0.01317	0.01650	0.23356	0.04954	0.59274	0.01314	0.00644	0.00181	0.00271	0.01110	0.00530	0.00474
27	0.04806	0.10485	0.32308	0.01335	0.01896	0.11000	0.01398	0.24658	0.03400	0.02202	0.01062	0.01161	0.00785	0.00565	0.00499	0.00160	0.00717	0.00413	0.00346	0.00804
28	0.03947	0.01984	0.15510	0.01421	0.03057	0.26461	0.05421	0.14571	0.01541	0.11092	0.01108	0.01228	0.00825	0.00615	0.00650	0.00167	0.08849	0.00438	0.00361	0.00755
29	0.00717	0.00532	0.00670	0.00694	0.00802	0.00485	0.00504	0.00901	0.01322	0.01788	0.38365	0.28489	0.17851	0.01363	0.00663	0.00192	0.00287	0.03343	0.00550	0.00481
30	0.04935	0.01105	0.01610	0.11378	0.29725	0.01055	0.02245	0.04366	0.01212	0.01812	0.01068	0.04057	0.00913	0.00512	0.00488	0.00137	0.00546	0.00456	0.00309	0.32073
31	0.01093	0.02820	0.78016	0.01554	0.02360	0.01266	0.02014	0.01727	0.01151	0.01727	0.00978	0.01151	0.00691	0.00518	0.00518	0.00173	0.00806	0.00403	0.00230	0.00806
32	0.00713	0.00517	0.00674	0.00716	0.00799	0.00477	0.00506	0.00886	0.01286	0.01766	0.37732	0.41468	0.07595	0.01416	0.00669	0.00196	0.00287	0.01269	0.00550	0.00477
33	0.01130	0.00969	0.01130	0.00807	0.01292	0.00727	0.00646	0.01373	0.01130	0.01776	0.00969	0.01130	0.00807	0.00404	0.00404	0.00081	0.00404	0.00323	0.00323	0.84173
34	0.00687	0.00491	0.00659	0.00785	0.00827	0.00463	0.00546	0.00799	0.01066	0.01417	0.02992	0.72545	0.03556	0.01686	0.00702	0.00225	0.00336	0.09264	0.00506	0.00449
35	0.00772	0.00557	0.00729	0.00686	0.00814	0.00514	0.00514	0.01029	0.01543	0.02186	0.77152	0.04072	0.05144	0.01115	0.00643	0.00171	0.00257	0.00986	0.00600	0.00514
36	0.00876	0.00575	0.00739	0.00703	0.00848	0.00522	0.00525	0.01094	0.01443	0.08024	0.53127	0.14327	0.12740	0.01189	0.00643	0.00179	0.00284	0.01046	0.00583	0.00532
37	0.01702	0.23638	0.16149	0.01208	0.01715	0.01718	0.01177	0.40160	0.01874	0.02500	0.01105	0.01174	0.00829	0.00577	0.00483	0.00152	0.00627	0.00420	0.01957	0.00834
38	0.01607	0.43300	0.08866	0.01228	0.01672	0.25407	0.06000	0.03560	0.01291	0.01418	0.00839	0.00981	0.00713	0.00504	0.00432	0.00134	0.00747	0.00347	0.00258	0.00696
39	0.01599	0.33828	0.08907	0.06475	0.08188	0.01667	0.01133	0.16007	0.06059	0.09543	0.01150	0.01231	0.00883	0.00552	0.00464	0.00148	0.00600	0.00415	0.00361	0.00793
40	0.00807	0.00575	0.00666	0.00660	0.00828	0.00503	0.00502	0.00977	0.01303	0.06672	0.19014	0.12651	0.45116	0.01324	0.00651	0.00189	0.00305	0.06217	0.00536	0.00503
41	0.01128	0.02582	0.64799	0.01685	0.02446	0.01286	0.14992	0.01730	0.01175	0.01730	0.01000	0.01207	0.00715	0.00508	0.00540	0.00175	0.00826	0.00445	0.00238	0.00793
42	0.01717	0.01601	0.02012	0.04853	0.06888	0.12964	0.19483	0.31841	0.08901	0.02408	0.01242	0.01377	0.00926	0.00585	0.00562	0.00168	0.00728	0.00519	0.00410	0.00813
43	0.00691	0.00527	0.00639	0.00695	0.00803	0.00475	0.00506	0.00839	0.01206	0.01559	0.14901	0.36230	0.29882	0.01487	0.00675	0.00203	0.00309	0.07388	0.00520	0.00465
44	0.02857	0.01602	0.04338	0.06593	0.04928	0.15294	0.07003	0.23584	0.23782	0.02308	0.01423	0.01476	0.01067	0.00626	0.00542	0.00169	0.00660	0.00508	0.00434	0.00807
45	0.01349	0.01295	0.02213	0.03346	0.77440	0.01295	0.01673	0.01673	0.01241	0.01781	0.01025	0.01349	0.00864	0.00486	0.00540	0.00162	0.00648	0.00486	0.00270	0.00864
46	0.01356	0.01171	0.01233	0.01109	0.01418	0.01356	0.00863	0.02897	0.76455	0.02281	0.02219	0.02034	0.01664	0.00740	0.00555	0.00185	0.00431	0.00616	0.00555	0.00863
47	0.01385	0.01280	0.01972	0.22136	0.46691	0.03413	0.01531	0.11584	0.01390	0.01895	0.01045	0.01360	0.00833	0.00525	0.00541	0.00167	0.00670	0.00482	0.00300	0.00801
48	0.01372	0.39752	0.29988	0.01278	0.04720	0.01705	0.01354	0.05547	0.04761	0.03499	0.00980	0.01094	0.00776	0.00514	0.00443	0.00146	0.00657	0.00371	0.00276	0.00770
49	0.07892	0.00936	0.01234	0.00953	0.01369	0.00829	0.00787	0.02587	0.01518	0.72826	0.02059	0.01791	0.01299	0.00664	0.00534	0.00169	0.00461	0.00531	0.00652	0.00905
50	0.00823	0.00571	0.00763	0.00808	0.03531	0.00530	0.00556	0.01019	0.01347	0.04940	0.43804	0.27917	0.06629	0.03359	0.00708	0.00196	0.00306	0.01128	0.00552	0.00514
51	0.01404	0.01601	0.15971	0.02428	0.42302	0.06339	0.04400	0.05009	0.01313	0.06750	0.01225	0.06565	0.01036	0.00596	0.00548	0.00168	0.00673	0.00542	0.00318	0.00812
52	0.00799	0.00531	0.00637	0.00661	0.00712	0.00506	0.00422	0.00867	0.00996	0.03999	0.08725	0.26577	0.09128	0.41039	0.01718	0.00365	0.00419	0.01056	0.00432	0.00411
53	0.00680	0.00481	0.00628	0.00739	0.00767	0.00453	0.00484	0.00763	0.01013	0.01351	0.02847	0.71033	0.03406	0.11432	0.00951	0.00259	0.00342	0.01457	0.00484	0.00429
54	0.01137	0.01545	0.17262	0.01445	0.08668	0.12672	0.11056	0.01448	0.01263	0.01611	0.08394	0.04274	0.18517	0.00962	0.04099	0.00206	0.03757	0.00691	0.00350	0.00642
55	0.01657	0.01452	0.01623	0.05440	0.06705	0.10408	0.05974	0.24053	0.26403	0.05030	0.01510	0.01545	0.01129	0.00655	0.00599	0.00173	0.03832	0.00527	0.00459	0.00825
56	0.00695	0.00500	0.00639	0.00734	0.00784	0.00468	0.00500	0.00797	0.01059	0.01398	0.05473	0.57720	0.09557	0.11373	0.00949	0.00256	0.00348	0.05827	0.00487	0.00436
57	0.84691	0.01054	0.00801	0.00717	0.01054	0.01223	0.00590	0.01603	0.00928	0.02446	0.00759	0.00886	0.00590	0.00506	0.00337	0.00169	0.00422	0.00295	0.00337	0.00590
58	0.00734	0.00485	0.00609	0.00703	0.00747	0.00461	0.00469	0.00846	0.01037	0.01466	0.02684	0.60467	0.03092	0.08822	0.00836	0.00234	0.00326	0.01308	0.14230	0.00443
59	0.13846	0.01464	0.13895	0.08040	0.21112	0.01261	0.07992	0.09272	0.04616	0.11558	0.01202	0.01357	0.00883	0.00548	0.00518	0.00170	0.00633	0.00472	0.00363	0.00796
60	0.01502	0.30428	0.22062	0.01178	0.01733	0.01442	0.06092	0.01831	0.01221	0.16196	0.01131	0.01205	0.00843	0.00512	0.00458	0.00141	0.00619	0.00397	0.00331	0.10678
61	0.01093	0.02820	0.78016	0.01554	0.02360	0.01266	0.02014	0.01727	0.01151	0.01727	0.00978	0.01151	0.00691	0.00518	0.00518	0.00173	0.00806	0.00403	0.00230	0.00806
62	0.00715	0.00520	0.00679	0.00753	0.00833	0.00485	0.00546	0.00872	0.01209	0.01622	0.21290	0.46010	0.10492	0.01509	0.00685	0.00210	0.00321	0.10251	0.00529	0.00469
63	0.01550	0.04290	0.21787	0.01966	0.19763	0.27061	0.09384	0.01899	0.01332	0.04507	0.00996	0.01195	0.00775	0.00523	0.00524	0.00159	0.00821	0.00433	0.00278	0.00756
64	0.01043	0.00982	0.01659	0.76437	0.06746	0.01215	0.01521	0.01404	0.01096	0.01409	0.00971	0.01449	0.00732	0.00543	0.00545	0.00181	0.00724	0.00485	0.00243	0.00616

[dist]
# distance from previous block
# <min> <max>
9	24

[block]
# block no. 4 follows, 44 sequences, length 16
# corresponding to MSA columns:
# 763-778
name=unknown_E
#
# <colnr> <probs for GDERKNQSTAVLIFYWHMCP>
#	G	D	E	R	K	N	Q	S	T	A	V	L	I	F	Y	W	H	M	C	P
0	0.08536	0.00972	0.01535	0.59197	0.08904	0.01160	0.01360	0.01447	0.01103	0.04487	0.01115	0.05848	0.00911	0.00607	0.00535	0.00181	0.00660	0.00530	0.00284	0.00627
1	0.14870	0.01135	0.01719	0.33704	0.31261	0.01269	0.01400	0.05279	0.01196	0.01816	0.00973	0.01314	0.00767	0.00522	0.00509	0.00171	0.00640	0.00454	0.00284	0.00718
2	0.01106	0.00926	0.01341	0.12165	0.18095	0.01034	0.01029	0.05634	0.10899	0.01674	0.01405	0.01877	0.01208	0.06622	0.26538	0.00426	0.02434	0.00555	0.04379	0.00652
3	0.01217	0.01159	0.01810	0.21688	0.39638	0.03233	0.01422	0.01581	0.04854	0.01701	0.08807	0.01664	0.01289	0.00616	0.00650	0.00174	0.06912	0.00539	0.00308	0.00737
4	0.01010	0.00852	0.01010	0.11203	0.01384	0.04564	0.00796	0.07133	0.01250	0.01650	0.02693	0.08933	0.22318	0.01288	0.06437	0.00241	0.08990	0.08773	0.08924	0.00550
5	0.06075	0.01041	0.01468	0.29578	0.10523	0.01069	0.01119	0.06711	0.01280	0.13385	0.01167	0.01380	0.00863	0.00528	0.00498	0.00150	0.00571	0.00443	0.00358	0.21794
6	0.01285	0.01371	0.01270	0.17535	0.05452	0.26098	0.00969	0.01588	0.05601	0.01656	0.21414	0.06188	0.05746	0.00807	0.00566	0.00167	0.00623	0.00667	0.00394	0.00602
7	0.84691	0.01054	0.00801	0.00717	0.01054	0.01223	0.00590	0.01603	0.00928	0.02446	0.00759	0.00886	0.00590	0.00506	0.00337	0.00169	0.00422	0.00295	0.00337	0.00590
8	0.01130	0.00969	0.01130	0.00807	0.01292	0.00727	0.00646	0.01373	0.01130	0.01776	0.00969	0.01130	0.00807	0.00404	0.00404	0.00081	0.00404	0.00323	0.00323	0.84173
9	0.00664	0.00474	0.00633	0.00759	0.00791	0.00443	0.00506	0.00759	0.01044	0.01392	0.03005	0.80485	0.03606	0.01708	0.00696	0.00221	0.00316	0.01550	0.00506	0.00443
10	0.00691	0.00549	0.00620	0.00613	0.00768	0.00479	0.00456	0.00869	0.01338	0.01723	0.30966	0.09394	0.46995	0.01305	0.00647	0.00182	0.00272	0.01116	0.00540	0.00479
11	0.00680	0.00554	0.00601	0.00589	0.00758	0.00475	0.00442	0.00851	0.01326	0.01670	0.25324	0.04922	0.57294	0.01307	0.00644	0.00181	0.00271	0.01105	0.00532	0.00475
12	0.00758	0.00556	0.00799	0.00844	0.00922	0.00606	0.00637	0.00923	0.00952	0.01324	0.02016	0.23431	0.02153	0.06733	0.47212	0.00628	0.01024	0.07643	0.00370	0.00469
13	0.01640	0.13442	0.08602	0.25553	0.02287	0.12985	0.01211	0.08593	0.01398	0.17428	0.01195	0.01339	0.00863	0.00570	0.00506	0.00161	0.00685	0.00442	0.00363	0.00738
14	0.06764	0.01592	0.14142	0.03717	0.18733	0.10578	0.01250	0.11186	0.01493	0.19803	0.04538	0.01477	0.01101	0.00595	0.00525	0.00164	0.00637	0.00481	0.00412	0.00811
15	0.01615	0.49813	0.02373	0.01155	0.05117	0.04607	0.00993	0.19733	0.06604	0.01900	0.01007	0.01085	0.00828	0.00535	0.00425	0.00136	0.00594	0.00373	0.00334	0.00772

[dist]
# distance from previous block
# <min> <max>
0	1

[block]
# block no. 5 follows, 44 sequences, length 52
# corresponding to MSA columns:
# 780-831
name=unknown_F
#
# <colnr> <probs for GDERKNQSTAVLIFYWHMCP>
#	G	D	E	R	K	N	Q	S	T	A	V	L	I	F	Y	W	H	M	C	P
0	0.01458	0.04173	0.06767	0.01398	0.12694	0.19318	0.01007	0.12266	0.01574	0.04366	0.21111	0.02009	0.01997	0.00712	0.00537	0.00156	0.00591	0.00577	0.06596	0.00692
1	0.54023	0.01540	0.21158	0.00971	0.01444	0.01234	0.00992	0.05621	0.01085	0.02276	0.00857	0.00991	0.00646	0.00512	0.00399	0.00165	0.00531	0.00335	0.00320	0.04900
2	0.22875	0.00705	0.00720	0.00667	0.00883	0.00698	0.00518	0.01186	0.01289	0.05865	0.31113	0.03486	0.26053	0.01015	0.00558	0.00175	0.00317	0.00833	0.00506	0.00539
3	0.01274	0.01140	0.01719	0.16258	0.37189	0.01223	0.01323	0.05778	0.15242	0.01934	0.07421	0.01736	0.01354	0.00608	0.00547	0.00169	0.00575	0.00551	0.03179	0.00780
4	0.01178	0.01120	0.01903	0.44170	0.37955	0.01250	0.01588	0.01523	0.01160	0.01573	0.00995	0.01405	0.00790	0.00518	0.00543	0.00173	0.00690	0.00485	0.00255	0.00725
5	0.02446	0.00928	0.01265	0.00970	0.01392	0.00801	0.00801	0.02657	0.01560	0.77817	0.02151	0.01856	0.01350	0.00675	0.00548	0.00169	0.00464	0.00548	0.00675	0.00928
6	0.00805	0.00543	0.00635	0.00652	0.00670	0.00543	0.00408	0.00840	0.00858	0.01138	0.01883	0.03932	0.02145	0.69650	0.02490	0.00489	0.00525	0.11086	0.00355	0.00355
7	0.01030	0.00969	0.01635	0.79530	0.03755	0.01211	0.01514	0.01393	0.01090	0.01393	0.00969	0.01453	0.00727	0.00545	0.00545	0.00182	0.00727	0.00484	0.00242	0.00606
8	0.02037	0.02598	0.01545	0.01404	0.01685	0.78652	0.01053	0.02177	0.01545	0.01334	0.00843	0.00983	0.00702	0.00562	0.00492	0.00140	0.00983	0.00351	0.00281	0.00632
9	0.00646	0.00546	0.00559	0.00570	0.00741	0.00459	0.00422	0.00780	0.01226	0.01466	0.05308	0.11663	0.70940	0.01409	0.00649	0.00187	0.00280	0.01185	0.00506	0.00459
10	0.01148	0.00995	0.01218	0.01012	0.07438	0.00773	0.00729	0.01397	0.01139	0.01777	0.00974	0.01148	0.00812	0.00410	0.00415	0.00087	0.00423	0.00336	0.00319	0.77449
11	0.84691	0.01054	0.00801	0.00717	0.01054	0.01223	0.00590	0.01603	0.00928	0.02446	0.00759	0.00886	0.00590	0.00506	0.00337	0.00169	0.00422	0.00295	0.00337	0.00590
12	0.00772	0.00557	0.00729	0.00686	0.00814	0.00514	0.00514	0.01029	0.01543	0.02186	0.77152	0.04072	0.05144	0.01115	0.00643	0.00171	0.00257	0.00986	0.00600	0.00514
13	0.01314	0.50243	0.32523	0.01178	0.01778	0.01805	0.01360	0.01670	0.01125	0.01458	0.00845	0.00984	0.00696	0.00487	0.00416	0.00139	0.00671	0.00335	0.00232	0.00741
14	0.00820	0.00601	0.00727	0.00757	0.00869	0.00597	0.00543	0.01178	0.11831	0.01787	0.22402	0.38570	0.07270	0.01304	0.00632	0.00193	0.00309	0.01157	0.07926	0.00528
15	0.01326	0.00639	0.00732	0.00666	0.00866	0.00620	0.00522	0.01636	0.05069	0.18361	0.04875	0.02247	0.01620	0.00704	0.00452	0.00146	0.00319	0.03620	0.54964	0.00617
16	0.01731	0.01531	0.01712	0.03155	0.22323	0.14670	0.01197	0.25277	0.05499	0.06501	0.01197	0.01341	0.00921	0.00623	0.00644	0.00167	0.07820	0.00474	0.02406	0.00811
17	0.00772	0.00557	0.00729	0.00686	0.00814	0.00514	0.00514	0.01029	0.01543	0.02186	0.77152	0.04072	0.05144	0.01115	0.00643	0.00171	0.00257	0.00986	0.00600	0.00514
18	0.01281	0.17013	0.40673	0.01311	0.01909	0.01479	0.01472	0.06101	0.19882	0.01876	0.01263	0.01327	0.00947	0.00571	0.00497	0.00165	0.00660	0.00440	0.00329	0.00807
19	0.01301	0.01175	0.01821	0.37278	0.26587	0.01347	0.01466	0.12658	0.01339	0.01817	0.01018	0.01378	0.00799	0.00576	0.00644	0.00177	0.07101	0.00485	0.00296	0.00735
20	0.00673	0.00481	0.00643	0.00769	0.00805	0.00451	0.00522	0.00775	0.01053	0.01402	0.03000	0.77360	0.03586	0.01700	0.00698	0.00223	0.00324	0.04585	0.00506	0.00445
21	0.02041	0.02450	0.01558	0.01384	0.01686	0.68017	0.01051	0.12325	0.01686	0.01625	0.00907	0.01028	0.00733	0.00575	0.00499	0.00144	0.00930	0.00370	0.00317	0.00673
22	0.00677	0.00485	0.00644	0.00750	0.00794	0.00452	0.00507	0.00792	0.01105	0.01489	0.12078	0.71134	0.03794	0.01635	0.00689	0.00215	0.00309	0.01481	0.00518	0.00452
23	0.00669	0.00478	0.00638	0.00765	0.00799	0.00447	0.00515	0.00768	0.01049	0.01397	0.03002	0.78747	0.03595	0.01703	0.00697	0.00222	0.00321	0.03238	0.00506	0.00444
24	0.01279	0.01242	0.02173	0.09149	0.55470	0.01255	0.10788	0.01652	0.03761	0.01741	0.01178	0.05670	0.01023	0.00562	0.00562	0.00170	0.00663	0.00567	0.00291	0.00804
25	0.00664	0.00474	0.00633	0.00759	0.00791	0.00443	0.00506	0.00759	0.01044	0.01392	0.03005	0.80485	0.03606	0.01708	0.00696	0.00221	0.00316	0.01550	0.00506	0.00443
26	0.02437	0.00943	0.01274	0.00977	0.01399	0.00824	0.00807	0.04482	0.01585	0.75957	0.02130	0.01842	0.01339	0.00674	0.00548	0.00169	0.00467	0.00547	0.00672	0.00928
27	0.01130	0.00969	0.01130	0.00807	0.01292	0.00727	0.00646	0.01373	0.01130	0.01776	0.00969	0.01130	0.00807	0.00404	0.00404	0.00081	0.00404	0.00323	0.00323	0.84173
28	0.63074	0.01021	0.00923	0.00783	0.01143	0.01112	0.00646	0.01880	0.01094	0.22257	0.01125	0.01141	0.00790	0.00550	0.00393	0.00169	0.00433	0.00362	0.00426	0.00679
29	0.84691	0.01054	0.00801	0.00717	0.01054	0.01223	0.00590	0.01603	0.00928	0.02446	0.00759	0.00886	0.00590	0.00506	0.00337	0.00169	0.00422	0.00295	0.00337	0.00590
30	0.01708	0.01264	0.01374	0.01187	0.03644	0.03614	0.00919	0.25558	0.35338	0.12187	0.05897	0.01843	0.01530	0.00712	0.00553	0.00173	0.00501	0.00577	0.00553	0.00866
31	0.00689	0.00517	0.00604	0.00651	0.00736	0.00470	0.00441	0.00792	0.01099	0.01411	0.08800	0.34410	0.28840	0.16724	0.01073	0.00264	0.00339	0.01227	0.00479	0.00432
32	0.84691	0.01054	0.00801	0.00717	0.01054	0.01223	0.00590	0.01603	0.00928	0.02446	0.00759	0.00886	0.00590	0.00506	0.00337	0.00169	0.00422	0.00295	0.00337	0.00590
33	0.01030	0.00969	0.01635	0.79530	0.03755	0.01211	0.01514	0.01393	0.01090	0.01393	0.00969	0.01453	0.00727	0.00545	0.00545	0.00182	0.00727	0.00484	0.00242	0.00606
34	0.00685	0.00483	0.00627	0.00733	0.00760	0.00456	0.00478	0.00764	0.01004	0.01339	0.02801	0.68281	0.03348	0.14263	0.01026	0.00270	0.00350	0.01430	0.00478	0.00425
35	0.01037	0.00607	0.00635	0.00613	0.00765	0.00628	0.00464	0.01473	0.11810	0.02084	0.10170	0.02258	0.01849	0.00703	0.00435	0.00140	0.00279	0.00576	0.62914	0.00559
36	0.00678	0.00543	0.00606	0.00612	0.00763	0.00471	0.00451	0.00840	0.01291	0.01638	0.22868	0.14694	0.49911	0.01357	0.00651	0.00186	0.00277	0.01162	0.00529	0.00471
37	0.00889	0.00500	0.00698	0.00698	0.00709	0.00510	0.00459	0.00760	0.00749	0.01010	0.01202	0.02204	0.01260	0.22587	0.10516	0.53532	0.00594	0.00568	0.00267	0.00288
38	0.01819	0.01401	0.01493	0.01203	0.01594	0.01572	0.00975	0.49897	0.28701	0.03027	0.01631	0.01565	0.01188	0.00685	0.00549	0.00171	0.00540	0.00535	0.00549	0.00904
39	0.01450	0.01667	0.27124	0.05063	0.28777	0.01130	0.01525	0.01850	0.01291	0.17943	0.05841	0.01559	0.01162	0.00577	0.00541	0.00168	0.00641	0.00502	0.00362	0.00827
40	0.11252	0.09220	0.01612	0.01141	0.01556	0.07256	0.00950	0.46275	0.02048	0.11629	0.01258	0.01259	0.00900	0.00615	0.00500	0.00158	0.00591	0.00446	0.00487	0.00846
41	0.02433	0.00949	0.01278	0.00980	0.01402	0.00833	0.00810	0.05231	0.01596	0.75193	0.02121	0.01836	0.01335	0.00674	0.00548	0.00169	0.00469	0.00546	0.00670	0.00928
42	0.00779	0.00534	0.00610	0.00625	0.00649	0.00524	0.00380	0.00810	0.00871	0.01143	0.02165	0.08013	0.08212	0.65366	0.02369	0.00467	0.00495	0.05266	0.00364	0.00357
43	0.01280	0.03931	0.22676	0.02626	0.47199	0.01319	0.05689	0.01752	0.05026	0.01776	0.01070	0.01324	0.00851	0.00505	0.00535	0.00166	0.00692	0.00473	0.00273	0.00836
44	0.01348	0.01110	0.01887	0.20818	0.30849	0.01142	0.10192	0.03810	0.01268	0.11158	0.01385	0.10072	0.01188	0.00658	0.00572	0.00177	0.00639	0.00628	0.00348	0.00751
