[name]
unknown

[dist]
# distance from previous block
# <min> <max>
0	171

[block]
# block no. 0 follows, 43 sequences, length 6
# corresponding to MSA columns:
# 220-225
name=unknown_A
#
# <colnr> <probs for GDERKNQSTAVLIFYWHMCP>
#	G	D	E	R	K	N	Q	S	T	A	V	L	I	F	Y	W	H	M	C	P
0	0.00802	0.00684	0.01008	0.00903	0.01100	0.00621	0.10307	0.01024	0.01326	0.01731	0.23121	0.13281	0.31679	0.01261	0.00672	0.00195	0.00391	0.08864	0.00508	0.00521
1	0.01079	0.07621	0.31875	0.10317	0.01971	0.01262	0.01412	0.01445	0.01046	0.01504	0.01114	0.04892	0.00992	0.05597	0.09245	0.00281	0.14704	0.00515	0.00264	0.02866
2	0.01170	0.06940	0.11311	0.10098	0.01615	0.01068	0.01027	0.06349	0.01321	0.07791	0.16102	0.12249	0.05523	0.00959	0.00744	0.00190	0.10162	0.04310	0.00427	0.00645
3	0.01506	0.01166	0.01132	0.00979	0.01253	0.11952	0.00747	0.15933	0.06616	0.12666	0.02218	0.13950	0.10329	0.09472	0.00814	0.00209	0.00529	0.00754	0.00483	0.07291
4	0.11115	0.01254	0.01756	0.01380	0.01739	0.07270	0.23296	0.06827	0.10477	0.11838	0.01559	0.07462	0.01315	0.09257	0.00812	0.00219	0.00650	0.00646	0.00417	0.00710
5	0.01203	0.00755	0.00932	0.00828	0.00994	0.00775	0.00612	0.12108	0.01338	0.11409	0.16591	0.02871	0.02283	0.27245	0.17185	0.00436	0.00678	0.00724	0.00459	0.00572

[dist]
# distance from previous block
# <min> <max>
4	23

[block]
# block no. 1 follows, 43 sequences, length 22
# corresponding to MSA columns:
# 249-270
name=unknown_B
#
# <colnr> <probs for GDERKNQSTAVLIFYWHMCP>
#	G	D	E	R	K	N	Q	S	T	A	V	L	I	F	Y	W	H	M	C	P
0	0.21714	0.01472	0.01348	0.02978	0.04759	0.15634	0.00915	0.25495	0.01702	0.08502	0.04711	0.03777	0.01124	0.00651	0.00498	0.00164	0.00602	0.00481	0.00440	0.03034
1	0.01749	0.03133	0.01638	0.09102	0.01904	0.28044	0.06312	0.18214	0.13748	0.04843	0.01368	0.05042	0.01095	0.00668	0.00547	0.00167	0.00734	0.00529	0.00410	0.00754
2	0.01157	0.00960	0.01035	0.00945	0.01199	0.01046	0.00728	0.06731	0.41879	0.02162	0.13170	0.07935	0.16772	0.00987	0.00602	0.00187	0.00387	0.00835	0.00557	0.00726
3	0.00802	0.00545	0.00710	0.00733	0.00837	0.00500	0.00525	0.00981	0.01327	0.05085	0.36711	0.37433	0.08936	0.01394	0.00673	0.00197	0.00298	0.01244	0.00565	0.00505
4	0.01615	0.00910	0.01118	0.00947	0.01243	0.00864	0.00735	0.16834	0.01554	0.26639	0.02157	0.28012	0.02004	0.02668	0.00637	0.00186	0.00444	0.00866	0.00554	0.10013
5	0.00912	0.00768	0.01195	0.04328	0.25474	0.00756	0.00931	0.01092	0.01127	0.01541	0.02333	0.52075	0.02665	0.01294	0.00651	0.00204	0.00444	0.01189	0.00428	0.00593
6	0.01115	0.01123	0.02168	0.04655	0.02102	0.01150	0.38162	0.01545	0.06241	0.01608	0.01309	0.01766	0.01085	0.01821	0.28388	0.00439	0.03746	0.00618	0.00303	0.00656
7	0.00745	0.00571	0.00726	0.00752	0.00862	0.00570	0.00551	0.00948	0.03696	0.01500	0.10932	0.24087	0.21636	0.05225	0.24117	0.00420	0.00666	0.01054	0.00454	0.00486
8	0.40931	0.42926	0.01909	0.00843	0.01255	0.01740	0.00782	0.01644	0.01038	0.01865	0.00771	0.00894	0.00658	0.00493	0.00349	0.00144	0.00514	0.00298	0.00287	0.00658
9	0.08960	0.10626	0.21744	0.01152	0.01692	0.01298	0.01164	0.16086	0.01510	0.18682	0.01273	0.01299	0.00901	0.00567	0.00489	0.00155	0.00593	0.00427	0.00416	0.10969
10	0.01575	0.44381	0.16569	0.01200	0.01686	0.23273	0.01188	0.01831	0.01258	0.01402	0.00836	0.00972	0.00710	0.00511	0.00428	0.00136	0.00748	0.00334	0.00250	0.00712
11	0.55070	0.01630	0.01083	0.00977	0.01300	0.28727	0.00768	0.01836	0.01166	0.02082	0.00801	0.00935	0.00640	0.00534	0.00399	0.00161	0.00632	0.00320	0.00322	0.00615
12	0.01500	0.01666	0.01790	0.30649	0.23186	0.28743	0.01416	0.01777	0.01314	0.01502	0.00954	0.01277	0.00768	0.00543	0.00533	0.00164	0.00809	0.00444	0.00268	0.00697
13	0.00857	0.00668	0.00823	0.00731	0.00950	0.00566	0.00550	0.01078	0.01350	0.01923	0.38809	0.15120	0.09631	0.01049	0.00595	0.00158	0.00313	0.00919	0.00510	0.23402
14	0.01681	0.01364	0.14411	0.05731	0.26582	0.01064	0.01355	0.02017	0.01359	0.29674	0.01613	0.01946	0.01219	0.00661	0.00566	0.00178	0.00607	0.06688	0.00438	0.00847
15	0.00793	0.00588	0.00862	0.00862	0.00951	0.00677	0.00657	0.00971	0.00882	0.01265	0.01510	0.02320	0.01447	0.11762	0.70819	0.00855	0.01389	0.00615	0.00301	0.00479
16	0.01449	0.74248	0.09249	0.01001	0.01504	0.02115	0.01041	0.01666	0.01129	0.01341	0.00789	0.00912	0.00710	0.00478	0.00370	0.00123	0.00611	0.00306	0.00237	0.00720
17	0.01650	0.01472	0.01467	0.06019	0.01675	0.26655	0.08801	0.03578	0.01455	0.17086	0.08189	0.13330	0.01787	0.00840	0.00586	0.00175	0.00677	0.03441	0.00441	0.00676
18	0.00793	0.00550	0.00703	0.00717	0.00831	0.00501	0.00518	0.00978	0.01348	0.04691	0.38522	0.31322	0.13725	0.01365	0.00669	0.00194	0.00293	0.01211	0.00566	0.00505
19	0.00718	0.00562	0.00638	0.00620	0.00772	0.00495	0.00458	0.00899	0.01360	0.01770	0.34885	0.04727	0.42382	0.06330	0.00792	0.00204	0.00289	0.01076	0.00542	0.00482
20	0.01482	0.01619	0.01711	0.28337	0.09663	0.26967	0.05964	0.03570	0.09316	0.01600	0.01169	0.04028	0.00955	0.00612	0.00548	0.00170	0.00781	0.00508	0.00314	0.00687
21	0.01214	0.01861	0.26775	0.01917	0.02468	0.01369	0.39586	0.01676	0.01186	0.01686	0.01053	0.01433	0.00825	0.03521	0.00840	0.00203	0.10826	0.00560	0.00263	0.00737

[dist]
# distance from previous block
# <min> <max>
3	12

[block]
# block no. 2 follows, 43 sequences, length 12
# corresponding to MSA columns:
# 283-294
name=unknown_C
#
# <colnr> <probs for GDERKNQSTAVLIFYWHMCP>
#	G	D	E	R	K	N	Q	S	T	A	V	L	I	F	Y	W	H	M	C	P
0	0.00845	0.00616	0.00726	0.00689	0.00865	0.00562	0.00526	0.01123	0.05272	0.05397	0.38901	0.04468	0.33177	0.01212	0.00648	0.00182	0.00296	0.03386	0.00570	0.00538
1	0.00791	0.00593	0.00890	0.00890	0.00989	0.00692	0.00692	0.00989	0.00890	0.01286	0.01483	0.02176	0.01385	0.04154	0.78341	0.00890	0.01483	0.00593	0.00297	0.00494
2	0.01837	0.01850	0.01445	0.01252	0.01575	0.33758	0.00972	0.21578	0.20474	0.02205	0.01393	0.01423	0.01065	0.00646	0.00522	0.00159	0.00707	0.00472	0.05893	0.00772
3	0.07974	0.01552	0.01759	0.13069	0.27548	0.19789	0.03804	0.01986	0.13733	0.01780	0.01172	0.01380	0.00931	0.00564	0.00527	0.00167	0.00706	0.00473	0.00327	0.00757
4	0.01292	0.01512	0.10943	0.01176	0.01652	0.11878	0.07456	0.01584	0.01204	0.01701	0.00962	0.01164	0.00786	0.00490	0.00553	0.00122	0.05907	0.00381	0.00300	0.48936
5	0.05875	0.01332	0.16544	0.01150	0.01565	0.00994	0.11465	0.11490	0.01423	0.05224	0.02941	0.05853	0.30009	0.00924	0.00595	0.00182	0.00544	0.00791	0.00428	0.00670
6	0.01618	0.38336	0.17404	0.01152	0.01677	0.01754	0.01174	0.16847	0.04931	0.08601	0.01122	0.01177	0.00859	0.00555	0.00457	0.00147	0.00623	0.00398	0.00356	0.00808
7	0.01800	0.01145	0.03625	0.01558	0.10250	0.01056	0.15183	0.04984	0.07825	0.34278	0.01885	0.02251	0.01425	0.00724	0.00599	0.00185	0.00597	0.09278	0.00514	0.00837
8	0.01113	0.04878	0.10408	0.06776	0.07378	0.06996	0.00991	0.01385	0.02730	0.05367	0.09539	0.08914	0.21910	0.00969	0.00704	0.00183	0.07944	0.00784	0.00405	0.00626
9	0.29379	0.02162	0.47862	0.01261	0.01899	0.01248	0.01495	0.01758	0.01113	0.05767	0.00978	0.01114	0.00700	0.00530	0.00466	0.00174	0.00669	0.00380	0.00293	0.00751
10	0.01148	0.00955	0.01322	0.01475	0.19471	0.00887	0.02401	0.04202	0.06531	0.04137	0.10908	0.13368	0.07462	0.00824	0.00559	0.00157	0.00451	0.00731	0.00424	0.22585
11	0.01798	0.15163	0.01967	0.01390	0.01749	0.37673	0.10423	0.10735	0.01566	0.04256	0.05144	0.01291	0.01027	0.00599	0.00549	0.00153	0.03027	0.00447	0.00339	0.00705

[dist]
# distance from previous block
# <min> <max>
5	34

[block]
# block no. 3 follows, 43 sequences, length 27
# corresponding to MSA columns:
# 363-389
name=unknown_D
#
# <colnr> <probs for GDERKNQSTAVLIFYWHMCP>
#	G	D	E	R	K	N	Q	S	T	A	V	L	I	F	Y	W	H	M	C	P
0	0.00933	0.00857	0.00912	0.12811	0.01381	0.09028	0.00724	0.01183	0.05554	0.01528	0.05356	0.30922	0.21533	0.01232	0.00627	0.00193	0.00451	0.01066	0.03181	0.00530
1	0.01491	0.01100	0.08966	0.01117	0.03298	0.00950	0.02892	0.07635	0.08225	0.22307	0.03826	0.02041	0.01432	0.03036	0.20973	0.00366	0.00783	0.02667	0.03422	0.03472
2	0.01100	0.01000	0.01647	0.33290	0.28440	0.01095	0.01396	0.01414	0.01190	0.01594	0.01575	0.06943	0.03454	0.00787	0.00599	0.00192	0.00636	0.12651	0.00323	0.00675
3	0.01148	0.00984	0.01148	0.00820	0.01312	0.00738	0.00656	0.01395	0.01148	0.01805	0.00984	0.01148	0.00820	0.00410	0.00410	0.00082	0.00410	0.00328	0.00328	0.83922
4	0.07712	0.11614	0.01706	0.01200	0.01607	0.13491	0.00991	0.42589	0.06794	0.05210	0.01235	0.01259	0.00916	0.00622	0.00507	0.00158	0.00639	0.00448	0.00463	0.00839
5	0.01393	0.29082	0.24471	0.03639	0.11445	0.07025	0.05814	0.01785	0.03148	0.04079	0.02677	0.01227	0.00885	0.00529	0.00482	0.00153	0.00705	0.00418	0.00278	0.00766
6	0.01268	0.23232	0.47405	0.01602	0.10095	0.04078	0.01688	0.01738	0.01181	0.01628	0.00935	0.01111	0.00723	0.00510	0.00483	0.00158	0.00748	0.00387	0.00241	0.00791
7	0.01342	0.05987	0.50375	0.03827	0.02239	0.01351	0.06262	0.09212	0.05622	0.06864	0.01174	0.01299	0.00836	0.00558	0.00534	0.00173	0.00748	0.00453	0.00317	0.00827
8	0.01092	0.02059	0.49959	0.01272	0.01864	0.01026	0.01510	0.01589	0.01300	0.06555	0.20393	0.02155	0.05414	0.00729	0.00566	0.00175	0.00632	0.00603	0.00370	0.00735
9	0.01556	0.03917	0.18189	0.01742	0.11890	0.30339	0.08974	0.01881	0.01372	0.04075	0.01218	0.01765	0.01051	0.00652	0.00557	0.00170	0.00825	0.08799	0.00310	0.00718
10	0.01284	0.06157	0.39567	0.02269	0.32585	0.01366	0.01801	0.05315	0.01274	0.01838	0.01018	0.01244	0.00785	0.00517	0.00528	0.00168	0.00732	0.00442	0.00266	0.00843
11	0.01175	0.01784	0.23499	0.01103	0.01506	0.20015	0.01082	0.01537	0.05133	0.01579	0.02906	0.02869	0.31804	0.00906	0.00574	0.00173	0.00624	0.00717	0.00378	0.00635
12	0.00672	0.00529	0.00608	0.00657	0.00776	0.00464	0.00466	0.00804	0.01203	0.01517	0.09874	0.35687	0.41745	0.01518	0.00676	0.00201	0.00296	0.01321	0.00521	0.00464
13	0.01481	0.10742	0.33859	0.01346	0.01886	0.14019	0.04494	0.01863	0.01293	0.12843	0.01354	0.07646	0.01124	0.00677	0.00535	0.00170	0.00728	0.02844	0.00343	0.00754
14	0.01497	0.01657	0.01806	0.29457	0.25183	0.27903	0.01425	0.01776	0.01313	0.01513	0.00957	0.01279	0.00772	0.00541	0.00533	0.00164	0.00804	0.00446	0.00268	0.00704
15	0.01378	0.01190	0.01252	0.01127	0.01440	0.01378	0.00877	0.02943	0.76081	0.02317	0.02254	0.02066	0.01691	0.00751	0.00564	0.00188	0.00438	0.00626	0.00564	0.00877
16	0.01254	0.01196	0.02036	0.30721	0.50675	0.01285	0.01641	0.01597	0.01206	0.01667	0.01021	0.01409	0.00827	0.00515	0.00550	0.00172	0.00687	0.00493	0.00264	0.00783
17	0.01404	0.06631	0.24697	0.07514	0.22842	0.01267	0.10475	0.01813	0.01259	0.12356	0.01241	0.03894	0.00959	0.00570	0.00549	0.00172	0.00704	0.00519	0.00324	0.00811
18	0.02342	0.01496	0.01386	0.01133	0.01517	0.25299	0.00902	0.04728	0.01611	0.51219	0.01740	0.01589	0.01151	0.00649	0.00539	0.00162	0.00642	0.00492	0.00555	0.00848
19	0.00663	0.00526	0.00597	0.00653	0.00772	0.00460	0.00462	0.00784	0.01174	0.01460	0.04487	0.38197	0.44715	0.01549	0.00678	0.00204	0.00298	0.01347	0.00514	0.00460
20	0.01228	0.06180	0.53918	0.01698	0.02413	0.06129	0.17211	0.01782	0.01221	0.01713	0.01001	0.01214	0.00732	0.00514	0.00543	0.00173	0.00843	0.00452	0.00247	0.00788
21	0.01533	0.01300	0.01635	0.01520	0.09272	0.15662	0.13904	0.03036	0.01411	0.16036	0.06494	0.08770	0.03946	0.00861	0.00631	0.00186	0.01839	0.10826	0.00440	0.00699
22	0.01605	0.01090	0.10878	0.01036	0.03255	0.00823	0.00914	0.01955	0.06278	0.34751	0.05123	0.03042	0.17504	0.00917	0.00598	0.00185	0.00476	0.08254	0.00553	0.00763
23	0.00687	0.00501	0.00651	0.00765	0.00821	0.00465	0.00530	0.00799	0.01097	0.01440	0.03329	0.66809	0.11774	0.01684	0.00705	0.00223	0.00330	0.06421	0.00514	0.00456
24	0.06786	0.02177	0.23867	0.01367	0.01832	0.24448	0.01309	0.15735	0.09883	0.02048	0.01130	0.01234	0.00855	0.00610	0.00576	0.00168	0.04417	0.00431	0.00353	0.00772
25	0.01333	0.04359	0.27785	0.13301	0.24096	0.05121	0.06080	0.08107	0.01338	0.01840	0.01029	0.01288	0.00788	0.00530	0.00540	0.00170	0.00751	0.00462	0.00281	0.00801
26	0.06474	0.01263	0.02129	0.13771	0.58342	0.01304	0.05357	0.01659	0.01222	0.01794	0.01021	0.01363	0.00839	0.00502	0.00542	0.00169	0.00669	0.00489	0.00275	0.00817

[dist]
# distance from previous block
# <min> <max>
3	57

[block]
# block no. 4 follows, 43 sequences, length 15
# corresponding to MSA columns:
# 447-461
name=unknown_E
#
# <colnr> <probs for GDERKNQSTAVLIFYWHMCP>
#	G	D	E	R	K	N	Q	S	T	A	V	L	I	F	Y	W	H	M	C	P
0	0.01293	0.01150	0.01722	0.09850	0.36917	0.03265	0.03261	0.03672	0.05439	0.01841	0.01237	0.01540	0.01003	0.00595	0.00635	0.00168	0.07842	0.00505	0.17322	0.00745
1	0.05210	0.01149	0.01542	0.13030	0.22473	0.02987	0.02325	0.17262	0.01513	0.06328	0.01297	0.01514	0.00990	0.00581	0.00506	0.00159	0.00564	0.00489	0.17385	0.02696
2	0.08180	0.04294	0.44769	0.01214	0.01798	0.01123	0.01423	0.03724	0.01222	0.08367	0.01246	0.01387	0.00904	0.00565	0.00481	0.00163	0.00630	0.00434	0.17327	0.00749
3	0.01604	0.13516	0.06728	0.00903	0.01304	0.01036	0.00810	0.06723	0.01390	0.23544	0.04888	0.01653	0.01281	0.00604	0.00468	0.00139	0.00460	0.00474	0.17455	0.15021
4	0.01086	0.01920	0.40563	0.01801	0.18946	0.01129	0.01605	0.01545	0.01155	0.01697	0.05365	0.01587	0.01135	0.01294	0.16439	0.00319	0.00887	0.00499	0.00277	0.00749
5	0.00821	0.00547	0.00628	0.00626	0.00707	0.00543	0.00424	0.00942	0.01009	0.01439	0.05975	0.03420	0.15443	0.34713	0.13166	0.00426	0.00563	0.00789	0.17391	0.00429
6	0.00908	0.00690	0.00824	0.00792	0.00909	0.00741	0.00565	0.01321	0.16343	0.01570	0.12929	0.03118	0.06295	0.29699	0.20414	0.00480	0.00695	0.00765	0.00422	0.00519
7	0.01011	0.00922	0.01535	0.59118	0.07185	0.01125	0.01374	0.01343	0.01071	0.01410	0.01089	0.01614	0.00878	0.01286	0.16448	0.00328	0.00886	0.00513	0.00258	0.00605
8	0.00826	0.00570	0.00856	0.00856	0.00934	0.00649	0.00649	0.00934	0.00856	0.01220	0.01377	0.02075	0.01298	0.03698	0.62776	0.17849	0.01279	0.00570	0.00285	0.00443
9	0.01146	0.01005	0.01179	0.16953	0.01768	0.01141	0.00908	0.02144	0.43805	0.01947	0.02755	0.02685	0.18530	0.00859	0.00582	0.00187	0.00464	0.00722	0.00488	0.00731
10	0.01127	0.00984	0.01253	0.16837	0.01824	0.00839	0.00836	0.01399	0.01140	0.01725	0.00984	0.01215	0.00804	0.00439	0.00439	0.00103	0.00477	0.00362	0.00311	0.66899
11	0.01796	0.01394	0.02244	0.06676	0.02275	0.06409	0.32917	0.13864	0.01598	0.22963	0.01423	0.01542	0.00989	0.00572	0.00594	0.00176	0.00745	0.00572	0.00435	0.00817
12	0.01479	0.01695	0.02598	0.02186	0.13336	0.18776	0.42819	0.01838	0.01350	0.01686	0.01040	0.01342	0.00816	0.00491	0.00588	0.00167	0.00875	0.00542	0.00284	0.06095
13	0.01250	0.06318	0.02263	0.18054	0.24476	0.01271	0.22913	0.01594	0.01229	0.03690	0.01300	0.07487	0.01150	0.00640	0.00589	0.00181	0.00714	0.03845	0.00307	0.00729
14	0.25522	0.04546	0.01082	0.00884	0.01160	0.01081	0.00702	0.18181	0.01488	0.07205	0.12584	0.19498	0.02101	0.00924	0.00533	0.00180	0.00431	0.00753	0.00486	0.00659

[dist]
# distance from previous block
# <min> <max>
0	5

[block]
# block no. 5 follows, 43 sequences, length 30
# corresponding to MSA columns:
# 467-496
name=unknown_F
#
# <colnr> <probs for GDERKNQSTAVLIFYWHMCP>
#	G	D	E	R	K	N	Q	S	T	A	V	L	I	F	Y	W	H	M	C	P
0	0.28555	0.07518	0.04505	0.01211	0.03231	0.29839	0.02902	0.01960	0.06394	0.03789	0.00963	0.01094	0.00768	0.00574	0.00516	0.00162	0.04645	0.00377	0.00325	0.00671
1	0.00791	0.00520	0.00597	0.00638	0.00746	0.00482	0.00456	0.00965	0.01193	0.01721	0.11530	0.31090	0.19600	0.01262	0.00592	0.00182	0.00286	0.01097	0.25771	0.00482
2	0.11097	0.06828	0.24028	0.01308	0.05236	0.08524	0.01248	0.08199	0.01429	0.24919	0.01334	0.01345	0.00923	0.00584	0.00505	0.00166	0.00647	0.00441	0.00417	0.00821
3	0.01237	0.01986	0.29994	0.02063	0.02716	0.01359	0.48838	0.01767	0.01258	0.01767	0.01075	0.01377	0.00790	0.00488	0.00608	0.00183	0.00892	0.00566	0.00263	0.00773
4	0.01046	0.00984	0.01661	0.79205	0.03814	0.01230	0.01538	0.01415	0.01107	0.01415	0.00984	0.01477	0.00738	0.00554	0.00554	0.00185	0.00738	0.00492	0.00246	0.00615
5	0.00684	0.00531	0.00623	0.00666	0.00783	0.00470	0.00474	0.00827	0.01234	0.01585	0.16465	0.34373	0.36330	0.01487	0.00675	0.00200	0.00293	0.01299	0.00530	0.00470
6	0.00665	0.00538	0.00592	0.00628	0.00767	0.00464	0.00452	0.00797	0.01215	0.01500	0.07583	0.27305	0.52579	0.01490	0.00670	0.00198	0.00292	0.01282	0.00518	0.00464
7	0.01230	0.01172	0.01993	0.36284	0.45298	0.01279	0.01630	0.01576	0.01194	0.01638	0.01017	0.01417	0.00817	0.00520	0.00551	0.00173	0.00693	0.00493	0.00262	0.00764
8	0.00803	0.00578	0.00774	0.00813	0.00930	0.00550	0.00644	0.01036	0.01392	0.01904	0.40155	0.15313	0.05960	0.01355	0.00698	0.00209	0.00354	0.25464	0.00561	0.00507
9	0.01092	0.01366	0.24215	0.01037	0.01422	0.00875	0.01050	0.01612	0.09816	0.08375	0.39160	0.02815	0.03132	0.00868	0.00597	0.00176	0.00468	0.00742	0.00497	0.00687
10	0.01264	0.26192	0.37948	0.01322	0.01889	0.01617	0.01489	0.01812	0.09533	0.01633	0.01038	0.01189	0.00818	0.00585	0.00622	0.00167	0.09433	0.00408	0.00273	0.00769
11	0.01161	0.01057	0.01757	0.11982	0.43397	0.01080	0.02883	0.01465	0.01252	0.01735	0.06613	0.07874	0.01732	0.00803	0.00605	0.00187	0.00599	0.12741	0.00349	0.00727
12	0.05857	0.03522	0.12557	0.01297	0.01765	0.01216	0.13350	0.15300	0.08672	0.10792	0.09825	0.01729	0.01455	0.00635	0.00547	0.00164	0.00591	0.00553	0.00441	0.09733
13	0.01003	0.00956	0.04853	0.01030	0.01299	0.00891	0.09170	0.01652	0.22689	0.02024	0.28725	0.06515	0.14925	0.00988	0.00624	0.00184	0.00421	0.00877	0.00522	0.00651
14	0.01481	0.80869	0.02902	0.00948	0.01421	0.02191	0.00948	0.01658	0.01125	0.01303	0.00770	0.00888	0.00711	0.00474	0.00355	0.00118	0.00592	0.00296	0.00237	0.00711
15	0.01148	0.00984	0.01148	0.00820	0.01312	0.00738	0.00656	0.01395	0.01148	0.01805	0.00984	0.01148	0.00820	0.00410	0.00410	0.00082	0.00410	0.00328	0.00328	0.83922
16	0.00706	0.00504	0.00678	0.00807	0.00852	0.00477	0.00568	0.00825	0.01091	0.01448	0.03035	0.69665	0.03595	0.01706	0.00715	0.00229	0.00348	0.11779	0.00514	0.00458
17	0.01428	0.36123	0.33080	0.01284	0.01867	0.14501	0.01415	0.01789	0.01217	0.01495	0.00875	0.01021	0.00707	0.00511	0.00449	0.00146	0.00752	0.00352	0.00244	0.00743
18	0.01017	0.00834	0.01002	0.00776	0.01138	0.00661	0.00608	0.01269	0.01299	0.01954	0.28216	0.02222	0.02403	0.00670	0.00497	0.00115	0.00357	0.00570	0.00429	0.53963
19	0.01897	0.01327	0.01480	0.01119	0.01573	0.01347	0.00918	0.46793	0.02093	0.12054	0.01342	0.01349	0.00962	0.00600	0.00516	0.00144	0.00540	0.00460	0.00510	0.22975
20	0.01367	0.01381	0.02024	0.22282	0.50153	0.09941	0.01588	0.01685	0.01257	0.01659	0.01006	0.01356	0.00824	0.00517	0.00544	0.00167	0.00716	0.00478	0.00268	0.00785
21	0.00821	0.00601	0.00718	0.00697	0.00728	0.00641	0.00452	0.00866	0.00868	0.01163	0.02069	0.03477	0.10252	0.57773	0.09641	0.00506	0.07195	0.00799	0.00344	0.00388
22	0.01206	0.01168	0.02045	0.40534	0.34908	0.01281	0.07749	0.01566	0.01189	0.01613	0.01020	0.01433	0.00806	0.00521	0.00560	0.00176	0.00720	0.00506	0.00261	0.00738
23	0.01398	0.01522	0.01669	0.01448	0.01510	0.18339	0.01181	0.01524	0.01005	0.01338	0.00755	0.01165	0.00724	0.00883	0.01531	0.00221	0.62466	0.00457	0.00252	0.00614
24	0.01356	0.01301	0.02222	0.06792	0.73802	0.01312	0.01692	0.01687	0.01254	0.01792	0.01039	0.01375	0.00871	0.00496	0.00549	0.00165	0.00662	0.00493	0.00273	0.00866
25	0.01272	0.01215	0.02070	0.26430	0.54822	0.01290	0.01651	0.01613	0.01214	0.01690	0.01024	0.01403	0.00835	0.00512	0.00550	0.00171	0.00682	0.00493	0.00266	0.00798
26	0.00975	0.00586	0.00772	0.00800	0.00929	0.00536	0.00593	0.01137	0.01258	0.12521	0.14919	0.42196	0.09643	0.01437	0.00679	0.00209	0.00351	0.09364	0.00554	0.00541
27	0.01148	0.00984	0.01148	0.00820	0.01312	0.00738	0.00656	0.01395	0.01148	0.01805	0.00984	0.01148	0.00820	0.00410	0.00410	0.00082	0.00410	0.00328	0.00328	0.83922
28	0.02237	0.01598	0.01553	0.01257	0.01645	0.28703	0.07108	0.02447	0.01556	0.43802	0.01619	0.01534	0.01090	0.00626	0.00544	0.00162	0.00699	0.00493	0.00508	0.00818
29	0.01677	0.01024	0.01099	0.00916	0.01230	0.09436	0.00722	0.05143	0.01525	0.32128	0.16220	0.05886	0.11963	0.00870	0.00575	0.00165	0.00461	0.00719	0.00561	0.07678

[dist]
# distance from previous block
# <min> <max>
0	1

[block]
# block no. 6 follows, 43 sequences, length 14
# corresponding to MSA columns:
# 498-511
name=unknown_G
#
# <colnr> <probs for GDERKNQSTAVLIFYWHMCP>
#	G	D	E	R	K	N	Q	S	T	A	V	L	I	F	Y	W	H	M	C	P
0	0.01541	0.01141	0.01742	0.11722	0.35113	0.01102	0.01272	0.04205	0.01331	0.17414	0.01269	0.01445	0.00953	0.00530	0.00524	0.00152	0.00579	0.00474	0.00375	0.17118
1	0.14427	0.01672	0.01220	0.01053	0.01367	0.35047	0.00796	0.01764	0.01275	0.04283	0.01031	0.01377	0.00906	0.10437	0.00743	0.00182	0.00691	0.00404	0.00325	0.21000
2	0.02105	0.01551	0.01662	0.01274	0.01717	0.01717	0.01053	0.75235	0.02604	0.03490	0.01330	0.01330	0.00942	0.00665	0.00554	0.00166	0.00609	0.00499	0.00554	0.00942
3	0.01148	0.00984	0.01148	0.00820	0.01312	0.00738	0.00656	0.01395	0.01148	0.01805	0.00984	0.01148	0.00820	0.00410	0.00410	0.00082	0.00410	0.00328	0.00328	0.83922
4	0.01313	0.29501	0.04454	0.00923	0.01410	0.05284	0.00829	0.01543	0.01163	0.01602	0.00902	0.01049	0.00772	0.00445	0.00399	0.00101	0.00519	0.00321	0.00290	0.47180
5	0.01096	0.00808	0.01045	0.00864	0.01178	0.00724	0.00685	0.01318	0.01069	0.07517	0.01299	0.01660	0.01113	0.02085	0.34833	0.00446	0.00889	0.00463	0.00342	0.40568
6	0.01253	0.00981	0.01159	0.00833	0.01320	0.00744	0.00669	0.01497	0.01183	0.07746	0.01079	0.01206	0.00864	0.00432	0.00422	0.00089	0.00415	0.00346	0.00356	0.77406
7	0.00720	0.00539	0.00669	0.00689	0.00802	0.00487	0.00497	0.00902	0.01340	0.01803	0.37503	0.28089	0.21167	0.01382	0.00670	0.00193	0.00284	0.01218	0.00558	0.00487
8	0.00788	0.00632	0.01008	0.01004	0.01117	0.00597	0.09837	0.00955	0.01125	0.01497	0.02794	0.58784	0.03238	0.01545	0.00709	0.00225	0.00427	0.12737	0.00484	0.00496
9	0.01138	0.01111	0.01681	0.35785	0.02496	0.01491	0.01356	0.01369	0.00963	0.01369	0.00841	0.01329	0.00732	0.00786	0.01259	0.00217	0.44735	0.00488	0.00244	0.00610
10	0.02105	0.01551	0.01662	0.01274	0.01717	0.01717	0.01053	0.75235	0.02604	0.03490	0.01330	0.01330	0.00942	0.00665	0.00554	0.00166	0.00609	0.00499	0.00554	0.00942
11	0.01148	0.00984	0.01148	0.00820	0.01312	0.00738	0.00656	0.01395	0.01148	0.01805	0.00984	0.01148	0.00820	0.00410	0.00410	0.00082	0.00410	0.00328	0.00328	0.83922
12	0.01333	0.01197	0.01232	0.01032	0.01409	0.05503	0.00807	0.02334	0.44375	0.02074	0.01709	0.01669	0.01316	0.00616	0.00504	0.00146	0.00460	0.00502	0.00461	0.31322
13	0.01046	0.00984	0.01661	0.79205	0.03814	0.01230	0.01538	0.01415	0.01107	0.01415	0.00984	0.01477	0.00738	0.00554	0.00554	0.00185	0.00738	0.00492	0.00246	0.00615

[dist]
# distance from previous block
# <min> <max>
0	39

[block]
# block no. 7 follows, 43 sequences, length 42
# corresponding to MSA columns:
# 551-592
name=unknown_H
#
# <colnr> <probs for GDERKNQSTAVLIFYWHMCP>
#	G	D	E	R	K	N	Q	S	T	A	V	L	I	F	Y	W	H	M	C	P
0	0.01371	0.01316	0.02248	0.03399	0.77081	0.01316	0.01700	0.01700	0.01261	0.01809	0.01042	0.01371	0.00877	0.00493	0.00548	0.00164	0.00658	0.00493	0.00274	0.00877
1	0.00676	0.00494	0.00636	0.00743	0.00797	0.00454	0.00503	0.00783	0.01101	0.01449	0.05647	0.68564	0.12769	0.01675	0.00699	0.00219	0.00314	0.01507	0.00517	0.00454
2	0.01586	0.01626	0.01348	0.01217	0.01522	0.24552	0.00935	0.02723	0.53636	0.02027	0.01833	0.01745	0.01396	0.00697	0.00544	0.00174	0.00607	0.00545	0.00480	0.00806
3	0.01306	0.01228	0.02179	0.02614	0.43955	0.01209	0.17757	0.01700	0.05372	0.04427	0.01426	0.11630	0.01291	0.00669	0.00593	0.00179	0.00657	0.00678	0.00337	0.00795
4	0.01194	0.06723	0.50387	0.01816	0.05095	0.01369	0.22121	0.01752	0.01208	0.01737	0.01018	0.01250	0.00747	0.00506	0.00553	0.00175	0.00832	0.00473	0.00248	0.00795
5	0.01303	0.43358	0.38855	0.01251	0.01891	0.01756	0.01476	0.01704	0.01146	0.01520	0.00878	0.01023	0.00706	0.00499	0.00438	0.00146	0.00701	0.00351	0.00235	0.00763
6	0.01213	0.02153	0.39045	0.01971	0.02655	0.01346	0.39954	0.01764	0.01241	0.01764	0.01060	0.01338	0.00774	0.00495	0.00592	0.00181	0.00878	0.00536	0.00258	0.00781
7	0.01537	0.05061	0.14548	0.01637	0.11195	0.15685	0.10766	0.03644	0.01371	0.12789	0.01513	0.07608	0.01319	0.00739	0.00576	0.00178	0.00714	0.08001	0.00378	0.00741
8	0.01640	0.32004	0.22691	0.01231	0.01750	0.18793	0.01256	0.01941	0.01295	0.11155	0.01031	0.01116	0.00793	0.00537	0.00460	0.00146	0.00729	0.00374	0.00304	0.00754
9	0.00962	0.00481	0.00722	0.00722	0.00722	0.00481	0.00481	0.00722	0.00722	0.00962	0.00962	0.01684	0.00962	0.01924	0.02165	0.83886	0.00481	0.00481	0.00241	0.00241
10	0.01363	0.01338	0.02375	0.03267	0.67834	0.01326	0.10846	0.01709	0.01267	0.01805	0.01052	0.01386	0.00873	0.00490	0.00561	0.00167	0.00692	0.00513	0.00275	0.00861
11	0.00670	0.00555	0.00589	0.00612	0.00777	0.00475	0.00458	0.00811	0.01238	0.01495	0.05144	0.14710	0.63681	0.01451	0.00667	0.00195	0.00298	0.05190	0.00514	0.00468
12	0.01148	0.00984	0.01148	0.00820	0.01312	0.00738	0.00656	0.01395	0.01148	0.01805	0.00984	0.01148	0.00820	0.00410	0.00410	0.00082	0.00410	0.00328	0.00328	0.83922
13	0.01148	0.00984	0.01148	0.00820	0.01312	0.00738	0.00656	0.01395	0.01148	0.01805	0.00984	0.01148	0.00820	0.00410	0.00410	0.00082	0.00410	0.00328	0.00328	0.83922
14	0.01190	0.00668	0.00684	0.00627	0.00803	0.00693	0.00485	0.12143	0.01373	0.02274	0.01737	0.01957	0.01349	0.00648	0.00412	0.00135	0.00310	0.00514	0.71420	0.00579
15	0.00755	0.00565	0.00701	0.00667	0.00810	0.00510	0.00500	0.00990	0.01501	0.02061	0.61128	0.04399	0.20987	0.01192	0.00654	0.00177	0.00266	0.01038	0.00589	0.00510
16	0.02105	0.01551	0.01662	0.01274	0.01717	0.01717	0.01053	0.75235	0.02604	0.03490	0.01330	0.01330	0.00942	0.00665	0.00554	0.00166	0.00609	0.00499	0.00554	0.00942
17	0.02069	0.02640	0.01569	0.01427	0.01712	0.78313	0.01070	0.02212	0.01569	0.01355	0.00856	0.00999	0.00713	0.00571	0.00499	0.00143	0.00999	0.00357	0.00285	0.00642
18	0.00962	0.00481	0.00722	0.00722	0.00722	0.00481	0.00481	0.00722	0.00722	0.00962	0.00962	0.01684	0.00962	0.01924	0.02165	0.83886	0.00481	0.00481	0.00241	0.00241
19	0.01371	0.01316	0.02248	0.03399	0.77081	0.01316	0.01700	0.01700	0.01261	0.01809	0.01042	0.01371	0.00877	0.00493	0.00548	0.00164	0.00658	0.00493	0.00274	0.00877
20	0.02069	0.02640	0.01569	0.01427	0.01712	0.78313	0.01070	0.02212	0.01569	0.01355	0.00856	0.00999	0.00713	0.00571	0.00499	0.00143	0.00999	0.00357	0.00285	0.00642
21	0.01734	0.02043	0.02298	0.01858	0.04837	0.38407	0.31494	0.07363	0.01527	0.01700	0.01006	0.01239	0.00788	0.00532	0.00568	0.00163	0.00932	0.00494	0.00302	0.00715
22	0.01371	0.01316	0.02248	0.03399	0.77081	0.01316	0.01700	0.01700	0.01261	0.01809	0.01042	0.01371	0.00877	0.00493	0.00548	0.00164	0.00658	0.00493	0.00274	0.00877
23	0.84448	0.01071	0.00814	0.00728	0.01071	0.01242	0.00600	0.01628	0.00943	0.02485	0.00771	0.00900	0.00600	0.00514	0.00343	0.00171	0.00428	0.00300	0.00343	0.00600
24	0.00791	0.00593	0.00890	0.00890	0.00989	0.00692	0.00692	0.00989	0.00890	0.01286	0.01483	0.02176	0.01385	0.04154	0.78341	0.00890	0.01483	0.00593	0.00297	0.00494
25	0.01710	0.01887	0.01405	0.01271	0.01571	0.38374	0.00970	0.02591	0.40250	0.01854	0.01582	0.01553	0.01221	0.00665	0.00533	0.00166	0.00708	0.00497	0.00430	0.00764
26	0.00656	0.00555	0.00568	0.00578	0.00753	0.00466	0.00428	0.00793	0.01246	0.01489	0.05404	0.11364	0.70956	0.01429	0.00659	0.00190	0.00284	0.01202	0.00514	0.00466
27	0.01315	0.00979	0.01165	0.00841	0.01325	0.00748	0.00676	0.01557	0.01203	0.11236	0.01134	0.01240	0.00889	0.00444	0.00428	0.00093	0.00418	0.00357	0.00373	0.73578
28	0.00671	0.00498	0.00626	0.00727	0.00792	0.00454	0.00495	0.00776	0.01102	0.01431	0.03585	0.64592	0.18902	0.01666	0.00696	0.00217	0.00313	0.01490	0.00514	0.00454
29	0.01481	0.80869	0.02902	0.00948	0.01421	0.02191	0.00948	0.01658	0.01125	0.01303	0.00770	0.00888	0.00711	0.00474	0.00355	0.00118	0.00592	0.00296	0.00237	0.00711
30	0.01371	0.01316	0.02248	0.03399	0.77081	0.01316	0.01700	0.01700	0.01261	0.01809	0.01042	0.01371	0.00877	0.00493	0.00548	0.00164	0.00658	0.00493	0.00274	0.00877
31	0.01046	0.00984	0.01661	0.79205	0.03814	0.01230	0.01538	0.01415	0.01107	0.01415	0.00984	0.01477	0.00738	0.00554	0.00554	0.00185	0.00738	0.00492	0.00246	0.00615
32	0.00701	0.00551	0.00633	0.00638	0.00783	0.00484	0.00469	0.00876	0.01336	0.01729	0.29246	0.15913	0.41950	0.01360	0.00662	0.00188	0.00280	0.01172	0.00546	0.00484
33	0.01459	0.01423	0.03012	0.02160	0.02703	0.01325	0.65482	0.01893	0.01343	0.11548	0.01258	0.01544	0.00909	0.00495	0.00641	0.00185	0.00874	0.00641	0.00332	0.00772
34	0.02302	0.01235	0.01466	0.01124	0.01560	0.01248	0.00929	0.37580	0.02075	0.41892	0.01774	0.01618	0.01165	0.00676	0.00556	0.00169	0.00538	0.00529	0.00622	0.00942
35	0.01481	0.80869	0.02902	0.00948	0.01421	0.02191	0.00948	0.01658	0.01125	0.01303	0.00770	0.00888	0.00711	0.00474	0.00355	0.00118	0.00592	0.00296	0.00237	0.00711
36	0.44604	0.01458	0.01055	0.00968	0.01249	0.24359	0.00758	0.01689	0.01122	0.01929	0.00925	0.01159	0.00775	0.01185	0.14403	0.00292	0.00790	0.00370	0.00317	0.00594
37	0.01196	0.01138	0.01932	0.44157	0.37689	0.01270	0.01613	0.01547	0.01178	0.01597	0.01011	0.01428	0.00803	0.00526	0.00551	0.00175	0.00701	0.00493	0.00259	0.00736
38	0.01484	0.01600	0.01918	0.21292	0.38467	0.22539	0.01487	0.01772	0.01309	0.01588	0.00977	0.01294	0.00798	0.00529	0.00536	0.00163	0.00772	0.00455	0.00270	0.00749
39	0.00679	0.00484	0.00641	0.00766	0.00797	0.00453	0.00508	0.00772	0.01052	0.01403	0.03010	0.77669	0.03609	0.04315	0.00776	0.00235	0.00328	0.01549	0.00508	0.00446
40	0.01652	0.02004	0.02322	0.08095	0.02400	0.38373	0.33557	0.01955	0.01417	0.01544	0.00982	0.01254	0.00771	0.00524	0.00571	0.00165	0.00949	0.00498	0.00280	0.00686
41	0.01572	0.26631	0.18212	0.01420	0.01906	0.25555	0.10345	0.03494	0.01321	0.01522	0.00898	0.01074	0.00731	0.00531	0.00513	0.00150	0.02750	0.00392	0.00264	0.00719

[dist]
# distance from previous block
# <min> <max>
0	30

[block]
# block no. 8 follows, 43 sequences, length 59
# corresponding to MSA columns:
# 623-681
name=unknown_I
#
# <colnr> <probs for GDERKNQSTAVLIFYWHMCP>
#	G	D	E	R	K	N	Q	S	T	A	V	L	I	F	Y	W	H	M	C	P
0	0.00780	0.00563	0.00737	0.00699	0.00827	0.00520	0.00522	0.01036	0.01551	0.02195	0.74410	0.06591	0.05175	0.01152	0.00655	0.00176	0.00263	0.01020	0.00607	0.00520
1	0.01222	0.01578	0.25965	0.01183	0.01594	0.01136	0.01194	0.18950	0.01496	0.02103	0.12495	0.03726	0.03324	0.04183	0.13382	0.00307	0.04455	0.00608	0.00392	0.00708
2	0.00711	0.00563	0.00639	0.00620	0.00782	0.00491	0.00465	0.00903	0.01395	0.01810	0.36425	0.04814	0.45847	0.01286	0.00654	0.00181	0.00272	0.01096	0.00556	0.00491
3	0.02069	0.02640	0.01569	0.01427	0.01712	0.78313	0.01070	0.02212	0.01569	0.01355	0.00856	0.00999	0.00713	0.00571	0.00499	0.00143	0.00999	0.00357	0.00285	0.00642
4	0.01290	0.39209	0.40389	0.01309	0.01958	0.01712	0.03890	0.01710	0.01153	0.01544	0.00894	0.01049	0.00710	0.00500	0.00451	0.00149	0.00717	0.00364	0.00237	0.00766
5	0.01571	0.01696	0.02053	0.02833	0.55457	0.23408	0.01519	0.01847	0.01350	0.01679	0.00988	0.01264	0.00830	0.00516	0.00534	0.00158	0.00756	0.00454	0.00277	0.00810
6	0.00805	0.00537	0.00604	0.00604	0.00604	0.00537	0.00336	0.00805	0.00805	0.01074	0.01745	0.03624	0.02013	0.80536	0.02819	0.00537	0.00537	0.00805	0.00336	0.00336
7	0.02485	0.00943	0.01285	0.00985	0.01414	0.00814	0.00814	0.02699	0.01585	0.77465	0.02185	0.01885	0.01371	0.00685	0.00557	0.00171	0.00471	0.00557	0.00685	0.00943
8	0.01620	0.01245	0.01545	0.01264	0.01483	0.01498	0.01043	0.28943	0.01647	0.09401	0.09053	0.01625	0.01339	0.00846	0.01106	0.00200	0.34399	0.00551	0.00439	0.00754
9	0.00695	0.00490	0.00637	0.00746	0.00773	0.00463	0.00487	0.00776	0.01022	0.01362	0.02854	0.68568	0.03413	0.13683	0.01027	0.00272	0.00354	0.01458	0.00487	0.00433
10	0.10727	0.01501	0.01573	0.01217	0.01650	0.01668	0.01005	0.67528	0.02430	0.03385	0.01271	0.01285	0.00906	0.00649	0.00532	0.00167	0.00590	0.00478	0.00532	0.00906
11	0.01111	0.02865	0.77667	0.01579	0.02397	0.01286	0.02046	0.01754	0.01169	0.01754	0.00994	0.01169	0.00702	0.00526	0.00526	0.00175	0.00818	0.00409	0.00234	0.00818
12	0.01632	0.00995	0.01241	0.01041	0.01333	0.01062	0.00841	0.26101	0.01626	0.20184	0.01600	0.01825	0.01234	0.02166	0.33911	0.00478	0.00951	0.00553	0.00475	0.00750
13	0.00675	0.00482	0.00643	0.00771	0.00803	0.00450	0.00514	0.00771	0.01060	0.01414	0.03053	0.80175	0.03663	0.01735	0.00707	0.00225	0.00321	0.01574	0.00514	0.00450
14	0.01068	0.00787	0.01016	0.00935	0.01094	0.00887	0.00724	0.16492	0.01238	0.01721	0.01484	0.02178	0.01370	0.12867	0.52738	0.00695	0.01184	0.00600	0.00355	0.00568
15	0.00714	0.00548	0.00653	0.00659	0.00792	0.00488	0.00482	0.00898	0.01355	0.01791	0.35651	0.18915	0.32355	0.01349	0.00664	0.00189	0.00280	0.01174	0.00555	0.00488
16	0.02485	0.00943	0.01285	0.00985	0.01414	0.00814	0.00814	0.02699	0.01585	0.77465	0.02185	0.01885	0.01371	0.00685	0.00557	0.00171	0.00471	0.00557	0.00685	0.00943
17	0.01111	0.02865	0.77667	0.01579	0.02397	0.01286	0.02046	0.01754	0.01169	0.01754	0.00994	0.01169	0.00702	0.00526	0.00526	0.00175	0.00818	0.00409	0.00234	0.00818
18	0.01185	0.01127	0.01913	0.46699	0.35232	0.01267	0.01607	0.01537	0.01173	0.01584	0.01009	0.01431	0.00798	0.00528	0.00551	0.00176	0.00704	0.00493	0.00258	0.00728
19	0.01452	0.01326	0.02185	0.02391	0.34238	0.01350	0.18928	0.06276	0.18448	0.05563	0.01408	0.01581	0.01081	0.00565	0.00578	0.00176	0.00662	0.00565	0.00377	0.00853
20	0.02485	0.00943	0.01285	0.00985	0.01414	0.00814	0.00814	0.02699	0.01585	0.77465	0.02185	0.01885	0.01371	0.00685	0.00557	0.00171	0.00471	0.00557	0.00685	0.00943
21	0.01046	0.00984	0.01661	0.79205	0.03814	0.01230	0.01538	0.01415	0.01107	0.01415	0.00984	0.01477	0.00738	0.00554	0.00554	0.00185	0.00738	0.00492	0.00246	0.00615
22	0.01111	0.02865	0.77667	0.01579	0.02397	0.01286	0.02046	0.01754	0.01169	0.01754	0.00994	0.01169	0.00702	0.00526	0.00526	0.00175	0.00818	0.00409	0.00234	0.00818
23	0.01111	0.02865	0.77667	0.01579	0.02397	0.01286	0.02046	0.01754	0.01169	0.01754	0.00994	0.01169	0.00702	0.00526	0.00526	0.00175	0.00818	0.00409	0.00234	0.00818
24	0.00698	0.00563	0.00621	0.00606	0.00774	0.00486	0.00455	0.00878	0.01364	0.01737	0.29295	0.04933	0.53022	0.01313	0.00654	0.00183	0.00274	0.01113	0.00546	0.00486
25	0.01167	0.01133	0.01998	0.49305	0.24851	0.01273	0.09271	0.01535	0.01173	0.01566	0.01015	0.01448	0.00789	0.00527	0.00563	0.00179	0.00736	0.00509	0.00258	0.00705
26	0.00762	0.00554	0.00737	0.00852	0.00939	0.00529	0.00660	0.00928	0.01170	0.01523	0.03270	0.41953	0.11118	0.01616	0.00725	0.00233	0.00395	0.31048	0.00512	0.00476
27	0.01046	0.00984	0.01661	0.79205	0.03814	0.01230	0.01538	0.01415	0.01107	0.01415	0.00984	0.01477	0.00738	0.00554	0.00554	0.00185	0.00738	0.00492	0.00246	0.00615
28	0.02069	0.02640	0.01569	0.01427	0.01712	0.78313	0.01070	0.02212	0.01569	0.01355	0.00856	0.00999	0.00713	0.00571	0.00499	0.00143	0.00999	0.00357	0.00285	0.00642
29	0.01532	0.06976	0.40761	0.01443	0.02043	0.15415	0.01564	0.18351	0.01555	0.02037	0.01026	0.01159	0.00759	0.00572	0.00547	0.00166	0.02562	0.00415	0.00316	0.00803
30	0.01054	0.00766	0.05170	0.00730	0.00986	0.00592	0.00611	0.01265	0.01386	0.15981	0.20627	0.04175	0.42234	0.01157	0.00628	0.00181	0.00343	0.00973	0.00552	0.00589
31	0.00964	0.00891	0.01348	0.01540	0.19248	0.00893	0.07107	0.01184	0.01212	0.01589	0.03207	0.08033	0.32503	0.01095	0.00765	0.00197	0.08748	0.08462	0.00409	0.00607
32	0.01263	0.01206	0.02053	0.28623	0.52703	0.01287	0.01646	0.01605	0.01210	0.01678	0.01023	0.01406	0.00831	0.00514	0.00550	0.00171	0.00685	0.00493	0.00265	0.00790
33	0.01345	0.01477	0.09319	0.02018	0.02544	0.01262	0.54746	0.01784	0.01315	0.08091	0.01388	0.01996	0.01118	0.00602	0.00646	0.00192	0.00841	0.08236	0.00334	0.00745
34	0.01292	0.01590	0.16688	0.02904	0.56489	0.01282	0.05165	0.01679	0.01238	0.01783	0.01110	0.04232	0.00944	0.00544	0.00555	0.00170	0.00689	0.00525	0.00276	0.00844
35	0.01371	0.01316	0.02248	0.03399	0.77081	0.01316	0.01700	0.01700	0.01261	0.01809	0.01042	0.01371	0.00877	0.00493	0.00548	0.00164	0.00658	0.00493	0.00274	0.00877
36	0.00673	0.00514	0.00620	0.00702	0.00792	0.00461	0.00490	0.00789	0.01137	0.01449	0.03959	0.51788	0.29667	0.01612	0.00690	0.00212	0.00311	0.03163	0.00514	0.00458
37	0.01317	0.01295	0.02311	0.13767	0.56446	0.01316	0.12032	0.01671	0.01246	0.01750	0.01045	0.01403	0.00853	0.00498	0.00564	0.00170	0.00708	0.00516	0.00271	0.00823
38	0.01122	0.02786	0.73390	0.01622	0.02426	0.01293	0.06244	0.01755	0.01177	0.01755	0.01001	0.01188	0.00710	0.00523	0.00534	0.00176	0.00825	0.00423	0.00237	0.00814
39	0.01622	0.06156	0.20004	0.02160	0.34096	0.01221	0.01495	0.01985	0.01321	0.22591	0.01329	0.01437	0.00962	0.00553	0.00534	0.00166	0.00641	0.00480	0.00376	0.00872
40	0.01170	0.02472	0.57100	0.01879	0.08982	0.01310	0.15769	0.01753	0.01203	0.01763	0.01022	0.01248	0.00743	0.00512	0.00552	0.00177	0.00826	0.00463	0.00246	0.00810
41	0.01150	0.01742	0.33073	0.01663	0.10900	0.01065	0.11015	0.01574	0.01217	0.06049	0.01647	0.14619	0.01553	0.00838	0.00605	0.00193	0.00677	0.09344	0.00349	0.00727
42	0.01238	0.01180	0.02008	0.34404	0.47115	0.01281	0.01634	0.01583	0.01198	0.01648	0.01018	0.01414	0.00820	0.00518	0.00551	0.00173	0.00691	0.00493	0.00263	0.00770
43	0.01111	0.02865	0.77667	0.01579	0.02397	0.01286	0.02046	0.01754	0.01169	0.01754	0.00994	0.01169	0.00702	0.00526	0.00526	0.00175	0.00818	0.00409	0.00234	0.00818
44	0.01505	0.10893	0.27439	0.01642	0.02191	0.26119	0.19027	0.01895	0.01326	0.01582	0.00956	0.01162	0.00739	0.00521	0.00530	0.00161	0.00879	0.00438	0.00262	0.00733
45	0.01072	0.01223	0.08659	0.01596	0.01996	0.01024	0.36792	0.01460	0.01362	0.01873	0.22589	0.02877	0.05496	0.00812	0.00654	0.00190	0.00663	0.08605	0.00403	0.00653
46	0.00675	0.00482	0.00643	0.00771	0.00803	0.00450	0.00514	0.00771	0.01060	0.01414	0.03053	0.80175	0.03663	0.01735	0.00707	0.00225	0.00321	0.01574	0.00514	0.00450
47	0.01117	0.01057	0.01789	0.62677	0.19789	0.01249	0.01573	0.01477	0.01141	0.01501	0.00997	0.01453	0.00769	0.00541	0.00553	0.00180	0.00721	0.00492	0.00252	0.00672
48	0.01711	0.01897	0.08364	0.01552	0.05366	0.34171	0.14159	0.01968	0.01415	0.12256	0.01373	0.10683	0.01187	0.00700	0.00564	0.00168	0.00800	0.00594	0.00363	0.00707
49	0.00675	0.00482	0.00643	0.00771	0.00803	0.00450	0.00514	0.00771	0.01060	0.01414	0.03053	0.80175	0.03663	0.01735	0.00707	0.00225	0.00321	0.01574	0.00514	0.00450
50	0.02485	0.00943	0.01285	0.00985	0.01414	0.00814	0.00814	0.02699	0.01585	0.77465	0.02185	0.01885	0.01371	0.00685	0.00557	0.00171	0.00471	0.00557	0.00685	0.00943
51	0.01700	0.00779	0.00975	0.00803	0.01128	0.00665	0.00645	0.01882	0.01447	0.44889	0.03654	0.03362	0.33740	0.00993	0.00599	0.00178	0.00389	0.00819	0.00612	0.00739
52	0.01294	0.01400	0.02867	0.10626	0.19908	0.01363	0.50640	0.01720	0.01276	0.01745	0.01088	0.01464	0.00838	0.00482	0.00619	0.00181	0.00850	0.00600	0.00275	0.00763
53	0.02485	0.00943	0.01285	0.00985	0.01414	0.00814	0.00814	0.02699	0.01585	0.77465	0.02185	0.01885	0.01371	0.00685	0.00557	0.00171	0.00471	0.00557	0.00685	0.00943
54	0.01046	0.00984	0.01661	0.79205	0.03814	0.01230	0.01538	0.01415	0.01107	0.01415	0.00984	0.01477	0.00738	0.00554	0.00554	0.00185	0.00738	0.00492	0.00246	0.00615
55	0.01546	0.01574	0.19301	0.08040	0.28689	0.01192	0.09216	0.01937	0.01311	0.19803	0.01307	0.01468	0.00940	0.00549	0.00557	0.00172	0.00685	0.00506	0.00362	0.00846
56	0.01111	0.02865	0.77667	0.01579	0.02397	0.01286	0.02046	0.01754	0.01169	0.01754	0.00994	0.01169	0.00702	0.00526	0.00526	0.00175	0.00818	0.00409	0.00234	0.00818
57	0.01185	0.01127	0.01913	0.46699	0.35232	0.01267	0.01607	0.01537	0.01173	0.01584	0.01009	0.01431	0.00798	0.00528	0.00551	0.00176	0.00704	0.00493	0.00258	0.00728
58	0.32356	0.01165	0.01196	0.00989	0.01321	0.01301	0.00809	0.25186	0.01566	0.11539	0.01500	0.05156	0.05340	0.00731	0.00599	0.00179	0.07352	0.00520	0.00460	0.00736

[dist]
# distance from previous block
# <min> <max>
4	183

[block]
# block no. 9 follows, 43 sequences, length 17
# corresponding to MSA columns:
# 865-881
name=unknown_J
#
# <colnr> <probs for GDERKNQSTAVLIFYWHMCP>
#	G	D	E	R	K	N	Q	S	T	A	V	L	I	F	Y	W	H	M	C	P
0	0.01749	0.01243	0.01724	0.05612	0.04167	0.01292	0.12695	0.29131	0.07706	0.16247	0.04243	0.04166	0.01415	0.00734	0.00592	0.00181	0.00604	0.05159	0.00508	0.00831
1	0.00941	0.00593	0.00712	0.00693	0.00862	0.00522	0.00518	0.01071	0.01263	0.11349	0.12629	0.17168	0.38205	0.01379	0.00773	0.06774	0.00332	0.03174	0.00526	0.00516
2	0.01356	0.01351	0.23368	0.00999	0.01440	0.00815	0.01023	0.01669	0.01338	0.24986	0.05189	0.04987	0.27319	0.00926	0.00588	0.00179	0.00497	0.00764	0.00488	0.00718
