[name]
unknown

[dist]
# distance from previous block
# <min> <max>
1	61

[block]
# block no. 0 follows, 37 sequences, length 35
# corresponding to MSA columns:
# 173-196,206-216
name=unknown_A
#
# <colnr> <probs for GDERKNQSTAVLIFYWHMCP>
#	G	D	E	R	K	N	Q	S	T	A	V	L	I	F	Y	W	H	M	C	P
0	0.08736	0.06409	0.04260	0.04045	0.09367	0.09829	0.06172	0.07193	0.01520	0.09070	0.05203	0.04150	0.04953	0.00703	0.00564	0.00167	0.00645	0.00580	0.00424	0.16008
1	0.00995	0.06970	0.16878	0.01014	0.01300	0.00972	0.00951	0.01230	0.01183	0.01584	0.05357	0.13186	0.17640	0.20762	0.01379	0.00306	0.06353	0.00935	0.00411	0.00594
2	0.01371	0.07647	0.01400	0.00983	0.01382	0.01001	0.04394	0.08804	0.01545	0.09362	0.06333	0.05673	0.22433	0.00929	0.00597	0.00164	0.00477	0.00776	0.00498	0.24231
3	0.01588	0.37523	0.06178	0.03309	0.21306	0.01935	0.01377	0.01851	0.01267	0.05387	0.01021	0.01261	0.00875	0.00627	0.00714	0.00172	0.12034	0.00442	0.00299	0.00835
4	0.01686	0.73127	0.03097	0.01087	0.01595	0.07975	0.01058	0.01879	0.01281	0.01445	0.00858	0.00991	0.00786	0.00532	0.00405	0.00133	0.00689	0.00332	0.00266	0.00780
5	0.08615	0.01541	0.01812	0.01390	0.01873	0.01650	0.06451	0.47659	0.04835	0.15581	0.01598	0.01577	0.01111	0.00712	0.00603	0.00188	0.00653	0.00562	0.00596	0.00993
6	0.01189	0.01149	0.08635	0.01177	0.06801	0.00983	0.00906	0.06851	0.13727	0.04054	0.13707	0.03579	0.20870	0.12472	0.01024	0.00256	0.00503	0.00889	0.00521	0.00707
7	0.00852	0.00625	0.00798	0.00755	0.00906	0.00571	0.00566	0.01127	0.01699	0.02375	0.67525	0.04704	0.12647	0.01281	0.00722	0.00194	0.00291	0.01126	0.00663	0.00571
8	0.01814	0.16166	0.05276	0.01282	0.01668	0.22940	0.01069	0.02487	0.23407	0.09241	0.01736	0.07355	0.01435	0.00779	0.00569	0.00180	0.00708	0.00599	0.00460	0.00829
9	0.01527	0.19543	0.38174	0.01896	0.15663	0.01598	0.01781	0.02010	0.01347	0.09279	0.01187	0.01345	0.00889	0.00580	0.00547	0.00177	0.00777	0.00458	0.00318	0.00904
10	0.02151	0.01670	0.01732	0.01682	0.12529	0.15520	0.01175	0.19663	0.15173	0.19767	0.01735	0.01702	0.01247	0.00710	0.00603	0.00184	0.00692	0.00562	0.00547	0.00955
11	0.10026	0.55548	0.02680	0.01122	0.01597	0.13619	0.01035	0.05339	0.01378	0.01699	0.00896	0.01025	0.00786	0.00555	0.00426	0.00144	0.00706	0.00349	0.00299	0.00774
12	0.00746	0.00533	0.00710	0.00852	0.00888	0.00497	0.00568	0.00852	0.01172	0.01563	0.03374	0.78088	0.04049	0.01918	0.00781	0.00249	0.00355	0.01740	0.00568	0.00497
13	0.01054	0.00953	0.01456	0.30225	0.15840	0.01028	0.01221	0.01367	0.02732	0.01688	0.02832	0.14075	0.21016	0.01048	0.00666	0.00207	0.00590	0.00924	0.00408	0.00669
14	0.00890	0.00593	0.00668	0.00668	0.00668	0.00593	0.00371	0.00890	0.00890	0.01187	0.01929	0.04006	0.02225	0.78487	0.03116	0.00593	0.00593	0.00890	0.00371	0.00371
15	0.00877	0.00644	0.00925	0.00925	0.01014	0.00733	0.00692	0.01055	0.00966	0.01378	0.01693	0.02702	0.01659	0.18304	0.62525	0.00911	0.01445	0.00699	0.00336	0.00514
16	0.00874	0.00656	0.00984	0.00984	0.01093	0.00765	0.00765	0.01093	0.00984	0.01421	0.01640	0.02405	0.01530	0.04591	0.76062	0.00984	0.01640	0.00656	0.00328	0.00547
17	0.01523	0.13276	0.14705	0.23544	0.12517	0.09075	0.06962	0.07902	0.01470	0.01887	0.01093	0.01397	0.00850	0.00590	0.00576	0.00182	0.00828	0.00496	0.00309	0.00817
18	0.01919	0.02059	0.02001	0.08689	0.25069	0.32134	0.01449	0.12914	0.01731	0.02023	0.01098	0.01343	0.00887	0.00634	0.00634	0.00177	0.03563	0.00484	0.00352	0.00839
19	0.00754	0.00561	0.00683	0.00775	0.00851	0.00512	0.00522	0.00863	0.01201	0.01548	0.03947	0.52435	0.21697	0.09432	0.00999	0.00272	0.00367	0.01542	0.00549	0.00490
20	0.01009	0.00596	0.00690	0.00690	0.00784	0.00620	0.00486	0.01198	0.01104	0.01775	0.01898	0.02807	0.01750	0.24006	0.18015	0.00460	0.00675	0.00682	0.40246	0.00508
21	0.01269	0.01088	0.01269	0.00907	0.01451	0.00816	0.00725	0.01541	0.01269	0.01995	0.01088	0.01269	0.00907	0.00453	0.00453	0.00091	0.00453	0.00363	0.00363	0.82229
22	0.00819	0.00603	0.00678	0.00681	0.00775	0.00558	0.00449	0.00923	0.01210	0.01565	0.14419	0.10318	0.27321	0.35020	0.01769	0.00376	0.00434	0.01123	0.00498	0.00461
23	0.15185	0.08494	0.04487	0.10321	0.11774	0.25781	0.01233	0.03264	0.04611	0.01916	0.01060	0.01269	0.00855	0.00593	0.00522	0.00168	0.00786	0.00431	0.00335	0.06914
24	0.01306	0.34498	0.31154	0.01243	0.01858	0.01674	0.01418	0.01697	0.01291	0.01676	0.01941	0.02015	0.14446	0.00737	0.00529	0.00170	0.00689	0.00556	0.00317	0.00783
25	0.00765	0.00554	0.00727	0.00858	0.00916	0.00516	0.00596	0.00890	0.01209	0.01592	0.03576	0.66557	0.09313	0.01871	0.00782	0.00248	0.00370	0.07588	0.00568	0.00504
26	0.09504	0.01036	0.01323	0.01103	0.01398	0.01095	0.08035	0.17997	0.01652	0.02463	0.10565	0.02496	0.07846	0.01577	0.15374	0.00339	0.00739	0.00698	0.14052	0.00707
27	0.01591	0.01720	0.01988	0.25253	0.28870	0.22796	0.01562	0.01897	0.01430	0.01703	0.01178	0.05058	0.01017	0.00655	0.00601	0.00185	0.00845	0.00558	0.00310	0.00785
28	0.01063	0.00532	0.00797	0.00797	0.00797	0.00532	0.00532	0.00797	0.00797	0.01063	0.01063	0.01861	0.01063	0.02127	0.02392	0.82190	0.00532	0.00532	0.00266	0.00266
29	0.00756	0.00551	0.00712	0.00821	0.00885	0.00507	0.00559	0.00886	0.01252	0.01663	0.10949	0.63359	0.11218	0.01813	0.00769	0.00239	0.00344	0.01631	0.00579	0.00507
30	0.06250	0.01944	0.01659	0.01390	0.01792	0.23075	0.01100	0.33354	0.18248	0.02834	0.01516	0.01522	0.01134	0.00718	0.00585	0.00182	0.00745	0.00526	0.00517	0.00910
31	0.00874	0.00656	0.00984	0.00984	0.01093	0.00765	0.00765	0.01093	0.00984	0.01421	0.01640	0.02405	0.01530	0.04591	0.76062	0.00984	0.01640	0.00656	0.00328	0.00547
32	0.05295	0.02015	0.23167	0.15798	0.30710	0.08889	0.01830	0.01893	0.01352	0.01890	0.01090	0.01406	0.00854	0.00577	0.00584	0.00187	0.00820	0.00493	0.00290	0.00859
33	0.07478	0.12590	0.01727	0.01327	0.01650	0.47087	0.01032	0.02145	0.01574	0.05312	0.04882	0.07883	0.01344	0.00760	0.00550	0.00167	0.00867	0.00543	0.00374	0.00709
34	0.16842	0.29651	0.07196	0.01218	0.01737	0.01887	0.04456	0.22042	0.01687	0.02460	0.01075	0.01191	0.00848	0.00592	0.00484	0.00163	0.00651	0.00421	0.00391	0.05009

[dist]
# distance from previous block
# <min> <max>
5	20

[block]
# block no. 1 follows, 37 sequences, length 6
# corresponding to MSA columns:
# 237-242
name=unknown_B
#
# <colnr> <probs for GDERKNQSTAVLIFYWHMCP>
#	G	D	E	R	K	N	Q	S	T	A	V	L	I	F	Y	W	H	M	C	P
0	0.00948	0.00691	0.00844	0.00834	0.00965	0.00636	0.00590	0.01071	0.01112	0.01527	0.02310	0.18392	0.02592	0.35042	0.01754	0.00377	0.00517	0.14328	0.00445	0.15023
1	0.01605	0.01322	0.01412	0.01230	0.01583	0.01502	0.00967	0.15423	0.54285	0.02782	0.08991	0.02352	0.02084	0.00853	0.00630	0.00202	0.00500	0.00706	0.00626	0.00945
2	0.01052	0.00741	0.01009	0.01259	0.13991	0.00744	0.00763	0.01286	0.01228	0.01868	0.02381	0.14692	0.08384	0.05525	0.12724	0.00329	0.00609	0.00847	0.29957	0.00611
3	0.01332	0.01658	0.15314	0.09304	0.35462	0.01379	0.10021	0.01745	0.01341	0.01880	0.01645	0.01941	0.08451	0.00688	0.00708	0.00196	0.05139	0.00626	0.00318	0.00852
4	0.01492	0.01322	0.02037	0.39846	0.25563	0.01492	0.01652	0.15299	0.01594	0.02139	0.01181	0.01565	0.00907	0.00615	0.00610	0.00193	0.00761	0.00546	0.00347	0.00839
5	0.10606	0.15789	0.16308	0.01409	0.01946	0.14414	0.07868	0.09174	0.04117	0.02096	0.01125	0.01283	0.00880	0.00589	0.00523	0.00166	0.00764	0.00446	0.02473	0.08026

[dist]
# distance from previous block
# <min> <max>
0	18

[block]
# block no. 2 follows, 37 sequences, length 11
# corresponding to MSA columns:
# 261-271
name=unknown_C
#
# <colnr> <probs for GDERKNQSTAVLIFYWHMCP>
#	G	D	E	R	K	N	Q	S	T	A	V	L	I	F	Y	W	H	M	C	P
0	0.07958	0.10834	0.02277	0.01584	0.02054	0.07488	0.21446	0.18151	0.04266	0.07579	0.01683	0.01980	0.04979	0.00722	0.00613	0.00190	0.00751	0.04158	0.00448	0.00839
1	0.27868	0.24133	0.01970	0.01298	0.06773	0.10698	0.01023	0.15872	0.01571	0.02383	0.01006	0.01135	0.00810	0.00594	0.00466	0.00167	0.00659	0.00396	0.00378	0.00801
2	0.04606	0.16592	0.05971	0.01993	0.22641	0.01504	0.07229	0.02200	0.08938	0.16271	0.05029	0.01732	0.01343	0.00647	0.00574	0.00179	0.00652	0.00561	0.00436	0.00902
3	0.01632	0.23437	0.29822	0.01429	0.02057	0.06665	0.01525	0.14335	0.09591	0.02175	0.01239	0.01336	0.00946	0.00623	0.00538	0.00174	0.00763	0.00458	0.00365	0.00890
4	0.01279	0.12602	0.66327	0.01658	0.02515	0.01546	0.02110	0.01925	0.01286	0.01876	0.01068	0.01254	0.00777	0.00574	0.00558	0.00186	0.00873	0.00437	0.00259	0.00890
5	0.00788	0.00616	0.00673	0.00670	0.00811	0.00560	0.00471	0.00916	0.01254	0.01567	0.09193	0.05048	0.45565	0.21826	0.07076	0.00366	0.00484	0.01127	0.00506	0.00485
6	0.00881	0.00632	0.00862	0.00862	0.00929	0.00699	0.00613	0.01015	0.00948	0.01331	0.01751	0.03022	0.01798	0.33074	0.47945	0.00833	0.01236	0.00746	0.00344	0.00479
7	0.00927	0.00711	0.00876	0.00939	0.01089	0.00703	0.00735	0.01318	0.10364	0.01869	0.09945	0.25447	0.17154	0.01581	0.00766	0.00241	0.00424	0.23739	0.00583	0.00588
8	0.01156	0.01088	0.01836	0.77016	0.04216	0.01360	0.01700	0.01564	0.01224	0.01564	0.01088	0.01632	0.00816	0.00612	0.00612	0.00204	0.00816	0.00544	0.00272	0.00680
9	0.01063	0.00532	0.00797	0.00797	0.00797	0.00532	0.00532	0.00797	0.00797	0.01063	0.01063	0.01861	0.01063	0.02127	0.02392	0.82190	0.00532	0.00532	0.00266	0.00266
10	0.01166	0.01220	0.02454	0.01868	0.02278	0.01135	0.44018	0.01526	0.01365	0.01815	0.02435	0.22869	0.10935	0.01024	0.00738	0.00218	0.00759	0.01069	0.00412	0.00698

[dist]
# distance from previous block
# <min> <max>
1	37

[block]
# block no. 3 follows, 37 sequences, length 12
# corresponding to MSA columns:
# 309-320
name=unknown_D
#
# <colnr> <probs for GDERKNQSTAVLIFYWHMCP>
#	G	D	E	R	K	N	Q	S	T	A	V	L	I	F	Y	W	H	M	C	P
0	0.00875	0.00596	0.00710	0.00722	0.00739	0.00606	0.00436	0.00911	0.00927	0.01249	0.02024	0.10472	0.02305	0.62685	0.11710	0.00610	0.00698	0.00938	0.00383	0.00403
1	0.08882	0.06874	0.17661	0.09705	0.08927	0.17485	0.01446	0.05665	0.01443	0.01932	0.01192	0.01670	0.01008	0.00685	0.00616	0.00184	0.03587	0.05405	0.00334	0.05300
2	0.11074	0.01668	0.01537	0.01300	0.01695	0.12261	0.01032	0.27077	0.30587	0.02881	0.01731	0.01687	0.01291	0.00739	0.00582	0.00190	0.00637	0.00560	0.00548	0.00922
3	0.01266	0.00874	0.01066	0.00938	0.01158	0.00872	0.00720	0.09187	0.01562	0.09979	0.20523	0.13104	0.14746	0.07159	0.00985	0.00231	0.07263	0.00981	0.00562	0.06825
4	0.01442	0.33226	0.28064	0.08054	0.02130	0.06522	0.01488	0.01813	0.01267	0.01640	0.01020	0.01254	0.00830	0.00655	0.00601	0.04712	0.00765	0.00415	0.03326	0.00776
5	0.06112	0.02160	0.25443	0.01986	0.07029	0.08188	0.23111	0.07479	0.01508	0.06537	0.01215	0.01445	0.00896	0.00603	0.00668	0.00195	0.03666	0.00549	0.00347	0.00864
6	0.00838	0.00581	0.00723	0.00789	0.00826	0.00562	0.00518	0.00927	0.01113	0.01491	0.08212	0.34346	0.03347	0.35046	0.01794	0.00397	0.00471	0.07074	0.00490	0.00454
7	0.01336	0.01262	0.02181	0.13749	0.44066	0.01305	0.07890	0.01675	0.01289	0.01805	0.01265	0.01837	0.01104	0.07022	0.09316	0.00309	0.00860	0.00600	0.00307	0.00821
8	0.01574	0.16120	0.21128	0.02108	0.13466	0.13936	0.19374	0.01999	0.01410	0.01791	0.01072	0.01329	0.00847	0.00557	0.00582	0.00178	0.00897	0.00502	0.00288	0.00841
9	0.01272	0.01480	0.13787	0.16791	0.21967	0.01279	0.01500	0.01931	0.15057	0.02012	0.08098	0.08803	0.01783	0.00805	0.00632	0.00200	0.00655	0.00715	0.00407	0.00825
10	0.00744	0.00541	0.00702	0.00831	0.00882	0.00499	0.00559	0.00855	0.01193	0.01571	0.03637	0.71356	0.10610	0.01883	0.00776	0.00245	0.00351	0.01698	0.00568	0.00499
11	0.00946	0.00676	0.00940	0.01120	0.08786	0.00675	0.00718	0.01164	0.01275	0.01867	0.14206	0.29909	0.03081	0.01911	0.14152	0.00344	0.00601	0.01093	0.15954	0.00584

[dist]
# distance from previous block
# <min> <max>
0	3

[block]
# block no. 4 follows, 37 sequences, length 23
# corresponding to MSA columns:
# 324-333,453-465
name=unknown_E
#
# <colnr> <probs for GDERKNQSTAVLIFYWHMCP>
#	G	D	E	R	K	N	Q	S	T	A	V	L	I	F	Y	W	H	M	C	P
0	0.09424	0.27018	0.08712	0.01411	0.05550	0.20292	0.01204	0.11683	0.01611	0.06307	0.01088	0.01200	0.00861	0.00603	0.00502	0.00162	0.00770	0.00414	0.00365	0.00825
1	0.01077	0.00869	0.01012	0.08871	0.01373	0.03776	0.00750	0.06641	0.07937	0.01838	0.09239	0.29889	0.06339	0.16190	0.01168	0.00291	0.00506	0.01134	0.00507	0.00593
2	0.00988	0.00704	0.00859	0.00798	0.00962	0.00686	0.00598	0.04215	0.05913	0.02424	0.55490	0.04100	0.06284	0.04863	0.00799	0.00208	0.00331	0.01004	0.08165	0.00608
3	0.01242	0.00945	0.01069	0.00822	0.01240	0.00773	0.00648	0.01577	0.04216	0.02102	0.01412	0.01608	0.01141	0.00545	0.00453	0.00111	0.00405	0.00437	0.24343	0.54912
4	0.00935	0.00784	0.00977	0.00925	0.00999	0.00889	0.00685	0.01042	0.01088	0.01451	0.03060	0.10655	0.23879	0.23482	0.07428	0.00394	0.19408	0.00986	0.00420	0.00513
5	0.01515	0.01454	0.02485	0.03757	0.74669	0.01454	0.01879	0.01879	0.01394	0.02000	0.01151	0.01515	0.00970	0.00545	0.00606	0.00182	0.00727	0.00545	0.00303	0.00970
6	0.00875	0.00598	0.00678	0.00674	0.00703	0.00586	0.00397	0.00914	0.01006	0.01340	0.08952	0.04201	0.08022	0.65515	0.02713	0.00527	0.00544	0.00941	0.00414	0.00401
7	0.01637	0.78856	0.03208	0.01047	0.01571	0.02422	0.01047	0.01833	0.01244	0.01440	0.00851	0.00982	0.00786	0.00524	0.00393	0.00131	0.00655	0.00327	0.00262	0.00786
8	0.00742	0.00617	0.00625	0.00625	0.00809	0.00525	0.00454	0.00880	0.01338	0.01601	0.05720	0.05679	0.66292	0.10213	0.00993	0.00250	0.00342	0.01247	0.00546	0.00500
9	0.82811	0.01184	0.00900	0.00805	0.01184	0.01373	0.00663	0.01799	0.01042	0.02746	0.00852	0.00994	0.00663	0.00568	0.00379	0.00189	0.00474	0.00331	0.00379	0.00663
10	0.02746	0.01042	0.01421	0.01089	0.01563	0.00900	0.00900	0.02983	0.01752	0.75093	0.02415	0.02083	0.01515	0.00758	0.00616	0.00189	0.00521	0.00616	0.00758	0.01042
11	0.00808	0.00623	0.00737	0.00708	0.00878	0.00553	0.00531	0.01041	0.01594	0.02125	0.46337	0.05114	0.33990	0.01374	0.00723	0.00198	0.00298	0.01183	0.00631	0.00553
12	0.00874	0.00656	0.00984	0.00984	0.01093	0.00765	0.00765	0.01093	0.00984	0.01421	0.01640	0.02405	0.01530	0.04591	0.76062	0.00984	0.01640	0.00656	0.00328	0.00547
13	0.02196	0.02354	0.01718	0.01484	0.01854	0.44573	0.01149	0.22916	0.11657	0.02325	0.01304	0.01368	0.01006	0.00688	0.00579	0.00172	0.00896	0.00480	0.00443	0.00840
14	0.00966	0.00817	0.01073	0.04336	0.10382	0.03652	0.00818	0.01159	0.01241	0.01643	0.08817	0.22306	0.13571	0.08066	0.17899	0.00416	0.00746	0.01056	0.00452	0.00584
15	0.01363	0.01118	0.01408	0.04284	0.08081	0.00899	0.00877	0.01647	0.01304	0.05772	0.01163	0.01348	0.00940	0.00484	0.00482	0.00109	0.00496	0.00399	0.00374	0.67451
16	0.00815	0.00611	0.00755	0.00746	0.00890	0.00552	0.00549	0.01046	0.01573	0.02137	0.47982	0.15213	0.22051	0.01417	0.00731	0.00204	0.00303	0.01240	0.00634	0.00552
17	0.02124	0.01470	0.01636	0.01298	0.01719	0.01597	0.01056	0.54518	0.02485	0.10327	0.01748	0.08679	0.01397	0.01104	0.05668	0.00244	0.00694	0.00674	0.00603	0.00958
18	0.01235	0.01783	0.21347	0.01919	0.02435	0.01330	0.32989	0.01682	0.01302	0.01828	0.01601	0.17245	0.01519	0.00872	0.00817	0.00218	0.07922	0.00845	0.00346	0.00764
19	0.01379	0.01261	0.02099	0.03080	0.55767	0.01261	0.01649	0.01721	0.01398	0.01957	0.01690	0.02903	0.01627	0.00840	0.00668	0.00208	0.00685	0.18572	0.00370	0.00865
20	0.01573	0.49214	0.10770	0.01397	0.01940	0.02085	0.12276	0.05513	0.01350	0.01719	0.00992	0.01190	0.00838	0.00571	0.00557	0.00159	0.04588	0.00429	0.02032	0.00807
21	0.01340	0.01187	0.01848	0.01472	0.01833	0.01189	0.22488	0.14096	0.10175	0.02248	0.02674	0.18099	0.13230	0.01050	0.00692	0.00209	0.00622	0.00981	0.03814	0.00754
22	0.01734	0.01510	0.01953	0.02283	0.30528	0.05421	0.01375	0.24102	0.05415	0.02459	0.01354	0.01748	0.01137	0.08358	0.00978	0.00231	0.07519	0.00580	0.00421	0.00893

[dist]
# distance from previous block
# <min> <max>
0	11

[block]
# block no. 5 follows, 37 sequences, length 97
# corresponding to MSA columns:
# 477-573
name=unknown_F
#
# <colnr> <probs for GDERKNQSTAVLIFYWHMCP>
#	G	D	E	R	K	N	Q	S	T	A	V	L	I	F	Y	W	H	M	C	P
0	0.08383	0.28900	0.02016	0.01251	0.06441	0.01676	0.00983	0.12783	0.10222	0.02141	0.01619	0.14825	0.01537	0.00841	0.00539	0.00176	0.00566	0.00671	0.00430	0.03998
1	0.14462	0.13457	0.01392	0.01091	0.06185	0.03859	0.00798	0.04230	0.01348	0.09035	0.02625	0.17707	0.15550	0.04799	0.00713	0.00213	0.00506	0.00876	0.00472	0.00681
2	0.00890	0.00593	0.00668	0.00668	0.00668	0.00593	0.00371	0.00890	0.00890	0.01187	0.01929	0.04006	0.02225	0.78487	0.03116	0.00593	0.00593	0.00890	0.00371	0.00371
3	0.01304	0.01222	0.01848	0.21965	0.21537	0.01447	0.01453	0.01782	0.10850	0.01790	0.01445	0.09019	0.01307	0.00861	0.00965	0.00218	0.19178	0.00678	0.00355	0.00775
4	0.01577	0.01147	0.01538	0.01125	0.01654	0.00939	0.07964	0.01937	0.04862	0.15768	0.01420	0.01510	0.01070	0.00535	0.00519	0.00126	0.00526	0.00462	0.00444	0.54877
5	0.03673	0.01136	0.13360	0.01066	0.01377	0.00816	0.06002	0.01320	0.01509	0.02159	0.40037	0.07224	0.10430	0.01343	0.05619	0.00249	0.00544	0.00963	0.00532	0.00641
6	0.01410	0.01891	0.14950	0.02448	0.03112	0.01528	0.61348	0.01957	0.01421	0.01957	0.01216	0.01594	0.00905	0.00526	0.00700	0.00204	0.01012	0.00680	0.00302	0.00838
7	0.01374	0.01311	0.02230	0.32505	0.47022	0.01417	0.01809	0.01755	0.01327	0.01829	0.01127	0.01561	0.00909	0.00572	0.00608	0.00191	0.00762	0.00545	0.00291	0.00856
8	0.01228	0.03166	0.75316	0.01745	0.02649	0.01422	0.02262	0.01939	0.01292	0.01939	0.01099	0.01292	0.00775	0.00582	0.00582	0.00194	0.00905	0.00452	0.00258	0.00905
9	0.00744	0.00541	0.00702	0.00831	0.00882	0.00499	0.00559	0.00855	0.01192	0.01571	0.03630	0.71536	0.10435	0.01884	0.00776	0.00245	0.00351	0.01699	0.00568	0.00499
10	0.00815	0.00624	0.00748	0.00717	0.00883	0.00556	0.00537	0.01056	0.01612	0.02169	0.50028	0.05043	0.30273	0.01358	0.00723	0.00198	0.00296	0.01173	0.00636	0.00556
11	0.00890	0.00593	0.00668	0.00668	0.00668	0.00593	0.00371	0.00890	0.00890	0.01187	0.01929	0.04006	0.02225	0.78487	0.03116	0.00593	0.00593	0.00890	0.00371	0.00371
12	0.01637	0.78856	0.03208	0.01047	0.01571	0.02422	0.01047	0.01833	0.01244	0.01440	0.00851	0.00982	0.00786	0.00524	0.00393	0.00131	0.00655	0.00327	0.00262	0.00786
13	0.00723	0.00620	0.00620	0.00620	0.00827	0.00517	0.00465	0.00878	0.01395	0.01654	0.06201	0.05891	0.74421	0.01550	0.00723	0.00207	0.00310	0.01292	0.00568	0.00517
14	0.01637	0.78856	0.03208	0.01047	0.01571	0.02422	0.01047	0.01833	0.01244	0.01440	0.00851	0.00982	0.00786	0.00524	0.00393	0.00131	0.00655	0.00327	0.00262	0.00786
15	0.00969	0.00699	0.00961	0.01093	0.01238	0.00692	0.00951	0.01242	0.01408	0.01820	0.03442	0.06836	0.08348	0.01681	0.00837	0.00277	0.00546	0.65836	0.00564	0.00560
16	0.02207	0.12237	0.01915	0.01512	0.01853	0.66996	0.01166	0.02369	0.01674	0.01491	0.00935	0.01089	0.00788	0.00618	0.00532	0.00154	0.01049	0.00386	0.00309	0.00719
17	0.01637	0.78856	0.03208	0.01047	0.01571	0.02422	0.01047	0.01833	0.01244	0.01440	0.00851	0.00982	0.00786	0.00524	0.00393	0.00131	0.00655	0.00327	0.00262	0.00786
18	0.00874	0.00656	0.00984	0.00984	0.01093	0.00765	0.00765	0.01093	0.00984	0.01421	0.01640	0.02405	0.01530	0.04591	0.76062	0.00984	0.01640	0.00656	0.00328	0.00547
19	0.01637	0.78856	0.03208	0.01047	0.01571	0.02422	0.01047	0.01833	0.01244	0.01440	0.00851	0.00982	0.00786	0.00524	0.00393	0.00131	0.00655	0.00327	0.00262	0.00786
20	0.01618	0.65836	0.09240	0.01200	0.01753	0.05134	0.04596	0.01872	0.01276	0.01509	0.00894	0.01045	0.00792	0.00532	0.00431	0.00141	0.00711	0.00359	0.00266	0.00795
21	0.00762	0.00613	0.00669	0.00673	0.00839	0.00539	0.00490	0.00919	0.01361	0.01695	0.13615	0.10778	0.52111	0.08135	0.03833	0.00271	0.00386	0.01245	0.00555	0.00511
22	0.01156	0.01088	0.01836	0.77016	0.04216	0.01360	0.01700	0.01564	0.01224	0.01564	0.01088	0.01632	0.00816	0.00612	0.00612	0.00204	0.00816	0.00544	0.00272	0.00680
23	0.01523	0.01315	0.01384	0.01246	0.01592	0.01523	0.00969	0.03253	0.73563	0.02561	0.02491	0.02284	0.01869	0.00830	0.00623	0.00208	0.00484	0.00692	0.00623	0.00969
24	0.01141	0.00571	0.00571	0.00571	0.00713	0.00571	0.00428	0.01426	0.01284	0.02282	0.01997	0.02282	0.01569	0.00713	0.00428	0.00143	0.00285	0.00571	0.81886	0.00571
25	0.01141	0.00571	0.00571	0.00571	0.00713	0.00571	0.00428	0.01426	0.01284	0.02282	0.01997	0.02282	0.01569	0.00713	0.00428	0.00143	0.00285	0.00571	0.81886	0.00571
26	0.01811	0.01578	0.01879	0.04859	0.16419	0.09781	0.05685	0.15864	0.24246	0.07377	0.01736	0.01856	0.01321	0.00717	0.00619	0.00192	0.00688	0.01942	0.00498	0.00931
27	0.01543	0.62093	0.15540	0.04829	0.01884	0.02199	0.01288	0.01838	0.01251	0.01532	0.00905	0.01067	0.00785	0.00538	0.00436	0.00145	0.00705	0.00359	0.00262	0.00801
28	0.01515	0.01454	0.02485	0.03757	0.74669	0.01454	0.01879	0.01879	0.01394	0.02000	0.01151	0.01515	0.00970	0.00545	0.00606	0.00182	0.00727	0.00545	0.00303	0.00970
29	0.01479	0.01456	0.02192	0.21110	0.42132	0.06517	0.04033	0.01995	0.09349	0.01920	0.01273	0.01605	0.01018	0.00598	0.00610	0.00189	0.00758	0.00557	0.00332	0.00877
30	0.00816	0.00619	0.00751	0.00727	0.00886	0.00555	0.00542	0.01054	0.01601	0.02162	0.49711	0.08526	0.27062	0.01377	0.00725	0.00200	0.00299	0.01195	0.00636	0.00555
31	0.01141	0.00571	0.00571	0.00571	0.00713	0.00571	0.00428	0.01426	0.01284	0.02282	0.01997	0.02282	0.01569	0.00713	0.00428	0.00143	0.00285	0.00571	0.81886	0.00571
32	0.01586	0.07108	0.12328	0.05671	0.32896	0.09576	0.08572	0.08090	0.01534	0.02026	0.01330	0.01587	0.03739	0.00613	0.00599	0.00182	0.00800	0.00548	0.00332	0.00883
33	0.01254	0.01142	0.01883	0.02773	0.49671	0.01130	0.01435	0.01531	0.01319	0.01852	0.01904	0.27459	0.02013	0.01010	0.00665	0.00204	0.00601	0.00950	0.00393	0.00810
34	0.01141	0.00571	0.00571	0.00571	0.00713	0.00571	0.00428	0.01426	0.01284	0.02282	0.01997	0.02282	0.01569	0.00713	0.00428	0.00143	0.00285	0.00571	0.81886	0.00571
35	0.01063	0.00532	0.00797	0.00797	0.00797	0.00532	0.00532	0.00797	0.00797	0.01063	0.01063	0.01861	0.01063	0.02127	0.02392	0.82190	0.00532	0.00532	0.00266	0.00266
36	0.01337	0.01175	0.01939	0.31333	0.28642	0.01275	0.03826	0.01750	0.04830	0.05391	0.01541	0.11407	0.01373	0.00770	0.00636	0.00201	0.00702	0.00714	0.00363	0.00797
37	0.00886	0.00608	0.00743	0.00743	0.00769	0.00634	0.00465	0.00939	0.00912	0.01243	0.01860	0.03624	0.02060	0.60878	0.20498	0.00686	0.00843	0.00834	0.00361	0.00413
38	0.00763	0.00577	0.00709	0.00796	0.00897	0.00522	0.00566	0.00907	0.01290	0.01664	0.08636	0.46908	0.25329	0.01750	0.00765	0.00235	0.00352	0.06248	0.00575	0.00513
39	0.01819	0.03386	0.09513	0.04646	0.07779	0.01459	0.01228	0.12697	0.31898	0.15994	0.01977	0.01904	0.01426	0.00737	0.00608	0.00195	0.00601	0.00605	0.00558	0.00969
40	0.00775	0.00604	0.00704	0.00717	0.00868	0.00533	0.00523	0.00965	0.01462	0.01901	0.28269	0.20174	0.37261	0.01526	0.00735	0.00211	0.00312	0.01322	0.00603	0.00533
41	0.08195	0.01051	0.01385	0.01070	0.01537	0.00932	0.00884	0.02903	0.01704	0.70169	0.02309	0.02009	0.01457	0.00745	0.00599	0.00189	0.00518	0.00596	0.00732	0.01016
42	0.01006	0.00675	0.00799	0.00766	0.00977	0.00594	0.00598	0.01221	0.01529	0.09695	0.24444	0.05228	0.39996	0.01398	0.00725	0.00209	0.00354	0.08575	0.00617	0.00594
43	0.01195	0.01402	0.15933	0.20285	0.07003	0.01126	0.01332	0.08445	0.01609	0.02238	0.29710	0.02689	0.02775	0.00863	0.00649	0.00194	0.00608	0.00746	0.00461	0.00738
44	0.00754	0.00543	0.00701	0.00823	0.00868	0.00505	0.00547	0.00857	0.01169	0.01544	0.03485	0.67708	0.09128	0.07102	0.00936	0.00269	0.00368	0.01649	0.00555	0.00490
45	0.00739	0.00558	0.00684	0.00785	0.00870	0.00503	0.00539	0.00860	0.01236	0.01589	0.04188	0.57295	0.24316	0.01812	0.00765	0.00237	0.00342	0.01611	0.00568	0.00503
46	0.01543	0.54636	0.06173	0.01116	0.01595	0.02084	0.01071	0.02067	0.15452	0.01683	0.01239	0.01350	0.01049	0.00864	0.05597	0.00207	0.00700	0.00427	0.00337	0.00811
47	0.01653	0.01356	0.06497	0.09859	0.04971	0.01356	0.01149	0.04507	0.40571	0.14589	0.02302	0.02210	0.04645	0.00793	0.00621	0.00201	0.00564	0.00662	0.00565	0.00927
48	0.02381	0.01305	0.01545	0.01219	0.01674	0.01332	0.00996	0.24931	0.15807	0.38858	0.02132	0.01929	0.01434	0.00764	0.00616	0.00191	0.00562	0.00610	0.00686	0.01028
49	0.00746	0.00533	0.00710	0.00852	0.00888	0.00497	0.00568	0.00852	0.01172	0.01563	0.03374	0.78088	0.04049	0.01918	0.00781	0.00249	0.00355	0.01740	0.00568	0.00497
50	0.01250	0.01256	0.04709	0.52206	0.06568	0.01431	0.04547	0.01842	0.11496	0.01749	0.01278	0.01688	0.00974	0.00665	0.00708	0.00207	0.05786	0.00568	0.00324	0.00747
51	0.01188	0.02695	0.59808	0.01652	0.02426	0.01304	0.06382	0.01824	0.01367	0.02016	0.11965	0.01801	0.01526	0.00677	0.00611	0.00194	0.00821	0.00566	0.00323	0.00851
52	0.01637	0.78856	0.03208	0.01047	0.01571	0.02422	0.01047	0.01833	0.01244	0.01440	0.00851	0.00982	0.00786	0.00524	0.00393	0.00131	0.00655	0.00327	0.00262	0.00786
53	0.00890	0.00593	0.00668	0.00668	0.00668	0.00593	0.00371	0.00890	0.00890	0.01187	0.01929	0.04006	0.02225	0.78487	0.03116	0.00593	0.00593	0.00890	0.00371	0.00371
54	0.48706	0.01259	0.01205	0.00990	0.01413	0.01374	0.00817	0.16374	0.01571	0.19094	0.01325	0.01333	0.00929	0.00644	0.00479	0.00188	0.00524	0.00439	0.00510	0.00824
55	0.00878	0.00594	0.00696	0.00707	0.00718	0.00600	0.00417	0.00903	0.00919	0.01234	0.02014	0.09427	0.02307	0.66900	0.08718	0.00599	0.00658	0.00935	0.00382	0.00394
56	0.01484	0.01862	0.16727	0.07509	0.28230	0.06484	0.18884	0.01934	0.01425	0.04365	0.04301	0.01633	0.01122	0.00593	0.00631	0.00191	0.00841	0.00586	0.00326	0.00871
57	0.01883	0.11248	0.05549	0.01564	0.01859	0.41965	0.03559	0.02078	0.01437	0.01521	0.00914	0.01179	0.00796	0.00729	0.00925	0.00187	0.21156	0.00437	0.00294	0.00721
58	0.00741	0.00612	0.00651	0.00660	0.00842	0.00521	0.00488	0.00906	0.01409	0.01731	0.13273	0.13062	0.59880	0.01555	0.00729	0.00209	0.00312	0.01317	0.00580	0.00521
59	0.00746	0.00533	0.00710	0.00852	0.00888	0.00497	0.00568	0.00852	0.01172	0.01563	0.03374	0.78088	0.04049	0.01918	0.00781	0.00249	0.00355	0.01740	0.00568	0.00497
60	0.01051	0.00536	0.00789	0.00789	0.00789	0.00536	0.00521	0.00804	0.00804	0.01072	0.01122	0.02007	0.01142	0.07323	0.02442	0.76637	0.00536	0.00556	0.00273	0.00273
61	0.00850	0.00620	0.00799	0.00765	0.00907	0.00569	0.00570	0.01118	0.01676	0.02347	0.65469	0.09236	0.10159	0.01312	0.00726	0.00197	0.00294	0.01159	0.00660	0.00569
62	0.00878	0.00642	0.00914	0.00914	0.00999	0.00727	0.00678	0.01048	0.00963	0.01369	0.01704	0.02759	0.01684	0.20957	0.59906	0.00897	0.01408	0.00708	0.00337	0.00508
63	0.02327	0.01715	0.01837	0.01408	0.01898	0.01898	0.01163	0.72628	0.02878	0.03858	0.01470	0.01470	0.01041	0.00735	0.00612	0.00184	0.00674	0.00551	0.00612	0.01041
64	0.82811	0.01184	0.00900	0.00805	0.01184	0.01373	0.00663	0.01799	0.01042	0.02746	0.00852	0.00994	0.00663	0.00568	0.00379	0.00189	0.00474	0.00331	0.00379	0.00663
65	0.01156	0.01088	0.01836	0.77016	0.04216	0.01360	0.01700	0.01564	0.01224	0.01564	0.01088	0.01632	0.00816	0.00612	0.00612	0.00204	0.00816	0.00544	0.00272	0.00680
66	0.01156	0.01088	0.01836	0.77016	0.04216	0.01360	0.01700	0.01564	0.01224	0.01564	0.01088	0.01632	0.00816	0.00612	0.00612	0.00204	0.00816	0.00544	0.00272	0.00680
67	0.82811	0.01184	0.00900	0.00805	0.01184	0.01373	0.00663	0.01799	0.01042	0.02746	0.00852	0.00994	0.00663	0.00568	0.00379	0.00189	0.00474	0.00331	0.00379	0.00663
68	0.00760	0.00622	0.00671	0.00659	0.00849	0.00532	0.00494	0.00950	0.01483	0.01861	0.23829	0.05550	0.56663	0.01473	0.00723	0.00203	0.00305	0.01244	0.00596	0.00532
69	0.01339	0.01339	0.01875	0.01607	0.01607	0.01875	0.01339	0.01473	0.00937	0.01473	0.00804	0.01339	0.00804	0.01071	0.02009	0.00268	0.77367	0.00536	0.00268	0.00670
70	0.01333	0.00627	0.00672	0.00633	0.00815	0.00610	0.00484	0.01613	0.01340	0.11000	0.02047	0.02258	0.01563	0.00718	0.00450	0.00148	0.00313	0.00576	0.72172	0.00627
71	0.01063	0.00532	0.00797	0.00797	0.00797	0.00532	0.00532	0.00797	0.00797	0.01063	0.01063	0.01861	0.01063	0.02127	0.02392	0.82190	0.00532	0.00532	0.00266	0.00266
72	0.00861	0.00625	0.00810	0.00764	0.00911	0.00575	0.00573	0.01144	0.01719	0.02423	0.71670	0.04624	0.08472	0.01263	0.00722	0.00193	0.00290	0.01114	0.00670	0.00575
73	0.01296	0.00616	0.00653	0.00621	0.00795	0.00602	0.00474	0.01577	0.01329	0.09331	0.02037	0.02263	0.01564	0.00717	0.00446	0.00147	0.00308	0.00575	0.74032	0.00616
74	0.01637	0.78856	0.03208	0.01047	0.01571	0.02422	0.01047	0.01833	0.01244	0.01440	0.00851	0.00982	0.00786	0.00524	0.00393	0.00131	0.00655	0.00327	0.00262	0.00786
75	0.01644	0.02035	0.27940	0.01651	0.08171	0.01498	0.01535	0.14410	0.24403	0.07875	0.01703	0.01712	0.01236	0.00696	0.00604	0.00195	0.00690	0.00565	0.00474	0.00964
76	0.07431	0.10759	0.02012	0.10435	0.14152	0.01740	0.01279	0.34090	0.05090	0.05232	0.01331	0.01460	0.00998	0.00657	0.00570	0.00181	0.00670	0.00516	0.00469	0.00928
77	0.02174	0.00874	0.01117	0.00904	0.01259	0.00782	0.00731	0.02428	0.01585	0.49109	0.02266	0.02154	0.01534	0.00742	0.00549	0.00173	0.00437	0.00600	0.29709	0.00874
78	0.01156	0.01088	0.01836	0.77016	0.04216	0.01360	0.01700	0.01564	0.01224	0.01564	0.01088	0.01632	0.00816	0.00612	0.00612	0.00204	0.00816	0.00544	0.00272	0.00680
79	0.01165	0.00980	0.04363	0.06336	0.01528	0.01019	0.03984	0.04067	0.01222	0.07071	0.02125	0.30714	0.02248	0.04630	0.11112	0.00349	0.14974	0.01032	0.00445	0.00636
80	0.00800	0.00589	0.00813	0.00895	0.00972	0.00602	0.00648	0.00956	0.01129	0.01529	0.02935	0.43560	0.07733	0.02839	0.27645	0.00510	0.00819	0.04026	0.00482	0.00519
81	0.01437	0.01214	0.01352	0.01063	0.01533	0.01145	0.00843	0.07400	0.26830	0.02332	0.01610	0.01641	0.01255	0.00607	0.00525	0.00139	0.00481	0.00493	0.00473	0.47629
82	0.01885	0.01633	0.01708	0.01416	0.01823	0.10528	0.05912	0.22813	0.37158	0.05558	0.01927	0.01860	0.01426	0.00755	0.00618	0.00194	0.00651	0.00615	0.00567	0.00951
83	0.01431	0.40726	0.39533	0.01399	0.02114	0.01918	0.01659	0.01886	0.01268	0.01691	0.00976	0.01138	0.00780	0.00553	0.00488	0.00163	0.00781	0.00390	0.00260	0.00846
84	0.20347	0.01201	0.01352	0.01071	0.01519	0.04035	0.00880	0.08304	0.01685	0.50521	0.01937	0.01756	0.01261	0.00709	0.00561	0.00188	0.00546	0.00539	0.00645	0.00945
85	0.01156	0.01088	0.01836	0.77016	0.04216	0.01360	0.01700	0.01564	0.01224	0.01564	0.01088	0.01632	0.00816	0.00612	0.00612	0.00204	0.00816	0.00544	0.00272	0.00680
86	0.11735	0.01035	0.01213	0.01005	0.01385	0.01003	0.00808	0.07546	0.08508	0.37856	0.02817	0.07689	0.12884	0.00942	0.00616	0.00197	0.00479	0.00765	0.00646	0.00871
87	0.02369	0.01261	0.01960	0.01467	0.01958	0.01187	0.16504	0.10669	0.01787	0.48601	0.01997	0.01895	0.01310	0.00713	0.00685	0.00195	0.03204	0.00629	0.00627	0.00982
88	0.00737	0.00567	0.00675	0.00761	0.00864	0.00505	0.00528	0.00863	0.01260	0.01598	0.04483	0.49757	0.31664	0.01774	0.00759	0.00232	0.00337	0.01564	0.00568	0.00505
89	0.01681	0.00796	0.01007	0.00853	0.01150	0.00703	0.00675	0.01923	0.01620	0.33402	0.21447	0.03450	0.16099	0.01025	0.00638	0.00187	0.00392	0.00860	0.11328	0.00764
90	0.01472	0.48356	0.32264	0.01328	0.02006	0.02019	0.01537	0.01875	0.01263	0.01641	0.00951	0.01107	0.00781	0.00547	0.00469	0.00156	0.00755	0.00378	0.00260	0.00834
91	0.00874	0.00656	0.00984	0.00984	0.01093	0.00765	0.00765	0.01093	0.00984	0.01421	0.01640	0.02405	0.01530	0.04591	0.76062	0.00984	0.01640	0.00656	0.00328	0.00547
92	0.00746	0.00533	0.00710	0.00852	0.00888	0.00497	0.00568	0.00852	0.01172	0.01563	0.03374	0.78088	0.04049	0.01918	0.00781	0.00249	0.00355	0.01740	0.00568	0.00497
93	0.02081	0.02485	0.01640	0.01488	0.01811	0.55936	0.01125	0.02662	0.21106	0.01785	0.01363	0.01422	0.01080	0.00685	0.00571	0.00171	0.00937	0.00475	0.00398	0.00780
94	0.00736	0.00571	0.00671	0.00751	0.00861	0.00506	0.00523	0.00864	0.01270	0.01602	0.04611	0.46483	0.34855	0.01757	0.00756	0.00230	0.00335	0.01544	0.00568	0.00506
95	0.00830	0.00574	0.00691	0.00745	0.00853	0.00529	0.00527	0.01010	0.01344	0.01873	0.17597	0.37123	0.17822	0.01518	0.00701	0.00212	0.00322	0.01337	0.13864	0.00529
96	0.07924	0.01500	0.01569	0.01292	0.01711	0.01694	0.01041	0.36873	0.33836	0.03205	0.01873	0.01793	0.01377	0.00765	0.00600	0.00195	0.00576	0.00597	0.00600	0.00981

[dist]
# distance from previous block
# <min> <max>
0	2

[block]
# block no. 6 follows, 37 sequences, length 11
# corresponding to MSA columns:
# 576-586
name=unknown_G
#
# <colnr> <probs for GDERKNQSTAVLIFYWHMCP>
#	G	D	E	R	K	N	Q	S	T	A	V	L	I	F	Y	W	H	M	C	P
0	0.01657	0.53050	0.16801	0.01249	0.01825	0.08570	0.01299	0.06258	0.01396	0.01689	0.00945	0.01082	0.00800	0.00557	0.00456	0.00149	0.00743	0.00371	0.00287	0.00817
1	0.20726	0.01529	0.02028	0.01606	0.02030	0.10456	0.25451	0.02165	0.15840	0.02236	0.05959	0.01930	0.01433	0.00694	0.00605	0.00199	0.00736	0.03180	0.00421	0.00777
2	0.01280	0.01286	0.02386	0.11415	0.18746	0.01327	0.26646	0.01640	0.01287	0.01767	0.01556	0.02061	0.05595	0.04969	0.09523	0.00313	0.06443	0.00683	0.00322	0.00755
3	0.01558	0.01192	0.01819	0.02392	0.37457	0.01193	0.01365	0.02060	0.10718	0.12740	0.09987	0.02696	0.02015	0.00832	0.00652	0.00200	0.00597	0.09159	0.00483	0.00887
4	0.01515	0.01454	0.02485	0.03757	0.74669	0.01454	0.01879	0.01879	0.01394	0.02000	0.01151	0.01515	0.00970	0.00545	0.00606	0.00182	0.00727	0.00545	0.00303	0.00970
5	0.01411	0.01334	0.02254	0.13311	0.58849	0.01366	0.01742	0.01774	0.01400	0.01981	0.07478	0.01795	0.01365	0.00615	0.00617	0.00186	0.00701	0.00594	0.00331	0.00897
6	0.00853	0.00625	0.00799	0.00756	0.00906	0.00572	0.00567	0.01129	0.01700	0.02378	0.67805	0.04699	0.12365	0.01280	0.00722	0.00194	0.00291	0.01125	0.00664	0.00572
7	0.02094	0.02090	0.01660	0.01437	0.01799	0.34055	0.01138	0.28876	0.06745	0.02499	0.01523	0.02024	0.01286	0.00812	0.00615	0.00186	0.00836	0.09013	0.00478	0.00834
8	0.00749	0.00560	0.00696	0.00792	0.00875	0.00507	0.00544	0.00879	0.01262	0.01643	0.08760	0.56090	0.20844	0.01786	0.00764	0.00235	0.00340	0.01592	0.00575	0.00507
9	0.01086	0.00813	0.01288	0.20049	0.10666	0.00903	0.01020	0.01189	0.01023	0.01387	0.01277	0.02063	0.01190	0.08679	0.17388	0.27704	0.00866	0.00594	0.00294	0.00522
10	0.55024	0.01178	0.01040	0.00901	0.01274	0.01314	0.00724	0.05377	0.10236	0.06225	0.01242	0.01425	0.00980	0.05154	0.00596	0.00209	0.00493	0.00436	0.00438	0.05735

[dist]
# distance from previous block
# <min> <max>
0	14

[block]
# block no. 7 follows, 37 sequences, length 30
# corresponding to MSA columns:
# 601-630
name=unknown_H
#
# <colnr> <probs for GDERKNQSTAVLIFYWHMCP>
#	G	D	E	R	K	N	Q	S	T	A	V	L	I	F	Y	W	H	M	C	P
0	0.01399	0.01153	0.01719	0.14688	0.30203	0.01189	0.01328	0.08745	0.01527	0.05690	0.02365	0.02672	0.15676	0.00838	0.00630	0.00192	0.00611	0.03295	0.05274	0.00803
1	0.01388	0.13237	0.29229	0.01860	0.16719	0.01505	0.01605	0.05473	0.09313	0.02105	0.10230	0.01812	0.01562	0.00683	0.00582	0.00183	0.00700	0.00564	0.00376	0.00874
2	0.01569	0.04096	0.04995	0.02443	0.23683	0.01509	0.25649	0.15808	0.01674	0.02290	0.01456	0.09225	0.01267	0.00711	0.00657	0.00196	0.00787	0.00717	0.00390	0.00879
3	0.01208	0.01128	0.01565	0.01356	0.01452	0.01452	0.01112	0.01381	0.00990	0.01523	0.01059	0.01612	0.01008	0.01926	0.21395	0.00435	0.47912	0.00546	0.00295	0.10643
4	0.01223	0.01037	0.01235	0.00916	0.01408	0.00810	0.00730	0.01488	0.01235	0.01927	0.01153	0.01404	0.00981	0.00944	0.09415	0.00197	0.00594	0.00397	0.00359	0.72547
5	0.01277	0.00773	0.00968	0.00948	0.01101	0.00762	0.00714	0.07510	0.01375	0.12162	0.02573	0.18024	0.02703	0.26180	0.01510	0.00354	0.00538	0.19394	0.00534	0.00599
6	0.00805	0.00616	0.00721	0.00706	0.00858	0.00550	0.00515	0.01006	0.01498	0.01982	0.37308	0.09103	0.32725	0.07793	0.00924	0.00234	0.00326	0.01198	0.00601	0.00532
7	0.01483	0.29146	0.31508	0.01401	0.02031	0.01641	0.05724	0.01898	0.01317	0.08741	0.01365	0.08672	0.01174	0.00703	0.00546	0.00177	0.00735	0.00564	0.00340	0.00832
8	0.01156	0.01088	0.01836	0.77016	0.04216	0.01360	0.01700	0.01564	0.01224	0.01564	0.01088	0.01632	0.00816	0.00612	0.00612	0.00204	0.00816	0.00544	0.00272	0.00680
9	0.02396	0.00986	0.01273	0.01003	0.01411	0.00892	0.00820	0.06817	0.01724	0.56097	0.02274	0.02087	0.01498	0.00747	0.00577	0.00180	0.00482	0.00603	0.17186	0.00946
10	0.00889	0.00600	0.00699	0.00699	0.00710	0.00611	0.00411	0.00911	0.00900	0.01210	0.01900	0.03845	0.02156	0.71059	0.10448	0.00633	0.00699	0.00867	0.00367	0.00389
11	0.01640	0.28681	0.11425	0.06137	0.01829	0.05690	0.01203	0.11638	0.01502	0.05205	0.01207	0.01392	0.00961	0.00656	0.00628	0.00169	0.07486	0.00456	0.11299	0.00797
12	0.00791	0.00643	0.00715	0.00719	0.00896	0.00582	0.00534	0.01033	0.04567	0.01786	0.15399	0.14192	0.48264	0.01699	0.05153	0.00255	0.00398	0.01256	0.00572	0.00545
13	0.01593	0.00703	0.00810	0.00716	0.00952	0.00663	0.00561	0.01864	0.01415	0.22768	0.02114	0.02226	0.01554	0.00726	0.00481	0.00156	0.00352	0.00583	0.59060	0.00703
14	0.00871	0.00657	0.00947	0.00962	0.01084	0.00734	0.00758	0.01089	0.01069	0.01486	0.02262	0.03215	0.09061	0.03989	0.60810	0.00834	0.01396	0.07855	0.00376	0.00545
15	0.01502	0.01379	0.02404	0.21298	0.25598	0.01437	0.18660	0.09147	0.01530	0.04474	0.01354	0.01908	0.01097	0.00649	0.00651	0.00200	0.00801	0.04704	0.00359	0.00848
16	0.01290	0.03883	0.08278	0.06516	0.01775	0.10659	0.04950	0.04753	0.06038	0.01703	0.01425	0.01896	0.01226	0.02504	0.35903	0.00562	0.05030	0.00581	0.00342	0.00688
17	0.00890	0.00593	0.00668	0.00668	0.00668	0.00593	0.00371	0.00890	0.00890	0.01187	0.01929	0.04006	0.02225	0.78487	0.03116	0.00593	0.00593	0.00890	0.00371	0.00371
18	0.01518	0.39299	0.06234	0.01766	0.11200	0.01952	0.15039	0.01819	0.01276	0.01665	0.00982	0.01242	0.00844	0.00577	0.00652	0.00166	0.08168	0.00459	0.00282	0.04860
19	0.01251	0.08633	0.01947	0.25029	0.05238	0.01360	0.10755	0.05687	0.01433	0.01904	0.13685	0.02438	0.08971	0.00838	0.00769	0.00200	0.08048	0.00714	0.00393	0.00708
20	0.00741	0.00550	0.00692	0.00805	0.00875	0.00501	0.00547	0.00858	0.01217	0.01581	0.03947	0.63460	0.18306	0.01843	0.00770	0.00240	0.00346	0.01649	0.00568	0.00501
21	0.00774	0.00564	0.00737	0.00864	0.00931	0.00526	0.00612	0.00908	0.01225	0.01606	0.03641	0.61674	0.11055	0.01852	0.00784	0.00249	0.00377	0.10546	0.00568	0.00508
22	0.01244	0.02189	0.42196	0.06588	0.05887	0.01231	0.03974	0.04848	0.01443	0.04245	0.11406	0.04613	0.05936	0.00783	0.00626	0.00196	0.00736	0.00661	0.00378	0.00820
23	0.01336	0.03141	0.67804	0.01728	0.02572	0.09038	0.02152	0.01990	0.01338	0.01894	0.01083	0.01273	0.00777	0.00587	0.00579	0.00190	0.00925	0.00446	0.00264	0.00885
24	0.01445	0.01651	0.03612	0.02580	0.03199	0.01548	0.72446	0.01961	0.01445	0.01961	0.01238	0.01651	0.00929	0.00516	0.00722	0.00206	0.01032	0.00722	0.00310	0.00826
25	0.01807	0.48746	0.02818	0.01359	0.01831	0.23880	0.08376	0.02025	0.01408	0.01510	0.00918	0.01086	0.00801	0.00554	0.00473	0.00146	0.00825	0.00387	0.00282	0.00767
26	0.00837	0.00585	0.00692	0.00726	0.00762	0.00572	0.00451	0.00892	0.01015	0.01339	0.02696	0.21971	0.09994	0.47824	0.06595	0.00494	0.00569	0.01122	0.00436	0.00427
27	0.00872	0.00586	0.00673	0.00691	0.00695	0.00581	0.00396	0.00885	0.00926	0.01234	0.02110	0.13319	0.02455	0.68862	0.02822	0.00550	0.00563	0.00997	0.00396	0.00387
28	0.01785	0.09297	0.01886	0.01919	0.23526	0.08739	0.01201	0.08297	0.01535	0.15725	0.01731	0.02043	0.05487	0.09187	0.00934	0.00227	0.04606	0.00603	0.00435	0.00838
29	0.07773	0.09844	0.02066	0.02119	0.25731	0.04429	0.01355	0.12745	0.01475	0.02118	0.01189	0.05916	0.01076	0.00782	0.00902	0.00200	0.18519	0.00570	0.00361	0.00830

[dist]
# distance from previous block
# <min> <max>
0	36

[block]
# block no. 8 follows, 37 sequences, length 15
# corresponding to MSA columns:
# 667-681
name=unknown_I
#
# <colnr> <probs for GDERKNQSTAVLIFYWHMCP>
#	G	D	E	R	K	N	Q	S	T	A	V	L	I	F	Y	W	H	M	C	P
0	0.01436	0.06447	0.01601	0.03280	0.09980	0.01177	0.03312	0.06819	0.05606	0.08358	0.05264	0.02233	0.07458	0.05865	0.05759	0.00248	0.05370	0.00628	0.00436	0.18725
1	0.01387	0.01425	0.01924	0.01639	0.01707	0.06636	0.05827	0.01556	0.01050	0.01527	0.00984	0.01672	0.00971	0.01044	0.01763	0.00258	0.62994	0.04670	0.00291	0.00676
2	0.01093	0.00714	0.00945	0.00905	0.01067	0.00711	0.00698	0.01304	0.01409	0.10835	0.23735	0.16162	0.14287	0.01871	0.12334	0.00334	0.05316	0.05101	0.00566	0.00612
3	0.01553	0.04958	0.19842	0.02106	0.06815	0.10630	0.32110	0.06348	0.01513	0.02001	0.01156	0.01435	0.00879	0.00557	0.00628	0.00185	0.00924	0.00563	0.00318	0.05478
4	0.01638	0.01439	0.02126	0.02816	0.47205	0.01497	0.01551	0.16104	0.09999	0.02463	0.05891	0.01783	0.01384	0.00660	0.00616	0.00186	0.00662	0.00598	0.00424	0.00960
5	0.00763	0.00580	0.00706	0.00785	0.00893	0.00523	0.00560	0.00911	0.01307	0.01683	0.10181	0.43756	0.27501	0.01727	0.00761	0.00232	0.00347	0.05693	0.00577	0.00514
