[name]
unknown

[dist]
# distance from previous block
# <min> <max>
5	141

[block]
# block no. 0 follows, 40 sequences, length 12
# corresponding to MSA columns:
# 191-202
name=unknown_A
#
# <colnr> <probs for GDERKNQSTAVLIFYWHMCP>
#	G	D	E	R	K	N	Q	S	T	A	V	L	I	F	Y	W	H	M	C	P
0	0.01393	0.01649	0.21039	0.05960	0.01813	0.03857	0.01222	0.19644	0.08907	0.02453	0.20052	0.02200	0.02131	0.00781	0.00591	0.00180	0.00594	0.00640	0.04107	0.00786
1	0.00868	0.01078	0.16218	0.01050	0.01289	0.00789	0.00968	0.01144	0.01039	0.01484	0.01868	0.21412	0.01910	0.02949	0.42442	0.00607	0.01109	0.00843	0.00356	0.00576
2	0.01480	0.01407	0.01379	0.10881	0.04550	0.16617	0.01013	0.12804	0.18614	0.02037	0.01919	0.21092	0.01812	0.00960	0.00613	0.00193	0.00624	0.00807	0.00465	0.00734
3	0.01109	0.00582	0.00607	0.00586	0.00755	0.00553	0.00445	0.01351	0.01272	0.07161	0.02735	0.02851	0.16551	0.00842	0.00476	0.00151	0.00291	0.00684	0.60436	0.00563
4	0.01002	0.00738	0.01134	0.01379	0.16110	0.00779	0.00829	0.01090	0.00956	0.01342	0.01368	0.02215	0.01335	0.14453	0.31509	0.21385	0.00965	0.00606	0.00298	0.00508
5	0.01129	0.00884	0.01056	0.00898	0.01210	0.00771	0.00709	0.05862	0.01263	0.01812	0.01733	0.03092	0.01749	0.16806	0.01047	0.00234	0.00497	0.18486	0.00409	0.40350
6	0.01245	0.00693	0.00883	0.00779	0.01007	0.00614	0.00604	0.01481	0.01586	0.20792	0.43027	0.04003	0.18721	0.01128	0.00661	0.00185	0.00334	0.00970	0.00640	0.00648
7	0.02018	0.01533	0.01637	0.01299	0.01730	0.01714	0.01059	0.56162	0.20882	0.03355	0.01640	0.01591	0.01187	0.00721	0.00584	0.00180	0.00595	0.00557	0.00584	0.00972
8	0.17653	0.00685	0.00715	0.00685	0.00793	0.00710	0.00458	0.01084	0.01076	0.01731	0.20186	0.03360	0.02661	0.43809	0.01860	0.00390	0.00468	0.00790	0.00426	0.00458
9	0.01602	0.01058	0.01185	0.01000	0.01330	0.01086	0.00794	0.20089	0.16677	0.16788	0.05328	0.06733	0.21834	0.01002	0.00624	0.00189	0.00455	0.00826	0.00599	0.00801
10	0.57592	0.01242	0.01113	0.00928	0.01320	0.01399	0.00765	0.19969	0.01475	0.07959	0.01060	0.01130	0.00776	0.00592	0.00431	0.00179	0.00501	0.00386	0.00440	0.00745
11	0.01251	0.01151	0.01659	0.09149	0.32554	0.01224	0.01260	0.01878	0.19796	0.01910	0.02370	0.02471	0.16296	0.00805	0.00653	0.00189	0.03480	0.00697	0.00412	0.00798

[dist]
# distance from previous block
# <min> <max>
0	10

[block]
# block no. 1 follows, 40 sequences, length 8
# corresponding to MSA columns:
# 213-220
name=unknown_B
#
# <colnr> <probs for GDERKNQSTAVLIFYWHMCP>
#	G	D	E	R	K	N	Q	S	T	A	V	L	I	F	Y	W	H	M	C	P
0	0.01113	0.34280	0.11308	0.00896	0.01304	0.01362	0.00892	0.01345	0.01252	0.01520	0.03134	0.03077	0.34599	0.00945	0.00538	0.00165	0.00504	0.00740	0.00380	0.00645
1	0.01317	0.18155	0.10932	0.00975	0.01320	0.01170	0.00907	0.06787	0.01296	0.08898	0.02390	0.02494	0.20438	0.01104	0.00929	0.15989	0.03212	0.00651	0.00396	0.00638
2	0.01324	0.01332	0.01359	0.01624	0.15566	0.20754	0.01094	0.01554	0.01386	0.01654	0.02148	0.13912	0.02273	0.01165	0.00679	0.00215	0.00672	0.30225	0.00427	0.00637
3	0.01129	0.02095	0.42588	0.01447	0.01944	0.01310	0.01615	0.01584	0.01220	0.01820	0.15198	0.01834	0.01650	0.00795	0.00932	0.00202	0.21005	0.00569	0.00323	0.00742
4	0.06303	0.01408	0.01376	0.06909	0.06042	0.16647	0.00983	0.19104	0.01644	0.05314	0.01726	0.21656	0.01675	0.00952	0.00630	0.00188	0.02771	0.00778	0.03178	0.00716
5	0.62246	0.21681	0.01427	0.00825	0.01221	0.01565	0.00725	0.01718	0.01040	0.02285	0.00809	0.00942	0.00660	0.00529	0.00363	0.00165	0.00495	0.00314	0.00331	0.00660
6	0.01718	0.02878	0.35479	0.01570	0.02123	0.42957	0.01587	0.02105	0.01458	0.01612	0.00964	0.01130	0.00743	0.00578	0.00537	0.00165	0.00963	0.00399	0.00275	0.00758
7	0.01602	0.01216	0.01866	0.02379	0.42281	0.01123	0.01321	0.01901	0.01358	0.16098	0.01307	0.01481	0.01004	0.00534	0.00540	0.00152	0.00586	0.00486	0.00385	0.22380

[dist]
# distance from previous block
# <min> <max>
0	12

[block]
# block no. 2 follows, 40 sequences, length 6
# corresponding to MSA columns:
# 233-238
name=unknown_C
#
# <colnr> <probs for GDERKNQSTAVLIFYWHMCP>
#	G	D	E	R	K	N	Q	S	T	A	V	L	I	F	Y	W	H	M	C	P
0	0.00689	0.00581	0.00597	0.00610	0.00791	0.00489	0.00451	0.00832	0.01306	0.01563	0.05641	0.12451	0.69007	0.01505	0.00692	0.00200	0.00299	0.01267	0.00540	0.00489
1	0.20144	0.00811	0.00797	0.00758	0.00982	0.00833	0.00579	0.09547	0.01354	0.02101	0.03189	0.19141	0.26370	0.01153	0.00580	0.00192	0.00377	0.00949	0.09562	0.00582
2	0.00787	0.00563	0.00758	0.00851	0.00931	0.00535	0.00632	0.00966	0.01288	0.01739	0.19962	0.45444	0.04114	0.01627	0.00743	0.00231	0.00367	0.17398	0.00562	0.00504
3	0.01086	0.00931	0.01063	0.00798	0.01241	0.00709	0.00632	0.01318	0.01234	0.01820	0.02159	0.02223	0.18206	0.00672	0.00490	0.00112	0.00399	0.00549	0.00390	0.63968
4	0.01472	0.01387	0.02711	0.01944	0.02502	0.01249	0.49653	0.01882	0.01368	0.10072	0.01268	0.01534	0.00939	0.00502	0.00619	0.00170	0.00806	0.00600	0.00352	0.18970
5	0.01696	0.01251	0.01323	0.01102	0.01446	0.01393	0.00882	0.33616	0.26341	0.02909	0.01835	0.01832	0.01366	0.00723	0.00544	0.00173	0.00495	0.00572	0.19638	0.00863

[dist]
# distance from previous block
# <min> <max>
0	9

[block]
# block no. 3 follows, 40 sequences, length 47
# corresponding to MSA columns:
# 248-264,273-302
name=unknown_D
#
# <colnr> <probs for GDERKNQSTAVLIFYWHMCP>
#	G	D	E	R	K	N	Q	S	T	A	V	L	I	F	Y	W	H	M	C	P
0	0.02477	0.01019	0.01346	0.01052	0.01488	0.00922	0.00862	0.02863	0.09982	0.67942	0.02302	0.02001	0.01478	0.00728	0.00586	0.00182	0.00491	0.00593	0.00705	0.00982
1	0.00740	0.00680	0.05951	0.00869	0.00960	0.00533	0.00652	0.00881	0.01121	0.01509	0.03055	0.73763	0.03630	0.01734	0.00729	0.00233	0.00374	0.01568	0.00519	0.00499
2	0.01877	0.02299	0.01603	0.01441	0.01669	0.55755	0.01108	0.02021	0.01464	0.01428	0.01217	0.01413	0.05964	0.00750	0.00832	0.00175	0.17562	0.00463	0.00307	0.00653
3	0.01942	0.04965	0.17072	0.01501	0.07043	0.01120	0.10649	0.02296	0.01478	0.39693	0.01903	0.01848	0.04430	0.00665	0.00586	0.00181	0.00643	0.00578	0.00509	0.00899
4	0.00709	0.00506	0.00675	0.00810	0.00843	0.00472	0.00540	0.00810	0.01113	0.01484	0.03205	0.79184	0.03846	0.01822	0.00742	0.00236	0.00337	0.01653	0.00540	0.00472
5	0.02609	0.00990	0.01350	0.01035	0.01484	0.00855	0.00855	0.02834	0.01664	0.76338	0.02294	0.01979	0.01439	0.00720	0.00585	0.00180	0.00495	0.00585	0.00720	0.00990
6	0.01444	0.01207	0.01709	0.50367	0.03182	0.01427	0.01423	0.24503	0.01670	0.02189	0.01239	0.01722	0.00956	0.00664	0.00591	0.00191	0.00722	0.03671	0.00373	0.00750
7	0.01032	0.00944	0.01563	0.65029	0.03468	0.01153	0.01432	0.01371	0.01154	0.01486	0.01402	0.14734	0.01297	0.00792	0.00609	0.00201	0.00701	0.00710	0.00306	0.00617
8	0.01715	0.02009	0.01716	0.01513	0.01660	0.38868	0.01199	0.01853	0.01263	0.01411	0.00830	0.01162	0.00756	0.00812	0.01228	0.00203	0.40427	0.00443	0.00277	0.00655
9	0.00687	0.00589	0.00589	0.00589	0.00785	0.00491	0.00442	0.00835	0.01325	0.01571	0.05891	0.05596	0.75700	0.01473	0.00687	0.00196	0.00295	0.01227	0.00540	0.00491
10	0.02036	0.01542	0.01647	0.01303	0.01737	0.01722	0.01063	0.57803	0.19212	0.03383	0.01618	0.01573	0.01168	0.00719	0.00584	0.00180	0.00599	0.00554	0.00584	0.00973
11	0.01010	0.00505	0.00758	0.00758	0.00758	0.00505	0.00505	0.00758	0.00758	0.01010	0.01010	0.01768	0.01010	0.02020	0.02273	0.83081	0.00505	0.00505	0.00253	0.00253
12	0.01206	0.01034	0.01206	0.00861	0.01378	0.00775	0.00689	0.01464	0.01206	0.01895	0.01034	0.01206	0.00861	0.00431	0.00431	0.00086	0.00431	0.00345	0.00345	0.83118
13	0.00937	0.00669	0.00937	0.01071	0.01205	0.00669	0.00937	0.01205	0.01339	0.01740	0.03079	0.06560	0.03347	0.01606	0.00803	0.00268	0.00535	0.72021	0.00535	0.00535
14	0.00781	0.00578	0.00773	0.00884	0.00948	0.00570	0.00652	0.00922	0.01165	0.01542	0.03223	0.56096	0.07479	0.01723	0.00800	0.00242	0.03560	0.17043	0.00527	0.00494
15	0.00846	0.00564	0.00634	0.00634	0.00634	0.00564	0.00352	0.00846	0.00846	0.01128	0.01832	0.03805	0.02114	0.79563	0.02960	0.00564	0.00564	0.00846	0.00352	0.00352
16	0.01173	0.02515	0.56582	0.08269	0.06580	0.01323	0.07434	0.01767	0.01223	0.01790	0.01083	0.01349	0.00800	0.00753	0.04696	0.00226	0.00890	0.00472	0.00256	0.00821
17	0.00768	0.00579	0.00710	0.00706	0.00842	0.00521	0.00518	0.00979	0.01472	0.01988	0.44926	0.16840	0.24289	0.01369	0.00695	0.00195	0.00290	0.01197	0.00597	0.00521
18	0.01592	0.01373	0.05032	0.19329	0.08618	0.01429	0.05180	0.31607	0.04533	0.02601	0.08237	0.01772	0.01385	0.00686	0.00588	0.00180	0.00648	0.00581	0.03803	0.00825
19	0.02172	0.02772	0.01648	0.01498	0.01798	0.77228	0.01124	0.02322	0.01648	0.01423	0.00899	0.01049	0.00749	0.00599	0.00524	0.00150	0.01049	0.00375	0.00300	0.00674
20	0.01295	0.07466	0.17768	0.01153	0.01735	0.01128	0.04283	0.05580	0.04298	0.01960	0.01099	0.01256	0.00871	0.00494	0.00479	0.00124	0.00575	0.00398	0.00337	0.47705
21	0.01257	0.01041	0.07823	0.01497	0.16128	0.00900	0.01039	0.01563	0.03194	0.13480	0.06527	0.09672	0.06860	0.01959	0.23914	0.00415	0.00846	0.00746	0.00431	0.00709
22	0.05177	0.01482	0.01807	0.04770	0.32816	0.09847	0.01325	0.06161	0.26325	0.02140	0.01505	0.01623	0.01177	0.00632	0.00566	0.00180	0.00642	0.00541	0.00410	0.00875
23	0.18438	0.18596	0.21064	0.01256	0.04124	0.07242	0.01214	0.01833	0.04424	0.05105	0.01089	0.01356	0.00898	0.06077	0.00717	0.00198	0.04884	0.00429	0.00319	0.00737
24	0.01295	0.01222	0.02034	0.26234	0.46513	0.01308	0.01627	0.01698	0.04506	0.01774	0.01245	0.05691	0.01071	0.00620	0.00587	0.00184	0.00688	0.00585	0.00306	0.00812
25	0.01326	0.01103	0.01536	0.35887	0.07158	0.01261	0.01231	0.18270	0.04793	0.02081	0.05572	0.05185	0.04474	0.06714	0.00778	0.00217	0.00644	0.00654	0.00401	0.00714
26	0.01504	0.01278	0.01347	0.01195	0.01534	0.01473	0.00934	0.08430	0.69451	0.02525	0.02294	0.02111	0.01716	0.00782	0.00591	0.00196	0.00474	0.00647	0.00591	0.00926
27	0.01335	0.01377	0.01772	0.01525	0.01546	0.07027	0.01262	0.01464	0.00943	0.01401	0.00773	0.01257	0.00762	0.00989	0.01812	0.00247	0.73113	0.00500	0.00258	0.00639
28	0.14799	0.01367	0.01454	0.01153	0.01573	0.01487	0.00945	0.41651	0.08957	0.15129	0.01562	0.01524	0.01100	0.00685	0.00542	0.00177	0.00555	0.00514	0.03917	0.00909
29	0.83671	0.01125	0.00855	0.00765	0.01125	0.01305	0.00630	0.01709	0.00990	0.02609	0.00810	0.00945	0.00630	0.00540	0.00360	0.00180	0.00450	0.00315	0.00360	0.00630
30	0.00823	0.00594	0.00777	0.00732	0.00869	0.00549	0.00549	0.01097	0.01646	0.02332	0.75629	0.04344	0.05487	0.01189	0.00686	0.00183	0.00274	0.01052	0.00640	0.00549
31	0.00709	0.00506	0.00675	0.00810	0.00843	0.00472	0.00540	0.00810	0.01113	0.01484	0.03205	0.79184	0.03846	0.01822	0.00742	0.00236	0.00337	0.01653	0.00540	0.00472
32	0.01166	0.03008	0.76550	0.01657	0.02517	0.01351	0.02149	0.01842	0.01228	0.01842	0.01044	0.01228	0.00737	0.00552	0.00552	0.00184	0.00859	0.00430	0.00246	0.00859
33	0.00846	0.00564	0.00634	0.00634	0.00634	0.00564	0.00352	0.00846	0.00846	0.01128	0.01832	0.03805	0.02114	0.79563	0.02960	0.00564	0.00564	0.00846	0.00352	0.00352
34	0.00757	0.00614	0.00674	0.00655	0.00838	0.00543	0.00492	0.00998	0.04063	0.01840	0.27584	0.05082	0.51081	0.01359	0.00683	0.00192	0.00294	0.01152	0.00573	0.00524
35	0.02314	0.01463	0.01643	0.01259	0.01721	0.01558	0.01040	0.55565	0.02457	0.22488	0.01629	0.01547	0.01106	0.00704	0.00583	0.00176	0.00602	0.00539	0.00617	0.00989
36	0.01367	0.42726	0.38589	0.01315	0.01988	0.01841	0.01553	0.01790	0.01204	0.01597	0.00922	0.01075	0.00742	0.00524	0.00460	0.00153	0.00737	0.00368	0.00247	0.00801
37	0.01223	0.02934	0.72523	0.01640	0.02478	0.01375	0.02092	0.05726	0.01309	0.01940	0.01063	0.01237	0.00750	0.00560	0.00554	0.00184	0.00848	0.00435	0.00264	0.00866
38	0.83671	0.01125	0.00855	0.00765	0.01125	0.01305	0.00630	0.01709	0.00990	0.02609	0.00810	0.00945	0.00630	0.00540	0.00360	0.00180	0.00450	0.00315	0.00360	0.00630
39	0.01349	0.01126	0.01221	0.01138	0.01428	0.01283	0.00902	0.02712	0.59877	0.02309	0.02463	0.02883	0.02019	0.00917	0.00618	0.00206	0.00465	0.12244	0.04000	0.00842
40	0.01084	0.00542	0.00542	0.00542	0.00678	0.00542	0.00407	0.01355	0.01220	0.02168	0.01897	0.02168	0.01491	0.00678	0.00407	0.00136	0.00271	0.00542	0.82791	0.00542
41	0.01316	0.01367	0.01576	0.01396	0.01461	0.13262	0.01130	0.01460	0.01024	0.01398	0.01007	0.04204	0.00989	0.01552	0.14506	0.00354	0.50553	0.00549	0.00281	0.00616
42	0.00840	0.00623	0.00790	0.00875	0.01005	0.00593	0.00712	0.01035	0.01270	0.01615	0.03750	0.12242	0.23261	0.08858	0.00967	0.00273	0.00455	0.39815	0.00520	0.00501
43	0.01206	0.01034	0.01206	0.00861	0.01378	0.00775	0.00689	0.01464	0.01206	0.01895	0.01034	0.01206	0.00861	0.00431	0.00431	0.00086	0.00431	0.00345	0.00345	0.83118
44	0.00831	0.00623	0.00935	0.00935	0.01038	0.00727	0.00727	0.01038	0.00935	0.01350	0.01558	0.02285	0.01454	0.04361	0.77259	0.00935	0.01558	0.00623	0.00312	0.00519
45	0.01010	0.00505	0.00758	0.00758	0.00758	0.00505	0.00505	0.00758	0.00758	0.01010	0.01010	0.01768	0.01010	0.02020	0.02273	0.83081	0.00505	0.00505	0.00253	0.00253
46	0.00984	0.00674	0.00923	0.01022	0.01173	0.00660	0.00883	0.01242	0.01364	0.04839	0.06258	0.06211	0.08388	0.01543	0.00781	0.00256	0.00506	0.61194	0.00548	0.00552

[dist]
# distance from previous block
# <min> <max>
0	54

[block]
# block no. 4 follows, 40 sequences, length 74
# corresponding to MSA columns:
# 357-430
name=unknown_E
#
# <colnr> <probs for GDERKNQSTAVLIFYWHMCP>
#	G	D	E	R	K	N	Q	S	T	A	V	L	I	F	Y	W	H	M	C	P
0	0.00937	0.00669	0.00937	0.01071	0.01205	0.00669	0.00937	0.01205	0.01339	0.01740	0.03079	0.06560	0.03347	0.01606	0.00803	0.00268	0.00535	0.72021	0.00535	0.00535
1	0.01425	0.01538	0.03304	0.02441	0.06023	0.01442	0.67906	0.01898	0.01382	0.04831	0.01218	0.01580	0.00906	0.00501	0.00678	0.00194	0.00949	0.00675	0.00311	0.00798
2	0.01794	0.02195	0.02268	0.01822	0.02206	0.44052	0.27668	0.02066	0.01501	0.01585	0.01081	0.04153	0.00913	0.00620	0.00640	0.00174	0.03710	0.00541	0.00305	0.00706
3	0.00709	0.00506	0.00675	0.00810	0.00843	0.00472	0.00540	0.00810	0.01113	0.01484	0.03205	0.79184	0.03846	0.01822	0.00742	0.00236	0.00337	0.01653	0.00540	0.00472
4	0.19944	0.01579	0.18227	0.01299	0.01739	0.06535	0.14638	0.01680	0.01229	0.02040	0.01354	0.04736	0.01130	0.00661	0.00519	0.00178	0.00644	0.03434	0.17749	0.00684
5	0.00709	0.00506	0.00675	0.00810	0.00843	0.00472	0.00540	0.00810	0.01113	0.01484	0.03205	0.79184	0.03846	0.01822	0.00742	0.00236	0.00337	0.01653	0.00540	0.00472
6	0.01410	0.02112	0.27436	0.03851	0.28043	0.09819	0.15298	0.01873	0.01334	0.01813	0.01070	0.01351	0.00830	0.00535	0.00583	0.00179	0.00843	0.00504	0.00276	0.00842
7	0.01147	0.02910	0.73458	0.01614	0.02446	0.01316	0.02079	0.01801	0.01232	0.01831	0.01241	0.01406	0.03788	0.00590	0.00558	0.00185	0.00836	0.00462	0.00258	0.00844
8	0.83671	0.01125	0.00855	0.00765	0.01125	0.01305	0.00630	0.01709	0.00990	0.02609	0.00810	0.00945	0.00630	0.00540	0.00360	0.00180	0.00450	0.00315	0.00360	0.00630
9	0.07210	0.71363	0.02911	0.01037	0.01529	0.02199	0.03867	0.01744	0.01176	0.01473	0.00823	0.00959	0.00744	0.00500	0.00385	0.00131	0.00624	0.00326	0.00258	0.00740
10	0.00767	0.00610	0.00696	0.00698	0.00850	0.00568	0.00512	0.00986	0.04268	0.01652	0.14923	0.12250	0.41611	0.07377	0.09309	0.00306	0.00462	0.01127	0.00518	0.00508
11	0.00862	0.00640	0.00810	0.00783	0.00922	0.00617	0.00580	0.01233	0.08076	0.02218	0.58603	0.15018	0.04919	0.01245	0.00686	0.00192	0.00300	0.01104	0.00621	0.00571
12	0.01415	0.01271	0.01585	0.38319	0.02751	0.06168	0.01282	0.13365	0.20341	0.02068	0.01513	0.04813	0.01189	0.00705	0.00587	0.00191	0.00673	0.00591	0.00409	0.00765
13	0.00762	0.00592	0.00693	0.00668	0.00831	0.00523	0.00501	0.00980	0.01502	0.01991	0.44376	0.04905	0.36953	0.01316	0.00687	0.00189	0.00283	0.01130	0.00595	0.00523
14	0.01341	0.01165	0.01503	0.24669	0.05316	0.01366	0.01195	0.07202	0.34962	0.02105	0.01841	0.02252	0.01481	0.00791	0.00660	0.00202	0.03761	0.06935	0.00459	0.00796
15	0.02142	0.07721	0.01776	0.01412	0.01779	0.47657	0.01109	0.25473	0.01967	0.02145	0.01054	0.01153	0.00826	0.00624	0.00532	0.00156	0.00887	0.00418	0.00387	0.00781
16	0.00890	0.00693	0.00820	0.00771	0.00949	0.00673	0.00583	0.01346	0.12707	0.02191	0.50220	0.04270	0.19299	0.01186	0.00672	0.00188	0.00307	0.01028	0.00612	0.00593
17	0.02049	0.01542	0.01745	0.12494	0.02123	0.01729	0.01179	0.63467	0.02506	0.03348	0.01344	0.01419	0.00958	0.00681	0.00582	0.00177	0.00660	0.00523	0.00535	0.00939
18	0.00709	0.00506	0.00675	0.00810	0.00843	0.00472	0.00540	0.00810	0.01113	0.01484	0.03205	0.79184	0.03846	0.01822	0.00742	0.00236	0.00337	0.01653	0.00540	0.00472
19	0.01358	0.01124	0.01288	0.00934	0.01443	0.00931	0.00752	0.12484	0.01438	0.02164	0.01089	0.01235	0.00881	0.00471	0.00454	0.00100	0.00462	0.00372	0.00381	0.70641
20	0.01439	0.01382	0.02360	0.03569	0.75936	0.01382	0.01785	0.01785	0.01324	0.01900	0.01094	0.01439	0.00921	0.00518	0.00576	0.00173	0.00691	0.00518	0.00288	0.00921
21	0.62887	0.01090	0.00982	0.00834	0.01217	0.01189	0.00687	0.01998	0.01163	0.21513	0.01190	0.01210	0.00837	0.00586	0.00418	0.00180	0.00461	0.00384	0.00452	0.00722
22	0.01453	0.01461	0.06496	0.01307	0.04121	0.07220	0.01034	0.02810	0.58771	0.02259	0.02153	0.05058	0.01678	0.00790	0.00589	0.00193	0.00536	0.00655	0.00533	0.00880
23	0.00885	0.00562	0.00732	0.00732	0.00755	0.00585	0.00474	0.00866	0.00843	0.01147	0.01561	0.02947	0.01685	0.43071	0.19195	0.21802	0.00768	0.00709	0.00318	0.00364
24	0.00823	0.00594	0.00777	0.00732	0.00869	0.00549	0.00549	0.01097	0.01646	0.02332	0.75629	0.04344	0.05487	0.01189	0.00686	0.00183	0.00274	0.01052	0.00640	0.00549
25	0.01418	0.01469	0.04899	0.03290	0.59342	0.01398	0.15918	0.01802	0.01331	0.01891	0.01108	0.01458	0.00908	0.00514	0.00597	0.00178	0.00753	0.00548	0.00288	0.00892
26	0.00743	0.00520	0.00665	0.00766	0.00791	0.00495	0.00493	0.00819	0.01047	0.01396	0.02864	0.60428	0.03415	0.21165	0.01294	0.00318	0.00394	0.01452	0.00493	0.00442
27	0.01319	0.01364	0.04371	0.13805	0.35780	0.01330	0.22620	0.01714	0.01314	0.01813	0.01284	0.01942	0.01099	0.00617	0.00628	0.00191	0.00778	0.06918	0.00306	0.00806
28	0.01206	0.01034	0.01206	0.00861	0.01378	0.00775	0.00689	0.01464	0.01206	0.01895	0.01034	0.01206	0.00861	0.00431	0.00431	0.00086	0.00431	0.00345	0.00345	0.83118
29	0.00870	0.00564	0.00717	0.06005	0.01009	0.00560	0.00571	0.01067	0.01214	0.01806	0.11224	0.40077	0.03069	0.01292	0.00616	0.00194	0.00338	0.01145	0.27146	0.00516
30	0.01982	0.01806	0.06805	0.01351	0.01794	0.12081	0.01143	0.45101	0.16784	0.02986	0.01496	0.01490	0.01094	0.00692	0.00574	0.00176	0.00676	0.00523	0.00522	0.00923
31	0.01391	0.15374	0.04799	0.01730	0.20330	0.04190	0.01184	0.01985	0.17898	0.04334	0.06904	0.02542	0.01799	0.00810	0.00585	0.00186	0.00586	0.12155	0.00427	0.00791
32	0.01532	0.46372	0.24195	0.01261	0.01834	0.12905	0.01349	0.01855	0.01263	0.01514	0.00890	0.01035	0.00744	0.00528	0.00447	0.00145	0.00753	0.00355	0.00255	0.00769
33	0.00841	0.00581	0.00723	0.00723	0.00754	0.00612	0.00464	0.00903	0.00872	0.01194	0.01751	0.03354	0.01918	0.57221	0.25034	0.00674	0.00859	0.00780	0.00340	0.00402
34	0.00872	0.00559	0.00784	0.00879	0.00935	0.00546	0.00658	0.00922	0.01081	0.01426	0.02512	0.32685	0.02842	0.01811	0.01217	0.24860	0.00451	0.24081	0.00453	0.00427
35	0.01348	0.25910	0.42767	0.01546	0.02242	0.04739	0.10263	0.01834	0.01248	0.01685	0.00983	0.01172	0.00757	0.00531	0.00513	0.00166	0.00810	0.00422	0.00254	0.00809
36	0.00716	0.00565	0.00647	0.00690	0.00826	0.00496	0.00500	0.00865	0.01289	0.01624	0.11834	0.29314	0.43142	0.01562	0.00709	0.00210	0.00314	0.03654	0.00550	0.00492
37	0.02162	0.01605	0.01718	0.01328	0.01785	0.01781	0.01094	0.69525	0.07285	0.03587	0.01457	0.01445	0.01039	0.00704	0.00582	0.00176	0.00629	0.00532	0.00582	0.00985
38	0.02172	0.02772	0.01648	0.01498	0.01798	0.77228	0.01124	0.02322	0.01648	0.01423	0.00899	0.01049	0.00749	0.00599	0.00524	0.00150	0.01049	0.00375	0.00300	0.00674
39	0.01227	0.01111	0.01392	0.01077	0.01426	0.01101	0.00878	0.01443	0.01104	0.01735	0.00946	0.01227	0.00830	0.00621	0.00909	0.00141	0.25691	0.00398	0.00315	0.56430
40	0.01237	0.01175	0.01995	0.47820	0.33266	0.01328	0.01684	0.01607	0.01228	0.01654	0.01058	0.01505	0.00835	0.00556	0.00579	0.00185	0.00741	0.00517	0.00270	0.00758
41	0.02520	0.01009	0.01347	0.01046	0.01487	0.00900	0.00860	0.02854	0.07255	0.70695	0.02300	0.01994	0.01465	0.00725	0.00585	0.00181	0.00492	0.00590	0.00710	0.00984
42	0.00810	0.00588	0.00763	0.00731	0.00864	0.00541	0.00544	0.01067	0.01597	0.02243	0.67860	0.09554	0.08167	0.01244	0.00690	0.00187	0.00279	0.01100	0.00629	0.00541
43	0.00709	0.00506	0.00675	0.00810	0.00843	0.00472	0.00540	0.00810	0.01113	0.01484	0.03205	0.79184	0.03846	0.01822	0.00742	0.00236	0.00337	0.01653	0.00540	0.00472
44	0.01166	0.03008	0.76550	0.01657	0.02517	0.01351	0.02149	0.01842	0.01228	0.01842	0.01044	0.01228	0.00737	0.00552	0.00552	0.00184	0.00859	0.00430	0.00246	0.00859
45	0.01337	0.01158	0.01215	0.01115	0.01399	0.03842	0.00870	0.02618	0.55704	0.02334	0.13975	0.02779	0.02437	0.00902	0.00619	0.00198	0.00456	0.05631	0.00586	0.00827
46	0.02497	0.01076	0.01391	0.01077	0.01521	0.00994	0.00886	0.10728	0.06076	0.63959	0.02199	0.01926	0.01409	0.00721	0.00585	0.00180	0.00509	0.00582	0.00697	0.00986
47	0.00709	0.00506	0.00675	0.00810	0.00843	0.00472	0.00540	0.00810	0.01113	0.01484	0.03205	0.79184	0.03846	0.01822	0.00742	0.00236	0.00337	0.01653	0.00540	0.00472
48	0.01098	0.01034	0.01744	0.78165	0.04005	0.01292	0.01615	0.01486	0.01163	0.01486	0.01034	0.01550	0.00775	0.00581	0.00581	0.00194	0.00775	0.00517	0.00258	0.00646
49	0.25846	0.02293	0.01418	0.01285	0.01602	0.55174	0.00980	0.02144	0.01457	0.01768	0.00873	0.01018	0.00714	0.00582	0.00477	0.00159	0.00875	0.00357	0.00317	0.00661
50	0.00836	0.00603	0.00833	0.00833	0.00902	0.00672	0.00601	0.00973	0.00905	0.01275	0.01650	0.02797	0.01676	0.29698	0.52226	0.00810	0.01223	0.00698	0.00325	0.00463
51	0.02530	0.01007	0.01347	0.01045	0.01486	0.00895	0.00859	0.02852	0.06672	0.71284	0.02299	0.01992	0.01462	0.00724	0.00585	0.00181	0.00492	0.00590	0.00711	0.00985
52	0.01759	0.01179	0.01324	0.01143	0.01505	0.01287	0.00903	0.03021	0.55174	0.22328	0.02347	0.02118	0.01685	0.00770	0.00590	0.00193	0.00470	0.00638	0.00626	0.00939
53	0.00709	0.00506	0.00675	0.00810	0.00843	0.00472	0.00540	0.00810	0.01113	0.01484	0.03205	0.79184	0.03846	0.01822	0.00742	0.00236	0.00337	0.01653	0.00540	0.00472
54	0.01478	0.01265	0.01333	0.01190	0.01524	0.01461	0.00928	0.06053	0.71870	0.02484	0.02326	0.02137	0.01742	0.00785	0.00591	0.00196	0.00468	0.00652	0.00591	0.00923
55	0.00906	0.00685	0.00856	0.00901	0.06060	0.00627	0.00618	0.01182	0.04007	0.04960	0.38522	0.04452	0.31609	0.01218	0.00672	0.00188	0.00326	0.01050	0.00579	0.00583
56	0.81551	0.03158	0.00911	0.00771	0.01134	0.01330	0.00639	0.01710	0.00995	0.02577	0.00810	0.00944	0.00633	0.00539	0.00360	0.00179	0.00454	0.00315	0.00357	0.00633
57	0.01528	0.74610	0.08116	0.01041	0.01563	0.02235	0.01075	0.01748	0.01185	0.01401	0.00825	0.00953	0.00746	0.00501	0.00386	0.00129	0.00638	0.00319	0.00249	0.00754
58	0.01333	0.01415	0.01316	0.04001	0.07054	0.23597	0.03435	0.01666	0.08280	0.01728	0.12610	0.14700	0.12446	0.01015	0.00658	0.00187	0.02628	0.00847	0.00442	0.00643
59	0.00697	0.00589	0.00602	0.00599	0.00791	0.00495	0.00449	0.00853	0.01348	0.01623	0.10700	0.05510	0.70858	0.01453	0.00687	0.00195	0.00293	0.01215	0.00547	0.00495
60	0.01164	0.00883	0.01084	0.00915	0.01192	0.00856	0.00719	0.06471	0.08002	0.05180	0.30121	0.02680	0.02830	0.01275	0.09733	0.00251	0.03634	0.00707	0.00505	0.21800
61	0.00696	0.00574	0.00612	0.00636	0.00799	0.00490	0.00464	0.00840	0.01298	0.01583	0.07982	0.19353	0.59610	0.01528	0.00698	0.00203	0.00302	0.01301	0.00544	0.00490
62	0.01267	0.01246	0.01804	0.01462	0.01634	0.01523	0.07908	0.01457	0.01007	0.01555	0.00863	0.01285	0.00797	0.00835	0.01458	0.00211	0.53513	0.00488	0.00279	0.19407
63	0.00849	0.00631	0.00894	0.00886	0.00962	0.00724	0.00660	0.01006	0.00913	0.01301	0.01594	0.02597	0.01581	0.21354	0.57898	0.00828	0.03848	0.00670	0.00319	0.00485
64	0.00938	0.00863	0.00826	0.00908	0.00998	0.12143	0.00637	0.01057	0.01220	0.01492	0.03057	0.58755	0.08888	0.01601	0.00707	0.00221	0.00450	0.04229	0.00503	0.00507
65	0.28240	0.21294	0.04777	0.01141	0.01545	0.14485	0.03449	0.07467	0.06356	0.02065	0.00996	0.01123	0.00803	0.00585	0.00500	0.00165	0.03548	0.00388	0.00344	0.00729
66	0.01703	0.01664	0.01902	0.02410	0.38276	0.21216	0.01382	0.04678	0.03974	0.06552	0.01215	0.01438	0.00973	0.00599	0.00606	0.00169	0.03901	0.00491	0.06027	0.00825
67	0.06237	0.01150	0.01169	0.01030	0.01312	0.05667	0.00803	0.12996	0.28376	0.02505	0.26263	0.02755	0.05498	0.00906	0.00607	0.00185	0.00455	0.00751	0.00573	0.00761
68	0.00833	0.00614	0.00887	0.00887	0.00974	0.00701	0.00668	0.01008	0.00920	0.01315	0.01601	0.02526	0.01558	0.16278	0.65485	0.00876	0.01400	0.00658	0.00318	0.00493
69	0.01290	0.02289	0.40140	0.06397	0.09356	0.07210	0.13246	0.01790	0.01261	0.01755	0.01112	0.03976	0.00888	0.00620	0.00675	0.00190	0.06208	0.00527	0.00273	0.00798
70	0.00704	0.00558	0.00633	0.00680	0.00812	0.00488	0.00485	0.00842	0.01267	0.01587	0.09288	0.32937	0.44497	0.01585	0.00708	0.00210	0.00309	0.01375	0.00546	0.00488
71	0.01244	0.04413	0.19869	0.03458	0.27404	0.07910	0.01456	0.01586	0.01257	0.01700	0.01553	0.19053	0.01540	0.00991	0.03801	0.00218	0.00719	0.00739	0.00335	0.00754
72	0.00750	0.00592	0.00676	0.00655	0.00824	0.00518	0.00491	0.00956	0.01473	0.01922	0.38073	0.05018	0.43298	0.01342	0.00687	0.00190	0.00285	0.01146	0.00586	0.00518
73	0.01100	0.00765	0.00949	0.00910	0.01096	0.00769	0.00706	0.04411	0.13234	0.07289	0.34405	0.15409	0.03877	0.01230	0.00685	0.00205	0.00381	0.11332	0.00605	0.00642

[dist]
# distance from previous block
# <min> <max>
0	15

[block]
# block no. 5 follows, 40 sequences, length 24
# corresponding to MSA columns:
# 446-469
name=unknown_F
#
# <colnr> <probs for GDERKNQSTAVLIFYWHMCP>
#	G	D	E	R	K	N	Q	S	T	A	V	L	I	F	Y	W	H	M	C	P
0	0.01472	0.54115	0.24153	0.01210	0.01802	0.05569	0.01333	0.01798	0.01217	0.01507	0.00880	0.01023	0.00744	0.00518	0.00432	0.00143	0.00710	0.00348	0.00250	0.00775
1	0.00843	0.00641	0.00791	0.00878	0.00965	0.00650	0.00609	0.01225	0.14545	0.01657	0.03053	0.65162	0.03469	0.01634	0.00715	0.00229	0.00360	0.01472	0.00549	0.00554
2	0.01343	0.01283	0.02186	0.24723	0.55538	0.01356	0.01737	0.01700	0.01278	0.01782	0.01077	0.01471	0.00880	0.00536	0.00577	0.00179	0.00715	0.00518	0.00279	0.00843
3	0.01206	0.01034	0.01206	0.00861	0.01378	0.00775	0.00689	0.01464	0.01206	0.01895	0.01034	0.01206	0.00861	0.00431	0.00431	0.00086	0.00431	0.00345	0.00345	0.83118
4	0.05945	0.01267	0.01402	0.01112	0.01538	0.09204	0.00904	0.10427	0.04778	0.54226	0.01987	0.01780	0.01296	0.00700	0.00569	0.00177	0.00567	0.00547	0.00639	0.00937
5	0.01295	0.10836	0.01340	0.08223	0.01424	0.17095	0.00768	0.01428	0.01145	0.01377	0.01305	0.02239	0.01330	0.32967	0.01496	0.00310	0.00672	0.00569	0.00318	0.13865
6	0.02609	0.00990	0.01350	0.01035	0.01484	0.00855	0.00855	0.02834	0.01664	0.76338	0.02294	0.01979	0.01439	0.00720	0.00585	0.00180	0.00495	0.00585	0.00720	0.00990
7	0.00970	0.00559	0.00589	0.00581	0.00728	0.00534	0.00436	0.01219	0.01308	0.02086	0.14534	0.03144	0.15647	0.00905	0.00503	0.00154	0.00276	0.00749	0.54547	0.00534
8	0.01792	0.01357	0.01440	0.01184	0.01559	0.01518	0.00952	0.39068	0.29070	0.03029	0.01814	0.01775	0.01339	0.00729	0.00564	0.00178	0.00529	0.00575	0.10619	0.00909
9	0.00687	0.00589	0.00589	0.00589	0.00785	0.00491	0.00442	0.00835	0.01325	0.01571	0.05891	0.05596	0.75700	0.01473	0.00687	0.00196	0.00295	0.01227	0.00540	0.00491
10	0.00693	0.00589	0.00597	0.00595	0.00789	0.00493	0.00447	0.00846	0.01340	0.01605	0.09000	0.05541	0.72570	0.01460	0.00687	0.00196	0.00294	0.01219	0.00544	0.00493
11	0.01166	0.03008	0.76550	0.01657	0.02517	0.01351	0.02149	0.01842	0.01228	0.01842	0.01044	0.01228	0.00737	0.00552	0.00552	0.00184	0.00859	0.00430	0.00246	0.00859
12	0.01446	0.01249	0.01315	0.01183	0.01512	0.01446	0.00920	0.03090	0.74885	0.02433	0.02367	0.02170	0.01775	0.00789	0.00592	0.00197	0.00460	0.00657	0.00592	0.00920
13	0.01555	0.79913	0.03047	0.00995	0.01493	0.02301	0.00995	0.01741	0.01182	0.01368	0.00808	0.00933	0.00746	0.00498	0.00373	0.00124	0.00622	0.00311	0.00249	0.00746
14	0.00829	0.00620	0.00786	0.00815	0.00966	0.00577	0.00659	0.01068	0.01455	0.01928	0.32115	0.05448	0.22711	0.01409	0.00728	0.00216	0.00372	0.26193	0.00577	0.00529
15	0.01204	0.02746	0.63238	0.01802	0.02612	0.01372	0.15198	0.01845	0.01254	0.01845	0.01068	0.01290	0.00763	0.00541	0.00577	0.00186	0.00881	0.00476	0.00254	0.00846
16	0.00823	0.00594	0.00777	0.00732	0.00869	0.00549	0.00549	0.01097	0.01646	0.02332	0.75629	0.04344	0.05487	0.01189	0.00686	0.00183	0.00274	0.01052	0.00640	0.00549
17	0.01255	0.20641	0.59697	0.01506	0.02282	0.01568	0.01884	0.01819	0.01217	0.01733	0.00990	0.01160	0.00739	0.00540	0.00511	0.00170	0.00805	0.00402	0.00246	0.00833
18	0.00846	0.00564	0.00634	0.00634	0.00634	0.00564	0.00352	0.00846	0.00846	0.01128	0.01832	0.03805	0.02114	0.79563	0.02960	0.00564	0.00564	0.00846	0.00352	0.00352
19	0.01677	0.05699	0.35019	0.01780	0.14036	0.01255	0.04786	0.02130	0.01380	0.24485	0.01427	0.01492	0.00987	0.00592	0.00563	0.00179	0.00715	0.00497	0.00399	0.00900
20	0.01462	0.04404	0.38194	0.01324	0.01968	0.04760	0.01467	0.04979	0.01387	0.12260	0.04738	0.01465	0.01096	0.00588	0.00533	0.00160	0.00686	0.00461	0.00367	0.17702
21	0.01224	0.01047	0.01278	0.00954	0.01419	0.00860	0.04150	0.06037	0.03668	0.01980	0.01571	0.04945	0.06769	0.00601	0.00490	0.00115	0.00456	0.00506	0.00388	0.61542
22	0.01102	0.01224	0.13313	0.06003	0.05943	0.00886	0.01011	0.01462	0.04110	0.03236	0.09229	0.04338	0.07837	0.07383	0.00768	0.00194	0.00529	0.05500	0.00400	0.25532
23	0.14744	0.34728	0.08377	0.01326	0.10576	0.03207	0.01082	0.01800	0.04697	0.03424	0.04195	0.01272	0.01024	0.00557	0.00447	0.00149	0.00591	0.00405	0.00323	0.07077

[dist]
# distance from previous block
# <min> <max>
3	42

[block]
# block no. 6 follows, 40 sequences, length 19
# corresponding to MSA columns:
# 512-530
name=unknown_G
#
# <colnr> <probs for GDERKNQSTAVLIFYWHMCP>
#	G	D	E	R	K	N	Q	S	T	A	V	L	I	F	Y	W	H	M	C	P
0	0.14871	0.08529	0.26059	0.07993	0.02067	0.01390	0.07619	0.08669	0.04990	0.02111	0.01355	0.01522	0.04059	0.00616	0.00521	0.00177	0.00673	0.00492	0.05521	0.00767
1	0.01873	0.04761	0.05335	0.03450	0.01733	0.06097	0.05279	0.23783	0.05580	0.19630	0.08055	0.04924	0.01583	0.00746	0.00584	0.00175	0.00603	0.00614	0.00532	0.04665
2	0.01214	0.01071	0.01838	0.02166	0.31236	0.01028	0.13100	0.01505	0.01341	0.05517	0.09691	0.17482	0.08411	0.00932	0.00648	0.00193	0.00582	0.00889	0.00418	0.00738
3	0.01081	0.04333	0.05077	0.01068	0.01305	0.00914	0.12465	0.06058	0.01239	0.01695	0.13716	0.03000	0.02210	0.37644	0.01712	0.00356	0.00600	0.00766	0.00396	0.04366
4	0.03260	0.01526	0.17054	0.01692	0.17956	0.01192	0.01284	0.13813	0.04961	0.08632	0.06112	0.06781	0.06012	0.00766	0.00582	0.00179	0.00591	0.00648	0.02808	0.04152
5	0.53257	0.00957	0.00839	0.00750	0.01056	0.01037	0.00601	0.01488	0.01179	0.02423	0.18377	0.02090	0.07381	0.00752	0.00464	0.00176	0.00397	0.00554	0.00437	0.05786
6	0.01300	0.01059	0.01542	0.01903	0.27129	0.01094	0.01141	0.09040	0.01390	0.05593	0.02054	0.18175	0.06714	0.01125	0.03463	0.00225	0.07269	0.05295	0.00425	0.04067
7	0.76578	0.01075	0.00828	0.00746	0.01086	0.01239	0.00611	0.01679	0.01009	0.02571	0.00903	0.01050	0.00704	0.00552	0.00364	0.00176	0.00434	0.00334	0.07439	0.00622
8	0.01329	0.01399	0.08491	0.02034	0.19559	0.01261	0.20608	0.06392	0.11386	0.02152	0.13601	0.02064	0.01792	0.00679	0.00616	0.00183	0.00660	0.00663	0.04326	0.00804
9	0.01281	0.01132	0.01744	0.65528	0.03643	0.01376	0.01531	0.13413	0.01421	0.01844	0.01093	0.01525	0.00810	0.00601	0.00581	0.00191	0.00753	0.00518	0.00312	0.00702
10	0.00864	0.00671	0.00805	0.00872	0.00982	0.00682	0.00613	0.01299	0.16880	0.01694	0.03243	0.56805	0.09201	0.01573	0.00706	0.00225	0.00360	0.01406	0.00551	0.00570
11	0.01491	0.67262	0.15138	0.01104	0.01661	0.02145	0.01185	0.01758	0.01189	0.01446	0.00847	0.00981	0.00745	0.00507	0.00403	0.00134	0.00661	0.00330	0.00248	0.00765
12	0.70088	0.01110	0.01001	0.13497	0.01598	0.01302	0.00792	0.01673	0.01018	0.02424	0.00847	0.01044	0.00654	0.00547	0.00396	0.00182	0.00503	0.00348	0.00343	0.00632
13	0.01609	0.01294	0.02153	0.08139	0.58881	0.01289	0.01620	0.01937	0.01369	0.14117	0.01287	0.01536	0.00997	0.00556	0.00578	0.00175	0.00664	0.00529	0.00357	0.00914
14	0.01878	0.06312	0.01394	0.01034	0.01430	0.01081	0.00849	0.06921	0.15942	0.33159	0.08608	0.02239	0.01811	0.00765	0.00572	0.00172	0.00480	0.03892	0.00593	0.10867
15	0.01348	0.00842	0.00967	0.00783	0.01120	0.00729	0.00620	0.05779	0.01411	0.14251	0.04478	0.02574	0.16962	0.00790	0.00520	0.00144	0.00384	0.00645	0.19540	0.26112
16	0.01180	0.01067	0.01675	0.11034	0.34675	0.01130	0.01290	0.01553	0.06207	0.01850	0.12330	0.14701	0.02096	0.00887	0.00705	0.00194	0.05494	0.00791	0.00395	0.00743
17	0.01208	0.01037	0.01108	0.01154	0.05939	0.09020	0.00830	0.02737	0.13628	0.04924	0.08442	0.18766	0.10306	0.01174	0.00657	0.00202	0.00496	0.12627	0.00511	0.05232
18	0.15134	0.01255	0.01368	0.12290	0.01815	0.07732	0.03526	0.14400	0.08564	0.11634	0.04807	0.04334	0.09163	0.00785	0.00565	0.00184	0.00580	0.00630	0.00479	0.00754

[dist]
# distance from previous block
# <min> <max>
2	44

[block]
# block no. 7 follows, 40 sequences, length 10
# corresponding to MSA columns:
# 576-585
name=unknown_H
#
# <colnr> <probs for GDERKNQSTAVLIFYWHMCP>
#	G	D	E	R	K	N	Q	S	T	A	V	L	I	F	Y	W	H	M	C	P
0	0.01287	0.05862	0.27411	0.04750	0.01983	0.05098	0.07642	0.09180	0.05850	0.02072	0.14167	0.02145	0.06702	0.00744	0.00589	0.00179	0.00670	0.00628	0.00398	0.02645
1	0.01371	0.09514	0.10415	0.01204	0.06521	0.07870	0.00987	0.01774	0.08179	0.11134	0.17161	0.06530	0.11036	0.00893	0.00590	0.00176	0.00533	0.00741	0.00478	0.02894
2	0.01307	0.09347	0.34827	0.01349	0.01948	0.01284	0.05814	0.07062	0.04629	0.05274	0.08353	0.01893	0.06449	0.00684	0.00561	0.00172	0.00667	0.00563	0.00374	0.07444
3	0.01904	0.02053	0.01442	0.01269	0.01589	0.46981	0.00968	0.05367	0.04805	0.08149	0.07537	0.01745	0.05698	0.00709	0.00550	0.00156	0.00799	0.00515	0.00407	0.07356
4	0.01348	0.01199	0.04649	0.05813	0.07497	0.07461	0.00951	0.03780	0.10561	0.08589	0.10115	0.08094	0.08519	0.00865	0.00590	0.00172	0.00527	0.03295	0.00469	0.15506
5	0.01250	0.02241	0.44283	0.02039	0.20585	0.01322	0.01834	0.01926	0.09675	0.01917	0.01347	0.01755	0.01081	0.00644	0.00580	0.00189	0.00750	0.05407	0.00316	0.00859
6	0.01206	0.01034	0.01206	0.00861	0.01378	0.00775	0.00689	0.01464	0.01206	0.01895	0.01034	0.01206	0.00861	0.00431	0.00431	0.00086	0.00431	0.00345	0.00345	0.83118
7	0.01010	0.00505	0.00758	0.00758	0.00758	0.00505	0.00505	0.00758	0.00758	0.01010	0.01010	0.01768	0.01010	0.02020	0.02273	0.83081	0.00505	0.00505	0.00253	0.00253
8	0.01267	0.01278	0.05752	0.02443	0.43631	0.05693	0.01358	0.01555	0.01280	0.01791	0.01645	0.19893	0.01640	0.00847	0.00597	0.00184	0.00604	0.00776	0.07002	0.00766
9	0.08318	0.17239	0.06866	0.08084	0.05251	0.26219	0.06183	0.05294	0.08033	0.01784	0.01077	0.01242	0.00860	0.00580	0.00510	0.00163	0.00789	0.00433	0.00326	0.00749

[dist]
# distance from previous block
# <min> <max>
0	11

[block]
# block no. 8 follows, 40 sequences, length 18
# corresponding to MSA columns:
# 597-614
name=unknown_I
#
# <colnr> <probs for GDERKNQSTAVLIFYWHMCP>
#	G	D	E	R	K	N	Q	S	T	A	V	L	I	F	Y	W	H	M	C	P
0	0.01224	0.01148	0.01949	0.21273	0.42465	0.01202	0.04065	0.01541	0.01249	0.01724	0.01456	0.15258	0.01403	0.00764	0.00611	0.00190	0.00659	0.00725	0.00326	0.00769
1	0.00705	0.00518	0.00662	0.00777	0.00835	0.00475	0.00525	0.00813	0.01145	0.01497	0.03606	0.68212	0.14560	0.01770	0.00734	0.00230	0.00331	0.01590	0.00540	0.00475
2	0.01095	0.01051	0.09097	0.05978	0.05683	0.00793	0.00909	0.01379	0.01321	0.06063	0.18349	0.17227	0.03927	0.00935	0.00593	0.00167	0.00461	0.00818	0.00454	0.23701
3	0.30289	0.01263	0.01199	0.01093	0.01283	0.12413	0.02343	0.01512	0.01091	0.01846	0.01351	0.17291	0.01402	0.03843	0.00932	0.00219	0.18996	0.00673	0.00362	0.00598
4	0.68958	0.01015	0.00823	0.00773	0.01075	0.01157	0.00614	0.01550	0.01012	0.02410	0.01235	0.14819	0.01200	0.00767	0.00428	0.00190	0.00430	0.00552	0.00392	0.00602
5	0.00774	0.00578	0.00719	0.00715	0.00846	0.00523	0.00524	0.00990	0.01483	0.02018	0.47796	0.17885	0.20287	0.01362	0.00696	0.00195	0.00290	0.01196	0.00601	0.00523
6	0.01043	0.00954	0.01579	0.61495	0.06291	0.01150	0.01431	0.01378	0.01160	0.01502	0.01421	0.15313	0.01326	0.00799	0.00610	0.00200	0.00694	0.00718	0.00309	0.00626
7	0.01324	0.01133	0.01266	0.01159	0.01405	0.01322	0.00897	0.05018	0.51396	0.02198	0.02311	0.15704	0.02007	0.00993	0.00758	0.00209	0.08725	0.00814	0.00546	0.00813
8	0.01239	0.01067	0.01544	0.07464	0.19485	0.01160	0.03687	0.08252	0.13922	0.01932	0.01786	0.15508	0.01672	0.01524	0.14500	0.00331	0.03005	0.00768	0.00413	0.00741
9	0.01207	0.05323	0.08927	0.00859	0.01104	0.07525	0.00747	0.05267	0.01318	0.01983	0.01865	0.15520	0.01696	0.00852	0.00499	0.00161	0.00452	0.00699	0.43386	0.00610
10	0.04375	0.07823	0.14298	0.03289	0.01874	0.01204	0.13972	0.03923	0.07665	0.14843	0.06021	0.02165	0.10141	0.00728	0.00582	0.00178	0.00620	0.00637	0.00442	0.05221
11	0.01212	0.05149	0.44261	0.01896	0.10876	0.01325	0.14605	0.01756	0.01307	0.01887	0.08978	0.01632	0.01288	0.00603	0.00586	0.00183	0.00791	0.00547	0.00301	0.00816
12	0.01118	0.00819	0.01365	0.01158	0.01365	0.00842	0.13633	0.01339	0.01073	0.09356	0.01619	0.02409	0.01474	0.17333	0.41668	0.00654	0.01157	0.00672	0.00359	0.00585
13	0.10066	0.16865	0.29263	0.01712	0.02356	0.01567	0.26612	0.01816	0.01244	0.01841	0.01020	0.01260	0.00778	0.00519	0.00544	0.00177	0.00813	0.00484	0.00275	0.00788
14	0.01296	0.19534	0.21778	0.07930	0.05923	0.02677	0.16086	0.01625	0.01178	0.01572	0.01011	0.01351	0.00825	0.00764	0.00817	0.13430	0.00761	0.00478	0.00261	0.00704
15	0.01055	0.00765	0.01266	0.01155	0.01343	0.00713	0.13616	0.01258	0.01244	0.09524	0.02734	0.48695	0.03007	0.01443	0.00723	0.00227	0.00491	0.09636	0.00515	0.00590
16	0.01076	0.00831	0.01064	0.09173	0.04321	0.00855	0.00795	0.13984	0.01592	0.02141	0.23652	0.24112	0.11667	0.01217	0.00668	0.00198	0.00428	0.01066	0.00536	0.00624
17	0.01213	0.05322	0.02042	0.53359	0.19865	0.01375	0.05506	0.01586	0.01211	0.01592	0.01043	0.01494	0.00812	0.00558	0.00575	0.00186	0.00759	0.00515	0.00266	0.00720

[dist]
# distance from previous block
# <min> <max>
0	11

[block]
# block no. 9 follows, 40 sequences, length 9
# corresponding to MSA columns:
# 626-634
name=unknown_J
#
# <colnr> <probs for GDERKNQSTAVLIFYWHMCP>
#	G	D	E	R	K	N	Q	S	T	A	V	L	I	F	Y	W	H	M	C	P
0	0.01418	0.01378	0.05905	0.04613	0.19141	0.07655	0.05189	0.17250	0.01570	0.02082	0.01680	0.19940	0.01639	0.01169	0.06448	0.00247	0.00721	0.00789	0.00411	0.00757
1	0.54732	0.01294	0.01216	0.09595	0.08042	0.06550	0.00914	0.08094	0.01236	0.02436	0.00917	0.01101	0.00711	0.00560	0.00434	0.00178	0.00564	0.00377	0.00358	0.00691
2	0.01232	0.01283	0.08300	0.46036	0.11604	0.01319	0.01522	0.06488	0.06899	0.01797	0.01356	0.01700	0.03636	0.00638	0.00605	0.00190	0.02231	0.00547	0.01884	0.00732
3	0.01007	0.00965	0.09188	0.01053	0.08076	0.00712	0.00813	0.01263	0.01410	0.08365	0.18828	0.04155	0.39629	0.01158	0.00653	0.00189	0.00407	0.00981	0.00520	0.00627
4	0.01485	0.01019	0.01220	0.00917	0.01363	0.00853	0.00736	0.08424	0.01490	0.14847	0.11936	0.01804	0.01633	0.00613	0.00508	0.00124	0.00439	0.00503	0.00473	0.49614
5	0.32913	0.00967	0.00986	0.00848	0.01175	0.00994	0.00675	0.06087	0.01254	0.12786	0.01504	0.09941	0.01289	0.00974	0.05725	0.00220	0.00512	0.00559	0.08141	0.12450
6	0.01023	0.07613	0.01066	0.00980	0.07931	0.00858	0.00671	0.01392	0.09378	0.01884	0.13100	0.03475	0.26033	0.04599	0.00686	0.00191	0.00383	0.00838	0.17289	0.00612
7	0.01355	0.00935	0.01194	0.02865	0.10456	0.00889	0.00833	0.11792	0.01574	0.13168	0.10618	0.11411	0.21345	0.01031	0.00624	0.00181	0.00447	0.00880	0.00529	0.07872
8	0.34498	0.01042	0.01188	0.05488	0.13384	0.01067	0.00856	0.01500	0.01106	0.02056	0.01373	0.01588	0.07284	0.00728	0.00618	0.07456	0.00494	0.00461	0.00346	0.17468

[dist]
# distance from previous block
# <min> <max>
1	442

# created by:
# /home/cegg/simao/soft/augustus-3.2.1/scripts/msa2prfl.pl ./align_prep/18255.fa
