[name]
unknown

[dist]
# distance from previous block
# <min> <max>
0	2

[block]
# block no. 0 follows, 46 sequences, length 11
# corresponding to MSA columns:
# 5-15
name=unknown_A
#
# <colnr> <probs for GDERKNQSTAVLIFYWHMCP>
#	G	D	E	R	K	N	Q	S	T	A	V	L	I	F	Y	W	H	M	C	P
0	0.01003	0.00676	0.00845	0.00766	0.00946	0.00661	0.00593	0.05042	0.08777	0.08449	0.57669	0.03528	0.04085	0.01003	0.00607	0.00170	0.00308	0.03711	0.00577	0.00584
1	0.00644	0.00460	0.00613	0.00736	0.00767	0.00429	0.00491	0.00736	0.01012	0.01350	0.02914	0.81076	0.03497	0.01656	0.00675	0.00215	0.00307	0.01503	0.00491	0.00429
2	0.00998	0.00789	0.00979	0.00916	0.01098	0.00897	0.00716	0.08009	0.20487	0.01678	0.01886	0.02205	0.07095	0.02648	0.46434	0.00568	0.01002	0.00608	0.00385	0.00601
3	0.00651	0.00511	0.00569	0.00603	0.00716	0.00451	0.00422	0.00762	0.01109	0.01384	0.06781	0.27042	0.44956	0.10547	0.00875	0.00227	0.00306	0.01184	0.00475	0.00429
4	0.00680	0.00538	0.00612	0.00594	0.00748	0.00470	0.00445	0.00866	0.01335	0.01738	0.37806	0.04578	0.45265	0.01223	0.00624	0.00173	0.00260	0.01044	0.00532	0.00470
5	0.85155	0.01022	0.00777	0.00695	0.01022	0.01186	0.00573	0.01554	0.00900	0.02372	0.00736	0.00859	0.00573	0.00491	0.00327	0.00164	0.00409	0.00286	0.00327	0.00573
6	0.00693	0.00518	0.00651	0.00745	0.00808	0.00498	0.00509	0.00895	0.06797	0.01422	0.03066	0.68543	0.09761	0.01558	0.00660	0.00209	0.00312	0.01401	0.00494	0.00462
7	0.85155	0.01022	0.00777	0.00695	0.01022	0.01186	0.00573	0.01554	0.00900	0.02372	0.00736	0.00859	0.00573	0.00491	0.00327	0.00164	0.00409	0.00286	0.00327	0.00573
8	0.00644	0.00460	0.00613	0.00736	0.00767	0.00429	0.00491	0.00736	0.01012	0.01350	0.02914	0.81076	0.03497	0.01656	0.00675	0.00215	0.00307	0.01503	0.00491	0.00429
9	0.50299	0.01312	0.00986	0.00872	0.01179	0.16140	0.00694	0.08749	0.04665	0.02214	0.00952	0.01062	0.00739	0.00536	0.00388	0.00155	0.00516	0.00347	0.07580	0.00616
10	0.05329	0.63694	0.05289	0.00953	0.01399	0.06093	0.00930	0.03924	0.01159	0.05915	0.00843	0.00933	0.00717	0.00478	0.00369	0.00123	0.00581	0.00310	0.00267	0.00693

[dist]
# distance from previous block
# <min> <max>
0	1

[block]
# block no. 1 follows, 46 sequences, length 30
# corresponding to MSA columns:
# 17-46
name=unknown_B
#
# <colnr> <probs for GDERKNQSTAVLIFYWHMCP>
#	G	D	E	R	K	N	Q	S	T	A	V	L	I	F	Y	W	H	M	C	P
0	0.01169	0.08325	0.12488	0.30059	0.25510	0.01304	0.06197	0.01600	0.05350	0.01568	0.01015	0.01323	0.00794	0.00506	0.00513	0.00164	0.00676	0.00460	0.00259	0.00719
1	0.01413	0.81739	0.02770	0.00905	0.01357	0.02092	0.00905	0.01583	0.01074	0.01244	0.00735	0.00848	0.00678	0.00452	0.00339	0.00113	0.00565	0.00283	0.00226	0.00678
2	0.00736	0.00555	0.00631	0.00619	0.00787	0.00485	0.00477	0.00912	0.01295	0.04258	0.24642	0.04737	0.49621	0.01255	0.00630	0.00180	0.00286	0.06895	0.00521	0.00479
3	0.01589	0.01272	0.01350	0.01131	0.01479	0.01443	0.00903	0.31797	0.47735	0.02653	0.01804	0.01695	0.01332	0.00685	0.00534	0.00171	0.00483	0.00550	0.00534	0.00861
4	0.00672	0.00506	0.00623	0.00660	0.00760	0.00456	0.00470	0.00826	0.01218	0.01616	0.27480	0.36341	0.23669	0.01389	0.00645	0.00190	0.00278	0.01226	0.00520	0.00456
5	0.07902	0.01193	0.01797	0.30921	0.40642	0.05555	0.01449	0.01545	0.01143	0.01617	0.00944	0.01290	0.00759	0.00498	0.00507	0.00163	0.00657	0.00449	0.00258	0.00713
6	0.85155	0.01022	0.00777	0.00695	0.01022	0.01186	0.00573	0.01554	0.00900	0.02372	0.00736	0.00859	0.00573	0.00491	0.00327	0.00164	0.00409	0.00286	0.00327	0.00573
7	0.00955	0.00734	0.01101	0.03632	0.22068	0.00717	0.00834	0.01123	0.01085	0.06133	0.02305	0.36155	0.08244	0.07462	0.04748	0.00247	0.00483	0.00997	0.00407	0.00569
8	0.01162	0.02390	0.57346	0.01875	0.18016	0.05164	0.03366	0.01686	0.01156	0.01666	0.00954	0.01154	0.00708	0.00497	0.00508	0.00164	0.00760	0.00410	0.00235	0.00783
9	0.01383	0.00843	0.07457	0.00859	0.01127	0.00643	0.00721	0.01577	0.01268	0.32714	0.06265	0.30302	0.10432	0.01091	0.00594	0.00184	0.00398	0.00947	0.00539	0.00655
10	0.00672	0.00534	0.00607	0.00622	0.00767	0.00469	0.00469	0.00834	0.01246	0.01580	0.20481	0.13767	0.47577	0.01330	0.00639	0.00185	0.00286	0.06968	0.00510	0.00459
11	0.01212	0.12042	0.23789	0.11335	0.32930	0.01352	0.06796	0.01605	0.01148	0.01604	0.00947	0.01215	0.00752	0.00482	0.00501	0.00158	0.00690	0.00435	0.00244	0.00763
12	0.01518	0.01821	0.22256	0.01568	0.09693	0.16900	0.08986	0.05471	0.04860	0.12770	0.01335	0.01703	0.01057	0.00624	0.00539	0.00167	0.00712	0.06919	0.00356	0.00746
13	0.04989	0.01092	0.01301	0.01007	0.01403	0.01088	0.00830	0.29245	0.01823	0.44365	0.01723	0.01584	0.01137	0.00639	0.00515	0.00160	0.00485	0.00501	0.05246	0.00866
14	0.01449	0.68113	0.04728	0.01082	0.05670	0.04019	0.00983	0.06162	0.01180	0.01411	0.00790	0.00909	0.00701	0.00468	0.00369	0.00120	0.00586	0.00309	0.00248	0.00702
15	0.00905	0.00707	0.00967	0.03304	0.10780	0.00715	0.00706	0.01151	0.03851	0.04406	0.31020	0.05259	0.15665	0.07976	0.05640	0.00244	0.04876	0.00827	0.00455	0.00547
16	0.00714	0.00531	0.00665	0.00649	0.00773	0.00482	0.00480	0.00926	0.01392	0.01911	0.56536	0.12273	0.18337	0.01189	0.00629	0.00174	0.00259	0.01043	0.00555	0.00482
17	0.00748	0.00557	0.00809	0.00813	0.00901	0.00634	0.00619	0.00917	0.00861	0.01223	0.01624	0.05068	0.04082	0.09896	0.67813	0.00778	0.01266	0.00634	0.00301	0.00458
18	0.00644	0.00460	0.00613	0.00736	0.00767	0.00429	0.00491	0.00736	0.01012	0.01350	0.02914	0.81076	0.03497	0.01656	0.00675	0.00215	0.00307	0.01503	0.00491	0.00429
19	0.01060	0.02735	0.78682	0.01507	0.02288	0.01228	0.01953	0.01674	0.01116	0.01674	0.00949	0.01116	0.00670	0.00502	0.00502	0.00167	0.00781	0.00391	0.00223	0.00781
20	0.01701	0.01311	0.01260	0.01035	0.01371	0.12411	0.00827	0.33205	0.06660	0.13475	0.02300	0.02207	0.18338	0.00789	0.00544	0.00162	0.00535	0.00617	0.00502	0.00752
21	0.00755	0.00566	0.00850	0.00850	0.00944	0.00661	0.00661	0.00944	0.00850	0.01227	0.01416	0.02077	0.01322	0.03965	0.79326	0.00850	0.01416	0.00566	0.00283	0.00472
22	0.01315	0.01136	0.01195	0.01076	0.01375	0.01315	0.00837	0.02809	0.77168	0.02211	0.02152	0.01972	0.01614	0.00717	0.00538	0.00179	0.00418	0.00598	0.00538	0.00837
23	0.02110	0.01320	0.01487	0.01140	0.01559	0.01401	0.00942	0.55958	0.02217	0.24114	0.01495	0.01416	0.01012	0.00640	0.00530	0.00160	0.00545	0.00491	0.00564	0.00899
24	0.00901	0.00659	0.00756	0.00717	0.00896	0.00638	0.00538	0.01308	0.14836	0.06654	0.25221	0.11615	0.28778	0.03268	0.00663	0.00187	0.00311	0.00970	0.00532	0.00555
25	0.00686	0.00523	0.00771	0.00824	0.00890	0.00488	0.05109	0.00808	0.01051	0.01409	0.06572	0.72337	0.03407	0.01553	0.00669	0.00210	0.00339	0.01422	0.00482	0.00450
26	0.08221	0.01113	0.05625	0.00853	0.01069	0.12095	0.00680	0.10735	0.01252	0.01638	0.02286	0.04239	0.18645	0.23887	0.01155	0.00268	0.00532	0.04794	0.00385	0.00525
27	0.01055	0.20345	0.03398	0.00915	0.01200	0.07029	0.06691	0.01289	0.01319	0.01717	0.34853	0.02673	0.09858	0.00815	0.00530	0.00149	0.00452	0.00691	0.00417	0.04603
28	0.08809	0.10206	0.01556	0.07378	0.01641	0.07855	0.00947	0.40254	0.01841	0.06332	0.01238	0.06065	0.00991	0.00646	0.00494	0.00156	0.00579	0.00490	0.00435	0.02087
29	0.01622	0.09934	0.01723	0.01746	0.26472	0.07906	0.01097	0.08616	0.08854	0.17106	0.03427	0.01447	0.01094	0.00562	0.00497	0.00149	0.00563	0.00468	0.00400	0.06319

[dist]
# distance from previous block
# <min> <max>
0	2

[block]
# block no. 2 follows, 46 sequences, length 79
# corresponding to MSA columns:
# 49-93,113-146
name=unknown_C
#
# <colnr> <probs for GDERKNQSTAVLIFYWHMCP>
#	G	D	E	R	K	N	Q	S	T	A	V	L	I	F	Y	W	H	M	C	P
0	0.01434	0.23052	0.16000	0.01375	0.05331	0.23578	0.08774	0.01705	0.01208	0.01428	0.00909	0.01155	0.00767	0.03831	0.00579	0.00157	0.02728	0.00392	0.02026	0.03571
1	0.01116	0.05719	0.09781	0.11704	0.18564	0.02687	0.06559	0.02480	0.04675	0.04522	0.08050	0.11767	0.08598	0.00778	0.00555	0.00170	0.00555	0.00695	0.00360	0.00665
2	0.00709	0.00614	0.04443	0.00896	0.04048	0.00517	0.00637	0.00847	0.01042	0.01400	0.02731	0.67746	0.03214	0.01536	0.00665	0.00212	0.00358	0.07450	0.00468	0.00468
3	0.01093	0.02541	0.68679	0.01734	0.12200	0.01231	0.01910	0.01667	0.01128	0.01681	0.00955	0.01141	0.00692	0.00498	0.00505	0.00166	0.00761	0.00401	0.00228	0.00789
4	0.01299	0.02764	0.29435	0.14736	0.06113	0.03537	0.01389	0.16770	0.01410	0.04882	0.04787	0.01474	0.01032	0.02731	0.05178	0.00213	0.00714	0.00475	0.00331	0.00731
5	0.00867	0.00603	0.00716	0.00708	0.00774	0.00631	0.00468	0.01096	0.10266	0.03551	0.01852	0.12366	0.01968	0.48198	0.13248	0.00474	0.00605	0.00800	0.00372	0.00437
6	0.04912	0.00748	0.00810	0.00782	0.00902	0.07133	0.00573	0.01023	0.00930	0.01276	0.01761	0.02530	0.08814	0.22828	0.38605	0.00575	0.00946	0.00629	0.00315	0.03909
7	0.36168	0.01384	0.10027	0.01787	0.29034	0.05046	0.02861	0.01674	0.04207	0.01987	0.00923	0.01113	0.00732	0.00496	0.00440	0.00161	0.00567	0.00388	0.00297	0.00707
8	0.01294	0.01241	0.02119	0.06885	0.74598	0.01252	0.01615	0.01610	0.01197	0.01709	0.00992	0.01313	0.00831	0.00474	0.00524	0.00158	0.00632	0.00471	0.00260	0.00826
9	0.01354	0.05282	0.10049	0.01688	0.21606	0.08864	0.03309	0.07788	0.10432	0.01836	0.01106	0.01258	0.00879	0.00510	0.00498	0.00140	0.01725	0.00423	0.00324	0.20929
10	0.00648	0.00530	0.00572	0.00574	0.00731	0.00454	0.00426	0.00798	0.01239	0.01541	0.17669	0.11176	0.59164	0.01321	0.00629	0.00179	0.00268	0.01120	0.00507	0.00454
11	0.00871	0.00971	0.08371	0.03162	0.11859	0.04564	0.00832	0.01089	0.01166	0.01487	0.06379	0.06645	0.38380	0.01321	0.08154	0.00239	0.02725	0.00841	0.00393	0.00552
12	0.00985	0.02217	0.59177	0.01374	0.02003	0.01074	0.05413	0.01488	0.01116	0.01616	0.01526	0.11687	0.06628	0.00708	0.00539	0.00175	0.00689	0.00598	0.00279	0.00708
13	0.01679	0.00746	0.01005	0.00823	0.01111	0.00658	0.00658	0.01902	0.01506	0.45877	0.34437	0.02717	0.02880	0.00836	0.00571	0.00165	0.00364	0.00713	0.00623	0.00729
14	0.01392	0.77765	0.02659	0.00884	0.01321	0.02014	0.00878	0.01566	0.01076	0.01279	0.00783	0.00903	0.00712	0.00460	0.00341	0.00114	0.00550	0.00293	0.04342	0.00669
15	0.00998	0.00940	0.01586	0.80150	0.03641	0.01175	0.01468	0.01351	0.01057	0.01351	0.00940	0.01409	0.00705	0.00529	0.00529	0.00176	0.00705	0.00470	0.00235	0.00587
16	0.01254	0.17297	0.01498	0.01227	0.11251	0.18399	0.00865	0.01572	0.09543	0.01472	0.02228	0.02278	0.21513	0.00996	0.06207	0.00202	0.00625	0.00598	0.00350	0.00625
17	0.00915	0.00629	0.00721	0.00709	0.00785	0.00649	0.00485	0.07184	0.04747	0.01436	0.01896	0.09319	0.02040	0.48945	0.01842	0.00383	0.00475	0.09910	0.06496	0.00435
18	0.01229	0.00652	0.00832	0.00723	0.00948	0.00574	0.00565	0.01440	0.01439	0.25830	0.38622	0.03522	0.19485	0.01003	0.00595	0.00168	0.00316	0.00858	0.00585	0.00613
19	0.01060	0.02735	0.78682	0.01507	0.02288	0.01228	0.01953	0.01674	0.01116	0.01674	0.00949	0.01116	0.00670	0.00502	0.00502	0.00167	0.00781	0.00391	0.00223	0.00781
20	0.07711	0.04760	0.52368	0.01487	0.04154	0.01235	0.08460	0.04692	0.01176	0.01780	0.01085	0.01478	0.00860	0.00569	0.00513	0.00171	0.00722	0.05773	0.00268	0.00740
21	0.11392	0.05670	0.01819	0.03123	0.07307	0.32135	0.15568	0.06456	0.01357	0.04825	0.00962	0.01153	0.00761	0.00621	0.02667	0.00173	0.02612	0.00424	0.00305	0.00671
22	0.01534	0.01043	0.00956	0.00828	0.01062	0.13631	0.00639	0.12385	0.01420	0.16049	0.01572	0.01779	0.01211	0.06460	0.00608	0.00166	0.00467	0.00492	0.37063	0.00633
23	0.01233	0.40309	0.38735	0.01214	0.01800	0.01659	0.01415	0.01611	0.01081	0.01449	0.00834	0.00990	0.00675	0.00499	0.00485	0.00145	0.04576	0.00343	0.00225	0.00722
24	0.01370	0.04898	0.20511	0.01718	0.14851	0.03125	0.14357	0.07174	0.06256	0.09914	0.03367	0.01591	0.04686	0.00594	0.00575	0.00167	0.03204	0.00525	0.00349	0.00765
25	0.00703	0.00554	0.00639	0.00682	0.00828	0.00499	0.00541	0.00863	0.01180	0.01453	0.04284	0.08494	0.47939	0.05181	0.00757	0.00216	0.00349	0.23903	0.00482	0.00452
26	0.00644	0.00472	0.00605	0.00707	0.00760	0.00434	0.00479	0.00746	0.01051	0.01381	0.05284	0.68723	0.13577	0.01598	0.00667	0.00208	0.00300	0.01436	0.00493	0.00434
27	0.01327	0.21928	0.31416	0.01418	0.03456	0.11876	0.09199	0.03031	0.04781	0.01554	0.00942	0.01109	0.00740	0.00522	0.00534	0.00154	0.04636	0.00398	0.00256	0.00722
28	0.01251	0.07995	0.53616	0.10036	0.03417	0.01227	0.01668	0.01747	0.01159	0.11472	0.01079	0.01220	0.00759	0.00521	0.00497	0.00164	0.00712	0.00411	0.00281	0.00769
29	0.02329	0.00969	0.01270	0.00974	0.01384	0.00880	0.00804	0.11407	0.01629	0.69494	0.01988	0.01736	0.01260	0.00652	0.00531	0.00163	0.00466	0.00525	0.00639	0.00900
30	0.01059	0.01013	0.03190	0.10551	0.31944	0.00993	0.06733	0.01423	0.06377	0.01671	0.06819	0.07655	0.14322	0.00763	0.00561	0.00170	0.00527	0.00700	0.02855	0.00674
31	0.01655	0.12003	0.01554	0.01195	0.02580	0.31020	0.00934	0.13124	0.17075	0.03714	0.01331	0.07025	0.01127	0.00674	0.00528	0.00155	0.02718	0.00500	0.00383	0.00706
32	0.01431	0.01380	0.02084	0.02838	0.60591	0.06948	0.05091	0.09852	0.01368	0.01870	0.01015	0.01284	0.00831	0.00493	0.00525	0.00157	0.00659	0.00469	0.00292	0.00822
33	0.01519	0.01597	0.01752	0.09893	0.25254	0.25021	0.04833	0.10860	0.01427	0.01737	0.04190	0.01376	0.02272	0.00585	0.00593	0.00159	0.05444	0.00470	0.00311	0.00709
34	0.00729	0.00540	0.00681	0.00645	0.00778	0.00491	0.00484	0.00961	0.01452	0.02015	0.66839	0.04122	0.16059	0.01120	0.00624	0.00168	0.00252	0.00980	0.00568	0.00491
35	0.01599	0.00962	0.01147	0.00929	0.01230	0.00971	0.00747	0.28034	0.01850	0.21582	0.31891	0.02466	0.02625	0.00817	0.00567	0.00163	0.00417	0.00681	0.00581	0.00740
36	0.00738	0.00496	0.00573	0.00613	0.00661	0.00475	0.00392	0.00816	0.00945	0.01302	0.02531	0.28918	0.11611	0.35145	0.01480	0.00324	0.00381	0.01016	0.11188	0.00394
37	0.00644	0.00460	0.00613	0.00736	0.00767	0.00429	0.00491	0.00736	0.01012	0.01350	0.02914	0.81076	0.03497	0.01656	0.00675	0.00215	0.00307	0.01503	0.00491	0.00429
38	0.00722	0.00539	0.00671	0.00638	0.00774	0.00488	0.00478	0.00947	0.01435	0.01974	0.62558	0.04189	0.20365	0.01135	0.00624	0.00169	0.00253	0.00990	0.00563	0.00488
39	0.07154	0.00666	0.00820	0.00729	0.00918	0.00639	0.00564	0.04922	0.01503	0.11733	0.59028	0.03325	0.04007	0.00963	0.00586	0.00165	0.00302	0.00831	0.00570	0.00574
40	0.85155	0.01022	0.00777	0.00695	0.01022	0.01186	0.00573	0.01554	0.00900	0.02372	0.00736	0.00859	0.00573	0.00491	0.00327	0.00164	0.00409	0.00286	0.00327	0.00573
41	0.01413	0.81739	0.02770	0.00905	0.01357	0.02092	0.00905	0.01583	0.01074	0.01244	0.00735	0.00848	0.00678	0.00452	0.00339	0.00113	0.00565	0.00283	0.00226	0.00678
42	0.01071	0.00911	0.01068	0.00774	0.01219	0.00690	0.00617	0.01307	0.01125	0.01751	0.06504	0.01303	0.01087	0.00441	0.00408	0.00085	0.00381	0.00360	0.00333	0.78564
43	0.00714	0.00489	0.00593	0.00647	0.00661	0.00476	0.00396	0.00754	0.00877	0.01169	0.02219	0.37843	0.02619	0.46086	0.01798	0.00381	0.00421	0.01094	0.00396	0.00369
44	0.04800	0.00788	0.00827	0.00712	0.00938	0.00825	0.00564	0.19865	0.01469	0.07859	0.01598	0.01740	0.01207	0.00618	0.00419	0.00137	0.00350	0.00483	0.54177	0.00626
45	0.02372	0.00900	0.01227	0.00941	0.01350	0.00777	0.00777	0.02576	0.01513	0.78489	0.02086	0.01799	0.01309	0.00654	0.00532	0.00164	0.00450	0.00532	0.00654	0.00900
46	0.01315	0.01136	0.01195	0.01076	0.01375	0.01315	0.00837	0.02809	0.77168	0.02211	0.02152	0.01972	0.01614	0.00717	0.00538	0.00179	0.00418	0.00598	0.00538	0.00837
47	0.01315	0.01136	0.01195	0.01076	0.01375	0.01315	0.00837	0.02809	0.77168	0.02211	0.02152	0.01972	0.01614	0.00717	0.00538	0.00179	0.00418	0.00598	0.00538	0.00837
48	0.01157	0.01157	0.01619	0.01388	0.01388	0.01619	0.01157	0.01272	0.00810	0.01272	0.00694	0.01157	0.00694	0.00925	0.01735	0.00231	0.80453	0.00463	0.00231	0.00578
49	0.01503	0.01090	0.01327	0.01108	0.01336	0.01275	0.00902	0.16259	0.16253	0.13614	0.04653	0.01619	0.01245	0.00756	0.00896	0.00182	0.25436	0.00522	0.07377	0.02646
50	0.01373	0.72651	0.11503	0.00974	0.01464	0.01992	0.01025	0.01593	0.01079	0.01293	0.00760	0.00879	0.00677	0.00458	0.00358	0.00119	0.00590	0.00295	0.00226	0.00690
51	0.00637	0.00489	0.00584	0.00660	0.00747	0.00436	0.00457	0.00745	0.01085	0.01379	0.03843	0.52171	0.31802	0.01536	0.00656	0.00201	0.00292	0.01356	0.00491	0.00436
52	0.00739	0.00546	0.00685	0.00688	0.00806	0.00550	0.00521	0.00906	0.01046	0.01424	0.09082	0.03476	0.25691	0.09569	0.30951	0.00464	0.00737	0.04334	0.07330	0.00455
53	0.00666	0.00480	0.00654	0.00759	0.00802	0.00467	0.00526	0.00776	0.00996	0.01340	0.02703	0.67732	0.03181	0.01970	0.11572	0.00304	0.00466	0.03708	0.00462	0.00437
54	0.01049	0.00992	0.01677	0.67542	0.15852	0.01188	0.01493	0.01395	0.01081	0.01412	0.00949	0.01393	0.00726	0.00519	0.00528	0.00173	0.00692	0.00470	0.00239	0.00628
55	0.08361	0.00909	0.01194	0.00923	0.01326	0.00807	0.00762	0.02502	0.01469	0.72982	0.01988	0.01731	0.01255	0.00642	0.00517	0.00164	0.00447	0.00514	0.00631	0.00876
56	0.01032	0.01094	0.07878	0.15593	0.30558	0.01028	0.01259	0.01318	0.01114	0.01526	0.01804	0.05888	0.12355	0.01001	0.06656	0.00228	0.04958	0.03747	0.00308	0.00656
57	0.01266	0.04753	0.24621	0.04799	0.37931	0.06538	0.06749	0.01654	0.01179	0.01636	0.00953	0.01217	0.00761	0.00499	0.00553	0.00161	0.03264	0.00442	0.00248	0.00775
58	0.01289	0.01166	0.04273	0.07359	0.41900	0.02586	0.08658	0.01596	0.01215	0.08009	0.01368	0.05577	0.01202	0.00641	0.00552	0.00170	0.00611	0.07207	0.03878	0.00743
59	0.40673	0.06453	0.01237	0.01025	0.01333	0.38415	0.00806	0.01821	0.01195	0.01793	0.00775	0.00903	0.00630	0.00514	0.00399	0.00148	0.00677	0.00312	0.00295	0.00598
60	0.00676	0.00530	0.00612	0.00607	0.00750	0.00466	0.00449	0.00853	0.01304	0.01700	0.34355	0.11943	0.41338	0.01265	0.00629	0.00177	0.00264	0.01089	0.00528	0.00466
61	0.01381	0.25906	0.07022	0.01446	0.09307	0.11263	0.11159	0.01861	0.14407	0.01590	0.01090	0.01224	0.00882	0.00522	0.00499	0.00145	0.02773	0.00423	0.00302	0.06798
62	0.00731	0.00540	0.00682	0.00647	0.00779	0.00491	0.00485	0.00963	0.01455	0.02021	0.67461	0.04112	0.15434	0.01118	0.00624	0.00168	0.00252	0.00979	0.00569	0.00491
63	0.01309	0.04341	0.19198	0.04843	0.25095	0.12106	0.17418	0.01678	0.01208	0.01595	0.01016	0.01279	0.01886	0.00517	0.00583	0.00164	0.04301	0.00471	0.00256	0.00736
64	0.00705	0.00539	0.00647	0.00620	0.00763	0.00480	0.00465	0.00914	0.01394	0.01878	0.52485	0.04347	0.30498	0.01171	0.00624	0.00171	0.00256	0.01012	0.00550	0.00480
65	0.00696	0.00574	0.00692	0.02999	0.00876	0.00512	0.02627	0.00873	0.01269	0.01618	0.26075	0.04474	0.49023	0.04507	0.00706	0.00189	0.00303	0.01022	0.00496	0.00468
66	0.01191	0.01214	0.01614	0.01387	0.01398	0.04903	0.01151	0.01308	0.00839	0.01273	0.00699	0.01148	0.00693	0.00909	0.01682	0.00227	0.77093	0.00457	0.00233	0.00580
67	0.01975	0.02520	0.01498	0.01362	0.01634	0.79299	0.01021	0.02111	0.01498	0.01294	0.00817	0.00953	0.00681	0.00545	0.00477	0.00136	0.00953	0.00340	0.00272	0.00613
68	0.02094	0.00907	0.01172	0.00931	0.01307	0.00830	0.00758	0.02478	0.12332	0.61984	0.02332	0.02062	0.06894	0.00713	0.00539	0.00167	0.00432	0.00583	0.00626	0.00858
69	0.01988	0.01460	0.01564	0.01201	0.01618	0.01615	0.00991	0.74781	0.02457	0.03303	0.01279	0.01284	0.00909	0.00634	0.00526	0.00158	0.00575	0.00476	0.02291	0.00891
70	0.00627	0.00536	0.00539	0.00538	0.00716	0.00447	0.00404	0.00764	0.01211	0.01442	0.06822	0.05065	0.76434	0.01334	0.00625	0.00178	0.00267	0.01112	0.00493	0.00447
71	0.00744	0.00574	0.00701	0.00765	0.00914	0.00531	0.00637	0.00935	0.01211	0.01509	0.04017	0.05546	0.38699	0.01403	0.00680	0.00212	0.00382	0.39583	0.00489	0.00468
72	0.01995	0.01903	0.01551	0.01276	0.01637	0.33231	0.01012	0.46156	0.02084	0.02503	0.01085	0.01141	0.00810	0.00598	0.00508	0.00150	0.00733	0.00421	0.00425	0.00783
73	0.02339	0.00953	0.01260	0.00966	0.01376	0.00856	0.00798	0.09305	0.01602	0.71636	0.02011	0.01751	0.01271	0.00653	0.00531	0.00163	0.00462	0.00527	0.00643	0.00900
74	0.00660	0.00537	0.00584	0.00572	0.00736	0.00461	0.00429	0.00827	0.01288	0.01625	0.25983	0.04764	0.57158	0.01265	0.00624	0.00175	0.00263	0.01070	0.00517	0.00461
75	0.62486	0.01031	0.00926	0.00782	0.01133	0.01136	0.00645	0.07172	0.01138	0.17754	0.01046	0.01078	0.00744	0.00534	0.00383	0.00163	0.00430	0.00349	0.00408	0.00662
76	0.01274	0.01427	0.25286	0.07577	0.01667	0.00964	0.01117	0.07423	0.06520	0.14581	0.07482	0.02150	0.11930	0.00722	0.00529	0.00165	0.00526	0.00591	0.07362	0.00707
77	0.01391	0.01019	0.01072	0.00925	0.01200	0.01136	0.00731	0.21583	0.33139	0.02428	0.01783	0.01788	0.01343	0.00663	0.00481	0.00156	0.00406	0.00532	0.27482	0.00742
78	0.85155	0.01022	0.00777	0.00695	0.01022	0.01186	0.00573	0.01554	0.00900	0.02372	0.00736	0.00859	0.00573	0.00491	0.00327	0.00164	0.00409	0.00286	0.00327	0.00573

[dist]
# distance from previous block
# <min> <max>
0	5

[block]
# block no. 3 follows, 46 sequences, length 77
# corresponding to MSA columns:
# 152-228
name=unknown_D
#
# <colnr> <probs for GDERKNQSTAVLIFYWHMCP>
#	G	D	E	R	K	N	Q	S	T	A	V	L	I	F	Y	W	H	M	C	P
0	0.00769	0.00513	0.00577	0.00577	0.00577	0.00513	0.00320	0.00769	0.00769	0.01025	0.01666	0.03460	0.01922	0.81421	0.02691	0.00513	0.00513	0.00769	0.00320	0.00320
1	0.85155	0.01022	0.00777	0.00695	0.01022	0.01186	0.00573	0.01554	0.00900	0.02372	0.00736	0.00859	0.00573	0.00491	0.00327	0.00164	0.00409	0.00286	0.00327	0.00573
2	0.01141	0.02136	0.44670	0.01800	0.02469	0.01263	0.33726	0.01675	0.01172	0.01683	0.01000	0.01248	0.00729	0.00476	0.00552	0.00170	0.00820	0.00489	0.00244	0.02534
3	0.01114	0.00948	0.01010	0.00923	0.01177	0.01050	0.00713	0.02197	0.53423	0.02053	0.12283	0.02804	0.16317	0.00879	0.00565	0.00178	0.00369	0.00740	0.00535	0.00721
4	0.00741	0.00540	0.00697	0.00658	0.00786	0.00496	0.00493	0.00985	0.01480	0.02082	0.73869	0.04011	0.08988	0.01095	0.00624	0.00167	0.00250	0.00965	0.00577	0.00496
5	0.02010	0.01481	0.01587	0.01216	0.01639	0.01639	0.01005	0.76360	0.02486	0.03332	0.01269	0.01269	0.00899	0.00635	0.00529	0.00159	0.00582	0.00476	0.00529	0.00899
6	0.00625	0.00536	0.00536	0.00536	0.00714	0.00446	0.00402	0.00759	0.01205	0.01428	0.05355	0.05088	0.77909	0.01339	0.00625	0.00179	0.00268	0.01116	0.00491	0.00446
7	0.01096	0.00940	0.01096	0.00783	0.01253	0.00705	0.00626	0.01331	0.01096	0.01723	0.00940	0.01096	0.00783	0.00392	0.00392	0.00078	0.00392	0.00313	0.00313	0.84653
8	0.00760	0.00529	0.00670	0.00673	0.00706	0.00560	0.00440	0.00827	0.00804	0.01103	0.01621	0.05457	0.01770	0.52847	0.28395	0.00616	0.00810	0.00724	0.00313	0.00375
9	0.00769	0.00513	0.00577	0.00577	0.00577	0.00513	0.00320	0.00769	0.00769	0.01025	0.01666	0.03460	0.01922	0.81421	0.02691	0.00513	0.00513	0.00769	0.00320	0.00320
10	0.01183	0.28321	0.50925	0.01341	0.02005	0.01513	0.04679	0.01645	0.01108	0.01535	0.00884	0.01042	0.00678	0.00484	0.00454	0.00150	0.00716	0.00365	0.00226	0.00745
11	0.30782	0.12200	0.21789	0.01237	0.08504	0.06898	0.01121	0.01693	0.03408	0.04427	0.02963	0.01121	0.00818	0.00519	0.00425	0.00156	0.00584	0.00370	0.00301	0.00686
12	0.07824	0.10192	0.02938	0.01290	0.04708	0.37713	0.00997	0.17510	0.08616	0.01900	0.01030	0.01113	0.00811	0.00562	0.00471	0.00146	0.00731	0.00389	0.00348	0.00709
13	0.00858	0.00499	0.00748	0.00748	0.00783	0.00533	0.00533	0.00783	0.00748	0.01032	0.01102	0.01780	0.01067	0.02621	0.30553	0.53732	0.00812	0.00499	0.00249	0.00319
14	0.01233	0.01182	0.02025	0.20518	0.41923	0.01243	0.11028	0.03891	0.05677	0.01697	0.01082	0.01410	0.00866	0.00618	0.03192	0.00189	0.00692	0.00501	0.00281	0.00754
15	0.01096	0.00940	0.01096	0.00783	0.01253	0.00705	0.00626	0.01331	0.01096	0.01723	0.00940	0.01096	0.00783	0.00392	0.00392	0.00078	0.00392	0.00313	0.00313	0.84653
16	0.01279	0.17916	0.06892	0.03130	0.01431	0.01383	0.00907	0.06481	0.40195	0.01970	0.08825	0.01856	0.01616	0.03162	0.00568	0.00172	0.00478	0.00547	0.00440	0.00749
17	0.02010	0.01481	0.01587	0.01216	0.01639	0.01639	0.01005	0.76360	0.02486	0.03332	0.01269	0.01269	0.00899	0.00635	0.00529	0.00159	0.00582	0.00476	0.00529	0.00899
18	0.00766	0.00522	0.00625	0.00625	0.00642	0.00539	0.00381	0.00800	0.00783	0.01061	0.01621	0.03213	0.01815	0.67613	0.16352	0.00573	0.00674	0.00733	0.00314	0.00347
19	0.00750	0.00560	0.00828	0.00830	0.00924	0.00638	0.00641	0.00940	0.00909	0.01304	0.07655	0.05490	0.01708	0.03636	0.69717	0.00768	0.01276	0.00637	0.00316	0.00472
20	0.01380	0.59139	0.12456	0.01028	0.01486	0.08684	0.01049	0.01610	0.01126	0.01327	0.00905	0.01226	0.00832	0.00533	0.00398	0.00131	0.00623	0.05148	0.00247	0.00674
21	0.01308	0.01256	0.02146	0.03245	0.78123	0.01256	0.01622	0.01622	0.01204	0.01727	0.00994	0.01308	0.00837	0.00471	0.00523	0.00157	0.00628	0.00471	0.00262	0.00837
22	0.00630	0.00536	0.00542	0.00540	0.00717	0.00448	0.00405	0.00768	0.01216	0.01454	0.08115	0.05044	0.75132	0.01329	0.00625	0.00178	0.00267	0.01110	0.00494	0.00448
23	0.01115	0.00979	0.01602	0.02170	0.43288	0.00966	0.03977	0.01382	0.01204	0.04101	0.09267	0.05990	0.08819	0.01041	0.07670	0.00231	0.00609	0.04543	0.00352	0.00694
24	0.01119	0.01091	0.07587	0.01636	0.25544	0.03523	0.03340	0.04440	0.01306	0.06198	0.12882	0.08108	0.19312	0.00859	0.00572	0.00169	0.00489	0.00756	0.00406	0.00662
25	0.01975	0.02520	0.01498	0.01362	0.01634	0.79299	0.01021	0.02111	0.01498	0.01294	0.00817	0.00953	0.00681	0.00545	0.00477	0.00136	0.00953	0.00340	0.00272	0.00613
26	0.00798	0.00651	0.00958	0.18643	0.06301	0.00688	0.00811	0.00984	0.01053	0.01382	0.02446	0.32959	0.10703	0.05171	0.06401	0.00261	0.00519	0.08380	0.00396	0.00496
27	0.01355	0.28663	0.17065	0.04261	0.22335	0.06051	0.04841	0.03643	0.01193	0.03260	0.00928	0.01127	0.00757	0.00541	0.01748	0.00156	0.00678	0.00395	0.00259	0.00743
28	0.01805	0.01757	0.01473	0.05847	0.01687	0.41345	0.06192	0.05057	0.01459	0.16908	0.01433	0.04268	0.03662	0.00670	0.00527	0.00157	0.00751	0.03948	0.00382	0.00670
29	0.23535	0.02132	0.01311	0.01189	0.01476	0.59052	0.00905	0.01967	0.01343	0.01573	0.00796	0.00929	0.00653	0.00531	0.00438	0.00143	0.00812	0.00326	0.00287	0.00602
30	0.00732	0.00499	0.00615	0.00678	0.00706	0.00486	0.00443	0.00802	0.00924	0.01246	0.02297	0.36104	0.02667	0.37758	0.01583	0.00349	0.00415	0.08037	0.03271	0.00388
31	0.01157	0.01157	0.01619	0.01388	0.01388	0.01619	0.01157	0.01272	0.00810	0.01272	0.00694	0.01157	0.00694	0.00925	0.01735	0.00231	0.80453	0.00463	0.00231	0.00578
32	0.01315	0.01136	0.01195	0.01076	0.01375	0.01315	0.00837	0.02809	0.77168	0.02211	0.02152	0.01972	0.01614	0.00717	0.00538	0.00179	0.00418	0.00598	0.00538	0.00837
33	0.00644	0.00460	0.00613	0.00736	0.00767	0.00429	0.00491	0.00736	0.01012	0.01350	0.02914	0.81076	0.03497	0.01656	0.00675	0.00215	0.00307	0.01503	0.00491	0.00429
34	0.01050	0.00512	0.00527	0.00514	0.00650	0.00506	0.00389	0.01295	0.01128	0.05549	0.01741	0.01963	0.01353	0.00618	0.00377	0.00125	0.00256	0.00495	0.80442	0.00512
35	0.00644	0.00460	0.00613	0.00736	0.00767	0.00429	0.00491	0.00736	0.01012	0.01350	0.02914	0.81076	0.03497	0.01656	0.00675	0.00215	0.00307	0.01503	0.00491	0.00429
36	0.00644	0.00460	0.00613	0.00736	0.00767	0.00429	0.00491	0.00736	0.01012	0.01350	0.02914	0.81076	0.03497	0.01656	0.00675	0.00215	0.00307	0.01503	0.00491	0.00429
37	0.01413	0.81739	0.02770	0.00905	0.01357	0.02092	0.00905	0.01583	0.01074	0.01244	0.00735	0.00848	0.00678	0.00452	0.00339	0.00113	0.00565	0.00283	0.00226	0.00678
38	0.00625	0.00536	0.00536	0.00536	0.00714	0.00446	0.00402	0.00759	0.01205	0.01428	0.05355	0.05088	0.77909	0.01339	0.00625	0.00179	0.00268	0.01116	0.00491	0.00446
39	0.01308	0.01256	0.02146	0.03245	0.78123	0.01256	0.01622	0.01622	0.01204	0.01727	0.00994	0.01308	0.00837	0.00471	0.00523	0.00157	0.00628	0.00471	0.00262	0.00837
40	0.00786	0.00590	0.00734	0.00689	0.00833	0.00563	0.00519	0.01131	0.07871	0.02070	0.65362	0.03877	0.10821	0.01072	0.00616	0.00168	0.00265	0.00939	0.00571	0.00523
41	0.01273	0.01220	0.02081	0.12096	0.69551	0.01247	0.01605	0.01591	0.01187	0.01684	0.00988	0.01320	0.00822	0.00478	0.00524	0.00159	0.00637	0.00471	0.00259	0.00809
42	0.01060	0.02735	0.78682	0.01507	0.02288	0.01228	0.01953	0.01674	0.01116	0.01674	0.00949	0.01116	0.00670	0.00502	0.00502	0.00167	0.00781	0.00391	0.00223	0.00781
43	0.01100	0.01139	0.02214	0.48241	0.03281	0.01241	0.32073	0.01491	0.01135	0.01491	0.00993	0.01416	0.00745	0.00495	0.00568	0.00177	0.00781	0.00533	0.00248	0.00639
44	0.01568	0.01261	0.01338	0.01127	0.01471	0.01433	0.00898	0.29622	0.49943	0.02620	0.01830	0.01716	0.01353	0.00687	0.00535	0.00172	0.00478	0.00553	0.00535	0.00859
45	0.00715	0.03883	0.00713	0.00630	0.00780	0.00536	0.00475	0.00898	0.01310	0.01723	0.37415	0.12289	0.34299	0.01219	0.00618	0.00174	0.00276	0.01050	0.00521	0.00478
46	0.01085	0.08243	0.73389	0.01465	0.02223	0.01288	0.01880	0.01668	0.01113	0.01644	0.00934	0.01097	0.00670	0.00499	0.00491	0.00164	0.00766	0.00383	0.00223	0.00774
47	0.01975	0.02520	0.01498	0.01362	0.01634	0.79299	0.01021	0.02111	0.01498	0.01294	0.00817	0.00953	0.00681	0.00545	0.00477	0.00136	0.00953	0.00340	0.00272	0.00613
48	0.00716	0.00544	0.00676	0.00753	0.00873	0.00504	0.00596	0.00881	0.01161	0.01467	0.03763	0.24686	0.30521	0.01466	0.00678	0.00212	0.00361	0.29196	0.00489	0.00457
49	0.00833	0.00599	0.00827	0.00943	0.01064	0.00594	0.00816	0.01065	0.01208	0.01565	0.02923	0.09024	0.06562	0.01463	0.00723	0.00239	0.00469	0.68114	0.00487	0.00483
50	0.01355	0.01139	0.01814	0.29763	0.40038	0.03542	0.01443	0.01663	0.01201	0.11318	0.01108	0.01395	0.00846	0.00517	0.00525	0.00164	0.00642	0.00474	0.00302	0.00751
51	0.21458	0.04784	0.01447	0.01230	0.01534	0.54708	0.04427	0.01943	0.01332	0.01564	0.00807	0.00950	0.00661	0.00524	0.00444	0.00144	0.00810	0.00339	0.00283	0.00610
52	0.01223	0.01248	0.01689	0.37410	0.27702	0.12892	0.01384	0.01512	0.01169	0.01466	0.01077	0.06862	0.00940	0.00591	0.00529	0.00167	0.00689	0.00523	0.00267	0.00663
53	0.01407	0.02856	0.01509	0.01461	0.11023	0.30561	0.07324	0.01624	0.01289	0.01506	0.01327	0.06490	0.01278	0.00713	0.00531	0.00154	0.00689	0.12636	0.00325	0.15296
54	0.00648	0.00556	0.00558	0.00554	0.00737	0.00476	0.00416	0.00829	0.03793	0.01455	0.05246	0.04982	0.75309	0.01318	0.00622	0.00179	0.00273	0.01098	0.00493	0.00460
55	0.00763	0.00537	0.00701	0.00701	0.00744	0.00580	0.00476	0.00849	0.00806	0.01117	0.01552	0.02829	0.01648	0.46073	0.37664	0.00666	0.00925	0.00676	0.00303	0.00390
56	0.01060	0.02735	0.78682	0.01507	0.02288	0.01228	0.01953	0.01674	0.01116	0.01674	0.00949	0.01116	0.00670	0.00502	0.00502	0.00167	0.00781	0.00391	0.00223	0.00781
57	0.01159	0.01033	0.03524	0.00836	0.01312	0.00786	0.00694	0.06573	0.01194	0.01833	0.00963	0.01109	0.00788	0.00412	0.00405	0.00087	0.00417	0.00327	0.00325	0.76226
58	0.01243	0.01026	0.01175	0.00853	0.01315	0.00855	0.00687	0.13374	0.01319	0.01981	0.00993	0.01124	0.00802	0.00431	0.00414	0.00091	0.00422	0.00339	0.00348	0.71209
59	0.01046	0.00988	0.01671	0.68379	0.15041	0.01187	0.01492	0.01392	0.01080	0.01408	0.00948	0.01394	0.00725	0.00520	0.00528	0.00173	0.00693	0.00470	0.00239	0.00626
60	0.00765	0.00528	0.00655	0.00655	0.00682	0.00555	0.00418	0.00819	0.00792	0.01083	0.01594	0.03063	0.01750	0.59221	0.24656	0.00609	0.00771	0.00711	0.00310	0.00364
61	0.00852	0.00608	0.00852	0.00974	0.01095	0.00608	0.00852	0.01095	0.01217	0.01582	0.02799	0.05963	0.03042	0.01460	0.00730	0.00243	0.00487	0.74565	0.00487	0.00487
62	0.01542	0.01322	0.01318	0.01132	0.01462	0.06836	0.00893	0.21900	0.52459	0.02439	0.01829	0.01718	0.01363	0.00684	0.00531	0.00171	0.00498	0.00548	0.00517	0.00837
63	0.00695	0.00538	0.00633	0.00609	0.00757	0.00476	0.00457	0.00895	0.01371	0.01823	0.46721	0.04438	0.36297	0.01192	0.00624	0.00172	0.00257	0.01025	0.00543	0.00476
64	0.01900	0.02407	0.05085	0.01406	0.01724	0.67785	0.05434	0.03731	0.01489	0.03060	0.00875	0.01014	0.00706	0.00541	0.00489	0.00141	0.00923	0.00366	0.00284	0.00639
65	0.01133	0.07379	0.24512	0.01362	0.04125	0.01158	0.14280	0.01749	0.15626	0.03621	0.13781	0.01997	0.05618	0.00669	0.00546	0.00168	0.00591	0.00597	0.00374	0.00714
66	0.02339	0.00952	0.01259	0.00965	0.01376	0.00855	0.00798	0.09229	0.01601	0.71713	0.02012	0.01752	0.01272	0.00653	0.00531	0.00163	0.00462	0.00527	0.00643	0.00900
67	0.00637	0.00533	0.00554	0.00554	0.00723	0.00451	0.00414	0.00780	0.01225	0.01489	0.11946	0.07541	0.68690	0.01326	0.00626	0.00179	0.00267	0.01114	0.00499	0.00451
68	0.01198	0.12770	0.43342	0.09772	0.13224	0.01367	0.01636	0.05990	0.02852	0.01699	0.00971	0.01166	0.00733	0.00506	0.00489	0.00159	0.00703	0.00406	0.00255	0.00764
69	0.01248	0.01426	0.03119	0.02228	0.02763	0.01337	0.76203	0.01693	0.01248	0.01693	0.01070	0.01426	0.00802	0.00446	0.00624	0.00178	0.00891	0.00624	0.00267	0.00713
70	0.00641	0.00472	0.00601	0.00703	0.00758	0.00432	0.00476	0.00740	0.01044	0.01362	0.03311	0.68711	0.15605	0.01605	0.00667	0.00209	0.00300	0.01440	0.00491	0.00432
71	0.00729	0.00571	0.00806	0.03461	0.00968	0.00556	0.04963	0.00875	0.02445	0.01336	0.02728	0.44765	0.12175	0.14356	0.06463	0.00298	0.00462	0.01168	0.00428	0.00447
72	0.00919	0.01314	0.24509	0.03483	0.01492	0.00908	0.03119	0.04704	0.01080	0.01511	0.01857	0.02167	0.13425	0.02040	0.32062	0.00444	0.03471	0.00593	0.00307	0.00595
73	0.00988	0.00556	0.00642	0.00611	0.00772	0.00511	0.00461	0.01191	0.01246	0.10718	0.18035	0.10336	0.19204	0.00970	0.00524	0.00157	0.00281	0.00822	0.31451	0.00525
74	0.04715	0.11457	0.48133	0.01323	0.01936	0.03900	0.03822	0.03398	0.03765	0.07226	0.01137	0.04899	0.00887	0.00571	0.00491	0.00162	0.00687	0.00450	0.00292	0.00750
75	0.01531	0.19906	0.17810	0.01386	0.07020	0.10351	0.03262	0.13855	0.02832	0.07384	0.01024	0.01154	0.00793	0.00572	0.00601	0.00156	0.08886	0.00408	0.00321	0.00749
76	0.04538	0.04722	0.03304	0.01410	0.20011	0.03322	0.00908	0.01432	0.08221	0.04198	0.16986	0.04362	0.15755	0.00890	0.00566	0.00172	0.00448	0.07689	0.00428	0.00637

[dist]
# distance from previous block
# <min> <max>
1	14

[block]
# block no. 4 follows, 46 sequences, length 17
# corresponding to MSA columns:
# 254-270
name=unknown_E
#
# <colnr> <probs for GDERKNQSTAVLIFYWHMCP>
#	G	D	E	R	K	N	Q	S	T	A	V	L	I	F	Y	W	H	M	C	P
0	0.03053	0.03803	0.10137	0.02899	0.01163	0.00789	0.02879	0.01103	0.01241	0.01746	0.33852	0.12611	0.13189	0.01033	0.00698	0.00179	0.07770	0.00869	0.00447	0.00541
1	0.11528	0.06723	0.00953	0.00793	0.03158	0.02833	0.00602	0.10035	0.01306	0.04077	0.04859	0.10830	0.31619	0.00987	0.00530	0.00166	0.00379	0.00805	0.07253	0.00565
2	0.02694	0.03078	0.05016	0.02528	0.08401	0.03248	0.00880	0.05445	0.28623	0.07451	0.07547	0.08674	0.03902	0.03839	0.00617	0.00179	0.00464	0.00649	0.00456	0.06307
3	0.03745	0.11991	0.08139	0.07851	0.16844	0.03348	0.02485	0.03574	0.04951	0.11314	0.01537	0.01632	0.07984	0.00587	0.00486	0.00147	0.00548	0.00485	0.00352	0.12002
4	0.01656	0.24880	0.05799	0.04205	0.06438	0.29042	0.05436	0.13494	0.01464	0.01669	0.00901	0.01046	0.00731	0.00519	0.00460	0.00140	0.00743	0.00377	0.00295	0.00703
5	0.01321	0.00962	0.01051	0.00925	0.01193	0.01034	0.00714	0.09892	0.37929	0.10978	0.02575	0.05314	0.14489	0.08288	0.00754	0.00207	0.00419	0.00712	0.00521	0.00723
6	0.00839	0.00705	0.01079	0.12974	0.14044	0.00716	0.02319	0.01034	0.01096	0.01452	0.02483	0.39110	0.09477	0.01218	0.00629	0.00199	0.00447	0.09238	0.00410	0.00534
7	0.24568	0.00884	0.01029	0.00832	0.01181	0.00851	0.00680	0.02103	0.01330	0.47926	0.08699	0.01750	0.01451	0.00648	0.00479	0.00162	0.00413	0.00503	0.03753	0.00759
8	0.00697	0.00525	0.00548	0.00548	0.00660	0.00472	0.00371	0.00790	0.01045	0.01317	0.03840	0.04331	0.46595	0.29628	0.01341	0.00293	0.00353	0.00957	0.05285	0.00404
9	0.58716	0.00983	0.00921	0.00774	0.01127	0.01055	0.00638	0.01881	0.01096	0.26682	0.01167	0.01159	0.00808	0.00543	0.00392	0.00164	0.00422	0.00365	0.00432	0.00677
10	0.00696	0.00529	0.00646	0.00671	0.00793	0.00478	0.00504	0.00873	0.01265	0.01667	0.29603	0.21304	0.28399	0.01332	0.00647	0.00189	0.00294	0.09122	0.00522	0.00465
11	0.01823	0.00813	0.01061	0.00853	0.01177	0.00725	0.00690	0.05667	0.01526	0.50343	0.19007	0.02574	0.09741	0.00815	0.00561	0.00165	0.00394	0.00680	0.00616	0.00766
12	0.01028	0.00998	0.01769	0.70842	0.03536	0.01194	0.10396	0.01392	0.01080	0.01392	0.00955	0.01411	0.00716	0.00519	0.00540	0.00176	0.00727	0.00488	0.00239	0.00602
13	0.00656	0.00513	0.00594	0.00624	0.00746	0.00452	0.00449	0.00800	0.01204	0.01544	0.19299	0.28375	0.40091	0.01385	0.00640	0.00187	0.00276	0.01203	0.00509	0.00452
14	0.77386	0.00973	0.00751	0.00677	0.00985	0.01122	0.00554	0.01524	0.00919	0.02335	0.00827	0.00961	0.00645	0.00502	0.00331	0.00160	0.00394	0.00305	0.08083	0.00565
15	0.01933	0.01235	0.01380	0.01088	0.01472	0.01320	0.00889	0.43587	0.13292	0.20888	0.01620	0.01540	0.01129	0.00650	0.00522	0.00161	0.00507	0.00508	0.05412	0.00866
16	0.01497	0.20982	0.03867	0.03273	0.28484	0.12660	0.03831	0.08058	0.01325	0.04742	0.01009	0.02723	0.00843	0.00519	0.00473	0.00143	0.00647	0.00427	0.00299	0.04198

[dist]
# distance from previous block
# <min> <max>
0	1

[block]
# block no. 5 follows, 46 sequences, length 43
# corresponding to MSA columns:
# 272-314
name=unknown_F
#
# <colnr> <probs for GDERKNQSTAVLIFYWHMCP>
#	G	D	E	R	K	N	Q	S	T	A	V	L	I	F	Y	W	H	M	C	P
0	0.01604	0.37390	0.05022	0.01104	0.01501	0.20029	0.00978	0.12623	0.11899	0.01706	0.01035	0.01099	0.00840	0.00539	0.00433	0.00136	0.00647	0.00372	0.00323	0.00721
1	0.04581	0.01370	0.02885	0.02071	0.02588	0.01289	0.67551	0.01755	0.01254	0.07548	0.01134	0.01432	0.00832	0.00463	0.00605	0.00177	0.00839	0.00604	0.00299	0.00722
2	0.01181	0.01070	0.01986	0.01849	0.16763	0.01032	0.29936	0.01549	0.03914	0.06602	0.10642	0.05796	0.01768	0.00870	0.04003	0.00210	0.00669	0.09108	0.00374	0.00679
3	0.00625	0.00536	0.00536	0.00536	0.00714	0.00446	0.00402	0.00759	0.01205	0.01428	0.05355	0.05088	0.77909	0.01339	0.00625	0.00179	0.00268	0.01116	0.00491	0.00446
4	0.00869	0.00682	0.00924	0.05871	0.09954	0.00661	0.00691	0.01159	0.05007	0.03953	0.39266	0.06972	0.19892	0.01029	0.00602	0.00171	0.00342	0.00900	0.00499	0.00556
5	0.01965	0.01337	0.01464	0.01132	0.01525	0.01450	0.00927	0.61800	0.02249	0.12193	0.01399	0.01456	0.01009	0.04429	0.00626	0.00175	0.00553	0.00497	0.02953	0.00860
6	0.85155	0.01022	0.00777	0.00695	0.01022	0.01186	0.00573	0.01554	0.00900	0.02372	0.00736	0.00859	0.00573	0.00491	0.00327	0.00164	0.00409	0.00286	0.00327	0.00573
7	0.01461	0.07917	0.01426	0.01209	0.05357	0.15914	0.00907	0.07336	0.43421	0.01971	0.01772	0.01716	0.04289	0.00664	0.00510	0.00161	0.00545	0.00524	0.00442	0.02459
8	0.00642	0.00467	0.00607	0.00719	0.00762	0.00431	0.00483	0.00738	0.01029	0.01356	0.03125	0.74487	0.09949	0.01629	0.00670	0.00212	0.00303	0.01469	0.00491	0.00431
9	0.03213	0.03698	0.26583	0.04501	0.05362	0.04403	0.11606	0.04071	0.01151	0.01610	0.01453	0.17821	0.01415	0.06266	0.00696	0.00198	0.00636	0.01657	0.01893	0.01768
10	0.01269	0.07728	0.35306	0.01398	0.01957	0.01309	0.11529	0.04878	0.20388	0.05489	0.02730	0.01445	0.01045	0.00568	0.00520	0.00167	0.00656	0.00487	0.00348	0.00784
11	0.00644	0.00460	0.00613	0.00736	0.00767	0.00429	0.00491	0.00736	0.01012	0.01350	0.02914	0.81076	0.03497	0.01656	0.00675	0.00215	0.00307	0.01503	0.00491	0.00429
12	0.01218	0.01019	0.02995	0.10674	0.33386	0.01016	0.01160	0.08759	0.01265	0.06622	0.01590	0.21251	0.01563	0.04290	0.00656	0.00190	0.00539	0.00743	0.00369	0.00695
13	0.01766	0.12881	0.04407	0.01287	0.03796	0.27541	0.01041	0.27079	0.07815	0.02073	0.01070	0.01153	0.00834	0.00590	0.00542	0.00150	0.04448	0.00410	0.00370	0.00747
14	0.01223	0.00750	0.01010	0.00857	0.01095	0.00704	0.05735	0.04355	0.05473	0.20278	0.17820	0.07338	0.19325	0.07528	0.03887	0.00227	0.00438	0.00827	0.00515	0.00613
15	0.01458	0.52780	0.06094	0.01209	0.06691	0.05110	0.03029	0.09721	0.02425	0.01554	0.00853	0.00991	0.00731	0.00509	0.00472	0.00134	0.04911	0.00348	0.00269	0.00713
16	0.00735	0.00515	0.00661	0.00691	0.00724	0.00533	0.00456	0.00809	0.00850	0.01159	0.01898	0.21833	0.02136	0.40721	0.23401	0.00534	0.00713	0.00890	0.00351	0.00389
17	0.60180	0.03569	0.01027	0.00883	0.01199	0.22582	0.00704	0.01707	0.01068	0.02047	0.00758	0.00884	0.00605	0.00505	0.00368	0.00155	0.00562	0.00301	0.00309	0.00586
18	0.08490	0.15757	0.12244	0.05241	0.17847	0.04067	0.04136	0.04160	0.01211	0.07089	0.03968	0.01267	0.00939	0.00510	0.00462	0.00143	0.00587	0.00416	0.00310	0.11155
19	0.01097	0.01033	0.04759	0.00841	0.01307	0.00766	0.00710	0.01345	0.01086	0.01702	0.00930	0.01100	0.00774	0.00418	0.00450	0.00089	0.03590	0.00323	0.00306	0.77377
20	0.00644	0.00460	0.00613	0.00736	0.00767	0.00429	0.00491	0.00736	0.01012	0.01350	0.02914	0.81076	0.03497	0.01656	0.00675	0.00215	0.00307	0.01503	0.00491	0.00429
21	0.01160	0.01166	0.01672	0.01417	0.01436	0.01609	0.03785	0.01287	0.00825	0.01287	0.00707	0.01166	0.00698	0.00908	0.01696	0.00229	0.77667	0.00468	0.00233	0.00583
