[name]
unknown

[dist]
# distance from previous block
# <min> <max>
0	489

[block]
# block no. 0 follows, 40 sequences, length 11
# corresponding to MSA columns:
# 584-594
name=unknown_A
#
# <colnr> <probs for GDERKNQSTAVLIFYWHMCP>
#	G	D	E	R	K	N	Q	S	T	A	V	L	I	F	Y	W	H	M	C	P
0	0.01254	0.21497	0.13680	0.01224	0.01544	0.05439	0.01174	0.01511	0.01192	0.01569	0.05583	0.02364	0.08649	0.00911	0.00918	0.00197	0.21506	0.08783	0.00335	0.00671
1	0.02733	0.08632	0.10471	0.03394	0.03028	0.08489	0.06743	0.04589	0.01334	0.01808	0.01644	0.01990	0.08490	0.00786	0.02964	0.00174	0.00653	0.04530	0.00352	0.27196
2	0.01085	0.03899	0.01100	0.01155	0.09240	0.06752	0.00765	0.01478	0.11416	0.01844	0.12449	0.22907	0.13144	0.01144	0.00624	0.00190	0.00438	0.00990	0.08751	0.00629
3	0.00926	0.00757	0.01106	0.13409	0.12813	0.00775	0.00872	0.01119	0.01185	0.01584	0.09795	0.23512	0.09596	0.15940	0.01100	0.00273	0.00500	0.03748	0.00431	0.00558
4	0.03249	0.07248	0.20012	0.15926	0.19959	0.01445	0.07017	0.10134	0.01441	0.06431	0.01157	0.01399	0.00868	0.00568	0.00562	0.00178	0.00741	0.00495	0.00331	0.00839
5	0.01472	0.07332	0.05449	0.11788	0.25528	0.01278	0.01347	0.06623	0.01406	0.11015	0.03654	0.05385	0.01477	0.00789	0.00663	0.00191	0.04455	0.08952	0.00400	0.00794
6	0.00733	0.00538	0.00724	0.00820	0.00881	0.00529	0.00573	0.00861	0.01091	0.01462	0.03058	0.56912	0.08890	0.02342	0.17233	0.00384	0.00597	0.01398	0.00491	0.00484
7	0.15788	0.01141	0.01668	0.09617	0.32708	0.01165	0.01249	0.01895	0.01355	0.17717	0.08766	0.01770	0.01424	0.00638	0.00552	0.00179	0.00574	0.00550	0.00424	0.00821
8	0.01721	0.08205	0.14207	0.05855	0.17876	0.05355	0.03425	0.05080	0.03681	0.21508	0.03351	0.04569	0.01249	0.00665	0.00568	0.00176	0.00660	0.00562	0.00431	0.00859
9	0.01076	0.00977	0.01424	0.05115	0.04874	0.01263	0.01062	0.01265	0.00982	0.01458	0.05126	0.01852	0.01293	0.02280	0.30969	0.00508	0.36994	0.00583	0.00299	0.00600
10	0.00716	0.00553	0.00639	0.00692	0.00803	0.00492	0.00482	0.00840	0.01220	0.01545	0.08402	0.35795	0.36496	0.07502	0.00882	0.00240	0.00331	0.01365	0.00531	0.00476

[dist]
# distance from previous block
# <min> <max>
1	2

[block]
# block no. 1 follows, 40 sequences, length 60
# corresponding to MSA columns:
# 597-656
name=unknown_B
#
# <colnr> <probs for GDERKNQSTAVLIFYWHMCP>
#	G	D	E	R	K	N	Q	S	T	A	V	L	I	F	Y	W	H	M	C	P
0	0.05963	0.06400	0.03229	0.13791	0.14892	0.09450	0.07012	0.01850	0.01333	0.11592	0.01309	0.01566	0.02336	0.00585	0.00537	0.00161	0.00671	0.01825	0.00362	0.15137
1	0.52013	0.13758	0.01379	0.00971	0.01338	0.19056	0.00801	0.01856	0.01172	0.02141	0.00830	0.00967	0.00676	0.00547	0.00400	0.00164	0.00615	0.00328	0.00329	0.00658
2	0.32229	0.11038	0.03602	0.01145	0.07933	0.09553	0.00859	0.01652	0.01186	0.02058	0.04977	0.04090	0.01192	0.00786	0.03309	0.00195	0.02158	0.00471	0.10909	0.00657
3	0.00750	0.00513	0.00666	0.00781	0.00828	0.00482	0.00527	0.00874	0.01145	0.01585	0.05967	0.68703	0.03682	0.01685	0.00707	0.00224	0.00328	0.01521	0.08548	0.00482
4	0.00766	0.00592	0.00699	0.00672	0.00834	0.00525	0.00504	0.00988	0.01512	0.02015	0.46541	0.04866	0.34772	0.01307	0.00686	0.00189	0.00283	0.01125	0.00598	0.00525
5	0.33768	0.01028	0.01110	0.00910	0.01288	0.01042	0.00744	0.05879	0.01456	0.35214	0.10399	0.01830	0.01584	0.00705	0.00510	0.00180	0.00459	0.00533	0.00564	0.00798
6	0.00799	0.00586	0.00688	0.00732	0.00825	0.00552	0.00524	0.00912	0.01128	0.01435	0.03509	0.14437	0.25181	0.29720	0.01538	0.00349	0.00447	0.15721	0.00471	0.00448
7	0.01206	0.01034	0.01206	0.00861	0.01378	0.00775	0.00689	0.01464	0.01206	0.01895	0.01034	0.01206	0.00861	0.00431	0.00431	0.00086	0.00431	0.00345	0.00345	0.83118
8	0.01446	0.01249	0.01315	0.01183	0.01512	0.01446	0.00920	0.03090	0.74885	0.02433	0.02367	0.02170	0.01775	0.00789	0.00592	0.00197	0.00460	0.00657	0.00592	0.00920
9	0.01166	0.03008	0.76550	0.01657	0.02517	0.01351	0.02149	0.01842	0.01228	0.01842	0.01044	0.01228	0.00737	0.00552	0.00552	0.00184	0.00859	0.00430	0.00246	0.00859
10	0.01446	0.01249	0.01315	0.01183	0.01512	0.01446	0.00920	0.03090	0.74885	0.02433	0.02367	0.02170	0.01775	0.00789	0.00592	0.00197	0.00460	0.00657	0.00592	0.00920
11	0.00823	0.00594	0.00777	0.00732	0.00869	0.00549	0.00549	0.01097	0.01646	0.02332	0.75629	0.04344	0.05487	0.01189	0.00686	0.00183	0.00274	0.01052	0.00640	0.00549
12	0.00831	0.00623	0.00935	0.00935	0.01038	0.00727	0.00727	0.01038	0.00935	0.01350	0.01558	0.02285	0.01454	0.04361	0.77259	0.00935	0.01558	0.00623	0.00312	0.00519
13	0.83671	0.01125	0.00855	0.00765	0.01125	0.01305	0.00630	0.01709	0.00990	0.02609	0.00810	0.00945	0.00630	0.00540	0.00360	0.00180	0.00450	0.00315	0.00360	0.00630
14	0.00709	0.00506	0.00675	0.00810	0.00843	0.00472	0.00540	0.00810	0.01113	0.01484	0.03205	0.79184	0.03846	0.01822	0.00742	0.00236	0.00337	0.01653	0.00540	0.00472
15	0.69538	0.01101	0.00941	0.00812	0.01187	0.01226	0.00669	0.01905	0.01107	0.15464	0.01069	0.01125	0.00771	0.00571	0.00399	0.00180	0.00458	0.00362	0.00423	0.00693
16	0.49727	0.01068	0.01062	0.00878	0.01275	0.01116	0.00724	0.02180	0.01272	0.33482	0.01431	0.01378	0.00969	0.00615	0.00454	0.00180	0.00469	0.00428	0.00511	0.00780
17	0.02198	0.02241	0.01528	0.01355	0.01676	0.55522	0.01031	0.02363	0.01624	0.18818	0.01342	0.05313	0.01070	0.00691	0.00550	0.00161	0.00883	0.00490	0.00410	0.00737
18	0.10332	0.01235	0.01424	0.01108	0.01545	0.01252	0.00913	0.30203	0.01999	0.38002	0.01943	0.01795	0.04124	0.00724	0.00566	0.00178	0.00539	0.00560	0.00624	0.00934
19	0.00937	0.00676	0.00810	0.00840	0.00952	0.00698	0.00597	0.04955	0.09896	0.01738	0.02688	0.40222	0.05670	0.09177	0.08435	0.00316	0.00501	0.01164	0.09172	0.00553
20	0.01660	0.08490	0.01444	0.01085	0.01403	0.13019	0.00870	0.30085	0.01905	0.02477	0.06623	0.09137	0.06643	0.00851	0.00559	0.00169	0.00576	0.00671	0.11585	0.00748
21	0.01281	0.06803	0.38024	0.06072	0.04589	0.01333	0.07556	0.05092	0.05117	0.01919	0.01124	0.01316	0.00846	0.00541	0.00536	0.00164	0.00734	0.00452	0.00304	0.16198
22	0.04478	0.10357	0.04887	0.08779	0.25001	0.01449	0.02791	0.10362	0.07705	0.04107	0.01689	0.01850	0.08499	0.00696	0.00631	0.00179	0.04776	0.00572	0.00378	0.00812
23	0.06026	0.01431	0.01597	0.01229	0.01685	0.01522	0.01015	0.51289	0.02363	0.23448	0.01615	0.01535	0.01096	0.00697	0.00572	0.00176	0.00592	0.00531	0.00609	0.00973
24	0.00814	0.00544	0.00650	0.00699	0.00801	0.00506	0.00495	0.00994	0.01270	0.01815	0.16829	0.35977	0.14702	0.01384	0.00645	0.00197	0.00304	0.01217	0.19653	0.00506
25	0.01280	0.01216	0.04210	0.22229	0.15139	0.07185	0.03837	0.03598	0.04559	0.04453	0.01619	0.16061	0.01529	0.03729	0.00726	0.00206	0.02869	0.00742	0.04120	0.00695
26	0.01672	0.06875	0.01905	0.23650	0.16150	0.31580	0.01380	0.05188	0.01452	0.01627	0.00987	0.01277	0.00799	0.00587	0.00575	0.00168	0.02655	0.00447	0.00294	0.00730
27	0.00713	0.00590	0.00625	0.00616	0.00801	0.00502	0.00462	0.00885	0.01387	0.01717	0.19299	0.05356	0.62201	0.01418	0.00687	0.00194	0.00291	0.01194	0.00559	0.00502
28	0.00844	0.00570	0.00665	0.00665	0.00676	0.00581	0.00391	0.00866	0.00855	0.01151	0.01804	0.03647	0.02046	0.71745	0.10684	0.00602	0.00667	0.00823	0.00348	0.00370
29	0.01366	0.01641	0.18091	0.09782	0.23555	0.01304	0.15379	0.05152	0.01346	0.05721	0.01315	0.06383	0.01103	0.02853	0.00698	0.00199	0.02354	0.00615	0.00330	0.00812
30	0.00901	0.00646	0.00810	0.00863	0.01008	0.00623	0.00697	0.03757	0.01388	0.01858	0.13262	0.15491	0.17502	0.01445	0.00716	0.00224	0.00409	0.30615	0.07250	0.00537
31	0.01439	0.01382	0.02360	0.03569	0.75936	0.01382	0.01785	0.01785	0.01324	0.01900	0.01094	0.01439	0.00921	0.00518	0.00576	0.00173	0.00691	0.00518	0.00288	0.00921
32	0.25469	0.01836	0.01531	0.09543	0.07897	0.33691	0.04385	0.01934	0.01352	0.01848	0.01029	0.01412	0.00872	0.00621	0.00509	0.00173	0.00788	0.04110	0.00324	0.00676
33	0.01098	0.01034	0.01744	0.78165	0.04005	0.01292	0.01615	0.01486	0.01163	0.01486	0.01034	0.01550	0.00775	0.00581	0.00581	0.00194	0.00775	0.00517	0.00258	0.00646
34	0.01206	0.01034	0.01206	0.00861	0.01378	0.00775	0.00689	0.01464	0.01206	0.01895	0.01034	0.01206	0.00861	0.00431	0.00431	0.00086	0.00431	0.00345	0.00345	0.83118
35	0.01045	0.00745	0.00972	0.03367	0.05872	0.00669	0.00676	0.01258	0.01360	0.07917	0.25566	0.13592	0.12772	0.07760	0.00828	0.00209	0.00395	0.00938	0.00514	0.13543
36	0.02063	0.01781	0.01647	0.01341	0.01749	0.16370	0.01075	0.47080	0.15763	0.03004	0.01478	0.01471	0.01087	0.00696	0.00572	0.00174	0.00686	0.00519	0.00529	0.00915
37	0.01650	0.68000	0.02831	0.01073	0.01540	0.13872	0.01015	0.01831	0.01254	0.01377	0.00822	0.00951	0.00747	0.00513	0.00396	0.00128	0.00688	0.00321	0.00257	0.00735
38	0.01206	0.01034	0.01206	0.00861	0.01378	0.00775	0.00689	0.01464	0.01206	0.01895	0.01034	0.01206	0.00861	0.00431	0.00431	0.00086	0.00431	0.00345	0.00345	0.83118
39	0.00716	0.00550	0.00655	0.00714	0.00824	0.00490	0.00503	0.00858	0.01267	0.01632	0.14006	0.40599	0.31894	0.01601	0.00713	0.00214	0.00312	0.01407	0.00553	0.00490
40	0.00687	0.00589	0.00589	0.00589	0.00785	0.00491	0.00442	0.00835	0.01325	0.01571	0.05891	0.05596	0.75700	0.01473	0.00687	0.00196	0.00295	0.01227	0.00540	0.00491
41	0.01459	0.00960	0.01035	0.00894	0.01143	0.01021	0.00701	0.29403	0.01809	0.02662	0.04797	0.12335	0.01772	0.00860	0.00531	0.00166	0.00423	0.00705	0.36618	0.00706
42	0.01272	0.01272	0.01781	0.01527	0.01527	0.01781	0.01272	0.01399	0.00891	0.01399	0.00763	0.01272	0.00763	0.01018	0.01908	0.00254	0.78499	0.00509	0.00254	0.00636
43	0.00823	0.00594	0.00777	0.00732	0.00869	0.00549	0.00549	0.01097	0.01646	0.02332	0.75629	0.04344	0.05487	0.01189	0.00686	0.00183	0.00274	0.01052	0.00640	0.00549
44	0.01041	0.03906	0.01135	0.00950	0.01134	0.00890	0.00758	0.01263	0.01184	0.04678	0.19469	0.02443	0.02241	0.02251	0.30798	0.00470	0.10950	0.00660	0.02075	0.11702
45	0.01945	0.24979	0.02108	0.03948	0.01777	0.08698	0.01085	0.40915	0.04765	0.02659	0.01200	0.01261	0.00917	0.00629	0.00515	0.00159	0.00669	0.00452	0.00446	0.00874
46	0.00929	0.00609	0.00714	0.00688	0.00816	0.00556	0.00477	0.01059	0.01251	0.07743	0.19487	0.09760	0.24665	0.27048	0.01430	0.00316	0.00398	0.01041	0.00515	0.00498
47	0.01484	0.01757	0.17481	0.06016	0.11198	0.08526	0.13730	0.04771	0.09899	0.07662	0.01360	0.01583	0.01037	0.00945	0.07516	0.00252	0.03066	0.00545	0.00361	0.00810
48	0.01383	0.12039	0.03060	0.02047	0.02565	0.01514	0.54492	0.04609	0.01353	0.01801	0.01195	0.01678	0.00980	0.07644	0.00845	0.00219	0.00881	0.00644	0.00305	0.00748
49	0.02609	0.00990	0.01350	0.01035	0.01484	0.00855	0.00855	0.02834	0.01664	0.76338	0.02294	0.01979	0.01439	0.00720	0.00585	0.00180	0.00495	0.00585	0.00720	0.00990
50	0.00856	0.00933	0.12407	0.00878	0.01033	0.00681	0.00728	0.01014	0.00989	0.01363	0.02049	0.23693	0.02289	0.36763	0.11351	0.00463	0.00673	0.00973	0.00382	0.00484
51	0.01483	0.35101	0.17942	0.01185	0.01673	0.01728	0.01204	0.09007	0.06801	0.04573	0.01276	0.06246	0.01096	0.00678	0.00562	0.00164	0.04752	0.00498	0.03247	0.00786
52	0.01570	0.07987	0.03006	0.02110	0.02637	0.13446	0.51668	0.06847	0.01493	0.01877	0.01119	0.01425	0.00858	0.00522	0.00629	0.00182	0.00939	0.00596	0.00311	0.00778
53	0.00756	0.00556	0.00708	0.00746	0.00847	0.00508	0.00531	0.00939	0.01375	0.01868	0.35317	0.36457	0.14250	0.01497	0.00710	0.00207	0.00304	0.01332	0.00584	0.00508
54	0.00836	0.00595	0.00792	0.00788	0.00851	0.00641	0.00551	0.00963	0.00966	0.01352	0.08882	0.03127	0.02125	0.35823	0.38418	0.00705	0.01013	0.00759	0.00361	0.00452
55	0.01406	0.37617	0.13905	0.01303	0.01670	0.03703	0.01277	0.01646	0.01094	0.01454	0.00830	0.01105	0.00751	0.00698	0.00963	0.00182	0.29021	0.00403	0.00252	0.00722
56	0.00988	0.00611	0.00762	0.00763	0.00910	0.00547	0.00550	0.01143	0.01323	0.11731	0.16960	0.33233	0.21212	0.05500	0.00812	0.00226	0.00348	0.01253	0.00573	0.00554
57	0.01871	0.34873	0.02221	0.01253	0.01652	0.34183	0.01055	0.08604	0.06243	0.01667	0.01000	0.01103	0.00835	0.00578	0.00471	0.00144	0.00795	0.00379	0.00323	0.00749
58	0.01072	0.04143	0.17424	0.01048	0.01378	0.00922	0.01009	0.04216	0.01350	0.05671	0.12030	0.15701	0.17048	0.01151	0.00729	0.00202	0.05491	0.06810	0.00467	0.02138
59	0.03390	0.04226	0.17757	0.05839	0.08633	0.01057	0.01114	0.06155	0.01154	0.01642	0.01392	0.02233	0.01321	0.24701	0.16530	0.00442	0.00855	0.00604	0.00321	0.00633

[dist]
# distance from previous block
# <min> <max>
0	160

[block]
# block no. 2 follows, 40 sequences, length 25
# corresponding to MSA columns:
# 817-841
name=unknown_C
#
# <colnr> <probs for GDERKNQSTAVLIFYWHMCP>
#	G	D	E	R	K	N	Q	S	T	A	V	L	I	F	Y	W	H	M	C	P
0	0.01170	0.12063	0.32792	0.01242	0.01739	0.01203	0.01346	0.01697	0.08171	0.04320	0.07990	0.15169	0.01969	0.00915	0.00595	0.00192	0.00618	0.05669	0.00398	0.00740
1	0.01631	0.01261	0.01798	0.24803	0.26733	0.07600	0.01414	0.01940	0.01381	0.18468	0.01458	0.01893	0.01137	0.00660	0.00590	0.00185	0.00692	0.05155	0.00393	0.00809
2	0.00978	0.00648	0.00894	0.03495	0.01056	0.00662	0.02928	0.01181	0.01178	0.05157	0.14529	0.09584	0.02515	0.15649	0.19576	0.00433	0.00703	0.04154	0.14149	0.00530
3	0.00792	0.00614	0.00730	0.00758	0.00900	0.00572	0.00565	0.01056	0.05632	0.01799	0.21776	0.24263	0.29239	0.01466	0.00706	0.00210	0.00332	0.07494	0.00567	0.00529
4	0.00754	0.00598	0.00694	0.00697	0.00851	0.00555	0.00525	0.00921	0.01252	0.01586	0.11938	0.04791	0.45030	0.08292	0.14407	0.00359	0.00552	0.05210	0.00495	0.00493
5	0.03282	0.00973	0.06898	0.01527	0.17185	0.00874	0.01026	0.01324	0.01137	0.05532	0.01885	0.19494	0.01901	0.03671	0.26770	0.00460	0.00893	0.04136	0.00387	0.00646
6	0.01223	0.00866	0.01137	0.00977	0.01251	0.00843	0.06836	0.03410	0.12985	0.13028	0.06545	0.03649	0.30047	0.04772	0.07940	0.00280	0.00552	0.02459	0.00530	0.00671
7	0.00709	0.00506	0.00675	0.00810	0.00843	0.00472	0.00540	0.00810	0.01113	0.01484	0.03205	0.79184	0.03846	0.01822	0.00742	0.00236	0.00337	0.01653	0.00540	0.00472
8	0.09259	0.01376	0.01417	0.01146	0.01558	0.10412	0.00926	0.16785	0.10995	0.37316	0.01830	0.01687	0.01240	0.00694	0.00559	0.00177	0.00582	0.00533	0.00595	0.00912
9	0.01441	0.19179	0.14113	0.04480	0.21106	0.07117	0.01367	0.08632	0.01397	0.01825	0.01295	0.07620	0.01197	0.03657	0.00634	0.00186	0.00689	0.02952	0.00331	0.00781
10	0.01726	0.01324	0.01694	0.13044	0.19855	0.10354	0.01253	0.06820	0.01441	0.19604	0.01402	0.01624	0.01060	0.01086	0.09757	0.00271	0.05942	0.00529	0.00409	0.00806
11	0.00846	0.00564	0.00634	0.00634	0.00634	0.00564	0.00352	0.00846	0.00846	0.01128	0.01832	0.03805	0.02114	0.79563	0.02960	0.00564	0.00564	0.00846	0.00352	0.00352
12	0.01370	0.00773	0.01002	0.00901	0.01034	0.00800	0.00657	0.12896	0.05490	0.08153	0.01265	0.01750	0.01089	0.01620	0.01753	0.57558	0.00523	0.00524	0.00367	0.00475
13	0.01206	0.01034	0.01206	0.00861	0.01378	0.00775	0.00689	0.01464	0.01206	0.01895	0.01034	0.01206	0.00861	0.00431	0.00431	0.00086	0.00431	0.00345	0.00345	0.83118
14	0.83671	0.01125	0.00855	0.00765	0.01125	0.01305	0.00630	0.01709	0.00990	0.02609	0.00810	0.00945	0.00630	0.00540	0.00360	0.00180	0.00450	0.00315	0.00360	0.00630
15	0.01206	0.01034	0.01206	0.00861	0.01378	0.00775	0.00689	0.01464	0.01206	0.01895	0.01034	0.01206	0.00861	0.00431	0.00431	0.00086	0.00431	0.00345	0.00345	0.83118
16	0.00735	0.00523	0.00696	0.00825	0.00866	0.00494	0.00566	0.00846	0.01121	0.01490	0.03130	0.69281	0.03722	0.05423	0.00851	0.00254	0.00365	0.07810	0.00531	0.00472
17	0.01968	0.01508	0.01609	0.01289	0.01711	0.01690	0.01047	0.51514	0.25611	0.03274	0.01704	0.01641	0.01238	0.00727	0.00585	0.00182	0.00583	0.00566	0.00585	0.00967
18	0.00727	0.00576	0.00647	0.00673	0.00818	0.00506	0.00492	0.00881	0.01306	0.01642	0.14333	0.19274	0.46253	0.05168	0.00809	0.00222	0.00323	0.04313	0.00544	0.00491
19	0.00717	0.00590	0.00630	0.00620	0.00804	0.00503	0.00465	0.00891	0.01395	0.01736	0.20992	0.05325	0.60496	0.01411	0.00687	0.00193	0.00290	0.01189	0.00562	0.00503
20	0.09241	0.01085	0.01327	0.01056	0.01479	0.01052	0.00863	0.07309	0.13862	0.53183	0.02124	0.01886	0.01398	0.00715	0.00567	0.00182	0.00494	0.00570	0.00659	0.00948
21	0.01328	0.01264	0.02131	0.25961	0.51438	0.01332	0.01692	0.01682	0.01271	0.01775	0.01073	0.01464	0.00875	0.00534	0.00572	0.00176	0.00706	0.00511	0.00281	0.03933
22	0.29611	0.01125	0.01482	0.01477	0.14596	0.01131	0.06832	0.02103	0.01327	0.27893	0.01467	0.01512	0.01032	0.00602	0.00505	0.00177	0.00541	0.00488	0.05286	0.00813
23	0.01387	0.01379	0.02105	0.27538	0.46827	0.07327	0.01678	0.01730	0.01297	0.01728	0.01059	0.01444	0.00860	0.00545	0.00574	0.00178	0.00746	0.00506	0.00279	0.00813
24	0.01374	0.01452	0.09910	0.11454	0.29690	0.04804	0.01408	0.07045	0.07897	0.04070	0.01999	0.02145	0.12791	0.00727	0.00591	0.00182	0.00644	0.00628	0.00381	0.00808

[dist]
# distance from previous block
# <min> <max>
2	84

[block]
# block no. 3 follows, 40 sequences, length 58
# corresponding to MSA columns:
# 940-997
name=unknown_D
#
# <colnr> <probs for GDERKNQSTAVLIFYWHMCP>
#	G	D	E	R	K	N	Q	S	T	A	V	L	I	F	Y	W	H	M	C	P
0	0.05028	0.03495	0.04755	0.03804	0.01196	0.00796	0.00744	0.07659	0.01346	0.01868	0.10421	0.40918	0.08223	0.01361	0.00663	0.00208	0.00422	0.03503	0.00504	0.03086
1	0.03909	0.09376	0.10268	0.00896	0.01240	0.00928	0.00820	0.04655	0.01412	0.12505	0.10197	0.09456	0.29939	0.01086	0.00612	0.00185	0.00448	0.00898	0.00505	0.00665
2	0.00859	0.06444	0.08894	0.00884	0.01076	0.00723	0.00745	0.01090	0.01325	0.01823	0.29231	0.38085	0.03896	0.01363	0.00675	0.00203	0.00390	0.01209	0.00525	0.00561
3	0.01431	0.01181	0.01273	0.01123	0.01435	0.01332	0.00878	0.11531	0.52999	0.02568	0.15189	0.02458	0.02333	0.00848	0.00607	0.00192	0.00450	0.00710	0.00599	0.00863
4	0.06629	0.01157	0.01384	0.01078	0.01518	0.04744	0.00885	0.10818	0.01751	0.60697	0.02049	0.01815	0.01314	0.00702	0.00570	0.00178	0.00536	0.00554	0.00665	0.00956
5	0.20883	0.03964	0.01318	0.01133	0.01315	0.14442	0.00906	0.01531	0.01143	0.01762	0.06374	0.07135	0.04094	0.01181	0.07371	0.00263	0.23636	0.00588	0.00349	0.00612
6	0.01623	0.01337	0.01414	0.01219	0.01580	0.01529	0.00963	0.19498	0.58189	0.02718	0.02142	0.01991	0.01593	0.00768	0.00589	0.00192	0.00502	0.00626	0.00589	0.00936
7	0.48813	0.01289	0.04130	0.13111	0.04496	0.02814	0.10044	0.03142	0.01128	0.02247	0.00920	0.01166	0.00712	0.00561	0.00510	0.00186	0.03309	0.00416	0.00329	0.00678
8	0.00953	0.00741	0.01061	0.01256	0.14071	0.00743	0.03059	0.01058	0.00982	0.01343	0.01793	0.10673	0.01978	0.48754	0.08699	0.00482	0.00664	0.00843	0.00354	0.00493
9	0.01054	0.00645	0.00765	0.00695	0.00889	0.00586	0.00527	0.01314	0.01405	0.05905	0.31182	0.06695	0.03114	0.00909	0.00546	0.00155	0.00307	0.00777	0.31726	0.10804
10	0.11170	0.01004	0.01297	0.01006	0.01446	0.00902	0.00831	0.02715	0.01593	0.68552	0.02137	0.01870	0.01354	0.00701	0.00561	0.00180	0.00490	0.00556	0.00682	0.00952
11	0.01005	0.00660	0.00852	0.00780	0.00953	0.00619	0.00593	0.01343	0.05253	0.08609	0.65807	0.04036	0.04961	0.01129	0.00673	0.00183	0.00302	0.00993	0.00645	0.00604
12	0.01098	0.01034	0.01744	0.78165	0.04005	0.01292	0.01615	0.01486	0.01163	0.01486	0.01034	0.01550	0.00775	0.00581	0.00581	0.00194	0.00775	0.00517	0.00258	0.00646
13	0.00947	0.00568	0.00632	0.00643	0.00783	0.00543	0.00491	0.01191	0.01314	0.02034	0.15385	0.07489	0.13465	0.01027	0.00550	0.00170	0.00302	0.07205	0.44730	0.00531
14	0.01206	0.01034	0.01206	0.00861	0.01378	0.00775	0.00689	0.01464	0.01206	0.01895	0.01034	0.01206	0.00861	0.00431	0.00431	0.00086	0.00431	0.00345	0.00345	0.83118
15	0.01844	0.15291	0.01872	0.09836	0.03403	0.42694	0.01143	0.06624	0.01522	0.01606	0.00972	0.01176	0.00804	0.00609	0.00574	0.00157	0.04783	0.00406	0.03982	0.00700
16	0.01857	0.02246	0.01695	0.01508	0.01703	0.50773	0.01176	0.01999	0.01382	0.01415	0.00851	0.01127	0.00754	0.00746	0.01010	0.00187	0.28206	0.00422	0.00284	0.00661
17	0.04360	0.01520	0.10469	0.03055	0.14436	0.09451	0.03598	0.04113	0.01342	0.04613	0.01482	0.03060	0.06058	0.00641	0.00574	0.00154	0.02993	0.01714	0.00354	0.26011
18	0.00772	0.03583	0.00801	0.00745	0.00892	0.00634	0.00560	0.00927	0.01215	0.01546	0.08158	0.21410	0.38716	0.01941	0.12783	0.00320	0.02835	0.01163	0.00490	0.00508
19	0.02290	0.01022	0.01303	0.01042	0.01451	0.00963	0.00846	0.02815	0.16988	0.57198	0.02290	0.02028	0.01512	0.00732	0.00577	0.00181	0.00477	0.00598	0.04733	0.00953
20	0.00930	0.00815	0.01365	0.22721	0.03408	0.00857	0.09979	0.01177	0.01184	0.01560	0.02351	0.39584	0.03945	0.01263	0.00691	0.00220	0.00560	0.06393	0.00426	0.00573
21	0.01654	0.07307	0.31691	0.01535	0.08318	0.01300	0.01491	0.11410	0.01532	0.18987	0.01542	0.04087	0.01187	0.00700	0.00573	0.00183	0.00683	0.04520	0.00426	0.00874
22	0.00708	0.00552	0.00629	0.00686	0.00799	0.00488	0.00477	0.00825	0.01201	0.01503	0.04458	0.36823	0.39856	0.07169	0.00872	0.00239	0.00332	0.01382	0.00527	0.00473
23	0.00734	0.00590	0.00660	0.00705	0.00847	0.00530	0.00509	0.00934	0.04530	0.01581	0.04702	0.32170	0.44859	0.01572	0.00705	0.00212	0.00322	0.02789	0.00542	0.00504
24	0.01624	0.01205	0.01970	0.13334	0.45624	0.01209	0.01495	0.01937	0.01369	0.18693	0.01452	0.05046	0.01149	0.00631	0.00586	0.00180	0.00642	0.00584	0.00393	0.00878
25	0.01331	0.00784	0.01017	0.00913	0.01119	0.00783	0.00724	0.01516	0.01355	0.21908	0.12594	0.08950	0.20698	0.04090	0.04672	0.00254	0.10136	0.05958	0.00548	0.00650
26	0.01664	0.00900	0.01061	0.00894	0.01180	0.00888	0.00708	0.17023	0.01709	0.22887	0.11014	0.08975	0.04848	0.00883	0.00566	0.00173	0.00418	0.00733	0.22725	0.00753
27	0.28981	0.03202	0.04189	0.03806	0.01767	0.23883	0.08995	0.06916	0.01405	0.05828	0.01015	0.01173	0.00780	0.00578	0.00519	0.00170	0.02265	0.00417	0.00356	0.03756
28	0.03698	0.00722	0.00836	0.00783	0.00965	0.00718	0.00590	0.01406	0.14032	0.02189	0.46490	0.04042	0.15986	0.04096	0.00745	0.00202	0.00326	0.00980	0.00595	0.00598
29	0.01206	0.01034	0.01206	0.00861	0.01378	0.00775	0.00689	0.01464	0.01206	0.01895	0.01034	0.01206	0.00861	0.00431	0.00431	0.00086	0.00431	0.00345	0.00345	0.83118
30	0.00711	0.00576	0.00632	0.00649	0.00808	0.00496	0.00475	0.00870	0.01337	0.01671	0.15932	0.18156	0.52675	0.01490	0.00697	0.00201	0.00299	0.01275	0.00555	0.00496
31	0.02511	0.00968	0.01318	0.01018	0.01451	0.00838	0.00838	0.02738	0.01663	0.72262	0.06333	0.02110	0.01662	0.00746	0.00590	0.00180	0.00483	0.00611	0.00715	0.00965
32	0.02609	0.00990	0.01350	0.01035	0.01484	0.00855	0.00855	0.02834	0.01664	0.76338	0.02294	0.01979	0.01439	0.00720	0.00585	0.00180	0.00495	0.00585	0.00720	0.00990
33	0.01206	0.01034	0.01206	0.00861	0.01378	0.00775	0.00689	0.01464	0.01206	0.01895	0.01034	0.01206	0.00861	0.00431	0.00431	0.00086	0.00431	0.00345	0.00345	0.83118
34	0.02211	0.01629	0.01745	0.01338	0.01803	0.01803	0.01105	0.73997	0.02734	0.03665	0.01396	0.01396	0.00989	0.00698	0.00582	0.00175	0.00640	0.00524	0.00582	0.00989
35	0.02609	0.00990	0.01350	0.01035	0.01484	0.00855	0.00855	0.02834	0.01664	0.76338	0.02294	0.01979	0.01439	0.00720	0.00585	0.00180	0.00495	0.00585	0.00720	0.00990
36	0.02172	0.02772	0.01648	0.01498	0.01798	0.77228	0.01124	0.02322	0.01648	0.01423	0.00899	0.01049	0.00749	0.00599	0.00524	0.00150	0.01049	0.00375	0.00300	0.00674
37	0.01269	0.01202	0.02037	0.33530	0.43577	0.01305	0.01661	0.01621	0.01250	0.01714	0.01164	0.04952	0.00993	0.00602	0.00585	0.00184	0.00709	0.00568	0.00287	0.00790
38	0.01087	0.00752	0.00831	0.00759	0.00841	0.00783	0.00485	0.13768	0.01179	0.01576	0.01755	0.03380	0.01915	0.65631	0.02540	0.00495	0.00577	0.00789	0.00393	0.00465
39	0.52491	0.01293	0.01831	0.01404	0.01850	0.01367	0.28360	0.01767	0.01135	0.02326	0.00949	0.01181	0.00725	0.00521	0.00484	0.00186	0.00651	0.00456	0.00335	0.00688
40	0.01225	0.01208	0.01771	0.22315	0.02199	0.01648	0.01365	0.01423	0.00964	0.01423	0.00837	0.01348	0.00767	0.00899	0.01548	0.00238	0.57417	0.00511	0.00256	0.00639
41	0.00687	0.00589	0.00589	0.00589	0.00785	0.00491	0.00442	0.00835	0.01325	0.01571	0.05891	0.05596	0.75700	0.01473	0.00687	0.00196	0.00295	0.01227	0.00540	0.00491
42	0.02211	0.01629	0.01745	0.01338	0.01803	0.01803	0.01105	0.73997	0.02734	0.03665	0.01396	0.01396	0.00989	0.00698	0.00582	0.00175	0.00640	0.00524	0.00582	0.00989
43	0.01206	0.01034	0.01206	0.00861	0.01378	0.00775	0.00689	0.01464	0.01206	0.01895	0.01034	0.01206	0.00861	0.00431	0.00431	0.00086	0.00431	0.00345	0.00345	0.83118
44	0.01446	0.01249	0.01315	0.01183	0.01512	0.01446	0.00920	0.03090	0.74885	0.02433	0.02367	0.02170	0.01775	0.00789	0.00592	0.00197	0.00460	0.00657	0.00592	0.00920
45	0.01815	0.01821	0.01598	0.11025	0.05701	0.28418	0.01139	0.18396	0.16088	0.02192	0.01373	0.01483	0.01052	0.00656	0.00554	0.00171	0.00752	0.00496	0.04475	0.00795
46	0.02067	0.01212	0.01427	0.01092	0.01550	0.01171	0.00893	0.25538	0.05995	0.30351	0.01714	0.01629	0.01182	0.00650	0.00546	0.00157	0.00521	0.00514	0.02165	0.19626
47	0.03703	0.04231	0.11819	0.03911	0.03658	0.01064	0.15553	0.05535	0.02637	0.08709	0.02120	0.26420	0.04671	0.01024	0.00644	0.00202	0.00610	0.02346	0.00439	0.00705
48	0.01272	0.01272	0.01781	0.01527	0.01527	0.01781	0.01272	0.01399	0.00891	0.01399	0.00763	0.01272	0.00763	0.01018	0.01908	0.00254	0.78499	0.00509	0.00254	0.00636
49	0.00813	0.00594	0.00764	0.00721	0.00863	0.00545	0.00541	0.01079	0.01623	0.02278	0.70674	0.04433	0.10475	0.01209	0.00686	0.00184	0.00276	0.01064	0.00633	0.00545
50	0.00974	0.00717	0.00865	0.00832	0.00968	0.00738	0.00606	0.10850	0.01317	0.01761	0.08551	0.18020	0.14468	0.17781	0.18434	0.00441	0.00688	0.00986	0.00464	0.00538
51	0.01614	0.08317	0.18678	0.02155	0.23982	0.15784	0.06687	0.10848	0.01522	0.01961	0.01060	0.01279	0.00837	0.00570	0.00580	0.00171	0.02335	0.00467	0.00314	0.00840
52	0.01222	0.02618	0.56717	0.01873	0.02659	0.01383	0.21590	0.01847	0.01267	0.01847	0.01080	0.01320	0.00776	0.00536	0.00589	0.00187	0.00892	0.00499	0.00259	0.00839
53	0.00839	0.00561	0.00636	0.00643	0.00645	0.00559	0.00362	0.00844	0.00859	0.01146	0.01901	0.07605	0.02201	0.75644	0.02848	0.00547	0.00552	0.00886	0.00362	0.00358
54	0.04496	0.09832	0.10939	0.01881	0.21925	0.05621	0.02718	0.02183	0.09139	0.19460	0.01440	0.01521	0.01065	0.00626	0.00615	0.00177	0.04573	0.00504	0.00414	0.00871
55	0.04034	0.24500	0.07521	0.01557	0.08607	0.13815	0.08850	0.05160	0.04657	0.01760	0.03067	0.01739	0.01168	0.00679	0.00600	0.00172	0.04557	0.06472	0.00333	0.00750
56	0.01391	0.02047	0.33906	0.01624	0.04590	0.01343	0.12767	0.17280	0.01629	0.02303	0.10391	0.01709	0.01414	0.00647	0.00591	0.00179	0.00734	0.00566	0.00380	0.04509
57	0.01458	0.09671	0.07628	0.01499	0.06852	0.20809	0.09034	0.01730	0.01285	0.01598	0.01079	0.01388	0.00918	0.01219	0.14124	0.00288	0.03859	0.00460	0.00297	0.14803

[dist]
# distance from previous block
# <min> <max>
0	119

[block]
# block no. 4 follows, 40 sequences, length 6
# corresponding to MSA columns:
# 1123-1128
name=unknown_E
#
# <colnr> <probs for GDERKNQSTAVLIFYWHMCP>
#	G	D	E	R	K	N	Q	S	T	A	V	L	I	F	Y	W	H	M	C	P
0	0.00795	0.00597	0.00752	0.00828	0.00956	0.00555	0.00651	0.00986	0.01312	0.01691	0.11804	0.24057	0.24959	0.01575	0.00741	0.00230	0.00387	0.26066	0.00549	0.00508
1	0.00859	0.00622	0.00811	0.00814	0.00920	0.00590	0.00574	0.00952	0.01101	0.01526	0.09960	0.36214	0.05106	0.07492	0.05579	0.11310	0.03170	0.01100	0.00450	0.10846
2	0.00720	0.00572	0.00647	0.00667	0.00815	0.00499	0.00485	0.00884	0.01346	0.01710	0.19786	0.21425	0.45409	0.01490	0.00699	0.00202	0.00300	0.01284	0.00561	0.00499
3	0.00781	0.00551	0.00670	0.00710	0.00760	0.00523	0.00460	0.00876	0.01116	0.01497	0.15519	0.30677	0.08782	0.32583	0.01610	0.00354	0.00413	0.01195	0.00483	0.00439
4	0.01502	0.60211	0.11362	0.01090	0.01600	0.02047	0.01118	0.06472	0.01272	0.01574	0.00927	0.01093	0.00811	0.00790	0.05828	0.00192	0.00717	0.00361	0.00275	0.00759
5	0.50710	0.27213	0.01635	0.00894	0.01295	0.07125	0.00786	0.01764	0.01101	0.02114	0.00816	0.00948	0.00677	0.00530	0.00376	0.00159	0.00550	0.00318	0.00319	0.00671

[dist]
# distance from previous block
# <min> <max>
0	12

[block]
# block no. 5 follows, 40 sequences, length 18
# corresponding to MSA columns:
# 1141-1158
name=unknown_F
#
# <colnr> <probs for GDERKNQSTAVLIFYWHMCP>
#	G	D	E	R	K	N	Q	S	T	A	V	L	I	F	Y	W	H	M	C	P
0	0.49911	0.12788	0.17754	0.00998	0.01494	0.01431	0.01017	0.01731	0.01080	0.02229	0.00872	0.01018	0.00681	0.00531	0.00407	0.00168	0.00563	0.00341	0.00318	0.04667
1	0.04966	0.01147	0.01966	0.04805	0.07554	0.01144	0.28885	0.08297	0.01413	0.02159	0.01429	0.01732	0.01100	0.00585	0.00548	0.00170	0.00639	0.00583	0.30165	0.00713
2	0.01084	0.00542	0.00542	0.00542	0.00678	0.00542	0.00407	0.01355	0.01220	0.02168	0.01897	0.02168	0.01491	0.00678	0.00407	0.00136	0.00271	0.00542	0.82791	0.00542
3	0.01619	0.30736	0.01933	0.01119	0.04079	0.13007	0.00914	0.09918	0.01431	0.04648	0.01220	0.01457	0.01021	0.04314	0.00626	0.00166	0.03782	0.00442	0.16855	0.00715
4	0.00740	0.00569	0.00677	0.00698	0.00830	0.00506	0.00505	0.00919	0.01379	0.01810	0.29226	0.24989	0.32119	0.01469	0.00702	0.00202	0.00299	0.01281	0.00575	0.00506
5	0.83671	0.01125	0.00855	0.00765	0.01125	0.01305	0.00630	0.01709	0.00990	0.02609	0.00810	0.00945	0.00630	0.00540	0.00360	0.00180	0.00450	0.00315	0.00360	0.00630
6	0.00714	0.00580	0.00633	0.00641	0.00807	0.00499	0.00472	0.00878	0.01357	0.01695	0.17904	0.14193	0.54670	0.01464	0.00694	0.00199	0.00296	0.01247	0.00558	0.00499
7	0.01166	0.03008	0.76550	0.01657	0.02517	0.01351	0.02149	0.01842	0.01228	0.01842	0.01044	0.01228	0.00737	0.00552	0.00552	0.00184	0.00859	0.00430	0.00246	0.00859
8	0.02211	0.01629	0.01745	0.01338	0.01803	0.01803	0.01105	0.73997	0.02734	0.03665	0.01396	0.01396	0.00989	0.00698	0.00582	0.00175	0.00640	0.00524	0.00582	0.00989
9	0.01446	0.01249	0.01315	0.01183	0.01512	0.01446	0.00920	0.03090	0.74885	0.02433	0.02367	0.02170	0.01775	0.00789	0.00592	0.00197	0.00460	0.00657	0.00592	0.00920
10	0.00823	0.00594	0.00777	0.00732	0.00869	0.00549	0.00549	0.01097	0.01646	0.02332	0.75629	0.04344	0.05487	0.01189	0.00686	0.00183	0.00274	0.01052	0.00640	0.00549
11	0.00962	0.00611	0.00743	0.00746	0.00908	0.00538	0.00545	0.01118	0.01331	0.11355	0.12978	0.32103	0.30948	0.01469	0.00694	0.00207	0.00334	0.01279	0.00576	0.00556
12	0.01393	0.01656	0.14881	0.03247	0.63545	0.01376	0.01846	0.01794	0.01308	0.01890	0.01085	0.01404	0.00890	0.00524	0.00572	0.00175	0.00719	0.00503	0.00281	0.00911
13	0.00744	0.00580	0.00704	0.00721	0.00857	0.00539	0.00532	0.00920	0.01285	0.01678	0.19389	0.19304	0.34120	0.01969	0.13620	0.00326	0.00512	0.01172	0.00523	0.00504
14	0.01244	0.01274	0.13220	0.01067	0.01405	0.03508	0.00969	0.07616	0.13389	0.07305	0.15560	0.08094	0.11963	0.01247	0.05936	0.00245	0.00578	0.04154	0.00511	0.00715
15	0.01397	0.01474	0.14317	0.01981	0.27533	0.01134	0.01344	0.04938	0.04025	0.07578	0.01400	0.08009	0.01197	0.00646	0.00552	0.00161	0.00601	0.00568	0.00372	0.20773
16	0.01228	0.14176	0.01423	0.01054	0.04696	0.01092	0.00801	0.01531	0.06980	0.07915	0.04782	0.05884	0.04292	0.09482	0.19947	0.00394	0.03720	0.00642	0.00395	0.09566
17	0.17641	0.06976	0.07190	0.14108	0.18720	0.01398	0.04673	0.07196	0.06190	0.05344	0.01198	0.01481	0.00947	0.03847	0.00624	0.00194	0.00645	0.00491	0.00355	0.00781

[dist]
# distance from previous block
# <min> <max>
0	107

[block]
# block no. 6 follows, 40 sequences, length 17
# corresponding to MSA columns:
# 1279-1295
name=unknown_G
#
# <colnr> <probs for GDERKNQSTAVLIFYWHMCP>
#	G	D	E	R	K	N	Q	S	T	A	V	L	I	F	Y	W	H	M	C	P
0	0.08593	0.09724	0.13921	0.03459	0.01718	0.11537	0.04520	0.04364	0.08094	0.11381	0.04776	0.01722	0.01279	0.04728	0.07494	0.00259	0.00760	0.00524	0.00398	0.00751
1	0.01143	0.09773	0.40581	0.01393	0.06075	0.01193	0.01483	0.01591	0.01282	0.03437	0.13566	0.02192	0.05948	0.07012	0.00758	0.00208	0.00667	0.00607	0.00348	0.00742
2	0.00776	0.00597	0.00720	0.00761	0.00908	0.00541	0.00592	0.00970	0.01364	0.01752	0.19002	0.15862	0.34612	0.01495	0.00722	0.00216	0.00352	0.17688	0.00559	0.00510
3	0.01664	0.05847	0.16536	0.03289	0.06051	0.03083	0.09473	0.22679	0.05382	0.09213	0.01625	0.01703	0.05132	0.00664	0.00573	0.00176	0.00677	0.00557	0.03231	0.02444
4	0.01130	0.03567	0.01006	0.00935	0.04509	0.04988	0.00647	0.06860	0.01381	0.06031	0.15097	0.08397	0.19145	0.20344	0.03198	0.00297	0.00502	0.00912	0.00484	0.00573
5	0.00726	0.00534	0.00669	0.00757	0.00821	0.00500	0.00512	0.00831	0.01114	0.01454	0.03462	0.53090	0.16836	0.10359	0.05209	0.00303	0.00422	0.01429	0.00507	0.00465
6	0.05975	0.07202	0.01798	0.55093	0.09872	0.01337	0.01455	0.01609	0.01195	0.05337	0.01095	0.01496	0.00830	0.00576	0.00547	0.00183	0.00709	0.00493	0.02504	0.00692
7	0.01283	0.03330	0.03185	0.16185	0.14173	0.02216	0.12000	0.01645	0.03254	0.05611	0.02908	0.07720	0.01333	0.00678	0.00561	0.00171	0.00610	0.00628	0.14319	0.08190
8	0.29630	0.01258	0.11735	0.00958	0.01331	0.01083	0.00879	0.07315	0.05139	0.08030	0.13758	0.06279	0.04946	0.00803	0.00524	0.00183	0.00477	0.00629	0.04342	0.00701
9	0.04004	0.00903	0.01089	0.03327	0.04687	0.00909	0.00772	0.01816	0.21151	0.08562	0.14394	0.16874	0.08289	0.01027	0.00616	0.00187	0.00414	0.00889	0.00539	0.09553
10	0.12057	0.01424	0.01070	0.01009	0.01242	0.26121	0.00758	0.01653	0.07141	0.01825	0.13251	0.12622	0.15585	0.01012	0.00590	0.00182	0.00580	0.00811	0.00456	0.00609
11	0.01643	0.07373	0.01545	0.01331	0.09414	0.01422	0.00968	0.30479	0.14522	0.02679	0.01852	0.01897	0.05741	0.00722	0.00540	0.00168	0.00524	0.00576	0.15765	0.00838
12	0.01432	0.04034	0.03087	0.04254	0.18326	0.07412	0.03125	0.03874	0.06987	0.07862	0.01570	0.11748	0.01405	0.00852	0.03051	0.00188	0.00617	0.00637	0.02275	0.17266
13	0.08839	0.03576	0.11815	0.11165	0.08449	0.11822	0.09048	0.04664	0.05183	0.08646	0.01297	0.01575	0.01002	0.00714	0.02674	0.00197	0.00749	0.02259	0.02645	0.03681
14	0.05596	0.12773	0.05580	0.01291	0.01707	0.01513	0.06866	0.29371	0.01836	0.08679	0.01609	0.04442	0.01385	0.00820	0.00629	0.00189	0.03160	0.11259	0.00476	0.00819
15	0.01017	0.07017	0.15342	0.01094	0.03970	0.02773	0.01001	0.01311	0.01315	0.02980	0.10338	0.09852	0.20025	0.01230	0.02640	0.00218	0.00544	0.14044	0.00449	0.02841
16	0.01514	0.01238	0.04312	0.13696	0.04548	0.01275	0.02861	0.23400	0.13156	0.05497	0.01907	0.06224	0.07061	0.00898	0.00732	0.06802	0.00586	0.00657	0.00468	0.03167

[dist]
# distance from previous block
# <min> <max>
28	450

[block]
# block no. 7 follows, 40 sequences, length 31
# corresponding to MSA columns:
# 1770-1800
name=unknown_H
#
# <colnr> <probs for GDERKNQSTAVLIFYWHMCP>
#	G	D	E	R	K	N	Q	S	T	A	V	L	I	F	Y	W	H	M	C	P
0	0.04137	0.06029	0.05876	0.11164	0.01806	0.05106	0.02588	0.08572	0.01481	0.20607	0.08707	0.03309	0.03749	0.01017	0.05945	0.00235	0.06098	0.00606	0.02209	0.00758
1	0.01561	0.28254	0.19075	0.01314	0.04048	0.01602	0.02587	0.07580	0.04641	0.10951	0.02793	0.01776	0.01201	0.00689	0.00580	0.00173	0.03805	0.06179	0.00380	0.00809
2	0.01518	0.05943	0.10753	0.01920	0.18521	0.01330	0.13285	0.07304	0.11726	0.10392	0.01707	0.06586	0.03661	0.00701	0.00595	0.00183	0.00657	0.00643	0.00419	0.02155
3	0.03368	0.06450	0.01454	0.03632	0.01536	0.24085	0.00912	0.03765	0.01444	0.09581	0.08829	0.04153	0.04264	0.00732	0.00632	0.00156	0.06311	0.00544	0.00405	0.17748
4	0.01287	0.01547	0.27509	0.01203	0.01643	0.00946	0.03665	0.01721	0.04076	0.12890	0.01975	0.12458	0.01781	0.03478	0.00680	0.00208	0.00595	0.10105	0.11508	0.00726
5	0.01013	0.08808	0.24214	0.01031	0.01440	0.00970	0.01067	0.01371	0.01361	0.01916	0.30398	0.02917	0.07935	0.07069	0.00779	0.00203	0.00520	0.00743	0.00434	0.05811
6	0.02077	0.01426	0.01562	0.01203	0.01643	0.01521	0.00989	0.55038	0.02379	0.10686	0.01500	0.01505	0.01066	0.00677	0.00555	0.00165	0.00578	0.00517	0.07498	0.07414
7	0.01197	0.01034	0.01248	0.06944	0.01585	0.00816	0.00762	0.01466	0.01202	0.01863	0.01034	0.01233	0.00855	0.00443	0.00443	0.00095	0.00458	0.00358	0.00338	0.76628
8	0.77166	0.01076	0.00847	0.00764	0.01096	0.01242	0.00620	0.01635	0.00971	0.02483	0.00825	0.01009	0.00660	0.00656	0.00510	0.06703	0.00454	0.00330	0.00351	0.00600
9	0.00906	0.00685	0.00865	0.00952	0.01071	0.00700	0.00730	0.01321	0.13597	0.01728	0.03077	0.41371	0.04762	0.01572	0.00735	0.00239	0.00421	0.24151	0.00547	0.00568
10	0.01461	0.14252	0.01312	0.00905	0.01170	0.01005	0.00724	0.06238	0.04363	0.19103	0.02371	0.28971	0.04417	0.01088	0.00587	0.00186	0.00438	0.00927	0.09783	0.00698
11	0.00703	0.00529	0.00651	0.00750	0.00828	0.00477	0.00513	0.00816	0.01171	0.01508	0.03936	0.59164	0.23394	0.01727	0.00727	0.00225	0.00326	0.01537	0.00540	0.00477
12	0.01445	0.01272	0.01493	0.01590	0.14189	0.01435	0.01068	0.02868	0.62355	0.02342	0.02150	0.02045	0.01630	0.00743	0.00589	0.00193	0.00500	0.00634	0.00540	0.00921
13	0.01272	0.01272	0.01781	0.01527	0.01527	0.01781	0.01272	0.01399	0.00891	0.01399	0.00763	0.01272	0.00763	0.01018	0.01908	0.00254	0.78499	0.00509	0.00254	0.00636
14	0.00831	0.00623	0.00935	0.00935	0.01038	0.00727	0.00727	0.01038	0.00935	0.01350	0.01558	0.02285	0.01454	0.04361	0.77259	0.00935	0.01558	0.00623	0.00312	0.00519
15	0.02357	0.01394	0.01600	0.01227	0.01686	0.01456	0.01013	0.47905	0.02342	0.30311	0.01725	0.01610	0.01154	0.00706	0.00583	0.00177	0.00587	0.00546	0.00632	0.00989
16	0.01206	0.01034	0.01206	0.00861	0.01378	0.00775	0.00689	0.01464	0.01206	0.01895	0.01034	0.01206	0.00861	0.00431	0.00431	0.00086	0.00431	0.00345	0.00345	0.83118
17	0.01281	0.00915	0.00979	0.00869	0.01082	0.03367	0.00656	0.13987	0.09503	0.05267	0.20215	0.04806	0.07183	0.12662	0.00943	0.00233	0.00437	0.00787	0.14176	0.00651
18	0.06402	0.00621	0.00746	0.00722	0.00872	0.00584	0.00538	0.01073	0.01503	0.02160	0.53576	0.11846	0.14731	0.01248	0.00670	0.00190	0.00295	0.01087	0.00597	0.00538
19	0.01671	0.01280	0.01414	0.01064	0.01529	0.01243	0.00865	0.35620	0.01927	0.02748	0.01265	0.01363	0.00965	0.00574	0.00500	0.00131	0.00518	0.00443	0.06214	0.38668
20	0.07052	0.01190	0.01230	0.01088	0.01409	0.01358	0.00854	0.10739	0.52050	0.02548	0.02090	0.02000	0.01572	0.00747	0.00550	0.00185	0.00455	0.00604	0.11421	0.00859
21	0.01006	0.00769	0.01091	0.01211	0.09111	0.00834	0.00829	0.06047	0.01136	0.01579	0.01746	0.02964	0.01730	0.16496	0.40714	0.00648	0.01093	0.10065	0.00364	0.00567
22	0.00818	0.00667	0.00752	0.00868	0.00924	0.05678	0.00597	0.00930	0.01160	0.01492	0.03043	0.70626	0.03614	0.01729	0.00730	0.00232	0.00394	0.04733	0.00523	0.00489
23	0.00893	0.00730	0.00745	0.00754	0.00912	0.05705	0.00549	0.01050	0.01350	0.04684	0.15466	0.26025	0.36134	0.01439	0.00688	0.00202	0.00363	0.01238	0.00547	0.00527
24	0.01558	0.28854	0.01998	0.06429	0.06256	0.07556	0.01016	0.11912	0.04004	0.04795	0.11101	0.01707	0.01535	0.00679	0.00548	0.00158	0.03004	0.00515	0.05624	0.00751
25	0.07553	0.03465	0.04216	0.02284	0.05988	0.10750	0.00832	0.11524	0.01501	0.01995	0.10984	0.06921	0.17792	0.09429	0.00847	0.00221	0.00545	0.00786	0.01730	0.00638
26	0.03445	0.06342	0.03679	0.04624	0.05815	0.01040	0.00863	0.07335	0.11843	0.08098	0.10797	0.04788	0.22453	0.00984	0.00608	0.00184	0.00462	0.02871	0.00508	0.03262
27	0.03818	0.08611	0.06471	0.01555	0.08978	0.01472	0.10210	0.28796	0.01831	0.03955	0.05767	0.04092	0.01295	0.00753	0.02380	0.00186	0.00662	0.00569	0.00438	0.08161
28	0.01557	0.23232	0.06326	0.07363	0.04580	0.13795	0.01076	0.09586	0.03736	0.04211	0.01320	0.07458	0.01158	0.00828	0.03522	0.00189	0.00699	0.00529	0.05591	0.03244
29	0.15106	0.01324	0.05742	0.01417	0.13751	0.10497	0.00973	0.04023	0.09229	0.04129	0.01798	0.11378	0.04871	0.03348	0.00618	0.00192	0.00560	0.00665	0.09673	0.00706
30	0.21028	0.06471	0.15262	0.06392	0.01733	0.01300	0.03879	0.03041	0.09897	0.01988	0.01490	0.06804	0.01357	0.03461	0.00720	0.00211	0.06040	0.07850	0.00375	0.00699

[dist]
# distance from previous block
# <min> <max>
0	70

[block]
# block no. 8 follows, 40 sequences, length 31
# corresponding to MSA columns:
# 1873-1888,1910-1924
name=unknown_I
#
# <colnr> <probs for GDERKNQSTAVLIFYWHMCP>
#	G	D	E	R	K	N	Q	S	T	A	V	L	I	F	Y	W	H	M	C	P
0	0.16457	0.00922	0.01001	0.03975	0.01265	0.00920	0.00696	0.05686	0.08380	0.07287	0.05779	0.12335	0.10828	0.00892	0.00542	0.00171	0.00420	0.00732	0.06210	0.15501
1	0.07753	0.04440	0.08187	0.01283	0.09622	0.01121	0.00981	0.10581	0.09523	0.07738	0.09520	0.07189	0.12451	0.00868	0.00579	0.00178	0.00501	0.00721	0.00480	0.06282
2	0.05460	0.03336	0.01548	0.09201	0.18273	0.15115	0.01105	0.07006	0.01427	0.05113	0.04287	0.06195	0.04906	0.03227	0.03734	0.00212	0.00687	0.00603	0.03025	0.05541
3	0.00801	0.00631	0.00732	0.00730	0.00882	0.00600	0.00539	0.01075	0.06597	0.01734	0.19090	0.13102	0.34504	0.06862	0.08024	0.00293	0.00448	0.02301	0.00531	0.00526
4	0.04670	0.31613	0.11069	0.02956	0.01749	0.20536	0.03187	0.04449	0.01348	0.01643	0.00950	0.01124	0.00792	0.00565	0.00519	0.00149	0.03894	0.00383	0.03747	0.04658
