[name]
unknown

[dist]
# distance from previous block
# <min> <max>
7	56

[block]
# block no. 0 follows, 47 sequences, length 28
# corresponding to MSA columns:
# 56-83
name=unknown_A
#
# <colnr> <probs for GDERKNQSTAVLIFYWHMCP>
#	G	D	E	R	K	N	Q	S	T	A	V	L	I	F	Y	W	H	M	C	P
0	0.01163	0.01030	0.03630	0.29126	0.18053	0.02160	0.01155	0.01477	0.02299	0.06917	0.07452	0.01524	0.01143	0.00533	0.00495	0.00145	0.00553	0.00469	0.00316	0.20359
1	0.00949	0.00734	0.01099	0.00891	0.01144	0.00648	0.11212	0.01203	0.01351	0.07157	0.42419	0.03139	0.12438	0.00884	0.00576	0.00155	0.00370	0.00798	0.00487	0.12349
2	0.00930	0.01246	0.21583	0.00946	0.01354	0.00745	0.00921	0.01216	0.01059	0.01569	0.01540	0.26334	0.01582	0.00806	0.00502	0.00143	0.00461	0.00697	0.00340	0.36024
3	0.01342	0.01075	0.01783	0.29823	0.40586	0.01138	0.01419	0.01648	0.01182	0.13296	0.01124	0.01397	0.00850	0.00511	0.00519	0.00162	0.00618	0.00473	0.00307	0.00748
4	0.01080	0.00926	0.01080	0.00771	0.01234	0.00694	0.00617	0.01311	0.01080	0.01697	0.00926	0.01080	0.00771	0.00386	0.00386	0.00077	0.00386	0.00309	0.00309	0.84882
5	0.01381	0.38470	0.29109	0.01188	0.01711	0.17217	0.01275	0.01694	0.01156	0.01383	0.00814	0.00948	0.00666	0.00481	0.00417	0.00135	0.00707	0.00327	0.00231	0.00691
6	0.00972	0.08011	0.46626	0.01135	0.01628	0.01035	0.01313	0.01357	0.01033	0.01480	0.06789	0.01896	0.01300	0.22056	0.01063	0.00251	0.00645	0.00516	0.00271	0.00621
7	0.01103	0.22400	0.01753	0.01676	0.30879	0.01186	0.01008	0.01333	0.01204	0.01595	0.15501	0.02267	0.14646	0.00712	0.00502	0.00148	0.00475	0.00608	0.00343	0.00658
8	0.01490	0.01163	0.11402	0.00974	0.01391	0.00898	0.00873	0.07385	0.10860	0.24343	0.01628	0.09574	0.01291	0.00660	0.00497	0.00145	0.00462	0.00548	0.00456	0.23963
9	0.00731	0.00537	0.00742	0.00750	0.00824	0.00590	0.00550	0.00866	0.00854	0.01187	0.01812	0.07806	0.06853	0.20455	0.52271	0.00678	0.01052	0.00700	0.00315	0.00428
10	0.01389	0.01473	0.01872	0.10382	0.41974	0.18507	0.04163	0.01707	0.04642	0.01557	0.00968	0.01245	0.00800	0.00529	0.00598	0.00159	0.06593	0.00446	0.00268	0.00728
11	0.02642	0.16030	0.31501	0.01537	0.17639	0.01208	0.01337	0.01447	0.01137	0.01591	0.06746	0.04692	0.09091	0.00646	0.00494	0.00156	0.00588	0.00534	0.00292	0.00693
12	0.01213	0.01204	0.02127	0.17789	0.31135	0.01252	0.22108	0.01743	0.12774	0.01692	0.01163	0.01440	0.00906	0.00505	0.00546	0.00167	0.00674	0.00524	0.00296	0.00743
13	0.00690	0.00557	0.00620	0.00638	0.00779	0.00512	0.00465	0.00935	0.07512	0.01524	0.12209	0.24872	0.44164	0.01324	0.00621	0.00184	0.00284	0.01141	0.00497	0.00473
14	0.18601	0.28768	0.19293	0.01222	0.01724	0.02743	0.14321	0.02797	0.01102	0.03832	0.00876	0.01031	0.00687	0.00473	0.00427	0.00147	0.00632	0.00373	0.00267	0.00684
15	0.01705	0.01758	0.28463	0.01211	0.01727	0.05991	0.01236	0.22352	0.01613	0.23678	0.04190	0.01422	0.01056	0.00596	0.00513	0.00160	0.00616	0.00464	0.00437	0.00813
16	0.00900	0.01585	0.35459	0.01326	0.12321	0.00892	0.01241	0.01266	0.01148	0.01555	0.02751	0.02758	0.33041	0.00834	0.00548	0.00168	0.00537	0.00694	0.00335	0.00640
17	0.01598	0.01427	0.07167	0.13242	0.01901	0.04332	0.01090	0.39645	0.19676	0.02532	0.01365	0.01411	0.00997	0.00615	0.00519	0.00163	0.00582	0.00485	0.00448	0.00806
18	0.01338	0.01694	0.23465	0.15474	0.12547	0.06985	0.14187	0.06890	0.02884	0.07928	0.01087	0.01297	0.00797	0.00514	0.00525	0.00164	0.00720	0.00466	0.00299	0.00739
19	0.01689	0.01068	0.03847	0.00952	0.01292	0.03680	0.00792	0.20089	0.07268	0.29609	0.13697	0.02271	0.09876	0.00771	0.00544	0.00162	0.00452	0.00628	0.00550	0.00760
20	0.00618	0.00516	0.00539	0.00558	0.00711	0.00437	0.00409	0.00744	0.01158	0.01395	0.04910	0.16620	0.66866	0.01366	0.00623	0.00181	0.00270	0.01157	0.00484	0.00437
21	0.01546	0.35615	0.07746	0.01020	0.01417	0.13398	0.00937	0.04567	0.08831	0.12406	0.06795	0.01352	0.01167	0.00569	0.00440	0.00138	0.00578	0.00416	0.00356	0.00707
22	0.01144	0.08716	0.31365	0.15237	0.16137	0.01298	0.13753	0.01608	0.02926	0.01584	0.00970	0.01229	0.00739	0.00485	0.00509	0.00162	0.00721	0.00445	0.00243	0.00729
23	0.00693	0.00488	0.00618	0.00678	0.00746	0.00453	0.00468	0.00783	0.02515	0.01357	0.08991	0.45626	0.18768	0.01531	0.00856	0.13068	0.00315	0.01185	0.00452	0.00410
24	0.01290	0.01357	0.01931	0.07886	0.34629	0.13147	0.11893	0.01551	0.01159	0.01517	0.01059	0.07130	0.00961	0.00622	0.00695	0.00170	0.11500	0.00539	0.00271	0.00692
25	0.07573	0.01285	0.11814	0.01567	0.21780	0.06357	0.01088	0.01749	0.06738	0.16873	0.04586	0.07273	0.07687	0.00701	0.00520	0.00164	0.00531	0.00592	0.00400	0.00723
26	0.01243	0.01475	0.13110	0.02762	0.53087	0.01249	0.16145	0.01619	0.01182	0.01688	0.00988	0.01285	0.00795	0.00463	0.00532	0.00160	0.00690	0.00482	0.00254	0.00793
27	0.00622	0.00502	0.00554	0.00597	0.00722	0.00434	0.00426	0.00740	0.01121	0.01380	0.04436	0.31668	0.52124	0.01428	0.00633	0.00188	0.00277	0.01232	0.00484	0.00434

[dist]
# distance from previous block
# <min> <max>
0	29

[block]
# block no. 1 follows, 47 sequences, length 14
# corresponding to MSA columns:
# 113-126
name=unknown_B
#
# <colnr> <probs for GDERKNQSTAVLIFYWHMCP>
#	G	D	E	R	K	N	Q	S	T	A	V	L	I	F	Y	W	H	M	C	P
0	0.01770	0.14915	0.05625	0.10502	0.01785	0.17968	0.01041	0.23339	0.01617	0.14852	0.01149	0.01212	0.00838	0.00561	0.00478	0.00147	0.00650	0.00413	0.00389	0.00748
1	0.07730	0.08552	0.19375	0.01177	0.01629	0.21868	0.01119	0.11010	0.01433	0.19562	0.01164	0.01191	0.00829	0.00551	0.00472	0.00150	0.00671	0.00398	0.00374	0.00744
2	0.00629	0.00475	0.00582	0.00668	0.00740	0.00428	0.00458	0.00732	0.01052	0.01352	0.03571	0.59124	0.25227	0.01540	0.00650	0.00201	0.00291	0.01369	0.00483	0.00428
3	0.01501	0.01740	0.02134	0.01670	0.02059	0.29648	0.34794	0.02026	0.15842	0.01623	0.01167	0.01339	0.00899	0.00525	0.00546	0.00161	0.00811	0.00509	0.00316	0.00690
4	0.01325	0.01407	0.02255	0.09465	0.41566	0.10710	0.22349	0.01652	0.01220	0.01608	0.00974	0.01288	0.00785	0.00471	0.00538	0.00160	0.00736	0.00490	0.00258	0.00743
5	0.01053	0.01396	0.18564	0.12609	0.09202	0.01136	0.18687	0.01418	0.01126	0.01581	0.07559	0.05560	0.01362	0.00701	0.00708	0.00183	0.10335	0.05874	0.00296	0.00649
6	0.00617	0.00521	0.00534	0.00544	0.00708	0.00438	0.00403	0.00746	0.01171	0.01400	0.05076	0.11342	0.72037	0.01345	0.00620	0.00179	0.00267	0.01131	0.00484	0.00438
7	0.01511	0.09744	0.04965	0.01600	0.18138	0.28161	0.01097	0.08718	0.07700	0.01661	0.03706	0.01322	0.01001	0.00846	0.07420	0.00206	0.00763	0.00433	0.00316	0.00694
8	0.01439	0.22791	0.09705	0.01026	0.01426	0.01348	0.03523	0.21117	0.03553	0.09158	0.13417	0.01835	0.06160	0.00672	0.00492	0.00149	0.00514	0.00535	0.00419	0.00719
9	0.01500	0.01239	0.01320	0.17027	0.01792	0.19483	0.03726	0.04919	0.01367	0.18307	0.13107	0.06295	0.01679	0.00732	0.00582	0.00165	0.03439	0.02262	0.00415	0.00644
10	0.01265	0.01206	0.01374	0.28725	0.08829	0.13849	0.01076	0.14317	0.01429	0.01776	0.09314	0.02007	0.11274	0.00695	0.00534	0.00162	0.00605	0.00574	0.00357	0.00630
11	0.37705	0.01127	0.08002	0.15184	0.15824	0.01103	0.01020	0.01454	0.01057	0.01954	0.09968	0.01404	0.01157	0.00556	0.00442	0.00163	0.00507	0.00434	0.00315	0.00624
12	0.63417	0.07960	0.12135	0.00825	0.01224	0.01234	0.00793	0.01586	0.00952	0.04847	0.00802	0.00914	0.00612	0.00488	0.00355	0.00158	0.00470	0.00305	0.00311	0.00613
13	0.01271	0.01240	0.01612	0.30168	0.24536	0.12368	0.01298	0.08076	0.01279	0.01619	0.01178	0.05160	0.01043	0.00635	0.00533	0.00168	0.00663	0.06187	0.00300	0.00666

[dist]
# distance from previous block
# <min> <max>
0	2

[block]
# block no. 2 follows, 47 sequences, length 103
# corresponding to MSA columns:
# 129-231
name=unknown_C
#
# <colnr> <probs for GDERKNQSTAVLIFYWHMCP>
#	G	D	E	R	K	N	Q	S	T	A	V	L	I	F	Y	W	H	M	C	P
0	0.00974	0.04466	0.12719	0.00887	0.01107	0.00776	0.00792	0.01183	0.00932	0.08679	0.01413	0.02122	0.01305	0.19962	0.39742	0.00566	0.00977	0.00560	0.00311	0.00528
1	0.14459	0.11365	0.01494	0.01172	0.01471	0.53700	0.00914	0.01981	0.06269	0.01488	0.00869	0.00978	0.00714	0.00529	0.00436	0.00138	0.00780	0.00337	0.00288	0.00619
2	0.13957	0.12308	0.01638	0.21309	0.22488	0.01210	0.01155	0.01511	0.01108	0.06621	0.01187	0.01797	0.01037	0.00614	0.00489	0.00166	0.00567	0.09868	0.00309	0.00662
3	0.01255	0.01823	0.34187	0.02334	0.41605	0.01195	0.01680	0.01680	0.01169	0.06680	0.01030	0.01241	0.00786	0.00489	0.00507	0.00159	0.00670	0.00435	0.00267	0.00806
4	0.01215	0.01162	0.01980	0.21882	0.60341	0.01218	0.01561	0.01533	0.01151	0.01612	0.00967	0.01313	0.00793	0.00478	0.00517	0.00159	0.00637	0.00464	0.00251	0.00765
5	0.18097	0.01362	0.01940	0.01901	0.22382	0.06405	0.20752	0.17314	0.01420	0.02121	0.00994	0.01201	0.00767	0.00500	0.00501	0.00160	0.00655	0.00460	0.00328	0.00740
6	0.01318	0.27175	0.28064	0.01126	0.01602	0.11287	0.01190	0.01628	0.01172	0.07551	0.04507	0.08873	0.01167	0.00630	0.00465	0.00148	0.00631	0.00486	0.00301	0.00680
7	0.00696	0.00578	0.00699	0.10734	0.01102	0.00550	0.00576	0.00854	0.01125	0.01379	0.04028	0.10484	0.49609	0.06802	0.00758	0.00208	0.00360	0.08565	0.00440	0.00451
8	0.01064	0.01027	0.01855	0.17595	0.24407	0.01040	0.19451	0.01394	0.01241	0.01714	0.20678	0.02050	0.02897	0.00634	0.00567	0.00166	0.00597	0.00631	0.00337	0.00656
9	0.04777	0.03034	0.01233	0.01002	0.01323	0.03736	0.00809	0.20560	0.19700	0.21313	0.07326	0.05683	0.01653	0.00760	0.00534	0.00168	0.00467	0.04618	0.00530	0.00773
10	0.01135	0.01118	0.01717	0.52772	0.25307	0.06268	0.01462	0.01457	0.01112	0.01435	0.00934	0.01330	0.00731	0.00505	0.00516	0.00165	0.00688	0.00455	0.00241	0.00652
11	0.00643	0.00483	0.00599	0.00687	0.00762	0.00439	0.00483	0.00754	0.01061	0.01365	0.03508	0.55995	0.23467	0.01535	0.00655	0.00204	0.00303	0.06142	0.00483	0.00431
12	0.01392	0.82012	0.02729	0.00891	0.01337	0.02061	0.00891	0.01559	0.01058	0.01225	0.00724	0.00835	0.00668	0.00446	0.00334	0.00111	0.00557	0.00278	0.00223	0.00668
13	0.07886	0.12630	0.31139	0.01189	0.01727	0.01322	0.03069	0.17475	0.01418	0.12837	0.01142	0.01207	0.00815	0.00538	0.00468	0.00154	0.00611	0.00409	0.03195	0.00770
14	0.00674	0.00499	0.00613	0.00656	0.00729	0.00474	0.00450	0.00780	0.01013	0.01329	0.08716	0.33311	0.20659	0.17198	0.10161	0.00328	0.00454	0.01104	0.00434	0.00416
15	0.01229	0.01405	0.03073	0.02195	0.02722	0.01317	0.76558	0.01668	0.01229	0.01668	0.01054	0.01405	0.00790	0.00439	0.00615	0.00176	0.00878	0.00615	0.00263	0.00702
16	0.01550	0.01471	0.07668	0.01745	0.20289	0.10805	0.08180	0.21567	0.01577	0.08323	0.05240	0.05288	0.01182	0.00626	0.00554	0.00160	0.02093	0.00536	0.00385	0.00762
17	0.02414	0.06055	0.23858	0.24614	0.07501	0.01217	0.18012	0.01520	0.01111	0.01571	0.00999	0.01302	0.00755	0.00493	0.00509	0.00163	0.00708	0.00463	0.06060	0.00674
18	0.00640	0.00533	0.00561	0.00568	0.00737	0.00455	0.00436	0.00786	0.01204	0.01456	0.09125	0.05017	0.68298	0.01314	0.00624	0.00180	0.00280	0.06852	0.00488	0.00446
19	0.01592	0.48092	0.07533	0.01059	0.01479	0.21223	0.00987	0.04900	0.01251	0.06384	0.00867	0.00958	0.00718	0.00492	0.00399	0.00126	0.00660	0.00324	0.00274	0.00682
20	0.01403	0.10365	0.08385	0.02214	0.37557	0.10424	0.07893	0.07372	0.06234	0.01742	0.01028	0.01233	0.00827	0.00499	0.00499	0.00152	0.00667	0.00444	0.00290	0.00772
21	0.00656	0.00465	0.00624	0.00729	0.00768	0.00448	0.00497	0.00761	0.00984	0.01336	0.02683	0.70765	0.03159	0.01832	0.08720	0.00273	0.00412	0.01355	0.03104	0.00429
22	0.01108	0.17092	0.65154	0.01377	0.02087	0.01364	0.01737	0.01633	0.01092	0.01572	0.00896	0.01052	0.00661	0.00486	0.00466	0.00155	0.00731	0.00366	0.00220	0.00751
23	0.06444	0.04969	0.16951	0.04426	0.01599	0.21116	0.01051	0.07147	0.01354	0.16351	0.01618	0.05072	0.08361	0.00671	0.00499	0.00157	0.00634	0.00514	0.00378	0.00687
24	0.01136	0.02115	0.47038	0.02022	0.20671	0.01235	0.15078	0.01640	0.01143	0.01665	0.00966	0.01199	0.00723	0.00477	0.00521	0.00164	0.00753	0.00445	0.00237	0.00771
25	0.00983	0.00926	0.01562	0.80447	0.03587	0.01157	0.01446	0.01331	0.01041	0.01331	0.00926	0.01388	0.00694	0.00521	0.00521	0.00174	0.00694	0.00463	0.00231	0.00579
26	0.01369	0.01215	0.01714	0.23185	0.31000	0.04691	0.01331	0.19522	0.01463	0.01952	0.01151	0.01622	0.00955	0.00591	0.00531	0.00165	0.00632	0.05842	0.00330	0.00739
27	0.06768	0.02747	0.05970	0.07244	0.10540	0.03633	0.01010	0.10261	0.06523	0.15904	0.09681	0.05360	0.01474	0.00712	0.00654	0.00170	0.09663	0.00558	0.00418	0.00710
28	0.00753	0.00534	0.00628	0.00651	0.00738	0.00535	0.00467	0.00885	0.01026	0.01444	0.02933	0.27243	0.22610	0.09058	0.04300	0.00239	0.05562	0.00983	0.18969	0.00442
29	0.00709	0.00513	0.00658	0.00750	0.00808	0.00497	0.00532	0.00868	0.03907	0.01363	0.02763	0.52475	0.06103	0.11714	0.00919	0.00251	0.00361	0.13910	0.00463	0.00435
30	0.01431	0.33698	0.23007	0.01121	0.01615	0.07730	0.01167	0.09208	0.04120	0.06952	0.01137	0.01277	0.02626	0.00551	0.00443	0.00143	0.00625	0.02118	0.00308	0.00724
31	0.01384	0.14040	0.18462	0.01610	0.18752	0.01241	0.05478	0.06583	0.03704	0.12872	0.09592	0.01556	0.01305	0.00576	0.00501	0.00154	0.00581	0.00492	0.00360	0.00758
32	0.00653	0.00528	0.00586	0.00622	0.00769	0.00462	0.00476	0.00795	0.01162	0.01419	0.04550	0.15813	0.56166	0.01381	0.00638	0.00191	0.00302	0.12559	0.00483	0.00443
33	0.01271	0.34586	0.33173	0.01325	0.01898	0.06978	0.10917	0.01645	0.01125	0.01454	0.00856	0.01020	0.00680	0.00471	0.00443	0.00143	0.00709	0.00368	0.00230	0.00709
34	0.01489	0.01656	0.10570	0.01685	0.17382	0.20576	0.05971	0.14351	0.04804	0.03476	0.01300	0.04838	0.01132	0.00666	0.00535	0.00164	0.00685	0.07650	0.00351	0.00718
35	0.01215	0.01170	0.01943	0.15849	0.54260	0.01278	0.01503	0.01501	0.01103	0.01572	0.00926	0.01283	0.00782	0.00541	0.00697	0.00169	0.12751	0.00463	0.00249	0.00745
36	0.01364	0.01478	0.02721	0.01983	0.02457	0.07021	0.59209	0.10356	0.01370	0.01809	0.01043	0.01342	0.00788	0.00487	0.00639	0.00173	0.04186	0.00571	0.00292	0.00711
37	0.01258	0.01212	0.02087	0.10581	0.69167	0.01232	0.03661	0.01574	0.01173	0.01665	0.00976	0.01302	0.00811	0.00469	0.00519	0.00157	0.00633	0.00468	0.00255	0.00798
38	0.01112	0.13351	0.47579	0.01362	0.01881	0.01417	0.01562	0.01525	0.01013	0.01483	0.00849	0.01087	0.00677	0.00646	0.02015	0.00184	0.20942	0.00391	0.00223	0.00700
39	0.32903	0.00967	0.01164	0.01396	0.21781	0.01009	0.00869	0.01572	0.04298	0.10350	0.01765	0.02020	0.11767	0.00684	0.00472	0.00167	0.00451	0.05326	0.00382	0.00657
40	0.01217	0.00999	0.01593	0.39317	0.25206	0.02729	0.01310	0.01489	0.01118	0.09608	0.01145	0.04994	0.00931	0.00641	0.00611	0.05010	0.00619	0.00512	0.00295	0.00657
41	0.01122	0.12457	0.58673	0.01649	0.12785	0.01320	0.01749	0.01631	0.01106	0.01603	0.00914	0.01093	0.00684	0.00484	0.00477	0.00157	0.00722	0.00383	0.00226	0.00765
42	0.00906	0.00739	0.01136	0.01537	0.23491	0.00730	0.00949	0.01119	0.01132	0.01528	0.02275	0.28189	0.02505	0.01215	0.00643	0.00206	0.00464	0.30256	0.00416	0.00562
43	0.01424	0.01470	0.01860	0.11090	0.47892	0.17708	0.01402	0.05001	0.04124	0.01658	0.00991	0.01249	0.00809	0.00502	0.00507	0.00153	0.00685	0.00442	0.00279	0.00754
44	0.01225	0.01136	0.01950	0.01944	0.24083	0.04682	0.25597	0.01538	0.01294	0.07069	0.19827	0.02029	0.01858	0.02676	0.00624	0.00172	0.00612	0.00635	0.00365	0.00685
45	0.01899	0.01769	0.01493	0.01246	0.01582	0.35750	0.04462	0.21989	0.06460	0.13609	0.01226	0.01269	0.00906	0.00695	0.03147	0.00172	0.00746	0.00436	0.00409	0.00735
46	0.01331	0.00644	0.00870	0.00795	0.00993	0.00580	0.00603	0.01500	0.01281	0.32083	0.17431	0.31592	0.02804	0.01214	0.03546	0.00205	0.00387	0.00961	0.00557	0.00621
47	0.01430	0.01477	0.02135	0.01625	0.02037	0.13148	0.36495	0.14063	0.12929	0.01931	0.01482	0.01624	0.05930	0.00581	0.00565	0.00166	0.00728	0.00576	0.00360	0.00719
48	0.01590	0.28530	0.19133	0.01192	0.01645	0.27909	0.01156	0.05319	0.01301	0.06463	0.00909	0.01009	0.00718	0.00508	0.00437	0.00136	0.00726	0.00346	0.00279	0.00693
49	0.00779	0.00539	0.00716	0.00808	0.00907	0.00512	0.00634	0.00942	0.01123	0.04145	0.03079	0.37451	0.12040	0.01478	0.00677	0.00218	0.00378	0.32624	0.00487	0.00465
50	0.01198	0.01144	0.01949	0.26296	0.56064	0.01213	0.01553	0.01518	0.01143	0.01590	0.00963	0.01319	0.00786	0.00481	0.00517	0.00160	0.00641	0.00464	0.00250	0.00751
51	0.01214	0.01163	0.02000	0.20441	0.39072	0.01219	0.12800	0.04107	0.05976	0.01688	0.01137	0.01570	0.00935	0.00536	0.00542	0.00167	0.00655	0.03755	0.00288	0.00737
52	0.14216	0.01247	0.01939	0.01876	0.21793	0.01273	0.21314	0.15094	0.04962	0.09491	0.01165	0.01323	0.00867	0.00517	0.00515	0.00163	0.00621	0.00489	0.00366	0.00769
53	0.00784	0.00608	0.00685	0.00655	0.00819	0.00565	0.00492	0.08101	0.01365	0.01771	0.25352	0.14525	0.39924	0.01222	0.00613	0.00175	0.00293	0.01045	0.00513	0.00495
54	0.85377	0.01007	0.00765	0.00685	0.01007	0.01168	0.00564	0.01531	0.00886	0.02336	0.00725	0.00846	0.00564	0.00483	0.00322	0.00161	0.00403	0.00282	0.00322	0.00564
55	0.00767	0.00521	0.00650	0.00650	0.00688	0.00551	0.00428	0.00843	0.00805	0.01135	0.01565	0.02869	0.01664	0.51107	0.27572	0.00588	0.00778	0.00675	0.05768	0.00375
56	0.01340	0.01472	0.15540	0.02031	0.32884	0.01267	0.02428	0.19274	0.01469	0.02067	0.07911	0.02604	0.01201	0.00605	0.00599	0.00163	0.05516	0.00510	0.00343	0.00777
57	0.01878	0.01753	0.01469	0.01216	0.01563	0.28332	0.00964	0.42271	0.09037	0.02456	0.01190	0.01226	0.00889	0.00602	0.00500	0.00150	0.00675	0.00435	0.02624	0.00773
58	0.01073	0.02113	0.53734	0.01363	0.01972	0.01114	0.06429	0.01683	0.08930	0.04110	0.03401	0.06336	0.04173	0.00634	0.00525	0.00170	0.00668	0.00535	0.00304	0.00733
59	0.01286	0.04720	0.54860	0.01402	0.02040	0.01192	0.05503	0.01771	0.01151	0.14488	0.01105	0.01222	0.00773	0.00541	0.00577	0.00167	0.05716	0.00421	0.00294	0.00770
60	0.01173	0.31962	0.50856	0.01265	0.01915	0.01523	0.01543	0.01616	0.01084	0.01493	0.00857	0.01002	0.00663	0.00477	0.00435	0.00145	0.00691	0.00346	0.00221	0.00732
61	0.00623	0.00523	0.00542	0.00547	0.00711	0.00441	0.00407	0.00759	0.01191	0.01440	0.09166	0.09900	0.69318	0.01325	0.00619	0.00177	0.00265	0.01115	0.00489	0.00441
62	0.01267	0.36798	0.39903	0.01218	0.01807	0.07932	0.01405	0.01645	0.01112	0.01436	0.00833	0.00973	0.00664	0.00477	0.00424	0.00139	0.00692	0.00335	0.00225	0.00713
63	0.01291	0.01150	0.03881	0.24189	0.28152	0.01218	0.08967	0.01592	0.01128	0.10445	0.01054	0.01359	0.00814	0.00562	0.00694	0.00173	0.11846	0.00483	0.00290	0.00713
64	0.01130	0.01104	0.01996	0.14665	0.39530	0.01118	0.16741	0.01439	0.01144	0.01580	0.01272	0.13439	0.01194	0.00644	0.00559	0.00170	0.00636	0.00648	0.00289	0.00701
65	0.00648	0.00534	0.00572	0.00577	0.00742	0.00458	0.00442	0.00802	0.01222	0.01500	0.13761	0.04946	0.63560	0.01298	0.00624	0.00179	0.00279	0.06913	0.00494	0.00449
66	0.01611	0.01167	0.01753	0.17443	0.26059	0.06740	0.08191	0.01892	0.01281	0.26678	0.01313	0.01451	0.00936	0.00537	0.00525	0.00161	0.00624	0.00488	0.00380	0.00769
67	0.01322	0.05266	0.27650	0.01235	0.01700	0.00995	0.12542	0.01667	0.01188	0.19808	0.06386	0.05263	0.01374	0.10355	0.00786	0.00206	0.00613	0.00576	0.00373	0.00695
68	0.00629	0.00489	0.00572	0.00635	0.00733	0.00432	0.00444	0.00742	0.01095	0.01384	0.05910	0.45096	0.37032	0.01477	0.00641	0.00194	0.00283	0.01295	0.00486	0.00432
69	0.01045	0.02694	0.79000	0.01484	0.02254	0.01209	0.01924	0.01649	0.01099	0.01649	0.00935	0.01099	0.00660	0.00495	0.00495	0.00165	0.00770	0.00385	0.00220	0.00770
70	0.13148	0.01537	0.06917	0.01168	0.01400	0.22275	0.00983	0.09543	0.01219	0.01681	0.03764	0.01261	0.00912	0.01042	0.09937	0.00249	0.21626	0.00425	0.00301	0.00611
71	0.01256	0.01126	0.01721	0.13797	0.24107	0.03181	0.11244	0.15838	0.01383	0.01869	0.01396	0.16235	0.01307	0.00723	0.00554	0.00170	0.00597	0.00671	0.02131	0.00695
72	0.00755	0.00540	0.00743	0.00863	0.00946	0.00527	0.00693	0.00934	0.01116	0.01465	0.02804	0.36803	0.03180	0.01518	0.00697	0.00228	0.00407	0.44843	0.00481	0.00456
73	0.00858	0.00908	0.12645	0.01003	0.01222	0.00679	0.00963	0.01154	0.01216	0.01633	0.11201	0.04923	0.02865	0.01253	0.00673	0.00220	0.00496	0.55111	0.00451	0.00525
74	0.01295	0.01119	0.01178	0.01060	0.01354	0.01295	0.00824	0.02767	0.77509	0.02178	0.02120	0.01943	0.01590	0.00707	0.00530	0.00177	0.00412	0.00589	0.00530	0.00824
75	0.01875	0.01439	0.01502	0.01182	0.01575	0.04016	0.00965	0.63184	0.13772	0.03052	0.01368	0.01345	0.00985	0.00635	0.00521	0.00159	0.00560	0.00483	0.00514	0.00867
76	0.01539	0.01240	0.01315	0.01109	0.01447	0.01409	0.00883	0.29080	0.50800	0.02571	0.01810	0.01696	0.01339	0.00678	0.00527	0.00169	0.00469	0.00546	0.00527	0.00846
77	0.00659	0.00500	0.00614	0.00694	0.00787	0.00455	0.00508	0.00786	0.01091	0.01390	0.03661	0.44297	0.28499	0.01497	0.00656	0.00204	0.00316	0.12465	0.00483	0.00437
78	0.01872	0.01405	0.01502	0.01176	0.01574	0.01565	0.00964	0.65103	0.14234	0.03109	0.01387	0.01359	0.00996	0.00638	0.00522	0.00159	0.00548	0.00488	0.00522	0.00876
79	0.00629	0.00473	0.00584	0.00672	0.00741	0.00427	0.00460	0.00731	0.01048	0.01350	0.03515	0.60890	0.23496	0.01548	0.00651	0.00202	0.00292	0.01378	0.00483	0.00427
80	0.01289	0.01237	0.02114	0.03196	0.78450	0.01237	0.01598	0.01598	0.01186	0.01701	0.00980	0.01289	0.00825	0.00464	0.00516	0.00155	0.00619	0.00464	0.00258	0.00825
81	0.01069	0.08168	0.73736	0.01443	0.02191	0.01268	0.01853	0.01643	0.01097	0.01620	0.00920	0.01081	0.00660	0.00491	0.00484	0.00161	0.00755	0.00377	0.00220	0.00763
82	0.01045	0.02694	0.79000	0.01484	0.02254	0.01209	0.01924	0.01649	0.01099	0.01649	0.00935	0.01099	0.00660	0.00495	0.00495	0.00165	0.00770	0.00385	0.00220	0.00770
83	0.01289	0.01237	0.02114	0.03196	0.78450	0.01237	0.01598	0.01598	0.01186	0.01701	0.00980	0.01289	0.00825	0.00464	0.00516	0.00155	0.00619	0.00464	0.00258	0.00825
84	0.01366	0.01078	0.01623	0.03299	0.20695	0.03934	0.12345	0.11876	0.01389	0.12401	0.05341	0.19051	0.01657	0.00796	0.00568	0.00171	0.00553	0.00737	0.00413	0.00706
85	0.00698	0.00502	0.00675	0.00790	0.00855	0.00479	0.00591	0.00837	0.01068	0.01405	0.02935	0.54463	0.06431	0.01558	0.00680	0.00219	0.00356	0.24534	0.00482	0.00441
86	0.00702	0.00525	0.00667	0.00755	0.00857	0.00490	0.00586	0.00857	0.01120	0.01432	0.03475	0.34030	0.23337	0.01479	0.00671	0.00212	0.00355	0.27519	0.00482	0.00448
87	0.01754	0.12531	0.11633	0.01296	0.01732	0.22336	0.09845	0.14308	0.01507	0.16437	0.01151	0.01210	0.00836	0.00543	0.00490	0.00149	0.00705	0.00424	0.00369	0.00745
88	0.01210	0.01557	0.12648	0.02170	0.07573	0.01298	0.62224	0.01661	0.01210	0.01668	0.01034	0.01358	0.00776	0.00448	0.00593	0.00173	0.00847	0.00576	0.00258	0.00719
89	0.00621	0.00506	0.00550	0.00585	0.00719	0.00435	0.00421	0.00741	0.01132	0.01384	0.04576	0.27228	0.56474	0.01410	0.00630	0.00186	0.00275	0.01210	0.00484	0.00435
90	0.01392	0.01316	0.02483	0.02231	0.22192	0.01279	0.41996	0.10365	0.01372	0.06860	0.01155	0.02838	0.00891	0.00502	0.00573	0.00168	0.00736	0.00568	0.00320	0.00762
91	0.01476	0.01209	0.02381	0.11790	0.02459	0.01158	0.46705	0.01863	0.02661	0.20910	0.01307	0.01504	0.00917	0.00506	0.00578	0.00172	0.00737	0.00572	0.00359	0.00735
92	0.00634	0.00453	0.00604	0.00725	0.00755	0.00423	0.00483	0.00725	0.00997	0.01329	0.02870	0.81358	0.03444	0.01632	0.00665	0.00211	0.00302	0.01480	0.00483	0.00423
93	0.01372	0.01491	0.01844	0.25113	0.31154	0.22230	0.06256	0.01654	0.01224	0.01477	0.00922	0.01232	0.00743	0.00498	0.00511	0.00156	0.00743	0.00439	0.00253	0.00686
94	0.01496	0.01540	0.02167	0.02086	0.22538	0.17226	0.25519	0.08084	0.01348	0.05078	0.01015	0.01261	0.00797	0.00527	0.00632	0.00163	0.07007	0.00489	0.00299	0.00728
95	0.01872	0.01681	0.01417	0.01196	0.01516	0.30308	0.00942	0.22456	0.13937	0.13691	0.01320	0.01320	0.00971	0.00622	0.00559	0.00155	0.04398	0.00446	0.00434	0.00757
96	0.01222	0.01169	0.01988	0.17458	0.63446	0.01211	0.01552	0.01536	0.01159	0.01628	0.01033	0.01362	0.01940	0.00487	0.00518	0.00158	0.00627	0.00473	0.00256	0.00774
97	0.01214	0.00930	0.01086	0.00828	0.01240	0.00780	0.00657	0.01624	0.12676	0.09153	0.01300	0.04791	0.01062	0.00514	0.00433	0.00106	0.00392	0.00423	0.00382	0.60410
98	0.00980	0.00730	0.00854	0.00836	0.00984	0.00751	0.00613	0.17506	0.06880	0.01859	0.06136	0.49219	0.07981	0.01297	0.00618	0.00192	0.00364	0.01143	0.00499	0.00558
99	0.00666	0.00478	0.00614	0.00684	0.00737	0.00446	0.00462	0.00780	0.01074	0.01446	0.17453	0.53766	0.07714	0.10086	0.00865	0.00232	0.00311	0.01277	0.00483	0.00426
100	0.22384	0.01773	0.28889	0.01158	0.01664	0.02431	0.01199	0.27104	0.03122	0.02367	0.01027	0.01150	0.00758	0.02196	0.00505	0.00168	0.00601	0.00399	0.00357	0.00747
101	0.01387	0.01149	0.01622	0.18318	0.25538	0.01250	0.01249	0.26473	0.01578	0.02129	0.01327	0.01990	0.01146	0.00677	0.00549	0.00172	0.00598	0.11731	0.00373	0.00741
102	0.00739	0.00518	0.00681	0.00701	0.00762	0.00549	0.00493	0.00854	0.00872	0.01226	0.01906	0.15919	0.05209	0.26429	0.34759	0.00557	0.00821	0.00792	0.05800	0.00413

[dist]
# distance from previous block
# <min> <max>
5	8

[block]
# block no. 3 follows, 47 sequences, length 124
# corresponding to MSA columns:
# 240-363
name=unknown_D
#
# <colnr> <probs for GDERKNQSTAVLIFYWHMCP>
#	G	D	E	R	K	N	Q	S	T	A	V	L	I	F	Y	W	H	M	C	P
0	0.01898	0.01514	0.01555	0.06069	0.07615	0.13827	0.01044	0.47056	0.02016	0.10426	0.01222	0.01265	0.00877	0.00594	0.00513	0.00154	0.00629	0.00453	0.00456	0.00818
1	0.01719	0.07683	0.06345	0.01658	0.20385	0.07301	0.01159	0.32202	0.04529	0.10148	0.01205	0.01274	0.00891	0.00562	0.00500	0.00153	0.00603	0.00448	0.00410	0.00824
2	0.01007	0.05309	0.00955	0.00790	0.00952	0.00803	0.00587	0.07897	0.07045	0.04314	0.01699	0.10333	0.03262	0.25911	0.20509	0.00427	0.00688	0.00683	0.00369	0.06461
3	0.17546	0.21466	0.34376	0.01073	0.01584	0.01308	0.01210	0.01501	0.01076	0.01704	0.07842	0.05015	0.01155	0.00585	0.00440	0.00153	0.00577	0.00440	0.00285	0.00663
4	0.06057	0.55835	0.23375	0.01041	0.01568	0.01778	0.01154	0.01582	0.01060	0.01404	0.00781	0.00908	0.00660	0.00461	0.00377	0.00129	0.00606	0.00308	0.00228	0.00690
5	0.15086	0.01947	0.20289	0.01208	0.01632	0.25141	0.01129	0.12159	0.13087	0.01950	0.01086	0.01160	0.00821	0.00556	0.00468	0.00156	0.00680	0.00396	0.00340	0.00710
6	0.06323	0.01166	0.02192	0.01033	0.01366	0.01256	0.00841	0.34576	0.21778	0.07563	0.06483	0.04302	0.05105	0.00752	0.00532	0.00168	0.00470	0.02802	0.00515	0.00779
7	0.00664	0.00529	0.00594	0.00578	0.00733	0.00460	0.00434	0.00841	0.01301	0.01677	0.34164	0.04567	0.49181	0.01218	0.00615	0.00171	0.00257	0.01037	0.00519	0.00460
8	0.00960	0.00708	0.00800	0.00762	0.00913	0.05053	0.00580	0.04658	0.01339	0.07005	0.33877	0.11400	0.11502	0.06423	0.04839	0.00231	0.00419	0.07515	0.00499	0.00517
9	0.03759	0.05863	0.01218	0.00845	0.01269	0.03388	0.00687	0.10996	0.04068	0.01906	0.01025	0.01148	0.00827	0.00450	0.00405	0.00099	0.00432	0.00346	0.04308	0.56963
10	0.00676	0.00488	0.00645	0.00737	0.00800	0.00458	0.00529	0.00811	0.01101	0.01469	0.13273	0.55996	0.07821	0.01510	0.00663	0.00207	0.00317	0.11564	0.00495	0.00441
11	0.01165	0.01111	0.01890	0.34490	0.48123	0.01205	0.01537	0.01490	0.01127	0.01551	0.00958	0.01329	0.00772	0.00487	0.00518	0.00162	0.00649	0.00464	0.00247	0.00725
12	0.01904	0.01287	0.01453	0.01146	0.01534	0.04198	0.03703	0.38457	0.16849	0.21499	0.01595	0.01509	0.01111	0.00636	0.00525	0.00161	0.00534	0.00506	0.00534	0.00857
13	0.01253	0.01236	0.01773	0.10896	0.29109	0.11776	0.11676	0.01542	0.01236	0.03489	0.04079	0.02278	0.01370	0.00695	0.00568	0.00174	0.00662	0.15195	0.00322	0.00672
14	0.00690	0.00502	0.00661	0.00759	0.00831	0.00473	0.00563	0.00832	0.01098	0.01446	0.08358	0.50150	0.10598	0.01515	0.00670	0.00212	0.00338	0.19375	0.00489	0.00443
15	0.04349	0.66669	0.04394	0.00939	0.01385	0.01950	0.00918	0.11446	0.01236	0.01544	0.00798	0.00897	0.00693	0.00472	0.00362	0.00120	0.00559	0.00306	0.00265	0.00696
16	0.06348	0.09061	0.29536	0.01228	0.01759	0.06049	0.01274	0.27143	0.01600	0.09537	0.01110	0.01167	0.00792	0.00551	0.00481	0.00155	0.00642	0.00408	0.00371	0.00789
17	0.00790	0.00550	0.00654	0.00655	0.00798	0.00494	0.00480	0.00980	0.03408	0.07038	0.20956	0.25441	0.33267	0.01282	0.00620	0.00182	0.00287	0.01113	0.00517	0.00489
18	0.00922	0.00860	0.01390	0.67186	0.03108	0.01038	0.01272	0.01234	0.01065	0.01343	0.01647	0.01990	0.13560	0.00653	0.00536	0.00174	0.00623	0.00568	0.00273	0.00555
19	0.03354	0.11477	0.39325	0.01277	0.01818	0.12189	0.01387	0.01956	0.18945	0.01688	0.01163	0.01237	0.00877	0.00544	0.00477	0.00157	0.00676	0.00411	0.00302	0.00743
20	0.01207	0.09389	0.22669	0.04992	0.27506	0.01328	0.22233	0.01618	0.01158	0.01620	0.00962	0.01231	0.00752	0.00465	0.00520	0.00160	0.00727	0.00467	0.00245	0.00753
21	0.00673	0.00507	0.00632	0.00716	0.00809	0.00466	0.00534	0.00808	0.01098	0.01402	0.03571	0.42091	0.25880	0.01496	0.00662	0.00207	0.00329	0.17197	0.00483	0.00440
22	0.01528	0.01706	0.01179	0.01116	0.01319	0.47141	0.00824	0.02638	0.04132	0.05002	0.01567	0.26303	0.01608	0.00893	0.00536	0.00162	0.00692	0.00715	0.00366	0.00572
23	0.01096	0.01694	0.32308	0.02036	0.32384	0.01994	0.01536	0.01498	0.01158	0.01659	0.04862	0.06500	0.01294	0.00659	0.00538	0.00170	0.00634	0.06958	0.00290	0.00731
24	0.00654	0.00465	0.00617	0.00718	0.00750	0.00447	0.00479	0.00743	0.00963	0.01290	0.02649	0.68329	0.03145	0.09456	0.06397	0.00283	0.00398	0.01346	0.00453	0.00416
25	0.00983	0.00926	0.01562	0.80447	0.03587	0.01157	0.01446	0.01331	0.01041	0.01331	0.00926	0.01388	0.00694	0.00521	0.00521	0.00174	0.00694	0.00463	0.00231	0.00579
26	0.01593	0.02481	0.01706	0.06543	0.35536	0.19332	0.01234	0.01959	0.08781	0.13930	0.01216	0.01349	0.00929	0.00536	0.00506	0.00154	0.00648	0.00454	0.00347	0.00767
27	0.01181	0.01432	0.24838	0.01283	0.01731	0.00940	0.16145	0.01581	0.03912	0.13639	0.02095	0.08724	0.11998	0.00804	0.00575	0.00179	0.00594	0.07286	0.00387	0.00677
28	0.01236	0.01183	0.02018	0.16642	0.65419	0.01223	0.01572	0.01552	0.01161	0.01637	0.00970	0.01306	0.00802	0.00474	0.00516	0.00158	0.00632	0.00464	0.00253	0.00782
29	0.01127	0.01072	0.01822	0.44075	0.38834	0.01195	0.01518	0.01457	0.01109	0.01505	0.00951	0.01342	0.00756	0.00494	0.00518	0.00165	0.00659	0.00463	0.00244	0.00695
30	0.01223	0.08002	0.52702	0.01354	0.01955	0.13760	0.01574	0.01679	0.01175	0.03464	0.02122	0.02683	0.00909	0.00579	0.00497	0.00161	0.00743	0.04444	0.00262	0.00714
31	0.00993	0.02335	0.66008	0.01347	0.02009	0.01090	0.01686	0.01539	0.01162	0.01722	0.13750	0.01562	0.01366	0.00589	0.00515	0.00165	0.00683	0.00477	0.00279	0.00723
32	0.01479	0.01145	0.01566	0.20601	0.02058	0.05591	0.11175	0.21057	0.01477	0.12575	0.01278	0.01622	0.00995	0.08564	0.06287	0.00244	0.00698	0.00521	0.00382	0.00686
33	0.01402	0.11859	0.15797	0.07134	0.02160	0.19580	0.24515	0.05978	0.02225	0.01590	0.00980	0.01251	0.00774	0.00510	0.00514	0.00156	0.00790	0.01827	0.00271	0.00686
34	0.01243	0.01190	0.02030	0.14870	0.67137	0.01225	0.01575	0.01558	0.01164	0.01645	0.00971	0.01304	0.00805	0.00473	0.00516	0.00158	0.00630	0.00464	0.00254	0.00788
35	0.00663	0.00480	0.00664	0.00754	0.00800	0.00482	0.00527	0.00778	0.00956	0.01298	0.02490	0.60917	0.02892	0.02218	0.21018	0.00373	0.00584	0.01243	0.00431	0.00434
36	0.01179	0.00998	0.01460	0.14892	0.29859	0.01064	0.01086	0.11756	0.03921	0.01673	0.01242	0.01943	0.01151	0.24272	0.01142	0.00261	0.00584	0.00555	0.00316	0.00643
37	0.01460	0.03589	0.28086	0.01206	0.01684	0.08124	0.03874	0.11346	0.06469	0.15509	0.11939	0.01670	0.01456	0.00631	0.00520	0.00160	0.00605	0.00512	0.00408	0.00750
38	0.00634	0.00453	0.00604	0.00725	0.00755	0.00423	0.00483	0.00725	0.00997	0.01329	0.02870	0.81358	0.03444	0.01632	0.00665	0.00211	0.00302	0.01480	0.00483	0.00423
39	0.01270	0.01370	0.01561	0.01296	0.01575	0.22583	0.19292	0.01717	0.13972	0.01683	0.16157	0.11665	0.02006	0.00777	0.00567	0.00167	0.00626	0.00703	0.00395	0.00621
40	0.01336	0.02109	0.36735	0.01529	0.09472	0.20284	0.04096	0.01717	0.01234	0.06290	0.03772	0.06860	0.01064	0.00609	0.00513	0.00160	0.00729	0.00493	0.00294	0.00705
41	0.01623	0.13822	0.07418	0.04969	0.07900	0.05238	0.11302	0.37114	0.01770	0.02331	0.01065	0.01192	0.00800	0.00542	0.00500	0.00152	0.00652	0.00447	0.00374	0.00788
42	0.01078	0.12199	0.01609	0.34914	0.12724	0.05611	0.01161	0.01338	0.01036	0.01328	0.01020	0.01475	0.00874	0.03677	0.17520	0.00312	0.00823	0.00459	0.00249	0.00594
43	0.01207	0.01306	0.02678	0.13230	0.17473	0.01279	0.51668	0.01608	0.01195	0.01628	0.01022	0.01380	0.00784	0.00455	0.00582	0.00171	0.00802	0.00564	0.00258	0.00709
44	0.01190	0.01731	0.28570	0.05856	0.46370	0.01227	0.04365	0.01607	0.01151	0.01666	0.00964	0.01232	0.00761	0.00476	0.00512	0.00160	0.00683	0.00442	0.00244	0.00791
45	0.01756	0.01065	0.01481	0.05735	0.16199	0.01122	0.01038	0.08558	0.09506	0.34474	0.01536	0.01545	0.01082	0.00645	0.00687	0.00171	0.11624	0.00502	0.00468	0.00807
46	0.01182	0.01156	0.01006	0.00986	0.01155	0.20061	0.00745	0.01656	0.20839	0.01535	0.01979	0.15837	0.01987	0.12181	0.00868	0.00230	0.00549	0.15065	0.00419	0.00567
47	0.01708	0.28407	0.14688	0.01096	0.01551	0.14502	0.01055	0.06840	0.02267	0.21446	0.01167	0.01179	0.00853	0.00535	0.00447	0.00141	0.00626	0.00385	0.00362	0.00747
48	0.12943	0.01152	0.01410	0.01555	0.24516	0.04723	0.00957	0.08208	0.01226	0.01909	0.00937	0.01119	0.00764	0.00451	0.00432	0.00122	0.00501	0.00367	0.00312	0.36395
49	0.22509	0.00622	0.00673	0.00731	0.00852	0.00644	0.00540	0.00984	0.00989	0.01605	0.02321	0.43078	0.05301	0.05835	0.00695	0.00218	0.00362	0.11148	0.00432	0.00462
50	0.01310	0.01400	0.01707	0.37887	0.25598	0.20369	0.01384	0.01594	0.01191	0.01428	0.00912	0.01249	0.00728	0.00508	0.00507	0.00158	0.00731	0.00432	0.00248	0.00659
51	0.01233	0.02364	0.59454	0.01422	0.02079	0.01311	0.01697	0.16322	0.01346	0.01946	0.00982	0.01131	0.00705	0.00544	0.00569	0.00167	0.05263	0.00405	0.00279	0.00781
52	0.00693	0.00513	0.00701	0.00794	0.00840	0.00520	0.00573	0.00812	0.00998	0.01343	0.02621	0.61212	0.03068	0.01777	0.07784	0.00272	0.04211	0.10375	0.00453	0.00441
53	0.01045	0.01061	0.00963	0.11860	0.01332	0.19952	0.00715	0.01186	0.01084	0.01243	0.02129	0.02666	0.18820	0.19279	0.14129	0.00348	0.00730	0.00659	0.00325	0.00476
54	0.01386	0.24803	0.31618	0.01242	0.01758	0.19355	0.01310	0.03051	0.08030	0.01518	0.00957	0.01066	0.00752	0.00512	0.00447	0.00144	0.00713	0.00363	0.00264	0.00710
55	0.01045	0.01799	0.41285	0.01468	0.06226	0.01013	0.11839	0.01465	0.01116	0.05211	0.01480	0.20815	0.01398	0.00770	0.00555	0.00177	0.00646	0.00696	0.00313	0.00684
56	0.01034	0.00977	0.01653	0.67686	0.15953	0.01170	0.01471	0.01375	0.01065	0.01392	0.00935	0.01372	0.00716	0.00511	0.00520	0.00170	0.00682	0.00463	0.00236	0.00619
57	0.02575	0.39117	0.08326	0.01335	0.12160	0.01693	0.01087	0.20809	0.01452	0.05518	0.00973	0.01069	0.00773	0.00508	0.00429	0.00136	0.00579	0.00373	0.00325	0.00763
58	0.01460	0.01283	0.01598	0.28781	0.03766	0.14886	0.09214	0.11111	0.01398	0.11286	0.03646	0.01733	0.01095	0.00624	0.00539	0.00167	0.00680	0.05708	0.00358	0.00668
59	0.00692	0.00517	0.00686	0.00755	0.00842	0.00511	0.00567	0.00838	0.01027	0.01352	0.02937	0.35261	0.16732	0.02098	0.19980	0.00363	0.00592	0.13373	0.00433	0.00446
60	0.01697	0.01366	0.01712	0.01328	0.01722	0.03122	0.13492	0.50540	0.07531	0.02730	0.01409	0.03986	0.01118	0.00677	0.00552	0.00167	0.00606	0.04967	0.00470	0.00807
61	0.01543	0.01391	0.01707	0.02103	0.37391	0.12286	0.01226	0.13558	0.13232	0.06841	0.01278	0.02921	0.01011	0.00571	0.00516	0.00157	0.00607	0.00489	0.00371	0.00799
62	0.01173	0.01787	0.31176	0.02351	0.37868	0.01216	0.11229	0.01609	0.01167	0.01689	0.03183	0.01307	0.00875	0.00490	0.00523	0.00161	0.00698	0.00467	0.00253	0.00779
63	0.00855	0.00573	0.00749	0.00802	0.00937	0.00538	0.00651	0.01045	0.01207	0.06961	0.10435	0.18741	0.17678	0.01358	0.00666	0.00210	0.00381	0.35219	0.00502	0.00491
64	0.06914	0.01895	0.14640	0.01781	0.16826	0.25558	0.11557	0.10011	0.02826	0.01779	0.00963	0.01145	0.00749	0.00512	0.00500	0.00154	0.00756	0.00423	0.00294	0.00720
65	0.01173	0.02175	0.50575	0.01530	0.06728	0.02582	0.02595	0.06963	0.06671	0.01746	0.01011	0.01189	0.00758	0.00573	0.00664	0.00173	0.11448	0.00422	0.00268	0.00755
66	0.01031	0.01084	0.05296	0.12755	0.01846	0.01237	0.13615	0.01273	0.00928	0.01341	0.00966	0.01439	0.00853	0.01490	0.20359	0.00357	0.32804	0.00505	0.00246	0.00577
67	0.00940	0.00849	0.00882	0.00845	0.00929	0.08986	0.00625	0.01079	0.03575	0.01263	0.02209	0.07634	0.14784	0.29078	0.03158	0.00316	0.13824	0.08214	0.00357	0.00452
68	0.04326	0.01051	0.01120	0.03281	0.01320	0.13353	0.04352	0.01676	0.08607	0.15743	0.08061	0.03201	0.09981	0.00931	0.00582	0.00182	0.00521	0.20626	0.00465	0.00620
69	0.01535	0.09098	0.20670	0.04532	0.19962	0.22326	0.01346	0.01844	0.01264	0.11141	0.01031	0.01172	0.00782	0.00514	0.00483	0.00149	0.00717	0.00401	0.00296	0.00737
70	0.01027	0.00951	0.01586	0.41591	0.27954	0.01062	0.01337	0.01319	0.01082	0.01453	0.01266	0.14624	0.01194	0.00686	0.00543	0.00174	0.00604	0.00632	0.00282	0.00634
71	0.01154	0.00989	0.01627	0.61380	0.07487	0.01163	0.04909	0.04262	0.03534	0.06929	0.01064	0.01423	0.00783	0.00532	0.00525	0.00171	0.00668	0.00478	0.00284	0.00639
72	0.01476	0.01881	0.22269	0.07921	0.14618	0.17951	0.08595	0.09940	0.02299	0.06597	0.01044	0.01217	0.00780	0.00522	0.00511	0.00157	0.00739	0.00436	0.00305	0.00743
73	0.00625	0.00491	0.00566	0.00626	0.00729	0.00431	0.00439	0.00736	0.01093	0.01368	0.04083	0.42875	0.41145	0.01474	0.00640	0.00194	0.00283	0.01288	0.00484	0.00431
74	0.01013	0.00950	0.01495	0.14359	0.01855	0.00991	0.18713	0.01593	0.19848	0.01681	0.05176	0.04485	0.17307	0.00837	0.00589	0.00182	0.00536	0.07362	0.00404	0.00624
75	0.01235	0.15274	0.22346	0.01442	0.16344	0.01131	0.01191	0.01570	0.01249	0.11173	0.19937	0.01856	0.01811	0.00638	0.00504	0.00153	0.00536	0.00535	0.00366	0.00709
76	0.01141	0.02283	0.56170	0.01688	0.05060	0.01219	0.18887	0.01683	0.01146	0.04395	0.01003	0.01200	0.00718	0.00486	0.00524	0.00167	0.00777	0.00445	0.00246	0.00760
77	0.00716	0.00511	0.00710	0.00794	0.00857	0.00518	0.00592	0.00849	0.00984	0.01326	0.02397	0.41464	0.02714	0.04977	0.19474	0.02800	0.00610	0.16849	0.00421	0.00436
78	0.01322	0.20891	0.30458	0.01582	0.14951	0.11097	0.01405	0.03615	0.07040	0.01593	0.00975	0.01119	0.00768	0.00503	0.00461	0.00147	0.00682	0.00385	0.00264	0.00742
79	0.01119	0.01955	0.43962	0.19082	0.18259	0.01191	0.01719	0.01594	0.01116	0.03800	0.00974	0.01221	0.00719	0.00498	0.00506	0.00165	0.00713	0.00422	0.00242	0.00743
80	0.00968	0.01597	0.34183	0.01644	0.20391	0.00956	0.01363	0.01331	0.01094	0.01559	0.01676	0.24978	0.04362	0.00853	0.00554	0.00177	0.00576	0.00754	0.00317	0.00669
81	0.01425	0.01565	0.01379	0.10271	0.11884	0.35373	0.01061	0.03774	0.01356	0.01514	0.06711	0.02331	0.01506	0.00762	0.00548	0.00167	0.00710	0.16722	0.00338	0.00603
82	0.01443	0.01507	0.02020	0.04526	0.12981	0.22694	0.27874	0.01687	0.01240	0.05840	0.01060	0.01427	0.00863	0.00658	0.00706	0.09157	0.00770	0.02618	0.00287	0.00642
83	0.01372	0.01385	0.12510	0.03431	0.25004	0.02813	0.18745	0.05930	0.01283	0.12408	0.01331	0.09014	0.01107	0.00611	0.00550	0.00167	0.00650	0.00591	0.00344	0.00753
84	0.00832	0.00675	0.00956	0.00907	0.00964	0.00831	0.00701	0.00971	0.00815	0.01185	0.01282	0.02076	0.01266	0.16166	0.50009	0.00650	0.18408	0.00569	0.00274	0.00463
85	0.00972	0.00926	0.01729	0.20747	0.02156	0.00978	0.25731	0.01272	0.01045	0.01409	0.01316	0.02137	0.01189	0.07191	0.21389	0.00377	0.00904	0.07689	0.00284	0.00561
86	0.01925	0.01370	0.14188	0.01099	0.01549	0.03438	0.01015	0.16606	0.10153	0.40595	0.01684	0.01555	0.01123	0.00620	0.00517	0.00162	0.00534	0.00492	0.00526	0.00851
87	0.00922	0.00790	0.01300	0.01521	0.21269	0.00836	0.06216	0.01138	0.00947	0.01349	0.01288	0.01947	0.01204	0.11018	0.45223	0.00577	0.01061	0.00559	0.00276	0.00560
88	0.01067	0.01068	0.02043	0.02899	0.19716	0.01022	0.33275	0.01385	0.01199	0.01636	0.07039	0.12848	0.05039	0.00768	0.00605	0.00180	0.00635	0.06589	0.00340	0.00648
89	0.01290	0.01033	0.01740	0.12544	0.12422	0.01031	0.19865	0.08706	0.01321	0.12123	0.01829	0.09736	0.08081	0.00752	0.00578	0.00176	0.00596	0.05108	0.00388	0.00681
90	0.01336	0.01505	0.07851	0.01745	0.14526	0.18401	0.21309	0.03374	0.01262	0.05190	0.01386	0.17000	0.01307	0.00718	0.00560	0.00168	0.00699	0.00673	0.00327	0.00664
91	0.00785	0.00684	0.01186	0.01053	0.01212	0.00639	0.18057	0.00977	0.01115	0.01508	0.12305	0.51856	0.03929	0.01278	0.00646	0.00197	0.00427	0.01206	0.00444	0.00497
92	0.00981	0.00942	0.01692	0.27007	0.10069	0.01016	0.18296	0.01264	0.01067	0.01437	0.01450	0.20108	0.01431	0.00976	0.05117	0.00222	0.04445	0.01588	0.00306	0.00588
93	0.01330	0.01236	0.02380	0.11575	0.06768	0.01229	0.44262	0.06914	0.01288	0.09096	0.01216	0.05177	0.00956	0.00556	0.00623	0.00175	0.03586	0.00604	0.00323	0.00707
