[name]
unknown

[dist]
# distance from previous block
# <min> <max>
7	65

[block]
# block no. 0 follows, 39 sequences, length 7
# corresponding to MSA columns:
# 195-201
name=unknown_A
#
# <colnr> <probs for GDERKNQSTAVLIFYWHMCP>
#	G	D	E	R	K	N	Q	S	T	A	V	L	I	F	Y	W	H	M	C	P
0	0.11775	0.01679	0.09632	0.01942	0.21001	0.07640	0.06245	0.17699	0.01644	0.05559	0.01175	0.01346	0.00896	0.00579	0.00547	0.00170	0.00695	0.00479	0.00389	0.08909
1	0.05429	0.01191	0.05000	0.01181	0.01461	0.08821	0.10782	0.01651	0.07648	0.08600	0.08977	0.19569	0.07220	0.08713	0.00879	0.00236	0.00580	0.00927	0.00477	0.00657
2	0.20987	0.09404	0.01675	0.01649	0.20881	0.01370	0.01059	0.12467	0.01492	0.02371	0.10171	0.01618	0.01422	0.00631	0.00509	0.00163	0.00545	0.00502	0.00402	0.10682
3	0.01054	0.00739	0.00980	0.08899	0.01293	0.00786	0.00724	0.09875	0.01235	0.01648	0.04332	0.19853	0.06187	0.09482	0.10479	0.19989	0.00636	0.00891	0.00411	0.00508
4	0.07275	0.07348	0.04018	0.09435	0.13998	0.21200	0.05030	0.08230	0.08664	0.01978	0.01166	0.01353	0.00922	0.00591	0.00540	0.00167	0.00759	0.00468	0.00354	0.06505
5	0.01432	0.01302	0.01594	0.25688	0.12480	0.08811	0.01242	0.17414	0.01626	0.02064	0.02003	0.08719	0.11449	0.00845	0.00614	0.00189	0.00668	0.00713	0.00408	0.00738
6	0.09641	0.01670	0.11633	0.01192	0.01597	0.11762	0.01058	0.24834	0.05660	0.02519	0.07532	0.05623	0.09199	0.00838	0.00580	0.00182	0.00622	0.00654	0.02423	0.00781

[dist]
# distance from previous block
# <min> <max>
0	3

[block]
# block no. 1 follows, 39 sequences, length 7
# corresponding to MSA columns:
# 205-211
name=unknown_B
#
# <colnr> <probs for GDERKNQSTAVLIFYWHMCP>
#	G	D	E	R	K	N	Q	S	T	A	V	L	I	F	Y	W	H	M	C	P
0	0.01491	0.01184	0.01547	0.11672	0.06179	0.09083	0.08087	0.07675	0.01442	0.11429	0.05597	0.01958	0.01412	0.01566	0.18710	0.00360	0.00896	0.00595	0.08400	0.00718
1	0.01381	0.00731	0.00915	0.00818	0.01009	0.00680	0.00593	0.01590	0.04246	0.23336	0.17448	0.09715	0.07356	0.25908	0.01403	0.00314	0.00452	0.00910	0.00565	0.00630
2	0.00750	0.00527	0.00677	0.00786	0.00813	0.00500	0.00509	0.00831	0.01075	0.01433	0.02963	0.62939	0.03538	0.18254	0.01233	0.00311	0.00392	0.01507	0.00509	0.00454
3	0.01849	0.02160	0.01835	0.02150	0.25183	0.45419	0.01338	0.02077	0.01540	0.01633	0.01194	0.01741	0.01076	0.00683	0.00578	0.00171	0.00900	0.07396	0.00324	0.00752
4	0.00987	0.00887	0.01300	0.11477	0.23294	0.00872	0.01022	0.01229	0.01318	0.01710	0.06694	0.11616	0.33066	0.01119	0.00657	0.00196	0.00485	0.00980	0.00441	0.00649
5	0.00751	0.00534	0.00706	0.00812	0.00848	0.00518	0.00542	0.00851	0.01078	0.01447	0.02908	0.61281	0.03437	0.12530	0.08469	0.00354	0.00495	0.01469	0.00501	0.00469
6	0.01343	0.01672	0.19420	0.09102	0.09959	0.01358	0.07386	0.06164	0.24981	0.02192	0.08792	0.01961	0.01613	0.00705	0.00606	0.00192	0.00656	0.00619	0.00431	0.00850

[dist]
# distance from previous block
# <min> <max>
0	1

[block]
# block no. 2 follows, 39 sequences, length 8
# corresponding to MSA columns:
# 213-220
name=unknown_C
#
# <colnr> <probs for GDERKNQSTAVLIFYWHMCP>
#	G	D	E	R	K	N	Q	S	T	A	V	L	I	F	Y	W	H	M	C	P
0	0.13516	0.02022	0.18308	0.01335	0.01807	0.19496	0.01259	0.16286	0.01673	0.08784	0.01388	0.01822	0.01123	0.00726	0.00562	0.00185	0.00750	0.07740	0.00421	0.00799
1	0.11068	0.01206	0.01497	0.08239	0.08532	0.01258	0.01044	0.23464	0.01806	0.25038	0.01759	0.09515	0.01377	0.00789	0.00584	0.00188	0.00570	0.00645	0.00548	0.00874
2	0.01151	0.01058	0.01683	0.55791	0.09813	0.01264	0.01481	0.01657	0.09345	0.01655	0.01406	0.08594	0.01196	0.00723	0.00607	0.00199	0.00705	0.00646	0.00329	0.00697
3	0.01648	0.00963	0.01303	0.01102	0.01399	0.04951	0.07179	0.01864	0.01393	0.30924	0.02529	0.14623	0.09348	0.01701	0.15861	0.00347	0.00747	0.00840	0.00539	0.00739
4	0.05845	0.00652	0.00784	0.00755	0.00897	0.00688	0.00565	0.01322	0.01102	0.07407	0.01767	0.02419	0.01547	0.14227	0.27165	0.00492	0.00801	0.00618	0.30394	0.00553
5	0.14604	0.01432	0.01367	0.01123	0.01489	0.09754	0.00903	0.34066	0.02051	0.07161	0.13866	0.02089	0.05998	0.00803	0.00574	0.00179	0.00576	0.00617	0.00540	0.00809
6	0.00783	0.00618	0.00693	0.00688	0.00849	0.00536	0.00487	0.00920	0.01242	0.01594	0.08811	0.20592	0.38379	0.12583	0.01018	0.00251	0.00359	0.01193	0.00510	0.07894
7	0.01275	0.01130	0.01710	0.12292	0.27838	0.01248	0.01308	0.08818	0.01351	0.01874	0.01661	0.22128	0.01696	0.00981	0.00826	0.00208	0.11695	0.00834	0.00383	0.00743

[dist]
# distance from previous block
# <min> <max>
4	13

[block]
# block no. 3 follows, 39 sequences, length 19
# corresponding to MSA columns:
# 234-252
name=unknown_D
#
# <colnr> <probs for GDERKNQSTAVLIFYWHMCP>
#	G	D	E	R	K	N	Q	S	T	A	V	L	I	F	Y	W	H	M	C	P
0	0.08235	0.10363	0.01910	0.10626	0.18879	0.01422	0.06928	0.02024	0.19561	0.02037	0.06951	0.02052	0.01555	0.00707	0.00577	0.00187	0.00609	0.04170	0.00408	0.00800
1	0.01042	0.01018	0.05128	0.01586	0.19005	0.00906	0.05319	0.01407	0.06743	0.01860	0.14785	0.09740	0.20947	0.06886	0.00834	0.00222	0.00500	0.00936	0.00464	0.00671
2	0.07064	0.00698	0.00840	0.00833	0.02163	0.00731	0.00623	0.03795	0.01231	0.01822	0.10705	0.03204	0.18437	0.05222	0.29201	0.00482	0.00816	0.00789	0.10790	0.00554
3	0.11994	0.00877	0.00946	0.00852	0.01096	0.00916	0.00648	0.01900	0.18918	0.12060	0.14002	0.02856	0.07704	0.11372	0.00892	0.00236	0.00418	0.00732	0.10893	0.00688
4	0.01126	0.00949	0.01529	0.23687	0.15786	0.00993	0.05469	0.01422	0.01336	0.04919	0.16900	0.09080	0.07688	0.05622	0.00786	0.00217	0.00582	0.00821	0.00421	0.00667
5	0.00783	0.00568	0.00752	0.00865	0.00944	0.00536	0.00639	0.00944	0.01243	0.01642	0.08745	0.50515	0.09236	0.01726	0.00761	0.00241	0.00384	0.18418	0.00555	0.00503
6	0.01117	0.01051	0.01774	0.77795	0.04073	0.01314	0.01642	0.01511	0.01182	0.01511	0.01051	0.01577	0.00788	0.00591	0.00591	0.00197	0.00788	0.00526	0.00263	0.00657
7	0.01657	0.28887	0.02116	0.01324	0.07101	0.07022	0.01044	0.13847	0.17222	0.02118	0.01317	0.01377	0.01052	0.00603	0.00495	0.00151	0.00611	0.00452	0.00402	0.11200
8	0.01579	0.08276	0.30013	0.01853	0.10955	0.01536	0.11321	0.15925	0.04694	0.06344	0.01264	0.01413	0.00926	0.00593	0.00578	0.00181	0.00770	0.00510	0.00370	0.00898
9	0.01270	0.09358	0.37688	0.01424	0.02003	0.10800	0.05735	0.01722	0.01348	0.01788	0.09998	0.01968	0.06872	0.00899	0.04440	0.00217	0.00808	0.00577	0.00332	0.00753
10	0.01068	0.00795	0.00946	0.00876	0.01064	0.00798	0.00662	0.12776	0.06108	0.02362	0.39197	0.19067	0.09436	0.01257	0.00687	0.00198	0.00365	0.01097	0.00610	0.00632
11	0.01252	0.00889	0.01122	0.13226	0.01621	0.00930	0.00844	0.01854	0.19053	0.11974	0.23121	0.03345	0.16351	0.01002	0.00644	0.00193	0.00440	0.00855	0.00569	0.00714
12	0.14888	0.01649	0.14394	0.01899	0.18738	0.05857	0.09676	0.07973	0.01432	0.05293	0.01332	0.01789	0.01088	0.00655	0.00563	0.00186	0.00697	0.05791	0.05297	0.00803
13	0.01392	0.01388	0.02508	0.03155	0.54023	0.01358	0.17508	0.01761	0.01358	0.01899	0.01491	0.01805	0.06418	0.00592	0.00619	0.00183	0.00738	0.00618	0.00313	0.00874
14	0.00739	0.00529	0.00703	0.00811	0.00862	0.00493	0.00550	0.00870	0.01219	0.01648	0.14800	0.66897	0.04179	0.01749	0.00746	0.00231	0.00333	0.01583	0.00565	0.00493
15	0.01685	0.07289	0.02154	0.02479	0.38052	0.11497	0.05762	0.06249	0.01496	0.09327	0.01376	0.04710	0.01171	0.00663	0.00587	0.00178	0.00720	0.03374	0.00374	0.00859
16	0.07427	0.03905	0.17575	0.14376	0.27813	0.01367	0.01579	0.01889	0.10483	0.01937	0.01334	0.05395	0.01106	0.00648	0.00570	0.00187	0.00684	0.00562	0.00335	0.00828
17	0.00721	0.00515	0.00686	0.00823	0.00858	0.00480	0.00549	0.00823	0.01132	0.01510	0.03259	0.78831	0.03911	0.01853	0.00755	0.00240	0.00343	0.01681	0.00549	0.00480
18	0.01700	0.17128	0.02389	0.01698	0.07825	0.01774	0.16399	0.23568	0.12596	0.02406	0.01337	0.01475	0.01033	0.00643	0.00654	0.00180	0.05357	0.00543	0.00420	0.00875

[dist]
# distance from previous block
# <min> <max>
0	1

[block]
# block no. 4 follows, 39 sequences, length 30
# corresponding to MSA columns:
# 254-283
name=unknown_E
#
# <colnr> <probs for GDERKNQSTAVLIFYWHMCP>
#	G	D	E	R	K	N	Q	S	T	A	V	L	I	F	Y	W	H	M	C	P
0	0.01657	0.43863	0.02298	0.01024	0.01513	0.08183	0.00926	0.01867	0.01302	0.09529	0.01052	0.01146	0.00866	0.00521	0.00431	0.00125	0.00605	0.00361	0.00334	0.22398
1	0.01062	0.05818	0.17318	0.00944	0.01293	0.00873	0.00911	0.01381	0.03780	0.07113	0.11021	0.06609	0.26986	0.11211	0.00941	0.00240	0.00500	0.00897	0.00468	0.00635
2	0.01529	0.42134	0.28862	0.01297	0.01929	0.01930	0.01443	0.11271	0.01426	0.01870	0.00986	0.01117	0.00788	0.00553	0.00472	0.00155	0.00721	0.00388	0.00296	0.00832
3	0.00850	0.00615	0.00856	0.00856	0.00928	0.00688	0.00621	0.00995	0.00922	0.01303	0.01671	0.02804	0.01687	0.27667	0.53927	0.00833	0.01270	0.00704	0.00330	0.00475
4	0.01521	0.00980	0.01448	0.03991	0.14046	0.00950	0.05206	0.08514	0.01488	0.20194	0.02382	0.30045	0.04444	0.01110	0.00661	0.00204	0.00525	0.00999	0.00531	0.00763
5	0.00764	0.00602	0.00689	0.00667	0.00838	0.00527	0.00500	0.00974	0.01501	0.01960	0.38438	0.05094	0.42614	0.01362	0.00698	0.00193	0.00290	0.01164	0.00597	0.00527
6	0.00854	0.00598	0.00768	0.00768	0.00811	0.00640	0.00512	0.00939	0.00896	0.01238	0.01751	0.03247	0.01879	0.49081	0.32776	0.00725	0.00981	0.00769	0.00342	0.00427
7	0.01319	0.00944	0.01219	0.01023	0.01294	0.00991	0.10211	0.07779	0.18118	0.02350	0.01900	0.02060	0.01458	0.00691	0.00509	0.00164	0.00445	0.00596	0.46219	0.00709
8	0.01717	0.01191	0.01619	0.01872	0.24443	0.01224	0.01152	0.08458	0.20064	0.18354	0.01938	0.07449	0.01529	0.00763	0.00594	0.00186	0.00544	0.00664	0.05337	0.00902
9	0.00750	0.00601	0.00670	0.00653	0.00830	0.00521	0.00489	0.00947	0.01468	0.01884	0.31570	0.05221	0.49530	0.01391	0.00698	0.00195	0.00292	0.01182	0.00587	0.00521
10	0.01186	0.03059	0.76153	0.01686	0.02560	0.01373	0.02185	0.01873	0.01249	0.01873	0.01061	0.01249	0.00749	0.00562	0.00562	0.00187	0.00874	0.00437	0.00250	0.00874
11	0.01733	0.08667	0.02198	0.01655	0.02065	0.29392	0.20681	0.02397	0.21443	0.01844	0.01391	0.01511	0.01083	0.00623	0.00583	0.00176	0.00847	0.00540	0.00380	0.00791
12	0.02474	0.01294	0.01550	0.01189	0.01653	0.01296	0.00982	0.34155	0.02174	0.43984	0.01929	0.01750	0.01261	0.00722	0.00593	0.00181	0.00568	0.00567	0.00670	0.01006
13	0.57920	0.01284	0.01683	0.01310	0.01749	0.01379	0.23238	0.01787	0.01127	0.02418	0.00939	0.01158	0.00720	0.00533	0.00469	0.00188	0.00625	0.00438	0.00345	0.00689
14	0.02073	0.11365	0.01831	0.01397	0.01765	0.44267	0.01103	0.18102	0.08922	0.02044	0.01160	0.01241	0.00917	0.00638	0.00535	0.00160	0.00866	0.00435	0.00391	0.00789
15	0.01588	0.01964	0.11773	0.10702	0.13914	0.22495	0.09766	0.04289	0.09293	0.01849	0.03590	0.01521	0.01082	0.00631	0.00626	0.00181	0.03077	0.00527	0.00341	0.00791
16	0.77481	0.01181	0.00935	0.00820	0.01194	0.01364	0.00676	0.06971	0.01136	0.02732	0.00867	0.00994	0.00667	0.00561	0.00382	0.00183	0.00472	0.00336	0.00382	0.00667
17	0.00715	0.00596	0.00623	0.00623	0.00810	0.00505	0.00465	0.00876	0.01375	0.01677	0.13308	0.08339	0.65098	0.01480	0.00701	0.00200	0.00299	0.01245	0.00560	0.00505
18	0.01188	0.00664	0.00903	0.00848	0.00911	0.00688	0.00594	0.10366	0.01035	0.01383	0.01079	0.01748	0.01024	0.01877	0.02085	0.71902	0.00532	0.00516	0.00301	0.00356
19	0.01630	0.01349	0.01427	0.01236	0.01598	0.01545	0.00975	0.17556	0.59786	0.02730	0.02205	0.02045	0.01642	0.00783	0.00600	0.00196	0.00505	0.00641	0.00600	0.00950
20	0.02451	0.01012	0.01425	0.11170	0.01848	0.00928	0.00971	0.02701	0.01625	0.66125	0.02164	0.01955	0.01375	0.00713	0.00594	0.00185	0.00541	0.00586	0.00670	0.00960
21	0.01581	0.79572	0.03099	0.01012	0.01518	0.02340	0.01012	0.01771	0.01202	0.01391	0.00822	0.00949	0.00759	0.00506	0.00379	0.00126	0.00632	0.00316	0.00253	0.00759
22	0.00708	0.00564	0.00635	0.00693	0.00823	0.00491	0.00491	0.00838	0.01258	0.01561	0.04850	0.36254	0.45462	0.01646	0.00722	0.00217	0.00318	0.01429	0.00549	0.00491
23	0.01331	0.01197	0.01892	0.53780	0.17206	0.01400	0.01606	0.11066	0.01424	0.01882	0.01111	0.01535	0.00845	0.00595	0.00590	0.00190	0.00754	0.00527	0.00312	0.00756
24	0.01393	0.01333	0.02272	0.18812	0.60901	0.01386	0.01780	0.01753	0.01313	0.01846	0.01100	0.01487	0.00906	0.00540	0.00587	0.00180	0.00720	0.00527	0.00287	0.00879
25	0.01431	0.01345	0.01890	0.01476	0.01851	0.07700	0.23338	0.18698	0.01721	0.02210	0.06697	0.08359	0.16190	0.03448	0.00738	0.00205	0.00677	0.00841	0.00460	0.00726
26	0.01282	0.01040	0.01120	0.01054	0.01308	0.01172	0.00801	0.02488	0.51756	0.02255	0.02518	0.17127	0.02182	0.00994	0.00610	0.00201	0.00422	0.00852	0.10015	0.00803
27	0.37779	0.01666	0.10114	0.01867	0.24505	0.11312	0.01249	0.01860	0.01228	0.02180	0.00953	0.01164	0.00761	0.00552	0.00479	0.00177	0.00662	0.00406	0.00322	0.00765
28	0.00831	0.10947	0.00994	0.00822	0.00938	0.00728	0.00599	0.00951	0.01166	0.01504	0.03252	0.60147	0.11709	0.01634	0.00699	0.00221	0.00376	0.01451	0.00510	0.00519
29	0.01177	0.01077	0.01761	0.11521	0.02037	0.01142	0.19176	0.06788	0.09748	0.01874	0.02060	0.29854	0.02089	0.01090	0.00764	0.00216	0.05495	0.01008	0.00439	0.00685

[dist]
# distance from previous block
# <min> <max>
2	12

[block]
# block no. 5 follows, 39 sequences, length 9
# corresponding to MSA columns:
# 298-306
name=unknown_F
#
# <colnr> <probs for GDERKNQSTAVLIFYWHMCP>
#	G	D	E	R	K	N	Q	S	T	A	V	L	I	F	Y	W	H	M	C	P
0	0.01156	0.01189	0.02357	0.01777	0.02192	0.01109	0.43128	0.01545	0.01440	0.01936	0.16359	0.03138	0.11906	0.00870	0.00709	0.00203	0.00725	0.07149	0.00422	0.00689
1	0.00786	0.00578	0.00737	0.00749	0.00866	0.00528	0.00542	0.00999	0.01477	0.02027	0.45897	0.26049	0.13712	0.01430	0.00714	0.00203	0.00300	0.01268	0.00609	0.00528
2	0.01490	0.01654	0.02902	0.02152	0.02671	0.08929	0.52495	0.02177	0.15295	0.01960	0.01398	0.01659	0.01056	0.00567	0.00663	0.00195	0.00903	0.00661	0.00357	0.00813
3	0.01233	0.01169	0.01983	0.53050	0.27914	0.01344	0.01700	0.01612	0.01237	0.01651	0.01072	0.01539	0.00838	0.00570	0.00589	0.00190	0.00760	0.00526	0.00273	0.00750
4	0.28374	0.01260	0.01281	0.01041	0.01445	0.01361	0.00852	0.27378	0.06042	0.15792	0.01851	0.01801	0.07625	0.00737	0.00529	0.00184	0.00521	0.00546	0.00540	0.00839
5	0.00866	0.00646	0.00817	0.00834	0.00964	0.00627	0.00623	0.01214	0.07957	0.02047	0.38517	0.24863	0.08014	0.01405	0.00717	0.00211	0.00341	0.08167	0.00603	0.00566
6	0.01431	0.01372	0.02342	0.10527	0.68882	0.01397	0.01799	0.01787	0.01331	0.01893	0.01107	0.01474	0.00923	0.00533	0.00586	0.00178	0.00711	0.00527	0.00290	0.00911
7	0.01173	0.01054	0.01295	0.01147	0.01355	0.09240	0.09687	0.08406	0.01500	0.01953	0.19242	0.23875	0.03052	0.06727	0.03826	0.00259	0.00594	0.04510	0.00497	0.00609
8	0.00721	0.00515	0.00686	0.00823	0.00858	0.00480	0.00549	0.00823	0.01132	0.01510	0.03259	0.78831	0.03911	0.01853	0.00755	0.00240	0.00343	0.01681	0.00549	0.00480

[dist]
# distance from previous block
# <min> <max>
3	4

[block]
# block no. 6 follows, 39 sequences, length 59
# corresponding to MSA columns:
# 311-369
name=unknown_G
#
# <colnr> <probs for GDERKNQSTAVLIFYWHMCP>
#	G	D	E	R	K	N	Q	S	T	A	V	L	I	F	Y	W	H	M	C	P
0	0.15185	0.01517	0.01914	0.16689	0.38178	0.13228	0.01481	0.01831	0.01311	0.01897	0.01022	0.01338	0.00832	0.00556	0.00542	0.00177	0.00735	0.00469	0.00301	0.00796
1	0.00742	0.00530	0.00710	0.00848	0.00891	0.00499	0.00586	0.00860	0.01153	0.01533	0.03248	0.72262	0.03865	0.01833	0.00760	0.00243	0.00361	0.08041	0.00549	0.00486
2	0.00715	0.00600	0.00621	0.00616	0.00809	0.00506	0.00462	0.00880	0.01386	0.01687	0.14030	0.05543	0.67192	0.01464	0.00699	0.00198	0.00297	0.01227	0.00561	0.00506
3	0.01404	0.01344	0.02292	0.16416	0.63209	0.01389	0.01785	0.01763	0.01318	0.01859	0.01102	0.01483	0.00911	0.00538	0.00586	0.00179	0.00717	0.00527	0.00288	0.00889
4	0.01427	0.01273	0.02180	0.01564	0.02113	0.01090	0.30922	0.01784	0.01339	0.08651	0.01228	0.01451	0.00938	0.00490	0.00560	0.00143	0.00676	0.00517	0.00364	0.41289
5	0.00813	0.00600	0.00760	0.00728	0.00871	0.00547	0.00543	0.01067	0.01606	0.02228	0.62621	0.07941	0.14924	0.01277	0.00700	0.00190	0.00285	0.01121	0.00633	0.00547
6	0.01665	0.01773	0.01890	0.07374	0.31200	0.24006	0.01394	0.02272	0.18716	0.01887	0.01355	0.01528	0.01080	0.00621	0.00574	0.00176	0.00762	0.00517	0.00367	0.00843
7	0.02118	0.15459	0.01960	0.01369	0.01778	0.33094	0.01113	0.31695	0.02051	0.02380	0.01107	0.01192	0.00862	0.00633	0.00531	0.00158	0.00820	0.00432	0.00414	0.00830
8	0.00738	0.00601	0.00653	0.00640	0.00823	0.00516	0.00480	0.00924	0.01440	0.01816	0.25537	0.05332	0.55605	0.01416	0.00699	0.00196	0.00294	0.01198	0.00578	0.00516
9	0.01438	0.01425	0.01795	0.06620	0.01767	0.07423	0.01290	0.08066	0.01153	0.01641	0.00864	0.01307	0.00797	0.00944	0.01622	0.00239	0.60125	0.00509	0.00293	0.00683
10	0.01014	0.07978	0.01435	0.01078	0.01286	0.00975	0.09152	0.01287	0.01422	0.01994	0.42270	0.03178	0.03555	0.01504	0.11598	0.00298	0.08035	0.00843	0.00489	0.00608
11	0.01432	0.01373	0.02343	0.10381	0.69023	0.01397	0.01799	0.01787	0.01332	0.01894	0.01107	0.01474	0.00923	0.00533	0.00586	0.00178	0.00710	0.00527	0.00290	0.00911
12	0.09605	0.02490	0.01617	0.01431	0.01767	0.58631	0.01094	0.13066	0.01782	0.01902	0.00982	0.01110	0.00788	0.00619	0.00527	0.00159	0.00948	0.00398	0.00354	0.00730
13	0.01117	0.01051	0.01774	0.77795	0.04073	0.01314	0.01642	0.01511	0.01182	0.01511	0.01051	0.01577	0.00788	0.00591	0.00591	0.00197	0.00788	0.00526	0.00263	0.00657
14	0.01441	0.01381	0.02359	0.08578	0.70760	0.01399	0.01803	0.01795	0.01336	0.01904	0.01108	0.01471	0.00927	0.00531	0.00586	0.00177	0.00708	0.00527	0.00291	0.00918
15	0.00831	0.00595	0.00809	0.00917	0.01008	0.00572	0.00711	0.01029	0.01309	0.01749	0.14514	0.38416	0.03971	0.01664	0.00770	0.00244	0.00413	0.29395	0.00563	0.00518
16	0.00847	0.00626	0.00914	0.00914	0.01007	0.00719	0.00693	0.01032	0.00940	0.01346	0.01618	0.02509	0.01559	0.13427	0.67992	0.00905	0.01463	0.00661	0.00322	0.00508
17	0.00752	0.00605	0.00679	0.00711	0.00881	0.00532	0.00550	0.00927	0.01352	0.01670	0.09884	0.12428	0.52146	0.01533	0.00724	0.00215	0.00343	0.13005	0.00555	0.00509
18	0.00721	0.00515	0.00686	0.00823	0.00858	0.00480	0.00549	0.00823	0.01132	0.01510	0.03259	0.78831	0.03911	0.01853	0.00755	0.00240	0.00343	0.01681	0.00549	0.00480
19	0.01653	0.00949	0.01209	0.01031	0.01301	0.00989	0.00813	0.16957	0.01537	0.22784	0.01792	0.02224	0.01452	0.11288	0.30662	0.00527	0.00965	0.00627	0.00497	0.00744
20	0.01707	0.32197	0.06022	0.01279	0.01676	0.10685	0.01149	0.15899	0.07551	0.01972	0.01084	0.01230	0.00896	0.00672	0.00724	0.00170	0.13495	0.00434	0.00355	0.00800
21	0.00725	0.00541	0.00675	0.00767	0.00847	0.00491	0.00527	0.00852	0.01224	0.01598	0.09578	0.56512	0.20066	0.01722	0.00738	0.00227	0.00328	0.01535	0.00557	0.00491
22	0.01238	0.06747	0.63883	0.01877	0.10981	0.01426	0.02083	0.01861	0.01258	0.01855	0.01055	0.01258	0.00771	0.00555	0.00555	0.00183	0.00842	0.00441	0.00255	0.00875
23	0.01654	0.01038	0.01270	0.00929	0.01434	0.00813	0.00751	0.01906	0.01366	0.24091	0.01435	0.01462	0.01052	0.00526	0.00485	0.00116	0.00458	0.00424	0.00465	0.58327
24	0.02369	0.01563	0.01642	0.01281	0.01734	0.08366	0.01048	0.45412	0.02346	0.25654	0.01654	0.01569	0.01124	0.00708	0.00587	0.00177	0.00643	0.00538	0.00608	0.00977
25	0.01276	0.07005	0.24318	0.10917	0.21130	0.01377	0.08175	0.01822	0.06808	0.01874	0.05153	0.01786	0.04497	0.00640	0.00588	0.00184	0.00729	0.00572	0.00327	0.00822
26	0.01328	0.05749	0.38597	0.02475	0.31047	0.01439	0.07342	0.01847	0.01296	0.01876	0.01081	0.01345	0.00834	0.00541	0.00573	0.00181	0.00805	0.00486	0.00270	0.00888
27	0.00750	0.00583	0.00682	0.00696	0.00840	0.00515	0.00507	0.00933	0.01412	0.01839	0.28722	0.20865	0.36584	0.01476	0.00710	0.00204	0.00302	0.01280	0.00583	0.00515
28	0.01722	0.01053	0.01198	0.01003	0.01357	0.01059	0.00801	0.13919	0.18968	0.24473	0.03296	0.03063	0.23578	0.00974	0.00627	0.00191	0.00458	0.00798	0.00623	0.00838
29	0.83394	0.01144	0.00869	0.00778	0.01144	0.01327	0.00640	0.01738	0.01006	0.02653	0.00823	0.00961	0.00640	0.00549	0.00366	0.00183	0.00457	0.00320	0.00366	0.00640
30	0.83394	0.01144	0.00869	0.00778	0.01144	0.01327	0.00640	0.01738	0.01006	0.02653	0.00823	0.00961	0.00640	0.00549	0.00366	0.00183	0.00457	0.00320	0.00366	0.00640
31	0.02049	0.01452	0.01568	0.01242	0.01662	0.01596	0.01013	0.51207	0.13830	0.08209	0.01682	0.01654	0.01208	0.00724	0.00577	0.00178	0.00578	0.00560	0.08059	0.00953
32	0.00860	0.00573	0.00645	0.00645	0.00645	0.00573	0.00358	0.00860	0.00860	0.01147	0.01863	0.03870	0.02150	0.79217	0.03010	0.00573	0.00573	0.00860	0.00358	0.00358
33	0.00845	0.00634	0.00950	0.00950	0.01056	0.00739	0.00739	0.01056	0.00950	0.01373	0.01584	0.02323	0.01478	0.04435	0.76873	0.00950	0.01584	0.00634	0.00317	0.00528
34	0.01445	0.09036	0.08896	0.01566	0.13462	0.04244	0.01152	0.12643	0.18229	0.02113	0.01681	0.08124	0.01480	0.07231	0.05862	0.00266	0.00684	0.00654	0.00428	0.00803
35	0.01922	0.37912	0.02327	0.01290	0.01686	0.42778	0.01083	0.02091	0.01459	0.01422	0.00872	0.01013	0.00760	0.00562	0.00463	0.00141	0.00868	0.00351	0.00281	0.00719
36	0.83394	0.01144	0.00869	0.00778	0.01144	0.01327	0.00640	0.01738	0.01006	0.02653	0.00823	0.00961	0.00640	0.00549	0.00366	0.00183	0.00457	0.00320	0.00366	0.00640
37	0.01200	0.06893	0.71029	0.01634	0.02475	0.01407	0.02095	0.01853	0.01254	0.01858	0.02446	0.01293	0.00841	0.00571	0.00555	0.00184	0.00851	0.00443	0.00257	0.00862
38	0.00860	0.00573	0.00645	0.00645	0.00645	0.00573	0.00358	0.00860	0.00860	0.01147	0.01863	0.03870	0.02150	0.79217	0.03010	0.00573	0.00573	0.00860	0.00358	0.00358
39	0.02079	0.18771	0.01972	0.01417	0.01764	0.61358	0.01115	0.02239	0.01577	0.01436	0.00895	0.01042	0.00761	0.00588	0.00501	0.00147	0.00976	0.00367	0.00294	0.00701
40	0.01257	0.02031	0.35459	0.02110	0.22813	0.01285	0.03048	0.01871	0.07961	0.01928	0.01526	0.02254	0.01318	0.00741	0.00615	0.00199	0.00739	0.11661	0.00341	0.00844
41	0.01377	0.02656	0.08362	0.01828	0.22295	0.01147	0.01232	0.05354	0.05784	0.09149	0.06840	0.11577	0.04852	0.00938	0.00727	0.00199	0.06224	0.06123	0.00448	0.02886
42	0.00778	0.00553	0.00710	0.00767	0.00831	0.00519	0.00520	0.00920	0.01260	0.01719	0.25229	0.42884	0.05388	0.13804	0.01091	0.00275	0.00359	0.01356	0.00550	0.00485
43	0.00837	0.00604	0.00790	0.00744	0.00883	0.00558	0.00558	0.01116	0.01674	0.02371	0.75216	0.04417	0.05580	0.01209	0.00697	0.00186	0.00279	0.01069	0.00651	0.00558
44	0.01413	0.46919	0.34276	0.01299	0.01962	0.01927	0.01513	0.01814	0.01222	0.01597	0.00924	0.01077	0.00755	0.00530	0.00457	0.00152	0.00736	0.00368	0.00252	0.00808
45	0.06854	0.01141	0.01431	0.01458	0.10258	0.06055	0.01036	0.04019	0.04893	0.08459	0.01369	0.01787	0.01170	0.03218	0.27160	0.00467	0.17604	0.00557	0.00366	0.00698
46	0.00735	0.00585	0.00678	0.00724	0.00867	0.00528	0.00536	0.00886	0.01255	0.01565	0.04663	0.25163	0.44535	0.01870	0.07656	0.00284	0.00445	0.05999	0.00528	0.00500
47	0.01256	0.01270	0.02385	0.43326	0.15495	0.01383	0.22926	0.01674	0.01273	0.01694	0.01104	0.01564	0.00845	0.00553	0.00622	0.00194	0.00836	0.00577	0.00278	0.00744
48	0.01333	0.19982	0.51206	0.01591	0.02347	0.01587	0.08368	0.01879	0.01263	0.03743	0.01054	0.01233	0.00784	0.00548	0.00534	0.00175	0.00821	0.00438	0.00268	0.00845
49	0.01656	0.01914	0.02676	0.02485	0.20688	0.24038	0.33988	0.02015	0.01467	0.01770	0.01091	0.01404	0.00867	0.00539	0.00621	0.00179	0.00945	0.00561	0.00299	0.00799
50	0.00831	0.00659	0.00708	0.00681	0.00886	0.00590	0.00515	0.01117	0.06751	0.03707	0.18293	0.05110	0.55290	0.01375	0.00689	0.00197	0.00313	0.01156	0.00576	0.00555
51	0.14498	0.00843	0.00888	0.06365	0.01217	0.00894	0.00659	0.05284	0.07989	0.07152	0.02370	0.02454	0.12910	0.00801	0.00502	0.00170	0.00398	0.00634	0.33321	0.00654
52	0.04773	0.01027	0.01173	0.04896	0.01391	0.01107	0.00803	0.16795	0.15367	0.09482	0.01985	0.06188	0.01811	0.24341	0.01331	0.00311	0.00557	0.05443	0.00507	0.00712
53	0.00843	0.00605	0.00794	0.00794	0.00858	0.00651	0.00553	0.00957	0.00934	0.01286	0.01972	0.03211	0.06199	0.37443	0.39532	0.00738	0.01059	0.00771	0.00349	0.00451
54	0.00718	0.00523	0.00678	0.00802	0.00852	0.00482	0.00539	0.00826	0.01153	0.01518	0.03525	0.71721	0.10849	0.01818	0.00749	0.00236	0.00339	0.01639	0.00549	0.00482
55	0.01620	0.08675	0.01651	0.01222	0.01560	0.01194	0.08048	0.15160	0.01560	0.17357	0.01767	0.02366	0.01473	0.01892	0.23451	0.00418	0.00920	0.08427	0.00471	0.00767
56	0.02011	0.02141	0.01902	0.02071	0.22362	0.37511	0.01325	0.19592	0.01854	0.02139	0.01093	0.01263	0.00870	0.00611	0.00562	0.00165	0.00864	0.00459	0.00371	0.00834
57	0.01826	0.01909	0.01624	0.01688	0.13187	0.37959	0.01134	0.02007	0.01427	0.08832	0.01209	0.01588	0.01038	0.07833	0.06946	0.00269	0.07967	0.00499	0.00346	0.00712
58	0.09608	0.01698	0.01966	0.13601	0.02307	0.23944	0.18626	0.01824	0.01359	0.01710	0.01359	0.01867	0.04321	0.00721	0.00720	0.00194	0.07892	0.05274	0.00326	0.00682

[dist]
# distance from previous block
# <min> <max>
0	1

[block]
# block no. 7 follows, 39 sequences, length 14
# corresponding to MSA columns:
# 371-384
name=unknown_H
#
# <colnr> <probs for GDERKNQSTAVLIFYWHMCP>
#	G	D	E	R	K	N	Q	S	T	A	V	L	I	F	Y	W	H	M	C	P
0	0.24669	0.01555	0.01474	0.07703	0.13129	0.18714	0.01107	0.02038	0.12194	0.02042	0.01299	0.01698	0.01092	0.00692	0.00578	0.00187	0.03435	0.05283	0.00376	0.00736
1	0.02105	0.01221	0.01417	0.04236	0.01607	0.01272	0.00931	0.35222	0.02088	0.25333	0.01781	0.01758	0.01234	0.00708	0.00558	0.00172	0.00539	0.00555	0.16358	0.00904
2	0.02038	0.01829	0.01603	0.01344	0.01732	0.22084	0.01063	0.30554	0.22739	0.06511	0.01610	0.01578	0.01190	0.00710	0.00579	0.00177	0.00704	0.00533	0.00524	0.00899
3	0.00826	0.00632	0.00812	0.00913	0.05897	0.00587	0.00588	0.00999	0.01332	0.01789	0.27365	0.21967	0.19369	0.13001	0.01048	0.00259	0.00371	0.01184	0.00537	0.00523
4	0.01404	0.04017	0.06436	0.01635	0.02081	0.07410	0.26311	0.04193	0.19757	0.02002	0.01820	0.07285	0.03918	0.00753	0.00630	0.00190	0.00721	0.02866	0.00417	0.06154
5	0.01805	0.05313	0.17457	0.01777	0.06504	0.01510	0.19190	0.23267	0.01809	0.13446	0.01383	0.01498	0.00980	0.00611	0.00602	0.00183	0.00762	0.00553	0.00438	0.00912
6	0.00745	0.00582	0.00675	0.00691	0.00837	0.00513	0.00503	0.00922	0.01398	0.01808	0.25916	0.21184	0.39139	0.01489	0.00711	0.00204	0.00303	0.01289	0.00579	0.00513
7	0.01165	0.00781	0.00902	0.00867	0.01084	0.00761	0.00648	0.01645	0.17296	0.12840	0.03831	0.26659	0.26504	0.01340	0.00679	0.00210	0.00380	0.01156	0.00588	0.00664
8	0.01916	0.11544	0.11259	0.01498	0.01971	0.26780	0.10298	0.07116	0.07180	0.12882	0.01317	0.01394	0.00978	0.00617	0.00557	0.00169	0.00823	0.00484	0.00397	0.00821
9	0.00850	0.00612	0.00842	0.00842	0.00910	0.00680	0.00604	0.00986	0.00918	0.01292	0.01683	0.02874	0.01717	0.31043	0.50592	0.00816	0.01224	0.00714	0.00332	0.00468
10	0.00823	0.00680	0.00735	0.00744	0.00925	0.00642	0.00548	0.01194	0.12205	0.01735	0.07198	0.21509	0.45982	0.01464	0.00697	0.00208	0.00334	0.01253	0.00560	0.00562
11	0.01524	0.01585	0.02039	0.14048	0.44706	0.16774	0.01553	0.01817	0.01356	0.01717	0.01114	0.01563	0.00961	0.05902	0.00740	0.00201	0.00781	0.00519	0.00295	0.00804
12	0.06421	0.01607	0.07394	0.01741	0.15577	0.08178	0.02639	0.23651	0.12156	0.02476	0.01412	0.01585	0.01101	0.01118	0.10044	0.00276	0.00800	0.00533	0.00432	0.00860
13	0.01457	0.10990	0.07484	0.01116	0.01451	0.01330	0.00954	0.26099	0.07329	0.02362	0.04208	0.23937	0.02059	0.05577	0.00754	0.00215	0.00548	0.00875	0.00499	0.00757

[dist]
# distance from previous block
# <min> <max>
3	19

[block]
# block no. 8 follows, 39 sequences, length 25
# corresponding to MSA columns:
# 437-461
name=unknown_I
#
# <colnr> <probs for GDERKNQSTAVLIFYWHMCP>
#	G	D	E	R	K	N	Q	S	T	A	V	L	I	F	Y	W	H	M	C	P
0	0.01371	0.07881	0.18833	0.01551	0.06438	0.07878	0.08562	0.07067	0.10267	0.01884	0.01371	0.01678	0.01117	0.02708	0.18397	0.00365	0.00969	0.00542	0.00347	0.00773
1	0.00788	0.00565	0.00675	0.00708	0.00774	0.00531	0.00464	0.00891	0.01157	0.01535	0.15366	0.26805	0.14907	0.30352	0.01572	0.00348	0.00411	0.01204	0.00496	0.00451
2	0.01727	0.01297	0.01452	0.04528	0.01646	0.01424	0.00977	0.44153	0.09545	0.02987	0.07686	0.16035	0.01975	0.00965	0.00631	0.00193	0.00552	0.00800	0.00575	0.00851
3	0.01247	0.26143	0.37114	0.01391	0.02000	0.01537	0.05981	0.01676	0.01225	0.01668	0.01346	0.13531	0.01265	0.00746	0.00545	0.00178	0.00723	0.00614	0.00301	0.00771
4	0.01610	0.02303	0.29185	0.01573	0.05487	0.18995	0.01501	0.14514	0.07015	0.02094	0.01244	0.01425	0.00958	0.01005	0.08257	0.00255	0.00913	0.00482	0.00357	0.00826
5	0.01630	0.73536	0.02987	0.01052	0.01542	0.08199	0.01022	0.01817	0.01239	0.01396	0.00829	0.00958	0.00759	0.00514	0.00392	0.00129	0.00667	0.00321	0.00257	0.00753
6	0.00747	0.00577	0.00682	0.00707	0.00841	0.00512	0.00511	0.00924	0.01388	0.01811	0.26502	0.25865	0.33790	0.01509	0.00714	0.00207	0.00305	0.01315	0.00580	0.00512
7	0.01132	0.09437	0.20697	0.01298	0.01685	0.06720	0.07417	0.01464	0.01178	0.01579	0.01601	0.15982	0.01568	0.01940	0.23168	0.00415	0.00986	0.00733	0.00334	0.00666
8	0.01631	0.01255	0.01744	0.26344	0.15971	0.01384	0.01321	0.24223	0.01722	0.08101	0.01361	0.01772	0.01074	0.08554	0.00834	0.00224	0.00685	0.00567	0.00418	0.00815
9	0.00803	0.00603	0.00744	0.00709	0.00863	0.00544	0.00532	0.01051	0.01595	0.02183	0.58360	0.04728	0.22553	0.01279	0.00698	0.00189	0.00284	0.01113	0.00626	0.00544
10	0.00723	0.00583	0.00643	0.00663	0.00822	0.00504	0.00484	0.00881	0.01352	0.01689	0.15199	0.19750	0.51586	0.01526	0.00710	0.00206	0.00305	0.01307	0.00563	0.00504
11	0.01707	0.01878	0.02234	0.02499	0.31590	0.25311	0.11361	0.05108	0.01476	0.01801	0.01041	0.01337	0.00863	0.00608	0.00721	0.00180	0.08662	0.00504	0.00307	0.00812
12	0.01268	0.01001	0.01121	0.01054	0.01302	0.01077	0.00827	0.14397	0.25535	0.02268	0.03013	0.18587	0.12446	0.01224	0.00678	0.00216	0.00464	0.12213	0.00573	0.00735
13	0.00721	0.00515	0.00686	0.00823	0.00858	0.00480	0.00549	0.00823	0.01132	0.01510	0.03259	0.78831	0.03911	0.01853	0.00755	0.00240	0.00343	0.01681	0.00549	0.00480
14	0.00928	0.00982	0.09975	0.00891	0.01155	0.00737	0.00786	0.07387	0.01446	0.01874	0.09682	0.19099	0.34780	0.01372	0.00693	0.00209	0.00426	0.06462	0.00524	0.00594
15	0.00778	0.00563	0.00738	0.00799	0.00864	0.00558	0.00552	0.00905	0.01113	0.01504	0.09107	0.38974	0.08452	0.14673	0.17151	0.00435	0.00633	0.01245	0.00478	0.00479
16	0.01226	0.10772	0.68788	0.01618	0.02455	0.01471	0.02067	0.01863	0.01244	0.01824	0.01037	0.01218	0.00750	0.00556	0.00543	0.00181	0.00850	0.00425	0.00250	0.00862
17	0.01561	0.06731	0.24323	0.01686	0.02227	0.21193	0.17485	0.07121	0.01492	0.01842	0.01255	0.07986	0.01078	0.00679	0.00593	0.00181	0.00876	0.00588	0.00326	0.00777
18	0.01312	0.01260	0.02140	0.18582	0.49850	0.01299	0.04994	0.01658	0.01315	0.01810	0.01595	0.01919	0.08400	0.00637	0.00603	0.00184	0.00693	0.00607	0.00313	0.00828
19	0.00866	0.00626	0.00711	0.00676	0.00871	0.00542	0.00512	0.01064	0.01478	0.06469	0.28892	0.05037	0.47417	0.01354	0.00692	0.00194	0.00305	0.01148	0.00595	0.00550
20	0.01059	0.00908	0.01122	0.01350	0.14842	0.05535	0.00824	0.01309	0.04386	0.01610	0.02429	0.10610	0.13398	0.13711	0.17507	0.00411	0.00753	0.00831	0.06806	0.00598
21	0.01411	0.01369	0.08785	0.07146	0.04862	0.06733	0.01013	0.19385	0.05146	0.02288	0.02568	0.02614	0.19525	0.00867	0.00583	0.00178	0.00561	0.00698	0.13529	0.00737
22	0.07970	0.00928	0.01128	0.00968	0.01234	0.00963	0.00764	0.14782	0.01589	0.17625	0.17020	0.02535	0.02227	0.07440	0.19733	0.00402	0.00754	0.00690	0.00530	0.00718
23	0.01366	0.01307	0.01642	0.05135	0.28616	0.08722	0.01177	0.04462	0.04627	0.01932	0.05337	0.02141	0.11621	0.00706	0.00570	0.00160	0.00595	0.00607	0.00384	0.18892
24	0.16880	0.01425	0.01264	0.01216	0.04898	0.15300	0.00890	0.10909	0.18254	0.02236	0.02039	0.13585	0.06917	0.00905	0.00573	0.00190	0.00580	0.00723	0.00474	0.00741

[dist]
# distance from previous block
# <min> <max>
2	6

[block]
# block no. 9 follows, 39 sequences, length 7
# corresponding to MSA columns:
# 468-471,480-482
name=unknown_J
#
# <colnr> <probs for GDERKNQSTAVLIFYWHMCP>
#	G	D	E	R	K	N	Q	S	T	A	V	L	I	F	Y	W	H	M	C	P
0	0.01232	0.01453	0.21427	0.01185	0.03923	0.00952	0.01121	0.04130	0.05226	0.08231	0.08017	0.10363	0.07642	0.04334	0.02184	0.00213	0.00573	0.03244	0.02823	0.11728
1	0.01024	0.00907	0.00863	0.00822	0.01014	0.08507	0.00612	0.01346	0.11154	0.01754	0.15844	0.04030	0.36527	0.01337	0.00878	0.10934	0.00426	0.00956	0.00510	0.00555
2	0.00833	0.00600	0.00822	0.00840	0.00904	0.00655	0.00597	0.00966	0.00946	0.01321	0.01888	0.12748	0.02001	0.27085	0.44270	0.00742	0.01112	0.00839	0.00360	0.00470
3	0.00943	0.00705	0.00881	0.00851	0.01000	0.00729	0.00649	0.07179	0.01309	0.01755	0.12539	0.03817	0.17998	0.13392	0.27318	0.00514	0.00829	0.06591	0.00459	0.00544
4	0.00952	0.00595	0.00874	0.00911	0.00980	0.00627	0.00701	0.00980	0.00985	0.01332	0.01765	0.03277	0.01807	0.02655	0.24294	0.35834	0.00843	0.19819	0.00353	0.00416
5	0.01879	0.01403	0.01243	0.01052	0.01363	0.17353	0.00828	0.21115	0.01813	0.13473	0.01635	0.01721	0.01209	0.00684	0.00514	0.00158	0.00580	0.00516	0.30691	0.00770
6	0.18987	0.01360	0.01303	0.07565	0.11438	0.17314	0.00969	0.01717	0.01331	0.08146	0.02045	0.12802	0.10958	0.00886	0.00567	0.00187	0.00615	0.00714	0.00415	0.00681

[dist]
# distance from previous block
# <min> <max>
0	6

[block]
# block no. 10 follows, 39 sequences, length 26
# corresponding to MSA columns:
# 506-531
name=unknown_K
#
# <colnr> <probs for GDERKNQSTAVLIFYWHMCP>
#	G	D	E	R	K	N	Q	S	T	A	V	L	I	F	Y	W	H	M	C	P
0	0.01550	0.01973	0.26069	0.01749	0.14069	0.04727	0.02608	0.16203	0.01603	0.04661	0.01176	0.01335	0.00885	0.00566	0.00547	0.00160	0.00706	0.00459	0.00366	0.18588
1	0.01416	0.06424	0.01527	0.01630	0.20618	0.03471	0.00983	0.06118	0.09624	0.08268	0.08142	0.02504	0.01830	0.23448	0.01285	0.00291	0.00587	0.00675	0.00432	0.00726
2	0.01483	0.01123	0.01452	0.01750	0.22965	0.05818	0.01046	0.04425	0.07884	0.14143	0.02337	0.17903	0.08246	0.05762	0.00778	0.00217	0.00554	0.00860	0.00483	0.00768
3	0.01378	0.01756	0.18399	0.01682	0.12964	0.10058	0.04986	0.07943	0.05038	0.01930	0.01612	0.01843	0.06670	0.01243	0.12373	0.00292	0.00865	0.00562	0.00354	0.08053
4	0.06461	0.28144	0.11217	0.01329	0.10713	0.01448	0.01082	0.01507	0.01166	0.01602	0.01632	0.02114	0.08038	0.09226	0.09816	0.00299	0.00734	0.02463	0.00319	0.00689
5	0.07083	0.00823	0.00985	0.00859	0.01126	0.00766	0.00655	0.05216	0.01408	0.23502	0.07040	0.17737	0.06665	0.08308	0.00820	0.00220	0.00430	0.00860	0.07697	0.07800
6	0.01371	0.01634	0.17187	0.01195	0.01527	0.10554	0.01083	0.12780	0.06365	0.01867	0.01469	0.02196	0.01349	0.23838	0.09656	0.00380	0.03890	0.00608	0.00373	0.00679
7	0.12203	0.13753	0.04663	0.06038	0.01938	0.25636	0.07844	0.08280	0.01545	0.11143	0.01149	0.01271	0.00869	0.00597	0.00521	0.00167	0.00787	0.00444	0.00377	0.00774
8	0.00979	0.00680	0.00817	0.00792	0.00914	0.00673	0.00554	0.01310	0.10153	0.05172	0.27799	0.15761	0.06087	0.24087	0.01367	0.00310	0.00409	0.01042	0.00543	0.00551
9	0.01226	0.01051	0.01226	0.00876	0.01401	0.00788	0.00701	0.01489	0.01226	0.01927	0.01051	0.01226	0.00876	0.00438	0.00438	0.00088	0.00438	0.00350	0.00350	0.82832
10	0.01102	0.00551	0.00551	0.00551	0.00689	0.00551	0.00413	0.01378	0.01240	0.02205	0.01929	0.02205	0.01516	0.00689	0.00413	0.00138	0.00276	0.00551	0.82500	0.00551
11	0.01091	0.00774	0.00868	0.00817	0.00916	0.00809	0.00541	0.12235	0.05697	0.01682	0.02041	0.14802	0.02220	0.50506	0.02145	0.00439	0.00544	0.00923	0.00438	0.00512
12	0.09048	0.01411	0.01648	0.10522	0.07493	0.01561	0.01147	0.37516	0.11986	0.09465	0.01516	0.01561	0.01092	0.00683	0.00573	0.00184	0.00616	0.00537	0.00524	0.00918
13	0.01102	0.00551	0.00551	0.00551	0.00689	0.00551	0.00413	0.01378	0.01240	0.02205	0.01929	0.02205	0.01516	0.00689	0.00413	0.00138	0.00276	0.00551	0.82500	0.00551
14	0.01553	0.23411	0.08126	0.01235	0.01739	0.18316	0.05955	0.01821	0.01333	0.01665	0.00968	0.01141	0.00809	0.00509	0.00471	0.00129	0.00706	0.00378	0.00301	0.29434
15	0.00782	0.00620	0.00833	0.00820	0.00961	0.00560	0.04226	0.00968	0.01363	0.01800	0.24382	0.32208	0.25288	0.01496	0.00719	0.00211	0.00345	0.01330	0.00565	0.00524
16	0.01287	0.00928	0.01292	0.01350	0.12615	0.00923	0.05203	0.09757	0.01336	0.08094	0.05645	0.06720	0.04632	0.35716	0.01691	0.00360	0.00586	0.00803	0.00435	0.00627
17	0.01778	0.23628	0.12440	0.01374	0.01800	0.30830	0.01252	0.08179	0.01515	0.01702	0.01044	0.01358	0.00900	0.00658	0.00609	0.00165	0.06107	0.03596	0.00315	0.00751
18	0.01658	0.01383	0.04808	0.01971	0.23303	0.01370	0.04824	0.20308	0.12875	0.08444	0.06164	0.07055	0.01606	0.00764	0.00613	0.00187	0.00609	0.00672	0.00489	0.00896
19	0.01072	0.00551	0.00563	0.00569	0.00694	0.00549	0.00417	0.01324	0.01214	0.02115	0.01986	0.05783	0.01660	0.05070	0.00572	0.00166	0.00295	0.00620	0.74244	0.00537
20	0.01675	0.01832	0.05494	0.04577	0.01944	0.25196	0.11373	0.12762	0.01573	0.01946	0.01163	0.01441	0.00939	0.00977	0.07305	0.00242	0.08651	0.00503	0.05937	0.04469
21	0.06548	0.01004	0.01132	0.06176	0.01394	0.01063	0.00780	0.21880	0.05616	0.02218	0.02361	0.11365	0.13472	0.10207	0.01041	0.07555	0.00515	0.00802	0.00476	0.04394
22	0.17078	0.28708	0.10665	0.07857	0.05162	0.04104	0.01157	0.10224	0.01373	0.02008	0.01112	0.06078	0.00976	0.00642	0.00480	0.00167	0.00642	0.00473	0.00337	0.00758
23	0.01354	0.08666	0.11362	0.05201	0.10886	0.05369	0.01114	0.01888	0.15005	0.06829	0.04862	0.05117	0.05989	0.12717	0.00951	0.00242	0.00611	0.00676	0.00420	0.00743
24	0.01328	0.09615	0.20419	0.05198	0.14621	0.11700	0.04291	0.01681	0.01322	0.01726	0.08457	0.05610	0.01535	0.05215	0.04589	0.00238	0.00783	0.00604	0.00331	0.00738
25	0.01625	0.09633	0.05846	0.01438	0.05021	0.16645	0.01154	0.08597	0.24162	0.02001	0.01443	0.01564	0.01152	0.00914	0.04538	0.00225	0.12304	0.00520	0.00407	0.00807

[dist]
# distance from previous block
# <min> <max>
0	40

[block]
# block no. 11 follows, 39 sequences, length 14
# corresponding to MSA columns:
# 572-585
name=unknown_L
#
# <colnr> <probs for GDERKNQSTAVLIFYWHMCP>
#	G	D	E	R	K	N	Q	S	T	A	V	L	I	F	Y	W	H	M	C	P
0	0.12697	0.00891	0.01096	0.01264	0.14959	0.00839	0.00782	0.01279	0.01276	0.01910	0.10221	0.07135	0.24840	0.05153	0.00717	0.00197	0.00433	0.00829	0.00445	0.13036
1	0.01433	0.01679	0.15148	0.01126	0.01461	0.19334	0.01017	0.07081	0.04512	0.01985	0.01691	0.12580	0.01504	0.00818	0.00540	0.00171	0.00625	0.00653	0.25961	0.00684
2	0.01203	0.01090	0.01589	0.01160	0.01645	0.00888	0.14313	0.01512	0.01322	0.01984	0.11617	0.01749	0.01548	0.00559	0.00524	0.00123	0.00520	0.00518	0.00383	0.55753
3	0.16226	0.01223	0.01707	0.05649	0.13034	0.01254	0.11934	0.14569	0.01575	0.09516	0.02159	0.02238	0.14880	0.00765	0.00587	0.00187	0.00603	0.00659	0.00450	0.00785
4	0.01709	0.04423	0.05130	0.01450	0.10708	0.17997	0.01046	0.06467	0.06803	0.15742	0.02309	0.10006	0.11917	0.00889	0.00602	0.00182	0.00638	0.00726	0.00478	0.00779
5	0.01393	0.00637	0.00705	0.00645	0.00843	0.00611	0.00499	0.01660	0.01325	0.16035	0.02005	0.02169	0.01506	0.00697	0.00447	0.00146	0.00318	0.00559	0.67163	0.00637
6	0.01425	0.05335	0.06950	0.01432	0.13022	0.04394	0.01024	0.01750	0.05184	0.15684	0.05963	0.19453	0.06715	0.01030	0.00629	0.00193	0.00533	0.04606	0.00493	0.04184
7	0.01384	0.00846	0.01130	0.01012	0.01230	0.00910	0.00798	0.11690	0.01345	0.15681	0.01716	0.02219	0.01444	0.07198	0.47788	0.00677	0.01195	0.00624	0.00436	0.00677
8	0.01123	0.00639	0.00836	0.00849	0.00981	0.00597	0.00612	0.01256	0.01217	0.15432	0.02971	0.39120	0.08222	0.12762	0.05926	0.00321	0.00495	0.05530	0.00541	0.00570
9	0.01958	0.09718	0.01641	0.01312	0.03920	0.28089	0.01001	0.11303	0.05607	0.15784	0.01656	0.12402	0.01434	0.00819	0.00573	0.00174	0.00717	0.00639	0.00467	0.00786
10	0.01319	0.01121	0.04251	0.01314	0.05434	0.01078	0.10927	0.17415	0.01558	0.04443	0.06315	0.02794	0.12074	0.15129	0.11819	0.00363	0.00752	0.00758	0.00444	0.00690
11	0.16567	0.00748	0.00906	0.00857	0.00994	0.00807	0.00634	0.05958	0.01033	0.04236	0.01273	0.05484	0.01192	0.02062	0.15374	0.39807	0.00700	0.00561	0.00342	0.00466
12	0.01069	0.00685	0.00988	0.15293	0.01553	0.00692	0.00800	0.01245	0.01221	0.12086	0.02714	0.53424	0.02978	0.01457	0.00701	0.00224	0.00449	0.01310	0.00521	0.00588
13	0.13889	0.07160	0.01570	0.07323	0.04521	0.20117	0.01028	0.19811	0.01692	0.03949	0.01406	0.12259	0.01277	0.00793	0.00552	0.00179	0.00690	0.00612	0.00423	0.00750

[dist]
# distance from previous block
# <min> <max>
0	164

# created by:
# /home/cegg/simao/soft/augustus-3.2.1/scripts/msa2prfl.pl ./align_prep/18531.fa
