[name]
unknown

[dist]
# distance from previous block
# <min> <max>
0	126

[block]
# block no. 0 follows, 49 sequences, length 186
# corresponding to MSA columns:
# 138-323
name=unknown_A
#
# <colnr> <probs for GDERKNQSTAVLIFYWHMCP>
#	G	D	E	R	K	N	Q	S	T	A	V	L	I	F	Y	W	H	M	C	P
0	0.04192	0.01346	0.01327	0.01295	0.09774	0.21758	0.02528	0.07606	0.09872	0.17680	0.01508	0.01959	0.01239	0.00678	0.00513	0.00158	0.00592	0.11445	0.00414	0.04118
1	0.01179	0.01085	0.01798	0.02024	0.34273	0.01060	0.14351	0.03672	0.05998	0.03296	0.01109	0.01387	0.00907	0.00908	0.11240	0.00233	0.00693	0.00474	0.00294	0.14022
2	0.01349	0.01041	0.03599	0.01573	0.25964	0.00959	0.00986	0.09461	0.03037	0.14977	0.03237	0.01833	0.11478	0.00624	0.00524	0.00144	0.02540	0.00527	0.00389	0.15757
3	0.08169	0.01087	0.08204	0.07683	0.19647	0.00995	0.01025	0.03828	0.12701	0.11040	0.17284	0.01875	0.01740	0.00638	0.00505	0.00158	0.00473	0.00548	0.00405	0.01995
4	0.00915	0.01066	0.10803	0.01526	0.12011	0.00858	0.22919	0.01188	0.01070	0.01471	0.01809	0.38267	0.01939	0.00967	0.00592	0.00183	0.00550	0.00937	0.00348	0.00581
5	0.01603	0.01480	0.11928	0.01161	0.01577	0.01423	0.01036	0.45046	0.24653	0.02656	0.01423	0.01394	0.01033	0.00613	0.00505	0.00159	0.00536	0.00479	0.00469	0.00827
6	0.01115	0.00938	0.01348	0.10429	0.01640	0.00823	0.11030	0.04322	0.01129	0.05651	0.01155	0.08486	0.01008	0.00529	0.00457	0.00118	0.00477	0.00477	0.00325	0.48543
7	0.01200	0.16505	0.02072	0.02296	0.47511	0.01270	0.07770	0.01472	0.01136	0.01552	0.03298	0.03663	0.01112	0.00565	0.00497	0.00152	0.00582	0.06353	0.00275	0.00717
8	0.01013	0.13126	0.59913	0.01277	0.01897	0.01196	0.01568	0.01484	0.01050	0.01509	0.01102	0.10574	0.00961	0.00604	0.00479	0.00158	0.00666	0.00485	0.00244	0.00694
9	0.01219	0.50989	0.33026	0.01093	0.01649	0.01675	0.01261	0.01549	0.01043	0.01352	0.00784	0.00912	0.00646	0.00451	0.00386	0.00129	0.00622	0.00311	0.00215	0.00688
10	0.03112	0.10836	0.01504	0.01074	0.01429	0.01447	0.00906	0.49054	0.09899	0.02598	0.01430	0.01834	0.01177	0.00699	0.00508	0.00160	0.00523	0.10576	0.00464	0.00770
11	0.00600	0.00503	0.00522	0.00538	0.00690	0.00425	0.00396	0.00723	0.01128	0.01356	0.04808	0.15245	0.68694	0.01322	0.00604	0.00175	0.00261	0.01117	0.00470	0.00425
12	0.01841	0.00923	0.01372	0.18617	0.12251	0.00900	0.00999	0.03236	0.01327	0.50791	0.01604	0.01569	0.01059	0.00576	0.00507	0.00158	0.00508	0.00487	0.00486	0.00788
13	0.01117	0.01026	0.01711	0.13128	0.51927	0.01056	0.01372	0.01407	0.01135	0.01573	0.01319	0.02232	0.01242	0.00664	0.00544	0.00171	0.00581	0.16803	0.00294	0.00696
14	0.00815	0.00582	0.00815	0.00931	0.01048	0.00582	0.00815	0.01048	0.01164	0.01513	0.02677	0.05704	0.02910	0.01397	0.00698	0.00233	0.00466	0.75671	0.00466	0.00466
15	0.00627	0.00459	0.00590	0.00672	0.00730	0.00422	0.00460	0.00740	0.01052	0.01399	0.13305	0.62281	0.12451	0.01474	0.00633	0.00195	0.00282	0.01323	0.00481	0.00422
16	0.00758	0.00628	0.00679	0.00665	0.00836	0.00611	0.00497	0.01176	0.17902	0.01597	0.12839	0.14469	0.43138	0.01163	0.00586	0.00174	0.00290	0.00991	0.00490	0.00512
17	0.01119	0.00593	0.00633	0.00590	0.00758	0.00605	0.00453	0.01511	0.11487	0.09722	0.01739	0.01869	0.01325	0.00606	0.00391	0.00129	0.00277	0.00489	0.65150	0.00555
18	0.01337	0.01364	0.01969	0.02861	0.68631	0.11845	0.01474	0.01615	0.01189	0.01596	0.00928	0.01206	0.00781	0.00460	0.00495	0.00148	0.00643	0.00434	0.00252	0.00772
19	0.01130	0.00662	0.00843	0.00742	0.00942	0.00629	0.00575	0.01499	0.10492	0.19472	0.52447	0.03091	0.03598	0.00901	0.00567	0.00160	0.00301	0.00783	0.00567	0.00602
20	0.01106	0.01106	0.01549	0.01328	0.01328	0.01549	0.01106	0.01217	0.00774	0.01217	0.00664	0.01106	0.00664	0.00885	0.01659	0.00221	0.81303	0.00443	0.00221	0.00553
21	0.00600	0.00503	0.00522	0.00538	0.00690	0.00425	0.00396	0.00723	0.01128	0.01356	0.04808	0.15245	0.68694	0.01322	0.00604	0.00175	0.00261	0.01117	0.00470	0.00425
22	0.85801	0.00978	0.00743	0.00665	0.00978	0.01134	0.00548	0.01486	0.00861	0.02269	0.00704	0.00821	0.00548	0.00469	0.00313	0.00156	0.00391	0.00274	0.00313	0.00548
23	0.01258	0.01086	0.01143	0.01029	0.01315	0.01258	0.00800	0.02687	0.78161	0.02115	0.02058	0.01887	0.01544	0.00686	0.00515	0.00172	0.00400	0.00572	0.00515	0.00800
24	0.01220	0.01392	0.12502	0.02880	0.68716	0.01198	0.01595	0.01559	0.01140	0.01645	0.00945	0.01227	0.00779	0.00455	0.00498	0.00152	0.00620	0.00440	0.00245	0.00794
25	0.01803	0.02247	0.01516	0.01545	0.12006	0.69555	0.01054	0.01956	0.01395	0.01293	0.00804	0.00958	0.00672	0.00512	0.00462	0.00133	0.00870	0.00343	0.00259	0.00615
26	0.00684	0.00492	0.00648	0.00658	0.00748	0.00456	0.00475	0.00875	0.01284	0.01794	0.54642	0.28611	0.04318	0.01209	0.00612	0.00174	0.00256	0.01081	0.00529	0.00456
27	0.01014	0.02616	0.79609	0.01441	0.02189	0.01174	0.01868	0.01601	0.01068	0.01601	0.00907	0.01068	0.00641	0.00480	0.00480	0.00160	0.00747	0.00374	0.00214	0.00747
28	0.01546	0.11387	0.01549	0.01182	0.01433	0.43584	0.00940	0.01689	0.01194	0.01283	0.00763	0.00960	0.00667	0.00568	0.00685	0.00139	0.17835	0.00340	0.00252	0.12003
29	0.01252	0.01201	0.02053	0.03104	0.79074	0.01201	0.01552	0.01552	0.01151	0.01652	0.00951	0.01252	0.00801	0.00451	0.00501	0.00150	0.00601	0.00451	0.00250	0.00801
30	0.00815	0.00582	0.00815	0.00931	0.01048	0.00582	0.00815	0.01048	0.01164	0.01513	0.02677	0.05704	0.02910	0.01397	0.00698	0.00233	0.00466	0.75671	0.00466	0.00466
31	0.01214	0.00964	0.01582	0.28584	0.34063	0.01020	0.01266	0.01488	0.01123	0.11967	0.01291	0.10866	0.01119	0.00626	0.00520	0.00164	0.00566	0.00574	0.00318	0.00683
32	0.03883	0.01116	0.01496	0.29045	0.15055	0.02947	0.01135	0.20589	0.01392	0.01924	0.00979	0.01218	0.00751	0.00498	0.00474	0.00143	0.00574	0.00416	0.00317	0.16049
33	0.00774	0.00618	0.00912	0.00882	0.00960	0.00756	0.00696	0.00945	0.00808	0.01180	0.01261	0.01868	0.01183	0.03401	0.69640	0.00733	0.12126	0.00528	0.00264	0.00465
34	0.00772	0.00576	0.00724	0.00677	0.00814	0.00558	0.00511	0.01134	0.09400	0.02037	0.70837	0.03581	0.04436	0.00998	0.00588	0.00160	0.00255	0.00879	0.00552	0.00511
35	0.00727	0.00525	0.00726	0.00726	0.00787	0.00585	0.00524	0.00847	0.00787	0.01110	0.01434	0.02425	0.01454	0.29772	0.54505	0.00706	0.01068	0.00606	0.00283	0.00403
36	0.01431	0.01211	0.01542	0.01749	0.27042	0.01321	0.01091	0.22014	0.32762	0.02245	0.01470	0.01500	0.01118	0.00587	0.00508	0.00159	0.00508	0.00501	0.00425	0.00816
37	0.01035	0.00915	0.01429	0.64034	0.02993	0.01104	0.01260	0.09483	0.01202	0.01573	0.09024	0.01586	0.01120	0.00571	0.00515	0.00166	0.00616	0.00498	0.00290	0.00585
38	0.01715	0.00984	0.01157	0.00971	0.01304	0.01025	0.00775	0.02586	0.43439	0.37107	0.02030	0.01812	0.01412	0.00659	0.00512	0.00165	0.00414	0.00543	0.00565	0.00828
39	0.01498	0.01268	0.01931	0.01965	0.26348	0.05066	0.16217	0.14088	0.01362	0.12295	0.01101	0.01295	0.00839	0.00558	0.00679	0.00164	0.11754	0.00481	0.00340	0.00751
40	0.01122	0.28020	0.55145	0.01258	0.01905	0.01437	0.01549	0.01574	0.01055	0.01471	0.00842	0.00986	0.00643	0.00465	0.00431	0.00144	0.00682	0.00341	0.00214	0.00716
41	0.85801	0.00978	0.00743	0.00665	0.00978	0.01134	0.00548	0.01486	0.00861	0.02269	0.00704	0.00821	0.00548	0.00469	0.00313	0.00156	0.00391	0.00274	0.00313	0.00548
42	0.00729	0.00595	0.00740	0.00688	0.00809	0.00605	0.00531	0.00914	0.01251	0.01700	0.43964	0.03777	0.28669	0.01095	0.00740	0.00171	0.11166	0.00901	0.00483	0.00471
43	0.01063	0.01034	0.01431	0.01236	0.01236	0.01424	0.01012	0.01160	0.00770	0.01189	0.00774	0.01366	0.00802	0.10486	0.01767	0.00253	0.71765	0.00477	0.00231	0.00524
44	0.00624	0.00473	0.00575	0.00634	0.00720	0.00425	0.00443	0.00745	0.01089	0.01414	0.13772	0.46886	0.27545	0.01414	0.00624	0.00188	0.00274	0.01249	0.00481	0.00425
45	0.00599	0.00506	0.00518	0.00528	0.00687	0.00426	0.00391	0.00724	0.01137	0.01360	0.04927	0.11309	0.72553	0.01306	0.00602	0.00174	0.00259	0.01098	0.00470	0.00426
46	0.01841	0.09492	0.01541	0.01264	0.01540	0.73287	0.00967	0.01975	0.01397	0.01233	0.00775	0.00903	0.00651	0.00513	0.00444	0.00128	0.00879	0.00321	0.00257	0.00592
47	0.00614	0.00450	0.00577	0.00678	0.00727	0.00413	0.00458	0.00707	0.00993	0.01301	0.03102	0.71520	0.13520	0.01543	0.00639	0.00201	0.00288	0.01388	0.00469	0.00413
48	0.01963	0.01182	0.11863	0.01225	0.09515	0.00922	0.00998	0.08876	0.01448	0.54124	0.01671	0.01539	0.01088	0.00586	0.00504	0.00156	0.00502	0.00480	0.00521	0.00839
49	0.01172	0.01094	0.01776	0.02408	0.51631	0.01198	0.01328	0.01380	0.01019	0.01477	0.00926	0.01369	0.00835	0.00695	0.00909	0.07694	0.19580	0.02579	0.00247	0.00682
50	0.01258	0.01086	0.01143	0.01029	0.01315	0.01258	0.00800	0.02687	0.78161	0.02115	0.02058	0.01887	0.01544	0.00686	0.00515	0.00172	0.00400	0.00572	0.00515	0.00800
51	0.00718	0.00492	0.00688	0.00714	0.00781	0.00513	0.00520	0.00781	0.00857	0.01158	0.02066	0.19645	0.12085	0.02514	0.34502	0.19697	0.00769	0.00784	0.00329	0.00387
52	0.01035	0.02491	0.72754	0.01588	0.08984	0.01177	0.01840	0.01597	0.01075	0.01606	0.00911	0.01084	0.00655	0.00478	0.00482	0.00159	0.00734	0.00380	0.00217	0.00752
53	0.01252	0.01201	0.02053	0.03104	0.79074	0.01201	0.01552	0.01552	0.01151	0.01652	0.00951	0.01252	0.00801	0.00451	0.00501	0.00150	0.00601	0.00451	0.00250	0.00801
54	0.00626	0.00469	0.00583	0.00661	0.00735	0.00426	0.00462	0.00739	0.01052	0.01367	0.08372	0.54615	0.22199	0.01465	0.00632	0.00195	0.00287	0.04218	0.00475	0.00421
55	0.01246	0.01093	0.02103	0.01918	0.18730	0.01032	0.36555	0.01553	0.01178	0.12050	0.01458	0.15994	0.01307	0.00668	0.00573	0.00171	0.00639	0.00706	0.00343	0.00683
56	0.00637	0.00468	0.00601	0.00686	0.00750	0.00431	0.00482	0.00756	0.01054	0.01391	0.10844	0.58032	0.13996	0.01473	0.00637	0.00198	0.00294	0.06368	0.00478	0.00423
57	0.02269	0.00861	0.01174	0.00900	0.01291	0.00743	0.00743	0.02464	0.01447	0.79425	0.01995	0.01721	0.01252	0.00626	0.00509	0.00156	0.00430	0.00509	0.00626	0.00861
58	0.02269	0.00861	0.01174	0.00900	0.01291	0.00743	0.00743	0.02464	0.01447	0.79425	0.01995	0.01721	0.01252	0.00626	0.00509	0.00156	0.00430	0.00509	0.00626	0.00861
59	0.00955	0.00899	0.01517	0.81013	0.03483	0.01123	0.01404	0.01292	0.01011	0.01292	0.00899	0.01348	0.00674	0.00506	0.00506	0.00169	0.00674	0.00449	0.00225	0.00562
60	0.00989	0.00590	0.00691	0.00622	0.00831	0.00507	0.00482	0.01154	0.01274	0.18645	0.19299	0.03956	0.46874	0.01087	0.00578	0.00165	0.00291	0.00914	0.00521	0.00532
61	0.00614	0.00513	0.00534	0.00529	0.00693	0.00434	0.00397	0.00756	0.01190	0.01455	0.15050	0.04720	0.68886	0.01247	0.00597	0.00169	0.00254	0.01047	0.00481	0.00434
62	0.00828	0.00542	0.00712	0.00655	0.00794	0.00496	0.00496	0.01063	0.01433	0.07602	0.73276	0.03629	0.04518	0.01004	0.00590	0.00159	0.00252	0.00885	0.00562	0.00505
63	0.01988	0.00923	0.01165	0.00936	0.01298	0.00886	0.00759	0.02526	0.22746	0.57961	0.02012	0.01767	0.01333	0.00643	0.00510	0.00161	0.00422	0.00526	0.00595	0.00844
64	0.00716	0.00591	0.00638	0.00612	0.00786	0.00551	0.00463	0.01046	0.11597	0.01630	0.22890	0.04196	0.50169	0.01140	0.00586	0.00168	0.00271	0.00963	0.00497	0.00490
65	0.01464	0.11244	0.18076	0.01120	0.01579	0.11111	0.01067	0.22517	0.08286	0.03532	0.01074	0.01140	0.00813	0.00518	0.00452	0.00135	0.00593	0.00386	0.00349	0.14544
66	0.01889	0.02410	0.01433	0.01303	0.01563	0.80199	0.00977	0.02019	0.01433	0.01238	0.00782	0.00912	0.00651	0.00521	0.00456	0.00130	0.00912	0.00326	0.00261	0.00586
67	0.01032	0.00844	0.00998	0.00748	0.01146	0.00645	0.00588	0.01240	0.01050	0.03809	0.01153	0.10611	0.01070	0.00524	0.00410	0.00093	0.00366	0.00440	0.00329	0.72905
68	0.01925	0.01124	0.11400	0.01267	0.11879	0.00856	0.01000	0.02187	0.01350	0.56523	0.01735	0.01695	0.01163	0.00607	0.00510	0.00158	0.00495	0.02783	0.00517	0.00826
69	0.01279	0.65159	0.19380	0.00990	0.01491	0.01821	0.01083	0.01533	0.01036	0.01279	0.00747	0.00867	0.00647	0.00443	0.00358	0.00119	0.00586	0.00293	0.00216	0.00670
70	0.00706	0.00517	0.00663	0.00626	0.00750	0.00473	0.00470	0.00936	0.01409	0.01976	0.73006	0.03863	0.10606	0.01053	0.00597	0.00160	0.00240	0.00927	0.00550	0.00473
71	0.00725	0.00494	0.00629	0.00628	0.00728	0.00462	0.00459	0.00931	0.01283	0.01852	0.52299	0.20081	0.04001	0.01091	0.00574	0.00163	0.00250	0.00966	0.11920	0.00462
72	0.00716	0.00517	0.00676	0.00636	0.00755	0.00477	0.00477	0.00954	0.01431	0.02028	0.78808	0.03777	0.04771	0.01034	0.00596	0.00159	0.00239	0.00914	0.00557	0.00477
73	0.00703	0.00516	0.00658	0.00623	0.00748	0.00472	0.00467	0.00930	0.01401	0.01956	0.70842	0.03895	0.12781	0.01060	0.00597	0.00160	0.00240	0.00931	0.00547	0.00472
74	0.01969	0.01342	0.01471	0.01128	0.01531	0.01457	0.00932	0.67294	0.02252	0.13458	0.01319	0.01282	0.00913	0.00610	0.00506	0.00152	0.00539	0.00462	0.00522	0.00860
75	0.02095	0.00995	0.01434	0.01081	0.01488	0.00918	0.09801	0.12459	0.01543	0.59970	0.01775	0.01611	0.01142	0.00600	0.00519	0.00157	0.00497	0.00512	0.00566	0.00839
76	0.00955	0.00899	0.01517	0.81013	0.03483	0.01123	0.01404	0.01292	0.01011	0.01292	0.00899	0.01348	0.00674	0.00506	0.00506	0.00169	0.00674	0.00449	0.00225	0.00562
77	0.01089	0.11897	0.01264	0.00765	0.01212	0.00853	0.00635	0.01306	0.01046	0.01586	0.00872	0.01017	0.00735	0.00382	0.00368	0.00079	0.00397	0.00296	0.00288	0.73912
78	0.00726	0.00522	0.00711	0.00706	0.00771	0.00566	0.00508	0.00857	0.00871	0.01227	0.11866	0.02648	0.01919	0.28355	0.44812	0.00622	0.00929	0.00654	0.00321	0.00409
79	0.74546	0.00962	0.00801	0.00697	0.01020	0.01082	0.00574	0.01618	0.00940	0.12664	0.00878	0.00943	0.00642	0.00490	0.00339	0.00156	0.00396	0.00305	0.00355	0.00590
80	0.01937	0.01519	0.01487	0.01168	0.01552	0.12116	0.00951	0.63060	0.02198	0.07172	0.01199	0.01202	0.00854	0.00596	0.00499	0.00149	0.00597	0.00441	0.00479	0.00823
81	0.00955	0.00899	0.01517	0.81013	0.03483	0.01123	0.01404	0.01292	0.01011	0.01292	0.00899	0.01348	0.00674	0.00506	0.00506	0.00169	0.00674	0.00449	0.00225	0.00562
82	0.01960	0.00870	0.01142	0.00862	0.01267	0.00726	0.00707	0.02163	0.01347	0.59765	0.01718	0.01551	0.01125	0.00562	0.00475	0.00136	0.00416	0.00456	0.00543	0.22209
83	0.01225	0.00697	0.00877	0.00749	0.00970	0.00654	0.00588	0.09257	0.01513	0.21663	0.45977	0.03071	0.08862	0.00904	0.00565	0.00158	0.00321	0.00775	0.00563	0.00610
84	0.00616	0.00440	0.00587	0.00704	0.00733	0.00411	0.00469	0.00704	0.00968	0.01291	0.02787	0.81899	0.03344	0.01584	0.00645	0.00205	0.00293	0.01438	0.00469	0.00411
85	0.01252	0.01201	0.02053	0.03104	0.79074	0.01201	0.01552	0.01552	0.01151	0.01652	0.00951	0.01252	0.00801	0.00451	0.00501	0.00150	0.00601	0.00451	0.00250	0.00801
86	0.00735	0.00490	0.00552	0.00552	0.00552	0.00490	0.00306	0.00735	0.00735	0.00980	0.01593	0.03309	0.01838	0.82229	0.02574	0.00490	0.00490	0.00735	0.00306	0.00306
87	0.02170	0.01019	0.01272	0.00975	0.01370	0.00979	0.00805	0.23834	0.01713	0.57680	0.01772	0.01577	0.01140	0.00620	0.00508	0.00155	0.00466	0.00493	0.00592	0.00860
88	0.01179	0.01291	0.02370	0.01789	0.02090	0.03622	0.44849	0.01471	0.01034	0.01449	0.00874	0.01249	0.00723	0.00611	0.01015	0.00190	0.32797	0.00528	0.00242	0.00628
89	0.00768	0.00608	0.00900	0.00873	0.00953	0.00740	0.00688	0.00940	0.00808	0.01179	0.01273	0.01883	0.01193	0.03449	0.70952	0.00743	0.10791	0.00530	0.00265	0.00463
90	0.01094	0.00914	0.01002	0.00910	0.01146	0.01021	0.00703	0.02162	0.54927	0.02089	0.25298	0.02459	0.02521	0.00791	0.00539	0.00168	0.00351	0.00676	0.00527	0.00703
91	0.85801	0.00978	0.00743	0.00665	0.00978	0.01134	0.00548	0.01486	0.00861	0.02269	0.00704	0.00821	0.00548	0.00469	0.00313	0.00156	0.00391	0.00274	0.00313	0.00548
92	0.02193	0.00981	0.01248	0.00957	0.01351	0.00923	0.00791	0.18752	0.01650	0.62851	0.01825	0.01611	0.01167	0.00622	0.00508	0.00155	0.00458	0.00497	0.00600	0.00860
93	0.01173	0.01257	0.02417	0.01801	0.02178	0.01306	0.51099	0.01671	0.11477	0.01602	0.01107	0.01406	0.00867	0.00639	0.03033	0.00198	0.15251	0.00564	0.00285	0.00668
94	0.02004	0.00869	0.01146	0.00867	0.01271	0.00728	0.00712	0.02205	0.01361	0.62516	0.01757	0.01575	0.01142	0.00571	0.00479	0.00139	0.00418	0.00463	0.00555	0.19222
95	0.00712	0.00541	0.00621	0.00639	0.00799	0.00479	0.00511	0.00877	0.01185	0.03840	0.09807	0.04902	0.51866	0.01272	0.00620	0.00185	0.00313	0.19896	0.00480	0.00454
96	0.02085	0.00820	0.01115	0.00869	0.01228	0.00712	0.00712	0.02286	0.01445	0.70289	0.11061	0.01964	0.01667	0.00674	0.00519	0.00157	0.00408	0.00556	0.00618	0.00815
97	0.77100	0.01006	0.00813	0.00709	0.01031	0.01154	0.00584	0.07077	0.00990	0.04697	0.00781	0.00878	0.00592	0.00484	0.00333	0.00156	0.00404	0.00294	0.00337	0.00580
98	0.01040	0.00945	0.01517	0.73956	0.03314	0.01163	0.01365	0.08018	0.01132	0.01459	0.00927	0.01336	0.00691	0.00515	0.00506	0.00167	0.00664	0.00450	0.00250	0.00588
99	0.00861	0.00445	0.00646	0.00646	0.00646	0.00445	0.00424	0.00668	0.00668	0.00890	0.00963	0.01746	0.00992	0.11255	0.02047	0.75279	0.00445	0.00474	0.00230	0.00230
100	0.01098	0.00932	0.00999	0.00915	0.01162	0.01041	0.00710	0.02187	0.57161	0.01990	0.11184	0.02602	0.11927	0.00824	0.00540	0.00172	0.00365	0.02972	0.00512	0.00705
101	0.01281	0.00891	0.01072	0.00778	0.01216	0.00687	0.00627	0.01500	0.01125	0.16460	0.01108	0.01177	0.00845	0.00422	0.00400	0.00090	0.00385	0.00339	0.00362	0.69235
102	0.85801	0.00978	0.00743	0.00665	0.00978	0.01134	0.00548	0.01486	0.00861	0.02269	0.00704	0.00821	0.00548	0.00469	0.00313	0.00156	0.00391	0.00274	0.00313	0.00548
103	0.01037	0.00835	0.00979	0.00980	0.01181	0.00920	0.00808	0.01869	0.39720	0.01815	0.02367	0.03792	0.02226	0.01041	0.00606	0.00202	0.00433	0.38065	0.00490	0.00633
104	0.00616	0.00440	0.00587	0.00704	0.00733	0.00411	0.00469	0.00704	0.00968	0.01291	0.02787	0.81899	0.03344	0.01584	0.00645	0.00205	0.00293	0.01438	0.00469	0.00411
105	0.01258	0.01086	0.01143	0.01029	0.01315	0.01258	0.00800	0.02687	0.78161	0.02115	0.02058	0.01887	0.01544	0.00686	0.00515	0.00172	0.00400	0.00572	0.00515	0.00800
106	0.01889	0.02410	0.01433	0.01303	0.01563	0.80199	0.00977	0.02019	0.01433	0.01238	0.00782	0.00912	0.00651	0.00521	0.00456	0.00130	0.00912	0.00326	0.00261	0.00586
107	0.01194	0.01364	0.02984	0.02131	0.02643	0.01279	0.77238	0.01620	0.01194	0.01620	0.01023	0.01364	0.00767	0.00426	0.00597	0.00171	0.00853	0.00597	0.00256	0.00682
108	0.00598	0.00512	0.00512	0.00512	0.00683	0.00427	0.00384	0.00726	0.01153	0.01366	0.05123	0.04866	0.78869	0.01281	0.00598	0.00171	0.00256	0.01067	0.00470	0.00427
109	0.01048	0.00904	0.00943	0.00865	0.01114	0.00994	0.00668	0.02064	0.53681	0.01877	0.03032	0.02834	0.26124	0.00875	0.00541	0.00171	0.00354	0.00729	0.00500	0.00682
110	0.01272	0.01308	0.02678	0.02139	0.12806	0.01236	0.59099	0.03961	0.01233	0.05419	0.01063	0.01354	0.00798	0.00443	0.00571	0.00164	0.00777	0.00561	0.00282	0.02838
111	0.01244	0.01223	0.02178	0.02973	0.68777	0.01212	0.11749	0.01561	0.01157	0.01648	0.00961	0.01267	0.00796	0.00447	0.00514	0.00153	0.00635	0.00470	0.00251	0.00785
112	0.00735	0.00493	0.00565	0.00565	0.00569	0.00497	0.00323	0.00744	0.00739	0.00990	0.01581	0.03242	0.01809	0.78250	0.06513	0.00507	0.00534	0.00726	0.00305	0.00314
113	0.00846	0.00685	0.00823	0.05271	0.01114	0.00707	0.00693	0.01314	0.18276	0.01595	0.04936	0.06258	0.26303	0.01149	0.00612	0.00194	0.00388	0.27838	0.00466	0.00532
114	0.01014	0.02616	0.79609	0.01441	0.02189	0.01174	0.01868	0.01601	0.01068	0.01601	0.00907	0.01068	0.00641	0.00480	0.00480	0.00160	0.00747	0.00374	0.00214	0.00747
115	0.01049	0.00899	0.01049	0.00749	0.01198	0.00674	0.00599	0.01273	0.01049	0.01648	0.00899	0.01049	0.00749	0.00374	0.00374	0.00075	0.00374	0.00300	0.00300	0.85320
116	0.00955	0.00899	0.01517	0.81013	0.03483	0.01123	0.01404	0.01292	0.01011	0.01292	0.00899	0.01348	0.00674	0.00506	0.00506	0.00169	0.00674	0.00449	0.00225	0.00562
117	0.00630	0.00450	0.00599	0.00695	0.00736	0.00420	0.00470	0.00738	0.01031	0.01390	0.13029	0.71373	0.03537	0.01510	0.00639	0.00199	0.00286	0.01367	0.00481	0.00420
118	0.00855	0.00515	0.00681	0.00736	0.00833	0.00472	0.00531	0.00973	0.01064	0.11843	0.02842	0.58718	0.08557	0.01416	0.00628	0.00199	0.00324	0.07846	0.00490	0.00477
119	0.00605	0.00513	0.00522	0.00520	0.00687	0.00430	0.00390	0.00740	0.01170	0.01407	0.09656	0.04799	0.74311	0.01265	0.00598	0.00170	0.00255	0.01058	0.00475	0.00430
120	0.01041	0.00592	0.00763	0.00677	0.00863	0.00529	0.00523	0.01255	0.01397	0.18939	0.52008	0.03472	0.13981	0.00977	0.00577	0.00160	0.00283	0.00846	0.00560	0.00555
121	0.01394	0.01056	0.01147	0.01012	0.01312	0.01188	0.00793	0.02657	0.67825	0.12531	0.02050	0.01864	0.01504	0.00678	0.00514	0.00169	0.00404	0.00563	0.00530	0.00808
122	0.01424	0.71738	0.02486	0.00924	0.01334	0.12536	0.00880	0.01582	0.01082	0.01196	0.00714	0.00825	0.00649	0.00445	0.00342	0.00111	0.00591	0.00278	0.00222	0.00640
123	0.01049	0.00899	0.01049	0.00749	0.01198	0.00674	0.00599	0.01273	0.01049	0.01648	0.00899	0.01049	0.00749	0.00374	0.00374	0.00075	0.00374	0.00300	0.00300	0.85320
124	0.00963	0.01130	0.12038	0.70293	0.03308	0.01130	0.01467	0.01334	0.01019	0.01334	0.00900	0.01310	0.00670	0.00502	0.00502	0.00167	0.00684	0.00439	0.00223	0.00587
125	0.01206	0.11992	0.01291	0.00961	0.01247	0.01266	0.00771	0.02324	0.58712	0.01980	0.10935	0.01965	0.01804	0.00693	0.00499	0.00162	0.00400	0.00572	0.00479	0.00742
126	0.01352	0.82533	0.02650	0.00865	0.01298	0.02001	0.00865	0.01514	0.01027	0.01190	0.00703	0.00811	0.00649	0.00433	0.00324	0.00108	0.00541	0.00270	0.00216	0.00649
127	0.02190	0.00915	0.01194	0.00919	0.01304	0.00833	0.00758	0.11271	0.01546	0.68229	0.01893	0.01666	0.01207	0.00623	0.00504	0.00155	0.00440	0.00501	0.03003	0.00849
128	0.01169	0.01316	0.02831	0.10324	0.02730	0.01263	0.69362	0.01586	0.01175	0.01586	0.01010	0.01362	0.00758	0.00434	0.00587	0.00170	0.00834	0.00581	0.00253	0.00670
129	0.01986	0.01019	0.01248	0.00949	0.01353	0.00958	0.00781	0.22784	0.01641	0.46598	0.01613	0.01479	0.01067	0.00582	0.00487	0.00143	0.00456	0.00462	0.00543	0.13852
130	0.00678	0.00500	0.00634	0.00634	0.00741	0.00456	0.00463	0.00869	0.01293	0.01778	0.52354	0.20907	0.14444	0.01187	0.00607	0.00171	0.00253	0.01049	0.00526	0.00456
131	0.01259	0.01020	0.01657	0.16353	0.45901	0.01034	0.01279	0.01531	0.01166	0.12033	0.01575	0.01759	0.10054	0.00582	0.00514	0.00157	0.00550	0.00531	0.00322	0.00722
132	0.01014	0.02616	0.79609	0.01441	0.02189	0.01174	0.01868	0.01601	0.01068	0.01601	0.00907	0.01068	0.00641	0.00480	0.00480	0.00160	0.00747	0.00374	0.00214	0.00747
133	0.01760	0.01260	0.01345	0.01049	0.01406	0.01387	0.00861	0.64789	0.02160	0.02972	0.01286	0.01325	0.00932	0.00604	0.00481	0.00146	0.00503	0.00458	0.14481	0.00796
134	0.02055	0.01204	0.01386	0.01062	0.01462	0.01252	0.00878	0.48707	0.02021	0.32371	0.01513	0.01408	0.01010	0.00614	0.00507	0.00154	0.00508	0.00476	0.00552	0.00860
135	0.00754	0.00590	0.00908	0.11618	0.01251	0.00698	0.00736	0.00955	0.00839	0.01190	0.01293	0.01901	0.01185	0.03350	0.69484	0.00726	0.01263	0.00529	0.00265	0.00466
136	0.01931	0.00786	0.01065	0.00842	0.01174	0.00685	0.00685	0.02136	0.01444	0.62599	0.18694	0.02168	0.02017	0.00715	0.00528	0.00157	0.00389	0.00597	0.00611	0.00777
137	0.01910	0.02220	0.01432	0.01268	0.01552	0.67065	0.00965	0.11274	0.01549	0.04919	0.00888	0.00985	0.00703	0.00536	0.00464	0.00134	0.00847	0.00350	0.00307	0.00632
138	0.00632	0.00501	0.00568	0.00577	0.00710	0.00437	0.00423	0.00782	0.01195	0.01527	0.24097	0.17411	0.46818	0.01266	0.00605	0.00173	0.00258	0.01089	0.00492	0.00437
139	0.01034	0.00841	0.00971	0.00712	0.01116	0.00647	0.00566	0.01260	0.01050	0.01680	0.01000	0.01161	0.00823	0.00403	0.00372	0.00081	0.00356	0.00323	0.11716	0.73888
140	0.00716	0.00517	0.00676	0.00636	0.00755	0.00477	0.00477	0.00954	0.01431	0.02028	0.78808	0.03777	0.04771	0.01034	0.00596	0.00159	0.00239	0.00914	0.00557	0.00477
141	0.00598	0.00512	0.00512	0.00512	0.00683	0.00427	0.00384	0.00726	0.01153	0.01366	0.05123	0.04866	0.78869	0.01281	0.00598	0.00171	0.00256	0.01067	0.00470	0.00427
142	0.06290	0.00866	0.01153	0.00888	0.01276	0.00762	0.00734	0.02417	0.01419	0.75710	0.01933	0.01678	0.01218	0.00618	0.00499	0.00156	0.00428	0.00497	0.00611	0.00846
143	0.00632	0.00447	0.00582	0.00684	0.00709	0.00421	0.00447	0.00708	0.00937	0.01249	0.02626	0.71310	0.03142	0.12449	0.00905	0.00244	0.00320	0.01343	0.00447	0.00397
144	0.00943	0.00471	0.00471	0.00471	0.00589	0.00471	0.00353	0.01178	0.01060	0.01885	0.01650	0.01885	0.01296	0.00589	0.00353	0.00118	0.00236	0.00471	0.85036	0.00471
145	0.01339	0.71560	0.02447	0.00887	0.01300	0.01901	0.00857	0.01672	0.11420	0.01314	0.00886	0.00956	0.00769	0.00467	0.00350	0.00117	0.00522	0.00311	0.00256	0.00669
146	0.01596	0.01254	0.01334	0.01097	0.01444	0.01416	0.00882	0.40660	0.39638	0.02660	0.01629	0.01545	0.01196	0.00646	0.00510	0.00161	0.00480	0.00513	0.00510	0.00831
147	0.01352	0.82533	0.02650	0.00865	0.01298	0.02001	0.00865	0.01514	0.01027	0.01190	0.00703	0.00811	0.00649	0.00433	0.00324	0.00108	0.00541	0.00270	0.00216	0.00649
148	0.01922	0.01416	0.01518	0.01163	0.01568	0.01568	0.00961	0.77388	0.02378	0.03187	0.01214	0.01214	0.00860	0.00607	0.00506	0.00152	0.00556	0.00455	0.00506	0.00860
149	0.01049	0.00899	0.01049	0.00749	0.01198	0.00674	0.00599	0.01273	0.01049	0.01648	0.00899	0.01049	0.00749	0.00374	0.00374	0.00075	0.00374	0.00300	0.00300	0.85320
150	0.00616	0.00440	0.00587	0.00704	0.00733	0.00411	0.00469	0.00704	0.00968	0.01291	0.02787	0.81899	0.03344	0.01584	0.00645	0.00205	0.00293	0.01438	0.00469	0.00411
151	0.01174	0.11012	0.37102	0.01631	0.02224	0.06167	0.30365	0.01624	0.01134	0.01540	0.00921	0.01142	0.00690	0.00457	0.00506	0.00156	0.00774	0.00444	0.00233	0.00702
152	0.00887	0.00778	0.01103	0.01009	0.01053	0.01010	0.00805	0.01022	0.00790	0.01175	0.01081	0.01728	0.01059	0.09487	0.39894	0.00532	0.35335	0.00517	0.00253	0.00482
153	0.00716	0.00517	0.00676	0.00636	0.00755	0.00477	0.00477	0.00954	0.01431	0.02028	0.78808	0.03777	0.04771	0.01034	0.00596	0.00159	0.00239	0.00914	0.00557	0.00477
154	0.01352	0.82533	0.02650	0.00865	0.01298	0.02001	0.00865	0.01514	0.01027	0.01190	0.00703	0.00811	0.00649	0.00433	0.00324	0.00108	0.00541	0.00270	0.00216	0.00649
155	0.00638	0.00514	0.00568	0.00555	0.00708	0.00444	0.00416	0.00804	0.01248	0.01593	0.30391	0.04493	0.53460	0.01196	0.00597	0.00167	0.00250	0.01015	0.00499	0.00444
156	0.02125	0.00818	0.01098	0.00853	0.01215	0.00714	0.00701	0.02325	0.01405	0.71043	0.01958	0.01739	0.01257	0.00622	0.00492	0.00152	0.00409	0.00504	0.09751	0.00818
157	0.00598	0.00512	0.00512	0.00512	0.00683	0.00427	0.00384	0.00726	0.01153	0.01366	0.05123	0.04866	0.78869	0.01281	0.00598	0.00171	0.00256	0.01067	0.00470	0.00427
158	0.01049	0.00899	0.01049	0.00749	0.01198	0.00674	0.00599	0.01273	0.01049	0.01648	0.00899	0.01049	0.00749	0.00374	0.00374	0.00075	0.00374	0.00300	0.00300	0.85320
159	0.00943	0.00471	0.00471	0.00471	0.00589	0.00471	0.00353	0.01178	0.01060	0.01885	0.01650	0.01885	0.01296	0.00589	0.00353	0.00118	0.00236	0.00471	0.85036	0.00471
160	0.01889	0.02410	0.01433	0.01303	0.01563	0.80199	0.00977	0.02019	0.01433	0.01238	0.00782	0.00912	0.00651	0.00521	0.00456	0.00130	0.00912	0.00326	0.00261	0.00586
161	0.01889	0.02410	0.01433	0.01303	0.01563	0.80199	0.00977	0.02019	0.01433	0.01238	0.00782	0.00912	0.00651	0.00521	0.00456	0.00130	0.00912	0.00326	0.00261	0.00586
162	0.01212	0.01161	0.01980	0.13601	0.68890	0.01191	0.01532	0.01517	0.01133	0.01604	0.00944	0.01265	0.00784	0.00458	0.00501	0.00153	0.00611	0.00450	0.00247	0.00769
163	0.85801	0.00978	0.00743	0.00665	0.00978	0.01134	0.00548	0.01486	0.00861	0.02269	0.00704	0.00821	0.00548	0.00469	0.00313	0.00156	0.00391	0.00274	0.00313	0.00548
164	0.01328	0.01080	0.01788	0.02563	0.60466	0.01062	0.01339	0.01595	0.01177	0.12098	0.01280	0.07777	0.01115	0.00587	0.00518	0.00157	0.00550	0.02425	0.00324	0.00770
165	0.01067	0.04136	0.60684	0.01668	0.09025	0.01210	0.11972	0.01598	0.01091	0.01599	0.00922	0.01118	0.00672	0.00469	0.00494	0.00159	0.00744	0.00408	0.00223	0.00741
166	0.01969	0.01342	0.01471	0.01128	0.01531	0.01457	0.00932	0.67294	0.02252	0.13458	0.01319	0.01282	0.00913	0.00610	0.00506	0.00152	0.00539	0.00462	0.00522	0.00860
167	0.00600	0.00503	0.00522	0.00538	0.00690	0.00425	0.00396	0.00723	0.01128	0.01356	0.04808	0.15245	0.68694	0.01322	0.00604	0.00175	0.00261	0.01117	0.00470	0.00425
168	0.13523	0.00876	0.01116	0.00868	0.01249	0.00796	0.00717	0.02333	0.01368	0.69029	0.01821	0.01600	0.01157	0.00605	0.00482	0.00156	0.00425	0.00477	0.00584	0.00818
169	0.00616	0.00440	0.00587	0.00704	0.00733	0.00411	0.00469	0.00704	0.00968	0.01291	0.02787	0.81899	0.03344	0.01584	0.00645	0.00205	0.00293	0.01438	0.00469	0.00411
170	0.00810	0.00580	0.00808	0.00922	0.01039	0.00579	0.00805	0.01040	0.01164	0.01510	0.02733	0.05685	0.04634	0.01394	0.00696	0.00231	0.00461	0.73978	0.00466	0.00465
171	0.00724	0.00534	0.00772	0.00772	0.00848	0.00610	0.00581	0.00877	0.00801	0.01143	0.01392	0.02195	0.01355	0.16140	0.68001	0.00762	0.01218	0.00572	0.00276	0.00429
172	0.00860	0.00451	0.00677	0.00677	0.00688	0.00462	0.00462	0.00688	0.00677	0.00913	0.00935	0.01590	0.00924	0.01997	0.11212	0.75317	0.00547	0.00451	0.00226	0.00247
173	0.00616	0.00440	0.00587	0.00704	0.00733	0.00411	0.00469	0.00704	0.00968	0.01291	0.02787	0.81899	0.03344	0.01584	0.00645	0.00205	0.00293	0.01438	0.00469	0.00411
174	0.00616	0.00440	0.00587	0.00704	0.00733	0.00411	0.00469	0.00704	0.00968	0.01291	0.02787	0.81899	0.03344	0.01584	0.00645	0.00205	0.00293	0.01438	0.00469	0.00411
175	0.02269	0.00861	0.01174	0.00900	0.01291	0.00743	0.00743	0.02464	0.01447	0.79425	0.01995	0.01721	0.01252	0.00626	0.00509	0.00156	0.00430	0.00509	0.00626	0.00861
176	0.01031	0.01047	0.01983	0.55938	0.03216	0.01173	0.25511	0.01396	0.01069	0.01396	0.00938	0.01353	0.00704	0.00480	0.00535	0.00169	0.00731	0.00496	0.00235	0.00600
177	0.01014	0.02616	0.79609	0.01441	0.02189	0.01174	0.01868	0.01601	0.01068	0.01601	0.00907	0.01068	0.00641	0.00480	0.00480	0.00160	0.00747	0.00374	0.00214	0.00747
178	0.00716	0.00517	0.00676	0.00636	0.00755	0.00477	0.00477	0.00954	0.01431	0.02028	0.78808	0.03777	0.04771	0.01034	0.00596	0.00159	0.00239	0.00914	0.00557	0.00477
179	0.00812	0.00734	0.00812	0.11595	0.01202	0.09924	0.00655	0.00939	0.01029	0.01285	0.02296	0.61487	0.02667	0.01313	0.00604	0.00192	0.00418	0.01173	0.00412	0.00452
180	0.00724	0.00536	0.00782	0.00782	0.00861	0.00615	0.00594	0.00883	0.00804	0.01151	0.01383	0.02143	0.01332	0.13051	0.71059	0.00775	0.01252	0.00565	0.00275	0.00434
181	0.00616	0.00440	0.00587	0.00704	0.00733	0.00411	0.00469	0.00704	0.00968	0.01291	0.02787	0.81899	0.03344	0.01584	0.00645	0.00205	0.00293	0.01438	0.00469	0.00411
182	0.01096	0.01043	0.01772	0.43880	0.39511	0.01161	0.01475	0.01416	0.01078	0.01464	0.00924	0.01302	0.00735	0.00479	0.00503	0.00160	0.00639	0.00450	0.00237	0.00676
183	0.71665	0.07594	0.00956	0.00737	0.01055	0.08192	0.00611	0.01536	0.00924	0.02092	0.00711	0.00829	0.00565	0.00471	0.00326	0.00150	0.00449	0.00278	0.00301	0.00559
184	0.01095	0.01369	0.18187	0.01531	0.10856	0.01076	0.17669	0.05779	0.15141	0.01775	0.06766	0.12438	0.02612	0.00707	0.00547	0.00169	0.00577	0.00661	0.00359	0.00687
185	0.00686	0.00538	0.00630	0.00685	0.00787	0.00516	0.00483	0.00945	0.10135	0.01411	0.03400	0.49409	0.25727	0.01387	0.00616	0.00191	0.00295	0.01225	0.00475	0.00462

[dist]
# distance from previous block
# <min> <max>
0	4

[block]
# block no. 1 follows, 49 sequences, length 23
# corresponding to MSA columns:
# 328-350
name=unknown_B
#
# <colnr> <probs for GDERKNQSTAVLIFYWHMCP>
#	G	D	E	R	K	N	Q	S	T	A	V	L	I	F	Y	W	H	M	C	P
0	0.01027	0.13934	0.22342	0.01417	0.09580	0.01109	0.13806	0.01369	0.01136	0.01551	0.09176	0.06685	0.04926	0.00717	0.00528	0.00164	0.00588	0.08995	0.00313	0.00635
1	0.01375	0.00956	0.01317	0.01208	0.13294	0.00798	0.04089	0.01613	0.01165	0.20064	0.01172	0.01253	0.00877	0.00448	0.00435	0.00110	0.00443	0.00385	0.00367	0.48631
2	0.00878	0.00439	0.00659	0.00659	0.00659	0.00439	0.00439	0.00659	0.00659	0.00878	0.00878	0.01537	0.00878	0.01757	0.01976	0.85288	0.00439	0.00439	0.00220	0.00220
3	0.01370	0.52531	0.15217	0.01156	0.06086	0.11958	0.01089	0.03017	0.01119	0.01329	0.00771	0.00900	0.00661	0.00456	0.00381	0.00123	0.00627	0.00309	0.00229	0.00670
4	0.00708	0.00517	0.00665	0.00628	0.00751	0.00474	0.00471	0.00939	0.01413	0.01983	0.73819	0.03851	0.09788	0.01050	0.00596	0.00160	0.00240	0.00925	0.00551	0.00474
5	0.00775	0.00563	0.00763	0.00867	0.00982	0.00551	0.00739	0.00984	0.01146	0.01479	0.02951	0.12031	0.11160	0.01400	0.00683	0.00224	0.00428	0.61351	0.00466	0.00457
6	0.00775	0.00585	0.00742	0.00656	0.00834	0.00512	0.00499	0.01011	0.01363	0.01960	0.64985	0.03293	0.04058	0.00917	0.00557	0.00144	0.00263	0.00805	0.00511	0.15530
7	0.01352	0.82533	0.02650	0.00865	0.01298	0.02001	0.00865	0.01514	0.01027	0.01190	0.00703	0.00811	0.00649	0.00433	0.00324	0.00108	0.00541	0.00270	0.00216	0.00649
8	0.00879	0.00667	0.00812	0.00830	0.00961	0.00699	0.00651	0.01345	0.19172	0.01628	0.14087	0.08016	0.02709	0.15525	0.00970	0.00251	0.00411	0.29410	0.00463	0.00515
9	0.00735	0.00490	0.00552	0.00552	0.00552	0.00490	0.00306	0.00735	0.00735	0.00980	0.01593	0.03309	0.01838	0.82229	0.02574	0.00490	0.00490	0.00735	0.00306	0.00306
10	0.00707	0.00489	0.00611	0.00673	0.00705	0.00478	0.00455	0.00780	0.00895	0.01186	0.02213	0.31836	0.02567	0.39050	0.01552	0.00343	0.00415	0.14282	0.00393	0.00372
11	0.00919	0.00558	0.00817	0.00777	0.00777	0.00636	0.00558	0.00758	0.00679	0.00938	0.00840	0.01461	0.00840	0.01602	0.01920	0.70195	0.14786	0.00440	0.00220	0.00279
12	0.00955	0.00899	0.01517	0.81013	0.03483	0.01123	0.01404	0.01292	0.01011	0.01292	0.00899	0.01348	0.00674	0.00506	0.00506	0.00169	0.00674	0.00449	0.00225	0.00562
13	0.01221	0.67968	0.02284	0.00837	0.01198	0.01719	0.00795	0.01370	0.01017	0.01208	0.01073	0.15198	0.01127	0.00637	0.00381	0.00125	0.00497	0.00477	0.00261	0.00607
14	0.01216	0.00928	0.01079	0.00815	0.01229	0.00785	0.00650	0.01652	0.14773	0.10061	0.01222	0.01269	0.00944	0.00457	0.00414	0.00101	0.00385	0.00370	0.00373	0.61279
15	0.01169	0.02579	0.65739	0.01417	0.02078	0.15195	0.01710	0.01676	0.01132	0.01537	0.00885	0.01040	0.00642	0.00488	0.00476	0.00155	0.00777	0.00365	0.00222	0.00719
16	0.01164	0.16167	0.27527	0.01685	0.02258	0.01373	0.39489	0.01595	0.01124	0.01538	0.00929	0.01171	0.00706	0.00445	0.00511	0.00156	0.00763	0.00467	0.00235	0.00697
17	0.00830	0.15055	0.00982	0.00685	0.00790	0.00775	0.00505	0.00914	0.00861	0.01123	0.01690	0.11502	0.03892	0.39858	0.13776	0.00417	0.00603	0.05013	0.00317	0.00414
18	0.01032	0.09047	0.59267	0.15510	0.02343	0.01235	0.01701	0.01539	0.01054	0.01512	0.00889	0.01096	0.00647	0.00481	0.00472	0.00157	0.00717	0.00378	0.00216	0.00706
19	0.01052	0.01001	0.01342	0.07849	0.22011	0.09546	0.05758	0.04600	0.01155	0.01494	0.01746	0.33980	0.01875	0.00959	0.00568	0.00176	0.00526	0.03421	0.00357	0.00584
20	0.01331	0.01297	0.01925	0.08336	0.61765	0.07880	0.01452	0.06877	0.01251	0.01699	0.00952	0.01227	0.00784	0.00471	0.00498	0.00150	0.00629	0.00440	0.00267	0.00770
21	0.01616	0.17955	0.12916	0.01107	0.01503	0.27856	0.01002	0.08178	0.01331	0.12221	0.01026	0.01154	0.00802	0.03730	0.00523	0.00147	0.00670	0.00372	0.00320	0.05571
22	0.01117	0.15526	0.12780	0.08118	0.09114	0.01029	0.00975	0.03226	0.02954	0.09668	0.01821	0.23008	0.06946	0.00845	0.00514	0.00163	0.00488	0.00723	0.00363	0.00623

[dist]
# distance from previous block
# <min> <max>
21	111

# created by:
# /home/cegg/simao/soft/augustus-3.2.1/scripts/msa2prfl.pl ./align_prep/18706.fa
