[name]
unknown

[dist]
# distance from previous block
# <min> <max>
1	260

[block]
# block no. 0 follows, 43 sequences, length 109
# corresponding to MSA columns:
# 260-368
name=unknown_A
#
# <colnr> <probs for GDERKNQSTAVLIFYWHMCP>
#	G	D	E	R	K	N	Q	S	T	A	V	L	I	F	Y	W	H	M	C	P
0	0.01709	0.19469	0.02400	0.01581	0.02013	0.27738	0.23855	0.11492	0.01525	0.01752	0.00980	0.01170	0.00782	0.00530	0.00522	0.00154	0.00838	0.00453	0.00308	0.00729
1	0.01280	0.01189	0.01972	0.02374	0.40835	0.01151	0.11439	0.05955	0.01388	0.01975	0.14106	0.01837	0.01618	0.00601	0.00566	0.00160	0.00597	0.00585	0.00355	0.10017
2	0.01446	0.06670	0.27296	0.01238	0.01714	0.14471	0.01252	0.13139	0.01524	0.06233	0.09226	0.05775	0.06184	0.00740	0.00548	0.00168	0.00668	0.00583	0.00389	0.00737
3	0.01254	0.02056	0.37845	0.01739	0.02303	0.01376	0.22497	0.01723	0.01165	0.05408	0.01036	0.01305	0.00779	0.00605	0.00819	0.00192	0.16365	0.00501	0.00271	0.00762
4	0.01307	0.01494	0.03268	0.02334	0.02894	0.01401	0.75070	0.01774	0.01307	0.01774	0.01120	0.01494	0.00840	0.00467	0.00654	0.00187	0.00934	0.00654	0.00280	0.00747
5	0.01951	0.02347	0.01692	0.01757	0.14690	0.60481	0.01177	0.06485	0.01578	0.01561	0.00916	0.01083	0.00755	0.00563	0.00511	0.00148	0.00917	0.00389	0.00299	0.00700
6	0.01241	0.05926	0.31461	0.01979	0.02633	0.01396	0.43727	0.01761	0.01246	0.01743	0.01055	0.01341	0.00781	0.00490	0.00591	0.00179	0.00873	0.00543	0.00260	0.00772
7	0.02485	0.00943	0.01285	0.00985	0.01414	0.00814	0.00814	0.02699	0.01585	0.77465	0.02185	0.01885	0.01371	0.00685	0.00557	0.00171	0.00471	0.00557	0.00685	0.00943
8	0.01212	0.01212	0.01696	0.01454	0.01454	0.01696	0.01212	0.01333	0.00848	0.01333	0.00727	0.01212	0.00727	0.00969	0.01818	0.00242	0.79523	0.00485	0.00242	0.00606
9	0.01317	0.01798	0.23328	0.05591	0.12443	0.05934	0.11056	0.02164	0.26662	0.01915	0.01436	0.01549	0.01082	0.00594	0.00558	0.00178	0.00689	0.00527	0.00361	0.00816
10	0.00740	0.00564	0.00679	0.00651	0.00800	0.00504	0.00488	0.00960	0.01464	0.01975	0.52615	0.04542	0.29553	0.01224	0.00654	0.00179	0.00268	0.01058	0.00577	0.00504
11	0.00675	0.00482	0.00643	0.00771	0.00803	0.00450	0.00514	0.00771	0.01060	0.01414	0.03053	0.80175	0.03663	0.01735	0.00707	0.00225	0.00321	0.01574	0.00514	0.00450
12	0.00742	0.00530	0.00720	0.00848	0.00909	0.00508	0.00631	0.00887	0.01127	0.01489	0.03015	0.57383	0.03516	0.01672	0.00725	0.00234	0.00379	0.23704	0.00513	0.00468
13	0.01158	0.01015	0.01275	0.00911	0.01407	0.00778	0.05101	0.01417	0.01158	0.01803	0.00993	0.01169	0.00822	0.00414	0.00425	0.00088	0.00441	0.00348	0.00325	0.78954
14	0.00674	0.00487	0.00638	0.00759	0.00800	0.00451	0.00509	0.00773	0.01072	0.01419	0.03205	0.75705	0.08034	0.01715	0.00704	0.00223	0.00319	0.01550	0.00514	0.00451
15	0.01115	0.00677	0.00854	0.00802	0.00985	0.00641	0.00602	0.01453	0.09108	0.15517	0.32437	0.22502	0.08726	0.01181	0.00640	0.00189	0.00334	0.01037	0.00588	0.00613
16	0.01584	0.01485	0.01440	0.25210	0.02178	0.21518	0.01092	0.20527	0.01622	0.02043	0.01181	0.01414	0.00901	0.00602	0.00511	0.00159	0.00691	0.00462	0.14689	0.00689
17	0.01888	0.26758	0.01980	0.01279	0.01623	0.54845	0.01032	0.02041	0.01433	0.01339	0.00830	0.00965	0.00713	0.00541	0.00455	0.00135	0.00873	0.00338	0.00270	0.00663
18	0.00852	0.00652	0.00821	0.00739	0.00939	0.00562	0.00553	0.01082	0.01380	0.01982	0.45929	0.16513	0.03901	0.01063	0.00604	0.00161	0.00307	0.00939	0.00526	0.20495
19	0.32066	0.01160	0.01599	0.01257	0.01658	0.01200	0.19220	0.06982	0.05776	0.15794	0.01403	0.01729	0.01083	0.00635	0.00518	0.00182	0.00581	0.05995	0.00429	0.00731
20	0.01675	0.01866	0.01597	0.01878	0.24765	0.41180	0.01147	0.01895	0.01404	0.01618	0.01077	0.01297	0.00885	0.00560	0.00495	0.00147	0.00766	0.00426	0.14629	0.00693
21	0.00727	0.00548	0.00673	0.00676	0.00801	0.00493	0.00494	0.00923	0.01383	0.01864	0.42815	0.19848	0.24078	0.01327	0.00664	0.00188	0.00279	0.01162	0.00565	0.00493
22	0.01554	0.01232	0.01364	0.01033	0.01487	0.01195	0.00837	0.31042	0.09457	0.02531	0.01253	0.01315	0.00959	0.00547	0.00483	0.00127	0.00493	0.00427	0.00443	0.42220
23	0.01095	0.01041	0.01827	0.16026	0.27610	0.01055	0.13934	0.01399	0.01232	0.01681	0.07873	0.15309	0.05883	0.00815	0.00609	0.00184	0.00609	0.00784	0.00352	0.00683
24	0.00675	0.00482	0.00643	0.00771	0.00803	0.00450	0.00514	0.00771	0.01060	0.01414	0.03053	0.80175	0.03663	0.01735	0.00707	0.00225	0.00321	0.01574	0.00514	0.00450
25	0.01243	0.01275	0.02459	0.15361	0.28086	0.01285	0.31804	0.01625	0.01224	0.01686	0.01101	0.01505	0.00881	0.00794	0.06993	0.00237	0.00853	0.00567	0.00274	0.00749
26	0.01762	0.14952	0.07969	0.01211	0.01603	0.27395	0.05414	0.01993	0.01428	0.18321	0.05979	0.01716	0.06589	0.00663	0.00520	0.00155	0.00701	0.00509	0.00397	0.00721
27	0.00671	0.00544	0.00595	0.00620	0.00767	0.00469	0.00451	0.00812	0.01245	0.01543	0.11448	0.21798	0.54202	0.01452	0.00666	0.00194	0.00288	0.01244	0.00523	0.00469
28	0.00682	0.00487	0.00651	0.00779	0.00815	0.00456	0.00526	0.00783	0.01067	0.01422	0.03049	0.77761	0.03647	0.01728	0.00709	0.00226	0.00327	0.03919	0.00514	0.00452
29	0.30322	0.00986	0.01125	0.00898	0.01297	0.00960	0.00741	0.02335	0.01367	0.52000	0.01705	0.01550	0.01109	0.00627	0.00484	0.00171	0.00457	0.00470	0.00569	0.00826
30	0.01699	0.01771	0.02155	0.05731	0.11988	0.23039	0.22118	0.18510	0.03920	0.02048	0.01111	0.01318	0.00853	0.00557	0.00566	0.00167	0.00818	0.00506	0.00350	0.00776
31	0.01858	0.01428	0.01523	0.01224	0.01623	0.01602	0.00993	0.50683	0.27558	0.03092	0.01644	0.01580	0.01196	0.00694	0.00557	0.00174	0.00551	0.00542	0.00557	0.00920
32	0.01880	0.01693	0.01486	0.01253	0.01611	0.21968	0.00988	0.28708	0.26040	0.06307	0.01546	0.01508	0.01145	0.00669	0.00543	0.00167	0.00651	0.00505	0.00492	0.00841
33	0.01778	0.02155	0.01613	0.01436	0.01624	0.52292	0.01118	0.01913	0.01325	0.01348	0.00812	0.01071	0.00718	0.00706	0.00947	0.00177	0.27667	0.00400	0.00271	0.00630
34	0.00795	0.00598	0.00765	0.00760	0.00905	0.00526	0.00548	0.00973	0.01243	0.01746	0.26481	0.40780	0.03670	0.01309	0.00639	0.00184	0.00320	0.02398	0.00513	0.14847
35	0.01258	0.01349	0.02464	0.01884	0.02157	0.01552	0.37269	0.01548	0.01072	0.01548	0.00919	0.01349	0.00782	0.00724	0.01249	0.00215	0.41156	0.00567	0.00261	0.00675
36	0.02098	0.01044	0.01285	0.01042	0.01432	0.01032	0.00842	0.04904	0.26915	0.49779	0.02183	0.01930	0.01467	0.00707	0.00559	0.00177	0.00464	0.00579	0.00640	0.00920
37	0.00675	0.00482	0.00643	0.00771	0.00803	0.00450	0.00514	0.00771	0.01060	0.01414	0.03053	0.80175	0.03663	0.01735	0.00707	0.00225	0.00321	0.01574	0.00514	0.00450
38	0.00712	0.00541	0.00664	0.00738	0.00845	0.00493	0.00548	0.00860	0.01196	0.01532	0.08304	0.37486	0.28533	0.01551	0.00696	0.00214	0.00336	0.13761	0.00519	0.00471
39	0.00805	0.00537	0.00604	0.00604	0.00604	0.00537	0.00336	0.00805	0.00805	0.01074	0.01745	0.03624	0.02013	0.80536	0.02819	0.00537	0.00537	0.00805	0.00336	0.00336
40	0.02109	0.01026	0.01274	0.01033	0.01423	0.01005	0.00835	0.02782	0.26886	0.51943	0.02208	0.01947	0.01480	0.00708	0.00559	0.00177	0.00460	0.00580	0.00644	0.00920
41	0.01890	0.01223	0.01377	0.01129	0.01511	0.01317	0.00909	0.23287	0.34665	0.23498	0.01974	0.01808	0.01391	0.00709	0.00559	0.00177	0.00496	0.00571	0.00595	0.00913
42	0.02048	0.01380	0.01524	0.01197	0.01615	0.01496	0.00979	0.49738	0.15072	0.16596	0.01643	0.01556	0.01148	0.00683	0.00556	0.00171	0.00555	0.00531	0.00579	0.00931
43	0.78788	0.01062	0.00847	0.00746	0.01095	0.01213	0.00615	0.01702	0.00987	0.07663	0.00869	0.00968	0.00653	0.00526	0.00358	0.00171	0.00431	0.00318	0.00366	0.00623
44	0.00674	0.00487	0.00638	0.00759	0.00800	0.00451	0.00509	0.00773	0.01072	0.01419	0.03205	0.75705	0.08034	0.01715	0.00704	0.00223	0.00319	0.01550	0.00514	0.00451
45	0.01081	0.00819	0.00958	0.00899	0.01083	0.00857	0.00675	0.14067	0.14979	0.02183	0.25345	0.29105	0.03321	0.01188	0.00638	0.00193	0.00373	0.01042	0.00559	0.00634
46	0.01520	0.01597	0.02190	0.01991	0.15023	0.15236	0.26261	0.06518	0.20011	0.01942	0.01354	0.01516	0.01041	0.00573	0.00579	0.00174	0.00755	0.00557	0.00367	0.00794
47	0.00773	0.00512	0.00683	0.00775	0.00835	0.00474	0.00530	0.00890	0.01130	0.05231	0.09352	0.69776	0.03684	0.01632	0.00695	0.00218	0.00324	0.01475	0.00531	0.00480
48	0.00737	0.00548	0.00585	0.00585	0.00669	0.00506	0.00374	0.00801	0.01011	0.01264	0.03487	0.04393	0.35737	0.44880	0.01844	0.00379	0.00421	0.00969	0.00416	0.00395
49	0.01378	0.01190	0.01252	0.01127	0.01440	0.01378	0.00877	0.02943	0.76081	0.02317	0.02254	0.02066	0.01691	0.00751	0.00564	0.00188	0.00438	0.00626	0.00564	0.00877
50	0.01950	0.02214	0.01707	0.01755	0.15272	0.51273	0.01180	0.14693	0.01692	0.01805	0.00971	0.01123	0.00782	0.00573	0.00518	0.00151	0.00870	0.00406	0.00330	0.00736
51	0.01236	0.01752	0.27277	0.01318	0.01660	0.05941	0.01323	0.06586	0.01153	0.01685	0.01061	0.01453	0.00900	0.05585	0.03336	0.00233	0.27480	0.00478	0.08868	0.00675
52	0.00962	0.00481	0.00722	0.00722	0.00722	0.00481	0.00481	0.00722	0.00722	0.00962	0.00962	0.01684	0.00962	0.01924	0.02165	0.83886	0.00481	0.00481	0.00241	0.00241
53	0.02200	0.01750	0.01525	0.01245	0.01630	0.27477	0.00991	0.30038	0.01966	0.23566	0.01409	0.01373	0.00985	0.00639	0.00536	0.00160	0.00703	0.00467	0.00500	0.00840
54	0.01358	0.01405	0.02668	0.02546	0.27872	0.01420	0.38308	0.05320	0.01305	0.01822	0.01060	0.01413	0.00845	0.00541	0.00742	0.00184	0.09545	0.00573	0.00287	0.00785
55	0.00679	0.00562	0.00595	0.00587	0.00763	0.00478	0.00440	0.00842	0.01320	0.01633	0.19069	0.05104	0.63313	0.01351	0.00654	0.00185	0.00277	0.01137	0.00532	0.00478
56	0.01324	0.07601	0.21546	0.01109	0.01664	0.01152	0.01110	0.09520	0.07485	0.04248	0.01148	0.01251	0.00882	0.00509	0.00469	0.00130	0.00557	0.00397	0.00350	0.37550
57	0.01430	0.40879	0.10950	0.01500	0.02024	0.07659	0.25009	0.01748	0.01223	0.01508	0.00914	0.01123	0.00752	0.00485	0.00481	0.00148	0.00758	0.00428	0.00254	0.00729
58	0.01682	0.01779	0.01879	0.01681	0.09756	0.32508	0.16855	0.04317	0.01470	0.07611	0.05652	0.03409	0.01169	0.00603	0.00551	0.00157	0.00788	0.00522	0.00352	0.07262
59	0.01232	0.01771	0.27762	0.01606	0.02114	0.01249	0.22913	0.11673	0.01371	0.01916	0.01434	0.15501	0.01309	0.00768	0.00665	0.00190	0.04739	0.00706	0.00342	0.00737
60	0.01371	0.01316	0.02248	0.03399	0.77081	0.01316	0.01700	0.01700	0.01261	0.01809	0.01042	0.01371	0.00877	0.00493	0.00548	0.00164	0.00658	0.00493	0.00274	0.00877
61	0.01281	0.20339	0.23250	0.01657	0.12750	0.05519	0.10994	0.01719	0.05049	0.01674	0.05035	0.01608	0.05596	0.00598	0.00521	0.00162	0.00688	0.00510	0.00301	0.00750
62	0.01159	0.13053	0.67901	0.01496	0.02270	0.01404	0.01903	0.01741	0.01164	0.01695	0.00965	0.01133	0.00703	0.00519	0.00504	0.00168	0.00789	0.00394	0.00234	0.00804
63	0.00988	0.00790	0.00921	0.00944	0.01103	0.00852	0.00704	0.01706	0.31977	0.01812	0.02711	0.40072	0.02800	0.01308	0.00654	0.00213	0.00390	0.08890	0.00534	0.00632
64	0.01212	0.01154	0.01961	0.40408	0.41313	0.01274	0.01621	0.01561	0.01186	0.01617	0.01014	0.01422	0.00809	0.00523	0.00551	0.00174	0.00697	0.00493	0.00260	0.00749
65	0.01214	0.04071	0.49253	0.01507	0.02120	0.03683	0.05306	0.01929	0.14053	0.01787	0.01181	0.01333	0.00882	0.00607	0.00664	0.00183	0.08675	0.00462	0.00295	0.00796
66	0.00805	0.00537	0.00604	0.00604	0.00604	0.00537	0.00336	0.00805	0.00805	0.01074	0.01745	0.03624	0.02013	0.80536	0.02819	0.00537	0.00537	0.00805	0.00336	0.00336
67	0.00735	0.00531	0.00695	0.00725	0.00815	0.00491	0.00517	0.00924	0.01347	0.01865	0.44181	0.36157	0.06162	0.01392	0.00676	0.00196	0.00287	0.01246	0.00567	0.00491
68	0.00670	0.00500	0.00624	0.00724	0.00791	0.00454	0.00493	0.00777	0.01106	0.01432	0.03631	0.63257	0.20207	0.01660	0.00695	0.00216	0.00312	0.01483	0.00514	0.00454
69	0.02065	0.02262	0.01592	0.01372	0.01708	0.52292	0.01060	0.25403	0.03556	0.02054	0.01037	0.01128	0.00808	0.00605	0.00518	0.00151	0.00863	0.00408	0.00377	0.00742
70	0.00791	0.00593	0.00890	0.00890	0.00989	0.00692	0.00692	0.00989	0.00890	0.01286	0.01483	0.02176	0.01385	0.04154	0.78341	0.00890	0.01483	0.00593	0.00297	0.00494
71	0.00674	0.00487	0.00638	0.00759	0.00800	0.00451	0.00509	0.00773	0.01072	0.01419	0.03206	0.75679	0.08060	0.01715	0.00704	0.00223	0.00319	0.01550	0.00514	0.00451
72	0.00791	0.00593	0.00890	0.00890	0.00989	0.00692	0.00692	0.00989	0.00890	0.01286	0.01483	0.02176	0.01385	0.04154	0.78341	0.00890	0.01483	0.00593	0.00297	0.00494
73	0.01749	0.02075	0.01963	0.01903	0.14877	0.44297	0.14474	0.02110	0.08173	0.01595	0.01061	0.01248	0.00852	0.00555	0.00541	0.00158	0.00878	0.00458	0.00308	0.00723
74	0.01162	0.01028	0.01665	0.36079	0.28036	0.01159	0.01379	0.01486	0.01156	0.01657	0.01133	0.01529	0.00902	0.00569	0.00585	0.00171	0.04511	0.00496	0.14609	0.00687
75	0.84448	0.01071	0.00814	0.00728	0.01071	0.01242	0.00600	0.01628	0.00943	0.02485	0.00771	0.00900	0.00600	0.00514	0.00343	0.00171	0.00428	0.00300	0.00343	0.00600
76	0.01091	0.00842	0.01019	0.00792	0.01158	0.00671	0.00625	0.01341	0.01307	0.05615	0.25525	0.02235	0.02308	0.00676	0.00502	0.00119	0.00367	0.01805	0.00439	0.51563
77	0.01308	0.43399	0.34994	0.01244	0.01843	0.01778	0.01433	0.01683	0.01131	0.01498	0.00864	0.01025	0.00708	0.00521	0.00501	0.00149	0.04580	0.00354	0.00236	0.00752
78	0.00777	0.00565	0.00755	0.00870	0.00963	0.00542	0.00687	0.00954	0.01183	0.01539	0.03248	0.37242	0.10683	0.01604	0.00730	0.00236	0.00408	0.36023	0.00512	0.00480
79	0.00675	0.00482	0.00643	0.00771	0.00803	0.00450	0.00514	0.00771	0.01060	0.01414	0.03053	0.80175	0.03663	0.01735	0.00707	0.00225	0.00321	0.01574	0.00514	0.00450
80	0.01547	0.01738	0.01844	0.15398	0.23027	0.29840	0.03570	0.01787	0.01288	0.01501	0.00918	0.01231	0.00769	0.00603	0.00724	0.00172	0.12625	0.00446	0.00269	0.00701
81	0.01177	0.00972	0.00920	0.00887	0.01058	0.10882	0.00657	0.09035	0.10229	0.01941	0.08279	0.28548	0.02385	0.01060	0.00570	0.00178	0.00434	0.00906	0.19284	0.00597
82	0.02356	0.01149	0.01413	0.01083	0.01517	0.01121	0.00895	0.27334	0.01931	0.52342	0.01894	0.01696	0.01225	0.00678	0.00556	0.00170	0.00518	0.00537	0.00641	0.00942
83	0.01397	0.01139	0.01280	0.00959	0.01421	0.01035	0.00772	0.18875	0.09365	0.02254	0.01199	0.01287	0.00940	0.00506	0.00460	0.00113	0.00460	0.00399	0.00406	0.55733
84	0.01391	0.02330	0.34936	0.01446	0.01947	0.27350	0.05081	0.01779	0.01264	0.01539	0.01038	0.01301	0.00830	0.01163	0.13922	0.00288	0.01000	0.00435	0.00264	0.00699
85	0.00711	0.00550	0.00649	0.00653	0.00790	0.00487	0.00479	0.00894	0.01353	0.01780	0.34456	0.17726	0.34782	0.01349	0.00663	0.00188	0.00280	0.01170	0.00554	0.00487
86	0.00694	0.00496	0.00659	0.00758	0.00807	0.00462	0.00516	0.00818	0.01148	0.01553	0.15748	0.67083	0.03932	0.01631	0.00698	0.00216	0.00311	0.01476	0.00531	0.00462
87	0.72971	0.01059	0.00931	0.11527	0.01449	0.01241	0.00729	0.01599	0.00965	0.02338	0.00800	0.00979	0.00619	0.00520	0.00372	0.00173	0.00471	0.00326	0.00329	0.00602
88	0.01532	0.01784	0.02138	0.01716	0.01986	0.27626	0.23934	0.01767	0.01235	0.01477	0.00892	0.01226	0.00757	0.00679	0.01011	0.00191	0.28625	0.00493	0.00269	0.00662
89	0.00781	0.00533	0.00640	0.00663	0.00678	0.00538	0.00403	0.00818	0.00858	0.01155	0.01945	0.16742	0.02235	0.59002	0.10241	0.00519	0.00597	0.00917	0.00363	0.00372
90	0.00738	0.00564	0.00676	0.00648	0.00799	0.00503	0.00486	0.00956	0.01459	0.01962	0.51337	0.04564	0.30840	0.01229	0.00654	0.00179	0.00268	0.01061	0.00576	0.00503
91	0.01097	0.01054	0.01672	0.55235	0.03087	0.01374	0.01437	0.01390	0.01027	0.01390	0.00905	0.01395	0.00735	0.00682	0.00943	0.00202	0.25027	0.00490	0.00245	0.00612
92	0.00675	0.00482	0.00643	0.00771	0.00803	0.00450	0.00514	0.00771	0.01060	0.01414	0.03053	0.80175	0.03663	0.01735	0.00707	0.00225	0.00321	0.01574	0.00514	0.00450
93	0.00743	0.00548	0.00788	0.00841	0.00913	0.00592	0.00619	0.00899	0.00960	0.01338	0.02130	0.34296	0.02323	0.03158	0.46371	0.00616	0.01005	0.00997	0.00386	0.00476
94	0.01196	0.00646	0.00756	0.00681	0.00867	0.00624	0.00526	0.05534	0.01435	0.11951	0.27295	0.02704	0.02679	0.00817	0.00509	0.00152	0.00306	0.00685	0.40040	0.00597
95	0.01110	0.01092	0.01973	0.61442	0.08032	0.01265	0.14208	0.01494	0.01151	0.01500	0.01011	0.01473	0.00764	0.00535	0.00571	0.00184	0.00767	0.00520	0.00254	0.00654
96	0.00709	0.00591	0.00624	0.00626	0.00801	0.00524	0.00465	0.00939	0.05732	0.01589	0.10248	0.12768	0.59685	0.01379	0.00654	0.00190	0.00293	0.01166	0.00524	0.00494
97	0.00769	0.00563	0.00721	0.00687	0.00820	0.00515	0.00513	0.01014	0.01525	0.02131	0.68169	0.06544	0.11609	0.01175	0.00655	0.00177	0.00265	0.01034	0.00598	0.00515
98	0.01361	0.01306	0.02231	0.05589	0.74965	0.01313	0.01695	0.01691	0.01257	0.01798	0.01040	0.01374	0.00873	0.00495	0.00548	0.00165	0.00660	0.00493	0.00273	0.00870
99	0.00695	0.00499	0.00652	0.00752	0.00793	0.00476	0.00503	0.00791	0.01032	0.01374	0.02935	0.63206	0.06943	0.10012	0.06283	0.00301	0.00422	0.01407	0.00481	0.00442
100	0.36751	0.01349	0.01305	0.01045	0.01446	0.01518	0.00862	0.44265	0.01905	0.03067	0.01095	0.01149	0.00798	0.00601	0.00465	0.00168	0.00533	0.00415	0.00465	0.00798
101	0.00932	0.00481	0.00713	0.00727	0.00730	0.00478	0.00484	0.00727	0.00756	0.01009	0.01178	0.09778	0.01241	0.01905	0.02014	0.75259	0.00465	0.00594	0.00269	0.00262
102	0.00675	0.00482	0.00643	0.00771	0.00803	0.00450	0.00514	0.00771	0.01060	0.01414	0.03053	0.80175	0.03663	0.01735	0.00707	0.00225	0.00321	0.01574	0.00514	0.00450
103	0.01197	0.20954	0.60328	0.01432	0.02171	0.01496	0.01791	0.01732	0.01159	0.01649	0.00942	0.01104	0.00704	0.00514	0.00487	0.00162	0.00766	0.00383	0.00235	0.00794
104	0.01733	0.02387	0.25027	0.01422	0.01906	0.33651	0.01354	0.16995	0.06802	0.01980	0.01092	0.01192	0.00824	0.00589	0.00523	0.00161	0.00825	0.00420	0.00343	0.00774
105	0.00951	0.00764	0.00877	0.00856	0.01036	0.00796	0.00646	0.01604	0.26712	0.01956	0.22376	0.19094	0.13938	0.01185	0.00640	0.00195	0.00350	0.04850	0.00556	0.00619
106	0.06074	0.02111	0.01506	0.01308	0.01630	0.48023	0.01012	0.20715	0.01762	0.04237	0.01050	0.01175	0.00826	0.00811	0.05183	0.00196	0.00885	0.00410	0.00369	0.00716
107	0.01476	0.01660	0.01266	0.01140	0.01398	0.38594	0.00871	0.01656	0.01266	0.01409	0.01091	0.01424	0.00960	0.01760	0.26921	0.00386	0.01062	0.00432	0.00297	0.14931
108	0.01562	0.01307	0.02214	0.15071	0.02448	0.01385	0.29041	0.15709	0.02681	0.12187	0.01254	0.01490	0.00914	0.00609	0.00732	0.00187	0.09489	0.00564	0.00381	0.00774

[dist]
# distance from previous block
# <min> <max>
0	1

[block]
# block no. 1 follows, 43 sequences, length 60
# corresponding to MSA columns:
# 370-429
name=unknown_B
#
# <colnr> <probs for GDERKNQSTAVLIFYWHMCP>
#	G	D	E	R	K	N	Q	S	T	A	V	L	I	F	Y	W	H	M	C	P
0	0.01066	0.00936	0.01356	0.01413	0.13563	0.00893	0.07617	0.01505	0.13164	0.01746	0.01971	0.28812	0.02009	0.00968	0.00590	0.00175	0.00474	0.02576	0.00421	0.18744
1	0.00679	0.00551	0.00603	0.00612	0.00769	0.00475	0.00451	0.00835	0.01288	0.01609	0.17468	0.14989	0.54939	0.01400	0.00661	0.00190	0.00283	0.01194	0.00531	0.00475
2	0.00997	0.00817	0.00912	0.00854	0.01064	0.00860	0.00649	0.01763	0.32164	0.02074	0.28168	0.08441	0.16892	0.01064	0.00620	0.00185	0.00342	0.00915	0.00567	0.00653
3	0.01438	0.14438	0.14519	0.02170	0.29717	0.06956	0.09293	0.06708	0.06197	0.01828	0.01083	0.01290	0.00864	0.00526	0.00523	0.00161	0.00709	0.00464	0.00300	0.00815
4	0.01278	0.01407	0.02783	0.02063	0.02450	0.01492	0.52280	0.01638	0.01166	0.01638	0.00999	0.01407	0.00805	0.00622	0.01013	0.00204	0.25183	0.00601	0.00268	0.00703
5	0.00779	0.00566	0.00733	0.00691	0.00824	0.00520	0.00518	0.01035	0.01555	0.02192	0.73914	0.04185	0.08119	0.01143	0.00653	0.00175	0.00262	0.01008	0.00606	0.00520
6	0.20701	0.11234	0.20702	0.01200	0.01693	0.11288	0.01181	0.18935	0.04523	0.02246	0.01028	0.01126	0.00777	0.00564	0.00468	0.00162	0.00661	0.00394	0.00354	0.00764
7	0.01117	0.01161	0.02390	0.01801	0.02191	0.01139	0.47604	0.01484	0.01153	0.01594	0.01254	0.01746	0.01041	0.01828	0.29342	0.00446	0.01137	0.00631	0.00286	0.00654
8	0.00805	0.00537	0.00604	0.00604	0.00604	0.00537	0.00336	0.00805	0.00805	0.01074	0.01745	0.03624	0.02013	0.80536	0.02819	0.00537	0.00537	0.00805	0.00336	0.00336
9	0.00675	0.00482	0.00643	0.00771	0.00803	0.00450	0.00514	0.00771	0.01060	0.01414	0.03053	0.80175	0.03663	0.01735	0.00707	0.00225	0.00321	0.01574	0.00514	0.00450
10	0.01961	0.01932	0.01557	0.01353	0.03061	0.35498	0.01042	0.24793	0.12138	0.06253	0.01265	0.01311	0.00958	0.00645	0.00580	0.00162	0.03825	0.00456	0.00426	0.00786
11	0.02345	0.01167	0.01424	0.01092	0.01526	0.01148	0.00902	0.29484	0.01961	0.50148	0.01869	0.01680	0.01212	0.00678	0.00556	0.00169	0.00522	0.00535	0.00637	0.00942
12	0.01475	0.01119	0.01238	0.01028	0.01334	0.01210	0.00820	0.34147	0.16118	0.02774	0.26879	0.02548	0.05172	0.00863	0.00593	0.00174	0.00449	0.00714	0.00573	0.00773
13	0.01378	0.01190	0.01252	0.01127	0.01440	0.01378	0.00877	0.02943	0.76081	0.02317	0.02254	0.02066	0.01691	0.00751	0.00564	0.00188	0.00438	0.00626	0.00564	0.00877
14	0.01840	0.01400	0.01982	0.01476	0.01947	0.01429	0.20530	0.38021	0.04880	0.12272	0.01392	0.01458	0.00989	0.00599	0.00570	0.00167	0.00655	0.00539	0.00481	0.07373
15	0.01212	0.01212	0.01696	0.01454	0.01454	0.01696	0.01212	0.01333	0.00848	0.01333	0.00727	0.01212	0.00727	0.00969	0.01818	0.00242	0.79523	0.00485	0.00242	0.00606
16	0.00962	0.00481	0.00722	0.00722	0.00722	0.00481	0.00481	0.00722	0.00722	0.00962	0.00962	0.01684	0.00962	0.01924	0.02165	0.83886	0.00481	0.00481	0.00241	0.00241
17	0.00675	0.00562	0.00590	0.00583	0.00761	0.00476	0.00437	0.00835	0.01312	0.01613	0.17133	0.05137	0.65261	0.01359	0.00654	0.00185	0.00277	0.01142	0.00530	0.00476
18	0.00689	0.00564	0.00609	0.00602	0.00775	0.00484	0.00455	0.00859	0.01331	0.01662	0.21511	0.05084	0.59064	0.01345	0.00657	0.00186	0.00282	0.02824	0.00536	0.00481
19	0.84448	0.01071	0.00814	0.00728	0.01071	0.01242	0.00600	0.01628	0.00943	0.02485	0.00771	0.00900	0.00600	0.00514	0.00343	0.00171	0.00428	0.00300	0.00343	0.00600
20	0.00675	0.00482	0.00643	0.00771	0.00803	0.00450	0.00514	0.00771	0.01060	0.01414	0.03053	0.80175	0.03663	0.01735	0.00707	0.00225	0.00321	0.01574	0.00514	0.00450
21	0.01336	0.01147	0.01139	0.01015	0.01249	0.13146	0.00797	0.18549	0.01481	0.04484	0.02034	0.02288	0.13272	0.02213	0.32748	0.00466	0.00975	0.00625	0.00403	0.00633
22	0.00655	0.00561	0.00561	0.00561	0.00748	0.00468	0.00421	0.00795	0.01262	0.01496	0.05610	0.05330	0.76857	0.01403	0.00655	0.00187	0.00281	0.01169	0.00514	0.00468
23	0.00793	0.00584	0.00844	0.00844	0.00927	0.00667	0.00635	0.00960	0.00877	0.01252	0.01525	0.02408	0.01485	0.16397	0.66236	0.00833	0.01332	0.00627	0.00303	0.00469
24	0.01912	0.01112	0.01299	0.01078	0.01451	0.01162	0.00864	0.08634	0.38155	0.34727	0.02150	0.01929	0.01493	0.00716	0.00560	0.00179	0.00466	0.00586	0.00615	0.00910
25	0.01756	0.22574	0.20169	0.01150	0.01675	0.01403	0.01168	0.06745	0.08720	0.27107	0.01477	0.01432	0.01040	0.00596	0.00497	0.00160	0.00592	0.00456	0.00438	0.00845
26	0.00674	0.00485	0.00640	0.00763	0.00801	0.00450	0.00511	0.00772	0.01068	0.01417	0.03146	0.77441	0.06336	0.01723	0.00705	0.00224	0.00320	0.01560	0.00514	0.00450
27	0.01111	0.00958	0.00997	0.00918	0.01185	0.01042	0.00708	0.02150	0.48453	0.02014	0.03494	0.03271	0.29447	0.00992	0.00597	0.00188	0.00380	0.00827	0.00545	0.00726
28	0.01216	0.01962	0.30636	0.01997	0.02633	0.01324	0.44803	0.01739	0.01255	0.01761	0.01154	0.01586	0.00894	0.00536	0.00611	0.00186	0.00872	0.03799	0.00273	0.00763
29	0.01247	0.31670	0.50058	0.01346	0.02037	0.01620	0.01641	0.01719	0.01153	0.01587	0.00911	0.01066	0.00705	0.00507	0.00463	0.00154	0.00735	0.00367	0.00235	0.00779
30	0.00892	0.00637	0.00892	0.01020	0.01147	0.00637	0.00892	0.01147	0.01275	0.01657	0.02932	0.06247	0.03187	0.01530	0.00765	0.00255	0.00510	0.73354	0.00510	0.00510
31	0.01272	0.01390	0.02688	0.02009	0.02363	0.01510	0.47796	0.01611	0.01138	0.01611	0.00975	0.01390	0.00798	0.00652	0.01083	0.00207	0.29954	0.00591	0.00266	0.00695
32	0.01149	0.00980	0.01142	0.00855	0.01305	0.00798	0.00680	0.01521	0.08468	0.01822	0.01140	0.01302	0.00941	0.00677	0.05287	0.00143	0.00480	0.00374	0.00349	0.70587
33	0.01431	0.01491	0.02941	0.02125	0.02642	0.01465	0.59919	0.13529	0.01495	0.02030	0.01136	0.01455	0.00852	0.00521	0.00689	0.00186	0.04379	0.00621	0.00322	0.00772
34	0.01053	0.00696	0.00818	0.00838	0.01002	0.00721	0.00687	0.05974	0.08631	0.01973	0.02436	0.06520	0.04504	0.01076	0.00587	0.00193	0.00403	0.30111	0.31205	0.00572
35	0.84448	0.01071	0.00814	0.00728	0.01071	0.01242	0.00600	0.01628	0.00943	0.02485	0.00771	0.00900	0.00600	0.00514	0.00343	0.00171	0.00428	0.00300	0.00343	0.00600
36	0.01061	0.00872	0.01363	0.14256	0.24859	0.00885	0.01059	0.01340	0.01344	0.04801	0.29689	0.10231	0.04194	0.00888	0.00606	0.00178	0.00475	0.00804	0.00439	0.00655
37	0.01402	0.01569	0.01482	0.01277	0.01503	0.32880	0.12802	0.01572	0.01227	0.01351	0.01287	0.05053	0.01251	0.19061	0.13528	0.00361	0.00935	0.00592	0.00307	0.00559
38	0.01267	0.00936	0.01047	0.00920	0.01156	0.00974	0.00728	0.28369	0.01719	0.02268	0.10542	0.03601	0.17288	0.13806	0.00982	0.00245	0.00478	0.12531	0.00510	0.00634
39	0.02485	0.00943	0.01285	0.00985	0.01414	0.00814	0.00814	0.02699	0.01585	0.77465	0.02185	0.01885	0.01371	0.00685	0.00557	0.00171	0.00471	0.00557	0.00685	0.00943
40	0.01318	0.01262	0.02153	0.15671	0.65221	0.01302	0.01674	0.01654	0.01236	0.01746	0.01032	0.01388	0.00855	0.00503	0.00549	0.00168	0.00671	0.00493	0.00270	0.00835
41	0.01282	0.01087	0.01129	0.01031	0.01206	0.10082	0.00787	0.19769	0.01439	0.01866	0.01739	0.17977	0.01777	0.12068	0.15495	0.00368	0.05879	0.04000	0.00415	0.00602
42	0.01046	0.00984	0.01661	0.79205	0.03814	0.01230	0.01538	0.01415	0.01107	0.01415	0.00984	0.01477	0.00738	0.00554	0.00554	0.00185	0.00738	0.00492	0.00246	0.00615
43	0.01046	0.00984	0.01661	0.79205	0.03814	0.01230	0.01538	0.01415	0.01107	0.01415	0.00984	0.01477	0.00738	0.00554	0.00554	0.00185	0.00738	0.00492	0.00246	0.00615
44	0.12567	0.00861	0.00931	0.00812	0.01091	0.00895	0.00643	0.02095	0.19042	0.21814	0.01874	0.01864	0.01362	0.00664	0.00467	0.00160	0.00379	0.00524	0.31233	0.00724
45	0.02485	0.00943	0.01285	0.00985	0.01414	0.00814	0.00814	0.02699	0.01585	0.77465	0.02185	0.01885	0.01371	0.00685	0.00557	0.00171	0.00471	0.00557	0.00685	0.00943
46	0.00686	0.00528	0.00598	0.00646	0.00745	0.00472	0.00442	0.00788	0.01113	0.01397	0.04036	0.32817	0.37590	0.14336	0.01024	0.00258	0.00337	0.01260	0.00485	0.00440
47	0.01883	0.01640	0.01457	0.01221	0.01556	0.21700	0.00960	0.40789	0.02038	0.05886	0.01519	0.13905	0.01337	0.00812	0.00564	0.00170	0.00660	0.00636	0.00483	0.00784
48	0.00805	0.00537	0.00604	0.00604	0.00604	0.00537	0.00336	0.00805	0.00805	0.01074	0.01745	0.03624	0.02013	0.80536	0.02819	0.00537	0.00537	0.00805	0.00336	0.00336
49	0.01146	0.01087	0.01842	0.55814	0.26422	0.01257	0.01588	0.01503	0.01155	0.01537	0.01002	0.01444	0.00781	0.00535	0.00552	0.00178	0.00713	0.00493	0.00255	0.00696
50	0.01367	0.56800	0.25972	0.01142	0.01722	0.01912	0.01287	0.01688	0.01139	0.01442	0.00839	0.00975	0.00708	0.00490	0.00408	0.00136	0.00662	0.00331	0.00236	0.00744
51	0.01254	0.00988	0.01150	0.01046	0.01293	0.01130	0.00820	0.07628	0.40231	0.04627	0.01898	0.02045	0.01510	0.01999	0.29284	0.00445	0.00838	0.00602	0.00469	0.00743
52	0.01286	0.00747	0.00941	0.00809	0.01041	0.00701	0.00633	0.08662	0.01653	0.19172	0.47945	0.03436	0.08697	0.01004	0.00622	0.00174	0.00344	0.00864	0.00615	0.00654
53	0.00675	0.00482	0.00643	0.00771	0.00803	0.00450	0.00514	0.00771	0.01060	0.01414	0.03053	0.80175	0.03663	0.01735	0.00707	0.00225	0.00321	0.01574	0.00514	0.00450
54	0.01211	0.01097	0.01689	0.01923	0.29372	0.01009	0.07837	0.04727	0.01255	0.01815	0.01368	0.14063	0.01309	0.00672	0.00538	0.00149	0.00544	0.00628	0.00344	0.28449
55	0.01394	0.59581	0.02518	0.01195	0.09406	0.01884	0.00982	0.01683	0.05859	0.01510	0.08333	0.01331	0.01232	0.00558	0.00418	0.00133	0.00557	0.00407	0.00298	0.00720
56	0.00655	0.00561	0.00561	0.00561	0.00748	0.00468	0.00421	0.00795	0.01262	0.01496	0.05610	0.05330	0.76857	0.01403	0.00655	0.00187	0.00281	0.01169	0.00514	0.00468
57	0.00805	0.00537	0.00604	0.00604	0.00604	0.00537	0.00336	0.00805	0.00805	0.01074	0.01745	0.03624	0.02013	0.80536	0.02819	0.00537	0.00537	0.00805	0.00336	0.00336
58	0.01524	0.01316	0.02184	0.02627	0.45236	0.01319	0.13250	0.07695	0.08242	0.09103	0.01295	0.01499	0.00997	0.00544	0.00568	0.00171	0.00661	0.00538	0.00362	0.00868
59	0.00771	0.00566	0.00723	0.00683	0.00820	0.00517	0.00513	0.01021	0.01538	0.02150	0.69821	0.04254	0.12238	0.01159	0.00653	0.00175	0.00263	0.01018	0.00600	0.00517

[dist]
# distance from previous block
# <min> <max>
0	12

[block]
# block no. 2 follows, 43 sequences, length 46
# corresponding to MSA columns:
# 442-487
name=unknown_C
#
# <colnr> <probs for GDERKNQSTAVLIFYWHMCP>
#	G	D	E	R	K	N	Q	S	T	A	V	L	I	F	Y	W	H	M	C	P
0	0.31963	0.01052	0.01106	0.00928	0.01296	0.01113	0.00752	0.02372	0.20379	0.31046	0.01689	0.01574	0.01173	0.00640	0.00481	0.00176	0.00447	0.00481	0.00530	0.00801
1	0.00762	0.00577	0.00663	0.00663	0.00830	0.00507	0.00510	0.00944	0.01340	0.03738	0.22835	0.08285	0.46197	0.01344	0.00665	0.00192	0.00306	0.08604	0.00542	0.00498
2	0.01249	0.01915	0.28051	0.02233	0.15343	0.01357	0.35581	0.01740	0.01238	0.01759	0.01052	0.01355	0.00796	0.00508	0.00631	0.00181	0.03422	0.00539	0.00262	0.00789
3	0.01378	0.01190	0.01252	0.01127	0.01440	0.01378	0.00877	0.02943	0.76081	0.02317	0.02254	0.02066	0.01691	0.00751	0.00564	0.00188	0.00438	0.00626	0.00564	0.00877
4	0.00675	0.00482	0.00643	0.00771	0.00803	0.00450	0.00514	0.00771	0.01060	0.01414	0.03053	0.80175	0.03663	0.01735	0.00707	0.00225	0.00321	0.01574	0.00514	0.00450
5	0.01135	0.02297	0.51289	0.14964	0.02729	0.01297	0.15117	0.01700	0.01184	0.01700	0.01015	0.01280	0.00733	0.00520	0.00554	0.00179	0.00826	0.00467	0.00244	0.00771
6	0.01247	0.01938	0.28181	0.02180	0.09657	0.01354	0.43670	0.01760	0.01257	0.01771	0.01071	0.01373	0.00797	0.00489	0.00601	0.00181	0.00869	0.00557	0.00264	0.00783
7	0.00789	0.00540	0.00599	0.00599	0.00620	0.00529	0.00345	0.00804	0.00856	0.01121	0.02174	0.03814	0.10324	0.71749	0.02579	0.00498	0.00508	0.00846	0.00355	0.00350
8	0.01180	0.01182	0.01358	0.01196	0.01277	0.11352	0.00961	0.01351	0.01185	0.01634	0.26312	0.02167	0.02237	0.00972	0.01253	0.00206	0.42579	0.00642	0.00371	0.00583
9	0.06320	0.01396	0.01637	0.02040	0.32580	0.14968	0.01188	0.09720	0.01433	0.07263	0.01449	0.14760	0.01350	0.00753	0.00556	0.00172	0.00630	0.00647	0.00381	0.00758
10	0.84448	0.01071	0.00814	0.00728	0.01071	0.01242	0.00600	0.01628	0.00943	0.02485	0.00771	0.00900	0.00600	0.00514	0.00343	0.00171	0.00428	0.00300	0.00343	0.00600
11	0.01930	0.01340	0.01575	0.01243	0.01655	0.01444	0.05223	0.38293	0.22311	0.16401	0.01723	0.01639	0.01217	0.00681	0.00563	0.00174	0.00557	0.00553	0.00565	0.00913
12	0.00906	0.00613	0.00701	0.00672	0.00873	0.00531	0.00524	0.01082	0.01344	0.10351	0.15149	0.04848	0.51089	0.01293	0.00653	0.00190	0.00321	0.07778	0.00547	0.00534
13	0.01182	0.01028	0.01562	0.46131	0.02815	0.01182	0.05484	0.13947	0.01445	0.01901	0.11308	0.02049	0.06237	0.00698	0.00579	0.00180	0.00636	0.00613	0.00366	0.00657
14	0.00737	0.00568	0.00675	0.00660	0.00813	0.00507	0.00502	0.00948	0.01425	0.01890	0.43257	0.04749	0.34574	0.01266	0.00660	0.00184	0.00284	0.05236	0.00565	0.00499
15	0.11194	0.01781	0.26961	0.01261	0.03883	0.03434	0.01246	0.11532	0.10561	0.06296	0.01228	0.01305	0.00906	0.00559	0.00493	0.00157	0.00606	0.00429	0.00374	0.15793
16	0.01302	0.35587	0.01813	0.00980	0.01264	0.14294	0.00818	0.01536	0.06039	0.01415	0.01648	0.27635	0.01767	0.00932	0.00511	0.00163	0.00559	0.00757	0.00359	0.00622
17	0.01366	0.01237	0.01907	0.27667	0.02589	0.05686	0.19497	0.09284	0.08207	0.06383	0.01332	0.03826	0.01041	0.00875	0.06431	0.00235	0.00789	0.00580	0.00355	0.00713
18	0.04050	0.01135	0.06028	0.01474	0.07357	0.03203	0.19831	0.01354	0.01205	0.01661	0.08876	0.02878	0.12849	0.07950	0.03055	0.00243	0.08174	0.07699	0.00368	0.00612
19	0.01158	0.11503	0.64922	0.01501	0.02234	0.01411	0.01875	0.01719	0.01146	0.01679	0.00953	0.01140	0.00704	0.00546	0.00581	0.00173	0.05325	0.00401	0.00235	0.00794
20	0.01111	0.02865	0.77667	0.01579	0.02397	0.01286	0.02046	0.01754	0.01169	0.01754	0.00994	0.01169	0.00702	0.00526	0.00526	0.00175	0.00818	0.00409	0.00234	0.00818
21	0.01595	0.01516	0.01279	0.01161	0.01423	0.27012	0.00897	0.07646	0.18596	0.08129	0.01654	0.06527	0.01409	0.01352	0.13834	0.00295	0.00817	0.03730	0.00429	0.00701
22	0.01151	0.01166	0.02199	0.49899	0.09042	0.01289	0.24129	0.01547	0.01180	0.01555	0.01030	0.01474	0.00780	0.00523	0.00584	0.00184	0.00792	0.00542	0.00259	0.00675
23	0.00700	0.00500	0.00671	0.00800	0.00843	0.00471	0.00558	0.00814	0.01085	0.01442	0.03039	0.71673	0.03608	0.01712	0.00714	0.00228	0.00343	0.09829	0.00514	0.00457
24	0.00675	0.00482	0.00643	0.00771	0.00803	0.00450	0.00514	0.00771	0.01060	0.01414	0.03053	0.80175	0.03663	0.01735	0.00707	0.00225	0.00321	0.01574	0.00514	0.00450
25	0.01072	0.01000	0.01663	0.09196	0.20996	0.00999	0.13824	0.03969	0.01265	0.01678	0.02437	0.02886	0.20811	0.01199	0.08748	0.00259	0.00689	0.06287	0.00365	0.00658
26	0.01329	0.01434	0.02925	0.02692	0.27832	0.01372	0.50407	0.01749	0.01292	0.01786	0.01094	0.01453	0.00853	0.00476	0.00618	0.00179	0.00841	0.00600	0.00278	0.00791
27	0.00738	0.00561	0.00679	0.00657	0.00801	0.00502	0.00490	0.00953	0.01448	0.01954	0.50823	0.07820	0.28066	0.01245	0.00656	0.00180	0.00270	0.01080	0.00575	0.00502
28	0.00678	0.00485	0.00646	0.00769	0.00804	0.00452	0.00514	0.00780	0.01078	0.01441	0.05563	0.77586	0.03716	0.01715	0.00705	0.00223	0.00319	0.01555	0.00517	0.00452
29	0.01241	0.01955	0.28276	0.02080	0.02727	0.01362	0.50524	0.01767	0.01261	0.01767	0.01078	0.01385	0.00794	0.00487	0.00611	0.00183	0.00895	0.00571	0.00265	0.00771
30	0.00675	0.00482	0.00643	0.00771	0.00803	0.00450	0.00514	0.00771	0.01060	0.01414	0.03053	0.80175	0.03663	0.01735	0.00707	0.00225	0.00321	0.01574	0.00514	0.00450
31	0.00972	0.00720	0.00738	0.00703	0.00907	0.00734	0.00536	0.01542	0.21855	0.01900	0.03495	0.03408	0.32525	0.00986	0.00546	0.00169	0.00317	0.00815	0.26537	0.00596
32	0.00869	0.00710	0.01016	0.00975	0.01044	0.00865	0.00760	0.01036	0.00933	0.01353	0.05820	0.09594	0.01711	0.06391	0.46956	0.00633	0.17803	0.00697	0.00326	0.00509
33	0.01970	0.02437	0.01469	0.01340	0.01610	0.70885	0.01005	0.02124	0.01531	0.01423	0.00947	0.01101	0.00781	0.00578	0.00489	0.00141	0.00928	0.00372	0.08241	0.00630
34	0.01393	0.00864	0.00901	0.00771	0.01006	0.00920	0.00611	0.26146	0.01646	0.02544	0.01646	0.01818	0.01259	0.00652	0.00443	0.00142	0.00376	0.00510	0.55692	0.00659
35	0.00675	0.00482	0.00643	0.00771	0.00803	0.00450	0.00514	0.00771	0.01060	0.01414	0.03053	0.80175	0.03663	0.01735	0.00707	0.00225	0.00321	0.01574	0.00514	0.00450
36	0.02134	0.01506	0.01634	0.01253	0.01695	0.01650	0.01035	0.69779	0.02527	0.09054	0.01394	0.01371	0.00974	0.00666	0.00554	0.00167	0.00599	0.00503	0.00564	0.00942
37	0.00803	0.00547	0.00653	0.00653	0.00670	0.00563	0.00396	0.00837	0.00820	0.01110	0.01700	0.03377	0.01906	0.67499	0.15709	0.00597	0.00698	0.00769	0.00329	0.00363
38	0.01481	0.80869	0.02902	0.00948	0.01421	0.02191	0.00948	0.01658	0.01125	0.01303	0.00770	0.00888	0.00711	0.00474	0.00355	0.00118	0.00592	0.00296	0.00237	0.00711
39	0.00805	0.00537	0.00604	0.00604	0.00604	0.00537	0.00336	0.00805	0.00805	0.01074	0.01745	0.03624	0.02013	0.80536	0.02819	0.00537	0.00537	0.00805	0.00336	0.00336
40	0.00846	0.00604	0.00839	0.00967	0.01074	0.00598	0.00812	0.01067	0.01229	0.01606	0.02958	0.21989	0.03289	0.01574	0.00753	0.00249	0.00470	0.58069	0.00511	0.00497
41	0.58794	0.01031	0.00962	0.00809	0.01178	0.01108	0.00667	0.01963	0.01144	0.25953	0.01214	0.01208	0.00841	0.00568	0.00410	0.00171	0.00442	0.00380	0.00450	0.00707
42	0.01378	0.01190	0.01252	0.01127	0.01440	0.01378	0.00877	0.02943	0.76081	0.02317	0.02254	0.02066	0.01691	0.00751	0.00564	0.00188	0.00438	0.00626	0.00564	0.00877
43	0.00845	0.00612	0.00826	0.00897	0.01030	0.00593	0.00755	0.01094	0.01356	0.01804	0.23784	0.05592	0.08996	0.01410	0.00726	0.00228	0.00424	0.47980	0.00538	0.00510
44	0.00982	0.00842	0.00951	0.00733	0.01123	0.00647	0.00577	0.01193	0.01187	0.01701	0.02539	0.02554	0.26379	0.00744	0.00492	0.00117	0.00367	0.00611	0.00391	0.55870
45	0.01678	0.54573	0.02454	0.01109	0.01519	0.27779	0.00989	0.01844	0.01275	0.01321	0.00799	0.00926	0.00712	0.00506	0.00404	0.00127	0.00729	0.00316	0.00253	0.00688

[dist]
# distance from previous block
# <min> <max>
0	1

[block]
# block no. 3 follows, 43 sequences, length 37
# corresponding to MSA columns:
# 489-525
name=unknown_D
#
# <colnr> <probs for GDERKNQSTAVLIFYWHMCP>
#	G	D	E	R	K	N	Q	S	T	A	V	L	I	F	Y	W	H	M	C	P
0	0.01285	0.39621	0.42437	0.01281	0.01937	0.01713	0.01529	0.01709	0.01149	0.01541	0.00888	0.01037	0.00706	0.00502	0.00446	0.00149	0.00712	0.00356	0.00235	0.00768
1	0.01746	0.01278	0.01390	0.01158	0.01527	0.01421	0.00926	0.26442	0.43319	0.11624	0.01945	0.01805	0.01409	0.00715	0.00560	0.00179	0.00498	0.00576	0.00575	0.00906
2	0.01940	0.01461	0.01564	0.01236	0.01646	0.01626	0.01008	0.60399	0.15869	0.03229	0.01537	0.03314	0.01141	0.00706	0.00559	0.00172	0.00572	0.00547	0.00555	0.00918
3	0.01287	0.39928	0.42143	0.01279	0.01933	0.01716	0.01524	0.01709	0.01148	0.01540	0.00887	0.01036	0.00706	0.00501	0.00445	0.00148	0.00711	0.00356	0.00235	0.00767
4	0.01111	0.02865	0.77667	0.01579	0.02397	0.01286	0.02046	0.01754	0.01169	0.01754	0.00994	0.01169	0.00702	0.00526	0.00526	0.00175	0.00818	0.00409	0.00234	0.00818
5	0.01555	0.01867	0.02715	0.02039	0.02510	0.26433	0.50986	0.01916	0.01393	0.01638	0.01034	0.01333	0.00799	0.00501	0.00603	0.00172	0.00955	0.00557	0.00282	0.00713
6	0.01559	0.01181	0.01149	0.00990	0.01291	0.11537	0.00776	0.11183	0.17787	0.16859	0.10985	0.02721	0.17855	0.00885	0.00582	0.00174	0.00489	0.00718	0.00543	0.00739
7	0.01614	0.01307	0.01386	0.01175	0.01530	0.01488	0.00934	0.26471	0.52167	0.02699	0.01953	0.01827	0.01447	0.00723	0.00560	0.00181	0.00494	0.00585	0.00560	0.00898
8	0.00740	0.00538	0.00697	0.00712	0.00815	0.00495	0.00513	0.00940	0.01383	0.01912	0.48297	0.28960	0.09240	0.01346	0.00671	0.00192	0.00282	0.01199	0.00573	0.00495
9	0.00892	0.00637	0.00892	0.01020	0.01147	0.00637	0.00892	0.01147	0.01275	0.01657	0.02932	0.06247	0.03187	0.01530	0.00765	0.00255	0.00510	0.73354	0.00510	0.00510
10	0.00671	0.00547	0.00594	0.00613	0.00766	0.00470	0.00448	0.00815	0.01256	0.01553	0.12219	0.18761	0.56490	0.01436	0.00664	0.00193	0.00286	0.01226	0.00524	0.00470
11	0.01148	0.00984	0.01148	0.00820	0.01312	0.00738	0.00656	0.01395	0.01148	0.01805	0.00984	0.01148	0.00820	0.00410	0.00410	0.00082	0.00410	0.00328	0.00328	0.83922
12	0.01294	0.01455	0.03053	0.02214	0.02698	0.01441	0.64973	0.01714	0.01244	0.01714	0.01067	0.01455	0.00825	0.00536	0.00813	0.00194	0.11677	0.00631	0.00275	0.00728
13	0.13335	0.01445	0.01522	0.01181	0.01609	0.01593	0.00975	0.60387	0.02310	0.08282	0.01311	0.01308	0.00924	0.00646	0.00525	0.00167	0.00576	0.00475	0.00534	0.00895
14	0.00962	0.00481	0.00722	0.00722	0.00722	0.00481	0.00481	0.00722	0.00722	0.00962	0.00962	0.01684	0.00962	0.01924	0.02165	0.83886	0.00481	0.00481	0.00241	0.00241
15	0.04145	0.55544	0.02379	0.00988	0.01423	0.01904	0.00918	0.04245	0.15611	0.06412	0.01162	0.01192	0.00945	0.00548	0.00414	0.00138	0.00550	0.00382	0.00341	0.00761
16	0.00836	0.00622	0.00734	0.00738	0.00914	0.00569	0.00591	0.03233	0.01373	0.03923	0.18251	0.05117	0.39926	0.01341	0.00677	0.00201	0.00351	0.19548	0.00537	0.00517
17	0.00717	0.00500	0.00630	0.00717	0.00738	0.00478	0.00456	0.00782	0.00977	0.01303	0.02627	0.55261	0.03126	0.27382	0.01394	0.00326	0.00391	0.01324	0.00456	0.00413
18	0.01417	0.01562	0.01701	0.44888	0.11832	0.26328	0.01405	0.01708	0.01276	0.01442	0.00949	0.01308	0.00747	0.00552	0.00535	0.00169	0.00814	0.00448	0.00262	0.00655
19	0.01354	0.13989	0.39263	0.01342	0.01945	0.01498	0.01487	0.11386	0.18518	0.02037	0.01292	0.01353	0.00960	0.00588	0.00513	0.00169	0.00671	0.00453	0.00351	0.00831
20	0.01351	0.35118	0.21724	0.01906	0.26294	0.01676	0.01472	0.01696	0.01181	0.01583	0.00915	0.01117	0.00763	0.00494	0.00462	0.00148	0.00671	0.00389	0.00248	0.00792
21	0.01624	0.01830	0.09657	0.06875	0.15697	0.28701	0.01252	0.08380	0.01440	0.06281	0.01122	0.01361	0.00896	0.01056	0.11165	0.00259	0.00899	0.00454	0.00325	0.00727
22	0.00707	0.00558	0.00604	0.00595	0.00737	0.00491	0.00425	0.00846	0.01239	0.01561	0.18820	0.04788	0.49310	0.15676	0.01046	0.00248	0.00323	0.01070	0.00501	0.00454
23	0.01148	0.00984	0.01148	0.00820	0.01312	0.00738	0.00656	0.01395	0.01148	0.01805	0.00984	0.01148	0.00820	0.00410	0.00410	0.00082	0.00410	0.00328	0.00328	0.83922
