[name]
unknown

[dist]
# distance from previous block
# <min> <max>
0	115

[block]
# block no. 0 follows, 40 sequences, length 44
# corresponding to MSA columns:
# 118-161
name=unknown_A
#
# <colnr> <probs for GDERKNQSTAVLIFYWHMCP>
#	G	D	E	R	K	N	Q	S	T	A	V	L	I	F	Y	W	H	M	C	P
0	0.01362	0.08492	0.06434	0.03171	0.24079	0.09818	0.01243	0.01714	0.04547	0.01772	0.01582	0.02282	0.04213	0.00731	0.00565	0.00168	0.00642	0.11509	0.00354	0.15322
1	0.01322	0.21671	0.12943	0.01107	0.01483	0.08156	0.01034	0.08656	0.01355	0.01724	0.01692	0.14575	0.03700	0.05579	0.04950	0.00238	0.00678	0.04890	0.00372	0.03875
2	0.01536	0.01210	0.01667	0.27270	0.13661	0.02408	0.01288	0.12871	0.10127	0.09793	0.01457	0.01772	0.01117	0.00652	0.00576	0.00179	0.00640	0.03135	0.00417	0.08224
3	0.01202	0.00979	0.01528	0.08875	0.32153	0.00975	0.01169	0.01474	0.01347	0.06546	0.15039	0.07606	0.08905	0.05629	0.00770	0.00211	0.00540	0.03908	0.00428	0.00717
4	0.00980	0.01417	0.25190	0.06393	0.01700	0.00896	0.05040	0.01258	0.01094	0.01520	0.01847	0.17881	0.05731	0.05642	0.07903	0.13070	0.00714	0.00797	0.00339	0.00590
5	0.01756	0.01397	0.01807	0.13825	0.30411	0.12147	0.01351	0.02106	0.04649	0.19440	0.01428	0.01589	0.01057	0.00605	0.00565	0.00174	0.00682	0.00520	0.03645	0.00845
6	0.01317	0.01136	0.01461	0.23236	0.02165	0.05892	0.05189	0.18749	0.01602	0.02080	0.06422	0.23055	0.03246	0.00999	0.00636	0.00198	0.00612	0.00877	0.00446	0.00682
7	0.01304	0.00707	0.00866	0.00769	0.01020	0.00613	0.00597	0.01499	0.01484	0.24535	0.19418	0.08832	0.33658	0.01205	0.00659	0.00191	0.00354	0.01021	0.00616	0.00654
8	0.01632	0.31649	0.02486	0.02161	0.32608	0.12622	0.01349	0.05954	0.01396	0.01729	0.00974	0.01187	0.00833	0.00532	0.00491	0.00151	0.00713	0.00419	0.00291	0.00823
9	0.01591	0.08926	0.21514	0.15186	0.06440	0.05575	0.01477	0.20170	0.07077	0.04705	0.01244	0.01398	0.00919	0.00613	0.00553	0.00176	0.00727	0.00482	0.00380	0.00846
10	0.01386	0.12833	0.13039	0.09706	0.48208	0.01501	0.01708	0.01759	0.01275	0.01778	0.01040	0.01346	0.00856	0.00526	0.00544	0.00169	0.00713	0.00476	0.00274	0.00862
11	0.00691	0.00576	0.00602	0.00623	0.00794	0.00488	0.00457	0.00831	0.01293	0.01558	0.05477	0.16946	0.64617	0.01527	0.00696	0.00203	0.00301	0.01293	0.00540	0.00488
12	0.06597	0.11299	0.26776	0.01677	0.13841	0.01454	0.01478	0.13340	0.01534	0.14725	0.01276	0.01363	0.00920	0.00591	0.00533	0.00173	0.00683	0.00464	0.00393	0.00884
13	0.04986	0.01715	0.13554	0.02070	0.26939	0.11234	0.01426	0.08134	0.01523	0.16237	0.01417	0.01726	0.01101	0.00651	0.00572	0.00179	0.00704	0.04559	0.00407	0.00864
14	0.57836	0.05638	0.01211	0.01171	0.10361	0.07644	0.00821	0.01752	0.01108	0.02331	0.00910	0.01079	0.00728	0.00547	0.00403	0.00171	0.00529	0.00357	0.04732	0.00671
15	0.05832	0.22975	0.09526	0.08589	0.16448	0.01449	0.07603	0.01564	0.01205	0.01665	0.01409	0.16475	0.01394	0.00775	0.00548	0.00177	0.00639	0.00678	0.00324	0.00726
16	0.01058	0.00806	0.01032	0.00955	0.01045	0.00942	0.00721	0.07704	0.01137	0.01642	0.04498	0.08794	0.01799	0.21301	0.20860	0.00481	0.15750	0.00741	0.08190	0.00543
17	0.00831	0.00623	0.00935	0.00935	0.01038	0.00727	0.00727	0.01038	0.00935	0.01350	0.01558	0.02285	0.01454	0.04361	0.77259	0.00935	0.01558	0.00623	0.00312	0.00519
18	0.01375	0.44292	0.37093	0.01302	0.01967	0.01861	0.01529	0.01788	0.01203	0.01587	0.00917	0.01069	0.00742	0.00523	0.00456	0.00152	0.00732	0.00366	0.00247	0.00799
19	0.02495	0.01173	0.01463	0.01122	0.01576	0.01127	0.00927	0.23230	0.01971	0.55509	0.02037	0.01812	0.01310	0.00714	0.00584	0.00178	0.00536	0.00567	0.00680	0.00989
20	0.01081	0.00992	0.01463	0.01319	0.01391	0.01254	0.05065	0.01257	0.01020	0.01479	0.01591	0.13363	0.01688	0.01704	0.13137	0.00355	0.39952	0.10953	0.00347	0.00588
21	0.01373	0.01569	0.03431	0.02451	0.03039	0.01471	0.73824	0.01863	0.01373	0.01863	0.01176	0.01569	0.00882	0.00490	0.00686	0.00196	0.00980	0.00686	0.00294	0.00784
22	0.00870	0.00726	0.00992	0.01015	0.01039	0.00847	0.00750	0.00979	0.01050	0.01460	0.02505	0.56853	0.02963	0.01591	0.01076	0.00241	0.22740	0.01325	0.00458	0.00519
23	0.00745	0.00578	0.00677	0.00680	0.00828	0.00511	0.00500	0.00936	0.01421	0.01861	0.33302	0.16447	0.36602	0.01413	0.00695	0.00197	0.00293	0.01223	0.00580	0.00511
24	0.01032	0.00924	0.01457	0.20174	0.25607	0.00962	0.01181	0.01287	0.01223	0.01630	0.02397	0.25131	0.12534	0.01058	0.00643	0.00200	0.00549	0.00957	0.00392	0.00660
25	0.02021	0.01482	0.01600	0.01276	0.01702	0.01644	0.01038	0.49632	0.22928	0.07866	0.01725	0.01650	0.01238	0.00725	0.00585	0.00181	0.00580	0.00565	0.00593	0.00970
26	0.00955	0.00658	0.00886	0.12697	0.01359	0.00650	0.00697	0.01121	0.01216	0.08249	0.07292	0.34538	0.16893	0.08980	0.00905	0.00246	0.00429	0.01187	0.00500	0.00542
27	0.00883	0.00668	0.00759	0.00736	0.00883	0.00641	0.00530	0.07462	0.01355	0.01757	0.13619	0.15409	0.31130	0.15929	0.05356	0.00307	0.00449	0.01099	0.00510	0.00517
28	0.01580	0.01714	0.06411	0.01772	0.16271	0.21199	0.07680	0.12854	0.01541	0.01885	0.01497	0.01983	0.05337	0.14593	0.00999	0.00240	0.00769	0.00589	0.00360	0.00725
29	0.01111	0.01046	0.01767	0.75442	0.06631	0.01295	0.01621	0.01497	0.01169	0.01501	0.01036	0.01546	0.00781	0.00579	0.00581	0.00193	0.00772	0.00517	0.00259	0.00656
30	0.01356	0.01167	0.01441	0.01796	0.25041	0.11328	0.01043	0.01552	0.01229	0.08260	0.01637	0.11582	0.01596	0.15012	0.13034	0.00365	0.00792	0.00718	0.00374	0.00677
31	0.01244	0.00858	0.00950	0.00923	0.01109	0.07565	0.00697	0.01398	0.01326	0.14062	0.09225	0.30416	0.06729	0.01349	0.00763	0.04920	0.00460	0.09664	0.00528	0.05816
32	0.01471	0.01153	0.01687	0.06133	0.01856	0.05316	0.17356	0.05561	0.01436	0.15001	0.02120	0.11498	0.08203	0.00860	0.00621	0.00181	0.00617	0.05037	0.00457	0.13437
33	0.01522	0.01304	0.02019	0.16581	0.45095	0.03837	0.01550	0.06263	0.01402	0.08585	0.01228	0.01537	0.00968	0.00766	0.04662	0.00217	0.00744	0.00525	0.00341	0.00852
34	0.06743	0.13637	0.06853	0.08344	0.23304	0.21175	0.05399	0.01947	0.04201	0.01721	0.01028	0.01262	0.00839	0.00554	0.00524	0.00165	0.00783	0.00446	0.00297	0.00778
35	0.01493	0.13781	0.11613	0.08990	0.16968	0.01602	0.21996	0.12918	0.01507	0.02035	0.01108	0.01375	0.00858	0.00545	0.00574	0.00175	0.00782	0.00524	0.00321	0.00834
36	0.00930	0.00663	0.00844	0.00829	0.00965	0.00675	0.00613	0.03256	0.05172	0.04593	0.15777	0.17478	0.12763	0.09415	0.22841	0.00446	0.00712	0.00991	0.00486	0.00550
37	0.02766	0.10887	0.08559	0.06190	0.04756	0.14293	0.01192	0.17054	0.10529	0.06572	0.01422	0.03741	0.01157	0.00724	0.00627	0.00179	0.04840	0.03284	0.00419	0.00808
38	0.05715	0.01865	0.23089	0.01408	0.01898	0.09895	0.10062	0.12909	0.01519	0.06691	0.01656	0.02114	0.05852	0.07880	0.00803	0.00220	0.00737	0.04537	0.00390	0.00758
39	0.19571	0.00956	0.01012	0.00845	0.01164	0.00987	0.00683	0.13104	0.01523	0.22279	0.01689	0.01733	0.01212	0.00662	0.00471	0.00163	0.00427	0.00501	0.30265	0.00750
40	0.00869	0.00615	0.00764	0.00801	0.00923	0.00581	0.00585	0.01113	0.05383	0.04631	0.18125	0.34523	0.15964	0.05119	0.00815	0.00232	0.00358	0.07502	0.00561	0.00536
41	0.01465	0.11510	0.44082	0.01486	0.02143	0.06093	0.01678	0.13937	0.05677	0.02083	0.01132	0.01266	0.00841	0.00604	0.00587	0.00177	0.03618	0.00444	0.00325	0.00852
42	0.00871	0.00721	0.00943	0.01148	0.12424	0.00679	0.00702	0.01113	0.04521	0.01723	0.14261	0.20929	0.30102	0.06219	0.00820	0.00223	0.00386	0.01139	0.00506	0.00572
43	0.01224	0.00680	0.00813	0.00779	0.00977	0.00627	0.00583	0.01481	0.05500	0.17909	0.03377	0.26698	0.20124	0.01238	0.00627	0.00194	0.00356	0.01066	0.15121	0.00627

[dist]
# distance from previous block
# <min> <max>
0	4

[block]
# block no. 1 follows, 40 sequences, length 16
# corresponding to MSA columns:
# 166-181
name=unknown_B
#
# <colnr> <probs for GDERKNQSTAVLIFYWHMCP>
#	G	D	E	R	K	N	Q	S	T	A	V	L	I	F	Y	W	H	M	C	P
0	0.01125	0.01287	0.12777	0.01827	0.20365	0.01026	0.08047	0.04514	0.04091	0.01814	0.02011	0.32978	0.02111	0.01066	0.00649	0.00202	0.00585	0.00984	0.00409	0.02134
1	0.01034	0.00909	0.01361	0.10116	0.23851	0.00929	0.01054	0.01359	0.04246	0.01804	0.15998	0.03070	0.18715	0.01411	0.11321	0.00290	0.00646	0.00796	0.00422	0.00669
2	0.00846	0.00581	0.00716	0.00728	0.00759	0.00601	0.00472	0.00908	0.00904	0.01223	0.01899	0.05574	0.02112	0.57335	0.17458	0.00608	0.00753	0.05760	0.00362	0.00401
3	0.01929	0.11881	0.01384	0.00928	0.01297	0.00953	0.00770	0.02122	0.01480	0.45050	0.02804	0.10642	0.14403	0.00935	0.00590	0.00181	0.00461	0.00771	0.00604	0.00815
4	0.07694	0.10671	0.30861	0.08752	0.12583	0.07137	0.01594	0.06999	0.02470	0.04480	0.01083	0.01272	0.00818	0.00566	0.00526	0.00173	0.00751	0.00440	0.00311	0.00819
5	0.01379	0.01031	0.06550	0.04082	0.04554	0.03514	0.00938	0.02641	0.01294	0.18960	0.08571	0.13814	0.02010	0.01837	0.20076	0.00383	0.05271	0.00769	0.01639	0.00689
6	0.37368	0.05711	0.12742	0.01681	0.18302	0.08736	0.04237	0.01813	0.01190	0.02126	0.00932	0.01133	0.00739	0.00538	0.00467	0.00174	0.00654	0.00399	0.00312	0.00746
7	0.01344	0.01786	0.20683	0.01878	0.02436	0.01353	0.37849	0.09893	0.01418	0.01959	0.01260	0.01778	0.01031	0.11561	0.00959	0.00242	0.00854	0.00627	0.00323	0.00766
8	0.01240	0.04025	0.10053	0.01116	0.01380	0.11633	0.00964	0.09587	0.01272	0.01659	0.01389	0.01993	0.01260	0.10360	0.38788	0.00586	0.01169	0.00566	0.00335	0.00625
9	0.01368	0.10249	0.19235	0.01034	0.01460	0.01000	0.01037	0.01703	0.01461	0.18425	0.25137	0.02832	0.10914	0.00887	0.00596	0.00177	0.00505	0.00736	0.00508	0.00736
10	0.00780	0.00625	0.00928	0.00921	0.01040	0.00575	0.07260	0.00943	0.01227	0.01627	0.11603	0.53302	0.13785	0.01579	0.00723	0.00221	0.00383	0.01437	0.00529	0.00512
11	0.01978	0.00919	0.01178	0.00986	0.01312	0.00857	0.00779	0.11222	0.01631	0.43464	0.02394	0.21943	0.02010	0.01000	0.00615	0.00191	0.00459	0.00852	0.05378	0.00830
12	0.16404	0.00658	0.00662	0.00648	0.00816	0.00679	0.00490	0.01317	0.01256	0.02222	0.17244	0.09471	0.02383	0.00864	0.00487	0.00163	0.00311	0.00708	0.42663	0.00553
13	0.01361	0.34100	0.23018	0.01276	0.01749	0.06096	0.01332	0.01675	0.01153	0.01505	0.00958	0.01222	0.00826	0.01029	0.09362	0.00252	0.11684	0.00411	0.00259	0.00733
14	0.00722	0.00528	0.00679	0.00774	0.00840	0.00485	0.00530	0.00853	0.01212	0.01613	0.13614	0.60400	0.12220	0.01694	0.00728	0.00224	0.00324	0.01521	0.00554	0.00485
15	0.14887	0.00753	0.00857	0.00897	0.01083	0.00791	0.00758	0.04366	0.01308	0.02074	0.02330	0.04293	0.02324	0.01155	0.00619	0.00216	0.00459	0.38949	0.21309	0.00572

[dist]
# distance from previous block
# <min> <max>
7	13

[block]
# block no. 2 follows, 40 sequences, length 25
# corresponding to MSA columns:
# 207-231
name=unknown_C
#
# <colnr> <probs for GDERKNQSTAVLIFYWHMCP>
#	G	D	E	R	K	N	Q	S	T	A	V	L	I	F	Y	W	H	M	C	P
0	0.01443	0.08001	0.33372	0.01819	0.09148	0.04761	0.12969	0.10141	0.08958	0.02064	0.01220	0.01386	0.00912	0.00578	0.00568	0.00179	0.00788	0.00501	0.00333	0.00858
1	0.16537	0.04582	0.21472	0.01339	0.03041	0.12406	0.01276	0.08405	0.05586	0.02012	0.01104	0.01324	0.00880	0.01011	0.08327	0.00258	0.08915	0.00448	0.00333	0.00746
2	0.13334	0.17015	0.11555	0.01606	0.13607	0.18844	0.01247	0.09607	0.01457	0.01971	0.00977	0.01141	0.00788	0.00556	0.00486	0.00157	0.00730	0.00399	0.00322	0.04201
3	0.00935	0.00768	0.00972	0.00893	0.01091	0.00758	0.04844	0.01286	0.10191	0.04277	0.09378	0.17654	0.37118	0.01320	0.00759	0.00206	0.05311	0.01123	0.00527	0.00587
4	0.02481	0.01465	0.17527	0.01694	0.19589	0.01029	0.01272	0.01730	0.01298	0.11999	0.01681	0.02074	0.05856	0.04210	0.00663	0.00181	0.00598	0.04669	0.00385	0.19599
5	0.00961	0.00693	0.00799	0.00760	0.00910	0.00650	0.00535	0.05615	0.01184	0.01637	0.02519	0.18520	0.10734	0.28012	0.01419	0.00313	0.00449	0.05436	0.06915	0.11939
6	0.01842	0.15819	0.01787	0.01259	0.01634	0.24276	0.01018	0.12739	0.26350	0.05297	0.01507	0.01495	0.01158	0.00664	0.00531	0.00166	0.00692	0.00489	0.00447	0.00828
7	0.06040	0.10259	0.22140	0.01152	0.01611	0.06701	0.01152	0.07586	0.04623	0.01927	0.04387	0.10763	0.10275	0.00857	0.00562	0.00176	0.00605	0.02028	0.00394	0.06763
8	0.01623	0.13968	0.22679	0.01662	0.09997	0.07862	0.06744	0.11859	0.01508	0.08760	0.01183	0.01340	0.00894	0.00700	0.02944	0.00192	0.02441	0.00468	0.00353	0.02823
9	0.06421	0.01238	0.01630	0.01360	0.01631	0.12369	0.18154	0.01478	0.01252	0.01660	0.05226	0.02605	0.10170	0.03169	0.18538	0.00375	0.05838	0.05906	0.00364	0.00616
10	0.01216	0.00674	0.00833	0.00768	0.00968	0.00598	0.00570	0.01381	0.01379	0.20409	0.16681	0.16179	0.24245	0.10301	0.00932	0.00239	0.00379	0.01059	0.00582	0.00608
11	0.09232	0.21725	0.05054	0.01537	0.12127	0.26925	0.01130	0.01983	0.06744	0.01681	0.01155	0.06094	0.01032	0.00646	0.00498	0.00160	0.00739	0.00477	0.00325	0.00736
12	0.01639	0.01694	0.02549	0.02528	0.27644	0.12873	0.27552	0.12487	0.01597	0.02074	0.01139	0.01421	0.00891	0.00547	0.00609	0.00178	0.00842	0.00558	0.00335	0.00845
13	0.00719	0.00576	0.00628	0.00642	0.00793	0.00501	0.00463	0.00865	0.01300	0.01622	0.13952	0.15740	0.51317	0.07214	0.00862	0.00227	0.00318	0.01238	0.00539	0.00485
14	0.00930	0.00694	0.00888	0.05774	0.04743	0.00648	0.00713	0.01151	0.01395	0.06082	0.17294	0.04875	0.37388	0.01299	0.00690	0.00204	0.00395	0.13729	0.00538	0.00569
15	0.01407	0.06932	0.33059	0.01346	0.01902	0.01390	0.01435	0.16974	0.10189	0.03442	0.05659	0.01670	0.01281	0.01086	0.09412	0.00266	0.00792	0.00529	0.00395	0.00831
16	0.00728	0.00567	0.00644	0.00669	0.00799	0.00502	0.00474	0.00871	0.01281	0.01629	0.15828	0.23150	0.40466	0.08630	0.00908	0.00237	0.00326	0.01269	0.00539	0.00483
17	0.00821	0.00553	0.00641	0.00666	0.00672	0.00547	0.00386	0.00839	0.00893	0.01191	0.02078	0.17274	0.02424	0.65672	0.02564	0.00505	0.00523	0.00990	0.00386	0.00374
18	0.01470	0.01786	0.17052	0.01780	0.13405	0.12122	0.10667	0.10089	0.01461	0.02003	0.01237	0.01507	0.00974	0.00841	0.05456	0.00221	0.04030	0.00512	0.12616	0.00770
19	0.01652	0.01081	0.01372	0.01402	0.11980	0.01112	0.00943	0.15966	0.13690	0.18433	0.02101	0.17158	0.01863	0.07524	0.00814	0.00224	0.00520	0.00807	0.00544	0.00813
20	0.10594	0.00733	0.00759	0.00663	0.00919	0.00682	0.00514	0.01365	0.01235	0.02132	0.08541	0.02215	0.06298	0.00700	0.00450	0.00137	0.00331	0.00559	0.41155	0.20017
21	0.06335	0.01038	0.01362	0.01351	0.12823	0.00988	0.00909	0.10009	0.01382	0.15769	0.01346	0.01568	0.01051	0.01106	0.07215	0.12813	0.00614	0.00483	0.00417	0.21421
22	0.01566	0.05126	0.09491	0.01288	0.07027	0.01146	0.03456	0.12429	0.04784	0.13069	0.01425	0.01710	0.01138	0.09685	0.00804	0.00195	0.00580	0.00510	0.00426	0.24144
23	0.01905	0.01551	0.01436	0.01248	0.02822	0.20875	0.00970	0.16480	0.07073	0.15927	0.01516	0.01610	0.01137	0.00948	0.05754	0.00223	0.07251	0.00514	0.09971	0.00789
24	0.13565	0.04670	0.01415	0.01111	0.01469	0.10116	0.00895	0.29285	0.01821	0.05863	0.01768	0.08724	0.07427	0.00818	0.00593	0.00175	0.03201	0.00620	0.00476	0.05988

[dist]
# distance from previous block
# <min> <max>
0	41

[block]
# block no. 3 follows, 40 sequences, length 16
# corresponding to MSA columns:
# 273-288
name=unknown_D
#
# <colnr> <probs for GDERKNQSTAVLIFYWHMCP>
#	G	D	E	R	K	N	Q	S	T	A	V	L	I	F	Y	W	H	M	C	P
0	0.05054	0.09885	0.32548	0.01265	0.01818	0.01246	0.01364	0.08053	0.01406	0.15961	0.01634	0.14287	0.01404	0.00801	0.00566	0.00185	0.00643	0.00653	0.00418	0.00809
1	0.01311	0.01225	0.02062	0.09142	0.57675	0.01259	0.01580	0.01629	0.01243	0.01766	0.01177	0.01650	0.01024	0.04178	0.10330	0.00286	0.00802	0.00544	0.00291	0.00825
2	0.08328	0.15707	0.01376	0.00945	0.01187	0.01163	0.00780	0.07190	0.04158	0.01761	0.05717	0.04505	0.04396	0.02492	0.37148	0.00533	0.01008	0.00610	0.00371	0.00625
3	0.01636	0.01448	0.08557	0.02927	0.55587	0.01280	0.01641	0.01987	0.01380	0.15921	0.01316	0.01523	0.01003	0.00559	0.00575	0.00175	0.00668	0.00523	0.00366	0.00929
4	0.00787	0.00566	0.00676	0.00702	0.00760	0.00556	0.00458	0.00864	0.01000	0.01311	0.02822	0.18406	0.16218	0.39253	0.12641	0.00484	0.00610	0.01041	0.00418	0.00425
5	0.00819	0.00599	0.00793	0.00908	0.01015	0.00573	0.00723	0.01010	0.01256	0.01624	0.03533	0.32309	0.14056	0.01664	0.00765	0.00246	0.00430	0.36632	0.00538	0.00506
6	0.02012	0.02634	0.07968	0.01479	0.01829	0.62941	0.01190	0.02361	0.09199	0.01563	0.01063	0.01180	0.00854	0.00615	0.00534	0.00158	0.00972	0.00409	0.00325	0.00715
7	0.01315	0.08279	0.08310	0.26339	0.34817	0.01439	0.07894	0.01699	0.01258	0.01716	0.01053	0.01424	0.00842	0.00536	0.00567	0.00178	0.00750	0.00507	0.00272	0.00803
8	0.02027	0.01079	0.01284	0.01027	0.01394	0.01079	0.00830	0.22189	0.06356	0.33624	0.08298	0.02112	0.01710	0.03142	0.00642	0.00186	0.00488	0.00615	0.11046	0.00871
9	0.00709	0.00560	0.00639	0.00682	0.00815	0.00490	0.00488	0.00853	0.01283	0.01619	0.12161	0.31610	0.42899	0.01567	0.00707	0.00209	0.00308	0.01360	0.00550	0.00490
10	0.01299	0.00875	0.01318	0.04631	0.09034	0.00842	0.07113	0.04319	0.03197	0.15819	0.05820	0.32189	0.07619	0.01188	0.00668	0.00206	0.00490	0.02165	0.00522	0.00687
11	0.00966	0.00632	0.00774	0.00772	0.00833	0.03838	0.00536	0.00872	0.00935	0.01186	0.02081	0.05129	0.15250	0.05073	0.09060	0.50097	0.00586	0.00698	0.00328	0.00352
12	0.02096	0.01326	0.01468	0.01147	0.01554	0.01413	0.00941	0.48379	0.02278	0.17107	0.01650	0.01636	0.01158	0.00699	0.00553	0.00169	0.00551	0.00538	0.14424	0.00914
13	0.01413	0.16106	0.02223	0.13538	0.38832	0.01553	0.01465	0.01954	0.13734	0.01830	0.01247	0.01484	0.01012	0.00569	0.00541	0.00171	0.00651	0.00503	0.00328	0.00848
14	0.03336	0.12853	0.01778	0.07839	0.01825	0.08608	0.01059	0.35061	0.10737	0.02666	0.07332	0.01632	0.01363	0.00697	0.00552	0.00170	0.00632	0.00533	0.00482	0.00845
15	0.01772	0.15579	0.11715	0.01274	0.03988	0.07932	0.01136	0.10172	0.01529	0.19183	0.06462	0.01578	0.01277	0.00677	0.00649	0.00167	0.07428	0.00497	0.00435	0.06549

[dist]
# distance from previous block
# <min> <max>
1	7

[block]
# block no. 4 follows, 40 sequences, length 6
# corresponding to MSA columns:
# 296-301
name=unknown_E
#
# <colnr> <probs for GDERKNQSTAVLIFYWHMCP>
#	G	D	E	R	K	N	Q	S	T	A	V	L	I	F	Y	W	H	M	C	P
0	0.01510	0.03844	0.13946	0.01598	0.09365	0.20313	0.03411	0.03756	0.01343	0.05519	0.01344	0.01998	0.01198	0.03526	0.08794	0.00279	0.09272	0.07929	0.00340	0.00716
1	0.01223	0.10698	0.06586	0.08906	0.01612	0.08922	0.00907	0.01473	0.01304	0.03783	0.06411	0.05983	0.16574	0.00811	0.00544	0.00153	0.00544	0.00657	0.00389	0.22519
2	0.01424	0.09800	0.09219	0.01160	0.01420	0.27633	0.00966	0.01602	0.01224	0.01383	0.01297	0.04970	0.01284	0.19726	0.11189	0.00358	0.03868	0.00573	0.00311	0.00595
3	0.61746	0.01084	0.00928	0.00806	0.01172	0.01192	0.00656	0.01799	0.05518	0.07598	0.01329	0.01390	0.05288	0.00615	0.00415	0.00175	0.00443	0.00411	0.00408	0.07027
4	0.01488	0.18680	0.09554	0.01209	0.01533	0.10670	0.01094	0.04209	0.01237	0.09232	0.01206	0.01507	0.01013	0.01634	0.20728	0.00373	0.13117	0.00479	0.00332	0.00706
5	0.01094	0.09077	0.01255	0.00959	0.01179	0.03715	0.00758	0.01282	0.01174	0.03663	0.09730	0.19939	0.02163	0.01665	0.15260	0.00319	0.08697	0.00801	0.00405	0.16865

[dist]
# distance from previous block
# <min> <max>
0	2

[block]
# block no. 5 follows, 40 sequences, length 72
# corresponding to MSA columns:
# 304-337,347-384
name=unknown_F
#
# <colnr> <probs for GDERKNQSTAVLIFYWHMCP>
#	G	D	E	R	K	N	Q	S	T	A	V	L	I	F	Y	W	H	M	C	P
0	0.05631	0.12599	0.19079	0.12626	0.18410	0.01310	0.01409	0.01611	0.01237	0.04291	0.01704	0.07680	0.08594	0.00736	0.00555	0.00179	0.00646	0.00618	0.00332	0.00752
1	0.00756	0.00526	0.00661	0.00749	0.00771	0.00504	0.00474	0.00822	0.01020	0.01360	0.02727	0.52907	0.03242	0.28923	0.01515	0.00350	0.00416	0.01372	0.00474	0.00431
2	0.01340	0.01313	0.01876	0.01569	0.01635	0.01764	0.05556	0.06220	0.01041	0.01576	0.00830	0.01298	0.00785	0.00965	0.01748	0.00246	0.68769	0.00520	0.00278	0.00668
3	0.01223	0.01098	0.01762	0.27023	0.31673	0.01183	0.01416	0.05709	0.01358	0.01858	0.08507	0.11487	0.01682	0.00777	0.00609	0.00189	0.00631	0.00711	0.00361	0.00744
4	0.01761	0.00898	0.01124	0.00946	0.01228	0.00877	0.00752	0.13754	0.02805	0.28353	0.10872	0.02431	0.01912	0.01030	0.00859	0.13541	0.00467	0.04779	0.10877	0.00733
5	0.01294	0.00701	0.00864	0.00805	0.01042	0.00612	0.00625	0.01466	0.01388	0.24251	0.04056	0.18810	0.33514	0.01322	0.00676	0.00205	0.00383	0.06747	0.00594	0.00642
6	0.47592	0.01168	0.01138	0.00934	0.01336	0.01258	0.00770	0.13679	0.01462	0.23653	0.01325	0.01310	0.00917	0.00616	0.00459	0.00179	0.00493	0.00425	0.00498	0.00790
7	0.01529	0.15463	0.06339	0.04460	0.06640	0.23686	0.05416	0.05886	0.01401	0.01649	0.03812	0.04368	0.01189	0.01302	0.14079	0.00298	0.00937	0.00524	0.00324	0.00698
8	0.01732	0.00969	0.01264	0.01059	0.01329	0.01023	0.00853	0.11226	0.01461	0.30144	0.02015	0.02230	0.06183	0.06213	0.19468	0.00394	0.10530	0.00633	0.00512	0.00762
9	0.00886	0.00704	0.01041	0.01009	0.01100	0.00859	0.00795	0.01084	0.00929	0.01356	0.01458	0.02158	0.01367	0.03943	0.67823	0.00849	0.11193	0.00609	0.00304	0.00534
10	0.00906	0.00631	0.00853	0.03945	0.05225	0.00640	0.00618	0.00962	0.00988	0.01320	0.03641	0.10268	0.05015	0.34656	0.06905	0.13852	0.00595	0.08175	0.00375	0.00431
11	0.01348	0.13387	0.21182	0.01853	0.17237	0.08681	0.05618	0.01701	0.01278	0.01708	0.05892	0.04013	0.03671	0.00699	0.00703	0.00180	0.09224	0.00552	0.00307	0.00765
12	0.01291	0.30080	0.37878	0.01344	0.01941	0.01674	0.01541	0.01711	0.01208	0.01665	0.06153	0.01345	0.01075	0.00622	0.00628	0.00170	0.08182	0.00439	0.00275	0.00776
13	0.20196	0.01462	0.02062	0.05961	0.39257	0.08488	0.10792	0.01815	0.01277	0.01993	0.01019	0.01312	0.00827	0.00530	0.00536	0.00176	0.00711	0.00480	0.00305	0.00801
14	0.01384	0.04619	0.05125	0.13227	0.22784	0.08653	0.26670	0.01759	0.01340	0.01738	0.01395	0.01706	0.05736	0.00588	0.00609	0.00182	0.00815	0.00598	0.00300	0.00774
15	0.00819	0.00596	0.00839	0.00856	0.00930	0.00661	0.00625	0.00970	0.00938	0.01320	0.01821	0.12232	0.01891	0.19740	0.52169	0.00770	0.01197	0.00799	0.00349	0.00479
16	0.20615	0.01390	0.01399	0.01141	0.01508	0.04118	0.00930	0.36931	0.06794	0.04542	0.04459	0.01694	0.05412	0.00750	0.00626	0.00183	0.05641	0.00541	0.00503	0.00822
17	0.01244	0.06323	0.06121	0.01974	0.28542	0.01082	0.04031	0.03827	0.01297	0.06099	0.01957	0.30958	0.02041	0.01031	0.00629	0.00196	0.00560	0.00941	0.00413	0.00736
18	0.02333	0.00946	0.01233	0.00967	0.01364	0.00848	0.00792	0.06053	0.01642	0.60337	0.02184	0.01983	0.01426	0.00712	0.00555	0.00172	0.00464	0.00575	0.14501	0.00914
19	0.01342	0.01477	0.02921	0.02165	0.02571	0.01567	0.51380	0.01719	0.01223	0.01719	0.01049	0.01477	0.00846	0.00653	0.01064	0.00214	0.24961	0.00631	0.00282	0.00738
20	0.29838	0.01707	0.01252	0.01123	0.01440	0.29157	0.00869	0.07175	0.06286	0.06363	0.01302	0.08661	0.01130	0.00723	0.00501	0.00175	0.00676	0.00518	0.00407	0.00697
21	0.01308	0.01354	0.01540	0.01369	0.01446	0.14083	0.01107	0.01460	0.01028	0.01391	0.00991	0.01496	0.00939	0.01812	0.21136	0.00413	0.45722	0.00516	0.00277	0.00612
22	0.00768	0.00544	0.00709	0.00773	0.00824	0.00529	0.00521	0.00887	0.01125	0.01533	0.14425	0.43648	0.03508	0.18132	0.08964	0.00367	0.00498	0.01284	0.00494	0.00464
23	0.00712	0.00583	0.00627	0.00631	0.00804	0.00499	0.00468	0.00877	0.01362	0.01692	0.17369	0.11247	0.58205	0.01453	0.00691	0.00197	0.00295	0.01232	0.00557	0.00499
24	0.00889	0.00721	0.01173	0.01064	0.01204	0.00769	0.09802	0.01088	0.00992	0.01391	0.01713	0.09820	0.01719	0.15873	0.48236	0.00715	0.01207	0.00766	0.00338	0.00521
25	0.06196	0.00887	0.00977	0.00897	0.01125	0.00927	0.00685	0.16237	0.08585	0.07171	0.02467	0.25975	0.06931	0.01093	0.00591	0.00190	0.00412	0.00927	0.17047	0.00679
26	0.01365	0.30030	0.15311	0.12560	0.02530	0.01725	0.25235	0.01762	0.01249	0.01627	0.01001	0.01279	0.00794	0.00516	0.00536	0.00168	0.00801	0.00484	0.00265	0.00763
27	0.01614	0.72512	0.02913	0.01043	0.01522	0.09489	0.01007	0.01797	0.01226	0.01373	0.00817	0.00944	0.00747	0.00507	0.00388	0.00127	0.00663	0.00317	0.00254	0.00739
28	0.01443	0.01332	0.01140	0.00998	0.01299	0.21947	0.00774	0.01651	0.01481	0.09543	0.14597	0.02935	0.15733	0.00905	0.00588	0.00162	0.00565	0.05392	0.00469	0.17043
29	0.01258	0.17702	0.56155	0.04559	0.03575	0.02572	0.01873	0.01808	0.01219	0.01726	0.00993	0.01185	0.00744	0.00550	0.00538	0.00173	0.01886	0.00412	0.00248	0.00825
30	0.01202	0.00684	0.00865	0.00837	0.01033	0.00621	0.00636	0.01422	0.03759	0.19155	0.10545	0.28719	0.19845	0.01372	0.00687	0.00210	0.00378	0.06814	0.00593	0.00625
31	0.00743	0.00529	0.00703	0.00816	0.00857	0.00509	0.00557	0.00851	0.01089	0.01456	0.02959	0.62702	0.03495	0.09433	0.05950	0.00315	0.00450	0.05610	0.00507	0.00468
32	0.01289	0.00819	0.01038	0.00935	0.01122	0.00857	0.00710	0.13070	0.01418	0.11962	0.10994	0.10984	0.02233	0.14632	0.23683	0.00471	0.01867	0.00801	0.00482	0.00632
33	0.01596	0.11565	0.11432	0.02228	0.27119	0.16338	0.08937	0.07389	0.01471	0.01858	0.01124	0.01485	0.00940	0.00589	0.00559	0.00170	0.00793	0.03276	0.00313	0.00820
34	0.00847	0.00652	0.00753	0.00769	0.00924	0.00611	0.00581	0.05140	0.02421	0.01754	0.10818	0.19985	0.34829	0.06104	0.00842	0.00234	0.00374	0.11295	0.00541	0.00525
35	0.00752	0.00597	0.00681	0.00719	0.00857	0.00545	0.00516	0.00981	0.05565	0.01660	0.11200	0.32566	0.38193	0.01536	0.00702	0.00210	0.00318	0.01336	0.00552	0.00514
36	0.01388	0.06556	0.05912	0.11376	0.11218	0.12272	0.01082	0.09060	0.03065	0.01922	0.01841	0.06967	0.08350	0.00769	0.00546	0.00170	0.00611	0.00628	0.15566	0.00701
37	0.01165	0.04316	0.32098	0.05895	0.06726	0.01146	0.01417	0.08037	0.01316	0.01871	0.01597	0.15340	0.01507	0.03457	0.05722	0.00251	0.00725	0.02266	0.04418	0.00730
38	0.01010	0.00505	0.00758	0.00758	0.00758	0.00505	0.00505	0.00758	0.00758	0.01010	0.01010	0.01768	0.01010	0.02020	0.02273	0.83081	0.00505	0.00505	0.00253	0.00253
39	0.06910	0.01408	0.05226	0.18441	0.20631	0.01391	0.22040	0.08731	0.01433	0.06422	0.01184	0.01486	0.00890	0.00556	0.00594	0.00185	0.00765	0.00553	0.00340	0.00813
40	0.01646	0.04611	0.17963	0.02337	0.34842	0.01390	0.01583	0.11037	0.04408	0.12566	0.01329	0.01474	0.00990	0.00586	0.00566	0.00176	0.00681	0.00507	0.00387	0.00920
41	0.01165	0.01923	0.37104	0.01557	0.08984	0.01165	0.01528	0.01750	0.08864	0.03728	0.04212	0.07260	0.05875	0.00965	0.03498	0.00224	0.03758	0.05295	0.00369	0.00775
42	0.32468	0.01125	0.05392	0.00924	0.01307	0.01061	0.00798	0.07034	0.01434	0.25840	0.10765	0.01816	0.01575	0.00698	0.00501	0.00178	0.00468	0.00527	0.05323	0.00766
43	0.01090	0.06469	0.01498	0.04041	0.01504	0.05386	0.09970	0.04145	0.01127	0.01516	0.01394	0.01967	0.01249	0.03106	0.52030	0.00683	0.01326	0.00587	0.00313	0.00600
44	0.01170	0.04418	0.19154	0.05846	0.09077	0.01060	0.05862	0.01539	0.01238	0.01813	0.04192	0.09420	0.01319	0.00656	0.00538	0.00151	0.00603	0.00574	0.00336	0.31034
45	0.01846	0.10068	0.01802	0.04304	0.01749	0.04534	0.01092	0.43175	0.06344	0.02765	0.01381	0.05835	0.01127	0.00778	0.00733	0.00184	0.10381	0.00565	0.00479	0.00859
46	0.01216	0.12807	0.67185	0.01573	0.02386	0.01472	0.02002	0.01829	0.01222	0.01781	0.01014	0.01190	0.00738	0.00545	0.00530	0.00177	0.00829	0.00415	0.00246	0.00845
47	0.11864	0.01185	0.01609	0.22220	0.18413	0.02543	0.01251	0.13451	0.01426	0.02105	0.03914	0.01633	0.01100	0.02661	0.06755	0.00251	0.03773	0.00526	0.02583	0.00738
48	0.01410	0.29150	0.09651	0.01128	0.01556	0.08429	0.01050	0.01629	0.01173	0.01546	0.00907	0.01139	0.00794	0.00651	0.00730	0.04975	0.10692	0.00375	0.00280	0.22738
49	0.00802	0.00558	0.00655	0.00682	0.00714	0.00548	0.00420	0.00848	0.00950	0.01254	0.02480	0.18953	0.09482	0.52218	0.06565	0.00484	0.00550	0.01031	0.00405	0.00399
50	0.00833	0.00572	0.00667	0.00661	0.00696	0.00567	0.00404	0.00888	0.00979	0.01317	0.11294	0.03890	0.06788	0.60878	0.06809	0.00516	0.00569	0.00881	0.00397	0.00395
51	0.00842	0.00603	0.00791	0.00774	0.00896	0.00587	0.00566	0.00968	0.01151	0.01576	0.18062	0.10600	0.14527	0.07379	0.21186	0.12197	0.00682	0.00893	0.00437	0.05282
52	0.00709	0.00506	0.00675	0.00810	0.00843	0.00472	0.00540	0.00810	0.01113	0.01484	0.03205	0.79184	0.03846	0.01822	0.00742	0.00236	0.00337	0.01653	0.00540	0.00472
53	0.01098	0.01034	0.01744	0.78165	0.04005	0.01292	0.01615	0.01486	0.01163	0.01486	0.01034	0.01550	0.00775	0.00581	0.00581	0.00194	0.00775	0.00517	0.00258	0.00646
54	0.01682	0.00920	0.01106	0.00971	0.01264	0.00925	0.00756	0.02333	0.24170	0.29212	0.05290	0.14606	0.02097	0.00932	0.00594	0.00189	0.00422	0.00793	0.10926	0.00811
55	0.00998	0.00789	0.00890	0.00828	0.01042	0.00797	0.00632	0.01630	0.22634	0.03514	0.33785	0.04023	0.23884	0.01144	0.00657	0.00191	0.00338	0.00978	0.00600	0.00648
56	0.00709	0.00506	0.00675	0.00810	0.00843	0.00472	0.00540	0.00810	0.01113	0.01484	0.03205	0.79184	0.03846	0.01822	0.00742	0.00236	0.00337	0.01653	0.00540	0.00472
57	0.00873	0.00591	0.00662	0.00685	0.00845	0.00548	0.00541	0.01094	0.01324	0.01857	0.10229	0.04622	0.31813	0.01229	0.00624	0.00191	0.00335	0.15423	0.25993	0.00521
58	0.00792	0.00639	0.01020	0.01015	0.01118	0.00597	0.09717	0.00942	0.01146	0.01532	0.02951	0.69464	0.03475	0.01655	0.00735	0.00231	0.00418	0.01532	0.00509	0.00511
59	0.00711	0.00515	0.00673	0.00791	0.00840	0.00477	0.00533	0.00823	0.01149	0.01524	0.06239	0.70998	0.09035	0.01772	0.00736	0.00231	0.00332	0.01599	0.00544	0.00477
60	0.01672	0.00904	0.01089	0.00902	0.01195	0.00885	0.00720	0.16109	0.01782	0.24165	0.24723	0.02633	0.02613	0.00852	0.00580	0.00171	0.00411	0.00709	0.17124	0.00763
61	0.01071	0.00818	0.00890	0.00912	0.01048	0.05166	0.00655	0.05508	0.10522	0.04386	0.05304	0.49320	0.03038	0.01409	0.00668	0.00211	0.00410	0.01246	0.06823	0.00596
62	0.23238	0.14681	0.04178	0.11351	0.16417	0.06087	0.01137	0.01674	0.01168	0.01870	0.00981	0.01257	0.00817	0.00835	0.06572	0.00223	0.00705	0.00414	0.00302	0.06092
63	0.01494	0.38384	0.02684	0.02356	0.40859	0.01815	0.01413	0.01764	0.01257	0.01649	0.00959	0.01201	0.00839	0.00508	0.00480	0.00150	0.00658	0.00421	0.00269	0.00839
64	0.00951	0.05383	0.00923	0.00777	0.00924	0.00794	0.00558	0.01331	0.13470	0.01744	0.20941	0.08660	0.12974	0.26465	0.01390	0.00310	0.00426	0.00939	0.00496	0.00546
65	0.01439	0.06966	0.23730	0.04430	0.04007	0.08371	0.12508	0.06561	0.01404	0.06320	0.01382	0.05932	0.01114	0.00655	0.00554	0.00174	0.00720	0.00564	0.12405	0.00764
66	0.01488	0.01538	0.01944	0.01555	0.01909	0.16733	0.23438	0.06770	0.16262	0.01930	0.05802	0.01995	0.01466	0.08465	0.05841	0.00268	0.00824	0.00639	0.00401	0.00730
67	0.02609	0.00990	0.01350	0.01035	0.01484	0.00855	0.00855	0.02834	0.01664	0.76338	0.02294	0.01979	0.01439	0.00720	0.00585	0.00180	0.00495	0.00585	0.00720	0.00990
68	0.01136	0.01309	0.12294	0.07114	0.30433	0.01128	0.01391	0.01435	0.01193	0.01688	0.01704	0.25451	0.01775	0.00978	0.00752	0.00203	0.08075	0.00856	0.00355	0.00728
69	0.01431	0.22141	0.07931	0.01360	0.10037	0.07574	0.06136	0.05895	0.01356	0.01904	0.01286	0.01503	0.01034	0.00583	0.00469	0.00149	0.00595	0.00464	0.27433	0.00719
70	0.00745	0.00528	0.00689	0.00783	0.00821	0.00507	0.00520	0.00846	0.01089	0.01466	0.07068	0.57811	0.03513	0.14890	0.05569	0.00328	0.00443	0.01424	0.00501	0.00459
71	0.00706	0.00546	0.00645	0.00713	0.00821	0.00484	0.00499	0.00837	0.01233	0.01569	0.08487	0.44113	0.33989	0.01640	0.00716	0.00216	0.00316	0.01441	0.00546	0.00484

[dist]
# distance from previous block
# <min> <max>
0	8

[block]
# block no. 6 follows, 40 sequences, length 9
# corresponding to MSA columns:
# 393-401
name=unknown_G
#
# <colnr> <probs for GDERKNQSTAVLIFYWHMCP>
#	G	D	E	R	K	N	Q	S	T	A	V	L	I	F	Y	W	H	M	C	P
0	0.04494	0.12399	0.18559	0.01191	0.01564	0.15754	0.01138	0.01575	0.01217	0.01579	0.04408	0.07524	0.01378	0.01769	0.22527	0.00388	0.00983	0.00573	0.00319	0.00659
1	0.14049	0.01187	0.01336	0.03299	0.14830	0.08178	0.01016	0.12796	0.01476	0.02113	0.01884	0.19106	0.01927	0.01032	0.00615	0.00203	0.00577	0.13239	0.00443	0.00692
2	0.01223	0.00988	0.00956	0.00902	0.01060	0.10175	0.00648	0.09381	0.03715	0.04614	0.02297	0.17774	0.08238	0.22322	0.07568	0.00350	0.00622	0.00888	0.05710	0.00567
3	0.16466	0.20948	0.21686	0.01172	0.01639	0.13644	0.01178	0.01721	0.01207	0.01725	0.01149	0.07675	0.01066	0.05697	0.00639	0.00192	0.00695	0.00499	0.00307	0.00696
4	0.01220	0.06378	0.12404	0.01365	0.06525	0.01163	0.09429	0.05530	0.11879	0.01949	0.04134	0.02312	0.13654	0.00994	0.05698	0.00221	0.00645	0.00650	0.02540	0.11314
5	0.02054	0.18272	0.01951	0.01366	0.01737	0.47854	0.01094	0.15613	0.01756	0.01831	0.00973	0.01090	0.00793	0.00597	0.00504	0.00149	0.00885	0.00389	0.00342	0.00748
6	0.00921	0.00711	0.00766	0.00816	0.00874	0.06970	0.00551	0.00931	0.01057	0.01328	0.02532	0.38688	0.08615	0.10723	0.01354	0.20720	0.00461	0.01133	0.00427	0.00423
7	0.01676	0.23826	0.14974	0.01288	0.01745	0.21105	0.01205	0.13608	0.04846	0.01894	0.01240	0.07748	0.01092	0.00690	0.00518	0.00162	0.00744	0.00511	0.00355	0.00771
8	0.01675	0.11022	0.08204	0.13777	0.10088	0.07825	0.01295	0.27903	0.01797	0.02348	0.01225	0.04584	0.00992	0.00652	0.00549	0.00169	0.00696	0.00516	0.00395	0.04286

[dist]
# distance from previous block
# <min> <max>
3	22

[block]
# block no. 7 follows, 40 sequences, length 13
# corresponding to MSA columns:
# 424-427,430-438
name=unknown_H
#
# <colnr> <probs for GDERKNQSTAVLIFYWHMCP>
#	G	D	E	R	K	N	Q	S	T	A	V	L	I	F	Y	W	H	M	C	P
0	0.00813	0.00585	0.00750	0.00811	0.00903	0.00557	0.00605	0.00983	0.01262	0.01681	0.18611	0.24682	0.10778	0.14415	0.01106	0.00283	0.00409	0.19749	0.00529	0.00487
1	0.12272	0.01029	0.01305	0.01014	0.01453	0.00943	0.00837	0.05328	0.01623	0.64853	0.02084	0.01834	0.01326	0.00697	0.00558	0.00180	0.00495	0.00550	0.00672	0.00947
2	0.01081	0.01007	0.01054	0.01014	0.01126	0.13377	0.00763	0.01240	0.01035	0.01328	0.01446	0.02271	0.01405	0.15949	0.47801	0.00703	0.05951	0.00612	0.00313	0.00524
3	0.00729	0.00528	0.00667	0.00759	0.00815	0.00490	0.00508	0.00836	0.01145	0.01512	0.08270	0.57058	0.12256	0.10367	0.00978	0.00264	0.00353	0.01473	0.00526	0.00466
4	0.00773	0.00610	0.00679	0.00706	0.00840	0.00565	0.00498	0.01003	0.06493	0.01592	0.07719	0.25682	0.38259	0.10736	0.00964	0.00250	0.00349	0.01252	0.00526	0.00503
5	0.01420	0.01088	0.01197	0.01043	0.01335	0.01186	0.00814	0.16277	0.33717	0.04712	0.13772	0.02699	0.10334	0.00995	0.00735	0.06126	0.00453	0.00742	0.00571	0.00783
6	0.01486	0.01705	0.27080	0.01212	0.01711	0.01161	0.03999	0.18001	0.01601	0.07693	0.01492	0.01635	0.01092	0.00635	0.00520	0.00166	0.00599	0.00508	0.26911	0.00793
7	0.02093	0.01182	0.01389	0.01115	0.01501	0.01207	0.00901	0.31008	0.05963	0.31054	0.02028	0.10888	0.01564	0.00843	0.00594	0.00183	0.00522	0.00689	0.04370	0.00904
8	0.01065	0.00544	0.00549	0.00549	0.00674	0.00544	0.00402	0.01315	0.01190	0.02086	0.01892	0.02297	0.01540	0.06897	0.00608	0.00169	0.00294	0.00566	0.76291	0.00527
9	0.01193	0.10139	0.31870	0.01546	0.09306	0.01233	0.06615	0.03571	0.01304	0.03820	0.02133	0.08668	0.14538	0.00821	0.00587	0.00184	0.00664	0.00698	0.00354	0.00756
10	0.04271	0.01083	0.01081	0.01016	0.01190	0.13780	0.00775	0.01302	0.01137	0.01505	0.01865	0.14771	0.06613	0.03946	0.27236	0.00451	0.07581	0.00746	0.00364	0.09286
11	0.05718	0.01367	0.01732	0.13729	0.25666	0.07799	0.01270	0.07942	0.07300	0.02023	0.01167	0.01400	0.00930	0.00553	0.00530	0.00157	0.00641	0.00468	0.00350	0.19259
12	0.06407	0.35249	0.02235	0.01189	0.01632	0.15490	0.01035	0.26320	0.01780	0.02224	0.01024	0.01111	0.00823	0.00586	0.00470	0.00149	0.00695	0.00395	0.00377	0.00809

[dist]
# distance from previous block
# <min> <max>
0	4

[block]
# block no. 8 follows, 40 sequences, length 40
# corresponding to MSA columns:
# 445-459,462-486
name=unknown_I
#
# <colnr> <probs for GDERKNQSTAVLIFYWHMCP>
#	G	D	E	R	K	N	Q	S	T	A	V	L	I	F	Y	W	H	M	C	P
0	0.07132	0.01086	0.13207	0.05471	0.01419	0.00825	0.00932	0.01289	0.01160	0.04232	0.07623	0.18790	0.02213	0.08741	0.11538	0.00334	0.00670	0.06101	0.00412	0.06827
1	0.01482	0.11059	0.15603	0.01573	0.12811	0.07052	0.01262	0.07258	0.01379	0.08296	0.01431	0.12296	0.01299	0.00773	0.00654	0.00175	0.06410	0.00616	0.00374	0.08197
2	0.00791	0.00584	0.00794	0.00984	0.06478	0.00559	0.00597	0.00890	0.01077	0.01446	0.02777	0.58578	0.03287	0.16915	0.01163	0.00295	0.00408	0.01410	0.00484	0.00483
3	0.00845	0.00596	0.00782	0.00791	0.00844	0.00641	0.00550	0.00951	0.00915	0.01262	0.01793	0.03326	0.01908	0.42325	0.34751	0.00704	0.00989	0.05245	0.00346	0.00436
4	0.01322	0.22953	0.29760	0.01934	0.19190	0.01570	0.07079	0.01743	0.01242	0.01709	0.01128	0.05759	0.00974	0.00599	0.00531	0.00169	0.00736	0.00509	0.00277	0.00815
5	0.01187	0.33257	0.09556	0.01091	0.04914	0.01421	0.00961	0.01509	0.05753	0.01633	0.08198	0.14540	0.11991	0.00925	0.00543	0.00170	0.00520	0.00757	0.00390	0.00682
6	0.01065	0.00647	0.00790	0.00743	0.00941	0.00568	0.00560	0.01255	0.01443	0.14820	0.24954	0.16412	0.30957	0.01315	0.00678	0.00196	0.00331	0.01133	0.00600	0.00592
7	0.01356	0.01110	0.01739	0.02293	0.40429	0.01114	0.05445	0.06058	0.01376	0.02101	0.01402	0.01703	0.01125	0.00584	0.00522	0.00161	0.00555	0.00537	0.29605	0.00783
8	0.01255	0.01601	0.14353	0.11225	0.08280	0.11166	0.12970	0.01608	0.01206	0.01589	0.01182	0.01621	0.00988	0.01661	0.22575	0.00400	0.04800	0.00541	0.00285	0.00694
9	0.01305	0.01202	0.01933	0.06992	0.50985	0.01226	0.01464	0.01759	0.08137	0.02007	0.15192	0.02058	0.01848	0.00672	0.00598	0.00178	0.00596	0.00631	0.00380	0.00836
10	0.00831	0.00623	0.00935	0.00935	0.01038	0.00727	0.00727	0.01038	0.00935	0.01350	0.01558	0.02285	0.01454	0.04361	0.77259	0.00935	0.01558	0.00623	0.00312	0.00519
11	0.01589	0.01201	0.01871	0.26810	0.16699	0.01348	0.04864	0.07295	0.01378	0.16590	0.01286	0.01559	0.00954	0.00671	0.00799	0.00195	0.13174	0.00538	0.00381	0.00798
12	0.00914	0.08093	0.06727	0.00901	0.01130	0.00764	0.00731	0.01096	0.01146	0.01578	0.02414	0.51468	0.02766	0.01343	0.00636	0.00194	0.00420	0.01192	0.00454	0.16033
13	0.00720	0.00570	0.00648	0.00671	0.00816	0.00498	0.00487	0.00882	0.01339	0.01704	0.19348	0.23120	0.44140	0.01500	0.00700	0.00203	0.00301	0.01295	0.00560	0.00498
14	0.00721	0.00539	0.00643	0.00718	0.00797	0.00491	0.00484	0.00822	0.01142	0.01462	0.03838	0.46375	0.25575	0.12351	0.01029	0.00269	0.00355	0.01413	0.00514	0.00462
15	0.01531	0.12071	0.08697	0.28921	0.02562	0.26721	0.01344	0.03825	0.01374	0.01543	0.01095	0.05707	0.00941	0.00648	0.00542	0.00171	0.00825	0.00500	0.00295	0.00688
16	0.01179	0.00798	0.01205	0.19557	0.06123	0.00856	0.00967	0.01415	0.01186	0.13310	0.02101	0.17663	0.05984	0.01981	0.22546	0.00411	0.00834	0.00827	0.00421	0.00636
17	0.01555	0.79913	0.03047	0.00995	0.01493	0.02301	0.00995	0.01741	0.01182	0.01368	0.00808	0.00933	0.00746	0.00498	0.00373	0.00124	0.00622	0.00311	0.00249	0.00746
18	0.01346	0.05948	0.10121	0.01336	0.10646	0.01102	0.01047	0.08498	0.01368	0.02028	0.01064	0.01239	0.00860	0.00485	0.00473	0.00119	0.00543	0.00391	0.00343	0.51045
19	0.06439	0.14760	0.26929	0.01408	0.06141	0.07709	0.01352	0.07203	0.08862	0.01912	0.01326	0.06342	0.01145	0.05256	0.00669	0.00197	0.00694	0.00536	0.00345	0.00777
20	0.00832	0.00581	0.00713	0.00713	0.00754	0.00604	0.00460	0.00898	0.00899	0.01215	0.02006	0.03501	0.06440	0.54281	0.23075	0.00642	0.00818	0.00808	0.00353	0.00406
21	0.01685	0.01380	0.02030	0.01780	0.11808	0.06035	0.19812	0.11076	0.06739	0.14266	0.01542	0.06075	0.01216	0.00655	0.00595	0.00173	0.00680	0.00618	0.00441	0.11394
22	0.01433	0.01264	0.02064	0.19222	0.40034	0.01343	0.04896	0.07174	0.01413	0.05511	0.05411	0.01651	0.01171	0.00615	0.00650	0.00183	0.04232	0.00559	0.00343	0.00829
23	0.00776	0.00560	0.00762	0.00826	0.00905	0.00577	0.00597	0.00932	0.01066	0.01478	0.02688	0.39397	0.08103	0.02715	0.30425	0.00499	0.00804	0.01157	0.05236	0.00496
24	0.00771	0.00596	0.00698	0.00731	0.00866	0.00546	0.00540	0.00973	0.03364	0.01689	0.15979	0.21819	0.34174	0.06281	0.00848	0.00233	0.00347	0.08496	0.00546	0.00504
25	0.09330	0.15604	0.11403	0.01864	0.18881	0.12441	0.05595	0.04196	0.01334	0.06140	0.01040	0.01245	0.00832	0.00590	0.00627	0.00172	0.07153	0.00444	0.00316	0.00794
26	0.01194	0.01364	0.13485	0.12968	0.12101	0.01193	0.01279	0.07077	0.09398	0.01922	0.04921	0.02685	0.15575	0.00888	0.00724	0.00198	0.07023	0.04868	0.00405	0.00733
27	0.00715	0.00573	0.00639	0.00658	0.00812	0.00497	0.00480	0.00876	0.01340	0.01687	0.17600	0.20032	0.49062	0.01492	0.00698	0.00202	0.00300	0.01281	0.00558	0.00497
28	0.01356	0.30078	0.23424	0.11768	0.14672	0.01698	0.05992	0.01751	0.01228	0.01636	0.00974	0.01220	0.00785	0.00527	0.00504	0.00163	0.00742	0.00429	0.00258	0.00797
29	0.03096	0.23222	0.11947	0.03855	0.11801	0.01674	0.11273	0.09626	0.02699	0.07833	0.01139	0.01323	0.00886	0.00593	0.00631	0.00172	0.06587	0.00477	0.00342	0.00824
