[name]
unknown

[dist]
# distance from previous block
# <min> <max>
0	411

[block]
# block no. 0 follows, 46 sequences, length 64
# corresponding to MSA columns:
# 444-507
name=unknown_A
#
# <colnr> <probs for GDERKNQSTAVLIFYWHMCP>
#	G	D	E	R	K	N	Q	S	T	A	V	L	I	F	Y	W	H	M	C	P
0	0.01066	0.06442	0.13304	0.01103	0.01399	0.00972	0.04952	0.10264	0.06265	0.01780	0.02082	0.19962	0.02146	0.01086	0.00615	0.00199	0.00527	0.24792	0.00426	0.00617
1	0.21722	0.01638	0.28551	0.05622	0.10822	0.01194	0.01289	0.06430	0.01181	0.01964	0.08844	0.01397	0.01130	0.00591	0.00553	0.00169	0.05454	0.00447	0.00311	0.00693
2	0.04119	0.17829	0.01950	0.04563	0.19277	0.32748	0.03989	0.06686	0.01367	0.01566	0.00883	0.01066	0.00733	0.00509	0.00466	0.00142	0.00749	0.00382	0.00278	0.00698
3	0.01799	0.01031	0.01190	0.00978	0.01333	0.05046	0.00788	0.07076	0.14863	0.37658	0.01915	0.05489	0.01448	0.00723	0.00531	0.00161	0.00468	0.05429	0.00543	0.11531
4	0.00656	0.00491	0.00610	0.00677	0.00758	0.00445	0.00471	0.00783	0.01136	0.01492	0.15535	0.50675	0.21369	0.01489	0.00655	0.00198	0.00288	0.01323	0.00505	0.00445
5	0.00668	0.00501	0.00618	0.00670	0.00756	0.00461	0.00468	0.00796	0.01118	0.01469	0.15352	0.40931	0.22901	0.05817	0.04718	0.00245	0.00354	0.01229	0.00486	0.00441
6	0.00764	0.00513	0.00587	0.00596	0.00623	0.00510	0.00361	0.00807	0.00841	0.01147	0.01979	0.08505	0.06941	0.60902	0.06939	0.00466	0.00521	0.00810	0.05833	0.00356
7	0.01497	0.01188	0.01284	0.01088	0.01391	0.01363	0.00869	0.26087	0.41322	0.02486	0.01735	0.01694	0.01301	0.00695	0.00598	0.00171	0.05686	0.00540	0.08196	0.00808
8	0.85155	0.01022	0.00777	0.00695	0.01022	0.01186	0.00573	0.01554	0.00900	0.02372	0.00736	0.00859	0.00573	0.00491	0.00327	0.00164	0.00409	0.00286	0.00327	0.00573
9	0.01791	0.01720	0.01441	0.01222	0.01559	0.27143	0.00960	0.29923	0.24459	0.02325	0.01384	0.01375	0.01041	0.00630	0.00514	0.00157	0.00655	0.00468	0.00447	0.00786
10	0.01738	0.01069	0.01310	0.05859	0.01480	0.01151	0.00875	0.33329	0.01685	0.20539	0.01361	0.01497	0.00999	0.01023	0.04824	0.14781	0.04803	0.00490	0.00461	0.00726
11	0.01983	0.02281	0.01518	0.01329	0.01635	0.61476	0.01018	0.19151	0.01725	0.01762	0.00921	0.01026	0.00731	0.00565	0.00489	0.00141	0.00868	0.00372	0.00331	0.00679
12	0.01080	0.01289	0.15277	0.12926	0.18833	0.00975	0.02747	0.01424	0.01174	0.01713	0.11056	0.01574	0.01316	0.00540	0.00496	0.00139	0.00551	0.00476	0.00309	0.26107
13	0.01034	0.09616	0.18625	0.01278	0.05641	0.01061	0.08977	0.01350	0.02032	0.01559	0.02455	0.18515	0.01558	0.00835	0.00632	0.00172	0.06691	0.05550	0.04092	0.08327
14	0.00644	0.00460	0.00613	0.00736	0.00767	0.00429	0.00491	0.00736	0.01012	0.01350	0.02914	0.81076	0.03497	0.01656	0.00675	0.00215	0.00307	0.01503	0.00491	0.00429
15	0.10918	0.01027	0.01197	0.00950	0.01305	0.01034	0.00776	0.24544	0.01739	0.34321	0.14772	0.01908	0.01740	0.00704	0.00525	0.00163	0.00451	0.00562	0.00569	0.00795
16	0.01474	0.01621	0.12953	0.07527	0.27104	0.15232	0.03179	0.07809	0.02947	0.07973	0.06133	0.01450	0.01106	0.00565	0.00523	0.00158	0.00674	0.00479	0.00336	0.00756
17	0.01750	0.17161	0.05882	0.01406	0.12976	0.14676	0.01047	0.11272	0.01453	0.21029	0.01321	0.05485	0.01037	0.00611	0.00489	0.00150	0.00612	0.00478	0.00399	0.00767
18	0.00719	0.00565	0.00654	0.00627	0.00783	0.00512	0.00471	0.00974	0.04760	0.01821	0.42655	0.04360	0.36823	0.01178	0.00620	0.00172	0.00265	0.01010	0.00540	0.00491
19	0.01942	0.00905	0.01119	0.00903	0.01246	0.00869	0.00731	0.07204	0.13476	0.48299	0.01980	0.01822	0.01338	0.00656	0.00504	0.00159	0.00418	0.00532	0.15078	0.00819
20	0.01518	0.27928	0.13604	0.01222	0.03381	0.01567	0.06045	0.22194	0.04260	0.06109	0.01172	0.01416	0.00944	0.02974	0.00541	0.00161	0.00609	0.03235	0.00359	0.00760
21	0.01019	0.00932	0.01388	0.17199	0.14249	0.01111	0.01084	0.03414	0.01045	0.01451	0.01614	0.21425	0.05570	0.00968	0.00935	0.00199	0.24723	0.00761	0.00325	0.00588
22	0.01022	0.00654	0.00809	0.00818	0.00947	0.00650	0.00584	0.04635	0.11103	0.11390	0.02552	0.51882	0.02750	0.06621	0.00765	0.00221	0.00366	0.01166	0.00508	0.00557
23	0.49740	0.01141	0.01076	0.05124	0.01349	0.01296	0.00755	0.25494	0.01447	0.02612	0.04798	0.01175	0.00906	0.00569	0.00418	0.00163	0.00472	0.00391	0.00400	0.00674
24	0.00971	0.00796	0.00898	0.00880	0.01060	0.00865	0.00655	0.01743	0.37051	0.01797	0.06477	0.28394	0.09640	0.01275	0.04763	0.00226	0.00412	0.00961	0.00507	0.00629
25	0.01208	0.01108	0.01552	0.07224	0.20985	0.02195	0.05024	0.06176	0.10756	0.01776	0.01532	0.01699	0.08327	0.00628	0.00635	0.00154	0.08728	0.00520	0.00342	0.19431
26	0.00651	0.00467	0.00629	0.00744	0.00778	0.00445	0.00502	0.00750	0.01001	0.01341	0.02815	0.75890	0.03354	0.01808	0.05838	0.00256	0.00380	0.01441	0.00477	0.00432
27	0.60419	0.01144	0.05970	0.00810	0.01157	0.01189	0.00706	0.06561	0.08902	0.02348	0.00991	0.01085	0.00755	0.00532	0.00376	0.00163	0.00436	0.00350	0.05475	0.00630
28	0.01272	0.14564	0.07109	0.22565	0.36208	0.06471	0.01447	0.01581	0.01158	0.01518	0.00923	0.01223	0.00756	0.00490	0.00490	0.00154	0.00669	0.00426	0.00247	0.00728
29	0.06629	0.00678	0.00808	0.00717	0.00909	0.00643	0.00539	0.04649	0.01333	0.17085	0.30037	0.05560	0.12834	0.14175	0.00923	0.00225	0.00362	0.00813	0.00520	0.00563
30	0.01523	0.09396	0.01609	0.06236	0.11757	0.20763	0.01045	0.11004	0.11386	0.04535	0.04280	0.01429	0.01093	0.00831	0.05727	0.00202	0.05656	0.00465	0.00355	0.00707
31	0.00695	0.00505	0.00655	0.00687	0.00775	0.00465	0.00489	0.00869	0.01269	0.01742	0.40783	0.37250	0.09156	0.01346	0.00646	0.00188	0.00275	0.01202	0.00537	0.00465
32	0.14715	0.01306	0.01717	0.02068	0.36720	0.01392	0.01221	0.30265	0.01648	0.02443	0.01059	0.01223	0.00820	0.00537	0.00495	0.00159	0.00576	0.00444	0.00374	0.00820
33	0.01130	0.01081	0.01546	0.56249	0.08004	0.05398	0.01338	0.01679	0.15167	0.01532	0.01161	0.01482	0.00880	0.00561	0.00527	0.00173	0.00660	0.00487	0.00295	0.00651
34	0.00768	0.00516	0.00593	0.00593	0.00599	0.00522	0.00341	0.00779	0.00774	0.01037	0.01650	0.03375	0.01885	0.76702	0.07360	0.00533	0.00568	0.00756	0.00318	0.00330
35	0.02283	0.01107	0.01307	0.01016	0.01418	0.06106	0.00832	0.15284	0.01680	0.60422	0.01861	0.01652	0.01197	0.00644	0.00528	0.00161	0.00506	0.00509	0.00607	0.00881
36	0.01413	0.81739	0.02770	0.00905	0.01357	0.02092	0.00905	0.01583	0.01074	0.01244	0.00735	0.00848	0.00678	0.00452	0.00339	0.00113	0.00565	0.00283	0.00226	0.00678
37	0.85155	0.01022	0.00777	0.00695	0.01022	0.01186	0.00573	0.01554	0.00900	0.02372	0.00736	0.00859	0.00573	0.00491	0.00327	0.00164	0.00409	0.00286	0.00327	0.00573
38	0.01060	0.02735	0.78682	0.01507	0.02288	0.01228	0.01953	0.01674	0.01116	0.01674	0.00949	0.01116	0.00670	0.00502	0.00502	0.00167	0.00781	0.00391	0.00223	0.00781
39	0.00717	0.00565	0.00651	0.00634	0.00786	0.00515	0.00473	0.00972	0.05396	0.01767	0.36667	0.09436	0.37073	0.01214	0.00623	0.00176	0.00270	0.01044	0.00533	0.00489
40	0.01749	0.06579	0.01564	0.01383	0.09050	0.27869	0.01014	0.29370	0.01765	0.02150	0.01186	0.01494	0.00976	0.00630	0.00502	0.00151	0.00683	0.05283	0.05873	0.00729
41	0.00719	0.00543	0.00676	0.00730	0.00853	0.00501	0.00572	0.00897	0.01221	0.01579	0.16613	0.20244	0.27910	0.01394	0.00666	0.00203	0.00339	0.23370	0.00505	0.00464
42	0.01313	0.39082	0.07941	0.01561	0.02074	0.01683	0.36081	0.01640	0.01158	0.01482	0.00905	0.01135	0.00736	0.00452	0.00483	0.00147	0.00732	0.00449	0.00245	0.00701
43	0.00742	0.00519	0.00636	0.00683	0.00730	0.00503	0.00465	0.00829	0.00977	0.01292	0.07393	0.22483	0.07694	0.38755	0.01617	0.00353	0.00426	0.13091	0.00417	0.00394
44	0.25906	0.00867	0.01182	0.01013	0.01271	0.00879	0.13629	0.02541	0.02233	0.09980	0.01861	0.31737	0.02890	0.00962	0.00543	0.00186	0.00458	0.00854	0.00423	0.00584
45	0.06812	0.40445	0.32048	0.01127	0.01697	0.01610	0.01282	0.01682	0.01108	0.06556	0.00907	0.01015	0.00709	0.00487	0.00414	0.00141	0.00631	0.00341	0.00260	0.00726
46	0.01639	0.20073	0.09493	0.01216	0.01652	0.06705	0.06609	0.36446	0.01757	0.02282	0.01096	0.01291	0.00871	0.05840	0.00628	0.00172	0.00640	0.00444	0.00379	0.00766
47	0.00637	0.00486	0.00586	0.00666	0.00748	0.00435	0.00460	0.00744	0.01079	0.01377	0.03763	0.54652	0.29373	0.01546	0.00657	0.00202	0.00293	0.01368	0.00491	0.00435
48	0.05526	0.00953	0.01250	0.40836	0.02336	0.06126	0.01056	0.01353	0.06030	0.01419	0.01475	0.05443	0.06136	0.09217	0.05595	0.00253	0.03553	0.00585	0.00302	0.00553
49	0.57388	0.01378	0.01026	0.06084	0.01358	0.19129	0.00751	0.04505	0.01108	0.02094	0.00788	0.00932	0.00618	0.00511	0.00382	0.00158	0.00560	0.00318	0.00316	0.00595
50	0.01518	0.01179	0.01806	0.09849	0.45154	0.01209	0.01340	0.13432	0.01428	0.12323	0.01212	0.01408	0.00921	0.00533	0.00519	0.00158	0.00587	0.00481	0.04123	0.00816
51	0.01567	0.52368	0.02308	0.01075	0.01443	0.25552	0.00957	0.01723	0.01186	0.01261	0.00757	0.00900	0.00680	0.00511	0.00472	0.00128	0.05905	0.00312	0.00241	0.00652
52	0.00745	0.00540	0.00703	0.00662	0.00788	0.00498	0.00497	0.00992	0.01490	0.02104	0.76195	0.03975	0.06648	0.01087	0.00624	0.00167	0.00250	0.00960	0.00580	0.00498
53	0.00732	0.00545	0.00739	0.00734	0.00837	0.00565	0.00550	0.00913	0.01083	0.01502	0.23971	0.07878	0.11686	0.07791	0.37458	0.00512	0.00816	0.00814	0.00409	0.00464
54	0.00639	0.00528	0.00545	0.00554	0.00706	0.00451	0.00401	0.00758	0.01151	0.01386	0.04840	0.10672	0.65465	0.08562	0.00814	0.00211	0.00293	0.01114	0.00476	0.00434
55	0.00638	0.00528	0.00559	0.00568	0.00726	0.00449	0.00420	0.00778	0.01211	0.01483	0.11673	0.12827	0.63620	0.01348	0.00630	0.00181	0.00270	0.01141	0.00499	0.00449
56	0.01212	0.01351	0.02832	0.02062	0.02514	0.01333	0.63859	0.01607	0.01178	0.01622	0.01046	0.01430	0.00818	0.00685	0.04910	0.00220	0.09770	0.00603	0.00264	0.00685
57	0.01584	0.01228	0.01358	0.01014	0.01459	0.01204	0.00828	0.41378	0.01838	0.02582	0.01116	0.01189	0.00845	0.00521	0.00465	0.00121	0.00493	0.00400	0.00428	0.39949
58	0.01315	0.01136	0.01195	0.01076	0.01375	0.01315	0.00837	0.02809	0.77168	0.02211	0.02152	0.01972	0.01614	0.00717	0.00538	0.00179	0.00418	0.00598	0.00538	0.00837
59	0.01513	0.01206	0.01469	0.01145	0.01489	0.06305	0.13132	0.31569	0.01710	0.02411	0.01323	0.01475	0.00999	0.00576	0.00484	0.00144	0.00543	0.00486	0.25797	0.06225
60	0.01180	0.01005	0.01137	0.00866	0.01295	0.00879	0.00689	0.04481	0.18497	0.01894	0.01228	0.01303	0.00977	0.00475	0.00430	0.00104	0.00405	0.00384	0.00373	0.62398
61	0.01096	0.00940	0.01096	0.00783	0.01253	0.00705	0.00626	0.01331	0.01096	0.01723	0.00940	0.01096	0.00783	0.00392	0.00392	0.00078	0.00392	0.00313	0.00313	0.84653
62	0.01049	0.00607	0.00803	0.00716	0.00894	0.00550	0.00550	0.01290	0.01500	0.16279	0.63798	0.03550	0.04306	0.01002	0.00606	0.00166	0.00287	0.00877	0.00595	0.00573
63	0.01975	0.02520	0.01498	0.01362	0.01634	0.79299	0.01021	0.02111	0.01498	0.01294	0.00817	0.00953	0.00681	0.00545	0.00477	0.00136	0.00953	0.00340	0.00272	0.00613

[dist]
# distance from previous block
# <min> <max>
0	1

[block]
# block no. 1 follows, 46 sequences, length 75
# corresponding to MSA columns:
# 509-583
name=unknown_B
#
# <colnr> <probs for GDERKNQSTAVLIFYWHMCP>
#	G	D	E	R	K	N	Q	S	T	A	V	L	I	F	Y	W	H	M	C	P
0	0.01677	0.01909	0.01473	0.01303	0.01519	0.44963	0.01015	0.08954	0.05625	0.01530	0.00948	0.01161	0.00800	0.00877	0.06061	0.00210	0.18626	0.00410	0.00303	0.00635
1	0.00642	0.00469	0.00604	0.00713	0.00761	0.00431	0.00480	0.00739	0.01035	0.01359	0.03199	0.72204	0.12185	0.01619	0.00669	0.00210	0.00302	0.01458	0.00491	0.00431
2	0.00762	0.00569	0.00732	0.00807	0.00935	0.00539	0.00666	0.00962	0.01219	0.01565	0.09937	0.12589	0.23453	0.01413	0.00687	0.00217	0.00390	0.41589	0.00496	0.00472
3	0.01082	0.02582	0.69859	0.01591	0.02344	0.01240	0.10623	0.01676	0.01132	0.01676	0.00963	0.01152	0.00685	0.00496	0.00516	0.00169	0.00794	0.00418	0.00228	0.00773
4	0.00644	0.00460	0.00613	0.00736	0.00767	0.00429	0.00491	0.00736	0.01012	0.01350	0.02914	0.81076	0.03497	0.01656	0.00675	0.00215	0.00307	0.01503	0.00491	0.00429
5	0.00644	0.00460	0.00613	0.00736	0.00767	0.00429	0.00491	0.00736	0.01012	0.01350	0.02914	0.81076	0.03497	0.01656	0.00675	0.00215	0.00307	0.01503	0.00491	0.00429
6	0.00664	0.00468	0.00608	0.00711	0.00737	0.00442	0.00464	0.00741	0.00974	0.01299	0.02718	0.68878	0.03249	0.14192	0.00992	0.00262	0.00339	0.01388	0.00464	0.00412
7	0.00828	0.00591	0.00824	0.00946	0.01057	0.00588	0.00810	0.01053	0.01193	0.01555	0.02812	0.14733	0.03095	0.01483	0.00724	0.00240	0.00466	0.66034	0.00487	0.00480
8	0.00645	0.00536	0.00564	0.00557	0.00727	0.00455	0.00418	0.00799	0.01254	0.01544	0.17465	0.04897	0.65727	0.01296	0.00625	0.00176	0.00265	0.01089	0.00506	0.00455
9	0.02039	0.01433	0.01557	0.01194	0.01616	0.01569	0.00986	0.70347	0.02406	0.09457	0.01336	0.01312	0.00932	0.00636	0.00529	0.00159	0.00571	0.00481	0.00539	0.00899
10	0.01481	0.01099	0.01200	0.01055	0.01371	0.01230	0.00827	0.02773	0.65278	0.14199	0.02141	0.01945	0.01566	0.00707	0.00537	0.00177	0.00423	0.00587	0.00556	0.00847
11	0.01487	0.00648	0.00781	0.00671	0.00901	0.00599	0.00530	0.01718	0.01286	0.30516	0.06972	0.02040	0.01582	0.00661	0.00447	0.00141	0.00322	0.00538	0.47515	0.00645
12	0.01245	0.01132	0.01810	0.39840	0.33168	0.01264	0.01474	0.10556	0.01289	0.01741	0.01001	0.01352	0.00781	0.00518	0.00527	0.00166	0.00659	0.00471	0.00281	0.00725
13	0.01170	0.00946	0.01564	0.68142	0.06046	0.01131	0.01393	0.01504	0.01116	0.10371	0.01075	0.01451	0.00780	0.00541	0.00529	0.00174	0.00672	0.00477	0.00285	0.00633
14	0.06748	0.00968	0.01220	0.00964	0.01334	0.00935	0.00791	0.15020	0.01569	0.52286	0.01792	0.01688	0.01199	0.01028	0.09720	0.00243	0.00583	0.00512	0.00571	0.00831
15	0.48309	0.01226	0.01136	0.00926	0.01296	0.01387	0.00764	0.34705	0.01602	0.02797	0.00972	0.01041	0.00717	0.00554	0.00417	0.00161	0.00486	0.00370	0.00417	0.00717
16	0.02372	0.00900	0.01227	0.00941	0.01350	0.00777	0.00777	0.02576	0.01513	0.78489	0.02086	0.01799	0.01309	0.00654	0.00532	0.00164	0.00450	0.00532	0.00654	0.00900
17	0.01538	0.01452	0.01950	0.02587	0.52690	0.10451	0.01419	0.17805	0.01515	0.02023	0.01033	0.01259	0.00832	0.00515	0.00519	0.00155	0.00656	0.00457	0.00321	0.00824
18	0.01368	0.01242	0.01906	0.02200	0.35544	0.01340	0.08818	0.14559	0.08591	0.01958	0.01151	0.01410	0.00934	0.00810	0.05975	0.00217	0.10360	0.00505	0.00332	0.00780
19	0.00641	0.00536	0.00558	0.00553	0.00724	0.00453	0.00414	0.00790	0.01243	0.01519	0.14911	0.04938	0.68297	0.01305	0.00625	0.00177	0.00265	0.01095	0.00503	0.00453
20	0.01315	0.01136	0.01195	0.01076	0.01375	0.01315	0.00837	0.02809	0.77168	0.02211	0.02152	0.01972	0.01614	0.00717	0.00538	0.00179	0.00418	0.00598	0.00538	0.00837
21	0.02372	0.00900	0.01227	0.00941	0.01350	0.00777	0.00777	0.02576	0.01513	0.78489	0.02086	0.01799	0.01309	0.00654	0.00532	0.00164	0.00450	0.00532	0.00654	0.00900
22	0.00706	0.00539	0.00648	0.00621	0.00764	0.00481	0.00466	0.00916	0.01397	0.01884	0.53120	0.04337	0.29860	0.01169	0.00624	0.00170	0.00256	0.01011	0.00551	0.00481
23	0.00653	0.00537	0.00575	0.00565	0.00732	0.00458	0.00424	0.00814	0.01272	0.01588	0.22072	0.04825	0.61093	0.01279	0.00625	0.00176	0.00264	0.01079	0.00512	0.00458
24	0.01096	0.00940	0.01096	0.00783	0.01253	0.00705	0.00626	0.01331	0.01096	0.01723	0.00940	0.01096	0.00783	0.00392	0.00392	0.00078	0.00392	0.00313	0.00313	0.84653
25	0.00755	0.00566	0.00850	0.00850	0.00944	0.00661	0.00661	0.00944	0.00850	0.01227	0.01416	0.02077	0.01322	0.03965	0.79326	0.00850	0.01416	0.00566	0.00283	0.00472
26	0.00737	0.00520	0.00679	0.00706	0.00745	0.00546	0.00476	0.00822	0.00850	0.01166	0.01852	0.19921	0.02058	0.37158	0.28819	0.00564	0.00781	0.00859	0.00345	0.00397
27	0.72437	0.00942	0.00734	0.00665	0.00961	0.01081	0.00542	0.01505	0.00931	0.02311	0.00885	0.01027	0.00691	0.00510	0.00334	0.00157	0.00384	0.00317	0.13024	0.00560
28	0.00755	0.00566	0.00850	0.00850	0.00944	0.00661	0.00661	0.00944	0.00850	0.01227	0.01416	0.02077	0.01322	0.03965	0.79326	0.00850	0.01416	0.00566	0.00283	0.00472
29	0.02180	0.01109	0.01345	0.01042	0.01448	0.01101	0.00857	0.27180	0.06918	0.48320	0.01818	0.01634	0.01193	0.00652	0.00531	0.00163	0.00492	0.00518	0.00605	0.00895
30	0.00998	0.00940	0.01586	0.80150	0.03641	0.01175	0.01468	0.01351	0.01057	0.01351	0.00940	0.01409	0.00705	0.00529	0.00529	0.00176	0.00705	0.00470	0.00235	0.00587
31	0.01240	0.01404	0.02997	0.02160	0.02651	0.01360	0.70087	0.01659	0.01212	0.01659	0.01039	0.01404	0.00793	0.00485	0.00714	0.00183	0.07375	0.00611	0.00264	0.00702
32	0.01386	0.58935	0.02325	0.00953	0.01362	0.01872	0.00885	0.01930	0.22603	0.01518	0.01136	0.01166	0.00943	0.00527	0.00395	0.00132	0.00524	0.00372	0.00314	0.00723
33	0.01116	0.23800	0.01921	0.57730	0.02995	0.01434	0.01309	0.01416	0.01062	0.01320	0.00882	0.01251	0.00697	0.00507	0.00475	0.00158	0.00665	0.00417	0.00232	0.00613
34	0.01295	0.01242	0.02121	0.06595	0.74879	0.01253	0.01616	0.01611	0.01197	0.01711	0.00992	0.01313	0.00832	0.00474	0.00524	0.00158	0.00631	0.00471	0.00261	0.00826
35	0.00928	0.00786	0.01034	0.01011	0.01100	0.00919	0.00798	0.01233	0.10235	0.01492	0.02099	0.30947	0.02287	0.01251	0.00959	0.00216	0.23035	0.15700	0.00416	0.03555
36	0.01638	0.01343	0.01335	0.01108	0.01429	0.07901	0.00872	0.37587	0.26303	0.02530	0.01562	0.01725	0.01231	0.10086	0.00780	0.00205	0.00552	0.00538	0.00486	0.00787
37	0.01681	0.01377	0.01522	0.01435	0.13089	0.07681	0.01007	0.34911	0.10660	0.05512	0.01271	0.01324	0.00952	0.00572	0.00502	0.00146	0.00563	0.00453	0.00437	0.14905
38	0.38005	0.00929	0.01127	0.35903	0.02156	0.01101	0.00961	0.01399	0.01039	0.01890	0.09829	0.01464	0.01147	0.00576	0.00451	0.00169	0.00521	0.00446	0.00316	0.00570
39	0.01474	0.01026	0.01173	0.00954	0.01244	0.01078	0.00766	0.38192	0.01984	0.07654	0.35257	0.02491	0.02738	0.00834	0.00571	0.00162	0.00426	0.00692	0.00560	0.00722
40	0.01306	0.01186	0.01167	0.00883	0.01318	0.13061	0.00697	0.01523	0.01183	0.05946	0.00984	0.01113	0.00796	0.00430	0.00413	0.00092	0.00483	0.00330	0.00326	0.66764
41	0.00639	0.00536	0.00556	0.00551	0.00723	0.00452	0.00413	0.00787	0.01239	0.01509	0.13819	0.04955	0.69394	0.01309	0.00625	0.00177	0.00266	0.01097	0.00502	0.00452
42	0.02010	0.01481	0.01587	0.01216	0.01639	0.01639	0.01005	0.76360	0.02486	0.03332	0.01269	0.01269	0.00899	0.00635	0.00529	0.00159	0.00582	0.00476	0.00529	0.00899
43	0.02201	0.00998	0.01255	0.00970	0.01363	0.00944	0.00799	0.18406	0.01696	0.57134	0.01885	0.01697	0.01223	0.00647	0.00520	0.00160	0.00465	0.00517	0.06249	0.00872
44	0.02248	0.01098	0.01350	0.01035	0.01448	0.01071	0.00855	0.27743	0.01845	0.52854	0.01807	0.01619	0.01169	0.00648	0.00531	0.00162	0.00495	0.00513	0.00612	0.00899
45	0.01402	0.72328	0.02586	0.00925	0.01359	0.02001	0.00897	0.01726	0.09959	0.01357	0.00900	0.00979	0.00788	0.00483	0.00362	0.00121	0.00548	0.00319	0.00263	0.00697
46	0.00748	0.00540	0.00707	0.00665	0.00790	0.00499	0.00499	0.00998	0.01496	0.02120	0.77844	0.03949	0.04988	0.01081	0.00624	0.00166	0.00249	0.00956	0.00582	0.00499
47	0.02240	0.00941	0.01221	0.00944	0.01336	0.00859	0.00777	0.11105	0.01601	0.64767	0.01967	0.01749	0.01264	0.00650	0.00521	0.00160	0.00452	0.00523	0.06051	0.00873
48	0.01079	0.01072	0.01465	0.53979	0.07788	0.10189	0.01278	0.01364	0.01111	0.01368	0.01227	0.13388	0.01132	0.00697	0.00544	0.00176	0.00669	0.00611	0.00280	0.00583
49	0.00782	0.00559	0.00772	0.00894	0.00985	0.00548	0.00731	0.00975	0.01148	0.01504	0.02837	0.31128	0.03195	0.01526	0.00712	0.00234	0.00426	0.50087	0.00488	0.00468
50	0.00654	0.00514	0.00595	0.00653	0.00771	0.00456	0.00479	0.00783	0.01134	0.01413	0.04192	0.33700	0.42750	0.01470	0.00654	0.00198	0.00304	0.08347	0.00490	0.00444
51	0.01118	0.02364	0.58328	0.01819	0.11214	0.01248	0.13134	0.01671	0.01146	0.01683	0.00972	0.01185	0.00709	0.00490	0.00523	0.00168	0.00780	0.00435	0.00234	0.00778
52	0.01965	0.00953	0.01195	0.00968	0.01313	0.00916	0.00778	0.15873	0.06505	0.47611	0.02070	0.14172	0.01597	0.00812	0.00554	0.00172	0.00450	0.00678	0.00598	0.00822
53	0.01019	0.00642	0.00863	0.00886	0.01043	0.00624	0.00739	0.01294	0.04024	0.10687	0.20103	0.04766	0.03197	0.04432	0.00753	0.00225	0.00426	0.43209	0.00524	0.00544
54	0.85155	0.01022	0.00777	0.00695	0.01022	0.01186	0.00573	0.01554	0.00900	0.02372	0.00736	0.00859	0.00573	0.00491	0.00327	0.00164	0.00409	0.00286	0.00327	0.00573
55	0.00837	0.00551	0.00726	0.00694	0.00823	0.00506	0.00516	0.01060	0.01424	0.06941	0.61624	0.15464	0.04525	0.01140	0.00625	0.00173	0.00271	0.01011	0.00573	0.00514
56	0.01522	0.50746	0.02520	0.01213	0.01635	0.20356	0.12310	0.01725	0.01201	0.01324	0.00805	0.00960	0.00698	0.00473	0.00415	0.00128	0.00707	0.00348	0.00243	0.00668
57	0.01046	0.00977	0.01542	0.65628	0.03225	0.01221	0.01374	0.01516	0.09927	0.01446	0.01065	0.01458	0.00810	0.00577	0.00611	0.00180	0.06027	0.00484	0.00270	0.00616
58	0.00833	0.00551	0.00719	0.00688	0.00819	0.00504	0.00512	0.01051	0.01413	0.06914	0.58740	0.15510	0.07426	0.01150	0.00625	0.00174	0.00272	0.01018	0.00569	0.00512
59	0.00715	0.00537	0.00650	0.00623	0.00755	0.00485	0.00460	0.00915	0.01367	0.01853	0.52381	0.04240	0.25451	0.06348	0.00758	0.00192	0.00272	0.00989	0.00539	0.00472
60	0.01849	0.01054	0.01243	0.01014	0.01370	0.01086	0.00817	0.15239	0.26836	0.35069	0.07055	0.01910	0.01587	0.00700	0.00539	0.00168	0.00449	0.00573	0.00589	0.00852
61	0.00699	0.00516	0.00613	0.00627	0.00717	0.00473	0.00432	0.00828	0.01154	0.01530	0.25889	0.20774	0.22790	0.19294	0.01099	0.00258	0.00326	0.01073	0.00480	0.00430
62	0.01413	0.81739	0.02770	0.00905	0.01357	0.02092	0.00905	0.01583	0.01074	0.01244	0.00735	0.00848	0.00678	0.00452	0.00339	0.00113	0.00565	0.00283	0.00226	0.00678
63	0.00646	0.00489	0.00585	0.00659	0.00737	0.00440	0.00450	0.00746	0.01061	0.01355	0.03651	0.50600	0.28325	0.06707	0.00788	0.00222	0.00307	0.01326	0.00480	0.00428
64	0.01157	0.01157	0.01619	0.01388	0.01388	0.01619	0.01157	0.01272	0.00810	0.01272	0.00694	0.01157	0.00694	0.00925	0.01735	0.00231	0.80453	0.00463	0.00231	0.00578
65	0.01750	0.10669	0.01522	0.01046	0.01417	0.01480	0.00875	0.53717	0.02066	0.02836	0.01291	0.01350	0.00958	0.00610	0.00477	0.00147	0.00518	0.00457	0.16017	0.00798
66	0.38355	0.00810	0.00807	0.00735	0.00979	0.00860	0.00577	0.01471	0.04188	0.11110	0.23021	0.11254	0.02291	0.00822	0.00484	0.00171	0.00357	0.00659	0.00465	0.00584
67	0.01025	0.01015	0.01894	0.01482	0.01777	0.01015	0.34174	0.01337	0.01243	0.01701	0.18150	0.02898	0.07223	0.00858	0.00770	0.00192	0.09937	0.12330	0.00381	0.00598
68	0.00806	0.00560	0.00564	0.00556	0.00722	0.00522	0.00419	0.01073	0.06271	0.01683	0.03786	0.03716	0.44236	0.01028	0.00524	0.00158	0.00270	0.00849	0.31769	0.00490
69	0.01261	0.01358	0.07491	0.01717	0.02183	0.01217	0.46100	0.12836	0.01412	0.01927	0.01634	0.01844	0.09847	0.00593	0.00585	0.00171	0.00723	0.00635	0.05767	0.00700
70	0.75447	0.01076	0.00872	0.00756	0.01094	0.01239	0.00623	0.10288	0.01085	0.02484	0.00798	0.00907	0.00611	0.00508	0.00351	0.00163	0.00429	0.00308	0.00351	0.00611
71	0.00769	0.00513	0.00577	0.00577	0.00577	0.00513	0.00320	0.00769	0.00769	0.01025	0.01666	0.03460	0.01922	0.81421	0.02691	0.00513	0.00513	0.00769	0.00320	0.00320
72	0.00767	0.00521	0.00618	0.00618	0.00632	0.00535	0.00372	0.00795	0.00781	0.01056	0.01628	0.03251	0.01831	0.69717	0.14271	0.00563	0.00649	0.00738	0.00315	0.00343
73	0.51877	0.01194	0.01002	0.00868	0.01202	0.08621	0.00700	0.06717	0.10516	0.11199	0.01110	0.01141	0.00818	0.00552	0.00404	0.00163	0.00478	0.00371	0.00399	0.00668
74	0.01185	0.04913	0.01233	0.00873	0.01297	0.06127	0.00703	0.01475	0.05361	0.01677	0.00978	0.01127	0.00813	0.00448	0.00467	0.00097	0.04250	0.00337	0.00315	0.66323

[dist]
# distance from previous block
# <min> <max>
0	1

[block]
# block no. 2 follows, 46 sequences, length 16
# corresponding to MSA columns:
# 585-600
name=unknown_C
#
# <colnr> <probs for GDERKNQSTAVLIFYWHMCP>
#	G	D	E	R	K	N	Q	S	T	A	V	L	I	F	Y	W	H	M	C	P
0	0.00901	0.00701	0.00839	0.00776	0.00948	0.00719	0.00590	0.01487	0.21923	0.02145	0.57412	0.03415	0.04077	0.00983	0.00600	0.00170	0.00295	0.00859	0.00570	0.00590
1	0.01003	0.00879	0.01418	0.01101	0.01407	0.00779	0.20968	0.01237	0.01074	0.01576	0.01486	0.14131	0.01455	0.13299	0.00856	0.00200	0.00516	0.00675	0.09906	0.26037
2	0.01071	0.00658	0.00816	0.00736	0.00899	0.00638	0.00543	0.01402	0.09967	0.13840	0.41216	0.03284	0.03378	0.18013	0.01038	0.00241	0.00356	0.00809	0.00533	0.00562
3	0.01215	0.52284	0.18522	0.00975	0.01454	0.01651	0.01048	0.01473	0.01104	0.01364	0.01503	0.01568	0.12753	0.00602	0.00418	0.00135	0.00565	0.00436	0.00267	0.00664
4	0.01831	0.02065	0.01416	0.01260	0.01537	0.53840	0.00957	0.17703	0.01652	0.01732	0.01152	0.10150	0.01048	0.00690	0.00510	0.00150	0.00801	0.00502	0.00352	0.00653
5	0.00807	0.00642	0.00822	0.00878	0.04931	0.00680	0.00609	0.00948	0.01069	0.01481	0.07799	0.26503	0.21725	0.05718	0.00894	0.00208	0.12817	0.00995	0.09991	0.00484
6	0.01330	0.14471	0.24920	0.01193	0.01605	0.22029	0.01172	0.06188	0.01274	0.01539	0.01317	0.18000	0.01288	0.00759	0.00508	0.00160	0.00680	0.00602	0.00312	0.00653
7	0.01480	0.00829	0.01024	0.00874	0.01147	0.00819	0.00689	0.02050	0.21957	0.29358	0.30388	0.02649	0.02765	0.00831	0.00568	0.00169	0.00367	0.00708	0.00596	0.00733
8	0.01168	0.10387	0.02320	0.01632	0.01942	0.01408	0.35538	0.01441	0.01076	0.01476	0.01277	0.05731	0.05657	0.00715	0.00940	0.00189	0.25578	0.00612	0.00277	0.00636
9	0.05784	0.13778	0.01489	0.09034	0.08288	0.10122	0.00916	0.17251	0.01429	0.01845	0.01804	0.13852	0.10691	0.00806	0.00516	0.00162	0.00548	0.00655	0.00378	0.00650
10	0.00688	0.00517	0.00609	0.00623	0.00726	0.00469	0.00437	0.00826	0.01182	0.01553	0.25654	0.20718	0.28618	0.13852	0.00958	0.00235	0.00309	0.01097	0.00491	0.00438
11	0.26878	0.00798	0.00870	0.00745	0.00997	0.00801	0.00574	0.01632	0.01165	0.26862	0.13432	0.02206	0.01792	0.17983	0.00947	0.00239	0.00420	0.00574	0.00472	0.00614
12	0.00889	0.00655	0.00787	0.00765	0.00904	0.00643	0.00563	0.12648	0.01422	0.01918	0.27149	0.34728	0.12341	0.01273	0.00630	0.00186	0.00327	0.01120	0.00526	0.00527
13	0.01260	0.28436	0.27574	0.01869	0.25679	0.01526	0.03495	0.01628	0.01133	0.01549	0.00895	0.01096	0.00729	0.00474	0.00458	0.00146	0.00665	0.00386	0.00237	0.00763
14	0.00890	0.01034	0.13187	0.01069	0.01251	0.00958	0.00971	0.01130	0.00883	0.01307	0.01186	0.01727	0.01083	0.02763	0.50135	0.00609	0.18497	0.00516	0.00263	0.00543
15	0.00754	0.00510	0.00598	0.00624	0.00636	0.00505	0.00377	0.00782	0.00833	0.01108	0.01927	0.15836	0.02234	0.64313	0.02262	0.00450	0.00479	0.05069	0.00357	0.00347

[dist]
# distance from previous block
# <min> <max>
0	2

[block]
# block no. 3 follows, 46 sequences, length 28
# corresponding to MSA columns:
# 603-630
name=unknown_D
#
# <colnr> <probs for GDERKNQSTAVLIFYWHMCP>
#	G	D	E	R	K	N	Q	S	T	A	V	L	I	F	Y	W	H	M	C	P
0	0.01110	0.06558	0.01588	0.02021	0.39521	0.01027	0.01113	0.05207	0.01230	0.01700	0.08100	0.24903	0.01963	0.00878	0.00564	0.00172	0.00495	0.00802	0.00368	0.00681
1	0.34930	0.21192	0.04100	0.01210	0.09709	0.16684	0.02339	0.01684	0.01106	0.01779	0.00793	0.00943	0.00656	0.00489	0.00392	0.00146	0.00599	0.00326	0.00280	0.00645
2	0.00655	0.00465	0.00610	0.00723	0.00751	0.00436	0.00476	0.00739	0.00991	0.01322	0.02807	0.74464	0.03362	0.08451	0.00846	0.00240	0.00324	0.01440	0.00476	0.00420
3	0.01229	0.19573	0.17118	0.01169	0.01527	0.12162	0.03485	0.02723	0.04627	0.01431	0.01109	0.01382	0.02209	0.01369	0.18985	0.00317	0.08235	0.00438	0.00271	0.00640
4	0.01484	0.01535	0.01853	0.14497	0.41286	0.20287	0.01398	0.08238	0.01365	0.01704	0.00967	0.01234	0.00784	0.00512	0.00513	0.00155	0.00715	0.00439	0.00284	0.00749
5	0.00922	0.00736	0.00891	0.00717	0.01004	0.00602	0.00550	0.01147	0.01248	0.01848	0.34526	0.02503	0.02695	0.06258	0.00651	0.00146	0.00338	0.00625	0.00431	0.42162
6	0.01292	0.00752	0.00946	0.00804	0.01034	0.00720	0.00632	0.11763	0.01637	0.19650	0.50047	0.03090	0.03587	0.00922	0.00590	0.00165	0.00341	0.00793	0.00591	0.00645
7	0.00694	0.00538	0.00631	0.00608	0.00756	0.00476	0.00456	0.00892	0.01367	0.01814	0.45746	0.04453	0.37277	0.01195	0.00624	0.00172	0.00258	0.01027	0.00542	0.00476
8	0.00748	0.00540	0.00707	0.00665	0.00790	0.00499	0.00499	0.00998	0.01496	0.02120	0.77844	0.03949	0.04988	0.01081	0.00624	0.00166	0.00249	0.00956	0.00582	0.00499
9	0.02060	0.01400	0.01536	0.01178	0.01599	0.01519	0.00973	0.66080	0.02350	0.13804	0.01383	0.01343	0.00956	0.00637	0.00529	0.00159	0.00563	0.00484	0.00546	0.00899
10	0.01222	0.00936	0.01109	0.00799	0.01262	0.00712	0.00641	0.01454	0.01137	0.09274	0.01052	0.01165	0.00835	0.00417	0.00405	0.00087	0.00397	0.00335	0.00347	0.76414
11	0.01413	0.81739	0.02770	0.00905	0.01357	0.02092	0.00905	0.01583	0.01074	0.01244	0.00735	0.00848	0.00678	0.00452	0.00339	0.00113	0.00565	0.00283	0.00226	0.00678
12	0.02372	0.00900	0.01227	0.00941	0.01350	0.00777	0.00777	0.02576	0.01513	0.78489	0.02086	0.01799	0.01309	0.00654	0.00532	0.00164	0.00450	0.00532	0.00654	0.00900
13	0.85155	0.01022	0.00777	0.00695	0.01022	0.01186	0.00573	0.01554	0.00900	0.02372	0.00736	0.00859	0.00573	0.00491	0.00327	0.00164	0.00409	0.00286	0.00327	0.00573
14	0.43369	0.00960	0.01004	0.00819	0.01188	0.00980	0.00676	0.02070	0.01209	0.40793	0.01417	0.01334	0.00944	0.00573	0.00430	0.00164	0.00430	0.00410	0.00492	0.00738
15	0.00803	0.00661	0.01061	0.00932	0.01098	0.00647	0.11083	0.01042	0.01232	0.01719	0.36372	0.11847	0.06342	0.01797	0.20537	0.00347	0.00641	0.00879	0.00449	0.00512
16	0.01252	0.00919	0.01317	0.01507	0.20516	0.00978	0.00958	0.13918	0.01281	0.08319	0.01355	0.01720	0.01129	0.02105	0.36267	0.00471	0.00947	0.00521	0.03847	0.00673
17	0.00998	0.00940	0.01586	0.80150	0.03641	0.01175	0.01468	0.01351	0.01057	0.01351	0.00940	0.01409	0.00705	0.00529	0.00529	0.00176	0.00705	0.00470	0.00235	0.00587
18	0.02208	0.01085	0.01332	0.01030	0.01437	0.01062	0.00848	0.24484	0.05858	0.52098	0.01847	0.01651	0.01203	0.00652	0.00531	0.00163	0.00487	0.00519	0.00611	0.00896
19	0.00894	0.00773	0.01159	0.40077	0.02254	0.00884	0.01017	0.01249	0.06370	0.01549	0.13472	0.12781	0.08519	0.00905	0.00585	0.00185	0.00512	0.05883	0.00381	0.00552
20	0.01475	0.01385	0.02029	0.05756	0.36538	0.11545	0.12922	0.01754	0.01235	0.10065	0.01069	0.01322	0.00842	0.00548	0.00662	0.00167	0.09141	0.00483	0.00303	0.00757
21	0.00750	0.00504	0.00582	0.00601	0.00606	0.00500	0.00347	0.00764	0.00806	0.01075	0.01859	0.15457	0.02165	0.69091	0.02379	0.00466	0.00481	0.00882	0.00347	0.00337
22	0.01194	0.01104	0.02011	0.01636	0.05983	0.01095	0.35002	0.06699	0.07754	0.04925	0.01530	0.12895	0.01365	0.01208	0.12774	0.00284	0.00795	0.00716	0.00359	0.00673
23	0.01336	0.36678	0.26459	0.01414	0.07124	0.09293	0.07750	0.01676	0.01153	0.01456	0.00857	0.01024	0.00698	0.00478	0.00441	0.00141	0.00704	0.00365	0.00236	0.00718
24	0.39146	0.04776	0.08112	0.00831	0.01136	0.01006	0.00753	0.04442	0.01094	0.01970	0.01869	0.07811	0.11190	0.00848	0.00482	0.00180	0.00446	0.12955	0.00380	0.00570
25	0.00716	0.00508	0.00676	0.00750	0.00796	0.00511	0.00527	0.00823	0.00953	0.01283	0.02353	0.40840	0.02700	0.19521	0.15525	0.00400	0.00576	0.09706	0.00415	0.00420
26	0.07427	0.01601	0.01196	0.01066	0.01341	0.36774	0.00817	0.01974	0.09301	0.14507	0.09139	0.03287	0.07932	0.00718	0.00513	0.00155	0.00637	0.00543	0.00421	0.00653
27	0.02873	0.06919	0.06954	0.07925	0.11411	0.08924	0.04416	0.07133	0.01265	0.16147	0.01169	0.01369	0.00897	0.00899	0.07527	0.00228	0.12417	0.00462	0.00348	0.00717

[dist]
# distance from previous block
# <min> <max>
8	12

[block]
# block no. 4 follows, 46 sequences, length 89
# corresponding to MSA columns:
# 643-731
name=unknown_E
#
# <colnr> <probs for GDERKNQSTAVLIFYWHMCP>
#	G	D	E	R	K	N	Q	S	T	A	V	L	I	F	Y	W	H	M	C	P
0	0.02170	0.00856	0.01156	0.00901	0.01278	0.00741	0.00739	0.02375	0.01497	0.69255	0.07689	0.02114	0.05296	0.00718	0.00543	0.00164	0.00427	0.00591	0.00641	0.00849
1	0.00808	0.00572	0.00758	0.00855	0.00962	0.00560	0.00708	0.01006	0.01154	0.01520	0.02901	0.14596	0.09415	0.07179	0.00838	0.00248	0.00436	0.50470	0.04552	0.00465
2	0.00669	0.00503	0.00622	0.00679	0.00773	0.00456	0.00485	0.00810	0.01168	0.01531	0.18022	0.41765	0.24123	0.01449	0.00654	0.00197	0.00294	0.04842	0.00508	0.00450
3	0.06776	0.00599	0.00631	0.00619	0.00770	0.00580	0.00451	0.00940	0.04750	0.01434	0.03701	0.03964	0.45167	0.16546	0.10502	0.00321	0.00470	0.00900	0.00424	0.00454
4	0.01308	0.01256	0.02146	0.03245	0.78123	0.01256	0.01622	0.01622	0.01204	0.01727	0.00994	0.01308	0.00837	0.00471	0.00523	0.00157	0.00628	0.00471	0.00262	0.00837
5	0.01128	0.01161	0.02246	0.09597	0.02288	0.01158	0.43935	0.01645	0.10404	0.01733	0.10466	0.01851	0.01440	0.00868	0.07416	0.00235	0.00783	0.00640	0.00336	0.00669
6	0.00998	0.00940	0.01586	0.80150	0.03641	0.01175	0.01468	0.01351	0.01057	0.01351	0.00940	0.01409	0.00705	0.00529	0.00529	0.00176	0.00705	0.00470	0.00235	0.00587
7	0.01156	0.00965	0.01132	0.01168	0.09686	0.01997	0.00799	0.10755	0.26954	0.02022	0.09564	0.14999	0.10679	0.00918	0.00567	0.00173	0.00416	0.00790	0.00483	0.04776
8	0.01247	0.01318	0.12822	0.15746	0.30172	0.01136	0.05021	0.01702	0.08247	0.08189	0.01559	0.01735	0.07571	0.00598	0.00537	0.00167	0.00611	0.00539	0.00331	0.00751
9	0.02036	0.00910	0.01192	0.00899	0.01324	0.00758	0.00737	0.02248	0.01403	0.58275	0.01784	0.01614	0.01170	0.00585	0.00495	0.00141	0.00434	0.00474	0.00564	0.22953
10	0.01975	0.02520	0.01498	0.01362	0.01634	0.79299	0.01021	0.02111	0.01498	0.01294	0.00817	0.00953	0.00681	0.00545	0.00477	0.00136	0.00953	0.00340	0.00272	0.00613
11	0.01089	0.02066	0.46583	0.01695	0.11264	0.01238	0.08301	0.01549	0.01103	0.01610	0.01247	0.01458	0.06256	0.00611	0.00692	0.00177	0.11594	0.00483	0.00252	0.00730
12	0.00696	0.00535	0.00636	0.00619	0.00760	0.00475	0.00461	0.00893	0.01361	0.01817	0.46337	0.08115	0.32968	0.01208	0.00626	0.00173	0.00259	0.01044	0.00543	0.00475
13	0.01382	0.15767	0.48504	0.01302	0.01945	0.01348	0.01532	0.08247	0.01282	0.12294	0.01096	0.01178	0.00779	0.00526	0.00481	0.00157	0.00682	0.00399	0.00309	0.00790
14	0.01614	0.15514	0.01964	0.07275	0.25585	0.05429	0.01213	0.31027	0.01690	0.02226	0.01044	0.01202	0.00817	0.00540	0.00491	0.00150	0.00620	0.00433	0.00359	0.00805
15	0.01116	0.00650	0.00894	0.00908	0.01084	0.00619	0.00770	0.01354	0.01326	0.16073	0.17133	0.04796	0.03093	0.01236	0.00672	0.00214	0.00434	0.46525	0.00536	0.00566
16	0.01311	0.40962	0.02189	0.01247	0.08256	0.01599	0.07498	0.06970	0.07782	0.01601	0.04866	0.01370	0.01092	0.00945	0.09976	0.00223	0.00675	0.00438	0.00306	0.00691
17	0.00649	0.00475	0.00611	0.00707	0.00762	0.00436	0.00481	0.00758	0.01070	0.01414	0.08594	0.66345	0.12601	0.01577	0.00665	0.00207	0.00298	0.01417	0.00497	0.00436
18	0.00973	0.00676	0.00807	0.00733	0.00900	0.00687	0.00564	0.10238	0.05175	0.02179	0.45174	0.03024	0.03387	0.01129	0.06217	0.00207	0.00381	0.00766	0.16223	0.00561
19	0.85155	0.01022	0.00777	0.00695	0.01022	0.01186	0.00573	0.01554	0.00900	0.02372	0.00736	0.00859	0.00573	0.00491	0.00327	0.00164	0.00409	0.00286	0.00327	0.00573
20	0.01775	0.22252	0.01835	0.01196	0.02596	0.24963	0.00978	0.27469	0.08459	0.02067	0.01072	0.01130	0.00840	0.00566	0.00466	0.00142	0.00675	0.00397	0.00372	0.00751
21	0.00748	0.00540	0.00707	0.00665	0.00790	0.00499	0.00499	0.00998	0.01496	0.02120	0.77844	0.03949	0.04988	0.01081	0.00624	0.00166	0.00249	0.00956	0.00582	0.00499
22	0.01157	0.08170	0.18966	0.04565	0.15615	0.01079	0.01214	0.01540	0.04878	0.07743	0.01346	0.01839	0.01143	0.01497	0.21270	0.00347	0.00833	0.05798	0.00316	0.00685
23	0.55811	0.26236	0.01426	0.00786	0.01150	0.04516	0.00694	0.01585	0.00977	0.01978	0.00739	0.00859	0.00610	0.00481	0.00337	0.00147	0.00479	0.00287	0.00294	0.00607
24	0.01366	0.01085	0.01468	0.26957	0.11346	0.01216	0.01155	0.27270	0.01592	0.02164	0.01355	0.01949	0.01128	0.00679	0.00538	0.00171	0.00586	0.09433	0.07836	0.00705
25	0.01518	0.48468	0.02223	0.01072	0.01428	0.20618	0.00949	0.01793	0.07926	0.01344	0.00877	0.01000	0.00764	0.00539	0.00511	0.00135	0.07561	0.00340	0.00266	0.00668
26	0.00999	0.00598	0.00778	0.00700	0.00874	0.00540	0.00536	0.01233	0.01478	0.14299	0.60503	0.03687	0.09640	0.01031	0.00609	0.00167	0.00283	0.00900	0.00587	0.00559
27	0.00631	0.00529	0.00549	0.00558	0.00722	0.00447	0.00413	0.00766	0.01200	0.01448	0.07973	0.11620	0.68623	0.01356	0.00629	0.00181	0.00270	0.01143	0.00494	0.00447
28	0.00628	0.00523	0.00549	0.00570	0.00723	0.00443	0.00417	0.00755	0.01172	0.01415	0.04942	0.17969	0.65295	0.01393	0.00633	0.00185	0.00274	0.01181	0.00491	0.00443
29	0.00816	0.00557	0.00717	0.00667	0.00810	0.00508	0.00504	0.01053	0.01472	0.05751	0.67909	0.03944	0.11122	0.01082	0.00619	0.00167	0.00261	0.00949	0.00578	0.00514
30	0.01413	0.81739	0.02770	0.00905	0.01357	0.02092	0.00905	0.01583	0.01074	0.01244	0.00735	0.00848	0.00678	0.00452	0.00339	0.00113	0.00565	0.00283	0.00226	0.00678
31	0.01413	0.81739	0.02770	0.00905	0.01357	0.02092	0.00905	0.01583	0.01074	0.01244	0.00735	0.00848	0.00678	0.00452	0.00339	0.00113	0.00565	0.00283	0.00226	0.00678
32	0.00790	0.00589	0.00765	0.00854	0.00991	0.00564	0.00729	0.01003	0.01214	0.01540	0.03499	0.05724	0.23527	0.01427	0.00701	0.00226	0.00427	0.54468	0.00488	0.00476
33	0.00668	0.00537	0.00595	0.00580	0.00740	0.00464	0.00435	0.00841	0.01306	0.01668	0.30477	0.04693	0.52638	0.01249	0.00624	0.00174	0.00261	0.01060	0.00522	0.00464
34	0.01413	0.81739	0.02770	0.00905	0.01357	0.02092	0.00905	0.01583	0.01074	0.01244	0.00735	0.00848	0.00678	0.00452	0.00339	0.00113	0.00565	0.00283	0.00226	0.00678
35	0.01315	0.01136	0.01195	0.01076	0.01375	0.01315	0.00837	0.02809	0.77168	0.02211	0.02152	0.01972	0.01614	0.00717	0.00538	0.00179	0.00418	0.00598	0.00538	0.00837
36	0.02277	0.01053	0.01322	0.01013	0.01426	0.01004	0.00837	0.22005	0.01769	0.58699	0.01871	0.01660	0.01201	0.00649	0.00531	0.00162	0.00485	0.00517	0.00621	0.00900
37	0.85155	0.01022	0.00777	0.00695	0.01022	0.01186	0.00573	0.01554	0.00900	0.02372	0.00736	0.00859	0.00573	0.00491	0.00327	0.00164	0.00409	0.00286	0.00327	0.00573
38	0.01315	0.01136	0.01195	0.01076	0.01375	0.01315	0.00837	0.02809	0.77168	0.02211	0.02152	0.01972	0.01614	0.00717	0.00538	0.00179	0.00418	0.00598	0.00538	0.00837
39	0.00640	0.00475	0.00598	0.00697	0.00757	0.00433	0.00474	0.00740	0.01049	0.01365	0.03384	0.66426	0.17842	0.01595	0.00665	0.00208	0.00299	0.01428	0.00491	0.00433
40	0.00884	0.00513	0.00584	0.00567	0.00690	0.00495	0.00425	0.01132	0.01275	0.02035	0.34323	0.02818	0.02911	0.00815	0.00478	0.00142	0.00248	0.00691	0.48480	0.00495
41	0.01149	0.01917	0.39153	0.02205	0.34677	0.01186	0.01716	0.01602	0.01162	0.01689	0.01128	0.01618	0.00947	0.00572	0.00531	0.00170	0.00690	0.06845	0.00263	0.00780
42	0.05489	0.00907	0.01189	0.00925	0.01311	0.00815	0.00760	0.06012	0.01535	0.66355	0.07438	0.01891	0.01524	0.00678	0.00530	0.00164	0.00440	0.00550	0.00630	0.00858
43	0.02354	0.00929	0.01245	0.00954	0.01364	0.00820	0.00788	0.06246	0.01561	0.74751	0.02045	0.01773	0.01288	0.00653	0.00531	0.00163	0.00456	0.00529	0.00648	0.00900
44	0.01179	0.10627	0.26483	0.16392	0.25401	0.01332	0.08075	0.01591	0.01139	0.01585	0.00948	0.01225	0.00739	0.00487	0.00506	0.00161	0.00706	0.00438	0.00241	0.00745
45	0.00954	0.01215	0.15683	0.01498	0.08292	0.00902	0.20820	0.01269	0.01137	0.01556	0.02011	0.28339	0.05597	0.00992	0.00619	0.00192	0.00589	0.07362	0.00363	0.00610
46	0.00643	0.00464	0.00610	0.00726	0.00764	0.00430	0.00486	0.00737	0.01022	0.01353	0.03033	0.77380	0.07116	0.01641	0.00672	0.00213	0.00305	0.01484	0.00491	0.00430
47	0.01127	0.01052	0.01722	0.11968	0.50863	0.01066	0.01343	0.01414	0.01201	0.01652	0.05411	0.02200	0.11717	0.00676	0.00553	0.00167	0.00562	0.04268	0.00317	0.00719
48	0.01525	0.08336	0.11206	0.02192	0.40366	0.01252	0.01371	0.05135	0.04970	0.16660	0.01246	0.01371	0.00935	0.00528	0.00507	0.00157	0.00594	0.00463	0.00355	0.00832
49	0.01440	0.01574	0.04798	0.11300	0.15892	0.21532	0.07753	0.01678	0.01174	0.05175	0.00921	0.01215	0.00756	0.00625	0.00839	0.00176	0.21761	0.00448	0.00271	0.00671
50	0.85155	0.01022	0.00777	0.00695	0.01022	0.01186	0.00573	0.01554	0.00900	0.02372	0.00736	0.00859	0.00573	0.00491	0.00327	0.00164	0.00409	0.00286	0.00327	0.00573
51	0.02372	0.00900	0.01227	0.00941	0.01350	0.00777	0.00777	0.02576	0.01513	0.78489	0.02086	0.01799	0.01309	0.00654	0.00532	0.00164	0.00450	0.00532	0.00654	0.00900
52	0.01227	0.01145	0.05230	0.35200	0.14276	0.06691	0.01249	0.01624	0.07737	0.08361	0.01385	0.11063	0.01192	0.00683	0.00541	0.00174	0.00619	0.00598	0.00336	0.00668
53	0.01322	0.01220	0.01696	0.43770	0.18572	0.06893	0.01381	0.15493	0.01386	0.01795	0.01004	0.01329	0.00767	0.00538	0.00524	0.00166	0.00684	0.00462	0.00298	0.00699
