[name]
unknown

[dist]
# distance from previous block
# <min> <max>
4	46

[block]
# block no. 0 follows, 41 sequences, length 9
# corresponding to MSA columns:
# 78-86
name=unknown_A
#
# <colnr> <probs for GDERKNQSTAVLIFYWHMCP>
#	G	D	E	R	K	N	Q	S	T	A	V	L	I	F	Y	W	H	M	C	P
0	0.00743	0.00567	0.00686	0.00706	0.00818	0.00539	0.00505	0.00885	0.01165	0.01516	0.12154	0.18724	0.30065	0.12778	0.15151	0.00382	0.00560	0.01107	0.00476	0.00472
1	0.01055	0.08245	0.12793	0.01208	0.07270	0.01074	0.01004	0.04902	0.01173	0.01589	0.02205	0.02608	0.16977	0.09295	0.19135	0.00393	0.07418	0.00680	0.00349	0.00624
2	0.01445	0.18260	0.15412	0.23346	0.12563	0.01600	0.01478	0.15765	0.01480	0.01970	0.01049	0.01296	0.00810	0.00563	0.00523	0.00168	0.00708	0.00452	0.00316	0.00796
3	0.01924	0.02113	0.01533	0.01326	0.01631	0.45934	0.01015	0.17317	0.01713	0.01873	0.01068	0.01355	0.00909	0.07330	0.00792	0.00188	0.04745	0.00443	0.00359	0.06433
4	0.30033	0.00810	0.00773	0.00743	0.00939	0.00860	0.00546	0.06009	0.01144	0.01938	0.02414	0.18922	0.14984	0.16361	0.01001	0.00264	0.00426	0.00862	0.00436	0.00533
5	0.01179	0.01226	0.03975	0.01031	0.01244	0.16102	0.02061	0.01445	0.05240	0.01571	0.02231	0.10375	0.13806	0.04224	0.13058	0.00309	0.07431	0.00737	0.06969	0.05783
6	0.04356	0.01246	0.11036	0.05975	0.08422	0.02243	0.03924	0.01744	0.09604	0.11496	0.02382	0.08479	0.15186	0.00840	0.00579	0.00176	0.00533	0.00717	0.00440	0.10620
7	0.01269	0.13968	0.01241	0.00810	0.01035	0.01077	0.00622	0.15026	0.01331	0.01866	0.01517	0.02354	0.01451	0.31421	0.01405	0.00299	0.00514	0.00596	0.16414	0.05783
8	0.30555	0.01535	0.12691	0.10265	0.15932	0.07379	0.01260	0.01693	0.01153	0.01985	0.01031	0.01452	0.00865	0.00623	0.00579	0.00185	0.05561	0.04238	0.00311	0.00708

[dist]
# distance from previous block
# <min> <max>
0	1

[block]
# block no. 1 follows, 41 sequences, length 31
# corresponding to MSA columns:
# 88-118
name=unknown_B
#
# <colnr> <probs for GDERKNQSTAVLIFYWHMCP>
#	G	D	E	R	K	N	Q	S	T	A	V	L	I	F	Y	W	H	M	C	P
0	0.01299	0.09771	0.29289	0.06902	0.18744	0.01416	0.01577	0.04161	0.13820	0.01892	0.01342	0.04963	0.01088	0.00633	0.00549	0.00178	0.00683	0.00531	0.00333	0.00831
1	0.01213	0.07738	0.45157	0.01336	0.02017	0.04160	0.01547	0.01693	0.01205	0.01762	0.01018	0.01207	0.00782	0.00626	0.02925	0.00172	0.00739	0.00395	0.00273	0.24033
2	0.00792	0.00580	0.00743	0.00710	0.00846	0.00531	0.00529	0.01042	0.01566	0.02185	0.66099	0.07805	0.11989	0.01224	0.00677	0.00184	0.00275	0.01078	0.00616	0.00531
3	0.01033	0.00836	0.01202	0.33427	0.02238	0.00923	0.01047	0.04898	0.01283	0.04018	0.02642	0.06431	0.18658	0.05675	0.00777	0.00225	0.00569	0.13120	0.00411	0.00586
4	0.00709	0.00506	0.00678	0.00810	0.00849	0.00475	0.00552	0.00817	0.01107	0.01474	0.03146	0.75584	0.03757	0.01781	0.00733	0.00234	0.00342	0.05447	0.00531	0.00468
5	0.83938	0.01106	0.00841	0.00752	0.01106	0.01283	0.00619	0.01681	0.00973	0.02566	0.00796	0.00929	0.00619	0.00531	0.00354	0.00177	0.00442	0.00310	0.00354	0.00619
6	0.00676	0.00579	0.00579	0.00579	0.00773	0.00483	0.00435	0.00821	0.01304	0.01545	0.05794	0.05505	0.76098	0.01449	0.00676	0.00193	0.00290	0.01207	0.00531	0.00483
7	0.01529	0.80242	0.02997	0.00979	0.01468	0.02263	0.00979	0.01713	0.01162	0.01346	0.00795	0.00918	0.00734	0.00489	0.00367	0.00122	0.00612	0.00306	0.00245	0.00734
8	0.01147	0.02959	0.76934	0.01630	0.02476	0.01328	0.02113	0.01811	0.01208	0.01811	0.01026	0.01208	0.00725	0.00543	0.00543	0.00181	0.00845	0.00423	0.00242	0.00845
9	0.02566	0.00973	0.01327	0.01018	0.01460	0.00841	0.00841	0.02788	0.01637	0.76726	0.02257	0.01947	0.01416	0.00708	0.00575	0.00177	0.00487	0.00575	0.00708	0.00973
10	0.83938	0.01106	0.00841	0.00752	0.01106	0.01283	0.00619	0.01681	0.00973	0.02566	0.00796	0.00929	0.00619	0.00531	0.00354	0.00177	0.00442	0.00310	0.00354	0.00619
11	0.01080	0.01017	0.01716	0.78523	0.03940	0.01271	0.01589	0.01461	0.01144	0.01461	0.01017	0.01525	0.00762	0.00572	0.00572	0.00191	0.00762	0.00508	0.00254	0.00635
12	0.83938	0.01106	0.00841	0.00752	0.01106	0.01283	0.00619	0.01681	0.00973	0.02566	0.00796	0.00929	0.00619	0.00531	0.00354	0.00177	0.00442	0.00310	0.00354	0.00619
13	0.01164	0.00926	0.01064	0.00788	0.01226	0.00719	0.00626	0.01420	0.01189	0.01914	0.01176	0.01364	0.00963	0.00469	0.00419	0.00094	0.00394	0.00375	0.15851	0.67859
14	0.00810	0.00585	0.00765	0.00720	0.00855	0.00540	0.00540	0.01079	0.01619	0.02294	0.76028	0.04273	0.05397	0.01169	0.00675	0.00180	0.00270	0.01034	0.00630	0.00540
15	0.00697	0.00498	0.00664	0.00796	0.00830	0.00465	0.00531	0.00796	0.01095	0.01460	0.03153	0.79525	0.03783	0.01792	0.00730	0.00232	0.00332	0.01626	0.00531	0.00465
16	0.83938	0.01106	0.00841	0.00752	0.01106	0.01283	0.00619	0.01681	0.00973	0.02566	0.00796	0.00929	0.00619	0.00531	0.00354	0.00177	0.00442	0.00310	0.00354	0.00619
17	0.01489	0.01007	0.01217	0.00885	0.01378	0.00780	0.00714	0.01736	0.01285	0.18295	0.01289	0.01353	0.00972	0.00486	0.00457	0.00105	0.00437	0.00391	0.00420	0.65305
18	0.00910	0.00650	0.00909	0.01041	0.01167	0.00649	0.00902	0.01166	0.01306	0.01699	0.03035	0.10109	0.03316	0.01591	0.00787	0.00262	0.00517	0.68934	0.00527	0.00524
19	0.00810	0.00585	0.00765	0.00720	0.00855	0.00540	0.00540	0.01079	0.01619	0.02294	0.76028	0.04273	0.05397	0.01169	0.00675	0.00180	0.00270	0.01034	0.00630	0.00540
20	0.00819	0.00607	0.00890	0.00890	0.00983	0.00699	0.00679	0.01003	0.00911	0.01306	0.01558	0.02393	0.01493	0.11666	0.70341	0.00884	0.01437	0.00634	0.00310	0.00495
21	0.27033	0.01127	0.01238	0.00987	0.01394	0.01153	0.00813	0.16913	0.01649	0.36748	0.04337	0.01608	0.01231	0.00667	0.00511	0.00176	0.00494	0.00500	0.00571	0.00850
22	0.50653	0.00899	0.00760	0.00690	0.00972	0.00998	0.00555	0.01619	0.01088	0.06414	0.01248	0.01404	0.00958	0.00588	0.00382	0.00162	0.00384	0.00402	0.29217	0.00608
23	0.00822	0.00550	0.00627	0.00637	0.00639	0.00548	0.00361	0.00829	0.00852	0.01136	0.01904	0.09477	0.02208	0.73988	0.02746	0.00530	0.00538	0.00892	0.00361	0.00356
24	0.00901	0.00609	0.00834	0.00818	0.00902	0.00661	0.00591	0.01040	0.00946	0.04709	0.04155	0.02803	0.01780	0.29370	0.46502	0.00738	0.01115	0.00699	0.00349	0.00478
25	0.01031	0.00544	0.00588	0.00588	0.00717	0.00559	0.00444	0.01289	0.01160	0.02019	0.01819	0.02149	0.01461	0.01178	0.11308	0.00244	0.00445	0.00544	0.71384	0.00530
26	0.01527	0.01485	0.01472	0.01420	0.12279	0.18212	0.00967	0.05485	0.07723	0.03911	0.01280	0.01405	0.02832	0.00550	0.00496	0.00130	0.00608	0.00434	0.00368	0.37417
27	0.01399	0.01224	0.01796	0.02307	0.39907	0.04942	0.04640	0.01772	0.06212	0.08531	0.04975	0.02276	0.13567	0.00726	0.00589	0.00174	0.00590	0.00655	0.00398	0.03322
28	0.17767	0.16431	0.39723	0.01305	0.01940	0.03286	0.01493	0.08543	0.01300	0.02035	0.00968	0.01111	0.00729	0.00546	0.00476	0.00168	0.00707	0.00386	0.00296	0.00788
29	0.04875	0.23907	0.08884	0.01218	0.01589	0.16095	0.01102	0.05132	0.01334	0.08725	0.04762	0.01319	0.01044	0.00666	0.00722	0.00166	0.14412	0.00435	0.00340	0.03273
30	0.01189	0.06885	0.57454	0.01443	0.02136	0.03653	0.01755	0.01727	0.01246	0.04273	0.04258	0.06110	0.04067	0.00681	0.00555	0.00180	0.00752	0.00545	0.00302	0.00789

[dist]
# distance from previous block
# <min> <max>
0	3

[block]
# block no. 2 follows, 41 sequences, length 31
# corresponding to MSA columns:
# 123-131,172-193
name=unknown_C
#
# <colnr> <probs for GDERKNQSTAVLIFYWHMCP>
#	G	D	E	R	K	N	Q	S	T	A	V	L	I	F	Y	W	H	M	C	P
0	0.01222	0.11059	0.08500	0.02023	0.32306	0.04025	0.01271	0.01508	0.01271	0.01691	0.02070	0.07385	0.13588	0.00819	0.00576	0.00175	0.00592	0.05485	0.00351	0.04084
1	0.00871	0.00889	0.07232	0.01036	0.04369	0.04642	0.00763	0.01093	0.04143	0.01542	0.02730	0.62265	0.03158	0.01527	0.00690	0.00219	0.00432	0.01370	0.00485	0.00544
2	0.00937	0.00785	0.01217	0.01702	0.26017	0.00763	0.00939	0.01116	0.01164	0.01596	0.02460	0.53467	0.02823	0.01364	0.00675	0.00211	0.00448	0.01254	0.00448	0.00612
3	0.04908	0.06782	0.02157	0.04184	0.54963	0.10784	0.01542	0.01788	0.01316	0.01792	0.01093	0.01503	0.00948	0.00560	0.00546	0.00168	0.00704	0.03133	0.00293	0.00834
4	0.01484	0.08005	0.32337	0.04075	0.11997	0.01201	0.01507	0.01901	0.01312	0.18291	0.01546	0.05954	0.01255	0.00714	0.00569	0.00183	0.00672	0.05788	0.00387	0.00823
5	0.00782	0.00602	0.00735	0.00807	0.00954	0.00554	0.00652	0.00971	0.01282	0.01604	0.04290	0.15394	0.36141	0.01548	0.00731	0.00228	0.00395	0.31301	0.00529	0.00499
6	0.12456	0.01556	0.01892	0.10390	0.39942	0.15192	0.01422	0.07117	0.01402	0.01960	0.01020	0.01290	0.00828	0.00546	0.00530	0.00169	0.00717	0.00458	0.00313	0.00801
7	0.00766	0.00583	0.00704	0.00674	0.00828	0.00521	0.00505	0.00994	0.01515	0.02048	0.52934	0.04678	0.28644	0.01261	0.00675	0.00184	0.00276	0.01091	0.00597	0.00521
8	0.01597	0.71623	0.02844	0.01034	0.01501	0.10640	0.00993	0.01776	0.01213	0.01352	0.00805	0.00930	0.00734	0.00500	0.00384	0.00125	0.00658	0.00313	0.00250	0.00726
9	0.01529	0.80242	0.02997	0.00979	0.01468	0.02263	0.00979	0.01713	0.01162	0.01346	0.00795	0.00918	0.00734	0.00489	0.00367	0.00122	0.00612	0.00306	0.00245	0.00734
10	0.02174	0.01602	0.01717	0.01316	0.01774	0.01774	0.01087	0.74423	0.02689	0.03605	0.01373	0.01373	0.00973	0.00687	0.00572	0.00172	0.00629	0.00515	0.00572	0.00973
11	0.01416	0.01359	0.02322	0.03511	0.76330	0.01359	0.01755	0.01755	0.01302	0.01869	0.01076	0.01416	0.00906	0.00510	0.00566	0.00170	0.00680	0.00510	0.00283	0.00906
12	0.01350	0.01283	0.02135	0.18214	0.57145	0.01346	0.01667	0.01780	0.06066	0.01822	0.01145	0.01484	0.00932	0.00539	0.00568	0.00176	0.00681	0.00518	0.00297	0.00852
13	0.00691	0.00520	0.00640	0.00737	0.00814	0.00470	0.00504	0.00803	0.01153	0.01484	0.03880	0.59141	0.23697	0.01697	0.00715	0.00222	0.00320	0.01511	0.00531	0.00470
14	0.01783	0.01500	0.01578	0.01446	0.07925	0.06966	0.01066	0.32338	0.33877	0.02778	0.01726	0.01681	0.01285	0.00703	0.00572	0.00179	0.00586	0.00561	0.00532	0.00916
15	0.01341	0.02513	0.58143	0.01493	0.02220	0.01297	0.01806	0.10304	0.01436	0.07083	0.06009	0.01475	0.01103	0.00612	0.00557	0.00180	0.00759	0.00483	0.00337	0.00849
16	0.04085	0.06834	0.14760	0.01308	0.01740	0.06207	0.09631	0.10865	0.03698	0.15328	0.06250	0.04878	0.01377	0.00814	0.00741	0.07179	0.02537	0.00580	0.00427	0.00760
17	0.01639	0.22106	0.05407	0.01362	0.01785	0.11468	0.14012	0.10722	0.01493	0.09951	0.01417	0.06682	0.01230	0.00825	0.03108	0.00194	0.00735	0.04721	0.00386	0.00755
18	0.01080	0.01017	0.01716	0.78523	0.03940	0.01271	0.01589	0.01461	0.01144	0.01461	0.01017	0.01525	0.00762	0.00572	0.00572	0.00191	0.00762	0.00508	0.00254	0.00635
19	0.01182	0.11727	0.58424	0.01544	0.02282	0.01392	0.06550	0.01752	0.01239	0.01791	0.06045	0.01401	0.01049	0.00575	0.00540	0.00175	0.00787	0.00466	0.00271	0.00807
20	0.01729	0.03993	0.08130	0.02072	0.30063	0.08167	0.01336	0.06864	0.01481	0.19750	0.02580	0.01799	0.01203	0.00798	0.03763	0.00205	0.00696	0.04098	0.00418	0.00853
21	0.01293	0.00886	0.01296	0.01606	0.21345	0.00841	0.01027	0.01544	0.01367	0.14983	0.02960	0.04099	0.17912	0.01110	0.00667	0.00208	0.00510	0.25154	0.00494	0.00698
22	0.00996	0.00832	0.00763	0.00744	0.00786	0.10304	0.00459	0.01024	0.00935	0.01155	0.01674	0.03335	0.01881	0.66566	0.05873	0.00519	0.00658	0.00764	0.00338	0.00394
23	0.01216	0.04834	0.17533	0.09923	0.13405	0.01141	0.01298	0.01587	0.03393	0.07771	0.05780	0.07020	0.05734	0.01199	0.09667	0.00273	0.06498	0.00645	0.00363	0.00721
24	0.01529	0.05605	0.07080	0.02313	0.31156	0.01309	0.15863	0.04842	0.04644	0.12103	0.01448	0.06984	0.01189	0.00641	0.00589	0.00179	0.00681	0.00619	0.00380	0.00847
25	0.00703	0.00527	0.00635	0.00716	0.00794	0.00478	0.00485	0.00807	0.01133	0.01453	0.03816	0.50419	0.25200	0.08927	0.00916	0.00250	0.00340	0.01427	0.00514	0.00459
26	0.01687	0.02048	0.04823	0.11345	0.05360	0.41759	0.07606	0.01987	0.04173	0.01547	0.01186	0.01715	0.01033	0.00688	0.00624	0.00176	0.04126	0.07119	0.00317	0.00682
27	0.01856	0.12438	0.08042	0.01574	0.08174	0.32739	0.04420	0.12120	0.06583	0.05118	0.01136	0.01247	0.00885	0.00592	0.00525	0.00159	0.00810	0.00438	0.00358	0.00785
28	0.01488	0.01354	0.04812	0.04605	0.07421	0.05261	0.11013	0.19439	0.01618	0.04447	0.04134	0.07864	0.01338	0.03522	0.00649	0.00174	0.00625	0.00607	0.00413	0.19215
29	0.01550	0.08799	0.04563	0.05743	0.40024	0.06571	0.01444	0.07868	0.11653	0.04381	0.01268	0.01454	0.01004	0.00574	0.00547	0.00169	0.00664	0.00500	0.00356	0.00868
30	0.01163	0.29598	0.01824	0.06229	0.09183	0.03534	0.00938	0.01345	0.01142	0.01449	0.01709	0.28530	0.01862	0.01209	0.05454	0.00225	0.02793	0.00827	0.00355	0.00632

[dist]
# distance from previous block
# <min> <max>
3	7

[block]
# block no. 3 follows, 41 sequences, length 17
# corresponding to MSA columns:
# 204-220
name=unknown_D
#
# <colnr> <probs for GDERKNQSTAVLIFYWHMCP>
#	G	D	E	R	K	N	Q	S	T	A	V	L	I	F	Y	W	H	M	C	P
0	0.00916	0.00521	0.00727	0.00739	0.00770	0.00509	0.00503	0.00812	0.00923	0.01234	0.09472	0.09213	0.05679	0.08700	0.01872	0.53061	0.00454	0.03224	0.00345	0.00328
1	0.07122	0.00960	0.01315	0.37787	0.02440	0.01104	0.01097	0.11268	0.01426	0.02025	0.12087	0.02201	0.06969	0.00742	0.00561	0.00180	0.00567	0.00623	0.08884	0.00645
2	0.01389	0.00724	0.00885	0.00764	0.01038	0.00623	0.00601	0.01584	0.01481	0.29098	0.16882	0.03990	0.36399	0.01129	0.00639	0.00185	0.00358	0.00946	0.00613	0.00672
3	0.01251	0.11305	0.16168	0.01510	0.01786	0.01652	0.07776	0.01521	0.01018	0.01492	0.00887	0.01282	0.00791	0.00985	0.05460	0.00253	0.43439	0.00483	0.00254	0.00687
4	0.00994	0.00688	0.00855	0.00777	0.00979	0.00629	0.02380	0.05132	0.01514	0.08531	0.32154	0.10906	0.29796	0.01240	0.00666	0.00189	0.00338	0.01071	0.00581	0.00580
5	0.00726	0.00562	0.00668	0.00726	0.00852	0.00504	0.00539	0.00882	0.01262	0.01604	0.10840	0.30810	0.35823	0.01558	0.00709	0.00214	0.00332	0.10363	0.00539	0.00487
6	0.01335	0.01063	0.01243	0.07885	0.01593	0.01185	0.00937	0.16898	0.28527	0.02282	0.02279	0.16717	0.02118	0.01053	0.00639	0.00207	0.00506	0.12243	0.00533	0.00755
7	0.01244	0.01051	0.01217	0.00874	0.01380	0.00821	0.00702	0.05682	0.01273	0.01965	0.01037	0.01197	0.00855	0.00439	0.00432	0.00090	0.00436	0.00349	0.00352	0.78604
8	0.01280	0.01775	0.18892	0.02272	0.10120	0.01363	0.47796	0.01768	0.01302	0.01813	0.01222	0.05410	0.00989	0.00564	0.00639	0.00190	0.00878	0.00653	0.00291	0.00785
9	0.01103	0.22540	0.14221	0.01090	0.01406	0.01318	0.01047	0.01361	0.01025	0.01406	0.01194	0.01705	0.01099	0.06285	0.33369	0.00503	0.07923	0.00500	0.00276	0.00628
10	0.00680	0.00563	0.00596	0.00623	0.00784	0.00479	0.00454	0.00816	0.01262	0.01528	0.05270	0.20207	0.61734	0.01517	0.00687	0.00201	0.00298	0.01290	0.00531	0.00479
11	0.02174	0.01602	0.01717	0.01316	0.01774	0.01774	0.01087	0.74423	0.02689	0.03605	0.01373	0.01373	0.00973	0.00687	0.00572	0.00172	0.00629	0.00515	0.00572	0.00973
12	0.01684	0.00809	0.01054	0.00907	0.01183	0.00796	0.00724	0.02032	0.07834	0.34503	0.01985	0.02083	0.01459	0.01697	0.21864	0.00375	0.00729	0.00584	0.16946	0.00752
13	0.01478	0.01541	0.11761	0.02974	0.55108	0.01316	0.06937	0.01859	0.01323	0.08447	0.01179	0.01445	0.00925	0.00529	0.00572	0.00174	0.00704	0.00516	0.00316	0.00895
14	0.00922	0.00658	0.00922	0.01053	0.01185	0.00658	0.00922	0.01185	0.01317	0.01712	0.03029	0.06452	0.03292	0.01580	0.00790	0.00263	0.00527	0.72480	0.00527	0.00527
15	0.00810	0.00652	0.00961	0.00976	0.01065	0.00650	0.06447	0.01014	0.04680	0.01531	0.02841	0.65905	0.03310	0.01602	0.00773	0.00228	0.04088	0.01450	0.00501	0.00518
16	0.01257	0.01254	0.02302	0.35493	0.28461	0.01341	0.18253	0.01647	0.01245	0.01685	0.01069	0.01492	0.00836	0.00530	0.00594	0.00184	0.00780	0.00547	0.00272	0.00759

[dist]
# distance from previous block
# <min> <max>
0	12

[block]
# block no. 4 follows, 41 sequences, length 15
# corresponding to MSA columns:
# 233-247
name=unknown_E
#
# <colnr> <probs for GDERKNQSTAVLIFYWHMCP>
#	G	D	E	R	K	N	Q	S	T	A	V	L	I	F	Y	W	H	M	C	P
0	0.01275	0.01365	0.08060	0.29946	0.44781	0.01325	0.01725	0.01656	0.01239	0.01720	0.01051	0.01438	0.00841	0.00534	0.00566	0.00178	0.00722	0.00502	0.00270	0.00805
1	0.01365	0.12019	0.05369	0.14068	0.13310	0.03817	0.30064	0.01887	0.09037	0.01759	0.01185	0.01472	0.00922	0.00537	0.00583	0.00178	0.00789	0.00554	0.00306	0.00778
2	0.01463	0.06310	0.02332	0.03235	0.67654	0.01438	0.01671	0.05641	0.01368	0.01929	0.01074	0.01382	0.00899	0.00518	0.00554	0.00167	0.00673	0.00497	0.00296	0.00899
3	0.00921	0.00788	0.00933	0.00917	0.01041	0.07300	0.00702	0.01113	0.01053	0.01408	0.06992	0.02574	0.06996	0.06480	0.57236	0.00735	0.01274	0.00672	0.00346	0.00518
4	0.02144	0.02502	0.01640	0.01442	0.01769	0.62481	0.01102	0.16669	0.01834	0.01840	0.00982	0.01100	0.00784	0.00609	0.00527	0.00152	0.00951	0.00398	0.00350	0.00725
5	0.00697	0.00498	0.00664	0.00796	0.00830	0.00465	0.00531	0.00796	0.01095	0.01460	0.03153	0.79525	0.03783	0.01792	0.00730	0.00232	0.00332	0.01626	0.00531	0.00465
6	0.02137	0.02726	0.01621	0.01474	0.01768	0.77602	0.01105	0.02284	0.01621	0.01400	0.00884	0.01031	0.00737	0.00589	0.00516	0.00147	0.01031	0.00368	0.00295	0.00663
7	0.01296	0.13581	0.51930	0.01682	0.06282	0.01499	0.07626	0.06342	0.01310	0.01863	0.01029	0.01215	0.00763	0.00538	0.00532	0.00173	0.00799	0.00437	0.00269	0.00835
8	0.00697	0.00586	0.00608	0.00619	0.00807	0.00498	0.00476	0.00852	0.01305	0.01559	0.05561	0.05585	0.69962	0.01460	0.00686	0.00199	0.00310	0.07214	0.00531	0.00487
9	0.02174	0.01602	0.01717	0.01316	0.01774	0.01774	0.01087	0.74423	0.02689	0.03605	0.01373	0.01373	0.00973	0.00687	0.00572	0.00172	0.00629	0.00515	0.00572	0.00973
10	0.01251	0.01251	0.01752	0.01502	0.01502	0.01752	0.01251	0.01377	0.00876	0.01377	0.00751	0.01251	0.00751	0.01001	0.01877	0.00250	0.78851	0.00501	0.00250	0.00626
11	0.01505	0.64787	0.07887	0.01043	0.01533	0.02078	0.01045	0.05595	0.04350	0.01545	0.00984	0.03618	0.00889	0.00559	0.00411	0.00136	0.00613	0.00383	0.00285	0.00753
12	0.01922	0.01194	0.01365	0.01135	0.01519	0.01273	0.00909	0.13117	0.39683	0.28072	0.02168	0.01961	0.01523	0.00740	0.00578	0.00185	0.00490	0.00603	0.00624	0.00938
13	0.02447	0.01141	0.07699	0.01069	0.01546	0.00882	0.00948	0.02705	0.01601	0.70413	0.02153	0.01885	0.01358	0.00694	0.00573	0.00177	0.00517	0.00562	0.00669	0.00963
14	0.00944	0.00629	0.00692	0.00659	0.00874	0.00532	0.00500	0.01096	0.01334	0.12148	0.05084	0.10909	0.59789	0.01371	0.00666	0.00194	0.00321	0.01151	0.00556	0.00551

[dist]
# distance from previous block
# <min> <max>
0	14

[block]
# block no. 5 follows, 41 sequences, length 73
# corresponding to MSA columns:
# 262-302,322-353
name=unknown_F
#
# <colnr> <probs for GDERKNQSTAVLIFYWHMCP>
#	G	D	E	R	K	N	Q	S	T	A	V	L	I	F	Y	W	H	M	C	P
0	0.04866	0.11355	0.01806	0.01277	0.01700	0.17867	0.01052	0.44875	0.02176	0.05838	0.01216	0.01254	0.00900	0.00638	0.00528	0.00161	0.00700	0.00454	0.00472	0.00866
1	0.00700	0.00549	0.00638	0.00704	0.00823	0.00486	0.00507	0.00833	0.01213	0.01518	0.04465	0.38001	0.39901	0.01607	0.00707	0.00215	0.00323	0.05803	0.00531	0.00478
2	0.00676	0.00579	0.00579	0.00579	0.00773	0.00483	0.00435	0.00821	0.01304	0.01545	0.05794	0.05505	0.76098	0.01449	0.00676	0.00193	0.00290	0.01207	0.00531	0.00483
3	0.01409	0.05104	0.13984	0.26072	0.15828	0.04838	0.09118	0.01790	0.01283	0.10443	0.01247	0.04178	0.00972	0.00603	0.00571	0.00180	0.00740	0.00543	0.00325	0.00771
4	0.01408	0.01156	0.01605	0.06541	0.01626	0.01500	0.01156	0.06378	0.01109	0.10359	0.01073	0.01470	0.00920	0.01281	0.09930	0.00306	0.50652	0.00523	0.00332	0.00678
5	0.00847	0.00625	0.00782	0.00737	0.00876	0.00598	0.00545	0.01182	0.06495	0.02181	0.62677	0.04136	0.07636	0.07180	0.00840	0.00210	0.00305	0.01000	0.00601	0.00547
6	0.00739	0.00552	0.00613	0.00646	0.00783	0.00488	0.00466	0.00895	0.01259	0.01652	0.10389	0.25675	0.41327	0.01430	0.00659	0.00196	0.00297	0.01231	0.10216	0.00488
7	0.01964	0.03950	0.01957	0.01710	0.10703	0.19925	0.08403	0.38131	0.03328	0.02613	0.01200	0.01314	0.00904	0.00618	0.00563	0.00167	0.00762	0.00492	0.00435	0.00863
8	0.01250	0.01219	0.07780	0.26273	0.02278	0.04098	0.03800	0.04050	0.01222	0.06787	0.01635	0.07680	0.06588	0.00827	0.00832	0.00197	0.15835	0.00642	0.06347	0.00660
9	0.74790	0.01250	0.06418	0.00921	0.04070	0.01289	0.00771	0.01694	0.01003	0.02485	0.00824	0.00968	0.00638	0.00531	0.00376	0.00177	0.00481	0.00326	0.00343	0.00647
10	0.00883	0.00567	0.00700	0.00691	0.00804	0.00568	0.00509	0.01102	0.01248	0.01886	0.26475	0.06595	0.05258	0.09016	0.15637	0.00346	0.00542	0.00812	0.25851	0.00509
11	0.01914	0.02335	0.01735	0.08201	0.12790	0.57576	0.01245	0.02108	0.01510	0.01472	0.00919	0.01136	0.00764	0.00590	0.00574	0.00158	0.03586	0.00405	0.00288	0.00695
12	0.00742	0.00533	0.00704	0.00765	0.00840	0.00495	0.00534	0.00910	0.01306	0.01796	0.32510	0.49210	0.04433	0.01541	0.00708	0.00211	0.00307	0.01388	0.00571	0.00495
13	0.01480	0.01314	0.01764	0.02173	0.33310	0.01424	0.01281	0.08245	0.38008	0.02268	0.01719	0.01768	0.01327	0.00656	0.00575	0.00182	0.00563	0.00578	0.00454	0.00911
14	0.01290	0.02617	0.56912	0.01657	0.02371	0.04826	0.07956	0.07103	0.01324	0.01897	0.01038	0.01243	0.00757	0.00581	0.00644	0.00185	0.06048	0.00453	0.00273	0.00826
15	0.00791	0.00584	0.00739	0.00700	0.00843	0.00532	0.00525	0.01043	0.01575	0.02189	0.66218	0.04445	0.15273	0.01208	0.00675	0.00182	0.00273	0.01059	0.00616	0.00532
16	0.00824	0.00587	0.00788	0.00788	0.00845	0.00644	0.00552	0.00937	0.00880	0.01231	0.01652	0.02910	0.01718	0.37810	0.44505	0.00758	0.01099	0.00710	0.00324	0.00438
17	0.00753	0.00582	0.00687	0.00661	0.00820	0.00516	0.00495	0.00971	0.01486	0.01978	0.46444	0.04792	0.35178	0.01287	0.00675	0.00185	0.00278	0.01107	0.00588	0.00516
18	0.01529	0.80242	0.02997	0.00979	0.01468	0.02263	0.00979	0.01713	0.01162	0.01346	0.00795	0.00918	0.00734	0.00489	0.00367	0.00122	0.00612	0.00306	0.00245	0.00734
19	0.01742	0.01157	0.01303	0.01123	0.01480	0.01260	0.00887	0.02969	0.54723	0.23155	0.02308	0.02082	0.01654	0.00757	0.00580	0.00189	0.00462	0.00627	0.00617	0.00924
20	0.00810	0.00585	0.00765	0.00720	0.00855	0.00540	0.00540	0.01079	0.01619	0.02294	0.76028	0.04273	0.05397	0.01169	0.00675	0.00180	0.00270	0.01034	0.00630	0.00540
21	0.83938	0.01106	0.00841	0.00752	0.01106	0.01283	0.00619	0.01681	0.00973	0.02566	0.00796	0.00929	0.00619	0.00531	0.00354	0.00177	0.00442	0.00310	0.00354	0.00619
22	0.01438	0.01305	0.01780	0.02147	0.34501	0.03910	0.01253	0.09670	0.07708	0.02077	0.03798	0.01494	0.01114	0.00578	0.00593	0.00154	0.04101	0.00492	0.00365	0.21522
23	0.01840	0.01030	0.03859	0.00976	0.01395	0.00863	0.00815	0.02242	0.09494	0.38767	0.11506	0.02064	0.01810	0.00703	0.00552	0.00158	0.00453	0.00582	0.00581	0.20311
24	0.04747	0.17241	0.14998	0.01334	0.01838	0.14358	0.03581	0.27838	0.01811	0.05404	0.01128	0.01213	0.00846	0.00596	0.00514	0.00161	0.00729	0.00434	0.00394	0.00834
25	0.01435	0.00996	0.01374	0.01416	0.13635	0.01006	0.03216	0.09352	0.08086	0.15184	0.24198	0.06672	0.05889	0.00912	0.00673	0.00185	0.03690	0.00785	0.00540	0.00757
26	0.00817	0.00613	0.00919	0.00919	0.01021	0.00715	0.00715	0.01021	0.00919	0.01328	0.01532	0.02247	0.01430	0.04290	0.77631	0.00919	0.01532	0.00613	0.00306	0.00511
27	0.01204	0.02334	0.48517	0.10502	0.13017	0.01342	0.11497	0.01768	0.01233	0.01783	0.01049	0.01316	0.00773	0.00534	0.00567	0.00182	0.00829	0.00477	0.00255	0.00821
28	0.01695	0.01812	0.26009	0.01656	0.13062	0.04134	0.01441	0.11539	0.04871	0.19990	0.01573	0.01855	0.01183	0.00684	0.00577	0.00183	0.00673	0.05749	0.00441	0.00874
29	0.01416	0.01359	0.02322	0.03511	0.76330	0.01359	0.01755	0.01755	0.01302	0.01869	0.01076	0.01416	0.00906	0.00510	0.00566	0.00170	0.00680	0.00510	0.00283	0.00906
30	0.00705	0.00504	0.00671	0.00791	0.00831	0.00470	0.00532	0.00817	0.01133	0.01521	0.08469	0.74035	0.03901	0.01747	0.00726	0.00228	0.00327	0.01583	0.00538	0.00470
31	0.01414	0.01382	0.02428	0.05838	0.25425	0.02557	0.29187	0.10463	0.02680	0.02023	0.01479	0.01991	0.03940	0.00642	0.00629	0.00187	0.00762	0.05821	0.00351	0.00803
32	0.01583	0.01387	0.01817	0.13416	0.33587	0.12327	0.01372	0.01914	0.04392	0.12441	0.01388	0.06683	0.01155	0.00672	0.00617	0.00179	0.03323	0.00578	0.00369	0.00802
33	0.00881	0.00781	0.00911	0.03414	0.01129	0.06227	0.03151	0.01040	0.01217	0.01520	0.03403	0.37772	0.21051	0.01480	0.00742	0.00219	0.03174	0.10889	0.00486	0.00513
34	0.00832	0.00555	0.00624	0.00624	0.00624	0.00555	0.00347	0.00832	0.00832	0.01109	0.01802	0.03743	0.02080	0.79898	0.02911	0.00555	0.00555	0.00832	0.00347	0.00347
35	0.01186	0.01017	0.01186	0.00847	0.01356	0.00762	0.00678	0.01440	0.01186	0.01864	0.01017	0.01186	0.00847	0.00424	0.00424	0.00085	0.00424	0.00339	0.00339	0.83395
36	0.13756	0.04870	0.01684	0.01489	0.07915	0.16616	0.01121	0.19984	0.01540	0.02155	0.00969	0.01192	0.00797	0.00710	0.00886	0.00187	0.22582	0.00443	0.00358	0.00748
37	0.00686	0.00568	0.00602	0.00619	0.00785	0.00483	0.00454	0.00831	0.01289	0.01572	0.09064	0.16388	0.61718	0.01485	0.00684	0.00198	0.00295	0.01260	0.00536	0.00483
38	0.01538	0.04644	0.02148	0.08560	0.45291	0.15417	0.03520	0.04034	0.01361	0.01753	0.01017	0.01326	0.00849	0.00563	0.00634	0.00171	0.05592	0.00480	0.00289	0.00815
39	0.00862	0.00558	0.00580	0.00577	0.00717	0.00516	0.00417	0.01046	0.01224	0.01778	0.08826	0.03835	0.31433	0.11298	0.00855	0.00215	0.00313	0.00876	0.33582	0.00489
40	0.01366	0.01164	0.01372	0.01432	0.12397	0.01281	0.00973	0.08539	0.45022	0.02346	0.10153	0.02437	0.07370	0.00820	0.00596	0.00187	0.00470	0.00697	0.00539	0.00841
41	0.00800	0.00584	0.00751	0.00709	0.00849	0.00536	0.00532	0.01061	0.01596	0.02239	0.70904	0.04363	0.10555	0.01190	0.00675	0.00181	0.00271	0.01047	0.00622	0.00536
42	0.01679	0.01156	0.01817	0.20090	0.32275	0.01189	0.01389	0.02079	0.06298	0.24007	0.01496	0.01647	0.01080	0.00601	0.00571	0.00178	0.00627	0.00538	0.00422	0.00863
43	0.01185	0.02426	0.55107	0.01521	0.04782	0.01236	0.01754	0.01838	0.06879	0.01867	0.01126	0.01282	0.00831	0.00539	0.00526	0.00165	0.00735	0.00428	0.00286	0.15487
44	0.01391	0.01334	0.02277	0.08983	0.71049	0.01353	0.01743	0.01734	0.01291	0.01839	0.01072	0.01424	0.00896	0.00514	0.00567	0.00171	0.00686	0.00510	0.00281	0.00886
45	0.02566	0.00973	0.01327	0.01018	0.01460	0.00841	0.00841	0.02788	0.01637	0.76726	0.02257	0.01947	0.01416	0.00708	0.00575	0.00177	0.00487	0.00575	0.00708	0.00973
46	0.01529	0.80242	0.02997	0.00979	0.01468	0.02263	0.00979	0.01713	0.01162	0.01346	0.00795	0.00918	0.00734	0.00489	0.00367	0.00122	0.00612	0.00306	0.00245	0.00734
47	0.02215	0.01537	0.01676	0.01285	0.01741	0.01677	0.01062	0.66980	0.02580	0.11202	0.01465	0.01433	0.01019	0.00689	0.00573	0.00172	0.00615	0.00521	0.00586	0.00973
48	0.00802	0.00628	0.00826	0.01003	0.06650	0.00605	0.00639	0.01037	0.06551	0.01570	0.03276	0.58291	0.12801	0.01575	0.00700	0.00220	0.00362	0.01415	0.00516	0.00533
49	0.00822	0.00592	0.00811	0.00811	0.00876	0.00656	0.00580	0.00952	0.00887	0.01248	0.01631	0.02794	0.01667	0.31913	0.50333	0.00786	0.01175	0.00693	0.00321	0.00451
50	0.01186	0.01017	0.01186	0.00847	0.01356	0.00762	0.00678	0.01440	0.01186	0.01864	0.01017	0.01186	0.00847	0.00424	0.00424	0.00085	0.00424	0.00339	0.00339	0.83395
51	0.01049	0.00771	0.00916	0.00836	0.01024	0.00785	0.00638	0.09444	0.11235	0.02380	0.47942	0.09022	0.04054	0.01077	0.00637	0.00182	0.00338	0.00936	0.06106	0.00629
52	0.00810	0.00585	0.00765	0.00720	0.00855	0.00540	0.00540	0.01079	0.01619	0.02294	0.76028	0.04273	0.05397	0.01169	0.00675	0.00180	0.00270	0.01034	0.00630	0.00540
53	0.02174	0.01602	0.01717	0.01316	0.01774	0.01774	0.01087	0.74423	0.02689	0.03605	0.01373	0.01373	0.00973	0.00687	0.00572	0.00172	0.00629	0.00515	0.00572	0.00973
54	0.16993	0.00997	0.01241	0.00971	0.01397	0.00919	0.00801	0.02591	0.01519	0.63578	0.01998	0.01766	0.01275	0.00677	0.00536	0.00177	0.00479	0.00528	0.00645	0.00911
55	0.02566	0.00973	0.01327	0.01018	0.01460	0.00841	0.00841	0.02788	0.01637	0.76726	0.02257	0.01947	0.01416	0.00708	0.00575	0.00177	0.00487	0.00575	0.00708	0.00973
56	0.02174	0.01602	0.01717	0.01316	0.01774	0.01774	0.01087	0.74423	0.02689	0.03605	0.01373	0.01373	0.00973	0.00687	0.00572	0.00172	0.00629	0.00515	0.00572	0.00973
57	0.00676	0.00579	0.00579	0.00579	0.00773	0.00483	0.00435	0.00821	0.01304	0.01545	0.05794	0.05505	0.76098	0.01449	0.00676	0.00193	0.00290	0.01207	0.00531	0.00483
58	0.00838	0.00536	0.00634	0.00672	0.00776	0.00505	0.00480	0.01032	0.01261	0.01862	0.18361	0.30924	0.10864	0.01260	0.00606	0.00185	0.00293	0.01104	0.27301	0.00505
59	0.02566	0.00973	0.01327	0.01018	0.01460	0.00841	0.00841	0.02788	0.01637	0.76726	0.02257	0.01947	0.01416	0.00708	0.00575	0.00177	0.00487	0.00575	0.00708	0.00973
60	0.01416	0.01359	0.02322	0.03511	0.76330	0.01359	0.01755	0.01755	0.01302	0.01869	0.01076	0.01416	0.00906	0.00510	0.00566	0.00170	0.00680	0.00510	0.00283	0.00906
61	0.00810	0.00585	0.00765	0.00720	0.00855	0.00540	0.00540	0.01079	0.01619	0.02294	0.76028	0.04273	0.05397	0.01169	0.00675	0.00180	0.00270	0.01034	0.00630	0.00540
62	0.01175	0.01149	0.06238	0.01292	0.09615	0.01115	0.00943	0.02126	0.38915	0.02050	0.05454	0.08409	0.17204	0.00958	0.00611	0.00193	0.00455	0.00817	0.00514	0.00769
63	0.01080	0.01017	0.01716	0.78523	0.03940	0.01271	0.01589	0.01461	0.01144	0.01461	0.01017	0.01525	0.00762	0.00572	0.00572	0.00191	0.00762	0.00508	0.00254	0.00635
64	0.01529	0.80242	0.02997	0.00979	0.01468	0.02263	0.00979	0.01713	0.01162	0.01346	0.00795	0.00918	0.00734	0.00489	0.00367	0.00122	0.00612	0.00306	0.00245	0.00734
65	0.01316	0.10059	0.01483	0.20974	0.01905	0.19599	0.00979	0.01478	0.01142	0.01314	0.01197	0.02039	0.01179	0.26302	0.01381	0.00295	0.05949	0.00556	0.00293	0.00559
66	0.01034	0.00663	0.00825	0.00847	0.00992	0.00636	0.00639	0.01288	0.06617	0.10371	0.03192	0.26457	0.14495	0.12364	0.01009	0.00268	0.00426	0.16791	0.00529	0.00556
67	0.00701	0.00539	0.00642	0.00705	0.00810	0.00480	0.00495	0.00836	0.01232	0.01583	0.12062	0.42952	0.31723	0.01593	0.00703	0.00212	0.00309	0.01401	0.00542	0.00480
68	0.01440	0.01421	0.07727	0.13879	0.41678	0.01363	0.01552	0.14546	0.01513	0.02102	0.03755	0.01583	0.01077	0.03137	0.00646	0.00187	0.00677	0.00532	0.00341	0.00842
69	0.01655	0.01547	0.04132	0.04662	0.25855	0.16824	0.01260	0.09334	0.03514	0.09654	0.01422	0.08544	0.01218	0.00720	0.00625	0.00176	0.04194	0.00591	0.03279	0.00793
70	0.00986	0.00502	0.00753	0.00753	0.00758	0.00507	0.00507	0.00758	0.00753	0.01009	0.01018	0.01762	0.01013	0.02091	0.05623	0.79654	0.00543	0.00502	0.00251	0.00260
71	0.01291	0.01282	0.07163	0.04381	0.29829	0.04518	0.03598	0.04081	0.03802	0.01716	0.01189	0.04243	0.01043	0.00985	0.04024	0.14944	0.00670	0.00529	0.00311	0.10402
72	0.04473	0.01034	0.01197	0.01109	0.04352	0.03720	0.00829	0.17877	0.06815	0.04391	0.01729	0.04430	0.04696	0.06319	0.28387	0.00459	0.00903	0.00619	0.00421	0.06239

[dist]
# distance from previous block
# <min> <max>
0	80

[block]
# block no. 6 follows, 41 sequences, length 45
# corresponding to MSA columns:
# 474-487,491-493,495-504,508-525
name=unknown_G
#
# <colnr> <probs for GDERKNQSTAVLIFYWHMCP>
#	G	D	E	R	K	N	Q	S	T	A	V	L	I	F	Y	W	H	M	C	P
0	0.01466	0.01338	0.05433	0.01775	0.22200	0.09105	0.01151	0.07675	0.08483	0.08591	0.05279	0.07912	0.01530	0.01207	0.10750	0.00272	0.00736	0.00631	0.00414	0.04052
1	0.26956	0.01595	0.14954	0.01201	0.05695	0.10171	0.01040	0.08002	0.01356	0.02185	0.08389	0.04156	0.04212	0.00682	0.00500	0.00169	0.00587	0.00516	0.00379	0.07255
2	0.00862	0.00684	0.00987	0.00871	0.00998	0.00665	0.08973	0.00996	0.01065	0.01419	0.10246	0.03645	0.14479	0.39640	0.11633	0.00460	0.00653	0.00869	0.00395	0.00460
3	0.83938	0.01106	0.00841	0.00752	0.01106	0.01283	0.00619	0.01681	0.00973	0.02566	0.00796	0.00929	0.00619	0.00531	0.00354	0.00177	0.00442	0.00310	0.00354	0.00619
4	0.02016	0.01482	0.01583	0.01240	0.01659	0.01642	0.01016	0.61912	0.09405	0.03374	0.01502	0.01505	0.01085	0.00693	0.00559	0.00171	0.00584	0.00529	0.07112	0.00932
5	0.83938	0.01106	0.00841	0.00752	0.01106	0.01283	0.00619	0.01681	0.00973	0.02566	0.00796	0.00929	0.00619	0.00531	0.00354	0.00177	0.00442	0.00310	0.00354	0.00619
6	0.00817	0.00613	0.00919	0.00919	0.01021	0.00715	0.00715	0.01021	0.00919	0.01328	0.01532	0.02247	0.01430	0.04290	0.77631	0.00919	0.01532	0.00613	0.00306	0.00511
7	0.01186	0.01017	0.01186	0.00847	0.01356	0.00762	0.00678	0.01440	0.01186	0.01864	0.01017	0.01186	0.00847	0.00424	0.00424	0.00085	0.00424	0.00339	0.00339	0.83395
8	0.73363	0.01170	0.00954	0.00825	0.01193	0.01347	0.00680	0.11090	0.01195	0.02701	0.00871	0.00987	0.00665	0.00551	0.00382	0.00176	0.00467	0.00336	0.00382	0.00665
9	0.01529	0.80242	0.02997	0.00979	0.01468	0.02263	0.00979	0.01713	0.01162	0.01346	0.00795	0.00918	0.00734	0.00489	0.00367	0.00122	0.00612	0.00306	0.00245	0.00734
10	0.01433	0.01086	0.01335	0.10892	0.01750	0.00963	0.00862	0.10794	0.01415	0.09374	0.01183	0.01328	0.00908	0.00504	0.00476	0.00118	0.00499	0.00406	0.00394	0.54280
11	0.00933	0.00912	0.06941	0.01145	0.09757	0.00769	0.00829	0.03018	0.05092	0.01928	0.28260	0.09561	0.18778	0.01413	0.07851	0.00256	0.00508	0.00938	0.00496	0.00614
12	0.01423	0.01229	0.01293	0.01164	0.01487	0.01423	0.00905	0.03039	0.75297	0.02393	0.02328	0.02134	0.01746	0.00776	0.00582	0.00194	0.00453	0.00647	0.00582	0.00905
13	0.01169	0.01083	0.01747	0.12146	0.44604	0.01093	0.01353	0.01471	0.01321	0.01812	0.11085	0.02500	0.14688	0.00764	0.00600	0.00178	0.00571	0.00697	0.00366	0.00752
14	0.04523	0.10588	0.18223	0.08489	0.02075	0.26262	0.04866	0.02103	0.05919	0.09998	0.01169	0.01294	0.00876	0.00584	0.00524	0.00165	0.00801	0.00439	0.00339	0.00761
15	0.00830	0.00562	0.00661	0.00661	0.00674	0.00575	0.00393	0.00856	0.00843	0.01137	0.01768	0.03553	0.01997	0.70290	0.12406	0.00601	0.00679	0.00804	0.00341	0.00367
16	0.00697	0.00498	0.00664	0.00796	0.00830	0.00465	0.00531	0.00796	0.01095	0.01460	0.03153	0.79525	0.03783	0.01792	0.00730	0.00232	0.00332	0.01626	0.00531	0.00465
17	0.01549	0.01397	0.01953	0.07703	0.45267	0.07310	0.01453	0.08569	0.07095	0.06197	0.01472	0.01669	0.04577	0.00613	0.00570	0.00173	0.00661	0.00546	0.00367	0.00859
18	0.03610	0.04684	0.12110	0.17509	0.14209	0.27137	0.04995	0.05968	0.01432	0.01715	0.00997	0.01255	0.00784	0.00562	0.00541	0.00168	0.00841	0.00446	0.00292	0.00745
19	0.01777	0.01945	0.01462	0.01289	0.01550	0.41154	0.00994	0.14699	0.01651	0.01824	0.04707	0.01738	0.06446	0.03562	0.05472	0.00226	0.07927	0.00526	0.00374	0.00677
20	0.00854	0.00576	0.00696	0.00742	0.00800	0.00568	0.00522	0.00959	0.01034	0.01400	0.02442	0.11374	0.06043	0.42332	0.01854	0.00399	0.00492	0.19576	0.06913	0.00426
21	0.01491	0.69307	0.02825	0.01051	0.01473	0.02192	0.01016	0.01666	0.01123	0.01350	0.00789	0.00964	0.00736	0.00560	0.00576	0.00140	0.11443	0.00333	0.00245	0.00719
22	0.01440	0.01236	0.01694	0.06229	0.27351	0.01202	0.01181	0.15604	0.03898	0.02181	0.01221	0.04031	0.01016	0.00570	0.00525	0.00145	0.00568	0.00495	0.00374	0.29038
23	0.00761	0.00578	0.00701	0.00680	0.00827	0.00518	0.00506	0.00982	0.01490	0.02011	0.49817	0.08891	0.27567	0.01292	0.00678	0.00187	0.00280	0.01122	0.00593	0.00518
24	0.00832	0.00555	0.00624	0.00624	0.00624	0.00555	0.00347	0.00832	0.00832	0.01109	0.01802	0.03743	0.02080	0.79898	0.02911	0.00555	0.00555	0.00832	0.00347	0.00347
25	0.83938	0.01106	0.00841	0.00752	0.01106	0.01283	0.00619	0.01681	0.00973	0.02566	0.00796	0.00929	0.00619	0.00531	0.00354	0.00177	0.00442	0.00310	0.00354	0.00619
26	0.00832	0.00555	0.00624	0.00624	0.00624	0.00555	0.00347	0.00832	0.00832	0.01109	0.01802	0.03743	0.02080	0.79898	0.02911	0.00555	0.00555	0.00832	0.00347	0.00347
27	0.01318	0.07298	0.01385	0.00907	0.01409	0.00988	0.00745	0.09220	0.01344	0.02008	0.01037	0.01185	0.00852	0.00457	0.00435	0.00097	0.00460	0.00355	0.00356	0.68144
28	0.04955	0.14835	0.11452	0.01233	0.01723	0.10407	0.01127	0.29632	0.05514	0.02437	0.01159	0.01236	0.00884	0.00591	0.00502	0.00153	0.00660	0.00429	0.00408	0.10662
29	0.00746	0.00621	0.00687	0.00681	0.00815	0.00592	0.00496	0.00864	0.01180	0.01460	0.04549	0.12381	0.52083	0.12838	0.01101	0.00254	0.06559	0.01139	0.00482	0.00473
30	0.00799	0.00584	0.00750	0.00708	0.00848	0.00535	0.00531	0.01059	0.01594	0.02234	0.70462	0.04370	0.11001	0.01191	0.00675	0.00181	0.00271	0.01048	0.00622	0.00535
31	0.01080	0.01017	0.01716	0.78523	0.03940	0.01271	0.01589	0.01461	0.01144	0.01461	0.01017	0.01525	0.00762	0.00572	0.00572	0.00191	0.00762	0.00508	0.00254	0.00635
32	0.00979	0.00671	0.00785	0.00744	0.00821	0.00694	0.00492	0.06790	0.04770	0.01459	0.06037	0.03231	0.05518	0.46391	0.07320	0.11119	0.00585	0.00769	0.00386	0.00440
33	0.02174	0.01602	0.01717	0.01316	0.01774	0.01774	0.01087	0.74423	0.02689	0.03605	0.01373	0.01373	0.00973	0.00687	0.00572	0.00172	0.00629	0.00515	0.00572	0.00973
34	0.00994	0.00497	0.00745	0.00745	0.00745	0.00497	0.00497	0.00745	0.00745	0.00994	0.00994	0.01739	0.00994	0.01987	0.02235	0.83358	0.00497	0.00497	0.00248	0.00248
35	0.02073	0.01489	0.01879	0.04649	0.01980	0.01590	0.10466	0.52788	0.02317	0.12746	0.01445	0.01476	0.01008	0.00658	0.00586	0.00176	0.00660	0.00543	0.00540	0.00933
36	0.01423	0.01229	0.01293	0.01164	0.01487	0.01423	0.00905	0.03039	0.75297	0.02393	0.02328	0.02134	0.01746	0.00776	0.00582	0.00194	0.00453	0.00647	0.00582	0.00905
37	0.02566	0.00973	0.01327	0.01018	0.01460	0.00841	0.00841	0.02788	0.01637	0.76726	0.02257	0.01947	0.01416	0.00708	0.00575	0.00177	0.00487	0.00575	0.00708	0.00973
38	0.01523	0.34723	0.04741	0.07780	0.21094	0.01761	0.01251	0.13327	0.01428	0.01856	0.01033	0.01312	0.00883	0.04331	0.00595	0.00170	0.00649	0.00437	0.00313	0.00794
39	0.01592	0.05247	0.16263	0.01343	0.01751	0.25008	0.04736	0.03256	0.12105	0.07661	0.01698	0.07743	0.05421	0.00763	0.00601	0.00177	0.02900	0.00600	0.00391	0.00745
40	0.00795	0.00588	0.00746	0.00835	0.00945	0.00556	0.00653	0.00964	0.01216	0.01556	0.03640	0.25519	0.21105	0.07812	0.00914	0.00261	0.00419	0.30477	0.00515	0.00485
41	0.00721	0.00525	0.00639	0.00719	0.00776	0.00487	0.00474	0.00808	0.01081	0.01404	0.03385	0.49501	0.17450	0.17880	0.01171	0.00291	0.00370	0.01381	0.00493	0.00444
42	0.01369	0.02818	0.60324	0.01583	0.02320	0.12148	0.01889	0.07633	0.01383	0.01895	0.01034	0.01196	0.00746	0.00561	0.00542	0.00176	0.00855	0.00422	0.00275	0.00830
43	0.11821	0.13306	0.01976	0.02097	0.31563	0.18480	0.01267	0.01990	0.08962	0.01827	0.01086	0.01270	0.00894	0.00555	0.00501	0.00161	0.00695	0.00437	0.00320	0.00791
44	0.01352	0.05761	0.12319	0.07412	0.05993	0.01207	0.04215	0.17103	0.01524	0.04326	0.01712	0.15813	0.01639	0.00905	0.00630	0.00188	0.02375	0.08123	0.00421	0.06982

[dist]
# distance from previous block
# <min> <max>
0	3

[block]
# block no. 7 follows, 41 sequences, length 13
# corresponding to MSA columns:
# 529-541
name=unknown_H
#
# <colnr> <probs for GDERKNQSTAVLIFYWHMCP>
#	G	D	E	R	K	N	Q	S	T	A	V	L	I	F	Y	W	H	M	C	P
0	0.01025	0.05793	0.12781	0.00968	0.01260	0.00874	0.00894	0.01430	0.07668	0.05300	0.22588	0.08733	0.10873	0.01466	0.10089	0.00280	0.00586	0.06279	0.00481	0.00634
1	0.01416	0.01393	0.09875	0.05706	0.12468	0.01148	0.06423	0.13967	0.01492	0.04879	0.01363	0.01524	0.04353	0.00564	0.00526	0.00144	0.00595	0.00485	0.00374	0.31304
2	0.00854	0.00657	0.00760	0.00723	0.00874	0.00635	0.00527	0.01213	0.10358	0.01929	0.37596	0.04239	0.22225	0.13712	0.01019	0.00245	0.00342	0.00999	0.00554	0.00539
3	0.01381	0.15432	0.35706	0.01595	0.09492	0.13388	0.01550	0.01868	0.04946	0.01740	0.06732	0.01431	0.01152	0.00597	0.00524	0.00165	0.00756	0.00461	0.00301	0.00784
4	0.00994	0.00497	0.00745	0.00745	0.00745	0.00497	0.00497	0.00745	0.00745	0.00994	0.00994	0.01739	0.00994	0.01987	0.02235	0.83358	0.00497	0.00497	0.00248	0.00248
5	0.11184	0.00777	0.01049	0.01102	0.06457	0.00875	0.00794	0.01347	0.05015	0.05116	0.01486	0.02006	0.01309	0.03200	0.54845	0.00700	0.01230	0.00568	0.00344	0.00595
6	0.05075	0.42102	0.22338	0.01112	0.01612	0.01657	0.01189	0.01580	0.01154	0.01547	0.01264	0.14558	0.01252	0.00731	0.00476	0.00160	0.00618	0.00565	0.00298	0.00712
7	0.01293	0.28968	0.31278	0.01267	0.01856	0.05270	0.04063	0.01673	0.01217	0.01608	0.01309	0.04241	0.05383	0.00615	0.00491	0.00154	0.00690	0.00473	0.00283	0.07869
8	0.07046	0.08710	0.35364	0.01255	0.01781	0.05750	0.04039	0.01575	0.01292	0.01851	0.14710	0.05631	0.07144	0.00772	0.00559	0.00177	0.00646	0.00631	0.00358	0.00708
9	0.07211	0.11970	0.30345	0.01250	0.01765	0.09473	0.01313	0.05571	0.05747	0.01839	0.01529	0.11001	0.04432	0.00751	0.00533	0.00174	0.00671	0.00591	0.00345	0.03490
10	0.05658	0.11636	0.14585	0.01409	0.06198	0.23264	0.01206	0.14714	0.01602	0.05943	0.04349	0.01424	0.01072	0.03805	0.00614	0.00176	0.00747	0.00460	0.00369	0.00768
