[name]
unknown

[dist]
# distance from previous block
# <min> <max>
28	364

[block]
# block no. 0 follows, 34 sequences, length 11
# corresponding to MSA columns:
# 560-570
name=unknown_A
#
# <colnr> <probs for GDERKNQSTAVLIFYWHMCP>
#	G	D	E	R	K	N	Q	S	T	A	V	L	I	F	Y	W	H	M	C	P
0	0.01669	0.01304	0.01232	0.01120	0.01397	0.14129	0.00850	0.07999	0.07130	0.14712	0.10029	0.20394	0.12885	0.01241	0.00707	0.00213	0.00574	0.01043	0.00607	0.00766
1	0.30207	0.01449	0.01599	0.04783	0.18351	0.07778	0.01173	0.07909	0.01408	0.02371	0.01176	0.01571	0.01000	0.04876	0.07265	0.00295	0.05108	0.00510	0.00381	0.00790
2	0.00787	0.00562	0.00750	0.00900	0.00937	0.00525	0.00600	0.00900	0.01237	0.01649	0.03561	0.76871	0.04274	0.02024	0.00825	0.00262	0.00375	0.01837	0.00600	0.00525
3	0.15812	0.01562	0.07294	0.01456	0.01850	0.01589	0.07294	0.19692	0.01685	0.04508	0.01406	0.07944	0.01220	0.00874	0.00928	0.00216	0.16756	0.00641	0.00449	0.06823
4	0.15615	0.11570	0.24090	0.01432	0.01975	0.12085	0.06012	0.01908	0.01418	0.02075	0.07490	0.08585	0.01589	0.00799	0.00589	0.00196	0.00771	0.00635	0.00376	0.00789
5	0.01363	0.01119	0.01290	0.01113	0.01292	0.06626	0.06825	0.13748	0.01462	0.01890	0.01939	0.09665	0.02057	0.44351	0.02169	0.00446	0.00701	0.00898	0.00445	0.00600
6	0.21639	0.01012	0.07248	0.00926	0.01133	0.00901	0.00741	0.01290	0.01110	0.01878	0.02072	0.23511	0.02271	0.23332	0.07883	0.00414	0.00649	0.00980	0.00438	0.00574
7	0.01583	0.01547	0.08134	0.09107	0.25963	0.01467	0.01496	0.15676	0.10462	0.02528	0.07405	0.02334	0.07838	0.00812	0.00662	0.00202	0.00676	0.00702	0.00474	0.00930
8	0.02025	0.01431	0.01604	0.01355	0.04314	0.01545	0.01052	0.41696	0.08214	0.07465	0.12098	0.02225	0.01980	0.00855	0.00644	0.00193	0.00586	0.00685	0.09067	0.00967
9	0.00952	0.00713	0.00899	0.00924	0.01066	0.00696	0.00690	0.01345	0.08700	0.02201	0.33666	0.26715	0.08339	0.01557	0.00785	0.00234	0.00380	0.08864	0.00653	0.00621
10	0.01164	0.00850	0.01350	0.01186	0.01369	0.00813	0.12194	0.01334	0.01291	0.05817	0.08552	0.10403	0.04276	0.25169	0.01739	0.07892	0.00630	0.12920	0.00480	0.00571

[dist]
# distance from previous block
# <min> <max>
48	211

[block]
# block no. 1 follows, 34 sequences, length 20
# corresponding to MSA columns:
# 809-827,841
name=unknown_B
#
# <colnr> <probs for GDERKNQSTAVLIFYWHMCP>
#	G	D	E	R	K	N	Q	S	T	A	V	L	I	F	Y	W	H	M	C	P
0	0.04400	0.05437	0.15591	0.03728	0.01692	0.08593	0.01146	0.05503	0.01464	0.05894	0.02615	0.07097	0.16421	0.04301	0.12940	0.00355	0.00857	0.00795	0.00439	0.00733
1	0.01743	0.01522	0.07015	0.07229	0.23283	0.01431	0.01412	0.21278	0.01871	0.05336	0.01529	0.04330	0.01221	0.00710	0.00611	0.00184	0.00670	0.00603	0.09580	0.08443
2	0.10480	0.08665	0.16384	0.01413	0.06179	0.03831	0.01260	0.04140	0.01449	0.04776	0.04689	0.16267	0.02251	0.01131	0.00673	0.00224	0.00650	0.14311	0.00465	0.00760
3	0.16104	0.09275	0.09825	0.01249	0.01718	0.01532	0.01148	0.20138	0.06174	0.09429	0.06799	0.02420	0.01738	0.00871	0.00614	0.00206	0.00629	0.08711	0.00536	0.00885
4	0.01491	0.36925	0.42069	0.01509	0.02282	0.01978	0.01808	0.01996	0.01341	0.01809	0.01042	0.01216	0.00823	0.00586	0.00524	0.00175	0.00836	0.00418	0.00274	0.00898
5	0.02013	0.01514	0.01646	0.01336	0.01770	0.01642	0.01098	0.47677	0.09097	0.03408	0.02347	0.02721	0.08750	0.00972	0.00680	0.00207	0.00633	0.08091	0.00628	0.03772
6	0.01703	0.01526	0.02019	0.01876	0.09744	0.09995	0.14756	0.10201	0.11825	0.06816	0.02108	0.08016	0.01902	0.00987	0.00721	0.00223	0.00761	0.13450	0.00510	0.00860
7	0.00815	0.00582	0.00781	0.00931	0.00981	0.00549	0.00648	0.00947	0.01264	0.01680	0.03546	0.69312	0.04213	0.01998	0.00832	0.00266	0.00399	0.09123	0.00599	0.00532
8	0.02475	0.01487	0.01704	0.01338	0.01824	0.01562	0.01095	0.35731	0.13932	0.28732	0.02085	0.01924	0.01421	0.00801	0.00649	0.00200	0.00621	0.00630	0.00703	0.01087
9	0.22671	0.01573	0.01608	0.01256	0.01749	0.01706	0.01034	0.43804	0.02322	0.05651	0.01371	0.01419	0.00996	0.00699	0.00565	0.00185	0.00627	0.00503	0.00559	0.09702
10	0.10764	0.01146	0.01440	0.01137	0.01612	0.01072	0.00932	0.03053	0.09404	0.58817	0.02391	0.02106	0.01549	0.00788	0.00625	0.00202	0.00541	0.00628	0.00744	0.01051
11	0.00784	0.00599	0.00712	0.00801	0.00905	0.00536	0.00551	0.00911	0.01314	0.01671	0.04621	0.47782	0.29901	0.04645	0.00892	0.00259	0.00366	0.01627	0.00592	0.00528
12	0.02474	0.01485	0.01698	0.01323	0.01810	0.01550	0.01086	0.39543	0.07929	0.27908	0.02182	0.02031	0.04259	0.00827	0.00653	0.00199	0.00624	0.00649	0.00698	0.01071
13	0.00975	0.00805	0.01016	0.01186	0.08869	0.00769	0.00779	0.01332	0.08052	0.01962	0.12186	0.21050	0.30791	0.01512	0.00763	0.00229	0.00419	0.06070	0.00587	0.00648
14	0.18457	0.01025	0.01200	0.00974	0.01381	0.00977	0.00795	0.02552	0.01594	0.44464	0.02124	0.02012	0.01430	0.00750	0.00558	0.00190	0.00488	0.00579	0.17537	0.00915
15	0.00831	0.00571	0.00735	0.00860	0.00902	0.00540	0.00570	0.00946	0.01218	0.01666	0.03316	0.64835	0.03909	0.08959	0.01028	0.00288	0.00393	0.01666	0.06246	0.00518
16	0.01136	0.00596	0.00626	0.00651	0.00783	0.00590	0.00476	0.01406	0.01336	0.02284	0.02346	0.14614	0.02085	0.00961	0.00513	0.00169	0.00313	0.00805	0.67721	0.00590
17	0.01091	0.00861	0.01331	0.01614	0.16261	0.00942	0.01022	0.01360	0.01158	0.01711	0.01657	0.02329	0.01495	0.03576	0.52405	0.00780	0.01398	0.00660	0.07676	0.00673
18	0.01393	0.01520	0.01138	0.01125	0.01318	0.27989	0.00818	0.01550	0.01548	0.01710	0.08059	0.29006	0.17560	0.01391	0.00718	0.00213	0.00653	0.01165	0.00509	0.00618
19	0.02225	0.02765	0.01859	0.01671	0.01941	0.60972	0.01280	0.02387	0.01672	0.01576	0.00970	0.01212	0.00835	0.00754	0.00873	0.00188	0.15311	0.00444	0.00323	0.00741

[dist]
# distance from previous block
# <min> <max>
5	8

[block]
# block no. 2 follows, 34 sequences, length 17
# corresponding to MSA columns:
# 850-866
name=unknown_C
#
# <colnr> <probs for GDERKNQSTAVLIFYWHMCP>
#	G	D	E	R	K	N	Q	S	T	A	V	L	I	F	Y	W	H	M	C	P
0	0.10963	0.01361	0.01380	0.01406	0.08002	0.15606	0.00993	0.01880	0.01420	0.11771	0.07512	0.02152	0.01672	0.02279	0.28190	0.00505	0.01105	0.00621	0.00440	0.00741
1	0.01492	0.02170	0.33951	0.23928	0.06390	0.01412	0.01892	0.05242	0.01469	0.08607	0.01304	0.01566	0.00935	0.00637	0.00620	0.00199	0.00836	0.00525	0.00353	0.06471
2	0.18853	0.02010	0.06533	0.01364	0.01755	0.24002	0.01134	0.08459	0.14116	0.02376	0.04719	0.01604	0.01283	0.00750	0.00670	0.00195	0.05667	0.00521	0.00444	0.03546
3	0.01350	0.01144	0.04893	0.01013	0.01354	0.06184	0.00841	0.01588	0.01429	0.10157	0.03051	0.03728	0.19517	0.08354	0.06318	0.00292	0.00643	0.09136	0.00500	0.18508
4	0.14946	0.02458	0.26225	0.02112	0.18533	0.18015	0.01711	0.05040	0.01521	0.02182	0.01110	0.01329	0.00861	0.00621	0.00579	0.00192	0.00874	0.00470	0.00334	0.00888
5	0.10050	0.10924	0.01931	0.30022	0.02769	0.01725	0.01340	0.16308	0.14251	0.02450	0.01438	0.01654	0.01087	0.00697	0.00593	0.00200	0.00709	0.00551	0.00437	0.00863
6	0.01283	0.01212	0.02051	0.63908	0.15793	0.01452	0.01826	0.01706	0.01322	0.01727	0.01159	0.01702	0.00888	0.00634	0.00645	0.00211	0.00846	0.00574	0.00293	0.00768
7	0.00811	0.00648	0.00725	0.00723	0.00906	0.00563	0.00536	0.01012	0.01559	0.01989	0.26031	0.11820	0.47251	0.01576	0.00768	0.00218	0.00325	0.01346	0.00633	0.00563
8	0.00839	0.00606	0.00712	0.00774	0.00837	0.00567	0.00499	0.00921	0.01178	0.01523	0.03641	0.34502	0.18470	0.29955	0.01729	0.00388	0.00458	0.01400	0.00522	0.00480
9	0.00780	0.00590	0.00721	0.00825	0.00918	0.00531	0.00567	0.00908	0.01309	0.01679	0.04472	0.55308	0.25248	0.01906	0.00806	0.00249	0.00360	0.01692	0.00600	0.00531
10	0.00831	0.00581	0.00737	0.00843	0.00870	0.00554	0.00539	0.00911	0.01151	0.01534	0.03119	0.55798	0.03715	0.23859	0.01539	0.00368	0.00448	0.01577	0.00539	0.00486
11	0.01727	0.77681	0.03386	0.01106	0.01658	0.02557	0.01106	0.01935	0.01313	0.01520	0.00898	0.01036	0.00829	0.00553	0.00415	0.00138	0.00691	0.00345	0.00276	0.00829
12	0.19170	0.00915	0.00956	0.00855	0.01161	0.00899	0.00673	0.01747	0.06407	0.14602	0.15277	0.03888	0.28743	0.01158	0.00656	0.00209	0.00413	0.00940	0.00612	0.00719
13	0.02456	0.01810	0.01939	0.01487	0.02004	0.02004	0.01228	0.71107	0.03038	0.04072	0.01551	0.01551	0.01099	0.00776	0.00646	0.00194	0.00711	0.00582	0.00646	0.01099
14	0.01831	0.01831	0.02035	0.03900	0.21510	0.19620	0.06181	0.14211	0.06986	0.02328	0.04447	0.09019	0.01573	0.00826	0.00660	0.00198	0.00805	0.00708	0.00448	0.00886
15	0.05021	0.12048	0.13672	0.08594	0.09425	0.01767	0.07365	0.24245	0.01903	0.02640	0.01257	0.01455	0.00953	0.00641	0.00598	0.00185	0.00774	0.00524	0.00417	0.06516
16	0.10816	0.05721	0.13757	0.14594	0.07536	0.05115	0.01520	0.03569	0.06605	0.01999	0.01280	0.01591	0.02642	0.00791	0.00968	0.00220	0.19579	0.00541	0.00345	0.00810

[dist]
# distance from previous block
# <min> <max>
0	1

[block]
# block no. 3 follows, 34 sequences, length 17
# corresponding to MSA columns:
# 868-884
name=unknown_D
#
# <colnr> <probs for GDERKNQSTAVLIFYWHMCP>
#	G	D	E	R	K	N	Q	S	T	A	V	L	I	F	Y	W	H	M	C	P
0	0.01734	0.01644	0.10164	0.01302	0.01667	0.08325	0.01126	0.24031	0.01901	0.06198	0.08891	0.02385	0.01818	0.13900	0.07601	0.00344	0.04972	0.00685	0.00498	0.00813
1	0.00923	0.00692	0.01038	0.01038	0.01154	0.00808	0.00808	0.01154	0.01038	0.01500	0.01731	0.02538	0.01615	0.04846	0.74732	0.01038	0.01731	0.00692	0.00346	0.00577
2	0.05802	0.01217	0.01400	0.01373	0.08294	0.01278	0.00976	0.09902	0.26804	0.12390	0.03259	0.03095	0.19464	0.01002	0.00667	0.00210	0.00516	0.00827	0.00616	0.00905
3	0.02460	0.02388	0.01862	0.01555	0.01981	0.37292	0.01223	0.34039	0.02386	0.06702	0.01338	0.01399	0.00997	0.00724	0.00616	0.00181	0.00923	0.00505	0.00502	0.00929
4	0.01525	0.01743	0.03813	0.02723	0.03377	0.01634	0.70915	0.02070	0.01525	0.02070	0.01307	0.01743	0.00980	0.00545	0.00763	0.00218	0.01089	0.00763	0.00327	0.00871
5	0.00923	0.00692	0.01038	0.01038	0.01154	0.00808	0.00808	0.01154	0.01038	0.01500	0.01731	0.02538	0.01615	0.04846	0.74732	0.01038	0.01731	0.00692	0.00346	0.00577
6	0.01154	0.00934	0.01067	0.01030	0.01271	0.00977	0.00813	0.01970	0.26693	0.02333	0.21193	0.04716	0.17929	0.01315	0.00750	0.00230	0.00438	0.13800	0.00647	0.00741
7	0.09125	0.01373	0.02178	0.01631	0.02140	0.01286	0.25754	0.10062	0.01573	0.02345	0.01544	0.11331	0.01390	0.00751	0.00637	0.00183	0.00712	0.00728	0.00424	0.24832
8	0.00787	0.00562	0.00750	0.00900	0.00937	0.00525	0.00600	0.00900	0.01237	0.01649	0.03561	0.76871	0.04274	0.02024	0.00825	0.00262	0.00375	0.01837	0.00600	0.00525
9	0.00946	0.00690	0.00924	0.01053	0.01185	0.00667	0.00868	0.01184	0.01428	0.01844	0.03861	0.23188	0.12881	0.01821	0.00860	0.00279	0.00509	0.44642	0.00597	0.00572
10	0.02414	0.03079	0.01831	0.01665	0.01998	0.74698	0.01248	0.02580	0.01831	0.01581	0.00999	0.01165	0.00832	0.00666	0.00583	0.00166	0.01165	0.00416	0.00333	0.00749
11	0.01088	0.00822	0.00878	0.00839	0.01063	0.00797	0.00632	0.10282	0.05518	0.02163	0.04583	0.18236	0.38199	0.01449	0.00717	0.00215	0.00393	0.01224	0.10252	0.00647
12	0.12326	0.01210	0.01491	0.01158	0.01648	0.01147	0.00956	0.11861	0.01914	0.56122	0.02221	0.01977	0.01426	0.00773	0.00619	0.00199	0.00565	0.00605	0.00732	0.01051
13	0.00967	0.00715	0.00953	0.00932	0.00985	0.00810	0.00659	0.01084	0.00989	0.01389	0.01807	0.03243	0.01901	0.38385	0.35969	0.00790	0.06763	0.00798	0.00363	0.00500
14	0.02541	0.01829	0.01604	0.01339	0.01756	0.27255	0.01055	0.06055	0.05277	0.37691	0.05581	0.01946	0.01553	0.00782	0.00632	0.00189	0.00762	0.00594	0.00615	0.00946
15	0.02846	0.01185	0.01552	0.01190	0.01692	0.01076	0.00983	0.11312	0.01992	0.65344	0.02429	0.02121	0.01539	0.00797	0.00649	0.00199	0.00569	0.00642	0.00781	0.01100
16	0.01746	0.01289	0.02056	0.02322	0.27217	0.01261	0.09673	0.09599	0.01669	0.15690	0.02043	0.18699	0.01868	0.00963	0.00699	0.00213	0.00670	0.00897	0.00510	0.00915

[dist]
# distance from previous block
# <min> <max>
2	17

[block]
# block no. 4 follows, 34 sequences, length 12
# corresponding to MSA columns:
# 905-916
name=unknown_E
#
# <colnr> <probs for GDERKNQSTAVLIFYWHMCP>
#	G	D	E	R	K	N	Q	S	T	A	V	L	I	F	Y	W	H	M	C	P
0	0.14012	0.15519	0.02009	0.01525	0.04665	0.42809	0.01170	0.07718	0.01714	0.01982	0.01019	0.01173	0.00841	0.00642	0.00534	0.00170	0.00934	0.00413	0.00357	0.00794
1	0.00823	0.00657	0.00736	0.00716	0.00909	0.00571	0.00537	0.01042	0.01612	0.02076	0.32507	0.05674	0.46832	0.01513	0.00763	0.00212	0.00318	0.01287	0.00644	0.00571
2	0.01174	0.00816	0.00927	0.00852	0.01106	0.00766	0.00654	0.01632	0.12063	0.10389	0.23307	0.04819	0.36336	0.01343	0.00734	0.00212	0.00374	0.01136	0.00661	0.00697
3	0.00777	0.00655	0.00674	0.00669	0.00881	0.00551	0.00502	0.00954	0.01505	0.01823	0.12622	0.06091	0.66875	0.01608	0.00764	0.00217	0.00325	0.01346	0.00610	0.00551
4	0.01829	0.66641	0.03156	0.01188	0.01709	0.13233	0.01127	0.02030	0.01390	0.01529	0.00913	0.01056	0.00830	0.00570	0.00439	0.00142	0.00761	0.00356	0.00285	0.00817
5	0.01126	0.00746	0.00854	0.00808	0.00991	0.00754	0.00611	0.01655	0.12049	0.02539	0.35917	0.03561	0.03818	0.01042	0.00630	0.00186	0.00334	0.00891	0.30819	0.00668
6	0.01043	0.00611	0.00673	0.00685	0.00767	0.00604	0.00454	0.01211	0.01216	0.01905	0.06651	0.11004	0.02467	0.29783	0.01580	0.00345	0.00432	0.00893	0.37161	0.00515
7	0.02592	0.01494	0.01732	0.01338	0.01840	0.01547	0.01102	0.39364	0.06338	0.32719	0.02022	0.01866	0.01353	0.00791	0.00648	0.00198	0.00634	0.00618	0.00710	0.01095
8	0.00806	0.00585	0.00760	0.00866	0.00936	0.00540	0.00593	0.00953	0.01350	0.01807	0.14866	0.59680	0.10107	0.01881	0.00810	0.00249	0.00360	0.01692	0.00618	0.00540
9	0.25539	0.01879	0.01441	0.01276	0.01610	0.25880	0.00998	0.11649	0.06056	0.02432	0.01346	0.05611	0.01143	0.00783	0.00639	0.00195	0.05169	0.00538	0.05040	0.00776
10	0.01448	0.02771	0.01883	0.10159	0.02133	0.04470	0.11402	0.08133	0.03636	0.02037	0.01349	0.01804	0.01139	0.04498	0.11390	0.00322	0.09278	0.00583	0.01901	0.19662
11	0.01908	0.10741	0.02211	0.02246	0.25642	0.24436	0.01404	0.08439	0.01689	0.02056	0.01132	0.01356	0.00939	0.00605	0.00573	0.00164	0.00835	0.00471	0.00358	0.12794

[dist]
# distance from previous block
# <min> <max>
0	1

[block]
# block no. 5 follows, 34 sequences, length 25
# corresponding to MSA columns:
# 929-953
name=unknown_F
#
# <colnr> <probs for GDERKNQSTAVLIFYWHMCP>
#	G	D	E	R	K	N	Q	S	T	A	V	L	I	F	Y	W	H	M	C	P
0	0.02083	0.01589	0.01691	0.01356	0.01806	0.01753	0.01101	0.48690	0.17605	0.03516	0.02349	0.02265	0.09449	0.00895	0.00662	0.00202	0.00625	0.00702	0.00643	0.01020
1	0.01576	0.01503	0.02505	0.21544	0.06421	0.01614	0.25301	0.10349	0.17781	0.02341	0.01592	0.01861	0.01192	0.00676	0.00688	0.00213	0.00838	0.00676	0.00429	0.00899
2	0.00771	0.00625	0.00685	0.00732	0.00893	0.00539	0.00525	0.00919	0.01398	0.01715	0.05601	0.28571	0.51256	0.01759	0.00783	0.00232	0.00342	0.01513	0.00600	0.00539
3	0.01018	0.00785	0.00971	0.00941	0.01155	0.00684	0.00674	0.03989	0.01341	0.01882	0.02771	0.51639	0.03171	0.01520	0.00716	0.00211	0.00419	0.01359	0.00538	0.24215
4	0.01333	0.02985	0.59216	0.01726	0.02527	0.06933	0.02100	0.01973	0.01358	0.01942	0.01220	0.01499	0.00921	0.01157	0.10055	0.00308	0.01070	0.00500	0.00287	0.00891
5	0.01705	0.02014	0.03411	0.02509	0.03097	0.16454	0.56784	0.02173	0.01587	0.01971	0.01245	0.01626	0.00950	0.00569	0.00726	0.00207	0.01105	0.00692	0.00328	0.00847
6	0.00805	0.00609	0.00730	0.00796	0.00905	0.00549	0.00552	0.00952	0.01371	0.01776	0.13277	0.39951	0.26860	0.06609	0.00954	0.00264	0.00366	0.01540	0.00601	0.00534
7	0.01316	0.00778	0.00837	0.00765	0.00966	0.00794	0.00589	0.10909	0.01680	0.02672	0.16396	0.02783	0.02481	0.00871	0.00541	0.00167	0.00358	0.00714	0.53712	0.00671
8	0.01991	0.42939	0.02647	0.01328	0.01793	0.26047	0.01154	0.06732	0.06632	0.01790	0.01097	0.01210	0.00929	0.00627	0.00502	0.00157	0.00835	0.00411	0.00346	0.00834
9	0.00781	0.00648	0.00684	0.00691	0.00888	0.00551	0.00512	0.00956	0.01491	0.01827	0.13300	0.11827	0.60348	0.01635	0.00768	0.00220	0.00329	0.01382	0.00612	0.00551
10	0.01928	0.01444	0.01550	0.01305	0.01711	0.01615	0.01040	0.24678	0.40432	0.07643	0.02244	0.02125	0.01648	0.00830	0.00638	0.00205	0.00561	0.00669	0.06714	0.01020
11	0.01859	0.02161	0.02127	0.25561	0.11969	0.36165	0.07190	0.02167	0.01589	0.01711	0.01099	0.01445	0.00878	0.00638	0.00625	0.00189	0.01012	0.00515	0.00316	0.00784
12	0.76237	0.01239	0.00989	0.00871	0.01278	0.01414	0.00718	0.01988	0.01153	0.07939	0.01017	0.01131	0.00764	0.00614	0.00418	0.00200	0.00503	0.00371	0.00428	0.00728
13	0.00982	0.00810	0.01186	0.12139	0.11276	0.00813	0.00949	0.01220	0.01419	0.01903	0.16377	0.33110	0.12437	0.01445	0.00754	0.00229	0.00480	0.01295	0.00537	0.00639
14	0.01117	0.00998	0.01252	0.01199	0.01302	0.06579	0.00938	0.01316	0.01105	0.01529	0.01658	0.08277	0.01628	0.03599	0.49400	0.00767	0.15630	0.00741	0.00354	0.00610
15	0.01021	0.00779	0.00886	0.00892	0.01068	0.00747	0.00650	0.11107	0.01588	0.02038	0.04404	0.39067	0.29944	0.01695	0.00776	0.00236	0.00406	0.01475	0.00607	0.00616
16	0.01771	0.32014	0.02649	0.02133	0.25179	0.11237	0.01389	0.07600	0.01566	0.01938	0.01241	0.06191	0.01138	0.00688	0.00555	0.00172	0.00758	0.00546	0.00349	0.00885
17	0.01392	0.01313	0.01154	0.01087	0.01246	0.18142	0.00779	0.06446	0.02904	0.01727	0.06408	0.08146	0.02127	0.27272	0.16562	0.00509	0.00942	0.00815	0.00428	0.00600
18	0.02312	0.01696	0.01809	0.01422	0.01901	0.03280	0.01162	0.54750	0.11340	0.07703	0.04700	0.01821	0.01437	0.00810	0.00651	0.00197	0.00670	0.00625	0.00653	0.01062
19	0.08008	0.01331	0.02027	0.01827	0.11622	0.01320	0.19469	0.14870	0.01755	0.02420	0.03021	0.03094	0.24540	0.00955	0.00694	0.00208	0.00676	0.00866	0.00482	0.00815
20	0.01298	0.00722	0.00837	0.00767	0.00953	0.00661	0.00547	0.01454	0.01376	0.15332	0.07970	0.04165	0.21708	0.26073	0.01523	0.00337	0.00462	0.00967	0.12237	0.00612
21	0.01479	0.00850	0.01174	0.01022	0.01249	0.00784	0.05847	0.03069	0.01396	0.20671	0.02993	0.18527	0.11418	0.24772	0.01524	0.00348	0.00553	0.01079	0.00569	0.00676
22	0.01917	0.07640	0.02081	0.01770	0.11028	0.20118	0.06159	0.15930	0.03174	0.02332	0.01220	0.01397	0.00974	0.00616	0.00578	0.00160	0.00796	0.00487	0.00408	0.21216
23	0.01681	0.01424	0.01507	0.01230	0.01594	0.10539	0.05347	0.21360	0.01995	0.05498	0.14294	0.02987	0.13412	0.05904	0.00840	0.00217	0.00630	0.00803	0.00555	0.08183
24	0.08443	0.13108	0.01750	0.01293	0.03067	0.20018	0.01015	0.09424	0.07452	0.09845	0.10692	0.07573	0.01957	0.00870	0.00605	0.00188	0.00697	0.00674	0.00507	0.00824

[dist]
# distance from previous block
# <min> <max>
2	33

[block]
# block no. 6 follows, 34 sequences, length 20
# corresponding to MSA columns:
# 987-997,1006-1014
name=unknown_G
#
# <colnr> <probs for GDERKNQSTAVLIFYWHMCP>
#	G	D	E	R	K	N	Q	S	T	A	V	L	I	F	Y	W	H	M	C	P
0	0.08753	0.24415	0.01837	0.01082	0.01413	0.01557	0.00901	0.15754	0.01592	0.02195	0.01900	0.23110	0.01975	0.04055	0.06430	0.00278	0.00665	0.00870	0.00466	0.00751
1	0.01836	0.15479	0.02109	0.09761	0.05688	0.31065	0.01298	0.02011	0.01431	0.01565	0.00990	0.01333	0.00870	0.00847	0.00996	0.06460	0.14762	0.00468	0.00304	0.00730
2	0.20755	0.04016	0.03485	0.00801	0.01082	0.00889	0.00658	0.01280	0.01396	0.02126	0.12617	0.09863	0.36249	0.01293	0.00659	0.00212	0.00408	0.01055	0.00540	0.00616
3	0.18571	0.16511	0.27814	0.01640	0.02306	0.06637	0.14020	0.02034	0.01359	0.02101	0.01071	0.01291	0.00825	0.00591	0.00556	0.00191	0.00847	0.00473	0.00314	0.00848
4	0.01419	0.38215	0.02732	0.01401	0.01845	0.01770	0.16961	0.01691	0.01388	0.01747	0.06294	0.15050	0.05152	0.00909	0.00605	0.00186	0.00685	0.00803	0.00388	0.00758
5	0.15074	0.00957	0.01083	0.00927	0.01268	0.00921	0.00741	0.05279	0.01611	0.25270	0.09714	0.03462	0.23640	0.01340	0.05638	0.00262	0.00539	0.00864	0.00626	0.00784
6	0.00787	0.00562	0.00750	0.00900	0.00937	0.00525	0.00600	0.00900	0.01237	0.01649	0.03561	0.76871	0.04274	0.02024	0.00825	0.00262	0.00375	0.01837	0.00600	0.00525
7	0.01369	0.01098	0.01224	0.01164	0.01412	0.01208	0.00873	0.10256	0.34940	0.02429	0.02887	0.32921	0.02817	0.01337	0.00725	0.00234	0.00478	0.01168	0.00632	0.00827
8	0.01494	0.01644	0.03400	0.02429	0.03069	0.01505	0.59223	0.01996	0.01494	0.02076	0.01281	0.01676	0.00976	0.00534	0.00715	0.00198	0.00988	0.00699	0.00336	0.14267
9	0.01116	0.00879	0.00997	0.01004	0.01159	0.00941	0.00709	0.01833	0.27039	0.01957	0.03004	0.32891	0.05136	0.16785	0.01259	0.00319	0.00474	0.01238	0.00579	0.00680
10	0.00804	0.00628	0.00735	0.00811	0.00950	0.00559	0.00595	0.00962	0.01380	0.01728	0.05010	0.34540	0.37923	0.01808	0.00802	0.00245	0.00376	0.09003	0.00599	0.00543
11	0.04695	0.00771	0.00847	0.00865	0.01060	0.00743	0.00653	0.04604	0.06221	0.01968	0.04669	0.25053	0.36107	0.01615	0.00762	0.00236	0.00404	0.07522	0.00596	0.00611
12	0.00940	0.00626	0.00705	0.00705	0.00705	0.00626	0.00392	0.00940	0.00940	0.01253	0.02036	0.04228	0.02349	0.77292	0.03289	0.00626	0.00626	0.00940	0.00392	0.00392
13	0.01171	0.00703	0.01031	0.00984	0.00984	0.00797	0.00703	0.00961	0.00866	0.01194	0.01077	0.01872	0.01077	0.02059	0.02458	0.67714	0.13153	0.00562	0.00281	0.00352
14	0.00868	0.00624	0.00734	0.00766	0.00831	0.00604	0.00495	0.00948	0.01126	0.01465	0.03293	0.20159	0.17675	0.38515	0.08645	0.00498	0.00608	0.01201	0.00477	0.00470
15	0.00809	0.00571	0.00743	0.00872	0.00904	0.00539	0.00570	0.00905	0.01195	0.01593	0.03346	0.66617	0.04002	0.12649	0.01173	0.00314	0.00410	0.01710	0.00570	0.00506
16	0.01340	0.01148	0.01340	0.00957	0.01531	0.00861	0.00766	0.01627	0.01340	0.02105	0.01148	0.01340	0.00957	0.00479	0.00479	0.00096	0.00479	0.00383	0.00383	0.81242
17	0.02385	0.01768	0.01901	0.01453	0.01974	0.01931	0.01199	0.66698	0.02930	0.03947	0.01526	0.01538	0.01090	0.00757	0.00636	0.00188	0.00696	0.00569	0.00630	0.06185
18	0.01689	0.01643	0.09787	0.01296	0.03591	0.14736	0.01091	0.02138	0.08079	0.13967	0.15576	0.02813	0.07768	0.00918	0.00654	0.00190	0.00644	0.03225	0.00540	0.09656
19	0.07481	0.02189	0.11858	0.01593	0.02074	0.21752	0.06714	0.18048	0.01900	0.10380	0.01478	0.01589	0.02951	0.00746	0.00729	0.00198	0.06423	0.00548	0.00456	0.00894

[dist]
# distance from previous block
# <min> <max>
12	14

[block]
# block no. 7 follows, 34 sequences, length 32
# corresponding to MSA columns:
# 1030-1054,1067-1073
name=unknown_H
#
# <colnr> <probs for GDERKNQSTAVLIFYWHMCP>
#	G	D	E	R	K	N	Q	S	T	A	V	L	I	F	Y	W	H	M	C	P
0	0.01450	0.28201	0.02496	0.13932	0.11742	0.01790	0.06742	0.01705	0.01252	0.01625	0.01191	0.01832	0.01118	0.12900	0.01156	0.00258	0.08979	0.00566	0.00307	0.00757
1	0.14729	0.01468	0.01512	0.01280	0.01699	0.01659	0.01024	0.21724	0.38436	0.06528	0.02054	0.01947	0.01512	0.00801	0.00613	0.00208	0.00566	0.00625	0.00620	0.00996
2	0.17324	0.02736	0.01666	0.01512	0.01857	0.60951	0.01145	0.02452	0.01694	0.01829	0.00980	0.01144	0.00807	0.00653	0.00548	0.00173	0.01040	0.00404	0.00345	0.00740
3	0.01134	0.00914	0.00983	0.00930	0.01187	0.00927	0.00707	0.01880	0.25818	0.04326	0.10458	0.10219	0.35306	0.01353	0.00728	0.00220	0.00399	0.01145	0.00635	0.00730
4	0.16357	0.01203	0.01453	0.01135	0.01620	0.01150	0.00937	0.10350	0.01851	0.53998	0.02158	0.01932	0.01391	0.00763	0.00607	0.00199	0.00559	0.00591	0.00715	0.01031
5	0.00890	0.00660	0.00830	0.00788	0.00951	0.00599	0.00591	0.01173	0.01772	0.02456	0.62311	0.05049	0.16790	0.01371	0.00762	0.00206	0.00308	0.01200	0.00693	0.00599
6	0.01204	0.00602	0.00602	0.00602	0.00753	0.00602	0.00452	0.01506	0.01355	0.02409	0.02108	0.02409	0.01656	0.00753	0.00452	0.00151	0.00301	0.00602	0.80879	0.00602
7	0.01306	0.00972	0.01100	0.01000	0.01172	0.01064	0.00713	0.12517	0.15186	0.02020	0.02027	0.03181	0.01961	0.38730	0.13778	0.00545	0.00794	0.00803	0.00476	0.00656
8	0.01204	0.00602	0.00602	0.00602	0.00753	0.00602	0.00452	0.01506	0.01355	0.02409	0.02108	0.02409	0.01656	0.00753	0.00452	0.00151	0.00301	0.00602	0.80879	0.00602
9	0.01414	0.01414	0.01979	0.01696	0.01696	0.01979	0.01414	0.01555	0.00990	0.01555	0.00848	0.01414	0.00848	0.01131	0.02120	0.00283	0.76110	0.00565	0.00283	0.00707
10	0.01635	0.01808	0.01674	0.01508	0.01657	0.27327	0.01192	0.01809	0.01300	0.01549	0.01139	0.01628	0.01049	0.01966	0.21106	0.00445	0.29658	0.00547	0.00317	0.00687
11	0.01602	0.01608	0.02691	0.07503	0.51369	0.04741	0.13269	0.02075	0.04886	0.02084	0.01285	0.01650	0.01045	0.00593	0.00659	0.00198	0.00831	0.00607	0.00336	0.00969
12	0.01563	0.01505	0.02539	0.05479	0.15824	0.01438	0.25853	0.07867	0.06893	0.02285	0.01363	0.01646	0.01062	0.00582	0.00644	0.00180	0.00787	0.00604	0.00390	0.21495
13	0.00867	0.00659	0.00798	0.00763	0.00936	0.00589	0.00572	0.01127	0.01716	0.02324	0.51925	0.05267	0.27259	0.01421	0.00763	0.00208	0.00312	0.01230	0.00676	0.00589
14	0.01543	0.45872	0.33577	0.01421	0.02145	0.02105	0.01654	0.01982	0.01335	0.01745	0.01010	0.01177	0.00825	0.00579	0.00500	0.00167	0.00804	0.00402	0.00275	0.00883
15	0.00832	0.00645	0.00758	0.00756	0.00922	0.00571	0.00557	0.01050	0.01596	0.02099	0.34947	0.15123	0.34719	0.01552	0.00771	0.00218	0.00324	0.01343	0.00648	0.00571
16	0.17140	0.01092	0.01198	0.00983	0.01362	0.01108	0.00798	0.13284	0.01751	0.27929	0.01948	0.01943	0.01368	0.00744	0.00543	0.00184	0.00492	0.00568	0.24690	0.00875
17	0.01028	0.00714	0.00943	0.00924	0.01033	0.00791	0.00681	0.04196	0.01140	0.01662	0.01843	0.02891	0.01777	0.21826	0.45075	0.00793	0.01244	0.00737	0.10145	0.00558
18	0.00786	0.00641	0.00695	0.00713	0.00894	0.00550	0.00523	0.00959	0.01479	0.01833	0.14180	0.17341	0.53839	0.01660	0.00773	0.00223	0.00332	0.01415	0.00614	0.00550
19	0.01204	0.00602	0.00602	0.00602	0.00753	0.00602	0.00452	0.01506	0.01355	0.02409	0.02108	0.02409	0.01656	0.00753	0.00452	0.00151	0.00301	0.00602	0.80879	0.00602
20	0.02278	0.01704	0.01843	0.01402	0.01928	0.01821	0.01154	0.60002	0.02767	0.03758	0.01487	0.01517	0.01076	0.00728	0.00620	0.00178	0.00674	0.00550	0.00604	0.13909
21	0.01439	0.00829	0.00853	0.00768	0.00988	0.00865	0.00597	0.14569	0.01671	0.02721	0.02003	0.02248	0.01552	0.00757	0.00488	0.00159	0.00378	0.00598	0.65821	0.00695
22	0.01204	0.00602	0.00602	0.00602	0.00753	0.00602	0.00452	0.01506	0.01355	0.02409	0.02108	0.02409	0.01656	0.00753	0.00452	0.00151	0.00301	0.00602	0.80879	0.00602
23	0.00812	0.00573	0.00743	0.00869	0.00900	0.00541	0.00566	0.00906	0.01190	0.01586	0.03317	0.65260	0.03966	0.14055	0.01219	0.00321	0.00415	0.01693	0.00566	0.00504
24	0.02830	0.01163	0.01533	0.01180	0.01678	0.01050	0.00973	0.08496	0.03786	0.66374	0.02473	0.02154	0.01570	0.00800	0.00650	0.00200	0.00561	0.00647	0.00784	0.01098
25	0.00934	0.00755	0.00799	0.00752	0.00985	0.00682	0.00574	0.07040	0.01665	0.02082	0.16723	0.05592	0.56091	0.01512	0.00753	0.00214	0.00357	0.01265	0.00622	0.00604
26	0.00926	0.00680	0.00976	0.00976	0.01070	0.00774	0.00730	0.01114	0.01020	0.01454	0.01788	0.02856	0.01753	0.18443	0.61323	0.00961	0.01523	0.00739	0.00355	0.00542
27	0.01206	0.00649	0.00718	0.07097	0.01072	0.00674	0.00568	0.01518	0.01350	0.02343	0.02025	0.02350	0.01587	0.00744	0.00468	0.00156	0.00350	0.00600	0.73913	0.00612
28	0.02312	0.01702	0.01836	0.01436	0.01912	0.01876	0.01174	0.65039	0.02882	0.03863	0.01725	0.08061	0.01373	0.00884	0.00662	0.00200	0.00682	0.00690	0.00642	0.01049
29	0.01404	0.02629	0.52621	0.07472	0.02602	0.01331	0.01993	0.02007	0.01396	0.09568	0.01568	0.09719	0.01282	0.00790	0.00643	0.00211	0.00841	0.00652	0.00365	0.00905
30	0.01354	0.01205	0.01808	0.02480	0.38447	0.01221	0.01325	0.01836	0.10903	0.02035	0.07404	0.02835	0.07873	0.15161	0.01159	0.00280	0.00635	0.00776	0.00432	0.00833
31	0.01687	0.46783	0.02736	0.09504	0.07552	0.08206	0.01206	0.05206	0.01417	0.01686	0.01089	0.01467	0.00993	0.07218	0.00731	0.00198	0.00751	0.00457	0.00313	0.00801

[dist]
# distance from previous block
# <min> <max>
0	6

[block]
# block no. 8 follows, 34 sequences, length 29
# corresponding to MSA columns:
# 1081-1109
name=unknown_I
#
# <colnr> <probs for GDERKNQSTAVLIFYWHMCP>
#	G	D	E	R	K	N	Q	S	T	A	V	L	I	F	Y	W	H	M	C	P
0	0.09698	0.01149	0.01751	0.53372	0.03571	0.01341	0.01516	0.01973	0.01383	0.16078	0.01401	0.01749	0.00991	0.00672	0.00622	0.00211	0.00763	0.00567	0.00400	0.00792
1	0.00980	0.00817	0.00905	0.00837	0.01116	0.00718	0.00644	0.01328	0.07838	0.01936	0.06922	0.11325	0.39191	0.01372	0.00711	0.00203	0.00395	0.05589	0.00566	0.16607
2	0.01652	0.01206	0.01290	0.01067	0.01397	0.01269	0.00841	0.34948	0.02188	0.02940	0.07613	0.03303	0.19845	0.08756	0.00932	0.00240	0.00539	0.00857	0.08308	0.00807
3	0.01218	0.00657	0.00677	0.00638	0.00831	0.00628	0.00483	0.01518	0.01353	0.02378	0.02011	0.02301	0.01586	0.00725	0.00454	0.00145	0.00319	0.00580	0.72749	0.08747
4	0.02072	0.17722	0.01914	0.01211	0.01636	0.01596	0.01032	0.25642	0.02011	0.18140	0.01907	0.02510	0.01580	0.06948	0.00832	0.00229	0.00640	0.08839	0.02628	0.00911
5	0.01342	0.00881	0.01057	0.00934	0.01191	0.00852	0.00724	0.08623	0.06906	0.11604	0.38562	0.05938	0.16322	0.01239	0.00730	0.00207	0.00397	0.01062	0.00690	0.00738
6	0.01206	0.00657	0.00737	0.08191	0.01126	0.00686	0.00587	0.01520	0.01349	0.02332	0.02011	0.02340	0.01576	0.00742	0.00471	0.00157	0.00358	0.00599	0.72740	0.00614
7	0.24987	0.01479	0.02031	0.04515	0.41383	0.01569	0.01508	0.10956	0.01563	0.02584	0.01166	0.01437	0.00935	0.00610	0.00571	0.00195	0.00685	0.00511	0.00385	0.00932
8	0.02235	0.01515	0.01678	0.01357	0.01815	0.01650	0.01098	0.32954	0.27972	0.17393	0.02142	0.01993	0.01517	0.00817	0.00651	0.00204	0.00606	0.00649	0.00681	0.01071
9	0.01220	0.01148	0.01938	0.75739	0.04450	0.01436	0.01794	0.01651	0.01292	0.01651	0.01148	0.01723	0.00861	0.00646	0.00646	0.00215	0.00861	0.00574	0.00287	0.00718
10	0.00910	0.00614	0.00713	0.00742	0.00749	0.00607	0.00432	0.00932	0.00997	0.01329	0.02330	0.18213	0.02720	0.62802	0.02814	0.00556	0.00578	0.01112	0.00432	0.00417
11	0.01912	0.01428	0.01759	0.01838	0.15924	0.01544	0.01229	0.11878	0.38438	0.13565	0.02197	0.02106	0.01614	0.00792	0.00651	0.00208	0.00594	0.00668	0.00611	0.01044
12	0.01416	0.01348	0.02292	0.38661	0.39999	0.01487	0.01892	0.01822	0.01385	0.01889	0.01183	0.01659	0.00945	0.00610	0.00643	0.00203	0.00813	0.00575	0.00304	0.00876
13	0.23135	0.01242	0.01429	0.01393	0.10127	0.01281	0.00981	0.15309	0.01791	0.16880	0.10939	0.02296	0.06859	0.00833	0.00600	0.00197	0.00545	0.00658	0.00570	0.02934
14	0.00897	0.00679	0.00867	0.00911	0.01055	0.00592	0.00633	0.01044	0.01257	0.01740	0.03082	0.61881	0.03615	0.01718	0.00756	0.00229	0.00395	0.01548	0.00557	0.16544
15	0.00781	0.00586	0.00726	0.00838	0.00921	0.00530	0.00572	0.00907	0.01297	0.01674	0.04318	0.58949	0.21706	0.01926	0.00809	0.00251	0.00363	0.01717	0.00600	0.00530
16	0.01435	0.01424	0.02589	0.32030	0.32250	0.01516	0.15589	0.01869	0.01411	0.01921	0.01207	0.01676	0.00951	0.00597	0.00667	0.00206	0.00868	0.00612	0.00308	0.00873
17	0.02138	0.02366	0.02412	0.01933	0.02387	0.40176	0.23459	0.02518	0.05327	0.09080	0.01337	0.01518	0.01015	0.00651	0.00651	0.00189	0.01045	0.00566	0.00395	0.00838
18	0.01599	0.01535	0.02623	0.03966	0.73262	0.01535	0.01983	0.01983	0.01471	0.02111	0.01215	0.01599	0.01023	0.00576	0.00640	0.00192	0.00768	0.00576	0.00320	0.01023
19	0.01247	0.01041	0.01329	0.01219	0.01461	0.01109	0.04474	0.06237	0.17141	0.02155	0.04313	0.19935	0.10024	0.01343	0.00872	0.00238	0.07357	0.12187	0.00561	0.05756
20	0.01724	0.00877	0.01145	0.01002	0.01281	0.00809	0.00774	0.06459	0.01783	0.28884	0.26558	0.19778	0.03690	0.01249	0.00727	0.00215	0.00438	0.01087	0.00715	0.00805
21	0.15453	0.01658	0.01728	0.01355	0.01844	0.01837	0.01116	0.52548	0.06471	0.07364	0.01555	0.01550	0.01107	0.00754	0.00607	0.00197	0.00657	0.00555	0.00614	0.01029
22	0.09648	0.29545	0.13064	0.01276	0.01781	0.07085	0.01233	0.07957	0.08598	0.02076	0.01281	0.01470	0.01053	0.01171	0.09930	0.00284	0.00861	0.00474	0.00371	0.00840
23	0.01083	0.00658	0.00876	0.00902	0.01032	0.00603	0.00645	0.01273	0.01498	0.10662	0.25364	0.45065	0.04526	0.01654	0.00784	0.00236	0.00374	0.01482	0.00659	0.00621
24	0.01918	0.56928	0.02953	0.01261	0.01753	0.22625	0.01145	0.02114	0.01457	0.01537	0.00926	0.01072	0.00830	0.00584	0.00461	0.00146	0.00823	0.00365	0.00292	0.00807
25	0.01076	0.00671	0.00791	0.00777	0.00885	0.00625	0.00513	0.01168	0.01232	0.08802	0.06857	0.16361	0.16802	0.38325	0.01988	0.00421	0.00502	0.01153	0.00525	0.00527
26	0.01822	0.01896	0.16007	0.01426	0.01999	0.01613	0.01329	0.28410	0.20384	0.02992	0.01688	0.01703	0.01247	0.00721	0.00615	0.00186	0.00669	0.00567	0.00532	0.14193
27	0.04123	0.16589	0.02086	0.01783	0.16431	0.05476	0.01208	0.13192	0.09071	0.03945	0.03701	0.01994	0.02728	0.08914	0.00974	0.00237	0.05640	0.00605	0.00436	0.00865
28	0.17070	0.00983	0.01046	0.01004	0.01230	0.05728	0.03145	0.01371	0.01287	0.01914	0.03011	0.07742	0.19633	0.04443	0.19400	0.00441	0.00838	0.08640	0.00463	0.00608

[dist]
# distance from previous block
# <min> <max>
0	4

# created by:
# /home/cegg/simao/soft/augustus-3.2.1/scripts/msa2prfl.pl ./align_prep/19128.fa
