[name]
unknown

[dist]
# distance from previous block
# <min> <max>
0	99

[block]
# block no. 0 follows, 51 sequences, length 12
# corresponding to MSA columns:
# 99-110
name=unknown_A
#
# <colnr> <probs for GDERKNQSTAVLIFYWHMCP>
#	G	D	E	R	K	N	Q	S	T	A	V	L	I	F	Y	W	H	M	C	P
0	0.00792	0.00566	0.00792	0.00905	0.01018	0.00566	0.00792	0.01018	0.01131	0.01471	0.02602	0.05543	0.02828	0.01358	0.00679	0.00226	0.00453	0.76356	0.00453	0.00453
1	0.02205	0.00836	0.01140	0.00874	0.01254	0.00722	0.00722	0.02395	0.01407	0.80004	0.01939	0.01673	0.01216	0.00608	0.00494	0.00152	0.00418	0.00494	0.00608	0.00836
2	0.00648	0.00500	0.00591	0.00568	0.00705	0.00443	0.00426	0.00835	0.01279	0.01704	0.48598	0.04109	0.35609	0.01104	0.00580	0.00159	0.00239	0.00950	0.00506	0.00443
3	0.86201	0.00950	0.00722	0.00646	0.00950	0.01102	0.00532	0.01445	0.00836	0.02205	0.00684	0.00798	0.00532	0.00456	0.00304	0.00152	0.00380	0.00266	0.00304	0.00532
4	0.01216	0.01168	0.01995	0.03016	0.79664	0.01168	0.01508	0.01508	0.01119	0.01605	0.00924	0.01216	0.00778	0.00438	0.00487	0.00146	0.00584	0.00438	0.00243	0.00778
5	0.01836	0.02342	0.01393	0.01266	0.01519	0.80756	0.00950	0.01962	0.01393	0.01203	0.00760	0.00886	0.00633	0.00506	0.00443	0.00127	0.00886	0.00317	0.00253	0.00570
6	0.01216	0.01168	0.01995	0.03016	0.79664	0.01168	0.01508	0.01508	0.01119	0.01605	0.00924	0.01216	0.00778	0.00438	0.00487	0.00146	0.00584	0.00438	0.00243	0.00778
7	0.00928	0.00873	0.01474	0.81548	0.03385	0.01092	0.01365	0.01256	0.00983	0.01256	0.00873	0.01310	0.00655	0.00491	0.00491	0.00164	0.00655	0.00437	0.00218	0.00546
8	0.00924	0.00745	0.00860	0.00836	0.01023	0.00796	0.00668	0.01616	0.33011	0.01803	0.19277	0.03525	0.11332	0.00985	0.00573	0.00179	0.00356	0.20416	0.00492	0.00584
9	0.01868	0.01376	0.01475	0.01131	0.01524	0.01524	0.00934	0.78025	0.02311	0.03097	0.01180	0.01180	0.00836	0.00590	0.00492	0.00147	0.00541	0.00442	0.00492	0.00836
10	0.01216	0.01168	0.01995	0.03016	0.79664	0.01168	0.01508	0.01508	0.01119	0.01605	0.00924	0.01216	0.00778	0.00438	0.00487	0.00146	0.00584	0.00438	0.00243	0.00778
11	0.86201	0.00950	0.00722	0.00646	0.00950	0.01102	0.00532	0.01445	0.00836	0.02205	0.00684	0.00798	0.00532	0.00456	0.00304	0.00152	0.00380	0.00266	0.00304	0.00532

[dist]
# distance from previous block
# <min> <max>
0	1

[block]
# block no. 1 follows, 51 sequences, length 223
# corresponding to MSA columns:
# 112-334
name=unknown_B
#
# <colnr> <probs for GDERKNQSTAVLIFYWHMCP>
#	G	D	E	R	K	N	Q	S	T	A	V	L	I	F	Y	W	H	M	C	P
0	0.01154	0.01104	0.01881	0.20102	0.63068	0.01151	0.01477	0.01453	0.01089	0.01529	0.00913	0.01237	0.00752	0.00449	0.00488	0.00150	0.00599	0.00438	0.00238	0.00728
1	0.01211	0.01162	0.01985	0.04488	0.78235	0.01166	0.01505	0.01503	0.01116	0.01599	0.00923	0.01218	0.00776	0.00439	0.00487	0.00146	0.00585	0.00438	0.00243	0.00774
2	0.86201	0.00950	0.00722	0.00646	0.00950	0.01102	0.00532	0.01445	0.00836	0.02205	0.00684	0.00798	0.00532	0.00456	0.00304	0.00152	0.00380	0.00266	0.00304	0.00532
3	0.78522	0.00958	0.00768	0.00676	0.00985	0.01098	0.00556	0.03315	0.02629	0.05748	0.00782	0.00870	0.00592	0.00471	0.00321	0.00152	0.00386	0.00287	0.00327	0.00559
4	0.01179	0.01130	0.01927	0.13179	0.69792	0.01158	0.01490	0.01475	0.01101	0.01560	0.00918	0.01228	0.00762	0.00445	0.00487	0.00148	0.00593	0.00438	0.00240	0.00748
5	0.01216	0.01168	0.01995	0.03016	0.79664	0.01168	0.01508	0.01508	0.01119	0.01605	0.00924	0.01216	0.00778	0.00438	0.00487	0.00146	0.00584	0.00438	0.00243	0.00778
6	0.01216	0.01168	0.01995	0.03016	0.79664	0.01168	0.01508	0.01508	0.01119	0.01605	0.00924	0.01216	0.00778	0.00438	0.00487	0.00146	0.00584	0.00438	0.00243	0.00778
7	0.00662	0.00501	0.00610	0.00583	0.00714	0.00449	0.00437	0.00862	0.01312	0.01782	0.57604	0.03981	0.26555	0.01075	0.00580	0.00158	0.00237	0.00932	0.00516	0.00449
8	0.20323	0.00783	0.00797	0.00732	0.00950	0.00848	0.00569	0.01560	0.26266	0.01965	0.26396	0.02565	0.12778	0.00803	0.00491	0.00159	0.00319	0.00659	0.00462	0.00574
9	0.01314	0.83025	0.02575	0.00841	0.01261	0.01945	0.00841	0.01472	0.00999	0.01156	0.00683	0.00788	0.00631	0.00420	0.00315	0.00105	0.00526	0.00263	0.00210	0.00631
10	0.01009	0.00739	0.00901	0.00702	0.01020	0.00593	0.00553	0.01230	0.01185	0.08644	0.28813	0.02017	0.02157	0.00613	0.00452	0.00109	0.00322	0.00521	0.00408	0.48015
11	0.00700	0.00470	0.00540	0.00555	0.00559	0.00466	0.00318	0.00711	0.00744	0.00992	0.01699	0.13464	0.01976	0.72223	0.02259	0.00441	0.00452	0.00803	0.00318	0.00311
12	0.01195	0.00859	0.00972	0.00888	0.01104	0.00927	0.00677	0.14384	0.30641	0.08821	0.02088	0.29039	0.01952	0.00942	0.00537	0.00172	0.00377	0.00814	0.02958	0.00655
13	0.01154	0.01104	0.01882	0.20044	0.63125	0.01151	0.01477	0.01453	0.01089	0.01530	0.00913	0.01237	0.00752	0.00449	0.00488	0.00150	0.00599	0.00438	0.00238	0.00728
14	0.01216	0.01168	0.01995	0.03016	0.79664	0.01168	0.01508	0.01508	0.01119	0.01605	0.00924	0.01216	0.00778	0.00438	0.00487	0.00146	0.00584	0.00438	0.00243	0.00778
15	0.00986	0.02542	0.80183	0.01401	0.02127	0.01141	0.01816	0.01556	0.01038	0.01556	0.00882	0.01038	0.00623	0.00467	0.00467	0.00156	0.00726	0.00363	0.00208	0.00726
16	0.00855	0.00490	0.00703	0.00684	0.00684	0.00528	0.00467	0.00698	0.00660	0.00895	0.00925	0.01680	0.00956	0.12118	0.01969	0.67137	0.07609	0.00464	0.00224	0.00253
17	0.00702	0.00527	0.00790	0.00790	0.00878	0.00614	0.00614	0.00878	0.00790	0.01141	0.01316	0.01931	0.01229	0.03686	0.80782	0.00790	0.01316	0.00527	0.00263	0.00439
18	0.01355	0.48321	0.03641	0.00950	0.01292	0.19708	0.00847	0.01618	0.08021	0.01264	0.01001	0.08104	0.00939	0.00562	0.00392	0.00125	0.00579	0.00403	0.00267	0.00611
19	0.00607	0.00434	0.00578	0.00678	0.00715	0.00405	0.00457	0.00706	0.00981	0.01318	0.09469	0.75468	0.03373	0.01492	0.00623	0.00196	0.00280	0.01352	0.00464	0.00405
20	0.01216	0.01209	0.01862	0.15898	0.61026	0.07261	0.01442	0.01501	0.01117	0.01517	0.00903	0.01207	0.00747	0.00452	0.00484	0.00147	0.00619	0.00428	0.00240	0.00724
21	0.02205	0.00836	0.01140	0.00874	0.01254	0.00722	0.00722	0.02395	0.01407	0.80004	0.01939	0.01673	0.01216	0.00608	0.00494	0.00152	0.00418	0.00494	0.00608	0.00836
22	0.01019	0.00873	0.01019	0.00728	0.01165	0.00655	0.00582	0.01237	0.01019	0.01601	0.00873	0.01019	0.00728	0.00364	0.00364	0.00073	0.00364	0.00291	0.00291	0.85734
23	0.01387	0.01092	0.01367	0.01513	0.22939	0.04792	0.00957	0.20745	0.11572	0.09005	0.17606	0.01825	0.01724	0.00642	0.00508	0.00150	0.00474	0.00548	0.00433	0.00722
24	0.00771	0.00581	0.00751	0.00813	0.00928	0.00594	0.00652	0.01091	0.10273	0.01470	0.05649	0.22152	0.08705	0.01500	0.07695	0.00255	0.00458	0.34741	0.00446	0.00475
25	0.00715	0.00476	0.00536	0.00536	0.00536	0.00476	0.00298	0.00715	0.00715	0.00953	0.01548	0.03216	0.01787	0.82729	0.02501	0.00476	0.00476	0.00715	0.00298	0.00298
26	0.01143	0.01183	0.01471	0.01573	0.18382	0.16674	0.10215	0.02946	0.01116	0.01406	0.01441	0.21520	0.01498	0.00845	0.00674	0.00172	0.10355	0.06491	0.00316	0.00577
27	0.00807	0.00660	0.00975	0.00834	0.01013	0.00638	0.09819	0.01184	0.09582	0.01932	0.61742	0.03193	0.03835	0.00898	0.00571	0.00157	0.00320	0.00816	0.00501	0.00521
28	0.01041	0.00870	0.01445	0.74437	0.03197	0.01059	0.01308	0.01356	0.01020	0.08197	0.00967	0.01342	0.00705	0.00502	0.00492	0.00163	0.00634	0.00442	0.00253	0.00572
29	0.01789	0.02235	0.01440	0.01398	0.07514	0.73242	0.00992	0.03280	0.01388	0.01267	0.00780	0.00917	0.00648	0.00503	0.00447	0.00128	0.00857	0.00328	0.00257	0.00590
30	0.00703	0.00478	0.00533	0.00533	0.00547	0.00471	0.00304	0.00714	0.00750	0.00986	0.01851	0.03349	0.08634	0.75546	0.02332	0.00449	0.00456	0.00743	0.00312	0.00308
31	0.86201	0.00950	0.00722	0.00646	0.00950	0.01102	0.00532	0.01445	0.00836	0.02205	0.00684	0.00798	0.00532	0.00456	0.00304	0.00152	0.00380	0.00266	0.00304	0.00532
32	0.01254	0.01282	0.01997	0.04075	0.45587	0.08204	0.16645	0.01699	0.11198	0.01615	0.01062	0.01291	0.00850	0.00470	0.00503	0.00151	0.00636	0.00471	0.00278	0.00732
33	0.01222	0.01056	0.01111	0.01000	0.01278	0.01222	0.00778	0.02611	0.78776	0.02056	0.02000	0.01833	0.01500	0.00667	0.00500	0.00167	0.00389	0.00556	0.00500	0.00778
34	0.00596	0.00437	0.00561	0.00660	0.00706	0.00401	0.00445	0.00687	0.00964	0.01264	0.03002	0.72356	0.13113	0.01501	0.00621	0.00195	0.00280	0.01350	0.00456	0.00401
35	0.00910	0.00542	0.00702	0.00637	0.00787	0.00497	0.00487	0.01136	0.01361	0.12057	0.62521	0.03250	0.03897	0.00915	0.00548	0.00151	0.00256	0.00800	0.08035	0.00511
36	0.01379	0.01133	0.01199	0.01032	0.01338	0.01295	0.00816	0.20900	0.60232	0.02308	0.01801	0.01675	0.01339	0.00648	0.00498	0.00162	0.00426	0.00528	0.00498	0.00792
37	0.01182	0.01133	0.01933	0.12376	0.70573	0.01159	0.01491	0.01478	0.01103	0.01564	0.00918	0.01227	0.00764	0.00444	0.00487	0.00148	0.00592	0.00438	0.00240	0.00751
38	0.01526	0.01333	0.01274	0.01080	0.01394	0.11620	0.00854	0.28689	0.42235	0.02307	0.01555	0.01484	0.01157	0.00619	0.00490	0.00155	0.00506	0.00485	0.00465	0.00771
39	0.01112	0.00890	0.01510	0.01154	0.01482	0.00814	0.28167	0.04999	0.01244	0.14107	0.04598	0.02829	0.33306	0.00809	0.00562	0.00162	0.00497	0.00755	0.00410	0.00592
40	0.86201	0.00950	0.00722	0.00646	0.00950	0.01102	0.00532	0.01445	0.00836	0.02205	0.00684	0.00798	0.00532	0.00456	0.00304	0.00152	0.00380	0.00266	0.00304	0.00532
41	0.01165	0.01037	0.01349	0.01625	0.26590	0.01132	0.00986	0.02085	0.46789	0.01839	0.01715	0.08737	0.01421	0.00670	0.00507	0.00163	0.00443	0.00592	0.00413	0.00745
42	0.01216	0.01168	0.01995	0.03016	0.79664	0.01168	0.01508	0.01508	0.01119	0.01605	0.00924	0.01216	0.00778	0.00438	0.00487	0.00146	0.00584	0.00438	0.00243	0.00778
43	0.00653	0.00493	0.00696	0.00890	0.07672	0.00467	0.00549	0.00757	0.00957	0.01285	0.02551	0.75251	0.03032	0.01442	0.00615	0.00195	0.00311	0.01312	0.00437	0.00433
44	0.02205	0.00836	0.01140	0.00874	0.01254	0.00722	0.00722	0.02395	0.01407	0.80004	0.01939	0.01673	0.01216	0.00608	0.00494	0.00152	0.00418	0.00494	0.00608	0.00836
45	0.01039	0.00973	0.07905	0.00879	0.01143	0.00909	0.00744	0.03597	0.37599	0.04632	0.27062	0.02519	0.07343	0.00791	0.00528	0.00161	0.00364	0.00672	0.00488	0.00652
46	0.01314	0.83025	0.02575	0.00841	0.01261	0.01945	0.00841	0.01472	0.00999	0.01156	0.00683	0.00788	0.00631	0.00420	0.00315	0.00105	0.00526	0.00263	0.00210	0.00631
47	0.41802	0.01204	0.01077	0.00887	0.01224	0.08225	0.00723	0.27200	0.01438	0.10527	0.00987	0.01025	0.00714	0.00521	0.00399	0.00148	0.00482	0.00353	0.00394	0.00669
48	0.00599	0.00428	0.00570	0.00684	0.00713	0.00399	0.00456	0.00684	0.00941	0.01254	0.02709	0.82409	0.03250	0.01540	0.00627	0.00200	0.00285	0.01397	0.00456	0.00399
49	0.01098	0.01047	0.01781	0.35209	0.48395	0.01137	0.01449	0.01405	0.01063	0.01462	0.00904	0.01255	0.00728	0.00460	0.00488	0.00153	0.00613	0.00437	0.00233	0.00683
50	0.75184	0.00967	0.00824	0.00730	0.00994	0.01155	0.00602	0.01411	0.00825	0.02073	0.00679	0.00834	0.00547	0.00508	0.00473	0.00160	0.10921	0.00287	0.00293	0.00533
51	0.00928	0.00873	0.01474	0.81548	0.03385	0.01092	0.01365	0.01256	0.00983	0.01256	0.00873	0.01310	0.00655	0.00491	0.00491	0.00164	0.00655	0.00437	0.00218	0.00546
52	0.00633	0.00500	0.00571	0.00553	0.00696	0.00437	0.00415	0.00807	0.01244	0.01622	0.39033	0.04245	0.45226	0.01135	0.00580	0.00161	0.00241	0.00969	0.00495	0.00437
53	0.00705	0.00516	0.00734	0.00734	0.00803	0.00584	0.00545	0.00842	0.00773	0.01100	0.01367	0.02211	0.01350	0.20909	0.63725	0.00722	0.01133	0.00568	0.00271	0.00408
54	0.01028	0.12939	0.70157	0.01328	0.02015	0.01245	0.01690	0.01545	0.01032	0.01505	0.00856	0.01005	0.00624	0.00461	0.00447	0.00149	0.00700	0.00350	0.00208	0.00714
55	0.00697	0.00506	0.00659	0.00633	0.00751	0.00468	0.00482	0.00924	0.01361	0.01907	0.70736	0.03848	0.07912	0.01040	0.00586	0.00160	0.00248	0.06090	0.00531	0.00461
56	0.01846	0.02024	0.01420	0.01221	0.01521	0.54646	0.00944	0.27028	0.01695	0.01827	0.00898	0.00983	0.00700	0.00534	0.00459	0.00133	0.00772	0.00358	0.00332	0.00657
57	0.00616	0.00440	0.00590	0.00704	0.00740	0.00414	0.00486	0.00714	0.00958	0.01274	0.02699	0.75633	0.03213	0.01524	0.00632	0.00202	0.00300	0.08005	0.00456	0.00404
58	0.02205	0.00836	0.01140	0.00874	0.01254	0.00722	0.00722	0.02395	0.01407	0.80004	0.01939	0.01673	0.01216	0.00608	0.00494	0.00152	0.00418	0.00494	0.00608	0.00836
59	0.01314	0.83025	0.02575	0.00841	0.01261	0.01945	0.00841	0.01472	0.00999	0.01156	0.00683	0.00788	0.00631	0.00420	0.00315	0.00105	0.00526	0.00263	0.00210	0.00631
60	0.00599	0.00428	0.00570	0.00684	0.00713	0.00399	0.00456	0.00684	0.00941	0.01254	0.02709	0.82409	0.03250	0.01540	0.00627	0.00200	0.00285	0.01397	0.00456	0.00399
61	0.01776	0.02253	0.01525	0.01337	0.01612	0.73747	0.07731	0.01928	0.01372	0.01235	0.00780	0.00925	0.00643	0.00498	0.00455	0.00130	0.00881	0.00340	0.00253	0.00578
62	0.01693	0.01621	0.01273	0.01246	0.08233	0.43864	0.00877	0.01846	0.01317	0.19476	0.02947	0.10972	0.01181	0.00659	0.00484	0.00144	0.00665	0.00511	0.00365	0.00627
63	0.01314	0.83025	0.02575	0.00841	0.01261	0.01945	0.00841	0.01472	0.00999	0.01156	0.00683	0.00788	0.00631	0.00420	0.00315	0.00105	0.00526	0.00263	0.00210	0.00631
64	0.00986	0.02542	0.80183	0.01401	0.02127	0.01141	0.01816	0.01556	0.01038	0.01556	0.00882	0.01038	0.00623	0.00467	0.00467	0.00156	0.00726	0.00363	0.00208	0.00726
65	0.08797	0.75790	0.02412	0.00824	0.01234	0.01870	0.00814	0.01469	0.00984	0.01249	0.00683	0.00789	0.00622	0.00424	0.00314	0.00109	0.00513	0.00263	0.00218	0.00622
66	0.01160	0.01326	0.02900	0.02071	0.02568	0.01243	0.77879	0.01574	0.01160	0.01574	0.00994	0.01326	0.00746	0.00414	0.00580	0.00166	0.00829	0.00580	0.00249	0.00663
67	0.27207	0.00894	0.01030	0.00817	0.01176	0.00870	0.00675	0.05364	0.01276	0.53526	0.01532	0.01391	0.00996	0.00562	0.00437	0.00152	0.00412	0.00424	0.00513	0.00746
68	0.00860	0.00735	0.00994	0.00905	0.00925	0.00932	0.00691	0.00945	0.00748	0.01091	0.01123	0.02037	0.01188	0.30752	0.20230	0.00441	0.34164	0.00554	0.00256	0.00429
69	0.01021	0.00969	0.01642	0.56139	0.28065	0.01116	0.01411	0.01337	0.01027	0.01369	0.00890	0.01280	0.00695	0.00474	0.00490	0.00158	0.00632	0.00437	0.00226	0.00621
70	0.01216	0.01168	0.01995	0.03016	0.79664	0.01168	0.01508	0.01508	0.01119	0.01605	0.00924	0.01216	0.00778	0.00438	0.00487	0.00146	0.00584	0.00438	0.00243	0.00778
71	0.00587	0.00500	0.00507	0.00510	0.00675	0.00420	0.00386	0.00715	0.01120	0.01332	0.04905	0.04755	0.77087	0.01248	0.00584	0.00168	0.00255	0.03374	0.00456	0.00416
72	0.01237	0.01174	0.01979	0.02958	0.77239	0.01179	0.01490	0.03882	0.01156	0.01652	0.00932	0.01215	0.00780	0.00443	0.00487	0.00146	0.00582	0.00438	0.00251	0.00780
73	0.00599	0.00428	0.00570	0.00684	0.00713	0.00399	0.00456	0.00684	0.00941	0.01254	0.02709	0.82409	0.03250	0.01540	0.00627	0.00200	0.00285	0.01397	0.00456	0.00399
74	0.01097	0.00850	0.01262	0.00991	0.01261	0.00843	0.19827	0.15334	0.01313	0.01917	0.01930	0.02063	0.13946	0.00647	0.00469	0.00142	0.00439	0.00581	0.34514	0.00572
75	0.00916	0.00458	0.00458	0.00458	0.00573	0.00458	0.00344	0.01145	0.01031	0.01832	0.01603	0.01832	0.01260	0.00573	0.00344	0.00115	0.00229	0.00458	0.85457	0.00458
76	0.01083	0.26342	0.57233	0.01235	0.01871	0.01379	0.01527	0.01531	0.01026	0.01438	0.00823	0.00964	0.00625	0.00453	0.00422	0.00141	0.00667	0.00333	0.00208	0.00698
77	0.01187	0.44322	0.13982	0.01071	0.01402	0.01681	0.01064	0.01391	0.00925	0.01225	0.00701	0.00919	0.00634	0.00570	0.00758	0.00148	0.26862	0.00332	0.00211	0.00615
78	0.00653	0.00531	0.00582	0.00564	0.00720	0.00476	0.00425	0.00882	0.05567	0.01571	0.28295	0.04233	0.51475	0.01136	0.00576	0.00162	0.00251	0.00963	0.00486	0.00451
79	0.00978	0.01058	0.02130	0.01568	0.01955	0.00977	0.52806	0.01303	0.01160	0.01524	0.05757	0.02378	0.22723	0.00672	0.00580	0.00165	0.00640	0.00721	0.00320	0.00585
80	0.58904	0.01401	0.00939	0.00847	0.01134	0.26875	0.00667	0.01612	0.01016	0.01881	0.00709	0.00827	0.00565	0.00472	0.00349	0.00144	0.00544	0.00282	0.00288	0.00544
81	0.00959	0.00905	0.01529	0.73208	0.11486	0.01100	0.01380	0.01282	0.00997	0.01293	0.00879	0.01300	0.00668	0.00486	0.00491	0.00162	0.00648	0.00437	0.00221	0.00571
82	0.01572	0.28142	0.01739	0.01072	0.01398	0.34365	0.00885	0.09714	0.13774	0.01519	0.00977	0.01037	0.00792	0.00513	0.00416	0.00128	0.00654	0.00350	0.00303	0.00650
83	0.00916	0.00458	0.00458	0.00458	0.00573	0.00458	0.00344	0.01145	0.01031	0.01832	0.01603	0.01832	0.01260	0.00573	0.00344	0.00115	0.00229	0.00458	0.85457	0.00458
84	0.00632	0.00460	0.00641	0.00718	0.00766	0.00469	0.00507	0.00747	0.00892	0.01218	0.02258	0.56370	0.02596	0.02234	0.26561	0.00391	0.00619	0.01115	0.00394	0.00412
85	0.01222	0.01056	0.01111	0.01000	0.01278	0.01222	0.00778	0.02611	0.78776	0.02056	0.02000	0.01833	0.01500	0.00667	0.00500	0.00167	0.00389	0.00556	0.00500	0.00778
86	0.01318	0.65413	0.12513	0.00951	0.01396	0.08870	0.00977	0.01526	0.01039	0.01212	0.00716	0.00829	0.00630	0.00434	0.00346	0.00114	0.00584	0.00281	0.00214	0.00638
87	0.00715	0.00476	0.00536	0.00536	0.00536	0.00476	0.00298	0.00715	0.00715	0.00953	0.01548	0.03216	0.01787	0.82729	0.02501	0.00476	0.00476	0.00715	0.00298	0.00298
88	0.01003	0.00845	0.01126	0.00993	0.01035	0.01116	0.00813	0.01153	0.00845	0.01390	0.00993	0.01368	0.00877	0.00926	0.05648	0.00215	0.50906	0.00445	0.27798	0.00506
89	0.86201	0.00950	0.00722	0.00646	0.00950	0.01102	0.00532	0.01445	0.00836	0.02205	0.00684	0.00798	0.00532	0.00456	0.00304	0.00152	0.00380	0.00266	0.00304	0.00532
90	0.00885	0.00654	0.00823	0.00867	0.00998	0.00676	0.00697	0.09346	0.08378	0.01630	0.02428	0.29600	0.02627	0.01270	0.00625	0.00204	0.00402	0.36921	0.00462	0.00507
91	0.01684	0.28019	0.01822	0.01053	0.01438	0.11201	0.00906	0.43995	0.01774	0.02238	0.00968	0.01017	0.00745	0.00525	0.00428	0.00131	0.00577	0.00369	0.00371	0.00737
92	0.00654	0.00515	0.00599	0.00618	0.00762	0.00460	0.00491	0.00824	0.01177	0.01490	0.19310	0.04710	0.46347	0.01223	0.00604	0.00178	0.00294	0.18838	0.00472	0.00434
93	0.01222	0.01056	0.01111	0.01000	0.01278	0.01222	0.00778	0.02611	0.78776	0.02056	0.02000	0.01833	0.01500	0.00667	0.00500	0.00167	0.00389	0.00556	0.00500	0.00778
94	0.00928	0.00873	0.01474	0.81548	0.03385	0.01092	0.01365	0.01256	0.00983	0.01256	0.00873	0.01310	0.00655	0.00491	0.00491	0.00164	0.00655	0.00437	0.00218	0.00546
95	0.01314	0.83025	0.02575	0.00841	0.01261	0.01945	0.00841	0.01472	0.00999	0.01156	0.00683	0.00788	0.00631	0.00420	0.00315	0.00105	0.00526	0.00263	0.00210	0.00631
96	0.01171	0.01111	0.01888	0.02820	0.72719	0.01119	0.01429	0.01453	0.01090	0.01565	0.00959	0.01279	0.00818	0.00724	0.07565	0.00203	0.00648	0.00446	0.00245	0.00748
97	0.00607	0.00441	0.00585	0.00681	0.00724	0.00419	0.00464	0.00703	0.00940	0.01249	0.02740	0.70025	0.08262	0.01709	0.07690	0.00249	0.00374	0.01296	0.00439	0.00404
98	0.00916	0.00458	0.00458	0.00458	0.00573	0.00458	0.00344	0.01145	0.01031	0.01832	0.01603	0.01832	0.01260	0.00573	0.00344	0.00115	0.00229	0.00458	0.85457	0.00458
99	0.01766	0.01297	0.01392	0.01078	0.01437	0.01432	0.00878	0.71210	0.02170	0.02908	0.01212	0.01359	0.00920	0.07831	0.00669	0.00176	0.00535	0.00466	0.00475	0.00788
100	0.00597	0.00434	0.00564	0.00668	0.00708	0.00401	0.00449	0.00686	0.00957	0.01261	0.02909	0.75561	0.09969	0.01514	0.00623	0.00197	0.00282	0.01365	0.00456	0.00401
101	0.00607	0.00499	0.00534	0.00525	0.00680	0.00426	0.00394	0.00756	0.01181	0.01473	0.21836	0.04490	0.62516	0.01190	0.00581	0.00163	0.00245	0.01004	0.00476	0.00426
102	0.00928	0.00873	0.01474	0.81548	0.03385	0.01092	0.01365	0.01256	0.00983	0.01256	0.00873	0.01310	0.00655	0.00491	0.00491	0.00164	0.00655	0.00437	0.00218	0.00546
103	0.01216	0.01168	0.01995	0.03016	0.79664	0.01168	0.01508	0.01508	0.01119	0.01605	0.00924	0.01216	0.00778	0.00438	0.00487	0.00146	0.00584	0.00438	0.00243	0.00778
104	0.28655	0.01014	0.00854	0.00798	0.00964	0.16781	0.00606	0.01238	0.00897	0.01458	0.00871	0.01208	0.00768	0.01234	0.11218	0.22911	0.03134	0.00367	0.04584	0.00439
105	0.00879	0.00803	0.01289	0.01114	0.01227	0.00977	0.10759	0.01064	0.00826	0.01210	0.01063	0.01582	0.00982	0.02370	0.45395	0.00527	0.26686	0.00503	0.00246	0.00499
106	0.01503	0.01195	0.01270	0.01057	0.01385	0.01354	0.00846	0.35444	0.45486	0.02509	0.01643	0.01549	0.01211	0.00633	0.00496	0.00158	0.00455	0.00506	0.00496	0.00803
107	0.00599	0.00428	0.00570	0.00684	0.00713	0.00399	0.00456	0.00684	0.00941	0.01254	0.02709	0.82409	0.03250	0.01540	0.00627	0.00200	0.00285	0.01397	0.00456	0.00399
108	0.00581	0.00498	0.00498	0.00498	0.00664	0.00415	0.00373	0.00705	0.01120	0.01328	0.04978	0.04729	0.79464	0.01245	0.00581	0.00166	0.00249	0.01037	0.00456	0.00415
109	0.01001	0.02435	0.73370	0.01460	0.02166	0.01150	0.08521	0.01558	0.01048	0.01558	0.00892	0.01063	0.00633	0.00462	0.00477	0.00157	0.00735	0.00382	0.00211	0.00721
110	0.29382	0.00873	0.01005	0.00801	0.01156	0.00845	0.00661	0.02087	0.01222	0.54832	0.01533	0.01390	0.00995	0.00559	0.00433	0.00152	0.00406	0.00420	0.00510	0.00738
111	0.00838	0.00654	0.00844	0.00782	0.00807	0.00791	0.00573	0.00918	0.00770	0.01139	0.01260	0.02266	0.01321	0.38921	0.13543	0.00409	0.23983	0.00578	0.09200	0.00404
112	0.01103	0.00784	0.00886	0.00798	0.01013	0.00839	0.00617	0.01870	0.37407	0.08914	0.26394	0.02399	0.02435	0.00756	0.00504	0.00155	0.00321	0.00643	0.11517	0.00642
113	0.01381	0.72584	0.02422	0.00896	0.01295	0.12144	0.00855	0.01535	0.01050	0.01162	0.00693	0.00801	0.00631	0.00432	0.00332	0.00108	0.00572	0.00270	0.00216	0.00623
114	0.00696	0.00502	0.00657	0.00618	0.00734	0.00464	0.00464	0.00927	0.01391	0.01971	0.79405	0.03671	0.04637	0.01005	0.00580	0.00155	0.00232	0.00889	0.00541	0.00464
115	0.01198	0.01162	0.01987	0.05993	0.58757	0.01179	0.10620	0.01624	0.09452	0.01635	0.01046	0.01300	0.00847	0.00462	0.00499	0.00151	0.00595	0.00468	0.00270	0.00755
116	0.01222	0.01056	0.01111	0.01000	0.01278	0.01222	0.00778	0.02611	0.78776	0.02056	0.02000	0.01833	0.01500	0.00667	0.00500	0.00167	0.00389	0.00556	0.00500	0.00778
117	0.00830	0.00636	0.00733	0.00720	0.00865	0.00634	0.00534	0.10907	0.08164	0.01674	0.12255	0.33838	0.22250	0.01196	0.00582	0.00177	0.00316	0.02712	0.00475	0.00502
118	0.01314	0.83025	0.02575	0.00841	0.01261	0.01945	0.00841	0.01472	0.00999	0.01156	0.00683	0.00788	0.00631	0.00420	0.00315	0.00105	0.00526	0.00263	0.00210	0.00631
119	0.61507	0.01358	0.00918	0.00828	0.01117	0.24417	0.00654	0.01596	0.00999	0.01912	0.00706	0.00824	0.00562	0.00471	0.00345	0.00145	0.00528	0.00281	0.00289	0.00543
120	0.00702	0.00527	0.00790	0.00790	0.00878	0.00614	0.00614	0.00878	0.00790	0.01141	0.01316	0.01931	0.01229	0.03686	0.80782	0.00790	0.01316	0.00527	0.00263	0.00439
121	0.01121	0.01093	0.01490	0.01236	0.01430	0.04829	0.13255	0.01701	0.25657	0.01625	0.11328	0.01683	0.01448	0.00730	0.00907	0.00180	0.28758	0.00548	0.00355	0.00626
122	0.00599	0.00428	0.00570	0.00684	0.00713	0.00399	0.00456	0.00684	0.00941	0.01254	0.02709	0.82409	0.03250	0.01540	0.00627	0.00200	0.00285	0.01397	0.00456	0.00399
123	0.00928	0.00873	0.01474	0.81548	0.03385	0.01092	0.01365	0.01256	0.00983	0.01256	0.00873	0.01310	0.00655	0.00491	0.00491	0.00164	0.00655	0.00437	0.00218	0.00546
124	0.00756	0.00540	0.00751	0.00865	0.00962	0.00535	0.00730	0.00957	0.01096	0.01431	0.02622	0.19644	0.02906	0.01391	0.00669	0.00221	0.00422	0.62605	0.00453	0.00443
125	0.00715	0.00476	0.00536	0.00536	0.00536	0.00476	0.00298	0.00715	0.00715	0.00953	0.01548	0.03216	0.01787	0.82729	0.02501	0.00476	0.00476	0.00715	0.00298	0.00298
126	0.01030	0.00491	0.00518	0.00495	0.00633	0.00481	0.00377	0.01255	0.01064	0.08723	0.01633	0.01818	0.01256	0.00576	0.00357	0.00118	0.00246	0.00461	0.77978	0.00491
127	0.00589	0.00498	0.00509	0.00506	0.00669	0.00418	0.00380	0.00721	0.01139	0.01372	0.10101	0.04657	0.74314	0.01228	0.00581	0.00165	0.00248	0.01027	0.00462	0.00418
128	0.30433	0.00875	0.01000	0.00798	0.01152	0.00850	0.00658	0.02076	0.01215	0.53859	0.01517	0.01379	0.00987	0.00557	0.00430	0.00152	0.00405	0.00418	0.00506	0.00734
129	0.00719	0.00496	0.00617	0.00627	0.00657	0.00516	0.00414	0.00779	0.00769	0.01042	0.01588	0.03124	0.01749	0.57285	0.20435	0.00527	0.00668	0.07339	0.00303	0.00344
130	0.01222	0.01056	0.01111	0.01000	0.01278	0.01222	0.00778	0.02611	0.78776	0.02056	0.02000	0.01833	0.01500	0.00667	0.00500	0.00167	0.00389	0.00556	0.00500	0.00778
131	0.01120	0.01263	0.11285	0.21570	0.52117	0.01146	0.01511	0.01454	0.01077	0.01516	0.00907	0.01217	0.00730	0.00454	0.00485	0.00151	0.00618	0.00429	0.00233	0.00717
132	0.01021	0.00969	0.01642	0.56139	0.28065	0.01116	0.01411	0.01337	0.01027	0.01369	0.00890	0.01280	0.00695	0.00474	0.00490	0.00158	0.00632	0.00437	0.00226	0.00621
133	0.01022	0.00894	0.01386	0.61528	0.02857	0.01075	0.01239	0.10374	0.01160	0.01503	0.01134	0.01842	0.00958	0.00615	0.00516	0.00170	0.00615	0.10262	0.00281	0.00568
134	0.01279	0.00900	0.01247	0.00919	0.01333	0.00730	0.09527	0.01512	0.01122	0.18646	0.01205	0.02769	0.00946	0.00474	0.00432	0.00108	0.00431	0.02748	0.00363	0.53309
135	0.28639	0.18262	0.04097	0.00987	0.01306	0.36638	0.00824	0.01684	0.01123	0.01525	0.00724	0.00843	0.00600	0.00472	0.00374	0.00131	0.00646	0.00291	0.00259	0.00575
136	0.01156	0.01318	0.02876	0.03389	0.02582	0.01240	0.76610	0.01569	0.01157	0.01569	0.00992	0.01325	0.00744	0.00416	0.00578	0.00166	0.00826	0.00578	0.00248	0.00661
137	0.00876	0.00722	0.00883	0.00954	0.07854	0.00750	0.00645	0.01440	0.26268	0.01723	0.20752	0.21188	0.11971	0.00998	0.00557	0.00170	0.00328	0.00877	0.00472	0.00572
138	0.01205	0.01156	0.01975	0.06035	0.76732	0.01165	0.01503	0.01498	0.01114	0.01592	0.00922	0.01220	0.00774	0.00440	0.00487	0.00147	0.00587	0.00438	0.00242	0.00769
139	0.01601	0.01218	0.01311	0.01052	0.01392	0.01354	0.00853	0.52121	0.21604	0.02734	0.08283	0.01565	0.01339	0.00646	0.00502	0.00153	0.00475	0.00510	0.00498	0.00788
140	0.01222	0.01056	0.01111	0.01000	0.01278	0.01222	0.00778	0.02611	0.78776	0.02056	0.02000	0.01833	0.01500	0.00667	0.00500	0.00167	0.00389	0.00556	0.00500	0.00778
141	0.01000	0.00539	0.00548	0.00517	0.00656	0.00552	0.00396	0.07922	0.01143	0.01944	0.01566	0.01775	0.01222	0.00574	0.00357	0.00117	0.00256	0.00457	0.77968	0.00491
142	0.00702	0.00527	0.00790	0.00790	0.00878	0.00614	0.00614	0.00878	0.00790	0.01141	0.01316	0.01931	0.01229	0.03686	0.80782	0.00790	0.01316	0.00527	0.00263	0.00439
143	0.01926	0.00777	0.01040	0.00818	0.01156	0.00672	0.00668	0.02114	0.01380	0.66065	0.09081	0.02123	0.08499	0.00700	0.00509	0.00154	0.00387	0.00578	0.00589	0.00766
144	0.01086	0.01181	0.02443	0.27547	0.02830	0.01194	0.53353	0.01472	0.01103	0.01472	0.00955	0.01321	0.00717	0.00439	0.00552	0.00165	0.00773	0.00534	0.00239	0.00625
145	0.01392	0.01140	0.01207	0.01034	0.01343	0.01302	0.00819	0.22435	0.58676	0.02329	0.01785	0.01662	0.01325	0.00647	0.00498	0.00162	0.00429	0.00526	0.00498	0.00793
146	0.01868	0.01376	0.01475	0.01131	0.01524	0.01524	0.00934	0.78025	0.02311	0.03097	0.01180	0.01180	0.00836	0.00590	0.00492	0.00147	0.00541	0.00442	0.00492	0.00836
147	0.01153	0.01272	0.02669	0.07387	0.14338	0.01222	0.61293	0.01543	0.01142	0.01558	0.00976	0.01308	0.00745	0.00423	0.00560	0.00163	0.00780	0.00549	0.00246	0.00673
148	0.00666	0.00558	0.00617	0.00637	0.03175	0.00503	0.00459	0.00898	0.06287	0.01489	0.16285	0.04282	0.58354	0.01146	0.00575	0.00165	0.00271	0.02711	0.00466	0.00459
149	0.01030	0.00978	0.01659	0.53703	0.30432	0.01119	0.01416	0.01345	0.01031	0.01380	0.00892	0.01277	0.00699	0.00472	0.00490	0.00157	0.00630	0.00437	0.00227	0.00628
150	0.01412	0.00956	0.01602	0.04215	0.26800	0.00908	0.12656	0.01668	0.01218	0.26346	0.06682	0.07018	0.03198	0.00639	0.00525	0.00158	0.00517	0.02369	0.00402	0.00710
151	0.00586	0.00498	0.00505	0.00504	0.00667	0.00417	0.00378	0.00716	0.01133	0.01359	0.08562	0.04678	0.75861	0.01233	0.00581	0.00165	0.00248	0.01030	0.00460	0.00417
152	0.00944	0.00896	0.01477	0.72645	0.03152	0.01138	0.01333	0.01248	0.00957	0.01248	0.00848	0.01284	0.00654	0.00532	0.00616	0.00169	0.09660	0.00436	0.00218	0.00545
153	0.01169	0.01139	0.01999	0.14348	0.61780	0.01163	0.08220	0.01477	0.01103	0.01552	0.00923	0.01240	0.00758	0.00444	0.00495	0.00150	0.00616	0.00450	0.00240	0.00734
154	0.01262	0.01262	0.01925	0.05299	0.70409	0.08181	0.01454	0.01540	0.01139	0.01559	0.00908	0.01190	0.00762	0.00446	0.00483	0.00145	0.00613	0.00427	0.00243	0.00753
155	0.00792	0.00566	0.00792	0.00905	0.01018	0.00566	0.00792	0.01018	0.01131	0.01471	0.02602	0.05543	0.02828	0.01358	0.00679	0.00226	0.00453	0.76356	0.00453	0.00453
156	0.00713	0.00520	0.00675	0.00648	0.00769	0.00488	0.00497	0.00967	0.03082	0.01913	0.69211	0.03818	0.06278	0.01034	0.00586	0.00161	0.00255	0.07386	0.00530	0.00468
157	0.01364	0.27931	0.16506	0.01289	0.08468	0.01474	0.06035	0.15963	0.09960	0.04942	0.01052	0.01132	0.00808	0.00497	0.00436	0.00139	0.00571	0.00393	0.00316	0.00726
158	0.00624	0.00516	0.00549	0.00538	0.00697	0.00450	0.00404	0.00809	0.03584	0.01479	0.19781	0.04428	0.62071	0.01179	0.00578	0.00164	0.00250	0.00993	0.00475	0.00436
159	0.00765	0.00557	0.00754	0.00852	0.00972	0.00546	0.00738	0.00978	0.01130	0.01452	0.02909	0.05438	0.12746	0.01343	0.00666	0.00218	0.00426	0.66609	0.00453	0.00448
160	0.01498	0.01338	0.01608	0.01292	0.01609	0.15260	0.16909	0.08605	0.23671	0.12845	0.01358	0.01406	0.01008	0.00590	0.00615	0.00160	0.08644	0.00488	0.00390	0.00707
161	0.01903	0.01158	0.08176	0.10663	0.01617	0.09682	0.00921	0.02136	0.01322	0.54880	0.01587	0.01486	0.01032	0.00570	0.00486	0.00151	0.00526	0.00456	0.00487	0.00762
162	0.00986	0.02542	0.80183	0.01401	0.02127	0.01141	0.01816	0.01556	0.01038	0.01556	0.00882	0.01038	0.00623	0.00467	0.00467	0.00156	0.00726	0.00363	0.00208	0.00726
163	0.02205	0.00836	0.01140	0.00874	0.01254	0.00722	0.00722	0.02395	0.01407	0.80004	0.01939	0.01673	0.01216	0.00608	0.00494	0.00152	0.00418	0.00494	0.00608	0.00836
164	0.01754	0.01527	0.11661	0.01166	0.01602	0.01474	0.01048	0.68129	0.02146	0.02898	0.01141	0.01161	0.00808	0.00574	0.00488	0.00149	0.00565	0.00432	0.00455	0.00822
165	0.12279	0.01251	0.01738	0.02187	0.44589	0.08427	0.07964	0.03200	0.10470	0.01727	0.01019	0.01215	0.00818	0.00475	0.00469	0.00149	0.00582	0.00431	0.00288	0.00718
166	0.01010	0.00706	0.00784	0.00708	0.00890	0.00745	0.00547	0.09917	0.18296	0.02070	0.29230	0.02412	0.02463	0.00748	0.00478	0.00144	0.00300	0.00630	0.27350	0.00572
167	0.01155	0.01130	0.01420	0.01195	0.01450	0.12468	0.18276	0.08389	0.17932	0.01660	0.01746	0.26425	0.01704	0.00859	0.00551	0.00170	0.00543	0.01928	0.00392	0.00605
168	0.00604	0.00431	0.00576	0.00690	0.00720	0.00403	0.00465	0.00693	0.00946	0.01260	0.02706	0.80491	0.03240	0.01535	0.00629	0.00200	0.00289	0.03267	0.00456	0.00400
169	0.01043	0.00991	0.01682	0.50144	0.33888	0.01122	0.01422	0.01357	0.01037	0.01396	0.00894	0.01273	0.00704	0.00470	0.00489	0.00157	0.00627	0.00437	0.00228	0.00639
170	0.01219	0.59824	0.24948	0.01002	0.01511	0.01713	0.01122	0.01496	0.01010	0.01272	0.00740	0.00860	0.00628	0.00434	0.00359	0.00120	0.00583	0.00292	0.00209	0.00658
171	0.00607	0.00434	0.00578	0.00678	0.00715	0.00405	0.00457	0.00706	0.00981	0.01318	0.09549	0.75386	0.03374	0.01492	0.00623	0.00196	0.00280	0.01352	0.00464	0.00405
172	0.00696	0.00502	0.00657	0.00618	0.00734	0.00464	0.00464	0.00927	0.01391	0.01971	0.79405	0.03671	0.04637	0.01005	0.00580	0.00155	0.00232	0.00889	0.00541	0.00464
173	0.01175	0.01125	0.01920	0.14350	0.68656	0.01157	0.01487	0.01472	0.01099	0.01555	0.00917	0.01230	0.00761	0.00446	0.00487	0.00149	0.00594	0.00438	0.00240	0.00745
174	0.01216	0.01168	0.01995	0.03016	0.79664	0.01168	0.01508	0.01508	0.01119	0.01605	0.00924	0.01216	0.00778	0.00438	0.00487	0.00146	0.00584	0.00438	0.00243	0.00778
175	0.00672	0.00477	0.00540	0.00551	0.00597	0.00454	0.00344	0.00724	0.00873	0.01137	0.07759	0.13000	0.18315	0.50479	0.01746	0.00357	0.00389	0.00875	0.00366	0.00346
176	0.00581	0.00498	0.00498	0.00498	0.00664	0.00415	0.00373	0.00705	0.01120	0.01328	0.04978	0.04729	0.79464	0.01245	0.00581	0.00166	0.00249	0.01037	0.00456	0.00415
177	0.01019	0.00873	0.01019	0.00728	0.01165	0.00655	0.00582	0.01237	0.01019	0.01601	0.00873	0.01019	0.00728	0.00364	0.00364	0.00073	0.00364	0.00291	0.00291	0.85734
178	0.00986	0.02542	0.80183	0.01401	0.02127	0.01141	0.01816	0.01556	0.01038	0.01556	0.00882	0.01038	0.00623	0.00467	0.00467	0.00156	0.00726	0.00363	0.00208	0.00726
179	0.01898	0.01329	0.01445	0.01108	0.01500	0.01453	0.00915	0.71358	0.02231	0.09877	0.01247	0.01223	0.00869	0.00592	0.00492	0.00148	0.00530	0.00447	0.00502	0.00836
180	0.00591	0.00498	0.00512	0.00508	0.00670	0.00419	0.00381	0.00725	0.01144	0.01384	0.11539	0.04636	0.72868	0.01223	0.00581	0.00165	0.00247	0.01024	0.00464	0.00419
181	0.84725	0.00943	0.00721	0.00646	0.00947	0.01091	0.00531	0.01436	0.00846	0.02201	0.02043	0.00848	0.00603	0.00466	0.00309	0.00152	0.00378	0.00277	0.00308	0.00531
182	0.01216	0.01168	0.01995	0.03016	0.79664	0.01168	0.01508	0.01508	0.01119	0.01605	0.00924	0.01216	0.00778	0.00438	0.00487	0.00146	0.00584	0.00438	0.00243	0.00778
183	0.01142	0.10932	0.55564	0.01367	0.02000	0.01283	0.08310	0.10757	0.01197	0.01700	0.00906	0.01053	0.00660	0.00472	0.00464	0.00150	0.00691	0.00381	0.00246	0.00724
184	0.00607	0.00499	0.00534	0.00525	0.00680	0.00426	0.00394	0.00755	0.01181	0.01473	0.21764	0.04491	0.62588	0.01190	0.00581	0.00163	0.00245	0.01004	0.00475	0.00426
185	0.00986	0.02542	0.80183	0.01401	0.02127	0.01141	0.01816	0.01556	0.01038	0.01556	0.00882	0.01038	0.00623	0.00467	0.00467	0.00156	0.00726	0.00363	0.00208	0.00726
186	0.01389	0.01232	0.01829	0.02571	0.61832	0.08282	0.01356	0.01650	0.01172	0.11002	0.01027	0.01239	0.00816	0.00472	0.00503	0.00146	0.01999	0.00434	0.00288	0.00762
187	0.01772	0.00993	0.01693	0.01255	0.01659	0.00901	0.25679	0.04393	0.01354	0.47859	0.05960	0.01657	0.01244	0.00567	0.00527	0.00156	0.00544	0.00542	0.00484	0.00759
188	0.00916	0.00458	0.00458	0.00458	0.00573	0.00458	0.00344	0.01145	0.01031	0.01832	0.01603	0.01832	0.01260	0.00573	0.00344	0.00115	0.00229	0.00458	0.85457	0.00458
189	0.01141	0.01091	0.01858	0.23568	0.59702	0.01148	0.01471	0.01442	0.01083	0.01514	0.00911	0.01241	0.00746	0.00452	0.00488	0.00151	0.00602	0.00438	0.00237	0.00718
190	0.13790	0.01181	0.01540	0.01705	0.26672	0.01343	0.01092	0.25376	0.01371	0.02068	0.00909	0.01113	0.00731	0.00580	0.00707	0.00162	0.18217	0.00413	0.00324	0.00708
191	0.00594	0.00498	0.00516	0.00511	0.00672	0.00420	0.00384	0.00730	0.01151	0.01400	0.13367	0.04610	0.71030	0.01218	0.00581	0.00165	0.00247	0.01020	0.00466	0.00420
192	0.00712	0.00489	0.00599	0.00599	0.00620	0.00511	0.00376	0.00755	0.00733	0.00999	0.01491	0.02898	0.01649	0.63180	0.21862	0.00554	0.00684	0.00668	0.00289	0.00333
193	0.01019	0.00873	0.01019	0.00728	0.01165	0.00655	0.00582	0.01237	0.01019	0.01601	0.00873	0.01019	0.00728	0.00364	0.00364	0.00073	0.00364	0.00291	0.00291	0.85734
194	0.00599	0.00428	0.00570	0.00684	0.00713	0.00399	0.00456	0.00684	0.00941	0.01254	0.02709	0.82409	0.03250	0.01540	0.00627	0.00200	0.00285	0.01397	0.00456	0.00399
195	0.01160	0.01326	0.02900	0.02071	0.02568	0.01243	0.77879	0.01574	0.01160	0.01574	0.00994	0.01326	0.00746	0.00414	0.00580	0.00166	0.00829	0.00580	0.00249	0.00663
196	0.01724	0.02155	0.01409	0.01270	0.01485	0.69070	0.00968	0.01847	0.01298	0.01200	0.00743	0.00914	0.00635	0.00559	0.00616	0.00140	0.12823	0.00333	0.00248	0.00565
197	0.00696	0.00502	0.00657	0.00618	0.00734	0.00464	0.00464	0.00927	0.01391	0.01971	0.79405	0.03671	0.04637	0.01005	0.00580	0.00155	0.00232	0.00889	0.00541	0.00464
198	0.00654	0.00442	0.00552	0.00629	0.00659	0.00423	0.00409	0.00732	0.00895	0.01234	0.02336	0.56558	0.02728	0.20675	0.01046	0.00258	0.00325	0.01153	0.07912	0.00380
199	0.00599	0.00499	0.00523	0.00517	0.00675	0.00423	0.00388	0.00740	0.01163	0.01429	0.16662	0.04563	0.67718	0.01207	0.00581	0.00164	0.00246	0.01014	0.00470	0.00423
200	0.00928	0.00873	0.01474	0.81548	0.03385	0.01092	0.01365	0.01256	0.00983	0.01256	0.00873	0.01310	0.00655	0.00491	0.00491	0.00164	0.00655	0.00437	0.00218	0.00546
201	0.01216	0.01168	0.01995	0.03016	0.79664	0.01168	0.01508	0.01508	0.01119	0.01605	0.00924	0.01216	0.00778	0.00438	0.00487	0.00146	0.00584	0.00438	0.00243	0.00778
202	0.00675	0.00502	0.00629	0.00597	0.00722	0.00455	0.00448	0.00888	0.01343	0.01856	0.66164	0.03859	0.17948	0.01047	0.00580	0.00157	0.00235	0.00915	0.00526	0.00455
203	0.01216	0.01168	0.01995	0.03016	0.79664	0.01168	0.01508	0.01508	0.01119	0.01605	0.00924	0.01216	0.00778	0.00438	0.00487	0.00146	0.00584	0.00438	0.00243	0.00778
204	0.00669	0.00508	0.00620	0.00610	0.00742	0.00459	0.00470	0.00865	0.01276	0.01709	0.47081	0.04214	0.28653	0.01120	0.00591	0.00166	0.00261	0.09036	0.00504	0.00447
205	0.00605	0.00443	0.00569	0.00656	0.00709	0.00407	0.00447	0.00708	0.01002	0.01326	0.09743	0.66114	0.12550	0.01457	0.00617	0.00192	0.00276	0.01309	0.00464	0.00407
206	0.01301	0.01195	0.01927	0.02772	0.69552	0.01214	0.01434	0.11410	0.01273	0.01799	0.00957	0.01212	0.00786	0.00458	0.00487	0.00146	0.00578	0.00438	0.00275	0.00786
207	0.01127	0.01077	0.01833	0.27334	0.56044	0.01144	0.01464	0.01430	0.01077	0.01497	0.00909	0.01245	0.00740	0.00454	0.00488	0.00151	0.00606	0.00438	0.00236	0.00706
208	0.01019	0.00873	0.01019	0.00728	0.01165	0.00655	0.00582	0.01237	0.01019	0.01601	0.00873	0.01019	0.00728	0.00364	0.00364	0.00073	0.00364	0.00291	0.00291	0.85734
209	0.01301	0.01195	0.01927	0.02772	0.69552	0.01214	0.01434	0.11410	0.01273	0.01799	0.00957	0.01212	0.00786	0.00458	0.00487	0.00146	0.00578	0.00438	0.00275	0.00786
210	0.00722	0.00512	0.00598	0.00625	0.00659	0.00517	0.00391	0.00872	0.07669	0.01148	0.01964	0.28717	0.02235	0.49226	0.01719	0.00360	0.00407	0.00921	0.00367	0.00373
211	0.01314	0.83025	0.02575	0.00841	0.01261	0.01945	0.00841	0.01472	0.00999	0.01156	0.00683	0.00788	0.00631	0.00420	0.00315	0.00105	0.00526	0.00263	0.00210	0.00631
212	0.00746	0.00498	0.00606	0.00626	0.00746	0.00442	0.00451	0.00874	0.01104	0.08315	0.13371	0.37559	0.30274	0.01284	0.00593	0.00178	0.00277	0.01124	0.00481	0.00452
213	0.01588	0.01165	0.01263	0.01035	0.01366	0.01294	0.00830	0.36849	0.34901	0.09369	0.01608	0.01562	0.01181	0.03007	0.00554	0.00166	0.00463	0.00503	0.00500	0.00795
214	0.01179	0.01130	0.01927	0.13179	0.69792	0.01158	0.01490	0.01475	0.01101	0.01560	0.00918	0.01228	0.00762	0.00445	0.00487	0.00148	0.00593	0.00438	0.00240	0.00748
215	0.00599	0.00428	0.00570	0.00684	0.00713	0.00399	0.00456	0.00684	0.00941	0.01254	0.02709	0.82409	0.03250	0.01540	0.00627	0.00200	0.00285	0.01397	0.00456	0.00399
216	0.00775	0.00553	0.00772	0.00886	0.00991	0.00551	0.00762	0.00989	0.01115	0.01452	0.02611	0.12319	0.02865	0.01374	0.00674	0.00224	0.00438	0.69748	0.00453	0.00448
217	0.00986	0.02542	0.80183	0.01401	0.02127	0.01141	0.01816	0.01556	0.01038	0.01556	0.00882	0.01038	0.00623	0.00467	0.00467	0.00156	0.00726	0.00363	0.00208	0.00726
218	0.00874	0.00617	0.00754	0.00752	0.00870	0.00614	0.00545	0.14277	0.01268	0.03547	0.14921	0.51892	0.04620	0.01259	0.00592	0.00181	0.00323	0.01119	0.00480	0.00497
219	0.01075	0.01075	0.01505	0.01290	0.01290	0.01505	0.01075	0.01183	0.00753	0.01183	0.00645	0.01075	0.00645	0.00860	0.01613	0.00215	0.81830	0.00430	0.00215	0.00538
220	0.20660	0.01240	0.01062	0.00990	0.03624	0.17208	0.00744	0.05721	0.29115	0.01928	0.09544	0.01618	0.03312	0.00625	0.00453	0.00152	0.00481	0.00479	0.00400	0.00641
221	0.19663	0.40631	0.20235	0.00926	0.01370	0.01482	0.00987	0.01445	0.00958	0.01477	0.00774	0.00928	0.00648	0.00664	0.05887	0.00174	0.00595	0.00305	0.00234	0.00618
222	0.03168	0.00856	0.00982	0.00794	0.01101	0.00812	0.00633	0.16012	0.07049	0.15405	0.12802	0.03811	0.14397	0.00730	0.00490	0.00138	0.00370	0.00601	0.00464	0.19385

[dist]
# distance from previous block
# <min> <max>
6	11

[block]
# block no. 2 follows, 51 sequences, length 16
# corresponding to MSA columns:
# 346-361
name=unknown_C
#
# <colnr> <probs for GDERKNQSTAVLIFYWHMCP>
#	G	D	E	R	K	N	Q	S	T	A	V	L	I	F	Y	W	H	M	C	P
0	0.01344	0.08058	0.06409	0.01248	0.11781	0.03560	0.04091	0.09836	0.10586	0.10356	0.01151	0.01222	0.00876	0.00479	0.00438	0.00124	0.00493	0.00396	0.00351	0.27201
1	0.00986	0.02542	0.80183	0.01401	0.02127	0.01141	0.01816	0.01556	0.01038	0.01556	0.00882	0.01038	0.00623	0.00467	0.00467	0.00156	0.00726	0.00363	0.00208	0.00726
2	0.01914	0.01303	0.01430	0.01096	0.01488	0.01416	0.00905	0.67794	0.02188	0.13501	0.01283	0.01247	0.00887	0.00592	0.00492	0.00148	0.00524	0.00449	0.00507	0.00836
3	0.07992	0.03710	0.22940	0.01582	0.21871	0.05844	0.01225	0.04456	0.04807	0.12296	0.01071	0.01177	0.00795	0.00484	0.00451	0.00143	0.00572	0.00393	0.00312	0.07878
