[name]
unknown

[dist]
# distance from previous block
# <min> <max>
0	59

[block]
# block no. 0 follows, 49 sequences, length 94
# corresponding to MSA columns:
# 59-152
name=unknown_A
#
# <colnr> <probs for GDERKNQSTAVLIFYWHMCP>
#	G	D	E	R	K	N	Q	S	T	A	V	L	I	F	Y	W	H	M	C	P
0	0.00864	0.00613	0.00840	0.00932	0.01057	0.00619	0.00809	0.04277	0.01199	0.01564	0.02557	0.05378	0.02757	0.01375	0.00732	0.02987	0.00469	0.70038	0.00459	0.00474
1	0.79487	0.00980	0.00767	0.00680	0.00990	0.01131	0.00559	0.04699	0.00931	0.02295	0.00756	0.00873	0.00585	0.00479	0.00322	0.00155	0.00393	0.00288	0.03068	0.00558
2	0.00965	0.00905	0.01545	0.75052	0.03353	0.01109	0.04590	0.01302	0.01020	0.01325	0.00928	0.01366	0.00698	0.00505	0.00505	0.00167	0.00667	0.00456	0.02976	0.00564
3	0.00716	0.00606	0.04010	0.00657	0.00808	0.00501	0.00526	0.00957	0.01386	0.01938	0.67494	0.03781	0.12646	0.01037	0.00592	0.00160	0.00262	0.00908	0.00533	0.00483
4	0.00645	0.00547	0.00566	0.00558	0.00730	0.00485	0.00421	0.00856	0.05680	0.01432	0.07949	0.04552	0.68662	0.01317	0.03175	0.00191	0.00299	0.01015	0.00469	0.00452
5	0.00972	0.00896	0.01477	0.75014	0.03304	0.01108	0.01350	0.03734	0.01054	0.01353	0.00989	0.04764	0.00794	0.00555	0.00512	0.00170	0.00654	0.00492	0.00244	0.00565
6	0.54345	0.01033	0.00966	0.00800	0.01145	0.01134	0.00660	0.15166	0.01246	0.17720	0.01050	0.01069	0.00743	0.00525	0.00386	0.00156	0.00428	0.00353	0.00409	0.00665
7	0.01194	0.01364	0.02984	0.02131	0.02643	0.01279	0.77238	0.01620	0.01194	0.01620	0.01023	0.01364	0.00767	0.00426	0.00597	0.00171	0.00853	0.00597	0.00256	0.00682
8	0.00955	0.00899	0.01517	0.81013	0.03483	0.01123	0.01404	0.01292	0.01011	0.01292	0.00899	0.01348	0.00674	0.00506	0.00506	0.00169	0.00674	0.00449	0.00225	0.00562
9	0.01252	0.01201	0.02053	0.03104	0.79074	0.01201	0.01552	0.01552	0.01151	0.01652	0.00951	0.01252	0.00801	0.00451	0.00501	0.00150	0.00601	0.00451	0.00250	0.00801
10	0.85801	0.00978	0.00743	0.00665	0.00978	0.01134	0.00548	0.01486	0.00861	0.02269	0.00704	0.00821	0.00548	0.00469	0.00313	0.00156	0.00391	0.00274	0.00313	0.00548
11	0.01271	0.00890	0.01434	0.61751	0.02956	0.01032	0.01245	0.01574	0.01116	0.20078	0.01162	0.01438	0.00813	0.00534	0.00506	0.00166	0.00615	0.00464	0.00321	0.00634
12	0.85801	0.00978	0.00743	0.00665	0.00978	0.01134	0.00548	0.01486	0.00861	0.02269	0.00704	0.00821	0.00548	0.00469	0.00313	0.00156	0.00391	0.00274	0.00313	0.00548
13	0.04084	0.01405	0.01498	0.01151	0.01553	0.01557	0.00950	0.75432	0.02338	0.03163	0.01201	0.01204	0.00852	0.00603	0.00501	0.00152	0.00552	0.00451	0.00501	0.00852
14	0.00648	0.00514	0.00583	0.00566	0.00714	0.00448	0.00424	0.00824	0.01272	0.01651	0.36815	0.04398	0.47000	0.01174	0.00597	0.00166	0.00249	0.01002	0.00507	0.00448
15	0.00735	0.00490	0.00552	0.00552	0.00552	0.00490	0.00306	0.00735	0.00735	0.00980	0.01593	0.03309	0.01838	0.82229	0.02574	0.00490	0.00490	0.00735	0.00306	0.00306
16	0.01166	0.01112	0.01882	0.25589	0.55858	0.01180	0.01496	0.01497	0.02462	0.01556	0.00955	0.01291	0.00777	0.00471	0.00502	0.00156	0.00618	0.00452	0.00248	0.00732
17	0.02105	0.01123	0.01336	0.01024	0.01422	0.01132	0.00846	0.37799	0.01886	0.43470	0.01627	0.01482	0.01067	0.00617	0.00507	0.00154	0.00490	0.00483	0.00569	0.00860
18	0.01123	0.01117	0.01606	0.01529	0.10150	0.01509	0.01157	0.01255	0.00817	0.01266	0.00696	0.01123	0.00679	0.00836	0.01528	0.00213	0.72145	0.00443	0.00225	0.00581
19	0.01324	0.01304	0.01123	0.01009	0.01254	0.21376	0.00775	0.06465	0.34834	0.01931	0.20840	0.02069	0.02080	0.00726	0.00519	0.00157	0.00501	0.00587	0.00459	0.00668
20	0.01199	0.01142	0.01545	0.01309	0.01355	0.01551	0.01090	0.09861	0.00956	0.01440	0.00726	0.01119	0.00686	0.00854	0.01529	0.00213	0.72140	0.00444	0.00254	0.00588
21	0.06106	0.01076	0.01657	0.02139	0.41424	0.01221	0.01235	0.01350	0.00995	0.01512	0.01045	0.09943	0.01019	0.00712	0.00871	0.00179	0.26037	0.00545	0.00269	0.00665
22	0.00955	0.00899	0.01517	0.81013	0.03483	0.01123	0.01404	0.01292	0.01011	0.01292	0.00899	0.01348	0.00674	0.00506	0.00506	0.00169	0.00674	0.00449	0.00225	0.00562
23	0.01185	0.01131	0.01932	0.11777	0.64126	0.01152	0.03221	0.01489	0.01153	0.01633	0.05523	0.01414	0.01019	0.00491	0.00509	0.00153	0.00594	0.00481	0.00266	0.00752
24	0.85801	0.00978	0.00743	0.00665	0.00978	0.01134	0.00548	0.01486	0.00861	0.02269	0.00704	0.00821	0.00548	0.00469	0.00313	0.00156	0.00391	0.00274	0.00313	0.00548
25	0.01849	0.00972	0.05438	0.00921	0.01337	0.00768	0.02535	0.02104	0.02950	0.52841	0.03652	0.01587	0.01195	0.00570	0.00482	0.00140	0.00440	0.00470	0.00520	0.19231
26	0.01868	0.00772	0.01045	0.00832	0.01153	0.00674	0.00674	0.02074	0.01443	0.59432	0.21836	0.02252	0.02161	0.00731	0.00531	0.00157	0.00381	0.00613	0.00608	0.00762
27	0.01226	0.01180	0.02029	0.09475	0.71186	0.01197	0.03210	0.01532	0.01141	0.01622	0.00948	0.01262	0.00790	0.00455	0.00503	0.00152	0.00612	0.00454	0.00248	0.00779
28	0.00616	0.00440	0.00587	0.00704	0.00733	0.00411	0.00469	0.00704	0.00968	0.01291	0.02787	0.81899	0.03344	0.01584	0.00645	0.00205	0.00293	0.01438	0.00469	0.00411
29	0.00955	0.00899	0.01517	0.81013	0.03483	0.01123	0.01404	0.01292	0.01011	0.01292	0.00899	0.01348	0.00674	0.00506	0.00506	0.00169	0.00674	0.00449	0.00225	0.00562
30	0.01445	0.00998	0.01421	0.15244	0.07770	0.01126	0.01030	0.04713	0.01130	0.23386	0.01150	0.01331	0.00859	0.00645	0.00856	0.00169	0.26021	0.00448	0.00358	0.09899
31	0.00726	0.00470	0.00617	0.00699	0.00746	0.00439	0.00468	0.00811	0.00971	0.05850	0.02611	0.68648	0.03058	0.10290	0.00847	0.00233	0.00323	0.01307	0.00461	0.00426
32	0.01352	0.82533	0.02650	0.00865	0.01298	0.02001	0.00865	0.01514	0.01027	0.01190	0.00703	0.00811	0.00649	0.00433	0.00324	0.00108	0.00541	0.00270	0.00216	0.00649
33	0.00740	0.00547	0.00775	0.05448	0.00949	0.00618	0.00579	0.00875	0.00801	0.01123	0.01400	0.02348	0.01403	0.27241	0.52134	0.00678	0.01054	0.00595	0.00279	0.00414
34	0.01660	0.00698	0.00877	0.00720	0.01000	0.00621	0.00579	0.01861	0.01292	0.46084	0.02241	0.02130	0.10074	0.00689	0.00470	0.00146	0.00349	0.00560	0.27261	0.00688
35	0.01014	0.02616	0.79609	0.01441	0.02189	0.01174	0.01868	0.01601	0.01068	0.01601	0.00907	0.01068	0.00641	0.00480	0.00480	0.00160	0.00747	0.00374	0.00214	0.00747
36	0.01196	0.01211	0.01651	0.38384	0.26894	0.11576	0.01346	0.01561	0.06245	0.01451	0.00971	0.01289	0.00769	0.00513	0.00530	0.00159	0.02898	0.00441	0.00257	0.00656
37	0.01196	0.01215	0.01694	0.12614	0.26185	0.07787	0.01277	0.01398	0.00979	0.01366	0.00796	0.01169	0.00707	0.00667	0.01040	0.00184	0.38421	0.00436	0.00234	0.00635
38	0.85801	0.00978	0.00743	0.00665	0.00978	0.01134	0.00548	0.01486	0.00861	0.02269	0.00704	0.00821	0.00548	0.00469	0.00313	0.00156	0.00391	0.00274	0.00313	0.00548
39	0.00813	0.00561	0.00834	0.00818	0.00926	0.00639	0.00639	0.00995	0.00850	0.05773	0.01392	0.01971	0.01263	0.03606	0.75539	0.00774	0.01300	0.00540	0.00292	0.00476
40	0.00610	0.00513	0.00529	0.00525	0.00690	0.00432	0.00394	0.00749	0.01181	0.01433	0.12529	0.04757	0.71421	0.01256	0.00598	0.00170	0.00254	0.01052	0.00478	0.00432
41	0.01174	0.01122	0.01912	0.23483	0.59301	0.01181	0.01513	0.01484	0.01115	0.01558	0.00937	0.01277	0.00768	0.00465	0.00502	0.00155	0.00620	0.00450	0.00244	0.00738
42	0.85801	0.00978	0.00743	0.00665	0.00978	0.01134	0.00548	0.01486	0.00861	0.02269	0.00704	0.00821	0.00548	0.00469	0.00313	0.00156	0.00391	0.00274	0.00313	0.00548
43	0.00640	0.00464	0.00605	0.00676	0.00736	0.00429	0.00466	0.00769	0.01096	0.01482	0.22194	0.57569	0.08145	0.01427	0.00630	0.00192	0.00277	0.01283	0.00492	0.00429
44	0.00694	0.00516	0.00646	0.00613	0.00742	0.00468	0.00460	0.00912	0.01380	0.01906	0.65240	0.03978	0.18415	0.01079	0.00597	0.00161	0.00242	0.00943	0.00541	0.00468
45	0.01253	0.01180	0.01886	0.02725	0.64870	0.01212	0.01415	0.01759	0.15219	0.01737	0.01153	0.01368	0.00937	0.00494	0.00503	0.00154	0.00564	0.00473	0.00299	0.00801
46	0.05391	0.66539	0.02386	0.00907	0.01323	0.05657	0.00866	0.09339	0.01178	0.01448	0.00759	0.00858	0.00666	0.00457	0.00349	0.00116	0.00553	0.00292	0.00253	0.00663
47	0.00598	0.00512	0.00512	0.00512	0.00683	0.00427	0.00384	0.00726	0.01153	0.01366	0.05123	0.04866	0.78869	0.01281	0.00598	0.00171	0.00256	0.01067	0.00470	0.00427
48	0.00742	0.00763	0.07095	0.00718	0.00934	0.00613	0.02236	0.01072	0.09890	0.01540	0.13388	0.08434	0.44043	0.03272	0.02823	0.00196	0.00361	0.00924	0.00451	0.00504
49	0.01124	0.01104	0.01503	0.01294	0.01326	0.01516	0.01072	0.01384	0.09556	0.01319	0.00822	0.01195	0.00764	0.00862	0.01530	0.00216	0.72122	0.00457	0.00255	0.00581
50	0.01352	0.82533	0.02650	0.00865	0.01298	0.02001	0.00865	0.01514	0.01027	0.01190	0.00703	0.00811	0.00649	0.00433	0.00324	0.00108	0.00541	0.00270	0.00216	0.00649
51	0.01146	0.00956	0.01101	0.00795	0.01239	0.00773	0.00639	0.09730	0.01196	0.01819	0.00934	0.01067	0.00761	0.00400	0.00389	0.00083	0.00395	0.00317	0.00323	0.75937
52	0.85801	0.00978	0.00743	0.00665	0.00978	0.01134	0.00548	0.01486	0.00861	0.02269	0.00704	0.00821	0.00548	0.00469	0.00313	0.00156	0.00391	0.00274	0.00313	0.00548
53	0.00955	0.00899	0.01517	0.81013	0.03483	0.01123	0.01404	0.01292	0.01011	0.01292	0.00899	0.01348	0.00674	0.00506	0.00506	0.00169	0.00674	0.00449	0.00225	0.00562
54	0.85801	0.00978	0.00743	0.00665	0.00978	0.01134	0.00548	0.01486	0.00861	0.02269	0.00704	0.00821	0.00548	0.00469	0.00313	0.00156	0.00391	0.00274	0.00313	0.00548
55	0.02118	0.00816	0.01094	0.00851	0.01211	0.00712	0.00699	0.02318	0.01403	0.70626	0.01956	0.01740	0.01257	0.00622	0.00491	0.00152	0.00408	0.00504	0.10205	0.00816
56	0.01049	0.00899	0.01049	0.00749	0.01198	0.00674	0.00599	0.01273	0.01049	0.01648	0.00899	0.01049	0.00749	0.00374	0.00374	0.00075	0.00374	0.00300	0.00300	0.85320
57	0.00638	0.00457	0.00608	0.00699	0.00746	0.00427	0.00481	0.00756	0.01051	0.01420	0.15458	0.66694	0.03570	0.01487	0.00639	0.00198	0.00289	0.03475	0.00484	0.00423
58	0.02181	0.00841	0.01145	0.00885	0.01261	0.00728	0.00728	0.02379	0.01446	0.75065	0.06322	0.01837	0.01450	0.00649	0.00513	0.00157	0.00419	0.00531	0.00622	0.00839
59	0.01129	0.01340	0.14426	0.02299	0.45892	0.01149	0.03589	0.01450	0.01131	0.01640	0.10560	0.01521	0.01250	0.00576	0.00643	0.00162	0.09745	0.00499	0.00279	0.00721
60	0.00682	0.00516	0.00630	0.00601	0.00735	0.00463	0.00451	0.00890	0.01353	0.01841	0.57970	0.04085	0.25726	0.01104	0.00597	0.00162	0.00244	0.00958	0.00532	0.00463
61	0.01374	0.07399	0.01149	0.00863	0.01129	0.00975	0.00697	0.20416	0.05147	0.16472	0.13684	0.11329	0.11017	0.00863	0.00562	0.00161	0.02717	0.00709	0.02676	0.00662
62	0.00735	0.00490	0.00552	0.00552	0.00552	0.00490	0.00306	0.00735	0.00735	0.00980	0.01593	0.03309	0.01838	0.82229	0.02574	0.00490	0.00490	0.00735	0.00306	0.00306
63	0.01049	0.00994	0.01686	0.56413	0.27351	0.01148	0.01451	0.01374	0.01055	0.01406	0.00915	0.01318	0.00714	0.00488	0.00504	0.00163	0.00651	0.00450	0.00233	0.00637
64	0.01437	0.31707	0.02040	0.10905	0.19189	0.19361	0.01115	0.06070	0.01225	0.01434	0.00830	0.01020	0.00699	0.00475	0.00426	0.00132	0.00655	0.00355	0.00252	0.00671
65	0.01645	0.00931	0.01123	0.00901	0.01264	0.00884	0.00723	0.02237	0.25584	0.36184	0.03893	0.01686	0.01333	0.00602	0.00484	0.00144	0.00404	0.00495	0.00519	0.18966
66	0.00817	0.03551	0.23406	0.00977	0.01270	0.00816	0.00978	0.01111	0.00912	0.01308	0.01429	0.01858	0.05629	0.02598	0.50361	0.00567	0.01092	0.00517	0.00265	0.00541
67	0.01168	0.01116	0.01901	0.25128	0.57706	0.01179	0.01510	0.01478	0.01112	0.01550	0.00936	0.01279	0.00765	0.00466	0.00502	0.00155	0.00621	0.00450	0.00243	0.00733
68	0.00723	0.00538	0.00793	0.00793	0.00876	0.00621	0.00607	0.00890	0.00807	0.01159	0.01373	0.02087	0.01308	0.09764	0.74313	0.00788	0.01289	0.00557	0.00274	0.00440
69	0.46900	0.01036	0.01304	0.15623	0.18885	0.01156	0.05431	0.01474	0.00972	0.01919	0.00812	0.01043	0.00639	0.00469	0.00406	0.00158	0.00515	0.00363	0.00280	0.00614
70	0.00937	0.00815	0.01146	0.01496	0.25574	0.00826	0.00862	0.01356	0.15904	0.01575	0.02412	0.29664	0.13350	0.01009	0.00567	0.00176	0.00405	0.00905	0.00409	0.00611
71	0.01416	0.20021	0.08764	0.01943	0.31219	0.21806	0.04849	0.01672	0.01191	0.01435	0.00851	0.01054	0.00713	0.00466	0.00452	0.00137	0.00692	0.00378	0.00242	0.00701
72	0.01145	0.01617	0.26442	0.07576	0.41601	0.01217	0.01588	0.01552	0.03007	0.01589	0.00939	0.01204	0.00749	0.00504	0.00588	0.00161	0.07102	0.00429	0.00241	0.00748
73	0.01035	0.02474	0.70940	0.01519	0.02240	0.01186	0.10395	0.01603	0.01082	0.01603	0.00921	0.01101	0.00655	0.00474	0.00494	0.00161	0.00759	0.00399	0.00218	0.00740
74	0.00805	0.00699	0.01123	0.24160	0.03864	0.00757	0.06787	0.01027	0.02667	0.01343	0.01976	0.46028	0.02184	0.01111	0.00623	0.00190	0.02776	0.01011	0.00370	0.00499
75	0.00770	0.00555	0.00735	0.00812	0.00917	0.00542	0.00672	0.00960	0.01126	0.01468	0.09023	0.07064	0.10513	0.11497	0.00914	0.00252	0.00425	0.50859	0.00454	0.00441
76	0.00688	0.00528	0.00639	0.00615	0.00758	0.00466	0.00456	0.00875	0.01270	0.01720	0.43246	0.13615	0.26042	0.01135	0.00590	0.00163	0.00258	0.00988	0.00505	0.05441
77	0.02269	0.00861	0.01174	0.00900	0.01291	0.00743	0.00743	0.02464	0.01447	0.79425	0.01995	0.01721	0.01252	0.00626	0.00509	0.00156	0.00430	0.00509	0.00626	0.00861
78	0.00994	0.00705	0.00847	0.00756	0.00943	0.00709	0.00583	0.08044	0.13426	0.06666	0.53513	0.03167	0.05758	0.00925	0.00571	0.00161	0.00303	0.00801	0.00547	0.00582
79	0.01014	0.02616	0.79609	0.01441	0.02189	0.01174	0.01868	0.01601	0.01068	0.01601	0.00907	0.01068	0.00641	0.00480	0.00480	0.00160	0.00747	0.00374	0.00214	0.00747
80	0.85801	0.00978	0.00743	0.00665	0.00978	0.01134	0.00548	0.01486	0.00861	0.02269	0.00704	0.00821	0.00548	0.00469	0.00313	0.00156	0.00391	0.00274	0.00313	0.00548
81	0.00749	0.00535	0.00740	0.00856	0.00944	0.00526	0.00701	0.00934	0.01099	0.01440	0.02714	0.30832	0.03053	0.01459	0.00681	0.00224	0.00409	0.51189	0.00467	0.00448
82	0.00828	0.00675	0.00925	0.00867	0.00904	0.00830	0.00655	0.00933	0.00778	0.01124	0.01247	0.02171	0.01286	0.27789	0.34895	0.00554	0.22260	0.00577	0.00269	0.00433
83	0.01274	0.01094	0.01153	0.01032	0.01321	0.01265	0.00804	0.04513	0.76309	0.02141	0.02038	0.01870	0.01527	0.00684	0.00514	0.00171	0.00404	0.00569	0.00514	0.00802
84	0.85801	0.00978	0.00743	0.00665	0.00978	0.01134	0.00548	0.01486	0.00861	0.02269	0.00704	0.00821	0.00548	0.00469	0.00313	0.00156	0.00391	0.00274	0.00313	0.00548
85	0.01194	0.01364	0.02984	0.02131	0.02643	0.01279	0.77238	0.01620	0.01194	0.01620	0.01023	0.01364	0.00767	0.00426	0.00597	0.00171	0.00853	0.00597	0.00256	0.00682
86	0.00800	0.00567	0.00719	0.00698	0.00760	0.00614	0.00483	0.05312	0.00865	0.01192	0.01470	0.02625	0.01537	0.44143	0.35407	0.00607	0.00861	0.00637	0.00303	0.00401
87	0.00646	0.00514	0.00579	0.00563	0.00713	0.00447	0.00422	0.00819	0.01267	0.01637	0.35291	0.04421	0.48532	0.01180	0.00597	0.00166	0.00249	0.01005	0.00505	0.00447
88	0.01149	0.00888	0.01126	0.00987	0.01166	0.01041	0.00795	0.25092	0.01302	0.01815	0.01225	0.01634	0.01062	0.02426	0.45319	0.00531	0.11008	0.00502	0.00339	0.00593
89	0.00895	0.00477	0.00496	0.00496	0.00590	0.00479	0.00351	0.01083	0.00989	0.01686	0.01631	0.02173	0.01404	0.17019	0.02852	0.00210	0.00315	0.00526	0.65890	0.00438
90	0.85801	0.00978	0.00743	0.00665	0.00978	0.01134	0.00548	0.01486	0.00861	0.02269	0.00704	0.00821	0.00548	0.00469	0.00313	0.00156	0.00391	0.00274	0.00313	0.00548
91	0.01181	0.01002	0.01448	0.12193	0.30834	0.01056	0.01097	0.04872	0.17757	0.05666	0.07409	0.02011	0.09969	0.00659	0.00523	0.00160	0.00492	0.00582	0.00380	0.00710
92	0.05705	0.01733	0.10158	0.08404	0.34199	0.28226	0.01327	0.01693	0.01213	0.01507	0.00872	0.01101	0.00709	0.00483	0.00474	0.00146	0.00718	0.00390	0.00251	0.00690
93	0.05806	0.00881	0.01165	0.00897	0.01286	0.00783	0.00741	0.04570	0.01449	0.73963	0.01918	0.01668	0.01211	0.00619	0.00500	0.00156	0.00432	0.00497	0.00609	0.00847

[dist]
# distance from previous block
# <min> <max>
0	28

[block]
# block no. 1 follows, 49 sequences, length 145
# corresponding to MSA columns:
# 181-325
name=unknown_B
#
# <colnr> <probs for GDERKNQSTAVLIFYWHMCP>
#	G	D	E	R	K	N	Q	S	T	A	V	L	I	F	Y	W	H	M	C	P
0	0.01457	0.04530	0.05311	0.08526	0.01574	0.06500	0.00873	0.12682	0.08883	0.14678	0.01223	0.01276	0.00902	0.00510	0.00451	0.00127	0.00504	0.00402	0.00387	0.29204
1	0.00615	0.00443	0.00584	0.00697	0.00732	0.00411	0.00466	0.00705	0.00975	0.01294	0.02876	0.78964	0.06221	0.01573	0.00644	0.00204	0.00292	0.01423	0.00469	0.00411
2	0.01708	0.01271	0.01322	0.01072	0.01417	0.06161	0.00864	0.40354	0.21217	0.11176	0.06858	0.01598	0.01333	0.00653	0.00512	0.00156	0.00503	0.00514	0.00510	0.00802
3	0.00687	0.00541	0.00631	0.00590	0.00755	0.00469	0.00445	0.00877	0.01284	0.01714	0.41385	0.04062	0.36702	0.01095	0.00582	0.00158	0.00256	0.00938	0.00501	0.06329
4	0.85801	0.00978	0.00743	0.00665	0.00978	0.01134	0.00548	0.01486	0.00861	0.02269	0.00704	0.00821	0.00548	0.00469	0.00313	0.00156	0.00391	0.00274	0.00313	0.00548
5	0.01889	0.02410	0.01433	0.01303	0.01563	0.80199	0.00977	0.02019	0.01433	0.01238	0.00782	0.00912	0.00651	0.00521	0.00456	0.00130	0.00912	0.00326	0.00261	0.00586
6	0.00724	0.00506	0.00581	0.00562	0.00698	0.00460	0.00422	0.00927	0.01265	0.01786	0.39214	0.03738	0.27891	0.01022	0.00547	0.00154	0.00244	0.00872	0.17928	0.00460
7	0.00626	0.00447	0.00598	0.00715	0.00749	0.00419	0.00487	0.00721	0.00978	0.01302	0.02782	0.78116	0.03323	0.01575	0.00648	0.00207	0.00302	0.05123	0.00469	0.00413
8	0.01049	0.00899	0.01049	0.00749	0.01198	0.00674	0.00599	0.01273	0.01049	0.01648	0.00899	0.01049	0.00749	0.00374	0.00374	0.00075	0.00374	0.00300	0.00300	0.85320
9	0.00635	0.00481	0.00586	0.00628	0.00724	0.00432	0.00445	0.00773	0.01140	0.01498	0.22471	0.38850	0.26794	0.01354	0.00619	0.00183	0.00268	0.01194	0.00491	0.00432
10	0.69714	0.01173	0.00882	0.00776	0.01091	0.10000	0.00629	0.07621	0.01046	0.02227	0.00754	0.00863	0.00584	0.00486	0.00344	0.00153	0.00463	0.00294	0.00323	0.00577
11	0.01250	0.01195	0.02044	0.09073	0.65748	0.01214	0.05931	0.04424	0.01190	0.01680	0.00961	0.01264	0.00791	0.00459	0.00507	0.00153	0.00619	0.00459	0.00258	0.00778
12	0.00774	0.00560	0.00747	0.00822	0.00936	0.00546	0.00690	0.00981	0.01171	0.01534	0.13553	0.05185	0.10538	0.06930	0.00804	0.00234	0.00415	0.52658	0.00468	0.00452
13	0.01049	0.00899	0.01049	0.00749	0.01198	0.00674	0.00599	0.01273	0.01049	0.01648	0.00899	0.01049	0.00749	0.00374	0.00374	0.00075	0.00374	0.00300	0.00300	0.85320
14	0.01014	0.02616	0.79609	0.01441	0.02189	0.01174	0.01868	0.01601	0.01068	0.01601	0.00907	0.01068	0.00641	0.00480	0.00480	0.00160	0.00747	0.00374	0.00214	0.00747
15	0.85801	0.00978	0.00743	0.00665	0.00978	0.01134	0.00548	0.01486	0.00861	0.02269	0.00704	0.00821	0.00548	0.00469	0.00313	0.00156	0.00391	0.00274	0.00313	0.00548
16	0.01353	0.01083	0.01160	0.01025	0.01323	0.01234	0.00803	0.05517	0.69964	0.07508	0.02022	0.01850	0.01497	0.00679	0.00514	0.00170	0.00408	0.00563	0.00522	0.00807
17	0.00660	0.00490	0.00616	0.00636	0.00735	0.00446	0.00457	0.00828	0.01224	0.01658	0.39620	0.30258	0.17982	0.01265	0.00613	0.00177	0.00260	0.01119	0.00511	0.00446
18	0.00756	0.00538	0.00617	0.00584	0.00751	0.00467	0.00443	0.00928	0.01273	0.07008	0.31430	0.04257	0.46823	0.01146	0.00591	0.00166	0.00262	0.00974	0.00512	0.00475
19	0.01401	0.00878	0.00932	0.00775	0.01022	0.00936	0.00621	0.32784	0.01621	0.05498	0.01483	0.01601	0.01114	0.00598	0.00423	0.00133	0.00376	0.00466	0.46690	0.00648
20	0.01846	0.01850	0.01392	0.01180	0.01490	0.42146	0.00921	0.31079	0.01772	0.04147	0.01042	0.01118	0.00793	0.00562	0.00470	0.00138	0.00715	0.00391	0.06257	0.00691
21	0.00672	0.00468	0.00593	0.00651	0.00721	0.00435	0.00454	0.00815	0.01107	0.01540	0.22024	0.49012	0.08732	0.01327	0.00601	0.00183	0.00271	0.01185	0.08775	0.00435
22	0.01014	0.02616	0.79609	0.01441	0.02189	0.01174	0.01868	0.01601	0.01068	0.01601	0.00907	0.01068	0.00641	0.00480	0.00480	0.00160	0.00747	0.00374	0.00214	0.00747
23	0.01074	0.01981	0.44966	0.06906	0.01965	0.04307	0.01546	0.01467	0.00979	0.01437	0.00820	0.01094	0.00651	0.00620	0.00878	0.00180	0.27847	0.00400	0.00219	0.00663
24	0.01131	0.01069	0.01783	0.22995	0.48075	0.01157	0.01426	0.01422	0.01090	0.01518	0.01051	0.01611	0.00922	0.00568	0.00597	0.00166	0.06196	0.06268	0.00258	0.00696
25	0.01526	0.00989	0.04082	0.12005	0.06977	0.00954	0.00906	0.02070	0.21150	0.29999	0.01650	0.01723	0.01203	0.06240	0.00642	0.00180	0.00480	0.00510	0.00458	0.06256
26	0.85801	0.00978	0.00743	0.00665	0.00978	0.01134	0.00548	0.01486	0.00861	0.02269	0.00704	0.00821	0.00548	0.00469	0.00313	0.00156	0.00391	0.00274	0.00313	0.00548
27	0.01533	0.55580	0.02240	0.01012	0.01387	0.28306	0.00903	0.01684	0.01164	0.01206	0.00729	0.00845	0.00650	0.00462	0.00369	0.00116	0.00666	0.00289	0.00231	0.00628
28	0.00955	0.00899	0.01517	0.81013	0.03483	0.01123	0.01404	0.01292	0.01011	0.01292	0.00899	0.01348	0.00674	0.00506	0.00506	0.00169	0.00674	0.00449	0.00225	0.00562
29	0.85801	0.00978	0.00743	0.00665	0.00978	0.01134	0.00548	0.01486	0.00861	0.02269	0.00704	0.00821	0.00548	0.00469	0.00313	0.00156	0.00391	0.00274	0.00313	0.00548
30	0.01345	0.01054	0.01367	0.17777	0.12350	0.01179	0.01029	0.06050	0.39091	0.10825	0.01618	0.01636	0.01195	0.00606	0.00510	0.00165	0.00495	0.00517	0.00431	0.00761
31	0.00620	0.00459	0.00579	0.00664	0.00726	0.00418	0.00454	0.00725	0.01034	0.01356	0.08497	0.62380	0.17257	0.01490	0.00633	0.00196	0.00283	0.01333	0.00475	0.00418
32	0.01770	0.00750	0.01014	0.00815	0.01119	0.00658	0.00658	0.01979	0.01442	0.54557	0.26675	0.02382	0.02383	0.00757	0.00537	0.00157	0.00369	0.00639	0.00604	0.00737
33	0.01142	0.01089	0.01854	0.31950	0.51087	0.01173	0.01497	0.01456	0.01099	0.01519	0.00932	0.01287	0.00754	0.00471	0.00502	0.00157	0.00628	0.00450	0.00241	0.00712
34	0.01782	0.00982	0.01168	0.00968	0.01310	0.01008	0.00776	0.04534	0.37746	0.40870	0.02004	0.01786	0.01379	0.00654	0.00511	0.00163	0.00419	0.00537	0.00570	0.00832
35	0.01946	0.01378	0.01494	0.01145	0.01549	0.01511	0.00946	0.72202	0.02313	0.08464	0.01268	0.01249	0.00887	0.00608	0.00506	0.00152	0.00548	0.00459	0.00514	0.00860
36	0.85801	0.00978	0.00743	0.00665	0.00978	0.01134	0.00548	0.01486	0.00861	0.02269	0.00704	0.00821	0.00548	0.00469	0.00313	0.00156	0.00391	0.00274	0.00313	0.00548
37	0.01282	0.00917	0.00970	0.00855	0.01105	0.01017	0.00670	0.12516	0.38808	0.05131	0.01801	0.01787	0.01355	0.00640	0.00459	0.00150	0.00368	0.00519	0.28950	0.00700
38	0.00724	0.00535	0.00776	0.00776	0.00854	0.00612	0.00586	0.00879	0.00802	0.01147	0.01388	0.02173	0.01345	0.14828	0.69300	0.00767	0.01233	0.00569	0.00276	0.00431
39	0.02245	0.00899	0.01197	0.00918	0.01310	0.00800	0.00758	0.07651	0.01512	0.74147	0.01941	0.01686	0.01225	0.00625	0.00508	0.00156	0.00439	0.00505	0.00618	0.00861
40	0.01147	0.00990	0.01038	0.00943	0.01209	0.01119	0.00731	0.02359	0.65287	0.01990	0.02570	0.02385	0.14471	0.00785	0.00528	0.00171	0.00376	0.00655	0.00507	0.00738
41	0.00677	0.00515	0.00623	0.00596	0.00732	0.00461	0.00447	0.00880	0.01341	0.01812	0.54835	0.04132	0.28879	0.01114	0.00597	0.00163	0.00244	0.00964	0.00528	0.00461
42	0.00687	0.00516	0.00636	0.00606	0.00738	0.00465	0.00454	0.00898	0.01363	0.01866	0.60825	0.04043	0.22855	0.01094	0.00597	0.00162	0.00243	0.00952	0.00535	0.00465
43	0.76776	0.01025	0.00827	0.00719	0.01041	0.01181	0.00592	0.09652	0.01024	0.02368	0.00759	0.00864	0.00581	0.00484	0.00334	0.00156	0.00409	0.00293	0.00334	0.00581
44	0.01147	0.01228	0.02224	0.01706	0.01947	0.01422	0.36944	0.01407	0.00972	0.01407	0.00833	0.01228	0.00712	0.00669	0.01159	0.00197	0.43433	0.00515	0.00237	0.00614
45	0.01921	0.01467	0.01513	0.01171	0.01568	0.05600	0.00962	0.73524	0.02329	0.03087	0.01192	0.01199	0.00849	0.00603	0.00503	0.00151	0.00575	0.00449	0.00493	0.00846
46	0.01120	0.27746	0.55408	0.01260	0.01908	0.01434	0.01553	0.01574	0.01055	0.01472	0.00843	0.00987	0.00643	0.00465	0.00431	0.00144	0.00682	0.00341	0.00214	0.00716
47	0.01322	0.75387	0.09531	0.00917	0.01378	0.01927	0.00955	0.01522	0.01031	0.01227	0.00721	0.00834	0.00648	0.00437	0.00338	0.00113	0.00559	0.00280	0.00216	0.00658
48	0.73958	0.00982	0.00801	0.00710	0.01024	0.01125	0.00580	0.01644	0.07803	0.06211	0.00891	0.00963	0.00673	0.00497	0.00341	0.00158	0.00394	0.00312	0.00347	0.00586
49	0.13192	0.01129	0.01654	0.02247	0.49469	0.01170	0.01222	0.08583	0.05739	0.03444	0.06415	0.01409	0.01098	0.00525	0.00482	0.00153	0.00527	0.00466	0.00327	0.00749
50	0.01234	0.01137	0.01810	0.02589	0.60076	0.01162	0.01368	0.04519	0.10108	0.01747	0.01247	0.03396	0.01089	0.00573	0.00519	0.00160	0.00560	0.05624	0.00310	0.00772
51	0.01276	0.01095	0.01154	0.01033	0.01322	0.01266	0.00805	0.04705	0.76114	0.02144	0.02035	0.01868	0.01525	0.00684	0.00514	0.00171	0.00404	0.00569	0.00514	0.00802
52	0.01055	0.01001	0.01697	0.54805	0.28911	0.01150	0.01454	0.01379	0.01058	0.01413	0.00916	0.01316	0.00717	0.00487	0.00504	0.00162	0.00649	0.00450	0.00233	0.00642
53	0.00661	0.00515	0.00600	0.00578	0.00722	0.00454	0.00434	0.00848	0.01302	0.01720	0.44485	0.04285	0.39287	0.01149	0.00597	0.00164	0.00247	0.00986	0.00516	0.00454
54	0.00955	0.00899	0.01517	0.81013	0.03483	0.01123	0.01404	0.01292	0.01011	0.01292	0.00899	0.01348	0.00674	0.00506	0.00506	0.00169	0.00674	0.00449	0.00225	0.00562
55	0.00630	0.00450	0.00603	0.00720	0.00755	0.00423	0.00493	0.00728	0.00982	0.01306	0.02779	0.76624	0.03314	0.01571	0.00649	0.00207	0.00305	0.06576	0.00469	0.00415
56	0.01049	0.00899	0.01049	0.00749	0.01198	0.00674	0.00599	0.01273	0.01049	0.01648	0.00899	0.01049	0.00749	0.00374	0.00374	0.00075	0.00374	0.00300	0.00300	0.85320
57	0.01922	0.01416	0.01518	0.01163	0.01568	0.01568	0.00961	0.77388	0.02378	0.03187	0.01214	0.01214	0.00860	0.00607	0.00506	0.00152	0.00556	0.00455	0.00506	0.00860
58	0.85801	0.00978	0.00743	0.00665	0.00978	0.01134	0.00548	0.01486	0.00861	0.02269	0.00704	0.00821	0.00548	0.00469	0.00313	0.00156	0.00391	0.00274	0.00313	0.00548
59	0.02136	0.00890	0.01170	0.00917	0.01294	0.00811	0.00751	0.02494	0.11536	0.69257	0.02003	0.01743	0.01290	0.00634	0.00509	0.00158	0.00426	0.00517	0.00611	0.00853
60	0.01075	0.01022	0.01734	0.49412	0.34144	0.01155	0.01464	0.01397	0.01068	0.01438	0.00920	0.01309	0.00726	0.00483	0.00504	0.00161	0.00644	0.00450	0.00235	0.00659
61	0.01231	0.01181	0.02015	0.08497	0.73841	0.01196	0.01542	0.01534	0.01142	0.01627	0.00948	0.01258	0.00792	0.00454	0.00501	0.00151	0.00606	0.00450	0.00249	0.00784
62	0.01367	0.01140	0.01205	0.01051	0.01356	0.01309	0.00827	0.14918	0.65752	0.02291	0.01920	0.01777	0.01432	0.00673	0.00513	0.00168	0.00426	0.00553	0.00513	0.00810
63	0.00632	0.00500	0.00565	0.00577	0.00706	0.00437	0.00420	0.00777	0.01178	0.01503	0.22264	0.18142	0.46194	0.03003	0.00648	0.00181	0.00263	0.01089	0.00487	0.00433
64	0.01445	0.28804	0.09235	0.06655	0.04576	0.08899	0.01026	0.20394	0.01411	0.01809	0.00903	0.01027	0.00720	0.00488	0.00422	0.00128	0.00591	0.00354	0.00304	0.10809
65	0.11365	0.01248	0.01357	0.01051	0.01443	0.01342	0.00868	0.52815	0.02008	0.19462	0.01325	0.01279	0.00909	0.00596	0.00485	0.00153	0.00511	0.00446	0.00510	0.00825
66	0.01375	0.01157	0.01625	0.30203	0.10609	0.08460	0.08614	0.10170	0.01276	0.12063	0.01106	0.01362	0.00827	0.00724	0.05140	0.00199	0.03633	0.00466	0.00322	0.00669
67	0.02021	0.01030	0.01240	0.00964	0.01337	0.01022	0.00792	0.27674	0.04657	0.45378	0.01710	0.01568	0.01134	0.00619	0.00497	0.00153	0.00458	0.00490	0.06424	0.00831
68	0.00955	0.00899	0.01517	0.81013	0.03483	0.01123	0.01404	0.01292	0.01011	0.01292	0.00899	0.01348	0.00674	0.00506	0.00506	0.00169	0.00674	0.00449	0.00225	0.00562
69	0.11073	0.00818	0.01028	0.00814	0.01158	0.00747	0.00667	0.02178	0.01330	0.60211	0.01807	0.01647	0.01182	0.00604	0.00466	0.00151	0.00399	0.00478	0.12468	0.00772
70	0.00746	0.00601	0.00834	0.00827	0.00989	0.00559	0.05907	0.00950	0.01178	0.01501	0.09579	0.06950	0.31497	0.01262	0.00644	0.00199	0.00391	0.34461	0.00460	0.00466
71	0.00685	0.00516	0.00633	0.00604	0.00736	0.00464	0.00453	0.00894	0.01358	0.01854	0.59419	0.04064	0.24269	0.01099	0.00597	0.00162	0.00243	0.00955	0.00534	0.00464
72	0.85801	0.00978	0.00743	0.00665	0.00978	0.01134	0.00548	0.01486	0.00861	0.02269	0.00704	0.00821	0.00548	0.00469	0.00313	0.00156	0.00391	0.00274	0.00313	0.00548
73	0.00667	0.00493	0.00611	0.00625	0.00730	0.00447	0.00452	0.00840	0.01233	0.01675	0.39878	0.26083	0.20097	0.01233	0.00605	0.00174	0.00258	0.01085	0.02366	0.00447
74	0.00708	0.00517	0.00665	0.00628	0.00750	0.00474	0.00471	0.00938	0.01412	0.01982	0.73707	0.03853	0.09901	0.01051	0.00596	0.00160	0.00240	0.00925	0.00551	0.00474
75	0.30368	0.00900	0.01029	0.00821	0.01186	0.00875	0.00677	0.02135	0.01250	0.53470	0.01561	0.01418	0.01015	0.00573	0.00443	0.00156	0.00417	0.00430	0.00521	0.00755
76	0.50785	0.00929	0.00924	0.00763	0.01109	0.00970	0.00630	0.01896	0.01107	0.34612	0.01245	0.01199	0.00843	0.00535	0.00395	0.00156	0.00408	0.00372	0.00444	0.00679
77	0.85801	0.00978	0.00743	0.00665	0.00978	0.01134	0.00548	0.01486	0.00861	0.02269	0.00704	0.00821	0.00548	0.00469	0.00313	0.00156	0.00391	0.00274	0.00313	0.00548
78	0.85801	0.00978	0.00743	0.00665	0.00978	0.01134	0.00548	0.01486	0.00861	0.02269	0.00704	0.00821	0.00548	0.00469	0.00313	0.00156	0.00391	0.00274	0.00313	0.00548
79	0.00930	0.00872	0.01447	0.75441	0.03289	0.01075	0.01334	0.01253	0.01021	0.01297	0.01191	0.01592	0.06087	0.00559	0.00512	0.00169	0.00645	0.00492	0.00242	0.00552
80	0.00643	0.00552	0.00556	0.00548	0.00727	0.00484	0.00413	0.00861	0.06484	0.01418	0.04910	0.04660	0.73516	0.01239	0.00592	0.00171	0.00266	0.01033	0.00473	0.00453
81	0.01343	0.80419	0.04686	0.00880	0.01321	0.01979	0.00892	0.01516	0.01029	0.01201	0.00708	0.00818	0.00649	0.00434	0.00329	0.00110	0.00546	0.00273	0.00216	0.00652
82	0.01252	0.01201	0.02053	0.03104	0.79074	0.01201	0.01552	0.01552	0.01151	0.01652	0.00951	0.01252	0.00801	0.00451	0.00501	0.00150	0.00601	0.00451	0.00250	0.00801
83	0.01049	0.00899	0.01049	0.00749	0.01198	0.00674	0.00599	0.01273	0.01049	0.01648	0.00899	0.01049	0.00749	0.00374	0.00374	0.00075	0.00374	0.00300	0.00300	0.85320
84	0.00641	0.00490	0.00593	0.00651	0.00752	0.00442	0.00477	0.00775	0.01104	0.01416	0.11096	0.36889	0.31719	0.01396	0.00629	0.00191	0.00293	0.09539	0.00478	0.00429
85	0.00616	0.00440	0.00587	0.00704	0.00733	0.00411	0.00469	0.00704	0.00968	0.01291	0.02787	0.81899	0.03344	0.01584	0.00645	0.00205	0.00293	0.01438	0.00469	0.00411
86	0.01252	0.01201	0.02053	0.03104	0.79074	0.01201	0.01552	0.01552	0.01151	0.01652	0.00951	0.01252	0.00801	0.00451	0.00501	0.00150	0.00601	0.00451	0.00250	0.00801
87	0.02269	0.00861	0.01174	0.00900	0.01291	0.00743	0.00743	0.02464	0.01447	0.79425	0.01995	0.01721	0.01252	0.00626	0.00509	0.00156	0.00430	0.00509	0.00626	0.00861
88	0.85801	0.00978	0.00743	0.00665	0.00978	0.01134	0.00548	0.01486	0.00861	0.02269	0.00704	0.00821	0.00548	0.00469	0.00313	0.00156	0.00391	0.00274	0.00313	0.00548
89	0.01197	0.01071	0.00979	0.00887	0.01093	0.17392	0.00676	0.01690	0.19480	0.07241	0.39081	0.02590	0.02905	0.00816	0.00542	0.00156	0.00431	0.00682	0.00489	0.00603
90	0.02215	0.01039	0.01216	0.00952	0.01331	0.08566	0.00777	0.06056	0.01491	0.68067	0.01838	0.01617	0.01174	0.00615	0.00503	0.00154	0.00484	0.00488	0.00584	0.00834
91	0.00840	0.00714	0.01038	0.00970	0.01033	0.00912	0.00777	0.00999	0.00801	0.01187	0.01143	0.01717	0.01081	0.02903	0.56202	0.00632	0.25800	0.00511	0.00256	0.00483
92	0.01071	0.01049	0.01461	0.01261	0.01263	0.01453	0.01039	0.01176	0.00773	0.01200	0.00745	0.01280	0.00760	0.06517	0.03782	0.00255	0.73688	0.00465	0.00228	0.00534
93	0.01252	0.01201	0.02053	0.03104	0.79074	0.01201	0.01552	0.01552	0.01151	0.01652	0.00951	0.01252	0.00801	0.00451	0.00501	0.00150	0.00601	0.00451	0.00250	0.00801
94	0.00723	0.00541	0.00806	0.00806	0.00895	0.00629	0.00624	0.00899	0.00811	0.01169	0.01360	0.02018	0.01278	0.05674	0.78362	0.00805	0.01334	0.00546	0.00272	0.00448
95	0.01170	0.01118	0.01905	0.24604	0.58214	0.01180	0.01511	0.01480	0.01113	0.01553	0.00937	0.01278	0.00766	0.00466	0.00502	0.00155	0.00621	0.00450	0.00243	0.00735
96	0.01388	0.00666	0.00891	0.00750	0.00987	0.00592	0.00592	0.01608	0.01438	0.35511	0.45577	0.02888	0.03249	0.00857	0.00558	0.00158	0.00322	0.00739	0.00587	0.00643
97	0.01252	0.01201	0.02053	0.03104	0.79074	0.01201	0.01552	0.01552	0.01151	0.01652	0.00951	0.01252	0.00801	0.00451	0.00501	0.00150	0.00601	0.00451	0.00250	0.00801
98	0.00955	0.00899	0.01517	0.81013	0.03483	0.01123	0.01404	0.01292	0.01011	0.01292	0.00899	0.01348	0.00674	0.00506	0.00506	0.00169	0.00674	0.00449	0.00225	0.00562
99	0.01845	0.02326	0.01476	0.01427	0.06929	0.74730	0.01017	0.01987	0.01413	0.01266	0.00793	0.00935	0.00662	0.00516	0.00459	0.00132	0.00890	0.00334	0.00260	0.00601
100	0.00943	0.00471	0.00471	0.00471	0.00589	0.00471	0.00353	0.01178	0.01060	0.01885	0.01650	0.01885	0.01296	0.00589	0.00353	0.00118	0.00236	0.00471	0.85036	0.00471
101	0.00878	0.00439	0.00659	0.00659	0.00659	0.00439	0.00439	0.00659	0.00659	0.00878	0.00878	0.01537	0.00878	0.01757	0.01976	0.85288	0.00439	0.00439	0.00220	0.00220
102	0.01049	0.00899	0.01049	0.00749	0.01198	0.00674	0.00599	0.01273	0.01049	0.01648	0.00899	0.01049	0.00749	0.00374	0.00374	0.00075	0.00374	0.00300	0.00300	0.85320
103	0.01176	0.01125	0.01917	0.22823	0.59942	0.01182	0.01515	0.01486	0.01116	0.01561	0.00938	0.01276	0.00769	0.00464	0.00502	0.00155	0.00619	0.00450	0.00244	0.00740
104	0.00716	0.00517	0.00676	0.00636	0.00755	0.00477	0.00477	0.00954	0.01431	0.02028	0.78808	0.03777	0.04771	0.01034	0.00596	0.00159	0.00239	0.00914	0.00557	0.00477
105	0.00955	0.00899	0.01517	0.81013	0.03483	0.01123	0.01404	0.01292	0.01011	0.01292	0.00899	0.01348	0.00674	0.00506	0.00506	0.00169	0.00674	0.00449	0.00225	0.00562
106	0.85801	0.00978	0.00743	0.00665	0.00978	0.01134	0.00548	0.01486	0.00861	0.02269	0.00704	0.00821	0.00548	0.00469	0.00313	0.00156	0.00391	0.00274	0.00313	0.00548
107	0.00716	0.00517	0.00676	0.00636	0.00755	0.00477	0.00477	0.00954	0.01431	0.02028	0.78808	0.03777	0.04771	0.01034	0.00596	0.00159	0.00239	0.00914	0.00557	0.00477
108	0.02139	0.00936	0.01204	0.00938	0.01320	0.00873	0.00770	0.09824	0.08789	0.64650	0.01924	0.01687	0.01241	0.00630	0.00509	0.00157	0.00440	0.00509	0.00604	0.00855
109	0.00815	0.00582	0.00815	0.00931	0.01048	0.00582	0.00815	0.01048	0.01164	0.01513	0.02677	0.05704	0.02910	0.01397	0.00698	0.00233	0.00466	0.75671	0.00466	0.00466
110	0.01889	0.02410	0.01433	0.01303	0.01563	0.80199	0.00977	0.02019	0.01433	0.01238	0.00782	0.00912	0.00651	0.00521	0.00456	0.00130	0.00912	0.00326	0.00261	0.00586
111	0.01049	0.00899	0.01049	0.00749	0.01198	0.00674	0.00599	0.01273	0.01049	0.01648	0.00899	0.01049	0.00749	0.00374	0.00374	0.00075	0.00374	0.00300	0.00300	0.85320
112	0.00716	0.00517	0.00676	0.00636	0.00755	0.00477	0.00477	0.00954	0.01431	0.02028	0.78808	0.03777	0.04771	0.01034	0.00596	0.00159	0.00239	0.00914	0.00557	0.00477
113	0.01189	0.43982	0.39774	0.01143	0.01728	0.01602	0.01349	0.01556	0.01047	0.01388	0.00802	0.00935	0.00645	0.00456	0.00400	0.00133	0.00640	0.00320	0.00215	0.00696
114	0.01106	0.01106	0.01549	0.01328	0.01328	0.01549	0.01106	0.01217	0.00774	0.01217	0.00664	0.01106	0.00664	0.00885	0.01659	0.00221	0.81303	0.00443	0.00221	0.00553
115	0.01049	0.00899	0.01049	0.00749	0.01198	0.00674	0.00599	0.01273	0.01049	0.01648	0.00899	0.01049	0.00749	0.00374	0.00374	0.00075	0.00374	0.00300	0.00300	0.85320
116	0.01106	0.01106	0.01549	0.01328	0.01328	0.01549	0.01106	0.01217	0.00774	0.01217	0.00664	0.01106	0.00664	0.00885	0.01659	0.00221	0.81303	0.00443	0.00221	0.00553
117	0.85801	0.00978	0.00743	0.00665	0.00978	0.01134	0.00548	0.01486	0.00861	0.02269	0.00704	0.00821	0.00548	0.00469	0.00313	0.00156	0.00391	0.00274	0.00313	0.00548
118	0.85801	0.00978	0.00743	0.00665	0.00978	0.01134	0.00548	0.01486	0.00861	0.02269	0.00704	0.00821	0.00548	0.00469	0.00313	0.00156	0.00391	0.00274	0.00313	0.00548
119	0.85801	0.00978	0.00743	0.00665	0.00978	0.01134	0.00548	0.01486	0.00861	0.02269	0.00704	0.00821	0.00548	0.00469	0.00313	0.00156	0.00391	0.00274	0.00313	0.00548
120	0.01889	0.02410	0.01433	0.01303	0.01563	0.80199	0.00977	0.02019	0.01433	0.01238	0.00782	0.00912	0.00651	0.00521	0.00456	0.00130	0.00912	0.00326	0.00261	0.00586
121	0.01106	0.01106	0.01549	0.01328	0.01328	0.01549	0.01106	0.01217	0.00774	0.01217	0.00664	0.01106	0.00664	0.00885	0.01659	0.00221	0.81303	0.00443	0.00221	0.00553
122	0.01194	0.01364	0.02984	0.02131	0.02643	0.01279	0.77238	0.01620	0.01194	0.01620	0.01023	0.01364	0.00767	0.00426	0.00597	0.00171	0.00853	0.00597	0.00256	0.00682
123	0.01106	0.01106	0.01549	0.01328	0.01328	0.01549	0.01106	0.01217	0.00774	0.01217	0.00664	0.01106	0.00664	0.00885	0.01659	0.00221	0.81303	0.00443	0.00221	0.00553
124	0.00598	0.00512	0.00512	0.00512	0.00683	0.00427	0.00384	0.00726	0.01153	0.01366	0.05123	0.04866	0.78869	0.01281	0.00598	0.00171	0.00256	0.01067	0.00470	0.00427
125	0.85801	0.00978	0.00743	0.00665	0.00978	0.01134	0.00548	0.01486	0.00861	0.02269	0.00704	0.00821	0.00548	0.00469	0.00313	0.00156	0.00391	0.00274	0.00313	0.00548
126	0.01120	0.01115	0.01596	0.01495	0.08676	0.01516	0.01148	0.01249	0.00810	0.01258	0.00691	0.01120	0.00677	0.00844	0.01550	0.00215	0.73676	0.00443	0.00224	0.00577
127	0.01049	0.00899	0.01049	0.00749	0.01198	0.00674	0.00599	0.01273	0.01049	0.01648	0.00899	0.01049	0.00749	0.00374	0.00374	0.00075	0.00374	0.00300	0.00300	0.85320
128	0.01922	0.01416	0.01518	0.01163	0.01568	0.01568	0.00961	0.77388	0.02378	0.03187	0.01214	0.01214	0.00860	0.00607	0.00506	0.00152	0.00556	0.00455	0.00506	0.00860
129	0.01258	0.01086	0.01143	0.01029	0.01315	0.01258	0.00800	0.02687	0.78161	0.02115	0.02058	0.01887	0.01544	0.00686	0.00515	0.00172	0.00400	0.00572	0.00515	0.00800
130	0.00703	0.00516	0.00658	0.00622	0.00747	0.00472	0.00467	0.00929	0.01400	0.01954	0.70596	0.03899	0.13029	0.01061	0.00597	0.00160	0.00241	0.00932	0.00547	0.00472
131	0.05117	0.01400	0.01488	0.01144	0.01546	0.01552	0.00945	0.74497	0.02320	0.03152	0.01195	0.01199	0.00848	0.00602	0.00499	0.00152	0.00550	0.00448	0.00499	0.00848
132	0.00955	0.00899	0.01517	0.81013	0.03483	0.01123	0.01404	0.01292	0.01011	0.01292	0.00899	0.01348	0.00674	0.00506	0.00506	0.00169	0.00674	0.00449	0.00225	0.00562
133	0.13351	0.01193	0.01252	0.01061	0.01340	0.06963	0.02903	0.33790	0.04772	0.02295	0.01414	0.07065	0.01277	0.02406	0.00635	0.00178	0.06119	0.10888	0.00423	0.00673
134	0.02269	0.00861	0.01174	0.00900	0.01291	0.00743	0.00743	0.02464	0.01447	0.79425	0.01995	0.01721	0.01252	0.00626	0.00509	0.00156	0.00430	0.00509	0.00626	0.00861
135	0.01119	0.00897	0.01056	0.00758	0.01204	0.00678	0.00607	0.01342	0.01072	0.06124	0.00962	0.01087	0.00778	0.00389	0.00382	0.00080	0.00378	0.00312	0.00318	0.80459
136	0.01544	0.00883	0.01099	0.00810	0.01236	0.00702	0.00658	0.01756	0.01210	0.33195	0.01343	0.01321	0.00953	0.00476	0.00429	0.00108	0.00397	0.00384	0.00432	0.51062
137	0.81438	0.00954	0.00740	0.00664	0.00967	0.01101	0.00544	0.01459	0.00890	0.02256	0.04709	0.00973	0.00764	0.00498	0.00327	0.00157	0.00383	0.00307	0.00325	0.00544
138	0.01194	0.01364	0.02984	0.02131	0.02643	0.01279	0.77238	0.01620	0.01194	0.01620	0.01023	0.01364	0.00767	0.00426	0.00597	0.00171	0.00853	0.00597	0.00256	0.00682
139	0.01232	0.01162	0.01981	0.02978	0.75054	0.01162	0.01495	0.01506	0.01126	0.01612	0.00947	0.01266	0.00805	0.00518	0.00576	0.04516	0.00592	0.00450	0.00249	0.00771
140	0.00795	0.00535	0.00701	0.00650	0.00783	0.00491	0.00491	0.01032	0.01432	0.05996	0.74869	0.03672	0.04591	0.01013	0.00592	0.00159	0.00248	0.00894	0.00560	0.00497
141	0.81439	0.00953	0.00733	0.00659	0.00956	0.01101	0.00535	0.01448	0.00854	0.02203	0.00750	0.00949	0.00614	0.04662	0.00429	0.00174	0.00396	0.00297	0.00313	0.00535
142	0.00649	0.00473	0.00615	0.00721	0.00763	0.00454	0.00486	0.00806	0.04926	0.01333	0.02750	0.77796	0.03252	0.01538	0.00639	0.00204	0.00299	0.01393	0.00472	0.00431
143	0.00683	0.00530	0.00546	0.00532	0.00714	0.00443	0.00403	0.00815	0.01168	0.05368	0.04962	0.04705	0.74889	0.01247	0.00593	0.00170	0.00265	0.01039	0.00478	0.00449
144	0.02222	0.05048	0.01249	0.00898	0.01291	0.00808	0.00749	0.02416	0.01426	0.75413	0.01929	0.01674	0.01221	0.00616	0.00499	0.00154	0.00436	0.00496	0.00605	0.00850

[dist]
# distance from previous block
# <min> <max>
0	3

[block]
# block no. 2 follows, 49 sequences, length 15
# corresponding to MSA columns:
# 329-343
name=unknown_C
#
# <colnr> <probs for GDERKNQSTAVLIFYWHMCP>
#	G	D	E	R	K	N	Q	S	T	A	V	L	I	F	Y	W	H	M	C	P
0	0.01102	0.00930	0.01008	0.00950	0.01174	0.01052	0.00720	0.02206	0.59445	0.01915	0.02235	0.21286	0.01980	0.00904	0.00546	0.00180	0.00374	0.00782	0.00504	0.00706
