[name]
unknown

[dist]
# distance from previous block
# <min> <max>
57	321

[block]
# block no. 0 follows, 49 sequences, length 6
# corresponding to MSA columns:
# 2897-2902
name=unknown_A
#
# <colnr> <probs for GDERKNQSTAVLIFYWHMCP>
#	G	D	E	R	K	N	Q	S	T	A	V	L	I	F	Y	W	H	M	C	P
0	0.14205	0.12501	0.01355	0.00913	0.01284	0.05483	0.00764	0.08651	0.08509	0.36488	0.01460	0.01366	0.01008	0.00566	0.00447	0.00147	0.00473	0.00425	0.00471	0.03484
1	0.01543	0.44783	0.02112	0.01038	0.01402	0.12837	0.00925	0.19734	0.01386	0.01677	0.00833	0.00947	0.00701	0.00526	0.00502	0.00132	0.07609	0.00337	0.00292	0.00682
2	0.00857	0.00841	0.07083	0.10707	0.01352	0.00725	0.00764	0.01228	0.11834	0.01495	0.01965	0.39837	0.02083	0.01021	0.00548	0.00169	0.00406	0.00906	0.00395	0.15786
3	0.00962	0.00940	0.00789	0.00789	0.00889	0.19553	0.00547	0.01063	0.01102	0.01313	0.12854	0.27571	0.07671	0.20448	0.01049	0.00246	0.00478	0.00905	0.00393	0.00438
4	0.01235	0.24700	0.17133	0.02145	0.42082	0.01425	0.01417	0.01551	0.01100	0.01510	0.00872	0.01090	0.00727	0.00451	0.00446	0.00140	0.00612	0.00384	0.00234	0.00747
5	0.01133	0.16189	0.01667	0.52145	0.02689	0.11056	0.01195	0.01395	0.01052	0.01250	0.00884	0.01295	0.00726	0.04698	0.00572	0.00169	0.00669	0.00416	0.00232	0.00568

[dist]
# distance from previous block
# <min> <max>
0	7

[block]
# block no. 1 follows, 49 sequences, length 29
# corresponding to MSA columns:
# 2931-2959
name=unknown_B
#
# <colnr> <probs for GDERKNQSTAVLIFYWHMCP>
#	G	D	E	R	K	N	Q	S	T	A	V	L	I	F	Y	W	H	M	C	P
0	0.01045	0.00855	0.01174	0.01456	0.23126	0.00886	0.00855	0.08952	0.11033	0.01641	0.01770	0.20819	0.01817	0.17091	0.00960	0.00238	0.00469	0.04829	0.00384	0.00599
1	0.01922	0.01416	0.01518	0.01163	0.01568	0.01568	0.00961	0.77388	0.02378	0.03187	0.01214	0.01214	0.00860	0.00607	0.00506	0.00152	0.00556	0.00455	0.00506	0.00860
2	0.04354	0.00786	0.00917	0.00705	0.01051	0.00634	0.00556	0.01196	0.01141	0.01780	0.21071	0.01778	0.01803	0.00557	0.00429	0.00102	0.00335	0.00464	0.03716	0.56626
3	0.00716	0.00490	0.00644	0.00671	0.00754	0.00485	0.00488	0.00892	0.01102	0.01592	0.27232	0.29280	0.03112	0.01701	0.16337	0.00298	0.00477	0.00953	0.12326	0.00449
4	0.01158	0.01612	0.18148	0.01995	0.02553	0.01258	0.62322	0.01616	0.01169	0.01616	0.01000	0.01305	0.00742	0.00437	0.00574	0.00168	0.00832	0.00553	0.00247	0.00695
5	0.14863	0.00963	0.08527	0.09386	0.17675	0.00894	0.00971	0.01197	0.00942	0.01497	0.01205	0.10833	0.01144	0.01480	0.19226	0.07092	0.00715	0.00550	0.00283	0.00556
6	0.01091	0.08060	0.28801	0.05081	0.01650	0.00956	0.07184	0.01413	0.01089	0.11445	0.01622	0.26228	0.01570	0.00834	0.00533	0.00171	0.00554	0.00734	0.00350	0.00635
7	0.00970	0.00941	0.01708	0.54148	0.02955	0.01085	0.16303	0.01302	0.01019	0.01340	0.00987	0.01441	0.00775	0.00951	0.11711	0.00259	0.00805	0.00492	0.00237	0.00570
8	0.01075	0.00975	0.01532	0.14130	0.01866	0.01017	0.19629	0.09323	0.12652	0.01742	0.02145	0.02766	0.14170	0.00808	0.00579	0.00179	0.00559	0.13847	0.00387	0.00618
9	0.01639	0.01361	0.01492	0.03662	0.25061	0.19920	0.01051	0.08554	0.03904	0.19146	0.03964	0.01489	0.01085	0.04719	0.00602	0.00166	0.00610	0.00469	0.00381	0.00726
10	0.00893	0.00662	0.01053	0.19826	0.09532	0.00735	0.00857	0.00989	0.00870	0.01176	0.01149	0.01909	0.01079	0.01774	0.19653	0.29814	0.00727	0.06613	0.00256	0.00434
11	0.01058	0.12361	0.01574	0.19242	0.13617	0.01114	0.06257	0.03578	0.09541	0.01649	0.16829	0.03020	0.06741	0.00673	0.00512	0.00156	0.00505	0.00593	0.00354	0.00626
12	0.00898	0.00671	0.00772	0.00633	0.00901	0.00555	0.00491	0.01118	0.01149	0.01756	0.19141	0.02286	0.10562	0.00674	0.00445	0.00115	0.00299	0.00564	0.19791	0.37178
13	0.01221	0.01304	0.12271	0.01302	0.09587	0.01219	0.01034	0.05816	0.45355	0.01972	0.03861	0.01644	0.01314	0.00634	0.00565	0.00164	0.04855	0.00515	0.00419	0.04947
14	0.00644	0.00478	0.00663	0.07265	0.00958	0.00469	0.00546	0.00752	0.00972	0.01291	0.02633	0.75318	0.03126	0.01496	0.00634	0.00202	0.00324	0.01357	0.00449	0.00423
15	0.01049	0.00899	0.01049	0.00749	0.01198	0.00674	0.00599	0.01273	0.01049	0.01648	0.00899	0.01049	0.00749	0.00374	0.00374	0.00075	0.00374	0.00300	0.00300	0.85320
16	0.01379	0.01083	0.01625	0.12654	0.28742	0.01139	0.04915	0.15957	0.05247	0.10368	0.01288	0.05507	0.01040	0.00797	0.05809	0.00203	0.00620	0.00527	0.00362	0.00737
17	0.01749	0.00823	0.01066	0.00883	0.01182	0.00767	0.00714	0.11533	0.01485	0.46114	0.10390	0.11924	0.01960	0.00841	0.00548	0.00168	0.00411	0.06135	0.00572	0.00735
18	0.00628	0.00445	0.00583	0.00689	0.00715	0.00419	0.00453	0.00707	0.00945	0.01260	0.02669	0.74142	0.03196	0.09544	0.00836	0.00233	0.00313	0.01368	0.00453	0.00400
19	0.01445	0.11719	0.09808	0.01347	0.01776	0.01216	0.24071	0.14903	0.01385	0.15492	0.01381	0.10700	0.01142	0.00634	0.00524	0.00160	0.00611	0.00590	0.00380	0.00715
20	0.08432	0.01040	0.01135	0.00932	0.01217	0.02189	0.00747	0.37448	0.01646	0.10011	0.01335	0.01580	0.01053	0.07615	0.13739	0.00285	0.00633	0.00482	0.07796	0.00686
21	0.01196	0.19318	0.25539	0.07693	0.01794	0.10811	0.04948	0.02940	0.07664	0.01492	0.01271	0.04159	0.05470	0.00577	0.00464	0.00147	0.00633	0.00457	0.00280	0.03147
22	0.01042	0.00891	0.01154	0.07525	0.01327	0.04849	0.05707	0.07964	0.06033	0.01492	0.01338	0.02059	0.01241	0.15258	0.19633	0.00377	0.11271	0.04367	0.05939	0.00531
23	0.01037	0.01026	0.01625	0.01355	0.02752	0.01217	0.17483	0.01332	0.07272	0.01444	0.05354	0.09756	0.06432	0.00866	0.01089	0.00197	0.38219	0.00653	0.00312	0.00579
24	0.00924	0.04934	0.01073	0.14062	0.06530	0.02304	0.00772	0.03512	0.11489	0.01692	0.23659	0.11370	0.13880	0.00906	0.00551	0.00165	0.00401	0.00784	0.00429	0.00563
25	0.00633	0.00463	0.00598	0.00688	0.00746	0.00427	0.00479	0.00746	0.01038	0.01372	0.09266	0.62348	0.12301	0.01493	0.00639	0.00199	0.00294	0.05373	0.00476	0.00421
26	0.01009	0.11817	0.24881	0.05188	0.04813	0.01053	0.07517	0.01426	0.05700	0.01641	0.13020	0.04574	0.04953	0.00650	0.00489	0.00152	0.00531	0.00557	0.09401	0.00629
27	0.01108	0.02450	0.69574	0.01401	0.02100	0.01214	0.01746	0.08758	0.03842	0.01768	0.00976	0.01110	0.00692	0.00499	0.00484	0.00160	0.00717	0.00388	0.00251	0.00760
28	0.12074	0.05143	0.01128	0.00937	0.01137	0.14809	0.00737	0.06533	0.08643	0.02955	0.01618	0.01896	0.10936	0.08729	0.09089	0.00261	0.11948	0.00525	0.00339	0.00563

[dist]
# distance from previous block
# <min> <max>
10	23

[block]
# block no. 2 follows, 49 sequences, length 22
# corresponding to MSA columns:
# 2983-3004
name=unknown_C
#
# <colnr> <probs for GDERKNQSTAVLIFYWHMCP>
#	G	D	E	R	K	N	Q	S	T	A	V	L	I	F	Y	W	H	M	C	P
0	0.01221	0.12181	0.40637	0.01573	0.13468	0.03906	0.06028	0.01636	0.01120	0.06854	0.00964	0.01119	0.00722	0.00471	0.00465	0.00146	0.00666	0.00388	0.00257	0.06179
1	0.01123	0.12786	0.34606	0.01774	0.16643	0.01275	0.17072	0.01544	0.01116	0.01564	0.03082	0.01301	0.02874	0.00493	0.00493	0.00154	0.00687	0.00453	0.00245	0.00715
2	0.00640	0.00472	0.00600	0.00656	0.00732	0.00431	0.00458	0.00776	0.01124	0.01504	0.23958	0.48560	0.15456	0.01386	0.00625	0.00187	0.00273	0.01237	0.00493	0.00431
3	0.01484	0.01301	0.07695	0.09454	0.38237	0.01238	0.01326	0.21000	0.01476	0.10184	0.01120	0.01286	0.00839	0.00516	0.00502	0.00154	0.00589	0.00452	0.00350	0.00796
4	0.16160	0.01174	0.05942	0.11175	0.28203	0.02481	0.03053	0.04332	0.05938	0.15040	0.01154	0.01292	0.00854	0.00512	0.00471	0.00157	0.00550	0.00434	0.00345	0.00731
5	0.00718	0.00527	0.00660	0.00670	0.00710	0.00548	0.00452	0.00797	0.00898	0.01218	0.09569	0.21827	0.07641	0.36187	0.09927	0.00385	0.05605	0.00903	0.00372	0.00387
6	0.00658	0.00457	0.00575	0.00651	0.00670	0.00438	0.00413	0.00715	0.00887	0.01183	0.02373	0.54607	0.02821	0.29589	0.01315	0.00304	0.00362	0.01194	0.00413	0.00374
7	0.03518	0.01036	0.01423	0.04434	0.27352	0.00937	0.00969	0.06313	0.01163	0.01754	0.00931	0.01132	0.00765	0.00422	0.00428	0.00111	0.00473	0.00365	0.00294	0.46180
8	0.01675	0.01461	0.01340	0.01151	0.01372	0.28532	0.00915	0.06753	0.01276	0.20407	0.01136	0.01286	0.00877	0.00976	0.08955	0.00230	0.20222	0.00429	0.00357	0.00649
9	0.00849	0.00710	0.00766	0.00750	0.00931	0.00734	0.00560	0.01454	0.29912	0.01629	0.03437	0.21561	0.32488	0.01128	0.00578	0.00179	0.00319	0.00968	0.00486	0.00563
10	0.01248	0.08423	0.01179	0.00888	0.01045	0.01018	0.00703	0.10580	0.01088	0.12010	0.01241	0.01778	0.01111	0.17278	0.07671	0.08920	0.16985	0.00505	0.05784	0.00545
11	0.42067	0.05962	0.01253	0.01080	0.04999	0.26234	0.03146	0.04371	0.01126	0.01831	0.00767	0.00911	0.00620	0.00501	0.00429	0.00148	0.03352	0.00321	0.00290	0.00593
12	0.05574	0.01174	0.03567	0.07420	0.09978	0.19133	0.03771	0.01282	0.01089	0.01375	0.01581	0.26894	0.01694	0.07121	0.00729	0.00197	0.02957	0.03597	0.00334	0.00532
13	0.01105	0.01228	0.11842	0.07124	0.27475	0.00947	0.01141	0.01411	0.01083	0.01619	0.00917	0.01139	0.00747	0.00423	0.00440	0.00118	0.00520	0.00370	0.00267	0.40085
14	0.00768	0.00535	0.00715	0.00771	0.00875	0.00546	0.00623	0.00963	0.01049	0.01457	0.05305	0.11311	0.08302	0.03222	0.20048	0.00353	0.00611	0.30652	0.11441	0.00453
15	0.00727	0.00555	0.00674	0.00672	0.00795	0.00532	0.00492	0.01031	0.09058	0.01745	0.40074	0.22874	0.16517	0.01175	0.00600	0.00174	0.00271	0.01033	0.00516	0.00485
16	0.01475	0.02185	0.33726	0.01502	0.09136	0.24697	0.01395	0.16641	0.01442	0.01810	0.00935	0.01068	0.00702	0.00515	0.00480	0.00149	0.00745	0.00383	0.00288	0.00727
17	0.00728	0.00524	0.00633	0.00608	0.00749	0.00466	0.00455	0.00918	0.01308	0.04690	0.45917	0.08810	0.30064	0.01137	0.00596	0.00166	0.00255	0.00983	0.00524	0.00470
18	0.01204	0.01239	0.14311	0.01734	0.24556	0.00969	0.11225	0.01566	0.03834	0.12224	0.12607	0.02029	0.08949	0.00647	0.00535	0.00159	0.00543	0.00595	0.00370	0.00702
19	0.01091	0.06104	0.23147	0.07290	0.01783	0.01003	0.07134	0.04050	0.01107	0.01632	0.00911	0.01094	0.00713	0.00430	0.00433	0.00118	0.00555	0.00359	0.00269	0.40776
20	0.17709	0.07533	0.04204	0.01284	0.01679	0.01314	0.23061	0.12334	0.19648	0.02040	0.01323	0.01411	0.03140	0.00548	0.00485	0.00160	0.00569	0.00490	0.00365	0.00701
21	0.01210	0.01298	0.07164	0.01103	0.05319	0.21074	0.00867	0.04323	0.03193	0.04013	0.11192	0.12799	0.01926	0.00895	0.01830	0.00170	0.00564	0.11503	0.00382	0.09176

[dist]
# distance from previous block
# <min> <max>
5	147

[block]
# block no. 3 follows, 49 sequences, length 48
# corresponding to MSA columns:
# 3152-3199
name=unknown_D
#
# <colnr> <probs for GDERKNQSTAVLIFYWHMCP>
#	G	D	E	R	K	N	Q	S	T	A	V	L	I	F	Y	W	H	M	C	P
0	0.34099	0.06657	0.04648	0.08885	0.03764	0.01290	0.02972	0.14324	0.03574	0.02022	0.00912	0.01150	0.00738	0.04188	0.00629	0.00176	0.08639	0.00387	0.00320	0.00626
1	0.03436	0.01573	0.01376	0.03610	0.10875	0.33890	0.00954	0.04850	0.01279	0.01538	0.08503	0.01302	0.01099	0.00583	0.00598	0.00140	0.09726	0.00416	0.00301	0.13954
2	0.01144	0.00715	0.00950	0.05381	0.03573	0.00660	0.02482	0.01419	0.05263	0.19909	0.25643	0.02997	0.20449	0.00871	0.00549	0.00157	0.00356	0.00748	0.00497	0.06238
3	0.00722	0.00515	0.00659	0.00740	0.00814	0.00498	0.00525	0.00929	0.06739	0.03287	0.04757	0.61805	0.07088	0.01449	0.00633	0.00201	0.00315	0.07387	0.00478	0.00458
4	0.01107	0.01049	0.01752	0.41004	0.38880	0.01166	0.01448	0.01474	0.04387	0.01496	0.00973	0.01326	0.00771	0.00487	0.00504	0.00160	0.00628	0.00455	0.00249	0.00684
5	0.00615	0.00511	0.00538	0.00535	0.00695	0.00433	0.00400	0.00757	0.01186	0.01457	0.15423	0.07038	0.66160	0.01255	0.00599	0.00170	0.00255	0.01057	0.00482	0.00433
6	0.85801	0.00978	0.00743	0.00665	0.00978	0.01134	0.00548	0.01486	0.00861	0.02269	0.00704	0.00821	0.00548	0.00469	0.00313	0.00156	0.00391	0.00274	0.00313	0.00548
7	0.00623	0.00506	0.00556	0.00589	0.00729	0.00440	0.00443	0.00754	0.01121	0.01367	0.04459	0.18729	0.57717	0.01347	0.00616	0.00183	0.00284	0.08641	0.00469	0.00428
8	0.00656	0.00512	0.00594	0.00578	0.00720	0.00451	0.00432	0.00836	0.01282	0.01685	0.40839	0.06747	0.40517	0.01170	0.00599	0.00166	0.00249	0.01005	0.00512	0.00451
9	0.00616	0.00440	0.00587	0.00704	0.00733	0.00411	0.00469	0.00704	0.00968	0.01291	0.02787	0.81899	0.03344	0.01584	0.00645	0.00205	0.00293	0.01438	0.00469	0.00411
10	0.01922	0.01416	0.01518	0.01163	0.01568	0.01568	0.00961	0.77388	0.02378	0.03187	0.01214	0.01214	0.00860	0.00607	0.00506	0.00152	0.00556	0.00455	0.00506	0.00860
11	0.85801	0.00978	0.00743	0.00665	0.00978	0.01134	0.00548	0.01486	0.00861	0.02269	0.00704	0.00821	0.00548	0.00469	0.00313	0.00156	0.00391	0.00274	0.00313	0.00548
12	0.85801	0.00978	0.00743	0.00665	0.00978	0.01134	0.00548	0.01486	0.00861	0.02269	0.00704	0.00821	0.00548	0.00469	0.00313	0.00156	0.00391	0.00274	0.00313	0.00548
13	0.01049	0.00899	0.01049	0.00749	0.01198	0.00674	0.00599	0.01273	0.01049	0.01648	0.00899	0.01049	0.00749	0.00374	0.00374	0.00075	0.00374	0.00300	0.00300	0.85320
14	0.02269	0.00861	0.01174	0.00900	0.01291	0.00743	0.00743	0.02464	0.01447	0.79425	0.01995	0.01721	0.01252	0.00626	0.00509	0.00156	0.00430	0.00509	0.00626	0.00861
15	0.01049	0.00899	0.01049	0.00749	0.01198	0.00674	0.00599	0.01273	0.01049	0.01648	0.00899	0.01049	0.00749	0.00374	0.00374	0.00075	0.00374	0.00300	0.00300	0.85320
16	0.85801	0.00978	0.00743	0.00665	0.00978	0.01134	0.00548	0.01486	0.00861	0.02269	0.00704	0.00821	0.00548	0.00469	0.00313	0.00156	0.00391	0.00274	0.00313	0.00548
17	0.85801	0.00978	0.00743	0.00665	0.00978	0.01134	0.00548	0.01486	0.00861	0.02269	0.00704	0.00821	0.00548	0.00469	0.00313	0.00156	0.00391	0.00274	0.00313	0.00548
18	0.01106	0.01106	0.01549	0.01328	0.01328	0.01549	0.01106	0.01217	0.00774	0.01217	0.00664	0.01106	0.00664	0.00885	0.01659	0.00221	0.81303	0.00443	0.00221	0.00553
19	0.01889	0.02410	0.01433	0.01303	0.01563	0.80199	0.00977	0.02019	0.01433	0.01238	0.00782	0.00912	0.00651	0.00521	0.00456	0.00130	0.00912	0.00326	0.00261	0.00586
20	0.00716	0.00517	0.00676	0.00636	0.00755	0.00477	0.00477	0.00954	0.01431	0.02028	0.78808	0.03777	0.04771	0.01034	0.00596	0.00159	0.00239	0.00914	0.00557	0.00477
21	0.00598	0.00512	0.00512	0.00512	0.00683	0.00427	0.00384	0.00726	0.01153	0.01366	0.05123	0.04866	0.78869	0.01281	0.00598	0.00171	0.00256	0.01067	0.00470	0.00427
22	0.05803	0.01002	0.01208	0.00938	0.01311	0.00984	0.00772	0.24306	0.01668	0.48367	0.01685	0.01543	0.01108	0.00611	0.00488	0.00152	0.00452	0.00480	0.06300	0.00820
23	0.85801	0.00978	0.00743	0.00665	0.00978	0.01134	0.00548	0.01486	0.00861	0.02269	0.00704	0.00821	0.00548	0.00469	0.00313	0.00156	0.00391	0.00274	0.00313	0.00548
24	0.00737	0.00516	0.00623	0.00623	0.00754	0.00458	0.00457	0.00896	0.01217	0.06009	0.29052	0.23459	0.30867	0.01236	0.00604	0.00175	0.00269	0.01076	0.00508	0.00464
25	0.00774	0.00600	0.00839	0.00811	0.00867	0.00712	0.00609	0.00900	0.00788	0.01130	0.01328	0.02214	0.01335	0.23541	0.50354	0.00655	0.11263	0.00579	0.00274	0.00427
26	0.01352	0.82533	0.02650	0.00865	0.01298	0.02001	0.00865	0.01514	0.01027	0.01190	0.00703	0.00811	0.00649	0.00433	0.00324	0.00108	0.00541	0.00270	0.00216	0.00649
27	0.00727	0.00523	0.00718	0.00718	0.00776	0.00581	0.00515	0.00842	0.00785	0.01104	0.01441	0.02464	0.01471	0.32095	0.52206	0.00696	0.01043	0.00612	0.00284	0.00399
28	0.01201	0.00615	0.00796	0.00721	0.00920	0.00543	0.00550	0.01370	0.01279	0.28133	0.21808	0.21749	0.16123	0.01068	0.00578	0.00171	0.00320	0.00926	0.00544	0.00583
29	0.01187	0.01124	0.01908	0.05738	0.68428	0.01141	0.01454	0.01477	0.01112	0.01591	0.00990	0.01329	0.00843	0.00789	0.08524	0.00218	0.00679	0.00460	0.00251	0.00757
30	0.01198	0.01112	0.01570	0.29965	0.02272	0.06502	0.12567	0.14526	0.06925	0.01720	0.01296	0.11669	0.01138	0.00752	0.02487	0.00185	0.02552	0.00602	0.00334	0.00628
31	0.00896	0.00796	0.01295	0.28852	0.10548	0.00936	0.03197	0.01143	0.00934	0.01288	0.01157	0.05035	0.01043	0.01898	0.32820	0.00432	0.06397	0.00533	0.00257	0.00540
32	0.01607	0.01940	0.01475	0.01312	0.01478	0.51819	0.01024	0.01730	0.01195	0.01230	0.00739	0.00982	0.00656	0.00652	0.00890	0.00163	0.29920	0.00368	0.00246	0.00574
33	0.01109	0.03811	0.29407	0.01116	0.03872	0.01003	0.01127	0.04769	0.08874	0.01731	0.01028	0.01146	0.00793	0.00458	0.00435	0.00122	0.00530	0.00364	0.00295	0.38011
34	0.01174	0.24703	0.30285	0.01528	0.02101	0.01445	0.28753	0.01583	0.01102	0.01492	0.00891	0.01102	0.00689	0.00447	0.00478	0.00149	0.00727	0.00425	0.00230	0.00696
35	0.01922	0.01416	0.01518	0.01163	0.01568	0.01568	0.00961	0.77388	0.02378	0.03187	0.01214	0.01214	0.00860	0.00607	0.00506	0.00152	0.00556	0.00455	0.00506	0.00860
36	0.01077	0.01142	0.02364	0.05180	0.02246	0.01086	0.54957	0.01452	0.01212	0.01644	0.11075	0.02197	0.01531	0.00625	0.00605	0.00177	0.00720	0.09768	0.00318	0.00625
37	0.00665	0.00477	0.00630	0.00671	0.00744	0.00443	0.00473	0.00826	0.01193	0.01649	0.39761	0.43903	0.04038	0.01317	0.00622	0.00183	0.00267	0.01183	0.00512	0.00443
38	0.00649	0.00508	0.00547	0.00541	0.00663	0.00450	0.00380	0.00763	0.01095	0.01375	0.15552	0.04327	0.49113	0.20599	0.01070	0.00245	0.00309	0.00964	0.00444	0.00406
39	0.85801	0.00978	0.00743	0.00665	0.00978	0.01134	0.00548	0.01486	0.00861	0.02269	0.00704	0.00821	0.00548	0.00469	0.00313	0.00156	0.00391	0.00274	0.00313	0.00548
40	0.00735	0.00490	0.00552	0.00552	0.00552	0.00490	0.00306	0.00735	0.00735	0.00980	0.01593	0.03309	0.01838	0.82229	0.02574	0.00490	0.00490	0.00735	0.00306	0.00306
41	0.00745	0.00587	0.00800	0.00910	0.04234	0.00608	0.00664	0.00888	0.01031	0.01368	0.02727	0.40927	0.11329	0.01380	0.00750	0.00208	0.08502	0.21451	0.00434	0.00459
42	0.85801	0.00978	0.00743	0.00665	0.00978	0.01134	0.00548	0.01486	0.00861	0.02269	0.00704	0.00821	0.00548	0.00469	0.00313	0.00156	0.00391	0.00274	0.00313	0.00548
43	0.85801	0.00978	0.00743	0.00665	0.00978	0.01134	0.00548	0.01486	0.00861	0.02269	0.00704	0.00821	0.00548	0.00469	0.00313	0.00156	0.00391	0.00274	0.00313	0.00548
44	0.00609	0.00466	0.00560	0.00635	0.00715	0.00417	0.00439	0.00712	0.01034	0.01318	0.03627	0.54193	0.30508	0.01475	0.00628	0.00193	0.00280	0.01304	0.00469	0.00417
45	0.03475	0.80483	0.02602	0.00860	0.01290	0.01979	0.00857	0.01513	0.01023	0.01217	0.00703	0.00811	0.00646	0.00434	0.00324	0.00109	0.00537	0.00270	0.00219	0.00646
46	0.85801	0.00978	0.00743	0.00665	0.00978	0.01134	0.00548	0.01486	0.00861	0.02269	0.00704	0.00821	0.00548	0.00469	0.00313	0.00156	0.00391	0.00274	0.00313	0.00548
47	0.00650	0.00463	0.00606	0.00675	0.00724	0.00434	0.00458	0.00769	0.01064	0.01449	0.21575	0.56131	0.03577	0.07975	0.00789	0.00217	0.00296	0.01251	0.00478	0.00419

[dist]
# distance from previous block
# <min> <max>
0	7

[block]
# block no. 4 follows, 49 sequences, length 31
# corresponding to MSA columns:
# 3207-3237
name=unknown_E
#
# <colnr> <probs for GDERKNQSTAVLIFYWHMCP>
#	G	D	E	R	K	N	Q	S	T	A	V	L	I	F	Y	W	H	M	C	P
0	0.00662	0.00529	0.00596	0.00592	0.00741	0.00471	0.00447	0.00862	0.03314	0.01591	0.27294	0.08326	0.47051	0.01209	0.00602	0.00172	0.00266	0.04325	0.00497	0.00453
1	0.01400	0.01191	0.01245	0.01118	0.03605	0.05152	0.00855	0.19104	0.50066	0.02233	0.01728	0.01678	0.01307	0.00865	0.05931	0.00208	0.00531	0.00528	0.00476	0.00779
2	0.01249	0.43646	0.19827	0.01053	0.01538	0.03811	0.03777	0.04854	0.01105	0.01431	0.00838	0.00993	0.00702	0.00621	0.04506	0.00158	0.00636	0.00332	0.00242	0.08682
3	0.01355	0.09533	0.41551	0.01349	0.03141	0.07437	0.04788	0.18097	0.01393	0.03932	0.00980	0.01097	0.00716	0.00506	0.00474	0.00150	0.00688	0.00392	0.00296	0.02125
4	0.00764	0.00643	0.00937	0.04485	0.03355	0.02604	0.07460	0.00929	0.01064	0.01392	0.05178	0.47684	0.08168	0.01306	0.00628	0.00197	0.00405	0.11902	0.00430	0.00469
5	0.00815	0.00582	0.00815	0.00931	0.01048	0.00582	0.00815	0.01048	0.01164	0.01513	0.02677	0.05704	0.02910	0.01397	0.00698	0.00233	0.00466	0.75671	0.00466	0.00466
6	0.01556	0.34093	0.13689	0.01136	0.01545	0.33179	0.01060	0.03689	0.01242	0.03441	0.00813	0.00925	0.00670	0.00485	0.00410	0.00127	0.00718	0.00319	0.00252	0.00650
7	0.01135	0.09279	0.05511	0.34779	0.11642	0.03957	0.21035	0.01512	0.03537	0.01447	0.00951	0.01278	0.00736	0.00476	0.00508	0.00159	0.00701	0.00466	0.00245	0.00646
8	0.00732	0.00504	0.00619	0.00619	0.00643	0.00527	0.00391	0.00779	0.00755	0.01031	0.01531	0.02966	0.01690	0.61896	0.22703	0.00574	0.00714	0.00685	0.00297	0.00344
9	0.00955	0.00899	0.01517	0.81013	0.03483	0.01123	0.01404	0.01292	0.01011	0.01292	0.00899	0.01348	0.00674	0.00506	0.00506	0.00169	0.00674	0.00449	0.00225	0.00562
10	0.01889	0.02410	0.01433	0.01303	0.01563	0.80199	0.00977	0.02019	0.01433	0.01238	0.00782	0.00912	0.00651	0.00521	0.00456	0.00130	0.00912	0.00326	0.00261	0.00586
11	0.00850	0.00768	0.01344	0.01165	0.01362	0.00739	0.22724	0.01144	0.06307	0.01468	0.02215	0.44241	0.02426	0.01166	0.00629	0.00196	0.00482	0.09841	0.00410	0.00522
12	0.85801	0.00978	0.00743	0.00665	0.00978	0.01134	0.00548	0.01486	0.00861	0.02269	0.00704	0.00821	0.00548	0.00469	0.00313	0.00156	0.00391	0.00274	0.00313	0.00548
13	0.85801	0.00978	0.00743	0.00665	0.00978	0.01134	0.00548	0.01486	0.00861	0.02269	0.00704	0.00821	0.00548	0.00469	0.00313	0.00156	0.00391	0.00274	0.00313	0.00548
14	0.00735	0.00490	0.00552	0.00552	0.00552	0.00490	0.00306	0.00735	0.00735	0.00980	0.01593	0.03309	0.01838	0.82229	0.02574	0.00490	0.00490	0.00735	0.00306	0.00306
15	0.01697	0.31021	0.01868	0.01146	0.01468	0.52275	0.00937	0.01839	0.01288	0.01220	0.00754	0.00876	0.00650	0.00489	0.00409	0.00122	0.00779	0.00306	0.00245	0.00609
16	0.00815	0.00582	0.00815	0.00931	0.01048	0.00582	0.00815	0.01048	0.01164	0.01513	0.02677	0.05704	0.02910	0.01397	0.00698	0.00233	0.00466	0.75671	0.00466	0.00466
17	0.00623	0.00448	0.00579	0.00681	0.00718	0.00417	0.00453	0.00708	0.00965	0.01276	0.02868	0.71495	0.08383	0.06862	0.00769	0.00222	0.00304	0.01366	0.00459	0.00405
18	0.00832	0.00452	0.00661	0.00690	0.00705	0.00448	0.00477	0.00701	0.00752	0.01000	0.01337	0.14457	0.01445	0.01698	0.01654	0.64402	0.00419	0.07319	0.00281	0.00271
19	0.01922	0.01416	0.01518	0.01163	0.01568	0.01568	0.00961	0.77388	0.02378	0.03187	0.01214	0.01214	0.00860	0.00607	0.00506	0.00152	0.00556	0.00455	0.00506	0.00860
20	0.85801	0.00978	0.00743	0.00665	0.00978	0.01134	0.00548	0.01486	0.00861	0.02269	0.00704	0.00821	0.00548	0.00469	0.00313	0.00156	0.00391	0.00274	0.00313	0.00548
21	0.00955	0.00899	0.01517	0.81013	0.03483	0.01123	0.01404	0.01292	0.01011	0.01292	0.00899	0.01348	0.00674	0.00506	0.00506	0.00169	0.00674	0.00449	0.00225	0.00562
22	0.81164	0.01062	0.02840	0.00704	0.01027	0.03399	0.00595	0.01505	0.00882	0.02222	0.00712	0.00831	0.00553	0.00471	0.00321	0.00156	0.00415	0.00278	0.00309	0.00554
23	0.01108	0.01033	0.01736	0.25723	0.46851	0.01099	0.01414	0.01411	0.01112	0.01528	0.01157	0.01851	0.01034	0.00588	0.00527	0.00166	0.00605	0.10096	0.00270	0.00688
24	0.00668	0.00515	0.00610	0.00586	0.00726	0.00457	0.00440	0.00862	0.01319	0.01762	0.49189	0.04215	0.34556	0.01133	0.00597	0.00164	0.00246	0.00976	0.00522	0.00457
25	0.13169	0.01469	0.01411	0.15749	0.12986	0.24670	0.01048	0.09175	0.08557	0.05555	0.01038	0.01188	0.00797	0.00530	0.00465	0.00151	0.00646	0.00404	0.00326	0.00668
26	0.39082	0.07132	0.01201	0.00973	0.01276	0.33536	0.00771	0.04705	0.04284	0.01803	0.00810	0.00916	0.00649	0.00502	0.00388	0.00143	0.00621	0.00314	0.00301	0.00593
27	0.01237	0.05144	0.22545	0.01960	0.32921	0.04983	0.03057	0.01582	0.01152	0.06871	0.01199	0.01522	0.03137	0.00540	0.00493	0.00151	0.00615	0.04310	0.00286	0.06296
28	0.01257	0.34968	0.23764	0.01182	0.01663	0.05333	0.09213	0.01568	0.01098	0.05419	0.03928	0.01167	0.00878	0.00641	0.03986	0.00168	0.02448	0.00389	0.00259	0.00670
29	0.01302	0.66752	0.12478	0.01091	0.06702	0.01840	0.01041	0.01528	0.01041	0.01274	0.00746	0.00874	0.00658	0.00440	0.00356	0.00118	0.00571	0.00296	0.00218	0.00672
30	0.00659	0.00485	0.00606	0.00669	0.00737	0.00440	0.00449	0.00749	0.00962	0.01283	0.02737	0.58686	0.10460	0.11814	0.00870	0.00230	0.00320	0.01233	0.00437	0.06175

[dist]
# distance from previous block
# <min> <max>
0	1

[block]
# block no. 5 follows, 49 sequences, length 34
# corresponding to MSA columns:
# 3239-3272
name=unknown_F
#
# <colnr> <probs for GDERKNQSTAVLIFYWHMCP>
#	G	D	E	R	K	N	Q	S	T	A	V	L	I	F	Y	W	H	M	C	P
0	0.01518	0.00959	0.01324	0.24512	0.09902	0.04945	0.01028	0.05072	0.01275	0.29777	0.01580	0.07325	0.01264	0.00693	0.00528	0.00167	0.00542	0.06475	0.00423	0.00691
1	0.01209	0.00634	0.00789	0.00682	0.00914	0.00551	0.00535	0.01393	0.01336	0.28503	0.25686	0.03461	0.30315	0.00982	0.00567	0.00162	0.00311	0.00830	0.00549	0.00591
2	0.00951	0.01574	0.34845	0.14776	0.12994	0.00982	0.01379	0.01354	0.01132	0.01610	0.15104	0.06055	0.03791	0.00661	0.00520	0.00163	0.00585	0.00571	0.00303	0.00648
3	0.01408	0.02182	0.32367	0.03583	0.11222	0.29719	0.01394	0.06921	0.01295	0.01568	0.00942	0.03362	0.00757	0.00532	0.00481	0.00149	0.00761	0.00404	0.00263	0.00689
4	0.00826	0.00575	0.00667	0.00631	0.00795	0.00534	0.00477	0.01109	0.07346	0.06690	0.32455	0.07334	0.30746	0.01064	0.00570	0.00163	0.00272	0.00910	0.06328	0.00506
5	0.00898	0.00525	0.00642	0.00600	0.00737	0.00493	0.00454	0.01132	0.01309	0.07299	0.47931	0.03008	0.03376	0.00858	0.00510	0.00145	0.00251	0.00740	0.28588	0.00502
6	0.01428	0.01746	0.27193	0.01157	0.01590	0.15462	0.01146	0.08982	0.08717	0.13881	0.04974	0.07541	0.02623	0.00665	0.00506	0.00158	0.00610	0.00530	0.00383	0.00708
7	0.01404	0.08485	0.13949	0.02006	0.29757	0.06781	0.10346	0.17769	0.01414	0.01900	0.00976	0.01168	0.00762	0.00489	0.00492	0.00150	0.00660	0.00433	0.00298	0.00764
8	0.00616	0.00440	0.00587	0.00704	0.00733	0.00411	0.00469	0.00704	0.00968	0.01291	0.02787	0.81899	0.03344	0.01584	0.00645	0.00205	0.00293	0.01438	0.00469	0.00411
9	0.05038	0.10965	0.30166	0.02022	0.29851	0.01289	0.10512	0.01571	0.01099	0.01606	0.00904	0.01129	0.00710	0.00457	0.00476	0.00152	0.00667	0.00412	0.00237	0.00739
10	0.00629	0.00452	0.00600	0.00715	0.00753	0.00423	0.00491	0.00728	0.00986	0.01308	0.02839	0.74754	0.05246	0.01564	0.00648	0.00206	0.00304	0.06470	0.00469	0.00415
11	0.01459	0.22877	0.01888	0.01250	0.01491	0.30052	0.05964	0.01611	0.01106	0.01244	0.00740	0.00976	0.00662	0.00605	0.00807	0.00156	0.25913	0.00365	0.00236	0.00599
12	0.85801	0.00978	0.00743	0.00665	0.00978	0.01134	0.00548	0.01486	0.00861	0.02269	0.00704	0.00821	0.00548	0.00469	0.00313	0.00156	0.00391	0.00274	0.00313	0.00548
13	0.00630	0.00446	0.00583	0.00686	0.00712	0.00420	0.00450	0.00708	0.00941	0.01255	0.02648	0.72754	0.03169	0.10968	0.00870	0.00239	0.00316	0.01356	0.00450	0.00399
14	0.00663	0.00515	0.00603	0.00581	0.00723	0.00455	0.00436	0.00853	0.01308	0.01734	0.46146	0.04260	0.37615	0.01143	0.00597	0.00164	0.00246	0.00982	0.00518	0.00455
15	0.00617	0.00497	0.00550	0.00570	0.00704	0.00430	0.00415	0.00752	0.01151	0.01439	0.14544	0.21147	0.52788	0.01312	0.00608	0.00177	0.00262	0.01126	0.00481	0.00430
16	0.00736	0.00532	0.00620	0.00588	0.00747	0.00466	0.00444	0.00917	0.01294	0.05637	0.38243	0.04214	0.41453	0.01136	0.00593	0.00165	0.00257	0.00970	0.00517	0.00472
17	0.85801	0.00978	0.00743	0.00665	0.00978	0.01134	0.00548	0.01486	0.00861	0.02269	0.00704	0.00821	0.00548	0.00469	0.00313	0.00156	0.00391	0.00274	0.00313	0.00548
18	0.85801	0.00978	0.00743	0.00665	0.00978	0.01134	0.00548	0.01486	0.00861	0.02269	0.00704	0.00821	0.00548	0.00469	0.00313	0.00156	0.00391	0.00274	0.00313	0.00548
19	0.01352	0.82533	0.02650	0.00865	0.01298	0.02001	0.00865	0.01514	0.01027	0.01190	0.00703	0.00811	0.00649	0.00433	0.00324	0.00108	0.00541	0.00270	0.00216	0.00649
20	0.85801	0.00978	0.00743	0.00665	0.00978	0.01134	0.00548	0.01486	0.00861	0.02269	0.00704	0.00821	0.00548	0.00469	0.00313	0.00156	0.00391	0.00274	0.00313	0.00548
21	0.01877	0.01394	0.01492	0.01154	0.01551	0.01547	0.00950	0.72255	0.07585	0.03113	0.01272	0.01260	0.00907	0.00612	0.00506	0.00153	0.00546	0.00463	0.00506	0.00856
22	0.01889	0.02410	0.01433	0.01303	0.01563	0.80199	0.00977	0.02019	0.01433	0.01238	0.00782	0.00912	0.00651	0.00521	0.00456	0.00130	0.00912	0.00326	0.00261	0.00586
23	0.01922	0.01416	0.01518	0.01163	0.01568	0.01568	0.00961	0.77388	0.02378	0.03187	0.01214	0.01214	0.00860	0.00607	0.00506	0.00152	0.00556	0.00455	0.00506	0.00860
24	0.01889	0.02410	0.01433	0.01303	0.01563	0.80199	0.00977	0.02019	0.01433	0.01238	0.00782	0.00912	0.00651	0.00521	0.00456	0.00130	0.00912	0.00326	0.00261	0.00586
25	0.02269	0.00861	0.01174	0.00900	0.01291	0.00743	0.00743	0.02464	0.01447	0.79425	0.01995	0.01721	0.01252	0.00626	0.00509	0.00156	0.00430	0.00509	0.00626	0.00861
26	0.02269	0.00861	0.01174	0.00900	0.01291	0.00743	0.00743	0.02464	0.01447	0.79425	0.01995	0.01721	0.01252	0.00626	0.00509	0.00156	0.00430	0.00509	0.00626	0.00861
27	0.00715	0.00601	0.00648	0.00738	0.00796	0.06715	0.00504	0.00809	0.01018	0.01292	0.02789	0.70208	0.08322	0.01479	0.00627	0.00197	0.00340	0.01324	0.00453	0.00426
28	0.00626	0.00496	0.00567	0.00617	0.00737	0.00437	0.00456	0.00752	0.01094	0.01357	0.04115	0.29953	0.46601	0.01391	0.00623	0.00188	0.00290	0.08806	0.00469	0.00426
29	0.02197	0.00975	0.01244	0.00954	0.01348	0.00913	0.00788	0.17902	0.01639	0.63716	0.01834	0.01617	0.01171	0.00622	0.00508	0.00155	0.00456	0.00498	0.00601	0.00860
30	0.01283	0.12033	0.50055	0.01337	0.01920	0.21927	0.01516	0.01700	0.01158	0.01458	0.00850	0.00997	0.00644	0.00485	0.00456	0.00146	0.00766	0.00349	0.00226	0.00694
31	0.00933	0.00744	0.01018	0.00936	0.01043	0.00902	0.00743	0.09853	0.00984	0.01408	0.01222	0.01792	0.01132	0.06233	0.53312	0.00614	0.15806	0.00522	0.00291	0.00511
32	0.00727	0.00499	0.00612	0.00653	0.00686	0.00492	0.00438	0.00797	0.00889	0.01184	0.05546	0.18404	0.02449	0.48706	0.01781	0.00375	0.00438	0.14587	0.00377	0.00363
33	0.05703	0.01159	0.10519	0.01244	0.07619	0.00929	0.08339	0.05576	0.01359	0.47301	0.01587	0.01514	0.01049	0.00567	0.00499	0.00156	0.00520	0.00482	0.03078	0.00799

[dist]
# distance from previous block
# <min> <max>
0	16

[block]
# block no. 6 follows, 49 sequences, length 144
# corresponding to MSA columns:
# 3289-3432
name=unknown_G
#
# <colnr> <probs for GDERKNQSTAVLIFYWHMCP>
#	G	D	E	R	K	N	Q	S	T	A	V	L	I	F	Y	W	H	M	C	P
0	0.01082	0.01573	0.32098	0.03358	0.21265	0.01005	0.01346	0.01538	0.05533	0.05740	0.17044	0.01829	0.03156	0.00621	0.00515	0.00158	0.00559	0.00537	0.00337	0.00704
1	0.01109	0.04253	0.03006	0.28964	0.10733	0.05626	0.01136	0.06323	0.05083	0.01486	0.01218	0.13406	0.01143	0.00736	0.00700	0.00175	0.13410	0.00589	0.00299	0.00605
2	0.01263	0.01473	0.06704	0.09198	0.17336	0.24393	0.08275	0.03198	0.01206	0.01442	0.01318	0.19243	0.01303	0.00734	0.00528	0.00161	0.00663	0.00644	0.00304	0.00614
3	0.00966	0.00950	0.03572	0.01379	0.23013	0.04713	0.00845	0.01180	0.01141	0.01530	0.05136	0.06616	0.26467	0.00787	0.00512	0.00142	0.00429	0.00676	0.00354	0.19589
4	0.01293	0.01134	0.01328	0.11084	0.03789	0.06185	0.02605	0.18400	0.01363	0.01896	0.01004	0.01260	0.00816	0.00510	0.00508	0.00123	0.04554	0.02470	0.00332	0.39348
5	0.00785	0.00488	0.00494	0.00497	0.00629	0.00452	0.00367	0.00963	0.01082	0.01620	0.03100	0.04979	0.33245	0.04374	0.00555	0.00157	0.00256	0.00749	0.44763	0.00445
6	0.01518	0.00955	0.01052	0.00854	0.01135	0.01009	0.00689	0.36553	0.01748	0.10947	0.08988	0.01741	0.01427	0.00645	0.00464	0.00142	0.00406	0.00511	0.28521	0.00694
7	0.00687	0.00517	0.00636	0.00611	0.00744	0.00466	0.00461	0.00895	0.01349	0.01836	0.56895	0.04123	0.24657	0.01110	0.00600	0.00164	0.00250	0.03005	0.00531	0.00463
8	0.00643	0.00514	0.00576	0.00560	0.00711	0.00446	0.00420	0.00814	0.01261	0.01623	0.33725	0.04444	0.50107	0.01185	0.00597	0.00166	0.00249	0.01008	0.00503	0.00446
9	0.85801	0.00978	0.00743	0.00665	0.00978	0.01134	0.00548	0.01486	0.00861	0.02269	0.00704	0.00821	0.00548	0.00469	0.00313	0.00156	0.00391	0.00274	0.00313	0.00548
10	0.00696	0.00516	0.00649	0.00616	0.00744	0.00469	0.00462	0.00917	0.01386	0.01919	0.66704	0.03956	0.16942	0.01074	0.00597	0.00161	0.00241	0.00940	0.00542	0.00469
11	0.01049	0.00899	0.01049	0.00749	0.01198	0.00674	0.00599	0.01273	0.01049	0.01648	0.00899	0.01049	0.00749	0.00374	0.00374	0.00075	0.00374	0.00300	0.00300	0.85320
12	0.01252	0.01201	0.02053	0.03104	0.79074	0.01201	0.01552	0.01552	0.01151	0.01652	0.00951	0.01252	0.00801	0.00451	0.00501	0.00150	0.00601	0.00451	0.00250	0.00801
13	0.01258	0.01086	0.01143	0.01029	0.01315	0.01258	0.00800	0.02687	0.78161	0.02115	0.02058	0.01887	0.01544	0.00686	0.00515	0.00172	0.00400	0.00572	0.00515	0.00800
14	0.00627	0.00513	0.00553	0.00543	0.00701	0.00439	0.00407	0.00782	0.01222	0.01530	0.23392	0.04596	0.60498	0.01219	0.00597	0.00168	0.00252	0.01029	0.00491	0.00439
15	0.01352	0.82533	0.02650	0.00865	0.01298	0.02001	0.00865	0.01514	0.01027	0.01190	0.00703	0.00811	0.00649	0.00433	0.00324	0.00108	0.00541	0.00270	0.00216	0.00649
16	0.85801	0.00978	0.00743	0.00665	0.00978	0.01134	0.00548	0.01486	0.00861	0.02269	0.00704	0.00821	0.00548	0.00469	0.00313	0.00156	0.00391	0.00274	0.00313	0.00548
17	0.01352	0.82533	0.02650	0.00865	0.01298	0.02001	0.00865	0.01514	0.01027	0.01190	0.00703	0.00811	0.00649	0.00433	0.00324	0.00108	0.00541	0.00270	0.00216	0.00649
18	0.00629	0.00459	0.00593	0.00675	0.00732	0.00422	0.00462	0.00744	0.01056	0.01409	0.14471	0.62636	0.10903	0.01472	0.00633	0.00195	0.00281	0.01323	0.00483	0.00422
19	0.01235	0.01221	0.02072	0.10536	0.62298	0.03400	0.08721	0.01546	0.01150	0.01602	0.00948	0.01262	0.00781	0.00456	0.00509	0.00153	0.00640	0.00461	0.00249	0.00760
20	0.01913	0.01697	0.01494	0.01203	0.01567	0.23756	0.00966	0.56121	0.02111	0.02637	0.01092	0.01129	0.00801	0.00583	0.00492	0.00146	0.00657	0.00419	0.00437	0.00783
21	0.01324	0.01590	0.29538	0.01242	0.06168	0.03720	0.01203	0.03668	0.01155	0.16748	0.01131	0.01253	0.00832	0.00701	0.04904	0.00181	0.06469	0.00405	0.00326	0.17442
22	0.01791	0.01171	0.01119	0.00966	0.01244	0.20399	0.00748	0.04745	0.01371	0.39684	0.01843	0.19482	0.01558	0.00814	0.00526	0.00161	0.00524	0.00670	0.00496	0.00692
23	0.00610	0.00513	0.00529	0.00525	0.00690	0.00432	0.00394	0.00749	0.01181	0.01433	0.12614	0.04756	0.71336	0.01256	0.00598	0.00170	0.00254	0.01052	0.00478	0.00432
24	0.01019	0.02581	0.77508	0.01460	0.02201	0.01177	0.03935	0.01602	0.01071	0.01602	0.00911	0.01076	0.00644	0.00479	0.00484	0.00160	0.00750	0.00380	0.00215	0.00746
25	0.00974	0.00575	0.00684	0.00629	0.00818	0.00502	0.00481	0.01144	0.01260	0.16910	0.21689	0.08939	0.36965	0.01077	0.00570	0.00165	0.00288	0.00915	0.04890	0.00525
26	0.01858	0.01384	0.01481	0.01150	0.01544	0.01538	0.00945	0.70125	0.09746	0.03083	0.01296	0.01279	0.00926	0.00615	0.00507	0.00154	0.00541	0.00467	0.00507	0.00854
27	0.00735	0.00490	0.00552	0.00552	0.00552	0.00490	0.00306	0.00735	0.00735	0.00980	0.01593	0.03309	0.01838	0.82229	0.02574	0.00490	0.00490	0.00735	0.00306	0.00306
28	0.85801	0.00978	0.00743	0.00665	0.00978	0.01134	0.00548	0.01486	0.00861	0.02269	0.00704	0.00821	0.00548	0.00469	0.00313	0.00156	0.00391	0.00274	0.00313	0.00548
29	0.00735	0.00490	0.00552	0.00552	0.00552	0.00490	0.00306	0.00735	0.00735	0.00980	0.01593	0.03309	0.01838	0.82229	0.02574	0.00490	0.00490	0.00735	0.00306	0.00306
30	0.01345	0.80365	0.02620	0.00878	0.01299	0.01989	0.00872	0.01506	0.01021	0.01190	0.00702	0.00819	0.00649	0.00445	0.00360	0.00111	0.02692	0.00275	0.00216	0.00646
31	0.01258	0.01086	0.01143	0.01029	0.01315	0.01258	0.00800	0.02687	0.78161	0.02115	0.02058	0.01887	0.01544	0.00686	0.00515	0.00172	0.00400	0.00572	0.00515	0.00800
32	0.02269	0.00861	0.01174	0.00900	0.01291	0.00743	0.00743	0.02464	0.01447	0.79425	0.01995	0.01721	0.01252	0.00626	0.00509	0.00156	0.00430	0.00509	0.00626	0.00861
33	0.01904	0.00942	0.01163	0.00946	0.01300	0.00929	0.00764	0.02545	0.29138	0.51519	0.02018	0.01781	0.01357	0.00648	0.00511	0.00162	0.00419	0.00531	0.00586	0.00839
34	0.01102	0.01049	0.01783	0.42350	0.40996	0.01162	0.01478	0.01421	0.01081	0.01471	0.00925	0.01300	0.00737	0.00478	0.00503	0.00159	0.00638	0.00450	0.00237	0.00680
35	0.01258	0.01086	0.01143	0.01029	0.01315	0.01258	0.00800	0.02687	0.78161	0.02115	0.02058	0.01887	0.01544	0.00686	0.00515	0.00172	0.00400	0.00572	0.00515	0.00800
36	0.00722	0.00542	0.00813	0.00813	0.00903	0.00632	0.00632	0.00903	0.00813	0.01174	0.01354	0.01987	0.01264	0.03792	0.80225	0.00813	0.01354	0.00542	0.00271	0.00451
37	0.01962	0.01352	0.01478	0.01133	0.01536	0.01473	0.00936	0.68758	0.02270	0.11969	0.01304	0.01272	0.00905	0.00609	0.00506	0.00152	0.00542	0.00461	0.00520	0.00860
38	0.01021	0.04169	0.78113	0.01430	0.02171	0.01190	0.01849	0.01600	0.01067	0.01593	0.00903	0.01063	0.00641	0.00479	0.00477	0.00159	0.00743	0.00372	0.00214	0.00745
39	0.00737	0.00521	0.00626	0.00656	0.00756	0.00493	0.00469	0.04772	0.01172	0.01612	0.17604	0.40498	0.15976	0.01262	0.00587	0.00178	0.00283	0.01112	0.10229	0.00456
40	0.00611	0.00513	0.00531	0.00527	0.00691	0.00433	0.00395	0.00752	0.01185	0.01442	0.13610	0.04741	0.70334	0.01252	0.00597	0.00169	0.00254	0.01050	0.00480	0.00433
41	0.85801	0.00978	0.00743	0.00665	0.00978	0.01134	0.00548	0.01486	0.00861	0.02269	0.00704	0.00821	0.00548	0.00469	0.00313	0.00156	0.00391	0.00274	0.00313	0.00548
42	0.01889	0.02410	0.01433	0.01303	0.01563	0.80199	0.00977	0.02019	0.01433	0.01238	0.00782	0.00912	0.00651	0.00521	0.00456	0.00130	0.00912	0.00326	0.00261	0.00586
43	0.00616	0.00440	0.00587	0.00704	0.00733	0.00411	0.00469	0.00704	0.00968	0.01291	0.02787	0.81899	0.03344	0.01584	0.00645	0.00205	0.00293	0.01438	0.00469	0.00411
44	0.00943	0.00471	0.00471	0.00471	0.00589	0.00471	0.00353	0.01178	0.01060	0.01885	0.01650	0.01885	0.01296	0.00589	0.00353	0.00118	0.00236	0.00471	0.85036	0.00471
45	0.01207	0.01009	0.01068	0.00947	0.01221	0.01129	0.00740	0.10908	0.53937	0.02122	0.06385	0.02353	0.13210	0.00784	0.00530	0.00168	0.00388	0.00650	0.00509	0.00735
46	0.01352	0.82533	0.02650	0.00865	0.01298	0.02001	0.00865	0.01514	0.01027	0.01190	0.00703	0.00811	0.00649	0.00433	0.00324	0.00108	0.00541	0.00270	0.00216	0.00649
47	0.01092	0.00599	0.00760	0.00671	0.00867	0.00534	0.00520	0.01300	0.01367	0.21094	0.42908	0.03360	0.16660	0.00953	0.00562	0.00158	0.00289	0.00818	0.04923	0.00563
48	0.01545	0.01388	0.01522	0.01782	0.29388	0.18854	0.01079	0.17002	0.01480	0.07062	0.03527	0.01350	0.00989	0.00544	0.00478	0.00143	0.00597	0.00444	0.10105	0.00721
49	0.01544	0.01213	0.01296	0.01072	0.01406	0.01364	0.00860	0.37870	0.38413	0.02617	0.05625	0.01667	0.01388	0.00667	0.00515	0.00162	0.00466	0.00534	0.00513	0.00812
50	0.36368	0.01154	0.01105	0.00924	0.01262	0.01312	0.00751	0.27548	0.20541	0.02542	0.01213	0.01219	0.00901	0.00570	0.00428	0.00159	0.00450	0.00409	0.00428	0.00716
51	0.01262	0.01434	0.02418	0.01820	0.02169	0.11588	0.48010	0.01569	0.01118	0.01468	0.00900	0.01240	0.00726	0.00555	0.00848	0.00178	0.21288	0.00522	0.00248	0.00637
52	0.05793	0.01588	0.01275	0.01318	0.10270	0.38673	0.00906	0.01728	0.09573	0.01412	0.01086	0.01361	0.00931	0.03838	0.17764	0.00297	0.00876	0.00424	0.00293	0.00594
53	0.01004	0.00922	0.00884	0.00816	0.00992	0.12818	0.00618	0.01467	0.17083	0.01914	0.50025	0.02971	0.04688	0.00888	0.00558	0.00157	0.00375	0.00757	0.00501	0.00559
54	0.00730	0.00536	0.00805	0.00805	0.00890	0.00622	0.00622	0.00890	0.00805	0.01159	0.01330	0.01963	0.01244	0.03687	0.76182	0.05177	0.01307	0.00536	0.00268	0.00440
55	0.01106	0.01106	0.01549	0.01328	0.01328	0.01549	0.01106	0.01217	0.00774	0.01217	0.00664	0.01106	0.00664	0.00885	0.01659	0.00221	0.81303	0.00443	0.00221	0.00553
56	0.00728	0.00500	0.00596	0.00582	0.00625	0.00486	0.00368	0.00814	0.00987	0.01359	0.29465	0.03478	0.02897	0.52920	0.01860	0.00371	0.00399	0.00800	0.00397	0.00368
57	0.00702	0.00516	0.00657	0.00622	0.00747	0.00471	0.00466	0.00928	0.01399	0.01952	0.70367	0.03902	0.13259	0.01062	0.00597	0.00160	0.00241	0.00932	0.00547	0.00471
58	0.00955	0.00899	0.01517	0.81013	0.03483	0.01123	0.01404	0.01292	0.01011	0.01292	0.00899	0.01348	0.00674	0.00506	0.00506	0.00169	0.00674	0.00449	0.00225	0.00562
59	0.00704	0.00516	0.00660	0.00624	0.00748	0.00472	0.00468	0.00932	0.01404	0.01963	0.71643	0.03883	0.11976	0.01058	0.00597	0.00160	0.00240	0.00929	0.00548	0.00472
60	0.00815	0.00582	0.00815	0.00931	0.01048	0.00582	0.00815	0.01048	0.01164	0.01513	0.02677	0.05704	0.02910	0.01397	0.00698	0.00233	0.00466	0.75671	0.00466	0.00466
61	0.85801	0.00978	0.00743	0.00665	0.00978	0.01134	0.00548	0.01486	0.00861	0.02269	0.00704	0.00821	0.00548	0.00469	0.00313	0.00156	0.00391	0.00274	0.00313	0.00548
62	0.00955	0.00899	0.01517	0.81013	0.03483	0.01123	0.01404	0.01292	0.01011	0.01292	0.00899	0.01348	0.00674	0.00506	0.00506	0.00169	0.00674	0.00449	0.00225	0.00562
63	0.01922	0.01416	0.01518	0.01163	0.01568	0.01568	0.00961	0.77388	0.02378	0.03187	0.01214	0.01214	0.00860	0.00607	0.00506	0.00152	0.00556	0.00455	0.00506	0.00860
