[name]
unknown

[dist]
# distance from previous block
# <min> <max>
0	0

[block]
# block no. 0 follows, 48 sequences, length 53
# corresponding to MSA columns:
# 0-52
name=unknown_A
#
# <colnr> <probs for GDERKNQSTAVLIFYWHMCP>
#	G	D	E	R	K	N	Q	S	T	A	V	L	I	F	Y	W	H	M	C	P
0	0.00827	0.00591	0.00827	0.00945	0.01063	0.00591	0.00827	0.01063	0.01181	0.01536	0.02717	0.05788	0.02953	0.01417	0.00709	0.00236	0.00472	0.75313	0.00472	0.00472
1	0.02098	0.00955	0.01214	0.00949	0.01327	0.00902	0.00778	0.12603	0.08229	0.58798	0.05206	0.01781	0.01395	0.00656	0.00520	0.00160	0.00443	0.00532	0.00606	0.00851
2	0.74417	0.01052	0.00859	0.00742	0.01072	0.01210	0.00612	0.11602	0.01079	0.02427	0.00784	0.00887	0.00598	0.00495	0.00344	0.00158	0.00419	0.00302	0.00344	0.00598
3	0.00855	0.00710	0.00779	0.00798	0.00931	0.03392	0.00577	0.01336	0.22105	0.01610	0.09388	0.41832	0.11198	0.01238	0.00602	0.00188	0.00340	0.01092	0.00489	0.00539
4	0.41874	0.01143	0.01114	0.00900	0.01265	0.01260	0.00743	0.30187	0.01541	0.13839	0.01101	0.01117	0.00779	0.00552	0.00420	0.00157	0.00466	0.00382	0.00438	0.00722
5	0.02181	0.01067	0.01311	0.01005	0.01407	0.01042	0.00830	0.28169	0.01794	0.52995	0.01751	0.01569	0.01133	0.00628	0.00515	0.00157	0.00481	0.00497	0.00593	0.00873
6	0.85592	0.00992	0.00754	0.00675	0.00992	0.01151	0.00556	0.01508	0.00873	0.02302	0.00714	0.00834	0.00556	0.00476	0.00318	0.00159	0.00397	0.00278	0.00318	0.00556
7	0.00733	0.00550	0.00825	0.00825	0.00916	0.00641	0.00641	0.00916	0.00825	0.01191	0.01374	0.02016	0.01283	0.03848	0.79934	0.00825	0.01374	0.00550	0.00275	0.00458
8	0.01372	0.82276	0.02689	0.00878	0.01317	0.02030	0.00878	0.01536	0.01043	0.01207	0.00713	0.00823	0.00658	0.00439	0.00329	0.00110	0.00549	0.00274	0.00219	0.00658
9	0.00744	0.00540	0.00678	0.00743	0.00816	0.00523	0.00516	0.07357	0.01137	0.01515	0.06338	0.67430	0.06753	0.01481	0.00638	0.00200	0.00317	0.01330	0.00484	0.00460
10	0.01951	0.01437	0.01540	0.01181	0.01591	0.01591	0.00975	0.77056	0.02412	0.03234	0.01232	0.01232	0.00873	0.00616	0.00513	0.00154	0.00565	0.00462	0.00513	0.00873
11	0.00726	0.00524	0.00686	0.00646	0.00767	0.00484	0.00484	0.00968	0.01452	0.02058	0.78496	0.03833	0.04841	0.01049	0.00605	0.00161	0.00242	0.00928	0.00565	0.00484
12	0.01963	0.01418	0.01528	0.01171	0.01582	0.01562	0.00968	0.74493	0.02380	0.05843	0.01259	0.01250	0.00886	0.00617	0.00513	0.00154	0.00560	0.00464	0.00517	0.00873
13	0.01276	0.01102	0.01160	0.01044	0.01334	0.01276	0.00812	0.02727	0.77840	0.02146	0.02088	0.01914	0.01566	0.00696	0.00522	0.00174	0.00406	0.00580	0.00522	0.00812
14	0.00742	0.00496	0.00561	0.00565	0.00566	0.00495	0.00317	0.00745	0.00754	0.01006	0.01658	0.06047	0.01918	0.79207	0.02544	0.00488	0.00491	0.00771	0.00317	0.00315
15	0.01951	0.01437	0.01540	0.01181	0.01591	0.01591	0.00975	0.77056	0.02412	0.03234	0.01232	0.01232	0.00873	0.00616	0.00513	0.00154	0.00565	0.00462	0.00513	0.00873
16	0.01064	0.00912	0.01064	0.00760	0.01216	0.00684	0.00608	0.01292	0.01064	0.01672	0.00912	0.01064	0.00760	0.00380	0.00380	0.00076	0.00380	0.00304	0.00304	0.85104
17	0.01372	0.82276	0.02689	0.00878	0.01317	0.02030	0.00878	0.01536	0.01043	0.01207	0.00713	0.00823	0.00658	0.00439	0.00329	0.00110	0.00549	0.00274	0.00219	0.00658
18	0.85592	0.00992	0.00754	0.00675	0.00992	0.01151	0.00556	0.01508	0.00873	0.02302	0.00714	0.00834	0.00556	0.00476	0.00318	0.00159	0.00397	0.00278	0.00318	0.00556
19	0.00986	0.00935	0.01543	0.71904	0.03291	0.01188	0.01391	0.01303	0.00999	0.01303	0.00885	0.01341	0.00683	0.00556	0.00643	0.00177	0.09620	0.00455	0.00228	0.00569
20	0.00688	0.00495	0.00652	0.00672	0.00758	0.00459	0.00481	0.00872	0.01275	0.01775	0.49917	0.33217	0.04295	0.01260	0.00624	0.00179	0.00263	0.01128	0.00531	0.00459
21	0.00741	0.00517	0.00660	0.00660	0.00694	0.00552	0.00436	0.00810	0.00776	0.01069	0.01525	0.02851	0.01645	0.52462	0.31816	0.00621	0.00829	0.00672	0.00297	0.00367
22	0.01211	0.01384	0.03028	0.02163	0.02682	0.01298	0.76903	0.01644	0.01211	0.01644	0.01038	0.01384	0.00779	0.00433	0.00606	0.00173	0.00865	0.00606	0.00260	0.00692
23	0.00726	0.00524	0.00686	0.00646	0.00767	0.00484	0.00484	0.00968	0.01452	0.02058	0.78496	0.03833	0.04841	0.01049	0.00605	0.00161	0.00242	0.00928	0.00565	0.00484
24	0.01029	0.02654	0.79309	0.01462	0.02221	0.01192	0.01896	0.01625	0.01083	0.01625	0.00921	0.01083	0.00650	0.00487	0.00487	0.00162	0.00758	0.00379	0.00217	0.00758
25	0.00733	0.00550	0.00825	0.00825	0.00916	0.00641	0.00641	0.00916	0.00825	0.01191	0.01374	0.02016	0.01283	0.03848	0.79934	0.00825	0.01374	0.00550	0.00275	0.00458
26	0.01662	0.00740	0.00937	0.00764	0.01077	0.00633	0.00617	0.01834	0.01356	0.49762	0.03223	0.02952	0.30461	0.00886	0.00550	0.00164	0.00370	0.00730	0.00575	0.00707
27	0.10576	0.01006	0.01023	0.00928	0.01153	0.09176	0.00728	0.07414	0.18115	0.07210	0.01446	0.01666	0.01169	0.01831	0.30479	0.00409	0.00833	0.00492	0.03724	0.00623
28	0.01270	0.01219	0.02083	0.03149	0.78767	0.01219	0.01575	0.01575	0.01168	0.01676	0.00965	0.01270	0.00813	0.00457	0.00508	0.00152	0.00610	0.00457	0.00254	0.00813
29	0.02189	0.00932	0.01214	0.00941	0.01325	0.00853	0.00773	0.12433	0.01576	0.65895	0.01949	0.04804	0.01300	0.00671	0.00521	0.00160	0.00448	0.00546	0.00613	0.00855
30	0.00677	0.00523	0.00618	0.00594	0.00737	0.00463	0.00446	0.00874	0.01337	0.01784	0.48661	0.04283	0.34847	0.01151	0.00606	0.00166	0.00249	0.00991	0.00529	0.00463
31	0.01578	0.52125	0.02222	0.01046	0.01419	0.31444	0.00921	0.01730	0.01198	0.01226	0.00743	0.00862	0.00659	0.00473	0.00380	0.00118	0.00691	0.00296	0.00236	0.00634
32	0.05929	0.04011	0.01414	0.01201	0.01505	0.49342	0.00929	0.12539	0.09433	0.07343	0.01072	0.01123	0.00823	0.00561	0.00469	0.00142	0.00751	0.00384	0.00354	0.00676
33	0.02048	0.01641	0.01398	0.01150	0.01501	0.30909	0.00912	0.25385	0.01755	0.26245	0.01314	0.01277	0.00917	0.00589	0.00495	0.00147	0.00661	0.00429	0.00457	0.00768
34	0.22558	0.01508	0.01143	0.00962	0.01307	0.30728	0.00750	0.01717	0.01192	0.07131	0.00896	0.01002	0.00708	0.00478	0.00405	0.00124	0.00594	0.00322	0.00316	0.26158
35	0.01140	0.00957	0.01037	0.00970	0.01202	0.01083	0.00738	0.03917	0.58245	0.01976	0.02242	0.20476	0.01977	0.00907	0.00553	0.00182	0.00384	0.00782	0.00511	0.00721
36	0.01671	0.00791	0.00979	0.00803	0.01090	0.00751	0.00645	0.08241	0.05845	0.39116	0.13014	0.02056	0.01784	0.00689	0.00492	0.00150	0.00371	0.00566	0.20225	0.00721
37	0.00886	0.00552	0.00702	0.00716	0.00855	0.00500	0.00543	0.01042	0.01189	0.11759	0.14434	0.30588	0.21231	0.01296	0.00625	0.00190	0.00323	0.11559	0.00510	0.00499
38	0.07209	0.01014	0.01208	0.00941	0.01315	0.01003	0.00775	0.24343	0.01678	0.45627	0.01681	0.01552	0.01113	0.00617	0.00490	0.00154	0.00456	0.00482	0.07522	0.00821
39	0.01205	0.00611	0.00825	0.00796	0.00966	0.00554	0.00606	0.01365	0.01220	0.26727	0.11877	0.37765	0.02833	0.01202	0.00610	0.00190	0.00355	0.09177	0.00538	0.00580
40	0.01033	0.01405	0.30479	0.01010	0.01426	0.00816	0.02720	0.01425	0.03505	0.10811	0.24467	0.02618	0.14548	0.00805	0.00548	0.00164	0.00481	0.00680	0.00419	0.00639
41	0.00914	0.00487	0.00517	0.00517	0.00621	0.00494	0.00378	0.01122	0.01018	0.01750	0.01642	0.02079	0.01372	0.09726	0.07514	0.00222	0.00366	0.00514	0.68288	0.00458
42	0.01338	0.01281	0.01797	0.20430	0.34751	0.09426	0.05571	0.12017	0.01334	0.01761	0.01032	0.02891	0.00839	0.00525	0.00510	0.00156	0.00652	0.00473	0.02497	0.00719
43	0.07386	0.65746	0.02399	0.00904	0.01331	0.01910	0.00868	0.11624	0.01214	0.01555	0.00783	0.00878	0.00680	0.00465	0.00353	0.00119	0.00540	0.00300	0.00266	0.00680
44	0.85592	0.00992	0.00754	0.00675	0.00992	0.01151	0.00556	0.01508	0.00873	0.02302	0.00714	0.00834	0.00556	0.00476	0.00318	0.00159	0.00397	0.00278	0.00318	0.00556
45	0.00664	0.00553	0.00587	0.00587	0.00734	0.02070	0.00434	0.00817	0.01224	0.01537	0.22439	0.12609	0.51427	0.01256	0.00608	0.00173	0.00273	0.01070	0.00493	0.00447
46	0.00781	0.00533	0.00653	0.00638	0.00778	0.00475	0.00472	0.00956	0.01277	0.07139	0.35958	0.18735	0.27292	0.01203	0.00609	0.00174	0.00272	0.01048	0.00526	0.00483
47	0.01018	0.00713	0.00775	0.00705	0.00816	0.00758	0.00479	0.12807	0.10323	0.01574	0.01620	0.02707	0.01620	0.51249	0.01804	0.00367	0.00470	0.00655	0.09065	0.00475
48	0.01438	0.00638	0.00797	0.00697	0.00919	0.00582	0.00543	0.01638	0.01248	0.33227	0.06643	0.12644	0.03538	0.00790	0.00482	0.00151	0.00328	0.00665	0.32401	0.00630
49	0.01356	0.00721	0.00867	0.00735	0.00964	0.00699	0.00581	0.11589	0.01474	0.21642	0.26281	0.02394	0.02373	0.00754	0.00498	0.00147	0.00333	0.00629	0.25329	0.00633
50	0.01030	0.30812	0.19712	0.00907	0.01308	0.03216	0.00945	0.01292	0.01136	0.01442	0.10071	0.03939	0.20790	0.00758	0.00475	0.00146	0.00497	0.00597	0.00326	0.00600
51	0.01663	0.01706	0.01641	0.01839	0.26241	0.31000	0.01150	0.21024	0.01608	0.01933	0.04590	0.01250	0.00959	0.00552	0.00497	0.00146	0.00700	0.00433	0.00339	0.00730
52	0.01200	0.00929	0.01076	0.00895	0.01182	0.00942	0.00708	0.23509	0.07899	0.02094	0.09956	0.08573	0.03730	0.01261	0.13849	0.00256	0.00578	0.00602	0.00427	0.20334

[dist]
# distance from previous block
# <min> <max>
0	10

[block]
# block no. 1 follows, 48 sequences, length 91
# corresponding to MSA columns:
# 63-153
name=unknown_B
#
# <colnr> <probs for GDERKNQSTAVLIFYWHMCP>
#	G	D	E	R	K	N	Q	S	T	A	V	L	I	F	Y	W	H	M	C	P
0	0.09097	0.00925	0.01302	0.01546	0.26374	0.00897	0.00926	0.03380	0.01170	0.07724	0.12244	0.01695	0.01459	0.01008	0.11271	0.00231	0.00581	0.00495	0.00354	0.17325
1	0.01864	0.01735	0.01468	0.06847	0.01698	0.31457	0.00992	0.34982	0.04981	0.07340	0.01129	0.01186	0.00833	0.00580	0.00494	0.00148	0.00696	0.00420	0.00406	0.00742
2	0.01410	0.01411	0.01608	0.01955	0.35227	0.19495	0.01136	0.05252	0.01295	0.03572	0.04770	0.01283	0.00979	0.00499	0.00476	0.00133	0.00612	0.00421	0.00304	0.18163
3	0.00776	0.00575	0.00797	0.00926	0.04663	0.00557	0.00705	0.00980	0.01187	0.01580	0.16236	0.20844	0.07561	0.01338	0.00664	0.00210	0.00390	0.39053	0.00479	0.00477
4	0.00771	0.00535	0.00658	0.00710	0.00819	0.00497	0.00514	0.00955	0.04775	0.06215	0.03349	0.47109	0.22638	0.01409	0.00631	0.00197	0.00315	0.06944	0.00488	0.00473
5	0.01125	0.00971	0.01688	0.03104	0.23303	0.00945	0.18730	0.01467	0.05607	0.07385	0.12268	0.17577	0.01949	0.00788	0.00575	0.00172	0.00534	0.00766	0.00385	0.00661
6	0.01584	0.01090	0.01642	0.03767	0.22286	0.01035	0.08566	0.09838	0.01361	0.24120	0.01289	0.01375	0.00931	0.00518	0.00519	0.00144	0.02116	0.00460	0.00400	0.16961
7	0.24284	0.01499	0.01339	0.05666	0.15419	0.24896	0.00969	0.07938	0.07944	0.01874	0.00981	0.01123	0.00774	0.00524	0.00441	0.00150	0.00620	0.00382	0.02516	0.00661
8	0.01602	0.01115	0.01234	0.00968	0.01338	0.01145	0.00785	0.34492	0.12366	0.10929	0.01419	0.01422	0.01037	0.00578	0.00470	0.00137	0.00455	0.00453	0.09668	0.18385
9	0.01349	0.01159	0.01063	0.00974	0.01186	0.22096	0.00752	0.03710	0.03304	0.13193	0.03537	0.10395	0.01473	0.01702	0.24224	0.00355	0.00830	0.03669	0.00379	0.04650
10	0.01221	0.01238	0.01292	0.29978	0.06473	0.22919	0.01028	0.02842	0.01116	0.01279	0.01137	0.07055	0.03048	0.00849	0.00786	0.15782	0.00662	0.00507	0.00269	0.00518
11	0.00955	0.00890	0.01490	0.76132	0.03375	0.01102	0.01371	0.01291	0.01050	0.01354	0.05370	0.01510	0.00923	0.00544	0.00518	0.00170	0.00659	0.00483	0.00247	0.00565
12	0.00635	0.00513	0.00564	0.00569	0.00715	0.00442	0.00420	0.00785	0.01210	0.01524	0.20925	0.13288	0.54055	0.01279	0.00612	0.00175	0.00260	0.01091	0.00496	0.00442
13	0.00922	0.00613	0.00812	0.00766	0.00849	0.00674	0.00556	0.02997	0.00885	0.07522	0.01479	0.02459	0.01469	0.34786	0.35461	0.00584	0.05778	0.00618	0.00322	0.00450
14	0.01722	0.00995	0.01381	0.01100	0.01385	0.01053	0.05221	0.10163	0.01324	0.37336	0.01489	0.03629	0.01090	0.00893	0.05630	0.00213	0.19675	0.00516	0.00461	0.04726
15	0.00665	0.00512	0.00608	0.00605	0.00734	0.00455	0.00446	0.00842	0.01278	0.01692	0.39327	0.14610	0.33930	0.01223	0.00612	0.00172	0.00257	0.01060	0.00518	0.00455
16	0.10872	0.22268	0.01638	0.01075	0.01403	0.31651	0.00878	0.06147	0.16334	0.01643	0.01043	0.01100	0.00838	0.00538	0.00427	0.00139	0.00649	0.00367	0.00323	0.00665
17	0.01388	0.02294	0.35929	0.06532	0.11308	0.30744	0.01488	0.01759	0.01229	0.01473	0.00878	0.01064	0.00676	0.00501	0.00482	0.00150	0.00798	0.00375	0.00240	0.00692
18	0.12369	0.07670	0.06050	0.07754	0.01748	0.30175	0.08731	0.06329	0.07952	0.01646	0.00982	0.01148	0.00778	0.00659	0.03746	0.00177	0.00746	0.00399	0.00300	0.00642
19	0.00635	0.00523	0.00559	0.00555	0.00717	0.00447	0.00420	0.00789	0.01222	0.01515	0.18761	0.04757	0.62689	0.01256	0.00609	0.00173	0.00263	0.03173	0.00493	0.00444
20	0.60230	0.00852	0.00689	0.00635	0.00909	0.00939	0.00513	0.01283	0.00962	0.02031	0.02013	0.02072	0.22630	0.00724	0.00405	0.00164	0.00359	0.01704	0.00365	0.00520
21	0.00879	0.00545	0.00643	0.00646	0.00796	0.00502	0.00505	0.01069	0.01195	0.07773	0.13059	0.10114	0.25523	0.01093	0.00562	0.00171	0.00306	0.13625	0.20503	0.00491
22	0.01352	0.00783	0.00934	0.00818	0.01061	0.00791	0.00639	0.01935	0.24181	0.23286	0.20277	0.06162	0.02319	0.00794	0.00524	0.00161	0.00347	0.00674	0.12278	0.00685
23	0.00714	0.00530	0.00699	0.00678	0.00790	0.00525	0.00509	0.00910	0.01188	0.01651	0.41568	0.03406	0.13155	0.06567	0.24398	0.00380	0.00597	0.00825	0.00452	0.00460
24	0.06899	0.00926	0.01165	0.00919	0.01290	0.00873	0.00752	0.07426	0.08996	0.58853	0.05061	0.01762	0.01379	0.00648	0.00509	0.00160	0.00432	0.00522	0.00595	0.00833
25	0.85592	0.00992	0.00754	0.00675	0.00992	0.01151	0.00556	0.01508	0.00873	0.02302	0.00714	0.00834	0.00556	0.00476	0.00318	0.00159	0.00397	0.00278	0.00318	0.00556
26	0.00675	0.00476	0.00622	0.00710	0.00746	0.00461	0.00485	0.00765	0.00946	0.01261	0.02497	0.54201	0.02933	0.18281	0.04879	0.00300	0.00408	0.08519	0.00432	0.00402
27	0.01059	0.24973	0.01320	0.00756	0.01001	0.00980	0.00628	0.02918	0.01189	0.08263	0.16348	0.21500	0.11772	0.00959	0.00516	0.00155	0.00379	0.00808	0.00424	0.04053
28	0.26586	0.00986	0.01034	0.00824	0.01203	0.00970	0.00667	0.06117	0.11826	0.15319	0.01226	0.01240	0.00905	0.00510	0.00412	0.00133	0.00409	0.00380	0.00407	0.28844
29	0.01372	0.82276	0.02689	0.00878	0.01317	0.02030	0.00878	0.01536	0.01043	0.01207	0.00713	0.00823	0.00658	0.00439	0.00329	0.00110	0.00549	0.00274	0.00219	0.00658
30	0.29613	0.00991	0.01096	0.00872	0.01245	0.01001	0.00720	0.12538	0.01404	0.43339	0.01484	0.01375	0.00980	0.00580	0.00450	0.00158	0.00441	0.00430	0.00514	0.00769
31	0.01127	0.01155	0.01834	0.47653	0.12694	0.07263	0.13081	0.01448	0.01091	0.01400	0.00914	0.01309	0.00713	0.00519	0.00595	0.00169	0.05706	0.00469	0.00239	0.00621
32	0.01321	0.01473	0.05368	0.12908	0.05903	0.24537	0.17901	0.01607	0.01217	0.01544	0.01086	0.01348	0.00851	0.00515	0.00481	0.00146	0.00692	0.00453	0.20044	0.00605
33	0.00624	0.00502	0.00556	0.00582	0.00714	0.00435	0.00422	0.00756	0.01153	0.01439	0.12453	0.23955	0.51914	0.01350	0.00618	0.00181	0.00267	0.01160	0.00486	0.00435
34	0.00703	0.00512	0.00621	0.00601	0.00726	0.00460	0.00444	0.00842	0.01243	0.01653	0.40803	0.03949	0.31988	0.01239	0.00789	0.11310	0.00275	0.00923	0.00487	0.00431
35	0.06158	0.25401	0.01843	0.19668	0.08975	0.06382	0.01076	0.07435	0.09431	0.01600	0.00973	0.01168	0.00788	0.00541	0.00531	0.00151	0.06524	0.00397	0.00289	0.00668
36	0.00923	0.00863	0.01398	0.67414	0.03079	0.01054	0.01273	0.01229	0.01039	0.01319	0.01501	0.01858	0.11508	0.00633	0.00558	0.00173	0.02822	0.00543	0.00262	0.00551
37	0.07367	0.00859	0.01123	0.00874	0.01253	0.00759	0.00720	0.02332	0.01413	0.69624	0.02136	0.01884	0.05930	0.00666	0.00509	0.00160	0.00423	0.00536	0.00606	0.00827
38	0.01107	0.01077	0.01901	0.43454	0.31436	0.01186	0.09561	0.01445	0.01099	0.01483	0.00945	0.01333	0.00742	0.00484	0.00521	0.00164	0.00676	0.00472	0.00241	0.00673
39	0.01643	0.03730	0.14989	0.01254	0.01707	0.01292	0.09253	0.35768	0.01733	0.14149	0.01277	0.01359	0.00915	0.00856	0.07489	0.00216	0.00681	0.00474	0.00424	0.00791
40	0.01029	0.02654	0.79309	0.01462	0.02221	0.01192	0.01896	0.01625	0.01083	0.01625	0.00921	0.01083	0.00650	0.00487	0.00487	0.00162	0.00758	0.00379	0.00217	0.00758
41	0.01929	0.00851	0.01081	0.00859	0.01190	0.00798	0.00701	0.11247	0.01478	0.51521	0.01830	0.01728	0.01231	0.00780	0.04308	0.00183	0.00460	0.00504	0.16542	0.00778
42	0.01503	0.01584	0.09908	0.05665	0.17498	0.24528	0.05031	0.01754	0.01273	0.13938	0.01427	0.07595	0.04755	0.00641	0.00515	0.00156	0.00668	0.00535	0.00341	0.00684
43	0.01792	0.01832	0.13043	0.01222	0.01625	0.25030	0.01077	0.31753	0.03901	0.09839	0.01147	0.01196	0.00835	0.00604	0.00533	0.02317	0.00682	0.00418	0.00399	0.00754
44	0.00736	0.00538	0.00763	0.00763	0.00833	0.00608	0.00564	0.00876	0.00806	0.01145	0.01431	0.02330	0.01419	0.22132	0.61837	0.00748	0.01169	0.00596	0.00283	0.00424
45	0.00901	0.00777	0.01276	0.01369	0.15615	0.00790	0.11314	0.01074	0.00951	0.01315	0.01546	0.13609	0.01624	0.25084	0.16005	0.00393	0.02820	0.02712	0.00312	0.00511
46	0.01124	0.01093	0.07078	0.07364	0.36327	0.01017	0.03330	0.05701	0.01159	0.03731	0.01358	0.13157	0.01279	0.01128	0.11550	0.00258	0.00684	0.01667	0.00313	0.00683
47	0.03442	0.01739	0.19447	0.01134	0.01484	0.24551	0.01049	0.01754	0.09464	0.08007	0.01628	0.01775	0.10093	0.05715	0.00713	0.00181	0.06340	0.00506	0.00339	0.00640
48	0.00740	0.00523	0.00691	0.00691	0.00736	0.00569	0.00474	0.00830	0.00785	0.01092	0.01497	0.02694	0.01577	0.43303	0.40882	0.00659	0.00931	0.00649	0.00293	0.00384
49	0.57954	0.03373	0.01054	0.00881	0.01108	0.01302	0.00734	0.01427	0.00852	0.01952	0.00702	0.00920	0.00594	0.00601	0.00726	0.00177	0.24467	0.00329	0.00287	0.00560
50	0.01057	0.01037	0.05813	0.00915	0.01151	0.06961	0.00744	0.01799	0.32635	0.01969	0.32826	0.06398	0.02851	0.00857	0.00555	0.00167	0.00396	0.00731	0.00498	0.00641
51	0.01538	0.11155	0.10089	0.01500	0.13295	0.27106	0.01139	0.11574	0.06131	0.01687	0.00961	0.01102	0.00772	0.00537	0.00528	0.00143	0.04986	0.00386	0.00301	0.05072
52	0.00770	0.00570	0.00604	0.00565	0.00772	0.00473	0.00431	0.00911	0.01188	0.07772	0.04707	0.04468	0.68030	0.01195	0.00587	0.00167	0.00281	0.00994	0.00480	0.05034
53	0.01166	0.00988	0.01196	0.00863	0.01317	0.00807	0.03800	0.09474	0.01215	0.01839	0.00952	0.01095	0.00773	0.00408	0.00404	0.00088	0.00420	0.00333	0.00325	0.72536
54	0.09813	0.00560	0.00623	0.00641	0.00778	0.00523	0.00465	0.00872	0.01109	0.01577	0.15603	0.33190	0.26448	0.01248	0.00584	0.00179	0.00291	0.01081	0.00467	0.03947
55	0.21428	0.01078	0.01407	0.18245	0.10279	0.01309	0.01072	0.08850	0.01088	0.04969	0.00877	0.01158	0.00707	0.00628	0.00815	0.00180	0.24566	0.00415	0.00296	0.00633
56	0.00672	0.00515	0.00615	0.00606	0.00737	0.00459	0.00448	0.00857	0.01301	0.01735	0.43822	0.11882	0.32100	0.01197	0.00611	0.00170	0.00254	0.01038	0.00523	0.00459
57	0.00623	0.00454	0.00587	0.00694	0.00739	0.00419	0.00467	0.00717	0.01002	0.01318	0.03082	0.73422	0.11440	0.01575	0.00650	0.00205	0.00294	0.01418	0.00476	0.00419
58	0.02105	0.00836	0.01132	0.00884	0.01247	0.00731	0.00724	0.02327	0.02591	0.69088	0.10858	0.01990	0.01687	0.00684	0.00526	0.00159	0.00414	0.00565	0.00625	0.00827
59	0.01294	0.02592	0.56071	0.01421	0.02031	0.24686	0.01626	0.01751	0.01194	0.01515	0.00883	0.01036	0.00653	0.00500	0.00480	0.00153	0.00808	0.00365	0.00231	0.00710
60	0.00969	0.00912	0.01539	0.80734	0.03534	0.01140	0.01425	0.01311	0.01026	0.01311	0.00912	0.01368	0.00684	0.00513	0.00513	0.00171	0.00684	0.00456	0.00228	0.00570
61	0.00640	0.00509	0.00574	0.00582	0.00720	0.00443	0.00427	0.00791	0.01211	0.01543	0.23291	0.16849	0.48037	0.01285	0.00614	0.00176	0.00261	0.01104	0.00499	0.00443
62	0.14587	0.01108	0.01260	0.00980	0.01371	0.01135	0.00810	0.31037	0.01743	0.38469	0.01524	0.01412	0.01011	0.00604	0.00485	0.00157	0.00480	0.00460	0.00541	0.00826
63	0.00653	0.00467	0.00628	0.00746	0.00789	0.00441	0.00525	0.00763	0.01010	0.01341	0.02813	0.71090	0.03332	0.01581	0.00662	0.00212	0.00322	0.11724	0.00476	0.00425
64	0.00739	0.00525	0.00699	0.00699	0.00748	0.00573	0.00485	0.00836	0.00788	0.01098	0.01489	0.02651	0.01558	0.40806	0.43353	0.00670	0.00960	0.00643	0.00292	0.00388
65	0.00724	0.00545	0.00684	0.00717	0.00851	0.00506	0.00579	0.00926	0.01258	0.01647	0.27036	0.06407	0.26809	0.01270	0.00644	0.00193	0.00332	0.27906	0.00502	0.00463
66	0.01123	0.01123	0.01572	0.01347	0.01347	0.01572	0.01123	0.01235	0.00786	0.01235	0.00674	0.01123	0.00674	0.00898	0.01684	0.00225	0.81028	0.00449	0.00225	0.00561
67	0.02221	0.01076	0.01262	0.00983	0.01372	0.06967	0.00805	0.13297	0.01605	0.62105	0.01814	0.01609	0.01166	0.00624	0.00511	0.00156	0.00493	0.00494	0.00589	0.00852
68	0.00738	0.00531	0.00731	0.00731	0.00791	0.00591	0.00525	0.00856	0.00797	0.01122	0.01460	0.02488	0.01488	0.31317	0.52745	0.00710	0.01066	0.00619	0.00288	0.00406
69	0.01411	0.01169	0.01236	0.01072	0.01386	0.01339	0.00845	0.17611	0.62735	0.02364	0.01917	0.01778	0.01427	0.00680	0.00520	0.00170	0.00438	0.00556	0.00520	0.00824
70	0.00630	0.00450	0.00600	0.00711	0.00745	0.00420	0.00477	0.00727	0.01005	0.01346	0.06469	0.77889	0.03463	0.01581	0.00653	0.00206	0.00295	0.01433	0.00481	0.00420
71	0.00733	0.00550	0.00825	0.00825	0.00916	0.00641	0.00641	0.00916	0.00825	0.01191	0.01374	0.02016	0.01283	0.03848	0.79934	0.00825	0.01374	0.00550	0.00275	0.00458
72	0.12664	0.00522	0.00680	0.00669	0.00713	0.00544	0.00461	0.00785	0.00697	0.01087	0.00867	0.01459	0.00845	0.01601	0.01771	0.73269	0.00439	0.00422	0.00236	0.00269
73	0.01361	0.01213	0.01562	0.01299	0.01417	0.01577	0.01080	0.23080	0.01254	0.01811	0.00834	0.01154	0.00731	0.00817	0.01347	0.00204	0.57845	0.00453	0.00308	0.00651
74	0.00704	0.00506	0.00669	0.00686	0.00780	0.00472	0.00505	0.00901	0.01299	0.01807	0.51556	0.26414	0.04296	0.01235	0.00627	0.00180	0.00274	0.06093	0.00533	0.00464
75	0.00969	0.00912	0.01539	0.80734	0.03534	0.01140	0.01425	0.01311	0.01026	0.01311	0.00912	0.01368	0.00684	0.00513	0.00513	0.00171	0.00684	0.00456	0.00228	0.00570
76	0.01064	0.00912	0.01064	0.00760	0.01216	0.00684	0.00608	0.01292	0.01064	0.01672	0.00912	0.01064	0.00760	0.00380	0.00380	0.00076	0.00380	0.00304	0.00304	0.85104
77	0.00746	0.00497	0.00560	0.00560	0.00560	0.00497	0.00311	0.00746	0.00746	0.00995	0.01617	0.03358	0.01865	0.81967	0.02612	0.00497	0.00497	0.00746	0.00311	0.00311
78	0.60732	0.00957	0.00884	0.00746	0.01087	0.01033	0.00615	0.01804	0.01051	0.25231	0.01105	0.01106	0.00769	0.00524	0.00377	0.00159	0.00409	0.00349	0.00412	0.00650
79	0.01694	0.00895	0.01079	0.00869	0.01173	0.00881	0.00702	0.21783	0.01655	0.32276	0.16560	0.03142	0.01891	0.00718	0.00513	0.00153	0.00404	0.00589	0.12288	0.00737
80	0.01877	0.01370	0.01476	0.01152	0.01546	0.01515	0.00945	0.64220	0.12273	0.06227	0.01377	0.01343	0.00980	0.00627	0.00515	0.00157	0.00539	0.00480	0.00519	0.00865
81	0.00716	0.00530	0.00591	0.00596	0.00735	0.00484	0.00447	0.00916	0.03185	0.01591	0.18198	0.08583	0.38900	0.05051	0.00678	0.00186	0.00286	0.06314	0.11556	0.00455
82	0.00616	0.00481	0.00560	0.00623	0.00720	0.00424	0.00436	0.00725	0.01070	0.01346	0.03943	0.45553	0.38754	0.01463	0.00632	0.00192	0.00280	0.01282	0.00476	0.00424
83	0.00620	0.00475	0.00569	0.00642	0.00726	0.00424	0.00445	0.00727	0.01059	0.01350	0.04962	0.52304	0.30884	0.01486	0.00636	0.00195	0.00283	0.01312	0.00478	0.00424
84	0.39551	0.01054	0.01074	0.00867	0.01231	0.01122	0.00715	0.18937	0.01415	0.27510	0.01258	0.01221	0.00860	0.00560	0.00426	0.00158	0.00448	0.00397	0.00465	0.00731
85	0.48207	0.01107	0.01054	0.00861	0.01218	0.01223	0.00711	0.24205	0.01421	0.14035	0.01064	0.01089	0.00757	0.00542	0.00406	0.00157	0.00453	0.00368	0.00423	0.00698
86	0.00778	0.00609	0.00823	0.00980	0.10903	0.00596	0.00598	0.00955	0.03244	0.01444	0.15591	0.21577	0.12911	0.18492	0.07918	0.00302	0.00463	0.00931	0.00411	0.00475
87	0.01429	0.46487	0.04709	0.03328	0.01728	0.12292	0.17108	0.01665	0.01152	0.04541	0.00859	0.01016	0.00710	0.00461	0.00423	0.00131	0.00672	0.00370	0.00251	0.00666
88	0.01307	0.01504	0.18464	0.01600	0.13719	0.03112	0.13621	0.13117	0.04516	0.05840	0.01306	0.05230	0.03117	0.00574	0.00515	0.00153	0.00615	0.00518	0.00340	0.10832
89	0.01560	0.14102	0.10074	0.01449	0.11533	0.34927	0.01113	0.05508	0.08690	0.01541	0.00968	0.01087	0.00780	0.00516	0.00456	0.00137	0.00720	0.00373	0.00290	0.04176
90	0.17990	0.09303	0.22642	0.10004	0.03817	0.03454	0.03141	0.01516	0.02961	0.01680	0.02478	0.01126	0.00769	0.00511	0.00508	0.00150	0.05572	0.00375	0.00269	0.11736

[dist]
# distance from previous block
# <min> <max>
0	59

[block]
# block no. 2 follows, 48 sequences, length 61
# corresponding to MSA columns:
# 213-273
name=unknown_C
#
# <colnr> <probs for GDERKNQSTAVLIFYWHMCP>
#	G	D	E	R	K	N	Q	S	T	A	V	L	I	F	Y	W	H	M	C	P
0	0.49192	0.04646	0.00989	0.00952	0.08393	0.01077	0.00676	0.02811	0.05722	0.02022	0.05486	0.05684	0.03186	0.02732	0.04380	0.00201	0.00461	0.00463	0.00348	0.00581
1	0.01148	0.07409	0.63058	0.01437	0.02130	0.01287	0.05773	0.08800	0.01214	0.01753	0.00944	0.01097	0.00679	0.00494	0.00486	0.00159	0.00733	0.00393	0.00247	0.00759
2	0.00629	0.00489	0.00574	0.00629	0.00732	0.00434	0.00448	0.00751	0.01103	0.01399	0.08764	0.39840	0.37384	0.01427	0.00631	0.00190	0.00282	0.03383	0.00482	0.00430
3	0.00733	0.00548	0.00817	0.00817	0.00906	0.00637	0.00632	0.00911	0.00822	0.01185	0.01381	0.02054	0.01300	0.06099	0.77706	0.00815	0.01349	0.00555	0.00276	0.00454
4	0.01229	0.00665	0.00708	0.00627	0.00817	0.00680	0.00491	0.13452	0.01323	0.08631	0.01633	0.01790	0.01241	0.00604	0.00397	0.00128	0.00308	0.00479	0.64224	0.00575
5	0.00646	0.00521	0.00575	0.00562	0.00718	0.00450	0.00421	0.00814	0.01264	0.01610	0.29600	0.04570	0.54017	0.01216	0.00606	0.00169	0.00254	0.01031	0.00506	0.00450
6	0.01223	0.32012	0.39691	0.01243	0.01814	0.01551	0.03649	0.06222	0.01138	0.01549	0.00853	0.01007	0.00672	0.00498	0.00497	0.00146	0.04926	0.00356	0.00238	0.00716
7	0.02853	0.00912	0.01054	0.00790	0.01206	0.00743	0.00627	0.02982	0.06631	0.04371	0.01140	0.05474	0.00975	0.00484	0.00411	0.00096	0.00384	0.00396	0.00345	0.68127
8	0.04792	0.01646	0.01494	0.01195	0.01570	0.18935	0.00965	0.57857	0.02148	0.02764	0.01117	0.01150	0.00815	0.00592	0.00495	0.00149	0.00639	0.00427	0.00451	0.00800
9	0.85592	0.00992	0.00754	0.00675	0.00992	0.01151	0.00556	0.01508	0.00873	0.02302	0.00714	0.00834	0.00556	0.00476	0.00318	0.00159	0.00397	0.00278	0.00318	0.00556
10	0.01808	0.00825	0.01007	0.00808	0.01116	0.00784	0.00656	0.12833	0.01476	0.42742	0.01795	0.01727	0.01228	0.00620	0.00464	0.00145	0.00390	0.00496	0.28339	0.00743
11	0.00987	0.00520	0.00527	0.00512	0.00638	0.00526	0.00382	0.04362	0.01115	0.01919	0.01652	0.01962	0.01326	0.04968	0.00486	0.00141	0.00267	0.00492	0.76733	0.00486
12	0.01050	0.00761	0.00971	0.00883	0.01055	0.00860	0.00699	0.19597	0.01235	0.01752	0.01365	0.01815	0.01185	0.02782	0.53767	0.00601	0.01080	0.00522	0.07458	0.00561
13	0.01213	0.01161	0.01979	0.17944	0.64421	0.01204	0.01546	0.01524	0.01141	0.01607	0.00955	0.01289	0.00788	0.00468	0.00509	0.00156	0.00624	0.00457	0.00249	0.00766
14	0.00734	0.00545	0.00802	0.00802	0.00886	0.00629	0.00614	0.00902	0.00818	0.01175	0.01395	0.02129	0.01332	0.10431	0.73418	0.00797	0.01300	0.00566	0.00278	0.00446
15	0.11379	0.00941	0.01231	0.12122	0.06293	0.01011	0.04909	0.16072	0.03083	0.10372	0.01338	0.04959	0.01110	0.07690	0.05272	0.03131	0.00561	0.00527	0.07365	0.00633
16	0.55004	0.00949	0.00914	0.00762	0.01109	0.01005	0.00629	0.01873	0.01092	0.30514	0.01195	0.01169	0.00818	0.00535	0.00390	0.00159	0.00411	0.00365	0.00434	0.00672
17	0.01056	0.00750	0.00916	0.00891	0.01086	0.00780	0.00725	0.01651	0.24169	0.08374	0.20128	0.03814	0.04810	0.01047	0.00610	0.00192	0.00391	0.27477	0.00523	0.00609
18	0.01876	0.00813	0.01079	0.00858	0.01185	0.00729	0.00696	0.06108	0.01515	0.55143	0.21732	0.02258	0.02171	0.00741	0.00539	0.00159	0.00393	0.00619	0.00610	0.00773
19	0.00949	0.00574	0.00684	0.00648	0.00830	0.00498	0.00488	0.01098	0.01227	0.16280	0.13507	0.18938	0.39942	0.01200	0.00598	0.00176	0.00299	0.01027	0.00518	0.00520
20	0.85592	0.00992	0.00754	0.00675	0.00992	0.01151	0.00556	0.01508	0.00873	0.02302	0.00714	0.00834	0.00556	0.00476	0.00318	0.00159	0.00397	0.00278	0.00318	0.00556
21	0.01224	0.01187	0.02068	0.13875	0.63407	0.01213	0.06402	0.01542	0.01151	0.01623	0.00962	0.01291	0.00793	0.00463	0.00515	0.00156	0.00636	0.00467	0.00251	0.00771
22	0.37881	0.01624	0.07622	0.00971	0.01289	0.29822	0.00819	0.03505	0.01159	0.01849	0.00864	0.01000	0.00682	0.00511	0.00393	0.00146	0.00609	0.00329	0.08337	0.00587
23	0.01127	0.01074	0.01825	0.39898	0.43132	0.01182	0.01504	0.01450	0.01101	0.01503	0.00940	0.01316	0.00752	0.00484	0.00510	0.00161	0.00645	0.00457	0.00242	0.00698
24	0.01097	0.01501	0.21770	0.01345	0.01794	0.01127	0.16162	0.01435	0.01038	0.01561	0.00888	0.01145	0.00717	0.00529	0.00732	0.00149	0.17862	0.00414	0.00256	0.28478
25	0.01221	0.00851	0.00938	0.00861	0.01064	0.05007	0.00672	0.16584	0.01424	0.11589	0.06579	0.17062	0.12895	0.07768	0.00759	0.00208	0.00440	0.13012	0.00483	0.00583
26	0.01662	0.00723	0.00954	0.00786	0.01040	0.00645	0.00604	0.01819	0.01286	0.47480	0.13337	0.04585	0.01997	0.19534	0.01018	0.00239	0.00418	0.00656	0.00545	0.00673
27	0.01226	0.01175	0.02004	0.14349	0.67906	0.01208	0.01553	0.01537	0.01148	0.01624	0.00957	0.01284	0.00794	0.00465	0.00509	0.00155	0.00620	0.00457	0.00250	0.00778
28	0.01352	0.01203	0.01199	0.01069	0.01364	0.06140	0.00832	0.06676	0.69081	0.02150	0.01963	0.01817	0.01473	0.00682	0.00518	0.00170	0.00447	0.00558	0.00506	0.00802
29	0.01079	0.14148	0.68248	0.01378	0.02090	0.01313	0.01749	0.01612	0.01077	0.01565	0.00891	0.01046	0.00651	0.00480	0.00465	0.00155	0.00728	0.00364	0.00217	0.00744
30	0.00640	0.00478	0.00599	0.00690	0.00762	0.00437	0.00489	0.00753	0.01046	0.01350	0.03387	0.55994	0.21404	0.01515	0.00648	0.00203	0.00305	0.08398	0.00476	0.00426
31	0.01029	0.02654	0.79309	0.01462	0.02221	0.01192	0.01896	0.01625	0.01083	0.01625	0.00921	0.01083	0.00650	0.00487	0.00487	0.00162	0.00758	0.00379	0.00217	0.00758
32	0.01270	0.01219	0.02083	0.03149	0.78767	0.01219	0.01575	0.01575	0.01168	0.01676	0.00965	0.01270	0.00813	0.00457	0.00508	0.00152	0.00610	0.00457	0.00254	0.00813
33	0.00781	0.00633	0.00953	0.05053	0.17289	0.00622	0.00748	0.00925	0.01017	0.01379	0.02312	0.58782	0.02680	0.03469	0.00670	0.00203	0.00387	0.01181	0.00413	0.00505
34	0.01527	0.22833	0.01622	0.01082	0.02968	0.35899	0.00863	0.04832	0.01319	0.03723	0.01516	0.01660	0.11783	0.00641	0.00457	0.00135	0.00664	0.02663	0.00312	0.03501
35	0.00742	0.07815	0.05259	0.00799	0.00922	0.00661	0.00634	0.00890	0.00953	0.01288	0.02159	0.49419	0.02453	0.02020	0.21092	0.00356	0.00624	0.01059	0.00387	0.00468
36	0.01506	0.04098	0.07417	0.02183	0.41745	0.01291	0.01321	0.22145	0.01515	0.08081	0.01153	0.03203	0.00910	0.00543	0.00506	0.00154	0.00585	0.00475	0.00356	0.00815
37	0.05782	0.08492	0.20212	0.01171	0.01595	0.15216	0.01122	0.09175	0.11404	0.14426	0.01220	0.01255	0.00892	0.00578	0.00542	0.00156	0.05240	0.00417	0.00368	0.00736
38	0.00855	0.00588	0.00742	0.00806	0.04052	0.00549	0.00557	0.02907	0.03649	0.08035	0.08534	0.40052	0.22116	0.01301	0.00615	0.00188	0.00324	0.03133	0.00489	0.00506
39	0.01604	0.20128	0.02574	0.01120	0.04589	0.09802	0.00903	0.21102	0.18105	0.08559	0.01326	0.01332	0.01003	0.00576	0.00459	0.00144	0.00541	0.00434	0.04944	0.00755
40	0.01076	0.00968	0.12130	0.00816	0.01110	0.00737	0.00745	0.01522	0.11297	0.08404	0.19372	0.02265	0.02061	0.00707	0.00483	0.00145	0.00376	0.03115	0.23069	0.09602
41	0.01295	0.01414	0.13218	0.19134	0.34244	0.06015	0.04626	0.01675	0.03782	0.08106	0.01067	0.01309	0.00815	0.00500	0.00509	0.00159	0.00656	0.00453	0.00285	0.00739
42	0.04170	0.26005	0.44962	0.01199	0.01806	0.01389	0.01417	0.01695	0.01108	0.10391	0.00978	0.01073	0.00720	0.00490	0.00438	0.00146	0.00647	0.00360	0.00269	0.00735
43	0.02000	0.00859	0.01129	0.00907	0.01246	0.00780	0.00731	0.09306	0.01481	0.59445	0.02078	0.14488	0.01572	0.00789	0.00538	0.00166	0.00427	0.00662	0.00598	0.00800
44	0.09894	0.00610	0.00726	0.00752	0.00881	0.00600	0.00551	0.05080	0.01128	0.08120	0.05168	0.49902	0.07462	0.01302	0.00598	0.00194	0.00341	0.05711	0.00478	0.00501
45	0.01151	0.06711	0.17304	0.02997	0.08526	0.00924	0.00998	0.04785	0.01241	0.12365	0.16353	0.02200	0.08774	0.01175	0.11986	0.00254	0.00620	0.00597	0.00390	0.00648
46	0.01315	0.35244	0.34897	0.01135	0.01687	0.03434	0.01286	0.01662	0.01113	0.09658	0.01011	0.03659	0.00809	0.00521	0.00430	0.00141	0.00627	0.00384	0.00272	0.00714
47	0.00784	0.00509	0.00621	0.00664	0.00775	0.00458	0.00475	0.00907	0.01089	0.07812	0.03398	0.45239	0.25596	0.01368	0.00612	0.00189	0.00299	0.03054	0.05688	0.00465
48	0.01263	0.00741	0.00913	0.00809	0.01024	0.00765	0.00637	0.08724	0.09400	0.17962	0.08331	0.04719	0.04895	0.01558	0.21016	0.00328	0.00625	0.00609	0.15055	0.00625
49	0.01046	0.00965	0.01613	0.28018	0.37453	0.01048	0.01310	0.01328	0.01063	0.01464	0.01174	0.09040	0.01072	0.00989	0.09991	0.00244	0.00695	0.00563	0.00269	0.00653
50	0.00831	0.00550	0.00650	0.00636	0.00776	0.00494	0.00469	0.00970	0.01160	0.08840	0.16509	0.10708	0.33274	0.14825	0.00948	0.00232	0.00334	0.06851	0.00479	0.00465
51	0.00636	0.00502	0.00537	0.00560	0.00686	0.00438	0.00397	0.00748	0.01086	0.01347	0.04251	0.19297	0.53577	0.09897	0.00820	0.00213	0.00292	0.01099	0.03199	0.00419
52	0.00826	0.00624	0.00805	0.00918	0.05677	0.00612	0.00635	0.08091	0.01183	0.01557	0.02837	0.43813	0.13137	0.03303	0.00682	0.00207	0.00372	0.13768	0.00462	0.00494
53	0.03169	0.01088	0.01793	0.01377	0.01730	0.01092	0.31276	0.09195	0.16757	0.01969	0.15482	0.02238	0.09069	0.00697	0.00573	0.00169	0.00563	0.00681	0.00414	0.00669
54	0.09369	0.01005	0.01037	0.00891	0.01140	0.04149	0.00699	0.32741	0.01663	0.02379	0.12233	0.16955	0.01918	0.00846	0.00514	0.00161	0.00429	0.00696	0.10533	0.00644
55	0.08289	0.30605	0.01954	0.38999	0.02413	0.01487	0.04312	0.03884	0.01072	0.01433	0.00839	0.01121	0.00674	0.00483	0.00433	0.00147	0.00614	0.00381	0.00243	0.00616
56	0.01260	0.56232	0.27751	0.01069	0.01613	0.01756	0.01211	0.01565	0.01056	0.01344	0.00781	0.00908	0.00656	0.00455	0.00381	0.00127	0.00617	0.00309	0.00219	0.00691
57	0.04891	0.07279	0.50784	0.01360	0.01882	0.01342	0.01570	0.01513	0.00994	0.01528	0.00834	0.01066	0.00652	0.00590	0.00779	0.00175	0.21460	0.00386	0.00223	0.00692
58	0.36047	0.08720	0.03620	0.04195	0.01237	0.01129	0.00757	0.09361	0.05271	0.02010	0.01543	0.04030	0.06344	0.00741	0.00457	0.00170	0.00454	0.12946	0.00373	0.00594
59	0.04375	0.01552	0.01747	0.12597	0.02030	0.21615	0.15489	0.24020	0.01613	0.08395	0.01085	0.01231	0.00796	0.00541	0.00512	0.00155	0.00716	0.00453	0.00364	0.00714
60	0.05584	0.08212	0.01710	0.01968	0.36062	0.06114	0.01163	0.13828	0.06886	0.01896	0.01261	0.06796	0.01126	0.00631	0.00502	0.00158	0.00563	0.04460	0.00343	0.00739

[dist]
# distance from previous block
# <min> <max>
0	4

[block]
# block no. 3 follows, 48 sequences, length 11
# corresponding to MSA columns:
# 282-292
name=unknown_D
#
# <colnr> <probs for GDERKNQSTAVLIFYWHMCP>
#	G	D	E	R	K	N	Q	S	T	A	V	L	I	F	Y	W	H	M	C	P
0	0.01401	0.01373	0.01676	0.01952	0.32468	0.13383	0.03967	0.08898	0.12896	0.01818	0.01123	0.01283	0.00897	0.00517	0.00514	0.00144	0.02271	0.00440	0.00327	0.12653
1	0.03236	0.02493	0.01159	0.01121	0.07847	0.13753	0.00796	0.05589	0.04413	0.03426	0.25217	0.07169	0.02252	0.00998	0.05545	0.00201	0.08609	0.00642	0.00402	0.05132
2	0.01008	0.15869	0.34561	0.01305	0.05818	0.01141	0.07207	0.01364	0.01064	0.01471	0.01408	0.22713	0.01408	0.00774	0.00515	0.00166	0.00598	0.00673	0.00292	0.00647
3	0.00677	0.00513	0.00619	0.00634	0.00752	0.00464	0.00470	0.00843	0.01222	0.01612	0.31156	0.17658	0.29337	0.04996	0.00715	0.00195	0.00288	0.06903	0.00501	0.00446
4	0.01325	0.02197	0.34279	0.01646	0.02196	0.22375	0.25362	0.01745	0.01223	0.01532	0.00924	0.01136	0.00694	0.00481	0.00518	0.00158	0.00837	0.00438	0.00243	0.00693
5	0.00846	0.00546	0.00687	0.00691	0.00797	0.00513	0.00509	0.00989	0.01133	0.07571	0.21400	0.13726	0.11933	0.21958	0.01138	0.00268	0.00372	0.14000	0.00468	0.00454
6	0.20014	0.01076	0.01207	0.00946	0.01330	0.01103	0.00781	0.25764	0.01638	0.38789	0.01495	0.01389	0.00992	0.00595	0.00473	0.00157	0.00468	0.00448	0.00529	0.00805
7	0.01018	0.00600	0.00786	0.00751	0.00837	0.00605	0.00537	0.10083	0.01044	0.04994	0.06232	0.15771	0.01718	0.06610	0.01427	0.42486	0.00426	0.03321	0.00357	0.00396
8	0.00618	0.00505	0.00546	0.00567	0.00708	0.00433	0.00413	0.00748	0.01151	0.01416	0.09663	0.20206	0.58555	0.01344	0.00616	0.00179	0.00266	0.01148	0.00482	0.00433
9	0.19438	0.00928	0.00907	0.00865	0.05159	0.04107	0.00636	0.16564	0.04896	0.02233	0.01325	0.01470	0.01022	0.00570	0.00401	0.00140	0.00393	0.00430	0.37905	0.00612
10	0.02967	0.04181	0.15047	0.07686	0.17246	0.02912	0.01127	0.08004	0.02985	0.04464	0.01476	0.05694	0.07678	0.00613	0.00488	0.00146	0.00540	0.00514	0.00328	0.15907

[dist]
# distance from previous block
# <min> <max>
0	4

[block]
# block no. 4 follows, 48 sequences, length 21
# corresponding to MSA columns:
# 299,310-329
name=unknown_E
#
# <colnr> <probs for GDERKNQSTAVLIFYWHMCP>
#	G	D	E	R	K	N	Q	S	T	A	V	L	I	F	Y	W	H	M	C	P
0	0.19684	0.02985	0.00944	0.00819	0.01026	0.08187	0.00636	0.06439	0.01074	0.03859	0.05370	0.01908	0.01315	0.12874	0.23376	0.00389	0.00748	0.02747	0.00337	0.05282
1	0.01089	0.04918	0.27250	0.07232	0.01901	0.05337	0.13632	0.01618	0.10143	0.01706	0.13670	0.01819	0.01538	0.00622	0.00525	0.00163	0.00622	0.02355	0.03195	0.00666
2	0.00822	0.00566	0.00662	0.00639	0.00679	0.00590	0.00403	0.05717	0.00866	0.01169	0.01556	0.03021	0.01715	0.65107	0.13946	0.00524	0.00632	0.00699	0.00319	0.00369
3	0.03712	0.01505	0.13179	0.04542	0.07511	0.01313	0.39887	0.12422	0.01329	0.03600	0.01034	0.01290	0.00772	0.00502	0.00614	0.00169	0.05079	0.00518	0.00297	0.00724
4	0.01029	0.00966	0.00994	0.00936	0.01118	0.12198	0.03929	0.04509	0.09607	0.01539	0.03749	0.10042	0.19889	0.05539	0.03991	0.00228	0.03157	0.15629	0.00418	0.00534
5	0.00693	0.00501	0.00613	0.00615	0.00724	0.00452	0.00445	0.00810	0.01179	0.01557	0.31636	0.15015	0.29521	0.01317	0.00807	0.11944	0.00284	0.00990	0.00474	0.00421
6	0.02700	0.20354	0.04727	0.00971	0.01399	0.01223	0.04902	0.11753	0.01248	0.01775	0.03139	0.01126	0.00858	0.00478	0.00467	0.00114	0.04112	0.00362	0.00311	0.37981
7	0.01388	0.04430	0.22981	0.01494	0.03359	0.06686	0.19923	0.15681	0.06616	0.04762	0.01108	0.01249	0.00818	0.00519	0.00532	0.00156	0.02009	0.00460	0.00327	0.05501
8	0.01280	0.22750	0.35057	0.01459	0.07643	0.01480	0.08112	0.11961	0.01268	0.01737	0.00920	0.01078	0.00707	0.00492	0.00482	0.00149	0.02024	0.00391	0.00265	0.00743
9	0.00874	0.00912	0.06534	0.07796	0.01497	0.00804	0.14808	0.01268	0.09812	0.01614	0.13622	0.15679	0.20737	0.00963	0.00588	0.00176	0.00462	0.00876	0.00415	0.00562
10	0.00879	0.00575	0.00712	0.00701	0.00843	0.00536	0.00516	0.01128	0.06484	0.10052	0.26134	0.29558	0.17482	0.01212	0.00607	0.00180	0.00296	0.01065	0.00524	0.00517
11	0.01622	0.18306	0.03358	0.12045	0.04300	0.25673	0.01014	0.01925	0.07570	0.15010	0.01120	0.01212	0.00850	0.00550	0.00500	0.00145	0.03389	0.00398	0.00334	0.00681
12	0.01424	0.12346	0.25046	0.01205	0.01685	0.09460	0.07398	0.05219	0.01249	0.15708	0.01273	0.08307	0.01036	0.00606	0.00488	0.00151	0.00625	0.00498	0.00344	0.05930
13	0.01994	0.00862	0.01130	0.00902	0.01248	0.00787	0.00731	0.06618	0.05542	0.59517	0.07287	0.07834	0.01666	0.00738	0.00533	0.00163	0.00419	0.00615	0.00605	0.00809
14	0.01026	0.01012	0.06506	0.01429	0.19923	0.06683	0.00945	0.01318	0.04367	0.03778	0.18247	0.15368	0.05538	0.00950	0.00579	0.00175	0.00470	0.10673	0.00413	0.00601
15	0.01411	0.01618	0.18165	0.10625	0.16513	0.15627	0.01266	0.04116	0.05381	0.11041	0.01214	0.04707	0.00958	0.00583	0.00516	0.00157	0.01783	0.00474	0.03135	0.00711
16	0.01269	0.09168	0.04843	0.20939	0.15583	0.01072	0.06454	0.01567	0.02443	0.15143	0.07763	0.05948	0.04323	0.00646	0.00519	0.00161	0.00552	0.00574	0.00360	0.00675
17	0.02062	0.00846	0.01132	0.00885	0.01243	0.00749	0.00724	0.05226	0.01504	0.65084	0.12948	0.02025	0.01766	0.00694	0.00529	0.00159	0.00414	0.00573	0.00620	0.00817
18	0.01136	0.06645	0.07293	0.11156	0.08215	0.01073	0.08173	0.10601	0.08362	0.03164	0.21070	0.06202	0.02054	0.00733	0.00542	0.00163	0.00511	0.01848	0.00403	0.00654
19	0.01252	0.11166	0.28997	0.05989	0.16386	0.03309	0.14311	0.03950	0.03571	0.04804	0.01012	0.01208	0.00766	0.00486	0.00497	0.00156	0.00695	0.00437	0.00269	0.00741
20	0.01522	0.00997	0.01303	0.12383	0.03969	0.04112	0.03270	0.15552	0.04525	0.23080	0.01445	0.01617	0.01076	0.01429	0.20991	0.00331	0.00774	0.00503	0.00420	0.00702

[dist]
# distance from previous block
# <min> <max>
0	21

# created by:
