[name]
unknown

[dist]
# distance from previous block
# <min> <max>
0	1

[block]
# block no. 0 follows, 38 sequences, length 23
# corresponding to MSA columns:
# 1-23
name=unknown_A
#
# <colnr> <probs for GDERKNQSTAVLIFYWHMCP>
#	G	D	E	R	K	N	Q	S	T	A	V	L	I	F	Y	W	H	M	C	P
0	0.01005	0.00740	0.01005	0.01080	0.01269	0.00706	0.00937	0.01280	0.01367	0.01821	0.02918	0.06086	0.03137	0.01508	0.00782	0.00253	0.00540	0.62129	0.00529	0.10906
1	0.01780	0.01229	0.01379	0.01164	0.01559	0.01308	0.00922	0.06335	0.47142	0.18953	0.02247	0.02063	0.01626	0.00759	0.00594	0.00188	0.00490	0.00625	0.00616	0.09022
2	0.01136	0.01069	0.01804	0.77412	0.04143	0.01337	0.01671	0.01537	0.01203	0.01537	0.01069	0.01604	0.00802	0.00601	0.00601	0.00200	0.00802	0.00535	0.00267	0.00668
3	0.01316	0.01316	0.01843	0.01579	0.01579	0.01843	0.01316	0.01448	0.00921	0.01448	0.00790	0.01316	0.00790	0.01053	0.01974	0.00263	0.77757	0.00526	0.00263	0.00658
4	0.02287	0.01685	0.01805	0.01384	0.01866	0.01866	0.01143	0.73100	0.02828	0.03791	0.01444	0.01444	0.01023	0.00722	0.00602	0.00181	0.00662	0.00542	0.00602	0.01023
5	0.01489	0.01429	0.02442	0.03692	0.75106	0.01429	0.01846	0.01846	0.01370	0.01965	0.01132	0.01489	0.00953	0.00536	0.00596	0.00179	0.00715	0.00536	0.00298	0.00953
6	0.02157	0.02717	0.01718	0.01553	0.01833	0.69232	0.01177	0.02310	0.01629	0.01470	0.00916	0.01107	0.00776	0.00662	0.00681	0.00165	0.08497	0.00401	0.00305	0.00694
7	0.02372	0.02304	0.01627	0.01411	0.01772	0.51924	0.01086	0.06428	0.01771	0.21615	0.01348	0.01365	0.00982	0.00659	0.00563	0.00165	0.00907	0.00455	0.00443	0.00804
8	0.01496	0.01292	0.01360	0.01224	0.01564	0.01496	0.00952	0.03197	0.74019	0.02516	0.02448	0.02244	0.01836	0.00816	0.00612	0.00204	0.00476	0.00680	0.00612	0.00952
9	0.10334	0.01259	0.01484	0.01149	0.01610	0.01258	0.00949	0.26342	0.02025	0.44436	0.01913	0.01742	0.01252	0.00719	0.00581	0.00184	0.00558	0.00557	0.00661	0.00988
10	0.04860	0.02176	0.01583	0.01365	0.01733	0.47086	0.01056	0.04921	0.01727	0.25669	0.01414	0.01407	0.01012	0.00662	0.00560	0.00167	0.00865	0.00461	0.00463	0.00813
11	0.01695	0.01132	0.01347	0.00990	0.01503	0.00947	0.00802	0.10361	0.01542	0.18578	0.01405	0.01449	0.01040	0.00545	0.00500	0.00122	0.00486	0.00434	0.00472	0.54650
12	0.00768	0.00599	0.00645	0.00647	0.00784	0.00532	0.00449	0.00891	0.01265	0.01579	0.11520	0.08684	0.46057	0.21418	0.01319	0.00302	0.00377	0.01172	0.00519	0.00476
13	0.00871	0.00597	0.00725	0.00725	0.00749	0.00621	0.00451	0.00919	0.00895	0.01218	0.01832	0.03587	0.02035	0.62341	0.19372	0.00668	0.00812	0.00824	0.00355	0.00403
14	0.01710	0.01398	0.01481	0.01267	0.01646	0.01596	0.01004	0.22091	0.54777	0.02861	0.02177	0.02028	0.01617	0.00791	0.00609	0.00198	0.00526	0.00643	0.00609	0.00971
15	0.00859	0.00645	0.00967	0.00967	0.01074	0.00752	0.00752	0.01074	0.00967	0.01396	0.01611	0.02363	0.01504	0.04512	0.76474	0.00967	0.01611	0.00645	0.00322	0.00537
16	0.01316	0.01316	0.01843	0.01579	0.01579	0.01843	0.01316	0.01448	0.00921	0.01448	0.00790	0.01316	0.00790	0.01053	0.01974	0.00263	0.77757	0.00526	0.00263	0.00658
17	0.01207	0.03112	0.75741	0.01715	0.02604	0.01397	0.02223	0.01905	0.01270	0.01905	0.01080	0.01270	0.00762	0.00572	0.00572	0.00191	0.00889	0.00445	0.00254	0.00889
18	0.01155	0.01089	0.01839	0.73364	0.08041	0.01342	0.01680	0.01554	0.01212	0.01561	0.01073	0.01598	0.00810	0.00598	0.00601	0.00199	0.00797	0.00535	0.00269	0.00684
19	0.01464	0.01424	0.02491	0.07686	0.65688	0.01431	0.07258	0.01835	0.01364	0.01939	0.01135	0.01505	0.00941	0.00537	0.00605	0.00182	0.00742	0.00549	0.00297	0.00926
20	0.01574	0.01547	0.02364	0.03449	0.66978	0.07126	0.01770	0.04398	0.01447	0.01992	0.01127	0.01457	0.00942	0.00549	0.00592	0.00177	0.00741	0.00525	0.00309	0.00936
21	0.00804	0.00602	0.00746	0.00734	0.00876	0.00544	0.00541	0.01034	0.01555	0.02118	0.49789	0.14377	0.21305	0.01382	0.00717	0.00200	0.00297	0.01210	0.00625	0.00544
22	0.01533	0.01406	0.02242	0.12718	0.54695	0.01469	0.01706	0.09797	0.04691	0.02138	0.01216	0.01532	0.00980	0.00577	0.00598	0.00183	0.00709	0.00543	0.00341	0.00924

[dist]
# distance from previous block
# <min> <max>
1	20

[block]
# block no. 1 follows, 38 sequences, length 71
# corresponding to MSA columns:
# 46-76,78-117
name=unknown_B
#
# <colnr> <probs for GDERKNQSTAVLIFYWHMCP>
#	G	D	E	R	K	N	Q	S	T	A	V	L	I	F	Y	W	H	M	C	P
0	0.01067	0.00642	0.00817	0.00759	0.00880	0.00603	0.00532	0.01218	0.01375	0.09664	0.38565	0.03881	0.03795	0.26587	0.01572	0.05612	0.00421	0.00931	0.00548	0.00530
1	0.51408	0.01686	0.01157	0.01050	0.01385	0.25837	0.00825	0.01931	0.01243	0.02215	0.00918	0.01102	0.00747	0.00833	0.05323	0.00226	0.00741	0.00366	0.00349	0.00659
2	0.01556	0.01317	0.01395	0.01224	0.01585	0.01498	0.00958	0.09350	0.64412	0.02605	0.02297	0.02128	0.01721	0.00791	0.00604	0.00197	0.00491	0.00653	0.00600	0.04617
3	0.00826	0.00685	0.01086	0.01051	0.01183	0.00634	0.10618	0.00992	0.01211	0.01599	0.03299	0.60581	0.10566	0.01657	0.00754	0.00234	0.00437	0.01527	0.00523	0.00535
4	0.01354	0.01287	0.02157	0.31761	0.45223	0.01396	0.01745	0.01779	0.04046	0.01823	0.01157	0.01561	0.00929	0.00572	0.00598	0.00188	0.00739	0.00541	0.00298	0.00844
5	0.07201	0.02550	0.49945	0.01879	0.02652	0.01429	0.22060	0.01901	0.01295	0.01969	0.01101	0.01348	0.00797	0.00552	0.00596	0.00194	0.00894	0.00511	0.00277	0.00850
6	0.01136	0.01069	0.01804	0.77412	0.04143	0.01337	0.01671	0.01537	0.01203	0.01537	0.01069	0.01604	0.00802	0.00601	0.00601	0.00200	0.00802	0.00535	0.00267	0.00668
7	0.00732	0.00526	0.00696	0.00832	0.00871	0.00489	0.00556	0.00838	0.01157	0.01538	0.03382	0.76727	0.05675	0.01876	0.00766	0.00243	0.00348	0.01700	0.00558	0.00489
8	0.63863	0.19595	0.01420	0.00847	0.01253	0.01593	0.00741	0.01776	0.01071	0.02396	0.00837	0.00974	0.00680	0.00548	0.00376	0.00173	0.00507	0.00325	0.00345	0.00680
9	0.01927	0.01297	0.01814	0.02113	0.29009	0.01319	0.01282	0.08842	0.18761	0.24459	0.01845	0.01832	0.01330	0.00682	0.00603	0.00187	0.00592	0.00591	0.00534	0.00980
10	0.01635	0.50312	0.02563	0.09615	0.01848	0.09018	0.01083	0.07676	0.01401	0.01689	0.00981	0.01155	0.00835	0.00557	0.00446	0.00142	0.00680	0.00382	0.03934	0.04047
11	0.02384	0.01529	0.01709	0.01310	0.01788	0.01634	0.01082	0.56531	0.02567	0.20729	0.01664	0.01587	0.01133	0.00727	0.00603	0.00182	0.00627	0.00557	0.00636	0.01023
12	0.00957	0.00657	0.00890	0.01013	0.01139	0.00652	0.00857	0.01213	0.01342	0.01817	0.03065	0.15195	0.03312	0.01582	0.00777	0.00258	0.00498	0.54553	0.09677	0.00547
13	0.01136	0.01069	0.01804	0.77412	0.04143	0.01337	0.01671	0.01537	0.01203	0.01537	0.01069	0.01604	0.00802	0.00601	0.00601	0.00200	0.00802	0.00535	0.00267	0.00668
14	0.01347	0.01284	0.02185	0.33402	0.46507	0.01392	0.01775	0.01722	0.01303	0.01793	0.01106	0.01535	0.00892	0.00562	0.00598	0.00187	0.00750	0.00535	0.00285	0.00838
15	0.00914	0.00580	0.00641	0.00641	0.00663	0.00580	0.00373	0.00959	0.00937	0.01338	0.01906	0.03666	0.02084	0.66382	0.02640	0.00512	0.00535	0.00825	0.13428	0.00396
16	0.01214	0.02996	0.70988	0.01706	0.02538	0.01426	0.02164	0.01876	0.01248	0.01876	0.01061	0.01273	0.00764	0.00603	0.00662	0.00195	0.05833	0.00450	0.00255	0.00874
17	0.01681	0.06526	0.02948	0.02064	0.02595	0.01557	0.46577	0.09965	0.01569	0.11226	0.01334	0.01593	0.00980	0.00597	0.00748	0.00197	0.05967	0.00641	0.00387	0.00849
18	0.01121	0.00561	0.00561	0.00561	0.00701	0.00561	0.00421	0.01402	0.01262	0.02243	0.01962	0.02243	0.01542	0.00701	0.00421	0.00140	0.00280	0.00561	0.82198	0.00561
19	0.01045	0.00522	0.00784	0.00784	0.00784	0.00522	0.00522	0.00784	0.00784	0.01045	0.01045	0.01829	0.01045	0.02090	0.02351	0.82497	0.00522	0.00522	0.00261	0.00261
20	0.00725	0.00554	0.00667	0.00757	0.00851	0.00495	0.00522	0.00847	0.01230	0.01567	0.04303	0.52633	0.29174	0.01756	0.00748	0.00230	0.00333	0.01554	0.00558	0.00495
21	0.01121	0.00561	0.00561	0.00561	0.00701	0.00561	0.00421	0.01402	0.01262	0.02243	0.01962	0.02243	0.01542	0.00701	0.00421	0.00140	0.00280	0.00561	0.82198	0.00561
22	0.00921	0.00815	0.00823	0.00926	0.00995	0.09937	0.00634	0.01032	0.01221	0.01528	0.03019	0.68840	0.03580	0.01727	0.00740	0.00233	0.00441	0.01546	0.00528	0.00515
23	0.01607	0.01331	0.01807	0.42194	0.03069	0.01580	0.01437	0.30090	0.01833	0.02431	0.01201	0.01522	0.00889	0.00679	0.00690	0.00197	0.05696	0.00537	0.00401	0.00809
24	0.01629	0.01561	0.01510	0.01297	0.01648	0.17024	0.05561	0.03883	0.38316	0.05010	0.02068	0.02100	0.04716	0.04244	0.00705	0.00201	0.00638	0.00627	0.00502	0.06760
25	0.02666	0.01077	0.01429	0.01095	0.01562	0.00963	0.00905	0.08542	0.01810	0.69787	0.02299	0.01999	0.01452	0.00743	0.00605	0.00186	0.00524	0.00600	0.00733	0.01024
26	0.01133	0.01806	0.32574	0.09790	0.02065	0.01115	0.01437	0.06176	0.04665	0.02050	0.15587	0.11776	0.05472	0.00926	0.00635	0.00199	0.00639	0.00787	0.00422	0.00748
27	0.01719	0.01567	0.01795	0.02120	0.27368	0.14562	0.01300	0.11415	0.12293	0.06654	0.01729	0.02079	0.03855	0.00878	0.03313	0.00214	0.00733	0.05102	0.00440	0.00865
28	0.01247	0.01069	0.01247	0.00891	0.01426	0.00802	0.00713	0.01515	0.01247	0.01960	0.01069	0.01247	0.00891	0.00446	0.00446	0.00089	0.00446	0.00356	0.00356	0.82536
29	0.00843	0.00608	0.00796	0.00763	0.00897	0.00562	0.00567	0.01114	0.01663	0.02349	0.69609	0.09854	0.05553	0.01277	0.00714	0.00193	0.00289	0.01133	0.00655	0.00562
30	0.01859	0.01223	0.01328	0.01089	0.01446	0.01322	0.00876	0.32133	0.15571	0.11134	0.01881	0.01885	0.01372	0.00736	0.00553	0.00174	0.00504	0.00580	0.23452	0.00881
31	0.01560	0.01324	0.01396	0.01237	0.01589	0.01526	0.00968	0.08823	0.68289	0.02619	0.02368	0.02180	0.01771	0.00809	0.00611	0.00202	0.00491	0.00669	0.00611	0.00958
32	0.01298	0.01099	0.01275	0.00915	0.01447	0.00854	0.00734	0.04995	0.01324	0.02049	0.01087	0.01257	0.00897	0.00459	0.00453	0.00094	0.00456	0.00365	0.00368	0.78573
33	0.01244	0.01071	0.04528	0.06322	0.01880	0.01055	0.17939	0.01539	0.01205	0.09801	0.01709	0.11823	0.01558	0.02157	0.27228	0.00477	0.06630	0.00770	0.00385	0.00680
34	0.83108	0.01163	0.00884	0.00791	0.01163	0.01350	0.00651	0.01768	0.01024	0.02699	0.00838	0.00977	0.00651	0.00558	0.00372	0.00186	0.00465	0.00326	0.00372	0.00651
35	0.01005	0.00874	0.01240	0.01172	0.01221	0.01109	0.00923	0.01162	0.00993	0.01449	0.01698	0.19931	0.01814	0.02562	0.29970	0.00526	0.30573	0.00851	0.00355	0.00572
36	0.00752	0.00608	0.00668	0.00660	0.00839	0.00524	0.00492	0.00940	0.01457	0.01845	0.25496	0.08275	0.52427	0.01454	0.00713	0.00201	0.00301	0.01235	0.00588	0.00524
37	0.00871	0.00599	0.00737	0.00737	0.00765	0.00627	0.00466	0.00927	0.00899	0.01227	0.01821	0.03525	0.02008	0.59422	0.22254	0.00683	0.00852	0.00815	0.00353	0.00410
38	0.01121	0.00561	0.00561	0.00561	0.00701	0.00561	0.00421	0.01402	0.01262	0.02243	0.01962	0.02243	0.01542	0.00701	0.00421	0.00140	0.00280	0.00561	0.82198	0.00561
39	0.01465	0.01408	0.02387	0.06894	0.68668	0.01444	0.01815	0.01815	0.01342	0.01923	0.01114	0.01486	0.00939	0.00562	0.00657	0.00183	0.04140	0.00536	0.00295	0.00927
40	0.01085	0.01996	0.38739	0.01450	0.02017	0.01120	0.08014	0.01563	0.01312	0.01814	0.02500	0.03144	0.17320	0.00959	0.00702	0.00210	0.03324	0.11620	0.00372	0.00739
41	0.01121	0.00561	0.00561	0.00561	0.00701	0.00561	0.00421	0.01402	0.01262	0.02243	0.01962	0.02243	0.01542	0.00701	0.00421	0.00140	0.00280	0.00561	0.82198	0.00561
42	0.00716	0.00589	0.00630	0.00663	0.00827	0.00503	0.00481	0.00857	0.01319	0.01604	0.05438	0.22951	0.58124	0.01609	0.00724	0.00213	0.00315	0.01374	0.00559	0.00503
43	0.00783	0.00581	0.00678	0.00707	0.00804	0.00532	0.00480	0.00907	0.01245	0.01622	0.16206	0.24290	0.25763	0.21133	0.01321	0.00308	0.00383	0.01255	0.00527	0.00477
44	0.01506	0.01734	0.06223	0.01626	0.13236	0.27629	0.01118	0.03167	0.04693	0.01715	0.04509	0.18727	0.01937	0.05742	0.00778	0.00216	0.00734	0.03614	0.00405	0.00691
45	0.01978	0.02197	0.01548	0.01375	0.01647	0.47620	0.01057	0.10789	0.01692	0.01876	0.01143	0.01337	0.00929	0.00689	0.00676	0.00167	0.08708	0.00448	0.13413	0.00711
46	0.00873	0.00569	0.00654	0.00682	0.00705	0.00562	0.00410	0.00926	0.00974	0.01361	0.02191	0.18849	0.02478	0.54586	0.02304	0.00465	0.00502	0.01009	0.09489	0.00411
47	0.01395	0.01559	0.22372	0.01229	0.01649	0.01086	0.01191	0.13591	0.06216	0.10294	0.02206	0.30238	0.02155	0.01121	0.00656	0.00209	0.00581	0.00966	0.00503	0.00781
48	0.01765	0.11169	0.02076	0.05539	0.28368	0.07585	0.01349	0.10179	0.14099	0.09779	0.01467	0.01580	0.01125	0.00634	0.00570	0.00177	0.00671	0.00530	0.00427	0.00912
49	0.01420	0.01623	0.03550	0.02535	0.03144	0.01521	0.72921	0.01927	0.01420	0.01927	0.01217	0.01623	0.00913	0.00507	0.00710	0.00203	0.01014	0.00710	0.00304	0.00811
50	0.01282	0.01162	0.01919	0.02806	0.50925	0.01157	0.01496	0.01587	0.01338	0.01870	0.01823	0.14381	0.01853	0.00938	0.00663	0.00206	0.00630	0.12770	0.00382	0.00812
51	0.01434	0.09092	0.19597	0.02982	0.51327	0.01511	0.01858	0.01856	0.01333	0.01900	0.01092	0.01389	0.00891	0.00542	0.00570	0.00177	0.00749	0.00495	0.00284	0.00921
52	0.01345	0.10474	0.23949	0.06547	0.20050	0.05749	0.01543	0.01814	0.04990	0.03078	0.04876	0.03291	0.08342	0.00720	0.00583	0.00182	0.00705	0.00600	0.00348	0.00815
53	0.01189	0.01141	0.01244	0.01159	0.01345	0.13493	0.04095	0.03791	0.01280	0.01601	0.02237	0.03059	0.11580	0.02546	0.32717	0.00530	0.06187	0.09819	0.00387	0.00599
54	0.01952	0.01416	0.04937	0.02280	0.30503	0.01335	0.06573	0.12368	0.05548	0.24478	0.01625	0.01693	0.01162	0.00640	0.00608	0.00185	0.00662	0.00574	0.00491	0.00971
55	0.01310	0.01252	0.02159	0.29974	0.40968	0.01340	0.05481	0.01674	0.01298	0.01782	0.01254	0.06489	0.01091	0.00645	0.00615	0.00192	0.00738	0.00620	0.00304	0.00813
56	0.01289	0.02000	0.31277	0.14860	0.31818	0.01364	0.01915	0.01778	0.01294	0.01854	0.01188	0.04511	0.00974	0.00615	0.00594	0.00190	0.00783	0.00547	0.00286	0.00862
57	0.01131	0.01012	0.01563	0.02007	0.28727	0.01026	0.03937	0.01479	0.06569	0.01844	0.07211	0.26063	0.08879	0.01134	0.00740	0.00209	0.04276	0.01020	0.00448	0.00723
58	0.01504	0.01631	0.13893	0.10470	0.42531	0.01396	0.01721	0.09094	0.01490	0.05032	0.01296	0.04902	0.01070	0.00636	0.00601	0.00186	0.00722	0.00577	0.00348	0.00903
59	0.01394	0.09406	0.40089	0.08859	0.02698	0.01473	0.18326	0.01941	0.01327	0.07165	0.01182	0.01411	0.00854	0.00567	0.00592	0.00188	0.00860	0.00515	0.00303	0.00849
60	0.00967	0.00574	0.00861	0.00861	0.00906	0.00619	0.00619	0.00906	0.00861	0.01193	0.01284	0.02054	0.01238	0.03111	0.33598	0.48127	0.00981	0.00574	0.00287	0.00378
61	0.01381	0.16777	0.48029	0.01615	0.05503	0.09178	0.01800	0.01897	0.01331	0.01799	0.04606	0.01362	0.01013	0.00596	0.00543	0.00175	0.00827	0.00452	0.00282	0.00835
62	0.01821	0.14551	0.08677	0.04360	0.05333	0.10698	0.03543	0.04921	0.01472	0.21153	0.01587	0.07853	0.01285	0.00762	0.00653	0.00181	0.05629	0.00595	0.04109	0.00816
63	0.01142	0.10997	0.04902	0.01533	0.06393	0.01234	0.15832	0.01418	0.01157	0.01592	0.01586	0.14050	0.01562	0.02060	0.25031	0.00448	0.07294	0.00763	0.00339	0.00667
64	0.00983	0.01087	0.08714	0.01199	0.01523	0.00868	0.14180	0.01376	0.06063	0.01872	0.12805	0.12318	0.26718	0.01208	0.00706	0.00210	0.00527	0.06505	0.00498	0.00640
65	0.01588	0.01396	0.05313	0.06371	0.39909	0.05222	0.04955	0.01909	0.01411	0.13378	0.01677	0.09129	0.03570	0.00737	0.00619	0.00188	0.00681	0.00679	0.00398	0.00868
66	0.01568	0.28659	0.12332	0.01487	0.06550	0.01624	0.09617	0.03169	0.03814	0.11187	0.01569	0.01834	0.04666	0.00811	0.03106	0.00202	0.03266	0.03353	0.00374	0.00814
67	0.01151	0.04859	0.06358	0.01677	0.18688	0.01035	0.01128	0.04538	0.01290	0.01757	0.02153	0.20514	0.04581	0.01406	0.04236	0.06658	0.04063	0.12828	0.00416	0.00666
68	0.01416	0.07967	0.15895	0.02641	0.38134	0.03999	0.08606	0.01815	0.01355	0.01894	0.05821	0.01591	0.01189	0.00611	0.00658	0.00183	0.04500	0.00549	0.00309	0.00865
69	0.01457	0.01568	0.13922	0.20806	0.14577	0.04608	0.09510	0.01945	0.06035	0.09987	0.01528	0.05299	0.01246	0.00715	0.00625	0.00198	0.00753	0.04032	0.00378	0.00812
70	0.01511	0.01516	0.11985	0.20198	0.30065	0.01359	0.04351	0.01965	0.04591	0.11175	0.01314	0.01588	0.00990	0.00617	0.00661	0.00192	0.04155	0.00545	0.00354	0.00868

[dist]
# distance from previous block
# <min> <max>
1	26

[block]
# block no. 2 follows, 38 sequences, length 27
# corresponding to MSA columns:
# 144-170
name=unknown_C
#
# <colnr> <probs for GDERKNQSTAVLIFYWHMCP>
#	G	D	E	R	K	N	Q	S	T	A	V	L	I	F	Y	W	H	M	C	P
0	0.02008	0.11223	0.04385	0.03315	0.21661	0.03523	0.01251	0.11226	0.01677	0.27933	0.04729	0.01726	0.01316	0.00665	0.00576	0.00176	0.00627	0.00550	0.00502	0.00932
1	0.01418	0.04983	0.46154	0.01612	0.02314	0.01288	0.10781	0.01961	0.01371	0.12324	0.05629	0.04792	0.01302	0.00678	0.00604	0.00191	0.00786	0.00586	0.00366	0.00859
2	0.01409	0.02071	0.37035	0.02073	0.22027	0.01234	0.01760	0.01889	0.01346	0.10650	0.01537	0.08412	0.01302	0.00746	0.00611	0.00195	0.00735	0.03733	0.00364	0.00873
3	0.01763	0.01284	0.08659	0.05250	0.21216	0.01096	0.01246	0.05375	0.03563	0.26712	0.01898	0.10812	0.01570	0.05871	0.00778	0.00218	0.00606	0.00714	0.00501	0.00869
4	0.01349	0.01677	0.20570	0.03775	0.04661	0.03829	0.04277	0.14455	0.05274	0.02121	0.01845	0.19371	0.01795	0.02263	0.00777	0.00217	0.05672	0.04877	0.00430	0.00768
5	0.01409	0.01531	0.18059	0.01420	0.01841	0.01196	0.10784	0.09615	0.01435	0.10708	0.01923	0.09817	0.06503	0.01432	0.12045	0.00319	0.08042	0.00734	0.00421	0.00768
6	0.01419	0.07425	0.28433	0.01590	0.03588	0.06413	0.12885	0.05139	0.06159	0.05752	0.04741	0.05233	0.05993	0.00752	0.00612	0.00190	0.00755	0.01720	0.00385	0.00814
7	0.01551	0.04827	0.10911	0.11235	0.17539	0.01209	0.06685	0.01890	0.01383	0.17856	0.03006	0.02256	0.07835	0.03734	0.00754	0.00207	0.03234	0.02650	0.00422	0.00817
8	0.01375	0.06883	0.48157	0.01521	0.02218	0.01481	0.01758	0.09943	0.13103	0.02168	0.01425	0.04855	0.01107	0.00682	0.00580	0.00190	0.00760	0.00542	0.00364	0.00890
9	0.01738	0.01430	0.10212	0.08417	0.22262	0.01238	0.05473	0.09706	0.01579	0.19816	0.01654	0.04097	0.01283	0.00713	0.00611	0.00190	0.00667	0.03867	0.04158	0.00889
10	0.01392	0.02005	0.33413	0.04901	0.19628	0.01288	0.01718	0.05555	0.04410	0.06967	0.01546	0.06832	0.01313	0.00755	0.00615	0.00197	0.00731	0.05497	0.00371	0.00865
11	0.01450	0.01520	0.06311	0.06893	0.60235	0.01433	0.09594	0.01844	0.01362	0.01938	0.01135	0.01498	0.00932	0.00538	0.00607	0.00183	0.00760	0.00550	0.00295	0.00921
12	0.01197	0.01208	0.04156	0.48288	0.14751	0.04821	0.01542	0.01555	0.01266	0.01628	0.01496	0.07279	0.03705	0.00759	0.00622	0.00201	0.00745	0.03765	0.00317	0.00699
13	0.01472	0.01451	0.07352	0.09028	0.49103	0.01358	0.04755	0.01833	0.01355	0.06850	0.01451	0.01740	0.04765	0.00631	0.00668	0.00188	0.04199	0.00579	0.00335	0.00888
14	0.00833	0.00571	0.00663	0.00695	0.00714	0.00557	0.00414	0.00866	0.00966	0.01277	0.02458	0.21034	0.06736	0.56904	0.02405	0.00484	0.00514	0.01088	0.00420	0.00401
15	0.00780	0.00586	0.00726	0.00777	0.00895	0.00533	0.00568	0.00961	0.01382	0.01822	0.23646	0.32552	0.23486	0.01589	0.00742	0.00221	0.00337	0.07289	0.00587	0.00521
16	0.01329	0.19547	0.30391	0.07001	0.02517	0.01616	0.20588	0.01807	0.01292	0.01754	0.01278	0.01520	0.04097	0.00595	0.00601	0.00182	0.02265	0.00532	0.00283	0.00806
17	0.05776	0.28966	0.22137	0.01496	0.07016	0.05117	0.04347	0.02090	0.09155	0.06797	0.01220	0.01328	0.00945	0.00586	0.00509	0.00168	0.00714	0.00447	0.00341	0.00845
18	0.08510	0.01857	0.24250	0.01262	0.01668	0.13848	0.01224	0.06208	0.01380	0.01889	0.01876	0.29511	0.01950	0.01070	0.00623	0.00203	0.00672	0.00894	0.00408	0.00697
19	0.01344	0.01761	0.28418	0.01234	0.01706	0.05365	0.01274	0.06226	0.01502	0.10761	0.13269	0.15295	0.07328	0.00995	0.00640	0.00197	0.00616	0.00838	0.00473	0.00759
20	0.01680	0.01542	0.01548	0.04087	0.13404	0.20740	0.01091	0.12709	0.01559	0.07018	0.01398	0.01876	0.01203	0.10079	0.17018	0.00386	0.00968	0.00563	0.00390	0.00739
21	0.21356	0.00844	0.00855	0.00796	0.01044	0.00843	0.00609	0.06569	0.01388	0.02168	0.12941	0.17774	0.22648	0.01178	0.00611	0.00195	0.00387	0.00977	0.00516	0.06301
22	0.01629	0.10186	0.01533	0.01181	0.02912	0.13493	0.00926	0.09025	0.10216	0.10926	0.07043	0.08081	0.12336	0.00955	0.00713	0.00189	0.06661	0.00743	0.00496	0.00759
23	0.05502	0.03212	0.09562	0.01276	0.01660	0.14352	0.01093	0.26901	0.07226	0.02516	0.04507	0.16044	0.01725	0.00922	0.00610	0.00191	0.00663	0.00742	0.00491	0.00807
24	0.05047	0.01867	0.18863	0.01318	0.01746	0.13004	0.01240	0.16400	0.06325	0.02218	0.03394	0.06027	0.02408	0.01229	0.09860	0.00281	0.03476	0.00596	0.02752	0.01949
25	0.01315	0.04514	0.13803	0.01309	0.05716	0.10155	0.01110	0.06722	0.10178	0.02102	0.20963	0.02554	0.05494	0.01307	0.09846	0.00279	0.00731	0.00703	0.00459	0.00738
26	0.01667	0.01223	0.01725	0.05420	0.26137	0.02746	0.01245	0.10341	0.01598	0.16200	0.08949	0.02221	0.07398	0.00801	0.00744	0.00191	0.07867	0.00659	0.02021	0.00849

[dist]
# distance from previous block
# <min> <max>
0	25

[block]
# block no. 3 follows, 38 sequences, length 17
# corresponding to MSA columns:
# 226-242
name=unknown_D
#
# <colnr> <probs for GDERKNQSTAVLIFYWHMCP>
#	G	D	E	R	K	N	Q	S	T	A	V	L	I	F	Y	W	H	M	C	P
0	0.14810	0.06217	0.23958	0.06827	0.12806	0.04762	0.08208	0.05130	0.03680	0.06445	0.01176	0.01369	0.00878	0.00584	0.00551	0.00185	0.00750	0.00481	0.00344	0.00839
1	0.11199	0.13013	0.07792	0.02147	0.30506	0.03782	0.01382	0.10451	0.01525	0.06559	0.05216	0.01516	0.01171	0.00614	0.00543	0.00174	0.00657	0.00503	0.00381	0.00870
2	0.01592	0.06396	0.05079	0.03942	0.17747	0.15477	0.01194	0.06764	0.11668	0.06128	0.02075	0.08205	0.09515	0.00836	0.00602	0.00184	0.00667	0.00691	0.00434	0.00804
3	0.06928	0.12274	0.07327	0.01353	0.06481	0.05935	0.04989	0.09318	0.03537	0.12751	0.03236	0.18425	0.03100	0.00925	0.00597	0.00190	0.00604	0.00781	0.00469	0.00780
4	0.06140	0.01307	0.14020	0.01416	0.10077	0.01046	0.01124	0.01792	0.10510	0.09968	0.10488	0.16617	0.02241	0.01275	0.06797	0.00265	0.02855	0.00830	0.00476	0.00756
5	0.06571	0.31744	0.06702	0.07396	0.06649	0.01570	0.01109	0.01997	0.01365	0.20136	0.04763	0.04943	0.01324	0.00680	0.00515	0.00167	0.00603	0.00528	0.00421	0.00817
6	0.01135	0.00935	0.01409	0.16022	0.09559	0.00947	0.06778	0.04536	0.01409	0.05991	0.07593	0.07486	0.26291	0.01281	0.05730	0.00250	0.00617	0.00907	0.00458	0.00667
7	0.08622	0.12847	0.04380	0.01170	0.01633	0.01562	0.01015	0.29982	0.06816	0.18802	0.01840	0.01773	0.05484	0.00732	0.00558	0.00178	0.00585	0.00555	0.00550	0.00916
8	0.07504	0.01999	0.01829	0.01957	0.19968	0.31043	0.01272	0.17113	0.01814	0.08146	0.01198	0.01331	0.00921	0.00627	0.00562	0.00171	0.00816	0.00470	0.00407	0.00853
9	0.02256	0.02601	0.01727	0.01513	0.01861	0.59683	0.01158	0.18290	0.01957	0.01993	0.01045	0.01166	0.00831	0.00643	0.00556	0.00161	0.00990	0.00422	0.00376	0.00771
10	0.00875	0.00583	0.00656	0.00656	0.00656	0.00583	0.00365	0.00875	0.00875	0.01166	0.01895	0.03937	0.02187	0.78858	0.03062	0.00583	0.00583	0.00875	0.00365	0.00365
11	0.01045	0.00522	0.00784	0.00784	0.00784	0.00522	0.00522	0.00784	0.00784	0.01045	0.01045	0.01829	0.01045	0.02090	0.02351	0.82497	0.00522	0.00522	0.00261	0.00261
12	0.07607	0.00701	0.00832	0.00815	0.00985	0.00680	0.00604	0.01316	0.05937	0.06806	0.32026	0.24826	0.11929	0.01335	0.00686	0.00207	0.00346	0.01165	0.00600	0.00599
13	0.08642	0.03475	0.01383	0.01043	0.01460	0.01133	0.00854	0.18802	0.01842	0.28169	0.14044	0.02091	0.01916	0.00759	0.00575	0.00170	0.00500	0.00607	0.00599	0.11935
14	0.14755	0.01896	0.19790	0.05672	0.02062	0.09716	0.08176	0.13080	0.03629	0.02281	0.01300	0.01694	0.01039	0.00687	0.00604	0.00191	0.02968	0.04669	0.05003	0.00787
15	0.06651	0.02159	0.01546	0.01337	0.01697	0.45631	0.01031	0.08047	0.01730	0.13689	0.04582	0.01429	0.01134	0.00661	0.00549	0.00161	0.00845	0.00461	0.00426	0.06233
16	0.01902	0.05613	0.01600	0.01260	0.03739	0.01435	0.00998	0.24517	0.21789	0.15418	0.03239	0.01950	0.01462	0.00745	0.00586	0.00179	0.00552	0.02811	0.00575	0.09631

[dist]
# distance from previous block
# <min> <max>
7	21

[block]
# block no. 4 follows, 38 sequences, length 29
# corresponding to MSA columns:
# 264-292
name=unknown_E
#
# <colnr> <probs for GDERKNQSTAVLIFYWHMCP>
#	G	D	E	R	K	N	Q	S	T	A	V	L	I	F	Y	W	H	M	C	P
0	0.04534	0.00771	0.00959	0.00894	0.01103	0.00716	0.00664	0.01274	0.01246	0.07537	0.07916	0.38642	0.02792	0.01268	0.00718	0.00195	0.04867	0.01097	0.03068	0.19739
1	0.01537	0.01509	0.06202	0.02593	0.42819	0.03473	0.01503	0.10975	0.03433	0.02209	0.03305	0.01524	0.01094	0.00576	0.00571	0.00164	0.00663	0.00516	0.00363	0.14967
2	0.01270	0.01383	0.10336	0.16888	0.17220	0.01107	0.01314	0.01633	0.01266	0.01870	0.01083	0.01371	0.00871	0.00510	0.00522	0.00142	0.00624	0.00439	0.00315	0.39836
3	0.01247	0.01069	0.01247	0.00891	0.01426	0.00802	0.00713	0.01515	0.01247	0.01960	0.01069	0.01247	0.00891	0.00446	0.00446	0.00089	0.00446	0.00356	0.00356	0.82536
4	0.01827	0.01541	0.02182	0.02303	0.27531	0.01622	0.09779	0.34275	0.06243	0.02813	0.01407	0.03201	0.01097	0.00663	0.00617	0.00185	0.00704	0.00593	0.00460	0.00958
5	0.01640	0.01689	0.02064	0.10680	0.40467	0.17795	0.01538	0.05343	0.04549	0.01921	0.01147	0.01428	0.00935	0.00576	0.00576	0.00171	0.00776	0.00499	0.00328	0.05877
6	0.16088	0.03620	0.02989	0.01647	0.15646	0.20114	0.01110	0.13157	0.03723	0.02246	0.04936	0.01886	0.08934	0.00734	0.00556	0.00177	0.00687	0.00562	0.00413	0.00777
7	0.00745	0.00529	0.00695	0.00822	0.00854	0.00497	0.00542	0.00841	0.01129	0.01505	0.03197	0.72230	0.03829	0.08325	0.00960	0.00273	0.00369	0.01640	0.00542	0.00478
8	0.01321	0.01193	0.06679	0.03494	0.10303	0.01110	0.00993	0.15216	0.11253	0.02381	0.11401	0.02956	0.17834	0.00931	0.00616	0.00186	0.00496	0.00779	0.10094	0.00764
9	0.01121	0.00561	0.00561	0.00561	0.00701	0.00561	0.00421	0.01402	0.01262	0.02243	0.01962	0.02243	0.01542	0.00701	0.00421	0.00140	0.00280	0.00561	0.82198	0.00561
10	0.01247	0.01069	0.01247	0.00891	0.01426	0.00802	0.00713	0.01515	0.01247	0.01960	0.01069	0.01247	0.00891	0.00446	0.00446	0.00089	0.00446	0.00356	0.00356	0.82536
11	0.00741	0.00607	0.00653	0.00650	0.00833	0.00519	0.00484	0.00917	0.01429	0.01781	0.19933	0.08783	0.57622	0.01480	0.00713	0.00202	0.00302	0.01252	0.00580	0.00519
12	0.01981	0.01533	0.01633	0.01322	0.01749	0.01723	0.01069	0.46061	0.30365	0.03298	0.01833	0.01754	0.01338	0.00759	0.00606	0.00190	0.00590	0.00595	0.00606	0.00996
13	0.62098	0.01193	0.01239	0.10555	0.09305	0.01361	0.03047	0.01753	0.01094	0.02457	0.00908	0.01127	0.00709	0.00560	0.00434	0.00188	0.00549	0.00385	0.00350	0.00690
14	0.01598	0.01357	0.02193	0.10342	0.55537	0.03106	0.01672	0.01937	0.01403	0.10530	0.01333	0.01727	0.01078	0.00605	0.00604	0.00184	0.00703	0.02819	0.00356	0.00915
15	0.01364	0.01176	0.04857	0.00961	0.01498	0.00873	0.00811	0.01725	0.05149	0.07302	0.01237	0.01359	0.00978	0.00493	0.00472	0.00107	0.00473	0.00396	0.00393	0.68375
16	0.00736	0.00541	0.00690	0.00800	0.00865	0.00496	0.00544	0.00857	0.01213	0.01594	0.07400	0.63873	0.14591	0.01797	0.00756	0.00235	0.00339	0.01613	0.00564	0.00496
17	0.01475	0.01450	0.02309	0.14535	0.60800	0.05270	0.01785	0.01829	0.01362	0.01876	0.01112	0.01485	0.00921	0.00550	0.00594	0.00181	0.00747	0.00528	0.00294	0.00897
18	0.00850	0.00631	0.00816	0.00905	0.01037	0.00596	0.00729	0.01064	0.01365	0.01767	0.11010	0.21168	0.19870	0.01634	0.00779	0.00245	0.00428	0.34008	0.00567	0.00531
19	0.11722	0.05598	0.03767	0.02524	0.39030	0.09250	0.03776	0.09443	0.01506	0.04233	0.01120	0.01363	0.00901	0.00585	0.00591	0.00178	0.02696	0.00490	0.00349	0.00876
20	0.01446	0.38237	0.22880	0.01569	0.02185	0.01902	0.17161	0.01842	0.01266	0.01662	0.00984	0.01207	0.00801	0.00551	0.00574	0.00167	0.04042	0.00449	0.00267	0.00808
21	0.00733	0.00524	0.00698	0.00838	0.00873	0.00489	0.00558	0.00838	0.01152	0.01536	0.03316	0.78466	0.03979	0.01885	0.00768	0.00244	0.00349	0.01710	0.00558	0.00489
22	0.00763	0.00611	0.00682	0.00664	0.00845	0.00530	0.00498	0.00965	0.01495	0.01919	0.31719	0.05306	0.49054	0.01414	0.00710	0.00198	0.00297	0.01202	0.00597	0.00530
23	0.03891	0.13434	0.09509	0.01197	0.01622	0.01485	0.01072	0.06146	0.32970	0.11221	0.01862	0.01855	0.01406	0.01102	0.08340	0.00265	0.00676	0.00570	0.00499	0.00879
24	0.00763	0.00599	0.00693	0.00719	0.00871	0.00529	0.00534	0.00943	0.01404	0.01796	0.20925	0.20013	0.40707	0.01537	0.00729	0.00213	0.00324	0.05599	0.00582	0.00520
25	0.01949	0.02286	0.01918	0.02118	0.21321	0.46387	0.01360	0.04277	0.01567	0.01671	0.00984	0.01228	0.00831	0.00646	0.00709	0.00173	0.09047	0.00446	0.00311	0.00771
26	0.01247	0.01069	0.01247	0.00891	0.01426	0.00802	0.00713	0.01515	0.01247	0.01960	0.01069	0.01247	0.00891	0.00446	0.00446	0.00089	0.00446	0.00356	0.00356	0.82536
27	0.01244	0.15542	0.57418	0.01521	0.02285	0.01491	0.01886	0.01823	0.01298	0.01866	0.07206	0.01489	0.01175	0.00617	0.00552	0.00180	0.00798	0.00478	0.00289	0.00843
28	0.01043	0.00785	0.00931	0.00888	0.01067	0.00803	0.00665	0.06799	0.13475	0.02257	0.32470	0.19687	0.08124	0.01370	0.03229	0.00228	0.00403	0.01087	0.04046	0.00643

[dist]
# distance from previous block
# <min> <max>
2	10

[block]
# block no. 5 follows, 38 sequences, length 37
# corresponding to MSA columns:
# 303-339
name=unknown_F
#
# <colnr> <probs for GDERKNQSTAVLIFYWHMCP>
#	G	D	E	R	K	N	Q	S	T	A	V	L	I	F	Y	W	H	M	C	P
0	0.12455	0.01770	0.18859	0.01204	0.01644	0.11920	0.01144	0.03106	0.14529	0.02209	0.18035	0.02114	0.02072	0.00765	0.00572	0.00181	0.00617	0.00605	0.00447	0.05752
1	0.08678	0.01329	0.01468	0.20522	0.06385	0.10440	0.01131	0.12984	0.07778	0.02232	0.11900	0.02352	0.06212	0.00815	0.00605	0.00191	0.00640	0.03150	0.00449	0.00739
2	0.01045	0.00522	0.00784	0.00784	0.00784	0.00522	0.00522	0.00784	0.00784	0.01045	0.01045	0.01829	0.01045	0.02090	0.02351	0.82497	0.00522	0.00522	0.00261	0.00261
3	0.01018	0.00718	0.00866	0.00823	0.01000	0.00682	0.00615	0.08407	0.01621	0.05201	0.33693	0.21874	0.18432	0.01372	0.00708	0.00204	0.00351	0.01196	0.00614	0.00602
4	0.01121	0.00561	0.00561	0.00561	0.00701	0.00561	0.00421	0.01402	0.01262	0.02243	0.01962	0.02243	0.01542	0.00701	0.00421	0.00140	0.00280	0.00561	0.82198	0.00561
5	0.02249	0.01589	0.01827	0.01586	0.09284	0.01718	0.01188	0.58467	0.02564	0.11153	0.01510	0.01512	0.01065	0.00706	0.00601	0.00181	0.00652	0.00548	0.00586	0.01016
6	0.00828	0.00600	0.00742	0.00737	0.00834	0.00576	0.00513	0.00989	0.01293	0.01761	0.30249	0.11282	0.13598	0.23749	0.09270	0.00389	0.00516	0.01065	0.00518	0.00491
7	0.02239	0.01661	0.01779	0.01374	0.01847	0.01843	0.01132	0.68886	0.07120	0.03714	0.01505	0.01493	0.01072	0.00728	0.00602	0.00182	0.00651	0.00550	0.00602	0.01019
8	0.06683	0.01424	0.02453	0.05475	0.53836	0.01457	0.12103	0.01823	0.01326	0.01966	0.01105	0.01470	0.00915	0.00562	0.00671	0.00188	0.04808	0.00547	0.00301	0.00889
9	0.01374	0.01348	0.02404	0.25538	0.44024	0.01414	0.11572	0.01765	0.01327	0.01832	0.01125	0.01542	0.00902	0.00552	0.00613	0.00189	0.00782	0.00560	0.00290	0.00848
10	0.01780	0.01823	0.08460	0.01207	0.01695	0.24247	0.01027	0.03416	0.01489	0.12357	0.01221	0.01318	0.00931	0.00559	0.00513	0.00135	0.00699	0.00413	0.00393	0.36316
11	0.00711	0.00609	0.00609	0.00609	0.00813	0.00508	0.00457	0.00863	0.01371	0.01625	0.06094	0.05789	0.74862	0.01524	0.00711	0.00203	0.00305	0.01270	0.00559	0.00508
12	0.06601	0.25399	0.01906	0.01121	0.01498	0.01695	0.00950	0.22471	0.12065	0.02361	0.01684	0.15105	0.01561	0.00875	0.00577	0.00181	0.01983	0.00688	0.00469	0.00811
13	0.01439	0.01523	0.01803	0.01561	0.01608	0.12484	0.01282	0.01576	0.01034	0.01450	0.00828	0.01306	0.00804	0.01068	0.03432	0.00263	0.65096	0.00509	0.00271	0.00661
14	0.01638	0.01894	0.02499	0.02070	0.06753	0.23441	0.29003	0.01936	0.01370	0.01672	0.01017	0.01378	0.00843	0.00684	0.00984	0.00203	0.21017	0.00557	0.00295	0.00747
15	0.01388	0.01544	0.07905	0.12847	0.32762	0.05288	0.14856	0.01774	0.01345	0.01848	0.01228	0.05322	0.01047	0.00606	0.00609	0.00181	0.00774	0.00597	0.00310	0.07767
16	0.02276	0.00926	0.01249	0.00990	0.01379	0.00810	0.00805	0.02520	0.01702	0.58388	0.16740	0.02540	0.02323	0.00839	0.00619	0.00185	0.00458	0.00699	0.03634	0.00917
17	0.01294	0.00696	0.00916	0.00861	0.01058	0.00647	0.00662	0.01518	0.01463	0.19429	0.23271	0.18360	0.06506	0.01502	0.06868	0.00264	0.00476	0.05288	0.08267	0.00654
18	0.01127	0.00635	0.00850	0.00866	0.01003	0.00578	0.00622	0.01289	0.01363	0.15686	0.16593	0.50095	0.03828	0.01546	0.00726	0.00223	0.00368	0.01384	0.00613	0.00605
19	0.00981	0.11561	0.01116	0.00812	0.01028	0.05436	0.00642	0.01176	0.01408	0.01771	0.22821	0.09182	0.30198	0.01544	0.07462	0.00258	0.00514	0.01011	0.00508	0.00573
20	0.01261	0.01191	0.01943	0.17706	0.45913	0.01224	0.01529	0.01585	0.01337	0.01811	0.02128	0.02386	0.15945	0.00750	0.00620	0.00188	0.00649	0.00685	0.00345	0.00806
21	0.01552	0.01373	0.02010	0.06026	0.41205	0.01371	0.01448	0.13286	0.05403	0.02267	0.01236	0.01478	0.00991	0.00565	0.00567	0.00163	0.00643	0.00508	0.00374	0.17533
22	0.01603	0.01453	0.01413	0.01261	0.01606	0.08244	0.00981	0.06622	0.63965	0.02487	0.02262	0.02100	0.01700	0.00794	0.00605	0.00198	0.00540	0.00647	0.00584	0.00933
23	0.83108	0.01163	0.00884	0.00791	0.01163	0.01350	0.00651	0.01768	0.01024	0.02699	0.00838	0.00977	0.00651	0.00558	0.00372	0.00186	0.00465	0.00326	0.00372	0.00651
24	0.01438	0.12597	0.02957	0.10711	0.25687	0.01595	0.32619	0.01842	0.01353	0.01824	0.01120	0.01485	0.00893	0.00527	0.00616	0.00184	0.00844	0.00581	0.00292	0.00835
25	0.00746	0.00587	0.00674	0.00703	0.00847	0.00515	0.00508	0.00912	0.01379	0.01763	0.19539	0.25726	0.40836	0.01563	0.00726	0.00212	0.00313	0.01354	0.00580	0.00515
26	0.00761	0.00611	0.00679	0.00662	0.00843	0.00529	0.00497	0.00961	0.01490	0.01906	0.30644	0.05326	0.50137	0.01419	0.00710	0.00198	0.00297	0.01205	0.00596	0.00529
27	0.00752	0.00548	0.00713	0.00838	0.00900	0.00509	0.00585	0.00877	0.01195	0.01569	0.03590	0.64552	0.11225	0.01828	0.00768	0.00243	0.00363	0.07891	0.00558	0.00496
28	0.01346	0.01142	0.01877	0.17536	0.39003	0.01184	0.01506	0.01669	0.01339	0.06250	0.01694	0.09577	0.01600	0.00850	0.00647	0.00204	0.00662	0.10733	0.00380	0.00800
29	0.01614	0.05047	0.19170	0.16754	0.06236	0.01598	0.07962	0.25268	0.06170	0.02473	0.01285	0.01482	0.00944	0.00632	0.00596	0.00188	0.00765	0.00532	0.00399	0.00884
30	0.00961	0.00678	0.00843	0.00815	0.00950	0.00715	0.00608	0.05401	0.01214	0.01721	0.06697	0.03213	0.13508	0.15003	0.32751	0.00573	0.00913	0.00789	0.12109	0.00539
31	0.00914	0.00607	0.00726	0.00731	0.00834	0.00561	0.00495	0.01033	0.01236	0.06045	0.15740	0.21586	0.18173	0.26888	0.01489	0.00334	0.00415	0.01171	0.00524	0.00498
32	0.12722	0.04883	0.48574	0.01894	0.12919	0.01432	0.05640	0.01875	0.01257	0.02011	0.01053	0.01270	0.00783	0.00559	0.00549	0.00187	0.00803	0.00451	0.00280	0.00857
33	0.05603	0.01377	0.01783	0.02255	0.33797	0.09083	0.02408	0.04897	0.09042	0.05485	0.09869	0.08398	0.01832	0.00785	0.00611	0.00187	0.00629	0.00693	0.00432	0.00832
34	0.05186	0.00788	0.00913	0.00865	0.01016	0.00848	0.00634	0.09835	0.04607	0.01859	0.02132	0.09965	0.06253	0.21845	0.21595	0.00499	0.00787	0.00806	0.08997	0.00573
35	0.01154	0.15069	0.05032	0.00925	0.01209	0.11975	0.00783	0.01370	0.01454	0.01761	0.20298	0.08091	0.26444	0.01116	0.00625	0.00181	0.00506	0.00914	0.00478	0.00615
36	0.01288	0.09630	0.04514	0.00992	0.01239	0.04405	0.00812	0.01484	0.01191	0.12214	0.01884	0.15741	0.01829	0.09511	0.25727	0.00478	0.00904	0.00779	0.00421	0.04956

[dist]
# distance from previous block
# <min> <max>
0	12

[block]
# block no. 6 follows, 38 sequences, length 31
# corresponding to MSA columns:
# 353-383
name=unknown_G
#
# <colnr> <probs for GDERKNQSTAVLIFYWHMCP>
#	G	D	E	R	K	N	Q	S	T	A	V	L	I	F	Y	W	H	M	C	P
0	0.34916	0.08979	0.10523	0.01104	0.01543	0.05281	0.01013	0.10638	0.10844	0.02485	0.03956	0.01566	0.01163	0.00675	0.00494	0.00184	0.00587	0.02857	0.00420	0.00772
1	0.01450	0.43068	0.13189	0.15037	0.12971	0.01915	0.01434	0.01776	0.01247	0.01588	0.00956	0.01199	0.00802	0.00541	0.00481	0.00158	0.00717	0.00408	0.00265	0.00797
2	0.24608	0.15942	0.18175	0.01610	0.11408	0.03154	0.07532	0.01940	0.03728	0.05225	0.01085	0.01253	0.00839	0.00564	0.00499	0.00177	0.00686	0.00437	0.00333	0.00806
3	0.01521	0.57530	0.02782	0.01329	0.08485	0.02034	0.03705	0.04417	0.01297	0.01590	0.01171	0.09472	0.01152	0.00673	0.00467	0.00151	0.00632	0.00515	0.00309	0.00769
4	0.00890	0.00644	0.00732	0.00736	0.00801	0.00650	0.00470	0.01077	0.07127	0.01393	0.02622	0.11883	0.11746	0.49602	0.06697	0.00489	0.00575	0.00985	0.00429	0.00456
5	0.00733	0.00601	0.00646	0.00654	0.00831	0.00514	0.00483	0.00898	0.01394	0.01725	0.15357	0.13354	0.57681	0.01521	0.00717	0.00206	0.00307	0.01291	0.00573	0.00514
6	0.01844	0.13054	0.06352	0.04119	0.07705	0.22628	0.01171	0.06405	0.04296	0.10741	0.01228	0.01342	0.00949	0.00606	0.00559	0.00156	0.02479	0.00444	0.00384	0.13538
7	0.00740	0.00529	0.00704	0.00833	0.00874	0.00493	0.00559	0.00856	0.01185	0.01588	0.07622	0.74008	0.04081	0.01845	0.00764	0.00241	0.00345	0.01673	0.00565	0.00493
8	0.01041	0.01193	0.07730	0.01479	0.03478	0.00972	0.26701	0.01386	0.01424	0.01866	0.12750	0.03665	0.31706	0.01022	0.00697	0.00200	0.00613	0.00962	0.00450	0.00665
9	0.01363	0.01066	0.01259	0.00905	0.01434	0.00808	0.00726	0.01628	0.01285	0.07832	0.01173	0.01311	0.00939	0.00469	0.00458	0.00097	0.00451	0.00376	0.00387	0.76030
10	0.77247	0.01153	0.00921	0.00811	0.01191	0.01316	0.00668	0.01853	0.01075	0.08007	0.00950	0.01055	0.00713	0.00572	0.00389	0.00186	0.00469	0.00346	0.00399	0.00679
11	0.83108	0.01163	0.00884	0.00791	0.01163	0.01350	0.00651	0.01768	0.01024	0.02699	0.00838	0.00977	0.00651	0.00558	0.00372	0.00186	0.00465	0.00326	0.00372	0.00651
12	0.01496	0.01292	0.01360	0.01224	0.01564	0.01496	0.00952	0.03197	0.74019	0.02516	0.02448	0.02244	0.01836	0.00816	0.00612	0.00204	0.00476	0.00680	0.00612	0.00952
13	0.50521	0.01107	0.01092	0.00904	0.01314	0.01161	0.00746	0.02240	0.01307	0.32212	0.01460	0.01411	0.00991	0.00634	0.00467	0.00186	0.00484	0.00439	0.00523	0.00802
14	0.00852	0.00595	0.00690	0.00690	0.00731	0.00595	0.00427	0.00899	0.00951	0.01255	0.02399	0.03971	0.11460	0.59241	0.12293	0.00584	0.00681	0.00896	0.00384	0.00405
15	0.01748	0.01082	0.01199	0.01002	0.01310	0.01136	0.00796	0.31510	0.01958	0.11570	0.01969	0.11704	0.01632	0.00867	0.00563	0.00176	0.00477	0.00706	0.27794	0.00800
16	0.02032	0.01254	0.01437	0.01156	0.01526	0.01311	0.00922	0.36700	0.04562	0.21093	0.03293	0.06755	0.01634	0.10895	0.00937	0.00241	0.00580	0.02182	0.00605	0.00885
17	0.01259	0.01222	0.01690	0.01460	0.01460	0.01680	0.01194	0.01374	0.00915	0.01412	0.00932	0.01654	0.00970	0.11075	0.02114	0.00304	0.67816	0.00571	0.00276	0.00620
18	0.02129	0.02329	0.01672	0.01422	0.01805	0.47366	0.01100	0.20615	0.01937	0.02136	0.01081	0.01199	0.00854	0.00624	0.00545	0.00153	0.00893	0.00423	0.00392	0.11324
19	0.08890	0.06109	0.01820	0.01798	0.14590	0.41864	0.01215	0.07860	0.06916	0.01919	0.01104	0.01253	0.00892	0.00617	0.00539	0.00166	0.00868	0.00438	0.00355	0.00786
20	0.00836	0.00603	0.00790	0.00767	0.00895	0.00557	0.00566	0.01097	0.01632	0.02299	0.65582	0.14022	0.05458	0.01314	0.00717	0.00196	0.00292	0.01168	0.00649	0.00557
21	0.01145	0.02297	0.47510	0.01629	0.02289	0.01233	0.11335	0.01695	0.01256	0.01814	0.01521	0.04718	0.03654	0.01204	0.10392	0.00299	0.00943	0.03972	0.00306	0.00789
22	0.12273	0.01169	0.01428	0.01639	0.20384	0.06575	0.01011	0.01919	0.01441	0.21376	0.08287	0.02494	0.11034	0.05505	0.00738	0.00208	0.00559	0.00677	0.00495	0.00788
23	0.01528	0.01289	0.01614	0.01658	0.14453	0.04116	0.02932	0.10761	0.20714	0.06482	0.09484	0.02367	0.08197	0.00871	0.00802	0.00200	0.10499	0.00697	0.00500	0.00836
24	0.01002	0.00832	0.01234	0.01617	0.21543	0.00800	0.00961	0.01252	0.01412	0.01925	0.21200	0.19290	0.12630	0.01267	0.00706	0.00211	0.00456	0.10501	0.00512	0.00649
25	0.01127	0.02992	0.04621	0.10924	0.01576	0.00948	0.00929	0.05617	0.01202	0.05872	0.01762	0.11975	0.01675	0.07215	0.33475	0.00554	0.02669	0.00749	0.03497	0.00621
26	0.01296	0.01172	0.01879	0.64402	0.03807	0.01413	0.04664	0.10772	0.01422	0.01844	0.01124	0.01584	0.00835	0.00613	0.00606	0.00198	0.00793	0.00543	0.00312	0.00720
27	0.01351	0.03212	0.30799	0.01224	0.01816	0.01033	0.01314	0.01779	0.01372	0.11521	0.10838	0.05349	0.01675	0.00703	0.00564	0.00163	0.00609	0.00580	0.00413	0.23685
28	0.01588	0.01111	0.01150	0.00990	0.01270	0.07304	0.00771	0.19182	0.01801	0.10758	0.15069	0.12107	0.02374	0.00941	0.00594	0.00177	0.00485	0.00780	0.17132	0.04416
29	0.00797	0.00583	0.00761	0.00867	0.00957	0.00547	0.00645	0.00965	0.01283	0.01685	0.09657	0.45463	0.13202	0.01729	0.00771	0.00242	0.00387	0.18378	0.00566	0.00514
