[name]
unknown

[dist]
# distance from previous block
# <min> <max>
0	1

[block]
# block no. 0 follows, 43 sequences, length 11
# corresponding to MSA columns:
# 1-11
name=unknown_A
#
# <colnr> <probs for GDERKNQSTAVLIFYWHMCP>
#	G	D	E	R	K	N	Q	S	T	A	V	L	I	F	Y	W	H	M	C	P
0	0.05559	0.15489	0.18019	0.01142	0.01568	0.07799	0.01136	0.01816	0.01301	0.17873	0.01688	0.02558	0.01485	0.00814	0.00553	0.00182	0.00621	0.19264	0.00412	0.00721
1	0.01136	0.18910	0.53137	0.01329	0.02003	0.01381	0.01629	0.01623	0.01171	0.01630	0.01480	0.01591	0.09490	0.00616	0.00505	0.00165	0.00709	0.00473	0.00267	0.00755
2	0.00915	0.00760	0.00857	0.00814	0.00879	0.07089	0.05023	0.00976	0.00954	0.01212	0.01906	0.19319	0.02178	0.52403	0.02049	0.00417	0.00555	0.00920	0.00365	0.00410
3	0.01630	0.08925	0.21938	0.06020	0.02139	0.21518	0.11770	0.11407	0.01497	0.06468	0.01072	0.01229	0.00799	0.00554	0.00530	0.00163	0.00809	0.00446	0.00324	0.00765
4	0.01157	0.12505	0.68426	0.01501	0.02276	0.01398	0.01910	0.01742	0.01164	0.01698	0.00966	0.01135	0.00703	0.00520	0.00505	0.00168	0.00791	0.00395	0.00234	0.00805
5	0.01806	0.01403	0.01494	0.01214	0.01603	0.01578	0.00980	0.45502	0.32824	0.03008	0.01710	0.01633	0.01250	0.00700	0.00558	0.00175	0.00539	0.00551	0.00558	0.00915
6	0.00772	0.00614	0.00890	0.00866	0.00998	0.00585	0.05478	0.00943	0.01128	0.01530	0.10953	0.38087	0.12107	0.01963	0.16139	0.00338	0.00586	0.01146	0.00457	0.04421
7	0.01173	0.13158	0.62793	0.01545	0.02300	0.01414	0.06731	0.01743	0.01173	0.01695	0.00972	0.01153	0.00712	0.00515	0.00512	0.00169	0.00796	0.00410	0.00237	0.00799
8	0.19680	0.36545	0.14158	0.01095	0.01594	0.01695	0.04541	0.08051	0.01250	0.05557	0.00939	0.01051	0.00743	0.00517	0.00421	0.00149	0.00604	0.00362	0.00311	0.00736
9	0.00675	0.00482	0.00643	0.00771	0.00803	0.00450	0.00514	0.00771	0.01060	0.01414	0.03053	0.80175	0.03663	0.01735	0.00707	0.00225	0.00321	0.01574	0.00514	0.00450
10	0.01155	0.01952	0.34829	0.01910	0.08035	0.01235	0.29583	0.01644	0.01216	0.01727	0.01283	0.10423	0.01109	0.00641	0.00597	0.00185	0.00793	0.00643	0.00287	0.00753

[dist]
# distance from previous block
# <min> <max>
0	18

[block]
# block no. 1 follows, 43 sequences, length 18
# corresponding to MSA columns:
# 30-47
name=unknown_B
#
# <colnr> <probs for GDERKNQSTAVLIFYWHMCP>
#	G	D	E	R	K	N	Q	S	T	A	V	L	I	F	Y	W	H	M	C	P
0	0.10997	0.01519	0.22622	0.06132	0.10818	0.01063	0.01267	0.02027	0.01328	0.30138	0.05596	0.01613	0.01213	0.00615	0.00528	0.00173	0.00590	0.00500	0.00441	0.00819
1	0.01345	0.01340	0.02013	0.11732	0.57318	0.07744	0.01544	0.01651	0.01270	0.01705	0.01320	0.01612	0.05837	0.00567	0.00552	0.00166	0.00671	0.00526	0.00288	0.00801
2	0.00772	0.00649	0.00929	0.07975	0.01216	0.00620	0.06983	0.00929	0.01125	0.01432	0.03417	0.31405	0.28028	0.10835	0.00923	0.00242	0.00424	0.01165	0.00448	0.00483
3	0.01699	0.04578	0.14460	0.01554	0.08317	0.22325	0.09752	0.03316	0.03912	0.16475	0.05992	0.01584	0.02306	0.00618	0.00547	0.00164	0.00733	0.00512	0.00389	0.00768
4	0.01219	0.20558	0.32886	0.01374	0.01916	0.06446	0.09925	0.01615	0.01177	0.01570	0.02784	0.06370	0.01072	0.00932	0.07618	0.00230	0.00807	0.00512	0.00275	0.00714
5	0.01060	0.01019	0.01086	0.01038	0.01162	0.14775	0.00808	0.01241	0.01009	0.01303	0.01301	0.01876	0.01204	0.03217	0.57324	0.00696	0.08521	0.00541	0.00290	0.00531
6	0.01236	0.04604	0.27233	0.20638	0.05030	0.09317	0.06879	0.01634	0.01213	0.03833	0.01424	0.01651	0.07703	0.00637	0.00611	0.00177	0.04670	0.00518	0.00287	0.00704
7	0.01253	0.02135	0.39569	0.06125	0.29037	0.04722	0.05879	0.01739	0.01224	0.01740	0.01011	0.01267	0.00774	0.00515	0.00541	0.00171	0.00772	0.00454	0.00254	0.00818
8	0.01315	0.01473	0.03146	0.02462	0.11778	0.01390	0.66284	0.01765	0.01302	0.01778	0.01111	0.01479	0.00845	0.00470	0.00641	0.00184	0.00901	0.00634	0.00279	0.00763
9	0.00677	0.00491	0.00640	0.00753	0.00800	0.00454	0.00507	0.00782	0.01093	0.01448	0.05776	0.71928	0.09230	0.01689	0.00701	0.00220	0.00316	0.01524	0.00517	0.00454
10	0.01579	0.07684	0.08563	0.15659	0.09166	0.01304	0.16457	0.06624	0.06804	0.18566	0.01381	0.01521	0.00988	0.00572	0.00557	0.00173	0.00678	0.00527	0.00394	0.00803
11	0.01127	0.00986	0.01605	0.01631	0.15102	0.00975	0.15865	0.11525	0.01362	0.01847	0.02060	0.39081	0.02211	0.01106	0.00646	0.00198	0.00546	0.01044	0.00429	0.00656
12	0.00755	0.00565	0.00700	0.00666	0.00810	0.00510	0.00500	0.00989	0.01499	0.02058	0.60797	0.04405	0.21319	0.01193	0.00654	0.00177	0.00266	0.01039	0.00588	0.00510
13	0.01228	0.15943	0.18100	0.22256	0.04664	0.07980	0.10202	0.01583	0.01187	0.01516	0.01172	0.09517	0.01047	0.00647	0.00535	0.00171	0.00729	0.00560	0.00278	0.00684
14	0.04116	0.25141	0.49442	0.01331	0.01996	0.01514	0.01609	0.01682	0.01134	0.01625	0.00947	0.01132	0.00736	0.00700	0.04536	0.00196	0.00774	0.00382	0.00242	0.00763
15	0.01701	0.01574	0.22134	0.01551	0.06535	0.01075	0.16841	0.02086	0.01378	0.32494	0.01762	0.01770	0.05211	0.00625	0.00574	0.00176	0.00662	0.00568	0.00445	0.00838
16	0.00669	0.00503	0.00621	0.00715	0.00789	0.00455	0.00489	0.00777	0.01114	0.01436	0.03736	0.60174	0.23223	0.01646	0.00693	0.00215	0.00310	0.01466	0.00514	0.00455
17	0.04205	0.01236	0.04793	0.04416	0.34860	0.01208	0.07209	0.09356	0.08181	0.01968	0.01538	0.15622	0.01437	0.00760	0.00579	0.00181	0.00595	0.00704	0.00374	0.00777

[dist]
# distance from previous block
# <min> <max>
2	14

[block]
# block no. 2 follows, 43 sequences, length 33
# corresponding to MSA columns:
# 62-94
name=unknown_C
#
# <colnr> <probs for GDERKNQSTAVLIFYWHMCP>
#	G	D	E	R	K	N	Q	S	T	A	V	L	I	F	Y	W	H	M	C	P
0	0.04182	0.08553	0.24538	0.01710	0.02264	0.18425	0.26604	0.01886	0.03549	0.01677	0.01019	0.01238	0.00779	0.00518	0.00545	0.00168	0.00855	0.00475	0.00275	0.00741
1	0.01216	0.04165	0.12705	0.01072	0.01384	0.20426	0.00947	0.01612	0.10261	0.01558	0.02430	0.06015	0.20215	0.01367	0.11908	0.00276	0.00750	0.00689	0.00379	0.00625
2	0.01559	0.17856	0.15684	0.01878	0.19314	0.10716	0.10084	0.08131	0.01396	0.06765	0.01065	0.01238	0.00826	0.00529	0.00513	0.00158	0.00730	0.00446	0.00313	0.00799
3	0.01461	0.18225	0.17591	0.01140	0.01563	0.24143	0.01090	0.01720	0.01327	0.06472	0.02006	0.02028	0.17584	0.00733	0.00513	0.00156	0.00684	0.00548	0.00342	0.00674
4	0.00688	0.00488	0.00639	0.00754	0.00783	0.00459	0.00496	0.00775	0.01034	0.01378	0.02916	0.72201	0.03491	0.09943	0.00927	0.00257	0.00344	0.01494	0.00496	0.00438
5	0.01104	0.01010	0.01661	0.10143	0.40481	0.01017	0.03445	0.01379	0.01234	0.01700	0.07145	0.15673	0.07402	0.00863	0.00602	0.00183	0.00555	0.03336	0.00363	0.00704
6	0.01362	0.01445	0.12962	0.11754	0.41457	0.01251	0.01543	0.05581	0.04667	0.06155	0.05483	0.01570	0.01150	0.00573	0.00553	0.00171	0.00646	0.00520	0.00335	0.00824
7	0.00691	0.00494	0.00657	0.00760	0.00807	0.00460	0.00515	0.00811	0.01134	0.01532	0.13807	0.69084	0.03891	0.01647	0.00699	0.00218	0.00313	0.01491	0.00528	0.00460
8	0.01178	0.01817	0.29419	0.21475	0.15709	0.01315	0.14359	0.01644	0.01179	0.01663	0.01010	0.01339	0.00766	0.00537	0.00616	0.00181	0.04295	0.00490	0.00252	0.00756
9	0.07050	0.14528	0.01484	0.07449	0.04832	0.03921	0.00864	0.12781	0.01462	0.18373	0.01440	0.01525	0.01060	0.00602	0.00465	0.00151	0.00507	0.00463	0.20304	0.00739
10	0.01481	0.80869	0.02902	0.00948	0.01421	0.02191	0.00948	0.01658	0.01125	0.01303	0.00770	0.00888	0.00711	0.00474	0.00355	0.00118	0.00592	0.00296	0.00237	0.00711
11	0.00739	0.00528	0.00717	0.00845	0.00906	0.00506	0.00627	0.00883	0.01124	0.01486	0.03017	0.58213	0.03522	0.01674	0.00724	0.00234	0.00377	0.22898	0.00513	0.00468
12	0.00976	0.01192	0.12719	0.03556	0.18544	0.04863	0.01036	0.01238	0.01240	0.01599	0.04429	0.12841	0.31530	0.01033	0.00607	0.00182	0.00503	0.00887	0.00400	0.00626
13	0.01129	0.02736	0.70686	0.01649	0.02444	0.01297	0.08898	0.01756	0.01182	0.01756	0.01006	0.01200	0.00715	0.00521	0.00538	0.00176	0.00829	0.00432	0.00238	0.00812
14	0.00774	0.00566	0.00727	0.00687	0.00821	0.00518	0.00515	0.01026	0.01545	0.02166	0.71438	0.04227	0.10611	0.01153	0.00653	0.00175	0.00263	0.01014	0.00602	0.00518
15	0.00655	0.00561	0.00561	0.00561	0.00748	0.00468	0.00421	0.00795	0.01262	0.01496	0.05610	0.05330	0.76857	0.01403	0.00655	0.00187	0.00281	0.01169	0.00514	0.00468
16	0.01744	0.01885	0.02141	0.01671	0.02081	0.30057	0.26904	0.18506	0.01712	0.02030	0.05014	0.01410	0.01045	0.00585	0.00574	0.00165	0.00850	0.00526	0.00361	0.00740
17	0.00675	0.00482	0.00643	0.00771	0.00803	0.00450	0.00514	0.00771	0.01060	0.01414	0.03053	0.80175	0.03663	0.01735	0.00707	0.00225	0.00321	0.01574	0.00514	0.00450
18	0.01291	0.01099	0.01178	0.01064	0.01351	0.01253	0.00825	0.02666	0.65213	0.02303	0.13125	0.02368	0.02206	0.00807	0.00577	0.00186	0.00412	0.00681	0.00570	0.00825
19	0.01249	0.01605	0.16589	0.32380	0.11337	0.11371	0.03915	0.04526	0.01260	0.01614	0.01177	0.08294	0.01014	0.00650	0.00557	0.00178	0.00744	0.00559	0.00289	0.00692
20	0.01394	0.59906	0.13662	0.01101	0.01568	0.02000	0.01140	0.01633	0.01098	0.01372	0.00797	0.00968	0.00711	0.00541	0.00556	0.00142	0.10124	0.00335	0.00237	0.00714
21	0.00675	0.00482	0.00643	0.00771	0.00803	0.00450	0.00514	0.00771	0.01060	0.01414	0.03053	0.80175	0.03663	0.01735	0.00707	0.00225	0.00321	0.01574	0.00514	0.00450
22	0.00670	0.00562	0.00583	0.00577	0.00758	0.00474	0.00433	0.00825	0.01299	0.01583	0.14176	0.05186	0.68237	0.01370	0.00654	0.00185	0.00278	0.01149	0.00526	0.00474
23	0.01528	0.09257	0.15187	0.05195	0.25919	0.11371	0.07611	0.13845	0.01490	0.01951	0.01036	0.01251	0.00812	0.00536	0.00530	0.00162	0.00742	0.00457	0.00311	0.00811
24	0.00980	0.00883	0.00946	0.00925	0.01036	0.11990	0.00693	0.01139	0.00976	0.01264	0.01432	0.02223	0.01382	0.15199	0.55551	0.00728	0.01269	0.00591	0.00301	0.00492
25	0.01361	0.01343	0.02402	0.03238	0.65846	0.01329	0.12811	0.01711	0.01268	0.01804	0.01054	0.01389	0.00872	0.00489	0.00564	0.00168	0.00700	0.00518	0.00275	0.00858
26	0.01439	0.01372	0.05708	0.13519	0.31053	0.01338	0.16225	0.09597	0.06271	0.06170	0.01220	0.01471	0.00929	0.00544	0.00571	0.00174	0.00702	0.00534	0.00341	0.00821
27	0.01449	0.01452	0.02709	0.02339	0.18358	0.01431	0.44574	0.13374	0.04831	0.02076	0.01187	0.01467	0.00902	0.00516	0.00612	0.00179	0.00802	0.00594	0.00335	0.00811
28	0.01801	0.02136	0.04356	0.01441	0.01780	0.48576	0.09943	0.04956	0.08002	0.03923	0.06780	0.01432	0.01180	0.00622	0.00540	0.00157	0.00850	0.00478	0.00354	0.00693
29	0.05647	0.06366	0.43984	0.01670	0.06223	0.01410	0.12817	0.11909	0.01379	0.02015	0.01039	0.01223	0.00760	0.00531	0.00532	0.00172	0.00766	0.00452	0.00293	0.00811
30	0.01469	0.12881	0.10140	0.01322	0.04570	0.01212	0.12349	0.06678	0.07780	0.16315	0.05135	0.12215	0.03945	0.00783	0.00566	0.00175	0.00576	0.00692	0.00442	0.00758
31	0.04084	0.08460	0.32946	0.01437	0.01970	0.13483	0.10276	0.03265	0.03007	0.03722	0.01221	0.07735	0.01038	0.00795	0.04000	0.00203	0.00796	0.00533	0.00304	0.00729
32	0.07887	0.11347	0.01468	0.04202	0.07102	0.15259	0.00897	0.05624	0.01394	0.18745	0.03991	0.12811	0.05400	0.00804	0.00533	0.00168	0.00574	0.00647	0.00439	0.00707

[dist]
# distance from previous block
# <min> <max>
0	79

[block]
# block no. 3 follows, 43 sequences, length 15
# corresponding to MSA columns:
# 182-196
name=unknown_D
#
# <colnr> <probs for GDERKNQSTAVLIFYWHMCP>
#	G	D	E	R	K	N	Q	S	T	A	V	L	I	F	Y	W	H	M	C	P
0	0.13954	0.01856	0.28980	0.04372	0.01913	0.04129	0.04909	0.15893	0.03166	0.05358	0.01138	0.01340	0.00858	0.04100	0.00607	0.00183	0.00668	0.00447	0.00353	0.05775
1	0.17752	0.04019	0.13626	0.06175	0.12116	0.04480	0.01210	0.19916	0.06112	0.07726	0.01189	0.01293	0.00876	0.00580	0.00500	0.00169	0.00617	0.00445	0.00395	0.00804
2	0.10042	0.17378	0.04421	0.01153	0.01582	0.09371	0.00997	0.34381	0.06137	0.07617	0.01215	0.01240	0.00903	0.00604	0.00488	0.00157	0.00615	0.00433	0.00441	0.00824
3	0.02702	0.02145	0.01082	0.01010	0.06521	0.00862	0.00713	0.12533	0.03165	0.11378	0.17414	0.08599	0.06863	0.08033	0.00764	0.00198	0.00422	0.00746	0.07855	0.06996
4	0.01153	0.01170	0.00968	0.00935	0.01054	0.22986	0.00666	0.01274	0.01238	0.01467	0.15869	0.19489	0.04524	0.19554	0.01181	0.00264	0.04423	0.00874	0.00411	0.00500
5	0.00849	0.00590	0.00674	0.00647	0.00830	0.00510	0.00487	0.01021	0.01348	0.08381	0.22129	0.10515	0.47407	0.01300	0.00650	0.00185	0.00296	0.01106	0.00552	0.00521
6	0.84448	0.01071	0.00814	0.00728	0.01071	0.01242	0.00600	0.01628	0.00943	0.02485	0.00771	0.00900	0.00600	0.00514	0.00343	0.00171	0.00428	0.00300	0.00343	0.00600
7	0.01083	0.01022	0.01728	0.70528	0.12201	0.01240	0.01557	0.01448	0.01125	0.01460	0.00991	0.01464	0.00754	0.00547	0.00553	0.00182	0.00729	0.00492	0.00249	0.00645
8	0.01170	0.01009	0.01054	0.00964	0.01241	0.01116	0.00746	0.02326	0.54580	0.02081	0.03219	0.03004	0.23292	0.00939	0.00590	0.00188	0.00393	0.00782	0.00549	0.00759
9	0.00971	0.00529	0.00572	0.00561	0.00691	0.00518	0.00421	0.01229	0.01262	0.02104	0.20449	0.02580	0.02366	0.00766	0.00453	0.00140	0.00259	0.00637	0.62974	0.00518
10	0.01397	0.01541	0.20229	0.01151	0.01580	0.01200	0.01113	0.32031	0.01841	0.02521	0.16018	0.07476	0.07806	0.00849	0.00584	0.00176	0.00550	0.00697	0.00479	0.00761
11	0.01103	0.00618	0.00799	0.00747	0.00890	0.00569	0.00537	0.01267	0.01309	0.16646	0.31782	0.17886	0.03469	0.18545	0.01119	0.00263	0.00374	0.00979	0.00547	0.00551
12	0.01020	0.01334	0.15971	0.00994	0.01250	0.13225	0.00891	0.01236	0.01174	0.01450	0.02505	0.21354	0.14600	0.13747	0.00969	0.00247	0.00571	0.06526	0.00393	0.00543
13	0.00910	0.00677	0.00946	0.00911	0.01036	0.00777	0.00708	0.07653	0.01040	0.01474	0.01482	0.02168	0.01375	0.07453	0.67779	0.00808	0.01360	0.00595	0.00322	0.00527
14	0.01403	0.02415	0.40786	0.01791	0.14005	0.19560	0.01655	0.01961	0.08011	0.01719	0.01082	0.01241	0.00821	0.00552	0.00527	0.00167	0.00802	0.00430	0.00282	0.00791

[dist]
# distance from previous block
# <min> <max>
0	1

[block]
# block no. 4 follows, 43 sequences, length 10
# corresponding to MSA columns:
# 198-207
name=unknown_E
#
# <colnr> <probs for GDERKNQSTAVLIFYWHMCP>
#	G	D	E	R	K	N	Q	S	T	A	V	L	I	F	Y	W	H	M	C	P
0	0.47294	0.01683	0.01163	0.01030	0.01361	0.29267	0.00810	0.08315	0.01316	0.02163	0.00851	0.00973	0.00671	0.00548	0.00418	0.00160	0.00651	0.00338	0.00340	0.00645
1	0.01411	0.01422	0.02054	0.02951	0.61538	0.10845	0.01540	0.01706	0.01269	0.01710	0.01054	0.01390	0.00898	0.00800	0.06846	0.00221	0.00767	0.00485	0.00277	0.00817
2	0.01232	0.01206	0.02167	0.19514	0.39220	0.01239	0.15555	0.01585	0.01237	0.01696	0.01318	0.01883	0.03325	0.00603	0.00588	0.00180	0.00706	0.05696	0.00293	0.00757
3	0.00977	0.00826	0.01271	0.14037	0.20770	0.00859	0.00989	0.01233	0.01243	0.01722	0.24706	0.02840	0.05267	0.09977	0.08879	0.00290	0.00603	0.02514	0.00397	0.00602
4	0.00794	0.00582	0.00834	0.00834	0.00913	0.00662	0.00622	0.00953	0.00873	0.01244	0.01535	0.02460	0.01508	0.19138	0.63526	0.00821	0.01298	0.00635	0.00304	0.00463
5	0.60287	0.01033	0.00953	0.00804	0.01172	0.01116	0.00663	0.01944	0.01132	0.24588	0.01188	0.01190	0.00827	0.00565	0.00406	0.00171	0.00441	0.00376	0.00444	0.00701
6	0.01190	0.01469	0.20476	0.13836	0.05489	0.01129	0.06572	0.14904	0.01421	0.01947	0.03338	0.20775	0.01653	0.00882	0.00598	0.00189	0.00627	0.02419	0.00383	0.00702
7	0.00670	0.00562	0.00582	0.00577	0.00757	0.00474	0.00433	0.00825	0.01299	0.01582	0.14071	0.05188	0.68342	0.01370	0.00654	0.00185	0.00278	0.01149	0.00526	0.00474
8	0.01028	0.01578	0.28134	0.01523	0.11092	0.01005	0.08712	0.01485	0.04802	0.01810	0.14981	0.10896	0.08902	0.00847	0.00597	0.00182	0.00590	0.00757	0.00382	0.00697
9	0.01745	0.09196	0.11509	0.01560	0.02021	0.28459	0.16774	0.18467	0.01658	0.01969	0.01028	0.01189	0.00790	0.00556	0.00535	0.00159	0.00839	0.00452	0.00334	0.00760

[dist]
# distance from previous block
# <min> <max>
0	8

[block]
# block no. 5 follows, 43 sequences, length 14
# corresponding to MSA columns:
# 217-222,249-256
name=unknown_F
#
# <colnr> <probs for GDERKNQSTAVLIFYWHMCP>
#	G	D	E	R	K	N	Q	S	T	A	V	L	I	F	Y	W	H	M	C	P
0	0.01529	0.03686	0.10974	0.03815	0.19381	0.21868	0.09149	0.07634	0.07994	0.01808	0.01239	0.06141	0.01049	0.00628	0.00551	0.00168	0.00754	0.00538	0.00333	0.00762
1	0.03245	0.07116	0.08841	0.01300	0.01732	0.27690	0.08541	0.10576	0.01486	0.01807	0.01237	0.01368	0.05040	0.00574	0.00502	0.00142	0.00733	0.00443	0.00331	0.17294
2	0.27484	0.01116	0.00993	0.00908	0.01189	0.07851	0.00721	0.06542	0.18052	0.02166	0.06766	0.02563	0.14076	0.00849	0.00524	0.00182	0.00464	0.06440	0.00459	0.00654
3	0.01306	0.24965	0.39275	0.01412	0.04247	0.05127	0.03469	0.01889	0.10150	0.01676	0.01079	0.01203	0.00832	0.00538	0.00484	0.00159	0.00715	0.00409	0.00279	0.00786
4	0.11186	0.01190	0.02081	0.14912	0.04655	0.01234	0.31635	0.07306	0.03166	0.01881	0.01324	0.09812	0.01155	0.00852	0.04947	0.00226	0.00759	0.00660	0.00336	0.00684
5	0.00792	0.00591	0.00783	0.00805	0.00906	0.00605	0.00589	0.01078	0.06863	0.01707	0.26124	0.30194	0.03434	0.02082	0.20385	0.00375	0.00606	0.01071	0.00493	0.00517
6	0.00776	0.00608	0.00842	0.01044	0.09932	0.00570	0.00645	0.00937	0.01208	0.01625	0.17145	0.46295	0.13423	0.01428	0.00671	0.00203	0.00345	0.01282	0.00504	0.00517
7	0.00713	0.00563	0.00642	0.00622	0.00784	0.00492	0.00467	0.00907	0.01400	0.01822	0.37598	0.04794	0.44666	0.01281	0.00654	0.00181	0.00272	0.01094	0.00557	0.00492
8	0.01426	0.09255	0.20031	0.06955	0.01996	0.09180	0.08186	0.14144	0.01399	0.01881	0.01041	0.01286	0.00820	0.00731	0.03107	0.00197	0.12823	0.00460	0.04350	0.00733
9	0.00695	0.00533	0.00601	0.00638	0.00740	0.00478	0.00436	0.00800	0.01125	0.01418	0.06904	0.27325	0.37502	0.16971	0.01094	0.00266	0.00342	0.01212	0.00483	0.00439
10	0.00759	0.00542	0.00632	0.00641	0.00700	0.00523	0.00413	0.00834	0.00999	0.01314	0.09606	0.12038	0.17085	0.44146	0.07064	0.00425	0.00502	0.00962	0.00412	0.00402
11	0.49312	0.01735	0.27872	0.01066	0.01583	0.01292	0.01140	0.06911	0.01140	0.02300	0.00889	0.01025	0.00660	0.00529	0.00422	0.00172	0.00578	0.00352	0.00320	0.00701
12	0.01614	0.01430	0.01542	0.01351	0.05054	0.14188	0.07436	0.22886	0.17828	0.02155	0.01347	0.01520	0.01058	0.00889	0.00870	0.16545	0.00643	0.00512	0.00413	0.00720
13	0.17223	0.01885	0.01453	0.09704	0.09418	0.41110	0.01059	0.04185	0.01387	0.01694	0.01154	0.01322	0.04988	0.00600	0.00491	0.00158	0.00777	0.00424	0.00312	0.00655

[dist]
# distance from previous block
# <min> <max>
5	6

[block]
# block no. 6 follows, 43 sequences, length 10
# corresponding to MSA columns:
# 266-274,281
name=unknown_G
#
# <colnr> <probs for GDERKNQSTAVLIFYWHMCP>
#	G	D	E	R	K	N	Q	S	T	A	V	L	I	F	Y	W	H	M	C	P
0	0.01596	0.01112	0.01560	0.01149	0.01611	0.00987	0.11478	0.09028	0.01410	0.20531	0.01322	0.01400	0.00967	0.00534	0.00552	0.00134	0.03717	0.00454	0.00428	0.40030
1	0.01251	0.00912	0.01326	0.03139	0.20055	0.00852	0.02561	0.01518	0.03811	0.12173	0.08907	0.14612	0.01943	0.09058	0.00799	0.00202	0.00484	0.00737	0.00427	0.15234
2	0.09645	0.04045	0.02119	0.02220	0.28580	0.16317	0.15427	0.01757	0.01240	0.01703	0.00945	0.01240	0.00786	0.00567	0.00698	0.00174	0.11046	0.00471	0.00279	0.00739
3	0.01159	0.22183	0.05950	0.01502	0.09073	0.01334	0.17177	0.01446	0.01094	0.01472	0.01148	0.01557	0.01003	0.01833	0.29190	0.00425	0.01013	0.00509	0.00272	0.00661
4	0.00750	0.00540	0.00710	0.00720	0.00820	0.00500	0.00520	0.00959	0.01408	0.01967	0.53588	0.28062	0.04734	0.01322	0.00670	0.00190	0.00280	0.01182	0.00580	0.00500
5	0.01154	0.01150	0.02101	0.07719	0.20222	0.01192	0.25141	0.01465	0.01209	0.01687	0.07973	0.12965	0.01618	0.00785	0.00779	0.00193	0.10879	0.00744	0.00334	0.00688
6	0.00690	0.00493	0.00661	0.00789	0.00828	0.00463	0.00541	0.00798	0.01076	0.01431	0.03044	0.74841	0.03629	0.01720	0.00711	0.00227	0.00335	0.06753	0.00514	0.00454
7	0.01197	0.01289	0.00989	0.00996	0.01138	0.29153	0.00715	0.01327	0.01303	0.01468	0.08869	0.40546	0.06379	0.01236	0.00623	0.00188	0.00564	0.01055	0.00438	0.00528
8	0.01323	0.15007	0.33178	0.01207	0.01810	0.01296	0.01322	0.04191	0.07592	0.06621	0.01148	0.01245	0.00866	0.00524	0.00476	0.00144	0.00622	0.00402	0.00324	0.20701
9	0.01136	0.01108	0.08909	0.01130	0.01539	0.00837	0.14984	0.01446	0.01322	0.08491	0.16857	0.02587	0.14760	0.00769	0.00571	0.00155	0.00504	0.00695	0.00429	0.21771

[dist]
# distance from previous block
# <min> <max>
0	2

[block]
# block no. 7 follows, 43 sequences, length 55
# corresponding to MSA columns:
# 284-301,312-348
name=unknown_H
#
# <colnr> <probs for GDERKNQSTAVLIFYWHMCP>
#	G	D	E	R	K	N	Q	S	T	A	V	L	I	F	Y	W	H	M	C	P
0	0.01288	0.01370	0.20133	0.01041	0.01473	0.00915	0.01000	0.04506	0.07128	0.12629	0.01608	0.10714	0.01423	0.11004	0.00823	0.00205	0.00537	0.00616	0.00406	0.21183
1	0.01627	0.07647	0.04571	0.01437	0.11275	0.01448	0.01062	0.30589	0.18421	0.05221	0.03570	0.07768	0.01414	0.00739	0.00553	0.00172	0.00548	0.00607	0.00486	0.00846
2	0.12565	0.12792	0.04605	0.01141	0.01555	0.10083	0.06676	0.09467	0.01465	0.26513	0.01456	0.05496	0.01101	0.00645	0.00505	0.00163	0.00598	0.00509	0.00453	0.02212
3	0.00835	0.00558	0.00667	0.00712	0.00796	0.00543	0.00490	0.01052	0.05733	0.02893	0.08098	0.40052	0.07123	0.12731	0.00938	0.00244	0.00345	0.01144	0.14559	0.00486
4	0.01620	0.01262	0.01694	0.01873	0.27975	0.01238	0.01153	0.22710	0.02973	0.08916	0.01231	0.01359	0.00939	0.00542	0.00515	0.00145	0.00560	0.00460	0.00409	0.22428
5	0.02583	0.01493	0.24899	0.01327	0.10196	0.00942	0.01179	0.01524	0.03302	0.04057	0.22536	0.02068	0.02073	0.00679	0.00538	0.00153	0.00526	0.00577	0.00389	0.18960
6	0.52301	0.06515	0.01191	0.00971	0.01303	0.26581	0.00776	0.01821	0.01159	0.02041	0.00799	0.00931	0.00644	0.00530	0.00395	0.00159	0.00626	0.00318	0.00317	0.00621
7	0.01787	0.10933	0.11450	0.01247	0.01672	0.21003	0.01106	0.14171	0.17647	0.11455	0.01407	0.01402	0.01041	0.00622	0.00516	0.00161	0.00679	0.00462	0.00427	0.00809
8	0.01462	0.10316	0.04369	0.01720	0.11588	0.01197	0.25288	0.01801	0.03394	0.16956	0.01640	0.14805	0.01435	0.00740	0.00589	0.00179	0.00645	0.00720	0.00402	0.00755
9	0.01426	0.00702	0.00923	0.00798	0.01006	0.00649	0.00600	0.01600	0.01331	0.29989	0.24264	0.03005	0.02678	0.20582	0.07684	0.00322	0.00510	0.00753	0.00545	0.00632
10	0.01285	0.01651	0.11794	0.02248	0.02837	0.01387	0.66702	0.01772	0.01291	0.01772	0.01106	0.01457	0.00824	0.00474	0.00639	0.00185	0.00921	0.00626	0.00275	0.00755
11	0.02110	0.00860	0.01165	0.00922	0.01285	0.00750	0.00750	0.02335	0.01581	0.60894	0.18615	0.02381	0.02220	0.00784	0.00578	0.00172	0.00425	0.00655	0.00669	0.00850
12	0.00670	0.00502	0.00621	0.00717	0.00789	0.00454	0.00490	0.00777	0.01113	0.01435	0.03716	0.60774	0.22636	0.01649	0.00693	0.00215	0.00311	0.01469	0.00514	0.00454
13	0.00793	0.00587	0.00859	0.00859	0.00948	0.00676	0.00654	0.00969	0.00881	0.01263	0.01511	0.02331	0.01452	0.12340	0.70247	0.00852	0.01382	0.00616	0.00301	0.00477
14	0.01758	0.01575	0.11601	0.04985	0.23598	0.01444	0.01365	0.34985	0.01879	0.09470	0.01268	0.01377	0.00923	0.00595	0.00549	0.00168	0.00643	0.00491	0.00432	0.00894
15	0.13154	0.06830	0.26307	0.01907	0.26436	0.01261	0.01457	0.01613	0.01132	0.01802	0.01040	0.01316	0.00842	0.00929	0.09410	0.00248	0.00757	0.00438	0.02368	0.00755
16	0.01481	0.80869	0.02902	0.00948	0.01421	0.02191	0.00948	0.01658	0.01125	0.01303	0.00770	0.00888	0.00711	0.00474	0.00355	0.00118	0.00592	0.00296	0.00237	0.00711
17	0.84448	0.01071	0.00814	0.00728	0.01071	0.01242	0.00600	0.01628	0.00943	0.02485	0.00771	0.00900	0.00600	0.00514	0.00343	0.00171	0.00428	0.00300	0.00343	0.00600
18	0.01232	0.01239	0.01815	0.26004	0.11104	0.11062	0.16605	0.01542	0.01224	0.01601	0.01311	0.09754	0.01158	0.00671	0.00582	0.00176	0.01804	0.00625	0.09843	0.00648
19	0.00962	0.00481	0.00722	0.00722	0.00722	0.00481	0.00481	0.00722	0.00722	0.00962	0.00962	0.01684	0.00962	0.01924	0.02165	0.83886	0.00481	0.00481	0.00241	0.00241
20	0.00791	0.00593	0.00890	0.00890	0.00989	0.00692	0.00692	0.00989	0.00890	0.01286	0.01483	0.02176	0.01385	0.04154	0.78341	0.00890	0.01483	0.00593	0.00297	0.00494
21	0.01693	0.58820	0.02497	0.01031	0.01468	0.14576	0.00953	0.01869	0.01251	0.10039	0.00946	0.01021	0.00787	0.00514	0.00402	0.00129	0.00645	0.00336	0.00296	0.00726
22	0.01303	0.00689	0.00734	0.00657	0.00854	0.00698	0.00512	0.10958	0.01386	0.09127	0.01780	0.01954	0.01353	0.00651	0.00424	0.00138	0.00323	0.00518	0.65331	0.00610
23	0.00997	0.00788	0.00989	0.01066	0.09679	0.00767	0.00715	0.11685	0.01539	0.02054	0.27453	0.10153	0.25212	0.01136	0.00636	0.00183	0.00376	0.03448	0.00524	0.00601
24	0.00687	0.00559	0.00609	0.00603	0.00770	0.00481	0.00450	0.00856	0.01330	0.01673	0.23204	0.07996	0.56153	0.01349	0.00656	0.00185	0.00277	0.01143	0.00538	0.00481
25	0.01529	0.08255	0.01524	0.01337	0.10050	0.14313	0.00957	0.24520	0.01725	0.02166	0.08173	0.06118	0.13036	0.00829	0.00595	0.00167	0.02893	0.00656	0.00436	0.00721
26	0.12176	0.10470	0.10615	0.15041	0.26710	0.01317	0.01357	0.01787	0.01214	0.12635	0.01125	0.01323	0.00849	0.00535	0.00499	0.00166	0.00626	0.00445	0.00328	0.00781
27	0.01369	0.01272	0.08327	0.03153	0.01548	0.04587	0.04892	0.16437	0.07465	0.06888	0.10191	0.11940	0.01831	0.01098	0.05899	0.00234	0.09740	0.00705	0.00444	0.01981
28	0.01321	0.01208	0.01520	0.10631	0.20137	0.04798	0.01164	0.02251	0.38324	0.01979	0.01817	0.02200	0.01489	0.00736	0.00576	0.00186	0.00559	0.07866	0.00438	0.00799
29	0.28605	0.03518	0.12406	0.01368	0.07936	0.01188	0.12876	0.01731	0.02945	0.06735	0.01066	0.01231	0.00809	0.00511	0.00466	0.00159	0.00584	0.00422	0.02768	0.12677
30	0.09155	0.27634	0.01792	0.01104	0.03335	0.22328	0.00879	0.05419	0.08097	0.01606	0.01103	0.01454	0.00994	0.12041	0.00781	0.00200	0.00668	0.00431	0.00320	0.00659
31	0.57399	0.01209	0.01070	0.00899	0.01268	0.01380	0.00739	0.21812	0.05512	0.02750	0.01005	0.01081	0.00753	0.00568	0.00413	0.00171	0.00478	0.00372	0.00413	0.00708
32	0.00795	0.00577	0.00805	0.00805	0.00874	0.00646	0.00586	0.00934	0.00865	0.01223	0.01561	0.02607	0.01572	0.26886	0.55865	0.00785	0.01202	0.00656	0.00308	0.00447
33	0.00937	0.00801	0.01059	0.12362	0.10123	0.03892	0.00836	0.04230	0.01256	0.01648	0.11255	0.36960	0.10025	0.01226	0.00640	0.00197	0.00449	0.01092	0.00451	0.00562
34	0.00708	0.00563	0.00636	0.00617	0.00781	0.00490	0.00463	0.00899	0.01389	0.01797	0.35196	0.04834	0.47083	0.01290	0.00654	0.00182	0.00273	0.01099	0.00554	0.00490
35	0.01359	0.01495	0.10224	0.12715	0.11673	0.08070	0.01229	0.02363	0.40554	0.01973	0.01649	0.01696	0.01250	0.00648	0.00550	0.00179	0.00602	0.00541	0.00418	0.00812
36	0.00793	0.00585	0.00849	0.00849	0.00934	0.00670	0.00641	0.00963	0.00878	0.01255	0.01521	0.02384	0.01475	0.15127	0.67491	0.00839	0.01347	0.00624	0.00302	0.00472
37	0.01193	0.00957	0.01175	0.01296	0.13967	0.00978	0.00843	0.12137	0.15970	0.04702	0.03118	0.12983	0.26344	0.01033	0.00608	0.00185	0.00434	0.00883	0.00495	0.00699
38	0.38128	0.29801	0.17073	0.00978	0.01463	0.01589	0.01015	0.01664	0.01053	0.01917	0.00816	0.00950	0.00660	0.00502	0.00384	0.00153	0.00565	0.00321	0.00283	0.00683
39	0.00791	0.00593	0.00890	0.00890	0.00989	0.00692	0.00692	0.00989	0.00890	0.01286	0.01483	0.02176	0.01385	0.04154	0.78341	0.00890	0.01483	0.00593	0.00297	0.00494
40	0.11350	0.05880	0.10361	0.01625	0.12531	0.46030	0.01212	0.01993	0.01387	0.01594	0.00885	0.01055	0.00722	0.00544	0.00485	0.00152	0.00845	0.00373	0.00282	0.00694
41	0.01617	0.02088	0.10364	0.01433	0.01810	0.39734	0.10637	0.02094	0.13789	0.01627	0.01571	0.01654	0.07837	0.00658	0.00547	0.00164	0.00811	0.00520	0.00346	0.00699
42	0.01731	0.10983	0.22511	0.01314	0.01857	0.01640	0.01304	0.43673	0.05188	0.02716	0.01214	0.01267	0.00882	0.00609	0.00524	0.00164	0.00657	0.00457	0.00431	0.00879
43	0.01153	0.11804	0.69099	0.01506	0.02285	0.01390	0.01920	0.01743	0.01164	0.01702	0.00968	0.01137	0.00703	0.00520	0.00507	0.00169	0.00793	0.00396	0.00234	0.00806
44	0.01139	0.10766	0.25175	0.01123	0.01531	0.07487	0.01151	0.01463	0.01136	0.04956	0.01701	0.01962	0.09685	0.01821	0.26045	0.00402	0.00948	0.00546	0.00312	0.00651
45	0.00760	0.00554	0.00715	0.00699	0.00819	0.00509	0.00515	0.00990	0.01476	0.02060	0.61798	0.15135	0.09426	0.01236	0.00661	0.00182	0.00271	0.01094	0.00590	0.00509
46	0.01405	0.01222	0.01775	0.05056	0.32084	0.02287	0.05039	0.05654	0.10972	0.05909	0.01257	0.01433	0.00987	0.00526	0.00520	0.00148	0.00576	0.00478	0.00361	0.22311
47	0.13237	0.01302	0.01146	0.12250	0.01551	0.21504	0.00842	0.01562	0.06086	0.01516	0.01238	0.01885	0.01152	0.19446	0.11092	0.00345	0.02448	0.00522	0.00319	0.00557
48	0.01481	0.80869	0.02902	0.00948	0.01421	0.02191	0.00948	0.01658	0.01125	0.01303	0.00770	0.00888	0.00711	0.00474	0.00355	0.00118	0.00592	0.00296	0.00237	0.00711
49	0.01183	0.01194	0.02340	0.31251	0.09597	0.01245	0.34072	0.01536	0.01174	0.01568	0.01048	0.01494	0.00816	0.00635	0.00744	0.07820	0.00794	0.00563	0.00263	0.00663
50	0.00744	0.00565	0.00685	0.00655	0.00803	0.00506	0.00491	0.00968	0.01474	0.01998	0.54925	0.04503	0.27229	0.01215	0.00654	0.00178	0.00267	0.01053	0.00580	0.00506
51	0.01046	0.00984	0.01661	0.79205	0.03814	0.01230	0.01538	0.01415	0.01107	0.01415	0.00984	0.01477	0.00738	0.00554	0.00554	0.00185	0.00738	0.00492	0.00246	0.00615
52	0.00905	0.00606	0.00716	0.00717	0.00892	0.00532	0.00545	0.01056	0.01235	0.09689	0.04086	0.21109	0.38967	0.04214	0.00739	0.00211	0.00351	0.09953	0.00520	0.02956
53	0.01174	0.01084	0.01680	0.07518	0.42658	0.01036	0.01247	0.01452	0.01217	0.01720	0.01722	0.06005	0.10805	0.00663	0.00542	0.00155	0.00546	0.00604	0.00327	0.17845
54	0.01314	0.01230	0.01801	0.18264	0.39431	0.04764	0.01395	0.07738	0.05234	0.01834	0.01545	0.04772	0.06961	0.00656	0.00563	0.00173	0.00632	0.00589	0.00335	0.00769

[dist]
# distance from previous block
# <min> <max>
0	15

[block]
# block no. 8 follows, 43 sequences, length 19
# corresponding to MSA columns:
# 364-369,383-395
name=unknown_I
#
# <colnr> <probs for GDERKNQSTAVLIFYWHMCP>
#	G	D	E	R	K	N	Q	S	T	A	V	L	I	F	Y	W	H	M	C	P
0	0.01330	0.01336	0.08220	0.05794	0.47253	0.01233	0.01469	0.06348	0.06863	0.03574	0.01391	0.10140	0.01240	0.00670	0.00566	0.00175	0.00614	0.00618	0.00344	0.00819
1	0.01445	0.07179	0.02067	0.13967	0.45592	0.07211	0.01485	0.07895	0.04524	0.01842	0.01075	0.01349	0.00872	0.00532	0.00532	0.00164	0.00677	0.00475	0.00304	0.00814
2	0.01328	0.04782	0.10883	0.25862	0.34538	0.01368	0.01588	0.09756	0.01347	0.01848	0.01039	0.01354	0.00815	0.00534	0.00540	0.00170	0.00693	0.00475	0.00290	0.00791
3	0.01060	0.00703	0.00824	0.00740	0.00968	0.00647	0.00571	0.01413	0.09687	0.12774	0.28545	0.03914	0.30690	0.01099	0.00621	0.00177	0.00324	0.00933	0.00569	0.03741
4	0.01560	0.01555	0.01968	0.02590	0.48724	0.15289	0.01427	0.09905	0.01456	0.01913	0.01035	0.01280	0.00850	0.00519	0.00528	0.00154	0.00694	0.00455	0.00312	0.07786
5	0.01208	0.16751	0.49198	0.01339	0.01980	0.07801	0.01585	0.01669	0.01205	0.01610	0.01453	0.01564	0.09132	0.00617	0.00507	0.00164	0.00733	0.00468	0.00270	0.00745
6	0.00666	0.00562	0.00577	0.00573	0.00755	0.00472	0.00430	0.00817	0.01290	0.01561	0.11973	0.05223	0.70454	0.01378	0.00654	0.00186	0.00279	0.01154	0.00523	0.00472
7	0.00791	0.00652	0.00706	0.00677	0.00867	0.00612	0.00512	0.01166	0.12031	0.01798	0.23291	0.04559	0.47840	0.01241	0.00641	0.00184	0.00298	0.01049	0.00546	0.00540
8	0.01378	0.01190	0.01252	0.01127	0.01440	0.01378	0.00877	0.02943	0.76081	0.02317	0.02254	0.02066	0.01691	0.00751	0.00564	0.00188	0.00438	0.00626	0.00564	0.00877
9	0.01148	0.00984	0.01148	0.00820	0.01312	0.00738	0.00656	0.01395	0.01148	0.01805	0.00984	0.01148	0.00820	0.00410	0.00410	0.00082	0.00410	0.00328	0.00328	0.83922
10	0.31916	0.00989	0.01116	0.00893	0.01291	0.00968	0.00737	0.02314	0.01354	0.50541	0.01677	0.01531	0.01094	0.00624	0.00480	0.00171	0.00456	0.00465	0.00562	0.00819
11	0.84448	0.01071	0.00814	0.00728	0.01071	0.01242	0.00600	0.01628	0.00943	0.02485	0.00771	0.00900	0.00600	0.00514	0.00343	0.00171	0.00428	0.00300	0.00343	0.00600
12	0.00791	0.00593	0.00890	0.00890	0.00989	0.00692	0.00692	0.00989	0.00890	0.01286	0.01483	0.02176	0.01385	0.04154	0.78341	0.00890	0.01483	0.00593	0.00297	0.00494
13	0.01224	0.01155	0.01940	0.22846	0.50442	0.01213	0.01537	0.01553	0.01242	0.01725	0.06283	0.01711	0.03559	0.00581	0.00560	0.00171	0.00640	0.00549	0.00297	0.00772
14	0.00663	0.00555	0.00577	0.00585	0.00757	0.00469	0.00434	0.00805	0.01261	0.01526	0.08982	0.11486	0.67171	0.01417	0.00659	0.00190	0.00283	0.01194	0.00519	0.00469
15	0.01148	0.00984	0.01148	0.00820	0.01312	0.00738	0.00656	0.01395	0.01148	0.01805	0.00984	0.01148	0.00820	0.00410	0.00410	0.00082	0.00410	0.00328	0.00328	0.83922
16	0.01166	0.02437	0.55012	0.01771	0.02487	0.01333	0.21104	0.01741	0.01192	0.01741	0.01016	0.01256	0.00739	0.00529	0.00614	0.00181	0.04165	0.00476	0.00246	0.00791
17	0.01697	0.02013	0.01338	0.01239	0.01470	0.54735	0.00935	0.01861	0.01381	0.01386	0.01068	0.01349	0.00920	0.01424	0.18915	0.00319	0.01064	0.00423	0.05865	0.00599
18	0.00706	0.00516	0.00676	0.00774	0.00837	0.00469	0.00524	0.00813	0.01066	0.01440	0.02914	0.74885	0.03473	0.01646	0.00687	0.00215	0.00327	0.01491	0.00502	0.06037

[dist]
# distance from previous block
# <min> <max>
0	1

[block]
# block no. 9 follows, 43 sequences, length 55
# corresponding to MSA columns:
# 397-451
name=unknown_J
#
# <colnr> <probs for GDERKNQSTAVLIFYWHMCP>
#	G	D	E	R	K	N	Q	S	T	A	V	L	I	F	Y	W	H	M	C	P
0	0.01145	0.00670	0.00808	0.04410	0.01070	0.00591	0.00585	0.01310	0.01316	0.20969	0.04233	0.12467	0.45875	0.01215	0.00630	0.00187	0.00356	0.01024	0.00546	0.00594
1	0.00905	0.00631	0.00712	0.00672	0.00871	0.00562	0.00510	0.01153	0.05441	0.09331	0.19144	0.08206	0.47305	0.01257	0.00642	0.00185	0.00307	0.01064	0.00553	0.00548
2	0.01363	0.01311	0.02222	0.03307	0.73507	0.01334	0.01677	0.01682	0.01242	0.01787	0.01027	0.01363	0.00870	0.00516	0.00608	0.00168	0.04386	0.00493	0.00273	0.00864
3	0.01259	0.01673	0.24900	0.01472	0.09728	0.01110	0.06387	0.09639	0.01357	0.01992	0.04624	0.01363	0.01013	0.00520	0.00504	0.00140	0.00612	0.00443	0.00328	0.30935
4	0.09755	0.01521	0.01279	0.01146	0.01442	0.22632	0.00889	0.05901	0.32683	0.05563	0.01588	0.01623	0.01227	0.01043	0.09047	0.00249	0.00717	0.00506	0.00441	0.00749
5	0.01481	0.80869	0.02902	0.00948	0.01421	0.02191	0.00948	0.01658	0.01125	0.01303	0.00770	0.00888	0.00711	0.00474	0.00355	0.00118	0.00592	0.00296	0.00237	0.00711
6	0.01824	0.01541	0.01495	0.01236	0.01611	0.10542	0.00988	0.39156	0.30477	0.02794	0.01627	0.01572	0.01200	0.00687	0.00551	0.00172	0.00590	0.00531	0.00526	0.00882
7	0.01003	0.04474	0.46287	0.01367	0.01914	0.01067	0.06877	0.01451	0.01145	0.01637	0.01627	0.25398	0.01620	0.00891	0.00586	0.00190	0.00667	0.00781	0.00323	0.00697
8	0.01709	0.01202	0.01956	0.02666	0.54096	0.01163	0.01431	0.02003	0.01360	0.24791	0.01389	0.01527	0.01027	0.00552	0.00551	0.00167	0.00601	0.00513	0.00399	0.00897
9	0.01111	0.01365	0.15010	0.01428	0.01844	0.01082	0.23500	0.01745	0.15368	0.02022	0.26641	0.02429	0.02443	0.00753	0.00614	0.00181	0.00596	0.00722	0.00435	0.00709
10	0.01349	0.01316	0.02312	0.06989	0.66772	0.01319	0.08364	0.01693	0.01258	0.01787	0.01046	0.01387	0.00867	0.00494	0.00558	0.00167	0.00687	0.00508	0.00273	0.00853
11	0.01186	0.01146	0.01017	0.01043	0.02319	0.19987	0.00785	0.05333	0.01322	0.01558	0.02363	0.20983	0.06880	0.09632	0.00882	0.00240	0.00586	0.21766	0.00436	0.00537
12	0.01576	0.09871	0.10188	0.21092	0.14195	0.01470	0.01357	0.24040	0.01629	0.07622	0.01163	0.01349	0.00861	0.00576	0.00529	0.00167	0.00660	0.00469	0.00373	0.00812
13	0.01371	0.01316	0.02248	0.03399	0.77081	0.01316	0.01700	0.01700	0.01261	0.01809	0.01042	0.01371	0.00877	0.00493	0.00548	0.00164	0.00658	0.00493	0.00274	0.00877
14	0.01321	0.01255	0.02080	0.14889	0.59936	0.01308	0.01611	0.01752	0.07044	0.01788	0.01127	0.01441	0.00919	0.00523	0.00550	0.00169	0.00653	0.00504	0.00292	0.00837
15	0.01238	0.01180	0.02008	0.34453	0.47068	0.01281	0.01633	0.01583	0.01198	0.01648	0.01018	0.01414	0.00820	0.00518	0.00551	0.00173	0.00691	0.00493	0.00263	0.00770
16	0.01151	0.01070	0.01790	0.25969	0.41532	0.01139	0.01444	0.01451	0.01179	0.01621	0.01375	0.15136	0.01321	0.00728	0.00578	0.00181	0.00624	0.00681	0.00307	0.00723
17	0.00857	0.00701	0.01013	0.24773	0.01765	0.00744	0.00858	0.01133	0.01351	0.01809	0.35435	0.03718	0.14001	0.01036	0.00635	0.00188	0.00437	0.08530	0.00474	0.00542
18	0.01408	0.01328	0.01861	0.01953	0.24593	0.07199	0.14005	0.17390	0.01583	0.02059	0.02149	0.02261	0.18262	0.00740	0.00588	0.00172	0.00636	0.00666	0.00391	0.00756
19	0.02182	0.00982	0.01263	0.00994	0.01383	0.00916	0.00811	0.10147	0.06854	0.56246	0.10276	0.02086	0.01771	0.00737	0.00568	0.00172	0.00460	0.00604	0.00655	0.00892
20	0.00664	0.00523	0.00600	0.00662	0.00775	0.00459	0.00466	0.00783	0.01165	0.01457	0.04381	0.41312	0.41668	0.01562	0.00680	0.00205	0.00300	0.01364	0.00514	0.00459
21	0.01371	0.01316	0.02248	0.03399	0.77081	0.01316	0.01700	0.01700	0.01261	0.01809	0.01042	0.01371	0.00877	0.00493	0.00548	0.00164	0.00658	0.00493	0.00274	0.00877
22	0.01457	0.01269	0.02230	0.02867	0.54302	0.01242	0.12422	0.01791	0.01303	0.09905	0.01268	0.01681	0.01037	0.00561	0.00575	0.00173	0.00672	0.04067	0.00331	0.00847
23	0.01327	0.01439	0.02955	0.02661	0.25632	0.01375	0.52583	0.01751	0.01293	0.01785	0.01096	0.01456	0.00852	0.00475	0.00621	0.00180	0.00849	0.00605	0.00278	0.00787
24	0.01307	0.01494	0.03268	0.02334	0.02894	0.01401	0.75070	0.01774	0.01307	0.01774	0.01120	0.01494	0.00840	0.00467	0.00654	0.00187	0.00934	0.00654	0.00280	0.00747
25	0.01326	0.01309	0.02345	0.11260	0.57765	0.01320	0.13114	0.01681	0.01252	0.01762	0.01048	0.01401	0.00857	0.00496	0.00565	0.00170	0.00709	0.00518	0.00272	0.00829
26	0.01763	0.07314	0.01567	0.01226	0.01561	0.22778	0.04527	0.14684	0.16251	0.11542	0.01621	0.09878	0.01349	0.00749	0.00548	0.00168	0.00651	0.00600	0.00457	0.00767
27	0.01149	0.13019	0.64146	0.01469	0.02209	0.01374	0.01846	0.01712	0.01169	0.01690	0.01057	0.01376	0.00822	0.00567	0.00515	0.00172	0.00774	0.03896	0.00248	0.00790
28	0.00925	0.00896	0.04873	0.06778	0.13018	0.00805	0.08352	0.01154	0.01157	0.01532	0.02622	0.21327	0.15686	0.09539	0.00878	0.00236	0.00523	0.08723	0.00403	0.00572
29	0.01274	0.00801	0.04524	0.00787	0.01061	0.00644	0.00656	0.01484	0.02451	0.24599	0.05690	0.03950	0.36691	0.06708	0.00778	0.00211	0.00401	0.06118	0.00543	0.00630
30	0.01395	0.08305	0.46464	0.01484	0.02074	0.21410	0.01647	0.01833	0.01245	0.01584	0.00921	0.01108	0.00707	0.00569	0.00609	0.00168	0.07089	0.00393	0.00248	0.00748
31	0.01429	0.01592	0.13716	0.02265	0.30905	0.01410	0.11048	0.13158	0.11257	0.02099	0.01233	0.01433	0.00955	0.00578	0.00621	0.00176	0.04410	0.00519	0.00348	0.00848
32	0.01212	0.14417	0.38855	0.09895	0.02524	0.01450	0.20630	0.01708	0.01191	0.01653	0.00991	0.01242	0.00743	0.00506	0.00535	0.00170	0.00805	0.00463	0.00248	0.00762
33	0.01683	0.00784	0.01025	0.00877	0.01125	0.00733	0.00667	0.05332	0.01325	0.39268	0.02114	0.13844	0.01829	0.18367	0.08140	0.00323	0.00562	0.00762	0.00543	0.00698
34	0.01674	0.07575	0.03686	0.01360	0.09770	0.06494	0.04570	0.09284	0.13130	0.21417	0.02027	0.02002	0.09176	0.00875	0.04285	0.00204	0.00607	0.00588	0.00476	0.00801
35	0.01557	0.16146	0.08078	0.06110	0.17423	0.22930	0.14516	0.03902	0.01353	0.01607	0.00957	0.01192	0.00776	0.00517	0.00518	0.00156	0.00806	0.00442	0.00275	0.00742
36	0.01338	0.01206	0.01905	0.36133	0.33989	0.01338	0.01534	0.12456	0.01393	0.01886	0.01059	0.01411	0.00826	0.00545	0.00552	0.00173	0.00686	0.00494	0.00303	0.00773
37	0.01961	0.01160	0.01732	0.01328	0.01761	0.01129	0.16845	0.07788	0.17951	0.39321	0.01909	0.01800	0.01296	0.00651	0.00579	0.00178	0.00574	0.00589	0.00562	0.00886
38	0.01425	0.12370	0.02465	0.06033	0.26768	0.08757	0.23810	0.05245	0.01335	0.01732	0.01101	0.04397	0.00933	0.00550	0.00556	0.00166	0.00754	0.00545	0.00293	0.00766
39	0.01805	0.01505	0.02081	0.01570	0.02023	0.05196	0.23702	0.39670	0.05632	0.06796	0.01382	0.03610	0.01035	0.00635	0.00587	0.00174	0.00704	0.00578	0.00464	0.00851
40	0.00962	0.00481	0.00722	0.00722	0.00722	0.00481	0.00481	0.00722	0.00722	0.00962	0.00962	0.01684	0.00962	0.01924	0.02165	0.83886	0.00481	0.00481	0.00241	0.00241
41	0.01220	0.01236	0.02321	0.33637	0.25008	0.01307	0.23922	0.01608	0.01213	0.01640	0.01043	0.01451	0.00810	0.00510	0.00582	0.00179	0.00774	0.00542	0.00265	0.00732
42	0.01637	0.01505	0.02133	0.02363	0.34736	0.07015	0.12281	0.24332	0.04497	0.02306	0.01174	0.01376	0.00910	0.00557	0.00563	0.00168	0.00700	0.00514	0.00372	0.00861
43	0.00891	0.00685	0.00850	0.00794	0.00805	0.00786	0.00539	0.00938	0.00874	0.01219	0.07350	0.03144	0.01986	0.57229	0.02435	0.00445	0.17535	0.00752	0.00337	0.00408
44	0.01373	0.01555	0.01694	0.01412	0.01634	0.24656	0.13873	0.01570	0.01248	0.01479	0.04547	0.02039	0.14470	0.00844	0.00964	0.00190	0.24898	0.00616	0.00324	0.00614
