[name]
unknown

[dist]
# distance from previous block
# <min> <max>
2	62

[block]
# block no. 0 follows, 49 sequences, length 46
# corresponding to MSA columns:
# 62-107
name=unknown_A
#
# <colnr> <probs for GDERKNQSTAVLIFYWHMCP>
#	G	D	E	R	K	N	Q	S	T	A	V	L	I	F	Y	W	H	M	C	P
0	0.01270	0.01238	0.07682	0.02930	0.27882	0.11165	0.01079	0.04129	0.02575	0.08822	0.05773	0.14582	0.02781	0.00722	0.00518	0.00157	0.00541	0.00630	0.02891	0.02633
1	0.07203	0.04892	0.09780	0.01060	0.08825	0.00904	0.00838	0.04325	0.07190	0.06694	0.09073	0.03574	0.11356	0.00657	0.00472	0.00138	0.00429	0.00541	0.00378	0.21672
2	0.10639	0.01365	0.01408	0.01533	0.20500	0.22092	0.05428	0.03359	0.02991	0.01620	0.01422	0.03678	0.09165	0.00593	0.00471	0.00142	0.00590	0.00485	0.02446	0.10074
3	0.03591	0.05076	0.16642	0.01376	0.12797	0.12175	0.01097	0.08589	0.04591	0.06187	0.01223	0.10052	0.01070	0.00627	0.00507	0.00148	0.02450	0.00505	0.00331	0.10968
4	0.05017	0.08241	0.06590	0.00977	0.02372	0.06220	0.04841	0.02794	0.02562	0.19856	0.10414	0.08359	0.09215	0.00802	0.00538	0.00161	0.01710	0.05666	0.00433	0.03236
5	0.05734	0.06514	0.01617	0.24339	0.26151	0.01111	0.03198	0.02788	0.02816	0.01576	0.01028	0.05010	0.00878	0.00518	0.00468	0.00145	0.00553	0.00459	0.01755	0.13343
6	0.01513	0.01249	0.01579	0.10206	0.11088	0.02932	0.06137	0.37777	0.08175	0.02364	0.01206	0.03313	0.00931	0.00572	0.00502	0.00150	0.00565	0.00481	0.00402	0.08859
7	0.00950	0.00657	0.00764	0.00724	0.00854	0.04291	0.00528	0.02740	0.02316	0.07720	0.07639	0.12213	0.13715	0.10251	0.13588	0.15395	0.00549	0.00737	0.00380	0.03989
8	0.00677	0.00490	0.00588	0.00620	0.00687	0.00459	0.00421	0.00778	0.01019	0.01345	0.15836	0.25442	0.17401	0.26717	0.01236	0.00282	0.00347	0.04828	0.00433	0.00395
9	0.01296	0.01712	0.26540	0.09935	0.19571	0.06081	0.01412	0.15521	0.07879	0.01883	0.01072	0.01244	0.00811	0.00587	0.02133	0.00170	0.00665	0.00431	0.00306	0.00750
10	0.01092	0.00991	0.01509	0.14515	0.34535	0.00981	0.01133	0.01441	0.05789	0.01661	0.09610	0.01609	0.01286	0.00536	0.00487	0.00139	0.00506	0.01698	0.00311	0.20170
11	0.01013	0.00616	0.00745	0.00685	0.00864	0.00583	0.00525	0.06241	0.01279	0.13334	0.19624	0.11817	0.21874	0.01267	0.07743	0.00221	0.00399	0.00837	0.09793	0.00537
12	0.01121	0.01047	0.01777	0.12019	0.33977	0.01061	0.13532	0.06464	0.01255	0.01726	0.11260	0.03549	0.05693	0.00633	0.00543	0.00161	0.00573	0.02606	0.00327	0.00677
13	0.01107	0.00933	0.01080	0.00777	0.01223	0.00734	0.00623	0.06379	0.01138	0.01751	0.00920	0.01060	0.00756	0.00390	0.00383	0.00080	0.00387	0.00310	0.00313	0.79655
14	0.00735	0.00490	0.00552	0.00552	0.00552	0.00490	0.00306	0.00735	0.00735	0.00980	0.01593	0.03309	0.01838	0.82229	0.02574	0.00490	0.00490	0.00735	0.00306	0.00306
15	0.04660	0.00664	0.00814	0.00707	0.00952	0.00591	0.00560	0.01487	0.01287	0.31790	0.14583	0.06438	0.26807	0.00954	0.00550	0.00165	0.00334	0.03088	0.02961	0.00609
16	0.00817	0.00651	0.00724	0.00703	0.00821	0.04900	0.00512	0.05152	0.01311	0.01763	0.42522	0.21498	0.08867	0.06572	0.00728	0.00191	0.00324	0.00976	0.00495	0.00474
17	0.82654	0.00994	0.00772	0.00684	0.01000	0.01151	0.00563	0.04334	0.00917	0.02303	0.00723	0.00836	0.00559	0.00475	0.00320	0.00156	0.00397	0.00281	0.00320	0.00559
18	0.85801	0.00978	0.00743	0.00665	0.00978	0.01134	0.00548	0.01486	0.00861	0.02269	0.00704	0.00821	0.00548	0.00469	0.00313	0.00156	0.00391	0.00274	0.00313	0.00548
19	0.00951	0.00581	0.00720	0.00711	0.00866	0.00533	0.00532	0.01162	0.05190	0.14900	0.11156	0.31634	0.22517	0.01226	0.00600	0.00183	0.00317	0.05192	0.00508	0.00523
20	0.07581	0.01334	0.01433	0.01105	0.01502	0.01461	0.00913	0.65205	0.02188	0.10342	0.01254	0.01236	0.00876	0.00600	0.00493	0.00153	0.00533	0.00448	0.00504	0.00839
21	0.85801	0.00978	0.00743	0.00665	0.00978	0.01134	0.00548	0.01486	0.00861	0.02269	0.00704	0.00821	0.00548	0.00469	0.00313	0.00156	0.00391	0.00274	0.00313	0.00548
22	0.00888	0.00509	0.00592	0.00626	0.00743	0.00506	0.00506	0.01123	0.01118	0.01779	0.07145	0.03203	0.02033	0.00871	0.00477	0.00156	0.00308	0.23959	0.52989	0.00470
23	0.00750	0.00570	0.00621	0.00619	0.00733	0.00555	0.00434	0.01004	0.10269	0.01383	0.05770	0.09455	0.31031	0.26446	0.01200	0.00272	0.00355	0.03697	0.04398	0.00438
24	0.02214	0.00948	0.01228	0.00941	0.01334	0.00873	0.00778	0.14252	0.01594	0.67430	0.01872	0.01641	0.01190	0.00623	0.00508	0.00156	0.00450	0.00500	0.00607	0.00860
25	0.01258	0.01086	0.01143	0.01029	0.01315	0.01258	0.00800	0.02687	0.78161	0.02115	0.02058	0.01887	0.01544	0.00686	0.00515	0.00172	0.00400	0.00572	0.00515	0.00800
26	0.00847	0.00597	0.00660	0.00642	0.00755	0.00606	0.00454	0.02844	0.11818	0.01561	0.10748	0.07777	0.12917	0.26300	0.01161	0.00263	0.00359	0.03111	0.16116	0.00465
27	0.00896	0.00478	0.00489	0.00486	0.00609	0.00468	0.00365	0.01122	0.01094	0.01848	0.07138	0.02281	0.08531	0.00681	0.00392	0.00125	0.00238	0.00555	0.71737	0.00468
28	0.00630	0.00514	0.00557	0.00546	0.00703	0.00441	0.00410	0.00788	0.01229	0.01547	0.25245	0.04569	0.58634	0.01213	0.00597	0.00168	0.00251	0.01026	0.00493	0.00441
29	0.01194	0.01364	0.02984	0.02131	0.02643	0.01279	0.77238	0.01620	0.01194	0.01620	0.01023	0.01364	0.00767	0.00426	0.00597	0.00171	0.00853	0.00597	0.00256	0.00682
30	0.01049	0.00899	0.01049	0.00749	0.01198	0.00674	0.00599	0.01273	0.01049	0.01648	0.00899	0.01049	0.00749	0.00374	0.00374	0.00075	0.00374	0.00300	0.00300	0.85320
31	0.00630	0.00491	0.00572	0.00600	0.00715	0.00433	0.00432	0.00770	0.01158	0.01491	0.20974	0.28651	0.38637	0.01320	0.00612	0.00179	0.00264	0.01148	0.00489	0.00433
32	0.01352	0.82533	0.02650	0.00865	0.01298	0.02001	0.00865	0.01514	0.01027	0.01190	0.00703	0.00811	0.00649	0.00433	0.00324	0.00108	0.00541	0.00270	0.00216	0.00649
33	0.00805	0.00585	0.00795	0.00899	0.01018	0.00584	0.00772	0.01060	0.03456	0.01511	0.02799	0.09758	0.07067	0.01380	0.00684	0.00226	0.00443	0.65219	0.00468	0.00470
34	0.00669	0.00515	0.00611	0.00587	0.00727	0.00457	0.00440	0.00864	0.01321	0.01766	0.49684	0.04208	0.34058	0.01131	0.00597	0.00164	0.00246	0.00975	0.00522	0.00457
35	0.01252	0.01201	0.02053	0.03104	0.79074	0.01201	0.01552	0.01552	0.01151	0.01652	0.00951	0.01252	0.00801	0.00451	0.00501	0.00150	0.00601	0.00451	0.00250	0.00801
36	0.00703	0.00516	0.00658	0.00623	0.00747	0.00472	0.00467	0.00929	0.01401	0.01955	0.70684	0.03897	0.12941	0.01061	0.00597	0.00160	0.00241	0.00931	0.00547	0.00472
37	0.00984	0.00941	0.01627	0.72370	0.07590	0.01136	0.05606	0.01324	0.01029	0.01330	0.00909	0.01344	0.00686	0.00498	0.00510	0.00168	0.00680	0.00458	0.00228	0.00582
38	0.00626	0.00504	0.00562	0.00600	0.00734	0.00441	0.00450	0.00757	0.01114	0.01366	0.04350	0.21547	0.54231	0.01359	0.00619	0.00185	0.00287	0.09372	0.00469	0.00428
39	0.01194	0.01364	0.02984	0.02131	0.02643	0.01279	0.77238	0.01620	0.01194	0.01620	0.01023	0.01364	0.00767	0.00426	0.00597	0.00171	0.00853	0.00597	0.00256	0.00682
40	0.00634	0.00454	0.00603	0.00692	0.00737	0.00423	0.00471	0.00750	0.01053	0.01426	0.16692	0.67610	0.03605	0.01484	0.00636	0.00197	0.00283	0.01342	0.00485	0.00423
41	0.01591	0.01441	0.03407	0.06542	0.01618	0.27988	0.09303	0.01803	0.01301	0.20948	0.07266	0.06234	0.01312	0.00753	0.03053	0.00176	0.03706	0.00533	0.00382	0.00644
42	0.25668	0.01064	0.01081	0.00878	0.01233	0.09613	0.00714	0.02141	0.01281	0.49153	0.01499	0.01379	0.00988	0.00570	0.00448	0.00154	0.00472	0.00422	0.00498	0.00743
43	0.01293	0.01962	0.47646	0.01231	0.01792	0.01122	0.01402	0.15527	0.01315	0.10654	0.01163	0.01416	0.00882	0.09533	0.00719	0.00195	0.00648	0.00444	0.00324	0.00732
44	0.35783	0.01128	0.09622	0.00886	0.01214	0.01074	0.00797	0.03503	0.10324	0.14602	0.03155	0.01302	0.00966	0.00583	0.00516	0.00162	0.07262	0.00407	0.06063	0.00652
45	0.42236	0.01161	0.01370	0.01457	0.19575	0.04893	0.07771	0.06740	0.03886	0.05240	0.00931	0.01077	0.00718	0.00487	0.00418	0.00155	0.00520	0.00379	0.00324	0.00664

[dist]
# distance from previous block
# <min> <max>
0	2

[block]
# block no. 1 follows, 49 sequences, length 53
# corresponding to MSA columns:
# 110-162
name=unknown_B
#
# <colnr> <probs for GDERKNQSTAVLIFYWHMCP>
#	G	D	E	R	K	N	Q	S	T	A	V	L	I	F	Y	W	H	M	C	P
0	0.24611	0.00878	0.00972	0.02644	0.01158	0.00926	0.00674	0.07436	0.10290	0.22671	0.12953	0.03468	0.01619	0.00905	0.06456	0.00209	0.00469	0.00529	0.00469	0.00664
1	0.01320	0.01085	0.01409	0.01436	0.17029	0.04181	0.06006	0.25906	0.01592	0.04327	0.13215	0.05260	0.10226	0.00863	0.03678	0.00183	0.00536	0.00639	0.00424	0.00686
2	0.01216	0.01044	0.01401	0.06085	0.24913	0.01091	0.01019	0.11990	0.20304	0.01932	0.04251	0.06726	0.03759	0.00669	0.00513	0.00156	0.00480	0.02695	0.00391	0.09365
3	0.01813	0.01805	0.01471	0.03092	0.04252	0.35778	0.00986	0.34620	0.07577	0.02162	0.01073	0.01137	0.00814	0.00568	0.00485	0.00144	0.00704	0.00407	0.00384	0.00727
4	0.01025	0.00868	0.01011	0.00734	0.01150	0.00660	0.00577	0.01233	0.01025	0.01598	0.00951	0.01218	0.00831	0.06520	0.00540	0.00106	0.00383	0.00332	0.00300	0.78937
5	0.00696	0.00498	0.00568	0.00572	0.00623	0.00482	0.00362	0.00751	0.00870	0.01131	0.04845	0.07214	0.19797	0.51347	0.07796	0.00417	0.00484	0.00836	0.00357	0.00355
6	0.01276	0.01015	0.01157	0.05120	0.01350	0.06904	0.04541	0.10349	0.18109	0.11193	0.06361	0.02478	0.18533	0.00909	0.03143	0.00187	0.03902	0.02369	0.00451	0.00651
7	0.00676	0.00510	0.00628	0.00632	0.00754	0.00462	0.00475	0.00863	0.01271	0.01704	0.42162	0.14627	0.25443	0.01204	0.00611	0.00174	0.00268	0.06570	0.00514	0.00453
8	0.08022	0.00665	0.00780	0.00701	0.00881	0.00646	0.00513	0.01465	0.05406	0.24639	0.01953	0.12749	0.04359	0.24363	0.01094	0.00256	0.00397	0.00696	0.09861	0.00555
9	0.03809	0.01074	0.01689	0.39317	0.31686	0.01203	0.01376	0.09562	0.02422	0.01674	0.00965	0.01289	0.00752	0.00497	0.00498	0.00159	0.00621	0.00447	0.00272	0.00687
10	0.01511	0.20010	0.03377	0.01205	0.01517	0.32722	0.08772	0.06455	0.02716	0.01469	0.00966	0.01228	0.00820	0.00557	0.00522	0.00140	0.05761	0.02992	0.06639	0.00620
11	0.00632	0.00516	0.00561	0.00565	0.00720	0.00445	0.00430	0.00784	0.01194	0.01481	0.16859	0.06564	0.59986	0.01256	0.00605	0.00174	0.00268	0.06039	0.00483	0.00437
12	0.00774	0.00539	0.00632	0.00643	0.00784	0.00484	0.00478	0.00939	0.02902	0.07306	0.09630	0.23305	0.38684	0.04096	0.00677	0.00193	0.00304	0.06682	0.00483	0.00467
13	0.01218	0.04506	0.07665	0.09837	0.49902	0.05332	0.01386	0.01514	0.01157	0.03595	0.04991	0.04528	0.01077	0.00540	0.00501	0.00153	0.00598	0.00495	0.00278	0.00727
14	0.01729	0.09983	0.04587	0.01402	0.07367	0.61038	0.01048	0.01892	0.01336	0.01277	0.00788	0.00940	0.00662	0.00518	0.00489	0.00134	0.03607	0.00336	0.00252	0.00613
15	0.01142	0.08592	0.64676	0.01382	0.02048	0.10491	0.01689	0.01644	0.01107	0.01528	0.00877	0.01030	0.00642	0.00482	0.00466	0.00153	0.00751	0.00360	0.00219	0.00721
16	0.85801	0.00978	0.00743	0.00665	0.00978	0.01134	0.00548	0.01486	0.00861	0.02269	0.00704	0.00821	0.00548	0.00469	0.00313	0.00156	0.00391	0.00274	0.00313	0.00548
17	0.00796	0.00531	0.00637	0.00625	0.00744	0.00484	0.00450	0.00933	0.01142	0.07258	0.23643	0.12119	0.24788	0.18548	0.01024	0.00242	0.00329	0.04791	0.00469	0.00447
18	0.00824	0.00646	0.00923	0.05611	0.14003	0.00650	0.00716	0.03718	0.02817	0.01457	0.02198	0.52148	0.02478	0.04241	0.00663	0.00198	0.00382	0.01086	0.04732	0.00509
19	0.24531	0.01173	0.01225	0.00971	0.01343	0.01272	0.00799	0.38857	0.04766	0.18334	0.01268	0.01238	0.00882	0.00577	0.00455	0.00155	0.00480	0.00422	0.00479	0.00774
20	0.00657	0.00463	0.00603	0.00699	0.00732	0.00442	0.00474	0.00743	0.00946	0.01258	0.02565	0.60502	0.03035	0.15868	0.00993	0.00259	0.00345	0.08580	0.00440	0.00398
21	0.00722	0.00542	0.00813	0.00813	0.00903	0.00632	0.00632	0.00903	0.00813	0.01174	0.01354	0.01987	0.01264	0.03792	0.80225	0.00813	0.01354	0.00542	0.00271	0.00451
22	0.01220	0.01169	0.01995	0.11486	0.70941	0.01193	0.01536	0.01524	0.01136	0.01613	0.00946	0.01262	0.00787	0.00456	0.00501	0.00152	0.00609	0.00450	0.00248	0.00775
23	0.85801	0.00978	0.00743	0.00665	0.00978	0.01134	0.00548	0.01486	0.00861	0.02269	0.00704	0.00821	0.00548	0.00469	0.00313	0.00156	0.00391	0.00274	0.00313	0.00548
24	0.00616	0.00440	0.00587	0.00704	0.00733	0.00411	0.00469	0.00704	0.00968	0.01291	0.02787	0.81899	0.03344	0.01584	0.00645	0.00205	0.00293	0.01438	0.00469	0.00411
25	0.01352	0.82533	0.02650	0.00865	0.01298	0.02001	0.00865	0.01514	0.01027	0.01190	0.00703	0.00811	0.00649	0.00433	0.00324	0.00108	0.00541	0.00270	0.00216	0.00649
26	0.02269	0.00861	0.01174	0.00900	0.01291	0.00743	0.00743	0.02464	0.01447	0.79425	0.01995	0.01721	0.01252	0.00626	0.00509	0.00156	0.00430	0.00509	0.00626	0.00861
27	0.59122	0.00940	0.00881	0.00740	0.01078	0.01009	0.00610	0.01799	0.01048	0.26911	0.01116	0.01109	0.00773	0.00519	0.00375	0.00156	0.00404	0.00349	0.00413	0.00648
28	0.00694	0.00464	0.00557	0.00618	0.00691	0.00433	0.00428	0.00827	0.01041	0.01473	0.08546	0.45625	0.13663	0.03911	0.00636	0.00188	0.00278	0.01118	0.18381	0.00427
29	0.01249	0.00848	0.00952	0.00838	0.01101	0.00871	0.00662	0.07514	0.28344	0.16034	0.07867	0.02936	0.23937	0.00891	0.00549	0.00169	0.00368	0.03674	0.00522	0.00674
30	0.00955	0.00899	0.01517	0.81013	0.03483	0.01123	0.01404	0.01292	0.01011	0.01292	0.00899	0.01348	0.00674	0.00506	0.00506	0.00169	0.00674	0.00449	0.00225	0.00562
31	0.01194	0.01364	0.02984	0.02131	0.02643	0.01279	0.77238	0.01620	0.01194	0.01620	0.01023	0.01364	0.00767	0.00426	0.00597	0.00171	0.00853	0.00597	0.00256	0.00682
32	0.00621	0.00476	0.00569	0.00624	0.00717	0.00425	0.00438	0.00742	0.01093	0.01406	0.12649	0.43554	0.32061	0.01404	0.00622	0.00187	0.00273	0.01236	0.00480	0.00425
33	0.00870	0.00705	0.00798	0.00776	0.00942	0.00737	0.00578	0.01488	0.29196	0.01775	0.20693	0.22346	0.14926	0.01081	0.00579	0.00177	0.00314	0.00942	0.00506	0.00571
34	0.00722	0.00542	0.00813	0.00813	0.00903	0.00632	0.00632	0.00903	0.00813	0.01174	0.01354	0.01987	0.01264	0.03792	0.80225	0.00813	0.01354	0.00542	0.00271	0.00451
35	0.01472	0.01192	0.01264	0.01072	0.01396	0.01358	0.00852	0.26725	0.53774	0.02460	0.01787	0.01670	0.01324	0.00661	0.00512	0.00165	0.00450	0.00534	0.00512	0.00820
36	0.01258	0.01086	0.01143	0.01029	0.01315	0.01258	0.00800	0.02687	0.78161	0.02115	0.02058	0.01887	0.01544	0.00686	0.00515	0.00172	0.00400	0.00572	0.00515	0.00800
37	0.25935	0.00988	0.01054	0.00884	0.01220	0.01053	0.00714	0.05236	0.25817	0.29528	0.01613	0.01495	0.01127	0.00599	0.00454	0.00161	0.00414	0.00459	0.00496	0.00751
38	0.00955	0.00899	0.01517	0.81013	0.03483	0.01123	0.01404	0.01292	0.01011	0.01292	0.00899	0.01348	0.00674	0.00506	0.00506	0.00169	0.00674	0.00449	0.00225	0.00562
39	0.00616	0.00440	0.00587	0.00704	0.00733	0.00411	0.00469	0.00704	0.00968	0.01291	0.02787	0.81899	0.03344	0.01584	0.00645	0.00205	0.00293	0.01438	0.00469	0.00411
40	0.85801	0.00978	0.00743	0.00665	0.00978	0.01134	0.00548	0.01486	0.00861	0.02269	0.00704	0.00821	0.00548	0.00469	0.00313	0.00156	0.00391	0.00274	0.00313	0.00548
41	0.00613	0.00451	0.00576	0.00675	0.00726	0.00413	0.00457	0.00707	0.00996	0.01302	0.03138	0.70338	0.14679	0.01539	0.00638	0.00200	0.00288	0.01382	0.00469	0.00413
42	0.00735	0.00490	0.00552	0.00552	0.00552	0.00490	0.00306	0.00735	0.00735	0.00980	0.01593	0.03309	0.01838	0.82229	0.02574	0.00490	0.00490	0.00735	0.00306	0.00306
43	0.00958	0.00904	0.01517	0.79187	0.03433	0.01133	0.01398	0.01290	0.01006	0.01290	0.00893	0.01343	0.00674	0.00514	0.00532	0.00170	0.02522	0.00449	0.00225	0.00562
44	0.01035	0.00850	0.00968	0.00945	0.04137	0.00917	0.00688	0.06537	0.36564	0.01950	0.16911	0.14482	0.10047	0.00932	0.00557	0.00172	0.00357	0.00804	0.00500	0.00647
45	0.00838	0.00594	0.00667	0.00646	0.00748	0.00583	0.00439	0.06622	0.04431	0.03587	0.04318	0.16299	0.20635	0.35706	0.01434	0.00310	0.00395	0.00900	0.00411	0.00435
46	0.01849	0.01346	0.01439	0.01112	0.01495	0.01486	0.00916	0.71672	0.02279	0.03089	0.01247	0.01264	0.00893	0.00606	0.00494	0.00149	0.00532	0.00456	0.06846	0.00831
47	0.01352	0.82533	0.02650	0.00865	0.01298	0.02001	0.00865	0.01514	0.01027	0.01190	0.00703	0.00811	0.00649	0.00433	0.00324	0.00108	0.00541	0.00270	0.00216	0.00649
48	0.01102	0.01092	0.10839	0.07823	0.11848	0.04028	0.01065	0.04539	0.01163	0.07386	0.04329	0.02673	0.04785	0.01195	0.10106	0.00257	0.05746	0.19060	0.00357	0.00607
49	0.00745	0.00584	0.00687	0.00714	0.00813	0.03653	0.00534	0.00913	0.01178	0.01564	0.29476	0.22059	0.11222	0.07419	0.03571	0.00230	0.00376	0.13344	0.00472	0.00445
50	0.01192	0.01109	0.01868	0.12489	0.63884	0.01137	0.01444	0.01492	0.01127	0.01625	0.00997	0.01311	0.00823	0.00468	0.00490	0.00150	0.00582	0.00452	0.06613	0.00747
51	0.01286	0.03306	0.25562	0.03820	0.24713	0.12668	0.09905	0.01644	0.01150	0.04230	0.00932	0.01159	0.00727	0.00504	0.00576	0.00157	0.06270	0.00423	0.00251	0.00717
52	0.01105	0.02932	0.25022	0.13751	0.15138	0.07526	0.07091	0.01504	0.02896	0.01523	0.01258	0.02012	0.01118	0.00650	0.00532	0.00171	0.00670	0.14160	0.00281	0.00658

[dist]
# distance from previous block
# <min> <max>
0	15

[block]
# block no. 2 follows, 49 sequences, length 104
# corresponding to MSA columns:
# 178-281
name=unknown_C
#
# <colnr> <probs for GDERKNQSTAVLIFYWHMCP>
#	G	D	E	R	K	N	Q	S	T	A	V	L	I	F	Y	W	H	M	C	P
0	0.25292	0.00953	0.00953	0.00868	0.03892	0.05181	0.00653	0.03834	0.11243	0.08440	0.17988	0.01898	0.04947	0.00660	0.00456	0.00148	0.00396	0.00521	0.00423	0.11255
1	0.01170	0.04581	0.26116	0.03973	0.07910	0.08954	0.08098	0.04740	0.01151	0.01602	0.01003	0.01287	0.00812	0.05474	0.00588	0.00158	0.00629	0.00413	0.05798	0.15542
2	0.01224	0.01130	0.01128	0.03730	0.01333	0.10901	0.00724	0.07908	0.13873	0.01792	0.04633	0.01483	0.04579	0.00537	0.00443	0.00115	0.00461	0.00427	0.00363	0.43214
3	0.00612	0.00458	0.00569	0.00657	0.00721	0.00415	0.00449	0.00709	0.01013	0.01309	0.03358	0.63054	0.21820	0.01510	0.00634	0.00197	0.00284	0.01347	0.00469	0.00415
4	0.01159	0.00964	0.01108	0.00801	0.01245	0.00787	0.00645	0.10903	0.01217	0.01842	0.00939	0.01070	0.00763	0.00404	0.00391	0.00085	0.00398	0.00319	0.00326	0.74635
5	0.00694	0.00475	0.00570	0.00607	0.00624	0.00463	0.00370	0.00737	0.00851	0.01141	0.06169	0.29677	0.02502	0.50806	0.01820	0.00377	0.00411	0.00980	0.00375	0.00351
6	0.11637	0.00677	0.00869	0.00818	0.00939	0.00781	0.00634	0.07171	0.00912	0.01417	0.01124	0.01635	0.01028	0.02531	0.43046	0.18272	0.05300	0.00474	0.00282	0.00454
7	0.01144	0.01124	0.02035	0.02303	0.39961	0.01109	0.22589	0.01527	0.05348	0.01694	0.10899	0.01670	0.01355	0.00681	0.04146	0.00188	0.00649	0.00561	0.00306	0.00711
8	0.01252	0.01201	0.02053	0.03104	0.79074	0.01201	0.01552	0.01552	0.01151	0.01652	0.00951	0.01252	0.00801	0.00451	0.00501	0.00150	0.00601	0.00451	0.00250	0.00801
9	0.01449	0.00625	0.00754	0.00646	0.00870	0.00577	0.00511	0.01669	0.01228	0.32076	0.05274	0.01907	0.01436	0.00624	0.00425	0.00135	0.00312	0.00506	0.48356	0.00623
10	0.04519	0.00580	0.00724	0.00701	0.00831	0.00547	0.00511	0.01140	0.01105	0.15618	0.16165	0.21347	0.06133	0.20127	0.01052	0.00254	0.00372	0.07314	0.00469	0.00491
11	0.01056	0.00561	0.00663	0.00624	0.00797	0.00506	0.00472	0.01229	0.01174	0.17835	0.08073	0.16956	0.22154	0.00984	0.00518	0.00158	0.00292	0.00836	0.24581	0.00531
12	0.47138	0.01022	0.01003	0.00820	0.01172	0.01100	0.00677	0.15233	0.01297	0.24395	0.01162	0.01147	0.00803	0.00538	0.00403	0.00156	0.00432	0.00373	0.00436	0.00692
13	0.00640	0.00457	0.00615	0.00732	0.00772	0.00432	0.00512	0.00746	0.00992	0.01318	0.02774	0.72548	0.03291	0.01561	0.00652	0.00209	0.00315	0.10548	0.00469	0.00417
14	0.01616	0.00800	0.01004	0.00839	0.01100	0.00773	0.00649	0.05996	0.11013	0.40009	0.05080	0.05563	0.01619	0.16858	0.04530	0.00256	0.00473	0.00616	0.00517	0.00690
15	0.01938	0.00944	0.01144	0.00896	0.01243	0.00922	0.00734	0.22850	0.01635	0.44690	0.01719	0.01611	0.01152	0.00614	0.00480	0.00148	0.00430	0.00487	0.15571	0.00791
16	0.85801	0.00978	0.00743	0.00665	0.00978	0.01134	0.00548	0.01486	0.00861	0.02269	0.00704	0.00821	0.00548	0.00469	0.00313	0.00156	0.00391	0.00274	0.00313	0.00548
17	0.60298	0.00942	0.00875	0.00737	0.01073	0.01015	0.00607	0.01785	0.01040	0.25825	0.01098	0.01096	0.00763	0.00517	0.00373	0.00156	0.00403	0.00345	0.00408	0.00643
18	0.00741	0.00510	0.00618	0.00634	0.00757	0.00453	0.00459	0.00882	0.01162	0.06719	0.19198	0.32579	0.30834	0.01297	0.00609	0.00180	0.00278	0.01134	0.00498	0.00460
19	0.61707	0.01014	0.00911	0.00766	0.01103	0.01126	0.00632	0.11247	0.01147	0.14837	0.00977	0.01016	0.00701	0.00512	0.00369	0.00156	0.00418	0.00335	0.00388	0.00638
20	0.02190	0.00987	0.01252	0.00960	0.01354	0.00931	0.00793	0.19538	0.01659	0.62052	0.01817	0.01606	0.01162	0.00622	0.00508	0.00155	0.00459	0.00496	0.00599	0.00860
21	0.00881	0.00530	0.00637	0.00623	0.00689	0.00508	0.00405	0.00941	0.00915	0.09533	0.06230	0.12292	0.06314	0.52372	0.01846	0.00377	0.00434	0.03686	0.00388	0.00400
22	0.00656	0.00507	0.00577	0.00592	0.00709	0.00454	0.00430	0.00788	0.01123	0.01431	0.17256	0.13282	0.40756	0.12759	0.00890	0.00222	0.00305	0.06381	0.00462	0.00420
23	0.75065	0.00914	0.00709	0.00640	0.00929	0.01050	0.00523	0.01447	0.00886	0.02220	0.00824	0.00956	0.00642	0.00485	0.00318	0.00152	0.00371	0.00299	0.11031	0.00538
24	0.01889	0.02410	0.01433	0.01303	0.01563	0.80199	0.00977	0.02019	0.01433	0.01238	0.00782	0.00912	0.00651	0.00521	0.00456	0.00130	0.00912	0.00326	0.00261	0.00586
25	0.01049	0.00899	0.01049	0.00749	0.01198	0.00674	0.00599	0.01273	0.01049	0.01648	0.00899	0.01049	0.00749	0.00374	0.00374	0.00075	0.00374	0.00300	0.00300	0.85320
26	0.02072	0.00817	0.01111	0.00866	0.01223	0.00710	0.00710	0.02273	0.01445	0.69633	0.11713	0.01981	0.01697	0.00677	0.00520	0.00157	0.00406	0.00560	0.00617	0.00812
27	0.01352	0.82533	0.02650	0.00865	0.01298	0.02001	0.00865	0.01514	0.01027	0.01190	0.00703	0.00811	0.00649	0.00433	0.00324	0.00108	0.00541	0.00270	0.00216	0.00649
28	0.00616	0.00440	0.00587	0.00704	0.00733	0.00411	0.00469	0.00704	0.00968	0.01291	0.02787	0.81899	0.03344	0.01584	0.00645	0.00205	0.00293	0.01438	0.00469	0.00411
29	0.02092	0.01144	0.01349	0.01034	0.01432	0.01164	0.00854	0.40644	0.01921	0.40575	0.01597	0.01463	0.01052	0.00616	0.00507	0.00154	0.00495	0.00481	0.00565	0.00860
30	0.00616	0.00440	0.00587	0.00704	0.00733	0.00411	0.00469	0.00704	0.00968	0.01291	0.02787	0.81899	0.03344	0.01584	0.00645	0.00205	0.00293	0.01438	0.00469	0.00411
31	0.00635	0.00514	0.00564	0.00551	0.00706	0.00443	0.00413	0.00798	0.01240	0.01574	0.28282	0.04524	0.55580	0.01203	0.00597	0.00167	0.00251	0.01019	0.00497	0.00443
32	0.00955	0.00899	0.01517	0.81013	0.03483	0.01123	0.01404	0.01292	0.01011	0.01292	0.00899	0.01348	0.00674	0.00506	0.00506	0.00169	0.00674	0.00449	0.00225	0.00562
33	0.00690	0.00493	0.00672	0.00789	0.00851	0.00475	0.00598	0.00832	0.01041	0.01374	0.02746	0.53506	0.03183	0.01514	0.00665	0.00216	0.00358	0.29100	0.00468	0.00431
34	0.01194	0.01364	0.02984	0.02131	0.02643	0.01279	0.77238	0.01620	0.01194	0.01620	0.01023	0.01364	0.00767	0.00426	0.00597	0.00171	0.00853	0.00597	0.00256	0.00682
35	0.01973	0.01083	0.01280	0.01009	0.01386	0.01105	0.00825	0.26934	0.15604	0.40605	0.01752	0.01586	0.01177	0.00631	0.00509	0.00158	0.00466	0.00503	0.00567	0.00850
36	0.01475	0.64113	0.02370	0.00966	0.01359	0.19979	0.00891	0.01630	0.01121	0.01201	0.00721	0.00834	0.00649	0.00453	0.00355	0.00113	0.00626	0.00283	0.00226	0.00635
37	0.01779	0.01363	0.01301	0.01090	0.01397	0.22283	0.03593	0.19854	0.01583	0.24575	0.01575	0.12165	0.01311	0.00738	0.00521	0.00158	0.00588	0.02959	0.00460	0.00708
38	0.01322	0.01023	0.01120	0.00998	0.01269	0.01142	0.00781	0.14166	0.48776	0.06626	0.02039	0.12052	0.01703	0.00813	0.00537	0.00174	0.00416	0.03781	0.00512	0.00750
39	0.00620	0.00443	0.00590	0.00702	0.00734	0.00413	0.00470	0.00714	0.00986	0.01319	0.05696	0.78909	0.03399	0.01563	0.00644	0.00204	0.00291	0.01418	0.00473	0.00413
40	0.01082	0.00919	0.01067	0.00765	0.01213	0.00708	0.00613	0.04186	0.01099	0.01707	0.00911	0.01055	0.00753	0.00383	0.00380	0.00078	0.00381	0.00306	0.00307	0.82088
41	0.01181	0.00905	0.01324	0.04864	0.26723	0.00824	0.00937	0.01410	0.01131	0.11290	0.04122	0.14463	0.01391	0.00656	0.00490	0.00138	0.00450	0.00588	0.00358	0.26755
42	0.01332	0.07897	0.48460	0.01340	0.01950	0.04818	0.05601	0.11292	0.01293	0.09803	0.01045	0.01144	0.00739	0.00507	0.00481	0.00154	0.00689	0.00400	0.00298	0.00755
43	0.01146	0.07895	0.01950	0.01514	0.06769	0.01071	0.31623	0.03741	0.01146	0.07453	0.01554	0.24244	0.01527	0.00804	0.00630	0.00175	0.05011	0.00779	0.00347	0.00622
44	0.01070	0.01044	0.01855	0.48856	0.24895	0.01165	0.11040	0.01407	0.01074	0.01436	0.00929	0.01323	0.00722	0.00480	0.00516	0.00164	0.00676	0.00468	0.00236	0.00645
45	0.01089	0.01036	0.01759	0.45753	0.37694	0.01159	0.01471	0.01410	0.01075	0.01455	0.00922	0.01304	0.00732	0.00481	0.00503	0.00160	0.00641	0.00450	0.00236	0.00670
46	0.01698	0.02075	0.01342	0.01222	0.01443	0.64431	0.00926	0.01837	0.01322	0.01272	0.00864	0.01056	0.00732	0.00765	0.05746	0.00181	0.06717	0.00357	0.05447	0.00568
47	0.00722	0.00542	0.00813	0.00813	0.00903	0.00632	0.00632	0.00903	0.00813	0.01174	0.01354	0.01987	0.01264	0.03792	0.80225	0.00813	0.01354	0.00542	0.00271	0.00451
48	0.06998	0.01144	0.01337	0.04827	0.15456	0.02501	0.00963	0.09548	0.47226	0.02096	0.01616	0.01597	0.01225	0.00611	0.00496	0.00164	0.00471	0.00509	0.00436	0.00776
49	0.68489	0.01194	0.00892	0.00785	0.01099	0.11172	0.00635	0.07613	0.01054	0.02212	0.00755	0.00864	0.00586	0.00487	0.00346	0.00153	0.00470	0.00295	0.00322	0.00577
50	0.00671	0.00502	0.00622	0.00620	0.00735	0.00454	0.00454	0.00857	0.01285	0.01744	0.48262	0.17892	0.21670	0.01189	0.00605	0.00170	0.00252	0.01043	0.00521	0.00454
51	0.00703	0.00493	0.00589	0.00617	0.00657	0.00470	0.00388	0.00755	0.00864	0.01156	0.03450	0.29917	0.05674	0.45391	0.01681	0.00353	0.00404	0.02176	0.00375	0.03886
52	0.01804	0.02175	0.01638	0.01393	0.01700	0.62085	0.10623	0.09761	0.01500	0.01487	0.00857	0.01000	0.00688	0.00518	0.00479	0.00138	0.00868	0.00373	0.00285	0.00627
53	0.01939	0.00934	0.01164	0.00942	0.01299	0.00911	0.00762	0.02537	0.26461	0.54217	0.02016	0.01775	0.01347	0.00645	0.00510	0.00161	0.00420	0.00529	0.00590	0.00841
54	0.00655	0.00512	0.00598	0.00618	0.00751	0.00456	0.00470	0.00816	0.01196	0.01531	0.22013	0.14928	0.42008	0.01276	0.00616	0.00180	0.00282	0.10163	0.00490	0.00441
55	0.02504	0.00823	0.01056	0.01108	0.10879	0.00894	0.00757	0.17454	0.03715	0.01816	0.01500	0.01874	0.04476	0.05509	0.30683	0.00413	0.00793	0.00529	0.12624	0.00591
56	0.00966	0.00880	0.01438	0.61170	0.07127	0.01085	0.01277	0.01269	0.00993	0.01335	0.00961	0.01401	0.00757	0.00748	0.05781	0.00210	0.06165	0.00456	0.05420	0.00562
57	0.00598	0.00512	0.00512	0.00512	0.00683	0.00427	0.00384	0.00726	0.01153	0.01366	0.05123	0.04866	0.78869	0.01281	0.00598	0.00171	0.00256	0.01067	0.00470	0.00427
58	0.01110	0.00824	0.00917	0.00790	0.01020	0.00847	0.00621	0.22433	0.08811	0.03381	0.29113	0.03018	0.19739	0.00913	0.00552	0.00159	0.00349	0.00764	0.04032	0.00609
59	0.01221	0.01178	0.02033	0.10674	0.68986	0.01197	0.04221	0.01529	0.01139	0.01616	0.00949	0.01265	0.00787	0.00455	0.00505	0.00153	0.00617	0.00456	0.00248	0.00773
60	0.01083	0.11303	0.68406	0.01374	0.02069	0.04125	0.01727	0.01607	0.01076	0.01543	0.00881	0.01034	0.00642	0.00477	0.00463	0.00153	0.00731	0.00361	0.00216	0.00731
61	0.01014	0.02616	0.79609	0.01441	0.02189	0.01174	0.01868	0.01601	0.01068	0.01601	0.00907	0.01068	0.00641	0.00480	0.00480	0.00160	0.00747	0.00374	0.00214	0.00747
62	0.85801	0.00978	0.00743	0.00665	0.00978	0.01134	0.00548	0.01486	0.00861	0.02269	0.00704	0.00821	0.00548	0.00469	0.00313	0.00156	0.00391	0.00274	0.00313	0.00548
63	0.00650	0.00492	0.00579	0.00599	0.00698	0.00444	0.00420	0.00780	0.01124	0.01469	0.23078	0.24292	0.30498	0.11536	0.00860	0.00217	0.00291	0.01082	0.00471	0.00420
64	0.03748	0.00521	0.00611	0.01893	0.00720	0.00526	0.00425	0.00866	0.03658	0.01245	0.02008	0.29538	0.02275	0.40695	0.01551	0.00337	0.00405	0.03463	0.05129	0.00387
65	0.19456	0.01319	0.01271	0.04341	0.01464	0.11966	0.00849	0.32059	0.01676	0.19019	0.01203	0.01206	0.00843	0.00566	0.00459	0.00152	0.00548	0.00411	0.00446	0.00745
66	0.00641	0.00458	0.00616	0.00733	0.00773	0.00432	0.00513	0.00748	0.00993	0.01319	0.02773	0.72259	0.03290	0.01561	0.00652	0.00209	0.00315	0.10829	0.00469	0.00418
67	0.00871	0.00444	0.00666	0.00666	0.00670	0.00448	0.00448	0.00670	0.00666	0.00892	0.00900	0.01557	0.00896	0.01849	0.05516	0.81467	0.00481	0.00444	0.00222	0.00230
68	0.01162	0.01110	0.01891	0.26557	0.56319	0.01178	0.01507	0.01474	0.01109	0.01544	0.00935	0.01281	0.00763	0.00467	0.00502	0.00156	0.00623	0.00450	0.00243	0.00729
69	0.85801	0.00978	0.00743	0.00665	0.00978	0.01134	0.00548	0.01486	0.00861	0.02269	0.00704	0.00821	0.00548	0.00469	0.00313	0.00156	0.00391	0.00274	0.00313	0.00548
70	0.01975	0.01332	0.01465	0.01123	0.01526	0.01443	0.00928	0.66026	0.02236	0.14748	0.01332	0.01291	0.00919	0.00610	0.00506	0.00152	0.00537	0.00463	0.00524	0.00860
71	0.04523	0.00701	0.00782	0.00734	0.00888	0.00740	0.00537	0.01435	0.24560	0.01780	0.28679	0.06041	0.07796	0.17472	0.00964	0.00233	0.00349	0.00776	0.00473	0.00538
72	0.01049	0.00899	0.01049	0.00749	0.01198	0.00674	0.00599	0.01273	0.01049	0.01648	0.00899	0.01049	0.00749	0.00374	0.00374	0.00075	0.00374	0.00300	0.00300	0.85320
73	0.01342	0.01128	0.01191	0.01046	0.01347	0.01297	0.00821	0.12138	0.68573	0.02251	0.01951	0.01802	0.01457	0.00676	0.00513	0.00169	0.00420	0.00557	0.00513	0.00808
74	0.00654	0.00517	0.00590	0.00579	0.00727	0.00454	0.00440	0.00830	0.01264	0.01635	0.34293	0.04470	0.46171	0.01188	0.00601	0.00169	0.00258	0.04207	0.00504	0.00449
75	0.01121	0.00598	0.00776	0.00708	0.00893	0.00532	0.00538	0.01300	0.01301	0.23815	0.30907	0.19645	0.13699	0.01067	0.00582	0.00170	0.00307	0.00929	0.00546	0.00565
76	0.00955	0.00899	0.01517	0.81013	0.03483	0.01123	0.01404	0.01292	0.01011	0.01292	0.00899	0.01348	0.00674	0.00506	0.00506	0.00169	0.00674	0.00449	0.00225	0.00562
77	0.02269	0.00861	0.01174	0.00900	0.01291	0.00743	0.00743	0.02464	0.01447	0.79425	0.01995	0.01721	0.01252	0.00626	0.00509	0.00156	0.00430	0.00509	0.00626	0.00861
78	0.00798	0.00574	0.00791	0.00890	0.01009	0.00567	0.00769	0.01026	0.01185	0.01548	0.08860	0.05514	0.06317	0.01363	0.00686	0.00224	0.00439	0.66503	0.00473	0.00465
79	0.02028	0.01247	0.01413	0.01083	0.01484	0.01317	0.00895	0.54607	0.02095	0.26368	0.01451	0.01368	0.00979	0.00613	0.00507	0.00153	0.00518	0.00471	0.00542	0.00860
80	0.00614	0.00449	0.00577	0.00680	0.00727	0.00413	0.00459	0.00707	0.00991	0.01300	0.03083	0.72153	0.12899	0.01546	0.00639	0.00201	0.00289	0.01391	0.00469	0.00413
81	0.01889	0.02410	0.01433	0.01303	0.01563	0.80199	0.00977	0.02019	0.01433	0.01238	0.00782	0.00912	0.00651	0.00521	0.00456	0.00130	0.00912	0.00326	0.00261	0.00586
82	0.00779	0.00522	0.00711	0.00794	0.00883	0.00499	0.00617	0.00943	0.01114	0.04988	0.10568	0.40535	0.03228	0.01411	0.00655	0.00209	0.00361	0.30238	0.00484	0.00459
83	0.77164	0.00966	0.00788	0.00689	0.01010	0.01094	0.00568	0.01588	0.00921	0.10246	0.00838	0.00914	0.00620	0.00486	0.00333	0.00156	0.00395	0.00298	0.00345	0.00580
84	0.00815	0.00582	0.00815	0.00931	0.01048	0.00582	0.00815	0.01048	0.01164	0.01513	0.02677	0.05704	0.02910	0.01397	0.00698	0.00233	0.00466	0.75671	0.00466	0.00466
85	0.00616	0.00440	0.00587	0.00704	0.00733	0.00411	0.00469	0.00704	0.00968	0.01291	0.02787	0.81899	0.03344	0.01584	0.00645	0.00205	0.00293	0.01438	0.00469	0.00411
86	0.02093	0.01143	0.01348	0.01034	0.01432	0.01162	0.00854	0.40476	0.01919	0.40746	0.01599	0.01464	0.01053	0.00616	0.00507	0.00154	0.00494	0.00482	0.00565	0.00860
87	0.01450	0.01182	0.01252	0.01068	0.01388	0.01348	0.00847	0.24350	0.56184	0.02426	0.01813	0.01692	0.01345	0.00663	0.00512	0.00166	0.00446	0.00538	0.00512	0.00818
88	0.00970	0.00914	0.00853	0.00826	0.00921	0.17188	0.00593	0.01079	0.00916	0.01121	0.01317	0.02215	0.01333	0.29940	0.37017	0.00560	0.00966	0.00563	0.00281	0.00430
89	0.01342	0.80163	0.04932	0.00882	0.01324	0.01976	0.00895	0.01517	0.01029	0.01202	0.00709	0.00819	0.00649	0.00434	0.00329	0.00110	0.00547	0.00273	0.00216	0.00652
90	0.01179	0.01320	0.02737	0.01993	0.02417	0.01325	0.64163	0.01551	0.01122	0.01551	0.00961	0.01320	0.00749	0.00505	0.00779	0.00179	0.14669	0.00570	0.00250	0.00660
91	0.01673	0.01078	0.01195	0.00956	0.01267	0.01150	0.00763	0.40916	0.07868	0.15590	0.01508	0.01690	0.01151	0.10941	0.00752	0.00193	0.00480	0.00511	0.09573	0.00744
92	0.01169	0.01114	0.01858	0.02776	0.69157	0.01103	0.01404	0.01447	0.01152	0.01616	0.01479	0.01709	0.10678	0.00556	0.00513	0.00153	0.00557	0.00529	0.00278	0.00754
93	0.01014	0.02616	0.79609	0.01441	0.02189	0.01174	0.01868	0.01601	0.01068	0.01601	0.00907	0.01068	0.00641	0.00480	0.00480	0.00160	0.00747	0.00374	0.00214	0.00747
94	0.03812	0.00556	0.00701	0.00720	0.00822	0.00566	0.00544	0.00957	0.03781	0.01483	0.18105	0.13438	0.09449	0.13396	0.16653	0.00356	0.00553	0.13242	0.00420	0.00447
95	0.00657	0.00447	0.00569	0.00666	0.00713	0.00419	0.00451	0.00765	0.00988	0.01369	0.02749	0.68292	0.06501	0.01445	0.00606	0.00193	0.00284	0.01299	0.11168	0.00419
96	0.01490	0.01516	0.26088	0.01233	0.01715	0.01050	0.10671	0.12770	0.02604	0.23021	0.01356	0.01427	0.00950	0.00758	0.05707	0.00199	0.00649	0.00470	0.05574	0.00751
97	0.01141	0.01078	0.01531	0.15447	0.30268	0.04389	0.01124	0.01404	0.01083	0.01548	0.00910	0.01184	0.00755	0.00497	0.01571	0.00137	0.03597	0.00391	0.00264	0.31683
98	0.00924	0.00693	0.00959	0.00976	0.05199	0.00787	0.00708	0.03727	0.11716	0.02699	0.01356	0.01819	0.01197	0.02670	0.48423	0.11323	0.03479	0.00522	0.00310	0.00514
99	0.00758	0.00581	0.00688	0.00730	0.00828	0.00585	0.00521	0.01085	0.14243	0.01431	0.03974	0.38845	0.13512	0.12424	0.00884	0.00235	0.00347	0.07402	0.00456	0.00471
100	0.58254	0.04840	0.04394	0.01213	0.16404	0.04580	0.00833	0.01528	0.00958	0.02027	0.00764	0.00920	0.00610	0.00467	0.00363	0.00152	0.00476	0.00315	0.00290	0.00612
101	0.01209	0.11283	0.15278	0.01201	0.09076	0.11851	0.01002	0.06349	0.02706	0.02749	0.19887	0.01724	0.01717	0.00612	0.00478	0.00137	0.00536	0.00495	0.00348	0.11362
102	0.58012	0.06431	0.01126	0.01099	0.12659	0.06047	0.00758	0.01596	0.05130	0.02035	0.00819	0.00948	0.00652	0.00479	0.00361	0.00152	0.00464	0.00319	0.00305	0.00608
103	0.01066	0.00919	0.05919	0.01139	0.06300	0.00866	0.04981	0.09200	0.12777	0.01686	0.04911	0.02906	0.01753	0.01098	0.00882	0.17948	0.00497	0.24205	0.00389	0.00557

[dist]
# distance from previous block
# <min> <max>
1	4

[block]
# block no. 3 follows, 49 sequences, length 33
# corresponding to MSA columns:
# 286-318
name=unknown_D
#
# <colnr> <probs for GDERKNQSTAVLIFYWHMCP>
#	G	D	E	R	K	N	Q	S	T	A	V	L	I	F	Y	W	H	M	C	P
0	0.01118	0.01003	0.01086	0.00996	0.01185	0.05198	0.00771	0.01968	0.43531	0.01817	0.10832	0.12891	0.01993	0.00870	0.00704	0.00180	0.12040	0.00699	0.00458	0.00663
1	0.01589	0.01520	0.01375	0.01350	0.10458	0.25887	0.00947	0.15307	0.22789	0.06253	0.03833	0.03976	0.01202	0.00629	0.00499	0.00153	0.00604	0.00495	0.00409	0.00725
2	0.00709	0.00468	0.00591	0.00646	0.00717	0.00443	0.00455	0.00867	0.01107	0.01598	0.21819	0.44959	0.03296	0.01246	0.00577	0.00177	0.00272	0.02550	0.17063	0.00440
3	0.08145	0.00632	0.00747	0.00715	0.00880	0.00620	0.00536	0.01259	0.08976	0.10718	0.27958	0.24409	0.10303	0.01076	0.00567	0.00173	0.00306	0.00935	0.00508	0.00537
4	0.02122	0.01096	0.01319	0.01011	0.01408	0.01092	0.00835	0.34174	0.01841	0.47159	0.01664	0.01507	0.01086	0.00618	0.00507	0.00154	0.00484	0.00486	0.00575	0.00860
5	0.01922	0.01416	0.01518	0.01163	0.01568	0.01568	0.00961	0.77388	0.02378	0.03187	0.01214	0.01214	0.00860	0.00607	0.00506	0.00152	0.00556	0.00455	0.00506	0.00860
6	0.09897	0.00735	0.00880	0.00741	0.01000	0.00694	0.00590	0.05731	0.01380	0.30188	0.26165	0.02620	0.11303	0.00811	0.00518	0.00157	0.00343	0.00672	0.04937	0.00639
7	0.00615	0.00504	0.00539	0.00548	0.00694	0.00431	0.00402	0.00747	0.01152	0.01418	0.12370	0.13698	0.60951	0.02856	0.00641	0.00180	0.00263	0.01088	0.00475	0.00428
8	0.06325	0.01328	0.01437	0.01106	0.01505	0.01448	0.00914	0.64607	0.02189	0.12128	0.01280	0.01253	0.00890	0.00602	0.00496	0.00153	0.00533	0.00452	0.00510	0.00844
9	0.69795	0.00955	0.00826	0.00710	0.01038	0.01059	0.00585	0.01674	0.00973	0.17053	0.00951	0.00994	0.00683	0.00499	0.00350	0.00156	0.00399	0.00319	0.00373	0.00608
10	0.00945	0.00552	0.00664	0.00625	0.00692	0.00541	0.00402	0.02567	0.00871	0.10185	0.01740	0.02939	0.05672	0.55826	0.05610	0.08244	0.00506	0.00684	0.00347	0.00388
11	0.00733	0.00494	0.00569	0.00563	0.00580	0.00488	0.00330	0.00766	0.00831	0.01125	0.12230	0.03374	0.02242	0.71044	0.02301	0.00445	0.00456	0.00760	0.00341	0.00330
12	0.02269	0.00861	0.01174	0.00900	0.01291	0.00743	0.00743	0.02464	0.01447	0.79425	0.01995	0.01721	0.01252	0.00626	0.00509	0.00156	0.00430	0.00509	0.00626	0.00861
13	0.00869	0.00635	0.00785	0.00707	0.00863	0.00622	0.00541	0.09899	0.03328	0.02165	0.67982	0.03435	0.04240	0.00976	0.00584	0.00158	0.00279	0.00853	0.00550	0.00529
14	0.01146	0.00970	0.01047	0.00954	0.01203	0.01101	0.00736	0.02333	0.62978	0.02065	0.13818	0.05760	0.02117	0.00779	0.00533	0.00171	0.00371	0.00663	0.00519	0.00734
15	0.00915	0.00530	0.00676	0.00685	0.00777	0.00499	0.00480	0.01029	0.01043	0.12030	0.11153	0.32098	0.02693	0.22633	0.01119	0.00266	0.00366	0.05695	0.04855	0.00459
16	0.06595	0.01392	0.01474	0.01136	0.01535	0.01544	0.00938	0.73160	0.02293	0.03136	0.01186	0.01192	0.00843	0.00599	0.00495	0.00152	0.00547	0.00445	0.00495	0.00843
17	0.00616	0.00440	0.00587	0.00704	0.00733	0.00411	0.00469	0.00704	0.00968	0.01291	0.02787	0.81899	0.03344	0.01584	0.00645	0.00205	0.00293	0.01438	0.00469	0.00411
18	0.01049	0.00899	0.01049	0.00749	0.01198	0.00674	0.00599	0.01273	0.01049	0.01648	0.00899	0.01049	0.00749	0.00374	0.00374	0.00075	0.00374	0.00300	0.00300	0.85320
19	0.00735	0.00490	0.00552	0.00552	0.00552	0.00490	0.00306	0.00735	0.00735	0.00980	0.01593	0.03309	0.01838	0.82229	0.02574	0.00490	0.00490	0.00735	0.00306	0.00306
20	0.01352	0.82533	0.02650	0.00865	0.01298	0.02001	0.00865	0.01514	0.01027	0.01190	0.00703	0.00811	0.00649	0.00433	0.00324	0.00108	0.00541	0.00270	0.00216	0.00649
21	0.00787	0.00568	0.00678	0.00671	0.00725	0.00606	0.00442	0.00997	0.09784	0.01170	0.01659	0.06978	0.01760	0.51670	0.18898	0.00507	0.00655	0.00712	0.00332	0.00401
22	0.00670	0.00508	0.00617	0.00605	0.00731	0.00455	0.00448	0.00859	0.01299	0.01751	0.48595	0.11995	0.27294	0.01165	0.00602	0.00167	0.00249	0.01014	0.00521	0.00455
23	0.01252	0.01201	0.02053	0.03104	0.79074	0.01201	0.01552	0.01552	0.01151	0.01652	0.00951	0.01252	0.00801	0.00451	0.00501	0.00150	0.00601	0.00451	0.00250	0.00801
24	0.01258	0.01086	0.01143	0.01029	0.01315	0.01258	0.00800	0.02687	0.78161	0.02115	0.02058	0.01887	0.01544	0.00686	0.00515	0.00172	0.00400	0.00572	0.00515	0.00800
25	0.00975	0.00677	0.01013	0.19861	0.01518	0.00721	0.09560	0.01257	0.01064	0.01713	0.01398	0.01697	0.01086	0.00550	0.00418	0.00136	0.00412	0.00481	0.54946	0.00517
26	0.00697	0.00513	0.00670	0.00766	0.00857	0.00486	0.00600	0.00853	0.01084	0.01399	0.03161	0.35798	0.16744	0.01450	0.00659	0.00211	0.00360	0.32787	0.00468	0.00437
27	0.01194	0.01364	0.02984	0.02131	0.02643	0.01279	0.77238	0.01620	0.01194	0.01620	0.01023	0.01364	0.00767	0.00426	0.00597	0.00171	0.00853	0.00597	0.00256	0.00682
28	0.01252	0.01201	0.02053	0.03104	0.79074	0.01201	0.01552	0.01552	0.01151	0.01652	0.00951	0.01252	0.00801	0.00451	0.00501	0.00150	0.00601	0.00451	0.00250	0.00801
29	0.05360	0.00967	0.06446	0.05745	0.01696	0.00872	0.22161	0.01278	0.01142	0.01575	0.01903	0.03706	0.01923	0.00971	0.00626	0.00203	0.00599	0.41904	0.00370	0.00553
30	0.04445	0.01210	0.01596	0.16672	0.30088	0.06790	0.01206	0.10738	0.14556	0.05915	0.01197	0.01359	0.00916	0.00535	0.00495	0.00157	0.00580	0.00460	0.00344	0.00742
31	0.03425	0.00910	0.01272	0.04619	0.07660	0.00866	0.07568	0.11494	0.01406	0.10506	0.25938	0.02067	0.02100	0.00662	0.00512	0.00142	0.00436	0.00584	0.00434	0.17399
32	0.12805	0.46172	0.02127	0.01186	0.10269	0.01565	0.07034	0.01444	0.01016	0.01430	0.00906	0.05229	0.00841	0.00704	0.05232	0.00173	0.00589	0.00396	0.00253	0.00631

[dist]
# distance from previous block
# <min> <max>
0	12

[block]
# block no. 4 follows, 49 sequences, length 52
# corresponding to MSA columns:
# 331-382
name=unknown_E
#
# <colnr> <probs for GDERKNQSTAVLIFYWHMCP>
#	G	D	E	R	K	N	Q	S	T	A	V	L	I	F	Y	W	H	M	C	P
0	0.19425	0.08577	0.16063	0.01942	0.30657	0.01263	0.12002	0.01553	0.01069	0.01731	0.00878	0.01103	0.00699	0.00455	0.00455	0.00153	0.00612	0.00403	0.00255	0.00707
