[name]
unknown

[dist]
# distance from previous block
# <min> <max>
6	245

[block]
# block no. 0 follows, 53 sequences, length 145
# corresponding to MSA columns:
# 246-390
name=unknown_A
#
# <colnr> <probs for GDERKNQSTAVLIFYWHMCP>
#	G	D	E	R	K	N	Q	S	T	A	V	L	I	F	Y	W	H	M	C	P
0	0.01542	0.01357	0.01241	0.01048	0.01351	0.21888	0.02291	0.23477	0.14208	0.09132	0.01400	0.01675	0.02191	0.00629	0.00479	0.00144	0.00558	0.07905	0.00406	0.07077
1	0.01264	0.02063	0.54762	0.01258	0.01857	0.01174	0.01470	0.21103	0.01349	0.07733	0.01007	0.01090	0.00701	0.00495	0.00462	0.00149	0.00639	0.00382	0.00301	0.00741
2	0.26149	0.00828	0.00862	0.09790	0.01203	0.03747	0.00654	0.12178	0.02966	0.01766	0.01594	0.31888	0.02825	0.00881	0.00474	0.00166	0.00403	0.00736	0.00373	0.00518
3	0.01110	0.00875	0.01397	0.18298	0.20828	0.00912	0.07410	0.01475	0.09767	0.11351	0.01530	0.17379	0.01400	0.00721	0.00517	0.00163	0.00500	0.03390	0.00352	0.00625
4	0.01220	0.04957	0.10531	0.08349	0.33574	0.03514	0.08950	0.01523	0.02248	0.11293	0.01173	0.08429	0.00992	0.00551	0.00485	0.00150	0.00571	0.00511	0.00296	0.00684
5	0.01180	0.01050	0.01646	0.04243	0.56771	0.02845	0.01235	0.03246	0.05229	0.05463	0.04030	0.08636	0.01162	0.00568	0.00489	0.00148	0.00519	0.00531	0.00301	0.00707
6	0.01145	0.01086	0.01848	0.07517	0.72040	0.01098	0.01411	0.01415	0.01066	0.01517	0.00934	0.03067	0.00807	0.00481	0.00508	0.02089	0.00562	0.00447	0.00239	0.00723
7	0.00935	0.00788	0.04929	0.00916	0.01131	0.03106	0.11397	0.01166	0.02897	0.10512	0.13916	0.23496	0.13824	0.01005	0.00564	0.00170	0.00409	0.07894	0.00428	0.00518
8	0.01356	0.05751	0.21650	0.01714	0.26719	0.06293	0.04032	0.02784	0.03173	0.17537	0.01153	0.02712	0.00877	0.00509	0.00467	0.00146	0.00583	0.01509	0.00315	0.00721
9	0.01044	0.01033	0.01539	0.47187	0.22406	0.07026	0.01289	0.01318	0.00995	0.01295	0.00849	0.01220	0.00682	0.00586	0.02952	0.00174	0.07179	0.00418	0.00222	0.00586
10	0.01513	0.29327	0.01688	0.01090	0.04893	0.37324	0.00858	0.01661	0.01161	0.07039	0.00864	0.01012	0.00726	0.01811	0.05782	0.00166	0.00710	0.00329	0.01459	0.00589
11	0.01281	0.04074	0.13823	0.03235	0.17175	0.00890	0.08297	0.01557	0.01146	0.23038	0.07055	0.11739	0.01453	0.00668	0.00503	0.00155	0.00504	0.02361	0.00378	0.00668
12	0.01392	0.01338	0.18760	0.03409	0.29516	0.01024	0.08311	0.01711	0.01139	0.23940	0.01166	0.01278	0.00835	0.00493	0.00519	0.00150	0.03513	0.00438	0.00329	0.00739
13	0.00626	0.00469	0.00625	0.00694	0.00735	0.00468	0.00486	0.00730	0.00963	0.01304	0.11803	0.64738	0.05388	0.01382	0.00666	0.00189	0.05593	0.02298	0.00438	0.00406
14	0.00942	0.00797	0.01258	0.15777	0.31553	0.00821	0.00981	0.01149	0.01013	0.03826	0.06440	0.12963	0.05394	0.12193	0.00780	0.00200	0.00480	0.02560	0.00312	0.00560
15	0.02880	0.04644	0.31186	0.01562	0.14001	0.03898	0.13512	0.07262	0.01172	0.08329	0.02638	0.04805	0.00903	0.00518	0.00478	0.00150	0.00625	0.00462	0.00288	0.00690
16	0.01283	0.02928	0.06477	0.08997	0.24086	0.03239	0.01014	0.06064	0.01183	0.19062	0.01633	0.13145	0.06061	0.00696	0.00498	0.00154	0.00489	0.01963	0.00371	0.00660
17	0.01135	0.01111	0.04496	0.09931	0.06685	0.12761	0.13316	0.01450	0.07052	0.07860	0.02787	0.03771	0.11051	0.06665	0.00657	0.00180	0.00565	0.07620	0.00339	0.00569
18	0.01177	0.00996	0.01791	0.04607	0.21441	0.00967	0.25857	0.04557	0.01175	0.10593	0.04220	0.07289	0.01359	0.00658	0.00541	0.00164	0.00578	0.11047	0.00340	0.00643
19	0.01256	0.01176	0.05706	0.09285	0.56161	0.01128	0.04062	0.07234	0.01179	0.06759	0.00978	0.01212	0.00770	0.00453	0.00477	0.00145	0.00575	0.00431	0.00274	0.00739
20	0.01410	0.01098	0.05568	0.05686	0.44868	0.01018	0.02944	0.05388	0.01191	0.21189	0.01175	0.01359	0.00887	0.03452	0.00547	0.00157	0.00537	0.00449	0.00336	0.00742
21	0.00745	0.00608	0.00818	0.07661	0.08048	0.00610	0.00665	0.01012	0.07621	0.01423	0.09589	0.27083	0.19161	0.01113	0.00570	0.00177	0.00353	0.11849	0.00416	0.00480
22	0.01292	0.04134	0.08736	0.02226	0.51681	0.01072	0.01287	0.01627	0.04938	0.13462	0.01151	0.03146	0.00921	0.00501	0.00473	0.00146	0.00536	0.01623	0.00306	0.00743
23	0.01516	0.04782	0.07294	0.10157	0.14954	0.03332	0.00999	0.06791	0.09513	0.29671	0.05111	0.01484	0.01129	0.00553	0.00472	0.00147	0.00496	0.00462	0.00412	0.00725
24	0.00958	0.06961	0.01349	0.11019	0.06569	0.00996	0.08152	0.05004	0.06817	0.01438	0.03939	0.19714	0.01616	0.00961	0.03580	0.00196	0.11959	0.07894	0.00333	0.00546
25	0.01168	0.00911	0.01458	0.27130	0.24115	0.00961	0.04631	0.04490	0.02729	0.12560	0.07228	0.03515	0.04026	0.00590	0.00498	0.00154	0.00526	0.02339	0.00332	0.00639
26	0.00890	0.01247	0.23888	0.01332	0.16370	0.03688	0.01063	0.01217	0.03824	0.01491	0.11235	0.24638	0.01964	0.00855	0.00525	0.00164	0.00482	0.04209	0.00339	0.00579
27	0.00992	0.00855	0.05203	0.10127	0.25436	0.00773	0.00942	0.01220	0.01100	0.09630	0.06888	0.09669	0.20130	0.00806	0.00521	0.00158	0.00436	0.04163	0.00363	0.00586
28	0.01194	0.01307	0.01386	0.19600	0.13477	0.27472	0.06033	0.01411	0.01148	0.01326	0.05338	0.09063	0.03005	0.00660	0.00498	0.00152	0.00636	0.05454	0.00287	0.00554
29	0.03221	0.01204	0.06723	0.16140	0.35068	0.07039	0.01247	0.03395	0.01115	0.12784	0.00998	0.01208	0.00763	0.00499	0.00546	0.00150	0.06511	0.00416	0.00287	0.00686
30	0.01333	0.04964	0.11807	0.02148	0.46053	0.01085	0.05094	0.02753	0.01147	0.15995	0.02360	0.01267	0.00870	0.00469	0.00471	0.00144	0.00559	0.00433	0.00304	0.00745
31	0.01048	0.00967	0.03250	0.17409	0.27478	0.03422	0.07944	0.01356	0.05011	0.04997	0.01366	0.17975	0.01286	0.00679	0.00504	0.00158	0.00526	0.00632	0.03379	0.00612
32	0.00830	0.00743	0.01205	0.58035	0.02548	0.00894	0.01091	0.01093	0.00973	0.01269	0.05956	0.16206	0.01398	0.00728	0.00535	0.00168	0.02181	0.03370	0.00281	0.00497
33	0.01225	0.01137	0.07191	0.01222	0.09445	0.06308	0.00938	0.03927	0.17194	0.11095	0.08115	0.01702	0.06076	0.00702	0.00764	0.00165	0.21271	0.00514	0.00366	0.00641
34	0.13685	0.15055	0.29063	0.01268	0.11241	0.01156	0.02536	0.01644	0.01059	0.17533	0.01013	0.01087	0.00732	0.00469	0.00417	0.00141	0.00550	0.00362	0.00300	0.00691
35	0.00883	0.00500	0.00673	0.00711	0.00810	0.00458	0.00512	0.00998	0.01023	0.15783	0.04778	0.60636	0.02812	0.01305	0.00588	0.00186	0.00310	0.06089	0.00473	0.00471
36	0.01068	0.01032	0.01797	0.34182	0.44740	0.01111	0.06406	0.01374	0.01038	0.01425	0.00884	0.01226	0.00708	0.00445	0.00481	0.00150	0.00611	0.00434	0.00227	0.00660
37	0.06537	0.00889	0.03822	0.01126	0.08892	0.06732	0.10205	0.01193	0.01063	0.08429	0.02129	0.28245	0.11456	0.00951	0.00538	0.00169	0.00454	0.06263	0.00379	0.00531
38	0.00928	0.01068	0.11248	0.66969	0.08130	0.01073	0.01391	0.01273	0.00971	0.01279	0.00854	0.01236	0.00641	0.00472	0.00475	0.00157	0.00641	0.00416	0.00213	0.00567
39	0.01461	0.00929	0.01063	0.00914	0.01202	0.00990	0.00721	0.06062	0.45442	0.25922	0.01980	0.07010	0.02736	0.00692	0.00494	0.00159	0.00385	0.00577	0.00515	0.00747
40	0.00712	0.00468	0.00644	0.00699	0.00763	0.00464	0.00495	0.00822	0.00901	0.06328	0.02209	0.54708	0.02492	0.04345	0.21167	0.00345	0.00546	0.01067	0.00401	0.00423
41	0.04238	0.03421	0.01678	0.16199	0.49034	0.01101	0.01267	0.03703	0.01077	0.05129	0.00954	0.01232	0.00771	0.00589	0.03841	0.00171	0.02196	0.00421	0.02295	0.00683
42	0.00693	0.00533	0.00784	0.00785	0.00858	0.00625	0.00606	0.00848	0.00784	0.01126	0.01407	0.11820	0.01403	0.03159	0.66467	0.00663	0.06123	0.00611	0.00276	0.00428
43	0.01189	0.01445	0.32421	0.01155	0.01606	0.00869	0.10678	0.01556	0.01172	0.19792	0.14549	0.01994	0.01594	0.00642	0.00510	0.00158	0.00546	0.07095	0.00372	0.00658
44	0.01293	0.01261	0.08602	0.02405	0.54990	0.01148	0.06028	0.10109	0.01231	0.06839	0.00991	0.01199	0.00776	0.00454	0.00478	0.00144	0.00579	0.00432	0.00284	0.00756
45	0.00996	0.02221	0.64611	0.01539	0.05697	0.01127	0.14089	0.01514	0.01032	0.01519	0.00877	0.01062	0.00632	0.00445	0.00473	0.00153	0.00716	0.00390	0.00210	0.00699
46	0.00683	0.00512	0.00768	0.00768	0.00853	0.00597	0.00597	0.00853	0.00768	0.01110	0.01280	0.01878	0.01195	0.03585	0.81308	0.00768	0.01280	0.00512	0.00256	0.00427
47	0.01055	0.01255	0.24053	0.26116	0.07479	0.00904	0.01199	0.01385	0.01067	0.12511	0.06106	0.07578	0.05995	0.00633	0.00491	0.00156	0.00545	0.00543	0.00314	0.00614
48	0.01169	0.12922	0.28974	0.04898	0.17612	0.03370	0.07822	0.04408	0.01101	0.06614	0.01032	0.06107	0.00851	0.00517	0.00459	0.00145	0.00609	0.00447	0.00265	0.00679
49	0.01089	0.01692	0.36404	0.09953	0.02053	0.03482	0.16379	0.01481	0.01019	0.06923	0.00941	0.01177	0.00704	0.00654	0.04577	0.00190	0.09970	0.00424	0.00243	0.00644
50	0.00919	0.02993	0.16373	0.46863	0.05536	0.01026	0.06299	0.01271	0.01031	0.01393	0.10616	0.01494	0.01119	0.00527	0.00486	0.00155	0.00605	0.00471	0.00252	0.00572
51	0.01093	0.01570	0.26961	0.15755	0.38385	0.05052	0.01512	0.01462	0.01054	0.01469	0.00870	0.01127	0.00681	0.00447	0.00466	0.00147	0.00638	0.00397	0.00222	0.00693
52	0.01220	0.03267	0.35028	0.01824	0.26348	0.08296	0.04338	0.11046	0.01221	0.01677	0.00897	0.01074	0.00684	0.00461	0.00463	0.00144	0.00655	0.00388	0.00252	0.00718
53	0.00606	0.00580	0.05732	0.00636	0.00765	0.00445	0.00499	0.00743	0.01016	0.01311	0.08266	0.42246	0.32846	0.01286	0.00580	0.00176	0.00288	0.01127	0.00433	0.00419
54	0.00775	0.00584	0.00655	0.00608	0.00777	0.00548	0.00465	0.05975	0.05867	0.04155	0.28342	0.03762	0.40659	0.02922	0.00596	0.00164	0.00276	0.01917	0.00476	0.00477
55	0.01077	0.07847	0.38542	0.07013	0.23007	0.01161	0.08382	0.01487	0.01044	0.03251	0.00916	0.01171	0.00710	0.00459	0.00464	0.00148	0.00648	0.01750	0.00229	0.00694
56	0.00821	0.00686	0.00703	0.00777	0.02111	0.10669	0.00531	0.00919	0.01002	0.05119	0.02408	0.64359	0.05464	0.01298	0.00577	0.00181	0.00361	0.01155	0.00423	0.00437
57	0.01100	0.01051	0.01790	0.26447	0.57359	0.01114	0.01425	0.01394	0.01049	0.01460	0.00884	0.01210	0.00721	0.00441	0.00475	0.00147	0.00588	0.00426	0.00229	0.00690
58	0.00983	0.00847	0.01413	0.76788	0.03158	0.01039	0.01287	0.01293	0.00982	0.06366	0.00917	0.01297	0.00673	0.00485	0.00478	0.00159	0.00622	0.00428	0.00237	0.00549
59	0.01027	0.02031	0.53031	0.01729	0.13756	0.01134	0.17480	0.01510	0.01045	0.01524	0.00886	0.01092	0.00653	0.00439	0.00480	0.00152	0.00706	0.00407	0.00215	0.00701
60	0.02144	0.00813	0.01109	0.00850	0.01220	0.00702	0.00702	0.02329	0.01368	0.80552	0.01886	0.01627	0.01183	0.00592	0.00481	0.00148	0.00407	0.00481	0.00592	0.00813
61	0.01051	0.01001	0.01702	0.40133	0.44052	0.01101	0.01401	0.01351	0.01026	0.01402	0.00876	0.01226	0.00701	0.00450	0.00475	0.00150	0.00600	0.00425	0.00225	0.00651
62	0.01699	0.00939	0.01470	0.01567	0.25315	0.00873	0.06701	0.03472	0.01262	0.45493	0.01537	0.05158	0.01102	0.00568	0.00490	0.00149	0.00482	0.00509	0.00449	0.00764
63	0.01459	0.02086	0.19845	0.01559	0.12549	0.45347	0.07404	0.01726	0.01220	0.01332	0.00807	0.00974	0.00642	0.00467	0.00453	0.00135	0.00781	0.00355	0.00234	0.00624
64	0.55792	0.01416	0.00939	0.00847	0.01125	0.30195	0.00665	0.01588	0.01010	0.01791	0.00692	0.00807	0.00553	0.00461	0.00345	0.00139	0.00548	0.00277	0.00278	0.00531
65	0.39502	0.02281	0.00767	0.00645	0.00894	0.00901	0.00523	0.11269	0.01105	0.06681	0.02678	0.01258	0.00907	0.00516	0.00348	0.00135	0.00343	0.00367	0.28330	0.00550
66	0.00678	0.00456	0.00526	0.00543	0.00548	0.00452	0.00313	0.00691	0.00729	0.00972	0.01679	0.15327	0.01955	0.70706	0.02154	0.00422	0.00435	0.00797	0.00313	0.00305
67	0.00684	0.00509	0.00752	0.00752	0.00831	0.00588	0.00577	0.00843	0.00763	0.01097	0.01295	0.01962	0.01231	0.08926	0.76017	0.00748	0.01225	0.00524	0.00258	0.00418
68	0.01022	0.00972	0.01650	0.48235	0.36174	0.01093	0.01387	0.01326	0.01012	0.01367	0.00871	0.01235	0.00688	0.00456	0.00476	0.00152	0.00608	0.00425	0.00223	0.00628
69	0.01048	0.07464	0.55826	0.01170	0.01774	0.01044	0.01411	0.01490	0.01036	0.06276	0.03362	0.01107	0.00778	0.00460	0.00434	0.00135	0.00606	0.00359	0.00248	0.13972
70	0.01719	0.00827	0.01066	0.00798	0.01188	0.00678	0.00652	0.01914	0.01229	0.51441	0.01504	0.01393	0.01008	0.00504	0.00434	0.00119	0.00387	0.00408	0.00478	0.32252
71	0.01047	0.24771	0.59197	0.01212	0.01837	0.01325	0.01505	0.01491	0.00999	0.01407	0.00805	0.00942	0.00608	0.00442	0.00414	0.00138	0.00653	0.00326	0.00203	0.00681
72	0.01497	0.01016	0.03257	0.01498	0.25918	0.02065	0.00948	0.06309	0.01229	0.28078	0.01228	0.01272	0.00885	0.00474	0.00445	0.00126	0.00465	0.00405	0.00381	0.22507
73	0.01183	0.01136	0.01940	0.02934	0.80221	0.01136	0.01467	0.01467	0.01088	0.01562	0.00899	0.01183	0.00757	0.00426	0.00473	0.00142	0.00568	0.00426	0.00237	0.00757
74	0.00676	0.00489	0.00639	0.00601	0.00714	0.00451	0.00451	0.00902	0.01353	0.01917	0.79969	0.03570	0.04510	0.00977	0.00564	0.00150	0.00225	0.00864	0.00526	0.00451
75	0.00826	0.00522	0.00664	0.00616	0.00761	0.00469	0.00466	0.01020	0.01283	0.11083	0.53322	0.08653	0.16475	0.01004	0.00557	0.00155	0.00253	0.00875	0.00515	0.00482
76	0.00675	0.00455	0.00527	0.00547	0.00552	0.00450	0.00317	0.00690	0.00734	0.00978	0.01705	0.17168	0.01988	0.68821	0.02112	0.00416	0.00431	0.00812	0.00317	0.00307
77	0.00967	0.00540	0.00694	0.00623	0.00781	0.00495	0.00479	0.01184	0.01305	0.15791	0.54958	0.02971	0.03452	0.00849	0.00516	0.00144	0.00257	0.00737	0.12741	0.00514
78	0.00662	0.00546	0.00588	0.00567	0.00729	0.00502	0.00428	0.00945	0.09855	0.01523	0.22933	0.04034	0.52784	0.01091	0.00556	0.00159	0.00253	0.00921	0.00469	0.00454
79	0.00903	0.00850	0.01434	0.82054	0.03292	0.01062	0.01327	0.01221	0.00956	0.01221	0.00850	0.01274	0.00637	0.00478	0.00478	0.00159	0.00637	0.00425	0.00212	0.00531
80	0.00573	0.00453	0.00516	0.00566	0.00667	0.00397	0.00399	0.00677	0.01011	0.01259	0.03847	0.39870	0.45399	0.01340	0.00585	0.00176	0.00258	0.01166	0.00444	0.00397
81	0.01165	0.01117	0.01907	0.08064	0.75232	0.01131	0.01458	0.01451	0.01080	0.01539	0.00896	0.01189	0.00749	0.00429	0.00473	0.00143	0.00572	0.00426	0.00235	0.00742
82	0.86579	0.00924	0.00702	0.00629	0.00924	0.01072	0.00518	0.01405	0.00813	0.02144	0.00666	0.00776	0.00518	0.00444	0.00296	0.00148	0.00370	0.00259	0.00296	0.00518
83	0.00605	0.00486	0.00540	0.00527	0.00670	0.00421	0.00395	0.00764	0.01185	0.01517	0.31980	0.04228	0.52748	0.01126	0.00564	0.00157	0.00236	0.00957	0.00474	0.00421
84	0.01785	0.02278	0.01354	0.01231	0.01478	0.81284	0.00924	0.01909	0.01354	0.01170	0.00739	0.00862	0.00616	0.00493	0.00431	0.00123	0.00862	0.00308	0.00246	0.00554
85	0.01183	0.01136	0.01940	0.02934	0.80221	0.01136	0.01467	0.01467	0.01088	0.01562	0.00899	0.01183	0.00757	0.00426	0.00473	0.00142	0.00568	0.00426	0.00237	0.00757
86	0.00581	0.00420	0.00550	0.00654	0.00690	0.00389	0.00439	0.00667	0.00926	0.01224	0.02770	0.78093	0.07872	0.01480	0.00607	0.00192	0.00275	0.01337	0.00444	0.00389
87	0.01558	0.00975	0.01109	0.00883	0.01215	0.00991	0.00714	0.24829	0.16708	0.22183	0.01496	0.01444	0.01065	0.00560	0.00447	0.00134	0.00408	0.00446	0.10212	0.12626
88	0.00991	0.00850	0.00991	0.00708	0.01133	0.00637	0.00566	0.01203	0.00991	0.01557	0.00850	0.00991	0.00708	0.00354	0.00354	0.00071	0.00354	0.00283	0.00283	0.86124
89	0.01165	0.01117	0.01907	0.08064	0.75232	0.01131	0.01458	0.01451	0.01080	0.01539	0.00896	0.01189	0.00749	0.00429	0.00473	0.00143	0.00572	0.00426	0.00235	0.00742
90	0.00818	0.00651	0.00797	0.00649	0.00902	0.00535	0.00503	0.01037	0.01191	0.01755	0.44466	0.02413	0.02804	0.00698	0.00470	0.00115	0.00283	0.00604	0.00417	0.38895
91	0.01007	0.00956	0.01622	0.52688	0.31845	0.01089	0.01379	0.01312	0.01005	0.01348	0.00868	0.01240	0.00682	0.00459	0.00476	0.00153	0.00611	0.00425	0.00221	0.00615
92	0.01127	0.00877	0.01147	0.01285	0.15987	0.00919	0.00866	0.23976	0.03891	0.01892	0.01820	0.21092	0.01857	0.00951	0.00554	0.00175	0.00450	0.20111	0.00415	0.00608
93	0.00659	0.00537	0.00589	0.00567	0.00724	0.00493	0.00428	0.00931	0.08663	0.01554	0.27943	0.04010	0.49007	0.01084	0.00557	0.00158	0.00250	0.00919	0.00474	0.00452
94	0.00630	0.00436	0.00541	0.00605	0.00621	0.00420	0.00379	0.00678	0.00823	0.01097	0.02160	0.49336	0.02562	0.35869	0.01377	0.00307	0.00356	0.01080	0.00379	0.00347
95	0.01044	0.01036	0.01907	0.45322	0.11793	0.01133	0.24433	0.04867	0.01081	0.01435	0.00904	0.01263	0.00685	0.00454	0.00503	0.00157	0.00675	0.00467	0.00236	0.00604
96	0.00582	0.00416	0.00555	0.00666	0.00693	0.00388	0.00444	0.00666	0.00915	0.01220	0.02634	0.82891	0.03161	0.01497	0.00610	0.00194	0.00277	0.01359	0.00444	0.00388
97	0.00658	0.00448	0.00532	0.00568	0.00578	0.00439	0.00340	0.00685	0.00767	0.01023	0.01875	0.29222	0.02203	0.56473	0.01836	0.00375	0.00403	0.00912	0.00340	0.00322
98	0.00903	0.00850	0.01434	0.82054	0.03292	0.01062	0.01327	0.01221	0.00956	0.01221	0.00850	0.01274	0.00637	0.00478	0.00478	0.00159	0.00637	0.00425	0.00212	0.00531
99	0.00582	0.00416	0.00555	0.00666	0.00693	0.00388	0.00444	0.00666	0.00915	0.01220	0.02634	0.82891	0.03161	0.01497	0.00610	0.00194	0.00277	0.01359	0.00444	0.00388
100	0.00727	0.00612	0.00928	0.29977	0.01664	0.00699	0.00800	0.00896	0.00918	0.01216	0.01865	0.48345	0.02093	0.01089	0.00623	0.00183	0.05609	0.00963	0.00346	0.00448
101	0.01128	0.01289	0.02820	0.02015	0.02498	0.01209	0.78485	0.01531	0.01128	0.01531	0.00967	0.01289	0.00725	0.00403	0.00564	0.00161	0.00806	0.00564	0.00242	0.00645
102	0.00602	0.00447	0.00562	0.00615	0.00689	0.00407	0.00430	0.00728	0.01056	0.01405	0.22067	0.48514	0.18097	0.01315	0.00590	0.00177	0.00258	0.01171	0.00464	0.00407
103	0.01137	0.01198	0.01450	0.01252	0.01282	0.11310	0.01031	0.01244	0.00809	0.01153	0.00641	0.01023	0.00626	0.00794	0.01428	0.00199	0.72278	0.00405	0.00214	0.00527
104	0.01785	0.02278	0.01354	0.01231	0.01478	0.81284	0.00924	0.01909	0.01354	0.01170	0.00739	0.00862	0.00616	0.00493	0.00431	0.00123	0.00862	0.00308	0.00246	0.00554
105	0.67569	0.00899	0.00794	0.00678	0.00991	0.00989	0.00559	0.01613	0.00938	0.19797	0.00940	0.00968	0.00667	0.00477	0.00337	0.00148	0.00378	0.00309	0.00362	0.00584
106	0.00795	0.00534	0.00690	0.00634	0.00771	0.00501	0.00481	0.01069	0.04906	0.07020	0.71352	0.03363	0.04155	0.00937	0.00555	0.00151	0.00244	0.00825	0.00529	0.00488
107	0.00695	0.00463	0.00521	0.00521	0.00521	0.00463	0.00290	0.00695	0.00695	0.00927	0.01506	0.03128	0.01738	0.83203	0.02433	0.00463	0.00463	0.00695	0.00290	0.00290
108	0.00619	0.00478	0.00565	0.00561	0.00683	0.00424	0.00414	0.00784	0.01191	0.01574	0.39648	0.13777	0.35284	0.01137	0.00570	0.00160	0.00239	0.00985	0.00482	0.00424
109	0.01119	0.01059	0.01751	0.13975	0.59463	0.01064	0.01336	0.01399	0.01057	0.01512	0.00886	0.01172	0.00734	0.00424	0.00459	0.00136	0.00551	0.00408	0.00239	0.11255
110	0.00663	0.00480	0.00628	0.00628	0.00727	0.00445	0.00468	0.00861	0.01253	0.01745	0.59241	0.17482	0.06356	0.01097	0.00578	0.00163	0.00249	0.05994	0.00504	0.00438
111	0.01785	0.02278	0.01354	0.01231	0.01478	0.81284	0.00924	0.01909	0.01354	0.01170	0.00739	0.00862	0.00616	0.00493	0.00431	0.00123	0.00862	0.00308	0.00246	0.00554
112	0.01183	0.01136	0.01940	0.02934	0.80221	0.01136	0.01467	0.01467	0.01088	0.01562	0.00899	0.01183	0.00757	0.00426	0.00473	0.00142	0.00568	0.00426	0.00237	0.00757
113	0.02144	0.00813	0.01109	0.00850	0.01220	0.00702	0.00702	0.02329	0.01368	0.80552	0.01886	0.01627	0.01183	0.00592	0.00481	0.00148	0.00407	0.00481	0.00592	0.00813
114	0.01249	0.01057	0.01115	0.00985	0.01266	0.01217	0.00771	0.09814	0.71986	0.02096	0.01869	0.01722	0.01397	0.00641	0.00486	0.00160	0.00392	0.00530	0.00486	0.00762
115	0.00928	0.00815	0.01204	0.01573	0.30751	0.00811	0.02262	0.02786	0.08511	0.01536	0.05308	0.11219	0.17374	0.00872	0.00540	0.00165	0.00425	0.11962	0.00370	0.00588
116	0.01023	0.02387	0.70764	0.01394	0.02057	0.06315	0.06453	0.01540	0.01039	0.01492	0.00857	0.01017	0.00614	0.00453	0.00459	0.00150	0.00723	0.00363	0.00207	0.00693
117	0.00770	0.00550	0.00770	0.00880	0.00990	0.00550	0.00770	0.00990	0.01100	0.01430	0.02531	0.05391	0.02751	0.01320	0.00660	0.00220	0.00440	0.77004	0.00440	0.00440
118	0.00586	0.00417	0.00554	0.00661	0.00688	0.00390	0.00439	0.00666	0.00909	0.01211	0.02601	0.80531	0.03119	0.03915	0.00664	0.00202	0.00283	0.01339	0.00439	0.00385
119	0.01167	0.01149	0.02051	0.05143	0.66829	0.01144	0.12478	0.01469	0.01090	0.01547	0.00907	0.01201	0.00749	0.00424	0.00486	0.00145	0.00604	0.00446	0.00237	0.00734
120	0.01009	0.00593	0.00730	0.00666	0.00844	0.00549	0.00513	0.01146	0.01128	0.21464	0.09030	0.16451	0.36552	0.01059	0.00616	0.00166	0.05611	0.00883	0.00472	0.00516
121	0.00646	0.00487	0.00597	0.00569	0.00695	0.00438	0.00427	0.00843	0.01281	0.01745	0.59397	0.03852	0.25189	0.01041	0.00564	0.00153	0.00230	0.00904	0.00504	0.00438
122	0.01216	0.11999	0.32967	0.01406	0.01922	0.11533	0.20943	0.04392	0.04448	0.03382	0.00927	0.01084	0.00696	0.00456	0.00464	0.00144	0.00700	0.00403	0.00249	0.00668
123	0.00991	0.00850	0.00991	0.00708	0.01133	0.00637	0.00566	0.01203	0.00991	0.01557	0.00850	0.00991	0.00708	0.00354	0.00354	0.00071	0.00354	0.00283	0.00283	0.86124
124	0.00690	0.00484	0.00624	0.00624	0.00659	0.00519	0.00417	0.00761	0.00725	0.01002	0.01412	0.02610	0.01513	0.50215	0.35113	0.00590	0.00802	0.00619	0.00276	0.00346
125	0.00665	0.00485	0.00592	0.00565	0.00688	0.00440	0.00424	0.00867	0.01271	0.01768	0.58020	0.03685	0.21249	0.01002	0.00549	0.00150	0.00229	0.00870	0.06041	0.00440
126	0.01341	0.00993	0.01085	0.00953	0.01239	0.01111	0.00748	0.02506	0.66935	0.14512	0.01936	0.01758	0.01415	0.00639	0.00485	0.00160	0.00383	0.00531	0.00503	0.00766
127	0.00684	0.00506	0.00737	0.00737	0.00811	0.00580	0.00558	0.00833	0.00759	0.01086	0.01309	0.02037	0.01264	0.13717	0.71270	0.00729	0.01176	0.00535	0.00260	0.00409
128	0.86579	0.00924	0.00702	0.00629	0.00924	0.01072	0.00518	0.01405	0.00813	0.02144	0.00666	0.00776	0.00518	0.00444	0.00296	0.00148	0.00370	0.00259	0.00296	0.00518
129	0.00683	0.00512	0.00768	0.00768	0.00853	0.00597	0.00597	0.00853	0.00768	0.01110	0.01280	0.01878	0.01195	0.03585	0.81308	0.00768	0.01280	0.00512	0.00256	0.00427
130	0.00991	0.00850	0.00991	0.00708	0.01133	0.00637	0.00566	0.01203	0.00991	0.01557	0.00850	0.00991	0.00708	0.00354	0.00354	0.00071	0.00354	0.00283	0.00283	0.86124
131	0.01558	0.06555	0.01378	0.01036	0.01380	0.01404	0.00849	0.46547	0.29603	0.02529	0.01400	0.01349	0.01030	0.00590	0.00470	0.00147	0.00472	0.00458	0.00463	0.00780
132	0.00581	0.00435	0.00540	0.00618	0.00682	0.00394	0.00424	0.00678	0.00972	0.01260	0.05651	0.60885	0.22325	0.01409	0.00597	0.00185	0.00267	0.01256	0.00446	0.00394
133	0.05945	0.01297	0.06551	0.01263	0.10210	0.01292	0.00978	0.50738	0.01846	0.13356	0.01179	0.01190	0.00829	0.00546	0.00467	0.00145	0.00518	0.00423	0.00440	0.00785
134	0.01129	0.00958	0.01036	0.00959	0.01207	0.01097	0.00758	0.02318	0.68137	0.01918	0.02029	0.02301	0.01644	0.00745	0.00511	0.00170	0.00387	0.11503	0.00480	0.00711
135	0.00621	0.00486	0.00562	0.00543	0.00680	0.00427	0.00408	0.00795	0.01223	0.01607	0.42810	0.04080	0.41862	0.01093	0.00564	0.00156	0.00234	0.00936	0.00485	0.00427
136	0.00903	0.00850	0.01434	0.82054	0.03292	0.01062	0.01327	0.01221	0.00956	0.01221	0.00850	0.01274	0.00637	0.00478	0.00478	0.00159	0.00637	0.00425	0.00212	0.00531
137	0.01212	0.01223	0.02018	0.02716	0.65648	0.05893	0.11253	0.01501	0.01109	0.01534	0.00898	0.01177	0.00745	0.00427	0.00482	0.00143	0.00616	0.00436	0.00238	0.00731
138	0.00582	0.00416	0.00555	0.00666	0.00693	0.00388	0.00444	0.00666	0.00915	0.01220	0.02634	0.82891	0.03161	0.01497	0.00610	0.00194	0.00277	0.01359	0.00444	0.00388
139	0.00597	0.00464	0.00545	0.00584	0.00689	0.00412	0.00424	0.00725	0.01067	0.01363	0.14714	0.31735	0.38671	0.01282	0.00585	0.00174	0.00262	0.04845	0.00455	0.00407
140	0.00683	0.00512	0.00768	0.00768	0.00853	0.00597	0.00597	0.00853	0.00768	0.01110	0.01280	0.01878	0.01195	0.03585	0.81308	0.00768	0.01280	0.00512	0.00256	0.00427
141	0.01183	0.01136	0.01940	0.02934	0.80221	0.01136	0.01467	0.01467	0.01088	0.01562	0.00899	0.01183	0.00757	0.00426	0.00473	0.00142	0.00568	0.00426	0.00237	0.00757
142	0.00903	0.00850	0.01434	0.82054	0.03292	0.01062	0.01327	0.01221	0.00956	0.01221	0.00850	0.01274	0.00637	0.00478	0.00478	0.00159	0.00637	0.00425	0.00212	0.00531
143	0.83545	0.00920	0.00717	0.00637	0.00935	0.01059	0.00524	0.01438	0.00833	0.04962	0.00709	0.00807	0.00542	0.00449	0.00302	0.00148	0.00371	0.00267	0.00306	0.00528
144	0.00683	0.00512	0.00768	0.00768	0.00853	0.00597	0.00597	0.00853	0.00768	0.01110	0.01280	0.01878	0.01195	0.03585	0.81308	0.00768	0.01280	0.00512	0.00256	0.00427

[dist]
# distance from previous block
# <min> <max>
0	8

[block]
# block no. 1 follows, 53 sequences, length 78
# corresponding to MSA columns:
# 399-476
name=unknown_B
#
# <colnr> <probs for GDERKNQSTAVLIFYWHMCP>
#	G	D	E	R	K	N	Q	S	T	A	V	L	I	F	Y	W	H	M	C	P
0	0.01306	0.00618	0.00803	0.00710	0.00928	0.00541	0.00548	0.01454	0.01192	0.37816	0.08837	0.24041	0.17238	0.00984	0.00538	0.00163	0.00326	0.00848	0.00518	0.00592
1	0.01124	0.01076	0.01834	0.19441	0.64171	0.01120	0.01438	0.01416	0.01061	0.01491	0.00889	0.01202	0.00732	0.00437	0.00474	0.00146	0.00582	0.00426	0.00232	0.00710
2	0.00780	0.06045	0.00804	0.00660	0.00808	0.00622	0.00508	0.01105	0.09626	0.02923	0.55821	0.09985	0.06585	0.00952	0.00541	0.00153	0.00268	0.00832	0.00491	0.00493
3	0.86579	0.00924	0.00702	0.00629	0.00924	0.01072	0.00518	0.01405	0.00813	0.02144	0.00666	0.00776	0.00518	0.00444	0.00296	0.00148	0.00370	0.00259	0.00296	0.00518
4	0.01096	0.01225	0.11046	0.16038	0.52805	0.01087	0.01419	0.01413	0.01050	0.01498	0.00883	0.01165	0.00716	0.00433	0.00464	0.00141	0.00582	0.00408	0.00231	0.06297
5	0.00851	0.00707	0.00937	0.11840	0.04142	0.00637	0.00676	0.01076	0.01097	0.01577	0.22773	0.05622	0.04651	0.00698	0.00475	0.00127	0.00365	0.06756	0.00363	0.34630
6	0.60354	0.00901	0.00926	0.25553	0.01649	0.01069	0.00765	0.01349	0.00857	0.01862	0.00722	0.00929	0.00554	0.00454	0.00352	0.00151	0.00452	0.00310	0.00270	0.00522
7	0.01646	0.00996	0.01320	0.23505	0.04150	0.01062	0.00961	0.24825	0.03798	0.30780	0.01351	0.01378	0.00917	0.00552	0.00479	0.00150	0.00510	0.00450	0.00439	0.00732
8	0.00845	0.00711	0.01108	0.18568	0.11780	0.00834	0.00879	0.01015	0.00830	0.01163	0.01052	0.01628	0.00970	0.07797	0.33350	0.06991	0.09287	0.00478	0.00238	0.00476
9	0.01564	0.01224	0.01967	0.01508	0.05126	0.01228	0.32499	0.31489	0.01599	0.15077	0.01185	0.01285	0.00836	0.00501	0.00513	0.00151	0.00622	0.00493	0.00390	0.00742
10	0.00903	0.00850	0.01434	0.82054	0.03292	0.01062	0.01327	0.01221	0.00956	0.01221	0.00850	0.01274	0.00637	0.00478	0.00478	0.00159	0.00637	0.00425	0.00212	0.00531
11	0.00818	0.00768	0.04332	0.01321	0.25092	0.00677	0.00797	0.01052	0.01199	0.01652	0.35730	0.02963	0.20033	0.00839	0.00532	0.00150	0.00354	0.00741	0.00406	0.00545
12	0.01000	0.00949	0.01610	0.54546	0.30038	0.01088	0.01376	0.01307	0.01002	0.01340	0.00867	0.01243	0.00679	0.00460	0.00476	0.00153	0.00613	0.00425	0.00221	0.00610
13	0.00570	0.00463	0.00506	0.00541	0.00661	0.00399	0.00388	0.00680	0.01035	0.01269	0.04151	0.29116	0.55957	0.01300	0.00579	0.00172	0.00253	0.01118	0.00444	0.00399
14	0.01284	0.01385	0.02384	0.01754	0.02186	0.09907	0.55856	0.10730	0.06402	0.01697	0.01028	0.01259	0.00772	0.00449	0.00534	0.00155	0.00751	0.00519	0.00286	0.00662
15	0.01434	0.42793	0.07378	0.00964	0.01346	0.14336	0.00893	0.11159	0.07285	0.05487	0.00926	0.00985	0.00743	0.00476	0.00381	0.00121	0.00562	0.00329	0.01750	0.00653
16	0.01661	0.18268	0.03911	0.01154	0.01446	0.63304	0.00927	0.01803	0.01269	0.01171	0.00728	0.00848	0.00615	0.00475	0.00407	0.00120	0.00788	0.00299	0.00237	0.00570
17	0.01376	0.26336	0.16313	0.01092	0.01504	0.04632	0.05003	0.20316	0.01336	0.06900	0.01037	0.01307	0.00844	0.00552	0.00488	0.00141	0.04454	0.05377	0.00315	0.00676
18	0.00812	0.19236	0.07761	0.00768	0.01035	0.00862	0.05712	0.01018	0.02646	0.01313	0.05295	0.13129	0.36795	0.00934	0.00502	0.00151	0.00384	0.00788	0.00361	0.00498
19	0.00594	0.00483	0.00514	0.00508	0.00649	0.00416	0.00374	0.00725	0.01108	0.01377	0.18012	0.04310	0.60917	0.07065	0.00699	0.00181	0.00255	0.00960	0.00447	0.00404
20	0.01578	0.09197	0.09164	0.01253	0.01686	0.01384	0.15503	0.44677	0.01744	0.07488	0.01089	0.01156	0.00782	0.00516	0.00476	0.00144	0.00586	0.00435	0.00390	0.00753
21	0.01194	0.08608	0.21380	0.02188	0.45510	0.03854	0.04129	0.01528	0.01081	0.04781	0.00907	0.01116	0.00719	0.00440	0.00456	0.00141	0.00609	0.00396	0.00241	0.00724
22	0.01116	0.01159	0.01459	0.04373	0.11734	0.11728	0.02627	0.01261	0.00889	0.01221	0.00843	0.06432	0.00828	0.00840	0.03500	0.00202	0.48531	0.00472	0.00235	0.00549
23	0.00582	0.00416	0.00555	0.00666	0.00693	0.00388	0.00444	0.00666	0.00915	0.01220	0.02634	0.82891	0.03161	0.01497	0.00610	0.00194	0.00277	0.01359	0.00444	0.00388
24	0.72366	0.00943	0.00794	0.00684	0.00993	0.01066	0.00564	0.07047	0.00970	0.09745	0.00817	0.00885	0.00603	0.00467	0.00327	0.00148	0.00385	0.00292	0.00337	0.00567
25	0.01207	0.01266	0.08771	0.06607	0.57103	0.01167	0.06209	0.08881	0.01189	0.01678	0.00921	0.01176	0.00741	0.00444	0.00478	0.00145	0.00594	0.00428	0.00256	0.00740
26	0.00775	0.00627	0.00974	0.01137	0.14193	0.00703	0.00746	0.00959	0.00820	0.01182	0.01207	0.01770	0.01121	0.04711	0.64355	0.00645	0.02840	0.00500	0.00253	0.00481
27	0.60624	0.01339	0.00902	0.00813	0.01094	0.25625	0.00642	0.01559	0.00979	0.01846	0.00688	0.00803	0.00548	0.00459	0.00337	0.00140	0.00520	0.00274	0.00281	0.00529
28	0.00625	0.00487	0.00568	0.00548	0.00683	0.00429	0.00411	0.00803	0.01232	0.01630	0.45515	0.04042	0.39143	0.01084	0.00564	0.00155	0.00233	0.00931	0.00488	0.00429
29	0.00973	0.00928	0.01308	0.06425	0.01283	0.01263	0.00953	0.01093	0.00753	0.01147	0.00786	0.01305	0.00774	0.06995	0.09202	0.00276	0.61717	0.00448	0.01876	0.00496
30	0.79229	0.00960	0.00766	0.00669	0.00973	0.01108	0.00552	0.08101	0.00938	0.02220	0.00707	0.00809	0.00543	0.00455	0.00312	0.00148	0.00383	0.00274	0.00312	0.00543
31	0.00624	0.00493	0.00567	0.00575	0.00714	0.00437	0.00446	0.00786	0.01157	0.01474	0.24287	0.06081	0.47511	0.01171	0.00579	0.00167	0.00267	0.11779	0.00465	0.00421
32	0.00959	0.02472	0.80726	0.01362	0.02069	0.01110	0.01766	0.01514	0.01009	0.01514	0.00858	0.01009	0.00605	0.00454	0.00454	0.00151	0.00706	0.00353	0.00202	0.00706
33	0.15613	0.69615	0.02202	0.00786	0.01176	0.01754	0.00767	0.01427	0.00945	0.01296	0.00665	0.00768	0.00597	0.00415	0.00305	0.00110	0.00487	0.00256	0.00220	0.00597
34	0.00672	0.00493	0.00648	0.00736	0.00827	0.00470	0.00586	0.00831	0.01047	0.01356	0.05720	0.30571	0.15509	0.01348	0.00625	0.00200	0.00347	0.37151	0.00445	0.00418
35	0.00659	0.00488	0.00614	0.00583	0.00703	0.00443	0.00437	0.00868	0.01311	0.01817	0.68018	0.03734	0.16523	0.01014	0.00564	0.00152	0.00228	0.00887	0.00513	0.00443
36	0.00929	0.00875	0.01286	0.14738	0.03019	0.01163	0.00984	0.01091	0.00786	0.01159	0.00841	0.01305	0.00780	0.01489	0.22261	0.00346	0.45778	0.00444	0.00223	0.00504
37	0.01023	0.02020	0.50930	0.01612	0.02233	0.01148	0.31108	0.01520	0.01055	0.01520	0.00900	0.01116	0.00651	0.00435	0.00496	0.00155	0.00744	0.00434	0.00217	0.00683
38	0.00574	0.00463	0.00512	0.00546	0.00663	0.00400	0.00392	0.00687	0.01044	0.01291	0.06875	0.29452	0.52840	0.01293	0.00579	0.00171	0.00253	0.01115	0.00447	0.00400
39	0.00678	0.00498	0.00713	0.00720	0.00787	0.00561	0.00536	0.00815	0.00765	0.01086	0.01407	0.07388	0.01415	0.16828	0.62774	0.00679	0.01077	0.00598	0.00274	0.00401
40	0.01106	0.00932	0.00987	0.00897	0.01122	0.01067	0.00678	0.02230	0.66138	0.01819	0.01872	0.02009	0.01506	0.14522	0.00813	0.00213	0.00393	0.00566	0.00453	0.00678
41	0.00882	0.00447	0.00454	0.00452	0.00563	0.00446	0.00339	0.01105	0.01017	0.01788	0.04819	0.01856	0.01362	0.00574	0.00344	0.00113	0.00223	0.00463	0.82309	0.00446
42	0.86579	0.00924	0.00702	0.00629	0.00924	0.01072	0.00518	0.01405	0.00813	0.02144	0.00666	0.00776	0.00518	0.00444	0.00296	0.00148	0.00370	0.00259	0.00296	0.00518
43	0.01043	0.01038	0.08687	0.00797	0.01246	0.00739	0.00704	0.06364	0.01076	0.01650	0.00870	0.01003	0.00705	0.00378	0.00372	0.00083	0.00399	0.00300	0.00288	0.72259
44	0.01258	0.00929	0.01406	0.02789	0.05853	0.04258	0.13847	0.01472	0.01116	0.20694	0.14028	0.03175	0.02643	0.00926	0.07408	0.00214	0.16447	0.00559	0.00374	0.00605
45	0.00695	0.00463	0.00521	0.00521	0.00521	0.00463	0.00290	0.00695	0.00695	0.00927	0.01506	0.03128	0.01738	0.83203	0.02433	0.00463	0.00463	0.00695	0.00290	0.00290
46	0.01165	0.01117	0.01907	0.08110	0.75188	0.01131	0.01458	0.01451	0.01080	0.01539	0.00896	0.01189	0.00749	0.00429	0.00473	0.00143	0.00572	0.00426	0.00235	0.00742
47	0.01230	0.01293	0.09888	0.02045	0.26034	0.01127	0.34332	0.01659	0.06753	0.09170	0.01094	0.01297	0.00820	0.00451	0.00512	0.00153	0.00654	0.00491	0.00287	0.00709
48	0.01156	0.00595	0.00793	0.00683	0.00879	0.00533	0.00533	0.01368	0.01358	0.27607	0.54458	0.02935	0.03423	0.00851	0.00537	0.00150	0.00285	0.00739	0.00548	0.00569
49	0.01616	0.01886	0.01279	0.01153	0.01411	0.55478	0.00875	0.04879	0.23693	0.01474	0.01099	0.01136	0.00864	0.00540	0.00449	0.00135	0.00711	0.00379	0.00323	0.00621
50	0.01760	0.01797	0.01360	0.06503	0.04191	0.49389	0.00937	0.14797	0.01471	0.11900	0.00970	0.01048	0.00729	0.00516	0.00450	0.00133	0.00721	0.00363	0.00328	0.00637
51	0.00771	0.00478	0.00565	0.00567	0.00596	0.00466	0.00343	0.00797	0.00776	0.06185	0.01720	0.16434	0.01941	0.64067	0.01999	0.00397	0.00428	0.00793	0.00335	0.00340
52	0.00582	0.00416	0.00555	0.00666	0.00693	0.00388	0.00444	0.00666	0.00915	0.01220	0.02634	0.82891	0.03161	0.01497	0.00610	0.00194	0.00277	0.01359	0.00444	0.00388
53	0.00830	0.00415	0.00623	0.00623	0.00623	0.00415	0.00415	0.00623	0.00623	0.00830	0.00830	0.01453	0.00830	0.01660	0.01868	0.86094	0.00415	0.00415	0.00208	0.00208
54	0.01324	0.00886	0.01043	0.00811	0.01183	0.00795	0.00649	0.01824	0.21289	0.21004	0.01386	0.01351	0.01018	0.00488	0.00419	0.00113	0.00373	0.00398	0.00411	0.43234
55	0.00695	0.00463	0.00521	0.00521	0.00521	0.00463	0.00290	0.00695	0.00695	0.00927	0.01506	0.03128	0.01738	0.83203	0.02433	0.00463	0.00463	0.00695	0.00290	0.00290
56	0.01183	0.01136	0.01940	0.02934	0.80221	0.01136	0.01467	0.01467	0.01088	0.01562	0.00899	0.01183	0.00757	0.00426	0.00473	0.00142	0.00568	0.00426	0.00237	0.00757
57	0.00582	0.00416	0.00555	0.00666	0.00693	0.00388	0.00444	0.00666	0.00915	0.01220	0.02634	0.82891	0.03161	0.01497	0.00610	0.00194	0.00277	0.01359	0.00444	0.00388
58	0.01565	0.01476	0.01572	0.01702	0.25568	0.19987	0.01092	0.32047	0.01585	0.02017	0.00942	0.01085	0.00738	0.00527	0.00537	0.00143	0.05968	0.00400	0.00333	0.00716
59	0.01510	0.01110	0.01237	0.00927	0.01326	0.01095	0.00759	0.42821	0.01690	0.07506	0.01077	0.01117	0.00795	0.00487	0.00429	0.00115	0.00450	0.00375	0.00408	0.34767
60	0.00991	0.00850	0.00991	0.00708	0.01133	0.00637	0.00566	0.01203	0.00991	0.01557	0.00850	0.00991	0.00708	0.00354	0.00354	0.00071	0.00354	0.00283	0.00283	0.86124
61	0.01066	0.01067	0.01568	0.52046	0.24739	0.08796	0.01328	0.01356	0.01031	0.01312	0.00853	0.01209	0.00669	0.00465	0.00472	0.00151	0.00639	0.00414	0.00222	0.00597
62	0.21121	0.01086	0.01651	0.02396	0.61707	0.01121	0.01245	0.01452	0.01024	0.01698	0.00845	0.01088	0.00701	0.00430	0.00432	0.00143	0.00522	0.00387	0.00250	0.00701
63	0.86579	0.00924	0.00702	0.00629	0.00924	0.01072	0.00518	0.01405	0.00813	0.02144	0.00666	0.00776	0.00518	0.00444	0.00296	0.00148	0.00370	0.00259	0.00296	0.00518
64	0.00695	0.00463	0.00521	0.00521	0.00521	0.00463	0.00290	0.00695	0.00695	0.00927	0.01506	0.03128	0.01738	0.83203	0.02433	0.00463	0.00463	0.00695	0.00290	0.00290
65	0.00943	0.00832	0.01287	0.01752	0.39559	0.00821	0.00957	0.01249	0.05268	0.01707	0.32383	0.02379	0.07459	0.00706	0.00516	0.00148	0.00402	0.00643	0.00377	0.00613
66	0.01687	0.00801	0.01076	0.14448	0.01475	0.00786	0.00761	0.08652	0.01312	0.46564	0.01589	0.01553	0.01066	0.00565	0.00454	0.00143	0.00424	0.00461	0.15482	0.00701
67	0.01183	0.01136	0.01940	0.02934	0.80221	0.01136	0.01467	0.01467	0.01088	0.01562	0.00899	0.01183	0.00757	0.00426	0.00473	0.00142	0.00568	0.00426	0.00237	0.00757
68	0.01056	0.00932	0.01434	0.68449	0.02988	0.01133	0.01257	0.14230	0.01173	0.01522	0.00900	0.01253	0.00667	0.00494	0.00478	0.00157	0.00618	0.00426	0.00257	0.00578
69	0.01070	0.01043	0.01400	0.01207	0.01253	0.01418	0.00997	0.01384	0.13945	0.01293	0.00849	0.01170	0.00767	0.00805	0.01387	0.00201	0.68556	0.00439	0.00256	0.00562
70	0.53588	0.00909	0.00928	0.14372	0.01398	0.01022	0.00703	0.04749	0.00996	0.16019	0.00934	0.01027	0.00669	0.00481	0.00367	0.00150	0.00428	0.00333	0.00342	0.00585
71	0.00693	0.00470	0.00557	0.00557	0.00569	0.00483	0.00334	0.00718	0.00706	0.00953	0.01473	0.02947	0.01659	0.71677	0.13851	0.00507	0.00582	0.00669	0.00285	0.00309
72	0.01474	0.01516	0.01132	0.01013	0.01250	0.37464	0.00776	0.07977	0.21183	0.03181	0.01240	0.01296	0.00962	0.00559	0.00456	0.00135	0.02259	0.00406	0.15110	0.00612
73	0.00959	0.02472	0.80726	0.01362	0.02069	0.01110	0.01766	0.01514	0.01009	0.01514	0.00858	0.01009	0.00605	0.00454	0.00454	0.00151	0.00706	0.00353	0.00202	0.00706
74	0.01274	0.00846	0.01072	0.00804	0.01179	0.00705	0.03834	0.01555	0.06699	0.20858	0.01229	0.01356	0.00946	0.05855	0.00539	0.00126	0.00395	0.00389	0.00372	0.49968
75	0.00967	0.00918	0.01431	0.76237	0.03162	0.03961	0.01298	0.04029	0.01016	0.01284	0.00856	0.01255	0.00643	0.00482	0.00476	0.00157	0.00641	0.00421	0.00223	0.00542
76	0.37920	0.00916	0.01006	0.00985	0.11577	0.00897	0.00679	0.01442	0.00967	0.10039	0.00885	0.00991	0.00682	0.00427	0.00358	0.00121	0.00395	0.00312	0.00315	0.29086
77	0.84075	0.03348	0.00755	0.00634	0.00933	0.01096	0.00526	0.01406	0.00818	0.02115	0.00665	0.00776	0.00520	0.00443	0.00296	0.00147	0.00374	0.00259	0.00293	0.00520

[dist]
# distance from previous block
# <min> <max>
0	3

[block]
# block no. 2 follows, 53 sequences, length 17
# corresponding to MSA columns:
# 480-496
name=unknown_C
#
# <colnr> <probs for GDERKNQSTAVLIFYWHMCP>
#	G	D	E	R	K	N	Q	S	T	A	V	L	I	F	Y	W	H	M	C	P
0	0.01278	0.83490	0.02505	0.00818	0.01227	0.01891	0.00818	0.01431	0.00971	0.01125	0.00664	0.00767	0.00613	0.00409	0.00307	0.00102	0.00511	0.00256	0.00204	0.00613
1	0.01175	0.00580	0.00774	0.00694	0.00810	0.00572	0.00508	0.08350	0.00950	0.16070	0.01124	0.01487	0.00931	0.01257	0.01337	0.54061	0.00407	0.00432	0.08081	0.00400
2	0.86579	0.00924	0.00702	0.00629	0.00924	0.01072	0.00518	0.01405	0.00813	0.02144	0.00666	0.00776	0.00518	0.00444	0.00296	0.00148	0.00370	0.00259	0.00296	0.00518
3	0.01785	0.02278	0.01354	0.01231	0.01478	0.81284	0.00924	0.01909	0.01354	0.01170	0.00739	0.00862	0.00616	0.00493	0.00431	0.00123	0.00862	0.00308	0.00246	0.00554
4	0.00903	0.00850	0.01434	0.82054	0.03292	0.01062	0.01327	0.01221	0.00956	0.01221	0.00850	0.01274	0.00637	0.00478	0.00478	0.00159	0.00637	0.00425	0.00212	0.00531
5	0.00983	0.02283	0.68975	0.01465	0.04381	0.01130	0.08756	0.01503	0.01014	0.01506	0.00862	0.01041	0.00622	0.00460	0.00497	0.00154	0.03087	0.00377	0.00207	0.00697
6	0.01185	0.01845	0.37545	0.01331	0.01775	0.10247	0.09283	0.04761	0.03444	0.05686	0.00923	0.01110	0.00702	0.00614	0.02553	0.00174	0.15513	0.00401	0.00254	0.00655
7	0.00743	0.00616	0.00849	0.00856	0.00888	0.00728	0.00652	0.00850	0.00860	0.01200	0.01897	0.42533	0.02181	0.04333	0.08238	0.00262	0.23548	0.07980	0.00355	0.00431
8	0.00575	0.00487	0.00498	0.00503	0.00662	0.00411	0.00383	0.00701	0.01090	0.01298	0.04730	0.04638	0.76277	0.01216	0.00570	0.00164	0.00252	0.04697	0.00444	0.00405
9	0.01785	0.02278	0.01354	0.01231	0.01478	0.81284	0.00924	0.01909	0.01354	0.01170	0.00739	0.00862	0.00616	0.00493	0.00431	0.00123	0.00862	0.00308	0.00246	0.00554
10	0.01051	0.09062	0.50051	0.01727	0.20154	0.01190	0.07186	0.01497	0.01033	0.01492	0.00859	0.01049	0.00650	0.00440	0.00454	0.00146	0.00665	0.00377	0.00213	0.00706
11	0.00582	0.00416	0.00555	0.00666	0.00693	0.00388	0.00444	0.00666	0.00915	0.01220	0.02634	0.82891	0.03161	0.01497	0.00610	0.00194	0.00277	0.01359	0.00444	0.00388
12	0.00606	0.00469	0.00552	0.00567	0.00680	0.00415	0.00412	0.00752	0.01133	0.01479	0.28920	0.23600	0.36290	0.01205	0.00576	0.00166	0.00245	0.01048	0.00471	0.00415
13	0.01280	0.10415	0.05814	0.05452	0.24415	0.15648	0.13872	0.04986	0.01182	0.03363	0.03746	0.02853	0.00908	0.00492	0.00463	0.00139	0.00628	0.00441	0.03253	0.00648
14	0.00923	0.00870	0.01470	0.76309	0.08878	0.01067	0.01338	0.01239	0.00965	0.01246	0.00853	0.01268	0.00646	0.00474	0.00478	0.00158	0.00632	0.00425	0.00214	0.00547
15	0.00778	0.00568	0.00810	0.05711	0.01127	0.00581	0.00803	0.01004	0.01092	0.01418	0.02431	0.05146	0.02625	0.01270	0.00649	0.00216	0.00452	0.72447	0.00427	0.00446
16	0.00767	0.00528	0.00560	0.00540	0.00694	0.00487	0.00408	0.05483	0.01147	0.03378	0.08347	0.09232	0.43154	0.00999	0.00503	0.00149	0.00259	0.00836	0.22080	0.00450

[dist]
# distance from previous block
# <min> <max>
0	269

# created by:
