[name]
unknown

[dist]
# distance from previous block
# <min> <max>
0	233

[block]
# block no. 0 follows, 45 sequences, length 19
# corresponding to MSA columns:
# 255-273
name=unknown_A
#
# <colnr> <probs for GDERKNQSTAVLIFYWHMCP>
#	G	D	E	R	K	N	Q	S	T	A	V	L	I	F	Y	W	H	M	C	P
0	0.01248	0.00888	0.01487	0.01287	0.01566	0.00853	0.18271	0.04007	0.01335	0.14124	0.02265	0.04139	0.02202	0.01083	0.00677	0.00216	0.00587	0.42666	0.00472	0.00630
1	0.11393	0.00897	0.01030	0.06712	0.01291	0.00963	0.00736	0.22880	0.01591	0.02303	0.22976	0.20476	0.02636	0.00987	0.00573	0.00178	0.00419	0.00838	0.00496	0.00624
2	0.07218	0.00960	0.01549	0.73994	0.03500	0.01193	0.01424	0.01387	0.01062	0.01448	0.00939	0.01390	0.00706	0.00534	0.00522	0.00178	0.00693	0.00463	0.00245	0.00595
3	0.03280	0.01169	0.01575	0.01182	0.01615	0.01118	0.12895	0.23790	0.03217	0.11748	0.03257	0.04535	0.01130	0.00590	0.00514	0.00143	0.00538	0.00515	0.00438	0.26750
4	0.08096	0.01477	0.01506	0.01188	0.01591	0.04797	0.00971	0.60024	0.09894	0.03110	0.01321	0.01317	0.00953	0.00638	0.00521	0.00163	0.00577	0.00476	0.00512	0.00870
5	0.01359	0.01376	0.02380	0.01736	0.02214	0.07311	0.44832	0.01709	0.01252	0.06562	0.01087	0.01346	0.00829	0.00480	0.00604	0.00155	0.03776	0.00525	0.00306	0.20161
6	0.24097	0.01210	0.01275	0.01009	0.01397	0.01301	0.00831	0.36887	0.01836	0.19610	0.04482	0.01410	0.01089	0.00629	0.00487	0.00164	0.00500	0.00465	0.00513	0.00808
7	0.08838	0.00734	0.00912	0.00877	0.01109	0.00689	0.00726	0.01254	0.01159	0.06182	0.03975	0.10686	0.02199	0.01262	0.05605	0.00231	0.00500	0.32612	0.00438	0.20013
8	0.00899	0.00769	0.01115	0.01039	0.01104	0.00986	0.00834	0.01066	0.00850	0.01261	0.01201	0.01807	0.01136	0.03028	0.54022	0.00660	0.26899	0.00541	0.00271	0.00514
9	0.01360	0.62760	0.02418	0.00890	0.01353	0.01797	0.00853	0.01548	0.01096	0.01376	0.00795	0.00920	0.00714	0.00445	0.00357	0.00107	0.00533	0.00294	0.00250	0.20136
10	0.01252	0.01082	0.01610	0.61587	0.03225	0.01302	0.01381	0.18704	0.01410	0.01839	0.01032	0.01398	0.00761	0.00562	0.00537	0.00175	0.00687	0.00478	0.00308	0.00670
11	0.01381	0.01268	0.01734	0.01423	0.01558	0.01631	0.05909	0.18670	0.01246	0.01805	0.00865	0.01218	0.00760	0.00840	0.01405	0.00214	0.56610	0.00483	0.00307	0.00672
12	0.00668	0.00527	0.00603	0.00623	0.00756	0.00461	0.00452	0.00821	0.01245	0.01594	0.21583	0.22991	0.43018	0.01376	0.00646	0.00187	0.00277	0.01189	0.00520	0.00461
13	0.01335	0.01153	0.01214	0.01092	0.01396	0.01335	0.00850	0.02852	0.76817	0.02245	0.02185	0.02003	0.01639	0.00728	0.00546	0.00182	0.00425	0.00607	0.00546	0.00850
14	0.01054	0.00630	0.00718	0.00648	0.00880	0.00535	0.00503	0.01215	0.01315	0.19311	0.09272	0.04317	0.55228	0.01181	0.00612	0.00177	0.00314	0.00985	0.00543	0.00563
15	0.20325	0.00641	0.00633	0.00613	0.00691	0.00679	0.00385	0.00966	0.00811	0.01358	0.01472	0.02899	0.01633	0.62406	0.02175	0.00438	0.00496	0.00667	0.00327	0.00385
16	0.02126	0.01367	0.01526	0.01170	0.01596	0.01461	0.00967	0.58953	0.02294	0.20750	0.01481	0.01414	0.01009	0.00649	0.00538	0.00162	0.00560	0.00496	0.00567	0.00913
17	0.01113	0.00954	0.01113	0.00795	0.01272	0.00716	0.00636	0.01352	0.01113	0.01749	0.00954	0.01113	0.00795	0.00398	0.00398	0.00080	0.00398	0.00318	0.00318	0.84417
18	0.01256	0.39850	0.24414	0.01068	0.01629	0.01541	0.01163	0.01575	0.01108	0.01503	0.00858	0.00999	0.00711	0.00460	0.00405	0.00123	0.00597	0.00326	0.00249	0.20166

[dist]
# distance from previous block
# <min> <max>
0	3

[block]
# block no. 1 follows, 45 sequences, length 8
# corresponding to MSA columns:
# 277-284
name=unknown_B
#
# <colnr> <probs for GDERKNQSTAVLIFYWHMCP>
#	G	D	E	R	K	N	Q	S	T	A	V	L	I	F	Y	W	H	M	C	P
0	0.84927	0.01038	0.00789	0.00706	0.01038	0.01204	0.00581	0.01578	0.00914	0.02408	0.00747	0.00872	0.00581	0.00498	0.00332	0.00166	0.00415	0.00291	0.00332	0.00581
1	0.01850	0.01851	0.01718	0.01805	0.20634	0.31212	0.01183	0.29151	0.01815	0.02184	0.01043	0.01176	0.00812	0.00568	0.00515	0.00152	0.00747	0.00429	0.00370	0.00786
2	0.01163	0.00848	0.00986	0.00927	0.01104	0.00887	0.00690	0.28391	0.01577	0.02110	0.02345	0.51581	0.02581	0.01301	0.00631	0.00197	0.00414	0.01143	0.00513	0.00611
3	0.01237	0.00907	0.01092	0.00954	0.01157	0.01011	0.00743	0.28495	0.01459	0.01997	0.01425	0.02038	0.01284	0.15427	0.37674	0.00549	0.00976	0.00575	0.00385	0.00613
4	0.01174	0.01267	0.02595	0.30763	0.03133	0.01297	0.48525	0.01592	0.01196	0.01592	0.01038	0.01442	0.00778	0.00483	0.00598	0.00180	0.00835	0.00576	0.00259	0.00677
5	0.00830	0.00683	0.00789	0.00687	0.00945	0.00554	0.00520	0.01013	0.01192	0.01643	0.13190	0.15646	0.27640	0.01022	0.00555	0.00148	0.00322	0.00875	0.00445	0.31303
6	0.01566	0.02092	0.50027	0.01319	0.01973	0.01079	0.01545	0.02036	0.01281	0.29788	0.01387	0.01388	0.00918	0.00567	0.00521	0.00169	0.00670	0.00449	0.00387	0.00837
7	0.01370	0.00699	0.01003	0.00897	0.01110	0.00714	0.00714	0.01567	0.01110	0.29501	0.01688	0.02005	0.01337	0.02791	0.50182	0.00607	0.01077	0.00562	0.00426	0.00639

[dist]
# distance from previous block
# <min> <max>
0	2

[block]
# block no. 2 follows, 45 sequences, length 71
# corresponding to MSA columns:
# 287-357
name=unknown_C
#
# <colnr> <probs for GDERKNQSTAVLIFYWHMCP>
#	G	D	E	R	K	N	Q	S	T	A	V	L	I	F	Y	W	H	M	C	P
0	0.02319	0.00934	0.01243	0.00967	0.01372	0.00835	0.00794	0.02636	0.07831	0.71811	0.02123	0.01842	0.01355	0.00670	0.00540	0.00167	0.00454	0.00545	0.00655	0.00908
1	0.00929	0.00581	0.00705	0.00712	0.00845	0.00531	0.00524	0.01053	0.01130	0.11100	0.03322	0.19698	0.25618	0.18668	0.01104	0.00270	0.00390	0.11851	0.00481	0.00486
2	0.01244	0.01219	0.02165	0.21839	0.50199	0.01266	0.11022	0.01589	0.01192	0.01656	0.01006	0.01369	0.00813	0.00489	0.00546	0.00167	0.00691	0.00498	0.00260	0.00772
3	0.02264	0.00981	0.01490	0.01121	0.01552	0.00861	0.10310	0.02502	0.01502	0.68461	0.01987	0.01779	0.01264	0.00637	0.00552	0.00168	0.00514	0.00552	0.00615	0.00889
4	0.00824	0.00663	0.01028	0.00877	0.01056	0.00614	0.10064	0.01103	0.01487	0.02098	0.67808	0.03685	0.04526	0.01016	0.00633	0.00170	0.00336	0.00928	0.00550	0.00534
5	0.01245	0.01328	0.07087	0.14296	0.50348	0.01254	0.11037	0.01604	0.01201	0.01685	0.01059	0.01477	0.00877	0.00513	0.00550	0.00168	0.00689	0.02532	0.00266	0.00783
6	0.01910	0.02256	0.01685	0.01443	0.01758	0.61986	0.10493	0.02096	0.01479	0.06330	0.00970	0.01112	0.00767	0.00549	0.00504	0.00145	0.00908	0.00399	0.02558	0.00651
7	0.01461	0.01055	0.01336	0.01080	0.01396	0.01120	0.10252	0.19896	0.20612	0.07264	0.01688	0.01748	0.01256	0.00637	0.00501	0.00158	0.00473	0.00543	0.26782	0.00743
8	0.01912	0.02390	0.01732	0.01491	0.01805	0.67129	0.10527	0.04003	0.01515	0.01419	0.00874	0.01037	0.00713	0.00543	0.00504	0.00144	0.00950	0.00386	0.00283	0.00643
9	0.00730	0.00627	0.00920	0.00853	0.01016	0.00564	0.10021	0.00896	0.01167	0.01494	0.08201	0.35622	0.33132	0.01361	0.00655	0.00196	0.00367	0.01221	0.00475	0.00484
10	0.01347	0.01201	0.01473	0.01245	0.01583	0.01348	0.10368	0.04865	0.65042	0.02212	0.02019	0.01911	0.01513	0.00691	0.00557	0.00181	0.00491	0.00607	0.00511	0.00836
11	0.18435	0.01112	0.01382	0.01081	0.01445	0.01159	0.10269	0.24586	0.01628	0.15699	0.06263	0.01584	0.01232	0.00621	0.00494	0.00161	0.00507	0.00507	0.11090	0.00744
12	0.00757	0.00640	0.00948	0.00853	0.01025	0.00579	0.10030	0.00957	0.01267	0.01672	0.25637	0.23683	0.27393	0.01249	0.00647	0.00187	0.00357	0.01122	0.00497	0.00499
13	0.23090	0.01013	0.01374	0.01058	0.01469	0.00966	0.10258	0.02240	0.01345	0.49342	0.01641	0.01538	0.01075	0.00596	0.00499	0.00168	0.00503	0.00489	0.00531	0.00806
14	0.00769	0.00657	0.00955	0.00835	0.01030	0.00591	0.10031	0.00989	0.01329	0.01749	0.32041	0.09143	0.33844	0.01168	0.00639	0.00180	0.00353	0.02683	0.00505	0.00508
15	0.01293	0.01269	0.02255	0.09827	0.61825	0.01279	0.11046	0.01633	0.01215	0.01716	0.01015	0.01353	0.00834	0.00480	0.00545	0.00164	0.00678	0.00498	0.00264	0.00812
16	0.57549	0.17238	0.01497	0.00946	0.01331	0.01408	0.10197	0.01602	0.00994	0.02091	0.00790	0.00943	0.00633	0.00485	0.00373	0.00158	0.00509	0.00333	0.00304	0.00621
17	0.01366	0.21309	0.30562	0.01600	0.13102	0.13668	0.02406	0.01819	0.06425	0.01580	0.00983	0.01135	0.00777	0.00514	0.00473	0.00151	0.00721	0.00392	0.00264	0.00753
18	0.12241	0.28260	0.06830	0.01195	0.03993	0.25670	0.01018	0.10074	0.02301	0.01717	0.00872	0.00994	0.00718	0.00527	0.00444	0.00141	0.01669	0.00347	0.00296	0.00692
19	0.01773	0.00910	0.01073	0.00885	0.01200	0.00910	0.00711	0.10953	0.15224	0.34047	0.01929	0.01844	0.01349	0.00663	0.00494	0.00157	0.00409	0.00534	0.24150	0.00785
20	0.12273	0.00800	0.00971	0.00802	0.01114	0.00733	0.00646	0.01876	0.01400	0.41562	0.16114	0.02678	0.15106	0.00842	0.00547	0.00169	0.00383	0.00689	0.00580	0.00718
21	0.01176	0.00605	0.00746	0.00669	0.00853	0.00561	0.00517	0.01419	0.01383	0.17360	0.35431	0.02857	0.03003	0.00843	0.00523	0.00153	0.00293	0.00717	0.30305	0.00586
22	0.11368	0.00602	0.00634	0.00620	0.00792	0.00563	0.00467	0.00945	0.01260	0.01781	0.26724	0.09932	0.40055	0.01194	0.00599	0.00178	0.00287	0.01006	0.00506	0.00484
23	0.01051	0.00619	0.00777	0.00697	0.00894	0.00548	0.00537	0.01266	0.01448	0.16866	0.44545	0.03874	0.22632	0.01079	0.00615	0.00171	0.00298	0.00927	0.00582	0.00573
24	0.17473	0.00988	0.01039	0.00863	0.01155	0.01056	0.00695	0.26749	0.01674	0.08954	0.16804	0.01936	0.01811	0.00707	0.00488	0.00157	0.00415	0.00553	0.15791	0.00692
25	0.01272	0.11710	0.09409	0.02031	0.02584	0.01445	0.60157	0.01704	0.01233	0.01660	0.01033	0.01347	0.00787	0.00458	0.00586	0.00172	0.00854	0.00570	0.00262	0.00725
26	0.01283	0.01237	0.02065	0.09262	0.62090	0.01315	0.01575	0.01580	0.01159	0.01664	0.00966	0.01317	0.00821	0.00542	0.00688	0.00171	0.10732	0.00477	0.00260	0.00796
27	0.01329	0.01275	0.02179	0.03295	0.77787	0.01275	0.01647	0.01647	0.01222	0.01754	0.01010	0.01329	0.00850	0.00478	0.00531	0.00159	0.00638	0.00478	0.00266	0.00850
28	0.00871	0.00573	0.00770	0.00787	0.00912	0.00539	0.00614	0.01088	0.01350	0.06750	0.38839	0.19801	0.04022	0.01284	0.00665	0.00198	0.00339	0.19530	0.00553	0.00515
29	0.06404	0.01090	0.01484	0.01106	0.01552	0.00998	0.10292	0.13382	0.01503	0.31786	0.01464	0.01447	0.01012	0.00552	0.00501	0.00143	0.00516	0.00468	0.00481	0.23818
30	0.01809	0.01346	0.01638	0.01301	0.01684	0.13008	0.14509	0.07113	0.19543	0.27268	0.03962	0.01700	0.01297	0.00636	0.00552	0.00168	0.00611	0.00553	0.00495	0.00807
31	0.01264	0.01440	0.03125	0.02239	0.02766	0.01365	0.73755	0.01708	0.01255	0.01708	0.01075	0.01440	0.00811	0.00466	0.00665	0.00182	0.03115	0.00629	0.00270	0.00720
32	0.01211	0.01184	0.02413	0.01797	0.02202	0.01157	0.49614	0.01571	0.01168	0.06507	0.01229	0.01630	0.00977	0.01384	0.20445	0.00354	0.03580	0.00607	0.00300	0.00670
33	0.30513	0.00813	0.00984	0.00874	0.01114	0.00829	0.10063	0.01170	0.01067	0.01802	0.02565	0.23388	0.20835	0.01026	0.00541	0.00186	0.00413	0.00877	0.00411	0.00528
34	0.01688	0.01604	0.02028	0.01568	0.01985	0.16978	0.26024	0.20187	0.13414	0.07047	0.01322	0.01424	0.00975	0.00576	0.00560	0.00167	0.00737	0.00529	0.00405	0.00781
35	0.01265	0.01443	0.03140	0.02247	0.02780	0.01363	0.74473	0.01712	0.01259	0.01712	0.01079	0.01443	0.00812	0.00461	0.00654	0.00182	0.02353	0.00630	0.00271	0.00721
36	0.01435	0.81458	0.02813	0.00918	0.01378	0.02124	0.00918	0.01607	0.01091	0.01263	0.00746	0.00861	0.00689	0.00459	0.00344	0.00115	0.00574	0.00287	0.00230	0.00689
37	0.01211	0.01129	0.01881	0.02765	0.62327	0.01120	0.01416	0.01513	0.01274	0.01814	0.14374	0.01899	0.03703	0.00610	0.00552	0.00162	0.00561	0.00582	0.00328	0.00780
38	0.00719	0.00554	0.00751	0.00829	0.00858	0.00586	0.00583	0.00818	0.00999	0.01357	0.02647	0.69050	0.03149	0.01663	0.03121	0.00239	0.09787	0.01373	0.00461	0.00455
39	0.00654	0.00467	0.00623	0.00747	0.00779	0.00436	0.00498	0.00747	0.01028	0.01370	0.02959	0.80785	0.03550	0.01682	0.00685	0.00218	0.00311	0.01526	0.00498	0.00436
40	0.01435	0.81458	0.02813	0.00918	0.01378	0.02124	0.00918	0.01607	0.01091	0.01263	0.00746	0.00861	0.00689	0.00459	0.00344	0.00115	0.00574	0.00287	0.00230	0.00689
41	0.01279	0.01014	0.01414	0.15453	0.01846	0.01099	0.07618	0.12283	0.15337	0.06788	0.01447	0.01730	0.01146	0.03744	0.18079	0.00330	0.00773	0.00538	0.00389	0.07695
42	0.02030	0.01757	0.01553	0.01257	0.01639	0.23398	0.01007	0.48851	0.04419	0.06975	0.01233	0.01250	0.00896	0.00622	0.00522	0.00156	0.00685	0.00451	0.00471	0.00829
43	0.01479	0.01351	0.01191	0.01046	0.01278	0.20713	0.00800	0.22179	0.05439	0.01925	0.01339	0.01788	0.01166	0.13219	0.17147	0.00353	0.00822	0.00519	0.05611	0.00634
44	0.00721	0.00542	0.00668	0.00647	0.00781	0.00488	0.00481	0.00935	0.01413	0.01925	0.54516	0.09244	0.23267	0.01201	0.00637	0.00175	0.00262	0.01047	0.00562	0.00488
45	0.01574	0.01272	0.01348	0.01141	0.01487	0.01447	0.00907	0.27647	0.51633	0.02631	0.01881	0.01761	0.01393	0.00700	0.00543	0.00175	0.00481	0.00565	0.00543	0.00871
46	0.01954	0.01740	0.01591	0.01288	0.01641	0.21176	0.01038	0.50678	0.02119	0.02674	0.01121	0.01198	0.00838	0.00648	0.00633	0.00162	0.07799	0.00447	0.00444	0.00810
47	0.00681	0.00517	0.00634	0.00707	0.00806	0.00470	0.00517	0.00818	0.01148	0.01472	0.07887	0.41234	0.28380	0.01515	0.00673	0.00207	0.00319	0.11056	0.00503	0.00453
48	0.00819	0.00647	0.00943	0.00913	0.00990	0.00784	0.00711	0.00989	0.00852	0.01238	0.01362	0.02087	0.01303	0.08959	0.63941	0.00759	0.11361	0.00576	0.00283	0.00482
49	0.01426	0.01500	0.01523	0.16825	0.08271	0.23213	0.01134	0.05246	0.10794	0.01555	0.01092	0.01440	0.00923	0.05835	0.00910	0.00199	0.16675	0.00475	0.00309	0.00652
50	0.00667	0.00520	0.00606	0.00638	0.00759	0.00459	0.00458	0.00813	0.01221	0.01570	0.19616	0.29863	0.38071	0.01411	0.00651	0.00191	0.00281	0.01229	0.00518	0.00459
51	0.01568	0.01240	0.01416	0.13162	0.01842	0.01415	0.01006	0.28622	0.36648	0.04729	0.01676	0.01657	0.01231	0.00667	0.00541	0.00174	0.00529	0.00541	0.00499	0.00835
52	0.01410	0.37562	0.02148	0.04159	0.14627	0.01588	0.01017	0.10989	0.01299	0.01723	0.00912	0.01070	0.00769	0.00476	0.00419	0.00123	0.00555	0.00358	0.00294	0.18502
53	0.11709	0.04289	0.32256	0.01407	0.06681	0.03131	0.01377	0.11251	0.12451	0.02030	0.01130	0.01253	0.00852	0.00591	0.00597	0.00173	0.07289	0.00432	0.00331	0.00770
54	0.00828	0.00664	0.00702	0.00652	0.00855	0.00613	0.00500	0.10343	0.01419	0.01778	0.13531	0.06369	0.57316	0.01245	0.00623	0.00178	0.00311	0.01040	0.00514	0.00517
55	0.68032	0.00942	0.00782	0.00733	0.01013	0.01075	0.00595	0.01450	0.00942	0.02206	0.01097	0.05485	0.01024	0.03697	0.02384	0.00206	0.00446	0.06983	0.00354	0.00554
56	0.09521	0.00861	0.00965	0.00797	0.01090	0.00863	0.00643	0.14694	0.01483	0.27349	0.01697	0.01714	0.01205	0.00630	0.00453	0.00149	0.00393	0.00491	0.34285	0.00715
57	0.01305	0.00836	0.00948	0.00832	0.01051	0.00865	0.00645	0.24190	0.01623	0.07225	0.13440	0.17897	0.02230	0.00918	0.00537	0.00164	0.00381	0.00775	0.23497	0.00642
58	0.00855	0.00553	0.00739	0.00822	0.00908	0.00527	0.00619	0.00998	0.01109	0.06719	0.02777	0.42959	0.04086	0.09000	0.00885	0.00252	0.00400	0.24823	0.00492	0.00478
59	0.00714	0.00533	0.00663	0.00659	0.00781	0.00483	0.00483	0.00914	0.01369	0.01863	0.48771	0.17587	0.20693	0.01256	0.00642	0.00180	0.00267	0.01103	0.00555	0.00483
60	0.84927	0.01038	0.00789	0.00706	0.01038	0.01204	0.00581	0.01578	0.00914	0.02408	0.00747	0.00872	0.00581	0.00498	0.00332	0.00166	0.00415	0.00291	0.00332	0.00581
61	0.00738	0.00537	0.00699	0.00780	0.00869	0.00509	0.00594	0.00899	0.01161	0.01528	0.11971	0.34054	0.12683	0.06225	0.00812	0.00235	0.00370	0.24379	0.00498	0.00458
62	0.06988	0.00982	0.01398	0.01038	0.01442	0.00843	0.14289	0.01456	0.01114	0.08073	0.01170	0.01572	0.00999	0.12365	0.00793	0.00176	0.00514	0.00460	0.00341	0.43987
63	0.39415	0.00982	0.00999	0.00794	0.01190	0.00955	0.00649	0.01766	0.01127	0.20876	0.01147	0.01180	0.00830	0.00509	0.00403	0.00140	0.00420	0.00360	0.00410	0.25848
64	0.01435	0.81458	0.02813	0.00918	0.01378	0.02124	0.00918	0.01607	0.01091	0.01263	0.00746	0.00861	0.00689	0.00459	0.00344	0.00115	0.00574	0.00287	0.00230	0.00689
65	0.01001	0.00500	0.00500	0.00500	0.00625	0.00500	0.00375	0.01251	0.01126	0.02001	0.01751	0.02001	0.01376	0.00625	0.00375	0.00125	0.00250	0.00500	0.84115	0.00500
66	0.00891	0.00769	0.01224	0.38735	0.07520	0.00872	0.01085	0.01140	0.01082	0.01418	0.01856	0.30704	0.01968	0.01034	0.00609	0.00198	0.00543	0.07448	0.00358	0.00546
67	0.02066	0.01463	0.01586	0.01216	0.01644	0.01604	0.01004	0.70930	0.02456	0.08546	0.01346	0.01326	0.00942	0.00646	0.00537	0.00161	0.00581	0.00487	0.00546	0.00913
68	0.00973	0.00621	0.00793	0.00820	0.00994	0.00574	0.00679	0.01171	0.01268	0.11274	0.05998	0.09361	0.26490	0.01339	0.00675	0.00212	0.00401	0.35306	0.00521	0.00532
69	0.01263	0.00652	0.00846	0.00762	0.00973	0.00577	0.00583	0.01451	0.01381	0.26954	0.26673	0.18882	0.14597	0.01112	0.00613	0.00180	0.00335	0.00965	0.00582	0.00618
70	0.01171	0.00750	0.00977	0.00880	0.01055	0.00806	0.00679	0.12601	0.01226	0.11350	0.05735	0.02260	0.01570	0.14314	0.41480	0.00578	0.00983	0.00609	0.00396	0.00579

[dist]
# distance from previous block
# <min> <max>
0	2

[block]
# block no. 3 follows, 45 sequences, length 52
# corresponding to MSA columns:
# 360-411
name=unknown_D
#
# <colnr> <probs for GDERKNQSTAVLIFYWHMCP>
#	G	D	E	R	K	N	Q	S	T	A	V	L	I	F	Y	W	H	M	C	P
0	0.01117	0.00978	0.01655	0.70006	0.06245	0.01176	0.03648	0.01467	0.01112	0.06015	0.01030	0.01452	0.00760	0.00540	0.00540	0.00177	0.00703	0.00485	0.00266	0.00628
1	0.01384	0.01758	0.26567	0.01564	0.02110	0.01263	0.23238	0.17759	0.01505	0.06648	0.01463	0.03063	0.04436	0.00635	0.00573	0.00176	0.00716	0.04008	0.00363	0.00771
2	0.01004	0.01688	0.38494	0.01211	0.05663	0.00907	0.01273	0.01399	0.01217	0.06257	0.08677	0.04817	0.23509	0.00845	0.00564	0.00174	0.00555	0.00702	0.00372	0.00671
3	0.02408	0.00914	0.01246	0.00955	0.01370	0.00789	0.00789	0.02616	0.01536	0.78158	0.02118	0.01827	0.01329	0.00664	0.00540	0.00166	0.00457	0.00540	0.00664	0.00914
4	0.19217	0.01056	0.01143	0.00953	0.01269	0.01118	0.00759	0.28562	0.01642	0.18104	0.01675	0.16468	0.01463	0.03420	0.00594	0.00186	0.00471	0.00662	0.00506	0.00734
5	0.01253	0.12444	0.52322	0.01619	0.09910	0.10186	0.01708	0.01733	0.01181	0.01607	0.00926	0.01101	0.00700	0.00505	0.00489	0.00158	0.00770	0.00386	0.00237	0.00767
6	0.00789	0.00556	0.00696	0.00689	0.00716	0.00597	0.00448	0.00846	0.00805	0.01106	0.01590	0.03046	0.01742	0.56934	0.24262	0.00609	0.03169	0.00713	0.00312	0.00377
7	0.01577	0.01012	0.01259	0.01062	0.01345	0.05588	0.06747	0.14178	0.04315	0.24753	0.02120	0.23951	0.03166	0.03374	0.00658	0.00193	0.00504	0.02970	0.00520	0.00707
8	0.00771	0.00559	0.00782	0.00782	0.00850	0.00627	0.00570	0.00907	0.00839	0.01186	0.01512	0.02519	0.01520	0.26544	0.56733	0.00763	0.01170	0.00635	0.00299	0.00434
9	0.01512	0.05895	0.09762	0.02148	0.35363	0.12922	0.01361	0.13714	0.03667	0.03205	0.01191	0.03513	0.02215	0.00577	0.00520	0.00158	0.00668	0.00486	0.00330	0.00795
10	0.01498	0.01725	0.01356	0.01396	0.09261	0.43295	0.00971	0.01674	0.01258	0.01335	0.01063	0.01408	0.00938	0.01773	0.28238	0.00396	0.01100	0.00440	0.00279	0.00595
11	0.84927	0.01038	0.00789	0.00706	0.01038	0.01204	0.00581	0.01578	0.00914	0.02408	0.00747	0.00872	0.00581	0.00498	0.00332	0.00166	0.00415	0.00291	0.00332	0.00581
12	0.00876	0.00659	0.00866	0.00846	0.00949	0.00749	0.00658	0.01146	0.06072	0.01520	0.07078	0.07372	0.05643	0.06444	0.30386	0.00461	0.09444	0.06227	0.12095	0.00510
13	0.04157	0.10977	0.21039	0.01393	0.01846	0.39578	0.05747	0.06287	0.01403	0.01585	0.00894	0.01043	0.00705	0.00530	0.00483	0.00148	0.00839	0.00376	0.00276	0.00694
14	0.00722	0.00557	0.00669	0.00697	0.00840	0.00504	0.00547	0.00910	0.01286	0.01658	0.22782	0.10658	0.36299	0.01346	0.00663	0.00196	0.00323	0.18346	0.00521	0.00475
15	0.01486	0.01557	0.01288	0.01030	0.01433	0.28590	0.00802	0.06123	0.01343	0.01693	0.00930	0.01072	0.00765	0.00468	0.00437	0.00105	0.00612	0.00338	0.00316	0.49611
16	0.01224	0.00690	0.00891	0.00755	0.01000	0.00601	0.00590	0.01457	0.01462	0.21922	0.45260	0.03172	0.07475	0.00919	0.00582	0.00159	0.00324	0.00793	0.00574	0.10153
17	0.03851	0.01699	0.26513	0.12118	0.06416	0.01321	0.01391	0.23140	0.01482	0.02098	0.01090	0.01329	0.00831	0.00949	0.08974	0.00245	0.05010	0.00457	0.00331	0.00754
18	0.01274	0.00849	0.01042	0.00926	0.01147	0.00913	0.00723	0.01905	0.25868	0.15938	0.21470	0.02513	0.02387	0.04074	0.12003	0.00288	0.04792	0.00683	0.00518	0.00687
19	0.00654	0.00467	0.00623	0.00747	0.00779	0.00436	0.00498	0.00747	0.01028	0.01370	0.02959	0.80785	0.03550	0.01682	0.00685	0.00218	0.00311	0.01526	0.00498	0.00436
20	0.01527	0.00749	0.00855	0.00724	0.00970	0.00737	0.00576	0.11751	0.01428	0.23055	0.01789	0.01857	0.01300	0.00639	0.00442	0.00141	0.00353	0.00509	0.49928	0.00669
21	0.01205	0.01232	0.07952	0.27192	0.10561	0.01265	0.11938	0.01595	0.05151	0.06133	0.01097	0.01444	0.00859	0.00792	0.04957	0.00222	0.14926	0.00508	0.00289	0.00682
22	0.01455	0.01599	0.01788	0.24093	0.29751	0.26550	0.01390	0.01720	0.01265	0.01488	0.00926	0.01235	0.00756	0.00534	0.00557	0.00160	0.03341	0.00435	0.00261	0.00696
23	0.00727	0.00555	0.00611	0.00617	0.00784	0.00478	0.00466	0.00877	0.01239	0.04419	0.10313	0.12657	0.57262	0.01353	0.00642	0.00187	0.00295	0.05532	0.00511	0.00475
24	0.01909	0.00845	0.01044	0.00838	0.01161	0.00793	0.00680	0.10400	0.01513	0.44991	0.01905	0.01823	0.01297	0.00649	0.00486	0.00152	0.00405	0.00521	0.27806	0.00779
25	0.01426	0.77186	0.02832	0.00990	0.01454	0.02083	0.04918	0.01613	0.01100	0.01287	0.00764	0.00892	0.00696	0.00459	0.00360	0.00118	0.00592	0.00306	0.00232	0.00691
26	0.00890	0.00771	0.01125	0.01498	0.25826	0.00729	0.00846	0.01103	0.01255	0.01685	0.18805	0.15471	0.25769	0.01068	0.00609	0.00177	0.00393	0.00947	0.00442	0.00591
27	0.01559	0.01903	0.01203	0.01110	0.01355	0.53427	0.00832	0.01697	0.01424	0.01358	0.02329	0.02334	0.25708	0.00816	0.00533	0.00152	0.00741	0.00602	0.00349	0.00567
28	0.01267	0.01448	0.03167	0.02262	0.02805	0.01357	0.75837	0.01719	0.01267	0.01719	0.01086	0.01448	0.00814	0.00452	0.00633	0.00181	0.00905	0.00633	0.00271	0.00724
29	0.00748	0.00545	0.00707	0.00698	0.00818	0.00504	0.00526	0.00977	0.01428	0.01984	0.59400	0.12157	0.09578	0.01204	0.00647	0.00181	0.00279	0.06557	0.00568	0.00495
30	0.00793	0.00597	0.00843	0.00829	0.00897	0.00692	0.00619	0.00936	0.00841	0.01201	0.01455	0.02382	0.01447	0.21818	0.56800	0.00747	0.05741	0.00617	0.00293	0.00450
31	0.01335	0.01153	0.01214	0.01092	0.01396	0.01335	0.00850	0.02852	0.76817	0.02245	0.02185	0.02003	0.01639	0.00728	0.00546	0.00182	0.00425	0.00607	0.00546	0.00850
32	0.01267	0.01448	0.03167	0.02262	0.02805	0.01357	0.75837	0.01719	0.01267	0.01719	0.01086	0.01448	0.00814	0.00452	0.00633	0.00181	0.00905	0.00633	0.00271	0.00724
33	0.01088	0.01030	0.01411	0.01228	0.01228	0.01396	0.00987	0.01179	0.00813	0.01236	0.00922	0.01690	0.00980	0.18631	0.01976	0.00298	0.62586	0.00538	0.00255	0.00529
34	0.02408	0.00914	0.01246	0.00955	0.01370	0.00789	0.00789	0.02616	0.01536	0.78158	0.02118	0.01827	0.01329	0.00664	0.00540	0.00166	0.00457	0.00540	0.00664	0.00914
35	0.00994	0.00741	0.00996	0.00929	0.01085	0.00848	0.00733	0.14352	0.01159	0.01628	0.01411	0.01962	0.01265	0.03422	0.65002	0.00737	0.01287	0.00559	0.00332	0.00557
36	0.00865	0.00618	0.00865	0.00989	0.01112	0.00618	0.00865	0.01112	0.01236	0.01606	0.02842	0.06055	0.03089	0.01483	0.00741	0.00247	0.00494	0.74174	0.00494	0.00494
37	0.01014	0.00954	0.01610	0.79845	0.03697	0.01193	0.01491	0.01371	0.01073	0.01371	0.00954	0.01431	0.00716	0.00537	0.00537	0.00179	0.00716	0.00477	0.00239	0.00596
38	0.00653	0.00469	0.00620	0.00741	0.00777	0.00437	0.00496	0.00748	0.01034	0.01373	0.03033	0.78515	0.05772	0.01672	0.00684	0.00217	0.00310	0.01514	0.00498	0.00437
39	0.01069	0.01031	0.01459	0.07563	0.01480	0.01392	0.01079	0.01201	0.00879	0.01312	0.01127	0.15404	0.01213	0.01040	0.01472	0.00227	0.59550	0.00659	0.00282	0.00561
40	0.17137	0.00936	0.01164	0.00911	0.01311	0.00863	0.00752	0.02431	0.01425	0.64638	0.01873	0.01657	0.01195	0.00635	0.00503	0.00166	0.00449	0.00495	0.00605	0.00854
41	0.01252	0.00574	0.00633	0.00581	0.00758	0.00552	0.00449	0.01494	0.01199	0.15594	0.01817	0.01970	0.01367	0.00632	0.00405	0.00132	0.00287	0.00507	0.69220	0.00574
42	0.01660	0.01297	0.01387	0.01142	0.01500	0.01457	0.00917	0.39612	0.35361	0.02814	0.05755	0.01750	0.01456	0.00706	0.00546	0.00171	0.00499	0.00564	0.00544	0.00863
43	0.78706	0.01029	0.00823	0.00725	0.01063	0.01173	0.00597	0.01656	0.00960	0.08119	0.00851	0.00944	0.00638	0.00511	0.00348	0.00166	0.00418	0.00309	0.00357	0.00606
44	0.00734	0.00556	0.00695	0.00768	0.00890	0.00516	0.00610	0.00910	0.01201	0.01530	0.07747	0.22243	0.28524	0.01465	0.00687	0.00214	0.00365	0.29377	0.00502	0.00468
45	0.00700	0.00533	0.00612	0.00646	0.00753	0.00484	0.00463	0.00819	0.01116	0.01411	0.08274	0.18897	0.36141	0.17624	0.01081	0.00263	0.00352	0.08931	0.00468	0.00432
46	0.00724	0.00553	0.00623	0.00632	0.00792	0.00482	0.00479	0.00883	0.01252	0.03809	0.14621	0.13462	0.51199	0.01350	0.00646	0.00189	0.00297	0.07019	0.00516	0.00475
47	0.38463	0.01237	0.01212	0.00973	0.01359	0.01370	0.00803	0.35580	0.01713	0.10852	0.01139	0.01163	0.00811	0.00582	0.00447	0.00164	0.00500	0.00405	0.00461	0.00767
48	0.00725	0.00570	0.00684	0.00718	0.00870	0.00529	0.00578	0.00907	0.01206	0.01517	0.08572	0.05035	0.42864	0.01665	0.09042	0.00273	0.00462	0.22831	0.00480	0.00471
49	0.07864	0.58463	0.10997	0.01018	0.01486	0.09744	0.01024	0.01670	0.01126	0.01405	0.00779	0.00903	0.00680	0.00477	0.00376	0.00127	0.00626	0.00306	0.00242	0.00686
50	0.01154	0.18867	0.56418	0.01343	0.02042	0.01384	0.01653	0.01652	0.01123	0.01614	0.00918	0.01075	0.00691	0.00490	0.00467	0.00151	0.00716	0.00368	0.00235	0.07639
51	0.01225	0.21171	0.55370	0.01377	0.02056	0.06823	0.01669	0.01709	0.01150	0.01571	0.00903	0.01058	0.00683	0.00501	0.00469	0.00155	0.00754	0.00367	0.00231	0.00757

[dist]
# distance from previous block
# <min> <max>
0	1

[block]
# block no. 4 follows, 45 sequences, length 17
# corresponding to MSA columns:
# 413-429
name=unknown_E
#
# <colnr> <probs for GDERKNQSTAVLIFYWHMCP>
#	G	D	E	R	K	N	Q	S	T	A	V	L	I	F	Y	W	H	M	C	P
0	0.01577	0.17687	0.09162	0.06422	0.01646	0.27439	0.01029	0.05929	0.01393	0.08641	0.06788	0.04774	0.04006	0.00660	0.00495	0.00150	0.00683	0.00496	0.00350	0.00672
1	0.47648	0.01163	0.03543	0.01654	0.28011	0.01202	0.01010	0.01676	0.01070	0.07250	0.00938	0.01104	0.00729	0.00503	0.00421	0.00164	0.00507	0.00376	0.00328	0.00704
2	0.01113	0.00954	0.01113	0.00795	0.01272	0.00716	0.00636	0.01352	0.01113	0.01749	0.00954	0.01113	0.00795	0.00398	0.00398	0.00080	0.00398	0.00318	0.00318	0.84417
3	0.11439	0.01428	0.14629	0.05366	0.10490	0.01228	0.08864	0.20934	0.01519	0.02253	0.09557	0.01579	0.01284	0.00649	0.00573	0.02936	0.00594	0.00514	0.03435	0.00728
4	0.00651	0.00508	0.00592	0.00647	0.00755	0.00448	0.00456	0.00775	0.01150	0.01456	0.08731	0.40462	0.38470	0.01494	0.00658	0.00198	0.00289	0.01307	0.00504	0.00448
5	0.00772	0.00554	0.00758	0.00758	0.00817	0.00614	0.00540	0.00891	0.00832	0.01168	0.01534	0.02640	0.01573	0.33190	0.50159	0.00733	0.01091	0.00653	0.00302	0.00421
6	0.01329	0.01275	0.02179	0.03295	0.77787	0.01275	0.01647	0.01647	0.01222	0.01754	0.01010	0.01329	0.00850	0.00478	0.00531	0.00159	0.00638	0.00478	0.00266	0.00850
7	0.00766	0.00524	0.00591	0.00588	0.00612	0.00514	0.00344	0.00795	0.00868	0.01150	0.07028	0.03691	0.08816	0.68825	0.02409	0.00467	0.00481	0.00824	0.00358	0.00348
8	0.01435	0.81458	0.02813	0.00918	0.01378	0.02124	0.00918	0.01607	0.01091	0.01263	0.00746	0.00861	0.00689	0.00459	0.00344	0.00115	0.00574	0.00287	0.00230	0.00689
9	0.01394	0.01002	0.01181	0.00861	0.01325	0.00819	0.00696	0.08799	0.01313	0.13174	0.01158	0.01235	0.00885	0.00461	0.00432	0.00100	0.00425	0.00367	0.00390	0.63983
10	0.02220	0.01216	0.01433	0.01099	0.01521	0.01238	0.00908	0.40235	0.02043	0.39825	0.01693	0.01551	0.01116	0.00654	0.00538	0.00164	0.00525	0.00511	0.00599	0.00913
11	0.84927	0.01038	0.00789	0.00706	0.01038	0.01204	0.00581	0.01578	0.00914	0.02408	0.00747	0.00872	0.00581	0.00498	0.00332	0.00166	0.00415	0.00291	0.00332	0.00581
12	0.00826	0.00512	0.00664	0.00664	0.00678	0.00527	0.00422	0.00783	0.00768	0.01039	0.01416	0.02710	0.01540	0.44527	0.14288	0.26731	0.00645	0.00651	0.00291	0.00320
13	0.00851	0.00523	0.00603	0.00598	0.00665	0.00530	0.00401	0.00984	0.00983	0.01504	0.09521	0.02890	0.02008	0.36683	0.10582	0.00390	0.00508	0.00682	0.28672	0.00421
14	0.02268	0.00982	0.01269	0.00990	0.01394	0.00910	0.00812	0.07975	0.09546	0.64719	0.02065	0.01806	0.01331	0.00670	0.00540	0.00167	0.00463	0.00543	0.00643	0.00907
15	0.72155	0.01110	0.00916	0.00787	0.01135	0.01275	0.00649	0.13045	0.01162	0.02559	0.00831	0.00936	0.00632	0.00521	0.00364	0.00165	0.00442	0.00320	0.00364	0.00632
16	0.00851	0.00706	0.00895	0.00886	0.00990	0.05928	0.00681	0.01031	0.00904	0.01242	0.01407	0.02091	0.01324	0.07002	0.70556	0.00800	0.01368	0.00568	0.00288	0.00482

[dist]
# distance from previous block
# <min> <max>
1	44

[block]
# block no. 5 follows, 45 sequences, length 32
# corresponding to MSA columns:
# 474-505
name=unknown_F
#
# <colnr> <probs for GDERKNQSTAVLIFYWHMCP>
#	G	D	E	R	K	N	Q	S	T	A	V	L	I	F	Y	W	H	M	C	P
0	0.02408	0.00914	0.01246	0.00955	0.01370	0.00789	0.00789	0.02616	0.01536	0.78158	0.02118	0.01827	0.01329	0.00664	0.00540	0.00166	0.00457	0.00540	0.00664	0.00914
1	0.01111	0.00533	0.00559	0.00536	0.00684	0.00523	0.00408	0.01358	0.01158	0.07973	0.01780	0.01988	0.01372	0.00628	0.00388	0.00128	0.00266	0.00503	0.77571	0.00533
2	0.19018	0.00825	0.00967	0.00809	0.01101	0.00802	0.00649	0.04397	0.01435	0.31513	0.29756	0.02418	0.02543	0.00790	0.00531	0.00167	0.00377	0.00646	0.00563	0.00693
3	0.01003	0.00706	0.00787	0.00702	0.00924	0.00658	0.00545	0.11198	0.01493	0.08347	0.20680	0.04099	0.44535	0.01145	0.00613	0.00174	0.00327	0.00958	0.00538	0.00566
4	0.84927	0.01038	0.00789	0.00706	0.01038	0.01204	0.00581	0.01578	0.00914	0.02408	0.00747	0.00872	0.00581	0.00498	0.00332	0.00166	0.00415	0.00291	0.00332	0.00581
5	0.01950	0.01627	0.01364	0.01169	0.01504	0.29987	0.00913	0.07492	0.21483	0.24527	0.01601	0.01518	0.01146	0.00639	0.00521	0.00160	0.00647	0.00482	0.00481	0.00789
6	0.01329	0.01275	0.02179	0.03295	0.77787	0.01275	0.01647	0.01647	0.01222	0.01754	0.01010	0.01329	0.00850	0.00478	0.00531	0.00159	0.00638	0.00478	0.00266	0.00850
7	0.01113	0.10669	0.70776	0.01469	0.02228	0.01335	0.01876	0.01691	0.01129	0.01656	0.00942	0.01106	0.00681	0.00505	0.00493	0.00164	0.00771	0.00386	0.00227	0.00783
8	0.01315	0.01325	0.02760	0.14941	0.02840	0.01286	0.57704	0.01732	0.01256	0.07656	0.01145	0.01475	0.00839	0.00483	0.00610	0.00179	0.00839	0.00600	0.00297	0.00718
9	0.01077	0.02777	0.78354	0.01530	0.02323	0.01247	0.01983	0.01700	0.01133	0.01700	0.00963	0.01133	0.00680	0.00510	0.00510	0.00170	0.00793	0.00397	0.00227	0.00793
10	0.19820	0.01228	0.01327	0.01039	0.01443	0.01305	0.00858	0.38214	0.01886	0.25510	0.01421	0.01361	0.00966	0.00619	0.00494	0.00164	0.00513	0.00459	0.00531	0.00842
11	0.01197	0.01633	0.19917	0.01098	0.01478	0.15514	0.01036	0.01840	0.22226	0.01733	0.05353	0.02478	0.20646	0.00817	0.00552	0.00170	0.00571	0.00655	0.00408	0.00680
12	0.01977	0.02173	0.01508	0.01306	0.01621	0.53529	0.01007	0.23542	0.01797	0.01941	0.00998	0.01101	0.00782	0.00582	0.00495	0.00144	0.00831	0.00392	0.03571	0.00702
13	0.01251	0.00657	0.00808	0.00727	0.00959	0.00568	0.00560	0.01412	0.01318	0.27637	0.08842	0.16641	0.34170	0.01159	0.00611	0.00181	0.00340	0.00986	0.00561	0.00611
14	0.00654	0.00467	0.00623	0.00747	0.00779	0.00436	0.00498	0.00747	0.01028	0.01370	0.02959	0.80785	0.03550	0.01682	0.00685	0.00218	0.00311	0.01526	0.00498	0.00436
15	0.01092	0.02672	0.72458	0.01587	0.02361	0.01255	0.07775	0.01701	0.01144	0.01701	0.00973	0.01158	0.00691	0.00505	0.00520	0.00171	0.00802	0.00415	0.00230	0.00788
16	0.01205	0.01149	0.01955	0.33356	0.48691	0.01243	0.01586	0.01539	0.01164	0.01604	0.00988	0.01369	0.00797	0.00501	0.00533	0.00167	0.00668	0.00478	0.00255	0.00751
17	0.00816	0.00572	0.00703	0.00757	0.00877	0.00536	0.00559	0.01029	0.05478	0.05892	0.03508	0.41907	0.22871	0.01457	0.00663	0.00207	0.00340	0.10818	0.00510	0.00499
18	0.00671	0.00497	0.00629	0.00715	0.00789	0.00455	0.00502	0.00794	0.01118	0.01464	0.09563	0.55336	0.18238	0.01559	0.00674	0.00208	0.00309	0.05523	0.00506	0.00448
19	0.01255	0.01714	0.24452	0.02779	0.55722	0.01267	0.01746	0.01663	0.01196	0.01738	0.00996	0.01271	0.00800	0.00488	0.00525	0.00163	0.00683	0.00454	0.00254	0.00834
20	0.01360	0.07667	0.02198	0.11719	0.48295	0.08859	0.08955	0.01667	0.01228	0.01625	0.00973	0.01281	0.00803	0.00488	0.00523	0.00158	0.00701	0.00466	0.00261	0.00773
21	0.01083	0.01186	0.09083	0.56837	0.13160	0.01218	0.01515	0.01540	0.06248	0.01513	0.01046	0.01428	0.00793	0.00539	0.00534	0.00176	0.00693	0.00478	0.00262	0.00666
22	0.03749	0.03867	0.22138	0.04417	0.25764	0.04000	0.06480	0.03266	0.01201	0.01750	0.00974	0.01203	0.00770	0.00477	0.00493	0.00146	0.00653	0.00419	0.00273	0.17959
23	0.01199	0.01039	0.03654	0.13360	0.22549	0.01030	0.01102	0.04326	0.12837	0.06147	0.03983	0.14728	0.03661	0.00778	0.00555	0.00171	0.00515	0.00692	0.00395	0.07280
24	0.01308	0.10274	0.08558	0.01776	0.25793	0.06232	0.01184	0.06816	0.13678	0.01914	0.13088	0.01902	0.01661	0.00662	0.00531	0.00162	0.00564	0.02765	0.00380	0.00753
25	0.01346	0.04072	0.01194	0.00979	0.01281	0.05364	0.00777	0.20174	0.29609	0.02220	0.04124	0.02633	0.22234	0.00868	0.00559	0.00172	0.00455	0.00702	0.00506	0.00732
26	0.01145	0.00960	0.01560	0.01237	0.01547	0.00911	0.22605	0.08481	0.03304	0.05096	0.01876	0.22066	0.04461	0.03297	0.03161	0.00204	0.00568	0.00817	0.05818	0.10885
27	0.01274	0.09994	0.12122	0.04313	0.18234	0.01361	0.30723	0.06442	0.01295	0.01755	0.01324	0.01563	0.06013	0.00543	0.00557	0.00167	0.00730	0.00554	0.00292	0.00746
28	0.01163	0.16379	0.55946	0.01513	0.02217	0.01414	0.10826	0.01686	0.01142	0.01626	0.00940	0.01124	0.00698	0.00494	0.00496	0.00162	0.00769	0.00406	0.00233	0.00767
29	0.01204	0.00912	0.01122	0.01141	0.08828	0.00964	0.00792	0.02003	0.33852	0.08606	0.31060	0.02693	0.02852	0.00840	0.00578	0.00173	0.00383	0.00728	0.00545	0.00723
30	0.00755	0.00548	0.00658	0.00674	0.00813	0.00489	0.00506	0.00923	0.01269	0.04403	0.22878	0.21022	0.34101	0.01347	0.00651	0.00191	0.00302	0.07459	0.00528	0.00483
31	0.01287	0.07171	0.29117	0.11065	0.18455	0.06581	0.01537	0.08816	0.01311	0.01773	0.01127	0.01582	0.00934	0.00595	0.00526	0.00168	0.00705	0.06207	0.00291	0.00752

[dist]
# distance from previous block
# <min> <max>
0	19

[block]
# block no. 6 follows, 45 sequences, length 8
# corresponding to MSA columns:
# 525-532
name=unknown_G
#
# <colnr> <probs for GDERKNQSTAVLIFYWHMCP>
#	G	D	E	R	K	N	Q	S	T	A	V	L	I	F	Y	W	H	M	C	P
0	0.08313	0.00655	0.00787	0.00738	0.00919	0.00632	0.00558	0.01397	0.04201	0.15990	0.25314	0.21585	0.02970	0.01027	0.00563	0.00174	0.00325	0.00887	0.12381	0.00583
1	0.01970	0.01076	0.01280	0.01041	0.01417	0.01099	0.00840	0.11964	0.29176	0.40975	0.02038	0.01823	0.01390	0.00685	0.00542	0.00171	0.00462	0.00557	0.00605	0.00890
2	0.00656	0.00535	0.00580	0.00590	0.00744	0.00459	0.00434	0.00805	0.01245	0.01548	0.16226	0.14464	0.57126	0.01359	0.00641	0.00184	0.00274	0.01157	0.00513	0.00459
3	0.01457	0.12208	0.43777	0.01318	0.01944	0.01375	0.01501	0.14412	0.03999	0.11289	0.01174	0.01240	0.00833	0.00553	0.00499	0.00161	0.00678	0.00422	0.00344	0.00817
4	0.06551	0.00961	0.01169	0.00930	0.01296	0.00929	0.00759	0.11373	0.08028	0.48809	0.01902	0.01747	0.01270	0.00654	0.00508	0.00162	0.00442	0.00520	0.11153	0.00838
5	0.00691	0.00500	0.00661	0.00777	0.00835	0.00470	0.00558	0.00815	0.01079	0.01418	0.03112	0.62008	0.08670	0.01623	0.00692	0.00221	0.00342	0.14586	0.00498	0.00448
6	0.01276	0.01355	0.02706	0.07093	0.31061	0.01317	0.43673	0.01672	0.01239	0.01712	0.01050	0.01402	0.00822	0.00467	0.00590	0.00173	0.00794	0.00566	0.00267	0.00764
7	0.01535	0.01107	0.01664	0.01305	0.01651	0.01151	0.19396	0.06444	0.21176	0.18572	0.01672	0.01721	0.01216	0.00644	0.00637	0.00173	0.06729	0.00567	0.11872	0.00768

[dist]
# distance from previous block
# <min> <max>
0	5

[block]
# block no. 7 follows, 45 sequences, length 42
# corresponding to MSA columns:
# 538-579
name=unknown_H
#
# <colnr> <probs for GDERKNQSTAVLIFYWHMCP>
#	G	D	E	R	K	N	Q	S	T	A	V	L	I	F	Y	W	H	M	C	P
0	0.01211	0.00732	0.00877	0.00788	0.01019	0.00698	0.00608	0.01630	0.14546	0.20029	0.21086	0.10459	0.22038	0.01050	0.00601	0.00178	0.00342	0.00897	0.00568	0.00643
1	0.00674	0.00478	0.00627	0.00731	0.00761	0.00456	0.00483	0.00760	0.00990	0.01323	0.02739	0.67935	0.03263	0.11939	0.03894	0.00281	0.00381	0.01395	0.00468	0.00423
2	0.24115	0.06977	0.01268	0.00925	0.01311	0.01132	0.00770	0.08627	0.09423	0.37825	0.01588	0.01474	0.01080	0.00610	0.00471	0.00164	0.00463	0.00457	0.00520	0.00802
3	0.01015	0.00832	0.01290	0.01222	0.07128	0.00823	0.12815	0.06960	0.01252	0.01696	0.13897	0.03505	0.02363	0.24477	0.01259	0.00291	0.00548	0.17676	0.00410	0.00544
4	0.12035	0.62232	0.02312	0.00872	0.01268	0.01820	0.00829	0.01509	0.01061	0.01421	0.00990	0.09678	0.00991	0.00599	0.00380	0.00133	0.00525	0.00424	0.00272	0.00647
5	0.00902	0.00759	0.00763	0.00806	0.00876	0.09178	0.00556	0.03186	0.01073	0.01348	0.02287	0.39666	0.02638	0.25119	0.01272	0.00300	0.00471	0.07933	0.00423	0.00443
6	0.21249	0.01219	0.01848	0.02678	0.59498	0.01258	0.01393	0.01631	0.01149	0.01910	0.00947	0.01220	0.00786	0.00483	0.00484	0.00161	0.00585	0.00434	0.00282	0.00786
7	0.02301	0.00902	0.01205	0.00932	0.01328	0.00795	0.00767	0.04644	0.01537	0.70787	0.02069	0.01823	0.01320	0.00661	0.00528	0.00163	0.00447	0.00535	0.06370	0.00885
8	0.07496	0.01836	0.14550	0.01482	0.10101	0.18231	0.01204	0.27233	0.01725	0.09391	0.01144	0.01219	0.00835	0.00575	0.00507	0.00158	0.00688	0.00430	0.00396	0.00800
9	0.07498	0.39292	0.24625	0.01135	0.01678	0.01724	0.01223	0.13952	0.01328	0.01825	0.00900	0.01013	0.00716	0.00508	0.00424	0.00142	0.00630	0.00352	0.00287	0.00749
10	0.00654	0.00537	0.00576	0.00582	0.00741	0.00459	0.00431	0.00803	0.01248	0.01544	0.15610	0.12066	0.60184	0.01352	0.00639	0.00183	0.00273	0.01146	0.00512	0.00459
11	0.01077	0.02777	0.78354	0.01530	0.02323	0.01247	0.01983	0.01700	0.01133	0.01700	0.00963	0.01133	0.00680	0.00510	0.00510	0.00170	0.00793	0.00397	0.00227	0.00793
12	0.00767	0.00563	0.00728	0.00727	0.00860	0.00524	0.00572	0.01005	0.01422	0.01948	0.52517	0.04595	0.13459	0.01213	0.00657	0.00187	0.00308	0.16891	0.00559	0.00497
13	0.36690	0.01020	0.01090	0.00878	0.01260	0.01043	0.00724	0.09042	0.01370	0.39668	0.01470	0.01380	0.00979	0.00593	0.00453	0.00166	0.00452	0.00431	0.00514	0.00775
14	0.00715	0.00551	0.00668	0.00649	0.00794	0.00504	0.00492	0.00918	0.01341	0.01792	0.41693	0.04309	0.32068	0.01478	0.07960	0.00240	0.00376	0.02444	0.00526	0.00484
15	0.01090	0.00639	0.00819	0.00728	0.00912	0.00594	0.00561	0.04011	0.01530	0.14462	0.56955	0.03410	0.04038	0.00976	0.00595	0.00165	0.00298	0.00849	0.06782	0.00587
16	0.01619	0.01294	0.01373	0.01150	0.01504	0.01468	0.00918	0.32266	0.46941	0.02703	0.01824	0.01716	0.01347	0.00695	0.00542	0.00174	0.00492	0.00557	0.00542	0.00875
17	0.01239	0.01097	0.01754	0.05398	0.51145	0.01105	0.01320	0.01629	0.07031	0.04604	0.13680	0.01975	0.04396	0.00639	0.00553	0.00164	0.00542	0.00594	0.00362	0.00773
18	0.01525	0.40465	0.07862	0.01307	0.10299	0.10854	0.01068	0.03615	0.05844	0.07779	0.02944	0.02279	0.00970	0.00546	0.00440	0.00139	0.00615	0.00403	0.00314	0.00733
19	0.01696	0.08204	0.03974	0.01385	0.01685	0.51306	0.07912	0.01891	0.01382	0.01383	0.01045	0.01511	0.00938	0.00723	0.02515	0.00173	0.04228	0.07133	0.00289	0.00625
20	0.01106	0.00954	0.01151	0.06813	0.01457	0.00752	0.00701	0.01353	0.01110	0.01720	0.00954	0.01137	0.00789	0.00408	0.00408	0.00087	0.00422	0.00330	0.00312	0.78036
21	0.01556	0.04066	0.08329	0.01138	0.01444	0.31149	0.00948	0.03739	0.11994	0.08596	0.12568	0.01976	0.01683	0.05149	0.00652	0.00179	0.00662	0.03098	0.00406	0.00667
22	0.00781	0.00520	0.00585	0.00585	0.00585	0.00520	0.00325	0.00781	0.00781	0.01041	0.01691	0.03513	0.01952	0.81135	0.02732	0.00520	0.00520	0.00781	0.00325	0.00325
23	0.01066	0.00972	0.01455	0.56712	0.02980	0.01177	0.01277	0.01675	0.18207	0.01602	0.04374	0.01766	0.03247	0.00625	0.00545	0.00179	0.00619	0.00544	0.00329	0.00646
24	0.01003	0.01035	0.02057	0.03908	0.01985	0.00972	0.42374	0.01308	0.01183	0.01573	0.02129	0.26113	0.10018	0.00930	0.00647	0.00192	0.00649	0.00956	0.00365	0.00603
25	0.00668	0.00503	0.00623	0.00713	0.00795	0.00458	0.00507	0.00788	0.01102	0.01415	0.03643	0.52609	0.24251	0.01573	0.00676	0.00210	0.00317	0.08205	0.00498	0.00446
