[name]
unknown

[dist]
# distance from previous block
# <min> <max>
0	6

[block]
# block no. 0 follows, 42 sequences, length 45
# corresponding to MSA columns:
# 6-50
name=unknown_A
#
# <colnr> <probs for GDERKNQSTAVLIFYWHMCP>
#	G	D	E	R	K	N	Q	S	T	A	V	L	I	F	Y	W	H	M	C	P
0	0.01253	0.00916	0.03797	0.01122	0.01357	0.00865	0.06381	0.08925	0.01421	0.11621	0.06136	0.14427	0.02528	0.04911	0.00833	0.00235	0.03344	0.28784	0.00507	0.00636
1	0.01225	0.18293	0.52501	0.01396	0.02074	0.05186	0.01682	0.01727	0.01232	0.01709	0.07038	0.01366	0.01086	0.00576	0.00509	0.00165	0.00749	0.00439	0.00272	0.00777
2	0.05708	0.01145	0.05006	0.01632	0.20584	0.01069	0.01075	0.02189	0.15982	0.25585	0.09547	0.04762	0.01749	0.00729	0.00568	0.00178	0.00507	0.00627	0.00513	0.00842
3	0.00751	0.00540	0.00611	0.00639	0.00694	0.00509	0.00402	0.00808	0.00992	0.01274	0.03058	0.20368	0.21386	0.43397	0.01846	0.00387	0.00432	0.01079	0.00426	0.00400
4	0.07804	0.00822	0.00942	0.03567	0.04772	0.04348	0.00679	0.04643	0.01478	0.06242	0.39478	0.06887	0.03342	0.00941	0.00579	0.00171	0.00381	0.00803	0.11519	0.00602
5	0.01674	0.04133	0.18705	0.06999	0.05803	0.05822	0.01321	0.27355	0.14011	0.06507	0.01392	0.01449	0.01013	0.00631	0.00549	0.00173	0.00665	0.00496	0.00436	0.00867
6	0.00698	0.00525	0.00647	0.00714	0.00805	0.00474	0.00498	0.00836	0.01217	0.01593	0.15773	0.47385	0.23647	0.01572	0.00695	0.00210	0.00305	0.01393	0.00538	0.00474
7	0.00696	0.00525	0.00665	0.00745	0.00827	0.00494	0.00522	0.00819	0.01107	0.01441	0.03553	0.50576	0.21971	0.02003	0.10951	0.00308	0.00473	0.01363	0.00493	0.00468
8	0.01198	0.02443	0.56940	0.16158	0.02652	0.01332	0.01900	0.07609	0.01294	0.01860	0.01036	0.01260	0.00740	0.00551	0.00542	0.00179	0.00799	0.00439	0.00266	0.00803
9	0.48614	0.01031	0.01036	0.00854	0.01240	0.01073	0.00704	0.02128	0.01242	0.35017	0.01410	0.01350	0.00951	0.00598	0.00443	0.00174	0.00454	0.00419	0.00500	0.00761
10	0.00735	0.00518	0.00663	0.00733	0.00778	0.00490	0.00485	0.00844	0.01119	0.01518	0.16652	0.49337	0.03664	0.18378	0.01166	0.00286	0.00362	0.01323	0.00502	0.00446
11	0.01749	0.01255	0.01367	0.01112	0.01474	0.01351	0.00895	0.43645	0.12052	0.08437	0.02282	0.08384	0.11713	0.00880	0.00591	0.00180	0.00516	0.00710	0.00565	0.00842
12	0.02137	0.01651	0.01683	0.01305	0.01745	0.06885	0.01071	0.69940	0.02575	0.03400	0.01319	0.01328	0.00941	0.00669	0.00559	0.00167	0.00646	0.00497	0.00545	0.00937
13	0.01737	0.01249	0.01397	0.01087	0.01524	0.01258	0.00880	0.28910	0.16921	0.11724	0.01540	0.01515	0.01127	0.00617	0.00520	0.00148	0.00505	0.00487	0.00511	0.26343
14	0.01548	0.54239	0.10093	0.01217	0.01709	0.14028	0.07036	0.01793	0.01234	0.01416	0.00847	0.00998	0.00732	0.00502	0.00426	0.00136	0.00718	0.00351	0.00252	0.00725
15	0.08150	0.01726	0.05444	0.05086	0.01819	0.17382	0.03369	0.33581	0.04814	0.05921	0.01219	0.01294	0.00898	0.00612	0.00527	0.00162	0.00688	0.00457	0.00440	0.06409
16	0.01909	0.07586	0.01751	0.06492	0.01771	0.01356	0.06310	0.14537	0.04207	0.31061	0.01521	0.01559	0.01071	0.00707	0.00796	0.00185	0.15329	0.00526	0.00488	0.00835
17	0.01049	0.00691	0.00849	0.03338	0.01068	0.00656	0.00625	0.01380	0.08526	0.11991	0.23928	0.15090	0.23391	0.01213	0.00651	0.00193	0.00352	0.03842	0.00569	0.00600
18	0.01063	0.01000	0.01688	0.78870	0.03876	0.01250	0.01563	0.01438	0.01125	0.01438	0.01000	0.01500	0.00750	0.00563	0.00563	0.00188	0.00750	0.00500	0.00250	0.00625
19	0.01777	0.01674	0.01921	0.05858	0.18312	0.22074	0.10955	0.09829	0.09006	0.11074	0.01311	0.01443	0.00985	0.00591	0.00561	0.00169	0.00753	0.00507	0.00391	0.00811
20	0.01402	0.25718	0.41784	0.01458	0.05515	0.07738	0.01588	0.01837	0.01234	0.05459	0.00995	0.01136	0.00760	0.00529	0.00484	0.00158	0.00753	0.00389	0.00268	0.00794
21	0.02097	0.00929	0.01157	0.00919	0.01278	0.00872	0.00749	0.11937	0.01638	0.48221	0.02007	0.01887	0.01348	0.00683	0.00522	0.00162	0.00442	0.00548	0.21756	0.00847
22	0.01258	0.29549	0.51798	0.01384	0.02096	0.01622	0.01696	0.01749	0.01173	0.01625	0.00932	0.01090	0.00716	0.00516	0.00475	0.00158	0.00753	0.00376	0.00239	0.00794
23	0.01962	0.01646	0.05189	0.09144	0.08556	0.23187	0.04892	0.04882	0.05308	0.27418	0.01470	0.01504	0.01035	0.00616	0.00552	0.00168	0.00720	0.00495	0.00445	0.00812
24	0.01357	0.01342	0.02284	0.05830	0.21921	0.01385	0.27265	0.02164	0.26269	0.01980	0.01498	0.01679	0.01149	0.00583	0.00600	0.00184	0.00697	0.00604	0.00378	0.00832
25	0.00705	0.00537	0.00609	0.00655	0.00749	0.00484	0.00443	0.00801	0.01111	0.01399	0.03946	0.31315	0.34933	0.18347	0.01153	0.00279	0.00355	0.01254	0.00484	0.00440
26	0.01594	0.01755	0.01640	0.01778	0.17994	0.32615	0.04880	0.02036	0.12962	0.01709	0.01582	0.01980	0.04706	0.00709	0.00562	0.00170	0.00745	0.06526	0.03333	0.00723
27	0.01527	0.01545	0.15579	0.01167	0.01537	0.11265	0.01061	0.11038	0.08807	0.13267	0.01522	0.01842	0.01222	0.09307	0.16424	0.00357	0.00845	0.00543	0.00412	0.00733
28	0.16474	0.00630	0.00741	0.00798	0.00904	0.00667	0.00574	0.00999	0.01008	0.01602	0.02266	0.45202	0.02563	0.04408	0.18128	0.00380	0.00620	0.01108	0.00434	0.00493
29	0.01374	0.01318	0.02250	0.07733	0.72580	0.01332	0.01718	0.01711	0.01273	0.01816	0.01055	0.01399	0.00883	0.00505	0.00557	0.00168	0.00673	0.00501	0.00277	0.00876
30	0.01394	0.01745	0.12731	0.08453	0.25796	0.12025	0.23311	0.01788	0.01314	0.01719	0.01110	0.01527	0.00901	0.00550	0.00587	0.00177	0.00824	0.02988	0.00282	0.00777
31	0.01821	0.01941	0.05279	0.01709	0.09256	0.32508	0.10862	0.07610	0.04044	0.09700	0.01144	0.01306	0.00881	0.00624	0.00684	0.00171	0.08873	0.00473	0.00355	0.00758
32	0.01484	0.55764	0.02988	0.01364	0.01861	0.05421	0.20820	0.01742	0.01214	0.01455	0.00882	0.01074	0.00758	0.00484	0.00449	0.00140	0.00714	0.00402	0.00255	0.00729
33	0.00874	0.00713	0.00841	0.00755	0.01012	0.00579	0.00559	0.01044	0.01160	0.01615	0.02846	0.31372	0.19037	0.01145	0.00585	0.00161	0.00353	0.00997	0.00446	0.33904
34	0.08783	0.02260	0.01498	0.01323	0.01646	0.57270	0.01012	0.05971	0.01599	0.12006	0.01073	0.01148	0.00819	0.00596	0.00505	0.00153	0.00874	0.00393	0.00365	0.00707
35	0.07514	0.01607	0.04073	0.08181	0.01736	0.24337	0.01004	0.02337	0.21792	0.15324	0.01622	0.05381	0.01258	0.00702	0.00541	0.00174	0.00658	0.00545	0.00450	0.00764
36	0.01274	0.00810	0.00955	0.00898	0.01101	0.00826	0.00662	0.01835	0.23686	0.16327	0.02691	0.25996	0.07519	0.11635	0.00926	0.00246	0.00418	0.00976	0.00547	0.00671
37	0.00877	0.00572	0.00736	0.00745	0.00870	0.00519	0.00539	0.01057	0.01354	0.07881	0.33115	0.34120	0.12703	0.01389	0.00678	0.00199	0.00309	0.01232	0.00576	0.00530
38	0.11129	0.01121	0.04928	0.06899	0.11605	0.01088	0.10749	0.12334	0.01392	0.02040	0.05384	0.25168	0.01916	0.00945	0.00600	0.00192	0.00560	0.00853	0.00417	0.00680
39	0.01097	0.00811	0.00973	0.00932	0.01076	0.00855	0.00687	0.19719	0.01496	0.02020	0.08392	0.46317	0.02923	0.05245	0.00832	0.00226	0.04102	0.01184	0.00519	0.00592
40	0.00991	0.00838	0.00890	0.00843	0.01072	0.00874	0.00641	0.01759	0.33194	0.01921	0.08794	0.09915	0.33761	0.01150	0.00630	0.00193	0.00356	0.00973	0.00551	0.00656
41	0.00686	0.00490	0.00653	0.00784	0.00816	0.00457	0.00522	0.00784	0.01077	0.01437	0.03102	0.79855	0.03722	0.01763	0.00718	0.00229	0.00326	0.01600	0.00522	0.00457
42	0.12551	0.01826	0.08101	0.02042	0.21052	0.21681	0.15584	0.04320	0.04273	0.01872	0.01041	0.01263	0.00823	0.00538	0.00536	0.00168	0.00787	0.00469	0.00310	0.00762
43	0.00819	0.00639	0.00754	0.00754	0.00900	0.00618	0.00553	0.01194	0.11587	0.01880	0.30116	0.23505	0.21921	0.01321	0.00665	0.00195	0.00311	0.01155	0.00564	0.00548
44	0.00812	0.00553	0.00748	0.00853	0.00931	0.00525	0.00635	0.00968	0.01187	0.04038	0.07981	0.52729	0.03625	0.01632	0.00725	0.00231	0.00378	0.20422	0.00534	0.00495

[dist]
# distance from previous block
# <min> <max>
0	3

[block]
# block no. 1 follows, 42 sequences, length 23
# corresponding to MSA columns:
# 54-71,73-77
name=unknown_B
#
# <colnr> <probs for GDERKNQSTAVLIFYWHMCP>
#	G	D	E	R	K	N	Q	S	T	A	V	L	I	F	Y	W	H	M	C	P
0	0.09530	0.01119	0.01881	0.01954	0.22271	0.01108	0.20592	0.05503	0.01283	0.01874	0.01792	0.22312	0.04572	0.00876	0.00612	0.00191	0.00611	0.00843	0.00377	0.00700
1	0.01746	0.01488	0.01715	0.01360	0.01774	0.06342	0.09811	0.34162	0.26011	0.02720	0.01580	0.01582	0.01170	0.00660	0.00567	0.00172	0.00616	0.00549	0.00503	0.05473
2	0.01427	0.11899	0.15432	0.01532	0.01902	0.01620	0.13123	0.09012	0.01252	0.05914	0.01000	0.01277	0.00809	0.00711	0.01032	0.00197	0.30323	0.00487	0.00307	0.00744
3	0.03864	0.01169	0.01609	0.01735	0.24046	0.02365	0.03138	0.08396	0.01441	0.14856	0.05430	0.01548	0.01198	0.00561	0.00518	0.00144	0.00539	0.00486	0.00414	0.26545
4	0.01824	0.22219	0.10057	0.01439	0.06132	0.41411	0.01188	0.03522	0.01441	0.04587	0.00939	0.01071	0.00765	0.00552	0.00480	0.00145	0.00840	0.00372	0.00294	0.00722
5	0.01796	0.26277	0.13446	0.01202	0.01713	0.01722	0.01157	0.30689	0.05005	0.09935	0.01251	0.01276	0.00924	0.00600	0.00497	0.00157	0.00624	0.00440	0.00427	0.00862
6	0.01277	0.11033	0.32036	0.01787	0.02424	0.01467	0.30438	0.01901	0.08732	0.01796	0.01163	0.01377	0.00871	0.00528	0.00570	0.00177	0.00813	0.00523	0.00290	0.00797
7	0.00852	0.00685	0.00993	0.18997	0.01574	0.00746	0.00803	0.01089	0.01253	0.01718	0.30035	0.15062	0.06171	0.04585	0.10042	0.00292	0.03199	0.00920	0.00453	0.00531
8	0.01063	0.01000	0.01688	0.78870	0.03876	0.01250	0.01563	0.01438	0.01125	0.01438	0.01000	0.01500	0.00750	0.00563	0.00563	0.00188	0.00750	0.00500	0.00250	0.00625
9	0.00764	0.00603	0.00933	0.00934	0.01033	0.00563	0.07981	0.00919	0.01164	0.01572	0.11690	0.62910	0.03624	0.01560	0.00706	0.00218	0.00382	0.01436	0.00510	0.00496
10	0.01328	0.01518	0.03321	0.02372	0.02941	0.01423	0.74668	0.01803	0.01328	0.01803	0.01139	0.01518	0.00854	0.00474	0.00664	0.00190	0.00949	0.00664	0.00285	0.00759
11	0.02042	0.00964	0.01169	0.00930	0.01285	0.00931	0.00757	0.16984	0.01703	0.41602	0.01938	0.01851	0.01318	0.00681	0.00518	0.00161	0.00448	0.00543	0.23335	0.00839
12	0.02112	0.00867	0.01168	0.00927	0.01293	0.00755	0.00753	0.02336	0.01594	0.59411	0.16887	0.02504	0.05177	0.00815	0.00589	0.00175	0.00429	0.00679	0.00674	0.00855
13	0.00716	0.00564	0.00646	0.00643	0.00796	0.00494	0.00476	0.00900	0.01378	0.01787	0.31818	0.12451	0.42615	0.01357	0.00670	0.00189	0.00282	0.01166	0.00559	0.00494
14	0.01006	0.00729	0.00881	0.00896	0.01021	0.00741	0.00643	0.17106	0.01423	0.01902	0.02716	0.62551	0.03113	0.01523	0.00684	0.00215	0.00391	0.01359	0.00531	0.00567
15	0.00710	0.00535	0.00628	0.00676	0.00768	0.00484	0.00463	0.00825	0.01162	0.01496	0.11214	0.34786	0.28896	0.13502	0.01020	0.00258	0.00339	0.01279	0.00505	0.00453
16	0.01063	0.01000	0.01688	0.78870	0.03876	0.01250	0.01563	0.01438	0.01125	0.01438	0.01000	0.01500	0.00750	0.00563	0.00563	0.00188	0.00750	0.00500	0.00250	0.00625
17	0.01611	0.01818	0.01266	0.01174	0.01412	0.43223	0.00877	0.09202	0.01551	0.01632	0.02040	0.18515	0.11473	0.00956	0.00579	0.00171	0.00730	0.00752	0.00399	0.00618
18	0.00765	0.00567	0.00698	0.00740	0.00831	0.00540	0.00515	0.00984	0.05342	0.01674	0.22154	0.38890	0.12957	0.09571	0.00910	0.00241	0.00335	0.01264	0.00532	0.00490
19	0.00771	0.00532	0.00657	0.00702	0.00723	0.00531	0.00440	0.00825	0.00917	0.01233	0.02208	0.29981	0.02564	0.45338	0.09676	0.00472	0.00566	0.01068	0.00400	0.00398
20	0.01216	0.28623	0.02126	0.51822	0.03032	0.01589	0.01355	0.01524	0.01132	0.01398	0.00925	0.01293	0.00740	0.00534	0.00493	0.00164	0.00699	0.00431	0.00247	0.00659
21	0.20352	0.01265	0.17710	0.00981	0.01338	0.00930	0.00935	0.01584	0.04420	0.11395	0.11792	0.18357	0.02118	0.03627	0.00633	0.00200	0.00486	0.00763	0.00450	0.00662
22	0.01309	0.00977	0.01211	0.01024	0.01251	0.01056	0.03928	0.27542	0.01600	0.02183	0.09192	0.02401	0.01763	0.19222	0.22319	0.00455	0.00824	0.00661	0.00436	0.00644

[dist]
# distance from previous block
# <min> <max>
0	21

[block]
# block no. 2 follows, 42 sequences, length 29
# corresponding to MSA columns:
# 99-127
name=unknown_C
#
# <colnr> <probs for GDERKNQSTAVLIFYWHMCP>
#	G	D	E	R	K	N	Q	S	T	A	V	L	I	F	Y	W	H	M	C	P
0	0.23456	0.01270	0.00977	0.00922	0.01161	0.19695	0.00698	0.05993	0.01312	0.01862	0.02365	0.19187	0.17035	0.01004	0.00547	0.00182	0.00533	0.00798	0.00422	0.00580
1	0.15751	0.29496	0.10320	0.01051	0.01508	0.01611	0.00999	0.04871	0.17516	0.08705	0.01292	0.01310	0.00990	0.00582	0.00452	0.00158	0.00552	0.00420	0.00386	0.02030
2	0.01575	0.04898	0.21542	0.01167	0.01690	0.01195	0.01160	0.16988	0.06287	0.15052	0.04156	0.01752	0.05836	0.00661	0.00535	0.00160	0.00576	0.00525	0.00450	0.13796
3	0.01447	0.20331	0.30040	0.01178	0.01787	0.01316	0.01289	0.01826	0.01240	0.13605	0.01146	0.01231	0.00851	0.00520	0.00471	0.00142	0.00625	0.00393	0.00333	0.20228
4	0.06744	0.01936	0.20090	0.10733	0.10077	0.18337	0.01409	0.09133	0.04413	0.01880	0.01166	0.01567	0.00956	0.00650	0.00598	0.00178	0.04108	0.04955	0.00326	0.00746
5	0.01691	0.01919	0.01519	0.01498	0.08528	0.42920	0.01068	0.01868	0.01349	0.01528	0.01011	0.01264	0.00856	0.00668	0.00771	0.00166	0.17035	0.00428	0.13265	0.00647
6	0.01046	0.00762	0.00945	0.00911	0.01098	0.00806	0.00712	0.01592	0.19397	0.06547	0.15115	0.08742	0.09624	0.01893	0.19548	0.00372	0.00661	0.09093	0.00508	0.00627
7	0.00978	0.00489	0.00733	0.00733	0.00733	0.00489	0.00489	0.00733	0.00733	0.00978	0.00978	0.01711	0.00978	0.01955	0.02199	0.83627	0.00489	0.00489	0.00244	0.00244
8	0.06916	0.15153	0.03946	0.09016	0.16266	0.21083	0.07346	0.01756	0.01338	0.01681	0.09230	0.01505	0.01266	0.00595	0.00518	0.00159	0.00722	0.00487	0.00314	0.00705
9	0.01308	0.00986	0.01475	0.15089	0.13560	0.01027	0.05714	0.07021	0.08477	0.11226	0.02014	0.24687	0.03067	0.00959	0.00617	0.00194	0.00545	0.00867	0.00451	0.00715
10	0.00726	0.00531	0.00683	0.00733	0.00820	0.00487	0.00516	0.00893	0.01296	0.01760	0.31504	0.43204	0.11778	0.01493	0.00692	0.00205	0.00299	0.01334	0.00560	0.00487
11	0.13402	0.06376	0.01461	0.01090	0.01501	0.08541	0.00888	0.25709	0.13356	0.04997	0.01301	0.01331	0.00982	0.00599	0.00489	0.00152	0.00559	0.00442	0.00450	0.16373
12	0.01538	0.25450	0.13368	0.01082	0.01593	0.08985	0.01041	0.01855	0.03590	0.11309	0.01120	0.01201	0.00870	0.00517	0.00451	0.00130	0.00604	0.00378	0.00341	0.24577
13	0.01709	0.10650	0.25658	0.01360	0.01900	0.20054	0.04286	0.06571	0.01447	0.14069	0.01175	0.01256	0.00857	0.00565	0.00514	0.00157	0.00758	0.00425	0.00354	0.06234
14	0.01175	0.01460	0.16779	0.01093	0.01404	0.12900	0.00992	0.01629	0.10893	0.04212	0.19224	0.21224	0.02669	0.01020	0.00611	0.00187	0.00545	0.00870	0.00462	0.00654
15	0.01328	0.01341	0.02495	0.13799	0.45427	0.01349	0.22464	0.01708	0.01273	0.01772	0.01073	0.01444	0.00861	0.00502	0.00588	0.00176	0.00760	0.00548	0.00276	0.00816
16	0.04941	0.05251	0.06357	0.01318	0.01696	0.32626	0.05856	0.08218	0.08404	0.12616	0.01478	0.04064	0.03377	0.00671	0.00538	0.00165	0.00752	0.00514	0.00408	0.00751
17	0.00969	0.00881	0.01148	0.01026	0.01239	0.05555	0.11062	0.05680	0.01348	0.01696	0.06536	0.25985	0.27027	0.01287	0.00672	0.00201	0.00473	0.06178	0.00481	0.00557
18	0.00803	0.00542	0.00676	0.00689	0.00788	0.00509	0.00492	0.01003	0.01332	0.01916	0.38179	0.24142	0.06353	0.06203	0.00774	0.00207	0.00300	0.01089	0.13506	0.00496
19	0.01278	0.01217	0.02097	0.02966	0.60008	0.01205	0.06322	0.01585	0.01253	0.01773	0.01383	0.13668	0.01331	0.00697	0.00589	0.00178	0.00633	0.00684	0.00317	0.00815
20	0.01741	0.01489	0.02060	0.01635	0.05171	0.06219	0.22575	0.32132	0.06412	0.06832	0.01659	0.01744	0.06293	0.00663	0.00597	0.00177	0.00700	0.00603	0.00458	0.00839
21	0.01623	0.01691	0.20014	0.01407	0.06466	0.01375	0.01267	0.29221	0.12828	0.07807	0.01787	0.01910	0.05919	0.00725	0.00572	0.00179	0.00614	0.03258	0.00472	0.00866
22	0.00686	0.00490	0.00653	0.00784	0.00816	0.00457	0.00522	0.00784	0.01077	0.01437	0.03102	0.79855	0.03722	0.01763	0.00718	0.00229	0.00326	0.01600	0.00522	0.00457
23	0.00679	0.00518	0.00624	0.00710	0.00797	0.00463	0.00489	0.00792	0.01149	0.01466	0.04004	0.54023	0.28972	0.01646	0.00700	0.00215	0.00312	0.01457	0.00522	0.00463
24	0.01662	0.01547	0.06767	0.04550	0.24098	0.06213	0.10151	0.19673	0.01614	0.08389	0.01187	0.01392	0.00903	0.00615	0.00698	0.00179	0.08631	0.00513	0.00377	0.00842
25	0.01701	0.01367	0.01155	0.00992	0.01269	0.19799	0.00776	0.21687	0.01709	0.07236	0.01493	0.01618	0.01131	0.00645	0.00479	0.00148	0.00558	0.00483	0.35053	0.00702
26	0.00692	0.00521	0.00641	0.00717	0.00803	0.00470	0.00497	0.00820	0.01189	0.01547	0.11588	0.51265	0.24001	0.01605	0.00698	0.00212	0.00309	0.01424	0.00533	0.00470
27	0.12205	0.09852	0.29519	0.04731	0.06622	0.01461	0.01435	0.10099	0.01313	0.06913	0.01047	0.01221	0.00789	0.00606	0.00654	0.00178	0.09820	0.00428	0.00324	0.00784
28	0.04064	0.01270	0.06386	0.04486	0.01667	0.01262	0.05588	0.14547	0.29603	0.09881	0.04367	0.02058	0.05696	0.00958	0.05398	0.00228	0.00599	0.00620	0.00505	0.00817

[dist]
# distance from previous block
# <min> <max>
0	58

[block]
# block no. 3 follows, 42 sequences, length 21
# corresponding to MSA columns:
# 186-206
name=unknown_D
#
# <colnr> <probs for GDERKNQSTAVLIFYWHMCP>
#	G	D	E	R	K	N	Q	S	T	A	V	L	I	F	Y	W	H	M	C	P
0	0.01210	0.02803	0.71207	0.01579	0.02380	0.01342	0.01998	0.07675	0.01306	0.01925	0.01037	0.01201	0.00733	0.00546	0.00537	0.00177	0.00815	0.00423	0.00264	0.00842
1	0.01582	0.01240	0.01594	0.01376	0.04295	0.03310	0.09210	0.13275	0.27976	0.11448	0.04381	0.02245	0.01602	0.00797	0.00692	0.00193	0.06196	0.07257	0.00510	0.00822
2	0.01287	0.29404	0.02114	0.01348	0.06999	0.06234	0.08907	0.01507	0.01229	0.01588	0.13812	0.07988	0.01769	0.00781	0.00723	0.00170	0.12521	0.00614	0.00339	0.00664
3	0.04890	0.04255	0.01890	0.08300	0.28011	0.20541	0.05653	0.01861	0.01340	0.06463	0.01057	0.01284	0.00844	0.00527	0.00520	0.00153	0.00725	0.00445	0.00314	0.10928
4	0.01194	0.00911	0.01097	0.05917	0.01376	0.00971	0.00835	0.18242	0.10724	0.02228	0.14973	0.15478	0.06701	0.01150	0.00655	0.00203	0.00462	0.15685	0.00536	0.00662
5	0.00964	0.00614	0.00763	0.00713	0.00890	0.00546	0.00539	0.01177	0.01470	0.11160	0.42341	0.10353	0.23898	0.01218	0.00657	0.00184	0.00302	0.01055	0.00595	0.00562
6	0.01284	0.01109	0.01687	0.51558	0.12233	0.01299	0.01426	0.13872	0.01405	0.01885	0.01120	0.01500	0.00846	0.00580	0.00551	0.00178	0.00687	0.00503	0.05568	0.00708
7	0.01477	0.01336	0.01403	0.22082	0.02079	0.13297	0.01054	0.25120	0.01710	0.02122	0.02014	0.09605	0.12636	0.00850	0.00585	0.00179	0.00637	0.00692	0.00425	0.00697
8	0.02154	0.02471	0.01559	0.01395	0.01703	0.68515	0.01055	0.02308	0.01597	0.10653	0.01035	0.01125	0.00807	0.00594	0.00515	0.00149	0.00949	0.00387	0.00340	0.00690
9	0.00878	0.00603	0.00718	0.00722	0.00877	0.00545	0.00528	0.01093	0.04268	0.07905	0.17306	0.28454	0.31214	0.01396	0.00670	0.00199	0.00317	0.01215	0.00557	0.00536
10	0.11418	0.00771	0.00758	0.00681	0.00893	0.00821	0.00534	0.13782	0.01401	0.02395	0.01625	0.01827	0.01258	0.00643	0.00417	0.00143	0.00344	0.00495	0.59186	0.00608
11	0.01711	0.53919	0.02492	0.01120	0.01546	0.23553	0.01004	0.06180	0.01360	0.01471	0.00841	0.00961	0.00737	0.00521	0.00414	0.00130	0.00719	0.00330	0.00274	0.00716
12	0.01782	0.01480	0.01350	0.01183	0.01518	0.18032	0.00921	0.02777	0.44435	0.17326	0.01965	0.01825	0.01435	0.00710	0.00557	0.00177	0.00577	0.00562	0.00536	0.00852
13	0.00722	0.00572	0.00649	0.00630	0.00795	0.00499	0.00473	0.00918	0.01418	0.01841	0.36498	0.04888	0.45487	0.01306	0.00665	0.00184	0.00277	0.01114	0.00565	0.00499
14	0.01888	0.01065	0.01231	0.00981	0.01349	0.01056	0.00798	0.27784	0.01879	0.29745	0.02649	0.02493	0.17668	0.00846	0.00576	0.00173	0.00473	0.00678	0.05844	0.00824
15	0.01290	0.51251	0.17667	0.01063	0.01540	0.01741	0.01115	0.01552	0.01141	0.01436	0.01221	0.14307	0.01227	0.00709	0.00457	0.00150	0.00602	0.00544	0.00288	0.00700
16	0.00704	0.00513	0.00666	0.00772	0.00832	0.00475	0.00535	0.00827	0.01147	0.01517	0.08599	0.63061	0.10897	0.01675	0.00713	0.00223	0.00329	0.05520	0.00529	0.00468
17	0.01934	0.00952	0.01143	0.00918	0.01255	0.00928	0.00744	0.18022	0.01718	0.36042	0.06358	0.01979	0.01545	0.00708	0.00524	0.00161	0.00438	0.00569	0.23249	0.00814
18	0.01567	0.14741	0.01537	0.01039	0.01385	0.01346	0.00887	0.31424	0.01844	0.06447	0.04699	0.02821	0.11824	0.00910	0.00578	0.00178	0.00525	0.12827	0.02669	0.00751
19	0.01707	0.14000	0.14687	0.06336	0.18258	0.06222	0.01334	0.06326	0.03907	0.19892	0.01329	0.01411	0.00968	0.00578	0.00523	0.00164	0.00657	0.00467	0.00392	0.00844
20	0.00966	0.00667	0.00772	0.00785	0.00917	0.00663	0.00568	0.11850	0.01354	0.01882	0.02927	0.44732	0.11803	0.01356	0.00629	0.00197	0.00353	0.01189	0.15846	0.00546

[dist]
# distance from previous block
# <min> <max>
0	1

[block]
# block no. 4 follows, 42 sequences, length 21
# corresponding to MSA columns:
# 208-228
name=unknown_E
#
# <colnr> <probs for GDERKNQSTAVLIFYWHMCP>
#	G	D	E	R	K	N	Q	S	T	A	V	L	I	F	Y	W	H	M	C	P
0	0.00745	0.00545	0.00701	0.00785	0.00865	0.00517	0.00572	0.00886	0.01152	0.01513	0.07926	0.41549	0.14341	0.07649	0.04468	0.00280	0.00422	0.14112	0.00504	0.00469
1	0.01370	0.03044	0.10937	0.00981	0.01401	0.02847	0.00879	0.03646	0.04598	0.15408	0.08669	0.10388	0.04398	0.00762	0.00535	0.00150	0.00479	0.00636	0.00454	0.28419
2	0.01463	0.06678	0.01553	0.01194	0.01498	0.19679	0.10323	0.01728	0.03268	0.08726	0.09560	0.04311	0.05291	0.00943	0.05253	0.00205	0.03964	0.00602	0.06631	0.07131
3	0.26634	0.17664	0.01770	0.01566	0.18154	0.19917	0.01048	0.01800	0.01219	0.01814	0.00888	0.01083	0.00747	0.00637	0.02821	0.00177	0.00694	0.00371	0.00295	0.00702
4	0.01367	0.02020	0.30422	0.02080	0.11572	0.01411	0.29390	0.11200	0.01440	0.02024	0.01109	0.01359	0.00819	0.00526	0.00590	0.00180	0.00829	0.00532	0.00302	0.00828
5	0.00978	0.00489	0.00733	0.00733	0.00733	0.00489	0.00489	0.00733	0.00733	0.00978	0.00978	0.01711	0.00978	0.01955	0.02199	0.83627	0.00489	0.00489	0.00244	0.00244
6	0.01232	0.12471	0.01398	0.00878	0.01314	0.06241	0.00721	0.01467	0.01248	0.01784	0.10681	0.01510	0.01387	0.00532	0.00447	0.00105	0.00465	0.00419	0.00354	0.55346
7	0.01320	0.13951	0.58029	0.01466	0.02195	0.05230	0.01790	0.01852	0.01229	0.06456	0.01047	0.01184	0.00758	0.00539	0.00510	0.00168	0.00785	0.00406	0.00270	0.00815
8	0.00700	0.00501	0.00666	0.00774	0.00819	0.00467	0.00524	0.00819	0.01144	0.01542	0.12552	0.70104	0.03927	0.01684	0.00711	0.00222	0.00319	0.01525	0.00535	0.00467
9	0.18758	0.00814	0.00874	0.00837	0.01032	0.00856	0.00617	0.05143	0.10317	0.09188	0.02241	0.30095	0.04337	0.11323	0.00874	0.00244	0.00421	0.00939	0.00487	0.00602
10	0.01598	0.01251	0.01883	0.15237	0.06963	0.01282	0.15285	0.18773	0.05933	0.11873	0.01358	0.01529	0.00994	0.00677	0.02645	0.00187	0.00680	0.00532	0.00419	0.10899
11	0.00954	0.00584	0.00706	0.00664	0.00804	0.00546	0.00488	0.01174	0.01384	0.06752	0.40631	0.03627	0.09418	0.10651	0.00866	0.00213	0.00314	0.00870	0.18828	0.00529
12	0.01093	0.00851	0.00957	0.00927	0.01132	0.00908	0.00692	0.01888	0.35126	0.05211	0.05825	0.28552	0.12147	0.01194	0.00636	0.00202	0.00380	0.01040	0.00557	0.00682
13	0.00797	0.00654	0.00968	0.00898	0.01026	0.00608	0.10013	0.00929	0.01090	0.01415	0.03094	0.33882	0.19183	0.21346	0.01242	0.00295	0.00453	0.01190	0.00446	0.00471
14	0.05124	0.07219	0.16090	0.17171	0.02608	0.01412	0.24795	0.10031	0.01401	0.07097	0.01145	0.01392	0.00836	0.00544	0.00566	0.00178	0.00770	0.00519	0.00329	0.00772
15	0.00759	0.00530	0.00679	0.00770	0.00807	0.00512	0.00525	0.00851	0.01032	0.01369	0.02683	0.45961	0.03145	0.25365	0.01374	0.00329	0.00421	0.11989	0.00467	0.00431
16	0.00779	0.00563	0.00591	0.00591	0.00759	0.00499	0.00448	0.00968	0.01291	0.01741	0.12025	0.04536	0.48433	0.01218	0.00605	0.00177	0.00286	0.03748	0.20246	0.00494
17	0.12283	0.01775	0.04494	0.01749	0.02192	0.19669	0.33308	0.10752	0.01480	0.01986	0.01033	0.01278	0.00795	0.00554	0.00622	0.00177	0.04282	0.00512	0.00325	0.00734
18	0.02129	0.04289	0.03811	0.01306	0.01714	0.26311	0.01070	0.37727	0.02085	0.12207	0.01280	0.01297	0.00924	0.00637	0.00538	0.00161	0.00735	0.00459	0.00473	0.00848
19	0.13821	0.17957	0.11327	0.01144	0.01524	0.21895	0.01024	0.01902	0.10844	0.01722	0.01312	0.10728	0.01198	0.00713	0.00491	0.00165	0.00663	0.00534	0.00347	0.00690
20	0.01633	0.12113	0.01913	0.01412	0.01736	0.39167	0.13154	0.01848	0.01436	0.01536	0.08689	0.01689	0.05988	0.00680	0.00607	0.00160	0.04727	0.00528	0.00328	0.00654

[dist]
# distance from previous block
# <min> <max>
0	12

[block]
# block no. 5 follows, 42 sequences, length 38
# corresponding to MSA columns:
# 241-264,267-280
name=unknown_F
#
# <colnr> <probs for GDERKNQSTAVLIFYWHMCP>
#	G	D	E	R	K	N	Q	S	T	A	V	L	I	F	Y	W	H	M	C	P
0	0.05442	0.01335	0.01213	0.00981	0.01360	0.17109	0.00765	0.07942	0.01428	0.01961	0.10892	0.04498	0.01502	0.00625	0.00489	0.00126	0.00538	0.00490	0.00389	0.40914
1	0.01045	0.20996	0.05216	0.00869	0.01140	0.01082	0.00753	0.05157	0.04948	0.01717	0.12622	0.20295	0.17751	0.01112	0.00587	0.00180	0.00432	0.03038	0.00454	0.00606
2	0.01141	0.00944	0.01361	0.05149	0.12362	0.00948	0.04647	0.10189	0.01415	0.02003	0.20258	0.02271	0.02122	0.01555	0.18876	0.00334	0.00741	0.00641	0.00412	0.12633
3	0.01321	0.01088	0.01990	0.10321	0.15591	0.01058	0.24126	0.01627	0.01275	0.12535	0.01762	0.21370	0.01653	0.00847	0.00633	0.00193	0.00651	0.00839	0.00399	0.00721
4	0.01086	0.01047	0.01795	0.10870	0.25741	0.01028	0.15251	0.01395	0.01311	0.01756	0.11370	0.02788	0.20527	0.00816	0.00619	0.00181	0.00586	0.00769	0.00379	0.00686
5	0.01750	0.01365	0.01513	0.01217	0.01557	0.01551	0.00996	0.47518	0.10107	0.02856	0.01891	0.01907	0.10156	0.00820	0.00762	0.00185	0.11891	0.00601	0.00513	0.00842
6	0.72420	0.01069	0.00896	0.00778	0.01139	0.01200	0.00641	0.01811	0.01052	0.13280	0.00991	0.01059	0.00722	0.00548	0.00380	0.00174	0.00442	0.00342	0.00398	0.00660
7	0.00764	0.00527	0.00686	0.00745	0.00776	0.00529	0.00491	0.00829	0.00945	0.01277	0.02289	0.37769	0.02643	0.28172	0.14326	0.04682	0.00603	0.01119	0.00412	0.00415
8	0.01268	0.01433	0.11204	0.24464	0.47207	0.01309	0.01724	0.01652	0.01226	0.01719	0.01036	0.01398	0.00830	0.00523	0.00556	0.00174	0.00711	0.00491	0.00266	0.00809
9	0.00685	0.00541	0.00619	0.00671	0.00796	0.00475	0.00481	0.00819	0.01219	0.01528	0.08088	0.34154	0.43114	0.01546	0.00688	0.00206	0.00306	0.03067	0.00527	0.00472
10	0.00904	0.00562	0.00716	0.00768	0.00880	0.00505	0.00541	0.01026	0.01183	0.10618	0.03508	0.55726	0.17798	0.01567	0.00689	0.00214	0.00337	0.01393	0.00544	0.00521
11	0.58551	0.01143	0.01036	0.00867	0.01245	0.01268	0.00715	0.13132	0.01322	0.14526	0.01099	0.01141	0.00788	0.00574	0.00416	0.00173	0.00471	0.00377	0.00437	0.00718
12	0.22210	0.15980	0.45001	0.01274	0.01922	0.01456	0.01513	0.01733	0.01122	0.01890	0.00913	0.01069	0.00688	0.00522	0.00457	0.00167	0.00691	0.00368	0.00266	0.00756
13	0.00826	0.00580	0.00617	0.00623	0.00779	0.00539	0.00461	0.01082	0.05032	0.01778	0.09695	0.13208	0.36510	0.01188	0.00588	0.00177	0.00290	0.01004	0.24511	0.00513
14	0.01162	0.00915	0.10104	0.00928	0.01144	0.00693	0.00792	0.01356	0.01154	0.15965	0.02263	0.22618	0.02321	0.20057	0.05287	0.00327	0.00559	0.11306	0.00466	0.00582
15	0.04164	0.01526	0.05406	0.01101	0.01559	0.13291	0.00919	0.20294	0.05034	0.02239	0.01122	0.01226	0.00875	0.00534	0.00480	0.00128	0.00587	0.00399	0.00391	0.38726
16	0.00916	0.00647	0.00840	0.00795	0.00897	0.00715	0.00611	0.01134	0.01196	0.01820	0.26708	0.02816	0.02683	0.06139	0.18931	0.00364	0.10131	0.00721	0.21414	0.00522
17	0.00757	0.00554	0.00664	0.00719	0.00800	0.00520	0.00507	0.00869	0.01104	0.01422	0.05573	0.25156	0.21467	0.24341	0.01334	0.00314	0.00408	0.12579	0.00472	0.00440
18	0.01705	0.08188	0.05796	0.01076	0.01521	0.01251	0.00928	0.15755	0.18127	0.18143	0.03477	0.01621	0.01267	0.00632	0.00518	0.00153	0.00510	0.00501	0.00500	0.18330
19	0.01348	0.40127	0.26750	0.01162	0.01705	0.02740	0.01278	0.05367	0.01224	0.01623	0.01000	0.01204	0.00830	0.02058	0.04873	0.00194	0.00715	0.00387	0.04676	0.00739
20	0.01237	0.20148	0.23394	0.01591	0.02150	0.01449	0.26696	0.01663	0.01285	0.01751	0.11876	0.01671	0.01427	0.00590	0.00558	0.00169	0.00737	0.00562	0.00310	0.00738
21	0.00717	0.00513	0.00654	0.00737	0.00785	0.00480	0.00490	0.00822	0.01109	0.01483	0.11490	0.55351	0.07740	0.13628	0.01036	0.00269	0.00351	0.01391	0.00506	0.00449
22	0.05719	0.08171	0.12244	0.01295	0.01744	0.01324	0.09987	0.13355	0.08031	0.19083	0.07696	0.01713	0.01389	0.00677	0.00624	0.00177	0.04938	0.00552	0.00464	0.00819
23	0.15280	0.01168	0.01532	0.13024	0.01934	0.03094	0.10221	0.12284	0.05670	0.12900	0.01458	0.07296	0.01177	0.00679	0.00539	0.00174	0.00587	0.01512	0.00431	0.09040
24	0.01626	0.01377	0.01784	0.04215	0.22609	0.10664	0.01285	0.01836	0.01220	0.16050	0.01136	0.01390	0.00906	0.00733	0.01040	0.00196	0.30330	0.00494	0.00347	0.00763
25	0.01372	0.01000	0.01396	0.17835	0.03152	0.05186	0.06872	0.05679	0.01380	0.16215	0.10013	0.21046	0.02122	0.00959	0.00656	0.00192	0.02941	0.00845	0.00466	0.00673
26	0.01478	0.24625	0.22174	0.01260	0.03760	0.06048	0.01250	0.13920	0.01441	0.01933	0.00993	0.01124	0.00785	0.00522	0.00466	0.00140	0.00657	0.00381	0.00315	0.16729
27	0.01392	0.03312	0.05462	0.01068	0.01348	0.15635	0.00874	0.20369	0.01668	0.02072	0.07799	0.18458	0.12923	0.01052	0.00610	0.00184	0.00566	0.04073	0.00473	0.00662
28	0.00731	0.00552	0.00675	0.00688	0.00812	0.00496	0.00500	0.00919	0.01373	0.01838	0.37618	0.23934	0.25042	0.01385	0.00678	0.00194	0.00287	0.01215	0.00567	0.00496
29	0.01460	0.00978	0.01205	0.01203	0.10315	0.01003	0.00831	0.18187	0.07658	0.10862	0.19981	0.02418	0.04072	0.00794	0.00558	0.00166	0.00432	0.00668	0.16464	0.00745
30	0.01710	0.01651	0.11125	0.11625	0.08899	0.05529	0.12764	0.30025	0.01823	0.07472	0.01239	0.01400	0.00896	0.00594	0.00572	0.00175	0.00729	0.00515	0.00409	0.00847
31	0.00825	0.00651	0.00761	0.00786	0.00938	0.00633	0.00593	0.01198	0.12008	0.01749	0.14801	0.24422	0.27045	0.01393	0.00679	0.00207	0.00344	0.09880	0.00544	0.00544
32	0.00872	0.00601	0.00644	0.00649	0.00813	0.00560	0.00480	0.01142	0.06486	0.03931	0.03927	0.17210	0.37334	0.01221	0.00596	0.00181	0.00304	0.01035	0.21485	0.00528
33	0.01470	0.01144	0.01454	0.03960	0.20994	0.07721	0.01107	0.09831	0.01527	0.11106	0.09240	0.02982	0.01996	0.00890	0.00615	0.00190	0.00579	0.18872	0.03585	0.00734
34	0.01928	0.01413	0.01620	0.01740	0.20556	0.12946	0.01125	0.07921	0.15846	0.26521	0.01667	0.01638	0.01193	0.00641	0.00556	0.00171	0.00613	0.00527	0.00495	0.00881
35	0.22793	0.01191	0.01351	0.01280	0.10491	0.01259	0.00917	0.24833	0.01691	0.19101	0.01408	0.01439	0.01002	0.00618	0.00493	0.00168	0.00515	0.00470	0.08159	0.00821
36	0.00744	0.00527	0.00697	0.00812	0.00859	0.00504	0.00574	0.00861	0.01088	0.01442	0.02917	0.56503	0.03426	0.11227	0.00990	0.00273	0.00390	0.15211	0.00500	0.00455
37	0.05789	0.01504	0.01606	0.01350	0.01695	0.20553	0.11580	0.10840	0.05528	0.14587	0.01712	0.02462	0.01463	0.00809	0.00599	0.00187	0.00704	0.15836	0.00457	0.00738

[dist]
# distance from previous block
# <min> <max>
0	1

[block]
# block no. 6 follows, 42 sequences, length 23
# corresponding to MSA columns:
# 282-304
name=unknown_G
#
# <colnr> <probs for GDERKNQSTAVLIFYWHMCP>
#	G	D	E	R	K	N	Q	S	T	A	V	L	I	F	Y	W	H	M	C	P
0	0.13039	0.10554	0.01528	0.01095	0.01435	0.09783	0.00897	0.30913	0.01770	0.04104	0.06504	0.01591	0.01254	0.05226	0.05217	0.00228	0.03179	0.00499	0.00436	0.00748
1	0.05256	0.01494	0.01658	0.01292	0.01706	0.17723	0.13332	0.12026	0.01566	0.09335	0.07936	0.01554	0.01278	0.00596	0.00532	0.00148	0.00658	0.00503	0.00409	0.20999
2	0.01697	0.51151	0.02453	0.01135	0.01545	0.21484	0.01014	0.07689	0.01368	0.01517	0.00849	0.00981	0.00742	0.00542	0.00475	0.00136	0.03883	0.00341	0.00279	0.00719
3	0.01206	0.01004	0.10215	0.00900	0.01212	0.00761	0.00800	0.01616	0.08161	0.15633	0.36526	0.03228	0.10922	0.00955	0.00612	0.00175	0.00398	0.00816	0.00560	0.04301
4	0.05707	0.11357	0.10785	0.01562	0.02057	0.08582	0.21857	0.23473	0.01668	0.02234	0.01118	0.01312	0.00854	0.00724	0.04057	0.00201	0.00801	0.00497	0.00361	0.00793
5	0.00858	0.00681	0.00785	0.00740	0.00921	0.00661	0.00560	0.01310	0.14032	0.02048	0.42248	0.04219	0.26472	0.01169	0.00649	0.00183	0.00302	0.01005	0.00582	0.00575
6	0.00988	0.00912	0.01479	0.63809	0.03280	0.01100	0.01351	0.01315	0.01141	0.01448	0.01721	0.07527	0.10178	0.00753	0.00586	0.00191	0.00664	0.00662	0.00303	0.00595
7	0.14730	0.01054	0.01105	0.00980	0.01258	0.01184	0.00765	0.10806	0.33838	0.02377	0.14397	0.02267	0.02055	0.05329	0.05214	0.00244	0.00502	0.00640	0.00514	0.00739
8	0.01299	0.02673	0.68057	0.01531	0.02314	0.01249	0.01927	0.01899	0.01240	0.10949	0.01157	0.01277	0.00796	0.00554	0.00538	0.00178	0.00789	0.00434	0.00293	0.00847
9	0.02104	0.00915	0.01159	0.00932	0.01295	0.00852	0.00756	0.03829	0.10114	0.52678	0.02138	0.01961	0.01432	0.00696	0.00533	0.00168	0.00436	0.00565	0.16570	0.00867
10	0.00781	0.00640	0.00667	0.00658	0.00824	0.00599	0.00474	0.01074	0.10251	0.01545	0.04497	0.08284	0.51309	0.14689	0.01028	0.00252	0.00351	0.01078	0.00498	0.00502
11	0.11131	0.01246	0.01082	0.00940	0.01231	0.17120	0.00736	0.05350	0.06692	0.20494	0.01618	0.01657	0.01182	0.00643	0.00475	0.00155	0.00523	0.00483	0.26529	0.00713
12	0.01140	0.00683	0.00871	0.00865	0.01018	0.00657	0.00629	0.04857	0.06578	0.15025	0.09399	0.50034	0.03180	0.01397	0.00669	0.00209	0.00370	0.01244	0.00567	0.00607
13	0.00724	0.00547	0.00628	0.00644	0.00777	0.00481	0.00464	0.00828	0.01221	0.01536	0.13875	0.17398	0.45739	0.01511	0.00861	0.10349	0.00314	0.01150	0.00501	0.00451
14	0.09183	0.01199	0.01289	0.01035	0.01382	0.01294	0.00841	0.42601	0.02077	0.07372	0.14106	0.01918	0.01747	0.00741	0.00540	0.00166	0.00491	0.00581	0.10636	0.00801
15	0.01556	0.01167	0.04662	0.01110	0.01447	0.06496	0.09770	0.13849	0.01593	0.16238	0.08669	0.05048	0.07015	0.00774	0.00557	0.00168	0.00529	0.00662	0.17968	0.00723
16	0.01025	0.00630	0.00753	0.00704	0.00905	0.00548	0.00534	0.01205	0.01392	0.14897	0.22111	0.13279	0.37352	0.01270	0.00654	0.00189	0.00319	0.01086	0.00577	0.00571
17	0.00756	0.00559	0.00706	0.00701	0.00824	0.00509	0.00513	0.00971	0.01449	0.01990	0.51856	0.18497	0.15973	0.01307	0.00674	0.00189	0.00280	0.01152	0.00586	0.00509
18	0.01182	0.15130	0.50543	0.01398	0.02051	0.01383	0.01671	0.01777	0.06471	0.01736	0.01303	0.01834	0.01093	0.00666	0.00539	0.00180	0.00729	0.09237	0.00296	0.00780
19	0.01593	0.40721	0.02312	0.01169	0.01580	0.11099	0.06179	0.15217	0.01485	0.01809	0.03780	0.01282	0.01006	0.00890	0.07431	0.00210	0.00749	0.00426	0.00329	0.00733
20	0.01575	0.25378	0.17941	0.01276	0.01729	0.23973	0.01237	0.07411	0.01419	0.01652	0.01172	0.01705	0.01051	0.00669	0.00508	0.00161	0.00762	0.09352	0.00314	0.00718
21	0.06403	0.12899	0.09733	0.01144	0.01506	0.24074	0.01001	0.12549	0.01558	0.01945	0.11307	0.05477	0.04827	0.00743	0.00524	0.00160	0.00663	0.00563	0.02236	0.00688
22	0.01315	0.01100	0.01440	0.01675	0.22562	0.01145	0.01031	0.15484	0.15868	0.02216	0.08868	0.11279	0.10001	0.00888	0.00598	0.00181	0.00493	0.00773	0.00475	0.02608

[dist]
# distance from previous block
# <min> <max>
3	24

[block]
# block no. 7 follows, 42 sequences, length 15
# corresponding to MSA columns:
# 330-344
name=unknown_H
#
# <colnr> <probs for GDERKNQSTAVLIFYWHMCP>
#	G	D	E	R	K	N	Q	S	T	A	V	L	I	F	Y	W	H	M	C	P
0	0.01250	0.01076	0.11395	0.00951	0.01249	0.00870	0.00844	0.03564	0.16158	0.11806	0.15289	0.12799	0.02374	0.00967	0.01938	0.00191	0.00445	0.00771	0.15365	0.00698
1	0.01094	0.00891	0.01294	0.01089	0.01363	0.00868	0.13792	0.01613	0.16954	0.07447	0.11589	0.13833	0.23666	0.01078	0.00645	0.00193	0.00455	0.00970	0.00515	0.00653
2	0.01267	0.00904	0.01095	0.00848	0.01256	0.00709	0.00663	0.01486	0.01212	0.12083	0.01542	0.15274	0.01424	0.00695	0.00491	0.00122	0.00409	0.00591	0.00417	0.57515
3	0.00965	0.00678	0.00944	0.00912	0.01042	0.00688	0.04854	0.05901	0.01216	0.04314	0.04925	0.41351	0.02638	0.01735	0.11564	0.00301	0.02482	0.01103	0.11839	0.00547
4	0.00707	0.00570	0.00605	0.00607	0.00764	0.00497	0.00444	0.00845	0.01244	0.01527	0.10701	0.05121	0.57498	0.12212	0.00971	0.00241	0.00329	0.04149	0.00505	0.00463
5	0.00676	0.00528	0.00614	0.00683	0.00790	0.00466	0.00478	0.00795	0.01174	0.01476	0.04324	0.44844	0.37944	0.01604	0.00693	0.00210	0.00307	0.01406	0.00522	0.00466
6	0.07181	0.20984	0.34580	0.01592	0.02236	0.01554	0.20843	0.01755	0.01198	0.01731	0.00973	0.01187	0.00745	0.00505	0.00514	0.00167	0.00779	0.00446	0.00259	0.00771
7	0.04119	0.01238	0.01377	0.01127	0.01457	0.01377	0.00912	0.26999	0.19794	0.02491	0.01746	0.01785	0.06329	0.00752	0.00721	0.00174	0.11574	0.00554	0.03303	0.12173
8	0.00697	0.00518	0.00650	0.00729	0.00808	0.00471	0.00504	0.00827	0.01190	0.01566	0.13689	0.54138	0.18939	0.01609	0.00700	0.00214	0.00310	0.01435	0.00536	0.00471
9	0.01391	0.07128	0.13300	0.08036	0.17479	0.02621	0.11231	0.16569	0.01536	0.02055	0.01731	0.01890	0.11211	0.00670	0.00570	0.00173	0.00676	0.00589	0.00360	0.00784
10	0.01477	0.01249	0.01762	0.06472	0.15276	0.11371	0.15103	0.01734	0.01330	0.15037	0.01773	0.21490	0.01665	0.00867	0.00614	0.00187	0.00653	0.00806	0.00416	0.00719
11	0.00976	0.00638	0.00811	0.00860	0.00998	0.00610	0.00653	0.01238	0.06751	0.09417	0.03279	0.39538	0.13201	0.01486	0.00697	0.00222	0.00388	0.17135	0.00543	0.00557
12	0.01006	0.00602	0.00777	0.00762	0.00913	0.00542	0.00560	0.01186	0.01365	0.13434	0.28564	0.31704	0.13726	0.01342	0.00669	0.00197	0.00323	0.01184	0.00583	0.00562
13	0.06560	0.01030	0.01464	0.10431	0.23079	0.01043	0.01086	0.07902	0.01438	0.17499	0.07242	0.05444	0.09048	0.00763	0.00567	0.00176	0.00524	0.00656	0.03282	0.00765
14	0.01912	0.01525	0.01443	0.01257	0.04302	0.17439	0.00959	0.21517	0.17110	0.15772	0.01603	0.01575	0.01165	0.00659	0.00537	0.00163	0.00613	0.00507	0.05575	0.04365

[dist]
# distance from previous block
# <min> <max>
2	8

[block]
# block no. 8 follows, 42 sequences, length 16
# corresponding to MSA columns:
# 358-373
name=unknown_I
#
# <colnr> <probs for GDERKNQSTAVLIFYWHMCP>
#	G	D	E	R	K	N	Q	S	T	A	V	L	I	F	Y	W	H	M	C	P
0	0.01636	0.23569	0.18628	0.01115	0.01609	0.01365	0.01124	0.02108	0.10194	0.23384	0.08443	0.01706	0.01457	0.00651	0.00512	0.00162	0.00568	0.00509	0.00445	0.00816
1	0.00919	0.01764	0.41010	0.01216	0.01669	0.00905	0.01342	0.01309	0.01136	0.01619	0.02000	0.38438	0.02138	0.01116	0.00622	0.00202	0.00592	0.00976	0.00372	0.00654
2	0.05231	0.00707	0.00877	0.00783	0.01015	0.00653	0.00604	0.01688	0.01366	0.28860	0.12966	0.17430	0.04400	0.00970	0.00562	0.00176	0.00361	0.00826	0.19855	0.00670
3	0.01205	0.09147	0.49155	0.01341	0.01990	0.01302	0.01589	0.10300	0.01373	0.01909	0.01805	0.01880	0.13249	0.00694	0.00544	0.00174	0.00696	0.00544	0.00324	0.00778
4	0.01427	0.14460	0.02024	0.32713	0.19981	0.10595	0.01404	0.07840	0.01349	0.01683	0.00992	0.01306	0.00793	0.00547	0.00522	0.00165	0.00727	0.00452	0.00286	0.00734
5	0.01164	0.00846	0.01033	0.00955	0.01166	0.00869	0.00781	0.19431	0.01763	0.02401	0.35106	0.04156	0.03589	0.01157	0.00674	0.00200	0.00431	0.23070	0.00574	0.00633
6	0.00758	0.00541	0.00736	0.00866	0.00930	0.00519	0.00648	0.00908	0.01148	0.01517	0.03062	0.55920	0.03565	0.01695	0.00738	0.00238	0.00389	0.24824	0.00521	0.00477
7	0.01556	0.01057	0.01765	0.01578	0.10608	0.01024	0.18063	0.01966	0.07643	0.24166	0.09303	0.02059	0.01638	0.01255	0.13378	0.00299	0.00756	0.00639	0.00467	0.00779
8	0.19899	0.01338	0.10322	0.13913	0.01879	0.01258	0.01069	0.21428	0.01538	0.09948	0.01369	0.07440	0.01123	0.04341	0.00630	0.00197	0.00585	0.00554	0.00425	0.00744
9	0.00693	0.00539	0.00630	0.00675	0.00794	0.00476	0.00480	0.00836	0.01248	0.01596	0.15154	0.34612	0.37223	0.01518	0.00686	0.00203	0.00299	0.01325	0.00537	0.00476
10	0.20226	0.00790	0.00766	0.00733	0.00963	0.00813	0.00562	0.01381	0.13495	0.01939	0.08961	0.10018	0.35131	0.01114	0.00581	0.00189	0.00349	0.00914	0.00497	0.00578
11	0.01220	0.01166	0.02017	0.02008	0.19315	0.01164	0.23825	0.01778	0.13582	0.01860	0.01975	0.02962	0.05027	0.00840	0.00652	0.00202	0.00663	0.18606	0.00400	0.00739
12	0.00726	0.00569	0.00668	0.00729	0.00868	0.00511	0.00561	0.00885	0.01237	0.01539	0.04458	0.23117	0.42357	0.01535	0.00704	0.00215	0.00349	0.17970	0.00522	0.00481
13	0.01226	0.00768	0.00871	0.00773	0.01001	0.00744	0.00600	0.13392	0.01561	0.11065	0.15223	0.09786	0.23040	0.01052	0.00589	0.00175	0.00359	0.00883	0.16264	0.00629
14	0.01234	0.35277	0.36922	0.01237	0.01826	0.01593	0.01425	0.01623	0.01156	0.01548	0.01163	0.10422	0.01075	0.00658	0.00484	0.00160	0.00675	0.00508	0.00273	0.00741
15	0.01817	0.10900	0.01560	0.01147	0.01477	0.20331	0.00930	0.17258	0.01605	0.16164	0.01365	0.01521	0.01059	0.01457	0.18535	0.00329	0.00895	0.00480	0.00421	0.00748

[dist]
# distance from previous block
# <min> <max>
0	4

[block]
