[name]
unknown

[dist]
# distance from previous block
# <min> <max>
0	1049

[block]
# block no. 0 follows, 46 sequences, length 98
# corresponding to MSA columns:
# 1049-1146
name=unknown_A
#
# <colnr> <probs for GDERKNQSTAVLIFYWHMCP>
#	G	D	E	R	K	N	Q	S	T	A	V	L	I	F	Y	W	H	M	C	P
0	0.04227	0.00610	0.00784	0.00873	0.01015	0.00599	0.00749	0.01045	0.01202	0.01583	0.03236	0.05578	0.18192	0.01396	0.00692	0.00227	0.00439	0.56589	0.00481	0.00482
1	0.01371	0.76062	0.04968	0.00908	0.01359	0.01999	0.00916	0.01552	0.01081	0.01264	0.00929	0.01028	0.03813	0.00490	0.00356	0.00117	0.00560	0.00320	0.00237	0.00672
2	0.00830	0.00606	0.00793	0.00768	0.00830	0.00678	0.00547	0.03942	0.00879	0.01225	0.01488	0.02613	0.01541	0.37856	0.38876	0.00645	0.04500	0.00647	0.00307	0.00427
3	0.01228	0.01526	0.09487	0.02133	0.02667	0.01339	0.66841	0.01675	0.01219	0.01675	0.01044	0.01389	0.00786	0.00470	0.00659	0.00179	0.04111	0.00597	0.00262	0.00713
4	0.01844	0.02302	0.01518	0.01366	0.01595	0.66872	0.01043	0.01977	0.01388	0.01290	0.00797	0.00986	0.00683	0.00606	0.00678	0.00151	0.13671	0.00360	0.00266	0.00607
5	0.00998	0.00940	0.01586	0.80150	0.03641	0.01175	0.01468	0.01351	0.01057	0.01351	0.00940	0.01409	0.00705	0.00529	0.00529	0.00176	0.00705	0.00470	0.00235	0.00587
6	0.11684	0.00603	0.00716	0.00669	0.00820	0.00588	0.00508	0.01070	0.01419	0.02153	0.67854	0.03549	0.04416	0.01004	0.00585	0.00166	0.00270	0.00869	0.00549	0.00508
7	0.82982	0.01019	0.00789	0.00702	0.01031	0.01175	0.00578	0.01581	0.00916	0.04370	0.00772	0.00883	0.00592	0.00495	0.00333	0.00164	0.00410	0.00293	0.00336	0.00581
8	0.01157	0.01157	0.01619	0.01388	0.01388	0.01619	0.01157	0.01272	0.00810	0.01272	0.00694	0.01157	0.00694	0.00925	0.01735	0.00231	0.80453	0.00463	0.00231	0.00578
9	0.01308	0.01256	0.02146	0.03245	0.78123	0.01256	0.01622	0.01622	0.01204	0.01727	0.00994	0.01308	0.00837	0.00471	0.00523	0.00157	0.00628	0.00471	0.00262	0.00837
10	0.01229	0.01049	0.01121	0.01032	0.01297	0.01202	0.00793	0.02544	0.67445	0.02101	0.02249	0.12072	0.01854	0.00837	0.00555	0.00184	0.00404	0.00713	0.00532	0.00785
11	0.85155	0.01022	0.00777	0.00695	0.01022	0.01186	0.00573	0.01554	0.00900	0.02372	0.00736	0.00859	0.00573	0.00491	0.00327	0.00164	0.00409	0.00286	0.00327	0.00573
12	0.06684	0.01455	0.01541	0.01187	0.01605	0.01614	0.00981	0.72155	0.02396	0.03278	0.01239	0.01246	0.00881	0.00627	0.00518	0.00159	0.00572	0.00465	0.00518	0.00881
13	0.85155	0.01022	0.00777	0.00695	0.01022	0.01186	0.00573	0.01554	0.00900	0.02372	0.00736	0.00859	0.00573	0.00491	0.00327	0.00164	0.00409	0.00286	0.00327	0.00573
14	0.14070	0.00816	0.01029	0.00916	0.01212	0.00778	0.00773	0.01906	0.01319	0.40269	0.02136	0.03121	0.01808	0.00913	0.00571	0.00192	0.00457	0.26461	0.00547	0.00707
15	0.01038	0.00877	0.01034	0.00777	0.01190	0.00669	0.00609	0.01254	0.01085	0.01674	0.01195	0.11458	0.01135	0.00555	0.00428	0.00096	0.00381	0.00467	0.00336	0.73741
16	0.01814	0.00807	0.01159	0.00965	0.01274	0.00716	0.04588	0.02009	0.01366	0.51471	0.02272	0.19448	0.01901	0.00928	0.00584	0.00182	0.00444	0.06733	0.00585	0.00754
17	0.01643	0.01299	0.01380	0.01142	0.01500	0.01468	0.00916	0.37546	0.41897	0.02741	0.01735	0.01640	0.01276	0.00678	0.00534	0.00170	0.00496	0.00540	0.00534	0.00866
18	0.01651	0.00971	0.01367	0.26115	0.04661	0.01031	0.01024	0.14978	0.01425	0.28237	0.01392	0.01541	0.00979	0.00756	0.00726	0.10950	0.00561	0.00491	0.00432	0.00713
19	0.01239	0.01841	0.29433	0.01857	0.02441	0.01283	0.41788	0.01712	0.01192	0.05907	0.01062	0.01323	0.00778	0.00504	0.00638	0.00177	0.05287	0.00528	0.00271	0.00740
20	0.01323	0.61494	0.22223	0.01059	0.01595	0.01870	0.01173	0.01606	0.01085	0.01354	0.00790	0.00917	0.00676	0.00465	0.00381	0.00127	0.00621	0.00310	0.00225	0.00705
21	0.00714	0.00525	0.00609	0.00614	0.00747	0.00462	0.00447	0.00831	0.01190	0.03042	0.18559	0.16083	0.43719	0.01370	0.00764	0.08031	0.00292	0.01071	0.00488	0.00443
22	0.02145	0.01825	0.01382	0.01181	0.01512	0.45641	0.00917	0.02310	0.01505	0.34383	0.01361	0.01316	0.00950	0.00592	0.00500	0.00148	0.00738	0.00422	0.00436	0.00736
23	0.01245	0.00957	0.01544	0.01239	0.01536	0.03268	0.23240	0.05621	0.01294	0.15200	0.02375	0.26445	0.11712	0.00984	0.00613	0.00185	0.00537	0.00925	0.00448	0.00631
24	0.01112	0.10372	0.58129	0.01427	0.02044	0.01380	0.01714	0.01597	0.01060	0.01564	0.00884	0.01096	0.00675	0.00568	0.00693	0.00173	0.14158	0.00392	0.00225	0.00737
25	0.01122	0.01144	0.01662	0.66949	0.03367	0.09944	0.05606	0.01455	0.01117	0.01364	0.00933	0.01359	0.00708	0.00526	0.00528	0.00172	0.00743	0.00464	0.00241	0.00597
26	0.01104	0.01047	0.01777	0.53942	0.29024	0.01202	0.01521	0.01443	0.01107	0.01479	0.00958	0.01375	0.00750	0.00509	0.00527	0.00170	0.00679	0.00470	0.00244	0.00673
27	0.01123	0.16682	0.65280	0.01400	0.02124	0.01380	0.01768	0.01658	0.01109	0.01598	0.00911	0.01069	0.00671	0.00493	0.00473	0.00158	0.00743	0.00372	0.00224	0.00763
28	0.01005	0.00947	0.01598	0.78440	0.05297	0.01176	0.01472	0.01357	0.01060	0.01359	0.00941	0.01407	0.00708	0.00527	0.00528	0.00176	0.00703	0.00470	0.00236	0.00593
29	0.00644	0.00460	0.00613	0.00736	0.00767	0.00429	0.00491	0.00736	0.01012	0.01350	0.02914	0.81076	0.03497	0.01656	0.00675	0.00215	0.00307	0.01503	0.00491	0.00429
30	0.01117	0.01060	0.01799	0.50803	0.32064	0.01206	0.01527	0.01454	0.01113	0.01494	0.00961	0.01371	0.00755	0.00507	0.00527	0.00169	0.00675	0.00470	0.00245	0.00683
31	0.01123	0.01148	0.02191	0.43558	0.12304	0.01241	0.27698	0.01504	0.01142	0.01516	0.00992	0.01403	0.00755	0.00493	0.00561	0.00175	0.00761	0.00524	0.00250	0.00661
32	0.00644	0.00460	0.00613	0.00736	0.00767	0.00429	0.00491	0.00736	0.01012	0.01350	0.02914	0.81076	0.03497	0.01656	0.00675	0.00215	0.00307	0.01503	0.00491	0.00429
33	0.02372	0.00900	0.01227	0.00941	0.01350	0.00777	0.00777	0.02576	0.01513	0.78489	0.02086	0.01799	0.01309	0.00654	0.00532	0.00164	0.00450	0.00532	0.00654	0.00900
34	0.00644	0.00460	0.00613	0.00736	0.00767	0.00429	0.00491	0.00736	0.01012	0.01350	0.02914	0.81076	0.03497	0.01656	0.00675	0.00215	0.00307	0.01503	0.00491	0.00429
35	0.01060	0.02735	0.78682	0.01507	0.02288	0.01228	0.01953	0.01674	0.01116	0.01674	0.00949	0.01116	0.00670	0.00502	0.00502	0.00167	0.00781	0.00391	0.00223	0.00781
36	0.01605	0.01650	0.01335	0.01188	0.01488	0.28694	0.00916	0.08821	0.44275	0.01985	0.01609	0.01555	0.01226	0.00650	0.00516	0.00162	0.00620	0.00497	0.00444	0.00764
37	0.00672	0.00530	0.00560	0.00556	0.00684	0.00468	0.00388	0.00780	0.01113	0.01376	0.10034	0.04570	0.52206	0.22417	0.01169	0.00266	0.00331	0.01012	0.00453	0.00417
38	0.01413	0.81739	0.02770	0.00905	0.01357	0.02092	0.00905	0.01583	0.01074	0.01244	0.00735	0.00848	0.00678	0.00452	0.00339	0.00113	0.00565	0.00283	0.00226	0.00678
39	0.00637	0.00489	0.00584	0.00660	0.00747	0.00436	0.00457	0.00745	0.01086	0.01380	0.03846	0.52078	0.31893	0.01535	0.00656	0.00201	0.00292	0.01355	0.00491	0.00436
40	0.11080	0.01596	0.01334	0.01149	0.01476	0.22961	0.00902	0.21633	0.28228	0.02267	0.01394	0.01382	0.01053	0.00623	0.00495	0.00160	0.00608	0.00460	0.00438	0.00761
41	0.01308	0.01256	0.02146	0.03245	0.78123	0.01256	0.01622	0.01622	0.01204	0.01727	0.00994	0.01308	0.00837	0.00471	0.00523	0.00157	0.00628	0.00471	0.00262	0.00837
42	0.01413	0.81739	0.02770	0.00905	0.01357	0.02092	0.00905	0.01583	0.01074	0.01244	0.00735	0.00848	0.00678	0.00452	0.00339	0.00113	0.00565	0.00283	0.00226	0.00678
43	0.01096	0.00940	0.01096	0.00783	0.01253	0.00705	0.00626	0.01331	0.01096	0.01723	0.00940	0.01096	0.00783	0.00392	0.00392	0.00078	0.00392	0.00313	0.00313	0.84653
44	0.00755	0.00566	0.00850	0.00850	0.00944	0.00661	0.00661	0.00944	0.00850	0.01227	0.01416	0.02077	0.01322	0.03965	0.79326	0.00850	0.01416	0.00566	0.00283	0.00472
45	0.00701	0.00518	0.00590	0.00606	0.00681	0.00491	0.00400	0.00776	0.00961	0.01226	0.03103	0.14168	0.28730	0.36206	0.08219	0.00385	0.00476	0.00970	0.00400	0.00392
46	0.00935	0.00744	0.01108	0.01056	0.01212	0.00753	0.09181	0.08296	0.01245	0.01658	0.02429	0.35282	0.02685	0.01327	0.00712	0.00216	0.03317	0.26854	0.00459	0.00532
47	0.01258	0.01204	0.02054	0.15803	0.65960	0.01243	0.01597	0.01578	0.01180	0.01666	0.00985	0.01325	0.00816	0.00480	0.00524	0.00160	0.00641	0.00471	0.00257	0.00797
48	0.01975	0.02520	0.01498	0.01362	0.01634	0.79299	0.01021	0.02111	0.01498	0.01294	0.00817	0.00953	0.00681	0.00545	0.00477	0.00136	0.00953	0.00340	0.00272	0.00613
49	0.01444	0.01635	0.01577	0.01379	0.01474	0.28864	0.01109	0.01566	0.01051	0.01280	0.00737	0.01085	0.00689	0.00792	0.01294	0.00198	0.52571	0.00420	0.00246	0.00590
50	0.00755	0.00522	0.00684	0.00714	0.00811	0.00482	0.00519	0.00932	0.01267	0.04096	0.36781	0.35806	0.07844	0.01339	0.00648	0.00191	0.00293	0.05301	0.00537	0.00479
51	0.85155	0.01022	0.00777	0.00695	0.01022	0.01186	0.00573	0.01554	0.00900	0.02372	0.00736	0.00859	0.00573	0.00491	0.00327	0.00164	0.00409	0.00286	0.00327	0.00573
52	0.01098	0.01093	0.02066	0.01699	0.04658	0.01121	0.35937	0.01418	0.01170	0.01593	0.01617	0.02973	0.01573	0.00874	0.00823	0.00208	0.12594	0.26528	0.00339	0.00618
53	0.00737	0.00523	0.00651	0.00657	0.00714	0.00523	0.00440	0.00836	0.00971	0.01320	0.15156	0.12119	0.08601	0.37765	0.16269	0.00456	0.00593	0.00873	0.00391	0.00402
54	0.01060	0.02735	0.78682	0.01507	0.02288	0.01228	0.01953	0.01674	0.01116	0.01674	0.00949	0.01116	0.00670	0.00502	0.00502	0.00167	0.00781	0.00391	0.00223	0.00781
55	0.00985	0.00493	0.00493	0.00493	0.00616	0.00493	0.00370	0.01232	0.01109	0.01971	0.01725	0.01971	0.01355	0.00616	0.00370	0.00123	0.00246	0.00493	0.84356	0.00493
56	0.01123	0.01069	0.01801	0.47606	0.31972	0.01224	0.01514	0.01451	0.01103	0.01491	0.00951	0.01361	0.00755	0.00523	0.00576	0.00171	0.03912	0.00470	0.00245	0.00682
57	0.00644	0.00460	0.00613	0.00736	0.00767	0.00429	0.00491	0.00736	0.01012	0.01350	0.02914	0.81076	0.03497	0.01656	0.00675	0.00215	0.00307	0.01503	0.00491	0.00429
58	0.00985	0.00493	0.00493	0.00493	0.00616	0.00493	0.00370	0.01232	0.01109	0.01971	0.01725	0.01971	0.01355	0.00616	0.00370	0.00123	0.00246	0.00493	0.84356	0.00493
59	0.00760	0.00547	0.00696	0.00777	0.00841	0.00532	0.00534	0.07170	0.01137	0.01518	0.02774	0.74287	0.03276	0.01569	0.00662	0.00210	0.00330	0.01416	0.00494	0.00469
60	0.01315	0.01136	0.01195	0.01076	0.01375	0.01315	0.00837	0.02809	0.77168	0.02211	0.02152	0.01972	0.01614	0.00717	0.00538	0.00179	0.00418	0.00598	0.00538	0.00837
61	0.00652	0.00490	0.00605	0.00674	0.00756	0.00443	0.00468	0.00775	0.01125	0.01469	0.13115	0.51084	0.23426	0.01499	0.00655	0.00199	0.00289	0.01330	0.00502	0.00443
62	0.01157	0.01157	0.01619	0.01388	0.01388	0.01619	0.01157	0.01272	0.00810	0.01272	0.00694	0.01157	0.00694	0.00925	0.01735	0.00231	0.80453	0.00463	0.00231	0.00578
63	0.01666	0.01530	0.01265	0.01116	0.01403	0.28502	0.00860	0.07026	0.25252	0.12831	0.08681	0.04546	0.01578	0.00710	0.00528	0.00161	0.00601	0.00556	0.00463	0.00725
64	0.01860	0.02185	0.01452	0.01299	0.01589	0.58781	0.00987	0.08594	0.15038	0.01632	0.01093	0.01162	0.00866	0.00583	0.00492	0.00146	0.00826	0.00398	0.00342	0.00677
65	0.01100	0.11594	0.70170	0.01439	0.02184	0.01325	0.01836	0.01664	0.01111	0.01626	0.00925	0.01086	0.00671	0.00497	0.00484	0.00161	0.00757	0.00379	0.00224	0.00770
66	0.32137	0.01218	0.01234	0.00982	0.01368	0.01331	0.00810	0.36972	0.01749	0.15552	0.01213	0.01209	0.00849	0.00586	0.00456	0.00161	0.00497	0.00417	0.00477	0.00781
67	0.02010	0.01481	0.01587	0.01216	0.01639	0.01639	0.01005	0.76360	0.02486	0.03332	0.01269	0.01269	0.00899	0.00635	0.00529	0.00159	0.00582	0.00476	0.00529	0.00899
68	0.00755	0.00566	0.00850	0.00850	0.00944	0.00661	0.00661	0.00944	0.00850	0.01227	0.01416	0.02077	0.01322	0.03965	0.79326	0.00850	0.01416	0.00566	0.00283	0.00472
69	0.00644	0.00460	0.00613	0.00736	0.00767	0.00429	0.00491	0.00736	0.01012	0.01350	0.02914	0.81076	0.03497	0.01656	0.00675	0.00215	0.00307	0.01503	0.00491	0.00429
70	0.01659	0.01068	0.01156	0.00932	0.01244	0.01146	0.00755	0.40532	0.04573	0.09801	0.01536	0.01590	0.01122	0.00633	0.00474	0.00147	0.00446	0.00491	0.29941	0.00754
71	0.01157	0.01157	0.01619	0.01388	0.01388	0.01619	0.01157	0.01272	0.00810	0.01272	0.00694	0.01157	0.00694	0.00925	0.01735	0.00231	0.80453	0.00463	0.00231	0.00578
72	0.01315	0.01136	0.01195	0.01076	0.01375	0.01315	0.00837	0.02809	0.77168	0.02211	0.02152	0.01972	0.01614	0.00717	0.00538	0.00179	0.00418	0.00598	0.00538	0.00837
73	0.01248	0.01426	0.03119	0.02228	0.02763	0.01337	0.76203	0.01693	0.01248	0.01693	0.01070	0.01426	0.00802	0.00446	0.00624	0.00178	0.00891	0.00624	0.00267	0.00713
74	0.81472	0.01017	0.00797	0.00706	0.01037	0.01168	0.00582	0.01599	0.00927	0.05758	0.00796	0.00901	0.00605	0.00498	0.00336	0.00164	0.00411	0.00297	0.00342	0.00587
75	0.01147	0.01091	0.01854	0.43358	0.39274	0.01214	0.01542	0.01481	0.01127	0.01531	0.00966	0.01361	0.00768	0.00501	0.00526	0.00167	0.00668	0.00470	0.00248	0.00707
76	0.01295	0.01242	0.02121	0.06666	0.74810	0.01252	0.01616	0.01610	0.01197	0.01710	0.00992	0.01313	0.00831	0.00474	0.00524	0.00158	0.00631	0.00471	0.00260	0.00826
77	0.01157	0.01157	0.01619	0.01388	0.01388	0.01619	0.01157	0.01272	0.00810	0.01272	0.00694	0.01157	0.00694	0.00925	0.01735	0.00231	0.80453	0.00463	0.00231	0.00578
78	0.01248	0.01426	0.03119	0.02228	0.02763	0.01337	0.76203	0.01693	0.01248	0.01693	0.01070	0.01426	0.00802	0.00446	0.00624	0.00178	0.00891	0.00624	0.00267	0.00713
79	0.01055	0.00856	0.00990	0.00986	0.01197	0.00935	0.00807	0.01891	0.37756	0.01872	0.02704	0.03969	0.08684	0.01093	0.00629	0.00207	0.00435	0.32770	0.00512	0.00652
80	0.01975	0.02520	0.01498	0.01362	0.01634	0.79299	0.01021	0.02111	0.01498	0.01294	0.00817	0.00953	0.00681	0.00545	0.00477	0.00136	0.00953	0.00340	0.00272	0.00613
81	0.00644	0.00460	0.00613	0.00736	0.00767	0.00429	0.00491	0.00736	0.01012	0.01350	0.02914	0.81076	0.03497	0.01656	0.00675	0.00215	0.00307	0.01503	0.00491	0.00429
82	0.11002	0.01018	0.01223	0.00954	0.01347	0.00986	0.00786	0.17772	0.01637	0.51314	0.01918	0.01735	0.04553	0.00663	0.00514	0.00163	0.00465	0.00520	0.00586	0.00845
83	0.01054	0.01062	0.02028	0.42547	0.02984	0.01165	0.27575	0.01418	0.01097	0.01455	0.01047	0.01502	0.00819	0.00945	0.10771	0.00264	0.00862	0.00536	0.00253	0.00616
84	0.00998	0.00940	0.01586	0.80150	0.03641	0.01175	0.01468	0.01351	0.01057	0.01351	0.00940	0.01409	0.00705	0.00529	0.00529	0.00176	0.00705	0.00470	0.00235	0.00587
85	0.01446	0.00722	0.01019	0.01057	0.08207	0.00655	0.00719	0.01607	0.01245	0.34450	0.02380	0.39680	0.02312	0.01117	0.00599	0.00187	0.00398	0.00991	0.00540	0.00669
86	0.01613	0.00965	0.08242	0.00945	0.01257	0.00770	0.00805	0.08124	0.01383	0.37900	0.02201	0.29495	0.01982	0.00990	0.00579	0.00181	0.00442	0.00854	0.00546	0.00724
87	0.01308	0.01256	0.02146	0.03245	0.78123	0.01256	0.01622	0.01622	0.01204	0.01727	0.00994	0.01308	0.00837	0.00471	0.00523	0.00157	0.00628	0.00471	0.00262	0.00837
88	0.01060	0.02735	0.78682	0.01507	0.02288	0.01228	0.01953	0.01674	0.01116	0.01674	0.00949	0.01116	0.00670	0.00502	0.00502	0.00167	0.00781	0.00391	0.00223	0.00781
89	0.01293	0.07975	0.04588	0.04717	0.55965	0.01335	0.13209	0.01625	0.01194	0.01671	0.00982	0.01286	0.00811	0.00468	0.00523	0.00157	0.00670	0.00477	0.00258	0.00797
90	0.01836	0.01624	0.01474	0.13202	0.08148	0.32929	0.01058	0.07435	0.01468	0.21270	0.01273	0.03765	0.00961	0.00605	0.00512	0.00155	0.00713	0.00465	0.00389	0.00716
91	0.04997	0.21987	0.35942	0.01221	0.01746	0.12910	0.01335	0.01666	0.03492	0.01531	0.01071	0.07843	0.00939	0.00600	0.00466	0.00154	0.00685	0.00453	0.00268	0.00693
92	0.04895	0.01044	0.01266	0.01293	0.11231	0.07605	0.03211	0.08631	0.03408	0.20458	0.02107	0.10473	0.06741	0.00902	0.00577	0.00182	0.00520	0.14290	0.00473	0.00693
93	0.06256	0.00869	0.00952	0.00859	0.01072	0.03275	0.00656	0.05007	0.19547	0.10767	0.14127	0.02768	0.02156	0.17725	0.02874	0.00260	0.00466	0.06896	0.00475	0.02992
94	0.04202	0.00997	0.01044	0.00927	0.01161	0.05884	0.00730	0.13681	0.18825	0.03508	0.27857	0.02840	0.07879	0.00898	0.00606	0.00173	0.02769	0.04849	0.00514	0.00655
95	0.04557	0.01291	0.01252	0.01158	0.04752	0.20300	0.03064	0.07843	0.05723	0.16879	0.11866	0.04811	0.03550	0.00811	0.00556	0.00170	0.00572	0.09702	0.00464	0.00676
96	0.01163	0.01007	0.01461	0.07941	0.28801	0.00914	0.01035	0.01422	0.01149	0.04396	0.01335	0.05004	0.05258	0.00549	0.00480	0.00129	0.00492	0.00488	0.00319	0.36657
97	0.01115	0.00768	0.00977	0.00894	0.01114	0.00739	0.02999	0.10268	0.04732	0.09810	0.07748	0.24484	0.10447	0.01136	0.00611	0.00186	0.00407	0.13325	0.00498	0.07743

[dist]
# distance from previous block
# <min> <max>
3	28

[block]
# block no. 1 follows, 46 sequences, length 22
# corresponding to MSA columns:
# 1175-1196
name=unknown_B
#
# <colnr> <probs for GDERKNQSTAVLIFYWHMCP>
#	G	D	E	R	K	N	Q	S	T	A	V	L	I	F	Y	W	H	M	C	P
0	0.12146	0.01154	0.01356	0.01086	0.01445	0.07738	0.09892	0.11733	0.04669	0.11869	0.06793	0.01962	0.04086	0.00669	0.00512	0.00155	0.00530	0.06232	0.00427	0.15548
1	0.01307	0.01498	0.24817	0.19675	0.07475	0.01059	0.03810	0.04320	0.01214	0.15080	0.01333	0.01574	0.03193	0.04822	0.00631	0.00180	0.00635	0.00486	0.00336	0.06555
2	0.01217	0.01101	0.01630	0.13886	0.20454	0.01128	0.06920	0.07005	0.10207	0.01843	0.06021	0.01522	0.01156	0.00560	0.00566	0.00151	0.04175	0.00493	0.00340	0.19625
3	0.09751	0.01050	0.01371	0.11696	0.16662	0.01059	0.00984	0.05723	0.12234	0.07704	0.03953	0.01446	0.01079	0.00540	0.00476	0.00144	0.00494	0.00451	0.00374	0.22809
4	0.01296	0.09652	0.03698	0.14983	0.30398	0.01304	0.07145	0.09806	0.03065	0.01770	0.01043	0.01363	0.00857	0.03801	0.00591	0.00166	0.00624	0.00464	0.00296	0.07676
5	0.03321	0.00899	0.01065	0.10977	0.01465	0.00949	0.00788	0.08644	0.20839	0.13725	0.04207	0.02873	0.23154	0.00885	0.00564	0.00176	0.00432	0.03858	0.00497	0.00682
6	0.00811	0.00632	0.00775	0.00694	0.00903	0.00541	0.00534	0.01030	0.01316	0.01847	0.40228	0.07650	0.15161	0.01013	0.00579	0.00155	0.00303	0.05234	0.00495	0.20099
7	0.01190	0.01130	0.01890	0.32645	0.46290	0.01227	0.01530	0.01569	0.04384	0.01603	0.01023	0.01375	0.00820	0.00504	0.00526	0.00165	0.00649	0.00476	0.00263	0.00741
8	0.00625	0.00536	0.00536	0.00536	0.00714	0.00446	0.00402	0.00759	0.01205	0.01428	0.05355	0.05088	0.77909	0.01339	0.00625	0.00179	0.00268	0.01116	0.00491	0.00446
9	0.85155	0.01022	0.00777	0.00695	0.01022	0.01186	0.00573	0.01554	0.00900	0.02372	0.00736	0.00859	0.00573	0.00491	0.00327	0.00164	0.00409	0.00286	0.00327	0.00573
10	0.01097	0.01066	0.01868	0.41927	0.25864	0.01168	0.10497	0.01433	0.01135	0.01511	0.01278	0.01636	0.06105	0.00557	0.00545	0.00171	0.00674	0.00534	0.00265	0.00668
11	0.01096	0.00940	0.01096	0.00783	0.01253	0.00705	0.00626	0.01331	0.01096	0.01723	0.00940	0.01096	0.00783	0.00392	0.00392	0.00078	0.00392	0.00313	0.00313	0.84653
12	0.50244	0.01048	0.01220	0.19064	0.16296	0.01197	0.00974	0.01521	0.00993	0.02019	0.00831	0.01068	0.00653	0.00495	0.00410	0.00165	0.00517	0.00363	0.00294	0.00626
13	0.00755	0.00566	0.00850	0.00850	0.00944	0.00661	0.00661	0.00944	0.00850	0.01227	0.01416	0.02077	0.01322	0.03965	0.79326	0.00850	0.01416	0.00566	0.00283	0.00472
14	0.01179	0.25455	0.02118	0.41459	0.11915	0.01473	0.06494	0.01478	0.01093	0.01388	0.00893	0.01229	0.00720	0.00493	0.00477	0.00155	0.00666	0.00424	0.00238	0.00654
15	0.00720	0.00539	0.00668	0.00635	0.00772	0.00487	0.00477	0.00943	0.01430	0.01962	0.61263	0.04209	0.21669	0.01140	0.00624	0.00169	0.00254	0.00993	0.00561	0.00487
16	0.01505	0.01230	0.01303	0.01114	0.01447	0.01404	0.00883	0.22977	0.56690	0.02519	0.01910	0.01780	0.01418	0.00695	0.00535	0.00174	0.00463	0.00564	0.00535	0.00854
17	0.01270	0.01217	0.02077	0.12727	0.68940	0.01246	0.01603	0.01589	0.01186	0.01681	0.00988	0.01321	0.00821	0.00478	0.00524	0.00159	0.00637	0.00471	0.00258	0.00807
18	0.00826	0.00655	0.00894	0.00899	0.00975	0.00722	0.00711	0.01008	0.01172	0.01627	0.25130	0.23507	0.03299	0.01293	0.00875	0.00210	0.15599	0.19635	0.00468	0.00493
19	0.01057	0.00983	0.01661	0.55958	0.14576	0.01168	0.03877	0.01353	0.01046	0.01385	0.00937	0.01394	0.00742	0.00630	0.00706	0.06026	0.05184	0.00474	0.00239	0.00604
20	0.01540	0.48200	0.11584	0.01116	0.01554	0.25344	0.01067	0.01754	0.01208	0.01311	0.00786	0.00912	0.00678	0.00486	0.00401	0.00127	0.00709	0.00313	0.00240	0.00671
21	0.11405	0.01312	0.11303	0.01639	0.24639	0.01061	0.01117	0.06688	0.01204	0.01908	0.00956	0.01146	0.00768	0.00459	0.00447	0.00129	0.00528	0.00379	0.00303	0.32611

[dist]
# distance from previous block
# <min> <max>
0	1

[block]
# block no. 2 follows, 46 sequences, length 16
# corresponding to MSA columns:
# 1198-1213
name=unknown_C
#
# <colnr> <probs for GDERKNQSTAVLIFYWHMCP>
#	G	D	E	R	K	N	Q	S	T	A	V	L	I	F	Y	W	H	M	C	P
0	0.01361	0.01258	0.01435	0.07441	0.15697	0.07174	0.01048	0.04711	0.49458	0.02023	0.01720	0.01709	0.01310	0.00642	0.00530	0.00171	0.00524	0.00542	0.00444	0.00803
1	0.14729	0.06839	0.01555	0.10777	0.15666	0.29708	0.02809	0.01679	0.01222	0.01561	0.01037	0.08130	0.00946	0.00611	0.00480	0.00155	0.00695	0.00476	0.00291	0.00635
2	0.01266	0.01357	0.02679	0.02106	0.09170	0.01326	0.55722	0.01893	0.15233	0.01792	0.01262	0.01516	0.00955	0.00498	0.00599	0.00177	0.00781	0.00606	0.00317	0.00747
3	0.01118	0.01114	0.01140	0.02696	0.13691	0.18279	0.00823	0.01273	0.01103	0.01360	0.01614	0.19528	0.02985	0.12145	0.13426	0.00319	0.00720	0.00730	0.00333	0.05603
4	0.35520	0.00844	0.00854	0.00725	0.01027	0.00869	0.00588	0.01814	0.01160	0.27821	0.01446	0.01463	0.01023	0.00578	0.00407	0.00153	0.00380	0.00422	0.22245	0.00662
5	0.00657	0.00500	0.00605	0.00656	0.00753	0.00448	0.00462	0.00792	0.01166	0.01518	0.17537	0.41453	0.28656	0.01444	0.00649	0.00194	0.00283	0.01273	0.00508	0.00448
6	0.00706	0.00533	0.00766	0.08229	0.01083	0.00559	0.00627	0.00848	0.00974	0.01318	0.02340	0.53086	0.02670	0.02149	0.21073	0.00376	0.00632	0.01163	0.00413	0.00455
7	0.00955	0.00536	0.00600	0.00579	0.00647	0.00526	0.00370	0.01044	0.00927	0.07141	0.01715	0.02886	0.01705	0.50974	0.01828	0.00369	0.00428	0.00668	0.25687	0.00416
8	0.01125	0.02351	0.58819	0.01958	0.21969	0.01235	0.01867	0.01661	0.01139	0.01688	0.00961	0.01166	0.00713	0.00494	0.00508	0.00165	0.00742	0.00412	0.00233	0.00796
9	0.00684	0.00508	0.00592	0.00622	0.00704	0.00465	0.00419	0.00786	0.01074	0.01391	0.13216	0.26785	0.26789	0.22182	0.01175	0.00274	0.00340	0.01118	0.00459	0.00416
10	0.01292	0.08700	0.24588	0.01208	0.01603	0.01346	0.01208	0.20800	0.01361	0.01899	0.01086	0.01435	0.00909	0.07120	0.10687	0.00281	0.12993	0.00465	0.00319	0.00698
11	0.00765	0.00529	0.00662	0.00662	0.00692	0.00559	0.00427	0.00824	0.00794	0.01088	0.01588	0.03027	0.01734	0.57184	0.26671	0.00618	0.00795	0.00705	0.00309	0.00368
12	0.01153	0.01067	0.01572	0.01292	0.08761	0.00897	0.14654	0.01483	0.04128	0.01737	0.01016	0.01211	0.00824	0.00422	0.00452	0.00108	0.00507	0.00396	0.00309	0.58011
13	0.01381	0.21425	0.40667	0.01326	0.01898	0.21665	0.01463	0.01766	0.01205	0.01473	0.00864	0.01010	0.00675	0.00501	0.00457	0.00146	0.00775	0.00352	0.00237	0.00713
14	0.00755	0.00624	0.00634	0.00600	0.00801	0.00558	0.00458	0.07864	0.01325	0.01607	0.04971	0.04729	0.70671	0.01273	0.00616	0.00177	0.00297	0.01056	0.00494	0.00489
15	0.01221	0.04488	0.09723	0.01810	0.27055	0.07970	0.03931	0.08460	0.01337	0.01790	0.10360	0.16247	0.01781	0.00784	0.00554	0.00167	0.00572	0.00697	0.00362	0.00692

[dist]
# distance from previous block
# <min> <max>
0	2

[block]
# block no. 3 follows, 46 sequences, length 16
# corresponding to MSA columns:
# 1216-1231
name=unknown_D
#
# <colnr> <probs for GDERKNQSTAVLIFYWHMCP>
#	G	D	E	R	K	N	Q	S	T	A	V	L	I	F	Y	W	H	M	C	P
0	0.21641	0.01075	0.01147	0.01003	0.01279	0.01251	0.00804	0.05703	0.35168	0.09185	0.01551	0.01564	0.01176	0.00850	0.04813	0.00215	0.09903	0.00493	0.00448	0.00732
1	0.01237	0.01179	0.01860	0.09641	0.56198	0.03709	0.01419	0.01597	0.04873	0.01749	0.10088	0.01649	0.01346	0.00562	0.00535	0.00160	0.00591	0.00530	0.00311	0.00768
2	0.01096	0.00940	0.01096	0.00783	0.01253	0.00705	0.00626	0.01331	0.01096	0.01723	0.00940	0.01096	0.00783	0.00392	0.00392	0.00078	0.00392	0.00313	0.00313	0.84653
3	0.10961	0.00967	0.01491	0.19305	0.31406	0.01059	0.01183	0.01359	0.01034	0.01572	0.01080	0.01561	0.00941	0.05527	0.18030	0.00334	0.00787	0.00486	0.00271	0.00643
4	0.00898	0.00746	0.01000	0.00921	0.00945	0.00927	0.00690	0.00984	0.00803	0.01160	0.01272	0.02331	0.01354	0.34742	0.21357	0.00500	0.28030	0.00614	0.00281	0.00446
5	0.00998	0.00940	0.01586	0.80150	0.03641	0.01175	0.01468	0.01351	0.01057	0.01351	0.00940	0.01409	0.00705	0.00529	0.00529	0.00176	0.00705	0.00470	0.00235	0.00587
6	0.00733	0.00513	0.00578	0.00586	0.00624	0.00494	0.00355	0.00773	0.00891	0.01162	0.05292	0.10147	0.15152	0.58119	0.02093	0.00418	0.00444	0.00896	0.00373	0.00358
7	0.00852	0.00608	0.00852	0.00974	0.01095	0.00608	0.00852	0.01095	0.01217	0.01582	0.02799	0.05963	0.03042	0.01460	0.00730	0.00243	0.00487	0.74565	0.00487	0.00487
8	0.02010	0.01481	0.01587	0.01216	0.01639	0.01639	0.01005	0.76360	0.02486	0.03332	0.01269	0.01269	0.00899	0.00635	0.00529	0.00159	0.00582	0.00476	0.00529	0.00899
9	0.01936	0.01080	0.01248	0.00984	0.01345	0.01109	0.00804	0.32693	0.05442	0.30887	0.01691	0.01619	0.01163	0.00643	0.00503	0.00155	0.00468	0.00505	0.14899	0.00827
10	0.00801	0.00501	0.00601	0.00601	0.00601	0.00501	0.00351	0.00751	0.00751	0.01002	0.01502	0.03055	0.01703	0.64037	0.02554	0.18884	0.00501	0.00701	0.00301	0.00301
11	0.01060	0.02735	0.78682	0.01507	0.02288	0.01228	0.01953	0.01674	0.01116	0.01674	0.00949	0.01116	0.00670	0.00502	0.00502	0.00167	0.00781	0.00391	0.00223	0.00781
12	0.01248	0.01426	0.03119	0.02228	0.02763	0.01337	0.76203	0.01693	0.01248	0.01693	0.01070	0.01426	0.00802	0.00446	0.00624	0.00178	0.00891	0.00624	0.00267	0.00713
13	0.01203	0.01148	0.01955	0.29463	0.52732	0.01228	0.01570	0.01530	0.01154	0.01599	0.00976	0.01343	0.00792	0.00491	0.00525	0.00164	0.00654	0.00471	0.00253	0.00752
14	0.00752	0.00587	0.00748	0.00806	0.04919	0.00538	0.00580	0.00965	0.01340	0.01784	0.37868	0.04500	0.29032	0.01193	0.00635	0.00182	0.00312	0.12241	0.00520	0.00497
15	0.01060	0.02735	0.78682	0.01507	0.02288	0.01228	0.01953	0.01674	0.01116	0.01674	0.00949	0.01116	0.00670	0.00502	0.00502	0.00167	0.00781	0.00391	0.00223	0.00781

[dist]
# distance from previous block
# <min> <max>
0	1

[block]
# block no. 4 follows, 46 sequences, length 30
# corresponding to MSA columns:
# 1233-1262
name=unknown_E
#
# <colnr> <probs for GDERKNQSTAVLIFYWHMCP>
#	G	D	E	R	K	N	Q	S	T	A	V	L	I	F	Y	W	H	M	C	P
0	0.01174	0.00962	0.01242	0.01218	0.14308	0.00815	0.00802	0.01486	0.05767	0.05947	0.01338	0.06287	0.03317	0.00546	0.00455	0.00114	0.00428	0.00467	0.00353	0.52977
1	0.01179	0.00945	0.01103	0.00814	0.01258	0.00755	0.00650	0.01518	0.07501	0.06078	0.02784	0.01271	0.00974	0.00449	0.00417	0.00093	0.00394	0.00363	0.00357	0.71097
2	0.01509	0.68251	0.02554	0.00982	0.01404	0.15237	0.00924	0.01673	0.01146	0.01252	0.00749	0.00866	0.00679	0.00468	0.00363	0.00117	0.00631	0.00293	0.00234	0.00667
3	0.09379	0.01150	0.01483	0.01646	0.25305	0.01135	0.01017	0.13175	0.09695	0.03775	0.01146	0.01278	0.00901	0.00505	0.00467	0.00136	0.00501	0.00421	0.00364	0.26522
4	0.01554	0.01536	0.01877	0.06086	0.48694	0.21232	0.01391	0.01815	0.01298	0.08000	0.01037	0.01263	0.00830	0.00508	0.00512	0.00153	0.00700	0.00443	0.00296	0.00774
5	0.00772	0.00577	0.00825	0.00817	0.00890	0.00666	0.00614	0.00922	0.00833	0.01191	0.01438	0.02306	0.01413	0.18498	0.62141	0.00764	0.03997	0.00601	0.00288	0.00447
6	0.01248	0.01426	0.03119	0.02228	0.02763	0.01337	0.76203	0.01693	0.01248	0.01693	0.01070	0.01426	0.00802	0.00446	0.00624	0.00178	0.00891	0.00624	0.00267	0.00713
7	0.00760	0.00546	0.00748	0.00748	0.00807	0.00606	0.00534	0.00879	0.00820	0.01152	0.01509	0.02591	0.01545	0.32774	0.50822	0.00724	0.01080	0.00642	0.00297	0.00416
8	0.00658	0.00470	0.00625	0.00727	0.00770	0.00438	0.00492	0.00770	0.01075	0.01449	0.12617	0.71088	0.03690	0.01582	0.00668	0.00208	0.00299	0.01432	0.00503	0.00438
9	0.00674	0.00476	0.00615	0.00703	0.00736	0.00449	0.00462	0.00764	0.01011	0.01359	0.08978	0.61400	0.03353	0.15189	0.01014	0.00261	0.00337	0.01332	0.00469	0.00417
10	0.00756	0.00519	0.00596	0.00589	0.00621	0.00506	0.00356	0.00807	0.00920	0.01236	0.14864	0.03644	0.07142	0.62791	0.02211	0.00433	0.00453	0.00822	0.00375	0.00359
11	0.16467	0.00921	0.01150	0.00899	0.01294	0.00847	0.00742	0.02402	0.01409	0.65529	0.01856	0.01639	0.01183	0.00626	0.00497	0.00164	0.00443	0.00490	0.00599	0.00844
12	0.02372	0.00900	0.01227	0.00941	0.01350	0.00777	0.00777	0.02576	0.01513	0.78489	0.02086	0.01799	0.01309	0.00654	0.00532	0.00164	0.00450	0.00532	0.00654	0.00900
13	0.01159	0.08841	0.52990	0.01689	0.07238	0.03218	0.14235	0.01677	0.01150	0.01637	0.00951	0.01155	0.00704	0.00488	0.00510	0.00163	0.00776	0.00425	0.00235	0.00761
14	0.01096	0.00940	0.01096	0.00783	0.01253	0.00705	0.00626	0.01331	0.01096	0.01723	0.00940	0.01096	0.00783	0.00392	0.00392	0.00078	0.00392	0.00313	0.00313	0.84653
15	0.00755	0.00566	0.00850	0.00850	0.00944	0.00661	0.00661	0.00944	0.00850	0.01227	0.01416	0.02077	0.01322	0.03965	0.79326	0.00850	0.01416	0.00566	0.00283	0.00472
16	0.01302	0.09303	0.54410	0.01423	0.02058	0.19419	0.01649	0.01768	0.01201	0.01550	0.00900	0.01056	0.00673	0.00508	0.00483	0.00156	0.00803	0.00370	0.00235	0.00734
17	0.01280	0.01099	0.01165	0.01050	0.01339	0.01264	0.00816	0.02697	0.72490	0.02206	0.06831	0.02095	0.01822	0.00740	0.00543	0.00179	0.00408	0.00620	0.00541	0.00816
18	0.00650	0.00537	0.00570	0.00562	0.00729	0.00457	0.00421	0.00807	0.01264	0.01568	0.20046	0.04857	0.63131	0.01287	0.00625	0.00176	0.00264	0.01083	0.00509	0.00457
19	0.20150	0.00926	0.01130	0.00888	0.01279	0.00865	0.00733	0.02357	0.01381	0.62142	0.01796	0.01597	0.01151	0.00619	0.00488	0.00164	0.00441	0.00479	0.00584	0.00829
20	0.00743	0.00518	0.00578	0.00576	0.00613	0.00501	0.00346	0.00782	0.00889	0.01164	0.07290	0.03763	0.14761	0.62818	0.02211	0.00434	0.00455	0.00839	0.00366	0.00353
21	0.01230	0.01176	0.02004	0.22781	0.59202	0.01235	0.01583	0.01553	0.01166	0.01631	0.00980	0.01334	0.00804	0.00486	0.00525	0.00162	0.00648	0.00471	0.00255	0.00774
22	0.00650	0.00537	0.00571	0.00562	0.00730	0.00457	0.00422	0.00808	0.01265	0.01571	0.20318	0.04853	0.62857	0.01286	0.00625	0.00176	0.00264	0.01083	0.00510	0.00457
23	0.01096	0.00940	0.01096	0.00783	0.01253	0.00705	0.00626	0.01331	0.01096	0.01723	0.00940	0.01096	0.00783	0.00392	0.00392	0.00078	0.00392	0.00313	0.00313	0.84653
24	0.01920	0.02404	0.01473	0.01338	0.01613	0.72766	0.01006	0.02169	0.07837	0.01371	0.00929	0.01039	0.00759	0.00559	0.00482	0.00140	0.00909	0.00362	0.00295	0.00632
25	0.00787	0.00616	0.00821	0.00977	0.07341	0.00605	0.00661	0.01022	0.06091	0.01475	0.03011	0.36165	0.16824	0.01549	0.05541	0.01819	0.00435	0.13301	0.00456	0.00502
26	0.01200	0.34018	0.48623	0.01268	0.01919	0.01570	0.01538	0.01638	0.01100	0.01504	0.00864	0.01010	0.00673	0.00482	0.00438	0.00146	0.00696	0.00348	0.00224	0.00741
27	0.00647	0.00523	0.00575	0.00590	0.00735	0.00452	0.00432	0.00792	0.01217	0.01522	0.16205	0.17849	0.53906	0.01353	0.00633	0.00183	0.00272	0.01157	0.00505	0.00452
28	0.01212	0.52798	0.16913	0.00957	0.01426	0.01646	0.01020	0.01460	0.01104	0.01358	0.01563	0.01621	0.13826	0.00613	0.00419	0.00135	0.00556	0.00445	0.00271	0.00659
29	0.01221	0.08449	0.25871	0.19747	0.21690	0.07334	0.01548	0.01666	0.04629	0.01573	0.00985	0.01236	0.00765	0.00509	0.00500	0.00160	0.00704	0.00426	0.00254	0.00732

[dist]
# distance from previous block
# <min> <max>
2	4

[block]
# block no. 5 follows, 46 sequences, length 21
# corresponding to MSA columns:
# 1267-1287
name=unknown_F
#
# <colnr> <probs for GDERKNQSTAVLIFYWHMCP>
#	G	D	E	R	K	N	Q	S	T	A	V	L	I	F	Y	W	H	M	C	P
0	0.00826	0.00642	0.00810	0.00812	0.00861	0.00717	0.00571	0.01040	0.08393	0.01307	0.02000	0.29914	0.02224	0.27546	0.09602	0.00376	0.10567	0.00948	0.00386	0.00457
1	0.00863	0.00727	0.01129	0.01026	0.01131	0.00828	0.08126	0.01032	0.00912	0.01287	0.01552	0.10515	0.01598	0.13949	0.35109	0.00533	0.13355	0.05529	0.00314	0.00487
2	0.01383	0.00940	0.01120	0.00956	0.01218	0.01009	0.00761	0.21587	0.14026	0.11847	0.17977	0.02211	0.02042	0.01509	0.18599	0.00323	0.00658	0.00627	0.00501	0.00705
3	0.04444	0.01188	0.01451	0.01590	0.18853	0.11185	0.01042	0.03745	0.01109	0.08297	0.01114	0.01531	0.00975	0.06543	0.15112	0.00321	0.20062	0.00488	0.00309	0.00644
4	0.00906	0.00463	0.00680	0.00680	0.00680	0.00463	0.00448	0.00695	0.00695	0.00927	0.00979	0.01758	0.01000	0.08303	0.02117	0.77785	0.00463	0.00484	0.00237	0.00237
5	0.01243	0.58106	0.07100	0.00868	0.01237	0.01675	0.00837	0.01402	0.01007	0.01221	0.00962	0.01463	0.00963	0.19001	0.00888	0.00208	0.00567	0.00401	0.00248	0.00603
6	0.01336	0.16566	0.36764	0.01190	0.01760	0.06342	0.01321	0.01715	0.01176	0.11127	0.01122	0.04421	0.00882	0.00548	0.00467	0.00145	0.00641	0.00421	0.00303	0.11753
7	0.01259	0.10094	0.26501	0.02156	0.35383	0.03467	0.01550	0.01780	0.09590	0.01702	0.01076	0.01263	0.00849	0.00508	0.00498	0.00158	0.00656	0.00436	0.00277	0.00797
8	0.01267	0.01189	0.01839	0.18534	0.38123	0.04396	0.06262	0.09242	0.01300	0.01754	0.01222	0.10160	0.01102	0.00633	0.00546	0.00168	0.00634	0.00590	0.00310	0.00729
9	0.01246	0.01181	0.02003	0.11070	0.65355	0.01205	0.01556	0.01560	0.01189	0.01679	0.01107	0.01624	0.00968	0.00542	0.00537	0.00165	0.00627	0.05324	0.00274	0.00788
10	0.00660	0.00512	0.00601	0.00631	0.00749	0.00453	0.00453	0.00807	0.01211	0.01565	0.21530	0.29385	0.36789	0.01381	0.00641	0.00187	0.00276	0.01204	0.00512	0.00453
11	0.00759	0.00550	0.00765	0.00765	0.00830	0.00615	0.00555	0.00890	0.00825	0.01164	0.01494	0.02506	0.01508	0.28000	0.55546	0.00745	0.01136	0.00629	0.00295	0.00425
12	0.00899	0.00748	0.00922	0.00862	0.00996	0.00827	0.00668	0.01332	0.15702	0.01812	0.31264	0.11321	0.12974	0.01091	0.00798	0.00188	0.13452	0.03091	0.00492	0.00562
13	0.00740	0.00543	0.00695	0.00760	0.00862	0.00513	0.00590	0.00910	0.01173	0.01536	0.14493	0.22686	0.16981	0.07924	0.00841	0.00235	0.00372	0.27203	0.00489	0.00454
14	0.01248	0.01426	0.03119	0.02228	0.02763	0.01337	0.76203	0.01693	0.01248	0.01693	0.01070	0.01426	0.00802	0.00446	0.00624	0.00178	0.00891	0.00624	0.00267	0.00713
15	0.00661	0.00519	0.00580	0.00597	0.00721	0.00457	0.00425	0.00790	0.01165	0.01471	0.14990	0.19447	0.45091	0.09666	0.00848	0.00218	0.00298	0.01132	0.00486	0.00438
16	0.00932	0.00824	0.01214	0.01070	0.01133	0.00992	0.07231	0.01050	0.00867	0.01241	0.01390	0.12223	0.01502	0.24421	0.12605	0.00391	0.29420	0.00712	0.00300	0.00482
17	0.00744	0.00502	0.00584	0.00609	0.00615	0.00496	0.00355	0.00762	0.00818	0.01091	0.01918	0.19153	0.02240	0.65293	0.02283	0.00452	0.00471	0.00917	0.00355	0.00342
18	0.01318	0.01218	0.01884	0.18596	0.12229	0.04429	0.19167	0.18230	0.01462	0.01931	0.01379	0.09928	0.02424	0.00683	0.00571	0.00175	0.00667	0.02659	0.00352	0.00699
19	0.01436	0.09897	0.06653	0.05064	0.15031	0.21546	0.01084	0.10800	0.01414	0.01742	0.07333	0.07838	0.01320	0.00654	0.00504	0.00149	0.00642	0.00526	0.00338	0.06029
20	0.01464	0.01124	0.01565	0.23950	0.17834	0.03187	0.01187	0.11547	0.06392	0.14034	0.01341	0.01509	0.02640	0.00591	0.00576	0.00164	0.04219	0.00490	0.00377	0.05808

[dist]
# distance from previous block
# <min> <max>
0	36

# created by:
# /home/cegg/simao/soft/augustus-3.2.1/scripts/msa2prfl.pl ./align_prep/20051.fa
