[name]
unknown

[dist]
# distance from previous block
# <min> <max>
0	15

[block]
# block no. 0 follows, 47 sequences, length 27
# corresponding to MSA columns:
# 986-1012
name=unknown_A
#
# <colnr> <probs for GDERKNQSTAVLIFYWHMCP>
#	G	D	E	R	K	N	Q	S	T	A	V	L	I	F	Y	W	H	M	C	P
0	0.05474	0.00657	0.00932	0.00998	0.01146	0.00662	0.04108	0.01129	0.01183	0.01606	0.02572	0.05406	0.02768	0.01343	0.00693	0.00233	0.00493	0.67642	0.00462	0.00494
1	0.02180	0.00902	0.01207	0.00939	0.01302	0.00826	0.00768	0.05599	0.01460	0.67748	0.01935	0.01810	0.01277	0.05083	0.00694	0.00183	0.04114	0.00531	0.00602	0.00841
2	0.00812	0.00611	0.00670	0.00654	0.00829	0.00562	0.00488	0.05087	0.05286	0.05081	0.06112	0.20130	0.49220	0.01275	0.00612	0.00181	0.00304	0.01086	0.00498	0.00503
3	0.13102	0.00937	0.01448	0.68993	0.03216	0.01159	0.01320	0.01359	0.01019	0.01475	0.00897	0.01311	0.00676	0.00515	0.00492	0.00172	0.00652	0.00437	0.00244	0.00576
4	0.01342	0.00773	0.00956	0.00826	0.01074	0.00757	0.00648	0.01853	0.18949	0.25103	0.36023	0.02836	0.04913	0.00863	0.00568	0.00166	0.00344	0.00739	0.00582	0.00685
5	0.01374	0.01289	0.02573	0.01883	0.02309	0.01281	0.53854	0.01728	0.01199	0.12707	0.01140	0.01416	0.00845	0.00542	0.00773	0.00182	0.13307	0.00577	0.00313	0.00708
6	0.00764	0.00519	0.00643	0.00643	0.00676	0.00547	0.00417	0.00832	0.00798	0.01116	0.01572	0.02932	0.01691	0.54652	0.25148	0.00583	0.00753	0.00685	0.04663	0.00368
7	0.01045	0.02694	0.79000	0.01484	0.02254	0.01209	0.01924	0.01649	0.01099	0.01649	0.00935	0.01099	0.00660	0.00495	0.00495	0.00165	0.00770	0.00385	0.00220	0.00770
8	0.01995	0.01973	0.01480	0.01252	0.01584	0.44984	0.00977	0.27914	0.01813	0.09514	0.01080	0.01128	0.00805	0.00578	0.00493	0.00144	0.00764	0.00400	0.00392	0.00729
9	0.01978	0.01506	0.01559	0.01205	0.01615	0.05213	0.00991	0.73270	0.02404	0.03189	0.01230	0.01236	0.00876	0.00621	0.00519	0.00155	0.00590	0.00463	0.00509	0.00873
10	0.01901	0.02184	0.01441	0.01270	0.01559	0.60692	0.00970	0.16220	0.01641	0.01691	0.00936	0.01050	0.00746	0.00557	0.00474	0.00138	0.00834	0.00369	0.04677	0.00651
11	0.01045	0.02694	0.79000	0.01484	0.02254	0.01209	0.01924	0.01649	0.01099	0.01649	0.00935	0.01099	0.00660	0.00495	0.00495	0.00165	0.00770	0.00385	0.00220	0.00770
12	0.00720	0.00532	0.00673	0.00638	0.00768	0.00484	0.00478	0.00951	0.01435	0.01995	0.68192	0.04044	0.14955	0.01099	0.00614	0.00165	0.00248	0.00963	0.00561	0.00484
13	0.85377	0.01007	0.00765	0.00685	0.01007	0.01168	0.00564	0.01531	0.00886	0.02336	0.00725	0.00846	0.00564	0.00483	0.00322	0.00161	0.00403	0.00282	0.00322	0.00564
14	0.00737	0.00532	0.00696	0.00655	0.00778	0.00491	0.00491	0.00983	0.01474	0.02088	0.78175	0.03890	0.04914	0.01065	0.00614	0.00164	0.00246	0.00942	0.00573	0.00491
15	0.00757	0.00505	0.00568	0.00568	0.00568	0.00505	0.00316	0.00757	0.00757	0.01010	0.01641	0.03408	0.01893	0.81698	0.02651	0.00505	0.00505	0.00757	0.00316	0.00316
16	0.08317	0.01135	0.01319	0.01023	0.01422	0.01157	0.00844	0.32635	0.04202	0.40039	0.01631	0.01497	0.01081	0.00627	0.00508	0.00160	0.00492	0.00485	0.00567	0.00860
17	0.01258	0.01276	0.01588	0.37378	0.17947	0.13891	0.01291	0.01772	0.15296	0.01553	0.01138	0.01398	0.00883	0.00546	0.00513	0.00164	0.00666	0.00466	0.00298	0.00678
18	0.00634	0.00456	0.00602	0.00719	0.00754	0.00424	0.00481	0.00726	0.01003	0.01332	0.02947	0.78929	0.05824	0.01622	0.00663	0.00210	0.00301	0.01468	0.00483	0.00424
19	0.01295	0.01119	0.01178	0.01060	0.01354	0.01295	0.00824	0.02767	0.77509	0.02178	0.02120	0.01943	0.01590	0.00707	0.00530	0.00177	0.00412	0.00589	0.00530	0.00824
20	0.01945	0.02482	0.01476	0.01342	0.01610	0.79608	0.01006	0.02079	0.01476	0.01275	0.00805	0.00939	0.00671	0.00537	0.00470	0.00134	0.00939	0.00335	0.00268	0.00604
21	0.01915	0.01369	0.01537	0.08375	0.01774	0.01512	0.01015	0.64550	0.02252	0.08520	0.01278	0.01300	0.00897	0.00617	0.00521	0.00158	0.00575	0.00472	0.00504	0.00858
22	0.00744	0.00558	0.00837	0.00837	0.00930	0.00651	0.00651	0.00930	0.00837	0.01209	0.01395	0.02046	0.01302	0.03906	0.79635	0.00837	0.01395	0.00558	0.00279	0.00465
23	0.08255	0.00718	0.00853	0.00712	0.00984	0.00673	0.00572	0.01872	0.01267	0.38760	0.01793	0.01775	0.01252	0.00615	0.00437	0.00144	0.00351	0.00488	0.37796	0.00683
24	0.00634	0.00453	0.00604	0.00725	0.00755	0.00423	0.00483	0.00725	0.00997	0.01329	0.02870	0.81358	0.03444	0.01632	0.00665	0.00211	0.00302	0.01480	0.00483	0.00423
25	0.00683	0.00515	0.00631	0.00635	0.00753	0.00463	0.00464	0.00865	0.01297	0.01745	0.42649	0.20262	0.24634	0.01252	0.00625	0.00177	0.00262	0.01096	0.00530	0.00463
26	0.02183	0.01022	0.01279	0.00993	0.01390	0.00981	0.00816	0.17838	0.07495	0.57395	0.01894	0.01678	0.01229	0.00645	0.00524	0.00161	0.00468	0.00517	0.00610	0.00881

[dist]
# distance from previous block
# <min> <max>
0	1

[block]
# block no. 1 follows, 47 sequences, length 37
# corresponding to MSA columns:
# 1014-1050
name=unknown_B
#
# <colnr> <probs for GDERKNQSTAVLIFYWHMCP>
#	G	D	E	R	K	N	Q	S	T	A	V	L	I	F	Y	W	H	M	C	P
0	0.00900	0.00656	0.00842	0.00842	0.00948	0.00689	0.00635	0.03358	0.03393	0.05867	0.02574	0.42823	0.09568	0.01303	0.00769	0.00200	0.11048	0.07280	0.02957	0.03347
1	0.85377	0.01007	0.00765	0.00685	0.01007	0.01168	0.00564	0.01531	0.00886	0.02336	0.00725	0.00846	0.00564	0.00483	0.00322	0.00161	0.00403	0.00282	0.00322	0.00564
2	0.48707	0.01119	0.01035	0.00859	0.01196	0.01260	0.00704	0.27459	0.01481	0.02640	0.08091	0.01268	0.01079	0.00586	0.00418	0.00160	0.00447	0.00408	0.00414	0.00668
3	0.02013	0.01406	0.01530	0.01173	0.01588	0.01536	0.00969	0.69832	0.02360	0.10289	0.01325	0.01299	0.00923	0.00627	0.00521	0.00157	0.00561	0.00474	0.00532	0.00886
4	0.01420	0.01903	0.43723	0.01227	0.01801	0.01089	0.01389	0.07586	0.06799	0.19270	0.01358	0.01390	0.00940	0.00563	0.00495	0.00161	0.00613	0.00445	0.07042	0.00786
5	0.01836	0.02001	0.01464	0.01291	0.01524	0.53490	0.01001	0.01975	0.01342	0.11597	0.00947	0.01090	0.00756	0.00626	0.00725	0.00157	0.16848	0.00385	0.00310	0.00635
6	0.00757	0.00505	0.00568	0.00568	0.00568	0.00505	0.00316	0.00757	0.00757	0.01010	0.01641	0.03408	0.01893	0.81698	0.02651	0.00505	0.00505	0.00757	0.00316	0.00316
7	0.01570	0.01081	0.01248	0.01037	0.01340	0.01182	0.00834	0.36273	0.11879	0.11556	0.01587	0.06142	0.01269	0.01450	0.18720	0.00319	0.00710	0.00569	0.00479	0.00755
8	0.01976	0.01554	0.01555	0.01212	0.01614	0.08850	0.00991	0.69790	0.02358	0.03096	0.01209	0.01221	0.00866	0.00617	0.00516	0.00154	0.00607	0.00456	0.00498	0.00859
9	0.00956	0.00641	0.00804	0.00747	0.00908	0.00624	0.00564	0.03510	0.09516	0.08588	0.50952	0.14082	0.03929	0.01056	0.00602	0.00171	0.00298	0.00929	0.00561	0.00563
10	0.00720	0.00497	0.00571	0.00594	0.00617	0.00483	0.00355	0.00750	0.00844	0.01109	0.02221	0.18543	0.09410	0.58708	0.02076	0.00417	0.00443	0.00929	0.00364	0.00348
11	0.01062	0.02574	0.71956	0.01550	0.02297	0.01219	0.08848	0.01651	0.01112	0.01651	0.00946	0.01128	0.00672	0.00490	0.00506	0.00166	0.00780	0.00406	0.00224	0.00763
12	0.02099	0.01018	0.01272	0.01005	0.01385	0.00985	0.00834	0.22892	0.01728	0.50781	0.01898	0.02009	0.01336	0.00713	0.00541	0.00167	0.00482	0.07412	0.00595	0.00848
13	0.01045	0.02694	0.79000	0.01484	0.02254	0.01209	0.01924	0.01649	0.01099	0.01649	0.00935	0.01099	0.00660	0.00495	0.00495	0.00165	0.00770	0.00385	0.00220	0.00770
14	0.00634	0.00453	0.00604	0.00725	0.00755	0.00423	0.00483	0.00725	0.00997	0.01329	0.02870	0.81358	0.03444	0.01632	0.00665	0.00211	0.00302	0.01480	0.00483	0.00423
15	0.09470	0.01204	0.08399	0.01046	0.01403	0.01125	0.00926	0.27765	0.06967	0.14819	0.01774	0.06270	0.03055	0.00806	0.00542	0.00176	0.00507	0.12518	0.00486	0.00742
16	0.03794	0.12024	0.01959	0.01289	0.01747	0.08409	0.24763	0.01535	0.01155	0.01605	0.00922	0.01130	0.00748	0.00427	0.00457	0.00121	0.00616	0.00403	0.00279	0.36616
17	0.01146	0.01160	0.01712	0.01433	0.01474	0.01573	0.07112	0.01286	0.00832	0.01286	0.00713	0.01160	0.00692	0.00874	0.01622	0.00224	0.74420	0.00468	0.00231	0.00580
18	0.00615	0.00528	0.00528	0.00528	0.00703	0.00440	0.00396	0.00747	0.01187	0.01407	0.05276	0.05012	0.78238	0.01319	0.00615	0.00176	0.00264	0.01099	0.00484	0.00440
19	0.01080	0.00926	0.01080	0.00771	0.01234	0.00694	0.00617	0.01311	0.01080	0.01697	0.00926	0.01080	0.00771	0.00386	0.00386	0.00077	0.00386	0.00309	0.00309	0.84882
20	0.00669	0.00511	0.00614	0.00627	0.00746	0.00456	0.00456	0.00836	0.01255	0.01660	0.33853	0.23446	0.30397	0.01294	0.00627	0.00180	0.00266	0.01130	0.00519	0.00456
21	0.00699	0.00531	0.00644	0.00616	0.00755	0.00475	0.00462	0.00910	0.01385	0.01877	0.55557	0.04238	0.27663	0.01144	0.00615	0.00168	0.00251	0.00991	0.00545	0.00475
22	0.01127	0.01150	0.01430	0.01247	0.01344	0.11669	0.05605	0.01286	0.00927	0.01268	0.00948	0.01416	0.00884	0.01782	0.26180	0.00405	0.40049	0.00482	0.00252	0.00549
23	0.01607	0.01049	0.01187	0.01020	0.01347	0.01137	0.00807	0.02699	0.54734	0.25137	0.02100	0.01892	0.01500	0.00688	0.00528	0.00172	0.00421	0.00569	0.00564	0.00843
24	0.01351	0.01102	0.01182	0.01044	0.01329	0.01246	0.00814	0.18078	0.51500	0.02298	0.02036	0.12374	0.01688	0.00813	0.00546	0.00177	0.00431	0.00682	0.00522	0.00784
25	0.00636	0.00528	0.00556	0.00549	0.00716	0.00448	0.00412	0.00788	0.01236	0.01523	0.17712	0.04820	0.65730	0.01276	0.00615	0.00174	0.00261	0.01072	0.00499	0.00448
26	0.72840	0.00989	0.00832	0.00721	0.01056	0.01107	0.00594	0.01683	0.00977	0.13881	0.00926	0.00986	0.00673	0.00508	0.00353	0.00161	0.00409	0.00318	0.00371	0.00613
27	0.85377	0.01007	0.00765	0.00685	0.01007	0.01168	0.00564	0.01531	0.00886	0.02336	0.00725	0.00846	0.00564	0.00483	0.00322	0.00161	0.00403	0.00282	0.00322	0.00564
28	0.01354	0.01105	0.01179	0.01052	0.01353	0.01265	0.00821	0.02754	0.73187	0.06535	0.02116	0.01933	0.01573	0.00703	0.00530	0.00176	0.00414	0.00585	0.00536	0.00828
29	0.01331	0.01021	0.01601	0.48111	0.15641	0.01154	0.01327	0.08551	0.01264	0.13271	0.01135	0.01417	0.00824	0.00540	0.00520	0.00167	0.00632	0.00473	0.00325	0.00695
30	0.00714	0.00514	0.00675	0.00671	0.00773	0.00476	0.00490	0.00925	0.01366	0.01917	0.61159	0.21395	0.04582	0.01193	0.00626	0.00175	0.00258	0.01064	0.00553	0.00476
31	0.00663	0.00529	0.00594	0.00578	0.00733	0.00460	0.00433	0.00840	0.01299	0.01674	0.33834	0.04572	0.49513	0.01219	0.00615	0.00171	0.00257	0.01037	0.00519	0.00460
32	0.85377	0.01007	0.00765	0.00685	0.01007	0.01168	0.00564	0.01531	0.00886	0.02336	0.00725	0.00846	0.00564	0.00483	0.00322	0.00161	0.00403	0.00282	0.00322	0.00564
33	0.01149	0.01014	0.01562	0.67308	0.03260	0.01233	0.01371	0.13829	0.01275	0.01654	0.00979	0.01366	0.00726	0.00538	0.00521	0.00171	0.00674	0.00464	0.00279	0.00629
34	0.00759	0.00521	0.00658	0.00633	0.00752	0.00485	0.00471	0.00992	0.01388	0.02005	0.61551	0.08068	0.06522	0.01043	0.00584	0.00161	0.00249	0.00916	0.11756	0.00485
35	0.01284	0.00869	0.00908	0.00794	0.01027	0.00950	0.00624	0.18899	0.20796	0.02309	0.01703	0.01784	0.01297	0.00636	0.00442	0.00143	0.00361	0.00508	0.44002	0.00663
36	0.00737	0.00532	0.00696	0.00655	0.00778	0.00491	0.00491	0.00983	0.01474	0.02088	0.78175	0.03890	0.04914	0.01065	0.00614	0.00164	0.00246	0.00942	0.00573	0.00491

[dist]
# distance from previous block
# <min> <max>
0	13

[block]
# block no. 2 follows, 47 sequences, length 167
# corresponding to MSA columns:
# 1064-1230
name=unknown_C
#
# <colnr> <probs for GDERKNQSTAVLIFYWHMCP>
#	G	D	E	R	K	N	Q	S	T	A	V	L	I	F	Y	W	H	M	C	P
0	0.85377	0.01007	0.00765	0.00685	0.01007	0.01168	0.00564	0.01531	0.00886	0.02336	0.00725	0.00846	0.00564	0.00483	0.00322	0.00161	0.00403	0.00282	0.00322	0.00564
1	0.01945	0.02482	0.01476	0.01342	0.01610	0.79608	0.01006	0.02079	0.01476	0.01275	0.00805	0.00939	0.00671	0.00537	0.00470	0.00134	0.00939	0.00335	0.00268	0.00604
2	0.01077	0.01021	0.01731	0.56773	0.26529	0.01182	0.01493	0.01413	0.01086	0.01444	0.00942	0.01358	0.00734	0.00503	0.00519	0.00168	0.00671	0.00463	0.00239	0.00654
3	0.01302	0.01344	0.01830	0.18495	0.40379	0.12945	0.01412	0.01565	0.01143	0.01496	0.00899	0.01235	0.00754	0.00552	0.00684	0.00166	0.12400	0.00443	0.00250	0.00704
4	0.85377	0.01007	0.00765	0.00685	0.01007	0.01168	0.00564	0.01531	0.00886	0.02336	0.00725	0.00846	0.00564	0.00483	0.00322	0.00161	0.00403	0.00282	0.00322	0.00564
5	0.00634	0.00453	0.00604	0.00725	0.00755	0.00423	0.00483	0.00725	0.00997	0.01329	0.02870	0.81358	0.03444	0.01632	0.00665	0.00211	0.00302	0.01480	0.00483	0.00423
6	0.00633	0.00460	0.00597	0.00707	0.00751	0.00424	0.00475	0.00727	0.01014	0.01336	0.03088	0.74453	0.10209	0.01603	0.00660	0.00208	0.00299	0.01446	0.00483	0.00424
7	0.00733	0.00530	0.00693	0.00658	0.00777	0.00489	0.00491	0.00974	0.01457	0.02062	0.75525	0.06616	0.04862	0.01085	0.00616	0.00165	0.00248	0.00961	0.00570	0.00489
8	0.01718	0.01304	0.01423	0.01074	0.01504	0.01348	0.00882	0.54822	0.02051	0.02822	0.01156	0.01201	0.00852	0.00556	0.00482	0.00133	0.00519	0.00422	0.00459	0.25272
9	0.01936	0.01569	0.01526	0.01210	0.01596	0.12242	0.00987	0.63909	0.02273	0.02948	0.01241	0.01367	0.00929	0.00641	0.00521	0.00156	0.00620	0.03013	0.00485	0.00833
10	0.00796	0.00652	0.00697	0.00679	0.00874	0.00616	0.00534	0.05723	0.08550	0.01618	0.04379	0.04602	0.55814	0.01234	0.00616	0.00183	0.00327	0.11106	0.00490	0.00510
11	0.01191	0.00738	0.00783	0.00720	0.00924	0.00790	0.00556	0.01859	0.27744	0.08071	0.01873	0.01929	0.01420	0.00644	0.00434	0.00144	0.00317	0.00524	0.48702	0.00635
12	0.01401	0.01171	0.01237	0.01081	0.01395	0.01345	0.00850	0.14215	0.65889	0.02349	0.01985	0.01836	0.01481	0.00694	0.00529	0.00173	0.00437	0.00570	0.00529	0.00834
13	0.01392	0.82012	0.02729	0.00891	0.01337	0.02061	0.00891	0.01559	0.01058	0.01225	0.00724	0.00835	0.00668	0.00446	0.00334	0.00111	0.00557	0.00278	0.00223	0.00668
14	0.06432	0.01251	0.02456	0.01997	0.10935	0.01212	0.50922	0.01636	0.06342	0.01716	0.01270	0.09023	0.01087	0.00576	0.00584	0.00176	0.00732	0.00658	0.00305	0.00689
15	0.01045	0.02694	0.79000	0.01484	0.02254	0.01209	0.01924	0.01649	0.01099	0.01649	0.00935	0.01099	0.00660	0.00495	0.00495	0.00165	0.00770	0.00385	0.00220	0.00770
16	0.00634	0.00453	0.00604	0.00725	0.00755	0.00423	0.00483	0.00725	0.00997	0.01329	0.02870	0.81358	0.03444	0.01632	0.00665	0.00211	0.00302	0.01480	0.00483	0.00423
17	0.00952	0.00945	0.01832	0.15801	0.02108	0.00938	0.33144	0.01238	0.01104	0.01474	0.01742	0.32722	0.01812	0.00921	0.00617	0.00189	0.00619	0.00926	0.00344	0.00570
18	0.01145	0.01156	0.01687	0.01419	0.01452	0.01578	0.05843	0.01279	0.00824	0.01279	0.00707	0.01156	0.00690	0.00882	0.01641	0.00225	0.75764	0.00466	0.00230	0.00578
19	0.00634	0.00453	0.00604	0.00725	0.00755	0.00423	0.00483	0.00725	0.00997	0.01329	0.02870	0.81358	0.03444	0.01632	0.00665	0.00211	0.00302	0.01480	0.00483	0.00423
20	0.00983	0.00926	0.01562	0.80447	0.03587	0.01157	0.01446	0.01331	0.01041	0.01331	0.00926	0.01388	0.00694	0.00521	0.00521	0.00174	0.00694	0.00463	0.00231	0.00579
21	0.01926	0.05280	0.01520	0.01326	0.01600	0.76879	0.01002	0.02061	0.01461	0.01273	0.00802	0.00935	0.00671	0.00533	0.00465	0.00133	0.00926	0.00333	0.00267	0.00606
22	0.01957	0.01257	0.01394	0.01079	0.01466	0.01344	0.00888	0.55192	0.02136	0.18028	0.01450	0.01416	0.01006	0.00627	0.00507	0.00154	0.00517	0.00481	0.08249	0.00849
23	0.00634	0.00456	0.00601	0.00717	0.00753	0.00424	0.00480	0.00726	0.01005	0.01333	0.02971	0.78145	0.06592	0.01618	0.00663	0.00210	0.00301	0.01464	0.00483	0.00424
24	0.01080	0.00926	0.01080	0.00771	0.01234	0.00694	0.00617	0.01311	0.01080	0.01697	0.00926	0.01080	0.00771	0.00386	0.00386	0.00077	0.00386	0.00309	0.00309	0.84882
25	0.01295	0.59880	0.24010	0.01057	0.01593	0.01823	0.01179	0.01584	0.01070	0.01344	0.00783	0.00909	0.00666	0.00459	0.00379	0.00126	0.00616	0.00308	0.00222	0.00697
26	0.07410	0.05578	0.05983	0.01197	0.01565	0.34068	0.00993	0.24504	0.01690	0.10607	0.01077	0.01124	0.00797	0.00565	0.00477	0.00146	0.00711	0.00393	0.00385	0.00730
27	0.00726	0.00532	0.00680	0.00643	0.00771	0.00487	0.00482	0.00961	0.01447	0.02025	0.71386	0.03994	0.11742	0.01088	0.00614	0.00165	0.00247	0.00956	0.00565	0.00487
28	0.01228	0.01798	0.31527	0.05134	0.41821	0.01247	0.01680	0.06293	0.01226	0.01767	0.00977	0.01217	0.00761	0.00488	0.00508	0.00159	0.00676	0.00434	0.00259	0.00799
29	0.00648	0.00529	0.00573	0.00562	0.00723	0.00454	0.00421	0.00811	0.01264	0.01590	0.24861	0.04710	0.58539	0.01251	0.00615	0.00173	0.00259	0.01057	0.00508	0.00454
30	0.01126	0.01104	0.01958	0.40877	0.28944	0.01220	0.11757	0.01466	0.01109	0.01501	0.00954	0.01349	0.00752	0.00503	0.00570	0.00169	0.03237	0.00484	0.00245	0.00679
31	0.00983	0.00926	0.01562	0.80447	0.03587	0.01157	0.01446	0.01331	0.01041	0.01331	0.00926	0.01388	0.00694	0.00521	0.00521	0.00174	0.00694	0.00463	0.00231	0.00579
32	0.00670	0.00530	0.00603	0.00585	0.00737	0.00463	0.00438	0.00853	0.01315	0.01712	0.37870	0.04510	0.45454	0.01205	0.00615	0.00170	0.00256	0.01029	0.00524	0.00463
33	0.01123	0.14800	0.65141	0.01390	0.02095	0.03576	0.01740	0.01648	0.01104	0.01574	0.00899	0.01055	0.00661	0.00488	0.00470	0.00156	0.00742	0.00367	0.00222	0.00749
34	0.01068	0.08060	0.73840	0.01444	0.02192	0.01267	0.01854	0.01643	0.01097	0.01621	0.00920	0.01082	0.00660	0.00491	0.00484	0.00161	0.00755	0.00378	0.00220	0.00763
35	0.00983	0.00926	0.01562	0.80447	0.03587	0.01157	0.01446	0.01331	0.01041	0.01331	0.00926	0.01388	0.00694	0.00521	0.00521	0.00174	0.00694	0.00463	0.00231	0.00579
36	0.00634	0.00453	0.00604	0.00725	0.00755	0.00423	0.00483	0.00725	0.00997	0.01329	0.02870	0.81358	0.03444	0.01632	0.00665	0.00211	0.00302	0.01480	0.00483	0.00423
37	0.01980	0.01459	0.01563	0.01198	0.01615	0.01615	0.00990	0.76713	0.02448	0.03282	0.01250	0.01250	0.00886	0.00625	0.00521	0.00156	0.00573	0.00469	0.00521	0.00886
38	0.02336	0.00886	0.01209	0.00927	0.01329	0.00765	0.00765	0.02538	0.01491	0.78810	0.02055	0.01773	0.01289	0.00645	0.00524	0.00161	0.00443	0.00524	0.00645	0.00886
39	0.00634	0.00453	0.00604	0.00725	0.00755	0.00423	0.00483	0.00725	0.00997	0.01329	0.02870	0.81358	0.03444	0.01632	0.00665	0.00211	0.00302	0.01480	0.00483	0.00423
40	0.85377	0.01007	0.00765	0.00685	0.01007	0.01168	0.00564	0.01531	0.00886	0.02336	0.00725	0.00846	0.00564	0.00483	0.00322	0.00161	0.00403	0.00282	0.00322	0.00564
41	0.01945	0.02482	0.01476	0.01342	0.01610	0.79608	0.01006	0.02079	0.01476	0.01275	0.00805	0.00939	0.00671	0.00537	0.00470	0.00134	0.00939	0.00335	0.00268	0.00604
42	0.01084	0.00753	0.00631	0.00610	0.00751	0.10972	0.00458	0.01313	0.01169	0.01863	0.06755	0.01940	0.01489	0.00628	0.00395	0.00126	0.00335	0.00496	0.67730	0.00501
43	0.00647	0.00529	0.00571	0.00560	0.00722	0.00453	0.00420	0.00808	0.01260	0.01581	0.23932	0.04725	0.59473	0.01254	0.00615	0.00173	0.00259	0.01059	0.00507	0.00453
44	0.01842	0.01070	0.01248	0.01023	0.01382	0.01117	0.00824	0.13662	0.33888	0.35067	0.01963	0.01767	0.01357	0.00668	0.00526	0.00167	0.00449	0.00543	0.00578	0.00860
45	0.01530	0.00753	0.00888	0.00761	0.01019	0.00741	0.00602	0.01987	0.15537	0.30431	0.04091	0.01935	0.01468	0.00652	0.00461	0.00148	0.00349	0.00532	0.35418	0.00697
46	0.01945	0.02482	0.01476	0.01342	0.01610	0.79608	0.01006	0.02079	0.01476	0.01275	0.00805	0.00939	0.00671	0.00537	0.00470	0.00134	0.00939	0.00335	0.00268	0.00604
47	0.01392	0.82012	0.02729	0.00891	0.01337	0.02061	0.00891	0.01559	0.01058	0.01225	0.00724	0.00835	0.00668	0.00446	0.00334	0.00111	0.00557	0.00278	0.00223	0.00668
48	0.00744	0.00558	0.00837	0.00837	0.00930	0.00651	0.00651	0.00930	0.00837	0.01209	0.01395	0.02046	0.01302	0.03906	0.79635	0.00837	0.01395	0.00558	0.00279	0.00465
49	0.00845	0.00645	0.00789	0.00733	0.00889	0.00646	0.00556	0.01327	0.16139	0.02106	0.63506	0.03514	0.04273	0.00996	0.00598	0.00166	0.00278	0.00874	0.00565	0.00556
50	0.47003	0.00951	0.00970	0.00797	0.01156	0.00982	0.00657	0.01996	0.01165	0.37676	0.01339	0.01274	0.00899	0.00558	0.00415	0.00161	0.00421	0.00394	0.00471	0.00713
51	0.00634	0.00453	0.00604	0.00725	0.00755	0.00423	0.00483	0.00725	0.00997	0.01329	0.02870	0.81358	0.03444	0.01632	0.00665	0.00211	0.00302	0.01480	0.00483	0.00423
52	0.00647	0.00520	0.00579	0.00596	0.00739	0.00452	0.00443	0.00795	0.01204	0.01509	0.16303	0.16436	0.52178	0.01331	0.00627	0.00182	0.00276	0.04240	0.00498	0.00447
53	0.01139	0.01139	0.01595	0.01367	0.01367	0.01595	0.01139	0.01253	0.00798	0.01253	0.00684	0.01139	0.00684	0.00911	0.01709	0.00228	0.80745	0.00456	0.00228	0.00570
54	0.01333	0.00957	0.01085	0.00936	0.01234	0.01006	0.00733	0.02258	0.44080	0.13976	0.15770	0.02180	0.02061	0.00729	0.00529	0.00162	0.00384	0.00614	0.00533	0.09441
55	0.01392	0.82012	0.02729	0.00891	0.01337	0.02061	0.00891	0.01559	0.01058	0.01225	0.00724	0.00835	0.00668	0.00446	0.00334	0.00111	0.00557	0.00278	0.00223	0.00668
56	0.00709	0.00546	0.00664	0.00725	0.00858	0.00501	0.00582	0.00881	0.01177	0.01479	0.06552	0.15372	0.36755	0.01397	0.00662	0.00205	0.00351	0.29646	0.00485	0.00455
57	0.01392	0.82012	0.02729	0.00891	0.01337	0.02061	0.00891	0.01559	0.01058	0.01225	0.00724	0.00835	0.00668	0.00446	0.00334	0.00111	0.00557	0.00278	0.00223	0.00668
58	0.01236	0.01103	0.01881	0.32306	0.42654	0.01180	0.04067	0.01558	0.01152	0.06369	0.01029	0.01361	0.00803	0.00496	0.00521	0.00163	0.00645	0.00472	0.00272	0.00731
59	0.01059	0.06032	0.75790	0.01459	0.02215	0.01245	0.01881	0.01645	0.01098	0.01631	0.00926	0.01088	0.00660	0.00493	0.00488	0.00163	0.00761	0.00380	0.00220	0.00765
60	0.01389	0.01165	0.01230	0.01079	0.01390	0.01339	0.00847	0.12876	0.67248	0.02329	0.02001	0.01848	0.01493	0.00695	0.00529	0.00174	0.00434	0.00572	0.00529	0.00833
61	0.01213	0.02417	0.66724	0.01401	0.02109	0.01158	0.01743	0.01797	0.03776	0.11188	0.01114	0.01212	0.00769	0.00521	0.00500	0.00165	0.00717	0.00409	0.00283	0.00786
62	0.01045	0.02694	0.79000	0.01484	0.02254	0.01209	0.01924	0.01649	0.01099	0.01649	0.00935	0.01099	0.00660	0.00495	0.00495	0.00165	0.00770	0.00385	0.00220	0.00770
63	0.00617	0.00523	0.00532	0.00540	0.00707	0.00439	0.00401	0.00746	0.01175	0.01402	0.05129	0.09671	0.73674	0.01338	0.00618	0.00178	0.00266	0.01122	0.00484	0.00439
64	0.00666	0.00530	0.00598	0.00581	0.00735	0.00461	0.00436	0.00846	0.01307	0.01693	0.35853	0.04541	0.47482	0.01212	0.00615	0.00171	0.00256	0.01033	0.00521	0.00461
65	0.01196	0.01638	0.16834	0.02066	0.02637	0.01297	0.63032	0.01665	0.01206	0.01665	0.01032	0.01349	0.00767	0.00449	0.00593	0.00174	0.00858	0.00573	0.00256	0.00715
66	0.01392	0.82012	0.02729	0.00891	0.01337	0.02061	0.00891	0.01559	0.01058	0.01225	0.00724	0.00835	0.00668	0.00446	0.00334	0.00111	0.00557	0.00278	0.00223	0.00668
67	0.00774	0.00544	0.00688	0.00645	0.00786	0.00493	0.00486	0.01001	0.01431	0.04625	0.64576	0.03986	0.15834	0.01088	0.00611	0.00166	0.00255	0.00951	0.00562	0.00497
68	0.00634	0.00453	0.00604	0.00725	0.00755	0.00423	0.00483	0.00725	0.00997	0.01329	0.02870	0.81358	0.03444	0.01632	0.00665	0.00211	0.00302	0.01480	0.00483	0.00423
69	0.37303	0.30046	0.01871	0.01035	0.01430	0.06063	0.12698	0.01595	0.01036	0.01773	0.00781	0.00936	0.00643	0.00466	0.00381	0.00144	0.00564	0.00336	0.00274	0.00625
70	0.00672	0.00530	0.00605	0.00587	0.00738	0.00464	0.00440	0.00856	0.01320	0.01722	0.38963	0.04493	0.44354	0.01201	0.00615	0.00170	0.00255	0.01026	0.00525	0.00464
71	0.01045	0.02694	0.79000	0.01484	0.02254	0.01209	0.01924	0.01649	0.01099	0.01649	0.00935	0.01099	0.00660	0.00495	0.00495	0.00165	0.00770	0.00385	0.00220	0.00770
72	0.00938	0.00577	0.00760	0.00689	0.00847	0.00526	0.00526	0.01178	0.01476	0.11719	0.68619	0.03624	0.04459	0.01012	0.00603	0.00163	0.00270	0.00889	0.00582	0.00541
73	0.00757	0.00505	0.00568	0.00568	0.00568	0.00505	0.00316	0.00757	0.00757	0.01010	0.01641	0.03408	0.01893	0.81698	0.02651	0.00505	0.00505	0.00757	0.00316	0.00316
74	0.00983	0.00926	0.01562	0.80447	0.03587	0.01157	0.01446	0.01331	0.01041	0.01331	0.00926	0.01388	0.00694	0.00521	0.00521	0.00174	0.00694	0.00463	0.00231	0.00579
75	0.01684	0.01084	0.01228	0.01034	0.01374	0.01168	0.00824	0.10498	0.46511	0.25561	0.02008	0.01818	0.01424	0.00679	0.00527	0.00170	0.00439	0.00556	0.00564	0.00850
76	0.01600	0.01198	0.01284	0.01045	0.01391	0.01310	0.00843	0.42213	0.21893	0.05875	0.02147	0.02047	0.13293	0.00757	0.00538	0.00165	0.00477	0.00602	0.00523	0.00799
77	0.00625	0.00528	0.00540	0.00537	0.00709	0.00444	0.00403	0.00765	0.01209	0.01459	0.10851	0.04926	0.72630	0.01299	0.00615	0.00175	0.00262	0.01087	0.00490	0.00444
78	0.26445	0.00921	0.01080	0.00856	0.01236	0.00882	0.00707	0.02246	0.01315	0.56608	0.01669	0.01504	0.01079	0.00598	0.00465	0.00161	0.00431	0.00454	0.00551	0.00793
79	0.71273	0.03867	0.00990	0.04276	0.08132	0.01205	0.00706	0.01529	0.00926	0.02198	0.00757	0.00908	0.00597	0.00482	0.00349	0.00159	0.00440	0.00306	0.00309	0.00592
80	0.01539	0.10981	0.02154	0.01572	0.01907	0.34659	0.25597	0.01774	0.01255	0.01394	0.00860	0.01106	0.00711	0.00546	0.00671	0.00158	0.11786	0.00436	0.00256	0.00639
81	0.00839	0.00568	0.00726	0.00745	0.00854	0.00547	0.00535	0.01113	0.08107	0.06695	0.27606	0.43429	0.03621	0.01297	0.00627	0.00189	0.00303	0.01160	0.00528	0.00512
82	0.00634	0.00453	0.00604	0.00725	0.00755	0.00423	0.00483	0.00725	0.00997	0.01329	0.02870	0.81358	0.03444	0.01632	0.00665	0.00211	0.00302	0.01480	0.00483	0.00423
83	0.00715	0.00531	0.00666	0.00632	0.00764	0.00482	0.00474	0.00940	0.01422	0.01965	0.64963	0.04093	0.18203	0.01111	0.00614	0.00166	0.00249	0.00970	0.00557	0.00482
84	0.85377	0.01007	0.00765	0.00685	0.01007	0.01168	0.00564	0.01531	0.00886	0.02336	0.00725	0.00846	0.00564	0.00483	0.00322	0.00161	0.00403	0.00282	0.00322	0.00564
85	0.01650	0.01295	0.01377	0.01131	0.01489	0.01461	0.00910	0.41076	0.38623	0.02750	0.01669	0.01584	0.01225	0.00664	0.00525	0.00166	0.00496	0.00527	0.00525	0.00856
86	0.00744	0.00558	0.00837	0.00837	0.00930	0.00651	0.00651	0.00930	0.00837	0.01209	0.01395	0.02046	0.01302	0.03906	0.79635	0.00837	0.01395	0.00558	0.00279	0.00465
87	0.01554	0.00959	0.01047	0.00865	0.01150	0.01019	0.00694	0.28498	0.10309	0.12955	0.01635	0.01672	0.01197	0.00630	0.00461	0.00146	0.00407	0.00496	0.33583	0.00721
88	0.00914	0.00799	0.01269	0.20218	0.10453	0.00930	0.02846	0.01159	0.01010	0.01418	0.10630	0.01923	0.01473	0.01968	0.32199	0.00440	0.08939	0.00563	0.00296	0.00553
89	0.00738	0.00497	0.00574	0.00593	0.00598	0.00492	0.00342	0.00752	0.00795	0.01060	0.01835	0.15708	0.02138	0.69064	0.02337	0.00459	0.00473	0.00871	0.00342	0.00333
90	0.01281	0.01181	0.01588	0.01305	0.01650	0.01300	0.17207	0.02529	0.61008	0.02068	0.01889	0.01827	0.01417	0.00649	0.00548	0.00176	0.00513	0.00594	0.00472	0.00798
91	0.01945	0.02482	0.01476	0.01342	0.01610	0.79608	0.01006	0.02079	0.01476	0.01275	0.00805	0.00939	0.00671	0.00537	0.00470	0.00134	0.00939	0.00335	0.00268	0.00604
92	0.01487	0.01742	0.02276	0.04818	0.16080	0.29219	0.33392	0.01790	0.01303	0.01522	0.00947	0.01217	0.00751	0.00481	0.00542	0.00157	0.00846	0.00482	0.00263	0.00685
93	0.85377	0.01007	0.00765	0.00685	0.01007	0.01168	0.00564	0.01531	0.00886	0.02336	0.00725	0.00846	0.00564	0.00483	0.00322	0.00161	0.00403	0.00282	0.00322	0.00564
94	0.80198	0.01000	0.00793	0.00700	0.01027	0.01143	0.00577	0.01594	0.00924	0.07106	0.00808	0.00904	0.00609	0.00493	0.00335	0.00161	0.00405	0.00297	0.00342	0.00584
95	0.00648	0.00475	0.00612	0.00716	0.00773	0.00439	0.00499	0.00755	0.01039	0.01358	0.03190	0.65096	0.13635	0.01574	0.00662	0.00209	0.00311	0.07098	0.00483	0.00430
96	0.00702	0.00507	0.00663	0.00675	0.00769	0.00468	0.00487	0.00895	0.01315	0.01831	0.52512	0.28963	0.05755	0.01253	0.00631	0.00179	0.00264	0.01119	0.00543	0.00468
97	0.01162	0.01178	0.01592	0.01366	0.01374	0.03820	0.01136	0.01277	0.00817	0.01254	0.00687	0.01134	0.00683	0.00901	0.01674	0.00225	0.78469	0.00452	0.00229	0.00571
98	0.01592	0.00865	0.01069	0.00884	0.01176	0.00847	0.00706	0.11179	0.11995	0.32250	0.28519	0.02470	0.02545	0.00797	0.00556	0.00164	0.00386	0.00672	0.00589	0.00740
99	0.06126	0.00836	0.01159	0.06378	0.17961	0.03511	0.01002	0.01241	0.01161	0.01595	0.02076	0.10064	0.02190	0.01096	0.00626	0.00207	0.00520	0.41286	0.00400	0.00565
100	0.01377	0.01100	0.01180	0.01049	0.01352	0.01254	0.00820	0.02749	0.71529	0.08207	0.02114	0.01930	0.01566	0.00702	0.00529	0.00175	0.00415	0.00584	0.00539	0.00829
101	0.01592	0.01250	0.01349	0.01074	0.01460	0.01340	0.00867	0.38950	0.26196	0.02632	0.01467	0.01440	0.01089	0.00606	0.00498	0.00148	0.00487	0.00477	0.00484	0.16591
102	0.01373	0.01334	0.11923	0.01271	0.08350	0.01209	0.01035	0.28463	0.15994	0.02371	0.11264	0.02122	0.06397	0.00741	0.00544	0.00167	0.00510	0.03712	0.00460	0.00759
103	0.01278	0.16534	0.29285	0.01605	0.02182	0.05320	0.28250	0.06460	0.01243	0.01665	0.00953	0.01162	0.00723	0.00476	0.00509	0.00157	0.00766	0.00450	0.00258	0.00726
104	0.01091	0.13206	0.68892	0.01406	0.02132	0.01322	0.01787	0.01637	0.01094	0.01593	0.00907	0.01064	0.00661	0.00488	0.00473	0.00158	0.00741	0.00371	0.00220	0.00756
105	0.00759	0.00574	0.00728	0.00805	0.00945	0.00542	0.00681	0.00961	0.01195	0.01504	0.03655	0.05567	0.29832	0.01396	0.00682	0.00217	0.00403	0.48608	0.00481	0.00465
106	0.01194	0.07681	0.61811	0.01443	0.02118	0.11984	0.03442	0.01703	0.01151	0.01571	0.00906	0.01068	0.00665	0.00496	0.00484	0.00158	0.00782	0.00377	0.00228	0.00739
107	0.01114	0.18548	0.63755	0.01366	0.02071	0.01380	0.01718	0.01631	0.01091	0.01564	0.00892	0.01047	0.00661	0.00485	0.00463	0.00154	0.00727	0.00364	0.00220	0.00749
108	0.00634	0.00453	0.00604	0.00725	0.00755	0.00423	0.00483	0.00725	0.00997	0.01329	0.02870	0.81358	0.03444	0.01632	0.00665	0.00211	0.00302	0.01480	0.00483	0.00423
109	0.01980	0.01459	0.01563	0.01198	0.01615	0.01615	0.00990	0.76713	0.02448	0.03282	0.01250	0.01250	0.00886	0.00625	0.00521	0.00156	0.00573	0.00469	0.00521	0.00886
110	0.01315	0.01794	0.29897	0.01768	0.02365	0.01203	0.39579	0.01780	0.01219	0.12207	0.01148	0.01346	0.00812	0.00487	0.00559	0.00170	0.00780	0.00520	0.00300	0.00751
111	0.00642	0.00458	0.00613	0.00733	0.00767	0.00429	0.00496	0.00738	0.01004	0.01337	0.02866	0.78710	0.03429	0.01625	0.00667	0.00212	0.00308	0.04058	0.00483	0.00425
112	0.00648	0.00465	0.00614	0.00711	0.00757	0.00432	0.00482	0.00760	0.01065	0.01431	0.12866	0.69258	0.05478	0.01549	0.00657	0.00204	0.00294	0.01400	0.00495	0.00432
113	0.01229	0.01405	0.03073	0.02195	0.02722	0.01317	0.76558	0.01668	0.01229	0.01668	0.01054	0.01405	0.00790	0.00439	0.00615	0.00176	0.00878	0.00615	0.00263	0.00702
114	0.00658	0.00529	0.00586	0.00572	0.00729	0.00458	0.00429	0.00829	0.01287	0.01644	0.30671	0.04621	0.52695	0.01230	0.00615	0.00172	0.00257	0.01044	0.00515	0.00458
115	0.01080	0.00926	0.01080	0.00771	0.01234	0.00694	0.00617	0.01311	0.01080	0.01697	0.00926	0.01080	0.00771	0.00386	0.00386	0.00077	0.00386	0.00309	0.00309	0.84882
116	0.00658	0.00472	0.00598	0.00681	0.00723	0.00441	0.00450	0.00747	0.01002	0.01329	0.07236	0.58556	0.09169	0.14208	0.00971	0.00252	0.00328	0.01305	0.00462	0.00411
117	0.01115	0.00894	0.00950	0.00864	0.01122	0.00960	0.00670	0.02037	0.45881	0.06362	0.04445	0.03009	0.27699	0.00917	0.00560	0.00175	0.00361	0.00764	0.00522	0.00692
118	0.01852	0.01151	0.01310	0.01060	0.01429	0.01225	0.00858	0.26203	0.28907	0.27466	0.01822	0.01667	0.01268	0.00660	0.00525	0.00165	0.00473	0.00529	0.00564	0.00864
119	0.85377	0.01007	0.00765	0.00685	0.01007	0.01168	0.00564	0.01531	0.00886	0.02336	0.00725	0.00846	0.00564	0.00483	0.00322	0.00161	0.00403	0.00282	0.00322	0.00564
120	0.01295	0.01119	0.01178	0.01060	0.01354	0.01295	0.00824	0.02767	0.77509	0.02178	0.02120	0.01943	0.01590	0.00707	0.00530	0.00177	0.00412	0.00589	0.00530	0.00824
121	0.00681	0.00530	0.00619	0.00597	0.00744	0.00468	0.00448	0.00875	0.01343	0.01776	0.44762	0.04404	0.38521	0.01181	0.00615	0.00169	0.00254	0.01014	0.00532	0.00468
122	0.01945	0.02482	0.01476	0.01342	0.01610	0.79608	0.01006	0.02079	0.01476	0.01275	0.00805	0.00939	0.00671	0.00537	0.00470	0.00134	0.00939	0.00335	0.00268	0.00604
123	0.00983	0.00926	0.01562	0.80447	0.03587	0.01157	0.01446	0.01331	0.01041	0.01331	0.00926	0.01388	0.00694	0.00521	0.00521	0.00174	0.00694	0.00463	0.00231	0.00579
124	0.85377	0.01007	0.00765	0.00685	0.01007	0.01168	0.00564	0.01531	0.00886	0.02336	0.00725	0.00846	0.00564	0.00483	0.00322	0.00161	0.00403	0.00282	0.00322	0.00564
125	0.01980	0.01459	0.01563	0.01198	0.01615	0.01615	0.00990	0.76713	0.02448	0.03282	0.01250	0.01250	0.00886	0.00625	0.00521	0.00156	0.00573	0.00469	0.00521	0.00886
126	0.01392	0.82012	0.02729	0.00891	0.01337	0.02061	0.00891	0.01559	0.01058	0.01225	0.00724	0.00835	0.00668	0.00446	0.00334	0.00111	0.00557	0.00278	0.00223	0.00668
127	0.00668	0.00481	0.00633	0.00697	0.00762	0.00446	0.00484	0.00811	0.01159	0.01582	0.27785	0.54036	0.05643	0.01437	0.00647	0.00195	0.00283	0.01294	0.00513	0.00446
128	0.00650	0.00518	0.00583	0.00589	0.00730	0.00451	0.00433	0.00807	0.01236	0.01576	0.24225	0.15368	0.48405	0.01295	0.00622	0.00178	0.00264	0.01111	0.00507	0.00451
129	0.73976	0.01069	0.00874	0.00755	0.01090	0.01229	0.00622	0.11809	0.01100	0.02466	0.00797	0.00901	0.00608	0.00503	0.00349	0.00160	0.00426	0.00308	0.00349	0.00608
130	0.07846	0.01068	0.01286	0.00993	0.01394	0.01051	0.00820	0.25023	0.01741	0.50671	0.01720	0.01551	0.01117	0.00628	0.00509	0.00160	0.00480	0.00491	0.00585	0.00864
131	0.85377	0.01007	0.00765	0.00685	0.01007	0.01168	0.00564	0.01531	0.00886	0.02336	0.00725	0.00846	0.00564	0.00483	0.00322	0.00161	0.00403	0.00282	0.00322	0.00564
132	0.00698	0.00503	0.00625	0.00698	0.00775	0.00470	0.00490	0.02781	0.01105	0.01477	0.07508	0.56064	0.14979	0.01463	0.00636	0.00198	0.00303	0.03889	0.04893	0.00447
133	0.00730	0.00539	0.00688	0.00686	0.00813	0.00497	0.00531	0.00950	0.01365	0.01865	0.51580	0.07641	0.16142	0.01188	0.00633	0.00180	0.00288	0.12666	0.00541	0.00478
134	0.01683	0.00742	0.00999	0.00816	0.01104	0.00653	0.00653	0.01902	0.01484	0.47450	0.33169	0.02638	0.02771	0.00816	0.00561	0.00162	0.00362	0.00695	0.00615	0.00725
135	0.01945	0.02482	0.01476	0.01342	0.01610	0.79608	0.01006	0.02079	0.01476	0.01275	0.00805	0.00939	0.00671	0.00537	0.00470	0.00134	0.00939	0.00335	0.00268	0.00604
136	0.01392	0.82012	0.02729	0.00891	0.01337	0.02061	0.00891	0.01559	0.01058	0.01225	0.00724	0.00835	0.00668	0.00446	0.00334	0.00111	0.00557	0.00278	0.00223	0.00668
137	0.00905	0.00452	0.00678	0.00678	0.00678	0.00452	0.00452	0.00678	0.00678	0.00905	0.00905	0.01583	0.00905	0.01809	0.02035	0.84848	0.00452	0.00452	0.00226	0.00226
138	0.01576	0.00951	0.01128	0.00912	0.01212	0.00959	0.00734	0.28373	0.01816	0.21672	0.29201	0.02458	0.05093	0.00812	0.00558	0.00161	0.00412	0.00674	0.00569	0.00729
139	0.23868	0.00903	0.01072	0.00852	0.01222	0.00859	0.00701	0.02211	0.01333	0.55691	0.04912	0.01621	0.01253	0.00620	0.00475	0.00161	0.00424	0.00478	0.00558	0.00786
140	0.00757	0.00505	0.00568	0.00568	0.00568	0.00505	0.00316	0.00757	0.00757	0.01010	0.01641	0.03408	0.01893	0.81698	0.02651	0.00505	0.00505	0.00757	0.00316	0.00316
141	0.00939	0.00492	0.00514	0.00509	0.00630	0.00486	0.00381	0.01182	0.01144	0.01962	0.12154	0.02208	0.01824	0.00669	0.00398	0.00127	0.00243	0.00548	0.73104	0.00486
142	0.85377	0.01007	0.00765	0.00685	0.01007	0.01168	0.00564	0.01531	0.00886	0.02336	0.00725	0.00846	0.00564	0.00483	0.00322	0.00161	0.00403	0.00282	0.00322	0.00564
143	0.00839	0.00599	0.00839	0.00959	0.01079	0.00599	0.00839	0.01079	0.01199	0.01558	0.02757	0.05874	0.02997	0.01439	0.00719	0.00240	0.00480	0.74945	0.00480	0.00480
144	0.01382	0.44046	0.24971	0.01119	0.01652	0.01722	0.01210	0.13645	0.02908	0.01700	0.00900	0.01003	0.00720	0.00494	0.00415	0.00136	0.00619	0.00347	0.00276	0.00736
145	0.01295	0.01119	0.01178	0.01060	0.01354	0.01295	0.00824	0.02767	0.77509	0.02178	0.02120	0.01943	0.01590	0.00707	0.00530	0.00177	0.00412	0.00589	0.00530	0.00824
146	0.01295	0.01119	0.01178	0.01060	0.01354	0.01295	0.00824	0.02767	0.77509	0.02178	0.02120	0.01943	0.01590	0.00707	0.00530	0.00177	0.00412	0.00589	0.00530	0.00824
147	0.02330	0.00896	0.01215	0.00931	0.01334	0.00780	0.00769	0.03856	0.01508	0.77469	0.02040	0.01763	0.01282	0.00644	0.00524	0.00161	0.00445	0.00523	0.00642	0.00886
148	0.01139	0.00890	0.00953	0.00863	0.01122	0.00950	0.00670	0.02036	0.44318	0.07953	0.05510	0.02989	0.26620	0.00912	0.00560	0.00175	0.00361	0.00761	0.00525	0.00694
149	0.01045	0.02694	0.79000	0.01484	0.02254	0.01209	0.01924	0.01649	0.01099	0.01649	0.00935	0.01099	0.00660	0.00495	0.00495	0.00165	0.00770	0.00385	0.00220	0.00770
150	0.00658	0.00489	0.00620	0.00714	0.00788	0.00451	0.00513	0.00778	0.01066	0.01377	0.03375	0.54524	0.19563	0.01538	0.00662	0.00208	0.00318	0.11441	0.00483	0.00434
151	0.02206	0.01185	0.01327	0.01037	0.01431	0.08316	0.00847	0.22058	0.01742	0.51687	0.01726	0.01557	0.01125	0.00629	0.00518	0.00157	0.00523	0.00492	0.00577	0.00860
152	0.00857	0.00648	0.00750	0.00702	0.00880	0.00630	0.00533	0.01287	0.15162	0.04584	0.39071	0.05182	0.25579	0.01069	0.00597	0.00170	0.00289	0.00919	0.00540	0.00549
153	0.00666	0.00530	0.00597	0.00580	0.00734	0.00461	0.00435	0.00845	0.01306	0.01689	0.35510	0.04547	0.47827	0.01213	0.00615	0.00171	0.00256	0.01034	0.00521	0.00461
154	0.01045	0.02694	0.79000	0.01484	0.02254	0.01209	0.01924	0.01649	0.01099	0.01649	0.00935	0.01099	0.00660	0.00495	0.00495	0.00165	0.00770	0.00385	0.00220	0.00770
155	0.01120	0.01067	0.01800	0.44516	0.35640	0.01207	0.01501	0.01443	0.01095	0.01487	0.00940	0.01337	0.00750	0.00510	0.00560	0.00167	0.03470	0.00463	0.00243	0.00684
156	0.00668	0.00533	0.00600	0.00594	0.00749	0.00466	0.00452	0.00842	0.01280	0.01634	0.28538	0.04702	0.50326	0.01244	0.00621	0.00176	0.00270	0.05335	0.00512	0.00459
157	0.00757	0.00505	0.00568	0.00568	0.00568	0.00505	0.00316	0.00757	0.00757	0.01010	0.01641	0.03408	0.01893	0.81698	0.02651	0.00505	0.00505	0.00757	0.00316	0.00316
158	0.01304	0.01291	0.02138	0.05134	0.68157	0.04456	0.06642	0.01615	0.01197	0.01672	0.00976	0.01285	0.00813	0.00467	0.00521	0.00156	0.00651	0.00469	0.00258	0.00801
159	0.00637	0.00463	0.00601	0.00704	0.00752	0.00427	0.00476	0.00738	0.01034	0.01368	0.06257	0.71193	0.10271	0.01579	0.00658	0.00206	0.00296	0.01423	0.00487	0.00427
160	0.13438	0.01597	0.01285	0.01090	0.01424	0.31820	0.00857	0.09369	0.06133	0.26041	0.01310	0.01280	0.00927	0.00582	0.00475	0.00151	0.00643	0.00416	0.00434	0.00728
161	0.01519	0.01702	0.04097	0.15551	0.01880	0.34196	0.01034	0.08905	0.14299	0.01664	0.01360	0.01467	0.05356	0.00608	0.00500	0.00152	0.00703	0.00459	0.00342	0.04206
162	0.01144	0.00859	0.00998	0.08066	0.04524	0.05277	0.00710	0.01383	0.03869	0.13682	0.02729	0.02726	0.28542	0.01072	0.06751	0.00204	0.00501	0.00676	0.00418	0.15868
163	0.03843	0.01954	0.31669	0.01302	0.03502	0.10901	0.01305	0.18464	0.09551	0.04428	0.01143	0.01219	0.00839	0.00546	0.00489	0.00153	0.00655	0.00416	0.00349	0.07271
164	0.04763	0.39426	0.07524	0.01223	0.01628	0.05706	0.15018	0.03511	0.01123	0.01448	0.00939	0.01314	0.00836	0.00593	0.00576	0.03119	0.05638	0.04707	0.00260	0.00647
165	0.01358	0.01143	0.01572	0.01333	0.04781	0.10696	0.19565	0.04302	0.07213	0.13590	0.07663	0.12337	0.01741	0.07282	0.00742	0.00199	0.00594	0.02823	0.00416	0.00649
166	0.01761	0.07415	0.01861	0.01579	0.08701	0.44836	0.12958	0.07232	0.01452	0.06014	0.00958	0.01108	0.00754	0.00521	0.00494	0.00144	0.00820	0.00408	0.00303	0.00680

[dist]
# distance from previous block
# <min> <max>
0	6

[block]
# block no. 3 follows, 47 sequences, length 16
# corresponding to MSA columns:
# 1237-1252
name=unknown_D
#
# <colnr> <probs for GDERKNQSTAVLIFYWHMCP>
#	G	D	E	R	K	N	Q	S	T	A	V	L	I	F	Y	W	H	M	C	P
0	0.00974	0.03666	0.00937	0.05683	0.05083	0.00682	0.00674	0.03919	0.01270	0.09521	0.17611	0.19103	0.20246	0.01123	0.00600	0.00180	0.00372	0.07325	0.00482	0.00549
1	0.00981	0.09104	0.21252	0.08002	0.01525	0.00993	0.01012	0.04901	0.06859	0.01689	0.15067	0.02613	0.16617	0.04995	0.00645	0.00182	0.00500	0.02071	0.00379	0.00612
2	0.09919	0.42785	0.07518	0.02968	0.04514	0.06224	0.10310	0.01617	0.03926	0.01488	0.01018	0.01156	0.03582	0.00502	0.00415	0.00137	0.00607	0.00384	0.00263	0.00666
3	0.01557	0.34118	0.09888	0.01100	0.01534	0.11770	0.01024	0.20233	0.09210	0.01886	0.01031	0.01095	0.00817	0.00532	0.00435	0.00137	0.00614	0.00376	0.00334	0.02311
4	0.00859	0.00714	0.00815	0.00780	0.00895	0.04707	0.00570	0.00984	0.01022	0.01379	0.09789	0.18648	0.06879	0.21101	0.06116	0.00298	0.06866	0.06316	0.00385	0.10876
5	0.01278	0.01152	0.01728	0.02309	0.47964	0.01164	0.01266	0.06974	0.12568	0.01899	0.05201	0.01601	0.01198	0.00557	0.00515	0.00153	0.00539	0.02196	0.00343	0.09395
6	0.00928	0.00615	0.00812	0.00819	0.00943	0.00639	0.00606	0.01236	0.10478	0.09347	0.05272	0.35826	0.02393	0.02095	0.24984	0.00393	0.00665	0.00966	0.00446	0.00536
