[name]
unknown

[dist]
# distance from previous block
# <min> <max>
0	92

[block]
# block no. 0 follows, 51 sequences, length 8
# corresponding to MSA columns:
# 98-105
name=unknown_A
#
# <colnr> <probs for GDERKNQSTAVLIFYWHMCP>
#	G	D	E	R	K	N	Q	S	T	A	V	L	I	F	Y	W	H	M	C	P
0	0.11463	0.01029	0.02672	0.01109	0.03989	0.03560	0.09660	0.13120	0.05853	0.18981	0.01564	0.06903	0.01322	0.00707	0.00506	0.00162	0.00497	0.11172	0.00428	0.05302
1	0.04715	0.00986	0.01267	0.01376	0.19676	0.01017	0.00884	0.19979	0.09816	0.08905	0.15018	0.05873	0.04087	0.00690	0.00504	0.00152	0.00436	0.00589	0.00435	0.03595
2	0.12835	0.01064	0.01525	0.04415	0.37364	0.01077	0.01102	0.10086	0.01284	0.22720	0.01189	0.01281	0.00865	0.00504	0.00465	0.00149	0.00510	0.00431	0.00375	0.00760
3	0.11210	0.06061	0.01397	0.01353	0.19919	0.01029	0.00888	0.10980	0.01267	0.19665	0.01132	0.01195	0.00836	0.00479	0.00429	0.00128	0.00462	0.00386	0.00373	0.20811
4	0.17801	0.01383	0.01357	0.01237	0.09366	0.12505	0.00908	0.41175	0.01735	0.06414	0.01039	0.01095	0.00763	0.00538	0.00449	0.00145	0.00557	0.00393	0.00403	0.00735
5	0.01279	0.01287	0.01933	0.02838	0.71698	0.09281	0.01451	0.01554	0.01147	0.01564	0.00908	0.01183	0.00764	0.00445	0.00482	0.00144	0.00615	0.00425	0.00244	0.00757
6	0.01235	0.01107	0.01742	0.05454	0.56375	0.01131	0.01298	0.12186	0.01314	0.01845	0.10307	0.01507	0.01241	0.00529	0.00499	0.00148	0.00539	0.00492	0.00313	0.00740
7	0.09351	0.05172	0.01631	0.01778	0.30194	0.01169	0.07690	0.01923	0.23043	0.11103	0.01320	0.01394	0.01001	0.00522	0.00474	0.00153	0.00508	0.00465	0.00364	0.00745

[dist]
# distance from previous block
# <min> <max>
7	23

[block]
# block no. 1 follows, 51 sequences, length 103
# corresponding to MSA columns:
# 129-231
name=unknown_B
#
# <colnr> <probs for GDERKNQSTAVLIFYWHMCP>
#	G	D	E	R	K	N	Q	S	T	A	V	L	I	F	Y	W	H	M	C	P
0	0.32378	0.01038	0.03328	0.01518	0.27770	0.01053	0.00927	0.01564	0.08985	0.03965	0.06320	0.01287	0.01029	0.00507	0.00418	0.00146	0.00449	0.00407	0.00324	0.06585
1	0.01031	0.00889	0.01289	0.01487	0.24649	0.00868	0.06600	0.04429	0.10898	0.04996	0.04341	0.04039	0.28499	0.00790	0.00530	0.00156	0.00433	0.00698	0.00388	0.02989
2	0.01083	0.02809	0.01482	0.27015	0.27100	0.01063	0.01155	0.01566	0.14878	0.03626	0.11867	0.01693	0.01404	0.00577	0.00499	0.00156	0.00518	0.00518	0.00330	0.00660
3	0.01200	0.09184	0.03384	0.01050	0.01377	0.01055	0.11779	0.13367	0.13025	0.05723	0.11614	0.03910	0.04763	0.00703	0.00509	0.00151	0.00474	0.07221	0.00410	0.09101
4	0.01428	0.01611	0.01655	0.15456	0.34103	0.34526	0.01250	0.01656	0.01211	0.01378	0.00847	0.01094	0.00697	0.00476	0.00469	0.00141	0.00723	0.00387	0.00243	0.00652
5	0.01323	0.12898	0.01427	0.00954	0.01292	0.07166	0.00792	0.20309	0.01327	0.01811	0.00958	0.04272	0.00824	0.00549	0.00564	0.00123	0.10810	0.00388	0.00323	0.31890
6	0.00841	0.00682	0.00850	0.00774	0.00957	0.00636	0.00577	0.04012	0.01005	0.01443	0.01814	0.43158	0.02030	0.01028	0.00622	0.00155	0.07911	0.00883	0.00377	0.30247
7	0.00684	0.00597	0.00613	0.02839	0.00808	0.04385	0.00455	0.00807	0.01076	0.01319	0.06462	0.21278	0.47072	0.05174	0.00667	0.00182	0.00314	0.01014	0.00428	0.03825
8	0.00705	0.00478	0.00533	0.00533	0.00546	0.00472	0.00303	0.00714	0.00745	0.00981	0.01805	0.03329	0.07589	0.76643	0.02358	0.00453	0.00459	0.00739	0.00310	0.00307
9	0.01111	0.03531	0.53826	0.01435	0.02055	0.01155	0.14603	0.04531	0.04376	0.05128	0.02979	0.01215	0.00816	0.00490	0.00490	0.00156	0.00693	0.00428	0.00264	0.00718
10	0.01185	0.01081	0.01795	0.17720	0.54690	0.01130	0.01388	0.01468	0.01082	0.04648	0.00939	0.01237	0.00764	0.00473	0.00538	0.00150	0.04597	0.00433	0.00254	0.04430
11	0.01285	0.01056	0.01421	0.01714	0.30027	0.01122	0.01028	0.02102	0.39477	0.08685	0.01590	0.03708	0.01237	0.00593	0.00495	0.00156	0.00460	0.00523	0.00409	0.02912
12	0.01093	0.00973	0.01345	0.08487	0.23283	0.00873	0.00923	0.03311	0.03059	0.01622	0.00924	0.01125	0.00758	0.00409	0.00416	0.00106	0.00456	0.00356	0.00282	0.50199
13	0.01030	0.00978	0.01658	0.53758	0.30377	0.01119	0.01416	0.01345	0.01031	0.01379	0.00891	0.01277	0.00699	0.00472	0.00490	0.00157	0.00630	0.00437	0.00227	0.00628
14	0.01787	0.09791	0.01538	0.01162	0.01492	0.37898	0.00929	0.34300	0.03140	0.02020	0.00953	0.01019	0.00735	0.00536	0.00452	0.00134	0.00695	0.00369	0.00355	0.00693
15	0.01125	0.01164	0.00863	0.00816	0.00914	0.29947	0.00553	0.01181	0.00967	0.01054	0.01247	0.02297	0.01336	0.48645	0.05616	0.00364	0.00668	0.00559	0.00280	0.00405
16	0.13652	0.00757	0.01008	0.35847	0.01923	0.00866	0.00864	0.01084	0.01007	0.01437	0.04172	0.02451	0.27720	0.00774	0.00549	0.00165	0.04281	0.00627	0.00321	0.00497
17	0.00594	0.00489	0.00522	0.00533	0.00677	0.00418	0.00393	0.00724	0.01124	0.01381	0.11911	0.14489	0.62528	0.01259	0.00587	0.00169	0.00252	0.01068	0.00465	0.00418
18	0.86201	0.00950	0.00722	0.00646	0.00950	0.01102	0.00532	0.01445	0.00836	0.02205	0.00684	0.00798	0.00532	0.00456	0.00304	0.00152	0.00380	0.00266	0.00304	0.00532
19	0.33645	0.00704	0.00732	0.08512	0.01052	0.00770	0.00560	0.01191	0.01083	0.01970	0.29733	0.02058	0.02160	0.00678	0.00429	0.00148	0.00330	0.00540	0.13205	0.00497
20	0.32718	0.17940	0.01339	0.00872	0.01201	0.17262	0.00729	0.07708	0.01173	0.11482	0.00917	0.00979	0.00700	0.00491	0.00374	0.00136	0.00525	0.00323	0.02512	0.00619
21	0.00609	0.00499	0.00537	0.00528	0.00681	0.00427	0.00396	0.00760	0.01187	0.01486	0.23366	0.04468	0.60977	0.01185	0.00581	0.00163	0.00245	0.01000	0.00477	0.00427
22	0.00985	0.00985	0.01827	0.61869	0.03183	0.01129	0.20310	0.01334	0.01027	0.01334	0.00903	0.01314	0.00678	0.00472	0.00513	0.00164	0.00698	0.00472	0.00226	0.00575
23	0.01175	0.00878	0.01075	0.00776	0.01207	0.00676	0.02274	0.01394	0.01072	0.11692	0.01013	0.01110	0.00791	0.00396	0.00385	0.00085	0.00381	0.00324	0.00331	0.72965
24	0.01077	0.01025	0.01743	0.41015	0.42755	0.01131	0.01439	0.01386	0.01053	0.01436	0.00900	0.01262	0.00719	0.00464	0.00489	0.00155	0.00618	0.00437	0.00231	0.00666
25	0.01009	0.00889	0.01365	0.30451	0.21838	0.00979	0.01102	0.05340	0.06985	0.01657	0.18218	0.05072	0.01733	0.00650	0.00515	0.00158	0.00504	0.00583	0.00340	0.00614
26	0.01399	0.50056	0.13956	0.01035	0.01458	0.22189	0.01016	0.01611	0.01106	0.01228	0.00733	0.00851	0.00630	0.00450	0.00371	0.00118	0.00649	0.00292	0.00221	0.00629
27	0.00599	0.00428	0.00570	0.00684	0.00713	0.00399	0.00456	0.00684	0.00941	0.01254	0.02709	0.82409	0.03250	0.01540	0.00627	0.00200	0.00285	0.01397	0.00456	0.00399
28	0.01689	0.01287	0.01374	0.01094	0.01456	0.01440	0.00891	0.57094	0.23533	0.02808	0.01408	0.01361	0.01020	0.00611	0.00494	0.00153	0.00499	0.00474	0.00494	0.00820
29	0.01034	0.00981	0.01665	0.52726	0.31381	0.01120	0.01417	0.01348	0.01033	0.01384	0.00892	0.01276	0.00700	0.00472	0.00490	0.00157	0.00629	0.00437	0.00228	0.00631
30	0.00705	0.00514	0.00727	0.00727	0.00793	0.00580	0.00536	0.00837	0.00771	0.01094	0.01374	0.02249	0.01367	0.23257	0.61399	0.00712	0.01108	0.00573	0.00272	0.00404
31	0.00691	0.00502	0.00651	0.00614	0.00732	0.00462	0.00461	0.00920	0.01382	0.01948	0.76782	0.03708	0.07273	0.01013	0.00580	0.00155	0.00232	0.00894	0.00538	0.00462
32	0.01136	0.01087	0.01843	0.23758	0.57308	0.01157	0.01458	0.01432	0.01073	0.01501	0.00903	0.01237	0.00742	0.00464	0.00519	0.00153	0.02844	0.00437	0.00236	0.00710
33	0.00834	0.00439	0.00659	0.00659	0.00670	0.00451	0.00451	0.00670	0.00659	0.00890	0.00912	0.01549	0.00901	0.01958	0.11933	0.74921	0.00540	0.00439	0.00220	0.00242
34	0.01019	0.00873	0.01019	0.00728	0.01165	0.00655	0.00582	0.01237	0.01019	0.01601	0.00873	0.01019	0.00728	0.00364	0.00364	0.00073	0.00364	0.00291	0.00291	0.85734
35	0.01097	0.01045	0.01778	0.35651	0.47965	0.01136	0.01449	0.01403	0.01062	0.01460	0.00903	0.01255	0.00727	0.00460	0.00489	0.00153	0.00613	0.00437	0.00233	0.00682
36	0.00735	0.00573	0.00842	0.00823	0.00900	0.00687	0.00642	0.00898	0.00783	0.01137	0.01267	0.01909	0.01201	0.06742	0.70551	0.00726	0.08358	0.00526	0.00260	0.00442
37	0.00614	0.00493	0.00548	0.00548	0.00688	0.00427	0.00406	0.00765	0.01179	0.01499	0.25404	0.11263	0.52030	0.01204	0.00585	0.00166	0.00247	0.01028	0.00480	0.00427
38	0.00819	0.00721	0.01161	0.47438	0.06096	0.00836	0.01031	0.01054	0.00974	0.01272	0.01563	0.31683	0.01633	0.00881	0.00542	0.00176	0.00513	0.00796	0.00309	0.00502
39	0.00598	0.00466	0.00544	0.00593	0.00692	0.00411	0.00419	0.00713	0.01058	0.01343	0.09642	0.40572	0.38474	0.01363	0.00602	0.00181	0.00264	0.01192	0.00463	0.00411
40	0.01160	0.01326	0.02900	0.02071	0.02568	0.01243	0.77879	0.01574	0.01160	0.01574	0.00994	0.01326	0.00746	0.00414	0.00580	0.00166	0.00829	0.00580	0.00249	0.00663
41	0.00928	0.00873	0.01474	0.81548	0.03385	0.01092	0.01365	0.01256	0.00983	0.01256	0.00873	0.01310	0.00655	0.00491	0.00491	0.00164	0.00655	0.00437	0.00218	0.00546
42	0.01181	0.01268	0.02568	0.02418	0.30864	0.01215	0.49850	0.01550	0.01145	0.01586	0.00969	0.01285	0.00758	0.00423	0.00546	0.00158	0.00739	0.00528	0.00247	0.00705
43	0.01068	0.01013	0.01706	0.38382	0.40931	0.01123	0.01398	0.01363	0.01036	0.01418	0.00911	0.01310	0.00747	0.02754	0.00574	0.00165	0.02767	0.00445	0.00233	0.00654
44	0.01174	0.01067	0.01703	0.36809	0.36687	0.01180	0.01373	0.11114	0.01211	0.01643	0.00935	0.01252	0.00732	0.00480	0.00489	0.00154	0.00609	0.00438	0.00264	0.00685
45	0.00716	0.00571	0.00650	0.00618	0.00775	0.00540	0.00467	0.01051	0.11106	0.01720	0.39289	0.03868	0.34689	0.01059	0.00570	0.00161	0.00259	0.00907	0.00501	0.00484
46	0.00598	0.00431	0.00566	0.00675	0.00710	0.00400	0.00452	0.00685	0.00950	0.01258	0.02827	0.78348	0.07234	0.01524	0.00625	0.00198	0.00283	0.01378	0.00456	0.00400
47	0.00661	0.00472	0.00642	0.00755	0.00811	0.00453	0.00564	0.00792	0.01002	0.01324	0.02674	0.57635	0.03114	0.01481	0.00644	0.00208	0.00339	0.25556	0.00455	0.00416
48	0.01107	0.01430	0.13001	0.12073	0.02613	0.01210	0.58044	0.01531	0.01121	0.01531	0.00964	0.01285	0.00718	0.00431	0.00554	0.00164	0.00793	0.00533	0.00239	0.00656
49	0.00928	0.00873	0.01474	0.81548	0.03385	0.01092	0.01365	0.01256	0.00983	0.01256	0.00873	0.01310	0.00655	0.00491	0.00491	0.00164	0.00655	0.00437	0.00218	0.00546
50	0.00599	0.00428	0.00570	0.00684	0.00713	0.00399	0.00456	0.00684	0.00941	0.01254	0.02709	0.82409	0.03250	0.01540	0.00627	0.00200	0.00285	0.01397	0.00456	0.00399
51	0.01216	0.01168	0.01995	0.03016	0.79664	0.01168	0.01508	0.01508	0.01119	0.01605	0.00924	0.01216	0.00778	0.00438	0.00487	0.00146	0.00584	0.00438	0.00243	0.00778
52	0.00666	0.00501	0.00616	0.00587	0.00716	0.00451	0.00440	0.00870	0.01321	0.01804	0.60172	0.03944	0.23973	0.01067	0.00580	0.00158	0.00236	0.00927	0.00519	0.00451
53	0.01019	0.00873	0.01019	0.00728	0.01165	0.00655	0.00582	0.01237	0.01019	0.01601	0.00873	0.01019	0.00728	0.00364	0.00364	0.00073	0.00364	0.00291	0.00291	0.85734
54	0.01019	0.00873	0.01019	0.00728	0.01165	0.00655	0.00582	0.01237	0.01019	0.01601	0.00873	0.01019	0.00728	0.00364	0.00364	0.00073	0.00364	0.00291	0.00291	0.85734
55	0.01991	0.00998	0.01221	0.00956	0.01325	0.00984	0.00786	0.22850	0.09039	0.50156	0.01753	0.01633	0.01173	0.00624	0.00498	0.00154	0.00449	0.02024	0.00563	0.00823
56	0.00585	0.00482	0.00514	0.00541	0.00675	0.00411	0.00392	0.00700	0.01079	0.01311	0.04457	0.22576	0.61954	0.01312	0.00591	0.00174	0.00257	0.01120	0.00456	0.00411
57	0.01836	0.02342	0.01393	0.01266	0.01519	0.80756	0.00950	0.01962	0.01393	0.01203	0.00760	0.00886	0.00633	0.00506	0.00443	0.00127	0.00886	0.00317	0.00253	0.00570
58	0.01160	0.01326	0.02900	0.02071	0.02568	0.01243	0.77879	0.01574	0.01160	0.01574	0.00994	0.01326	0.00746	0.00414	0.00580	0.00166	0.00829	0.00580	0.00249	0.00663
59	0.00715	0.00476	0.00536	0.00536	0.00536	0.00476	0.00298	0.00715	0.00715	0.00953	0.01548	0.03216	0.01787	0.82729	0.02501	0.00476	0.00476	0.00715	0.00298	0.00298
60	0.01594	0.01737	0.01324	0.01227	0.04553	0.41121	0.00909	0.09756	0.29263	0.01714	0.01254	0.01269	0.00970	0.00570	0.00470	0.00144	0.00661	0.00420	0.00365	0.00679
61	0.00941	0.00806	0.01113	0.01000	0.01056	0.01051	0.00812	0.03039	0.00841	0.01299	0.01023	0.01483	0.00939	0.01837	0.30017	0.00408	0.40304	0.00469	0.11063	0.00499
62	0.01200	0.01033	0.01092	0.00984	0.01255	0.01191	0.00765	0.02541	0.75541	0.02052	0.05236	0.01910	0.01631	0.00681	0.00503	0.00166	0.00382	0.00570	0.00502	0.00765
63	0.00597	0.00446	0.00556	0.00639	0.00702	0.00405	0.00437	0.00696	0.00994	0.01290	0.05260	0.62308	0.20969	0.01457	0.00615	0.00191	0.00275	0.01300	0.00458	0.00405
64	0.03139	0.52997	0.02109	0.00895	0.01309	0.01691	0.00830	0.20008	0.01315	0.01694	0.00823	0.00908	0.00689	0.00456	0.00363	0.00113	0.00509	0.00309	0.00289	0.09553
65	0.01206	0.01157	0.01976	0.05797	0.76963	0.01165	0.01503	0.01499	0.01114	0.01593	0.00923	0.01220	0.00774	0.00440	0.00487	0.00147	0.00586	0.00438	0.00242	0.00770
66	0.05213	0.01763	0.01400	0.01163	0.01492	0.35829	0.00919	0.39917	0.01829	0.04372	0.00999	0.01051	0.00746	0.00549	0.00463	0.00139	0.00681	0.00382	0.00384	0.00708
67	0.01160	0.01326	0.02900	0.02071	0.02568	0.01243	0.77879	0.01574	0.01160	0.01574	0.00994	0.01326	0.00746	0.00414	0.00580	0.00166	0.00829	0.00580	0.00249	0.00663
68	0.01601	0.01024	0.01162	0.00976	0.01299	0.01102	0.00779	0.11188	0.46008	0.26358	0.01887	0.01709	0.01336	0.00640	0.00497	0.00160	0.00415	0.00524	0.00533	0.00803
69	0.10585	0.01114	0.01751	0.03410	0.01717	0.01184	0.27823	0.19639	0.01342	0.01948	0.06045	0.09686	0.01231	0.00664	0.00644	0.00168	0.09472	0.00596	0.00348	0.00633
70	0.01209	0.31359	0.05866	0.01593	0.02071	0.01496	0.46568	0.01536	0.01096	0.01420	0.00876	0.01117	0.00699	0.00419	0.00478	0.00143	0.00713	0.00455	0.00233	0.00654
71	0.00599	0.00428	0.00570	0.00684	0.00713	0.00399	0.00456	0.00684	0.00941	0.01254	0.02709	0.82409	0.03250	0.01540	0.00627	0.00200	0.00285	0.01397	0.00456	0.00399
72	0.00673	0.00484	0.00651	0.00751	0.00820	0.00463	0.00572	0.00819	0.01044	0.01380	0.07664	0.46995	0.06262	0.01429	0.00641	0.00205	0.00340	0.27924	0.00460	0.00423
73	0.01288	0.01440	0.01493	0.44775	0.09798	0.30337	0.01226	0.01538	0.01146	0.01269	0.00836	0.01146	0.00658	0.00492	0.00473	0.00148	0.00733	0.00393	0.00233	0.00576
74	0.00658	0.00453	0.00553	0.00609	0.00623	0.00439	0.00375	0.00700	0.00826	0.01101	0.02117	0.42042	0.02504	0.42924	0.01582	0.00341	0.00383	0.01049	0.00375	0.00347
75	0.00623	0.00445	0.00598	0.00712	0.00752	0.00420	0.00499	0.00727	0.00965	0.01282	0.02695	0.72649	0.03197	0.01516	0.00634	0.00203	0.00306	0.10914	0.00456	0.00406
76	0.14149	0.01192	0.04587	0.03599	0.26614	0.04848	0.01054	0.14810	0.01358	0.21331	0.01173	0.01241	0.00844	0.00514	0.00460	0.00149	0.00527	0.00418	0.00383	0.00749
77	0.07942	0.01255	0.08572	0.02191	0.47820	0.04256	0.01280	0.01708	0.02408	0.16226	0.01102	0.01250	0.00833	0.00480	0.00471	0.00148	0.00559	0.00426	0.00317	0.00757
78	0.00702	0.00527	0.00790	0.00790	0.00878	0.00614	0.00614	0.00878	0.00790	0.01141	0.01316	0.01931	0.01229	0.03686	0.80782	0.00790	0.01316	0.00527	0.00263	0.00439
79	0.01210	0.01161	0.01983	0.04711	0.78017	0.01166	0.01505	0.01503	0.01116	0.01598	0.00923	0.01218	0.00776	0.00439	0.00487	0.00146	0.00585	0.00438	0.00243	0.00773
80	0.01019	0.00873	0.01019	0.00728	0.01165	0.00655	0.00582	0.01237	0.01019	0.01601	0.00873	0.01019	0.00728	0.00364	0.00364	0.00073	0.00364	0.00291	0.00291	0.85734
81	0.00986	0.02542	0.80183	0.01401	0.02127	0.01141	0.01816	0.01556	0.01038	0.01556	0.00882	0.01038	0.00623	0.00467	0.00467	0.00156	0.00726	0.00363	0.00208	0.00726
82	0.01448	0.01168	0.01238	0.01046	0.01364	0.01328	0.00833	0.29000	0.52020	0.02420	0.01713	0.01605	0.01268	0.00640	0.00497	0.00160	0.00442	0.00516	0.00497	0.00798
83	0.01089	0.01011	0.01713	0.42969	0.39259	0.01120	0.01420	0.01397	0.01055	0.02984	0.00919	0.01273	0.00724	0.00468	0.00489	0.00155	0.00617	0.00438	0.00238	0.00661
84	0.10612	0.03051	0.03948	0.01432	0.21488	0.01020	0.00943	0.10060	0.07477	0.24657	0.02992	0.05643	0.01154	0.00597	0.00472	0.00152	0.00465	0.00499	0.02605	0.00735
85	0.01018	0.10576	0.72436	0.01345	0.02041	0.01221	0.01718	0.01548	0.01034	0.01516	0.00862	0.01013	0.00623	0.00462	0.00452	0.00151	0.00706	0.00353	0.00208	0.00717
86	0.01216	0.01168	0.01995	0.03016	0.79664	0.01168	0.01508	0.01508	0.01119	0.01605	0.00924	0.01216	0.00778	0.00438	0.00487	0.00146	0.00584	0.00438	0.00243	0.00778
87	0.01407	0.01135	0.01833	0.02567	0.62552	0.01129	0.01352	0.07280	0.01248	0.13062	0.01090	0.01280	0.00846	0.00474	0.00488	0.00147	0.00557	0.00446	0.00314	0.00791
88	0.01712	0.01163	0.10103	0.01546	0.17193	0.00938	0.13098	0.01999	0.01271	0.43614	0.01474	0.01459	0.00991	0.00529	0.00503	0.00153	0.00549	0.00482	0.00436	0.00786
89	0.00928	0.00873	0.01474	0.81548	0.03385	0.01092	0.01365	0.01256	0.00983	0.01256	0.00873	0.01310	0.00655	0.00491	0.00491	0.00164	0.00655	0.00437	0.00218	0.00546
90	0.00599	0.00428	0.00570	0.00684	0.00713	0.00399	0.00456	0.00684	0.00941	0.01254	0.02709	0.82409	0.03250	0.01540	0.00627	0.00200	0.00285	0.01397	0.00456	0.00399
91	0.00700	0.00589	0.00895	0.02447	0.01016	0.00557	0.10304	0.00894	0.04116	0.01354	0.04353	0.52955	0.15334	0.01282	0.00605	0.00187	0.00359	0.01171	0.00429	0.00455
92	0.01579	0.01439	0.08826	0.01711	0.20016	0.14134	0.14064	0.07050	0.03227	0.21257	0.01203	0.01291	0.00866	0.00506	0.00496	0.00149	0.00638	0.00452	0.00357	0.00738
93	0.01151	0.19562	0.31373	0.01855	0.30361	0.01330	0.01448	0.01562	0.04163	0.01507	0.00899	0.01080	0.00717	0.00454	0.00442	0.00141	0.00617	0.00376	0.00233	0.00727
94	0.14853	0.00853	0.01077	0.00840	0.01209	0.00780	0.00694	0.02252	0.01321	0.68289	0.01750	0.01541	0.01113	0.00585	0.00466	0.00152	0.00412	0.00460	0.00562	0.00791
95	0.01153	0.01886	0.37556	0.02106	0.34732	0.06905	0.05600	0.01566	0.01104	0.01552	0.00897	0.01117	0.00695	0.00455	0.00479	0.00150	0.00683	0.00403	0.00228	0.00734
96	0.01368	0.22691	0.08073	0.07774	0.24790	0.03204	0.01118	0.01646	0.03172	0.15815	0.01151	0.05139	0.00934	0.00532	0.00448	0.00141	0.00543	0.00443	0.00314	0.00705
97	0.01427	0.08113	0.02812	0.01098	0.01446	0.00885	0.19773	0.01658	0.01219	0.31792	0.04130	0.09434	0.12539	0.00729	0.00526	0.00158	0.00493	0.00665	0.00440	0.00663
98	0.01513	0.00788	0.00983	0.00847	0.01094	0.00762	0.00659	0.17313	0.01412	0.33255	0.02056	0.31207	0.01886	0.00945	0.00539	0.00168	0.00390	0.00814	0.02706	0.00666
99	0.05476	0.01578	0.02737	0.04450	0.03539	0.30414	0.08079	0.16064	0.01491	0.19734	0.01137	0.01186	0.00815	0.00532	0.00474	0.00143	0.00668	0.00411	0.00378	0.00694
100	0.55038	0.01095	0.01197	0.01389	0.22714	0.05105	0.04055	0.01493	0.00955	0.01963	0.00767	0.00940	0.00614	0.00452	0.00373	0.00150	0.00480	0.00329	0.00282	0.00607
101	0.09575	0.01254	0.14365	0.01042	0.01403	0.07260	0.08034	0.03667	0.08523	0.18740	0.15086	0.04052	0.03557	0.00660	0.00496	0.00155	0.00501	0.00556	0.00417	0.00658
102	0.01218	0.01234	0.16518	0.01213	0.01611	0.00939	0.19275	0.03784	0.10158	0.15603	0.18688	0.02010	0.04200	0.00648	0.00532	0.00159	0.00528	0.00599	0.00411	0.00672

[dist]
# distance from previous block
# <min> <max>
1	3

[block]
# block no. 2 follows, 51 sequences, length 105
# corresponding to MSA columns:
# 235-339
name=unknown_C
#
# <colnr> <probs for GDERKNQSTAVLIFYWHMCP>
#	G	D	E	R	K	N	Q	S	T	A	V	L	I	F	Y	W	H	M	C	P
0	0.09061	0.01199	0.10970	0.06834	0.28755	0.01074	0.01148	0.04765	0.12957	0.09757	0.07545	0.01500	0.01199	0.00551	0.00478	0.00153	0.00510	0.00473	0.00353	0.00717
1	0.11351	0.28108	0.06823	0.00972	0.01382	0.01527	0.00890	0.31704	0.04564	0.03680	0.00976	0.01027	0.00749	0.00506	0.00406	0.00133	0.00514	0.00358	0.00354	0.03976
2	0.01216	0.01168	0.01995	0.03016	0.79664	0.01168	0.01508	0.01508	0.01119	0.01605	0.00924	0.01216	0.00778	0.00438	0.00487	0.00146	0.00584	0.00438	0.00243	0.00778
3	0.01205	0.01156	0.01975	0.06025	0.76742	0.01165	0.01503	0.01499	0.01114	0.01592	0.00922	0.01220	0.00774	0.00440	0.00487	0.00147	0.00587	0.00438	0.00242	0.00770
4	0.01019	0.00873	0.01019	0.00728	0.01165	0.00655	0.00582	0.01237	0.01019	0.01601	0.00873	0.01019	0.00728	0.00364	0.00364	0.00073	0.00364	0.00291	0.00291	0.85734
5	0.00665	0.00487	0.00641	0.00682	0.00762	0.00474	0.00502	0.00815	0.01052	0.01424	0.21316	0.29405	0.10744	0.06618	0.13397	0.00298	0.00462	0.09395	0.00436	0.00422
6	0.00766	0.00538	0.00716	0.00797	0.00877	0.00537	0.00647	0.00926	0.01011	0.01321	0.02310	0.06530	0.02546	0.24104	0.01187	0.00296	0.00456	0.53618	0.00409	0.00408
7	0.00595	0.00453	0.00548	0.00620	0.00697	0.00406	0.00429	0.00697	0.01012	0.01296	0.05303	0.54462	0.28857	0.01428	0.00611	0.00187	0.00272	0.01264	0.00458	0.00406
8	0.01216	0.01168	0.01995	0.03016	0.79664	0.01168	0.01508	0.01508	0.01119	0.01605	0.00924	0.01216	0.00778	0.00438	0.00487	0.00146	0.00584	0.00438	0.00243	0.00778
9	0.00946	0.00698	0.00894	0.00823	0.00962	0.00786	0.00633	0.16196	0.02654	0.01519	0.01338	0.01975	0.01241	0.15005	0.51351	0.00602	0.01016	0.00539	0.00319	0.00503
10	0.86201	0.00950	0.00722	0.00646	0.00950	0.01102	0.00532	0.01445	0.00836	0.02205	0.00684	0.00798	0.00532	0.00456	0.00304	0.00152	0.00380	0.00266	0.00304	0.00532
11	0.00605	0.00475	0.00547	0.00579	0.00691	0.00417	0.00415	0.00734	0.01104	0.01406	0.16095	0.30354	0.42223	0.01304	0.00596	0.00175	0.00258	0.01133	0.00470	0.00417
12	0.01756	0.02109	0.01479	0.01488	0.11906	0.63886	0.01023	0.07942	0.01429	0.01407	0.00815	0.00953	0.00668	0.00504	0.00453	0.00131	0.00819	0.00343	0.00271	0.00619
13	0.01075	0.01075	0.01505	0.01290	0.01290	0.01505	0.01075	0.01183	0.00753	0.01183	0.00645	0.01075	0.00645	0.00860	0.01613	0.00215	0.81830	0.00430	0.00215	0.00538
14	0.00651	0.00499	0.00596	0.00575	0.00708	0.00444	0.00430	0.00840	0.01280	0.01716	0.50133	0.05944	0.32188	0.01106	0.00581	0.00160	0.00239	0.00956	0.00508	0.00444
15	0.01222	0.01056	0.01111	0.01000	0.01278	0.01222	0.00778	0.02611	0.78776	0.02056	0.02000	0.01833	0.01500	0.00667	0.00500	0.00167	0.00389	0.00556	0.00500	0.00778
16	0.01370	0.36343	0.02134	0.01772	0.32086	0.15850	0.01122	0.01574	0.01117	0.01341	0.00792	0.00974	0.00689	0.00443	0.00406	0.00125	0.00613	0.00341	0.00231	0.00678
17	0.00599	0.00428	0.00570	0.00684	0.00713	0.00399	0.00456	0.00684	0.00941	0.01254	0.02709	0.82409	0.03250	0.01540	0.00627	0.00200	0.00285	0.01397	0.00456	0.00399
18	0.00640	0.00500	0.00580	0.00560	0.00700	0.00440	0.00420	0.00820	0.01260	0.01660	0.43431	0.04182	0.40804	0.01121	0.00580	0.00160	0.00240	0.00960	0.00500	0.00440
19	0.00986	0.02542	0.80183	0.01401	0.02127	0.01141	0.01816	0.01556	0.01038	0.01556	0.00882	0.01038	0.00623	0.00467	0.00467	0.00156	0.00726	0.00363	0.00208	0.00726
20	0.00912	0.00883	0.00993	0.17364	0.05056	0.12119	0.00813	0.01109	0.01060	0.01284	0.02264	0.02809	0.22138	0.01496	0.18084	0.00303	0.00696	0.09801	0.00326	0.00490
21	0.01216	0.01168	0.01995	0.03016	0.79664	0.01168	0.01508	0.01508	0.01119	0.01605	0.00924	0.01216	0.00778	0.00438	0.00487	0.00146	0.00584	0.00438	0.00243	0.00778
22	0.01284	0.01296	0.01929	0.02826	0.71147	0.09842	0.01447	0.01558	0.01149	0.01562	0.00906	0.01180	0.00763	0.00445	0.00482	0.00144	0.00617	0.00425	0.00244	0.00756
23	0.02041	0.00800	0.01065	0.00832	0.01181	0.00705	0.00682	0.02264	0.03216	0.69620	0.01904	0.01694	0.01228	0.00606	0.00478	0.00148	0.00397	0.00492	0.09853	0.00794
24	0.01438	0.01452	0.01794	0.02384	0.52246	0.18613	0.01310	0.11728	0.01336	0.01715	0.00922	0.01139	0.00754	0.00473	0.00478	0.00142	0.00644	0.00412	0.00278	0.00740
25	0.00599	0.00428	0.00570	0.00684	0.00713	0.00399	0.00456	0.00684	0.00941	0.01254	0.02709	0.82409	0.03250	0.01540	0.00627	0.00200	0.00285	0.01397	0.00456	0.00399
26	0.00696	0.00502	0.00657	0.00618	0.00734	0.00464	0.00464	0.00927	0.01391	0.01971	0.79405	0.03671	0.04637	0.01005	0.00580	0.00155	0.00232	0.00889	0.00541	0.00464
27	0.00693	0.00502	0.00654	0.00616	0.00733	0.00463	0.00462	0.00923	0.01386	0.01958	0.77930	0.03692	0.06120	0.01009	0.00580	0.00155	0.00232	0.00892	0.00539	0.00463
28	0.00581	0.00498	0.00498	0.00498	0.00664	0.00415	0.00373	0.00705	0.01120	0.01328	0.04978	0.04729	0.79464	0.01245	0.00581	0.00166	0.00249	0.01037	0.00456	0.00415
29	0.02197	0.00849	0.01148	0.00881	0.01261	0.00742	0.00727	0.04212	0.01428	0.78156	0.01921	0.01661	0.01207	0.00608	0.00494	0.00152	0.00421	0.00493	0.00605	0.00836
30	0.01472	0.01548	0.01463	0.01253	0.01409	0.27619	0.01008	0.15601	0.01251	0.01542	0.00781	0.01032	0.00676	0.00694	0.01021	0.00173	0.40181	0.00395	0.00279	0.00603
31	0.01314	0.83025	0.02575	0.00841	0.01261	0.01945	0.00841	0.01472	0.00999	0.01156	0.00683	0.00788	0.00631	0.00420	0.00315	0.00105	0.00526	0.00263	0.00210	0.00631
32	0.00696	0.00502	0.00657	0.00618	0.00734	0.00464	0.00464	0.00927	0.01391	0.01971	0.79405	0.03671	0.04637	0.01005	0.00580	0.00155	0.00232	0.00889	0.00541	0.00464
33	0.01281	0.25714	0.01529	0.00896	0.01195	0.01350	0.00764	0.17298	0.20124	0.01935	0.11783	0.01603	0.01473	0.00622	0.00484	0.00140	0.03547	0.00477	0.07117	0.00669
34	0.01019	0.00873	0.01019	0.00728	0.01165	0.00655	0.00582	0.01237	0.01019	0.01601	0.00873	0.01019	0.00728	0.00364	0.00364	0.00073	0.00364	0.00291	0.00291	0.85734
35	0.00599	0.00491	0.00528	0.00534	0.00679	0.00420	0.00395	0.00735	0.01141	0.01414	0.15560	0.12540	0.60778	0.01240	0.00585	0.00168	0.00250	0.01052	0.00469	0.00420
36	0.01048	0.17886	0.65387	0.01294	0.01962	0.01294	0.01630	0.01540	0.01030	0.01480	0.00844	0.00990	0.00624	0.00458	0.00438	0.00146	0.00688	0.00344	0.00208	0.00708
37	0.00597	0.00436	0.00561	0.00662	0.00707	0.00401	0.00446	0.00687	0.00963	0.01263	0.02984	0.72995	0.12487	0.01504	0.00622	0.00196	0.00281	0.01353	0.00456	0.00401
38	0.00696	0.00502	0.00657	0.00618	0.00734	0.00464	0.00464	0.00927	0.01391	0.01971	0.79405	0.03671	0.04637	0.01005	0.00580	0.00155	0.00232	0.00889	0.00541	0.00464
39	0.00732	0.00450	0.00535	0.00597	0.00670	0.00431	0.00424	0.00883	0.01000	0.01505	0.03877	0.43277	0.05405	0.01134	0.00516	0.00165	0.00268	0.04197	0.33508	0.00426
40	0.00777	0.00456	0.00574	0.00574	0.00579	0.00456	0.00350	0.00702	0.00697	0.00947	0.01276	0.02484	0.01398	0.47619	0.02190	0.34084	0.00447	0.00591	0.03527	0.00271
41	0.00596	0.00438	0.00559	0.00656	0.00705	0.00402	0.00443	0.00688	0.00969	0.01266	0.03059	0.70431	0.15002	0.01494	0.00620	0.00194	0.00280	0.01342	0.00456	0.00402
42	0.01019	0.00873	0.01019	0.00728	0.01165	0.00655	0.00582	0.01237	0.01019	0.01601	0.00873	0.01019	0.00728	0.00364	0.00364	0.00073	0.00364	0.00291	0.00291	0.85734
43	0.01782	0.00960	0.01335	0.01052	0.01414	0.00936	0.09681	0.02366	0.25114	0.47002	0.01848	0.01682	0.01249	0.00604	0.00506	0.00158	0.00457	0.00523	0.00533	0.00798
44	0.00599	0.00428	0.00570	0.00684	0.00713	0.00399	0.00456	0.00684	0.00941	0.01254	0.02709	0.82409	0.03250	0.01540	0.00627	0.00200	0.00285	0.01397	0.00456	0.00399
45	0.00916	0.00458	0.00458	0.00458	0.00573	0.00458	0.00344	0.01145	0.01031	0.01832	0.01603	0.01832	0.01260	0.00573	0.00344	0.00115	0.00229	0.00458	0.85457	0.00458
46	0.00928	0.00873	0.01474	0.81548	0.03385	0.01092	0.01365	0.01256	0.00983	0.01256	0.00873	0.01310	0.00655	0.00491	0.00491	0.00164	0.00655	0.00437	0.00218	0.00546
47	0.00964	0.00861	0.01404	0.10523	0.40547	0.00876	0.01116	0.01194	0.01055	0.01454	0.01608	0.24722	0.01690	0.00856	0.00548	0.00172	0.00492	0.08984	0.00324	0.00610
48	0.01216	0.01168	0.01995	0.03016	0.79664	0.01168	0.01508	0.01508	0.01119	0.01605	0.00924	0.01216	0.00778	0.00438	0.00487	0.00146	0.00584	0.00438	0.00243	0.00778
49	0.01171	0.47920	0.36427	0.01085	0.01639	0.01594	0.01266	0.01508	0.01016	0.01331	0.00770	0.00897	0.00627	0.00441	0.00381	0.00127	0.00613	0.00307	0.00209	0.00672
50	0.00655	0.00501	0.00601	0.00576	0.00710	0.00447	0.00432	0.00850	0.01297	0.01746	0.53429	0.04040	0.30752	0.01088	0.00580	0.00159	0.00238	0.00941	0.00511	0.00447
51	0.01163	0.00869	0.01034	0.00746	0.01176	0.00663	0.00599	0.01378	0.01066	0.11103	0.01003	0.01098	0.00787	0.00394	0.00380	0.00082	0.00371	0.00316	0.00330	0.75445
52	0.00704	0.00520	0.00759	0.00759	0.00836	0.00598	0.00576	0.00858	0.00781	0.01118	0.01344	0.02086	0.01296	0.13265	0.71295	0.00752	0.01215	0.00549	0.00267	0.00422
53	0.00916	0.00458	0.00458	0.00458	0.00573	0.00458	0.00344	0.01145	0.01031	0.01832	0.01603	0.01832	0.01260	0.00573	0.00344	0.00115	0.00229	0.00458	0.85457	0.00458
54	0.00595	0.00495	0.00502	0.00502	0.00650	0.00422	0.00365	0.00706	0.01076	0.01287	0.04605	0.04564	0.70998	0.10125	0.00790	0.00200	0.00274	0.01002	0.00439	0.00402
55	0.00660	0.00497	0.00610	0.00589	0.00714	0.00447	0.00439	0.00855	0.01295	0.01760	0.55388	0.08094	0.24657	0.01097	0.00582	0.00160	0.00239	0.00955	0.00514	0.00447
56	0.11515	0.01141	0.01840	0.02729	0.70125	0.01160	0.01390	0.01500	0.01085	0.01678	0.00895	0.01166	0.00749	0.00440	0.00464	0.00147	0.00559	0.00417	0.00251	0.00749
57	0.51171	0.17113	0.01240	0.00803	0.01136	0.08732	0.00682	0.11171	0.01106	0.02020	0.00754	0.00853	0.00599	0.00471	0.00343	0.00140	0.00476	0.00292	0.00305	0.00593
58	0.01209	0.01160	0.01982	0.04991	0.77746	0.01166	0.01505	0.01502	0.01116	0.01597	0.00923	0.01219	0.00775	0.00439	0.00487	0.00146	0.00586	0.00438	0.00243	0.00773
59	0.02034	0.01111	0.01310	0.01005	0.01391	0.01130	0.00830	0.40811	0.01866	0.40939	0.01553	0.01422	0.01023	0.00599	0.00493	0.00150	0.00480	0.00468	0.00549	0.00836
60	0.01095	0.00949	0.01367	0.50006	0.06141	0.02509	0.01158	0.04851	0.16219	0.04992	0.01294	0.03380	0.02801	0.00575	0.00497	0.00163	0.00570	0.00497	0.00315	0.00621
61	0.00599	0.00428	0.00570	0.00684	0.00713	0.00399	0.00456	0.00684	0.00941	0.01254	0.02709	0.82409	0.03250	0.01540	0.00627	0.00200	0.00285	0.01397	0.00456	0.00399
62	0.86201	0.00950	0.00722	0.00646	0.00950	0.01102	0.00532	0.01445	0.00836	0.02205	0.00684	0.00798	0.00532	0.00456	0.00304	0.00152	0.00380	0.00266	0.00304	0.00532
63	0.01173	0.01179	0.02166	0.10348	0.49793	0.01182	0.21916	0.01527	0.02924	0.01574	0.00963	0.01269	0.00774	0.00442	0.00512	0.00153	0.00652	0.00479	0.00248	0.00725
64	0.00599	0.00428	0.00570	0.00684	0.00713	0.00399	0.00456	0.00684	0.00941	0.01254	0.02709	0.82409	0.03250	0.01540	0.00627	0.00200	0.00285	0.01397	0.00456	0.00399
65	0.00683	0.00502	0.00640	0.00605	0.00727	0.00458	0.00454	0.00904	0.01362	0.01902	0.71446	0.03784	0.12639	0.01030	0.00580	0.00156	0.00234	0.00905	0.00532	0.00458
66	0.11421	0.01109	0.01406	0.01211	0.01258	0.04492	0.01005	0.01244	0.00787	0.01307	0.00654	0.01034	0.00631	0.00798	0.01409	0.00204	0.68858	0.00406	0.00227	0.00538
67	0.01201	0.01211	0.02244	0.02756	0.58441	0.01188	0.22531	0.01526	0.01130	0.01597	0.00944	0.01246	0.00769	0.00431	0.00512	0.00151	0.00651	0.00477	0.00245	0.00747
68	0.01199	0.01150	0.01963	0.07782	0.75035	0.01163	0.01499	0.01493	0.01111	0.01584	0.00921	0.01222	0.00771	0.00441	0.00487	0.00147	0.00588	0.00438	0.00242	0.00764
69	0.01326	0.01185	0.01125	0.01016	0.01285	0.11778	0.00792	0.02417	0.59923	0.05610	0.01853	0.01870	0.01428	0.00673	0.00498	0.00163	0.00457	0.03997	0.01873	0.00733
70	0.01860	0.00735	0.00958	0.00763	0.01072	0.00652	0.00621	0.02060	0.01306	0.59083	0.01849	0.01715	0.01228	0.00599	0.00454	0.00142	0.00368	0.00485	0.23316	0.00735
71	0.01610	0.00990	0.01148	0.00938	0.01282	0.01012	0.00752	0.10068	0.34790	0.29489	0.01764	0.01616	0.01243	0.00603	0.00481	0.00149	0.00412	0.00492	0.00513	0.10650
72	0.01288	0.00633	0.00847	0.00719	0.00938	0.00565	0.00565	0.01503	0.01397	0.32604	0.48994	0.02886	0.03294	0.00849	0.00546	0.00154	0.00305	0.00734	0.00567	0.00610
73	0.00647	0.00492	0.00595	0.00587	0.00709	0.00440	0.00434	0.00827	0.01251	0.01680	0.46445	0.13138	0.28677	0.01144	0.00586	0.00163	0.00244	0.00996	0.00504	0.00440
74	0.01699	0.00688	0.00873	0.00711	0.00987	0.00619	0.00574	0.01904	0.01259	0.49317	0.01807	0.01735	0.01233	0.00594	0.00435	0.00137	0.00344	0.00480	0.33917	0.00688
75	0.00639	0.00492	0.00586	0.00588	0.00711	0.00438	0.00436	0.00808	0.01214	0.01604	0.37289	0.15162	0.33862	0.01184	0.00589	0.00167	0.00252	0.03049	0.00493	0.00435
76	0.01196	0.41326	0.20155	0.01322	0.01833	0.01561	0.23282	0.01520	0.01054	0.01367	0.00818	0.00999	0.00662	0.00429	0.00426	0.00134	0.00658	0.00377	0.00221	0.00661
77	0.07628	0.01702	0.01381	0.01324	0.09951	0.40007	0.00940	0.14053	0.01473	0.15405	0.01046	0.01100	0.00776	0.00527	0.00455	0.00138	0.00682	0.00377	0.00356	0.00679
78	0.00686	0.00502	0.00644	0.00608	0.00728	0.00460	0.00456	0.00909	0.01369	0.01918	0.73359	0.03757	0.10715	0.01024	0.00580	0.00155	0.00233	0.00901	0.00534	0.00460
79	0.01012	0.00906	0.01437	0.60776	0.08910	0.01079	0.01256	0.08580	0.01117	0.01459	0.01065	0.08271	0.00905	0.00587	0.00503	0.00164	0.00607	0.00520	0.00267	0.00579
80	0.01216	0.01168	0.01995	0.03016	0.79664	0.01168	0.01508	0.01508	0.01119	0.01605	0.00924	0.01216	0.00778	0.00438	0.00487	0.00146	0.00584	0.00438	0.00243	0.00778
81	0.01007	0.06137	0.73711	0.01401	0.02105	0.01182	0.04685	0.01553	0.01040	0.01539	0.00877	0.01037	0.00628	0.00463	0.00464	0.00154	0.00721	0.00367	0.00209	0.00720
82	0.01314	0.83025	0.02575	0.00841	0.01261	0.01945	0.00841	0.01472	0.00999	0.01156	0.00683	0.00788	0.00631	0.00420	0.00315	0.00105	0.00526	0.00263	0.00210	0.00631
83	0.01160	0.01326	0.02900	0.02071	0.02568	0.01243	0.77879	0.01574	0.01160	0.01574	0.00994	0.01326	0.00746	0.00414	0.00580	0.00166	0.00829	0.00580	0.00249	0.00663
84	0.03733	0.08256	0.25653	0.01029	0.01517	0.00963	0.01065	0.02036	0.01245	0.47342	0.01478	0.01382	0.00968	0.00545	0.00466	0.00149	0.00521	0.00429	0.00444	0.00778
85	0.01108	0.01902	0.44583	0.03864	0.33786	0.01141	0.01654	0.01550	0.01078	0.03455	0.00924	0.01132	0.00701	0.00459	0.00476	0.00152	0.00659	0.00398	0.00232	0.00746
86	0.00638	0.00444	0.00559	0.00634	0.00653	0.00425	0.00402	0.00695	0.00864	0.01152	0.02314	0.55499	0.02753	0.29128	0.01264	0.00294	0.00350	0.01165	0.00402	0.00365
87	0.01192	0.53246	0.31291	0.01048	0.01582	0.01647	0.01202	0.01503	0.01013	0.01304	0.00757	0.00881	0.00628	0.00438	0.00371	0.00124	0.00600	0.00300	0.00209	0.00666
88	0.03194	0.00841	0.01007	0.00901	0.01096	0.06979	0.00718	0.03080	0.02744	0.25414	0.01570	0.07371	0.01336	0.01797	0.28662	0.00386	0.07382	0.04531	0.00398	0.00594
89	0.00822	0.00706	0.01206	0.01019	0.01171	0.00679	0.21150	0.00976	0.00925	0.01237	0.01737	0.17186	0.01898	0.36198	0.01428	0.00313	0.00533	0.10052	0.00332	0.00433
90	0.01131	0.00571	0.00657	0.00589	0.00764	0.00547	0.00457	0.04366	0.01216	0.15818	0.15489	0.02225	0.05157	0.00684	0.00428	0.00132	0.00276	0.00564	0.48391	0.00540
91	0.01259	0.01303	0.03405	0.08420	0.64075	0.09942	0.01442	0.01541	0.01138	0.01535	0.00902	0.01183	0.00751	0.00450	0.00482	0.00145	0.00625	0.00423	0.00242	0.00738
92	0.01116	0.01072	0.00890	0.00847	0.01032	0.22455	0.00641	0.01384	0.08928	0.06260	0.11593	0.14319	0.20764	0.00968	0.00543	0.00162	0.00463	0.05613	0.00424	0.00525
93	0.00909	0.00597	0.00700	0.00657	0.00760	0.00639	0.00474	0.10502	0.01018	0.01506	0.01455	0.02247	0.01378	0.29325	0.22623	0.00422	0.00643	0.00562	0.23138	0.00445
94	0.01016	0.00928	0.01423	0.49085	0.13104	0.01091	0.01226	0.01544	0.16562	0.01478	0.01229	0.01704	0.00996	0.00581	0.00506	0.00166	0.00578	0.05872	0.00295	0.00617
95	0.04881	0.01525	0.32155	0.01076	0.01585	0.00925	0.01145	0.04884	0.01259	0.40469	0.01440	0.02729	0.00968	0.00557	0.00476	0.00153	0.00539	0.00444	0.00426	0.02364
96	0.01128	0.01179	0.01443	0.01267	0.01493	0.19714	0.18572	0.01363	0.01174	0.01408	0.01709	0.06586	0.01745	0.00924	0.00642	0.00187	0.04475	0.34114	0.00347	0.00530
97	0.00713	0.00483	0.00567	0.00567	0.00577	0.00493	0.00336	0.00734	0.00724	0.00976	0.01520	0.03060	0.01719	0.73150	0.11988	0.00514	0.00578	0.00692	0.00294	0.00315
98	0.01836	0.02321	0.01394	0.01263	0.01519	0.79016	0.00949	0.03634	0.01413	0.01244	0.00769	0.00893	0.00637	0.00508	0.00444	0.00127	0.00879	0.00319	0.00258	0.00576
99	0.01305	0.75910	0.07549	0.00887	0.01323	0.03776	0.00906	0.01489	0.01010	0.01183	0.00698	0.00807	0.00630	0.00425	0.00328	0.00109	0.00547	0.00271	0.00211	0.00635
100	0.01836	0.02342	0.01393	0.01266	0.01519	0.80756	0.00950	0.01962	0.01393	0.01203	0.00760	0.00886	0.00633	0.00506	0.00443	0.00127	0.00886	0.00317	0.00253	0.00570
101	0.01220	0.00737	0.00907	0.00779	0.00999	0.00726	0.00610	0.12225	0.07697	0.18772	0.41602	0.06884	0.03046	0.00863	0.00545	0.00156	0.00331	0.00742	0.00541	0.00617
102	0.01137	0.39664	0.44387	0.01142	0.01728	0.01512	0.01366	0.01517	0.01020	0.01372	0.00790	0.00923	0.00626	0.00445	0.00397	0.00132	0.00634	0.00317	0.00209	0.00682
103	0.00671	0.00480	0.00577	0.00615	0.00720	0.00426	0.00437	0.00793	0.01080	0.04696	0.12495	0.40652	0.31913	0.01327	0.00599	0.00180	0.00271	0.01164	0.00473	0.00431
104	0.00920	0.00863	0.01453	0.79643	0.03322	0.01076	0.01343	0.01242	0.00982	0.01256	0.00917	0.03221	0.00716	0.00516	0.00495	0.00165	0.00646	0.00459	0.00224	0.00542

[dist]
# distance from previous block
# <min> <max>
0	1

[block]
# block no. 3 follows, 51 sequences, length 26
# corresponding to MSA columns:
# 341-366
name=unknown_D
#
# <colnr> <probs for GDERKNQSTAVLIFYWHMCP>
#	G	D	E	R	K	N	Q	S	T	A	V	L	I	F	Y	W	H	M	C	P
0	0.00902	0.00808	0.01306	0.58105	0.08267	0.00962	0.01141	0.01155	0.00934	0.01214	0.01025	0.01721	0.00912	0.18529	0.00932	0.00231	0.00611	0.00498	0.00238	0.00508
1	0.01062	0.01003	0.01640	0.31685	0.29527	0.01031	0.05737	0.01359	0.01049	0.01473	0.00898	0.01214	0.00720	0.00440	0.00467	0.00138	0.00576	0.00414	0.00245	0.19323
2	0.00854	0.00427	0.00640	0.00640	0.00640	0.00427	0.00427	0.00640	0.00640	0.00854	0.00854	0.01494	0.00854	0.01707	0.01921	0.85702	0.00427	0.00427	0.00213	0.00213
3	0.67417	0.00851	0.00673	0.00614	0.00887	0.00952	0.00497	0.01282	0.00899	0.02012	0.01626	0.01661	0.17849	0.00629	0.00365	0.00155	0.00351	0.00435	0.00338	0.00506
4	0.67699	0.01044	0.00887	0.00753	0.01076	0.01195	0.00620	0.18245	0.01160	0.02401	0.00793	0.00882	0.00599	0.00486	0.00345	0.00151	0.00415	0.00305	0.00345	0.00599
5	0.25762	0.01426	0.18904	0.01332	0.01710	0.01240	0.21210	0.01443	0.00946	0.01664	0.00800	0.01052	0.00634	0.00540	0.00711	0.00171	0.19188	0.00407	0.00248	0.00610
6	0.01192	0.00837	0.01265	0.01355	0.18863	0.00796	0.07695	0.01478	0.05762	0.18781	0.10882	0.06341	0.19729	0.00796	0.00554	0.00160	0.01740	0.00705	0.00431	0.00640
7	0.01091	0.00874	0.00965	0.00958	0.01134	0.07403	0.00796	0.17951	0.01389	0.01779	0.02150	0.13382	0.02260	0.01140	0.00612	0.00198	0.00488	0.44445	0.00445	0.00540
8	0.45343	0.00958	0.00879	0.00749	0.01010	0.01076	0.00586	0.21356	0.01196	0.02164	0.01004	0.01429	0.00887	0.18541	0.00835	0.00222	0.00443	0.00411	0.00352	0.00560
9	0.01224	0.01025	0.00947	0.00929	0.06101	0.18175	0.00660	0.03266	0.01287	0.15014	0.12036	0.04715	0.30894	0.00882	0.00528	0.00153	0.00446	0.00722	0.00435	0.00561
10	0.19861	0.01120	0.01716	0.02496	0.62395	0.01153	0.01294	0.01494	0.01057	0.01737	0.00872	0.01125	0.00724	0.00442	0.00446	0.00147	0.00539	0.00400	0.00257	0.00724
11	0.01691	0.01219	0.01445	0.18751	0.01909	0.01359	0.01010	0.54555	0.01940	0.09433	0.01179	0.01252	0.00829	0.00570	0.00492	0.00151	0.00555	0.00446	0.00442	0.00772
12	0.00968	0.00961	0.01863	0.20525	0.02234	0.00973	0.34967	0.01287	0.01090	0.01444	0.01492	0.10358	0.01434	0.00753	0.00585	0.00182	0.00650	0.17364	0.00307	0.00562
13	0.01016	0.18892	0.01516	0.06351	0.01305	0.01306	0.00917	0.01163	0.00906	0.01232	0.01343	0.07824	0.06210	0.00876	0.00999	0.00185	0.37275	0.09879	0.00277	0.00530
14	0.01042	0.00637	0.00930	0.03531	0.05645	0.00614	0.03107	0.01202	0.01108	0.18217	0.10209	0.40980	0.02544	0.01120	0.00616	0.00181	0.03152	0.04163	0.00462	0.00542
15	0.00937	0.01019	0.06846	0.01671	0.20087	0.00884	0.23447	0.01209	0.01083	0.01467	0.01970	0.21516	0.12164	0.00833	0.00564	0.00170	0.00543	0.02669	0.00328	0.00591
16	0.01112	0.01084	0.12331	0.05915	0.24617	0.00868	0.05942	0.01381	0.01112	0.12287	0.04214	0.19364	0.06096	0.00774	0.00530	0.00164	0.00504	0.00704	0.00356	0.00645
17	0.01199	0.01013	0.01492	0.08904	0.35186	0.01061	0.01140	0.18103	0.01348	0.01840	0.01429	0.11841	0.01370	0.00739	0.00532	0.00166	0.00526	0.11082	0.00351	0.00679
18	0.01350	0.01227	0.01719	0.10345	0.44974	0.05891	0.01277	0.18315	0.04048	0.01901	0.03503	0.01298	0.00918	0.00507	0.00489	0.00148	0.00581	0.00450	0.00314	0.00745
19	0.01157	0.25866	0.25854	0.01569	0.07143	0.01415	0.27280	0.01534	0.01073	0.01447	0.00864	0.01073	0.00677	0.00433	0.00462	0.00143	0.00692	0.00412	0.00225	0.00680
20	0.01331	0.01127	0.03368	0.02279	0.43407	0.01063	0.18073	0.01626	0.01165	0.14890	0.01216	0.06083	0.00988	0.00527	0.00516	0.00155	0.00594	0.00534	0.00318	0.00740
21	0.01039	0.00559	0.00731	0.00700	0.00854	0.00500	0.00519	0.01188	0.01181	0.22059	0.19572	0.35785	0.11056	0.01147	0.00577	0.00174	0.00304	0.01011	0.00515	0.00530
22	0.00713	0.00605	0.00841	0.13226	0.09732	0.00597	0.00680	0.00878	0.01048	0.01345	0.05736	0.30134	0.30359	0.01133	0.00573	0.00174	0.00359	0.00997	0.00400	0.00471
