[name]
unknown

[dist]
# distance from previous block
# <min> <max>
0	81

[block]
# block no. 0 follows, 47 sequences, length 10
# corresponding to MSA columns:
# 81-90
name=unknown_A
#
# <colnr> <probs for GDERKNQSTAVLIFYWHMCP>
#	G	D	E	R	K	N	Q	S	T	A	V	L	I	F	Y	W	H	M	C	P
0	0.03898	0.16503	0.01570	0.01075	0.01352	0.01134	0.11292	0.11789	0.06272	0.03819	0.01829	0.26807	0.01873	0.00956	0.00555	0.00177	0.00499	0.07566	0.00410	0.00622
1	0.01345	0.25424	0.40395	0.01251	0.01852	0.01543	0.01426	0.17613	0.01375	0.01874	0.00941	0.01055	0.00710	0.00508	0.00454	0.00148	0.00666	0.00372	0.00285	0.00765
2	0.05176	0.01013	0.01262	0.01030	0.01347	0.01052	0.07643	0.16299	0.20877	0.13781	0.13358	0.02341	0.10986	0.00773	0.00548	0.00168	0.00448	0.00658	0.00513	0.00727
3	0.01137	0.01112	0.01919	0.16564	0.08871	0.01168	0.26995	0.01771	0.20484	0.01703	0.01521	0.08503	0.01298	0.00669	0.00576	0.00179	0.00637	0.03853	0.00352	0.00687
4	0.01139	0.01118	0.01029	0.00857	0.01167	0.16915	0.00655	0.01334	0.01221	0.01624	0.13844	0.10272	0.04423	0.00694	0.00478	0.00121	0.00464	0.00571	0.00368	0.41707
5	0.01280	0.01135	0.17028	0.00934	0.01287	0.00793	0.00886	0.01698	0.09828	0.23057	0.16986	0.08340	0.12805	0.00868	0.00559	0.00170	0.00434	0.00733	0.00496	0.00683
6	0.01092	0.00970	0.01186	0.00894	0.01262	0.00880	0.00725	0.01299	0.01022	0.01605	0.00876	0.01092	0.00753	0.00494	0.00659	0.00108	0.16977	0.00339	0.00292	0.67475
7	0.01743	0.01437	0.01539	0.17568	0.02011	0.09260	0.01079	0.50783	0.05055	0.02636	0.01174	0.01276	0.00853	0.00598	0.00516	0.00158	0.00628	0.00459	0.00436	0.00792
8	0.00937	0.00839	0.01357	0.63955	0.02963	0.01022	0.01213	0.01212	0.00983	0.01264	0.01073	0.01805	0.00942	0.17280	0.00960	0.00242	0.00655	0.00524	0.00249	0.00524
9	0.00839	0.01018	0.16916	0.00984	0.01249	0.00695	0.00978	0.01133	0.01176	0.01548	0.02865	0.04723	0.16991	0.01221	0.00653	0.00212	0.00498	0.45343	0.00427	0.00532

[dist]
# distance from previous block
# <min> <max>
0	2

[block]
# block no. 1 follows, 47 sequences, length 38
# corresponding to MSA columns:
# 93-130
name=unknown_B
#
# <colnr> <probs for GDERKNQSTAVLIFYWHMCP>
#	G	D	E	R	K	N	Q	S	T	A	V	L	I	F	Y	W	H	M	C	P
0	0.01671	0.01700	0.01312	0.01173	0.01465	0.35788	0.00900	0.02444	0.37511	0.08297	0.01534	0.01486	0.01159	0.00626	0.00503	0.00157	0.00647	0.00471	0.00424	0.00732
1	0.00634	0.00453	0.00604	0.00725	0.00755	0.00423	0.00483	0.00725	0.00997	0.01329	0.02870	0.81358	0.03444	0.01632	0.00665	0.00211	0.00302	0.01480	0.00483	0.00423
2	0.03807	0.01323	0.02714	0.01966	0.02435	0.01280	0.61326	0.01717	0.01212	0.09091	0.01112	0.01404	0.00824	0.00496	0.00680	0.00178	0.06848	0.00584	0.00299	0.00706
3	0.00947	0.00681	0.00727	0.00727	0.00875	0.06043	0.00530	0.01081	0.01192	0.11353	0.09497	0.35304	0.26497	0.01284	0.00613	0.00185	0.00348	0.01114	0.00496	0.00506
4	0.00875	0.00578	0.00762	0.00826	0.00952	0.00551	0.00661	0.01079	0.02773	0.07644	0.04670	0.28063	0.12662	0.01395	0.00668	0.00214	0.00389	0.34241	0.00497	0.00497
5	0.01289	0.01237	0.02114	0.03196	0.78450	0.01237	0.01598	0.01598	0.01186	0.01701	0.00980	0.01289	0.00825	0.00464	0.00516	0.00155	0.00619	0.00464	0.00258	0.00825
6	0.01179	0.01324	0.02863	0.02070	0.02554	0.01241	0.70088	0.01588	0.01209	0.01639	0.01208	0.08205	0.01016	0.00540	0.00619	0.00179	0.00829	0.00688	0.00282	0.00679
7	0.01231	0.01178	0.02008	0.17936	0.64166	0.01222	0.01569	0.01547	0.01158	0.01631	0.00969	0.01308	0.00800	0.00475	0.00517	0.00158	0.00633	0.00464	0.00253	0.00778
8	0.01276	0.01162	0.01859	0.28675	0.43651	0.01259	0.01470	0.11147	0.01300	0.01781	0.00996	0.01317	0.00789	0.00504	0.00518	0.00161	0.00638	0.00464	0.00283	0.00751
9	0.01259	0.01245	0.02186	0.05053	0.53255	0.01277	0.15023	0.01638	0.05056	0.01677	0.01029	0.01336	0.00844	0.00505	0.00618	0.00165	0.06288	0.00497	0.00270	0.00778
10	0.33318	0.01481	0.01222	0.01026	0.01370	0.17597	0.00823	0.28539	0.06132	0.02444	0.01012	0.01075	0.00762	0.00558	0.00436	0.00155	0.00575	0.00378	0.00394	0.00702
11	0.02336	0.00886	0.01209	0.00927	0.01329	0.00765	0.00765	0.02538	0.01491	0.78810	0.02055	0.01773	0.01289	0.00645	0.00524	0.00161	0.00443	0.00524	0.00645	0.00886
12	0.01182	0.00940	0.01232	0.01237	0.11007	0.03685	0.03755	0.10581	0.01122	0.05944	0.01316	0.02147	0.01277	0.31217	0.09192	0.00363	0.12321	0.00587	0.00333	0.00561
13	0.01128	0.01239	0.02381	0.01789	0.02180	0.05767	0.53660	0.01465	0.01188	0.01563	0.01478	0.20711	0.01425	0.00733	0.00618	0.00182	0.00742	0.00807	0.00317	0.00629
14	0.85377	0.01007	0.00765	0.00685	0.01007	0.01168	0.00564	0.01531	0.00886	0.02336	0.00725	0.00846	0.00564	0.00483	0.00322	0.00161	0.00403	0.00282	0.00322	0.00564
15	0.00745	0.00553	0.00814	0.00814	0.00899	0.00638	0.00622	0.00915	0.00830	0.01192	0.01416	0.02163	0.01353	0.10598	0.73012	0.00808	0.01318	0.00575	0.00282	0.00452
16	0.01718	0.11781	0.02087	0.01406	0.01854	0.01598	0.19721	0.48456	0.01968	0.02618	0.01134	0.01235	0.00834	0.00556	0.00520	0.00155	0.00647	0.00481	0.00419	0.00812
17	0.00634	0.00453	0.00604	0.00725	0.00755	0.00423	0.00483	0.00725	0.00997	0.01329	0.02870	0.81358	0.03444	0.01632	0.00665	0.00211	0.00302	0.01480	0.00483	0.00423
18	0.00634	0.00453	0.00604	0.00725	0.00755	0.00423	0.00483	0.00725	0.00997	0.01329	0.02870	0.81358	0.03444	0.01632	0.00665	0.00211	0.00302	0.01480	0.00483	0.00423
19	0.01289	0.01237	0.02114	0.03196	0.78450	0.01237	0.01598	0.01598	0.01186	0.01701	0.00980	0.01289	0.00825	0.00464	0.00516	0.00155	0.00619	0.00464	0.00258	0.00825
20	0.01176	0.01122	0.01910	0.31789	0.50741	0.01208	0.01542	0.01499	0.01132	0.01564	0.00960	0.01326	0.00777	0.00485	0.00517	0.00162	0.00647	0.00464	0.00248	0.00734
21	0.01289	0.01237	0.02114	0.03196	0.78450	0.01237	0.01598	0.01598	0.01186	0.01701	0.00980	0.01289	0.00825	0.00464	0.00516	0.00155	0.00619	0.00464	0.00258	0.00825
22	0.06053	0.01437	0.01524	0.01173	0.01585	0.01593	0.00969	0.73041	0.02372	0.03236	0.01225	0.01231	0.00870	0.00618	0.00511	0.00157	0.00565	0.00460	0.00511	0.00870
23	0.01392	0.82012	0.02729	0.00891	0.01337	0.02061	0.00891	0.01559	0.01058	0.01225	0.00724	0.00835	0.00668	0.00446	0.00334	0.00111	0.00557	0.00278	0.00223	0.00668
24	0.02336	0.00886	0.01209	0.00927	0.01329	0.00765	0.00765	0.02538	0.01491	0.78810	0.02055	0.01773	0.01289	0.00645	0.00524	0.00161	0.00443	0.00524	0.00645	0.00886
25	0.00634	0.00453	0.00604	0.00725	0.00755	0.00423	0.00483	0.00725	0.00997	0.01329	0.02870	0.81358	0.03444	0.01632	0.00665	0.00211	0.00302	0.01480	0.00483	0.00423
26	0.01305	0.01012	0.01084	0.00938	0.01170	0.01126	0.00705	0.21853	0.32746	0.02096	0.01733	0.02230	0.01500	0.26783	0.01211	0.00277	0.00485	0.00611	0.00458	0.00677
27	0.01579	0.01060	0.01064	0.00901	0.01199	0.10918	0.00721	0.14969	0.01543	0.25921	0.02831	0.02861	0.26036	0.00892	0.00557	0.00166	0.00474	0.05110	0.00513	0.00682
28	0.01147	0.01110	0.01777	0.26371	0.30581	0.01328	0.01404	0.01405	0.01016	0.01443	0.00868	0.01271	0.00739	0.00626	0.00902	0.00184	0.26462	0.00461	0.00240	0.00667
29	0.00757	0.00505	0.00568	0.00568	0.00568	0.00505	0.00316	0.00757	0.00757	0.01010	0.01641	0.03408	0.01893	0.81698	0.02651	0.00505	0.00505	0.00757	0.00316	0.00316
30	0.01013	0.00966	0.01568	0.65358	0.03163	0.01241	0.01388	0.01316	0.00995	0.01316	0.00879	0.01341	0.00692	0.00595	0.00747	0.00184	0.15968	0.00461	0.00231	0.00577
31	0.32915	0.25629	0.03164	0.13387	0.12972	0.01448	0.00977	0.01521	0.01011	0.01738	0.00797	0.00996	0.00656	0.00475	0.00388	0.00147	0.00533	0.00338	0.00267	0.00640
32	0.00750	0.00537	0.00717	0.00779	0.00872	0.00515	0.00608	0.00939	0.01207	0.01628	0.25640	0.23362	0.05046	0.06153	0.00787	0.00224	0.00363	0.28915	0.00499	0.00459
33	0.00634	0.00453	0.00604	0.00725	0.00755	0.00423	0.00483	0.00725	0.00997	0.01329	0.02870	0.81358	0.03444	0.01632	0.00665	0.00211	0.00302	0.01480	0.00483	0.00423
34	0.06242	0.01164	0.01928	0.17786	0.59551	0.01218	0.01508	0.01543	0.01140	0.01668	0.00954	0.01281	0.00784	0.00476	0.00505	0.00159	0.00620	0.00453	0.00257	0.00762
35	0.01336	0.32578	0.32222	0.01289	0.01866	0.01501	0.10799	0.01710	0.01141	0.09575	0.00987	0.01108	0.00745	0.00485	0.00452	0.00145	0.00668	0.00388	0.00271	0.00735
36	0.00820	0.00706	0.00723	0.00688	0.00900	0.00698	0.00525	0.01356	0.24191	0.01639	0.04324	0.04087	0.55135	0.01134	0.00590	0.00176	0.00308	0.00945	0.00498	0.00556
37	0.00730	0.00542	0.00682	0.00654	0.00782	0.00501	0.00487	0.00983	0.03296	0.01962	0.62857	0.08596	0.13740	0.01121	0.00615	0.00168	0.00255	0.00984	0.00556	0.00489

[dist]
# distance from previous block
# <min> <max>
0	4

[block]
# block no. 2 follows, 47 sequences, length 23
# corresponding to MSA columns:
# 135-156,159
name=unknown_C
#
# <colnr> <probs for GDERKNQSTAVLIFYWHMCP>
#	G	D	E	R	K	N	Q	S	T	A	V	L	I	F	Y	W	H	M	C	P
0	0.01289	0.01237	0.02114	0.03196	0.78450	0.01237	0.01598	0.01598	0.01186	0.01701	0.00980	0.01289	0.00825	0.00464	0.00516	0.00155	0.00619	0.00464	0.00258	0.00825
1	0.01091	0.01635	0.27437	0.09505	0.01957	0.06748	0.10559	0.01669	0.14323	0.01636	0.02871	0.13278	0.03550	0.00731	0.00547	0.00174	0.00633	0.00644	0.00336	0.00674
2	0.01479	0.01173	0.01745	0.14987	0.37436	0.01234	0.01303	0.19316	0.01482	0.09614	0.01216	0.04532	0.00968	0.00576	0.00524	0.00161	0.00590	0.00511	0.00363	0.00789
3	0.00740	0.00533	0.00648	0.00633	0.00770	0.00475	0.00469	0.00927	0.01321	0.04412	0.42381	0.14217	0.28150	0.01205	0.00618	0.00174	0.00266	0.01048	0.00535	0.00479
4	0.62967	0.00881	0.00724	0.00660	0.00936	0.00982	0.00532	0.01354	0.01003	0.02179	0.11376	0.01803	0.11612	0.00672	0.00400	0.00163	0.00364	0.00478	0.00377	0.00538
5	0.01358	0.14909	0.46943	0.01295	0.01909	0.06320	0.01495	0.07068	0.03019	0.09434	0.01055	0.01145	0.00762	0.00519	0.00473	0.00154	0.00692	0.00389	0.00294	0.00764
6	0.19693	0.22586	0.25064	0.01054	0.01517	0.05477	0.01103	0.01663	0.08306	0.01698	0.01076	0.06704	0.00926	0.00582	0.00429	0.00153	0.00576	0.00429	0.00294	0.00670
7	0.00736	0.00545	0.00691	0.00765	0.00873	0.00517	0.00608	0.00901	0.01128	0.01444	0.05308	0.18560	0.22213	0.08653	0.00854	0.00240	0.00390	0.34661	0.00469	0.00445
8	0.04987	0.01549	0.01612	0.23202	0.17176	0.24058	0.01221	0.16690	0.01471	0.01819	0.00958	0.01188	0.00746	0.00534	0.00497	0.00154	0.00714	0.00420	0.00309	0.00695
9	0.01403	0.17677	0.32203	0.01275	0.01771	0.25963	0.01319	0.01829	0.06986	0.01482	0.00991	0.03052	0.00804	0.00543	0.00463	0.00147	0.00743	0.00391	0.00266	0.00694
10	0.02336	0.00886	0.01209	0.00927	0.01329	0.00765	0.00765	0.02538	0.01491	0.78810	0.02055	0.01773	0.01289	0.00645	0.00524	0.00161	0.00443	0.00524	0.00645	0.00886
11	0.01781	0.01268	0.01449	0.01152	0.01481	0.01427	0.00946	0.46196	0.08980	0.12159	0.04809	0.01481	0.01152	0.00697	0.00701	0.00170	0.12332	0.00506	0.00496	0.00816
12	0.00754	0.00517	0.00630	0.00630	0.00651	0.00538	0.00393	0.00797	0.00776	0.01056	0.01584	0.03094	0.01757	0.63795	0.20368	0.00581	0.00710	0.00711	0.00307	0.00350
13	0.02089	0.01283	0.01454	0.01115	0.01527	0.01354	0.00921	0.53890	0.02154	0.26521	0.01498	0.01411	0.01010	0.00631	0.00522	0.00158	0.00533	0.00486	0.00559	0.00886
14	0.00658	0.00471	0.00630	0.00739	0.00783	0.00442	0.00513	0.00772	0.01047	0.01401	0.08169	0.69785	0.03512	0.01576	0.00666	0.00210	0.00313	0.07392	0.00489	0.00432
15	0.02295	0.00952	0.01249	0.00958	0.01362	0.00864	0.00791	0.11105	0.01601	0.70087	0.01962	0.01712	0.01243	0.00642	0.00523	0.00161	0.00458	0.00517	0.00630	0.00886
16	0.01463	0.01567	0.01945	0.02706	0.58120	0.21972	0.01442	0.01726	0.01263	0.01588	0.00933	0.01196	0.00784	0.00483	0.00503	0.00149	0.00703	0.00430	0.00261	0.00766
17	0.02288	0.00964	0.01257	0.00964	0.01368	0.00881	0.00796	0.12657	0.01621	0.68507	0.01945	0.01701	0.01234	0.00642	0.00523	0.00160	0.00461	0.00516	0.00628	0.00886
18	0.01047	0.00802	0.00933	0.00827	0.01032	0.00839	0.00640	0.12538	0.18879	0.02285	0.49583	0.03059	0.03566	0.00919	0.00581	0.00166	0.00332	0.00792	0.00556	0.00625
19	0.00905	0.00452	0.00678	0.00678	0.00678	0.00452	0.00452	0.00678	0.00678	0.00905	0.00905	0.01583	0.00905	0.01809	0.02035	0.84848	0.00452	0.00452	0.00226	0.00226
20	0.02242	0.01038	0.01302	0.00998	0.01405	0.00990	0.00825	0.22163	0.01744	0.58828	0.01842	0.01634	0.01182	0.00639	0.00523	0.00160	0.00478	0.00509	0.00612	0.00886
21	0.14451	0.00879	0.01107	0.00872	0.01243	0.00805	0.00716	0.02280	0.01400	0.62143	0.07224	0.01785	0.01438	0.00650	0.00500	0.00161	0.00423	0.00518	0.00592	0.00811
22	0.74448	0.01226	0.10904	0.00788	0.01169	0.01174	0.00740	0.01546	0.00914	0.02247	0.00752	0.00879	0.00576	0.00485	0.00345	0.00162	0.00450	0.00295	0.00309	0.00591

[dist]
# distance from previous block
# <min> <max>
0	1

[block]
# block no. 3 follows, 47 sequences, length 40
# corresponding to MSA columns:
# 161-200
name=unknown_D
#
# <colnr> <probs for GDERKNQSTAVLIFYWHMCP>
#	G	D	E	R	K	N	Q	S	T	A	V	L	I	F	Y	W	H	M	C	P
0	0.01392	0.82012	0.02729	0.00891	0.01337	0.02061	0.00891	0.01559	0.01058	0.01225	0.00724	0.00835	0.00668	0.00446	0.00334	0.00111	0.00557	0.00278	0.00223	0.00668
1	0.00740	0.00498	0.00573	0.00590	0.00595	0.00493	0.00339	0.00753	0.00791	0.01055	0.01815	0.14459	0.02113	0.70347	0.02369	0.00463	0.00476	0.00860	0.00339	0.00331
2	0.01226	0.01309	0.08166	0.14011	0.61761	0.01224	0.01603	0.01564	0.01158	0.01645	0.00968	0.01288	0.00793	0.00474	0.00515	0.00158	0.00641	0.00458	0.00251	0.00786
3	0.29328	0.14338	0.07298	0.01035	0.01443	0.07720	0.02642	0.26615	0.01504	0.02322	0.00929	0.01018	0.00709	0.00529	0.00422	0.00150	0.00565	0.00363	0.00359	0.00709
4	0.01068	0.01129	0.02112	0.14260	0.02294	0.04681	0.41186	0.01387	0.01150	0.01507	0.01497	0.22283	0.01463	0.00768	0.00606	0.00183	0.00701	0.00804	0.00316	0.00605
5	0.00650	0.00503	0.00593	0.00626	0.00739	0.00446	0.00448	0.00793	0.01186	0.01535	0.21055	0.31429	0.35392	0.01370	0.00632	0.00186	0.00273	0.01196	0.00504	0.00446
6	0.00655	0.00519	0.00590	0.00623	0.00754	0.00458	0.00464	0.00796	0.01164	0.01457	0.10990	0.20898	0.46950	0.03225	0.00683	0.00196	0.00297	0.08350	0.00487	0.00442
7	0.01071	0.02511	0.68236	0.01585	0.02320	0.01225	0.12505	0.01652	0.01118	0.01652	0.00951	0.01143	0.00678	0.00487	0.00512	0.00166	0.00785	0.00417	0.00226	0.00760
8	0.21268	0.01193	0.01366	0.22438	0.01996	0.01362	0.01007	0.36639	0.01675	0.04700	0.01063	0.01208	0.00770	0.00564	0.00474	0.00162	0.00562	0.00425	0.00400	0.00727
9	0.00713	0.00522	0.00577	0.00563	0.00713	0.00464	0.00422	0.00900	0.01267	0.01719	0.28965	0.04148	0.41563	0.01121	0.00575	0.00163	0.00254	0.00949	0.13936	0.00464
10	0.13730	0.01199	0.01756	0.12383	0.45145	0.01278	0.01329	0.13619	0.01326	0.02001	0.00979	0.01230	0.00780	0.00500	0.00489	0.00158	0.00589	0.00438	0.00306	0.00765
11	0.01013	0.00955	0.01615	0.73072	0.10734	0.01165	0.01461	0.01356	0.01055	0.01366	0.00931	0.01379	0.00707	0.00515	0.00520	0.00172	0.00687	0.00463	0.00234	0.00602
12	0.01160	0.00978	0.01121	0.00824	0.01270	0.00806	0.00660	0.06680	0.07269	0.01846	0.01043	0.01161	0.00845	0.00428	0.00407	0.00091	0.00401	0.00342	0.00341	0.72328
13	0.01775	0.00962	0.01170	0.00941	0.01271	0.00955	0.00760	0.19853	0.09140	0.35373	0.19702	0.02161	0.02072	0.00744	0.00545	0.00162	0.00425	0.00615	0.00587	0.00788
14	0.00845	0.00619	0.00751	0.00698	0.00860	0.00596	0.00530	0.01230	0.11156	0.04593	0.55555	0.03728	0.14753	0.01041	0.00601	0.00167	0.00276	0.00905	0.00557	0.00540
15	0.01167	0.00939	0.01010	0.00924	0.01137	0.01055	0.00686	0.04542	0.50852	0.03171	0.02017	0.06763	0.01741	0.20420	0.01052	0.00257	0.00434	0.00675	0.00477	0.00681
16	0.00669	0.00479	0.00640	0.00738	0.00790	0.00450	0.00519	0.00796	0.01084	0.01459	0.13535	0.63003	0.03609	0.01532	0.00663	0.00207	0.00311	0.08580	0.00496	0.00438
17	0.01517	0.12995	0.09324	0.09148	0.13961	0.11470	0.01191	0.21528	0.10287	0.02009	0.01114	0.01236	0.00858	0.00549	0.00486	0.00152	0.00637	0.00429	0.00348	0.00761
18	0.00919	0.00555	0.00724	0.00707	0.00843	0.00503	0.00520	0.01097	0.01291	0.12652	0.35931	0.30056	0.09746	0.01218	0.00619	0.00181	0.00294	0.01078	0.00546	0.00520
19	0.09981	0.01118	0.01325	0.12772	0.04366	0.04738	0.00951	0.21605	0.01583	0.27659	0.01508	0.01760	0.01116	0.00658	0.00516	0.00166	0.00542	0.06400	0.00476	0.00762
20	0.07909	0.01087	0.01281	0.01089	0.01394	0.03852	0.06825	0.05693	0.38800	0.11831	0.01730	0.01741	0.01303	0.01104	0.11732	0.00265	0.00618	0.00540	0.00462	0.00747
21	0.01375	0.24024	0.38042	0.01287	0.01837	0.22062	0.01404	0.01738	0.01187	0.01436	0.00844	0.00986	0.00665	0.00493	0.00445	0.00142	0.00757	0.00343	0.00233	0.00699
22	0.01945	0.02482	0.01476	0.01342	0.01610	0.79608	0.01006	0.02079	0.01476	0.01275	0.00805	0.00939	0.00671	0.00537	0.00470	0.00134	0.00939	0.00335	0.00268	0.00604
23	0.00689	0.00530	0.00629	0.00604	0.00748	0.00471	0.00453	0.00889	0.01360	0.01817	0.49187	0.04336	0.34071	0.01166	0.00615	0.00169	0.00253	0.01004	0.00538	0.00471
24	0.02336	0.00886	0.01209	0.00927	0.01329	0.00765	0.00765	0.02538	0.01491	0.78810	0.02055	0.01773	0.01289	0.00645	0.00524	0.00161	0.00443	0.00524	0.00645	0.00886
25	0.85377	0.01007	0.00765	0.00685	0.01007	0.01168	0.00564	0.01531	0.00886	0.02336	0.00725	0.00846	0.00564	0.00483	0.00322	0.00161	0.00403	0.00282	0.00322	0.00564
26	0.00737	0.00532	0.00696	0.00655	0.00778	0.00491	0.00491	0.00983	0.01474	0.02088	0.78175	0.03890	0.04914	0.01065	0.00614	0.00164	0.00246	0.00942	0.00573	0.00491
27	0.01022	0.00932	0.01432	0.31779	0.22344	0.01030	0.01178	0.01449	0.10866	0.01544	0.01787	0.11704	0.09269	0.00750	0.00548	0.00174	0.00545	0.00671	0.00334	0.00641
28	0.00632	0.00462	0.00595	0.00702	0.00749	0.00425	0.00473	0.00728	0.01019	0.01338	0.03150	0.72475	0.12147	0.01595	0.00659	0.00207	0.00298	0.01436	0.00483	0.00425
29	0.01080	0.00926	0.01080	0.00771	0.01234	0.00694	0.00617	0.01311	0.01080	0.01697	0.00926	0.01080	0.00771	0.00386	0.00386	0.00077	0.00386	0.00309	0.00309	0.84882
30	0.00769	0.00673	0.00775	0.00836	0.06979	0.03177	0.00568	0.00948	0.01268	0.01625	0.26493	0.04102	0.44659	0.01134	0.00642	0.00171	0.03256	0.00952	0.00476	0.00496
31	0.00757	0.00505	0.00568	0.00568	0.00568	0.00505	0.00316	0.00757	0.00757	0.01010	0.01641	0.03408	0.01893	0.81698	0.02651	0.00505	0.00505	0.00757	0.00316	0.00316
32	0.01227	0.01628	0.21887	0.01622	0.02090	0.01296	0.29768	0.10941	0.03886	0.01862	0.07185	0.01490	0.01111	0.00596	0.00709	0.00176	0.10958	0.00542	0.00313	0.00713
33	0.00693	0.00520	0.00649	0.00695	0.00805	0.00477	0.00525	0.00862	0.01210	0.01591	0.23308	0.27002	0.23918	0.01364	0.00648	0.00194	0.00308	0.14269	0.00506	0.00455
34	0.01458	0.01483	0.01635	0.04088	0.07025	0.19828	0.07517	0.08191	0.12067	0.03295	0.01075	0.01287	0.00872	0.00673	0.00878	0.00177	0.25198	0.00464	0.02113	0.00675
35	0.00925	0.00801	0.00824	0.00769	0.00977	0.03487	0.00587	0.01547	0.27749	0.01822	0.20296	0.03555	0.32587	0.01023	0.00580	0.00172	0.00335	0.00860	0.00512	0.00590
36	0.01392	0.82012	0.02729	0.00891	0.01337	0.02061	0.00891	0.01559	0.01058	0.01225	0.00724	0.00835	0.00668	0.00446	0.00334	0.00111	0.00557	0.00278	0.00223	0.00668
37	0.01182	0.01107	0.01166	0.00892	0.01289	0.08511	0.00710	0.01472	0.05828	0.01650	0.00968	0.01124	0.00805	0.00462	0.00508	0.00101	0.06849	0.00340	0.00312	0.64722
38	0.01593	0.01298	0.01315	0.01114	0.01448	0.06390	0.00883	0.25123	0.46366	0.06002	0.01769	0.01661	0.01303	0.00668	0.00523	0.00167	0.00496	0.00533	0.00516	0.00832
39	0.01040	0.00664	0.00845	0.00747	0.00929	0.00640	0.00579	0.08554	0.01542	0.10871	0.58469	0.03307	0.03942	0.01106	0.04252	0.00194	0.00353	0.00830	0.00563	0.00573

[dist]
# distance from previous block
# <min> <max>
0	1

[block]
# block no. 4 follows, 47 sequences, length 103
# corresponding to MSA columns:
# 202-304
name=unknown_E
#
# <colnr> <probs for GDERKNQSTAVLIFYWHMCP>
#	G	D	E	R	K	N	Q	S	T	A	V	L	I	F	Y	W	H	M	C	P
0	0.01402	0.76708	0.02636	0.00905	0.01344	0.02018	0.00890	0.03337	0.04354	0.01313	0.00796	0.00892	0.00713	0.00461	0.00347	0.00115	0.00551	0.00296	0.00243	0.00680
1	0.00732	0.00672	0.05806	0.00707	0.00876	0.00530	0.00586	0.00967	0.01343	0.01840	0.48930	0.09491	0.18965	0.01139	0.00616	0.00174	0.00301	0.05309	0.00520	0.00494
2	0.00730	0.00552	0.00671	0.00737	0.00825	0.00539	0.00525	0.00976	0.08866	0.01425	0.03071	0.46776	0.15253	0.08165	0.00814	0.00229	0.00342	0.08566	0.00474	0.00463
3	0.29224	0.01009	0.01219	0.01355	0.18588	0.01053	0.00882	0.06615	0.04341	0.18635	0.01342	0.01583	0.01035	0.00596	0.00457	0.00162	0.00466	0.04786	0.05941	0.00713
4	0.01851	0.02325	0.01490	0.01345	0.01582	0.70506	0.01022	0.01983	0.01397	0.01272	0.00791	0.00962	0.00672	0.00580	0.00614	0.00145	0.10250	0.00349	0.00264	0.00600
5	0.00650	0.00494	0.00601	0.00667	0.00759	0.00445	0.00476	0.00778	0.01117	0.01440	0.10757	0.44275	0.28405	0.01463	0.00647	0.00197	0.00294	0.05606	0.00492	0.00438
6	0.57132	0.06423	0.01094	0.04081	0.01269	0.08736	0.00718	0.10395	0.02694	0.02230	0.00830	0.00946	0.00645	0.00509	0.00373	0.00156	0.00496	0.00322	0.00334	0.00618
7	0.00680	0.00500	0.00637	0.00666	0.00759	0.00457	0.00475	0.00849	0.01247	0.01697	0.38637	0.34641	0.14182	0.01323	0.00634	0.00184	0.00270	0.01176	0.00526	0.00457
8	0.07000	0.01072	0.01276	0.01000	0.01391	0.01073	0.00821	0.22754	0.09186	0.46179	0.01763	0.01592	0.01166	0.00636	0.00512	0.00161	0.00473	0.00501	0.00581	0.00861
9	0.01992	0.01188	0.01389	0.04315	0.01561	0.01247	0.00907	0.37918	0.10615	0.30846	0.01632	0.01527	0.01107	0.00637	0.00523	0.00161	0.00512	0.00502	0.00556	0.00866
10	0.85377	0.01007	0.00765	0.00685	0.01007	0.01168	0.00564	0.01531	0.00886	0.02336	0.00725	0.00846	0.00564	0.00483	0.00322	0.00161	0.00403	0.00282	0.00322	0.00564
11	0.80492	0.01034	0.00812	0.00715	0.01043	0.01194	0.00589	0.05934	0.00978	0.02392	0.00756	0.00870	0.00583	0.00492	0.00334	0.00161	0.00413	0.00293	0.00334	0.00583
12	0.01446	0.01641	0.02406	0.01821	0.02216	0.20495	0.44095	0.06996	0.01325	0.01638	0.00964	0.01250	0.00755	0.00530	0.00699	0.00170	0.10080	0.00518	0.00279	0.00676
13	0.01083	0.00609	0.00807	0.00714	0.00897	0.00551	0.00551	0.01319	0.01478	0.18684	0.61709	0.03432	0.04130	0.00974	0.00595	0.00163	0.00288	0.00851	0.00589	0.00577
14	0.00615	0.00528	0.00528	0.00528	0.00703	0.00440	0.00396	0.00747	0.01187	0.01407	0.05276	0.05012	0.78238	0.01319	0.00615	0.00176	0.00264	0.01099	0.00484	0.00440
15	0.01291	0.01625	0.09913	0.01474	0.01793	0.24065	0.22025	0.01558	0.01207	0.01450	0.01334	0.13831	0.01298	0.00775	0.00682	0.00178	0.08615	0.05969	0.00306	0.00609
16	0.01989	0.01614	0.01434	0.01173	0.01534	0.24249	0.00935	0.33794	0.07883	0.18126	0.01354	0.01321	0.00961	0.00610	0.00507	0.00152	0.00641	0.00451	0.00473	0.00798
17	0.01593	0.00905	0.01090	0.00923	0.01225	0.00918	0.00732	0.02306	0.31531	0.32604	0.17875	0.02279	0.02160	0.00756	0.00545	0.00168	0.00390	0.00636	0.00584	0.00780
18	0.01110	0.01055	0.01791	0.48322	0.34718	0.01190	0.01509	0.01442	0.01101	0.01485	0.00948	0.01347	0.00749	0.00497	0.00519	0.00166	0.00663	0.00463	0.00242	0.00681
19	0.01229	0.20734	0.36295	0.01224	0.01757	0.06457	0.01343	0.01873	0.17563	0.01636	0.01207	0.01404	0.00958	0.00570	0.00472	0.00156	0.00642	0.03442	0.00301	0.00735
20	0.01617	0.01476	0.01482	0.01411	0.10368	0.24062	0.06616	0.09834	0.11287	0.12942	0.01768	0.01889	0.08957	0.00680	0.00531	0.00159	0.00634	0.03162	0.00411	0.00714
21	0.00928	0.00831	0.01050	0.00981	0.01050	0.05978	0.00767	0.01071	0.00859	0.01203	0.01195	0.01884	0.01162	0.11482	0.45295	0.00593	0.22380	0.00538	0.00269	0.00485
22	0.00710	0.00558	0.00862	0.00879	0.00967	0.00524	0.07832	0.00852	0.01056	0.01415	0.06435	0.64849	0.03233	0.01476	0.00661	0.00208	0.00366	0.06194	0.00466	0.00457
23	0.01384	0.01480	0.17053	0.07450	0.12985	0.01182	0.23374	0.09167	0.01339	0.12287	0.01276	0.01651	0.00982	0.00570	0.00556	0.00171	0.00692	0.05305	0.00343	0.00753
24	0.01338	0.00633	0.00792	0.00687	0.00890	0.00582	0.00528	0.01544	0.01297	0.27381	0.23023	0.02570	0.02367	0.08715	0.00711	0.00184	0.00336	0.00651	0.25169	0.00603
25	0.00647	0.00464	0.00595	0.00695	0.00731	0.00433	0.00459	0.00730	0.00983	0.01299	0.02890	0.67827	0.08097	0.10452	0.00881	0.00242	0.00322	0.01376	0.00465	0.00412
26	0.01643	0.07566	0.12314	0.06641	0.04746	0.28867	0.09789	0.14480	0.01493	0.06154	0.01006	0.01149	0.00761	0.00531	0.00497	0.00150	0.00764	0.00416	0.00319	0.00712
27	0.04062	0.06470	0.16900	0.01011	0.01335	0.00934	0.02649	0.01458	0.13567	0.01651	0.02469	0.07024	0.14786	0.00994	0.00580	0.00189	0.00494	0.22414	0.00408	0.00606
28	0.00644	0.00460	0.00615	0.00736	0.00770	0.00431	0.00500	0.00742	0.01006	0.01340	0.02865	0.77836	0.03423	0.01623	0.00667	0.00213	0.00310	0.04908	0.00483	0.00426
29	0.00842	0.00578	0.00742	0.00686	0.00832	0.00543	0.00520	0.01143	0.05158	0.05900	0.69584	0.03707	0.05693	0.01030	0.00606	0.00164	0.00264	0.00906	0.00573	0.00526
30	0.01273	0.01616	0.22982	0.02621	0.53985	0.01207	0.01646	0.01658	0.01177	0.05427	0.01019	0.01261	0.00802	0.00481	0.00510	0.00158	0.00651	0.00445	0.00266	0.00813
31	0.00634	0.00453	0.00604	0.00725	0.00755	0.00423	0.00483	0.00725	0.00997	0.01329	0.02870	0.81358	0.03444	0.01632	0.00665	0.00211	0.00302	0.01480	0.00483	0.00423
32	0.02336	0.00886	0.01209	0.00927	0.01329	0.00765	0.00765	0.02538	0.01491	0.78810	0.02055	0.01773	0.01289	0.00645	0.00524	0.00161	0.00443	0.00524	0.00645	0.00886
33	0.01980	0.01459	0.01563	0.01198	0.01615	0.01615	0.00990	0.76713	0.02448	0.03282	0.01250	0.01250	0.00886	0.00625	0.00521	0.00156	0.00573	0.00469	0.00521	0.00886
34	0.00708	0.00505	0.00688	0.00809	0.00871	0.00486	0.00611	0.00852	0.01069	0.01411	0.02830	0.54391	0.03285	0.01563	0.00684	0.00222	0.00366	0.27727	0.00482	0.00443
35	0.01229	0.01405	0.03073	0.02195	0.02722	0.01317	0.76558	0.01668	0.01229	0.01668	0.01054	0.01405	0.00790	0.00439	0.00615	0.00176	0.00878	0.00615	0.00263	0.00702
36	0.00886	0.00723	0.00807	0.00752	0.00946	0.00741	0.00574	0.01502	0.26345	0.01927	0.32746	0.03566	0.24413	0.01019	0.00587	0.00171	0.00305	0.00870	0.00534	0.00586
37	0.02141	0.01183	0.06337	0.01048	0.01479	0.01061	0.00911	0.25814	0.01767	0.50075	0.01729	0.01565	0.01122	0.00629	0.00521	0.00160	0.00505	0.00497	0.00578	0.00879
38	0.00757	0.00505	0.00568	0.00568	0.00568	0.00505	0.00316	0.00757	0.00757	0.01010	0.01641	0.03408	0.01893	0.81698	0.02651	0.00505	0.00505	0.00757	0.00316	0.00316
39	0.00853	0.00615	0.00688	0.00669	0.00753	0.00622	0.00453	0.05804	0.05473	0.01341	0.02327	0.03678	0.13962	0.51160	0.01878	0.00385	0.00463	0.08073	0.00384	0.00418
40	0.01330	0.01036	0.01114	0.00955	0.01247	0.01113	0.00771	0.31259	0.18914	0.02337	0.02725	0.02917	0.22973	0.00918	0.00569	0.00175	0.00441	0.07991	0.00508	0.00707
41	0.00634	0.00453	0.00604	0.00725	0.00755	0.00423	0.00483	0.00725	0.00997	0.01329	0.02870	0.81358	0.03444	0.01632	0.00665	0.00211	0.00302	0.01480	0.00483	0.00423
42	0.01432	0.64854	0.06394	0.01037	0.01481	0.11052	0.04626	0.01630	0.01117	0.01274	0.00760	0.00888	0.00674	0.00458	0.00372	0.00120	0.00628	0.00307	0.00230	0.00667
43	0.01205	0.07048	0.58130	0.01476	0.02161	0.01283	0.09081	0.07358	0.01227	0.04810	0.01002	0.01152	0.00715	0.00502	0.00500	0.00162	0.00740	0.00413	0.00264	0.00770
44	0.01067	0.02535	0.69656	0.01572	0.02311	0.01223	0.11109	0.01652	0.01115	0.01652	0.00949	0.01137	0.00676	0.00488	0.00510	0.00166	0.00783	0.00413	0.00225	0.00761
45	0.00615	0.00528	0.00528	0.00528	0.00703	0.00440	0.00396	0.00747	0.01187	0.01407	0.05276	0.05012	0.78238	0.01319	0.00615	0.00176	0.00264	0.01099	0.00484	0.00440
46	0.01196	0.01143	0.01947	0.26613	0.55757	0.01213	0.01552	0.01517	0.01142	0.01589	0.00963	0.01319	0.00785	0.00481	0.00517	0.00160	0.00642	0.00464	0.00250	0.00750
47	0.00825	0.00595	0.00819	0.00931	0.01055	0.00589	0.00811	0.01058	0.01198	0.01549	0.02920	0.05819	0.07850	0.01431	0.00713	0.00236	0.00466	0.70182	0.00480	0.00477
48	0.01295	0.01119	0.01178	0.01060	0.01354	0.01295	0.00824	0.02767	0.77509	0.02178	0.02120	0.01943	0.01590	0.00707	0.00530	0.00177	0.00412	0.00589	0.00530	0.00824
49	0.01945	0.02482	0.01476	0.01342	0.01610	0.79608	0.01006	0.02079	0.01476	0.01275	0.00805	0.00939	0.00671	0.00537	0.00470	0.00134	0.00939	0.00335	0.00268	0.00604
50	0.00999	0.00957	0.01659	0.75400	0.03531	0.01167	0.06290	0.01352	0.01053	0.01352	0.00934	0.01389	0.00700	0.00515	0.00527	0.00174	0.00706	0.00473	0.00233	0.00586
51	0.00983	0.00926	0.01562	0.80447	0.03587	0.01157	0.01446	0.01331	0.01041	0.01331	0.00926	0.01388	0.00694	0.00521	0.00521	0.00174	0.00694	0.00463	0.00231	0.00579
52	0.00718	0.00532	0.00670	0.00635	0.00766	0.00483	0.00476	0.00946	0.01429	0.01981	0.66676	0.04067	0.16480	0.01105	0.00614	0.00166	0.00249	0.00967	0.00559	0.00483
53	0.01945	0.02482	0.01476	0.01342	0.01610	0.79608	0.01006	0.02079	0.01476	0.01275	0.00805	0.00939	0.00671	0.00537	0.00470	0.00134	0.00939	0.00335	0.00268	0.00604
54	0.02336	0.00886	0.01209	0.00927	0.01329	0.00765	0.00765	0.02538	0.01491	0.78810	0.02055	0.01773	0.01289	0.00645	0.00524	0.00161	0.00443	0.00524	0.00645	0.00886
55	0.00634	0.00453	0.00604	0.00725	0.00755	0.00423	0.00483	0.00725	0.00997	0.01329	0.02870	0.81358	0.03444	0.01632	0.00665	0.00211	0.00302	0.01480	0.00483	0.00423
56	0.01665	0.32445	0.02121	0.01248	0.01621	0.36597	0.08701	0.07194	0.01362	0.01440	0.00832	0.00970	0.00697	0.00498	0.00437	0.00131	0.00762	0.00352	0.00269	0.00659
57	0.01945	0.02482	0.01476	0.01342	0.01610	0.79608	0.01006	0.02079	0.01476	0.01275	0.00805	0.00939	0.00671	0.00537	0.00470	0.00134	0.00939	0.00335	0.00268	0.00604
58	0.00691	0.00523	0.00638	0.00625	0.00754	0.00470	0.00463	0.00889	0.01343	0.01814	0.49432	0.11831	0.26237	0.01195	0.00620	0.00172	0.00257	0.01041	0.00538	0.00470
59	0.00725	0.00523	0.00685	0.00663	0.00775	0.00483	0.00490	0.00953	0.01418	0.02000	0.69368	0.12950	0.04742	0.01131	0.00620	0.00169	0.00252	0.01005	0.00563	0.00483
60	0.00629	0.00477	0.00580	0.00663	0.00739	0.00428	0.00456	0.00732	0.01057	0.01354	0.03627	0.57342	0.26972	0.01533	0.00649	0.00200	0.00290	0.01360	0.00483	0.00428
61	0.01080	0.00926	0.01080	0.00771	0.01234	0.00694	0.00617	0.01311	0.01080	0.01697	0.00926	0.01080	0.00771	0.00386	0.00386	0.00077	0.00386	0.00309	0.00309	0.84882
62	0.01163	0.01032	0.01566	0.42334	0.19264	0.01187	0.01297	0.06881	0.11807	0.01702	0.01171	0.01467	0.00898	0.00547	0.00512	0.00166	0.00604	0.00482	0.05240	0.00682
63	0.00625	0.00490	0.00567	0.00628	0.00730	0.00431	0.00440	0.00736	0.01090	0.01367	0.04048	0.43988	0.40055	0.01478	0.00641	0.00194	0.00283	0.01294	0.00484	0.00431
64	0.01345	0.71208	0.13117	0.00972	0.01462	0.01945	0.01032	0.01572	0.01064	0.01283	0.00753	0.00871	0.00667	0.00452	0.00356	0.00119	0.00586	0.00293	0.00222	0.00682
65	0.33026	0.09541	0.05197	0.13073	0.07427	0.09639	0.00945	0.06363	0.01132	0.01863	0.00983	0.06859	0.00860	0.00583	0.00430	0.00158	0.00558	0.00433	0.00307	0.00622
66	0.44042	0.01414	0.01145	0.00989	0.01277	0.18257	0.00796	0.13704	0.01255	0.02132	0.00822	0.00966	0.00653	0.00568	0.00549	0.00162	0.09968	0.00344	0.00331	0.00625
67	0.00653	0.00520	0.00588	0.00611	0.00749	0.00455	0.00455	0.00802	0.01199	0.01510	0.16118	0.18387	0.48578	0.01342	0.00631	0.00184	0.00282	0.05991	0.00497	0.00447
68	0.06498	0.02291	0.22713	0.01359	0.01782	0.43453	0.04742	0.01967	0.07578	0.01532	0.00955	0.01082	0.00743	0.00531	0.00480	0.00150	0.00815	0.00380	0.00279	0.00670
69	0.00762	0.00585	0.00872	0.00862	0.00950	0.00695	0.00674	0.00945	0.00835	0.01211	0.01362	0.02004	0.01273	0.03766	0.75998	0.00809	0.05097	0.00553	0.00277	0.00470
70	0.00615	0.00528	0.00528	0.00528	0.00703	0.00440	0.00396	0.00747	0.01187	0.01407	0.05276	0.05012	0.78238	0.01319	0.00615	0.00176	0.00264	0.01099	0.00484	0.00440
71	0.00855	0.00730	0.00976	0.06698	0.13661	0.00727	0.00750	0.01198	0.09991	0.01632	0.14465	0.15028	0.27771	0.01064	0.00592	0.00177	0.00376	0.02299	0.00448	0.00562
72	0.01119	0.01064	0.01807	0.46082	0.36890	0.01193	0.01514	0.01450	0.01106	0.01495	0.00950	0.01344	0.00752	0.00495	0.00518	0.00165	0.00661	0.00463	0.00243	0.00688
73	0.01056	0.02611	0.74103	0.01530	0.02284	0.01216	0.06737	0.01650	0.01108	0.01650	0.00942	0.01119	0.00668	0.00491	0.00502	0.00166	0.00777	0.00400	0.00223	0.00765
74	0.00634	0.00453	0.00604	0.00725	0.00755	0.00423	0.00483	0.00725	0.00997	0.01329	0.02870	0.81358	0.03444	0.01632	0.00665	0.00211	0.00302	0.01480	0.00483	0.00423
75	0.01370	0.76896	0.07648	0.00929	0.01396	0.02006	0.00958	0.01565	0.01061	0.01253	0.00738	0.00852	0.00668	0.00449	0.00345	0.00115	0.00571	0.00285	0.00223	0.00675
76	0.01045	0.02694	0.79000	0.01484	0.02254	0.01209	0.01924	0.01649	0.01099	0.01649	0.00935	0.01099	0.00660	0.00495	0.00495	0.00165	0.00770	0.00385	0.00220	0.00770
77	0.00716	0.00568	0.00702	0.05376	0.01006	0.00535	0.00618	0.00893	0.01164	0.01447	0.03921	0.12597	0.40564	0.01344	0.00650	0.00201	0.00367	0.26404	0.00467	0.00460
78	0.01065	0.07339	0.74533	0.01450	0.02200	0.01259	0.01864	0.01644	0.01097	0.01624	0.00922	0.01084	0.00660	0.00492	0.00485	0.00162	0.00757	0.00379	0.00220	0.00764
79	0.00983	0.00926	0.01562	0.80447	0.03587	0.01157	0.01446	0.01331	0.01041	0.01331	0.00926	0.01388	0.00694	0.00521	0.00521	0.00174	0.00694	0.00463	0.00231	0.00579
80	0.01045	0.02694	0.79000	0.01484	0.02254	0.01209	0.01924	0.01649	0.01099	0.01649	0.00935	0.01099	0.00660	0.00495	0.00495	0.00165	0.00770	0.00385	0.00220	0.00770
81	0.01045	0.02694	0.79000	0.01484	0.02254	0.01209	0.01924	0.01649	0.01099	0.01649	0.00935	0.01099	0.00660	0.00495	0.00495	0.00165	0.00770	0.00385	0.00220	0.00770
82	0.00757	0.00505	0.00568	0.00568	0.00568	0.00505	0.00316	0.00757	0.00757	0.01010	0.01641	0.03408	0.01893	0.81698	0.02651	0.00505	0.00505	0.00757	0.00316	0.00316
83	0.00749	0.00536	0.00728	0.00728	0.00783	0.00592	0.00514	0.00860	0.00805	0.01128	0.01495	0.02600	0.01543	0.35558	0.48311	0.00702	0.01033	0.00639	0.00294	0.00404
84	0.00983	0.00926	0.01562	0.80447	0.03587	0.01157	0.01446	0.01331	0.01041	0.01331	0.00926	0.01388	0.00694	0.00521	0.00521	0.00174	0.00694	0.00463	0.00231	0.00579
85	0.00634	0.00453	0.00604	0.00725	0.00755	0.00423	0.00483	0.00725	0.00997	0.01329	0.02870	0.81358	0.03444	0.01632	0.00665	0.00211	0.00302	0.01480	0.00483	0.00423
86	0.01289	0.01237	0.02114	0.03196	0.78450	0.01237	0.01598	0.01598	0.01186	0.01701	0.00980	0.01289	0.00825	0.00464	0.00516	0.00155	0.00619	0.00464	0.00258	0.00825
87	0.01118	0.00996	0.01631	0.02348	0.49121	0.00996	0.01310	0.01401	0.01191	0.01647	0.01653	0.03027	0.01648	0.00833	0.00593	0.00187	0.00566	0.28697	0.00342	0.00694
88	0.00643	0.00528	0.00563	0.00554	0.00716	0.00452	0.00413	0.00795	0.01236	0.01537	0.20032	0.04748	0.61610	0.03061	0.00661	0.00181	0.00265	0.01059	0.00498	0.00447
89	0.01209	0.01231	0.02319	0.18134	0.38804	0.01248	0.26167	0.01568	0.01171	0.01617	0.00993	0.01347	0.00788	0.00467	0.00549	0.00165	0.00719	0.00513	0.00254	0.00736
90	0.01186	0.02358	0.54751	0.01841	0.18673	0.08919	0.01763	0.01680	0.01155	0.01624	0.00932	0.01125	0.00697	0.00492	0.00497	0.00160	0.00754	0.00397	0.00233	0.00765
91	0.01203	0.01135	0.01878	0.02723	0.61801	0.01163	0.01435	0.01483	0.01160	0.01642	0.01334	0.01903	0.04641	0.00631	0.00624	0.00169	0.06221	0.07812	0.00288	0.00755
92	0.01353	0.01360	0.02051	0.03014	0.70899	0.08938	0.01540	0.01646	0.01214	0.01659	0.00962	0.01255	0.00810	0.00471	0.00511	0.00153	0.00650	0.00451	0.00259	0.00803
93	0.01147	0.01477	0.18472	0.11547	0.16216	0.03751	0.13557	0.06298	0.05526	0.01704	0.01733	0.01893	0.13103	0.00636	0.00543	0.00167	0.00643	0.00575	0.00315	0.00698
94	0.01159	0.27376	0.20397	0.06982	0.09783	0.02786	0.08690	0.01481	0.01112	0.01467	0.02731	0.08929	0.01130	0.00626	0.00485	0.00155	0.00629	0.03139	0.00272	0.00671
95	0.01363	0.12672	0.15751	0.10323	0.18845	0.06748	0.01246	0.05991	0.01214	0.08997	0.02497	0.01302	0.00882	0.00654	0.00643	0.08829	0.00625	0.00429	0.00299	0.00692
96	0.01177	0.13755	0.10081	0.03039	0.17096	0.01040	0.01008	0.04882	0.01176	0.09454	0.01732	0.29852	0.01765	0.00909	0.00539	0.00170	0.00494	0.00796	0.00380	0.00655
97	0.01351	0.01959	0.31517	0.01715	0.18842	0.15400	0.01431	0.06963	0.01335	0.04898	0.08579	0.01425	0.01158	0.00567	0.00510	0.00156	0.00688	0.00460	0.00310	0.00737
98	0.01515	0.23945	0.15754	0.05791	0.04790	0.07494	0.01091	0.01850	0.04766	0.18316	0.01165	0.01222	0.00863	0.00516	0.00448	0.00139	0.00588	0.00391	0.00342	0.09012
99	0.01390	0.05014	0.30775	0.01428	0.10255	0.01205	0.01330	0.14497	0.07956	0.11167	0.01511	0.01702	0.04605	0.00632	0.00518	0.00165	0.00603	0.04087	0.00378	0.00780
100	0.01324	0.08680	0.12496	0.05470	0.11878	0.16486	0.08420	0.01699	0.07468	0.04350	0.01297	0.06620	0.03247	0.00730	0.02757	0.00181	0.05385	0.00526	0.00308	0.00676
101	0.01262	0.01182	0.07008	0.08722	0.12086	0.01129	0.09010	0.15761	0.05185	0.04975	0.07753	0.04805	0.08127	0.00710	0.00620	0.00167	0.05721	0.00607	0.00386	0.04784
102	0.10697	0.12113	0.23260	0.01050	0.01506	0.01137	0.01069	0.04887	0.06144	0.21813	0.01478	0.10135	0.01191	0.00670	0.00484	0.00162	0.00534	0.00533	0.00403	0.00734

[dist]
# distance from previous block
# <min> <max>
11	42

[block]
# block no. 5 follows, 47 sequences, length 6
# corresponding to MSA columns:
# 350-355
name=unknown_F
#
# <colnr> <probs for GDERKNQSTAVLIFYWHMCP>
#	G	D	E	R	K	N	Q	S	T	A	V	L	I	F	Y	W	H	M	C	P
0	0.01399	0.51076	0.07813	0.01248	0.01712	0.10802	0.16361	0.01648	0.01144	0.01350	0.00815	0.00981	0.00693	0.00458	0.00418	0.00131	0.00681	0.00361	0.00236	0.00675
1	0.01243	0.39136	0.28266	0.01354	0.01925	0.01625	0.16623	0.01611	0.01107	0.01457	0.00861	0.01039	0.00690	0.00461	0.00445	0.00142	0.00693	0.00382	0.00230	0.00709
2	0.15315	0.52386	0.17911	0.00977	0.01468	0.01739	0.01047	0.01573	0.01038	0.01497	0.00767	0.00891	0.00649	0.00462	0.00365	0.00131	0.00575	0.00301	0.00239	0.00672
3	0.00653	0.00499	0.00601	0.00639	0.00743	0.00446	0.00455	0.00797	0.01182	0.01545	0.22464	0.35611	0.29720	0.01382	0.00635	0.00187	0.00275	0.01214	0.00506	0.00446
4	0.00656	0.00491	0.00609	0.00661	0.00749	0.00444	0.00465	0.00795	0.01162	0.01539	0.22423	0.43714	0.21564	0.01414	0.00640	0.00191	0.00279	0.01254	0.00506	0.00444
5	0.00824	0.00639	0.00792	0.00740	0.00767	0.00721	0.00511	0.00888	0.00887	0.01228	0.12014	0.03102	0.06348	0.49833	0.02069	0.00384	0.16773	0.00740	0.00342	0.00398

[dist]
# distance from previous block
# <min> <max>
0	137

# created by:
# /home/cegg/simao/soft/augustus-3.2.1/scripts/msa2prfl.pl ./align_prep/20348.fa
