[name]
unknown

[dist]
# distance from previous block
# <min> <max>
0	87

[block]
# block no. 0 follows, 40 sequences, length 6
# corresponding to MSA columns:
# 87-92
name=unknown_A
#
# <colnr> <probs for GDERKNQSTAVLIFYWHMCP>
#	G	D	E	R	K	N	Q	S	T	A	V	L	I	F	Y	W	H	M	C	P
0	0.00965	0.00684	0.00802	0.00821	0.00986	0.00670	0.00650	0.07579	0.01391	0.01883	0.03507	0.16096	0.23765	0.01461	0.03419	0.00235	0.00437	0.19643	0.14454	0.00554
1	0.01121	0.01785	0.32526	0.01456	0.08586	0.01092	0.01386	0.01736	0.11767	0.01938	0.10298	0.11520	0.04598	0.00838	0.00595	0.00184	0.00603	0.00716	0.00399	0.06856
2	0.00733	0.00534	0.00677	0.00758	0.00826	0.00493	0.00516	0.00860	0.01203	0.01602	0.14667	0.53330	0.12762	0.07102	0.00881	0.00246	0.00338	0.01452	0.00542	0.00478
3	0.01118	0.01134	0.06722	0.01293	0.10451	0.04818	0.00932	0.01724	0.19191	0.02014	0.21577	0.08115	0.12803	0.01159	0.04150	0.00223	0.00519	0.00855	0.00503	0.00700
4	0.00781	0.00575	0.00770	0.00800	0.00892	0.00579	0.00580	0.00953	0.01179	0.01619	0.19332	0.25826	0.09955	0.07624	0.25277	0.00465	0.00723	0.01095	0.00477	0.00498
5	0.01378	0.09426	0.01410	0.01090	0.03466	0.08115	0.00844	0.10423	0.01523	0.06282	0.23177	0.02406	0.02368	0.04978	0.08913	0.00269	0.06394	0.00659	0.00457	0.06423

[dist]
# distance from previous block
# <min> <max>
0	1

[block]
# block no. 1 follows, 40 sequences, length 16
# corresponding to MSA columns:
# 94-109
name=unknown_B
#
# <colnr> <probs for GDERKNQSTAVLIFYWHMCP>
#	G	D	E	R	K	N	Q	S	T	A	V	L	I	F	Y	W	H	M	C	P
0	0.16564	0.30434	0.07946	0.01167	0.01638	0.04230	0.05355	0.08454	0.11288	0.06110	0.01196	0.01265	0.00931	0.00582	0.00468	0.00162	0.00618	0.00426	0.00375	0.00792
1	0.05362	0.24905	0.04706	0.01073	0.01468	0.02846	0.00950	0.16887	0.17336	0.02279	0.03713	0.01747	0.01329	0.00687	0.00500	0.00164	0.00546	0.03018	0.09686	0.00795
2	0.01398	0.01217	0.01123	0.00951	0.01265	0.15252	0.00737	0.07223	0.01574	0.08426	0.19269	0.02852	0.16834	0.00890	0.00583	0.00157	0.00507	0.00723	0.00494	0.18524
3	0.09142	0.01413	0.16582	0.04624	0.22358	0.01085	0.01285	0.01672	0.01264	0.10702	0.05153	0.02153	0.07880	0.07077	0.04947	0.00252	0.00665	0.00608	0.00381	0.00757
4	0.41403	0.01257	0.01237	0.01001	0.01413	0.01371	0.00826	0.24813	0.01679	0.17942	0.01297	0.01298	0.00908	0.00626	0.00476	0.00178	0.00519	0.00436	0.00503	0.00817
5	0.04407	0.24760	0.03282	0.10057	0.11780	0.05646	0.01129	0.04628	0.07099	0.07742	0.01495	0.08594	0.01346	0.00750	0.00536	0.00174	0.00617	0.04817	0.00382	0.00758
6	0.01298	0.00697	0.00861	0.00784	0.01021	0.00606	0.00600	0.01475	0.01425	0.24670	0.12027	0.18374	0.31315	0.01276	0.00666	0.00197	0.00362	0.01091	0.00606	0.00647
7	0.01083	0.00651	0.00790	0.00789	0.00940	0.00629	0.00577	0.01399	0.07862	0.10244	0.13209	0.33028	0.06493	0.01254	0.00629	0.00195	0.00341	0.01101	0.18188	0.00597
8	0.01768	0.01183	0.01680	0.06163	0.27919	0.02459	0.01209	0.08420	0.05780	0.24616	0.05432	0.02103	0.07200	0.00722	0.00593	0.00180	0.00574	0.00625	0.00497	0.00877
9	0.00713	0.00510	0.00679	0.00807	0.00844	0.00475	0.00540	0.00821	0.01134	0.01518	0.06061	0.76232	0.03911	0.01797	0.00740	0.00234	0.00335	0.01629	0.00544	0.00475
10	0.00849	0.00583	0.00759	0.00759	0.00880	0.00535	0.00552	0.01064	0.01472	0.04827	0.47744	0.26613	0.08419	0.01374	0.00699	0.00199	0.00302	0.01222	0.00608	0.00540
11	0.06275	0.00760	0.00948	0.00880	0.01082	0.00731	0.00659	0.07115	0.01384	0.19987	0.08953	0.30878	0.06042	0.01339	0.00833	0.09509	0.00417	0.01023	0.00553	0.00631
12	0.08834	0.26513	0.02060	0.12642	0.01973	0.17934	0.01109	0.18838	0.01627	0.02045	0.01000	0.01160	0.00798	0.00583	0.00484	0.00157	0.00725	0.00406	0.00349	0.00763
13	0.00834	0.00611	0.00871	0.00871	0.00953	0.00692	0.00648	0.00998	0.00916	0.01303	0.01616	0.02606	0.01593	0.20240	0.61570	0.00856	0.01348	0.00670	0.00320	0.00484
14	0.12832	0.00762	0.00828	0.00764	0.00998	0.00731	0.00588	0.05249	0.01422	0.11267	0.15861	0.13975	0.30163	0.01203	0.00629	0.00194	0.00363	0.01007	0.00556	0.00607
15	0.01229	0.01196	0.01800	0.06730	0.31267	0.06268	0.08899	0.01482	0.01241	0.01648	0.01819	0.12518	0.07286	0.09946	0.00943	0.00234	0.03671	0.00772	0.00348	0.00702

[dist]
# distance from previous block
# <min> <max>
10	47

[block]
# block no. 2 follows, 40 sequences, length 8
# corresponding to MSA columns:
# 158-165
name=unknown_C
#
# <colnr> <probs for GDERKNQSTAVLIFYWHMCP>
#	G	D	E	R	K	N	Q	S	T	A	V	L	I	F	Y	W	H	M	C	P
0	0.08002	0.15370	0.01315	0.00991	0.04526	0.10114	0.00697	0.01285	0.01065	0.01402	0.01514	0.13247	0.01640	0.24860	0.01468	0.10350	0.00589	0.00708	0.00340	0.00517
1	0.16257	0.10186	0.01362	0.00972	0.05022	0.01056	0.00748	0.01505	0.01179	0.01938	0.01371	0.01501	0.06990	0.00549	0.00440	0.00121	0.00458	0.00417	0.00350	0.47580
2	0.01306	0.04924	0.39763	0.01783	0.09715	0.01381	0.10080	0.04485	0.10497	0.01975	0.01233	0.01400	0.00921	0.00564	0.00560	0.00175	0.00755	0.00489	0.00319	0.07673
3	0.00726	0.00548	0.00662	0.00722	0.00819	0.00494	0.00502	0.00862	0.01245	0.01620	0.14788	0.41800	0.26004	0.05402	0.00825	0.00232	0.00326	0.01394	0.00546	0.00484
4	0.06246	0.03465	0.13775	0.11075	0.06726	0.01074	0.06413	0.01403	0.01204	0.01740	0.02183	0.11388	0.12340	0.00948	0.00699	0.00199	0.06262	0.05974	0.06234	0.00652
5	0.01278	0.06854	0.25731	0.01308	0.01719	0.16296	0.01307	0.01613	0.01212	0.01545	0.01465	0.01770	0.06421	0.01647	0.20450	0.00374	0.07504	0.00526	0.00296	0.00682
6	0.06062	0.10673	0.07478	0.01078	0.03038	0.03349	0.03005	0.10238	0.01391	0.01960	0.01923	0.05953	0.12328	0.01013	0.06147	0.00208	0.00611	0.00603	0.00388	0.22554
7	0.01496	0.01081	0.05866	0.01561	0.15342	0.00917	0.08056	0.01793	0.01483	0.22847	0.19927	0.07481	0.07820	0.00888	0.00633	0.00186	0.00522	0.00800	0.00527	0.00774

[dist]
# distance from previous block
# <min> <max>
20	41

[block]
# block no. 3 follows, 40 sequences, length 15
# corresponding to MSA columns:
# 218-232
name=unknown_D
#
# <colnr> <probs for GDERKNQSTAVLIFYWHMCP>
#	G	D	E	R	K	N	Q	S	T	A	V	L	I	F	Y	W	H	M	C	P
0	0.01402	0.01311	0.01168	0.01078	0.01324	0.18638	0.00859	0.15062	0.01729	0.02112	0.16392	0.03734	0.14439	0.01101	0.00656	0.00195	0.00586	0.17056	0.00510	0.00648
1	0.01416	0.14086	0.23660	0.01597	0.11388	0.04291	0.01405	0.10425	0.11342	0.01990	0.01297	0.01490	0.01028	0.01097	0.10737	0.00273	0.00821	0.00488	0.00349	0.00821
2	0.01404	0.02164	0.33851	0.02076	0.09634	0.01456	0.27117	0.11440	0.01488	0.02097	0.01142	0.01390	0.00839	0.00547	0.00606	0.00186	0.00857	0.00541	0.00311	0.00856
3	0.00900	0.00537	0.00689	0.00694	0.00721	0.00523	0.00444	0.00800	0.00874	0.01140	0.02006	0.05681	0.11136	0.29261	0.02257	0.40424	0.00493	0.00758	0.00335	0.00326
4	0.00707	0.00556	0.00625	0.00677	0.00797	0.00489	0.00473	0.00826	0.01211	0.01507	0.04578	0.33606	0.43047	0.07104	0.00868	0.00237	0.00330	0.01363	0.00527	0.00474
5	0.01491	0.11920	0.14695	0.01177	0.01580	0.01350	0.04689	0.20418	0.04435	0.05876	0.01457	0.02076	0.01289	0.23626	0.01248	0.00285	0.00656	0.00589	0.00405	0.00736
6	0.01095	0.00980	0.01187	0.01296	0.10661	0.06651	0.00820	0.01192	0.01015	0.01358	0.01627	0.13281	0.01808	0.35573	0.01932	0.00370	0.17473	0.00808	0.00345	0.00528
7	0.01167	0.00608	0.00759	0.00763	0.00908	0.00566	0.00555	0.01352	0.01274	0.14995	0.06818	0.37578	0.02792	0.01239	0.00608	0.00192	0.00341	0.01089	0.25806	0.00590
8	0.01933	0.02480	0.01234	0.00982	0.01318	0.04291	0.00785	0.12644	0.01651	0.36415	0.05938	0.02394	0.07433	0.06405	0.05705	0.00250	0.00575	0.00653	0.06107	0.00806
9	0.01722	0.01766	0.14646	0.09169	0.11403	0.01582	0.11085	0.36439	0.01976	0.02693	0.01236	0.01411	0.00903	0.00613	0.00590	0.00181	0.00741	0.00528	0.00420	0.00899
10	0.01342	0.30450	0.02126	0.22823	0.08521	0.07895	0.01190	0.01587	0.01231	0.01479	0.01557	0.01778	0.10443	0.00684	0.00580	0.00166	0.04644	0.00520	0.00297	0.00689
11	0.07978	0.12790	0.01928	0.05095	0.23325	0.22956	0.01229	0.08795	0.01491	0.01915	0.01060	0.01271	0.00866	0.00571	0.00505	0.00158	0.00733	0.00435	0.06126	0.00773
12	0.00842	0.00580	0.00717	0.00717	0.00746	0.00609	0.00456	0.00899	0.00870	0.01189	0.01756	0.03385	0.01931	0.58756	0.23517	0.00666	0.00839	0.00784	0.00341	0.00399
13	0.01584	0.01636	0.08312	0.01667	0.11972	0.15354	0.09139	0.12044	0.05286	0.07007	0.03171	0.02219	0.10546	0.00916	0.03806	0.00212	0.00746	0.03183	0.00420	0.00778
14	0.00801	0.00627	0.00709	0.00727	0.00861	0.00593	0.00515	0.01075	0.08285	0.01659	0.12208	0.24668	0.31867	0.11546	0.00986	0.00253	0.00354	0.01218	0.00532	0.00516

[dist]
# distance from previous block
# <min> <max>
0	1

[block]
# block no. 4 follows, 40 sequences, length 21
# corresponding to MSA columns:
# 236-243,249-261
name=unknown_E
#
# <colnr> <probs for GDERKNQSTAVLIFYWHMCP>
#	G	D	E	R	K	N	Q	S	T	A	V	L	I	F	Y	W	H	M	C	P
0	0.10405	0.08121	0.08412	0.02189	0.30495	0.01474	0.08193	0.14385	0.01512	0.02250	0.01149	0.01379	0.00906	0.00561	0.00533	0.00170	0.00664	0.00490	0.05869	0.00843
1	0.13282	0.07672	0.01976	0.05745	0.04805	0.02912	0.15271	0.20277	0.01656	0.10400	0.01240	0.01376	0.00914	0.00577	0.00537	0.00167	0.00658	0.00493	0.00422	0.09619
2	0.01723	0.13758	0.07967	0.01151	0.01563	0.06106	0.02121	0.18915	0.04173	0.15467	0.04030	0.12637	0.03286	0.00834	0.00568	0.00174	0.00585	0.00677	0.00490	0.03773
3	0.01542	0.36167	0.13053	0.01136	0.01621	0.01758	0.01116	0.20634	0.01604	0.02066	0.01573	0.06962	0.07038	0.00729	0.00505	0.00160	0.00615	0.00552	0.00380	0.00787
4	0.00792	0.00576	0.00734	0.00830	0.00915	0.00546	0.00618	0.00937	0.01179	0.01528	0.03414	0.35695	0.14934	0.11988	0.01045	0.00283	0.00420	0.22573	0.00514	0.00478
5	0.01584	0.01730	0.06473	0.08969	0.32061	0.13697	0.15163	0.09662	0.01519	0.01968	0.01103	0.01393	0.00871	0.00553	0.00588	0.00176	0.00814	0.00522	0.00318	0.00836
6	0.01191	0.04790	0.25294	0.01448	0.01803	0.01476	0.04155	0.01595	0.05213	0.01634	0.01589	0.01838	0.10030	0.00874	0.01152	0.00215	0.34102	0.00580	0.00307	0.00714
7	0.00751	0.00534	0.00665	0.00752	0.00793	0.00505	0.00493	0.00833	0.01066	0.01403	0.03058	0.50448	0.09425	0.22750	0.01337	0.00322	0.00401	0.03532	0.00489	0.00443
8	0.01916	0.12466	0.07849	0.01450	0.01787	0.53445	0.01205	0.02110	0.01473	0.01447	0.00884	0.01072	0.00749	0.00628	0.00657	0.00161	0.09337	0.00385	0.00284	0.00694
9	0.01765	0.34272	0.12336	0.01173	0.01686	0.01773	0.01143	0.20196	0.04208	0.11243	0.04087	0.01391	0.01108	0.00619	0.00496	0.00157	0.00624	0.00455	0.00417	0.00851
10	0.01263	0.00907	0.01308	0.01209	0.04023	0.00950	0.06680	0.07571	0.04194	0.10969	0.04495	0.16822	0.06732	0.01823	0.17096	0.00365	0.06465	0.05986	0.00472	0.00668
11	0.00703	0.00529	0.00651	0.00750	0.00828	0.00477	0.00513	0.00816	0.01171	0.01508	0.03938	0.59101	0.23456	0.01727	0.00727	0.00225	0.00326	0.01537	0.00540	0.00477
12	0.01390	0.01232	0.09284	0.06257	0.09635	0.04163	0.05554	0.08174	0.01496	0.10118	0.12914	0.08632	0.01993	0.00807	0.00580	0.00177	0.00550	0.00703	0.15614	0.00727
13	0.16861	0.01815	0.22346	0.01412	0.06234	0.07758	0.01291	0.05825	0.06426	0.02025	0.01202	0.06097	0.01022	0.00704	0.00689	0.00185	0.10238	0.00509	0.00344	0.07017
14	0.01448	0.01486	0.02013	0.17367	0.32110	0.11879	0.04264	0.01859	0.07483	0.01726	0.01119	0.01450	0.00917	0.00634	0.00763	0.00188	0.11686	0.00515	0.00305	0.00788
15	0.01803	0.01427	0.01516	0.01256	0.01648	0.01613	0.01007	0.36220	0.41174	0.03008	0.01913	0.01808	0.01408	0.00746	0.00587	0.00187	0.00544	0.00595	0.00587	0.00952
16	0.00842	0.00579	0.00713	0.00713	0.00741	0.00607	0.00451	0.00896	0.00869	0.01186	0.01760	0.03405	0.01940	0.59740	0.22545	0.00662	0.00826	0.00787	0.00342	0.00396
17	0.00744	0.00544	0.00641	0.00703	0.00767	0.00504	0.00460	0.00827	0.01087	0.01400	0.03467	0.38561	0.21204	0.24755	0.01385	0.00323	0.00394	0.01308	0.00484	0.00441
18	0.01027	0.00601	0.00729	0.00699	0.00843	0.00563	0.00514	0.01248	0.01393	0.08326	0.31879	0.11666	0.07566	0.07382	0.00791	0.00207	0.00323	0.00933	0.22754	0.00557
19	0.53974	0.01216	0.01077	0.00906	0.01276	0.01379	0.00744	0.21850	0.01496	0.02866	0.01065	0.01174	0.00803	0.00596	0.00426	0.00175	0.00488	0.00392	0.07375	0.00723
20	0.01814	0.13457	0.01866	0.15812	0.02143	0.38916	0.01182	0.09112	0.01553	0.01668	0.00961	0.01174	0.00782	0.00597	0.00560	0.00158	0.03386	0.00410	0.00313	0.04134

[dist]
# distance from previous block
# <min> <max>
0	1

[block]
# block no. 5 follows, 40 sequences, length 21
# corresponding to MSA columns:
# 263-283
name=unknown_F
#
# <colnr> <probs for GDERKNQSTAVLIFYWHMCP>
#	G	D	E	R	K	N	Q	S	T	A	V	L	I	F	Y	W	H	M	C	P
0	0.01620	0.01669	0.01612	0.06826	0.01750	0.22711	0.01135	0.11263	0.08349	0.01787	0.01129	0.01508	0.00980	0.06320	0.01204	0.00227	0.28348	0.00512	0.00349	0.00700
1	0.01316	0.00703	0.00904	0.00856	0.01056	0.00638	0.00638	0.03932	0.01406	0.23220	0.10013	0.37428	0.12819	0.01360	0.00679	0.00208	0.00381	0.01193	0.00603	0.00649
2	0.01813	0.01431	0.01521	0.01257	0.01652	0.01617	0.01009	0.37062	0.40317	0.03023	0.01902	0.01799	0.01398	0.00745	0.00587	0.00186	0.00546	0.00593	0.00587	0.00953
3	0.00983	0.00620	0.00733	0.00734	0.00911	0.00539	0.00538	0.01125	0.01301	0.12735	0.04404	0.31032	0.39215	0.01483	0.00691	0.00208	0.00340	0.01281	0.00567	0.00559
4	0.01768	0.00799	0.01076	0.00899	0.01196	0.00707	0.00711	0.02004	0.01618	0.41769	0.31407	0.08336	0.03212	0.00983	0.00636	0.00185	0.00396	0.00845	0.00676	0.00779
5	0.01555	0.79913	0.03047	0.00995	0.01493	0.02301	0.00995	0.01741	0.01182	0.01368	0.00808	0.00933	0.00746	0.00498	0.00373	0.00124	0.00622	0.00311	0.00249	0.00746
6	0.00714	0.00545	0.00637	0.00705	0.00799	0.00489	0.00482	0.00823	0.01170	0.01482	0.04124	0.42378	0.32030	0.09687	0.00949	0.00254	0.00344	0.01402	0.00521	0.00467
7	0.01015	0.00625	0.00788	0.00730	0.00853	0.00585	0.00514	0.01191	0.01377	0.09543	0.43097	0.03918	0.03929	0.27672	0.01445	0.00312	0.00395	0.00934	0.00551	0.00528
8	0.10024	0.00719	0.00898	0.00838	0.01040	0.00730	0.00659	0.01353	0.01279	0.12292	0.19418	0.03209	0.13146	0.02183	0.26563	0.00442	0.00771	0.03343	0.00491	0.00601
9	0.00860	0.00607	0.00803	0.00831	0.00896	0.00643	0.00606	0.00989	0.00982	0.01335	0.02004	0.03869	0.02150	0.36973	0.28129	0.00628	0.00901	0.15969	0.00377	0.00449
10	0.01517	0.00804	0.00949	0.00810	0.01068	0.00777	0.00640	0.10809	0.01624	0.20581	0.18971	0.02731	0.06897	0.00856	0.00553	0.00166	0.00375	0.00708	0.28457	0.00707
11	0.02084	0.01388	0.01515	0.01181	0.01594	0.01501	0.00969	0.54657	0.02379	0.11797	0.01576	0.01582	0.01118	0.00697	0.00555	0.00169	0.00567	0.00533	0.13217	0.00920
12	0.00889	0.00660	0.00761	0.00757	0.00912	0.00638	0.00557	0.03465	0.08340	0.01960	0.22879	0.22894	0.22050	0.01314	0.00659	0.00196	0.00324	0.01141	0.09040	0.00563
13	0.00989	0.00860	0.01237	0.01149	0.01210	0.01107	0.00921	0.01161	0.00928	0.01376	0.01353	0.06226	0.01330	0.02966	0.44737	0.00641	0.30307	0.00638	0.00303	0.00560
14	0.01785	0.01489	0.04951	0.02057	0.26823	0.04107	0.01328	0.24889	0.06813	0.10130	0.04360	0.01616	0.01215	0.00674	0.00656	0.00180	0.05014	0.00548	0.00457	0.00908
15	0.01248	0.00785	0.01056	0.00942	0.01132	0.00781	0.02970	0.10316	0.01271	0.09418	0.02005	0.13365	0.07544	0.01917	0.14273	0.24246	0.00672	0.00758	0.00424	0.04878
16	0.00939	0.00615	0.00821	0.00896	0.00996	0.00594	0.00691	0.01111	0.01230	0.05796	0.07816	0.28015	0.03342	0.14007	0.01108	0.00294	0.00459	0.30232	0.00525	0.00513
17	0.01503	0.09622	0.08620	0.12366	0.17436	0.03771	0.06290	0.10636	0.04431	0.07244	0.01485	0.04653	0.01269	0.00724	0.00589	0.00185	0.00685	0.07301	0.00388	0.00803
18	0.01508	0.01804	0.21231	0.06871	0.19377	0.01411	0.06478	0.20671	0.01653	0.02313	0.01227	0.01550	0.00960	0.00607	0.00575	0.00175	0.00720	0.03003	0.00366	0.07502
19	0.01554	0.01045	0.01380	0.01216	0.01514	0.01068	0.05904	0.23031	0.01780	0.12554	0.02354	0.10523	0.02262	0.01158	0.00694	0.00220	0.00574	0.29867	0.00558	0.00744
20	0.01744	0.01611	0.11417	0.01535	0.08440	0.04224	0.06140	0.21675	0.12623	0.11243	0.01490	0.01534	0.01086	0.00624	0.00563	0.00168	0.00639	0.00519	0.00467	0.12259

[dist]
# distance from previous block
# <min> <max>
0	3

[block]
# block no. 6 follows, 40 sequences, length 10
# corresponding to MSA columns:
# 287-296
name=unknown_G
#
# <colnr> <probs for GDERKNQSTAVLIFYWHMCP>
#	G	D	E	R	K	N	Q	S	T	A	V	L	I	F	Y	W	H	M	C	P
0	0.01642	0.01156	0.01842	0.01397	0.01821	0.01082	0.21509	0.08991	0.05388	0.20962	0.08685	0.06709	0.01731	0.03168	0.00687	0.00189	0.00609	0.00698	0.00501	0.11234
1	0.01427	0.06972	0.05125	0.02570	0.39553	0.04050	0.07038	0.01867	0.08424	0.01806	0.01138	0.01434	0.00949	0.00633	0.00803	0.00188	0.14357	0.00520	0.00308	0.00838
2	0.01174	0.12727	0.42507	0.01512	0.02135	0.01364	0.10067	0.01665	0.01178	0.01679	0.01133	0.01446	0.00903	0.01323	0.16357	0.00332	0.00985	0.00483	0.00265	0.00765
3	0.01111	0.01039	0.01711	0.36460	0.10056	0.01151	0.09738	0.01572	0.08418	0.01702	0.04672	0.11558	0.06706	0.00823	0.00625	0.00197	0.00653	0.00761	0.00367	0.00680
4	0.01225	0.01099	0.05442	0.01205	0.01597	0.00919	0.15679	0.04533	0.03503	0.07510	0.24560	0.02724	0.08970	0.00816	0.00612	0.00167	0.00519	0.00748	0.00481	0.17690
5	0.01129	0.03955	0.41272	0.01716	0.09325	0.01192	0.10077	0.01620	0.01273	0.01829	0.07908	0.12958	0.01643	0.00782	0.00605	0.00190	0.00724	0.00699	0.00333	0.00770
6	0.00929	0.00783	0.01149	0.01047	0.01195	0.03283	0.09178	0.01122	0.01075	0.01449	0.04619	0.09729	0.05600	0.17058	0.34752	0.00594	0.01020	0.04525	0.00372	0.00521
7	0.01473	0.01198	0.01637	0.01482	0.10743	0.01191	0.09444	0.21308	0.04474	0.02427	0.07018	0.01772	0.01396	0.00842	0.04892	0.00199	0.00619	0.00558	0.09551	0.17775
8	0.01735	0.01877	0.01627	0.01420	0.01618	0.33006	0.01125	0.11423	0.01463	0.01731	0.00992	0.01291	0.00856	0.01017	0.06210	0.00243	0.28416	0.00464	0.02797	0.00688
9	0.00806	0.00676	0.00993	0.00915	0.01088	0.00612	0.09066	0.01006	0.01331	0.01749	0.20368	0.30109	0.26234	0.01413	0.00706	0.00207	0.00385	0.01270	0.00534	0.00532

[dist]
# distance from previous block
# <min> <max>
0	9

[block]
# block no. 7 follows, 40 sequences, length 11
# corresponding to MSA columns:
# 306-316
name=unknown_H
#
# <colnr> <probs for GDERKNQSTAVLIFYWHMCP>
#	G	D	E	R	K	N	Q	S	T	A	V	L	I	F	Y	W	H	M	C	P
0	0.01446	0.01183	0.01640	0.01316	0.01644	0.01268	0.14415	0.21424	0.14416	0.02388	0.06486	0.02085	0.01571	0.05962	0.10822	0.00304	0.02400	0.00646	0.07822	0.00762
1	0.01218	0.01155	0.01813	0.44719	0.15117	0.01412	0.01516	0.01664	0.07793	0.01623	0.01114	0.01536	0.00887	0.00671	0.00828	0.00202	0.15197	0.00528	0.00293	0.00714
2	0.00938	0.00531	0.00703	0.00703	0.00703	0.00531	0.00438	0.00796	0.00796	0.01062	0.01372	0.02665	0.01496	0.36169	0.02575	0.46741	0.00531	0.00655	0.00296	0.00296
3	0.00980	0.15348	0.01159	0.00785	0.00905	0.00924	0.00578	0.01071	0.00955	0.01251	0.01664	0.03146	0.01808	0.45837	0.16517	0.00535	0.00762	0.04969	0.00336	0.00468
4	0.16554	0.12568	0.20446	0.01096	0.01519	0.06238	0.01088	0.05244	0.01267	0.01884	0.01869	0.18130	0.08091	0.00906	0.00544	0.00184	0.00589	0.00725	0.00377	0.00680
5	0.01208	0.01130	0.01718	0.01436	0.01568	0.01408	0.10620	0.05791	0.01075	0.01571	0.01118	0.01723	0.01046	0.06569	0.20269	0.00428	0.39810	0.00582	0.00300	0.00631
6	0.00759	0.00591	0.00693	0.00704	0.00860	0.00526	0.00535	0.00956	0.01413	0.01830	0.28304	0.11854	0.38975	0.01424	0.00703	0.00203	0.00316	0.08268	0.00572	0.00513
7	0.01406	0.16148	0.03360	0.02180	0.02751	0.01625	0.60271	0.01840	0.01337	0.01771	0.01108	0.01450	0.00857	0.00492	0.00628	0.00183	0.00914	0.00616	0.00286	0.00777
8	0.01076	0.01630	0.23868	0.01192	0.01538	0.08604	0.01175	0.01372	0.01220	0.01595	0.02620	0.16835	0.20383	0.01101	0.00833	0.00205	0.12865	0.00867	0.00382	0.00640
9	0.01000	0.00773	0.00906	0.00912	0.01054	0.00818	0.00670	0.01592	0.23469	0.01848	0.12213	0.23108	0.03052	0.15867	0.01109	0.00282	0.00433	0.09755	0.00533	0.00603
10	0.01380	0.00932	0.01096	0.00937	0.01266	0.00874	0.00725	0.01947	0.20038	0.15800	0.05164	0.15700	0.08737	0.00941	0.00587	0.00172	0.00416	0.00804	0.00540	0.21945

[dist]
# distance from previous block
# <min> <max>
2	8

[block]
# block no. 8 follows, 40 sequences, length 14
# corresponding to MSA columns:
# 332-345
name=unknown_I
#
# <colnr> <probs for GDERKNQSTAVLIFYWHMCP>
#	G	D	E	R	K	N	Q	S	T	A	V	L	I	F	Y	W	H	M	C	P
0	0.11297	0.14694	0.07608	0.01372	0.06550	0.24946	0.01105	0.05000	0.06989	0.12006	0.01235	0.01301	0.00938	0.00603	0.00500	0.00162	0.00723	0.00430	0.01759	0.00783
1	0.00819	0.00571	0.00681	0.00700	0.00743	0.00562	0.00450	0.00891	0.01006	0.01342	0.08124	0.12721	0.08244	0.49639	0.07237	0.00479	0.00560	0.04403	0.00417	0.00412
2	0.01439	0.06067	0.11696	0.01412	0.09236	0.05352	0.01131	0.15250	0.19103	0.02317	0.12088	0.02303	0.08517	0.00802	0.00588	0.00180	0.00571	0.00658	0.00478	0.00812
3	0.01404	0.10790	0.05663	0.04279	0.14070	0.01386	0.11053	0.05090	0.18099	0.05496	0.01520	0.01790	0.01224	0.04337	0.10961	0.00296	0.00780	0.00574	0.00390	0.00798
4	0.00803	0.00580	0.00722	0.00797	0.00880	0.00549	0.00551	0.04732	0.01216	0.01589	0.03442	0.57890	0.15864	0.01713	0.00813	0.05034	0.00356	0.01453	0.00525	0.00490
5	0.01307	0.12117	0.16379	0.01743	0.18652	0.01368	0.01343	0.01639	0.01191	0.01747	0.00982	0.01236	0.00822	0.00564	0.00683	0.00153	0.11318	0.00419	0.00287	0.26051
6	0.01013	0.00864	0.01312	0.04504	0.25773	0.00867	0.01014	0.01309	0.06139	0.01685	0.02375	0.45595	0.02633	0.01278	0.00671	0.00211	0.00478	0.01171	0.00450	0.00657
7	0.06457	0.00738	0.00892	0.03432	0.01129	0.00658	0.00624	0.01133	0.01228	0.01821	0.14108	0.33450	0.05715	0.01169	0.00608	0.00177	0.00375	0.01027	0.00477	0.24782
8	0.01371	0.24541	0.07292	0.01024	0.01388	0.03314	0.00911	0.10969	0.14024	0.01934	0.06824	0.02332	0.09332	0.11343	0.00855	0.00219	0.00559	0.00625	0.00422	0.00721
9	0.01060	0.00796	0.00963	0.00964	0.04237	0.00805	0.00683	0.05892	0.12938	0.03831	0.27415	0.09690	0.11478	0.11681	0.00974	0.00245	0.00409	0.04765	0.00552	0.00621
10	0.01354	0.07146	0.03944	0.15714	0.14122	0.01337	0.08269	0.12585	0.08904	0.02120	0.10738	0.07948	0.01769	0.00767	0.00601	0.00185	0.00623	0.00687	0.00418	0.00771
11	0.01558	0.16237	0.04909	0.01773	0.22415	0.01451	0.01193	0.12708	0.05432	0.05128	0.01186	0.01332	0.00943	0.00544	0.00503	0.00145	0.00592	0.00444	0.00371	0.21137
12	0.07166	0.21364	0.02015	0.01452	0.11567	0.04605	0.01081	0.25634	0.01768	0.09885	0.01211	0.01286	0.00921	0.00590	0.00500	0.00155	0.00615	0.00442	0.00428	0.07316
13	0.01066	0.04712	0.08712	0.00948	0.01193	0.00744	0.00812	0.01296	0.01288	0.09245	0.12537	0.35760	0.03075	0.01299	0.00663	0.00204	0.00440	0.08426	0.00512	0.07068

[dist]
# distance from previous block
# <min> <max>
7	86

[block]
# block no. 9 follows, 40 sequences, length 93
# corresponding to MSA columns:
# 438-475,477-482,484-532
name=unknown_J
#
# <colnr> <probs for GDERKNQSTAVLIFYWHMCP>
#	G	D	E	R	K	N	Q	S	T	A	V	L	I	F	Y	W	H	M	C	P
0	0.01689	0.06909	0.02015	0.02431	0.41634	0.10938	0.01375	0.01967	0.01403	0.13885	0.01402	0.01566	0.03486	0.00586	0.00550	0.00163	0.00669	0.00508	0.00369	0.06456
1	0.07303	0.11052	0.01788	0.01684	0.19417	0.13533	0.01101	0.04721	0.01387	0.13596	0.01234	0.01470	0.00994	0.05198	0.00701	0.00181	0.03523	0.00465	0.00379	0.10273
2	0.01709	0.03125	0.01352	0.01246	0.09096	0.03777	0.00886	0.06267	0.08080	0.26972	0.23832	0.02507	0.02520	0.00817	0.00598	0.00174	0.00475	0.00692	0.00583	0.05293
3	0.01702	0.07307	0.29587	0.01520	0.04767	0.05752	0.07545	0.07150	0.04345	0.20027	0.03712	0.01560	0.01132	0.00624	0.00566	0.00177	0.00721	0.00515	0.00419	0.00870
4	0.01521	0.28896	0.34312	0.01345	0.01995	0.01614	0.04152	0.04319	0.01321	0.10958	0.01134	0.01237	0.00845	0.00553	0.00497	0.00160	0.00715	0.00418	0.00322	0.03687
5	0.01552	0.08481	0.28976	0.01271	0.01877	0.01302	0.01339	0.09595	0.08954	0.12757	0.01373	0.01420	0.00996	0.00587	0.00525	0.00159	0.00638	0.00458	0.00404	0.17336
6	0.01178	0.01115	0.01888	0.60758	0.20790	0.01313	0.01655	0.01556	0.01200	0.01582	0.01048	0.01524	0.00809	0.00567	0.00580	0.00189	0.00756	0.00517	0.00265	0.00710
7	0.01539	0.01302	0.01460	0.01241	0.07631	0.04809	0.00910	0.21466	0.01659	0.02353	0.01217	0.01347	0.02217	0.00538	0.00493	0.00123	0.00537	0.00425	0.00406	0.48325
8	0.00743	0.00543	0.00692	0.00755	0.00837	0.00499	0.00524	0.00896	0.01282	0.01724	0.24080	0.46495	0.13020	0.04111	0.00791	0.00227	0.00322	0.01404	0.00562	0.00492
9	0.01620	0.61141	0.10340	0.01066	0.01586	0.02001	0.01091	0.01861	0.01236	0.10048	0.01021	0.01114	0.00841	0.00616	0.02161	0.00155	0.00653	0.00362	0.00304	0.00781
10	0.01555	0.79913	0.03047	0.00995	0.01493	0.02301	0.00995	0.01741	0.01182	0.01368	0.00808	0.00933	0.00746	0.00498	0.00373	0.00124	0.00622	0.00311	0.00249	0.00746
11	0.00890	0.00739	0.00836	0.00711	0.01002	0.00599	0.00548	0.01102	0.01355	0.01845	0.19446	0.03855	0.35384	0.01062	0.00601	0.00157	0.00336	0.00894	0.00496	0.28142
12	0.01715	0.01314	0.01440	0.01229	0.01587	0.01463	0.01002	0.33394	0.30427	0.04221	0.02062	0.02545	0.01685	0.00881	0.00622	0.00199	0.00551	0.12193	0.00581	0.00889
13	0.01098	0.01034	0.01744	0.78165	0.04005	0.01292	0.01615	0.01486	0.01163	0.01486	0.01034	0.01550	0.00775	0.00581	0.00581	0.00194	0.00775	0.00517	0.00258	0.00646
14	0.00705	0.00520	0.00660	0.00772	0.00833	0.00476	0.00523	0.00814	0.01150	0.01499	0.03667	0.66525	0.16207	0.01762	0.00733	0.00229	0.00330	0.01580	0.00540	0.00476
15	0.01947	0.14807	0.07035	0.04048	0.04346	0.37423	0.01151	0.02169	0.01481	0.13540	0.01159	0.01267	0.00891	0.00611	0.00553	0.00158	0.03146	0.00421	0.03097	0.00752
16	0.00760	0.00585	0.00704	0.00756	0.00893	0.00529	0.00577	0.00937	0.01322	0.01690	0.14499	0.23497	0.34328	0.01544	0.00723	0.00218	0.00349	0.15034	0.00553	0.00503
17	0.00957	0.00834	0.01281	0.33778	0.08510	0.00916	0.01089	0.01244	0.01297	0.01716	0.18238	0.13262	0.12598	0.01000	0.00640	0.00196	0.00533	0.00886	0.00421	0.00603
18	0.00823	0.00594	0.00777	0.00732	0.00869	0.00549	0.00549	0.01097	0.01646	0.02332	0.75629	0.04344	0.05487	0.01189	0.00686	0.00183	0.00274	0.01052	0.00640	0.00549
19	0.83671	0.01125	0.00855	0.00765	0.01125	0.01305	0.00630	0.01709	0.00990	0.02609	0.00810	0.00945	0.00630	0.00540	0.00360	0.00180	0.00450	0.00315	0.00360	0.00630
20	0.00991	0.00898	0.01603	0.09332	0.06947	0.00936	0.16761	0.01265	0.01120	0.01543	0.01753	0.18984	0.01751	0.02303	0.30496	0.00491	0.01022	0.00846	0.00351	0.00608
21	0.00789	0.00593	0.00730	0.00696	0.00848	0.00534	0.00522	0.01032	0.01566	0.02142	0.58257	0.04656	0.22977	0.01260	0.00686	0.00186	0.00279	0.01095	0.00615	0.00534
22	0.01130	0.01762	0.30759	0.06383	0.21660	0.01126	0.01605	0.01555	0.01243	0.01763	0.01663	0.15327	0.01623	0.00885	0.00622	0.00200	0.00683	0.08911	0.00342	0.00760
23	0.01655	0.01876	0.19743	0.02125	0.21741	0.01549	0.09160	0.28939	0.01828	0.02536	0.01198	0.01384	0.00896	0.00600	0.00608	0.00180	0.02163	0.00517	0.00388	0.00912
24	0.00815	0.00594	0.00766	0.00723	0.00864	0.00545	0.00542	0.01082	0.01627	0.02287	0.71552	0.04417	0.09591	0.01205	0.00686	0.00184	0.00276	0.01062	0.00634	0.00545
25	0.01198	0.04636	0.49825	0.01380	0.01977	0.01182	0.01616	0.05769	0.01190	0.01713	0.01048	0.01372	0.00824	0.00948	0.01005	0.22149	0.00745	0.00451	0.00267	0.00703
26	0.00961	0.00881	0.01335	0.43601	0.06958	0.00987	0.01171	0.01256	0.01243	0.01560	0.04512	0.03091	0.28365	0.00918	0.00622	0.00193	0.00583	0.00790	0.00372	0.00603
27	0.01272	0.01272	0.01781	0.01527	0.01527	0.01781	0.01272	0.01399	0.00891	0.01399	0.00763	0.01272	0.00763	0.01018	0.01908	0.00254	0.78499	0.00509	0.00254	0.00636
28	0.01295	0.01086	0.01254	0.00904	0.01416	0.00866	0.00726	0.07896	0.01341	0.02052	0.01066	0.01223	0.00873	0.00454	0.00444	0.00094	0.00449	0.00360	0.00366	0.75836
29	0.08736	0.32850	0.27980	0.01247	0.01837	0.01762	0.01361	0.06939	0.08839	0.01911	0.01090	0.01195	0.00855	0.00564	0.00471	0.00161	0.00673	0.00403	0.00316	0.00810
30	0.02609	0.00990	0.01350	0.01035	0.01484	0.00855	0.00855	0.02834	0.01664	0.76338	0.02294	0.01979	0.01439	0.00720	0.00585	0.00180	0.00495	0.00585	0.00720	0.00990
31	0.01541	0.77250	0.05592	0.01018	0.01528	0.02268	0.01035	0.01745	0.01183	0.01385	0.00817	0.00943	0.00746	0.00499	0.00379	0.00126	0.00630	0.00315	0.00249	0.00750
32	0.01412	0.01300	0.01899	0.09160	0.40669	0.01399	0.01433	0.02267	0.29954	0.02071	0.01584	0.01733	0.01241	0.00629	0.00582	0.00184	0.00608	0.00572	0.00404	0.00897
33	0.00707	0.00511	0.00670	0.00797	0.00840	0.00473	0.00534	0.00811	0.01126	0.01490	0.03362	0.74882	0.08046	0.01801	0.00739	0.00234	0.00335	0.01628	0.00540	0.00473
34	0.00833	0.00615	0.00896	0.00896	0.00986	0.00706	0.00679	0.01014	0.00923	0.01321	0.01593	0.02481	0.01539	0.14057	0.67679	0.00887	0.01429	0.00652	0.00317	0.00498
35	0.01027	0.00542	0.00572	0.00583	0.00708	0.00535	0.00430	0.01281	0.01238	0.02109	0.07162	0.10209	0.02010	0.00830	0.00460	0.00149	0.00278	0.00691	0.68649	0.00535
36	0.00909	0.01599	0.33834	0.01180	0.01575	0.00856	0.01243	0.01261	0.01163	0.01641	0.02260	0.45115	0.02487	0.01267	0.00659	0.00213	0.00566	0.01118	0.00411	0.00642
37	0.01358	0.01803	0.22004	0.05032	0.54581	0.01371	0.01877	0.01792	0.01294	0.01873	0.01079	0.01386	0.00868	0.00529	0.00570	0.00176	0.00738	0.00495	0.00276	0.00898
38	0.00739	0.00591	0.00661	0.00643	0.00817	0.00513	0.00482	0.00934	0.01447	0.01860	0.32374	0.05121	0.49036	0.01365	0.00687	0.00191	0.00287	0.01161	0.00578	0.00513
39	0.01795	0.49875	0.02502	0.01191	0.01611	0.31477	0.01045	0.01967	0.01363	0.01390	0.00844	0.00978	0.00747	0.00537	0.00432	0.00134	0.00788	0.00336	0.00269	0.00718
40	0.00773	0.00568	0.00693	0.00706	0.00808	0.00522	0.00494	0.00938	0.01329	0.01790	0.33138	0.21900	0.18315	0.14125	0.01069	0.00260	0.00340	0.01192	0.00550	0.00488
41	0.78932	0.01117	0.00884	0.00781	0.01146	0.01278	0.00643	0.01775	0.01029	0.06919	0.00896	0.01005	0.00677	0.00550	0.00373	0.00180	0.00452	0.00331	0.00381	0.00651
42	0.01206	0.02707	0.64327	0.01544	0.02346	0.01291	0.01925	0.04208	0.01275	0.01910	0.01054	0.01231	0.00761	0.00542	0.00538	0.00171	0.00797	0.00422	0.00270	0.11475
43	0.01293	0.23308	0.21727	0.01136	0.01652	0.02834	0.01164	0.05792	0.01279	0.01751	0.01300	0.11290	0.01229	0.03328	0.00583	0.00165	0.00614	0.00555	0.00330	0.18670
44	0.14720	0.04143	0.21426	0.02331	0.28730	0.01406	0.15441	0.01801	0.01250	0.01977	0.01042	0.01314	0.00814	0.00525	0.00550	0.00180	0.00748	0.00488	0.00289	0.00827
45	0.01113	0.00867	0.01028	0.00886	0.01162	0.00804	0.00677	0.09851	0.06309	0.02191	0.25408	0.18711	0.03039	0.01020	0.00606	0.00166	0.00388	0.00887	0.00524	0.24363
46	0.01098	0.01034	0.01744	0.78165	0.04005	0.01292	0.01615	0.01486	0.01163	0.01486	0.01034	0.01550	0.00775	0.00581	0.00581	0.00194	0.00775	0.00517	0.00258	0.00646
47	0.01430	0.41165	0.04790	0.03888	0.01845	0.01831	0.12957	0.01942	0.13895	0.01676	0.01304	0.01670	0.01123	0.00640	0.00544	0.00166	0.02715	0.05317	0.00335	0.00765
48	0.00687	0.00589	0.00589	0.00589	0.00785	0.00491	0.00442	0.00835	0.01325	0.01571	0.05891	0.05596	0.75700	0.01473	0.00687	0.00196	0.00295	0.01227	0.00540	0.00491
49	0.01424	0.00654	0.00779	0.00719	0.00920	0.00613	0.00548	0.01653	0.01319	0.21705	0.02227	0.15367	0.01882	0.00886	0.00512	0.00165	0.00342	0.00744	0.46893	0.00649
50	0.02211	0.01629	0.01745	0.01338	0.01803	0.01803	0.01105	0.73997	0.02734	0.03665	0.01396	0.01396	0.00989	0.00698	0.00582	0.00175	0.00640	0.00524	0.00582	0.00989
51	0.83671	0.01125	0.00855	0.00765	0.01125	0.01305	0.00630	0.01709	0.00990	0.02609	0.00810	0.00945	0.00630	0.00540	0.00360	0.00180	0.00450	0.00315	0.00360	0.00630
52	0.00709	0.00506	0.00675	0.00810	0.00843	0.00472	0.00540	0.00810	0.01113	0.01484	0.03205	0.79184	0.03846	0.01822	0.00742	0.00236	0.00337	0.01653	0.00540	0.00472
53	0.00930	0.00765	0.01154	0.30883	0.02090	0.00838	0.00964	0.01249	0.01458	0.02002	0.46582	0.03256	0.03652	0.00952	0.00645	0.00187	0.00469	0.00843	0.00491	0.00587
54	0.20531	0.06159	0.05879	0.01207	0.01583	0.23957	0.05160	0.04585	0.01340	0.01899	0.01156	0.08711	0.01055	0.00682	0.00536	0.00164	0.02748	0.00508	0.00346	0.11794
55	0.01091	0.00966	0.01485	0.01894	0.28489	0.01038	0.01106	0.01325	0.01172	0.01656	0.08662	0.02493	0.09135	0.07320	0.20179	0.00405	0.09875	0.00688	0.00353	0.00668
56	0.01037	0.00887	0.01399	0.01924	0.30152	0.00891	0.01094	0.01270	0.01196	0.01653	0.02191	0.25383	0.05030	0.01715	0.13844	0.00333	0.00704	0.08232	0.00402	0.00662
57	0.01656	0.15437	0.06880	0.02118	0.23599	0.25383	0.10143	0.01947	0.01397	0.01650	0.00988	0.01223	0.00819	0.00535	0.00531	0.00157	0.00827	0.00446	0.00285	0.03980
58	0.01575	0.01065	0.01548	0.01192	0.01608	0.00948	0.12620	0.08801	0.01481	0.20207	0.01903	0.15003	0.03508	0.00804	0.00585	0.00164	0.00536	0.00725	0.00490	0.25237
59	0.01254	0.04889	0.52225	0.01611	0.02326	0.01410	0.08327	0.02097	0.16376	0.01950	0.01320	0.01443	0.00963	0.00594	0.00567	0.00186	0.00781	0.00496	0.00321	0.00862
60	0.01353	0.33597	0.20707	0.01598	0.04960	0.01705	0.19089	0.01732	0.01240	0.01632	0.01133	0.06624	0.01000	0.00602	0.00527	0.00166	0.00750	0.00533	0.00281	0.00771
61	0.00853	0.00680	0.00943	0.01218	0.13717	0.00647	0.00706	0.00988	0.01143	0.01513	0.03085	0.40789	0.15535	0.14167	0.01064	0.00272	0.00428	0.01253	0.00466	0.00533
62	0.00859	0.01214	0.20800	0.01015	0.01322	0.00739	0.00996	0.01152	0.01243	0.01664	0.05834	0.28793	0.19953	0.01352	0.00685	0.00215	0.00490	0.10618	0.00465	0.00590
63	0.16261	0.02098	0.01694	0.01440	0.01766	0.41090	0.07609	0.10336	0.01559	0.01926	0.00952	0.01139	0.00769	0.00631	0.00652	0.00172	0.08436	0.00422	0.00338	0.00709
64	0.01375	0.01682	0.13174	0.02867	0.37314	0.01412	0.29834	0.01823	0.01329	0.01877	0.01119	0.01460	0.00880	0.00512	0.00615	0.00183	0.00827	0.00571	0.00284	0.00859
65	0.01007	0.00848	0.01351	0.01765	0.25231	0.00895	0.01037	0.01240	0.01091	0.01551	0.01691	0.15240	0.01693	0.02681	0.39292	0.00568	0.01067	0.00766	0.00343	0.00641
66	0.00823	0.00594	0.00777	0.00732	0.00869	0.00549	0.00549	0.01097	0.01646	0.02332	0.75629	0.04344	0.05487	0.01189	0.00686	0.00183	0.00274	0.01052	0.00640	0.00549
67	0.00793	0.00550	0.00653	0.00696	0.00807	0.00505	0.00496	0.00970	0.01291	0.01798	0.18587	0.33396	0.20305	0.01412	0.00660	0.00199	0.00303	0.01238	0.14839	0.00505
68	0.00809	0.00594	0.00758	0.00717	0.00860	0.00543	0.00538	0.01070	0.01613	0.02254	0.68485	0.04472	0.12679	0.01218	0.00686	0.00184	0.00276	0.01070	0.00630	0.00543
69	0.00728	0.00521	0.00692	0.00796	0.00848	0.00485	0.00541	0.00859	0.01205	0.01630	0.15664	0.66309	0.04128	0.01713	0.00733	0.00227	0.00327	0.01550	0.00557	0.00485
70	0.02213	0.01097	0.01343	0.01053	0.01434	0.01069	0.00842	0.22154	0.01827	0.44059	0.01971	0.02115	0.01425	0.13523	0.00970	0.00241	0.00546	0.00610	0.00622	0.00886
71	0.02172	0.02772	0.01648	0.01498	0.01798	0.77228	0.01124	0.02322	0.01648	0.01423	0.00899	0.01049	0.00749	0.00599	0.00524	0.00150	0.01049	0.00375	0.00300	0.00674
72	0.00758	0.00542	0.00732	0.00867	0.00922	0.00515	0.00626	0.00896	0.01162	0.01540	0.03178	0.63376	0.03737	0.01775	0.00756	0.00243	0.00380	0.16970	0.00539	0.00486
73	0.01432	0.01375	0.02348	0.05081	0.74478	0.01380	0.01781	0.01779	0.01321	0.01891	0.01093	0.01442	0.00918	0.00519	0.00576	0.00173	0.00693	0.00518	0.00287	0.00916
74	0.01260	0.01850	0.30753	0.01323	0.01977	0.01066	0.07947	0.01701	0.01247	0.04758	0.01099	0.01278	0.00837	0.00495	0.00507	0.00138	0.00650	0.00418	0.00316	0.40379
75	0.01384	0.01326	0.02261	0.15572	0.64362	0.01367	0.01757	0.01737	0.01298	0.01833	0.01084	0.01457	0.00898	0.00528	0.00577	0.00176	0.00704	0.00518	0.00283	0.00877
76	0.02160	0.01532	0.01596	0.01380	0.05998	0.11516	0.01048	0.33868	0.07187	0.22352	0.01681	0.04284	0.01227	0.00726	0.00581	0.00176	0.00636	0.00568	0.00563	0.00920
77	0.00747	0.00539	0.00715	0.00842	0.00902	0.00507	0.00602	0.00879	0.01165	0.01534	0.03340	0.62389	0.07961	0.01764	0.00750	0.00239	0.00369	0.13733	0.00539	0.00484
78	0.01098	0.01034	0.01744	0.78165	0.04005	0.01292	0.01615	0.01486	0.01163	0.01486	0.01034	0.01550	0.00775	0.00581	0.00581	0.00194	0.00775	0.00517	0.00258	0.00646
79	0.83671	0.01125	0.00855	0.00765	0.01125	0.01305	0.00630	0.01709	0.00990	0.02609	0.00810	0.00945	0.00630	0.00540	0.00360	0.00180	0.00450	0.00315	0.00360	0.00630
80	0.01010	0.00874	0.01314	0.25362	0.16247	0.00935	0.01049	0.01239	0.01166	0.01535	0.06453	0.02986	0.14322	0.21688	0.01235	0.00288	0.00591	0.00758	0.00360	0.00589
81	0.01468	0.08605	0.01826	0.02038	0.30420	0.11070	0.01217	0.01916	0.11111	0.04435	0.06002	0.02038	0.06545	0.00698	0.00563	0.00168	0.00620	0.02475	0.00390	0.06395
82	0.02211	0.01629	0.01745	0.01338	0.01803	0.01803	0.01105	0.73997	0.02734	0.03665	0.01396	0.01396	0.00989	0.00698	0.00582	0.00175	0.00640	0.00524	0.00582	0.00989
83	0.01475	0.01611	0.01627	0.01429	0.01513	0.22479	0.01140	0.01598	0.01096	0.01381	0.00910	0.01454	0.00892	0.07929	0.03021	0.00266	0.48779	0.00504	0.00277	0.00619
84	0.83671	0.01125	0.00855	0.00765	0.01125	0.01305	0.00630	0.01709	0.00990	0.02609	0.00810	0.00945	0.00630	0.00540	0.00360	0.00180	0.00450	0.00315	0.00360	0.00630
85	0.00937	0.00669	0.00937	0.01071	0.01205	0.00669	0.00937	0.01205	0.01339	0.01740	0.03079	0.06560	0.03347	0.01606	0.00803	0.00268	0.00535	0.72021	0.00535	0.00535
86	0.00780	0.00570	0.00734	0.00741	0.00855	0.00523	0.00537	0.00997	0.01473	0.02036	0.49958	0.24995	0.10862	0.01386	0.00701	0.00199	0.00293	0.01231	0.00604	0.00523
87	0.00732	0.00527	0.00697	0.00815	0.00869	0.00492	0.00565	0.00858	0.01173	0.01563	0.08207	0.66391	0.06410	0.01751	0.00741	0.00233	0.00346	0.06600	0.00546	0.00483
88	0.01084	0.00542	0.00542	0.00542	0.00678	0.00542	0.00407	0.01355	0.01220	0.02168	0.01897	0.02168	0.01491	0.00678	0.00407	0.00136	0.00271	0.00542	0.82791	0.00542
89	0.32594	0.00971	0.01065	0.00881	0.01243	0.00970	0.00718	0.02112	0.01409	0.35937	0.14469	0.02003	0.01839	0.00734	0.00518	0.00180	0.00440	0.00565	0.00571	0.00779
90	0.02127	0.01731	0.01689	0.01342	0.01773	0.11096	0.01089	0.57861	0.09997	0.03261	0.01434	0.01432	0.01040	0.00695	0.00576	0.00174	0.00672	0.00519	0.00548	0.00943
91	0.03709	0.01085	0.01116	0.00976	0.01186	0.05677	0.00717	0.22374	0.06844	0.04484	0.01754	0.07840	0.01700	0.31696	0.05992	0.00375	0.00645	0.00730	0.00456	0.00644
92	0.09724	0.17791	0.15201	0.01427	0.09321	0.07826	0.02852	0.02030	0.01339	0.18266	0.01244	0.01318	0.00918	0.00565	0.00496	0.00158	0.00654	0.00431	0.00381	0.08058

[dist]
# distance from previous block
# <min> <max>
2	17

[block]
# block no. 10 follows, 40 sequences, length 21
# corresponding to MSA columns:
# 550-570
name=unknown_K
#
# <colnr> <probs for GDERKNQSTAVLIFYWHMCP>
#	G	D	E	R	K	N	Q	S	T	A	V	L	I	F	Y	W	H	M	C	P
0	0.00881	0.00592	0.00686	0.00669	0.00817	0.00557	0.00499	0.01160	0.03513	0.02098	0.35814	0.08199	0.17379	0.01125	0.00609	0.00176	0.00286	0.00966	0.23432	0.00542
1	0.01224	0.02608	0.56208	0.01878	0.02662	0.01384	0.22089	0.01847	0.01268	0.01847	0.01081	0.01323	0.00777	0.00535	0.00590	0.00187	0.00893	0.00501	0.00259	0.00839
2	0.00790	0.00598	0.00758	0.00805	0.00929	0.00524	0.00559	0.00919	0.01141	0.01557	0.03003	0.61985	0.07546	0.01571	0.00687	0.00209	0.00350	0.01412	0.00508	0.14150
3	0.00745	0.00539	0.00710	0.00817	0.00883	0.00504	0.00579	0.00886	0.01207	0.01607	0.10945	0.58722	0.08321	0.01710	0.00740	0.00232	0.00350	0.09464	0.00550	0.00489
4	0.01363	0.01347	0.08064	0.10153	0.03826	0.01302	0.16760	0.09322	0.08212	0.06053	0.10012	0.02126	0.06037	0.00832	0.01946	0.00208	0.10595	0.00668	0.00416	0.00756
5	0.01143	0.00961	0.01135	0.00840	0.01294	0.00738	0.00666	0.01404	0.01279	0.01967	0.13378	0.01725	0.01627	0.00556	0.00473	0.00102	0.00405	0.00462	0.00393	0.69454
6	0.01365	0.01046	0.01262	0.00927	0.01400	0.00855	0.00748	0.01610	0.01234	0.10055	0.01153	0.01296	0.00918	0.00504	0.00551	0.00108	0.05917	0.00383	0.00380	0.68288
7	0.01608	0.05174	0.06129	0.01400	0.09423	0.11451	0.01064	0.18248	0.03043	0.02219	0.01121	0.01260	0.00886	0.00541	0.00501	0.00134	0.00624	0.00417	0.00381	0.34377
8	0.43855	0.34794	0.01843	0.00897	0.01321	0.01759	0.00813	0.05942	0.01173	0.02141	0.00843	0.00966	0.00700	0.00531	0.00378	0.00156	0.00534	0.00325	0.00325	0.00700
9	0.01697	0.01022	0.01213	0.01031	0.01357	0.01053	0.00816	0.06006	0.29892	0.25863	0.20561	0.02613	0.02556	0.00862	0.00613	0.00187	0.00434	0.00726	0.00644	0.00853
10	0.01409	0.01287	0.01672	0.01960	0.29633	0.07024	0.01161	0.01723	0.03006	0.04310	0.01219	0.01593	0.01038	0.00553	0.00520	0.00139	0.00586	0.03960	0.00347	0.36861
11	0.00808	0.00591	0.00718	0.00704	0.00854	0.00528	0.00521	0.01018	0.01476	0.03742	0.42433	0.14405	0.27371	0.01350	0.00691	0.00194	0.00294	0.01174	0.00597	0.00531
12	0.74035	0.01184	0.00960	0.00833	0.01205	0.01364	0.00686	0.10260	0.01196	0.02734	0.00879	0.00998	0.00672	0.00559	0.00386	0.00179	0.00472	0.00340	0.00386	0.00672
