[name]
unknown

[dist]
# distance from previous block
# <min> <max>
16	119

[block]
# block no. 0 follows, 42 sequences, length 7
# corresponding to MSA columns:
# 128-134
name=unknown_A
#
# <colnr> <probs for GDERKNQSTAVLIFYWHMCP>
#	G	D	E	R	K	N	Q	S	T	A	V	L	I	F	Y	W	H	M	C	P
0	0.15965	0.35635	0.01875	0.03829	0.01392	0.05255	0.00844	0.04226	0.01190	0.05371	0.01042	0.01222	0.00868	0.00870	0.07586	0.00209	0.00641	0.00379	0.06537	0.05064
1	0.01379	0.11508	0.01759	0.01817	0.27172	0.01271	0.01113	0.08041	0.11277	0.05181	0.12301	0.06257	0.01802	0.00716	0.00550	0.00164	0.00524	0.00622	0.00421	0.06125
2	0.01231	0.01231	0.01724	0.01477	0.01477	0.01724	0.01231	0.01354	0.00862	0.01354	0.00739	0.01231	0.00739	0.00985	0.01847	0.00246	0.79192	0.00492	0.00246	0.00616
3	0.22342	0.03459	0.01493	0.01521	0.16092	0.04959	0.05115	0.05551	0.15303	0.08247	0.01650	0.05763	0.04813	0.00694	0.00520	0.00177	0.00544	0.00571	0.00424	0.00762
4	0.01129	0.02911	0.77306	0.01604	0.02436	0.01307	0.02079	0.01782	0.01188	0.01782	0.01010	0.01188	0.00713	0.00535	0.00535	0.00178	0.00832	0.00416	0.00238	0.00832
5	0.01775	0.16584	0.09061	0.01410	0.01849	0.19913	0.11064	0.11382	0.05175	0.10893	0.01190	0.01293	0.00900	0.00598	0.00586	0.00163	0.04551	0.00459	0.00371	0.00782
6	0.01231	0.01231	0.01724	0.01477	0.01477	0.01724	0.01231	0.01354	0.00862	0.01354	0.00739	0.01231	0.00739	0.00985	0.01847	0.00246	0.79192	0.00492	0.00246	0.00616

[dist]
# distance from previous block
# <min> <max>
0	1

[block]
# block no. 1 follows, 42 sequences, length 133
# corresponding to MSA columns:
# 136-268
name=unknown_B
#
# <colnr> <probs for GDERKNQSTAVLIFYWHMCP>
#	G	D	E	R	K	N	Q	S	T	A	V	L	I	F	Y	W	H	M	C	P
0	0.10515	0.12216	0.07036	0.03073	0.07939	0.15836	0.02611	0.18201	0.07644	0.02131	0.01096	0.01233	0.00862	0.00616	0.00601	0.00168	0.06645	0.00437	0.00365	0.00776
1	0.18119	0.00954	0.01027	0.00942	0.01205	0.01025	0.00724	0.07451	0.21403	0.12807	0.02156	0.25886	0.02012	0.01009	0.00571	0.00195	0.00424	0.00848	0.00529	0.00714
2	0.08454	0.25977	0.02227	0.01425	0.06899	0.01791	0.08920	0.27721	0.01671	0.02303	0.01039	0.01188	0.00824	0.00593	0.00591	0.00162	0.06598	0.00442	0.00372	0.00804
3	0.14277	0.01394	0.01682	0.09623	0.17412	0.01537	0.01187	0.41076	0.01952	0.02821	0.01169	0.01309	0.00870	0.00605	0.00529	0.00171	0.00615	0.00474	0.00439	0.00857
4	0.01659	0.42085	0.17835	0.01150	0.01693	0.01779	0.01191	0.12902	0.01442	0.11812	0.01106	0.01164	0.00845	0.00550	0.00454	0.00147	0.00635	0.00391	0.00349	0.00811
5	0.01272	0.01144	0.01100	0.01038	0.01196	0.18738	0.00790	0.01444	0.01243	0.08284	0.10995	0.16264	0.02105	0.01974	0.23349	0.00397	0.06905	0.00769	0.00410	0.00582
6	0.00701	0.00514	0.00658	0.00743	0.00813	0.00471	0.00511	0.00831	0.01187	0.01579	0.15161	0.57887	0.13633	0.01620	0.00703	0.00215	0.00311	0.01452	0.00538	0.00471
7	0.01366	0.01310	0.02235	0.09629	0.70748	0.01330	0.01714	0.01703	0.01269	0.01806	0.01054	0.01402	0.00880	0.00506	0.00558	0.00169	0.00675	0.00501	0.00276	0.00870
8	0.01511	0.00983	0.01136	0.00977	0.01278	0.01022	0.00770	0.08190	0.29769	0.19062	0.20214	0.02753	0.08115	0.00884	0.00599	0.00182	0.00412	0.00743	0.00607	0.00793
9	0.00828	0.00598	0.00668	0.00635	0.00828	0.00514	0.00482	0.01007	0.01385	0.06946	0.23635	0.04862	0.52988	0.01304	0.00658	0.00186	0.00293	0.01101	0.00560	0.00523
10	0.00756	0.00574	0.00696	0.00665	0.00816	0.00514	0.00499	0.00983	0.01497	0.02028	0.54490	0.04580	0.27378	0.01236	0.00664	0.00181	0.00272	0.01070	0.00589	0.00514
11	0.00818	0.00546	0.00614	0.00614	0.00614	0.00546	0.00341	0.00818	0.00818	0.01091	0.01773	0.03683	0.02046	0.80222	0.02864	0.00546	0.00546	0.00818	0.00341	0.00341
12	0.84197	0.01088	0.00827	0.00740	0.01088	0.01262	0.00609	0.01654	0.00958	0.02525	0.00784	0.00914	0.00609	0.00522	0.00348	0.00174	0.00435	0.00305	0.00348	0.00609
13	0.58755	0.01240	0.01094	0.00912	0.01292	0.01412	0.00752	0.24344	0.01481	0.02842	0.00960	0.01050	0.00717	0.00570	0.00415	0.00173	0.00492	0.00367	0.00415	0.00717
14	0.00696	0.00501	0.00663	0.00788	0.00832	0.00468	0.00538	0.00805	0.01098	0.01453	0.03207	0.72846	0.06812	0.01738	0.00719	0.00228	0.00335	0.05292	0.00522	0.00461
15	0.01505	0.80561	0.02949	0.00963	0.01444	0.02227	0.00963	0.01685	0.01143	0.01324	0.00782	0.00903	0.00722	0.00481	0.00361	0.00120	0.00602	0.00301	0.00241	0.00722
16	0.84197	0.01088	0.00827	0.00740	0.01088	0.01262	0.00609	0.01654	0.00958	0.02525	0.00784	0.00914	0.00609	0.00522	0.00348	0.00174	0.00435	0.00305	0.00348	0.00609
17	0.00674	0.00570	0.00583	0.00580	0.00766	0.00479	0.00435	0.00825	0.01304	0.01571	0.10600	0.05332	0.71553	0.01406	0.00665	0.00189	0.00284	0.01176	0.00529	0.00479
18	0.00724	0.00556	0.00663	0.00671	0.00805	0.00495	0.00490	0.00910	0.01372	0.01813	0.34864	0.19944	0.31905	0.01378	0.00675	0.00192	0.00285	0.01200	0.00563	0.00495
19	0.01438	0.01228	0.01294	0.01153	0.01478	0.01418	0.00900	0.06727	0.71896	0.02416	0.02242	0.02061	0.01678	0.00759	0.00572	0.00190	0.00454	0.00630	0.00572	0.00894
20	0.00737	0.00593	0.00671	0.00710	0.00882	0.00527	0.00571	0.00915	0.01287	0.01569	0.04887	0.05695	0.54568	0.01464	0.00699	0.00211	0.00355	0.22652	0.00521	0.00488
21	0.00818	0.00546	0.00614	0.00614	0.00614	0.00546	0.00341	0.00818	0.00818	0.01091	0.01773	0.03683	0.02046	0.80222	0.02864	0.00546	0.00546	0.00818	0.00341	0.00341
22	0.02484	0.01024	0.01347	0.01033	0.01470	0.00925	0.00853	0.10445	0.01721	0.69243	0.02127	0.01855	0.01346	0.00694	0.00566	0.00174	0.00494	0.00560	0.00682	0.00958
23	0.00700	0.00550	0.00633	0.00657	0.00793	0.00483	0.00476	0.00858	0.01298	0.01663	0.20809	0.24840	0.41334	0.01453	0.00679	0.00197	0.00292	0.01259	0.00544	0.00483
24	0.00787	0.00568	0.00744	0.00714	0.00839	0.00525	0.00530	0.01039	0.01551	0.02190	0.70412	0.10398	0.05180	0.01201	0.00668	0.00181	0.00270	0.01065	0.00612	0.00525
25	0.02257	0.01387	0.01572	0.01205	0.01651	0.01465	0.00996	0.52829	0.02330	0.25999	0.01616	0.01523	0.01090	0.00682	0.00564	0.00170	0.00576	0.00525	0.00604	0.00957
26	0.84197	0.01088	0.00827	0.00740	0.01088	0.01262	0.00609	0.01654	0.00958	0.02525	0.00784	0.00914	0.00609	0.00522	0.00348	0.00174	0.00435	0.00305	0.00348	0.00609
27	0.01151	0.00555	0.00579	0.00558	0.00710	0.00545	0.00423	0.01410	0.01210	0.07294	0.01862	0.02085	0.01439	0.00658	0.00405	0.00134	0.00277	0.00527	0.77621	0.00555
28	0.01035	0.00632	0.00838	0.00774	0.00946	0.00580	0.00601	0.01294	0.01571	0.12143	0.60555	0.04076	0.04621	0.01123	0.00660	0.00183	0.00315	0.06845	0.00621	0.00587
29	0.69276	0.01064	0.00915	0.00788	0.01152	0.01183	0.00649	0.01853	0.01077	0.16150	0.01046	0.01097	0.00753	0.00554	0.00388	0.00174	0.00443	0.00352	0.00412	0.00673
30	0.02394	0.00929	0.01264	0.00979	0.01391	0.00805	0.00805	0.02615	0.01609	0.71424	0.07849	0.02089	0.01690	0.00731	0.00573	0.00174	0.00463	0.00600	0.00691	0.00925
31	0.10600	0.07980	0.07932	0.01726	0.19101	0.18213	0.01215	0.02012	0.01332	0.16931	0.01172	0.01296	0.00886	0.00598	0.00606	0.00168	0.06646	0.00439	0.00364	0.00783
32	0.00767	0.00600	0.00667	0.00682	0.00809	0.00564	0.00478	0.01001	0.07266	0.01542	0.09022	0.21371	0.35579	0.15823	0.01071	0.00263	0.00354	0.01155	0.00500	0.00484
33	0.01534	0.01299	0.01493	0.01393	0.07233	0.01508	0.01034	0.17825	0.45378	0.02442	0.01807	0.01781	0.01373	0.00753	0.00728	0.00191	0.10270	0.00581	0.00508	0.00871
34	0.01113	0.00902	0.01042	0.00822	0.01201	0.00757	0.00642	0.01497	0.09159	0.01920	0.07555	0.07577	0.01574	0.00640	0.00474	0.00118	0.00385	0.00537	0.08639	0.53446
35	0.01579	0.01043	0.01384	0.01268	0.07117	0.01045	0.05962	0.18098	0.08084	0.18939	0.02430	0.18838	0.09771	0.00974	0.00615	0.00188	0.00501	0.00849	0.00540	0.00774
36	0.01341	0.01483	0.03120	0.02581	0.17205	0.01407	0.60564	0.01788	0.01319	0.01810	0.01123	0.01494	0.00861	0.00480	0.00643	0.00185	0.00895	0.00633	0.00283	0.00785
37	0.00895	0.00701	0.00827	0.00790	0.00960	0.00701	0.00592	0.01409	0.17395	0.02083	0.42412	0.12010	0.14699	0.01173	0.00650	0.00187	0.00313	0.01023	0.00585	0.00592
38	0.00718	0.00551	0.00631	0.00649	0.00767	0.00493	0.00456	0.00857	0.01237	0.01593	0.19161	0.20347	0.36025	0.12783	0.00992	0.00247	0.00327	0.01185	0.00516	0.00464
39	0.01037	0.00810	0.00861	0.00813	0.01041	0.00831	0.00638	0.06616	0.21052	0.01974	0.03714	0.03909	0.34238	0.01109	0.00609	0.00188	0.00371	0.08029	0.11531	0.00629
40	0.00697	0.00566	0.00618	0.00617	0.00783	0.00487	0.00458	0.00865	0.01340	0.01685	0.21928	0.10292	0.54929	0.01385	0.00668	0.00190	0.00283	0.01177	0.00545	0.00487
41	0.52333	0.01035	0.00891	0.00793	0.01105	0.01179	0.00639	0.06839	0.11035	0.02495	0.01215	0.01318	0.00933	0.00589	0.00401	0.00168	0.00418	0.00403	0.15556	0.00655
42	0.00753	0.00565	0.00707	0.00751	0.00872	0.00518	0.00570	0.00942	0.01323	0.01745	0.25289	0.24472	0.23402	0.01456	0.00699	0.00209	0.00333	0.14350	0.00550	0.00495
43	0.84197	0.01088	0.00827	0.00740	0.01088	0.01262	0.00609	0.01654	0.00958	0.02525	0.00784	0.00914	0.00609	0.00522	0.00348	0.00174	0.00435	0.00305	0.00348	0.00609
44	0.02018	0.02208	0.01576	0.01370	0.01704	0.48597	0.01057	0.20636	0.11694	0.02054	0.01180	0.01244	0.00915	0.00628	0.00530	0.00157	0.00840	0.00435	0.00396	0.00761
45	0.00697	0.00498	0.00666	0.00797	0.00834	0.00467	0.00542	0.00803	0.01089	0.01449	0.03095	0.76032	0.03697	0.01752	0.00721	0.00230	0.00336	0.05309	0.00522	0.00460
46	0.00725	0.00514	0.00634	0.00713	0.00749	0.00486	0.00458	0.00796	0.01014	0.01336	0.02903	0.50142	0.09160	0.26062	0.01379	0.00324	0.00391	0.01324	0.00466	0.00423
47	0.02525	0.00958	0.01306	0.01001	0.01437	0.00827	0.00827	0.02743	0.01611	0.77102	0.02220	0.01915	0.01393	0.00697	0.00566	0.00174	0.00479	0.00566	0.00697	0.00958
48	0.01818	0.40459	0.02275	0.01181	0.01597	0.25612	0.01023	0.16636	0.01587	0.01790	0.00924	0.01028	0.00770	0.00551	0.00447	0.00138	0.00733	0.00362	0.00321	0.00748
49	0.02525	0.00958	0.01306	0.01001	0.01437	0.00827	0.00827	0.02743	0.01611	0.77102	0.02220	0.01915	0.01393	0.00697	0.00566	0.00174	0.00479	0.00566	0.00697	0.00958
50	0.00737	0.00559	0.00590	0.00590	0.00692	0.00508	0.00387	0.00813	0.01066	0.01320	0.03868	0.04607	0.41753	0.38190	0.01691	0.00356	0.00407	0.01015	0.00438	0.00413
51	0.02241	0.01413	0.01588	0.01217	0.01664	0.01502	0.01005	0.55761	0.02372	0.23007	0.01581	0.01500	0.01072	0.00681	0.00564	0.00170	0.00582	0.00522	0.00598	0.00957
52	0.00907	0.00648	0.00907	0.01036	0.01166	0.00648	0.00907	0.01166	0.01296	0.01684	0.02980	0.06348	0.03239	0.01555	0.00777	0.00259	0.00518	0.72924	0.00518	0.00518
53	0.60452	0.01163	0.01036	0.00869	0.01246	0.01304	0.00717	0.15141	0.01336	0.10705	0.01041	0.01101	0.00757	0.00569	0.00411	0.00173	0.00474	0.00370	0.00425	0.00710
54	0.00837	0.00600	0.00768	0.00763	0.00811	0.00640	0.00530	0.00939	0.00960	0.01324	0.09731	0.03481	0.02275	0.44093	0.20538	0.00558	0.04112	0.06244	0.00371	0.00425
55	0.58755	0.01240	0.01094	0.00912	0.01292	0.01412	0.00752	0.24344	0.01481	0.02842	0.00960	0.01050	0.00717	0.00570	0.00415	0.00173	0.00492	0.00367	0.00415	0.00717
56	0.01129	0.02911	0.77306	0.01604	0.02436	0.01307	0.02079	0.01782	0.01188	0.01782	0.01010	0.01188	0.00713	0.00535	0.00535	0.00178	0.00832	0.00416	0.00238	0.00832
57	0.00807	0.00591	0.00845	0.00845	0.00925	0.00671	0.00629	0.00967	0.00887	0.01262	0.01562	0.02512	0.01538	0.19785	0.62606	0.00831	0.01310	0.00647	0.00310	0.00469
58	0.00964	0.00771	0.00886	0.00823	0.01022	0.00792	0.00627	0.01622	0.24522	0.02176	0.42826	0.03733	0.14872	0.01072	0.00636	0.00183	0.00324	0.00925	0.00590	0.00634
59	0.02139	0.01576	0.01689	0.01295	0.01745	0.01745	0.01070	0.74835	0.02646	0.03547	0.01351	0.01351	0.00957	0.00676	0.00563	0.00169	0.00619	0.00507	0.00563	0.00957
60	0.01933	0.01347	0.01464	0.01167	0.01561	0.01476	0.00949	0.46801	0.16915	0.10483	0.01668	0.01623	0.01195	0.00693	0.00550	0.00170	0.00539	0.00540	0.08022	0.00905
61	0.06062	0.01250	0.01665	0.01899	0.26970	0.01303	0.01174	0.13757	0.19190	0.18425	0.01632	0.01641	0.01191	0.00634	0.00553	0.00175	0.00555	0.00538	0.00486	0.00901
62	0.02525	0.00958	0.01306	0.01001	0.01437	0.00827	0.00827	0.02743	0.01611	0.77102	0.02220	0.01915	0.01393	0.00697	0.00566	0.00174	0.00479	0.00566	0.00697	0.00958
63	0.01191	0.02479	0.54367	0.01842	0.02592	0.01343	0.24586	0.01789	0.01232	0.01789	0.01050	0.01290	0.00757	0.00516	0.00575	0.00182	0.00868	0.00493	0.00252	0.00809
64	0.01108	0.04404	0.12544	0.28361	0.16224	0.01238	0.01421	0.01438	0.01152	0.01572	0.03214	0.07172	0.06905	0.00757	0.00723	0.00190	0.09973	0.00621	0.00301	0.00681
65	0.01420	0.63023	0.19743	0.01108	0.01668	0.02019	0.01215	0.01707	0.01154	0.01428	0.00834	0.00967	0.00720	0.00493	0.00400	0.00133	0.00654	0.00327	0.00240	0.00747
66	0.00815	0.00558	0.00676	0.00676	0.00698	0.00579	0.00419	0.00858	0.00837	0.01137	0.01716	0.03367	0.01909	0.63912	0.18987	0.00623	0.00752	0.00772	0.00333	0.00376
67	0.00825	0.00600	0.00793	0.00813	0.00949	0.00568	0.00656	0.01079	0.01464	0.01999	0.45138	0.05052	0.09978	0.01314	0.00704	0.00207	0.00356	0.26404	0.00576	0.00522
68	0.01309	0.01767	0.21399	0.01622	0.11061	0.15182	0.07586	0.01629	0.01266	0.05083	0.01600	0.22010	0.01576	0.00881	0.00638	0.00187	0.03392	0.00760	0.00353	0.00699
69	0.09046	0.01235	0.01432	0.01106	0.01541	0.01258	0.00914	0.33718	0.02003	0.39301	0.01728	0.01590	0.01141	0.00673	0.00547	0.00172	0.00536	0.00519	0.00610	0.00929
70	0.01129	0.02911	0.77306	0.01604	0.02436	0.01307	0.02079	0.01782	0.01188	0.01782	0.01010	0.01188	0.00713	0.00535	0.00535	0.00178	0.00832	0.00416	0.00238	0.00832
71	0.01264	0.01283	0.04969	0.29365	0.37302	0.01317	0.06584	0.01737	0.07320	0.01737	0.01143	0.01489	0.00900	0.00544	0.00567	0.00178	0.00704	0.00520	0.00292	0.00787
72	0.01343	0.06391	0.12109	0.02233	0.25653	0.01271	0.22734	0.01719	0.01281	0.06962	0.01404	0.07999	0.01232	0.00667	0.00598	0.00182	0.00719	0.04385	0.00334	0.00785
73	0.01063	0.01000	0.01688	0.78870	0.03876	0.01250	0.01563	0.01438	0.01125	0.01438	0.01000	0.01500	0.00750	0.00563	0.00563	0.00188	0.00750	0.00500	0.00250	0.00625
74	0.01129	0.02911	0.77306	0.01604	0.02436	0.01307	0.02079	0.01782	0.01188	0.01782	0.01010	0.01188	0.00713	0.00535	0.00535	0.00178	0.00832	0.00416	0.00238	0.00832
75	0.01166	0.02601	0.63126	0.04873	0.13632	0.01309	0.02006	0.01761	0.01200	0.01777	0.01017	0.01231	0.00741	0.00531	0.00539	0.00177	0.00804	0.00432	0.00244	0.00833
76	0.00971	0.00553	0.00819	0.03795	0.04098	0.00557	0.00569	0.00812	0.00806	0.01068	0.01283	0.02018	0.04966	0.07235	0.02033	0.66796	0.00500	0.00549	0.00267	0.00305
77	0.01129	0.02911	0.77306	0.01604	0.02436	0.01307	0.02079	0.01782	0.01188	0.01782	0.01010	0.01188	0.00713	0.00535	0.00535	0.00178	0.00832	0.00416	0.00238	0.00832
78	0.00729	0.00578	0.00659	0.00655	0.00821	0.00508	0.00502	0.00923	0.01389	0.01783	0.29440	0.05081	0.46369	0.01343	0.00674	0.00191	0.00298	0.07004	0.00555	0.00498
79	0.01204	0.02369	0.58535	0.01433	0.02112	0.01153	0.01740	0.01740	0.01197	0.08861	0.01310	0.06791	0.01043	0.00937	0.06892	0.00241	0.00819	0.00527	0.00306	0.00791
80	0.01836	0.02484	0.11664	0.01475	0.01791	0.55763	0.01242	0.02045	0.01425	0.01427	0.00868	0.01072	0.00725	0.00638	0.00722	0.00165	0.13322	0.00390	0.00276	0.00670
81	0.01075	0.00639	0.00789	0.00944	0.10779	0.00647	0.00596	0.01341	0.01171	0.01999	0.01706	0.02014	0.01366	0.00927	0.06769	0.00199	0.00418	0.00528	0.65522	0.00571
82	0.01167	0.01000	0.01167	0.00834	0.01334	0.00750	0.00667	0.01417	0.01167	0.01834	0.01000	0.01167	0.00834	0.00417	0.00417	0.00083	0.00417	0.00333	0.00333	0.83663
83	0.01496	0.12860	0.39179	0.01401	0.02024	0.06284	0.01541	0.18922	0.07278	0.02151	0.01149	0.01247	0.00849	0.00581	0.00519	0.00167	0.00733	0.00435	0.00343	0.00840
84	0.07885	0.02293	0.55581	0.01369	0.02020	0.01156	0.01669	0.01648	0.01206	0.01884	0.06417	0.01838	0.01265	0.00665	0.00541	0.00182	0.00705	0.06307	0.04618	0.00751
85	0.01129	0.02911	0.77306	0.01604	0.02436	0.01307	0.02079	0.01782	0.01188	0.01782	0.01010	0.01188	0.00713	0.00535	0.00535	0.00178	0.00832	0.00416	0.00238	0.00832
86	0.01228	0.01182	0.01994	0.09027	0.51762	0.01178	0.06529	0.01541	0.01272	0.01745	0.01907	0.02145	0.14688	0.00673	0.00585	0.00175	0.00625	0.00638	0.00321	0.00784
87	0.01449	0.04503	0.02582	0.12332	0.19912	0.03095	0.33234	0.12258	0.01479	0.01987	0.01113	0.01428	0.00856	0.00524	0.00596	0.00178	0.00799	0.00562	0.00317	0.00797
88	0.01129	0.02911	0.77306	0.01604	0.02436	0.01307	0.02079	0.01782	0.01188	0.01782	0.01010	0.01188	0.00713	0.00535	0.00535	0.00178	0.00832	0.00416	0.00238	0.00832
89	0.00907	0.00648	0.00907	0.01036	0.01166	0.00648	0.00907	0.01166	0.01296	0.01684	0.02980	0.06348	0.03239	0.01555	0.00777	0.00259	0.00518	0.72924	0.00518	0.00518
90	0.00759	0.00574	0.00690	0.00694	0.00818	0.00539	0.00512	0.00923	0.01237	0.01623	0.22075	0.07382	0.29589	0.14608	0.09298	0.00329	0.00474	0.06911	0.00493	0.00473
91	0.01428	0.38470	0.28784	0.01255	0.01826	0.09927	0.01362	0.01886	0.07312	0.01575	0.00995	0.01113	0.00801	0.00534	0.00455	0.00149	0.00714	0.00375	0.00272	0.00767
92	0.00668	0.00558	0.00583	0.00602	0.00769	0.00472	0.00442	0.00804	0.01252	0.01508	0.05311	0.16581	0.65570	0.01476	0.00673	0.00196	0.00291	0.01250	0.00523	0.00472
93	0.00804	0.00603	0.00904	0.00904	0.01005	0.00703	0.00703	0.01005	0.00904	0.01306	0.01507	0.02211	0.01407	0.04221	0.77992	0.00904	0.01507	0.00603	0.00301	0.00502
94	0.01053	0.00900	0.01269	0.16646	0.01834	0.00979	0.05979	0.01665	0.19816	0.01815	0.06366	0.06638	0.09204	0.01060	0.00657	0.00211	0.00533	0.22264	0.00468	0.00643
95	0.05226	0.11994	0.15476	0.01493	0.06950	0.33934	0.01262	0.07202	0.01437	0.01683	0.00998	0.03793	0.00849	0.00620	0.00572	0.00161	0.04895	0.00431	0.00302	0.00722
96	0.01285	0.01227	0.02090	0.28046	0.52962	0.01309	0.01674	0.01633	0.01230	0.01708	0.01040	0.01428	0.00845	0.00521	0.00559	0.00174	0.00695	0.00501	0.00269	0.00805
97	0.00882	0.00718	0.01054	0.01009	0.01091	0.00890	0.00800	0.01069	0.00897	0.01315	0.01367	0.02032	0.01285	0.03630	0.64081	0.00784	0.15700	0.00583	0.00291	0.00523
98	0.41868	0.01361	0.01467	0.01802	0.27496	0.09909	0.01084	0.01730	0.01137	0.02097	0.00887	0.01109	0.00727	0.00546	0.00517	0.00172	0.04677	0.00389	0.00312	0.00713
99	0.00818	0.00546	0.00614	0.00614	0.00614	0.00546	0.00341	0.00818	0.00818	0.01091	0.01773	0.03683	0.02046	0.80222	0.02864	0.00546	0.00546	0.00818	0.00341	0.00341
100	0.01769	0.24665	0.03248	0.01169	0.01605	0.01801	0.01015	0.35936	0.18673	0.02596	0.01391	0.01386	0.01056	0.00636	0.00506	0.00160	0.00579	0.00474	0.00465	0.00871
101	0.01611	0.06537	0.08718	0.09103	0.09581	0.01339	0.01159	0.27110	0.01719	0.08486	0.01374	0.07303	0.01121	0.00670	0.00539	0.00162	0.00595	0.00548	0.00428	0.11897
102	0.01439	0.02110	0.40267	0.05782	0.08119	0.01289	0.13233	0.06956	0.01373	0.12228	0.01223	0.01383	0.00861	0.00556	0.00565	0.00178	0.00770	0.00493	0.00334	0.00840
103	0.01479	0.75182	0.08100	0.01007	0.01513	0.02163	0.01040	0.01692	0.01147	0.01356	0.00798	0.00923	0.00722	0.00485	0.00373	0.00124	0.00618	0.00309	0.00241	0.00730
104	0.02525	0.00958	0.01306	0.01001	0.01437	0.00827	0.00827	0.02743	0.01611	0.77102	0.02220	0.01915	0.01393	0.00697	0.00566	0.00174	0.00479	0.00566	0.00697	0.00958
105	0.01398	0.09692	0.10071	0.24034	0.11104	0.15829	0.13711	0.01742	0.01264	0.01555	0.00975	0.01297	0.00772	0.00549	0.00594	0.00172	0.03791	0.00473	0.00264	0.00714
106	0.01709	0.10703	0.01614	0.01390	0.09485	0.29081	0.00986	0.12028	0.06682	0.03582	0.01251	0.01517	0.01042	0.07118	0.00691	0.00183	0.00707	0.00468	0.09050	0.00713
107	0.00753	0.00541	0.00739	0.00852	0.00918	0.00527	0.00631	0.00906	0.01136	0.01518	0.05780	0.52687	0.03476	0.01890	0.07058	0.00289	0.00467	0.18846	0.00507	0.00479
108	0.00928	0.00604	0.00794	0.00730	0.00886	0.00553	0.00553	0.01189	0.01594	0.07934	0.70787	0.04030	0.05013	0.01116	0.00656	0.00177	0.00282	0.00983	0.00625	0.00563
109	0.03262	0.32399	0.33707	0.07226	0.03638	0.07794	0.01492	0.01752	0.01196	0.01567	0.00907	0.01087	0.00722	0.00519	0.00464	0.00154	0.00740	0.00373	0.00247	0.00756
110	0.00681	0.00545	0.00609	0.00647	0.00783	0.00473	0.00465	0.00818	0.01239	0.01545	0.09780	0.28811	0.48602	0.01513	0.00682	0.00201	0.00297	0.01306	0.00529	0.00473
111	0.08350	0.01198	0.01268	0.01107	0.01449	0.01352	0.00873	0.07832	0.56662	0.10374	0.02095	0.01931	0.01540	0.00731	0.00553	0.00186	0.00460	0.00593	0.00567	0.00879
112	0.00826	0.00554	0.00638	0.00648	0.00659	0.00554	0.00387	0.00847	0.00857	0.01140	0.01872	0.03901	0.02144	0.73781	0.02693	0.00522	0.00543	0.06722	0.00356	0.00356
113	0.01287	0.01227	0.02105	0.33437	0.38330	0.01327	0.07606	0.04747	0.01281	0.01748	0.01054	0.01444	0.00835	0.00531	0.00568	0.00177	0.00722	0.00514	0.00280	0.00777
114	0.01420	0.01574	0.01306	0.01323	0.06575	0.34956	0.00944	0.01605	0.01236	0.01375	0.01194	0.01625	0.01069	0.02351	0.38319	0.00517	0.01231	0.00489	0.00295	0.00596
115	0.01333	0.01268	0.02119	0.12597	0.61503	0.01278	0.01620	0.01666	0.01253	0.01788	0.01047	0.01388	0.00869	0.00502	0.00546	0.00163	0.00658	0.00488	0.00280	0.07636
116	0.01663	0.25702	0.14699	0.01470	0.07596	0.27391	0.02820	0.01928	0.01335	0.05414	0.01027	0.01171	0.01920	0.00566	0.00522	0.00151	0.03203	0.00397	0.00289	0.00736
117	0.00817	0.00550	0.00638	0.00638	0.00646	0.00559	0.00371	0.00834	0.00825	0.01109	0.01751	0.03562	0.01994	0.73999	0.09016	0.00575	0.00624	0.00801	0.00338	0.00354
118	0.00818	0.00546	0.00614	0.00614	0.00614	0.00546	0.00341	0.00818	0.00818	0.01091	0.01773	0.03683	0.02046	0.80222	0.02864	0.00546	0.00546	0.00818	0.00341	0.00341
119	0.00707	0.00524	0.00660	0.00728	0.00811	0.00477	0.00507	0.00850	0.01230	0.01635	0.19953	0.49357	0.17370	0.01565	0.00696	0.00210	0.00305	0.01395	0.00544	0.00477
120	0.02777	0.01805	0.24247	0.15106	0.07762	0.01389	0.19361	0.15058	0.01480	0.02074	0.01120	0.01382	0.00826	0.00551	0.00571	0.00179	0.00776	0.00514	0.02227	0.00795
121	0.01324	0.01386	0.01710	0.01475	0.01505	0.09869	0.01216	0.01450	0.00940	0.01357	0.00753	0.01208	0.00737	0.00942	0.01704	0.00235	0.70840	0.00479	0.00251	0.00620
122	0.00907	0.00648	0.00907	0.01036	0.01166	0.00648	0.00907	0.01166	0.01296	0.01684	0.02980	0.06348	0.03239	0.01555	0.00777	0.00259	0.00518	0.72924	0.00518	0.00518
123	0.00907	0.00648	0.00907	0.01036	0.01166	0.00648	0.00907	0.01166	0.01296	0.01684	0.02980	0.06348	0.03239	0.01555	0.00777	0.00259	0.00518	0.72924	0.00518	0.00518
124	0.01287	0.00897	0.01044	0.00896	0.01114	0.00926	0.00688	0.23958	0.01762	0.05252	0.33377	0.03218	0.03115	0.15924	0.01049	0.00247	0.00446	0.03611	0.00548	0.00643
125	0.01129	0.02911	0.77306	0.01604	0.02436	0.01307	0.02079	0.01782	0.01188	0.01782	0.01010	0.01188	0.00713	0.00535	0.00535	0.00178	0.00832	0.00416	0.00238	0.00832
126	0.01129	0.02911	0.77306	0.01604	0.02436	0.01307	0.02079	0.01782	0.01188	0.01782	0.01010	0.01188	0.00713	0.00535	0.00535	0.00178	0.00832	0.00416	0.00238	0.00832
127	0.00686	0.00490	0.00653	0.00784	0.00816	0.00457	0.00522	0.00784	0.01077	0.01437	0.03102	0.79855	0.03722	0.01763	0.00718	0.00229	0.00326	0.01600	0.00522	0.00457
128	0.84197	0.01088	0.00827	0.00740	0.01088	0.01262	0.00609	0.01654	0.00958	0.02525	0.00784	0.00914	0.00609	0.00522	0.00348	0.00174	0.00435	0.00305	0.00348	0.00609
129	0.00681	0.00506	0.00636	0.00740	0.00805	0.00461	0.00503	0.00788	0.01119	0.01453	0.03627	0.64818	0.18420	0.01695	0.00708	0.00221	0.00318	0.01517	0.00522	0.00461
130	0.00806	0.00627	0.00752	0.00807	0.00952	0.00599	0.00631	0.01096	0.07345	0.01646	0.06784	0.21976	0.29939	0.01474	0.00702	0.00218	0.00375	0.22221	0.00529	0.00520
131	0.00962	0.00591	0.00757	0.00762	0.00891	0.00556	0.00552	0.01112	0.01192	0.10906	0.10561	0.31024	0.15081	0.07496	0.11347	0.00321	0.00506	0.01110	0.03743	0.00530
132	0.09541	0.01630	0.20371	0.01208	0.01650	0.02929	0.01151	0.02455	0.44777	0.02202	0.04962	0.01820	0.01488	0.00695	0.00543	0.00184	0.00546	0.00558	0.00462	0.00828

[dist]
# distance from previous block
# <min> <max>
0	4

[block]
# block no. 2 follows, 42 sequences, length 36
# corresponding to MSA columns:
# 273-308
name=unknown_C
#
# <colnr> <probs for GDERKNQSTAVLIFYWHMCP>
#	G	D	E	R	K	N	Q	S	T	A	V	L	I	F	Y	W	H	M	C	P
0	0.01516	0.42217	0.14101	0.01122	0.01642	0.01812	0.01125	0.14116	0.07048	0.01893	0.01047	0.01136	0.00845	0.00538	0.00443	0.00140	0.00613	0.00382	0.00328	0.07938
1	0.11533	0.05212	0.20879	0.08788	0.26728	0.01389	0.08808	0.06804	0.01298	0.01967	0.01024	0.01280	0.00793	0.00526	0.00529	0.00173	0.00709	0.00463	0.00293	0.00803
2	0.01465	0.01415	0.01261	0.01078	0.01413	0.19799	0.00834	0.11994	0.08011	0.01939	0.01553	0.13999	0.01468	0.00788	0.00537	0.00151	0.00584	0.03806	0.00414	0.27489
3	0.01545	0.01914	0.26537	0.01450	0.02001	0.01484	0.07695	0.25846	0.21090	0.02507	0.01466	0.01507	0.01066	0.00635	0.00565	0.00179	0.00672	0.00524	0.00435	0.00882
4	0.01484	0.01077	0.01240	0.00920	0.01379	0.00937	0.00743	0.15869	0.01501	0.09692	0.01246	0.01339	0.00954	0.00511	0.00459	0.00112	0.00452	0.00403	0.05910	0.53772
5	0.00797	0.00576	0.00749	0.06182	0.01048	0.00549	0.00596	0.00945	0.01183	0.04045	0.09552	0.42124	0.18693	0.05554	0.00800	0.00229	0.00369	0.05008	0.00508	0.00493
6	0.01295	0.01235	0.02072	0.10961	0.62544	0.01252	0.01596	0.01617	0.01265	0.01769	0.01460	0.01757	0.07519	0.00589	0.00567	0.00171	0.00643	0.00562	0.00297	0.00827
7	0.08430	0.01194	0.01811	0.25232	0.35868	0.01315	0.01441	0.01848	0.13760	0.01866	0.01225	0.01503	0.00965	0.00566	0.00543	0.00178	0.00635	0.00507	0.00326	0.00788
8	0.62861	0.01101	0.00981	0.00830	0.01203	0.01218	0.00685	0.07394	0.01206	0.16414	0.01093	0.01133	0.00781	0.00566	0.00405	0.00174	0.00457	0.00368	0.00429	0.00700
9	0.01006	0.00699	0.00813	0.00801	0.00979	0.00679	0.00590	0.01411	0.14874	0.09339	0.08110	0.29691	0.24722	0.02740	0.00696	0.00207	0.00352	0.01147	0.00552	0.00595
10	0.00810	0.00617	0.00735	0.00740	0.00873	0.00591	0.00545	0.01106	0.07721	0.01797	0.28285	0.16555	0.21415	0.09144	0.00892	0.00232	0.00342	0.06541	0.00541	0.00517
11	0.00907	0.00648	0.00907	0.01036	0.01166	0.00648	0.00907	0.01166	0.01296	0.01684	0.02980	0.06348	0.03239	0.01555	0.00777	0.00259	0.00518	0.72924	0.00518	0.00518
12	0.00948	0.00577	0.00666	0.00643	0.00676	0.00567	0.00378	0.00964	0.00878	0.06844	0.01807	0.03549	0.01997	0.74204	0.02690	0.00517	0.00541	0.00799	0.00368	0.00388
13	0.10799	0.00696	0.00812	0.00825	0.00970	0.00701	0.00589	0.01353	0.08635	0.10929	0.02508	0.45611	0.02702	0.09157	0.00854	0.00243	0.00392	0.01146	0.00510	0.00569
14	0.02178	0.01514	0.01650	0.01265	0.01714	0.01653	0.01045	0.67558	0.02541	0.10971	0.01439	0.01408	0.01001	0.00678	0.00563	0.00169	0.00605	0.00513	0.00576	0.00957
15	0.00818	0.00546	0.00614	0.00614	0.00614	0.00546	0.00341	0.00818	0.00818	0.01091	0.01773	0.03683	0.02046	0.80222	0.02864	0.00546	0.00546	0.00818	0.00341	0.00341
16	0.01454	0.00837	0.00922	0.00796	0.01042	0.00852	0.00626	0.19221	0.01593	0.12286	0.02150	0.07559	0.07156	0.00801	0.00500	0.00157	0.00384	0.00651	0.40335	0.00678
17	0.00748	0.00551	0.00652	0.00663	0.00758	0.00507	0.00455	0.00884	0.01222	0.01622	0.25941	0.18390	0.22245	0.21414	0.01233	0.00283	0.00353	0.01118	0.00506	0.00455
18	0.00838	0.00595	0.00718	0.00726	0.00739	0.00625	0.00467	0.00878	0.00888	0.01195	0.01948	0.12654	0.02242	0.59542	0.02384	0.00466	0.05995	0.06344	0.00369	0.00387
19	0.84197	0.01088	0.00827	0.00740	0.01088	0.01262	0.00609	0.01654	0.00958	0.02525	0.00784	0.00914	0.00609	0.00522	0.00348	0.00174	0.00435	0.00305	0.00348	0.00609
20	0.01018	0.00743	0.00902	0.00917	0.01061	0.00753	0.00693	0.15922	0.01447	0.01914	0.02897	0.46436	0.07894	0.01484	0.00693	0.00219	0.00416	0.13492	0.00530	0.00570
21	0.00708	0.00548	0.00610	0.00636	0.00750	0.00489	0.00439	0.00822	0.01169	0.01470	0.09285	0.21666	0.40863	0.16694	0.01101	0.00266	0.00343	0.01197	0.00494	0.00449
22	0.01167	0.01000	0.01167	0.00834	0.01334	0.00750	0.00667	0.01417	0.01167	0.01834	0.01000	0.01167	0.00834	0.00417	0.00417	0.00083	0.00417	0.00333	0.00333	0.83663
23	0.00708	0.00505	0.00678	0.00809	0.00851	0.00476	0.00560	0.00821	0.01099	0.01461	0.03090	0.72574	0.03674	0.01742	0.00724	0.00232	0.00345	0.08664	0.00522	0.00463
24	0.07167	0.00819	0.00955	0.00838	0.01072	0.00806	0.00638	0.11874	0.01479	0.18872	0.13385	0.14526	0.09326	0.10885	0.00876	0.00228	0.00421	0.00851	0.04328	0.00652
25	0.42109	0.01277	0.01231	0.00995	0.01394	0.01418	0.00821	0.31958	0.01720	0.10463	0.01163	0.01195	0.00832	0.00603	0.00459	0.00172	0.00516	0.00414	0.00472	0.00788
26	0.00813	0.00567	0.00722	0.00722	0.00760	0.00604	0.00476	0.00888	0.00850	0.01171	0.01674	0.03134	0.01808	0.51889	0.30872	0.00679	0.00904	0.00738	0.00326	0.00401
27	0.00835	0.00577	0.00717	0.00698	0.00832	0.00524	0.00509	0.01031	0.01401	0.05332	0.42985	0.15293	0.18676	0.07054	0.00828	0.00214	0.00308	0.01101	0.00569	0.00515
28	0.19759	0.00909	0.01027	0.00877	0.01163	0.00911	0.00678	0.09034	0.01361	0.29657	0.01883	0.13852	0.01641	0.13690	0.00913	0.00242	0.00471	0.00702	0.00523	0.00705
29	0.00886	0.00640	0.00797	0.00809	0.00864	0.04005	0.00567	0.00926	0.00903	0.01208	0.01650	0.13651	0.01757	0.19809	0.29938	0.19218	0.00876	0.00759	0.00329	0.00409
30	0.01200	0.01219	0.07712	0.01247	0.08732	0.07394	0.00917	0.06768	0.17276	0.01951	0.15111	0.12032	0.04655	0.10234	0.00868	0.00226	0.00521	0.00796	0.00464	0.00676
31	0.01019	0.00670	0.00859	0.00853	0.00988	0.00680	0.00628	0.01351	0.10339	0.09262	0.13417	0.27088	0.02893	0.09909	0.13935	0.00359	0.00577	0.04097	0.00505	0.00570
32	0.04749	0.00701	0.00758	0.00733	0.00844	0.03665	0.00491	0.01163	0.01058	0.11486	0.02399	0.18061	0.09538	0.39931	0.01719	0.00367	0.00482	0.00931	0.00440	0.00484
33	0.07325	0.00893	0.06719	0.00792	0.00957	0.00798	0.00611	0.10109	0.01162	0.01712	0.04649	0.08181	0.01894	0.42760	0.01760	0.00370	0.00518	0.00747	0.07536	0.00507
34	0.25342	0.04753	0.12641	0.01299	0.07277	0.04859	0.02205	0.17187	0.01488	0.09350	0.01115	0.01212	0.00823	0.00571	0.00498	0.00165	0.01845	0.00416	0.00394	0.06562
35	0.07608	0.01055	0.06804	0.04626	0.04319	0.06215	0.00876	0.02920	0.04152	0.07950	0.01954	0.17583	0.04826	0.01774	0.19529	0.00364	0.00766	0.02301	0.03758	0.00621

[dist]
# distance from previous block
# <min> <max>
1	9

[block]
# block no. 3 follows, 42 sequences, length 12
# corresponding to MSA columns:
# 318-329
name=unknown_D
#
# <colnr> <probs for GDERKNQSTAVLIFYWHMCP>
#	G	D	E	R	K	N	Q	S	T	A	V	L	I	F	Y	W	H	M	C	P
0	0.01433	0.09628	0.01592	0.01492	0.14452	0.13001	0.01010	0.01854	0.13698	0.06750	0.05446	0.02092	0.08205	0.06614	0.00871	0.00203	0.09959	0.00596	0.00393	0.00712
1	0.01075	0.00822	0.00979	0.00920	0.01110	0.00854	0.00705	0.02933	0.16409	0.05515	0.02688	0.19707	0.12383	0.08628	0.00942	0.00233	0.06763	0.08473	0.00485	0.08378
2	0.13437	0.01294	0.01424	0.01118	0.01540	0.01374	0.00920	0.37561	0.07479	0.25729	0.01607	0.01518	0.01098	0.00667	0.00535	0.00173	0.00539	0.00507	0.00575	0.00905
3	0.00816	0.00554	0.00655	0.00655	0.00670	0.00568	0.00393	0.00845	0.00831	0.01122	0.01735	0.03472	0.01955	0.69355	0.13607	0.00597	0.00683	0.00788	0.00335	0.00364
4	0.01254	0.00788	0.00946	0.00865	0.01086	0.00781	0.00659	0.06505	0.11847	0.16093	0.10381	0.17974	0.16494	0.04473	0.06954	0.00263	0.00481	0.00948	0.00550	0.00656
5	0.07748	0.00776	0.00900	0.00866	0.01046	0.00810	0.00670	0.01568	0.16769	0.05403	0.24093	0.03745	0.03038	0.14304	0.01006	0.00258	0.00425	0.15453	0.00524	0.00597
6	0.01561	0.00890	0.01092	0.00935	0.01225	0.00885	0.00737	0.02196	0.23173	0.27796	0.29544	0.02811	0.02929	0.00883	0.00604	0.00180	0.00391	0.00753	0.00632	0.00781
7	0.01204	0.00621	0.00701	0.00646	0.00795	0.00604	0.00468	0.03329	0.01219	0.12168	0.07353	0.02601	0.01857	0.20409	0.01054	0.00244	0.00372	0.00639	0.43166	0.00550
8	0.00875	0.00587	0.00714	0.00697	0.00848	0.00524	0.00512	0.01054	0.01365	0.07849	0.30974	0.18365	0.27167	0.04957	0.00768	0.00207	0.00313	0.01134	0.00564	0.00525
9	0.01223	0.00839	0.00933	0.00828	0.01023	0.00872	0.00634	0.21300	0.01589	0.02240	0.14069	0.03117	0.06901	0.17615	0.01052	0.00250	0.00442	0.06537	0.17934	0.00602
10	0.01647	0.01225	0.01296	0.01080	0.01416	0.01366	0.00864	0.33864	0.28270	0.02819	0.01787	0.01774	0.01329	0.00703	0.00531	0.00169	0.00482	0.00556	0.17981	0.00843
11	0.10876	0.00653	0.00757	0.00742	0.00916	0.00618	0.00551	0.01188	0.01291	0.10617	0.20919	0.28003	0.18232	0.01274	0.00632	0.00195	0.00334	0.01101	0.00545	0.00555

[dist]
# distance from previous block
# <min> <max>
2	12

[block]
# block no. 4 follows, 42 sequences, length 20
# corresponding to MSA columns:
# 342-361
name=unknown_E
#
# <colnr> <probs for GDERKNQSTAVLIFYWHMCP>
#	G	D	E	R	K	N	Q	S	T	A	V	L	I	F	Y	W	H	M	C	P
0	0.00779	0.00557	0.00657	0.00664	0.00720	0.00554	0.00430	0.00847	0.00938	0.01230	0.02565	0.07733	0.16579	0.47630	0.15271	0.00521	0.00649	0.00894	0.00379	0.00401
1	0.01066	0.00783	0.00901	0.00876	0.01056	0.00829	0.00672	0.05431	0.21738	0.02101	0.17009	0.18136	0.02894	0.01097	0.00609	0.00191	0.00372	0.08630	0.14974	0.00635
2	0.13961	0.02058	0.16320	0.09741	0.05414	0.28078	0.01278	0.09317	0.05390	0.01926	0.01031	0.01195	0.00792	0.00576	0.00506	0.00166	0.00778	0.00414	0.00326	0.00732
3	0.01252	0.01301	0.02476	0.01866	0.02314	0.01271	0.47367	0.01898	0.15864	0.01878	0.01880	0.02405	0.06704	0.00710	0.00658	0.00197	0.00759	0.08079	0.00382	0.00740
4	0.01490	0.01707	0.16487	0.05991	0.19015	0.07232	0.01354	0.17618	0.01550	0.02141	0.01082	0.01269	0.00837	0.00536	0.00519	0.00150	0.00664	0.00437	0.00344	0.19577
5	0.01213	0.01067	0.01466	0.24213	0.10005	0.01014	0.01065	0.05436	0.01247	0.01810	0.01025	0.01299	0.00822	0.00483	0.00483	0.00128	0.00553	0.00410	0.00315	0.45948
6	0.00891	0.00646	0.00775	0.00767	0.00932	0.00618	0.00579	0.01208	0.08516	0.05729	0.20153	0.17600	0.27062	0.01529	0.06226	0.00248	0.00414	0.05010	0.00542	0.00554
7	0.01335	0.01203	0.03356	0.04842	0.35968	0.02083	0.02170	0.02807	0.05790	0.05831	0.05421	0.01778	0.05302	0.00616	0.00580	0.00158	0.02836	0.00543	0.00362	0.17017
8	0.01634	0.01079	0.01193	0.00998	0.01293	0.01149	0.00791	0.38389	0.01930	0.08092	0.01867	0.16914	0.01640	0.00885	0.00555	0.00172	0.00470	0.00729	0.19460	0.00761
9	0.13797	0.01097	0.01314	0.01022	0.01449	0.01067	0.00844	0.16689	0.01722	0.52356	0.01851	0.01666	0.01199	0.00668	0.00535	0.00173	0.00500	0.00518	0.00622	0.00909
10	0.00754	0.00529	0.00666	0.00728	0.00798	0.00497	0.00504	0.00892	0.01177	0.01610	0.17383	0.42197	0.08995	0.11365	0.00956	0.00251	0.00344	0.04549	0.05340	0.00465
11	0.01089	0.00763	0.00945	0.01007	0.05011	0.00791	0.00701	0.05344	0.14191	0.05740	0.02408	0.32858	0.02452	0.04972	0.04824	0.00253	0.00464	0.04936	0.10636	0.00617
12	0.00970	0.00762	0.01067	0.01123	0.01227	0.00858	0.00970	0.01203	0.01211	0.01620	0.02541	0.05347	0.02750	0.01443	0.00986	0.00257	0.15903	0.58760	0.00465	0.00537
13	0.01384	0.16346	0.01329	0.00859	0.01141	0.00984	0.00705	0.01683	0.06591	0.20571	0.23523	0.11776	0.08927	0.00974	0.00580	0.00173	0.00406	0.00821	0.00542	0.00687
14	0.01181	0.00638	0.00811	0.00782	0.00936	0.00581	0.00564	0.01307	0.01210	0.20151	0.05728	0.28432	0.12181	0.18263	0.01135	0.00278	0.00412	0.04315	0.00530	0.00564
15	0.01957	0.02262	0.01949	0.01603	0.01976	0.49729	0.15473	0.14795	0.01726	0.01838	0.01006	0.01172	0.00791	0.00576	0.00548	0.00158	0.00933	0.00447	0.00336	0.00726
16	0.67940	0.01071	0.00995	0.16018	0.01633	0.01260	0.00796	0.01612	0.00990	0.02312	0.00826	0.01029	0.00637	0.00530	0.00390	0.00177	0.00497	0.00343	0.00329	0.00613
17	0.03398	0.00899	0.01037	0.00927	0.01162	0.00932	0.00722	0.18493	0.09844	0.06260	0.24854	0.16436	0.07499	0.01098	0.00631	0.00190	0.00406	0.03965	0.00571	0.00677
18	0.00841	0.00646	0.00810	0.15896	0.01362	0.00646	0.00660	0.01073	0.01284	0.01742	0.15905	0.03792	0.34916	0.01059	0.00591	0.00176	0.00368	0.00894	0.16815	0.00524
19	0.02047	0.01086	0.01325	0.01031	0.01429	0.01048	0.00842	0.23757	0.01882	0.38344	0.13219	0.02043	0.01822	0.00739	0.00569	0.00166	0.00483	0.00600	0.00619	0.06948

[dist]
# distance from previous block
# <min> <max>
0	9

[block]
# block no. 5 follows, 42 sequences, length 16
# corresponding to MSA columns:
# 371-386
name=unknown_F
#
# <colnr> <probs for GDERKNQSTAVLIFYWHMCP>
#	G	D	E	R	K	N	Q	S	T	A	V	L	I	F	Y	W	H	M	C	P
0	0.59483	0.01058	0.00941	0.00810	0.01152	0.01175	0.00662	0.07750	0.01237	0.10467	0.09414	0.01423	0.01245	0.00623	0.00424	0.00174	0.00436	0.00429	0.00433	0.00666
1	0.03574	0.01143	0.01136	0.01059	0.01309	0.09597	0.00836	0.09643	0.23216	0.06326	0.02408	0.09371	0.07108	0.04799	0.00728	0.00216	0.00528	0.15790	0.00511	0.00700
2	0.00911	0.00607	0.00763	0.00739	0.00903	0.00549	0.00570	0.01131	0.01451	0.08144	0.40260	0.09958	0.21765	0.01266	0.00672	0.00192	0.00319	0.08668	0.00585	0.00546
3	0.02036	0.01250	0.01449	0.01097	0.01554	0.01229	0.00901	0.35395	0.01982	0.26152	0.01542	0.01485	0.01065	0.00623	0.00530	0.00151	0.00529	0.00485	0.00552	0.19992
4	0.00807	0.00590	0.00838	0.00838	0.00915	0.00667	0.00620	0.00962	0.00885	0.01257	0.01569	0.02550	0.01554	0.21713	0.60701	0.00822	0.01286	0.00653	0.00311	0.00465
5	0.10823	0.00754	0.00871	0.00828	0.01002	0.00762	0.00604	0.06043	0.05824	0.12011	0.10521	0.30288	0.02667	0.13277	0.00958	0.00252	0.00412	0.00996	0.00514	0.00591
6	0.01163	0.00805	0.01064	0.01119	0.09444	0.00791	0.00743	0.10726	0.01558	0.08347	0.35236	0.15283	0.03447	0.06747	0.00797	0.00209	0.00403	0.00935	0.00545	0.00636
7	0.50326	0.01016	0.00957	0.00834	0.01160	0.01104	0.00671	0.07760	0.01251	0.15118	0.04902	0.10076	0.01340	0.00733	0.00459	0.00180	0.00438	0.00544	0.00457	0.00677
8	0.01537	0.01032	0.01244	0.09670	0.01586	0.01083	0.00873	0.25611	0.05305	0.13965	0.13787	0.09267	0.10768	0.00927	0.00605	0.00182	0.00485	0.00775	0.00550	0.00751
9	0.01072	0.00655	0.00811	0.00784	0.00928	0.00624	0.00561	0.01331	0.07397	0.13232	0.17628	0.26397	0.08983	0.15719	0.01060	0.00262	0.00384	0.01069	0.00540	0.00565
10	0.00858	0.00629	0.00771	0.00810	0.00917	0.00611	0.00574	0.09072	0.01331	0.01772	0.11317	0.54836	0.11285	0.01538	0.00689	0.00212	0.00348	0.01370	0.00538	0.00523
11	0.01388	0.01398	0.08749	0.10719	0.25531	0.01314	0.09940	0.09605	0.12632	0.03791	0.01472	0.01957	0.01208	0.00665	0.00591	0.00185	0.00668	0.06993	0.00378	0.00816
12	0.04438	0.07194	0.01274	0.03080	0.01328	0.13248	0.00822	0.09757	0.10306	0.01942	0.16578	0.06197	0.02094	0.01568	0.17341	0.00329	0.00762	0.00657	0.00433	0.00651
13	0.04599	0.01174	0.01091	0.03956	0.03009	0.16769	0.00772	0.10449	0.01464	0.03433	0.14776	0.14691	0.10069	0.01118	0.00778	0.09482	0.00540	0.00801	0.00446	0.00583
14	0.04313	0.00939	0.01009	0.00881	0.01147	0.00975	0.00684	0.15369	0.18089	0.02260	0.17154	0.03250	0.22383	0.04760	0.00707	0.00196	0.00404	0.00818	0.00537	0.04125
15	0.16456	0.04524	0.09483	0.15957	0.01994	0.03887	0.01132	0.11207	0.01387	0.16489	0.01207	0.01345	0.00872	0.00618	0.00611	0.00175	0.07102	0.00449	0.00397	0.04709

[dist]
# distance from previous block
# <min> <max>
0	31

# created by:
# /home/cegg/simao/soft/augustus-3.2.1/scripts/msa2prfl.pl ./align_prep/20436.fa
