[name]
unknown

[dist]
# distance from previous block
# <min> <max>
0	2

[block]
# block no. 0 follows, 44 sequences, length 19
# corresponding to MSA columns:
# 2-20
name=unknown_A
#
# <colnr> <probs for GDERKNQSTAVLIFYWHMCP>
#	G	D	E	R	K	N	Q	S	T	A	V	L	I	F	Y	W	H	M	C	P
0	0.05836	0.01090	0.01113	0.00985	0.01280	0.08683	0.00788	0.13732	0.04629	0.01977	0.01778	0.14094	0.01769	0.00917	0.00559	0.00168	0.00505	0.16623	0.00433	0.23042
1	0.15052	0.01097	0.01142	0.00969	0.01249	0.06759	0.00767	0.17789	0.01391	0.10189	0.01302	0.01649	0.01080	0.08198	0.19684	0.00362	0.03052	0.00489	0.00400	0.07381
2	0.00976	0.00701	0.00853	0.00772	0.00947	0.00708	0.00597	0.12137	0.01548	0.02178	0.43866	0.03318	0.09168	0.01439	0.11409	0.00265	0.00476	0.00831	0.07241	0.00567
3	0.01461	0.70650	0.02610	0.00931	0.01362	0.06676	0.00901	0.01640	0.01137	0.01339	0.00836	0.00964	0.00750	0.00484	0.00361	0.00119	0.00584	0.00311	0.06205	0.00682
4	0.01115	0.01057	0.01790	0.59093	0.23521	0.01234	0.01557	0.01468	0.01131	0.01497	0.00984	0.01426	0.00763	0.00529	0.00544	0.00176	0.00706	0.00485	0.00250	0.00675
5	0.01322	0.01132	0.01207	0.01102	0.01397	0.01304	0.00864	0.02771	0.71088	0.02234	0.02267	0.02328	0.01769	0.00794	0.00569	0.00190	0.00436	0.05837	0.00551	0.00837
6	0.04368	0.11281	0.18583	0.07262	0.04848	0.15752	0.03828	0.04508	0.03552	0.16673	0.01196	0.01291	0.00872	0.00574	0.00542	0.00162	0.03156	0.00434	0.00356	0.00762
7	0.01023	0.14770	0.36452	0.01107	0.01583	0.01123	0.01239	0.01390	0.01154	0.01603	0.12533	0.05469	0.05831	0.11495	0.00827	0.00214	0.00602	0.00612	0.00325	0.00647
8	0.00793	0.00529	0.00595	0.00595	0.00595	0.00529	0.00330	0.00793	0.00793	0.01057	0.01718	0.03568	0.01982	0.80840	0.02775	0.00529	0.00529	0.00793	0.00330	0.00330
9	0.00958	0.00653	0.00872	0.00961	0.06723	0.00661	0.00619	0.01067	0.01034	0.06909	0.06990	0.19774	0.02449	0.34458	0.01603	0.00342	0.04808	0.08218	0.00418	0.00483
10	0.01521	0.07395	0.06879	0.13427	0.22313	0.06958	0.05785	0.06365	0.04262	0.13384	0.01245	0.01441	0.00942	0.00746	0.04806	0.00203	0.00711	0.00485	0.00353	0.00777
11	0.01234	0.01343	0.21443	0.01152	0.03129	0.00881	0.08453	0.01566	0.03061	0.16407	0.02462	0.02707	0.19539	0.13126	0.00916	0.00231	0.00567	0.00703	0.00412	0.00668
12	0.01105	0.00637	0.00801	0.00714	0.00921	0.00563	0.00551	0.01322	0.01470	0.18557	0.42357	0.03888	0.22807	0.01087	0.00623	0.00174	0.00307	0.00932	0.00592	0.00591
13	0.01572	0.08211	0.44446	0.01338	0.01964	0.08962	0.01517	0.02010	0.01295	0.21718	0.01257	0.01299	0.00866	0.00560	0.00511	0.00164	0.00717	0.00428	0.00353	0.00812
14	0.04403	0.01248	0.04848	0.33342	0.29325	0.01295	0.08926	0.06943	0.01266	0.01766	0.01019	0.01375	0.00793	0.00521	0.00544	0.00173	0.00700	0.00491	0.00281	0.00740
15	0.01293	0.01116	0.01052	0.00987	0.01152	0.16740	0.00734	0.09358	0.01321	0.07726	0.03812	0.27588	0.03777	0.08321	0.08146	0.00281	0.04714	0.00875	0.00431	0.00577
16	0.11811	0.17947	0.01742	0.01106	0.01511	0.04457	0.00941	0.38457	0.05044	0.04546	0.01139	0.01191	0.00862	0.00601	0.00519	0.00155	0.03451	0.00421	0.00431	0.03669
17	0.06117	0.03482	0.01411	0.07189	0.07014	0.31596	0.00956	0.09246	0.01403	0.01691	0.01130	0.06505	0.01031	0.06447	0.00660	0.00174	0.00702	0.00488	0.00331	0.12426
18	0.14154	0.10576	0.05037	0.01084	0.03598	0.13580	0.00882	0.09780	0.08855	0.07548	0.12126	0.04716	0.01608	0.00692	0.00497	0.00159	0.00550	0.00534	0.00421	0.03603

[dist]
# distance from previous block
# <min> <max>
7	17

[block]
# block no. 1 follows, 44 sequences, length 72
# corresponding to MSA columns:
# 76-147
name=unknown_B
#
# <colnr> <probs for GDERKNQSTAVLIFYWHMCP>
#	G	D	E	R	K	N	Q	S	T	A	V	L	I	F	Y	W	H	M	C	P
0	0.01393	0.03528	0.09440	0.08313	0.01678	0.08218	0.01026	0.21501	0.12933	0.02164	0.06989	0.02194	0.13688	0.00790	0.00604	0.00173	0.03581	0.00622	0.00439	0.00726
1	0.06820	0.11003	0.01300	0.00938	0.01195	0.04608	0.02515	0.03739	0.08502	0.13034	0.09196	0.02359	0.10874	0.06932	0.09037	0.00270	0.05975	0.00630	0.00431	0.00643
2	0.01446	0.01893	0.24813	0.01748	0.04136	0.09429	0.29089	0.01949	0.05722	0.10607	0.01221	0.01391	0.00884	0.00529	0.00566	0.00171	0.00791	0.00517	0.00327	0.02770
3	0.11709	0.39348	0.02091	0.01227	0.09429	0.13143	0.00954	0.01745	0.04612	0.01582	0.00887	0.01021	0.00759	0.00494	0.00404	0.00131	0.00604	0.00339	0.00281	0.09238
4	0.01589	0.05017	0.01572	0.04956	0.07388	0.14826	0.03388	0.20462	0.24730	0.02200	0.01562	0.07190	0.01281	0.00708	0.00544	0.00170	0.00613	0.00577	0.00442	0.00785
5	0.01349	0.01759	0.17072	0.01925	0.02442	0.05215	0.43125	0.08503	0.01343	0.01832	0.01044	0.01342	0.00792	0.00546	0.00724	0.00183	0.09216	0.00552	0.00288	0.00747
6	0.00753	0.00534	0.00645	0.00650	0.00713	0.00513	0.00429	0.00860	0.01084	0.01466	0.23061	0.14156	0.10999	0.36439	0.05051	0.00368	0.00440	0.00976	0.00445	0.00417
7	0.12490	0.17136	0.10110	0.01234	0.01625	0.40697	0.01075	0.06784	0.01407	0.01649	0.00862	0.00990	0.00701	0.00538	0.00451	0.00145	0.00791	0.00348	0.00291	0.00678
8	0.01304	0.01591	0.30412	0.01259	0.04988	0.00987	0.01237	0.05109	0.06736	0.15679	0.06617	0.18202	0.01798	0.00856	0.00574	0.00182	0.00562	0.00731	0.00433	0.00745
9	0.01059	0.17470	0.05006	0.01027	0.01286	0.01072	0.08633	0.07983	0.01208	0.01582	0.02015	0.30137	0.05677	0.06726	0.06410	0.00255	0.00579	0.00903	0.00389	0.00584
10	0.02407	0.00991	0.01304	0.01000	0.01423	0.00895	0.00826	0.10372	0.01666	0.69953	0.02062	0.01798	0.01305	0.00673	0.00548	0.00168	0.00478	0.00542	0.00661	0.00928
11	0.01925	0.17028	0.01970	0.01272	0.01707	0.09753	0.08594	0.34955	0.01891	0.13796	0.01258	0.01289	0.00912	0.00591	0.00512	0.00155	0.00649	0.00462	0.00449	0.00832
12	0.01328	0.07707	0.27121	0.06908	0.22820	0.09488	0.01520	0.07006	0.01327	0.01780	0.04532	0.03878	0.01057	0.00587	0.00524	0.00164	0.00704	0.00487	0.00296	0.00766
13	0.00686	0.00556	0.00614	0.00630	0.00791	0.00484	0.00482	0.00848	0.01267	0.01570	0.13650	0.10036	0.55898	0.01383	0.00659	0.00192	0.00301	0.08966	0.00517	0.00470
14	0.18065	0.01211	0.01301	0.01278	0.09375	0.04733	0.00916	0.16832	0.20987	0.02292	0.01392	0.01512	0.01089	0.00996	0.08705	0.00245	0.04242	0.00488	0.03595	0.00746
15	0.01438	0.16820	0.07446	0.01715	0.16435	0.18992	0.10278	0.01829	0.08204	0.01634	0.06014	0.04425	0.01232	0.00609	0.00518	0.00157	0.00699	0.00516	0.00320	0.00721
16	0.01114	0.01905	0.41633	0.01381	0.01916	0.01083	0.09052	0.06024	0.03230	0.04190	0.01594	0.21317	0.01504	0.00832	0.00579	0.00186	0.00660	0.00733	0.00347	0.00719
17	0.00689	0.00499	0.00657	0.00774	0.00828	0.00467	0.00545	0.00806	0.01084	0.01427	0.03172	0.65927	0.08866	0.01660	0.00699	0.00222	0.00336	0.10385	0.00506	0.00451
18	0.01626	0.01721	0.07463	0.01564	0.01906	0.19099	0.17634	0.12638	0.01430	0.07708	0.01048	0.01272	0.00816	0.00658	0.00868	0.00183	0.20820	0.00487	0.00335	0.00725
19	0.04934	0.01270	0.01722	0.17332	0.24511	0.01388	0.01276	0.26415	0.07860	0.06062	0.01252	0.01419	0.00937	0.00585	0.00536	0.00169	0.00611	0.00493	0.00402	0.00826
20	0.24416	0.00950	0.00983	0.00876	0.01166	0.01028	0.00689	0.02101	0.25413	0.16893	0.01842	0.09978	0.01485	0.00754	0.00491	0.00175	0.00405	0.00602	0.09034	0.00720
21	0.09223	0.10064	0.01724	0.04036	0.08046	0.19764	0.03427	0.28367	0.01722	0.02234	0.01058	0.01210	0.00830	0.00774	0.05026	0.00196	0.00741	0.00429	0.00374	0.00755
22	0.01185	0.00921	0.01521	0.01251	0.01529	0.00882	0.21247	0.07173	0.04181	0.10609	0.02413	0.32021	0.08049	0.01092	0.00645	0.00197	0.00529	0.03451	0.00467	0.00637
23	0.01337	0.01283	0.02191	0.06279	0.74603	0.01292	0.01667	0.01662	0.01236	0.01766	0.01023	0.01353	0.00858	0.00488	0.00540	0.00163	0.00651	0.00486	0.00269	0.00854
24	0.00663	0.00480	0.00627	0.00744	0.00787	0.00444	0.00499	0.00761	0.01059	0.01398	0.03194	0.74833	0.09136	0.01683	0.00692	0.00219	0.00313	0.01520	0.00506	0.00444
25	0.01433	0.09971	0.08023	0.01769	0.08994	0.06995	0.27871	0.14974	0.01484	0.01959	0.04469	0.01471	0.01045	0.00796	0.06108	0.00216	0.00806	0.00536	0.00332	0.00748
26	0.01201	0.02285	0.46783	0.09991	0.04483	0.06782	0.17385	0.01726	0.01204	0.01669	0.00995	0.01244	0.00729	0.00511	0.00546	0.00173	0.00830	0.00461	0.00246	0.00759
27	0.00664	0.00474	0.00633	0.00759	0.00791	0.00443	0.00506	0.00759	0.01044	0.01392	0.03005	0.80485	0.03606	0.01708	0.00696	0.00221	0.00316	0.01550	0.00506	0.00443
28	0.06613	0.02911	0.21436	0.01323	0.05083	0.10733	0.01219	0.13208	0.09204	0.20804	0.01414	0.01408	0.00992	0.00602	0.00518	0.00166	0.00641	0.00463	0.00435	0.00827
29	0.01251	0.01335	0.10129	0.33572	0.20352	0.01243	0.15934	0.01643	0.01200	0.06496	0.01085	0.01427	0.00814	0.00520	0.00560	0.00176	0.00737	0.00511	0.00282	0.00732
30	0.00764	0.00497	0.00600	0.00671	0.00736	0.00475	0.00458	0.00895	0.01055	0.01519	0.02728	0.46161	0.08377	0.08765	0.03258	0.00244	0.00354	0.01166	0.20825	0.00451
31	0.01663	0.00827	0.01066	0.00874	0.01167	0.00768	0.00699	0.09649	0.01659	0.36379	0.35356	0.02782	0.02989	0.00868	0.00590	0.00169	0.00387	0.00736	0.00628	0.00744
32	0.01212	0.01156	0.01966	0.35954	0.45901	0.01259	0.01605	0.01553	0.01177	0.01615	0.01001	0.01394	0.00805	0.00511	0.00542	0.00170	0.00682	0.00485	0.00258	0.00753
33	0.01254	0.01323	0.02640	0.10707	0.24986	0.01303	0.42189	0.01650	0.01233	0.01696	0.01083	0.01465	0.00853	0.00649	0.04317	0.00210	0.00844	0.00577	0.00271	0.00748
34	0.01259	0.01093	0.01711	0.28936	0.32425	0.01194	0.01377	0.09328	0.01319	0.01843	0.01200	0.01667	0.00982	0.00585	0.00535	0.00169	0.00621	0.03740	0.09289	0.00727
35	0.52591	0.01238	0.01126	0.00926	0.01302	0.01405	0.00764	0.30362	0.01563	0.02831	0.00973	0.01050	0.00721	0.00564	0.00418	0.00167	0.00491	0.00371	0.00418	0.00721
36	0.00651	0.00528	0.00578	0.00618	0.00754	0.00455	0.00443	0.00775	0.01180	0.01447	0.04724	0.29108	0.53872	0.01485	0.00661	0.00196	0.00289	0.01277	0.00506	0.00455
37	0.00784	0.00562	0.00764	0.00764	0.00823	0.00621	0.00542	0.00902	0.00843	0.01183	0.01563	0.02710	0.01609	0.34651	0.48455	0.00738	0.01089	0.00667	0.00307	0.00424
38	0.01529	0.01670	0.01312	0.10772	0.01679	0.37819	0.00947	0.09474	0.01537	0.01723	0.14802	0.11005	0.01865	0.00804	0.00555	0.00163	0.00703	0.00637	0.00388	0.00617
39	0.01458	0.81168	0.02857	0.00933	0.01399	0.02157	0.00933	0.01632	0.01108	0.01283	0.00758	0.00875	0.00700	0.00466	0.00350	0.00117	0.00583	0.00292	0.00233	0.00700
40	0.01487	0.01622	0.01862	0.15046	0.34859	0.24539	0.01412	0.01742	0.01266	0.01535	0.00930	0.01240	0.00778	0.00566	0.00654	0.00167	0.08861	0.00444	0.00265	0.00724
41	0.01485	0.01235	0.01305	0.01135	0.01467	0.01416	0.00894	0.15945	0.63197	0.02488	0.02056	0.01904	0.01532	0.00724	0.00553	0.00181	0.00462	0.00594	0.00553	0.00874
42	0.02006	0.09886	0.04122	0.01287	0.04987	0.08845	0.03955	0.29255	0.01836	0.25224	0.01449	0.02364	0.01027	0.00625	0.00525	0.00160	0.00612	0.00490	0.00493	0.00855
43	0.01311	0.01646	0.19461	0.05313	0.07643	0.01351	0.27751	0.07001	0.01272	0.05250	0.01128	0.03888	0.00898	0.00618	0.00769	0.00187	0.12905	0.00559	0.00303	0.00747
44	0.00741	0.00594	0.00624	0.00622	0.00804	0.00526	0.00463	0.00968	0.06114	0.03571	0.04951	0.12902	0.62487	0.01355	0.00641	0.00188	0.00296	0.01142	0.00514	0.00497
45	0.01248	0.02341	0.45720	0.01713	0.02340	0.09506	0.19991	0.01748	0.01202	0.01659	0.00975	0.01215	0.00727	0.00541	0.00642	0.00177	0.06790	0.00462	0.00247	0.00754
46	0.01188	0.11193	0.36391	0.12155	0.02313	0.03873	0.10516	0.01626	0.01133	0.01587	0.00965	0.01232	0.00743	0.00561	0.00646	0.00173	0.09124	0.00440	0.03422	0.00719
47	0.00664	0.00474	0.00633	0.00759	0.00791	0.00443	0.00506	0.00759	0.01044	0.01392	0.03005	0.80485	0.03606	0.01708	0.00696	0.00221	0.00316	0.01550	0.00506	0.00443
48	0.01281	0.01106	0.01161	0.01051	0.01346	0.01261	0.00815	0.02673	0.68502	0.02195	0.02568	0.02374	0.09653	0.00807	0.00564	0.00185	0.00415	0.00673	0.00550	0.00820
49	0.06658	0.01335	0.10535	0.01056	0.01336	0.12625	0.00913	0.11972	0.01276	0.05195	0.01301	0.01787	0.01136	0.10499	0.29460	0.00463	0.00973	0.00516	0.00343	0.00620
50	0.01190	0.17032	0.52858	0.01552	0.02257	0.01447	0.12938	0.01712	0.01164	0.01648	0.00957	0.01149	0.00713	0.00500	0.00506	0.00164	0.00782	0.00419	0.00238	0.00776
51	0.00692	0.00554	0.00619	0.00603	0.00766	0.00481	0.00452	0.00875	0.01356	0.01742	0.32580	0.04803	0.49993	0.01280	0.00644	0.00179	0.00269	0.01088	0.00542	0.00481
52	0.01315	0.01260	0.02151	0.11539	0.69516	0.01286	0.01656	0.01643	0.01225	0.01739	0.01019	0.01361	0.00849	0.00492	0.00540	0.00164	0.00656	0.00486	0.00267	0.00836
53	0.05204	0.04996	0.07223	0.02292	0.28997	0.01400	0.24376	0.09501	0.07017	0.01985	0.01142	0.01379	0.00888	0.00516	0.00555	0.00170	0.00708	0.00522	0.00321	0.00807
54	0.01482	0.09641	0.01379	0.01014	0.01348	0.04737	0.00823	0.23533	0.22982	0.05194	0.02468	0.03635	0.17803	0.00831	0.00549	0.00169	0.00487	0.00663	0.00499	0.00762
55	0.00663	0.00539	0.00588	0.00605	0.00756	0.00464	0.00443	0.00808	0.01244	0.01546	0.13866	0.18492	0.55272	0.01406	0.00653	0.00189	0.00281	0.01201	0.00518	0.00464
56	0.01505	0.01362	0.01309	0.01157	0.01475	0.09703	0.00902	0.10509	0.60587	0.02301	0.01975	0.01844	0.01483	0.00712	0.00547	0.00178	0.00509	0.00575	0.00524	0.00845
57	0.01354	0.34569	0.15720	0.01045	0.01475	0.04989	0.01045	0.01692	0.04906	0.08457	0.09807	0.01573	0.01382	0.00964	0.08620	0.00221	0.00678	0.00464	0.00339	0.00701
58	0.01368	0.00785	0.00962	0.00872	0.01104	0.00761	0.00665	0.06921	0.11244	0.23427	0.09197	0.27717	0.10436	0.01127	0.00615	0.00189	0.00384	0.00977	0.00571	0.00678
59	0.01808	0.01862	0.01457	0.01268	0.01593	0.34502	0.00983	0.18913	0.27819	0.02135	0.01426	0.01422	0.01087	0.00644	0.00526	0.00161	0.00705	0.00475	0.00435	0.00779
60	0.01699	0.02005	0.09468	0.01244	0.01570	0.39941	0.01041	0.13442	0.04422	0.01825	0.01268	0.03437	0.02989	0.00652	0.00543	0.00154	0.03280	0.00464	0.09875	0.00680
61	0.01517	0.09387	0.04893	0.12734	0.23520	0.11788	0.01290	0.16137	0.06830	0.01954	0.01121	0.01331	0.00888	0.00690	0.03453	0.00187	0.00709	0.00459	0.00337	0.00776
62	0.00694	0.00539	0.00634	0.00680	0.00793	0.00489	0.00483	0.00875	0.03598	0.01564	0.14455	0.37931	0.32363	0.01466	0.00664	0.00199	0.00296	0.01285	0.00521	0.00473
63	0.01356	0.59290	0.23844	0.01106	0.01667	0.01908	0.01235	0.01659	0.01120	0.01407	0.00819	0.00952	0.00697	0.00481	0.00397	0.00132	0.00645	0.00323	0.00232	0.00729
64	0.02691	0.00999	0.01149	0.00997	0.01275	0.01072	0.00785	0.16538	0.22825	0.14557	0.05934	0.12085	0.07390	0.01120	0.05684	0.00228	0.02639	0.00745	0.00536	0.00751
65	0.00692	0.00486	0.00624	0.00724	0.00749	0.00461	0.00468	0.00766	0.00990	0.01320	0.02729	0.64003	0.03258	0.18664	0.01141	0.00287	0.00362	0.01388	0.00468	0.00419
66	0.01238	0.04866	0.34204	0.01369	0.01907	0.01208	0.10462	0.09533	0.07853	0.04445	0.14617	0.02878	0.01661	0.00668	0.00558	0.00172	0.00643	0.00579	0.00380	0.00758
67	0.01428	0.01444	0.05352	0.02126	0.22437	0.05084	0.22779	0.06658	0.12714	0.04776	0.01249	0.01464	0.00968	0.00585	0.00691	0.00179	0.08386	0.00543	0.00344	0.00793
68	0.01232	0.00993	0.01328	0.15019	0.07503	0.04499	0.01023	0.09209	0.01236	0.07386	0.01547	0.04513	0.04334	0.01709	0.22238	0.00379	0.10568	0.04293	0.00357	0.00635
69	0.06453	0.01026	0.01071	0.00937	0.01218	0.09049	0.00735	0.03809	0.11618	0.26970	0.13506	0.09521	0.07546	0.00899	0.00572	0.00177	0.00459	0.03170	0.00550	0.00715
70	0.01463	0.01333	0.05247	0.05601	0.16163	0.14075	0.10054	0.01744	0.01267	0.12706	0.01324	0.01576	0.01030	0.01070	0.11857	0.00262	0.00788	0.00504	0.11235	0.00702
71	0.04989	0.05927	0.01971	0.01481	0.01891	0.24227	0.18005	0.24526	0.04156	0.05901	0.01146	0.01261	0.00858	0.00571	0.00534	0.00160	0.00766	0.00474	0.00388	0.00770

[dist]
# distance from previous block
# <min> <max>
1	5

[block]
# block no. 2 follows, 44 sequences, length 54
# corresponding to MSA columns:
# 153-206
name=unknown_C
#
# <colnr> <probs for GDERKNQSTAVLIFYWHMCP>
#	G	D	E	R	K	N	Q	S	T	A	V	L	I	F	Y	W	H	M	C	P
0	0.27033	0.00908	0.00865	0.00789	0.00989	0.04294	0.00612	0.04634	0.01105	0.01792	0.03596	0.02707	0.23903	0.11264	0.04871	0.00261	0.08792	0.00672	0.00386	0.00530
1	0.17436	0.04773	0.01515	0.22572	0.07210	0.08384	0.01096	0.22700	0.01554	0.02233	0.04774	0.01358	0.00982	0.00591	0.00497	0.00166	0.00621	0.00455	0.00370	0.00714
2	0.01828	0.02156	0.04743	0.01314	0.01617	0.52111	0.01040	0.13866	0.01600	0.01681	0.01009	0.01203	0.00829	0.01063	0.11314	0.00247	0.00980	0.00408	0.00323	0.00667
3	0.16880	0.04394	0.18598	0.01126	0.05306	0.04364	0.01029	0.01496	0.01090	0.01789	0.02056	0.01265	0.00872	0.00982	0.11254	0.00237	0.00686	0.00390	0.00296	0.25890
4	0.01369	0.04782	0.02657	0.01914	0.02316	0.01435	0.47707	0.01712	0.01191	0.08055	0.01082	0.01409	0.00839	0.00599	0.00904	0.00193	0.20243	0.00579	0.00299	0.00716
5	0.13272	0.01236	0.01291	0.01067	0.01413	0.01371	0.00870	0.42495	0.11305	0.02844	0.01553	0.04650	0.01259	0.00740	0.00524	0.00172	0.00509	0.05488	0.07149	0.00792
6	0.01322	0.01295	0.01901	0.32608	0.38395	0.08106	0.01525	0.05313	0.01276	0.01674	0.01002	0.01355	0.00799	0.00524	0.00538	0.00168	0.00706	0.00474	0.00274	0.00746
7	0.01239	0.01229	0.02139	0.01864	0.11655	0.01244	0.33110	0.01977	0.25008	0.01875	0.01683	0.11500	0.01443	0.00707	0.00609	0.00186	0.00655	0.00728	0.00392	0.00755
8	0.01193	0.01193	0.01670	0.01431	0.01431	0.01670	0.01193	0.01312	0.00835	0.01312	0.00716	0.01193	0.00716	0.00954	0.01789	0.00239	0.79843	0.00477	0.00239	0.00596
9	0.00761	0.00595	0.00823	0.00823	0.00927	0.00657	0.00632	0.00934	0.00980	0.01346	0.04500	0.10186	0.16280	0.03111	0.50461	0.00631	0.04718	0.00791	0.00360	0.00483
10	0.01467	0.28081	0.13356	0.01105	0.01522	0.15550	0.01052	0.06451	0.04690	0.05486	0.05473	0.01821	0.06830	0.00680	0.00490	0.00153	0.00634	0.04109	0.00351	0.00699
11	0.01887	0.02026	0.01453	0.01286	0.01597	0.46848	0.00986	0.08610	0.21334	0.06638	0.01328	0.01343	0.01016	0.00624	0.00516	0.00156	0.00773	0.00445	0.00400	0.00737
12	0.00731	0.00567	0.00679	0.00724	0.00869	0.00515	0.00574	0.00912	0.01260	0.01594	0.12757	0.13260	0.39032	0.01422	0.00682	0.00207	0.00346	0.22877	0.00516	0.00477
13	0.00771	0.00623	0.00696	0.00681	0.00849	0.00586	0.00508	0.01114	0.10743	0.01765	0.24911	0.12394	0.39838	0.01260	0.00638	0.00185	0.00295	0.01079	0.00539	0.00524
14	0.07162	0.12457	0.19896	0.01099	0.01542	0.01324	0.01077	0.22037	0.01496	0.09620	0.01274	0.01643	0.01048	0.14980	0.00898	0.00226	0.00609	0.00489	0.00387	0.00737
15	0.01460	0.01174	0.01513	0.01236	0.01567	0.01262	0.10386	0.30127	0.17048	0.02498	0.09446	0.05885	0.01832	0.00990	0.04542	0.00218	0.00593	0.06958	0.00500	0.00766
16	0.00664	0.00474	0.00633	0.00759	0.00791	0.00443	0.00506	0.00759	0.01044	0.01392	0.03005	0.80485	0.03606	0.01708	0.00696	0.00221	0.00316	0.01550	0.00506	0.00443
17	0.01251	0.01195	0.02036	0.26709	0.54844	0.01270	0.01624	0.01587	0.01195	0.01662	0.01008	0.01381	0.00822	0.00504	0.00541	0.00168	0.00672	0.00485	0.00261	0.00784
18	0.08978	0.01853	0.01514	0.01550	0.13006	0.37771	0.01056	0.05917	0.13935	0.07461	0.01213	0.01286	0.00936	0.00588	0.00503	0.00157	0.00734	0.00432	0.00372	0.00739
19	0.01187	0.08022	0.07912	0.41531	0.11078	0.01336	0.12327	0.05256	0.01215	0.01606	0.01042	0.03200	0.00828	0.00550	0.00544	0.00174	0.00724	0.00510	0.00270	0.00688
20	0.00709	0.00517	0.00665	0.00750	0.00823	0.00483	0.00538	0.00844	0.01139	0.01504	0.11231	0.48491	0.13015	0.05572	0.00797	0.00231	0.00341	0.11387	0.00507	0.00455
21	0.00769	0.00515	0.00626	0.00664	0.00708	0.00505	0.00432	0.00864	0.00994	0.01393	0.09242	0.28531	0.03888	0.33426	0.06024	0.00368	0.00455	0.01022	0.09162	0.00414
22	0.01419	0.44947	0.27196	0.01192	0.01751	0.08314	0.01301	0.05447	0.01232	0.01541	0.00865	0.00996	0.00708	0.00501	0.00427	0.00139	0.00690	0.00343	0.00252	0.00740
23	0.00847	0.00593	0.00739	0.00784	0.04624	0.00553	0.00506	0.00982	0.01176	0.05078	0.23233	0.11921	0.18679	0.26378	0.01313	0.00292	0.00382	0.00973	0.00472	0.00474
24	0.01356	0.01171	0.01233	0.01109	0.01418	0.01356	0.00863	0.02897	0.76455	0.02281	0.02219	0.02034	0.01664	0.00740	0.00555	0.00185	0.00431	0.00616	0.00555	0.00863
25	0.01418	0.01447	0.02080	0.08762	0.61713	0.11741	0.01578	0.01720	0.01271	0.01692	0.00997	0.01308	0.00832	0.00500	0.00534	0.00160	0.00699	0.00467	0.00269	0.00813
26	0.06734	0.10538	0.18435	0.02004	0.29507	0.01448	0.01427	0.13395	0.07757	0.02058	0.01114	0.01275	0.00868	0.00540	0.00503	0.00162	0.00634	0.00446	0.00329	0.00825
27	0.00770	0.00519	0.00601	0.00624	0.00630	0.00513	0.00362	0.00787	0.00838	0.01117	0.01948	0.17343	0.02273	0.66669	0.02403	0.00474	0.00491	0.00928	0.00362	0.00350
28	0.01329	0.01275	0.02176	0.08204	0.72741	0.01290	0.01663	0.01655	0.01232	0.01756	0.01022	0.01356	0.00855	0.00490	0.00540	0.00163	0.00653	0.00486	0.00268	0.00847
29	0.01411	0.71173	0.12445	0.01012	0.01522	0.02044	0.01071	0.01644	0.01113	0.01339	0.00786	0.00910	0.00698	0.00473	0.00371	0.00124	0.00611	0.00306	0.00233	0.00713
30	0.01161	0.00757	0.00900	0.00811	0.01037	0.00745	0.00625	0.01680	0.18860	0.14785	0.30733	0.06976	0.16660	0.01029	0.00609	0.00179	0.00339	0.00882	0.00581	0.00652
31	0.00664	0.00474	0.00633	0.00759	0.00791	0.00443	0.00506	0.00759	0.01044	0.01392	0.03005	0.80485	0.03606	0.01708	0.00696	0.00221	0.00316	0.01550	0.00506	0.00443
32	0.01112	0.01104	0.01869	0.01522	0.01711	0.01291	0.22284	0.01384	0.03150	0.01489	0.01305	0.08599	0.01271	0.01241	0.09308	0.00288	0.34094	0.06060	0.00306	0.00612
33	0.00981	0.00966	0.01692	0.01572	0.12058	0.00926	0.24225	0.01258	0.02310	0.01591	0.02782	0.17480	0.24381	0.01001	0.00687	0.00190	0.03959	0.00938	0.00390	0.00611
34	0.01030	0.00969	0.01635	0.79530	0.03755	0.01211	0.01514	0.01393	0.01090	0.01393	0.00969	0.01453	0.00727	0.00545	0.00545	0.00182	0.00727	0.00484	0.00242	0.00606
35	0.01866	0.01220	0.01369	0.01119	0.01497	0.01317	0.00902	0.25820	0.33601	0.22312	0.01914	0.01758	0.01349	0.00696	0.00550	0.00174	0.00493	0.00559	0.00583	0.00900
36	0.01153	0.02406	0.55078	0.01782	0.02510	0.01301	0.24537	0.01733	0.01193	0.01733	0.01017	0.01249	0.00732	0.00500	0.00556	0.00176	0.00840	0.00477	0.00244	0.00784
37	0.01181	0.01212	0.01198	0.01075	0.01225	0.15691	0.00847	0.01492	0.09812	0.01598	0.13806	0.02613	0.18853	0.00977	0.00967	0.00191	0.25572	0.00701	0.00399	0.00590
38	0.00765	0.00582	0.00726	0.00803	0.00941	0.00543	0.00659	0.00956	0.01229	0.01545	0.03928	0.13399	0.32121	0.01478	0.00705	0.00222	0.00395	0.38020	0.00504	0.00480
39	0.01166	0.01127	0.01985	0.02466	0.43721	0.01097	0.14850	0.01466	0.01228	0.01692	0.01817	0.10810	0.09264	0.00758	0.00597	0.00179	0.00615	0.04096	0.00333	0.00734
40	0.01255	0.01575	0.15606	0.10541	0.36630	0.01304	0.21718	0.01674	0.01222	0.01722	0.01033	0.01358	0.00810	0.00490	0.00565	0.00172	0.00757	0.00514	0.00262	0.00792
41	0.01287	0.01471	0.03217	0.02298	0.02849	0.01379	0.75460	0.01746	0.01287	0.01746	0.01103	0.01471	0.00827	0.00460	0.00643	0.00184	0.00919	0.00643	0.00276	0.00735
42	0.01119	0.27712	0.29041	0.01102	0.01583	0.01329	0.01216	0.01483	0.01238	0.01683	0.19067	0.02149	0.01941	0.00721	0.00511	0.00160	0.00579	0.06347	0.00340	0.00678
43	0.01676	0.01927	0.08045	0.05495	0.05431	0.38068	0.01088	0.13564	0.01519	0.01707	0.03777	0.01300	0.00944	0.00773	0.00740	0.11767	0.00779	0.00432	0.00322	0.00645
44	0.01030	0.00969	0.01635	0.79530	0.03755	0.01211	0.01514	0.01393	0.01090	0.01393	0.00969	0.01453	0.00727	0.00545	0.00545	0.00182	0.00727	0.00484	0.00242	0.00606
45	0.01030	0.00969	0.01635	0.79530	0.03755	0.01211	0.01514	0.01393	0.01090	0.01393	0.00969	0.01453	0.00727	0.00545	0.00545	0.00182	0.00727	0.00484	0.00242	0.00606
46	0.01623	0.01838	0.02022	0.02474	0.40741	0.32710	0.07298	0.01884	0.01368	0.01597	0.00957	0.01210	0.00795	0.00515	0.00528	0.00155	0.00805	0.00444	0.00275	0.00759
47	0.00771	0.00551	0.00755	0.00881	0.00960	0.00535	0.00692	0.00944	0.01149	0.01511	0.02946	0.43364	0.03372	0.01607	0.00724	0.00236	0.00409	0.37614	0.00504	0.00472
48	0.00779	0.00584	0.00876	0.00876	0.00974	0.00681	0.00681	0.00974	0.00876	0.01266	0.01460	0.02142	0.01363	0.04089	0.78680	0.00876	0.01460	0.00584	0.00292	0.00487
49	0.02013	0.01451	0.01568	0.01221	0.01642	0.01600	0.01003	0.63001	0.10948	0.07697	0.01463	0.01424	0.01036	0.00665	0.00547	0.00166	0.00573	0.00509	0.00554	0.00920
50	0.00959	0.00798	0.01018	0.00926	0.01035	0.04157	0.04108	0.03166	0.00998	0.01387	0.01743	0.02504	0.07778	0.21089	0.28172	0.00505	0.11536	0.00652	0.06974	0.00494
51	0.10042	0.01372	0.01266	0.05053	0.01527	0.13586	0.00888	0.12756	0.34828	0.03917	0.03185	0.01848	0.05987	0.00710	0.00528	0.00172	0.00545	0.00555	0.00472	0.00765
52	0.21513	0.22426	0.04977	0.01030	0.01442	0.02767	0.00915	0.26084	0.07577	0.02373	0.01135	0.03519	0.00913	0.00601	0.00447	0.00156	0.00545	0.00428	0.00395	0.00757
53	0.01427	0.07408	0.03482	0.01112	0.01381	0.24084	0.00883	0.07435	0.20031	0.01764	0.01915	0.17089	0.04709	0.00902	0.00559	0.00175	0.00604	0.03944	0.00426	0.00672

[dist]
# distance from previous block
# <min> <max>
24	64

[block]
# block no. 3 follows, 44 sequences, length 65
# corresponding to MSA columns:
# 271-335
name=unknown_D
#
# <colnr> <probs for GDERKNQSTAVLIFYWHMCP>
#	G	D	E	R	K	N	Q	S	T	A	V	L	I	F	Y	W	H	M	C	P
0	0.05740	0.01216	0.03099	0.22093	0.19096	0.01282	0.07018	0.15378	0.06245	0.08939	0.03704	0.01529	0.01054	0.00585	0.00545	0.00172	0.00629	0.00518	0.00382	0.00778
1	0.01639	0.01367	0.01464	0.01226	0.02834	0.07408	0.02927	0.35271	0.16441	0.02462	0.01435	0.01690	0.01159	0.09876	0.02326	0.00226	0.06964	0.00540	0.00457	0.02286
2	0.01584	0.01111	0.01266	0.01040	0.01348	0.01192	0.00834	0.40352	0.04843	0.07888	0.18238	0.07650	0.02136	0.01101	0.06636	0.00226	0.00555	0.00691	0.00544	0.00765
3	0.00729	0.00572	0.00757	0.00757	0.00886	0.00600	0.00583	0.00903	0.01011	0.01342	0.02958	0.03286	0.29320	0.03091	0.49919	0.00621	0.01024	0.00793	0.00371	0.00477
4	0.01793	0.00864	0.01101	0.00930	0.01230	0.00808	0.00731	0.12384	0.01539	0.41573	0.02437	0.24648	0.05525	0.01004	0.00595	0.00184	0.00432	0.00858	0.00600	0.00766
5	0.01342	0.16526	0.02280	0.07013	0.01981	0.09491	0.20383	0.01579	0.01094	0.01427	0.00855	0.01201	0.00741	0.00665	0.01001	0.00187	0.30854	0.00473	0.00252	0.00656
6	0.02228	0.01277	0.01482	0.01136	0.01566	0.01320	0.00938	0.45232	0.02146	0.34415	0.01660	0.01537	0.01103	0.00663	0.00547	0.00166	0.00543	0.00515	0.00599	0.00927
7	0.01093	0.01033	0.01749	0.64528	0.18265	0.01228	0.01545	0.01448	0.01120	0.01469	0.00980	0.01433	0.00754	0.00533	0.00544	0.00178	0.00711	0.00485	0.00248	0.00656
8	0.02242	0.01084	0.06280	0.01105	0.01556	0.00871	0.06662	0.02500	0.01513	0.65802	0.03270	0.01819	0.01332	0.00656	0.00555	0.00170	0.00517	0.00554	0.00614	0.00898
9	0.01216	0.29150	0.52758	0.01345	0.02037	0.01566	0.01651	0.01695	0.01136	0.01577	0.00904	0.01058	0.00694	0.00501	0.00461	0.00154	0.00731	0.00365	0.00231	0.00770
10	0.02446	0.00928	0.01265	0.00970	0.01392	0.00801	0.00801	0.02657	0.01560	0.77817	0.02151	0.01856	0.01350	0.00675	0.00548	0.00169	0.00464	0.00548	0.00675	0.00928
11	0.00765	0.00561	0.00732	0.00791	0.00904	0.00528	0.00621	0.00967	0.01290	0.01718	0.25222	0.22322	0.14284	0.01419	0.00692	0.00211	0.00356	0.25597	0.00533	0.00486
12	0.01462	0.02094	0.49687	0.01317	0.01958	0.01073	0.01545	0.01943	0.01301	0.23906	0.07226	0.01583	0.01228	0.00610	0.00536	0.00171	0.00664	0.00490	0.00388	0.00819
13	0.02037	0.02598	0.01545	0.01404	0.01685	0.78652	0.01053	0.02177	0.01545	0.01334	0.00843	0.00983	0.00702	0.00562	0.00492	0.00140	0.00983	0.00351	0.00281	0.00632
14	0.00724	0.00555	0.00663	0.00636	0.00785	0.00494	0.00477	0.00937	0.01431	0.01919	0.50337	0.04512	0.32126	0.01214	0.00644	0.00176	0.00264	0.01048	0.00565	0.00494
15	0.01287	0.01471	0.03217	0.02298	0.02849	0.01379	0.75460	0.01746	0.01287	0.01746	0.01103	0.01471	0.00827	0.00460	0.00643	0.00184	0.00919	0.00643	0.00276	0.00735
16	0.01136	0.01080	0.01818	0.52569	0.26850	0.01255	0.01552	0.01478	0.01128	0.01512	0.00977	0.01411	0.00769	0.00542	0.00591	0.00178	0.03732	0.00485	0.00251	0.00686
17	0.01392	0.00701	0.00931	0.00817	0.01057	0.00629	0.00654	0.01622	0.01495	0.29945	0.35821	0.03578	0.08774	0.01016	0.00621	0.00180	0.00363	0.09132	0.00610	0.00661
18	0.00644	0.00552	0.00552	0.00552	0.00736	0.00460	0.00414	0.00782	0.01243	0.01473	0.05523	0.05247	0.77218	0.01381	0.00644	0.00184	0.00276	0.01151	0.00506	0.00460
19	0.70851	0.01051	0.00868	0.00764	0.01084	0.01206	0.00621	0.08115	0.01056	0.02418	0.00823	0.00983	0.00648	0.00627	0.00495	0.06679	0.00442	0.00326	0.00348	0.00593
20	0.01304	0.48141	0.34539	0.01195	0.01804	0.01782	0.01389	0.01672	0.01126	0.01470	0.00851	0.00991	0.00696	0.00488	0.00421	0.00140	0.00677	0.00338	0.00232	0.00744
21	0.00664	0.00474	0.00633	0.00759	0.00791	0.00443	0.00506	0.00759	0.01044	0.01392	0.03005	0.80485	0.03606	0.01708	0.00696	0.00221	0.00316	0.01550	0.00506	0.00443
22	0.02145	0.01068	0.01310	0.01042	0.01440	0.01053	0.00848	0.13001	0.18743	0.50140	0.02048	0.01819	0.01362	0.00687	0.00549	0.00172	0.00476	0.00556	0.00629	0.00913
23	0.01363	0.01430	0.02780	0.02031	0.02509	0.01430	0.56306	0.09133	0.07562	0.01925	0.01186	0.01480	0.00897	0.00539	0.00713	0.00186	0.06839	0.00613	0.00323	0.00754
24	0.00723	0.00578	0.00662	0.00704	0.00868	0.00516	0.00570	0.00899	0.01247	0.01526	0.04637	0.05550	0.52323	0.01423	0.00681	0.00207	0.00352	0.25555	0.00505	0.00474
25	0.00793	0.00529	0.00595	0.00595	0.00595	0.00529	0.00330	0.00793	0.00793	0.01057	0.01718	0.03568	0.01982	0.80840	0.02775	0.00529	0.00529	0.00793	0.00330	0.00330
26	0.01345	0.01558	0.03087	0.02229	0.02759	0.07370	0.69690	0.01780	0.01307	0.01714	0.01083	0.01433	0.00818	0.00467	0.00632	0.00180	0.00924	0.00621	0.00276	0.00727
27	0.01228	0.01172	0.01994	0.32170	0.49562	0.01264	0.01613	0.01567	0.01184	0.01634	0.01004	0.01389	0.00812	0.00508	0.00542	0.00169	0.00678	0.00485	0.00259	0.00766
28	0.00776	0.00560	0.00734	0.00698	0.00826	0.00519	0.00528	0.01033	0.01532	0.02166	0.74386	0.04150	0.05069	0.01129	0.00647	0.00174	0.00266	0.03696	0.00596	0.00514
29	0.02129	0.00999	0.01256	0.01011	0.01399	0.00963	0.00819	0.02727	0.23356	0.55834	0.02171	0.01908	0.01441	0.00694	0.00550	0.00173	0.00454	0.00568	0.00640	0.00909
30	0.10917	0.01166	0.01339	0.01148	0.01486	0.01307	0.06612	0.02645	0.57264	0.07054	0.01962	0.01848	0.01457	0.00687	0.00536	0.00182	0.00470	0.00578	0.00516	0.00826
31	0.00841	0.00605	0.00854	0.00959	0.01071	0.00618	0.00810	0.01067	0.01172	0.01548	0.02663	0.12777	0.02891	0.01952	0.13594	0.00351	0.00642	0.54624	0.00468	0.00494
32	0.00749	0.00556	0.00697	0.00662	0.00800	0.00505	0.00496	0.00984	0.01489	0.02057	0.64157	0.04285	0.18219	0.01163	0.00643	0.00174	0.00261	0.01016	0.00583	0.00505
33	0.01528	0.01168	0.01268	0.01094	0.01421	0.01309	0.00863	0.14380	0.53464	0.08973	0.06794	0.02031	0.01739	0.00744	0.00558	0.00179	0.00450	0.00614	0.00566	0.00857
34	0.01253	0.01520	0.08708	0.02067	0.02528	0.01428	0.54933	0.01658	0.01186	0.01658	0.01016	0.01390	0.00794	0.00563	0.00862	0.00194	0.16672	0.00592	0.00265	0.00713
35	0.01287	0.01471	0.03217	0.02298	0.02849	0.01379	0.75460	0.01746	0.01287	0.01746	0.01103	0.01471	0.00827	0.00460	0.00643	0.00184	0.00919	0.00643	0.00276	0.00735
36	0.01373	0.63055	0.20232	0.01076	0.01621	0.01951	0.01183	0.01654	0.01118	0.01385	0.00809	0.00938	0.00698	0.00478	0.00389	0.00130	0.00635	0.00317	0.00233	0.00724
37	0.01081	0.02621	0.70432	0.01527	0.02275	0.01219	0.03500	0.01681	0.01162	0.01720	0.01129	0.01545	0.00883	0.00593	0.00539	0.00179	0.00785	0.06097	0.00252	0.00781
38	0.00879	0.00628	0.00879	0.01004	0.01130	0.00628	0.00879	0.01130	0.01255	0.01632	0.02887	0.06150	0.03138	0.01506	0.00753	0.00251	0.00502	0.73770	0.00502	0.00502
39	0.00644	0.00552	0.00552	0.00552	0.00736	0.00460	0.00414	0.00782	0.01243	0.01473	0.05523	0.05247	0.77218	0.01381	0.00644	0.00184	0.00276	0.01151	0.00506	0.00460
40	0.01354	0.01481	0.02623	0.09218	0.25103	0.08610	0.40007	0.01734	0.01280	0.01687	0.01044	0.01387	0.00818	0.00484	0.00590	0.00173	0.00827	0.00555	0.00272	0.00753
41	0.01030	0.00969	0.01635	0.79530	0.03755	0.01211	0.01514	0.01393	0.01090	0.01393	0.00969	0.01453	0.00727	0.00545	0.00545	0.00182	0.00727	0.00484	0.00242	0.00606
42	0.00644	0.00552	0.00552	0.00552	0.00736	0.00460	0.00414	0.00782	0.01243	0.01473	0.05523	0.05247	0.77218	0.01381	0.00644	0.00184	0.00276	0.01151	0.00506	0.00460
43	0.01458	0.81168	0.02857	0.00933	0.01399	0.02157	0.00933	0.01632	0.01108	0.01283	0.00758	0.00875	0.00700	0.00466	0.00350	0.00117	0.00583	0.00292	0.00233	0.00700
44	0.01367	0.01987	0.42047	0.01484	0.02092	0.01126	0.14941	0.01825	0.01223	0.16651	0.01301	0.01575	0.00967	0.08096	0.00759	0.00207	0.00733	0.00512	0.00335	0.00772
45	0.01429	0.75093	0.08684	0.00981	0.01474	0.02088	0.01017	0.01640	0.01111	0.01317	0.00775	0.00896	0.00699	0.00470	0.00363	0.00121	0.00600	0.00300	0.00233	0.00708
46	0.00913	0.00771	0.00819	0.00788	0.00997	0.00790	0.00594	0.01566	0.28946	0.01782	0.06148	0.13592	0.37837	0.01178	0.00618	0.00189	0.00338	0.00999	0.00527	0.00608
47	0.01386	0.51811	0.22123	0.01120	0.01662	0.01851	0.01213	0.05218	0.06234	0.01565	0.00939	0.01044	0.00773	0.00507	0.00416	0.00138	0.00631	0.00351	0.00269	0.00749
48	0.01126	0.04202	0.07877	0.00947	0.01233	0.11355	0.00802	0.03455	0.19480	0.01803	0.12681	0.06004	0.24946	0.00965	0.00579	0.00174	0.00474	0.00793	0.00466	0.00638
49	0.01991	0.01486	0.01590	0.01238	0.01660	0.01653	0.01016	0.67334	0.10984	0.03304	0.01413	0.01392	0.01011	0.00664	0.00546	0.00166	0.00581	0.00505	0.00546	0.00920
50	0.00714	0.00513	0.00663	0.00762	0.00819	0.00485	0.00538	0.00830	0.01075	0.01416	0.04674	0.52353	0.09088	0.10656	0.00937	0.00257	0.00366	0.12925	0.00487	0.00442
51	0.01515	0.13151	0.02990	0.01151	0.01458	0.11299	0.00957	0.19788	0.17510	0.02032	0.01333	0.01487	0.01074	0.01237	0.13839	0.00285	0.07278	0.00484	0.00394	0.00738
52	0.01953	0.02459	0.01557	0.01407	0.01660	0.71018	0.01067	0.02091	0.01475	0.01332	0.00830	0.01004	0.00704	0.00601	0.00620	0.00150	0.08803	0.00364	0.00277	0.00628
53	0.00931	0.00760	0.00849	0.00795	0.00996	0.00781	0.00605	0.01584	0.26625	0.02008	0.31029	0.05745	0.23007	0.01075	0.00615	0.00181	0.00322	0.00920	0.00558	0.00615
54	0.01045	0.01181	0.10289	0.41503	0.18645	0.01114	0.01432	0.01396	0.01154	0.01529	0.01680	0.02045	0.11835	0.00671	0.00560	0.00178	0.00649	0.02142	0.00290	0.00660
55	0.01355	0.01981	0.34986	0.07551	0.02190	0.01420	0.07628	0.18573	0.06193	0.02080	0.01112	0.01297	0.00823	0.00610	0.00684	0.00180	0.09746	0.00471	0.00328	0.00792
56	0.60590	0.00981	0.00883	0.00762	0.01095	0.01072	0.00623	0.01748	0.01110	0.16885	0.08597	0.01388	0.01187	0.00599	0.00408	0.00169	0.00414	0.00412	0.00428	0.00648
57	0.01232	0.01342	0.02734	0.07156	0.07264	0.01353	0.53100	0.01623	0.01195	0.01647	0.01067	0.01471	0.00843	0.00744	0.05506	0.00231	0.09917	0.00601	0.00270	0.00704
58	0.01793	0.01923	0.01381	0.01230	0.01507	0.45782	0.00940	0.09389	0.07732	0.06977	0.01584	0.06335	0.06959	0.00740	0.00574	0.00160	0.03393	0.00540	0.00387	0.00675
59	0.01045	0.02055	0.47442	0.01317	0.01853	0.05775	0.01508	0.01501	0.01083	0.01548	0.01132	0.01474	0.00917	0.01721	0.26783	0.00407	0.01036	0.00461	0.00254	0.00688
60	0.00748	0.00604	0.00688	0.00798	0.00845	0.05198	0.00539	0.00845	0.01074	0.01388	0.02873	0.75651	0.03429	0.01638	0.00683	0.00216	0.00357	0.01477	0.00492	0.00454
61	0.00901	0.00672	0.00851	0.05615	0.01114	0.00686	0.00655	0.11525	0.01294	0.01718	0.05159	0.51354	0.08139	0.01530	0.03648	0.00232	0.00427	0.03461	0.00490	0.00529
62	0.06634	0.01503	0.01686	0.10004	0.25913	0.15394	0.01236	0.14637	0.13843	0.02067	0.01215	0.01371	0.00946	0.00578	0.00523	0.00165	0.00659	0.00472	0.00367	0.00789
63	0.00795	0.00602	0.00894	0.05631	0.01105	0.00699	0.00697	0.00981	0.00881	0.01253	0.01456	0.02241	0.01386	0.11484	0.66402	0.00799	0.01323	0.00599	0.00293	0.00478
64	0.00799	0.00589	0.00805	0.05547	0.00984	0.00653	0.00586	0.00914	0.00870	0.01202	0.01661	0.09957	0.01767	0.34478	0.34290	0.00618	0.02776	0.00750	0.00323	0.00429

[dist]
# distance from previous block
# <min> <max>
0	1

[block]
# block no. 4 follows, 44 sequences, length 11
# corresponding to MSA columns:
# 337-347
name=unknown_E
#
# <colnr> <probs for GDERKNQSTAVLIFYWHMCP>
#	G	D	E	R	K	N	Q	S	T	A	V	L	I	F	Y	W	H	M	C	P
0	0.21046	0.01851	0.01569	0.06616	0.11980	0.38438	0.05381	0.01874	0.01295	0.01681	0.00868	0.01075	0.00707	0.00543	0.00512	0.00158	0.03076	0.00386	0.00289	0.00657
1	0.01117	0.19605	0.01860	0.47001	0.07220	0.01371	0.01285	0.01413	0.01077	0.01374	0.00984	0.01398	0.00807	0.00962	0.10167	0.00251	0.00779	0.00452	0.00248	0.00628
2	0.00673	0.00514	0.00619	0.00676	0.00775	0.00460	0.00475	0.00807	0.01187	0.01538	0.14926	0.42929	0.29443	0.01506	0.00670	0.00201	0.00294	0.01327	0.00520	0.00460
3	0.21017	0.01292	0.01404	0.01349	0.10841	0.01443	0.00964	0.29598	0.21983	0.02689	0.01392	0.01411	0.01040	0.00622	0.00499	0.00170	0.00519	0.00479	0.00465	0.00824
4	0.01851	0.01461	0.01513	0.01159	0.01598	0.06029	0.00946	0.53988	0.02169	0.02925	0.01202	0.01248	0.00886	0.00591	0.00509	0.00143	0.00577	0.00443	0.00478	0.20283
5	0.01619	0.01854	0.01855	0.06153	0.02006	0.35205	0.18345	0.02225	0.21697	0.01689	0.01283	0.01408	0.00993	0.00585	0.00547	0.00165	0.00804	0.00499	0.00351	0.00717
6	0.00945	0.00854	0.01402	0.61198	0.03065	0.01032	0.01279	0.01245	0.01079	0.01393	0.01443	0.19846	0.01397	0.00816	0.00580	0.00191	0.00631	0.00732	0.00304	0.00568
7	0.22023	0.00988	0.00979	0.00869	0.01157	0.01102	0.00687	0.05723	0.31234	0.07762	0.01706	0.01701	0.01278	0.00649	0.00460	0.00165	0.00398	0.00501	0.19898	0.00721
8	0.01079	0.00580	0.00780	0.00808	0.00931	0.00526	0.00575	0.01201	0.01164	0.19178	0.02806	0.62186	0.03081	0.01468	0.00661	0.00209	0.00351	0.01317	0.00545	0.00556
9	0.00658	0.00529	0.00587	0.00624	0.00758	0.00458	0.00448	0.00789	0.01198	0.01488	0.08754	0.28418	0.50450	0.01467	0.00660	0.00195	0.00287	0.01265	0.00511	0.00458
10	0.00672	0.00510	0.00621	0.00690	0.00776	0.00467	0.00479	0.00787	0.01104	0.01421	0.05760	0.46686	0.27547	0.04587	0.05003	0.00255	0.00372	0.01323	0.00491	0.00449

[dist]
# distance from previous block
# <min> <max>
9	121

# created by:
# /home/cegg/simao/soft/augustus-3.2.1/scripts/msa2prfl.pl ./align_prep/20882.fa
