[name]
unknown

[dist]
# distance from previous block
# <min> <max>
0	601

[block]
# block no. 0 follows, 41 sequences, length 6
# corresponding to MSA columns:
# 649-654
name=unknown_A
#
# <colnr> <probs for GDERKNQSTAVLIFYWHMCP>
#	G	D	E	R	K	N	Q	S	T	A	V	L	I	F	Y	W	H	M	C	P
0	0.01637	0.01741	0.01410	0.01381	0.05347	0.32570	0.01022	0.06000	0.21859	0.01865	0.01775	0.06505	0.01600	0.00862	0.00594	0.00185	0.00716	0.11766	0.00437	0.00726
1	0.00873	0.00677	0.00779	0.00701	0.00892	0.00582	0.00492	0.01011	0.01140	0.01567	0.10869	0.11360	0.18302	0.25554	0.01310	0.00280	0.00409	0.00890	0.00435	0.21877
2	0.01555	0.50635	0.02351	0.01053	0.01439	0.17601	0.00947	0.01729	0.01257	0.01412	0.01242	0.01363	0.06465	0.00615	0.00492	0.00139	0.04226	0.00407	0.04386	0.00685
3	0.01009	0.00812	0.01030	0.00992	0.01128	0.00947	0.00760	0.01548	0.20176	0.01652	0.01938	0.14222	0.01841	0.05803	0.31789	0.00510	0.08643	0.00775	0.03815	0.00611
4	0.01557	0.07082	0.01329	0.00982	0.01322	0.01230	0.00802	0.34692	0.01930	0.06943	0.02860	0.06909	0.24248	0.00966	0.00589	0.00176	0.00482	0.00777	0.04367	0.00756
5	0.01028	0.00910	0.01272	0.01152	0.01189	0.01188	0.00914	0.01162	0.00885	0.01317	0.01200	0.02006	0.01207	0.14675	0.29428	0.00540	0.38508	0.00594	0.00286	0.00540

[dist]
# distance from previous block
# <min> <max>
1	4

[block]
# block no. 1 follows, 41 sequences, length 28
# corresponding to MSA columns:
# 667-694
name=unknown_B
#
# <colnr> <probs for GDERKNQSTAVLIFYWHMCP>
#	G	D	E	R	K	N	Q	S	T	A	V	L	I	F	Y	W	H	M	C	P
0	0.11834	0.07126	0.31918	0.06671	0.08078	0.01336	0.01458	0.08076	0.03679	0.02016	0.04700	0.01471	0.01068	0.00907	0.07096	0.00239	0.00758	0.00474	0.00325	0.00770
1	0.01130	0.16367	0.03600	0.02750	0.01209	0.01040	0.00759	0.04825	0.03322	0.05738	0.11498	0.10855	0.11777	0.06088	0.13659	0.00319	0.00643	0.00781	0.00431	0.03211
2	0.01112	0.00928	0.01482	0.22303	0.25958	0.00996	0.01156	0.01284	0.01053	0.01430	0.01230	0.02081	0.01177	0.20720	0.01424	0.13565	0.00641	0.00588	0.00286	0.00588
3	0.01549	0.13034	0.10849	0.03934	0.15089	0.18730	0.01228	0.04117	0.04035	0.04076	0.01236	0.01385	0.03560	0.00572	0.00505	0.00148	0.00700	0.00442	0.00326	0.14486
4	0.01593	0.24942	0.05610	0.01478	0.11059	0.21125	0.01123	0.04566	0.09626	0.01703	0.03380	0.01377	0.01069	0.00735	0.03297	0.00181	0.02638	0.00445	0.03305	0.00747
5	0.00823	0.00579	0.00746	0.00710	0.00842	0.00537	0.00530	0.01087	0.01576	0.02257	0.68968	0.06471	0.05093	0.01156	0.00659	0.00179	0.00272	0.01020	0.05959	0.00537
6	0.00817	0.00613	0.00919	0.00919	0.01021	0.00715	0.00715	0.01021	0.00919	0.01328	0.01532	0.02247	0.01430	0.04290	0.77631	0.00919	0.01532	0.00613	0.00306	0.00511
7	0.00991	0.04341	0.29366	0.01091	0.01481	0.00899	0.01138	0.01377	0.03550	0.02959	0.02219	0.31137	0.05833	0.01083	0.00600	0.00194	0.00532	0.00935	0.09627	0.00648
8	0.01342	0.01012	0.01202	0.00866	0.01367	0.00771	0.00696	0.01593	0.01237	0.10336	0.01157	0.01272	0.00912	0.00456	0.00441	0.00095	0.00431	0.00366	0.00381	0.74068
9	0.06062	0.05663	0.01617	0.01181	0.01615	0.01566	0.00982	0.52100	0.02282	0.14265	0.01475	0.01457	0.01038	0.00671	0.00541	0.00168	0.00577	0.00504	0.05321	0.00918
10	0.01573	0.10723	0.37407	0.01491	0.02142	0.01598	0.05778	0.28164	0.01749	0.02413	0.01135	0.01256	0.00824	0.00586	0.00542	0.00172	0.00749	0.00458	0.00365	0.00875
11	0.01529	0.80242	0.02997	0.00979	0.01468	0.02263	0.00979	0.01713	0.01162	0.01346	0.00795	0.00918	0.00734	0.00489	0.00367	0.00122	0.00612	0.00306	0.00245	0.00734
12	0.01628	0.01331	0.01409	0.01206	0.01566	0.01519	0.00955	0.22533	0.55469	0.02724	0.02067	0.01926	0.01535	0.00752	0.00579	0.00188	0.00501	0.00611	0.00579	0.00924
13	0.00831	0.00558	0.00640	0.00640	0.00645	0.00563	0.00366	0.00842	0.00837	0.01121	0.01788	0.03662	0.02044	0.75821	0.06940	0.00574	0.00607	0.00820	0.00344	0.00355
14	0.00982	0.00700	0.00836	0.00848	0.00968	0.00717	0.00594	0.01418	0.17394	0.05294	0.09654	0.37519	0.03060	0.15995	0.01091	0.00276	0.00401	0.01156	0.00526	0.00571
15	0.00829	0.00558	0.00662	0.00697	0.00721	0.00553	0.00442	0.00881	0.00936	0.01256	0.02143	0.14936	0.02453	0.57488	0.02286	0.00464	0.00512	0.09385	0.02409	0.00389
16	0.01029	0.01021	0.12983	0.00952	0.01222	0.00727	0.00862	0.01369	0.05320	0.08974	0.17406	0.23103	0.12994	0.01243	0.00665	0.00204	0.00437	0.08342	0.00523	0.00622
17	0.01360	0.45164	0.33782	0.01269	0.01889	0.01855	0.01462	0.01742	0.01171	0.01541	0.00890	0.01051	0.00731	0.00530	0.00495	0.00151	0.03536	0.00362	0.00244	0.00777
18	0.02220	0.00935	0.01231	0.00976	0.01369	0.00835	0.00795	0.02541	0.06913	0.60495	0.08547	0.02377	0.06504	0.00798	0.00590	0.00179	0.00454	0.00658	0.00681	0.00902
19	0.00696	0.00502	0.00659	0.00785	0.00827	0.00466	0.00526	0.00798	0.01106	0.01464	0.03287	0.75768	0.07454	0.01775	0.00727	0.00230	0.00330	0.01605	0.00531	0.00466
20	0.01363	0.01911	0.30356	0.01925	0.13518	0.01281	0.17583	0.05472	0.01362	0.08007	0.01591	0.01761	0.07475	0.00639	0.00633	0.00184	0.03204	0.00580	0.00339	0.00817
21	0.01334	0.12996	0.27755	0.01570	0.05786	0.06062	0.11918	0.08148	0.01402	0.01872	0.04096	0.05816	0.03508	0.00711	0.00571	0.00178	0.00732	0.04445	0.00337	0.00763
22	0.01387	0.49348	0.28959	0.01276	0.01895	0.01896	0.04894	0.01753	0.01187	0.01532	0.00894	0.01049	0.00737	0.00508	0.00444	0.00146	0.00711	0.00365	0.00246	0.00775
23	0.01130	0.00743	0.00966	0.01013	0.07575	0.00705	0.00676	0.01430	0.06707	0.12559	0.27758	0.10075	0.14584	0.10423	0.00914	0.00230	0.00392	0.00948	0.00550	0.00622
24	0.01356	0.07285	0.34219	0.03948	0.13338	0.05370	0.04855	0.06983	0.01326	0.01862	0.01021	0.01248	0.00791	0.00568	0.00628	0.00171	0.06388	0.00444	0.00286	0.07912
25	0.01356	0.01412	0.07949	0.03757	0.05489	0.11436	0.01021	0.05325	0.17403	0.04092	0.01874	0.05890	0.06768	0.12641	0.01093	0.00246	0.10479	0.00666	0.00407	0.00694
26	0.00698	0.00550	0.00620	0.00671	0.00792	0.00484	0.00474	0.00820	0.01199	0.01490	0.04528	0.32281	0.43714	0.06511	0.00839	0.00232	0.00326	0.02784	0.00519	0.00469
27	0.01247	0.00978	0.01256	0.03396	0.04964	0.01003	0.04779	0.19545	0.06107	0.02196	0.07578	0.24331	0.06298	0.03561	0.00704	0.00203	0.00487	0.03511	0.02875	0.04981

[dist]
# distance from previous block
# <min> <max>
0	1

[block]
# block no. 2 follows, 41 sequences, length 25
# corresponding to MSA columns:
# 696-708,712-723
name=unknown_C
#
# <colnr> <probs for GDERKNQSTAVLIFYWHMCP>
#	G	D	E	R	K	N	Q	S	T	A	V	L	I	F	Y	W	H	M	C	P
0	0.01365	0.01094	0.01623	0.12644	0.04529	0.01082	0.12028	0.14500	0.01520	0.07076	0.06402	0.14780	0.01689	0.00802	0.00593	0.00172	0.00579	0.00730	0.00435	0.16357
1	0.01557	0.14194	0.09654	0.09493	0.13232	0.21677	0.10036	0.02016	0.09543	0.01670	0.01119	0.01321	0.00890	0.00563	0.00535	0.00165	0.00796	0.00466	0.00307	0.00766
2	0.01073	0.00845	0.00989	0.00783	0.01141	0.00683	0.00614	0.02975	0.01358	0.04594	0.19050	0.02763	0.16606	0.00810	0.00539	0.00133	0.00370	0.00679	0.00461	0.43535
3	0.01807	0.01628	0.01579	0.10232	0.04881	0.24330	0.02547	0.10368	0.07797	0.14093	0.01535	0.03937	0.03589	0.00734	0.00694	0.00180	0.08335	0.00549	0.00424	0.00763
4	0.00809	0.00587	0.00723	0.00756	0.00871	0.00549	0.00547	0.01021	0.03901	0.03195	0.21952	0.30566	0.18734	0.06994	0.00855	0.00233	0.00344	0.06306	0.00548	0.00509
5	0.01202	0.00681	0.00836	0.00741	0.00976	0.00594	0.00575	0.01412	0.01503	0.20818	0.30416	0.04158	0.31537	0.01160	0.00650	0.00184	0.00332	0.00985	0.00612	0.00627
6	0.00788	0.00527	0.00670	0.00766	0.00837	0.00500	0.00545	0.00943	0.01169	0.01646	0.06708	0.52525	0.05840	0.01534	0.00675	0.00214	0.00336	0.08569	0.14719	0.00487
7	0.01147	0.02959	0.76934	0.01630	0.02476	0.01328	0.02113	0.01811	0.01208	0.01811	0.01026	0.01208	0.00725	0.00543	0.00543	0.00181	0.00845	0.00423	0.00242	0.00845
8	0.00823	0.00620	0.00786	0.00858	0.01006	0.00583	0.00712	0.01043	0.01334	0.01705	0.11019	0.08453	0.27253	0.01505	0.00740	0.00231	0.00418	0.39862	0.00538	0.00512
9	0.83938	0.01106	0.00841	0.00752	0.01106	0.01283	0.00619	0.01681	0.00973	0.02566	0.00796	0.00929	0.00619	0.00531	0.00354	0.00177	0.00442	0.00310	0.00354	0.00619
10	0.01619	0.01107	0.01185	0.00997	0.01306	0.01208	0.00798	0.29157	0.17948	0.05863	0.01825	0.01940	0.01382	0.00721	0.00521	0.00166	0.00458	0.02215	0.28787	0.00797
11	0.83938	0.01106	0.00841	0.00752	0.01106	0.01283	0.00619	0.01681	0.00973	0.02566	0.00796	0.00929	0.00619	0.00531	0.00354	0.00177	0.00442	0.00310	0.00354	0.00619
12	0.02143	0.01586	0.01699	0.01310	0.01762	0.01759	0.01080	0.71426	0.05738	0.03554	0.01413	0.01405	0.01005	0.00690	0.00573	0.00173	0.00622	0.00521	0.00573	0.00970
13	0.83938	0.01106	0.00841	0.00752	0.01106	0.01283	0.00619	0.01681	0.00973	0.02566	0.00796	0.00929	0.00619	0.00531	0.00354	0.00177	0.00442	0.00310	0.00354	0.00619
14	0.00879	0.00593	0.00823	0.00823	0.00933	0.00670	0.00637	0.01099	0.00989	0.01528	0.01615	0.02219	0.01439	0.03389	0.58421	0.00724	0.01217	0.00593	0.20894	0.00516
15	0.00708	0.00541	0.00651	0.00707	0.00814	0.00483	0.00498	0.00852	0.01255	0.01627	0.16068	0.41070	0.29527	0.01569	0.00702	0.00210	0.00307	0.01381	0.00547	0.00483
16	0.02988	0.00959	0.01002	0.00880	0.01161	0.00993	0.00691	0.18059	0.17057	0.02251	0.07523	0.03700	0.38275	0.01101	0.00626	0.00187	0.00403	0.00905	0.00552	0.00688
17	0.01533	0.00953	0.01133	0.01014	0.01272	0.00977	0.00776	0.17602	0.12909	0.18328	0.02445	0.33912	0.02348	0.01162	0.00640	0.00201	0.00449	0.01007	0.00586	0.00753
18	0.01403	0.00991	0.01111	0.00947	0.01165	0.01078	0.00716	0.31029	0.01645	0.02274	0.01589	0.02356	0.01454	0.26606	0.14105	0.00414	0.00717	0.00634	0.09117	0.00650
19	0.00704	0.00512	0.00666	0.00785	0.00838	0.00474	0.00537	0.00815	0.01125	0.01479	0.03413	0.69147	0.11019	0.01749	0.00727	0.00230	0.00335	0.04445	0.00531	0.00469
20	0.01009	0.00743	0.01123	0.09929	0.01452	0.00804	0.04517	0.03292	0.01128	0.06686	0.02056	0.29868	0.02142	0.03787	0.25086	0.00444	0.03986	0.00963	0.00414	0.00568
21	0.01399	0.02040	0.32949	0.06063	0.26408	0.03908	0.01732	0.06461	0.07341	0.04482	0.01206	0.01396	0.00907	0.00569	0.00557	0.00177	0.00736	0.00483	0.00321	0.00865
22	0.00771	0.00704	0.05807	0.00882	0.01006	0.00564	0.00706	0.00946	0.01170	0.01544	0.03262	0.51615	0.11070	0.01629	0.00724	0.00231	0.00401	0.15952	0.00511	0.00505
23	0.00747	0.00527	0.00656	0.00739	0.00776	0.00502	0.00483	0.00825	0.01035	0.01366	0.02896	0.48056	0.07910	0.26225	0.01412	0.00332	0.00407	0.04202	0.00473	0.00431
24	0.01040	0.01044	0.05169	0.05834	0.16478	0.05977	0.03452	0.01250	0.01175	0.01567	0.02155	0.37467	0.03811	0.05179	0.00805	0.00222	0.03305	0.01045	0.02417	0.00608

[dist]
# distance from previous block
# <min> <max>
3	65

[block]
# block no. 3 follows, 41 sequences, length 28
# corresponding to MSA columns:
# 870-897
name=unknown_D
#
# <colnr> <probs for GDERKNQSTAVLIFYWHMCP>
#	G	D	E	R	K	N	Q	S	T	A	V	L	I	F	Y	W	H	M	C	P
0	0.03656	0.01167	0.01387	0.02664	0.19244	0.08225	0.00968	0.07418	0.02442	0.05371	0.01843	0.05408	0.09620	0.11836	0.00993	0.03067	0.03507	0.00646	0.00385	0.10151
1	0.00953	0.00839	0.00855	0.00840	0.01017	0.07568	0.00624	0.03175	0.03841	0.01687	0.10773	0.25971	0.22834	0.01506	0.05518	0.00239	0.00480	0.03992	0.00494	0.06794
2	0.04358	0.17693	0.04303	0.00918	0.01422	0.03344	0.00803	0.01544	0.01187	0.01766	0.00959	0.01117	0.00807	0.00450	0.00416	0.00101	0.00496	0.00335	0.00315	0.57665
3	0.00801	0.00560	0.00701	0.03296	0.00888	0.00541	0.00525	0.00941	0.01161	0.01598	0.15304	0.30796	0.08970	0.19495	0.01188	0.00286	0.00387	0.04553	0.07542	0.00466
4	0.00952	0.00644	0.00756	0.00761	0.00865	0.00640	0.00526	0.04811	0.05882	0.03741	0.09699	0.29864	0.06452	0.21629	0.01229	0.00291	0.00401	0.01080	0.09259	0.00517
5	0.00786	0.00585	0.00779	0.00800	0.00898	0.00606	0.00593	0.00947	0.01069	0.01447	0.08374	0.13459	0.14366	0.13383	0.34691	0.00568	0.00887	0.04866	0.00415	0.00481
6	0.01665	0.00774	0.00953	0.00821	0.01083	0.00726	0.00644	0.06600	0.01475	0.31514	0.05727	0.13020	0.01929	0.00867	0.00540	0.00169	0.00386	0.00727	0.29654	0.00726
7	0.00851	0.00659	0.00785	0.00754	0.00916	0.00635	0.00564	0.01253	0.10982	0.02077	0.45487	0.10645	0.19769	0.01231	0.00668	0.00189	0.00303	0.01071	0.00594	0.00568
8	0.01529	0.80242	0.02997	0.00979	0.01468	0.02263	0.00979	0.01713	0.01162	0.01346	0.00795	0.00918	0.00734	0.00489	0.00367	0.00122	0.00612	0.00306	0.00245	0.00734
9	0.00830	0.00647	0.00775	0.07336	0.04725	0.00608	0.00603	0.01041	0.01310	0.01745	0.12858	0.04235	0.44641	0.01159	0.00614	0.00180	0.00342	0.00976	0.14843	0.00532
10	0.02032	0.02568	0.01855	0.01599	0.01931	0.67427	0.10878	0.02224	0.01585	0.01458	0.00921	0.01100	0.00754	0.00575	0.00537	0.00153	0.01023	0.00409	0.00294	0.00678
11	0.01207	0.01478	0.15835	0.06788	0.26604	0.03957	0.01366	0.01612	0.04974	0.01766	0.01489	0.15627	0.01415	0.00758	0.00570	0.00173	0.00617	0.00674	0.00342	0.12748
12	0.05514	0.09263	0.01688	0.08756	0.19313	0.02326	0.01099	0.14877	0.01494	0.11119	0.01621	0.01930	0.05988	0.08488	0.03905	0.00237	0.00638	0.00567	0.00408	0.00769
13	0.07890	0.00982	0.01296	0.01000	0.01437	0.00870	0.00826	0.02715	0.01594	0.71874	0.02161	0.01880	0.01364	0.00696	0.00561	0.00177	0.00484	0.00558	0.00685	0.00950
14	0.01220	0.00972	0.00895	0.00864	0.01049	0.11055	0.00643	0.01674	0.14914	0.04944	0.06443	0.18668	0.06838	0.00993	0.00558	0.00175	0.00428	0.00835	0.26212	0.00620
15	0.01522	0.05039	0.30225	0.04894	0.09996	0.15888	0.05541	0.04596	0.01386	0.08392	0.01264	0.06412	0.01027	0.00646	0.00559	0.00175	0.00785	0.00530	0.00332	0.00791
16	0.01797	0.00872	0.01063	0.00898	0.01197	0.00841	0.00726	0.12366	0.01593	0.32426	0.02125	0.07173	0.01663	0.00828	0.00547	0.00173	0.00432	0.06213	0.26299	0.00769
17	0.01405	0.01028	0.01147	0.01007	0.01302	0.01104	0.00788	0.07928	0.38435	0.10711	0.18341	0.02840	0.09674	0.00911	0.00609	0.00187	0.00415	0.00766	0.00601	0.00799
18	0.01180	0.01219	0.07457	0.24577	0.13084	0.04207	0.06059	0.06193	0.01308	0.01718	0.01756	0.11389	0.05556	0.00908	0.00687	0.03652	0.00662	0.07364	0.00355	0.00668
19	0.01451	0.04823	0.14805	0.10413	0.15250	0.22647	0.03406	0.01830	0.04420	0.01647	0.01350	0.05561	0.01220	0.00725	0.00576	0.00180	0.00780	0.07865	0.00324	0.00727
20	0.01199	0.00904	0.01044	0.01005	0.01229	0.00972	0.00779	0.02055	0.35899	0.06927	0.08712	0.18919	0.05423	0.01152	0.00653	0.00210	0.00420	0.11205	0.00574	0.00720
21	0.01186	0.00776	0.00901	0.00835	0.01049	0.00761	0.00631	0.03099	0.15260	0.13478	0.10894	0.11712	0.22580	0.10164	0.00906	0.00237	0.00400	0.03934	0.00558	0.00639
22	0.01521	0.01413	0.01852	0.13532	0.12815	0.10489	0.11445	0.17771	0.06246	0.02072	0.02239	0.03719	0.01101	0.00941	0.05402	0.04970	0.00776	0.00569	0.00374	0.00753
23	0.01346	0.08050	0.11170	0.20271	0.06282	0.09382	0.01272	0.11264	0.01426	0.01837	0.05078	0.09641	0.04049	0.00789	0.00653	0.00183	0.05614	0.00632	0.00357	0.00705
24	0.02088	0.02428	0.01553	0.01397	0.01696	0.64297	0.01055	0.05926	0.01648	0.06593	0.01127	0.05438	0.00963	0.00669	0.00534	0.00155	0.00936	0.00459	0.00350	0.00689
25	0.17082	0.05828	0.10054	0.01871	0.26341	0.07080	0.01243	0.04492	0.02581	0.05836	0.10902	0.01655	0.01440	0.00630	0.00524	0.00170	0.00607	0.00515	0.00373	0.00775
26	0.00861	0.00770	0.03443	0.03429	0.04897	0.00634	0.00657	0.01084	0.01322	0.01782	0.17941	0.08849	0.34436	0.01127	0.00617	0.00173	0.00361	0.00961	0.04526	0.12131
27	0.05807	0.01518	0.06401	0.05001	0.04730	0.09807	0.01065	0.30792	0.04913	0.09384	0.01491	0.05882	0.01213	0.05699	0.03538	0.00226	0.00679	0.00577	0.00469	0.00808

[dist]
# distance from previous block
# <min> <max>
0	53

[block]
# block no. 4 follows, 41 sequences, length 14
# corresponding to MSA columns:
# 1007-1020
name=unknown_E
#
# <colnr> <probs for GDERKNQSTAVLIFYWHMCP>
#	G	D	E	R	K	N	Q	S	T	A	V	L	I	F	Y	W	H	M	C	P
0	0.07169	0.04703	0.01441	0.04259	0.07942	0.18813	0.02823	0.01778	0.01301	0.12069	0.01407	0.04058	0.01208	0.03477	0.12089	0.00285	0.00800	0.03663	0.01678	0.09036
1	0.01321	0.00821	0.00979	0.00860	0.01103	0.00802	0.00668	0.11251	0.06665	0.15220	0.28194	0.10220	0.13781	0.01072	0.00630	0.00184	0.00376	0.00915	0.04255	0.00682
2	0.01330	0.37536	0.39753	0.01381	0.02052	0.01754	0.05554	0.01768	0.01195	0.01604	0.00930	0.01096	0.00737	0.00516	0.00472	0.00155	0.00747	0.00384	0.00246	0.00791
3	0.04243	0.00722	0.00813	0.00751	0.00949	0.00699	0.00563	0.04568	0.07013	0.09320	0.18482	0.08914	0.23764	0.08807	0.00840	0.00220	0.00365	0.00937	0.07436	0.00592
4	0.00736	0.00598	0.00656	0.00657	0.00826	0.00532	0.00487	0.00963	0.04477	0.01718	0.19162	0.13804	0.50547	0.01405	0.00678	0.00195	0.00298	0.01199	0.00553	0.00510
5	0.10009	0.01584	0.05487	0.06272	0.09148	0.23492	0.01030	0.02039	0.04628	0.14193	0.01375	0.01496	0.01029	0.00613	0.00502	0.00162	0.00658	0.00464	0.15089	0.00730
6	0.04568	0.01186	0.01192	0.01100	0.01376	0.10821	0.00904	0.15195	0.07648	0.09792	0.02518	0.03698	0.09751	0.01080	0.00647	0.00206	0.00572	0.26521	0.00523	0.00702
7	0.01643	0.57378	0.07722	0.01124	0.01605	0.14030	0.01083	0.06803	0.01342	0.01541	0.00865	0.00987	0.00750	0.00522	0.00417	0.00134	0.00695	0.00338	0.00275	0.00747
8	0.00733	0.00524	0.00706	0.00838	0.00888	0.00496	0.00595	0.00860	0.01131	0.01501	0.03132	0.67626	0.03703	0.01757	0.00740	0.00237	0.00364	0.13164	0.00530	0.00475
9	0.00818	0.00549	0.00628	0.00642	0.00645	0.00545	0.00366	0.00828	0.00859	0.01146	0.01944	0.11689	0.02258	0.71709	0.02683	0.00521	0.00531	0.00915	0.00366	0.00359
10	0.13512	0.06985	0.01566	0.10416	0.01850	0.20088	0.01033	0.17132	0.12331	0.07802	0.01294	0.01367	0.00969	0.00628	0.00515	0.00169	0.00680	0.00459	0.00425	0.00781
11	0.09266	0.01786	0.09220	0.01164	0.01538	0.26542	0.00997	0.12383	0.01598	0.13161	0.01343	0.01425	0.00992	0.00625	0.00500	0.00159	0.00682	0.00450	0.15423	0.00745
12	0.00916	0.00650	0.00754	0.00764	0.00858	0.00644	0.00523	0.08565	0.01212	0.01612	0.02798	0.30791	0.12125	0.27905	0.01431	0.00327	0.00437	0.03577	0.03626	0.00485
13	0.01392	0.01462	0.01672	0.45611	0.07410	0.18969	0.01393	0.01886	0.11432	0.01599	0.01169	0.01488	0.00900	0.00600	0.00560	0.00180	0.00777	0.00495	0.00310	0.00695

[dist]
# distance from previous block
# <min> <max>
0	86

[block]
# block no. 5 follows, 41 sequences, length 11
# corresponding to MSA columns:
# 1140-1150
name=unknown_F
#
# <colnr> <probs for GDERKNQSTAVLIFYWHMCP>
#	G	D	E	R	K	N	Q	S	T	A	V	L	I	F	Y	W	H	M	C	P
0	0.03467	0.03119	0.07715	0.14503	0.08196	0.08627	0.01005	0.01546	0.01248	0.01853	0.03383	0.01797	0.01215	0.00625	0.00486	0.00153	0.00550	0.02407	0.29633	0.08473
1	0.40609	0.01314	0.07451	0.04263	0.14378	0.04239	0.02852	0.01710	0.04457	0.02237	0.10250	0.01544	0.01334	0.00621	0.00478	0.00177	0.00544	0.00477	0.00369	0.00696
2	0.01103	0.01095	0.07082	0.01454	0.05522	0.00909	0.20862	0.01397	0.01251	0.05387	0.02316	0.20983	0.08702	0.03956	0.00745	0.00213	0.00600	0.09050	0.00418	0.06955
3	0.00813	0.00556	0.00640	0.00643	0.00670	0.00544	0.00385	0.00857	0.00961	0.01287	0.10513	0.08696	0.06227	0.62124	0.02408	0.00474	0.00495	0.00924	0.00400	0.00383
4	0.01493	0.72936	0.09988	0.01040	0.01563	0.02175	0.01086	0.01722	0.01167	0.01390	0.00817	0.00945	0.00733	0.00494	0.00384	0.00128	0.00634	0.00317	0.00244	0.00745
5	0.00739	0.00554	0.00674	0.00717	0.00823	0.00504	0.00512	0.00893	0.01272	0.01670	0.21132	0.31308	0.24627	0.07169	0.00862	0.00234	0.00331	0.04955	0.00541	0.00482
6	0.00739	0.00582	0.00666	0.00645	0.00811	0.00509	0.00484	0.00942	0.01451	0.01896	0.38665	0.04928	0.43009	0.01318	0.00675	0.00187	0.00280	0.01126	0.00577	0.00509
7	0.00726	0.00546	0.00664	0.00745	0.00837	0.00499	0.00532	0.00851	0.01167	0.01490	0.03873	0.42462	0.26368	0.07293	0.00877	0.00247	0.00357	0.09482	0.00517	0.00469
8	0.00832	0.00555	0.00624	0.00624	0.00624	0.00555	0.00347	0.00832	0.00832	0.01109	0.01802	0.03743	0.02080	0.79898	0.02911	0.00555	0.00555	0.00832	0.00347	0.00347
9	0.02137	0.02726	0.01621	0.01474	0.01768	0.77602	0.01105	0.02284	0.01621	0.01400	0.00884	0.01031	0.00737	0.00589	0.00516	0.00147	0.01031	0.00368	0.00295	0.00663
10	0.01186	0.01017	0.01186	0.00847	0.01356	0.00762	0.00678	0.01440	0.01186	0.01864	0.01017	0.01186	0.00847	0.00424	0.00424	0.00085	0.00424	0.00339	0.00339	0.83395

[dist]
# distance from previous block
# <min> <max>
0	15

[block]
# block no. 6 follows, 41 sequences, length 7
# corresponding to MSA columns:
# 1166-1172
name=unknown_G
#
# <colnr> <probs for GDERKNQSTAVLIFYWHMCP>
#	G	D	E	R	K	N	Q	S	T	A	V	L	I	F	Y	W	H	M	C	P
0	0.01186	0.01017	0.01186	0.00847	0.01356	0.00762	0.00678	0.01440	0.01186	0.01864	0.01017	0.01186	0.00847	0.00424	0.00424	0.00085	0.00424	0.00339	0.00339	0.83395
1	0.00817	0.00613	0.00919	0.00919	0.01021	0.00715	0.00715	0.01021	0.00919	0.01328	0.01532	0.02247	0.01430	0.04290	0.77631	0.00919	0.01532	0.00613	0.00306	0.00511
2	0.00810	0.00585	0.00765	0.00720	0.00855	0.00540	0.00540	0.01079	0.01619	0.02294	0.76028	0.04273	0.05397	0.01169	0.00675	0.00180	0.00270	0.01034	0.00630	0.00540
3	0.01256	0.01114	0.07106	0.00985	0.01434	0.00833	0.04862	0.04325	0.01365	0.08833	0.11407	0.02127	0.09166	0.00674	0.00525	0.00134	0.00466	0.00572	0.00429	0.42387
4	0.26829	0.01176	0.01141	0.00993	0.01327	0.01340	0.00792	0.14302	0.32201	0.02619	0.01648	0.01638	0.01241	0.00674	0.00490	0.00178	0.00458	0.00509	0.09657	0.00788
5	0.11535	0.11260	0.28577	0.01271	0.01805	0.04710	0.01324	0.13947	0.10331	0.02174	0.01332	0.06912	0.01098	0.00679	0.00521	0.00176	0.00656	0.00522	0.00375	0.00798
6	0.06158	0.04518	0.12863	0.01446	0.01962	0.07174	0.18664	0.07203	0.05481	0.04553	0.01183	0.01372	0.00910	0.00676	0.03527	0.00184	0.00732	0.00480	0.00349	0.20565

[dist]
# distance from previous block
# <min> <max>
1	22

[block]
# block no. 7 follows, 41 sequences, length 26
# corresponding to MSA columns:
# 1195-1220
name=unknown_H
#
# <colnr> <probs for GDERKNQSTAVLIFYWHMCP>
#	G	D	E	R	K	N	Q	S	T	A	V	L	I	F	Y	W	H	M	C	P
0	0.05632	0.12077	0.06316	0.14454	0.01776	0.03824	0.01033	0.01513	0.03914	0.05218	0.02243	0.04756	0.10671	0.00969	0.00598	0.00195	0.00573	0.20141	0.00408	0.03689
1	0.06161	0.01633	0.01372	0.01280	0.05572	0.28160	0.00931	0.08455	0.07630	0.08156	0.05629	0.09832	0.01500	0.00757	0.00546	0.00162	0.00662	0.00594	0.00429	0.10538
2	0.01469	0.01551	0.01824	0.08560	0.21804	0.20484	0.09135	0.05028	0.01462	0.01813	0.09093	0.01885	0.06207	0.00663	0.00574	0.00165	0.00718	0.00579	0.00353	0.06630
3	0.01486	0.09661	0.04270	0.01353	0.08992	0.09098	0.03670	0.05597	0.23990	0.05572	0.01725	0.06050	0.01398	0.00712	0.00531	0.00169	0.00558	0.00588	0.13804	0.00777
4	0.10248	0.25401	0.06610	0.00997	0.01385	0.05569	0.00907	0.05083	0.01285	0.06012	0.04088	0.05765	0.01294	0.00693	0.00520	0.00154	0.03336	0.03755	0.06386	0.10510
5	0.01051	0.00918	0.09965	0.00820	0.01104	0.00641	0.00723	0.01263	0.01308	0.14046	0.04136	0.18227	0.41054	0.01280	0.00653	0.00196	0.00398	0.01086	0.00525	0.00605
6	0.01356	0.55943	0.02355	0.00933	0.01329	0.01804	0.00872	0.01669	0.06933	0.01643	0.18159	0.01780	0.01880	0.00667	0.00454	0.00141	0.00521	0.00499	0.00359	0.00703
7	0.01606	0.00850	0.01120	0.01059	0.04610	0.00819	0.00788	0.10422	0.01491	0.26480	0.06207	0.15533	0.02116	0.01150	0.00817	0.10065	0.00468	0.08699	0.04997	0.00702
8	0.02214	0.01173	0.01423	0.01080	0.01538	0.01113	0.00889	0.24457	0.01883	0.41763	0.01778	0.01643	0.01185	0.00654	0.00549	0.00160	0.00520	0.00517	0.00604	0.14858
9	0.00940	0.00532	0.00798	0.00798	0.00830	0.00563	0.00563	0.00830	0.00798	0.01096	0.01158	0.01894	0.01127	0.02691	0.25282	0.58159	0.00813	0.00532	0.00266	0.00329
10	0.01940	0.04107	0.01329	0.01070	0.01358	0.17013	0.00832	0.10752	0.01488	0.27610	0.01447	0.01589	0.01074	0.01040	0.01032	0.24053	0.00626	0.00492	0.00456	0.00691
11	0.83938	0.01106	0.00841	0.00752	0.01106	0.01283	0.00619	0.01681	0.00973	0.02566	0.00796	0.00929	0.00619	0.00531	0.00354	0.00177	0.00442	0.00310	0.00354	0.00619
12	0.83938	0.01106	0.00841	0.00752	0.01106	0.01283	0.00619	0.01681	0.00973	0.02566	0.00796	0.00929	0.00619	0.00531	0.00354	0.00177	0.00442	0.00310	0.00354	0.00619
13	0.01459	0.01346	0.13666	0.01826	0.24087	0.01056	0.02444	0.01897	0.07552	0.17728	0.07389	0.06451	0.09006	0.00790	0.00595	0.00182	0.00564	0.00692	0.00455	0.00816
14	0.01392	0.13777	0.01693	0.05689	0.06454	0.21217	0.02495	0.01590	0.01240	0.01461	0.01390	0.08761	0.01383	0.01277	0.10042	0.00274	0.10544	0.08361	0.00326	0.00635
15	0.83938	0.01106	0.00841	0.00752	0.01106	0.01283	0.00619	0.01681	0.00973	0.02566	0.00796	0.00929	0.00619	0.00531	0.00354	0.00177	0.00442	0.00310	0.00354	0.00619
16	0.01230	0.01001	0.01525	0.52514	0.03043	0.01178	0.01317	0.10186	0.01348	0.05770	0.01472	0.14141	0.01311	0.00790	0.00598	0.00194	0.00662	0.00693	0.00362	0.00666
17	0.01112	0.02465	0.59658	0.01594	0.06998	0.01204	0.01813	0.01662	0.01197	0.01767	0.05309	0.01664	0.01143	0.09056	0.00805	0.00220	0.00771	0.00506	0.00277	0.00779
18	0.00833	0.00634	0.00752	0.00715	0.00864	0.00602	0.00526	0.01158	0.07594	0.02008	0.46233	0.04314	0.20576	0.09612	0.00906	0.00224	0.00320	0.01019	0.00573	0.00537
19	0.00780	0.00658	0.00685	0.00665	0.00867	0.00602	0.00502	0.01115	0.10231	0.01727	0.12883	0.04968	0.59606	0.01338	0.00665	0.00192	0.00307	0.01121	0.00548	0.00540
20	0.01288	0.32313	0.01774	0.00962	0.01263	0.05569	0.00827	0.09161	0.01386	0.01715	0.06036	0.18953	0.08168	0.01011	0.00556	0.00174	0.00524	0.07258	0.00414	0.00648
21	0.01247	0.01278	0.06825	0.30883	0.28927	0.01282	0.05094	0.05486	0.01273	0.01747	0.01119	0.01536	0.00898	0.00947	0.08808	0.00260	0.00823	0.00523	0.00288	0.00756
22	0.00832	0.00555	0.00624	0.00624	0.00624	0.00555	0.00347	0.00832	0.00832	0.01109	0.01802	0.03743	0.02080	0.79898	0.02911	0.00555	0.00555	0.00832	0.00347	0.00347
23	0.00825	0.00558	0.00697	0.00750	0.00859	0.00501	0.00528	0.00961	0.01236	0.06470	0.11273	0.48524	0.21549	0.01573	0.00701	0.00214	0.00325	0.01394	0.00553	0.00510
24	0.04272	0.04921	0.09561	0.03069	0.04215	0.04462	0.02558	0.02703	0.01194	0.11918	0.01753	0.18904	0.01733	0.13694	0.01045	0.00246	0.06021	0.00774	0.00409	0.06550
25	0.15057	0.14795	0.02003	0.01347	0.01771	0.09330	0.12525	0.23048	0.08678	0.02382	0.01174	0.01286	0.00903	0.00603	0.00548	0.00169	0.02711	0.00469	0.00402	0.00797

[dist]
# distance from previous block
# <min> <max>
3	44

[block]
# block no. 8 follows, 41 sequences, length 16
# corresponding to MSA columns:
# 1271-1286
name=unknown_I
#
# <colnr> <probs for GDERKNQSTAVLIFYWHMCP>
#	G	D	E	R	K	N	Q	S	T	A	V	L	I	F	Y	W	H	M	C	P
0	0.00743	0.00532	0.00712	0.00817	0.00878	0.00501	0.00581	0.00890	0.01205	0.01622	0.14559	0.58554	0.03974	0.01668	0.00729	0.00228	0.00347	0.10431	0.00546	0.00484
1	0.01147	0.02959	0.76934	0.01630	0.02476	0.01328	0.02113	0.01811	0.01208	0.01811	0.01026	0.01208	0.00725	0.00543	0.00543	0.00181	0.00845	0.00423	0.00242	0.00845
2	0.07361	0.01411	0.07079	0.10923	0.58519	0.01342	0.01679	0.01723	0.01256	0.01874	0.01046	0.01378	0.00858	0.00520	0.00550	0.00173	0.00682	0.00489	0.00283	0.00853
3	0.01601	0.01808	0.05043	0.33412	0.04640	0.28374	0.05292	0.09844	0.01501	0.01721	0.01019	0.01318	0.00784	0.00583	0.00556	0.00172	0.00855	0.00465	0.00306	0.00706
4	0.02137	0.02726	0.01621	0.01474	0.01768	0.77602	0.01105	0.02284	0.01621	0.01400	0.00884	0.01031	0.00737	0.00589	0.00516	0.00147	0.01031	0.00368	0.00295	0.00663
5	0.01208	0.10440	0.01677	0.15630	0.25191	0.01143	0.01173	0.01481	0.01268	0.04925	0.03778	0.04434	0.14114	0.00811	0.00573	0.00178	0.00558	0.05184	0.05533	0.00701
6	0.01031	0.00871	0.01005	0.00774	0.01170	0.00676	0.00609	0.01264	0.01263	0.01847	0.11019	0.02485	0.17595	0.00734	0.00508	0.00119	0.00376	0.00609	0.00415	0.55630
7	0.01421	0.20224	0.20666	0.01468	0.04142	0.15401	0.06623	0.01731	0.01238	0.01542	0.01259	0.01459	0.06227	0.00674	0.00735	0.00174	0.13540	0.00476	0.00279	0.00721
8	0.01243	0.08105	0.51766	0.01488	0.02165	0.01373	0.05369	0.06469	0.06125	0.01874	0.01188	0.01484	0.00927	0.07125	0.00737	0.00209	0.00771	0.00481	0.00296	0.00804
9	0.00893	0.00677	0.00760	0.00716	0.00916	0.00631	0.00544	0.01260	0.10345	0.05150	0.28758	0.04532	0.40213	0.01242	0.00660	0.00188	0.00311	0.01054	0.00578	0.00574
10	0.00790	0.00584	0.00750	0.00815	0.00920	0.00555	0.00610	0.01021	0.03884	0.01755	0.21340	0.36518	0.11806	0.01526	0.00717	0.00220	0.00353	0.14768	0.00556	0.00512
11	0.05254	0.03555	0.16762	0.05806	0.12113	0.23692	0.08369	0.02089	0.04924	0.10314	0.01192	0.01344	0.00892	0.00576	0.00546	0.00170	0.00803	0.00468	0.00343	0.00788
12	0.01368	0.09942	0.04905	0.03489	0.01595	0.07393	0.07022	0.14167	0.05855	0.01902	0.01725	0.09584	0.06213	0.03890	0.08204	0.00269	0.09108	0.00673	0.02006	0.00691
13	0.02753	0.02797	0.14002	0.00950	0.01246	0.00800	0.00877	0.01390	0.07296	0.06669	0.11163	0.20215	0.19529	0.01204	0.00646	0.00201	0.00448	0.06691	0.00497	0.00626
14	0.01272	0.03227	0.16668	0.09846	0.09700	0.11404	0.04092	0.01698	0.07616	0.01644	0.01448	0.14189	0.01362	0.00903	0.02278	0.00209	0.10729	0.00671	0.00335	0.00708
15	0.01312	0.07247	0.03625	0.04071	0.12491	0.01063	0.08482	0.07994	0.01485	0.10492	0.10798	0.02973	0.23800	0.00898	0.00607	0.00179	0.00524	0.00781	0.00465	0.00716

[dist]
# distance from previous block
# <min> <max>
0	4

[block]
# block no. 9 follows, 41 sequences, length 6
# corresponding to MSA columns:
# 1291-1296
name=unknown_J
#
# <colnr> <probs for GDERKNQSTAVLIFYWHMCP>
#	G	D	E	R	K	N	Q	S	T	A	V	L	I	F	Y	W	H	M	C	P
0	0.04713	0.03507	0.08633	0.03814	0.05844	0.24018	0.08724	0.10429	0.08962	0.01916	0.01631	0.04207	0.07045	0.03293	0.00641	0.00186	0.00746	0.00581	0.00378	0.00733
1	0.39227	0.01299	0.03722	0.10368	0.14331	0.08884	0.01005	0.01639	0.01174	0.02082	0.04194	0.01607	0.07112	0.00639	0.00477	0.00176	0.00573	0.00478	0.00346	0.00668
2	0.00926	0.00620	0.00780	0.00755	0.00784	0.00683	0.00512	0.00959	0.00880	0.01273	0.01549	0.02807	0.01626	0.41119	0.11432	0.13033	0.08510	0.00684	0.10665	0.00403
3	0.09909	0.05992	0.05256	0.01371	0.07044	0.24056	0.01056	0.04545	0.01350	0.07227	0.01607	0.01749	0.09940	0.00874	0.03312	0.00203	0.12938	0.00523	0.00358	0.00692
4	0.01378	0.00717	0.00958	0.00854	0.01086	0.00693	0.00675	0.01587	0.01283	0.25964	0.07539	0.02824	0.14190	0.02191	0.29216	0.00453	0.00812	0.00723	0.06198	0.00660
5	0.01276	0.06990	0.22844	0.05490	0.12311	0.03748	0.05869	0.01969	0.18134	0.01882	0.05130	0.01839	0.05285	0.00685	0.00623	0.00182	0.04012	0.00571	0.00365	0.00796

[dist]
# distance from previous block
# <min> <max>
0	14

[block]
# block no. 10 follows, 41 sequences, length 8
# corresponding to MSA columns:
# 1311-1318
name=unknown_K
#
# <colnr> <probs for GDERKNQSTAVLIFYWHMCP>
#	G	D	E	R	K	N	Q	S	T	A	V	L	I	F	Y	W	H	M	C	P
0	0.01132	0.01052	0.10895	0.01121	0.03015	0.00790	0.09015	0.01416	0.01365	0.11345	0.24234	0.11384	0.09010	0.08660	0.00868	0.00226	0.00501	0.02838	0.00495	0.00636
1	0.11363	0.00730	0.00894	0.17326	0.01512	0.00759	0.00733	0.01103	0.01249	0.01760	0.14476	0.13188	0.30559	0.01145	0.00619	0.00193	0.00413	0.00970	0.00464	0.00539
2	0.13541	0.01161	0.01420	0.01597	0.20488	0.05222	0.03335	0.10829	0.01415	0.08120	0.01952	0.02260	0.11784	0.10409	0.00834	0.00220	0.00565	0.00624	0.03506	0.00718
3	0.01273	0.08938	0.09761	0.09950	0.11038	0.01262	0.01154	0.07198	0.15529	0.01921	0.01576	0.11424	0.01402	0.00902	0.03952	0.00204	0.00615	0.00633	0.00390	0.10878
4	0.01096	0.00962	0.01550	0.29108	0.24935	0.01036	0.01263	0.01347	0.01207	0.01615	0.08509	0.02275	0.10830	0.00892	0.00796	0.10361	0.00599	0.00644	0.00332	0.00642
5	0.01367	0.01512	0.11162	0.10682	0.35686	0.04623	0.05590	0.08327	0.01458	0.02008	0.10609	0.01751	0.01435	0.00622	0.00582	0.00175	0.00683	0.00569	0.00346	0.00811
6	0.11040	0.00763	0.00779	0.00744	0.00949	0.00773	0.00557	0.01383	0.15398	0.01883	0.12876	0.07368	0.33659	0.08373	0.00826	0.00225	0.00363	0.00953	0.00515	0.00574
7	0.01156	0.01120	0.01400	0.14551	0.01812	0.10705	0.08018	0.05267	0.01335	0.01703	0.11034	0.23382	0.06311	0.01070	0.00764	0.00200	0.08236	0.00916	0.00417	0.00602

[dist]
# distance from previous block
# <min> <max>
5	35

# created by:
# /home/cegg/simao/soft/augustus-3.2.1/scripts/msa2prfl.pl ./align_prep/20983.fa
