[name]
unknown

[dist]
# distance from previous block
# <min> <max>
0	991

[block]
# block no. 0 follows, 38 sequences, length 24
# corresponding to MSA columns:
# 1177-1200
name=unknown_A
#
# <colnr> <probs for GDERKNQSTAVLIFYWHMCP>
#	G	D	E	R	K	N	Q	S	T	A	V	L	I	F	Y	W	H	M	C	P
0	0.04683	0.07396	0.10947	0.04431	0.01594	0.04814	0.01082	0.05228	0.07612	0.02049	0.13327	0.03619	0.04881	0.01052	0.00652	0.00207	0.00582	0.21617	0.00477	0.03750
1	0.01530	0.01732	0.13814	0.04463	0.02059	0.11215	0.13325	0.12473	0.01628	0.05270	0.04230	0.02539	0.06921	0.00844	0.00687	0.00197	0.03187	0.09777	0.00423	0.03686
2	0.16622	0.08982	0.23386	0.03898	0.06774	0.11176	0.04490	0.04591	0.01403	0.11621	0.01185	0.01313	0.00869	0.00594	0.00529	0.00179	0.00749	0.00449	0.00365	0.00826
3	0.01584	0.01364	0.01360	0.01201	0.03088	0.14976	0.00908	0.11810	0.01486	0.06917	0.01462	0.08847	0.01326	0.03389	0.06444	0.06465	0.08190	0.00609	0.02993	0.15581
4	0.01620	0.03953	0.01608	0.06530	0.16627	0.01273	0.01114	0.19693	0.07497	0.09971	0.01927	0.17584	0.01740	0.00919	0.00619	0.00193	0.00565	0.00793	0.04937	0.00836
5	0.00873	0.00590	0.00693	0.00693	0.00705	0.00603	0.00410	0.00898	0.00886	0.01194	0.01862	0.03751	0.02106	0.70086	0.11724	0.00628	0.00705	0.00848	0.00360	0.00385
6	0.00748	0.00611	0.00661	0.00649	0.00835	0.00524	0.00486	0.00935	0.01459	0.01834	0.24322	0.05446	0.56503	0.01446	0.00711	0.00199	0.00299	0.01221	0.00586	0.00524
7	0.01608	0.79220	0.03152	0.01029	0.01544	0.02380	0.01029	0.01801	0.01222	0.01415	0.00836	0.00965	0.00772	0.00515	0.00386	0.00129	0.00643	0.00322	0.00257	0.00772
8	0.00711	0.00609	0.00609	0.00609	0.00813	0.00508	0.00457	0.00863	0.01371	0.01625	0.06094	0.05789	0.74862	0.01524	0.00711	0.00203	0.00305	0.01270	0.00559	0.00508
9	0.83108	0.01163	0.00884	0.00791	0.01163	0.01350	0.00651	0.01768	0.01024	0.02699	0.00838	0.00977	0.00651	0.00558	0.00372	0.00186	0.00465	0.00326	0.00372	0.00651
10	0.02586	0.01206	0.01509	0.01157	0.01626	0.01154	0.00956	0.22248	0.02026	0.55775	0.02118	0.01881	0.01361	0.00738	0.00604	0.00185	0.00553	0.00588	0.00705	0.01024
11	0.02247	0.02867	0.01705	0.01550	0.01860	0.76443	0.01162	0.02402	0.01705	0.01472	0.00930	0.01085	0.00775	0.00620	0.00542	0.00155	0.01085	0.00387	0.00310	0.00697
12	0.00733	0.00524	0.00698	0.00838	0.00873	0.00489	0.00558	0.00838	0.01152	0.01536	0.03316	0.78466	0.03979	0.01885	0.00768	0.00244	0.00349	0.01710	0.00558	0.00489
13	0.01430	0.01085	0.01244	0.01096	0.01397	0.01193	0.03624	0.02588	0.45986	0.06846	0.09870	0.02443	0.02127	0.00822	0.00591	0.00190	0.00444	0.00698	0.15488	0.00839
14	0.01608	0.79220	0.03152	0.01029	0.01544	0.02380	0.01029	0.01801	0.01222	0.01415	0.00836	0.00965	0.00772	0.00515	0.00386	0.00129	0.00643	0.00322	0.00257	0.00772
15	0.01437	0.04774	0.06838	0.08297	0.32094	0.01305	0.01408	0.08572	0.01444	0.02066	0.01181	0.03429	0.00990	0.00571	0.00549	0.00156	0.00641	0.00503	0.00343	0.23399
16	0.00991	0.00735	0.01025	0.06047	0.01415	0.00756	0.00976	0.01337	0.04470	0.01872	0.09821	0.06039	0.03431	0.01516	0.00795	0.00261	0.00541	0.56844	0.00548	0.00579
17	0.00868	0.00612	0.00800	0.00800	0.00850	0.00661	0.00544	0.00967	0.00917	0.01273	0.01764	0.03209	0.01871	0.44456	0.37032	0.00761	0.01059	0.00768	0.00345	0.00444
18	0.01511	0.31423	0.10703	0.09760	0.13011	0.04159	0.12529	0.04660	0.03632	0.01771	0.01067	0.01307	0.00866	0.00553	0.00530	0.00167	0.00764	0.00471	0.00297	0.00820
19	0.83108	0.01163	0.00884	0.00791	0.01163	0.01350	0.00651	0.01768	0.01024	0.02699	0.00838	0.00977	0.00651	0.00558	0.00372	0.00186	0.00465	0.00326	0.00372	0.00651
20	0.00901	0.00723	0.00963	0.01130	0.11253	0.00685	0.00713	0.01124	0.01391	0.01879	0.24194	0.06939	0.28191	0.04623	0.08908	0.00291	0.00508	0.01019	0.03979	0.00586
21	0.00859	0.00645	0.00967	0.00967	0.01074	0.00752	0.00752	0.01074	0.00967	0.01396	0.01611	0.02363	0.01504	0.04512	0.76474	0.00967	0.01611	0.00645	0.00322	0.00537
22	0.01742	0.01910	0.01487	0.01329	0.01535	0.37391	0.01008	0.08821	0.01481	0.01636	0.01189	0.01774	0.01115	0.14967	0.07709	0.00320	0.13062	0.00533	0.00342	0.00650
23	0.34887	0.11253	0.07942	0.01827	0.23893	0.01548	0.01232	0.07391	0.01316	0.02334	0.00995	0.01192	0.00797	0.00560	0.00477	0.00177	0.00614	0.00416	0.00343	0.00807

[dist]
# distance from previous block
# <min> <max>
0	1

[block]
# block no. 1 follows, 38 sequences, length 68
# corresponding to MSA columns:
# 1202-1243,1246,1247,1250-1273
name=unknown_B
#
# <colnr> <probs for GDERKNQSTAVLIFYWHMCP>
#	G	D	E	R	K	N	Q	S	T	A	V	L	I	F	Y	W	H	M	C	P
0	0.01492	0.01536	0.06219	0.02555	0.31677	0.03199	0.20043	0.10722	0.01551	0.02131	0.01498	0.06180	0.03888	0.00669	0.00632	0.00187	0.00756	0.00663	0.00363	0.04040
1	0.01378	0.01319	0.02282	0.15240	0.53918	0.01365	0.05571	0.01739	0.01314	0.01849	0.01165	0.01584	0.00971	0.00863	0.06665	0.00246	0.00816	0.00554	0.00295	0.00866
2	0.01316	0.01316	0.01843	0.01579	0.01579	0.01843	0.01316	0.01448	0.00921	0.01448	0.00790	0.01316	0.00790	0.01053	0.01974	0.00263	0.77757	0.00526	0.00263	0.00658
3	0.01276	0.08241	0.23407	0.01268	0.04944	0.03223	0.01219	0.01639	0.01312	0.05777	0.04479	0.09753	0.06626	0.00769	0.00558	0.00161	0.00601	0.00635	0.00381	0.23729
4	0.01709	0.01798	0.07538	0.01201	0.01667	0.24215	0.01007	0.05779	0.01512	0.08070	0.01250	0.04468	0.01030	0.00609	0.00521	0.00137	0.00692	0.00460	0.00388	0.35948
5	0.01608	0.79220	0.03152	0.01029	0.01544	0.02380	0.01029	0.01801	0.01222	0.01415	0.00836	0.00965	0.00772	0.00515	0.00386	0.00129	0.00643	0.00322	0.00257	0.00772
6	0.00773	0.00581	0.00724	0.00826	0.00913	0.00544	0.00582	0.00958	0.03879	0.01608	0.03821	0.56282	0.17795	0.01759	0.00755	0.00237	0.00360	0.06529	0.00560	0.00514
7	0.03575	0.05235	0.12972	0.03213	0.12457	0.07228	0.17342	0.12468	0.01565	0.04880	0.01311	0.01536	0.02993	0.00642	0.00704	0.00187	0.06760	0.00552	0.00362	0.04019
8	0.07008	0.07440	0.01745	0.13874	0.08067	0.06354	0.06574	0.05742	0.01310	0.01796	0.01618	0.04914	0.05227	0.01368	0.11692	0.00312	0.08283	0.05631	0.00356	0.00689
9	0.00840	0.00614	0.00789	0.00745	0.00892	0.00563	0.00559	0.01114	0.01676	0.02349	0.69300	0.04597	0.11204	0.01253	0.00710	0.00190	0.00285	0.01102	0.00654	0.00563
10	0.00732	0.00555	0.00666	0.00752	0.00843	0.00499	0.00515	0.00848	0.01214	0.01550	0.04198	0.50453	0.28002	0.05170	0.00850	0.00245	0.00344	0.01523	0.00550	0.00490
11	0.04639	0.05071	0.34058	0.04457	0.06230	0.24535	0.04919	0.02088	0.01427	0.05597	0.01093	0.01273	0.00819	0.00589	0.00560	0.00177	0.00900	0.00447	0.00306	0.00816
12	0.01136	0.01069	0.01804	0.77412	0.04143	0.01337	0.01671	0.01537	0.01203	0.01537	0.01069	0.01604	0.00802	0.00601	0.00601	0.00200	0.00802	0.00535	0.00267	0.00668
13	0.02675	0.01063	0.01420	0.01089	0.01555	0.00942	0.00899	0.07062	0.01787	0.71300	0.02319	0.02012	0.01462	0.00743	0.00605	0.00186	0.00521	0.00601	0.00736	0.01024
14	0.01453	0.01477	0.09820	0.15093	0.43354	0.01321	0.04466	0.01838	0.01362	0.07698	0.01486	0.01767	0.04942	0.00619	0.00605	0.00186	0.00720	0.00578	0.00338	0.00876
15	0.07162	0.01444	0.01722	0.01863	0.20142	0.13605	0.04876	0.06259	0.02741	0.18803	0.01621	0.07754	0.01330	0.01041	0.06708	0.00247	0.00765	0.00628	0.00453	0.00833
16	0.06382	0.01689	0.01424	0.01256	0.02934	0.28274	0.00962	0.07593	0.01692	0.19755	0.11628	0.02115	0.06289	0.00814	0.00657	0.00180	0.04475	0.00608	0.00502	0.00772
17	0.52393	0.01752	0.01225	0.01165	0.04364	0.26838	0.00873	0.01987	0.01269	0.02253	0.00881	0.01034	0.00705	0.00578	0.00439	0.00175	0.00686	0.00355	0.00348	0.00679
18	0.00877	0.00607	0.00787	0.00793	0.00920	0.00572	0.00603	0.01136	0.01546	0.02201	0.49000	0.14472	0.04764	0.01321	0.00705	0.00203	0.00327	0.10021	0.08591	0.00555
19	0.01395	0.14384	0.35347	0.05859	0.16942	0.01560	0.01752	0.06878	0.03744	0.01992	0.03888	0.01448	0.01041	0.00600	0.00557	0.00179	0.00759	0.00487	0.00315	0.00871
20	0.01489	0.01429	0.02442	0.03692	0.75106	0.01429	0.01846	0.01846	0.01370	0.01965	0.01132	0.01489	0.00953	0.00536	0.00596	0.00179	0.00715	0.00536	0.00298	0.00953
21	0.00742	0.00607	0.00661	0.00695	0.00868	0.00525	0.00527	0.00901	0.01342	0.01632	0.05396	0.15903	0.57354	0.01588	0.00732	0.00217	0.00338	0.08905	0.00558	0.00510
22	0.00757	0.00609	0.00682	0.00715	0.00883	0.00534	0.00545	0.00929	0.01367	0.01691	0.10115	0.15412	0.51409	0.01569	0.00734	0.00217	0.00342	0.10411	0.00565	0.00515
23	0.00731	0.00585	0.00654	0.00690	0.00838	0.00508	0.00497	0.00882	0.01340	0.01676	0.11987	0.26866	0.47431	0.01600	0.00727	0.00214	0.00316	0.01380	0.00569	0.00508
24	0.01496	0.01292	0.01360	0.01224	0.01564	0.01496	0.00952	0.03197	0.74019	0.02516	0.02448	0.02244	0.01836	0.00816	0.00612	0.00204	0.00476	0.00680	0.00612	0.00952
25	0.09714	0.00964	0.01058	0.00900	0.01213	0.00994	0.00718	0.09391	0.12218	0.21955	0.01981	0.01987	0.01432	0.00718	0.00511	0.00170	0.00427	0.00565	0.32286	0.00797
26	0.57948	0.01190	0.01017	0.00913	0.01271	0.01378	0.00735	0.02176	0.22211	0.02638	0.01325	0.01368	0.01011	0.00636	0.00443	0.00191	0.00465	0.00433	0.01915	0.00737
27	0.01719	0.01109	0.01141	0.00965	0.01267	0.04423	0.00766	0.21803	0.09668	0.11127	0.01872	0.01947	0.01389	0.00721	0.00519	0.00164	0.00470	0.00566	0.37572	0.00792
28	0.00767	0.00549	0.00697	0.00790	0.00835	0.00523	0.00522	0.00860	0.01104	0.01461	0.03161	0.53490	0.09195	0.17499	0.05315	0.00348	0.00461	0.01449	0.00507	0.00468
29	0.10414	0.05703	0.34782	0.01720	0.05616	0.07524	0.12912	0.03390	0.01380	0.09329	0.01191	0.01356	0.00862	0.00580	0.00566	0.00185	0.00818	0.00486	0.00337	0.00849
30	0.01487	0.56147	0.25158	0.01237	0.01865	0.02082	0.01391	0.01833	0.01237	0.01564	0.00910	0.01057	0.00769	0.00532	0.00442	0.00147	0.00718	0.00359	0.00256	0.00807
31	0.00994	0.00738	0.00816	0.00769	0.00946	0.00720	0.00565	0.08136	0.05407	0.02020	0.18267	0.09986	0.27587	0.12681	0.01022	0.00252	0.00387	0.01049	0.07081	0.00576
32	0.05657	0.25208	0.01947	0.07125	0.04566	0.04905	0.01048	0.03826	0.01243	0.05002	0.01578	0.05870	0.06981	0.01169	0.07892	0.00259	0.14087	0.00586	0.00348	0.00703
33	0.01506	0.10531	0.18891	0.06075	0.24656	0.04614	0.03766	0.02161	0.14664	0.05307	0.01376	0.01538	0.01059	0.00609	0.00572	0.00182	0.00722	0.00520	0.00360	0.00892
34	0.02464	0.01606	0.01604	0.01274	0.01717	0.15090	0.01031	0.28785	0.02128	0.35427	0.01765	0.01648	0.01186	0.00713	0.00592	0.00178	0.00672	0.00542	0.00612	0.00964
35	0.00732	0.00528	0.00693	0.00826	0.00869	0.00490	0.00553	0.00839	0.01163	0.01540	0.03460	0.74693	0.07658	0.01866	0.00765	0.00242	0.00347	0.01687	0.00558	0.00490
36	0.01471	0.15268	0.21036	0.07773	0.30405	0.07625	0.04517	0.01879	0.01336	0.01784	0.01051	0.01325	0.00847	0.00552	0.00554	0.00174	0.00794	0.00471	0.00279	0.00859
37	0.00717	0.00586	0.00634	0.00672	0.00829	0.00503	0.00485	0.00856	0.01311	0.01601	0.05336	0.25627	0.55514	0.01622	0.00727	0.00214	0.00317	0.01390	0.00559	0.00503
38	0.01410	0.00646	0.00714	0.00654	0.00854	0.00620	0.00505	0.01682	0.01346	0.15668	0.02038	0.02207	0.01532	0.00709	0.00454	0.00149	0.00323	0.00569	0.67275	0.00646
39	0.01382	0.02482	0.41249	0.15108	0.08564	0.12239	0.06916	0.01910	0.01340	0.01785	0.01070	0.01344	0.00797	0.00576	0.00584	0.00187	0.00897	0.00478	0.00271	0.00822
40	0.01392	0.01599	0.17305	0.01432	0.06831	0.01330	0.01230	0.02543	0.42010	0.05167	0.02383	0.05015	0.07442	0.00836	0.00616	0.00200	0.00564	0.00701	0.00512	0.00889
41	0.00891	0.00677	0.00953	0.00940	0.01012	0.00786	0.00702	0.01047	0.00953	0.01358	0.01701	0.06733	0.01730	0.20113	0.50821	0.00791	0.07203	0.00743	0.00340	0.00507
42	0.01608	0.79220	0.03152	0.01029	0.01544	0.02380	0.01029	0.01801	0.01222	0.01415	0.00836	0.00965	0.00772	0.00515	0.00386	0.00129	0.00643	0.00322	0.00257	0.00772
43	0.01349	0.01189	0.01578	0.01607	0.19098	0.01033	0.01024	0.04394	0.01326	0.02014	0.01088	0.01316	0.00907	0.00501	0.00545	0.00121	0.03421	0.00413	0.00348	0.56728
44	0.01427	0.16151	0.44332	0.01810	0.12064	0.04660	0.01818	0.01988	0.04042	0.04691	0.01139	0.01305	0.00859	0.00575	0.00544	0.00177	0.00800	0.00448	0.00295	0.00877
45	0.44044	0.00876	0.00730	0.00681	0.00943	0.00974	0.00541	0.01594	0.01137	0.02482	0.01374	0.01580	0.01076	0.00626	0.00395	0.00164	0.00377	0.00438	0.39360	0.00608
46	0.04829	0.01545	0.10671	0.10638	0.37863	0.02716	0.04763	0.05097	0.03621	0.04770	0.01560	0.01800	0.06194	0.00643	0.00598	0.00186	0.00708	0.00581	0.00352	0.00866
47	0.01083	0.00767	0.00996	0.14814	0.01450	0.00827	0.00712	0.06120	0.01124	0.04338	0.01791	0.07196	0.01882	0.47507	0.06541	0.00474	0.00674	0.00810	0.00386	0.00509
48	0.00733	0.00524	0.00698	0.00838	0.00873	0.00489	0.00558	0.00838	0.01152	0.01536	0.03316	0.78466	0.03979	0.01885	0.00768	0.00244	0.00349	0.01710	0.00558	0.00489
49	0.00871	0.00600	0.00740	0.00740	0.00770	0.00629	0.00470	0.00929	0.00900	0.01229	0.01818	0.03510	0.02002	0.58680	0.22987	0.00687	0.00862	0.00812	0.00353	0.00411
50	0.01193	0.00846	0.00998	0.00990	0.01189	0.00877	0.00742	0.01855	0.25369	0.09107	0.03149	0.34747	0.08652	0.01375	0.00700	0.00224	0.00418	0.06273	0.00594	0.00701
51	0.01549	0.01319	0.01390	0.01235	0.01585	0.01521	0.00965	0.07885	0.69244	0.02602	0.02381	0.02191	0.01782	0.00810	0.00611	0.00202	0.00489	0.00671	0.00611	0.00957
52	0.01680	0.00794	0.01065	0.00905	0.01185	0.00705	0.00710	0.01928	0.01672	0.35462	0.36897	0.08658	0.03659	0.01057	0.00666	0.00192	0.00392	0.00914	0.00692	0.00769
53	0.83108	0.01163	0.00884	0.00791	0.01163	0.01350	0.00651	0.01768	0.01024	0.02699	0.00838	0.00977	0.00651	0.00558	0.00372	0.00186	0.00465	0.00326	0.00372	0.00651
54	0.00836	0.00614	0.00782	0.00740	0.00889	0.00561	0.00555	0.01105	0.01666	0.02324	0.67099	0.04639	0.13420	0.01263	0.00710	0.00191	0.00286	0.01108	0.00651	0.00561
55	0.01316	0.01316	0.01843	0.01579	0.01579	0.01843	0.01316	0.01448	0.00921	0.01448	0.00790	0.01316	0.00790	0.01053	0.01974	0.00263	0.77757	0.00526	0.00263	0.00658
56	0.01247	0.01069	0.01247	0.00891	0.01426	0.00802	0.00713	0.01515	0.01247	0.01960	0.01069	0.01247	0.00891	0.00446	0.00446	0.00089	0.00446	0.00356	0.00356	0.82536
57	0.01481	0.01262	0.01327	0.01197	0.01529	0.01458	0.00930	0.03122	0.71012	0.02505	0.02428	0.02244	0.01824	0.00811	0.00604	0.00201	0.00468	0.00675	0.03984	0.00936
58	0.01448	0.01509	0.01615	0.39212	0.02877	0.21751	0.01377	0.04220	0.01432	0.01649	0.01455	0.02462	0.01319	0.00817	0.00630	0.00202	0.00826	0.14186	0.00346	0.00666
59	0.01362	0.00728	0.00771	0.00704	0.00908	0.00742	0.00545	0.07398	0.05355	0.08237	0.01980	0.02163	0.01512	0.00712	0.00460	0.00151	0.00340	0.00569	0.64708	0.00656
60	0.01562	0.01687	0.04553	0.01610	0.08901	0.23692	0.06848	0.08754	0.04114	0.01821	0.01396	0.01932	0.01223	0.04233	0.21642	0.00410	0.01079	0.03463	0.00361	0.00719
61	0.01273	0.03019	0.72449	0.01686	0.02556	0.01374	0.02163	0.01951	0.01290	0.05165	0.01137	0.01305	0.00794	0.00579	0.00573	0.00190	0.00872	0.00452	0.00276	0.00895
62	0.00863	0.00578	0.00659	0.00671	0.00673	0.00576	0.00380	0.00872	0.00897	0.01196	0.02009	0.09891	0.02330	0.72708	0.02879	0.00556	0.00565	0.00942	0.00380	0.00374
63	0.01262	0.04487	0.04898	0.00889	0.01185	0.00842	0.00740	0.01671	0.10885	0.15365	0.11911	0.11187	0.29925	0.01196	0.00662	0.00199	0.00413	0.01008	0.00582	0.00697
64	0.04183	0.18729	0.07997	0.03794	0.10405	0.04258	0.01072	0.04970	0.01394	0.10415	0.04036	0.01688	0.01242	0.04189	0.00618	0.00175	0.00592	0.00498	0.11342	0.08402
65	0.01893	0.05381	0.03256	0.04718	0.29724	0.23163	0.01402	0.08411	0.01617	0.10067	0.01219	0.01397	0.00948	0.00598	0.00567	0.00168	0.00788	0.00483	0.00376	0.03825
66	0.05076	0.05946	0.01928	0.02063	0.25517	0.20214	0.01290	0.14398	0.01721	0.07830	0.04245	0.01489	0.01133	0.00630	0.00563	0.00168	0.00740	0.00501	0.00406	0.04140
67	0.07318	0.01057	0.01346	0.01412	0.12148	0.01154	0.00944	0.07032	0.12274	0.10603	0.01747	0.02220	0.02466	0.13775	0.10741	0.00355	0.07170	0.00630	0.04864	0.00745

[dist]
# distance from previous block
# <min> <max>
1	77

[block]
# block no. 2 follows, 38 sequences, length 10
# corresponding to MSA columns:
# 1391-1400
name=unknown_C
#
# <colnr> <probs for GDERKNQSTAVLIFYWHMCP>
#	G	D	E	R	K	N	Q	S	T	A	V	L	I	F	Y	W	H	M	C	P
0	0.04929	0.09990	0.21095	0.03369	0.18965	0.01415	0.01479	0.04670	0.06554	0.04394	0.09615	0.01953	0.01570	0.00722	0.00642	0.00188	0.04085	0.03150	0.00382	0.00832
1	0.01329	0.01175	0.01709	0.01795	0.18106	0.01253	0.06911	0.04725	0.13802	0.01970	0.01480	0.01849	0.01243	0.04339	0.12305	0.00317	0.09489	0.00583	0.04881	0.10738
2	0.01793	0.22677	0.11636	0.01159	0.01713	0.01519	0.01106	0.15083	0.01620	0.15402	0.01311	0.01354	0.00974	0.00586	0.00503	0.00147	0.00609	0.00437	0.00431	0.19937
3	0.01556	0.10706	0.20271	0.05117	0.12854	0.05659	0.16036	0.03691	0.05303	0.07835	0.01253	0.01463	0.00947	0.00602	0.00648	0.00186	0.04141	0.00530	0.00342	0.00857
4	0.01403	0.19218	0.19461	0.07007	0.08988	0.10818	0.07129	0.01780	0.01389	0.01789	0.12177	0.01762	0.01557	0.00742	0.02172	0.00189	0.00770	0.00548	0.00334	0.00767
5	0.01083	0.00691	0.01019	0.00979	0.01130	0.00768	0.00768	0.01300	0.01059	0.10423	0.01704	0.02325	0.01502	0.04053	0.67235	0.00872	0.01477	0.00640	0.00374	0.00596
6	0.00767	0.00556	0.00727	0.00819	0.00892	0.00516	0.00574	0.00919	0.01289	0.01732	0.17934	0.55081	0.09110	0.01717	0.00755	0.00232	0.00343	0.04949	0.00579	0.00509
7	0.01425	0.17082	0.35222	0.01900	0.10581	0.07144	0.11339	0.01898	0.01309	0.01770	0.01034	0.01273	0.00808	0.00573	0.00618	0.00180	0.04268	0.00467	0.00271	0.00839
8	0.01632	0.01468	0.07994	0.19764	0.20257	0.05180	0.01502	0.03608	0.03708	0.15123	0.01325	0.01575	0.00995	0.00688	0.00804	0.00199	0.12423	0.00536	0.00380	0.00838
9	0.00760	0.00543	0.00729	0.00868	0.00915	0.00512	0.00605	0.00884	0.01178	0.01566	0.03301	0.70353	0.03920	0.01859	0.00775	0.00248	0.00372	0.09559	0.00558	0.00496

[dist]
# distance from previous block
# <min> <max>
4	17

[block]
# block no. 3 follows, 38 sequences, length 58
# corresponding to MSA columns:
# 1420-1477
name=unknown_D
#
# <colnr> <probs for GDERKNQSTAVLIFYWHMCP>
#	G	D	E	R	K	N	Q	S	T	A	V	L	I	F	Y	W	H	M	C	P
0	0.05031	0.01459	0.13876	0.09620	0.07171	0.01208	0.10341	0.02020	0.15789	0.09295	0.02435	0.02476	0.15057	0.00809	0.00623	0.00197	0.00635	0.00707	0.00448	0.00803
1	0.01625	0.07045	0.02443	0.04103	0.18398	0.14674	0.22349	0.07295	0.06787	0.01983	0.01361	0.01844	0.01138	0.00655	0.00624	0.00188	0.00832	0.05472	0.00361	0.00824
2	0.01741	0.02049	0.01926	0.04445	0.01972	0.37914	0.10321	0.01948	0.01379	0.01520	0.00983	0.01331	0.00852	0.01014	0.06605	0.00253	0.22273	0.00491	0.00296	0.00688
3	0.03043	0.01305	0.01793	0.30328	0.07379	0.01463	0.04028	0.25069	0.01753	0.02374	0.01448	0.01713	0.04768	0.00689	0.00657	0.00187	0.04150	0.00565	0.00404	0.06885
4	0.01920	0.16746	0.02204	0.08969	0.03716	0.38755	0.08696	0.08835	0.01635	0.01745	0.01009	0.01212	0.00819	0.00594	0.00543	0.00162	0.00919	0.00441	0.00323	0.00757
5	0.01136	0.01069	0.01804	0.77412	0.04143	0.01337	0.01671	0.01537	0.01203	0.01537	0.01069	0.01604	0.00802	0.00601	0.00601	0.00200	0.00802	0.00535	0.00267	0.00668
6	0.00766	0.00612	0.00685	0.00667	0.00846	0.00531	0.00500	0.00969	0.01501	0.01932	0.32888	0.05284	0.47876	0.01409	0.00710	0.00198	0.00297	0.01199	0.00599	0.00531
7	0.00974	0.00690	0.00938	0.00970	0.06096	0.00640	0.00667	0.01256	0.01669	0.05632	0.64032	0.04219	0.07552	0.01170	0.00697	0.00189	0.00325	0.01034	0.00637	0.00613
8	0.02267	0.01016	0.01263	0.00999	0.01391	0.00958	0.00815	0.13274	0.01783	0.47444	0.02136	0.02001	0.01430	0.00731	0.00561	0.00175	0.00481	0.00585	0.19774	0.00915
9	0.00748	0.00603	0.00667	0.00668	0.00840	0.00521	0.00494	0.00929	0.01434	0.01814	0.23079	0.12212	0.50915	0.01483	0.00716	0.00203	0.00304	0.01265	0.00585	0.00521
10	0.83108	0.01163	0.00884	0.00791	0.01163	0.01350	0.00651	0.01768	0.01024	0.02699	0.00838	0.00977	0.00651	0.00558	0.00372	0.00186	0.00465	0.00326	0.00372	0.00651
11	0.01207	0.03112	0.75741	0.01715	0.02604	0.01397	0.02223	0.01905	0.01270	0.01905	0.01080	0.01270	0.00762	0.00572	0.00572	0.00191	0.00889	0.00445	0.00254	0.00889
12	0.00771	0.00590	0.00672	0.00719	0.00834	0.00534	0.00508	0.00892	0.01219	0.01527	0.04318	0.23925	0.36550	0.16797	0.01197	0.00294	0.00392	0.07263	0.00520	0.00479
13	0.83108	0.01163	0.00884	0.00791	0.01163	0.01350	0.00651	0.01768	0.01024	0.02699	0.00838	0.00977	0.00651	0.00558	0.00372	0.00186	0.00465	0.00326	0.00372	0.00651
14	0.00733	0.00524	0.00698	0.00838	0.00873	0.00489	0.00558	0.00838	0.01152	0.01536	0.03316	0.78466	0.03979	0.01885	0.00768	0.00244	0.00349	0.01710	0.00558	0.00489
15	0.01608	0.79220	0.03152	0.01029	0.01544	0.02380	0.01029	0.01801	0.01222	0.01415	0.00836	0.00965	0.00772	0.00515	0.00386	0.00129	0.00643	0.00322	0.00257	0.00772
16	0.01217	0.00799	0.00996	0.00909	0.01056	0.00854	0.00662	0.11500	0.01257	0.07529	0.01763	0.02842	0.01710	0.33714	0.29874	0.00637	0.00972	0.00720	0.00413	0.00576
17	0.01608	0.79220	0.03152	0.01029	0.01544	0.02380	0.01029	0.01801	0.01222	0.01415	0.00836	0.00965	0.00772	0.00515	0.00386	0.00129	0.00643	0.00322	0.00257	0.00772
18	0.01136	0.01069	0.01804	0.77412	0.04143	0.01337	0.01671	0.01537	0.01203	0.01537	0.01069	0.01604	0.00802	0.00601	0.00601	0.00200	0.00802	0.00535	0.00267	0.00668
19	0.00850	0.00642	0.00800	0.00897	0.00979	0.00643	0.00619	0.01200	0.12335	0.01686	0.03183	0.66768	0.03650	0.01721	0.00744	0.00238	0.00369	0.01552	0.00567	0.00560
20	0.05660	0.01369	0.01802	0.04025	0.04533	0.10227	0.13834	0.05619	0.01250	0.01722	0.01215	0.01870	0.01122	0.13273	0.09729	0.00349	0.18574	0.00596	0.00327	0.02907
21	0.00889	0.00581	0.00684	0.00684	0.00689	0.00587	0.00399	0.00877	0.00872	0.01168	0.01805	0.03667	0.02050	0.68150	0.06841	0.07877	0.00632	0.00831	0.00353	0.00364
22	0.01203	0.00639	0.00647	0.00618	0.00782	0.00652	0.00471	0.06399	0.01371	0.02351	0.01926	0.02187	0.01506	0.00702	0.00433	0.00143	0.00307	0.00559	0.76511	0.00593
23	0.01602	0.33580	0.04716	0.01085	0.01603	0.05950	0.00983	0.12007	0.01492	0.01969	0.01020	0.01151	0.00850	0.00528	0.00453	0.00126	0.00610	0.00374	0.00345	0.29557
24	0.01532	0.01183	0.01917	0.02602	0.44952	0.01147	0.02935	0.01831	0.01412	0.13969	0.02022	0.08379	0.06934	0.00828	0.00638	0.00194	0.00617	0.05613	0.00429	0.00864
25	0.01316	0.11214	0.21026	0.01457	0.06868	0.01229	0.05382	0.01685	0.01217	0.09002	0.01376	0.01729	0.01123	0.01957	0.27260	0.00452	0.01054	0.00534	0.00337	0.03783
26	0.01032	0.00876	0.00923	0.00865	0.01115	0.00900	0.00662	0.01802	0.29751	0.02055	0.11848	0.04271	0.39141	0.01217	0.00672	0.00202	0.00369	0.01021	0.00590	0.00687
27	0.01420	0.01623	0.03550	0.02535	0.03144	0.01521	0.72921	0.01927	0.01420	0.01927	0.01217	0.01623	0.00913	0.00507	0.00710	0.00203	0.01014	0.00710	0.00304	0.00811
28	0.01139	0.01241	0.06686	0.01918	0.27111	0.05276	0.04361	0.01414	0.01373	0.01764	0.03348	0.07317	0.32567	0.01033	0.00654	0.00193	0.00568	0.00903	0.00420	0.00714
29	0.01465	0.01441	0.02567	0.06536	0.62392	0.01438	0.11543	0.01845	0.01370	0.01943	0.01141	0.01512	0.00941	0.00535	0.00611	0.00183	0.00759	0.00560	0.00297	0.00922
30	0.00903	0.00628	0.00884	0.00884	0.00991	0.00712	0.00677	0.01118	0.01010	0.01523	0.01684	0.02426	0.01546	0.07777	0.60147	0.00811	0.01339	0.00643	0.13766	0.00532
31	0.00875	0.00583	0.00656	0.00656	0.00656	0.00583	0.00365	0.00875	0.00875	0.01166	0.01895	0.03937	0.02187	0.78858	0.03062	0.00583	0.00583	0.00875	0.00365	0.00365
32	0.01053	0.06214	0.45511	0.01290	0.01918	0.01136	0.01539	0.01533	0.01303	0.01781	0.02831	0.02844	0.26831	0.00903	0.00611	0.00192	0.00671	0.00728	0.00361	0.00749
33	0.00886	0.00662	0.00927	0.01049	0.06088	0.00694	0.00695	0.01035	0.01042	0.01433	0.02194	0.17535	0.04205	0.23156	0.30661	0.00610	0.00936	0.05282	0.00397	0.00511
34	0.01420	0.01623	0.03550	0.02535	0.03144	0.01521	0.72921	0.01927	0.01420	0.01927	0.01217	0.01623	0.00913	0.00507	0.00710	0.00203	0.01014	0.00710	0.00304	0.00811
35	0.00764	0.00543	0.00719	0.00849	0.00891	0.00513	0.00582	0.00877	0.01153	0.01534	0.03205	0.66880	0.03808	0.07229	0.00933	0.00271	0.00384	0.07835	0.00545	0.00486
36	0.01672	0.05872	0.14229	0.02152	0.25013	0.03951	0.07844	0.07307	0.03348	0.14135	0.04746	0.04320	0.01333	0.00674	0.00602	0.00184	0.00704	0.00600	0.00418	0.00895
37	0.00733	0.00524	0.00698	0.00838	0.00873	0.00489	0.00558	0.00838	0.01152	0.01536	0.03316	0.78466	0.03979	0.01885	0.00768	0.00244	0.00349	0.01710	0.00558	0.00489
38	0.08693	0.00885	0.01034	0.00919	0.01163	0.00890	0.00710	0.13919	0.01716	0.12198	0.29076	0.17751	0.03375	0.01126	0.00647	0.00196	0.00409	0.00963	0.03631	0.00699
39	0.01344	0.02182	0.36677	0.12038	0.02580	0.05300	0.10520	0.01838	0.01273	0.05748	0.01168	0.01473	0.00881	0.00902	0.06072	0.00253	0.08137	0.00517	0.00297	0.00800
40	0.01251	0.01374	0.10482	0.05956	0.12813	0.06675	0.01271	0.03984	0.06821	0.01887	0.04197	0.05649	0.05982	0.01185	0.03354	0.00245	0.04142	0.21582	0.00432	0.00718
41	0.01060	0.00813	0.00993	0.00919	0.00958	0.00933	0.00638	0.06386	0.01055	0.01454	0.01758	0.09872	0.01969	0.49910	0.02446	0.00456	0.16661	0.00852	0.00378	0.00486
42	0.04593	0.01507	0.02194	0.15088	0.33900	0.10318	0.11645	0.04303	0.01419	0.01940	0.01167	0.01510	0.00933	0.00572	0.00586	0.00181	0.00774	0.00537	0.06016	0.00819
43	0.00732	0.00527	0.00695	0.00829	0.00870	0.00489	0.00555	0.00839	0.01160	0.01539	0.03420	0.75731	0.06646	0.01871	0.00766	0.00243	0.00347	0.01694	0.00558	0.00489
44	0.01247	0.01069	0.01247	0.00891	0.01426	0.00802	0.00713	0.01515	0.01247	0.01960	0.01069	0.01247	0.00891	0.00446	0.00446	0.00089	0.00446	0.00356	0.00356	0.82536
45	0.00770	0.00578	0.00723	0.00823	0.00924	0.00531	0.00605	0.00919	0.01255	0.01609	0.04063	0.45280	0.23553	0.01744	0.00764	0.00239	0.00374	0.14184	0.00558	0.00506
46	0.00875	0.00583	0.00656	0.00656	0.00656	0.00583	0.00365	0.00875	0.00875	0.01166	0.01895	0.03937	0.02187	0.78858	0.03062	0.00583	0.00583	0.00875	0.00365	0.00365
47	0.00733	0.00524	0.00698	0.00838	0.00873	0.00489	0.00558	0.00838	0.01152	0.01536	0.03316	0.78466	0.03979	0.01885	0.00768	0.00244	0.00349	0.01710	0.00558	0.00489
48	0.01316	0.01316	0.01843	0.01579	0.01579	0.01843	0.01316	0.01448	0.00921	0.01448	0.00790	0.01316	0.00790	0.01053	0.01974	0.00263	0.77757	0.00526	0.00263	0.00658
49	0.00923	0.00674	0.00907	0.01026	0.01170	0.00658	0.00880	0.01176	0.01374	0.01765	0.03608	0.09339	0.13751	0.01650	0.00811	0.00265	0.00510	0.58410	0.00555	0.00545
50	0.01136	0.01069	0.01804	0.77412	0.04143	0.01337	0.01671	0.01537	0.01203	0.01537	0.01069	0.01604	0.00802	0.00601	0.00601	0.00200	0.00802	0.00535	0.00267	0.00668
51	0.17427	0.05150	0.03726	0.01422	0.01776	0.55435	0.03184	0.02234	0.01539	0.01727	0.00922	0.01081	0.00755	0.00600	0.00511	0.00162	0.00945	0.00385	0.00318	0.00700
52	0.01968	0.09009	0.01294	0.00912	0.01257	0.04024	0.00750	0.02265	0.04236	0.36331	0.02014	0.01973	0.01418	0.00703	0.00515	0.00163	0.00466	0.00554	0.29327	0.00819
53	0.02022	0.01593	0.07621	0.01401	0.01888	0.01556	0.06144	0.34481	0.19219	0.14987	0.01789	0.01731	0.01263	0.00721	0.00610	0.00189	0.00636	0.00589	0.00579	0.00981
54	0.01752	0.34937	0.17857	0.01278	0.01851	0.01773	0.03969	0.07449	0.06835	0.14906	0.01338	0.01376	0.01000	0.00605	0.00509	0.00164	0.00675	0.00455	0.00397	0.00875
55	0.01356	0.30245	0.05701	0.00978	0.01379	0.02912	0.00888	0.01884	0.15570	0.01849	0.02065	0.02099	0.11204	0.00738	0.00497	0.00156	0.00518	0.00566	0.12162	0.07233
56	0.00993	0.00728	0.00826	0.00796	0.00881	0.00772	0.00521	0.01361	0.15224	0.01538	0.07387	0.03538	0.02330	0.52684	0.07525	0.00507	0.00612	0.00837	0.00432	0.00506
57	0.00974	0.00685	0.00789	0.00800	0.00903	0.00684	0.00561	0.06058	0.03610	0.01683	0.02844	0.19491	0.11558	0.30606	0.01588	0.00357	0.00475	0.08858	0.06967	0.00510

[dist]
# distance from previous block
# <min> <max>
0	18

[block]
# block no. 4 follows, 38 sequences, length 11
# corresponding to MSA columns:
# 1496-1506
name=unknown_E
#
# <colnr> <probs for GDERKNQSTAVLIFYWHMCP>
#	G	D	E	R	K	N	Q	S	T	A	V	L	I	F	Y	W	H	M	C	P
0	0.05369	0.18067	0.35567	0.08512	0.11534	0.01547	0.01692	0.01774	0.01232	0.01780	0.01063	0.01333	0.00842	0.00853	0.06223	0.00235	0.00842	0.00448	0.00272	0.00815
1	0.00711	0.00609	0.00609	0.00609	0.00813	0.00508	0.00457	0.00863	0.01371	0.01625	0.06094	0.05789	0.74862	0.01524	0.00711	0.00203	0.00305	0.01270	0.00559	0.00508
2	0.00758	0.00551	0.00717	0.00820	0.00889	0.00510	0.00571	0.00898	0.01253	0.01668	0.12624	0.59028	0.10526	0.01758	0.00758	0.00235	0.00347	0.05013	0.00571	0.00504
3	0.01533	0.16117	0.11789	0.08175	0.08403	0.12802	0.14043	0.01882	0.01395	0.05637	0.01486	0.02049	0.03502	0.00708	0.00595	0.00185	0.00800	0.07782	0.00344	0.00772
4	0.01189	0.01297	0.08466	0.39917	0.23763	0.01263	0.01616	0.01573	0.01278	0.01703	0.01725	0.02072	0.10235	0.00697	0.00611	0.00194	0.00722	0.00620	0.00312	0.00749
5	0.01377	0.01441	0.01630	0.13918	0.08573	0.19549	0.05559	0.01679	0.03478	0.01558	0.01274	0.01747	0.01100	0.02037	0.28086	0.00468	0.04989	0.00553	0.00313	0.00670
6	0.01383	0.01548	0.10211	0.18369	0.48548	0.01413	0.06208	0.01795	0.01328	0.01870	0.01119	0.01497	0.00899	0.00551	0.00601	0.00186	0.00769	0.00537	0.00287	0.00880
7	0.07322	0.11308	0.07869	0.05830	0.01711	0.06565	0.01054	0.14016	0.01455	0.02048	0.01157	0.01587	0.01012	0.10547	0.00967	0.00216	0.08134	0.00485	0.00362	0.16355
8	0.00935	0.00769	0.01175	0.05924	0.18641	0.00760	0.00927	0.01117	0.01206	0.01637	0.02669	0.55809	0.03079	0.01491	0.00717	0.00226	0.00462	0.01364	0.00480	0.00609
9	0.00961	0.00546	0.00735	0.00735	0.00773	0.00527	0.00490	0.00810	0.00905	0.01169	0.02096	0.02836	0.14985	0.11721	0.02135	0.56729	0.00489	0.00707	0.00330	0.00320
10	0.01200	0.02075	0.40708	0.06648	0.04928	0.01167	0.01592	0.05750	0.01428	0.04400	0.07905	0.02466	0.15565	0.00823	0.00615	0.00192	0.00690	0.00676	0.00384	0.00789

[dist]
# distance from previous block
# <min> <max>
0	2

[block]
# block no. 5 follows, 38 sequences, length 17
# corresponding to MSA columns:
# 1544-1560
name=unknown_F
#
# <colnr> <probs for GDERKNQSTAVLIFYWHMCP>
#	G	D	E	R	K	N	Q	S	T	A	V	L	I	F	Y	W	H	M	C	P
0	0.75324	0.01158	0.00919	0.00822	0.01183	0.01333	0.00671	0.05126	0.01116	0.02696	0.00985	0.04695	0.00828	0.00629	0.00402	0.00189	0.00469	0.00402	0.00392	0.00661
1	0.58847	0.01121	0.01039	0.00875	0.01276	0.01209	0.00722	0.02119	0.01234	0.24671	0.01301	0.01300	0.00904	0.00615	0.00442	0.00186	0.00479	0.00410	0.00485	0.00764
2	0.00851	0.00615	0.00804	0.00757	0.00899	0.00568	0.00568	0.01135	0.01703	0.02412	0.74788	0.04494	0.05676	0.01230	0.00710	0.00189	0.00284	0.01088	0.00662	0.00568
3	0.01146	0.00672	0.00795	0.00726	0.00943	0.00597	0.00558	0.01374	0.01520	0.14161	0.27213	0.04216	0.29190	0.01175	0.00649	0.00186	0.00328	0.00994	0.12934	0.00620
4	0.01316	0.01316	0.01843	0.01579	0.01579	0.01843	0.01316	0.01448	0.00921	0.01448	0.00790	0.01316	0.00790	0.01053	0.01974	0.00263	0.77757	0.00526	0.00263	0.00658
5	0.02287	0.01685	0.01805	0.01384	0.01866	0.01866	0.01143	0.73100	0.02828	0.03791	0.01444	0.01444	0.01023	0.00722	0.00602	0.00181	0.00662	0.00542	0.00602	0.01023
6	0.00874	0.00587	0.00676	0.00676	0.00683	0.00594	0.00389	0.00888	0.00881	0.01181	0.01877	0.03835	0.02143	0.74064	0.07796	0.00608	0.00650	0.00860	0.00362	0.00376
7	0.01496	0.01292	0.01360	0.01224	0.01564	0.01496	0.00952	0.03197	0.74019	0.02516	0.02448	0.02244	0.01836	0.00816	0.00612	0.00204	0.00476	0.00680	0.00612	0.00952
8	0.32765	0.35728	0.02049	0.01002	0.01456	0.01896	0.00906	0.14448	0.01432	0.02326	0.00945	0.01055	0.00771	0.00568	0.00419	0.00160	0.00579	0.00362	0.00362	0.00771
9	0.01624	0.22534	0.02309	0.07615	0.21653	0.04838	0.03584	0.10902	0.15212	0.02093	0.01328	0.01480	0.01059	0.00614	0.00545	0.00172	0.00675	0.00505	0.00382	0.00876
10	0.01513	0.01805	0.31195	0.04608	0.09733	0.01086	0.01488	0.01926	0.01367	0.20300	0.01861	0.17100	0.01616	0.00878	0.00623	0.00199	0.00663	0.00754	0.00444	0.00840
11	0.01537	0.10019	0.45369	0.01680	0.04219	0.10786	0.07092	0.02053	0.01376	0.08704	0.01170	0.01322	0.00849	0.00583	0.00564	0.00180	0.00859	0.00463	0.00312	0.00863
12	0.01420	0.07133	0.11225	0.01113	0.01532	0.01208	0.03933	0.16395	0.08659	0.07076	0.03120	0.03037	0.26505	0.00963	0.00618	0.00188	0.00539	0.00788	0.03772	0.00775
13	0.01070	0.00648	0.00813	0.00821	0.00989	0.00578	0.00610	0.01237	0.01373	0.13591	0.10777	0.34082	0.23562	0.01523	0.00724	0.00220	0.00370	0.05821	0.00598	0.00592
14	0.01373	0.07936	0.31413	0.04599	0.14859	0.04302	0.15931	0.01854	0.01294	0.01812	0.01064	0.01363	0.00829	0.00597	0.00723	0.00192	0.08231	0.00512	0.00275	0.00839
15	0.03852	0.01557	0.08633	0.10204	0.23899	0.03401	0.09145	0.11954	0.11640	0.02235	0.01557	0.01900	0.03070	0.00683	0.00614	0.00193	0.00716	0.03480	0.00397	0.00868
16	0.00751	0.00580	0.00686	0.00724	0.00854	0.00515	0.00518	0.00917	0.01371	0.01775	0.20980	0.31074	0.33932	0.01583	0.00731	0.00214	0.00315	0.01383	0.00582	0.00515

[dist]
# distance from previous block
# <min> <max>
1	3

[block]
# block no. 6 follows, 38 sequences, length 41
# corresponding to MSA columns:
# 1564-1586,1589-1605,1610
name=unknown_G
#
# <colnr> <probs for GDERKNQSTAVLIFYWHMCP>
#	G	D	E	R	K	N	Q	S	T	A	V	L	I	F	Y	W	H	M	C	P
0	0.01428	0.27859	0.05280	0.01324	0.07215	0.09079	0.01068	0.07071	0.01315	0.01661	0.01205	0.01572	0.01069	0.01985	0.27853	0.00444	0.01054	0.00484	0.00315	0.00718
1	0.01482	0.03388	0.11839	0.02031	0.28038	0.01104	0.01342	0.01807	0.01381	0.14597	0.02018	0.10569	0.06801	0.00840	0.00615	0.00187	0.00604	0.03826	0.00432	0.07102
2	0.37846	0.09561	0.01479	0.01139	0.01510	0.30257	0.00913	0.04873	0.01402	0.04851	0.00954	0.01076	0.00757	0.00591	0.00457	0.00168	0.00730	0.00368	0.00360	0.00710
3	0.00751	0.00538	0.00705	0.00827	0.00873	0.00504	0.00559	0.00862	0.01166	0.01547	0.04831	0.67332	0.06714	0.06017	0.00891	0.00261	0.00366	0.04219	0.00550	0.00487
4	0.00966	0.06482	0.04476	0.01019	0.01171	0.00964	0.00840	0.01172	0.00986	0.01401	0.01498	0.02296	0.01434	0.11480	0.54296	0.00778	0.07237	0.00627	0.00314	0.00561
5	0.00721	0.00610	0.00624	0.00620	0.00819	0.00512	0.00465	0.00883	0.01395	0.01683	0.11119	0.05695	0.69801	0.01502	0.00711	0.00202	0.00303	0.01256	0.00566	0.00512
6	0.83108	0.01163	0.00884	0.00791	0.01163	0.01350	0.00651	0.01768	0.01024	0.02699	0.00838	0.00977	0.00651	0.00558	0.00372	0.00186	0.00465	0.00326	0.00372	0.00651
7	0.00776	0.00603	0.00705	0.00698	0.00857	0.00532	0.00516	0.00982	0.01497	0.01966	0.36340	0.12460	0.37053	0.01429	0.00716	0.00201	0.00300	0.01233	0.00605	0.00532
8	0.02247	0.02867	0.01705	0.01550	0.01860	0.76443	0.01162	0.02402	0.01705	0.01472	0.00930	0.01085	0.00775	0.00620	0.00542	0.00155	0.01085	0.00387	0.00310	0.00697
9	0.83108	0.01163	0.00884	0.00791	0.01163	0.01350	0.00651	0.01768	0.01024	0.02699	0.00838	0.00977	0.00651	0.00558	0.00372	0.00186	0.00465	0.00326	0.00372	0.00651
10	0.01121	0.00561	0.00561	0.00561	0.00701	0.00561	0.00421	0.01402	0.01262	0.02243	0.01962	0.02243	0.01542	0.00701	0.00421	0.00140	0.00280	0.00561	0.82198	0.00561
11	0.02287	0.01685	0.01805	0.01384	0.01866	0.01866	0.01143	0.73100	0.02828	0.03791	0.01444	0.01444	0.01023	0.00722	0.00602	0.00181	0.00662	0.00542	0.00602	0.01023
12	0.00733	0.00524	0.00698	0.00838	0.00873	0.00489	0.00558	0.00838	0.01152	0.01536	0.03316	0.78466	0.03979	0.01885	0.00768	0.00244	0.00349	0.01710	0.00558	0.00489
13	0.01489	0.01429	0.02442	0.03692	0.75106	0.01429	0.01846	0.01846	0.01370	0.01965	0.01132	0.01489	0.00953	0.00536	0.00596	0.00179	0.00715	0.00536	0.00298	0.00953
14	0.01564	0.01326	0.01398	0.01238	0.01590	0.01528	0.00969	0.09188	0.67917	0.02626	0.02362	0.02176	0.01767	0.00808	0.00611	0.00202	0.00492	0.00668	0.00611	0.00958
15	0.01428	0.07101	0.08553	0.03667	0.05606	0.01193	0.16595	0.04014	0.05763	0.11011	0.04617	0.12354	0.02991	0.03535	0.00717	0.00205	0.00650	0.03114	0.00443	0.06442
16	0.01383	0.06922	0.57796	0.01652	0.02429	0.01490	0.04545	0.07661	0.01403	0.04759	0.01139	0.01311	0.00817	0.00602	0.00621	0.00189	0.03628	0.00464	0.00303	0.00887
17	0.02247	0.02867	0.01705	0.01550	0.01860	0.76443	0.01162	0.02402	0.01705	0.01472	0.00930	0.01085	0.00775	0.00620	0.00542	0.00155	0.01085	0.00387	0.00310	0.00697
18	0.00727	0.00547	0.00674	0.00775	0.00856	0.00494	0.00531	0.00845	0.01212	0.01560	0.04076	0.58580	0.23374	0.01786	0.00752	0.00233	0.00337	0.01590	0.00558	0.00494
19	0.05122	0.07071	0.21044	0.01571	0.02091	0.33808	0.07970	0.03586	0.01534	0.09099	0.01140	0.01274	0.00855	0.00603	0.00557	0.00172	0.00912	0.00450	0.00343	0.00799
20	0.01571	0.00892	0.01073	0.00931	0.01198	0.03298	0.00722	0.03985	0.06389	0.26140	0.31537	0.08737	0.06605	0.03256	0.00731	0.00203	0.00423	0.00911	0.00652	0.00745
21	0.00830	0.00598	0.00785	0.00771	0.00894	0.00553	0.00566	0.01082	0.01604	0.02254	0.61912	0.17820	0.05370	0.01348	0.00720	0.00199	0.00296	0.01200	0.00644	0.00553
22	0.01429	0.01481	0.05729	0.12035	0.56489	0.01426	0.08929	0.01821	0.01351	0.01909	0.01131	0.01506	0.00923	0.00542	0.00607	0.00184	0.00762	0.00549	0.00293	0.00903
23	0.01486	0.01463	0.02379	0.08986	0.31786	0.06672	0.18559	0.01894	0.04217	0.04571	0.01247	0.01607	0.01004	0.00875	0.06184	0.00248	0.05079	0.00583	0.00326	0.00834
24	0.00729	0.00593	0.00647	0.00670	0.00833	0.00510	0.00489	0.00885	0.01360	0.01686	0.12413	0.20288	0.53667	0.01567	0.00722	0.00210	0.00312	0.01340	0.00569	0.00510
25	0.01247	0.01069	0.01247	0.00891	0.01426	0.00802	0.00713	0.01515	0.01247	0.01960	0.01069	0.01247	0.00891	0.00446	0.00446	0.00089	0.00446	0.00356	0.00356	0.82536
26	0.00765	0.00547	0.00734	0.00866	0.00917	0.00515	0.00606	0.00897	0.01200	0.01601	0.06121	0.67252	0.03986	0.01833	0.00773	0.00246	0.00370	0.09710	0.00562	0.00499
27	0.01887	0.39716	0.05183	0.01270	0.01729	0.21133	0.01136	0.16302	0.01664	0.01927	0.00991	0.01111	0.00823	0.00596	0.00508	0.00151	0.02334	0.00391	0.00340	0.00806
28	0.01096	0.00984	0.01596	0.31246	0.20883	0.01088	0.01332	0.01385	0.01234	0.01663	0.03532	0.25681	0.01949	0.01012	0.00687	0.00210	0.02446	0.00916	0.00375	0.00681
29	0.00726	0.00550	0.00671	0.00767	0.00854	0.00495	0.00527	0.00846	0.01220	0.01563	0.04175	0.56000	0.25890	0.01773	0.00750	0.00232	0.00335	0.01574	0.00558	0.00495
30	0.00877	0.00699	0.00956	0.01017	0.01059	0.00778	0.00760	0.01010	0.01138	0.01554	0.02810	0.53964	0.03293	0.01694	0.01009	0.00252	0.15339	0.10758	0.00501	0.00530
31	0.00740	0.00538	0.00685	0.00798	0.00850	0.00498	0.00533	0.00843	0.01158	0.01520	0.03539	0.64718	0.12122	0.07284	0.00923	0.00263	0.00360	0.01600	0.00545	0.00482
32	0.01207	0.03112	0.75741	0.01715	0.02604	0.01397	0.02223	0.01905	0.01270	0.01905	0.01080	0.01270	0.00762	0.00572	0.00572	0.00191	0.00889	0.00445	0.00254	0.00889
33	0.01496	0.01292	0.01360	0.01224	0.01564	0.01496	0.00952	0.03197	0.74019	0.02516	0.02448	0.02244	0.01836	0.00816	0.00612	0.00204	0.00476	0.00680	0.00612	0.00952
34	0.09734	0.71437	0.02926	0.01006	0.01506	0.02278	0.00992	0.01798	0.01203	0.01543	0.00836	0.00966	0.00760	0.00519	0.00385	0.00134	0.00626	0.00322	0.00269	0.00760
35	0.02239	0.01138	0.01460	0.01321	0.08813	0.01106	0.00965	0.18155	0.01860	0.40758	0.01979	0.01889	0.01341	0.00712	0.00574	0.00177	0.00529	0.00577	0.13464	0.00944
36	0.01351	0.01131	0.01303	0.00940	0.01470	0.00908	0.00756	0.08652	0.01405	0.02143	0.01107	0.01267	0.00904	0.00473	0.00461	0.00098	0.00467	0.00375	0.00381	0.74408
37	0.01082	0.00632	0.01059	0.00958	0.01019	0.00622	0.07741	0.00898	0.00847	0.01133	0.01062	0.01808	0.01032	0.01932	0.02187	0.74292	0.00571	0.00541	0.00266	0.00316
38	0.01083	0.00557	0.00574	0.00588	0.00718	0.00554	0.00434	0.01345	0.01251	0.02172	0.02097	0.09843	0.01785	0.00819	0.00455	0.00151	0.00287	0.00675	0.74058	0.00554
39	0.38493	0.10867	0.06861	0.01067	0.01532	0.01564	0.00961	0.20269	0.01600	0.10029	0.01164	0.01224	0.00853	0.00615	0.00471	0.00178	0.00573	0.00417	0.00446	0.00816
40	0.00895	0.00715	0.00770	0.00740	0.00951	0.00656	0.00568	0.08107	0.01531	0.01911	0.11181	0.10282	0.53101	0.01450	0.00710	0.00206	0.00354	0.04735	0.00572	0.00565

[dist]
# distance from previous block
# <min> <max>
0	13

[block]
# block no. 7 follows, 38 sequences, length 12
# corresponding to MSA columns:
# 1624-1635
name=unknown_H
#
# <colnr> <probs for GDERKNQSTAVLIFYWHMCP>
#	G	D	E	R	K	N	Q	S	T	A	V	L	I	F	Y	W	H	M	C	P
0	0.01594	0.01261	0.02089	0.23788	0.42981	0.01312	0.01636	0.01942	0.01382	0.14200	0.01323	0.01615	0.01001	0.00589	0.00599	0.00186	0.00705	0.00547	0.00364	0.00886
1	0.01414	0.01263	0.01580	0.01806	0.23508	0.07551	0.01089	0.04328	0.01385	0.04699	0.01517	0.14312	0.01446	0.00751	0.00565	0.00155	0.00576	0.00657	0.00393	0.31005
2	0.01459	0.01208	0.01300	0.01178	0.01483	0.01369	0.00908	0.10822	0.53612	0.02498	0.02479	0.14954	0.02103	0.00985	0.00637	0.00208	0.00476	0.00837	0.00602	0.00882
