[name]
unknown

[dist]
# distance from previous block
# <min> <max>
0	194

[block]
# block no. 0 follows, 44 sequences, length 23
# corresponding to MSA columns:
# 260-282
name=unknown_A
#
# <colnr> <probs for GDERKNQSTAVLIFYWHMCP>
#	G	D	E	R	K	N	Q	S	T	A	V	L	I	F	Y	W	H	M	C	P
0	0.01377	0.01019	0.01312	0.01138	0.01421	0.01091	0.06399	0.18920	0.16787	0.07331	0.03873	0.02832	0.01791	0.01341	0.11393	0.00288	0.00658	0.17532	0.02780	0.00719
1	0.01213	0.01119	0.01753	0.08592	0.45018	0.01070	0.01293	0.01501	0.01184	0.01720	0.01153	0.07179	0.01041	0.00559	0.00515	0.00146	0.00563	0.00520	0.00300	0.23563
2	0.00883	0.00661	0.00895	0.00863	0.00957	0.00748	0.00656	0.05122	0.01021	0.01434	0.07168	0.02712	0.01813	0.19603	0.43535	0.00638	0.05666	0.04791	0.00346	0.00487
3	0.00664	0.00474	0.00633	0.00759	0.00791	0.00443	0.00506	0.00759	0.01044	0.01392	0.03005	0.80485	0.03606	0.01708	0.00696	0.00221	0.00316	0.01550	0.00506	0.00443
4	0.01628	0.01306	0.01386	0.01164	0.01521	0.01483	0.00929	0.30469	0.48440	0.02719	0.01874	0.01759	0.01385	0.00707	0.00551	0.00177	0.00495	0.00569	0.00551	0.00887
5	0.00793	0.00529	0.00595	0.00595	0.00595	0.00529	0.00330	0.00793	0.00793	0.01057	0.01718	0.03568	0.01982	0.80840	0.02775	0.00529	0.00529	0.00793	0.00330	0.00330
6	0.02037	0.02598	0.01545	0.01404	0.01685	0.78652	0.01053	0.02177	0.01545	0.01334	0.00843	0.00983	0.00702	0.00562	0.00492	0.00140	0.00983	0.00351	0.00281	0.00632
7	0.01266	0.01522	0.15456	0.13688	0.37036	0.01264	0.09701	0.04679	0.01255	0.01779	0.01025	0.01326	0.00808	0.00498	0.00539	0.00164	0.00698	0.00477	0.00275	0.06543
8	0.01770	0.07522	0.10469	0.06143	0.11772	0.15152	0.01245	0.31850	0.01817	0.05446	0.01127	0.01238	0.00841	0.00581	0.00518	0.00158	0.00698	0.00443	0.00392	0.00818
9	0.01289	0.01148	0.01065	0.00956	0.01194	0.12254	0.00727	0.17577	0.13413	0.02020	0.07776	0.13255	0.18272	0.05687	0.00718	0.00198	0.00493	0.00828	0.00486	0.00644
10	0.01303	0.06550	0.27688	0.11993	0.13553	0.09736	0.04395	0.01695	0.01204	0.03874	0.00988	0.01218	0.00762	0.00519	0.00537	0.00157	0.02746	0.00420	0.00269	0.10392
11	0.01326	0.49319	0.13803	0.01042	0.01528	0.01735	0.01065	0.01577	0.01098	0.01439	0.00825	0.00985	0.00718	0.00499	0.00492	0.00128	0.06475	0.00328	0.00249	0.15370
12	0.01843	0.01115	0.01216	0.01016	0.01278	0.11536	0.00794	0.04832	0.01340	0.37836	0.01666	0.01972	0.01293	0.15466	0.05658	0.00279	0.09100	0.00558	0.00484	0.00717
13	0.01031	0.00797	0.00974	0.06791	0.05472	0.04680	0.00714	0.01234	0.02990	0.07932	0.17740	0.16693	0.13504	0.11252	0.00960	0.00230	0.05086	0.00911	0.00458	0.00551
14	0.01338	0.30587	0.02033	0.16246	0.13815	0.10032	0.01120	0.01665	0.06295	0.01528	0.06730	0.01536	0.03773	0.00593	0.00478	0.00150	0.00620	0.00468	0.00304	0.00689
15	0.00667	0.00492	0.00625	0.00721	0.00783	0.00450	0.00491	0.00778	0.01105	0.01450	0.07618	0.63785	0.15798	0.01621	0.00684	0.00212	0.00306	0.01452	0.00511	0.00450
16	0.01586	0.10144	0.01695	0.01409	0.11769	0.09605	0.04757	0.17662	0.07126	0.06393	0.01240	0.01348	0.00957	0.00553	0.00486	0.00141	0.00581	0.00445	0.06664	0.15438
17	0.01277	0.09260	0.44070	0.04389	0.05085	0.05885	0.10929	0.01844	0.06285	0.04330	0.01092	0.01259	0.00806	0.00529	0.00523	0.00168	0.00765	0.00446	0.00278	0.00780
18	0.01111	0.03836	0.01130	0.02450	0.17503	0.00759	0.00785	0.01242	0.01096	0.09042	0.01960	0.23423	0.04689	0.07050	0.00944	0.11552	0.00448	0.00824	0.09588	0.00566
19	0.00791	0.00543	0.00648	0.04634	0.00850	0.00529	0.00469	0.00924	0.01076	0.01505	0.10840	0.19290	0.14704	0.24806	0.01235	0.00282	0.00376	0.00962	0.15093	0.00440
20	0.06698	0.02171	0.40929	0.01652	0.12202	0.07080	0.01579	0.09353	0.09614	0.01985	0.01131	0.01261	0.00840	0.00554	0.00514	0.00169	0.00711	0.00436	0.00314	0.00805
21	0.01608	0.01802	0.27953	0.01250	0.01757	0.06883	0.01261	0.08049	0.19484	0.19572	0.01585	0.01595	0.01133	0.02887	0.00598	0.00182	0.00626	0.00502	0.00443	0.00831
22	0.01178	0.01362	0.19871	0.01040	0.01419	0.01031	0.01005	0.06070	0.24723	0.04215	0.15133	0.02293	0.05796	0.00763	0.00542	0.00170	0.00472	0.00633	0.11559	0.00725

[dist]
# distance from previous block
# <min> <max>
1	5

[block]
# block no. 1 follows, 44 sequences, length 21
# corresponding to MSA columns:
# 288-308
name=unknown_B
#
# <colnr> <probs for GDERKNQSTAVLIFYWHMCP>
#	G	D	E	R	K	N	Q	S	T	A	V	L	I	F	Y	W	H	M	C	P
0	0.01474	0.28333	0.01702	0.00975	0.01299	0.12769	0.00827	0.04044	0.03922	0.11137	0.10740	0.09511	0.01796	0.00780	0.00504	0.00154	0.00545	0.04849	0.00408	0.04229
1	0.01097	0.00853	0.00884	0.00840	0.01042	0.08301	0.00630	0.03772	0.01271	0.09262	0.04833	0.31625	0.16607	0.01205	0.00612	0.00182	0.00419	0.05270	0.00482	0.10812
2	0.01663	0.22069	0.11005	0.01182	0.01611	0.01638	0.01101	0.25363	0.10178	0.09197	0.01250	0.01300	0.00942	0.00631	0.00616	0.00163	0.08419	0.00447	0.00410	0.00814
3	0.01548	0.01950	0.20561	0.06559	0.11457	0.22832	0.03892	0.02039	0.10484	0.09196	0.03431	0.01421	0.01036	0.00586	0.00530	0.00164	0.00739	0.00470	0.00346	0.00760
4	0.01154	0.01009	0.01257	0.01081	0.08822	0.00817	0.00767	0.01400	0.01131	0.01760	0.00965	0.01154	0.00810	0.00432	0.00467	0.00094	0.03311	0.00345	0.00315	0.72907
5	0.00681	0.00486	0.00651	0.00778	0.00817	0.00457	0.00534	0.00787	0.01060	0.01410	0.02996	0.74823	0.03570	0.01693	0.00700	0.00224	0.00330	0.07050	0.00506	0.00447
6	0.01140	0.00928	0.01246	0.00985	0.01344	0.00798	0.08039	0.07767	0.01261	0.04231	0.01618	0.23371	0.01619	0.00804	0.00526	0.00140	0.00449	0.00719	0.00400	0.42614
7	0.00664	0.00474	0.00633	0.00759	0.00791	0.00443	0.00506	0.00759	0.01044	0.01392	0.03005	0.80485	0.03606	0.01708	0.00696	0.00221	0.00316	0.01550	0.00506	0.00443
8	0.01377	0.01336	0.02395	0.17146	0.23251	0.01372	0.29599	0.13148	0.01435	0.01951	0.01088	0.01409	0.00834	0.00513	0.00581	0.00174	0.00759	0.00546	0.00310	0.00776
9	0.01155	0.01333	0.08831	0.01186	0.01367	0.14655	0.01015	0.01410	0.03535	0.01369	0.01139	0.01594	0.01025	0.02203	0.34955	0.00491	0.21373	0.00499	0.00279	0.00584
10	0.01382	0.01622	0.13420	0.07485	0.17554	0.14617	0.01254	0.08638	0.11888	0.01952	0.13134	0.01782	0.01588	0.00658	0.00547	0.00166	0.00641	0.00547	0.00380	0.00746
11	0.00947	0.00473	0.00710	0.00710	0.00710	0.00473	0.00473	0.00710	0.00710	0.00947	0.00947	0.01657	0.00947	0.01894	0.02131	0.84138	0.00473	0.00473	0.00237	0.00237
12	0.00871	0.00721	0.00959	0.00869	0.00968	0.00809	0.00682	0.01085	0.01340	0.01911	0.52476	0.03411	0.08991	0.01092	0.00939	0.00190	0.20788	0.00866	0.00500	0.00532
13	0.00693	0.00554	0.00619	0.00603	0.00766	0.00481	0.00452	0.00876	0.01357	0.01743	0.32678	0.04801	0.49894	0.01280	0.00644	0.00179	0.00269	0.01088	0.00542	0.00481
14	0.00947	0.00473	0.00710	0.00710	0.00710	0.00473	0.00473	0.00710	0.00710	0.00947	0.00947	0.01657	0.00947	0.01894	0.02131	0.84138	0.00473	0.00473	0.00237	0.00237
15	0.01093	0.02820	0.78016	0.01554	0.02360	0.01266	0.02014	0.01727	0.01151	0.01727	0.00978	0.01151	0.00691	0.00518	0.00518	0.00173	0.00806	0.00403	0.00230	0.00806
16	0.01287	0.01471	0.03217	0.02298	0.02849	0.01379	0.75460	0.01746	0.01287	0.01746	0.01103	0.01471	0.00827	0.00460	0.00643	0.00184	0.00919	0.00643	0.00276	0.00735
17	0.00841	0.00745	0.00740	0.00727	0.00873	0.08208	0.00535	0.01024	0.01373	0.01758	0.35932	0.16014	0.26752	0.01235	0.00637	0.00180	0.00344	0.01062	0.00525	0.00498
18	0.01630	0.01418	0.01804	0.01400	0.01777	0.13246	0.20105	0.22392	0.01764	0.09763	0.17068	0.01930	0.01787	0.00688	0.00583	0.00167	0.00657	0.00617	0.00459	0.00746
19	0.01208	0.23468	0.02243	0.09595	0.17670	0.01387	0.17113	0.01499	0.01228	0.01604	0.08800	0.01903	0.08757	0.00630	0.00530	0.00159	0.00621	0.00580	0.00314	0.00690
20	0.06762	0.11637	0.23923	0.01241	0.01702	0.23556	0.01231	0.03153	0.01323	0.09138	0.01326	0.01694	0.03242	0.00656	0.00507	0.00163	0.00726	0.06981	0.00334	0.00706

[dist]
# distance from previous block
# <min> <max>
3	7

[block]
# block no. 2 follows, 44 sequences, length 117
# corresponding to MSA columns:
# 316-432
name=unknown_C
#
# <colnr> <probs for GDERKNQSTAVLIFYWHMCP>
#	G	D	E	R	K	N	Q	S	T	A	V	L	I	F	Y	W	H	M	C	P
0	0.01665	0.01688	0.04277	0.01417	0.09903	0.31718	0.01017	0.04170	0.11974	0.11007	0.05615	0.06284	0.03638	0.00736	0.00546	0.00165	0.00678	0.02373	0.00414	0.00716
1	0.01636	0.42984	0.10707	0.01173	0.01613	0.27838	0.01097	0.04608	0.01315	0.01430	0.00832	0.00958	0.00708	0.00511	0.00424	0.00133	0.00743	0.00331	0.00261	0.00697
2	0.00779	0.00584	0.00876	0.00876	0.00974	0.00681	0.00681	0.00974	0.00876	0.01266	0.01460	0.02142	0.01363	0.04089	0.78680	0.00876	0.01460	0.00584	0.00292	0.00487
3	0.01625	0.01384	0.01993	0.02547	0.48510	0.01446	0.01430	0.29916	0.01746	0.02413	0.01134	0.01334	0.00888	0.00550	0.00542	0.00163	0.00629	0.00488	0.00375	0.00888
4	0.01451	0.48470	0.10561	0.01112	0.01560	0.13128	0.05582	0.01695	0.01191	0.01439	0.00914	0.01069	0.00774	0.00502	0.00410	0.00131	0.00655	0.00355	0.08318	0.00685
5	0.01424	0.01260	0.01286	0.01149	0.01311	0.19233	0.00909	0.01586	0.01122	0.12572	0.01234	0.01612	0.01053	0.03264	0.28142	0.00433	0.20964	0.00501	0.00333	0.00611
6	0.01356	0.01171	0.01233	0.01109	0.01418	0.01356	0.00863	0.02897	0.76455	0.02281	0.02219	0.02034	0.01664	0.00740	0.00555	0.00185	0.00431	0.00616	0.00555	0.00863
7	0.01198	0.01085	0.01829	0.49138	0.30205	0.01226	0.01545	0.01541	0.01162	0.04406	0.01034	0.01431	0.00799	0.00529	0.00543	0.00174	0.00688	0.00487	0.00268	0.00711
8	0.01207	0.19779	0.01535	0.00837	0.01317	0.01062	0.00713	0.01434	0.01125	0.01661	0.00919	0.01070	0.00782	0.00418	0.00391	0.00089	0.00446	0.00316	0.00302	0.64595
9	0.00680	0.00487	0.00647	0.00748	0.00794	0.00453	0.00507	0.00799	0.01117	0.01509	0.13932	0.69223	0.03832	0.01621	0.00688	0.00214	0.00308	0.01467	0.00520	0.00453
10	0.02096	0.00850	0.01153	0.00911	0.01271	0.00741	0.00741	0.02317	0.01557	0.62022	0.17814	0.02319	0.02142	0.00767	0.00568	0.00169	0.00421	0.00640	0.00659	0.00841
11	0.01687	0.01262	0.01764	0.11249	0.29600	0.01334	0.01279	0.23800	0.07078	0.13428	0.01354	0.01473	0.00995	0.00589	0.00544	0.00167	0.00600	0.00506	0.00428	0.00861
12	0.00793	0.00529	0.00595	0.00595	0.00595	0.00529	0.00330	0.00793	0.00793	0.01057	0.01718	0.03568	0.01982	0.80840	0.02775	0.00529	0.00529	0.00793	0.00330	0.00330
13	0.01799	0.35336	0.02108	0.01185	0.01566	0.35283	0.01000	0.12773	0.01512	0.01622	0.00876	0.00986	0.00734	0.00536	0.00440	0.00134	0.00759	0.00347	0.00300	0.00704
14	0.01833	0.01408	0.01501	0.01206	0.01599	0.01579	0.00978	0.51320	0.27255	0.03050	0.01613	0.01551	0.01173	0.00683	0.00549	0.00171	0.00544	0.00533	0.00549	0.00906
15	0.00772	0.00557	0.00729	0.00686	0.00814	0.00514	0.00514	0.01029	0.01543	0.02186	0.77152	0.04072	0.05144	0.01115	0.00643	0.00171	0.00257	0.00986	0.00600	0.00514
16	0.01287	0.01471	0.03217	0.02298	0.02849	0.01379	0.75460	0.01746	0.01287	0.01746	0.01103	0.01471	0.00827	0.00460	0.00643	0.00184	0.00919	0.00643	0.00276	0.00735
17	0.01515	0.01401	0.07572	0.02402	0.38650	0.01293	0.12343	0.09044	0.07873	0.10512	0.01290	0.01465	0.00975	0.00544	0.00556	0.00169	0.00655	0.00522	0.00364	0.00854
18	0.00793	0.00529	0.00595	0.00595	0.00595	0.00529	0.00330	0.00793	0.00793	0.01057	0.01718	0.03568	0.01982	0.80840	0.02775	0.00529	0.00529	0.00793	0.00330	0.00330
19	0.00947	0.00473	0.00710	0.00710	0.00710	0.00473	0.00473	0.00710	0.00710	0.00947	0.00947	0.01657	0.00947	0.01894	0.02131	0.84138	0.00473	0.00473	0.00237	0.00237
20	0.01450	0.01634	0.02340	0.01852	0.05012	0.22943	0.40738	0.01712	0.01273	0.01514	0.01004	0.01357	0.00811	0.00701	0.00816	0.12544	0.00861	0.00530	0.00271	0.00638
21	0.00663	0.00480	0.00627	0.00744	0.00787	0.00444	0.00499	0.00761	0.01058	0.01398	0.03186	0.75067	0.08906	0.01684	0.00692	0.00219	0.00313	0.01521	0.00506	0.00444
22	0.00947	0.00473	0.00710	0.00710	0.00710	0.00473	0.00473	0.00710	0.00710	0.00947	0.00947	0.01657	0.00947	0.01894	0.02131	0.84138	0.00473	0.00473	0.00237	0.00237
23	0.01592	0.01526	0.01297	0.01130	0.01326	0.27267	0.00854	0.14867	0.01413	0.05844	0.01225	0.01846	0.01140	0.23188	0.01337	0.00270	0.12380	0.00530	0.00358	0.00611
24	0.01300	0.01302	0.01394	0.27575	0.02120	0.18662	0.01094	0.04485	0.01184	0.01490	0.01070	0.01530	0.00913	0.06141	0.04346	0.00230	0.14659	0.00481	0.09436	0.00589
25	0.00668	0.00531	0.00603	0.00655	0.00783	0.00466	0.00479	0.00800	0.01176	0.01457	0.04484	0.30685	0.47059	0.01500	0.00670	0.00201	0.00306	0.06514	0.00506	0.00457
26	0.01130	0.00969	0.01130	0.00807	0.01292	0.00727	0.00646	0.01373	0.01130	0.01776	0.00969	0.01130	0.00807	0.00404	0.00404	0.00081	0.00404	0.00323	0.00323	0.84173
27	0.01287	0.01471	0.03217	0.02298	0.02849	0.01379	0.75460	0.01746	0.01287	0.01746	0.01103	0.01471	0.00827	0.00460	0.00643	0.00184	0.00919	0.00643	0.00276	0.00735
28	0.01130	0.00969	0.01130	0.00807	0.01292	0.00727	0.00646	0.01373	0.01130	0.01776	0.00969	0.01130	0.00807	0.00404	0.00404	0.00081	0.00404	0.00323	0.00323	0.84173
29	0.02072	0.01527	0.01636	0.01254	0.01691	0.01691	0.01036	0.75622	0.02563	0.03436	0.01309	0.01309	0.00927	0.00654	0.00545	0.00164	0.00600	0.00491	0.00545	0.00927
30	0.01230	0.29145	0.47283	0.01398	0.02071	0.01575	0.06938	0.01696	0.01146	0.01578	0.00913	0.01081	0.00703	0.00496	0.00470	0.00155	0.00739	0.00383	0.00234	0.00765
31	0.00664	0.00474	0.00633	0.00759	0.00791	0.00443	0.00506	0.00759	0.01044	0.01392	0.03005	0.80485	0.03606	0.01708	0.00696	0.00221	0.00316	0.01550	0.00506	0.00443
32	0.00999	0.00675	0.00849	0.00859	0.00986	0.00677	0.00627	0.12128	0.01315	0.06232	0.05373	0.53171	0.02953	0.01632	0.06279	0.00256	0.00453	0.03473	0.00510	0.00552
33	0.08877	0.13032	0.01625	0.01357	0.12605	0.01343	0.00969	0.08816	0.22085	0.21373	0.01602	0.01552	0.01165	0.00617	0.00501	0.00164	0.00508	0.00493	0.00476	0.00838
34	0.13714	0.01506	0.02054	0.01607	0.01947	0.13508	0.28389	0.04788	0.07551	0.01810	0.01035	0.01292	0.00824	0.00615	0.00796	0.00185	0.16874	0.00504	0.00312	0.00688
35	0.01318	0.01323	0.02096	0.21315	0.49259	0.06851	0.06678	0.01648	0.01230	0.01654	0.01004	0.01356	0.00817	0.00504	0.00545	0.00167	0.00709	0.00487	0.00264	0.00776
36	0.01382	0.01159	0.01654	0.47631	0.08342	0.01354	0.01351	0.24895	0.01568	0.02081	0.01097	0.01412	0.00814	0.00577	0.00541	0.00173	0.00671	0.00487	0.02085	0.00724
37	0.00867	0.00639	0.00848	0.00949	0.01076	0.00642	0.00794	0.01181	0.06637	0.01633	0.03007	0.17080	0.07334	0.01474	0.00724	0.00238	0.00456	0.53398	0.00507	0.00517
38	0.07232	0.00915	0.01011	0.00926	0.02732	0.00965	0.00706	0.08021	0.25183	0.08508	0.13878	0.02918	0.19619	0.01046	0.03731	0.00206	0.00432	0.00752	0.00527	0.00693
39	0.01003	0.00933	0.01563	0.73859	0.03541	0.01156	0.01441	0.01347	0.01087	0.01393	0.01116	0.07144	0.00934	0.00629	0.00556	0.00185	0.00697	0.00561	0.00261	0.00594
40	0.00982	0.01551	0.28798	0.01379	0.01804	0.00968	0.18598	0.01340	0.01102	0.01545	0.01649	0.22489	0.01679	0.12518	0.00923	0.00240	0.00663	0.00818	0.00328	0.00624
41	0.01619	0.17008	0.04513	0.06682	0.01587	0.01485	0.00950	0.37400	0.01821	0.02507	0.01262	0.01379	0.00957	0.00600	0.00471	0.00148	0.00541	0.00451	0.17851	0.00767
42	0.01581	0.16145	0.19384	0.01614	0.15098	0.05811	0.01328	0.18786	0.06721	0.06708	0.01172	0.01267	0.00885	0.00562	0.00501	0.00157	0.00654	0.00438	0.00362	0.00826
43	0.01573	0.62664	0.02542	0.01030	0.01458	0.15371	0.00955	0.04014	0.03556	0.01388	0.00835	0.00942	0.00737	0.00497	0.00387	0.00124	0.00648	0.00318	0.00261	0.00700
44	0.84691	0.01054	0.00801	0.00717	0.01054	0.01223	0.00590	0.01603	0.00928	0.02446	0.00759	0.00886	0.00590	0.00506	0.00337	0.00169	0.00422	0.00295	0.00337	0.00590
45	0.01338	0.01269	0.08440	0.14732	0.04159	0.01233	0.01065	0.23517	0.16625	0.02233	0.02271	0.02286	0.16924	0.00786	0.00565	0.00176	0.00541	0.00644	0.00449	0.00748
46	0.01235	0.01307	0.12008	0.06058	0.08074	0.06156	0.04002	0.15899	0.01350	0.01792	0.01511	0.12110	0.01498	0.23229	0.01186	0.00275	0.00622	0.00696	0.00365	0.00628
47	0.01286	0.06925	0.01739	0.27707	0.02251	0.01553	0.01259	0.12314	0.01195	0.01650	0.00892	0.01275	0.00749	0.00737	0.01083	0.00200	0.35776	0.00468	0.00285	0.00656
48	0.00715	0.00546	0.00635	0.00627	0.00756	0.00489	0.00452	0.00883	0.01301	0.01712	0.34249	0.09994	0.33954	0.10217	0.00887	0.00220	0.00300	0.01072	0.00525	0.00467
49	0.00756	0.00557	0.00707	0.00670	0.00805	0.00508	0.00502	0.00999	0.01507	0.02100	0.68479	0.04215	0.13871	0.01147	0.00643	0.00173	0.00259	0.01006	0.00589	0.00508
50	0.01458	0.81168	0.02857	0.00933	0.01399	0.02157	0.00933	0.01632	0.01108	0.01283	0.00758	0.00875	0.00700	0.00466	0.00350	0.00117	0.00583	0.00292	0.00233	0.00700
51	0.02446	0.00928	0.01265	0.00970	0.01392	0.00801	0.00801	0.02657	0.01560	0.77817	0.02151	0.01856	0.01350	0.00675	0.00548	0.00169	0.00464	0.00548	0.00675	0.00928
52	0.00691	0.00516	0.00654	0.00709	0.00798	0.00479	0.00501	0.00837	0.01180	0.01570	0.19286	0.42780	0.19147	0.01684	0.06289	0.00250	0.00378	0.01276	0.00511	0.00465
53	0.00844	0.00616	0.00830	0.00937	0.01072	0.00603	0.00810	0.01078	0.01253	0.01608	0.03275	0.06017	0.14055	0.01488	0.00737	0.00241	0.00469	0.63068	0.00503	0.00496
54	0.00675	0.00542	0.00604	0.00623	0.00770	0.00471	0.00460	0.00827	0.01256	0.01576	0.16337	0.18253	0.50772	0.01400	0.00656	0.00191	0.00287	0.03314	0.00521	0.00467
55	0.00793	0.00529	0.00595	0.00595	0.00595	0.00529	0.00330	0.00793	0.00793	0.01057	0.01718	0.03568	0.01982	0.80840	0.02775	0.00529	0.00529	0.00793	0.00330	0.00330
56	0.01140	0.01081	0.01834	0.53298	0.29126	0.01240	0.01569	0.01489	0.01142	0.01527	0.00988	0.01418	0.00774	0.00525	0.00543	0.00175	0.00700	0.00485	0.00252	0.00694
57	0.01362	0.60675	0.22515	0.01095	0.01650	0.01924	0.01216	0.01657	0.01119	0.01399	0.00816	0.00947	0.00697	0.00480	0.00394	0.00131	0.00641	0.00321	0.00232	0.00727
58	0.50816	0.01592	0.01154	0.01138	0.06767	0.27340	0.00825	0.01801	0.01159	0.02023	0.00806	0.00952	0.00648	0.00523	0.00404	0.00159	0.00627	0.00328	0.00313	0.00624
59	0.00660	0.00553	0.00574	0.00569	0.00746	0.00467	0.00427	0.00813	0.01280	0.01562	0.14440	0.05100	0.68246	0.01348	0.00644	0.00183	0.00274	0.01130	0.00518	0.00467
60	0.01265	0.01668	0.15651	0.02354	0.15690	0.01345	0.50296	0.01730	0.01256	0.01749	0.01069	0.01396	0.00810	0.00474	0.00604	0.00178	0.00853	0.00576	0.00267	0.00769
61	0.01130	0.00969	0.01130	0.00807	0.01292	0.00727	0.00646	0.01373	0.01130	0.01776	0.00969	0.01130	0.00807	0.00404	0.00404	0.00081	0.00404	0.00323	0.00323	0.84173
62	0.00879	0.00628	0.00879	0.01004	0.01130	0.00628	0.00879	0.01130	0.01255	0.01632	0.02887	0.06150	0.03138	0.01506	0.00753	0.00251	0.00502	0.73770	0.00502	0.00502
63	0.00947	0.00473	0.00710	0.00710	0.00710	0.00473	0.00473	0.00710	0.00710	0.00947	0.00947	0.01657	0.00947	0.01894	0.02131	0.84138	0.00473	0.00473	0.00237	0.00237
64	0.01093	0.02820	0.78016	0.01554	0.02360	0.01266	0.02014	0.01727	0.01151	0.01727	0.00978	0.01151	0.00691	0.00518	0.00518	0.00173	0.00806	0.00403	0.00230	0.00806
65	0.01458	0.81168	0.02857	0.00933	0.01399	0.02157	0.00933	0.01632	0.01108	0.01283	0.00758	0.00875	0.00700	0.00466	0.00350	0.00117	0.00583	0.00292	0.00233	0.00700
66	0.01165	0.01044	0.03272	0.00853	0.01338	0.00795	0.00704	0.03561	0.04218	0.01843	0.01029	0.01173	0.00842	0.00428	0.00417	0.00090	0.00422	0.00342	0.00336	0.76129
67	0.01406	0.00779	0.01151	0.12655	0.01603	0.00765	0.03151	0.01640	0.01299	0.27252	0.02319	0.16342	0.02185	0.01085	0.00640	0.00206	0.00504	0.23843	0.00515	0.00658
68	0.02037	0.02598	0.01545	0.01404	0.01685	0.78652	0.01053	0.02177	0.01545	0.01334	0.00843	0.00983	0.00702	0.00562	0.00492	0.00140	0.00983	0.00351	0.00281	0.00632
69	0.01941	0.01147	0.01551	0.07175	0.17485	0.01158	0.01076	0.21896	0.01708	0.32565	0.01585	0.01583	0.01092	0.00618	0.00537	0.00165	0.00547	0.00513	0.04788	0.00870
70	0.23756	0.16148	0.14191	0.01046	0.01470	0.06123	0.00993	0.02013	0.20179	0.04829	0.03543	0.01357	0.01072	0.00588	0.00451	0.00162	0.00548	0.00428	0.00373	0.00728
71	0.84691	0.01054	0.00801	0.00717	0.01054	0.01223	0.00590	0.01603	0.00928	0.02446	0.00759	0.00886	0.00590	0.00506	0.00337	0.00169	0.00422	0.00295	0.00337	0.00590
72	0.84691	0.01054	0.00801	0.00717	0.01054	0.01223	0.00590	0.01603	0.00928	0.02446	0.00759	0.00886	0.00590	0.00506	0.00337	0.00169	0.00422	0.00295	0.00337	0.00590
73	0.01193	0.01193	0.01670	0.01431	0.01431	0.01670	0.01193	0.01312	0.00835	0.01312	0.00716	0.01193	0.00716	0.00954	0.01789	0.00239	0.79843	0.00477	0.00239	0.00596
74	0.00763	0.00533	0.00609	0.00628	0.00668	0.00516	0.00393	0.00809	0.00916	0.01189	0.02511	0.11121	0.14116	0.56082	0.02121	0.00429	0.00467	0.05374	0.00385	0.00372
75	0.01160	0.18902	0.51002	0.01355	0.01971	0.01442	0.01615	0.01614	0.01093	0.01557	0.00955	0.01244	0.00773	0.05447	0.00730	0.00188	0.07567	0.00410	0.00238	0.00736
76	0.00782	0.00572	0.00815	0.00815	0.00892	0.00648	0.00606	0.00935	0.00858	0.01221	0.01516	0.02450	0.01497	0.20658	0.62294	0.00801	0.01259	0.00629	0.00300	0.00453
77	0.01137	0.01079	0.01830	0.53838	0.28604	0.01240	0.01568	0.01487	0.01141	0.01524	0.00988	0.01418	0.00773	0.00525	0.00543	0.00175	0.00700	0.00485	0.00252	0.00693
78	0.00971	0.00584	0.00688	0.00667	0.00788	0.00534	0.00455	0.01059	0.01079	0.12548	0.03095	0.17596	0.23583	0.32222	0.01468	0.00322	0.00409	0.00994	0.00463	0.00476
79	0.01114	0.00846	0.01229	0.15631	0.08933	0.00896	0.03117	0.11839	0.01322	0.03495	0.10975	0.21694	0.02089	0.01118	0.00831	0.12559	0.00502	0.00820	0.00409	0.00581
80	0.01122	0.01022	0.01456	0.01091	0.01485	0.00914	0.11720	0.01369	0.01089	0.01655	0.01027	0.01363	0.00890	0.04304	0.05890	0.00186	0.09262	0.00425	0.00305	0.53425
81	0.07129	0.01136	0.01522	0.08893	0.20140	0.01189	0.03345	0.14874	0.10289	0.04175	0.01309	0.01676	0.01087	0.10761	0.00801	0.00206	0.00566	0.00516	0.00380	0.10005
82	0.01471	0.47527	0.05659	0.01238	0.01701	0.01846	0.13359	0.12527	0.01362	0.01730	0.03776	0.01179	0.00922	0.00535	0.00490	0.00143	0.03088	0.00416	0.00300	0.00733
83	0.00884	0.00696	0.00953	0.00870	0.01020	0.00701	0.05952	0.01230	0.09875	0.01716	0.26795	0.03581	0.07363	0.19831	0.09402	0.00339	0.00538	0.07271	0.00462	0.00521
84	0.04749	0.01244	0.01631	0.06133	0.06482	0.05839	0.12548	0.15958	0.01491	0.02108	0.07621	0.01487	0.01192	0.00550	0.00509	0.00139	0.00581	0.00484	0.00373	0.28880
85	0.01341	0.00906	0.01394	0.01096	0.01445	0.00828	0.12096	0.01593	0.01168	0.19252	0.01429	0.01692	0.01124	0.01718	0.26872	0.00385	0.00853	0.00512	0.00387	0.23909
86	0.27652	0.01059	0.01082	0.00921	0.01226	0.01147	0.00730	0.26456	0.01565	0.09814	0.01664	0.16020	0.03505	0.04067	0.00601	0.00192	0.00467	0.00661	0.00476	0.00695
87	0.01184	0.01490	0.13602	0.01802	0.02287	0.01229	0.43636	0.01775	0.11717	0.01800	0.04508	0.09603	0.01379	0.00660	0.00618	0.00186	0.00747	0.00710	0.00344	0.00725
88	0.00679	0.00540	0.00611	0.00632	0.00774	0.00472	0.00465	0.00833	0.01257	0.01590	0.17890	0.20295	0.46986	0.01403	0.00658	0.00191	0.00288	0.03446	0.00523	0.00468
89	0.01458	0.81168	0.02857	0.00933	0.01399	0.02157	0.00933	0.01632	0.01108	0.01283	0.00758	0.00875	0.00700	0.00466	0.00350	0.00117	0.00583	0.00292	0.00233	0.00700
90	0.01132	0.02577	0.66700	0.01488	0.02221	0.01279	0.01845	0.01899	0.12249	0.01808	0.01161	0.01281	0.00834	0.00551	0.00523	0.00174	0.00751	0.00434	0.00278	0.00814
91	0.00800	0.00566	0.00750	0.00768	0.00826	0.00605	0.00553	0.00915	0.00895	0.01226	0.01786	0.03374	0.01903	0.38222	0.33062	0.00628	0.00900	0.11464	0.00340	0.00419
92	0.00947	0.00473	0.00710	0.00710	0.00710	0.00473	0.00473	0.00710	0.00710	0.00947	0.00947	0.01657	0.00947	0.01894	0.02131	0.84138	0.00473	0.00473	0.00237	0.00237
93	0.02037	0.02598	0.01545	0.01404	0.01685	0.78652	0.01053	0.02177	0.01545	0.01334	0.00843	0.00983	0.00702	0.00562	0.00492	0.00140	0.00983	0.00351	0.00281	0.00632
94	0.02037	0.02598	0.01545	0.01404	0.01685	0.78652	0.01053	0.02177	0.01545	0.01334	0.00843	0.00983	0.00702	0.00562	0.00492	0.00140	0.00983	0.00351	0.00281	0.00632
95	0.00658	0.00499	0.00607	0.00694	0.00774	0.00448	0.00477	0.00766	0.01106	0.01417	0.03795	0.56867	0.26713	0.01605	0.00680	0.00210	0.00304	0.01425	0.00506	0.00448
96	0.00798	0.00601	0.00743	0.00700	0.00848	0.00568	0.00527	0.01133	0.06900	0.02105	0.62908	0.04071	0.13797	0.01120	0.00637	0.00174	0.00272	0.00980	0.00585	0.00533
97	0.00664	0.00474	0.00633	0.00759	0.00791	0.00443	0.00506	0.00759	0.01044	0.01392	0.03005	0.80485	0.03606	0.01708	0.00696	0.00221	0.00316	0.01550	0.00506	0.00443
98	0.39200	0.00984	0.01058	0.00857	0.01241	0.00990	0.00707	0.02186	0.01278	0.44135	0.01529	0.01422	0.01010	0.00599	0.00454	0.00169	0.00445	0.00435	0.00524	0.00777
99	0.00671	0.00508	0.00620	0.00687	0.00777	0.00457	0.00479	0.00798	0.01164	0.01511	0.12624	0.48475	0.26181	0.01538	0.00674	0.00204	0.00297	0.01361	0.00517	0.00457
100	0.00673	0.00553	0.00592	0.00583	0.00754	0.00472	0.00437	0.00838	0.01311	0.01634	0.21737	0.04981	0.60904	0.01320	0.00644	0.00181	0.00272	0.01113	0.00528	0.00472
101	0.84691	0.01054	0.00801	0.00717	0.01054	0.01223	0.00590	0.01603	0.00928	0.02446	0.00759	0.00886	0.00590	0.00506	0.00337	0.00169	0.00422	0.00295	0.00337	0.00590
102	0.30227	0.00963	0.00904	0.00775	0.01055	0.01064	0.00624	0.20778	0.01439	0.02542	0.01303	0.01447	0.00996	0.00596	0.00409	0.00151	0.00402	0.00430	0.33249	0.00646
103	0.01721	0.04621	0.01499	0.01180	0.01555	0.04102	0.00954	0.37134	0.36069	0.02754	0.01685	0.01610	0.01246	0.00683	0.00540	0.00171	0.00535	0.00535	0.00528	0.00879
104	0.00701	0.00520	0.00659	0.00729	0.00818	0.00477	0.00526	0.00849	0.01195	0.01577	0.17054	0.44411	0.18321	0.01515	0.00682	0.00208	0.00316	0.08455	0.00523	0.00465
105	0.01246	0.01644	0.23995	0.01980	0.29477	0.01149	0.01442	0.06911	0.01305	0.01908	0.05666	0.01409	0.01067	0.00529	0.00512	0.00149	0.00616	0.00458	0.00309	0.18228
106	0.13572	0.01152	0.01320	0.01176	0.01256	0.08010	0.00941	0.01323	0.00931	0.01472	0.01078	0.10223	0.01125	0.06756	0.03014	0.00252	0.44960	0.00585	0.00295	0.00560
107	0.21960	0.01005	0.01105	0.00945	0.01232	0.01114	0.00765	0.22985	0.01453	0.09601	0.01320	0.01560	0.01046	0.01778	0.26840	0.00405	0.00823	0.00480	0.02902	0.00683
108	0.01655	0.31747	0.09200	0.01356	0.07086	0.20419	0.01145	0.14915	0.01475	0.01756	0.00914	0.01051	0.00752	0.00549	0.00506	0.00144	0.03913	0.00373	0.00303	0.00741
109	0.00758	0.00607	0.00805	0.00837	0.00897	0.00659	0.00612	0.00876	0.01009	0.01362	0.02767	0.43389	0.13639	0.04289	0.13359	0.00332	0.11739	0.01163	0.00429	0.00471
110	0.00667	0.00553	0.00584	0.00576	0.00750	0.00470	0.00432	0.00826	0.01296	0.01600	0.18256	0.05038	0.64406	0.01333	0.00644	0.00182	0.00273	0.01121	0.00523	0.00470
111	0.01600	0.01684	0.01345	0.01215	0.01514	0.29120	0.00931	0.02638	0.49548	0.01941	0.01725	0.01657	0.01319	0.00676	0.00532	0.00169	0.00630	0.00521	0.00456	0.00780
112	0.84691	0.01054	0.00801	0.00717	0.01054	0.01223	0.00590	0.01603	0.00928	0.02446	0.00759	0.00886	0.00590	0.00506	0.00337	0.00169	0.00422	0.00295	0.00337	0.00590
113	0.00680	0.00548	0.00606	0.00603	0.00761	0.00474	0.00448	0.00847	0.01309	0.01659	0.24650	0.10347	0.52489	0.01333	0.00648	0.00183	0.00274	0.01135	0.00532	0.00474
114	0.01030	0.00969	0.01635	0.79530	0.03755	0.01211	0.01514	0.01393	0.01090	0.01393	0.00969	0.01453	0.00727	0.00545	0.00545	0.00182	0.00727	0.00484	0.00242	0.00606
115	0.00664	0.00474	0.00633	0.00759	0.00791	0.00443	0.00506	0.00759	0.01044	0.01392	0.03005	0.80485	0.03606	0.01708	0.00696	0.00221	0.00316	0.01550	0.00506	0.00443
116	0.00772	0.00557	0.00729	0.00686	0.00814	0.00514	0.00514	0.01029	0.01543	0.02186	0.77152	0.04072	0.05144	0.01115	0.00643	0.00171	0.00257	0.00986	0.00600	0.00514

[dist]
# distance from previous block
# <min> <max>
4	29

[block]
# block no. 3 follows, 44 sequences, length 16
# corresponding to MSA columns:
# 462-477
name=unknown_D
#
# <colnr> <probs for GDERKNQSTAVLIFYWHMCP>
#	G	D	E	R	K	N	Q	S	T	A	V	L	I	F	Y	W	H	M	C	P
0	0.38690	0.01146	0.01089	0.00932	0.01278	0.01293	0.00753	0.15079	0.22846	0.06751	0.01521	0.01498	0.03729	0.00640	0.00459	0.00173	0.00453	0.00466	0.00461	0.00742
1	0.01145	0.01135	0.01600	0.67001	0.03406	0.08462	0.01428	0.01566	0.06153	0.01447	0.01040	0.01448	0.00787	0.00560	0.00541	0.00178	0.00731	0.00481	0.00267	0.00625
2	0.01103	0.00996	0.01358	0.01437	0.13344	0.03471	0.00969	0.03770	0.00980	0.01396	0.01158	0.01924	0.01152	0.18923	0.17140	0.00412	0.29042	0.00566	0.00286	0.00572
3	0.43606	0.01065	0.01011	0.00804	0.01209	0.01069	0.00655	0.08478	0.01163	0.02272	0.00895	0.01023	0.00709	0.00479	0.00383	0.00133	0.00431	0.00325	0.00351	0.33939
4	0.01096	0.00966	0.00901	0.00859	0.01003	0.15766	0.00655	0.01306	0.01204	0.01662	0.15970	0.02234	0.01954	0.01829	0.25592	0.00381	0.02896	0.00593	0.22604	0.00529
5	0.00669	0.00546	0.00591	0.00595	0.00755	0.00468	0.00440	0.00824	0.01279	0.01593	0.18096	0.11731	0.57793	0.01362	0.00649	0.00185	0.00276	0.01157	0.00523	0.00468
6	0.01030	0.00969	0.01635	0.79530	0.03755	0.01211	0.01514	0.01393	0.01090	0.01393	0.00969	0.01453	0.00727	0.00545	0.00545	0.00182	0.00727	0.00484	0.00242	0.00606
7	0.00666	0.00551	0.00586	0.00593	0.00762	0.00471	0.00446	0.00817	0.01260	0.01541	0.11981	0.09325	0.63590	0.01379	0.00651	0.00188	0.00285	0.03926	0.00515	0.00466
8	0.01093	0.02820	0.78016	0.01554	0.02360	0.01266	0.02014	0.01727	0.01151	0.01727	0.00978	0.01151	0.00691	0.00518	0.00518	0.00173	0.00806	0.00403	0.00230	0.00806
9	0.00702	0.00555	0.00632	0.00613	0.00772	0.00485	0.00460	0.00894	0.01379	0.01795	0.37923	0.04716	0.44617	0.01260	0.00644	0.00178	0.00268	0.01076	0.00549	0.00485
10	0.00947	0.00473	0.00710	0.00710	0.00710	0.00473	0.00473	0.00710	0.00710	0.00947	0.00947	0.01657	0.00947	0.01894	0.02131	0.84138	0.00473	0.00473	0.00237	0.00237
11	0.00878	0.00572	0.00741	0.00722	0.00787	0.00599	0.00493	0.00972	0.00899	0.05421	0.05000	0.02973	0.01861	0.44764	0.30354	0.00620	0.00854	0.00711	0.00347	0.00429
12	0.05225	0.01373	0.01717	0.08642	0.09303	0.06557	0.10834	0.18532	0.27643	0.02282	0.01484	0.01558	0.01116	0.00619	0.00548	0.00174	0.00617	0.00535	0.00432	0.00810
13	0.01477	0.14340	0.06122	0.04450	0.21815	0.13933	0.01212	0.04402	0.23206	0.01810	0.01305	0.01405	0.01032	0.00578	0.00505	0.00159	0.00639	0.00466	0.00354	0.00790
14	0.00746	0.00517	0.00609	0.00652	0.00737	0.00482	0.00451	0.00879	0.01121	0.01540	0.11710	0.31126	0.18627	0.14090	0.00970	0.00245	0.00331	0.02747	0.11974	0.00447
15	0.17485	0.12211	0.01416	0.00958	0.01353	0.03741	0.00794	0.15453	0.14799	0.02234	0.03772	0.01337	0.01070	0.00567	0.00447	0.00141	0.00486	0.00420	0.00404	0.20910

[dist]
# distance from previous block
# <min> <max>
1	2

[block]
# block no. 4 follows, 44 sequences, length 18
# corresponding to MSA columns:
# 481-498
name=unknown_E
#
# <colnr> <probs for GDERKNQSTAVLIFYWHMCP>
#	G	D	E	R	K	N	Q	S	T	A	V	L	I	F	Y	W	H	M	C	P
0	0.01828	0.07567	0.08221	0.01227	0.01628	0.23441	0.01052	0.27519	0.07380	0.08209	0.01481	0.01492	0.05248	0.00652	0.00520	0.00158	0.00684	0.00480	0.00429	0.00785
1	0.01331	0.19756	0.01363	0.00823	0.01104	0.00996	0.00688	0.01594	0.04289	0.19315	0.32043	0.06379	0.06405	0.00886	0.00551	0.00161	0.00392	0.00741	0.00520	0.00661
2	0.01274	0.01119	0.01985	0.21158	0.09790	0.01160	0.22649	0.01598	0.01215	0.09436	0.05518	0.04631	0.01200	0.00630	0.00684	0.00177	0.07678	0.00593	0.00335	0.07169
3	0.01594	0.18288	0.08385	0.01403	0.01829	0.23077	0.13504	0.08338	0.14954	0.01774	0.01167	0.01273	0.00914	0.00561	0.00506	0.00155	0.00743	0.00452	0.00338	0.00744
4	0.08096	0.01259	0.01961	0.01727	0.11656	0.04249	0.21255	0.06557	0.01292	0.15721	0.01218	0.01445	0.00925	0.00836	0.05709	0.00227	0.14230	0.00525	0.00365	0.00745
5	0.00664	0.00474	0.00633	0.00759	0.00791	0.00443	0.00506	0.00759	0.01044	0.01392	0.03005	0.80485	0.03606	0.01708	0.00696	0.00221	0.00316	0.01550	0.00506	0.00443
6	0.01080	0.00733	0.01075	0.23414	0.03356	0.00772	0.00924	0.01318	0.01196	0.11429	0.02373	0.19399	0.07992	0.01085	0.00621	0.00200	0.00494	0.16779	0.05182	0.00579
7	0.01298	0.01276	0.02272	0.13304	0.57570	0.01295	0.11645	0.01646	0.01227	0.01725	0.01028	0.01380	0.00840	0.00490	0.00554	0.00168	0.00695	0.00507	0.00267	0.00812
8	0.01437	0.38548	0.29766	0.01215	0.01798	0.01752	0.01342	0.14989	0.01385	0.01831	0.00937	0.01053	0.00737	0.00519	0.00446	0.00145	0.00666	0.00368	0.00288	0.00779
9	0.00678	0.00521	0.00621	0.00666	0.00775	0.00464	0.00473	0.00822	0.01219	0.01580	0.18695	0.36556	0.32041	0.01465	0.00666	0.00197	0.00289	0.01285	0.00525	0.00464
10	0.16353	0.02352	0.47603	0.01357	0.01979	0.10648	0.01549	0.08793	0.01293	0.01971	0.00954	0.01098	0.00696	0.00534	0.00485	0.00167	0.00738	0.00386	0.00286	0.00758
11	0.01283	0.01753	0.25162	0.08805	0.17180	0.03546	0.05685	0.04384	0.22802	0.01910	0.01356	0.01489	0.01023	0.00580	0.00543	0.00174	0.00665	0.00503	0.00346	0.00811
12	0.01012	0.00713	0.00885	0.00833	0.00905	0.00854	0.00651	0.01198	0.01032	0.01704	0.01657	0.14882	0.01557	0.00912	0.00866	0.00177	0.24688	0.00673	0.44275	0.00524
13	0.00867	0.00615	0.00842	0.00951	0.01060	0.00615	0.00807	0.01086	0.01195	0.01557	0.02735	0.05814	0.02987	0.11818	0.01016	0.00287	0.00505	0.64285	0.00480	0.00480
14	0.01945	0.00899	0.01095	0.00876	0.01209	0.00860	0.00712	0.14422	0.01600	0.42133	0.01896	0.01819	0.01294	0.00659	0.00496	0.00155	0.00422	0.00526	0.26183	0.00799
15	0.01694	0.01604	0.01535	0.17494	0.04341	0.22431	0.01116	0.20911	0.16756	0.04739	0.01315	0.01416	0.00985	0.00619	0.00532	0.00165	0.00693	0.00479	0.00409	0.00766
16	0.01114	0.01034	0.01730	0.31801	0.36694	0.01121	0.01418	0.01414	0.01151	0.01569	0.01335	0.14610	0.01270	0.00712	0.00568	0.00179	0.00622	0.00663	0.00299	0.00695
17	0.00655	0.00511	0.00595	0.00663	0.00765	0.00451	0.00463	0.00770	0.01136	0.01429	0.04178	0.45418	0.37915	0.01555	0.00672	0.00204	0.00298	0.01364	0.00506	0.00451

[dist]
# distance from previous block
# <min> <max>
0	26

[block]
# block no. 5 follows, 44 sequences, length 12
# corresponding to MSA columns:
# 531-538,543-546
name=unknown_F
#
# <colnr> <probs for GDERKNQSTAVLIFYWHMCP>
#	G	D	E	R	K	N	Q	S	T	A	V	L	I	F	Y	W	H	M	C	P
0	0.01335	0.56001	0.02270	0.00922	0.01311	0.01775	0.00857	0.01739	0.13085	0.01581	0.12856	0.01555	0.01542	0.00610	0.00428	0.00136	0.00508	0.00451	0.00341	0.00697
1	0.58674	0.01194	0.01313	0.01050	0.01437	0.01320	0.12494	0.13123	0.01239	0.02489	0.00899	0.01044	0.00680	0.00522	0.00418	0.00170	0.00528	0.00381	0.00360	0.00666
2	0.01629	0.01315	0.01339	0.01108	0.01458	0.04904	0.00887	0.38271	0.25049	0.02680	0.02222	0.02129	0.12995	0.00789	0.00561	0.00172	0.00515	0.00626	0.00530	0.00821
3	0.01179	0.00942	0.01110	0.00977	0.01171	0.01050	0.00771	0.21024	0.05751	0.02072	0.10616	0.14974	0.17127	0.01228	0.04403	0.00224	0.13418	0.00853	0.00476	0.00634
4	0.23527	0.00692	0.00692	0.00644	0.00845	0.00710	0.00500	0.01287	0.01239	0.05110	0.25914	0.02695	0.10137	0.00831	0.00486	0.00160	0.00311	0.00670	0.23006	0.00544
5	0.01036	0.02769	0.04492	0.00934	0.03985	0.02843	0.00675	0.04144	0.09084	0.03021	0.03369	0.02792	0.03489	0.39393	0.09526	0.00414	0.03198	0.02287	0.00366	0.02182
6	0.01377	0.01056	0.01329	0.01293	0.13328	0.00983	0.00873	0.17502	0.01506	0.07247	0.05190	0.08119	0.05400	0.00683	0.00514	0.00139	0.00468	0.00577	0.00425	0.31992
7	0.01237	0.01002	0.01169	0.00908	0.01328	0.00861	0.00743	0.12868	0.01373	0.02011	0.01325	0.01952	0.01194	0.00617	0.00481	0.00121	0.00450	0.11959	0.00386	0.58016
8	0.01308	0.01159	0.01657	0.35657	0.13033	0.01373	0.01323	0.13390	0.13023	0.01899	0.01196	0.01477	0.00922	0.00630	0.00685	0.00183	0.09507	0.00505	0.00342	0.00731
9	0.21615	0.00926	0.01057	0.13269	0.01516	0.01020	0.00781	0.05145	0.12911	0.11846	0.10797	0.02030	0.01637	0.09650	0.00753	0.00212	0.00471	0.00565	0.03146	0.00653
10	0.01544	0.24260	0.12849	0.05282	0.18466	0.25773	0.01313	0.01814	0.01279	0.01476	0.00884	0.01078	0.00736	0.00511	0.00469	0.00145	0.00761	0.00377	0.00256	0.00725
11	0.01422	0.01080	0.01229	0.01302	0.13013	0.09674	0.00860	0.09473	0.04937	0.13907	0.15209	0.10146	0.09033	0.00944	0.00666	0.04710	0.00497	0.00741	0.00479	0.00680

[dist]
# distance from previous block
# <min> <max>
3	330

# created by:
# /home/cegg/simao/soft/augustus-3.2.1/scripts/msa2prfl.pl ./align_prep/21158.fa
