[name]
unknown

[dist]
# distance from previous block
# <min> <max>
0	432

[block]
# block no. 0 follows, 43 sequences, length 33
# corresponding to MSA columns:
# 598-630
name=unknown_A
#
# <colnr> <probs for GDERKNQSTAVLIFYWHMCP>
#	G	D	E	R	K	N	Q	S	T	A	V	L	I	F	Y	W	H	M	C	P
0	0.00990	0.00908	0.00877	0.00906	0.01067	0.10750	0.00695	0.01327	0.10800	0.01597	0.03272	0.24619	0.21076	0.01329	0.00662	0.00207	0.00457	0.17424	0.00490	0.00547
1	0.01208	0.01052	0.01540	0.01668	0.20501	0.02487	0.08387	0.09346	0.01187	0.01628	0.01333	0.02280	0.01328	0.33438	0.01627	0.00328	0.09083	0.00635	0.00327	0.00615
2	0.01082	0.01329	0.17565	0.04788	0.16473	0.01009	0.04318	0.04911	0.01412	0.02009	0.32170	0.02525	0.02644	0.00802	0.00641	0.00177	0.03463	0.01573	0.00417	0.00691
3	0.01077	0.01014	0.01298	0.01142	0.01209	0.04858	0.00922	0.01256	0.01178	0.01699	0.31975	0.02403	0.02574	0.01017	0.01277	0.00210	0.43233	0.00691	0.00395	0.00573
4	0.01235	0.00646	0.00801	0.00717	0.00847	0.00606	0.00488	0.01330	0.01123	0.20943	0.13336	0.03254	0.02339	0.47807	0.01905	0.00387	0.00478	0.00771	0.00468	0.00521
5	0.44500	0.01502	0.01150	0.01008	0.01347	0.18746	0.00800	0.11326	0.11076	0.02336	0.01055	0.01129	0.00811	0.00577	0.00434	0.00166	0.00582	0.00381	0.00385	0.00689
6	0.01143	0.00894	0.01102	0.01010	0.01217	0.01026	0.00795	0.12848	0.20536	0.01889	0.01659	0.02018	0.01396	0.02743	0.46394	0.00598	0.01080	0.00587	0.00405	0.00661
7	0.01428	0.01681	0.21019	0.01268	0.01732	0.01410	0.01207	0.14518	0.44693	0.02365	0.01777	0.01714	0.01313	0.00679	0.00552	0.00181	0.00564	0.00549	0.00477	0.00872
8	0.23022	0.39999	0.02018	0.01015	0.01407	0.21699	0.00890	0.01794	0.01193	0.01621	0.00793	0.00920	0.00683	0.00509	0.00389	0.00138	0.00656	0.00313	0.00277	0.00664
9	0.12072	0.26587	0.27921	0.01117	0.01637	0.01465	0.01219	0.01715	0.06405	0.03011	0.10676	0.01499	0.01348	0.00604	0.00468	0.00158	0.00594	0.00453	0.00327	0.00725
10	0.01674	0.05112	0.01344	0.01065	0.01376	0.15630	0.03298	0.14987	0.13028	0.11807	0.05155	0.01735	0.01366	0.00665	0.00506	0.00156	0.00553	0.00522	0.19279	0.00742
11	0.01989	0.02146	0.01554	0.01345	0.01678	0.46808	0.01040	0.22795	0.11558	0.02080	0.01171	0.01231	0.00905	0.00621	0.00523	0.00155	0.00817	0.00432	0.00397	0.00757
12	0.01336	0.01202	0.01773	0.01280	0.01782	0.01059	0.19900	0.12785	0.01412	0.02055	0.01072	0.01265	0.00844	0.00464	0.00495	0.00122	0.00576	0.00438	0.00350	0.49789
13	0.12106	0.00813	0.00880	0.00771	0.00938	0.00845	0.00541	0.12537	0.01198	0.11377	0.01611	0.02697	0.01584	0.47713	0.01862	0.00386	0.00526	0.00661	0.00415	0.00540
14	0.63060	0.21643	0.01352	0.00785	0.01161	0.01487	0.00689	0.01636	0.00990	0.02180	0.00771	0.00897	0.00628	0.00504	0.00346	0.00158	0.00471	0.00299	0.00315	0.00628
15	0.01280	0.48483	0.21868	0.01101	0.01607	0.01729	0.01192	0.01581	0.01101	0.01417	0.00937	0.01158	0.00811	0.01050	0.12327	0.00251	0.00787	0.00371	0.00245	0.00705
16	0.01669	0.03500	0.07060	0.14166	0.04455	0.17110	0.01190	0.24464	0.16701	0.02252	0.01316	0.01414	0.00988	0.00625	0.00538	0.00168	0.00692	0.00483	0.00412	0.00798
17	0.01452	0.01036	0.06619	0.07236	0.01519	0.00950	0.00907	0.07044	0.16614	0.21381	0.02230	0.24217	0.02019	0.01002	0.00605	0.00194	0.00479	0.03227	0.00530	0.00740
18	0.00869	0.00688	0.00850	0.00791	0.01012	0.00568	0.00572	0.01027	0.01097	0.01574	0.02203	0.47716	0.02495	0.01191	0.00585	0.00166	0.00358	0.01063	0.00438	0.34735
19	0.01715	0.01179	0.01409	0.13060	0.01845	0.01297	0.00997	0.22355	0.26339	0.17247	0.05338	0.01837	0.01445	0.00703	0.00562	0.00178	0.00529	0.00575	0.00539	0.00851
20	0.01166	0.01750	0.34171	0.01318	0.01791	0.01101	0.07642	0.01755	0.16933	0.02758	0.01280	0.01530	0.01000	0.00931	0.00968	0.21759	0.00656	0.00497	0.00316	0.00677
21	0.01231	0.01131	0.01626	0.01421	0.11242	0.00996	0.12199	0.01693	0.10940	0.01867	0.01178	0.01349	0.00944	0.00474	0.00485	0.00122	0.00526	0.00438	0.00345	0.49793
22	0.01066	0.00807	0.01038	0.20970	0.01602	0.00896	0.00755	0.12346	0.01158	0.01531	0.01485	0.02720	0.01521	0.47702	0.01889	0.00389	0.00600	0.00678	0.00346	0.00500
23	0.00947	0.00695	0.00841	0.00793	0.00951	0.00682	0.00593	0.12300	0.01569	0.02145	0.40133	0.23412	0.10313	0.01239	0.00652	0.00187	0.00332	0.01087	0.00568	0.00563
24	0.01137	0.00645	0.00865	0.00806	0.00874	0.00670	0.00568	0.12118	0.01009	0.01349	0.01018	0.01629	0.00959	0.01731	0.01918	0.71082	0.00501	0.00484	0.00288	0.00348
25	0.04505	0.01462	0.10639	0.02932	0.60751	0.01297	0.01634	0.01746	0.04797	0.01847	0.01167	0.01435	0.02266	0.00527	0.00541	0.00168	0.00650	0.00495	0.00290	0.00853
26	0.13835	0.01004	0.01514	0.21939	0.29322	0.01087	0.01222	0.01405	0.01127	0.01722	0.01440	0.19144	0.01429	0.00793	0.00554	0.00184	0.00567	0.00708	0.00332	0.00671
27	0.01411	0.01438	0.02355	0.03095	0.60328	0.06853	0.12876	0.01748	0.01290	0.01771	0.01040	0.01363	0.00860	0.00495	0.00561	0.00166	0.00725	0.00508	0.00276	0.00840
28	0.04476	0.05509	0.06977	0.13179	0.03297	0.29835	0.01110	0.02060	0.01403	0.21058	0.01329	0.05077	0.01025	0.00642	0.00523	0.00163	0.00734	0.00489	0.00389	0.00725
29	0.01369	0.01071	0.01684	0.01943	0.29957	0.01013	0.07428	0.05118	0.01387	0.11574	0.12944	0.08045	0.01817	0.00708	0.00569	0.00163	0.00536	0.00657	0.00418	0.11599
30	0.01231	0.00808	0.01099	0.00930	0.01205	0.00742	0.04197	0.01491	0.04703	0.15582	0.01781	0.14743	0.01645	0.07292	0.18298	0.00347	0.00685	0.00699	0.00427	0.22096
31	0.01436	0.05399	0.14972	0.01355	0.06897	0.01359	0.01150	0.24246	0.16603	0.02309	0.01671	0.14385	0.01474	0.00822	0.00608	0.00182	0.03212	0.00674	0.00447	0.00799
32	0.01730	0.01416	0.02022	0.01814	0.13889	0.05062	0.18240	0.22037	0.11231	0.12134	0.01423	0.01521	0.01042	0.00611	0.00616	0.00175	0.03192	0.00550	0.00442	0.00853

[dist]
# distance from previous block
# <min> <max>
0	19

[block]
# block no. 1 follows, 43 sequences, length 11
# corresponding to MSA columns:
# 650-660
name=unknown_B
#
# <colnr> <probs for GDERKNQSTAVLIFYWHMCP>
#	G	D	E	R	K	N	Q	S	T	A	V	L	I	F	Y	W	H	M	C	P
0	0.01227	0.12927	0.07388	0.01005	0.01274	0.06738	0.00850	0.16126	0.01466	0.01900	0.07627	0.34713	0.02345	0.01106	0.00590	0.00184	0.00504	0.00943	0.00449	0.00637
1	0.00864	0.00561	0.00738	0.00761	0.00874	0.00516	0.00555	0.01043	0.01317	0.07501	0.31558	0.37384	0.07742	0.01396	0.00675	0.00201	0.00317	0.04915	0.00564	0.00519
2	0.01285	0.07579	0.12592	0.01710	0.12927	0.09803	0.13970	0.02961	0.05739	0.01644	0.01476	0.01724	0.06960	0.01055	0.09713	0.00258	0.07033	0.00552	0.00310	0.00710
3	0.01563	0.05638	0.15556	0.01240	0.01648	0.19253	0.01132	0.21193	0.07451	0.02068	0.01545	0.01661	0.06692	0.01077	0.09594	0.00248	0.00801	0.00511	0.00385	0.00745
4	0.01666	0.01136	0.01271	0.01022	0.01348	0.01207	0.00826	0.42416	0.02107	0.08423	0.22372	0.02218	0.02206	0.00794	0.00566	0.00165	0.00470	0.00644	0.08356	0.00786
5	0.01072	0.19052	0.01765	0.10751	0.10035	0.01162	0.09289	0.01325	0.01250	0.01628	0.14841	0.10244	0.12368	0.00871	0.00569	0.00171	0.00528	0.02072	0.00382	0.00626
6	0.01730	0.01516	0.07434	0.01466	0.10423	0.03862	0.01125	0.40922	0.12748	0.04274	0.01747	0.01747	0.07067	0.00703	0.00559	0.00171	0.00590	0.00560	0.00489	0.00868
7	0.01302	0.01229	0.02072	0.03085	0.68201	0.01224	0.01563	0.01623	0.01297	0.01857	0.09863	0.01693	0.01384	0.00568	0.00561	0.00166	0.00612	0.00553	0.00313	0.00836
8	0.00978	0.00746	0.01058	0.00899	0.01132	0.00691	0.09221	0.01315	0.06707	0.07756	0.35175	0.03874	0.26092	0.01076	0.00640	0.00180	0.00374	0.00951	0.00545	0.00589
9	0.14001	0.10627	0.05572	0.01373	0.01813	0.14678	0.15005	0.18689	0.03761	0.07705	0.01137	0.01245	0.00848	0.00565	0.00509	0.00163	0.00704	0.00455	0.00384	0.00769
10	0.01137	0.02464	0.60360	0.01611	0.08181	0.01208	0.01813	0.01697	0.01174	0.01766	0.00996	0.01182	0.00733	0.00506	0.00511	0.00161	0.00745	0.00404	0.00251	0.13100

[dist]
# distance from previous block
# <min> <max>
5	15

[block]
# block no. 2 follows, 43 sequences, length 9
# corresponding to MSA columns:
# 676-684
name=unknown_C
#
# <colnr> <probs for GDERKNQSTAVLIFYWHMCP>
#	G	D	E	R	K	N	Q	S	T	A	V	L	I	F	Y	W	H	M	C	P
0	0.01357	0.01306	0.02215	0.09282	0.53275	0.01372	0.08510	0.05058	0.01275	0.01806	0.01027	0.01374	0.00851	0.00550	0.00681	0.00176	0.08275	0.00508	0.00282	0.00820
1	0.01114	0.01054	0.01785	0.63249	0.19236	0.01248	0.01572	0.01475	0.01140	0.01498	0.00996	0.01454	0.00768	0.00541	0.00553	0.00180	0.00721	0.00492	0.00252	0.00670
2	0.01225	0.00890	0.01406	0.49959	0.02795	0.01014	0.01207	0.01546	0.01282	0.13953	0.17135	0.02103	0.01786	0.00697	0.00575	0.00180	0.00594	0.00610	0.00394	0.00649
3	0.01249	0.02017	0.35423	0.02466	0.34948	0.01314	0.11157	0.01733	0.01227	0.01781	0.01031	0.01298	0.00796	0.00504	0.00552	0.00172	0.00763	0.00477	0.00257	0.00835
4	0.01145	0.07428	0.24739	0.01610	0.02116	0.01257	0.27730	0.01579	0.01279	0.01801	0.16960	0.01892	0.01706	0.00656	0.00666	0.00179	0.05597	0.00618	0.00330	0.00710
5	0.01330	0.00988	0.01409	0.31573	0.02300	0.01163	0.01131	0.01878	0.16910	0.13947	0.01492	0.01740	0.01131	0.01162	0.11601	0.00288	0.08315	0.00544	0.00391	0.00706
6	0.18713	0.13873	0.37840	0.01182	0.01795	0.01324	0.01351	0.01655	0.01112	0.01848	0.00912	0.01067	0.00701	0.00497	0.00443	0.00151	0.00636	0.00356	0.00273	0.14272
7	0.01317	0.01051	0.01319	0.01543	0.19607	0.08229	0.00965	0.01650	0.07827	0.12098	0.02008	0.08552	0.08671	0.01680	0.20552	0.00359	0.00793	0.00681	0.00406	0.00691
8	0.01251	0.18879	0.42346	0.01445	0.02084	0.01503	0.08649	0.01929	0.13356	0.01752	0.01164	0.01287	0.00878	0.00546	0.00509	0.00167	0.00720	0.00444	0.00293	0.00798

[dist]
# distance from previous block
# <min> <max>
0	3

[block]
# block no. 3 follows, 43 sequences, length 9
# corresponding to MSA columns:
# 688-696
name=unknown_D
#
# <colnr> <probs for GDERKNQSTAVLIFYWHMCP>
#	G	D	E	R	K	N	Q	S	T	A	V	L	I	F	Y	W	H	M	C	P
0	0.00812	0.00883	0.09289	0.00965	0.01187	0.00665	0.07677	0.01029	0.01164	0.01517	0.03287	0.28053	0.24134	0.06609	0.00815	0.00230	0.00459	0.10254	0.00449	0.00523
1	0.01352	0.01779	0.31621	0.01395	0.01969	0.01106	0.12893	0.01898	0.08278	0.13933	0.01652	0.03752	0.05560	0.00635	0.00554	0.00170	0.00655	0.00559	0.00379	0.09860
2	0.01488	0.23771	0.19661	0.01698	0.10244	0.01500	0.19148	0.01863	0.01261	0.12590	0.01140	0.01295	0.00854	0.00517	0.00516	0.00161	0.00716	0.00467	0.00316	0.00796
3	0.01330	0.01135	0.01662	0.04613	0.01736	0.01196	0.14475	0.20723	0.01464	0.02046	0.01219	0.01563	0.01002	0.01573	0.22214	0.00364	0.06751	0.00525	0.00360	0.14051
4	0.01144	0.01083	0.01720	0.38704	0.19237	0.01270	0.01405	0.01438	0.01094	0.01518	0.01022	0.04154	0.00877	0.00649	0.00784	0.00184	0.15511	0.00516	0.00268	0.07423
5	0.01078	0.01116	0.15057	0.01062	0.01368	0.00794	0.06340	0.01438	0.07136	0.10984	0.02693	0.34383	0.11923	0.01170	0.00633	0.00199	0.00480	0.01040	0.00471	0.00636
6	0.01250	0.07463	0.19125	0.01511	0.02001	0.01343	0.21737	0.02077	0.25892	0.01955	0.08531	0.01812	0.01490	0.00637	0.00573	0.00178	0.00657	0.00596	0.00391	0.00782
7	0.01354	0.00993	0.01084	0.00992	0.01178	0.08119	0.00759	0.11224	0.01403	0.13901	0.04664	0.30162	0.07599	0.02992	0.00808	0.00206	0.09084	0.02351	0.00495	0.00632
8	0.01405	0.06530	0.22279	0.07951	0.08421	0.01483	0.19101	0.16586	0.01469	0.02030	0.01062	0.01306	0.00803	0.00569	0.00651	0.00178	0.06568	0.00498	0.00315	0.00793

[dist]
# distance from previous block
# <min> <max>
0	1

[block]
# block no. 4 follows, 43 sequences, length 33
# corresponding to MSA columns:
# 698-730
name=unknown_E
#
# <colnr> <probs for GDERKNQSTAVLIFYWHMCP>
#	G	D	E	R	K	N	Q	S	T	A	V	L	I	F	Y	W	H	M	C	P
0	0.12174	0.12127	0.20536	0.01744	0.05716	0.01423	0.31440	0.01715	0.01193	0.01804	0.00989	0.01238	0.00760	0.00487	0.00528	0.00167	0.00759	0.00480	0.00273	0.04448
1	0.01241	0.07456	0.01956	0.27793	0.37854	0.01324	0.01467	0.01658	0.06928	0.01665	0.01298	0.01597	0.04262	0.00572	0.00541	0.00170	0.00646	0.00518	0.00295	0.00760
2	0.01664	0.09259	0.26856	0.01484	0.01975	0.42498	0.05226	0.01991	0.01386	0.01504	0.00908	0.01071	0.00716	0.00542	0.00504	0.00154	0.00902	0.00384	0.00264	0.00711
3	0.01343	0.15657	0.06370	0.17254	0.03937	0.01431	0.28781	0.05639	0.01293	0.05067	0.01146	0.04240	0.00922	0.00554	0.00554	0.00168	0.00740	0.00549	0.00306	0.04049
4	0.01055	0.01765	0.36984	0.01137	0.01647	0.01008	0.01270	0.10278	0.01405	0.01915	0.08463	0.02795	0.26259	0.00880	0.00582	0.00178	0.00572	0.00717	0.00395	0.00694
5	0.01840	0.10299	0.01735	0.01322	0.01597	0.32954	0.01068	0.14211	0.01524	0.07722	0.01000	0.01163	0.00807	0.00681	0.00813	0.00170	0.19613	0.00420	0.00347	0.00715
6	0.00907	0.00691	0.00836	0.00788	0.00947	0.00719	0.00598	0.09893	0.01227	0.01619	0.04734	0.03339	0.26346	0.12138	0.32132	0.00510	0.00835	0.00808	0.00412	0.00521
7	0.01294	0.11041	0.11166	0.08264	0.26961	0.01317	0.16019	0.01653	0.01262	0.05073	0.05408	0.01709	0.05205	0.00587	0.00555	0.00168	0.00680	0.00558	0.00313	0.00765
8	0.01260	0.34285	0.47551	0.01324	0.02004	0.01651	0.01604	0.01715	0.01152	0.01572	0.00904	0.01056	0.00705	0.00505	0.00457	0.00152	0.00727	0.00364	0.00235	0.00775
9	0.00849	0.00574	0.00859	0.00854	0.00922	0.00653	0.00643	0.00920	0.00841	0.01194	0.01318	0.02015	0.01250	0.03449	0.54945	0.24602	0.02850	0.00559	0.00279	0.00424
10	0.01076	0.01280	0.22790	0.01068	0.03582	0.00797	0.01013	0.01353	0.01159	0.10319	0.02391	0.12533	0.12416	0.16881	0.01053	0.00263	0.00548	0.08457	0.00411	0.00611
11	0.01499	0.01964	0.30849	0.01960	0.17137	0.05453	0.14123	0.05726	0.01368	0.12793	0.01207	0.01367	0.00870	0.00542	0.00557	0.00172	0.00755	0.00491	0.00335	0.00833
12	0.01366	0.01329	0.02323	0.03321	0.71621	0.01322	0.07100	0.01705	0.01264	0.01807	0.01048	0.01380	0.00875	0.00492	0.00556	0.00166	0.00678	0.00505	0.00275	0.00868
13	0.07702	0.02723	0.71588	0.01511	0.02292	0.01283	0.01932	0.01744	0.01151	0.01812	0.00976	0.01148	0.00694	0.00525	0.00512	0.00175	0.00788	0.00401	0.00242	0.00801
14	0.01269	0.11434	0.25773	0.05553	0.02114	0.05570	0.15857	0.05605	0.01296	0.01755	0.07064	0.01688	0.01221	0.00651	0.00662	0.00178	0.07390	0.03888	0.00307	0.00722
15	0.00873	0.01475	0.32000	0.01076	0.01459	0.00807	0.01140	0.01225	0.01207	0.01693	0.14204	0.28308	0.08544	0.01116	0.00622	0.00194	0.00515	0.02513	0.00415	0.00614
16	0.00805	0.00537	0.00604	0.00604	0.00604	0.00537	0.00336	0.00805	0.00805	0.01074	0.01745	0.03624	0.02013	0.80536	0.02819	0.00537	0.00537	0.00805	0.00336	0.00336
17	0.01083	0.07272	0.01174	0.00963	0.01054	0.08603	0.00738	0.01178	0.00998	0.01275	0.01691	0.02983	0.05686	0.33458	0.01790	0.00342	0.19444	0.09447	0.00331	0.00488
18	0.00803	0.00671	0.00974	0.17540	0.01524	0.00682	0.04719	0.00985	0.01119	0.01444	0.03054	0.30484	0.22432	0.07946	0.00827	0.00228	0.00449	0.01092	0.02528	0.00498
19	0.06038	0.05512	0.01848	0.07866	0.22638	0.24793	0.07682	0.04345	0.02791	0.01714	0.04359	0.05644	0.01146	0.00625	0.00536	0.00164	0.00735	0.00529	0.00321	0.00714
20	0.01322	0.01483	0.02766	0.02060	0.02532	0.08741	0.57361	0.01727	0.01328	0.01717	0.01352	0.02122	0.01162	0.00628	0.00654	0.00192	0.00880	0.10957	0.00313	0.00703
21	0.01116	0.01552	0.19778	0.01547	0.01978	0.01228	0.24258	0.01586	0.07103	0.01681	0.02043	0.02209	0.16574	0.00781	0.00811	0.00194	0.13862	0.00672	0.00334	0.00693
22	0.00693	0.00543	0.00629	0.00662	0.00793	0.00479	0.00483	0.00847	0.01261	0.01609	0.17574	0.26045	0.40740	0.01452	0.00673	0.00198	0.00297	0.04018	0.00531	0.00474
23	0.01502	0.01412	0.11189	0.06616	0.22900	0.01244	0.14083	0.05811	0.01361	0.15272	0.05332	0.01599	0.01155	0.00614	0.00679	0.00179	0.07327	0.00549	0.00372	0.00805
24	0.01521	0.01314	0.01951	0.02590	0.50301	0.01358	0.01410	0.21459	0.01585	0.02201	0.01179	0.01550	0.00991	0.07293	0.00741	0.00196	0.00635	0.00521	0.00355	0.00849
25	0.01772	0.01374	0.01477	0.01174	0.01585	0.01495	0.00951	0.44763	0.23974	0.02935	0.01558	0.01523	0.01146	0.00658	0.00539	0.00162	0.00534	0.00515	0.00528	0.11336
26	0.01354	0.17644	0.19897	0.01441	0.10742	0.11198	0.01227	0.01754	0.07166	0.05536	0.01468	0.15409	0.01371	0.00761	0.00528	0.00168	0.00639	0.00624	0.00346	0.00726
27	0.01068	0.05573	0.01143	0.01072	0.06176	0.03455	0.00788	0.09122	0.05409	0.01752	0.03063	0.16961	0.24653	0.01187	0.00722	0.00197	0.06576	0.10022	0.00460	0.00601
28	0.01055	0.00997	0.01663	0.75003	0.03687	0.01256	0.01520	0.01411	0.01093	0.01411	0.00970	0.01462	0.00738	0.00576	0.00622	0.00188	0.04997	0.00492	0.00246	0.00615
29	0.00918	0.00593	0.00707	0.00689	0.00850	0.00530	0.00506	0.01066	0.01250	0.10868	0.13355	0.18668	0.35069	0.07729	0.04429	0.00251	0.00385	0.01094	0.00523	0.00520
30	0.01439	0.03089	0.27813	0.02263	0.33534	0.01333	0.03225	0.09939	0.03266	0.07108	0.01162	0.01345	0.00875	0.00542	0.00542	0.00169	0.00694	0.00473	0.00326	0.00863
31	0.01309	0.19437	0.02627	0.03536	0.02105	0.01674	0.32070	0.01593	0.01109	0.01513	0.00907	0.01263	0.00771	0.00637	0.00968	0.00190	0.26832	0.00513	0.00257	0.00689
32	0.35533	0.01890	0.01319	0.01309	0.07810	0.40454	0.00932	0.01931	0.01288	0.01853	0.00837	0.00990	0.00681	0.00541	0.00440	0.00156	0.00738	0.00345	0.00308	0.00645

[dist]
# distance from previous block
# <min> <max>
0	14

[block]
# block no. 5 follows, 43 sequences, length 13
# corresponding to MSA columns:
# 745-757
name=unknown_F
#
# <colnr> <probs for GDERKNQSTAVLIFYWHMCP>
#	G	D	E	R	K	N	Q	S	T	A	V	L	I	F	Y	W	H	M	C	P
0	0.01013	0.06658	0.01487	0.45987	0.02640	0.01145	0.01199	0.01280	0.01082	0.01396	0.01541	0.08359	0.05192	0.06573	0.00836	0.00218	0.06966	0.05551	0.00305	0.00573
1	0.15642	0.01190	0.16808	0.00921	0.01282	0.00832	0.00877	0.01400	0.01178	0.09985	0.04905	0.19361	0.14562	0.00967	0.00554	0.00179	0.00458	0.00805	0.00432	0.07660
2	0.01342	0.01587	0.07544	0.02131	0.13536	0.10260	0.39837	0.01794	0.05654	0.01730	0.01303	0.08241	0.01116	0.00613	0.00611	0.00181	0.00811	0.00657	0.00313	0.00741
3	0.00923	0.01095	0.14306	0.00943	0.01249	0.00766	0.00852	0.01163	0.01116	0.01600	0.05541	0.26815	0.08059	0.04759	0.00764	0.00189	0.05794	0.00869	0.00393	0.22802
4	0.00845	0.00668	0.00760	0.00706	0.00910	0.00594	0.00530	0.05953	0.01366	0.01803	0.18799	0.17370	0.34768	0.01231	0.00626	0.00176	0.00322	0.01055	0.00513	0.11003
5	0.01481	0.80869	0.02902	0.00948	0.01421	0.02191	0.00948	0.01658	0.01125	0.01303	0.00770	0.00888	0.00711	0.00474	0.00355	0.00118	0.00592	0.00296	0.00237	0.00711
6	0.00991	0.00949	0.01048	0.01193	0.12312	0.09275	0.00761	0.01148	0.01216	0.01513	0.08187	0.11438	0.30799	0.08780	0.00937	0.00220	0.07350	0.00915	0.00419	0.00549
7	0.00729	0.00523	0.00609	0.00653	0.00703	0.00493	0.00415	0.00791	0.00987	0.01278	0.02989	0.30480	0.17906	0.37050	0.01645	0.00357	0.00410	0.01146	0.00434	0.00402
8	0.00862	0.00728	0.01094	0.34006	0.02082	0.00804	0.00941	0.01127	0.01250	0.01659	0.23963	0.16427	0.10875	0.01022	0.00621	0.00189	0.00476	0.00904	0.00428	0.00543
9	0.01135	0.00908	0.01361	0.01574	0.20267	0.00890	0.05927	0.04391	0.06732	0.06716	0.10636	0.21651	0.10944	0.01043	0.00627	0.00190	0.00472	0.03398	0.00465	0.00672
10	0.18969	0.01106	0.01234	0.00995	0.01381	0.01135	0.00819	0.20904	0.05054	0.33250	0.01870	0.01882	0.04729	0.00715	0.00525	0.00175	0.00489	0.03377	0.00561	0.00830
11	0.10127	0.05875	0.00902	0.00761	0.00962	0.00771	0.00591	0.01279	0.07263	0.06013	0.17911	0.19220	0.21159	0.01172	0.00603	0.00188	0.00354	0.03774	0.00510	0.00566
12	0.01318	0.07873	0.01847	0.17733	0.20394	0.03188	0.06590	0.01747	0.09448	0.06564	0.01441	0.05045	0.01254	0.00718	0.00653	0.00184	0.05970	0.06950	0.00353	0.00731

[dist]
# distance from previous block
# <min> <max>
11	42

[block]
# block no. 6 follows, 43 sequences, length 19
# corresponding to MSA columns:
# 819-837
name=unknown_G
#
# <colnr> <probs for GDERKNQSTAVLIFYWHMCP>
#	G	D	E	R	K	N	Q	S	T	A	V	L	I	F	Y	W	H	M	C	P
0	0.01042	0.07797	0.01290	0.01059	0.01264	0.00811	0.09412	0.01266	0.01257	0.07501	0.10123	0.26125	0.02902	0.01266	0.00671	0.00211	0.00483	0.24462	0.00484	0.00573
1	0.01476	0.14526	0.07634	0.08370	0.08445	0.10519	0.01140	0.08135	0.27455	0.01947	0.01411	0.01474	0.01092	0.00608	0.00511	0.00163	0.00618	0.00480	0.00389	0.03607
2	0.01155	0.09433	0.21920	0.01304	0.08157	0.01165	0.01171	0.09218	0.03869	0.01952	0.17712	0.08059	0.07207	0.00841	0.00625	0.00176	0.04238	0.00692	0.00403	0.00703
3	0.09563	0.12187	0.06503	0.11332	0.08722	0.06096	0.09924	0.05467	0.03041	0.12741	0.01159	0.01335	0.00873	0.00595	0.00595	0.02061	0.03743	0.00460	0.00351	0.03251
4	0.01182	0.25965	0.23732	0.01146	0.01601	0.01375	0.01213	0.01671	0.09542	0.01694	0.07355	0.02506	0.01700	0.00798	0.00539	0.00176	0.00597	0.16145	0.00360	0.00703
5	0.00817	0.00543	0.00682	0.00732	0.00839	0.00489	0.00516	0.00949	0.01197	0.07224	0.11114	0.49606	0.20186	0.01519	0.00678	0.00207	0.00317	0.01348	0.00537	0.00498
6	0.01156	0.01929	0.38564	0.01602	0.10833	0.01210	0.02896	0.05928	0.05869	0.01848	0.05380	0.09710	0.02995	0.00754	0.00663	0.00185	0.06771	0.00617	0.00334	0.00757
7	0.01532	0.12238	0.23857	0.01632	0.02167	0.24922	0.19856	0.04371	0.01369	0.01639	0.00967	0.01169	0.00749	0.00523	0.00529	0.00161	0.00867	0.00443	0.00272	0.00737
8	0.01163	0.00700	0.00879	0.00845	0.00990	0.00737	0.00659	0.05622	0.01235	0.10788	0.02129	0.21504	0.02060	0.01313	0.06702	0.00242	0.07445	0.08583	0.25825	0.00581
9	0.02898	0.00866	0.08766	0.00861	0.01074	0.00679	0.00726	0.01256	0.06611	0.07473	0.09216	0.28489	0.15955	0.06159	0.00778	0.00222	0.00411	0.06497	0.00494	0.00567
10	0.01519	0.01910	0.27431	0.08858	0.18377	0.08609	0.05870	0.06843	0.01383	0.12177	0.01183	0.01352	0.00860	0.00554	0.00544	0.00170	0.00739	0.00470	0.00335	0.00817
11	0.01146	0.24960	0.02183	0.01305	0.01664	0.01362	0.23402	0.01392	0.01185	0.01503	0.02187	0.09123	0.18497	0.00835	0.00659	0.00174	0.06716	0.00733	0.00339	0.00635
12	0.00768	0.00596	0.00682	0.00680	0.00831	0.00543	0.00501	0.04738	0.01365	0.01766	0.22944	0.21608	0.38229	0.01370	0.00661	0.00191	0.00302	0.01182	0.00541	0.00502
13	0.01422	0.05736	0.07969	0.02833	0.52882	0.09250	0.08474	0.01761	0.01283	0.01729	0.01012	0.01304	0.00835	0.00500	0.00541	0.00163	0.00727	0.00478	0.00271	0.00828
14	0.01430	0.00726	0.01059	0.00952	0.01174	0.00652	0.05226	0.01595	0.01283	0.31511	0.02590	0.44367	0.02583	0.01242	0.00644	0.00201	0.00418	0.01115	0.00567	0.00663
15	0.01069	0.01017	0.01274	0.07189	0.01389	0.06933	0.00940	0.01206	0.00958	0.01318	0.01353	0.14163	0.01434	0.10136	0.13380	0.00360	0.34337	0.00700	0.00307	0.00538
16	0.00760	0.00736	0.05543	0.00853	0.01035	0.00586	0.04932	0.00957	0.01219	0.01584	0.10908	0.31227	0.28677	0.01396	0.00674	0.00204	0.00383	0.07325	0.00492	0.00508
17	0.10244	0.11867	0.12021	0.01440	0.05649	0.01453	0.11160	0.12383	0.01326	0.01938	0.01311	0.04597	0.03664	0.00733	0.00745	0.00185	0.13721	0.04511	0.00338	0.00714
18	0.00907	0.00753	0.00999	0.00939	0.00990	0.00886	0.00708	0.01075	0.02848	0.01577	0.22484	0.20572	0.02880	0.14380	0.01377	0.00267	0.24485	0.00934	0.00429	0.00509

[dist]
# distance from previous block
# <min> <max>
0	5

[block]
# block no. 7 follows, 43 sequences, length 22
# corresponding to MSA columns:
# 843-864
name=unknown_H
#
# <colnr> <probs for GDERKNQSTAVLIFYWHMCP>
#	G	D	E	R	K	N	Q	S	T	A	V	L	I	F	Y	W	H	M	C	P
0	0.07707	0.34407	0.29803	0.01162	0.01712	0.01559	0.02864	0.01614	0.01141	0.02792	0.01256	0.06023	0.04614	0.00621	0.00462	0.00155	0.00636	0.00469	0.00282	0.00718
1	0.11450	0.09107	0.10456	0.01593	0.15385	0.06393	0.05699	0.14610	0.01470	0.05435	0.03616	0.01313	0.00968	0.00552	0.00496	0.00154	0.00625	0.00446	0.00360	0.09873
2	0.01586	0.16825	0.10341	0.03371	0.26569	0.10011	0.01342	0.11391	0.06045	0.05727	0.01133	0.01281	0.00889	0.00551	0.00506	0.00157	0.00673	0.00443	0.00338	0.00820
3	0.00981	0.07075	0.01117	0.01063	0.08188	0.00854	0.00709	0.05504	0.01036	0.01413	0.01589	0.11282	0.01648	0.21652	0.27818	0.05654	0.00853	0.00713	0.00337	0.00515
4	0.01386	0.01392	0.07827	0.13929	0.14164	0.02846	0.18500	0.10099	0.05890	0.05719	0.01309	0.06289	0.01072	0.00656	0.00674	0.00184	0.06351	0.00599	0.00351	0.00762
5	0.01385	0.15564	0.14804	0.10847	0.13384	0.06387	0.01293	0.12413	0.06255	0.01871	0.01302	0.09664	0.01149	0.00682	0.00527	0.00167	0.00648	0.00560	0.00343	0.00755
6	0.00784	0.00565	0.00778	0.00790	0.00852	0.00621	0.00565	0.00912	0.00880	0.01232	0.01714	0.10058	0.01796	0.27513	0.47618	0.00718	0.01080	0.00752	0.00329	0.00441
7	0.00884	0.00495	0.00684	0.00699	0.00720	0.00482	0.00463	0.00743	0.00820	0.01075	0.01723	0.10955	0.08612	0.10530	0.01931	0.57426	0.00450	0.00704	0.00307	0.00296
8	0.01448	0.01905	0.18079	0.09944	0.29490	0.17408	0.06440	0.04083	0.02820	0.01723	0.01025	0.01281	0.00808	0.00531	0.00541	0.00166	0.00784	0.00460	0.00280	0.00783
9	0.02187	0.06699	0.01597	0.01184	0.01594	0.15906	0.00968	0.32054	0.01967	0.28048	0.01494	0.01427	0.01029	0.00642	0.00532	0.00160	0.00635	0.00478	0.00527	0.00870
10	0.00686	0.00501	0.00637	0.00741	0.00797	0.00463	0.00505	0.00789	0.01084	0.01417	0.03354	0.63145	0.14143	0.05515	0.00804	0.00236	0.00332	0.03895	0.00505	0.00449
11	0.01007	0.01165	0.16742	0.00996	0.01252	0.05725	0.00900	0.01239	0.01155	0.07528	0.02427	0.43174	0.06091	0.01482	0.06200	0.00251	0.00562	0.01083	0.00439	0.00582
12	0.00892	0.00682	0.00785	0.00755	0.00884	0.00700	0.00535	0.01319	0.16702	0.01730	0.23325	0.08218	0.11665	0.24829	0.04308	0.00317	0.00433	0.00904	0.00490	0.00529
13	0.00721	0.00535	0.00623	0.00657	0.00733	0.00504	0.00438	0.00808	0.01026	0.01316	0.03310	0.24202	0.26438	0.28301	0.07578	0.00371	0.00473	0.01108	0.00437	0.00421
14	0.01334	0.00742	0.00875	0.00766	0.00981	0.00732	0.00589	0.07072	0.07167	0.16761	0.22292	0.02664	0.02479	0.07153	0.00712	0.00189	0.00362	0.00686	0.25795	0.00645
15	0.08218	0.04222	0.16281	0.08265	0.34562	0.13663	0.01517	0.01796	0.03258	0.01749	0.01000	0.01246	0.00801	0.00525	0.00514	0.00164	0.00723	0.00437	0.00278	0.00780
16	0.01370	0.21713	0.12242	0.01163	0.01509	0.11194	0.01075	0.08623	0.05035	0.01622	0.01113	0.01433	0.00965	0.04411	0.15845	0.00317	0.08933	0.00452	0.00305	0.00680
17	0.01229	0.00794	0.01128	0.12426	0.06137	0.00792	0.00836	0.01441	0.01147	0.16851	0.01923	0.07288	0.07401	0.08271	0.20412	0.00380	0.00751	0.00663	0.00405	0.09723
18	0.00838	0.00572	0.00799	0.08526	0.01140	0.00574	0.00636	0.00971	0.01067	0.05973	0.02591	0.56768	0.02953	0.06591	0.06991	0.00290	0.00477	0.01281	0.00470	0.00492
19	0.02663	0.16658	0.25452	0.07493	0.01954	0.09747	0.05753	0.03708	0.02874	0.05474	0.02931	0.10397	0.01217	0.00689	0.00525	0.00168	0.00689	0.00564	0.00325	0.00717
20	0.13468	0.01262	0.03295	0.24443	0.18683	0.04286	0.08581	0.10535	0.01319	0.01928	0.01066	0.01468	0.00864	0.05732	0.00676	0.00197	0.00678	0.00495	0.00314	0.00710
21	0.01580	0.12856	0.01477	0.01185	0.07317	0.14532	0.00867	0.08575	0.01439	0.16151	0.03331	0.13545	0.08267	0.04396	0.00653	0.00185	0.00569	0.01936	0.00445	0.00694

[dist]
# distance from previous block
# <min> <max>
2	39

[block]
# block no. 8 follows, 43 sequences, length 24
# corresponding to MSA columns:
# 904-927
name=unknown_I
#
# <colnr> <probs for GDERKNQSTAVLIFYWHMCP>
#	G	D	E	R	K	N	Q	S	T	A	V	L	I	F	Y	W	H	M	C	P
0	0.07112	0.07037	0.01589	0.01500	0.13836	0.13083	0.01032	0.15986	0.18074	0.02115	0.01521	0.01664	0.04451	0.04196	0.00682	0.00185	0.04241	0.00520	0.00407	0.00769
1	0.38742	0.07299	0.11324	0.02991	0.01426	0.10603	0.00912	0.03041	0.02719	0.02028	0.04417	0.01324	0.02793	0.00770	0.04621	0.00201	0.00618	0.00406	0.00333	0.03428
2	0.00770	0.06182	0.02893	0.00689	0.00880	0.00638	0.00547	0.00976	0.02951	0.01644	0.19294	0.16190	0.41781	0.01296	0.00636	0.00185	0.00323	0.01104	0.00508	0.00512
3	0.01522	0.23932	0.04585	0.01097	0.01481	0.01351	0.07446	0.12907	0.03517	0.14076	0.14450	0.07922	0.01897	0.00757	0.00535	0.00162	0.00532	0.00634	0.00455	0.00742
4	0.01173	0.10566	0.18183	0.01470	0.08942	0.01185	0.11088	0.06672	0.04014	0.01850	0.10192	0.15214	0.01831	0.00800	0.00570	0.00173	0.00596	0.00717	0.00375	0.04388
5	0.12944	0.01326	0.01602	0.01881	0.27660	0.07071	0.01158	0.17246	0.07131	0.05612	0.04805	0.01795	0.01276	0.00664	0.00538	0.00173	0.00589	0.05320	0.00414	0.00797
6	0.01011	0.00811	0.00933	0.00860	0.01064	0.00856	0.00657	0.01779	0.30795	0.02226	0.44360	0.03378	0.07038	0.00995	0.00618	0.00180	0.00332	0.00862	0.00587	0.00659
7	0.09044	0.15722	0.06436	0.01121	0.01547	0.14369	0.00981	0.13756	0.05389	0.24345	0.01381	0.01350	0.00983	0.00604	0.00491	0.00157	0.00620	0.00440	0.00453	0.00810
8	0.01470	0.01673	0.17572	0.09705	0.24318	0.05588	0.01480	0.15738	0.01482	0.05030	0.01254	0.01459	0.03516	0.00619	0.00642	0.00175	0.06638	0.00495	0.00340	0.00806
9	0.01359	0.18378	0.08172	0.04580	0.45469	0.01507	0.09456	0.01696	0.01226	0.01683	0.00987	0.01269	0.00821	0.00490	0.00517	0.00158	0.00688	0.00462	0.00263	0.00817
10	0.00671	0.00562	0.00584	0.00578	0.00758	0.00474	0.00434	0.00826	0.01301	0.01588	0.14609	0.05179	0.67801	0.01368	0.00654	0.00185	0.00278	0.01148	0.00526	0.00474
11	0.01317	0.22414	0.31763	0.01532	0.05383	0.04909	0.10811	0.01878	0.09866	0.01681	0.01088	0.01245	0.00845	0.00542	0.00532	0.00163	0.02530	0.00440	0.00283	0.00779
12	0.07963	0.01338	0.08606	0.01255	0.01668	0.03291	0.10958	0.19078	0.04902	0.20407	0.03528	0.11498	0.01459	0.00767	0.00570	0.00179	0.00584	0.00660	0.00492	0.00795
13	0.00731	0.00533	0.00606	0.00633	0.00701	0.00496	0.00409	0.00806	0.01031	0.01327	0.06626	0.21280	0.24464	0.36053	0.01612	0.00348	0.00401	0.01093	0.00441	0.00408
14	0.00724	0.00505	0.00640	0.00729	0.00755	0.00484	0.00473	0.00797	0.00989	0.01317	0.02640	0.53374	0.03130	0.26309	0.01368	0.00323	0.00396	0.04170	0.00458	0.00417
15	0.09440	0.03783	0.20247	0.01322	0.06612	0.01289	0.01194	0.26631	0.01633	0.02345	0.01612	0.08810	0.05098	0.00890	0.03150	0.00202	0.00628	0.03940	0.00411	0.00764
16	0.21668	0.01834	0.01481	0.01523	0.12870	0.34357	0.01041	0.08435	0.06422	0.01946	0.00995	0.01137	0.00796	0.00576	0.00513	0.00161	0.02802	0.00397	0.00338	0.00708
17	0.01371	0.01316	0.02248	0.03399	0.77081	0.01316	0.01700	0.01700	0.01261	0.01809	0.01042	0.01371	0.00877	0.00493	0.00548	0.00164	0.00658	0.00493	0.00274	0.00877
18	0.01831	0.10953	0.01676	0.01228	0.01607	0.20695	0.00994	0.30003	0.18857	0.02391	0.01348	0.01359	0.01025	0.00632	0.00515	0.00157	0.00660	0.00464	0.00446	0.03160
19	0.01017	0.00654	0.00871	0.00818	0.00999	0.00641	0.00634	0.01212	0.01124	0.10343	0.07497	0.09245	0.09146	0.04488	0.32510	0.00475	0.00827	0.04249	0.04692	0.08557
20	0.01683	0.37365	0.12744	0.01212	0.03249	0.06608	0.02622	0.13655	0.01457	0.11395	0.01088	0.01160	0.00837	0.00555	0.00485	0.00147	0.02202	0.00396	0.00349	0.00790
21	0.01137	0.06242	0.70545	0.01589	0.02379	0.01332	0.05745	0.01751	0.01174	0.01735	0.00990	0.01174	0.00709	0.00521	0.00525	0.00173	0.00814	0.00417	0.00236	0.00810
22	0.00674	0.00486	0.00639	0.00761	0.00801	0.00451	0.00510	0.00772	0.01070	0.01418	0.03176	0.76557	0.07201	0.01719	0.00704	0.00223	0.00319	0.01555	0.00514	0.00451
23	0.01175	0.28784	0.14148	0.00982	0.01372	0.05505	0.00962	0.01542	0.06675	0.01700	0.20061	0.02356	0.11097	0.00781	0.00515	0.00156	0.00522	0.00620	0.00387	0.00661

[dist]
# distance from previous block
# <min> <max>
0	12

[block]
# block no. 9 follows, 43 sequences, length 11
# corresponding to MSA columns:
# 940-950
name=unknown_J
#
# <colnr> <probs for GDERKNQSTAVLIFYWHMCP>
#	G	D	E	R	K	N	Q	S	T	A	V	L	I	F	Y	W	H	M	C	P
0	0.08738	0.03711	0.14557	0.01154	0.04144	0.01148	0.01022	0.02216	0.27639	0.15608	0.09544	0.02056	0.04639	0.00727	0.00542	0.00177	0.00498	0.00593	0.00491	0.00797
1	0.00756	0.00543	0.00755	0.00805	0.00870	0.00578	0.00580	0.00899	0.00957	0.01342	0.02124	0.32373	0.02322	0.10126	0.38781	0.00575	0.00906	0.00988	0.03255	0.00463
2	0.01168	0.02511	0.60032	0.01949	0.15964	0.01298	0.05871	0.01745	0.01193	0.01765	0.01009	0.01223	0.00741	0.00517	0.00537	0.00174	0.00796	0.00438	0.00244	0.00825
3	0.01326	0.05277	0.28631	0.08273	0.10241	0.03371	0.01423	0.06010	0.03215	0.09053	0.07699	0.01630	0.01267	0.00881	0.06144	0.00224	0.03714	0.00511	0.00348	0.00761
4	0.05318	0.04616	0.16966	0.02267	0.27990	0.01412	0.17687	0.07116	0.03077	0.01911	0.01057	0.01322	0.00831	0.00542	0.00627	0.00175	0.05486	0.00499	0.00295	0.00806
5	0.00661	0.00561	0.00571	0.00568	0.00752	0.00470	0.00426	0.00808	0.01279	0.01535	0.09407	0.05266	0.73036	0.01388	0.00654	0.00186	0.00279	0.01160	0.00519	0.00470
6	0.01341	0.01456	0.07195	0.13905	0.48446	0.05675	0.07521	0.01745	0.04110	0.01740	0.01072	0.01388	0.00864	0.00516	0.00554	0.00170	0.00713	0.00498	0.00280	0.00812
7	0.01434	0.01498	0.10326	0.02282	0.35039	0.06299	0.09498	0.08472	0.01419	0.06432	0.03741	0.05378	0.04381	0.00644	0.00571	0.00171	0.00668	0.00593	0.00353	0.00802
8	0.01336	0.01281	0.02186	0.11456	0.69294	0.01307	0.01683	0.01669	0.01245	0.01767	0.01036	0.01382	0.00862	0.00500	0.00549	0.00167	0.00666	0.00493	0.00271	0.00849
9	0.00715	0.00529	0.00649	0.00706	0.00792	0.00486	0.00495	0.00846	0.01172	0.01537	0.15209	0.37502	0.20881	0.10509	0.00930	0.00245	0.00338	0.05495	0.00509	0.00456
10	0.01151	0.06586	0.29939	0.01130	0.01585	0.07666	0.01187	0.01592	0.06637	0.05431	0.06672	0.09030	0.17400	0.00874	0.00568	0.00176	0.00587	0.00715	0.00390	0.00684

[dist]
# distance from previous block
# <min> <max>
0	3

[block]
# block no. 10 follows, 43 sequences, length 34
# corresponding to MSA columns:
# 955-977,982-992
name=unknown_K
#
# <colnr> <probs for GDERKNQSTAVLIFYWHMCP>
#	G	D	E	R	K	N	Q	S	T	A	V	L	I	F	Y	W	H	M	C	P
0	0.03102	0.16176	0.34170	0.01361	0.01941	0.01478	0.06665	0.12637	0.08640	0.01982	0.01296	0.04666	0.02270	0.00621	0.00518	0.00168	0.00680	0.00501	0.00336	0.00792
1	0.21057	0.17407	0.27745	0.01140	0.01651	0.05977	0.01213	0.01819	0.08962	0.01879	0.01093	0.02765	0.00871	0.00568	0.00450	0.00162	0.00621	0.00408	0.03489	0.00722
2	0.01376	0.27730	0.01714	0.01040	0.02648	0.22724	0.00843	0.01557	0.01352	0.01553	0.18295	0.05745	0.08055	0.00794	0.00538	0.00152	0.02286	0.00609	0.00370	0.00618
3	0.00954	0.00758	0.02164	0.00958	0.07300	0.02250	0.00652	0.03394	0.02640	0.04566	0.34001	0.05408	0.17703	0.12244	0.00939	0.00229	0.00389	0.02388	0.00508	0.00555
4	0.01523	0.75301	0.02807	0.00982	0.01442	0.07610	0.00956	0.01698	0.01157	0.01307	0.00776	0.00896	0.00711	0.00481	0.00366	0.00120	0.00621	0.00300	0.00240	0.00706
5	0.01231	0.01142	0.06284	0.01098	0.01412	0.01111	0.04923	0.11098	0.31020	0.02273	0.18896	0.02854	0.07723	0.00893	0.00605	0.00186	0.00466	0.05517	0.00528	0.00742
6	0.01854	0.01610	0.01318	0.01133	0.01443	0.30443	0.00879	0.11859	0.06460	0.18536	0.10794	0.02005	0.06311	0.02154	0.00593	0.00169	0.00652	0.00574	0.00481	0.00732
7	0.00797	0.00569	0.00768	0.00768	0.00825	0.00626	0.00541	0.00911	0.00854	0.01196	0.01595	0.02792	0.01652	0.36651	0.46210	0.00740	0.01081	0.00684	0.00313	0.00427
8	0.00962	0.00481	0.00722	0.00722	0.00722	0.00481	0.00481	0.00722	0.00722	0.00962	0.00962	0.01684	0.00962	0.01924	0.02165	0.83886	0.00481	0.00481	0.00241	0.00241
9	0.01501	0.02773	0.46664	0.01517	0.02118	0.32668	0.01649	0.01940	0.01332	0.01592	0.00938	0.01100	0.00706	0.00544	0.00515	0.00162	0.00892	0.00388	0.00255	0.00747
10	0.09681	0.01250	0.01406	0.10427	0.03366	0.09366	0.04047	0.11725	0.13721	0.17226	0.01689	0.04639	0.01350	0.00745	0.00557	0.00181	0.00589	0.06796	0.00474	0.00764
11	0.01040	0.00654	0.00780	0.00712	0.00921	0.00588	0.00546	0.01302	0.04999	0.14432	0.29930	0.06023	0.33623	0.01165	0.00635	0.00181	0.00314	0.00992	0.00579	0.00585
12	0.00724	0.00500	0.00655	0.00762	0.00816	0.00461	0.00516	0.00827	0.01089	0.03548	0.03210	0.72656	0.08809	0.01682	0.00699	0.00221	0.00323	0.01517	0.00519	0.00465
13	0.05346	0.01251	0.01460	0.01224	0.01495	0.12525	0.13396	0.18041	0.01519	0.02008	0.03345	0.23713	0.01820	0.06098	0.00738	0.00206	0.00607	0.00828	0.03734	0.00644
14	0.01282	0.01225	0.02087	0.24145	0.57031	0.01293	0.01655	0.01622	0.01219	0.01701	0.01026	0.01400	0.00839	0.00510	0.00550	0.00170	0.00680	0.00493	0.00266	0.00806
15	0.00660	0.00561	0.00569	0.00567	0.00752	0.00470	0.00425	0.00806	0.01276	0.01528	0.08710	0.05278	0.73738	0.01391	0.00654	0.00186	0.00280	0.01162	0.00518	0.00470
16	0.01148	0.00984	0.01148	0.00820	0.01312	0.00738	0.00656	0.01395	0.01148	0.01805	0.00984	0.01148	0.00820	0.00410	0.00410	0.00082	0.00410	0.00328	0.00328	0.83922
17	0.00827	0.00613	0.00795	0.00789	0.00853	0.00669	0.00559	0.02705	0.00947	0.01297	0.02020	0.12458	0.07218	0.30807	0.30190	0.00579	0.05047	0.00823	0.00356	0.00447
18	0.00803	0.00546	0.00648	0.00648	0.00664	0.00561	0.00391	0.00834	0.00819	0.01107	0.01704	0.03399	0.01916	0.68681	0.14540	0.00592	0.00684	0.00772	0.00330	0.00360
19	0.01277	0.01221	0.02079	0.25210	0.56001	0.01291	0.01653	0.01618	0.01217	0.01696	0.01025	0.01401	0.00837	0.00511	0.00550	0.00170	0.00681	0.00493	0.00266	0.00802
20	0.02335	0.01008	0.01308	0.01010	0.01424	0.00926	0.00831	0.12889	0.01729	0.62746	0.06260	0.01933	0.01527	0.00708	0.00562	0.00171	0.00479	0.00574	0.00663	0.00919
21	0.01176	0.01017	0.01631	0.21393	0.38018	0.01073	0.01302	0.01489	0.01201	0.01750	0.01451	0.01771	0.05234	0.00593	0.00521	0.00163	0.00570	0.00536	0.18400	0.00711
22	0.01441	0.00990	0.01138	0.10641	0.01512	0.10165	0.00844	0.04152	0.01268	0.20321	0.01734	0.11779	0.01497	0.01780	0.22847	0.00380	0.00831	0.00660	0.05370	0.00649
23	0.00825	0.00783	0.06201	0.00754	0.00968	0.00632	0.00630	0.04566	0.02829	0.01881	0.31079	0.08414	0.32506	0.01328	0.03933	0.00212	0.00384	0.01009	0.00523	0.00544
24	0.00830	0.00552	0.00656	0.00693	0.00787	0.00538	0.00487	0.01072	0.05383	0.01742	0.15232	0.34507	0.06646	0.06901	0.00758	0.00211	0.00315	0.01088	0.21107	0.00495
25	0.01191	0.15656	0.07031	0.05946	0.09411	0.04880	0.03638	0.04582	0.05332	0.02984	0.05078	0.25502	0.01914	0.00948	0.00611	0.00181	0.03258	0.00812	0.00386	0.00659
26	0.01408	0.23080	0.04168	0.02887	0.01601	0.04729	0.10178	0.09866	0.01349	0.05065	0.03654	0.01838	0.05383	0.00716	0.00682	0.00168	0.11105	0.04166	0.07266	0.00690
27	0.00883	0.00658	0.00816	0.00789	0.00869	0.00723	0.00553	0.01162	0.10265	0.01388	0.07389	0.02953	0.01986	0.38820	0.25421	0.00565	0.03193	0.00723	0.00370	0.00474
28	0.01089	0.01022	0.01440	0.07561	0.04113	0.05667	0.08661	0.01223	0.01013	0.01359	0.01588	0.09019	0.07988	0.06866	0.04560	0.10681	0.24621	0.00682	0.00308	0.00537
29	0.01588	0.01702	0.11432	0.08412	0.11659	0.12100	0.22243	0.10862	0.01480	0.09428	0.01169	0.01380	0.00864	0.00557	0.00601	0.00174	0.02702	0.00516	0.00345	0.00786
30	0.12639	0.01167	0.01652	0.15679	0.34879	0.04848	0.01291	0.01649	0.02902	0.06038	0.01323	0.08064	0.01181	0.00673	0.00542	0.00178	0.00608	0.03613	0.00339	0.00735
31	0.01099	0.00765	0.00861	0.00864	0.01024	0.04365	0.00651	0.06826	0.03488	0.09397	0.02936	0.37367	0.11858	0.01335	0.00649	0.00204	0.00409	0.10133	0.05198	0.00572
32	0.01194	0.04489	0.03215	0.10950	0.14621	0.03699	0.07230	0.03327	0.13188	0.01797	0.04378	0.13670	0.01623	0.00791	0.00590	0.00176	0.02155	0.02014	0.05252	0.05641
33	0.01399	0.04271	0.03366	0.05354	0.26324	0.07984	0.14798	0.01739	0.03837	0.08288	0.01380	0.08844	0.01200	0.00843	0.04943	0.00211	0.00725	0.00614	0.00344	0.03538

[dist]
# distance from previous block
# <min> <max>
7	103

[block]
# block no. 11 follows, 43 sequences, length 7
# corresponding to MSA columns:
# 1097-1103
name=unknown_L
#
# <colnr> <probs for GDERKNQSTAVLIFYWHMCP>
#	G	D	E	R	K	N	Q	S	T	A	V	L	I	F	Y	W	H	M	C	P
0	0.01114	0.00950	0.01138	0.07121	0.01475	0.00841	0.00766	0.01555	0.12031	0.01812	0.01683	0.02105	0.06449	0.00651	0.00496	0.00130	0.00441	0.07708	0.00387	0.51147
1	0.01190	0.03183	0.12308	0.01329	0.10753	0.00967	0.05489	0.03150	0.09119	0.08454	0.05958	0.07669	0.13468	0.08760	0.00800	0.00210	0.00528	0.00731	0.00420	0.05516
2	0.00959	0.00901	0.06982	0.00915	0.01122	0.00782	0.00735	0.07806	0.12606	0.01785	0.02792	0.44633	0.10062	0.01312	0.00641	0.00201	0.00404	0.01155	0.00496	0.03712
3	0.00959	0.00804	0.00969	0.07820	0.01240	0.05266	0.00733	0.01191	0.07540	0.01385	0.02183	0.09823	0.13962	0.04560	0.20996	0.13115	0.05849	0.00744	0.00361	0.00502
4	0.09818	0.08952	0.07630	0.01107	0.01551	0.01224	0.05221	0.08823	0.06173	0.15271	0.01259	0.01331	0.00938	0.00572	0.00568	0.00149	0.05966	0.00434	0.00404	0.22609
5	0.01037	0.16262	0.01408	0.00923	0.01185	0.01008	0.06431	0.01318	0.07602	0.01502	0.02008	0.18619	0.07656	0.14845	0.03050	0.00246	0.00511	0.00792	0.00381	0.13215
6	0.08753	0.12726	0.32210	0.09191	0.04445	0.06531	0.06240	0.08150	0.01312	0.04083	0.01008	0.01189	0.00753	0.00536	0.00500	0.00166	0.00732	0.00420	0.00294	0.00764

[dist]
# distance from previous block
# <min> <max>
8	104

[block]
# block no. 12 follows, 43 sequences, length 8
# corresponding to MSA columns:
# 1221-1228
name=unknown_M
#
# <colnr> <probs for GDERKNQSTAVLIFYWHMCP>
#	G	D	E	R	K	N	Q	S	T	A	V	L	I	F	Y	W	H	M	C	P
