[name]
unknown

[dist]
# distance from previous block
# <min> <max>
11	25

[block]
# block no. 0 follows, 44 sequences, length 34
# corresponding to MSA columns:
# 25-31,58-84
name=unknown_A
#
# <colnr> <probs for GDERKNQSTAVLIFYWHMCP>
#	G	D	E	R	K	N	Q	S	T	A	V	L	I	F	Y	W	H	M	C	P
0	0.07601	0.01264	0.09009	0.37064	0.08866	0.01261	0.01318	0.16602	0.01410	0.01962	0.01403	0.01655	0.07057	0.00626	0.00534	0.00175	0.00642	0.00518	0.00334	0.00699
1	0.11386	0.17446	0.02006	0.03221	0.29842	0.01382	0.06799	0.01781	0.06215	0.08127	0.05809	0.01464	0.01150	0.00555	0.00493	0.00158	0.00576	0.00480	0.00343	0.00767
2	0.01754	0.01175	0.11159	0.07790	0.12492	0.00919	0.01087	0.02037	0.01380	0.40496	0.02203	0.02123	0.11503	0.00713	0.00556	0.00171	0.00530	0.00598	0.00501	0.00813
3	0.38961	0.12392	0.01263	0.00863	0.01198	0.01148	0.05603	0.01562	0.01107	0.11094	0.01801	0.07711	0.11897	0.00734	0.00456	0.00168	0.00454	0.00566	0.00396	0.00626
4	0.01526	0.14621	0.06865	0.01593	0.18209	0.06084	0.01132	0.12494	0.14226	0.06691	0.04119	0.01462	0.01146	0.00585	0.00501	0.00153	0.00580	0.00473	0.00391	0.07148
5	0.13969	0.06061	0.01209	0.01011	0.04066	0.15038	0.00769	0.09013	0.01454	0.13571	0.10680	0.03420	0.15977	0.00807	0.00525	0.00164	0.00518	0.00630	0.00455	0.00664
6	0.01306	0.08306	0.23967	0.04295	0.06359	0.04151	0.01269	0.12282	0.09385	0.01997	0.06336	0.01833	0.01333	0.00661	0.00528	0.00164	0.00614	0.06040	0.00369	0.08804
7	0.08476	0.01009	0.06170	0.00914	0.01276	0.00857	0.00784	0.04711	0.07155	0.32359	0.17395	0.02328	0.06582	0.00767	0.00544	0.00165	0.00428	0.00630	0.00552	0.06897
8	0.01308	0.12605	0.13404	0.01003	0.01353	0.01039	0.00921	0.10374	0.01335	0.13058	0.01909	0.30558	0.01903	0.00983	0.00561	0.00175	0.00493	0.00838	0.00442	0.05737
9	0.01553	0.01342	0.01789	0.08666	0.36501	0.07647	0.01310	0.17219	0.03848	0.06709	0.06953	0.01578	0.01231	0.00599	0.00546	0.00164	0.00625	0.00521	0.00384	0.00814
10	0.01481	0.40592	0.02165	0.04782	0.12340	0.01620	0.01014	0.01888	0.11862	0.10438	0.05883	0.01443	0.01210	0.00575	0.00456	0.00145	0.00543	0.00446	0.00358	0.00757
11	0.01216	0.14481	0.32490	0.01204	0.01718	0.01327	0.01294	0.01978	0.22723	0.03590	0.11076	0.01749	0.01555	0.00653	0.00518	0.00167	0.00585	0.00524	0.00381	0.00771
12	0.01372	0.17282	0.22972	0.01174	0.01635	0.01410	0.01179	0.22053	0.06155	0.02084	0.01481	0.15994	0.01362	0.00781	0.00528	0.00169	0.00591	0.00633	0.00389	0.00754
13	0.43415	0.24123	0.01593	0.01034	0.05956	0.07960	0.00823	0.06576	0.01158	0.02046	0.00819	0.00947	0.00670	0.00508	0.00380	0.00151	0.00540	0.00324	0.00313	0.00664
14	0.07240	0.24125	0.01910	0.09514	0.04074	0.27660	0.01053	0.15131	0.01508	0.01792	0.00916	0.01066	0.00742	0.00544	0.00458	0.00145	0.00727	0.00374	0.00315	0.00706
15	0.01491	0.33351	0.26585	0.01155	0.01691	0.06637	0.01243	0.01822	0.01248	0.13409	0.05678	0.01317	0.01067	0.00561	0.00462	0.00148	0.00643	0.00413	0.00326	0.00754
16	0.00888	0.00620	0.00689	0.00666	0.00859	0.00552	0.00501	0.01120	0.05897	0.09669	0.07682	0.15382	0.50870	0.01301	0.00636	0.00187	0.00311	0.01103	0.00531	0.00535
17	0.01893	0.02365	0.01558	0.12573	0.01981	0.67581	0.01119	0.02065	0.01480	0.01343	0.00861	0.01050	0.00706	0.00559	0.00499	0.00146	0.00946	0.00370	0.00275	0.00628
18	0.01319	0.00963	0.01150	0.00831	0.01306	0.00737	0.00668	0.01556	0.01192	0.12647	0.01138	0.01234	0.00885	0.00442	0.00424	0.00093	0.00412	0.00355	0.00373	0.72272
19	0.01266	0.01163	0.01563	0.01335	0.01410	0.01546	0.01105	0.11892	0.01087	0.01610	0.00896	0.01331	0.00829	0.01313	0.11455	0.00309	0.58480	0.00493	0.00289	0.00630
20	0.00714	0.00570	0.00649	0.00671	0.00834	0.00505	0.00531	0.00894	0.01288	0.01610	0.15184	0.05277	0.50630	0.01370	0.00668	0.00197	0.00323	0.17090	0.00519	0.00477
21	0.01130	0.00969	0.01130	0.00807	0.01292	0.00727	0.00646	0.01373	0.01130	0.01776	0.00969	0.01130	0.00807	0.00404	0.00404	0.00081	0.00404	0.00323	0.00323	0.84173
22	0.01241	0.01340	0.02739	0.18753	0.13704	0.01331	0.49299	0.01661	0.01239	0.01677	0.01064	0.01450	0.00811	0.00481	0.00608	0.00180	0.00840	0.00587	0.00268	0.00726
23	0.00787	0.00552	0.00715	0.00715	0.00756	0.00594	0.00480	0.00870	0.00828	0.01146	0.01608	0.02959	0.01718	0.48058	0.35196	0.00677	0.00927	0.00704	0.00314	0.00397
24	0.00644	0.00552	0.00552	0.00552	0.00736	0.00460	0.00414	0.00782	0.01243	0.01473	0.05523	0.05247	0.77218	0.01381	0.00644	0.00184	0.00276	0.01151	0.00506	0.00460
25	0.01818	0.01000	0.01185	0.00969	0.01316	0.00989	0.00779	0.17404	0.12394	0.34812	0.02586	0.06731	0.13857	0.00853	0.00573	0.00175	0.00448	0.00701	0.00594	0.00815
26	0.01287	0.01231	0.02100	0.18261	0.63014	0.01279	0.01642	0.01618	0.01212	0.01705	0.01014	0.01370	0.00837	0.00497	0.00541	0.00166	0.00663	0.00486	0.00264	0.00813
27	0.02260	0.01138	0.01264	0.01011	0.01390	0.11909	0.00816	0.02465	0.01557	0.61137	0.07662	0.01899	0.01545	0.00692	0.00547	0.00165	0.00522	0.00553	0.00613	0.00854
28	0.01130	0.00969	0.01130	0.00807	0.01292	0.00727	0.00646	0.01373	0.01130	0.01776	0.00969	0.01130	0.00807	0.00404	0.00404	0.00081	0.00404	0.00323	0.00323	0.84173
29	0.00947	0.00473	0.00710	0.00710	0.00710	0.00473	0.00473	0.00710	0.00710	0.00947	0.00947	0.01657	0.00947	0.01894	0.02131	0.84138	0.00473	0.00473	0.00237	0.00237
30	0.00779	0.00584	0.00876	0.00876	0.00974	0.00681	0.00681	0.00974	0.00876	0.01266	0.01460	0.02142	0.01363	0.04089	0.78680	0.00876	0.01460	0.00584	0.00292	0.00487
31	0.00942	0.00563	0.00743	0.00788	0.00902	0.00515	0.00572	0.01079	0.01182	0.12392	0.07570	0.52250	0.09393	0.01481	0.00672	0.00210	0.00346	0.07342	0.00536	0.00523
32	0.01908	0.05581	0.01553	0.01292	0.01603	0.49071	0.01003	0.17101	0.07395	0.01862	0.01078	0.01175	0.00852	0.00600	0.00517	0.00148	0.02085	0.00406	0.04065	0.00706
33	0.01665	0.01511	0.02460	0.01825	0.02289	0.12324	0.44033	0.04747	0.01415	0.17798	0.01283	0.01468	0.00920	0.00542	0.00633	0.00175	0.03207	0.00571	0.00370	0.00764

[dist]
# distance from previous block
# <min> <max>
0	1

[block]
# block no. 1 follows, 44 sequences, length 7
# corresponding to MSA columns:
# 87-93
name=unknown_B
#
# <colnr> <probs for GDERKNQSTAVLIFYWHMCP>
#	G	D	E	R	K	N	Q	S	T	A	V	L	I	F	Y	W	H	M	C	P
0	0.20882	0.01526	0.17541	0.01884	0.26454	0.01252	0.04495	0.01885	0.10546	0.06765	0.01176	0.01322	0.00892	0.00540	0.00495	0.00170	0.00601	0.00451	0.00339	0.00786
1	0.01344	0.01267	0.01784	0.01437	0.07579	0.05320	0.18314	0.10225	0.01366	0.01940	0.01038	0.01240	0.00825	0.00461	0.00492	0.00124	0.00598	0.00432	0.00332	0.43883
2	0.39221	0.01192	0.01122	0.00962	0.01310	0.01366	0.00776	0.17467	0.26874	0.02596	0.01369	0.01363	0.01025	0.00616	0.00454	0.00173	0.00462	0.00445	0.00454	0.00753
3	0.00825	0.00667	0.01003	0.01365	0.18742	0.00642	0.00779	0.00973	0.01090	0.01483	0.02541	0.61951	0.02964	0.01422	0.00659	0.00207	0.00394	0.01301	0.00451	0.00541
4	0.01341	0.20201	0.12036	0.08536	0.31025	0.01515	0.11041	0.05005	0.01252	0.01696	0.00975	0.01235	0.00790	0.00494	0.00507	0.00157	0.00692	0.00450	0.00267	0.00783
5	0.01390	0.01522	0.01641	0.01425	0.01491	0.19699	0.01160	0.01515	0.01001	0.01317	0.00745	0.01144	0.00713	0.00862	0.01485	0.00216	0.61374	0.00448	0.00248	0.00605
6	0.01287	0.01471	0.03217	0.02298	0.02849	0.01379	0.75460	0.01746	0.01287	0.01746	0.01103	0.01471	0.00827	0.00460	0.00643	0.00184	0.00919	0.00643	0.00276	0.00735

[dist]
# distance from previous block
# <min> <max>
0	8

[block]
# block no. 2 follows, 44 sequences, length 7
# corresponding to MSA columns:
# 102-108
name=unknown_C
#
# <colnr> <probs for GDERKNQSTAVLIFYWHMCP>
#	G	D	E	R	K	N	Q	S	T	A	V	L	I	F	Y	W	H	M	C	P
0	0.01067	0.00992	0.01589	0.70485	0.03485	0.01228	0.01439	0.01566	0.09782	0.01495	0.01113	0.01520	0.00835	0.00568	0.00546	0.00182	0.00693	0.00500	0.00278	0.00635
1	0.01101	0.00772	0.01160	0.01016	0.01201	0.00786	0.09263	0.01394	0.06982	0.11789	0.10477	0.18224	0.02250	0.10776	0.16630	0.00369	0.03934	0.00849	0.00442	0.00585
2	0.01305	0.01297	0.01625	0.14713	0.17276	0.14017	0.05810	0.06970	0.01370	0.01771	0.15407	0.01858	0.01642	0.00880	0.05091	0.00212	0.07165	0.00573	0.00349	0.00670
3	0.11434	0.01770	0.30532	0.01459	0.08463	0.01188	0.05990	0.01950	0.12990	0.09375	0.01272	0.01362	0.00931	0.00549	0.00504	0.00165	0.00622	0.00452	0.00353	0.08639
4	0.04507	0.07103	0.05415	0.01199	0.01532	0.04443	0.11177	0.08616	0.17195	0.08166	0.07535	0.02049	0.05026	0.07727	0.00821	0.00206	0.05538	0.00606	0.00428	0.00713
5	0.01396	0.14188	0.20651	0.09885	0.04522	0.12737	0.11752	0.08229	0.04865	0.01734	0.01216	0.01391	0.03937	0.00568	0.00519	0.00162	0.00742	0.00472	0.00301	0.00733
6	0.01362	0.01430	0.11866	0.11125	0.54250	0.01246	0.01636	0.01722	0.01237	0.07314	0.01096	0.01372	0.00862	0.00510	0.00538	0.00166	0.00663	0.00480	0.00291	0.00833

[dist]
# distance from previous block
# <min> <max>
15	27

[block]
# block no. 3 follows, 44 sequences, length 36
# corresponding to MSA columns:
# 143-178
name=unknown_D
#
# <colnr> <probs for GDERKNQSTAVLIFYWHMCP>
#	G	D	E	R	K	N	Q	S	T	A	V	L	I	F	Y	W	H	M	C	P
0	0.03274	0.01425	0.02048	0.07721	0.59684	0.09964	0.01545	0.04652	0.01312	0.01787	0.01007	0.01303	0.00834	0.00505	0.00530	0.00161	0.00683	0.00467	0.00282	0.00818
1	0.01218	0.01172	0.01213	0.01296	0.11073	0.17054	0.00857	0.05928	0.01147	0.01438	0.01287	0.02017	0.01240	0.19613	0.26735	0.00477	0.04805	0.00558	0.00309	0.00564
2	0.08782	0.01250	0.13519	0.27644	0.09460	0.03393	0.01225	0.01414	0.01214	0.01758	0.16649	0.02016	0.04988	0.00679	0.00538	0.00170	0.00584	0.00575	0.00340	0.03800
3	0.01410	0.01365	0.02406	0.05118	0.40122	0.01370	0.24557	0.10914	0.03704	0.01979	0.01119	0.01406	0.00880	0.00508	0.00573	0.00170	0.00722	0.00539	0.00314	0.00823
4	0.39318	0.25892	0.10833	0.00966	0.01393	0.10783	0.00922	0.01695	0.01084	0.01871	0.00795	0.00926	0.00649	0.00502	0.00381	0.00150	0.00584	0.00314	0.00286	0.00655
5	0.01661	0.00765	0.00967	0.00806	0.01032	0.00709	0.00591	0.04622	0.01241	0.39133	0.01916	0.02633	0.01628	0.38057	0.01586	0.00336	0.00499	0.00660	0.00509	0.00649
6	0.01016	0.00508	0.00508	0.00508	0.00635	0.00508	0.00381	0.01270	0.01143	0.02033	0.01778	0.02033	0.01397	0.00635	0.00381	0.00127	0.00254	0.00508	0.83867	0.00508
7	0.01486	0.01423	0.13640	0.06929	0.32434	0.01210	0.01400	0.02084	0.16309	0.15365	0.01453	0.01552	0.01074	0.00579	0.00541	0.00171	0.00601	0.00510	0.00391	0.00850
8	0.02037	0.02598	0.01545	0.01404	0.01685	0.78652	0.01053	0.02177	0.01545	0.01334	0.00843	0.00983	0.00702	0.00562	0.00492	0.00140	0.00983	0.00351	0.00281	0.00632
9	0.01016	0.00508	0.00508	0.00508	0.00635	0.00508	0.00381	0.01270	0.01143	0.02033	0.01778	0.02033	0.01397	0.00635	0.00381	0.00127	0.00254	0.00508	0.83867	0.00508
10	0.84691	0.01054	0.00801	0.00717	0.01054	0.01223	0.00590	0.01603	0.00928	0.02446	0.00759	0.00886	0.00590	0.00506	0.00337	0.00169	0.00422	0.00295	0.00337	0.00590
11	0.02217	0.01296	0.01493	0.01144	0.01575	0.01347	0.00945	0.47431	0.02176	0.32174	0.01634	0.01520	0.01090	0.00662	0.00546	0.00166	0.00547	0.00513	0.00595	0.00927
12	0.01377	0.00860	0.01184	0.07213	0.10521	0.00845	0.00893	0.07198	0.02890	0.20476	0.12039	0.07580	0.11128	0.00973	0.00611	0.00187	0.00465	0.12356	0.00514	0.00690
13	0.01750	0.01083	0.01244	0.01059	0.01408	0.01156	0.00841	0.02810	0.49391	0.29576	0.02194	0.01970	0.01550	0.00716	0.00552	0.00179	0.00443	0.00592	0.00598	0.00886
14	0.01193	0.01193	0.01670	0.01431	0.01431	0.01670	0.01193	0.01312	0.00835	0.01312	0.00716	0.01193	0.00716	0.00954	0.01789	0.00239	0.79843	0.00477	0.00239	0.00596
15	0.01418	0.15280	0.02178	0.02131	0.31924	0.03548	0.10291	0.05786	0.18350	0.01877	0.01269	0.01425	0.01011	0.00547	0.00522	0.00161	0.00627	0.00497	0.00343	0.00816
16	0.01453	0.02116	0.49178	0.01329	0.01969	0.01121	0.01551	0.06130	0.01361	0.20301	0.07059	0.01552	0.01202	0.00609	0.00536	0.00171	0.00669	0.00487	0.00384	0.00820
17	0.01292	0.01229	0.02087	0.09519	0.67306	0.01247	0.01599	0.01616	0.01245	0.01770	0.05023	0.01501	0.01077	0.00524	0.00546	0.00164	0.00634	0.00512	0.00285	0.00824
18	0.01383	0.35283	0.09788	0.01059	0.01457	0.03937	0.01004	0.14847	0.02927	0.01734	0.01083	0.01315	0.00920	0.01388	0.19300	0.00316	0.00829	0.00418	0.00312	0.00702
19	0.01016	0.00508	0.00508	0.00508	0.00635	0.00508	0.00381	0.01270	0.01143	0.02033	0.01778	0.02033	0.01397	0.00635	0.00381	0.00127	0.00254	0.00508	0.83867	0.00508
20	0.00770	0.00574	0.00726	0.00776	0.00866	0.00563	0.00547	0.01069	0.09374	0.01718	0.24400	0.49832	0.03841	0.01431	0.00665	0.00203	0.00312	0.01285	0.00539	0.00509
21	0.01105	0.02736	0.73370	0.01600	0.02390	0.01273	0.06576	0.01728	0.01159	0.01728	0.00986	0.01171	0.00699	0.00514	0.00526	0.00173	0.00813	0.00418	0.00233	0.00801
22	0.01030	0.00969	0.01635	0.79530	0.03755	0.01211	0.01514	0.01393	0.01090	0.01393	0.00969	0.01453	0.00727	0.00545	0.00545	0.00182	0.00727	0.00484	0.00242	0.00606
23	0.01248	0.01074	0.01184	0.00964	0.01357	0.01053	0.00759	0.02164	0.40215	0.02038	0.01618	0.01599	0.01252	0.00578	0.00482	0.00135	0.00418	0.00475	0.00443	0.40944
24	0.01030	0.00969	0.01635	0.79530	0.03755	0.01211	0.01514	0.01393	0.01090	0.01393	0.00969	0.01453	0.00727	0.00545	0.00545	0.00182	0.00727	0.00484	0.00242	0.00606
25	0.01468	0.01290	0.02061	0.02915	0.62484	0.01306	0.01534	0.11110	0.01422	0.04865	0.01163	0.01516	0.00962	0.00547	0.00548	0.00165	0.00630	0.02823	0.00328	0.00863
26	0.01238	0.01173	0.01967	0.12729	0.59684	0.01196	0.01521	0.01553	0.01239	0.01737	0.05407	0.01725	0.05284	0.00577	0.00552	0.00166	0.00616	0.00549	0.00297	0.00790
27	0.29404	0.01214	0.01738	0.02461	0.51726	0.01271	0.01309	0.01649	0.01136	0.02005	0.00936	0.01193	0.00772	0.00493	0.00472	0.00164	0.00572	0.00422	0.00293	0.00772
28	0.01688	0.00815	0.01118	0.01081	0.08454	0.00725	0.00762	0.01888	0.01415	0.42302	0.09612	0.12305	0.13586	0.00934	0.00589	0.00177	0.00415	0.00800	0.00582	0.00751
29	0.01616	0.06757	0.02022	0.02432	0.42123	0.30821	0.03106	0.01864	0.01350	0.01579	0.00941	0.01183	0.00791	0.00513	0.00512	0.00151	0.00778	0.00426	0.00272	0.00762
30	0.00810	0.00534	0.00678	0.00678	0.00701	0.00558	0.00434	0.00825	0.00802	0.01092	0.01552	0.02967	0.01694	0.51766	0.20868	0.11935	0.00744	0.00700	0.00308	0.00355
31	0.01379	0.01046	0.01143	0.01061	0.01323	0.05254	0.00859	0.07013	0.32465	0.10215	0.07359	0.03246	0.02194	0.00966	0.00614	0.00198	0.00485	0.21907	0.00540	0.00733
32	0.01860	0.02287	0.01757	0.01761	0.13443	0.59727	0.05836	0.02048	0.01462	0.01429	0.00884	0.01076	0.00735	0.00554	0.00544	0.00149	0.03101	0.00394	0.00278	0.00673
33	0.01398	0.01490	0.12848	0.16279	0.16311	0.08193	0.06107	0.08310	0.05318	0.07916	0.03458	0.05786	0.01164	0.00709	0.02175	0.00187	0.00691	0.00558	0.00355	0.00748
34	0.01589	0.38316	0.12990	0.01234	0.01669	0.28079	0.02974	0.01822	0.01257	0.01375	0.00825	0.00977	0.00703	0.00525	0.00484	0.00139	0.03759	0.00343	0.00250	0.00689
35	0.01269	0.03341	0.01081	0.01033	0.02862	0.33373	0.00746	0.01403	0.01317	0.01397	0.02714	0.22045	0.23165	0.01077	0.00584	0.00173	0.00599	0.00879	0.00400	0.00543

[dist]
# distance from previous block
# <min> <max>
0	1

[block]
# block no. 4 follows, 44 sequences, length 7
# corresponding to MSA columns:
# 180-186
name=unknown_E
#
# <colnr> <probs for GDERKNQSTAVLIFYWHMCP>
#	G	D	E	R	K	N	Q	S	T	A	V	L	I	F	Y	W	H	M	C	P
0	0.01473	0.13998	0.21887	0.01136	0.01686	0.03945	0.03990	0.01807	0.01239	0.16877	0.01176	0.01249	0.00865	0.00506	0.00467	0.00134	0.00591	0.00398	0.00351	0.26225
1	0.01458	0.81168	0.02857	0.00933	0.01399	0.02157	0.00933	0.01632	0.01108	0.01283	0.00758	0.00875	0.00700	0.00466	0.00350	0.00117	0.00583	0.00292	0.00233	0.00700
2	0.00973	0.01930	0.47702	0.01223	0.01728	0.01001	0.01410	0.01389	0.01024	0.01497	0.01227	0.01871	0.01098	0.19740	0.13542	0.00368	0.00846	0.00522	0.00263	0.00644
3	0.00828	0.00968	0.13074	0.00918	0.01120	0.00756	0.00822	0.01060	0.01129	0.01569	0.17084	0.17513	0.13774	0.05536	0.13068	0.00318	0.08617	0.00900	0.00412	0.00534
4	0.00805	0.00529	0.00560	0.00567	0.00710	0.00483	0.00420	0.00997	0.01217	0.01759	0.11246	0.10607	0.33427	0.01090	0.00546	0.00164	0.00269	0.00917	0.33203	0.00483
5	0.00969	0.00785	0.06446	0.00779	0.00991	0.00609	0.00632	0.01183	0.01282	0.08587	0.33129	0.13242	0.05744	0.13223	0.00932	0.00223	0.00381	0.00882	0.00493	0.09485
6	0.01388	0.04402	0.16194	0.01391	0.04328	0.01290	0.10804	0.02345	0.36845	0.08799	0.01680	0.01669	0.01240	0.00621	0.00544	0.00173	0.00581	0.00543	0.00435	0.04731

[dist]
# distance from previous block
# <min> <max>
0	3

[block]
# block no. 5 follows, 44 sequences, length 49
# corresponding to MSA columns:
# 195-243
name=unknown_F
#
# <colnr> <probs for GDERKNQSTAVLIFYWHMCP>
#	G	D	E	R	K	N	Q	S	T	A	V	L	I	F	Y	W	H	M	C	P
0	0.01264	0.01235	0.05362	0.01915	0.19655	0.01148	0.22274	0.04350	0.11682	0.04855	0.04687	0.12057	0.01515	0.00712	0.00589	0.00176	0.00621	0.00701	0.00382	0.04819
1	0.01567	0.36940	0.10970	0.01370	0.11581	0.05055	0.01133	0.01969	0.09573	0.13191	0.01197	0.01252	0.00926	0.00541	0.00454	0.00146	0.00600	0.00408	0.00343	0.00783
2	0.00928	0.00768	0.01057	0.07196	0.12316	0.00803	0.00821	0.01358	0.15493	0.01646	0.05026	0.45253	0.02670	0.01235	0.00633	0.00201	0.00416	0.01115	0.00464	0.00599
3	0.51030	0.01447	0.01124	0.00964	0.01313	0.15804	0.00775	0.18021	0.01404	0.02456	0.00896	0.00997	0.00686	0.00549	0.00412	0.00162	0.00566	0.00349	0.00373	0.00672
4	0.00758	0.00560	0.00810	0.00834	0.00912	0.00626	0.00623	0.00920	0.00901	0.01274	0.01768	0.16894	0.01827	0.09193	0.58610	0.00729	0.01179	0.00780	0.00335	0.00467
5	0.01387	0.65958	0.17448	0.01053	0.01586	0.01984	0.01143	0.01651	0.01116	0.01369	0.00801	0.00928	0.00698	0.00476	0.00382	0.00127	0.00626	0.00313	0.00233	0.00720
6	0.37326	0.01191	0.09577	0.00927	0.01355	0.01032	0.00846	0.02105	0.01246	0.37279	0.01428	0.01364	0.00953	0.00586	0.00455	0.00169	0.00484	0.00424	0.00482	0.00771
7	0.01518	0.01605	0.01636	0.01971	0.29400	0.26438	0.01178	0.05169	0.09614	0.01825	0.12724	0.01718	0.01554	0.00642	0.00542	0.00159	0.00672	0.00533	0.00367	0.00738
8	0.01030	0.00969	0.01635	0.79530	0.03755	0.01211	0.01514	0.01393	0.01090	0.01393	0.00969	0.01453	0.00727	0.00545	0.00545	0.00182	0.00727	0.00484	0.00242	0.00606
9	0.01458	0.81168	0.02857	0.00933	0.01399	0.02157	0.00933	0.01632	0.01108	0.01283	0.00758	0.00875	0.00700	0.00466	0.00350	0.00117	0.00583	0.00292	0.00233	0.00700
10	0.01030	0.00969	0.01635	0.79530	0.03755	0.01211	0.01514	0.01393	0.01090	0.01393	0.00969	0.01453	0.00727	0.00545	0.00545	0.00182	0.00727	0.00484	0.00242	0.00606
11	0.00917	0.00494	0.00740	0.00740	0.00758	0.00511	0.00511	0.00758	0.00740	0.01005	0.01040	0.01745	0.01022	0.02291	0.15986	0.69068	0.00652	0.00494	0.00247	0.00282
12	0.05812	0.01055	0.01235	0.06825	0.04294	0.06828	0.00850	0.10610	0.01595	0.32049	0.20664	0.02188	0.02106	0.00750	0.00557	0.00167	0.00491	0.00617	0.00547	0.00758
13	0.78356	0.07152	0.00958	0.00733	0.01081	0.01294	0.00616	0.01605	0.00941	0.02357	0.00759	0.00885	0.00599	0.00503	0.00338	0.00165	0.00434	0.00295	0.00329	0.00599
14	0.00786	0.00555	0.00728	0.00728	0.00774	0.00601	0.00497	0.00879	0.00832	0.01156	0.01596	0.02891	0.01688	0.44410	0.38804	0.00694	0.00971	0.00694	0.00312	0.00405
15	0.01563	0.53421	0.02435	0.06929	0.04458	0.15526	0.01031	0.06359	0.01280	0.01454	0.00833	0.00981	0.00722	0.00502	0.00409	0.00130	0.00668	0.00336	0.00263	0.00701
16	0.05337	0.00944	0.01104	0.00821	0.01256	0.00764	0.00658	0.03420	0.01244	0.10198	0.08391	0.01484	0.01274	0.00513	0.00443	0.00105	0.00402	0.00414	0.00394	0.60833
17	0.01734	0.15677	0.13544	0.07200	0.01859	0.16988	0.01179	0.21085	0.04752	0.09210	0.01160	0.01237	0.00861	0.00579	0.00497	0.00155	0.00695	0.00425	0.00379	0.00783
18	0.01636	0.20641	0.11903	0.01217	0.01636	0.21185	0.01102	0.10511	0.17658	0.04528	0.01235	0.01277	0.00956	0.00592	0.00500	0.00154	0.01712	0.00426	0.00366	0.00764
19	0.00940	0.00799	0.01093	0.01002	0.01033	0.01011	0.00770	0.01048	0.00835	0.01220	0.01255	0.02210	0.01303	0.25988	0.26633	0.00529	0.30958	0.00606	0.00283	0.00481
20	0.01234	0.11934	0.11360	0.04652	0.33936	0.01335	0.12728	0.01566	0.01180	0.01634	0.01199	0.09874	0.01104	0.00633	0.00586	0.00170	0.03247	0.00589	0.00285	0.00753
21	0.01021	0.00886	0.01280	0.01100	0.01275	0.04024	0.10496	0.01197	0.03468	0.01430	0.04779	0.13719	0.01565	0.01649	0.14750	0.15500	0.11065	0.00686	0.00331	0.09779
22	0.00710	0.00547	0.00652	0.00673	0.00796	0.00496	0.00486	0.00911	0.03285	0.01699	0.27732	0.27587	0.29688	0.01377	0.00657	0.00191	0.00286	0.01204	0.00538	0.00483
23	0.00797	0.00570	0.00729	0.00715	0.00854	0.00546	0.00539	0.00987	0.01242	0.04818	0.27552	0.11245	0.24209	0.01979	0.20318	0.00357	0.00580	0.00968	0.00490	0.00502
24	0.01172	0.05546	0.37963	0.24813	0.13022	0.05037	0.01725	0.01638	0.01163	0.01597	0.00966	0.01247	0.00726	0.00521	0.00520	0.00170	0.00759	0.00431	0.00242	0.00741
25	0.01377	0.08325	0.50689	0.01488	0.02173	0.01266	0.09864	0.01883	0.01234	0.14875	0.01178	0.01287	0.00821	0.00535	0.00524	0.00169	0.00742	0.00446	0.00312	0.00811
26	0.00851	0.00672	0.00940	0.00900	0.00958	0.00808	0.00681	0.00986	0.00849	0.01223	0.01399	0.02330	0.01406	0.22194	0.47491	0.00686	0.14250	0.00617	0.00292	0.00467
27	0.02353	0.02290	0.51407	0.07218	0.08136	0.01286	0.16218	0.01702	0.01177	0.01722	0.01002	0.01245	0.00731	0.00506	0.00543	0.00175	0.00805	0.00460	0.00244	0.00779
28	0.01473	0.18641	0.01686	0.01492	0.20402	0.01133	0.00967	0.01682	0.01272	0.21067	0.05482	0.15991	0.04828	0.00819	0.00538	0.00166	0.00492	0.00703	0.00434	0.00734
29	0.01028	0.00619	0.00767	0.00724	0.00914	0.00549	0.00559	0.01219	0.01368	0.15505	0.25643	0.12525	0.28517	0.01219	0.00640	0.00187	0.00326	0.06564	0.00564	0.00562
30	0.01046	0.02189	0.54893	0.01375	0.02002	0.01086	0.05220	0.01575	0.01257	0.02951	0.19090	0.01871	0.01764	0.00659	0.00554	0.00173	0.00676	0.00555	0.00327	0.00735
31	0.01064	0.08961	0.36694	0.07360	0.05383	0.01196	0.06583	0.01487	0.01174	0.01621	0.04063	0.02095	0.12449	0.00716	0.00597	0.00176	0.03783	0.03601	0.00301	0.00697
32	0.01013	0.02381	0.63546	0.01405	0.02066	0.01112	0.01732	0.01546	0.01131	0.01664	0.01357	0.15985	0.01236	0.00740	0.00551	0.00182	0.00714	0.00617	0.00282	0.00738
33	0.01353	0.01126	0.01907	0.33743	0.17872	0.01208	0.12857	0.07264	0.01313	0.10154	0.01257	0.05292	0.00993	0.00599	0.00567	0.00177	0.00682	0.00568	0.00337	0.00730
34	0.01465	0.01256	0.07112	0.11385	0.43254	0.01175	0.01451	0.01781	0.01245	0.15817	0.01235	0.01475	0.00945	0.00721	0.04365	0.00203	0.03466	0.00496	0.00339	0.00814
35	0.01135	0.01283	0.10516	0.28198	0.30533	0.01178	0.06964	0.01492	0.01163	0.01601	0.01222	0.09965	0.01093	0.00640	0.00564	0.00178	0.00676	0.00603	0.00282	0.00716
36	0.01170	0.01189	0.01749	0.50888	0.11421	0.09591	0.07425	0.01494	0.01169	0.01458	0.01113	0.06841	0.00946	0.00614	0.00557	0.00178	0.00733	0.00557	0.00270	0.00636
37	0.01270	0.01231	0.02146	0.21205	0.54955	0.01281	0.06722	0.01612	0.01209	0.01687	0.01018	0.01382	0.00829	0.00498	0.00548	0.00168	0.00685	0.00496	0.00264	0.00794
38	0.01640	0.00803	0.01138	0.00991	0.01286	0.00724	0.04409	0.01863	0.01398	0.39340	0.02726	0.06786	0.10204	0.01038	0.00632	0.00198	0.00471	0.23056	0.00577	0.00717
39	0.01189	0.01673	0.27909	0.01817	0.16091	0.01126	0.13357	0.04874	0.01286	0.04277	0.04438	0.07991	0.01462	0.00744	0.00591	0.00185	0.00680	0.09230	0.00341	0.00740
40	0.01345	0.10148	0.27169	0.02191	0.29019	0.09784	0.09331	0.01749	0.01236	0.01660	0.00971	0.01208	0.00769	0.00500	0.00519	0.00161	0.00758	0.00440	0.00255	0.00789
41	0.00737	0.00575	0.00789	0.00818	0.00922	0.00539	0.04174	0.00932	0.03846	0.01551	0.11475	0.51061	0.14517	0.01490	0.00677	0.00208	0.00345	0.04351	0.00507	0.00485
42	0.01529	0.01674	0.21999	0.01954	0.21059	0.01257	0.12319	0.13146	0.01469	0.13604	0.01304	0.03965	0.00986	0.00585	0.00556	0.00171	0.00683	0.00532	0.00372	0.00835
43	0.05194	0.01460	0.10387	0.05456	0.33546	0.04293	0.09100	0.07648	0.03289	0.09822	0.01242	0.03955	0.00982	0.00572	0.00544	0.00169	0.00661	0.00524	0.00347	0.00810
44	0.01385	0.10213	0.04603	0.01973	0.25091	0.07324	0.13145	0.09857	0.05020	0.01837	0.01513	0.05459	0.06809	0.00657	0.00580	0.00167	0.02688	0.00586	0.00339	0.00754
45	0.00864	0.11997	0.01041	0.00821	0.00957	0.04234	0.00626	0.01002	0.01053	0.01350	0.02457	0.38312	0.09973	0.02049	0.20293	0.00364	0.00668	0.01035	0.00404	0.00500
46	0.07753	0.04275	0.29722	0.03599	0.09841	0.01338	0.07691	0.15425	0.01392	0.02041	0.01173	0.07226	0.00980	0.00645	0.00593	0.00176	0.04508	0.00529	0.00327	0.00766
47	0.05224	0.05391	0.06946	0.11358	0.17662	0.12928	0.04863	0.11446	0.07114	0.04886	0.01195	0.03967	0.00964	0.00609	0.00564	0.00168	0.03113	0.00498	0.00347	0.00755
48	0.01359	0.11078	0.06535	0.01868	0.20905	0.09746	0.13711	0.06790	0.04994	0.01790	0.05699	0.07671	0.01395	0.00681	0.00555	0.00168	0.00664	0.03315	0.00344	0.00732

[dist]
# distance from previous block
# <min> <max>
7	164

[block]
# block no. 6 follows, 44 sequences, length 52
# corresponding to MSA columns:
# 453-504
name=unknown_G
#
# <colnr> <probs for GDERKNQSTAVLIFYWHMCP>
#	G	D	E	R	K	N	Q	S	T	A	V	L	I	F	Y	W	H	M	C	P
0	0.06829	0.04363	0.01378	0.01248	0.08195	0.09002	0.02368	0.06643	0.24357	0.04108	0.01550	0.03457	0.01270	0.00657	0.00506	0.00156	0.00523	0.04255	0.03278	0.15857
1	0.01154	0.00989	0.01040	0.01106	0.09343	0.11688	0.00714	0.02971	0.05016	0.05436	0.17489	0.02844	0.06449	0.24217	0.06938	0.00322	0.00596	0.00714	0.00413	0.00558
2	0.22885	0.05757	0.02600	0.00958	0.03318	0.07964	0.00761	0.06975	0.01360	0.18641	0.08191	0.05251	0.10384	0.00776	0.00505	0.00168	0.00483	0.01878	0.00463	0.00681
3	0.01746	0.01619	0.01311	0.01216	0.05099	0.30963	0.00895	0.12470	0.11246	0.08709	0.01405	0.01477	0.01067	0.00619	0.00492	0.00150	0.00645	0.00462	0.17696	0.00715
4	0.04961	0.01313	0.01691	0.02050	0.33916	0.05665	0.01204	0.18372	0.10636	0.05268	0.04219	0.01622	0.01196	0.04717	0.00651	0.00184	0.00592	0.00525	0.00402	0.00815
5	0.01682	0.47692	0.04426	0.01115	0.01540	0.21358	0.01008	0.12452	0.01429	0.01619	0.00865	0.00972	0.00733	0.00519	0.00418	0.00131	0.00693	0.00338	0.00290	0.00718
6	0.01345	0.37967	0.34453	0.01229	0.01828	0.01704	0.01394	0.07288	0.05104	0.01683	0.00967	0.01084	0.00762	0.00516	0.00446	0.00147	0.00671	0.00370	0.00272	0.00770
7	0.01232	0.01184	0.01937	0.28274	0.47308	0.03201	0.01554	0.01558	0.01180	0.01615	0.01025	0.01415	0.00840	0.00692	0.04552	0.00205	0.00724	0.00487	0.00262	0.00753
8	0.01532	0.01493	0.01336	0.01178	0.01428	0.20655	0.00911	0.12768	0.28684	0.01950	0.01508	0.01727	0.01235	0.08164	0.04893	0.00243	0.08623	0.00532	0.00419	0.00720
9	0.01071	0.01024	0.01768	0.68742	0.10307	0.01227	0.05325	0.01436	0.01114	0.01446	0.00981	0.01445	0.00744	0.00535	0.00550	0.00180	0.00730	0.00493	0.00246	0.00635
10	0.01477	0.01583	0.01224	0.01117	0.01393	0.29547	0.00852	0.02250	0.35364	0.01787	0.02312	0.02230	0.14986	0.00790	0.00548	0.00168	0.00606	0.00616	0.00446	0.00705
11	0.01264	0.01239	0.01077	0.00982	0.01223	0.17851	0.00750	0.04027	0.27100	0.01955	0.21359	0.02811	0.14338	0.00895	0.00577	0.00171	0.00488	0.00733	0.00499	0.00662
12	0.01736	0.00987	0.01173	0.00990	0.01325	0.01001	0.00795	0.06196	0.28936	0.33355	0.05769	0.02462	0.07956	0.00812	0.00572	0.00179	0.00436	0.03894	0.00599	0.00828
13	0.01108	0.01045	0.01747	0.58330	0.20766	0.01209	0.01512	0.01457	0.01127	0.01500	0.00982	0.01415	0.00762	0.00525	0.00538	0.00173	0.00694	0.00478	0.00252	0.04380
14	0.02014	0.05618	0.01595	0.01386	0.01674	0.75711	0.01049	0.02156	0.01528	0.01332	0.00839	0.00979	0.00702	0.00558	0.00486	0.00140	0.00968	0.00349	0.00279	0.00635
15	0.00664	0.00474	0.00633	0.00759	0.00791	0.00443	0.00506	0.00759	0.01044	0.01392	0.03005	0.80485	0.03606	0.01708	0.00696	0.00221	0.00316	0.01550	0.00506	0.00443
16	0.01030	0.00969	0.01635	0.79530	0.03755	0.01211	0.01514	0.01393	0.01090	0.01393	0.00969	0.01453	0.00727	0.00545	0.00545	0.00182	0.00727	0.00484	0.00242	0.00606
17	0.00644	0.00552	0.00552	0.00552	0.00736	0.00460	0.00414	0.00782	0.01243	0.01473	0.05523	0.05247	0.77218	0.01381	0.00644	0.00184	0.00276	0.01151	0.00506	0.00460
18	0.01030	0.00969	0.01635	0.79530	0.03755	0.01211	0.01514	0.01393	0.01090	0.01393	0.00969	0.01453	0.00727	0.00545	0.00545	0.00182	0.00727	0.00484	0.00242	0.00606
19	0.01093	0.02820	0.78016	0.01554	0.02360	0.01266	0.02014	0.01727	0.01151	0.01727	0.00978	0.01151	0.00691	0.00518	0.00518	0.00173	0.00806	0.00403	0.00230	0.00806
20	0.01458	0.81168	0.02857	0.00933	0.01399	0.02157	0.00933	0.01632	0.01108	0.01283	0.00758	0.00875	0.00700	0.00466	0.00350	0.00117	0.00583	0.00292	0.00233	0.00700
21	0.01356	0.01171	0.01233	0.01109	0.01418	0.01356	0.00863	0.02897	0.76455	0.02281	0.02219	0.02034	0.01664	0.00740	0.00555	0.00185	0.00431	0.00616	0.00555	0.00863
22	0.02446	0.00928	0.01265	0.00970	0.01392	0.00801	0.00801	0.02657	0.01560	0.77817	0.02151	0.01856	0.01350	0.00675	0.00548	0.00169	0.00464	0.00548	0.00675	0.00928
23	0.01349	0.01295	0.02213	0.03346	0.77440	0.01295	0.01673	0.01673	0.01241	0.01781	0.01025	0.01349	0.00864	0.00486	0.00540	0.00162	0.00648	0.00486	0.00270	0.00864
24	0.00779	0.00584	0.00876	0.00876	0.00974	0.00681	0.00681	0.00974	0.00876	0.01266	0.01460	0.02142	0.01363	0.04089	0.78680	0.00876	0.01460	0.00584	0.00292	0.00487
25	0.00664	0.00474	0.00633	0.00759	0.00791	0.00443	0.00506	0.00759	0.01044	0.01392	0.03005	0.80485	0.03606	0.01708	0.00696	0.00221	0.00316	0.01550	0.00506	0.00443
26	0.00729	0.00579	0.00771	0.05911	0.01042	0.00598	0.00613	0.00897	0.01046	0.01368	0.03095	0.17336	0.27624	0.02501	0.32791	0.00476	0.00801	0.00946	0.00401	0.00478
27	0.02037	0.02598	0.01545	0.01404	0.01685	0.78652	0.01053	0.02177	0.01545	0.01334	0.00843	0.00983	0.00702	0.00562	0.00492	0.00140	0.00983	0.00351	0.00281	0.00632
28	0.00664	0.00474	0.00633	0.00759	0.00791	0.00443	0.00506	0.00759	0.01044	0.01392	0.03005	0.80485	0.03606	0.01708	0.00696	0.00221	0.00316	0.01550	0.00506	0.00443
29	0.01765	0.40704	0.02216	0.01125	0.01547	0.16407	0.00989	0.25586	0.01659	0.01986	0.00951	0.01035	0.00773	0.00545	0.00440	0.00136	0.00664	0.00367	0.00343	0.00760
30	0.00764	0.00574	0.00706	0.00747	0.00850	0.00549	0.00530	0.02832	0.05843	0.01694	0.20617	0.45414	0.13954	0.01438	0.00664	0.00201	0.00311	0.01279	0.00532	0.00500
31	0.05142	0.12290	0.01679	0.01320	0.01626	0.66182	0.01021	0.02087	0.01467	0.01371	0.00829	0.00966	0.00698	0.00548	0.00468	0.00139	0.00912	0.00342	0.00277	0.00639
32	0.02072	0.01527	0.01636	0.01254	0.01691	0.01691	0.01036	0.75622	0.02563	0.03436	0.01309	0.01309	0.00927	0.00654	0.00545	0.00164	0.00600	0.00491	0.00545	0.00927
33	0.02427	0.00959	0.01284	0.00985	0.01407	0.00847	0.00813	0.06403	0.01612	0.73998	0.02108	0.01828	0.01328	0.00674	0.00548	0.00168	0.00471	0.00545	0.00668	0.00928
34	0.00792	0.00532	0.00611	0.00611	0.00616	0.00537	0.00350	0.00803	0.00798	0.01069	0.01703	0.03486	0.01947	0.76445	0.07122	0.00548	0.00582	0.00781	0.00328	0.00339
35	0.00779	0.00584	0.00876	0.00876	0.00974	0.00681	0.00681	0.00974	0.00876	0.01266	0.01460	0.02142	0.01363	0.04089	0.78680	0.00876	0.01460	0.00584	0.00292	0.00487
36	0.01458	0.81168	0.02857	0.00933	0.01399	0.02157	0.00933	0.01632	0.01108	0.01283	0.00758	0.00875	0.00700	0.00466	0.00350	0.00117	0.00583	0.00292	0.00233	0.00700
37	0.01130	0.00969	0.01130	0.00807	0.01292	0.00727	0.00646	0.01373	0.01130	0.01776	0.00969	0.01130	0.00807	0.00404	0.00404	0.00081	0.00404	0.00323	0.00323	0.84173
38	0.01349	0.01295	0.02213	0.03346	0.77440	0.01295	0.01673	0.01673	0.01241	0.01781	0.01025	0.01349	0.00864	0.00486	0.00540	0.00162	0.00648	0.00486	0.00270	0.00864
39	0.02072	0.01527	0.01636	0.01254	0.01691	0.01691	0.01036	0.75622	0.02563	0.03436	0.01309	0.01309	0.00927	0.00654	0.00545	0.00164	0.00600	0.00491	0.00545	0.00927
40	0.01030	0.00969	0.01635	0.79530	0.03755	0.01211	0.01514	0.01393	0.01090	0.01393	0.00969	0.01453	0.00727	0.00545	0.00545	0.00182	0.00727	0.00484	0.00242	0.00606
41	0.02025	0.01482	0.01586	0.01221	0.01644	0.01638	0.01007	0.72317	0.02500	0.03373	0.01330	0.01341	0.00948	0.00654	0.00538	0.00162	0.00585	0.00492	0.04249	0.00909
42	0.00851	0.00608	0.00847	0.00973	0.01087	0.00604	0.00831	0.01083	0.01228	0.01601	0.02902	0.15557	0.03197	0.01532	0.00746	0.00247	0.00479	0.64630	0.00503	0.00495
43	0.01030	0.00969	0.01635	0.79530	0.03755	0.01211	0.01514	0.01393	0.01090	0.01393	0.00969	0.01453	0.00727	0.00545	0.00545	0.00182	0.00727	0.00484	0.00242	0.00606
44	0.20728	0.13151	0.49620	0.01273	0.01922	0.01378	0.01532	0.01685	0.01093	0.01834	0.00897	0.01051	0.00668	0.00508	0.00453	0.00164	0.00685	0.00362	0.00256	0.00741
45	0.01576	0.65157	0.02589	0.01029	0.01458	0.17745	0.00957	0.01743	0.01197	0.01293	0.00775	0.00897	0.00700	0.00486	0.00379	0.00121	0.00665	0.00304	0.00243	0.00686
46	0.01102	0.00939	0.01100	0.00805	0.01261	0.00709	0.00637	0.01335	0.01125	0.01753	0.01094	0.05989	0.00979	0.00484	0.00422	0.00089	0.00398	0.00398	0.00334	0.79047
47	0.00741	0.00509	0.00618	0.00665	0.00685	0.00494	0.00410	0.00794	0.00937	0.01257	0.06840	0.33680	0.02811	0.45011	0.01831	0.00387	0.00429	0.01101	0.00416	0.00386
48	0.01619	0.01174	0.10548	0.01410	0.12908	0.00963	0.02744	0.04741	0.01356	0.31514	0.02069	0.12139	0.07465	0.00831	0.00654	0.00181	0.05729	0.00695	0.00482	0.00777
49	0.32235	0.04197	0.01354	0.01249	0.06371	0.27902	0.00926	0.01847	0.05805	0.01826	0.00890	0.01060	0.00733	0.00595	0.00605	0.00167	0.10913	0.00370	0.00311	0.00644
50	0.00952	0.00730	0.00850	0.00838	0.01018	0.00730	0.00659	0.10553	0.07671	0.01878	0.10590	0.18381	0.24423	0.01297	0.00658	0.00202	0.00386	0.17095	0.00523	0.00564
51	0.03279	0.01445	0.05918	0.23654	0.21286	0.08614	0.03504	0.19648	0.01548	0.02056	0.03176	0.01393	0.00929	0.00569	0.00538	0.00167	0.00690	0.00484	0.00339	0.00763

[dist]
# distance from previous block
# <min> <max>
2	29

[block]
# block no. 7 follows, 44 sequences, length 75
# corresponding to MSA columns:
# 534-608
name=unknown_H
#
# <colnr> <probs for GDERKNQSTAVLIFYWHMCP>
#	G	D	E	R	K	N	Q	S	T	A	V	L	I	F	Y	W	H	M	C	P
0	0.77761	0.01094	0.00871	0.00762	0.01108	0.01262	0.00628	0.07811	0.01065	0.02529	0.00805	0.00921	0.00619	0.00519	0.00355	0.00168	0.00437	0.00312	0.00355	0.00619
1	0.01345	0.53298	0.23210	0.01215	0.01781	0.01851	0.07476	0.01667	0.01134	0.01442	0.00846	0.00999	0.00708	0.00480	0.00420	0.00137	0.00671	0.00351	0.00236	0.00731
2	0.01988	0.09189	0.01655	0.01365	0.01661	0.72236	0.01043	0.02131	0.01508	0.01330	0.00836	0.00974	0.00702	0.00554	0.00480	0.00138	0.00950	0.00346	0.00277	0.00638
3	0.01168	0.00881	0.08741	0.02921	0.01220	0.00734	0.00816	0.01426	0.01187	0.16856	0.14324	0.02472	0.01995	0.03945	0.30638	0.00451	0.00844	0.03444	0.05324	0.00613
4	0.00962	0.00608	0.00829	0.00805	0.00949	0.00622	0.00614	0.01129	0.01050	0.11468	0.02482	0.12235	0.15327	0.05923	0.41748	0.00564	0.00939	0.00807	0.00409	0.00529
5	0.01220	0.01276	0.01347	0.20832	0.01904	0.21895	0.07153	0.01403	0.01135	0.01308	0.01329	0.07983	0.01323	0.23085	0.04290	0.00298	0.00755	0.00633	0.00302	0.00530
6	0.01775	0.02085	0.03039	0.01432	0.04637	0.47782	0.03862	0.04174	0.22351	0.01691	0.01256	0.01319	0.00986	0.00606	0.00519	0.00156	0.00801	0.00446	0.00362	0.00720
7	0.01770	0.01347	0.01444	0.01180	0.01559	0.01509	0.00951	0.40739	0.35158	0.05744	0.01743	0.01650	0.01269	0.00693	0.00550	0.00173	0.00520	0.00548	0.00554	0.00899
8	0.42221	0.18604	0.18012	0.00958	0.01434	0.01397	0.00983	0.01669	0.01048	0.05024	0.00870	0.00989	0.00674	0.00503	0.00390	0.00155	0.00541	0.00329	0.00305	0.03895
9	0.01249	0.36312	0.45887	0.01288	0.01949	0.01647	0.01552	0.01686	0.01133	0.01537	0.00884	0.01033	0.00694	0.00496	0.00446	0.00149	0.00711	0.00355	0.00231	0.00760
10	0.01606	0.00899	0.01107	0.00915	0.01234	0.00865	0.00728	0.05045	0.17390	0.30613	0.23737	0.02452	0.02452	0.00792	0.00565	0.00165	0.00398	0.00668	0.00593	0.07777
11	0.01078	0.00887	0.01017	0.00986	0.03968	0.03865	0.00727	0.16082	0.01403	0.01833	0.04636	0.17731	0.22226	0.01666	0.14182	0.00307	0.05480	0.00894	0.00445	0.00588
12	0.01296	0.03795	0.25797	0.05897	0.41707	0.01291	0.06022	0.01718	0.01218	0.04613	0.01049	0.01306	0.00816	0.00503	0.00535	0.00166	0.00707	0.00467	0.00271	0.00825
13	0.01430	0.01005	0.01134	0.00914	0.01272	0.00965	0.00728	0.19537	0.09424	0.12237	0.02387	0.07071	0.16656	0.00814	0.00540	0.00153	0.00431	0.00667	0.00496	0.22141
14	0.04831	0.01155	0.01996	0.02511	0.45846	0.01135	0.13969	0.01499	0.01212	0.01732	0.01639	0.11078	0.07576	0.00702	0.00576	0.00175	0.00614	0.00687	0.00322	0.00746
15	0.01156	0.01676	0.26184	0.02235	0.32157	0.01165	0.10861	0.01566	0.01207	0.01729	0.04189	0.10808	0.01295	0.00662	0.00568	0.00176	0.00678	0.00625	0.00299	0.00766
16	0.00727	0.00527	0.00700	0.00816	0.00889	0.00500	0.00611	0.00873	0.01124	0.01471	0.03179	0.51703	0.09615	0.01620	0.00709	0.00227	0.00369	0.23371	0.00505	0.00462
17	0.01126	0.02590	0.65256	0.01681	0.02443	0.01285	0.14543	0.01730	0.01174	0.01730	0.01000	0.01206	0.00714	0.00508	0.00539	0.00175	0.00825	0.00444	0.00238	0.00794
18	0.01217	0.00771	0.01179	0.00985	0.01244	0.00695	0.11443	0.01449	0.01378	0.20105	0.21708	0.12648	0.17555	0.01055	0.00632	0.00185	0.00425	0.04163	0.00537	0.00626
19	0.00793	0.00529	0.00595	0.00595	0.00595	0.00529	0.00330	0.00793	0.00793	0.01057	0.01718	0.03568	0.01982	0.80840	0.02775	0.00529	0.00529	0.00793	0.00330	0.00330
20	0.02446	0.00928	0.01265	0.00970	0.01392	0.00801	0.00801	0.02657	0.01560	0.77817	0.02151	0.01856	0.01350	0.00675	0.00548	0.00169	0.00464	0.00548	0.00675	0.00928
21	0.00927	0.00487	0.00730	0.00730	0.00742	0.00498	0.00498	0.00742	0.00730	0.00985	0.01008	0.01715	0.00996	0.02155	0.11225	0.74247	0.00591	0.00487	0.00243	0.00266
22	0.01220	0.04083	0.61160	0.01515	0.02184	0.10509	0.01812	0.01744	0.01171	0.01637	0.00936	0.01130	0.00694	0.00559	0.00618	0.00173	0.07452	0.00401	0.00237	0.00766
23	0.01812	0.01174	0.01508	0.01531	0.16847	0.01211	0.01030	0.20167	0.16704	0.24564	0.06336	0.01792	0.01444	0.00671	0.00553	0.00169	0.00515	0.00562	0.00533	0.00876
24	0.01024	0.00969	0.01438	0.01333	0.05895	0.06346	0.11669	0.01252	0.00999	0.01376	0.01249	0.01801	0.01131	0.02721	0.47908	0.00604	0.10877	0.00558	0.00281	0.00569
25	0.01372	0.01296	0.02216	0.02998	0.62037	0.01296	0.09331	0.06059	0.01321	0.01886	0.01081	0.01387	0.00885	0.00499	0.00545	0.00163	0.00658	0.00503	0.03629	0.00840
26	0.01203	0.01189	0.02015	0.26270	0.26473	0.01375	0.10267	0.01503	0.01097	0.01538	0.00938	0.01356	0.00779	0.00620	0.00872	0.00190	0.20857	0.00502	0.00254	0.00701
27	0.84691	0.01054	0.00801	0.00717	0.01054	0.01223	0.00590	0.01603	0.00928	0.02446	0.00759	0.00886	0.00590	0.00506	0.00337	0.00169	0.00422	0.00295	0.00337	0.00590
28	0.01447	0.01865	0.37629	0.01309	0.01860	0.01131	0.04206	0.09565	0.01416	0.17999	0.09199	0.03965	0.01407	0.00677	0.00601	0.00175	0.03801	0.00549	0.00406	0.00792
29	0.01808	0.12159	0.01891	0.01381	0.01752	0.35052	0.10871	0.10893	0.10854	0.06445	0.01172	0.01256	0.00904	0.00576	0.00511	0.00153	0.00777	0.00444	0.00364	0.00736
30	0.00752	0.00553	0.00704	0.00673	0.00804	0.00505	0.00502	0.00988	0.01485	0.02066	0.65374	0.07580	0.13639	0.01172	0.00645	0.00175	0.00262	0.01030	0.00585	0.00505
31	0.01350	0.06077	0.01762	0.01503	0.06136	0.07015	0.01184	0.07623	0.01070	0.01518	0.00796	0.01179	0.00741	0.00844	0.01433	0.00214	0.58180	0.00459	0.00269	0.00649
32	0.00823	0.00562	0.00648	0.00657	0.00683	0.00562	0.00397	0.04084	0.00922	0.01230	0.01961	0.19057	0.02265	0.61268	0.02255	0.00450	0.00489	0.00933	0.00375	0.00379
33	0.01437	0.01655	0.01598	0.01371	0.01659	0.35161	0.15996	0.01667	0.01400	0.01528	0.05237	0.02715	0.11222	0.00844	0.00597	0.00177	0.00759	0.14014	0.00364	0.00602
34	0.02446	0.00928	0.01265	0.00970	0.01392	0.00801	0.00801	0.02657	0.01560	0.77817	0.02151	0.01856	0.01350	0.00675	0.00548	0.00169	0.00464	0.00548	0.00675	0.00928
35	0.01345	0.01540	0.02582	0.02001	0.05278	0.14620	0.50852	0.01701	0.01301	0.01634	0.01281	0.10768	0.01137	0.00627	0.00619	0.00180	0.00848	0.00694	0.00304	0.00688
36	0.01130	0.00969	0.01130	0.00807	0.01292	0.00727	0.00646	0.01373	0.01130	0.01776	0.00969	0.01130	0.00807	0.00404	0.00404	0.00081	0.00404	0.00323	0.00323	0.84173
37	0.01356	0.01171	0.01233	0.01109	0.01418	0.01356	0.00863	0.02897	0.76455	0.02281	0.02219	0.02034	0.01664	0.00740	0.00555	0.00185	0.00431	0.00616	0.00555	0.00863
38	0.01228	0.01644	0.17040	0.11467	0.12469	0.01327	0.43290	0.01691	0.01232	0.01705	0.01054	0.01393	0.00794	0.00484	0.00595	0.00179	0.00840	0.00559	0.00262	0.00750
39	0.00832	0.00599	0.00752	0.00818	0.00898	0.00591	0.00569	0.09653	0.01224	0.01635	0.02803	0.71079	0.03288	0.01583	0.00678	0.00215	0.00350	0.01424	0.00511	0.00500
40	0.01093	0.02820	0.78016	0.01554	0.02360	0.01266	0.02014	0.01727	0.01151	0.01727	0.00978	0.01151	0.00691	0.00518	0.00518	0.00173	0.00806	0.00403	0.00230	0.00806
