[name]
unknown

[dist]
# distance from previous block
# <min> <max>
0	22

[block]
# block no. 0 follows, 36 sequences, length 10
# corresponding to MSA columns:
# 25-34
name=unknown_A
#
# <colnr> <probs for GDERKNQSTAVLIFYWHMCP>
#	G	D	E	R	K	N	Q	S	T	A	V	L	I	F	Y	W	H	M	C	P
0	0.01532	0.01373	0.01733	0.08483	0.02015	0.14279	0.13712	0.03662	0.01618	0.09291	0.15460	0.03436	0.02521	0.01008	0.00709	0.00214	0.00727	0.17008	0.00497	0.00723
1	0.01941	0.06608	0.01560	0.01214	0.01549	0.21385	0.00944	0.22494	0.01891	0.09533	0.01942	0.02309	0.08054	0.14617	0.01059	0.00254	0.00738	0.00642	0.00486	0.00780
2	0.01296	0.00868	0.00942	0.00839	0.00982	0.00912	0.00578	0.17752	0.01453	0.02047	0.01866	0.03157	0.01862	0.46080	0.02083	0.00424	0.00567	0.00767	0.14952	0.00574
3	0.00788	0.00564	0.00749	0.00848	0.00910	0.00525	0.00581	0.00940	0.01327	0.01804	0.19999	0.60523	0.04534	0.01793	0.00781	0.00240	0.00346	0.01620	0.00604	0.00525
4	0.16075	0.08182	0.01162	0.00856	0.01166	0.01122	0.00699	0.06057	0.08630	0.11851	0.01790	0.01891	0.01350	0.00701	0.00479	0.00168	0.00434	0.00531	0.36107	0.00749
5	0.01499	0.01393	0.02404	0.02274	0.19107	0.01461	0.24885	0.08358	0.01484	0.02165	0.01330	0.01695	0.01062	0.00679	0.00851	0.00200	0.12848	0.00619	0.14863	0.00824
6	0.00890	0.00625	0.00773	0.00766	0.00824	0.00639	0.00505	0.00990	0.01071	0.01462	0.11713	0.03876	0.06516	0.46404	0.19750	0.00621	0.00797	0.00902	0.00419	0.00456
7	0.01573	0.46454	0.02396	0.01030	0.01481	0.01914	0.00948	0.14203	0.01600	0.01957	0.02259	0.02263	0.18048	0.00817	0.00519	0.00161	0.00587	0.00605	0.00404	0.00782
8	0.01126	0.01354	0.18326	0.01105	0.01414	0.00992	0.01033	0.05336	0.06584	0.01772	0.01706	0.02609	0.01593	0.25340	0.21807	0.00538	0.00946	0.00683	0.05087	0.00649
9	0.02028	0.01610	0.01942	0.01966	0.18872	0.01758	0.01320	0.43320	0.15120	0.03246	0.01606	0.01655	0.01193	0.00720	0.00624	0.00191	0.00664	0.00585	0.00551	0.01029

[dist]
# distance from previous block
# <min> <max>
0	1

[block]
# block no. 1 follows, 36 sequences, length 10
# corresponding to MSA columns:
# 36-45
name=unknown_B
#
# <colnr> <probs for GDERKNQSTAVLIFYWHMCP>
#	G	D	E	R	K	N	Q	S	T	A	V	L	I	F	Y	W	H	M	C	P
0	0.01916	0.10105	0.09174	0.01266	0.01728	0.01385	0.01164	0.22014	0.01904	0.19198	0.02008	0.02831	0.01690	0.00926	0.00644	0.00203	0.00637	0.16529	0.00559	0.04120
1	0.00908	0.00753	0.00989	0.01010	0.01067	0.00842	0.00749	0.01032	0.01171	0.01580	0.03226	0.44129	0.14187	0.04308	0.01158	0.00264	0.18010	0.03569	0.00501	0.00547
2	0.01708	0.14216	0.34709	0.01656	0.02365	0.01506	0.13600	0.02205	0.01442	0.18634	0.01411	0.01513	0.00991	0.00613	0.00594	0.00188	0.00813	0.00525	0.00389	0.00920
3	0.01438	0.08329	0.34472	0.01990	0.12297	0.07228	0.04241	0.01887	0.01282	0.01800	0.01030	0.01332	0.00831	0.00699	0.00918	0.00206	0.18407	0.00488	0.00278	0.00848
4	0.01022	0.00658	0.00867	0.00940	0.01054	0.00629	0.00686	0.01262	0.04907	0.08284	0.08592	0.52370	0.03841	0.01710	0.00776	0.00246	0.00406	0.10548	0.00606	0.00595
5	0.01452	0.60551	0.02658	0.00966	0.01425	0.02019	0.00930	0.01642	0.01301	0.01516	0.02120	0.02150	0.17648	0.00774	0.00477	0.00151	0.00586	0.00559	0.00338	0.00737
6	0.01164	0.00998	0.01140	0.00856	0.01330	0.00760	0.00677	0.01413	0.01322	0.01950	0.02306	0.02375	0.17743	0.00719	0.00525	0.00119	0.00428	0.00587	0.00417	0.63170
7	0.04082	0.01160	0.01226	0.01026	0.01321	0.01241	0.00790	0.32104	0.05692	0.02690	0.02468	0.02923	0.13252	0.18694	0.01205	0.00285	0.00555	0.00765	0.07762	0.00758
8	0.00939	0.00732	0.00874	0.00941	0.01064	0.00748	0.00664	0.01432	0.17768	0.01832	0.03451	0.54766	0.09039	0.01668	0.00754	0.00240	0.00388	0.01490	0.00591	0.00618
9	0.09983	0.01395	0.01414	0.01157	0.01559	0.11921	0.00928	0.12222	0.03762	0.35332	0.11918	0.02142	0.01899	0.00803	0.00609	0.00188	0.00599	0.00629	0.00633	0.00906

[dist]
# distance from previous block
# <min> <max>
0	10

[block]
# block no. 2 follows, 36 sequences, length 21
# corresponding to MSA columns:
# 88-108
name=unknown_C
#
# <colnr> <probs for GDERKNQSTAVLIFYWHMCP>
#	G	D	E	R	K	N	Q	S	T	A	V	L	I	F	Y	W	H	M	C	P
0	0.30890	0.45209	0.02444	0.01085	0.01571	0.02018	0.05836	0.01862	0.01206	0.01983	0.00894	0.01051	0.00765	0.00549	0.00418	0.00160	0.00626	0.00363	0.00313	0.00757
1	0.82504	0.01205	0.00916	0.00819	0.01205	0.01398	0.00675	0.01832	0.01060	0.02795	0.00868	0.01012	0.00675	0.00578	0.00386	0.00193	0.00482	0.00337	0.00386	0.00675
2	0.01011	0.00822	0.01137	0.01069	0.01123	0.01010	0.00813	0.01151	0.00963	0.01394	0.01540	0.02628	0.01570	0.23998	0.37519	0.00712	0.19969	0.00703	0.00331	0.00538
3	0.03681	0.01606	0.01492	0.01361	0.04271	0.17703	0.01031	0.16644	0.13987	0.02450	0.11145	0.02268	0.03963	0.00875	0.00741	0.00194	0.07338	0.02321	0.06124	0.00806
4	0.01157	0.00735	0.00908	0.00869	0.01065	0.00685	0.00653	0.04012	0.04067	0.11765	0.24822	0.23780	0.18337	0.01426	0.00732	0.00216	0.00377	0.03105	0.00640	0.00648
5	0.01098	0.00736	0.00894	0.06061	0.01191	0.00751	0.00674	0.08355	0.01527	0.02235	0.16721	0.25030	0.05118	0.01216	0.00642	0.00198	0.00390	0.01058	0.25493	0.00615
6	0.00870	0.00645	0.00941	0.00964	0.01058	0.00727	0.00727	0.01064	0.01027	0.01457	0.01961	0.14367	0.01996	0.07936	0.60218	0.00864	0.01410	0.00853	0.00374	0.00539
7	0.01642	0.01782	0.12035	0.24471	0.15569	0.08042	0.01622	0.19192	0.01744	0.02294	0.01318	0.01598	0.02618	0.00674	0.00652	0.00195	0.02763	0.00547	0.00377	0.00865
8	0.01409	0.01344	0.02288	0.30379	0.48704	0.01445	0.01846	0.01795	0.01356	0.01874	0.01148	0.01586	0.00930	0.00580	0.00619	0.00193	0.00773	0.00555	0.00297	0.00879
9	0.01360	0.07728	0.49876	0.01589	0.02327	0.01543	0.01857	0.02334	0.21066	0.02114	0.01492	0.01572	0.01096	0.00658	0.00591	0.00197	0.00786	0.00519	0.00365	0.00931
10	0.00959	0.00621	0.00763	0.00728	0.00874	0.00586	0.00546	0.01252	0.01638	0.02450	0.54112	0.04013	0.04700	0.01123	0.00652	0.00182	0.00293	0.00976	0.22945	0.00586
11	0.01274	0.01107	0.01383	0.12829	0.01919	0.00918	0.00894	0.01572	0.01285	0.01961	0.01107	0.01350	0.00908	0.00487	0.00487	0.00110	0.00519	0.00398	0.00355	0.69135
12	0.00923	0.00594	0.00688	0.00705	0.00752	0.00583	0.00444	0.01023	0.01119	0.01606	0.10686	0.15435	0.02872	0.44203	0.02055	0.00424	0.00477	0.01014	0.13940	0.00456
13	0.01315	0.15062	0.63610	0.01664	0.02524	0.01607	0.02108	0.01956	0.01308	0.01893	0.01078	0.01266	0.00791	0.00583	0.00562	0.00187	0.00881	0.00440	0.00264	0.00902
14	0.00744	0.00600	0.00663	0.00713	0.00863	0.00519	0.00510	0.00885	0.01342	0.01651	0.05317	0.30789	0.49813	0.01707	0.00757	0.00225	0.00331	0.01473	0.00579	0.00519
15	0.01192	0.01101	0.01835	0.48596	0.19222	0.01267	0.01589	0.01549	0.01276	0.01690	0.01488	0.13596	0.01383	0.00817	0.00649	0.00210	0.00737	0.00746	0.00331	0.00728
16	0.00845	0.00619	0.00808	0.00898	0.01007	0.00582	0.00683	0.01043	0.01391	0.01840	0.16300	0.35584	0.13681	0.01718	0.00795	0.00246	0.00402	0.20420	0.00596	0.00542
17	0.05118	0.01683	0.18203	0.01706	0.02238	0.01259	0.26680	0.04610	0.01516	0.04638	0.13272	0.02546	0.10306	0.00815	0.00709	0.00204	0.02516	0.00771	0.00424	0.00786
18	0.01418	0.27462	0.39913	0.01656	0.02385	0.01809	0.11272	0.01928	0.01310	0.01798	0.01047	0.01263	0.00814	0.00578	0.00589	0.00180	0.02985	0.00458	0.00271	0.00864
19	0.15315	0.13492	0.01753	0.01195	0.01588	0.01677	0.01001	0.24919	0.09057	0.08832	0.01558	0.06298	0.01271	0.00914	0.02869	0.00217	0.06081	0.00586	0.00505	0.00871
20	0.04860	0.14146	0.33582	0.01562	0.03953	0.10232	0.01633	0.13679	0.03728	0.05261	0.01213	0.01332	0.00901	0.00628	0.00560	0.00181	0.00816	0.00462	0.00368	0.00902

[dist]
# distance from previous block
# <min> <max>
0	2

[block]
# block no. 3 follows, 36 sequences, length 12
# corresponding to MSA columns:
# 118-129
name=unknown_D
#
# <colnr> <probs for GDERKNQSTAVLIFYWHMCP>
#	G	D	E	R	K	N	Q	S	T	A	V	L	I	F	Y	W	H	M	C	P
0	0.08846	0.10877	0.03365	0.03638	0.09639	0.08427	0.01018	0.02011	0.04008	0.18039	0.07862	0.07521	0.08383	0.00871	0.00595	0.00186	0.00589	0.00708	0.00499	0.02920
1	0.01515	0.01244	0.01316	0.00997	0.01487	0.08085	0.00789	0.01778	0.01428	0.09562	0.07261	0.01640	0.01386	0.00578	0.00511	0.00118	0.00519	0.00462	0.00432	0.58891
2	0.07083	0.01721	0.11847	0.09303	0.12877	0.01468	0.37483	0.01905	0.01383	0.02019	0.01179	0.01542	0.00901	0.00546	0.00648	0.00196	0.00893	0.00608	0.00313	0.06084
3	0.01360	0.23191	0.55874	0.01588	0.02405	0.01717	0.01974	0.01945	0.01302	0.01839	0.01051	0.01232	0.00792	0.00576	0.00541	0.00180	0.00853	0.00427	0.00264	0.00889
4	0.00871	0.00700	0.00786	0.00762	0.00960	0.00647	0.00580	0.01225	0.07975	0.02058	0.29497	0.05237	0.40977	0.01411	0.00731	0.00208	0.00334	0.03830	0.00621	0.00591
5	0.82504	0.01205	0.00916	0.00819	0.01205	0.01398	0.00675	0.01832	0.01060	0.02795	0.00868	0.01012	0.00675	0.00578	0.00386	0.00193	0.00482	0.00337	0.00386	0.00675
6	0.01947	0.01536	0.01786	0.21351	0.02502	0.04151	0.01293	0.38954	0.12513	0.05323	0.01556	0.01667	0.01127	0.00726	0.00623	0.00195	0.00706	0.00577	0.00528	0.00940
7	0.01024	0.00765	0.00932	0.00984	0.01109	0.00783	0.00706	0.08114	0.10303	0.01955	0.03128	0.57935	0.03525	0.01688	0.00761	0.00243	0.00418	0.04413	0.00589	0.00622
8	0.01311	0.14280	0.64354	0.01672	0.02535	0.01597	0.02120	0.01957	0.01308	0.01899	0.01081	0.01269	0.00791	0.00583	0.00564	0.00188	0.00883	0.00442	0.00264	0.00903
9	0.01551	0.01691	0.01304	0.01131	0.01463	0.30558	0.00861	0.01772	0.01601	0.01895	0.17986	0.02503	0.10107	0.00840	0.00593	0.00156	0.00672	0.00657	0.00444	0.22214
10	0.00754	0.00632	0.00656	0.00650	0.00852	0.00533	0.00487	0.00928	0.01462	0.01782	0.14477	0.05834	0.65737	0.01541	0.00736	0.00209	0.00313	0.01292	0.00592	0.00533
11	0.01645	0.01603	0.01572	0.21288	0.02344	0.17846	0.01200	0.07010	0.27796	0.02161	0.01700	0.01828	0.01294	0.00725	0.00598	0.00192	0.00718	0.00578	0.07081	0.00821

[dist]
# distance from previous block
# <min> <max>
0	6

[block]
# block no. 4 follows, 36 sequences, length 64
# corresponding to MSA columns:
# 136-199
name=unknown_E
#
# <colnr> <probs for GDERKNQSTAVLIFYWHMCP>
#	G	D	E	R	K	N	Q	S	T	A	V	L	I	F	Y	W	H	M	C	P
0	0.82504	0.01205	0.00916	0.00819	0.01205	0.01398	0.00675	0.01832	0.01060	0.02795	0.00868	0.01012	0.00675	0.00578	0.00386	0.00193	0.00482	0.00337	0.00386	0.00675
1	0.01563	0.22045	0.32808	0.01386	0.02068	0.01634	0.01537	0.06527	0.05926	0.07217	0.01260	0.01363	0.00949	0.00599	0.00533	0.00168	0.00729	0.00450	0.00360	0.10878
2	0.01317	0.02637	0.51610	0.07645	0.20642	0.01451	0.02164	0.01931	0.01336	0.01961	0.01131	0.01397	0.00842	0.00585	0.00600	0.00195	0.00869	0.00491	0.00275	0.00921
3	0.01736	0.01247	0.01467	0.01241	0.01577	0.01331	0.03381	0.31009	0.13191	0.08434	0.04519	0.23612	0.02251	0.01119	0.00682	0.00211	0.00551	0.00959	0.00615	0.00867
4	0.01791	0.02035	0.01622	0.01534	0.05103	0.39808	0.03512	0.05195	0.01532	0.01644	0.01428	0.11238	0.01429	0.10381	0.01076	0.00242	0.08703	0.00677	0.00369	0.00681
5	0.01843	0.01098	0.01351	0.01001	0.01522	0.00884	0.00810	0.02153	0.03702	0.28266	0.01639	0.01623	0.01177	0.00585	0.00526	0.00132	0.00487	0.00473	0.00523	0.50205
6	0.01512	0.26245	0.03097	0.09701	0.11585	0.03412	0.29944	0.01885	0.01381	0.01771	0.01233	0.01543	0.02797	0.00571	0.00598	0.00181	0.00849	0.00573	0.00302	0.00820
7	0.01376	0.01450	0.11940	0.14233	0.02078	0.01340	0.01248	0.16219	0.06131	0.02280	0.06851	0.02638	0.15591	0.00948	0.00820	0.00208	0.10156	0.00736	0.02980	0.00776
8	0.00807	0.00634	0.00730	0.00706	0.00885	0.00556	0.00529	0.01032	0.01588	0.02082	0.39352	0.05340	0.40675	0.01429	0.00736	0.00203	0.00305	0.01223	0.00631	0.00556
9	0.01327	0.01261	0.02140	0.46688	0.33035	0.01424	0.01805	0.01724	0.01317	0.01774	0.01134	0.01612	0.00895	0.00595	0.00620	0.00198	0.00793	0.00554	0.00290	0.00813
10	0.00834	0.00643	0.00727	0.00741	0.00880	0.00591	0.00530	0.01032	0.03569	0.01735	0.14615	0.14189	0.35045	0.16708	0.01229	0.00296	0.00395	0.05164	0.00556	0.00520
11	0.01217	0.02995	0.68349	0.01688	0.02541	0.01371	0.02151	0.01903	0.01355	0.02019	0.07532	0.01610	0.01238	0.00652	0.00605	0.00197	0.00866	0.00519	0.00300	0.00891
12	0.00880	0.00594	0.00752	0.00832	0.00933	0.00537	0.00578	0.01013	0.01293	0.06000	0.06375	0.56479	0.17848	0.01784	0.00771	0.00239	0.00360	0.01590	0.00594	0.00546
13	0.01715	0.01320	0.01427	0.01255	0.01627	0.01491	0.00984	0.05413	0.62928	0.10719	0.02495	0.02276	0.01836	0.00834	0.00633	0.00208	0.00503	0.00691	0.00649	0.00997
14	0.01947	0.01367	0.01418	0.01140	0.01511	0.03152	0.00924	0.45891	0.02337	0.03312	0.01671	0.01776	0.01241	0.00738	0.00556	0.00172	0.00558	0.00564	0.28840	0.00885
15	0.01383	0.27374	0.51893	0.01548	0.02344	0.01774	0.01905	0.01939	0.01300	0.01810	0.01037	0.01214	0.00793	0.00573	0.00530	0.00177	0.00839	0.00420	0.00264	0.00882
16	0.02272	0.02319	0.01685	0.01469	0.01838	0.45134	0.01132	0.11972	0.12836	0.11128	0.01461	0.01481	0.01097	0.00703	0.00589	0.00176	0.00895	0.00497	0.00465	0.00850
17	0.01666	0.78478	0.03265	0.01066	0.01599	0.02465	0.01066	0.01866	0.01266	0.01466	0.00866	0.00999	0.00800	0.00533	0.00400	0.00133	0.00666	0.00333	0.00267	0.00800
18	0.00758	0.00545	0.00720	0.00860	0.00902	0.00507	0.00575	0.00868	0.01200	0.01593	0.03523	0.75479	0.06281	0.01940	0.00793	0.00252	0.00360	0.01757	0.00578	0.00507
19	0.00906	0.00604	0.00680	0.00680	0.00680	0.00604	0.00378	0.00906	0.00906	0.01208	0.01963	0.04077	0.02265	0.78103	0.03171	0.00604	0.00604	0.00906	0.00378	0.00378
20	0.00859	0.00584	0.00694	0.00740	0.00752	0.00572	0.00442	0.00894	0.00999	0.01332	0.02438	0.27846	0.02864	0.53517	0.02404	0.00491	0.00526	0.01185	0.00442	0.00419
21	0.01335	0.01328	0.01536	0.01365	0.01418	0.10722	0.01076	0.01458	0.01052	0.01438	0.01167	0.02004	0.01193	0.16715	0.11137	0.00414	0.43110	0.00614	0.00307	0.00611
22	0.00897	0.00641	0.00869	0.00869	0.00935	0.00707	0.00614	0.01028	0.00962	0.01348	0.01790	0.03118	0.01848	0.34858	0.45847	0.00838	0.01231	0.00766	0.00352	0.00483
23	0.01468	0.01252	0.01338	0.01208	0.01535	0.01431	0.00937	0.03048	0.64315	0.02593	0.11315	0.02611	0.02391	0.00898	0.00646	0.00209	0.00469	0.00756	0.00640	0.00937
24	0.01296	0.01342	0.02481	0.16784	0.02737	0.01495	0.30357	0.01644	0.01254	0.01733	0.01379	0.10945	0.01279	0.00872	0.01071	0.00232	0.21267	0.00776	0.00329	0.00727
25	0.01555	0.25879	0.01838	0.01042	0.01423	0.01510	0.00888	0.02232	0.22772	0.11124	0.12625	0.02625	0.10271	0.00880	0.00584	0.00182	0.00505	0.00705	0.00534	0.00826
26	0.00901	0.00619	0.00774	0.00779	0.00886	0.00575	0.00542	0.01075	0.01418	0.04171	0.33126	0.22714	0.11487	0.16661	0.01229	0.00292	0.00382	0.01247	0.00590	0.00534
27	0.01920	0.39005	0.02467	0.01269	0.01732	0.16579	0.01107	0.16071	0.10531	0.02105	0.01215	0.01285	0.00987	0.00635	0.00505	0.00159	0.00738	0.00437	0.00393	0.00859
28	0.01219	0.02657	0.56194	0.01638	0.02418	0.01302	0.05948	0.01845	0.01379	0.02045	0.10315	0.01756	0.01450	0.00665	0.00609	0.00190	0.00816	0.00554	0.00327	0.06674
29	0.01653	0.06764	0.04349	0.15349	0.12522	0.15259	0.01312	0.15718	0.03432	0.02138	0.01696	0.11014	0.04473	0.00845	0.00621	0.00192	0.00748	0.00695	0.00416	0.00805
30	0.01632	0.32759	0.02078	0.01083	0.01484	0.01695	0.00940	0.13662	0.09498	0.07167	0.05108	0.11429	0.07231	0.00909	0.00568	0.00179	0.00560	0.00721	0.00482	0.00815
31	0.00906	0.00604	0.00680	0.00680	0.00680	0.00604	0.00378	0.00906	0.00906	0.01208	0.01963	0.04077	0.02265	0.78103	0.03171	0.00604	0.00604	0.00906	0.00378	0.00378
32	0.01555	0.07989	0.21811	0.20105	0.02653	0.16203	0.03120	0.01945	0.01371	0.04837	0.02524	0.01453	0.00942	0.00686	0.00765	0.00197	0.10249	0.00499	0.00311	0.00784
33	0.01630	0.01836	0.16675	0.02021	0.11149	0.05649	0.18785	0.03603	0.08688	0.11085	0.02977	0.03451	0.01259	0.00781	0.02154	0.00219	0.06109	0.00636	0.00410	0.00885
34	0.00925	0.00661	0.00914	0.01058	0.01167	0.00649	0.00867	0.01155	0.01357	0.01777	0.03342	0.29708	0.03758	0.01795	0.00840	0.00276	0.00506	0.48119	0.00575	0.00552
35	0.01494	0.01616	0.03308	0.03011	0.26029	0.01545	0.49475	0.01969	0.01454	0.02009	0.01232	0.01636	0.00959	0.00535	0.00697	0.00202	0.00951	0.00677	0.00313	0.00887
36	0.01549	0.09186	0.09190	0.01385	0.01785	0.15191	0.11174	0.01921	0.05103	0.09045	0.11134	0.11586	0.07238	0.00940	0.00647	0.00194	0.00701	0.00811	0.00465	0.00756
37	0.01777	0.01609	0.01678	0.06629	0.11493	0.14236	0.01179	0.23552	0.10817	0.02660	0.15788	0.02176	0.02048	0.00812	0.00635	0.00188	0.00677	0.00662	0.00520	0.00865
38	0.01471	0.01681	0.03676	0.02626	0.03256	0.01576	0.71954	0.01996	0.01471	0.01996	0.01261	0.01681	0.00945	0.00525	0.00735	0.00210	0.01050	0.00735	0.00315	0.00840
39	0.01794	0.01958	0.02284	0.03112	0.51017	0.25268	0.01685	0.02097	0.01530	0.01872	0.01105	0.01408	0.00928	0.00583	0.00599	0.00177	0.00863	0.00506	0.00312	0.00902
40	0.00759	0.00542	0.00723	0.00868	0.00904	0.00506	0.00578	0.00868	0.01193	0.01591	0.03434	0.77697	0.04121	0.01952	0.00795	0.00253	0.00361	0.01771	0.00578	0.00506
41	0.01047	0.00778	0.01020	0.01090	0.01260	0.00794	0.00919	0.01517	0.10316	0.02081	0.17173	0.05980	0.03832	0.01525	0.00808	0.00260	0.00508	0.47860	0.00603	0.00627
42	0.00873	0.00615	0.00615	0.00615	0.00804	0.00544	0.00461	0.01073	0.01384	0.01888	0.04938	0.04817	0.50739	0.01305	0.00640	0.00189	0.00307	0.01079	0.26568	0.00544
43	0.01785	0.22163	0.28639	0.01502	0.02113	0.22320	0.01557	0.07475	0.01564	0.03954	0.01078	0.01218	0.00838	0.00608	0.00538	0.00170	0.00883	0.00424	0.00322	0.00849
44	0.00901	0.00624	0.00783	0.00783	0.00819	0.00660	0.00506	0.00972	0.00937	0.01285	0.01869	0.03554	0.02038	0.54537	0.26427	0.00732	0.00946	0.00830	0.00363	0.00435
45	0.08652	0.01555	0.01611	0.01268	0.01737	0.06816	0.01033	0.35513	0.06767	0.19005	0.01651	0.01603	0.01158	0.00712	0.00587	0.00180	0.00634	0.00538	0.00593	0.08386
46	0.01425	0.36215	0.34250	0.10670	0.02408	0.01889	0.01686	0.01879	0.01285	0.01702	0.01005	0.01218	0.00799	0.00570	0.00511	0.00170	0.00797	0.00416	0.00266	0.00839
47	0.00895	0.00647	0.00898	0.00898	0.00974	0.00723	0.00650	0.01046	0.00971	0.01370	0.01763	0.02971	0.01785	0.28239	0.52379	0.00874	0.01327	0.00744	0.00348	0.00499
48	0.01228	0.00993	0.01139	0.01050	0.01326	0.01000	0.00792	0.06064	0.24399	0.02156	0.02541	0.30846	0.02543	0.01207	0.00666	0.00203	0.00450	0.03187	0.00555	0.17655
49	0.01503	0.11832	0.33196	0.01855	0.02516	0.06014	0.19205	0.06620	0.01451	0.01980	0.01113	0.01372	0.00850	0.00623	0.00725	0.00196	0.07256	0.00523	0.00305	0.00864
50	0.01029	0.00786	0.00968	0.00924	0.01112	0.00794	0.00718	0.01612	0.15838	0.02442	0.51083	0.04485	0.04810	0.01244	0.00730	0.00210	0.00368	0.09520	0.00662	0.00665
51	0.00788	0.00554	0.00714	0.00830	0.00859	0.00525	0.00539	0.00875	0.01136	0.01515	0.03143	0.63129	0.03754	0.17021	0.01265	0.00322	0.00409	0.01600	0.00539	0.00481
52	0.10925	0.00704	0.00716	0.00723	0.00931	0.00674	0.00571	0.01186	0.01367	0.02001	0.06695	0.04757	0.38212	0.01296	0.00651	0.00206	0.00367	0.10870	0.16583	0.00564
53	0.01459	0.01396	0.02379	0.20315	0.58373	0.01459	0.01871	0.01840	0.01380	0.01935	0.01157	0.01569	0.00951	0.00571	0.00618	0.00190	0.00761	0.00555	0.00301	0.00920
54	0.00951	0.00700	0.00930	0.01045	0.01202	0.00679	0.00899	0.01212	0.01432	0.01829	0.03895	0.06824	0.17512	0.01693	0.00836	0.00272	0.00523	0.56427	0.00575	0.00564
55	0.00847	0.00597	0.00713	0.00742	0.00810	0.00564	0.00486	0.00960	0.01225	0.01649	0.17127	0.24120	0.12285	0.31392	0.01693	0.00371	0.00435	0.01225	0.02283	0.00476
56	0.02327	0.02970	0.01766	0.01605	0.01926	0.75602	0.01204	0.02488	0.01766	0.01525	0.00963	0.01124	0.00803	0.00642	0.00562	0.00161	0.01124	0.00401	0.00321	0.00722
57	0.02355	0.02138	0.01836	0.01489	0.01930	0.25575	0.01191	0.49786	0.02556	0.03156	0.01325	0.01376	0.00977	0.00714	0.00604	0.00178	0.00826	0.00510	0.00526	0.00951
58	0.01138	0.00687	0.00710	0.00688	0.00868	0.00697	0.00521	0.01598	0.10418	0.02293	0.07768	0.02942	0.10846	0.00885	0.00519	0.00165	0.00319	0.00726	0.55587	0.00626
59	0.00763	0.00632	0.00668	0.00659	0.00858	0.00537	0.00494	0.00946	0.01483	0.01833	0.18769	0.05749	0.61413	0.01522	0.00736	0.00208	0.00312	0.01280	0.00598	0.00537
60	0.07412	0.10847	0.02471	0.26209	0.26493	0.01580	0.12681	0.01812	0.01327	0.01874	0.01105	0.01496	0.00885	0.00571	0.00594	0.00190	0.00790	0.00540	0.00300	0.00824
61	0.01504	0.49134	0.31188	0.01343	0.02027	0.02068	0.01548	0.01908	0.01285	0.01664	0.00964	0.01123	0.00796	0.00556	0.00475	0.00158	0.00766	0.00383	0.00265	0.00847
62	0.01327	0.01221	0.01764	0.01260	0.01829	0.00978	0.14831	0.01653	0.01327	0.02023	0.01138	0.01369	0.00927	0.00474	0.00516	0.00116	0.00578	0.00442	0.00358	0.65869
63	0.01198	0.01195	0.02164	0.07392	0.04066	0.01291	0.26011	0.01489	0.01247	0.01724	0.01844	0.25999	0.01928	0.01119	0.01039	0.00237	0.17972	0.01007	0.00387	0.00690

[dist]
# distance from previous block
# <min> <max>
0	11

[block]
# block no. 5 follows, 36 sequences, length 93
# corresponding to MSA columns:
# 219-283,296,297,299-324
name=unknown_F
#
# <colnr> <probs for GDERKNQSTAVLIFYWHMCP>
#	G	D	E	R	K	N	Q	S	T	A	V	L	I	F	Y	W	H	M	C	P
0	0.12980	0.01420	0.01479	0.03183	0.01661	0.01559	0.00979	0.45996	0.02308	0.03302	0.02026	0.02048	0.09837	0.00820	0.00588	0.00188	0.00583	0.00623	0.07528	0.00892
1	0.00938	0.00612	0.00722	0.00722	0.00762	0.00631	0.00456	0.01017	0.00977	0.01402	0.01921	0.03553	0.02050	0.54690	0.15475	0.00611	0.00748	0.00820	0.11456	0.00437
2	0.00973	0.00696	0.00855	0.00910	0.00997	0.00691	0.00624	0.09466	0.01363	0.01820	0.03000	0.58455	0.03498	0.12206	0.01099	0.00293	0.00434	0.01507	0.00556	0.00555
3	0.02468	0.00988	0.01341	0.01053	0.01478	0.00860	0.00860	0.02718	0.01780	0.62315	0.14668	0.02554	0.02284	0.00857	0.00645	0.00193	0.00490	0.00712	0.00757	0.00980
4	0.00969	0.00807	0.01135	0.10300	0.11320	0.00789	0.00876	0.01251	0.01562	0.02108	0.37103	0.04227	0.22818	0.01179	0.00706	0.00200	0.00425	0.01030	0.00556	0.00638
5	0.00874	0.00591	0.00689	0.00721	0.00728	0.00583	0.00421	0.00898	0.00969	0.01292	0.02284	0.20145	0.02670	0.61483	0.02653	0.00527	0.00551	0.01095	0.00421	0.00406
6	0.01188	0.00940	0.01016	0.00963	0.01202	0.01010	0.00730	0.02112	0.34471	0.02273	0.10907	0.12302	0.15099	0.01136	0.00655	0.00206	0.00397	0.00968	0.11675	0.00750
7	0.00867	0.00650	0.00825	0.00904	0.01046	0.00607	0.00722	0.01085	0.01427	0.01845	0.13348	0.19927	0.23459	0.01667	0.00797	0.00247	0.00425	0.29012	0.00591	0.00549
8	0.01427	0.01672	0.12699	0.15282	0.44547	0.01488	0.06101	0.01852	0.01354	0.01923	0.01140	0.01528	0.00922	0.00598	0.00697	0.00197	0.04821	0.00552	0.00295	0.00904
9	0.01471	0.01360	0.02198	0.01814	0.06000	0.01390	0.26039	0.10590	0.19874	0.02429	0.11700	0.06501	0.02123	0.00848	0.00696	0.00209	0.00694	0.02707	0.00505	0.00852
10	0.01965	0.26120	0.02160	0.01370	0.01763	0.37944	0.01117	0.02460	0.15978	0.01724	0.01250	0.01327	0.01023	0.00649	0.00526	0.00162	0.00854	0.00441	0.00367	0.00799
11	0.75682	0.01218	0.00996	0.04682	0.01386	0.01415	0.00745	0.04188	0.01133	0.02773	0.00901	0.01061	0.00696	0.00586	0.00406	0.00193	0.00507	0.00356	0.00388	0.00689
12	0.01537	0.01369	0.02024	0.04738	0.43278	0.01415	0.01496	0.11527	0.10274	0.02328	0.04384	0.02219	0.09152	0.00753	0.00637	0.00192	0.00645	0.00675	0.00432	0.00925
13	0.27706	0.01106	0.01280	0.01018	0.01470	0.01066	0.00840	0.02660	0.01557	0.52193	0.01961	0.01774	0.01271	0.00711	0.00551	0.00193	0.00515	0.00536	0.00651	0.00940
14	0.01307	0.01256	0.02310	0.36759	0.13120	0.01354	0.21287	0.01732	0.01340	0.01854	0.01271	0.01730	0.00977	0.00599	0.00631	0.00198	0.00815	0.00608	0.10093	0.00761
15	0.00763	0.00545	0.00727	0.00865	0.00905	0.00509	0.00579	0.00878	0.01212	0.01621	0.05768	0.75277	0.04179	0.01930	0.00793	0.00251	0.00359	0.01750	0.00582	0.00509
16	0.01590	0.50529	0.10659	0.01503	0.10476	0.02112	0.01291	0.02080	0.11098	0.01745	0.01158	0.01280	0.00972	0.00585	0.00479	0.00157	0.00679	0.00424	0.00321	0.00861
17	0.00906	0.00604	0.00680	0.00680	0.00680	0.00604	0.00378	0.00906	0.00906	0.01208	0.01963	0.04077	0.02265	0.78103	0.03171	0.00604	0.00604	0.00906	0.00378	0.00378
18	0.00740	0.00616	0.00647	0.00672	0.00852	0.00523	0.00491	0.00890	0.01381	0.01667	0.05820	0.18253	0.62025	0.01642	0.00746	0.00218	0.00323	0.01393	0.00579	0.00523
19	0.01505	0.01584	0.03122	0.03205	0.37516	0.01530	0.38137	0.01955	0.01446	0.02015	0.01218	0.01614	0.00965	0.00540	0.00678	0.00198	0.00901	0.00648	0.00312	0.00911
20	0.02128	0.02479	0.01643	0.01461	0.01787	0.55037	0.01111	0.12049	0.01911	0.01953	0.07593	0.01725	0.04961	0.00758	0.00594	0.00170	0.00950	0.00532	0.00408	0.00748
21	0.00985	0.00707	0.00977	0.01096	0.01242	0.00699	0.00947	0.01269	0.01469	0.01927	0.10829	0.06752	0.05556	0.01670	0.00844	0.00275	0.00538	0.61059	0.00586	0.00574
22	0.01300	0.12297	0.66241	0.01690	0.02564	0.01570	0.02153	0.01960	0.01309	0.01912	0.01088	0.01277	0.00791	0.00585	0.00569	0.00190	0.00890	0.00445	0.00264	0.00906
23	0.00890	0.00668	0.01001	0.01001	0.01113	0.00779	0.00779	0.01113	0.01001	0.01446	0.01669	0.02448	0.01558	0.04673	0.75634	0.01001	0.01669	0.00668	0.00334	0.00556
24	0.01511	0.01449	0.02473	0.09957	0.68325	0.01472	0.01897	0.01885	0.01404	0.01998	0.01167	0.01552	0.00974	0.00561	0.00617	0.00187	0.00748	0.00555	0.00306	0.00962
25	0.00888	0.00597	0.00685	0.00702	0.00707	0.00592	0.00402	0.00901	0.00941	0.01254	0.02141	0.12954	0.02489	0.68921	0.02885	0.00562	0.00575	0.01010	0.00402	0.00393
26	0.00749	0.00609	0.00664	0.00699	0.00862	0.00524	0.00506	0.00901	0.01378	0.01698	0.08753	0.24370	0.52800	0.01660	0.00751	0.00221	0.00326	0.01423	0.00584	0.00524
27	0.01261	0.05229	0.72967	0.01757	0.02667	0.01474	0.02269	0.01970	0.01314	0.01960	0.01111	0.01307	0.00790	0.00590	0.00587	0.00196	0.00914	0.00457	0.00263	0.00918
28	0.00759	0.00542	0.00723	0.00868	0.00904	0.00506	0.00578	0.00868	0.01193	0.01591	0.03434	0.77697	0.04121	0.01952	0.00795	0.00253	0.00361	0.01771	0.00578	0.00506
29	0.00774	0.00554	0.00736	0.00857	0.00907	0.00516	0.00580	0.00905	0.01262	0.01700	0.11929	0.68890	0.04333	0.01870	0.00788	0.00246	0.00353	0.01694	0.00591	0.00516
30	0.01630	0.01369	0.01300	0.01121	0.01413	0.12625	0.00879	0.23212	0.05940	0.02757	0.26972	0.02808	0.02874	0.00941	0.00638	0.00185	0.00558	0.02293	0.09714	0.00773
31	0.00999	0.00578	0.00625	0.00662	0.00788	0.00554	0.00478	0.01223	0.01292	0.02045	0.02982	0.22469	0.12137	0.01162	0.00570	0.00182	0.00312	0.00991	0.49397	0.00554
32	0.01469	0.38342	0.33606	0.01535	0.02243	0.01938	0.09248	0.01925	0.01309	0.01738	0.01015	0.01207	0.00811	0.00557	0.00517	0.00169	0.00815	0.00430	0.00270	0.00855
33	0.00915	0.00597	0.00675	0.00687	0.00703	0.00594	0.00400	0.00950	0.00965	0.01336	0.02095	0.10206	0.02366	0.64962	0.02734	0.00535	0.00556	0.00952	0.07368	0.00406
34	0.01098	0.00977	0.01377	0.02831	0.01474	0.04635	0.12001	0.01404	0.03896	0.03907	0.23066	0.18676	0.16276	0.01265	0.00786	0.00215	0.03807	0.01127	0.00541	0.00639
35	0.01478	0.01659	0.03552	0.02756	0.10923	0.01565	0.64387	0.01987	0.01465	0.02000	0.01251	0.01666	0.00950	0.00528	0.00722	0.00207	0.01017	0.00716	0.00314	0.00856
36	0.02211	0.01668	0.02027	0.01547	0.02048	0.01805	0.09687	0.54269	0.08743	0.07142	0.01606	0.01621	0.01143	0.00731	0.00638	0.00192	0.00705	0.00598	0.00594	0.01027
37	0.02092	0.01590	0.01719	0.01328	0.01819	0.01701	0.01086	0.52311	0.10601	0.03454	0.01548	0.01555	0.01132	0.00710	0.00597	0.00174	0.00626	0.00545	0.00581	0.14833
38	0.01330	0.17694	0.61105	0.01639	0.02486	0.01643	0.02064	0.01952	0.01306	0.01876	0.01070	0.01255	0.00791	0.00581	0.00555	0.00185	0.00872	0.00436	0.00264	0.00897
39	0.01299	0.16131	0.54383	0.01636	0.04091	0.01570	0.01948	0.01880	0.01283	0.01842	0.01122	0.01361	0.00861	0.00925	0.06882	0.00254	0.00935	0.00458	0.00271	0.00870
40	0.01247	0.00914	0.00966	0.00884	0.01110	0.04572	0.00660	0.01690	0.13370	0.10334	0.20499	0.04106	0.23696	0.11961	0.01039	0.00258	0.00446	0.00986	0.00594	0.00668
41	0.00961	0.00808	0.00855	0.00813	0.01049	0.00790	0.00618	0.01537	0.19254	0.02038	0.15799	0.04878	0.45583	0.01349	0.00711	0.00208	0.00356	0.01134	0.00609	0.00650
42	0.01303	0.01237	0.02098	0.51344	0.28562	0.01418	0.01793	0.01703	0.01306	0.01746	0.01130	0.01620	0.00885	0.00599	0.00621	0.00200	0.00799	0.00554	0.00288	0.00794
43	0.01555	0.02591	0.33373	0.12361	0.02820	0.20529	0.14147	0.02056	0.01449	0.01808	0.01102	0.01379	0.00826	0.00597	0.00614	0.00192	0.00983	0.00506	0.00289	0.00824
44	0.02102	0.12669	0.02305	0.01586	0.02062	0.13921	0.11196	0.38674	0.02234	0.02837	0.01265	0.01388	0.00957	0.00681	0.00646	0.00181	0.03375	0.00527	0.00469	0.00925
45	0.00812	0.00655	0.00736	0.00777	0.00968	0.00580	0.00623	0.01006	0.01424	0.01734	0.05463	0.06287	0.54143	0.01618	0.00771	0.00232	0.00388	0.20665	0.00577	0.00539
46	0.02011	0.01423	0.01570	0.01303	0.01719	0.01564	0.01054	0.29781	0.32111	0.13129	0.02164	0.02231	0.01618	0.00845	0.00641	0.00203	0.00577	0.04407	0.00646	0.01002
47	0.00899	0.00632	0.00819	0.00819	0.00868	0.00680	0.00552	0.00996	0.00947	0.01312	0.01835	0.03369	0.01958	0.46173	0.34681	0.00777	0.01067	0.00802	0.00359	0.00455
48	0.01177	0.01107	0.01869	0.76606	0.04291	0.01384	0.01730	0.01592	0.01246	0.01592	0.01107	0.01661	0.00831	0.00623	0.00623	0.00208	0.00831	0.00554	0.00277	0.00692
49	0.00890	0.00668	0.01001	0.01001	0.01113	0.00779	0.00779	0.01113	0.01001	0.01446	0.01669	0.02448	0.01558	0.04673	0.75634	0.01001	0.01669	0.00668	0.00334	0.00556
50	0.02292	0.02679	0.01763	0.01558	0.01911	0.59413	0.01189	0.14032	0.05836	0.01980	0.01137	0.01250	0.00905	0.00671	0.00576	0.00168	0.01017	0.00444	0.00388	0.00792
51	0.01611	0.00808	0.01026	0.00889	0.01110	0.00750	0.00651	0.04082	0.01488	0.27606	0.18068	0.07158	0.02861	0.27342	0.01528	0.00337	0.00500	0.00888	0.00603	0.00695
52	0.00804	0.00612	0.00750	0.00832	0.00957	0.00558	0.00622	0.00974	0.01350	0.01725	0.08257	0.34957	0.28824	0.01739	0.00784	0.00241	0.00382	0.14518	0.00583	0.00530
53	0.01490	0.01427	0.02435	0.14177	0.64270	0.01467	0.01886	0.01867	0.01394	0.01972	0.01163	0.01559	0.00965	0.00565	0.00618	0.00188	0.00753	0.00555	0.00304	0.00945
54	0.02368	0.01745	0.01870	0.01434	0.01932	0.01932	0.01184	0.72139	0.02929	0.03927	0.01496	0.01496	0.01060	0.00748	0.00623	0.00187	0.00686	0.00561	0.00623	0.01060
55	0.01530	0.01468	0.02507	0.06239	0.71896	0.01477	0.01906	0.01902	0.01413	0.02021	0.01170	0.01546	0.00982	0.00557	0.00617	0.00186	0.00743	0.00555	0.00307	0.00977
56	0.01514	0.01686	0.01232	0.01186	0.01382	0.35164	0.00869	0.01694	0.01604	0.01794	0.20410	0.23597	0.03042	0.01173	0.00672	0.00196	0.00696	0.00974	0.00487	0.00627
57	0.11101	0.01185	0.01407	0.01127	0.01572	0.01173	0.00919	0.10200	0.13843	0.45474	0.02292	0.02064	0.03236	0.00780	0.00604	0.00196	0.00530	0.00618	0.00686	0.00993
58	0.00746	0.00594	0.00670	0.00730	0.00868	0.00518	0.00517	0.00883	0.01325	0.01644	0.05108	0.35981	0.44756	0.01734	0.00761	0.00228	0.00335	0.01506	0.00578	0.00518
59	0.00947	0.00685	0.00933	0.01065	0.01199	0.00671	0.00900	0.01198	0.01399	0.01811	0.03572	0.16838	0.09591	0.01741	0.00841	0.00276	0.00522	0.54675	0.00575	0.00560
60	0.01234	0.01658	0.20599	0.03419	0.02034	0.01338	0.11286	0.05399	0.01250	0.01807	0.01298	0.01788	0.01100	0.02102	0.27031	0.00492	0.14512	0.00594	0.00317	0.00742
61	0.13168	0.01415	0.01755	0.06014	0.23447	0.09245	0.01256	0.02398	0.01545	0.31265	0.01622	0.01664	0.01139	0.00658	0.00584	0.00188	0.00667	0.00537	0.00505	0.00929
62	0.01177	0.01107	0.01869	0.76606	0.04291	0.01384	0.01730	0.01592	0.01246	0.01592	0.01107	0.01661	0.00831	0.00623	0.00623	0.00208	0.00831	0.00554	0.00277	0.00692
63	0.00797	0.00558	0.00712	0.00819	0.00846	0.00531	0.00527	0.00877	0.01119	0.01492	0.03056	0.58767	0.03644	0.21533	0.01406	0.00343	0.00424	0.01549	0.00527	0.00473
64	0.01246	0.01256	0.02186	0.06019	0.09910	0.01376	0.22322	0.01538	0.01263	0.01745	0.02024	0.12476	0.10145	0.01015	0.01093	0.00231	0.22202	0.00864	0.00368	0.00720
65	0.01559	0.59127	0.21678	0.01249	0.01881	0.02203	0.01384	0.01893	0.01279	0.01596	0.00931	0.01081	0.00797	0.00548	0.00449	0.00150	0.00732	0.00366	0.00266	0.00831
66	0.00753	0.00632	0.00654	0.00649	0.00852	0.00533	0.00487	0.00927	0.01460	0.01777	0.14116	0.05841	0.66101	0.01543	0.00736	0.00209	0.00313	0.01293	0.00591	0.00533
67	0.24930	0.01794	0.01584	0.01289	0.01726	0.13854	0.01044	0.40925	0.02212	0.03215	0.01232	0.01299	0.00909	0.00683	0.00546	0.00184	0.00700	0.00472	0.00507	0.00896
68	0.01547	0.01300	0.01098	0.01036	0.01267	0.19942	0.00773	0.01808	0.05130	0.12104	0.04382	0.21155	0.12374	0.01152	0.00643	0.00196	0.00570	0.00957	0.11887	0.00680
69	0.00759	0.00542	0.00723	0.00868	0.00904	0.00506	0.00578	0.00868	0.01193	0.01591	0.03434	0.77697	0.04121	0.01952	0.00795	0.00253	0.00361	0.01771	0.00578	0.00506
70	0.00766	0.00597	0.00696	0.00747	0.00879	0.00527	0.00531	0.00923	0.01379	0.01762	0.14736	0.34284	0.36584	0.01683	0.00760	0.00225	0.00331	0.01470	0.00594	0.00527
71	0.01755	0.01548	0.02360	0.03210	0.55630	0.01597	0.01725	0.19970	0.01807	0.02522	0.01255	0.01530	0.01006	0.00605	0.00618	0.00186	0.00726	0.00557	0.00389	0.01006
72	0.01424	0.01089	0.01194	0.01038	0.01332	0.01139	0.00811	0.26355	0.09713	0.02678	0.13367	0.13862	0.21008	0.01215	0.00693	0.00206	0.00469	0.01020	0.00616	0.00770
73	0.01448	0.01384	0.02359	0.22539	0.56236	0.01456	0.01865	0.01830	0.01374	0.01921	0.01155	0.01573	0.00947	0.00573	0.00618	0.00191	0.00763	0.00555	0.00300	0.00911
74	0.02339	0.02625	0.01795	0.01557	0.01928	0.54854	0.01198	0.22104	0.02093	0.02201	0.01113	0.01228	0.00875	0.00672	0.00579	0.00168	0.01000	0.00446	0.00406	0.00817
75	0.01292	0.01107	0.01292	0.00923	0.01477	0.00831	0.00738	0.01569	0.01292	0.02030	0.01107	0.01292	0.00923	0.00461	0.00461	0.00092	0.00461	0.00369	0.00369	0.81912
76	0.06222	0.01690	0.01688	0.01339	0.01774	0.08093	0.01088	0.54038	0.02594	0.03490	0.10147	0.01820	0.01599	0.00794	0.00619	0.00186	0.00666	0.00604	0.00593	0.00954
77	0.00759	0.00542	0.00723	0.00868	0.00904	0.00506	0.00578	0.00868	0.01193	0.01591	0.03434	0.77697	0.04121	0.01952	0.00795	0.00253	0.00361	0.01771	0.00578	0.00506
78	0.00759	0.00542	0.00723	0.00868	0.00904	0.00506	0.00578	0.00868	0.01193	0.01591	0.03434	0.77697	0.04121	0.01952	0.00795	0.00253	0.00361	0.01771	0.00578	0.00506
79	0.01014	0.00824	0.01142	0.01179	0.01249	0.00953	0.00953	0.01202	0.01230	0.01679	0.02706	0.29316	0.03054	0.01637	0.01143	0.00272	0.20145	0.29225	0.00498	0.00579
80	0.01291	0.01331	0.02491	0.01929	0.02249	0.01464	0.33772	0.01629	0.01204	0.01715	0.01241	0.01788	0.01067	0.01751	0.20363	0.00431	0.22589	0.00664	0.00308	0.00723
81	0.00758	0.00545	0.00720	0.00861	0.00902	0.00507	0.00575	0.00868	0.01199	0.01593	0.03516	0.75651	0.06114	0.01941	0.00794	0.00252	0.00360	0.01758	0.00578	0.00507
82	0.01471	0.01681	0.03676	0.02626	0.03256	0.01576	0.71954	0.01996	0.01471	0.01996	0.01261	0.01681	0.00945	0.00525	0.00735	0.00210	0.01050	0.00735	0.00315	0.00840
83	0.01498	0.01435	0.02449	0.12600	0.65785	0.01469	0.01890	0.01874	0.01398	0.01982	0.01164	0.01556	0.00968	0.00563	0.00618	0.00188	0.00751	0.00555	0.00305	0.00951
84	0.01964	0.01538	0.01585	0.10391	0.02023	0.11576	0.01120	0.12684	0.31153	0.16265	0.01987	0.01924	0.01435	0.00763	0.00620	0.00197	0.00654	0.00610	0.00573	0.00939
85	0.02326	0.01066	0.01353	0.01068	0.01491	0.00980	0.00871	0.12056	0.01894	0.50039	0.08884	0.02719	0.10578	0.00908	0.00649	0.00194	0.00505	0.00743	0.00720	0.00956
86	0.02068	0.01772	0.02097	0.01638	0.02078	0.16662	0.17198	0.23823	0.01991	0.12768	0.01540	0.04155	0.01172	0.00730	0.00680	0.00191	0.03332	0.00618	0.04602	0.00885
87	0.01498	0.01351	0.02207	0.14534	0.23886	0.01459	0.13667	0.10234	0.01516	0.02165	0.01295	0.01667	0.01028	0.00666	0.00769	0.00197	0.09003	0.00589	0.11435	0.00834
88	0.01400	0.01539	0.03201	0.02314	0.02883	0.01444	0.59844	0.04173	0.01512	0.02017	0.01958	0.02264	0.10921	0.00676	0.00732	0.00209	0.00938	0.00809	0.00361	0.00805
89	0.01406	0.01088	0.01310	0.11497	0.01810	0.09853	0.03387	0.01663	0.01452	0.11931	0.02559	0.18342	0.02603	0.01313	0.00743	0.00239	0.00644	0.26966	0.00523	0.00672
90	0.01529	0.05098	0.33509	0.02108	0.11171	0.14125	0.14088	0.02018	0.01403	0.01856	0.01092	0.01367	0.00845	0.00619	0.00716	0.00195	0.06600	0.00512	0.00288	0.00859
91	0.01130	0.01012	0.01364	0.11996	0.11568	0.02723	0.01057	0.01521	0.09823	0.01756	0.02641	0.24103	0.11677	0.04505	0.00966	0.00242	0.09752	0.01032	0.00455	0.00678
92	0.01336	0.01186	0.01495	0.20026	0.12338	0.10013	0.01210	0.01605	0.01335	0.05610	0.01953	0.04728	0.05287	0.07921	0.11116	0.00352	0.00858	0.10551	0.00395	0.00683

[dist]
# distance from previous block
# <min> <max>
0	28

# created by:
# /home/cegg/simao/soft/augustus-3.2.1/scripts/msa2prfl.pl ./align_prep/21522.fa
