[name]
unknown

[dist]
# distance from previous block
# <min> <max>
0	105

[block]
# block no. 0 follows, 44 sequences, length 41
# corresponding to MSA columns:
# 115-155
name=unknown_A
#
# <colnr> <probs for GDERKNQSTAVLIFYWHMCP>
#	G	D	E	R	K	N	Q	S	T	A	V	L	I	F	Y	W	H	M	C	P
0	0.08908	0.01041	0.01160	0.03043	0.03351	0.04620	0.00861	0.16732	0.01485	0.02099	0.05710	0.03020	0.05386	0.00914	0.00615	0.00180	0.03241	0.22656	0.00439	0.14538
1	0.01111	0.00688	0.00828	0.00753	0.00967	0.00641	0.00578	0.01454	0.09718	0.16419	0.27603	0.09678	0.25184	0.01113	0.00620	0.00180	0.00326	0.00953	0.00574	0.00611
2	0.01360	0.01187	0.01481	0.05915	0.10803	0.01407	0.01068	0.09727	0.35531	0.02065	0.01560	0.01658	0.01218	0.00731	0.00815	0.00189	0.17918	0.00545	0.04041	0.00781
3	0.01185	0.00740	0.00969	0.00882	0.01082	0.00772	0.00692	0.07495	0.05115	0.14842	0.09633	0.06534	0.08362	0.02389	0.36149	0.00496	0.00883	0.00711	0.00453	0.00617
4	0.01356	0.01560	0.02059	0.01639	0.01977	0.24511	0.34026	0.01627	0.01303	0.01532	0.01505	0.21280	0.01491	0.00806	0.00611	0.00180	0.00786	0.00784	0.00335	0.00630
5	0.00978	0.00865	0.01359	0.49242	0.05090	0.01011	0.01183	0.01369	0.05095	0.01691	0.24074	0.02272	0.02115	0.00725	0.00575	0.00178	0.00567	0.00643	0.00367	0.00599
6	0.00658	0.00499	0.00607	0.00693	0.00773	0.00448	0.00477	0.00767	0.01107	0.01418	0.03811	0.56401	0.27169	0.01603	0.00679	0.00209	0.00303	0.01422	0.00506	0.00448
7	0.84691	0.01054	0.00801	0.00717	0.01054	0.01223	0.00590	0.01603	0.00928	0.02446	0.00759	0.00886	0.00590	0.00506	0.00337	0.00169	0.00422	0.00295	0.00337	0.00590
8	0.00890	0.01412	0.27565	0.01141	0.05330	0.00830	0.04004	0.01248	0.01281	0.01749	0.19826	0.03216	0.27463	0.00940	0.00595	0.00176	0.00499	0.00801	0.00411	0.00623
9	0.01191	0.50950	0.04386	0.00882	0.01235	0.01594	0.00830	0.01362	0.01115	0.01345	0.01913	0.10906	0.15342	0.00803	0.00512	0.00148	0.03936	0.00609	0.00316	0.00624
10	0.00986	0.00792	0.00949	0.00923	0.01062	0.00875	0.00694	0.02702	0.20385	0.03921	0.02819	0.34866	0.13601	0.01262	0.00792	0.00206	0.11021	0.01060	0.00488	0.00596
11	0.01232	0.05858	0.14005	0.01018	0.01470	0.01034	0.00940	0.01841	0.19738	0.05985	0.01502	0.08014	0.01257	0.00633	0.00489	0.00140	0.00484	0.00522	0.00394	0.33443
12	0.00831	0.00549	0.00676	0.00678	0.00769	0.00510	0.00464	0.00957	0.01170	0.05895	0.24215	0.22873	0.12479	0.24005	0.01259	0.00287	0.00363	0.01066	0.00493	0.00461
13	0.01448	0.46017	0.05292	0.01160	0.04119	0.10405	0.03558	0.05454	0.01219	0.01478	0.00894	0.01086	0.00783	0.00799	0.06903	0.00192	0.03106	0.00363	0.00267	0.05456
14	0.01229	0.11776	0.39990	0.01291	0.01925	0.05214	0.03981	0.03638	0.01203	0.01712	0.00955	0.01119	0.00734	0.00485	0.00471	0.00140	0.00680	0.00376	0.00268	0.22812
15	0.06328	0.28268	0.03722	0.01312	0.08845	0.20524	0.01009	0.07334	0.10235	0.01686	0.01073	0.01262	0.00907	0.04661	0.00569	0.00164	0.00664	0.00407	0.00320	0.00712
16	0.01570	0.29540	0.26848	0.01163	0.01717	0.01513	0.01254	0.10033	0.01366	0.15515	0.01178	0.01230	0.00863	0.00547	0.00463	0.00150	0.00625	0.00404	0.03228	0.00794
17	0.01225	0.10924	0.42880	0.01330	0.01924	0.01396	0.01492	0.02125	0.27439	0.01871	0.01387	0.01429	0.01032	0.00590	0.00512	0.00171	0.00650	0.00465	0.00344	0.00814
18	0.01077	0.04259	0.28352	0.01043	0.01484	0.00961	0.01103	0.04957	0.07240	0.06150	0.14534	0.02823	0.22054	0.00876	0.00572	0.00174	0.00510	0.00722	0.00429	0.00680
19	0.00666	0.00530	0.00597	0.00629	0.00762	0.00462	0.00453	0.00805	0.01220	0.01535	0.13411	0.27268	0.46851	0.01445	0.00659	0.00194	0.00286	0.01248	0.00518	0.00462
20	0.01608	0.01919	0.19684	0.01324	0.01774	0.16745	0.03197	0.25654	0.12290	0.02270	0.03141	0.05426	0.01164	0.00675	0.00542	0.00168	0.00687	0.00530	0.00411	0.00791
21	0.00880	0.00725	0.00927	0.00864	0.00901	0.00857	0.00632	0.00957	0.00885	0.01222	0.01971	0.06298	0.11723	0.35874	0.10121	0.00423	0.23202	0.00762	0.00331	0.00445
22	0.01264	0.01405	0.02849	0.02092	0.02512	0.01448	0.57809	0.01643	0.01179	0.01643	0.01011	0.01405	0.00801	0.00577	0.00916	0.00197	0.19677	0.00604	0.00267	0.00702
23	0.03174	0.00705	0.00870	0.00822	0.00998	0.00744	0.00627	0.01553	0.12604	0.12981	0.01936	0.12239	0.01717	0.05949	0.24274	0.00402	0.00703	0.00698	0.16404	0.00603
24	0.13255	0.01310	0.01429	0.01110	0.01529	0.01401	0.00916	0.47041	0.02087	0.22312	0.01450	0.01392	0.00990	0.00640	0.00518	0.00166	0.00541	0.00479	0.00551	0.00882
25	0.01030	0.00969	0.01635	0.79530	0.03755	0.01211	0.01514	0.01393	0.01090	0.01393	0.00969	0.01453	0.00727	0.00545	0.00545	0.00182	0.00727	0.00484	0.00242	0.00606
26	0.00650	0.00553	0.00561	0.00559	0.00740	0.00463	0.00419	0.00794	0.01257	0.01506	0.08870	0.05192	0.73850	0.01368	0.00644	0.00184	0.00275	0.01143	0.00511	0.00463
27	0.12323	0.01023	0.01497	0.23756	0.21463	0.01187	0.01177	0.01377	0.01017	0.01564	0.01046	0.01676	0.00959	0.14463	0.01091	0.00243	0.12728	0.00512	0.00277	0.00621
28	0.01211	0.01271	0.08176	0.15608	0.49017	0.01192	0.01533	0.01553	0.01173	0.01678	0.01082	0.01448	0.00893	0.00815	0.07254	0.00226	0.00727	0.00488	0.03886	0.00768
29	0.00644	0.00552	0.00552	0.00552	0.00736	0.00460	0.00414	0.00782	0.01243	0.01473	0.05523	0.05247	0.77218	0.01381	0.00644	0.00184	0.00276	0.01151	0.00506	0.00460
30	0.01093	0.02820	0.78016	0.01554	0.02360	0.01266	0.02014	0.01727	0.01151	0.01727	0.00978	0.01151	0.00691	0.00518	0.00518	0.00173	0.00806	0.00403	0.00230	0.00806
31	0.02037	0.02598	0.01545	0.01404	0.01685	0.78652	0.01053	0.02177	0.01545	0.01334	0.00843	0.00983	0.00702	0.00562	0.00492	0.00140	0.00983	0.00351	0.00281	0.00632
32	0.00674	0.00499	0.00631	0.00714	0.00784	0.00455	0.00491	0.00798	0.01142	0.01507	0.12929	0.57581	0.16649	0.01575	0.00680	0.00209	0.00302	0.01408	0.00518	0.00455
33	0.03701	0.13454	0.29390	0.01445	0.05505	0.07187	0.05900	0.12733	0.01391	0.06216	0.01074	0.01236	0.00815	0.00734	0.04582	0.00199	0.02915	0.00431	0.00318	0.00773
34	0.03611	0.05925	0.05479	0.04554	0.38243	0.07046	0.01328	0.08576	0.01339	0.01826	0.01373	0.04368	0.05097	0.00652	0.00584	0.00167	0.03738	0.03049	0.00323	0.02722
35	0.00935	0.00505	0.00538	0.00559	0.00657	0.00499	0.00397	0.01136	0.01091	0.01826	0.01978	0.15341	0.01827	0.08956	0.00677	0.00184	0.00292	0.00712	0.61412	0.00479
36	0.05156	0.01155	0.01783	0.03786	0.49387	0.01139	0.01326	0.01633	0.05512	0.01843	0.04465	0.01699	0.01188	0.00569	0.00526	0.00156	0.00564	0.04238	0.00323	0.13551
37	0.06262	0.01627	0.01823	0.08671	0.35661	0.24156	0.01359	0.01752	0.01252	0.01600	0.00915	0.01205	0.00772	0.00570	0.00662	0.00167	0.10115	0.00434	0.00271	0.00727
38	0.00664	0.00474	0.00633	0.00759	0.00791	0.00443	0.00506	0.00759	0.01044	0.01392	0.03005	0.80485	0.03606	0.01708	0.00696	0.00221	0.00316	0.01550	0.00506	0.00443
39	0.01268	0.01198	0.02030	0.14480	0.60972	0.01234	0.01592	0.01592	0.01220	0.01713	0.01152	0.01713	0.01008	0.00569	0.00556	0.00171	0.00649	0.05801	0.00283	0.00799
40	0.01575	0.01232	0.01585	0.07552	0.22809	0.03934	0.01144	0.12787	0.23398	0.12301	0.03661	0.01742	0.02509	0.00648	0.00549	0.00171	0.00554	0.00552	0.00458	0.00838

[dist]
# distance from previous block
# <min> <max>
0	7

[block]
# block no. 1 follows, 44 sequences, length 9
# corresponding to MSA columns:
# 163-171
name=unknown_B
#
# <colnr> <probs for GDERKNQSTAVLIFYWHMCP>
#	G	D	E	R	K	N	Q	S	T	A	V	L	I	F	Y	W	H	M	C	P
0	0.00672	0.00553	0.00591	0.00582	0.00754	0.00472	0.00436	0.00837	0.01309	0.01630	0.21277	0.04988	0.61366	0.01322	0.00644	0.00181	0.00272	0.01114	0.00527	0.00472
1	0.01238	0.04180	0.42930	0.06523	0.02208	0.01359	0.07312	0.07488	0.14490	0.01905	0.01214	0.01357	0.00894	0.00581	0.00586	0.00177	0.03976	0.00471	0.00316	0.00795
2	0.01221	0.01131	0.01883	0.02754	0.60391	0.01122	0.01415	0.01530	0.01309	0.01871	0.17963	0.01955	0.01816	0.00626	0.00563	0.00164	0.00561	0.00597	0.00343	0.00786
3	0.00646	0.00544	0.00560	0.00573	0.00742	0.00458	0.00424	0.00780	0.01222	0.01465	0.05267	0.12899	0.69731	0.01414	0.00650	0.00188	0.00280	0.01191	0.00506	0.00458
4	0.01186	0.02581	0.67015	0.01692	0.09338	0.01245	0.01921	0.01769	0.01180	0.05603	0.01042	0.01205	0.00740	0.00523	0.00522	0.00171	0.00774	0.00418	0.00257	0.00817
5	0.20362	0.02146	0.01389	0.01254	0.01525	0.55483	0.00961	0.01982	0.01353	0.01580	0.00814	0.00978	0.00678	0.00580	0.00557	0.00154	0.06944	0.00348	0.00290	0.00620
6	0.00664	0.00474	0.00633	0.00759	0.00791	0.00443	0.00506	0.00759	0.01044	0.01392	0.03005	0.80485	0.03606	0.01708	0.00696	0.00221	0.00316	0.01550	0.00506	0.00443
7	0.03600	0.12786	0.58930	0.01463	0.02176	0.03670	0.04412	0.03896	0.01197	0.01729	0.00954	0.01119	0.00701	0.00514	0.00496	0.00164	0.00769	0.00395	0.00246	0.00782
8	0.01590	0.02220	0.27187	0.01413	0.01871	0.29152	0.04400	0.06001	0.01405	0.07507	0.05117	0.01327	0.01005	0.00617	0.00622	0.00166	0.06907	0.00447	0.00322	0.00724

[dist]
# distance from previous block
# <min> <max>
0	1

[block]
# block no. 2 follows, 44 sequences, length 105
# corresponding to MSA columns:
# 173-261,264-279
name=unknown_C
#
# <colnr> <probs for GDERKNQSTAVLIFYWHMCP>
#	G	D	E	R	K	N	Q	S	T	A	V	L	I	F	Y	W	H	M	C	P
0	0.14634	0.01712	0.01181	0.01106	0.01342	0.40499	0.00829	0.01811	0.07646	0.01655	0.06355	0.15857	0.01590	0.00815	0.00520	0.00166	0.00678	0.00626	0.00375	0.00602
1	0.00954	0.00822	0.00976	0.06913	0.03453	0.03504	0.00690	0.01227	0.05399	0.01670	0.10894	0.22916	0.10997	0.00981	0.00563	0.00158	0.00403	0.00854	0.00428	0.26198
2	0.01372	0.02074	0.40535	0.01491	0.04290	0.03435	0.06867	0.10443	0.11726	0.07428	0.01351	0.04252	0.01020	0.00615	0.00544	0.00174	0.00697	0.00513	0.00359	0.00815
3	0.00664	0.00474	0.00633	0.00759	0.00791	0.00443	0.00506	0.00759	0.01044	0.01392	0.03005	0.80485	0.03606	0.01708	0.00696	0.00221	0.00316	0.01550	0.00506	0.00443
4	0.01169	0.02621	0.64450	0.04003	0.06720	0.05872	0.04228	0.01741	0.01182	0.01697	0.00977	0.01172	0.00707	0.00518	0.00522	0.00171	0.00808	0.00415	0.00237	0.00791
5	0.01215	0.01542	0.14084	0.01446	0.01722	0.08657	0.11953	0.01562	0.05472	0.01576	0.07024	0.01716	0.05669	0.00800	0.01068	0.00199	0.32767	0.00564	0.00308	0.00655
6	0.00664	0.00474	0.00633	0.00759	0.00791	0.00443	0.00506	0.00759	0.01044	0.01392	0.03005	0.80485	0.03606	0.01708	0.00696	0.00221	0.00316	0.01550	0.00506	0.00443
7	0.01156	0.19379	0.58427	0.01381	0.02083	0.01421	0.01714	0.01674	0.01160	0.01654	0.04482	0.01228	0.00900	0.00535	0.00488	0.00161	0.00733	0.00406	0.00248	0.00770
8	0.00664	0.00474	0.00633	0.00759	0.00791	0.00443	0.00506	0.00759	0.01044	0.01392	0.03005	0.80485	0.03606	0.01708	0.00696	0.00221	0.00316	0.01550	0.00506	0.00443
9	0.00779	0.00584	0.00876	0.00876	0.00974	0.00681	0.00681	0.00974	0.00876	0.01266	0.01460	0.02142	0.01363	0.04089	0.78680	0.00876	0.01460	0.00584	0.00292	0.00487
10	0.01222	0.01920	0.28144	0.02050	0.02686	0.01341	0.50984	0.01740	0.01242	0.01740	0.01061	0.01364	0.00782	0.00479	0.00602	0.00180	0.00881	0.00563	0.00261	0.00759
11	0.02037	0.02598	0.01545	0.01404	0.01685	0.78652	0.01053	0.02177	0.01545	0.01334	0.00843	0.00983	0.00702	0.00562	0.00492	0.00140	0.00983	0.00351	0.00281	0.00632
12	0.01424	0.01190	0.01644	0.16652	0.18060	0.01348	0.01253	0.24964	0.01588	0.02159	0.02504	0.02040	0.01219	0.00760	0.00730	0.00188	0.10560	0.10587	0.00385	0.00746
13	0.00659	0.00553	0.00573	0.00568	0.00745	0.00466	0.00426	0.00811	0.01277	0.01555	0.13786	0.05111	0.68904	0.01350	0.00644	0.00183	0.00274	0.01132	0.00517	0.00466
14	0.01316	0.01190	0.01974	0.22710	0.45792	0.01259	0.04192	0.01752	0.07526	0.05242	0.01166	0.01461	0.00917	0.00530	0.00547	0.00170	0.00651	0.00505	0.00306	0.00795
15	0.01283	0.01122	0.01820	0.13325	0.47367	0.01173	0.01398	0.01633	0.03977	0.05294	0.07863	0.01678	0.01293	0.00594	0.00595	0.00168	0.03888	0.00538	0.04219	0.00772
16	0.00648	0.00552	0.00557	0.00556	0.00739	0.00462	0.00417	0.00790	0.01251	0.01494	0.07614	0.05212	0.75114	0.01373	0.00644	0.00184	0.00276	0.01146	0.00509	0.00462
17	0.01151	0.15133	0.66204	0.01456	0.02209	0.01406	0.01844	0.01712	0.01144	0.01657	0.00944	0.01108	0.00692	0.00510	0.00492	0.00164	0.00771	0.00385	0.00231	0.00789
18	0.08942	0.07142	0.01561	0.01319	0.01615	0.67601	0.01007	0.02096	0.01467	0.01425	0.00831	0.00968	0.00693	0.00551	0.00470	0.00141	0.00912	0.00343	0.00283	0.00633
19	0.00659	0.00521	0.00594	0.00644	0.00763	0.00456	0.00457	0.00785	0.01176	0.01476	0.08145	0.36116	0.43277	0.01502	0.00665	0.00199	0.00292	0.01306	0.00511	0.00456
20	0.01539	0.13023	0.17157	0.03192	0.01865	0.05494	0.11080	0.25557	0.01628	0.03449	0.01167	0.01382	0.00903	0.04244	0.00614	0.00175	0.00677	0.00474	0.05611	0.00768
21	0.01194	0.01231	0.05926	0.01480	0.10835	0.08710	0.01134	0.01587	0.10070	0.01628	0.01752	0.03096	0.01727	0.01008	0.00908	0.00214	0.19276	0.27204	0.00380	0.00643
22	0.00664	0.00474	0.00633	0.00759	0.00791	0.00443	0.00506	0.00759	0.01044	0.01392	0.03005	0.80485	0.03606	0.01708	0.00696	0.00221	0.00316	0.01550	0.00506	0.00443
23	0.01071	0.00894	0.01034	0.01040	0.06097	0.00948	0.00745	0.03757	0.33474	0.02067	0.20925	0.03267	0.17866	0.00970	0.00600	0.00182	0.00379	0.03465	0.00535	0.00685
24	0.04443	0.02223	0.01595	0.01543	0.07721	0.57861	0.01111	0.01982	0.01389	0.01402	0.00835	0.01043	0.00714	0.00616	0.00695	0.00159	0.13370	0.00380	0.00275	0.00644
25	0.00664	0.00474	0.00633	0.00759	0.00791	0.00443	0.00506	0.00759	0.01044	0.01392	0.03005	0.80485	0.03606	0.01708	0.00696	0.00221	0.00316	0.01550	0.00506	0.00443
26	0.01180	0.01381	0.13093	0.28959	0.36389	0.01238	0.01604	0.01595	0.03537	0.01646	0.01179	0.01501	0.03234	0.00547	0.00542	0.00172	0.00679	0.00498	0.00271	0.00754
27	0.00734	0.00551	0.00679	0.00657	0.00794	0.00497	0.00489	0.00952	0.01439	0.01963	0.55034	0.08963	0.22814	0.01216	0.00647	0.00178	0.00265	0.01060	0.00571	0.00497
28	0.00664	0.00474	0.00633	0.00759	0.00791	0.00443	0.00506	0.00759	0.01044	0.01392	0.03005	0.80485	0.03606	0.01708	0.00696	0.00221	0.00316	0.01550	0.00506	0.00443
29	0.01458	0.81168	0.02857	0.00933	0.01399	0.02157	0.00933	0.01632	0.01108	0.01283	0.00758	0.00875	0.00700	0.00466	0.00350	0.00117	0.00583	0.00292	0.00233	0.00700
30	0.00664	0.00474	0.00633	0.00759	0.00791	0.00443	0.00506	0.00759	0.01044	0.01392	0.03005	0.80485	0.03606	0.01708	0.00696	0.00221	0.00316	0.01550	0.00506	0.00443
31	0.02072	0.01527	0.01636	0.01254	0.01691	0.01691	0.01036	0.75622	0.02563	0.03436	0.01309	0.01309	0.00927	0.00654	0.00545	0.00164	0.00600	0.00491	0.00545	0.00927
32	0.00793	0.00529	0.00595	0.00595	0.00595	0.00529	0.00330	0.00793	0.00793	0.01057	0.01718	0.03568	0.01982	0.80840	0.02775	0.00529	0.00529	0.00793	0.00330	0.00330
33	0.02037	0.02598	0.01545	0.01404	0.01685	0.78652	0.01053	0.02177	0.01545	0.01334	0.00843	0.00983	0.00702	0.00562	0.00492	0.00140	0.00983	0.00351	0.00281	0.00632
34	0.05163	0.01385	0.07815	0.16701	0.43349	0.05820	0.01516	0.01600	0.01182	0.01672	0.01044	0.04181	0.00895	0.00573	0.00598	0.00172	0.04806	0.00501	0.00272	0.00756
35	0.00658	0.00553	0.00571	0.00567	0.00745	0.00466	0.00425	0.00809	0.01275	0.01549	0.13211	0.05121	0.69482	0.01352	0.00644	0.00183	0.00274	0.01133	0.00516	0.00466
36	0.01227	0.07460	0.05513	0.34253	0.26246	0.01324	0.06081	0.05398	0.01247	0.01678	0.03752	0.01450	0.00942	0.00540	0.00537	0.00169	0.00683	0.00494	0.00280	0.00724
37	0.01077	0.00994	0.01574	0.17940	0.36908	0.01023	0.01240	0.01386	0.02702	0.01690	0.09985	0.02483	0.17232	0.00756	0.00574	0.00172	0.00541	0.00679	0.00354	0.00690
38	0.00658	0.00546	0.00575	0.00583	0.00748	0.00464	0.00431	0.00803	0.01252	0.01530	0.11811	0.11742	0.64209	0.01385	0.00649	0.00186	0.00278	0.01171	0.00515	0.00464
39	0.01172	0.02620	0.68254	0.01589	0.02355	0.01254	0.08054	0.01771	0.01181	0.05251	0.01043	0.01210	0.00732	0.00520	0.00530	0.00173	0.00799	0.00430	0.00255	0.00806
40	0.04806	0.02434	0.01529	0.01383	0.01644	0.69923	0.01048	0.02089	0.01468	0.01371	0.00830	0.00996	0.00699	0.00591	0.00589	0.00149	0.07185	0.00359	0.00279	0.00628
41	0.00666	0.00491	0.00624	0.00722	0.00783	0.00449	0.00492	0.00775	0.01099	0.01442	0.06843	0.64838	0.15524	0.01628	0.00685	0.00213	0.00307	0.01459	0.00510	0.00449
42	0.06353	0.27422	0.41064	0.01278	0.01894	0.07931	0.01472	0.01753	0.01168	0.03791	0.00918	0.01054	0.00707	0.00509	0.00453	0.00152	0.00717	0.00361	0.00255	0.00748
43	0.01629	0.01386	0.01367	0.06309	0.01638	0.13197	0.00951	0.11032	0.38601	0.10375	0.01727	0.01677	0.01279	0.00678	0.00575	0.00172	0.02932	0.00531	0.00487	0.03455
44	0.00868	0.00600	0.00912	0.00912	0.01022	0.00555	0.07108	0.01005	0.01108	0.07840	0.02766	0.66949	0.03172	0.01512	0.00679	0.00214	0.00382	0.01386	0.00500	0.00509
45	0.03817	0.04201	0.03604	0.05500	0.03488	0.05254	0.00722	0.01279	0.04908	0.02002	0.50415	0.03280	0.07523	0.00958	0.00594	0.00169	0.00386	0.00823	0.00507	0.00571
46	0.01821	0.02207	0.01764	0.01896	0.19651	0.55250	0.03757	0.02016	0.01442	0.01453	0.00891	0.01093	0.00745	0.00553	0.00549	0.00150	0.03398	0.00397	0.00277	0.00689
47	0.00664	0.00474	0.00633	0.00759	0.00791	0.00443	0.00506	0.00759	0.01044	0.01392	0.03005	0.80485	0.03606	0.01708	0.00696	0.00221	0.00316	0.01550	0.00506	0.00443
48	0.01051	0.01861	0.39714	0.22084	0.09084	0.01142	0.01628	0.01530	0.01202	0.01712	0.12380	0.01685	0.01382	0.00612	0.00546	0.00174	0.00689	0.00519	0.00292	0.00715
49	0.01177	0.02311	0.52395	0.02117	0.24671	0.01279	0.04972	0.01711	0.01183	0.01744	0.00998	0.01223	0.00748	0.00506	0.00530	0.00170	0.00764	0.00437	0.00244	0.00820
50	0.00664	0.00474	0.00633	0.00759	0.00791	0.00443	0.00506	0.00759	0.01044	0.01392	0.03005	0.80485	0.03606	0.01708	0.00696	0.00221	0.00316	0.01550	0.00506	0.00443
51	0.00783	0.00567	0.00790	0.00790	0.00858	0.00635	0.00575	0.00919	0.00851	0.01202	0.01539	0.02576	0.01551	0.27451	0.55576	0.00770	0.01177	0.00648	0.00304	0.00439
52	0.00664	0.00474	0.00633	0.00759	0.00791	0.00443	0.00506	0.00759	0.01044	0.01392	0.03005	0.80485	0.03606	0.01708	0.00696	0.00221	0.00316	0.01550	0.00506	0.00443
53	0.01976	0.01479	0.01582	0.01235	0.01654	0.01646	0.01013	0.65873	0.12469	0.03281	0.01431	0.01406	0.01026	0.00666	0.00547	0.00166	0.00577	0.00508	0.00547	0.00919
54	0.02062	0.01849	0.01609	0.01300	0.01689	0.24838	0.01041	0.53532	0.02257	0.02804	0.01169	0.01211	0.00859	0.00627	0.00529	0.00157	0.00715	0.00449	0.00466	0.00838
55	0.02037	0.02598	0.01545	0.01404	0.01685	0.78652	0.01053	0.02177	0.01545	0.01334	0.00843	0.00983	0.00702	0.00562	0.00492	0.00140	0.00983	0.00351	0.00281	0.00632
56	0.01286	0.01234	0.02085	0.16310	0.60836	0.01300	0.01621	0.01606	0.01194	0.01690	0.01000	0.01359	0.00832	0.00520	0.00606	0.00169	0.04795	0.00485	0.00263	0.00805
57	0.00644	0.00552	0.00552	0.00552	0.00736	0.00460	0.00414	0.00782	0.01243	0.01473	0.05523	0.05247	0.77218	0.01381	0.00644	0.00184	0.00276	0.01151	0.00506	0.00460
58	0.01791	0.01461	0.08875	0.01554	0.12311	0.03687	0.05243	0.24409	0.14446	0.18231	0.01542	0.01536	0.01097	0.00623	0.00548	0.00169	0.00598	0.00519	0.00483	0.00876
59	0.01200	0.01271	0.07656	0.02361	0.46118	0.03756	0.01344	0.01582	0.05772	0.01797	0.10334	0.04897	0.08160	0.00701	0.00564	0.00169	0.00569	0.00637	0.00352	0.00760
60	0.00739	0.00569	0.00609	0.00590	0.00776	0.00483	0.00446	0.00898	0.01302	0.04761	0.16353	0.04926	0.63020	0.01311	0.00640	0.00182	0.00281	0.01100	0.00528	0.00488
61	0.01117	0.02546	0.65447	0.01560	0.02297	0.01248	0.08350	0.01752	0.03886	0.01761	0.01067	0.01248	0.00767	0.00526	0.00525	0.00172	0.00779	0.00436	0.03729	0.00789
62	0.39566	0.01897	0.01207	0.01092	0.01399	0.43495	0.00843	0.01916	0.01265	0.01839	0.00805	0.00939	0.00651	0.00536	0.00422	0.00153	0.00728	0.00326	0.00307	0.00613
63	0.00672	0.00488	0.00635	0.00736	0.00789	0.00451	0.00500	0.00785	0.01104	0.01468	0.09770	0.67849	0.09481	0.01630	0.00687	0.00214	0.00308	0.01469	0.00514	0.00451
64	0.05476	0.04306	0.20075	0.01546	0.03155	0.10423	0.17277	0.20328	0.01594	0.07705	0.01138	0.01274	0.00827	0.00560	0.00557	0.00168	0.01956	0.00475	0.00363	0.00794
65	0.01751	0.01866	0.01572	0.01353	0.01644	0.36317	0.04898	0.10289	0.19816	0.04019	0.01266	0.01349	0.00988	0.00658	0.00671	0.00168	0.09794	0.00466	0.00383	0.00730
66	0.00996	0.00803	0.00722	0.00755	0.00852	0.11987	0.00529	0.01141	0.01127	0.01565	0.02157	0.35417	0.02290	0.08608	0.00756	0.00207	0.00414	0.00955	0.28236	0.00482
67	0.01345	0.01171	0.01736	0.06406	0.41407	0.01233	0.01308	0.02026	0.24205	0.05415	0.01575	0.04477	0.01300	0.00654	0.00558	0.00176	0.00561	0.03232	0.00391	0.00825
68	0.01393	0.07727	0.18603	0.06537	0.32613	0.11764	0.05417	0.04238	0.01280	0.01692	0.00972	0.01228	0.00781	0.00523	0.00556	0.00163	0.03022	0.00443	0.00267	0.00781
69	0.00664	0.00474	0.00633	0.00759	0.00791	0.00443	0.00506	0.00759	0.01044	0.01392	0.03005	0.80485	0.03606	0.01708	0.00696	0.00221	0.00316	0.01550	0.00506	0.00443
70	0.01150	0.01419	0.16625	0.38494	0.14814	0.01261	0.01524	0.01764	0.14215	0.01674	0.01197	0.01478	0.00904	0.00564	0.00541	0.00177	0.00678	0.00492	0.00299	0.00731
71	0.00736	0.00541	0.00699	0.00806	0.00867	0.00529	0.00563	0.00957	0.07009	0.01481	0.02934	0.68478	0.03416	0.01616	0.00689	0.00221	0.00340	0.07129	0.00510	0.00481
72	0.00664	0.00474	0.00633	0.00759	0.00791	0.00443	0.00506	0.00759	0.01044	0.01392	0.03005	0.80485	0.03606	0.01708	0.00696	0.00221	0.00316	0.01550	0.00506	0.00443
73	0.01093	0.02820	0.78016	0.01554	0.02360	0.01266	0.02014	0.01727	0.01151	0.01727	0.00978	0.01151	0.00691	0.00518	0.00518	0.00173	0.00806	0.00403	0.00230	0.00806
74	0.00673	0.00481	0.00640	0.00753	0.00793	0.00449	0.00507	0.00781	0.01085	0.01457	0.09094	0.74209	0.03732	0.01659	0.00692	0.00217	0.00311	0.01504	0.00514	0.00449
75	0.84691	0.01054	0.00801	0.00717	0.01054	0.01223	0.00590	0.01603	0.00928	0.02446	0.00759	0.00886	0.00590	0.00506	0.00337	0.00169	0.00422	0.00295	0.00337	0.00590
76	0.06555	0.01185	0.01333	0.01096	0.01414	0.01327	0.00891	0.46343	0.01904	0.02654	0.01327	0.01561	0.01052	0.01790	0.26571	0.00401	0.00876	0.00510	0.00449	0.00760
77	0.02037	0.02598	0.01545	0.01404	0.01685	0.78652	0.01053	0.02177	0.01545	0.01334	0.00843	0.00983	0.00702	0.00562	0.00492	0.00140	0.00983	0.00351	0.00281	0.00632
78	0.01226	0.08148	0.01979	0.30921	0.40209	0.01304	0.01490	0.01548	0.01170	0.01607	0.01016	0.01377	0.00824	0.00513	0.00518	0.00164	0.00653	0.00469	0.04127	0.00738
79	0.00650	0.00552	0.00560	0.00558	0.00740	0.00462	0.00418	0.00793	0.01255	0.01502	0.08506	0.05198	0.74217	0.01370	0.00644	0.00184	0.00275	0.01144	0.00510	0.00462
80	0.01096	0.01010	0.01656	0.72689	0.06312	0.01239	0.01495	0.05278	0.01172	0.01514	0.00989	0.01442	0.00742	0.00549	0.00545	0.00180	0.00717	0.00485	0.00259	0.00632
81	0.01250	0.06338	0.14316	0.04331	0.21165	0.07854	0.01244	0.02679	0.04795	0.04414	0.04706	0.07210	0.09031	0.00774	0.00627	0.00175	0.05315	0.02717	0.00351	0.00709
82	0.00697	0.00560	0.00655	0.00647	0.00802	0.00518	0.00490	0.00870	0.01222	0.01565	0.18373	0.04361	0.47284	0.01906	0.17242	0.00329	0.00524	0.00999	0.00479	0.00476
83	0.17005	0.08699	0.45783	0.03585	0.02017	0.01296	0.05600	0.01692	0.01137	0.04222	0.03575	0.01227	0.00854	0.00534	0.00483	0.00168	0.00689	0.00413	0.00280	0.00740
84	0.27224	0.08268	0.11734	0.01177	0.01560	0.38505	0.01032	0.01898	0.01268	0.01724	0.00829	0.00967	0.00666	0.00531	0.00437	0.00152	0.00756	0.00336	0.00288	0.00648
85	0.00665	0.00538	0.00590	0.00609	0.00757	0.00464	0.00445	0.00810	0.01244	0.01550	0.14359	0.19328	0.53921	0.01408	0.00654	0.00190	0.00281	0.01205	0.00518	0.00464
86	0.09513	0.06202	0.51978	0.04980	0.02108	0.01262	0.01632	0.01789	0.01162	0.10525	0.01073	0.01208	0.00760	0.00547	0.00535	0.00171	0.03077	0.00409	0.00293	0.00778
87	0.04353	0.01542	0.01513	0.06977	0.01678	0.23522	0.03590	0.08929	0.07627	0.04068	0.01159	0.04974	0.01000	0.00923	0.04938	0.00221	0.21472	0.00512	0.00341	0.00664
88	0.00664	0.00474	0.00633	0.00759	0.00791	0.00443	0.00506	0.00759	0.01044	0.01392	0.03005	0.80485	0.03606	0.01708	0.00696	0.00221	0.00316	0.01550	0.00506	0.00443
89	0.01274	0.01101	0.01378	0.07485	0.12671	0.01196	0.02420	0.08688	0.36096	0.02101	0.04635	0.04979	0.08225	0.00763	0.00562	0.00175	0.00486	0.00656	0.00467	0.04641
90	0.01673	0.06995	0.12610	0.05183	0.07838	0.35920	0.05661	0.08541	0.07321	0.01709	0.01041	0.01190	0.00816	0.00559	0.00512	0.00155	0.00815	0.00422	0.00313	0.00728
91	0.00664	0.00474	0.00633	0.00759	0.00791	0.00443	0.00506	0.00759	0.01044	0.01392	0.03005	0.80485	0.03606	0.01708	0.00696	0.00221	0.00316	0.01550	0.00506	0.00443
92	0.01297	0.02137	0.38388	0.01879	0.19776	0.09105	0.01626	0.01974	0.15018	0.01801	0.01203	0.01343	0.00911	0.00555	0.00527	0.00169	0.00718	0.00456	0.00304	0.00812
93	0.01396	0.04875	0.58035	0.01423	0.02132	0.01197	0.02975	0.01922	0.01239	0.17898	0.01223	0.01298	0.00833	0.00549	0.00521	0.00170	0.00728	0.00434	0.00326	0.00827
94	0.00664	0.00474	0.00633	0.00759	0.00791	0.00443	0.00506	0.00759	0.01044	0.01392	0.03005	0.80485	0.03606	0.01708	0.00696	0.00221	0.00316	0.01550	0.00506	0.00443
95	0.00947	0.00473	0.00710	0.00710	0.00710	0.00473	0.00473	0.00710	0.00710	0.00947	0.00947	0.01657	0.00947	0.01894	0.02131	0.84138	0.00473	0.00473	0.00237	0.00237
96	0.00675	0.00482	0.00645	0.00772	0.00808	0.00452	0.00526	0.00778	0.01055	0.01404	0.02999	0.76604	0.03581	0.01697	0.00699	0.00223	0.00326	0.05320	0.00506	0.00446
97	0.84691	0.01054	0.00801	0.00717	0.01054	0.01223	0.00590	0.01603	0.00928	0.02446	0.00759	0.00886	0.00590	0.00506	0.00337	0.00169	0.00422	0.00295	0.00337	0.00590
98	0.01275	0.01220	0.02079	0.20965	0.60398	0.01276	0.01636	0.01608	0.01206	0.01691	0.01012	0.01373	0.00832	0.00499	0.00541	0.00166	0.00666	0.00485	0.00263	0.00804
99	0.02037	0.02598	0.01545	0.01404	0.01685	0.78652	0.01053	0.02177	0.01545	0.01334	0.00843	0.00983	0.00702	0.00562	0.00492	0.00140	0.00983	0.00351	0.00281	0.00632
100	0.01333	0.01278	0.02183	0.07323	0.73593	0.01291	0.01665	0.01659	0.01233	0.01761	0.01023	0.01355	0.00856	0.00489	0.00540	0.00163	0.00652	0.00486	0.00268	0.00850
101	0.00648	0.00537	0.00568	0.00594	0.00747	0.00457	0.00433	0.00778	0.01203	0.01456	0.05017	0.20348	0.62444	0.01446	0.00655	0.00192	0.00284	0.01231	0.00506	0.00457
102	0.01269	0.01721	0.26821	0.01258	0.01732	0.01326	0.01247	0.02507	0.51360	0.02096	0.01806	0.01740	0.01340	0.00666	0.00542	0.00181	0.00556	0.00545	0.00447	0.00844
103	0.01275	0.01777	0.24959	0.11383	0.07299	0.05954	0.06691	0.04450	0.17592	0.01796	0.01231	0.01418	0.00940	0.00623	0.00691	0.00182	0.10162	0.00491	0.00323	0.00761
104	0.00785	0.00564	0.00750	0.00855	0.00943	0.00547	0.00675	0.00955	0.01144	0.01490	0.03007	0.29451	0.08571	0.08973	0.00916	0.00263	0.00429	0.38730	0.00488	0.00464

[dist]
# distance from previous block
# <min> <max>
0	1

[block]
# block no. 3 follows, 44 sequences, length 45
# corresponding to MSA columns:
# 281-325
name=unknown_D
#
# <colnr> <probs for GDERKNQSTAVLIFYWHMCP>
#	G	D	E	R	K	N	Q	S	T	A	V	L	I	F	Y	W	H	M	C	P
0	0.01553	0.15653	0.22152	0.07211	0.09210	0.22650	0.01379	0.10843	0.01428	0.01734	0.00948	0.01118	0.00743	0.00537	0.00490	0.00153	0.00770	0.00394	0.00288	0.00746
1	0.00661	0.00488	0.00618	0.00722	0.00781	0.00446	0.00489	0.00763	0.01080	0.01406	0.03459	0.66901	0.16896	0.01649	0.00687	0.00215	0.00309	0.01478	0.00506	0.00446
2	0.01130	0.00969	0.01130	0.00807	0.01292	0.00727	0.00646	0.01373	0.01130	0.01776	0.00969	0.01130	0.00807	0.00404	0.00404	0.00081	0.00404	0.00323	0.00323	0.84173
3	0.01252	0.03968	0.11372	0.04165	0.01483	0.08685	0.00979	0.13793	0.01340	0.01797	0.01458	0.12816	0.01403	0.05727	0.08603	0.00261	0.05910	0.03152	0.02428	0.09409
4	0.00691	0.00486	0.00625	0.00725	0.00750	0.00461	0.00470	0.00766	0.00992	0.01323	0.02739	0.64590	0.03270	0.18061	0.01125	0.00285	0.00360	0.01393	0.00470	0.00420
5	0.01093	0.00962	0.01287	0.00951	0.01390	0.00762	0.08337	0.01348	0.01164	0.01769	0.05467	0.06971	0.01255	0.00543	0.00463	0.00107	0.00442	0.00481	0.00347	0.64861
6	0.01486	0.04093	0.02016	0.02421	0.40612	0.23056	0.08408	0.01749	0.01312	0.01606	0.01129	0.07464	0.01025	0.00600	0.00542	0.00161	0.00740	0.00540	0.00291	0.00748
7	0.00662	0.00482	0.00624	0.00738	0.00785	0.00445	0.00497	0.00762	0.01064	0.01400	0.03264	0.72732	0.11191	0.01674	0.00691	0.00218	0.00312	0.01509	0.00506	0.00445
8	0.05030	0.01490	0.11747	0.02478	0.40845	0.02850	0.13291	0.01810	0.06120	0.05467	0.02873	0.01446	0.00993	0.00528	0.00547	0.00169	0.00676	0.00512	0.00314	0.00814
9	0.01214	0.01120	0.01781	0.27767	0.38078	0.01207	0.01423	0.05751	0.04278	0.01737	0.01534	0.01810	0.08722	0.00617	0.00553	0.00172	0.00624	0.00559	0.00312	0.00741
10	0.00779	0.00511	0.00631	0.00689	0.00776	0.00474	0.00483	0.00931	0.01164	0.03388	0.13618	0.46595	0.10981	0.01382	0.00626	0.00193	0.00296	0.01227	0.14778	0.00477
11	0.02072	0.01527	0.01636	0.01254	0.01691	0.01691	0.01036	0.75622	0.02563	0.03436	0.01309	0.01309	0.00927	0.00654	0.00545	0.00164	0.00600	0.00491	0.00545	0.00927
12	0.00671	0.00498	0.00627	0.00711	0.00782	0.00453	0.00489	0.00791	0.01133	0.01487	0.10950	0.58091	0.18156	0.01584	0.00680	0.00209	0.00303	0.01415	0.00516	0.00453
13	0.01287	0.01471	0.03217	0.02298	0.02849	0.01379	0.75460	0.01746	0.01287	0.01746	0.01103	0.01471	0.00827	0.00460	0.00643	0.00184	0.00919	0.00643	0.00276	0.00735
14	0.01736	0.01585	0.01633	0.01346	0.01593	0.14843	0.01098	0.35205	0.01741	0.02280	0.01007	0.01210	0.00809	0.00751	0.01002	0.00188	0.30373	0.00462	0.00385	0.00753
15	0.02037	0.02598	0.01545	0.01404	0.01685	0.78652	0.01053	0.02177	0.01545	0.01334	0.00843	0.00983	0.00702	0.00562	0.00492	0.00140	0.00983	0.00351	0.00281	0.00632
16	0.01030	0.00969	0.01635	0.79530	0.03755	0.01211	0.01514	0.01393	0.01090	0.01393	0.00969	0.01453	0.00727	0.00545	0.00545	0.00182	0.00727	0.00484	0.00242	0.00606
17	0.00664	0.00507	0.00611	0.00682	0.00773	0.00454	0.00475	0.00785	0.01146	0.01472	0.08726	0.49315	0.29317	0.01555	0.00674	0.00205	0.00298	0.01374	0.00512	0.00454
18	0.01254	0.01368	0.13995	0.06250	0.06779	0.01224	0.01104	0.06400	0.39147	0.02117	0.06861	0.04697	0.01640	0.00724	0.00551	0.00178	0.00513	0.00610	0.03797	0.00788
19	0.01515	0.13013	0.29824	0.03415	0.05582	0.19430	0.01418	0.06342	0.03792	0.05547	0.01027	0.01168	0.00785	0.00564	0.00554	0.00160	0.04410	0.00405	0.00297	0.00754
20	0.00917	0.00481	0.00694	0.00694	0.00713	0.00472	0.00468	0.00717	0.00764	0.01000	0.01407	0.02018	0.08613	0.01842	0.01981	0.75700	0.00454	0.00542	0.00264	0.00259
21	0.01751	0.22809	0.03622	0.01060	0.01436	0.15451	0.00912	0.22192	0.01639	0.09436	0.01223	0.01295	0.00933	0.00583	0.00458	0.00142	0.00603	0.00418	0.13290	0.00745
22	0.01100	0.08546	0.22304	0.01053	0.01479	0.02185	0.03601	0.01494	0.04883	0.05978	0.17738	0.06776	0.09863	0.00802	0.00547	0.00161	0.00512	0.00676	0.00406	0.09897
23	0.05184	0.05627	0.15400	0.04293	0.19853	0.11688	0.02625	0.15559	0.01498	0.03920	0.03122	0.01348	0.00958	0.00566	0.00507	0.00159	0.00666	0.00455	0.05798	0.00772
24	0.01238	0.00832	0.00962	0.00858	0.01050	0.00849	0.00637	0.22014	0.01532	0.08015	0.10780	0.22211	0.07848	0.17385	0.01056	0.00255	0.00441	0.00926	0.00505	0.00604
25	0.00929	0.00709	0.00935	0.00824	0.01001	0.00668	0.07423	0.06012	0.01214	0.04588	0.05686	0.08766	0.30232	0.24604	0.01267	0.00288	0.00449	0.03462	0.00445	0.00500
26	0.05447	0.06554	0.11368	0.04811	0.29800	0.09764	0.03201	0.09923	0.01360	0.03707	0.01080	0.03976	0.00901	0.00592	0.00590	0.00166	0.05189	0.00482	0.00313	0.00775
27	0.01929	0.04892	0.03429	0.03598	0.07622	0.57692	0.01125	0.08471	0.01575	0.03439	0.00933	0.01074	0.00750	0.00562	0.00499	0.00146	0.00887	0.00381	0.00309	0.00688
28	0.00838	0.00528	0.00568	0.00569	0.00707	0.00490	0.00422	0.01046	0.01236	0.01847	0.16057	0.08492	0.25293	0.01015	0.00527	0.00158	0.00265	0.00855	0.38595	0.00490
29	0.01098	0.00984	0.01010	0.00840	0.01166	0.08671	0.00637	0.01292	0.01152	0.01647	0.01525	0.21544	0.01549	0.00768	0.00487	0.00126	0.00432	0.00651	0.05125	0.49298
30	0.01676	0.01727	0.04842	0.01770	0.16789	0.25031	0.09927	0.15487	0.01574	0.04444	0.01136	0.01318	0.00881	0.00568	0.00544	0.00157	0.02177	0.00465	0.08738	0.00748
31	0.00699	0.00508	0.00659	0.00719	0.00795	0.00468	0.00502	0.00851	0.01225	0.01663	0.27993	0.49415	0.09509	0.01486	0.00674	0.00202	0.00294	0.01332	0.00538	0.00468
32	0.01320	0.01802	0.21683	0.13415	0.06621	0.11099	0.14575	0.03609	0.14848	0.01779	0.01236	0.01428	0.00930	0.00561	0.00546	0.00172	0.00742	0.00499	0.02383	0.00750
33	0.01093	0.02820	0.78016	0.01554	0.02360	0.01266	0.02014	0.01727	0.01151	0.01727	0.00978	0.01151	0.00691	0.00518	0.00518	0.00173	0.00806	0.00403	0.00230	0.00806
34	0.00681	0.00482	0.00628	0.00738	0.00765	0.00454	0.00483	0.00764	0.01011	0.01348	0.02836	0.70411	0.03393	0.12072	0.00968	0.00262	0.00344	0.01451	0.00483	0.00428
35	0.00779	0.00584	0.00876	0.00876	0.00974	0.00681	0.00681	0.00974	0.00876	0.01266	0.01460	0.02142	0.01363	0.04089	0.78680	0.00876	0.01460	0.00584	0.00292	0.00487
36	0.00667	0.00486	0.00629	0.00735	0.00786	0.00448	0.00497	0.00773	0.01085	0.01434	0.06437	0.69646	0.11071	0.01650	0.00688	0.00216	0.00310	0.01486	0.00510	0.00448
37	0.02072	0.01527	0.01636	0.01254	0.01691	0.01691	0.01036	0.75622	0.02563	0.03436	0.01309	0.01309	0.00927	0.00654	0.00545	0.00164	0.00600	0.00491	0.00545	0.00927
38	0.01017	0.09136	0.01344	0.01065	0.01170	0.03222	0.00869	0.01176	0.00901	0.01276	0.01140	0.01730	0.01092	0.05677	0.40542	0.00558	0.26753	0.00521	0.00270	0.00542
39	0.02037	0.02598	0.01545	0.01404	0.01685	0.78652	0.01053	0.02177	0.01545	0.01334	0.00843	0.00983	0.00702	0.00562	0.00492	0.00140	0.00983	0.00351	0.00281	0.00632
40	0.01398	0.01540	0.04765	0.13094	0.39805	0.14133	0.11559	0.01719	0.01262	0.01633	0.00987	0.01307	0.00803	0.00518	0.00585	0.00167	0.03213	0.00482	0.00266	0.00762
41	0.00662	0.00484	0.00623	0.00733	0.00784	0.00445	0.00495	0.00762	0.01069	0.01402	0.03320	0.71064	0.12823	0.01667	0.00689	0.00217	0.00311	0.01500	0.00506	0.00445
42	0.01564	0.01580	0.03207	0.01114	0.01487	0.22723	0.00890	0.15352	0.16001	0.02030	0.01543	0.01574	0.06111	0.00627	0.00502	0.00142	0.00607	0.00475	0.00406	0.22064
43	0.12206	0.06579	0.16682	0.01182	0.01602	0.04202	0.01117	0.24579	0.10794	0.02334	0.01214	0.01348	0.00932	0.02601	0.00649	0.00179	0.06981	0.00453	0.03596	0.00770
44	0.00929	0.00800	0.03333	0.00701	0.01028	0.00603	0.00572	0.01126	0.01214	0.05373	0.03514	0.03414	0.42542	0.00954	0.00546	0.00145	0.00350	0.00789	0.00437	0.31630

[dist]
# distance from previous block
# <min> <max>
0	1

[block]
# block no. 4 follows, 44 sequences, length 7
# corresponding to MSA columns:
# 327-333
name=unknown_E
#
# <colnr> <probs for GDERKNQSTAVLIFYWHMCP>
#	G	D	E	R	K	N	Q	S	T	A	V	L	I	F	Y	W	H	M	C	P
0	0.01041	0.00967	0.01102	0.05813	0.09159	0.06370	0.00757	0.01256	0.01212	0.01631	0.04740	0.05472	0.23468	0.00791	0.00522	0.00138	0.00445	0.00662	0.00379	0.34075
1	0.08079	0.30847	0.13296	0.01063	0.01513	0.01511	0.03818	0.10112	0.04247	0.04861	0.06469	0.01461	0.01175	0.05009	0.00581	0.00167	0.00573	0.00446	0.00344	0.04427
2	0.03397	0.04662	0.11871	0.04140	0.03077	0.13863	0.04832	0.03145	0.04498	0.05285	0.01370	0.05268	0.01230	0.11061	0.17775	0.00363	0.00853	0.00562	0.02131	0.00619
3	0.00713	0.00546	0.00598	0.00590	0.00708	0.00491	0.00407	0.00831	0.01161	0.01477	0.17544	0.04519	0.41023	0.25551	0.01293	0.00287	0.00350	0.01011	0.00470	0.00431
4	0.09082	0.09677	0.01846	0.12548	0.29155	0.11293	0.01266	0.08497	0.08164	0.01876	0.01076	0.01284	0.00861	0.00542	0.00498	0.00160	0.00650	0.00443	0.00321	0.00763
5	0.01351	0.11536	0.13977	0.11353	0.09643	0.07903	0.06314	0.11174	0.01342	0.03351	0.01248	0.08837	0.01123	0.05533	0.00701	0.00190	0.02828	0.00568	0.00326	0.00703
6	0.00737	0.00518	0.00676	0.00774	0.00819	0.00500	0.00546	0.00844	0.01033	0.01369	0.02700	0.48261	0.03155	0.18861	0.01160	0.00294	0.00401	0.16455	0.00467	0.00431

[dist]
# distance from previous block
# <min> <max>
0	12

[block]
# block no. 5 follows, 44 sequences, length 89
# corresponding to MSA columns:
# 346-434
name=unknown_F
#
# <colnr> <probs for GDERKNQSTAVLIFYWHMCP>
#	G	D	E	R	K	N	Q	S	T	A	V	L	I	F	Y	W	H	M	C	P
0	0.01334	0.01352	0.08740	0.08873	0.39634	0.01220	0.05997	0.08854	0.01375	0.03717	0.06661	0.01540	0.01162	0.00553	0.00543	0.00161	0.00630	0.00515	0.00329	0.06809
1	0.01385	0.04199	0.12459	0.01882	0.20920	0.19206	0.05485	0.01665	0.01194	0.01537	0.00984	0.01295	0.00832	0.00907	0.07623	0.00233	0.14021	0.00454	0.03019	0.00700
2	0.00664	0.00474	0.00633	0.00759	0.00791	0.00443	0.00506	0.00759	0.01044	0.01392	0.03005	0.80485	0.03606	0.01708	0.00696	0.00221	0.00316	0.01550	0.00506	0.00443
3	0.01272	0.01140	0.01723	0.02311	0.43861	0.01194	0.01283	0.01813	0.16489	0.03576	0.08944	0.02019	0.04389	0.00687	0.00632	0.00175	0.04988	0.02331	0.00382	0.00792
4	0.00756	0.00590	0.00689	0.00659	0.00818	0.00541	0.00496	0.01039	0.05632	0.01918	0.45527	0.04408	0.32539	0.01195	0.00639	0.00177	0.00274	0.01028	0.00562	0.00513
5	0.00691	0.00486	0.00625	0.00725	0.00750	0.00460	0.00470	0.00766	0.00992	0.01323	0.02740	0.64641	0.03271	0.18008	0.01124	0.00285	0.00360	0.01394	0.00470	0.00420
6	0.01458	0.81168	0.02857	0.00933	0.01399	0.02157	0.00933	0.01632	0.01108	0.01283	0.00758	0.00875	0.00700	0.00466	0.00350	0.00117	0.00583	0.00292	0.00233	0.00700
7	0.00663	0.00478	0.00629	0.00751	0.00789	0.00444	0.00502	0.00760	0.01052	0.01395	0.03106	0.77457	0.06568	0.01695	0.00694	0.00220	0.00315	0.01534	0.00506	0.00444
8	0.37184	0.01102	0.01086	0.00890	0.01246	0.01197	0.00730	0.22549	0.01526	0.16260	0.01280	0.01309	0.00913	0.00593	0.00439	0.00163	0.00460	0.00420	0.09916	0.00736
9	0.09400	0.01089	0.00992	0.00915	0.01122	0.17364	0.00709	0.01556	0.01182	0.11177	0.04447	0.01796	0.01304	0.01851	0.28090	0.00406	0.00879	0.00505	0.14629	0.00588
10	0.02037	0.02598	0.01545	0.01404	0.01685	0.78652	0.01053	0.02177	0.01545	0.01334	0.00843	0.00983	0.00702	0.00562	0.00492	0.00140	0.00983	0.00351	0.00281	0.00632
11	0.01344	0.01849	0.32974	0.18450	0.11647	0.04141	0.04137	0.01776	0.01211	0.12140	0.01132	0.01344	0.00817	0.00560	0.00589	0.00175	0.04182	0.00460	0.00303	0.00769
12	0.00661	0.00553	0.00575	0.00570	0.00746	0.00467	0.00427	0.00814	0.01281	0.01565	0.14763	0.05095	0.67921	0.01346	0.00644	0.00182	0.00274	0.01129	0.00518	0.00467
13	0.06172	0.25636	0.19054	0.02475	0.01808	0.07458	0.05838	0.18466	0.01500	0.05307	0.01024	0.01132	0.00780	0.00540	0.00472	0.00152	0.00676	0.00402	0.00335	0.00774
14	0.01705	0.21559	0.04365	0.05029	0.14599	0.39127	0.01179	0.03657	0.01378	0.01462	0.00874	0.01052	0.00735	0.00526	0.00469	0.00142	0.00802	0.00370	0.00270	0.00699
15	0.00683	0.00545	0.00615	0.00639	0.00785	0.00477	0.00478	0.00839	0.01254	0.01574	0.15307	0.17711	0.49084	0.01406	0.00661	0.00193	0.00296	0.06463	0.00520	0.00468
16	0.03096	0.04362	0.25224	0.08867	0.01796	0.07452	0.01238	0.07082	0.01226	0.01677	0.04939	0.12012	0.02540	0.05322	0.02913	0.00220	0.08424	0.00631	0.00328	0.00650
17	0.01390	0.00943	0.05287	0.00861	0.01168	0.02812	0.00727	0.01662	0.05378	0.26553	0.05764	0.03182	0.32130	0.00970	0.00648	0.00175	0.04696	0.00783	0.00523	0.04345
18	0.03764	0.00654	0.03995	0.00661	0.00830	0.00557	0.00526	0.01131	0.01213	0.04876	0.13729	0.17383	0.17259	0.01043	0.00541	0.00167	0.00309	0.00887	0.29955	0.00520
19	0.02147	0.01424	0.07426	0.01168	0.01621	0.04206	0.01017	0.37407	0.02007	0.33486	0.01608	0.01507	0.01072	0.00649	0.00542	0.00166	0.00575	0.00502	0.00563	0.00907
20	0.01322	0.01934	0.30385	0.01586	0.07147	0.07846	0.11656	0.11970	0.01384	0.01895	0.01217	0.01423	0.03427	0.00803	0.05893	0.00212	0.02113	0.00483	0.00308	0.06997
21	0.00955	0.00938	0.00817	0.00871	0.00975	0.17148	0.00612	0.01065	0.01176	0.01390	0.02856	0.54156	0.12133	0.01423	0.00646	0.00199	0.00454	0.01244	0.00458	0.00485
22	0.01429	0.04927	0.08915	0.01946	0.28392	0.03741	0.01290	0.15069	0.06361	0.02036	0.01158	0.01432	0.00946	0.00587	0.00601	0.00159	0.05925	0.02535	0.00345	0.12206
23	0.03693	0.01515	0.10342	0.01453	0.05029	0.01464	0.10642	0.31866	0.14513	0.02521	0.01352	0.01449	0.01007	0.00638	0.00633	0.00175	0.06293	0.00516	0.04074	0.00825
24	0.00679	0.00493	0.00641	0.00733	0.00790	0.00455	0.00501	0.00802	0.01134	0.01518	0.14450	0.63459	0.09140	0.01594	0.00684	0.00211	0.00304	0.01435	0.00520	0.00455
25	0.01126	0.04190	0.57133	0.01639	0.02341	0.01284	0.15682	0.01688	0.01185	0.01731	0.04315	0.01333	0.00911	0.00542	0.00573	0.00175	0.02653	0.00473	0.00255	0.00772
26	0.01156	0.16202	0.65178	0.01448	0.02196	0.01418	0.01830	0.01710	0.01144	0.01651	0.00941	0.01104	0.00692	0.00509	0.00489	0.00163	0.00768	0.00384	0.00231	0.00788
27	0.00664	0.00474	0.00633	0.00759	0.00791	0.00443	0.00506	0.00759	0.01044	0.01392	0.03005	0.80485	0.03606	0.01708	0.00696	0.00221	0.00316	0.01550	0.00506	0.00443
28	0.00947	0.00473	0.00710	0.00710	0.00710	0.00473	0.00473	0.00710	0.00710	0.00947	0.00947	0.01657	0.00947	0.01894	0.02131	0.84138	0.00473	0.00473	0.00237	0.00237
