[name]
unknown

[dist]
# distance from previous block
# <min> <max>
0	0

[block]
# block no. 0 follows, 39 sequences, length 10
# corresponding to MSA columns:
# 0-9
name=unknown_A
#
# <colnr> <probs for GDERKNQSTAVLIFYWHMCP>
#	G	D	E	R	K	N	Q	S	T	A	V	L	I	F	Y	W	H	M	C	P
0	0.00953	0.00681	0.00953	0.01089	0.01225	0.00681	0.00953	0.01225	0.01361	0.01770	0.03131	0.06671	0.03403	0.01634	0.00817	0.00272	0.00545	0.71547	0.00545	0.00545
1	0.00860	0.00573	0.00645	0.00645	0.00645	0.00573	0.00358	0.00860	0.00860	0.01147	0.01863	0.03870	0.02150	0.79217	0.03010	0.00573	0.00573	0.00860	0.00358	0.00358
2	0.01734	0.01412	0.02170	0.11658	0.36346	0.07399	0.09921	0.02065	0.01435	0.17987	0.01365	0.01580	0.01015	0.00583	0.00597	0.00181	0.00733	0.00550	0.00387	0.00882
3	0.01527	0.01525	0.02339	0.03451	0.69257	0.07823	0.01758	0.01861	0.01375	0.01891	0.01096	0.01430	0.00922	0.00534	0.00581	0.00174	0.00734	0.00514	0.00294	0.00915
4	0.01117	0.01051	0.01774	0.77795	0.04073	0.01314	0.01642	0.01511	0.01182	0.01511	0.01051	0.01577	0.00788	0.00591	0.00591	0.00197	0.00788	0.00526	0.00263	0.00657
5	0.01806	0.03942	0.01505	0.01357	0.06453	0.17469	0.00993	0.05520	0.18549	0.15926	0.01684	0.01861	0.01316	0.07210	0.00880	0.00214	0.07239	0.00563	0.04711	0.00801
6	0.00913	0.00682	0.00780	0.00759	0.00955	0.00619	0.00562	0.01207	0.07472	0.05419	0.14116	0.21457	0.35479	0.01383	0.00683	0.00200	0.00339	0.01191	0.00565	0.05217
7	0.11741	0.01512	0.01708	0.01728	0.17762	0.07550	0.01158	0.29830	0.01925	0.12009	0.01331	0.01408	0.00976	0.00627	0.00549	0.00170	0.00640	0.00489	0.00478	0.06409
8	0.02022	0.02021	0.01834	0.06280	0.20180	0.36539	0.01302	0.09737	0.01685	0.11072	0.01201	0.01349	0.00920	0.00614	0.00563	0.00167	0.00847	0.00468	0.00383	0.00820
9	0.01023	0.00875	0.01305	0.01127	0.01365	0.00838	0.12926	0.04846	0.07572	0.01879	0.10418	0.31159	0.10881	0.04530	0.00786	0.00220	0.00484	0.01136	0.00503	0.06127

[dist]
# distance from previous block
# <min> <max>
0	1

[block]
# block no. 1 follows, 39 sequences, length 11
# corresponding to MSA columns:
# 11-21
name=unknown_B
#
# <colnr> <probs for GDERKNQSTAVLIFYWHMCP>
#	G	D	E	R	K	N	Q	S	T	A	V	L	I	F	Y	W	H	M	C	P
0	0.07289	0.05271	0.01711	0.08767	0.06429	0.44258	0.01177	0.02182	0.03784	0.06972	0.01070	0.01247	0.00851	0.00638	0.00626	0.00170	0.06064	0.00431	0.00339	0.00727
1	0.08922	0.01058	0.01671	0.53038	0.13299	0.01249	0.01468	0.01509	0.01184	0.01677	0.01247	0.08810	0.01090	0.00698	0.00585	0.00197	0.00703	0.00616	0.00304	0.00677
2	0.09133	0.01258	0.01881	0.23110	0.34864	0.01385	0.01489	0.01979	0.15243	0.01989	0.01316	0.01589	0.01034	0.00599	0.00569	0.00187	0.00658	0.00534	0.00351	0.00832
3	0.12615	0.01146	0.01463	0.01619	0.20319	0.01116	0.01009	0.11607	0.01478	0.02283	0.08323	0.08921	0.01610	0.00721	0.00542	0.00160	0.00514	0.00611	0.00419	0.23526
4	0.01187	0.04717	0.05108	0.01046	0.03058	0.08083	0.00827	0.01626	0.11613	0.01908	0.13830	0.15246	0.07673	0.00956	0.00591	0.00168	0.00488	0.00810	0.00466	0.20598
5	0.02710	0.01825	0.29494	0.01341	0.01831	0.06509	0.08108	0.01591	0.04816	0.01777	0.02322	0.16869	0.13185	0.00961	0.00624	0.00195	0.00662	0.00829	0.00386	0.03965
6	0.01473	0.19446	0.02068	0.01401	0.04993	0.01531	0.10396	0.18182	0.01561	0.02082	0.01566	0.18276	0.01541	0.00889	0.00697	0.00184	0.07170	0.00744	0.00410	0.05391
7	0.01126	0.03705	0.17289	0.01187	0.04870	0.00983	0.03955	0.06597	0.01454	0.02011	0.13548	0.02888	0.20635	0.00881	0.00597	0.00169	0.00528	0.00742	0.00435	0.16400
8	0.09127	0.08572	0.30351	0.01920	0.20260	0.05664	0.01596	0.01887	0.05767	0.01970	0.06463	0.01527	0.01200	0.00611	0.00545	0.00178	0.00715	0.00495	0.00325	0.00828
9	0.03444	0.06639	0.15177	0.01303	0.01761	0.24145	0.01187	0.05329	0.05701	0.21962	0.05029	0.01639	0.01275	0.02094	0.00602	0.00179	0.00743	0.00509	0.00455	0.00826
10	0.06963	0.09551	0.33257	0.01440	0.02051	0.01399	0.08277	0.11062	0.01475	0.08596	0.01535	0.06242	0.04192	0.00702	0.00568	0.00184	0.00716	0.00578	0.00380	0.00829

[dist]
# distance from previous block
# <min> <max>
2	52

[block]
# block no. 2 follows, 39 sequences, length 9
# corresponding to MSA columns:
# 82-90
name=unknown_C
#
# <colnr> <probs for GDERKNQSTAVLIFYWHMCP>
#	G	D	E	R	K	N	Q	S	T	A	V	L	I	F	Y	W	H	M	C	P
0	0.03089	0.18610	0.23549	0.01626	0.11393	0.06050	0.01448	0.11626	0.01465	0.01969	0.01418	0.01571	0.06646	0.00676	0.00637	0.00176	0.06406	0.00500	0.00333	0.00814
1	0.05618	0.22110	0.08255	0.01691	0.20529	0.01411	0.01174	0.01648	0.05413	0.01778	0.03124	0.16721	0.01595	0.00814	0.00545	0.00173	0.00575	0.00690	0.00362	0.05774
2	0.07572	0.23641	0.13566	0.01103	0.01564	0.10509	0.01062	0.05596	0.01401	0.06144	0.06094	0.01490	0.01218	0.00616	0.00479	0.00151	0.00625	0.00450	0.09543	0.07174
3	0.01559	0.32977	0.02104	0.05946	0.09831	0.01495	0.01013	0.01807	0.01379	0.13926	0.13729	0.01831	0.01723	0.00664	0.00510	0.00152	0.00552	0.00529	0.00413	0.07860
4	0.01587	0.04146	0.12779	0.01204	0.01609	0.09589	0.04499	0.11201	0.07035	0.12178	0.17944	0.02286	0.03426	0.00792	0.00591	0.00177	0.00596	0.00653	0.06925	0.00783
5	0.11176	0.08225	0.11686	0.01066	0.01416	0.08536	0.00958	0.01811	0.10938	0.06405	0.20316	0.10819	0.02498	0.00910	0.00583	0.00185	0.00537	0.00746	0.00479	0.00709
6	0.05282	0.00966	0.01019	0.00935	0.01164	0.06328	0.00738	0.04042	0.05562	0.10792	0.06629	0.09781	0.07776	0.01002	0.00668	0.00188	0.05197	0.08653	0.18192	0.05088
7	0.01130	0.00900	0.01260	0.01522	0.19920	0.00881	0.00919	0.01564	0.09686	0.05505	0.35465	0.03486	0.13350	0.01008	0.00654	0.00187	0.00421	0.00890	0.00544	0.00709
8	0.01288	0.09899	0.01948	0.19040	0.28460	0.01371	0.01371	0.04287	0.01233	0.01681	0.01183	0.01723	0.01046	0.07105	0.11463	0.00318	0.05000	0.00543	0.00300	0.00741

[dist]
# distance from previous block
# <min> <max>
7	48

[block]
# block no. 3 follows, 39 sequences, length 76
# corresponding to MSA columns:
# 149-224
name=unknown_D
#
# <colnr> <probs for GDERKNQSTAVLIFYWHMCP>
#	G	D	E	R	K	N	Q	S	T	A	V	L	I	F	Y	W	H	M	C	P
0	0.01332	0.02655	0.07324	0.03924	0.10133	0.07946	0.01012	0.11761	0.01354	0.01773	0.01698	0.02512	0.06569	0.27848	0.01560	0.00322	0.08593	0.00669	0.00369	0.00647
1	0.04615	0.20345	0.01972	0.04827	0.01793	0.21881	0.01070	0.23338	0.04542	0.02233	0.01113	0.01220	0.00879	0.00606	0.00506	0.00153	0.00734	0.00424	0.00393	0.07356
2	0.10436	0.29427	0.08257	0.00934	0.01317	0.05186	0.00879	0.01491	0.01319	0.01787	0.14322	0.02618	0.18229	0.00859	0.00526	0.00166	0.00523	0.00664	0.00400	0.00661
3	0.01909	0.01858	0.01986	0.12587	0.02331	0.22087	0.12113	0.29695	0.05388	0.02452	0.01242	0.01410	0.00929	0.00638	0.00592	0.00178	0.00827	0.00522	0.00422	0.00834
4	0.01301	0.01239	0.02106	0.38467	0.41963	0.01362	0.01734	0.01672	0.01269	0.01734	0.01084	0.01517	0.00867	0.00557	0.00588	0.00186	0.00743	0.00526	0.00279	0.00805
5	0.02180	0.04508	0.01444	0.01182	0.01527	0.27360	0.00924	0.02362	0.01588	0.36444	0.01915	0.12716	0.01545	0.00842	0.00588	0.00178	0.00681	0.00666	0.00539	0.00809
6	0.01139	0.00933	0.01132	0.01069	0.01282	0.01083	0.00832	0.02036	0.35480	0.01890	0.01971	0.02268	0.01632	0.02729	0.41046	0.00598	0.01060	0.00650	0.00451	0.00720
7	0.33656	0.01412	0.01341	0.01087	0.01505	0.06522	0.00890	0.27432	0.01812	0.17035	0.01331	0.01333	0.00936	0.00645	0.00501	0.00179	0.00576	0.00452	0.00512	0.00843
8	0.13426	0.01251	0.01305	0.01096	0.01443	0.01387	0.00875	0.28243	0.22158	0.02889	0.13789	0.02235	0.04102	0.02423	0.00632	0.00195	0.00500	0.00655	0.00566	0.00833
9	0.00954	0.12001	0.01201	0.00901	0.01044	0.00938	0.00705	0.01121	0.00969	0.01332	0.01528	0.02422	0.01504	0.18240	0.51652	0.00759	0.01253	0.00631	0.00316	0.00529
10	0.01344	0.25377	0.43813	0.01417	0.02105	0.01673	0.01659	0.02026	0.11788	0.01817	0.01185	0.01298	0.00904	0.00580	0.00514	0.00171	0.00744	0.00435	0.00301	0.00849
11	0.00864	0.00633	0.00701	0.00685	0.00889	0.00545	0.00529	0.01044	0.01413	0.06563	0.14317	0.05365	0.56119	0.01421	0.00701	0.00202	0.00329	0.06565	0.00574	0.00543
12	0.01581	0.79572	0.03099	0.01012	0.01518	0.02340	0.01012	0.01771	0.01202	0.01391	0.00822	0.00949	0.00759	0.00506	0.00379	0.00126	0.00632	0.00316	0.00253	0.00759
13	0.01446	0.01462	0.06913	0.01689	0.07137	0.01430	0.17828	0.02612	0.43629	0.03560	0.01897	0.01911	0.01425	0.00682	0.00614	0.00193	0.00634	0.00637	0.00480	0.03821
14	0.01564	0.66658	0.11893	0.01110	0.01659	0.02199	0.01159	0.05136	0.01281	0.01559	0.00879	0.01007	0.00769	0.00522	0.00411	0.00136	0.00663	0.00341	0.00268	0.00784
15	0.01539	0.01207	0.01638	0.14050	0.13473	0.01363	0.01202	0.18857	0.05686	0.06680	0.03656	0.01904	0.05865	0.00898	0.00947	0.07457	0.11786	0.00599	0.00422	0.00772
16	0.01668	0.01355	0.05325	0.04062	0.32773	0.01321	0.01381	0.16142	0.03962	0.12085	0.01442	0.01669	0.01114	0.01166	0.11584	0.00291	0.00795	0.00553	0.00421	0.00891
17	0.01651	0.01715	0.01678	0.05774	0.04144	0.23699	0.01209	0.12081	0.01481	0.01816	0.01279	0.01827	0.03247	0.00884	0.01087	0.00209	0.28992	0.06166	0.00353	0.00707
18	0.01581	0.79572	0.03099	0.01012	0.01518	0.02340	0.01012	0.01771	0.01202	0.01391	0.00822	0.00949	0.00759	0.00506	0.00379	0.00126	0.00632	0.00316	0.00253	0.00759
19	0.01437	0.01145	0.01582	0.01358	0.01452	0.01490	0.01121	0.01641	0.03178	0.12226	0.01190	0.01579	0.01016	0.01338	0.09791	0.00316	0.52718	0.00547	0.04184	0.00690
20	0.01117	0.01051	0.01774	0.77795	0.04073	0.01314	0.01642	0.01511	0.01182	0.01511	0.01051	0.01577	0.00788	0.00591	0.00591	0.00197	0.00788	0.00526	0.00263	0.00657
21	0.02368	0.01210	0.01463	0.01133	0.01562	0.01198	0.00923	0.28455	0.02025	0.43924	0.01965	0.01939	0.01350	0.06733	0.00778	0.00211	0.00562	0.00592	0.00652	0.00957
22	0.00815	0.00707	0.00808	0.10271	0.01266	0.00677	0.00639	0.01116	0.06938	0.01680	0.07403	0.04869	0.58057	0.01322	0.00678	0.00199	0.00373	0.01108	0.00521	0.00554
23	0.00810	0.00579	0.00789	0.00926	0.01000	0.00558	0.00705	0.00979	0.01221	0.01610	0.03210	0.50968	0.03715	0.01768	0.00779	0.00253	0.00421	0.28658	0.00547	0.00505
24	0.01186	0.03059	0.76153	0.01686	0.02560	0.01373	0.02185	0.01873	0.01249	0.01873	0.01061	0.01249	0.00749	0.00562	0.00562	0.00187	0.00874	0.00437	0.00250	0.00874
25	0.01167	0.01102	0.01864	0.67104	0.14373	0.01327	0.01667	0.01555	0.01206	0.01572	0.01060	0.01560	0.00810	0.00582	0.00590	0.00194	0.00776	0.00526	0.00267	0.00697
26	0.02209	0.02819	0.01676	0.01524	0.01828	0.76843	0.01143	0.02361	0.01676	0.01447	0.00914	0.01066	0.00762	0.00609	0.00533	0.00152	0.01066	0.00381	0.00305	0.00686
27	0.01333	0.01141	0.14412	0.00955	0.01322	0.00756	0.00894	0.01594	0.01392	0.22281	0.03662	0.15305	0.30223	0.01172	0.00654	0.00199	0.00466	0.00988	0.00546	0.00705
28	0.01291	0.02403	0.45816	0.02326	0.22287	0.01400	0.12348	0.01860	0.01296	0.01892	0.01095	0.01356	0.00821	0.00543	0.00588	0.00186	0.00846	0.00499	0.00268	0.00880
29	0.00716	0.00605	0.00623	0.00632	0.00828	0.00512	0.00483	0.00874	0.01349	0.01609	0.05798	0.05758	0.70429	0.01507	0.00707	0.00205	0.00316	0.05999	0.00549	0.00502
30	0.80389	0.01163	0.00903	0.00799	0.01169	0.01345	0.00658	0.04398	0.01072	0.02693	0.00846	0.00978	0.00654	0.00555	0.00374	0.00183	0.00465	0.00328	0.00374	0.00654
31	0.01223	0.05040	0.39360	0.11588	0.12192	0.05107	0.01734	0.01711	0.01298	0.01808	0.06876	0.06785	0.01364	0.00698	0.00584	0.00186	0.00759	0.00586	0.00311	0.00790
32	0.01318	0.02127	0.34650	0.02561	0.32379	0.01380	0.10863	0.01832	0.01310	0.01896	0.01163	0.01548	0.00927	0.00573	0.00596	0.00187	0.00809	0.02716	0.00283	0.00880
33	0.00721	0.00592	0.00635	0.00641	0.00816	0.00506	0.00474	0.00885	0.01375	0.01701	0.15715	0.12323	0.58588	0.01489	0.00704	0.00201	0.00301	0.01263	0.00564	0.00506
34	0.00877	0.01370	0.26067	0.01113	0.01430	0.00781	0.01099	0.01176	0.01171	0.01632	0.02520	0.52738	0.02848	0.01419	0.00690	0.00222	0.00522	0.01263	0.00448	0.00613
35	0.01708	0.01577	0.02331	0.02825	0.44599	0.10532	0.11916	0.05970	0.01508	0.09442	0.01241	0.01488	0.00967	0.00564	0.00597	0.00177	0.00766	0.00541	0.00356	0.00897
36	0.73490	0.01361	0.05513	0.00878	0.01271	0.05874	0.00765	0.01784	0.01061	0.02533	0.00843	0.00985	0.00654	0.00553	0.00388	0.00181	0.00520	0.00331	0.00355	0.00657
37	0.01621	0.02728	0.36764	0.01903	0.12795	0.30518	0.01729	0.02053	0.01428	0.01717	0.01012	0.01209	0.00781	0.00575	0.00554	0.00172	0.00924	0.00428	0.00277	0.00810
38	0.00721	0.00515	0.00686	0.00823	0.00858	0.00480	0.00549	0.00823	0.01132	0.01510	0.03259	0.78831	0.03911	0.01853	0.00755	0.00240	0.00343	0.01681	0.00549	0.00480
39	0.01346	0.02105	0.33600	0.02807	0.44660	0.01392	0.01971	0.01839	0.01305	0.01907	0.01091	0.01373	0.00857	0.00542	0.00575	0.00181	0.00775	0.00489	0.00275	0.00910
40	0.01715	0.37591	0.08727	0.01122	0.01584	0.01688	0.01075	0.04493	0.01331	0.17867	0.01255	0.01358	0.00977	0.00870	0.05743	0.00210	0.06614	0.00434	0.00379	0.04966
41	0.39298	0.01945	0.01362	0.01342	0.07100	0.36574	0.00964	0.02035	0.01345	0.02036	0.00888	0.01048	0.00720	0.00575	0.00461	0.00168	0.00760	0.00364	0.00332	0.00684
42	0.00752	0.00601	0.00672	0.00654	0.00831	0.00522	0.00491	0.00951	0.01473	0.01893	0.32455	0.05204	0.48639	0.01387	0.00698	0.00194	0.00292	0.01180	0.00588	0.00522
43	0.00845	0.00634	0.00950	0.00950	0.01056	0.00739	0.00739	0.01056	0.00950	0.01373	0.01584	0.02323	0.01478	0.04435	0.76873	0.00950	0.01584	0.00634	0.00317	0.00528
44	0.01117	0.01051	0.01774	0.77795	0.04073	0.01314	0.01642	0.01511	0.01182	0.01511	0.01051	0.01577	0.00788	0.00591	0.00591	0.00197	0.00788	0.00526	0.00263	0.00657
45	0.77100	0.01290	0.06633	0.00847	0.01252	0.01330	0.00759	0.01749	0.01025	0.02594	0.00842	0.00983	0.00649	0.00550	0.00381	0.00183	0.00489	0.00329	0.00357	0.00658
46	0.01385	0.01369	0.02447	0.16747	0.48686	0.01415	0.13393	0.01761	0.01312	0.01835	0.01105	0.01500	0.00899	0.00549	0.00645	0.00186	0.03069	0.00554	0.00287	0.00855
47	0.46275	0.36728	0.01881	0.00884	0.01313	0.01786	0.00809	0.01753	0.01095	0.02081	0.00823	0.00955	0.00694	0.00529	0.00372	0.00157	0.00537	0.00318	0.00315	0.00694
48	0.02653	0.01006	0.01372	0.01052	0.01510	0.00869	0.00869	0.02882	0.01693	0.75937	0.02333	0.02013	0.01464	0.00732	0.00595	0.00183	0.00503	0.00595	0.00732	0.01006
49	0.01086	0.00988	0.01413	0.01274	0.01323	0.01315	0.01037	0.01253	0.00926	0.01400	0.01150	0.01770	0.01101	0.02608	0.36607	0.00579	0.42719	0.00571	0.00286	0.00592
50	0.01131	0.01790	0.30401	0.31387	0.08727	0.01235	0.01709	0.01618	0.01292	0.01808	0.11751	0.01850	0.01476	0.00664	0.00595	0.00190	0.00741	0.00570	0.00316	0.00749
51	0.01243	0.01102	0.01596	0.01914	0.29924	0.00982	0.01104	0.01543	0.01359	0.02014	0.15327	0.01931	0.01803	0.00620	0.00545	0.00141	0.00510	0.00557	0.00386	0.35399
52	0.01612	0.00798	0.01076	0.00919	0.01192	0.00747	0.00730	0.03397	0.01557	0.32428	0.27431	0.02999	0.05084	0.01631	0.15292	0.00332	0.00631	0.00784	0.00616	0.00745
53	0.00777	0.00589	0.00725	0.00781	0.00908	0.00537	0.00589	0.00959	0.01347	0.01750	0.17970	0.27904	0.27515	0.01574	0.00736	0.00222	0.00352	0.13685	0.00568	0.00513
54	0.01443	0.01453	0.01611	0.01978	0.23738	0.18574	0.01267	0.01801	0.06323	0.01779	0.01880	0.03320	0.01851	0.00987	0.00707	0.00210	0.03474	0.26471	0.00407	0.00725
55	0.07176	0.00765	0.00976	0.20719	0.01717	0.00795	0.00824	0.01152	0.01326	0.01777	0.13880	0.04148	0.35469	0.01158	0.00653	0.00201	0.00452	0.05776	0.00475	0.00562
56	0.01472	0.01424	0.05416	0.36474	0.23072	0.04321	0.01597	0.15344	0.01553	0.02062	0.01133	0.01481	0.00867	0.00596	0.00586	0.00185	0.00753	0.00518	0.00335	0.00811
57	0.01307	0.02337	0.43938	0.02535	0.34431	0.01387	0.02023	0.01848	0.01291	0.01899	0.01084	0.01343	0.00831	0.00547	0.00572	0.00182	0.00799	0.00476	0.00269	0.00901
58	0.41490	0.37705	0.01950	0.00914	0.01350	0.01822	0.00836	0.05107	0.01180	0.02116	0.00851	0.00977	0.00713	0.00536	0.00383	0.00156	0.00548	0.00328	0.00324	0.00713
59	0.02383	0.01489	0.01635	0.01264	0.01725	0.04792	0.01039	0.46671	0.02366	0.27913	0.01705	0.01604	0.01149	0.00713	0.00590	0.00178	0.00619	0.00547	0.00626	0.00992
60	0.00731	0.00551	0.00677	0.00750	0.00845	0.00497	0.00523	0.00873	0.01270	0.01658	0.14390	0.47804	0.23963	0.01661	0.00731	0.00221	0.00322	0.01473	0.00564	0.00497
61	0.02562	0.01152	0.01463	0.01121	0.01582	0.01086	0.00926	0.18735	0.01937	0.59739	0.02128	0.01880	0.01361	0.00727	0.00594	0.00182	0.00536	0.00581	0.00700	0.01006
62	0.01952	0.01251	0.01744	0.02066	0.30045	0.06151	0.01230	0.02206	0.01458	0.33026	0.01666	0.01837	0.01234	0.05404	0.03593	0.00232	0.02963	0.00569	0.00482	0.00892
63	0.02361	0.01901	0.01610	0.01326	0.01730	0.30493	0.01051	0.23826	0.02012	0.25571	0.01512	0.01470	0.01056	0.00678	0.00570	0.00170	0.00765	0.00494	0.00525	0.00882
64	0.01464	0.01405	0.02400	0.03630	0.75528	0.01405	0.01815	0.01815	0.01347	0.01932	0.01112	0.01464	0.00937	0.00527	0.00585	0.00176	0.00703	0.00527	0.00293	0.00937
65	0.01039	0.00791	0.01059	0.01007	0.01167	0.00910	0.00786	0.08101	0.08306	0.01697	0.01656	0.02264	0.01482	0.05525	0.60440	0.00795	0.01363	0.00633	0.00372	0.00609
66	0.01583	0.01326	0.01400	0.01226	0.01580	0.01523	0.00963	0.13292	0.64127	0.02654	0.02265	0.02093	0.01690	0.00789	0.00600	0.00197	0.00494	0.00649	0.00600	0.00946
67	0.83394	0.01144	0.00869	0.00778	0.01144	0.01327	0.00640	0.01738	0.01006	0.02653	0.00823	0.00961	0.00640	0.00549	0.00366	0.00183	0.00457	0.00320	0.00366	0.00640
68	0.00863	0.00556	0.00740	0.00829	0.00899	0.00514	0.00567	0.00986	0.01206	0.06599	0.08678	0.66430	0.03838	0.03288	0.00785	0.00239	0.00354	0.01544	0.00565	0.00519
69	0.00845	0.00634	0.00950	0.00950	0.01056	0.00739	0.00739	0.01056	0.00950	0.01373	0.01584	0.02323	0.01478	0.04435	0.76873	0.00950	0.01584	0.00634	0.00317	0.00528
70	0.83394	0.01144	0.00869	0.00778	0.01144	0.01327	0.00640	0.01738	0.01006	0.02653	0.00823	0.00961	0.00640	0.00549	0.00366	0.00183	0.00457	0.00320	0.00366	0.00640
71	0.01226	0.01051	0.01226	0.00876	0.01401	0.00788	0.00701	0.01489	0.01226	0.01927	0.01051	0.01226	0.00876	0.00438	0.00438	0.00088	0.00438	0.00350	0.00350	0.82832
72	0.00873	0.00655	0.00815	0.00766	0.00926	0.00623	0.00577	0.01247	0.07217	0.02310	0.63458	0.04362	0.11518	0.01204	0.00690	0.00188	0.00295	0.01055	0.00638	0.00582
73	0.01117	0.01051	0.01774	0.77795	0.04073	0.01314	0.01642	0.01511	0.01182	0.01511	0.01051	0.01577	0.00788	0.00591	0.00591	0.00197	0.00788	0.00526	0.00263	0.00657
74	0.20539	0.01708	0.01445	0.01200	0.01598	0.22537	0.00958	0.20119	0.01806	0.20568	0.01368	0.01363	0.00968	0.00651	0.00525	0.00173	0.00688	0.00458	0.00495	0.00834
75	0.02086	0.01576	0.01683	0.01328	0.01772	0.01758	0.01085	0.58853	0.17748	0.03465	0.01626	0.01584	0.01173	0.00729	0.00594	0.00182	0.00613	0.00561	0.00594	0.00991

[dist]
# distance from previous block
# <min> <max>
0	1

[block]
# block no. 4 follows, 39 sequences, length 62
# corresponding to MSA columns:
# 226-287
name=unknown_E
#
# <colnr> <probs for GDERKNQSTAVLIFYWHMCP>
#	G	D	E	R	K	N	Q	S	T	A	V	L	I	F	Y	W	H	M	C	P
0	0.02126	0.01567	0.01472	0.01240	0.01625	0.18138	0.00979	0.10428	0.25452	0.27683	0.01942	0.01801	0.01369	0.00725	0.00583	0.00181	0.00633	0.00564	0.00579	0.00912
1	0.02209	0.02819	0.01676	0.01524	0.01828	0.76843	0.01143	0.02361	0.01676	0.01447	0.00914	0.01066	0.00762	0.00609	0.00533	0.00152	0.01066	0.00381	0.00305	0.00686
2	0.00837	0.00604	0.00790	0.00744	0.00883	0.00558	0.00558	0.01116	0.01674	0.02371	0.75216	0.04417	0.05580	0.01209	0.00697	0.00186	0.00279	0.01069	0.00651	0.00558
3	0.01117	0.01051	0.01774	0.77795	0.04073	0.01314	0.01642	0.01511	0.01182	0.01511	0.01051	0.01577	0.00788	0.00591	0.00591	0.00197	0.00788	0.00526	0.00263	0.00657
4	0.01055	0.00807	0.00988	0.00972	0.01160	0.00839	0.00774	0.04135	0.18003	0.02217	0.31175	0.09233	0.03845	0.01261	0.00710	0.00217	0.00414	0.20945	0.00601	0.00650
5	0.01471	0.01270	0.01337	0.01203	0.01538	0.01471	0.00936	0.03142	0.74459	0.02474	0.02407	0.02206	0.01805	0.00802	0.00602	0.00201	0.00468	0.00669	0.00602	0.00936
6	0.00772	0.00552	0.00746	0.00883	0.00940	0.00525	0.00639	0.00913	0.01183	0.01568	0.03231	0.62713	0.03798	0.01804	0.00769	0.00247	0.00388	0.17287	0.00548	0.00495
7	0.01056	0.00958	0.01590	0.60631	0.03399	0.01186	0.01441	0.01409	0.01131	0.01480	0.01170	0.01743	0.00942	0.01450	0.17630	0.00365	0.00966	0.00550	0.00275	0.00628
8	0.00730	0.00600	0.00642	0.00631	0.00818	0.00512	0.00474	0.00908	0.01421	0.01770	0.21453	0.05407	0.59718	0.01433	0.00699	0.00197	0.00295	0.01208	0.00572	0.00512
9	0.01581	0.79572	0.03099	0.01012	0.01518	0.02340	0.01012	0.01771	0.01202	0.01391	0.00822	0.00949	0.00759	0.00506	0.00379	0.00126	0.00632	0.00316	0.00253	0.00759
10	0.00845	0.00634	0.00950	0.00950	0.01056	0.00739	0.00739	0.01056	0.00950	0.01373	0.01584	0.02323	0.01478	0.04435	0.76873	0.00950	0.01584	0.00634	0.00317	0.00528
11	0.01483	0.02530	0.35904	0.01912	0.02569	0.18270	0.25088	0.01989	0.01392	0.01785	0.01072	0.01321	0.00800	0.00552	0.00600	0.00183	0.00957	0.00509	0.00278	0.00807
12	0.01226	0.01051	0.01226	0.00876	0.01401	0.00788	0.00701	0.01489	0.01226	0.01927	0.01051	0.01226	0.00876	0.00438	0.00438	0.00088	0.00438	0.00350	0.00350	0.82832
13	0.01277	0.26790	0.18266	0.00954	0.01376	0.01316	0.01004	0.01616	0.01230	0.01866	0.01376	0.01583	0.01099	0.00601	0.00436	0.00145	0.00525	0.00449	0.37401	0.00691
14	0.00716	0.00600	0.00622	0.00617	0.00809	0.00506	0.00463	0.00881	0.01388	0.01692	0.14396	0.05537	0.66824	0.01463	0.00699	0.00198	0.00297	0.01226	0.00562	0.00506
15	0.01102	0.00551	0.00551	0.00551	0.00689	0.00551	0.00413	0.01378	0.01240	0.02205	0.01929	0.02205	0.01516	0.00689	0.00413	0.00138	0.00276	0.00551	0.82500	0.00551
16	0.01464	0.01405	0.02400	0.03630	0.75528	0.01405	0.01815	0.01815	0.01347	0.01932	0.01112	0.01464	0.00937	0.00527	0.00585	0.00176	0.00703	0.00527	0.00293	0.00937
17	0.01581	0.79572	0.03099	0.01012	0.01518	0.02340	0.01012	0.01771	0.01202	0.01391	0.00822	0.00949	0.00759	0.00506	0.00379	0.00126	0.00632	0.00316	0.00253	0.00759
18	0.00845	0.00634	0.00950	0.00950	0.01056	0.00739	0.00739	0.01056	0.00950	0.01373	0.01584	0.02323	0.01478	0.04435	0.76873	0.00950	0.01584	0.00634	0.00317	0.00528
19	0.01464	0.01405	0.02400	0.03630	0.75528	0.01405	0.01815	0.01815	0.01347	0.01932	0.01112	0.01464	0.00937	0.00527	0.00585	0.00176	0.00703	0.00527	0.00293	0.00937
20	0.01186	0.03059	0.76153	0.01686	0.02560	0.01373	0.02185	0.01873	0.01249	0.01873	0.01061	0.01249	0.00749	0.00562	0.00562	0.00187	0.00874	0.00437	0.00250	0.00874
21	0.01471	0.01270	0.01337	0.01203	0.01538	0.01471	0.00936	0.03142	0.74459	0.02474	0.02407	0.02206	0.01805	0.00802	0.00602	0.00201	0.00468	0.00669	0.00602	0.00936
22	0.83394	0.01144	0.00869	0.00778	0.01144	0.01327	0.00640	0.01738	0.01006	0.02653	0.00823	0.00961	0.00640	0.00549	0.00366	0.00183	0.00457	0.00320	0.00366	0.00640
23	0.00845	0.00634	0.00950	0.00950	0.01056	0.00739	0.00739	0.01056	0.00950	0.01373	0.01584	0.02323	0.01478	0.04435	0.76873	0.00950	0.01584	0.00634	0.00317	0.00528
24	0.01102	0.00551	0.00551	0.00551	0.00689	0.00551	0.00413	0.01378	0.01240	0.02205	0.01929	0.02205	0.01516	0.00689	0.00413	0.00138	0.00276	0.00551	0.82500	0.00551
25	0.83394	0.01144	0.00869	0.00778	0.01144	0.01327	0.00640	0.01738	0.01006	0.02653	0.00823	0.00961	0.00640	0.00549	0.00366	0.00183	0.00457	0.00320	0.00366	0.00640
26	0.00860	0.00573	0.00645	0.00645	0.00645	0.00573	0.00358	0.00860	0.00860	0.01147	0.01863	0.03870	0.02150	0.79217	0.03010	0.00573	0.00573	0.00860	0.00358	0.00358
27	0.83394	0.01144	0.00869	0.00778	0.01144	0.01327	0.00640	0.01738	0.01006	0.02653	0.00823	0.00961	0.00640	0.00549	0.00366	0.00183	0.00457	0.00320	0.00366	0.00640
28	0.01721	0.62428	0.02781	0.01126	0.01587	0.18981	0.01041	0.01903	0.01308	0.01404	0.00843	0.00975	0.00760	0.00529	0.00414	0.00132	0.00729	0.00331	0.00265	0.00743
29	0.01564	0.01317	0.01390	0.01222	0.01573	0.01515	0.00959	0.11615	0.65835	0.02625	0.02288	0.02112	0.01709	0.00791	0.00601	0.00198	0.00490	0.00652	0.00601	0.00944
30	0.01102	0.00551	0.00551	0.00551	0.00689	0.00551	0.00413	0.01378	0.01240	0.02205	0.01929	0.02205	0.01516	0.00689	0.00413	0.00138	0.00276	0.00551	0.82500	0.00551
31	0.01118	0.01041	0.01587	0.02261	0.41775	0.00996	0.01198	0.01379	0.01347	0.01781	0.03316	0.03373	0.34519	0.00965	0.00637	0.00187	0.00521	0.00853	0.00409	0.00739
32	0.00856	0.00590	0.00729	0.00729	0.00758	0.00619	0.00463	0.00914	0.00885	0.01209	0.01786	0.03443	0.01965	0.58594	0.23379	0.00677	0.00852	0.00798	0.00347	0.00405
33	0.00732	0.00523	0.00699	0.00836	0.00876	0.00490	0.00569	0.00843	0.01143	0.01522	0.03253	0.75331	0.03887	0.01842	0.00758	0.00242	0.00353	0.05070	0.00549	0.00483
34	0.01294	0.01294	0.01811	0.01553	0.01553	0.01811	0.01294	0.01423	0.00906	0.01423	0.00776	0.01294	0.00776	0.01035	0.01941	0.00259	0.78134	0.00518	0.00259	0.00647
35	0.01581	0.79572	0.03099	0.01012	0.01518	0.02340	0.01012	0.01771	0.01202	0.01391	0.00822	0.00949	0.00759	0.00506	0.00379	0.00126	0.00632	0.00316	0.00253	0.00759
36	0.01117	0.01051	0.01774	0.77795	0.04073	0.01314	0.01642	0.01511	0.01182	0.01511	0.01051	0.01577	0.00788	0.00591	0.00591	0.00197	0.00788	0.00526	0.00263	0.00657
37	0.02042	0.01575	0.01764	0.01390	0.01771	0.01815	0.01148	0.57512	0.05276	0.03254	0.01341	0.01428	0.00995	0.00773	0.00840	0.00193	0.14881	0.00535	0.00531	0.00937
38	0.01581	0.79572	0.03099	0.01012	0.01518	0.02340	0.01012	0.01771	0.01202	0.01391	0.00822	0.00949	0.00759	0.00506	0.00379	0.00126	0.00632	0.00316	0.00253	0.00759
39	0.00845	0.00634	0.00950	0.00950	0.01056	0.00739	0.00739	0.01056	0.00950	0.01373	0.01584	0.02323	0.01478	0.04435	0.76873	0.00950	0.01584	0.00634	0.00317	0.00528
40	0.01464	0.01405	0.02400	0.03630	0.75528	0.01405	0.01815	0.01815	0.01347	0.01932	0.01112	0.01464	0.00937	0.00527	0.00585	0.00176	0.00703	0.00527	0.00293	0.00937
41	0.20348	0.01530	0.01559	0.01225	0.01670	0.01709	0.01010	0.55266	0.04673	0.03447	0.01318	0.01342	0.00950	0.00677	0.00542	0.00179	0.00602	0.00489	0.00542	0.00922
42	0.83394	0.01144	0.00869	0.00778	0.01144	0.01327	0.00640	0.01738	0.01006	0.02653	0.00823	0.00961	0.00640	0.00549	0.00366	0.00183	0.00457	0.00320	0.00366	0.00640
43	0.01027	0.00514	0.00770	0.00770	0.00770	0.00514	0.00514	0.00770	0.00770	0.01027	0.01027	0.01798	0.01027	0.02054	0.02311	0.82794	0.00514	0.00514	0.00257	0.00257
44	0.01426	0.01509	0.02998	0.03006	0.35808	0.01455	0.41056	0.01858	0.01374	0.01911	0.01158	0.01536	0.00915	0.00511	0.00647	0.00189	0.00864	0.00621	0.00296	0.00860
45	0.00703	0.00582	0.00617	0.00644	0.00811	0.00495	0.00469	0.00844	0.01305	0.01580	0.05443	0.20351	0.60981	0.01569	0.00710	0.00208	0.00308	0.01335	0.00549	0.00495
46	0.01205	0.06770	0.72609	0.01653	0.02509	0.01420	0.02128	0.01868	0.01246	0.01849	0.01050	0.01234	0.00750	0.00559	0.00553	0.00184	0.00862	0.00431	0.00250	0.00868
47	0.01510	0.01691	0.02843	0.08414	0.19319	0.12605	0.41020	0.01916	0.01410	0.01807	0.01124	0.01486	0.00878	0.00528	0.00640	0.00187	0.00925	0.00599	0.00296	0.00802
48	0.01186	0.03059	0.76153	0.01686	0.02560	0.01373	0.02185	0.01873	0.01249	0.01873	0.01061	0.01249	0.00749	0.00562	0.00562	0.00187	0.00874	0.00437	0.00250	0.00874
49	0.00945	0.00568	0.00852	0.00852	0.00899	0.00616	0.00616	0.00899	0.00852	0.01183	0.01279	0.02035	0.01231	0.03130	0.35989	0.45828	0.00997	0.00568	0.00284	0.00379
50	0.01269	0.02724	0.57328	0.01860	0.02652	0.04058	0.18023	0.01895	0.01296	0.01863	0.01086	0.01319	0.00783	0.00549	0.00591	0.00189	0.00908	0.00493	0.00263	0.00850
51	0.01341	0.07284	0.38027	0.02007	0.04694	0.01473	0.30972	0.01899	0.01319	0.03728	0.01134	0.01395	0.00833	0.00536	0.00607	0.00188	0.00894	0.00542	0.00283	0.00841
52	0.01404	0.01420	0.10080	0.02491	0.35210	0.01206	0.13305	0.01767	0.01347	0.08599	0.01625	0.12391	0.01486	0.00780	0.00637	0.00195	0.00694	0.04155	0.00377	0.00832
53	0.01270	0.01349	0.02715	0.36505	0.03534	0.01413	0.40978	0.01721	0.01299	0.01721	0.01131	0.01587	0.00848	0.00540	0.00650	0.00198	0.00903	0.00620	0.00283	0.00734
54	0.01685	0.01436	0.04972	0.03004	0.56128	0.01370	0.01639	0.08454	0.01519	0.12082	0.01303	0.01526	0.01007	0.00572	0.00586	0.00177	0.00677	0.00533	0.00377	0.00950
55	0.01410	0.01211	0.03961	0.37697	0.26876	0.01267	0.03399	0.01770	0.01303	0.10623	0.01307	0.04304	0.01030	0.00628	0.00597	0.00190	0.00718	0.00577	0.00340	0.00793
56	0.01718	0.12153	0.02261	0.02611	0.42199	0.25665	0.01494	0.01984	0.01433	0.01706	0.01011	0.01269	0.00857	0.00551	0.00542	0.00162	0.00810	0.00452	0.00291	0.00833
57	0.01260	0.05590	0.32541	0.19151	0.07680	0.01437	0.20394	0.01788	0.01276	0.01779	0.01086	0.01412	0.00809	0.00547	0.00597	0.00189	0.00865	0.00525	0.00268	0.00804
58	0.02075	0.01429	0.09971	0.01439	0.04051	0.05911	0.12132	0.04063	0.01569	0.41923	0.01942	0.07761	0.01417	0.00750	0.00615	0.00188	0.00653	0.00661	0.00554	0.00896
59	0.01195	0.06045	0.01624	0.02023	0.31498	0.01080	0.01140	0.06764	0.01348	0.01842	0.02087	0.36372	0.02274	0.01138	0.00649	0.00202	0.00532	0.01035	0.00428	0.00724
60	0.01017	0.00896	0.03923	0.33813	0.04170	0.00924	0.01140	0.01294	0.01223	0.04510	0.02389	0.25808	0.08811	0.01141	0.00667	0.00215	0.00579	0.06453	0.00417	0.00609
61	0.01433	0.04186	0.02465	0.11070	0.35610	0.04030	0.20593	0.01798	0.01361	0.04594	0.01470	0.01771	0.05695	0.00599	0.00614	0.00184	0.00767	0.00608	0.00323	0.00828

[dist]
# distance from previous block
# <min> <max>
23	70

[block]
# block no. 5 follows, 39 sequences, length 69
# corresponding to MSA columns:
# 374-417,431-437,446-463
name=unknown_F
#
# <colnr> <probs for GDERKNQSTAVLIFYWHMCP>
#	G	D	E	R	K	N	Q	S	T	A	V	L	I	F	Y	W	H	M	C	P
0	0.01765	0.33119	0.18800	0.01137	0.01682	0.01550	0.01185	0.02085	0.01358	0.23232	0.01405	0.01428	0.01023	0.00599	0.00486	0.00157	0.00620	0.00443	0.07086	0.00840
1	0.08998	0.34663	0.02325	0.21141	0.10618	0.03620	0.01245	0.07918	0.01343	0.01802	0.00968	0.01214	0.00797	0.00554	0.00478	0.00160	0.00677	0.00415	0.00301	0.00762
2	0.06920	0.09122	0.42257	0.02024	0.19900	0.06251	0.01824	0.01872	0.01279	0.01871	0.01027	0.01243	0.00789	0.00551	0.00537	0.00177	0.00796	0.00437	0.00272	0.00851
3	0.01399	0.15030	0.08118	0.01143	0.01459	0.22472	0.00976	0.01730	0.07674	0.01608	0.02257	0.18131	0.11118	0.01013	0.00593	0.00184	0.00656	0.03366	0.00407	0.00665
4	0.13554	0.10884	0.08000	0.01650	0.10072	0.27357	0.07103	0.09371	0.01527	0.01968	0.01021	0.01239	0.00830	0.02325	0.00574	0.00175	0.00814	0.00438	0.00332	0.00766
5	0.00730	0.00547	0.00678	0.00758	0.00847	0.00495	0.00526	0.00867	0.01254	0.01640	0.13046	0.51501	0.21592	0.01684	0.00734	0.00223	0.00324	0.01498	0.00562	0.00495
6	0.01226	0.01051	0.01226	0.00876	0.01401	0.00788	0.00701	0.01489	0.01226	0.01927	0.01051	0.01226	0.00876	0.00438	0.00438	0.00088	0.00438	0.00350	0.00350	0.82832
7	0.00859	0.00578	0.00670	0.00670	0.00678	0.00587	0.00389	0.00876	0.00867	0.01165	0.01841	0.03744	0.02095	0.73130	0.09022	0.00604	0.00656	0.00842	0.00355	0.00372
8	0.02435	0.01027	0.01325	0.01030	0.01453	0.00940	0.00846	0.10472	0.01761	0.59766	0.02188	0.01969	0.01419	0.00725	0.00574	0.00177	0.00494	0.00583	0.09859	0.00955
9	0.01102	0.00551	0.00551	0.00551	0.00689	0.00551	0.00413	0.01378	0.01240	0.02205	0.01929	0.02205	0.01516	0.00689	0.00413	0.00138	0.00276	0.00551	0.82500	0.00551
10	0.00717	0.00543	0.00662	0.00753	0.00840	0.00488	0.00519	0.00838	0.01211	0.01557	0.05818	0.54745	0.25714	0.01729	0.00736	0.00227	0.00328	0.01534	0.00551	0.00488
11	0.01625	0.01450	0.08052	0.02631	0.45500	0.01306	0.01532	0.09905	0.01545	0.11908	0.01699	0.01856	0.07008	0.00656	0.00595	0.00180	0.00652	0.00587	0.00402	0.00913
12	0.01102	0.00551	0.00551	0.00551	0.00689	0.00551	0.00413	0.01378	0.01240	0.02205	0.01929	0.02205	0.01516	0.00689	0.00413	0.00138	0.00276	0.00551	0.82500	0.00551
13	0.01368	0.01307	0.02227	0.24124	0.55783	0.01380	0.01767	0.01731	0.01301	0.01816	0.01095	0.01495	0.00896	0.00545	0.00587	0.00182	0.00726	0.00527	0.00284	0.00859
14	0.01390	0.01564	0.09562	0.10504	0.47961	0.01410	0.15286	0.01806	0.01330	0.01878	0.01117	0.01479	0.00897	0.00531	0.00605	0.00183	0.00783	0.00550	0.00287	0.00877
15	0.01454	0.01148	0.01846	0.02591	0.47814	0.01121	0.01366	0.01723	0.01329	0.11613	0.01801	0.10579	0.04881	0.07152	0.00808	0.00217	0.00607	0.00725	0.00397	0.00828
16	0.01027	0.00514	0.00770	0.00770	0.00770	0.00514	0.00514	0.00770	0.00770	0.01027	0.01027	0.01798	0.01027	0.02054	0.02311	0.82794	0.00514	0.00514	0.00257	0.00257
17	0.01457	0.07710	0.02130	0.13935	0.41566	0.04973	0.01528	0.02041	0.15063	0.01905	0.01314	0.01560	0.01055	0.00590	0.00570	0.00178	0.00682	0.00530	0.00344	0.00869
18	0.01053	0.01401	0.22912	0.01112	0.01487	0.00884	0.01085	0.01512	0.08852	0.05045	0.03833	0.33490	0.07369	0.01190	0.00650	0.00205	0.00521	0.01039	0.00464	0.05896
19	0.01414	0.26744	0.45994	0.01449	0.02163	0.04046	0.01715	0.06806	0.01353	0.01838	0.01007	0.01161	0.00770	0.00556	0.00506	0.00167	0.00789	0.00404	0.00276	0.00841
20	0.01058	0.00760	0.01019	0.01111	0.01274	0.00774	0.00967	0.07071	0.01476	0.01928	0.02993	0.06246	0.03210	0.01559	0.00799	0.00265	0.00553	0.65808	0.00548	0.00582
21	0.02135	0.02694	0.01687	0.01526	0.01806	0.70735	0.01155	0.02285	0.01613	0.01445	0.00903	0.01085	0.00763	0.00644	0.00648	0.00161	0.07339	0.00392	0.00301	0.00682
22	0.01226	0.01051	0.01226	0.00876	0.01401	0.00788	0.00701	0.01489	0.01226	0.01927	0.01051	0.01226	0.00876	0.00438	0.00438	0.00088	0.00438	0.00350	0.00350	0.82832
23	0.01338	0.00991	0.01127	0.00952	0.01222	0.01020	0.00752	0.27729	0.02038	0.02768	0.38895	0.03484	0.13135	0.01064	0.00659	0.00185	0.00418	0.00896	0.00616	0.00715
24	0.00926	0.00680	0.00938	0.00997	0.06983	0.00637	0.00680	0.01210	0.01636	0.03681	0.65211	0.04214	0.05046	0.01160	0.00691	0.00188	0.00327	0.03577	0.00619	0.00597
25	0.01410	0.01209	0.01284	0.01173	0.01482	0.01390	0.00905	0.02954	0.68491	0.02395	0.02476	0.08443	0.01977	0.00888	0.00614	0.00204	0.00458	0.00751	0.00597	0.00899
26	0.01489	0.01981	0.29042	0.15150	0.02439	0.01494	0.01567	0.19248	0.17222	0.02380	0.01432	0.01553	0.01043	0.00654	0.00583	0.00190	0.00719	0.00525	0.00409	0.00880
27	0.01102	0.00551	0.00551	0.00551	0.00689	0.00551	0.00413	0.01378	0.01240	0.02205	0.01929	0.02205	0.01516	0.00689	0.00413	0.00138	0.00276	0.00551	0.82500	0.00551
28	0.42985	0.01125	0.00997	0.00903	0.01184	0.04505	0.00709	0.11948	0.01307	0.02372	0.01415	0.06233	0.01361	0.13555	0.00897	0.00255	0.00533	0.06665	0.00420	0.00632
29	0.01294	0.01294	0.01811	0.01553	0.01553	0.01811	0.01294	0.01423	0.00906	0.01423	0.00776	0.01294	0.00776	0.01035	0.01941	0.00259	0.78134	0.00518	0.00259	0.00647
30	0.00845	0.00634	0.00950	0.00950	0.01056	0.00739	0.00739	0.01056	0.00950	0.01373	0.01584	0.02323	0.01478	0.04435	0.76873	0.00950	0.01584	0.00634	0.00317	0.00528
31	0.00858	0.00579	0.00675	0.00675	0.00686	0.00590	0.00396	0.00880	0.00869	0.01169	0.01836	0.03716	0.02083	0.71772	0.10363	0.00611	0.00674	0.00837	0.00354	0.00375
32	0.01102	0.00551	0.00551	0.00551	0.00689	0.00551	0.00413	0.01378	0.01240	0.02205	0.01929	0.02205	0.01516	0.00689	0.00413	0.00138	0.00276	0.00551	0.82500	0.00551
33	0.01203	0.02940	0.70238	0.01751	0.02603	0.01383	0.07980	0.01875	0.01261	0.01875	0.01072	0.01277	0.00761	0.00557	0.00573	0.00188	0.00884	0.00458	0.00254	0.00868
34	0.01529	0.10145	0.02180	0.14074	0.38198	0.01560	0.01508	0.11421	0.09752	0.02106	0.01257	0.01501	0.01001	0.00590	0.00566	0.00176	0.00674	0.00520	0.00358	0.00883
35	0.01102	0.00551	0.00551	0.00551	0.00689	0.00551	0.00413	0.01378	0.01240	0.02205	0.01929	0.02205	0.01516	0.00689	0.00413	0.00138	0.00276	0.00551	0.82500	0.00551
36	0.01748	0.00856	0.01060	0.00884	0.01143	0.00801	0.00660	0.07763	0.01452	0.34179	0.05545	0.03002	0.06860	0.29675	0.01495	0.00327	0.00518	0.00752	0.00567	0.00714
37	0.00777	0.00610	0.00708	0.00718	0.00870	0.00566	0.00542	0.00941	0.01262	0.01594	0.10211	0.04995	0.42930	0.10949	0.11934	0.00358	0.00540	0.08498	0.00501	0.00497
38	0.01464	0.08749	0.29993	0.11951	0.14325	0.01512	0.02886	0.11844	0.05858	0.04100	0.01215	0.01409	0.00906	0.00594	0.00564	0.00181	0.00751	0.00489	0.00341	0.00870
39	0.01581	0.01062	0.01379	0.01234	0.01461	0.01191	0.01039	0.15391	0.01576	0.15467	0.02076	0.03462	0.01936	0.01259	0.03684	0.00259	0.18023	0.26668	0.00515	0.00739
40	0.00850	0.00611	0.00838	0.00838	0.00905	0.00678	0.00599	0.00984	0.00917	0.01290	0.01687	0.02892	0.01725	0.31945	0.49701	0.00812	0.01212	0.00717	0.00332	0.00466
41	0.01817	0.01564	0.02485	0.04237	0.04180	0.01610	0.31867	0.33434	0.04938	0.05726	0.01383	0.01556	0.01002	0.00617	0.00637	0.00189	0.00790	0.00610	0.00456	0.00902
42	0.01444	0.01414	0.02188	0.12719	0.38692	0.04743	0.09940	0.02089	0.16811	0.01965	0.01379	0.01634	0.01088	0.00594	0.00601	0.00186	0.00715	0.00570	0.00355	0.00872
43	0.01975	0.10890	0.01766	0.01365	0.01708	0.42779	0.01075	0.15016	0.07644	0.01927	0.01170	0.01311	0.00948	0.00943	0.06746	0.00223	0.00937	0.00445	0.00375	0.00759
44	0.07924	0.01069	0.01488	0.01926	0.28523	0.01088	0.01150	0.07333	0.04814	0.02050	0.02547	0.06665	0.14913	0.01010	0.00643	0.00204	0.00548	0.14919	0.00445	0.00741
45	0.01464	0.01405	0.02400	0.03630	0.75528	0.01405	0.01815	0.01815	0.01347	0.01932	0.01112	0.01464	0.00937	0.00527	0.00585	0.00176	0.00703	0.00527	0.00293	0.00937
46	0.01102	0.00551	0.00551	0.00551	0.00689	0.00551	0.00413	0.01378	0.01240	0.02205	0.01929	0.02205	0.01516	0.00689	0.00413	0.00138	0.00276	0.00551	0.82500	0.00551
47	0.01257	0.00899	0.00961	0.00851	0.01042	0.06876	0.00604	0.01378	0.01127	0.11257	0.01839	0.02819	0.04495	0.35834	0.12953	0.00452	0.00722	0.00687	0.00403	0.13542
48	0.01491	0.01434	0.02609	0.03283	0.56631	0.01406	0.17857	0.01871	0.01370	0.04548	0.01175	0.01513	0.00947	0.00528	0.00611	0.00181	0.00762	0.00568	0.00310	0.00908
49	0.01102	0.00551	0.00551	0.00551	0.00689	0.00551	0.00413	0.01378	0.01240	0.02205	0.01929	0.02205	0.01516	0.00689	0.00413	0.00138	0.00276	0.00551	0.82500	0.00551
50	0.63843	0.04708	0.01185	0.01078	0.06263	0.04913	0.00812	0.01748	0.01061	0.02394	0.00843	0.01026	0.00682	0.00588	0.00516	0.00185	0.06788	0.00353	0.00345	0.00668
51	0.01021	0.00853	0.03353	0.01199	0.09453	0.00799	0.00804	0.07033	0.04797	0.01958	0.17981	0.31092	0.05651	0.07663	0.00881	0.00240	0.00442	0.03640	0.00523	0.00617
52	0.01422	0.01617	0.15495	0.01680	0.02217	0.01277	0.27751	0.06522	0.10099	0.07080	0.10578	0.01942	0.01602	0.00658	0.00627	0.00184	0.00723	0.00648	0.00421	0.07455
53	0.01115	0.01011	0.01575	0.01351	0.01615	0.01032	0.18624	0.01793	0.23502	0.01898	0.02491	0.36480	0.02528	0.01199	0.00694	0.00218	0.00542	0.01131	0.00503	0.00697
54	0.01835	0.30981	0.02545	0.01483	0.01940	0.24411	0.14042	0.12694	0.01614	0.01847	0.01006	0.01170	0.00821	0.00566	0.00514	0.00155	0.00830	0.00436	0.00327	0.00781
55	0.83394	0.01144	0.00869	0.00778	0.01144	0.01327	0.00640	0.01738	0.01006	0.02653	0.00823	0.00961	0.00640	0.00549	0.00366	0.00183	0.00457	0.00320	0.00366	0.00640
56	0.00699	0.00599	0.00599	0.00599	0.00799	0.00499	0.00449	0.00849	0.01348	0.01598	0.05991	0.05691	0.75288	0.01498	0.00699	0.00200	0.00300	0.01248	0.00549	0.00499
57	0.00887	0.00623	0.00825	0.00926	0.01009	0.00617	0.00726	0.01058	0.01190	0.01561	0.02824	0.18847	0.03168	0.21852	0.01376	0.00345	0.00516	0.40668	0.00497	0.00485
58	0.02209	0.02819	0.01676	0.01524	0.01828	0.76843	0.01143	0.02361	0.01676	0.01447	0.00914	0.01066	0.00762	0.00609	0.00533	0.00152	0.01066	0.00381	0.00305	0.00686
59	0.01647	0.01289	0.07579	0.04718	0.06731	0.01139	0.04403	0.09342	0.13805	0.18611	0.11920	0.02078	0.01819	0.00724	0.00590	0.00174	0.00551	0.00619	0.00525	0.11735
60	0.02653	0.01006	0.01372	0.01052	0.01510	0.00869	0.00869	0.02882	0.01693	0.75937	0.02333	0.02013	0.01464	0.00732	0.00595	0.00183	0.00503	0.00595	0.00732	0.01006
61	0.01407	0.01539	0.08318	0.01792	0.02171	0.02785	0.29508	0.09742	0.04749	0.01920	0.01237	0.01752	0.01050	0.09561	0.01225	0.00252	0.19282	0.00627	0.00339	0.00746
62	0.02086	0.10786	0.01919	0.01777	0.16295	0.34985	0.01202	0.04627	0.01597	0.17375	0.01260	0.01344	0.00953	0.00611	0.00541	0.00161	0.00813	0.00453	0.00396	0.00822
63	0.00727	0.00578	0.00653	0.00681	0.00828	0.00504	0.00493	0.00886	0.01345	0.01702	0.16627	0.24548	0.45255	0.01543	0.00713	0.00208	0.00308	0.01332	0.00566	0.00504
64	0.00806	0.00902	0.09222	0.00875	0.01124	0.00645	0.04055	0.01035	0.01325	0.01706	0.12084	0.21473	0.39764	0.01396	0.00696	0.00206	0.00404	0.01211	0.00515	0.00557
65	0.01445	0.33180	0.14608	0.06695	0.29566	0.01772	0.01541	0.01788	0.01262	0.01679	0.00983	0.01228	0.00826	0.00528	0.00499	0.00159	0.00707	0.00427	0.00268	0.00838
66	0.00906	0.00778	0.01099	0.01469	0.20257	0.00728	0.00841	0.01091	0.01269	0.01652	0.03726	0.31266	0.29918	0.01375	0.00690	0.00208	0.00420	0.01218	0.00482	0.00606
67	0.00746	0.00540	0.00705	0.00793	0.00861	0.00499	0.00546	0.00892	0.01268	0.01712	0.19898	0.57890	0.08084	0.01686	0.00739	0.00226	0.00326	0.01518	0.00572	0.00499
