[name]
unknown

[dist]
# distance from previous block
# <min> <max>
0	7

[block]
# block no. 0 follows, 47 sequences, length 41
# corresponding to MSA columns:
# 7-47
name=unknown_A
#
# <colnr> <probs for GDERKNQSTAVLIFYWHMCP>
#	G	D	E	R	K	N	Q	S	T	A	V	L	I	F	Y	W	H	M	C	P
0	0.00756	0.00569	0.00669	0.00696	0.00792	0.00557	0.00494	0.01001	0.08658	0.01452	0.10721	0.24281	0.17869	0.20764	0.01122	0.00270	0.00365	0.08056	0.00456	0.00453
1	0.00773	0.00514	0.00638	0.00663	0.00746	0.00475	0.00454	0.00887	0.01096	0.05751	0.17907	0.35007	0.13465	0.17946	0.01050	0.00255	0.00335	0.01119	0.00476	0.00443
2	0.26294	0.04225	0.01265	0.08878	0.01550	0.07910	0.00854	0.19932	0.12862	0.05109	0.01148	0.01217	0.00860	0.00558	0.00445	0.00155	0.00526	0.00406	0.00395	0.05409
3	0.01524	0.01619	0.01473	0.01257	0.01484	0.28471	0.02137	0.09969	0.10290	0.01641	0.00986	0.01175	0.00818	0.00667	0.00864	0.00166	0.25735	0.00419	0.00318	0.08986
4	0.00639	0.00515	0.00569	0.00583	0.00725	0.00445	0.00427	0.00783	0.01202	0.01508	0.17138	0.18107	0.52872	0.01330	0.00624	0.00180	0.00267	0.01139	0.00499	0.00445
5	0.01080	0.00926	0.01080	0.00771	0.01234	0.00694	0.00617	0.01311	0.01080	0.01697	0.00926	0.01080	0.00771	0.00386	0.00386	0.00077	0.00386	0.00309	0.00309	0.84882
6	0.00879	0.00695	0.00842	0.00730	0.00974	0.00578	0.00538	0.01041	0.01015	0.01498	0.02913	0.26889	0.01842	0.09036	0.05126	0.00207	0.00421	0.00754	0.02739	0.41283
7	0.00711	0.00545	0.00661	0.00671	0.00815	0.00495	0.00530	0.00911	0.01300	0.01702	0.32740	0.04770	0.33509	0.01247	0.00638	0.00185	0.00304	0.17279	0.00517	0.00468
8	0.01295	0.01119	0.01178	0.01060	0.01354	0.01295	0.00824	0.02767	0.77509	0.02178	0.02120	0.01943	0.01590	0.00707	0.00530	0.00177	0.00412	0.00589	0.00530	0.00824
9	0.01027	0.00970	0.01641	0.69438	0.14255	0.01168	0.01468	0.01369	0.01062	0.01383	0.00933	0.01374	0.00713	0.00513	0.00520	0.00171	0.00683	0.00463	0.00235	0.00614
10	0.00837	0.00536	0.00658	0.00659	0.00779	0.00493	0.00483	0.01002	0.01200	0.07092	0.24448	0.20889	0.16554	0.08585	0.00787	0.00208	0.00312	0.05128	0.08873	0.00478
11	0.00757	0.00540	0.00777	0.00789	0.00879	0.00611	0.00604	0.00939	0.00880	0.01298	0.01574	0.09927	0.01519	0.03333	0.63461	0.00700	0.01165	0.00642	0.09144	0.00463
12	0.00641	0.00466	0.00592	0.00690	0.00736	0.00431	0.00461	0.00730	0.01003	0.01316	0.03073	0.66531	0.12385	0.07332	0.00801	0.00228	0.00312	0.01382	0.00471	0.00417
13	0.01062	0.00745	0.00826	0.00740	0.00950	0.00733	0.00566	0.11449	0.08906	0.08773	0.09946	0.03618	0.33484	0.12092	0.00868	0.00218	0.00376	0.03587	0.00493	0.00568
14	0.01087	0.00773	0.00878	0.00817	0.01012	0.00796	0.00618	0.12785	0.15317	0.06302	0.10194	0.25985	0.13251	0.01081	0.00577	0.00178	0.00356	0.00932	0.06455	0.00606
15	0.01984	0.01356	0.01482	0.01140	0.01544	0.01475	0.00941	0.65316	0.02287	0.11988	0.01360	0.01336	0.00949	0.00627	0.00515	0.00156	0.00546	0.00476	0.03651	0.00871
16	0.01303	0.01040	0.01127	0.00989	0.01252	0.01161	0.00765	0.19086	0.41213	0.02268	0.09474	0.08747	0.01935	0.06387	0.00694	0.00196	0.00429	0.00683	0.00513	0.00737
17	0.09567	0.00682	0.00773	0.00695	0.00907	0.00646	0.00529	0.03238	0.02345	0.20414	0.08629	0.10748	0.21653	0.08946	0.00745	0.00201	0.00356	0.00795	0.07560	0.00571
18	0.00642	0.00459	0.00611	0.00720	0.00757	0.00428	0.00484	0.00743	0.01031	0.01383	0.08204	0.75871	0.03548	0.01591	0.00661	0.00208	0.00298	0.01442	0.00490	0.00428
19	0.00839	0.00599	0.00839	0.00959	0.01079	0.00599	0.00839	0.01079	0.01199	0.01558	0.02757	0.05874	0.02997	0.01439	0.00719	0.00240	0.00480	0.74945	0.00480	0.00480
20	0.00908	0.00578	0.00722	0.00680	0.00840	0.00523	0.00511	0.01130	0.03103	0.11350	0.40826	0.14434	0.20124	0.01137	0.00608	0.00173	0.00286	0.00990	0.00549	0.00527
21	0.00646	0.00461	0.00617	0.00738	0.00773	0.00433	0.00503	0.00745	0.01008	0.01342	0.02864	0.77144	0.03419	0.01621	0.00668	0.00213	0.00312	0.05582	0.00483	0.00426
22	0.01003	0.00548	0.00554	0.00543	0.00681	0.00566	0.00410	0.01368	0.08696	0.01965	0.01741	0.01942	0.01360	0.00617	0.00381	0.00127	0.00260	0.00496	0.76225	0.00519
23	0.01717	0.01328	0.01415	0.01145	0.01515	0.01492	0.00926	0.48292	0.31298	0.02858	0.01584	0.01517	0.01156	0.00656	0.00524	0.00164	0.00511	0.00515	0.00524	0.00862
24	0.00637	0.00454	0.00603	0.00721	0.00751	0.00425	0.00479	0.00726	0.00991	0.01322	0.02842	0.79540	0.03408	0.03499	0.00711	0.00218	0.00307	0.01464	0.00479	0.00420
25	0.01289	0.58514	0.25324	0.01067	0.01608	0.01808	0.01197	0.01586	0.01070	0.01351	0.00786	0.00914	0.00666	0.00460	0.00382	0.00127	0.00620	0.00310	0.00222	0.00698
26	0.00633	0.00521	0.00557	0.00563	0.00718	0.00445	0.00417	0.00775	0.01205	0.01486	0.14303	0.12466	0.61475	0.01318	0.00620	0.00178	0.00265	0.01117	0.00495	0.00445
27	0.00638	0.00520	0.00565	0.00572	0.00722	0.00447	0.00422	0.00785	0.01214	0.01514	0.17398	0.13672	0.57094	0.01312	0.00621	0.00178	0.00265	0.01117	0.00499	0.00447
28	0.01980	0.01459	0.01563	0.01198	0.01615	0.01615	0.00990	0.76713	0.02448	0.03282	0.01250	0.01250	0.00886	0.00625	0.00521	0.00156	0.00573	0.00469	0.00521	0.00886
29	0.01080	0.00926	0.01080	0.00771	0.01234	0.00694	0.00617	0.01311	0.01080	0.01697	0.00926	0.01080	0.00771	0.00386	0.00386	0.00077	0.00386	0.00309	0.00309	0.84882
30	0.00693	0.00483	0.00613	0.00676	0.00701	0.00477	0.00436	0.00758	0.00889	0.01195	0.02251	0.43507	0.02635	0.32631	0.09286	0.00386	0.00489	0.01111	0.00399	0.00386
31	0.01968	0.01805	0.01533	0.01247	0.01613	0.27988	0.00995	0.51476	0.02120	0.02603	0.01100	0.01145	0.00813	0.00595	0.00504	0.00149	0.00697	0.00424	0.00436	0.00790
32	0.00634	0.00453	0.00604	0.00725	0.00755	0.00423	0.00483	0.00725	0.00997	0.01329	0.02870	0.81358	0.03444	0.01632	0.00665	0.00211	0.00302	0.01480	0.00483	0.00423
33	0.00744	0.00558	0.00837	0.00837	0.00930	0.00651	0.00651	0.00930	0.00837	0.01209	0.01395	0.02046	0.01302	0.03906	0.79635	0.00837	0.01395	0.00558	0.00279	0.00465
34	0.00721	0.00519	0.00681	0.00778	0.00852	0.00498	0.00590	0.00861	0.01065	0.01389	0.02927	0.38667	0.09993	0.09498	0.00878	0.00248	0.00384	0.28550	0.00465	0.00435
35	0.01898	0.10170	0.01620	0.01265	0.01584	0.54739	0.00991	0.18441	0.01648	0.01711	0.00895	0.00997	0.00718	0.00547	0.00467	0.00137	0.00821	0.00359	0.00319	0.00672
36	0.00900	0.00513	0.00734	0.00701	0.00761	0.00496	0.00489	0.00778	0.00769	0.01065	0.04437	0.01679	0.01109	0.01826	0.08933	0.64879	0.00523	0.00470	0.00255	0.08683
37	0.01433	0.01617	0.01653	0.01447	0.04505	0.31577	0.16370	0.01873	0.15219	0.01543	0.01391	0.12700	0.01265	0.00718	0.00596	0.00166	0.04327	0.00612	0.00344	0.00645
38	0.00821	0.00507	0.00676	0.00751	0.00822	0.00471	0.00524	0.00927	0.01047	0.09037	0.02727	0.65710	0.03135	0.05134	0.00743	0.00221	0.00335	0.05454	0.00492	0.00467
39	0.00731	0.00558	0.00675	0.00641	0.00785	0.00514	0.00482	0.01003	0.04830	0.01919	0.56207	0.04087	0.23410	0.01113	0.00611	0.00167	0.00258	0.00966	0.00549	0.00493
40	0.00731	0.00534	0.00654	0.00696	0.00754	0.00536	0.00467	0.00908	0.06353	0.01305	0.04434	0.36399	0.08023	0.26351	0.09118	0.00358	0.00477	0.01062	0.00417	0.00426

[dist]
# distance from previous block
# <min> <max>
1	2

[block]
# block no. 1 follows, 47 sequences, length 36
# corresponding to MSA columns:
# 50-85
name=unknown_B
#
# <colnr> <probs for GDERKNQSTAVLIFYWHMCP>
#	G	D	E	R	K	N	Q	S	T	A	V	L	I	F	Y	W	H	M	C	P
0	0.31992	0.01010	0.01240	0.01287	0.12391	0.01215	0.00906	0.01398	0.00912	0.04517	0.00878	0.01191	0.00758	0.01041	0.09642	0.02950	0.25384	0.00407	0.00288	0.00594
1	0.01165	0.01856	0.29654	0.01946	0.02558	0.01279	0.50430	0.01662	0.01184	0.01662	0.01012	0.01298	0.00744	0.00459	0.00573	0.00172	0.00840	0.00534	0.00248	0.00726
2	0.00710	0.00532	0.00696	0.00690	0.00800	0.00526	0.00515	0.00893	0.01155	0.01584	0.31720	0.09627	0.17010	0.05599	0.25137	0.00393	0.00620	0.00886	0.00447	0.00461
3	0.00905	0.00452	0.00678	0.00678	0.00678	0.00452	0.00452	0.00678	0.00678	0.00905	0.00905	0.01583	0.00905	0.01809	0.02035	0.84848	0.00452	0.00452	0.00226	0.00226
4	0.00983	0.00926	0.01562	0.80447	0.03587	0.01157	0.01446	0.01331	0.01041	0.01331	0.00926	0.01388	0.00694	0.00521	0.00521	0.00174	0.00694	0.00463	0.00231	0.00579
5	0.00638	0.00464	0.00602	0.00703	0.00752	0.00428	0.00476	0.00740	0.01038	0.01373	0.06722	0.70484	0.10513	0.01575	0.00658	0.00206	0.00296	0.01419	0.00488	0.00428
6	0.00785	0.00547	0.00635	0.00608	0.00758	0.00484	0.00447	0.00942	0.01246	0.06747	0.27818	0.07856	0.38374	0.09459	0.00820	0.00206	0.00297	0.00993	0.00506	0.00472
7	0.01360	0.01151	0.01214	0.01073	0.01379	0.01326	0.00840	0.09757	0.70414	0.02283	0.02037	0.01877	0.01523	0.00699	0.00529	0.00175	0.00427	0.00577	0.00529	0.00830
8	0.01118	0.00627	0.00642	0.00589	0.00754	0.00650	0.00455	0.12211	0.01290	0.02137	0.01633	0.01841	0.01269	0.00609	0.00387	0.00126	0.00291	0.00483	0.72344	0.00544
9	0.00754	0.00509	0.00587	0.00581	0.00599	0.00503	0.00341	0.00790	0.00862	0.01167	0.12789	0.03478	0.02333	0.69953	0.02354	0.00455	0.00467	0.00784	0.00353	0.00341
10	0.00662	0.00472	0.00611	0.00692	0.00736	0.00442	0.00463	0.00765	0.01042	0.01401	0.13179	0.59879	0.05585	0.10430	0.00877	0.00236	0.00316	0.01315	0.00477	0.00421
11	0.00748	0.00540	0.00745	0.00745	0.00807	0.00601	0.00537	0.00871	0.00810	0.01141	0.01479	0.02510	0.01503	0.30415	0.53401	0.00724	0.01092	0.00626	0.00291	0.00414
12	0.00757	0.00505	0.00568	0.00568	0.00568	0.00505	0.00316	0.00757	0.00757	0.01010	0.01641	0.03408	0.01893	0.81698	0.02651	0.00505	0.00505	0.00757	0.00316	0.00316
13	0.85377	0.01007	0.00765	0.00685	0.01007	0.01168	0.00564	0.01531	0.00886	0.02336	0.00725	0.00846	0.00564	0.00483	0.00322	0.00161	0.00403	0.00282	0.00322	0.00564
14	0.01762	0.01393	0.01438	0.01151	0.01531	0.04943	0.00932	0.50940	0.22225	0.02840	0.01448	0.01413	0.01058	0.00634	0.00516	0.00158	0.00539	0.00489	0.00504	0.04084
15	0.00739	0.00497	0.00573	0.00591	0.00595	0.00493	0.00340	0.00753	0.00792	0.01056	0.01820	0.14762	0.02119	0.70036	0.02361	0.00462	0.00475	0.00863	0.00340	0.00331
16	0.60645	0.01141	0.01002	0.00837	0.01187	0.01301	0.00690	0.23827	0.01350	0.02617	0.00881	0.00966	0.00659	0.00525	0.00381	0.00160	0.00453	0.00337	0.00381	0.00659
17	0.00668	0.00498	0.00629	0.00715	0.00798	0.00459	0.00522	0.00799	0.01093	0.01415	0.06305	0.48067	0.20849	0.01505	0.00660	0.00206	0.00320	0.13567	0.00486	0.00439
18	0.01172	0.01236	0.01668	0.01376	0.01512	0.08961	0.12015	0.01341	0.00977	0.01346	0.01251	0.01573	0.09040	0.00833	0.01270	0.00201	0.50168	0.00532	0.00267	0.03260
19	0.00757	0.00505	0.00568	0.00568	0.00568	0.00505	0.00316	0.00757	0.00757	0.01010	0.01641	0.03408	0.01893	0.81698	0.02651	0.00505	0.00505	0.00757	0.00316	0.00316
20	0.00739	0.00497	0.00573	0.00591	0.00595	0.00493	0.00340	0.00753	0.00792	0.01056	0.01820	0.14762	0.02119	0.70036	0.02361	0.00462	0.00475	0.00863	0.00340	0.00331
21	0.00905	0.00452	0.00678	0.00678	0.00678	0.00452	0.00452	0.00678	0.00678	0.00905	0.00905	0.01583	0.00905	0.01809	0.02035	0.84848	0.00452	0.00452	0.00226	0.00226
22	0.01680	0.26869	0.01820	0.01161	0.01488	0.44228	0.00944	0.02019	0.12422	0.01391	0.00971	0.01053	0.00804	0.00533	0.00436	0.00133	0.00744	0.00355	0.00292	0.00656
23	0.01333	0.00764	0.00924	0.00779	0.01035	0.00719	0.00617	0.12389	0.01551	0.23420	0.28060	0.03190	0.21178	0.00946	0.00576	0.00165	0.00353	0.00795	0.00564	0.00646
24	0.00744	0.00558	0.00837	0.00837	0.00930	0.00651	0.00651	0.00930	0.00837	0.01209	0.01395	0.02046	0.01302	0.03906	0.79635	0.00837	0.01395	0.00558	0.00279	0.00465
25	0.00719	0.00532	0.00672	0.00637	0.00767	0.00484	0.00477	0.00948	0.01432	0.01989	0.67556	0.04053	0.15594	0.01102	0.00614	0.00166	0.00248	0.00965	0.00560	0.00484
26	0.00649	0.00465	0.00618	0.00715	0.00759	0.00433	0.00485	0.00763	0.01067	0.01440	0.13839	0.70074	0.03658	0.01549	0.00657	0.00205	0.00294	0.01402	0.00497	0.00433
27	0.00623	0.00512	0.00549	0.00573	0.00717	0.00438	0.00417	0.00750	0.01155	0.01411	0.06971	0.21195	0.60131	0.01378	0.00626	0.00183	0.00271	0.01175	0.00486	0.00438
28	0.00812	0.00647	0.00884	0.00855	0.00895	0.00771	0.00634	0.00919	0.00830	0.01181	0.01532	0.13786	0.01650	0.24278	0.31107	0.00530	0.17214	0.00726	0.00308	0.00439
29	0.00744	0.00558	0.00837	0.00837	0.00930	0.00651	0.00651	0.00930	0.00837	0.01209	0.01395	0.02046	0.01302	0.03906	0.79635	0.00837	0.01395	0.00558	0.00279	0.00465
30	0.00971	0.00485	0.00485	0.00485	0.00607	0.00485	0.00364	0.01213	0.01092	0.01942	0.01699	0.01942	0.01335	0.00607	0.00364	0.00121	0.00243	0.00485	0.84589	0.00485
31	0.16838	0.01286	0.01364	0.01063	0.01461	0.01399	0.00878	0.51407	0.02017	0.15296	0.01287	0.01263	0.00894	0.00603	0.00486	0.00158	0.00522	0.00445	0.00506	0.00829
32	0.01722	0.01348	0.01555	0.01457	0.12747	0.01486	0.01040	0.48779	0.19513	0.02798	0.01411	0.01415	0.01039	0.00620	0.00522	0.00161	0.00543	0.00496	0.00485	0.00863
33	0.00634	0.00453	0.00604	0.00725	0.00755	0.00423	0.00483	0.00725	0.00997	0.01329	0.02870	0.81358	0.03444	0.01632	0.00665	0.00211	0.00302	0.01480	0.00483	0.00423
34	0.01045	0.02694	0.79000	0.01484	0.02254	0.01209	0.01924	0.01649	0.01099	0.01649	0.00935	0.01099	0.00660	0.00495	0.00495	0.00165	0.00770	0.00385	0.00220	0.00770
35	0.01447	0.28038	0.27083	0.04236	0.01808	0.01611	0.01279	0.25003	0.01504	0.02008	0.00964	0.01072	0.00734	0.00520	0.00452	0.00145	0.00636	0.00379	0.00315	0.00765

[dist]
# distance from previous block
# <min> <max>
0	3

[block]
# block no. 2 follows, 47 sequences, length 27
# corresponding to MSA columns:
# 89-115
name=unknown_C
#
# <colnr> <probs for GDERKNQSTAVLIFYWHMCP>
#	G	D	E	R	K	N	Q	S	T	A	V	L	I	F	Y	W	H	M	C	P
0	0.01117	0.01443	0.16321	0.22726	0.02178	0.04874	0.03195	0.01396	0.00961	0.01360	0.00811	0.01196	0.00684	0.00699	0.01076	0.00196	0.38478	0.00443	0.00230	0.00615
1	0.17620	0.01826	0.01561	0.08439	0.01816	0.40173	0.10619	0.08991	0.01386	0.01724	0.00875	0.01051	0.00688	0.00521	0.00470	0.00150	0.00772	0.00385	0.00299	0.00633
2	0.01384	0.16814	0.01875	0.28014	0.18127	0.22493	0.01254	0.01631	0.01192	0.01372	0.00866	0.01142	0.00710	0.00499	0.00470	0.00147	0.00719	0.00394	0.00245	0.00653
3	0.01595	0.01266	0.01531	0.01457	0.16104	0.01284	0.01000	0.41176	0.01823	0.02535	0.01107	0.01210	0.00842	0.00527	0.00482	0.00134	0.00529	0.00423	0.00411	0.24566
4	0.05431	0.00809	0.01075	0.00878	0.01207	0.00717	0.00704	0.02152	0.01372	0.60943	0.02155	0.16853	0.01669	0.00825	0.00542	0.00171	0.00415	0.00696	0.00601	0.00785
5	0.01398	0.49027	0.02275	0.01360	0.15989	0.01714	0.01008	0.01820	0.14332	0.04963	0.01074	0.01155	0.00885	0.00503	0.00411	0.00133	0.00538	0.00378	0.00301	0.00735
6	0.00757	0.00505	0.00568	0.00568	0.00568	0.00505	0.00316	0.00757	0.00757	0.01010	0.01641	0.03408	0.01893	0.81698	0.02651	0.00505	0.00505	0.00757	0.00316	0.00316
7	0.16738	0.00560	0.00634	0.00712	0.00796	0.00568	0.00492	0.00879	0.00967	0.01509	0.02416	0.63113	0.02838	0.04443	0.00675	0.00213	0.00329	0.01225	0.00446	0.00446
8	0.00905	0.00452	0.00678	0.00678	0.00678	0.00452	0.00452	0.00678	0.00678	0.00905	0.00905	0.01583	0.00905	0.01809	0.02035	0.84848	0.00452	0.00452	0.00226	0.00226
9	0.00858	0.00655	0.00967	0.16050	0.01542	0.00698	0.00940	0.01112	0.01161	0.01506	0.02414	0.08129	0.02578	0.01272	0.00679	0.00226	0.00513	0.57771	0.00433	0.00496
10	0.00630	0.00472	0.00585	0.00676	0.00742	0.00427	0.00462	0.00731	0.01044	0.01349	0.03465	0.62481	0.21938	0.01554	0.00653	0.00203	0.00293	0.01386	0.00483	0.00427
11	0.00621	0.00507	0.00548	0.00581	0.00718	0.00435	0.00420	0.00741	0.01135	0.01386	0.04621	0.25796	0.57877	0.01404	0.00629	0.00186	0.00274	0.01203	0.00484	0.00435
12	0.00910	0.00628	0.00713	0.00710	0.00847	0.00652	0.00523	0.01389	0.18221	0.01868	0.17667	0.22660	0.02660	0.00985	0.00529	0.00165	0.00296	0.00856	0.27174	0.00546
13	0.01460	0.01138	0.01143	0.00964	0.01265	0.05876	0.00766	0.28211	0.21454	0.05605	0.02291	0.02214	0.15810	0.00772	0.00523	0.00161	0.00458	0.00616	0.08544	0.00730
14	0.28192	0.00804	0.00808	0.00705	0.00954	0.00848	0.00562	0.08656	0.01278	0.11831	0.15917	0.01874	0.01719	0.00661	0.00433	0.00150	0.00351	0.00510	0.23145	0.00600
15	0.07380	0.00667	0.00797	0.00758	0.00927	0.00658	0.00575	0.05568	0.03051	0.14375	0.08313	0.22392	0.05643	0.05920	0.00765	0.04868	0.00373	0.06993	0.09431	0.00546
16	0.16851	0.00642	0.00770	0.00852	0.00989	0.00666	0.00703	0.01082	0.01092	0.01652	0.02398	0.22672	0.02640	0.01303	0.00631	0.00218	0.00423	0.43483	0.00451	0.00482
17	0.00663	0.00475	0.00630	0.00706	0.00762	0.00442	0.00486	0.00797	0.01129	0.01540	0.23738	0.59891	0.03851	0.01474	0.00651	0.00198	0.00286	0.01331	0.00508	0.00442
18	0.00686	0.00453	0.00618	0.00716	0.00741	0.00429	0.00477	0.00716	0.00937	0.01249	0.02497	0.66203	0.02962	0.01665	0.00925	0.16290	0.00331	0.01285	0.00435	0.00386
19	0.21752	0.00834	0.00908	0.00817	0.01069	0.00870	0.00641	0.01768	0.15665	0.19375	0.09252	0.09827	0.03935	0.05829	0.00644	0.00196	0.00396	0.05092	0.00488	0.00642
20	0.00748	0.00490	0.00600	0.00633	0.00700	0.00468	0.00433	0.00893	0.01101	0.01594	0.22730	0.31559	0.03165	0.15489	0.00946	0.00234	0.00312	0.01018	0.16456	0.00434
21	0.17844	0.01338	0.01390	0.01084	0.01482	0.01479	0.00895	0.57950	0.02094	0.07665	0.01199	0.01205	0.00849	0.00599	0.00483	0.00158	0.00533	0.00437	0.00491	0.00825
22	0.00979	0.00865	0.01346	0.01144	0.01363	0.00949	0.14543	0.03351	0.15529	0.01540	0.01610	0.01983	0.04656	0.02342	0.41403	0.00519	0.04359	0.00592	0.00337	0.00590
23	0.00670	0.00503	0.00592	0.00638	0.00725	0.00460	0.00446	0.00778	0.01062	0.01359	0.07973	0.30586	0.29608	0.16107	0.01011	0.00252	0.00334	0.06024	0.00458	0.00417
24	0.00757	0.00505	0.00568	0.00568	0.00568	0.00505	0.00316	0.00757	0.00757	0.01010	0.01641	0.03408	0.01893	0.81698	0.02651	0.00505	0.00505	0.00757	0.00316	0.00316
25	0.62582	0.00993	0.00890	0.04122	0.01174	0.01094	0.00633	0.01470	0.00926	0.02131	0.00770	0.00925	0.00613	0.00483	0.00395	0.00148	0.03452	0.00301	0.00312	0.16583
26	0.23840	0.00862	0.01056	0.00913	0.01124	0.00970	0.03918	0.04711	0.01135	0.09242	0.17890	0.01909	0.01762	0.01340	0.15687	0.00300	0.11818	0.00548	0.00393	0.00581

[dist]
# distance from previous block
# <min> <max>
0	1

[block]
# block no. 3 follows, 47 sequences, length 90
# corresponding to MSA columns:
# 117-198,201-208
name=unknown_D
#
# <colnr> <probs for GDERKNQSTAVLIFYWHMCP>
#	G	D	E	R	K	N	Q	S	T	A	V	L	I	F	Y	W	H	M	C	P
0	0.11793	0.01198	0.01178	0.00968	0.01278	0.07115	0.00778	0.38719	0.01859	0.02585	0.17663	0.02091	0.09075	0.00760	0.00521	0.00159	0.00482	0.00595	0.00485	0.00700
1	0.00735	0.00546	0.00787	0.00825	0.00915	0.00597	0.00642	0.00911	0.00932	0.01290	0.01998	0.15963	0.04894	0.03052	0.51437	0.00616	0.01030	0.12021	0.00351	0.00459
2	0.00748	0.00501	0.00571	0.00580	0.00582	0.00499	0.00328	0.00755	0.00775	0.01034	0.01734	0.09312	0.02011	0.75634	0.02500	0.00483	0.00490	0.00812	0.00328	0.00324
3	0.00735	0.00526	0.00713	0.00728	0.00781	0.00571	0.00512	0.00844	0.00829	0.01153	0.01664	0.12311	0.01775	0.31107	0.42696	0.00642	0.00946	0.00742	0.00317	0.00407
4	0.17863	0.01373	0.01411	0.01100	0.01499	0.01530	0.00909	0.62395	0.02151	0.03102	0.01150	0.01173	0.00824	0.00598	0.00483	0.00157	0.00541	0.00433	0.00483	0.00824
5	0.49627	0.01201	0.01107	0.00905	0.01268	0.01360	0.00747	0.33760	0.01556	0.02742	0.00950	0.01019	0.00702	0.00544	0.00407	0.00159	0.00476	0.00362	0.00407	0.00702
6	0.01427	0.00892	0.00996	0.00866	0.01123	0.00943	0.00700	0.20760	0.13095	0.11679	0.01823	0.02231	0.01459	0.00734	0.00492	0.00158	0.00406	0.09687	0.29842	0.00687
7	0.00736	0.00555	0.00677	0.00724	0.00851	0.00519	0.00580	0.00906	0.01161	0.01473	0.09287	0.05092	0.31565	0.11266	0.00910	0.00242	0.00383	0.32159	0.00468	0.00445
8	0.00618	0.00518	0.00537	0.00552	0.00710	0.00438	0.00406	0.00745	0.01164	0.01397	0.04979	0.14430	0.69012	0.01357	0.00622	0.00180	0.00269	0.01146	0.00484	0.00438
9	0.01950	0.02356	0.01487	0.01324	0.01611	0.69986	0.01004	0.11287	0.01596	0.01522	0.00860	0.00978	0.00697	0.00548	0.00476	0.00137	0.00894	0.00352	0.00299	0.00638
10	0.00787	0.00604	0.00730	0.00685	0.00838	0.00583	0.00518	0.01167	0.10810	0.01995	0.57605	0.03822	0.15756	0.01059	0.00604	0.00167	0.00269	0.00922	0.00554	0.00524
11	0.00707	0.00532	0.00670	0.00754	0.00863	0.00495	0.00592	0.00867	0.01132	0.01440	0.03562	0.29299	0.26109	0.01463	0.00670	0.00211	0.00358	0.29344	0.00482	0.00450
12	0.01239	0.01055	0.01136	0.01047	0.01320	0.01209	0.00826	0.02559	0.68095	0.02102	0.02198	0.02428	0.01763	0.00797	0.00553	0.00184	0.00420	0.09762	0.00524	0.00782
13	0.00744	0.00558	0.00837	0.00837	0.00930	0.00651	0.00651	0.00930	0.00837	0.01209	0.01395	0.02046	0.01302	0.03906	0.79635	0.00837	0.01395	0.00558	0.00279	0.00465
14	0.00667	0.00530	0.00599	0.00582	0.00735	0.00462	0.00437	0.00848	0.01310	0.01698	0.36382	0.04533	0.46951	0.01210	0.00615	0.00171	0.00256	0.01032	0.00522	0.00462
15	0.00905	0.00452	0.00678	0.00678	0.00678	0.00452	0.00452	0.00678	0.00678	0.00905	0.00905	0.01583	0.00905	0.01809	0.02035	0.84848	0.00452	0.00452	0.00226	0.00226
16	0.49627	0.01201	0.01107	0.00905	0.01268	0.01360	0.00747	0.33760	0.01556	0.02742	0.00950	0.01019	0.00702	0.00544	0.00407	0.00159	0.00476	0.00362	0.00407	0.00702
17	0.01077	0.01021	0.01730	0.56861	0.26443	0.01182	0.01493	0.01412	0.01085	0.01444	0.00942	0.01358	0.00734	0.00503	0.00519	0.00168	0.00671	0.00463	0.00239	0.00654
18	0.01386	0.01512	0.01733	0.28705	0.29720	0.25137	0.01366	0.01655	0.01226	0.01446	0.00908	0.01216	0.00734	0.00505	0.00503	0.00155	0.00742	0.00424	0.00252	0.00674
19	0.01945	0.02482	0.01476	0.01342	0.01610	0.79608	0.01006	0.02079	0.01476	0.01275	0.00805	0.00939	0.00671	0.00537	0.00470	0.00134	0.00939	0.00335	0.00268	0.00604
20	0.01355	0.01088	0.01227	0.00902	0.01350	0.00975	0.00731	0.24332	0.01498	0.02181	0.01025	0.01132	0.00806	0.00459	0.00427	0.00101	0.00443	0.00357	0.00373	0.59237
21	0.01541	0.11278	0.01499	0.01088	0.01394	0.11021	0.00892	0.33064	0.07207	0.02160	0.01212	0.01394	0.00975	0.01373	0.19021	0.00311	0.03009	0.00458	0.00389	0.00713
22	0.01523	0.01103	0.01194	0.01019	0.01329	0.03369	0.00806	0.14491	0.41633	0.14593	0.11314	0.02015	0.01811	0.00723	0.00536	0.00168	0.00438	0.00595	0.00545	0.00797
23	0.00943	0.00890	0.01485	0.65929	0.03149	0.01064	0.04556	0.01264	0.01067	0.01355	0.01499	0.03108	0.10308	0.00633	0.00539	0.00175	0.00643	0.00564	0.00268	0.00564
24	0.00713	0.00511	0.00690	0.00779	0.00853	0.00487	0.00588	0.00876	0.01146	0.01540	0.17180	0.44783	0.03595	0.01468	0.00671	0.00211	0.00343	0.22615	0.00499	0.00452
25	0.17665	0.01370	0.01267	0.01064	0.01407	0.11017	0.00850	0.27397	0.24906	0.05790	0.01396	0.01369	0.01030	0.00613	0.00480	0.00161	0.00531	0.00456	0.00460	0.00771
26	0.00663	0.00529	0.00594	0.00578	0.00733	0.00460	0.00433	0.00840	0.01300	0.01675	0.33982	0.04570	0.49365	0.01219	0.00615	0.00171	0.00257	0.01037	0.00519	0.00460
27	0.00709	0.00494	0.00582	0.00613	0.00645	0.00475	0.00380	0.00761	0.00906	0.01199	0.06810	0.25279	0.09610	0.47203	0.01789	0.00373	0.00411	0.01001	0.00393	0.00367
28	0.00731	0.00500	0.00569	0.00584	0.00601	0.00490	0.00342	0.00753	0.00819	0.01079	0.02068	0.13146	0.07867	0.65733	0.02251	0.00444	0.00462	0.00872	0.00349	0.00338
29	0.00729	0.00510	0.00600	0.00630	0.00672	0.00494	0.00410	0.00791	0.00912	0.01194	0.04496	0.15834	0.11523	0.49150	0.01843	0.00383	0.00435	0.08639	0.00386	0.00369
30	0.01559	0.01369	0.01320	0.01106	0.01452	0.10990	0.00875	0.24824	0.37542	0.02350	0.01571	0.01520	0.01179	0.00628	0.00505	0.00155	0.00523	0.00492	0.00472	0.09567
31	0.00700	0.00531	0.00645	0.00616	0.00755	0.00476	0.00462	0.00911	0.01386	0.01880	0.55918	0.04232	0.27301	0.01142	0.00615	0.00167	0.00251	0.00990	0.00546	0.00476
32	0.01228	0.01170	0.01972	0.15962	0.21341	0.01148	0.20412	0.07768	0.01252	0.01758	0.00999	0.01284	0.00785	0.00463	0.00512	0.00145	0.00640	0.00466	0.00288	0.20406
33	0.02336	0.00886	0.01209	0.00927	0.01329	0.00765	0.00765	0.02538	0.01491	0.78810	0.02055	0.01773	0.01289	0.00645	0.00524	0.00161	0.00443	0.00524	0.00645	0.00886
34	0.01341	0.01073	0.01212	0.00897	0.01333	0.00967	0.00726	0.24320	0.01513	0.02196	0.04014	0.01241	0.00967	0.00485	0.00436	0.00105	0.00437	0.00382	0.00384	0.55971
35	0.00764	0.00545	0.00817	0.00817	0.00899	0.00626	0.00626	0.00899	0.00817	0.01171	0.01334	0.01989	0.01253	0.03647	0.70062	0.11201	0.01279	0.00545	0.00272	0.00436
36	0.00634	0.00453	0.00604	0.00725	0.00755	0.00423	0.00483	0.00725	0.00997	0.01329	0.02870	0.81358	0.03444	0.01632	0.00665	0.00211	0.00302	0.01480	0.00483	0.00423
37	0.01191	0.00991	0.01139	0.00824	0.01281	0.00808	0.00663	0.10613	0.01249	0.01892	0.00966	0.01101	0.00785	0.00415	0.00402	0.00087	0.00409	0.00328	0.00335	0.74520
38	0.00873	0.00464	0.00655	0.00655	0.00655	0.00464	0.00423	0.00695	0.00695	0.00927	0.01063	0.01976	0.01117	0.18997	0.02168	0.66702	0.00464	0.00518	0.00245	0.00245
39	0.00881	0.00563	0.00711	0.00668	0.00823	0.00505	0.00502	0.01084	0.01370	0.10439	0.47618	0.11938	0.18661	0.01126	0.00610	0.00171	0.00277	0.00982	0.00554	0.00518
40	0.00675	0.00482	0.00651	0.00772	0.00820	0.00458	0.00554	0.00796	0.01037	0.01375	0.02848	0.66333	0.03355	0.01593	0.00676	0.00217	0.00337	0.16104	0.00483	0.00434
41	0.01344	0.00834	0.01009	0.00935	0.01174	0.00863	0.00738	0.02003	0.29500	0.21264	0.04490	0.17643	0.02183	0.00993	0.00586	0.00189	0.00405	0.12602	0.00543	0.00699
42	0.21533	0.00627	0.00656	0.00678	0.00831	0.00627	0.00496	0.01014	0.01047	0.04973	0.04994	0.38971	0.19279	0.01221	0.00562	0.00188	0.00323	0.01044	0.00453	0.00483
43	0.00725	0.00522	0.00677	0.00767	0.00826	0.00511	0.00551	0.00903	0.04591	0.01397	0.04739	0.50613	0.03116	0.11411	0.00913	0.00250	0.00367	0.16212	0.00467	0.00442
44	0.08220	0.01391	0.01672	0.01270	0.01692	0.01505	0.10270	0.58301	0.02135	0.06535	0.01224	0.01263	0.00868	0.00592	0.00518	0.00159	0.00592	0.00475	0.00480	0.00839
45	0.00682	0.00497	0.00695	0.00759	0.00820	0.00510	0.00544	0.00820	0.00980	0.01350	0.08626	0.46568	0.02802	0.02396	0.28865	0.00431	0.00688	0.01106	0.00418	0.00444
46	0.00667	0.00499	0.00598	0.00653	0.00736	0.00456	0.00457	0.00779	0.01071	0.01381	0.09131	0.36523	0.26148	0.12530	0.00923	0.00239	0.00326	0.05994	0.00467	0.00422
47	0.01027	0.00599	0.00773	0.00691	0.00874	0.00537	0.00532	0.01250	0.01442	0.16617	0.54755	0.03624	0.13198	0.01016	0.00597	0.00165	0.00286	0.00881	0.00576	0.00560
48	0.46458	0.38545	0.01675	0.00780	0.01160	0.01582	0.00716	0.01544	0.00966	0.01822	0.00725	0.00841	0.00612	0.00466	0.00328	0.00138	0.00474	0.00280	0.00276	0.00612
49	0.00828	0.00565	0.00861	0.10593	0.01157	0.00640	0.00667	0.00887	0.00805	0.01113	0.01182	0.01868	0.01118	0.06151	0.40346	0.29098	0.00952	0.00519	0.00257	0.00392
50	0.11844	0.01653	0.01308	0.10855	0.01664	0.39803	0.04180	0.03622	0.01292	0.01522	0.04140	0.13329	0.01256	0.00713	0.00500	0.00158	0.00707	0.00557	0.00321	0.00576
51	0.01149	0.00856	0.01006	0.00896	0.01131	0.00860	0.00711	0.24096	0.01565	0.02132	0.14387	0.20341	0.04473	0.01041	0.00586	0.00174	0.00414	0.12773	0.00487	0.10922
52	0.05304	0.01415	0.01176	0.01074	0.03426	0.29471	0.00785	0.03957	0.07041	0.18061	0.01303	0.01592	0.01059	0.10739	0.00943	0.10560	0.00637	0.00467	0.00379	0.00612
53	0.01324	0.66538	0.17608	0.01007	0.01516	0.01895	0.01093	0.01577	0.01066	0.01308	0.00765	0.00887	0.00667	0.00455	0.00365	0.00122	0.00598	0.00299	0.00222	0.00688
54	0.01641	0.01976	0.01521	0.01351	0.01518	0.50180	0.01056	0.01768	0.01220	0.01267	0.00759	0.01015	0.00676	0.00678	0.00937	0.00170	0.31043	0.00381	0.00253	0.00591
55	0.00727	0.00488	0.00618	0.00676	0.00715	0.00464	0.00440	0.00807	0.00983	0.03347	0.09686	0.48042	0.03055	0.25996	0.01262	0.00295	0.00362	0.01183	0.00445	0.00409
56	0.00716	0.00515	0.00632	0.00663	0.00738	0.00486	0.00467	0.00840	0.01088	0.01448	0.19984	0.20458	0.14343	0.24788	0.01232	0.00284	0.00364	0.10082	0.00454	0.00417
57	0.85377	0.01007	0.00765	0.00685	0.01007	0.01168	0.00564	0.01531	0.00886	0.02336	0.00725	0.00846	0.00564	0.00483	0.00322	0.00161	0.00403	0.00282	0.00322	0.00564
58	0.00615	0.00528	0.00528	0.00528	0.00703	0.00440	0.00396	0.00747	0.01187	0.01407	0.05276	0.05012	0.78238	0.01319	0.00615	0.00176	0.00264	0.01099	0.00484	0.00440
59	0.00862	0.00528	0.00662	0.00691	0.00787	0.00482	0.00476	0.00961	0.01058	0.10782	0.04370	0.45083	0.15002	0.14583	0.00964	0.00247	0.00345	0.01173	0.00477	0.00466
60	0.00724	0.00523	0.00685	0.00664	0.00775	0.00483	0.00490	0.00951	0.01415	0.01995	0.68885	0.13447	0.04732	0.01135	0.00620	0.00170	0.00253	0.01008	0.00562	0.00483
61	0.85377	0.01007	0.00765	0.00685	0.01007	0.01168	0.00564	0.01531	0.00886	0.02336	0.00725	0.00846	0.00564	0.00483	0.00322	0.00161	0.00403	0.00282	0.00322	0.00564
62	0.01139	0.01139	0.01595	0.01367	0.01367	0.01595	0.01139	0.01253	0.00798	0.01253	0.00684	0.01139	0.00684	0.00911	0.01709	0.00228	0.80745	0.00456	0.00228	0.00570
63	0.00782	0.00633	0.00695	0.00683	0.00839	0.00620	0.00500	0.01179	0.16282	0.01612	0.14419	0.14866	0.35425	0.08161	0.00781	0.00208	0.00317	0.01000	0.00491	0.00510
64	0.00743	0.00555	0.00820	0.00815	0.00911	0.00631	0.00631	0.00936	0.00916	0.01317	0.10867	0.02273	0.01747	0.03555	0.69886	0.00754	0.01253	0.00605	0.00315	0.00468
65	0.00748	0.00541	0.00750	0.00750	0.00812	0.00603	0.00542	0.00874	0.00811	0.01144	0.01475	0.02489	0.01494	0.29193	0.54610	0.00729	0.01106	0.00623	0.00291	0.00416
66	0.00757	0.00505	0.00568	0.00568	0.00568	0.00505	0.00316	0.00757	0.00757	0.01010	0.01641	0.03408	0.01893	0.81698	0.02651	0.00505	0.00505	0.00757	0.00316	0.00316
67	0.00742	0.00499	0.00572	0.00587	0.00591	0.00495	0.00336	0.00753	0.00787	0.01049	0.01793	0.13024	0.02085	0.71821	0.02406	0.00469	0.00480	0.00847	0.00336	0.00329
68	0.01288	0.11638	0.27693	0.01275	0.05005	0.01350	0.01241	0.04917	0.33261	0.04868	0.01463	0.01461	0.01091	0.00587	0.00493	0.00162	0.00567	0.00469	0.00380	0.00791
69	0.01566	0.57571	0.02360	0.01006	0.01421	0.13608	0.00924	0.13324	0.01337	0.01552	0.00818	0.00915	0.00702	0.00487	0.00383	0.00122	0.00617	0.00317	0.00276	0.00692
70	0.00683	0.00530	0.00621	0.00599	0.00745	0.00468	0.00449	0.00878	0.01347	0.01786	0.45815	0.04388	0.37462	0.01177	0.00615	0.00169	0.00254	0.01012	0.00533	0.00468
71	0.00751	0.00531	0.00699	0.00699	0.00744	0.00576	0.00478	0.00841	0.00796	0.01106	0.01521	0.02746	0.01606	0.43910	0.40046	0.00666	0.00937	0.00660	0.00298	0.00388
72	0.01080	0.00926	0.01080	0.00771	0.01234	0.00694	0.00617	0.01311	0.01080	0.01697	0.00926	0.01080	0.00771	0.00386	0.00386	0.00077	0.00386	0.00309	0.00309	0.84882
73	0.00949	0.00804	0.01036	0.04102	0.10766	0.03031	0.00777	0.04480	0.10512	0.01543	0.02124	0.43350	0.02323	0.04938	0.00781	0.00209	0.06273	0.01021	0.00421	0.00559
74	0.00795	0.00568	0.00789	0.00909	0.01009	0.00561	0.00763	0.01003	0.01155	0.01509	0.02782	0.22115	0.03093	0.01480	0.00708	0.00234	0.00441	0.59139	0.00480	0.00467
75	0.01080	0.00926	0.01080	0.00771	0.01234	0.00694	0.00617	0.01311	0.01080	0.01697	0.00926	0.01080	0.00771	0.00386	0.00386	0.00077	0.00386	0.00309	0.00309	0.84882
76	0.01023	0.00725	0.00807	0.00735	0.00961	0.00709	0.00568	0.01528	0.20999	0.11265	0.15822	0.03638	0.37106	0.01036	0.00582	0.00172	0.00321	0.00871	0.00530	0.00602
77	0.04376	0.01294	0.01447	0.01112	0.01522	0.01377	0.00919	0.54962	0.02151	0.23291	0.01449	0.01378	0.00984	0.00626	0.00516	0.00158	0.00534	0.00478	0.00548	0.00877
78	0.11074	0.01337	0.01727	0.05189	0.45148	0.10209	0.01278	0.10885	0.01331	0.01917	0.00993	0.01225	0.00802	0.00503	0.00482	0.00153	0.00611	0.00430	0.03952	0.00753
79	0.59904	0.01457	0.00982	0.00885	0.01191	0.25117	0.00699	0.01698	0.01066	0.02012	0.00749	0.00874	0.00597	0.00500	0.00367	0.00153	0.00567	0.00298	0.00306	0.00576
80	0.01036	0.00876	0.01164	0.15329	0.13161	0.00967	0.00878	0.01608	0.24339	0.01575	0.01748	0.05688	0.04306	0.22177	0.01094	0.00260	0.00505	0.00648	0.02035	0.00607
81	0.01232	0.01402	0.07993	0.27173	0.15708	0.06965	0.25418	0.04829	0.01223	0.01606	0.00982	0.01316	0.00751	0.00489	0.00544	0.00167	0.00758	0.00496	0.00260	0.00690
82	0.00684	0.00562	0.00612	0.00595	0.00771	0.00472	0.00434	0.00813	0.01116	0.01407	0.04110	0.18188	0.51094	0.05597	0.00706	0.00188	0.00299	0.01052	0.00453	0.10847
83	0.00736	0.00496	0.00574	0.00595	0.00600	0.00491	0.00344	0.00752	0.00798	0.01064	0.01850	0.16661	0.02157	0.68086	0.02313	0.00455	0.00470	0.00880	0.00344	0.00334
84	0.04512	0.14573	0.01909	0.18991	0.34789	0.01282	0.01282	0.01676	0.01169	0.13399	0.01081	0.01293	0.00832	0.00502	0.00481	0.00153	0.00590	0.00435	0.00308	0.00746
85	0.01348	0.01077	0.01168	0.01014	0.01337	0.01181	0.00794	0.02570	0.62327	0.07919	0.01967	0.01824	0.01466	0.00662	0.00512	0.00163	0.00411	0.00549	0.00511	0.11199
86	0.01080	0.00926	0.01080	0.00771	0.01234	0.00694	0.00617	0.01311	0.01080	0.01697	0.00926	0.01080	0.00771	0.00386	0.00386	0.00077	0.00386	0.00309	0.00309	0.84882
87	0.01043	0.01152	0.10491	0.31152	0.07936	0.01069	0.11540	0.06631	0.01162	0.01569	0.01318	0.14346	0.01214	0.00921	0.05964	0.00222	0.00698	0.00647	0.00301	0.00624
88	0.00719	0.00501	0.00586	0.00606	0.00686	0.00464	0.00414	0.00783	0.01006	0.01312	0.08439	0.15991	0.27805	0.20986	0.01286	0.10706	0.00355	0.02904	0.04062	0.00387
89	0.00654	0.00475	0.00617	0.00696	0.00756	0.00438	0.00478	0.00779	0.01109	0.01490	0.18391	0.59797	0.09408	0.01492	0.00651	0.00199	0.00288	0.01342	0.00502	0.00438

[dist]
# distance from previous block
# <min> <max>
0	16

# created by:
# /home/cegg/simao/soft/augustus-3.2.1/scripts/msa2prfl.pl ./align_prep/21843.fa
