[name]
unknown

[dist]
# distance from previous block
# <min> <max>
0	1

[block]
# block no. 0 follows, 47 sequences, length 31
# corresponding to MSA columns:
# 1-31
name=unknown_A
#
# <colnr> <probs for GDERKNQSTAVLIFYWHMCP>
#	G	D	E	R	K	N	Q	S	T	A	V	L	I	F	Y	W	H	M	C	P
0	0.00963	0.00640	0.00879	0.00961	0.01107	0.00639	0.00833	0.01248	0.04229	0.07022	0.02683	0.05430	0.02821	0.01354	0.00698	0.00232	0.00474	0.66772	0.00493	0.00522
1	0.01334	0.68623	0.15603	0.00991	0.01491	0.01917	0.01065	0.01575	0.01065	0.01297	0.00760	0.00880	0.00667	0.00454	0.00361	0.00120	0.00593	0.00296	0.00222	0.00685
2	0.01408	0.01175	0.01241	0.01083	0.01397	0.01348	0.00852	0.14960	0.65132	0.02360	0.01976	0.01829	0.01474	0.00693	0.00528	0.00173	0.00439	0.00569	0.00528	0.00834
3	0.00647	0.00467	0.00613	0.00707	0.00756	0.00433	0.00481	0.00760	0.01069	0.01434	0.12980	0.67798	0.06839	0.01543	0.00656	0.00204	0.00293	0.01393	0.00495	0.00433
4	0.00615	0.00528	0.00528	0.00528	0.00703	0.00440	0.00396	0.00747	0.01187	0.01407	0.05276	0.05012	0.78238	0.01319	0.00615	0.00176	0.00264	0.01099	0.00484	0.00440
5	0.81230	0.01001	0.00788	0.00697	0.01023	0.01148	0.00574	0.01581	0.00916	0.06155	0.00792	0.00892	0.00600	0.00491	0.00332	0.00161	0.00405	0.00294	0.00338	0.00580
6	0.00624	0.00496	0.00560	0.00612	0.00726	0.00433	0.00433	0.00738	0.01106	0.01374	0.04250	0.37573	0.46339	0.01452	0.00636	0.00191	0.00280	0.01262	0.00484	0.00433
7	0.01175	0.01085	0.01835	0.22850	0.48497	0.01141	0.03954	0.01492	0.01140	0.01629	0.01043	0.01386	0.00843	0.00493	0.00505	0.00157	0.00608	0.00471	0.08977	0.00722
8	0.81557	0.00983	0.00753	0.00676	0.00989	0.01137	0.00555	0.01516	0.00896	0.02319	0.00769	0.00896	0.00599	0.00489	0.00324	0.00159	0.00396	0.00291	0.04136	0.00560
9	0.01213	0.01270	0.05569	0.16082	0.32290	0.06891	0.04079	0.01515	0.01151	0.01599	0.00943	0.01220	0.00766	0.00459	0.00481	0.00137	0.00611	0.00415	0.00266	0.23041
10	0.01468	0.53566	0.05755	0.01023	0.01431	0.16371	0.00951	0.01810	0.10629	0.01372	0.00922	0.01004	0.00783	0.00497	0.00391	0.00126	0.00620	0.00332	0.00269	0.00680
11	0.00757	0.00508	0.00584	0.00584	0.00590	0.00514	0.00336	0.00768	0.00762	0.01022	0.01626	0.03326	0.01858	0.77021	0.07279	0.00525	0.00558	0.00745	0.00313	0.00325
12	0.01092	0.00612	0.00776	0.00697	0.00894	0.00542	0.00536	0.01290	0.01380	0.20549	0.37985	0.09056	0.20417	0.01059	0.00596	0.00169	0.00302	0.00913	0.00564	0.00571
13	0.01131	0.00614	0.00781	0.00727	0.00920	0.00544	0.00557	0.01301	0.01287	0.23004	0.18550	0.21227	0.21816	0.01156	0.00605	0.00180	0.00328	0.04153	0.00546	0.00572
14	0.00676	0.00491	0.00615	0.00661	0.00748	0.00449	0.00466	0.00827	0.01178	0.01598	0.26154	0.41855	0.16244	0.01365	0.00629	0.00187	0.00276	0.01213	0.03919	0.00449
15	0.09357	0.00896	0.01171	0.00906	0.01302	0.00799	0.00748	0.02453	0.01439	0.72345	0.01942	0.01694	0.01228	0.00631	0.00507	0.00161	0.00440	0.00503	0.00617	0.00859
16	0.01802	0.00849	0.01034	0.00838	0.01149	0.00817	0.00677	0.11160	0.06402	0.41168	0.03939	0.01825	0.01371	0.00647	0.00482	0.00151	0.00396	0.00522	0.24011	0.00760
17	0.01392	0.82012	0.02729	0.00891	0.01337	0.02061	0.00891	0.01559	0.01058	0.01225	0.00724	0.00835	0.00668	0.00446	0.00334	0.00111	0.00557	0.00278	0.00223	0.00668
18	0.01265	0.01083	0.01344	0.12078	0.13084	0.01226	0.01006	0.06729	0.45284	0.02034	0.01723	0.01802	0.01324	0.00648	0.00520	0.00170	0.00482	0.01930	0.05501	0.00768
19	0.00834	0.00637	0.00887	0.00857	0.00976	0.00731	0.00668	0.04124	0.05587	0.01444	0.09453	0.02182	0.01668	0.03222	0.61825	0.00687	0.02780	0.00594	0.00334	0.00509
20	0.01820	0.01644	0.22390	0.01205	0.01713	0.01285	0.01184	0.37156	0.01835	0.22471	0.01374	0.01345	0.00929	0.00595	0.00515	0.00160	0.00592	0.00460	0.00472	0.00854
21	0.01156	0.01069	0.01272	0.01388	0.17361	0.11476	0.05380	0.04729	0.01284	0.04745	0.10512	0.02713	0.22362	0.06273	0.00733	0.00185	0.03210	0.00702	0.02852	0.00600
22	0.01596	0.01533	0.01328	0.01148	0.01415	0.26802	0.00903	0.27994	0.03853	0.01988	0.01156	0.01381	0.00943	0.01489	0.21847	0.00335	0.02800	0.00453	0.00367	0.00671
23	0.08942	0.01528	0.01487	0.01170	0.01564	0.09739	0.00956	0.62624	0.02216	0.02993	0.01160	0.01184	0.00836	0.00604	0.00499	0.00154	0.00597	0.00439	0.00478	0.00829
24	0.00631	0.00528	0.00549	0.00544	0.00713	0.00446	0.00408	0.00777	0.01224	0.01494	0.14601	0.04868	0.68858	0.01286	0.00615	0.00174	0.00261	0.01079	0.00495	0.00446
25	0.00732	0.00573	0.00627	0.00615	0.00761	0.00522	0.00447	0.05355	0.01234	0.01562	0.14400	0.14083	0.46055	0.09693	0.00829	0.00212	0.00310	0.01052	0.00481	0.00459
26	0.01135	0.01054	0.01636	0.42055	0.24164	0.01209	0.01358	0.01708	0.17142	0.01613	0.01192	0.01477	0.00919	0.00544	0.00521	0.00169	0.00614	0.00490	0.00302	0.00699
27	0.00717	0.00539	0.00678	0.00764	0.00855	0.00518	0.00569	0.00931	0.05674	0.01445	0.03209	0.46704	0.15955	0.01480	0.00660	0.00210	0.00342	0.17803	0.00485	0.00463
28	0.01360	0.01298	0.01974	0.06588	0.55664	0.05958	0.04654	0.09452	0.01342	0.01837	0.04126	0.01379	0.00980	0.00511	0.00522	0.00156	0.00633	0.00483	0.00298	0.00787
29	0.01575	0.15924	0.01583	0.01196	0.03643	0.39797	0.00914	0.07592	0.01337	0.01425	0.01090	0.09532	0.01056	0.05542	0.00677	0.00169	0.05549	0.00492	0.00303	0.00605
30	0.01344	0.60537	0.02400	0.01151	0.09388	0.03177	0.00947	0.01635	0.07434	0.01354	0.00909	0.01050	0.00800	0.00679	0.05139	0.00165	0.00608	0.00342	0.00256	0.00684

[dist]
# distance from previous block
# <min> <max>
0	1

[block]
# block no. 1 follows, 47 sequences, length 40
# corresponding to MSA columns:
# 33-72
name=unknown_B
#
# <colnr> <probs for GDERKNQSTAVLIFYWHMCP>
#	G	D	E	R	K	N	Q	S	T	A	V	L	I	F	Y	W	H	M	C	P
0	0.01260	0.18996	0.34200	0.01651	0.13640	0.08608	0.07312	0.01673	0.02649	0.01533	0.00910	0.01100	0.00717	0.00496	0.00510	0.00152	0.03227	0.00394	0.00240	0.00731
1	0.08436	0.33357	0.01867	0.01000	0.01391	0.01677	0.00875	0.22570	0.20128	0.02117	0.01211	0.01222	0.00945	0.00562	0.00433	0.00144	0.00513	0.00407	0.00388	0.00758
2	0.01289	0.01237	0.02114	0.03196	0.78450	0.01237	0.01598	0.01598	0.01186	0.01701	0.00980	0.01289	0.00825	0.00464	0.00516	0.00155	0.00619	0.00464	0.00258	0.00825
3	0.00669	0.00513	0.00570	0.00581	0.00687	0.00460	0.00400	0.00777	0.01093	0.01388	0.13533	0.14855	0.39864	0.20990	0.01120	0.00260	0.00326	0.01047	0.00454	0.00414
4	0.00881	0.00624	0.00815	0.00847	0.00964	0.00653	0.00666	0.08607	0.01169	0.01609	0.02223	0.26635	0.02373	0.01953	0.19959	0.00360	0.00642	0.21565	0.06956	0.00501
5	0.01183	0.21093	0.13095	0.01634	0.17800	0.01306	0.12405	0.04918	0.01188	0.01607	0.04153	0.12583	0.01286	0.00654	0.00505	0.00155	0.00596	0.00588	0.00302	0.02950
6	0.00650	0.00524	0.00579	0.00581	0.00732	0.00454	0.00433	0.00808	0.01241	0.01567	0.22507	0.10676	0.53566	0.01284	0.00621	0.00177	0.00266	0.02377	0.00505	0.00451
7	0.18305	0.46225	0.02045	0.00988	0.02438	0.15167	0.00870	0.01626	0.01082	0.01465	0.00739	0.00880	0.00651	0.00496	0.00438	0.00133	0.05266	0.00302	0.00251	0.00633
8	0.32333	0.26819	0.06848	0.01201	0.09184	0.09032	0.04960	0.01615	0.01060	0.01739	0.00790	0.00943	0.00652	0.00473	0.00387	0.00143	0.00574	0.00329	0.00269	0.00648
9	0.01859	0.13243	0.01668	0.01228	0.01566	0.43302	0.00980	0.24161	0.03984	0.01890	0.00965	0.01047	0.00762	0.00555	0.00468	0.00139	0.00761	0.00375	0.00345	0.00703
10	0.01290	0.01225	0.02019	0.02980	0.70643	0.01243	0.01520	0.01717	0.08914	0.01750	0.01095	0.01355	0.00902	0.00489	0.00517	0.00157	0.00598	0.00477	0.00285	0.00825
11	0.00747	0.00486	0.00601	0.00641	0.00724	0.00459	0.00454	0.00922	0.01166	0.01706	0.24998	0.37107	0.05154	0.01205	0.00575	0.00174	0.00270	0.01068	0.21084	0.00459
12	0.00672	0.00500	0.00635	0.00728	0.00810	0.00463	0.00537	0.00803	0.01082	0.01394	0.03392	0.48559	0.20294	0.01521	0.00665	0.00209	0.00330	0.16486	0.00483	0.00438
13	0.18429	0.00674	0.00786	0.00785	0.00964	0.00669	0.00605	0.01292	0.01105	0.16427	0.02328	0.35876	0.04612	0.01168	0.00574	0.00195	0.00375	0.12104	0.00481	0.00550
14	0.00708	0.00499	0.00631	0.00717	0.00776	0.00481	0.00495	0.00883	0.04558	0.01446	0.05937	0.60454	0.04920	0.04692	0.00714	0.00213	0.00314	0.04111	0.07002	0.00447
15	0.32228	0.00946	0.01059	0.00847	0.01221	0.00935	0.00699	0.04290	0.01300	0.49120	0.01553	0.01424	0.01016	0.00586	0.00451	0.00161	0.00432	0.00435	0.00525	0.00770
16	0.85377	0.01007	0.00765	0.00685	0.01007	0.01168	0.00564	0.01531	0.00886	0.02336	0.00725	0.00846	0.00564	0.00483	0.00322	0.00161	0.00403	0.00282	0.00322	0.00564
17	0.01343	0.05023	0.08363	0.01134	0.01608	0.01142	0.09990	0.19935	0.06451	0.02087	0.01090	0.01208	0.00841	0.00484	0.00463	0.00124	0.00534	0.00408	0.00358	0.37413
18	0.00796	0.06894	0.00814	0.00679	0.00859	0.00645	0.00528	0.04704	0.01190	0.01509	0.03679	0.22157	0.39498	0.01241	0.00592	0.00178	0.00333	0.06967	0.02918	0.03819
19	0.76471	0.00982	0.00792	0.00698	0.01020	0.01117	0.00574	0.01600	0.00939	0.08253	0.00857	0.00950	0.00643	0.00500	0.00339	0.00160	0.00401	0.00307	0.02812	0.00587
20	0.01392	0.82012	0.02729	0.00891	0.01337	0.02061	0.00891	0.01559	0.01058	0.01225	0.00724	0.00835	0.00668	0.00446	0.00334	0.00111	0.00557	0.00278	0.00223	0.00668
21	0.00990	0.00932	0.01574	0.78786	0.05196	0.01159	0.01450	0.01336	0.01044	0.01339	0.00927	0.01386	0.00697	0.00519	0.00521	0.00173	0.00693	0.00463	0.00232	0.00584
22	0.01068	0.00911	0.03469	0.00942	0.01161	0.06651	0.06544	0.06283	0.04323	0.07867	0.12488	0.23715	0.15539	0.01098	0.00603	0.00182	0.00441	0.05675	0.00471	0.00568
23	0.01276	0.01461	0.02799	0.02045	0.02498	0.07414	0.63064	0.01658	0.01205	0.01596	0.00997	0.01342	0.00770	0.00494	0.00714	0.00178	0.08970	0.00577	0.00260	0.00681
24	0.00772	0.00500	0.00579	0.00579	0.00579	0.00500	0.00329	0.00749	0.00749	0.00999	0.01566	0.03223	0.01793	0.73608	0.02588	0.09046	0.00500	0.00726	0.00306	0.00306
25	0.70552	0.01020	0.00850	0.00757	0.01073	0.01168	0.00628	0.08952	0.01065	0.02370	0.00935	0.01276	0.00784	0.00572	0.00373	0.00167	0.00426	0.06088	0.00354	0.00589
26	0.01166	0.16759	0.57740	0.01449	0.05546	0.05548	0.01676	0.01654	0.01116	0.01556	0.00892	0.01052	0.00669	0.00487	0.00466	0.00153	0.00734	0.00367	0.00225	0.00745
27	0.00806	0.00632	0.00985	0.00908	0.01021	0.00671	0.08259	0.00969	0.00889	0.01232	0.01567	0.02757	0.01590	0.25929	0.41422	0.00614	0.00993	0.07999	0.00308	0.00447
28	0.00616	0.00525	0.00531	0.00535	0.00705	0.00439	0.00399	0.00746	0.01179	0.01404	0.05180	0.08030	0.75281	0.01331	0.00617	0.00177	0.00265	0.01114	0.00484	0.00439
29	0.01125	0.01177	0.04967	0.39268	0.26756	0.01213	0.14987	0.01487	0.01122	0.01519	0.00966	0.01349	0.00751	0.00487	0.00535	0.00168	0.00706	0.00487	0.00245	0.00685
30	0.05759	0.01093	0.01762	0.10478	0.54500	0.01120	0.01352	0.01568	0.01159	0.05256	0.01090	0.01370	0.00876	0.00495	0.00489	0.00153	0.00565	0.00459	0.09704	0.00751
31	0.01819	0.02080	0.01427	0.01267	0.01559	0.54076	0.00968	0.11628	0.16839	0.01709	0.01125	0.01180	0.00882	0.00582	0.00488	0.00145	0.00787	0.00403	0.00353	0.00683
32	0.00697	0.00526	0.00648	0.00666	0.00789	0.00478	0.00504	0.00882	0.01277	0.01697	0.35055	0.17232	0.26145	0.01279	0.00636	0.00184	0.00289	0.10034	0.00521	0.00463
33	0.01248	0.05092	0.05720	0.01484	0.05351	0.10285	0.05202	0.01419	0.00943	0.01319	0.00746	0.01123	0.00693	0.00779	0.01327	0.00202	0.55781	0.00439	0.00235	0.00608
34	0.00675	0.00485	0.00657	0.00734	0.00776	0.00488	0.00505	0.00779	0.00931	0.01263	0.02370	0.53129	0.02745	0.11369	0.20097	0.00397	0.00591	0.01173	0.00414	0.00421
35	0.00830	0.00691	0.01050	0.07112	0.01231	0.00831	0.03142	0.01011	0.00868	0.01241	0.01359	0.07781	0.01327	0.05889	0.50447	0.00614	0.13191	0.00613	0.00284	0.00488
36	0.01149	0.01129	0.02053	0.38481	0.18201	0.01223	0.21292	0.04941	0.01179	0.01581	0.00998	0.01384	0.00771	0.00583	0.02668	0.00187	0.00741	0.00506	0.00260	0.00672
37	0.00718	0.00521	0.00726	0.00757	0.00816	0.00564	0.00544	0.00844	0.00863	0.01202	0.01822	0.22719	0.01966	0.18204	0.44582	0.00612	0.00943	0.00834	0.00339	0.00426
38	0.01153	0.01141	0.02094	0.24541	0.32837	0.01185	0.19833	0.01500	0.01157	0.01578	0.01120	0.01701	0.00948	0.00549	0.00557	0.00172	0.00693	0.06274	0.00269	0.00699
39	0.01833	0.02161	0.01527	0.01337	0.01623	0.58469	0.03981	0.10005	0.08135	0.01581	0.00971	0.01085	0.00778	0.00571	0.00533	0.00145	0.03905	0.00387	0.00316	0.00655

[dist]
# distance from previous block
# <min> <max>
0	79

[block]
# block no. 2 follows, 47 sequences, length 36
# corresponding to MSA columns:
# 152-187
name=unknown_C
#
# <colnr> <probs for GDERKNQSTAVLIFYWHMCP>
#	G	D	E	R	K	N	Q	S	T	A	V	L	I	F	Y	W	H	M	C	P
0	0.17828	0.01652	0.01372	0.01136	0.01488	0.23770	0.00907	0.38393	0.04623	0.02489	0.01055	0.01110	0.00789	0.00576	0.00469	0.00152	0.00639	0.00400	0.00411	0.00742
1	0.01052	0.00913	0.01255	0.07982	0.11217	0.00991	0.05239	0.03635	0.21862	0.01720	0.10746	0.02417	0.07909	0.12406	0.04860	0.00253	0.03855	0.00660	0.00400	0.00627
2	0.01388	0.20153	0.13332	0.03302	0.16093	0.07633	0.05639	0.12213	0.01330	0.01763	0.00934	0.01104	0.00749	0.00482	0.00456	0.00136	0.00631	0.00388	0.00289	0.11983
3	0.00718	0.00523	0.00691	0.00800	0.00866	0.00510	0.00589	0.00915	0.04879	0.01429	0.02805	0.58638	0.03240	0.01537	0.00672	0.00217	0.00352	0.19677	0.00485	0.00457
4	0.09922	0.01103	0.01175	0.00971	0.01251	0.01221	0.00761	0.40435	0.07956	0.02441	0.01401	0.03935	0.01211	0.17000	0.06671	0.00279	0.00581	0.00551	0.00442	0.00692
5	0.01082	0.00810	0.00906	0.00814	0.01043	0.00847	0.00628	0.01831	0.33133	0.05229	0.24858	0.02618	0.06325	0.00809	0.00529	0.00159	0.00332	0.00686	0.11534	0.05828
6	0.05780	0.03138	0.01688	0.02019	0.36801	0.05659	0.01181	0.11076	0.08132	0.13998	0.01251	0.01356	0.00945	0.00535	0.00497	0.00153	0.00563	0.00458	0.00380	0.04392
7	0.02179	0.01138	0.01365	0.01046	0.01455	0.01140	0.00864	0.35224	0.01913	0.45528	0.01700	0.01542	0.01111	0.00636	0.00522	0.00159	0.00500	0.00500	0.00590	0.00886
8	0.01332	0.00795	0.00946	0.00854	0.01060	0.00815	0.00644	0.01852	0.23932	0.21701	0.02055	0.06108	0.01821	0.24988	0.01186	0.00278	0.00450	0.08056	0.00489	0.00637
9	0.02271	0.00872	0.01188	0.00915	0.01307	0.00754	0.00754	0.02474	0.01490	0.75674	0.05166	0.01859	0.01437	0.00662	0.00527	0.00161	0.00435	0.00541	0.00642	0.00870
10	0.01346	0.01363	0.01365	0.01179	0.01341	0.21711	0.04731	0.10927	0.01205	0.01491	0.01059	0.01608	0.00993	0.14373	0.11854	0.00319	0.21770	0.00497	0.00299	0.00570
11	0.00756	0.00510	0.00591	0.00591	0.00600	0.00518	0.00345	0.00772	0.00764	0.01027	0.01619	0.03289	0.01842	0.74904	0.09374	0.00534	0.00583	0.00740	0.00312	0.00329
12	0.01333	0.00921	0.01040	0.00916	0.01191	0.00980	0.00716	0.02232	0.43253	0.16523	0.14449	0.02537	0.10013	0.00815	0.00551	0.00172	0.00376	0.00685	0.00554	0.00743
13	0.00983	0.00926	0.01562	0.80447	0.03587	0.01157	0.01446	0.01331	0.01041	0.01331	0.00926	0.01388	0.00694	0.00521	0.00521	0.00174	0.00694	0.00463	0.00231	0.00579
14	0.01194	0.01233	0.01957	0.03173	0.23569	0.07920	0.23039	0.01542	0.05844	0.01574	0.01370	0.15694	0.01305	0.00726	0.00668	0.00177	0.07340	0.00686	0.00315	0.00673
15	0.01358	0.02321	0.37591	0.01613	0.02174	0.24646	0.19598	0.01782	0.01243	0.01542	0.00924	0.01125	0.00694	0.00494	0.00516	0.00158	0.00846	0.00425	0.00245	0.00704
16	0.00634	0.00453	0.00604	0.00725	0.00755	0.00423	0.00483	0.00725	0.00997	0.01329	0.02870	0.81358	0.03444	0.01632	0.00665	0.00211	0.00302	0.01480	0.00483	0.00423
17	0.02322	0.00910	0.01223	0.00938	0.01341	0.00801	0.00775	0.05613	0.01530	0.75680	0.02021	0.01751	0.01272	0.00644	0.00524	0.00161	0.00449	0.00521	0.00639	0.00886
18	0.00899	0.01400	0.29585	0.01115	0.01454	0.00936	0.01150	0.01280	0.04074	0.01421	0.01295	0.06502	0.01165	0.02167	0.36878	0.00481	0.06780	0.00545	0.00276	0.00596
19	0.00827	0.00557	0.00799	0.00799	0.00892	0.00610	0.00600	0.00981	0.00892	0.05974	0.01676	0.13764	0.01674	0.11236	0.55445	0.00670	0.01087	0.00711	0.00335	0.00470
20	0.00634	0.00453	0.00604	0.00725	0.00755	0.00423	0.00483	0.00725	0.00997	0.01329	0.02870	0.81358	0.03444	0.01632	0.00665	0.00211	0.00302	0.01480	0.00483	0.00423
21	0.00983	0.00926	0.01562	0.80447	0.03587	0.01157	0.01446	0.01331	0.01041	0.01331	0.00926	0.01388	0.00694	0.00521	0.00521	0.00174	0.00694	0.00463	0.00231	0.00579
22	0.01235	0.01229	0.05774	0.36731	0.19863	0.01267	0.11888	0.12476	0.01308	0.01762	0.01003	0.01334	0.00763	0.00511	0.00531	0.00167	0.00689	0.00481	0.00284	0.00705
23	0.01936	0.08820	0.01605	0.01216	0.01571	0.34706	0.00974	0.33981	0.01857	0.06893	0.01065	0.01114	0.00800	0.00573	0.00483	0.00143	0.00719	0.00399	0.00396	0.00747
24	0.01118	0.00948	0.01100	0.00790	0.01250	0.00733	0.00633	0.04522	0.01138	0.01764	0.00939	0.01087	0.00776	0.00396	0.00391	0.00081	0.00394	0.00315	0.00318	0.81305
25	0.00803	0.00639	0.00930	0.00896	0.00969	0.00779	0.00700	0.00966	0.00826	0.01202	0.01307	0.02005	0.01251	0.08710	0.63052	0.00726	0.12938	0.00556	0.00274	0.00470
26	0.01284	0.01933	0.25209	0.01689	0.02152	0.15084	0.27919	0.01663	0.01159	0.01521	0.00910	0.01186	0.00712	0.00555	0.00743	0.00174	0.14710	0.00469	0.00245	0.00682
27	0.00737	0.00532	0.00696	0.00655	0.00778	0.00491	0.00491	0.00983	0.01474	0.02088	0.78175	0.03890	0.04914	0.01065	0.00614	0.00164	0.00246	0.00942	0.00573	0.00491
28	0.01623	0.40425	0.02080	0.05856	0.01597	0.37829	0.00977	0.01786	0.01250	0.01254	0.00773	0.00916	0.00671	0.00492	0.00408	0.00126	0.00742	0.00316	0.00244	0.00633
29	0.00893	0.00538	0.00659	0.00692	0.00817	0.00511	0.00538	0.01087	0.01162	0.06397	0.09020	0.20748	0.10746	0.01139	0.00569	0.00180	0.00325	0.17873	0.25615	0.00491
30	0.00662	0.00476	0.00634	0.00750	0.00798	0.00448	0.00529	0.00774	0.01032	0.01364	0.02943	0.68230	0.06123	0.01594	0.00670	0.00214	0.00325	0.11522	0.00483	0.00431
31	0.00647	0.00521	0.00578	0.00589	0.00735	0.00452	0.00437	0.00798	0.01217	0.01531	0.18767	0.14814	0.52444	0.01315	0.00625	0.00180	0.00271	0.03131	0.00501	0.00448
32	0.20642	0.00913	0.01111	0.00873	0.01258	0.00854	0.00721	0.02316	0.01357	0.61953	0.01761	0.01568	0.01129	0.00609	0.00479	0.00161	0.00434	0.00470	0.00574	0.00815
33	0.85377	0.01007	0.00765	0.00685	0.01007	0.01168	0.00564	0.01531	0.00886	0.02336	0.00725	0.00846	0.00564	0.00483	0.00322	0.00161	0.00403	0.00282	0.00322	0.00564
34	0.00756	0.00570	0.00772	0.00758	0.00843	0.00632	0.00569	0.00906	0.00910	0.01277	0.06701	0.02699	0.10698	0.16490	0.46029	0.00609	0.04857	0.00673	0.02806	0.00444
35	0.01434	0.61406	0.06262	0.00990	0.01417	0.11353	0.00951	0.01731	0.07719	0.01335	0.00865	0.00957	0.00748	0.00482	0.00376	0.00122	0.00601	0.00318	0.00255	0.00679

[dist]
# distance from previous block
# <min> <max>
1	3

[block]
# block no. 3 follows, 47 sequences, length 83
# corresponding to MSA columns:
# 191-273
name=unknown_D
#
# <colnr> <probs for GDERKNQSTAVLIFYWHMCP>
#	G	D	E	R	K	N	Q	S	T	A	V	L	I	F	Y	W	H	M	C	P
0	0.04142	0.46466	0.13993	0.08152	0.01670	0.05216	0.01091	0.03654	0.02767	0.01441	0.00967	0.01323	0.00857	0.00546	0.00418	0.00140	0.00606	0.05625	0.00262	0.00665
1	0.72983	0.01165	0.07810	0.00778	0.01139	0.01179	0.00701	0.01612	0.05303	0.02266	0.00824	0.00932	0.00631	0.00497	0.00350	0.00162	0.00436	0.00309	0.00325	0.00597
2	0.01110	0.00813	0.01021	0.00807	0.01154	0.00689	0.00642	0.01325	0.01050	0.09524	0.01181	0.01437	0.00982	0.01454	0.23853	0.00311	0.00690	0.00405	0.00335	0.51216
3	0.03896	0.01369	0.09039	0.03810	0.19472	0.01298	0.25212	0.09662	0.01250	0.01783	0.01092	0.06122	0.00933	0.00612	0.00717	0.00177	0.11987	0.00560	0.00296	0.00713
4	0.00634	0.00453	0.00604	0.00725	0.00755	0.00423	0.00483	0.00725	0.00997	0.01329	0.02870	0.81358	0.03444	0.01632	0.00665	0.00211	0.00302	0.01480	0.00483	0.00423
5	0.00746	0.00550	0.00795	0.00795	0.00874	0.00628	0.00599	0.00903	0.00825	0.01178	0.01433	0.02256	0.01393	0.15896	0.67769	0.00786	0.01258	0.00589	0.00285	0.00442
6	0.00880	0.00452	0.00672	0.00683	0.00685	0.00450	0.00455	0.00683	0.00707	0.00943	0.01081	0.08742	0.01132	0.01793	0.01912	0.77253	0.00439	0.00545	0.00249	0.00244
7	0.00777	0.00523	0.00599	0.00628	0.00759	0.00487	0.00488	0.00971	0.01174	0.01658	0.11133	0.11001	0.26835	0.01132	0.00565	0.00174	0.00300	0.14949	0.25383	0.00465
8	0.01392	0.82012	0.02729	0.00891	0.01337	0.02061	0.00891	0.01559	0.01058	0.01225	0.00724	0.00835	0.00668	0.00446	0.00334	0.00111	0.00557	0.00278	0.00223	0.00668
9	0.00783	0.00836	0.11009	0.00921	0.01102	0.00724	0.00817	0.01024	0.00871	0.01266	0.01335	0.01923	0.01218	0.03462	0.69335	0.00749	0.01314	0.00535	0.00271	0.00505
10	0.00633	0.00458	0.00600	0.00713	0.00752	0.00424	0.00478	0.00726	0.01009	0.01334	0.03016	0.76733	0.07975	0.01613	0.00662	0.00209	0.00300	0.01457	0.00483	0.00424
11	0.09675	0.01079	0.01282	0.00991	0.01391	0.01072	0.00819	0.26052	0.01741	0.47912	0.01679	0.01523	0.01096	0.00624	0.00505	0.00160	0.00481	0.00485	0.00576	0.00857
12	0.01908	0.01731	0.01503	0.01228	0.01590	0.24668	0.00980	0.47990	0.08897	0.02589	0.01197	0.01220	0.00885	0.00606	0.00507	0.00152	0.00667	0.00440	0.00447	0.00797
13	0.01095	0.00748	0.00924	0.00921	0.01096	0.00772	0.00763	0.16562	0.01420	0.04071	0.02339	0.16436	0.02419	0.01196	0.00628	0.00204	0.00445	0.38312	0.09082	0.00566
14	0.07167	0.24872	0.01495	0.00878	0.01189	0.01241	0.00751	0.01834	0.19912	0.11722	0.17114	0.02139	0.01964	0.00721	0.00485	0.00155	0.00428	0.04807	0.00445	0.00680
15	0.01961	0.01423	0.11756	0.01137	0.01589	0.06573	0.02883	0.24420	0.01702	0.36096	0.01516	0.01437	0.01012	0.00597	0.00513	0.00156	0.00569	0.00471	0.00504	0.03686
16	0.00907	0.00630	0.00772	0.00701	0.00869	0.00596	0.00535	0.07813	0.01506	0.05855	0.54543	0.06145	0.15001	0.01059	0.00603	0.00166	0.00289	0.00919	0.00556	0.00537
17	0.01644	0.24578	0.04119	0.03358	0.01527	0.43864	0.00962	0.04335	0.01332	0.01381	0.00913	0.03229	0.00793	0.00547	0.00435	0.00132	0.00750	0.00369	0.05107	0.00624
18	0.01278	0.01253	0.01870	0.17408	0.51123	0.06680	0.01449	0.01701	0.08973	0.01650	0.01074	0.01350	0.00868	0.00504	0.00515	0.00159	0.00634	0.00468	0.00281	0.00763
19	0.42681	0.00945	0.00993	0.00809	0.01173	0.00961	0.00668	0.02049	0.01197	0.41656	0.01409	0.01322	0.00937	0.00566	0.00426	0.00161	0.00424	0.00406	0.00488	0.00730
20	0.01940	0.00799	0.01082	0.00859	0.01193	0.00698	0.00698	0.02153	0.01486	0.59808	0.20907	0.02297	0.02187	0.00749	0.00546	0.00162	0.00394	0.00627	0.00627	0.00788
21	0.01139	0.01139	0.01595	0.01367	0.01367	0.01595	0.01139	0.01253	0.00798	0.01253	0.00684	0.01139	0.00684	0.00911	0.01709	0.00228	0.80745	0.00456	0.00228	0.00570
22	0.85377	0.01007	0.00765	0.00685	0.01007	0.01168	0.00564	0.01531	0.00886	0.02336	0.00725	0.00846	0.00564	0.00483	0.00322	0.00161	0.00403	0.00282	0.00322	0.00564
23	0.00744	0.00558	0.00837	0.00837	0.00930	0.00651	0.00651	0.00930	0.00837	0.01209	0.01395	0.02046	0.01302	0.03906	0.79635	0.00837	0.01395	0.00558	0.00279	0.00465
24	0.72971	0.00989	0.00832	0.00721	0.01055	0.01108	0.00594	0.01681	0.00977	0.13762	0.00924	0.00984	0.00672	0.00507	0.00352	0.00161	0.00409	0.00318	0.00370	0.00612
25	0.39093	0.00991	0.01044	0.00844	0.01212	0.01020	0.00696	0.08748	0.01309	0.38152	0.01393	0.01315	0.00932	0.00571	0.00434	0.00161	0.00437	0.00412	0.00491	0.00743
26	0.00942	0.00870	0.00962	0.00928	0.01015	0.11108	0.00703	0.01082	0.00946	0.01243	0.03570	0.12290	0.01575	0.10627	0.38356	0.00528	0.11803	0.00666	0.00309	0.00477
27	0.00683	0.00474	0.00590	0.00663	0.00681	0.00456	0.00417	0.00738	0.00902	0.01202	0.02381	0.50354	0.02827	0.33478	0.01455	0.00328	0.00383	0.01193	0.00417	0.00380
28	0.00692	0.00508	0.00649	0.00662	0.00763	0.00465	0.00478	0.00877	0.01295	0.01778	0.46831	0.27713	0.12823	0.01267	0.00630	0.00180	0.00265	0.01124	0.00536	0.00465
29	0.13392	0.01420	0.06095	0.23240	0.02021	0.18330	0.01065	0.07514	0.11159	0.01732	0.01094	0.01315	0.00854	0.00853	0.07581	0.00221	0.00727	0.00430	0.00317	0.00639
30	0.66921	0.00980	0.00864	0.00739	0.01079	0.01079	0.00609	0.01755	0.01021	0.19333	0.01021	0.01052	0.00725	0.00519	0.00367	0.00161	0.00412	0.00336	0.00394	0.00636
31	0.00626	0.00485	0.00572	0.00641	0.00733	0.00430	0.00446	0.00735	0.01078	0.01362	0.03895	0.48828	0.35313	0.01498	0.00644	0.00196	0.00286	0.01318	0.00483	0.00430
32	0.00640	0.00458	0.00610	0.00721	0.00757	0.00427	0.00484	0.00740	0.01024	0.01373	0.07192	0.76912	0.03529	0.01599	0.00662	0.00209	0.00299	0.01450	0.00489	0.00427
33	0.01392	0.82012	0.02729	0.00891	0.01337	0.02061	0.00891	0.01559	0.01058	0.01225	0.00724	0.00835	0.00668	0.00446	0.00334	0.00111	0.00557	0.00278	0.00223	0.00668
34	0.01171	0.01117	0.01900	0.33078	0.49491	0.01206	0.01539	0.01495	0.01130	0.01558	0.00959	0.01327	0.00774	0.00486	0.00518	0.00162	0.00648	0.00464	0.00248	0.00730
35	0.00848	0.01213	0.25153	0.01012	0.01305	0.00804	0.01015	0.01128	0.00904	0.01315	0.01236	0.01805	0.01113	0.07427	0.45534	0.05794	0.01088	0.00510	0.00260	0.00536
36	0.00744	0.00556	0.00829	0.00829	0.00919	0.00646	0.00641	0.00925	0.00835	0.01203	0.01402	0.02087	0.01320	0.06281	0.77284	0.00827	0.01368	0.00564	0.00280	0.00460
37	0.01209	0.02327	0.01888	0.02012	0.26570	0.01443	0.08035	0.01494	0.05369	0.01489	0.00896	0.01254	0.00791	0.00705	0.01136	0.00195	0.41770	0.00478	0.00258	0.00681
38	0.01122	0.04268	0.35867	0.01102	0.01679	0.01011	0.01216	0.06032	0.01172	0.01771	0.00987	0.01141	0.00758	0.00463	0.00440	0.00125	0.00565	0.00361	0.05117	0.34804
39	0.01717	0.25423	0.07347	0.01253	0.03348	0.47615	0.01045	0.01900	0.01322	0.03450	0.00829	0.00952	0.00690	0.00509	0.00435	0.00131	0.00795	0.00331	0.00262	0.00647
40	0.00707	0.00524	0.00676	0.00770	0.00865	0.00493	0.00598	0.00863	0.01114	0.01432	0.03350	0.36469	0.19506	0.01491	0.00675	0.00214	0.00360	0.28962	0.00482	0.00448
41	0.01493	0.04438	0.01335	0.01116	0.01429	0.13593	0.00878	0.12607	0.52603	0.02150	0.01744	0.01651	0.01316	0.00659	0.00512	0.00165	0.00522	0.00521	0.00476	0.00792
42	0.00884	0.01145	0.17199	0.09335	0.06068	0.00833	0.10839	0.01189	0.01145	0.01579	0.13495	0.26537	0.05658	0.00963	0.00590	0.00181	0.00521	0.00882	0.00376	0.00581
43	0.01179	0.18876	0.59561	0.01335	0.02021	0.01362	0.01656	0.01674	0.01110	0.05325	0.00946	0.01078	0.00692	0.00492	0.00463	0.00154	0.00710	0.00370	0.00241	0.00755
44	0.01109	0.10920	0.59735	0.01526	0.02225	0.01316	0.12796	0.01642	0.01114	0.01607	0.00930	0.01116	0.00680	0.00481	0.00495	0.00161	0.00763	0.00407	0.00227	0.00749
45	0.02336	0.00886	0.01209	0.00927	0.01329	0.00765	0.00765	0.02538	0.01491	0.78810	0.02055	0.01773	0.01289	0.00645	0.00524	0.00161	0.00443	0.00524	0.00645	0.00886
46	0.00699	0.00536	0.00647	0.00707	0.00800	0.00511	0.00496	0.00936	0.07946	0.01489	0.09957	0.51058	0.19419	0.01432	0.00638	0.00197	0.00299	0.01271	0.00496	0.00469
47	0.01376	0.19322	0.12646	0.02961	0.08580	0.07100	0.01038	0.08104	0.06027	0.10092	0.06182	0.11568	0.01444	0.00705	0.00496	0.00155	0.00553	0.00576	0.00375	0.00700
48	0.00628	0.00504	0.00562	0.00606	0.00731	0.00438	0.00437	0.00748	0.01122	0.01384	0.04386	0.31305	0.50642	0.01429	0.00635	0.00190	0.00282	0.03055	0.00483	0.00435
49	0.00695	0.00497	0.00612	0.00668	0.00723	0.00470	0.00454	0.00791	0.01009	0.01332	0.09548	0.35591	0.12207	0.25221	0.01247	0.00292	0.00367	0.07428	0.00441	0.00404
50	0.01138	0.01239	0.08970	0.14000	0.48054	0.01124	0.03686	0.01466	0.01171	0.01634	0.04831	0.01723	0.07542	0.00574	0.00530	0.00161	0.00604	0.00537	0.00284	0.00732
51	0.01170	0.01086	0.01818	0.06346	0.59653	0.01094	0.01414	0.01456	0.01166	0.01638	0.01337	0.08027	0.01282	0.00674	0.00552	0.00170	0.00581	0.09496	0.00301	0.00741
52	0.00950	0.00488	0.00488	0.00488	0.00612	0.00483	0.00366	0.01187	0.01098	0.01911	0.01904	0.02118	0.05749	0.00648	0.00378	0.00124	0.00244	0.00521	0.79762	0.00483
53	0.01034	0.00878	0.01265	0.23470	0.17516	0.00956	0.00979	0.06494	0.05730	0.01506	0.01634	0.02315	0.08102	0.24623	0.01159	0.00267	0.00559	0.00615	0.00323	0.00575
54	0.01222	0.06365	0.30099	0.01715	0.14965	0.01354	0.05614	0.01575	0.01055	0.06194	0.00932	0.01186	0.00741	0.00614	0.00850	0.00179	0.23931	0.00434	0.00257	0.00719
55	0.01045	0.02694	0.79000	0.01484	0.02254	0.01209	0.01924	0.01649	0.01099	0.01649	0.00935	0.01099	0.00660	0.00495	0.00495	0.00165	0.00770	0.00385	0.00220	0.00770
56	0.00651	0.00469	0.00617	0.00707	0.00758	0.00435	0.00482	0.00769	0.01084	0.01460	0.15705	0.65835	0.06042	0.01526	0.00655	0.00202	0.00291	0.01377	0.00499	0.00435
57	0.01365	0.01301	0.01869	0.07007	0.49566	0.08251	0.03261	0.10042	0.01348	0.01806	0.01157	0.01686	0.01010	0.00581	0.00534	0.00162	0.00640	0.07342	0.00307	0.00763
58	0.01460	0.01473	0.01516	0.01712	0.22934	0.21239	0.02307	0.06567	0.24410	0.01799	0.01356	0.01537	0.01096	0.05232	0.00628	0.00176	0.00623	0.00489	0.02717	0.00731
59	0.00983	0.00926	0.01562	0.80447	0.03587	0.01157	0.01446	0.01331	0.01041	0.01331	0.00926	0.01388	0.00694	0.00521	0.00521	0.00174	0.00694	0.00463	0.00231	0.00579
60	0.00757	0.00505	0.00568	0.00568	0.00568	0.00505	0.00316	0.00757	0.00757	0.01010	0.01641	0.03408	0.01893	0.81698	0.02651	0.00505	0.00505	0.00757	0.00316	0.00316
61	0.00636	0.00460	0.00601	0.00710	0.00752	0.00426	0.00478	0.00733	0.01022	0.01353	0.04868	0.74274	0.08572	0.01596	0.00660	0.00208	0.00298	0.01441	0.00486	0.00426
62	0.00720	0.00499	0.00643	0.00690	0.00776	0.00456	0.00486	0.00865	0.01175	0.04181	0.25251	0.47504	0.12016	0.01397	0.00640	0.00192	0.00286	0.01248	0.00515	0.00461
63	0.03778	0.01292	0.01416	0.01147	0.01488	0.01469	0.00934	0.42844	0.24432	0.06167	0.01480	0.01459	0.01086	0.00672	0.00625	0.00169	0.07710	0.00501	0.00498	0.00831
64	0.01235	0.01390	0.02987	0.02285	0.09518	0.01310	0.69831	0.01662	0.01225	0.01671	0.01047	0.01394	0.00793	0.00441	0.00606	0.00174	0.00855	0.00601	0.00263	0.00713
65	0.01348	0.00954	0.01077	0.00888	0.01189	0.00971	0.00713	0.28252	0.04199	0.09278	0.04508	0.02493	0.21899	0.01234	0.10833	0.00244	0.00554	0.00657	0.00473	0.08236
66	0.01890	0.15950	0.01683	0.01203	0.01538	0.46464	0.00962	0.14121	0.01562	0.08549	0.00975	0.01046	0.00761	0.00545	0.00459	0.00136	0.00769	0.00364	0.00335	0.00686
67	0.00736	0.00519	0.00676	0.00692	0.00732	0.00551	0.00467	0.00820	0.00819	0.01128	0.01706	0.13027	0.01867	0.41275	0.32084	0.00595	0.00822	0.00775	0.00323	0.00387
68	0.01034	0.01326	0.24137	0.17643	0.04279	0.00928	0.01164	0.04838	0.01163	0.05868	0.10523	0.10904	0.01699	0.11278	0.00818	0.00215	0.00572	0.00654	0.00345	0.00612
69	0.01244	0.00628	0.00841	0.00767	0.00956	0.00563	0.00581	0.01429	0.01338	0.27618	0.30337	0.26106	0.03262	0.01091	0.00599	0.00177	0.00329	0.00961	0.00571	0.00604
70	0.01198	0.01145	0.01950	0.26058	0.56294	0.01214	0.01553	0.01519	0.01143	0.01592	0.00964	0.01318	0.00786	0.00481	0.00517	0.00160	0.00641	0.00464	0.00250	0.00752
71	0.00779	0.00556	0.00604	0.00583	0.00768	0.00471	0.00440	0.00923	0.01223	0.08394	0.09722	0.09028	0.62138	0.01259	0.00610	0.00176	0.00281	0.01059	0.00504	0.00482
72	0.00875	0.00582	0.00730	0.00725	0.00890	0.00531	0.00584	0.01078	0.01305	0.08811	0.26337	0.04617	0.27653	0.01213	0.00636	0.00189	0.00336	0.21876	0.00524	0.00508
73	0.01496	0.36582	0.01908	0.01006	0.01368	0.08228	0.00876	0.09872	0.18862	0.06671	0.01236	0.01284	0.00984	0.00770	0.05449	0.00184	0.01732	0.00411	0.00360	0.00722
74	0.02730	0.15938	0.06594	0.02073	0.37421	0.08346	0.01287	0.09305	0.01334	0.08663	0.01036	0.01198	0.00817	0.00502	0.00476	0.00147	0.00622	0.00418	0.00312	0.00782
75	0.01598	0.34368	0.04040	0.01249	0.01637	0.32542	0.09761	0.04055	0.03686	0.01398	0.00859	0.00996	0.00719	0.00495	0.00436	0.00133	0.00746	0.00358	0.00264	0.00661
76	0.60491	0.01075	0.01164	0.01428	0.23926	0.01189	0.00870	0.01551	0.00975	0.02149	0.00800	0.00977	0.00641	0.00478	0.00379	0.00159	0.00467	0.00336	0.00303	0.00641
77	0.00735	0.00595	0.00751	0.00835	0.07724	0.00538	0.00558	0.00934	0.01310	0.01729	0.35947	0.04225	0.37657	0.01137	0.00609	0.00171	0.00295	0.03250	0.00502	0.00498
78	0.01124	0.01478	0.23190	0.17770	0.12062	0.01195	0.02640	0.01460	0.01064	0.05910	0.01339	0.01587	0.07694	0.00670	0.00786	0.00180	0.18401	0.00503	0.00278	0.00669
79	0.01326	0.23655	0.04395	0.01124	0.03714	0.01304	0.09732	0.02890	0.18858	0.10368	0.05688	0.01878	0.05827	0.06268	0.00640	0.00177	0.00520	0.00546	0.00392	0.00697
80	0.00835	0.00763	0.01350	0.01120	0.01338	0.00707	0.22990	0.01074	0.01210	0.01635	0.22159	0.29265	0.11176	0.01097	0.00631	0.00185	0.00454	0.01043	0.00442	0.00525
81	0.01160	0.22632	0.06465	0.01366	0.15713	0.05547	0.00994	0.04675	0.01144	0.01510	0.07989	0.03582	0.01320	0.01444	0.20768	0.00321	0.01943	0.00495	0.00297	0.00634
82	0.00720	0.00576	0.00651	0.00636	0.00792	0.00533	0.00475	0.01008	0.08120	0.01706	0.30085	0.10849	0.39545	0.01202	0.00612	0.00175	0.00274	0.01031	0.00519	0.00491

[dist]
# distance from previous block
# <min> <max>
0	25

# created by:
# /home/cegg/simao/soft/augustus-3.2.1/scripts/msa2prfl.pl ./align_prep/21956.fa
