[name]
unknown

[dist]
# distance from previous block
# <min> <max>
0	0

[block]
# block no. 0 follows, 46 sequences, length 19
# corresponding to MSA columns:
# 0-18
name=unknown_A
#
# <colnr> <probs for GDERKNQSTAVLIFYWHMCP>
#	G	D	E	R	K	N	Q	S	T	A	V	L	I	F	Y	W	H	M	C	P
0	0.00852	0.00608	0.00852	0.00974	0.01095	0.00608	0.00852	0.01095	0.01217	0.01582	0.02799	0.05963	0.03042	0.01460	0.00730	0.00243	0.00487	0.74565	0.00487	0.00487
1	0.01637	0.00923	0.01152	0.00850	0.01294	0.00735	0.00690	0.01859	0.01273	0.34250	0.01425	0.01394	0.01006	0.00503	0.00451	0.00114	0.00416	0.00406	0.00458	0.49165
2	0.01070	0.00954	0.01477	0.15821	0.32978	0.00978	0.01145	0.04793	0.01281	0.01756	0.15576	0.05100	0.11287	0.00748	0.00557	0.00165	0.00508	0.00672	0.00366	0.02767
3	0.02010	0.01481	0.01587	0.01216	0.01639	0.01639	0.01005	0.76360	0.02486	0.03332	0.01269	0.01269	0.00899	0.00635	0.00529	0.00159	0.00582	0.00476	0.00529	0.00899
4	0.01253	0.01200	0.02047	0.16874	0.64924	0.01242	0.01595	0.01574	0.01178	0.01660	0.00985	0.01326	0.00814	0.00481	0.00524	0.00160	0.00642	0.00471	0.00257	0.00793
5	0.01018	0.00960	0.01621	0.75231	0.08406	0.01180	0.01478	0.01368	0.01066	0.01375	0.00943	0.01403	0.00713	0.00525	0.00528	0.00175	0.00700	0.00470	0.00237	0.00603
6	0.01629	0.01401	0.01383	0.09643	0.08884	0.21989	0.00980	0.14803	0.01598	0.13872	0.16633	0.01825	0.01701	0.00677	0.00534	0.00157	0.00611	0.00544	0.00434	0.00703
7	0.01145	0.01124	0.01532	0.21068	0.30322	0.09292	0.01207	0.01446	0.03137	0.01603	0.10493	0.05674	0.08341	0.00704	0.00548	0.00166	0.00584	0.00623	0.00332	0.00659
8	0.01028	0.01101	0.11671	0.01343	0.15551	0.00880	0.00971	0.01504	0.12793	0.03055	0.21174	0.11210	0.05029	0.00828	0.00555	0.00163	0.00443	0.00727	0.00426	0.09549
9	0.00908	0.00656	0.00778	0.00707	0.00898	0.00609	0.00539	0.05369	0.04951	0.05667	0.39325	0.08133	0.22546	0.01077	0.00600	0.00167	0.00302	0.00927	0.00537	0.05304
10	0.01578	0.01144	0.01453	0.02886	0.08308	0.03293	0.04423	0.23819	0.01595	0.15039	0.05133	0.08493	0.01344	0.00713	0.00628	0.00160	0.06974	0.00579	0.00447	0.11990
11	0.00754	0.00566	0.00712	0.00795	0.00871	0.00567	0.00560	0.01057	0.11796	0.01510	0.05329	0.63218	0.03256	0.01494	0.00657	0.00210	0.00330	0.05328	0.00500	0.00492
12	0.01395	0.01140	0.01221	0.01058	0.01363	0.01290	0.00833	0.17832	0.53137	0.02433	0.10541	0.02051	0.01848	0.00741	0.00546	0.00174	0.00433	0.00613	0.00541	0.00811
13	0.01428	0.01208	0.01885	0.06264	0.53997	0.01228	0.01399	0.12316	0.01401	0.07178	0.01355	0.01557	0.05275	0.00559	0.00531	0.00160	0.00592	0.00513	0.00339	0.00816
14	0.00976	0.16935	0.01128	0.00720	0.00926	0.00893	0.00588	0.01322	0.08214	0.01925	0.41748	0.02789	0.03160	0.00838	0.00513	0.00149	0.00328	0.00705	0.15580	0.00565
15	0.06584	0.01141	0.01870	0.10164	0.59302	0.01171	0.01441	0.01514	0.01153	0.01699	0.01142	0.08317	0.01042	0.00582	0.00525	0.00164	0.00593	0.00550	0.00284	0.00761
16	0.01317	0.10378	0.02262	0.02932	0.65881	0.01355	0.05054	0.01621	0.01191	0.01671	0.00969	0.01262	0.00818	0.00468	0.00507	0.00153	0.00633	0.00457	0.00258	0.00814
17	0.01331	0.18635	0.02264	0.06042	0.44948	0.04678	0.06659	0.01605	0.01160	0.01557	0.00915	0.01198	0.00779	0.00499	0.00564	0.00154	0.05566	0.00435	0.00252	0.00758
18	0.09053	0.00971	0.01352	0.10473	0.21852	0.01012	0.01014	0.11620	0.01366	0.09319	0.10345	0.14841	0.01805	0.00801	0.00547	0.00173	0.00494	0.01861	0.00417	0.00687

[dist]
# distance from previous block
# <min> <max>
1	9

[block]
# block no. 1 follows, 46 sequences, length 15
# corresponding to MSA columns:
# 29-43
name=unknown_B
#
# <colnr> <probs for GDERKNQSTAVLIFYWHMCP>
#	G	D	E	R	K	N	Q	S	T	A	V	L	I	F	Y	W	H	M	C	P
0	0.01133	0.08145	0.01438	0.25053	0.11791	0.00988	0.02405	0.01386	0.01181	0.09939	0.07546	0.12827	0.05313	0.00846	0.00563	0.00178	0.00529	0.07738	0.00381	0.00620
1	0.01371	0.01375	0.02085	0.03068	0.70954	0.08571	0.01566	0.01668	0.01231	0.01687	0.00978	0.01275	0.00823	0.00478	0.00519	0.00155	0.00659	0.00459	0.00263	0.00816
2	0.01258	0.26064	0.08489	0.03116	0.01383	0.12081	0.00915	0.08167	0.01294	0.01574	0.05570	0.10986	0.10377	0.00817	0.00528	0.00157	0.02224	0.04029	0.00351	0.00621
3	0.01201	0.08943	0.12820	0.03774	0.05577	0.08725	0.19468	0.01500	0.01189	0.05081	0.04624	0.17643	0.01540	0.00784	0.00603	0.00175	0.03352	0.02019	0.00335	0.00646
4	0.00885	0.00729	0.01107	0.01516	0.25844	0.00703	0.00842	0.01022	0.01068	0.01438	0.02431	0.36061	0.12972	0.01245	0.00764	0.09014	0.00421	0.01004	0.00389	0.00543
5	0.00793	0.00564	0.00701	0.00758	0.03020	0.00513	0.00542	0.00946	0.01185	0.05521	0.13451	0.24069	0.29359	0.06189	0.00768	0.00213	0.00337	0.10097	0.00494	0.00481
6	0.01435	0.24554	0.24868	0.01182	0.01673	0.08802	0.01212	0.14355	0.06181	0.04063	0.01163	0.06148	0.00968	0.00605	0.00472	0.00151	0.00640	0.00457	0.00330	0.00741
7	0.03533	0.08041	0.20723	0.03245	0.14114	0.14450	0.01303	0.12552	0.09015	0.06355	0.01144	0.01246	0.00862	0.00550	0.00494	0.00156	0.00674	0.00427	0.00341	0.00774
8	0.00678	0.00519	0.00621	0.00635	0.00757	0.00463	0.00461	0.00846	0.01272	0.01679	0.33063	0.23251	0.31212	0.01316	0.00637	0.00183	0.00270	0.01148	0.00526	0.00463
9	0.01113	0.01062	0.01770	0.48083	0.27598	0.01241	0.01490	0.01432	0.01082	0.01466	0.00935	0.01354	0.00747	0.00546	0.00636	0.00175	0.07890	0.00470	0.00243	0.00668
10	0.03813	0.01775	0.25188	0.01937	0.25621	0.07875	0.04770	0.05685	0.05000	0.11539	0.01170	0.01305	0.00865	0.00530	0.00514	0.00162	0.00673	0.00451	0.00330	0.00799
11	0.01214	0.00808	0.00967	0.00886	0.01084	0.02132	0.00703	0.05371	0.13163	0.13420	0.08874	0.06715	0.07870	0.03446	0.09249	0.00263	0.05357	0.09508	0.08347	0.00622
12	0.00984	0.00577	0.00655	0.00621	0.00806	0.00509	0.00470	0.01153	0.01229	0.13879	0.07621	0.12348	0.38398	0.01108	0.00565	0.00169	0.00296	0.00934	0.17149	0.00529
13	0.09138	0.06535	0.35190	0.01421	0.01994	0.03224	0.13898	0.07705	0.08382	0.05895	0.01131	0.01252	0.00823	0.00528	0.00503	0.00165	0.00690	0.00446	0.00318	0.00761
14	0.01158	0.01328	0.17263	0.01370	0.12270	0.04831	0.07074	0.04004	0.02664	0.07124	0.08052	0.02452	0.17576	0.00763	0.00544	0.00164	0.00535	0.01908	0.08256	0.00664

[dist]
# distance from previous block
# <min> <max>
0	9

[block]
# block no. 2 follows, 46 sequences, length 26
# corresponding to MSA columns:
# 53-78
name=unknown_C
#
# <colnr> <probs for GDERKNQSTAVLIFYWHMCP>
#	G	D	E	R	K	N	Q	S	T	A	V	L	I	F	Y	W	H	M	C	P
0	0.15923	0.06347	0.09573	0.01108	0.01435	0.35081	0.00933	0.07098	0.01295	0.01641	0.00960	0.01304	0.00842	0.11114	0.00737	0.00192	0.00719	0.00398	0.00300	0.03001
1	0.01085	0.00878	0.01356	0.17021	0.11761	0.00893	0.08581	0.01441	0.06715	0.08325	0.10451	0.02813	0.19816	0.00828	0.00576	0.00174	0.00498	0.03634	0.02525	0.00629
2	0.00851	0.00683	0.00967	0.00892	0.00949	0.00800	0.03485	0.00963	0.00826	0.01174	0.01371	0.02427	0.01424	0.33506	0.32591	0.00582	0.15152	0.00629	0.00288	0.00441
3	0.00755	0.00605	0.00684	0.00658	0.00824	0.00568	0.00495	0.01093	0.10230	0.01791	0.33610	0.07156	0.37233	0.01176	0.00616	0.00175	0.00280	0.01006	0.00533	0.00512
4	0.00755	0.00566	0.00850	0.00850	0.00944	0.00661	0.00661	0.00944	0.00850	0.01227	0.01416	0.02077	0.01322	0.03965	0.79326	0.00850	0.01416	0.00566	0.00283	0.00472
5	0.00826	0.00546	0.00700	0.00687	0.00816	0.00495	0.00505	0.01018	0.01339	0.07468	0.44380	0.23466	0.13294	0.01227	0.00630	0.00180	0.00281	0.01083	0.00553	0.00504
6	0.00678	0.00500	0.00634	0.00679	0.00767	0.00456	0.00480	0.00832	0.01213	0.01633	0.29659	0.41936	0.15780	0.01404	0.00649	0.00192	0.00280	0.01249	0.00523	0.00456
7	0.01423	0.26772	0.27258	0.01267	0.06687	0.01428	0.01257	0.08829	0.01298	0.11869	0.01354	0.01409	0.05830	0.00572	0.00467	0.00149	0.00607	0.00436	0.00330	0.00758
8	0.00700	0.00513	0.00644	0.00698	0.00782	0.00477	0.00502	0.00842	0.01149	0.01524	0.19397	0.34522	0.16417	0.09648	0.00869	0.00232	0.00330	0.09819	0.00493	0.00443
9	0.01369	0.01312	0.01708	0.25679	0.08689	0.10817	0.07972	0.16136	0.01415	0.01834	0.06012	0.01451	0.01039	0.00629	0.00701	0.00173	0.11563	0.00500	0.00324	0.00677
10	0.01681	0.04366	0.01467	0.01273	0.01526	0.46432	0.00983	0.02188	0.22191	0.01542	0.01167	0.01254	0.00939	0.00634	0.00637	0.00159	0.10127	0.00424	0.00339	0.00672
11	0.01092	0.01186	0.05005	0.01675	0.02027	0.01140	0.43895	0.01415	0.01078	0.01503	0.01166	0.01742	0.01012	0.10572	0.13702	0.00330	0.08573	0.00605	0.01670	0.00614
12	0.01325	0.01138	0.01674	0.46400	0.14778	0.01315	0.01365	0.21999	0.01473	0.01954	0.01039	0.01355	0.00779	0.00549	0.00528	0.00168	0.00659	0.00472	0.00320	0.00712
13	0.01897	0.02357	0.01463	0.01328	0.01604	0.70144	0.01000	0.02193	0.10381	0.01402	0.00974	0.01073	0.00790	0.00565	0.00484	0.00141	0.00891	0.00371	0.00304	0.00639
14	0.01951	0.01802	0.10552	0.01241	0.01664	0.21910	0.01081	0.35360	0.01898	0.15500	0.01253	0.01259	0.00885	0.00599	0.00512	0.00155	0.00680	0.00440	0.00447	0.00810
15	0.01383	0.01320	0.01374	0.01197	0.03929	0.22327	0.09622	0.01580	0.01250	0.09404	0.01524	0.20732	0.01477	0.00779	0.00530	0.00151	0.00597	0.00676	0.00373	0.19777
16	0.00647	0.00471	0.00603	0.00706	0.00753	0.00435	0.00474	0.00740	0.01025	0.01346	0.03151	0.69089	0.12169	0.04771	0.00749	0.00222	0.00310	0.01428	0.00484	0.00427
17	0.01286	0.01366	0.06895	0.03020	0.64685	0.01264	0.10397	0.01634	0.01204	0.01720	0.01000	0.01311	0.00823	0.00470	0.00534	0.00160	0.00668	0.00484	0.00260	0.00819
18	0.01200	0.01278	0.06582	0.10700	0.09103	0.11986	0.11398	0.01586	0.08837	0.04429	0.04378	0.18156	0.03507	0.00825	0.00613	0.00178	0.03506	0.00732	0.00365	0.00642
19	0.01206	0.00624	0.00818	0.00757	0.00935	0.00561	0.00564	0.01371	0.01290	0.25089	0.22735	0.26613	0.07630	0.06382	0.00746	0.00203	0.00346	0.00989	0.00554	0.00585
20	0.00896	0.00829	0.01297	0.58280	0.02837	0.00974	0.01175	0.01188	0.01098	0.01372	0.02153	0.02420	0.21913	0.00751	0.00555	0.00177	0.00585	0.00647	0.00305	0.00549
21	0.04028	0.18298	0.30136	0.01378	0.06767	0.03603	0.05856	0.09732	0.02920	0.03390	0.06147	0.01414	0.02973	0.00568	0.00486	0.00155	0.00642	0.00455	0.00313	0.00738
22	0.01127	0.00875	0.01098	0.06249	0.06272	0.03125	0.00808	0.10060	0.04137	0.07542	0.02357	0.12115	0.17551	0.01556	0.15788	0.00310	0.07259	0.00758	0.00410	0.00602
23	0.00681	0.00482	0.00602	0.00677	0.00712	0.00456	0.00438	0.00756	0.00975	0.01293	0.05447	0.51978	0.07995	0.23526	0.01223	0.00292	0.00359	0.01256	0.00447	0.00403
24	0.06646	0.01198	0.06810	0.07231	0.51714	0.01120	0.01387	0.01470	0.01132	0.01674	0.01225	0.11000	0.01158	0.03257	0.00598	0.00178	0.00586	0.00588	0.00291	0.00735
25	0.01124	0.06219	0.01209	0.00801	0.01264	0.00816	0.00652	0.01398	0.03687	0.01708	0.00968	0.01110	0.00805	0.00407	0.00393	0.00084	0.00404	0.00321	0.00315	0.76317

[dist]
# distance from previous block
# <min> <max>
0	2

[block]
# block no. 3 follows, 46 sequences, length 40
# corresponding to MSA columns:
# 81-120
name=unknown_D
#
# <colnr> <probs for GDERKNQSTAVLIFYWHMCP>
#	G	D	E	R	K	N	Q	S	T	A	V	L	I	F	Y	W	H	M	C	P
0	0.85155	0.01022	0.00777	0.00695	0.01022	0.01186	0.00573	0.01554	0.00900	0.02372	0.00736	0.00859	0.00573	0.00491	0.00327	0.00164	0.00409	0.00286	0.00327	0.00573
1	0.01158	0.01091	0.01743	0.38132	0.30234	0.01247	0.01429	0.01623	0.10390	0.01588	0.01093	0.01427	0.00863	0.00553	0.00597	0.00173	0.05185	0.00485	0.00281	0.00708
2	0.00732	0.00515	0.00644	0.00687	0.00743	0.00495	0.00473	0.00843	0.01055	0.01418	0.17159	0.26502	0.06400	0.29356	0.01373	0.00311	0.00388	0.10045	0.00449	0.00413
3	0.00750	0.00509	0.00577	0.00588	0.00601	0.00501	0.00340	0.00765	0.00815	0.01076	0.01985	0.10327	0.06388	0.69897	0.02397	0.00468	0.00481	0.00853	0.00345	0.00337
4	0.00730	0.00552	0.00705	0.00718	0.00828	0.00558	0.00545	0.00883	0.01027	0.01353	0.07401	0.03777	0.24769	0.14586	0.29676	0.00482	0.00750	0.09821	0.00394	0.00444
5	0.75047	0.01007	0.00832	0.00725	0.01062	0.01136	0.00597	0.01679	0.00975	0.11666	0.00901	0.00974	0.00662	0.00511	0.00352	0.00164	0.00414	0.00316	0.00367	0.00612
6	0.01271	0.01217	0.02077	0.12635	0.69029	0.01246	0.01604	0.01589	0.01186	0.01681	0.00988	0.01321	0.00821	0.00478	0.00524	0.00159	0.00637	0.00471	0.00258	0.00807
7	0.01979	0.02393	0.01509	0.01344	0.01635	0.69816	0.01019	0.11177	0.01619	0.01543	0.00872	0.00992	0.00708	0.00556	0.00483	0.00139	0.00908	0.00357	0.00304	0.00648
8	0.01258	0.01205	0.02056	0.15633	0.66125	0.01243	0.01598	0.01579	0.01180	0.01666	0.00986	0.01325	0.00816	0.00480	0.00524	0.00160	0.00640	0.00471	0.00257	0.00797
9	0.00693	0.00509	0.00650	0.00677	0.00772	0.00466	0.00484	0.00868	0.01274	0.01739	0.40159	0.33767	0.13318	0.01334	0.00643	0.00186	0.00274	0.01186	0.00536	0.00466
10	0.00783	0.00565	0.00769	0.00882	0.00984	0.00551	0.00728	0.00980	0.01163	0.01512	0.03005	0.25226	0.08334	0.01502	0.00709	0.00232	0.00425	0.50693	0.00488	0.00469
11	0.01210	0.01282	0.02559	0.18931	0.21232	0.01283	0.42325	0.01604	0.01197	0.01629	0.01024	0.01394	0.00790	0.00469	0.00579	0.00173	0.00788	0.00554	0.00259	0.00717
12	0.00704	0.00530	0.00708	0.06190	0.00977	0.00509	0.00563	0.00871	0.01188	0.01598	0.25716	0.42232	0.11298	0.01366	0.00646	0.00195	0.00318	0.03426	0.00501	0.00465
13	0.02372	0.00900	0.01227	0.00941	0.01350	0.00777	0.00777	0.02576	0.01513	0.78489	0.02086	0.01799	0.01309	0.00654	0.00532	0.00164	0.00450	0.00532	0.00654	0.00900
14	0.00661	0.00467	0.00608	0.00714	0.00740	0.00441	0.00467	0.00741	0.00978	0.01305	0.02741	0.70320	0.03278	0.12710	0.00954	0.00256	0.00335	0.01401	0.00467	0.00414
15	0.85155	0.01022	0.00777	0.00695	0.01022	0.01186	0.00573	0.01554	0.00900	0.02372	0.00736	0.00859	0.00573	0.00491	0.00327	0.00164	0.00409	0.00286	0.00327	0.00573
16	0.01368	0.05937	0.01180	0.00960	0.02561	0.02968	0.00748	0.05766	0.30003	0.14878	0.18728	0.02493	0.08542	0.00809	0.00548	0.00167	0.00408	0.00674	0.00532	0.00729
17	0.01505	0.19874	0.02048	0.01769	0.22362	0.12346	0.06826	0.10752	0.14018	0.01825	0.01141	0.01269	0.00913	0.00535	0.00485	0.00150	0.00638	0.00443	0.00333	0.00768
18	0.01406	0.01564	0.23107	0.01130	0.01670	0.03315	0.03982	0.09892	0.01333	0.13144	0.01148	0.01233	0.00839	0.00495	0.00470	0.00130	0.00567	0.00398	0.00359	0.33820
19	0.01522	0.08779	0.24318	0.01644	0.15161	0.07740	0.05618	0.07582	0.06591	0.14152	0.01225	0.01311	0.00894	0.00542	0.00506	0.00158	0.00663	0.00448	0.00351	0.00796
20	0.01638	0.16693	0.01679	0.01148	0.01493	0.14667	0.00945	0.23758	0.24570	0.02153	0.01331	0.01344	0.01027	0.00625	0.00547	0.00156	0.04582	0.00453	0.00416	0.00774
21	0.01176	0.02581	0.69268	0.01471	0.02209	0.01278	0.01837	0.10794	0.01283	0.01877	0.00988	0.01135	0.00698	0.00518	0.00506	0.00166	0.00757	0.00401	0.00261	0.00796
22	0.01177	0.00650	0.00770	0.00698	0.00896	0.00601	0.00531	0.05464	0.01309	0.18721	0.10964	0.13822	0.20834	0.04993	0.00661	0.00184	0.00337	0.00855	0.15955	0.00577
23	0.01417	0.01012	0.01445	0.01687	0.25098	0.05376	0.03794	0.01629	0.01208	0.20398	0.01666	0.16768	0.01512	0.03036	0.05173	0.00221	0.04678	0.00695	0.02486	0.00701
24	0.01197	0.13327	0.16329	0.01197	0.08185	0.05548	0.01034	0.01538	0.03954	0.01623	0.01025	0.03981	0.00873	0.00495	0.00437	0.00119	0.00543	0.00392	0.00291	0.37910
25	0.04211	0.04404	0.01510	0.01333	0.01611	0.75310	0.01006	0.02083	0.01472	0.01322	0.00813	0.00948	0.00678	0.00541	0.00469	0.00136	0.00929	0.00338	0.00273	0.00613
26	0.00825	0.00565	0.00667	0.00653	0.00819	0.00497	0.00497	0.00996	0.01285	0.08328	0.22673	0.12617	0.40341	0.01256	0.00628	0.00182	0.00297	0.05845	0.00528	0.00500
27	0.02570	0.01025	0.01306	0.01122	0.01249	0.01281	0.00910	0.18100	0.01210	0.01764	0.01097	0.01574	0.00990	0.07204	0.17474	0.00356	0.34930	0.00508	0.04726	0.00606
28	0.01323	0.01237	0.02053	0.06059	0.68544	0.01255	0.01558	0.05854	0.01271	0.01799	0.01062	0.01450	0.00902	0.00512	0.00530	0.00160	0.00624	0.02702	0.00283	0.00821
29	0.00645	0.00517	0.00576	0.00603	0.00737	0.00448	0.00436	0.00782	0.01191	0.01493	0.13613	0.24391	0.49934	0.01388	0.00637	0.00186	0.00275	0.01195	0.00502	0.00448
30	0.02134	0.01281	0.01463	0.01121	0.01540	0.01343	0.00926	0.50965	0.02151	0.29200	0.01550	0.01452	0.01040	0.00641	0.00530	0.00160	0.00536	0.00495	0.00572	0.00899
31	0.11543	0.01910	0.31615	0.01864	0.19974	0.05695	0.09836	0.08193	0.01266	0.01897	0.00968	0.01169	0.00733	0.00501	0.00500	0.00163	0.00704	0.00427	0.00279	0.00762
32	0.00928	0.03078	0.04013	0.03954	0.04547	0.09075	0.02570	0.01083	0.01078	0.01379	0.02155	0.42451	0.02438	0.08245	0.00825	0.00224	0.02458	0.07013	0.01986	0.00500
33	0.00638	0.00484	0.00589	0.00674	0.00750	0.00435	0.00463	0.00743	0.01072	0.01374	0.03674	0.57415	0.26666	0.01557	0.00659	0.00203	0.00295	0.01382	0.00491	0.00435
34	0.01040	0.01153	0.10684	0.06052	0.11614	0.04933	0.03914	0.02850	0.08434	0.01837	0.28932	0.02550	0.06445	0.02910	0.02048	0.00189	0.02679	0.00689	0.00415	0.00631
35	0.85155	0.01022	0.00777	0.00695	0.01022	0.01186	0.00573	0.01554	0.00900	0.02372	0.00736	0.00859	0.00573	0.00491	0.00327	0.00164	0.00409	0.00286	0.00327	0.00573
36	0.01341	0.02252	0.36916	0.11017	0.02123	0.25473	0.01488	0.01725	0.01206	0.01500	0.00919	0.01137	0.00706	0.00552	0.00578	0.00161	0.06311	0.00394	0.03520	0.00680
37	0.01071	0.10800	0.01638	0.55793	0.04426	0.01245	0.01269	0.03333	0.05032	0.01486	0.05523	0.01626	0.03457	0.00588	0.00514	0.00167	0.00628	0.00502	0.00285	0.00615
38	0.15133	0.00798	0.00909	0.00757	0.01074	0.00728	0.00612	0.01658	0.01256	0.29796	0.03912	0.02602	0.20753	0.00807	0.00508	0.00159	0.00380	0.03467	0.03773	0.10919
39	0.00690	0.00473	0.00598	0.00690	0.00746	0.00442	0.00471	0.00812	0.01061	0.01470	0.06772	0.62493	0.08176	0.01479	0.00632	0.00199	0.00294	0.01326	0.10736	0.00442

[dist]
# distance from previous block
# <min> <max>
0	1

[block]
# block no. 4 follows, 46 sequences, length 15
# corresponding to MSA columns:
# 122-136
name=unknown_E
#
# <colnr> <probs for GDERKNQSTAVLIFYWHMCP>
#	G	D	E	R	K	N	Q	S	T	A	V	L	I	F	Y	W	H	M	C	P
0	0.00649	0.00479	0.00607	0.00696	0.00760	0.00438	0.00476	0.00761	0.01084	0.01424	0.09287	0.61873	0.16419	0.01556	0.00662	0.00205	0.00295	0.01393	0.00498	0.00438
1	0.00725	0.00528	0.00594	0.00581	0.00697	0.00482	0.00410	0.00872	0.01184	0.01588	0.26340	0.04109	0.31666	0.20054	0.01090	0.00249	0.00318	0.00936	0.07142	0.00436
2	0.01347	0.01024	0.01075	0.00944	0.01218	0.01151	0.00741	0.15037	0.44039	0.02340	0.01886	0.01851	0.01422	0.00676	0.00491	0.00161	0.00401	0.00549	0.22892	0.00756
3	0.08118	0.08361	0.07877	0.02056	0.32622	0.09855	0.05509	0.11227	0.06031	0.01918	0.01039	0.01223	0.00826	0.00516	0.00493	0.00155	0.00649	0.00437	0.00313	0.00775
4	0.01134	0.17911	0.18645	0.01611	0.16808	0.01341	0.04716	0.01420	0.01064	0.01477	0.01217	0.14879	0.01201	0.00750	0.00706	0.00173	0.13393	0.00598	0.00281	0.00675
5	0.08377	0.05255	0.12090	0.01053	0.01477	0.03572	0.00966	0.18879	0.05370	0.14595	0.01516	0.01608	0.05184	0.00636	0.00532	0.00154	0.03302	0.02362	0.00424	0.12650
6	0.01085	0.00859	0.01021	0.00801	0.01175	0.00699	0.00636	0.04164	0.01159	0.04685	0.01551	0.07721	0.06047	0.00825	0.04899	0.00154	0.00450	0.04454	0.00367	0.57249
7	0.01372	0.16929	0.19350	0.01306	0.08287	0.07096	0.01150	0.14408	0.01380	0.05340	0.01344	0.14722	0.01240	0.00716	0.00503	0.00158	0.00598	0.00581	0.00351	0.03170
8	0.01160	0.04217	0.26518	0.02759	0.20377	0.05984	0.05593	0.04158	0.01276	0.01760	0.13231	0.04599	0.01608	0.00670	0.00544	0.00166	0.00633	0.03712	0.00326	0.00710
9	0.00715	0.00518	0.00679	0.00711	0.00805	0.00482	0.00523	0.00904	0.01289	0.01773	0.41864	0.31300	0.07404	0.01327	0.00651	0.00191	0.00291	0.07564	0.00538	0.00471
10	0.01157	0.01043	0.01548	0.10057	0.10816	0.05582	0.15742	0.07309	0.01316	0.04374	0.04489	0.09174	0.14692	0.00841	0.00583	0.00176	0.00570	0.05935	0.03966	0.00627
11	0.01408	0.01462	0.06620	0.02302	0.38416	0.07413	0.10317	0.10343	0.08519	0.01915	0.01124	0.01330	0.00888	0.00513	0.00525	0.00157	0.00657	0.00478	0.00320	0.05291
12	0.00915	0.00778	0.01166	0.01420	0.20414	0.00764	0.04812	0.01172	0.05912	0.01535	0.08652	0.25291	0.08900	0.14718	0.00959	0.00239	0.00453	0.00933	0.00403	0.00562
13	0.00725	0.00494	0.00613	0.00673	0.00722	0.00472	0.00453	0.00833	0.01028	0.01420	0.10816	0.40869	0.05013	0.21385	0.01147	0.00276	0.00354	0.04529	0.07760	0.00418
14	0.01543	0.01932	0.22504	0.05865	0.05697	0.24077	0.05278	0.07603	0.01381	0.10711	0.01233	0.07556	0.01008	0.00632	0.00523	0.00161	0.00733	0.00508	0.00338	0.00715

[dist]
# distance from previous block
# <min> <max>
0	1

[block]
# block no. 5 follows, 46 sequences, length 26
# corresponding to MSA columns:
# 138-163
name=unknown_F
#
# <colnr> <probs for GDERKNQSTAVLIFYWHMCP>
#	G	D	E	R	K	N	Q	S	T	A	V	L	I	F	Y	W	H	M	C	P
0	0.23277	0.14086	0.27658	0.01389	0.08655	0.01394	0.06873	0.07793	0.01184	0.01934	0.00900	0.01061	0.00690	0.00495	0.00445	0.00157	0.00628	0.00378	0.00283	0.00720
1	0.01030	0.00888	0.06749	0.00850	0.01033	0.00818	0.00683	0.16113	0.01274	0.01754	0.12930	0.05315	0.02013	0.28520	0.17305	0.00422	0.00684	0.00694	0.00392	0.00533
2	0.01377	0.01283	0.02174	0.10187	0.21096	0.01329	0.26388	0.16468	0.04806	0.02015	0.01144	0.01405	0.00878	0.00530	0.00585	0.00168	0.02819	0.00529	0.04059	0.00760
3	0.01332	0.00879	0.01061	0.00869	0.01194	0.00812	0.00697	0.08118	0.10127	0.16150	0.20159	0.02402	0.02178	0.00747	0.00528	0.00146	0.00394	0.06158	0.00499	0.25551
4	0.01155	0.15291	0.19674	0.11841	0.09360	0.03467	0.02607	0.01480	0.01161	0.05271	0.03869	0.08878	0.01458	0.00761	0.00535	0.00172	0.00608	0.11427	0.00326	0.00660
5	0.01178	0.24553	0.51755	0.01307	0.01961	0.01474	0.01578	0.01734	0.06842	0.01595	0.00980	0.01106	0.00743	0.00505	0.00460	0.00153	0.00694	0.00376	0.00248	0.00757
6	0.00764	0.00532	0.00676	0.00676	0.00710	0.00567	0.00444	0.00833	0.00798	0.01099	0.01575	0.02956	0.01703	0.53210	0.30603	0.00635	0.00842	0.00695	0.00307	0.00376
7	0.18466	0.00841	0.00940	0.00780	0.01101	0.00800	0.00631	0.05518	0.01343	0.35518	0.02786	0.02602	0.24876	0.00833	0.00519	0.00168	0.00392	0.00660	0.00532	0.00693
8	0.01162	0.01102	0.01836	0.29270	0.46280	0.01181	0.01478	0.01505	0.02920	0.01592	0.01264	0.01585	0.05438	0.00548	0.00532	0.00165	0.00628	0.00512	0.00273	0.00729
9	0.03237	0.01189	0.10139	0.01074	0.01431	0.01059	0.00961	0.04803	0.10318	0.34929	0.01582	0.01559	0.01107	0.00669	0.00716	0.00170	0.14246	0.00490	0.04363	0.05957
10	0.81277	0.04760	0.00869	0.00705	0.01038	0.01228	0.00588	0.01555	0.00908	0.02320	0.00736	0.00858	0.00577	0.00489	0.00328	0.00161	0.00416	0.00286	0.00322	0.00577
11	0.01622	0.07721	0.01449	0.01212	0.04920	0.32512	0.00889	0.18744	0.01499	0.01718	0.01103	0.01584	0.01007	0.18090	0.01000	0.00225	0.03269	0.00470	0.00336	0.00629
12	0.00765	0.00584	0.00657	0.00648	0.00803	0.00538	0.00477	0.01024	0.07415	0.03762	0.19644	0.15211	0.40382	0.04816	0.00714	0.00196	0.00298	0.01063	0.00511	0.00494
13	0.01915	0.01042	0.01244	0.00966	0.01343	0.01020	0.00790	0.27149	0.01774	0.35126	0.07400	0.01734	0.01406	0.00654	0.00514	0.00152	0.00459	0.00523	0.06707	0.08080
14	0.08591	0.10553	0.07307	0.01282	0.09585	0.03879	0.00988	0.05382	0.37155	0.02007	0.01489	0.01489	0.01145	0.00593	0.00480	0.00158	0.00507	0.00472	0.00406	0.06533
15	0.01097	0.13390	0.25331	0.03294	0.07491	0.01228	0.17741	0.01507	0.03606	0.01562	0.01706	0.01919	0.12861	0.04262	0.00626	0.00179	0.00657	0.00571	0.00293	0.00680
16	0.01497	0.18361	0.01611	0.01090	0.01433	0.10375	0.00893	0.11566	0.43268	0.02041	0.01592	0.01532	0.01222	0.00631	0.00488	0.00158	0.00530	0.00487	0.00441	0.00786
17	0.00724	0.00532	0.00624	0.00613	0.00752	0.00489	0.00459	0.00916	0.01264	0.01726	0.31292	0.06674	0.32997	0.01399	0.07401	0.00227	0.00359	0.00951	0.10128	0.00473
18	0.00976	0.00857	0.03119	0.00942	0.01169	0.00846	0.06087	0.01651	0.26286	0.02060	0.40141	0.05383	0.04575	0.00931	0.00596	0.00175	0.00373	0.02675	0.00529	0.00629
19	0.00649	0.00475	0.00611	0.00707	0.00762	0.00436	0.00481	0.00757	0.01069	0.01413	0.08476	0.66545	0.12519	0.01578	0.00665	0.00207	0.00298	0.01418	0.00497	0.00436
20	0.01246	0.01477	0.14267	0.02476	0.44811	0.01225	0.10261	0.01720	0.07754	0.01756	0.01092	0.01333	0.00870	0.00488	0.00523	0.00157	0.00647	0.00475	0.00284	0.07137
21	0.01235	0.01365	0.23449	0.01000	0.01459	0.00854	0.02741	0.01630	0.04427	0.13061	0.05276	0.01665	0.03076	0.01741	0.00503	0.00143	0.00494	0.00474	0.13703	0.21703
22	0.61938	0.12736	0.01159	0.00815	0.01153	0.11903	0.00681	0.01634	0.01006	0.02065	0.00747	0.00870	0.00602	0.00493	0.00349	0.00153	0.00505	0.00293	0.00305	0.00593
23	0.12398	0.27865	0.09486	0.01069	0.07050	0.01383	0.00899	0.04184	0.09809	0.01693	0.01157	0.01473	0.01002	0.10478	0.00689	0.00188	0.00521	0.00429	0.07573	0.00652
24	0.03932	0.25457	0.16145	0.01146	0.05844	0.10013	0.01041	0.05253	0.01307	0.01714	0.19535	0.01801	0.03453	0.00655	0.00480	0.00147	0.00566	0.00511	0.00343	0.00659
25	0.01308	0.06314	0.04985	0.00896	0.01165	0.00876	0.00736	0.13102	0.03613	0.17133	0.02371	0.31874	0.08612	0.01062	0.00575	0.00178	0.00422	0.00912	0.00494	0.03373

[dist]
# distance from previous block
# <min> <max>
2	7

[block]
# block no. 6 follows, 46 sequences, length 12
# corresponding to MSA columns:
# 171-182
name=unknown_G
#
# <colnr> <probs for GDERKNQSTAVLIFYWHMCP>
#	G	D	E	R	K	N	Q	S	T	A	V	L	I	F	Y	W	H	M	C	P
0	0.01030	0.01094	0.10259	0.00918	0.01346	0.00756	0.04521	0.01286	0.01069	0.01619	0.01190	0.08507	0.01116	0.07795	0.00648	0.00145	0.00466	0.00486	0.00317	0.55431
1	0.19732	0.00854	0.00942	0.00853	0.01012	0.00990	0.00657	0.01455	0.14712	0.01865	0.21243	0.02352	0.02158	0.14351	0.01077	0.00237	0.13909	0.00628	0.00414	0.00559
2	0.01609	0.01401	0.01307	0.01116	0.01400	0.17079	0.00875	0.38806	0.01827	0.02314	0.01490	0.15630	0.01371	0.01193	0.09839	0.00246	0.00706	0.00644	0.00441	0.00706
3	0.00873	0.00652	0.00869	0.00913	0.01087	0.00606	0.00772	0.01098	0.01173	0.01582	0.02478	0.13384	0.02687	0.01290	0.00663	0.00211	0.00450	0.53165	0.00456	0.15592
4	0.01165	0.16367	0.36257	0.10864	0.02404	0.01405	0.21066	0.01625	0.01136	0.01564	0.00941	0.01183	0.00710	0.00482	0.00508	0.00162	0.00762	0.00441	0.00237	0.00722
5	0.01283	0.01192	0.04352	0.01910	0.30539	0.01092	0.06829	0.01802	0.14827	0.05246	0.01239	0.01391	0.00974	0.00500	0.00495	0.00141	0.00540	0.00460	0.00343	0.24847
6	0.01129	0.22076	0.02211	0.14692	0.02091	0.01310	0.26568	0.01434	0.01203	0.01578	0.14837	0.05707	0.01640	0.00636	0.00536	0.00161	0.00630	0.00612	0.00319	0.00630
7	0.00708	0.00490	0.00607	0.00676	0.00697	0.00474	0.00431	0.00766	0.00913	0.01216	0.02357	0.43545	0.02781	0.36890	0.01568	0.00348	0.00405	0.04328	0.00415	0.00384
8	0.01103	0.01105	0.01934	0.36330	0.02726	0.01241	0.20798	0.01424	0.01067	0.01470	0.00929	0.01331	0.00737	0.00562	0.00754	0.00175	0.15035	0.00490	0.00252	0.10535
9	0.01447	0.01391	0.02228	0.02489	0.40387	0.04851	0.19142	0.15337	0.01450	0.01979	0.01045	0.01308	0.00829	0.00513	0.00585	0.00164	0.03241	0.00502	0.00311	0.00801
10	0.00719	0.00561	0.00819	0.17504	0.01374	0.00587	0.00697	0.00866	0.01022	0.01350	0.02497	0.64254	0.02907	0.01418	0.00644	0.00207	0.00391	0.01285	0.00437	0.00463
11	0.53389	0.01096	0.01269	0.05292	0.26702	0.01209	0.00963	0.01567	0.01008	0.02110	0.00831	0.01034	0.00667	0.00486	0.00402	0.00162	0.00496	0.00356	0.00301	0.00661

[dist]
# distance from previous block
# <min> <max>
0	1

[block]
# block no. 7 follows, 46 sequences, length 6
# corresponding to MSA columns:
# 184-189
name=unknown_H
#
# <colnr> <probs for GDERKNQSTAVLIFYWHMCP>
#	G	D	E	R	K	N	Q	S	T	A	V	L	I	F	Y	W	H	M	C	P
0	0.01298	0.01471	0.09050	0.01006	0.01450	0.17264	0.00864	0.01675	0.08708	0.01676	0.01035	0.01155	0.00832	0.00467	0.00435	0.00109	0.00551	0.00355	0.00318	0.50280
1	0.01147	0.00944	0.01005	0.00922	0.01129	0.01068	0.00678	0.02180	0.53624	0.01846	0.02002	0.02431	0.01709	0.25588	0.01201	0.00282	0.00447	0.00650	0.00471	0.00678
2	0.01260	0.25829	0.01791	0.10673	0.01639	0.01303	0.07258	0.06930	0.07052	0.06400	0.05688	0.15034	0.01545	0.00745	0.00503	0.00156	0.00523	0.00635	0.00372	0.04665
3	0.00647	0.00495	0.00578	0.00640	0.00729	0.00443	0.00440	0.00748	0.01070	0.01354	0.03807	0.43302	0.33831	0.08369	0.00827	0.00225	0.00308	0.01281	0.00476	0.00427
4	0.12406	0.06580	0.01637	0.01489	0.14123	0.12011	0.14887	0.01479	0.01269	0.01774	0.18253	0.02104	0.08442	0.00689	0.00528	0.00160	0.00574	0.00607	0.00361	0.00628
5	0.09938	0.30460	0.01744	0.01000	0.01333	0.12270	0.00875	0.13976	0.01397	0.01817	0.04949	0.02020	0.01346	0.00714	0.00474	0.00155	0.00576	0.13947	0.00358	0.00652

[dist]
# distance from previous block
# <min> <max>
0	4

[block]
# block no. 8 follows, 46 sequences, length 48
# corresponding to MSA columns:
# 194-241
name=unknown_I
#
# <colnr> <probs for GDERKNQSTAVLIFYWHMCP>
#	G	D	E	R	K	N	Q	S	T	A	V	L	I	F	Y	W	H	M	C	P
0	0.00724	0.06553	0.04029	0.00748	0.00868	0.00593	0.00571	0.00861	0.01086	0.01427	0.08976	0.55484	0.13276	0.01431	0.00632	0.00197	0.00336	0.01271	0.00467	0.00470
1	0.00891	0.00834	0.04452	0.12924	0.11562	0.00786	0.06484	0.01138	0.01137	0.01534	0.07213	0.30296	0.02438	0.01122	0.00630	0.00199	0.00500	0.14902	0.00401	0.00557
2	0.49491	0.01515	0.21291	0.01013	0.02633	0.01239	0.01001	0.06758	0.07152	0.02231	0.00945	0.01050	0.00707	0.00521	0.00407	0.00165	0.00522	0.00354	0.00329	0.00675
3	0.01478	0.43064	0.11755	0.01415	0.12567	0.18795	0.01163	0.01716	0.01191	0.01377	0.00817	0.00970	0.00701	0.00481	0.00416	0.00131	0.00686	0.00336	0.00241	0.00700
4	0.00992	0.00776	0.01178	0.01460	0.22310	0.00811	0.00862	0.01185	0.01035	0.04791	0.10171	0.02309	0.01708	0.17445	0.27888	0.00466	0.03091	0.00620	0.00334	0.00569
5	0.00986	0.00851	0.00900	0.00830	0.01027	0.04230	0.00637	0.03747	0.23463	0.01903	0.25322	0.05471	0.23058	0.01017	0.00639	0.00176	0.03784	0.00847	0.00512	0.00602
6	0.00684	0.00509	0.00638	0.00667	0.00766	0.00462	0.00477	0.00851	0.01254	0.01690	0.35016	0.33698	0.18644	0.01351	0.00643	0.00187	0.00275	0.01197	0.00529	0.00462
7	0.01445	0.00651	0.00755	0.00654	0.00875	0.00618	0.00516	0.04139	0.01279	0.25524	0.01820	0.01895	0.01326	0.00628	0.00425	0.00137	0.00320	0.00504	0.55858	0.00631
8	0.01261	0.02233	0.51951	0.01558	0.09005	0.04601	0.01642	0.01910	0.11175	0.07860	0.01196	0.01294	0.00861	0.00542	0.00510	0.00166	0.00701	0.00434	0.00305	0.00796
9	0.01315	0.01606	0.22350	0.05257	0.41672	0.01214	0.03793	0.01785	0.06351	0.07854	0.01148	0.01349	0.00877	0.00512	0.00523	0.00163	0.00651	0.00468	0.00301	0.00815
10	0.50974	0.27234	0.01483	0.00820	0.01183	0.08166	0.00718	0.01611	0.01007	0.01915	0.00743	0.00863	0.00616	0.00483	0.00344	0.00145	0.00506	0.00290	0.00290	0.00610
11	0.01327	0.01588	0.16348	0.05133	0.38155	0.06980	0.02970	0.08775	0.04563	0.01870	0.06257	0.01456	0.01109	0.00551	0.00526	0.00160	0.00650	0.00488	0.00313	0.00781
12	0.01005	0.00807	0.00964	0.02554	0.01164	0.00680	0.00620	0.01299	0.07156	0.03820	0.01785	0.23202	0.04697	0.00811	0.00497	0.00132	0.00374	0.00703	0.00395	0.47332
13	0.00666	0.00489	0.00626	0.00699	0.00771	0.00449	0.00487	0.00798	0.01138	0.01515	0.17821	0.53838	0.14219	0.01496	0.00659	0.00201	0.00294	0.02879	0.00508	0.00446
14	0.01674	0.07875	0.01510	0.01153	0.01508	0.11516	0.00930	0.30838	0.32732	0.02446	0.01529	0.01482	0.01145	0.00642	0.00511	0.00161	0.00561	0.00493	0.00475	0.00819
15	0.01327	0.01036	0.01195	0.01148	0.10077	0.06162	0.00792	0.10686	0.02329	0.10484	0.05552	0.11124	0.08291	0.00742	0.00513	0.00141	0.00459	0.00625	0.00422	0.26897
16	0.01327	0.02218	0.36867	0.01479	0.07023	0.24092	0.01436	0.01788	0.06099	0.01549	0.01045	0.01247	0.00820	0.00926	0.09590	0.00237	0.00871	0.00415	0.00267	0.00704
17	0.01455	0.01700	0.02593	0.02067	0.08460	0.21765	0.49384	0.02959	0.01329	0.01617	0.01001	0.01290	0.00775	0.00477	0.00576	0.00165	0.00882	0.00535	0.00272	0.00700
18	0.02094	0.00938	0.01223	0.00968	0.01337	0.00887	0.00792	0.10756	0.05179	0.57404	0.01919	0.01780	0.01278	0.01037	0.09620	0.00243	0.00575	0.00533	0.00592	0.00847
19	0.01190	0.01225	0.02126	0.11327	0.25434	0.04609	0.24833	0.01495	0.01150	0.01562	0.01194	0.10526	0.01096	0.00657	0.00698	0.00179	0.09097	0.00631	0.00284	0.00685
20	0.00668	0.00497	0.00622	0.00675	0.00762	0.00452	0.00474	0.00811	0.01182	0.01573	0.23512	0.44496	0.19471	0.01436	0.00651	0.00194	0.00283	0.01275	0.00515	0.00452
21	0.00644	0.00460	0.00613	0.00736	0.00767	0.00429	0.00491	0.00736	0.01012	0.01350	0.02914	0.81076	0.03497	0.01656	0.00675	0.00215	0.00307	0.01503	0.00491	0.00429
22	0.01213	0.01158	0.01973	0.26986	0.55130	0.01231	0.01575	0.01539	0.01158	0.01611	0.00977	0.01340	0.00796	0.00489	0.00525	0.00163	0.00652	0.00471	0.00253	0.00760
23	0.00877	0.00727	0.01010	0.01009	0.01070	0.00860	0.00816	0.01041	0.01038	0.01442	0.06940	0.22978	0.02468	0.01496	0.06336	0.00269	0.24210	0.24510	0.00404	0.00499
24	0.00650	0.00463	0.00612	0.00728	0.00758	0.00433	0.00483	0.00738	0.01000	0.01334	0.02854	0.77350	0.03421	0.05486	0.00772	0.00229	0.00317	0.01468	0.00483	0.00424
25	0.37686	0.19097	0.07143	0.00985	0.01358	0.23070	0.00871	0.01724	0.01120	0.01776	0.00774	0.00902	0.00633	0.00498	0.00384	0.00145	0.00621	0.00308	0.00282	0.00622
26	0.00760	0.00606	0.00749	0.01869	0.00934	0.00599	0.00616	0.00983	0.03443	0.01554	0.13133	0.06514	0.34269	0.01508	0.06975	0.00251	0.03914	0.20366	0.00471	0.00485
27	0.01202	0.01142	0.01896	0.20899	0.46619	0.01159	0.04176	0.01519	0.01155	0.01637	0.00976	0.01305	0.00797	0.00472	0.00509	0.00151	0.00621	0.00453	0.00263	0.13049
28	0.00944	0.00724	0.00854	0.00861	0.01040	0.00732	0.00699	0.09812	0.09005	0.01776	0.03281	0.14033	0.23490	0.01280	0.00651	0.00206	0.00408	0.29155	0.00498	0.00551
29	0.06913	0.00879	0.01115	0.00889	0.01230	0.00817	0.00723	0.08894	0.01561	0.49776	0.19099	0.02182	0.02061	0.00739	0.00540	0.00164	0.00414	0.00608	0.00607	0.00789
30	0.01114	0.01285	0.11469	0.09452	0.31250	0.06835	0.01255	0.01395	0.01159	0.01572	0.07153	0.14245	0.01589	0.05415	0.00700	0.00191	0.02272	0.00668	0.00318	0.00664
31	0.00868	0.00590	0.00657	0.00628	0.00661	0.00602	0.00375	0.06798	0.00906	0.01209	0.01634	0.03285	0.01840	0.74977	0.02518	0.00484	0.00518	0.00745	0.00337	0.00366
32	0.01297	0.24081	0.28080	0.07059	0.01959	0.01518	0.07311	0.11506	0.01275	0.01743	0.00960	0.01147	0.00746	0.00532	0.00536	0.00154	0.05135	0.00405	0.03832	0.00725
33	0.00967	0.00584	0.00672	0.00632	0.00822	0.00510	0.00480	0.01133	0.01260	0.14222	0.12476	0.11355	0.41656	0.01150	0.00587	0.00172	0.00297	0.00972	0.09524	0.00530
34	0.01537	0.01321	0.01576	0.01747	0.23977	0.09439	0.02892	0.14594	0.21159	0.08340	0.01709	0.01736	0.06295	0.00643	0.00533	0.00163	0.00567	0.00543	0.00427	0.00800
35	0.00824	0.00587	0.00735	0.00686	0.00853	0.00515	0.00511	0.01026	0.01326	0.05167	0.42717	0.17452	0.13714	0.01120	0.00602	0.00166	0.00287	0.00982	0.00526	0.10203
36	0.00842	0.04267	0.06252	0.01078	0.08840	0.00767	0.00776	0.01025	0.01104	0.01514	0.11497	0.36384	0.11349	0.01204	0.00717	0.00191	0.08189	0.01034	0.02439	0.00532
37	0.40193	0.00948	0.00984	0.00807	0.01160	0.00974	0.00664	0.04467	0.01237	0.36004	0.01416	0.01362	0.00961	0.00576	0.00427	0.00161	0.00422	0.00415	0.06100	0.00723
38	0.00867	0.00804	0.07504	0.00870	0.00998	0.00776	0.00727	0.01058	0.00891	0.01345	0.01378	0.02117	0.01302	0.16858	0.37379	0.00546	0.10762	0.00564	0.12766	0.00487
39	0.00857	0.00472	0.00697	0.00716	0.00732	0.00480	0.00489	0.00727	0.00757	0.01020	0.01276	0.13469	0.01351	0.02072	0.11382	0.61757	0.00554	0.00627	0.00275	0.00289
40	0.01417	0.07824	0.01531	0.01221	0.01389	0.19860	0.00992	0.05855	0.03940	0.04731	0.00982	0.01288	0.00857	0.01224	0.12956	0.00284	0.32291	0.00444	0.00295	0.00620
41	0.01375	0.29007	0.05026	0.01154	0.05638	0.23360	0.00925	0.02468	0.01213	0.01378	0.02452	0.15262	0.01332	0.01838	0.01542	0.00160	0.00641	0.02116	0.00307	0.02805
42	0.45539	0.09270	0.13544	0.00991	0.01390	0.18442	0.00923	0.01698	0.01082	0.01917	0.00788	0.00920	0.00622	0.00501	0.00389	0.00153	0.00603	0.00314	0.00289	0.00625
43	0.01420	0.01668	0.13060	0.06183	0.20787	0.18796	0.01295	0.03977	0.06633	0.04852	0.01123	0.01467	0.00933	0.03589	0.00734	0.00181	0.09727	0.02556	0.00306	0.00711
44	0.00784	0.00579	0.00783	0.07105	0.03796	0.00606	0.00565	0.00896	0.00929	0.01268	0.09017	0.14810	0.02208	0.37961	0.15993	0.00456	0.00641	0.00826	0.00355	0.00422
45	0.01063	0.01069	0.06815	0.12584	0.14742	0.01050	0.02936	0.01646	0.19053	0.01811	0.18205	0.03169	0.04801	0.00870	0.03511	0.00199	0.04758	0.00644	0.00401	0.00674
46	0.04563	0.01311	0.06469	0.06959	0.03602	0.05872	0.07861	0.26525	0.03049	0.05791	0.11438	0.03863	0.01492	0.00684	0.00580	0.00165	0.03599	0.00564	0.03933	0.01681
47	0.00849	0.00635	0.00828	0.00936	0.06972	0.00639	0.00596	0.05995	0.01127	0.01538	0.09769	0.39203	0.04841	0.17870	0.01087	0.00260	0.02759	0.01078	0.02533	0.00485

[dist]
# distance from previous block
# <min> <max>
0	653

# created by:
# /home/cegg/simao/soft/augustus-3.2.1/scripts/msa2prfl.pl ./align_prep/21963.fa
