[name]
unknown

[dist]
# distance from previous block
# <min> <max>
16	284

[block]
# block no. 0 follows, 44 sequences, length 10
# corresponding to MSA columns:
# 371-380
name=unknown_A
#
# <colnr> <probs for GDERKNQSTAVLIFYWHMCP>
#	G	D	E	R	K	N	Q	S	T	A	V	L	I	F	Y	W	H	M	C	P
0	0.01615	0.08516	0.05995	0.05668	0.09197	0.05993	0.01079	0.32947	0.01785	0.05927	0.01537	0.11633	0.02754	0.00769	0.00548	0.00169	0.00594	0.02056	0.00439	0.00779
1	0.01437	0.01224	0.02367	0.04880	0.06908	0.12304	0.00909	0.15378	0.05620	0.08127	0.04775	0.06173	0.08854	0.02447	0.08653	0.00248	0.03841	0.00635	0.04537	0.00683
2	0.01318	0.07764	0.11573	0.06800	0.10856	0.01080	0.01068	0.09251	0.01292	0.11475	0.01589	0.08148	0.04094	0.05122	0.11522	0.00281	0.00694	0.00599	0.00377	0.05100
3	0.03759	0.06459	0.01238	0.00989	0.01221	0.07513	0.07035	0.07020	0.01368	0.09262	0.13895	0.27883	0.07993	0.01083	0.00601	0.00182	0.00471	0.00948	0.00477	0.00603
4	0.03884	0.06968	0.05577	0.08476	0.05457	0.01150	0.08784	0.13314	0.04897	0.14587	0.09568	0.06898	0.06558	0.00759	0.00560	0.00172	0.00547	0.00657	0.00453	0.00735
5	0.01495	0.04934	0.03574	0.02927	0.21801	0.04180	0.04785	0.07856	0.01398	0.16312	0.03860	0.08474	0.05017	0.00724	0.00551	0.00164	0.00555	0.02712	0.00420	0.08261
6	0.08396	0.01564	0.01278	0.04798	0.01520	0.27656	0.00885	0.12137	0.11846	0.01904	0.01438	0.13303	0.01311	0.00753	0.00520	0.00161	0.00637	0.00589	0.00397	0.08908
7	0.01301	0.01004	0.01307	0.01400	0.16678	0.00989	0.00899	0.06467	0.16418	0.08565	0.05692	0.05646	0.04165	0.05458	0.04509	0.00211	0.00519	0.00607	0.00432	0.17734
8	0.05054	0.05490	0.05518	0.01064	0.01321	0.00826	0.13463	0.01266	0.01150	0.09151	0.02459	0.34198	0.10465	0.05120	0.00724	0.00210	0.00488	0.01017	0.00436	0.00579
9	0.01161	0.03433	0.01216	0.06745	0.04397	0.08470	0.04291	0.04977	0.01336	0.05745	0.22694	0.06924	0.06652	0.10821	0.00896	0.00212	0.03477	0.00741	0.00431	0.05379

[dist]
# distance from previous block
# <min> <max>
0	1

[block]
# block no. 1 follows, 44 sequences, length 18
# corresponding to MSA columns:
# 382-399
name=unknown_B
#
# <colnr> <probs for GDERKNQSTAVLIFYWHMCP>
#	G	D	E	R	K	N	Q	S	T	A	V	L	I	F	Y	W	H	M	C	P
0	0.08000	0.01367	0.08903	0.03324	0.25226	0.07604	0.06617	0.01668	0.01211	0.07165	0.01156	0.01444	0.00931	0.04487	0.00605	0.00168	0.00611	0.00462	0.06987	0.12062
1	0.04583	0.07885	0.01437	0.01152	0.03976	0.19401	0.04751	0.05613	0.05946	0.01727	0.01424	0.05547	0.03376	0.00843	0.04447	0.00182	0.00647	0.04658	0.04486	0.17918
2	0.05116	0.04169	0.01043	0.04807	0.01215	0.02975	0.04558	0.03390	0.11463	0.01763	0.07288	0.08707	0.30909	0.01001	0.00570	0.00173	0.00408	0.00845	0.05332	0.04268
3	0.01314	0.04386	0.04573	0.02607	0.01340	0.01007	0.00820	0.14887	0.11287	0.08364	0.13475	0.07997	0.06340	0.00857	0.00561	0.00165	0.00450	0.05640	0.00490	0.13438
4	0.00937	0.00763	0.00918	0.00766	0.01068	0.00611	0.00581	0.01139	0.01175	0.01727	0.13207	0.22024	0.05378	0.00885	0.00525	0.00135	0.00354	0.00771	0.00419	0.46616
5	0.01250	0.01668	0.22137	0.05266	0.20655	0.09139	0.05288	0.01687	0.05084	0.03887	0.10270	0.04215	0.01563	0.00690	0.00564	0.00174	0.00662	0.04723	0.00344	0.00734
6	0.00697	0.00549	0.00630	0.00621	0.00772	0.00481	0.00461	0.00881	0.01351	0.01757	0.34456	0.10113	0.42698	0.01296	0.00647	0.00182	0.00271	0.01112	0.00544	0.00481
7	0.01254	0.01373	0.02672	0.01993	0.02350	0.01481	0.49314	0.01593	0.01128	0.01593	0.00967	0.01373	0.00788	0.00634	0.01047	0.00203	0.28705	0.00585	0.00263	0.00686
8	0.02037	0.02598	0.01545	0.01404	0.01685	0.78652	0.01053	0.02177	0.01545	0.01334	0.00843	0.00983	0.00702	0.00562	0.00492	0.00140	0.00983	0.00351	0.00281	0.00632
9	0.00683	0.00554	0.00606	0.00593	0.00760	0.00477	0.00445	0.00857	0.01334	0.01689	0.27256	0.04890	0.55350	0.01300	0.00644	0.00180	0.00270	0.01101	0.00535	0.00477
10	0.00703	0.00555	0.00634	0.00614	0.00772	0.00485	0.00460	0.00896	0.01381	0.01802	0.38595	0.04704	0.43941	0.01258	0.00644	0.00178	0.00267	0.01075	0.00550	0.00485
11	0.02378	0.01037	0.01333	0.01022	0.01446	0.00963	0.00844	0.15903	0.01742	0.64314	0.01998	0.01756	0.01273	0.00671	0.00548	0.00168	0.00489	0.00538	0.00651	0.00928
12	0.02072	0.01527	0.01636	0.01254	0.01691	0.01691	0.01036	0.75622	0.02563	0.03436	0.01309	0.01309	0.00927	0.00654	0.00545	0.00164	0.00600	0.00491	0.00545	0.00927
13	0.12333	0.00832	0.01044	0.00852	0.01174	0.00768	0.00688	0.02030	0.01475	0.45372	0.24704	0.02405	0.02404	0.00787	0.00550	0.00170	0.00396	0.00649	0.00610	0.00760
14	0.01442	0.01631	0.01689	0.17297	0.02070	0.28608	0.06457	0.01647	0.01171	0.01365	0.00877	0.01240	0.00754	0.00856	0.04884	0.00221	0.26466	0.00451	0.00260	0.00615
15	0.00825	0.00535	0.00699	0.00747	0.00835	0.00494	0.00526	0.00963	0.01186	0.06976	0.18255	0.49141	0.07382	0.05647	0.00783	0.00223	0.00329	0.03437	0.00528	0.00489
16	0.23680	0.07485	0.01249	0.00916	0.01228	0.01077	0.07343	0.07477	0.04946	0.09834	0.10782	0.01760	0.01512	0.00641	0.00461	0.00158	0.00443	0.00513	0.17838	0.00659
17	0.00971	0.00817	0.05128	0.06588	0.01201	0.02776	0.02881	0.01224	0.06875	0.03115	0.15854	0.09431	0.12273	0.01165	0.00900	0.17536	0.00430	0.00766	0.09561	0.00510

[dist]
# distance from previous block
# <min> <max>
0	38

[block]
# block no. 2 follows, 44 sequences, length 40
# corresponding to MSA columns:
# 438-477
name=unknown_C
#
# <colnr> <probs for GDERKNQSTAVLIFYWHMCP>
#	G	D	E	R	K	N	Q	S	T	A	V	L	I	F	Y	W	H	M	C	P
0	0.01284	0.25642	0.38890	0.06778	0.08808	0.01556	0.01566	0.06504	0.01235	0.01689	0.00938	0.01118	0.00727	0.00511	0.00474	0.00155	0.00707	0.00389	0.00256	0.00774
1	0.00662	0.00516	0.00601	0.00657	0.00767	0.00456	0.00464	0.00788	0.01170	0.01482	0.09099	0.40127	0.38240	0.01515	0.00668	0.00201	0.00294	0.01325	0.00512	0.00456
2	0.01529	0.71412	0.02694	0.00991	0.01435	0.11656	0.00948	0.01700	0.01162	0.01289	0.00768	0.00888	0.00700	0.00478	0.00367	0.00120	0.00633	0.00299	0.00239	0.00691
3	0.00664	0.00474	0.00633	0.00759	0.00791	0.00443	0.00506	0.00759	0.01044	0.01392	0.03005	0.80485	0.03606	0.01708	0.00696	0.00221	0.00316	0.01550	0.00506	0.00443
4	0.01030	0.00969	0.01635	0.79530	0.03755	0.01211	0.01514	0.01393	0.01090	0.01393	0.00969	0.01453	0.00727	0.00545	0.00545	0.00182	0.00727	0.00484	0.00242	0.00606
5	0.00960	0.01164	0.15569	0.06299	0.01588	0.00918	0.07567	0.05057	0.01165	0.01603	0.02024	0.36838	0.02196	0.01162	0.00742	0.00207	0.07594	0.06365	0.00395	0.00590
6	0.00693	0.00540	0.00630	0.00638	0.00774	0.00476	0.00467	0.00866	0.01314	0.01713	0.30654	0.18542	0.38050	0.01345	0.00653	0.00186	0.00277	0.01165	0.00540	0.00476
7	0.02446	0.00928	0.01265	0.00970	0.01392	0.00801	0.00801	0.02657	0.01560	0.77817	0.02151	0.01856	0.01350	0.00675	0.00548	0.00169	0.00464	0.00548	0.00675	0.00928
8	0.00683	0.00554	0.00606	0.00593	0.00760	0.00477	0.00445	0.00858	0.01335	0.01691	0.27446	0.04887	0.55159	0.01299	0.00644	0.00180	0.00270	0.01100	0.00535	0.00477
9	0.02072	0.01527	0.01636	0.01254	0.01691	0.01691	0.01036	0.75622	0.02563	0.03436	0.01309	0.01309	0.00927	0.00654	0.00545	0.00164	0.00600	0.00491	0.00545	0.00927
10	0.01147	0.00758	0.00817	0.00746	0.00981	0.00757	0.00577	0.01700	0.21647	0.11439	0.03371	0.03235	0.30347	0.00952	0.00550	0.00170	0.00337	0.00787	0.19043	0.00639
11	0.01064	0.01005	0.01698	0.71222	0.11791	0.01220	0.01531	0.01423	0.01107	0.01435	0.00975	0.01442	0.00742	0.00539	0.00544	0.00180	0.00718	0.00485	0.00245	0.00634
12	0.01770	0.02020	0.01341	0.01209	0.01451	0.52916	0.00898	0.09898	0.01511	0.01552	0.01125	0.03625	0.01031	0.12886	0.00848	0.00204	0.00823	0.00473	0.03810	0.00608
13	0.02376	0.00912	0.01243	0.00958	0.01368	0.00789	0.00789	0.02589	0.01560	0.74662	0.05280	0.01948	0.01508	0.00693	0.00552	0.00169	0.00455	0.00567	0.00672	0.00911
14	0.01093	0.02820	0.78016	0.01554	0.02360	0.01266	0.02014	0.01727	0.01151	0.01727	0.00978	0.01151	0.00691	0.00518	0.00518	0.00173	0.00806	0.00403	0.00230	0.00806
15	0.00779	0.00584	0.00876	0.00876	0.00974	0.00681	0.00681	0.00974	0.00876	0.01266	0.01460	0.02142	0.01363	0.04089	0.78680	0.00876	0.01460	0.00584	0.00292	0.00487
16	0.02037	0.02598	0.01545	0.01404	0.01685	0.78652	0.01053	0.02177	0.01545	0.01334	0.00843	0.00983	0.00702	0.00562	0.00492	0.00140	0.00983	0.00351	0.00281	0.00632
17	0.01130	0.00969	0.01130	0.00807	0.01292	0.00727	0.00646	0.01373	0.01130	0.01776	0.00969	0.01130	0.00807	0.00404	0.00404	0.00081	0.00404	0.00323	0.00323	0.84173
18	0.01543	0.01281	0.01775	0.28407	0.20647	0.01432	0.01352	0.32532	0.01743	0.02342	0.01125	0.01368	0.00844	0.00577	0.00544	0.00169	0.00655	0.00487	0.00376	0.00802
19	0.01349	0.01295	0.02213	0.03346	0.77440	0.01295	0.01673	0.01673	0.01241	0.01781	0.01025	0.01349	0.00864	0.00486	0.00540	0.00162	0.00648	0.00486	0.00270	0.00864
20	0.00699	0.00549	0.00597	0.00588	0.00726	0.00484	0.00420	0.00836	0.01222	0.01545	0.19887	0.04685	0.47970	0.16193	0.01043	0.00246	0.00319	0.01049	0.00493	0.00447
21	0.02037	0.02598	0.01545	0.01404	0.01685	0.78652	0.01053	0.02177	0.01545	0.01334	0.00843	0.00983	0.00702	0.00562	0.00492	0.00140	0.00983	0.00351	0.00281	0.00632
22	0.01990	0.01030	0.01252	0.01028	0.01403	0.01033	0.00827	0.02757	0.32910	0.46199	0.02179	0.01930	0.01481	0.00702	0.00551	0.00175	0.00450	0.00577	0.00625	0.00901
23	0.00756	0.00492	0.00617	0.00694	0.00759	0.00466	0.00479	0.00907	0.01129	0.01634	0.12079	0.53440	0.03310	0.01395	0.00619	0.00194	0.00295	0.01248	0.19020	0.00466
24	0.00672	0.00553	0.00591	0.00581	0.00753	0.00472	0.00436	0.00836	0.01308	0.01628	0.21062	0.04992	0.61583	0.01323	0.00644	0.00181	0.00272	0.01115	0.00527	0.00472
25	0.00789	0.00576	0.00700	0.00712	0.00848	0.00532	0.00537	0.01005	0.03343	0.03670	0.26700	0.16778	0.26207	0.05008	0.00760	0.00210	0.00326	0.10271	0.00532	0.00497
26	0.01030	0.00969	0.01635	0.79530	0.03755	0.01211	0.01514	0.01393	0.01090	0.01393	0.00969	0.01453	0.00727	0.00545	0.00545	0.00182	0.00727	0.00484	0.00242	0.00606
27	0.00687	0.00503	0.00651	0.00760	0.00823	0.00467	0.00537	0.00806	0.01095	0.01431	0.03330	0.61632	0.13474	0.01640	0.00696	0.00220	0.00333	0.09959	0.00506	0.00452
28	0.01454	0.01672	0.01702	0.32787	0.02581	0.33592	0.09427	0.01716	0.01299	0.01407	0.01073	0.06778	0.00929	0.00624	0.00544	0.00167	0.00827	0.00521	0.00281	0.00620
29	0.01521	0.07685	0.07867	0.08358	0.30884	0.25710	0.01395	0.01826	0.03233	0.01560	0.00957	0.01203	0.00790	0.00543	0.00566	0.00158	0.04306	0.00425	0.00271	0.00742
30	0.01130	0.00969	0.01130	0.00807	0.01292	0.00727	0.00646	0.01373	0.01130	0.01776	0.00969	0.01130	0.00807	0.00404	0.00404	0.00081	0.00404	0.00323	0.00323	0.84173
31	0.01283	0.01252	0.02207	0.17458	0.56112	0.01288	0.09138	0.01628	0.01218	0.01705	0.01023	0.01381	0.00834	0.00494	0.00551	0.00168	0.00690	0.00502	0.00265	0.00802
32	0.01016	0.00508	0.00508	0.00508	0.00635	0.00508	0.00381	0.01270	0.01143	0.02033	0.01778	0.02033	0.01397	0.00635	0.00381	0.00127	0.00254	0.00508	0.83867	0.00508
33	0.01356	0.01171	0.01233	0.01109	0.01418	0.01356	0.00863	0.02897	0.76455	0.02281	0.02219	0.02034	0.01664	0.00740	0.00555	0.00185	0.00431	0.00616	0.00555	0.00863
34	0.28049	0.00937	0.01052	0.00859	0.01209	0.00930	0.00701	0.05448	0.01405	0.38831	0.13400	0.01872	0.01684	0.00689	0.00497	0.00169	0.00425	0.00534	0.00551	0.00757
35	0.00672	0.00480	0.00642	0.00768	0.00804	0.00450	0.00520	0.00773	0.01052	0.01401	0.03000	0.77649	0.03588	0.01700	0.00698	0.00223	0.00323	0.04304	0.00506	0.00445
36	0.00682	0.00544	0.00614	0.00632	0.00778	0.00475	0.00470	0.00841	0.01267	0.01601	0.18473	0.17384	0.48171	0.01390	0.00658	0.00191	0.00290	0.04546	0.00524	0.00470
37	0.00793	0.00529	0.00595	0.00595	0.00595	0.00529	0.00330	0.00793	0.00793	0.01057	0.01718	0.03568	0.01982	0.80840	0.02775	0.00529	0.00529	0.00793	0.00330	0.00330
38	0.01175	0.01129	0.01950	0.44066	0.34556	0.01254	0.05003	0.01527	0.01163	0.01572	0.00999	0.01411	0.00789	0.00516	0.00547	0.00174	0.00703	0.00492	0.00255	0.00720
39	0.01868	0.01654	0.01506	0.01246	0.01614	0.17725	0.00992	0.40224	0.22679	0.02678	0.01462	0.01440	0.01083	0.00658	0.00537	0.00165	0.00634	0.00496	0.00493	0.00848

[dist]
# distance from previous block
# <min> <max>
0	28

[block]
# block no. 3 follows, 44 sequences, length 27
# corresponding to MSA columns:
# 506-532
name=unknown_D
#
# <colnr> <probs for GDERKNQSTAVLIFYWHMCP>
#	G	D	E	R	K	N	Q	S	T	A	V	L	I	F	Y	W	H	M	C	P
0	0.84691	0.01054	0.00801	0.00717	0.01054	0.01223	0.00590	0.01603	0.00928	0.02446	0.00759	0.00886	0.00590	0.00506	0.00337	0.00169	0.00422	0.00295	0.00337	0.00590
1	0.01030	0.00969	0.01635	0.79530	0.03755	0.01211	0.01514	0.01393	0.01090	0.01393	0.00969	0.01453	0.00727	0.00545	0.00545	0.00182	0.00727	0.00484	0.00242	0.00606
2	0.00693	0.00533	0.00636	0.00673	0.00793	0.00477	0.00492	0.00851	0.01251	0.01621	0.21120	0.28506	0.33453	0.01428	0.00666	0.00197	0.00297	0.05314	0.00528	0.00470
3	0.00820	0.00609	0.00797	0.00891	0.01031	0.00586	0.00762	0.01042	0.01252	0.01592	0.03548	0.05923	0.21733	0.01475	0.00726	0.00234	0.00445	0.55541	0.00503	0.00492
4	0.00674	0.00520	0.00616	0.00662	0.00772	0.00462	0.00470	0.00814	0.01209	0.01558	0.16420	0.36914	0.34005	0.01475	0.00666	0.00198	0.00290	0.01292	0.00522	0.00462
5	0.01356	0.01171	0.01233	0.01109	0.01418	0.01356	0.00863	0.02897	0.76455	0.02281	0.02219	0.02034	0.01664	0.00740	0.00555	0.00185	0.00431	0.00616	0.00555	0.00863
6	0.84691	0.01054	0.00801	0.00717	0.01054	0.01223	0.00590	0.01603	0.00928	0.02446	0.00759	0.00886	0.00590	0.00506	0.00337	0.00169	0.00422	0.00295	0.00337	0.00590
7	0.01895	0.01049	0.01232	0.01011	0.01368	0.01077	0.00813	0.12109	0.26973	0.35486	0.02029	0.01861	0.01405	0.00690	0.00534	0.00170	0.00451	0.00560	0.08419	0.00866
8	0.01218	0.01180	0.02064	0.33462	0.42246	0.01269	0.07529	0.01568	0.01185	0.01624	0.01009	0.01400	0.00806	0.00507	0.00550	0.00172	0.00701	0.00498	0.00259	0.00751
9	0.01625	0.03722	0.01414	0.01152	0.01496	0.04843	0.00918	0.31026	0.37388	0.02603	0.01810	0.06600	0.01428	0.00751	0.00551	0.00175	0.00519	0.00605	0.00526	0.00847
10	0.01094	0.04483	0.29861	0.01904	0.27304	0.01107	0.01465	0.01492	0.01234	0.01750	0.10920	0.04496	0.09178	0.00704	0.00553	0.00170	0.00607	0.00611	0.00326	0.00739
11	0.04628	0.08190	0.19746	0.01510	0.11690	0.12594	0.01263	0.04474	0.16730	0.11859	0.01358	0.01399	0.01006	0.00586	0.00509	0.00164	0.00651	0.00459	0.00382	0.00803
12	0.01562	0.51007	0.15868	0.01075	0.01594	0.01800	0.01118	0.08181	0.01295	0.10506	0.01008	0.01076	0.00794	0.00516	0.00420	0.00137	0.00610	0.00359	0.00311	0.00765
13	0.02180	0.01086	0.01334	0.01042	0.01444	0.01064	0.00854	0.21710	0.07745	0.48675	0.05589	0.01834	0.01449	0.00696	0.00553	0.00169	0.00487	0.00560	0.00628	0.00902
14	0.04992	0.01115	0.13182	0.11545	0.13012	0.00893	0.01050	0.01209	0.01165	0.01603	0.04982	0.11219	0.27037	0.00970	0.00628	0.00184	0.03415	0.00817	0.00377	0.00606
15	0.00916	0.00797	0.01109	0.20571	0.06977	0.04203	0.00925	0.01131	0.01077	0.01422	0.01992	0.24690	0.05517	0.01701	0.16527	0.00335	0.02293	0.04975	0.02304	0.00539
16	0.56753	0.01011	0.00959	0.00803	0.01169	0.01080	0.00662	0.01961	0.01143	0.28049	0.01232	0.01215	0.00848	0.00563	0.00409	0.00169	0.00436	0.00381	0.00452	0.00705
17	0.15506	0.00807	0.00933	0.00772	0.01080	0.00772	0.00624	0.02014	0.01315	0.39783	0.01796	0.01756	0.01241	0.00634	0.00457	0.00155	0.00386	0.00493	0.28746	0.00730
18	0.01244	0.01188	0.02023	0.28394	0.53213	0.01268	0.01621	0.01581	0.01192	0.01653	0.01007	0.01384	0.00819	0.00505	0.00541	0.00168	0.00674	0.00485	0.00261	0.00779
19	0.01071	0.00977	0.01612	0.22177	0.36587	0.01030	0.01298	0.01340	0.01146	0.01570	0.01577	0.24012	0.01613	0.00851	0.00586	0.00184	0.00573	0.00790	0.00330	0.00677
20	0.00779	0.00615	0.00720	0.00758	0.00909	0.00584	0.00591	0.01074	0.08097	0.01622	0.09240	0.17622	0.34802	0.01389	0.00671	0.00206	0.00351	0.18945	0.00516	0.00508
21	0.23073	0.00940	0.01101	0.00884	0.01252	0.00909	0.00724	0.04951	0.01436	0.47374	0.10251	0.01840	0.01571	0.00681	0.00505	0.00169	0.00435	0.00532	0.00576	0.00796
22	0.01294	0.01238	0.02112	0.16621	0.64600	0.01281	0.01645	0.01624	0.01215	0.01713	0.01016	0.01367	0.00840	0.00496	0.00541	0.00165	0.00661	0.00486	0.00265	0.00819
23	0.00743	0.00576	0.00693	0.00748	0.00896	0.00526	0.00605	0.00927	0.01248	0.01563	0.07816	0.10784	0.39916	0.01439	0.00690	0.00212	0.00365	0.29265	0.00509	0.00478
24	0.00704	0.00523	0.00585	0.00623	0.00747	0.00464	0.00447	0.00851	0.01189	0.01565	0.09453	0.28775	0.39509	0.01377	0.00629	0.00188	0.00285	0.01190	0.10431	0.00464
25	0.01239	0.01199	0.02020	0.20939	0.26668	0.01276	0.16128	0.01842	0.16687	0.01771	0.01338	0.04143	0.01078	0.00587	0.00570	0.00178	0.00665	0.00579	0.00331	0.00762
26	0.01056	0.00807	0.01204	0.11108	0.20520	0.00815	0.00919	0.01247	0.01116	0.07568	0.02203	0.14999	0.11736	0.15994	0.04806	0.00282	0.00556	0.02088	0.00384	0.00593

[dist]
# distance from previous block
# <min> <max>
3	179

[block]
# block no. 4 follows, 44 sequences, length 54
# corresponding to MSA columns:
# 722-756,770-788
name=unknown_E
#
# <colnr> <probs for GDERKNQSTAVLIFYWHMCP>
#	G	D	E	R	K	N	Q	S	T	A	V	L	I	F	Y	W	H	M	C	P
0	0.12408	0.05148	0.17402	0.07185	0.05997	0.01158	0.14470	0.03559	0.01212	0.06347	0.04132	0.06184	0.01125	0.00598	0.00516	0.00163	0.00624	0.00531	0.00333	0.10909
1	0.04225	0.08764	0.06820	0.06069	0.21683	0.10588	0.01168	0.11627	0.01423	0.04888	0.04208	0.01409	0.01044	0.00619	0.01792	0.00162	0.00631	0.00455	0.05993	0.06430
2	0.00713	0.00531	0.00656	0.00674	0.00782	0.00482	0.00483	0.00887	0.01304	0.01756	0.36932	0.26337	0.20783	0.04258	0.00736	0.00202	0.00288	0.01178	0.00542	0.00475
3	0.01180	0.01118	0.04683	0.15836	0.36381	0.01128	0.03776	0.01489	0.01155	0.01688	0.01210	0.01719	0.01031	0.03502	0.00687	0.00182	0.05693	0.03179	0.13656	0.00705
4	0.00743	0.00509	0.00613	0.00660	0.00676	0.00495	0.00403	0.00787	0.00910	0.01217	0.04325	0.32965	0.02691	0.48375	0.01921	0.00401	0.00440	0.01087	0.00405	0.00378
5	0.01491	0.03000	0.09239	0.11769	0.19676	0.13742	0.06629	0.07338	0.08477	0.06389	0.01232	0.01418	0.00940	0.00563	0.00527	0.00163	0.00687	0.00481	0.05476	0.00762
6	0.11401	0.19497	0.07339	0.01258	0.01632	0.45227	0.03156	0.01947	0.01342	0.01492	0.00832	0.00974	0.00691	0.00529	0.00449	0.00142	0.00816	0.00344	0.00273	0.00657
7	0.00788	0.00526	0.00596	0.00601	0.00603	0.00525	0.00338	0.00791	0.00803	0.01071	0.01770	0.06708	0.02048	0.77610	0.02690	0.00516	0.00520	0.00824	0.00338	0.00335
8	0.01460	0.01386	0.02062	0.07298	0.61615	0.08944	0.01555	0.01761	0.01281	0.05883	0.01066	0.01347	0.00867	0.00507	0.00536	0.00161	0.00675	0.00476	0.00292	0.00830
9	0.00694	0.00562	0.00621	0.00629	0.00797	0.00489	0.00487	0.00865	0.01293	0.01608	0.16855	0.05166	0.56441	0.01353	0.00657	0.00190	0.00301	0.09995	0.00521	0.00474
10	0.01093	0.02820	0.78016	0.01554	0.02360	0.01266	0.02014	0.01727	0.01151	0.01727	0.00978	0.01151	0.00691	0.00518	0.00518	0.00173	0.00806	0.00403	0.00230	0.00806
11	0.02037	0.02598	0.01545	0.01404	0.01685	0.78652	0.01053	0.02177	0.01545	0.01334	0.00843	0.00983	0.00702	0.00562	0.00492	0.00140	0.00983	0.00351	0.00281	0.00632
12	0.00678	0.00557	0.00599	0.00599	0.00771	0.00478	0.00456	0.00841	0.01291	0.01596	0.16843	0.05109	0.61522	0.01345	0.00650	0.00186	0.00286	0.05199	0.00521	0.00471
13	0.00680	0.00554	0.00602	0.00590	0.00758	0.00475	0.00442	0.00851	0.01327	0.01672	0.25519	0.04919	0.57098	0.01306	0.00644	0.00181	0.00271	0.01105	0.00532	0.00475
14	0.02378	0.00913	0.01243	0.00958	0.01368	0.00790	0.00790	0.02590	0.01560	0.74730	0.05213	0.01946	0.01504	0.00693	0.00552	0.00169	0.00455	0.00566	0.00672	0.00911
15	0.01773	0.01378	0.01467	0.01194	0.01576	0.01551	0.00964	0.45182	0.33492	0.02952	0.01690	0.01612	0.01236	0.00690	0.00549	0.00173	0.00529	0.00543	0.00549	0.00900
16	0.02009	0.00822	0.01088	0.00871	0.01181	0.00729	0.00677	0.02164	0.01357	0.57508	0.02036	0.02309	0.01517	0.21885	0.01137	0.00264	0.00481	0.00613	0.00584	0.00770
17	0.01754	0.41334	0.02202	0.01158	0.01544	0.33795	0.00992	0.08635	0.01422	0.01501	0.00844	0.00959	0.00722	0.00523	0.00426	0.00131	0.00750	0.00334	0.00282	0.00692
18	0.01016	0.00508	0.00508	0.00508	0.00635	0.00508	0.00381	0.01270	0.01143	0.02033	0.01778	0.02033	0.01397	0.00635	0.00381	0.00127	0.00254	0.00508	0.83867	0.00508
19	0.19674	0.02021	0.01424	0.01457	0.10761	0.49336	0.01002	0.01955	0.01359	0.01657	0.00886	0.01050	0.00727	0.00544	0.00460	0.00149	0.00791	0.00362	0.03742	0.00646
20	0.00761	0.00558	0.00700	0.00717	0.00830	0.00521	0.00540	0.00950	0.01298	0.01746	0.34752	0.11938	0.16765	0.11029	0.00929	0.00237	0.00344	0.14388	0.00524	0.00473
21	0.01130	0.00969	0.01130	0.00807	0.01292	0.00727	0.00646	0.01373	0.01130	0.01776	0.00969	0.01130	0.00807	0.00404	0.00404	0.00081	0.00404	0.00323	0.00323	0.84173
22	0.00695	0.00554	0.00623	0.00606	0.00768	0.00482	0.00454	0.00881	0.01363	0.01758	0.34155	0.04777	0.48408	0.01274	0.00644	0.00179	0.00269	0.01085	0.00544	0.00482
23	0.01030	0.00969	0.01635	0.79530	0.03755	0.01211	0.01514	0.01393	0.01090	0.01393	0.00969	0.01453	0.00727	0.00545	0.00545	0.00182	0.00727	0.00484	0.00242	0.00606
24	0.00664	0.00474	0.00633	0.00759	0.00791	0.00443	0.00506	0.00759	0.01044	0.01392	0.03005	0.80485	0.03606	0.01708	0.00696	0.00221	0.00316	0.01550	0.00506	0.00443
25	0.01093	0.02820	0.78016	0.01554	0.02360	0.01266	0.02014	0.01727	0.01151	0.01727	0.00978	0.01151	0.00691	0.00518	0.00518	0.00173	0.00806	0.00403	0.00230	0.00806
26	0.29182	0.00848	0.00955	0.08505	0.01329	0.00945	0.00786	0.04371	0.01217	0.02046	0.15936	0.04448	0.02248	0.00948	0.00603	0.00197	0.03542	0.20899	0.00431	0.00564
27	0.00681	0.00481	0.00628	0.00738	0.00766	0.00454	0.00484	0.00763	0.01012	0.01349	0.02840	0.70610	0.03397	0.11867	0.00963	0.00261	0.00344	0.01453	0.00484	0.00428
28	0.02171	0.00958	0.01260	0.00994	0.01373	0.00899	0.00815	0.11795	0.01596	0.57842	0.01949	0.01824	0.01297	0.01137	0.11189	0.00264	0.00617	0.00546	0.00606	0.00868
29	0.01079	0.01275	0.11932	0.04534	0.01609	0.03984	0.10599	0.01306	0.00968	0.01368	0.01123	0.01852	0.01078	0.18352	0.10975	0.00357	0.26200	0.00565	0.00270	0.00574
30	0.01318	0.51094	0.31707	0.01171	0.01768	0.01815	0.01348	0.01669	0.01124	0.01453	0.00843	0.00981	0.00696	0.00486	0.00414	0.00138	0.00669	0.00334	0.00232	0.00740
31	0.01176	0.01168	0.01637	0.01408	0.01412	0.01629	0.01172	0.01298	0.00837	0.01310	0.00746	0.01232	0.00742	0.01084	0.04963	0.00265	0.76607	0.00482	0.00241	0.00592
32	0.01297	0.01242	0.02118	0.15797	0.65397	0.01282	0.01647	0.01627	0.01217	0.01718	0.01016	0.01366	0.00841	0.00495	0.00541	0.00165	0.00661	0.00486	0.00265	0.00821
33	0.01136	0.24265	0.46598	0.01273	0.01879	0.01402	0.01508	0.01569	0.01124	0.01558	0.01193	0.11879	0.01090	0.00666	0.00495	0.00164	0.00677	0.00528	0.00269	0.00727
34	0.00771	0.00541	0.00700	0.00716	0.00755	0.00572	0.00478	0.00853	0.00855	0.01174	0.01791	0.12933	0.01969	0.43275	0.29612	0.00613	0.00834	0.00815	0.00339	0.00401
35	0.01175	0.00661	0.00678	0.00620	0.00794	0.00686	0.00479	0.12438	0.01357	0.02243	0.01708	0.01924	0.01327	0.00638	0.00406	0.00133	0.00306	0.00506	0.71352	0.00571
36	0.02047	0.02285	0.01572	0.01361	0.01687	0.56144	0.01048	0.23656	0.01843	0.01949	0.00979	0.01078	0.00768	0.00589	0.00507	0.00147	0.00871	0.00392	0.00358	0.00718
37	0.00779	0.00584	0.00876	0.00876	0.00974	0.00681	0.00681	0.00974	0.00876	0.01266	0.01460	0.02142	0.01363	0.04089	0.78680	0.00876	0.01460	0.00584	0.00292	0.00487
38	0.01093	0.02820	0.78016	0.01554	0.02360	0.01266	0.02014	0.01727	0.01151	0.01727	0.00978	0.01151	0.00691	0.00518	0.00518	0.00173	0.00806	0.00403	0.00230	0.00806
39	0.01130	0.00969	0.01130	0.00807	0.01292	0.00727	0.00646	0.01373	0.01130	0.01776	0.00969	0.01130	0.00807	0.00404	0.00404	0.00081	0.00404	0.00323	0.00323	0.84173
40	0.01093	0.02820	0.78016	0.01554	0.02360	0.01266	0.02014	0.01727	0.01151	0.01727	0.00978	0.01151	0.00691	0.00518	0.00518	0.00173	0.00806	0.00403	0.00230	0.00806
41	0.00679	0.00490	0.00619	0.00716	0.00760	0.00456	0.00474	0.00766	0.01033	0.01357	0.03105	0.62671	0.11165	0.11833	0.00957	0.00257	0.00339	0.01411	0.00484	0.00430
42	0.00793	0.00529	0.00595	0.00595	0.00595	0.00529	0.00330	0.00793	0.00793	0.01057	0.01718	0.03568	0.01982	0.80840	0.02775	0.00529	0.00529	0.00793	0.00330	0.00330
43	0.02187	0.01006	0.01287	0.00977	0.01411	0.00895	0.00804	0.11151	0.01610	0.56552	0.01858	0.01672	0.01211	0.00628	0.00524	0.00154	0.00470	0.00505	0.00602	0.14495
44	0.84691	0.01054	0.00801	0.00717	0.01054	0.01223	0.00590	0.01603	0.00928	0.02446	0.00759	0.00886	0.00590	0.00506	0.00337	0.00169	0.00422	0.00295	0.00337	0.00590
45	0.00664	0.00474	0.00633	0.00759	0.00791	0.00443	0.00506	0.00759	0.01044	0.01392	0.03005	0.80485	0.03606	0.01708	0.00696	0.00221	0.00316	0.01550	0.00506	0.00443
46	0.00772	0.00557	0.00729	0.00686	0.00814	0.00514	0.00514	0.01029	0.01543	0.02186	0.77152	0.04072	0.05144	0.01115	0.00643	0.00171	0.00257	0.00986	0.00600	0.00514
47	0.00779	0.00584	0.00876	0.00876	0.00974	0.00681	0.00681	0.00974	0.00876	0.01266	0.01460	0.02142	0.01363	0.04089	0.78680	0.00876	0.01460	0.00584	0.00292	0.00487
48	0.01030	0.00969	0.01635	0.79530	0.03755	0.01211	0.01514	0.01393	0.01090	0.01393	0.00969	0.01453	0.00727	0.00545	0.00545	0.00182	0.00727	0.00484	0.00242	0.00606
49	0.00810	0.00565	0.00772	0.00772	0.00875	0.00626	0.00589	0.00999	0.00942	0.01397	0.01823	0.02438	0.06866	0.08240	0.54905	0.00677	0.01111	0.00625	0.14489	0.00478
50	0.01583	0.01399	0.01742	0.09163	0.28824	0.13628	0.01267	0.05848	0.01334	0.12063	0.01118	0.01331	0.00872	0.00589	0.00676	0.00164	0.10337	0.00459	0.00340	0.07264
51	0.01012	0.00857	0.00995	0.00771	0.01164	0.00662	0.00609	0.01229	0.01148	0.01697	0.01909	0.07089	0.13407	0.00688	0.00475	0.00113	0.00381	0.03397	0.00371	0.62025
52	0.01417	0.06581	0.05643	0.01076	0.01451	0.05973	0.00900	0.04654	0.43100	0.06398	0.01887	0.01806	0.04090	0.00670	0.00517	0.00161	0.00494	0.00539	0.00472	0.12172
53	0.01757	0.12817	0.11830	0.04423	0.01739	0.10908	0.01109	0.30264	0.01770	0.09216	0.01191	0.01257	0.00876	0.00582	0.00495	0.00151	0.00642	0.00431	0.03162	0.05379

[dist]
# distance from previous block
# <min> <max>
0	1

[block]
# block no. 5 follows, 44 sequences, length 41
# corresponding to MSA columns:
# 790-830
name=unknown_F
#
# <colnr> <probs for GDERKNQSTAVLIFYWHMCP>
#	G	D	E	R	K	N	Q	S	T	A	V	L	I	F	Y	W	H	M	C	P
0	0.16051	0.01608	0.05507	0.05962	0.16219	0.18017	0.01121	0.16748	0.01496	0.02111	0.00986	0.01154	0.00772	0.00536	0.00480	0.00152	0.00658	0.00403	0.00342	0.09679
1	0.01118	0.00950	0.00976	0.00951	0.01122	0.07607	0.00700	0.10550	0.18329	0.01883	0.06665	0.41796	0.02675	0.01227	0.00625	0.00196	0.00432	0.01073	0.00508	0.00618
2	0.01294	0.06149	0.20359	0.02782	0.55229	0.01337	0.01713	0.01684	0.01212	0.01740	0.00999	0.01275	0.00813	0.00492	0.00524	0.00162	0.00682	0.00455	0.00258	0.00841
3	0.02323	0.01125	0.01388	0.01064	0.01490	0.01095	0.00879	0.26724	0.01891	0.53283	0.01873	0.01675	0.01210	0.00668	0.00547	0.00167	0.00509	0.00529	0.00632	0.00928
4	0.00772	0.00557	0.00729	0.00686	0.00814	0.00514	0.00514	0.01029	0.01543	0.02186	0.77152	0.04072	0.05144	0.01115	0.00643	0.00171	0.00257	0.00986	0.00600	0.00514
5	0.00657	0.00504	0.00603	0.00682	0.00770	0.00449	0.00472	0.00768	0.01118	0.01422	0.03947	0.52345	0.31137	0.01586	0.00677	0.00207	0.00301	0.01401	0.00506	0.00449
6	0.00664	0.00474	0.00633	0.00759	0.00791	0.00443	0.00506	0.00759	0.01044	0.01392	0.03005	0.80485	0.03606	0.01708	0.00696	0.00221	0.00316	0.01550	0.00506	0.00443
7	0.00691	0.00546	0.00623	0.00621	0.00770	0.00477	0.00459	0.00866	0.01327	0.01714	0.30356	0.12888	0.44080	0.01322	0.00649	0.00184	0.00274	0.01136	0.00539	0.00477
8	0.00793	0.00529	0.00595	0.00595	0.00595	0.00529	0.00330	0.00793	0.00793	0.01057	0.01718	0.03568	0.01982	0.80840	0.02775	0.00529	0.00529	0.00793	0.00330	0.00330
9	0.00772	0.00557	0.00729	0.00686	0.00814	0.00514	0.00514	0.01029	0.01543	0.02186	0.77152	0.04072	0.05144	0.01115	0.00643	0.00171	0.00257	0.00986	0.00600	0.00514
10	0.02072	0.01527	0.01636	0.01254	0.01691	0.01691	0.01036	0.75622	0.02563	0.03436	0.01309	0.01309	0.00927	0.00654	0.00545	0.00164	0.00600	0.00491	0.00545	0.00927
11	0.84691	0.01054	0.00801	0.00717	0.01054	0.01223	0.00590	0.01603	0.00928	0.02446	0.00759	0.00886	0.00590	0.00506	0.00337	0.00169	0.00422	0.00295	0.00337	0.00590
12	0.01552	0.01680	0.02016	0.02773	0.55084	0.24124	0.01490	0.01822	0.01331	0.01649	0.00972	0.01241	0.00816	0.00508	0.00526	0.00156	0.00747	0.00446	0.00273	0.00795
13	0.00719	0.00551	0.00659	0.00642	0.00785	0.00491	0.00478	0.00924	0.01406	0.01882	0.46922	0.08861	0.31215	0.01245	0.00647	0.00179	0.00267	0.01078	0.00561	0.00491
14	0.00674	0.00553	0.00594	0.00584	0.00755	0.00473	0.00438	0.00840	0.01313	0.01640	0.22350	0.04971	0.60287	0.01318	0.00644	0.00181	0.00272	0.01112	0.00528	0.00473
15	0.00675	0.00553	0.00594	0.00584	0.00755	0.00473	0.00438	0.00841	0.01314	0.01642	0.22553	0.04967	0.60083	0.01317	0.00644	0.00181	0.00272	0.01111	0.00529	0.00473
16	0.01356	0.01171	0.01233	0.01109	0.01418	0.01356	0.00863	0.02897	0.76455	0.02281	0.02219	0.02034	0.01664	0.00740	0.00555	0.00185	0.00431	0.00616	0.00555	0.00863
17	0.84691	0.01054	0.00801	0.00717	0.01054	0.01223	0.00590	0.01603	0.00928	0.02446	0.00759	0.00886	0.00590	0.00506	0.00337	0.00169	0.00422	0.00295	0.00337	0.00590
18	0.01016	0.00508	0.00508	0.00508	0.00635	0.00508	0.00381	0.01270	0.01143	0.02033	0.01778	0.02033	0.01397	0.00635	0.00381	0.00127	0.00254	0.00508	0.83867	0.00508
19	0.01244	0.01188	0.02023	0.28404	0.53203	0.01268	0.01621	0.01581	0.01192	0.01653	0.01007	0.01384	0.00819	0.00505	0.00541	0.00168	0.00674	0.00485	0.00261	0.00779
20	0.02064	0.01611	0.01627	0.01315	0.03686	0.09838	0.01046	0.62966	0.02380	0.06101	0.01285	0.01297	0.00918	0.00641	0.00540	0.00161	0.00637	0.00478	0.00515	0.00894
21	0.01022	0.00763	0.03908	0.00810	0.01047	0.00628	0.00646	0.01230	0.01213	0.09880	0.18221	0.16839	0.05892	0.05894	0.09064	0.00260	0.00496	0.03238	0.00461	0.18486
22	0.01543	0.04685	0.09878	0.07448	0.05558	0.09161	0.25887	0.10037	0.01439	0.11247	0.01265	0.01605	0.00973	0.00594	0.00604	0.00175	0.02763	0.04024	0.00357	0.00757
23	0.01274	0.17084	0.38870	0.01950	0.23872	0.04579	0.01674	0.01712	0.01185	0.01643	0.00945	0.01150	0.00743	0.00501	0.00492	0.00158	0.00725	0.00404	0.00244	0.00795
24	0.00777	0.00549	0.00652	0.00669	0.00806	0.00484	0.00485	0.00927	0.01250	0.05936	0.17656	0.29654	0.35368	0.01399	0.00656	0.00193	0.00297	0.01218	0.00533	0.00491
25	0.01247	0.01451	0.08278	0.01350	0.01657	0.18623	0.18015	0.01536	0.01212	0.01568	0.05527	0.01705	0.01229	0.01499	0.20795	0.00347	0.03567	0.00540	0.09242	0.00612
26	0.01282	0.01245	0.08359	0.03723	0.01480	0.05998	0.00985	0.09304	0.21855	0.04969	0.01863	0.10079	0.02818	0.01241	0.09034	0.00266	0.07352	0.07010	0.00436	0.00701
27	0.00748	0.00556	0.00696	0.00661	0.00800	0.00504	0.00496	0.00982	0.01487	0.02052	0.63670	0.04293	0.18710	0.01165	0.00643	0.00174	0.00261	0.01017	0.00582	0.00504
28	0.00826	0.00592	0.00717	0.00696	0.00706	0.00643	0.00441	0.00856	0.00805	0.01100	0.01605	0.03217	0.01809	0.66121	0.10375	0.00539	0.07520	0.00744	0.00318	0.00369
29	0.01367	0.16818	0.10759	0.05236	0.10129	0.04585	0.19481	0.05969	0.10292	0.01749	0.01111	0.01323	0.00879	0.00564	0.00632	0.00169	0.07387	0.00488	0.00306	0.00754
30	0.01599	0.27704	0.01995	0.04692	0.01627	0.09855	0.05155	0.11392	0.07445	0.09768	0.01277	0.01384	0.02919	0.00734	0.03179	0.00180	0.07542	0.00454	0.00364	0.00735
31	0.00774	0.00602	0.00710	0.00758	0.00901	0.00569	0.00597	0.01015	0.05489	0.01534	0.03935	0.13610	0.35392	0.06720	0.00823	0.00233	0.00380	0.24975	0.00496	0.00486
32	0.01035	0.00681	0.00943	0.00886	0.01019	0.00761	0.00685	0.04720	0.01024	0.09123	0.01529	0.02182	0.01381	0.11469	0.53576	0.00686	0.04362	0.00592	0.02807	0.00541
33	0.01429	0.01506	0.01267	0.01004	0.01422	0.26429	0.00780	0.01638	0.01267	0.01631	0.00927	0.01082	0.00773	0.00456	0.00433	0.00100	0.00595	0.00332	0.00309	0.56618
34	0.00725	0.00544	0.00672	0.00664	0.00792	0.00491	0.00489	0.00931	0.01399	0.01900	0.49190	0.15364	0.22310	0.01264	0.00651	0.00182	0.00270	0.01107	0.00564	0.00491
35	0.00664	0.00474	0.00633	0.00759	0.00791	0.00443	0.00506	0.00759	0.01044	0.01392	0.03005	0.80485	0.03606	0.01708	0.00696	0.00221	0.00316	0.01550	0.00506	0.00443
36	0.00872	0.00683	0.00994	0.07217	0.01224	0.00691	0.07625	0.01097	0.01206	0.01717	0.16799	0.17839	0.14982	0.01106	0.01955	0.00191	0.04537	0.00916	0.17827	0.00522
37	0.01211	0.01629	0.16963	0.15221	0.07883	0.01324	0.44275	0.01678	0.01225	0.01685	0.01052	0.01399	0.00787	0.00487	0.00596	0.00180	0.00847	0.00561	0.00261	0.00735
38	0.00781	0.00576	0.00834	0.00834	0.00917	0.00659	0.00629	0.00947	0.00864	0.01234	0.01499	0.02354	0.01455	0.15534	0.67361	0.00824	0.01321	0.00615	0.00298	0.00463
39	0.01220	0.01209	0.02081	0.23759	0.30885	0.01362	0.11858	0.01531	0.01121	0.01572	0.00956	0.01362	0.00790	0.00596	0.00816	0.00186	0.17213	0.00506	0.00257	0.00719
40	0.01526	0.01551	0.06208	0.01774	0.13870	0.11267	0.16103	0.18632	0.06576	0.02119	0.03700	0.01470	0.01055	0.00610	0.00638	0.00170	0.06305	0.00523	0.05134	0.00769

[dist]
# distance from previous block
# <min> <max>
0	0

# created by:
# /home/cegg/simao/soft/augustus-3.2.1/scripts/msa2prfl.pl ./align_prep/22083.fa
