[name]
unknown

[dist]
# distance from previous block
# <min> <max>
0	261

[block]
# block no. 0 follows, 46 sequences, length 18
# corresponding to MSA columns:
# 293-310
name=unknown_A
#
# <colnr> <probs for GDERKNQSTAVLIFYWHMCP>
#	G	D	E	R	K	N	Q	S	T	A	V	L	I	F	Y	W	H	M	C	P
0	0.01561	0.06858	0.01334	0.01109	0.01356	0.28185	0.00888	0.09197	0.01431	0.10406	0.03211	0.08902	0.03905	0.00873	0.00622	0.00173	0.05354	0.13597	0.00406	0.00632
1	0.04021	0.02801	0.22002	0.01101	0.01542	0.01068	0.01093	0.13253	0.09430	0.19269	0.06605	0.03754	0.05329	0.00745	0.00541	0.00172	0.00534	0.05515	0.00462	0.00762
2	0.01658	0.01325	0.01318	0.13701	0.01752	0.17416	0.00944	0.14846	0.11100	0.17868	0.01766	0.06385	0.06156	0.00720	0.00534	0.00165	0.00594	0.00576	0.00451	0.00725
3	0.01162	0.17576	0.18770	0.14378	0.25397	0.01318	0.01398	0.01511	0.01169	0.01604	0.09719	0.01492	0.01223	0.00553	0.00494	0.00155	0.00618	0.00471	0.00279	0.00715
4	0.07064	0.01137	0.01602	0.17132	0.20080	0.01234	0.04794	0.08879	0.19854	0.10747	0.01403	0.01518	0.01041	0.00579	0.00521	0.00169	0.00565	0.00504	0.00398	0.00777
5	0.01554	0.01344	0.01925	0.02661	0.57112	0.10112	0.01419	0.01831	0.01287	0.13932	0.01148	0.01346	0.00895	0.00509	0.00519	0.00156	0.00637	0.00466	0.00326	0.00822
6	0.00918	0.00459	0.00689	0.00689	0.00689	0.00459	0.00459	0.00689	0.00689	0.00918	0.00918	0.01607	0.00918	0.01837	0.02066	0.84619	0.00459	0.00459	0.00230	0.00230
7	0.01997	0.01424	0.23348	0.01102	0.01618	0.00906	0.01113	0.02319	0.01400	0.56551	0.01761	0.01604	0.01126	0.00611	0.00523	0.00165	0.00545	0.00491	0.00531	0.00866
8	0.01413	0.81739	0.02770	0.00905	0.01357	0.02092	0.00905	0.01583	0.01074	0.01244	0.00735	0.00848	0.00678	0.00452	0.00339	0.00113	0.00565	0.00283	0.00226	0.00678
9	0.00725	0.00873	0.13028	0.00722	0.00944	0.00582	0.00644	0.00904	0.01083	0.01379	0.03649	0.12831	0.42152	0.16954	0.01016	0.00246	0.00402	0.00976	0.00415	0.00473
10	0.01245	0.44165	0.38873	0.01191	0.01800	0.01681	0.01403	0.01626	0.01094	0.01448	0.00837	0.00976	0.00674	0.00476	0.00417	0.00139	0.00668	0.00334	0.00225	0.00727
11	0.01613	0.00919	0.00996	0.00868	0.01133	0.09627	0.00672	0.01779	0.01363	0.37708	0.07098	0.17908	0.14112	0.00973	0.00574	0.00173	0.00438	0.00819	0.00548	0.00679
12	0.01352	0.67939	0.16030	0.01010	0.01520	0.01941	0.01088	0.01599	0.01082	0.01319	0.00772	0.00895	0.00677	0.00461	0.00368	0.00123	0.00603	0.00302	0.00226	0.00696
13	0.01361	0.70067	0.13985	0.00994	0.01494	0.01964	0.01059	0.01596	0.01080	0.01307	0.00767	0.00888	0.00677	0.00460	0.00363	0.00121	0.00597	0.00299	0.00226	0.00694
14	0.01354	0.55040	0.06756	0.00940	0.01319	0.10625	0.00887	0.01519	0.01076	0.01240	0.00906	0.01293	0.00877	0.13392	0.00740	0.00183	0.00614	0.00373	0.00246	0.00620
15	0.09763	0.01327	0.22221	0.01049	0.01370	0.05477	0.03318	0.01248	0.01028	0.01523	0.01652	0.18586	0.04630	0.01739	0.22300	0.00364	0.00809	0.00700	0.00323	0.00573
16	0.01124	0.25756	0.34714	0.01123	0.01671	0.01311	0.01261	0.01485	0.01089	0.01516	0.01108	0.10185	0.01014	0.00602	0.00456	0.00142	0.00600	0.00473	0.00269	0.14100
17	0.01553	0.10474	0.03591	0.01092	0.03663	0.11319	0.00867	0.23064	0.01620	0.11557	0.08382	0.17139	0.01762	0.00836	0.00537	0.00163	0.00535	0.00685	0.00457	0.00704

[dist]
# distance from previous block
# <min> <max>
2	12

[block]
# block no. 1 follows, 46 sequences, length 46
# corresponding to MSA columns:
# 323-368
name=unknown_B
#
# <colnr> <probs for GDERKNQSTAVLIFYWHMCP>
#	G	D	E	R	K	N	Q	S	T	A	V	L	I	F	Y	W	H	M	C	P
0	0.01197	0.00927	0.01010	0.00888	0.01103	0.01009	0.00666	0.16811	0.27316	0.02080	0.13371	0.02657	0.05573	0.21751	0.01112	0.00260	0.00444	0.00695	0.00484	0.00646
1	0.04998	0.01101	0.01452	0.11377	0.17667	0.01186	0.01065	0.06078	0.29310	0.17672	0.01641	0.01646	0.01196	0.00616	0.00523	0.00169	0.00512	0.00523	0.00457	0.00811
2	0.01287	0.01255	0.01223	0.12841	0.01658	0.17949	0.00838	0.01572	0.04724	0.04098	0.05161	0.01488	0.04215	0.00544	0.00464	0.00122	0.00552	0.00429	0.00335	0.39246
3	0.01270	0.64011	0.02351	0.00893	0.01267	0.01779	0.00851	0.01443	0.01025	0.01240	0.00884	0.01116	0.00819	0.01219	0.17590	0.00274	0.00751	0.00345	0.00239	0.00633
4	0.01656	0.03486	0.31566	0.01458	0.09851	0.01206	0.01373	0.17068	0.01514	0.23642	0.01334	0.01354	0.00914	0.00568	0.00515	0.00162	0.00627	0.00454	0.00411	0.00842
5	0.01588	0.22074	0.08268	0.01375	0.01794	0.18461	0.18011	0.01847	0.01256	0.12998	0.01065	0.01234	0.00827	0.02150	0.00595	0.00159	0.04848	0.00437	0.00312	0.00701
6	0.85155	0.01022	0.00777	0.00695	0.01022	0.01186	0.00573	0.01554	0.00900	0.02372	0.00736	0.00859	0.00573	0.00491	0.00327	0.00164	0.00409	0.00286	0.00327	0.00573
7	0.00845	0.00834	0.00704	0.00678	0.00863	0.12305	0.00508	0.00995	0.01289	0.01503	0.14613	0.04310	0.56302	0.01184	0.00602	0.00170	0.00368	0.00977	0.00471	0.00479
8	0.01262	0.01209	0.02062	0.14804	0.66928	0.01244	0.01599	0.01582	0.01182	0.01671	0.00986	0.01324	0.00817	0.00480	0.00524	0.00160	0.00640	0.00471	0.00258	0.00800
9	0.01096	0.00905	0.01050	0.00937	0.01140	0.01016	0.00733	0.06723	0.31662	0.02123	0.31948	0.02729	0.05461	0.00899	0.00700	0.00178	0.08777	0.00735	0.00521	0.00667
10	0.00738	0.00534	0.00680	0.00652	0.00764	0.00494	0.00476	0.00949	0.01388	0.01939	0.62754	0.07530	0.09209	0.08600	0.00818	0.00201	0.00278	0.00974	0.00548	0.00476
11	0.01256	0.01041	0.01100	0.00970	0.01256	0.01153	0.00760	0.13372	0.47329	0.02220	0.06146	0.02578	0.16854	0.00845	0.00558	0.00175	0.00405	0.00699	0.00529	0.00753
12	0.01865	0.01476	0.01619	0.01631	0.18284	0.12764	0.01098	0.33807	0.06263	0.13914	0.01317	0.01352	0.00957	0.00594	0.00521	0.00157	0.00617	0.00471	0.00452	0.00840
13	0.00755	0.00566	0.00850	0.00850	0.00944	0.00661	0.00661	0.00944	0.00850	0.01227	0.01416	0.02077	0.01322	0.03965	0.79326	0.00850	0.01416	0.00566	0.00283	0.00472
14	0.01309	0.01021	0.01132	0.00966	0.01249	0.01105	0.00766	0.27574	0.19095	0.02270	0.04514	0.05502	0.13598	0.01311	0.12393	0.00270	0.00590	0.00669	0.00479	0.04185
15	0.01174	0.01589	0.21210	0.17603	0.25737	0.01252	0.16417	0.01657	0.05085	0.01658	0.01047	0.01338	0.00803	0.00498	0.00540	0.00169	0.00723	0.00488	0.00262	0.00750
16	0.01711	0.10715	0.13204	0.01302	0.01677	0.49274	0.01130	0.04070	0.09251	0.01496	0.00979	0.01081	0.00781	0.00549	0.00474	0.00144	0.00821	0.00372	0.00295	0.00676
17	0.01415	0.01087	0.01208	0.09398	0.01526	0.05877	0.00855	0.28364	0.06387	0.06828	0.01832	0.27023	0.01768	0.00946	0.00570	0.00177	0.00506	0.00804	0.00472	0.02958
18	0.01254	0.13310	0.02065	0.23874	0.38008	0.04097	0.03389	0.01545	0.01138	0.01515	0.00923	0.01251	0.00764	0.00506	0.00552	0.00159	0.04239	0.00441	0.00248	0.00722
19	0.66843	0.01073	0.01076	0.01252	0.17861	0.01201	0.00802	0.01569	0.00966	0.02231	0.00793	0.00957	0.00630	0.00486	0.00370	0.00162	0.00457	0.00327	0.00313	0.00630
20	0.03804	0.01566	0.17548	0.13592	0.02553	0.01290	0.36584	0.05960	0.01246	0.05386	0.01058	0.01341	0.00779	0.00514	0.00618	0.00176	0.04456	0.00524	0.00287	0.00717
21	0.01424	0.01239	0.01552	0.01273	0.01629	0.01374	0.12193	0.15266	0.52939	0.02326	0.01838	0.01770	0.01369	0.00662	0.00549	0.00176	0.00517	0.00581	0.00496	0.00829
22	0.00725	0.00534	0.00685	0.00707	0.00820	0.00494	0.00536	0.00925	0.01314	0.01783	0.40881	0.19953	0.15050	0.01291	0.00650	0.00189	0.00299	0.12153	0.00536	0.00475
23	0.01308	0.01256	0.02146	0.03245	0.78123	0.01256	0.01622	0.01622	0.01204	0.01727	0.00994	0.01308	0.00837	0.00471	0.00523	0.00157	0.00628	0.00471	0.00262	0.00837
24	0.00717	0.00527	0.00584	0.00576	0.00724	0.00468	0.00430	0.00901	0.01270	0.01714	0.26500	0.07424	0.41400	0.01166	0.00588	0.00168	0.00261	0.00990	0.13123	0.00468
25	0.01203	0.01301	0.12776	0.01086	0.01437	0.01198	0.00960	0.02406	0.56270	0.02101	0.09493	0.02121	0.03845	0.00737	0.00543	0.00176	0.00452	0.00616	0.00494	0.00785
26	0.01262	0.01209	0.02062	0.14804	0.66928	0.01244	0.01599	0.01582	0.01182	0.01671	0.00986	0.01324	0.00817	0.00480	0.00524	0.00160	0.00640	0.00471	0.00258	0.00800
27	0.01162	0.01088	0.01737	0.39406	0.31250	0.01226	0.01431	0.01672	0.12552	0.01621	0.01142	0.01456	0.00891	0.00535	0.00528	0.00169	0.00633	0.00489	0.00290	0.00719
28	0.00683	0.00542	0.00636	0.00623	0.00772	0.00495	0.00471	0.00861	0.01242	0.01613	0.27329	0.04281	0.43697	0.01653	0.12453	0.00276	0.00435	0.00983	0.00488	0.00467
29	0.01485	0.01262	0.01999	0.06405	0.55098	0.05215	0.05409	0.01782	0.01261	0.13223	0.01151	0.01375	0.00892	0.00504	0.00528	0.00159	0.00636	0.00481	0.00320	0.00817
30	0.00942	0.01903	0.49147	0.01188	0.01721	0.00952	0.01402	0.01418	0.01260	0.01843	0.30074	0.02189	0.02305	0.00721	0.00548	0.00167	0.00580	0.00605	0.00359	0.00674
31	0.00871	0.00984	0.12465	0.00831	0.01108	0.00745	0.00758	0.03265	0.12625	0.01828	0.24029	0.03642	0.30170	0.01035	0.00594	0.00175	0.00378	0.03428	0.00484	0.00583
32	0.00981	0.01158	0.13028	0.41501	0.09876	0.01052	0.01331	0.01335	0.01156	0.01570	0.14437	0.01955	0.04966	0.00662	0.00577	0.00173	0.02744	0.00571	0.00307	0.00618
33	0.00917	0.00852	0.00898	0.00976	0.08880	0.08889	0.00650	0.01180	0.05262	0.01729	0.29822	0.03699	0.32157	0.01042	0.00594	0.00168	0.00378	0.00884	0.00479	0.00543
34	0.01014	0.00855	0.01183	0.03579	0.24320	0.00808	0.00862	0.04666	0.01265	0.01765	0.09898	0.02732	0.24174	0.00803	0.00531	0.00151	0.00415	0.00693	0.09079	0.11209
35	0.01295	0.01199	0.01907	0.15794	0.31850	0.01307	0.09090	0.12722	0.01326	0.01825	0.01248	0.01531	0.05245	0.00610	0.00693	0.00173	0.10620	0.00523	0.00307	0.00735
36	0.01053	0.00984	0.01684	0.39422	0.24602	0.01105	0.05219	0.01366	0.01077	0.01458	0.01098	0.04069	0.00931	0.01061	0.12380	0.00273	0.00786	0.00526	0.00260	0.00644
37	0.00734	0.00591	0.00663	0.00667	0.00818	0.00555	0.00491	0.01041	0.10238	0.01632	0.17863	0.21103	0.39096	0.01287	0.00625	0.00184	0.00291	0.01109	0.00513	0.00499
38	0.01723	0.02026	0.01460	0.01271	0.01541	0.51930	0.00981	0.05704	0.01386	0.01460	0.00841	0.01021	0.00710	0.00583	0.00654	0.00143	0.12665	0.00362	0.00286	0.13254
39	0.01268	0.01238	0.02190	0.05430	0.58871	0.01236	0.12772	0.01628	0.03029	0.01715	0.01118	0.01567	0.00951	0.00522	0.00549	0.00165	0.00658	0.04021	0.00279	0.00794
40	0.01670	0.05032	0.26882	0.01540	0.13252	0.09386	0.01341	0.08505	0.01402	0.23958	0.01290	0.01328	0.00901	0.00556	0.00507	0.00159	0.00654	0.00441	0.00386	0.00812
41	0.00961	0.00595	0.00728	0.00663	0.00851	0.00524	0.00508	0.01162	0.01396	0.13913	0.40321	0.04012	0.30143	0.01105	0.00609	0.00170	0.00287	0.00946	0.00561	0.00543
42	0.01189	0.01490	0.16360	0.01316	0.09497	0.16579	0.01058	0.01438	0.01153	0.03797	0.09279	0.05955	0.01542	0.10798	0.10601	0.00292	0.06150	0.00582	0.00321	0.00602
43	0.01469	0.05446	0.31806	0.05062	0.01882	0.25252	0.01352	0.01813	0.01263	0.09618	0.01166	0.04898	0.00953	0.00626	0.00537	0.00162	0.02667	0.03026	0.00306	0.00697
44	0.00998	0.00940	0.01586	0.80150	0.03641	0.01175	0.01468	0.01351	0.01057	0.01351	0.00940	0.01409	0.00705	0.00529	0.00529	0.00176	0.00705	0.00470	0.00235	0.00587
45	0.01103	0.05585	0.03617	0.21861	0.22854	0.01101	0.12491	0.01395	0.01130	0.03532	0.01424	0.18755	0.01379	0.00745	0.00562	0.00176	0.00612	0.00708	0.00313	0.00657

[dist]
# distance from previous block
# <min> <max>
0	1

[block]
# block no. 2 follows, 46 sequences, length 11
# corresponding to MSA columns:
# 370-380
name=unknown_C
#
# <colnr> <probs for GDERKNQSTAVLIFYWHMCP>
#	G	D	E	R	K	N	Q	S	T	A	V	L	I	F	Y	W	H	M	C	P
0	0.01570	0.16297	0.01835	0.01383	0.05343	0.36770	0.08768	0.05125	0.01334	0.01446	0.01096	0.10363	0.01039	0.00667	0.00559	0.00152	0.04804	0.00514	0.00298	0.00636
1	0.05051	0.00567	0.00663	0.00716	0.00830	0.00546	0.00529	0.00934	0.04628	0.01467	0.03344	0.32474	0.25440	0.04683	0.00789	0.04057	0.00347	0.12013	0.00465	0.00456
2	0.05447	0.01052	0.04495	0.04106	0.21662	0.00999	0.01057	0.12469	0.01388	0.01983	0.09672	0.04762	0.01818	0.00807	0.00560	0.00172	0.00513	0.16838	0.00398	0.09804
3	0.01186	0.01537	0.18230	0.01242	0.08304	0.14599	0.01045	0.01464	0.01152	0.01568	0.01371	0.06429	0.04971	0.04433	0.00646	0.00161	0.04641	0.00510	0.08465	0.18045
4	0.00826	0.00793	0.08791	0.09947	0.01111	0.00664	0.00623	0.00930	0.00838	0.01130	0.01507	0.02978	0.01650	0.63605	0.02212	0.00438	0.00563	0.00695	0.00300	0.00399
5	0.23543	0.01810	0.01473	0.01662	0.20759	0.39211	0.01056	0.01842	0.01268	0.01685	0.00841	0.01018	0.00692	0.00512	0.00449	0.00149	0.00729	0.00359	0.00284	0.00659
6	0.00675	0.00500	0.00634	0.00701	0.00784	0.00459	0.00501	0.00817	0.01158	0.01532	0.18081	0.46400	0.17735	0.01470	0.00659	0.00200	0.00301	0.06434	0.00508	0.00450
7	0.10203	0.41967	0.13921	0.01029	0.01492	0.09137	0.01026	0.01794	0.03198	0.10460	0.00971	0.01042	0.00765	0.00504	0.00404	0.00137	0.00602	0.00343	0.00299	0.00707
8	0.01641	0.14995	0.07337	0.01557	0.20749	0.02940	0.01090	0.04595	0.06610	0.25541	0.01582	0.01588	0.04436	0.00593	0.00494	0.00154	0.00540	0.00487	0.02275	0.00798
9	0.03357	0.05778	0.09837	0.10421	0.05818	0.16536	0.03107	0.01544	0.01167	0.05486	0.03057	0.05144	0.03004	0.04616	0.00707	0.00176	0.07709	0.00511	0.07140	0.04884
10	0.01438	0.10166	0.09802	0.01109	0.01431	0.18677	0.00962	0.16474	0.08319	0.01794	0.01296	0.01780	0.01140	0.10391	0.08925	0.00269	0.00743	0.04269	0.00355	0.00660

[dist]
# distance from previous block
# <min> <max>
2	10

[block]
# block no. 3 follows, 46 sequences, length 17
# corresponding to MSA columns:
# 391-407
name=unknown_D
#
# <colnr> <probs for GDERKNQSTAVLIFYWHMCP>
#	G	D	E	R	K	N	Q	S	T	A	V	L	I	F	Y	W	H	M	C	P
0	0.01157	0.00955	0.01036	0.00940	0.01195	0.01049	0.00737	0.08177	0.43914	0.02133	0.13489	0.02919	0.13693	0.00903	0.00575	0.00180	0.00389	0.05314	0.00533	0.00712
1	0.00792	0.00603	0.00751	0.00718	0.00889	0.00536	0.00557	0.01001	0.01286	0.01771	0.34831	0.08855	0.14916	0.04278	0.00694	0.00186	0.00329	0.13941	0.00497	0.12569
2	0.01192	0.01355	0.18618	0.19374	0.13012	0.01071	0.01275	0.10252	0.01368	0.06437	0.13923	0.01992	0.06520	0.00678	0.00544	0.00167	0.00578	0.00578	0.00369	0.00698
3	0.01464	0.01100	0.01219	0.00976	0.01303	0.01125	0.00766	0.39888	0.01762	0.02417	0.01479	0.12955	0.01367	0.10219	0.00773	0.00190	0.00492	0.00622	0.00451	0.19433
4	0.13326	0.01471	0.10551	0.01265	0.01603	0.12073	0.12198	0.01848	0.18127	0.01858	0.10744	0.01651	0.01428	0.00662	0.00641	0.00173	0.08812	0.00528	0.00367	0.00674
5	0.01249	0.39816	0.34026	0.01308	0.01905	0.01648	0.10183	0.01633	0.01112	0.01474	0.00862	0.01026	0.00689	0.00472	0.00440	0.00143	0.00692	0.00367	0.00230	0.00725
6	0.01073	0.13490	0.47887	0.01223	0.01799	0.01202	0.01448	0.03998	0.01241	0.01767	0.18070	0.01714	0.01641	0.00628	0.00507	0.00159	0.00625	0.00504	0.00314	0.00708
7	0.00705	0.00795	0.09758	0.00680	0.00917	0.00551	0.00607	0.00923	0.01263	0.01620	0.21954	0.04352	0.51616	0.01180	0.00610	0.00174	0.00324	0.00993	0.00481	0.00498
8	0.01347	0.01323	0.01229	0.01246	0.10274	0.20980	0.00856	0.14234	0.01485	0.01812	0.05596	0.09933	0.15635	0.00849	0.00546	0.00158	0.00561	0.03229	0.00402	0.08305
9	0.00630	0.00514	0.00557	0.00592	0.00729	0.00442	0.00427	0.00752	0.01151	0.01406	0.04672	0.26348	0.57089	0.01428	0.00639	0.00189	0.00279	0.01224	0.00491	0.00442
10	0.01146	0.21851	0.60313	0.01361	0.02063	0.01437	0.01699	0.01652	0.01106	0.01570	0.00897	0.01051	0.00672	0.00490	0.00463	0.00154	0.00729	0.00365	0.00224	0.00756
11	0.00879	0.00715	0.01008	0.00841	0.01089	0.00618	0.08562	0.01104	0.01277	0.03950	0.28474	0.11124	0.19649	0.00979	0.00580	0.00158	0.00362	0.00871	0.00468	0.17291
12	0.01360	0.01096	0.01238	0.00908	0.01364	0.00974	0.00736	0.22965	0.01497	0.02187	0.01035	0.01146	0.00816	0.00462	0.00431	0.00101	0.00446	0.00360	0.00375	0.60503
13	0.01193	0.01123	0.01892	0.16792	0.56512	0.01161	0.01475	0.01507	0.01209	0.01701	0.09158	0.01607	0.01255	0.00546	0.00535	0.00161	0.00602	0.00522	0.00291	0.00756
14	0.07225	0.02015	0.11101	0.10568	0.01901	0.37859	0.01163	0.15301	0.01508	0.01786	0.00919	0.01087	0.00715	0.00567	0.00540	0.00155	0.04213	0.00388	0.00310	0.00678
15	0.01554	0.01655	0.09506	0.18901	0.02069	0.23253	0.01155	0.07895	0.18128	0.08708	0.01303	0.01399	0.00965	0.00592	0.00514	0.00162	0.00687	0.00459	0.00372	0.00723
16	0.10886	0.12448	0.01390	0.20532	0.09597	0.01057	0.00951	0.01263	0.01059	0.01536	0.01514	0.21491	0.01564	0.00844	0.00518	0.00171	0.00505	0.05765	0.00334	0.06575

[dist]
# distance from previous block
# <min> <max>
6	11

[block]
# block no. 4 follows, 46 sequences, length 7
# corresponding to MSA columns:
# 419-425
name=unknown_E
#
# <colnr> <probs for GDERKNQSTAVLIFYWHMCP>
#	G	D	E	R	K	N	Q	S	T	A	V	L	I	F	Y	W	H	M	C	P
0	0.01296	0.14266	0.12452	0.00957	0.01283	0.01043	0.00882	0.08738	0.01227	0.15081	0.01693	0.11369	0.04327	0.08039	0.14683	0.00313	0.00682	0.00631	0.00390	0.00648
1	0.01355	0.60438	0.12174	0.01005	0.01477	0.01873	0.01028	0.01766	0.11733	0.01434	0.00960	0.01039	0.00808	0.00496	0.00388	0.00129	0.00572	0.00340	0.00269	0.00714
2	0.00814	0.00652	0.01018	0.00912	0.01055	0.00656	0.11098	0.00990	0.00979	0.01362	0.02124	0.14492	0.10674	0.15806	0.27511	0.00463	0.00788	0.00809	0.07324	0.00472
3	0.12579	0.00702	0.00984	0.00890	0.01075	0.00712	0.09418	0.01040	0.01051	0.01565	0.07216	0.18475	0.17861	0.01869	0.21768	0.00363	0.00676	0.00862	0.00392	0.00502
4	0.00757	0.00546	0.00692	0.00710	0.00781	0.00561	0.00511	0.00867	0.00920	0.01224	0.02276	0.03648	0.12548	0.35478	0.24799	0.00526	0.00742	0.11649	0.00358	0.00407
5	0.08908	0.00973	0.01174	0.00981	0.01324	0.00972	0.00811	0.12495	0.11132	0.39624	0.01982	0.02340	0.01508	0.00776	0.00547	0.00178	0.00467	0.12443	0.00568	0.00798
6	0.04913	0.36679	0.15610	0.00980	0.01490	0.01468	0.00999	0.04894	0.01144	0.01605	0.00858	0.00989	0.00713	0.00453	0.00392	0.00117	0.00546	0.00320	0.00269	0.25561

[dist]
# distance from previous block
# <min> <max>
2	13

[block]
# block no. 5 follows, 46 sequences, length 9
# corresponding to MSA columns:
# 439-447
name=unknown_F
#
# <colnr> <probs for GDERKNQSTAVLIFYWHMCP>
#	G	D	E	R	K	N	Q	S	T	A	V	L	I	F	Y	W	H	M	C	P
0	0.01313	0.12342	0.01221	0.00896	0.01147	0.07114	0.00714	0.06701	0.09986	0.14005	0.04305	0.22134	0.11378	0.00999	0.00558	0.00173	0.00449	0.03454	0.00473	0.00639
1	0.01389	0.01388	0.09561	0.20362	0.33969	0.01331	0.01464	0.20421	0.01484	0.02040	0.01046	0.01303	0.00805	0.00529	0.00524	0.00163	0.00649	0.00464	0.00319	0.00789
2	0.01374	0.01033	0.01093	0.00987	0.01261	0.07331	0.00774	0.02071	0.31082	0.14610	0.02093	0.13432	0.01836	0.00880	0.00559	0.00176	0.00457	0.09304	0.00500	0.09147
3	0.01496	0.00968	0.01103	0.00916	0.01201	0.00994	0.00701	0.14640	0.21622	0.18081	0.01743	0.02103	0.01422	0.21019	0.01064	0.00246	0.00474	0.00578	0.00483	0.09147
4	0.01176	0.01121	0.01906	0.36112	0.46292	0.01221	0.01557	0.01506	0.01141	0.01566	0.00971	0.01352	0.00781	0.00496	0.00526	0.00165	0.00661	0.00471	0.00250	0.00730
5	0.01316	0.39741	0.15628	0.01834	0.28594	0.01648	0.01338	0.01613	0.01127	0.01488	0.00863	0.01057	0.00733	0.00468	0.00432	0.00138	0.00625	0.00368	0.00238	0.00752
6	0.00877	0.00634	0.00779	0.00818	0.00916	0.00636	0.00578	0.13634	0.01263	0.01688	0.02633	0.67465	0.03054	0.01482	0.00650	0.00205	0.00354	0.01328	0.00497	0.00509
7	0.15468	0.01040	0.01573	0.16581	0.37204	0.01111	0.01275	0.01465	0.01127	0.01741	0.01269	0.02098	0.01169	0.00665	0.00529	0.00177	0.00579	0.13936	0.00309	0.00682
8	0.01421	0.01644	0.01558	0.01359	0.01616	0.37876	0.15665	0.01625	0.01317	0.01424	0.01545	0.16828	0.01573	0.00866	0.00579	0.00175	0.00753	0.11255	0.00343	0.00580

[dist]
# distance from previous block
# <min> <max>
0	1

[block]
# block no. 6 follows, 46 sequences, length 11
# corresponding to MSA columns:
# 449-459
name=unknown_G
#
# <colnr> <probs for GDERKNQSTAVLIFYWHMCP>
#	G	D	E	R	K	N	Q	S	T	A	V	L	I	F	Y	W	H	M	C	P
0	0.00914	0.00628	0.00726	0.00678	0.00757	0.00647	0.00452	0.09285	0.01087	0.01501	0.12419	0.03102	0.02168	0.50885	0.08134	0.00432	0.00542	0.00733	0.04482	0.00431
1	0.10520	0.01075	0.01736	0.12810	0.29450	0.01079	0.11809	0.01444	0.01119	0.01697	0.01190	0.10768	0.01094	0.00609	0.00518	0.00160	0.00583	0.00575	0.00300	0.11462
2	0.01376	0.00969	0.01191	0.01211	0.12048	0.00994	0.00810	0.24777	0.01532	0.09508	0.02085	0.02699	0.12254	0.20161	0.01074	0.00252	0.00508	0.05445	0.00445	0.00660
3	0.00789	0.00527	0.00671	0.00729	0.00816	0.00491	0.00525	0.00912	0.01093	0.05706	0.07226	0.41374	0.13646	0.11392	0.00915	0.00245	0.00357	0.11645	0.00483	0.00457
4	0.01135	0.01020	0.01667	0.18378	0.24037	0.01068	0.10103	0.09686	0.01270	0.01721	0.01541	0.22900	0.01531	0.00819	0.00578	0.00179	0.00583	0.00768	0.00349	0.00667
5	0.12205	0.41358	0.13445	0.01073	0.01506	0.16641	0.01049	0.01682	0.01129	0.01463	0.00781	0.00921	0.00665	0.00501	0.00443	0.00137	0.03773	0.00317	0.00248	0.00664
6	0.01395	0.35714	0.35747	0.01173	0.01763	0.01527	0.01345	0.01764	0.01155	0.12398	0.01020	0.01100	0.00764	0.00503	0.00438	0.00144	0.00643	0.00365	0.00286	0.00755
7	0.01211	0.34930	0.27711	0.01087	0.01584	0.01478	0.01188	0.06686	0.01244	0.01661	0.11878	0.04639	0.01416	0.00619	0.00461	0.00146	0.00583	0.00477	0.00307	0.00693
8	0.01372	0.12956	0.13774	0.01211	0.01651	0.05788	0.10654	0.12283	0.06764	0.06202	0.08400	0.04712	0.01355	0.00621	0.00507	0.00150	0.00590	0.00526	0.00376	0.10107
9	0.05966	0.06180	0.15514	0.00943	0.01337	0.01000	0.00900	0.12092	0.04990	0.09409	0.06825	0.04707	0.19697	0.00803	0.00524	0.00160	0.00469	0.00648	0.00430	0.07405
10	0.12013	0.08877	0.33006	0.01076	0.01585	0.01077	0.01184	0.01650	0.01197	0.14310	0.09902	0.01757	0.06553	0.00640	0.00489	0.00160	0.00555	0.00501	0.00368	0.03101

[dist]
# distance from previous block
# <min> <max>
22	106

[block]
# block no. 7 follows, 46 sequences, length 16
# corresponding to MSA columns:
# 567-582
name=unknown_H
#
# <colnr> <probs for GDERKNQSTAVLIFYWHMCP>
#	G	D	E	R	K	N	Q	S	T	A	V	L	I	F	Y	W	H	M	C	P
0	0.01291	0.01128	0.01496	0.29827	0.02309	0.01310	0.05245	0.12281	0.35170	0.02024	0.01532	0.01642	0.01142	0.00623	0.00538	0.00175	0.00571	0.00536	0.00412	0.00748
1	0.01314	0.01541	0.12250	0.15033	0.02444	0.05305	0.29029	0.12254	0.01328	0.01789	0.00996	0.01300	0.00761	0.00565	0.00723	0.00179	0.11689	0.00510	0.00289	0.00704
2	0.01311	0.01435	0.01595	0.25556	0.06411	0.25645	0.10902	0.01537	0.01173	0.01336	0.01061	0.01658	0.00952	0.16141	0.00942	0.00228	0.00766	0.00507	0.00269	0.00574
3	0.01295	0.37301	0.20949	0.01786	0.25728	0.01620	0.01384	0.01617	0.01125	0.01500	0.00868	0.01058	0.00726	0.00470	0.00437	0.00140	0.00637	0.00368	0.00237	0.00753
4	0.01184	0.30495	0.52008	0.01295	0.01961	0.01531	0.01585	0.01642	0.01101	0.01523	0.00874	0.01022	0.00673	0.00485	0.00445	0.00148	0.00705	0.00353	0.00224	0.00745
5	0.01316	0.00964	0.00924	0.11145	0.01294	0.13155	0.00686	0.05634	0.01264	0.08617	0.01483	0.01734	0.01153	0.03402	0.00511	0.00151	0.00464	0.00478	0.45050	0.00577
6	0.01315	0.01136	0.01195	0.01076	0.01375	0.01315	0.00837	0.02809	0.77168	0.02211	0.02152	0.01972	0.01614	0.00717	0.00538	0.00179	0.00418	0.00598	0.00538	0.00837
7	0.00696	0.00538	0.00634	0.00610	0.00758	0.00477	0.00458	0.00896	0.01373	0.01826	0.47065	0.04432	0.35951	0.01190	0.00624	0.00171	0.00257	0.01024	0.00543	0.00477
8	0.00998	0.00940	0.01586	0.80150	0.03641	0.01175	0.01468	0.01351	0.01057	0.01351	0.00940	0.01409	0.00705	0.00529	0.00529	0.00176	0.00705	0.00470	0.00235	0.00587
9	0.00734	0.00540	0.00687	0.00650	0.00781	0.00493	0.00487	0.00970	0.01462	0.02039	0.69336	0.04083	0.13548	0.01111	0.00624	0.00168	0.00252	0.00975	0.00571	0.00493
10	0.01460	0.01103	0.01200	0.01057	0.01371	0.01241	0.00829	0.02777	0.66818	0.12647	0.02143	0.01949	0.01572	0.00709	0.00537	0.00177	0.00423	0.00589	0.00554	0.00845
11	0.01975	0.02520	0.01498	0.01362	0.01634	0.79299	0.01021	0.02111	0.01498	0.01294	0.00817	0.00953	0.00681	0.00545	0.00477	0.00136	0.00953	0.00340	0.00272	0.00613
12	0.00644	0.00460	0.00613	0.00736	0.00767	0.00429	0.00491	0.00736	0.01012	0.01350	0.02914	0.81076	0.03497	0.01656	0.00675	0.00215	0.00307	0.01503	0.00491	0.00429
13	0.01890	0.01410	0.01522	0.01160	0.01589	0.01517	0.00955	0.66534	0.02304	0.03121	0.01226	0.01247	0.00884	0.00603	0.00511	0.00148	0.00557	0.00455	0.00501	0.11868
14	0.01107	0.13081	0.68740	0.01428	0.02166	0.01341	0.01816	0.01662	0.01111	0.01618	0.00921	0.01081	0.00671	0.00496	0.00481	0.00160	0.00753	0.00377	0.00224	0.00768
15	0.01296	0.64126	0.09228	0.00951	0.01385	0.01828	0.00965	0.01507	0.01048	0.01280	0.00843	0.01033	0.00762	0.00917	0.10698	0.00214	0.00696	0.00329	0.00233	0.00660

[dist]
# distance from previous block
# <min> <max>
0	2

[block]
# block no. 8 follows, 46 sequences, length 24
# corresponding to MSA columns:
# 585-608
name=unknown_I
#
# <colnr> <probs for GDERKNQSTAVLIFYWHMCP>
#	G	D	E	R	K	N	Q	S	T	A	V	L	I	F	Y	W	H	M	C	P
0	0.01098	0.11126	0.70619	0.01443	0.02189	0.01320	0.01842	0.01665	0.01112	0.01628	0.00926	0.01088	0.00671	0.00497	0.00485	0.00162	0.00758	0.00379	0.00224	0.00770
1	0.01357	0.06568	0.27041	0.01612	0.15995	0.08918	0.01360	0.15936	0.01481	0.01999	0.11366	0.01532	0.01329	0.00601	0.00516	0.00157	0.00647	0.00487	0.00342	0.00754
2	0.01289	0.48007	0.24820	0.01258	0.01816	0.01740	0.11366	0.01624	0.01110	0.01429	0.00842	0.01004	0.00693	0.00466	0.00425	0.00138	0.00672	0.00360	0.00231	0.00713
3	0.00641	0.00470	0.00603	0.00709	0.00760	0.00432	0.00479	0.00739	0.01038	0.01360	0.03243	0.70826	0.13534	0.01613	0.00668	0.00210	0.00301	0.01451	0.00491	0.00432
4	0.01450	0.01117	0.01482	0.01201	0.01530	0.01196	0.11299	0.23503	0.20490	0.07995	0.07345	0.01993	0.01539	0.01144	0.11188	0.00264	0.00658	0.03378	0.00473	0.00755
5	0.01381	0.13165	0.35823	0.01473	0.02029	0.21879	0.11552	0.01810	0.03285	0.01533	0.00934	0.01102	0.00717	0.00505	0.00491	0.00154	0.00802	0.00400	0.00251	0.00715
6	0.00644	0.00460	0.00613	0.00736	0.00767	0.00429	0.00491	0.00736	0.01012	0.01350	0.02914	0.81076	0.03497	0.01656	0.00675	0.00215	0.00307	0.01503	0.00491	0.00429
7	0.00769	0.00513	0.00577	0.00577	0.00577	0.00513	0.00320	0.00769	0.00769	0.01025	0.01666	0.03460	0.01922	0.81421	0.02691	0.00513	0.00513	0.00769	0.00320	0.00320
8	0.56052	0.01291	0.01125	0.01178	0.11859	0.11767	0.00811	0.07251	0.01142	0.02209	0.00823	0.00965	0.00648	0.00506	0.00390	0.00159	0.00526	0.00333	0.00326	0.00639
9	0.01206	0.01144	0.01574	0.37004	0.17601	0.05305	0.01285	0.01883	0.24029	0.01681	0.01309	0.01535	0.01004	0.00575	0.00528	0.00171	0.00616	0.00502	0.00333	0.00713
10	0.01004	0.00603	0.00754	0.00680	0.00869	0.00534	0.00522	0.01215	0.01422	0.15520	0.45037	0.03870	0.23780	0.01074	0.00608	0.00169	0.00290	0.00923	0.00571	0.00556
11	0.85155	0.01022	0.00777	0.00695	0.01022	0.01186	0.00573	0.01554	0.00900	0.02372	0.00736	0.00859	0.00573	0.00491	0.00327	0.00164	0.00409	0.00286	0.00327	0.00573
12	0.01296	0.12168	0.02130	0.27555	0.21540	0.09017	0.13688	0.03609	0.01209	0.01535	0.00944	0.01263	0.00753	0.00495	0.00512	0.00159	0.00719	0.00458	0.00257	0.00694
13	0.00661	0.00526	0.00594	0.00600	0.00742	0.00458	0.00441	0.00821	0.01257	0.01606	0.24850	0.15684	0.47263	0.01314	0.00632	0.00180	0.00268	0.01128	0.00516	0.00458
14	0.01349	0.09985	0.12494	0.01110	0.01440	0.04258	0.01019	0.23823	0.01591	0.02168	0.21276	0.01881	0.01883	0.00754	0.00707	0.00167	0.12424	0.00563	0.00413	0.00694
15	0.01041	0.00984	0.01663	0.69470	0.13985	0.01186	0.01490	0.01388	0.01077	0.01403	0.00947	0.01395	0.00723	0.00521	0.00528	0.00174	0.00694	0.00470	0.00239	0.00622
16	0.01123	0.00710	0.00951	0.00890	0.01055	0.00728	0.00731	0.01332	0.01295	0.16029	0.23848	0.03876	0.10903	0.01118	0.00787	0.00198	0.11177	0.22162	0.00511	0.00575
17	0.00765	0.00530	0.00663	0.00663	0.00692	0.00559	0.00428	0.00824	0.00794	0.01089	0.01587	0.03023	0.01733	0.56995	0.26858	0.00619	0.00797	0.00705	0.00309	0.00368
18	0.00644	0.00460	0.00613	0.00736	0.00767	0.00429	0.00491	0.00736	0.01012	0.01350	0.02914	0.81076	0.03497	0.01656	0.00675	0.00215	0.00307	0.01503	0.00491	0.00429
19	0.02153	0.00851	0.01157	0.00903	0.01274	0.00739	0.00739	0.02363	0.01511	0.68188	0.12305	0.02089	0.01805	0.00712	0.00544	0.00164	0.00423	0.00589	0.00645	0.00846
20	0.01267	0.01213	0.02070	0.13619	0.68076	0.01245	0.01602	0.01586	0.01184	0.01676	0.00987	0.01322	0.00819	0.00479	0.00524	0.00160	0.00638	0.00471	0.00258	0.00804
21	0.01374	0.04550	0.01598	0.01341	0.01436	0.22864	0.01090	0.01500	0.01010	0.01275	0.00759	0.01127	0.00715	0.00927	0.04500	0.00226	0.52450	0.00427	0.00244	0.00587
22	0.01341	0.01317	0.02114	0.03153	0.74410	0.05044	0.01593	0.01646	0.01218	0.01706	0.00986	0.01291	0.00830	0.00475	0.00521	0.00156	0.00644	0.00465	0.00262	0.00826
23	0.01201	0.10100	0.56961	0.01392	0.02035	0.12113	0.01653	0.01681	0.01160	0.01565	0.01006	0.04949	0.00809	0.00559	0.00492	0.00160	0.00762	0.00427	0.00243	0.00731

[dist]
# distance from previous block
# <min> <max>
0	52

[block]
# block no. 9 follows, 46 sequences, length 36
# corresponding to MSA columns:
# 661-696
name=unknown_J
#
# <colnr> <probs for GDERKNQSTAVLIFYWHMCP>
#	G	D	E	R	K	N	Q	S	T	A	V	L	I	F	Y	W	H	M	C	P
0	0.01354	0.01179	0.01404	0.01509	0.16436	0.01322	0.01000	0.06813	0.57973	0.02181	0.01874	0.01802	0.01420	0.00664	0.00535	0.00174	0.00469	0.00566	0.00483	0.00840
1	0.01371	0.01528	0.02536	0.02377	0.25188	0.12876	0.40106	0.01720	0.01257	0.01630	0.00997	0.01311	0.00791	0.00484	0.00610	0.00167	0.03524	0.00530	0.00265	0.00731
2	0.01713	0.01766	0.01550	0.01296	0.01596	0.40519	0.12025	0.07049	0.01435	0.09095	0.01163	0.01401	0.00929	0.05416	0.02392	0.00184	0.00784	0.00456	0.08588	0.00643
3	0.01908	0.01427	0.01531	0.01185	0.01599	0.01571	0.00974	0.66548	0.09178	0.03163	0.01335	0.01326	0.00959	0.00632	0.00524	0.00157	0.00559	0.00480	0.00521	0.04425
4	0.01262	0.01209	0.02063	0.14642	0.67085	0.01244	0.01600	0.01582	0.01182	0.01671	0.00986	0.01323	0.00818	0.00480	0.00524	0.00160	0.00639	0.00471	0.00258	0.00800
5	0.85155	0.01022	0.00777	0.00695	0.01022	0.01186	0.00573	0.01554	0.00900	0.02372	0.00736	0.00859	0.00573	0.00491	0.00327	0.00164	0.00409	0.00286	0.00327	0.00573
6	0.00769	0.00513	0.00577	0.00577	0.00577	0.00513	0.00320	0.00769	0.00769	0.01025	0.01666	0.03460	0.01922	0.81421	0.02691	0.00513	0.00513	0.00769	0.00320	0.00320
7	0.02372	0.00900	0.01227	0.00941	0.01350	0.00777	0.00777	0.02576	0.01513	0.78489	0.02086	0.01799	0.01309	0.00654	0.00532	0.00164	0.00450	0.00532	0.00654	0.00900
8	0.00769	0.00513	0.00577	0.00577	0.00577	0.00513	0.00320	0.00769	0.00769	0.01025	0.01666	0.03460	0.01922	0.81421	0.02691	0.00513	0.00513	0.00769	0.00320	0.00320
9	0.00638	0.00536	0.00554	0.00550	0.00722	0.00452	0.00412	0.00784	0.01236	0.01503	0.13179	0.04965	0.70038	0.01311	0.00625	0.00177	0.00266	0.01098	0.00501	0.00452
10	0.01418	0.01187	0.01253	0.01097	0.01414	0.01363	0.00862	0.13710	0.66100	0.02377	0.02021	0.01868	0.01508	0.00705	0.00537	0.00176	0.00443	0.00580	0.00537	0.00846
11	0.00755	0.00566	0.00850	0.00850	0.00944	0.00661	0.00661	0.00944	0.00850	0.01227	0.01416	0.02077	0.01322	0.03965	0.79326	0.00850	0.01416	0.00566	0.00283	0.00472
12	0.01781	0.01229	0.01658	0.01507	0.12943	0.01263	0.08386	0.33755	0.03997	0.18811	0.07905	0.01651	0.01335	0.00636	0.00546	0.00163	0.00558	0.00546	0.00495	0.00836
13	0.01545	0.01663	0.01619	0.09549	0.22873	0.29564	0.01188	0.04563	0.18791	0.01698	0.01200	0.01341	0.00948	0.00565	0.00510	0.00157	0.00704	0.00453	0.00335	0.00733
14	0.01102	0.01045	0.01773	0.54443	0.28538	0.01202	0.01520	0.01442	0.01106	0.01477	0.00958	0.01376	0.00749	0.00509	0.00527	0.00170	0.00679	0.00470	0.00244	0.00671
15	0.01127	0.02519	0.63585	0.01615	0.02336	0.04447	0.13639	0.01695	0.01153	0.01662	0.00962	0.01158	0.00691	0.00495	0.00520	0.00168	0.00806	0.00425	0.00232	0.00764
16	0.01187	0.40023	0.35002	0.01145	0.01697	0.01560	0.01312	0.01539	0.01086	0.01438	0.01039	0.08811	0.00950	0.00591	0.00442	0.00146	0.00632	0.00448	0.00251	0.00698
17	0.02372	0.00900	0.01227	0.00941	0.01350	0.00777	0.00777	0.02576	0.01513	0.78489	0.02086	0.01799	0.01309	0.00654	0.00532	0.00164	0.00450	0.00532	0.00654	0.00900
18	0.01191	0.00978	0.01631	0.05336	0.35486	0.00954	0.07904	0.01458	0.01242	0.09200	0.11718	0.13914	0.05112	0.00785	0.00574	0.00171	0.00524	0.00738	0.00386	0.00699
19	0.01291	0.01533	0.09548	0.32374	0.02431	0.22571	0.07103	0.01603	0.01207	0.01488	0.01033	0.01338	0.00799	0.00537	0.00495	0.00157	0.00728	0.00442	0.12713	0.00610
20	0.02372	0.00900	0.01227	0.00941	0.01350	0.00777	0.00777	0.02576	0.01513	0.78489	0.02086	0.01799	0.01309	0.00654	0.00532	0.00164	0.00450	0.00532	0.00654	0.00900
21	0.00625	0.00536	0.00536	0.00536	0.00714	0.00446	0.00402	0.00759	0.01205	0.01428	0.05355	0.05088	0.77909	0.01339	0.00625	0.00179	0.00268	0.01116	0.00491	0.00446
22	0.01355	0.13817	0.24547	0.23891	0.02352	0.19727	0.01400	0.01701	0.01196	0.04016	0.00922	0.01145	0.00705	0.00518	0.00481	0.00154	0.00757	0.00390	0.00253	0.00675
23	0.01271	0.01233	0.02164	0.06334	0.64384	0.01234	0.08909	0.01596	0.01202	0.01702	0.01073	0.01515	0.00919	0.00512	0.00542	0.00163	0.00651	0.03525	0.00270	0.00800
24	0.00668	0.00470	0.00607	0.00706	0.00731	0.00445	0.00459	0.00742	0.00966	0.01289	0.02679	0.66496	0.03201	0.16640	0.01053	0.00271	0.00345	0.01365	0.00459	0.00409
25	0.01854	0.02318	0.01516	0.01366	0.01598	0.67786	0.01041	0.01987	0.01396	0.01291	0.00799	0.00983	0.00683	0.00601	0.00663	0.00150	0.12735	0.00359	0.00266	0.00608
26	0.13471	0.00952	0.01466	0.68375	0.03253	0.01176	0.01335	0.01381	0.01034	0.01502	0.00909	0.01328	0.00685	0.00523	0.00499	0.00174	0.00661	0.00443	0.00249	0.00585
27	0.01133	0.01082	0.01678	0.04861	0.12865	0.01353	0.07257	0.01278	0.00910	0.01344	0.00897	0.04669	0.00867	0.00929	0.01405	0.09003	0.47113	0.00521	0.00250	0.00585
28	0.85155	0.01022	0.00777	0.00695	0.01022	0.01186	0.00573	0.01554	0.00900	0.02372	0.00736	0.00859	0.00573	0.00491	0.00327	0.00164	0.00409	0.00286	0.00327	0.00573
29	0.00761	0.00542	0.00728	0.00728	0.00781	0.00595	0.00510	0.00866	0.00814	0.01137	0.01527	0.02691	0.01588	0.38369	0.45287	0.00700	0.01015	0.00656	0.00300	0.00405
30	0.01328	0.34683	0.24713	0.01089	0.01563	0.12936	0.01153	0.01635	0.01154	0.01486	0.00957	0.01109	0.00776	0.00505	0.00412	0.00134	0.00639	0.00354	0.12700	0.00672
31	0.14302	0.02298	0.01391	0.01263	0.01544	0.67722	0.00955	0.02028	0.01409	0.01454	0.00805	0.00939	0.00665	0.00537	0.00455	0.00140	0.00873	0.00332	0.00281	0.00607
32	0.00900	0.00525	0.00704	0.00766	0.00853	0.00481	0.00533	0.01009	0.01086	0.12782	0.02791	0.69327	0.03172	0.01508	0.00654	0.00207	0.00328	0.01359	0.00515	0.00499
33	0.00660	0.00472	0.00627	0.00726	0.00770	0.00440	0.00492	0.00775	0.01084	0.01464	0.14019	0.69646	0.03718	0.01571	0.00667	0.00208	0.00298	0.01422	0.00504	0.00440
34	0.00644	0.00460	0.00613	0.00736	0.00767	0.00429	0.00491	0.00736	0.01012	0.01350	0.02914	0.81076	0.03497	0.01656	0.00675	0.00215	0.00307	0.01503	0.00491	0.00429
35	0.01985	0.02212	0.01524	0.01319	0.01636	0.56314	0.01017	0.24087	0.01790	0.01897	0.00951	0.01047	0.00746	0.00571	0.00492	0.00143	0.00843	0.00381	0.00348	0.00698

[dist]
# distance from previous block
# <min> <max>
0	12

[block]
# block no. 10 follows, 46 sequences, length 9
# corresponding to MSA columns:
# 709-717
name=unknown_K
#
# <colnr> <probs for GDERKNQSTAVLIFYWHMCP>
#	G	D	E	R	K	N	Q	S	T	A	V	L	I	F	Y	W	H	M	C	P
0	0.00798	0.00530	0.00662	0.00629	0.00753	0.00498	0.00472	0.01047	0.01415	0.02089	0.61871	0.03534	0.04226	0.00983	0.00570	0.00157	0.00249	0.00859	0.18161	0.00498
1	0.01601	0.01999	0.40850	0.01307	0.01910	0.01248	0.01441	0.22768	0.01583	0.18257	0.01277	0.01302	0.00868	0.00571	0.00516	0.00164	0.00656	0.00444	0.00399	0.00839
2	0.24510	0.00624	0.00672	0.00649	0.00767	0.00670	0.00472	0.01045	0.00836	0.01546	0.01036	0.01474	0.00913	0.01204	0.01223	0.43249	0.00400	0.00418	0.17910	0.00381
3	0.19470	0.01117	0.01104	0.00915	0.01249	0.12421	0.00733	0.02084	0.01380	0.41019	0.11633	0.01761	0.01548	0.00660	0.00493	0.00160	0.00489	0.00508	0.00520	0.00736
4	0.24681	0.01104	0.01536	0.18052	0.25032	0.01296	0.01199	0.01474	0.01006	0.01734	0.00848	0.01172	0.00706	0.00584	0.00724	0.00178	0.17333	0.00417	0.00268	0.00657
5	0.01213	0.00882	0.01077	0.04985	0.01330	0.00754	0.00690	0.01545	0.08148	0.11844	0.01494	0.13096	0.01326	0.00650	0.00473	0.00124	0.00406	0.00552	0.00401	0.49010
6	0.01543	0.01448	0.01714	0.13572	0.29000	0.15734	0.01256	0.16087	0.01486	0.04745	0.01042	0.01251	0.00814	0.00525	0.00506	0.00150	0.00665	0.00437	0.00330	0.07697
7	0.13621	0.05672	0.04057	0.01034	0.05619	0.20182	0.02158	0.01440	0.02799	0.03170	0.02179	0.02425	0.21128	0.11433	0.00788	0.00205	0.00565	0.00614	0.00353	0.00560
8	0.01081	0.05705	0.05469	0.21746	0.12755	0.01099	0.01131	0.01641	0.17135	0.01731	0.11634	0.02474	0.01823	0.00765	0.00560	0.00179	0.00537	0.11487	0.00384	0.00664

[dist]
# distance from previous block
# <min> <max>
0	1595

# created by:
# /home/cegg/simao/soft/augustus-3.2.1/scripts/msa2prfl.pl ./align_prep/22116.fa
