[name]
unknown

[dist]
# distance from previous block
# <min> <max>
5	374

[block]
# block no. 0 follows, 46 sequences, length 34
# corresponding to MSA columns:
# 417-442,445-452
name=unknown_A
#
# <colnr> <probs for GDERKNQSTAVLIFYWHMCP>
#	G	D	E	R	K	N	Q	S	T	A	V	L	I	F	Y	W	H	M	C	P
0	0.06201	0.05059	0.01203	0.01002	0.01264	0.15765	0.00803	0.12362	0.10505	0.08326	0.06150	0.02071	0.01494	0.01156	0.10864	0.00252	0.00666	0.07705	0.06492	0.00659
1	0.04045	0.00957	0.04818	0.02086	0.01289	0.00850	0.04563	0.12032	0.02747	0.17209	0.18262	0.08619	0.07380	0.00830	0.00551	0.00162	0.00431	0.01716	0.02534	0.08921
2	0.06715	0.06319	0.01504	0.12928	0.01792	0.01160	0.06347	0.10223	0.13746	0.25872	0.01530	0.01535	0.01076	0.00592	0.00504	0.00160	0.00527	0.00491	0.02138	0.04839
3	0.08619	0.01365	0.01487	0.17180	0.01954	0.17530	0.08203	0.12680	0.02589	0.01805	0.01176	0.09539	0.01041	0.00656	0.00550	0.00160	0.03223	0.00536	0.00337	0.09369
4	0.05309	0.04981	0.12933	0.33275	0.05473	0.01037	0.01189	0.01391	0.01178	0.05648	0.14991	0.02045	0.07071	0.00680	0.00529	0.00168	0.00565	0.00576	0.00341	0.00621
5	0.01212	0.41492	0.21572	0.01015	0.01479	0.01485	0.01087	0.01499	0.01144	0.04374	0.07538	0.05299	0.05175	0.00657	0.00454	0.00145	0.00561	0.02839	0.00305	0.00669
6	0.02440	0.05170	0.04005	0.20868	0.01986	0.12952	0.04877	0.05168	0.02721	0.05776	0.07841	0.01781	0.07120	0.00715	0.00733	0.00174	0.14174	0.00540	0.00335	0.00625
7	0.01204	0.07097	0.33922	0.15994	0.21727	0.01265	0.04469	0.01640	0.01149	0.05210	0.01003	0.01244	0.00754	0.00501	0.00508	0.00163	0.00703	0.00434	0.00257	0.00757
8	0.06483	0.01150	0.01294	0.00994	0.01401	0.04751	0.04056	0.21581	0.01511	0.08297	0.01243	0.06699	0.01026	0.00580	0.00469	0.00128	0.00491	0.00470	0.00407	0.36966
9	0.01215	0.12226	0.56227	0.01373	0.02044	0.01381	0.01651	0.09017	0.06741	0.01821	0.01041	0.01160	0.00761	0.00525	0.00487	0.00161	0.00709	0.00401	0.00276	0.00784
10	0.00918	0.00459	0.00689	0.00689	0.00689	0.00459	0.00459	0.00689	0.00689	0.00918	0.00918	0.01607	0.00918	0.01837	0.02066	0.84619	0.00459	0.00459	0.00230	0.00230
11	0.01289	0.11370	0.01155	0.00847	0.01090	0.00871	0.00666	0.06824	0.04837	0.18974	0.03442	0.34196	0.05790	0.01064	0.00563	0.00175	0.00400	0.00918	0.00490	0.05038
12	0.00722	0.00527	0.00650	0.00654	0.00775	0.00481	0.00486	0.00921	0.01322	0.01814	0.42620	0.16621	0.20187	0.01223	0.00624	0.00178	0.00274	0.04512	0.04934	0.00475
13	0.00757	0.00558	0.00809	0.00809	0.00889	0.00639	0.00610	0.00918	0.00837	0.01197	0.01454	0.02285	0.01412	0.15598	0.67816	0.00799	0.01280	0.00597	0.00289	0.00449
14	0.01386	0.01007	0.01179	0.00862	0.01317	0.00840	0.00697	0.11575	0.01338	0.12006	0.01134	0.01212	0.00868	0.00459	0.00428	0.00100	0.00425	0.00364	0.00387	0.62417
15	0.01243	0.01453	0.20592	0.01521	0.01983	0.01029	0.30076	0.01610	0.01191	0.13110	0.01537	0.15025	0.01362	0.04940	0.00698	0.00197	0.00679	0.00710	0.00355	0.00689
16	0.01766	0.06340	0.09701	0.01309	0.06559	0.01461	0.01090	0.40714	0.12904	0.10693	0.01400	0.01388	0.01004	0.00613	0.00516	0.00160	0.00567	0.00479	0.00476	0.00860
17	0.01843	0.01793	0.01403	0.01210	0.01517	0.37782	0.00953	0.23917	0.01740	0.08474	0.01446	0.01736	0.04906	0.00702	0.00550	0.00158	0.02335	0.06423	0.00408	0.00702
18	0.00756	0.00564	0.00836	0.00836	0.00926	0.00654	0.00644	0.00936	0.00846	0.01217	0.01428	0.02144	0.01351	0.07713	0.75618	0.00833	0.01372	0.00576	0.00285	0.00465
19	0.15494	0.01879	0.36288	0.01593	0.15480	0.01248	0.01443	0.12638	0.01317	0.02070	0.04999	0.01278	0.00943	0.00545	0.00487	0.00164	0.00633	0.00430	0.00312	0.00759
20	0.00995	0.00715	0.00787	0.00712	0.00832	0.00736	0.00489	0.16071	0.01194	0.01570	0.02200	0.03228	0.14577	0.47851	0.05502	0.00400	0.00527	0.00759	0.00390	0.00466
21	0.01347	0.06056	0.23287	0.14960	0.02423	0.21142	0.20093	0.01731	0.01234	0.01506	0.00933	0.01188	0.00712	0.00501	0.00522	0.00161	0.00829	0.00444	0.00249	0.00683
22	0.01107	0.00835	0.00937	0.00843	0.01037	0.04525	0.00657	0.06319	0.08194	0.09719	0.20518	0.06774	0.21677	0.01245	0.06587	0.00227	0.06903	0.00816	0.00489	0.00591
23	0.01438	0.50799	0.05958	0.01128	0.01550	0.15702	0.08279	0.01655	0.01196	0.01373	0.05801	0.01137	0.00970	0.00511	0.00418	0.00130	0.00656	0.00375	0.00261	0.00663
24	0.01434	0.15416	0.25301	0.01182	0.01697	0.06696	0.01204	0.13756	0.11786	0.05476	0.01171	0.01231	0.00880	0.00542	0.00471	0.00146	0.00616	0.00409	0.00349	0.10239
25	0.01608	0.01453	0.01598	0.01725	0.21009	0.18541	0.04560	0.02267	0.26701	0.12781	0.01501	0.01527	0.01128	0.00595	0.00524	0.00162	0.00617	0.00500	0.00413	0.00790
26	0.00925	0.00668	0.00916	0.01081	0.11018	0.00625	0.00673	0.03554	0.01123	0.06402	0.02470	0.49859	0.06204	0.04990	0.00711	0.00204	0.00381	0.01132	0.00452	0.06612
27	0.11914	0.08240	0.15459	0.06867	0.19879	0.01162	0.01172	0.06850	0.01273	0.01905	0.14859	0.01832	0.05175	0.00643	0.00502	0.00160	0.00539	0.00534	0.00346	0.00688
28	0.32988	0.01763	0.18418	0.03152	0.06224	0.16537	0.01105	0.10782	0.01280	0.02059	0.00885	0.01025	0.00674	0.00521	0.00437	0.00158	0.00640	0.00359	0.00312	0.00683
29	0.01301	0.01263	0.01869	0.08943	0.55173	0.06831	0.01416	0.05343	0.01278	0.01718	0.01416	0.01657	0.08322	0.00574	0.00531	0.00159	0.00620	0.00525	0.00296	0.00766
30	0.15992	0.00673	0.00850	0.00775	0.00888	0.00697	0.05348	0.03419	0.00879	0.01381	0.01364	0.07799	0.03068	0.24043	0.01655	0.29368	0.00482	0.00618	0.00310	0.00389
31	0.11370	0.01175	0.16189	0.00957	0.01259	0.00920	0.00900	0.10314	0.02406	0.01833	0.03486	0.18637	0.16922	0.01023	0.00627	0.00187	0.04653	0.06136	0.00411	0.00596
32	0.01212	0.00962	0.06536	0.00850	0.01125	0.00849	0.00720	0.19752	0.01488	0.09364	0.02934	0.05162	0.27805	0.10320	0.00822	0.00213	0.00443	0.05506	0.03321	0.00616
33	0.11762	0.27167	0.01419	0.04488	0.01130	0.01185	0.00667	0.05128	0.01075	0.01511	0.01736	0.13830	0.08856	0.15241	0.00856	0.00218	0.00469	0.00657	0.02058	0.00544

[dist]
# distance from previous block
# <min> <max>
0	40

[block]
# block no. 1 follows, 46 sequences, length 73
# corresponding to MSA columns:
# 493-565
name=unknown_B
#
# <colnr> <probs for GDERKNQSTAVLIFYWHMCP>
#	G	D	E	R	K	N	Q	S	T	A	V	L	I	F	Y	W	H	M	C	P
0	0.01318	0.17240	0.16550	0.01202	0.05981	0.02794	0.01096	0.04047	0.11245	0.09874	0.01620	0.03259	0.02527	0.00734	0.00519	0.00166	0.00556	0.13721	0.00383	0.05168
1	0.05118	0.17864	0.34068	0.03641	0.01818	0.14149	0.01334	0.01758	0.01215	0.08514	0.05054	0.01246	0.00957	0.00544	0.00468	0.00151	0.00690	0.00402	0.00295	0.00714
2	0.14759	0.00828	0.01141	0.04380	0.23538	0.00852	0.00874	0.01188	0.01079	0.01657	0.05572	0.19284	0.11511	0.02557	0.08258	0.00248	0.00536	0.00784	0.00369	0.00586
3	0.01933	0.00620	0.04739	0.00687	0.00785	0.00533	0.00513	0.00913	0.00966	0.01402	0.02240	0.28380	0.07453	0.19616	0.07057	0.04058	0.00456	0.00926	0.16290	0.00433
4	0.01429	0.01613	0.11508	0.11237	0.32120	0.14078	0.05610	0.08508	0.01349	0.04092	0.01060	0.03084	0.00854	0.00540	0.00523	0.00160	0.00707	0.00474	0.00297	0.00756
5	0.04119	0.01216	0.01993	0.05854	0.64216	0.01253	0.01507	0.01665	0.03690	0.04288	0.01045	0.01329	0.00858	0.00508	0.00572	0.00162	0.04159	0.00471	0.00284	0.00810
6	0.01049	0.00992	0.01678	0.67508	0.15885	0.01188	0.01494	0.01395	0.01081	0.01413	0.00949	0.01393	0.00727	0.00519	0.00528	0.00173	0.00692	0.00470	0.00239	0.00628
7	0.00833	0.00677	0.01011	0.00868	0.01077	0.00607	0.11811	0.01045	0.01284	0.05080	0.24823	0.13265	0.33277	0.01140	0.00626	0.00179	0.00369	0.01018	0.00490	0.00519
8	0.01484	0.16393	0.17842	0.13674	0.07541	0.21780	0.01287	0.04113	0.03832	0.05875	0.00992	0.01157	0.00767	0.00526	0.00475	0.00150	0.00727	0.00394	0.00286	0.00705
9	0.01923	0.01331	0.01376	0.01110	0.01479	0.09048	0.00895	0.33501	0.15165	0.22469	0.04995	0.01618	0.01291	0.00665	0.00530	0.00162	0.00541	0.00520	0.00540	0.00842
10	0.00757	0.00558	0.00805	0.00805	0.00884	0.00636	0.00605	0.00915	0.00836	0.01194	0.01457	0.02304	0.01420	0.16698	0.66728	0.00794	0.01268	0.00600	0.00289	0.00447
11	0.05104	0.01485	0.05435	0.01206	0.01470	0.28124	0.09967	0.01582	0.01260	0.07029	0.01668	0.22177	0.01686	0.02296	0.00604	0.00182	0.00662	0.07099	0.00375	0.00590
12	0.01082	0.01050	0.02891	0.40438	0.26105	0.01131	0.06646	0.01421	0.01169	0.01587	0.10125	0.01678	0.01262	0.00570	0.00545	0.00169	0.00641	0.00538	0.00287	0.00665
13	0.01575	0.16347	0.17011	0.01440	0.01909	0.26391	0.14262	0.11822	0.01437	0.01702	0.00933	0.01091	0.00729	0.00515	0.00490	0.00148	0.00790	0.00407	0.00288	0.00713
14	0.85155	0.01022	0.00777	0.00695	0.01022	0.01186	0.00573	0.01554	0.00900	0.02372	0.00736	0.00859	0.00573	0.00491	0.00327	0.00164	0.00409	0.00286	0.00327	0.00573
15	0.00772	0.00622	0.00707	0.00737	0.00891	0.00601	0.00565	0.01120	0.12544	0.01555	0.03895	0.21374	0.37121	0.01336	0.00641	0.00198	0.00337	0.13978	0.00497	0.00508
16	0.14833	0.00953	0.01453	0.67089	0.03211	0.01176	0.01321	0.01384	0.01031	0.01519	0.00906	0.01319	0.00683	0.00522	0.00495	0.00174	0.00656	0.00440	0.00250	0.00585
17	0.01220	0.01310	0.01382	0.43192	0.02545	0.22624	0.01156	0.02673	0.01217	0.01376	0.01548	0.06174	0.10053	0.00694	0.00534	0.00167	0.00697	0.00569	0.00295	0.00574
18	0.01796	0.01375	0.01466	0.01173	0.01558	0.01540	0.00953	0.53764	0.25430	0.02988	0.01540	0.01485	0.01119	0.00660	0.00532	0.00165	0.00532	0.00513	0.00532	0.00880
19	0.00912	0.00577	0.00759	0.00693	0.00846	0.00527	0.00527	0.01156	0.01498	0.09800	0.70226	0.03733	0.04618	0.01038	0.00614	0.00166	0.00270	0.00913	0.00589	0.00539
20	0.01623	0.00706	0.00913	0.00787	0.01047	0.00627	0.00615	0.01805	0.01310	0.42552	0.02449	0.19267	0.07575	0.00917	0.00541	0.00169	0.00369	0.00780	0.15256	0.00692
21	0.12010	0.00921	0.01151	0.00884	0.01294	0.00813	0.00726	0.02238	0.01368	0.56065	0.01725	0.01565	0.01129	0.00589	0.00483	0.00149	0.00435	0.00464	0.00556	0.15435
22	0.00673	0.00515	0.00618	0.00640	0.00756	0.00459	0.00462	0.00835	0.01249	0.01645	0.29768	0.27204	0.30579	0.01343	0.00639	0.00185	0.00273	0.01175	0.00522	0.00459
23	0.00694	0.00520	0.00595	0.00633	0.00723	0.00478	0.00441	0.00791	0.01038	0.01309	0.03515	0.20389	0.32802	0.24895	0.01251	0.00290	0.00369	0.08415	0.00440	0.00410
24	0.00655	0.00465	0.00610	0.00722	0.00750	0.00437	0.00475	0.00739	0.00990	0.01320	0.02801	0.74061	0.03354	0.08865	0.00857	0.00242	0.00325	0.01437	0.00475	0.00420
25	0.01126	0.00723	0.00771	0.00701	0.00889	0.00765	0.00541	0.10404	0.13834	0.02195	0.13143	0.02184	0.01887	0.00704	0.00454	0.00143	0.00315	0.00577	0.48044	0.00599
26	0.01157	0.01157	0.01619	0.01388	0.01388	0.01619	0.01157	0.01272	0.00810	0.01272	0.00694	0.01157	0.00694	0.00925	0.01735	0.00231	0.80453	0.00463	0.00231	0.00578
27	0.00992	0.00935	0.01374	0.59466	0.02932	0.05394	0.01234	0.01287	0.01085	0.01374	0.01407	0.11216	0.04676	0.00707	0.00542	0.00177	0.00633	0.00619	0.03392	0.00560
28	0.01147	0.00878	0.01429	0.11012	0.14989	0.00961	0.06241	0.01392	0.01044	0.10991	0.01289	0.01712	0.01077	0.02050	0.34842	0.00468	0.07003	0.00530	0.00315	0.00628
29	0.15765	0.03298	0.46922	0.01221	0.01767	0.05241	0.01405	0.01521	0.01081	0.01716	0.01224	0.14203	0.01118	0.00691	0.00496	0.00172	0.00644	0.00551	0.00288	0.00676
30	0.00795	0.00545	0.00743	0.00743	0.00826	0.00607	0.00553	0.00961	0.00878	0.01314	0.01510	0.02301	0.01432	0.16971	0.52934	0.00671	0.01066	0.00590	0.14110	0.00449
31	0.01047	0.00886	0.01043	0.00773	0.01195	0.00675	0.00610	0.01274	0.01114	0.01721	0.05427	0.06401	0.01196	0.00512	0.00423	0.00092	0.00378	0.00426	0.00340	0.74466
32	0.01168	0.01127	0.01553	0.01332	0.01355	0.01546	0.01102	0.04754	0.00888	0.01358	0.00782	0.01276	0.00770	0.03788	0.04663	0.00261	0.70970	0.00478	0.00250	0.00580
33	0.00706	0.00507	0.00665	0.00692	0.00775	0.00471	0.00491	0.00884	0.01279	0.01775	0.45059	0.35706	0.04296	0.03343	0.00697	0.00195	0.00280	0.01177	0.00538	0.00466
34	0.00660	0.00477	0.00624	0.00713	0.00768	0.00442	0.00487	0.00780	0.01103	0.01481	0.15368	0.64148	0.07903	0.01544	0.00664	0.00205	0.00295	0.01391	0.00506	0.00442
35	0.00644	0.00460	0.00613	0.00736	0.00767	0.00429	0.00491	0.00736	0.01012	0.01350	0.02914	0.81076	0.03497	0.01656	0.00675	0.00215	0.00307	0.01503	0.00491	0.00429
36	0.00648	0.00468	0.00613	0.00722	0.00765	0.00434	0.00486	0.00750	0.01046	0.01390	0.06555	0.73220	0.07727	0.01612	0.00670	0.00210	0.00302	0.01456	0.00495	0.00434
37	0.01055	0.01063	0.02092	0.01806	0.11694	0.01022	0.38758	0.01355	0.01118	0.01531	0.01484	0.16266	0.01449	0.08085	0.08471	0.00277	0.00768	0.00773	0.00314	0.00619
38	0.01442	0.18060	0.01784	0.10628	0.01711	0.21981	0.01075	0.06410	0.01184	0.01413	0.00833	0.01118	0.00730	0.00797	0.04345	0.00198	0.25004	0.00400	0.00263	0.00625
39	0.01070	0.20159	0.05354	0.14182	0.01795	0.05534	0.12179	0.01314	0.01141	0.01423	0.04255	0.16664	0.11181	0.00829	0.00536	0.00166	0.00573	0.00728	0.00330	0.00588
40	0.05116	0.01571	0.26342	0.01317	0.03467	0.05346	0.11825	0.02750	0.01182	0.09097	0.01560	0.21346	0.01471	0.00798	0.00552	0.00174	0.00613	0.00710	0.00356	0.04406
41	0.01509	0.10989	0.04343	0.01260	0.01642	0.09156	0.12193	0.15047	0.27355	0.04427	0.01470	0.01499	0.01109	0.00599	0.00509	0.00160	0.00592	0.00503	0.04868	0.00770
42	0.01413	0.01437	0.02299	0.15203	0.14123	0.09172	0.32366	0.13941	0.01438	0.01870	0.01044	0.01332	0.00795	0.00504	0.00562	0.00167	0.00775	0.00522	0.00305	0.00731
43	0.01321	0.01596	0.21226	0.14925	0.24799	0.01296	0.01479	0.15928	0.06823	0.01998	0.01125	0.01331	0.00852	0.00540	0.00518	0.00164	0.00647	0.00461	0.02185	0.00786
44	0.00872	0.00676	0.00964	0.00906	0.00985	0.00794	0.00702	0.00980	0.00883	0.01282	0.06767	0.05599	0.01472	0.02519	0.37998	0.14380	0.16421	0.00587	0.00297	0.04915
45	0.15884	0.00917	0.01052	0.04450	0.01259	0.01033	0.00781	0.19256	0.03649	0.02009	0.01495	0.02385	0.01395	0.09334	0.18216	0.00364	0.02857	0.12674	0.00391	0.00599
46	0.00654	0.00464	0.00611	0.00724	0.00752	0.00436	0.00478	0.00739	0.00994	0.01325	0.02820	0.75215	0.03378	0.07679	0.00827	0.00237	0.00322	0.01447	0.00478	0.00421
47	0.00741	0.00553	0.00689	0.00710	0.00819	0.00491	0.00486	0.00852	0.01022	0.01404	0.06107	0.50276	0.05649	0.12846	0.00913	0.00231	0.00346	0.01161	0.00442	0.14263
48	0.22548	0.01440	0.01192	0.01063	0.01362	0.20218	0.00848	0.15527	0.16395	0.02153	0.01394	0.01824	0.01177	0.00698	0.00493	0.00169	0.00585	0.09819	0.00412	0.00683
49	0.40243	0.00748	0.00656	0.00618	0.00791	0.00824	0.00446	0.01212	0.00886	0.01810	0.01241	0.01999	0.01198	0.30314	0.01205	0.00285	0.00420	0.00498	0.14138	0.00467
50	0.01266	0.01193	0.01952	0.02866	0.65467	0.01208	0.01471	0.01683	0.08763	0.01751	0.01234	0.06536	0.01087	0.00572	0.00535	0.00163	0.00586	0.00550	0.00304	0.00811
51	0.01009	0.00643	0.00859	0.00815	0.00963	0.00707	0.00636	0.03773	0.05052	0.08224	0.01566	0.02022	0.01337	0.03986	0.50627	0.00599	0.01032	0.00552	0.15053	0.00544
52	0.01300	0.01292	0.01991	0.17614	0.58294	0.07133	0.01548	0.01608	0.01198	0.01623	0.00971	0.01301	0.00801	0.00487	0.00521	0.00159	0.00667	0.00461	0.00257	0.00773
53	0.01840	0.01254	0.01389	0.01108	0.01484	0.01360	0.00901	0.43202	0.19344	0.15363	0.05887	0.01667	0.01358	0.00682	0.00537	0.00165	0.00504	0.00540	0.00555	0.00863
54	0.00891	0.00471	0.00684	0.00684	0.00690	0.00477	0.00454	0.00713	0.00707	0.00948	0.01035	0.01854	0.01060	0.11434	0.06461	0.69917	0.00519	0.00502	0.00243	0.00254
55	0.01094	0.02455	0.63278	0.01609	0.02311	0.01265	0.13033	0.01656	0.01120	0.01656	0.00953	0.01165	0.00691	0.00516	0.00586	0.00172	0.05021	0.00429	0.00230	0.00760
56	0.01473	0.01622	0.01814	0.17927	0.37324	0.27728	0.01388	0.01734	0.01274	0.01505	0.00923	0.01208	0.00758	0.00508	0.00509	0.00154	0.00754	0.00426	0.00260	0.00711
57	0.01145	0.00968	0.01122	0.00806	0.01273	0.00754	0.00646	0.05308	0.01170	0.01808	0.00957	0.01105	0.00789	0.00404	0.00399	0.00083	0.00402	0.00322	0.00325	0.80213
58	0.07002	0.01263	0.11023	0.36851	0.27168	0.01190	0.01484	0.01546	0.01121	0.05010	0.00995	0.01321	0.00761	0.00510	0.00510	0.00168	0.00657	0.00451	0.00267	0.00704
59	0.01103	0.24878	0.36192	0.01124	0.01653	0.01330	0.01278	0.01562	0.06073	0.01606	0.09182	0.01777	0.08869	0.00644	0.00482	0.00154	0.00591	0.00503	0.00307	0.00693
60	0.00911	0.00611	0.00822	0.00826	0.05158	0.00562	0.00580	0.01154	0.01466	0.08538	0.63280	0.03679	0.08310	0.01024	0.00610	0.00166	0.00289	0.00901	0.00565	0.00549
61	0.00644	0.00460	0.00613	0.00736	0.00767	0.00429	0.00491	0.00736	0.01012	0.01350	0.02914	0.81076	0.03497	0.01656	0.00675	0.00215	0.00307	0.01503	0.00491	0.00429
62	0.01430	0.01371	0.11071	0.01865	0.24008	0.01273	0.06017	0.14697	0.01398	0.09592	0.06085	0.01499	0.01129	0.00713	0.02537	0.00189	0.13489	0.00510	0.00360	0.00768
63	0.01496	0.05209	0.03057	0.14615	0.20027	0.09044	0.11287	0.13137	0.01409	0.09106	0.01148	0.01441	0.00900	0.05053	0.00647	0.00180	0.00677	0.00491	0.00338	0.00736
64	0.01220	0.01134	0.01888	0.02806	0.65375	0.01134	0.01408	0.01482	0.01132	0.01612	0.01105	0.01662	0.01016	0.13778	0.00880	0.00215	0.00609	0.00520	0.00271	0.00752
65	0.00644	0.00460	0.00613	0.00736	0.00767	0.00429	0.00491	0.00736	0.01012	0.01350	0.02914	0.81076	0.03497	0.01656	0.00675	0.00215	0.00307	0.01503	0.00491	0.00429
66	0.01574	0.01376	0.10413	0.01813	0.14530	0.01176	0.24839	0.08648	0.04998	0.20980	0.01413	0.03486	0.01035	0.00568	0.00560	0.00169	0.00661	0.00558	0.00400	0.00803
67	0.01334	0.01201	0.01891	0.25261	0.43905	0.01295	0.01476	0.13829	0.01372	0.01882	0.01024	0.01331	0.00809	0.00515	0.00526	0.00163	0.00643	0.00471	0.00298	0.00775
68	0.00761	0.00572	0.00766	0.00772	0.00853	0.00618	0.00577	0.00906	0.00959	0.01320	0.06873	0.10340	0.10877	0.16454	0.34273	0.00529	0.04672	0.05702	0.01731	0.00447
69	0.00686	0.00512	0.00579	0.00603	0.00701	0.00464	0.00413	0.00796	0.01090	0.01411	0.11361	0.22243	0.33603	0.19067	0.01084	0.00258	0.00328	0.01092	0.03287	0.00422
70	0.01327	0.01353	0.01126	0.04535	0.01355	0.23854	0.00795	0.06007	0.23574	0.01688	0.02183	0.10058	0.12897	0.06063	0.00685	0.00190	0.00569	0.00689	0.00420	0.00631
71	0.01357	0.01233	0.01851	0.07699	0.35856	0.01292	0.07630	0.10778	0.19281	0.02003	0.01300	0.01468	0.01013	0.00547	0.00530	0.00162	0.00590	0.00507	0.00360	0.04542
72	0.01180	0.06301	0.01326	0.01024	0.01285	0.06715	0.04769	0.08924	0.11554	0.01732	0.03476	0.04153	0.21134	0.00853	0.00733	0.00168	0.13702	0.00656	0.00395	0.09921

[dist]
# distance from previous block
# <min> <max>
3	58

[block]
# block no. 2 follows, 46 sequences, length 68
# corresponding to MSA columns:
# 624-643,646-693
name=unknown_C
#
# <colnr> <probs for GDERKNQSTAVLIFYWHMCP>
#	G	D	E	R	K	N	Q	S	T	A	V	L	I	F	Y	W	H	M	C	P
0	0.01475	0.05394	0.29032	0.01270	0.01753	0.17700	0.02587	0.08801	0.12970	0.06696	0.01249	0.01319	0.00925	0.00570	0.00493	0.00157	0.00681	0.00435	0.05746	0.00748
1	0.01366	0.11765	0.24004	0.02692	0.11801	0.01389	0.10612	0.12250	0.10843	0.04898	0.01261	0.01376	0.02270	0.00552	0.00511	0.00161	0.00652	0.00474	0.00338	0.00787
2	0.18768	0.12494	0.22042	0.01136	0.06409	0.04962	0.01070	0.01501	0.01138	0.04704	0.04930	0.01970	0.12383	0.00688	0.00477	0.00162	0.00548	0.03636	0.00333	0.00649
3	0.01243	0.14885	0.29743	0.04209	0.01745	0.10030	0.01230	0.03241	0.01221	0.03515	0.07492	0.01402	0.02654	0.00554	0.00469	0.00140	0.00629	0.00425	0.00298	0.14875
4	0.01487	0.13041	0.03312	0.01011	0.01359	0.15708	0.00836	0.02030	0.21805	0.11931	0.01766	0.03169	0.06832	0.00668	0.00490	0.00148	0.00537	0.01979	0.00417	0.11474
5	0.00953	0.00586	0.00708	0.00677	0.00837	0.00525	0.00505	0.01103	0.01227	0.13325	0.17532	0.12155	0.29188	0.12381	0.00910	0.00228	0.00345	0.05796	0.00509	0.00509
6	0.01175	0.16054	0.44788	0.01581	0.06846	0.01413	0.11182	0.01685	0.04067	0.01609	0.00966	0.01156	0.00736	0.00511	0.00544	0.00162	0.04109	0.00418	0.00244	0.00752
7	0.00722	0.00539	0.00670	0.00637	0.00774	0.00488	0.00478	0.00947	0.01434	0.01972	0.62375	0.04192	0.20550	0.01136	0.00624	0.00169	0.00253	0.00990	0.00563	0.00488
8	0.82192	0.01019	0.00805	0.03492	0.01115	0.01186	0.00604	0.01547	0.00905	0.02336	0.00743	0.00878	0.00577	0.00492	0.00334	0.00164	0.00419	0.00293	0.00324	0.00573
9	0.01113	0.14596	0.67284	0.01416	0.02148	0.01357	0.01796	0.01661	0.01110	0.01610	0.00917	0.01076	0.00671	0.00495	0.00478	0.00159	0.00749	0.00374	0.00224	0.00766
10	0.00744	0.00509	0.00614	0.00637	0.00654	0.00514	0.00391	0.00782	0.00824	0.01109	0.01871	0.17844	0.02149	0.57715	0.10982	0.00495	0.00576	0.00883	0.00348	0.00358
11	0.00644	0.00460	0.00613	0.00736	0.00767	0.00429	0.00491	0.00736	0.01012	0.01350	0.02914	0.81076	0.03497	0.01656	0.00675	0.00215	0.00307	0.01503	0.00491	0.00429
12	0.73183	0.01005	0.00842	0.00731	0.01070	0.01127	0.00602	0.01702	0.00988	0.13380	0.00931	0.00995	0.00679	0.00514	0.00357	0.00164	0.00415	0.00322	0.00374	0.00620
13	0.01201	0.17299	0.52190	0.01332	0.01982	0.01419	0.01588	0.05430	0.09523	0.01733	0.01056	0.01167	0.00786	0.00523	0.00477	0.00158	0.00691	0.00397	0.00273	0.00774
14	0.00877	0.00467	0.00667	0.00676	0.00678	0.00465	0.00441	0.00704	0.00724	0.00965	0.01171	0.07638	0.01250	0.13333	0.02056	0.66335	0.00456	0.00580	0.00262	0.00257
15	0.00918	0.00459	0.00689	0.00689	0.00689	0.00459	0.00459	0.00689	0.00689	0.00918	0.00918	0.01607	0.00918	0.01837	0.02066	0.84619	0.00459	0.00459	0.00230	0.00230
16	0.01048	0.00991	0.01676	0.67764	0.15638	0.01188	0.01493	0.01394	0.01081	0.01411	0.00948	0.01393	0.00726	0.00519	0.00528	0.00173	0.00692	0.00470	0.00239	0.00628
17	0.15509	0.00962	0.00974	0.00866	0.01137	0.01070	0.00680	0.07137	0.35708	0.02246	0.08165	0.01872	0.01597	0.00673	0.00472	0.00160	0.00380	0.00537	0.16200	0.03654
18	0.01204	0.20221	0.35716	0.01616	0.02238	0.01461	0.27003	0.01660	0.01151	0.01583	0.00941	0.01161	0.00717	0.00472	0.00507	0.00159	0.00770	0.00446	0.00239	0.00735
19	0.00763	0.00517	0.00608	0.00613	0.00624	0.00526	0.00364	0.00787	0.00786	0.01059	0.01682	0.06038	0.01911	0.69982	0.11159	0.00540	0.00606	0.00772	0.00322	0.00341
20	0.01710	0.30845	0.04947	0.01195	0.01542	0.43217	0.01016	0.01877	0.01300	0.03086	0.00817	0.00951	0.00695	0.00530	0.00487	0.00134	0.04412	0.00332	0.00261	0.00648
21	0.01504	0.15086	0.12639	0.01107	0.01515	0.01397	0.01026	0.27168	0.11068	0.06961	0.01385	0.05018	0.01109	0.01019	0.09414	0.00236	0.00661	0.00506	0.00413	0.00767
22	0.01089	0.06567	0.30353	0.01107	0.01542	0.01079	0.01174	0.09841	0.01372	0.01950	0.25703	0.02106	0.03624	0.00738	0.00608	0.00163	0.05519	0.00590	0.00383	0.04493
23	0.00904	0.00727	0.00908	0.00776	0.01035	0.00631	0.00588	0.01084	0.00991	0.01474	0.01458	0.15149	0.01476	0.08062	0.21151	0.00337	0.00653	0.00618	0.00336	0.41641
24	0.00694	0.00526	0.00754	0.03146	0.00934	0.00498	0.03514	0.00831	0.01099	0.01479	0.13923	0.62455	0.05178	0.01483	0.00660	0.00204	0.00332	0.01348	0.00488	0.00456
25	0.01206	0.01005	0.01155	0.00835	0.01299	0.00818	0.00672	0.10386	0.01264	0.01917	0.00979	0.01117	0.00797	0.00421	0.00408	0.00088	0.00414	0.00333	0.00339	0.74545
26	0.00757	0.00561	0.00821	0.00821	0.00906	0.00645	0.00625	0.00926	0.00841	0.01206	0.01442	0.02221	0.01384	0.12063	0.71313	0.00814	0.01322	0.00588	0.00287	0.00456
27	0.00642	0.00466	0.00607	0.00719	0.00762	0.00431	0.00483	0.00738	0.01028	0.01356	0.03119	0.74673	0.09766	0.01629	0.00671	0.00212	0.00303	0.01470	0.00491	0.00431
28	0.01096	0.00940	0.01096	0.00783	0.01253	0.00705	0.00626	0.01331	0.01096	0.01723	0.00940	0.01096	0.00783	0.00392	0.00392	0.00078	0.00392	0.00313	0.00313	0.84653
29	0.01446	0.00836	0.01050	0.00828	0.01195	0.00678	0.00652	0.01644	0.01222	0.27798	0.01700	0.16320	0.01470	0.00718	0.00492	0.00133	0.00395	0.00610	0.00463	0.40349
30	0.01157	0.01157	0.01619	0.01388	0.01388	0.01619	0.01157	0.01272	0.00810	0.01272	0.00694	0.01157	0.00694	0.00925	0.01735	0.00231	0.80453	0.00463	0.00231	0.00578
31	0.00984	0.00771	0.00855	0.00765	0.00980	0.00776	0.00593	0.12921	0.12492	0.02080	0.29642	0.03643	0.29336	0.01049	0.00597	0.00171	0.00332	0.00885	0.00536	0.00592
32	0.01553	0.01452	0.01317	0.01153	0.01467	0.15978	0.00899	0.14800	0.50684	0.02224	0.01756	0.01666	0.01321	0.00671	0.00525	0.00168	0.00546	0.00529	0.00487	0.00805
33	0.00998	0.00940	0.01586	0.80150	0.03641	0.01175	0.01468	0.01351	0.01057	0.01351	0.00940	0.01409	0.00705	0.00529	0.00529	0.00176	0.00705	0.00470	0.00235	0.00587
34	0.01096	0.00940	0.01096	0.00783	0.01253	0.00705	0.00626	0.01331	0.01096	0.01723	0.00940	0.01096	0.00783	0.00392	0.00392	0.00078	0.00392	0.00313	0.00313	0.84653
35	0.01308	0.01256	0.02146	0.03245	0.78123	0.01256	0.01622	0.01622	0.01204	0.01727	0.00994	0.01308	0.00837	0.00471	0.00523	0.00157	0.00628	0.00471	0.00262	0.00837
36	0.01060	0.02735	0.78682	0.01507	0.02288	0.01228	0.01953	0.01674	0.01116	0.01674	0.00949	0.01116	0.00670	0.00502	0.00502	0.00167	0.00781	0.00391	0.00223	0.00781
37	0.01002	0.00858	0.01341	0.28749	0.17318	0.00973	0.01108	0.01357	0.05930	0.01509	0.01316	0.05534	0.01139	0.01440	0.19965	0.00336	0.00784	0.00555	0.08176	0.00608
38	0.00818	0.00571	0.00641	0.00605	0.00792	0.00490	0.00460	0.00987	0.01304	0.08823	0.22447	0.04506	0.53221	0.01213	0.00616	0.00174	0.00280	0.01023	0.00528	0.00501
39	0.01206	0.01070	0.01669	0.60029	0.04959	0.01271	0.04784	0.15426	0.01337	0.01746	0.01009	0.01382	0.00749	0.00543	0.00533	0.00173	0.00688	0.00478	0.00292	0.00657
40	0.00658	0.00490	0.00612	0.00680	0.00759	0.00445	0.00472	0.00786	0.01137	0.01498	0.16202	0.51160	0.20196	0.01488	0.00655	0.00198	0.00288	0.01324	0.00506	0.00445
41	0.00817	0.00650	0.00936	0.00901	0.00971	0.00789	0.00699	0.00975	0.00835	0.01212	0.01334	0.02087	0.01292	0.11863	0.59350	0.00720	0.13245	0.00573	0.00279	0.00472
42	0.01248	0.01426	0.03119	0.02228	0.02763	0.01337	0.76203	0.01693	0.01248	0.01693	0.01070	0.01426	0.00802	0.00446	0.00624	0.00178	0.00891	0.00624	0.00267	0.00713
43	0.00748	0.00540	0.00707	0.00665	0.00790	0.00499	0.00499	0.00998	0.01496	0.02120	0.77844	0.03949	0.04988	0.01081	0.00624	0.00166	0.00249	0.00956	0.00582	0.00499
44	0.01073	0.00998	0.01481	0.01217	0.01502	0.01041	0.19176	0.03062	0.27610	0.01810	0.05511	0.11739	0.15997	0.00900	0.00649	0.00185	0.04129	0.00813	0.00445	0.00661
45	0.00645	0.00478	0.00603	0.00695	0.00758	0.00436	0.00474	0.00752	0.01069	0.01397	0.06573	0.63528	0.17517	0.01572	0.00663	0.00206	0.00297	0.01407	0.00495	0.00436
46	0.01381	0.01187	0.01314	0.01017	0.01432	0.05908	0.03784	0.19172	0.08790	0.02113	0.01226	0.01472	0.00999	0.00546	0.00470	0.00123	0.00499	0.04155	0.00390	0.44024
47	0.01257	0.09803	0.11165	0.01074	0.01509	0.01181	0.03601	0.11852	0.01254	0.01822	0.00951	0.01140	0.00777	0.00601	0.02534	0.00146	0.10405	0.00378	0.00310	0.38241
48	0.01370	0.01362	0.01811	0.25680	0.36327	0.12774	0.01416	0.07526	0.03567	0.01692	0.01008	0.01303	0.00803	0.00519	0.00519	0.00160	0.00689	0.00456	0.00285	0.00735
49	0.00970	0.00511	0.00531	0.00530	0.00652	0.00510	0.00395	0.02536	0.01146	0.01963	0.05511	0.07140	0.01662	0.00706	0.00404	0.00132	0.00256	0.00580	0.73370	0.00496
50	0.01225	0.00944	0.01126	0.01143	0.10722	0.00958	0.00782	0.26415	0.01640	0.03814	0.07609	0.11781	0.27677	0.00998	0.00583	0.00172	0.00426	0.00841	0.00484	0.00659
51	0.00742	0.00517	0.00569	0.00569	0.00602	0.00500	0.00336	0.00767	0.00851	0.01101	0.02357	0.03765	0.16158	0.66418	0.02304	0.00450	0.00467	0.00834	0.00352	0.00344
52	0.01283	0.01159	0.01662	0.26783	0.10837	0.01440	0.01281	0.15405	0.01247	0.01735	0.00914	0.01276	0.00752	0.00692	0.00986	0.00192	0.30926	0.00468	0.00292	0.00671
53	0.00669	0.00488	0.00629	0.00697	0.00767	0.00449	0.00484	0.00805	0.01155	0.01553	0.22206	0.53622	0.11568	0.01477	0.00657	0.00199	0.00288	0.01324	0.00514	0.00449
54	0.08179	0.00947	0.01069	0.00776	0.01233	0.00745	0.00622	0.01350	0.01080	0.01777	0.00922	0.01076	0.00765	0.00400	0.00386	0.00085	0.00393	0.00311	0.00314	0.77568
55	0.01181	0.01087	0.01347	0.04761	0.17855	0.05774	0.00919	0.01514	0.06053	0.01723	0.04303	0.01540	0.01115	0.00522	0.00465	0.00121	0.00491	0.03746	0.00330	0.45154
56	0.61752	0.06033	0.01006	0.00786	0.01097	0.01202	0.00656	0.01615	0.00966	0.10133	0.00908	0.01035	0.00700	0.00703	0.04298	0.00198	0.05617	0.00337	0.00347	0.00609
57	0.00792	0.00587	0.00717	0.00701	0.00723	0.00639	0.00462	0.00837	0.00827	0.01121	0.01866	0.09450	0.06603	0.54514	0.08592	0.00464	0.09598	0.00798	0.00332	0.00379
58	0.01333	0.01060	0.01089	0.00953	0.01218	0.04416	0.00746	0.16203	0.35346	0.02330	0.13352	0.02096	0.01907	0.00732	0.00518	0.00162	0.00417	0.00600	0.14792	0.00729
59	0.00643	0.00465	0.00609	0.00724	0.00763	0.00430	0.00485	0.00738	0.01024	0.01354	0.03066	0.76334	0.08140	0.01636	0.00672	0.00212	0.00304	0.01479	0.00491	0.00430
60	0.01440	0.01190	0.01802	0.05744	0.47401	0.01232	0.01335	0.05358	0.17158	0.09911	0.01360	0.01501	0.01046	0.00552	0.00528	0.00163	0.00567	0.00504	0.00371	0.00836
61	0.01908	0.00909	0.01145	0.00910	0.01235	0.00861	0.00726	0.15107	0.01589	0.46197	0.11236	0.02179	0.01767	0.10795	0.00812	0.00207	0.00456	0.00604	0.00582	0.00778
62	0.00667	0.00511	0.00612	0.00641	0.00754	0.00456	0.00460	0.00821	0.01225	0.01603	0.25620	0.30385	0.31598	0.01371	0.00641	0.00187	0.00276	0.01200	0.00517	0.00456
63	0.01096	0.00940	0.01096	0.00783	0.01253	0.00705	0.00626	0.01331	0.01096	0.01723	0.00940	0.01096	0.00783	0.00392	0.00392	0.00078	0.00392	0.00313	0.00313	0.84653
64	0.00641	0.00473	0.00600	0.00702	0.00758	0.00432	0.00476	0.00740	0.01045	0.01363	0.03329	0.68148	0.16157	0.01602	0.00666	0.00209	0.00300	0.01437	0.00491	0.00432
65	0.00808	0.00558	0.00669	0.00655	0.00676	0.00599	0.00419	0.00857	0.00807	0.01137	0.01578	0.03031	0.01728	0.60638	0.12031	0.00508	0.05594	0.00704	0.06636	0.00368
66	0.01361	0.70050	0.14002	0.00994	0.01495	0.01964	0.01060	0.01596	0.01080	0.01307	0.00767	0.00888	0.00677	0.00460	0.00363	0.00121	0.00597	0.00299	0.00226	0.00694
67	0.00677	0.00475	0.00608	0.00696	0.00723	0.00451	0.00451	0.00754	0.00974	0.01304	0.05529	0.60014	0.03188	0.20206	0.01142	0.00282	0.00352	0.01311	0.00455	0.00407

[dist]
# distance from previous block
# <min> <max>
1	4

[block]
# block no. 3 follows, 46 sequences, length 23
# corresponding to MSA columns:
# 698-720
name=unknown_D
#
# <colnr> <probs for GDERKNQSTAVLIFYWHMCP>
#	G	D	E	R	K	N	Q	S	T	A	V	L	I	F	Y	W	H	M	C	P
0	0.01240	0.01399	0.09644	0.14125	0.07609	0.15213	0.01045	0.10748	0.04838	0.01722	0.02281	0.02345	0.22619	0.00777	0.00541	0.00164	0.00592	0.00628	0.01828	0.00641
1	0.00910	0.00652	0.00850	0.00782	0.00864	0.00735	0.02542	0.01078	0.01004	0.01556	0.11924	0.02431	0.01847	0.18989	0.11847	0.00333	0.14192	0.00625	0.26366	0.00473
2	0.85155	0.01022	0.00777	0.00695	0.01022	0.01186	0.00573	0.01554	0.00900	0.02372	0.00736	0.00859	0.00573	0.00491	0.00327	0.00164	0.00409	0.00286	0.00327	0.00573
3	0.00724	0.00563	0.00665	0.00692	0.00812	0.00532	0.00498	0.00993	0.08183	0.01626	0.20487	0.33797	0.25781	0.01346	0.00636	0.00190	0.00292	0.01181	0.00516	0.00488
4	0.02244	0.00993	0.01271	0.00987	0.01389	0.00931	0.00811	0.12199	0.07441	0.62858	0.01984	0.01744	0.01279	0.00657	0.00532	0.00164	0.00465	0.00529	0.00629	0.00895
5	0.00682	0.00511	0.00569	0.00607	0.00732	0.00453	0.00441	0.00825	0.01151	0.01499	0.07170	0.26670	0.42666	0.01343	0.00614	0.00184	0.00282	0.03273	0.09877	0.00450
6	0.39179	0.01230	0.01174	0.00951	0.01325	0.03713	0.00782	0.30747	0.01616	0.12953	0.01127	0.01148	0.00802	0.00570	0.00438	0.00161	0.00498	0.00395	0.00448	0.00745
7	0.62466	0.01119	0.00980	0.00824	0.01177	0.01267	0.00679	0.18348	0.01285	0.06337	0.00922	0.00997	0.00682	0.00531	0.00382	0.00162	0.00450	0.00341	0.00388	0.00662
8	0.00645	0.00485	0.00598	0.00679	0.00754	0.00438	0.00468	0.00757	0.01092	0.01415	0.07951	0.56443	0.23280	0.01539	0.00659	0.00202	0.00293	0.01368	0.00496	0.00438
9	0.01537	0.01161	0.01299	0.00984	0.01416	0.01121	0.00798	0.29945	0.08854	0.06877	0.01246	0.01286	0.00936	0.00530	0.00466	0.00123	0.00469	0.00415	0.00436	0.40100
10	0.01409	0.01257	0.01756	0.01405	0.01614	0.01522	0.11093	0.24572	0.01428	0.02016	0.05453	0.01391	0.01024	0.00780	0.01148	0.00198	0.40377	0.00517	0.00349	0.00691
11	0.00665	0.00499	0.00619	0.00684	0.00772	0.00453	0.00485	0.00800	0.01148	0.01503	0.15479	0.45973	0.22751	0.01475	0.00656	0.00199	0.00296	0.04591	0.00505	0.00447
12	0.00657	0.00488	0.00604	0.00676	0.00748	0.00445	0.00463	0.00770	0.01092	0.01430	0.11211	0.52255	0.19889	0.05738	0.00765	0.00217	0.00303	0.01322	0.00491	0.00435
13	0.02009	0.01328	0.01464	0.01129	0.01532	0.01431	0.00930	0.59884	0.02246	0.15541	0.01429	0.01397	0.00993	0.00637	0.00520	0.00157	0.00540	0.00486	0.05472	0.00875
14	0.01022	0.00964	0.01629	0.74253	0.09352	0.01181	0.01480	0.01372	0.01068	0.01380	0.00944	0.01402	0.00715	0.00524	0.00528	0.00175	0.00699	0.00470	0.00237	0.00606
15	0.00769	0.00513	0.00577	0.00577	0.00577	0.00513	0.00320	0.00769	0.00769	0.01025	0.01666	0.03460	0.01922	0.81421	0.02691	0.00513	0.00513	0.00769	0.00320	0.00320
16	0.01430	0.01416	0.01940	0.18513	0.30394	0.12356	0.09740	0.12188	0.03595	0.01823	0.01038	0.01306	0.00815	0.00521	0.00530	0.00161	0.00707	0.00474	0.00304	0.00748
17	0.00677	0.00510	0.00589	0.00637	0.00723	0.00465	0.00439	0.00773	0.01043	0.01320	0.03562	0.29957	0.31680	0.19547	0.01114	0.00270	0.00349	0.05479	0.00452	0.00415
18	0.01280	0.01140	0.01708	0.30659	0.02391	0.01367	0.09595	0.17293	0.01322	0.01823	0.01004	0.01348	0.00789	0.00646	0.00834	0.00184	0.20728	0.00488	0.04741	0.00660
19	0.00931	0.00628	0.00745	0.00735	0.00858	0.00634	0.00531	0.09906	0.01171	0.01698	0.02063	0.33116	0.02172	0.09774	0.09317	0.00281	0.00471	0.00916	0.19717	0.04336
20	0.00809	0.00585	0.00821	0.03561	0.01105	0.00586	0.00789	0.01021	0.01165	0.01521	0.02763	0.23100	0.03069	0.01474	0.00711	0.00235	0.00453	0.55275	0.00479	0.00477
21	0.01046	0.00827	0.04418	0.05487	0.01198	0.00776	0.00724	0.09190	0.07316	0.06600	0.45858	0.05047	0.03419	0.01080	0.04470	0.00202	0.00419	0.00795	0.00524	0.00605
22	0.01120	0.05046	0.01808	0.01277	0.01716	0.00992	0.26332	0.01484	0.05656	0.01679	0.01473	0.05138	0.06869	0.00562	0.00507	0.00134	0.00558	0.00549	0.00328	0.36773

[dist]
# distance from previous block
# <min> <max>
0	180

# created by:
# /home/cegg/simao/soft/augustus-3.2.1/scripts/msa2prfl.pl ./align_prep/22217.fa
