[name]
unknown

[dist]
# distance from previous block
# <min> <max>
0	461

[block]
# block no. 0 follows, 43 sequences, length 205
# corresponding to MSA columns:
# 461-665
name=unknown_A
#
# <colnr> <probs for GDERKNQSTAVLIFYWHMCP>
#	G	D	E	R	K	N	Q	S	T	A	V	L	I	F	Y	W	H	M	C	P
0	0.01090	0.00737	0.00983	0.01041	0.01213	0.00744	0.00903	0.07895	0.01412	0.06028	0.02747	0.05563	0.02885	0.01405	0.00734	0.00242	0.00517	0.62764	0.00524	0.00573
1	0.01338	0.34506	0.43000	0.01289	0.01945	0.01628	0.01531	0.01767	0.01174	0.05771	0.00969	0.01095	0.00742	0.00514	0.00458	0.00152	0.00707	0.00371	0.00260	0.00782
2	0.01629	0.61316	0.04457	0.01033	0.01494	0.08266	0.00987	0.08065	0.01315	0.05732	0.00909	0.00997	0.00767	0.00511	0.00400	0.00129	0.00626	0.00336	0.00293	0.00740
3	0.01498	0.01451	0.15286	0.01109	0.01606	0.01119	0.01040	0.22524	0.01581	0.08833	0.01234	0.01360	0.00932	0.00864	0.07492	0.00203	0.00643	0.00435	0.00403	0.30385
4	0.01027	0.12050	0.21860	0.01003	0.01407	0.01071	0.01022	0.01552	0.12793	0.01817	0.18017	0.02859	0.19583	0.00885	0.00565	0.00172	0.00488	0.00728	0.00429	0.00669
5	0.16597	0.01200	0.01281	0.19797	0.01943	0.07371	0.00985	0.02204	0.31911	0.06221	0.03934	0.01682	0.01280	0.00655	0.00518	0.00179	0.00549	0.00521	0.00433	0.00737
6	0.05674	0.00989	0.01614	0.74851	0.03662	0.01231	0.01486	0.01427	0.01098	0.01474	0.00973	0.01445	0.00731	0.00552	0.00542	0.00184	0.00721	0.00482	0.00251	0.00614
7	0.00851	0.00539	0.00656	0.00686	0.00722	0.00521	0.00427	0.00898	0.00942	0.05437	0.02247	0.31464	0.02580	0.47348	0.01923	0.00403	0.00455	0.01072	0.00420	0.00411
8	0.00846	0.00595	0.00808	0.00871	0.04995	0.00630	0.00551	0.00913	0.00853	0.01180	0.01543	0.02810	0.01632	0.41867	0.29488	0.08136	0.00875	0.00684	0.00310	0.00414
9	0.01179	0.01121	0.01902	0.48044	0.33932	0.01266	0.01605	0.01532	0.01171	0.01577	0.01008	0.01433	0.00795	0.00529	0.00551	0.00176	0.00705	0.00493	0.00258	0.00723
10	0.01526	0.00661	0.00777	0.00676	0.00906	0.00617	0.00532	0.01769	0.01305	0.27678	0.01935	0.02004	0.01403	0.00659	0.00445	0.00143	0.00331	0.00530	0.55441	0.00661
11	0.01126	0.00982	0.01640	0.74865	0.03681	0.01207	0.01498	0.01486	0.01134	0.05635	0.01051	0.01499	0.00773	0.00561	0.00554	0.00184	0.00723	0.00496	0.00270	0.00633
12	0.01238	0.01173	0.01952	0.34342	0.42856	0.01284	0.01588	0.01652	0.05350	0.01676	0.01086	0.01453	0.00865	0.00532	0.00551	0.00174	0.00679	0.00500	0.00279	0.00770
13	0.01339	0.01150	0.01218	0.01107	0.01405	0.01326	0.00857	0.02822	0.71918	0.02267	0.02298	0.06400	0.01800	0.00806	0.00571	0.00190	0.00432	0.00679	0.00561	0.00853
14	0.01042	0.00629	0.00592	0.00601	0.00726	0.04824	0.00442	0.01272	0.01171	0.01938	0.01921	0.12480	0.01681	0.00787	0.00436	0.00143	0.00308	0.00649	0.67845	0.00514
15	0.01039	0.00542	0.00551	0.00533	0.00682	0.00529	0.00402	0.01296	0.01161	0.02050	0.01761	0.02014	0.01386	0.00632	0.00388	0.00126	0.00267	0.00506	0.78990	0.05144
16	0.01120	0.09689	0.66725	0.01477	0.02222	0.01321	0.01863	0.01691	0.01159	0.01695	0.01088	0.05528	0.00867	0.00589	0.00521	0.00173	0.00771	0.00464	0.00250	0.00788
17	0.00879	0.00631	0.00873	0.00987	0.01116	0.00625	0.00856	0.01130	0.01291	0.01683	0.07119	0.06100	0.05745	0.01504	0.00755	0.00248	0.00489	0.66944	0.00516	0.00509
18	0.00687	0.00491	0.00656	0.00785	0.00822	0.00460	0.00535	0.00792	0.01072	0.01427	0.03046	0.76073	0.03637	0.01724	0.00710	0.00227	0.00332	0.05557	0.00514	0.00453
19	0.01122	0.02581	0.64707	0.01636	0.02386	0.01264	0.10521	0.01723	0.01191	0.01751	0.01116	0.01489	0.00856	0.00575	0.00554	0.00181	0.00815	0.04485	0.00255	0.00793
20	0.01466	0.76450	0.02835	0.00976	0.01423	0.02164	0.00962	0.01640	0.01110	0.01305	0.00768	0.00906	0.00712	0.00501	0.00436	0.00125	0.04972	0.00307	0.00237	0.00705
21	0.01046	0.00984	0.01661	0.79205	0.03814	0.01230	0.01538	0.01415	0.01107	0.01415	0.00984	0.01477	0.00738	0.00554	0.00554	0.00185	0.00738	0.00492	0.00246	0.00615
22	0.84448	0.01071	0.00814	0.00728	0.01071	0.01242	0.00600	0.01628	0.00943	0.02485	0.00771	0.00900	0.00600	0.00514	0.00343	0.00171	0.00428	0.00300	0.00343	0.00600
23	0.00791	0.00593	0.00890	0.00890	0.00989	0.00692	0.00692	0.00989	0.00890	0.01286	0.01483	0.02176	0.01385	0.04154	0.78341	0.00890	0.01483	0.00593	0.00297	0.00494
24	0.00698	0.00547	0.00591	0.00603	0.00729	0.00484	0.00420	0.00811	0.01162	0.01444	0.09231	0.13382	0.47698	0.18421	0.01125	0.00266	0.00339	0.01126	0.00482	0.00441
25	0.00718	0.00561	0.00653	0.00659	0.00809	0.00497	0.00498	0.00903	0.01349	0.01748	0.29459	0.11626	0.40651	0.01349	0.00667	0.00191	0.00294	0.06335	0.00546	0.00488
26	0.01506	0.01221	0.01333	0.01060	0.01475	0.01248	0.00849	0.23235	0.28212	0.02473	0.01535	0.01527	0.01165	0.00605	0.00506	0.00144	0.00478	0.00483	0.00477	0.30468
27	0.03959	0.01225	0.01460	0.01107	0.01547	0.06119	0.07473	0.16602	0.01577	0.17086	0.03108	0.01544	0.03459	0.00582	0.00507	0.00138	0.00541	0.00480	0.00450	0.31036
28	0.01202	0.01267	0.02440	0.29569	0.05063	0.01381	0.36157	0.01580	0.01168	0.01583	0.01013	0.01443	0.00789	0.00572	0.00784	0.00193	0.12283	0.00567	0.00262	0.00683
29	0.01160	0.13325	0.67641	0.01494	0.02266	0.01408	0.01899	0.01741	0.01163	0.01693	0.00964	0.01132	0.00703	0.00519	0.00503	0.00168	0.00788	0.00394	0.00234	0.00804
30	0.01349	0.01294	0.02209	0.08376	0.72271	0.01310	0.01689	0.01681	0.01251	0.01783	0.01038	0.01378	0.00868	0.00497	0.00549	0.00166	0.00663	0.00493	0.00272	0.00860
31	0.01125	0.05618	0.07141	0.01021	0.01216	0.19155	0.00813	0.01366	0.05549	0.01473	0.02196	0.46230	0.02451	0.01237	0.00616	0.00193	0.00543	0.01068	0.00425	0.00564
32	0.01111	0.02865	0.77667	0.01579	0.02397	0.01286	0.02046	0.01754	0.01169	0.01754	0.00994	0.01169	0.00702	0.00526	0.00526	0.00175	0.00818	0.00409	0.00234	0.00818
33	0.01820	0.08099	0.01629	0.01267	0.01619	0.32975	0.04999	0.06985	0.17055	0.11097	0.01503	0.01511	0.03444	0.00637	0.00523	0.00157	0.00717	0.00483	0.00414	0.03064
34	0.00820	0.00529	0.00619	0.00623	0.00624	0.00528	0.00358	0.00794	0.00804	0.01072	0.01695	0.05833	0.01943	0.68837	0.02675	0.10274	0.00524	0.00792	0.00330	0.00328
35	0.02091	0.01301	0.01464	0.01144	0.01564	0.10506	0.04487	0.14952	0.05996	0.38540	0.01687	0.01586	0.01145	0.00629	0.00537	0.00158	0.00573	0.00504	0.00545	0.10592
36	0.01539	0.16207	0.26664	0.01222	0.01756	0.01404	0.01268	0.04862	0.21475	0.15848	0.01524	0.01498	0.01102	0.00612	0.00512	0.00167	0.00603	0.00478	0.00418	0.00842
37	0.00805	0.00537	0.00604	0.00604	0.00604	0.00537	0.00336	0.00805	0.00805	0.01074	0.01745	0.03624	0.02013	0.80536	0.02819	0.00537	0.00537	0.00805	0.00336	0.00336
38	0.01227	0.01126	0.01833	0.02662	0.54607	0.01131	0.01404	0.01589	0.05400	0.01791	0.04028	0.11155	0.01600	0.00767	0.00591	0.00181	0.00580	0.07195	0.00351	0.00782
39	0.01426	0.02014	0.39106	0.08576	0.02394	0.01238	0.15145	0.04229	0.01304	0.15628	0.01239	0.01394	0.00861	0.00561	0.00587	0.00179	0.02481	0.00493	0.00336	0.00809
40	0.00997	0.00925	0.01586	0.51490	0.02986	0.01067	0.08803	0.01323	0.01142	0.01476	0.01600	0.12269	0.03949	0.00815	0.00606	0.00196	0.00668	0.07193	0.00317	0.00593
41	0.00802	0.00549	0.00665	0.00665	0.00687	0.00570	0.00412	0.00845	0.00824	0.01119	0.01689	0.03313	0.01878	0.64128	0.19042	0.00613	0.00740	0.00760	0.00327	0.00370
42	0.01255	0.09690	0.55454	0.01642	0.05459	0.08208	0.07283	0.01785	0.01215	0.01682	0.00973	0.01162	0.00721	0.00520	0.00519	0.00168	0.00816	0.00416	0.00244	0.00790
43	0.01259	0.11708	0.37674	0.01360	0.01920	0.01327	0.05543	0.13268	0.01395	0.01930	0.01409	0.10617	0.01275	0.00753	0.00555	0.00179	0.00684	0.06049	0.00341	0.00755
44	0.01726	0.01870	0.01433	0.01288	0.01506	0.44420	0.00996	0.01882	0.01327	0.08181	0.01076	0.01339	0.00904	0.01334	0.15715	0.00305	0.13306	0.00440	0.00317	0.00635
45	0.01340	0.27220	0.37310	0.01468	0.02095	0.08512	0.11405	0.01768	0.01210	0.01579	0.00928	0.01109	0.00724	0.00506	0.00487	0.00156	0.00779	0.00402	0.00246	0.00759
46	0.01202	0.01125	0.01944	0.34023	0.33748	0.01217	0.08023	0.01553	0.01193	0.01668	0.01094	0.01487	0.00866	0.00529	0.00545	0.00172	0.00680	0.00509	0.07696	0.00726
47	0.01128	0.01059	0.01355	0.01181	0.01405	0.09894	0.14027	0.07863	0.04822	0.01795	0.10399	0.33477	0.04966	0.01149	0.00647	0.00196	0.00539	0.03036	0.00462	0.00599
48	0.01046	0.00984	0.01661	0.79205	0.03814	0.01230	0.01538	0.01415	0.01107	0.01415	0.00984	0.01477	0.00738	0.00554	0.00554	0.00185	0.00738	0.00492	0.00246	0.00615
49	0.09509	0.01508	0.01586	0.01225	0.01659	0.01675	0.01012	0.68617	0.02455	0.03400	0.01279	0.01291	0.00911	0.00651	0.00535	0.00167	0.00593	0.00481	0.00535	0.00911
50	0.01174	0.01137	0.01994	0.47951	0.27259	0.01273	0.08201	0.01539	0.01175	0.01574	0.01015	0.01444	0.00792	0.00527	0.00561	0.00178	0.00730	0.00507	0.00258	0.00711
51	0.00892	0.00637	0.00892	0.01020	0.01147	0.00637	0.00892	0.01147	0.01275	0.01657	0.02932	0.06247	0.03187	0.01530	0.00765	0.00255	0.00510	0.73354	0.00510	0.00510
52	0.08358	0.00723	0.00820	0.00862	0.00997	0.00768	0.00618	0.01426	0.21012	0.01750	0.02636	0.52297	0.02864	0.01364	0.00636	0.00210	0.00362	0.01208	0.00512	0.00577
53	0.00697	0.00531	0.00647	0.00730	0.00830	0.00481	0.00532	0.00830	0.01161	0.01476	0.03946	0.43648	0.29625	0.01589	0.00696	0.00215	0.00332	0.11055	0.00514	0.00464
54	0.00838	0.00645	0.00739	0.00698	0.00872	0.00600	0.00527	0.07555	0.01487	0.01958	0.33577	0.11222	0.34721	0.01258	0.00650	0.00183	0.00306	0.01078	0.00556	0.00530
55	0.09460	0.01042	0.01231	0.01013	0.01392	0.01053	0.00817	0.02689	0.28016	0.44003	0.02082	0.01861	0.01415	0.00694	0.00540	0.00177	0.00456	0.00558	0.00611	0.00888
56	0.02064	0.01508	0.01622	0.01256	0.01689	0.01668	0.01033	0.68027	0.07856	0.05459	0.01420	0.01398	0.01008	0.00672	0.00555	0.00168	0.00593	0.00509	0.00558	0.00937
57	0.01116	0.01091	0.01635	0.01403	0.01467	0.01413	0.08148	0.01270	0.00943	0.01400	0.01247	0.15389	0.01336	0.01075	0.01476	0.00234	0.55453	0.03012	0.00303	0.00589
58	0.01293	0.01237	0.02108	0.21501	0.59586	0.01295	0.01661	0.01632	0.01224	0.01715	0.01028	0.01396	0.00844	0.00508	0.00550	0.00169	0.00677	0.00493	0.00267	0.00815
59	0.01729	0.02982	0.01633	0.01337	0.01679	0.28226	0.10859	0.05459	0.18577	0.11644	0.08806	0.01742	0.01488	0.00670	0.00557	0.00166	0.00698	0.00552	0.00442	0.00751
60	0.01598	0.71506	0.02713	0.00952	0.01421	0.02030	0.00932	0.01780	0.01179	0.10225	0.00936	0.01005	0.00788	0.00499	0.00379	0.00125	0.00578	0.00327	0.00289	0.00738
61	0.01666	0.01377	0.09792	0.01400	0.06732	0.01133	0.10965	0.16346	0.01563	0.18930	0.01342	0.01411	0.00960	0.00547	0.00525	0.00148	0.00593	0.00476	0.00432	0.23662
62	0.01666	0.15097	0.18994	0.01333	0.01784	0.33210	0.01244	0.06883	0.11466	0.01706	0.01092	0.01184	0.00856	0.00575	0.00494	0.00154	0.00791	0.00404	0.00321	0.00744
63	0.01903	0.04597	0.01810	0.01696	0.11871	0.46701	0.07767	0.02172	0.04809	0.09868	0.01110	0.01235	0.00863	0.00569	0.00524	0.00154	0.00851	0.00434	0.00338	0.00729
64	0.01268	0.01211	0.02063	0.27327	0.53955	0.01289	0.01649	0.01610	0.01213	0.01685	0.01024	0.01404	0.00833	0.00512	0.00550	0.00171	0.00683	0.00493	0.00265	0.00795
65	0.00679	0.00543	0.00607	0.00632	0.00773	0.00472	0.00458	0.00827	0.01260	0.01585	0.15688	0.22998	0.48648	0.01441	0.00667	0.00194	0.00287	0.01240	0.00529	0.00472
66	0.00660	0.00539	0.00583	0.00618	0.00763	0.00463	0.00446	0.00788	0.01207	0.01474	0.04912	0.25756	0.56882	0.01493	0.00669	0.00197	0.00292	0.01280	0.00514	0.00463
67	0.00817	0.00559	0.00710	0.00673	0.00803	0.00522	0.00504	0.01078	0.01513	0.02200	0.66735	0.03859	0.04715	0.01067	0.00618	0.00168	0.00261	0.00937	0.11739	0.00522
68	0.00792	0.00592	0.00883	0.00883	0.00979	0.00688	0.00683	0.00984	0.00888	0.01280	0.01490	0.02212	0.01400	0.06056	0.76461	0.00881	0.01460	0.00599	0.00298	0.00491
69	0.00805	0.00537	0.00604	0.00604	0.00604	0.00537	0.00336	0.00805	0.00805	0.01074	0.01745	0.03624	0.02013	0.80536	0.02819	0.00537	0.00537	0.00805	0.00336	0.00336
70	0.02258	0.00955	0.01257	0.00979	0.01375	0.00862	0.00802	0.09033	0.01675	0.62287	0.10563	0.02090	0.01769	0.00734	0.00568	0.00171	0.00460	0.00602	0.00665	0.00895
71	0.01481	0.80869	0.02902	0.00948	0.01421	0.02191	0.00948	0.01658	0.01125	0.01303	0.00770	0.00888	0.00711	0.00474	0.00355	0.00118	0.00592	0.00296	0.00237	0.00711
72	0.01111	0.02865	0.77667	0.01579	0.02397	0.01286	0.02046	0.01754	0.01169	0.01754	0.00994	0.01169	0.00702	0.00526	0.00526	0.00175	0.00818	0.00409	0.00234	0.00818
73	0.01211	0.00992	0.01120	0.01035	0.04513	0.01036	0.00767	0.11695	0.28460	0.02248	0.17649	0.02827	0.14918	0.00885	0.00581	0.00172	0.00406	0.00745	0.00530	0.08211
74	0.01362	0.01307	0.02232	0.05495	0.75056	0.01314	0.01695	0.01692	0.01257	0.01798	0.01040	0.01374	0.00873	0.00495	0.00548	0.00165	0.00660	0.00493	0.00273	0.00870
75	0.01371	0.01316	0.02248	0.03399	0.77081	0.01316	0.01700	0.01700	0.01261	0.01809	0.01042	0.01371	0.00877	0.00493	0.00548	0.00164	0.00658	0.00493	0.00274	0.00877
76	0.01378	0.01190	0.01252	0.01127	0.01440	0.01378	0.00877	0.02943	0.76081	0.02317	0.02254	0.02066	0.01691	0.00751	0.00564	0.00188	0.00438	0.00626	0.00564	0.00877
77	0.84448	0.01071	0.00814	0.00728	0.01071	0.01242	0.00600	0.01628	0.00943	0.02485	0.00771	0.00900	0.00600	0.00514	0.00343	0.00171	0.00428	0.00300	0.00343	0.00600
78	0.00784	0.00566	0.00740	0.00697	0.00827	0.00523	0.00523	0.01045	0.01568	0.02221	0.76789	0.04137	0.05226	0.01132	0.00653	0.00174	0.00261	0.01002	0.00610	0.00523
79	0.01342	0.01286	0.02195	0.10215	0.70494	0.01308	0.01685	0.01674	0.01247	0.01774	0.01037	0.01380	0.00865	0.00499	0.00549	0.00166	0.00665	0.00493	0.00272	0.00854
80	0.01148	0.00984	0.01148	0.00820	0.01312	0.00738	0.00656	0.01395	0.01148	0.01805	0.00984	0.01148	0.00820	0.00410	0.00410	0.00082	0.00410	0.00328	0.00328	0.83922
81	0.00662	0.00533	0.00590	0.00636	0.00768	0.00461	0.00454	0.00786	0.01191	0.01467	0.04701	0.31943	0.50831	0.01521	0.00673	0.00200	0.00295	0.01313	0.00514	0.00461
82	0.01075	0.01014	0.01714	0.72390	0.10402	0.01238	0.01553	0.01441	0.01121	0.01450	0.00990	0.01467	0.00751	0.00548	0.00553	0.00183	0.00731	0.00492	0.00249	0.00639
83	0.01160	0.13325	0.67641	0.01494	0.02266	0.01408	0.01899	0.01741	0.01163	0.01693	0.00964	0.01132	0.00703	0.00519	0.00503	0.00168	0.00788	0.00394	0.00234	0.00804
84	0.00672	0.00493	0.00632	0.00743	0.00796	0.00452	0.00502	0.00774	0.01087	0.01425	0.03396	0.70139	0.13478	0.01691	0.00700	0.00220	0.00316	0.01520	0.00514	0.00452
85	0.01363	0.01139	0.01220	0.01083	0.01383	0.01293	0.00845	0.09188	0.59483	0.02409	0.12166	0.02278	0.02097	0.00795	0.00575	0.00184	0.00430	0.00665	0.00569	0.00835
86	0.01144	0.09878	0.70945	0.01522	0.02309	0.01368	0.01947	0.01745	0.01165	0.01713	0.00974	0.01144	0.00702	0.00521	0.00511	0.00170	0.00798	0.00399	0.00234	0.00809
87	0.01226	0.01169	0.01987	0.37061	0.44547	0.01278	0.01628	0.01573	0.01193	0.01634	0.01016	0.01418	0.00816	0.00520	0.00551	0.00173	0.00694	0.00493	0.00262	0.00761
88	0.00892	0.00637	0.00892	0.01020	0.01147	0.00637	0.00892	0.01147	0.01275	0.01657	0.02932	0.06247	0.03187	0.01530	0.00765	0.00255	0.00510	0.73354	0.00510	0.00510
89	0.01259	0.34081	0.47747	0.01326	0.02007	0.01648	0.01607	0.01716	0.01152	0.01573	0.00904	0.01057	0.00705	0.00505	0.00458	0.00153	0.00728	0.00364	0.00235	0.00775
90	0.01190	0.19621	0.61606	0.01443	0.02187	0.01481	0.01810	0.01733	0.01160	0.01657	0.00946	0.01109	0.00704	0.00515	0.00489	0.00163	0.00770	0.00385	0.00235	0.00795
91	0.01219	0.01182	0.01882	0.25122	0.29043	0.01423	0.01482	0.01488	0.01072	0.01527	0.00915	0.01347	0.00784	0.00677	0.00993	0.00198	0.28198	0.00490	0.00255	0.00705
92	0.12005	0.16249	0.01731	0.01169	0.01560	0.21624	0.00966	0.28050	0.03791	0.06261	0.01106	0.01159	0.00841	0.00590	0.00478	0.00153	0.00674	0.00407	0.00408	0.00778
93	0.00655	0.00561	0.00561	0.00561	0.00748	0.00468	0.00421	0.00795	0.01262	0.01496	0.05610	0.05330	0.76857	0.01403	0.00655	0.00187	0.00281	0.01169	0.00514	0.00468
94	0.01350	0.01413	0.02647	0.01972	0.02352	0.01519	0.46000	0.08245	0.01284	0.01794	0.01020	0.01394	0.00815	0.00637	0.00998	0.00202	0.24755	0.00588	0.00293	0.00722
95	0.01141	0.01035	0.01661	0.72198	0.03626	0.01274	0.01494	0.08052	0.01242	0.01602	0.01015	0.01463	0.00757	0.00564	0.00554	0.00183	0.00727	0.00493	0.00274	0.00645
96	0.02485	0.00943	0.01285	0.00985	0.01414	0.00814	0.00814	0.02699	0.01585	0.77465	0.02185	0.01885	0.01371	0.00685	0.00557	0.00171	0.00471	0.00557	0.00685	0.00943
97	0.00655	0.00561	0.00561	0.00561	0.00748	0.00468	0.00421	0.00795	0.01262	0.01496	0.05610	0.05330	0.76857	0.01403	0.00655	0.00187	0.00281	0.01169	0.00514	0.00468
98	0.00675	0.00482	0.00643	0.00771	0.00803	0.00450	0.00514	0.00771	0.01060	0.01414	0.03053	0.80175	0.03663	0.01735	0.00707	0.00225	0.00321	0.01574	0.00514	0.00450
99	0.00764	0.00565	0.00713	0.00676	0.00815	0.00514	0.00507	0.01007	0.01521	0.02111	0.66010	0.04318	0.16073	0.01173	0.00653	0.00176	0.00264	0.01027	0.00595	0.00514
100	0.01575	0.01216	0.01310	0.01134	0.01475	0.01372	0.00895	0.12615	0.59530	0.09231	0.02124	0.01951	0.01561	0.00734	0.00562	0.00183	0.00464	0.00603	0.00573	0.00891
101	0.01243	0.01389	0.02988	0.04318	0.02732	0.01310	0.66335	0.01674	0.01279	0.01732	0.01290	0.08568	0.01091	0.00583	0.00656	0.00190	0.00873	0.00732	0.00300	0.00717
102	0.02069	0.02640	0.01569	0.01427	0.01712	0.78313	0.01070	0.02212	0.01569	0.01355	0.00856	0.00999	0.00713	0.00571	0.00499	0.00143	0.00999	0.00357	0.00285	0.00642
103	0.01034	0.00810	0.00927	0.00838	0.01050	0.00836	0.00645	0.08156	0.20205	0.02264	0.42088	0.03524	0.13345	0.01031	0.00622	0.00179	0.00339	0.00885	0.00581	0.00641
104	0.00694	0.00496	0.00665	0.00794	0.00834	0.00467	0.00548	0.00805	0.01080	0.01436	0.03042	0.73528	0.03620	0.01717	0.00712	0.00228	0.00338	0.08028	0.00514	0.00455
105	0.01378	0.01190	0.01252	0.01127	0.01440	0.01378	0.00877	0.02943	0.76081	0.02317	0.02254	0.02066	0.01691	0.00751	0.00564	0.00188	0.00438	0.00626	0.00564	0.00877
106	0.01746	0.00981	0.01220	0.00903	0.01366	0.00795	0.00734	0.03794	0.01372	0.34351	0.01509	0.01469	0.01060	0.00535	0.00477	0.00123	0.00441	0.00431	0.00487	0.46207
107	0.00860	0.00627	0.00751	0.00718	0.00718	0.00692	0.00453	0.00876	0.00811	0.01109	0.01609	0.03301	0.01841	0.69867	0.02685	0.00497	0.11128	0.00762	0.00323	0.00372
108	0.02485	0.00943	0.01285	0.00985	0.01414	0.00814	0.00814	0.02699	0.01585	0.77465	0.02185	0.01885	0.01371	0.00685	0.00557	0.00171	0.00471	0.00557	0.00685	0.00943
109	0.01214	0.01156	0.01965	0.39914	0.41789	0.01275	0.01622	0.01563	0.01187	0.01619	0.01014	0.01422	0.00810	0.00522	0.00551	0.00174	0.00697	0.00493	0.00261	0.00751
110	0.01428	0.60586	0.04871	0.00977	0.01399	0.08783	0.00937	0.01629	0.01226	0.01445	0.10978	0.01343	0.01316	0.00572	0.00414	0.00130	0.00592	0.00400	0.00291	0.00683
111	0.02485	0.00943	0.01285	0.00985	0.01414	0.00814	0.00814	0.02699	0.01585	0.77465	0.02185	0.01885	0.01371	0.00685	0.00557	0.00171	0.00471	0.00557	0.00685	0.00943
112	0.00655	0.00561	0.00561	0.00561	0.00748	0.00468	0.00421	0.00795	0.01262	0.01496	0.05610	0.05330	0.76857	0.01403	0.00655	0.00187	0.00281	0.01169	0.00514	0.00468
113	0.01483	0.01065	0.01507	0.01852	0.28211	0.02938	0.01114	0.10750	0.01454	0.15420	0.01900	0.17776	0.01797	0.00921	0.00606	0.00188	0.00542	0.09253	0.00458	0.00763
114	0.01160	0.13325	0.67641	0.01494	0.02266	0.01408	0.01899	0.01741	0.01163	0.01693	0.00964	0.01132	0.00703	0.00519	0.00503	0.00168	0.00788	0.00394	0.00234	0.00804
115	0.02322	0.00901	0.01227	0.00966	0.01359	0.00781	0.00787	0.02526	0.01538	0.70627	0.02263	0.08924	0.01577	0.00780	0.00570	0.00176	0.00458	0.00648	0.00670	0.00898
116	0.02347	0.00946	0.01275	0.00992	0.01398	0.00847	0.00816	0.05917	0.01583	0.68642	0.02096	0.01880	0.01352	0.00931	0.06088	0.00222	0.00550	0.00557	0.00652	0.00911
117	0.01148	0.00984	0.01148	0.00820	0.01312	0.00738	0.00656	0.01395	0.01148	0.01805	0.00984	0.01148	0.00820	0.00410	0.00410	0.00082	0.00410	0.00328	0.00328	0.83922
118	0.01127	0.01089	0.01910	0.58833	0.16741	0.01261	0.08178	0.01498	0.01153	0.01517	0.01007	0.01459	0.00772	0.00535	0.00562	0.00181	0.00742	0.00507	0.00254	0.00674
119	0.01381	0.01498	0.01666	0.08439	0.01722	0.18113	0.01211	0.01529	0.01026	0.01345	0.00778	0.01190	0.00725	0.00846	0.01421	0.00216	0.55571	0.00458	0.00252	0.00614
120	0.00723	0.00624	0.00707	0.00685	0.00844	0.00608	0.00528	0.00869	0.01175	0.01453	0.04618	0.04537	0.59892	0.01733	0.11176	0.00286	0.07566	0.01030	0.00461	0.00484
121	0.00655	0.00561	0.00561	0.00561	0.00748	0.00468	0.00421	0.00795	0.01262	0.01496	0.05610	0.05330	0.76857	0.01403	0.00655	0.00187	0.00281	0.01169	0.00514	0.00468
122	0.01111	0.02865	0.77667	0.01579	0.02397	0.01286	0.02046	0.01754	0.01169	0.01754	0.00994	0.01169	0.00702	0.00526	0.00526	0.00175	0.00818	0.00409	0.00234	0.00818
123	0.01860	0.02149	0.01487	0.01329	0.01599	0.54214	0.01018	0.11796	0.01585	0.01631	0.01007	0.01221	0.00842	0.01118	0.11868	0.00258	0.03623	0.00414	0.00322	0.00660
124	0.00805	0.00537	0.00604	0.00604	0.00604	0.00537	0.00336	0.00805	0.00805	0.01074	0.01745	0.03624	0.02013	0.80536	0.02819	0.00537	0.00537	0.00805	0.00336	0.00336
125	0.00772	0.00551	0.00754	0.00882	0.00956	0.00533	0.00682	0.00938	0.01156	0.01522	0.02999	0.47316	0.03452	0.01644	0.00733	0.00238	0.00405	0.33479	0.00512	0.00477
126	0.01242	0.30602	0.51082	0.01354	0.02050	0.01608	0.01656	0.01720	0.01154	0.01594	0.00914	0.01069	0.00705	0.00508	0.00465	0.00155	0.00738	0.00369	0.00235	0.00780
127	0.01738	0.01432	0.01383	0.01182	0.01531	0.11704	0.00932	0.17683	0.43041	0.10440	0.01869	0.01752	0.01372	0.00702	0.00552	0.00176	0.00552	0.00556	0.00537	0.00866
128	0.01111	0.02865	0.77667	0.01579	0.02397	0.01286	0.02046	0.01754	0.01169	0.01754	0.00994	0.01169	0.00702	0.00526	0.00526	0.00175	0.00818	0.00409	0.00234	0.00818
129	0.00675	0.00482	0.00643	0.00771	0.00803	0.00450	0.00514	0.00771	0.01060	0.01414	0.03053	0.80175	0.03663	0.01735	0.00707	0.00225	0.00321	0.01574	0.00514	0.00450
130	0.00675	0.00482	0.00643	0.00771	0.00803	0.00450	0.00514	0.00771	0.01060	0.01414	0.03053	0.80175	0.03663	0.01735	0.00707	0.00225	0.00321	0.01574	0.00514	0.00450
131	0.00784	0.00566	0.00740	0.00697	0.00827	0.00523	0.00523	0.01045	0.01568	0.02221	0.76789	0.04137	0.05226	0.01132	0.00653	0.00174	0.00261	0.01002	0.00610	0.00523
132	0.02069	0.02640	0.01569	0.01427	0.01712	0.78313	0.01070	0.02212	0.01569	0.01355	0.00856	0.00999	0.00713	0.00571	0.00499	0.00143	0.00999	0.00357	0.00285	0.00642
133	0.00655	0.00561	0.00561	0.00561	0.00748	0.00468	0.00421	0.00795	0.01262	0.01496	0.05610	0.05330	0.76857	0.01403	0.00655	0.00187	0.00281	0.01169	0.00514	0.00468
134	0.01378	0.01190	0.01252	0.01127	0.01440	0.01378	0.00877	0.02943	0.76081	0.02317	0.02254	0.02066	0.01691	0.00751	0.00564	0.00188	0.00438	0.00626	0.00564	0.00877
135	0.01295	0.01275	0.03646	0.19906	0.59581	0.01297	0.01671	0.01639	0.01226	0.01722	0.01028	0.01390	0.00843	0.00507	0.00549	0.00169	0.00679	0.00491	0.00267	0.00819
136	0.01212	0.01212	0.01696	0.01454	0.01454	0.01696	0.01212	0.01333	0.00848	0.01333	0.00727	0.01212	0.00727	0.00969	0.01818	0.00242	0.79523	0.00485	0.00242	0.00606
137	0.01120	0.04704	0.75904	0.01564	0.02374	0.01308	0.02020	0.01752	0.01168	0.01743	0.00989	0.01163	0.00702	0.00525	0.00522	0.00174	0.00813	0.00407	0.00234	0.00816
138	0.00675	0.00482	0.00643	0.00771	0.00803	0.00450	0.00514	0.00771	0.01060	0.01414	0.03053	0.80175	0.03663	0.01735	0.00707	0.00225	0.00321	0.01574	0.00514	0.00450
139	0.00784	0.00566	0.00740	0.00697	0.00827	0.00523	0.00523	0.01045	0.01568	0.02221	0.76789	0.04137	0.05226	0.01132	0.00653	0.00174	0.00261	0.01002	0.00610	0.00523
140	0.01148	0.00984	0.01148	0.00820	0.01312	0.00738	0.00656	0.01395	0.01148	0.01805	0.00984	0.01148	0.00820	0.00410	0.00410	0.00082	0.00410	0.00328	0.00328	0.83922
141	0.01249	0.01197	0.02056	0.31511	0.48041	0.01286	0.03464	0.01596	0.01205	0.01662	0.01022	0.01413	0.00825	0.00515	0.00553	0.00172	0.00695	0.00497	0.00264	0.00777
142	0.01212	0.01212	0.01696	0.01454	0.01454	0.01696	0.01212	0.01333	0.00848	0.01333	0.00727	0.01212	0.00727	0.00969	0.01818	0.00242	0.79523	0.00485	0.00242	0.00606
143	0.00688	0.00562	0.00608	0.00597	0.00769	0.00482	0.00447	0.00860	0.01342	0.01686	0.24223	0.05018	0.58126	0.01332	0.00654	0.00184	0.00275	0.01125	0.00539	0.00482
144	0.01085	0.00917	0.01081	0.00814	0.01244	0.00700	0.00637	0.01311	0.01137	0.01752	0.01262	0.11745	0.01201	0.00588	0.00450	0.00101	0.00398	0.00495	0.00353	0.72729
145	0.00675	0.00482	0.00643	0.00771	0.00803	0.00450	0.00514	0.00771	0.01060	0.01414	0.03053	0.80175	0.03663	0.01735	0.00707	0.00225	0.00321	0.01574	0.00514	0.00450
146	0.01590	0.01295	0.01372	0.01170	0.01521	0.01477	0.00928	0.24005	0.54673	0.02659	0.01985	0.01852	0.01472	0.00726	0.00561	0.00182	0.00488	0.00589	0.00561	0.00896
147	0.01718	0.19177	0.01737	0.01105	0.01502	0.08323	0.00945	0.27854	0.01751	0.08353	0.01414	0.01905	0.01201	0.00706	0.00518	0.00157	0.00593	0.10486	0.00438	0.10118
148	0.01322	0.47506	0.34880	0.01217	0.01839	0.01804	0.01418	0.01699	0.01144	0.01496	0.00866	0.01009	0.00707	0.00496	0.00428	0.00143	0.00689	0.00345	0.00236	0.00757
149	0.01123	0.05453	0.75185	0.01558	0.02365	0.01316	0.02010	0.01751	0.01168	0.01739	0.00986	0.01160	0.00702	0.00524	0.00521	0.00174	0.00811	0.00405	0.00234	0.00815
150	0.01371	0.01316	0.02248	0.03399	0.77081	0.01316	0.01700	0.01700	0.01261	0.01809	0.01042	0.01371	0.00877	0.00493	0.00548	0.00164	0.00658	0.00493	0.00274	0.00877
151	0.01260	0.01385	0.09108	0.25086	0.09549	0.01284	0.30073	0.05646	0.01297	0.03786	0.01203	0.05578	0.00969	0.00584	0.00598	0.00184	0.00778	0.00606	0.00303	0.00726
152	0.01769	0.02279	0.08771	0.01619	0.02019	0.47062	0.17629	0.04148	0.06410	0.01607	0.01033	0.01204	0.00811	0.00558	0.00542	0.00159	0.00920	0.00449	0.00305	0.00705
153	0.00675	0.00482	0.00643	0.00771	0.00803	0.00450	0.00514	0.00771	0.01060	0.01414	0.03053	0.80175	0.03663	0.01735	0.00707	0.00225	0.00321	0.01574	0.00514	0.00450
154	0.00675	0.00482	0.00643	0.00771	0.00803	0.00450	0.00514	0.00771	0.01060	0.01414	0.03053	0.80175	0.03663	0.01735	0.00707	0.00225	0.00321	0.01574	0.00514	0.00450
155	0.01516	0.07917	0.06921	0.01944	0.02471	0.08471	0.49855	0.01910	0.01341	0.10384	0.01184	0.01427	0.00872	0.00505	0.00598	0.00175	0.00853	0.00573	0.00321	0.00761
156	0.01092	0.01054	0.01847	0.66903	0.08942	0.01252	0.08161	0.01468	0.01136	0.01475	0.01001	0.01471	0.00757	0.00542	0.00562	0.00183	0.00750	0.00507	0.00251	0.00646
157	0.00791	0.00593	0.00890	0.00890	0.00989	0.00692	0.00692	0.00989	0.00890	0.01286	0.01483	0.02176	0.01385	0.04154	0.78341	0.00890	0.01483	0.00593	0.00297	0.00494
158	0.01304	0.01248	0.02127	0.18986	0.62017	0.01298	0.01666	0.01641	0.01229	0.01728	0.01030	0.01392	0.00849	0.00506	0.00549	0.00169	0.00674	0.00493	0.00268	0.00823
159	0.00716	0.00563	0.00646	0.00626	0.00786	0.00494	0.00469	0.00914	0.01407	0.01840	0.39425	0.04763	0.42827	0.01274	0.00654	0.00181	0.00271	0.01089	0.00560	0.00494
160	0.01299	0.01225	0.02074	0.10002	0.63699	0.01248	0.01613	0.01625	0.01248	0.01760	0.01206	0.01817	0.01071	0.00592	0.00568	0.00174	0.00652	0.07013	0.00293	0.00821
161	0.01144	0.09878	0.70945	0.01522	0.02309	0.01368	0.01947	0.01745	0.01165	0.01713	0.00974	0.01144	0.00702	0.00521	0.00511	0.00170	0.00798	0.00399	0.00234	0.00809
162	0.01678	0.01646	0.01302	0.01137	0.01436	0.30469	0.00880	0.15886	0.11711	0.06209	0.08456	0.02191	0.13055	0.00796	0.00559	0.00164	0.00646	0.00611	0.00459	0.00710
163	0.01292	0.01354	0.02692	0.02595	0.29117	0.01302	0.42312	0.01691	0.01288	0.01776	0.01255	0.01877	0.01064	0.00572	0.00626	0.00185	0.00798	0.07133	0.00299	0.00772
164	0.00670	0.00499	0.00625	0.00726	0.00791	0.00454	0.00494	0.00776	0.01104	0.01431	0.03602	0.64097	0.19386	0.01664	0.00696	0.00217	0.00313	0.01487	0.00514	0.00454
165	0.01148	0.00984	0.01148	0.00820	0.01312	0.00738	0.00656	0.01395	0.01148	0.01805	0.00984	0.01148	0.00820	0.00410	0.00410	0.00082	0.00410	0.00328	0.00328	0.83922
166	0.01052	0.00991	0.01673	0.77672	0.05297	0.01232	0.01541	0.01421	0.01111	0.01423	0.00986	0.01474	0.00741	0.00552	0.00554	0.00184	0.00737	0.00492	0.00247	0.00621
167	0.00655	0.00561	0.00561	0.00561	0.00748	0.00468	0.00421	0.00795	0.01262	0.01496	0.05610	0.05330	0.76857	0.01403	0.00655	0.00187	0.00281	0.01169	0.00514	0.00468
168	0.01250	0.01403	0.03032	0.02194	0.02706	0.01315	0.68367	0.01684	0.01285	0.01742	0.01294	0.08568	0.01094	0.00581	0.00658	0.00190	0.00879	0.00736	0.00301	0.00720
169	0.01533	0.29470	0.01881	0.01021	0.01387	0.01544	0.00893	0.19099	0.01515	0.06988	0.07819	0.01497	0.01276	0.00824	0.04659	0.00186	0.07023	0.00464	0.02701	0.08220
170	0.01780	0.00831	0.01089	0.00895	0.01208	0.00761	0.00716	0.02133	0.08277	0.43953	0.28719	0.02702	0.02770	0.00850	0.00592	0.00174	0.00394	0.00721	0.00648	0.00787
171	0.01481	0.80869	0.02902	0.00948	0.01421	0.02191	0.00948	0.01658	0.01125	0.01303	0.00770	0.00888	0.00711	0.00474	0.00355	0.00118	0.00592	0.00296	0.00237	0.00711
172	0.01148	0.00984	0.01148	0.00820	0.01312	0.00738	0.00656	0.01395	0.01148	0.01805	0.00984	0.01148	0.00820	0.00410	0.00410	0.00082	0.00410	0.00328	0.00328	0.83922
173	0.00780	0.00566	0.00734	0.00692	0.00825	0.00521	0.00519	0.01037	0.01558	0.02197	0.74427	0.04177	0.07603	0.01141	0.00653	0.00175	0.00262	0.01007	0.00606	0.00521
174	0.01935	0.00845	0.01045	0.00844	0.01167	0.00788	0.00683	0.08630	0.01525	0.44095	0.01975	0.01900	0.01350	0.00669	0.00496	0.00156	0.00408	0.00537	0.30160	0.00791
175	0.01046	0.00984	0.01661	0.79205	0.03814	0.01230	0.01538	0.01415	0.01107	0.01415	0.00984	0.01477	0.00738	0.00554	0.00554	0.00185	0.00738	0.00492	0.00246	0.00615
176	0.00791	0.00593	0.00890	0.00890	0.00989	0.00692	0.00692	0.00989	0.00890	0.01286	0.01483	0.02176	0.01385	0.04154	0.78341	0.00890	0.01483	0.00593	0.00297	0.00494
177	0.00805	0.00537	0.00604	0.00604	0.00604	0.00537	0.00336	0.00805	0.00805	0.01074	0.01745	0.03624	0.02013	0.80536	0.02819	0.00537	0.00537	0.00805	0.00336	0.00336
178	0.84448	0.01071	0.00814	0.00728	0.01071	0.01242	0.00600	0.01628	0.00943	0.02485	0.00771	0.00900	0.00600	0.00514	0.00343	0.00171	0.00428	0.00300	0.00343	0.00600
179	0.00675	0.00482	0.00643	0.00771	0.00803	0.00450	0.00514	0.00771	0.01060	0.01414	0.03053	0.80175	0.03663	0.01735	0.00707	0.00225	0.00321	0.01574	0.00514	0.00450
180	0.02061	0.01346	0.01533	0.08199	0.01807	0.03538	0.01022	0.42642	0.07010	0.22717	0.01572	0.01529	0.01080	0.00663	0.00554	0.00170	0.00584	0.00518	0.00554	0.00900
181	0.01275	0.01218	0.02075	0.25801	0.55430	0.01291	0.01652	0.01616	0.01216	0.01693	0.01025	0.01402	0.00836	0.00511	0.00550	0.00170	0.00682	0.00493	0.00266	0.00800
182	0.79948	0.01097	0.00860	0.00758	0.01106	0.01268	0.00625	0.05651	0.01033	0.02540	0.00802	0.00923	0.00618	0.00522	0.00354	0.00171	0.00438	0.00311	0.00354	0.00618
183	0.01307	0.01494	0.03268	0.02334	0.02894	0.01401	0.75070	0.01774	0.01307	0.01774	0.01120	0.01494	0.00840	0.00467	0.00654	0.00187	0.00934	0.00654	0.00280	0.00747
184	0.00784	0.00566	0.00740	0.00697	0.00827	0.00523	0.00523	0.01045	0.01568	0.02221	0.76789	0.04137	0.05226	0.01132	0.00653	0.00174	0.00261	0.01002	0.00610	0.00523
185	0.00784	0.00566	0.00740	0.00697	0.00827	0.00523	0.00523	0.01045	0.01568	0.02221	0.76789	0.04137	0.05226	0.01132	0.00653	0.00174	0.00261	0.01002	0.00610	0.00523
186	0.01371	0.01316	0.02248	0.03399	0.77081	0.01316	0.01700	0.01700	0.01261	0.01809	0.01042	0.01371	0.00877	0.00493	0.00548	0.00164	0.00658	0.00493	0.00274	0.00877
187	0.00655	0.00561	0.00561	0.00561	0.00748	0.00468	0.00421	0.00795	0.01262	0.01496	0.05610	0.05330	0.76857	0.01403	0.00655	0.00187	0.00281	0.01169	0.00514	0.00468
188	0.00655	0.00561	0.00561	0.00561	0.00748	0.00468	0.00421	0.00795	0.01262	0.01496	0.05610	0.05330	0.76857	0.01403	0.00655	0.00187	0.00281	0.01169	0.00514	0.00468
189	0.01046	0.00984	0.01661	0.79205	0.03814	0.01230	0.01538	0.01415	0.01107	0.01415	0.00984	0.01477	0.00738	0.00554	0.00554	0.00185	0.00738	0.00492	0.00246	0.00615
190	0.01175	0.01000	0.01163	0.00833	0.01324	0.00765	0.00667	0.03444	0.01189	0.01851	0.00994	0.01153	0.00824	0.00417	0.00414	0.00084	0.00416	0.00333	0.00334	0.81619
191	0.02105	0.01551	0.01662	0.01274	0.01717	0.01717	0.01053	0.75235	0.02604	0.03490	0.01330	0.01330	0.00942	0.00665	0.00554	0.00166	0.00609	0.00499	0.00554	0.00942
192	0.01111	0.02865	0.77667	0.01579	0.02397	0.01286	0.02046	0.01754	0.01169	0.01754	0.00994	0.01169	0.00702	0.00526	0.00526	0.00175	0.00818	0.00409	0.00234	0.00818
193	0.01443	0.01222	0.01289	0.01140	0.01465	0.01408	0.00892	0.09443	0.69475	0.02422	0.02171	0.02000	0.01623	0.00744	0.00563	0.00186	0.00454	0.00615	0.00563	0.00882
194	0.02485	0.00943	0.01285	0.00985	0.01414	0.00814	0.00814	0.02699	0.01585	0.77465	0.02185	0.01885	0.01371	0.00685	0.00557	0.00171	0.00471	0.00557	0.00685	0.00943
195	0.84448	0.01071	0.00814	0.00728	0.01071	0.01242	0.00600	0.01628	0.00943	0.02485	0.00771	0.00900	0.00600	0.00514	0.00343	0.00171	0.00428	0.00300	0.00343	0.00600
196	0.01046	0.00984	0.01661	0.79205	0.03814	0.01230	0.01538	0.01415	0.01107	0.01415	0.00984	0.01477	0.00738	0.00554	0.00554	0.00185	0.00738	0.00492	0.00246	0.00615
197	0.00792	0.00588	0.00864	0.00864	0.00954	0.00678	0.00660	0.00972	0.00882	0.01267	0.01507	0.02306	0.01441	0.11021	0.71551	0.00858	0.01398	0.00612	0.00300	0.00480
198	0.00784	0.00566	0.00740	0.00697	0.00827	0.00523	0.00523	0.01045	0.01568	0.02221	0.76789	0.04137	0.05226	0.01132	0.00653	0.00174	0.00261	0.01002	0.00610	0.00523
199	0.01378	0.01190	0.01252	0.01127	0.01440	0.01378	0.00877	0.02943	0.76081	0.02317	0.02254	0.02066	0.01691	0.00751	0.00564	0.00188	0.00438	0.00626	0.00564	0.00877
200	0.00794	0.00583	0.00838	0.00838	0.00919	0.00664	0.00627	0.00955	0.00875	0.01247	0.01531	0.02441	0.01500	0.18131	0.64521	0.00825	0.01310	0.00632	0.00304	0.00465
201	0.01046	0.00984	0.01661	0.79205	0.03814	0.01230	0.01538	0.01415	0.01107	0.01415	0.00984	0.01477	0.00738	0.00554	0.00554	0.00185	0.00738	0.00492	0.00246	0.00615
202	0.00682	0.00487	0.00651	0.00779	0.00814	0.00456	0.00526	0.00783	0.01067	0.01422	0.03049	0.77823	0.03648	0.01729	0.00709	0.00226	0.00327	0.03858	0.00514	0.00452
203	0.00814	0.00560	0.00713	0.00675	0.00805	0.00522	0.00506	0.01075	0.01518	0.02202	0.67662	0.03885	0.04762	0.01073	0.00621	0.00169	0.00261	0.00943	0.10713	0.00522
204	0.00856	0.00654	0.00876	0.00800	0.00955	0.00640	0.03034	0.01229	0.08190	0.02117	0.60230	0.03718	0.04407	0.03801	0.05830	0.00235	0.00389	0.00923	0.00565	0.00554

[dist]
# distance from previous block
# <min> <max>
0	55

# created by:
# /home/cegg/simao/soft/augustus-3.2.1/scripts/msa2prfl.pl ./align_prep/22257.fa
