[name]
unknown

[dist]
# distance from previous block
# <min> <max>
0	91

[block]
# block no. 0 follows, 43 sequences, length 59
# corresponding to MSA columns:
# 93-141,154-163
name=unknown_A
#
# <colnr> <probs for GDERKNQSTAVLIFYWHMCP>
#	G	D	E	R	K	N	Q	S	T	A	V	L	I	F	Y	W	H	M	C	P
0	0.01121	0.13636	0.01427	0.01223	0.07493	0.01045	0.00973	0.01356	0.01212	0.03784	0.02059	0.04007	0.02141	0.01109	0.00735	0.00208	0.07199	0.41253	0.00414	0.07606
1	0.05749	0.01264	0.13363	0.01042	0.01435	0.01025	0.00946	0.04059	0.22593	0.15629	0.08101	0.08490	0.01767	0.00767	0.00544	0.00171	0.00476	0.00638	0.03094	0.08847
2	0.00917	0.00631	0.00718	0.00668	0.00885	0.00532	0.00505	0.01079	0.01290	0.10152	0.10637	0.13731	0.46712	0.01256	0.00629	0.00180	0.00316	0.01064	0.00526	0.07572
3	0.01696	0.01855	0.08073	0.01682	0.14383	0.25227	0.01224	0.18909	0.07480	0.02045	0.01189	0.03705	0.00972	0.00660	0.00641	0.00169	0.07228	0.00488	0.01601	0.00774
4	0.00734	0.00552	0.00679	0.00673	0.00803	0.00497	0.00495	0.00940	0.01413	0.01913	0.47398	0.15825	0.23464	0.01292	0.00662	0.00185	0.00275	0.01130	0.00571	0.00497
5	0.01646	0.01363	0.01359	0.01133	0.01478	0.07414	0.00903	0.34564	0.25740	0.02673	0.06547	0.02108	0.09026	0.00787	0.00569	0.00174	0.00532	0.00625	0.00535	0.00825
6	0.00769	0.00544	0.00601	0.00599	0.00649	0.00520	0.00365	0.00815	0.00951	0.01232	0.06560	0.04047	0.19536	0.58040	0.02204	0.00437	0.00463	0.00900	0.00391	0.00376
7	0.01371	0.01316	0.02248	0.03399	0.77081	0.01316	0.01700	0.01700	0.01261	0.01809	0.01042	0.01371	0.00877	0.00493	0.00548	0.00164	0.00658	0.00493	0.00274	0.00877
8	0.00764	0.00565	0.00713	0.00676	0.00815	0.00514	0.00507	0.01007	0.01521	0.02110	0.65861	0.04320	0.16223	0.01174	0.00653	0.00176	0.00264	0.01027	0.00595	0.00514
9	0.01902	0.01537	0.01542	0.01246	0.01641	0.07625	0.01005	0.49565	0.22798	0.02999	0.01548	0.01507	0.01131	0.00681	0.00552	0.00170	0.00593	0.00523	0.00536	0.00900
10	0.77996	0.01109	0.00880	0.00771	0.01122	0.01280	0.00635	0.07395	0.01073	0.02564	0.00815	0.00933	0.00627	0.00526	0.00359	0.00171	0.00443	0.00315	0.00359	0.00627
11	0.77918	0.01212	0.06836	0.00795	0.01175	0.01246	0.00713	0.01638	0.00960	0.02428	0.00789	0.00921	0.00608	0.00515	0.00357	0.00172	0.00459	0.00308	0.00334	0.00617
12	0.01436	0.01667	0.17376	0.01913	0.22600	0.03477	0.03693	0.12049	0.25751	0.02176	0.01462	0.01544	0.01109	0.00608	0.00551	0.00175	0.00631	0.00521	0.00398	0.00863
13	0.01415	0.01966	0.22978	0.01653	0.02146	0.13895	0.21522	0.02037	0.14564	0.03889	0.01241	0.01413	0.00938	0.00598	0.00670	0.00181	0.07285	0.00516	0.00327	0.00767
14	0.00805	0.00537	0.00604	0.00604	0.00604	0.00537	0.00336	0.00805	0.00805	0.01074	0.01745	0.03624	0.02013	0.80536	0.02819	0.00537	0.00537	0.00805	0.00336	0.00336
15	0.01437	0.01350	0.03550	0.01120	0.01430	0.10476	0.00895	0.11085	0.43421	0.02308	0.14701	0.02179	0.02060	0.00778	0.00569	0.00177	0.00507	0.00637	0.00527	0.00794
16	0.00695	0.00525	0.00642	0.00692	0.00793	0.00472	0.00489	0.00843	0.01240	0.01629	0.21230	0.40105	0.25649	0.01494	0.00679	0.00202	0.00295	0.01319	0.00537	0.00472
17	0.01671	0.12784	0.28903	0.01324	0.01887	0.08014	0.01370	0.24842	0.03992	0.08288	0.01191	0.01252	0.00863	0.00586	0.00513	0.00162	0.00698	0.00436	0.00385	0.00839
18	0.00927	0.00599	0.00747	0.00701	0.00869	0.00534	0.00528	0.01140	0.01452	0.10133	0.44946	0.10580	0.22342	0.01201	0.00648	0.00181	0.00294	0.01043	0.00586	0.00548
19	0.01252	0.11402	0.46066	0.01416	0.02083	0.07814	0.05881	0.01725	0.01203	0.01678	0.00962	0.01138	0.00731	0.00502	0.00493	0.00152	0.00749	0.00393	0.00256	0.14103
20	0.01169	0.01231	0.07886	0.08277	0.07258	0.00982	0.12311	0.01539	0.03751	0.01766	0.01122	0.03873	0.00934	0.00502	0.00495	0.00129	0.00569	0.00462	0.00316	0.45428
21	0.01660	0.18052	0.18062	0.04137	0.04536	0.15900	0.01268	0.18810	0.06525	0.04343	0.01121	0.01217	0.00854	0.00575	0.00498	0.00156	0.00714	0.00422	0.00355	0.00795
22	0.00851	0.00595	0.00723	0.00741	0.00849	0.00579	0.00543	0.01012	0.07799	0.01400	0.03099	0.11501	0.26032	0.07740	0.01258	0.23640	0.00405	0.10368	0.00428	0.00434
23	0.01446	0.01208	0.01274	0.01116	0.01441	0.01375	0.00876	0.13924	0.60296	0.02448	0.02314	0.02149	0.06089	0.00777	0.00568	0.00184	0.00455	0.00639	0.00559	0.00862
24	0.00767	0.00565	0.00716	0.00679	0.00817	0.00515	0.00509	0.01012	0.01527	0.02125	0.67321	0.04296	0.14754	0.01168	0.00653	0.00176	0.00264	0.01024	0.00597	0.00515
25	0.00990	0.00869	0.01384	0.14776	0.28125	0.00893	0.01109	0.01225	0.01170	0.01591	0.04632	0.31816	0.05095	0.01062	0.00623	0.00195	0.00511	0.02915	0.00388	0.00632
26	0.01247	0.16931	0.40325	0.01598	0.02251	0.01489	0.18559	0.01839	0.07363	0.01721	0.01085	0.01266	0.00817	0.00521	0.00527	0.00168	0.00772	0.00462	0.00272	0.00787
27	0.00699	0.00500	0.00669	0.00783	0.00830	0.00469	0.00542	0.00821	0.01118	0.01499	0.09243	0.68510	0.03760	0.01670	0.00707	0.00223	0.00330	0.06645	0.00522	0.00460
28	0.01371	0.01316	0.02248	0.03399	0.77081	0.01316	0.01700	0.01700	0.01261	0.01809	0.01042	0.01371	0.00877	0.00493	0.00548	0.00164	0.00658	0.00493	0.00274	0.00877
29	0.03920	0.09050	0.35543	0.01791	0.09530	0.01334	0.20958	0.01666	0.01210	0.01728	0.01366	0.01566	0.06720	0.00571	0.00551	0.00173	0.00758	0.00528	0.00276	0.00761
30	0.01225	0.01152	0.01919	0.07231	0.59111	0.01156	0.01470	0.01517	0.01230	0.01721	0.01576	0.10529	0.06356	0.00699	0.00574	0.00174	0.00599	0.00661	0.00316	0.00786
31	0.00981	0.00524	0.00536	0.00533	0.00667	0.00512	0.00400	0.01229	0.01199	0.02025	0.07492	0.02503	0.08399	0.00747	0.00430	0.00137	0.00260	0.00609	0.70303	0.00512
32	0.02041	0.01515	0.15726	0.01227	0.01733	0.01217	0.03439	0.26701	0.01832	0.35015	0.01637	0.01557	0.01087	0.00641	0.00550	0.00170	0.00593	0.00512	0.01900	0.00906
33	0.01291	0.10457	0.54728	0.01431	0.02126	0.01407	0.01711	0.07641	0.08349	0.04080	0.01151	0.01259	0.00834	0.00558	0.00515	0.00170	0.00733	0.00429	0.00303	0.00826
34	0.01295	0.01324	0.04166	0.06898	0.22548	0.03310	0.11768	0.03819	0.01172	0.01686	0.00956	0.01299	0.00805	0.00620	0.00890	0.00177	0.22436	0.00481	0.00281	0.14068
35	0.01586	0.00996	0.01153	0.00963	0.01265	0.01034	0.00767	0.19478	0.16335	0.18010	0.22549	0.02425	0.02399	0.00813	0.00570	0.00171	0.00422	0.00676	0.07613	0.00778
36	0.08900	0.22856	0.11598	0.01551	0.07238	0.23465	0.13631	0.01847	0.01281	0.01594	0.00901	0.01092	0.00734	0.00512	0.00480	0.00152	0.00784	0.00402	0.00270	0.00713
37	0.01031	0.00640	0.00710	0.00648	0.00885	0.00539	0.00502	0.01187	0.01329	0.17126	0.04906	0.04621	0.61326	0.01255	0.00634	0.00184	0.00320	0.01043	0.00550	0.00565
38	0.01208	0.01180	0.07175	0.00940	0.01429	0.00908	0.00810	0.03789	0.12696	0.01928	0.01190	0.01296	0.00948	0.00479	0.00447	0.00108	0.00452	0.00385	0.00363	0.62268
39	0.01348	0.00835	0.01029	0.00855	0.01127	0.00789	0.00675	0.13275	0.01696	0.16390	0.43385	0.02975	0.03390	0.00903	0.00596	0.00163	0.00371	0.00772	0.00587	0.08837
40	0.01583	0.15519	0.25502	0.01417	0.01988	0.01414	0.13304	0.08544	0.06735	0.16687	0.01328	0.01392	0.00949	0.00567	0.00528	0.00167	0.00684	0.00482	0.00382	0.00828
41	0.01907	0.01314	0.01781	0.01662	0.14741	0.09680	0.12886	0.09620	0.01554	0.30463	0.01553	0.01592	0.01087	0.00599	0.00551	0.00166	0.00634	0.00530	0.06846	0.00834
42	0.01307	0.01494	0.03268	0.02334	0.02894	0.01401	0.75070	0.01774	0.01307	0.01774	0.01120	0.01494	0.00840	0.00467	0.00654	0.00187	0.00934	0.00654	0.00280	0.00747
43	0.01046	0.00984	0.01661	0.79205	0.03814	0.01230	0.01538	0.01415	0.01107	0.01415	0.00984	0.01477	0.00738	0.00554	0.00554	0.00185	0.00738	0.00492	0.00246	0.00615
44	0.00670	0.00501	0.00623	0.00721	0.00790	0.00454	0.00492	0.00777	0.01109	0.01433	0.03665	0.62263	0.21180	0.01656	0.00694	0.00216	0.00312	0.01477	0.00514	0.00454
45	0.00655	0.00561	0.00561	0.00561	0.00748	0.00468	0.00421	0.00795	0.01262	0.01496	0.05610	0.05330	0.76857	0.01403	0.00655	0.00187	0.00281	0.01169	0.00514	0.00468
46	0.00817	0.00560	0.00723	0.00723	0.00777	0.00604	0.00497	0.00924	0.00871	0.01245	0.01635	0.02865	0.01690	0.40671	0.35856	0.00660	0.00932	0.00689	0.06843	0.00420
47	0.01371	0.01316	0.02248	0.03399	0.77081	0.01316	0.01700	0.01700	0.01261	0.01809	0.01042	0.01371	0.00877	0.00493	0.00548	0.00164	0.00658	0.00493	0.00274	0.00877
48	0.84448	0.01071	0.00814	0.00728	0.01071	0.01242	0.00600	0.01628	0.00943	0.02485	0.00771	0.00900	0.00600	0.00514	0.00343	0.00171	0.00428	0.00300	0.00343	0.00600
49	0.01128	0.01066	0.01776	0.45706	0.29513	0.01196	0.01501	0.01464	0.01175	0.01562	0.01395	0.01765	0.07216	0.00604	0.00560	0.00178	0.00671	0.00550	0.00279	0.00696
50	0.00698	0.00591	0.00617	0.00599	0.00800	0.00489	0.00448	0.00844	0.01237	0.01516	0.05019	0.10841	0.64700	0.01345	0.00638	0.00181	0.00295	0.01130	0.00499	0.07514
51	0.00803	0.00589	0.00728	0.00782	0.00876	0.00565	0.00549	0.07087	0.01259	0.01670	0.09725	0.58012	0.12160	0.01552	0.00683	0.00211	0.00336	0.01385	0.00526	0.00500
52	0.01433	0.01336	0.02199	0.03220	0.70717	0.01350	0.01645	0.07910	0.01374	0.01951	0.01066	0.01367	0.00883	0.00508	0.00549	0.00165	0.00654	0.00494	0.00298	0.00883
53	0.08488	0.74130	0.02726	0.00929	0.01392	0.02111	0.00918	0.01656	0.01110	0.01403	0.00770	0.00889	0.00701	0.00477	0.00354	0.00123	0.00578	0.00296	0.00246	0.00701
54	0.05684	0.24829	0.08511	0.01710	0.22382	0.06114	0.01205	0.03978	0.07122	0.05002	0.01081	0.01222	0.00872	0.00523	0.00466	0.00146	0.00613	0.00410	0.00317	0.07813
55	0.01287	0.39110	0.36313	0.01220	0.01850	0.01662	0.01416	0.01679	0.01147	0.01548	0.00889	0.01036	0.00716	0.00492	0.00437	0.00141	0.00678	0.00350	0.00243	0.07787
56	0.08329	0.01034	0.01155	0.06520	0.01437	0.01081	0.00796	0.21913	0.10229	0.02319	0.08511	0.10945	0.09929	0.00860	0.00554	0.00168	0.00457	0.00710	0.00479	0.12577
57	0.00690	0.00508	0.00650	0.00757	0.00823	0.00469	0.00531	0.00807	0.01112	0.01448	0.03468	0.61474	0.15805	0.01662	0.00703	0.00221	0.00330	0.07569	0.00514	0.00458
58	0.01675	0.15470	0.13922	0.01239	0.01713	0.04287	0.01155	0.32124	0.18456	0.02499	0.01369	0.01380	0.01022	0.00626	0.00515	0.00163	0.00615	0.00473	0.00441	0.00857

[dist]
# distance from previous block
# <min> <max>
0	3

[block]
# block no. 1 follows, 43 sequences, length 28
# corresponding to MSA columns:
# 167-194
name=unknown_B
#
# <colnr> <probs for GDERKNQSTAVLIFYWHMCP>
#	G	D	E	R	K	N	Q	S	T	A	V	L	I	F	Y	W	H	M	C	P
0	0.06182	0.13925	0.01702	0.01179	0.01525	0.05981	0.09622	0.13187	0.17183	0.05815	0.06749	0.11373	0.01667	0.00780	0.00547	0.00173	0.00556	0.00662	0.00450	0.00741
1	0.01015	0.00811	0.01081	0.01023	0.01131	0.00949	0.00807	0.09817	0.01205	0.01685	0.07074	0.20705	0.02157	0.02069	0.22756	0.00408	0.17171	0.07167	0.00407	0.00563
2	0.26314	0.09117	0.01479	0.03736	0.10788	0.25754	0.00989	0.03036	0.01271	0.01818	0.01103	0.01646	0.00997	0.00650	0.00479	0.00167	0.00676	0.08999	0.00327	0.00654
3	0.00974	0.00595	0.00782	0.00747	0.00895	0.00542	0.00555	0.01187	0.01442	0.11715	0.47755	0.21499	0.06713	0.01223	0.00653	0.00186	0.00303	0.01082	0.00594	0.00558
4	0.01609	0.01756	0.26280	0.01570	0.07416	0.01237	0.11384	0.16187	0.01587	0.17665	0.06629	0.01614	0.01234	0.00618	0.00566	0.00173	0.00672	0.00538	0.00424	0.00842
5	0.11413	0.57290	0.02428	0.00989	0.01433	0.06512	0.00926	0.10517	0.01307	0.01709	0.00842	0.00949	0.00725	0.00507	0.00386	0.00132	0.00599	0.00324	0.00290	0.00721
6	0.84448	0.01071	0.00814	0.00728	0.01071	0.01242	0.00600	0.01628	0.00943	0.02485	0.00771	0.00900	0.00600	0.00514	0.00343	0.00171	0.00428	0.00300	0.00343	0.00600
7	0.01693	0.01731	0.01530	0.01323	0.01529	0.30880	0.01052	0.10474	0.01415	0.06938	0.01314	0.01498	0.06463	0.00793	0.00988	0.00186	0.28680	0.00493	0.00347	0.00673
8	0.01122	0.00943	0.01020	0.00935	0.01185	0.01031	0.00720	0.02152	0.46634	0.02158	0.19771	0.03082	0.15049	0.00947	0.00599	0.00185	0.00372	0.00802	0.00566	0.00728
9	0.00798	0.00600	0.00760	0.00816	0.00963	0.00563	0.00676	0.01018	0.01326	0.01713	0.17681	0.05564	0.26549	0.01415	0.00709	0.00219	0.00392	0.37210	0.00530	0.00499
10	0.01161	0.01086	0.01500	0.01304	0.01326	0.01486	0.01078	0.01304	0.00888	0.01416	0.00908	0.01380	0.00855	0.01154	0.07004	0.00274	0.64677	0.00496	0.10116	0.00587
11	0.00679	0.00485	0.00647	0.00768	0.00804	0.00453	0.00514	0.00782	0.01081	0.01447	0.06076	0.77057	0.03727	0.01710	0.00705	0.00223	0.00319	0.01551	0.00518	0.00453
12	0.00784	0.00566	0.00740	0.00697	0.00827	0.00523	0.00523	0.01045	0.01568	0.02221	0.76789	0.04137	0.05226	0.01132	0.00653	0.00174	0.00261	0.01002	0.00610	0.00523
13	0.01111	0.01033	0.01725	0.47527	0.25095	0.01172	0.01466	0.01455	0.01207	0.01627	0.09976	0.01760	0.01311	0.00604	0.00564	0.00177	0.00658	0.00553	0.00297	0.00682
14	0.01935	0.01459	0.01539	0.01219	0.01609	0.03966	0.00989	0.64133	0.02389	0.03178	0.01519	0.10653	0.01257	0.00789	0.00570	0.00172	0.00588	0.00622	0.00541	0.00874
15	0.28494	0.01268	0.10300	0.01068	0.01502	0.01098	0.06084	0.07001	0.02517	0.27413	0.06846	0.01583	0.01260	0.00628	0.00498	0.00173	0.00525	0.00493	0.00477	0.00772
16	0.16095	0.00761	0.00897	0.00792	0.01043	0.00730	0.00627	0.01590	0.01404	0.23413	0.30633	0.06851	0.07977	0.00961	0.00578	0.00180	0.00365	0.03888	0.00568	0.00647
17	0.01862	0.01290	0.01691	0.01582	0.14926	0.06525	0.07482	0.15052	0.01609	0.26217	0.01442	0.01474	0.01022	0.00574	0.00534	0.00153	0.00596	0.00491	0.00466	0.15011
18	0.01494	0.01010	0.01318	0.12296	0.06962	0.01028	0.00939	0.09660	0.13490	0.17807	0.16238	0.02112	0.01937	0.00716	0.00558	0.00165	0.00484	0.00608	0.00503	0.10675
19	0.01676	0.01220	0.08219	0.01723	0.21775	0.01051	0.04148	0.02146	0.10916	0.29049	0.10572	0.01958	0.01656	0.00672	0.00568	0.00173	0.00541	0.00592	0.00495	0.00848
20	0.01521	0.12363	0.12704	0.01227	0.01653	0.05658	0.09229	0.13073	0.06337	0.11173	0.05808	0.01793	0.01328	0.10074	0.00801	0.00206	0.00632	0.00543	0.00405	0.03471
21	0.01601	0.03773	0.10722	0.01322	0.01796	0.07637	0.10548	0.27801	0.03858	0.04190	0.06392	0.01489	0.01181	0.00602	0.00536	0.00154	0.00642	0.00502	0.00419	0.14835
22	0.01646	0.01605	0.17778	0.01495	0.08342	0.03446	0.04287	0.13088	0.09279	0.17786	0.01398	0.01466	0.01011	0.00646	0.00694	0.00176	0.09968	0.00497	0.00423	0.04968
23	0.05201	0.01331	0.03869	0.01364	0.01814	0.06051	0.18762	0.07422	0.13595	0.20762	0.01529	0.01557	0.01092	0.00584	0.00546	0.00163	0.00620	0.00527	0.00455	0.12757
24	0.01546	0.01867	0.23145	0.01449	0.01991	0.07142	0.11902	0.19178	0.10818	0.05827	0.01292	0.01384	0.00944	0.00578	0.00544	0.00165	0.00698	0.00488	0.00391	0.08652
25	0.08945	0.01323	0.06916	0.01817	0.22907	0.05513	0.09506	0.03520	0.07065	0.13144	0.03215	0.01586	0.01134	0.00584	0.00524	0.00166	0.00597	0.00515	0.10242	0.00780
26	0.11111	0.02753	0.19813	0.01468	0.07014	0.01197	0.14103	0.06615	0.07528	0.03822	0.03855	0.01750	0.07477	0.00625	0.00535	0.00168	0.00623	0.00546	0.00362	0.08636
27	0.18102	0.01499	0.06691	0.01221	0.01605	0.13190	0.08704	0.12155	0.11155	0.09004	0.01439	0.08220	0.01182	0.00690	0.00523	0.00173	0.00617	0.00559	0.00424	0.02848

[dist]
# distance from previous block
# <min> <max>
0	48

[block]
# block no. 2 follows, 43 sequences, length 19
# corresponding to MSA columns:
# 243-261
name=unknown_C
#
# <colnr> <probs for GDERKNQSTAVLIFYWHMCP>
#	G	D	E	R	K	N	Q	S	T	A	V	L	I	F	Y	W	H	M	C	P
0	0.10613	0.05436	0.03061	0.01159	0.01515	0.11562	0.10217	0.05664	0.03710	0.19351	0.01486	0.01927	0.01216	0.11277	0.00830	0.00215	0.00624	0.04161	0.00423	0.05554
1	0.07190	0.01186	0.01246	0.00990	0.01395	0.05157	0.00793	0.15271	0.14284	0.12433	0.02745	0.01638	0.04386	0.00621	0.00497	0.00143	0.00484	0.00487	0.00469	0.28587
2	0.22715	0.01426	0.01269	0.01069	0.01372	0.19050	0.04489	0.14442	0.01435	0.09991	0.01235	0.01638	0.01042	0.15488	0.00915	0.00233	0.00642	0.00486	0.00398	0.00663
3	0.12446	0.04775	0.14799	0.01089	0.01512	0.08048	0.01012	0.11084	0.08643	0.06837	0.09666	0.01638	0.01410	0.00812	0.04399	0.00195	0.00614	0.00493	0.00409	0.10119
4	0.13126	0.01585	0.01690	0.01370	0.01706	0.22151	0.14102	0.01908	0.07811	0.05520	0.01077	0.01261	0.00854	0.00604	0.00697	0.00167	0.12342	0.00450	0.00336	0.11243
5	0.01529	0.01079	0.01352	0.01120	0.01440	0.05458	0.07792	0.14138	0.05458	0.17325	0.08051	0.15852	0.02024	0.00914	0.00598	0.00178	0.00521	0.06092	0.00513	0.08565
6	0.16776	0.01575	0.01242	0.01094	0.01406	0.27771	0.00856	0.07897	0.07515	0.01890	0.01187	0.01512	0.01006	0.01008	0.09170	0.00234	0.00761	0.04057	0.00360	0.12684
7	0.08782	0.12342	0.05894	0.01047	0.01389	0.16447	0.03587	0.01641	0.01333	0.07482	0.17024	0.01976	0.05734	0.00713	0.00557	0.00154	0.03498	0.00551	0.00393	0.09457
8	0.10024	0.00866	0.00855	0.00792	0.00957	0.07606	0.00565	0.01157	0.00996	0.01450	0.01543	0.06780	0.01632	0.34002	0.10139	0.00392	0.00638	0.04874	0.00346	0.14386
9	0.20853	0.01394	0.01289	0.01090	0.01409	0.15817	0.04093	0.15720	0.09263	0.03915	0.01220	0.04304	0.01001	0.00777	0.00676	0.09508	0.00596	0.00475	0.00394	0.06205
10	0.15164	0.18528	0.04421	0.01089	0.01502	0.09249	0.07006	0.01749	0.01233	0.10835	0.01256	0.01705	0.01069	0.00621	0.00477	0.00152	0.00590	0.08280	0.00362	0.14711
11	0.01532	0.38796	0.10647	0.01148	0.01553	0.25564	0.01061	0.01742	0.01261	0.01382	0.01077	0.09805	0.01040	0.00651	0.00459	0.00144	0.00714	0.00470	0.00283	0.00672
12	0.01138	0.00870	0.01039	0.00814	0.01184	0.00703	0.00635	0.01393	0.03171	0.06448	0.09785	0.05879	0.01687	0.06546	0.00656	0.00148	0.00407	0.03212	0.00404	0.53882
13	0.00763	0.00544	0.00659	0.00716	0.00775	0.00521	0.00494	0.00855	0.01024	0.01330	0.02879	0.24832	0.13792	0.33758	0.01570	0.00352	0.00436	0.13844	0.00441	0.00417
14	0.01281	0.00912	0.01178	0.01007	0.01250	0.03684	0.07842	0.13255	0.01553	0.10046	0.20027	0.16962	0.04673	0.01004	0.00606	0.00180	0.00452	0.03636	0.09806	0.00644
15	0.01451	0.01315	0.02633	0.01913	0.02401	0.01233	0.52919	0.05076	0.01433	0.12657	0.09728	0.01837	0.01410	0.00581	0.00635	0.00182	0.00779	0.00672	0.00387	0.00758
16	0.01094	0.00791	0.01023	0.01057	0.01236	0.00824	0.00910	0.13734	0.01482	0.01950	0.02588	0.05208	0.02716	0.01514	0.04597	0.00272	0.00575	0.57341	0.00507	0.00583
17	0.00824	0.00554	0.00703	0.00781	0.00848	0.00545	0.00580	0.00966	0.01075	0.01476	0.02515	0.25440	0.02800	0.23089	0.01268	0.00310	0.00437	0.25603	0.09740	0.00446
18	0.01191	0.01333	0.10020	0.01352	0.01668	0.11876	0.16748	0.01481	0.01283	0.04952	0.02128	0.18159	0.04886	0.01053	0.00652	0.00203	0.00657	0.19330	0.00407	0.00619

[dist]
# distance from previous block
# <min> <max>
2	33

[block]
# block no. 3 follows, 43 sequences, length 46
# corresponding to MSA columns:
# 302-347
name=unknown_D
#
# <colnr> <probs for GDERKNQSTAVLIFYWHMCP>
#	G	D	E	R	K	N	Q	S	T	A	V	L	I	F	Y	W	H	M	C	P
0	0.18326	0.01225	0.01080	0.00959	0.01248	0.16295	0.00753	0.01743	0.04650	0.12063	0.04509	0.02283	0.01492	0.08981	0.00748	0.00204	0.00562	0.10445	0.00419	0.12016
1	0.23995	0.09148	0.01233	0.00903	0.01247	0.13131	0.00726	0.01593	0.01155	0.05230	0.01173	0.04626	0.01073	0.06161	0.00604	0.00170	0.00538	0.04107	0.00350	0.22836
2	0.16925	0.21743	0.23772	0.01092	0.01583	0.07108	0.01136	0.01705	0.01140	0.06767	0.01032	0.01302	0.00853	0.07673	0.00649	0.00186	0.00637	0.00399	0.00302	0.03996
3	0.08303	0.00644	0.00750	0.00793	0.00901	0.00657	0.00588	0.01110	0.06101	0.01578	0.05504	0.21102	0.07472	0.22375	0.01234	0.00304	0.00438	0.19206	0.00457	0.00481
4	0.16484	0.08024	0.01505	0.01241	0.01549	0.51672	0.00968	0.05329	0.01458	0.01663	0.00961	0.01254	0.00829	0.00606	0.00477	0.00153	0.00826	0.04040	0.00315	0.00647
5	0.14346	0.00932	0.01143	0.22092	0.01866	0.00910	0.00850	0.01344	0.01122	0.01759	0.01674	0.01852	0.12660	0.00621	0.00477	0.00141	0.00482	0.00500	0.00337	0.34891
6	0.01302	0.26870	0.08510	0.01259	0.01773	0.01433	0.16204	0.01702	0.06742	0.01671	0.01039	0.01206	0.00844	0.00477	0.00464	0.00131	0.00612	0.00414	0.00299	0.27048
7	0.01637	0.17116	0.11013	0.01264	0.01731	0.01576	0.06585	0.21716	0.21688	0.07927	0.01476	0.01475	0.01093	0.00621	0.00522	0.00166	0.00599	0.00498	0.00445	0.00850
8	0.01106	0.00640	0.00815	0.00814	0.00989	0.00583	0.00636	0.01272	0.01257	0.17133	0.03400	0.21276	0.21405	0.06669	0.00819	0.00233	0.00404	0.19448	0.00536	0.00563
9	0.01712	0.01149	0.01256	0.01108	0.01409	0.07933	0.00914	0.21813	0.04353	0.20171	0.02115	0.06994	0.01895	0.00991	0.00624	0.00197	0.00559	0.23507	0.00546	0.00752
10	0.01867	0.01576	0.11461	0.01508	0.02023	0.01401	0.18943	0.33443	0.01903	0.18092	0.01413	0.01464	0.00976	0.00604	0.00575	0.00173	0.00685	0.00537	0.00475	0.00880
11	0.00708	0.00513	0.00676	0.00795	0.00854	0.00481	0.00568	0.00833	0.01110	0.01459	0.03223	0.62808	0.09025	0.01678	0.00712	0.00227	0.00348	0.13008	0.00513	0.00461
12	0.00777	0.00554	0.00753	0.00876	0.00949	0.00537	0.00676	0.00941	0.01146	0.01509	0.02946	0.44018	0.03384	0.04791	0.00817	0.00251	0.00414	0.33681	0.00505	0.00472
13	0.01848	0.02284	0.02066	0.01688	0.02057	0.54375	0.22622	0.03549	0.01514	0.01520	0.00943	0.01150	0.00755	0.00542	0.00545	0.00156	0.00972	0.00446	0.00289	0.00679
14	0.02034	0.01927	0.01595	0.01319	0.01693	0.30154	0.01045	0.42341	0.08072	0.02604	0.01227	0.01265	0.00917	0.00637	0.00534	0.00159	0.00740	0.00456	0.00455	0.00825
15	0.01148	0.00984	0.01148	0.00820	0.01312	0.00738	0.00656	0.01395	0.01148	0.01805	0.00984	0.01148	0.00820	0.00410	0.00410	0.00082	0.00410	0.00328	0.00328	0.83922
16	0.00750	0.00543	0.00686	0.00746	0.00828	0.00511	0.00540	0.00893	0.01172	0.01553	0.15957	0.31822	0.13454	0.14135	0.01038	0.00266	0.00373	0.13775	0.00501	0.00457
17	0.01363	0.00683	0.00868	0.00776	0.00965	0.00622	0.00571	0.01500	0.01247	0.27758	0.10899	0.09953	0.09307	0.26178	0.01314	0.00297	0.00439	0.04135	0.00528	0.00597
18	0.01236	0.01355	0.02831	0.23249	0.03145	0.01354	0.55063	0.01676	0.01253	0.01676	0.01083	0.01489	0.00813	0.00490	0.00626	0.00186	0.00881	0.00610	0.00271	0.00711
19	0.01484	0.05009	0.20691	0.01809	0.02396	0.01491	0.34426	0.21752	0.01620	0.02217	0.01133	0.01347	0.00829	0.00535	0.00584	0.00176	0.00804	0.00538	0.00342	0.00816
20	0.01459	0.00885	0.01081	0.00980	0.01234	0.00894	0.00781	0.13244	0.11370	0.19750	0.07225	0.19151	0.04593	0.01108	0.00634	0.00199	0.00445	0.13680	0.00572	0.00714
21	0.00815	0.00595	0.00793	0.00891	0.01011	0.00574	0.00736	0.01027	0.01257	0.01632	0.08449	0.18566	0.13720	0.01519	0.00732	0.00235	0.00428	0.46007	0.00518	0.00495
22	0.01655	0.05263	0.11294	0.01696	0.02149	0.34361	0.25534	0.02044	0.05393	0.03804	0.01070	0.01261	0.00825	0.00540	0.00553	0.00163	0.00894	0.00479	0.00302	0.00722
23	0.01433	0.02154	0.34556	0.07426	0.02406	0.08030	0.16757	0.16843	0.01522	0.02055	0.01076	0.01277	0.00783	0.00548	0.00558	0.00174	0.00809	0.00480	0.00314	0.00799
24	0.00668	0.00508	0.00616	0.00702	0.00785	0.00456	0.00483	0.00779	0.01127	0.01441	0.03892	0.55599	0.27697	0.01626	0.00690	0.00212	0.00308	0.01441	0.00514	0.00456
25	0.02025	0.01282	0.01455	0.01153	0.01547	0.01360	0.00947	0.45941	0.05910	0.21096	0.01713	0.01938	0.01284	0.03791	0.00657	0.00189	0.00558	0.05695	0.00575	0.00885
26	0.01786	0.02038	0.02143	0.04677	0.02180	0.38664	0.25305	0.13027	0.01622	0.01816	0.01019	0.01229	0.00790	0.00550	0.00560	0.00162	0.00909	0.00480	0.00323	0.00720
27	0.02069	0.02640	0.01569	0.01427	0.01712	0.78313	0.01070	0.02212	0.01569	0.01355	0.00856	0.00999	0.00713	0.00571	0.00499	0.00143	0.00999	0.00357	0.00285	0.00642
28	0.01148	0.00984	0.01148	0.00820	0.01312	0.00738	0.00656	0.01395	0.01148	0.01805	0.00984	0.01148	0.00820	0.00410	0.00410	0.00082	0.00410	0.00328	0.00328	0.83922
29	0.01211	0.02167	0.39778	0.01963	0.02650	0.01344	0.39234	0.01764	0.01240	0.01764	0.01058	0.01335	0.00772	0.00496	0.00591	0.00181	0.00877	0.00534	0.00257	0.00782
30	0.00801	0.00573	0.00784	0.00891	0.00984	0.00556	0.00711	0.00999	0.01232	0.01637	0.11816	0.32784	0.03604	0.01557	0.00731	0.00234	0.00412	0.38683	0.00523	0.00490
31	0.00725	0.00509	0.00648	0.00717	0.00757	0.00483	0.00470	0.00823	0.01075	0.01454	0.14259	0.48910	0.03490	0.21577	0.01233	0.00296	0.00366	0.01290	0.00484	0.00432
32	0.01254	0.01054	0.01611	0.50406	0.10459	0.01236	0.01369	0.01840	0.15781	0.07490	0.01330	0.01613	0.00987	0.00596	0.00555	0.00182	0.00651	0.00523	0.00345	0.00718
33	0.01985	0.07522	0.03960	0.01303	0.01675	0.37858	0.01055	0.23297	0.07407	0.06969	0.01181	0.01229	0.00894	0.00611	0.00515	0.00154	0.00777	0.00428	0.00405	0.00776
34	0.00689	0.00536	0.00630	0.00690	0.00808	0.00478	0.00503	0.00827	0.01197	0.01510	0.07594	0.35117	0.38152	0.01534	0.00685	0.00207	0.00316	0.07542	0.00518	0.00467
35	0.00762	0.00552	0.00719	0.00747	0.00851	0.00516	0.00557	0.00964	0.01355	0.01856	0.41141	0.24239	0.08966	0.03773	0.00748	0.00210	0.00319	0.10673	0.00557	0.00493
36	0.06409	0.01981	0.32003	0.06711	0.02197	0.01451	0.09195	0.24629	0.01595	0.02294	0.01082	0.01260	0.00789	0.00591	0.00616	0.00178	0.05398	0.00466	0.00346	0.00810
37	0.02090	0.02019	0.01622	0.01340	0.01715	0.34646	0.01060	0.43842	0.02159	0.02573	0.01126	0.01187	0.00844	0.00624	0.00531	0.00156	0.00777	0.00438	0.00439	0.00813
38	0.01870	0.02112	0.01454	0.01283	0.01572	0.52051	0.00980	0.15218	0.01756	0.01879	0.13068	0.01560	0.01475	0.00677	0.00534	0.00152	0.00811	0.00485	0.00386	0.00677
39	0.01220	0.01026	0.01187	0.00854	0.01343	0.00811	0.00686	0.06880	0.01257	0.01930	0.01010	0.01162	0.00829	0.00429	0.00421	0.00088	0.00425	0.00341	0.00345	0.77757
40	0.00981	0.00629	0.00815	0.00866	0.01003	0.00602	0.00674	0.01218	0.04997	0.09839	0.03128	0.32946	0.11299	0.03647	0.00755	0.00231	0.00407	0.24889	0.00529	0.00544
41	0.00711	0.00502	0.00655	0.00763	0.00798	0.00477	0.00514	0.00804	0.01036	0.01379	0.02839	0.62705	0.03370	0.14050	0.01042	0.00276	0.00369	0.06787	0.00486	0.00436
42	0.01322	0.01212	0.01922	0.45367	0.03093	0.06409	0.16534	0.01771	0.06792	0.08350	0.01205	0.01528	0.00885	0.00563	0.00572	0.00181	0.00750	0.00532	0.00319	0.00693
43	0.01434	0.01547	0.01732	0.01320	0.01771	0.21991	0.17222	0.01701	0.01298	0.01676	0.00980	0.01184	0.00796	0.00466	0.00488	0.00122	0.00686	0.00408	0.00306	0.42873
44	0.00990	0.00763	0.00951	0.01010	0.01173	0.00809	0.00829	0.01577	0.21595	0.01799	0.02767	0.16677	0.02855	0.01350	0.00701	0.00232	0.00461	0.42335	0.00525	0.00600
45	0.00952	0.00688	0.00838	0.00857	0.00969	0.00705	0.00641	0.07703	0.06252	0.01687	0.07296	0.21974	0.02812	0.22918	0.01271	0.00307	0.00461	0.20680	0.00478	0.00512

[dist]
# distance from previous block
# <min> <max>
0	3

[block]
# block no. 4 follows, 43 sequences, length 34
# corresponding to MSA columns:
# 351-363,372-383,404-412
name=unknown_E
#
# <colnr> <probs for GDERKNQSTAVLIFYWHMCP>
#	G	D	E	R	K	N	Q	S	T	A	V	L	I	F	Y	W	H	M	C	P
0	0.01160	0.01020	0.01298	0.00927	0.01424	0.00785	0.05909	0.01421	0.01160	0.01803	0.00994	0.01173	0.00822	0.00414	0.00427	0.00089	0.00447	0.00351	0.00325	0.78051
1	0.00822	0.00598	0.00804	0.00917	0.01033	0.00581	0.00763	0.01032	0.01232	0.01591	0.03273	0.20534	0.12019	0.01555	0.00741	0.00241	0.00446	0.50813	0.00511	0.00493
2	0.00815	0.00577	0.00776	0.00885	0.00965	0.00567	0.00698	0.00986	0.01142	0.01498	0.02790	0.27592	0.03151	0.13418	0.01055	0.00288	0.00459	0.41387	0.00485	0.00466
3	0.04914	0.11179	0.02653	0.01830	0.02310	0.15119	0.42197	0.09683	0.01456	0.01856	0.01040	0.01292	0.00804	0.00509	0.00567	0.00168	0.00849	0.00527	0.00308	0.00739
4	0.12214	0.01416	0.04133	0.01478	0.01949	0.09749	0.29139	0.01658	0.01221	0.01813	0.01011	0.01266	0.00803	0.00592	0.03122	0.00170	0.00726	0.00463	0.00303	0.26773
5	0.00823	0.00602	0.00795	0.00846	0.00982	0.00575	0.00700	0.01065	0.01376	0.01835	0.29272	0.05384	0.13558	0.01373	0.00711	0.00218	0.00392	0.38435	0.00546	0.00509
6	0.00695	0.00500	0.00663	0.00787	0.00834	0.00469	0.00547	0.00808	0.01089	0.01440	0.03144	0.70099	0.06553	0.01702	0.00710	0.00226	0.00338	0.08427	0.00514	0.00456
7	0.01588	0.31203	0.23358	0.01284	0.01798	0.23580	0.01297	0.07002	0.01368	0.01598	0.00896	0.01029	0.00725	0.00529	0.00458	0.00145	0.00773	0.00359	0.00272	0.00738
8	0.02069	0.02640	0.01569	0.01427	0.01712	0.78313	0.01070	0.02212	0.01569	0.01355	0.00856	0.00999	0.00713	0.00571	0.00499	0.00143	0.00999	0.00357	0.00285	0.00642
9	0.01148	0.00984	0.01148	0.00820	0.01312	0.00738	0.00656	0.01395	0.01148	0.01805	0.00984	0.01148	0.00820	0.00410	0.00410	0.00082	0.00410	0.00328	0.00328	0.83922
10	0.01411	0.02794	0.53821	0.01531	0.02182	0.25423	0.01740	0.01897	0.01295	0.01629	0.00951	0.01116	0.00705	0.00540	0.00518	0.00165	0.00875	0.00393	0.00250	0.00763
11	0.00774	0.00582	0.00827	0.11094	0.01262	0.00595	0.00720	0.00935	0.01101	0.01452	0.02706	0.51493	0.03117	0.04582	0.00781	0.00238	0.00424	0.16367	0.00471	0.00480
12	0.00740	0.00529	0.00716	0.00838	0.00900	0.00505	0.00620	0.00888	0.01141	0.01515	0.06088	0.56373	0.03595	0.01653	0.00721	0.00231	0.00371	0.21587	0.00517	0.00470
13	0.01046	0.00984	0.01661	0.79205	0.03814	0.01230	0.01538	0.01415	0.01107	0.01415	0.00984	0.01477	0.00738	0.00554	0.00554	0.00185	0.00738	0.00492	0.00246	0.00615
14	0.01410	0.01640	0.25165	0.01248	0.01703	0.03725	0.01257	0.06993	0.19817	0.11897	0.01883	0.02548	0.01568	0.00823	0.00590	0.00193	0.00607	0.15694	0.00455	0.00787
15	0.00825	0.00578	0.00758	0.00842	0.00915	0.00571	0.00648	0.00978	0.01111	0.01466	0.05544	0.18172	0.03005	0.24827	0.01356	0.00330	0.00475	0.36689	0.00463	0.00449
16	0.00810	0.00571	0.00762	0.00866	0.00940	0.00561	0.00672	0.00968	0.01121	0.01473	0.02745	0.28281	0.03110	0.16526	0.01135	0.00299	0.00458	0.37766	0.00478	0.00459
17	0.01511	0.01643	0.01627	0.44085	0.02866	0.29794	0.01325	0.07714	0.01400	0.01562	0.00965	0.01288	0.00746	0.00569	0.00534	0.00168	0.00824	0.00443	0.00286	0.00652
18	0.01148	0.00984	0.01148	0.00820	0.01312	0.00738	0.00656	0.01395	0.01148	0.01805	0.00984	0.01148	0.00820	0.00410	0.00410	0.00082	0.00410	0.00328	0.00328	0.83922
19	0.18431	0.01875	0.28194	0.01744	0.02347	0.01329	0.34708	0.01737	0.01185	0.01914	0.01005	0.01260	0.00743	0.00497	0.00546	0.00180	0.00790	0.00497	0.00277	0.00741
20	0.00808	0.00587	0.00767	0.00840	0.00952	0.00564	0.00674	0.01005	0.01247	0.01635	0.14240	0.15105	0.13405	0.08652	0.00912	0.00255	0.00420	0.36939	0.00510	0.00483
21	0.00719	0.00533	0.00680	0.00774	0.00862	0.00494	0.00571	0.00863	0.01167	0.01513	0.06602	0.46527	0.18891	0.01600	0.00705	0.00221	0.00348	0.15942	0.00517	0.00469
22	0.01300	0.01479	0.03222	0.04512	0.02921	0.01396	0.72987	0.01764	0.01302	0.01764	0.01117	0.01493	0.00837	0.00469	0.00651	0.00187	0.00928	0.00649	0.00279	0.00743
23	0.02338	0.01054	0.01342	0.01034	0.01454	0.00991	0.00852	0.17755	0.01797	0.59047	0.04977	0.01859	0.01435	0.00699	0.00560	0.00170	0.00492	0.00562	0.00655	0.00926
24	0.46994	0.01082	0.00989	0.00842	0.01170	0.01203	0.00685	0.19363	0.01449	0.02610	0.10429	0.01785	0.08013	0.00704	0.00459	0.00172	0.00439	0.00509	0.00441	0.00662
25	0.00728	0.00516	0.00687	0.00804	0.00851	0.00493	0.00570	0.00846	0.01078	0.01430	0.02914	0.59346	0.03426	0.08700	0.00906	0.00258	0.00376	0.15124	0.00497	0.00451
26	0.01398	0.01631	0.03065	0.02226	0.02753	0.10599	0.66219	0.01826	0.01339	0.01724	0.01089	0.01435	0.00825	0.00479	0.00635	0.00181	0.00941	0.00618	0.00281	0.00734
27	0.08372	0.00741	0.00840	0.00842	0.01021	0.00748	0.00674	0.09891	0.01338	0.01831	0.03159	0.11778	0.22062	0.08494	0.00854	0.00242	0.00438	0.25650	0.00486	0.00537
28	0.01367	0.02062	0.25715	0.04626	0.02115	0.17477	0.12764	0.01719	0.01179	0.01540	0.00908	0.01207	0.00734	0.00654	0.00911	0.00190	0.23415	0.00461	0.00255	0.00702
29	0.01646	0.01883	0.02360	0.01823	0.02254	0.29081	0.36436	0.07422	0.08142	0.01798	0.01141	0.01355	0.00878	0.00544	0.00583	0.00169	0.00889	0.00533	0.00327	0.00735
30	0.02107	0.00990	0.01262	0.01022	0.01400	0.00944	0.00839	0.09472	0.10936	0.51561	0.05251	0.02313	0.01681	0.00781	0.00579	0.00180	0.00475	0.06686	0.00640	0.00881
31	0.01061	0.01000	0.00945	0.01017	0.01143	0.16765	0.00795	0.01236	0.01260	0.01508	0.02542	0.31367	0.02840	0.01403	0.00689	0.00221	0.00545	0.32683	0.00465	0.00516
32	0.01743	0.01891	0.02361	0.01815	0.02251	0.31166	0.36431	0.05366	0.01492	0.08417	0.01122	0.01329	0.00843	0.00536	0.00581	0.00167	0.00903	0.00523	0.00331	0.00733
33	0.04925	0.01604	0.04093	0.04657	0.02004	0.21990	0.22936	0.07884	0.01452	0.01792	0.01478	0.02453	0.01360	0.00774	0.00610	0.00188	0.00790	0.17982	0.00360	0.00669

[dist]
# distance from previous block
# <min> <max>
27	199

[block]
# block no. 5 follows, 43 sequences, length 52
# corresponding to MSA columns:
# 623-674
name=unknown_F
#
# <colnr> <probs for GDERKNQSTAVLIFYWHMCP>
#	G	D	E	R	K	N	Q	S	T	A	V	L	I	F	Y	W	H	M	C	P
0	0.01650	0.01755	0.02540	0.01168	0.01494	0.37154	0.00920	0.04905	0.04329	0.05855	0.06545	0.01884	0.01383	0.00689	0.00526	0.00148	0.00705	0.07774	0.00382	0.18194
1	0.01242	0.00897	0.01216	0.00974	0.01285	0.00836	0.07202	0.11095	0.01535	0.10026	0.27770	0.02683	0.07858	0.01059	0.06011	0.00207	0.00503	0.00714	0.00500	0.16385
2	0.04444	0.01231	0.01221	0.01060	0.01374	0.11238	0.00836	0.06522	0.28483	0.18042	0.12240	0.02247	0.01945	0.00778	0.00563	0.00175	0.00506	0.03707	0.00543	0.02845
3	0.01591	0.65807	0.02616	0.00979	0.01439	0.02012	0.00939	0.06030	0.05140	0.07554	0.00992	0.01054	0.00828	0.00516	0.00394	0.00129	0.00576	0.00346	0.00308	0.00751
4	0.06417	0.01585	0.01329	0.01146	0.01493	0.24001	0.00890	0.06160	0.30356	0.06427	0.01514	0.01498	0.01151	0.00625	0.00508	0.00156	0.00610	0.00473	0.00440	0.13221
5	0.01209	0.01127	0.01674	0.67038	0.03499	0.07359	0.03283	0.01554	0.01174	0.05369	0.01040	0.01460	0.00772	0.00560	0.00552	0.00181	0.00750	0.00489	0.00273	0.00638
6	0.01212	0.01032	0.01261	0.00918	0.01394	0.00831	0.03858	0.07011	0.01263	0.01918	0.01086	0.03849	0.00927	0.00477	0.00442	0.00098	0.00445	0.00397	0.00350	0.71232
7	0.01267	0.00992	0.01165	0.00849	0.01327	0.00778	0.00680	0.01579	0.05075	0.07864	0.01146	0.01255	0.00909	0.00450	0.00430	0.00095	0.00416	0.00362	0.00369	0.72993
8	0.01284	0.02394	0.56564	0.01449	0.02162	0.01241	0.03043	0.06069	0.05172	0.07176	0.01163	0.01279	0.00825	0.00547	0.00525	0.00168	0.00732	0.00434	0.00309	0.07462
9	0.01153	0.06208	0.64493	0.01650	0.02418	0.01342	0.11612	0.01752	0.01185	0.01736	0.01000	0.01199	0.00720	0.00516	0.00535	0.00174	0.00823	0.00436	0.00240	0.00804
10	0.01016	0.00924	0.01520	0.56107	0.09620	0.01092	0.01370	0.01340	0.01135	0.01473	0.01467	0.09616	0.02870	0.00771	0.00590	0.00193	0.00660	0.07324	0.00305	0.00609
11	0.00796	0.00573	0.00785	0.00785	0.00847	0.00635	0.00561	0.00921	0.00859	0.01208	0.01580	0.02710	0.01616	0.32319	0.50493	0.00760	0.01134	0.00672	0.00311	0.00436
12	0.02436	0.01021	0.01334	0.01023	0.01453	0.00931	0.00845	0.12064	0.01717	0.67915	0.02075	0.01813	0.01316	0.00683	0.00557	0.00171	0.00489	0.00549	0.00669	0.00942
13	0.01654	0.01261	0.01402	0.07231	0.01664	0.01414	0.00950	0.34739	0.27544	0.05102	0.01690	0.01844	0.01305	0.08729	0.00785	0.00213	0.00549	0.00575	0.00516	0.00833
14	0.01307	0.01494	0.03268	0.02334	0.02894	0.01401	0.75070	0.01774	0.01307	0.01774	0.01120	0.01494	0.00840	0.00467	0.00654	0.00187	0.00934	0.00654	0.00280	0.00747
15	0.00675	0.00482	0.00643	0.00771	0.00803	0.00450	0.00514	0.00771	0.01060	0.01414	0.03053	0.80175	0.03663	0.01735	0.00707	0.00225	0.00321	0.01574	0.00514	0.00450
16	0.01324	0.01399	0.09277	0.01619	0.02058	0.01247	0.32167	0.16504	0.05846	0.02157	0.09627	0.10939	0.01701	0.00749	0.00622	0.00185	0.00685	0.00743	0.00410	0.00742
17	0.01908	0.01462	0.01898	0.01440	0.01891	0.01560	0.15011	0.49001	0.09686	0.08215	0.01443	0.01474	0.01028	0.00638	0.00574	0.00173	0.00644	0.00545	0.00512	0.00898
18	0.00675	0.00482	0.00643	0.00771	0.00803	0.00450	0.00514	0.00771	0.01060	0.01414	0.03053	0.80175	0.03663	0.01735	0.00707	0.00225	0.00321	0.01574	0.00514	0.00450
19	0.01327	0.01294	0.02525	0.22300	0.02900	0.01313	0.43859	0.01851	0.08058	0.07017	0.01262	0.01569	0.00928	0.00531	0.00612	0.00185	0.00805	0.00602	0.00325	0.00738
20	0.01214	0.24688	0.56750	0.01402	0.02124	0.01539	0.01739	0.01727	0.01157	0.01628	0.00931	0.01091	0.00704	0.00512	0.00478	0.00159	0.00755	0.00378	0.00235	0.00788
21	0.00892	0.00637	0.00892	0.01020	0.01147	0.00637	0.00892	0.01147	0.01275	0.01657	0.02932	0.06247	0.03187	0.01530	0.00765	0.00255	0.00510	0.73354	0.00510	0.00510
22	0.84448	0.01071	0.00814	0.00728	0.01071	0.01242	0.00600	0.01628	0.00943	0.02485	0.00771	0.00900	0.00600	0.00514	0.00343	0.00171	0.00428	0.00300	0.00343	0.00600
23	0.00805	0.00537	0.00604	0.00604	0.00604	0.00537	0.00336	0.00805	0.00805	0.01074	0.01745	0.03624	0.02013	0.80536	0.02819	0.00537	0.00537	0.00805	0.00336	0.00336
24	0.00877	0.00735	0.00765	0.00730	0.00945	0.00719	0.00554	0.04618	0.17403	0.01757	0.04514	0.09733	0.52089	0.01253	0.00634	0.00189	0.00332	0.01050	0.00527	0.00576
25	0.01565	0.69653	0.02711	0.01016	0.01463	0.13106	0.00965	0.01738	0.01189	0.01311	0.00782	0.00904	0.00711	0.00488	0.00376	0.00122	0.00651	0.00305	0.00244	0.00701
26	0.01453	0.01563	0.01643	0.30485	0.02512	0.24067	0.06503	0.02072	0.20669	0.01657	0.01285	0.01489	0.00985	0.00604	0.00547	0.00173	0.00752	0.00498	0.00342	0.00700
27	0.01581	0.51552	0.17445	0.01079	0.01614	0.01773	0.01142	0.01858	0.01214	0.14592	0.01060	0.01117	0.00823	0.00521	0.00424	0.00139	0.00616	0.00364	0.00314	0.00772
28	0.02269	0.01162	0.09044	0.01214	0.06799	0.00897	0.01000	0.02534	0.01521	0.64556	0.01985	0.01777	0.01269	0.00656	0.00553	0.00171	0.00519	0.00538	0.00611	0.00925
29	0.02074	0.02496	0.01582	0.01407	0.01713	0.68227	0.01068	0.11827	0.01706	0.01637	0.00918	0.01042	0.00743	0.00583	0.00507	0.00146	0.00947	0.00375	0.00321	0.00682
30	0.00661	0.00537	0.00586	0.00625	0.00765	0.00462	0.00449	0.00788	0.01201	0.01471	0.04835	0.28027	0.54661	0.01503	0.00670	0.00199	0.00293	0.01292	0.00514	0.00462
31	0.01655	0.01525	0.08997	0.01737	0.02256	0.01376	0.35275	0.19061	0.06861	0.13419	0.01395	0.01525	0.00990	0.00570	0.00599	0.00179	0.00745	0.00580	0.00420	0.00837
32	0.02314	0.00905	0.01230	0.00956	0.01355	0.00785	0.00785	0.02533	0.01583	0.69888	0.09697	0.02112	0.01759	0.00730	0.00567	0.00172	0.00450	0.00602	0.00678	0.00900
33	0.00675	0.00482	0.00643	0.00771	0.00803	0.00450	0.00514	0.00771	0.01060	0.01414	0.03053	0.80175	0.03663	0.01735	0.00707	0.00225	0.00321	0.01574	0.00514	0.00450
34	0.01338	0.01516	0.02564	0.01909	0.02362	0.12490	0.50547	0.01767	0.04553	0.01749	0.06871	0.01904	0.06483	0.00607	0.00627	0.00179	0.00828	0.00670	0.00333	0.00702
35	0.01392	0.02294	0.52595	0.01491	0.02178	0.01219	0.06971	0.06724	0.01336	0.13799	0.01284	0.04053	0.00936	0.00598	0.00548	0.00177	0.00741	0.00496	0.00339	0.00828
36	0.01539	0.01220	0.01309	0.01130	0.01465	0.01380	0.00892	0.16484	0.55678	0.05929	0.05258	0.02008	0.01686	0.00748	0.00565	0.00182	0.00465	0.00615	0.00569	0.00877
37	0.62424	0.05942	0.01092	0.00888	0.01226	0.17484	0.00718	0.01752	0.01085	0.02180	0.00789	0.00920	0.00630	0.00524	0.00376	0.00162	0.00558	0.00312	0.00325	0.00615
38	0.84448	0.01071	0.00814	0.00728	0.01071	0.01242	0.00600	0.01628	0.00943	0.02485	0.00771	0.00900	0.00600	0.00514	0.00343	0.00171	0.00428	0.00300	0.00343	0.00600
39	0.01481	0.80869	0.02902	0.00948	0.01421	0.02191	0.00948	0.01658	0.01125	0.01303	0.00770	0.00888	0.00711	0.00474	0.00355	0.00118	0.00592	0.00296	0.00237	0.00711
40	0.00724	0.00558	0.00661	0.00647	0.00794	0.00495	0.00481	0.00925	0.01409	0.01872	0.42871	0.09931	0.34067	0.01284	0.00658	0.00183	0.00273	0.01109	0.00564	0.00495
41	0.02078	0.02356	0.01594	0.01387	0.01714	0.58377	0.01066	0.21218	0.01839	0.01911	0.00979	0.01085	0.00773	0.00595	0.00514	0.00149	0.00897	0.00394	0.00355	0.00720
42	0.02326	0.01187	0.03979	0.01091	0.01537	0.01097	0.00926	0.24109	0.01872	0.53038	0.01892	0.01697	0.01221	0.00674	0.00555	0.00170	0.00524	0.00535	0.00631	0.00938
43	0.02407	0.00960	0.01283	0.00995	0.01416	0.00853	0.00818	0.02716	0.06789	0.72215	0.02190	0.01898	0.01393	0.00690	0.00557	0.00173	0.00469	0.00562	0.00677	0.00938
44	0.00702	0.00563	0.00627	0.00611	0.00777	0.00488	0.00458	0.00886	0.01374	0.01761	0.31624	0.04894	0.50678	0.01304	0.00654	0.00182	0.00273	0.01108	0.00549	0.00488
45	0.01747	0.01508	0.01392	0.01198	0.01541	0.15933	0.00940	0.16298	0.41338	0.09335	0.01811	0.01710	0.01336	0.00695	0.00549	0.00174	0.00579	0.00545	0.00520	0.00851
46	0.01089	0.01028	0.01738	0.69224	0.13462	0.01242	0.01559	0.01453	0.01128	0.01467	0.00992	0.01463	0.00757	0.00546	0.00553	0.00182	0.00728	0.00492	0.00250	0.00650
47	0.00675	0.00482	0.00643	0.00771	0.00803	0.00450	0.00514	0.00771	0.01060	0.01414	0.03053	0.80175	0.03663	0.01735	0.00707	0.00225	0.00321	0.01574	0.00514	0.00450
48	0.00675	0.00482	0.00643	0.00771	0.00803	0.00450	0.00514	0.00771	0.01060	0.01414	0.03053	0.80175	0.03663	0.01735	0.00707	0.00225	0.00321	0.01574	0.00514	0.00450
49	0.01264	0.02829	0.65523	0.01554	0.02288	0.13579	0.01890	0.01827	0.01233	0.01690	0.00972	0.01142	0.00703	0.00533	0.00522	0.00170	0.00847	0.00401	0.00242	0.00790
