[name]
unknown

[dist]
# distance from previous block
# <min> <max>
3	161

[block]
# block no. 0 follows, 51 sequences, length 81
# corresponding to MSA columns:
# 218-298
name=unknown_A
#
# <colnr> <probs for GDERKNQSTAVLIFYWHMCP>
#	G	D	E	R	K	N	Q	S	T	A	V	L	I	F	Y	W	H	M	C	P
0	0.04244	0.09684	0.10181	0.02975	0.01286	0.01038	0.00842	0.16576	0.02939	0.09326	0.01215	0.01505	0.00994	0.06099	0.22422	0.00335	0.00733	0.00447	0.02550	0.04609
1	0.10126	0.26298	0.03261	0.03746	0.04968	0.04110	0.00737	0.01369	0.01014	0.07710	0.06108	0.01522	0.01138	0.13041	0.00737	0.00179	0.02376	0.00422	0.02513	0.08627
2	0.06202	0.00837	0.06015	0.09535	0.03142	0.03470	0.00719	0.01176	0.01062	0.10944	0.02547	0.10957	0.26202	0.03144	0.06244	0.00214	0.02439	0.00727	0.02023	0.02402
3	0.05038	0.06543	0.01450	0.06524	0.18825	0.14212	0.00976	0.08390	0.03966	0.15077	0.01221	0.04530	0.00989	0.00644	0.02426	0.00159	0.00577	0.02347	0.00354	0.05754
4	0.15925	0.16145	0.03264	0.02815	0.03194	0.01216	0.00785	0.01858	0.25043	0.10265	0.06372	0.01448	0.01215	0.00583	0.00484	0.00148	0.04392	0.00440	0.00385	0.04021
5	0.09334	0.10237	0.19097	0.00960	0.03350	0.00970	0.00925	0.01503	0.01053	0.11154	0.00968	0.01062	0.00736	0.00434	0.00395	0.00114	0.00477	0.00330	0.00302	0.36600
6	0.00641	0.00500	0.00581	0.00561	0.00701	0.00440	0.00421	0.00822	0.01262	0.01665	0.43982	0.04175	0.40250	0.01119	0.00580	0.00160	0.00240	0.00959	0.00501	0.00440
7	0.01583	0.03391	0.09767	0.01360	0.08209	0.01377	0.06423	0.51037	0.01883	0.02544	0.01203	0.01476	0.00938	0.00602	0.00504	0.00154	0.00577	0.05783	0.00415	0.00776
8	0.01145	0.25365	0.01465	0.00925	0.01202	0.01265	0.00796	0.03499	0.33170	0.01649	0.01753	0.04239	0.01590	0.00780	0.00491	0.00163	0.00446	0.19007	0.00401	0.00647
9	0.86201	0.00950	0.00722	0.00646	0.00950	0.01102	0.00532	0.01445	0.00836	0.02205	0.00684	0.00798	0.00532	0.00456	0.00304	0.00152	0.00380	0.00266	0.00304	0.00532
10	0.01222	0.01056	0.01111	0.01000	0.01278	0.01222	0.00778	0.02611	0.78776	0.02056	0.02000	0.01833	0.01500	0.00667	0.00500	0.00167	0.00389	0.00556	0.00500	0.00778
11	0.01222	0.01056	0.01111	0.01000	0.01278	0.01222	0.00778	0.02611	0.78776	0.02056	0.02000	0.01833	0.01500	0.00667	0.00500	0.00167	0.00389	0.00556	0.00500	0.00778
12	0.00583	0.00488	0.00508	0.00523	0.00670	0.00413	0.00385	0.00702	0.01096	0.01318	0.04671	0.15255	0.69138	0.01285	0.00587	0.00171	0.00254	0.01086	0.00456	0.00413
13	0.00635	0.00497	0.00574	0.00560	0.00698	0.00437	0.00418	0.00808	0.01240	0.01624	0.39526	0.06935	0.42004	0.01143	0.00582	0.00162	0.00242	0.00981	0.00496	0.00437
14	0.36666	0.00883	0.00969	0.00781	0.01130	0.00878	0.00644	0.02005	0.01173	0.48085	0.01424	0.01314	0.00936	0.00546	0.00416	0.00152	0.00403	0.00401	0.00483	0.00712
15	0.00678	0.00492	0.00592	0.00638	0.00749	0.00453	0.00489	0.00838	0.01104	0.01469	0.12452	0.22670	0.28463	0.01240	0.00588	0.00180	0.00296	0.16980	0.09200	0.00429
16	0.01022	0.00869	0.01198	0.01484	0.27240	0.00902	0.00880	0.08515	0.03000	0.01658	0.02337	0.02422	0.26134	0.00775	0.00608	0.00156	0.08253	0.00635	0.11309	0.00603
17	0.00722	0.00527	0.00742	0.00737	0.00804	0.00602	0.00549	0.00860	0.00782	0.01127	0.01359	0.02178	0.01333	0.20255	0.59304	0.00685	0.03117	0.00562	0.03345	0.00412
18	0.03495	0.17510	0.15679	0.15921	0.14253	0.09148	0.02817	0.06190	0.01166	0.06018	0.00954	0.01206	0.00757	0.00497	0.00449	0.00144	0.00625	0.02233	0.00270	0.00668
19	0.24059	0.31918	0.03320	0.00946	0.01232	0.09443	0.00842	0.02727	0.00963	0.01488	0.00695	0.00876	0.00611	0.00539	0.00617	0.00146	0.18438	0.00311	0.00245	0.00583
20	0.86201	0.00950	0.00722	0.00646	0.00950	0.01102	0.00532	0.01445	0.00836	0.02205	0.00684	0.00798	0.00532	0.00456	0.00304	0.00152	0.00380	0.00266	0.00304	0.00532
21	0.00678	0.00491	0.00640	0.00626	0.00729	0.00453	0.00460	0.00885	0.01316	0.01847	0.65986	0.15698	0.06162	0.01092	0.00587	0.00162	0.00240	0.00970	0.00526	0.00453
22	0.00695	0.00514	0.00661	0.00689	0.00805	0.00480	0.00545	0.00893	0.01225	0.01644	0.36502	0.11519	0.17130	0.01200	0.00614	0.00182	0.00305	0.23459	0.00492	0.00446
23	0.00602	0.00429	0.00569	0.00680	0.00708	0.00401	0.00452	0.00685	0.00935	0.01247	0.02679	0.80388	0.03213	0.03612	0.00675	0.00207	0.00290	0.01380	0.00452	0.00397
24	0.20759	0.00846	0.01025	0.00812	0.01163	0.00794	0.00668	0.02115	0.01279	0.59082	0.05305	0.01573	0.01226	0.00593	0.00456	0.00152	0.00401	0.00462	0.00538	0.00751
25	0.01821	0.00724	0.00937	0.00750	0.01051	0.00644	0.00609	0.02022	0.01294	0.56700	0.01839	0.01720	0.01229	0.00598	0.00449	0.00141	0.00362	0.00483	0.25904	0.00724
26	0.01314	0.83025	0.02575	0.00841	0.01261	0.01945	0.00841	0.01472	0.00999	0.01156	0.00683	0.00788	0.00631	0.00420	0.00315	0.00105	0.00526	0.00263	0.00210	0.00631
27	0.12510	0.01189	0.01232	0.01014	0.01351	0.01341	0.00819	0.37851	0.31661	0.03739	0.01444	0.01391	0.01059	0.00603	0.00471	0.00156	0.00459	0.00464	0.00472	0.00774
28	0.00928	0.00873	0.01474	0.81548	0.03385	0.01092	0.01365	0.01256	0.00983	0.01256	0.00873	0.01310	0.00655	0.00491	0.00491	0.00164	0.00655	0.00437	0.00218	0.00546
29	0.01222	0.01056	0.01111	0.01000	0.01278	0.01222	0.00778	0.02611	0.78776	0.02056	0.02000	0.01833	0.01500	0.00667	0.00500	0.00167	0.00389	0.00556	0.00500	0.00778
30	0.01868	0.01376	0.01475	0.01131	0.01524	0.01524	0.00934	0.78025	0.02311	0.03097	0.01180	0.01180	0.00836	0.00590	0.00492	0.00147	0.00541	0.00442	0.00492	0.00836
31	0.01823	0.01159	0.01314	0.01041	0.01401	0.01233	0.00859	0.47683	0.08277	0.21948	0.01535	0.01663	0.01125	0.00655	0.00506	0.00156	0.00492	0.05809	0.00518	0.00804
32	0.80627	0.00921	0.00708	0.00637	0.00932	0.01058	0.00522	0.01396	0.00855	0.02148	0.00964	0.01054	0.05671	0.00508	0.00322	0.00153	0.00372	0.00316	0.00314	0.00525
33	0.01372	0.01220	0.01421	0.01118	0.01488	0.08379	0.10872	0.17063	0.24519	0.04031	0.01303	0.01339	0.00986	0.00525	0.00469	0.00135	0.00516	0.00446	0.00393	0.22403
34	0.00670	0.00494	0.00622	0.00644	0.00721	0.00492	0.00461	0.00784	0.00927	0.01227	0.07538	0.15037	0.18741	0.22752	0.20953	0.00408	0.00590	0.06173	0.00373	0.00394
35	0.00668	0.00501	0.00619	0.00590	0.00717	0.00452	0.00442	0.00875	0.01327	0.01818	0.61702	0.03923	0.22435	0.01062	0.00580	0.00157	0.00236	0.00924	0.00521	0.00452
36	0.01346	0.00888	0.01039	0.00853	0.01112	0.00914	0.00682	0.30542	0.03033	0.12475	0.38289	0.02433	0.02694	0.00790	0.00534	0.00152	0.00376	0.00662	0.00530	0.00659
37	0.01748	0.02058	0.01333	0.01188	0.01439	0.63435	0.00894	0.12166	0.01461	0.01439	0.00881	0.01117	0.00755	0.07263	0.00619	0.00158	0.00806	0.00366	0.00289	0.00583
38	0.01102	0.00966	0.01609	0.50132	0.25915	0.01105	0.01356	0.01403	0.01043	0.06484	0.00950	0.01298	0.00728	0.00496	0.00529	0.00159	0.03402	0.00441	0.00251	0.00634
39	0.01342	0.00662	0.00823	0.00702	0.00922	0.00632	0.00556	0.06900	0.01314	0.27686	0.20076	0.02175	0.02013	0.00890	0.05696	0.00183	0.00385	0.00575	0.25857	0.00609
40	0.02104	0.00997	0.01240	0.00951	0.01335	0.00961	0.00785	0.24942	0.01676	0.57077	0.01713	0.01526	0.01103	0.00603	0.00493	0.00151	0.00455	0.00479	0.00573	0.00836
41	0.00928	0.00873	0.01474	0.81548	0.03385	0.01092	0.01365	0.01256	0.00983	0.01256	0.00873	0.01310	0.00655	0.00491	0.00491	0.00164	0.00655	0.00437	0.00218	0.00546
42	0.01216	0.01168	0.01995	0.03016	0.79664	0.01168	0.01508	0.01508	0.01119	0.01605	0.00924	0.01216	0.00778	0.00438	0.00487	0.00146	0.00584	0.00438	0.00243	0.00778
43	0.00581	0.00498	0.00498	0.00498	0.00664	0.00415	0.00373	0.00705	0.01120	0.01328	0.04978	0.04729	0.79464	0.01245	0.00581	0.00166	0.00249	0.01037	0.00456	0.00415
44	0.01507	0.01554	0.01248	0.01109	0.01389	0.30140	0.00855	0.09587	0.43357	0.01845	0.01471	0.01427	0.01122	0.00601	0.00479	0.00150	0.00584	0.00458	0.00410	0.00708
45	0.00977	0.00939	0.01630	0.65648	0.10544	0.01101	0.07637	0.01305	0.01011	0.01323	0.00888	0.01296	0.00676	0.00477	0.00495	0.00160	0.00656	0.00445	0.00225	0.02567
46	0.00605	0.00487	0.00539	0.00550	0.00685	0.00421	0.00404	0.00743	0.01141	0.01434	0.18307	0.17233	0.53232	0.01249	0.00588	0.00169	0.00252	0.01069	0.00472	0.00421
47	0.03308	0.01313	0.01147	0.01038	0.01236	0.24772	0.00797	0.10075	0.13095	0.06356	0.01512	0.20422	0.01441	0.00832	0.00640	0.00165	0.10220	0.00646	0.00383	0.00602
48	0.01097	0.27573	0.36933	0.01065	0.01626	0.01280	0.01216	0.01454	0.01021	0.01441	0.00817	0.00954	0.00650	0.00428	0.00395	0.00120	0.00577	0.00314	0.00228	0.20811
49	0.01515	0.01774	0.01503	0.21906	0.13418	0.46977	0.01136	0.03553	0.01271	0.01321	0.00823	0.01049	0.00665	0.00495	0.00463	0.00139	0.00775	0.00368	0.00249	0.00601
50	0.00610	0.00495	0.00542	0.00545	0.00689	0.00427	0.00407	0.00756	0.01163	0.01458	0.20185	0.10445	0.56551	0.01220	0.00586	0.00167	0.00252	0.02601	0.00474	0.00425
51	0.00760	0.00492	0.00618	0.00618	0.00681	0.00527	0.00435	0.00886	0.00823	0.01245	0.01470	0.02362	0.01434	0.30922	0.33119	0.00511	0.00749	0.00576	0.21379	0.00394
52	0.00829	0.00545	0.00721	0.00711	0.00849	0.00509	0.00570	0.01049	0.01299	0.07690	0.46495	0.04126	0.09132	0.01092	0.00601	0.00176	0.00310	0.22297	0.00515	0.00485
53	0.00889	0.00464	0.00507	0.00524	0.00628	0.00454	0.00382	0.01083	0.01023	0.04416	0.01867	0.20188	0.01712	0.00794	0.00413	0.00135	0.00248	0.00673	0.63141	0.00458
54	0.00928	0.00873	0.01474	0.81548	0.03385	0.01092	0.01365	0.01256	0.00983	0.01256	0.00873	0.01310	0.00655	0.00491	0.00491	0.00164	0.00655	0.00437	0.00218	0.00546
55	0.01857	0.01309	0.01418	0.01091	0.01473	0.01435	0.00900	0.70431	0.02207	0.08060	0.01244	0.01235	0.00875	0.00591	0.00487	0.00147	0.00522	0.00446	0.03450	0.00823
56	0.86201	0.00950	0.00722	0.00646	0.00950	0.01102	0.00532	0.01445	0.00836	0.02205	0.00684	0.00798	0.00532	0.00456	0.00304	0.00152	0.00380	0.00266	0.00304	0.00532
57	0.01852	0.01195	0.01373	0.06297	0.01566	0.01285	0.00902	0.50493	0.06323	0.21504	0.01390	0.01344	0.00953	0.00592	0.00493	0.00151	0.00510	0.00461	0.00502	0.00814
58	0.02104	0.00997	0.01240	0.00951	0.01335	0.00961	0.00785	0.24942	0.01676	0.57077	0.01713	0.01526	0.01103	0.00603	0.00493	0.00151	0.00455	0.00479	0.00573	0.00836
59	0.02159	0.00910	0.01186	0.00909	0.01291	0.00831	0.00751	0.12643	0.01529	0.69583	0.01836	0.01606	0.01165	0.00606	0.00494	0.00151	0.00435	0.00487	0.00592	0.00836
60	0.01227	0.53259	0.02187	0.01004	0.01272	0.01785	0.00926	0.01367	0.00909	0.01166	0.00669	0.00892	0.00636	0.00580	0.00787	0.00145	0.30057	0.00324	0.00212	0.00597
61	0.01529	0.01208	0.01284	0.01062	0.01395	0.01365	0.00852	0.38395	0.42493	0.02550	0.01611	0.01523	0.01185	0.00630	0.00496	0.00158	0.00461	0.00502	0.00496	0.00805
62	0.01136	0.01276	0.02763	0.01995	0.02467	0.01199	0.72861	0.01538	0.01158	0.01567	0.01099	0.01600	0.00881	0.00476	0.00586	0.00170	0.00804	0.05513	0.00262	0.00649
63	0.01387	0.01055	0.01338	0.01561	0.24596	0.07392	0.00977	0.01884	0.19425	0.17999	0.01655	0.01941	0.03403	0.00844	0.05734	0.00200	0.00555	0.06932	0.00406	0.00714
64	0.00632	0.00472	0.00587	0.00616	0.00710	0.00427	0.00440	0.00782	0.01154	0.01545	0.32576	0.34520	0.21205	0.01267	0.00598	0.00175	0.00256	0.01120	0.00489	0.00427
65	0.06876	0.00937	0.01006	0.00839	0.01129	0.00978	0.00673	0.25910	0.13430	0.12212	0.05327	0.02467	0.24545	0.00805	0.00511	0.00157	0.00393	0.00648	0.00487	0.00668
66	0.01025	0.01490	0.25253	0.13282	0.02198	0.01096	0.25677	0.01557	0.10174	0.01566	0.03041	0.05836	0.01097	0.00585	0.00531	0.00167	0.00662	0.03825	0.00288	0.00650
67	0.00613	0.00492	0.00569	0.00583	0.00711	0.00448	0.00432	0.00750	0.01068	0.01350	0.11289	0.16335	0.48370	0.01639	0.12813	0.00265	0.00416	0.01001	0.00435	0.00421
68	0.00768	0.00519	0.00619	0.00600	0.00748	0.00456	0.00447	0.00928	0.01210	0.08599	0.29190	0.15679	0.36120	0.01151	0.00580	0.00166	0.00264	0.00993	0.00498	0.00467
69	0.01105	0.01040	0.01743	0.38574	0.42760	0.01144	0.01426	0.03657	0.01092	0.01491	0.00909	0.01258	0.00724	0.00467	0.00489	0.00154	0.00615	0.00437	0.00239	0.00675
70	0.00905	0.00838	0.01101	0.07704	0.06734	0.06090	0.00838	0.01056	0.00891	0.01219	0.01361	0.19751	0.01428	0.03488	0.22892	0.00360	0.21887	0.00675	0.00289	0.00494
71	0.00808	0.00706	0.01052	0.00953	0.01038	0.00834	0.06120	0.00953	0.00848	0.01199	0.01626	0.12897	0.07777	0.08212	0.31168	0.00441	0.21932	0.00679	0.00294	0.00462
72	0.07926	0.00636	0.00710	0.00667	0.00855	0.00631	0.00519	0.02545	0.08277	0.13931	0.04474	0.12942	0.13400	0.00868	0.00481	0.00156	0.00315	0.05619	0.24504	0.00544
73	0.01169	0.01228	0.12041	0.01505	0.04160	0.02617	0.35708	0.01497	0.01164	0.12035	0.07345	0.14359	0.01485	0.00673	0.00556	0.00166	0.00623	0.00684	0.00347	0.00639
74	0.01483	0.13585	0.01711	0.01149	0.01505	0.01245	0.14975	0.28616	0.02752	0.12264	0.04095	0.11765	0.01291	0.00672	0.00502	0.00152	0.00529	0.00587	0.00416	0.00703
75	0.00792	0.00646	0.00909	0.00918	0.00976	0.00763	0.00737	0.00943	0.00915	0.01273	0.01867	0.23029	0.02048	0.01799	0.18655	0.00342	0.20418	0.22159	0.00354	0.00457
76	0.01328	0.01258	0.13632	0.11157	0.30723	0.01053	0.06266	0.03425	0.04191	0.16201	0.01186	0.01345	0.00873	0.00498	0.00485	0.00151	0.00573	0.00452	0.04471	0.00732
77	0.01151	0.01064	0.01653	0.01296	0.01593	0.06045	0.29553	0.15035	0.01335	0.01801	0.06560	0.19813	0.01621	0.00759	0.00545	0.00162	0.00564	0.00732	0.08122	0.00597
78	0.01034	0.02207	0.58888	0.01585	0.02249	0.01169	0.22774	0.01561	0.01071	0.01561	0.00913	0.01117	0.00656	0.00452	0.00498	0.00158	0.00754	0.00423	0.00219	0.00709
79	0.01077	0.01072	0.00893	0.00907	0.01039	0.24445	0.00665	0.01296	0.07489	0.03369	0.02041	0.42985	0.02238	0.01121	0.00563	0.00176	0.00490	0.07236	0.00403	0.00497
80	0.14062	0.00938	0.01287	0.38301	0.07845	0.01021	0.01030	0.06326	0.01076	0.03668	0.00896	0.01162	0.00688	0.00463	0.00434	0.00139	0.00530	0.00380	0.00277	0.19476

[dist]
# distance from previous block
# <min> <max>
0	140

[block]
# block no. 1 follows, 51 sequences, length 34
# corresponding to MSA columns:
# 439-472
name=unknown_B
#
# <colnr> <probs for GDERKNQSTAVLIFYWHMCP>
#	G	D	E	R	K	N	Q	S	T	A	V	L	I	F	Y	W	H	M	C	P
0	0.07512	0.03773	0.18495	0.04429	0.01382	0.04924	0.04471	0.01328	0.01051	0.07666	0.10371	0.01919	0.01445	0.07985	0.13078	0.00277	0.00657	0.03758	0.02125	0.03354
1	0.11091	0.07750	0.16353	0.01055	0.02823	0.24141	0.00951	0.03809	0.03125	0.05028	0.01200	0.01359	0.05342	0.03135	0.05004	0.00184	0.00657	0.00405	0.03197	0.03390
2	0.01236	0.00865	0.01030	0.00764	0.01172	0.00694	0.00613	0.01517	0.05778	0.16114	0.01273	0.01310	0.03444	0.00456	0.00403	0.00096	0.00372	0.00369	0.00368	0.62126
3	0.00961	0.00823	0.01180	0.19541	0.08511	0.00837	0.04157	0.07508	0.04456	0.01552	0.01637	0.25709	0.03994	0.00814	0.00515	0.00155	0.00458	0.00729	0.00349	0.16114
4	0.00674	0.00493	0.00632	0.00615	0.00725	0.00452	0.00455	0.00878	0.01313	0.01828	0.63589	0.13168	0.11164	0.01090	0.00585	0.00161	0.00240	0.00963	0.00523	0.00452
5	0.01144	0.01659	0.28211	0.12766	0.31559	0.04589	0.07437	0.04022	0.01127	0.01571	0.00910	0.01162	0.00703	0.00461	0.00486	0.00152	0.00672	0.00418	0.00237	0.00714
6	0.01726	0.01318	0.01201	0.00994	0.01294	0.21713	0.00788	0.24039	0.01648	0.21907	0.13153	0.01635	0.01475	0.00635	0.00487	0.00143	0.00539	0.00491	0.04121	0.00694
7	0.01108	0.00582	0.00769	0.00703	0.00878	0.00521	0.00533	0.01286	0.01270	0.24661	0.33603	0.22526	0.07500	0.01033	0.00566	0.00166	0.00301	0.00906	0.00535	0.00554
8	0.02205	0.00836	0.01140	0.00874	0.01254	0.00722	0.00722	0.02395	0.01407	0.80004	0.01939	0.01673	0.01216	0.00608	0.00494	0.00152	0.00418	0.00494	0.00608	0.00836
9	0.01306	0.01145	0.01346	0.03218	0.03380	0.04440	0.00940	0.20521	0.20792	0.01885	0.01192	0.01366	0.00959	0.00949	0.07629	0.00228	0.27202	0.00469	0.00361	0.00671
10	0.00953	0.00559	0.00712	0.00681	0.00844	0.00501	0.00525	0.01125	0.01224	0.16710	0.25572	0.17728	0.20934	0.01115	0.00582	0.00172	0.00304	0.08735	0.00510	0.00512
11	0.01299	0.00848	0.00977	0.00877	0.01111	0.00903	0.00672	0.02062	0.40423	0.19519	0.02038	0.11783	0.01721	0.10213	0.00750	0.00205	0.00395	0.03030	0.00495	0.00680
12	0.06091	0.01126	0.02012	0.19247	0.22494	0.01223	0.25006	0.01420	0.01029	0.01489	0.00877	0.01224	0.00706	0.00509	0.00682	0.00167	0.13348	0.00470	0.00239	0.00640
13	0.01338	0.01400	0.01499	0.07035	0.23793	0.24723	0.05046	0.10275	0.01315	0.01575	0.01452	0.08595	0.08527	0.00653	0.00501	0.00149	0.00628	0.00552	0.00313	0.00633
14	0.00603	0.00456	0.00558	0.00632	0.00708	0.00411	0.00442	0.00709	0.01017	0.01308	0.06010	0.53726	0.26435	0.01426	0.00613	0.00189	0.00278	0.03613	0.00459	0.00408
15	0.01036	0.00640	0.00749	0.00679	0.00858	0.00622	0.00526	0.11406	0.01348	0.10155	0.23605	0.10608	0.13539	0.00914	0.00517	0.00153	0.00307	0.03341	0.18457	0.00538
16	0.00810	0.00685	0.00997	0.00934	0.00997	0.00872	0.00748	0.00966	0.00779	0.01153	0.01122	0.01683	0.01060	0.02869	0.57889	0.00624	0.24598	0.00499	0.00249	0.00467
17	0.01357	0.03704	0.32634	0.01371	0.01895	0.05747	0.17107	0.06273	0.06745	0.15434	0.02230	0.01294	0.00882	0.00511	0.00495	0.00154	0.00656	0.00451	0.00331	0.00728
18	0.01234	0.01374	0.01112	0.01039	0.01194	0.36275	0.00798	0.01382	0.01055	0.01171	0.01018	0.01402	0.00920	0.02059	0.39097	0.00452	0.07232	0.00426	0.00255	0.00504
19	0.01290	0.01384	0.01680	0.26450	0.36144	0.21837	0.01319	0.01549	0.01149	0.01394	0.00866	0.01159	0.00703	0.00472	0.00477	0.00146	0.00684	0.00406	0.00238	0.00653
20	0.01426	0.32729	0.20348	0.01138	0.01561	0.31002	0.01114	0.01669	0.01150	0.01268	0.00758	0.00888	0.00630	0.00471	0.00421	0.00127	0.02138	0.00309	0.00226	0.00629
21	0.00990	0.00785	0.01243	0.04490	0.01291	0.00826	0.14643	0.01225	0.04146	0.07613	0.12713	0.02593	0.01845	0.22197	0.04268	0.00279	0.10240	0.07748	0.00357	0.00509
22	0.00599	0.00428	0.00570	0.00684	0.00713	0.00399	0.00456	0.00684	0.00941	0.01254	0.02709	0.82409	0.03250	0.01540	0.00627	0.00200	0.00285	0.01397	0.00456	0.00399
23	0.01179	0.00940	0.01103	0.04428	0.01275	0.01075	0.00782	0.21469	0.24998	0.01952	0.01636	0.13369	0.01447	0.01351	0.15832	0.00287	0.05175	0.00631	0.00418	0.00650
24	0.01478	0.00660	0.00785	0.00661	0.00896	0.00624	0.00527	0.06097	0.01253	0.32613	0.01710	0.01732	0.01218	0.00588	0.00411	0.00131	0.00321	0.00471	0.47197	0.00629
25	0.66979	0.08174	0.00963	0.00710	0.01036	0.01170	0.00598	0.05969	0.00983	0.08530	0.00816	0.00891	0.00614	0.00473	0.00332	0.00148	0.00405	0.00295	0.00332	0.00583
26	0.00633	0.00458	0.00602	0.00681	0.00741	0.00427	0.00482	0.00761	0.01053	0.01414	0.17398	0.56335	0.07758	0.01405	0.00620	0.00191	0.00288	0.07864	0.00472	0.00417
27	0.00582	0.00494	0.00502	0.00509	0.00667	0.00414	0.00378	0.00704	0.01110	0.01323	0.04847	0.09237	0.75042	0.01262	0.00583	0.00168	0.00251	0.01058	0.00456	0.00414
28	0.00651	0.00471	0.00579	0.00604	0.00673	0.00438	0.00411	0.00768	0.01054	0.01417	0.26174	0.29517	0.14465	0.19324	0.01021	0.00242	0.00306	0.01038	0.00447	0.00399
29	0.48915	0.00900	0.00908	0.00748	0.01085	0.00934	0.00617	0.01866	0.01089	0.36739	0.01241	0.01186	0.00836	0.00524	0.00388	0.00152	0.00397	0.00367	0.00439	0.00667
30	0.86201	0.00950	0.00722	0.00646	0.00950	0.01102	0.00532	0.01445	0.00836	0.02205	0.00684	0.00798	0.00532	0.00456	0.00304	0.00152	0.00380	0.00266	0.00304	0.00532
31	0.00733	0.00507	0.00724	0.00726	0.00802	0.00543	0.00550	0.00852	0.00906	0.01271	0.16239	0.02605	0.02001	0.08326	0.40911	0.13484	0.00839	0.07254	0.00328	0.00400
32	0.01314	0.83025	0.02575	0.00841	0.01261	0.01945	0.00841	0.01472	0.00999	0.01156	0.00683	0.00788	0.00631	0.00420	0.00315	0.00105	0.00526	0.00263	0.00210	0.00631
33	0.01204	0.01080	0.03395	0.01574	0.26571	0.03931	0.00980	0.11385	0.01220	0.03323	0.01141	0.03917	0.01026	0.05859	0.00629	0.00155	0.02872	0.04903	0.00317	0.24516

[dist]
# distance from previous block
# <min> <max>
0	1

[block]
# block no. 2 follows, 51 sequences, length 17
# corresponding to MSA columns:
# 474-490
name=unknown_C
#
# <colnr> <probs for GDERKNQSTAVLIFYWHMCP>
#	G	D	E	R	K	N	Q	S	T	A	V	L	I	F	Y	W	H	M	C	P
0	0.17891	0.13950	0.07210	0.05263	0.31085	0.05370	0.01119	0.03364	0.01058	0.01622	0.00920	0.05326	0.00812	0.00519	0.00456	0.00146	0.02552	0.00416	0.00264	0.00658
1	0.50851	0.01139	0.08302	0.01247	0.18665	0.02747	0.00865	0.01422	0.00952	0.01921	0.01095	0.01224	0.06795	0.00516	0.00385	0.00152	0.00458	0.00375	0.00293	0.00597
2	0.10100	0.00964	0.01429	0.01061	0.01435	0.00869	0.20431	0.04663	0.01063	0.04201	0.01025	0.01404	0.00877	0.11678	0.00716	0.00166	0.00510	0.00434	0.00302	0.36671
3	0.03279	0.07853	0.11805	0.01989	0.12926	0.01272	0.50484	0.01552	0.01119	0.01559	0.00939	0.01221	0.00721	0.00425	0.00526	0.00157	0.00748	0.00502	0.00241	0.00680
4	0.00785	0.00513	0.00626	0.00624	0.00758	0.00454	0.00457	0.00929	0.01159	0.09747	0.21581	0.28249	0.29859	0.01212	0.00586	0.00172	0.00274	0.01056	0.00492	0.00466
5	0.00705	0.00514	0.00725	0.00725	0.00791	0.00579	0.00534	0.00836	0.00771	0.01093	0.01375	0.02258	0.01371	0.23828	0.60834	0.00710	0.01102	0.00574	0.00272	0.00403
6	0.01716	0.01389	0.01387	0.07519	0.01605	0.20916	0.05286	0.26335	0.01623	0.18743	0.01501	0.01510	0.07021	0.00607	0.00492	0.00147	0.00603	0.00476	0.00419	0.00704
7	0.00640	0.00494	0.00585	0.00575	0.00704	0.00438	0.00426	0.00816	0.01242	0.01647	0.42489	0.10880	0.34994	0.01148	0.00584	0.00163	0.00243	0.00993	0.00499	0.00438
8	0.05838	0.01264	0.01106	0.00937	0.01260	0.21381	0.00737	0.01753	0.16346	0.06096	0.01251	0.01525	0.01037	0.00557	0.00440	0.00126	0.00514	0.06332	0.00354	0.31146
9	0.00666	0.00519	0.00729	0.00745	0.00845	0.00469	0.04568	0.00790	0.00996	0.01344	0.06995	0.62003	0.08128	0.01337	0.00598	0.00183	0.00315	0.01214	0.00437	0.07118
10	0.64510	0.01308	0.00895	0.00806	0.01097	0.21582	0.00640	0.01578	0.00979	0.01947	0.00704	0.00821	0.00558	0.00469	0.00340	0.00146	0.00510	0.00279	0.00291	0.00542
11	0.86201	0.00950	0.00722	0.00646	0.00950	0.01102	0.00532	0.01445	0.00836	0.02205	0.00684	0.00798	0.00532	0.00456	0.00304	0.00152	0.00380	0.00266	0.00304	0.00532
12	0.01704	0.01088	0.01225	0.00983	0.01330	0.01152	0.00796	0.31219	0.23017	0.22763	0.01611	0.01511	0.01133	0.00606	0.00483	0.00150	0.00446	0.00482	0.04268	0.04034
13	0.00698	0.00522	0.00674	0.00817	0.06915	0.00488	0.00540	0.00841	0.01031	0.01388	0.03018	0.39010	0.22385	0.01250	0.00578	0.00180	0.00311	0.08996	0.09913	0.00445
14	0.00632	0.00497	0.00566	0.00576	0.00706	0.00440	0.00431	0.00779	0.01144	0.01456	0.20985	0.11292	0.45758	0.05549	0.00694	0.00188	0.00277	0.07143	0.00466	0.00421
15	0.01096	0.01490	0.24140	0.02944	0.14476	0.01028	0.12738	0.03640	0.05222	0.01645	0.00971	0.01155	0.00751	0.00438	0.00459	0.00131	0.00585	0.00400	0.00268	0.26424
16	0.07660	0.00748	0.01057	0.13665	0.16553	0.00773	0.00849	0.02484	0.01172	0.01665	0.22992	0.02958	0.14075	0.00846	0.00537	0.00165	0.00414	0.10457	0.00389	0.00541

[dist]
# distance from previous block
# <min> <max>
0	1

[block]
# block no. 3 follows, 51 sequences, length 58
# corresponding to MSA columns:
# 492-549
name=unknown_D
#
# <colnr> <probs for GDERKNQSTAVLIFYWHMCP>
#	G	D	E	R	K	N	Q	S	T	A	V	L	I	F	Y	W	H	M	C	P
0	0.01400	0.34275	0.05666	0.02964	0.06853	0.08570	0.05439	0.14396	0.01278	0.03406	0.00868	0.00997	0.00705	0.00471	0.00437	0.00125	0.02692	0.00349	0.00283	0.08827
1	0.00705	0.00503	0.00663	0.00663	0.00722	0.00543	0.00468	0.00810	0.00789	0.01099	0.01659	0.02615	0.06683	0.34190	0.42785	0.00608	0.00889	0.00632	0.02592	0.00383
2	0.01443	0.00768	0.00945	0.00807	0.01073	0.00741	0.00636	0.01904	0.19358	0.35204	0.14196	0.08062	0.11072	0.00822	0.00528	0.00161	0.00354	0.00696	0.00544	0.00686
3	0.01550	0.00750	0.00961	0.00796	0.01071	0.00693	0.00634	0.05594	0.06583	0.41966	0.21673	0.06503	0.07456	0.00802	0.00529	0.00157	0.00357	0.00678	0.00560	0.00688
4	0.26192	0.01142	0.01147	0.00923	0.01263	0.01270	0.00757	0.41636	0.07143	0.06500	0.01160	0.01184	0.00842	0.00556	0.00428	0.00148	0.00457	0.00403	0.06131	0.00719
5	0.86201	0.00950	0.00722	0.00646	0.00950	0.01102	0.00532	0.01445	0.00836	0.02205	0.00684	0.00798	0.00532	0.00456	0.00304	0.00152	0.00380	0.00266	0.00304	0.00532
6	0.01868	0.01376	0.01475	0.01131	0.01524	0.01524	0.00934	0.78025	0.02311	0.03097	0.01180	0.01180	0.00836	0.00590	0.00492	0.00147	0.00541	0.00442	0.00492	0.00836
7	0.86201	0.00950	0.00722	0.00646	0.00950	0.01102	0.00532	0.01445	0.00836	0.02205	0.00684	0.00798	0.00532	0.00456	0.00304	0.00152	0.00380	0.00266	0.00304	0.00532
8	0.12287	0.01324	0.01382	0.01071	0.01453	0.01472	0.00884	0.68564	0.02128	0.02987	0.01119	0.01133	0.00798	0.00573	0.00468	0.00148	0.00521	0.00421	0.00468	0.00798
9	0.30346	0.00793	0.00801	0.00703	0.00963	0.00818	0.00564	0.04895	0.06348	0.10687	0.15301	0.02319	0.14405	0.00747	0.00458	0.00154	0.00347	0.03533	0.00431	0.05386
10	0.00706	0.00510	0.00705	0.00705	0.00763	0.00568	0.00508	0.00823	0.00765	0.01078	0.01394	0.02361	0.01415	0.30137	0.54586	0.00685	0.01035	0.00589	0.00275	0.00392
11	0.00582	0.00494	0.00502	0.00508	0.00667	0.00414	0.00378	0.00704	0.01110	0.01323	0.04850	0.09127	0.75150	0.01261	0.00583	0.00168	0.00251	0.01058	0.00456	0.00414
12	0.01297	0.01096	0.01662	0.01300	0.01640	0.01149	0.24031	0.16850	0.22900	0.06399	0.03381	0.03518	0.01213	0.00959	0.10049	0.00236	0.00657	0.00562	0.00401	0.00701
13	0.07702	0.01044	0.01236	0.00954	0.01334	0.01045	0.00788	0.30362	0.01703	0.46292	0.01574	0.01431	0.01030	0.00591	0.00481	0.00150	0.00461	0.00460	0.00545	0.00816
14	0.00702	0.00494	0.00647	0.00668	0.00710	0.00522	0.00462	0.00789	0.00796	0.01090	0.01674	0.12273	0.01832	0.39633	0.29906	0.00538	0.00750	0.05827	0.00315	0.00370
15	0.00731	0.00473	0.00637	0.00726	0.00789	0.00442	0.00518	0.00842	0.00997	0.06554	0.02643	0.67007	0.03059	0.01454	0.00625	0.00200	0.00316	0.11086	0.00466	0.00435
16	0.01226	0.40117	0.02652	0.03450	0.03804	0.01577	0.35542	0.01506	0.01067	0.01358	0.00833	0.01061	0.00687	0.00431	0.00477	0.00138	0.02782	0.00418	0.00229	0.00644
17	0.01618	0.36580	0.08318	0.00981	0.01411	0.01529	0.00927	0.25059	0.01477	0.16076	0.01079	0.01089	0.00799	0.00510	0.00414	0.00131	0.00527	0.00368	0.00368	0.00738
18	0.01378	0.01537	0.01602	0.06358	0.26551	0.31067	0.04827	0.01643	0.05151	0.01398	0.01015	0.06557	0.00907	0.00585	0.00577	0.00151	0.07320	0.00469	0.00271	0.00636
19	0.00705	0.00516	0.00737	0.00737	0.00807	0.00586	0.00548	0.00844	0.00774	0.01102	0.01365	0.02198	0.01345	0.20126	0.64501	0.00725	0.01142	0.00566	0.00270	0.00409
20	0.01123	0.01171	0.05692	0.17667	0.44172	0.01213	0.05158	0.01410	0.01029	0.01463	0.00869	0.01207	0.00723	0.00520	0.00682	0.00163	0.14383	0.00440	0.00232	0.00685
21	0.01230	0.03017	0.07400	0.01795	0.31572	0.01091	0.04935	0.11772	0.05221	0.01813	0.00994	0.01170	0.00792	0.00450	0.00452	0.00127	0.00527	0.00400	0.00300	0.24940
22	0.12675	0.14965	0.08858	0.01065	0.01374	0.42430	0.00904	0.01662	0.01160	0.01341	0.00819	0.01066	0.00716	0.06513	0.02400	0.00170	0.00727	0.00339	0.00252	0.00567
23	0.00802	0.00599	0.00873	0.00927	0.01051	0.00593	0.04561	0.03016	0.01128	0.01478	0.02505	0.19660	0.02751	0.01325	0.00659	0.00216	0.00442	0.56505	0.00444	0.00463
24	0.03378	0.11020	0.05971	0.01031	0.01392	0.06879	0.00880	0.21892	0.31994	0.03692	0.01384	0.01354	0.01041	0.00572	0.00458	0.00145	0.00498	0.00441	0.00415	0.05563
25	0.01123	0.01025	0.01803	0.20359	0.37587	0.01053	0.12683	0.01416	0.01097	0.05381	0.01241	0.06949	0.03001	0.00573	0.00519	0.00159	0.00596	0.02486	0.00282	0.00668
26	0.01275	0.26266	0.26346	0.01606	0.21325	0.03823	0.03000	0.01602	0.01091	0.07999	0.00920	0.01062	0.00717	0.00457	0.00430	0.00137	0.00611	0.00366	0.00253	0.00714
27	0.01115	0.04402	0.63930	0.01429	0.03850	0.01136	0.07392	0.01624	0.01078	0.08109	0.00974	0.01110	0.00685	0.00473	0.00474	0.00155	0.00700	0.00389	0.00245	0.00729
28	0.01384	0.00647	0.00751	0.00645	0.00864	0.00625	0.00510	0.05417	0.04258	0.26708	0.01704	0.01749	0.01234	0.00588	0.00405	0.00130	0.00311	0.00473	0.50988	0.00609
29	0.00838	0.00600	0.00798	0.00916	0.10087	0.00579	0.00564	0.01023	0.04356	0.05875	0.19049	0.20617	0.09617	0.21638	0.01055	0.00246	0.00366	0.00881	0.00420	0.00475
30	0.01320	0.18103	0.14096	0.10010	0.10693	0.12443	0.11384	0.10610	0.02968	0.01590	0.00909	0.01098	0.00715	0.00512	0.01388	0.00149	0.00675	0.00397	0.00266	0.00674
31	0.00618	0.00436	0.00565	0.00660	0.00683	0.00412	0.00430	0.00689	0.00903	0.01204	0.02516	0.69268	0.03007	0.15012	0.00938	0.00246	0.00317	0.01284	0.00430	0.00382
32	0.00984	0.00560	0.00706	0.00660	0.00829	0.00495	0.00497	0.01147	0.01226	0.19197	0.26105	0.21066	0.22417	0.01095	0.00571	0.00167	0.00290	0.00951	0.00516	0.00521
33	0.01136	0.00908	0.01414	0.12068	0.35354	0.00931	0.01086	0.03049	0.06308	0.09306	0.01546	0.21777	0.01479	0.00758	0.00524	0.00164	0.00487	0.00693	0.00352	0.00660
34	0.06920	0.06809	0.01604	0.24494	0.19012	0.18694	0.04942	0.03441	0.01134	0.01440	0.00971	0.06553	0.00850	0.00545	0.00469	0.00149	0.00644	0.00459	0.00261	0.00610
35	0.01467	0.00733	0.00884	0.00755	0.00993	0.00711	0.00593	0.13765	0.01352	0.29727	0.01860	0.16622	0.01546	0.00767	0.00473	0.00149	0.00356	0.00643	0.25961	0.00642
36	0.00662	0.00501	0.00610	0.00583	0.00713	0.00449	0.00437	0.00862	0.01311	0.01780	0.57369	0.03984	0.26792	0.01076	0.00580	0.00158	0.00237	0.00933	0.00516	0.00449
37	0.01550	0.01246	0.07071	0.03652	0.28845	0.06408	0.01136	0.13779	0.01368	0.21400	0.01283	0.05320	0.00992	0.00580	0.00527	0.00152	0.03069	0.00487	0.00381	0.00752
38	0.00830	0.00717	0.01033	0.00963	0.01016	0.00921	0.00770	0.00976	0.00785	0.01162	0.01155	0.06180	0.01134	0.02553	0.47913	0.00551	0.30071	0.00541	0.00257	0.00472
39	0.02205	0.00836	0.01140	0.00874	0.01254	0.00722	0.00722	0.02395	0.01407	0.80004	0.01939	0.01673	0.01216	0.00608	0.00494	0.00152	0.00418	0.00494	0.00608	0.00836
40	0.00774	0.00566	0.00662	0.00676	0.00842	0.00521	0.00548	0.01000	0.05003	0.05879	0.05744	0.04645	0.44981	0.01210	0.00603	0.00184	0.00330	0.24893	0.00468	0.00470
41	0.01061	0.08908	0.01253	0.07174	0.05149	0.02870	0.00824	0.12708	0.01104	0.01485	0.01282	0.07541	0.01262	0.11077	0.17003	0.00331	0.12498	0.05617	0.00311	0.00541
42	0.01282	0.01460	0.01347	0.39339	0.02324	0.35038	0.01094	0.01502	0.01162	0.01236	0.01116	0.05264	0.04639	0.00586	0.00482	0.00150	0.00716	0.00462	0.00257	0.00542
43	0.01314	0.83025	0.02575	0.00841	0.01261	0.01945	0.00841	0.01472	0.00999	0.01156	0.00683	0.00788	0.00631	0.00420	0.00315	0.00105	0.00526	0.00263	0.00210	0.00631
44	0.26267	0.01777	0.01212	0.01064	0.01355	0.44362	0.00826	0.14612	0.01386	0.01812	0.00809	0.00910	0.00638	0.00506	0.00411	0.00137	0.00682	0.00323	0.00308	0.00604
45	0.07464	0.01264	0.01357	0.01063	0.01432	0.01388	0.00880	0.63791	0.02085	0.07151	0.01265	0.01408	0.00942	0.00620	0.00486	0.00151	0.00514	0.04204	0.01744	0.00791
46	0.01868	0.01376	0.01475	0.01131	0.01524	0.01524	0.00934	0.78025	0.02311	0.03097	0.01180	0.01180	0.00836	0.00590	0.00492	0.00147	0.00541	0.00442	0.00492	0.00836
47	0.86201	0.00950	0.00722	0.00646	0.00950	0.01102	0.00532	0.01445	0.00836	0.02205	0.00684	0.00798	0.00532	0.00456	0.00304	0.00152	0.00380	0.00266	0.00304	0.00532
48	0.86201	0.00950	0.00722	0.00646	0.00950	0.01102	0.00532	0.01445	0.00836	0.02205	0.00684	0.00798	0.00532	0.00456	0.00304	0.00152	0.00380	0.00266	0.00304	0.00532
49	0.00628	0.00484	0.00581	0.00645	0.00750	0.00438	0.00484	0.00757	0.01055	0.01327	0.03675	0.33998	0.36309	0.01377	0.00617	0.00190	0.00301	0.15512	0.00456	0.00416
50	0.00666	0.00514	0.00616	0.00629	0.00766	0.00465	0.00497	0.00849	0.01212	0.01572	0.29050	0.04561	0.37621	0.01190	0.00602	0.00176	0.00289	0.17803	0.00483	0.00439
51	0.00928	0.00873	0.01474	0.81548	0.03385	0.01092	0.01365	0.01256	0.00983	0.01256	0.00873	0.01310	0.00655	0.00491	0.00491	0.00164	0.00655	0.00437	0.00218	0.00546
52	0.00982	0.00580	0.00705	0.00667	0.00851	0.00521	0.00513	0.01153	0.02858	0.18904	0.05013	0.16756	0.36878	0.01303	0.05941	0.00213	0.00377	0.04785	0.00480	0.00519
53	0.00668	0.00496	0.00622	0.00603	0.00720	0.00450	0.00447	0.00869	0.01308	0.01802	0.60358	0.10186	0.17474	0.01089	0.00584	0.00160	0.00239	0.00955	0.00520	0.00450
54	0.01329	0.03813	0.01092	0.00932	0.01165	0.26834	0.00719	0.05550	0.13746	0.07331	0.23705	0.02194	0.08078	0.00740	0.00504	0.00146	0.00509	0.00590	0.00426	0.00595
55	0.00621	0.00502	0.00553	0.00546	0.00696	0.00434	0.00414	0.00779	0.01197	0.01513	0.25768	0.04462	0.55728	0.01181	0.00584	0.00165	0.00251	0.03697	0.00480	0.00430
56	0.01348	0.10939	0.10928	0.01102	0.01474	0.06707	0.03335	0.14482	0.40360	0.01987	0.01465	0.01431	0.01104	0.00583	0.00472	0.00152	0.00517	0.00465	0.00405	0.00746
57	0.01179	0.01250	0.09352	0.14139	0.49625	0.01148	0.06568	0.01562	0.04960	0.03998	0.01002	0.01265	0.00793	0.00464	0.00493	0.00152	0.00609	0.00448	0.00261	0.00733

[dist]
# distance from previous block
# <min> <max>
0	1

[block]
# block no. 4 follows, 51 sequences, length 10
# corresponding to MSA columns:
# 551-560
name=unknown_E
#
# <colnr> <probs for GDERKNQSTAVLIFYWHMCP>
#	G	D	E	R	K	N	Q	S	T	A	V	L	I	F	Y	W	H	M	C	P
0	0.08564	0.23812	0.09157	0.01018	0.01328	0.11022	0.04503	0.05614	0.05018	0.01472	0.01113	0.11023	0.01056	0.02338	0.04641	0.00187	0.06760	0.00492	0.00290	0.00593
1	0.33037	0.02993	0.04347	0.01001	0.08986	0.03446	0.00730	0.05126	0.04628	0.12331	0.01134	0.01458	0.00941	0.13101	0.04641	0.00230	0.00508	0.00422	0.00346	0.00595
2	0.00738	0.00544	0.00709	0.00704	0.00821	0.00535	0.00544	0.01031	0.06535	0.01784	0.50788	0.10623	0.03808	0.01256	0.05809	0.00211	0.00351	0.12234	0.00499	0.00476
3	0.01183	0.09117	0.31485	0.01349	0.04416	0.03961	0.09873	0.12661	0.04242	0.01701	0.01103	0.08262	0.00941	0.00608	0.00573	0.00159	0.06900	0.00495	0.00290	0.00682
4	0.00986	0.02542	0.80183	0.01401	0.02127	0.01141	0.01816	0.01556	0.01038	0.01556	0.00882	0.01038	0.00623	0.00467	0.00467	0.00156	0.00726	0.00363	0.00208	0.00726
5	0.00780	0.03332	0.09799	0.00803	0.00938	0.00700	0.00679	0.00919	0.00834	0.01156	0.01553	0.09622	0.04365	0.23492	0.24964	0.05257	0.06256	0.03828	0.00291	0.00430
6	0.00931	0.00608	0.00701	0.00668	0.00806	0.00652	0.00503	0.01359	0.16559	0.03840	0.08773	0.02147	0.01660	0.08966	0.16946	0.00301	0.00511	0.00556	0.33002	0.00514
7	0.00677	0.00496	0.00601	0.00594	0.00691	0.00459	0.00427	0.00829	0.01152	0.01554	0.39088	0.07543	0.19419	0.18896	0.01006	0.00233	0.00304	0.05156	0.00461	0.00414
8	0.01141	0.09787	0.17227	0.01112	0.04318	0.01159	0.02977	0.06956	0.25418	0.01805	0.08211	0.02845	0.01332	0.00594	0.00499	0.00146	0.02750	0.00483	0.00365	0.10876
9	0.36283	0.01157	0.00982	0.00861	0.01111	0.16913	0.03628	0.06657	0.01113	0.06209	0.04759	0.06882	0.01137	0.09615	0.00642	0.00186	0.00509	0.00469	0.00342	0.00545

[dist]
# distance from previous block
# <min> <max>
0	47

# created by:
# /home/cegg/simao/soft/augustus-3.2.1/scripts/msa2prfl.pl ./align_prep/22440.fa
