[name]
unknown

[dist]
# distance from previous block
# <min> <max>
4	775

[block]
# block no. 0 follows, 40 sequences, length 24
# corresponding to MSA columns:
# 775-798
name=unknown_A
#
# <colnr> <probs for GDERKNQSTAVLIFYWHMCP>
#	G	D	E	R	K	N	Q	S	T	A	V	L	I	F	Y	W	H	M	C	P
0	0.12565	0.01047	0.01192	0.01046	0.01255	0.06061	0.00835	0.01685	0.01182	0.18926	0.01772	0.02168	0.06346	0.07512	0.14323	0.00356	0.17178	0.02033	0.01852	0.00664
1	0.13712	0.01087	0.04923	0.49448	0.03023	0.01198	0.04226	0.01453	0.01093	0.01625	0.01002	0.01473	0.00787	0.00764	0.00778	0.11340	0.00701	0.00487	0.00274	0.00606
2	0.14501	0.17410	0.01797	0.01289	0.01636	0.51170	0.01023	0.02116	0.01457	0.01594	0.00868	0.01010	0.00730	0.00571	0.00470	0.00150	0.00875	0.00353	0.00299	0.00681
3	0.13461	0.00734	0.00839	0.00839	0.00970	0.00789	0.00632	0.01059	0.01161	0.01729	0.08174	0.31003	0.22151	0.01379	0.00823	0.00216	0.10855	0.02175	0.00481	0.00530
4	0.01546	0.01402	0.01332	0.01176	0.01489	0.11548	0.00915	0.11699	0.44673	0.02438	0.13236	0.02253	0.02104	0.00813	0.00596	0.00186	0.00534	0.00663	0.00559	0.00839
5	0.12583	0.01534	0.01314	0.01150	0.01405	0.23613	0.00893	0.07349	0.01316	0.01780	0.01106	0.01534	0.00992	0.07930	0.12597	0.00316	0.10661	0.00469	0.00336	0.11121
6	0.01162	0.00960	0.01295	0.01207	0.05169	0.00977	0.07999	0.12368	0.12422	0.02153	0.13927	0.22908	0.12715	0.01156	0.00666	0.00200	0.00468	0.01031	0.00532	0.00685
7	0.00834	0.00601	0.00820	0.00814	0.00890	0.00652	0.00586	0.00986	0.01003	0.01413	0.11606	0.03035	0.02202	0.27358	0.43817	0.00718	0.01075	0.00750	0.00368	0.00471
8	0.01029	0.00935	0.01351	0.07667	0.01503	0.05448	0.15218	0.01189	0.01085	0.01388	0.01980	0.10590	0.06688	0.39386	0.01785	0.00377	0.00654	0.00862	0.00360	0.00504
9	0.01506	0.18134	0.13622	0.11770	0.24320	0.06226	0.01517	0.10133	0.01427	0.01885	0.01030	0.01281	0.00830	0.00570	0.00574	0.00169	0.03427	0.00453	0.00303	0.00823
10	0.00823	0.00564	0.00767	0.00833	0.00906	0.00567	0.00589	0.00958	0.01073	0.04033	0.02673	0.46124	0.05131	0.07036	0.23265	0.00455	0.00711	0.01237	0.01755	0.00499
11	0.01179	0.01365	0.11914	0.42298	0.23746	0.01275	0.01669	0.01576	0.01214	0.01649	0.01184	0.06190	0.00997	0.00635	0.00586	0.00189	0.00736	0.00574	0.00282	0.00741
12	0.01520	0.01310	0.01456	0.16046	0.03251	0.12823	0.01116	0.02062	0.17477	0.11224	0.01766	0.06836	0.01518	0.00880	0.00781	0.00204	0.10861	0.07692	0.00441	0.00736
13	0.01441	0.02250	0.29316	0.12311	0.13688	0.17560	0.11621	0.01891	0.01343	0.01716	0.01037	0.01311	0.00792	0.00553	0.00572	0.00178	0.00880	0.00478	0.00272	0.00790
14	0.01264	0.01582	0.17133	0.11523	0.01867	0.12652	0.01183	0.01566	0.01302	0.06727	0.03988	0.02596	0.21003	0.01095	0.05141	0.00233	0.07411	0.00688	0.00380	0.00667
15	0.01329	0.01252	0.02049	0.19553	0.48736	0.01269	0.01580	0.01670	0.01271	0.01808	0.01071	0.01428	0.00880	0.00519	0.00555	0.00164	0.00670	0.00491	0.00290	0.13415
16	0.01380	0.13905	0.26728	0.13955	0.11202	0.01553	0.12198	0.08920	0.01392	0.01904	0.01066	0.01325	0.00812	0.00550	0.00555	0.00176	0.00786	0.00482	0.00293	0.00818
17	0.01259	0.01178	0.01979	0.18094	0.50055	0.01225	0.01561	0.01576	0.01260	0.01753	0.01404	0.13336	0.01339	0.00730	0.00602	0.00187	0.00654	0.00691	0.00320	0.00797
18	0.01568	0.01184	0.01800	0.16818	0.31479	0.01231	0.01364	0.11493	0.01540	0.13264	0.05968	0.06832	0.01450	0.00711	0.00597	0.00183	0.00622	0.00636	0.00425	0.00836
19	0.01394	0.06671	0.01912	0.13224	0.02076	0.17326	0.10941	0.01616	0.01203	0.01489	0.01202	0.11193	0.01169	0.00861	0.01002	0.00205	0.24921	0.00638	0.00306	0.00652
20	0.01124	0.01299	0.11724	0.56067	0.03404	0.01221	0.01545	0.01530	0.01178	0.01596	0.01035	0.01454	0.00783	0.00554	0.00554	0.00176	0.00734	0.00479	0.00270	0.13271
21	0.00823	0.00563	0.00681	0.00701	0.00721	0.00572	0.00431	0.00866	0.00899	0.01212	0.02005	0.15114	0.02290	0.57574	0.12615	0.00564	0.00663	0.00939	0.00375	0.00393
22	0.14806	0.11119	0.07924	0.01525	0.16929	0.01243	0.01073	0.04050	0.05500	0.01888	0.01641	0.13448	0.03978	0.01293	0.10857	0.00283	0.00691	0.00671	0.00369	0.00711
23	0.00993	0.00868	0.01271	0.04763	0.25060	0.00850	0.00975	0.01276	0.04603	0.01734	0.07494	0.24120	0.21336	0.01179	0.00658	0.00199	0.00459	0.01052	0.00456	0.00653

[dist]
# distance from previous block
# <min> <max>
16	55

[block]
# block no. 1 follows, 40 sequences, length 7
# corresponding to MSA columns:
# 854-860
name=unknown_B
#
# <colnr> <probs for GDERKNQSTAVLIFYWHMCP>
#	G	D	E	R	K	N	Q	S	T	A	V	L	I	F	Y	W	H	M	C	P
0	0.04710	0.01202	0.10734	0.01497	0.15760	0.00987	0.01081	0.04060	0.07102	0.05806	0.23944	0.05585	0.02636	0.02719	0.00666	0.00192	0.00507	0.05028	0.00476	0.05309
1	0.01491	0.01511	0.05937	0.12449	0.18239	0.04597	0.14003	0.11894	0.13516	0.02104	0.01312	0.01550	0.01014	0.00637	0.00705	0.00190	0.07089	0.00560	0.00371	0.00833
2	0.01439	0.01283	0.06056	0.01283	0.01632	0.01244	0.09113	0.26957	0.03591	0.02376	0.02172	0.09814	0.09144	0.04317	0.00813	0.00215	0.04927	0.09342	0.00479	0.03803
3	0.14030	0.10427	0.10783	0.05601	0.01851	0.04412	0.12019	0.03532	0.05694	0.01888	0.01564	0.09690	0.01482	0.00846	0.00635	0.00198	0.03850	0.10432	0.00373	0.00695
4	0.00734	0.00538	0.00690	0.00764	0.00843	0.00494	0.00530	0.00884	0.01271	0.01705	0.21499	0.51742	0.12916	0.01623	0.00722	0.00218	0.00317	0.01453	0.00565	0.00494
5	0.01135	0.00962	0.01101	0.00880	0.01279	0.00816	0.00684	0.01578	0.12619	0.01899	0.01955	0.11165	0.08340	0.00751	0.00517	0.00132	0.00411	0.00633	0.00425	0.52719
6	0.01148	0.00970	0.01164	0.00873	0.01326	0.00768	0.00695	0.01398	0.01164	0.01811	0.01115	0.01373	0.00953	0.01040	0.12331	0.00218	0.00605	0.00388	0.00339	0.70323

[dist]
# distance from previous block
# <min> <max>
0	10

[block]
# block no. 2 follows, 40 sequences, length 14
# corresponding to MSA columns:
# 871-884
name=unknown_C
#
# <colnr> <probs for GDERKNQSTAVLIFYWHMCP>
#	G	D	E	R	K	N	Q	S	T	A	V	L	I	F	Y	W	H	M	C	P
0	0.01311	0.08670	0.05061	0.06867	0.01690	0.02447	0.05792	0.11169	0.12240	0.03467	0.01753	0.15818	0.01626	0.01353	0.11027	0.00286	0.02102	0.00736	0.00425	0.06159
1	0.01089	0.00579	0.00823	0.00796	0.00827	0.00591	0.00545	0.05589	0.00888	0.01185	0.01036	0.01743	0.01009	0.01933	0.02161	0.77611	0.00514	0.00506	0.00274	0.00301
2	0.01192	0.00986	0.00928	0.00888	0.01090	0.11928	0.00661	0.01470	0.07101	0.09584	0.13624	0.21472	0.24307	0.01254	0.00658	0.00195	0.00447	0.01066	0.00541	0.00607
3	0.01505	0.27532	0.41732	0.01352	0.02034	0.01584	0.01585	0.01956	0.01277	0.12679	0.01152	0.01243	0.00843	0.00559	0.00499	0.00164	0.00729	0.00414	0.00317	0.00842
4	0.01499	0.00878	0.01234	0.01371	0.12501	0.00845	0.00922	0.01839	0.07930	0.24385	0.02514	0.25280	0.02408	0.01163	0.00666	0.00211	0.00482	0.12563	0.00560	0.00747
5	0.01153	0.00815	0.00962	0.00871	0.01085	0.00813	0.00666	0.12056	0.08225	0.06607	0.34642	0.14211	0.13210	0.01179	0.00664	0.00192	0.00369	0.01019	0.00605	0.00654
6	0.13459	0.09112	0.49923	0.01495	0.02194	0.07306	0.05155	0.01852	0.01228	0.01884	0.00984	0.01164	0.00730	0.00547	0.00513	0.00176	0.00799	0.00411	0.00269	0.00798
7	0.01150	0.12743	0.55699	0.01445	0.02135	0.01346	0.01760	0.01676	0.01205	0.01727	0.01332	0.12690	0.01197	0.00733	0.00557	0.00184	0.00751	0.00595	0.00289	0.00787
8	0.13494	0.00705	0.00754	0.00702	0.00914	0.00702	0.00540	0.01601	0.01252	0.15701	0.01992	0.12727	0.01684	0.00825	0.00479	0.00164	0.00348	0.00672	0.44116	0.00627
9	0.01695	0.01568	0.01725	0.01413	0.01712	0.12335	0.06704	0.26151	0.10181	0.02334	0.01642	0.01771	0.07246	0.00822	0.00917	0.00197	0.19774	0.00586	0.00437	0.00792
10	0.01172	0.21211	0.37793	0.01247	0.01793	0.01386	0.01414	0.01565	0.01121	0.01553	0.01173	0.01701	0.01047	0.14274	0.08941	0.00312	0.00824	0.00491	0.00271	0.00710
11	0.01461	0.34336	0.14325	0.01191	0.01637	0.12839	0.01151	0.01911	0.10945	0.01625	0.01398	0.08069	0.01292	0.00735	0.00509	0.00165	0.00674	0.04652	0.00342	0.00742
12	0.00803	0.00636	0.00732	0.00703	0.00886	0.00544	0.00509	0.00966	0.01275	0.01686	0.15544	0.20105	0.31992	0.07895	0.00851	0.00217	0.00343	0.01126	0.00512	0.12675
13	0.06155	0.13212	0.08096	0.04058	0.11464	0.14279	0.01173	0.08148	0.07185	0.13915	0.01437	0.05901	0.01155	0.00679	0.00537	0.00171	0.00671	0.00533	0.00416	0.00814

[dist]
# distance from previous block
# <min> <max>
5	26

[block]
# block no. 3 follows, 40 sequences, length 9
# corresponding to MSA columns:
# 911-919
name=unknown_D
#
# <colnr> <probs for GDERKNQSTAVLIFYWHMCP>
#	G	D	E	R	K	N	Q	S	T	A	V	L	I	F	Y	W	H	M	C	P
0	0.00882	0.00682	0.00824	0.00860	0.00998	0.00680	0.00641	0.01307	0.13936	0.01852	0.17306	0.32670	0.13743	0.01449	0.00705	0.00218	0.00364	0.09742	0.00567	0.00574
1	0.05169	0.01190	0.11211	0.08800	0.07971	0.01016	0.01088	0.10058	0.04913	0.01990	0.04961	0.23133	0.07038	0.01107	0.00642	0.00206	0.00541	0.07832	0.00454	0.00680
2	0.01588	0.13868	0.25000	0.01675	0.02273	0.11697	0.19081	0.14282	0.01571	0.02033	0.01082	0.01272	0.00818	0.00560	0.00560	0.00172	0.00841	0.00483	0.00323	0.00822
3	0.00794	0.00597	0.00766	0.00819	0.00935	0.00524	0.00565	0.00922	0.01129	0.01555	0.02832	0.65797	0.03334	0.01583	0.00689	0.00210	0.00353	0.01429	0.00506	0.14660
4	0.01325	0.06408	0.22530	0.01720	0.02265	0.01360	0.27840	0.11268	0.01459	0.02003	0.01496	0.14740	0.01358	0.00764	0.00627	0.00193	0.00771	0.00739	0.00359	0.00776
5	0.01445	0.11885	0.02236	0.20743	0.41703	0.08891	0.01575	0.01760	0.01298	0.01684	0.01023	0.01360	0.00846	0.00538	0.00545	0.00169	0.00737	0.00476	0.00277	0.00808
6	0.01580	0.00964	0.01182	0.01100	0.04008	0.00969	0.00818	0.14245	0.11390	0.20965	0.04850	0.24846	0.06372	0.01120	0.00646	0.00201	0.00460	0.02917	0.00593	0.00773
7	0.01489	0.01535	0.02969	0.02422	0.13526	0.01517	0.50011	0.11428	0.01523	0.02085	0.01173	0.01512	0.00896	0.00548	0.00716	0.00193	0.04671	0.00631	0.00330	0.00824
8	0.01747	0.01584	0.02208	0.06124	0.33871	0.15178	0.13642	0.02062	0.01442	0.14565	0.01275	0.01488	0.00965	0.00566	0.00587	0.00175	0.00776	0.00532	0.00364	0.00852

[dist]
# distance from previous block
# <min> <max>
1	6

[block]
# block no. 4 follows, 40 sequences, length 10
# corresponding to MSA columns:
# 926-935
name=unknown_E
#
# <colnr> <probs for GDERKNQSTAVLIFYWHMCP>
#	G	D	E	R	K	N	Q	S	T	A	V	L	I	F	Y	W	H	M	C	P
0	0.18477	0.01433	0.01760	0.20139	0.27452	0.10184	0.01361	0.09043	0.01397	0.02071	0.01029	0.01314	0.00813	0.00565	0.00527	0.00177	0.00697	0.00460	0.00327	0.00774
1	0.00765	0.00575	0.00729	0.00796	0.00901	0.00510	0.00549	0.00889	0.01143	0.01540	0.03191	0.63438	0.09934	0.01627	0.00701	0.00215	0.00344	0.01461	0.00517	0.10174
2	0.00896	0.00570	0.00742	0.00799	0.00893	0.00525	0.00556	0.01026	0.01213	0.08201	0.10071	0.53813	0.09626	0.05293	0.02662	0.00255	0.00382	0.01404	0.00551	0.00523
3	0.01617	0.06444	0.01695	0.01484	0.07946	0.28733	0.06987	0.04446	0.08864	0.01788	0.01387	0.08278	0.01225	0.00694	0.00542	0.00159	0.00724	0.00564	0.06029	0.10394
4	0.10628	0.00671	0.00797	0.00750	0.00926	0.00644	0.00567	0.01224	0.01501	0.06430	0.51468	0.10544	0.09366	0.01162	0.00647	0.00188	0.00314	0.01004	0.00596	0.00572
5	0.00772	0.00539	0.00650	0.00711	0.00740	0.00517	0.00444	0.00828	0.01002	0.01322	0.02744	0.38377	0.08055	0.38573	0.01787	0.00388	0.00441	0.01241	0.00451	0.00417
6	0.21925	0.13994	0.09290	0.01300	0.01744	0.19154	0.07256	0.10406	0.01459	0.05163	0.01014	0.01152	0.00787	0.00581	0.00519	0.00167	0.02576	0.00411	0.00350	0.00751
7	0.01781	0.27174	0.05313	0.07143	0.13312	0.20561	0.01237	0.07032	0.01472	0.08312	0.01074	0.01222	0.00854	0.00568	0.00498	0.00154	0.00750	0.00418	0.00333	0.00791
8	0.18843	0.33361	0.02025	0.12827	0.06244	0.01653	0.01039	0.04603	0.01229	0.03688	0.01155	0.04520	0.01046	0.00654	0.00469	0.00166	0.00594	0.04844	0.00331	0.00709
9	0.14300	0.07145	0.23608	0.01281	0.01778	0.01249	0.08707	0.01905	0.07744	0.11479	0.01396	0.01724	0.01109	0.10011	0.03942	0.00256	0.00702	0.00527	0.00376	0.00757

[dist]
# distance from previous block
# <min> <max>
1	4

[block]
# block no. 5 follows, 40 sequences, length 9
# corresponding to MSA columns:
# 940-948
name=unknown_F
#
# <colnr> <probs for GDERKNQSTAVLIFYWHMCP>
#	G	D	E	R	K	N	Q	S	T	A	V	L	I	F	Y	W	H	M	C	P
0	0.01115	0.10774	0.03855	0.01484	0.14492	0.01058	0.07490	0.04238	0.01292	0.01725	0.02453	0.25126	0.13509	0.01052	0.00615	0.00184	0.00522	0.00939	0.00414	0.07664
1	0.11330	0.10327	0.01439	0.01198	0.07959	0.01201	0.03831	0.05345	0.08058	0.02076	0.11093	0.02064	0.03570	0.01067	0.07481	0.00240	0.05512	0.00589	0.14940	0.00682
2	0.09792	0.04745	0.21373	0.09241	0.02012	0.01212	0.07667	0.03725	0.07713	0.01898	0.01511	0.06952	0.03753	0.01024	0.07466	0.00247	0.00737	0.00589	0.00349	0.07995
3	0.01406	0.07408	0.25864	0.02142	0.21805	0.10560	0.09205	0.01815	0.01300	0.01753	0.03527	0.01387	0.00966	0.00602	0.00684	0.00180	0.07813	0.00493	0.00283	0.00807
4	0.00956	0.00772	0.00793	0.00721	0.00965	0.00722	0.00559	0.13739	0.01574	0.01940	0.05098	0.04856	0.62522	0.01336	0.00669	0.00193	0.00355	0.01103	0.00547	0.00579
5	0.11276	0.09755	0.08749	0.00987	0.01385	0.01206	0.00895	0.11538	0.08248	0.15899	0.01976	0.01969	0.07874	0.00722	0.00510	0.00169	0.00498	0.00557	0.15009	0.00778
6	0.01577	0.02867	0.03429	0.01473	0.07124	0.05964	0.13504	0.06554	0.01442	0.15081	0.07187	0.01875	0.01443	0.00833	0.03278	0.00205	0.09863	0.00592	0.14959	0.00751
7	0.01090	0.00813	0.01074	0.01022	0.01205	0.00815	0.04689	0.13872	0.01465	0.01921	0.02904	0.26603	0.12339	0.01470	0.00857	0.07694	0.00484	0.18598	0.00507	0.00579
8	0.01973	0.01297	0.01430	0.01150	0.01542	0.01399	0.00933	0.36926	0.17949	0.16027	0.01828	0.01764	0.01302	0.00719	0.00562	0.00175	0.00529	0.00566	0.11011	0.00918

[dist]
# distance from previous block
# <min> <max>
2	26

[block]
# block no. 6 follows, 40 sequences, length 9
# corresponding to MSA columns:
# 975-983
name=unknown_G
#
# <colnr> <probs for GDERKNQSTAVLIFYWHMCP>
#	G	D	E	R	K	N	Q	S	T	A	V	L	I	F	Y	W	H	M	C	P
0	0.01131	0.08239	0.00978	0.00743	0.00991	0.00729	0.00586	0.01290	0.01344	0.15445	0.04349	0.15084	0.44362	0.01290	0.00646	0.00192	0.00369	0.01082	0.00546	0.00605
1	0.01533	0.01186	0.01498	0.01566	0.15307	0.01256	0.01047	0.10054	0.29534	0.09290	0.01783	0.01855	0.01369	0.01165	0.10807	0.00276	0.00670	0.00576	0.00485	0.08743
2	0.01541	0.01263	0.01524	0.01259	0.01540	0.04147	0.07302	0.28685	0.08458	0.02390	0.03895	0.07498	0.01662	0.14045	0.01134	0.00259	0.07734	0.04445	0.00475	0.00742
3	0.01050	0.08306	0.01103	0.00940	0.01110	0.00890	0.00729	0.10810	0.03850	0.01841	0.02835	0.43195	0.06993	0.01457	0.00687	0.00219	0.00438	0.12437	0.00519	0.00593
4	0.08711	0.00620	0.00683	0.00717	0.00815	0.00608	0.00496	0.00952	0.01072	0.01505	0.03057	0.20856	0.18803	0.30082	0.01512	0.00345	0.00440	0.07818	0.00454	0.00454
5	0.16695	0.01294	0.02009	0.11637	0.53739	0.01357	0.01550	0.01736	0.01243	0.01984	0.01034	0.01360	0.00850	0.00529	0.00536	0.00176	0.00656	0.00480	0.00298	0.00835
6	0.01417	0.01414	0.01794	0.26025	0.26952	0.14115	0.01406	0.05483	0.01392	0.01760	0.06083	0.01757	0.01234	0.05882	0.00736	0.00202	0.00739	0.00551	0.00324	0.00734
7	0.01153	0.00823	0.01198	0.00986	0.01257	0.00782	0.14136	0.01519	0.06225	0.06913	0.02937	0.03002	0.22123	0.00875	0.00561	0.00171	0.00437	0.00771	0.33506	0.00628
8	0.01435	0.02633	0.62563	0.01542	0.02325	0.01258	0.01908	0.02026	0.01309	0.15698	0.01276	0.01368	0.00867	0.00584	0.00558	0.00183	0.00792	0.00459	0.00334	0.00884

[dist]
# distance from previous block
# <min> <max>
0	2

[block]
# block no. 7 follows, 40 sequences, length 8
# corresponding to MSA columns:
# 986-993
name=unknown_H
#
# <colnr> <probs for GDERKNQSTAVLIFYWHMCP>
#	G	D	E	R	K	N	Q	S	T	A	V	L	I	F	Y	W	H	M	C	P
0	0.00872	0.00701	0.00812	0.00798	0.01007	0.00643	0.00631	0.01194	0.07476	0.01796	0.12624	0.08816	0.34513	0.01329	0.00682	0.00202	0.00374	0.16458	0.00536	0.08537
1	0.01376	0.06726	0.13688	0.01982	0.02457	0.05838	0.38379	0.01774	0.01247	0.01700	0.01026	0.01383	0.00818	0.00624	0.00911	0.00200	0.18274	0.00568	0.00276	0.00754
2	0.07321	0.01225	0.01850	0.01528	0.05491	0.01230	0.20077	0.15108	0.07256	0.12290	0.05070	0.02521	0.08667	0.00807	0.00628	0.00193	0.00628	0.06823	0.00490	0.00796
3	0.00859	0.00718	0.00804	0.00763	0.00938	0.00707	0.00584	0.05899	0.01378	0.01737	0.09299	0.12358	0.51461	0.01393	0.00804	0.00204	0.07888	0.01142	0.00522	0.00541
4	0.12954	0.05667	0.05057	0.01001	0.01388	0.01276	0.00863	0.28273	0.01793	0.08716	0.01934	0.01957	0.09714	0.00739	0.00518	0.00167	0.00506	0.00563	0.14003	0.02910
5	0.01475	0.01250	0.03315	0.07825	0.05280	0.10345	0.00940	0.07169	0.06937	0.09492	0.14932	0.02013	0.01835	0.00817	0.00702	0.06949	0.00563	0.00578	0.00447	0.17138
6	0.01404	0.20927	0.19079	0.09484	0.11294	0.01586	0.04947	0.06812	0.09496	0.01891	0.01168	0.01346	0.00915	0.00562	0.00518	0.00163	0.00687	0.00458	0.00324	0.06939
7	0.18544	0.16042	0.11447	0.01191	0.04057	0.06546	0.05264	0.06653	0.01378	0.02113	0.12718	0.01688	0.01544	0.00653	0.00496	0.00164	0.00589	0.00507	0.05575	0.02829

[dist]
# distance from previous block
# <min> <max>
2	46

[block]
# block no. 8 follows, 40 sequences, length 18
# corresponding to MSA columns:
# 1040-1057
name=unknown_I
#
# <colnr> <probs for GDERKNQSTAVLIFYWHMCP>
#	G	D	E	R	K	N	Q	S	T	A	V	L	I	F	Y	W	H	M	C	P
0	0.03844	0.17773	0.01526	0.07481	0.01452	0.08892	0.00862	0.06343	0.01323	0.01725	0.15789	0.02055	0.01862	0.01581	0.15471	0.09696	0.00772	0.00577	0.00371	0.00605
1	0.01164	0.00848	0.01015	0.06335	0.01295	0.00849	0.00735	0.14052	0.01533	0.04375	0.12375	0.07929	0.16158	0.11009	0.00933	0.00237	0.00466	0.08913	0.03531	0.06249
2	0.01238	0.16049	0.18107	0.01125	0.01539	0.09853	0.01098	0.01708	0.10559	0.01670	0.03487	0.02374	0.16696	0.01274	0.10498	0.00271	0.00749	0.00632	0.00373	0.00699
3	0.27803	0.04926	0.11305	0.01162	0.01539	0.06188	0.05997	0.06773	0.01235	0.03471	0.01120	0.01381	0.00901	0.01148	0.11653	0.00288	0.05993	0.00452	0.05974	0.00689
4	0.12045	0.01326	0.10069	0.04466	0.16818	0.03681	0.08543	0.01703	0.01321	0.11310	0.06880	0.10902	0.06856	0.00817	0.00591	0.00188	0.00601	0.00720	0.00418	0.00745
5	0.00864	0.00669	0.00855	0.00846	0.01025	0.00593	0.00622	0.01031	0.01141	0.01595	0.02564	0.42554	0.05708	0.01724	0.09326	0.00277	0.00511	0.05994	0.00464	0.21638
6	0.01396	0.01540	0.10666	0.19105	0.19291	0.01480	0.14886	0.10810	0.01408	0.01953	0.01085	0.01437	0.00849	0.00618	0.00768	0.00194	0.10865	0.00538	0.00310	0.00800
7	0.22473	0.01349	0.01718	0.09297	0.23817	0.07749	0.07549	0.03577	0.06496	0.02054	0.01452	0.01717	0.05787	0.00640	0.00539	0.00182	0.00647	0.01848	0.00355	0.00754
8	0.12618	0.02338	0.01489	0.01323	0.01657	0.57727	0.01005	0.02134	0.01507	0.01637	0.00904	0.01055	0.00748	0.00570	0.00491	0.00146	0.00893	0.00363	0.00313	0.11081
9	0.11365	0.01003	0.01237	0.00949	0.01395	0.00875	0.00776	0.02297	0.01470	0.46401	0.04316	0.01745	0.01339	0.00641	0.00523	0.00156	0.00466	0.00509	0.00580	0.21956
10	0.01356	0.01518	0.07829	0.07635	0.33835	0.01453	0.24082	0.01744	0.01266	0.01793	0.01069	0.01450	0.00866	0.00581	0.00782	0.00193	0.10887	0.00563	0.00281	0.00820
11	0.12230	0.11520	0.10350	0.09632	0.16665	0.07739	0.01334	0.08630	0.02799	0.05819	0.01081	0.01291	0.00848	0.00609	0.00626	0.00177	0.07068	0.00450	0.00338	0.00792
12	0.01709	0.01298	0.01621	0.01536	0.12730	0.01380	0.01085	0.31435	0.01906	0.07713	0.10920	0.01787	0.01551	0.00739	0.00726	0.00174	0.09377	0.00571	0.00488	0.11255
13	0.00862	0.00742	0.01077	0.00952	0.01176	0.00651	0.09787	0.01063	0.01273	0.01695	0.10659	0.30469	0.24093	0.01309	0.00673	0.00195	0.00412	0.01178	0.00494	0.11241
14	0.12249	0.00878	0.01086	0.00906	0.01243	0.00822	0.00728	0.02072	0.01409	0.42962	0.02594	0.05617	0.12619	0.02596	0.09298	0.00277	0.00574	0.00700	0.00587	0.00784
15	0.05775	0.01203	0.01511	0.01186	0.01594	0.01223	0.05874	0.24083	0.09109	0.29005	0.11394	0.02052	0.01785	0.00757	0.00594	0.00181	0.00538	0.00628	0.00609	0.00895
16	0.01359	0.03704	0.11611	0.01756	0.02306	0.01319	0.36033	0.10799	0.01495	0.02045	0.01693	0.01896	0.09341	0.00628	0.00615	0.00176	0.00764	0.00641	0.00358	0.11461
17	0.00836	0.00654	0.00908	0.10601	0.01334	0.00644	0.00716	0.01006	0.01111	0.01523	0.02463	0.50562	0.02800	0.01772	0.09343	0.00290	0.00543	0.01223	0.00453	0.11216

[dist]
# distance from previous block
# <min> <max>
4	26

[block]
# block no. 9 follows, 40 sequences, length 16
# corresponding to MSA columns:
# 1084-1099
name=unknown_J
#
# <colnr> <probs for GDERKNQSTAVLIFYWHMCP>
#	G	D	E	R	K	N	Q	S	T	A	V	L	I	F	Y	W	H	M	C	P
0	0.01472	0.01454	0.02003	0.33936	0.24739	0.11269	0.05346	0.09412	0.01452	0.01852	0.01080	0.01437	0.00843	0.00573	0.00578	0.00180	0.00782	0.00508	0.00309	0.00775
1	0.07126	0.01126	0.01658	0.03740	0.17368	0.05232	0.13618	0.01553	0.01328	0.07443	0.02530	0.10839	0.16959	0.00951	0.00635	0.00196	0.00600	0.05979	0.00424	0.00696
2	0.08695	0.01450	0.02874	0.02067	0.02624	0.01353	0.56528	0.01790	0.01314	0.01934	0.01123	0.01460	0.00857	0.00486	0.00620	0.00178	0.00852	0.00603	0.00307	0.12886
3	0.01426	0.01434	0.02314	0.15256	0.52869	0.06332	0.08357	0.01779	0.01324	0.01799	0.01079	0.01443	0.00883	0.00531	0.00583	0.00177	0.00754	0.00524	0.00284	0.00848
4	0.07857	0.01331	0.03126	0.06759	0.06017	0.09248	0.01022	0.11017	0.18697	0.10960	0.01681	0.01806	0.02422	0.01324	0.13835	0.00312	0.00780	0.00556	0.00458	0.00792
5	0.00938	0.00686	0.00929	0.00895	0.01009	0.00766	0.00673	0.06554	0.01105	0.01554	0.06864	0.02648	0.01829	0.17930	0.52079	0.00754	0.01211	0.00688	0.00363	0.00526
6	0.00843	0.00682	0.00887	0.07697	0.01240	0.00653	0.00682	0.01032	0.01160	0.01550	0.03080	0.22885	0.22072	0.01920	0.16183	0.00342	0.00633	0.03354	0.00440	0.12666
7	0.01716	0.22993	0.06916	0.07349	0.13285	0.10212	0.01185	0.01982	0.01367	0.17296	0.01391	0.01484	0.03399	0.00597	0.00508	0.00155	0.00658	0.00464	0.00377	0.06665
8	0.06123	0.04312	0.36741	0.01722	0.07819	0.04594	0.07716	0.17242	0.01559	0.02234	0.01098	0.01279	0.00813	0.00593	0.00606	0.00182	0.03712	0.00469	0.00334	0.00854
9	0.00802	0.00706	0.04960	0.00761	0.00894	0.00582	0.00580	0.00974	0.01235	0.01667	0.23685	0.18655	0.16163	0.20353	0.05120	0.00325	0.00458	0.01093	0.00495	0.00493
10	0.01338	0.01320	0.02191	0.24275	0.27609	0.04771	0.16158	0.04420	0.01314	0.01751	0.01162	0.01689	0.00973	0.07598	0.00810	0.00217	0.00777	0.00575	0.00298	0.00755
11	0.01336	0.01492	0.09809	0.35462	0.29832	0.05734	0.01684	0.04591	0.01319	0.01758	0.01063	0.01441	0.00831	0.00561	0.00573	0.00182	0.00764	0.00500	0.00283	0.00784
12	0.01117	0.16875	0.01589	0.27801	0.02143	0.01233	0.01049	0.01499	0.07775	0.01624	0.03660	0.14439	0.06599	0.00915	0.00578	0.00187	0.00561	0.04702	0.05016	0.00639
13	0.09088	0.01397	0.01471	0.05587	0.04486	0.04585	0.01009	0.34616	0.18582	0.02837	0.01743	0.01759	0.04539	0.00721	0.00557	0.00179	0.00573	0.00562	0.04847	0.00860
14	0.01465	0.01685	0.02129	0.05995	0.02171	0.24276	0.28286	0.01765	0.01434	0.01688	0.08254	0.02108	0.09931	0.00737	0.00705	0.00184	0.05490	0.00667	0.00351	0.00679
15	0.23230	0.01779	0.19150	0.01160	0.01612	0.13381	0.01105	0.04737	0.04300	0.06168	0.01309	0.08237	0.01126	0.02773	0.00572	0.00184	0.00646	0.00525	0.00376	0.07631

[dist]
# distance from previous block
# <min> <max>
23	125

[block]
# block no. 10 follows, 40 sequences, length 87
# corresponding to MSA columns:
# 1250-1336
name=unknown_K
#
# <colnr> <probs for GDERKNQSTAVLIFYWHMCP>
#	G	D	E	R	K	N	Q	S	T	A	V	L	I	F	Y	W	H	M	C	P
0	0.11046	0.01918	0.16519	0.04682	0.01902	0.18489	0.04636	0.11462	0.11299	0.02116	0.01430	0.05242	0.01202	0.00730	0.00564	0.00185	0.00732	0.04684	0.00394	0.00767
1	0.01266	0.26082	0.31852	0.24043	0.02641	0.01626	0.01636	0.01706	0.01194	0.01591	0.00968	0.01232	0.00751	0.00544	0.00506	0.00169	0.00761	0.00419	0.00250	0.00762
2	0.00785	0.00593	0.00734	0.00820	0.00906	0.00576	0.00568	0.01053	0.08607	0.01620	0.06014	0.60611	0.11615	0.01656	0.00719	0.00226	0.00343	0.01484	0.00549	0.00522
3	0.01662	0.01247	0.02149	0.07139	0.17055	0.01262	0.20561	0.02052	0.04839	0.21648	0.05147	0.01786	0.01289	0.00666	0.00751	0.00192	0.08675	0.00613	0.00431	0.00837
4	0.01410	0.04129	0.05476	0.04390	0.50367	0.01433	0.20587	0.01801	0.01326	0.01863	0.01103	0.01450	0.00896	0.00513	0.00597	0.00178	0.00772	0.00552	0.00286	0.00872
5	0.00696	0.00589	0.00601	0.00598	0.00791	0.00495	0.00449	0.00851	0.01346	0.01619	0.10306	0.05517	0.71255	0.01455	0.00687	0.00196	0.00293	0.01216	0.00546	0.00495
6	0.02338	0.01153	0.01418	0.01117	0.01549	0.01132	0.00913	0.16195	0.14256	0.50231	0.02138	0.01902	0.01412	0.00727	0.00585	0.00182	0.00516	0.00586	0.00672	0.00978
7	0.01447	0.13750	0.02297	0.01595	0.01994	0.15537	0.27329	0.04835	0.01448	0.01757	0.05080	0.05612	0.05917	0.00784	0.00617	0.00184	0.00775	0.07974	0.00367	0.00699
8	0.01723	0.01387	0.01471	0.01239	0.01618	0.01576	0.00987	0.28779	0.48745	0.02879	0.02015	0.01889	0.01490	0.00756	0.00588	0.00189	0.00525	0.00609	0.00588	0.00945
9	0.00835	0.00610	0.00794	0.00792	0.00935	0.00570	0.00624	0.01095	0.01546	0.02124	0.52564	0.04960	0.12106	0.01310	0.00712	0.00203	0.00334	0.16742	0.00607	0.00540
10	0.01402	0.01151	0.06096	0.01289	0.01685	0.01003	0.17984	0.01925	0.13046	0.17139	0.09429	0.02994	0.20478	0.00899	0.00643	0.00191	0.00555	0.00815	0.00518	0.00757
11	0.01440	0.52874	0.21366	0.01307	0.01904	0.01981	0.08638	0.01779	0.01212	0.01536	0.00904	0.01070	0.00758	0.00510	0.00449	0.00146	0.00717	0.00378	0.00253	0.00778
12	0.00709	0.00506	0.00675	0.00810	0.00843	0.00472	0.00540	0.00810	0.01113	0.01484	0.03205	0.79184	0.03846	0.01822	0.00742	0.00236	0.00337	0.01653	0.00540	0.00472
13	0.01399	0.01443	0.01915	0.04966	0.20787	0.09280	0.01402	0.01595	0.01089	0.01534	0.00872	0.01303	0.00803	0.00830	0.01375	0.00221	0.47706	0.00498	0.00268	0.00714
14	0.06527	0.16655	0.05538	0.01548	0.01957	0.09576	0.20092	0.01989	0.06635	0.09253	0.01180	0.01376	0.00922	0.00640	0.00768	0.00184	0.13542	0.00506	0.00346	0.00766
15	0.00798	0.00613	0.00751	0.00822	0.00971	0.00565	0.00664	0.00994	0.01313	0.01652	0.06246	0.15033	0.34644	0.01564	0.00743	0.00231	0.00400	0.30947	0.00541	0.00509
16	0.00841	0.00581	0.00723	0.00723	0.00754	0.00612	0.00463	0.00903	0.00872	0.01193	0.01751	0.03356	0.01919	0.57359	0.24897	0.00673	0.00857	0.00780	0.00340	0.00402
17	0.01446	0.01330	0.02019	0.09046	0.48020	0.01409	0.01523	0.05208	0.19914	0.02076	0.01423	0.01631	0.01127	0.00599	0.00580	0.00181	0.00637	0.00553	0.00375	0.00901
18	0.01320	0.20877	0.37476	0.01734	0.02427	0.01612	0.23037	0.01824	0.01260	0.01735	0.01027	0.01258	0.00782	0.00521	0.00549	0.00173	0.00839	0.00477	0.00261	0.00810
19	0.00850	0.00639	0.00807	0.00903	0.00994	0.00644	0.00654	0.01201	0.11923	0.01661	0.03064	0.57245	0.03470	0.01639	0.00729	0.00235	0.00384	0.11864	0.00547	0.00547
20	0.02348	0.01463	0.01602	0.01240	0.01692	0.05297	0.01019	0.45476	0.02305	0.28965	0.01685	0.01582	0.01134	0.00701	0.00580	0.00175	0.00610	0.00537	0.00616	0.00973
21	0.01305	0.01140	0.01151	0.01049	0.01295	0.08857	0.00807	0.05731	0.31142	0.03345	0.22423	0.05362	0.03856	0.01282	0.08360	0.00263	0.00583	0.00770	0.00546	0.00734
22	0.00854	0.00610	0.00842	0.00976	0.01074	0.00598	0.00793	0.01062	0.01257	0.01648	0.03125	0.32870	0.03528	0.01684	0.00781	0.00256	0.00464	0.46528	0.00537	0.00513
23	0.00754	0.00556	0.00706	0.00745	0.00846	0.00508	0.00530	0.00936	0.01371	0.01858	0.34499	0.36851	0.14689	0.01502	0.00710	0.00208	0.00304	0.01336	0.00583	0.00508
24	0.00779	0.00593	0.00716	0.00685	0.00842	0.00530	0.00514	0.01012	0.01541	0.02084	0.52864	0.04753	0.28406	0.01282	0.00686	0.00187	0.00281	0.01109	0.00607	0.00530
25	0.01307	0.30835	0.49954	0.01418	0.02146	0.01694	0.01731	0.01805	0.01211	0.01670	0.00959	0.01121	0.00740	0.00533	0.00488	0.00163	0.00773	0.00387	0.00247	0.00818
26	0.01373	0.01569	0.03431	0.02451	0.03039	0.01471	0.73824	0.01863	0.01373	0.01863	0.01176	0.01569	0.00882	0.00490	0.00686	0.00196	0.00980	0.00686	0.00294	0.00784
27	0.83671	0.01125	0.00855	0.00765	0.01125	0.01305	0.00630	0.01709	0.00990	0.02609	0.00810	0.00945	0.00630	0.00540	0.00360	0.00180	0.00450	0.00315	0.00360	0.00630
28	0.02038	0.01543	0.01648	0.01303	0.01738	0.01723	0.01064	0.58012	0.18999	0.03387	0.01615	0.01571	0.01166	0.00719	0.00584	0.00180	0.00599	0.00554	0.00584	0.00974
29	0.00802	0.00592	0.00768	0.00870	0.00980	0.00559	0.00683	0.00986	0.01266	0.01636	0.06208	0.32355	0.17925	0.01643	0.00754	0.00239	0.00408	0.30279	0.00542	0.00504
30	0.00734	0.00525	0.00701	0.00817	0.00868	0.00492	0.00565	0.00862	0.01181	0.01585	0.10512	0.67274	0.03982	0.01745	0.00740	0.00233	0.00343	0.05808	0.00550	0.00484
31	0.01555	0.79913	0.03047	0.00995	0.01493	0.02301	0.00995	0.01741	0.01182	0.01368	0.00808	0.00933	0.00746	0.00498	0.00373	0.00124	0.00622	0.00311	0.00249	0.00746
32	0.01242	0.01314	0.02629	0.38440	0.03498	0.01386	0.39501	0.01684	0.01273	0.01684	0.01109	0.01560	0.00831	0.00534	0.00636	0.00195	0.00883	0.00606	0.00277	0.00719
33	0.00687	0.00589	0.00589	0.00589	0.00785	0.00491	0.00442	0.00835	0.01325	0.01571	0.05891	0.05596	0.75700	0.01473	0.00687	0.00196	0.00295	0.01227	0.00540	0.00491
34	0.01555	0.79913	0.03047	0.00995	0.01493	0.02301	0.00995	0.01741	0.01182	0.01368	0.00808	0.00933	0.00746	0.00498	0.00373	0.00124	0.00622	0.00311	0.00249	0.00746
35	0.00831	0.00623	0.00935	0.00935	0.01038	0.00727	0.00727	0.01038	0.00935	0.01350	0.01558	0.02285	0.01454	0.04361	0.77259	0.00935	0.01558	0.00623	0.00312	0.00519
36	0.02172	0.02772	0.01648	0.01498	0.01798	0.77228	0.01124	0.02322	0.01648	0.01423	0.00899	0.01049	0.00749	0.00599	0.00524	0.00150	0.01049	0.00375	0.00300	0.00674
37	0.00803	0.00588	0.00759	0.00773	0.00897	0.00544	0.00584	0.01032	0.01480	0.02029	0.46510	0.17948	0.12322	0.01382	0.00711	0.00204	0.00320	0.09988	0.00599	0.00528
38	0.01337	0.20442	0.33651	0.16255	0.02565	0.01550	0.09101	0.01801	0.01241	0.05353	0.01062	0.01293	0.00796	0.00547	0.00531	0.00173	0.00782	0.00453	0.00277	0.00791
39	0.01147	0.01249	0.12811	0.05066	0.05047	0.00972	0.16652	0.01519	0.03755	0.07141	0.02373	0.24229	0.08152	0.01072	0.00671	0.00209	0.00616	0.06203	0.00434	0.00684
40	0.01421	0.01032	0.01151	0.00967	0.01205	0.01098	0.00732	0.31116	0.04166	0.02529	0.20952	0.02902	0.02521	0.24115	0.01311	0.00292	0.00516	0.00761	0.00530	0.00684
41	0.01323	0.00829	0.00996	0.00937	0.01154	0.00826	0.00702	0.08126	0.13386	0.16030	0.04696	0.36056	0.09946	0.01295	0.00667	0.00208	0.00409	0.01132	0.00588	0.00693
42	0.01435	0.30635	0.11726	0.08363	0.02139	0.06343	0.13798	0.02926	0.01223	0.01569	0.00928	0.01206	0.00778	0.00608	0.00741	0.00175	0.13952	0.00450	0.00267	0.00739
43	0.01727	0.01969	0.02165	0.02523	0.34801	0.32539	0.09435	0.02000	0.01447	0.01682	0.01011	0.01287	0.00841	0.00566	0.00615	0.00169	0.03660	0.00477	0.00292	0.00794
44	0.01812	0.01371	0.01457	0.01193	0.01573	0.01534	0.00961	0.40635	0.28154	0.03059	0.01797	0.01758	0.01325	0.00728	0.00565	0.00178	0.00534	0.00573	0.09878	0.00914
45	0.01485	0.01981	0.34855	0.04966	0.09690	0.01307	0.01605	0.06507	0.04377	0.13592	0.01327	0.01498	0.00972	0.00865	0.05281	0.00234	0.07745	0.00501	0.00365	0.00847
46	0.07331	0.01669	0.10513	0.02594	0.36160	0.07050	0.14794	0.01801	0.01279	0.01852	0.01035	0.01358	0.00844	0.00575	0.00709	0.00185	0.08630	0.00513	0.00287	0.00821
47	0.29846	0.00913	0.00984	0.00834	0.01134	0.00921	0.00650	0.01888	0.01274	0.29007	0.09222	0.02219	0.01708	0.15895	0.00976	0.00254	0.00470	0.00591	0.00518	0.00698
48	0.01304	0.01019	0.01101	0.01127	0.05653	0.09598	0.00792	0.01699	0.12089	0.11656	0.10031	0.23225	0.07847	0.01472	0.08383	0.00271	0.00593	0.00954	0.00516	0.00671
49	0.01407	0.01551	0.01731	0.25584	0.05103	0.24491	0.10219	0.01697	0.01399	0.01625	0.09920	0.01991	0.05847	0.00861	0.03935	0.00211	0.00829	0.00603	0.00340	0.00656
50	0.01346	0.01955	0.29149	0.10048	0.22465	0.01357	0.18051	0.01841	0.01300	0.05266	0.01144	0.01429	0.00855	0.00540	0.00593	0.00185	0.00816	0.00527	0.00291	0.00844
51	0.00717	0.00527	0.00673	0.00770	0.00838	0.00483	0.00526	0.00842	0.01198	0.01583	0.10912	0.60875	0.14508	0.01707	0.00729	0.00225	0.00325	0.01530	0.00550	0.00483
52	0.01265	0.01231	0.02197	0.22861	0.37712	0.01280	0.13074	0.01620	0.01268	0.01742	0.01304	0.09341	0.01172	0.00662	0.00612	0.00188	0.00724	0.00659	0.00306	0.00781
53	0.01175	0.01105	0.01708	0.07945	0.43823	0.02474	0.01313	0.01448	0.01300	0.01742	0.02475	0.09442	0.19880	0.00880	0.00618	0.00185	0.00573	0.00794	0.00372	0.00749
54	0.01562	0.00872	0.01180	0.15796	0.01726	0.00880	0.00872	0.01913	0.08878	0.28667	0.02411	0.14480	0.07202	0.09840	0.00885	0.00238	0.00514	0.00823	0.00535	0.00727
55	0.01157	0.02118	0.40935	0.01505	0.02012	0.04569	0.05130	0.01597	0.01151	0.01659	0.01269	0.09353	0.01142	0.01157	0.08725	0.00278	0.14621	0.00599	0.00289	0.00733
56	0.01334	0.05417	0.31283	0.02645	0.39580	0.01415	0.06452	0.01810	0.01284	0.01852	0.01067	0.01343	0.00839	0.00529	0.00565	0.00177	0.00772	0.00485	0.00270	0.00881
57	0.01571	0.01655	0.05162	0.24993	0.11086	0.16111	0.06129	0.13635	0.02652	0.01925	0.01077	0.01384	0.00841	0.00637	0.00710	0.00186	0.08658	0.00499	0.00329	0.00761
58	0.04775	0.13675	0.32760	0.12742	0.02450	0.01437	0.12443	0.01691	0.01193	0.01706	0.01069	0.01376	0.00833	0.00923	0.08289	0.00254	0.00883	0.00478	0.00267	0.00756
59	0.09466	0.03006	0.01582	0.29136	0.02482	0.24993	0.01218	0.05727	0.13360	0.01837	0.01202	0.01418	0.00926	0.00621	0.00541	0.00177	0.00768	0.00473	0.00351	0.00717
60	0.07823	0.21249	0.03238	0.01377	0.09118	0.01705	0.01073	0.32331	0.01844	0.02565	0.01120	0.01222	0.00873	0.00580	0.00492	0.00151	0.00602	0.00429	0.00415	0.11793
61	0.39634	0.01219	0.01552	0.06891	0.32072	0.01304	0.01171	0.01711	0.01151	0.02203	0.00954	0.01202	0.00773	0.00527	0.00467	0.00172	0.00569	0.00413	0.00323	0.05692
62	0.09319	0.00856	0.01152	0.19973	0.09582	0.00926	0.00925	0.01314	0.05554	0.01666	0.02415	0.17503	0.13825	0.11415	0.00922	0.00248	0.00523	0.00884	0.00405	0.00592
63	0.02416	0.00996	0.01332	0.01056	0.01475	0.00893	0.00878	0.06933	0.01696	0.64450	0.02320	0.02407	0.01605	0.00808	0.00607	0.00188	0.00508	0.07796	0.00693	0.00944
64	0.01928	0.00904	0.01247	0.01196	0.09051	0.00803	0.00845	0.02143	0.01521	0.46525	0.05978	0.10524	0.12859	0.00945	0.00620	0.00188	0.00460	0.00804	0.00626	0.00836
65	0.01321	0.01274	0.02207	0.28669	0.47981	0.01356	0.05381	0.01688	0.01272	0.01758	0.01078	0.01483	0.00870	0.00538	0.00583	0.00181	0.00734	0.00526	0.00278	0.00821
66	0.01275	0.00680	0.00754	0.00708	0.00910	0.00669	0.00554	0.01650	0.07883	0.12258	0.02478	0.02791	0.09132	0.00838	0.00503	0.00162	0.00339	0.05557	0.50227	0.00632
67	0.00839	0.00659	0.00767	0.00728	0.00905	0.00619	0.00549	0.01208	0.08933	0.02080	0.44225	0.04555	0.29279	0.01246	0.00677	0.00189	0.00300	0.01072	0.00601	0.00566
68	0.01388	0.01084	0.01415	0.23843	0.02138	0.01234	0.01084	0.26151	0.01679	0.02252	0.06719	0.02224	0.01520	0.07868	0.13394	0.00342	0.00794	0.03742	0.00425	0.00707
69	0.04157	0.01115	0.00971	0.00917	0.01042	0.16468	0.00638	0.03640	0.04589	0.01457	0.03906	0.02753	0.01728	0.39607	0.14166	0.00483	0.00809	0.00681	0.00363	0.00509
70	0.00709	0.00506	0.00675	0.00810	0.00843	0.00472	0.00540	0.00810	0.01113	0.01484	0.03205	0.79184	0.03846	0.01822	0.00742	0.00236	0.00337	0.01653	0.00540	0.00472
71	0.01159	0.00921	0.01033	0.00954	0.01186	0.00979	0.00731	0.09743	0.26724	0.02283	0.21563	0.13895	0.12529	0.01132	0.00653	0.00198	0.00396	0.02626	0.00588	0.00706
72	0.08784	0.00955	0.01044	0.00938	0.01191	0.01016	0.00724	0.13152	0.18260	0.05808	0.14004	0.13135	0.09140	0.01069	0.00683	0.04028	0.00422	0.00841	0.04105	0.00701
73	0.00971	0.00727	0.00838	0.00843	0.00981	0.00756	0.00604	0.01511	0.20462	0.01900	0.14254	0.29166	0.05364	0.09573	0.00894	0.00241	0.00375	0.01087	0.08857	0.00596
74	0.00687	0.00589	0.00589	0.00589	0.00785	0.00491	0.00442	0.00835	0.01325	0.01571	0.05891	0.05596	0.75700	0.01473	0.00687	0.00196	0.00295	0.01227	0.00540	0.00491
75	0.00839	0.00561	0.00636	0.00643	0.00645	0.00559	0.00362	0.00844	0.00859	0.01146	0.01903	0.07687	0.02203	0.75560	0.02846	0.00547	0.00552	0.00887	0.00362	0.00359
76	0.00834	0.00591	0.00710	0.00684	0.00799	0.00546	0.00479	0.01004	0.01355	0.03172	0.39373	0.05693	0.17872	0.22859	0.01312	0.00291	0.00363	0.01030	0.00541	0.00490
77	0.00908	0.01369	0.24207	0.01217	0.01553	0.00831	0.07583	0.01221	0.01172	0.01628	0.02360	0.48323	0.02627	0.01313	0.00679	0.00217	0.00555	0.01191	0.00428	0.00619
78	0.00837	0.00562	0.00745	0.00827	0.00912	0.00522	0.00592	0.00989	0.01250	0.05152	0.14076	0.54242	0.06662	0.01641	0.00730	0.00227	0.00354	0.08604	0.00563	0.00515
79	0.00945	0.00708	0.00799	0.00733	0.00927	0.00663	0.00550	0.08368	0.01515	0.02042	0.26996	0.07422	0.29195	0.06904	0.00815	0.00210	0.00349	0.01009	0.05481	0.04367
80	0.00848	0.04046	0.00886	0.00878	0.00959	0.00682	0.00631	0.04272	0.01196	0.01588	0.02989	0.63462	0.05836	0.01655	0.00774	0.00229	0.04036	0.03998	0.00516	0.00519
81	0.00806	0.00646	0.00804	0.00796	0.00945	0.00592	0.03689	0.04302	0.01280	0.01621	0.04159	0.34524	0.35829	0.06212	0.00840	0.00233	0.00374	0.01318	0.00520	0.00511
82	0.00716	0.00583	0.00616	0.00618	0.00783	0.00502	0.00449	0.00861	0.01305	0.01605	0.12558	0.08760	0.58535	0.08452	0.00893	0.00230	0.00319	0.01195	0.00533	0.00484
83	0.00801	0.00653	0.00871	0.00931	0.04207	0.00596	0.03972	0.00969	0.01251	0.01594	0.06633	0.26168	0.33255	0.06169	0.00848	0.00236	0.00399	0.09420	0.00509	0.00517
84	0.01398	0.01245	0.02067	0.03024	0.61214	0.01239	0.01548	0.01702	0.01293	0.05306	0.01424	0.01826	0.04284	0.05482	0.04265	0.00233	0.00697	0.00576	0.00324	0.00853
85	0.05076	0.01187	0.01497	0.01477	0.08844	0.05957	0.01075	0.01366	0.01042	0.01510	0.01596	0.06955	0.09031	0.07401	0.01498	0.00254	0.42625	0.00670	0.00322	0.00618
86	0.05138	0.00873	0.01037	0.00957	0.01174	0.00922	0.00735	0.04247	0.17117	0.12821	0.10745	0.21160	0.09944	0.01305	0.04255	0.00238	0.05130	0.00957	0.00554	0.00691

[dist]
# distance from previous block
# <min> <max>
0	740

# created by:
# /home/cegg/simao/soft/augustus-3.2.1/scripts/msa2prfl.pl ./align_prep/22503.fa
