[name]
unknown

[dist]
# distance from previous block
# <min> <max>
0	323

[block]
# block no. 0 follows, 48 sequences, length 21
# corresponding to MSA columns:
# 438-458
name=unknown_A
#
# <colnr> <probs for GDERKNQSTAVLIFYWHMCP>
#	G	D	E	R	K	N	Q	S	T	A	V	L	I	F	Y	W	H	M	C	P
0	0.04708	0.07552	0.13374	0.01410	0.13926	0.06037	0.05082	0.03033	0.01159	0.05666	0.05725	0.09924	0.07872	0.00762	0.00614	0.00166	0.07112	0.03023	0.00339	0.02515
1	0.12454	0.14415	0.06226	0.01388	0.13086	0.20162	0.03322	0.09369	0.01296	0.03942	0.01016	0.05332	0.00869	0.00557	0.00448	0.00143	0.00626	0.00425	0.01494	0.03430
2	0.03310	0.23281	0.17630	0.01179	0.06594	0.07467	0.01073	0.03535	0.07393	0.11663	0.01248	0.01298	0.03563	0.00533	0.00442	0.00138	0.00571	0.00404	0.00329	0.08348
3	0.13798	0.20573	0.08704	0.01141	0.04007	0.03670	0.06946	0.12836	0.05390	0.12488	0.01107	0.01166	0.00826	0.00515	0.00439	0.00144	0.00554	0.00396	0.00359	0.04941
4	0.01439	0.19215	0.21585	0.10400	0.03647	0.09664	0.05431	0.15178	0.01375	0.05993	0.00985	0.01127	0.00741	0.00512	0.00467	0.00148	0.00672	0.00397	0.00303	0.00722
5	0.04034	0.04500	0.11318	0.01053	0.07196	0.00803	0.00833	0.07539	0.01173	0.01631	0.06951	0.34129	0.04568	0.04789	0.00671	0.00199	0.00440	0.07213	0.00408	0.00552
6	0.01470	0.56940	0.05663	0.00994	0.01394	0.20320	0.00930	0.01649	0.01143	0.01263	0.00777	0.00899	0.00683	0.00468	0.00369	0.00118	0.00635	0.00300	0.03347	0.00641
7	0.01342	0.34648	0.37597	0.01151	0.01730	0.01471	0.01327	0.01709	0.01120	0.12061	0.00988	0.01069	0.00738	0.00488	0.00427	0.00141	0.00629	0.00355	0.00275	0.00734
8	0.01025	0.00625	0.00780	0.00754	0.00933	0.00571	0.00570	0.01256	0.06012	0.16098	0.06720	0.32811	0.16578	0.01195	0.00597	0.00182	0.00340	0.06915	0.00503	0.05536
9	0.00708	0.00481	0.00571	0.00608	0.00618	0.00472	0.00363	0.00736	0.00821	0.01094	0.01999	0.28046	0.02347	0.56621	0.01994	0.00406	0.00434	0.00971	0.00363	0.00344
10	0.04531	0.21412	0.21108	0.01225	0.05131	0.10171	0.01162	0.14391	0.01391	0.13290	0.01067	0.01125	0.00787	0.00522	0.00450	0.00144	0.00626	0.00382	0.00340	0.00747
11	0.01098	0.17609	0.01211	0.00819	0.01018	0.04234	0.00644	0.08339	0.04496	0.05566	0.09208	0.31974	0.02277	0.06206	0.00666	0.00187	0.00419	0.00865	0.02605	0.00559
12	0.00746	0.00497	0.00560	0.00560	0.00560	0.00497	0.00311	0.00746	0.00746	0.00995	0.01617	0.03358	0.01865	0.81967	0.02612	0.00497	0.00497	0.00746	0.00311	0.00311
13	0.00718	0.00515	0.00685	0.00779	0.00849	0.00502	0.00593	0.00860	0.01034	0.01359	0.02713	0.36766	0.06956	0.10418	0.04495	0.00277	0.00432	0.29170	0.00448	0.00429
14	0.01534	0.05233	0.06788	0.01947	0.27866	0.11887	0.07634	0.23047	0.05489	0.02057	0.01067	0.01224	0.00828	0.00523	0.00503	0.00152	0.00657	0.00447	0.00339	0.00780
15	0.01183	0.25770	0.52406	0.01276	0.01920	0.01459	0.01545	0.06051	0.01150	0.01598	0.00879	0.01016	0.00666	0.00481	0.00443	0.00147	0.00686	0.00354	0.00235	0.00736
16	0.00648	0.00513	0.00583	0.00584	0.00723	0.00448	0.00431	0.00810	0.01241	0.01599	0.29127	0.13362	0.45606	0.01252	0.00612	0.00173	0.00258	0.01075	0.00506	0.00448
17	0.08994	0.16994	0.37141	0.01495	0.12332	0.11699	0.01422	0.01647	0.01117	0.01568	0.00853	0.01017	0.00667	0.00479	0.00442	0.00147	0.00688	0.00355	0.00238	0.00707
18	0.06459	0.10425	0.11834	0.10334	0.03994	0.19918	0.01104	0.16803	0.08259	0.01856	0.01084	0.03750	0.00871	0.00574	0.00472	0.00151	0.00656	0.00431	0.00331	0.00694
19	0.00715	0.00674	0.04814	0.00697	0.00888	0.00543	0.00579	0.00943	0.04389	0.01471	0.05586	0.14263	0.45016	0.01249	0.00611	0.00183	0.00336	0.12992	0.00460	0.03591
20	0.09976	0.07711	0.01312	0.03755	0.01396	0.10199	0.00797	0.15423	0.16105	0.02030	0.04536	0.01331	0.01071	0.00549	0.00445	0.00134	0.00501	0.00416	0.00383	0.21931

[dist]
# distance from previous block
# <min> <max>
6	44

[block]
# block no. 1 follows, 48 sequences, length 16
# corresponding to MSA columns:
# 509-524
name=unknown_B
#
# <colnr> <probs for GDERKNQSTAVLIFYWHMCP>
#	G	D	E	R	K	N	Q	S	T	A	V	L	I	F	Y	W	H	M	C	P
0	0.01099	0.09749	0.13085	0.03227	0.28441	0.01124	0.01193	0.01553	0.11407	0.01648	0.06344	0.09701	0.03640	0.00720	0.00523	0.00164	0.00528	0.04820	0.00340	0.00695
1	0.01083	0.10055	0.01110	0.06832	0.03309	0.07975	0.00697	0.01250	0.04046	0.07726	0.04032	0.21193	0.09744	0.05541	0.00801	0.08633	0.00463	0.02699	0.00382	0.02431
2	0.01451	0.01315	0.01366	0.01510	0.19093	0.18647	0.00980	0.12211	0.07072	0.08175	0.04772	0.04165	0.09619	0.00747	0.00534	0.00161	0.00574	0.06518	0.00403	0.00687
3	0.01157	0.01086	0.01367	0.01753	0.31527	0.07947	0.00990	0.01622	0.18060	0.01580	0.01700	0.05076	0.06934	0.15911	0.00914	0.00224	0.00534	0.00611	0.00349	0.00657
4	0.39853	0.01024	0.07507	0.01085	0.10760	0.00975	0.00805	0.02952	0.00993	0.01872	0.01280	0.07723	0.01257	0.09797	0.00690	0.00209	0.00471	0.09846	0.00336	0.00564
5	0.01473	0.40931	0.09771	0.01055	0.01482	0.09502	0.00997	0.14261	0.12783	0.01729	0.01033	0.01090	0.00829	0.00520	0.00417	0.00134	0.00588	0.00367	0.00317	0.00720
6	0.02067	0.01173	0.01292	0.01006	0.01399	0.08831	0.00820	0.20826	0.01665	0.45738	0.01607	0.01477	0.01066	0.00597	0.00498	0.00148	0.00512	0.00465	0.00539	0.08272
7	0.07774	0.17426	0.24742	0.01493	0.11373	0.12879	0.07575	0.01729	0.01167	0.07932	0.00953	0.01094	0.00728	0.00487	0.00455	0.00147	0.00679	0.00384	0.00275	0.00710
8	0.07640	0.01679	0.30669	0.01636	0.17875	0.01149	0.05108	0.09868	0.03134	0.06446	0.08765	0.01467	0.01183	0.00561	0.00502	0.00160	0.00605	0.00475	0.00333	0.00744
9	0.00947	0.02029	0.54973	0.01276	0.01816	0.01045	0.01511	0.01394	0.01053	0.01533	0.01463	0.13750	0.05003	0.00760	0.00617	0.00177	0.06729	0.02980	0.00278	0.00666
10	0.00799	0.00542	0.00616	0.08493	0.00941	0.00526	0.00487	0.01004	0.01137	0.01651	0.08839	0.03228	0.32780	0.00907	0.00493	0.00150	0.00292	0.00755	0.35891	0.00470
11	0.00955	0.04436	0.00870	0.02122	0.00980	0.11344	0.00589	0.02453	0.04904	0.04170	0.09501	0.28217	0.25207	0.01157	0.00580	0.00174	0.00399	0.00987	0.00448	0.00508
12	0.00935	0.00866	0.01445	0.72773	0.03256	0.01068	0.01331	0.01252	0.01022	0.01311	0.01103	0.09354	0.00954	0.00622	0.00527	0.00175	0.00646	0.00556	0.00253	0.00555
13	0.00619	0.00469	0.00572	0.00654	0.00728	0.00422	0.00450	0.00721	0.01040	0.01333	0.03560	0.57958	0.26596	0.01512	0.00640	0.00198	0.00286	0.01343	0.00476	0.00422
14	0.00967	0.00798	0.00888	0.00874	0.01052	0.00872	0.00647	0.01778	0.41563	0.01757	0.02617	0.33751	0.08118	0.01103	0.00581	0.00188	0.00352	0.00967	0.00500	0.00627
15	0.01882	0.01267	0.07214	0.01052	0.01455	0.01203	0.00917	0.41859	0.01900	0.25101	0.01485	0.01440	0.01017	0.00610	0.00496	0.00153	0.00509	0.00473	0.09144	0.00824

[dist]
# distance from previous block
# <min> <max>
0	10

[block]
# block no. 2 follows, 48 sequences, length 27
# corresponding to MSA columns:
# 535-553,588-595
name=unknown_C
#
# <colnr> <probs for GDERKNQSTAVLIFYWHMCP>
#	G	D	E	R	K	N	Q	S	T	A	V	L	I	F	Y	W	H	M	C	P
0	0.01344	0.09956	0.02221	0.16135	0.04493	0.19723	0.29862	0.01635	0.01184	0.01418	0.00896	0.01193	0.00715	0.00505	0.00602	0.00160	0.06610	0.00464	0.00248	0.00638
1	0.01227	0.01181	0.09513	0.01691	0.27178	0.02641	0.01101	0.04370	0.15219	0.08105	0.14735	0.04448	0.04964	0.00697	0.00534	0.00162	0.00492	0.00611	0.00408	0.00725
2	0.09910	0.03361	0.00922	0.00816	0.00923	0.19233	0.00570	0.01188	0.00936	0.01215	0.01236	0.02293	0.01327	0.46276	0.01739	0.00346	0.06419	0.00565	0.00292	0.00431
3	0.01549	0.01058	0.01216	0.00982	0.01303	0.01093	0.00786	0.35082	0.04913	0.12938	0.06811	0.13472	0.01581	0.00776	0.00557	0.00156	0.02729	0.00633	0.00493	0.11872
4	0.01793	0.01534	0.01420	0.01149	0.01495	0.17266	0.00922	0.51438	0.04710	0.02675	0.09228	0.01465	0.01267	0.00646	0.00513	0.00151	0.00598	0.00488	0.00469	0.00774
5	0.01205	0.00921	0.01093	0.00817	0.01227	0.00770	0.00657	0.08438	0.01195	0.07531	0.01073	0.01230	0.00863	0.00783	0.08696	0.00168	0.00505	0.00360	0.00345	0.62124
6	0.00740	0.00521	0.00678	0.00678	0.00719	0.00562	0.00458	0.00822	0.00781	0.01082	0.01509	0.02759	0.01605	0.47103	0.37120	0.00643	0.00889	0.00659	0.00295	0.00377
7	0.01094	0.01973	0.41187	0.10002	0.02539	0.01228	0.31359	0.01600	0.01128	0.01600	0.00966	0.01231	0.00704	0.00469	0.00537	0.00168	0.00793	0.00476	0.00235	0.00713
8	0.00739	0.00540	0.00652	0.00636	0.00786	0.00484	0.00492	0.00935	0.01315	0.04103	0.39935	0.04400	0.33017	0.01172	0.00614	0.00174	0.00279	0.08730	0.00523	0.00475
9	0.00670	0.00473	0.00599	0.00682	0.00716	0.00451	0.00454	0.00748	0.00942	0.01246	0.02597	0.52895	0.05934	0.22583	0.01168	0.00284	0.00361	0.06371	0.00433	0.00394
10	0.31413	0.11878	0.03139	0.01331	0.13427	0.01167	0.11996	0.01399	0.01016	0.01765	0.01193	0.15819	0.01165	0.00670	0.00457	0.00163	0.00508	0.00572	0.00313	0.00608
11	0.00624	0.00483	0.00569	0.00627	0.00724	0.00428	0.00440	0.00740	0.01092	0.01389	0.08595	0.44025	0.35550	0.01441	0.00631	0.00190	0.00278	0.01265	0.00482	0.00428
12	0.15288	0.01005	0.01263	0.02863	0.11045	0.01103	0.00881	0.03710	0.04696	0.01706	0.00944	0.01204	0.00801	0.00812	0.06474	0.00200	0.19953	0.00397	0.02030	0.23626
13	0.01083	0.01382	0.21671	0.01136	0.01542	0.01005	0.06577	0.01536	0.09128	0.04493	0.14094	0.01678	0.01510	0.00632	0.00647	0.00152	0.10722	0.00505	0.00346	0.20160
14	0.01388	0.40490	0.13629	0.01067	0.01465	0.22532	0.01019	0.01601	0.01152	0.01294	0.00986	0.09314	0.00943	0.00592	0.00423	0.00134	0.00655	0.00429	0.00258	0.00631
15	0.01684	0.00851	0.01036	0.00839	0.01160	0.00792	0.00681	0.14454	0.01536	0.40411	0.05207	0.02708	0.23263	0.00848	0.00548	0.00164	0.00403	0.02121	0.00564	0.00728
16	0.01630	0.15067	0.01587	0.01124	0.01462	0.22471	0.00911	0.20719	0.26011	0.02021	0.01302	0.01300	0.01002	0.00589	0.00472	0.00147	0.00608	0.00433	0.00401	0.00743
17	0.00965	0.16068	0.30197	0.01067	0.01478	0.01051	0.01162	0.01302	0.01094	0.01476	0.03079	0.07197	0.07590	0.01019	0.04676	0.00209	0.00609	0.18834	0.00324	0.00605
18	0.01290	0.34985	0.39009	0.01180	0.01767	0.01545	0.01365	0.07237	0.01182	0.04792	0.00905	0.01016	0.00696	0.00483	0.00426	0.00140	0.00645	0.00348	0.00257	0.00731
19	0.01045	0.21211	0.12129	0.01018	0.06876	0.01022	0.00866	0.01275	0.01152	0.06924	0.12216	0.16305	0.13099	0.00888	0.00517	0.00159	0.00446	0.01872	0.00383	0.00597
20	0.00611	0.00520	0.00526	0.00524	0.00696	0.00435	0.00393	0.00745	0.01180	0.01410	0.07826	0.04898	0.75915	0.01291	0.00606	0.00173	0.00259	0.01077	0.00480	0.00435
21	0.10987	0.01134	0.01825	0.17669	0.55394	0.01196	0.01428	0.01517	0.01107	0.01679	0.00926	0.01238	0.00758	0.00470	0.00487	0.00157	0.00599	0.00436	0.00256	0.00737
22	0.01410	0.01293	0.01809	0.23349	0.27791	0.07036	0.06190	0.21269	0.01479	0.01952	0.01013	0.01269	0.00780	0.00517	0.00514	0.00158	0.00657	0.00458	0.00316	0.00739
23	0.01130	0.01240	0.06933	0.27305	0.24016	0.01247	0.19256	0.01475	0.01088	0.01503	0.00932	0.01301	0.00739	0.00517	0.00654	0.00171	0.09087	0.00486	0.00242	0.00677
24	0.00734	0.00546	0.00808	0.00808	0.00894	0.00632	0.00621	0.00906	0.00820	0.01179	0.01390	0.02100	0.01319	0.08758	0.75074	0.00804	0.01319	0.00562	0.00277	0.00449
25	0.00987	0.00924	0.01557	0.68284	0.11234	0.01121	0.01398	0.01317	0.01030	0.01343	0.00943	0.01393	0.00730	0.00689	0.04847	0.00205	0.00714	0.00461	0.00233	0.00589
26	0.01263	0.01264	0.02034	0.14140	0.57531	0.06159	0.07008	0.01572	0.01169	0.01595	0.00952	0.01271	0.00782	0.00468	0.00513	0.00155	0.00659	0.00460	0.00251	0.00755

[dist]
# distance from previous block
# <min> <max>
0	7

[block]
# block no. 3 follows, 48 sequences, length 20
# corresponding to MSA columns:
# 603-614,639-646
name=unknown_D
#
# <colnr> <probs for GDERKNQSTAVLIFYWHMCP>
#	G	D	E	R	K	N	Q	S	T	A	V	L	I	F	Y	W	H	M	C	P
0	0.00638	0.00466	0.00604	0.00708	0.00762	0.00432	0.00492	0.00743	0.01020	0.01336	0.03107	0.66668	0.12464	0.01556	0.00653	0.00206	0.00306	0.06941	0.00476	0.00423
1	0.01951	0.01437	0.01540	0.01181	0.01591	0.01591	0.00975	0.77056	0.02412	0.03234	0.01232	0.01232	0.00873	0.00616	0.00513	0.00154	0.00565	0.00462	0.00513	0.00873
2	0.00653	0.00500	0.00639	0.04883	0.00882	0.00468	0.00506	0.00786	0.01096	0.01432	0.13760	0.47454	0.22272	0.01396	0.00628	0.00191	0.00301	0.01238	0.00475	0.00438
3	0.00639	0.00460	0.00616	0.00725	0.00766	0.00437	0.00498	0.00741	0.00988	0.01316	0.02811	0.71901	0.05326	0.01709	0.04843	0.00241	0.00361	0.04731	0.00465	0.00422
4	0.00612	0.00520	0.00527	0.00525	0.00696	0.00435	0.00394	0.00746	0.01182	0.01415	0.08332	0.04891	0.75406	0.01289	0.00606	0.00173	0.00259	0.01076	0.00480	0.00435
5	0.01123	0.01123	0.01572	0.01347	0.01347	0.01572	0.01123	0.01235	0.00786	0.01235	0.00674	0.01123	0.00674	0.00898	0.01684	0.00225	0.81028	0.00449	0.00225	0.00561
6	0.01064	0.00912	0.01064	0.00760	0.01216	0.00684	0.00608	0.01292	0.01064	0.01672	0.00912	0.01064	0.00760	0.00380	0.00380	0.00076	0.00380	0.00304	0.00304	0.85104
7	0.01372	0.82276	0.02689	0.00878	0.01317	0.02030	0.00878	0.01536	0.01043	0.01207	0.00713	0.00823	0.00658	0.00439	0.00329	0.00110	0.00549	0.00274	0.00219	0.00658
8	0.01270	0.01219	0.02083	0.03149	0.78767	0.01219	0.01575	0.01575	0.01168	0.01676	0.00965	0.01270	0.00813	0.00457	0.00508	0.00152	0.00610	0.00457	0.00254	0.00813
9	0.00951	0.00529	0.00542	0.00533	0.00649	0.00542	0.00386	0.01248	0.06886	0.01799	0.01697	0.02120	0.01413	0.12252	0.00694	0.00178	0.00289	0.00524	0.66288	0.00480
10	0.01389	0.01304	0.01967	0.06844	0.57619	0.06955	0.04068	0.07783	0.01295	0.04374	0.01010	0.01267	0.00814	0.00483	0.00509	0.00153	0.00636	0.00455	0.00288	0.00787
11	0.00988	0.00981	0.01198	0.01067	0.01133	0.05773	0.00862	0.01104	0.00947	0.01284	0.02101	0.08406	0.22461	0.01043	0.01234	0.00204	0.47687	0.00696	0.00316	0.00517
12	0.01136	0.12708	0.49709	0.01348	0.06161	0.01207	0.01498	0.01587	0.01093	0.04204	0.00932	0.01079	0.00699	0.00467	0.00451	0.00141	0.00651	0.00362	0.00247	0.14321
13	0.01302	0.01294	0.01750	0.12767	0.45823	0.12443	0.01338	0.05723	0.01246	0.01623	0.01129	0.07427	0.01021	0.00593	0.00518	0.00158	0.00635	0.02206	0.00288	0.00715
14	0.02302	0.00873	0.01191	0.00913	0.01310	0.00754	0.00754	0.02501	0.01469	0.79122	0.02024	0.01746	0.01270	0.00635	0.00516	0.00159	0.00437	0.00516	0.00635	0.00873
15	0.04389	0.01404	0.01959	0.14345	0.02207	0.15530	0.27644	0.07333	0.01302	0.09143	0.01049	0.01273	0.00783	0.00514	0.00571	0.00159	0.04101	0.00477	0.00314	0.05503
16	0.01084	0.09792	0.62388	0.01500	0.02198	0.01282	0.11531	0.01619	0.01096	0.01589	0.00917	0.01098	0.00667	0.00476	0.00488	0.00159	0.00753	0.00399	0.00222	0.00741
17	0.02302	0.00873	0.01191	0.00913	0.01310	0.00754	0.00754	0.02501	0.01469	0.79122	0.02024	0.01746	0.01270	0.00635	0.00516	0.00159	0.00437	0.00516	0.00635	0.00873
18	0.00746	0.00497	0.00560	0.00560	0.00560	0.00497	0.00311	0.00746	0.00746	0.00995	0.01617	0.03358	0.01865	0.81967	0.02612	0.00497	0.00497	0.00746	0.00311	0.00311
19	0.01282	0.07959	0.06141	0.01568	0.01844	0.12967	0.24887	0.01527	0.01053	0.01384	0.00821	0.01150	0.00702	0.00640	0.00997	0.00182	0.33569	0.00463	0.00241	0.00625

[dist]
# distance from previous block
# <min> <max>
0	19

[block]
# block no. 4 follows, 48 sequences, length 38
# corresponding to MSA columns:
# 666-703
name=unknown_E
#
# <colnr> <probs for GDERKNQSTAVLIFYWHMCP>
#	G	D	E	R	K	N	Q	S	T	A	V	L	I	F	Y	W	H	M	C	P
0	0.00816	0.00554	0.00656	0.00612	0.00783	0.00486	0.00466	0.01003	0.01324	0.08845	0.37731	0.04149	0.38429	0.01126	0.00598	0.00167	0.00268	0.00961	0.00531	0.00497
1	0.00643	0.00460	0.00611	0.00703	0.00748	0.00428	0.00478	0.00758	0.01063	0.01438	0.15834	0.68260	0.03643	0.01512	0.00646	0.00200	0.00288	0.01367	0.00492	0.00428
2	0.01622	0.01913	0.01421	0.01481	0.12144	0.51365	0.01000	0.01942	0.11128	0.01433	0.01177	0.08833	0.01059	0.00644	0.00495	0.00148	0.00755	0.00488	0.00316	0.00636
3	0.01361	0.12065	0.01913	0.14618	0.37578	0.08892	0.01303	0.08591	0.05750	0.01687	0.00997	0.01227	0.00807	0.00499	0.00482	0.00149	0.00627	0.00428	0.00286	0.00739
4	0.07622	0.00950	0.04208	0.00919	0.01325	0.00797	0.00786	0.02402	0.01415	0.71148	0.01897	0.01662	0.01200	0.00619	0.00502	0.00159	0.00447	0.00495	0.00598	0.00848
5	0.00770	0.00597	0.00868	0.00847	0.00922	0.00713	0.00654	0.00929	0.00814	0.01176	0.01333	0.02062	0.01282	0.11062	0.65319	0.00738	0.08625	0.00559	0.00274	0.00454
6	0.03603	0.03828	0.50772	0.08697	0.02146	0.19196	0.01590	0.01688	0.01156	0.01523	0.00881	0.01062	0.00653	0.00498	0.00477	0.00155	0.00776	0.00370	0.00231	0.00696
7	0.01148	0.17463	0.45678	0.01663	0.12843	0.01366	0.09735	0.01603	0.01101	0.01555	0.00900	0.01092	0.00688	0.00468	0.00473	0.00152	0.00709	0.00395	0.00227	0.00740
8	0.00694	0.00487	0.00611	0.00681	0.00765	0.00441	0.00478	0.00807	0.01068	0.04256	0.06026	0.55352	0.20990	0.01473	0.00638	0.00198	0.00298	0.03809	0.00485	0.00442
9	0.01158	0.01234	0.02482	0.05028	0.19388	0.01204	0.47408	0.01515	0.01157	0.01592	0.01168	0.08737	0.01019	0.00568	0.00628	0.00174	0.03941	0.00640	0.00276	0.00684
10	0.01195	0.01410	0.12866	0.17239	0.46699	0.03475	0.06615	0.01551	0.01141	0.01587	0.00949	0.01260	0.00759	0.00472	0.00511	0.00158	0.00671	0.00452	0.00245	0.00746
11	0.01398	0.21892	0.23237	0.01064	0.01574	0.01309	0.01103	0.13712	0.01339	0.10325	0.03815	0.01210	0.00924	0.00514	0.00441	0.00133	0.00558	0.00388	0.00338	0.14725
12	0.10810	0.28393	0.42973	0.01173	0.01767	0.01473	0.01383	0.03904	0.01087	0.01615	0.00839	0.00975	0.00649	0.00474	0.00417	0.00145	0.00643	0.00336	0.00238	0.00706
13	0.00995	0.00874	0.00858	0.00800	0.00997	0.09088	0.00628	0.10954	0.04004	0.01731	0.13777	0.03594	0.31941	0.01320	0.07892	0.00232	0.00498	0.08828	0.00454	0.00534
14	0.01088	0.01034	0.01755	0.49941	0.33393	0.01171	0.01484	0.01416	0.01082	0.01456	0.00933	0.01329	0.00735	0.00491	0.00511	0.00164	0.00654	0.00456	0.00238	0.00666
15	0.00925	0.05548	0.46532	0.01208	0.01706	0.00981	0.04299	0.01337	0.01088	0.01558	0.07292	0.22068	0.01681	0.00815	0.00537	0.00172	0.00595	0.00703	0.00312	0.00642
16	0.01213	0.01217	0.02244	0.13797	0.49096	0.01228	0.20469	0.01555	0.01159	0.01617	0.00976	0.01312	0.00786	0.00459	0.00533	0.00160	0.00684	0.00494	0.00252	0.00748
17	0.00733	0.00550	0.00825	0.00825	0.00916	0.00641	0.00641	0.00916	0.00825	0.01191	0.01374	0.02016	0.01283	0.03848	0.79934	0.00825	0.01374	0.00550	0.00275	0.00458
18	0.01278	0.01174	0.04136	0.18438	0.55911	0.01169	0.01495	0.01591	0.01159	0.07221	0.01030	0.01319	0.00816	0.00482	0.00509	0.00157	0.00616	0.00459	0.00275	0.00767
19	0.10086	0.08504	0.12392	0.01222	0.01651	0.06622	0.11514	0.19162	0.06083	0.11819	0.01266	0.05240	0.00981	0.00594	0.00491	0.00157	0.00600	0.00490	0.00389	0.00736
20	0.00769	0.00577	0.00718	0.00673	0.00814	0.00554	0.00508	0.01114	0.08467	0.02019	0.66363	0.03733	0.09666	0.01034	0.00598	0.00163	0.00258	0.00907	0.00555	0.00511
21	0.00713	0.00523	0.00688	0.00688	0.00791	0.00537	0.00515	0.00814	0.00917	0.01208	0.02617	0.02999	0.27535	0.05802	0.38938	0.12412	0.00830	0.00724	0.00338	0.00411
22	0.04022	0.15199	0.53454	0.01578	0.12775	0.01329	0.01641	0.01600	0.01081	0.01588	0.00887	0.01059	0.00671	0.00475	0.00459	0.00152	0.00691	0.00370	0.00226	0.00743
23	0.01035	0.07280	0.33193	0.07275	0.01865	0.01142	0.08339	0.01575	0.10959	0.01625	0.08135	0.01801	0.06205	0.03867	0.00637	0.00178	0.03372	0.00535	0.00312	0.00668
24	0.02302	0.00873	0.01191	0.00913	0.01310	0.00754	0.00754	0.02501	0.01469	0.79122	0.02024	0.01746	0.01270	0.00635	0.00516	0.00159	0.00437	0.00516	0.00635	0.00873
25	0.01177	0.01360	0.12813	0.18160	0.53240	0.01200	0.01590	0.01530	0.01128	0.01597	0.00948	0.01263	0.00765	0.00472	0.00506	0.00157	0.00645	0.00446	0.00244	0.00757
26	0.01285	0.01497	0.19928	0.09577	0.43917	0.01163	0.04220	0.01655	0.01166	0.09142	0.01055	0.01286	0.00806	0.00486	0.00508	0.00158	0.00643	0.00450	0.00280	0.00780
27	0.01126	0.01129	0.01118	0.20763	0.03590	0.20613	0.00895	0.01336	0.01234	0.03676	0.11123	0.08628	0.14141	0.00876	0.00555	0.00169	0.00566	0.07552	0.00371	0.00538
28	0.00697	0.00526	0.00657	0.00630	0.00762	0.00486	0.00475	0.00905	0.01324	0.01809	0.52989	0.03943	0.23025	0.01370	0.07910	0.00225	0.00351	0.00932	0.00516	0.00469
29	0.00764	0.00627	0.00893	0.01100	0.13882	0.00620	0.00684	0.00933	0.01046	0.01402	0.07144	0.22857	0.21455	0.01905	0.21896	0.00353	0.00626	0.00921	0.00390	0.00502
30	0.01227	0.01330	0.09157	0.08269	0.66603	0.01211	0.01594	0.01561	0.01151	0.01647	0.00957	0.01259	0.00789	0.00464	0.00506	0.00155	0.00628	0.00450	0.00249	0.00791
31	0.01180	0.09015	0.23905	0.19635	0.27327	0.01254	0.04474	0.01564	0.01114	0.04416	0.00960	0.01220	0.00739	0.00482	0.00491	0.00157	0.00666	0.00426	0.00249	0.00727
32	0.01078	0.01101	0.01271	0.19079	0.01710	0.13899	0.00988	0.01239	0.01004	0.01276	0.01351	0.23732	0.01437	0.00950	0.00932	0.00193	0.27215	0.00715	0.00302	0.00528
33	0.04712	0.01281	0.01607	0.09182	0.30125	0.15882	0.05876	0.01608	0.01253	0.08331	0.08540	0.01733	0.06448	0.00603	0.00515	0.00155	0.00610	0.00527	0.00334	0.00680
34	0.01084	0.00874	0.01404	0.01748	0.30241	0.00855	0.06113	0.01293	0.01127	0.08932	0.02109	0.26981	0.10162	0.00943	0.00616	0.00177	0.03465	0.00856	0.00384	0.00635
35	0.01288	0.01914	0.28258	0.04574	0.34601	0.14719	0.04158	0.01668	0.01186	0.01574	0.00921	0.01154	0.00726	0.00481	0.00497	0.00154	0.00725	0.00414	0.00242	0.00745
36	0.01401	0.01496	0.01495	0.01753	0.26666	0.27807	0.01070	0.03776	0.01272	0.01543	0.01149	0.07044	0.01073	0.00616	0.00494	0.00142	0.00646	0.05285	0.00303	0.14969
37	0.01312	0.09244	0.01789	0.11036	0.39118	0.11450	0.01245	0.04539	0.01225	0.03490	0.01288	0.05508	0.05397	0.00589	0.00499	0.00152	0.00611	0.00511	0.00293	0.00704

[dist]
# distance from previous block
# <min> <max>
8	21

[block]
# block no. 5 follows, 48 sequences, length 82
# corresponding to MSA columns:
# 725-806
name=unknown_F
#
# <colnr> <probs for GDERKNQSTAVLIFYWHMCP>
#	G	D	E	R	K	N	Q	S	T	A	V	L	I	F	Y	W	H	M	C	P
0	0.01239	0.22683	0.09167	0.00972	0.01338	0.04074	0.00893	0.14763	0.01248	0.01674	0.01040	0.01289	0.00883	0.01408	0.22301	0.00315	0.00788	0.00400	0.00301	0.13223
1	0.01162	0.08285	0.46517	0.01353	0.05835	0.01236	0.01466	0.10983	0.06044	0.01849	0.06597	0.01473	0.03824	0.00579	0.00494	0.00158	0.00634	0.00461	0.00308	0.00740
2	0.05147	0.26440	0.01435	0.00806	0.01103	0.03888	0.00686	0.05383	0.09009	0.07548	0.02293	0.02328	0.22329	0.03842	0.05477	0.00201	0.00502	0.00593	0.00381	0.00608
3	0.01117	0.07387	0.07325	0.01204	0.08883	0.01060	0.04435	0.06180	0.21668	0.01773	0.01881	0.14050	0.06870	0.00780	0.00520	0.00159	0.00467	0.02557	0.00397	0.11287
4	0.01336	0.03492	0.12607	0.05024	0.36860	0.05243	0.10778	0.01669	0.01189	0.08869	0.01046	0.01261	0.00808	0.00474	0.00501	0.00150	0.00645	0.00447	0.00288	0.07313
5	0.01390	0.05234	0.43300	0.01515	0.08986	0.01169	0.06932	0.06080	0.01253	0.17523	0.01168	0.01255	0.00814	0.00516	0.00499	0.00159	0.00667	0.00431	0.00326	0.00784
6	0.00667	0.00500	0.00592	0.00624	0.00716	0.00456	0.00438	0.00790	0.01098	0.01429	0.17218	0.25961	0.27656	0.14882	0.00961	0.00238	0.00317	0.04573	0.00465	0.00419
7	0.01313	0.06734	0.18342	0.09799	0.03459	0.08938	0.34495	0.01704	0.01198	0.07553	0.01032	0.01267	0.00762	0.00478	0.00532	0.00161	0.00774	0.00487	0.00274	0.00697
8	0.05824	0.01294	0.03543	0.01846	0.22802	0.08821	0.17167	0.08901	0.05150	0.04486	0.03471	0.09686	0.01212	0.00642	0.00565	0.00165	0.02790	0.00591	0.00342	0.00702
9	0.00942	0.01717	0.40178	0.07538	0.03918	0.00988	0.10770	0.01351	0.01069	0.01517	0.01461	0.23319	0.01428	0.00790	0.00551	0.00177	0.00635	0.00712	0.00295	0.00643
10	0.00621	0.00520	0.00540	0.00535	0.00702	0.00439	0.00401	0.00765	0.01204	0.01469	0.14217	0.04802	0.69488	0.01269	0.00606	0.00172	0.00258	0.01064	0.00487	0.00439
11	0.01158	0.01358	0.06774	0.01152	0.01420	0.22558	0.12435	0.01433	0.04339	0.01470	0.07921	0.06840	0.13119	0.04856	0.04370	0.00213	0.00659	0.07010	0.00358	0.00557
12	0.01267	0.13444	0.42921	0.09156	0.07464	0.06718	0.01516	0.01688	0.01139	0.08647	0.00987	0.01137	0.00724	0.00497	0.00470	0.00153	0.00693	0.00387	0.00263	0.00729
13	0.00974	0.01666	0.41388	0.01193	0.01653	0.00903	0.03489	0.01390	0.01115	0.03567	0.01652	0.08717	0.01567	0.00841	0.00556	0.00183	0.00599	0.21101	0.06812	0.00633
14	0.01069	0.00587	0.00598	0.00558	0.00710	0.00604	0.00428	0.09780	0.01227	0.02062	0.01624	0.01836	0.01265	0.00600	0.00376	0.00123	0.00276	0.00476	0.75276	0.00523
15	0.01057	0.13979	0.62751	0.01321	0.01988	0.01263	0.01650	0.01566	0.01103	0.01595	0.06334	0.01239	0.00945	0.00520	0.00473	0.00155	0.00692	0.00403	0.00241	0.00725
16	0.01388	0.03633	0.07348	0.01829	0.26570	0.14958	0.07031	0.04325	0.01276	0.09171	0.05466	0.07638	0.03330	0.00649	0.00557	0.00158	0.03074	0.00560	0.00338	0.00699
17	0.00638	0.00488	0.00590	0.00665	0.00757	0.00440	0.00479	0.00757	0.01071	0.01360	0.03690	0.45942	0.31035	0.01475	0.00642	0.00198	0.00301	0.08568	0.00476	0.00428
18	0.00632	0.00452	0.00604	0.00723	0.00755	0.00423	0.00489	0.00727	0.00989	0.01318	0.02824	0.78969	0.03378	0.01601	0.00657	0.00209	0.00304	0.04052	0.00476	0.00419
19	0.01281	0.01466	0.08435	0.07928	0.39209	0.14347	0.07959	0.01589	0.01222	0.01608	0.06969	0.01429	0.01087	0.00523	0.00511	0.00153	0.00665	0.00479	0.02430	0.00710
20	0.01058	0.09553	0.32273	0.07482	0.18603	0.01147	0.03883	0.01456	0.01159	0.01637	0.13544	0.01664	0.03200	0.00586	0.00504	0.00156	0.00608	0.00504	0.00290	0.00692
21	0.01120	0.01088	0.02057	0.07737	0.02082	0.01085	0.40189	0.01571	0.09388	0.04754	0.03591	0.09003	0.04063	0.00843	0.04741	0.00212	0.02912	0.02580	0.00341	0.00642
22	0.01251	0.01311	0.08206	0.11881	0.41864	0.01204	0.17602	0.01636	0.03234	0.05255	0.01051	0.01331	0.00819	0.00476	0.00529	0.00161	0.00671	0.00489	0.00274	0.00757
23	0.01081	0.11295	0.64979	0.01453	0.02157	0.01292	0.07604	0.01617	0.01089	0.01581	0.00907	0.01078	0.00661	0.00478	0.00479	0.00158	0.00744	0.00385	0.00220	0.00742
24	0.01098	0.01044	0.01772	0.47425	0.35833	0.01174	0.01489	0.01424	0.01087	0.01468	0.00935	0.01326	0.00739	0.00489	0.00511	0.00163	0.00652	0.00457	0.00239	0.00674
25	0.00957	0.00866	0.01402	0.30186	0.22050	0.00933	0.03251	0.01218	0.01080	0.01429	0.01782	0.09538	0.09583	0.05157	0.00670	0.00194	0.00558	0.08247	0.00314	0.00584
26	0.01062	0.04869	0.75111	0.01442	0.02179	0.03299	0.01843	0.01634	0.01092	0.01604	0.00912	0.01072	0.00651	0.00487	0.00482	0.00160	0.00757	0.00375	0.00218	0.00751
27	0.00733	0.00550	0.00825	0.00825	0.00916	0.00641	0.00641	0.00916	0.00825	0.01191	0.01374	0.02016	0.01283	0.03848	0.79934	0.00825	0.01374	0.00550	0.00275	0.00458
28	0.02193	0.01011	0.01295	0.01036	0.03534	0.00957	0.00827	0.19410	0.01675	0.59724	0.01815	0.01616	0.01167	0.00626	0.00515	0.00158	0.00471	0.00502	0.00597	0.00871
29	0.01139	0.02234	0.55472	0.01619	0.02297	0.01198	0.21525	0.01673	0.01136	0.05417	0.01006	0.01195	0.00714	0.00480	0.00520	0.00165	0.00771	0.00445	0.00248	0.00747
30	0.01233	0.01251	0.01932	0.26575	0.42817	0.08433	0.07321	0.01543	0.01154	0.01524	0.00939	0.01277	0.00757	0.00479	0.00513	0.00158	0.00681	0.00457	0.00247	0.00709
31	0.01012	0.00586	0.00596	0.00576	0.00725	0.00616	0.00437	0.01459	0.14307	0.01953	0.01745	0.01913	0.01358	0.00615	0.00387	0.00129	0.00268	0.00496	0.70287	0.00536
32	0.00994	0.00905	0.01452	0.14133	0.38544	0.00921	0.01138	0.01246	0.01147	0.01568	0.09307	0.13599	0.11331	0.00795	0.00552	0.00167	0.00496	0.00726	0.00340	0.00639
33	0.01137	0.00937	0.01701	0.09283	0.11677	0.00905	0.24270	0.01399	0.01149	0.11474	0.01824	0.26081	0.04132	0.00857	0.00588	0.00179	0.00567	0.00837	0.00377	0.00626
34	0.02272	0.00995	0.01211	0.00945	0.01331	0.06896	0.00773	0.02466	0.01467	0.73080	0.01929	0.01683	0.01223	0.00627	0.00512	0.00157	0.00475	0.00502	0.00606	0.00852
35	0.01917	0.02445	0.01454	0.01322	0.01586	0.79907	0.00991	0.02049	0.01454	0.01256	0.00793	0.00925	0.00661	0.00529	0.00463	0.00132	0.00925	0.00330	0.00264	0.00595
36	0.00815	0.01172	0.22724	0.00974	0.01255	0.00778	0.00971	0.01082	0.01070	0.01446	0.02659	0.19843	0.21084	0.01117	0.00705	0.00193	0.08328	0.12865	0.00379	0.00539
37	0.01093	0.03564	0.15455	0.20762	0.18387	0.01177	0.22430	0.01472	0.01114	0.01530	0.01103	0.07517	0.00941	0.00558	0.00539	0.00167	0.00698	0.00557	0.00259	0.00677
38	0.00735	0.00541	0.00778	0.00778	0.00853	0.00616	0.00583	0.00886	0.00811	0.01156	0.01417	0.02253	0.01386	0.17636	0.66286	0.00767	0.01220	0.00584	0.00281	0.00432
39	0.01097	0.02101	0.57716	0.01263	0.01873	0.01023	0.01533	0.01591	0.01186	0.09133	0.14941	0.01640	0.01461	0.00602	0.00511	0.00162	0.00635	0.00491	0.00319	0.00720
40	0.01195	0.01212	0.02272	0.17566	0.40932	0.01228	0.24871	0.01546	0.01155	0.01597	0.00978	0.01324	0.00778	0.00460	0.00539	0.00162	0.00703	0.00503	0.00251	0.00729
41	0.01125	0.05261	0.45460	0.05267	0.04382	0.06718	0.14896	0.01595	0.01138	0.01566	0.01065	0.01499	0.00859	0.00551	0.00519	0.00166	0.00751	0.06232	0.00249	0.00702
42	0.01038	0.01002	0.01791	0.06166	0.32697	0.00981	0.18194	0.01312	0.01129	0.01544	0.01740	0.19649	0.06888	0.00797	0.00575	0.00174	0.00573	0.02775	0.00325	0.00649
43	0.01147	0.01515	0.30758	0.01238	0.01664	0.00971	0.09584	0.01495	0.01098	0.13350	0.01589	0.12520	0.04840	0.01055	0.08384	0.00239	0.06923	0.00628	0.00339	0.00662
44	0.01354	0.16389	0.36917	0.08993	0.01975	0.01341	0.01395	0.10495	0.01265	0.11330	0.01049	0.01165	0.00759	0.00526	0.00502	0.00154	0.02946	0.00397	0.00305	0.00744
45	0.01211	0.02045	0.40898	0.01946	0.19669	0.06728	0.14875	0.01669	0.01161	0.03589	0.00971	0.01184	0.00726	0.00478	0.00512	0.00160	0.00747	0.00437	0.00247	0.00751
46	0.01024	0.00996	0.01785	0.09547	0.29163	0.00982	0.19130	0.01300	0.01125	0.01527	0.01792	0.18781	0.09012	0.00785	0.00573	0.00173	0.00577	0.00767	0.00322	0.00639
47	0.00851	0.00651	0.03930	0.00795	0.00931	0.00575	0.00637	0.01017	0.01127	0.08055	0.10302	0.34720	0.15152	0.01307	0.00686	0.00198	0.04537	0.13561	0.00474	0.00495
48	0.01324	0.04595	0.21690	0.06135	0.21069	0.11772	0.12618	0.01678	0.01194	0.07558	0.01099	0.04976	0.00889	0.00541	0.00513	0.00158	0.00702	0.00487	0.00284	0.00719
49	0.00964	0.08258	0.52166	0.01282	0.03894	0.01070	0.01464	0.01396	0.01058	0.01518	0.01368	0.20590	0.01320	0.00754	0.00516	0.00169	0.00626	0.00635	0.00281	0.00669
50	0.01041	0.05450	0.76618	0.01442	0.02189	0.01221	0.01860	0.01622	0.01082	0.01610	0.00914	0.01074	0.00650	0.00486	0.00482	0.00161	0.00751	0.00375	0.00217	0.00755
51	0.00973	0.00865	0.01420	0.08447	0.35310	0.00880	0.02976	0.01204	0.01075	0.01485	0.01687	0.26376	0.01778	0.01144	0.06733	0.00230	0.00576	0.05887	0.00337	0.00617
52	0.01117	0.08024	0.32476	0.07713	0.16429	0.01246	0.18563	0.01548	0.01124	0.01572	0.01139	0.01367	0.04354	0.00506	0.00513	0.00160	0.00710	0.00475	0.00246	0.00717
53	0.01204	0.01184	0.02115	0.17872	0.53388	0.01215	0.12402	0.01534	0.01147	0.01602	0.00965	0.01305	0.00783	0.00464	0.00523	0.00159	0.00661	0.00478	0.00250	0.00749
54	0.00921	0.01133	0.22344	0.01031	0.07165	0.00724	0.00924	0.01230	0.01069	0.01663	0.01718	0.19599	0.01633	0.00820	0.00488	0.00159	0.00435	0.04166	0.32212	0.00567
55	0.01085	0.01414	0.16406	0.15370	0.14281	0.11602	0.03809	0.01386	0.01143	0.01479	0.06266	0.07955	0.08006	0.00852	0.04275	0.00196	0.02960	0.00596	0.00300	0.00618
56	0.01085	0.04494	0.52738	0.01560	0.02165	0.01285	0.15666	0.01574	0.01067	0.01565	0.00904	0.01137	0.00677	0.00530	0.00662	0.00171	0.11348	0.00427	0.00226	0.00717
57	0.01024	0.01010	0.01852	0.49739	0.09906	0.01127	0.18457	0.01364	0.01077	0.01419	0.01094	0.07591	0.00927	0.00575	0.00545	0.00173	0.00688	0.00568	0.00257	0.00608
58	0.01234	0.01271	0.01686	0.02059	0.36430	0.15176	0.08544	0.01500	0.01278	0.01653	0.15798	0.02040	0.04316	0.00653	0.00540	0.00157	0.00603	0.04058	0.00333	0.00671
59	0.01002	0.01620	0.36871	0.01524	0.16088	0.00937	0.01347	0.01369	0.01086	0.04687	0.01573	0.25468	0.01563	0.00838	0.00546	0.00175	0.00575	0.01743	0.00322	0.00666
60	0.00885	0.00448	0.00664	0.00664	0.00664	0.00448	0.00440	0.00672	0.00672	0.00895	0.00921	0.01633	0.00931	0.05040	0.02030	0.81635	0.00448	0.00458	0.00226	0.00226
61	0.01243	0.23035	0.06839	0.01079	0.07231	0.08830	0.00868	0.05336	0.01254	0.07439	0.10653	0.11984	0.08429	0.00798	0.00499	0.00153	0.00502	0.02831	0.00376	0.00623
62	0.01236	0.10473	0.32116	0.02055	0.30587	0.01278	0.07690	0.01644	0.01141	0.05624	0.00982	0.01184	0.00754	0.00474	0.00489	0.00154	0.00672	0.00422	0.00256	0.00768
63	0.18130	0.01227	0.01480	0.08970	0.22341	0.07342	0.04136	0.05806	0.21872	0.01941	0.01217	0.01342	0.00943	0.00543	0.00475	0.00161	0.00552	0.00451	0.00351	0.00720
64	0.00945	0.00880	0.01495	0.57797	0.02904	0.01030	0.08170	0.01247	0.01030	0.01326	0.01286	0.01960	0.04566	0.08543	0.00741	0.00207	0.00652	0.04413	0.00263	0.00544
65	0.01269	0.58392	0.25672	0.01053	0.01588	0.01779	0.01183	0.01563	0.01055	0.01333	0.00776	0.00901	0.00656	0.00454	0.00377	0.00126	0.00612	0.00306	0.00219	0.00688
66	0.00950	0.02080	0.58104	0.01288	0.01864	0.01007	0.01558	0.01433	0.01098	0.01596	0.04128	0.10304	0.01386	0.00745	0.00538	0.00177	0.00654	0.10125	0.00289	0.00676
67	0.00969	0.00912	0.01539	0.80734	0.03534	0.01140	0.01425	0.01311	0.01026	0.01311	0.00912	0.01368	0.00684	0.00513	0.00513	0.00171	0.00684	0.00456	0.00228	0.00570
68	0.00880	0.00559	0.00735	0.00672	0.00820	0.00511	0.00511	0.01118	0.01454	0.09583	0.71029	0.03629	0.04493	0.01009	0.00596	0.00161	0.00261	0.00888	0.00572	0.00522
69	0.19382	0.01750	0.04541	0.01184	0.01506	0.36415	0.08290	0.07904	0.04735	0.01780	0.00967	0.01103	0.00758	0.00526	0.00446	0.00146	0.00696	0.00381	0.06866	0.00626
70	0.20029	0.01506	0.01322	0.01078	0.01437	0.17961	0.00869	0.38574	0.01798	0.09065	0.01095	0.01125	0.00793	0.00569	0.00461	0.00151	0.00594	0.00399	0.00429	0.00746
71	0.00891	0.00446	0.00668	0.00668	0.00668	0.00446	0.00446	0.00668	0.00668	0.00891	0.00891	0.01560	0.00891	0.01783	0.02005	0.85071	0.00446	0.00446	0.00223	0.00223
72	0.01073	0.01018	0.01727	0.53935	0.29521	0.01167	0.01477	0.01402	0.01075	0.01437	0.00930	0.01334	0.00728	0.00494	0.00511	0.00165	0.00658	0.00456	0.00237	0.00654
73	0.01549	0.04842	0.17512	0.01408	0.01851	0.19973	0.12850	0.22332	0.06375	0.01983	0.01051	0.01177	0.00792	0.00550	0.00545	0.00156	0.03550	0.00436	0.00335	0.00733
74	0.00738	0.00529	0.00718	0.00718	0.00773	0.00583	0.00508	0.00848	0.00793	0.01112	0.01472	0.02556	0.01517	0.35275	0.48827	0.00693	0.01022	0.00629	0.00289	0.00399
75	0.01214	0.01274	0.02504	0.09642	0.34135	0.01251	0.39044	0.01585	0.01177	0.01627	0.00997	0.01336	0.00784	0.00450	0.00557	0.00164	0.00743	0.00531	0.00254	0.00731
76	0.09580	0.05456	0.17142	0.06635	0.16686	0.12487	0.08657	0.10844	0.01301	0.01809	0.00930	0.01125	0.00720	0.00492	0.00476	0.00150	0.00675	0.00406	0.00285	0.04143
77	0.05987	0.07344	0.17557	0.01598	0.16773	0.06399	0.06835	0.13684	0.01398	0.12501	0.04256	0.01326	0.00978	0.00540	0.00491	0.00153	0.00618	0.00449	0.00354	0.00758
78	0.11167	0.01255	0.00940	0.00886	0.01080	0.28701	0.00670	0.01375	0.01298	0.01643	0.23075	0.08584	0.11515	0.00874	0.00524	0.00158	0.00517	0.03248	0.01969	0.00520
79	0.04083	0.12276	0.08638	0.04116	0.09281	0.01079	0.04586	0.06435	0.08638	0.07643	0.01747	0.17567	0.05610	0.03425	0.00617	0.02056	0.00498	0.00685	0.00377	0.00643
80	0.04289	0.01145	0.01713	0.04945	0.39516	0.01186	0.04308	0.11248	0.10280	0.07942	0.01340	0.01721	0.01095	0.00595	0.00524	0.00164	0.00562	0.06285	0.00366	0.00776
81	0.05724	0.06825	0.01680	0.01997	0.37267	0.11044	0.01157	0.07492	0.10159	0.01766	0.01331	0.06365	0.03787	0.00607	0.00495	0.00154	0.00575	0.00519	0.00329	0.00728

[dist]
# distance from previous block
# <min> <max>
10	55

# created by:
# /home/cegg/simao/soft/augustus-3.2.1/scripts/msa2prfl.pl ./align_prep/22709.fa
