[name]
unknown

[dist]
# distance from previous block
# <min> <max>
7	228

[block]
# block no. 0 follows, 44 sequences, length 38
# corresponding to MSA columns:
# 274-311
name=unknown_A
#
# <colnr> <probs for GDERKNQSTAVLIFYWHMCP>
#	G	D	E	R	K	N	Q	S	T	A	V	L	I	F	Y	W	H	M	C	P
0	0.08710	0.10602	0.03345	0.01412	0.10670	0.13647	0.05395	0.13464	0.03539	0.10312	0.03951	0.01558	0.03140	0.03628	0.00625	0.00173	0.02946	0.00492	0.01656	0.00737
1	0.03664	0.08753	0.15636	0.05987	0.08436	0.09946	0.05602	0.07947	0.05150	0.05295	0.05391	0.01593	0.03954	0.00756	0.03319	0.00191	0.05337	0.00504	0.00344	0.02195
2	0.14247	0.17809	0.04545	0.05983	0.01580	0.07421	0.05296	0.05748	0.01263	0.12789	0.03363	0.01400	0.01014	0.03112	0.05011	0.00201	0.00635	0.00437	0.00362	0.07783
3	0.10565	0.16151	0.09654	0.05427	0.05965	0.17234	0.09786	0.05915	0.01347	0.10241	0.02236	0.01234	0.00867	0.00543	0.00487	0.00156	0.00703	0.00427	0.00333	0.00728
4	0.06487	0.19849	0.13187	0.01233	0.04451	0.13534	0.01104	0.14704	0.03877	0.12410	0.01288	0.01327	0.03099	0.00589	0.00480	0.00153	0.00645	0.00430	0.00381	0.00774
5	0.00920	0.00931	0.10290	0.00836	0.01142	0.00657	0.05067	0.01160	0.01288	0.08103	0.11665	0.03970	0.46796	0.01099	0.00612	0.00176	0.00397	0.00932	0.00477	0.03481
6	0.01238	0.01059	0.01198	0.06791	0.01482	0.05089	0.00765	0.05811	0.01260	0.04592	0.03938	0.01530	0.05456	0.00551	0.00508	0.00115	0.03472	0.00432	0.00358	0.54356
7	0.07731	0.13998	0.47880	0.04228	0.02061	0.07212	0.01594	0.01739	0.01157	0.03891	0.00945	0.01110	0.00706	0.00532	0.00518	0.00164	0.03142	0.00384	0.00256	0.00750
8	0.14765	0.20811	0.24426	0.01201	0.01718	0.11688	0.01233	0.14822	0.01407	0.01987	0.00932	0.01049	0.00720	0.00534	0.00451	0.00153	0.00679	0.00368	0.00310	0.00745
9	0.01016	0.00508	0.00508	0.00508	0.00635	0.00508	0.00381	0.01270	0.01143	0.02033	0.01778	0.02033	0.01397	0.00635	0.00381	0.00127	0.00254	0.00508	0.83867	0.00508
10	0.01077	0.00908	0.01071	0.00789	0.01221	0.00695	0.00627	0.01322	0.01192	0.01837	0.12254	0.01566	0.01450	0.00509	0.00439	0.00094	0.00382	0.00421	0.00364	0.71781
11	0.84691	0.01054	0.00801	0.00717	0.01054	0.01223	0.00590	0.01603	0.00928	0.02446	0.00759	0.00886	0.00590	0.00506	0.00337	0.00169	0.00422	0.00295	0.00337	0.00590
12	0.00886	0.00656	0.00808	0.00750	0.00963	0.00569	0.00590	0.01102	0.01319	0.04587	0.27174	0.09018	0.18965	0.01123	0.00616	0.00173	0.00342	0.13213	0.00507	0.16639
13	0.15599	0.35212	0.27617	0.01121	0.01676	0.01639	0.01239	0.05224	0.01173	0.03824	0.00896	0.01017	0.00707	0.00505	0.00419	0.00148	0.00628	0.00346	0.00277	0.00734
14	0.05014	0.01649	0.01542	0.01243	0.01634	0.14683	0.01002	0.51865	0.11055	0.02907	0.01317	0.01324	0.00964	0.00643	0.00530	0.00162	0.00638	0.00475	0.00494	0.00857
15	0.01280	0.02024	0.43861	0.01394	0.04950	0.01097	0.03936	0.03554	0.01225	0.09856	0.01131	0.01296	0.00832	0.02254	0.00551	0.00159	0.00667	0.00423	0.00311	0.19199
16	0.03704	0.15471	0.13800	0.03423	0.05849	0.15991	0.11421	0.07193	0.01290	0.01647	0.00984	0.01241	0.00807	0.00906	0.08441	0.00233	0.06177	0.00440	0.00282	0.00700
17	0.02446	0.00928	0.01265	0.00970	0.01392	0.00801	0.00801	0.02657	0.01560	0.77817	0.02151	0.01856	0.01350	0.00675	0.00548	0.00169	0.00464	0.00548	0.00675	0.00928
18	0.84691	0.01054	0.00801	0.00717	0.01054	0.01223	0.00590	0.01603	0.00928	0.02446	0.00759	0.00886	0.00590	0.00506	0.00337	0.00169	0.00422	0.00295	0.00337	0.00590
19	0.01139	0.01051	0.01681	0.07882	0.45689	0.01078	0.01296	0.01458	0.04434	0.01669	0.01836	0.13782	0.08506	0.00812	0.00618	0.00180	0.02958	0.02860	0.00344	0.00726
20	0.04558	0.01287	0.01506	0.01287	0.07036	0.01353	0.00980	0.43347	0.04188	0.23388	0.04400	0.01572	0.01208	0.00663	0.00543	0.00166	0.00543	0.00522	0.00557	0.00895
21	0.01664	0.17276	0.07920	0.03208	0.27715	0.01438	0.02521	0.13917	0.01480	0.15899	0.01222	0.01330	0.00914	0.00547	0.00505	0.00156	0.00611	0.00456	0.00378	0.00842
22	0.06713	0.01050	0.01203	0.00971	0.01322	0.01067	0.00787	0.24349	0.07674	0.27310	0.10666	0.02297	0.10590	0.00797	0.00557	0.00171	0.00455	0.00642	0.00578	0.00801
23	0.01016	0.00508	0.00508	0.00508	0.00635	0.00508	0.00381	0.01270	0.01143	0.02033	0.01778	0.02033	0.01397	0.00635	0.00381	0.00127	0.00254	0.00508	0.83867	0.00508
24	0.01450	0.07924	0.37094	0.01494	0.04862	0.01227	0.11171	0.04448	0.01324	0.17397	0.05389	0.01489	0.01102	0.00575	0.00537	0.00168	0.00691	0.00494	0.00360	0.00804
25	0.84691	0.01054	0.00801	0.00717	0.01054	0.01223	0.00590	0.01603	0.00928	0.02446	0.00759	0.00886	0.00590	0.00506	0.00337	0.00169	0.00422	0.00295	0.00337	0.00590
26	0.01016	0.00508	0.00508	0.00508	0.00635	0.00508	0.00381	0.01270	0.01143	0.02033	0.01778	0.02033	0.01397	0.00635	0.00381	0.00127	0.00254	0.00508	0.83867	0.00508
27	0.01130	0.00969	0.01130	0.00807	0.01292	0.00727	0.00646	0.01373	0.01130	0.01776	0.00969	0.01130	0.00807	0.00404	0.00404	0.00081	0.00404	0.00323	0.00323	0.84173
28	0.06928	0.02507	0.01501	0.01364	0.01648	0.74069	0.01026	0.02143	0.01508	0.01400	0.00838	0.00977	0.00696	0.00558	0.00482	0.00142	0.00950	0.00348	0.00284	0.00630
29	0.01379	0.01101	0.01962	0.41000	0.10201	0.01179	0.17315	0.01731	0.01234	0.15694	0.01223	0.01522	0.00877	0.00545	0.00566	0.00178	0.00712	0.00531	0.00332	0.00718
30	0.01783	0.04384	0.05968	0.04188	0.23256	0.02699	0.03319	0.25414	0.01715	0.17465	0.01324	0.01403	0.00956	0.00578	0.00533	0.00161	0.00611	0.00485	0.00436	0.03322
31	0.00884	0.00716	0.00908	0.01087	0.13063	0.00671	0.00669	0.03503	0.03480	0.03456	0.03782	0.17061	0.40425	0.06875	0.00779	0.00210	0.00380	0.01035	0.00463	0.00552
32	0.01016	0.00508	0.00508	0.00508	0.00635	0.00508	0.00381	0.01270	0.01143	0.02033	0.01778	0.02033	0.01397	0.00635	0.00381	0.00127	0.00254	0.00508	0.83867	0.00508
33	0.02085	0.01483	0.01354	0.01129	0.01475	0.23699	0.00890	0.15805	0.01691	0.34325	0.01695	0.09103	0.01300	0.00738	0.00545	0.00165	0.00627	0.00577	0.00519	0.00794
34	0.05828	0.29346	0.01999	0.01102	0.01541	0.03298	0.00965	0.40437	0.01897	0.06996	0.01131	0.01163	0.00852	0.00581	0.00466	0.00147	0.00585	0.00412	0.00429	0.00826
35	0.44143	0.01131	0.01012	0.00823	0.01214	0.05925	0.00665	0.04075	0.01126	0.06647	0.00935	0.01044	0.00726	0.00491	0.00388	0.00138	0.00460	0.00329	0.00356	0.28372
36	0.04563	0.02141	0.39529	0.01695	0.09574	0.08668	0.10754	0.01910	0.04077	0.10254	0.01155	0.01296	0.00832	0.00537	0.00531	0.00170	0.00754	0.00456	0.00311	0.00794
37	0.06313	0.00874	0.03896	0.00915	0.01180	0.00785	0.00736	0.05683	0.07036	0.22567	0.02268	0.31450	0.02194	0.01080	0.00593	0.00188	0.00422	0.05097	0.00525	0.06198

[dist]
# distance from previous block
# <min> <max>
2	31

[block]
# block no. 1 follows, 44 sequences, length 38
# corresponding to MSA columns:
# 355-392
name=unknown_B
#
# <colnr> <probs for GDERKNQSTAVLIFYWHMCP>
#	G	D	E	R	K	N	Q	S	T	A	V	L	I	F	Y	W	H	M	C	P
0	0.01173	0.04302	0.01090	0.05770	0.06162	0.06730	0.00709	0.03956	0.03095	0.08498	0.09916	0.06714	0.07973	0.24968	0.02446	0.00284	0.00528	0.00724	0.00409	0.04555
1	0.01794	0.01936	0.11203	0.01371	0.04627	0.29452	0.03358	0.18570	0.01659	0.09153	0.01231	0.01308	0.02722	0.00587	0.00514	0.00150	0.00737	0.00439	0.00380	0.08808
2	0.04876	0.08216	0.32709	0.01378	0.01916	0.11156	0.09093	0.10204	0.01383	0.01865	0.04244	0.03697	0.05646	0.00637	0.00528	0.00166	0.00716	0.00518	0.00321	0.00731
3	0.00963	0.00873	0.00876	0.00859	0.03270	0.09120	0.00623	0.01330	0.10346	0.01905	0.38875	0.03721	0.23027	0.01061	0.00613	0.00173	0.00374	0.00901	0.00525	0.00565
4	0.01557	0.01204	0.05393	0.01477	0.07509	0.01084	0.18478	0.10304	0.06032	0.20382	0.01843	0.04291	0.07071	0.00800	0.03541	0.00195	0.00629	0.00619	0.00447	0.07142
5	0.01408	0.04829	0.43975	0.05589	0.02109	0.17470	0.01585	0.01843	0.01255	0.07917	0.01093	0.01347	0.00831	0.00588	0.00564	0.00169	0.03574	0.02816	0.00288	0.00748
6	0.01794	0.02044	0.01574	0.13352	0.07549	0.49074	0.01139	0.10372	0.01553	0.01646	0.00968	0.01163	0.00773	0.00567	0.00505	0.00150	0.00845	0.00404	0.03856	0.00674
7	0.00664	0.00474	0.00633	0.00759	0.00791	0.00443	0.00506	0.00759	0.01044	0.01392	0.03005	0.80485	0.03606	0.01708	0.00696	0.00221	0.00316	0.01550	0.00506	0.00443
8	0.10494	0.01303	0.04226	0.12810	0.30544	0.01351	0.01305	0.18628	0.07228	0.05133	0.01186	0.01370	0.00904	0.00562	0.00521	0.00168	0.00605	0.00476	0.00372	0.00813
9	0.08529	0.08399	0.05702	0.01548	0.09675	0.49486	0.03421	0.04252	0.01432	0.01565	0.00878	0.01039	0.00720	0.00539	0.00481	0.00147	0.00848	0.00372	0.00286	0.00680
10	0.00742	0.00556	0.00688	0.00655	0.00796	0.00502	0.00491	0.00971	0.01473	0.02020	0.60447	0.04346	0.21953	0.01177	0.00643	0.00174	0.00262	0.01024	0.00578	0.00502
11	0.06665	0.01396	0.05280	0.02892	0.61283	0.04157	0.01558	0.03960	0.01254	0.01837	0.00996	0.01291	0.00829	0.00515	0.00574	0.00165	0.03778	0.00465	0.00280	0.00827
12	0.01401	0.01634	0.06267	0.08558	0.10158	0.31229	0.01055	0.01647	0.03133	0.01420	0.01153	0.01625	0.01025	0.10027	0.14256	0.00319	0.00904	0.00483	0.03095	0.00610
13	0.01014	0.00927	0.01409	0.01976	0.39396	0.00887	0.01060	0.01260	0.01277	0.01711	0.11537	0.03147	0.30411	0.00899	0.00591	0.00171	0.00461	0.00797	0.00398	0.00670
14	0.00681	0.00551	0.00606	0.00598	0.00761	0.00475	0.00446	0.00852	0.01321	0.01674	0.25906	0.07772	0.53813	0.01317	0.00646	0.00182	0.00272	0.01119	0.00533	0.00475
15	0.00698	0.00506	0.00665	0.00768	0.00831	0.00473	0.00547	0.00828	0.01124	0.01489	0.08836	0.59387	0.09400	0.01612	0.00695	0.00218	0.00332	0.10620	0.00513	0.00457
16	0.00708	0.00555	0.00641	0.00619	0.00775	0.00487	0.00464	0.00906	0.01393	0.01830	0.41361	0.04659	0.41157	0.01248	0.00644	0.00178	0.00267	0.01068	0.00553	0.00487
17	0.00919	0.00559	0.00757	0.00833	0.00930	0.00522	0.00616	0.01058	0.01147	0.10510	0.02880	0.56276	0.03244	0.01545	0.00690	0.00221	0.00371	0.15884	0.00525	0.00512
18	0.02072	0.01527	0.01636	0.01254	0.01691	0.01691	0.01036	0.75622	0.02563	0.03436	0.01309	0.01309	0.00927	0.00654	0.00545	0.00164	0.00600	0.00491	0.00545	0.00927
19	0.84691	0.01054	0.00801	0.00717	0.01054	0.01223	0.00590	0.01603	0.00928	0.02446	0.00759	0.00886	0.00590	0.00506	0.00337	0.00169	0.00422	0.00295	0.00337	0.00590
20	0.01349	0.01295	0.02213	0.03346	0.77440	0.01295	0.01673	0.01673	0.01241	0.01781	0.01025	0.01349	0.00864	0.00486	0.00540	0.00162	0.00648	0.00486	0.00270	0.00864
21	0.84691	0.01054	0.00801	0.00717	0.01054	0.01223	0.00590	0.01603	0.00928	0.02446	0.00759	0.00886	0.00590	0.00506	0.00337	0.00169	0.00422	0.00295	0.00337	0.00590
22	0.84691	0.01054	0.00801	0.00717	0.01054	0.01223	0.00590	0.01603	0.00928	0.02446	0.00759	0.00886	0.00590	0.00506	0.00337	0.00169	0.00422	0.00295	0.00337	0.00590
23	0.00772	0.00557	0.00729	0.00686	0.00814	0.00514	0.00514	0.01029	0.01543	0.02186	0.77152	0.04072	0.05144	0.01115	0.00643	0.00171	0.00257	0.00986	0.00600	0.00514
24	0.84691	0.01054	0.00801	0.00717	0.01054	0.01223	0.00590	0.01603	0.00928	0.02446	0.00759	0.00886	0.00590	0.00506	0.00337	0.00169	0.00422	0.00295	0.00337	0.00590
25	0.01349	0.01295	0.02213	0.03346	0.77440	0.01295	0.01673	0.01673	0.01241	0.01781	0.01025	0.01349	0.00864	0.00486	0.00540	0.00162	0.00648	0.00486	0.00270	0.00864
26	0.02072	0.01527	0.01636	0.01254	0.01691	0.01691	0.01036	0.75622	0.02563	0.03436	0.01309	0.01309	0.00927	0.00654	0.00545	0.00164	0.00600	0.00491	0.00545	0.00927
27	0.01422	0.01204	0.01270	0.01123	0.01443	0.01387	0.00879	0.09547	0.69698	0.02386	0.02136	0.01968	0.01597	0.00732	0.00554	0.00183	0.00447	0.00605	0.00554	0.00869
28	0.00728	0.00556	0.00668	0.00640	0.00788	0.00496	0.00480	0.00944	0.01440	0.01941	0.52493	0.04477	0.29956	0.01206	0.00643	0.00176	0.00264	0.01043	0.00568	0.00496
29	0.02288	0.01129	0.01383	0.01066	0.01489	0.01106	0.00879	0.26096	0.04518	0.51274	0.01883	0.01686	0.01225	0.00671	0.00548	0.00168	0.00506	0.00532	0.00629	0.00925
30	0.01748	0.01187	0.01334	0.01103	0.01455	0.01281	0.00894	0.30710	0.24670	0.15730	0.07606	0.02129	0.01680	0.00771	0.00569	0.00177	0.00493	0.05043	0.00572	0.00850
31	0.01287	0.01471	0.03217	0.02298	0.02849	0.01379	0.75460	0.01746	0.01287	0.01746	0.01103	0.01471	0.00827	0.00460	0.00643	0.00184	0.00919	0.00643	0.00276	0.00735
32	0.00667	0.00496	0.00622	0.00712	0.00781	0.00451	0.00488	0.00781	0.01116	0.01459	0.08296	0.60288	0.18645	0.01603	0.00682	0.00211	0.00304	0.01432	0.00512	0.00451
33	0.05284	0.01055	0.01325	0.01019	0.01441	0.00999	0.00842	0.17584	0.01744	0.59891	0.01929	0.01709	0.01236	0.00665	0.00540	0.00168	0.00490	0.00528	0.00636	0.00916
34	0.00846	0.00519	0.00689	0.00689	0.00707	0.00537	0.00448	0.00796	0.00778	0.01056	0.01389	0.02607	0.01490	0.37838	0.16609	0.31070	0.00681	0.00638	0.00289	0.00325
35	0.03931	0.01110	0.04150	0.01045	0.01380	0.01114	0.00878	0.18539	0.19784	0.19104	0.01905	0.02220	0.01484	0.00970	0.05313	0.00220	0.00547	0.08481	0.07032	0.00792
36	0.00935	0.00543	0.00729	0.00791	0.00882	0.00497	0.00551	0.01047	0.01122	0.12993	0.02875	0.68549	0.03263	0.01551	0.00673	0.00213	0.00339	0.01398	0.00532	0.00516
37	0.01880	0.05105	0.17361	0.01251	0.01751	0.04193	0.01186	0.42167	0.01995	0.14182	0.01337	0.01343	0.00934	0.00618	0.00527	0.00163	0.00628	0.00468	0.02037	0.00874

[dist]
# distance from previous block
# <min> <max>
0	1

[block]
# block no. 2 follows, 44 sequences, length 40
# corresponding to MSA columns:
# 394-433
name=unknown_C
#
# <colnr> <probs for GDERKNQSTAVLIFYWHMCP>
#	G	D	E	R	K	N	Q	S	T	A	V	L	I	F	Y	W	H	M	C	P
0	0.00931	0.00863	0.03574	0.21119	0.09251	0.00860	0.07064	0.03441	0.01145	0.01532	0.02028	0.41500	0.02213	0.01124	0.00628	0.00199	0.00525	0.01036	0.00390	0.00575
1	0.44118	0.01675	0.01235	0.01256	0.09256	0.31104	0.00882	0.01832	0.01199	0.01948	0.00819	0.00972	0.00662	0.00525	0.00418	0.00157	0.00662	0.00337	0.00309	0.00635
2	0.00889	0.00741	0.00999	0.01080	0.06869	0.03191	0.00739	0.01033	0.00941	0.01306	0.01672	0.17902	0.01776	0.14751	0.33940	0.00539	0.10016	0.00783	0.00333	0.00500
3	0.01604	0.22525	0.09575	0.09546	0.04219	0.13584	0.03372	0.14902	0.03951	0.06043	0.01055	0.01199	0.00820	0.00574	0.00551	0.00156	0.04823	0.00419	0.00334	0.00749
4	0.00772	0.00557	0.00729	0.00686	0.00814	0.00514	0.00514	0.01029	0.01543	0.02186	0.77152	0.04072	0.05144	0.01115	0.00643	0.00171	0.00257	0.00986	0.00600	0.00514
5	0.84691	0.01054	0.00801	0.00717	0.01054	0.01223	0.00590	0.01603	0.00928	0.02446	0.00759	0.00886	0.00590	0.00506	0.00337	0.00169	0.00422	0.00295	0.00337	0.00590
6	0.00665	0.00488	0.00625	0.00729	0.00784	0.00448	0.00494	0.00771	0.01087	0.01429	0.05814	0.67759	0.13619	0.01644	0.00687	0.00215	0.00309	0.01477	0.00509	0.00448
7	0.00739	0.00482	0.00606	0.00706	0.00758	0.00457	0.00480	0.00867	0.01065	0.01527	0.02745	0.63862	0.03138	0.01481	0.00629	0.00201	0.00303	0.01329	0.18169	0.00457
8	0.01458	0.81168	0.02857	0.00933	0.01399	0.02157	0.00933	0.01632	0.01108	0.01283	0.00758	0.00875	0.00700	0.00466	0.00350	0.00117	0.00583	0.00292	0.00233	0.00700
9	0.00682	0.00558	0.00605	0.00606	0.00776	0.00481	0.00463	0.00849	0.01296	0.01609	0.17965	0.05100	0.59600	0.01342	0.00651	0.00186	0.00288	0.05947	0.00523	0.00473
10	0.01458	0.81168	0.02857	0.00933	0.01399	0.02157	0.00933	0.01632	0.01108	0.01283	0.00758	0.00875	0.00700	0.00466	0.00350	0.00117	0.00583	0.00292	0.00233	0.00700
11	0.00666	0.00539	0.00592	0.00609	0.00757	0.00465	0.00445	0.00814	0.01251	0.01562	0.15489	0.18565	0.53538	0.01401	0.00653	0.00189	0.00281	0.01198	0.00520	0.00465
12	0.01109	0.00690	0.00707	0.00673	0.00849	0.00740	0.00513	0.01716	0.21763	0.02100	0.01899	0.02033	0.01470	0.00664	0.00429	0.00143	0.00303	0.00538	0.61056	0.00605
13	0.84691	0.01054	0.00801	0.00717	0.01054	0.01223	0.00590	0.01603	0.00928	0.02446	0.00759	0.00886	0.00590	0.00506	0.00337	0.00169	0.00422	0.00295	0.00337	0.00590
14	0.01130	0.00969	0.01130	0.00807	0.01292	0.00727	0.00646	0.01373	0.01130	0.01776	0.00969	0.01130	0.00807	0.00404	0.00404	0.00081	0.00404	0.00323	0.00323	0.84173
15	0.02072	0.01527	0.01636	0.01254	0.01691	0.01691	0.01036	0.75622	0.02563	0.03436	0.01309	0.01309	0.00927	0.00654	0.00545	0.00164	0.00600	0.00491	0.00545	0.00927
16	0.00800	0.00575	0.00641	0.00620	0.00802	0.00494	0.00466	0.00961	0.01305	0.07177	0.17660	0.09792	0.54148	0.01304	0.00640	0.00183	0.00289	0.01104	0.00535	0.00503
17	0.01130	0.00969	0.01130	0.00807	0.01292	0.00727	0.00646	0.01373	0.01130	0.01776	0.00969	0.01130	0.00807	0.00404	0.00404	0.00081	0.00404	0.00323	0.00323	0.84173
18	0.17432	0.00802	0.01006	0.05452	0.10930	0.00824	0.00756	0.03539	0.01266	0.05496	0.22222	0.19024	0.07205	0.00990	0.00568	0.00181	0.00400	0.00852	0.00462	0.00593
19	0.00808	0.00577	0.00797	0.00923	0.01018	0.00567	0.00756	0.01007	0.01185	0.01552	0.02926	0.30686	0.03292	0.01573	0.00734	0.00241	0.00441	0.49932	0.00503	0.00482
20	0.01266	0.00992	0.01117	0.01055	0.01312	0.01105	0.00839	0.02355	0.50846	0.06275	0.02413	0.08136	0.02098	0.00968	0.00607	0.00201	0.00441	0.16666	0.00547	0.00760
21	0.19363	0.01485	0.02026	0.04623	0.25911	0.13218	0.20022	0.03853	0.01265	0.01881	0.00966	0.01226	0.00768	0.00502	0.00515	0.00166	0.00721	0.00464	0.00295	0.00730
22	0.01372	0.01064	0.01277	0.01097	0.01408	0.01156	0.05751	0.02477	0.50909	0.10662	0.10297	0.02372	0.06140	0.00789	0.00574	0.00182	0.00440	0.00680	0.00552	0.00802
23	0.01043	0.01036	0.09914	0.06825	0.03395	0.00825	0.11257	0.01380	0.03633	0.08506	0.21044	0.05483	0.21534	0.00935	0.00610	0.00179	0.00485	0.00833	0.00457	0.00625
24	0.15766	0.18831	0.01733	0.01183	0.01461	0.27396	0.00979	0.06172	0.01250	0.01633	0.00810	0.01009	0.00699	0.00624	0.00726	0.00163	0.18263	0.00365	0.00287	0.00649
25	0.13650	0.01471	0.10210	0.03759	0.01561	0.09249	0.01049	0.14183	0.06364	0.08370	0.01182	0.01337	0.00905	0.00727	0.02054	0.00190	0.16173	0.00451	0.06399	0.00716
26	0.01277	0.42213	0.40227	0.01242	0.01877	0.01714	0.01471	0.01679	0.01129	0.01503	0.00868	0.01012	0.00695	0.00492	0.00433	0.00144	0.00694	0.00347	0.00232	0.00752
27	0.00772	0.00557	0.00729	0.00686	0.00814	0.00514	0.00514	0.01029	0.01543	0.02186	0.77152	0.04072	0.05144	0.01115	0.00643	0.00171	0.00257	0.00986	0.00600	0.00514
28	0.01338	0.01445	0.01323	0.05530	0.01422	0.26718	0.00932	0.01459	0.01078	0.01265	0.01056	0.01735	0.01043	0.18226	0.08628	0.00324	0.25145	0.00514	0.00277	0.00541
29	0.00994	0.01361	0.20007	0.01367	0.01776	0.00976	0.19312	0.01361	0.01105	0.01558	0.01606	0.02132	0.06687	0.01794	0.26364	0.00408	0.00972	0.04647	0.00302	0.05272
30	0.06228	0.01450	0.01551	0.01206	0.01618	0.01611	0.00994	0.67688	0.02386	0.03265	0.01289	0.01334	0.00934	0.00838	0.04875	0.00203	0.00639	0.00486	0.00521	0.00885
31	0.01652	0.00799	0.01048	0.00925	0.01209	0.00734	0.00761	0.05931	0.01466	0.38256	0.05191	0.09409	0.10027	0.01050	0.00624	0.00195	0.00443	0.18968	0.00591	0.00721
32	0.06306	0.01916	0.09020	0.05380	0.01736	0.36700	0.03391	0.06513	0.01408	0.07686	0.01176	0.07317	0.01009	0.00769	0.02641	0.00184	0.05339	0.00500	0.00340	0.00670
33	0.84691	0.01054	0.00801	0.00717	0.01054	0.01223	0.00590	0.01603	0.00928	0.02446	0.00759	0.00886	0.00590	0.00506	0.00337	0.00169	0.00422	0.00295	0.00337	0.00590
34	0.00947	0.00473	0.00710	0.00710	0.00710	0.00473	0.00473	0.00710	0.00710	0.00947	0.00947	0.01657	0.00947	0.01894	0.02131	0.84138	0.00473	0.00473	0.00237	0.00237
35	0.01184	0.01302	0.14925	0.01065	0.01434	0.01065	0.03362	0.14636	0.18604	0.02200	0.17606	0.02731	0.15847	0.00869	0.00584	0.00176	0.00480	0.00730	0.00486	0.00715
36	0.01130	0.00969	0.01130	0.00807	0.01292	0.00727	0.00646	0.01373	0.01130	0.01776	0.00969	0.01130	0.00807	0.00404	0.00404	0.00081	0.00404	0.00323	0.00323	0.84173
37	0.00828	0.00580	0.00688	0.00647	0.00819	0.00510	0.00490	0.01030	0.01414	0.06902	0.41074	0.04435	0.36180	0.01201	0.00637	0.00177	0.00279	0.01028	0.00564	0.00518
38	0.00779	0.00579	0.00849	0.00847	0.00940	0.00662	0.00649	0.00965	0.00908	0.01303	0.05682	0.02344	0.01614	0.09023	0.69302	0.00814	0.01332	0.00620	0.00312	0.00478
39	0.01074	0.00859	0.01314	0.01719	0.30388	0.00825	0.00969	0.01339	0.01387	0.06147	0.35438	0.05523	0.09004	0.00889	0.00600	0.00170	0.00423	0.00801	0.00466	0.00665

[dist]
# distance from previous block
# <min> <max>
0	1

[block]
# block no. 3 follows, 44 sequences, length 65
# corresponding to MSA columns:
# 435-443,448-503
name=unknown_D
#
# <colnr> <probs for GDERKNQSTAVLIFYWHMCP>
#	G	D	E	R	K	N	Q	S	T	A	V	L	I	F	Y	W	H	M	C	P
0	0.01603	0.41373	0.10133	0.01149	0.01593	0.25777	0.01071	0.04392	0.01301	0.01447	0.00838	0.00966	0.00713	0.00505	0.00421	0.00130	0.00721	0.00330	0.00264	0.05273
1	0.01715	0.06365	0.01699	0.16025	0.10685	0.46309	0.01194	0.05096	0.01432	0.01483	0.00916	0.01145	0.00749	0.00625	0.02180	0.00166	0.00869	0.00399	0.00282	0.00667
2	0.00683	0.00488	0.00654	0.00781	0.00821	0.00459	0.00539	0.00792	0.01063	0.01413	0.02994	0.73885	0.03564	0.01690	0.00701	0.00224	0.00333	0.07961	0.00506	0.00448
3	0.01981	0.01195	0.01350	0.01059	0.01437	0.01254	0.00866	0.43789	0.02056	0.22718	0.01643	0.03662	0.01177	0.00685	0.00527	0.00161	0.00507	0.00537	0.12542	0.00854
4	0.00714	0.00551	0.00652	0.00636	0.00782	0.00489	0.00473	0.00914	0.01394	0.01854	0.44153	0.08735	0.34175	0.01255	0.00646	0.00179	0.00268	0.01083	0.00557	0.00489
5	0.00844	0.00616	0.00831	0.00938	0.01072	0.00603	0.00810	0.01079	0.01253	0.01608	0.03274	0.06017	0.14017	0.01488	0.00737	0.00241	0.00469	0.63105	0.00503	0.00496
6	0.02072	0.01527	0.01636	0.01254	0.01691	0.01691	0.01036	0.75622	0.02563	0.03436	0.01309	0.01309	0.00927	0.00654	0.00545	0.00164	0.00600	0.00491	0.00545	0.00927
7	0.00763	0.00620	0.00684	0.00656	0.00835	0.00573	0.00496	0.01090	0.09312	0.01799	0.29371	0.04510	0.44866	0.01223	0.00634	0.00180	0.00286	0.01038	0.00543	0.00521
8	0.75978	0.01041	0.00850	0.00744	0.01090	0.01178	0.00613	0.01714	0.00995	0.10431	0.00907	0.00988	0.00671	0.00524	0.00360	0.00169	0.00426	0.00322	0.00373	0.00626
9	0.00835	0.00646	0.00896	0.00866	0.00923	0.00763	0.00646	0.00965	0.00847	0.01212	0.01440	0.02431	0.01459	0.25751	0.47085	0.00695	0.11159	0.00630	0.00296	0.00456
10	0.00678	0.00484	0.00648	0.00775	0.00812	0.00455	0.00530	0.00783	0.01057	0.01407	0.02997	0.75779	0.03576	0.01695	0.00699	0.00223	0.00328	0.06122	0.00506	0.00447
11	0.00708	0.00506	0.00683	0.00809	0.00860	0.00481	0.00582	0.00835	0.01087	0.01441	0.02981	0.65296	0.03510	0.01667	0.00708	0.00227	0.00354	0.16306	0.00505	0.00455
12	0.01297	0.04978	0.01463	0.08466	0.04155	0.03737	0.04074	0.10444	0.01324	0.01901	0.01003	0.01187	0.00808	0.00461	0.00450	0.00111	0.00517	0.00377	0.00333	0.52915
13	0.01681	0.29672	0.08358	0.01401	0.05350	0.37437	0.05676	0.01901	0.01331	0.01395	0.00849	0.01007	0.00716	0.00515	0.00456	0.00139	0.00810	0.00359	0.00259	0.00687
14	0.05852	0.10437	0.10754	0.01084	0.04925	0.01196	0.00892	0.14067	0.07889	0.03647	0.01383	0.02068	0.01281	0.28202	0.01316	0.00289	0.03146	0.00562	0.00366	0.00643
15	0.01394	0.55300	0.11712	0.11859	0.01859	0.07108	0.01152	0.01648	0.01140	0.01355	0.00819	0.00995	0.00702	0.00490	0.00407	0.00134	0.00657	0.00336	0.00237	0.00695
16	0.03890	0.34677	0.06965	0.01192	0.04038	0.01666	0.03349	0.14060	0.01412	0.15088	0.01122	0.01198	0.00858	0.00582	0.00570	0.00153	0.07624	0.00410	0.00368	0.00778
17	0.01816	0.00981	0.01198	0.00909	0.01328	0.00862	0.00740	0.11345	0.01502	0.35322	0.01602	0.01551	0.01112	0.00575	0.00483	0.00134	0.00442	0.00459	0.07922	0.29718
18	0.00734	0.00556	0.00677	0.00647	0.00792	0.00498	0.00485	0.00956	0.01455	0.01976	0.56097	0.04418	0.26330	0.01193	0.00643	0.00175	0.00263	0.01034	0.00573	0.00498
19	0.00845	0.00672	0.00722	0.00667	0.00869	0.00621	0.00512	0.09910	0.01469	0.01867	0.20686	0.04512	0.52197	0.01234	0.00632	0.00179	0.00311	0.01035	0.00532	0.00529
20	0.00947	0.00473	0.00710	0.00710	0.00710	0.00473	0.00473	0.00710	0.00710	0.00947	0.00947	0.01657	0.00947	0.01894	0.02131	0.84138	0.00473	0.00473	0.00237	0.00237
21	0.01030	0.00969	0.01635	0.79530	0.03755	0.01211	0.01514	0.01393	0.01090	0.01393	0.00969	0.01453	0.00727	0.00545	0.00545	0.00182	0.00727	0.00484	0.00242	0.00606
22	0.84691	0.01054	0.00801	0.00717	0.01054	0.01223	0.00590	0.01603	0.00928	0.02446	0.00759	0.00886	0.00590	0.00506	0.00337	0.00169	0.00422	0.00295	0.00337	0.00590
23	0.01353	0.00962	0.01153	0.00835	0.01309	0.00739	0.00672	0.01590	0.01203	0.14648	0.01169	0.01253	0.00899	0.00450	0.00428	0.00096	0.00414	0.00361	0.00383	0.70082
24	0.01349	0.01295	0.02213	0.03346	0.77440	0.01295	0.01673	0.01673	0.01241	0.01781	0.01025	0.01349	0.00864	0.00486	0.00540	0.00162	0.00648	0.00486	0.00270	0.00864
25	0.01349	0.01295	0.02213	0.03346	0.77440	0.01295	0.01673	0.01673	0.01241	0.01781	0.01025	0.01349	0.00864	0.00486	0.00540	0.00162	0.00648	0.00486	0.00270	0.00864
26	0.04484	0.25577	0.05585	0.01252	0.01599	0.45693	0.01057	0.01929	0.01338	0.01373	0.00815	0.00968	0.00698	0.00551	0.00517	0.00141	0.05161	0.00341	0.00264	0.00657
27	0.49170	0.01127	0.01060	0.00886	0.01242	0.01248	0.00724	0.20448	0.01425	0.11777	0.01190	0.05473	0.00933	0.00630	0.00435	0.00170	0.00466	0.00444	0.00440	0.00709
28	0.00664	0.00474	0.00633	0.00759	0.00791	0.00443	0.00506	0.00759	0.01044	0.01392	0.03005	0.80485	0.03606	0.01708	0.00696	0.00221	0.00316	0.01550	0.00506	0.00443
29	0.00644	0.00552	0.00552	0.00552	0.00736	0.00460	0.00414	0.00782	0.01243	0.01473	0.05523	0.05247	0.77218	0.01381	0.00644	0.00184	0.00276	0.01151	0.00506	0.00460
30	0.01310	0.01261	0.02117	0.08891	0.64588	0.01325	0.01615	0.01617	0.01191	0.01707	0.00991	0.01342	0.00839	0.00535	0.00660	0.00171	0.08271	0.00485	0.00265	0.00818
31	0.01354	0.01408	0.02921	0.02315	0.11752	0.01350	0.59208	0.01769	0.01277	0.05901	0.01134	0.01465	0.00855	0.00496	0.00675	0.00183	0.04276	0.00612	0.00295	0.00755
32	0.00793	0.00529	0.00595	0.00595	0.00595	0.00529	0.00330	0.00793	0.00793	0.01057	0.01718	0.03568	0.01982	0.80840	0.02775	0.00529	0.00529	0.00793	0.00330	0.00330
33	0.00677	0.00480	0.00629	0.00743	0.00772	0.00451	0.00489	0.00762	0.01020	0.01360	0.02881	0.73087	0.03450	0.09319	0.00896	0.00251	0.00337	0.01477	0.00489	0.00432
34	0.01358	0.00944	0.00961	0.00856	0.01101	0.05151	0.00664	0.10098	0.19609	0.09904	0.04589	0.06023	0.09047	0.00802	0.00514	0.00162	0.00402	0.00656	0.26475	0.00683
35	0.22653	0.44507	0.04408	0.00962	0.01392	0.06029	0.00898	0.10628	0.01264	0.01855	0.00836	0.00944	0.00699	0.00506	0.00383	0.00139	0.00573	0.00323	0.00300	0.00699
36	0.00772	0.00557	0.00729	0.00686	0.00814	0.00514	0.00514	0.01029	0.01543	0.02186	0.77152	0.04072	0.05144	0.01115	0.00643	0.00171	0.00257	0.00986	0.00600	0.00514
37	0.01170	0.14865	0.01439	0.08559	0.01442	0.14766	0.00878	0.01354	0.01093	0.01347	0.05820	0.04156	0.01350	0.05690	0.27113	0.00420	0.07141	0.00539	0.00298	0.00562
38	0.00947	0.00473	0.00710	0.00710	0.00710	0.00473	0.00473	0.00710	0.00710	0.00947	0.00947	0.01657	0.00947	0.01894	0.02131	0.84138	0.00473	0.00473	0.00237	0.00237
39	0.48208	0.05115	0.07387	0.01611	0.24947	0.01294	0.01055	0.01636	0.01052	0.02127	0.00859	0.01050	0.00689	0.00499	0.00415	0.00164	0.00530	0.00363	0.00303	0.00698
40	0.01599	0.12099	0.19391	0.06305	0.01933	0.22514	0.03882	0.10026	0.04670	0.05899	0.01055	0.01197	0.00808	0.00584	0.00583	0.00161	0.05814	0.00420	0.00320	0.00739
41	0.00677	0.00496	0.00688	0.00792	0.00835	0.00463	0.02101	0.00780	0.01049	0.01399	0.02964	0.78803	0.03547	0.01681	0.00695	0.00221	0.00329	0.01531	0.00501	0.00449
42	0.01458	0.81168	0.02857	0.00933	0.01399	0.02157	0.00933	0.01632	0.01108	0.01283	0.00758	0.00875	0.00700	0.00466	0.00350	0.00117	0.00583	0.00292	0.00233	0.00700
43	0.00770	0.00546	0.00710	0.00722	0.00770	0.00580	0.00491	0.00862	0.00864	0.01186	0.01854	0.10445	0.04184	0.40002	0.32974	0.00628	0.00874	0.00793	0.00337	0.00408
44	0.00664	0.00474	0.00633	0.00759	0.00791	0.00443	0.00506	0.00759	0.01044	0.01392	0.03005	0.80485	0.03606	0.01708	0.00696	0.00221	0.00316	0.01550	0.00506	0.00443
45	0.00686	0.00544	0.00617	0.00620	0.00767	0.00475	0.00457	0.00855	0.01310	0.01683	0.27310	0.14416	0.45650	0.01340	0.00650	0.00185	0.00275	0.01150	0.00535	0.00475
46	0.00691	0.00554	0.00617	0.00601	0.00765	0.00480	0.00451	0.00873	0.01353	0.01734	0.31792	0.04816	0.50786	0.01283	0.00644	0.00179	0.00269	0.01090	0.00541	0.00480
47	0.01458	0.81168	0.02857	0.00933	0.01399	0.02157	0.00933	0.01632	0.01108	0.01283	0.00758	0.00875	0.00700	0.00466	0.00350	0.00117	0.00583	0.00292	0.00233	0.00700
48	0.01270	0.01003	0.01049	0.00957	0.01219	0.01141	0.00741	0.02485	0.57363	0.02218	0.02107	0.02034	0.01597	0.00713	0.00511	0.00170	0.00386	0.00589	0.21675	0.00773
49	0.01130	0.00969	0.01130	0.00807	0.01292	0.00727	0.00646	0.01373	0.01130	0.01776	0.00969	0.01130	0.00807	0.00404	0.00404	0.00081	0.00404	0.00323	0.00323	0.84173
50	0.01130	0.00969	0.01130	0.00807	0.01292	0.00727	0.00646	0.01373	0.01130	0.01776	0.00969	0.01130	0.00807	0.00404	0.00404	0.00081	0.00404	0.00323	0.00323	0.84173
51	0.84691	0.01054	0.00801	0.00717	0.01054	0.01223	0.00590	0.01603	0.00928	0.02446	0.00759	0.00886	0.00590	0.00506	0.00337	0.00169	0.00422	0.00295	0.00337	0.00590
52	0.01483	0.01234	0.01304	0.01135	0.01466	0.01415	0.00894	0.15803	0.63342	0.02486	0.02057	0.01905	0.01533	0.00725	0.00553	0.00181	0.00461	0.00594	0.00553	0.00874
53	0.02072	0.01527	0.01636	0.01254	0.01691	0.01691	0.01036	0.75622	0.02563	0.03436	0.01309	0.01309	0.00927	0.00654	0.00545	0.00164	0.00600	0.00491	0.00545	0.00927
54	0.01458	0.81168	0.02857	0.00933	0.01399	0.02157	0.00933	0.01632	0.01108	0.01283	0.00758	0.00875	0.00700	0.00466	0.00350	0.00117	0.00583	0.00292	0.00233	0.00700
55	0.01093	0.02820	0.78016	0.01554	0.02360	0.01266	0.02014	0.01727	0.01151	0.01727	0.00978	0.01151	0.00691	0.00518	0.00518	0.00173	0.00806	0.00403	0.00230	0.00806
56	0.01170	0.01162	0.01625	0.01402	0.01404	0.01617	0.01163	0.01288	0.00844	0.01315	0.00815	0.04623	0.00841	0.00987	0.01742	0.00238	0.76402	0.00524	0.00250	0.00590
57	0.00656	0.00508	0.00598	0.00670	0.00767	0.00450	0.00467	0.00769	0.01129	0.01427	0.04086	0.48165	0.35227	0.01567	0.00674	0.00205	0.00299	0.01378	0.00506	0.00450
58	0.05583	0.01277	0.01339	0.01136	0.01486	0.01455	0.00904	0.25672	0.49624	0.02651	0.01863	0.01751	0.01381	0.00702	0.00541	0.00177	0.00484	0.00562	0.00541	0.00870
59	0.00662	0.00534	0.00573	0.00600	0.00735	0.00463	0.00426	0.00778	0.01160	0.01419	0.04646	0.21195	0.54789	0.08505	0.00844	0.00223	0.00307	0.01204	0.00491	0.00445
60	0.01095	0.00620	0.00699	0.00641	0.00820	0.00595	0.00493	0.05347	0.01371	0.08991	0.20902	0.02910	0.12413	0.00858	0.00505	0.00151	0.00296	0.00715	0.40014	0.00565
61	0.01977	0.01788	0.01562	0.01280	0.01657	0.23466	0.01020	0.46126	0.11091	0.02702	0.01285	0.01303	0.00951	0.00638	0.00531	0.00160	0.00688	0.00466	0.00472	0.00836
62	0.00804	0.00613	0.00825	0.00859	0.00957	0.00671	0.00636	0.01124	0.10104	0.01437	0.02150	0.32445	0.02267	0.02761	0.39030	0.00539	0.00893	0.00962	0.00407	0.00515
63	0.00674	0.00482	0.00641	0.00753	0.00793	0.00449	0.00507	0.00783	0.01088	0.01462	0.09587	0.73701	0.03742	0.01655	0.00691	0.00217	0.00311	0.01500	0.00514	0.00449
64	0.01389	0.01483	0.09544	0.05042	0.47552	0.04373	0.07274	0.03685	0.08445	0.04151	0.01173	0.01408	0.00926	0.00526	0.00546	0.00167	0.00673	0.00499	0.00312	0.00834

[dist]
# distance from previous block
# <min> <max>
0	10

[block]
# block no. 4 follows, 44 sequences, length 41
# corresponding to MSA columns:
# 514-536,538-555
name=unknown_E
#
# <colnr> <probs for GDERKNQSTAVLIFYWHMCP>
#	G	D	E	R	K	N	Q	S	T	A	V	L	I	F	Y	W	H	M	C	P
0	0.04173	0.07028	0.01231	0.04623	0.04231	0.12848	0.00806	0.09316	0.07127	0.04486	0.10143	0.24925	0.04876	0.01001	0.00574	0.00178	0.00509	0.00846	0.00449	0.00628
1	0.01360	0.29503	0.01828	0.01177	0.07373	0.10918	0.00902	0.02948	0.14911	0.01640	0.04817	0.10514	0.01439	0.00700	0.00481	0.00148	0.00549	0.00556	0.00361	0.07873
2	0.48972	0.00942	0.00981	0.12770	0.05200	0.01069	0.00799	0.01424	0.01026	0.02045	0.01419	0.07634	0.04751	0.00746	0.00463	0.00184	0.00473	0.08166	0.00357	0.00580
3	0.07321	0.00943	0.01069	0.00867	0.01186	0.00951	0.00703	0.20292	0.01626	0.28496	0.01722	0.01715	0.01210	0.00645	0.00477	0.00153	0.00424	0.00504	0.28935	0.00762
4	0.00692	0.00528	0.00636	0.00663	0.00780	0.00472	0.00477	0.00855	0.01275	0.01678	0.27975	0.29530	0.29664	0.01402	0.00661	0.00192	0.00283	0.01228	0.00537	0.00472
5	0.00659	0.00525	0.00591	0.00634	0.00760	0.00457	0.00453	0.00789	0.01190	0.01487	0.08939	0.31806	0.46829	0.01481	0.00662	0.00197	0.00289	0.01282	0.00512	0.00457
6	0.00762	0.00557	0.00716	0.00676	0.00809	0.00510	0.00507	0.01011	0.01521	0.02135	0.71962	0.04157	0.10366	0.01134	0.00643	0.00172	0.00259	0.00998	0.00593	0.00510
7	0.01356	0.01171	0.01233	0.01109	0.01418	0.01356	0.00863	0.02897	0.76455	0.02281	0.02219	0.02034	0.01664	0.00740	0.00555	0.00185	0.00431	0.00616	0.00555	0.00863
8	0.01356	0.01171	0.01233	0.01109	0.01418	0.01356	0.00863	0.02897	0.76455	0.02281	0.02219	0.02034	0.01664	0.00740	0.00555	0.00185	0.00431	0.00616	0.00555	0.00863
9	0.01199	0.01009	0.01167	0.00840	0.01321	0.00797	0.00674	0.06753	0.01234	0.01897	0.00994	0.01143	0.00816	0.00422	0.00414	0.00087	0.00418	0.00335	0.00339	0.78141
10	0.01259	0.01389	0.02764	0.02044	0.02434	0.01464	0.53707	0.01619	0.01154	0.01619	0.00990	0.01389	0.00795	0.00604	0.00979	0.00200	0.24035	0.00595	0.00265	0.00695
11	0.01009	0.01455	0.22959	0.07340	0.19270	0.01001	0.06783	0.01367	0.01199	0.01626	0.02429	0.06352	0.23301	0.00820	0.00580	0.00177	0.00593	0.00721	0.00338	0.00680
12	0.01060	0.00758	0.01135	0.34346	0.02129	0.00822	0.00963	0.01292	0.01163	0.11833	0.02383	0.25203	0.12688	0.01024	0.00604	0.00192	0.00506	0.00901	0.00417	0.00581
13	0.01952	0.01090	0.01250	0.00986	0.01345	0.01118	0.00805	0.33913	0.01898	0.28023	0.01700	0.01660	0.01178	0.00657	0.00508	0.00157	0.00474	0.00514	0.19943	0.00830
14	0.00685	0.00528	0.00626	0.00655	0.00775	0.00469	0.00471	0.00841	0.01258	0.01637	0.23836	0.29475	0.33953	0.01416	0.00661	0.00193	0.00284	0.01237	0.00531	0.00469
15	0.01238	0.29500	0.07741	0.01262	0.01675	0.01403	0.21790	0.01545	0.01153	0.01612	0.01148	0.01409	0.00937	0.00755	0.05834	0.00194	0.00680	0.00467	0.18998	0.00660
16	0.01458	0.81168	0.02857	0.00933	0.01399	0.02157	0.00933	0.01632	0.01108	0.01283	0.00758	0.00875	0.00700	0.00466	0.00350	0.00117	0.00583	0.00292	0.00233	0.00700
17	0.00969	0.00601	0.00792	0.00719	0.00883	0.00548	0.00548	0.01221	0.01545	0.11106	0.68306	0.03811	0.04697	0.01063	0.00632	0.00171	0.00282	0.00934	0.00609	0.00563
18	0.01087	0.00995	0.01639	0.27798	0.32810	0.01077	0.01329	0.01395	0.01187	0.01633	0.10333	0.01928	0.03909	0.01015	0.09338	0.00251	0.00706	0.00578	0.00311	0.00681
19	0.01213	0.01156	0.01967	0.35831	0.46020	0.01259	0.01605	0.01554	0.01177	0.01616	0.01001	0.01394	0.00805	0.00511	0.00542	0.00170	0.00681	0.00485	0.00258	0.00754
20	0.01516	0.02274	0.42814	0.01460	0.02091	0.05245	0.04180	0.29616	0.01708	0.02352	0.01101	0.01214	0.00785	0.00570	0.00531	0.00168	0.00741	0.00442	0.00353	0.00840
21	0.01291	0.00686	0.00817	0.00710	0.00974	0.00585	0.00558	0.01464	0.01377	0.28546	0.09519	0.03961	0.45143	0.01112	0.00610	0.00178	0.00341	0.00925	0.00573	0.00630
22	0.01537	0.07828	0.24270	0.01607	0.06989	0.19486	0.10855	0.04771	0.04825	0.07303	0.01094	0.01247	0.00827	0.00563	0.00582	0.00165	0.04536	0.00446	0.00311	0.00759
23	0.00793	0.00529	0.00595	0.00595	0.00595	0.00529	0.00330	0.00793	0.00793	0.01057	0.01718	0.03568	0.01982	0.80840	0.02775	0.00529	0.00529	0.00793	0.00330	0.00330
24	0.01016	0.00508	0.00508	0.00508	0.00635	0.00508	0.00381	0.01270	0.01143	0.02033	0.01778	0.02033	0.01397	0.00635	0.00381	0.00127	0.00254	0.00508	0.83867	0.00508
25	0.01409	0.01446	0.07786	0.05439	0.48931	0.04803	0.09769	0.01746	0.01250	0.06760	0.01080	0.01361	0.00860	0.00526	0.00607	0.00169	0.04454	0.00495	0.00292	0.00817
26	0.01335	0.16766	0.02257	0.02622	0.53465	0.01428	0.04058	0.01673	0.04111	0.01688	0.01236	0.01473	0.04485	0.00533	0.00512	0.00156	0.00619	0.00490	0.00285	0.00808
27	0.01268	0.00824	0.00989	0.00881	0.01118	0.00841	0.00681	0.01931	0.26125	0.16159	0.35310	0.06469	0.03230	0.00937	0.00599	0.00178	0.00355	0.00809	0.00595	0.00702
28	0.32939	0.03840	0.04904	0.01172	0.01515	0.40234	0.03563	0.03096	0.01292	0.01817	0.00832	0.00974	0.00668	0.00534	0.00438	0.00154	0.00746	0.00344	0.00303	0.00635
29	0.00682	0.00543	0.00615	0.00636	0.00779	0.00475	0.00471	0.00840	0.01262	0.01596	0.17997	0.18796	0.47139	0.01398	0.00659	0.00192	0.00291	0.04640	0.00523	0.00469
30	0.01258	0.04107	0.07326	0.08589	0.09825	0.08732	0.01000	0.02665	0.01203	0.01701	0.00961	0.01165	0.00784	0.00456	0.00449	0.00114	0.00558	0.00366	0.00299	0.48441
31	0.00666	0.00553	0.00582	0.00575	0.00750	0.00469	0.00431	0.00824	0.01294	0.01594	0.17663	0.05048	0.65002	0.01336	0.00644	0.00182	0.00273	0.01123	0.00522	0.00469
32	0.00952	0.00557	0.00724	0.00755	0.00870	0.00507	0.00538	0.01092	0.01194	0.12631	0.11424	0.51495	0.08232	0.01416	0.00649	0.00201	0.00325	0.01262	0.04650	0.00526
33	0.55266	0.00944	0.00878	0.00801	0.01106	0.01031	0.00662	0.01661	0.01082	0.14322	0.01400	0.05727	0.01229	0.00737	0.00449	0.00183	0.00435	0.11039	0.00423	0.00624
34	0.00704	0.00527	0.00654	0.00681	0.00788	0.00477	0.00489	0.00877	0.01298	0.01742	0.34526	0.31387	0.21083	0.01385	0.00662	0.00192	0.00282	0.01223	0.00545	0.00477
35	0.00751	0.00556	0.00700	0.00664	0.00802	0.00506	0.00498	0.00988	0.01494	0.02069	0.65431	0.04265	0.16938	0.01158	0.00643	0.00174	0.00260	0.01013	0.00585	0.00506
36	0.01141	0.02712	0.69773	0.01604	0.02372	0.04022	0.07407	0.01744	0.01175	0.01714	0.00983	0.01169	0.00701	0.00515	0.00526	0.00172	0.00820	0.00419	0.00235	0.00794
37	0.02037	0.02598	0.01545	0.01404	0.01685	0.78652	0.01053	0.02177	0.01545	0.01334	0.00843	0.00983	0.00702	0.00562	0.00492	0.00140	0.00983	0.00351	0.00281	0.00632
38	0.00879	0.00628	0.00879	0.01004	0.01130	0.00628	0.00879	0.01130	0.01255	0.01632	0.02887	0.06150	0.03138	0.01506	0.00753	0.00251	0.00502	0.73770	0.00502	0.00502
39	0.06602	0.01065	0.01148	0.01019	0.01278	0.04707	0.00796	0.06819	0.32538	0.10971	0.01773	0.01949	0.01405	0.06871	0.16049	0.00339	0.02904	0.00570	0.00466	0.00729
40	0.06335	0.05614	0.04978	0.03721	0.09266	0.18369	0.31269	0.07426	0.01396	0.01792	0.01079	0.01445	0.00873	0.00547	0.00558	0.00169	0.00813	0.03324	0.00305	0.00720

[dist]
# distance from previous block
# <min> <max>
8	22

[block]
# block no. 5 follows, 44 sequences, length 31
# corresponding to MSA columns:
# 578-608
name=unknown_F
#
# <colnr> <probs for GDERKNQSTAVLIFYWHMCP>
#	G	D	E	R	K	N	Q	S	T	A	V	L	I	F	Y	W	H	M	C	P
0	0.01271	0.00734	0.00936	0.00832	0.01052	0.00701	0.00650	0.04668	0.07578	0.20225	0.41377	0.08488	0.03579	0.01019	0.00618	0.00179	0.00351	0.04488	0.00601	0.00653
1	0.07647	0.07599	0.07217	0.05711	0.26142	0.05104	0.19693	0.04241	0.01268	0.04488	0.01138	0.05233	0.00952	0.00561	0.00540	0.00168	0.00699	0.00539	0.00306	0.00755
2	0.05748	0.19662	0.21463	0.05418	0.14351	0.07893	0.07002	0.03235	0.07157	0.01704	0.01027	0.01205	0.00810	0.00521	0.00486	0.00158	0.00696	0.00422	0.00283	0.00758
3	0.00846	0.00620	0.00824	0.00922	0.01033	0.00623	0.00746	0.01151	0.07142	0.01637	0.06563	0.28363	0.03264	0.01488	0.00714	0.00233	0.00428	0.42378	0.00512	0.00513
4	0.00999	0.00510	0.00515	0.00515	0.00632	0.00510	0.00377	0.01233	0.01116	0.01956	0.01774	0.02154	0.01444	0.06968	0.00570	0.00159	0.00276	0.00531	0.77271	0.00494
5	0.01433	0.16114	0.22150	0.05023	0.17484	0.01467	0.07002	0.11980	0.03757	0.05847	0.02077	0.01302	0.00894	0.00540	0.00511	0.00160	0.00673	0.00455	0.00324	0.00806
6	0.01331	0.19967	0.12171	0.21242	0.13766	0.05140	0.10827	0.06351	0.01265	0.01642	0.00963	0.01235	0.00761	0.00511	0.00506	0.00160	0.00720	0.00444	0.00268	0.00731
7	0.00838	0.00598	0.00822	0.00893	0.00988	0.00621	0.00724	0.01027	0.01075	0.01432	0.02319	0.04692	0.02490	0.17656	0.19651	0.00454	0.00735	0.42102	0.00419	0.00465
8	0.07871	0.03657	0.14271	0.01792	0.16609	0.28306	0.05963	0.08114	0.01401	0.01771	0.00942	0.01141	0.00751	0.00554	0.00569	0.00161	0.04682	0.00417	0.00294	0.00734
9	0.00727	0.00556	0.00666	0.00639	0.00787	0.00495	0.00479	0.00942	0.01437	0.01933	0.51773	0.04488	0.30681	0.01209	0.00643	0.00176	0.00264	0.01044	0.00567	0.00495
10	0.04186	0.14668	0.08550	0.08566	0.16846	0.04561	0.01163	0.07047	0.01247	0.01749	0.01018	0.03943	0.00874	0.00554	0.00531	0.00144	0.04286	0.00435	0.00300	0.19332
11	0.01051	0.01004	0.01149	0.05114	0.09508	0.12470	0.00862	0.01238	0.01047	0.01341	0.01602	0.02157	0.07184	0.08459	0.39122	0.00543	0.04709	0.00589	0.00303	0.00546
12	0.01531	0.00885	0.01157	0.00992	0.01210	0.00934	0.00789	0.08747	0.01394	0.28163	0.10681	0.18040	0.05570	0.01019	0.00834	0.00193	0.15824	0.00810	0.00527	0.00696
13	0.38141	0.00953	0.00852	0.00793	0.01040	0.06716	0.00622	0.01459	0.01187	0.08057	0.16292	0.11130	0.05747	0.00868	0.00500	0.00178	0.00420	0.04022	0.00446	0.00578
