[name]
unknown

[dist]
# distance from previous block
# <min> <max>
1	113

[block]
# block no. 0 follows, 42 sequences, length 6
# corresponding to MSA columns:
# 113-118
name=unknown_A
#
# <colnr> <probs for GDERKNQSTAVLIFYWHMCP>
#	G	D	E	R	K	N	Q	S	T	A	V	L	I	F	Y	W	H	M	C	P
0	0.01545	0.02235	0.25316	0.01396	0.01843	0.29323	0.04583	0.07332	0.06319	0.01711	0.01177	0.01547	0.00987	0.11286	0.00848	0.00216	0.00824	0.00483	0.00319	0.00710
1	0.01231	0.01191	0.01903	0.27624	0.27971	0.01436	0.01510	0.01509	0.01092	0.01547	0.00934	0.01375	0.00795	0.00681	0.00984	0.00200	0.26548	0.00498	0.00259	0.00713
2	0.00979	0.00889	0.01317	0.18639	0.01827	0.00979	0.08447	0.01337	0.08412	0.01587	0.06736	0.08299	0.19629	0.09037	0.00985	0.00234	0.08855	0.00833	0.00399	0.00582
3	0.00813	0.00567	0.00721	0.00721	0.00759	0.00604	0.00475	0.00887	0.00850	0.01171	0.01675	0.03138	0.01809	0.52075	0.30688	0.00678	0.00902	0.00739	0.00326	0.00401
4	0.01461	0.01155	0.06173	0.01007	0.01338	0.01104	0.00853	0.23328	0.14312	0.08141	0.18420	0.02514	0.07720	0.00841	0.00575	0.00173	0.00455	0.00692	0.08975	0.00764
5	0.00818	0.00546	0.00614	0.00614	0.00614	0.00546	0.00341	0.00818	0.00818	0.01091	0.01773	0.03683	0.02046	0.80222	0.02864	0.00546	0.00546	0.00818	0.00341	0.00341

[dist]
# distance from previous block
# <min> <max>
4	8

[block]
# block no. 1 follows, 42 sequences, length 30
# corresponding to MSA columns:
# 127-156
name=unknown_B
#
# <colnr> <probs for GDERKNQSTAVLIFYWHMCP>
#	G	D	E	R	K	N	Q	S	T	A	V	L	I	F	Y	W	H	M	C	P
0	0.01212	0.00886	0.00979	0.00881	0.01058	0.03215	0.00637	0.13190	0.09054	0.05480	0.06388	0.11970	0.02063	0.29445	0.06964	0.00362	0.00578	0.00792	0.00452	0.04396
1	0.01502	0.15200	0.12465	0.01054	0.01440	0.05804	0.00971	0.03081	0.09317	0.18924	0.04545	0.14626	0.06994	0.00876	0.00558	0.00175	0.00537	0.00720	0.00467	0.00743
2	0.45276	0.01083	0.01178	0.09478	0.09320	0.01198	0.00882	0.01899	0.07639	0.13255	0.03171	0.01364	0.00989	0.00588	0.00453	0.00176	0.00496	0.00432	0.00408	0.00714
3	0.01322	0.31526	0.02016	0.01430	0.16353	0.01451	0.00994	0.06739	0.01270	0.01689	0.01343	0.15715	0.01347	0.00727	0.00490	0.00147	0.00536	0.00602	0.00338	0.13965
4	0.01164	0.13089	0.03160	0.24824	0.02293	0.07291	0.12762	0.01445	0.01163	0.01455	0.01469	0.06978	0.05196	0.03823	0.11235	0.00287	0.00825	0.00619	0.00300	0.00621
5	0.00706	0.00556	0.00618	0.00630	0.00768	0.00489	0.00451	0.00849	0.01260	0.01593	0.17095	0.16365	0.46025	0.08991	0.00884	0.00228	0.00313	0.01186	0.00522	0.00469
6	0.01365	0.01290	0.09990	0.01409	0.14626	0.00956	0.01040	0.04090	0.01281	0.09127	0.01141	0.01287	0.00888	0.00480	0.00474	0.00120	0.00520	0.00400	0.00356	0.49159
7	0.11179	0.01088	0.02607	0.02859	0.21181	0.02811	0.00935	0.01439	0.01156	0.01795	0.01475	0.01829	0.07518	0.08838	0.00728	0.00179	0.00515	0.00504	0.00334	0.31028
8	0.02139	0.01576	0.01689	0.01295	0.01745	0.01745	0.01070	0.74835	0.02646	0.03547	0.01351	0.01351	0.00957	0.00676	0.00563	0.00169	0.00619	0.00507	0.00563	0.00957
9	0.01466	0.15214	0.30858	0.01303	0.01874	0.02735	0.03603	0.11509	0.08103	0.08208	0.06119	0.01505	0.01199	0.00613	0.00523	0.00165	0.00658	0.00484	0.00379	0.03483
10	0.01613	0.01606	0.08073	0.05118	0.10662	0.16922	0.01120	0.08395	0.14028	0.09804	0.01642	0.01690	0.05613	0.00649	0.00539	0.00161	0.00642	0.00517	0.00415	0.10793
11	0.01513	0.01222	0.01445	0.01070	0.01545	0.02937	0.05279	0.21930	0.01614	0.04838	0.01161	0.01280	0.00898	0.00511	0.00479	0.00119	0.00519	0.00414	0.02096	0.49130
12	0.01049	0.00525	0.00525	0.00525	0.00656	0.00525	0.00393	0.01311	0.01180	0.02098	0.01836	0.02098	0.01442	0.00656	0.00393	0.00131	0.00262	0.00525	0.83346	0.00525
13	0.01539	0.23541	0.07836	0.06828	0.01847	0.01529	0.09592	0.14178	0.01495	0.10157	0.06610	0.01683	0.04649	0.00668	0.00606	0.00167	0.05390	0.00532	0.00391	0.00762
14	0.01270	0.01295	0.01485	0.01741	0.20902	0.17149	0.01098	0.01476	0.01157	0.01477	0.01303	0.08379	0.01251	0.01887	0.25715	0.00415	0.10451	0.00600	0.00306	0.00645
15	0.01049	0.00525	0.00525	0.00525	0.00656	0.00525	0.00393	0.01311	0.01180	0.02098	0.01836	0.02098	0.01442	0.00656	0.00393	0.00131	0.00262	0.00525	0.83346	0.00525
16	0.01205	0.01093	0.08502	0.06398	0.10093	0.00953	0.00974	0.04155	0.14366	0.09454	0.14206	0.06600	0.17799	0.00936	0.00606	0.00184	0.00470	0.00801	0.00492	0.00712
17	0.01503	0.01419	0.02255	0.02598	0.40557	0.04370	0.16064	0.15259	0.01544	0.02106	0.01245	0.06156	0.01061	0.00608	0.00587	0.00175	0.00708	0.00596	0.00348	0.00841
18	0.01230	0.01171	0.01990	0.40687	0.40753	0.01294	0.01646	0.01584	0.01204	0.01641	0.01030	0.01446	0.00822	0.00532	0.00560	0.00177	0.00709	0.00501	0.00264	0.00760
19	0.01459	0.01431	0.02117	0.19482	0.39466	0.08599	0.07903	0.09314	0.01423	0.01881	0.01065	0.01387	0.00848	0.00538	0.00564	0.00172	0.00738	0.00503	0.00303	0.00806
20	0.00937	0.00823	0.01294	0.46293	0.02620	0.00961	0.01141	0.01244	0.01205	0.01589	0.16048	0.05024	0.08426	0.01171	0.08640	0.00262	0.00681	0.00707	0.00359	0.00576
21	0.01100	0.07985	0.09251	0.01443	0.18245	0.00975	0.01005	0.03466	0.01409	0.04548	0.25864	0.03052	0.17609	0.00908	0.00594	0.00172	0.00466	0.00780	0.00451	0.00676
22	0.01049	0.00525	0.00525	0.00525	0.00656	0.00525	0.00393	0.01311	0.01180	0.02098	0.01836	0.02098	0.01442	0.00656	0.00393	0.00131	0.00262	0.00525	0.83346	0.00525
23	0.00923	0.00842	0.01113	0.15830	0.11612	0.03803	0.00890	0.01151	0.01226	0.01554	0.07657	0.03406	0.33382	0.01513	0.12359	0.00292	0.00637	0.00835	0.00402	0.00574
24	0.01049	0.00525	0.00525	0.00525	0.00656	0.00525	0.00393	0.01311	0.01180	0.02098	0.01836	0.02098	0.01442	0.00656	0.00393	0.00131	0.00262	0.00525	0.83346	0.00525
25	0.04018	0.31041	0.21805	0.04607	0.05392	0.12102	0.05796	0.06148	0.01317	0.01676	0.00930	0.01103	0.00748	0.00525	0.00473	0.00152	0.00744	0.00391	0.00274	0.00758
26	0.01772	0.01234	0.01430	0.01180	0.01555	0.01338	0.03499	0.19393	0.39129	0.17478	0.04402	0.01938	0.01563	0.00732	0.00575	0.00182	0.00504	0.00606	0.00586	0.00903
27	0.00740	0.00576	0.00660	0.00655	0.00805	0.00513	0.00491	0.00920	0.01346	0.01738	0.28468	0.04937	0.40964	0.08195	0.00864	0.00222	0.00319	0.06566	0.00538	0.00485
28	0.01538	0.06359	0.08575	0.10881	0.30057	0.10216	0.05906	0.01975	0.07547	0.09687	0.01240	0.01436	0.00950	0.00560	0.00547	0.00169	0.00706	0.00494	0.00340	0.00817
29	0.05840	0.01641	0.23251	0.19799	0.09275	0.01290	0.01445	0.11803	0.09108	0.02020	0.01362	0.08244	0.01133	0.00688	0.00557	0.00184	0.00662	0.00576	0.00355	0.00767

[dist]
# distance from previous block
# <min> <max>
3	59

[block]
# block no. 2 follows, 42 sequences, length 23
# corresponding to MSA columns:
# 217-239
name=unknown_C
#
# <colnr> <probs for GDERKNQSTAVLIFYWHMCP>
#	G	D	E	R	K	N	Q	S	T	A	V	L	I	F	Y	W	H	M	C	P
0	0.01411	0.01776	0.29585	0.01305	0.01802	0.01257	0.01344	0.05831	0.25123	0.10968	0.01711	0.01939	0.01312	0.00842	0.03233	0.00214	0.03951	0.05129	0.00436	0.00832
1	0.04095	0.10956	0.14598	0.07583	0.03648	0.01220	0.02874	0.03884	0.01203	0.05513	0.01037	0.01245	0.00825	0.00622	0.02460	0.00160	0.06575	0.00404	0.00315	0.30784
2	0.22501	0.01012	0.01134	0.05595	0.03250	0.02449	0.00795	0.04999	0.07522	0.28063	0.07778	0.02129	0.08976	0.00751	0.00528	0.00177	0.00466	0.00592	0.00525	0.00756
3	0.01160	0.00875	0.01197	0.01329	0.13083	0.03037	0.00872	0.05806	0.03445	0.07057	0.01516	0.02141	0.01361	0.11764	0.42091	0.00605	0.01087	0.00598	0.00355	0.00622
4	0.07558	0.20775	0.24793	0.01173	0.01696	0.01511	0.01230	0.17158	0.04012	0.02129	0.05890	0.01665	0.06820	0.00663	0.00504	0.00163	0.00614	0.00501	0.00371	0.00772
5	0.00923	0.00657	0.00744	0.00736	0.00913	0.00606	0.00543	0.05017	0.04735	0.07255	0.04223	0.28523	0.40213	0.01408	0.00665	0.00200	0.00338	0.01211	0.00540	0.00550
6	0.01442	0.10853	0.15174	0.03406	0.09520	0.05490	0.02755	0.04107	0.06166	0.09001	0.01236	0.03773	0.00996	0.00612	0.00610	0.00157	0.06749	0.00474	0.00351	0.17126
7	0.01190	0.15586	0.65169	0.01499	0.02274	0.01457	0.01897	0.01766	0.01181	0.01707	0.00973	0.01142	0.00714	0.00526	0.00506	0.00169	0.00794	0.00397	0.00238	0.00814
8	0.00874	0.00540	0.00711	0.00786	0.00853	0.00502	0.00532	0.00973	0.01100	0.08575	0.02876	0.64316	0.03322	0.10055	0.00933	0.00257	0.00364	0.01418	0.00520	0.00492
9	0.05022	0.08003	0.19365	0.03597	0.01642	0.01088	0.07343	0.07085	0.01319	0.06748	0.06492	0.13952	0.06411	0.05126	0.00697	0.00202	0.00579	0.01933	0.02718	0.00679
10	0.01387	0.16141	0.38471	0.01598	0.09608	0.10175	0.01581	0.07295	0.01341	0.01778	0.01089	0.05062	0.00902	0.00599	0.00515	0.00165	0.00754	0.00464	0.00287	0.00789
11	0.00897	0.00705	0.00907	0.07550	0.03305	0.00732	0.00701	0.01327	0.14129	0.01811	0.18588	0.34524	0.07209	0.01264	0.00649	0.00200	0.00375	0.01123	0.03425	0.00578
12	0.01299	0.01206	0.01992	0.22216	0.49217	0.01274	0.01567	0.04965	0.01328	0.01847	0.06655	0.01627	0.01187	0.00573	0.00567	0.00173	0.00657	0.00540	0.00310	0.00800
13	0.01504	0.01354	0.05916	0.13283	0.23882	0.01343	0.06799	0.17101	0.09433	0.06189	0.01505	0.01811	0.03003	0.00652	0.00580	0.00180	0.00650	0.03583	0.00402	0.00830
14	0.01035	0.00983	0.01658	0.17273	0.02096	0.03680	0.18828	0.01340	0.01144	0.01513	0.01688	0.02523	0.05243	0.01966	0.27278	0.00442	0.01016	0.09374	0.00324	0.00596
15	0.00730	0.00532	0.00747	0.00829	0.00886	0.00549	0.00590	0.00866	0.01013	0.01388	0.02508	0.50952	0.02860	0.02678	0.29484	0.00480	0.00766	0.01229	0.00440	0.00474
16	0.01582	0.48833	0.15574	0.01174	0.01686	0.12854	0.01184	0.08346	0.01351	0.01611	0.00885	0.01009	0.00742	0.00522	0.00430	0.00138	0.00702	0.00348	0.00276	0.00752
17	0.05345	0.04866	0.53426	0.11205	0.02483	0.01364	0.04349	0.07263	0.01283	0.01896	0.01021	0.01228	0.00736	0.00544	0.00530	0.00177	0.00783	0.00433	0.00271	0.00798
18	0.00891	0.00687	0.00845	0.06551	0.01129	0.00675	0.00631	0.08313	0.01471	0.01953	0.28842	0.19796	0.23563	0.01262	0.00658	0.00191	0.00355	0.01096	0.00540	0.00550
19	0.01058	0.00823	0.01255	0.49705	0.02677	0.00980	0.01128	0.01391	0.01146	0.01684	0.01311	0.01723	0.01008	0.00597	0.00500	0.00167	0.00569	0.00509	0.31183	0.00588
20	0.04504	0.21373	0.24623	0.01404	0.01950	0.16849	0.08299	0.07387	0.01396	0.05793	0.01021	0.01157	0.00782	0.00544	0.00496	0.00158	0.00775	0.00412	0.00306	0.00771
21	0.01466	0.01382	0.11205	0.11337	0.29814	0.01220	0.01380	0.12289	0.01444	0.09474	0.01415	0.01734	0.03145	0.06511	0.00725	0.00199	0.00639	0.00541	0.03276	0.00803
22	0.00678	0.00520	0.00622	0.00704	0.00795	0.00464	0.00487	0.00793	0.01154	0.01468	0.04069	0.52145	0.30808	0.01637	0.00698	0.00214	0.00311	0.01446	0.00522	0.00464

[dist]
# distance from previous block
# <min> <max>
0	4

[block]
# block no. 3 follows, 42 sequences, length 23
# corresponding to MSA columns:
# 244-266
name=unknown_D
#
# <colnr> <probs for GDERKNQSTAVLIFYWHMCP>
#	G	D	E	R	K	N	Q	S	T	A	V	L	I	F	Y	W	H	M	C	P
0	0.00727	0.00579	0.00656	0.00655	0.00822	0.00508	0.00503	0.00918	0.01377	0.01757	0.26669	0.05139	0.48270	0.01355	0.00675	0.00193	0.00301	0.07849	0.00551	0.00496
1	0.03605	0.36893	0.21586	0.01204	0.01747	0.09045	0.01252	0.09043	0.01380	0.07994	0.01025	0.01115	0.00796	0.00542	0.00456	0.00148	0.00688	0.00379	0.00317	0.00784
2	0.01240	0.04220	0.16860	0.02510	0.43723	0.01236	0.05489	0.01621	0.01291	0.01829	0.08532	0.01857	0.05877	0.00624	0.00569	0.00171	0.00651	0.00578	0.00317	0.00807
3	0.00925	0.00523	0.00785	0.00785	0.00815	0.00553	0.00553	0.00815	0.00785	0.01076	0.01137	0.01861	0.01106	0.02635	0.24946	0.58801	0.00794	0.00523	0.00262	0.00322
4	0.01611	0.01455	0.02344	0.02522	0.35734	0.01485	0.18845	0.24620	0.01719	0.02364	0.01169	0.01410	0.00903	0.00549	0.00584	0.00173	0.00720	0.00542	0.00369	0.00881
5	0.01344	0.29717	0.02004	0.23128	0.02102	0.01509	0.03327	0.08533	0.01353	0.04997	0.09641	0.01749	0.03819	0.00788	0.03602	0.00189	0.00639	0.00521	0.00350	0.00690
6	0.03716	0.00943	0.01257	0.01109	0.01157	0.01204	0.00882	0.01196	0.01047	0.01576	0.19613	0.02428	0.03740	0.13425	0.01641	0.00273	0.43200	0.00682	0.00362	0.00549
7	0.01219	0.01019	0.01116	0.01014	0.01277	0.01139	0.00783	0.02412	0.53456	0.02325	0.24536	0.02731	0.02796	0.00880	0.00600	0.00187	0.00391	0.00751	0.00587	0.00783
8	0.01659	0.01664	0.01717	0.18711	0.16928	0.26007	0.01291	0.05601	0.07260	0.07189	0.01162	0.01376	0.00902	0.00613	0.00623	0.00172	0.05564	0.00471	0.00342	0.00747
9	0.01257	0.00956	0.01360	0.22918	0.11342	0.01035	0.01074	0.08499	0.08458	0.08888	0.02040	0.23111	0.04778	0.00960	0.00610	0.00194	0.00539	0.00848	0.00441	0.00695
10	0.01047	0.00836	0.00956	0.00928	0.01066	0.00930	0.00676	0.01706	0.29880	0.01701	0.02254	0.17490	0.02249	0.24866	0.01371	0.00312	0.04681	0.05976	0.00472	0.00603
11	0.01485	0.45066	0.25053	0.01232	0.01788	0.13807	0.01317	0.01802	0.01228	0.01470	0.00864	0.01006	0.00720	0.00513	0.00436	0.00142	0.00735	0.00345	0.00248	0.00744
12	0.00945	0.01010	0.06568	0.00981	0.01204	0.08205	0.05330	0.01182	0.01236	0.01600	0.15360	0.07997	0.19490	0.02032	0.23850	0.00399	0.00803	0.00840	0.00415	0.00553
13	0.01478	0.24833	0.01662	0.00999	0.01325	0.01361	0.00843	0.02082	0.24524	0.13526	0.01875	0.08102	0.01625	0.02872	0.00667	0.03913	0.00499	0.06607	0.00463	0.00743
14	0.01602	0.01425	0.02234	0.05979	0.38452	0.01474	0.12932	0.24601	0.01709	0.02349	0.01160	0.01404	0.00900	0.00554	0.00576	0.00172	0.00701	0.00528	0.00367	0.00879
15	0.01185	0.35477	0.03735	0.07733	0.10372	0.01443	0.03177	0.01393	0.01144	0.01454	0.01574	0.25738	0.01687	0.00893	0.00526	0.00169	0.00551	0.00761	0.00335	0.00655
16	0.00775	0.00605	0.00707	0.00676	0.00840	0.00553	0.00509	0.01059	0.05175	0.01974	0.45091	0.04572	0.32929	0.01238	0.00660	0.00183	0.00282	0.01065	0.00579	0.00527
17	0.05076	0.00678	0.00806	0.00758	0.00927	0.00666	0.00578	0.01200	0.04620	0.06598	0.34637	0.11084	0.23617	0.01197	0.00707	0.00189	0.04539	0.01010	0.00553	0.00560
18	0.01233	0.01072	0.01551	0.03575	0.26995	0.01073	0.01128	0.07670	0.01287	0.01842	0.01431	0.01978	0.03779	0.01219	0.12737	0.00276	0.04926	0.06035	0.00343	0.19847
19	0.01219	0.01084	0.01647	0.01630	0.13296	0.01205	0.10954	0.01822	0.20292	0.03741	0.01519	0.01867	0.01264	0.03578	0.22165	0.00399	0.10633	0.00594	0.00370	0.00720
20	0.00689	0.00550	0.00617	0.00644	0.00786	0.00478	0.00466	0.00837	0.01274	0.01602	0.14919	0.24136	0.48078	0.01473	0.00678	0.00198	0.00293	0.01269	0.00536	0.00478
21	0.01596	0.01253	0.01907	0.20817	0.35759	0.01328	0.01451	0.15415	0.01540	0.11580	0.01246	0.01477	0.00933	0.00573	0.00561	0.00173	0.00655	0.00510	0.00378	0.00848
22	0.02992	0.10320	0.32513	0.03317	0.17875	0.08562	0.13102	0.01799	0.01257	0.01721	0.00999	0.01237	0.00773	0.00517	0.00536	0.00169	0.00800	0.00455	0.00261	0.00797

[dist]
# distance from previous block
# <min> <max>
0	10

[block]
# block no. 4 follows, 42 sequences, length 28
# corresponding to MSA columns:
# 286-313
name=unknown_E
#
# <colnr> <probs for GDERKNQSTAVLIFYWHMCP>
#	G	D	E	R	K	N	Q	S	T	A	V	L	I	F	Y	W	H	M	C	P
0	0.00974	0.00894	0.04125	0.00930	0.01174	0.00808	0.06186	0.01163	0.01174	0.04479	0.05813	0.03411	0.32167	0.11324	0.01065	0.00228	0.10905	0.00830	0.00417	0.11932
1	0.25411	0.01475	0.01173	0.00998	0.01345	0.23672	0.00779	0.01945	0.01301	0.15818	0.01192	0.01336	0.00918	0.04116	0.00560	0.00167	0.00610	0.00406	0.03527	0.13253
2	0.01160	0.21960	0.01465	0.00825	0.01159	0.03362	0.00691	0.01374	0.01309	0.03824	0.24239	0.02437	0.07591	0.03937	0.00599	0.00152	0.00435	0.00620	0.00418	0.22441
3	0.01129	0.02911	0.77306	0.01604	0.02436	0.01307	0.02079	0.01782	0.01188	0.01782	0.01010	0.01188	0.00713	0.00535	0.00535	0.00178	0.00832	0.00416	0.00238	0.00832
4	0.00692	0.00516	0.00638	0.00722	0.00797	0.00469	0.00493	0.00807	0.01146	0.01491	0.07915	0.54867	0.20998	0.04694	0.00786	0.00229	0.00322	0.01438	0.00521	0.00461
5	0.01045	0.01307	0.23386	0.01018	0.01388	0.00783	0.01018	0.01381	0.01332	0.08582	0.25531	0.18716	0.05058	0.01018	0.00613	0.00182	0.00474	0.00883	0.00473	0.05810
6	0.01135	0.00904	0.00899	0.00839	0.01073	0.03218	0.00643	0.01949	0.34161	0.02038	0.03024	0.02939	0.21272	0.00903	0.00547	0.00173	0.00372	0.00743	0.22491	0.00677
7	0.01685	0.02358	0.18366	0.01385	0.01788	0.43695	0.01239	0.02171	0.12729	0.01679	0.06560	0.01448	0.01203	0.00639	0.00535	0.00162	0.00834	0.00463	0.00345	0.00720
8	0.14495	0.24624	0.01819	0.01028	0.01467	0.01547	0.00898	0.21219	0.01646	0.24111	0.01350	0.01317	0.00962	0.00601	0.00472	0.00157	0.00545	0.00433	0.00474	0.00835
9	0.00978	0.00489	0.00733	0.00733	0.00733	0.00489	0.00489	0.00733	0.00733	0.00978	0.00978	0.01711	0.00978	0.01955	0.02199	0.83627	0.00489	0.00489	0.00244	0.00244
10	0.01019	0.00658	0.00776	0.00769	0.00930	0.00639	0.00566	0.01379	0.11158	0.08930	0.11842	0.29115	0.15079	0.01233	0.00620	0.00191	0.00333	0.01074	0.13104	0.00584
11	0.01219	0.01121	0.01877	0.02702	0.54377	0.01150	0.01425	0.01514	0.01170	0.01682	0.01191	0.01634	0.01043	0.01599	0.23401	0.00385	0.00916	0.00531	0.00285	0.00777
12	0.00756	0.00525	0.00659	0.00739	0.00768	0.00507	0.00485	0.00829	0.00996	0.01324	0.02579	0.44267	0.03035	0.32003	0.01551	0.00353	0.00427	0.07327	0.00452	0.00417
13	0.00805	0.00600	0.00891	0.00891	0.00987	0.00696	0.00687	0.00996	0.00901	0.01297	0.01519	0.02278	0.01436	0.07678	0.74574	0.00888	0.01464	0.00613	0.00303	0.00495
14	0.01153	0.07891	0.72537	0.01563	0.02372	0.01366	0.02008	0.01776	0.01185	0.01753	0.00995	0.01170	0.00713	0.00531	0.00524	0.00175	0.00817	0.00408	0.00238	0.00825
15	0.00693	0.00547	0.00626	0.00672	0.00803	0.00481	0.00489	0.00835	0.01238	0.01554	0.09882	0.30096	0.43766	0.01523	0.00688	0.00205	0.00308	0.04590	0.00529	0.00475
16	0.00686	0.00490	0.00653	0.00784	0.00816	0.00457	0.00522	0.00784	0.01077	0.01437	0.03102	0.79855	0.03722	0.01763	0.00718	0.00229	0.00326	0.01600	0.00522	0.00457
17	0.01539	0.01511	0.15903	0.01965	0.23895	0.01242	0.06085	0.06432	0.04179	0.16043	0.04138	0.01667	0.01182	0.03823	0.00774	0.00196	0.07662	0.00545	0.00391	0.00828
18	0.01120	0.03890	0.21776	0.01637	0.11741	0.01128	0.13726	0.01552	0.05888	0.01612	0.01336	0.01966	0.01189	0.17199	0.11486	0.00350	0.00831	0.00587	0.00302	0.00684
19	0.01082	0.00884	0.01192	0.23916	0.01912	0.01032	0.00947	0.04843	0.17372	0.01673	0.01575	0.02157	0.01359	0.13599	0.20307	0.00419	0.00817	0.00605	0.03689	0.00620
20	0.01403	0.01373	0.01835	0.15105	0.36191	0.10004	0.01366	0.04932	0.01327	0.01794	0.01028	0.01316	0.00839	0.00510	0.00522	0.00150	0.00665	0.00449	0.00300	0.18892
21	0.00931	0.00586	0.00731	0.00706	0.00852	0.00525	0.00519	0.01054	0.01299	0.08806	0.26027	0.13833	0.26627	0.01396	0.00895	0.12829	0.00334	0.01024	0.00527	0.00501
22	0.00786	0.00609	0.00815	0.00855	0.00919	0.00639	0.00627	0.00934	0.01171	0.01606	0.17905	0.45732	0.06906	0.01606	0.03491	0.00243	0.09602	0.04557	0.00502	0.00496
23	0.01257	0.20639	0.40023	0.01600	0.11935	0.01454	0.01587	0.01705	0.01187	0.01689	0.00962	0.01146	0.00754	0.00502	0.00482	0.00151	0.00702	0.00390	0.00256	0.11579
24	0.01309	0.01091	0.01297	0.14471	0.07321	0.09962	0.00990	0.02731	0.03302	0.09255	0.01667	0.10995	0.01550	0.01235	0.09735	0.00261	0.00703	0.08405	0.00395	0.13326
25	0.00895	0.03447	0.00870	0.07689	0.04456	0.00669	0.00644	0.01114	0.01250	0.01773	0.13754	0.15592	0.19268	0.01090	0.00581	0.00178	0.00361	0.03559	0.22275	0.00536
26	0.01259	0.01174	0.01225	0.04258	0.15154	0.15544	0.00893	0.01451	0.01324	0.07159	0.02833	0.14179	0.24561	0.00999	0.00597	0.00175	0.00541	0.00843	0.00425	0.05406
27	0.01396	0.17057	0.15460	0.01348	0.05709	0.05694	0.08125	0.05882	0.01310	0.04577	0.01108	0.03975	0.00919	0.00543	0.00488	0.00139	0.00636	0.00447	0.00322	0.24865

[dist]
# distance from previous block
# <min> <max>
0	19

[block]
# block no. 5 follows, 42 sequences, length 11
# corresponding to MSA columns:
# 333-343
name=unknown_F
#
# <colnr> <probs for GDERKNQSTAVLIFYWHMCP>
#	G	D	E	R	K	N	Q	S	T	A	V	L	I	F	Y	W	H	M	C	P
0	0.14450	0.01030	0.01093	0.13374	0.03763	0.07859	0.00825	0.01558	0.06857	0.07525	0.05883	0.09171	0.15548	0.03217	0.00621	0.00188	0.00505	0.00721	0.00429	0.05383
1	0.05113	0.01288	0.10746	0.01124	0.03833	0.01152	0.00958	0.19713	0.15899	0.04272	0.13461	0.04547	0.09113	0.00837	0.00571	0.00177	0.00487	0.00688	0.05258	0.00760
2	0.00734	0.00539	0.00684	0.00731	0.00810	0.00515	0.00509	0.00869	0.01146	0.01535	0.16119	0.35548	0.14808	0.11774	0.10692	0.00338	0.00485	0.01209	0.00489	0.00464
3	0.01681	0.01861	0.01712	0.12274	0.15190	0.35036	0.01256	0.07250	0.05050	0.01668	0.01031	0.01282	0.00845	0.00729	0.02996	0.00191	0.08471	0.00449	0.00312	0.00717
4	0.02065	0.01539	0.01647	0.01280	0.01717	0.01710	0.01052	0.67592	0.10010	0.03426	0.01446	0.01427	0.01034	0.00684	0.00564	0.00171	0.00602	0.00520	0.00564	0.00950
5	0.00813	0.00565	0.00665	0.00675	0.00726	0.00550	0.00445	0.00893	0.01022	0.01358	0.12114	0.04242	0.09307	0.52833	0.02114	0.00429	0.00482	0.09950	0.00416	0.00400
6	0.01231	0.01231	0.01724	0.01477	0.01477	0.01724	0.01231	0.01354	0.00862	0.01354	0.00739	0.01231	0.00739	0.00985	0.01847	0.00246	0.79192	0.00492	0.00246	0.00616
7	0.00700	0.00522	0.00623	0.00696	0.00769	0.00476	0.00467	0.00796	0.01097	0.01408	0.03648	0.46616	0.24488	0.13748	0.01033	0.00266	0.00348	0.01360	0.00495	0.00444
8	0.01526	0.26523	0.01637	0.00912	0.01233	0.09040	0.00781	0.13308	0.01453	0.05037	0.01330	0.01484	0.01060	0.00713	0.02941	0.00162	0.00552	0.00438	0.29183	0.00686
9	0.01129	0.02911	0.77306	0.01604	0.02436	0.01307	0.02079	0.01782	0.01188	0.01782	0.01010	0.01188	0.00713	0.00535	0.00535	0.00178	0.00832	0.00416	0.00238	0.00832
10	0.01108	0.01446	0.26838	0.01100	0.01518	0.00892	0.09416	0.01527	0.01200	0.01958	0.01477	0.01724	0.01128	0.00594	0.00472	0.00154	0.00533	0.00504	0.45757	0.00655

[dist]
# distance from previous block
# <min> <max>
0	1

[block]
# block no. 6 follows, 42 sequences, length 14
# corresponding to MSA columns:
# 345-358
name=unknown_G
#
# <colnr> <probs for GDERKNQSTAVLIFYWHMCP>
#	G	D	E	R	K	N	Q	S	T	A	V	L	I	F	Y	W	H	M	C	P
0	0.50034	0.01034	0.01027	0.00849	0.01234	0.01080	0.00701	0.02110	0.01231	0.33721	0.01385	0.01333	0.00937	0.00595	0.00439	0.00174	0.00454	0.00414	0.00494	0.00755
1	0.38773	0.01764	0.01229	0.01085	0.01421	0.33327	0.00849	0.05112	0.01357	0.09026	0.00977	0.01068	0.00745	0.00569	0.00444	0.00162	0.00690	0.00362	0.00365	0.00675
2	0.00818	0.00546	0.00614	0.00614	0.00614	0.00546	0.00341	0.00818	0.00818	0.01091	0.01773	0.03683	0.02046	0.80222	0.02864	0.00546	0.00546	0.00818	0.00341	0.00341
3	0.00687	0.00567	0.00603	0.00602	0.00775	0.00483	0.00448	0.00847	0.01322	0.01632	0.16697	0.08644	0.61954	0.01398	0.00667	0.00190	0.00284	0.01180	0.00538	0.00483
4	0.02276	0.01357	0.01553	0.01191	0.01636	0.01419	0.00984	0.49240	0.02278	0.29661	0.01660	0.01551	0.01112	0.00683	0.00564	0.00171	0.00569	0.00528	0.00610	0.00957
5	0.02027	0.00892	0.01107	0.00886	0.01229	0.00834	0.00720	0.10201	0.01591	0.45886	0.02006	0.01910	0.01361	0.00682	0.00512	0.00160	0.00427	0.00547	0.26198	0.00824
6	0.00838	0.00657	0.00776	0.00833	0.00949	0.00664	0.00590	0.01266	0.17320	0.01647	0.03280	0.52811	0.13205	0.01500	0.00679	0.00215	0.00347	0.01334	0.00533	0.00554
7	0.02102	0.02682	0.01595	0.01450	0.01740	0.77963	0.01087	0.02247	0.01595	0.01377	0.00870	0.01015	0.00725	0.00580	0.00507	0.00145	0.01015	0.00362	0.00290	0.00652
8	0.01052	0.00968	0.01381	0.01238	0.01280	0.01297	0.01010	0.01208	0.00880	0.01334	0.01060	0.01641	0.01018	0.02338	0.33699	0.00522	0.46697	0.00539	0.00269	0.00568
9	0.01076	0.00765	0.00946	0.00904	0.01037	0.05635	0.00684	0.01244	0.01012	0.09502	0.01586	0.02334	0.01462	0.15569	0.52807	0.00720	0.01213	0.00617	0.00350	0.00536
10	0.00697	0.00547	0.00633	0.00676	0.00805	0.00483	0.00491	0.00845	0.01253	0.01588	0.13273	0.29885	0.40926	0.01509	0.00687	0.00204	0.00306	0.04181	0.00534	0.00478
11	0.01366	0.01320	0.02192	0.03129	0.64343	0.01401	0.01646	0.01666	0.01212	0.01759	0.01006	0.01366	0.00866	0.00581	0.00769	0.00180	0.13578	0.00500	0.00273	0.00846
12	0.01197	0.01055	0.01287	0.01098	0.01370	0.04814	0.08748	0.07929	0.24250	0.02186	0.24758	0.06736	0.10285	0.00949	0.00623	0.00184	0.00466	0.00834	0.00533	0.00698
13	0.01527	0.01886	0.08445	0.10219	0.16165	0.30198	0.03928	0.01786	0.01321	0.01529	0.01263	0.01509	0.06066	0.00668	0.00718	0.00175	0.11118	0.00494	0.00289	0.00697

[dist]
# distance from previous block
# <min> <max>
3	12

[block]
# block no. 7 follows, 42 sequences, length 26
# corresponding to MSA columns:
# 371-396
name=unknown_H
#
# <colnr> <probs for GDERKNQSTAVLIFYWHMCP>
#	G	D	E	R	K	N	Q	S	T	A	V	L	I	F	Y	W	H	M	C	P
0	0.05506	0.00651	0.00798	0.00742	0.00931	0.00597	0.00563	0.01277	0.01433	0.13966	0.37452	0.14488	0.17082	0.01180	0.00639	0.00186	0.00321	0.01020	0.00586	0.00583
1	0.07736	0.01384	0.09175	0.03244	0.03792	0.10920	0.10394	0.01440	0.01167	0.01610	0.04195	0.09553	0.09965	0.04321	0.04371	0.00241	0.14834	0.00698	0.00342	0.00618
2	0.01061	0.00949	0.01317	0.01193	0.01200	0.01244	0.00942	0.01131	0.00891	0.01314	0.01335	0.18203	0.01485	0.06338	0.01710	0.09317	0.48787	0.00749	0.00311	0.00524
3	0.01837	0.02053	0.09785	0.03714	0.05798	0.35886	0.01180	0.14802	0.01672	0.07638	0.04980	0.03595	0.01143	0.00669	0.00578	0.00164	0.02883	0.00492	0.00384	0.00748
4	0.00978	0.00489	0.00733	0.00733	0.00733	0.00489	0.00489	0.00733	0.00733	0.00978	0.00978	0.01711	0.00978	0.01955	0.02199	0.83627	0.00489	0.00489	0.00244	0.00244
5	0.01041	0.00889	0.01451	0.16650	0.14541	0.00929	0.06517	0.01339	0.01242	0.01646	0.02103	0.06095	0.02162	0.03497	0.00752	0.00233	0.00616	0.37280	0.00403	0.00612
6	0.42041	0.01021	0.01074	0.00875	0.01268	0.01038	0.00722	0.02216	0.01295	0.41019	0.01525	0.01431	0.01014	0.00612	0.00461	0.00174	0.00458	0.00440	0.00528	0.00789
7	0.01255	0.00992	0.01060	0.01052	0.01264	0.09185	0.00864	0.01746	0.15393	0.08521	0.10151	0.04330	0.04792	0.01179	0.00676	0.00216	0.00522	0.35630	0.00530	0.00642
8	0.02139	0.01576	0.01689	0.01295	0.01745	0.01745	0.01070	0.74835	0.02646	0.03547	0.01351	0.01351	0.00957	0.00676	0.00563	0.00169	0.00619	0.00507	0.00563	0.00957
9	0.00716	0.00617	0.03817	0.00767	0.00876	0.00506	0.00570	0.00870	0.01196	0.01587	0.14305	0.51683	0.17292	0.01560	0.00693	0.00212	0.00331	0.01389	0.00525	0.00487
10	0.02105	0.02595	0.01602	0.01438	0.01740	0.71938	0.01086	0.07986	0.01678	0.01549	0.00908	0.01041	0.00743	0.00587	0.00512	0.00147	0.00984	0.00374	0.00312	0.00676
11	0.01167	0.01000	0.01167	0.00834	0.01334	0.00750	0.00667	0.01417	0.01167	0.01834	0.01000	0.01167	0.00834	0.00417	0.00417	0.00083	0.00417	0.00333	0.00333	0.83663
12	0.00811	0.00575	0.00764	0.00764	0.00816	0.00627	0.00528	0.00915	0.00863	0.01202	0.01636	0.02923	0.01716	0.40993	0.41643	0.00731	0.01042	0.00707	0.00321	0.00424
13	0.01406	0.15812	0.01585	0.01126	0.01323	0.21340	0.00897	0.04531	0.01177	0.01390	0.01110	0.01713	0.01080	0.15613	0.12955	0.00348	0.15207	0.00500	0.00295	0.00592
14	0.01129	0.02911	0.77306	0.01604	0.02436	0.01307	0.02079	0.01782	0.01188	0.01782	0.01010	0.01188	0.00713	0.00535	0.00535	0.00178	0.00832	0.00416	0.00238	0.00832
15	0.41320	0.00849	0.00879	0.00828	0.01059	0.00979	0.00662	0.01374	0.00952	0.04244	0.01178	0.01573	0.01020	0.02317	0.37922	0.00527	0.00955	0.00457	0.00336	0.00568
16	0.16241	0.01429	0.01169	0.01026	0.01310	0.23954	0.00801	0.04274	0.01407	0.17172	0.04789	0.04461	0.06958	0.00751	0.00572	0.00168	0.04323	0.00551	0.07966	0.00678
17	0.01970	0.06457	0.01689	0.01343	0.01706	0.43357	0.02888	0.23175	0.01836	0.02044	0.01147	0.01245	0.02817	0.00613	0.00519	0.00149	0.00823	0.00429	0.00375	0.05419
18	0.15588	0.01414	0.01318	0.03272	0.01467	0.16962	0.00879	0.04883	0.01217	0.01810	0.00931	0.01208	0.00800	0.03316	0.00780	0.00164	0.14972	0.00393	0.00319	0.28307
19	0.12720	0.01800	0.06216	0.01217	0.01517	0.33953	0.03475	0.07533	0.01429	0.01794	0.01356	0.10851	0.01275	0.00938	0.04207	0.00205	0.00775	0.04022	0.04073	0.00643
20	0.03465	0.01767	0.31835	0.01343	0.05575	0.04717	0.01334	0.06418	0.01304	0.07338	0.07488	0.01749	0.01341	0.01408	0.17284	0.00330	0.00862	0.00526	0.03186	0.00731
21	0.01186	0.04646	0.01103	0.06922	0.01305	0.16121	0.00760	0.01413	0.03318	0.03408	0.18585	0.10688	0.12141	0.01001	0.00676	0.02157	0.04164	0.00790	0.09046	0.00572
22	0.04698	0.00778	0.00959	0.00927	0.01043	0.00840	0.00684	0.08556	0.01188	0.01692	0.02218	0.45240	0.02524	0.07342	0.00994	0.00236	0.12012	0.01116	0.00451	0.06502
23	0.01913	0.22814	0.01846	0.01173	0.03676	0.13132	0.00955	0.08404	0.06020	0.24946	0.01427	0.01490	0.01071	0.03915	0.00663	0.00175	0.04674	0.00467	0.00442	0.00798
24	0.11419	0.28199	0.17969	0.01079	0.01544	0.01459	0.04094	0.05339	0.01263	0.03331	0.08398	0.01810	0.06979	0.04215	0.00587	0.00175	0.00585	0.00514	0.00342	0.00696
25	0.01303	0.41962	0.01961	0.02709	0.01271	0.01552	0.00807	0.07198	0.01250	0.01602	0.03998	0.02044	0.07864	0.10009	0.00768	0.00192	0.02741	0.02440	0.07689	0.00640

[dist]
# distance from previous block
# <min> <max>
5	87

[block]
# block no. 8 follows, 42 sequences, length 32
# corresponding to MSA columns:
# 487-518
name=unknown_I
#
# <colnr> <probs for GDERKNQSTAVLIFYWHMCP>
#	G	D	E	R	K	N	Q	S	T	A	V	L	I	F	Y	W	H	M	C	P
0	0.01406	0.10633	0.17444	0.01231	0.01685	0.01498	0.01161	0.07544	0.46530	0.02199	0.01785	0.01720	0.01341	0.00677	0.00540	0.00179	0.00556	0.00543	0.00464	0.00864
1	0.01406	0.01948	0.22804	0.01276	0.01664	0.25885	0.01217	0.01720	0.01274	0.05451	0.04332	0.01602	0.01152	0.01685	0.23679	0.00384	0.01051	0.00487	0.00314	0.00669
2	0.01234	0.05582	0.27755	0.27454	0.02649	0.07913	0.03580	0.03708	0.04344	0.01655	0.01080	0.01378	0.00825	0.00778	0.05250	0.00218	0.00820	0.00462	0.00277	0.03036
3	0.01382	0.01330	0.01565	0.25774	0.15035	0.17012	0.01234	0.01636	0.01287	0.06694	0.05581	0.11290	0.01440	0.00773	0.00654	0.00182	0.05466	0.00642	0.00348	0.00672
4	0.00978	0.00489	0.00733	0.00733	0.00733	0.00489	0.00489	0.00733	0.00733	0.00978	0.00978	0.01711	0.00978	0.01955	0.02199	0.83627	0.00489	0.00489	0.00244	0.00244
5	0.00855	0.00803	0.00734	0.00765	0.00906	0.10140	0.00549	0.00984	0.01250	0.01487	0.05714	0.33544	0.37342	0.01444	0.00666	0.00199	0.00392	0.01240	0.00496	0.00492
6	0.01568	0.01266	0.01384	0.01317	0.07583	0.05287	0.00975	0.28743	0.19076	0.02548	0.04023	0.04556	0.03891	0.00851	0.00589	0.00184	0.00543	0.09632	0.05182	0.00801
7	0.71137	0.01166	0.00964	0.00828	0.01193	0.01339	0.00683	0.13302	0.01226	0.02688	0.00874	0.00984	0.00665	0.00547	0.00382	0.00173	0.00465	0.00337	0.00382	0.00665
8	0.01165	0.00879	0.05246	0.00875	0.01157	0.00713	0.02295	0.04401	0.01276	0.12813	0.02751	0.15261	0.18133	0.07421	0.04435	0.00238	0.00488	0.03857	0.02771	0.13824
9	0.01698	0.55349	0.02511	0.01121	0.01540	0.26745	0.01003	0.01867	0.01290	0.01341	0.00811	0.00939	0.00723	0.00513	0.00408	0.00128	0.00736	0.00321	0.00257	0.00700
10	0.19611	0.25266	0.12233	0.01174	0.01607	0.28510	0.01083	0.01889	0.01268	0.01666	0.00845	0.00984	0.00697	0.00532	0.00434	0.00149	0.00742	0.00339	0.00281	0.00688
11	0.02008	0.01511	0.01615	0.01268	0.01695	0.01684	0.01038	0.62115	0.15580	0.03336	0.01517	0.01484	0.01092	0.00691	0.00565	0.00173	0.00588	0.00530	0.00565	0.00945
12	0.84197	0.01088	0.00827	0.00740	0.01088	0.01262	0.00609	0.01654	0.00958	0.02525	0.00784	0.00914	0.00609	0.00522	0.00348	0.00174	0.00435	0.00305	0.00348	0.00609
13	0.01874	0.29311	0.02072	0.03249	0.01693	0.42400	0.01055	0.09228	0.01532	0.01576	0.00891	0.01022	0.00748	0.00555	0.00464	0.00140	0.00827	0.00359	0.00299	0.00706
14	0.00680	0.00556	0.00600	0.00620	0.00777	0.00476	0.00453	0.00824	0.01271	0.01565	0.11031	0.18874	0.57391	0.01464	0.00675	0.00196	0.00291	0.01249	0.00531	0.00476
15	0.01044	0.00877	0.00970	0.07915	0.01319	0.04088	0.00736	0.01679	0.25120	0.01852	0.07843	0.23166	0.11961	0.01105	0.00611	0.00193	0.00417	0.00956	0.07517	0.00633
16	0.01350	0.01299	0.01808	0.14673	0.24808	0.05770	0.01365	0.08126	0.01261	0.01725	0.01244	0.01578	0.05416	0.00744	0.00980	0.00196	0.26094	0.00533	0.00305	0.00726
17	0.01205	0.00978	0.01364	0.09821	0.19375	0.00994	0.01011	0.05646	0.10334	0.04147	0.05194	0.17334	0.01813	0.02563	0.00620	0.00181	0.00498	0.00750	0.05115	0.11055
18	0.03643	0.06428	0.38878	0.05119	0.07744	0.01213	0.01505	0.05440	0.01292	0.09352	0.01320	0.05459	0.01033	0.00629	0.00523	0.00172	0.00664	0.00508	0.08294	0.00784
19	0.02087	0.02544	0.01595	0.01428	0.01733	0.69094	0.01081	0.08813	0.03621	0.01598	0.00950	0.01073	0.00772	0.00593	0.00514	0.00148	0.00964	0.00383	0.00322	0.00686
20	0.00674	0.00565	0.00585	0.00591	0.00768	0.00477	0.00439	0.00820	0.01288	0.01557	0.09524	0.09878	0.68048	0.01430	0.00668	0.00192	0.00286	0.01203	0.00528	0.00477
21	0.01322	0.18496	0.48433	0.01429	0.02088	0.03517	0.01675	0.07603	0.02726	0.01806	0.00997	0.01159	0.00755	0.00566	0.00576	0.00169	0.05201	0.00407	0.00273	0.00804
22	0.00938	0.05226	0.01127	0.00962	0.01039	0.00971	0.00746	0.01074	0.00889	0.01267	0.01364	0.02272	0.01375	0.21118	0.39726	0.00635	0.17861	0.00613	0.00295	0.00501
23	0.00750	0.00599	0.00675	0.00669	0.00831	0.00543	0.00496	0.01007	0.05546	0.01787	0.27242	0.12941	0.42208	0.01339	0.00665	0.00190	0.00292	0.01149	0.00556	0.00514
24	0.00978	0.00489	0.00733	0.00733	0.00733	0.00489	0.00489	0.00733	0.00733	0.00978	0.00978	0.01711	0.00978	0.01955	0.02199	0.83627	0.00489	0.00489	0.00244	0.00244
25	0.01800	0.18370	0.02084	0.05521	0.10016	0.35906	0.06170	0.10530	0.01549	0.01703	0.00954	0.01131	0.00780	0.00554	0.00503	0.00150	0.00827	0.00409	0.00308	0.00735
26	0.01343	0.01308	0.02243	0.19128	0.23444	0.01444	0.18567	0.08078	0.01304	0.01807	0.01033	0.01413	0.00830	0.00611	0.00815	0.00191	0.14853	0.00538	0.00293	0.00759
27	0.01142	0.00967	0.01037	0.00967	0.01218	0.01063	0.00739	0.02206	0.48440	0.02091	0.08165	0.11319	0.16255	0.01024	0.00612	0.00194	0.00390	0.00871	0.00561	0.00740
28	0.01557	0.01233	0.01336	0.05818	0.01551	0.05133	0.00907	0.35013	0.10098	0.02762	0.25708	0.02348	0.02425	0.00827	0.00594	0.00174	0.00514	0.00679	0.00549	0.00776
29	0.01110	0.01042	0.01731	0.64709	0.12811	0.01231	0.01529	0.01473	0.01147	0.01512	0.01008	0.01467	0.00773	0.00546	0.00553	0.00179	0.00720	0.00490	0.00259	0.05712
30	0.01409	0.02145	0.31438	0.01511	0.02110	0.15418	0.13513	0.01833	0.01300	0.04874	0.01054	0.01236	0.00793	0.00514	0.00527	0.00153	0.00781	0.00435	0.00295	0.18661
31	0.06958	0.06142	0.01632	0.01315	0.06150	0.04299	0.05103	0.27357	0.14009	0.07728	0.05224	0.01605	0.01279	0.00650	0.00534	0.00164	0.00565	0.00524	0.02279	0.06481

[dist]
# distance from previous block
# <min> <max>
0	21

[block]
# block no. 9 follows, 42 sequences, length 16
# corresponding to MSA columns:
# 540-555
name=unknown_J
#
# <colnr> <probs for GDERKNQSTAVLIFYWHMCP>
#	G	D	E	R	K	N	Q	S	T	A	V	L	I	F	Y	W	H	M	C	P
0	0.01611	0.01740	0.01945	0.08723	0.31437	0.27199	0.06285	0.01914	0.03076	0.03377	0.01046	0.01294	0.00847	0.00536	0.00538	0.00158	0.00784	0.00458	0.00301	0.06733
1	0.01463	0.01353	0.04879	0.04211	0.34141	0.04424	0.01287	0.10960	0.05387	0.04830	0.05449	0.01540	0.01183	0.00572	0.00536	0.00154	0.00598	0.00500	0.00373	0.16159
2	0.00863	0.00650	0.00736	0.00663	0.00861	0.00561	0.00481	0.01034	0.01208	0.01692	0.15918	0.06716	0.23522	0.15661	0.00993	0.00226	0.00357	0.00858	0.08808	0.18191
3	0.16516	0.01030	0.01471	0.01984	0.35790	0.01057	0.01090	0.01482	0.03451	0.01909	0.11844	0.02017	0.04740	0.04081	0.00799	0.08594	0.00523	0.00583	0.00358	0.00683
4	0.00691	0.00494	0.00658	0.00780	0.00817	0.00461	0.00523	0.00797	0.01103	0.01477	0.06684	0.76159	0.03800	0.01733	0.00716	0.00226	0.00324	0.01571	0.00527	0.00461
5	0.01448	0.00743	0.00923	0.00794	0.00982	0.00703	0.00571	0.05678	0.01302	0.26254	0.13573	0.03055	0.02282	0.37356	0.01639	0.00345	0.00484	0.00749	0.00513	0.00607
6	0.01384	0.44094	0.02643	0.06268	0.01850	0.01916	0.13052	0.01611	0.01107	0.01416	0.00844	0.01118	0.00749	0.00603	0.00771	0.00165	0.19046	0.00417	0.00250	0.00697
7	0.00689	0.00507	0.00646	0.00746	0.00809	0.00464	0.00508	0.00803	0.01139	0.01496	0.07658	0.64001	0.15120	0.01676	0.00707	0.00220	0.00317	0.01503	0.00528	0.00464
8	0.00736	0.00573	0.00668	0.00645	0.00804	0.00505	0.00483	0.00945	0.01450	0.01918	0.43880	0.04761	0.38057	0.01277	0.00664	0.00183	0.00274	0.01096	0.00575	0.00505
9	0.01400	0.01209	0.01273	0.01145	0.01463	0.01400	0.00891	0.02990	0.75695	0.02354	0.02291	0.02100	0.01718	0.00764	0.00573	0.00191	0.00445	0.00636	0.00573	0.00891
10	0.02319	0.00956	0.01247	0.00974	0.01376	0.00865	0.00799	0.06485	0.04049	0.63184	0.02137	0.01909	0.01385	0.00693	0.00549	0.00170	0.00464	0.00561	0.08966	0.00912
11	0.01720	0.52532	0.02462	0.01138	0.01551	0.29485	0.01008	0.01887	0.01306	0.01343	0.00814	0.00943	0.00723	0.00517	0.00414	0.00129	0.00750	0.00323	0.00258	0.00697
12	0.46196	0.01074	0.00960	0.00821	0.01143	0.01208	0.00668	0.18649	0.01402	0.02666	0.01155	0.01285	0.00879	0.00588	0.00409	0.00163	0.00439	0.00402	0.19223	0.00671
13	0.01502	0.01107	0.01236	0.01023	0.01321	0.01176	0.00814	0.40848	0.02090	0.02823	0.23966	0.10321	0.07407	0.00973	0.00615	0.00179	0.00464	0.00811	0.00573	0.00750
14	0.01149	0.00953	0.01228	0.09107	0.16867	0.03907	0.00876	0.09639	0.01219	0.01612	0.01703	0.07299	0.04597	0.35656	0.01584	0.00339	0.00594	0.00730	0.00361	0.00578
15	0.01573	0.32359	0.01915	0.01068	0.01427	0.19996	0.00909	0.05495	0.10916	0.03576	0.01660	0.01792	0.08572	0.00690	0.00483	0.00151	0.00632	0.02673	0.03406	0.00706

[dist]
# distance from previous block
# <min> <max>
1	21

[block]
# block no. 10 follows, 42 sequences, length 70
# corresponding to MSA columns:
# 577-646
name=unknown_K
#
# <colnr> <probs for GDERKNQSTAVLIFYWHMCP>
#	G	D	E	R	K	N	Q	S	T	A	V	L	I	F	Y	W	H	M	C	P
0	0.01257	0.01704	0.15600	0.02036	0.02604	0.03936	0.52622	0.01718	0.01309	0.01757	0.01547	0.01820	0.08117	0.00580	0.00637	0.00186	0.00867	0.00662	0.00300	0.00740
1	0.01387	0.02936	0.01606	0.01451	0.07103	0.11064	0.06065	0.01560	0.01098	0.08721	0.01174	0.01706	0.01059	0.10217	0.11926	0.00338	0.29087	0.00543	0.00319	0.00640
2	0.01524	0.29780	0.01754	0.00986	0.01317	0.14093	0.00844	0.01705	0.01336	0.13242	0.05412	0.08138	0.10061	0.00855	0.00527	0.00163	0.00572	0.06604	0.00414	0.00674
3	0.01063	0.00915	0.02901	0.00822	0.01211	0.00705	0.00669	0.01333	0.03071	0.03399	0.07579	0.06434	0.12509	0.00758	0.00513	0.00128	0.00398	0.03791	0.00412	0.51388
4	0.01712	0.07747	0.24299	0.03902	0.01948	0.34337	0.01369	0.02060	0.03224	0.08502	0.01063	0.01196	0.00809	0.00596	0.00586	0.00164	0.05022	0.00411	0.00312	0.00742
5	0.01357	0.05264	0.20669	0.05768	0.10851	0.15660	0.10426	0.04193	0.01337	0.01715	0.05468	0.09061	0.01318	0.00708	0.00619	0.00177	0.03764	0.00601	0.00320	0.00723
6	0.01615	0.01815	0.02678	0.02048	0.04371	0.20867	0.46105	0.09910	0.01539	0.01887	0.01092	0.01369	0.00833	0.00524	0.00611	0.00176	0.00922	0.00566	0.00316	0.00757
7	0.01138	0.02222	0.47643	0.01316	0.01914	0.07502	0.01526	0.04971	0.01308	0.01760	0.02143	0.04665	0.17970	0.00786	0.00569	0.00179	0.00697	0.00628	0.00331	0.00730
8	0.01284	0.04874	0.27737	0.03711	0.10204	0.03752	0.10737	0.01705	0.03042	0.05052	0.01285	0.04154	0.03507	0.00695	0.00809	0.00191	0.15660	0.00546	0.00300	0.00755
9	0.00794	0.00580	0.00702	0.00756	0.00864	0.00541	0.00533	0.03546	0.02886	0.03246	0.07343	0.50588	0.22412	0.01561	0.00690	0.00212	0.00329	0.01381	0.00534	0.00504
10	0.05175	0.03389	0.17353	0.01133	0.01539	0.01180	0.01068	0.03991	0.31701	0.08117	0.08902	0.04943	0.04709	0.00815	0.00573	0.00186	0.00514	0.03430	0.00491	0.00790
11	0.01741	0.01036	0.01455	0.24847	0.05867	0.01091	0.01088	0.13799	0.01554	0.28452	0.05909	0.01865	0.01340	0.03775	0.00714	0.03052	0.00584	0.00566	0.00484	0.00780
12	0.01159	0.00921	0.01049	0.00900	0.03732	0.00833	0.00677	0.14211	0.01511	0.02108	0.10373	0.02782	0.22788	0.00842	0.00542	0.00144	0.00399	0.00694	0.05056	0.29279
13	0.02798	0.00576	0.00744	0.07230	0.01082	0.00567	0.00604	0.00912	0.02773	0.01497	0.03265	0.57860	0.14900	0.01557	0.00685	0.00217	0.00360	0.01390	0.00497	0.00487
14	0.01208	0.00961	0.01440	0.01475	0.15440	0.00954	0.10975	0.10911	0.01487	0.02161	0.15242	0.05388	0.07094	0.00788	0.00563	0.00167	0.00484	0.00712	0.21872	0.00677
15	0.00765	0.00586	0.00731	0.00748	0.00858	0.00592	0.00543	0.00953	0.03615	0.01421	0.04939	0.16416	0.24306	0.13402	0.27005	0.00486	0.00745	0.00985	0.00427	0.00478
16	0.02114	0.01232	0.01405	0.01094	0.01496	0.01281	0.00898	0.41473	0.02111	0.27073	0.01698	0.01636	0.01164	0.00680	0.00541	0.00165	0.00525	0.00528	0.11988	0.00898
17	0.01206	0.02370	0.48571	0.01902	0.02632	0.01352	0.30272	0.01790	0.01243	0.01790	0.01060	0.01316	0.00768	0.00511	0.00585	0.00183	0.00877	0.00512	0.00256	0.00803
18	0.00798	0.00603	0.00747	0.00786	0.00893	0.00587	0.00560	0.01119	0.09699	0.01792	0.25126	0.42998	0.09271	0.01442	0.00682	0.00206	0.00319	0.01287	0.00557	0.00530
