[name]
unknown

[dist]
# distance from previous block
# <min> <max>
0	99

[block]
# block no. 0 follows, 49 sequences, length 32
# corresponding to MSA columns:
# 99-130
name=unknown_A
#
# <colnr> <probs for GDERKNQSTAVLIFYWHMCP>
#	G	D	E	R	K	N	Q	S	T	A	V	L	I	F	Y	W	H	M	C	P
0	0.07846	0.00783	0.01131	0.01233	0.11177	0.00778	0.04726	0.03231	0.01222	0.11291	0.06980	0.03798	0.02207	0.01014	0.00602	0.00197	0.00480	0.40277	0.00442	0.00585
1	0.01216	0.01109	0.01687	0.07620	0.27514	0.01058	0.09810	0.08598	0.04186	0.01782	0.01005	0.01222	0.00804	0.00449	0.00469	0.00129	0.00545	0.00420	0.00300	0.30077
2	0.00828	0.00497	0.00659	0.00722	0.00803	0.00454	0.00501	0.00931	0.01037	0.11337	0.02775	0.68631	0.05979	0.01449	0.00626	0.00198	0.00310	0.01304	0.00490	0.00469
3	0.00625	0.00449	0.00594	0.00694	0.00735	0.00417	0.00468	0.00729	0.01016	0.01363	0.10131	0.72886	0.04964	0.01525	0.00640	0.00200	0.00287	0.01380	0.00478	0.00417
4	0.01021	0.01073	0.06781	0.39860	0.22234	0.01075	0.06888	0.01359	0.01118	0.01522	0.10936	0.01619	0.01238	0.00552	0.00521	0.00162	0.00617	0.00515	0.00275	0.00633
5	0.00679	0.00512	0.00605	0.00584	0.00705	0.00462	0.00424	0.00850	0.01249	0.01672	0.44291	0.04081	0.29124	0.11553	0.00851	0.00206	0.00277	0.00942	0.00495	0.00438
6	0.01258	0.01052	0.01223	0.01060	0.01281	0.01248	0.00849	0.17013	0.33541	0.02018	0.04776	0.01746	0.02711	0.01133	0.10985	0.00259	0.16178	0.00543	0.00426	0.00700
7	0.01049	0.00899	0.01049	0.00749	0.01198	0.00674	0.00599	0.01273	0.01049	0.01648	0.00899	0.01049	0.00749	0.00374	0.00374	0.00075	0.00374	0.00300	0.00300	0.85320
8	0.01173	0.12659	0.56935	0.01334	0.01983	0.01297	0.03673	0.06527	0.04127	0.04296	0.00985	0.01106	0.00715	0.00494	0.00467	0.00154	0.00687	0.00384	0.00259	0.00746
9	0.01240	0.14606	0.07105	0.05859	0.58264	0.01327	0.01454	0.01538	0.01120	0.01558	0.00906	0.01172	0.00761	0.00452	0.00471	0.00145	0.00603	0.00416	0.00241	0.00763
10	0.01242	0.01165	0.01034	0.00964	0.02412	0.20501	0.00719	0.01761	0.21736	0.06140	0.30382	0.05658	0.02573	0.00805	0.00535	0.00157	0.00467	0.00669	0.00467	0.00614
11	0.00605	0.00483	0.00542	0.00590	0.00703	0.00420	0.00419	0.00717	0.01078	0.01336	0.04177	0.36049	0.48297	0.01404	0.00617	0.00185	0.00271	0.01217	0.00470	0.00420
12	0.01014	0.02616	0.79609	0.01441	0.02189	0.01174	0.01868	0.01601	0.01068	0.01601	0.00907	0.01068	0.00641	0.00480	0.00480	0.00160	0.00747	0.00374	0.00214	0.00747
13	0.00716	0.00493	0.00546	0.00546	0.00570	0.00481	0.00317	0.00734	0.00793	0.01034	0.02083	0.03525	0.12520	0.71004	0.02300	0.00446	0.00458	0.00781	0.00329	0.00323
14	0.01044	0.01119	0.11147	0.00838	0.01326	0.00738	0.00762	0.01315	0.01051	0.01642	0.00900	0.01051	0.00735	0.00388	0.00388	0.00086	0.00422	0.00309	0.00289	0.74449
15	0.00949	0.00537	0.00707	0.00719	0.00823	0.00496	0.00510	0.01067	0.01085	0.15340	0.11668	0.44189	0.02916	0.12533	0.00885	0.00232	0.00345	0.04027	0.00485	0.00487
16	0.01048	0.00721	0.01081	0.00903	0.01123	0.00682	0.10410	0.01397	0.07755	0.13392	0.48082	0.06092	0.03412	0.00888	0.00579	0.00163	0.00361	0.00806	0.00521	0.00584
17	0.00922	0.00747	0.00958	0.00913	0.01005	0.00843	0.00690	0.10712	0.01107	0.01535	0.01986	0.48281	0.02258	0.01232	0.00854	0.00196	0.19542	0.01018	0.00407	0.04796
18	0.11664	0.00574	0.00682	0.00672	0.00749	0.00631	0.00470	0.00900	0.00783	0.01225	0.01382	0.02452	0.01439	0.39863	0.33820	0.00578	0.00829	0.00597	0.00293	0.00396
19	0.01549	0.01251	0.01708	0.05363	0.01810	0.04550	0.18997	0.20869	0.24126	0.12123	0.01483	0.01507	0.01071	0.00581	0.00528	0.00163	0.00585	0.00524	0.00440	0.00774
20	0.01709	0.01242	0.01510	0.01142	0.01556	0.07660	0.10633	0.26269	0.01623	0.20551	0.01267	0.01291	0.00898	0.00528	0.00484	0.00136	0.00553	0.00440	0.00435	0.20073
21	0.01189	0.00877	0.01006	0.00876	0.01094	0.00925	0.00680	0.30662	0.05573	0.02314	0.27465	0.20500	0.02764	0.00976	0.00568	0.00167	0.00383	0.00838	0.00515	0.00627
22	0.01365	0.01274	0.01386	0.01166	0.01474	0.13387	0.10619	0.05358	0.41882	0.05818	0.04312	0.01888	0.06443	0.00671	0.00523	0.00163	0.00531	0.00572	0.00446	0.00723
23	0.01188	0.00869	0.01376	0.01094	0.01379	0.00842	0.18773	0.01663	0.14216	0.14858	0.31586	0.02469	0.02554	0.00746	0.00558	0.00162	0.00443	0.00696	0.03883	0.00644
24	0.01104	0.01422	0.17928	0.01114	0.01482	0.11217	0.08365	0.03424	0.11160	0.01761	0.21359	0.04679	0.03338	0.00695	0.00521	0.00152	0.00538	0.00598	0.00380	0.08762
25	0.00645	0.00468	0.00611	0.00683	0.00746	0.00433	0.00477	0.00776	0.01097	0.01478	0.20964	0.55744	0.08628	0.01427	0.00632	0.00193	0.00284	0.03794	0.00490	0.00429
26	0.01114	0.01058	0.01707	0.15297	0.32783	0.01141	0.08238	0.01556	0.11776	0.01587	0.01432	0.03951	0.05382	0.00640	0.00622	0.00170	0.06990	0.03563	0.00308	0.00685
27	0.00616	0.00440	0.00587	0.00704	0.00733	0.00411	0.00469	0.00704	0.00968	0.01291	0.02787	0.81899	0.03344	0.01584	0.00645	0.00205	0.00293	0.01438	0.00469	0.00411
28	0.01032	0.02330	0.64927	0.08113	0.07363	0.01176	0.04933	0.01574	0.01074	0.01580	0.00914	0.01115	0.00659	0.00478	0.00489	0.00161	0.00736	0.00394	0.00219	0.00733
29	0.01889	0.02410	0.01433	0.01303	0.01563	0.80199	0.00977	0.02019	0.01433	0.01238	0.00782	0.00912	0.00651	0.00521	0.00456	0.00130	0.00912	0.00326	0.00261	0.00586
30	0.00764	0.00619	0.00704	0.00648	0.00842	0.00560	0.00490	0.01073	0.09222	0.01690	0.28039	0.08428	0.32113	0.01041	0.00563	0.00157	0.00283	0.00890	0.00481	0.11393
31	0.01746	0.01304	0.01454	0.01153	0.01489	0.01482	0.00947	0.53739	0.12313	0.06671	0.01297	0.01316	0.00947	0.00654	0.00655	0.00164	0.10908	0.00472	0.00477	0.00813

[dist]
# distance from previous block
# <min> <max>
0	1

[block]
# block no. 1 follows, 49 sequences, length 43
# corresponding to MSA columns:
# 132-174
name=unknown_B
#
# <colnr> <probs for GDERKNQSTAVLIFYWHMCP>
#	G	D	E	R	K	N	Q	S	T	A	V	L	I	F	Y	W	H	M	C	P
0	0.03987	0.39101	0.08752	0.01080	0.01471	0.06010	0.02893	0.16831	0.01303	0.03317	0.00858	0.00988	0.00705	0.00535	0.00550	0.00140	0.10149	0.00353	0.00290	0.00687
1	0.01200	0.01282	0.12111	0.22311	0.11120	0.01148	0.05588	0.13514	0.08811	0.01847	0.03413	0.01361	0.00938	0.00522	0.00492	0.00149	0.00584	0.00453	0.00321	0.12836
2	0.01057	0.00917	0.01214	0.01484	0.24455	0.03819	0.00856	0.04133	0.10270	0.01509	0.07278	0.02228	0.01554	0.28624	0.03986	0.00295	0.04814	0.00596	0.00334	0.00576
3	0.00835	0.00543	0.00714	0.00656	0.00797	0.00498	0.00498	0.01070	0.01433	0.07966	0.72914	0.03620	0.04501	0.01002	0.00590	0.00159	0.00253	0.00883	0.00562	0.00507
4	0.02269	0.00861	0.01174	0.00900	0.01291	0.00743	0.00743	0.02464	0.01447	0.79425	0.01995	0.01721	0.01252	0.00626	0.00509	0.00156	0.00430	0.00509	0.00626	0.00861
5	0.00734	0.00498	0.00589	0.00589	0.00602	0.00511	0.00353	0.00759	0.00746	0.01008	0.01559	0.03120	0.01756	0.70988	0.13702	0.00536	0.00614	0.00708	0.00301	0.00327
6	0.01252	0.01201	0.02053	0.03104	0.79074	0.01201	0.01552	0.01552	0.01151	0.01652	0.00951	0.01252	0.00801	0.00451	0.00501	0.00150	0.00601	0.00451	0.00250	0.00801
7	0.00598	0.00512	0.00512	0.00512	0.00683	0.00427	0.00384	0.00726	0.01153	0.01366	0.05123	0.04866	0.78869	0.01281	0.00598	0.00171	0.00256	0.01067	0.00470	0.00427
8	0.01252	0.01201	0.02053	0.03104	0.79074	0.01201	0.01552	0.01552	0.01151	0.01652	0.00951	0.01252	0.00801	0.00451	0.00501	0.00150	0.00601	0.00451	0.00250	0.00801
9	0.01258	0.01086	0.01143	0.01029	0.01315	0.01258	0.00800	0.02687	0.78161	0.02115	0.02058	0.01887	0.01544	0.00686	0.00515	0.00172	0.00400	0.00572	0.00515	0.00800
10	0.01258	0.01086	0.01143	0.01029	0.01315	0.01258	0.00800	0.02687	0.78161	0.02115	0.02058	0.01887	0.01544	0.00686	0.00515	0.00172	0.00400	0.00572	0.00515	0.00800
11	0.02170	0.00899	0.01183	0.00920	0.01302	0.00815	0.00755	0.05019	0.08060	0.70212	0.01974	0.01718	0.01264	0.00630	0.00509	0.00158	0.00432	0.00512	0.00612	0.00855
12	0.01049	0.00899	0.01049	0.00749	0.01198	0.00674	0.00599	0.01273	0.01049	0.01648	0.00899	0.01049	0.00749	0.00374	0.00374	0.00075	0.00374	0.00300	0.00300	0.85320
13	0.01408	0.01530	0.01802	0.11883	0.46665	0.25004	0.01361	0.01662	0.01220	0.01484	0.00894	0.01161	0.00741	0.00478	0.00488	0.00146	0.00703	0.00413	0.00250	0.00708
14	0.28899	0.01643	0.01237	0.01055	0.01376	0.30500	0.00834	0.25100	0.01540	0.02171	0.00890	0.00976	0.00682	0.00531	0.00425	0.00145	0.00635	0.00349	0.00353	0.00658
15	0.00722	0.00542	0.00813	0.00813	0.00903	0.00632	0.00632	0.00903	0.00813	0.01174	0.01354	0.01987	0.01264	0.03792	0.80225	0.00813	0.01354	0.00542	0.00271	0.00451
16	0.00616	0.00440	0.00587	0.00704	0.00733	0.00411	0.00469	0.00704	0.00968	0.01291	0.02787	0.81899	0.03344	0.01584	0.00645	0.00205	0.00293	0.01438	0.00469	0.00411
17	0.00716	0.00517	0.00676	0.00636	0.00755	0.00477	0.00477	0.00954	0.01431	0.02028	0.78808	0.03777	0.04771	0.01034	0.00596	0.00159	0.00239	0.00914	0.00557	0.00477
18	0.00978	0.00922	0.01558	0.75036	0.09282	0.01129	0.01416	0.01312	0.01022	0.01320	0.00903	0.01341	0.00684	0.00501	0.00505	0.00167	0.00668	0.00449	0.00227	0.00580
19	0.01049	0.00899	0.01049	0.00749	0.01198	0.00674	0.00599	0.01273	0.01049	0.01648	0.00899	0.01049	0.00749	0.00374	0.00374	0.00075	0.00374	0.00300	0.00300	0.85320
20	0.01922	0.01416	0.01518	0.01163	0.01568	0.01568	0.00961	0.77388	0.02378	0.03187	0.01214	0.01214	0.00860	0.00607	0.00506	0.00152	0.00556	0.00455	0.00506	0.00860
21	0.01231	0.00971	0.01038	0.00912	0.01135	0.01087	0.00683	0.16768	0.39940	0.01984	0.01752	0.02183	0.01498	0.25250	0.01134	0.00264	0.00458	0.00598	0.00450	0.00663
22	0.85801	0.00978	0.00743	0.00665	0.00978	0.01134	0.00548	0.01486	0.00861	0.02269	0.00704	0.00821	0.00548	0.00469	0.00313	0.00156	0.00391	0.00274	0.00313	0.00548
23	0.00806	0.00533	0.00672	0.00675	0.00797	0.00490	0.00491	0.01002	0.03515	0.08156	0.29503	0.33037	0.15928	0.01236	0.00605	0.00178	0.00283	0.01091	0.00514	0.00486
24	0.00617	0.00513	0.00539	0.00533	0.00695	0.00435	0.00399	0.00763	0.01198	0.01475	0.17232	0.04687	0.66692	0.01240	0.00597	0.00169	0.00253	0.01042	0.00484	0.00435
25	0.01389	0.01489	0.07547	0.04865	0.15698	0.18524	0.06683	0.08232	0.01288	0.04623	0.01003	0.03066	0.00816	0.00505	0.00488	0.00133	0.01842	0.00418	0.00302	0.21088
26	0.09591	0.00872	0.01255	0.06966	0.01449	0.00825	0.11636	0.04327	0.01273	0.13306	0.24555	0.02022	0.02017	0.00646	0.00502	0.00144	0.00441	0.00573	0.00422	0.17179
27	0.47015	0.00984	0.01137	0.22902	0.08611	0.01135	0.02137	0.04897	0.01006	0.01946	0.00878	0.03775	0.00717	0.00521	0.00407	0.00161	0.00499	0.00390	0.00296	0.00586
28	0.12615	0.05103	0.48259	0.01431	0.02049	0.01206	0.16414	0.01616	0.01076	0.04352	0.00932	0.01105	0.00674	0.00471	0.00476	0.00160	0.00701	0.00405	0.00250	0.00708
29	0.01411	0.01153	0.01394	0.01355	0.11643	0.02894	0.03725	0.14728	0.39578	0.07103	0.05317	0.01703	0.01388	0.00649	0.00559	0.00165	0.03453	0.00540	0.00462	0.00781
30	0.00920	0.01122	0.12155	0.16462	0.07675	0.00927	0.19017	0.01237	0.01117	0.01480	0.04905	0.04766	0.21730	0.00848	0.03253	0.00190	0.00606	0.00688	0.00318	0.00586
31	0.01354	0.20222	0.22531	0.01100	0.01563	0.01420	0.01114	0.23880	0.10109	0.02057	0.07021	0.01433	0.02884	0.00589	0.00467	0.00147	0.00556	0.00452	0.00365	0.00736
32	0.00662	0.00515	0.00602	0.00580	0.00723	0.00454	0.00435	0.00851	0.01305	0.01729	0.45507	0.04270	0.38259	0.01145	0.00597	0.00164	0.00247	0.00984	0.00517	0.00454
33	0.01241	0.01343	0.02731	0.01979	0.02432	0.01327	0.63954	0.07393	0.01243	0.01701	0.01003	0.01327	0.00764	0.00485	0.00694	0.00174	0.08683	0.00571	0.00272	0.00683
34	0.00606	0.00513	0.00524	0.00521	0.00688	0.00431	0.00391	0.00743	0.01173	0.01415	0.10559	0.04786	0.73402	0.01262	0.00598	0.00170	0.00255	0.01056	0.00476	0.00431
35	0.00635	0.00510	0.00568	0.00572	0.00717	0.00443	0.00428	0.00791	0.01207	0.01527	0.22893	0.10539	0.52333	0.01248	0.00604	0.00173	0.00262	0.03619	0.00491	0.00439
36	0.00621	0.00442	0.00585	0.00698	0.00727	0.00414	0.00463	0.00705	0.00959	0.01279	0.02742	0.78902	0.03287	0.04659	0.00719	0.00216	0.00301	0.01411	0.00463	0.00407
37	0.01164	0.01304	0.02817	0.02039	0.02520	0.01225	0.71375	0.01576	0.01191	0.01612	0.01150	0.01697	0.00932	0.00501	0.00605	0.00175	0.00823	0.06356	0.00272	0.00665
38	0.01270	0.00892	0.01071	0.00776	0.01215	0.00687	0.00625	0.01489	0.01121	0.15760	0.01098	0.01171	0.00840	0.00420	0.00399	0.00090	0.00385	0.00338	0.00359	0.69995
39	0.00742	0.00580	0.00833	0.00829	0.00938	0.00544	0.06388	0.03740	0.01048	0.01406	0.02531	0.60696	0.05412	0.04149	0.00689	0.00204	0.00362	0.03763	0.00440	0.04705
40	0.01626	0.01279	0.01571	0.03927	0.01651	0.01396	0.10032	0.50231	0.11828	0.02628	0.01318	0.01484	0.01006	0.06854	0.00676	0.00183	0.00571	0.00508	0.00452	0.00778
41	0.01236	0.24912	0.47042	0.01243	0.01851	0.03081	0.01460	0.10654	0.01221	0.01668	0.00884	0.01010	0.00669	0.00483	0.00439	0.00144	0.00670	0.00353	0.00250	0.00730
42	0.01225	0.01445	0.23318	0.01855	0.30877	0.01036	0.01327	0.01669	0.07021	0.10875	0.12797	0.01681	0.01459	0.00585	0.00511	0.00157	0.00552	0.00514	0.00350	0.00745

[dist]
# distance from previous block
# <min> <max>
3	5

[block]
# block no. 2 follows, 49 sequences, length 13
# corresponding to MSA columns:
# 180-192
name=unknown_C
#
# <colnr> <probs for GDERKNQSTAVLIFYWHMCP>
#	G	D	E	R	K	N	Q	S	T	A	V	L	I	F	Y	W	H	M	C	P
0	0.01374	0.00982	0.01198	0.00948	0.01259	0.00995	0.06047	0.30052	0.03339	0.07316	0.15499	0.01999	0.05717	0.00684	0.00500	0.00144	0.00431	0.00573	0.11862	0.09082
1	0.01879	0.01869	0.01416	0.01205	0.01524	0.42850	0.00940	0.25918	0.07824	0.08064	0.01115	0.01148	0.00835	0.00570	0.00480	0.00142	0.00721	0.00401	0.00387	0.00711
2	0.01310	0.68756	0.02464	0.00943	0.01303	0.01924	0.00906	0.01464	0.00985	0.01194	0.00696	0.00861	0.00651	0.00509	0.00550	0.00127	0.14205	0.00300	0.00217	0.00633
3	0.01042	0.00988	0.01674	0.58142	0.25673	0.01146	0.01448	0.01368	0.01052	0.01398	0.00914	0.01320	0.00711	0.00489	0.00504	0.00163	0.00653	0.00450	0.00232	0.00632
4	0.00735	0.00490	0.00552	0.00552	0.00552	0.00490	0.00306	0.00735	0.00735	0.00980	0.01593	0.03309	0.01838	0.82229	0.02574	0.00490	0.00490	0.00735	0.00306	0.00306
5	0.00786	0.00711	0.01290	0.01123	0.01294	0.00666	0.23005	0.00973	0.01034	0.01387	0.02269	0.58257	0.02588	0.01244	0.00631	0.00195	0.00458	0.01191	0.00407	0.00490
6	0.00668	0.00515	0.00609	0.00586	0.00726	0.00457	0.00439	0.00861	0.01318	0.01758	0.48757	0.04221	0.34990	0.01134	0.00597	0.00164	0.00246	0.00977	0.00521	0.00457
7	0.01194	0.01364	0.02984	0.02131	0.02643	0.01279	0.77238	0.01620	0.01194	0.01620	0.01023	0.01364	0.00767	0.00426	0.00597	0.00171	0.00853	0.00597	0.00256	0.00682
8	0.01400	0.00880	0.00976	0.00827	0.01075	0.00939	0.00651	0.21687	0.14468	0.12203	0.01629	0.01792	0.01253	0.06484	0.04764	0.00203	0.00450	0.00511	0.27140	0.00667
9	0.00969	0.00791	0.00893	0.00861	0.01040	0.00864	0.00643	0.01783	0.41245	0.01857	0.16531	0.25726	0.02672	0.01014	0.00568	0.00179	0.00339	0.00890	0.00509	0.00626
10	0.01515	0.01288	0.01100	0.00961	0.01228	0.25615	0.00735	0.01840	0.11329	0.18635	0.08977	0.07418	0.04524	0.04024	0.00586	0.00160	0.00540	0.00574	0.00430	0.08519
11	0.00846	0.00533	0.00675	0.00633	0.00770	0.00504	0.00481	0.01069	0.01297	0.06792	0.49408	0.03235	0.08262	0.01193	0.07631	0.00211	0.00351	0.00790	0.14824	0.00495
12	0.01509	0.39917	0.04579	0.00935	0.01345	0.01428	0.03220	0.07537	0.03297	0.18332	0.06502	0.01315	0.01115	0.00533	0.00419	0.00129	0.00499	0.00404	0.00365	0.06621

[dist]
# distance from previous block
# <min> <max>
0	2

[block]
# block no. 3 follows, 49 sequences, length 12
# corresponding to MSA columns:
# 195-206
name=unknown_D
#
# <colnr> <probs for GDERKNQSTAVLIFYWHMCP>
#	G	D	E	R	K	N	Q	S	T	A	V	L	I	F	Y	W	H	M	C	P
0	0.08140	0.36439	0.10206	0.00969	0.01351	0.15164	0.00916	0.01605	0.01153	0.07349	0.07345	0.01303	0.03514	0.00555	0.00433	0.00133	0.02103	0.00391	0.00298	0.00634
1	0.01261	0.09478	0.26242	0.01071	0.01504	0.04584	0.01091	0.01906	0.21416	0.10928	0.10192	0.01673	0.01450	0.00616	0.00484	0.00154	0.00525	0.00495	0.04216	0.00715
2	0.01238	0.01057	0.01295	0.01012	0.01390	0.05545	0.09362	0.01770	0.20206	0.07938	0.02881	0.03552	0.02601	0.00547	0.00465	0.00126	0.00464	0.00474	0.00384	0.37692
3	0.00667	0.00483	0.00632	0.00680	0.00758	0.00448	0.00488	0.00825	0.01175	0.01603	0.33297	0.42011	0.07994	0.01337	0.00626	0.00187	0.00280	0.05566	0.00504	0.00441
4	0.01414	0.20584	0.01528	0.00881	0.01300	0.01187	0.00752	0.13470	0.07459	0.10683	0.01119	0.01161	0.00863	0.00478	0.00409	0.00112	0.00451	0.00362	0.00366	0.35420
5	0.01163	0.01111	0.01893	0.26307	0.56561	0.01178	0.01508	0.01474	0.01110	0.01545	0.00936	0.01280	0.00763	0.00467	0.00502	0.00156	0.00623	0.00450	0.00243	0.00730
6	0.01333	0.37461	0.12881	0.01323	0.01779	0.09584	0.19357	0.04438	0.01153	0.01429	0.00833	0.01017	0.00685	0.00473	0.00491	0.00139	0.04332	0.00383	0.00241	0.00667
7	0.00747	0.00753	0.10118	0.00775	0.00899	0.00598	0.00635	0.00893	0.00863	0.01193	0.01739	0.17968	0.01897	0.32587	0.21568	0.00464	0.00701	0.04850	0.00326	0.00425
8	0.00878	0.00439	0.00659	0.00659	0.00659	0.00439	0.00439	0.00659	0.00659	0.00878	0.00878	0.01537	0.00878	0.01757	0.01976	0.85288	0.00439	0.00439	0.00220	0.00220
9	0.01089	0.01003	0.01390	0.01148	0.01410	0.05580	0.18063	0.08963	0.16066	0.01835	0.14772	0.17669	0.07041	0.00879	0.00573	0.00171	0.00492	0.00808	0.00435	0.00614
10	0.01287	0.07814	0.11369	0.01086	0.01439	0.01333	0.00965	0.10676	0.48250	0.02054	0.03696	0.01637	0.01328	0.00649	0.00546	0.00165	0.03985	0.00513	0.00440	0.00769
11	0.00667	0.00486	0.00627	0.00654	0.00741	0.00447	0.00467	0.00836	0.01223	0.01680	0.42525	0.35390	0.09827	0.01275	0.00616	0.00179	0.00262	0.01137	0.00515	0.00447

[dist]
# distance from previous block
# <min> <max>
0	1

[block]
# block no. 4 follows, 49 sequences, length 25
# corresponding to MSA columns:
# 208-232
name=unknown_E
#
# <colnr> <probs for GDERKNQSTAVLIFYWHMCP>
#	G	D	E	R	K	N	Q	S	T	A	V	L	I	F	Y	W	H	M	C	P
0	0.01214	0.01163	0.01984	0.13022	0.69451	0.01192	0.01533	0.01519	0.01134	0.01606	0.00944	0.01264	0.00785	0.00458	0.00501	0.00153	0.00610	0.00450	0.00247	0.00771
1	0.01637	0.18580	0.12976	0.01187	0.01612	0.19379	0.06056	0.12436	0.05610	0.14147	0.01124	0.01168	0.00831	0.00528	0.00460	0.00142	0.00652	0.00400	0.00351	0.00723
2	0.01283	0.07980	0.18472	0.10040	0.13975	0.04210	0.23350	0.09199	0.01264	0.03966	0.00988	0.01218	0.00746	0.00477	0.00510	0.00156	0.00709	0.00460	0.00276	0.00718
3	0.00625	0.00497	0.00561	0.00579	0.00708	0.00433	0.00421	0.00765	0.01165	0.01477	0.18813	0.22043	0.47526	0.01302	0.00608	0.00176	0.00261	0.01121	0.00486	0.00433
4	0.07900	0.01730	0.33169	0.01549	0.02078	0.01131	0.31733	0.01496	0.01062	0.01589	0.01019	0.01433	0.00826	0.10190	0.00763	0.00203	0.00730	0.00498	0.00250	0.00653
5	0.01208	0.48354	0.35564	0.01112	0.01679	0.01647	0.01294	0.01551	0.01045	0.01366	0.00790	0.00921	0.00645	0.00453	0.00391	0.00130	0.00629	0.00315	0.00215	0.00691
6	0.01147	0.01094	0.01463	0.01340	0.06043	0.01394	0.03237	0.01684	0.24554	0.01535	0.01266	0.01486	0.03519	0.00797	0.01172	0.00199	0.46596	0.00508	0.00322	0.00644
7	0.01042	0.00988	0.01674	0.58086	0.25728	0.01146	0.01448	0.01368	0.01052	0.01398	0.00914	0.01320	0.00711	0.00489	0.00504	0.00163	0.00652	0.00450	0.00232	0.00632
8	0.00616	0.00440	0.00587	0.00704	0.00733	0.00411	0.00469	0.00704	0.00968	0.01291	0.02787	0.81899	0.03344	0.01584	0.00645	0.00205	0.00293	0.01438	0.00469	0.00411
9	0.03611	0.01273	0.01226	0.01005	0.01316	0.10783	0.00804	0.43202	0.04728	0.02484	0.11242	0.02034	0.12601	0.00746	0.00520	0.00154	0.00507	0.00584	0.00473	0.00707
10	0.00716	0.00517	0.00676	0.00636	0.00755	0.00477	0.00477	0.00954	0.01431	0.02028	0.78808	0.03777	0.04771	0.01034	0.00596	0.00159	0.00239	0.00914	0.00557	0.00477
11	0.04842	0.00969	0.03847	0.00838	0.01087	0.05636	0.00684	0.18842	0.04058	0.05417	0.35392	0.02765	0.11851	0.00860	0.00544	0.00157	0.00394	0.00715	0.00495	0.00606
12	0.00688	0.00482	0.00593	0.00630	0.00661	0.00479	0.00404	0.00746	0.00844	0.01126	0.02152	0.27955	0.06898	0.41981	0.11733	0.00422	0.00524	0.00952	0.00363	0.00365
13	0.01198	0.01249	0.01425	0.11838	0.26277	0.19471	0.01078	0.01425	0.01224	0.01526	0.15064	0.05325	0.05753	0.00691	0.00571	0.00156	0.04210	0.00579	0.00324	0.00614
14	0.01227	0.20134	0.01989	0.15007	0.21016	0.01362	0.10188	0.05003	0.10933	0.01561	0.01041	0.01275	0.00842	0.00569	0.00563	0.05298	0.00592	0.00441	0.00282	0.00679
15	0.01281	0.15287	0.35379	0.01144	0.01661	0.01252	0.01254	0.08891	0.10134	0.09469	0.08288	0.01446	0.01206	0.00573	0.00474	0.00152	0.00577	0.00450	0.00348	0.00734
16	0.11387	0.01418	0.01220	0.01009	0.01352	0.23267	0.00799	0.15771	0.05851	0.17261	0.01320	0.01318	0.03387	0.00566	0.00456	0.00139	0.00569	0.00414	0.00410	0.12085
17	0.19605	0.01238	0.01295	0.05920	0.03707	0.09784	0.04274	0.24919	0.02462	0.09332	0.01265	0.01494	0.02892	0.01628	0.00495	0.00158	0.00547	0.04011	0.00399	0.04576
18	0.13359	0.00979	0.01120	0.00951	0.01223	0.02361	0.04284	0.22363	0.09188	0.10841	0.07888	0.19825	0.01799	0.00844	0.00522	0.00168	0.00438	0.00712	0.00473	0.00664
19	0.13230	0.09913	0.01480	0.01440	0.19430	0.14339	0.00942	0.10188	0.01331	0.08976	0.08986	0.05161	0.01295	0.00609	0.00466	0.00148	0.00545	0.00485	0.00362	0.00675
20	0.08754	0.11342	0.01100	0.00814	0.01047	0.11479	0.00641	0.04945	0.04746	0.09725	0.08320	0.15023	0.14614	0.04534	0.00597	0.00173	0.00446	0.00718	0.00415	0.00566
21	0.09740	0.04047	0.07441	0.01320	0.01700	0.08818	0.19779	0.07191	0.07131	0.04311	0.01012	0.01191	0.00788	0.00535	0.00626	0.00154	0.10898	0.00435	0.00310	0.12572
22	0.09040	0.00999	0.01168	0.00962	0.01210	0.01108	0.00782	0.16917	0.06655	0.07105	0.11216	0.01756	0.06058	0.00727	0.00756	0.00161	0.19315	0.00520	0.00404	0.13141
23	0.32653	0.01081	0.01098	0.00914	0.01227	0.01207	0.00743	0.25970	0.07625	0.10976	0.01270	0.07076	0.01016	0.00649	0.00500	0.00163	0.04231	0.00475	0.00433	0.00693
24	0.18622	0.01127	0.01122	0.00956	0.01234	0.11651	0.03201	0.15115	0.04935	0.11769	0.04710	0.01487	0.01118	0.01234	0.16681	0.00286	0.00695	0.00456	0.02962	0.00639

[dist]
# distance from previous block
# <min> <max>
14	87

[block]
# block no. 5 follows, 49 sequences, length 45
# corresponding to MSA columns:
# 320-337,340-356,358-367
name=unknown_F
#
# <colnr> <probs for GDERKNQSTAVLIFYWHMCP>
#	G	D	E	R	K	N	Q	S	T	A	V	L	I	F	Y	W	H	M	C	P
0	0.14184	0.00854	0.00924	0.00810	0.01060	0.03216	0.00630	0.12024	0.03336	0.17627	0.09325	0.20730	0.07520	0.00898	0.00518	0.00164	0.00390	0.00749	0.00478	0.04564
1	0.19980	0.01408	0.02373	0.01466	0.18536	0.19934	0.00970	0.06668	0.01224	0.07803	0.00932	0.01078	0.00733	0.00513	0.00505	0.00144	0.05381	0.00370	0.00315	0.09665
2	0.24113	0.01237	0.01091	0.00925	0.01220	0.14762	0.00735	0.20137	0.03843	0.09506	0.15948	0.01615	0.01546	0.00641	0.00464	0.00152	0.00496	0.00481	0.00433	0.00654
3	0.27897	0.23156	0.03411	0.00908	0.04178	0.01275	0.00763	0.08139	0.01102	0.05450	0.01195	0.01418	0.04865	0.00990	0.11046	0.00233	0.00589	0.02455	0.00320	0.00611
4	0.03868	0.12037	0.01097	0.00823	0.01016	0.00895	0.00644	0.11324	0.04207	0.07685	0.05519	0.35753	0.02160	0.01357	0.09006	0.00240	0.00491	0.00881	0.00431	0.00566
5	0.04304	0.01010	0.03247	0.00868	0.01281	0.00873	0.00725	0.15692	0.01403	0.22908	0.01497	0.01480	0.05533	0.00545	0.00449	0.00122	0.00427	0.00432	0.00434	0.36769
6	0.25097	0.23968	0.31725	0.01048	0.01567	0.01412	0.01168	0.05955	0.01074	0.01769	0.00812	0.00936	0.00629	0.00472	0.00392	0.00144	0.00579	0.00322	0.00259	0.00671
7	0.00672	0.00477	0.00637	0.00745	0.00793	0.00457	0.00537	0.00787	0.00996	0.01318	0.02667	0.57821	0.03123	0.07929	0.00811	0.00234	0.00349	0.18774	0.00456	0.00415
8	0.01144	0.01143	0.02100	0.27662	0.37119	0.01195	0.19238	0.01485	0.01117	0.01530	0.00951	0.01309	0.00753	0.00462	0.00525	0.00161	0.00683	0.00484	0.00243	0.00697
9	0.01267	0.01343	0.01965	0.20201	0.02338	0.14249	0.30558	0.09583	0.01312	0.01620	0.01410	0.01642	0.09032	0.00571	0.00542	0.00161	0.00726	0.00552	0.00299	0.00630
10	0.01311	0.01149	0.02027	0.13123	0.49295	0.01154	0.12763	0.01624	0.01170	0.09860	0.01066	0.01331	0.00827	0.00473	0.00516	0.00156	0.00630	0.00478	0.00288	0.00758
11	0.00722	0.00542	0.00813	0.00813	0.00903	0.00632	0.00632	0.00903	0.00813	0.01174	0.01354	0.01987	0.01264	0.03792	0.80225	0.00813	0.01354	0.00542	0.00271	0.00451
12	0.01221	0.46098	0.19107	0.01099	0.01498	0.01715	0.01140	0.01463	0.00977	0.01286	0.00738	0.00936	0.00651	0.00549	0.00671	0.00146	0.19508	0.00333	0.00217	0.00648
13	0.01065	0.02261	0.57924	0.01637	0.02317	0.01204	0.23198	0.01607	0.01103	0.01607	0.00940	0.01151	0.00676	0.00465	0.00513	0.00163	0.00777	0.00437	0.00225	0.00729
14	0.00616	0.00440	0.00587	0.00704	0.00733	0.00411	0.00469	0.00704	0.00968	0.01291	0.02787	0.81899	0.03344	0.01584	0.00645	0.00205	0.00293	0.01438	0.00469	0.00411
15	0.00677	0.00491	0.00639	0.00654	0.00745	0.00453	0.00471	0.00860	0.01263	0.01751	0.50055	0.30421	0.07168	0.01231	0.00613	0.00175	0.00258	0.01099	0.00524	0.00453
16	0.01356	0.04093	0.21964	0.01564	0.02046	0.19773	0.26342	0.05349	0.09443	0.01640	0.01047	0.01216	0.00791	0.00499	0.00514	0.00156	0.00769	0.00458	0.00284	0.00696
17	0.00709	0.00539	0.00781	0.00781	0.00880	0.00610	0.00606	0.00884	0.00849	0.01194	0.01755	0.02292	0.09507	0.03526	0.71767	0.00744	0.01238	0.00598	0.00292	0.00449
18	0.01338	0.00650	0.00750	0.00659	0.00872	0.00634	0.00517	0.01694	0.09712	0.23519	0.04974	0.01918	0.01454	0.00628	0.00425	0.00136	0.00308	0.00511	0.48685	0.00616
19	0.00637	0.00466	0.00600	0.00668	0.00733	0.00428	0.00462	0.00765	0.01096	0.01471	0.20846	0.55413	0.11701	0.01423	0.00629	0.00191	0.00277	0.01276	0.00490	0.00428
20	0.01689	0.00915	0.01089	0.00888	0.01174	0.00920	0.00691	0.16428	0.13180	0.34646	0.01761	0.02021	0.01359	0.19751	0.00993	0.00236	0.00464	0.00561	0.00511	0.00721
21	0.00765	0.00514	0.00686	0.00718	0.00816	0.00480	0.00537	0.00944	0.01217	0.05277	0.35090	0.33521	0.03789	0.01277	0.00626	0.00187	0.00302	0.12271	0.00513	0.00468
22	0.01093	0.21340	0.61578	0.01306	0.01980	0.01368	0.01633	0.01581	0.01058	0.01505	0.00860	0.01008	0.00643	0.00469	0.00444	0.00148	0.00699	0.00349	0.00214	0.00724
23	0.01145	0.01093	0.01860	0.31060	0.51950	0.01173	0.01499	0.01459	0.01101	0.01523	0.00932	0.01286	0.00755	0.00470	0.00502	0.00157	0.00627	0.00450	0.00241	0.00715
24	0.01058	0.01114	0.02119	0.01631	0.01905	0.01189	0.41005	0.01331	0.01032	0.01443	0.01259	0.16699	0.01231	0.00778	0.00907	0.00192	0.23513	0.00714	0.00287	0.00594
25	0.01412	0.01360	0.01913	0.02644	0.60100	0.09643	0.01409	0.12111	0.01351	0.01821	0.00970	0.01210	0.00793	0.00480	0.00497	0.00148	0.00628	0.00438	0.00287	0.00786
26	0.01593	0.10113	0.15239	0.09565	0.01708	0.12068	0.01059	0.06694	0.05283	0.24922	0.05804	0.01453	0.01130	0.00578	0.00482	0.00150	0.00586	0.00451	0.00399	0.00723
27	0.01507	0.07913	0.37026	0.01280	0.01834	0.08153	0.07152	0.03835	0.01247	0.23440	0.01203	0.01245	0.00829	0.00520	0.00484	0.00153	0.00661	0.00419	0.00345	0.00755
28	0.00614	0.00449	0.00577	0.00680	0.00727	0.00413	0.00459	0.00707	0.00991	0.01300	0.03078	0.72302	0.12754	0.01546	0.00639	0.00201	0.00289	0.01391	0.00469	0.00413
29	0.01050	0.01226	0.19457	0.01251	0.12077	0.00892	0.01020	0.01570	0.15349	0.07319	0.15829	0.09348	0.09875	0.00804	0.00539	0.00165	0.00458	0.00693	0.00414	0.00661
30	0.06353	0.01270	0.07975	0.07942	0.53145	0.02886	0.01409	0.01641	0.01155	0.09911	0.01037	0.01260	0.00809	0.00478	0.00488	0.00153	0.00594	0.00437	0.00289	0.00767
31	0.01030	0.06338	0.76024	0.01414	0.02147	0.01213	0.01822	0.01597	0.01066	0.01582	0.00898	0.01056	0.00641	0.00478	0.00473	0.00158	0.00738	0.00369	0.00214	0.00743
32	0.01719	0.02008	0.01367	0.09693	0.01687	0.60767	0.00969	0.01884	0.01389	0.05947	0.07047	0.01233	0.01016	0.00566	0.00475	0.00138	0.00805	0.00396	0.00302	0.00591
33	0.01112	0.13466	0.57990	0.01265	0.01898	0.01209	0.01552	0.01589	0.01113	0.06198	0.07115	0.01285	0.01005	0.00526	0.00470	0.00153	0.00659	0.00410	0.00266	0.00719
34	0.10491	0.01107	0.01522	0.01260	0.05136	0.02140	0.15424	0.24365	0.01535	0.14860	0.01649	0.08146	0.05778	0.00702	0.00526	0.00165	0.00539	0.03512	0.00435	0.00709
35	0.00616	0.00440	0.00587	0.00704	0.00733	0.00411	0.00469	0.00704	0.00968	0.01291	0.02787	0.81899	0.03344	0.01584	0.00645	0.00205	0.00293	0.01438	0.00469	0.00411
36	0.01095	0.01031	0.01701	0.38436	0.36279	0.01110	0.01383	0.01404	0.01076	0.01487	0.00922	0.01274	0.00738	0.00468	0.00489	0.00151	0.00610	0.00434	0.00244	0.09669
37	0.01522	0.01657	0.12759	0.04631	0.02039	0.19655	0.27738	0.01873	0.03271	0.16036	0.01145	0.01290	0.00827	0.00515	0.00553	0.00158	0.02834	0.00475	0.00325	0.00697
38	0.01128	0.01176	0.02322	0.11940	0.21903	0.01155	0.40571	0.01492	0.01186	0.01631	0.09252	0.01590	0.01190	0.00507	0.00561	0.00164	0.00702	0.00575	0.00283	0.00676
39	0.00651	0.00494	0.00680	0.09221	0.01022	0.00488	0.00563	0.00768	0.00985	0.01296	0.02747	0.68058	0.08242	0.01449	0.00627	0.00199	0.00331	0.01307	0.00443	0.00428
40	0.12435	0.05930	0.17515	0.01747	0.19854	0.07909	0.10534	0.03062	0.01085	0.01624	0.00852	0.01096	0.00691	0.00531	0.00647	0.00162	0.12987	0.00408	0.00252	0.00679
41	0.01481	0.00867	0.01319	0.12009	0.15972	0.00849	0.03458	0.03627	0.01248	0.31094	0.01754	0.14028	0.01485	0.00761	0.00537	0.00168	0.00487	0.05138	0.03019	0.00700
42	0.15786	0.01059	0.01343	0.06956	0.18014	0.04348	0.02898	0.15504	0.01274	0.06507	0.01136	0.03106	0.00933	0.01234	0.17418	0.00295	0.00724	0.00464	0.00339	0.00661
43	0.20426	0.01500	0.12095	0.01087	0.01445	0.14874	0.03894	0.08025	0.05668	0.01812	0.00959	0.03147	0.00786	0.00561	0.00561	0.00150	0.09153	0.00394	0.00308	0.13154
44	0.07850	0.09978	0.01498	0.08431	0.01615	0.12588	0.00919	0.30370	0.01669	0.18475	0.01197	0.01219	0.00851	0.00561	0.00466	0.00147	0.00578	0.00415	0.00426	0.00749

[dist]
# distance from previous block
# <min> <max>
0	10

[block]
# block no. 6 follows, 49 sequences, length 16
# corresponding to MSA columns:
# 378-393
name=unknown_G
#
# <colnr> <probs for GDERKNQSTAVLIFYWHMCP>
#	G	D	E	R	K	N	Q	S	T	A	V	L	I	F	Y	W	H	M	C	P
0	0.06713	0.01027	0.01542	0.10197	0.35409	0.01049	0.01166	0.06194	0.03325	0.17648	0.01375	0.03611	0.01122	0.00614	0.00511	0.00163	0.00534	0.06688	0.00374	0.00739
1	0.10159	0.00840	0.01108	0.00926	0.01159	0.00845	0.09853	0.14356	0.01252	0.10334	0.01993	0.16372	0.10330	0.13610	0.00916	0.03756	0.00465	0.00747	0.00415	0.00563
2	0.11208	0.00727	0.00914	0.00832	0.01001	0.00747	0.05351	0.05784	0.05854	0.03963	0.05230	0.18961	0.01934	0.18960	0.08084	0.00301	0.00516	0.05220	0.00390	0.04024
3	0.00823	0.00562	0.00695	0.00749	0.05367	0.00522	0.00475	0.00929	0.01037	0.07005	0.11859	0.14103	0.22841	0.29326	0.01278	0.00283	0.00374	0.00906	0.00422	0.00443
4	0.01124	0.28526	0.54657	0.01255	0.01900	0.01442	0.01543	0.01573	0.01055	0.01468	0.00841	0.00984	0.00643	0.00465	0.00430	0.00143	0.00680	0.00340	0.00214	0.00715
5	0.04495	0.00894	0.00801	0.00795	0.00912	0.14527	0.00561	0.06239	0.01144	0.01454	0.07757	0.34172	0.06916	0.15904	0.00933	0.00233	0.00453	0.00939	0.00406	0.00465
6	0.00969	0.00625	0.00998	0.01255	0.19770	0.00625	0.00710	0.00876	0.00779	0.01067	0.00896	0.01468	0.00859	0.01438	0.01617	0.64538	0.00479	0.00442	0.00227	0.00361
7	0.00921	0.00813	0.01210	0.01073	0.01151	0.00997	0.07161	0.01078	0.00891	0.01334	0.01394	0.19367	0.01442	0.01467	0.14629	0.00303	0.33913	0.00697	0.09654	0.00506
8	0.00813	0.00546	0.00624	0.00594	0.00761	0.00474	0.00444	0.00961	0.01207	0.10092	0.18863	0.09320	0.47095	0.05090	0.00686	0.00185	0.00286	0.00984	0.00496	0.00478
9	0.06443	0.00853	0.00987	0.00738	0.01136	0.00683	0.00591	0.01364	0.01108	0.10277	0.05404	0.01514	0.06345	0.00505	0.00412	0.00100	0.00366	0.00406	0.00362	0.60406
10	0.10267	0.00610	0.00699	0.00653	0.00840	0.00571	0.00509	0.01125	0.01256	0.11172	0.31416	0.05394	0.26871	0.01034	0.00562	0.00168	0.00300	0.05535	0.00503	0.00513
11	0.00860	0.00558	0.00716	0.00722	0.00858	0.00536	0.00558	0.01010	0.01057	0.09931	0.02956	0.14523	0.24242	0.07792	0.17986	0.00347	0.00572	0.13869	0.00431	0.00476
12	0.00801	0.00537	0.00621	0.00609	0.00769	0.00465	0.00453	0.00943	0.01185	0.10057	0.13835	0.19510	0.45892	0.01236	0.00597	0.00174	0.00280	0.01059	0.00498	0.00478
13	0.10080	0.00557	0.00599	0.00582	0.00703	0.00536	0.00411	0.00880	0.01085	0.01556	0.25485	0.05954	0.25269	0.22909	0.01099	0.00253	0.00330	0.00856	0.00434	0.00422
14	0.00861	0.00554	0.00699	0.00689	0.00835	0.00506	0.00532	0.01037	0.01223	0.10176	0.25550	0.13632	0.22636	0.04257	0.02575	0.00207	0.00342	0.12696	0.00501	0.00490
15	0.10240	0.00690	0.00834	0.00771	0.00974	0.00667	0.00589	0.01500	0.05959	0.26063	0.04607	0.24321	0.06373	0.08200	0.00729	0.00206	0.00379	0.05819	0.00493	0.00589

[dist]
# distance from previous block
# <min> <max>
9	177

# created by:
# /home/cegg/simao/soft/augustus-3.2.1/scripts/msa2prfl.pl ./align_prep/22820.fa
