[name]
unknown

[dist]
# distance from previous block
# <min> <max>
0	352

[block]
# block no. 0 follows, 44 sequences, length 60
# corresponding to MSA columns:
# 471-530
name=unknown_A
#
# <colnr> <probs for GDERKNQSTAVLIFYWHMCP>
#	G	D	E	R	K	N	Q	S	T	A	V	L	I	F	Y	W	H	M	C	P
0	0.01322	0.03857	0.04199	0.03598	0.05698	0.22416	0.05661	0.03650	0.08777	0.01647	0.07199	0.11939	0.01899	0.04850	0.00695	0.00198	0.00646	0.10732	0.00394	0.00625
1	0.01455	0.01297	0.01659	0.08490	0.22674	0.08412	0.04113	0.10157	0.10877	0.05719	0.01311	0.01628	0.01065	0.03540	0.00648	0.00174	0.02754	0.02646	0.00371	0.11009
2	0.08071	0.06037	0.01723	0.03341	0.05831	0.03403	0.10434	0.14275	0.01416	0.16565	0.01248	0.01439	0.00949	0.03080	0.00793	0.00184	0.13774	0.00491	0.03133	0.03812
3	0.14969	0.03357	0.01529	0.08701	0.24539	0.07831	0.01099	0.10239	0.01350	0.04027	0.04245	0.09181	0.01249	0.00667	0.00512	0.00164	0.00574	0.00557	0.00361	0.04849
4	0.15250	0.01262	0.01629	0.22015	0.05910	0.07230	0.10682	0.11013	0.05946	0.04364	0.02863	0.01387	0.00932	0.00558	0.00512	0.00166	0.00640	0.00474	0.00352	0.06816
5	0.10939	0.01322	0.11456	0.21084	0.22027	0.01155	0.01314	0.03960	0.01176	0.01809	0.00972	0.01248	0.00766	0.00495	0.00486	0.00152	0.00608	0.00418	0.00286	0.18328
6	0.01251	0.05010	0.03649	0.00934	0.01160	0.11391	0.04168	0.02222	0.01155	0.11238	0.04082	0.02554	0.08969	0.24551	0.11945	0.00364	0.00704	0.00648	0.00380	0.03625
7	0.18371	0.01361	0.01274	0.01157	0.06961	0.14763	0.00849	0.15049	0.02410	0.08956	0.01153	0.01249	0.00875	0.00549	0.00454	0.00143	0.00557	0.00403	0.06785	0.16682
8	0.12720	0.01650	0.24728	0.04223	0.01916	0.03444	0.14929	0.03475	0.07910	0.04357	0.01254	0.03367	0.00994	0.03854	0.02471	0.00202	0.00682	0.00511	0.04492	0.02822
9	0.07600	0.13378	0.04261	0.00968	0.01371	0.05435	0.00833	0.10711	0.01337	0.12654	0.01192	0.01330	0.00933	0.01010	0.11212	0.00231	0.00657	0.00409	0.00378	0.24099
10	0.01436	0.15242	0.01509	0.01001	0.01305	0.03545	0.04885	0.19363	0.01515	0.10281	0.04325	0.11196	0.09592	0.08875	0.03324	0.00225	0.00555	0.00707	0.00445	0.00675
11	0.00674	0.00523	0.00614	0.00656	0.00771	0.00463	0.00467	0.00816	0.01217	0.01564	0.16896	0.34289	0.36177	0.01462	0.00664	0.00196	0.00288	0.01277	0.00522	0.00463
12	0.01269	0.01040	0.01178	0.04935	0.05171	0.03576	0.00849	0.18679	0.18262	0.02237	0.14833	0.07221	0.11472	0.00942	0.00597	0.00182	0.00464	0.05884	0.00509	0.00701
13	0.00670	0.00546	0.00593	0.00596	0.00756	0.00469	0.00441	0.00827	0.01282	0.01601	0.18854	0.11751	0.56996	0.01360	0.00649	0.00185	0.00276	0.01155	0.00524	0.00469
14	0.01030	0.00969	0.01635	0.79530	0.03755	0.01211	0.01514	0.01393	0.01090	0.01393	0.00969	0.01453	0.00727	0.00545	0.00545	0.00182	0.00727	0.00484	0.00242	0.00606
15	0.01143	0.02173	0.47038	0.01576	0.02265	0.01189	0.17885	0.01664	0.01177	0.01740	0.01004	0.01217	0.00743	0.00484	0.00524	0.00158	0.00755	0.00441	0.00258	0.16569
16	0.00871	0.00560	0.00679	0.00697	0.00796	0.00521	0.00483	0.00969	0.01067	0.08152	0.03078	0.27168	0.19915	0.25060	0.03667	0.00320	0.00427	0.04648	0.00462	0.00461
17	0.01187	0.09855	0.26281	0.22754	0.04832	0.05085	0.04908	0.01655	0.05132	0.01617	0.01083	0.01345	0.00829	0.00555	0.00545	0.00167	0.03288	0.00448	0.07735	0.00700
18	0.01413	0.05568	0.23976	0.01364	0.07287	0.01231	0.02940	0.16943	0.05138	0.06495	0.03464	0.03500	0.01073	0.00587	0.00510	0.00151	0.00599	0.00479	0.00377	0.16908
19	0.11567	0.09945	0.25496	0.04235	0.16765	0.01353	0.04351	0.07474	0.03378	0.06704	0.01076	0.01232	0.00810	0.00527	0.00491	0.00162	0.00648	0.00427	0.00318	0.03040
20	0.01458	0.81168	0.02857	0.00933	0.01399	0.02157	0.00933	0.01632	0.01108	0.01283	0.00758	0.00875	0.00700	0.00466	0.00350	0.00117	0.00583	0.00292	0.00233	0.00700
21	0.01542	0.05044	0.05118	0.00998	0.01350	0.06660	0.04915	0.11313	0.01539	0.23064	0.08228	0.02761	0.23420	0.00871	0.00573	0.00169	0.00498	0.00718	0.00509	0.00712
22	0.05596	0.16777	0.17420	0.01528	0.14887	0.15147	0.01226	0.01728	0.01261	0.04689	0.06573	0.01332	0.01085	0.00550	0.00477	0.00146	0.00659	0.00423	0.00305	0.08191
23	0.13028	0.05536	0.18866	0.01111	0.01525	0.09465	0.01069	0.01845	0.01229	0.21660	0.01421	0.08411	0.01149	0.00860	0.04392	0.00205	0.04671	0.00528	0.00398	0.02632
24	0.00765	0.00557	0.00720	0.00679	0.00811	0.00512	0.00510	0.01017	0.01529	0.02151	0.73647	0.04130	0.08671	0.01128	0.00643	0.00172	0.00258	0.00994	0.00596	0.00512
25	0.01089	0.00948	0.01541	0.50512	0.17345	0.01099	0.01338	0.01424	0.01129	0.01584	0.01127	0.01539	0.00875	0.00550	0.00514	0.00168	0.00626	0.00489	0.15466	0.00637
26	0.01311	0.08452	0.02486	0.16538	0.19571	0.01434	0.29913	0.06089	0.01276	0.01726	0.01021	0.01362	0.00805	0.00521	0.00633	0.00174	0.05140	0.00529	0.00279	0.00741
27	0.00679	0.00486	0.00646	0.00749	0.00794	0.00453	0.00507	0.00796	0.01113	0.01501	0.13211	0.69967	0.03818	0.01626	0.00689	0.00215	0.00308	0.01472	0.00519	0.00453
28	0.00824	0.00502	0.00605	0.00681	0.00759	0.00485	0.00489	0.00997	0.01102	0.01670	0.02504	0.42449	0.02680	0.01261	0.00575	0.00186	0.00308	0.07590	0.33860	0.00474
29	0.00878	0.00687	0.00960	0.01037	0.07700	0.00774	0.00677	0.00996	0.00870	0.01230	0.01452	0.02563	0.01508	0.35148	0.32523	0.00604	0.08974	0.00651	0.00300	0.00467
30	0.01452	0.38472	0.05864	0.13739	0.14816	0.07379	0.01219	0.08261	0.01292	0.01602	0.00902	0.01106	0.00752	0.00508	0.00448	0.00143	0.00658	0.00382	0.00272	0.00733
31	0.01239	0.01271	0.01663	0.01430	0.01445	0.05929	0.01185	0.01360	0.00874	0.01313	0.00723	0.01181	0.00715	0.00932	0.01717	0.00233	0.75479	0.00470	0.00241	0.00598
32	0.00781	0.00524	0.00598	0.00609	0.00612	0.00521	0.00346	0.00790	0.00815	0.01087	0.01833	0.10445	0.02127	0.73765	0.02589	0.00501	0.00510	0.00860	0.00346	0.00340
33	0.01261	0.01343	0.01614	0.61602	0.03280	0.18982	0.01408	0.01573	0.01194	0.01379	0.00940	0.01346	0.00721	0.00549	0.00533	0.00172	0.00786	0.00454	0.00251	0.00612
34	0.02072	0.01527	0.01636	0.01254	0.01691	0.01691	0.01036	0.75622	0.02563	0.03436	0.01309	0.01309	0.00927	0.00654	0.00545	0.00164	0.00600	0.00491	0.00545	0.00927
35	0.00745	0.00574	0.00803	0.00860	0.00937	0.00555	0.04200	0.00964	0.06576	0.01474	0.02854	0.70875	0.03328	0.01576	0.00683	0.00217	0.00354	0.01437	0.00498	0.00488
36	0.07393	0.01107	0.01140	0.01031	0.01330	0.01266	0.00803	0.02613	0.64201	0.02220	0.02407	0.02237	0.08341	0.00780	0.00547	0.00184	0.00417	0.00641	0.00534	0.00807
37	0.05343	0.00530	0.00633	0.00700	0.00765	0.00509	0.00469	0.00833	0.01046	0.01451	0.08049	0.48674	0.10825	0.16331	0.01055	0.00268	0.00353	0.01259	0.00471	0.00437
38	0.01238	0.01002	0.01276	0.00925	0.01391	0.00803	0.04817	0.01485	0.01160	0.07324	0.01054	0.01205	0.00845	0.00447	0.00478	0.00099	0.03353	0.00363	0.00343	0.70395
39	0.02324	0.01124	0.01386	0.01063	0.01489	0.01092	0.00878	0.26510	0.01888	0.53501	0.01876	0.01677	0.01211	0.00668	0.00547	0.00167	0.00508	0.00529	0.00632	0.00928
40	0.00803	0.00609	0.00750	0.00727	0.00878	0.00578	0.00561	0.01133	0.06944	0.02009	0.51261	0.04348	0.17333	0.01175	0.00648	0.00183	0.00299	0.08660	0.00570	0.00529
41	0.00773	0.00569	0.00672	0.06380	0.00922	0.00550	0.00491	0.00905	0.01095	0.01450	0.10760	0.08202	0.27008	0.27480	0.01323	0.00295	0.00396	0.02667	0.07624	0.00438
42	0.00783	0.00566	0.00784	0.00784	0.00850	0.00631	0.00567	0.00914	0.00849	0.01197	0.01544	0.02608	0.01565	0.29180	0.53866	0.00763	0.01156	0.00652	0.00305	0.00436
43	0.00912	0.00497	0.00745	0.00745	0.00766	0.00517	0.00517	0.00766	0.00745	0.01014	0.01055	0.01759	0.01035	0.02357	0.18271	0.66582	0.00682	0.00497	0.00248	0.00289
44	0.01014	0.00761	0.00873	0.00809	0.00999	0.00756	0.00617	0.18020	0.01571	0.02081	0.21183	0.22176	0.22415	0.01232	0.00637	0.00187	0.00362	0.03192	0.00538	0.00578
45	0.00959	0.00664	0.00729	0.00672	0.00854	0.00648	0.00515	0.08936	0.03882	0.02075	0.25337	0.03481	0.24071	0.00996	0.00557	0.00162	0.00303	0.00836	0.23770	0.00552
46	0.01331	0.01333	0.02640	0.08942	0.02555	0.01377	0.49327	0.01699	0.01204	0.07201	0.01094	0.01445	0.00835	0.00577	0.00844	0.00193	0.15806	0.00591	0.00295	0.00712
47	0.01193	0.01193	0.01670	0.01431	0.01431	0.01670	0.01193	0.01312	0.00835	0.01312	0.00716	0.01193	0.00716	0.00954	0.01789	0.00239	0.79843	0.00477	0.00239	0.00596
48	0.01245	0.00795	0.00920	0.00799	0.01048	0.00760	0.00625	0.15311	0.01593	0.14829	0.18727	0.09504	0.29471	0.01095	0.00613	0.00178	0.00368	0.00921	0.00561	0.00637
49	0.01059	0.00864	0.01370	0.01140	0.01354	0.00919	0.12877	0.01279	0.01073	0.07354	0.04820	0.02295	0.10334	0.04435	0.28840	0.00443	0.12923	0.00649	0.00352	0.05622
50	0.01458	0.81168	0.02857	0.00933	0.01399	0.02157	0.00933	0.01632	0.01108	0.01283	0.00758	0.00875	0.00700	0.00466	0.00350	0.00117	0.00583	0.00292	0.00233	0.00700
51	0.00777	0.00527	0.00684	0.00771	0.00843	0.00494	0.00550	0.00896	0.01092	0.04451	0.03064	0.52533	0.09908	0.08682	0.00880	0.00248	0.00365	0.12275	0.00496	0.00463
52	0.08443	0.00617	0.00713	0.00710	0.00875	0.00575	0.00524	0.01149	0.01200	0.12040	0.08997	0.32632	0.22365	0.01268	0.00609	0.00191	0.00327	0.01095	0.05134	0.00536
53	0.01798	0.00842	0.01089	0.00892	0.01206	0.00770	0.00713	0.08564	0.01591	0.43993	0.19536	0.08259	0.06545	0.00889	0.00586	0.00174	0.00407	0.00750	0.00624	0.00772
54	0.00666	0.00519	0.00588	0.00639	0.00745	0.00459	0.00443	0.00774	0.01123	0.01403	0.04175	0.35200	0.41038	0.08616	0.00855	0.00230	0.00315	0.01278	0.00490	0.00442
55	0.00762	0.00578	0.00680	0.00702	0.00812	0.00551	0.00500	0.00999	0.06686	0.01594	0.18072	0.23933	0.22897	0.13988	0.00994	0.00249	0.00345	0.04678	0.00500	0.00477
56	0.00833	0.00562	0.00688	0.00668	0.00803	0.00510	0.00488	0.01021	0.01340	0.06018	0.38765	0.14265	0.20286	0.07045	0.00791	0.00205	0.00300	0.01040	0.03869	0.00502
57	0.00646	0.00547	0.00558	0.00567	0.00740	0.00459	0.00421	0.00781	0.01228	0.01467	0.05338	0.10754	0.71830	0.01405	0.00648	0.00187	0.00279	0.01180	0.00506	0.00459
58	0.13278	0.01604	0.01221	0.01074	0.01374	0.32903	0.00840	0.07154	0.01469	0.16414	0.01530	0.01721	0.04755	0.00676	0.00496	0.00158	0.00655	0.04122	0.07878	0.00678
59	0.01188	0.00801	0.01080	0.01182	0.11518	0.00825	0.00770	0.10667	0.01253	0.09244	0.01803	0.16900	0.01745	0.11926	0.18775	0.00382	0.00697	0.00758	0.07877	0.00612

[dist]
# distance from previous block
# <min> <max>
0	1

[block]
# block no. 1 follows, 44 sequences, length 33
# corresponding to MSA columns:
# 532-564
name=unknown_B
#
# <colnr> <probs for GDERKNQSTAVLIFYWHMCP>
#	G	D	E	R	K	N	Q	S	T	A	V	L	I	F	Y	W	H	M	C	P
0	0.00840	0.00532	0.00607	0.00604	0.00685	0.00515	0.00411	0.00989	0.01114	0.01646	0.19771	0.05659	0.07161	0.30474	0.01361	0.00295	0.00365	0.02566	0.23966	0.00439
1	0.00760	0.00515	0.00604	0.00636	0.00644	0.00507	0.00375	0.00784	0.00856	0.01142	0.02044	0.23038	0.02393	0.60809	0.02249	0.00451	0.00475	0.00984	0.00375	0.00359
2	0.00815	0.00552	0.00732	0.00813	0.00910	0.00518	0.00616	0.00977	0.01188	0.05146	0.09999	0.43253	0.09442	0.01523	0.00696	0.00219	0.00365	0.21223	0.00522	0.00490
3	0.01544	0.26061	0.01834	0.00994	0.01457	0.01490	0.00864	0.26029	0.01598	0.02172	0.01016	0.01110	0.00814	0.00506	0.00434	0.00119	0.00524	0.00369	0.00369	0.30695
4	0.00729	0.00532	0.00652	0.00694	0.00770	0.00488	0.00463	0.00828	0.01051	0.01406	0.08604	0.42909	0.11575	0.20369	0.01163	0.00278	0.00363	0.01207	0.00461	0.05459
5	0.01367	0.08629	0.02027	0.11260	0.38852	0.01345	0.04858	0.11092	0.01357	0.01875	0.01052	0.01341	0.00860	0.00689	0.04501	0.00191	0.00680	0.00468	0.00304	0.07252
6	0.04608	0.01386	0.02052	0.28147	0.19574	0.10584	0.16891	0.07059	0.01321	0.01737	0.01011	0.01345	0.00785	0.00522	0.00550	0.00171	0.00759	0.00495	0.00286	0.00717
7	0.00717	0.00531	0.00659	0.00704	0.00801	0.00489	0.00508	0.00870	0.01216	0.01609	0.22376	0.31291	0.20325	0.07591	0.00837	0.00227	0.00326	0.07944	0.00516	0.00462
8	0.05775	0.00548	0.00629	0.00678	0.00753	0.00530	0.00459	0.00862	0.01022	0.01420	0.04720	0.33369	0.14972	0.24567	0.01264	0.00299	0.00383	0.04555	0.02768	0.00428
9	0.00865	0.00636	0.00863	0.00874	0.00985	0.00686	0.00667	0.07383	0.01140	0.01573	0.06554	0.25026	0.02335	0.02728	0.38770	0.00535	0.00910	0.06544	0.00410	0.00515
10	0.05300	0.00885	0.00994	0.00862	0.01056	0.00925	0.00639	0.22031	0.01419	0.10195	0.01706	0.02845	0.01652	0.38991	0.01618	0.00346	0.00534	0.06969	0.00443	0.00590
11	0.13966	0.00637	0.00703	0.00728	0.00865	0.00652	0.00529	0.01213	0.05639	0.04769	0.08078	0.39226	0.02623	0.01169	0.00561	0.00187	0.00329	0.01014	0.16585	0.00528
12	0.00912	0.00607	0.00715	0.00701	0.00850	0.00572	0.00513	0.01185	0.07079	0.07463	0.20363	0.20513	0.21443	0.05998	0.00745	0.00204	0.00320	0.01032	0.08251	0.00532
13	0.00770	0.00533	0.00631	0.00693	0.00791	0.00501	0.00495	0.02891	0.01157	0.01590	0.03300	0.44042	0.19615	0.01406	0.00627	0.00196	0.00313	0.04657	0.15316	0.00474
14	0.00792	0.00533	0.00615	0.00615	0.00622	0.00539	0.00355	0.00806	0.00799	0.01072	0.01699	0.03466	0.01938	0.75369	0.08186	0.00553	0.00595	0.00778	0.00328	0.00341
15	0.00829	0.00664	0.00682	0.00732	0.00804	0.06525	0.00495	0.00935	0.01085	0.01424	0.06332	0.41677	0.09940	0.16897	0.01051	0.00261	0.00397	0.01154	0.07668	0.00446
16	0.08974	0.00591	0.00638	0.00637	0.00793	0.00549	0.00470	0.00927	0.01250	0.01737	0.23912	0.15942	0.36818	0.03523	0.00682	0.00195	0.00299	0.01073	0.00510	0.00481
17	0.00768	0.00574	0.00854	0.00865	0.00957	0.00659	0.00665	0.00954	0.00892	0.01277	0.01603	0.09395	0.01571	0.03868	0.71460	0.00816	0.01354	0.00674	0.00312	0.00483
18	0.00664	0.00474	0.00633	0.00759	0.00791	0.00443	0.00506	0.00759	0.01044	0.01392	0.03005	0.80485	0.03606	0.01708	0.00696	0.00221	0.00316	0.01550	0.00506	0.00443
19	0.00794	0.00587	0.00748	0.00772	0.00848	0.00618	0.00541	0.01027	0.07476	0.01377	0.04937	0.25208	0.04973	0.22671	0.24393	0.00489	0.00717	0.00953	0.00405	0.00466
20	0.13965	0.00614	0.00653	0.00654	0.00813	0.00594	0.00486	0.01002	0.01227	0.01834	0.23213	0.19515	0.26136	0.01194	0.00590	0.00183	0.00301	0.01015	0.05518	0.00495
21	0.01054	0.00994	0.01680	0.73632	0.09460	0.01218	0.01526	0.01415	0.01102	0.01423	0.00973	0.01445	0.00737	0.00540	0.00545	0.00180	0.00721	0.00485	0.00244	0.00626
22	0.18241	0.01059	0.01212	0.00961	0.01343	0.01066	0.00789	0.19461	0.01671	0.38624	0.08625	0.01743	0.01453	0.00678	0.00515	0.00168	0.00469	0.00526	0.00572	0.00824
23	0.00994	0.00888	0.01410	0.32954	0.19161	0.00965	0.01167	0.01298	0.01267	0.01715	0.23284	0.02511	0.08643	0.00768	0.00581	0.00175	0.00535	0.00687	0.00374	0.00625
24	0.00816	0.00503	0.00701	0.00733	0.00763	0.00508	0.00498	0.00792	0.00879	0.01193	0.05582	0.22962	0.02070	0.12750	0.13917	0.33198	0.00585	0.00845	0.00348	0.00358
25	0.01093	0.02820	0.78016	0.01554	0.02360	0.01266	0.02014	0.01727	0.01151	0.01727	0.00978	0.01151	0.00691	0.00518	0.00518	0.00173	0.00806	0.00403	0.00230	0.00806
26	0.00730	0.00530	0.00612	0.00626	0.00699	0.00494	0.00410	0.00822	0.01068	0.01397	0.14801	0.17148	0.21802	0.34695	0.01546	0.00333	0.00386	0.01043	0.00447	0.00411
27	0.00997	0.02294	0.60674	0.01376	0.02008	0.01082	0.01676	0.01510	0.01127	0.01651	0.01432	0.18929	0.01344	0.00785	0.00558	0.00184	0.00696	0.00660	0.00292	0.00724
28	0.01445	0.01503	0.01792	0.05780	0.15247	0.20469	0.13770	0.07054	0.07910	0.01767	0.01481	0.05169	0.01346	0.00744	0.00587	0.00180	0.00724	0.11970	0.00362	0.00703
29	0.00976	0.00875	0.01255	0.01141	0.01192	0.01153	0.00925	0.01135	0.00856	0.01288	0.01105	0.01689	0.01054	0.02593	0.41985	0.00572	0.38867	0.00533	0.00267	0.00539
30	0.00811	0.00587	0.00618	0.00591	0.00797	0.00492	0.00450	0.00956	0.01272	0.08541	0.05211	0.04933	0.70194	0.01315	0.00635	0.00183	0.00294	0.01095	0.00522	0.00504
31	0.01176	0.01072	0.01726	0.60361	0.15095	0.01269	0.01495	0.08309	0.01250	0.01643	0.01009	0.01424	0.00767	0.00546	0.00544	0.00177	0.00703	0.00485	0.00275	0.00676
32	0.01287	0.01467	0.06977	0.20400	0.13763	0.18768	0.03045	0.01530	0.01166	0.01433	0.01115	0.07456	0.01014	0.00947	0.05442	0.04522	0.08224	0.00540	0.00278	0.00629

[dist]
# distance from previous block
# <min> <max>
0	1

[block]
# block no. 2 follows, 44 sequences, length 13
# corresponding to MSA columns:
# 566-578
name=unknown_C
#
# <colnr> <probs for GDERKNQSTAVLIFYWHMCP>
#	G	D	E	R	K	N	Q	S	T	A	V	L	I	F	Y	W	H	M	C	P
0	0.01016	0.00508	0.00508	0.00508	0.00635	0.00508	0.00381	0.01270	0.01143	0.02033	0.01778	0.02033	0.01397	0.00635	0.00381	0.00127	0.00254	0.00508	0.83867	0.00508
1	0.01195	0.06525	0.01492	0.03076	0.01542	0.00984	0.08499	0.01621	0.10590	0.01793	0.01125	0.01270	0.00907	0.00460	0.00448	0.00110	0.00482	0.00395	0.00339	0.57149
2	0.01458	0.81168	0.02857	0.00933	0.01399	0.02157	0.00933	0.01632	0.01108	0.01283	0.00758	0.00875	0.00700	0.00466	0.00350	0.00117	0.00583	0.00292	0.00233	0.00700
3	0.00664	0.00474	0.00633	0.00759	0.00791	0.00443	0.00506	0.00759	0.01044	0.01392	0.03005	0.80485	0.03606	0.01708	0.00696	0.00221	0.00316	0.01550	0.00506	0.00443
4	0.04296	0.06306	0.26956	0.16522	0.06282	0.06528	0.01396	0.06365	0.01328	0.09645	0.08119	0.01536	0.01199	0.00601	0.00523	0.00167	0.00669	0.00484	0.00342	0.00738
5	0.01803	0.16730	0.09655	0.01291	0.01675	0.44828	0.01108	0.05919	0.06595	0.04100	0.01003	0.01099	0.00800	0.00561	0.00477	0.00145	0.00817	0.00378	0.00313	0.00703
6	0.00835	0.00556	0.00693	0.00692	0.00811	0.00506	0.00495	0.00996	0.01273	0.06886	0.30649	0.25489	0.17022	0.09531	0.00872	0.00224	0.00319	0.01124	0.00534	0.00494
7	0.01087	0.09116	0.01355	0.01087	0.03522	0.01075	0.03631	0.06112	0.01044	0.03879	0.01295	0.01930	0.01210	0.11911	0.37226	0.00545	0.12539	0.00555	0.00311	0.00570
8	0.01316	0.15500	0.16600	0.10166	0.27100	0.05650	0.10975	0.01712	0.02937	0.01627	0.00992	0.01252	0.00793	0.00501	0.00514	0.00160	0.00722	0.00452	0.00261	0.00769
9	0.01653	0.01287	0.01435	0.01190	0.01507	0.01465	0.00966	0.41960	0.19092	0.02709	0.01662	0.07434	0.01385	0.00826	0.00698	0.00185	0.08719	0.04496	0.00511	0.00821
10	0.00779	0.00584	0.00876	0.00876	0.00974	0.00681	0.00681	0.00974	0.00876	0.01266	0.01460	0.02142	0.01363	0.04089	0.78680	0.00876	0.01460	0.00584	0.00292	0.00487
11	0.00843	0.00688	0.00969	0.14940	0.05602	0.00702	0.00866	0.01070	0.01200	0.01528	0.03195	0.12477	0.23390	0.01265	0.00668	0.00212	0.00467	0.28950	0.00445	0.00522
12	0.07442	0.01528	0.06736	0.08085	0.07080	0.18525	0.08717	0.07156	0.10622	0.01811	0.01804	0.06116	0.10608	0.00731	0.00548	0.00171	0.00657	0.00610	0.00370	0.00684

[dist]
# distance from previous block
# <min> <max>
0	1

[block]
# block no. 3 follows, 44 sequences, length 17
# corresponding to MSA columns:
# 580-596
name=unknown_D
#
# <colnr> <probs for GDERKNQSTAVLIFYWHMCP>
#	G	D	E	R	K	N	Q	S	T	A	V	L	I	F	Y	W	H	M	C	P
0	0.08735	0.01280	0.01260	0.01071	0.01351	0.11479	0.00851	0.19289	0.13355	0.08454	0.18280	0.01993	0.01940	0.00772	0.00650	0.00173	0.07260	0.00589	0.00490	0.00729
1	0.01246	0.10168	0.29584	0.04393	0.20765	0.01288	0.01481	0.04486	0.03627	0.01774	0.01017	0.01212	0.00797	0.00497	0.00488	0.00148	0.00649	0.00410	0.00280	0.15689
2	0.42811	0.01026	0.01204	0.01159	0.09247	0.01068	0.05347	0.01822	0.01155	0.21686	0.01349	0.07665	0.01074	0.00642	0.00461	0.00173	0.00478	0.00503	0.00427	0.00703
3	0.01572	0.01169	0.01170	0.00977	0.01260	0.07415	0.00781	0.36542	0.01817	0.02551	0.01443	0.01617	0.01114	0.01043	0.09638	0.00233	0.00618	0.00496	0.27828	0.00714
4	0.15444	0.01947	0.01450	0.12415	0.01846	0.45827	0.01059	0.01869	0.01295	0.01524	0.00832	0.01059	0.00689	0.00596	0.00626	0.00162	0.10089	0.00376	0.00280	0.00617
5	0.00793	0.00529	0.00595	0.00595	0.00595	0.00529	0.00330	0.00793	0.00793	0.01057	0.01718	0.03568	0.01982	0.80840	0.02775	0.00529	0.00529	0.00793	0.00330	0.00330
6	0.00947	0.00473	0.00710	0.00710	0.00710	0.00473	0.00473	0.00710	0.00710	0.00947	0.00947	0.01657	0.00947	0.01894	0.02131	0.84138	0.00473	0.00473	0.00237	0.00237
7	0.00758	0.00557	0.00710	0.00672	0.00806	0.00509	0.00504	0.01003	0.01512	0.02111	0.69634	0.04196	0.12708	0.01142	0.00643	0.00173	0.00259	0.01003	0.00590	0.00509
8	0.10373	0.00966	0.01216	0.00960	0.01361	0.00901	0.00787	0.02579	0.09359	0.62520	0.02022	0.01779	0.01308	0.00665	0.00528	0.00170	0.00456	0.00531	0.00629	0.00888
9	0.01016	0.02267	0.58935	0.01386	0.02017	0.01122	0.01685	0.01540	0.01083	0.01613	0.01098	0.01396	0.00857	0.01401	0.19851	0.00347	0.00968	0.00448	0.00246	0.00727
10	0.00811	0.00780	0.07083	0.13780	0.01381	0.00671	0.00767	0.01026	0.01168	0.01596	0.23774	0.25002	0.04482	0.14087	0.00978	0.00246	0.00440	0.00988	0.00439	0.00502
11	0.01160	0.00906	0.01142	0.00970	0.01209	0.00924	0.05257	0.16961	0.08645	0.02042	0.14042	0.13326	0.02231	0.12806	0.06937	0.00276	0.00543	0.00775	0.00459	0.09390
12	0.08457	0.22153	0.11156	0.01668	0.17930	0.01539	0.06751	0.09361	0.01297	0.01860	0.05611	0.01322	0.01032	0.00579	0.00586	0.00161	0.07034	0.00452	0.00308	0.00745
13	0.06507	0.10718	0.11795	0.18721	0.04833	0.19279	0.01222	0.03820	0.01247	0.01601	0.03323	0.01237	0.00862	0.00566	0.00560	0.00156	0.05432	0.00412	0.00282	0.07429
14	0.04714	0.12365	0.19014	0.04822	0.03721	0.18597	0.05420	0.06380	0.01346	0.07843	0.01191	0.01319	0.03550	0.00577	0.00531	0.00156	0.02973	0.00434	0.00320	0.04727
15	0.10468	0.01245	0.08778	0.01269	0.09333	0.06352	0.05114	0.08026	0.01263	0.09218	0.03914	0.05645	0.01367	0.17229	0.02305	0.00249	0.00597	0.00584	0.00377	0.06666
16	0.23112	0.01234	0.03803	0.07163	0.13153	0.04019	0.02899	0.16561	0.03510	0.02189	0.01194	0.06071	0.01034	0.05539	0.00627	0.00187	0.00560	0.00509	0.00370	0.06266

[dist]
# distance from previous block
# <min> <max>
0	444

[block]
# block no. 4 follows, 44 sequences, length 109
# corresponding to MSA columns:
# 1089-1129,1132-1199
name=unknown_E
#
# <colnr> <probs for GDERKNQSTAVLIFYWHMCP>
#	G	D	E	R	K	N	Q	S	T	A	V	L	I	F	Y	W	H	M	C	P
0	0.01641	0.06835	0.01729	0.15200	0.05936	0.23085	0.05436	0.16357	0.05957	0.04211	0.01156	0.01400	0.00911	0.00590	0.00521	0.00157	0.00722	0.02334	0.00358	0.05466
1	0.07433	0.01053	0.04121	0.01503	0.17918	0.01007	0.05063	0.05474	0.08524	0.01801	0.01607	0.03188	0.04419	0.10600	0.08044	0.00275	0.00629	0.06174	0.00363	0.10805
2	0.03400	0.01631	0.13005	0.11101	0.15091	0.14538	0.08868	0.06227	0.02370	0.07467	0.01406	0.03398	0.05338	0.00615	0.00542	0.00166	0.00704	0.00527	0.00337	0.03269
3	0.07425	0.00782	0.01000	0.06629	0.11260	0.00809	0.00724	0.01245	0.01070	0.01709	0.05318	0.02189	0.04127	0.16186	0.02019	0.00232	0.04816	0.00570	0.22802	0.09090
4	0.05400	0.01126	0.06856	0.01365	0.13517	0.02973	0.03615	0.03446	0.12401	0.04238	0.14341	0.09099	0.04859	0.00799	0.00555	0.00166	0.00483	0.02493	0.00430	0.11838
5	0.10136	0.02026	0.21200	0.01442	0.07673	0.25356	0.01254	0.03975	0.11340	0.08737	0.01198	0.01273	0.00893	0.00575	0.00501	0.00162	0.00723	0.00426	0.00352	0.00756
6	0.01551	0.01582	0.01649	0.27756	0.12551	0.24092	0.01270	0.14724	0.03352	0.01804	0.01048	0.01315	0.00819	0.00693	0.03337	0.00189	0.00788	0.00453	0.00320	0.00707
7	0.01126	0.01510	0.19160	0.13559	0.22467	0.04275	0.08988	0.01503	0.01238	0.01678	0.07346	0.02048	0.11409	0.00670	0.00566	0.00172	0.00658	0.00605	0.00314	0.00709
8	0.00665	0.00542	0.00589	0.00602	0.00756	0.00465	0.00442	0.00814	0.01256	0.01563	0.15401	0.16189	0.56034	0.01391	0.00652	0.00188	0.00279	0.01186	0.00520	0.00465
9	0.00980	0.00589	0.00770	0.00739	0.00888	0.00534	0.00548	0.01179	0.01393	0.12995	0.41734	0.24377	0.08700	0.01227	0.00643	0.00185	0.00305	0.01084	0.00580	0.00552
10	0.84691	0.01054	0.00801	0.00717	0.01054	0.01223	0.00590	0.01603	0.00928	0.02446	0.00759	0.00886	0.00590	0.00506	0.00337	0.00169	0.00422	0.00295	0.00337	0.00590
11	0.01016	0.00508	0.00508	0.00508	0.00635	0.00508	0.00381	0.01270	0.01143	0.02033	0.01778	0.02033	0.01397	0.00635	0.00381	0.00127	0.00254	0.00508	0.83867	0.00508
12	0.00722	0.00551	0.00664	0.00645	0.00787	0.00492	0.00480	0.00930	0.01413	0.01899	0.48631	0.08913	0.29413	0.01239	0.00647	0.00179	0.00267	0.01074	0.00563	0.00492
13	0.84691	0.01054	0.00801	0.00717	0.01054	0.01223	0.00590	0.01603	0.00928	0.02446	0.00759	0.00886	0.00590	0.00506	0.00337	0.00169	0.00422	0.00295	0.00337	0.00590
14	0.00667	0.00522	0.00585	0.00631	0.00741	0.00461	0.00439	0.00775	0.01125	0.01401	0.04228	0.32127	0.43059	0.09621	0.00881	0.00233	0.00316	0.01258	0.00488	0.00441
15	0.01413	0.00800	0.00978	0.00849	0.01118	0.00768	0.00671	0.01887	0.16195	0.26659	0.23875	0.03211	0.15056	0.00954	0.00599	0.00178	0.00370	0.03116	0.00597	0.00708
16	0.01190	0.00956	0.01219	0.00892	0.01345	0.00748	0.05557	0.01434	0.01185	0.07470	0.01532	0.01628	0.08661	0.00528	0.00455	0.00105	0.00429	0.00446	0.00365	0.63856
17	0.00904	0.00689	0.00920	0.00886	0.00969	0.00791	0.00662	0.06560	0.01007	0.01410	0.01657	0.13984	0.01727	0.18998	0.37613	0.00588	0.09045	0.00754	0.00346	0.00492
18	0.01188	0.01156	0.02019	0.33695	0.28753	0.01216	0.12531	0.01540	0.01176	0.01619	0.01008	0.01387	0.00797	0.00497	0.00543	0.00165	0.00695	0.00492	0.00265	0.09257
19	0.27500	0.12575	0.07250	0.01115	0.01494	0.28289	0.00958	0.09421	0.03643	0.01945	0.00905	0.01016	0.00719	0.00543	0.00434	0.00152	0.00686	0.00352	0.00324	0.00678
20	0.01507	0.45668	0.02314	0.05471	0.05463	0.13944	0.03378	0.04809	0.06937	0.01532	0.03685	0.01186	0.00956	0.00538	0.00436	0.00137	0.00645	0.00390	0.00295	0.00708
21	0.01758	0.01754	0.01423	0.01216	0.03836	0.34328	0.00919	0.12297	0.01546	0.07547	0.01053	0.01154	0.00822	0.00530	0.00476	0.00127	0.00692	0.00381	0.00361	0.27780
22	0.01630	0.01654	0.05005	0.01974	0.23325	0.15869	0.08842	0.19182	0.13101	0.02153	0.01246	0.01380	0.00960	0.00577	0.00544	0.00164	0.00700	0.00494	0.00379	0.00819
23	0.00833	0.00878	0.08624	0.00777	0.01027	0.00692	0.00674	0.01266	0.12560	0.01826	0.25327	0.04008	0.37213	0.01120	0.00618	0.00179	0.00348	0.00947	0.00512	0.00571
24	0.25625	0.00963	0.01134	0.00899	0.01297	0.00920	0.00742	0.02360	0.01382	0.56576	0.01759	0.01582	0.01136	0.00627	0.00489	0.00169	0.00452	0.00477	0.00580	0.00833
25	0.01257	0.01390	0.02928	0.12788	0.08589	0.01350	0.59934	0.01693	0.01257	0.01701	0.01079	0.01459	0.00816	0.00473	0.00622	0.00182	0.00873	0.00610	0.00271	0.00727
26	0.00722	0.00516	0.00699	0.00825	0.00882	0.00492	0.00606	0.00859	0.01101	0.01456	0.02973	0.60488	0.03480	0.01654	0.00711	0.00229	0.00366	0.20978	0.00505	0.00459
27	0.00765	0.00552	0.00723	0.00690	0.00813	0.00510	0.00514	0.01013	0.01514	0.02140	0.72840	0.08517	0.05055	0.01149	0.00646	0.00174	0.00261	0.01019	0.00595	0.00510
28	0.01030	0.00969	0.01635	0.79530	0.03755	0.01211	0.01514	0.01393	0.01090	0.01393	0.00969	0.01453	0.00727	0.00545	0.00545	0.00182	0.00727	0.00484	0.00242	0.00606
29	0.00722	0.00516	0.00699	0.00825	0.00882	0.00493	0.00606	0.00859	0.01101	0.01456	0.02973	0.60473	0.03480	0.01654	0.00711	0.00229	0.00366	0.20992	0.00505	0.00459
30	0.00762	0.00557	0.00715	0.00676	0.00809	0.00510	0.00507	0.01010	0.01521	0.02132	0.71758	0.04161	0.10572	0.01135	0.00643	0.00172	0.00259	0.00998	0.00593	0.00510
31	0.00772	0.00557	0.00729	0.00686	0.00814	0.00514	0.00514	0.01029	0.01543	0.02186	0.77152	0.04072	0.05144	0.01115	0.00643	0.00171	0.00257	0.00986	0.00600	0.00514
32	0.12761	0.19248	0.01928	0.01741	0.24995	0.01569	0.01129	0.17281	0.10550	0.02166	0.01133	0.01255	0.00900	0.00550	0.00473	0.00156	0.00567	0.00433	0.00363	0.00803
33	0.01234	0.01127	0.01676	0.23958	0.30617	0.03448	0.01301	0.07061	0.01337	0.01837	0.11282	0.01709	0.01396	0.00594	0.00540	0.00160	0.00599	0.00533	0.00333	0.09258
34	0.13374	0.23016	0.12393	0.01687	0.18980	0.01578	0.06826	0.12716	0.01349	0.01979	0.00957	0.01132	0.00764	0.00511	0.00465	0.00154	0.00633	0.00408	0.00306	0.00772
35	0.01508	0.01385	0.01360	0.08330	0.03586	0.18993	0.03188	0.20019	0.01551	0.02009	0.01365	0.08839	0.01198	0.02776	0.00671	0.00174	0.06588	0.00571	0.15226	0.00662
36	0.01030	0.00969	0.01635	0.79530	0.03755	0.01211	0.01514	0.01393	0.01090	0.01393	0.00969	0.01453	0.00727	0.00545	0.00545	0.00182	0.00727	0.00484	0.00242	0.00606
37	0.09812	0.01349	0.01529	0.53650	0.03007	0.18879	0.01315	0.01593	0.01177	0.01487	0.00919	0.01288	0.00707	0.00545	0.00512	0.00171	0.00754	0.00435	0.00261	0.00610
38	0.01100	0.00784	0.01267	0.01194	0.01413	0.00758	0.12016	0.01378	0.01291	0.09437	0.02545	0.05011	0.02610	0.01265	0.00716	0.00233	0.00560	0.55357	0.00486	0.00580
39	0.09686	0.01092	0.01698	0.40893	0.21420	0.01302	0.01411	0.01472	0.01073	0.01585	0.00924	0.01331	0.00745	0.00587	0.00708	0.00184	0.12499	0.00464	0.00258	0.00667
40	0.00692	0.00554	0.00618	0.00602	0.00765	0.00480	0.00451	0.00874	0.01354	0.01738	0.32114	0.04811	0.50462	0.01282	0.00644	0.00179	0.00269	0.01089	0.00541	0.00480
41	0.84691	0.01054	0.00801	0.00717	0.01054	0.01223	0.00590	0.01603	0.00928	0.02446	0.00759	0.00886	0.00590	0.00506	0.00337	0.00169	0.00422	0.00295	0.00337	0.00590
42	0.01873	0.01428	0.01524	0.01214	0.01614	0.01597	0.00988	0.55332	0.23178	0.03114	0.01563	0.01511	0.01133	0.00678	0.00548	0.00170	0.00553	0.00526	0.00548	0.00909
43	0.01030	0.00944	0.01565	0.59103	0.06954	0.01120	0.03712	0.03540	0.01141	0.01485	0.01291	0.13255	0.01173	0.00716	0.00570	0.00186	0.00664	0.00649	0.00293	0.00608
44	0.00671	0.00479	0.00640	0.00767	0.00802	0.00449	0.00518	0.00771	0.01051	0.01399	0.03001	0.78118	0.03591	0.01702	0.00698	0.00222	0.00322	0.03849	0.00506	0.00445
45	0.00664	0.00474	0.00633	0.00759	0.00791	0.00443	0.00506	0.00759	0.01044	0.01392	0.03005	0.80485	0.03606	0.01708	0.00696	0.00221	0.00316	0.01550	0.00506	0.00443
46	0.01692	0.03831	0.06267	0.01252	0.03536	0.23371	0.01019	0.09718	0.18765	0.12149	0.01694	0.02050	0.02339	0.00741	0.00551	0.00172	0.00651	0.08999	0.00448	0.00757
47	0.01225	0.01230	0.02247	0.01709	0.02060	0.01298	0.39666	0.01752	0.12404	0.01754	0.01292	0.01601	0.01021	0.00805	0.05112	0.00226	0.14453	0.00593	0.08857	0.00693
48	0.00909	0.00562	0.00744	0.00793	0.00887	0.00528	0.00578	0.01049	0.01160	0.09296	0.11359	0.42169	0.03283	0.10923	0.00932	0.00252	0.00380	0.13184	0.00513	0.00497
49	0.00982	0.02241	0.58529	0.01323	0.01957	0.01062	0.01621	0.01487	0.01154	0.01654	0.01865	0.09873	0.12425	0.00769	0.00555	0.00179	0.00677	0.00632	0.00300	0.00717
50	0.10289	0.02030	0.03787	0.01468	0.03853	0.44160	0.11136	0.06090	0.03403	0.04002	0.01063	0.01337	0.00868	0.00591	0.00516	0.00159	0.00832	0.03412	0.00327	0.00679
51	0.00849	0.00631	0.00852	0.00949	0.07734	0.00672	0.00578	0.00939	0.00859	0.01191	0.01554	0.02886	0.01666	0.48870	0.24976	0.00591	0.02766	0.00695	0.00311	0.00432
52	0.02446	0.00928	0.01265	0.00970	0.01392	0.00801	0.00801	0.02657	0.01560	0.77817	0.02151	0.01856	0.01350	0.00675	0.00548	0.00169	0.00464	0.00548	0.00675	0.00928
53	0.01233	0.00947	0.01339	0.04589	0.11585	0.01075	0.01000	0.06948	0.01242	0.09472	0.07084	0.17781	0.01967	0.01044	0.00939	0.00206	0.21839	0.08649	0.00418	0.00645
54	0.06074	0.18189	0.35067	0.01506	0.04148	0.03816	0.12552	0.09269	0.01309	0.01845	0.00971	0.01144	0.00736	0.00513	0.00495	0.00161	0.00736	0.00420	0.00279	0.00770
55	0.01039	0.00944	0.01667	0.01355	0.02545	0.00950	0.26331	0.03116	0.01175	0.01645	0.04911	0.04946	0.07272	0.07863	0.11392	0.00309	0.05704	0.07365	0.08890	0.00583
56	0.41410	0.01482	0.01217	0.09066	0.01557	0.22133	0.00899	0.01692	0.01097	0.01870	0.00797	0.01016	0.00653	0.00592	0.00617	0.00173	0.12473	0.00357	0.00298	0.00604
57	0.00804	0.00572	0.00817	0.00817	0.00910	0.00652	0.00624	0.00990	0.00897	0.01328	0.01512	0.02238	0.01413	0.09516	0.64959	0.00773	0.01267	0.00592	0.08838	0.00477
58	0.01589	0.01497	0.01923	0.06251	0.10886	0.10547	0.16470	0.21258	0.19656	0.02249	0.01377	0.01491	0.01038	0.00598	0.00561	0.00171	0.00684	0.00535	0.00411	0.00811
59	0.01206	0.02333	0.52885	0.01372	0.02003	0.07021	0.01610	0.09191	0.01360	0.01884	0.06768	0.01683	0.07033	0.00645	0.00538	0.00170	0.00718	0.00508	0.00314	0.00757
60	0.00682	0.00538	0.00619	0.00658	0.00790	0.00475	0.00486	0.00832	0.01226	0.01548	0.13176	0.25429	0.43240	0.01447	0.00666	0.00198	0.00302	0.06707	0.00517	0.00465
61	0.01144	0.01276	0.09603	0.40521	0.23135	0.01301	0.01565	0.01492	0.01103	0.01521	0.00951	0.01359	0.00758	0.00581	0.00709	0.00183	0.11379	0.00475	0.00248	0.00694
62	0.00726	0.00533	0.00681	0.00691	0.00799	0.00488	0.00500	0.00924	0.01366	0.01877	0.47754	0.25929	0.13081	0.01314	0.00658	0.00187	0.00276	0.01165	0.00562	0.00488
63	0.00786	0.00555	0.00731	0.00731	0.00778	0.00602	0.00500	0.00880	0.00833	0.01158	0.01593	0.02879	0.01683	0.43775	0.39432	0.00696	0.00979	0.00692	0.00312	0.00406
64	0.01467	0.01146	0.01236	0.01095	0.01415	0.01299	0.00857	0.02872	0.68798	0.10002	0.02212	0.02016	0.01632	0.00733	0.00554	0.00183	0.00435	0.00609	0.00567	0.00870
65	0.02037	0.02598	0.01545	0.01404	0.01685	0.78652	0.01053	0.02177	0.01545	0.01334	0.00843	0.00983	0.00702	0.00562	0.00492	0.00140	0.00983	0.00351	0.00281	0.00632
66	0.02043	0.02408	0.01561	0.01378	0.01686	0.64989	0.01050	0.15216	0.01726	0.01707	0.00925	0.01041	0.00742	0.00578	0.00501	0.00145	0.00915	0.00376	0.00328	0.00684
67	0.00664	0.00474	0.00633	0.00759	0.00791	0.00443	0.00506	0.00759	0.01044	0.01392	0.03005	0.80485	0.03606	0.01708	0.00696	0.00221	0.00316	0.01550	0.00506	0.00443
68	0.02041	0.02454	0.01557	0.01384	0.01686	0.68277	0.01051	0.12078	0.01682	0.01618	0.00906	0.01027	0.00733	0.00574	0.00499	0.00144	0.00931	0.00370	0.00317	0.00672
69	0.01554	0.01284	0.01280	0.01108	0.01446	0.08503	0.00868	0.06753	0.51988	0.09940	0.01938	0.01809	0.01436	0.00686	0.00536	0.00170	0.00494	0.00555	0.00523	0.07125
70	0.01806	0.34758	0.05154	0.01056	0.01507	0.01641	0.00966	0.19503	0.07232	0.19347	0.01325	0.01300	0.00974	0.00581	0.00464	0.00147	0.00558	0.00426	0.00432	0.00822
71	0.01531	0.01173	0.01366	0.01106	0.01424	0.01288	0.00900	0.39935	0.01786	0.02468	0.01259	0.01500	0.01012	0.01567	0.21639	0.00350	0.06772	0.00492	0.00424	0.12006
72	0.00858	0.00555	0.00692	0.00726	0.00852	0.00497	0.00526	0.00995	0.01199	0.09297	0.09212	0.42267	0.24396	0.01456	0.00664	0.00203	0.00323	0.04244	0.00530	0.00505
73	0.01200	0.01111	0.01894	0.13523	0.17957	0.01196	0.17122	0.08998	0.01243	0.01720	0.01163	0.01592	0.00968	0.01502	0.21667	0.00366	0.05245	0.00546	0.00299	0.00688
74	0.00793	0.00529	0.00595	0.00595	0.00595	0.00529	0.00330	0.00793	0.00793	0.01057	0.01718	0.03568	0.01982	0.80840	0.02775	0.00529	0.00529	0.00793	0.00330	0.00330
75	0.00982	0.00590	0.00749	0.00718	0.00862	0.00535	0.00523	0.01153	0.01315	0.13096	0.31660	0.21280	0.13619	0.09370	0.00859	0.00221	0.00332	0.01052	0.00550	0.00534
76	0.06195	0.01241	0.01984	0.16558	0.54109	0.01307	0.01533	0.07287	0.01298	0.01878	0.01022	0.01338	0.00828	0.00510	0.00529	0.00166	0.00645	0.00475	0.00290	0.00807
77	0.01359	0.01511	0.02665	0.01982	0.02455	0.09248	0.54025	0.01940	0.12545	0.01780	0.01307	0.01673	0.01023	0.00549	0.00619	0.00182	0.00838	0.03237	0.00326	0.00735
78	0.01577	0.01814	0.01692	0.09689	0.13141	0.35981	0.01235	0.01761	0.01239	0.01400	0.00845	0.01149	0.00733	0.00667	0.00895	0.00177	0.24667	0.00423	0.00263	0.00653
79	0.68630	0.01208	0.01119	0.00937	0.01295	0.06171	0.08286	0.03700	0.01049	0.02331	0.00815	0.00963	0.00631	0.00509	0.00384	0.00168	0.00513	0.00340	0.00333	0.00617
80	0.00789	0.00542	0.00665	0.00665	0.00690	0.00567	0.00418	0.00838	0.00814	0.01109	0.01653	0.03210	0.01827	0.61576	0.21826	0.00616	0.00762	0.00740	0.00321	0.00370
81	0.01348	0.07077	0.28450	0.01547	0.02072	0.17267	0.18135	0.01849	0.06964	0.01702	0.07342	0.01479	0.01165	0.00576	0.00543	0.00166	0.00781	0.00504	0.00306	0.00728
82	0.00658	0.00498	0.00608	0.00696	0.00774	0.00448	0.00478	0.00766	0.01104	0.01416	0.03769	0.57654	0.25943	0.01609	0.00680	0.00210	0.00304	0.01429	0.00506	0.00448
83	0.01342	0.01040	0.01509	0.03670	0.01574	0.01040	0.15682	0.21342	0.01679	0.07955	0.19928	0.02708	0.13086	0.04106	0.00694	0.00188	0.00526	0.00751	0.00490	0.00688
84	0.01287	0.01471	0.03217	0.02298	0.02849	0.01379	0.75460	0.01746	0.01287	0.01746	0.01103	0.01471	0.00827	0.00460	0.00643	0.00184	0.00919	0.00643	0.00276	0.00735
85	0.00750	0.00601	0.00676	0.00649	0.00820	0.00550	0.00489	0.01043	0.07030	0.01827	0.34739	0.04522	0.41880	0.01223	0.00637	0.00179	0.00280	0.01043	0.00549	0.00513
86	0.00746	0.00556	0.00693	0.00659	0.00799	0.00504	0.00494	0.00979	0.01483	0.02043	0.62783	0.04308	0.19603	0.01168	0.00643	0.00174	0.00261	0.01019	0.00581	0.00504
87	0.01170	0.01044	0.01635	0.68978	0.03477	0.01276	0.01450	0.11400	0.01289	0.01668	0.01015	0.01434	0.00754	0.00560	0.00545	0.00179	0.00710	0.00485	0.00283	0.00649
88	0.01030	0.00969	0.01635	0.79530	0.03755	0.01211	0.01514	0.01393	0.01090	0.01393	0.00969	0.01453	0.00727	0.00545	0.00545	0.00182	0.00727	0.00484	0.00242	0.00606
89	0.76172	0.01079	0.00946	0.00986	0.08863	0.01230	0.00701	0.01610	0.00960	0.02378	0.00786	0.00933	0.00618	0.00504	0.00358	0.00168	0.00445	0.00315	0.00330	0.00618
90	0.00671	0.00477	0.00631	0.00751	0.00781	0.00447	0.00497	0.00761	0.01031	0.01375	0.02940	0.76588	0.03524	0.05717	0.00801	0.00237	0.00327	0.01511	0.00497	0.00437
91	0.00879	0.00628	0.00879	0.01004	0.01130	0.00628	0.00879	0.01130	0.01255	0.01632	0.02887	0.06150	0.03138	0.01506	0.00753	0.00251	0.00502	0.73770	0.00502	0.00502
92	0.01030	0.00969	0.01635	0.79530	0.03755	0.01211	0.01514	0.01393	0.01090	0.01393	0.00969	0.01453	0.00727	0.00545	0.00545	0.00182	0.00727	0.00484	0.00242	0.00606
93	0.84691	0.01054	0.00801	0.00717	0.01054	0.01223	0.00590	0.01603	0.00928	0.02446	0.00759	0.00886	0.00590	0.00506	0.00337	0.00169	0.00422	0.00295	0.00337	0.00590
94	0.01458	0.81168	0.02857	0.00933	0.01399	0.02157	0.00933	0.01632	0.01108	0.01283	0.00758	0.00875	0.00700	0.00466	0.00350	0.00117	0.00583	0.00292	0.00233	0.00700
95	0.00664	0.00474	0.00633	0.00759	0.00791	0.00443	0.00506	0.00759	0.01044	0.01392	0.03005	0.80485	0.03606	0.01708	0.00696	0.00221	0.00316	0.01550	0.00506	0.00443
96	0.00676	0.00504	0.00633	0.00730	0.00804	0.00461	0.00513	0.00792	0.01105	0.01428	0.03570	0.57722	0.20364	0.01618	0.00688	0.00215	0.00321	0.06898	0.00506	0.00451
97	0.00850	0.00742	0.00980	0.09118	0.12569	0.00729	0.00765	0.01143	0.06875	0.01586	0.06371	0.14135	0.39785	0.01148	0.00619	0.00185	0.00394	0.00991	0.00451	0.00565
98	0.00947	0.00473	0.00710	0.00710	0.00710	0.00473	0.00473	0.00710	0.00710	0.00947	0.00947	0.01657	0.00947	0.01894	0.02131	0.84138	0.00473	0.00473	0.00237	0.00237
99	0.01570	0.01472	0.01825	0.19984	0.02307	0.11867	0.12269	0.24703	0.08657	0.02148	0.01175	0.01382	0.00887	0.00617	0.00647	0.00175	0.06681	0.00504	0.00375	0.00752
100	0.01301	0.01227	0.02076	0.03107	0.69639	0.01227	0.01592	0.01618	0.01243	0.01766	0.01216	0.01840	0.01096	0.00590	0.00562	0.00171	0.00633	0.07977	0.00294	0.00827
101	0.01333	0.00981	0.01223	0.01260	0.12555	0.01010	0.00850	0.17051	0.07737	0.09830	0.08617	0.02824	0.21945	0.04262	0.03049	0.00211	0.03335	0.00738	0.00485	0.00704
102	0.00686	0.00485	0.00631	0.00734	0.00765	0.00457	0.00483	0.00775	0.01030	0.01379	0.05862	0.66992	0.03450	0.12352	0.00974	0.00261	0.00342	0.01425	0.00486	0.00431
103	0.01626	0.13699	0.23537	0.01543	0.08684	0.32367	0.01364	0.07984	0.01427	0.01652	0.00924	0.01075	0.00732	0.00536	0.00488	0.00150	0.00814	0.00381	0.00280	0.00736
104	0.01461	0.01141	0.01821	0.07438	0.27093	0.01139	0.11181	0.07378	0.06743	0.13749	0.11404	0.01852	0.01552	0.00627	0.00567	0.00168	0.00584	0.00588	0.00418	0.03096
105	0.01517	0.22828	0.05081	0.01154	0.01623	0.01474	0.08539	0.21221	0.04250	0.04206	0.03200	0.01278	0.00973	0.00537	0.00472	0.00135	0.00572	0.00430	0.00375	0.20135
106	0.22576	0.33973	0.04660	0.01011	0.01435	0.08097	0.00918	0.18150	0.01424	0.02075	0.00896	0.00993	0.00723	0.00528	0.00408	0.00144	0.00587	0.00346	0.00333	0.00721
107	0.01174	0.07664	0.08100	0.09175	0.07219	0.01056	0.02994	0.09649	0.01253	0.04792	0.08557	0.04288	0.01697	0.22373	0.03105	0.00286	0.02787	0.02853	0.00368	0.00610
108	0.01216	0.07083	0.01204	0.00943	0.01214	0.04156	0.00749	0.05941	0.15850	0.06356	0.06730	0.07778	0.01655	0.01650	0.21560	0.00347	0.00730	0.00610	0.00418	0.13811

[dist]
# distance from previous block
# <min> <max>
15	486

# created by:
# /home/cegg/simao/soft/augustus-3.2.1/scripts/msa2prfl.pl ./align_prep/22835.fa
