[name]
unknown

[dist]
# distance from previous block
# <min> <max>
0	245

[block]
# block no. 0 follows, 40 sequences, length 28
# corresponding to MSA columns:
# 694-721
name=unknown_A
#
# <colnr> <probs for GDERKNQSTAVLIFYWHMCP>
#	G	D	E	R	K	N	Q	S	T	A	V	L	I	F	Y	W	H	M	C	P
0	0.04573	0.04173	0.17751	0.03074	0.06776	0.01171	0.02439	0.12577	0.01502	0.05968	0.03929	0.02260	0.01428	0.00745	0.00569	0.00173	0.00612	0.12065	0.00410	0.17805
1	0.07661	0.08768	0.01604	0.06117	0.05516	0.12802	0.01003	0.15473	0.05410	0.13626	0.04713	0.02671	0.01250	0.00817	0.03778	0.00196	0.00668	0.00512	0.00451	0.06963
2	0.06423	0.10257	0.13717	0.01097	0.01439	0.09517	0.01017	0.01649	0.06108	0.04600	0.13449	0.02332	0.01924	0.04080	0.15752	0.00339	0.00804	0.04430	0.00396	0.00669
3	0.20052	0.00963	0.01201	0.12738	0.04757	0.02255	0.00928	0.01559	0.04856	0.07041	0.01332	0.01785	0.01129	0.05307	0.26146	0.00454	0.05976	0.00530	0.00355	0.00637
4	0.01674	0.25986	0.07840	0.13967	0.05249	0.03848	0.01255	0.25751	0.05224	0.02260	0.01147	0.01294	0.00887	0.00599	0.00513	0.00163	0.00678	0.00451	0.00380	0.00833
5	0.06047	0.01577	0.01813	0.09818	0.21195	0.10248	0.01292	0.33713	0.01948	0.02627	0.01207	0.01382	0.00918	0.00619	0.00557	0.00172	0.00694	0.00494	0.02811	0.00868
6	0.01696	0.01367	0.01550	0.12884	0.02004	0.01564	0.01099	0.30888	0.35206	0.02777	0.01781	0.01770	0.01313	0.00722	0.00586	0.00188	0.00579	0.00583	0.00537	0.00906
7	0.01039	0.00954	0.01582	0.66469	0.03527	0.01168	0.01452	0.01384	0.01155	0.01486	0.01362	0.13288	0.01240	0.00769	0.00606	0.00200	0.00709	0.00689	0.00301	0.00620
8	0.00723	0.00539	0.00673	0.00748	0.00835	0.00489	0.00520	0.00862	0.01248	0.01643	0.15693	0.50559	0.20067	0.01640	0.00721	0.00219	0.00318	0.01460	0.00556	0.00489
9	0.00698	0.00583	0.00596	0.00603	0.00779	0.00494	0.00441	0.00834	0.01285	0.01540	0.05507	0.09296	0.67532	0.06212	0.00828	0.00221	0.00313	0.01226	0.00529	0.00482
10	0.00841	0.00711	0.00913	0.01082	0.12173	0.00643	0.00677	0.01057	0.01421	0.01848	0.25967	0.04594	0.43450	0.01244	0.00670	0.00189	0.00348	0.01068	0.00532	0.00573
11	0.13837	0.01307	0.02069	0.10815	0.57228	0.01361	0.01593	0.01743	0.01257	0.01964	0.01045	0.01376	0.00862	0.00528	0.00544	0.00176	0.00663	0.00487	0.00296	0.00849
12	0.06879	0.02329	0.01453	0.01350	0.01613	0.61032	0.01005	0.02056	0.01527	0.01504	0.01242	0.12856	0.01210	0.00781	0.00547	0.00165	0.00905	0.00564	0.00340	0.00641
13	0.00786	0.00612	0.00741	0.00758	0.00912	0.00528	0.00539	0.00934	0.01216	0.01626	0.08485	0.44088	0.21275	0.01482	0.00678	0.00200	0.00337	0.01309	0.00517	0.12978
14	0.01206	0.01034	0.01206	0.00861	0.01378	0.00775	0.00689	0.01464	0.01206	0.01895	0.01034	0.01206	0.00861	0.00431	0.00431	0.00086	0.00431	0.00345	0.00345	0.83118
15	0.04750	0.01126	0.01368	0.01557	0.19782	0.06032	0.00938	0.06545	0.01301	0.01839	0.01633	0.12014	0.04099	0.12671	0.00913	0.00218	0.00555	0.00680	0.00379	0.21600
16	0.01447	0.00989	0.01167	0.01031	0.01263	0.04572	0.00805	0.14701	0.05198	0.13145	0.01678	0.02169	0.01418	0.10517	0.36544	0.00569	0.01048	0.00612	0.00440	0.00686
17	0.00882	0.00673	0.00834	0.00904	0.01030	0.00675	0.00687	0.01273	0.12378	0.01752	0.07705	0.37297	0.10967	0.01538	0.00726	0.00231	0.00397	0.18939	0.00553	0.00562
18	0.01715	0.23981	0.13315	0.01301	0.01768	0.20583	0.01202	0.11640	0.15399	0.01956	0.01237	0.01300	0.00971	0.00612	0.00506	0.00160	0.00736	0.00438	0.00369	0.00810
19	0.01484	0.02603	0.51824	0.01532	0.02231	0.10290	0.01771	0.05485	0.06899	0.08586	0.01254	0.01352	0.00891	0.00598	0.00556	0.00180	0.00809	0.00459	0.00336	0.00860
20	0.01646	0.01108	0.04693	0.04498	0.24255	0.00992	0.01151	0.01956	0.03516	0.27019	0.02383	0.03780	0.11769	0.03221	0.00684	0.00199	0.00554	0.05257	0.00497	0.00823
21	0.10398	0.20963	0.14110	0.09871	0.01876	0.01419	0.04893	0.04114	0.05025	0.04951	0.01496	0.15613	0.01403	0.00795	0.00536	0.00180	0.00612	0.00657	0.00366	0.00720
22	0.00812	0.00634	0.00872	0.12510	0.01355	0.00652	0.00718	0.01049	0.04982	0.01591	0.07536	0.55259	0.06769	0.01524	0.00704	0.00223	0.00404	0.01372	0.00506	0.00527
23	0.01305	0.04398	0.24249	0.14743	0.36579	0.01393	0.05567	0.01757	0.01268	0.01797	0.01064	0.01385	0.00836	0.00536	0.00569	0.00179	0.00767	0.00494	0.00270	0.00846
24	0.01336	0.07141	0.13128	0.11258	0.32926	0.01502	0.09163	0.01705	0.01221	0.01727	0.01018	0.01374	0.00837	0.00602	0.00772	0.00188	0.12515	0.00507	0.00271	0.00811
25	0.01073	0.00977	0.01410	0.01530	0.13456	0.01163	0.01037	0.01253	0.01149	0.01651	0.12959	0.19807	0.06061	0.01169	0.01175	0.00223	0.31991	0.00891	0.00398	0.00625
26	0.01054	0.00631	0.00745	0.00708	0.00843	0.00578	0.00486	0.01159	0.01186	0.12746	0.08739	0.11871	0.22007	0.32852	0.01593	0.00345	0.00436	0.01007	0.00499	0.00513
27	0.01790	0.01144	0.01293	0.01062	0.01372	0.01208	0.00822	0.30494	0.10187	0.16857	0.01874	0.05867	0.01581	0.20397	0.01183	0.00278	0.00558	0.00684	0.00551	0.00798

[dist]
# distance from previous block
# <min> <max>
0	12

[block]
# block no. 1 follows, 40 sequences, length 12
# corresponding to MSA columns:
# 759-770
name=unknown_B
#
# <colnr> <probs for GDERKNQSTAVLIFYWHMCP>
#	G	D	E	R	K	N	Q	S	T	A	V	L	I	F	Y	W	H	M	C	P
0	0.01937	0.17149	0.06602	0.01538	0.09058	0.15383	0.01217	0.35556	0.02006	0.02530	0.01141	0.01237	0.00877	0.00615	0.00528	0.00161	0.00728	0.00449	0.00417	0.00871
1	0.01118	0.00843	0.00977	0.00911	0.01113	0.00870	0.00694	0.20089	0.01566	0.02058	0.03166	0.26216	0.21786	0.01862	0.13589	0.00327	0.00611	0.01069	0.00512	0.00621
2	0.39010	0.07681	0.09490	0.01104	0.01548	0.10221	0.00996	0.19654	0.01537	0.02556	0.00990	0.01098	0.00753	0.00584	0.00455	0.00171	0.00623	0.00385	0.00387	0.00757
3	0.09845	0.00876	0.00944	0.00853	0.01043	0.00927	0.00629	0.19087	0.01507	0.02227	0.10127	0.16101	0.02293	0.20255	0.01161	0.00278	0.00465	0.00841	0.09938	0.00604
4	0.01357	0.01610	0.14710	0.01775	0.15492	0.05859	0.09805	0.08737	0.13700	0.02085	0.05856	0.02291	0.12621	0.00767	0.00607	0.00184	0.00651	0.00673	0.00417	0.00801
5	0.00920	0.00770	0.00911	0.01032	0.09304	0.00742	0.00671	0.01322	0.12488	0.01787	0.07704	0.08803	0.42172	0.03721	0.00722	0.00204	0.00373	0.01032	0.04716	0.00604
6	0.01464	0.13148	0.01517	0.01093	0.01433	0.01496	0.00885	0.06487	0.51759	0.02308	0.02027	0.01940	0.01546	0.00728	0.00538	0.00178	0.00474	0.00585	0.09538	0.00856
7	0.01414	0.60313	0.02466	0.00920	0.01325	0.01884	0.00880	0.01616	0.01164	0.01488	0.01045	0.01249	0.00927	0.00892	0.07686	0.00203	0.00657	0.00376	0.12801	0.00694
8	0.00847	0.00573	0.00651	0.00642	0.00790	0.00525	0.00478	0.01072	0.01403	0.02011	0.30546	0.08501	0.25262	0.01172	0.00614	0.00177	0.00283	0.01001	0.22926	0.00525
9	0.01360	0.01105	0.01774	0.10551	0.39437	0.01102	0.03690	0.01665	0.01330	0.08907	0.02017	0.02215	0.12379	0.00705	0.00580	0.00176	0.00587	0.00640	0.08992	0.00789
10	0.00810	0.00677	0.00892	0.01129	0.12231	0.00619	0.00684	0.00969	0.01242	0.01587	0.04106	0.33897	0.36083	0.01465	0.00692	0.00208	0.00372	0.01287	0.00502	0.00549
11	0.01003	0.00741	0.01105	0.12901	0.08586	0.00757	0.00936	0.01229	0.01258	0.05692	0.06985	0.33482	0.02948	0.01359	0.00705	0.00225	0.00491	0.18519	0.00488	0.00590

[dist]
# distance from previous block
# <min> <max>
2	22

[block]
# block no. 2 follows, 40 sequences, length 54
# corresponding to MSA columns:
# 793-846
name=unknown_C
#
# <colnr> <probs for GDERKNQSTAVLIFYWHMCP>
#	G	D	E	R	K	N	Q	S	T	A	V	L	I	F	Y	W	H	M	C	P
0	0.01241	0.05228	0.51693	0.01789	0.10999	0.04348	0.03874	0.01837	0.03836	0.01874	0.06843	0.01518	0.01166	0.00604	0.00563	0.00180	0.00783	0.00497	0.00297	0.00831
1	0.19025	0.01236	0.08856	0.09961	0.07475	0.01157	0.04626	0.04707	0.01296	0.08857	0.09794	0.04038	0.05718	0.03935	0.00756	0.00206	0.06626	0.00622	0.00408	0.00701
2	0.19563	0.01257	0.08972	0.07489	0.17550	0.02951	0.01123	0.01639	0.03728	0.05805	0.01285	0.01777	0.01106	0.10797	0.12288	0.00340	0.00765	0.00525	0.00343	0.00697
3	0.01357	0.01641	0.21902	0.04585	0.13741	0.01230	0.01358	0.19064	0.01701	0.02380	0.19127	0.05688	0.02113	0.00795	0.00605	0.00182	0.00611	0.00676	0.00443	0.00800
4	0.02016	0.01525	0.01745	0.14804	0.02189	0.01714	0.01195	0.61287	0.02459	0.03283	0.01333	0.01423	0.00951	0.00678	0.00582	0.00178	0.00664	0.00522	0.00525	0.00929
5	0.15599	0.01078	0.01638	0.58544	0.09339	0.01301	0.01456	0.01549	0.01146	0.01716	0.00999	0.01435	0.00762	0.00569	0.00542	0.00190	0.00711	0.00482	0.00279	0.00665
6	0.22100	0.01156	0.01741	0.12911	0.22404	0.01207	0.12132	0.01568	0.01224	0.01957	0.01866	0.02078	0.13927	0.00696	0.00558	0.00185	0.00616	0.00616	0.00347	0.00712
7	0.01110	0.00639	0.00738	0.00698	0.00885	0.00571	0.00515	0.01272	0.01301	0.14736	0.06638	0.13236	0.31489	0.10106	0.00891	0.00230	0.00361	0.01013	0.12999	0.00570
8	0.10710	0.00701	0.00755	0.00682	0.00882	0.00695	0.00512	0.01601	0.01217	0.16838	0.01842	0.02279	0.01492	0.14497	0.00884	0.00224	0.00387	0.00578	0.42617	0.00608
9	0.00841	0.00574	0.00683	0.00674	0.00707	0.00574	0.00416	0.00905	0.00993	0.01356	0.14746	0.03782	0.02654	0.60021	0.08297	0.00526	0.00590	0.00865	0.00400	0.00400
10	0.15302	0.00686	0.00732	0.00693	0.00888	0.00663	0.00530	0.01123	0.01431	0.02143	0.40780	0.04138	0.26518	0.01164	0.00629	0.00187	0.00311	0.00977	0.00560	0.00545
11	0.69129	0.01016	0.00823	0.00773	0.01075	0.01159	0.00614	0.01552	0.01011	0.02412	0.01230	0.14658	0.01194	0.00765	0.00427	0.00190	0.00430	0.00549	0.00391	0.00602
12	0.01143	0.00633	0.00763	0.00720	0.00801	0.00607	0.00457	0.01191	0.01012	0.14341	0.02033	0.10039	0.02147	0.58984	0.02351	0.00468	0.00532	0.00870	0.00433	0.00474
13	0.01351	0.01049	0.04869	0.01353	0.12544	0.00961	0.00946	0.14121	0.01550	0.11259	0.02884	0.15167	0.19591	0.01308	0.05766	0.00244	0.00566	0.03245	0.00502	0.00723
14	0.01806	0.09046	0.14858	0.01380	0.01841	0.23719	0.01247	0.19887	0.16415	0.02242	0.01331	0.01379	0.01010	0.00644	0.00543	0.00169	0.00760	0.00472	0.00413	0.00839
15	0.01759	0.04891	0.22994	0.01612	0.02158	0.21956	0.15239	0.02205	0.04870	0.14801	0.01302	0.01410	0.00940	0.00592	0.00572	0.00175	0.00843	0.00497	0.00369	0.00816
16	0.01641	0.01467	0.15087	0.04111	0.11369	0.01179	0.05453	0.07856	0.09233	0.21266	0.01950	0.01997	0.06907	0.00944	0.05441	0.00233	0.01940	0.00605	0.00467	0.00853
17	0.04426	0.38440	0.02457	0.01244	0.01681	0.01709	0.11967	0.01940	0.01276	0.18236	0.01233	0.01404	0.00974	0.03731	0.00692	0.00177	0.06799	0.00466	0.00369	0.00778
18	0.02194	0.00868	0.01130	0.00901	0.01265	0.00770	0.00733	0.02432	0.01543	0.56171	0.02186	0.02031	0.01453	0.00708	0.00536	0.00168	0.00434	0.00573	0.23036	0.00868
19	0.01637	0.01631	0.21118	0.01600	0.11504	0.01205	0.03782	0.05060	0.16180	0.20585	0.06164	0.01983	0.01515	0.00708	0.00592	0.00187	0.00618	0.02560	0.00485	0.00887
20	0.01647	0.01586	0.01654	0.01993	0.27726	0.24312	0.01188	0.03091	0.01526	0.08348	0.14258	0.01921	0.01751	0.00691	0.00570	0.00166	0.00683	0.00575	0.05551	0.00764
21	0.01003	0.00602	0.00743	0.00732	0.00810	0.00573	0.00480	0.01093	0.01119	0.09580	0.13691	0.20541	0.02954	0.41389	0.01851	0.00389	0.00461	0.01030	0.00479	0.00479
22	0.01236	0.01181	0.02097	0.02628	0.42641	0.01156	0.14085	0.01546	0.01283	0.01789	0.01681	0.20120	0.01696	0.00862	0.00643	0.00195	0.00652	0.03375	0.00358	0.00777
23	0.01449	0.14049	0.20856	0.02264	0.23812	0.05886	0.17793	0.01869	0.01317	0.03776	0.01077	0.01330	0.00844	0.00527	0.00561	0.00172	0.00802	0.00495	0.00285	0.00836
24	0.01202	0.00981	0.01321	0.01162	0.01312	0.01144	0.04375	0.15165	0.01314	0.01830	0.01650	0.15504	0.01676	0.10869	0.19965	0.00435	0.18289	0.00787	0.00395	0.00622
25	0.00880	0.00658	0.00903	0.14304	0.01332	0.00726	0.00673	0.01002	0.00935	0.01261	0.01693	0.06684	0.01805	0.43929	0.20257	0.00572	0.00828	0.00774	0.00335	0.00450
26	0.16197	0.15978	0.01824	0.05010	0.01743	0.38405	0.03066	0.01980	0.01354	0.01634	0.00870	0.01067	0.00734	0.00602	0.00593	0.00163	0.07428	0.00380	0.00295	0.00678
27	0.31598	0.01852	0.03769	0.01173	0.01527	0.29766	0.00941	0.06139	0.14291	0.02167	0.01156	0.01232	0.00898	0.00615	0.00481	0.00172	0.00700	0.00412	0.00386	0.00725
28	0.01433	0.01186	0.01302	0.01159	0.01465	0.01364	0.00909	0.11509	0.52991	0.02395	0.02105	0.02094	0.01621	0.01404	0.14028	0.00324	0.00675	0.00635	0.00541	0.00859
29	0.00833	0.00602	0.00828	0.00820	0.00902	0.00652	0.00597	0.00998	0.01036	0.01463	0.14613	0.03048	0.02335	0.23710	0.44172	0.00705	0.01070	0.00757	0.00380	0.00480
30	0.00762	0.00589	0.00677	0.00673	0.00801	0.00555	0.00480	0.00896	0.01171	0.01493	0.10300	0.04478	0.38934	0.20602	0.14651	0.00412	0.00578	0.01015	0.00464	0.00468
31	0.01559	0.08697	0.01689	0.13825	0.01971	0.26520	0.01145	0.02014	0.14184	0.01595	0.01206	0.01459	0.00996	0.01013	0.07419	0.00248	0.12943	0.00484	0.00334	0.00700
32	0.01577	0.01233	0.01444	0.14681	0.01981	0.01409	0.01058	0.11078	0.47056	0.08941	0.02013	0.01954	0.01478	0.00736	0.00588	0.00192	0.00540	0.00611	0.00543	0.00886
33	0.01579	0.01178	0.01554	0.16867	0.14959	0.01288	0.01155	0.26345	0.01750	0.05082	0.01415	0.01650	0.01073	0.00766	0.03194	0.00196	0.00624	0.00531	0.17997	0.00797
34	0.01269	0.01203	0.01980	0.11505	0.54608	0.01215	0.01530	0.01584	0.01306	0.01795	0.01928	0.02181	0.14011	0.00693	0.00596	0.00179	0.00631	0.00642	0.00329	0.00815
35	0.00832	0.00711	0.00857	0.00798	0.00941	0.00735	0.00621	0.01016	0.01350	0.01779	0.26802	0.04447	0.40607	0.01304	0.00901	0.00202	0.13996	0.01046	0.00521	0.00534
36	0.01345	0.01396	0.10881	0.01146	0.01499	0.07020	0.03366	0.09835	0.18026	0.05094	0.19611	0.02784	0.11859	0.00910	0.00649	0.00187	0.02375	0.00753	0.00515	0.00749
37	0.00881	0.14494	0.01077	0.00704	0.00935	0.00826	0.00571	0.01073	0.01398	0.01766	0.26167	0.04399	0.41251	0.01216	0.00632	0.00180	0.00346	0.01013	0.00519	0.00553
38	0.01276	0.09097	0.43460	0.01437	0.02051	0.01355	0.06408	0.09786	0.01336	0.01882	0.01210	0.01695	0.01017	0.14409	0.00971	0.00245	0.00770	0.00520	0.00306	0.00770
39	0.01337	0.21005	0.02680	0.00904	0.01155	0.01121	0.00746	0.01497	0.01108	0.14450	0.01556	0.02251	0.01425	0.21578	0.24239	0.00490	0.00871	0.00589	0.00376	0.00623
40	0.02196	0.01033	0.01310	0.01056	0.01436	0.00978	0.00850	0.16720	0.01782	0.48675	0.02274	0.15395	0.01771	0.00909	0.00612	0.00189	0.00496	0.00760	0.00661	0.00899
41	0.00949	0.00773	0.01055	0.13552	0.07189	0.00754	0.00781	0.01121	0.01101	0.01503	0.02164	0.21491	0.07830	0.21437	0.01220	0.00280	0.00508	0.00908	0.00392	0.14991
42	0.01475	0.01198	0.01441	0.14546	0.01945	0.01170	0.00969	0.23759	0.01673	0.02354	0.01346	0.01507	0.03985	0.00583	0.00514	0.00137	0.00550	0.00466	0.00411	0.39970
43	0.01391	0.00989	0.01295	0.13405	0.04632	0.00867	0.00879	0.01651	0.01280	0.14826	0.01654	0.01831	0.06682	0.03376	0.00596	0.00148	0.00502	0.00506	0.00409	0.43080
44	0.13944	0.01130	0.03654	0.00999	0.01379	0.01086	0.00826	0.13053	0.11545	0.20794	0.03466	0.07870	0.08958	0.00835	0.00561	0.00179	0.00476	0.00672	0.00546	0.08028
45	0.01294	0.02439	0.04190	0.07881	0.04073	0.04164	0.00893	0.09852	0.12434	0.07124	0.15361	0.08574	0.13455	0.04777	0.00737	0.00207	0.00500	0.00832	0.00513	0.00702
46	0.01703	0.09477	0.01472	0.01072	0.01419	0.04387	0.00865	0.20964	0.09278	0.15358	0.08094	0.14898	0.01966	0.00902	0.00586	0.00177	0.00517	0.00744	0.00544	0.05576
47	0.01613	0.04966	0.10869	0.01723	0.20869	0.01106	0.01204	0.05819	0.01420	0.21395	0.01820	0.08910	0.04314	0.02843	0.03157	0.00210	0.00615	0.00648	0.00449	0.06048
48	0.01741	0.01318	0.04371	0.01221	0.04154	0.11917	0.04139	0.07283	0.01531	0.23855	0.04608	0.07229	0.08000	0.00947	0.03329	0.00201	0.03183	0.00668	0.02966	0.07338
49	0.02052	0.01459	0.05435	0.01241	0.04248	0.12188	0.01003	0.15130	0.01761	0.31260	0.06636	0.01817	0.01437	0.00694	0.00566	0.00165	0.00607	0.01551	0.00542	0.10210
50	0.07192	0.07330	0.14018	0.07311	0.05376	0.10477	0.05859	0.02102	0.03984	0.21644	0.01608	0.01658	0.04468	0.00641	0.00547	0.00172	0.00677	0.00517	0.00422	0.03996
51	0.01645	0.01291	0.06881	0.08785	0.06595	0.04096	0.06309	0.07788	0.04652	0.20718	0.04836	0.03162	0.04811	0.00756	0.01667	0.00181	0.00613	0.01742	0.00471	0.12999
52	0.11028	0.05358	0.01592	0.04013	0.13547	0.03497	0.03517	0.11907	0.01504	0.21313	0.01669	0.01827	0.05023	0.04140	0.00787	0.05737	0.01737	0.00554	0.00459	0.00789
53	0.05040	0.02567	0.09653	0.08988	0.06871	0.03733	0.04257	0.12631	0.06853	0.15151	0.01469	0.01632	0.01095	0.02139	0.06905	0.00240	0.00712	0.00522	0.01847	0.07696

[dist]
# distance from previous block
# <min> <max>
0	96

[block]
# block no. 3 follows, 40 sequences, length 30
# corresponding to MSA columns:
# 943-972
name=unknown_D
#
# <colnr> <probs for GDERKNQSTAVLIFYWHMCP>
#	G	D	E	R	K	N	Q	S	T	A	V	L	I	F	Y	W	H	M	C	P
0	0.01298	0.01468	0.14440	0.02378	0.39511	0.01191	0.01485	0.06453	0.01439	0.02050	0.16174	0.02005	0.01822	0.00749	0.00682	0.04446	0.00622	0.00611	0.00370	0.00806
1	0.01318	0.05607	0.16648	0.01734	0.11857	0.01322	0.12372	0.06778	0.16124	0.02057	0.04278	0.03740	0.04466	0.00785	0.00616	0.00194	0.00663	0.08224	0.00412	0.00805
2	0.01197	0.01712	0.24995	0.01447	0.05821	0.05037	0.07694	0.01692	0.07706	0.04126	0.08177	0.02566	0.17545	0.00860	0.00714	0.00192	0.06682	0.00708	0.00396	0.00734
3	0.01173	0.04633	0.07997	0.01198	0.05291	0.01017	0.06696	0.06800	0.07692	0.02117	0.21663	0.02690	0.11044	0.00829	0.00590	0.00164	0.00494	0.00720	0.00465	0.16729
4	0.01027	0.00846	0.01191	0.03621	0.18394	0.00823	0.00878	0.05431	0.01550	0.02127	0.37603	0.05353	0.16752	0.01054	0.00653	0.00184	0.00411	0.00928	0.00524	0.00651
5	0.13320	0.01208	0.01822	0.02337	0.40164	0.01184	0.04518	0.01695	0.01288	0.04375	0.05031	0.01783	0.01252	0.00607	0.00546	0.00168	0.00593	0.04393	0.00353	0.13364
6	0.01455	0.01190	0.01660	0.13536	0.24636	0.04974	0.01212	0.01745	0.01293	0.11052	0.01246	0.01508	0.00982	0.00850	0.06879	0.00214	0.00696	0.00479	0.00356	0.24038
7	0.01325	0.01172	0.01528	0.17765	0.13346	0.01334	0.01187	0.02389	0.41903	0.02113	0.04368	0.02226	0.01638	0.00759	0.00601	0.00196	0.00559	0.04286	0.00474	0.00830
8	0.01618	0.01322	0.02206	0.03183	0.64587	0.01301	0.01643	0.01945	0.01376	0.13247	0.01277	0.01522	0.01000	0.00549	0.00577	0.00174	0.00661	0.00528	0.00354	0.00932
9	0.14899	0.00991	0.01239	0.00972	0.01394	0.00909	0.00801	0.02597	0.01542	0.61832	0.02050	0.01830	0.01318	0.00690	0.00543	0.00178	0.00478	0.00542	0.04280	0.00915
10	0.71042	0.01044	0.00843	0.00760	0.01086	0.01189	0.00617	0.01616	0.01090	0.02567	0.12215	0.01463	0.01370	0.00639	0.00410	0.00180	0.00423	0.00427	0.00403	0.00617
11	0.01136	0.00681	0.00922	0.00899	0.01083	0.00639	0.00734	0.01401	0.01539	0.13401	0.38478	0.04777	0.04104	0.01267	0.00712	0.00213	0.00401	0.26387	0.00615	0.00611
12	0.02273	0.01763	0.01636	0.01413	0.05529	0.23215	0.01074	0.29416	0.02045	0.23598	0.01493	0.01464	0.01045	0.00667	0.00566	0.00169	0.00719	0.00498	0.00525	0.00895
13	0.11276	0.01690	0.12875	0.01255	0.01717	0.07274	0.01131	0.21548	0.21463	0.11509	0.01605	0.01570	0.01156	0.00677	0.00550	0.00181	0.00617	0.00517	0.00502	0.00885
14	0.01166	0.01280	0.11436	0.13126	0.10728	0.01140	0.01180	0.01930	0.23901	0.02059	0.17672	0.02580	0.07697	0.00829	0.00610	0.00189	0.00537	0.00715	0.00465	0.00759
15	0.01140	0.01099	0.01842	0.62360	0.03575	0.01376	0.05495	0.01493	0.01133	0.01493	0.01000	0.01509	0.00779	0.00643	0.00789	0.00203	0.12634	0.00525	0.00260	0.00652
16	0.01533	0.01373	0.01811	0.01915	0.20700	0.04117	0.04960	0.16003	0.17949	0.02304	0.07924	0.01816	0.01493	0.00750	0.00797	0.00192	0.12481	0.00599	0.00439	0.00842
17	0.01267	0.01247	0.01863	0.15337	0.13306	0.01634	0.01411	0.01473	0.01005	0.01491	0.00861	0.01347	0.00789	0.00865	0.01472	0.00231	0.52948	0.00512	0.00260	0.00681
18	0.00886	0.00703	0.00871	0.00927	0.04793	0.00682	0.00645	0.01278	0.10740	0.01986	0.32146	0.17973	0.19673	0.01293	0.00682	0.00199	0.00342	0.03020	0.00573	0.00588
19	0.00843	0.00701	0.00945	0.00960	0.05051	0.00651	0.05477	0.01058	0.03703	0.01641	0.12116	0.18140	0.31582	0.13267	0.01034	0.00257	0.00414	0.01133	0.00494	0.00530
20	0.00952	0.12667	0.01042	0.00730	0.00819	0.00851	0.00501	0.01008	0.00909	0.01194	0.01639	0.03163	0.01817	0.57395	0.12560	0.00547	0.00706	0.00734	0.00331	0.00435
21	0.03997	0.35962	0.06155	0.01005	0.01357	0.05407	0.00914	0.06330	0.01296	0.01638	0.01782	0.16718	0.05585	0.04377	0.00632	0.00188	0.00573	0.05049	0.00371	0.00665
22	0.04371	0.51944	0.11360	0.01091	0.01618	0.01908	0.01105	0.05854	0.01339	0.13018	0.01095	0.01153	0.00860	0.00550	0.00438	0.00144	0.00626	0.00378	0.00342	0.00806
23	0.03521	0.18480	0.22101	0.01301	0.03818	0.04674	0.01278	0.09356	0.03824	0.21478	0.01414	0.01481	0.01027	0.03051	0.00597	0.00180	0.00664	0.00472	0.00425	0.00858
24	0.09773	0.21636	0.20516	0.01366	0.01919	0.04212	0.09930	0.11819	0.01455	0.07933	0.01144	0.01322	0.00879	0.03008	0.00584	0.00179	0.00711	0.00455	0.00353	0.00805
25	0.01706	0.23450	0.09692	0.01233	0.01712	0.07662	0.03137	0.17301	0.09814	0.07245	0.01360	0.01548	0.01078	0.00641	0.00517	0.00160	0.00649	0.03354	0.00414	0.07327
26	0.01629	0.25100	0.06527	0.02592	0.01694	0.02937	0.05013	0.11749	0.16247	0.09254	0.04339	0.02687	0.01295	0.00652	0.00521	0.00162	0.00594	0.00518	0.00436	0.06053
27	0.01451	0.11927	0.27520	0.01419	0.01945	0.07946	0.07101	0.08629	0.01412	0.05706	0.02663	0.07389	0.02489	0.00719	0.00648	0.00178	0.05939	0.00568	0.00350	0.03999
28	0.09447	0.20856	0.20239	0.01300	0.05711	0.06204	0.01231	0.04193	0.04673	0.07309	0.08402	0.01779	0.02658	0.00678	0.00518	0.00169	0.00637	0.02849	0.00376	0.00771
29	0.01512	0.02611	0.17466	0.01505	0.09364	0.01288	0.03104	0.17927	0.12847	0.07523	0.06405	0.09719	0.01651	0.00794	0.00594	0.00184	0.00601	0.00673	0.00471	0.03761

[dist]
# distance from previous block
# <min> <max>
12	203

[block]
# block no. 4 follows, 40 sequences, length 21
# corresponding to MSA columns:
# 1206-1226
name=unknown_E
#
# <colnr> <probs for GDERKNQSTAVLIFYWHMCP>
#	G	D	E	R	K	N	Q	S	T	A	V	L	I	F	Y	W	H	M	C	P
0	0.14055	0.12522	0.25335	0.05006	0.01916	0.03868	0.06379	0.01816	0.05354	0.06098	0.03219	0.05151	0.02266	0.02854	0.00596	0.00190	0.00671	0.01607	0.00351	0.00748
1	0.01415	0.16011	0.33625	0.01513	0.07596	0.04715	0.01513	0.07707	0.01375	0.05077	0.01402	0.01540	0.05797	0.00704	0.01938	0.00184	0.03781	0.00484	0.00324	0.03298
2	0.01319	0.06563	0.25286	0.01541	0.05540	0.09850	0.12822	0.01706	0.01331	0.04956	0.04657	0.06129	0.09132	0.02301	0.00634	0.00185	0.00727	0.00647	0.00351	0.04320
3	0.01524	0.28367	0.10872	0.11655	0.02036	0.04573	0.05319	0.12584	0.01487	0.05473	0.01510	0.01770	0.06393	0.00674	0.00527	0.00167	0.00677	0.03267	0.00359	0.00767
4	0.03887	0.15610	0.12151	0.03704	0.01764	0.07129	0.10906	0.04471	0.04531	0.04525	0.07071	0.13642	0.01731	0.02726	0.03447	0.00217	0.00688	0.00709	0.00386	0.00706
5	0.08205	0.02605	0.08481	0.01118	0.01473	0.07732	0.03211	0.10916	0.12543	0.08541	0.04003	0.12211	0.01649	0.01945	0.01658	0.00195	0.00569	0.00680	0.07936	0.04329
6	0.01284	0.12167	0.18748	0.01227	0.04447	0.01239	0.01128	0.16402	0.01507	0.02052	0.01982	0.24919	0.04973	0.01001	0.00592	0.00188	0.00568	0.00844	0.04005	0.00727
7	0.01483	0.04256	0.17167	0.01265	0.01705	0.16909	0.04234	0.06242	0.03604	0.07071	0.01705	0.14354	0.04282	0.00814	0.00571	0.00170	0.00676	0.00670	0.00398	0.12424
8	0.12149	0.05853	0.18956	0.01273	0.06972	0.01082	0.01149	0.01572	0.06770	0.01937	0.07732	0.07759	0.08456	0.00980	0.00605	0.00201	0.00558	0.14890	0.00422	0.00687
9	0.01775	0.11610	0.12532	0.01391	0.01783	0.26716	0.01243	0.17799	0.01668	0.02011	0.04617	0.01327	0.01031	0.00687	0.00718	0.00173	0.11334	0.00459	0.00358	0.00768
10	0.12517	0.01108	0.01242	0.01122	0.01358	0.01295	0.00892	0.06545	0.29672	0.05033	0.01937	0.08930	0.01715	0.04312	0.00909	0.00227	0.13385	0.06566	0.00489	0.00746
11	0.41264	0.08249	0.01408	0.11457	0.01741	0.10988	0.00934	0.12662	0.02817	0.02356	0.00970	0.01131	0.00751	0.00578	0.00450	0.00173	0.00613	0.00387	0.00367	0.00707
12	0.01136	0.01069	0.01757	0.47184	0.23310	0.01208	0.01503	0.01480	0.01229	0.01611	0.01708	0.02068	0.10965	0.00685	0.00594	0.00188	0.00687	0.00613	0.00305	0.00700
13	0.00734	0.00541	0.00688	0.00757	0.00841	0.00494	0.00527	0.00886	0.01279	0.01710	0.21797	0.49350	0.15036	0.01611	0.00720	0.00217	0.00315	0.01438	0.00565	0.00494
14	0.00756	0.00589	0.00694	0.00734	0.00881	0.00528	0.00562	0.00935	0.01340	0.01703	0.15776	0.18671	0.39431	0.01514	0.00717	0.00214	0.00341	0.13556	0.00555	0.00504
15	0.00817	0.00667	0.00733	0.00727	0.00907	0.00628	0.00540	0.01182	0.11315	0.01807	0.17113	0.15802	0.42876	0.01383	0.00682	0.00200	0.00320	0.01183	0.00564	0.00556
16	0.01086	0.00990	0.01101	0.04702	0.01227	0.11080	0.06863	0.01250	0.03427	0.01414	0.07288	0.10553	0.02172	0.42262	0.01857	0.00386	0.00628	0.00841	0.00383	0.00492
17	0.01974	0.02465	0.01516	0.01405	0.01668	0.66830	0.01045	0.02117	0.01576	0.01432	0.01211	0.11634	0.01169	0.00765	0.00554	0.00162	0.00952	0.00548	0.00332	0.00647
18	0.00806	0.00606	0.00753	0.00793	0.00914	0.00541	0.00559	0.00935	0.01137	0.01530	0.03050	0.46518	0.11236	0.10145	0.00943	0.00250	0.00385	0.06745	0.00492	0.11662
19	0.01267	0.01044	0.01229	0.00924	0.01380	0.00883	0.00741	0.09506	0.01340	0.02019	0.01145	0.01373	0.00956	0.00993	0.10855	0.00211	0.00607	0.00402	0.00367	0.62758
20	0.00970	0.00718	0.00922	0.00827	0.01037	0.00696	0.00630	0.01176	0.01037	0.01585	0.01491	0.02146	0.01372	0.11376	0.37274	0.00551	0.00960	0.00561	0.11499	0.23172

[dist]
# distance from previous block
# <min> <max>
0	1

[block]
# block no. 5 follows, 40 sequences, length 12
# corresponding to MSA columns:
# 1228-1239
name=unknown_F
#
# <colnr> <probs for GDERKNQSTAVLIFYWHMCP>
#	G	D	E	R	K	N	Q	S	T	A	V	L	I	F	Y	W	H	M	C	P
0	0.01279	0.01011	0.01128	0.00993	0.01260	0.01090	0.00774	0.13983	0.29173	0.02546	0.31647	0.03116	0.07608	0.00975	0.00633	0.00188	0.00406	0.00827	0.00606	0.00758
1	0.01699	0.08606	0.11448	0.01295	0.01734	0.11935	0.01147	0.15683	0.33028	0.04906	0.01676	0.01637	0.01253	0.00688	0.00556	0.00178	0.00641	0.00532	0.00479	0.00878
2	0.01134	0.02603	0.62105	0.01586	0.02334	0.01253	0.06398	0.01746	0.01291	0.01907	0.10793	0.01656	0.01366	0.00632	0.00578	0.00185	0.00791	0.00527	0.00300	0.00814
3	0.04811	0.24064	0.27219	0.01503	0.02086	0.01638	0.14206	0.05296	0.01291	0.03952	0.01083	0.02771	0.00870	0.00660	0.02093	0.00188	0.04704	0.00477	0.00297	0.00789
4	0.01483	0.37890	0.18929	0.01128	0.01625	0.01578	0.01172	0.01776	0.01258	0.12180	0.01476	0.11620	0.01351	0.00758	0.00509	0.00166	0.00617	0.03357	0.00364	0.00762
5	0.00775	0.00616	0.00809	0.10865	0.01245	0.00600	0.00653	0.00960	0.01283	0.01670	0.17333	0.33214	0.24966	0.01437	0.00694	0.00209	0.00370	0.01265	0.00522	0.00515
6	0.01243	0.01135	0.01737	0.30129	0.22162	0.03870	0.05840	0.04229	0.01318	0.01796	0.01664	0.01983	0.08389	0.00665	0.00572	0.00179	0.00656	0.00597	0.11123	0.00712
7	0.01656	0.03428	0.16811	0.06596	0.10004	0.06698	0.01281	0.14863	0.01597	0.15354	0.01633	0.11664	0.01366	0.00780	0.00581	0.00182	0.00650	0.00647	0.03390	0.00821
8	0.00786	0.00527	0.00670	0.00758	0.00805	0.00513	0.00509	0.00902	0.01076	0.01513	0.02721	0.52871	0.03121	0.12993	0.06408	0.00319	0.00447	0.01319	0.11273	0.00468
9	0.04294	0.00715	0.00750	0.00689	0.00853	0.00741	0.00511	0.10773	0.01386	0.02217	0.08969	0.02515	0.01889	0.14324	0.00895	0.00221	0.00377	0.00633	0.46675	0.00572
10	0.01553	0.02161	0.35062	0.07758	0.12590	0.01504	0.01703	0.26278	0.01747	0.02440	0.01169	0.01339	0.00851	0.00599	0.00568	0.00180	0.00755	0.00481	0.00366	0.00895
11	0.01509	0.01418	0.10425	0.18195	0.13589	0.03833	0.05833	0.01959	0.06512	0.14235	0.01352	0.01532	0.00996	0.00574	0.00556	0.00166	0.00663	0.00502	0.00381	0.15769

[dist]
# distance from previous block
# <min> <max>
1	15

[block]
# block no. 6 follows, 40 sequences, length 10
# corresponding to MSA columns:
# 1269-1278
name=unknown_G
#
# <colnr> <probs for GDERKNQSTAVLIFYWHMCP>
#	G	D	E	R	K	N	Q	S	T	A	V	L	I	F	Y	W	H	M	C	P
0	0.66784	0.01510	0.16348	0.00947	0.01410	0.01314	0.00941	0.01736	0.01038	0.02452	0.00858	0.01003	0.00652	0.00542	0.00399	0.00181	0.00534	0.00338	0.00336	0.00677
1	0.01260	0.01719	0.24772	0.01380	0.07410	0.01138	0.01274	0.01939	0.16302	0.01989	0.01314	0.01428	0.01014	0.00549	0.00513	0.00146	0.00590	0.00448	0.00360	0.34455
2	0.01053	0.00767	0.00901	0.00827	0.01038	0.00760	0.00633	0.01610	0.18115	0.06954	0.41582	0.03932	0.17295	0.01121	0.00658	0.00188	0.00334	0.00965	0.00616	0.00650
3	0.01605	0.01251	0.07113	0.01468	0.13310	0.01140	0.01065	0.16678	0.09137	0.15750	0.17350	0.02488	0.07425	0.00829	0.00609	0.00182	0.00520	0.00701	0.00544	0.00834
4	0.01385	0.27678	0.18898	0.01292	0.01802	0.01574	0.09064	0.11159	0.01512	0.02027	0.16293	0.01827	0.01761	0.00677	0.00539	0.00164	0.00645	0.00558	0.00377	0.00767
5	0.01024	0.00681	0.00812	0.00752	0.00918	0.00647	0.00549	0.01331	0.07735	0.08928	0.33891	0.04064	0.17587	0.17207	0.01134	0.00264	0.00374	0.00965	0.00565	0.00571
6	0.01263	0.01246	0.01585	0.01680	0.14546	0.08980	0.02845	0.03798	0.01191	0.01603	0.01713	0.17538	0.06246	0.01137	0.02928	0.00234	0.29669	0.00785	0.00355	0.00660
7	0.00766	0.00587	0.00712	0.00764	0.00899	0.00533	0.00584	0.00948	0.01331	0.01712	0.16355	0.23123	0.32006	0.01536	0.00724	0.00218	0.00351	0.15790	0.00556	0.00505
8	0.00952	0.00766	0.01015	0.16593	0.01567	0.00754	0.00762	0.01162	0.01191	0.01630	0.13606	0.03263	0.10159	0.20674	0.02949	0.00286	0.00528	0.05308	0.00408	0.16428
9	0.01295	0.17181	0.01943	0.07257	0.30034	0.01313	0.01221	0.01557	0.01281	0.04160	0.08121	0.12096	0.01773	0.00806	0.00602	0.00177	0.02578	0.02650	0.03211	0.00745

[dist]
# distance from previous block
# <min> <max>
1	96

[block]
# block no. 7 follows, 40 sequences, length 48
# corresponding to MSA columns:
# 1380-1427
name=unknown_H
#
# <colnr> <probs for GDERKNQSTAVLIFYWHMCP>
#	G	D	E	R	K	N	Q	S	T	A	V	L	I	F	Y	W	H	M	C	P
0	0.01413	0.08394	0.26177	0.02697	0.08899	0.09973	0.01396	0.07896	0.03905	0.03894	0.01669	0.01930	0.07912	0.00817	0.02962	0.00197	0.00735	0.03466	0.00356	0.05311
1	0.05762	0.27343	0.24337	0.05407	0.01917	0.01607	0.03759	0.01911	0.12385	0.01840	0.07342	0.01546	0.01292	0.00622	0.00507	0.00167	0.00651	0.00484	0.00340	0.00780
2	0.05761	0.03717	0.01291	0.01119	0.01333	0.01255	0.00884	0.15539	0.17453	0.02167	0.02089	0.24886	0.02075	0.01134	0.00825	0.00214	0.12280	0.04767	0.00496	0.00715
3	0.12598	0.01323	0.01712	0.09041	0.24648	0.05499	0.04538	0.02119	0.23096	0.02044	0.01443	0.01678	0.01156	0.03903	0.00686	0.00201	0.02577	0.00545	0.00388	0.00805
4	0.01426	0.01426	0.01324	0.03119	0.10104	0.23487	0.00937	0.01666	0.03092	0.04782	0.09742	0.16186	0.04078	0.00914	0.00591	0.00170	0.00621	0.02770	0.00422	0.13141
5	0.01279	0.01000	0.01129	0.00989	0.01264	0.01042	0.00765	0.16603	0.20284	0.02433	0.21155	0.14274	0.05733	0.01023	0.00626	0.00184	0.00422	0.00876	0.00569	0.08348
6	0.13812	0.01287	0.01900	0.19343	0.42759	0.04392	0.01495	0.01690	0.01243	0.01880	0.01115	0.04515	0.00956	0.00591	0.00549	0.00180	0.00673	0.00527	0.00303	0.00788
7	0.46686	0.01005	0.01021	0.12508	0.01546	0.01138	0.00788	0.01677	0.04956	0.05823	0.15885	0.01824	0.01715	0.00696	0.00481	0.00184	0.00467	0.00522	0.00429	0.00648
8	0.01135	0.00686	0.00965	0.04017	0.01161	0.00730	0.00727	0.01331	0.01090	0.12750	0.01832	0.02779	0.01680	0.14280	0.41162	0.00638	0.01065	0.06544	0.04854	0.00574
9	0.20549	0.00867	0.00968	0.00815	0.01113	0.00851	0.00638	0.01982	0.01298	0.33379	0.01806	0.02057	0.01367	0.12605	0.00858	0.00229	0.00451	0.00554	0.16890	0.00722
10	0.01101	0.00637	0.00809	0.00769	0.00862	0.00637	0.00519	0.01185	0.01005	0.12582	0.01930	0.07909	0.01980	0.46855	0.18195	0.00564	0.00750	0.00809	0.00411	0.00492
11	0.00910	0.00693	0.00848	0.00792	0.00962	0.00681	0.00599	0.01385	0.12715	0.02306	0.60736	0.04083	0.08754	0.01144	0.00672	0.00186	0.00304	0.01002	0.00627	0.00602
12	0.02803	0.01500	0.01659	0.01400	0.03322	0.12694	0.10832	0.17868	0.24361	0.02266	0.01643	0.01966	0.01346	0.12615	0.00947	0.00240	0.00678	0.00611	0.00459	0.00790
13	0.00842	0.00555	0.00688	0.00709	0.00725	0.00561	0.00440	0.00852	0.00886	0.01193	0.01914	0.14809	0.02175	0.50407	0.10835	0.10130	0.00634	0.00904	0.00365	0.00378
14	0.01009	0.00847	0.07038	0.00907	0.01101	0.00695	0.00770	0.01318	0.04410	0.05917	0.26741	0.08319	0.03441	0.13073	0.01030	0.00263	0.00452	0.18175	0.03918	0.00576
15	0.00900	0.00635	0.00721	0.00669	0.00747	0.00596	0.00403	0.00939	0.00900	0.01244	0.01711	0.03412	0.01925	0.67585	0.02577	0.00491	0.00544	0.00770	0.00351	0.12881
16	0.01499	0.05484	0.07556	0.00975	0.01484	0.00939	0.00863	0.03850	0.01362	0.16213	0.05228	0.01513	0.01204	0.00548	0.00485	0.00122	0.00487	0.00438	0.00426	0.49324
17	0.01884	0.01887	0.23957	0.01354	0.01917	0.01456	0.01348	0.37715	0.02063	0.14049	0.05475	0.01595	0.01227	0.00685	0.00579	0.00179	0.00664	0.00534	0.00505	0.00926
18	0.01923	0.21169	0.01965	0.01208	0.01557	0.01638	0.01045	0.15509	0.01543	0.24412	0.01355	0.01423	0.01005	0.00736	0.00872	0.00184	0.20681	0.00484	0.00455	0.00837
19	0.02156	0.00857	0.01110	0.00888	0.01245	0.00762	0.00722	0.02395	0.01532	0.54314	0.02176	0.02035	0.01455	0.00707	0.00532	0.00167	0.00428	0.00572	0.25090	0.00857
20	0.05777	0.01387	0.22231	0.01090	0.02617	0.00880	0.01074	0.01656	0.01449	0.16313	0.27966	0.05967	0.07365	0.00918	0.00612	0.00185	0.00501	0.00775	0.00513	0.00724
21	0.01776	0.01332	0.04901	0.19384	0.24051	0.04370	0.01388	0.07993	0.03692	0.23098	0.01474	0.01611	0.01051	0.00617	0.00577	0.00180	0.00665	0.00532	0.00436	0.00871
22	0.01857	0.00838	0.01084	0.00913	0.01187	0.00766	0.00691	0.05275	0.01423	0.42641	0.02274	0.14102	0.01954	0.20852	0.01210	0.00285	0.00495	0.00810	0.00593	0.00750
23	0.01085	0.01005	0.01735	0.08725	0.25880	0.00995	0.12128	0.01358	0.01256	0.01715	0.05115	0.29203	0.05226	0.01047	0.00661	0.00202	0.00584	0.00996	0.00400	0.00685
24	0.01517	0.10844	0.13438	0.01543	0.02053	0.08246	0.19869	0.13427	0.03733	0.03269	0.01580	0.01722	0.07563	0.00652	0.00604	0.00172	0.02497	0.00569	0.00369	0.06333
25	0.03991	0.01413	0.07962	0.08665	0.06154	0.09081	0.16018	0.01704	0.01276	0.10302	0.01612	0.13414	0.02481	0.05366	0.00869	0.00219	0.07661	0.00732	0.00379	0.00703
26	0.01355	0.01173	0.01365	0.01658	0.20110	0.12426	0.01000	0.05415	0.01394	0.07850	0.03966	0.35262	0.02326	0.01140	0.00644	0.00198	0.00562	0.01009	0.00459	0.00689
27	0.14252	0.15514	0.01790	0.01306	0.01598	0.40251	0.01052	0.01975	0.01342	0.01589	0.00847	0.01050	0.00733	0.00643	0.00705	0.00168	0.13842	0.00377	0.00292	0.00673
28	0.14734	0.03912	0.05252	0.10323	0.08855	0.17076	0.01133	0.01635	0.01275	0.01757	0.01554	0.08675	0.01536	0.00901	0.00645	0.00199	0.04296	0.15225	0.00365	0.00652
29	0.01695	0.01215	0.01445	0.01351	0.08128	0.01297	0.00994	0.26802	0.18509	0.10698	0.13994	0.02483	0.02113	0.00849	0.00616	0.00188	0.00521	0.05658	0.00579	0.00863
30	0.00717	0.00583	0.00661	0.00677	0.00835	0.00526	0.00503	0.00873	0.01250	0.01556	0.07688	0.15049	0.51854	0.01946	0.12285	0.00313	0.00491	0.01187	0.00509	0.00495
31	0.00869	0.00645	0.00881	0.12460	0.01264	0.00708	0.00653	0.00988	0.00938	0.01267	0.01754	0.09254	0.01887	0.42244	0.21186	0.00575	0.00828	0.00806	0.00343	0.00449
32	0.16821	0.01170	0.01722	0.22474	0.04255	0.01318	0.13895	0.09629	0.01332	0.02106	0.01159	0.01485	0.00895	0.00618	0.00642	0.00186	0.07027	0.00512	0.12056	0.00697
33	0.71172	0.01111	0.00989	0.12481	0.01561	0.01303	0.00779	0.01676	0.01016	0.02439	0.00844	0.01036	0.00652	0.00546	0.00393	0.00182	0.00499	0.00345	0.00345	0.00632
34	0.01137	0.01070	0.01752	0.44272	0.24877	0.01197	0.01488	0.01476	0.01235	0.01622	0.01787	0.02130	0.12160	0.00698	0.00596	0.00188	0.00677	0.00625	0.00310	0.00704
35	0.00716	0.00567	0.00645	0.00675	0.00816	0.00495	0.00487	0.00871	0.01319	0.01673	0.16701	0.26162	0.43768	0.01524	0.00703	0.00205	0.00303	0.01318	0.00557	0.00495
36	0.01004	0.00605	0.00774	0.00814	0.00948	0.00545	0.00589	0.01142	0.01251	0.12846	0.03594	0.48949	0.17739	0.01574	0.00711	0.00221	0.00363	0.05204	0.00567	0.00558
37	0.03480	0.01258	0.03765	0.18317	0.02121	0.01373	0.01159	0.18047	0.12699	0.16491	0.01636	0.01740	0.02689	0.00827	0.02650	0.00212	0.09667	0.00562	0.00477	0.00828
38	0.01441	0.00734	0.00959	0.00823	0.01078	0.00651	0.00645	0.01684	0.01617	0.28479	0.41933	0.03644	0.11808	0.01054	0.00650	0.00183	0.00355	0.00906	0.00657	0.00699
39	0.01789	0.06207	0.03971	0.01837	0.23588	0.05355	0.01178	0.14731	0.01610	0.19409	0.01615	0.07848	0.01342	0.06025	0.00737	0.00202	0.00619	0.00624	0.00462	0.00849
40	0.01330	0.00830	0.01088	0.00928	0.01212	0.00770	0.00727	0.01532	0.01203	0.18132	0.01881	0.11905	0.03684	0.03547	0.21754	0.00380	0.03982	0.00686	0.00446	0.23984
41	0.02394	0.01054	0.01495	0.01415	0.12745	0.00948	0.00992	0.04144	0.01627	0.62092	0.02086	0.01889	0.01353	0.00688	0.00580	0.00178	0.00523	0.00573	0.02255	0.00971
42	0.01264	0.01172	0.01908	0.13430	0.41154	0.01164	0.04321	0.01567	0.01234	0.01752	0.01254	0.05821	0.01145	0.07057	0.00763	0.00199	0.00646	0.00587	0.00311	0.13247
43	0.01347	0.04018	0.25871	0.01611	0.13065	0.07414	0.01391	0.04747	0.04411	0.01945	0.05167	0.01447	0.01113	0.00566	0.00525	0.00151	0.00666	0.00459	0.00334	0.23752
44	0.01428	0.11087	0.05549	0.05265	0.42251	0.05604	0.12509	0.01772	0.01301	0.01757	0.01082	0.01416	0.00901	0.00727	0.04709	0.00211	0.00802	0.00512	0.00283	0.00832
45	0.01263	0.03465	0.06046	0.01681	0.11633	0.03518	0.18904	0.01633	0.04731	0.05173	0.04101	0.07186	0.10885	0.02806	0.03125	0.00215	0.03876	0.00730	0.01560	0.07469
46	0.11667	0.05545	0.12999	0.01464	0.07903	0.03449	0.08941	0.07369	0.16357	0.02135	0.01838	0.03574	0.08458	0.00711	0.00556	0.00179	0.00612	0.00597	0.00407	0.05241
47	0.10413	0.12834	0.05273	0.08908	0.14390	0.09649	0.15158	0.04330	0.06817	0.01893	0.01119	0.01355	0.00889	0.00601	0.01521	0.00180	0.00748	0.00486	0.00323	0.03113

[dist]
# distance from previous block
# <min> <max>
4	19

[block]
# block no. 8 follows, 40 sequences, length 17
# corresponding to MSA columns:
# 1447-1463
name=unknown_I
#
# <colnr> <probs for GDERKNQSTAVLIFYWHMCP>
#	G	D	E	R	K	N	Q	S	T	A	V	L	I	F	Y	W	H	M	C	P
0	0.01630	0.05674	0.02022	0.19993	0.29381	0.13707	0.01469	0.15464	0.01598	0.02033	0.01091	0.01368	0.00863	0.00579	0.00559	0.00172	0.00755	0.00485	0.00336	0.00821
1	0.05582	0.07163	0.01878	0.11576	0.14170	0.14184	0.08159	0.06825	0.01431	0.01866	0.08884	0.01863	0.05739	0.00718	0.00686	0.00180	0.07439	0.00581	0.00356	0.00720
2	0.13775	0.10761	0.13653	0.06877	0.01576	0.01158	0.00995	0.01650	0.08994	0.05704	0.07537	0.08427	0.14907	0.00890	0.00558	0.00184	0.00517	0.00720	0.00429	0.00689
3	0.01576	0.07123	0.11580	0.01472	0.12543	0.10276	0.01132	0.11577	0.01594	0.09849	0.10884	0.01982	0.04184	0.00714	0.00550	0.00166	0.00605	0.00577	0.10839	0.00777
4	0.09973	0.01548	0.12880	0.06210	0.31208	0.01410	0.01489	0.11734	0.01407	0.02114	0.01188	0.05956	0.01023	0.00682	0.00696	0.00189	0.08580	0.00551	0.00340	0.00821
5	0.01793	0.01570	0.07367	0.07016	0.05808	0.01608	0.01205	0.39338	0.22892	0.02926	0.01602	0.01616	0.01174	0.00695	0.00582	0.00183	0.00618	0.00554	0.00520	0.00931
6	0.07911	0.04422	0.01611	0.01244	0.01647	0.06550	0.01017	0.49010	0.07816	0.03042	0.01389	0.01468	0.01043	0.01032	0.07922	0.00246	0.00726	0.00511	0.00510	0.00883
7	0.00890	0.00693	0.01056	0.01173	0.08214	0.00782	0.00810	0.01100	0.00968	0.01392	0.01527	0.02280	0.01436	0.07767	0.66162	0.00843	0.01424	0.00624	0.00311	0.00549
8	0.01553	0.01418	0.02270	0.03240	0.64991	0.01444	0.01684	0.12445	0.01532	0.02160	0.01138	0.01433	0.00931	0.00545	0.00577	0.00173	0.00683	0.00519	0.00331	0.00931
9	0.01482	0.01292	0.07286	0.16500	0.29511	0.01186	0.08409	0.01827	0.01330	0.14915	0.01514	0.09460	0.01266	0.00698	0.00604	0.00187	0.00676	0.00655	0.00382	0.00819
10	0.01116	0.01392	0.15246	0.09840	0.20819	0.01088	0.10298	0.01455	0.01226	0.01665	0.02105	0.02565	0.15193	0.12378	0.00959	0.00242	0.00672	0.00705	0.00335	0.00699
11	0.01436	0.01030	0.01729	0.01918	0.23451	0.00976	0.11706	0.01701	0.01348	0.17655	0.03400	0.24717	0.02050	0.00989	0.00652	0.00200	0.00575	0.03233	0.00470	0.00764
12	0.01180	0.01390	0.15966	0.01630	0.07282	0.01022	0.21002	0.01541	0.01301	0.07050	0.02314	0.18314	0.10047	0.00989	0.00666	0.00205	0.00659	0.06325	0.00411	0.00707
13	0.01273	0.01606	0.13244	0.02102	0.22951	0.08888	0.16980	0.01627	0.01341	0.01748	0.02117	0.06799	0.15191	0.00784	0.00622	0.00185	0.00719	0.00728	0.00347	0.00749
14	0.01347	0.01457	0.05834	0.15689	0.35596	0.01396	0.26505	0.01764	0.01309	0.01815	0.01110	0.01493	0.00875	0.00521	0.00614	0.00185	0.00812	0.00572	0.00283	0.00825
15	0.01179	0.01112	0.01925	0.23191	0.32817	0.01166	0.08386	0.01496	0.01238	0.01692	0.01549	0.18572	0.01521	0.00819	0.00624	0.00195	0.00664	0.00783	0.00336	0.00734
