[name]
unknown

[dist]
# distance from previous block
# <min> <max>
0	7

[block]
# block no. 0 follows, 48 sequences, length 71
# corresponding to MSA columns:
# 7-77
name=unknown_A
#
# <colnr> <probs for GDERKNQSTAVLIFYWHMCP>
#	G	D	E	R	K	N	Q	S	T	A	V	L	I	F	Y	W	H	M	C	P
0	0.06772	0.01529	0.23233	0.01153	0.01553	0.03491	0.01131	0.08548	0.26268	0.04318	0.01524	0.01858	0.01228	0.00785	0.02978	0.00195	0.04535	0.07786	0.00391	0.00725
1	0.01379	0.63661	0.12967	0.01001	0.01466	0.09534	0.01027	0.01599	0.01088	0.01269	0.00749	0.00868	0.00658	0.00454	0.00364	0.00119	0.00614	0.00294	0.00223	0.00666
2	0.00706	0.00703	0.08259	0.00673	0.00803	0.00528	0.00527	0.00822	0.00954	0.01240	0.02843	0.21808	0.23770	0.32495	0.01382	0.00306	0.00409	0.00971	0.00387	0.00414
3	0.77345	0.01003	0.00794	0.00711	0.01026	0.01163	0.00581	0.01627	0.08401	0.02287	0.00849	0.00939	0.00655	0.00498	0.00338	0.00160	0.00398	0.00307	0.00338	0.00581
4	0.01152	0.31191	0.51847	0.01253	0.01897	0.01492	0.01531	0.01593	0.01069	0.01475	0.00846	0.00990	0.00653	0.00470	0.00431	0.00144	0.00683	0.00342	0.00218	0.00723
5	0.00645	0.00455	0.00589	0.00688	0.00713	0.00430	0.00448	0.00720	0.00943	0.01257	0.02624	0.68473	0.03137	0.15117	0.00984	0.00257	0.00331	0.01339	0.00448	0.00399
6	0.00690	0.00509	0.00645	0.00640	0.00752	0.00464	0.00469	0.00888	0.01324	0.01822	0.53823	0.18320	0.15377	0.01189	0.00615	0.00172	0.00255	0.01048	0.00536	0.00464
7	0.00672	0.00480	0.00649	0.00768	0.00818	0.00457	0.00558	0.00796	0.01029	0.01362	0.02802	0.63972	0.03291	0.01563	0.00667	0.00215	0.00338	0.18656	0.00475	0.00430
8	0.00639	0.00485	0.00590	0.00640	0.00733	0.00435	0.00451	0.00772	0.01134	0.01482	0.18583	0.42423	0.26973	0.01401	0.00630	0.00188	0.00275	0.01237	0.00494	0.00435
9	0.00620	0.00501	0.00552	0.00579	0.00712	0.00433	0.00419	0.00748	0.01143	0.01417	0.10089	0.24464	0.53813	0.01359	0.00619	0.00181	0.00268	0.01167	0.00483	0.00433
10	0.85592	0.00992	0.00754	0.00675	0.00992	0.01151	0.00556	0.01508	0.00873	0.02302	0.00714	0.00834	0.00556	0.00476	0.00318	0.00159	0.00397	0.00278	0.00318	0.00556
11	0.01372	0.82276	0.02689	0.00878	0.01317	0.02030	0.00878	0.01536	0.01043	0.01207	0.00713	0.00823	0.00658	0.00439	0.00329	0.00110	0.00549	0.00274	0.00219	0.00658
12	0.00687	0.00480	0.00569	0.00614	0.00643	0.00461	0.00381	0.00733	0.00877	0.01152	0.02426	0.33163	0.09946	0.43637	0.01674	0.00356	0.00399	0.01049	0.00390	0.00363
13	0.01130	0.01132	0.01506	0.01429	0.07943	0.06128	0.01088	0.01269	0.00864	0.01268	0.00802	0.01246	0.00768	0.01242	0.12235	0.00295	0.58392	0.00456	0.00236	0.00571
14	0.01099	0.00838	0.00936	0.00807	0.01039	0.00863	0.00634	0.22585	0.09131	0.02248	0.32721	0.03159	0.19966	0.00948	0.00571	0.00163	0.00353	0.00797	0.00526	0.00615
15	0.01064	0.00912	0.01064	0.00760	0.01216	0.00684	0.00608	0.01292	0.01064	0.01672	0.00912	0.01064	0.00760	0.00380	0.00380	0.00076	0.00380	0.00304	0.00304	0.85104
16	0.01141	0.01120	0.01788	0.01424	0.01741	0.07178	0.30863	0.08752	0.01282	0.01659	0.01782	0.02594	0.08182	0.01224	0.12184	0.00275	0.00785	0.15076	0.00347	0.00602
17	0.13320	0.00924	0.01424	0.69049	0.03163	0.01142	0.01298	0.01340	0.01004	0.01456	0.00883	0.01290	0.00665	0.00508	0.00484	0.00169	0.00642	0.00430	0.00241	0.00568
18	0.02151	0.01384	0.01307	0.01060	0.01421	0.23217	0.00847	0.11225	0.01577	0.48112	0.01582	0.01453	0.01051	0.00603	0.00501	0.00151	0.00590	0.00457	0.00516	0.00794
19	0.00778	0.00587	0.00839	0.01054	0.12148	0.00554	0.00641	0.00929	0.01109	0.03469	0.15227	0.51166	0.06906	0.01307	0.00619	0.00189	0.00336	0.01182	0.00463	0.00498
20	0.24975	0.26782	0.12783	0.00823	0.01183	0.01265	0.00809	0.01401	0.01013	0.01696	0.07007	0.01408	0.01116	0.07000	0.00555	0.00167	0.00478	0.00399	0.08555	0.00585
21	0.00623	0.00454	0.00588	0.00695	0.00739	0.00418	0.00468	0.00717	0.01001	0.01317	0.03060	0.74131	0.10745	0.01577	0.00650	0.00205	0.00294	0.01422	0.00476	0.00418
22	0.01064	0.00912	0.01064	0.00760	0.01216	0.00684	0.00608	0.01292	0.01064	0.01672	0.00912	0.01064	0.00760	0.00380	0.00380	0.00076	0.00380	0.00304	0.00304	0.85104
23	0.01303	0.22951	0.02846	0.01010	0.01413	0.08945	0.06493	0.08017	0.05851	0.01662	0.03002	0.04309	0.00988	0.00520	0.00429	0.00119	0.00531	0.00414	0.00317	0.28879
24	0.01124	0.00793	0.00875	0.00758	0.00946	0.07438	0.07937	0.05878	0.01202	0.01910	0.01510	0.01736	0.01180	0.00577	0.00401	0.00128	0.00379	0.00477	0.64220	0.00533
25	0.00746	0.00497	0.00560	0.00560	0.00560	0.00497	0.00311	0.00746	0.00746	0.00995	0.01617	0.03358	0.01865	0.81967	0.02612	0.00497	0.00497	0.00746	0.00311	0.00311
26	0.01149	0.01096	0.01865	0.34222	0.48636	0.01187	0.01515	0.01469	0.01111	0.01530	0.00944	0.01309	0.00761	0.00480	0.00510	0.00160	0.00639	0.00457	0.00244	0.00716
27	0.01113	0.18711	0.51382	0.07775	0.08140	0.01361	0.01625	0.01578	0.01077	0.01518	0.00881	0.01067	0.00667	0.00477	0.00459	0.00152	0.00698	0.00370	0.00221	0.00727
28	0.00625	0.00447	0.00595	0.00714	0.00744	0.00417	0.00476	0.00714	0.00982	0.01310	0.02828	0.81633	0.03394	0.01608	0.00655	0.00208	0.00298	0.01459	0.00476	0.00417
29	0.00625	0.00447	0.00595	0.00714	0.00744	0.00417	0.00476	0.00714	0.00982	0.01310	0.02828	0.81633	0.03394	0.01608	0.00655	0.00208	0.00298	0.01459	0.00476	0.00417
30	0.01483	0.03395	0.01788	0.09849	0.35726	0.14063	0.03422	0.01729	0.01205	0.12819	0.01053	0.01270	0.00823	0.00543	0.00616	0.00158	0.08576	0.00444	0.00305	0.00730
31	0.01339	0.01234	0.01189	0.01071	0.01359	0.08967	0.00830	0.02660	0.70368	0.02059	0.01962	0.01818	0.01478	0.00680	0.00516	0.00170	0.00457	0.00556	0.00497	0.00791
32	0.01425	0.74468	0.02568	0.00921	0.01343	0.09647	0.00889	0.01587	0.01083	0.01212	0.00721	0.00833	0.00659	0.00448	0.00342	0.00112	0.00586	0.00280	0.00224	0.00652
33	0.01270	0.01219	0.02083	0.03149	0.78767	0.01219	0.01575	0.01575	0.01168	0.01676	0.00965	0.01270	0.00813	0.00457	0.00508	0.00152	0.00610	0.00457	0.00254	0.00813
34	0.00606	0.00520	0.00520	0.00520	0.00693	0.00433	0.00390	0.00736	0.01170	0.01386	0.05198	0.04938	0.78558	0.01299	0.00606	0.00173	0.00260	0.01083	0.00476	0.00433
35	0.01358	0.01345	0.01807	0.21377	0.41833	0.12721	0.01395	0.08963	0.01297	0.01679	0.00953	0.01240	0.00765	0.00497	0.00503	0.00154	0.00669	0.00439	0.00275	0.00728
36	0.01163	0.01001	0.01529	0.13822	0.01726	0.01267	0.06747	0.01355	0.00928	0.08889	0.00973	0.01372	0.00830	0.01207	0.12725	0.00293	0.42825	0.00483	0.00275	0.00588
37	0.00722	0.00524	0.00679	0.00641	0.00764	0.00482	0.00480	0.00959	0.01441	0.02031	0.75628	0.03876	0.07726	0.01059	0.00605	0.00162	0.00243	0.00934	0.00561	0.00482
38	0.00643	0.00462	0.00587	0.00674	0.00715	0.00431	0.00446	0.00728	0.00981	0.01296	0.05165	0.61774	0.09874	0.12568	0.00917	0.00243	0.00320	0.01312	0.00456	0.00406
39	0.00956	0.00478	0.00478	0.00478	0.00598	0.00478	0.00359	0.01196	0.01076	0.01913	0.01674	0.01913	0.01315	0.00598	0.00359	0.00120	0.00239	0.00478	0.84816	0.00478
40	0.01276	0.01102	0.01160	0.01044	0.01334	0.01276	0.00812	0.02727	0.77840	0.02146	0.02088	0.01914	0.01566	0.00696	0.00522	0.00174	0.00406	0.00580	0.00522	0.00812
41	0.85592	0.00992	0.00754	0.00675	0.00992	0.01151	0.00556	0.01508	0.00873	0.02302	0.00714	0.00834	0.00556	0.00476	0.00318	0.00159	0.00397	0.00278	0.00318	0.00556
42	0.01917	0.02445	0.01454	0.01322	0.01586	0.79907	0.00991	0.02049	0.01454	0.01256	0.00793	0.00925	0.00661	0.00529	0.00463	0.00132	0.00925	0.00330	0.00264	0.00595
43	0.00702	0.00513	0.00659	0.00644	0.00757	0.00470	0.00475	0.00913	0.01363	0.01897	0.61732	0.14583	0.11082	0.01147	0.00612	0.00169	0.00251	0.01014	0.00545	0.00470
44	0.78332	0.00948	0.00730	0.00658	0.00958	0.01093	0.00539	0.01481	0.00891	0.02269	0.00797	0.00926	0.00621	0.00487	0.00321	0.00155	0.00383	0.00295	0.07565	0.00549
45	0.01654	0.01210	0.01221	0.00981	0.01297	0.05688	0.00794	0.50351	0.01963	0.02731	0.01338	0.01416	0.00992	0.00606	0.00465	0.00143	0.00489	0.00459	0.25465	0.00740
46	0.04575	0.09516	0.10646	0.09140	0.10019	0.15799	0.21052	0.03840	0.01245	0.07903	0.01003	0.01203	0.00760	0.00490	0.00500	0.00154	0.00729	0.00444	0.00288	0.00694
47	0.01246	0.12404	0.45002	0.01430	0.05694	0.01322	0.06139	0.12169	0.01283	0.03990	0.01050	0.04119	0.00818	0.00540	0.00486	0.00156	0.00677	0.00439	0.00285	0.00751
48	0.01082	0.01088	0.00948	0.00933	0.01093	0.22971	0.00734	0.01274	0.01269	0.01519	0.20024	0.03341	0.07937	0.01426	0.12171	0.00271	0.00662	0.20346	0.00407	0.00505
49	0.00737	0.00568	0.00814	0.01002	0.10438	0.00544	0.00621	0.00899	0.01128	0.01555	0.23231	0.47262	0.03386	0.01400	0.03735	0.00213	0.00363	0.01154	0.00465	0.00486
50	0.02639	0.34806	0.46974	0.01213	0.01834	0.01530	0.01461	0.01587	0.01063	0.01468	0.00833	0.00974	0.00652	0.00468	0.00421	0.00141	0.00667	0.00335	0.00220	0.00714
51	0.00875	0.00889	0.11519	0.00867	0.01055	0.00689	0.00747	0.09097	0.01194	0.01627	0.10494	0.33531	0.02646	0.12006	0.00880	0.00233	0.00432	0.10275	0.00432	0.00513
52	0.00625	0.00447	0.00595	0.00714	0.00744	0.00417	0.00476	0.00714	0.00982	0.01310	0.02828	0.81633	0.03394	0.01608	0.00655	0.00208	0.00298	0.01459	0.00476	0.00417
53	0.01103	0.01237	0.09303	0.21149	0.32819	0.04948	0.05906	0.01412	0.01114	0.01504	0.01230	0.13591	0.01152	0.00652	0.00533	0.00167	0.00625	0.00606	0.00279	0.00670
54	0.19278	0.08379	0.07508	0.01140	0.01483	0.42696	0.00954	0.07783	0.01347	0.03867	0.00850	0.00958	0.00672	0.00517	0.00429	0.00141	0.00730	0.00334	0.00298	0.00634
55	0.00606	0.00520	0.00520	0.00520	0.00693	0.00433	0.00390	0.00736	0.01170	0.01386	0.05198	0.04938	0.78558	0.01299	0.00606	0.00173	0.00260	0.01083	0.00476	0.00433
56	0.01998	0.01154	0.01339	0.01049	0.01437	0.01197	0.00859	0.35176	0.13029	0.34661	0.01687	0.01546	0.01139	0.00636	0.00516	0.00159	0.00488	0.00502	0.00565	0.00864
57	0.12640	0.24051	0.01678	0.01108	0.07946	0.01417	0.00862	0.14232	0.08766	0.01916	0.00993	0.01096	0.00803	0.00507	0.00456	0.00132	0.03639	0.00364	0.00331	0.17064
58	0.01892	0.01775	0.01483	0.01222	0.01572	0.29597	0.00970	0.45042	0.07316	0.02450	0.01134	0.01170	0.00845	0.00590	0.00496	0.00148	0.00683	0.00423	0.00425	0.00769
59	0.00675	0.00490	0.00636	0.00668	0.00752	0.00452	0.00475	0.00843	0.01230	0.01690	0.40955	0.37963	0.08644	0.01309	0.00627	0.00183	0.00267	0.01170	0.00521	0.00452
60	0.01016	0.00966	0.01367	0.01204	0.01229	0.01317	0.00991	0.01148	0.00796	0.01223	0.00866	0.01367	0.00841	0.01707	0.23130	0.00389	0.59197	0.00477	0.00238	0.00533
61	0.00626	0.00525	0.00548	0.00555	0.00723	0.00446	0.00425	0.00767	0.01178	0.01416	0.07094	0.04970	0.70795	0.01301	0.00614	0.00178	0.00275	0.06645	0.00479	0.00438
62	0.00935	0.00744	0.00866	0.00797	0.00982	0.00785	0.00609	0.01637	0.30505	0.02091	0.49435	0.03103	0.03596	0.00915	0.00574	0.00166	0.00304	0.00796	0.00549	0.00609
63	0.01319	0.01264	0.02185	0.02825	0.60136	0.01263	0.13415	0.08060	0.01282	0.01805	0.01000	0.01285	0.00812	0.00467	0.00524	0.00156	0.00646	0.00481	0.00277	0.00799
64	0.85592	0.00992	0.00754	0.00675	0.00992	0.01151	0.00556	0.01508	0.00873	0.02302	0.00714	0.00834	0.00556	0.00476	0.00318	0.00159	0.00397	0.00278	0.00318	0.00556
65	0.01372	0.82276	0.02689	0.00878	0.01317	0.02030	0.00878	0.01536	0.01043	0.01207	0.00713	0.00823	0.00658	0.00439	0.00329	0.00110	0.00549	0.00274	0.00219	0.00658
66	0.00858	0.00571	0.00759	0.00805	0.00906	0.00577	0.00631	0.01051	0.02981	0.05518	0.02296	0.15402	0.03850	0.15662	0.13509	0.00360	0.00579	0.30402	0.02820	0.00464
67	0.01372	0.82276	0.02689	0.00878	0.01317	0.02030	0.00878	0.01536	0.01043	0.01207	0.00713	0.00823	0.00658	0.00439	0.00329	0.00110	0.00549	0.00274	0.00219	0.00658
68	0.01424	0.26488	0.12141	0.01054	0.01467	0.03673	0.02980	0.17996	0.03373	0.08157	0.01554	0.01876	0.07111	0.00672	0.00481	0.00152	0.00557	0.07770	0.00372	0.00703
69	0.24545	0.14166	0.10830	0.04164	0.01504	0.24770	0.00954	0.01794	0.01172	0.10471	0.00920	0.01015	0.00701	0.00507	0.00414	0.00144	0.00638	0.00339	0.00307	0.00645
70	0.00906	0.08634	0.00961	0.00747	0.00894	0.00807	0.00566	0.05205	0.04501	0.01362	0.02060	0.05844	0.12817	0.28415	0.11984	0.00365	0.03722	0.05264	0.00354	0.04591

[dist]
# distance from previous block
# <min> <max>
0	9

[block]
# block no. 1 follows, 48 sequences, length 7
# corresponding to MSA columns:
# 87-93
name=unknown_B
#
# <colnr> <probs for GDERKNQSTAVLIFYWHMCP>
#	G	D	E	R	K	N	Q	S	T	A	V	L	I	F	Y	W	H	M	C	P
0	0.01222	0.41027	0.07222	0.01206	0.11795	0.05418	0.00961	0.01505	0.04542	0.01523	0.17278	0.01591	0.01604	0.00590	0.00438	0.00134	0.00519	0.00461	0.00313	0.00653
1	0.00773	0.00587	0.00750	0.00745	0.00761	0.00658	0.00509	0.00829	0.00819	0.01129	0.01755	0.22754	0.02016	0.42085	0.08712	0.00410	0.13118	0.00863	0.00336	0.00390
2	0.01198	0.01154	0.01126	0.00849	0.01274	0.13181	0.00668	0.01411	0.01126	0.01606	0.00893	0.01042	0.00744	0.00403	0.00393	0.00085	0.00466	0.00308	0.00298	0.71774
3	0.00988	0.08187	0.61232	0.01271	0.01913	0.01134	0.01583	0.01478	0.01094	0.01556	0.01580	0.01672	0.12940	0.00612	0.00495	0.00160	0.00664	0.00482	0.00258	0.00700
4	0.01029	0.14566	0.10756	0.01177	0.06310	0.01134	0.04843	0.01475	0.12978	0.01451	0.01259	0.01585	0.01075	0.01913	0.33461	0.00432	0.03160	0.00483	0.00294	0.00620
5	0.00744	0.00595	0.00778	0.03111	0.09243	0.00570	0.00582	0.00909	0.03240	0.01395	0.08073	0.30080	0.23238	0.13982	0.00923	0.00233	0.00363	0.01048	0.00427	0.00467
6	0.01288	0.01100	0.01067	0.00920	0.01183	0.08843	0.00719	0.23403	0.17869	0.02146	0.12490	0.02632	0.19954	0.03325	0.00608	0.00172	0.00450	0.00691	0.00482	0.00660

[dist]
# distance from previous block
# <min> <max>
3	41

[block]
# block no. 2 follows, 48 sequences, length 90
# corresponding to MSA columns:
# 135-224
name=unknown_C
#
# <colnr> <probs for GDERKNQSTAVLIFYWHMCP>
#	G	D	E	R	K	N	Q	S	T	A	V	L	I	F	Y	W	H	M	C	P
0	0.85592	0.00992	0.00754	0.00675	0.00992	0.01151	0.00556	0.01508	0.00873	0.02302	0.00714	0.00834	0.00556	0.00476	0.00318	0.00159	0.00397	0.00278	0.00318	0.00556
1	0.01335	0.31995	0.29336	0.01289	0.01816	0.15778	0.08703	0.01671	0.01148	0.01405	0.00832	0.00988	0.00668	0.00472	0.00436	0.00138	0.00721	0.00354	0.00231	0.00685
2	0.00732	0.00494	0.00575	0.00589	0.00596	0.00494	0.00344	0.00750	0.00777	0.01040	0.01746	0.12313	0.02016	0.69331	0.05736	0.00478	0.00512	0.00820	0.00328	0.00329
3	0.01364	0.01303	0.01981	0.04262	0.67531	0.07874	0.01487	0.01651	0.01203	0.04997	0.00996	0.01263	0.00817	0.00472	0.00505	0.00151	0.00630	0.00449	0.00271	0.00793
4	0.00652	0.00521	0.00570	0.00564	0.00709	0.00455	0.00417	0.00799	0.01198	0.01510	0.21512	0.04577	0.53077	0.08090	0.00779	0.00200	0.00282	0.03169	0.00482	0.00436
5	0.51666	0.01110	0.01034	0.00850	0.01204	0.01236	0.00701	0.23826	0.01392	0.11190	0.01013	0.01053	0.00729	0.00535	0.00397	0.00157	0.00451	0.00359	0.00411	0.00684
6	0.00665	0.00475	0.00637	0.00735	0.00788	0.00448	0.00522	0.00793	0.01071	0.01439	0.12970	0.61461	0.03531	0.01508	0.00655	0.00206	0.00313	0.10861	0.00488	0.00433
7	0.00647	0.00525	0.00578	0.00598	0.00746	0.00461	0.00451	0.00810	0.02337	0.01457	0.10825	0.14818	0.55262	0.01319	0.00620	0.00182	0.00283	0.07154	0.00484	0.00444
8	0.01327	0.01464	0.01541	0.01341	0.01409	0.21768	0.01089	0.01445	0.00958	0.01240	0.00704	0.01072	0.00670	0.00803	0.01369	0.00201	0.60376	0.00418	0.00235	0.00570
9	0.85592	0.00992	0.00754	0.00675	0.00992	0.01151	0.00556	0.01508	0.00873	0.02302	0.00714	0.00834	0.00556	0.00476	0.00318	0.00159	0.00397	0.00278	0.00318	0.00556
10	0.01130	0.01154	0.01363	0.01209	0.01268	0.11962	0.00981	0.01263	0.00887	0.01226	0.00870	0.01326	0.00829	0.01609	0.21692	0.00367	0.49622	0.00459	0.00243	0.00539
11	0.01211	0.01384	0.03028	0.02163	0.02682	0.01298	0.76903	0.01644	0.01211	0.01644	0.01038	0.01384	0.00779	0.00433	0.00606	0.00173	0.00865	0.00606	0.00260	0.00692
12	0.00674	0.00519	0.00588	0.00586	0.00731	0.00451	0.00434	0.00831	0.01231	0.03003	0.25340	0.14049	0.47228	0.01255	0.00610	0.00174	0.00263	0.01076	0.00504	0.00454
13	0.00762	0.00616	0.00716	0.00635	0.00854	0.00512	0.00481	0.00947	0.01211	0.01653	0.25712	0.09931	0.30367	0.01013	0.00552	0.00148	0.00289	0.00867	0.00458	0.22277
14	0.01209	0.00998	0.01131	0.00839	0.01268	0.00862	0.00674	0.14003	0.05764	0.01951	0.01174	0.01268	0.03367	0.00468	0.00418	0.00098	0.00408	0.00372	0.00357	0.63370
15	0.00880	0.00453	0.00680	0.00680	0.00687	0.00460	0.00460	0.00687	0.00680	0.00913	0.00927	0.01593	0.00920	0.01935	0.07751	0.78860	0.00514	0.00453	0.00227	0.00240
16	0.62881	0.12132	0.01068	0.00753	0.01073	0.08401	0.00630	0.01548	0.00958	0.02042	0.00763	0.00887	0.00612	0.00481	0.00334	0.00148	0.00459	0.00291	0.03969	0.00570
17	0.01516	0.61189	0.02363	0.00995	0.01388	0.22601	0.00908	0.01672	0.01151	0.01220	0.00734	0.00850	0.00659	0.00463	0.00364	0.00116	0.00648	0.00289	0.00231	0.00642
18	0.07717	0.00877	0.01198	0.01418	0.21087	0.00861	0.00886	0.01526	0.07611	0.12130	0.01772	0.07988	0.03736	0.07673	0.00708	0.00196	0.00466	0.12861	0.00401	0.08890
19	0.14375	0.34308	0.09271	0.01047	0.01440	0.26852	0.00959	0.01733	0.01165	0.03609	0.00796	0.00908	0.00660	0.00484	0.00391	0.00131	0.00664	0.00310	0.00260	0.00638
20	0.01885	0.00938	0.01171	0.00942	0.01277	0.00906	0.00765	0.20858	0.01645	0.44263	0.07283	0.10008	0.01691	0.00784	0.00542	0.00165	0.00442	0.03071	0.00578	0.00786
21	0.00633	0.00453	0.00603	0.00709	0.00746	0.00422	0.00477	0.00735	0.01020	0.01370	0.08894	0.75395	0.03510	0.01563	0.00651	0.00205	0.00293	0.01416	0.00483	0.00422
22	0.00702	0.00680	0.07185	0.07570	0.01118	0.00564	0.00687	0.00870	0.01007	0.01366	0.06424	0.57656	0.02846	0.01572	0.06982	0.00248	0.00452	0.01183	0.00422	0.00465
23	0.01280	0.01450	0.12030	0.02023	0.12590	0.01255	0.43637	0.01665	0.01170	0.08179	0.01062	0.01337	0.00799	0.00505	0.00676	0.00173	0.08634	0.00535	0.00282	0.00719
24	0.00904	0.00506	0.00730	0.04145	0.00851	0.00507	0.00516	0.00829	0.00845	0.04479	0.08400	0.02089	0.07879	0.01736	0.07878	0.56030	0.00496	0.00555	0.00298	0.00327
25	0.01585	0.01209	0.02398	0.01734	0.02212	0.01111	0.50810	0.01937	0.01299	0.28193	0.01376	0.01508	0.00947	0.00502	0.00575	0.00168	0.00718	0.00575	0.00388	0.00754
26	0.01064	0.01011	0.01544	0.30718	0.30995	0.04447	0.01263	0.01351	0.01156	0.01529	0.08422	0.02031	0.07815	0.00647	0.00534	0.00164	0.00581	0.03790	0.00302	0.00638
27	0.01204	0.08716	0.10768	0.25808	0.28511	0.03491	0.07852	0.04795	0.01170	0.01571	0.00934	0.01236	0.00737	0.00483	0.00498	0.00156	0.00672	0.00441	0.00251	0.00706
28	0.00713	0.00523	0.00742	0.03040	0.00946	0.00543	0.00632	0.00871	0.00983	0.01327	0.02322	0.38552	0.02596	0.02192	0.23967	0.00395	0.00665	0.18137	0.00409	0.00446
29	0.09520	0.54765	0.05571	0.00974	0.01380	0.17802	0.00914	0.01642	0.01112	0.01340	0.00739	0.00856	0.00649	0.00463	0.00362	0.00121	0.00620	0.00291	0.00238	0.00640
30	0.01189	0.00772	0.00844	0.00728	0.00933	0.00807	0.00572	0.23436	0.01566	0.02338	0.21350	0.02208	0.02094	0.00719	0.00468	0.00140	0.00336	0.00589	0.38314	0.00596
31	0.01372	0.82276	0.02689	0.00878	0.01317	0.02030	0.00878	0.01536	0.01043	0.01207	0.00713	0.00823	0.00658	0.00439	0.00329	0.00110	0.00549	0.00274	0.00219	0.00658
32	0.00617	0.00517	0.00536	0.00538	0.00701	0.00437	0.00401	0.00754	0.01184	0.01437	0.10972	0.08172	0.69393	0.01293	0.00608	0.00174	0.00260	0.01087	0.00484	0.00437
33	0.00632	0.00477	0.00584	0.00650	0.00732	0.00429	0.00452	0.00751	0.01092	0.01420	0.12387	0.50242	0.25389	0.01453	0.00635	0.00193	0.00280	0.01287	0.00487	0.00429
34	0.00670	0.00522	0.00609	0.00587	0.00732	0.00460	0.00440	0.00860	0.01321	0.01745	0.44374	0.04347	0.39159	0.01166	0.00606	0.00167	0.00250	0.01000	0.00524	0.00460
35	0.01404	0.01081	0.01244	0.01050	0.01320	0.01233	0.00846	0.35594	0.16444	0.02298	0.01418	0.01604	0.01126	0.01654	0.25382	0.00370	0.04272	0.00512	0.00428	0.00718
36	0.85592	0.00992	0.00754	0.00675	0.00992	0.01151	0.00556	0.01508	0.00873	0.02302	0.00714	0.00834	0.00556	0.00476	0.00318	0.00159	0.00397	0.00278	0.00318	0.00556
37	0.01123	0.01123	0.01572	0.01347	0.01347	0.01572	0.01123	0.01235	0.00786	0.01235	0.00674	0.01123	0.00674	0.00898	0.01684	0.00225	0.81028	0.00449	0.00225	0.00561
38	0.01310	0.01087	0.01160	0.01032	0.01314	0.01238	0.00803	0.13306	0.59375	0.02222	0.02037	0.09625	0.01645	0.00774	0.00534	0.00174	0.00418	0.00649	0.00516	0.00782
39	0.01123	0.01123	0.01572	0.01347	0.01347	0.01572	0.01123	0.01235	0.00786	0.01235	0.00674	0.01123	0.00674	0.00898	0.01684	0.00225	0.81028	0.00449	0.00225	0.00561
40	0.01173	0.01203	0.08166	0.03977	0.40324	0.02518	0.01235	0.09784	0.01319	0.01798	0.06266	0.02155	0.14081	0.00687	0.00535	0.00160	0.00541	0.03026	0.00342	0.00711
41	0.01587	0.09565	0.01408	0.01108	0.01375	0.34556	0.00863	0.21043	0.01557	0.01773	0.01347	0.18794	0.01318	0.00780	0.00505	0.00152	0.00657	0.00608	0.00371	0.00633
42	0.01653	0.22193	0.01820	0.11887	0.01769	0.01626	0.01002	0.46150	0.01851	0.02430	0.01062	0.01155	0.00799	0.00556	0.00463	0.00144	0.00572	0.00413	0.01685	0.00770
43	0.00756	0.00541	0.00638	0.00603	0.00762	0.00476	0.00456	0.00946	0.01326	0.05862	0.41464	0.04219	0.37796	0.01140	0.00601	0.00167	0.00260	0.00976	0.00529	0.00482
44	0.01122	0.00934	0.01036	0.11206	0.01372	0.06414	0.00747	0.17457	0.05558	0.01963	0.24672	0.02652	0.10625	0.07648	0.04161	0.00217	0.00497	0.00692	0.00444	0.00583
45	0.01200	0.03465	0.28496	0.08628	0.21973	0.06751	0.10965	0.01704	0.07650	0.01618	0.01028	0.01248	0.00790	0.00500	0.00525	0.00161	0.01854	0.00447	0.00262	0.00736
46	0.00825	0.00674	0.00984	0.01153	0.13870	0.00713	0.00732	0.01006	0.01031	0.01443	0.15768	0.10320	0.08353	0.08758	0.26930	0.00416	0.05409	0.00746	0.00360	0.00510
47	0.10328	0.05686	0.37333	0.01232	0.01762	0.11959	0.01327	0.17362	0.01386	0.01976	0.00970	0.01091	0.00717	0.00521	0.00459	0.00152	0.00670	0.00379	0.03969	0.00722
48	0.76395	0.07887	0.00937	0.02632	0.01081	0.01225	0.00604	0.01506	0.00891	0.02185	0.00719	0.00846	0.00568	0.00474	0.00323	0.00155	0.00417	0.00282	0.00307	0.00565
49	0.01205	0.01139	0.01932	0.17195	0.62528	0.01181	0.01508	0.01514	0.01139	0.01617	0.00978	0.01309	0.00806	0.00472	0.00504	0.00155	0.00611	0.00458	0.02991	0.00758
50	0.00718	0.00510	0.00640	0.00652	0.00734	0.00515	0.00463	0.00848	0.00963	0.01332	0.08996	0.13774	0.15234	0.20377	0.24366	0.00438	0.00643	0.00836	0.07543	0.00419
51	0.00729	0.00495	0.00587	0.00603	0.00615	0.00499	0.00361	0.00756	0.00784	0.01054	0.01758	0.13690	0.02020	0.64615	0.08911	0.00487	0.00545	0.00825	0.00330	0.00338
52	0.00645	0.00515	0.00578	0.00575	0.00720	0.00448	0.00426	0.00807	0.01242	0.01590	0.27898	0.10913	0.49338	0.01247	0.00610	0.00172	0.00257	0.01065	0.00504	0.00448
53	0.01917	0.02445	0.01454	0.01322	0.01586	0.79907	0.00991	0.02049	0.01454	0.01256	0.00793	0.00925	0.00661	0.00529	0.00463	0.00132	0.00925	0.00330	0.00264	0.00595
54	0.01064	0.00912	0.01064	0.00760	0.01216	0.00684	0.00608	0.01292	0.01064	0.01672	0.00912	0.01064	0.00760	0.00380	0.00380	0.00076	0.00380	0.00304	0.00304	0.85104
55	0.78495	0.01030	0.00821	0.00718	0.01043	0.01188	0.00591	0.07918	0.01004	0.02381	0.00758	0.00867	0.00583	0.00488	0.00334	0.00158	0.00411	0.00293	0.00334	0.00583
56	0.01828	0.01376	0.01471	0.01156	0.01544	0.01534	0.00946	0.63534	0.16134	0.03036	0.01388	0.01356	0.00999	0.00631	0.00515	0.00158	0.00536	0.00483	0.00515	0.00862
57	0.02039	0.00807	0.01083	0.00851	0.01198	0.00705	0.00695	0.02245	0.01434	0.65288	0.09222	0.01958	0.01611	0.00671	0.00511	0.00156	0.00401	0.00552	0.07771	0.00803
58	0.01276	0.01102	0.01160	0.01044	0.01334	0.01276	0.00812	0.02727	0.77840	0.02146	0.02088	0.01914	0.01566	0.00696	0.00522	0.00174	0.00406	0.00580	0.00522	0.00812
59	0.85592	0.00992	0.00754	0.00675	0.00992	0.01151	0.00556	0.01508	0.00873	0.02302	0.00714	0.00834	0.00556	0.00476	0.00318	0.00159	0.00397	0.00278	0.00318	0.00556
60	0.02180	0.00837	0.01126	0.00873	0.01245	0.00729	0.00718	0.02382	0.01433	0.72103	0.01992	0.01762	0.01274	0.00632	0.00502	0.00155	0.00419	0.00513	0.08288	0.00837
61	0.00741	0.00519	0.00669	0.00669	0.00707	0.00557	0.00448	0.00817	0.00779	0.01076	0.01516	0.02802	0.01624	0.49610	0.34639	0.00633	0.00861	0.00665	0.00296	0.00372
62	0.01311	0.01391	0.02826	0.02029	0.02534	0.01337	0.66600	0.11877	0.01374	0.01859	0.01064	0.01363	0.00791	0.00457	0.00593	0.00170	0.00824	0.00586	0.00294	0.00717
63	0.01232	0.00907	0.01081	0.00781	0.01229	0.00694	0.00628	0.01456	0.01119	0.12182	0.01063	0.01157	0.00829	0.00415	0.00398	0.00087	0.00388	0.00333	0.00349	0.73674
64	0.00861	0.00451	0.00671	0.00681	0.00688	0.00454	0.00459	0.00685	0.00703	0.00942	0.01077	0.08183	0.01118	0.01878	0.06047	0.73588	0.00483	0.00535	0.00246	0.00251
65	0.01338	0.00992	0.01334	0.01105	0.01378	0.07186	0.14210	0.07965	0.05572	0.17953	0.06336	0.24290	0.06223	0.00925	0.00577	0.00174	0.00502	0.00835	0.00465	0.00641
66	0.01382	0.01075	0.01212	0.00910	0.01336	0.00995	0.00735	0.22827	0.08247	0.05260	0.01151	0.01214	0.00883	0.00485	0.00436	0.00110	0.00437	0.00381	0.00396	0.50529
67	0.01524	0.18765	0.17057	0.01408	0.05390	0.28167	0.08671	0.09014	0.02579	0.01580	0.00897	0.01042	0.00712	0.00500	0.00462	0.00141	0.00751	0.00378	0.00273	0.00690
68	0.01524	0.01005	0.01254	0.02715	0.07327	0.00901	0.00795	0.13583	0.02602	0.21309	0.01293	0.02537	0.00961	0.00514	0.00454	0.00120	0.00446	0.00419	0.00421	0.39820
69	0.00944	0.00796	0.00857	0.00783	0.01013	0.00823	0.00602	0.01673	0.34605	0.01848	0.16175	0.03221	0.28154	0.00944	0.00557	0.00166	0.00327	0.00795	0.00502	0.05216
70	0.01064	0.00912	0.01064	0.00760	0.01216	0.00684	0.00608	0.01292	0.01064	0.01672	0.00912	0.01064	0.00760	0.00380	0.00380	0.00076	0.00380	0.00304	0.00304	0.85104
71	0.01732	0.01329	0.01417	0.01136	0.01508	0.01489	0.00922	0.52972	0.26852	0.02881	0.01509	0.01453	0.01097	0.00642	0.00516	0.00160	0.00513	0.00500	0.00516	0.00853
72	0.00746	0.00497	0.00560	0.00560	0.00560	0.00497	0.00311	0.00746	0.00746	0.00995	0.01617	0.03358	0.01865	0.81967	0.02612	0.00497	0.00497	0.00746	0.00311	0.00311
73	0.00754	0.00564	0.00725	0.00795	0.00929	0.00535	0.00669	0.00959	0.01201	0.01536	0.09876	0.05372	0.25337	0.01352	0.00670	0.00211	0.00390	0.47182	0.00481	0.00462
74	0.00625	0.00447	0.00595	0.00714	0.00744	0.00417	0.00476	0.00714	0.00982	0.01310	0.02828	0.81633	0.03394	0.01608	0.00655	0.00208	0.00298	0.01459	0.00476	0.00417
75	0.00810	0.00578	0.00807	0.00925	0.01036	0.00576	0.00797	0.01033	0.01164	0.01516	0.02726	0.12223	0.02990	0.01434	0.00704	0.00234	0.00458	0.69047	0.00473	0.00468
76	0.02302	0.00873	0.01191	0.00913	0.01310	0.00754	0.00754	0.02501	0.01469	0.79122	0.02024	0.01746	0.01270	0.00635	0.00516	0.00159	0.00437	0.00516	0.00635	0.00873
77	0.00660	0.00502	0.00607	0.00622	0.00736	0.00449	0.00451	0.00824	0.01234	0.01637	0.34211	0.24848	0.28796	0.01280	0.00619	0.00178	0.00263	0.01120	0.00512	0.00449
78	0.01510	0.01241	0.02306	0.01692	0.02140	0.01204	0.45604	0.07196	0.07841	0.19132	0.01350	0.01491	0.00959	0.00528	0.00607	0.00170	0.03328	0.00568	0.00383	0.00751
79	0.57173	0.01122	0.01175	0.01430	0.23879	0.04591	0.00874	0.01551	0.00985	0.02073	0.00792	0.00966	0.00636	0.00473	0.00380	0.00156	0.00482	0.00333	0.00297	0.00633
80	0.01850	0.08353	0.01733	0.01331	0.05735	0.14810	0.08214	0.33586	0.01787	0.15751	0.01219	0.01251	0.00876	0.00563	0.00498	0.00149	0.00634	0.00446	0.00429	0.00787
81	0.01618	0.01401	0.01875	0.02046	0.32053	0.05589	0.07654	0.36962	0.01770	0.02381	0.01087	0.01243	0.00830	0.00533	0.00516	0.00154	0.00627	0.00465	0.00376	0.00819
82	0.00657	0.00522	0.00590	0.00573	0.00724	0.00455	0.00430	0.00834	0.01289	0.01669	0.36103	0.04472	0.47477	0.01194	0.00606	0.00168	0.00252	0.01018	0.00514	0.00455
83	0.00803	0.00545	0.00720	0.00683	0.00815	0.00505	0.00525	0.01043	0.01430	0.05360	0.68746	0.03908	0.04526	0.01062	0.00610	0.00168	0.00270	0.07221	0.00560	0.00500
84	0.00648	0.00490	0.00599	0.00639	0.00736	0.00440	0.00453	0.00792	0.01168	0.01541	0.24698	0.37576	0.25633	0.01362	0.00627	0.00185	0.00271	0.01201	0.00501	0.00440
85	0.00733	0.00550	0.00825	0.00825	0.00916	0.00641	0.00641	0.00916	0.00825	0.01191	0.01374	0.02016	0.01283	0.03848	0.79934	0.00825	0.01374	0.00550	0.00275	0.00458
86	0.00757	0.00573	0.00705	0.00663	0.00805	0.00545	0.00500	0.01087	0.07897	0.01978	0.62504	0.03813	0.14127	0.01052	0.00598	0.00164	0.00258	0.00919	0.00550	0.00505
87	0.00733	0.00550	0.00825	0.00825	0.00916	0.00641	0.00641	0.00916	0.00825	0.01191	0.01374	0.02016	0.01283	0.03848	0.79934	0.00825	0.01374	0.00550	0.00275	0.00458
88	0.01091	0.13351	0.62440	0.01443	0.02137	0.01314	0.08122	0.01615	0.01089	0.01570	0.00903	0.01074	0.00662	0.00476	0.00476	0.00156	0.00739	0.00384	0.00221	0.00739
89	0.00953	0.05624	0.58622	0.01250	0.01850	0.01059	0.01529	0.01423	0.01080	0.01546	0.01600	0.10184	0.09736	0.00698	0.00512	0.00166	0.00643	0.00570	0.00274	0.00681

[dist]
# distance from previous block
# <min> <max>
0	5

[block]
# block no. 3 follows, 48 sequences, length 14
# corresponding to MSA columns:
# 230-243
name=unknown_D
#
# <colnr> <probs for GDERKNQSTAVLIFYWHMCP>
#	G	D	E	R	K	N	Q	S	T	A	V	L	I	F	Y	W	H	M	C	P
0	0.01247	0.01280	0.01754	0.18742	0.32667	0.11017	0.01350	0.01487	0.01071	0.01429	0.00855	0.01208	0.00730	0.00596	0.00819	0.00173	0.22227	0.00439	0.00242	0.00667
1	0.08402	0.39796	0.08344	0.01046	0.01429	0.26262	0.00959	0.01670	0.01150	0.01346	0.00789	0.00939	0.00682	0.00649	0.04473	0.00162	0.00714	0.00315	0.00244	0.00628
2	0.85592	0.00992	0.00754	0.00675	0.00992	0.01151	0.00556	0.01508	0.00873	0.02302	0.00714	0.00834	0.00556	0.00476	0.00318	0.00159	0.00397	0.00278	0.00318	0.00556
3	0.01222	0.01487	0.15777	0.02761	0.58284	0.01222	0.08557	0.01590	0.01157	0.01664	0.00964	0.01248	0.00781	0.00460	0.00513	0.00156	0.00659	0.00457	0.00248	0.00792
4	0.01750	0.00919	0.01138	0.00933	0.01286	0.00877	0.00758	0.02301	0.22528	0.42167	0.01959	0.02026	0.01421	0.00682	0.00516	0.00159	0.00424	0.06378	0.00550	0.11229
5	0.01585	0.02307	0.19908	0.01503	0.01927	0.47679	0.14578	0.01879	0.01325	0.01410	0.00866	0.01043	0.00679	0.00502	0.00494	0.00146	0.00876	0.00390	0.00252	0.00650
6	0.00726	0.00524	0.00686	0.00646	0.00767	0.00484	0.00484	0.00968	0.01452	0.02058	0.78496	0.03833	0.04841	0.01049	0.00605	0.00161	0.00242	0.00928	0.00565	0.00484
7	0.01071	0.01421	0.23570	0.00978	0.01332	0.10535	0.00971	0.03154	0.01332	0.06531	0.30123	0.02635	0.12623	0.00820	0.00546	0.00159	0.00498	0.00679	0.00418	0.00604
8	0.00827	0.00591	0.00827	0.00945	0.01063	0.00591	0.00827	0.01063	0.01181	0.01536	0.02717	0.05788	0.02953	0.01417	0.00709	0.00236	0.00472	0.75313	0.00472	0.00472
9	0.01677	0.01295	0.01359	0.01096	0.01439	0.04737	0.00892	0.53293	0.10010	0.02814	0.10913	0.01817	0.01520	0.00710	0.00532	0.00160	0.00520	0.03921	0.00508	0.00788
10	0.01059	0.02477	0.69770	0.01671	0.11676	0.01195	0.01856	0.01619	0.01094	0.01631	0.00926	0.01106	0.00670	0.00484	0.00490	0.00161	0.00740	0.00389	0.00221	0.00765
11	0.00704	0.00470	0.00606	0.00658	0.00687	0.00451	0.00428	0.00750	0.00939	0.01267	0.11887	0.40432	0.02851	0.23537	0.01351	0.10764	0.00364	0.01071	0.00411	0.00372
12	0.01465	0.23005	0.01970	0.10145	0.07210	0.03129	0.06661	0.24344	0.06889	0.01964	0.01029	0.01184	0.00811	0.00560	0.00569	0.00152	0.07422	0.00426	0.00337	0.00728
13	0.01306	0.01332	0.02118	0.02690	0.54717	0.08905	0.14286	0.01592	0.01181	0.01594	0.00957	0.01269	0.00796	0.00520	0.00588	0.04005	0.00677	0.00469	0.00255	0.00744

[dist]
# distance from previous block
# <min> <max>
0	28

# created by:
# /home/cegg/simao/soft/augustus-3.2.1/scripts/msa2prfl.pl ./align_prep/22904.fa
