[name]
unknown

[dist]
# distance from previous block
# <min> <max>
0	112

[block]
# block no. 0 follows, 51 sequences, length 41
# corresponding to MSA columns:
# 144-184
name=unknown_A
#
# <colnr> <probs for GDERKNQSTAVLIFYWHMCP>
#	G	D	E	R	K	N	Q	S	T	A	V	L	I	F	Y	W	H	M	C	P
0	0.01048	0.00769	0.01114	0.01391	0.22767	0.00757	0.00828	0.08221	0.01199	0.08831	0.06980	0.35583	0.03582	0.01014	0.00561	0.00173	0.00406	0.03762	0.00420	0.00591
1	0.01611	0.03620	0.01377	0.04567	0.18824	0.00991	0.00929	0.14664	0.04027	0.30936	0.07920	0.04129	0.02911	0.00632	0.00499	0.00151	0.00465	0.00536	0.00462	0.00751
2	0.01266	0.00984	0.01276	0.25316	0.04083	0.01067	0.00949	0.25476	0.04442	0.05158	0.14038	0.01658	0.01436	0.00603	0.00492	0.00146	0.00495	0.00504	0.00393	0.10218
3	0.21644	0.01094	0.01639	0.13553	0.26396	0.02696	0.12645	0.04033	0.01109	0.09256	0.00972	0.01183	0.00737	0.00469	0.00458	0.00153	0.00571	0.00421	0.00298	0.00671
4	0.09161	0.01009	0.01568	0.22409	0.36819	0.01061	0.01221	0.01624	0.02674	0.16115	0.01099	0.01299	0.00820	0.00489	0.00473	0.00153	0.00549	0.00435	0.00315	0.00707
5	0.01392	0.01103	0.04311	0.02092	0.42028	0.01040	0.06095	0.05688	0.04177	0.17491	0.01345	0.04787	0.01095	0.00580	0.00510	0.00156	0.00542	0.04459	0.00358	0.00752
6	0.16866	0.00741	0.00864	0.00768	0.00968	0.00794	0.00600	0.09807	0.01082	0.10471	0.06887	0.01842	0.01343	0.10922	0.30251	0.00420	0.00747	0.00503	0.00360	0.03765
7	0.01199	0.00846	0.04292	0.06450	0.19562	0.00761	0.00902	0.01446	0.01249	0.20114	0.22717	0.02608	0.07782	0.00772	0.00536	0.00160	0.00425	0.07103	0.00440	0.00636
8	0.01161	0.00926	0.01086	0.14151	0.01471	0.03543	0.00790	0.22186	0.10971	0.02140	0.30536	0.02227	0.02319	0.00735	0.00519	0.00153	0.00426	0.00619	0.03420	0.00620
9	0.01354	0.01074	0.03650	0.01305	0.03806	0.03330	0.22882	0.13443	0.01354	0.15875	0.04496	0.07751	0.01441	0.03956	0.00625	0.00177	0.00569	0.09102	0.00402	0.03409
10	0.09472	0.00886	0.01091	0.18325	0.01614	0.00863	0.00771	0.08535	0.01151	0.08974	0.01049	0.01211	0.00797	0.00463	0.00408	0.00118	0.00438	0.00369	0.08156	0.35307
11	0.01216	0.01168	0.01995	0.03016	0.79664	0.01168	0.01508	0.01508	0.01119	0.01605	0.00924	0.01216	0.00778	0.00438	0.00487	0.00146	0.00584	0.00438	0.00243	0.00778
12	0.00646	0.00478	0.00604	0.00666	0.00750	0.00442	0.00489	0.00784	0.01077	0.01415	0.15987	0.38518	0.19068	0.03829	0.00675	0.00198	0.00301	0.13191	0.00465	0.00419
13	0.00928	0.00873	0.01474	0.81548	0.03385	0.01092	0.01365	0.01256	0.00983	0.01256	0.00873	0.01310	0.00655	0.00491	0.00491	0.00164	0.00655	0.00437	0.00218	0.00546
14	0.01396	0.03453	0.10193	0.01932	0.36007	0.01214	0.01236	0.23048	0.01443	0.05120	0.01020	0.01173	0.00786	0.00482	0.00469	0.00139	0.00556	0.00414	0.00328	0.09591
15	0.01822	0.01354	0.01449	0.01121	0.01506	0.01502	0.00923	0.72648	0.07763	0.03023	0.01238	0.01226	0.00883	0.00595	0.00492	0.00149	0.00530	0.00451	0.00492	0.00832
16	0.00588	0.00471	0.00526	0.00570	0.00683	0.00409	0.00405	0.00697	0.01051	0.01299	0.04099	0.34824	0.49938	0.01359	0.00599	0.00179	0.00263	0.01177	0.00456	0.00409
17	0.01154	0.01462	0.22772	0.03171	0.12135	0.01113	0.14722	0.01838	0.22693	0.05841	0.06928	0.01561	0.01229	0.00556	0.00509	0.00159	0.00579	0.00511	0.00346	0.00720
18	0.00898	0.00745	0.00881	0.00680	0.01010	0.00585	0.00534	0.01112	0.01125	0.01676	0.21925	0.02021	0.08175	0.00605	0.00439	0.00102	0.00320	0.00510	0.00371	0.56287
19	0.86201	0.00950	0.00722	0.00646	0.00950	0.01102	0.00532	0.01445	0.00836	0.02205	0.00684	0.00798	0.00532	0.00456	0.00304	0.00152	0.00380	0.00266	0.00304	0.00532
20	0.01285	0.00986	0.01333	0.01563	0.25880	0.01031	0.00956	0.04211	0.30004	0.12055	0.13637	0.01884	0.01703	0.00637	0.00507	0.00156	0.00434	0.00559	0.00439	0.00739
21	0.00679	0.00502	0.00635	0.00601	0.00724	0.00457	0.00451	0.00896	0.01353	0.01881	0.69002	0.03819	0.15095	0.01038	0.00580	0.00156	0.00234	0.00909	0.00529	0.00457
22	0.01140	0.00560	0.00737	0.00719	0.00868	0.00508	0.00527	0.01275	0.01098	0.26116	0.02342	0.47947	0.02387	0.01138	0.00554	0.00175	0.00321	0.01007	0.10040	0.00543
23	0.00581	0.00498	0.00498	0.00498	0.00664	0.00415	0.00373	0.00705	0.01120	0.01328	0.04978	0.04729	0.79464	0.01245	0.00581	0.00166	0.00249	0.01037	0.00456	0.00415
24	0.00594	0.00448	0.00549	0.00631	0.00699	0.00404	0.00432	0.00690	0.00992	0.01275	0.03359	0.60148	0.25091	0.01455	0.00614	0.00190	0.00275	0.01294	0.00456	0.00404
25	0.00599	0.00428	0.00570	0.00684	0.00713	0.00399	0.00456	0.00684	0.00941	0.01254	0.02709	0.82409	0.03250	0.01540	0.00627	0.00200	0.00285	0.01397	0.00456	0.00399
26	0.05099	0.01191	0.01298	0.01037	0.01395	0.01303	0.00844	0.43480	0.22094	0.14786	0.01493	0.01412	0.01057	0.00608	0.00487	0.00153	0.00476	0.00473	0.00505	0.00809
27	0.70566	0.01029	0.00862	0.00736	0.01057	0.01181	0.00607	0.15642	0.01110	0.02370	0.00776	0.00869	0.00588	0.00481	0.00339	0.00151	0.00410	0.00299	0.00339	0.00588
28	0.28070	0.01093	0.01329	0.07154	0.22873	0.01165	0.00956	0.18870	0.01281	0.02109	0.00898	0.01061	0.00700	0.00474	0.00417	0.00141	0.00490	0.00368	0.00323	0.10228
29	0.00852	0.00741	0.01051	0.00965	0.01010	0.00957	0.00768	0.00984	0.00768	0.01140	0.01070	0.01710	0.01048	0.10005	0.41828	0.00531	0.33353	0.00506	0.00247	0.00465
30	0.01000	0.00895	0.01462	0.23924	0.32144	0.00965	0.01233	0.01277	0.01077	0.01457	0.01432	0.02601	0.01387	0.00752	0.00574	0.00178	0.02391	0.24342	0.00302	0.00606
31	0.86201	0.00950	0.00722	0.00646	0.00950	0.01102	0.00532	0.01445	0.00836	0.02205	0.00684	0.00798	0.00532	0.00456	0.00304	0.00152	0.00380	0.00266	0.00304	0.00532
32	0.01216	0.01168	0.01995	0.03016	0.79664	0.01168	0.01508	0.01508	0.01119	0.01605	0.00924	0.01216	0.00778	0.00438	0.00487	0.00146	0.00584	0.00438	0.00243	0.00778
33	0.00928	0.00873	0.01474	0.81548	0.03385	0.01092	0.01365	0.01256	0.00983	0.01256	0.00873	0.01310	0.00655	0.00491	0.00491	0.00164	0.00655	0.00437	0.00218	0.00546
34	0.00772	0.00487	0.00588	0.00563	0.00678	0.00462	0.00422	0.01003	0.01267	0.01923	0.52541	0.03036	0.03471	0.00855	0.00498	0.00141	0.00231	0.00740	0.29861	0.00462
35	0.00642	0.00500	0.00582	0.00562	0.00701	0.00441	0.00421	0.00823	0.01264	0.01670	0.44574	0.04166	0.39655	0.01117	0.00580	0.00160	0.00240	0.00958	0.00501	0.00441
36	0.00680	0.00477	0.00550	0.00594	0.00684	0.00443	0.00427	0.00802	0.00999	0.01344	0.03074	0.25542	0.26686	0.13229	0.00851	0.00220	0.00312	0.09451	0.13229	0.00404
37	0.00852	0.00622	0.00749	0.00781	0.00895	0.00642	0.00558	0.02772	0.20496	0.04996	0.02467	0.57017	0.02673	0.01261	0.00587	0.00188	0.00322	0.01127	0.00475	0.00522
38	0.01211	0.01181	0.02072	0.02935	0.73065	0.01174	0.08045	0.01514	0.01122	0.01603	0.00930	0.01226	0.00776	0.00436	0.00495	0.00148	0.00605	0.00450	0.00244	0.00769
39	0.00932	0.00807	0.01365	0.03519	0.01404	0.00759	0.23549	0.01255	0.05305	0.06350	0.27818	0.02929	0.20250	0.00827	0.00568	0.00161	0.00446	0.00776	0.00426	0.00553
40	0.00655	0.00495	0.00721	0.00760	0.00817	0.00468	0.05385	0.00755	0.00931	0.01242	0.02446	0.64698	0.02888	0.11979	0.00869	0.00234	0.00350	0.03479	0.00422	0.00404

[dist]
# distance from previous block
# <min> <max>
0	1

[block]
# block no. 1 follows, 51 sequences, length 36
# corresponding to MSA columns:
# 186-221
name=unknown_B
#
# <colnr> <probs for GDERKNQSTAVLIFYWHMCP>
#	G	D	E	R	K	N	Q	S	T	A	V	L	I	F	Y	W	H	M	C	P
0	0.01186	0.05398	0.08656	0.02923	0.14513	0.10803	0.02828	0.01559	0.08853	0.01564	0.00975	0.01120	0.00786	0.00440	0.00423	0.00114	0.00526	0.00360	0.00285	0.36686
1	0.01868	0.01376	0.01475	0.01131	0.01524	0.01524	0.00934	0.78025	0.02311	0.03097	0.01180	0.01180	0.00836	0.00590	0.00492	0.00147	0.00541	0.00442	0.00492	0.00836
2	0.86201	0.00950	0.00722	0.00646	0.00950	0.01102	0.00532	0.01445	0.00836	0.02205	0.00684	0.00798	0.00532	0.00456	0.00304	0.00152	0.00380	0.00266	0.00304	0.00532
3	0.00599	0.00428	0.00570	0.00684	0.00713	0.00399	0.00456	0.00684	0.00941	0.01254	0.02709	0.82409	0.03250	0.01540	0.00627	0.00200	0.00285	0.01397	0.00456	0.00399
4	0.00606	0.00437	0.00573	0.00669	0.00712	0.00405	0.00452	0.00705	0.00986	0.01316	0.08975	0.71992	0.07390	0.01481	0.00621	0.00194	0.00279	0.01337	0.00463	0.00405
5	0.01195	0.00590	0.00793	0.00739	0.00912	0.00528	0.00553	0.01348	0.01199	0.29698	0.17914	0.37502	0.02799	0.01097	0.00570	0.00173	0.00322	0.00970	0.00528	0.00569
6	0.00687	0.00502	0.00645	0.00609	0.00729	0.00460	0.00457	0.00911	0.01371	0.01923	0.73866	0.03750	0.10206	0.01023	0.00580	0.00155	0.00233	0.00900	0.00535	0.00460
7	0.01019	0.00840	0.00930	0.00849	0.01067	0.00922	0.00658	0.03510	0.45897	0.01992	0.26727	0.02675	0.07171	0.00825	0.00535	0.00164	0.00336	0.02725	0.00509	0.00649
8	0.86201	0.00950	0.00722	0.00646	0.00950	0.01102	0.00532	0.01445	0.00836	0.02205	0.00684	0.00798	0.00532	0.00456	0.00304	0.00152	0.00380	0.00266	0.00304	0.00532
9	0.01019	0.00873	0.01019	0.00728	0.01165	0.00655	0.00582	0.01237	0.01019	0.01601	0.00873	0.01019	0.00728	0.00364	0.00364	0.00073	0.00364	0.00291	0.00291	0.85734
10	0.00709	0.00501	0.00659	0.00659	0.00701	0.00543	0.00451	0.00793	0.00751	0.01044	0.01436	0.02594	0.01517	0.44481	0.40380	0.00628	0.00883	0.00624	0.00281	0.00366
11	0.01266	0.01599	0.33119	0.01357	0.10695	0.01050	0.01254	0.07940	0.12737	0.13644	0.01418	0.09317	0.01138	0.00631	0.00496	0.00159	0.00554	0.00529	0.00363	0.00733
12	0.00713	0.00497	0.00619	0.00606	0.00704	0.00458	0.00431	0.00873	0.01187	0.03736	0.45225	0.14143	0.12986	0.14573	0.00901	0.00215	0.00286	0.00935	0.00481	0.00432
13	0.01836	0.02342	0.01393	0.01266	0.01519	0.80756	0.00950	0.01962	0.01393	0.01203	0.00760	0.00886	0.00633	0.00506	0.00443	0.00127	0.00886	0.00317	0.00253	0.00570
14	0.86201	0.00950	0.00722	0.00646	0.00950	0.01102	0.00532	0.01445	0.00836	0.02205	0.00684	0.00798	0.00532	0.00456	0.00304	0.00152	0.00380	0.00266	0.00304	0.00532
15	0.00692	0.00502	0.00652	0.00614	0.00732	0.00462	0.00461	0.00920	0.01383	0.01951	0.77086	0.03704	0.06968	0.01012	0.00580	0.00155	0.00232	0.00893	0.00538	0.00462
16	0.01019	0.00873	0.01019	0.00728	0.01165	0.00655	0.00582	0.01237	0.01019	0.01601	0.00873	0.01019	0.00728	0.00364	0.00364	0.00073	0.00364	0.00291	0.00291	0.85734
17	0.00612	0.00438	0.00582	0.00675	0.00716	0.00408	0.00457	0.00717	0.01001	0.01350	0.12909	0.71936	0.03435	0.01468	0.00621	0.00194	0.00278	0.01329	0.00467	0.00408
18	0.01044	0.00992	0.01684	0.49841	0.34182	0.01122	0.01423	0.01358	0.01038	0.01397	0.00894	0.01272	0.00705	0.00470	0.00489	0.00157	0.00626	0.00437	0.00228	0.00640
19	0.00928	0.00873	0.01474	0.81548	0.03385	0.01092	0.01365	0.01256	0.00983	0.01256	0.00873	0.01310	0.00655	0.00491	0.00491	0.00164	0.00655	0.00437	0.00218	0.00546
20	0.00696	0.00502	0.00657	0.00618	0.00734	0.00464	0.00464	0.00927	0.01391	0.01971	0.79405	0.03671	0.04637	0.01005	0.00580	0.00155	0.00232	0.00889	0.00541	0.00464
21	0.01681	0.26218	0.01743	0.01140	0.01443	0.57435	0.00917	0.01817	0.01276	0.01189	0.00737	0.00857	0.00632	0.00481	0.00405	0.00120	0.00779	0.00301	0.00240	0.00588
22	0.01201	0.00997	0.01341	0.00970	0.01407	0.00849	0.11249	0.11027	0.01220	0.05480	0.00979	0.01112	0.00767	0.00411	0.00416	0.00099	0.00453	0.00359	0.00326	0.59338
23	0.01098	0.00869	0.01430	0.70818	0.03101	0.01043	0.01279	0.01407	0.01039	0.11729	0.01015	0.01358	0.00730	0.00507	0.00492	0.00162	0.00624	0.00444	0.00270	0.00585
24	0.00702	0.00527	0.00790	0.00790	0.00878	0.00614	0.00614	0.00878	0.00790	0.01141	0.01316	0.01931	0.01229	0.03686	0.80782	0.00790	0.01316	0.00527	0.00263	0.00439
25	0.00662	0.00486	0.00621	0.00620	0.00722	0.00444	0.00452	0.00850	0.01264	0.01745	0.54647	0.20939	0.12427	0.01147	0.00590	0.00166	0.00245	0.01016	0.00513	0.00444
26	0.00612	0.00499	0.00541	0.00530	0.00683	0.00428	0.00398	0.00765	0.01193	0.01501	0.25000	0.04445	0.59335	0.01180	0.00580	0.00163	0.00244	0.00997	0.00479	0.00428
27	0.01595	0.00701	0.00945	0.00771	0.01044	0.00618	0.00618	0.01802	0.01400	0.48498	0.33215	0.02479	0.02597	0.00768	0.00529	0.00153	0.00343	0.00653	0.00581	0.00686
28	0.01222	0.01056	0.01111	0.01000	0.01278	0.01222	0.00778	0.02611	0.78776	0.02056	0.02000	0.01833	0.01500	0.00667	0.00500	0.00167	0.00389	0.00556	0.00500	0.00778
29	0.01839	0.01362	0.01458	0.01125	0.01513	0.01510	0.00927	0.74599	0.05784	0.03050	0.01217	0.01210	0.00866	0.00593	0.00492	0.00148	0.00534	0.00448	0.00492	0.00833
30	0.01258	0.01073	0.01131	0.01007	0.01292	0.01239	0.00786	0.06784	0.74545	0.02113	0.01955	0.01797	0.01463	0.00662	0.00500	0.00166	0.00397	0.00549	0.00500	0.00781
31	0.01595	0.04182	0.01615	0.04904	0.25698	0.50904	0.01135	0.01781	0.01281	0.01328	0.00813	0.01002	0.00679	0.00482	0.00455	0.00133	0.00774	0.00357	0.00248	0.00635
32	0.00632	0.00500	0.00568	0.00551	0.00695	0.00436	0.00413	0.00804	0.01240	0.01612	0.37919	0.04261	0.46346	0.01138	0.00580	0.00161	0.00241	0.00971	0.00494	0.00436
33	0.00968	0.31228	0.01334	0.00686	0.00855	0.03305	0.00538	0.01042	0.00844	0.01047	0.01190	0.02168	0.01290	0.44904	0.06473	0.00348	0.00558	0.00524	0.00262	0.00438
34	0.01130	0.08288	0.12303	0.01168	0.10610	0.19268	0.00913	0.01366	0.01228	0.03418	0.19059	0.02260	0.15568	0.00730	0.00497	0.00145	0.00527	0.00593	0.00351	0.00577
35	0.01174	0.00840	0.00936	0.00816	0.00985	0.00897	0.00606	0.31676	0.01405	0.01877	0.01575	0.08460	0.01602	0.37015	0.01405	0.00303	0.00486	0.07007	0.00400	0.00534

[dist]
# distance from previous block
# <min> <max>
3	15

[block]
# block no. 2 follows, 51 sequences, length 14
# corresponding to MSA columns:
# 237-250
name=unknown_C
#
# <colnr> <probs for GDERKNQSTAVLIFYWHMCP>
#	G	D	E	R	K	N	Q	S	T	A	V	L	I	F	Y	W	H	M	C	P
0	0.01063	0.00608	0.00779	0.00726	0.00895	0.00571	0.00546	0.01342	0.08153	0.20017	0.29126	0.25759	0.06324	0.01046	0.00566	0.00169	0.00306	0.00919	0.00525	0.00558
1	0.04628	0.01658	0.22902	0.01305	0.04236	0.05957	0.07665	0.30553	0.05165	0.09436	0.01140	0.01199	0.00811	0.00532	0.00483	0.00151	0.00613	0.00429	0.00376	0.00760
2	0.18507	0.17536	0.04250	0.09049	0.14717	0.07764	0.06546	0.11251	0.01197	0.01758	0.00845	0.01022	0.00674	0.00466	0.00416	0.00139	0.00574	0.00363	0.00279	0.02647
3	0.00631	0.00485	0.00550	0.00557	0.00665	0.00434	0.00393	0.00754	0.01089	0.01400	0.20776	0.15231	0.39094	0.14676	0.00904	0.00219	0.00288	0.01002	0.00449	0.00404
4	0.03654	0.06926	0.07682	0.01388	0.10506	0.11843	0.06202	0.07987	0.27673	0.01765	0.01242	0.01320	0.00966	0.00576	0.00577	0.00156	0.08037	0.00449	0.00346	0.00704
5	0.01292	0.75797	0.06222	0.00919	0.01357	0.01877	0.04150	0.01480	0.01007	0.01193	0.00706	0.00823	0.00635	0.00422	0.00334	0.00110	0.00548	0.00281	0.00212	0.00636
6	0.08337	0.11912	0.35037	0.01366	0.09584	0.08686	0.01318	0.12854	0.01255	0.03982	0.00908	0.01030	0.00681	0.00483	0.00439	0.00144	0.00637	0.00361	0.00277	0.00708
7	0.01145	0.08151	0.01254	0.03273	0.01263	0.01042	0.05134	0.22027	0.06804	0.01854	0.01871	0.11750	0.08452	0.01159	0.08983	0.00232	0.02783	0.09412	0.02809	0.00601
8	0.00715	0.00476	0.00536	0.00536	0.00536	0.00476	0.00298	0.00715	0.00715	0.00953	0.01548	0.03216	0.01787	0.82729	0.02501	0.00476	0.00476	0.00715	0.00298	0.00298
9	0.25741	0.00931	0.04707	0.02669	0.09362	0.00915	0.03995	0.04166	0.09559	0.01884	0.14737	0.03707	0.13057	0.00724	0.00474	0.00158	0.00404	0.01847	0.00385	0.00578
10	0.01121	0.00979	0.01640	0.23020	0.41162	0.01023	0.03477	0.01411	0.01130	0.06004	0.09287	0.01727	0.01270	0.00563	0.00510	0.00156	0.00557	0.03994	0.00299	0.00670
11	0.01558	0.09874	0.01445	0.01057	0.01401	0.05602	0.00865	0.36766	0.31770	0.02390	0.01424	0.01377	0.01061	0.00598	0.00474	0.00149	0.00498	0.00461	0.00453	0.00778
12	0.01238	0.00937	0.01246	0.09762	0.16587	0.02510	0.00917	0.18027	0.01349	0.08993	0.01650	0.20849	0.03053	0.00813	0.00525	0.00161	0.00474	0.04466	0.00397	0.06046
13	0.01450	0.13444	0.22001	0.01573	0.19644	0.08436	0.01255	0.13165	0.01321	0.11636	0.01030	0.01131	0.00768	0.00493	0.00455	0.00142	0.00612	0.00390	0.00314	0.00741

[dist]
# distance from previous block
# <min> <max>
5	16

[block]
# block no. 3 follows, 51 sequences, length 11
# corresponding to MSA columns:
# 267-277
name=unknown_D
#
# <colnr> <probs for GDERKNQSTAVLIFYWHMCP>
#	G	D	E	R	K	N	Q	S	T	A	V	L	I	F	Y	W	H	M	C	P
0	0.04539	0.25187	0.26723	0.01178	0.07321	0.01309	0.01140	0.01650	0.12934	0.03916	0.08522	0.01361	0.01168	0.00537	0.00435	0.00142	0.00536	0.00419	0.00303	0.00681
1	0.12827	0.18563	0.01526	0.00940	0.01325	0.01354	0.00808	0.32448	0.01608	0.22195	0.01203	0.01173	0.00850	0.00541	0.00430	0.00140	0.00485	0.00394	0.00437	0.00753
2	0.00913	0.05153	0.00876	0.00850	0.00982	0.03854	0.00699	0.01088	0.01100	0.07235	0.02403	0.26939	0.02620	0.01268	0.00621	0.00202	0.00423	0.41849	0.00444	0.00480
3	0.00713	0.00479	0.00548	0.00544	0.00556	0.00475	0.00315	0.00736	0.00783	0.01056	0.09422	0.03262	0.02075	0.74465	0.02307	0.00444	0.00452	0.00732	0.00322	0.00315
4	0.00709	0.00519	0.00681	0.00722	0.00835	0.00491	0.00580	0.00910	0.01209	0.01619	0.31914	0.12505	0.13399	0.01228	0.00624	0.00189	0.00326	0.30607	0.00487	0.00446
5	0.01430	0.31923	0.04810	0.01368	0.04934	0.22449	0.19154	0.05840	0.01219	0.01406	0.00821	0.00989	0.00676	0.00453	0.00433	0.00131	0.00702	0.00372	0.00247	0.00643
6	0.01268	0.12289	0.14355	0.01674	0.02154	0.14750	0.43315	0.01624	0.01160	0.01454	0.00897	0.01138	0.00693	0.00439	0.00505	0.00150	0.00783	0.00461	0.00238	0.00653
7	0.15740	0.14241	0.10943	0.00858	0.01224	0.01062	0.00801	0.07465	0.04548	0.13822	0.16522	0.01617	0.01552	0.00595	0.00437	0.00140	0.00434	0.00463	0.00392	0.07144
8	0.01183	0.17838	0.17299	0.00934	0.01338	0.06266	0.00915	0.09379	0.05590	0.05341	0.01890	0.01888	0.18301	0.00654	0.00456	0.00137	0.00500	0.00508	0.00340	0.09244
9	0.02843	0.06001	0.09931	0.01089	0.03214	0.09767	0.06290	0.07620	0.11693	0.11074	0.12313	0.09817	0.01669	0.00704	0.00517	0.00154	0.01719	0.00592	0.00401	0.02590
10	0.01352	0.01349	0.15564	0.05042	0.22912	0.01115	0.08499	0.07015	0.13678	0.13998	0.01268	0.01361	0.00929	0.00514	0.00492	0.00152	0.00568	0.00462	0.00353	0.03376

[dist]
# distance from previous block
# <min> <max>
0	6

[block]
# block no. 4 follows, 51 sequences, length 50
# corresponding to MSA columns:
# 284-333
name=unknown_E
#
# <colnr> <probs for GDERKNQSTAVLIFYWHMCP>
#	G	D	E	R	K	N	Q	S	T	A	V	L	I	F	Y	W	H	M	C	P
0	0.01417	0.01669	0.21739	0.01598	0.13725	0.09616	0.10585	0.19076	0.01410	0.07280	0.02385	0.01208	0.00823	0.00527	0.00548	0.00153	0.04754	0.00436	0.00321	0.00729
1	0.01211	0.33680	0.09340	0.10856	0.09736	0.03233	0.12465	0.01485	0.01078	0.04229	0.04158	0.01162	0.00859	0.00465	0.00429	0.00133	0.00595	0.00395	0.00253	0.04240
2	0.01111	0.01210	0.18414	0.00979	0.02769	0.00810	0.03760	0.02959	0.05192	0.09989	0.11903	0.01669	0.04640	0.00560	0.00459	0.00125	0.00452	0.00471	0.00360	0.32166
3	0.00952	0.03797	0.01257	0.01587	0.30044	0.00862	0.00905	0.01316	0.11725	0.01592	0.12724	0.27222	0.02197	0.00896	0.00540	0.00165	0.00411	0.00814	0.00386	0.00609
4	0.01076	0.00864	0.01121	0.01168	0.13199	0.00830	0.00804	0.13527	0.03653	0.01876	0.14378	0.05875	0.01945	0.00773	0.00516	0.00148	0.00419	0.15525	0.00402	0.21899
5	0.01261	0.07264	0.24668	0.03746	0.15346	0.01158	0.18053	0.05853	0.01184	0.10981	0.01131	0.05152	0.00888	0.00524	0.00497	0.00154	0.00640	0.00488	0.00299	0.00713
6	0.01140	0.01606	0.27023	0.06595	0.36420	0.03588	0.07808	0.01523	0.01103	0.03105	0.01010	0.01382	0.00822	0.00498	0.00496	0.00155	0.00653	0.04105	0.00249	0.00718
7	0.00772	0.00621	0.00905	0.21512	0.01483	0.00637	0.03930	0.00948	0.01022	0.04218	0.02720	0.27224	0.23998	0.05191	0.00668	0.00192	0.00411	0.02698	0.00384	0.00465
8	0.01140	0.01302	0.11943	0.12587	0.47480	0.01145	0.09315	0.03221	0.01133	0.01599	0.03775	0.01305	0.00881	0.00470	0.00498	0.00152	0.00622	0.00459	0.00253	0.00720
9	0.02495	0.02961	0.10429	0.03742	0.30630	0.05412	0.11409	0.06277	0.01197	0.07761	0.01276	0.10701	0.02285	0.00606	0.00507	0.00155	0.00591	0.00561	0.00312	0.00692
10	0.00807	0.04790	0.00912	0.04313	0.08409	0.00697	0.00641	0.03814	0.07769	0.01462	0.05715	0.37742	0.18765	0.01142	0.00565	0.00175	0.00350	0.01005	0.00422	0.00507
11	0.01160	0.01326	0.02900	0.02071	0.02568	0.01243	0.77879	0.01574	0.01160	0.01574	0.00994	0.01326	0.00746	0.00414	0.00580	0.00166	0.00829	0.00580	0.00249	0.00663
12	0.01269	0.28322	0.10280	0.01834	0.27547	0.01462	0.13171	0.07723	0.01174	0.01569	0.00872	0.01071	0.00713	0.00444	0.00443	0.00137	0.00614	0.00395	0.00250	0.00711
13	0.01347	0.08234	0.14060	0.04897	0.16414	0.03248	0.15598	0.12330	0.01304	0.10586	0.02985	0.04685	0.00979	0.00541	0.00495	0.00151	0.00612	0.00493	0.00327	0.00713
14	0.00640	0.00481	0.00592	0.00605	0.00710	0.00434	0.00438	0.00804	0.01199	0.01611	0.39422	0.25189	0.23657	0.01211	0.00593	0.00170	0.00251	0.01064	0.00496	0.00434
15	0.26731	0.58450	0.02020	0.00783	0.01168	0.01692	0.00748	0.01463	0.00950	0.01470	0.00684	0.00791	0.00601	0.00431	0.00312	0.00119	0.00482	0.00264	0.00238	0.00601
16	0.10080	0.16110	0.01643	0.03331	0.22065	0.08003	0.00993	0.08982	0.09764	0.12768	0.01126	0.01199	0.00858	0.00507	0.00436	0.00141	0.00531	0.00400	0.00347	0.00717
17	0.01237	0.00670	0.00852	0.00760	0.00968	0.00617	0.00581	0.07911	0.01294	0.25999	0.15480	0.29104	0.07285	0.01016	0.00553	0.00166	0.00340	0.00885	0.00515	0.03768
18	0.00595	0.00444	0.00553	0.00641	0.00701	0.00403	0.00437	0.00689	0.00983	0.01272	0.03237	0.64313	0.21004	0.01471	0.00616	0.00192	0.00277	0.01313	0.00456	0.00403
19	0.00964	0.00794	0.01177	0.01562	0.30019	0.00785	0.00881	0.01276	0.08485	0.04859	0.11680	0.24886	0.08768	0.00918	0.00548	0.00166	0.00401	0.00830	0.00398	0.00603
20	0.01363	0.09337	0.01241	0.00802	0.01222	0.00872	0.00666	0.07713	0.01201	0.17847	0.01098	0.01143	0.00827	0.00438	0.00396	0.00098	0.00406	0.00342	0.00364	0.52622
21	0.01192	0.01536	0.28939	0.01080	0.01466	0.05036	0.02462	0.15482	0.02791	0.06051	0.07749	0.01762	0.01282	0.16695	0.00929	0.00218	0.03858	0.00506	0.00337	0.00631
22	0.00603	0.00468	0.00550	0.00600	0.00699	0.00415	0.00427	0.00722	0.01063	0.01352	0.10185	0.39232	0.37545	0.01358	0.00604	0.00181	0.00268	0.02850	0.00463	0.00413
23	0.01379	0.03055	0.01610	0.01588	0.18624	0.10433	0.11424	0.20764	0.03500	0.05201	0.01373	0.14818	0.01255	0.00694	0.00519	0.00157	0.00576	0.01977	0.00369	0.00683
24	0.01306	0.01252	0.01878	0.06681	0.63089	0.06594	0.01408	0.08800	0.01244	0.01702	0.00935	0.01195	0.00768	0.00460	0.00484	0.00146	0.00604	0.00430	0.00266	0.00758
25	0.01463	0.40272	0.04969	0.00988	0.01349	0.19497	0.00885	0.14585	0.01325	0.01564	0.04139	0.01061	0.00864	0.00574	0.02237	0.00137	0.00615	0.00347	0.02487	0.00640
26	0.01210	0.07383	0.07878	0.01931	0.39071	0.01055	0.02919	0.01490	0.01094	0.06420	0.00953	0.01145	0.00767	0.00428	0.00440	0.00124	0.00524	0.00384	0.00274	0.24508
27	0.00643	0.00487	0.00613	0.00664	0.00749	0.00457	0.00486	0.00780	0.01083	0.01428	0.17721	0.39704	0.21227	0.01335	0.00635	0.00186	0.02146	0.08764	0.00466	0.00424
28	0.00662	0.00461	0.00585	0.00659	0.00687	0.00446	0.00441	0.00734	0.00885	0.01175	0.02292	0.45731	0.02691	0.29783	0.01286	0.00299	0.00372	0.10041	0.00401	0.00370
29	0.01207	0.00800	0.01076	0.09240	0.12163	0.00836	0.00812	0.01685	0.17148	0.15089	0.08828	0.02092	0.01592	0.00758	0.02892	0.00173	0.00435	0.05685	0.16849	0.00641
30	0.01390	0.01398	0.10176	0.01720	0.09189	0.01278	0.33322	0.20666	0.01420	0.07292	0.01063	0.01256	0.00784	0.00509	0.00602	0.00161	0.06226	0.00494	0.00327	0.00726
31	0.00702	0.00527	0.00790	0.00790	0.00878	0.00614	0.00614	0.00878	0.00790	0.01141	0.01316	0.01931	0.01229	0.03686	0.80782	0.00790	0.01316	0.00527	0.00263	0.00439
32	0.00597	0.00433	0.00565	0.00670	0.00709	0.00400	0.00450	0.00686	0.00955	0.01260	0.02888	0.76282	0.09262	0.01516	0.00624	0.00197	0.00282	0.01369	0.00456	0.00400
33	0.01215	0.01172	0.02021	0.02989	0.77396	0.01170	0.03755	0.01510	0.01120	0.01605	0.00926	0.01219	0.00777	0.00437	0.00489	0.00147	0.00591	0.00442	0.00243	0.00775
34	0.01582	0.01237	0.01298	0.01067	0.01404	0.03133	0.00857	0.39890	0.37138	0.04659	0.01565	0.01485	0.01144	0.00624	0.00494	0.00156	0.00476	0.00493	0.00493	0.00803
35	0.01009	0.00952	0.01609	0.53372	0.27803	0.01091	0.01378	0.01316	0.01025	0.01368	0.00956	0.04225	0.00789	0.00512	0.00495	0.00159	0.00619	0.00472	0.00235	0.00615
36	0.00715	0.00476	0.00536	0.00536	0.00536	0.00476	0.00298	0.00715	0.00715	0.00953	0.01548	0.03216	0.01787	0.82729	0.02501	0.00476	0.00476	0.00715	0.00298	0.00298
37	0.01249	0.01069	0.01126	0.01006	0.01288	0.01235	0.00784	0.05780	0.75563	0.02099	0.01966	0.01806	0.01472	0.00663	0.00500	0.00166	0.00395	0.00551	0.00500	0.00780
38	0.00599	0.00428	0.00570	0.00684	0.00713	0.00399	0.00456	0.00684	0.00941	0.01254	0.02709	0.82409	0.03250	0.01540	0.00627	0.00200	0.00285	0.01397	0.00456	0.00399
39	0.00975	0.00913	0.01497	0.68806	0.10295	0.01108	0.01338	0.01371	0.06288	0.01342	0.00955	0.01337	0.00724	0.00498	0.00491	0.00162	0.00630	0.00445	0.00240	0.00583
40	0.09947	0.03708	0.01360	0.01128	0.01440	0.42817	0.00885	0.23308	0.01589	0.07933	0.00960	0.01019	0.00725	0.00531	0.00444	0.00136	0.00696	0.00360	0.00352	0.00663
41	0.24719	0.23637	0.01523	0.00973	0.01289	0.34285	0.00802	0.03277	0.02963	0.01523	0.00756	0.00864	0.00629	0.00475	0.00373	0.00129	0.00632	0.00296	0.00266	0.00586
42	0.00792	0.00566	0.00792	0.00905	0.01018	0.00566	0.00792	0.01018	0.01131	0.01471	0.02602	0.05543	0.02828	0.01358	0.00679	0.00226	0.00453	0.76356	0.00453	0.00453
43	0.01313	0.00778	0.01031	0.09537	0.01296	0.00823	0.00727	0.10418	0.03786	0.23419	0.08001	0.01997	0.01470	0.12871	0.17043	0.00330	0.03587	0.00552	0.00415	0.00604
44	0.00875	0.00713	0.00849	0.00697	0.00979	0.00568	0.00520	0.01036	0.00967	0.01442	0.01436	0.23156	0.01514	0.08998	0.00651	0.00148	0.00354	0.00632	0.00336	0.54129
45	0.01075	0.01075	0.01505	0.01290	0.01290	0.01505	0.01075	0.01183	0.00753	0.01183	0.00645	0.01075	0.00645	0.00860	0.01613	0.00215	0.81830	0.00430	0.00215	0.00538
46	0.01254	0.01159	0.07220	0.04901	0.32137	0.08602	0.01103	0.01536	0.04229	0.12554	0.01476	0.18869	0.01375	0.00721	0.00513	0.00159	0.00530	0.00641	0.00349	0.00671
47	0.00705	0.00509	0.00689	0.00796	0.00880	0.00493	0.00638	0.00872	0.01058	0.01380	0.02790	0.34678	0.07759	0.01420	0.00653	0.00212	0.00376	0.43206	0.00454	0.00430
48	0.01222	0.01186	0.01965	0.05286	0.75608	0.03011	0.01491	0.01511	0.01121	0.01586	0.00919	0.01211	0.00771	0.00441	0.00486	0.00146	0.00593	0.00435	0.00243	0.00767
49	0.00715	0.00476	0.00536	0.00536	0.00536	0.00476	0.00298	0.00715	0.00715	0.00953	0.01548	0.03216	0.01787	0.82729	0.02501	0.00476	0.00476	0.00715	0.00298	0.00298

[dist]
# distance from previous block
# <min> <max>
0	0

# created by:
# /home/cegg/simao/soft/augustus-3.2.1/scripts/msa2prfl.pl ./align_prep/23020.fa
