[name]
unknown

[dist]
# distance from previous block
# <min> <max>
6	330

[block]
# block no. 0 follows, 44 sequences, length 9
# corresponding to MSA columns:
# 339-347
name=unknown_A
#
# <colnr> <probs for GDERKNQSTAVLIFYWHMCP>
#	G	D	E	R	K	N	Q	S	T	A	V	L	I	F	Y	W	H	M	C	P
0	0.01494	0.01240	0.01311	0.01137	0.01470	0.01421	0.00896	0.16955	0.62172	0.02504	0.02043	0.01894	0.01522	0.00723	0.00553	0.00181	0.00464	0.00592	0.00553	0.00875
1	0.00816	0.00648	0.00956	0.01246	0.15611	0.00621	0.00733	0.00985	0.01174	0.01613	0.16215	0.51179	0.03358	0.01363	0.00656	0.00201	0.00370	0.01241	0.00478	0.00537
2	0.07168	0.16894	0.02521	0.01939	0.15500	0.06440	0.29782	0.09987	0.01379	0.01873	0.01005	0.01245	0.00796	0.00497	0.00527	0.00161	0.00740	0.00488	0.00301	0.00756
3	0.02042	0.02437	0.01559	0.01382	0.01686	0.67091	0.01051	0.13209	0.01698	0.01650	0.00913	0.01032	0.00736	0.00576	0.00500	0.00144	0.00926	0.00372	0.00321	0.00676
4	0.01083	0.01348	0.14828	0.01035	0.01311	0.12682	0.00917	0.01542	0.12651	0.01784	0.21438	0.22384	0.02744	0.01018	0.00598	0.00182	0.00508	0.00873	0.00454	0.00619
5	0.01027	0.02061	0.48904	0.01430	0.02017	0.01103	0.09366	0.01526	0.01144	0.01677	0.07319	0.01615	0.01199	0.01251	0.15650	0.00310	0.00899	0.00511	0.00277	0.00713
6	0.01200	0.01194	0.16579	0.01160	0.07541	0.00866	0.00999	0.01572	0.05408	0.13951	0.12802	0.02886	0.16468	0.00887	0.00626	0.00178	0.03752	0.05091	0.06161	0.00679
7	0.01155	0.08621	0.53381	0.01591	0.02284	0.01317	0.16036	0.01698	0.01173	0.01712	0.01029	0.01239	0.00756	0.00509	0.00521	0.00168	0.00780	0.00446	0.04815	0.00767
8	0.00699	0.00533	0.00642	0.00660	0.00781	0.00476	0.00478	0.00871	0.01304	0.01725	0.32433	0.25427	0.29259	0.01368	0.00658	0.00189	0.00280	0.01197	0.00542	0.00476

[dist]
# distance from previous block
# <min> <max>
5	7

[block]
# block no. 1 follows, 44 sequences, length 10
# corresponding to MSA columns:
# 356-365
name=unknown_B
#
# <colnr> <probs for GDERKNQSTAVLIFYWHMCP>
#	G	D	E	R	K	N	Q	S	T	A	V	L	I	F	Y	W	H	M	C	P
0	0.01469	0.26078	0.11395	0.01105	0.01523	0.01345	0.07365	0.07269	0.01289	0.15397	0.03472	0.01725	0.03229	0.08445	0.06400	0.00240	0.00661	0.00509	0.00371	0.00712
1	0.01519	0.01271	0.01466	0.01465	0.12433	0.01424	0.01019	0.19381	0.48691	0.02473	0.01839	0.01769	0.01380	0.00684	0.00550	0.00177	0.00501	0.00569	0.00512	0.00878
2	0.00721	0.00544	0.00650	0.00644	0.00768	0.00490	0.00466	0.00900	0.01328	0.01774	0.39689	0.12816	0.27651	0.08127	0.00833	0.00212	0.00293	0.01084	0.00537	0.00473
3	0.01304	0.11462	0.18101	0.01068	0.03045	0.01001	0.00992	0.04811	0.01227	0.16715	0.01846	0.24130	0.01783	0.06842	0.03011	0.00225	0.00556	0.00785	0.00422	0.00675
4	0.01494	0.39428	0.05191	0.01297	0.07086	0.06907	0.08052	0.01763	0.03103	0.10060	0.01096	0.01263	0.00894	0.00905	0.09059	0.00221	0.00735	0.00417	0.00308	0.00721
5	0.00700	0.00507	0.00664	0.00742	0.00811	0.00471	0.00522	0.00845	0.01186	0.01599	0.20783	0.53555	0.08624	0.01535	0.00683	0.00209	0.00310	0.05263	0.00528	0.00464
6	0.01164	0.01046	0.01690	0.09046	0.44135	0.01070	0.01338	0.01520	0.04402	0.01783	0.09826	0.02653	0.01814	0.00776	0.00595	0.00184	0.00573	0.15292	0.00362	0.00730
7	0.01493	0.01824	0.14744	0.02314	0.31319	0.14479	0.13921	0.09921	0.01431	0.01873	0.01031	0.01270	0.00808	0.00518	0.00546	0.00164	0.00771	0.00476	0.00296	0.00800
8	0.01286	0.01189	0.08241	0.04391	0.37717	0.01026	0.04047	0.01579	0.01253	0.11382	0.02021	0.09479	0.12493	0.00762	0.00573	0.00174	0.00564	0.00692	0.00375	0.00755
9	0.00686	0.00554	0.00611	0.00596	0.00762	0.00478	0.00447	0.00864	0.01342	0.01708	0.29165	0.04859	0.53429	0.01293	0.00644	0.00180	0.00270	0.01096	0.00537	0.00478

[dist]
# distance from previous block
# <min> <max>
0	3

[block]
# block no. 2 follows, 44 sequences, length 24
# corresponding to MSA columns:
# 369-392
name=unknown_C
#
# <colnr> <probs for GDERKNQSTAVLIFYWHMCP>
#	G	D	E	R	K	N	Q	S	T	A	V	L	I	F	Y	W	H	M	C	P
0	0.10091	0.02129	0.46118	0.01400	0.02024	0.01255	0.06464	0.10706	0.01311	0.06033	0.01100	0.01270	0.00800	0.00788	0.05986	0.00221	0.00775	0.00439	0.00311	0.00777
1	0.02667	0.01440	0.12628	0.01562	0.13732	0.08300	0.09084	0.06801	0.04251	0.12810	0.13836	0.02101	0.06958	0.00707	0.00566	0.00169	0.00601	0.00617	0.00424	0.00745
2	0.01408	0.00880	0.01246	0.06537	0.08306	0.00876	0.03656	0.09121	0.01446	0.20825	0.18498	0.13038	0.02377	0.06498	0.00777	0.00204	0.02330	0.00785	0.00506	0.00685
3	0.00906	0.00742	0.00770	0.00803	0.00859	0.09429	0.00545	0.00947	0.00974	0.01228	0.01972	0.32720	0.02237	0.19742	0.10849	0.12923	0.00603	0.00964	0.00374	0.00414
4	0.01445	0.01348	0.01332	0.02415	0.06772	0.16327	0.00848	0.05228	0.04190	0.05664	0.01072	0.01202	0.00855	0.00482	0.00453	0.00112	0.00555	0.00373	0.00347	0.48979
5	0.01369	0.09963	0.16884	0.03579	0.06994	0.14633	0.04750	0.04936	0.01233	0.03382	0.06006	0.01415	0.01070	0.00786	0.00865	0.10389	0.10329	0.00466	0.00296	0.00654
6	0.00998	0.00716	0.00972	0.00997	0.01168	0.00713	0.00851	0.01230	0.01216	0.05343	0.02471	0.08379	0.02618	0.01302	0.00770	0.00224	0.06036	0.52814	0.00470	0.10711
7	0.01403	0.01145	0.06466	0.01073	0.01527	0.00918	0.08267	0.07202	0.04923	0.14494	0.01476	0.06963	0.02309	0.00603	0.00501	0.00134	0.00500	0.00523	0.00414	0.39158
8	0.01899	0.01117	0.01164	0.00956	0.01281	0.10342	0.00763	0.14042	0.01598	0.35152	0.02002	0.01968	0.06536	0.02349	0.02839	0.00186	0.00533	0.00556	0.13950	0.00767
9	0.01814	0.35258	0.04307	0.01118	0.03273	0.10652	0.00974	0.13981	0.01511	0.18518	0.02971	0.01268	0.00988	0.00571	0.00458	0.00143	0.00607	0.00412	0.00396	0.00782
10	0.01296	0.01192	0.01887	0.28361	0.40317	0.01302	0.01498	0.07040	0.08314	0.01818	0.01139	0.01445	0.00897	0.00541	0.00543	0.00171	0.00650	0.00498	0.00307	0.00782
11	0.01185	0.01203	0.02380	0.01781	0.02190	0.01147	0.48506	0.06685	0.01377	0.01870	0.10689	0.11461	0.01805	0.00754	0.00648	0.00189	0.00724	0.04360	0.00373	0.00675
12	0.01251	0.01177	0.01982	0.09637	0.61715	0.01193	0.01518	0.01570	0.01265	0.01797	0.10287	0.01690	0.01373	0.00567	0.00553	0.00165	0.00607	0.00547	0.00308	0.00799
13	0.00664	0.00474	0.00633	0.00759	0.00791	0.00443	0.00506	0.00759	0.01044	0.01392	0.03005	0.80485	0.03606	0.01708	0.00696	0.00221	0.00316	0.01550	0.00506	0.00443
14	0.00682	0.00554	0.00605	0.00592	0.00760	0.00476	0.00444	0.00856	0.01333	0.01686	0.26945	0.04895	0.55663	0.01301	0.00644	0.00180	0.00270	0.01101	0.00534	0.00476
15	0.01026	0.00916	0.01221	0.01082	0.01082	0.01194	0.00833	0.01095	0.00817	0.01206	0.01134	0.02183	0.01244	0.34276	0.02200	0.00360	0.46760	0.00609	0.00277	0.00485
16	0.02222	0.01410	0.01472	0.01155	0.01567	0.10691	0.00941	0.36563	0.02025	0.33883	0.01600	0.01495	0.01074	0.00652	0.00540	0.00163	0.00590	0.00498	0.00567	0.00891
17	0.74635	0.01112	0.00903	0.00782	0.01132	0.01280	0.00645	0.10612	0.01127	0.02567	0.00826	0.00937	0.00631	0.00524	0.00363	0.00168	0.00443	0.00319	0.00363	0.00631
18	0.01408	0.01484	0.01911	0.23882	0.41014	0.17778	0.01497	0.01704	0.01265	0.01579	0.00971	0.01300	0.00792	0.00518	0.00531	0.00163	0.00741	0.00457	0.00265	0.00743
19	0.00661	0.00553	0.00576	0.00570	0.00747	0.00468	0.00428	0.00816	0.01283	0.01569	0.15173	0.05088	0.67508	0.01345	0.00644	0.00182	0.00274	0.01128	0.00519	0.00468
20	0.00664	0.00474	0.00633	0.00759	0.00791	0.00443	0.00506	0.00759	0.01044	0.01392	0.03005	0.80485	0.03606	0.01708	0.00696	0.00221	0.00316	0.01550	0.00506	0.00443
21	0.08664	0.01368	0.03784	0.02043	0.33776	0.09477	0.02372	0.10733	0.02516	0.08354	0.03613	0.01763	0.06368	0.00638	0.00535	0.00166	0.00609	0.02065	0.00378	0.00779
22	0.01360	0.47076	0.02561	0.10180	0.11208	0.03385	0.10160	0.01611	0.01160	0.01431	0.00962	0.01331	0.00858	0.00530	0.00453	0.00145	0.00652	0.03975	0.00258	0.00703
23	0.01427	0.02173	0.46351	0.01380	0.02013	0.01304	0.01561	0.14213	0.12699	0.09565	0.01334	0.01379	0.00940	0.00589	0.00531	0.00173	0.00682	0.00464	0.00375	0.00846

[dist]
# distance from previous block
# <min> <max>
0	1

[block]
# block no. 3 follows, 44 sequences, length 6
# corresponding to MSA columns:
# 394-399
name=unknown_D
#
# <colnr> <probs for GDERKNQSTAVLIFYWHMCP>
#	G	D	E	R	K	N	Q	S	T	A	V	L	I	F	Y	W	H	M	C	P
0	0.01299	0.07700	0.08995	0.01471	0.01847	0.05950	0.23222	0.13279	0.01407	0.01853	0.01554	0.17432	0.01507	0.00841	0.00656	0.00186	0.04487	0.05260	0.00370	0.00684
1	0.01298	0.01083	0.01743	0.06578	0.38542	0.01093	0.05846	0.01712	0.09546	0.08749	0.01643	0.16692	0.01514	0.00768	0.00579	0.00179	0.00564	0.00720	0.00383	0.00766
2	0.01077	0.00609	0.00780	0.00748	0.00918	0.00543	0.00556	0.01247	0.01321	0.18303	0.22160	0.29811	0.17252	0.01270	0.00641	0.00190	0.00326	0.01113	0.00567	0.00570
3	0.01525	0.01309	0.01718	0.01726	0.18589	0.06630	0.09299	0.23774	0.06846	0.04523	0.14366	0.01993	0.01737	0.00699	0.00575	0.00169	0.00595	0.02696	0.00448	0.00784
4	0.01501	0.60640	0.06214	0.01028	0.01482	0.07328	0.00992	0.05399	0.08159	0.01505	0.00936	0.01024	0.00799	0.00510	0.00396	0.00130	0.00608	0.00341	0.00281	0.00726
5	0.00796	0.00590	0.00736	0.00725	0.00865	0.00608	0.00556	0.01054	0.04717	0.01580	0.11778	0.03249	0.23703	0.02361	0.33338	0.00466	0.00775	0.00788	0.10810	0.00503

[dist]
# distance from previous block
# <min> <max>
0	2

[block]
# block no. 4 follows, 44 sequences, length 26
# corresponding to MSA columns:
# 402-427
name=unknown_E
#
# <colnr> <probs for GDERKNQSTAVLIFYWHMCP>
#	G	D	E	R	K	N	Q	S	T	A	V	L	I	F	Y	W	H	M	C	P
0	0.00656	0.00507	0.00599	0.00672	0.00768	0.00450	0.00467	0.00769	0.01128	0.01426	0.04066	0.48789	0.34617	0.01570	0.00674	0.00206	0.00299	0.01382	0.00506	0.00450
1	0.01388	0.01368	0.02175	0.03237	0.73189	0.05635	0.01638	0.01701	0.01258	0.01756	0.01015	0.01329	0.00855	0.00490	0.00537	0.00161	0.00666	0.00478	0.00270	0.00851
2	0.01250	0.36413	0.45791	0.01288	0.01948	0.01648	0.01551	0.01686	0.01132	0.01536	0.00884	0.01032	0.00694	0.00496	0.00446	0.00149	0.00710	0.00355	0.00231	0.00760
3	0.42673	0.01839	0.01179	0.01066	0.01375	0.40585	0.00826	0.01895	0.01242	0.01881	0.00802	0.00935	0.00647	0.00534	0.00416	0.00154	0.00707	0.00324	0.00309	0.00612
4	0.03509	0.67652	0.13828	0.01018	0.01531	0.02003	0.01083	0.01646	0.01110	0.01377	0.00790	0.00915	0.00696	0.00475	0.00374	0.00126	0.00612	0.00308	0.00235	0.00712
5	0.01005	0.00932	0.01426	0.23393	0.27344	0.00970	0.01153	0.01302	0.03019	0.01574	0.02671	0.02809	0.28553	0.00833	0.00580	0.00176	0.00530	0.00730	0.00355	0.00646
6	0.00722	0.00531	0.00676	0.00691	0.00797	0.00485	0.00499	0.00914	0.01350	0.01848	0.44948	0.27603	0.14255	0.01331	0.00659	0.00188	0.00278	0.01180	0.00559	0.00485
7	0.00790	0.00577	0.00645	0.00615	0.00798	0.00496	0.00466	0.00965	0.01345	0.06340	0.25169	0.04714	0.52602	0.01264	0.00638	0.00180	0.00282	0.01068	0.00543	0.00504
8	0.00772	0.00557	0.00729	0.00686	0.00814	0.00514	0.00514	0.01029	0.01543	0.02186	0.77152	0.04072	0.05144	0.01115	0.00643	0.00171	0.00257	0.00986	0.00600	0.00514
9	0.00783	0.00582	0.00755	0.00850	0.00974	0.00554	0.00699	0.00979	0.01215	0.01550	0.03551	0.19099	0.21304	0.01511	0.00716	0.00229	0.00414	0.43248	0.00504	0.00481
10	0.03413	0.00816	0.01021	0.00989	0.05730	0.00809	0.00706	0.08117	0.09116	0.14727	0.30796	0.10926	0.06125	0.03413	0.00666	0.00188	0.00383	0.00842	0.00554	0.00663
11	0.03726	0.01235	0.01389	0.05928	0.01622	0.01388	0.03212	0.30266	0.31990	0.02629	0.01680	0.01675	0.01246	0.00670	0.00531	0.00170	0.00511	0.00542	0.08762	0.00826
12	0.01270	0.01207	0.02009	0.22160	0.54461	0.01278	0.01584	0.01678	0.05804	0.01715	0.01084	0.01417	0.00878	0.00516	0.00542	0.00168	0.00654	0.00493	0.00280	0.00799
13	0.11649	0.01139	0.01786	0.09046	0.26800	0.01159	0.12021	0.01787	0.07832	0.09357	0.07626	0.01650	0.01288	0.00580	0.00536	0.00168	0.00587	0.00538	0.00371	0.04078
14	0.01340	0.00816	0.00977	0.00824	0.01102	0.00764	0.00652	0.07969	0.03973	0.21427	0.13126	0.06334	0.25760	0.00986	0.00634	0.00171	0.03533	0.00812	0.00540	0.08259
15	0.01300	0.05597	0.13231	0.00945	0.01288	0.00987	0.00859	0.16120	0.01422	0.10726	0.02323	0.05828	0.16800	0.16399	0.00986	0.00238	0.00518	0.00704	0.00435	0.03295
16	0.01728	0.01494	0.01756	0.01382	0.01788	0.14510	0.15798	0.16320	0.18390	0.12590	0.01481	0.01509	0.01082	0.00602	0.00547	0.00163	0.00658	0.00520	0.00449	0.07231
17	0.01608	0.01275	0.01648	0.01636	0.18101	0.02496	0.04969	0.26711	0.10131	0.07430	0.06019	0.01584	0.01259	0.00611	0.00536	0.00156	0.00557	0.00521	0.00449	0.12303
18	0.04447	0.01445	0.01607	0.01794	0.24104	0.15393	0.01127	0.08773	0.14638	0.16555	0.01432	0.01474	0.01063	0.00594	0.00525	0.00161	0.00617	0.00485	0.00428	0.03337
19	0.03290	0.01353	0.01454	0.01514	0.16989	0.14626	0.00996	0.08186	0.08371	0.11039	0.03063	0.01680	0.06404	0.00634	0.00551	0.00151	0.02893	0.00505	0.00404	0.15895
20	0.03831	0.01586	0.10120	0.01410	0.04884	0.14538	0.12238	0.12686	0.02972	0.16308	0.08268	0.01611	0.01310	0.00617	0.00544	0.00161	0.00663	0.00524	0.00425	0.05301
21	0.01661	0.06073	0.08329	0.01649	0.15848	0.16384	0.03767	0.16772	0.08602	0.06866	0.01209	0.01309	0.00921	0.00564	0.00513	0.00153	0.00670	0.00451	0.00379	0.07881
22	0.04116	0.03676	0.10643	0.01306	0.04690	0.01177	0.11056	0.15816	0.05097	0.07502	0.05587	0.01680	0.05145	0.00621	0.00557	0.00154	0.02602	0.00526	0.00403	0.17644
23	0.01583	0.10995	0.06477	0.01412	0.07857	0.07697	0.08593	0.08922	0.20926	0.12622	0.06173	0.01675	0.01362	0.00636	0.00534	0.00165	0.00595	0.00536	0.00441	0.00801
24	0.06612	0.01509	0.09962	0.01595	0.15911	0.11755	0.05037	0.12758	0.03521	0.08861	0.05146	0.04394	0.05385	0.00684	0.00541	0.00166	0.00622	0.01842	0.00399	0.03300
25	0.01526	0.04296	0.08618	0.01561	0.10225	0.18292	0.12063	0.06140	0.07823	0.08531	0.07792	0.01729	0.04311	0.00634	0.00546	0.00161	0.00679	0.00544	0.00384	0.04147

[dist]
# distance from previous block
# <min> <max>
6	99

[block]
# block no. 5 follows, 44 sequences, length 68
# corresponding to MSA columns:
# 527-594
name=unknown_F
#
# <colnr> <probs for GDERKNQSTAVLIFYWHMCP>
#	G	D	E	R	K	N	Q	S	T	A	V	L	I	F	Y	W	H	M	C	P
0	0.05942	0.05173	0.01583	0.03270	0.01643	0.21032	0.08856	0.10270	0.06767	0.16518	0.05897	0.01645	0.03729	0.00640	0.00526	0.00158	0.00648	0.00515	0.00433	0.04758
1	0.01660	0.10520	0.02872	0.03556	0.04703	0.04017	0.11096	0.15454	0.10594	0.16911	0.06237	0.01629	0.01298	0.00617	0.00532	0.00159	0.00581	0.00528	0.00454	0.06583
2	0.04024	0.07401	0.06843	0.01165	0.04316	0.09543	0.00961	0.18627	0.06249	0.18558	0.01684	0.05772	0.04975	0.00694	0.00521	0.00159	0.00566	0.00546	0.00463	0.06935
3	0.07364	0.09235	0.11985	0.01236	0.03799	0.07440	0.05379	0.08332	0.15895	0.12190	0.01445	0.01466	0.02363	0.00591	0.00499	0.00157	0.00588	0.00470	0.00409	0.09158
4	0.05753	0.01832	0.25571	0.01277	0.01784	0.11295	0.04679	0.06344	0.07681	0.14034	0.01302	0.02974	0.00969	0.00595	0.00542	0.00161	0.02525	0.00465	0.00378	0.09840
5	0.17014	0.06973	0.03695	0.02502	0.01532	0.14819	0.04342	0.15012	0.03120	0.11112	0.05184	0.01358	0.01073	0.00585	0.00479	0.00151	0.00597	0.00439	0.00407	0.09606
6	0.04410	0.03582	0.03371	0.04529	0.13202	0.11626	0.04431	0.08485	0.07182	0.08401	0.09007	0.01938	0.06929	0.00678	0.00529	0.00158	0.00567	0.00565	0.04620	0.05791
7	0.09001	0.05476	0.16199	0.03447	0.01668	0.01209	0.05455	0.17153	0.06100	0.03736	0.03702	0.04742	0.06369	0.00664	0.00512	0.00158	0.00560	0.00541	0.00393	0.12915
8	0.06220	0.06115	0.05802	0.05840	0.06378	0.09027	0.08497	0.23143	0.05233	0.05394	0.01292	0.01492	0.02297	0.03563	0.04764	0.00212	0.00698	0.00495	0.00389	0.03149
9	0.04642	0.14894	0.17273	0.02751	0.06250	0.10551	0.06857	0.06793	0.01291	0.01747	0.02193	0.06270	0.01000	0.00584	0.00487	0.00147	0.00651	0.00474	0.00308	0.14839
10	0.01705	0.04163	0.01453	0.01142	0.01488	0.15908	0.02943	0.23348	0.08788	0.10654	0.07314	0.01796	0.05926	0.00707	0.00584	0.00159	0.03721	0.00544	0.00465	0.07193
11	0.00849	0.00719	0.00977	0.09686	0.01301	0.00716	0.03228	0.01036	0.01100	0.01483	0.06898	0.13658	0.21414	0.06961	0.10780	0.00288	0.04965	0.00849	0.00393	0.12698
12	0.01779	0.12367	0.10789	0.01218	0.01636	0.22628	0.03002	0.11226	0.07693	0.15203	0.01290	0.01375	0.00972	0.03328	0.00577	0.00165	0.00690	0.00445	0.00396	0.03219
13	0.01812	0.01778	0.04992	0.01286	0.04168	0.30449	0.01005	0.16891	0.07975	0.10680	0.01347	0.05741	0.01080	0.00655	0.00521	0.00154	0.00693	0.00496	0.00416	0.07860
14	0.01948	0.08673	0.01460	0.05575	0.01544	0.03100	0.00865	0.13600	0.01589	0.38934	0.05240	0.01643	0.01281	0.00627	0.00513	0.00152	0.00508	0.00498	0.00528	0.11723
15	0.01559	0.02012	0.39361	0.01338	0.01955	0.01245	0.02779	0.17585	0.04100	0.15815	0.01304	0.01346	0.00902	0.00575	0.00526	0.00165	0.00665	0.00454	0.00395	0.05919
16	0.02119	0.01513	0.01582	0.01226	0.01651	0.06249	0.01006	0.61562	0.02369	0.13093	0.01391	0.01361	0.00969	0.00651	0.00542	0.00163	0.00605	0.00490	0.00546	0.00909
17	0.01526	0.00891	0.01236	0.07055	0.09918	0.00849	0.00921	0.01858	0.06482	0.28440	0.04452	0.02920	0.07406	0.00862	0.00587	0.00181	0.00484	0.15582	0.00509	0.07842
18	0.00685	0.00483	0.00627	0.00733	0.00760	0.00456	0.00478	0.00764	0.01004	0.01339	0.02801	0.68329	0.03349	0.14214	0.01024	0.00270	0.00350	0.01430	0.00478	0.00425
19	0.07957	0.00608	0.00780	0.00772	0.00898	0.00586	0.02723	0.01033	0.01194	0.05243	0.23528	0.35390	0.07140	0.06494	0.02922	0.00235	0.00376	0.01116	0.00502	0.00501
20	0.01309	0.01090	0.01178	0.01073	0.01360	0.01231	0.00852	0.08718	0.55403	0.02242	0.02434	0.02725	0.06428	0.00875	0.00586	0.00192	0.00446	0.10519	0.00544	0.00795
21	0.77692	0.01044	0.00841	0.00738	0.01083	0.01187	0.00608	0.01692	0.00982	0.08860	0.00878	0.00968	0.00655	0.00520	0.00355	0.00169	0.00425	0.00317	0.00366	0.00619
22	0.01372	0.18863	0.15976	0.01177	0.01657	0.01404	0.06681	0.15385	0.08010	0.01949	0.01172	0.01424	0.00961	0.07364	0.00673	0.00176	0.00606	0.00452	0.00345	0.14352
23	0.01220	0.01919	0.31609	0.05365	0.24072	0.01305	0.23170	0.01704	0.01214	0.01735	0.01028	0.01312	0.00781	0.00493	0.00562	0.00173	0.00790	0.00500	0.00255	0.00794
24	0.00781	0.00655	0.00710	0.00814	0.00867	0.07099	0.00553	0.00880	0.01086	0.01387	0.02821	0.73719	0.03359	0.01610	0.00678	0.00215	0.00373	0.01448	0.00487	0.00459
25	0.01283	0.04133	0.37961	0.03392	0.26820	0.01343	0.07334	0.07992	0.01309	0.01874	0.01025	0.01251	0.00778	0.00514	0.00533	0.00168	0.00738	0.00454	0.00274	0.00824
26	0.01154	0.08250	0.49800	0.01632	0.06759	0.01303	0.09736	0.01731	0.04973	0.01719	0.01188	0.01606	0.00954	0.00593	0.00540	0.00176	0.00749	0.06088	0.00275	0.00773
27	0.01677	0.01402	0.01333	0.01162	0.01485	0.14171	0.00921	0.16030	0.35992	0.10291	0.01871	0.02056	0.01460	0.00753	0.00559	0.00177	0.00564	0.06767	0.00516	0.00812
28	0.00662	0.00542	0.00584	0.00597	0.00753	0.00464	0.00439	0.00807	0.01249	0.01543	0.13348	0.15812	0.58516	0.01397	0.00652	0.00188	0.00280	0.01189	0.00517	0.00464
29	0.01715	0.28873	0.04201	0.04836	0.04222	0.18159	0.01024	0.07653	0.10635	0.11913	0.01210	0.01257	0.00930	0.00569	0.00467	0.00147	0.00651	0.00413	0.00368	0.00758
30	0.06632	0.01759	0.01605	0.18166	0.02119	0.36138	0.06912	0.05206	0.01367	0.01568	0.01072	0.01584	0.00929	0.00657	0.00614	0.00171	0.05903	0.06662	0.00304	0.00632
31	0.00648	0.00538	0.00567	0.00591	0.00747	0.00457	0.00432	0.00778	0.01205	0.01457	0.05048	0.19440	0.63331	0.01442	0.00654	0.00191	0.00284	0.01226	0.00506	0.00457
32	0.00972	0.00687	0.04238	0.00663	0.00838	0.00617	0.00540	0.01355	0.07678	0.02087	0.25279	0.02628	0.02555	0.00788	0.00484	0.00148	0.00296	0.00661	0.46932	0.00554
33	0.01850	0.08540	0.26125	0.01197	0.01725	0.09533	0.01225	0.02187	0.01388	0.37063	0.02927	0.01492	0.01083	0.00603	0.00517	0.00163	0.00637	0.00466	0.00450	0.00829
34	0.00879	0.00628	0.00879	0.01004	0.01130	0.00628	0.00879	0.01130	0.01255	0.01632	0.02887	0.06150	0.03138	0.01506	0.00753	0.00251	0.00502	0.73770	0.00502	0.00502
35	0.84691	0.01054	0.00801	0.00717	0.01054	0.01223	0.00590	0.01603	0.00928	0.02446	0.00759	0.00886	0.00590	0.00506	0.00337	0.00169	0.00422	0.00295	0.00337	0.00590
36	0.00793	0.00529	0.00595	0.00595	0.00595	0.00529	0.00330	0.00793	0.00793	0.01057	0.01718	0.03568	0.01982	0.80840	0.02775	0.00529	0.00529	0.00793	0.00330	0.00330
37	0.01151	0.12173	0.45455	0.01252	0.01918	0.01217	0.01467	0.01609	0.01139	0.01685	0.00948	0.01110	0.00727	0.00477	0.00462	0.00138	0.00657	0.00365	0.00258	0.25792
38	0.01054	0.01050	0.04634	0.60243	0.10912	0.01157	0.01449	0.01412	0.01137	0.01512	0.05603	0.01575	0.01011	0.00566	0.00543	0.00174	0.00678	0.00504	0.00270	0.04515
39	0.02924	0.05450	0.46314	0.01350	0.01994	0.05150	0.01543	0.09589	0.01375	0.13545	0.01173	0.01250	0.00821	0.00551	0.00509	0.00163	0.00706	0.00421	0.00340	0.04833
40	0.01284	0.03192	0.05794	0.03862	0.08252	0.03806	0.21088	0.07997	0.03813	0.07262	0.04760	0.16057	0.03167	0.00857	0.00612	0.00187	0.00625	0.06284	0.00407	0.00692
41	0.01010	0.00610	0.00805	0.00726	0.00897	0.00555	0.00555	0.01260	0.01546	0.12942	0.66486	0.03757	0.04604	0.01052	0.00630	0.00171	0.00287	0.00924	0.00611	0.00573
42	0.01150	0.01845	0.32989	0.11370	0.18838	0.01229	0.12398	0.01659	0.04029	0.01719	0.02864	0.01578	0.04740	0.00570	0.00555	0.00174	0.00726	0.00524	0.00281	0.00763
43	0.01379	0.01243	0.05351	0.14817	0.28128	0.01172	0.19130	0.01731	0.01283	0.12351	0.04850	0.01691	0.03196	0.00571	0.00573	0.00173	0.00678	0.00570	0.00344	0.00770
44	0.02446	0.00928	0.01265	0.00970	0.01392	0.00801	0.00801	0.02657	0.01560	0.77817	0.02151	0.01856	0.01350	0.00675	0.00548	0.00169	0.00464	0.00548	0.00675	0.00928
45	0.00850	0.00607	0.00846	0.00972	0.01085	0.00603	0.00830	0.01081	0.01227	0.01600	0.02902	0.15928	0.03199	0.01533	0.00745	0.00247	0.00478	0.64270	0.00503	0.00494
46	0.01257	0.00848	0.01169	0.24261	0.01899	0.00899	0.00932	0.06053	0.06203	0.15532	0.15013	0.04277	0.11993	0.00890	0.00595	0.00183	0.00489	0.06374	0.00479	0.00654
47	0.01845	0.00779	0.01058	0.00899	0.01193	0.00685	0.00707	0.02027	0.01411	0.51721	0.05868	0.23882	0.02184	0.00997	0.00597	0.00185	0.00414	0.02159	0.00621	0.00766
48	0.02446	0.00928	0.01265	0.00970	0.01392	0.00801	0.00801	0.02657	0.01560	0.77817	0.02151	0.01856	0.01350	0.00675	0.00548	0.00169	0.00464	0.00548	0.00675	0.00928
49	0.00789	0.00542	0.00661	0.00661	0.00685	0.00565	0.00414	0.00836	0.00813	0.01107	0.01657	0.03229	0.01835	0.62618	0.20796	0.00611	0.00750	0.00743	0.00321	0.00367
50	0.09071	0.02467	0.01482	0.01346	0.01632	0.72062	0.01014	0.02128	0.01492	0.01429	0.00836	0.00975	0.00693	0.00557	0.00478	0.00143	0.00935	0.00346	0.00286	0.00628
51	0.01987	0.09285	0.01657	0.01364	0.01661	0.72142	0.01043	0.02131	0.01508	0.01330	0.00835	0.00974	0.00702	0.00554	0.00480	0.00138	0.00949	0.00346	0.00277	0.00638
52	0.01130	0.00969	0.01130	0.00807	0.01292	0.00727	0.00646	0.01373	0.01130	0.01776	0.00969	0.01130	0.00807	0.00404	0.00404	0.00081	0.00404	0.00323	0.00323	0.84173
53	0.01658	0.36411	0.12653	0.01222	0.01655	0.35092	0.01134	0.01881	0.01303	0.01366	0.00825	0.00960	0.00700	0.00515	0.00434	0.00135	0.00787	0.00333	0.00253	0.00685
54	0.01010	0.00938	0.01567	0.73603	0.03534	0.01159	0.01439	0.01366	0.01124	0.01453	0.06696	0.01650	0.01059	0.00588	0.00552	0.00181	0.00691	0.00522	0.00269	0.00599
55	0.02446	0.00928	0.01265	0.00970	0.01392	0.00801	0.00801	0.02657	0.01560	0.77817	0.02151	0.01856	0.01350	0.00675	0.00548	0.00169	0.00464	0.00548	0.00675	0.00928
56	0.00720	0.00555	0.00658	0.00632	0.00783	0.00493	0.00474	0.00930	0.01422	0.01899	0.48304	0.04545	0.34171	0.01222	0.00644	0.00177	0.00265	0.01052	0.00562	0.00493
57	0.01249	0.36282	0.45916	0.01289	0.01949	0.01647	0.01552	0.01686	0.01133	0.01537	0.00884	0.01033	0.00694	0.00496	0.00446	0.00149	0.00711	0.00355	0.00231	0.00760
58	0.00775	0.00566	0.00801	0.00809	0.00881	0.00634	0.00595	0.00922	0.00868	0.01228	0.01609	0.07207	0.01632	0.20422	0.57647	0.00762	0.01191	0.00688	0.00313	0.00451
59	0.00664	0.00474	0.00633	0.00759	0.00791	0.00443	0.00506	0.00759	0.01044	0.01392	0.03005	0.80485	0.03606	0.01708	0.00696	0.00221	0.00316	0.01550	0.00506	0.00443
60	0.01359	0.01089	0.01211	0.01108	0.01390	0.01219	0.00899	0.15941	0.42124	0.02318	0.02232	0.03026	0.01930	0.00934	0.00607	0.00199	0.00482	0.20619	0.00539	0.00776
61	0.01817	0.02058	0.01481	0.06067	0.01744	0.48953	0.01039	0.10216	0.15139	0.01747	0.01219	0.01414	0.00985	0.00635	0.00521	0.00157	0.00810	0.02933	0.00364	0.00700
62	0.79619	0.01063	0.00854	0.00760	0.01077	0.01250	0.00627	0.01585	0.00922	0.02377	0.00756	0.00904	0.00598	0.00533	0.00426	0.00173	0.05246	0.00306	0.00331	0.00591
63	0.01005	0.01041	0.05524	0.00872	0.01024	0.12877	0.00679	0.01175	0.03259	0.01354	0.02458	0.10254	0.15620	0.28386	0.01389	0.00307	0.02857	0.09048	0.00387	0.00482
64	0.01016	0.00892	0.01139	0.00857	0.01261	0.00706	0.06212	0.01253	0.01191	0.01734	0.06585	0.02218	0.17477	0.00661	0.00488	0.00116	0.00406	0.00565	0.00376	0.54846
65	0.05431	0.22694	0.06578	0.00982	0.01411	0.07530	0.03042	0.01646	0.02513	0.09427	0.01408	0.05381	0.05427	0.00604	0.00454	0.00132	0.00536	0.00469	0.00349	0.23987
66	0.02882	0.10174	0.20744	0.01132	0.01587	0.11344	0.02936	0.07888	0.03945	0.03686	0.08044	0.01937	0.11046	0.00689	0.00515	0.00154	0.00604	0.00544	0.00366	0.09784
67	0.03334	0.03375	0.05627	0.00978	0.01275	0.14126	0.00811	0.15614	0.03781	0.02136	0.27016	0.02609	0.11035	0.00849	0.00561	0.00160	0.00505	0.00688	0.00471	0.05046

[dist]
# distance from previous block
# <min> <max>
4	85

[block]
# block no. 6 follows, 44 sequences, length 23
# corresponding to MSA columns:
# 683-705
name=unknown_G
#
# <colnr> <probs for GDERKNQSTAVLIFYWHMCP>
#	G	D	E	R	K	N	Q	S	T	A	V	L	I	F	Y	W	H	M	C	P
0	0.09792	0.10524	0.03657	0.05042	0.01677	0.03230	0.08643	0.14447	0.09507	0.13550	0.01394	0.04816	0.01082	0.00617	0.00503	0.00158	0.00563	0.00508	0.00425	0.09865
1	0.10049	0.04646	0.01146	0.00947	0.01205	0.04483	0.02899	0.13878	0.05299	0.05361	0.11413	0.19454	0.05992	0.00995	0.00573	0.00179	0.00455	0.05765	0.00478	0.04783
2	0.04648	0.15872	0.10944	0.01095	0.01569	0.01405	0.01014	0.21913	0.09212	0.14099	0.01328	0.01331	0.00970	0.00577	0.00482	0.00148	0.00551	0.00436	0.00435	0.11972
3	0.18444	0.20221	0.06798	0.01051	0.01457	0.14903	0.03256	0.08411	0.01326	0.01900	0.06950	0.01257	0.01068	0.00556	0.00440	0.00142	0.00600	0.00398	0.00332	0.10491
4	0.01578	0.01587	0.01274	0.01075	0.01402	0.31465	0.00830	0.08654	0.03007	0.05655	0.15341	0.01696	0.01636	0.00643	0.00507	0.00135	0.00626	0.00491	0.00401	0.21997
5	0.01002	0.00918	0.06311	0.00927	0.01174	0.00786	0.02342	0.06041	0.12090	0.02927	0.02340	0.37364	0.05697	0.03393	0.00660	0.00192	0.00419	0.00997	0.00460	0.13960
6	0.06512	0.15696	0.27739	0.03619	0.02038	0.01340	0.15207	0.01895	0.01241	0.17885	0.01199	0.01305	0.00853	0.00531	0.00508	0.00164	0.00690	0.00455	0.00341	0.00781
7	0.01763	0.01168	0.05360	0.01177	0.01558	0.01090	0.07331	0.21550	0.06052	0.27019	0.04677	0.07326	0.01663	0.00823	0.00590	0.00182	0.00542	0.08781	0.00543	0.00807
8	0.00753	0.00562	0.00679	0.00705	0.00809	0.00505	0.00482	0.00856	0.01035	0.01382	0.02850	0.39461	0.14072	0.19536	0.01130	0.00270	0.00376	0.03828	0.00444	0.10263
9	0.01128	0.01110	0.01956	0.52314	0.03269	0.01267	0.18670	0.01652	0.09994	0.01580	0.01147	0.01526	0.00860	0.00548	0.00569	0.00183	0.00737	0.00537	0.00287	0.00666
10	0.01844	0.01615	0.01596	0.02767	0.01683	0.20285	0.04829	0.24959	0.12719	0.11133	0.01344	0.01398	0.00997	0.00668	0.00679	0.00171	0.09588	0.00488	0.00443	0.00793
11	0.01582	0.01648	0.10618	0.01380	0.01659	0.09540	0.01219	0.28015	0.01563	0.02122	0.00972	0.01208	0.00787	0.00755	0.01062	0.00194	0.34121	0.00460	0.00352	0.00743
12	0.01151	0.00987	0.01140	0.00835	0.01303	0.00784	0.00666	0.01512	0.08010	0.01823	0.01083	0.01213	0.00886	0.00434	0.00418	0.00090	0.00406	0.00350	0.00344	0.76564
13	0.01201	0.00725	0.00879	0.00833	0.00997	0.00725	0.00622	0.01548	0.13248	0.16054	0.02359	0.07612	0.05883	0.29590	0.01396	0.00319	0.00472	0.14479	0.00483	0.00575
14	0.00983	0.00576	0.00672	0.00637	0.00692	0.00559	0.00388	0.01012	0.00896	0.10091	0.01880	0.03416	0.04110	0.69092	0.02451	0.00476	0.00514	0.00775	0.00376	0.00404
15	0.01527	0.02324	0.25107	0.05435	0.02129	0.36213	0.12479	0.01874	0.01342	0.01521	0.01023	0.04592	0.00845	0.00582	0.00534	0.00162	0.00878	0.00469	0.00273	0.00691
16	0.01229	0.01177	0.02340	0.01720	0.02159	0.01085	0.48672	0.01588	0.01318	0.08665	0.06737	0.02439	0.16819	0.00708	0.00635	0.00182	0.00705	0.00760	0.00379	0.00683
17	0.00848	0.00648	0.00748	0.00758	0.00910	0.00618	0.00570	0.09616	0.01343	0.01722	0.07008	0.30874	0.32151	0.01410	0.00661	0.00201	0.00350	0.08532	0.00514	0.00516
18	0.01082	0.01040	0.01815	0.64041	0.03469	0.01223	0.11557	0.03607	0.01165	0.01504	0.01150	0.01578	0.03305	0.00565	0.00562	0.00182	0.00734	0.00529	0.00265	0.00628
19	0.01503	0.30003	0.02513	0.05352	0.02017	0.10680	0.24918	0.05644	0.01323	0.05497	0.01096	0.01445	0.00910	0.00552	0.00511	0.00156	0.00736	0.04127	0.00305	0.00712
20	0.01159	0.00643	0.00857	0.00816	0.01000	0.00588	0.00643	0.01372	0.01398	0.19587	0.30225	0.16308	0.07332	0.01194	0.00650	0.00194	0.00361	0.14500	0.00579	0.00594
21	0.01367	0.00691	0.00920	0.00823	0.01051	0.00621	0.00653	0.01587	0.01459	0.29055	0.31589	0.09620	0.07629	0.01066	0.00626	0.00184	0.00366	0.09438	0.00602	0.00652
22	0.01238	0.01097	0.01798	0.08063	0.01927	0.07057	0.27756	0.01504	0.01236	0.10498	0.01874	0.29723	0.01864	0.00946	0.00631	0.00192	0.00639	0.00920	0.00403	0.00634

[dist]
# distance from previous block
# <min> <max>
0	7

[block]
# block no. 7 follows, 44 sequences, length 41
# corresponding to MSA columns:
# 745-785
name=unknown_H
#
# <colnr> <probs for GDERKNQSTAVLIFYWHMCP>
#	G	D	E	R	K	N	Q	S	T	A	V	L	I	F	Y	W	H	M	C	P
0	0.02034	0.01362	0.01717	0.01304	0.01745	0.01427	0.09808	0.46139	0.05643	0.20815	0.01527	0.01492	0.01050	0.00640	0.00558	0.00168	0.00598	0.00528	0.00544	0.00902
1	0.01762	0.39812	0.02166	0.01181	0.01550	0.42421	0.00996	0.01919	0.01338	0.01310	0.00803	0.00932	0.00701	0.00517	0.00424	0.00129	0.00794	0.00323	0.00258	0.00664
2	0.01130	0.00969	0.01130	0.00807	0.01292	0.00727	0.00646	0.01373	0.01130	0.01776	0.00969	0.01130	0.00807	0.00404	0.00404	0.00081	0.00404	0.00323	0.00323	0.84173
3	0.01532	0.01390	0.02520	0.11135	0.02583	0.04714	0.45348	0.09326	0.01443	0.12582	0.01244	0.01485	0.00894	0.00524	0.00602	0.00177	0.00803	0.00583	0.00356	0.00762
4	0.00866	0.00722	0.01032	0.26167	0.01852	0.00782	0.00927	0.01160	0.03970	0.01538	0.05556	0.12185	0.18720	0.01148	0.00645	0.00205	0.00493	0.21072	0.00425	0.00534
5	0.00664	0.00495	0.00612	0.00703	0.00771	0.00450	0.00478	0.00766	0.01084	0.01400	0.03572	0.59628	0.21413	0.04304	0.00754	0.00223	0.00314	0.01427	0.00500	0.00443
6	0.01170	0.01096	0.01660	0.01186	0.01687	0.00892	0.19630	0.01468	0.01170	0.01769	0.01003	0.01217	0.00812	0.00418	0.00465	0.00107	0.00535	0.00404	0.00311	0.63001
7	0.01183	0.02019	0.35979	0.04711	0.02523	0.01352	0.32858	0.01681	0.01174	0.01681	0.01004	0.01301	0.00752	0.00538	0.00700	0.00184	0.08847	0.00515	0.00251	0.00748
8	0.00680	0.00528	0.00621	0.00667	0.00785	0.00469	0.00483	0.00824	0.01212	0.01550	0.14578	0.32816	0.36697	0.01469	0.00668	0.00199	0.00298	0.04474	0.00519	0.00463
9	0.00672	0.00480	0.00642	0.00768	0.00803	0.00450	0.00520	0.00773	0.01052	0.01401	0.03000	0.77706	0.03588	0.01700	0.00698	0.00223	0.00323	0.04249	0.00506	0.00445
10	0.01239	0.06893	0.36197	0.09478	0.02377	0.01283	0.18824	0.04427	0.01274	0.05687	0.06182	0.01477	0.01069	0.00557	0.00550	0.00172	0.00748	0.00510	0.00302	0.00754
11	0.01308	0.01130	0.01130	0.10368	0.01542	0.17635	0.00915	0.04221	0.01340	0.09267	0.02151	0.17074	0.03453	0.01105	0.00631	0.00201	0.00596	0.24899	0.00443	0.00590
12	0.00676	0.00554	0.00601	0.00622	0.00785	0.00479	0.00474	0.00828	0.01243	0.01519	0.08745	0.11371	0.60046	0.01406	0.00659	0.00193	0.00301	0.08521	0.00511	0.00466
13	0.84691	0.01054	0.00801	0.00717	0.01054	0.01223	0.00590	0.01603	0.00928	0.02446	0.00759	0.00886	0.00590	0.00506	0.00337	0.00169	0.00422	0.00295	0.00337	0.00590
14	0.01312	0.01547	0.12624	0.30866	0.02898	0.06147	0.23441	0.11205	0.01376	0.01805	0.01046	0.01369	0.00776	0.00531	0.00567	0.00176	0.00794	0.00513	0.00292	0.00715
15	0.01633	0.01410	0.01589	0.01297	0.01671	0.06278	0.08480	0.27249	0.39285	0.02557	0.01714	0.01667	0.01271	0.00672	0.00557	0.00175	0.00572	0.00560	0.00506	0.00857
16	0.01776	0.33643	0.02069	0.01219	0.01563	0.45534	0.01011	0.01930	0.01346	0.01313	0.00804	0.00948	0.00702	0.00539	0.00483	0.00135	0.03737	0.00332	0.00260	0.00657
17	0.01130	0.00969	0.01130	0.00807	0.01292	0.00727	0.00646	0.01373	0.01130	0.01776	0.00969	0.01130	0.00807	0.00404	0.00404	0.00081	0.00404	0.00323	0.00323	0.84173
18	0.09939	0.04042	0.30255	0.01450	0.02031	0.01453	0.11845	0.28254	0.01654	0.02404	0.01087	0.01219	0.00785	0.00556	0.00523	0.00169	0.00703	0.00455	0.00361	0.00815
19	0.00717	0.00513	0.00638	0.00717	0.00768	0.00486	0.00488	0.00808	0.01024	0.01340	0.02962	0.44306	0.11881	0.21943	0.01229	0.00299	0.00385	0.08615	0.00461	0.00422
20	0.00664	0.00474	0.00633	0.00759	0.00791	0.00443	0.00506	0.00759	0.01044	0.01392	0.03005	0.80485	0.03606	0.01708	0.00696	0.00221	0.00316	0.01550	0.00506	0.00443
21	0.01207	0.03941	0.35702	0.01942	0.02602	0.01348	0.41792	0.01735	0.01224	0.01727	0.01041	0.01318	0.00765	0.00485	0.00582	0.00177	0.00862	0.00531	0.00255	0.00765
22	0.01081	0.00799	0.00932	0.00951	0.03788	0.05255	0.00660	0.05079	0.05881	0.07666	0.01997	0.24653	0.02064	0.17470	0.18763	0.00414	0.00703	0.00878	0.00420	0.00548
23	0.00644	0.00552	0.00552	0.00552	0.00736	0.00460	0.00414	0.00782	0.01243	0.01473	0.05523	0.05247	0.77218	0.01381	0.00644	0.00184	0.00276	0.01151	0.00506	0.00460
24	0.01072	0.01127	0.08979	0.26287	0.02105	0.01086	0.01085	0.04046	0.23174	0.01804	0.05914	0.02494	0.16978	0.00802	0.00570	0.00181	0.00529	0.00676	0.00413	0.00677
25	0.01173	0.02266	0.47322	0.01859	0.02561	0.01312	0.32152	0.01735	0.01207	0.01735	0.01029	0.01282	0.00747	0.00494	0.00569	0.00177	0.00852	0.00502	0.00249	0.00777
26	0.01776	0.02169	0.01577	0.09791	0.01861	0.56425	0.01128	0.01936	0.01368	0.01337	0.00833	0.01072	0.00707	0.00631	0.00732	0.00163	0.15214	0.00388	0.00269	0.00623
27	0.01271	0.01420	0.03006	0.02147	0.02692	0.01313	0.67891	0.01709	0.01271	0.01749	0.01089	0.01436	0.00825	0.00454	0.00619	0.00173	0.00867	0.00611	0.00281	0.09177
28	0.11070	0.33234	0.17066	0.01232	0.01725	0.09608	0.08650	0.01828	0.07912	0.01646	0.00976	0.01105	0.00785	0.00515	0.00444	0.00149	0.00670	0.00385	0.00283	0.00719
29	0.01287	0.02275	0.57363	0.01368	0.02041	0.01112	0.01660	0.01812	0.01259	0.14496	0.08881	0.01564	0.01251	0.00605	0.00536	0.00172	0.00693	0.00486	0.00342	0.00797
30	0.00793	0.00529	0.00595	0.00595	0.00595	0.00529	0.00330	0.00793	0.00793	0.01057	0.01718	0.03568	0.01982	0.80840	0.02775	0.00529	0.00529	0.00793	0.00330	0.00330
31	0.00851	0.00636	0.00770	0.00805	0.00940	0.00615	0.00615	0.08428	0.01314	0.01704	0.06707	0.34648	0.21769	0.01451	0.00677	0.00210	0.00371	0.16461	0.00513	0.00512
32	0.01356	0.06187	0.26226	0.22747	0.02589	0.08028	0.11742	0.06458	0.01302	0.06710	0.01068	0.01304	0.00779	0.00537	0.00535	0.00170	0.00767	0.00463	0.00294	0.00737
33	0.01431	0.00698	0.00946	0.00891	0.01110	0.00634	0.00709	0.01619	0.01331	0.32035	0.06384	0.25433	0.04975	0.01208	0.00646	0.00204	0.00415	0.18100	0.00577	0.00655
34	0.00685	0.00511	0.00642	0.00738	0.00818	0.00469	0.00528	0.00809	0.01117	0.01440	0.03599	0.53484	0.21334	0.01605	0.00690	0.00216	0.00329	0.10027	0.00506	0.00454
35	0.01603	0.01787	0.11423	0.01799	0.02306	0.15351	0.37551	0.10000	0.01485	0.09550	0.01170	0.01366	0.00852	0.00528	0.00581	0.00171	0.00836	0.00536	0.00341	0.00765
36	0.01837	0.01921	0.06509	0.10669	0.02031	0.28986	0.04694	0.32486	0.01876	0.02257	0.01072	0.01208	0.00804	0.00591	0.00529	0.00159	0.00780	0.00442	0.00383	0.00767
37	0.15662	0.08448	0.03182	0.00951	0.01228	0.01112	0.00804	0.09216	0.10126	0.03760	0.01478	0.02042	0.01299	0.01801	0.25678	0.00398	0.00809	0.07890	0.00382	0.03733
38	0.23896	0.23375	0.01753	0.01016	0.01426	0.02675	0.07047	0.05947	0.01297	0.21917	0.04012	0.01330	0.01029	0.00567	0.00447	0.00155	0.00532	0.00427	0.00412	0.00738
39	0.17667	0.04531	0.05594	0.04598	0.01618	0.21867	0.03281	0.10695	0.06376	0.09657	0.01210	0.04152	0.00954	0.00610	0.00485	0.00158	0.00648	0.00453	0.00385	0.05062
40	0.04572	0.17411	0.15824	0.03299	0.01754	0.11599	0.08631	0.02886	0.02924	0.12058	0.05364	0.01598	0.01178	0.00723	0.03148	0.00183	0.00694	0.03145	0.00353	0.02654

[dist]
# distance from previous block
# <min> <max>
5	50

[block]
# block no. 8 follows, 44 sequences, length 53
# corresponding to MSA columns:
# 836-875,897-909
name=unknown_I
#
# <colnr> <probs for GDERKNQSTAVLIFYWHMCP>
#	G	D	E	R	K	N	Q	S	T	A	V	L	I	F	Y	W	H	M	C	P
0	0.05261	0.08492	0.04123	0.02780	0.01227	0.08041	0.00734	0.03496	0.02748	0.04862	0.01690	0.06514	0.07515	0.15913	0.04397	0.00250	0.02215	0.01710	0.00359	0.17673
1	0.29780	0.03861	0.01356	0.01140	0.01446	0.28285	0.06032	0.01786	0.01231	0.05184	0.01094	0.03496	0.00961	0.00650	0.00526	0.00167	0.04040	0.05822	0.00337	0.02805
2	0.10755	0.00869	0.01066	0.00853	0.01192	0.00780	0.06118	0.04597	0.01299	0.10001	0.09154	0.02764	0.25266	0.00829	0.00532	0.00152	0.00406	0.00693	0.00450	0.22223
3	0.18273	0.01251	0.01164	0.00958	0.01328	0.13517	0.02855	0.01804	0.11059	0.07575	0.01558	0.01597	0.07545	0.00601	0.00463	0.00140	0.00513	0.00458	0.00390	0.26949
4	0.00915	0.00737	0.00797	0.00740	0.00948	0.00726	0.00568	0.07575	0.13498	0.01895	0.17839	0.04147	0.40860	0.03571	0.00688	0.00192	0.00339	0.02862	0.00530	0.00572
5	0.00928	0.00744	0.00822	0.00767	0.00975	0.00749	0.00586	0.01520	0.23622	0.03341	0.26865	0.03866	0.30918	0.01095	0.00616	0.00180	0.00320	0.00930	0.00553	0.00605
6	0.01369	0.01265	0.02028	0.04808	0.02031	0.01269	0.27562	0.16673	0.05117	0.02051	0.01158	0.01408	0.00903	0.00745	0.05084	0.00200	0.06158	0.00518	0.00352	0.19301
7	0.00688	0.00496	0.00658	0.00779	0.00828	0.00465	0.00545	0.00803	0.01077	0.01423	0.03101	0.68536	0.06772	0.01670	0.00700	0.00223	0.00336	0.09943	0.00506	0.00450
8	0.01663	0.01666	0.01383	0.01221	0.01537	0.25720	0.00945	0.12058	0.43347	0.02132	0.01668	0.01610	0.01266	0.00673	0.00534	0.00168	0.00627	0.00517	0.00467	0.00799
9	0.01229	0.01997	0.40384	0.04925	0.02244	0.01150	0.15701	0.01713	0.01199	0.07028	0.01082	0.01271	0.00786	0.00497	0.00524	0.00157	0.00724	0.00447	0.00288	0.16654
10	0.01599	0.07116	0.16900	0.01418	0.01881	0.17568	0.14019	0.10554	0.03745	0.10772	0.05975	0.03533	0.01205	0.00623	0.00543	0.00164	0.00726	0.00526	0.00378	0.00753
11	0.01107	0.05677	0.75275	0.01531	0.02325	0.01299	0.01975	0.01723	0.01149	0.01710	0.00970	0.01141	0.00691	0.00516	0.00512	0.00171	0.00798	0.00399	0.00230	0.00802
12	0.01059	0.00654	0.00896	0.00954	0.01118	0.00630	0.00816	0.01293	0.01297	0.11603	0.05646	0.08320	0.07022	0.01384	0.00714	0.00233	0.00469	0.54810	0.00529	0.00554
13	0.01232	0.09451	0.63469	0.01479	0.02218	0.01312	0.04049	0.01789	0.01182	0.07388	0.01051	0.01189	0.00745	0.00523	0.00509	0.00168	0.00764	0.00411	0.00265	0.00804
14	0.02084	0.01264	0.01437	0.01111	0.01524	0.01316	0.00915	0.46842	0.02146	0.26912	0.01892	0.01778	0.06776	0.00715	0.00554	0.00167	0.00532	0.00558	0.00584	0.00892
15	0.00714	0.00542	0.00657	0.00655	0.00786	0.00486	0.00481	0.00907	0.01368	0.01832	0.42535	0.16687	0.27777	0.01294	0.00652	0.00183	0.00273	0.01129	0.00555	0.00486
16	0.08513	0.05102	0.22465	0.07858	0.20475	0.03541	0.20939	0.01692	0.01194	0.01753	0.00989	0.01265	0.00763	0.00495	0.00535	0.00170	0.00754	0.00476	0.00263	0.00758
17	0.01130	0.01072	0.01817	0.55560	0.26939	0.01238	0.01564	0.01481	0.01138	0.01515	0.00987	0.01421	0.00770	0.00526	0.00543	0.00175	0.00702	0.00485	0.00251	0.00687
18	0.00664	0.00474	0.00633	0.00759	0.00791	0.00443	0.00506	0.00759	0.01044	0.01392	0.03005	0.80485	0.03606	0.01708	0.00696	0.00221	0.00316	0.01550	0.00506	0.00443
19	0.01123	0.02373	0.58254	0.01542	0.02234	0.01219	0.11434	0.01739	0.04339	0.01779	0.01116	0.01307	0.00811	0.00530	0.00524	0.00171	0.00757	0.00452	0.07524	0.00773
20	0.25149	0.01342	0.07943	0.01052	0.01489	0.01278	0.00932	0.28413	0.01707	0.23525	0.01359	0.01328	0.00929	0.00607	0.00486	0.00167	0.00531	0.00444	0.00496	0.00823
21	0.00672	0.00480	0.00642	0.00769	0.00804	0.00450	0.00520	0.00773	0.01052	0.01401	0.03000	0.77627	0.03588	0.01700	0.00698	0.00223	0.00323	0.04326	0.00506	0.00445
22	0.84691	0.01054	0.00801	0.00717	0.01054	0.01223	0.00590	0.01603	0.00928	0.02446	0.00759	0.00886	0.00590	0.00506	0.00337	0.00169	0.00422	0.00295	0.00337	0.00590
23	0.00793	0.00529	0.00595	0.00595	0.00595	0.00529	0.00330	0.00793	0.00793	0.01057	0.01718	0.03568	0.01982	0.80840	0.02775	0.00529	0.00529	0.00793	0.00330	0.00330
