[name]
unknown

[dist]
# distance from previous block
# <min> <max>
16	266

[block]
# block no. 0 follows, 39 sequences, length 21
# corresponding to MSA columns:
# 345-365
name=unknown_A
#
# <colnr> <probs for GDERKNQSTAVLIFYWHMCP>
#	G	D	E	R	K	N	Q	S	T	A	V	L	I	F	Y	W	H	M	C	P
0	0.08779	0.02539	0.01366	0.09873	0.01712	0.07475	0.04088	0.11150	0.03018	0.11252	0.06519	0.14184	0.06715	0.00907	0.00594	0.00183	0.00564	0.00762	0.00481	0.07839
1	0.12908	0.01207	0.01200	0.06213	0.04679	0.09888	0.00830	0.03982	0.08118	0.03333	0.06484	0.01950	0.04652	0.04780	0.00640	0.00176	0.00536	0.00541	0.07614	0.20268
2	0.01052	0.00851	0.01031	0.00817	0.01169	0.00685	0.00637	0.01322	0.01427	0.02126	0.34334	0.02658	0.02987	0.00784	0.00554	0.00132	0.00367	0.00673	0.00485	0.45910
3	0.01397	0.11915	0.12514	0.26987	0.21374	0.05520	0.02895	0.05768	0.01351	0.01778	0.01064	0.01398	0.00843	0.00639	0.02014	0.00192	0.00784	0.00484	0.00290	0.00793
4	0.00718	0.00560	0.00652	0.00712	0.00832	0.00494	0.00502	0.00854	0.01269	0.01606	0.09167	0.39488	0.37754	0.01644	0.00725	0.00218	0.00318	0.01437	0.00556	0.00494
5	0.00736	0.00526	0.00700	0.00813	0.00861	0.00490	0.00550	0.00861	0.01202	0.01621	0.12555	0.69218	0.04127	0.01770	0.00747	0.00233	0.00335	0.01602	0.00562	0.00490
6	0.01282	0.00714	0.00870	0.00767	0.01021	0.00619	0.00598	0.01491	0.01539	0.22471	0.25145	0.04298	0.34472	0.01201	0.00670	0.00191	0.00350	0.01015	0.00630	0.00657
7	0.00996	0.00640	0.00841	0.00771	0.00938	0.00585	0.00585	0.01271	0.01676	0.08817	0.68830	0.04207	0.05219	0.01167	0.00688	0.00186	0.00299	0.01028	0.00658	0.00597
8	0.01923	0.01495	0.01592	0.01295	0.01710	0.01682	0.01045	0.44090	0.32776	0.03203	0.01833	0.01749	0.01340	0.00749	0.00596	0.00187	0.00574	0.00589	0.00596	0.00977
9	0.01464	0.01405	0.02400	0.03630	0.75528	0.01405	0.01815	0.01815	0.01347	0.01932	0.01112	0.01464	0.00937	0.00527	0.00585	0.00176	0.00703	0.00527	0.00293	0.00937
10	0.06437	0.01140	0.01299	0.07670	0.01569	0.13510	0.04512	0.01412	0.01114	0.01507	0.01325	0.01883	0.01188	0.02882	0.45798	0.00638	0.04654	0.00561	0.00310	0.00591
11	0.01162	0.01043	0.01851	0.10405	0.02026	0.01062	0.23975	0.01503	0.01418	0.04628	0.25626	0.02759	0.06428	0.00861	0.00771	0.00195	0.07298	0.00800	0.05524	0.00666
12	0.32634	0.01229	0.01210	0.00969	0.01403	0.01272	0.00786	0.15833	0.09499	0.02614	0.01186	0.01271	0.00914	0.00573	0.00459	0.00154	0.00490	0.00409	0.00431	0.26663
13	0.01628	0.01362	0.07255	0.01462	0.11273	0.06499	0.01088	0.10724	0.07411	0.16257	0.12541	0.02482	0.10468	0.00864	0.00704	0.00188	0.05774	0.00696	0.00514	0.00811
14	0.01569	0.11397	0.46335	0.01473	0.02180	0.03478	0.01707	0.09155	0.03419	0.11958	0.01272	0.01354	0.00900	0.00601	0.00549	0.00178	0.00769	0.00458	0.00360	0.00888
15	0.01905	0.06158	0.29916	0.04741	0.02072	0.07149	0.01452	0.07909	0.01560	0.29087	0.01531	0.01527	0.01035	0.00638	0.00566	0.00179	0.00719	0.00495	0.00458	0.00903
16	0.00726	0.00600	0.00637	0.00628	0.00815	0.00511	0.00471	0.00901	0.01412	0.01750	0.19601	0.05441	0.61583	0.01441	0.00699	0.00197	0.00296	0.01213	0.00569	0.00511
17	0.06910	0.01599	0.04723	0.01466	0.08445	0.19455	0.02459	0.07720	0.01536	0.18667	0.01779	0.08924	0.05212	0.00831	0.00704	0.00188	0.07504	0.00640	0.00456	0.00782
18	0.01987	0.09700	0.01699	0.01279	0.01641	0.25851	0.05432	0.02327	0.08546	0.23849	0.01757	0.10328	0.01438	0.00789	0.00578	0.00176	0.00709	0.00633	0.00483	0.00797
19	0.01163	0.00666	0.00809	0.00781	0.00985	0.00579	0.00581	0.01315	0.01356	0.18932	0.04215	0.29496	0.33975	0.01439	0.00693	0.00209	0.00362	0.01242	0.00592	0.00611
20	0.01490	0.01043	0.01455	0.01252	0.01381	0.01288	0.01020	0.01652	0.01096	0.18800	0.01378	0.01839	0.01170	0.06523	0.17521	0.00407	0.39029	0.00581	0.00388	0.00688

[dist]
# distance from previous block
# <min> <max>
2	3

[block]
# block no. 1 follows, 39 sequences, length 20
# corresponding to MSA columns:
# 375-394
name=unknown_B
#
# <colnr> <probs for GDERKNQSTAVLIFYWHMCP>
#	G	D	E	R	K	N	Q	S	T	A	V	L	I	F	Y	W	H	M	C	P
0	0.34214	0.10043	0.01756	0.01887	0.26595	0.12982	0.01157	0.01863	0.01246	0.02086	0.00935	0.01147	0.00773	0.00546	0.00468	0.00170	0.00653	0.00399	0.00319	0.00761
1	0.01387	0.01446	0.02840	0.02881	0.34498	0.01404	0.37194	0.01802	0.01344	0.01875	0.01187	0.01588	0.00955	0.00783	0.05910	0.00241	0.00909	0.00619	0.00298	0.00840
2	0.00962	0.00818	0.01271	0.19170	0.06744	0.00915	0.03216	0.01265	0.03207	0.01562	0.05049	0.07668	0.08581	0.02461	0.33843	0.00527	0.01029	0.00752	0.00362	0.00601
3	0.01256	0.06544	0.01781	0.01423	0.01477	0.01720	0.01193	0.01391	0.00969	0.01438	0.01286	0.01698	0.08019	0.01044	0.01714	0.00244	0.65303	0.00575	0.00287	0.00640
4	0.00860	0.00573	0.00645	0.00645	0.00645	0.00573	0.00358	0.00860	0.00860	0.01147	0.01863	0.03870	0.02150	0.79217	0.03010	0.00573	0.00573	0.00860	0.00358	0.00358
5	0.79091	0.01136	0.00896	0.00792	0.01163	0.01302	0.00653	0.01799	0.01043	0.06559	0.00904	0.01017	0.00684	0.00559	0.00378	0.00183	0.00460	0.00335	0.00385	0.00660
6	0.01186	0.03059	0.76153	0.01686	0.02560	0.01373	0.02185	0.01873	0.01249	0.01873	0.01061	0.01249	0.00749	0.00562	0.00562	0.00187	0.00874	0.00437	0.00250	0.00874
7	0.02214	0.02684	0.01687	0.01505	0.01829	0.68154	0.01140	0.10608	0.01804	0.01711	0.00973	0.01107	0.00790	0.00621	0.00540	0.00155	0.01018	0.00398	0.00338	0.00723
8	0.01491	0.01212	0.01501	0.15439	0.05496	0.04559	0.01114	0.27462	0.01706	0.02280	0.01375	0.01763	0.01123	0.02025	0.28241	0.00460	0.01035	0.00561	0.00405	0.00751
9	0.00810	0.00583	0.00748	0.00746	0.00852	0.00541	0.00533	0.01021	0.01472	0.02047	0.50709	0.19840	0.07586	0.08727	0.00928	0.00234	0.00321	0.01183	0.00598	0.00521
10	0.01436	0.24248	0.15944	0.07073	0.07556	0.05205	0.26841	0.01845	0.01309	0.01702	0.01036	0.01313	0.00820	0.00525	0.00560	0.00172	0.00839	0.00504	0.00274	0.00795
11	0.01702	0.09159	0.37095	0.01405	0.02056	0.01441	0.01551	0.17812	0.01677	0.15347	0.04190	0.01516	0.01118	0.00644	0.00563	0.00179	0.00715	0.00499	0.00426	0.00904
12	0.00721	0.00515	0.00686	0.00823	0.00858	0.00480	0.00549	0.00823	0.01132	0.01510	0.03259	0.78831	0.03911	0.01853	0.00755	0.00240	0.00343	0.01681	0.00549	0.00480
13	0.01004	0.00992	0.11128	0.00863	0.01148	0.00713	0.00784	0.01330	0.04269	0.06705	0.18880	0.04188	0.29818	0.04436	0.00754	0.00210	0.00420	0.05641	0.06102	0.00614
14	0.04342	0.04562	0.53177	0.01543	0.02255	0.04852	0.03843	0.05686	0.01358	0.05542	0.01276	0.06637	0.01017	0.00666	0.00569	0.00187	0.00798	0.00533	0.00320	0.00838
15	0.01464	0.01405	0.02400	0.03630	0.75528	0.01405	0.01815	0.01815	0.01347	0.01932	0.01112	0.01464	0.00937	0.00527	0.00585	0.00176	0.00703	0.00527	0.00293	0.00937
16	0.02284	0.01363	0.01574	0.01226	0.01670	0.01429	0.01008	0.42020	0.05964	0.28666	0.01795	0.01708	0.01228	0.00896	0.04144	0.00217	0.00634	0.00566	0.00628	0.00980
17	0.05950	0.01725	0.17745	0.11918	0.12002	0.01419	0.14626	0.13343	0.04448	0.09140	0.01308	0.01504	0.00949	0.00598	0.00593	0.00188	0.00754	0.00541	0.00386	0.00863
18	0.01441	0.01801	0.13049	0.11182	0.14408	0.08755	0.31576	0.04848	0.01420	0.01875	0.01184	0.03526	0.00942	0.00579	0.00629	0.00189	0.00883	0.00602	0.00306	0.00803
19	0.00721	0.00515	0.00686	0.00823	0.00858	0.00480	0.00549	0.00823	0.01132	0.01510	0.03259	0.78831	0.03911	0.01853	0.00755	0.00240	0.00343	0.01681	0.00549	0.00480

[dist]
# distance from previous block
# <min> <max>
0	1

[block]
# block no. 2 follows, 39 sequences, length 21
# corresponding to MSA columns:
# 396,399-405,493-505
name=unknown_C
#
# <colnr> <probs for GDERKNQSTAVLIFYWHMCP>
#	G	D	E	R	K	N	Q	S	T	A	V	L	I	F	Y	W	H	M	C	P
0	0.01541	0.05700	0.06200	0.01130	0.01625	0.05767	0.03699	0.07517	0.01415	0.09488	0.01181	0.01316	0.00920	0.00547	0.00570	0.00131	0.04881	0.00418	0.00387	0.45569
1	0.04874	0.10584	0.07330	0.01705	0.17087	0.11001	0.02972	0.11794	0.01499	0.01975	0.01646	0.21608	0.01656	0.00912	0.00592	0.00186	0.00649	0.00776	0.00399	0.00753
2	0.01683	0.20629	0.01909	0.01311	0.04909	0.13036	0.01032	0.10650	0.29593	0.02142	0.01541	0.01544	0.01205	0.00656	0.00525	0.00165	0.00628	0.00498	0.00442	0.05904
3	0.00711	0.00582	0.00627	0.00652	0.00815	0.00499	0.00475	0.00858	0.01323	0.01623	0.09266	0.20305	0.57107	0.01553	0.00710	0.00207	0.00307	0.01325	0.00555	0.00499
4	0.01464	0.01466	0.04768	0.06429	0.58209	0.04733	0.01699	0.04526	0.01407	0.01946	0.01262	0.01831	0.01103	0.00624	0.00600	0.00183	0.00715	0.05830	0.00321	0.00884
5	0.01027	0.00514	0.00770	0.00770	0.00770	0.00514	0.00514	0.00770	0.00770	0.01027	0.01027	0.01798	0.01027	0.02054	0.02311	0.82794	0.00514	0.00514	0.00257	0.00257
6	0.01294	0.01294	0.01811	0.01553	0.01553	0.01811	0.01294	0.01423	0.00906	0.01423	0.00776	0.01294	0.00776	0.01035	0.01941	0.00259	0.78134	0.00518	0.00259	0.00647
7	0.00879	0.00595	0.00707	0.00734	0.00761	0.00595	0.00478	0.00933	0.00961	0.01272	0.02118	0.04432	0.02402	0.63640	0.02570	0.00513	0.00568	0.15052	0.00396	0.00396
8	0.00699	0.00599	0.00599	0.00599	0.00799	0.00499	0.00449	0.00849	0.01348	0.01598	0.05991	0.05691	0.75288	0.01498	0.00699	0.00200	0.00300	0.01248	0.00549	0.00499
9	0.83394	0.01144	0.00869	0.00778	0.01144	0.01327	0.00640	0.01738	0.01006	0.02653	0.00823	0.00961	0.00640	0.00549	0.00366	0.00183	0.00457	0.00320	0.00366	0.00640
10	0.01725	0.02005	0.01774	0.01630	0.04909	0.36562	0.01247	0.01875	0.01282	0.01457	0.00855	0.01196	0.00777	0.00816	0.01229	0.00206	0.39043	0.00455	0.00282	0.00677
11	0.00718	0.00526	0.00674	0.00792	0.00850	0.00483	0.00535	0.00827	0.01162	0.01522	0.03638	0.68687	0.13810	0.01804	0.00747	0.00235	0.00337	0.01621	0.00549	0.00483
12	0.01396	0.01595	0.03490	0.02493	0.03091	0.01496	0.73380	0.01894	0.01396	0.01894	0.01196	0.01595	0.00897	0.00499	0.00698	0.00199	0.00997	0.00698	0.00299	0.00798
13	0.02074	0.01567	0.01724	0.07060	0.01967	0.01753	0.01141	0.60019	0.10956	0.03416	0.01506	0.01523	0.01082	0.00712	0.00593	0.00182	0.00640	0.00548	0.00568	0.00972
14	0.02073	0.02560	0.01808	0.01908	0.15294	0.63060	0.01265	0.02262	0.01616	0.01536	0.00950	0.01139	0.00794	0.00594	0.00543	0.00157	0.01000	0.00408	0.00303	0.00731
15	0.01464	0.01405	0.02400	0.03630	0.75528	0.01405	0.01815	0.01815	0.01347	0.01932	0.01112	0.01464	0.00937	0.00527	0.00585	0.00176	0.00703	0.00527	0.00293	0.00937
16	0.01269	0.00626	0.00715	0.00660	0.00844	0.00598	0.00507	0.01538	0.01391	0.12662	0.16591	0.02619	0.02318	0.00799	0.00496	0.00154	0.00308	0.00661	0.54629	0.00617
17	0.01551	0.01408	0.02237	0.10311	0.59535	0.04006	0.01699	0.04413	0.01413	0.06027	0.01178	0.01489	0.00948	0.00554	0.00585	0.00177	0.00710	0.00526	0.00325	0.00908
18	0.01593	0.01642	0.04341	0.01551	0.05858	0.22334	0.13434	0.04662	0.04822	0.07280	0.10060	0.07513	0.01794	0.00944	0.03789	0.00212	0.00780	0.02567	0.00424	0.04403
19	0.00719	0.00542	0.00666	0.00757	0.00842	0.00489	0.00521	0.00843	0.01215	0.01570	0.07019	0.55207	0.24015	0.01726	0.00737	0.00227	0.00328	0.01534	0.00553	0.00489
20	0.01133	0.00622	0.00835	0.00869	0.00996	0.00565	0.00617	0.01268	0.01268	0.17280	0.05346	0.60221	0.03447	0.01595	0.00719	0.00226	0.00375	0.01432	0.00591	0.00594

[dist]
# distance from previous block
# <min> <max>
0	1

[block]
# block no. 3 follows, 39 sequences, length 24
# corresponding to MSA columns:
# 507-510,514-533
name=unknown_D
#
# <colnr> <probs for GDERKNQSTAVLIFYWHMCP>
#	G	D	E	R	K	N	Q	S	T	A	V	L	I	F	Y	W	H	M	C	P
0	0.06685	0.01537	0.01907	0.10771	0.19489	0.12160	0.07321	0.12453	0.07523	0.12301	0.01383	0.01530	0.01026	0.00622	0.00578	0.00181	0.00721	0.00529	0.00424	0.00859
1	0.00852	0.00585	0.00697	0.00685	0.00826	0.00538	0.00508	0.01089	0.01476	0.02110	0.40787	0.10972	0.18218	0.01221	0.00647	0.00184	0.00288	0.01058	0.16721	0.00538
2	0.01385	0.13356	0.01963	0.01950	0.29209	0.01302	0.01181	0.01758	0.05836	0.01880	0.01123	0.01333	0.00939	0.00505	0.00494	0.00134	0.00569	0.00431	0.00329	0.34322
3	0.05903	0.05452	0.01810	0.04237	0.01940	0.58532	0.05437	0.06762	0.01662	0.01675	0.00960	0.01129	0.00780	0.00602	0.00535	0.00159	0.00981	0.00409	0.00322	0.00712
4	0.00721	0.00515	0.00686	0.00823	0.00858	0.00480	0.00549	0.00823	0.01132	0.01510	0.03259	0.78831	0.03911	0.01853	0.00755	0.00240	0.00343	0.01681	0.00549	0.00480
5	0.00987	0.01025	0.08456	0.01150	0.01298	0.01050	0.00992	0.01213	0.00963	0.01421	0.01354	0.02059	0.01277	0.07543	0.47119	0.00688	0.19925	0.00600	0.00299	0.00581
6	0.01157	0.00760	0.01107	0.01092	0.01300	0.00724	0.05033	0.01428	0.01434	0.11011	0.10164	0.05503	0.09041	0.01404	0.00761	0.00243	0.00520	0.46139	0.00564	0.00614
7	0.00756	0.00597	0.00681	0.00670	0.00836	0.00522	0.00499	0.00956	0.01469	0.01907	0.33901	0.09077	0.43228	0.01400	0.00701	0.00196	0.00294	0.01199	0.00590	0.00522
8	0.01204	0.02936	0.70069	0.01753	0.02604	0.01384	0.08146	0.01875	0.01261	0.01875	0.01073	0.01278	0.00762	0.00557	0.00573	0.00188	0.00884	0.00459	0.00254	0.00868
9	0.01938	0.01502	0.01600	0.01298	0.01716	0.01689	0.01049	0.45437	0.31405	0.03227	0.01814	0.01734	0.01325	0.00747	0.00596	0.00187	0.00578	0.00587	0.00596	0.00978
10	0.00761	0.00560	0.00713	0.00762	0.00859	0.00512	0.00538	0.00937	0.01367	0.01847	0.30819	0.40516	0.14505	0.01560	0.00725	0.00214	0.00313	0.01390	0.00588	0.00512
11	0.01581	0.79572	0.03099	0.01012	0.01518	0.02340	0.01012	0.01771	0.01202	0.01391	0.00822	0.00949	0.00759	0.00506	0.00379	0.00126	0.00632	0.00316	0.00253	0.00759
12	0.01996	0.01576	0.01976	0.02090	0.25513	0.01696	0.01346	0.50504	0.02320	0.03150	0.01321	0.01434	0.00984	0.00651	0.00590	0.00177	0.00667	0.00531	0.00496	0.00984
13	0.01168	0.01379	0.13756	0.01738	0.13223	0.01059	0.16911	0.01578	0.03687	0.04418	0.06161	0.03214	0.21408	0.00928	0.00662	0.00199	0.00638	0.06723	0.00419	0.00730
14	0.01354	0.05768	0.14428	0.10466	0.48106	0.01402	0.01754	0.01748	0.01283	0.01819	0.01109	0.01462	0.00913	0.00763	0.04963	0.00222	0.00786	0.00507	0.00282	0.00865
15	0.00993	0.00841	0.01262	0.01730	0.24879	0.00825	0.00968	0.01252	0.04649	0.01696	0.02687	0.46172	0.06966	0.01357	0.00690	0.00215	0.00462	0.01238	0.00469	0.00649
16	0.02390	0.00945	0.01275	0.00999	0.01398	0.00825	0.00807	0.02603	0.01622	0.65086	0.06841	0.02318	0.01778	0.07333	0.00803	0.00216	0.00495	0.00647	0.00696	0.00924
17	0.01397	0.01369	0.04082	0.01658	0.13305	0.09812	0.05730	0.09087	0.12245	0.02003	0.02052	0.06743	0.06153	0.01224	0.06857	0.00264	0.03680	0.11151	0.00436	0.00751
18	0.01065	0.01094	0.09027	0.01521	0.16049	0.00920	0.01047	0.03931	0.08310	0.01902	0.09293	0.28810	0.07917	0.01216	0.00675	0.00210	0.00496	0.05347	0.00482	0.00687
19	0.00719	0.00521	0.00679	0.00805	0.00853	0.00482	0.00541	0.00825	0.01150	0.01517	0.03480	0.72919	0.09681	0.01824	0.00750	0.00237	0.00340	0.01646	0.00549	0.00482
20	0.01979	0.11605	0.01939	0.01461	0.01830	0.46794	0.06920	0.11918	0.01727	0.01799	0.01312	0.01432	0.05455	0.00657	0.00546	0.00159	0.00904	0.00474	0.00353	0.00736
21	0.05213	0.19225	0.09094	0.02064	0.22724	0.20267	0.07424	0.04169	0.01421	0.01771	0.00999	0.01220	0.00823	0.00550	0.00525	0.00162	0.00805	0.00442	0.00296	0.00807
22	0.01328	0.00856	0.05738	0.00924	0.01175	0.00731	0.00772	0.01559	0.01262	0.20854	0.02514	0.13035	0.10204	0.02148	0.25117	0.00435	0.00805	0.00816	0.09059	0.00667
23	0.00966	0.00636	0.00789	0.00833	0.00955	0.00625	0.00617	0.01283	0.07425	0.04537	0.14490	0.35693	0.03431	0.01389	0.00673	0.00212	0.00360	0.09344	0.15172	0.00570

[dist]
# distance from previous block
# <min> <max>
0	21

[block]
# block no. 4 follows, 39 sequences, length 16
# corresponding to MSA columns:
# 555-570
name=unknown_E
#
# <colnr> <probs for GDERKNQSTAVLIFYWHMCP>
#	G	D	E	R	K	N	Q	S	T	A	V	L	I	F	Y	W	H	M	C	P
0	0.10528	0.01079	0.01254	0.11014	0.07533	0.06948	0.00956	0.07494	0.03665	0.03306	0.07432	0.23185	0.02130	0.01310	0.06498	0.00259	0.03444	0.00868	0.00440	0.00657
1	0.01557	0.01281	0.02068	0.21976	0.35806	0.01329	0.04989	0.07557	0.01454	0.10338	0.01260	0.01546	0.00959	0.00575	0.00587	0.00179	0.00699	0.00534	0.00362	0.04944
2	0.01284	0.01155	0.01746	0.02177	0.34995	0.01107	0.03785	0.01708	0.07467	0.01983	0.07397	0.01981	0.04979	0.00794	0.03631	0.00191	0.00601	0.00589	0.03676	0.18756
3	0.00734	0.00549	0.00682	0.00758	0.00848	0.00497	0.00527	0.00876	0.01268	0.01666	0.15257	0.49894	0.20954	0.01668	0.00733	0.00222	0.00323	0.01483	0.00565	0.00497
4	0.01333	0.01333	0.01750	0.43314	0.15599	0.12416	0.01461	0.01652	0.01264	0.01598	0.01116	0.01600	0.00907	0.03720	0.00716	0.00200	0.03583	0.00519	0.05228	0.00691
5	0.00826	0.00604	0.00776	0.00733	0.00877	0.00553	0.00550	0.01095	0.01649	0.02312	0.69860	0.04516	0.10973	0.01231	0.00698	0.00187	0.00281	0.01083	0.00643	0.00553
6	0.00770	0.00552	0.00748	0.00864	0.00918	0.00539	0.00614	0.00902	0.01130	0.01512	0.02996	0.57879	0.03500	0.05398	0.09375	0.00338	0.00517	0.10446	0.00514	0.00489
7	0.00799	0.00613	0.00743	0.00770	0.00925	0.00556	0.00603	0.01012	0.01432	0.01861	0.25785	0.11029	0.32869	0.01469	0.00729	0.00215	0.00352	0.17134	0.00578	0.00526
8	0.01396	0.01595	0.03490	0.02493	0.03091	0.01496	0.73380	0.01894	0.01396	0.01894	0.01196	0.01595	0.00897	0.00499	0.00698	0.00199	0.00997	0.00698	0.00299	0.00798
9	0.00765	0.00602	0.00691	0.00669	0.00839	0.00527	0.00501	0.00977	0.01504	0.01969	0.39229	0.05080	0.41818	0.01359	0.00698	0.00193	0.00290	0.01162	0.00598	0.00527
10	0.01776	0.01998	0.02096	0.02746	0.44607	0.33054	0.01533	0.02044	0.01485	0.01729	0.01029	0.01297	0.00863	0.00562	0.00564	0.00166	0.00855	0.00466	0.00298	0.00831
11	0.01605	0.01240	0.01341	0.01186	0.01535	0.01403	0.00928	0.03113	0.66226	0.10786	0.02399	0.02184	0.01767	0.00794	0.00601	0.00199	0.00472	0.00660	0.00616	0.00944
12	0.01950	0.01470	0.01578	0.01283	0.01699	0.01642	0.01036	0.41683	0.31902	0.06504	0.01863	0.01767	0.01352	0.00749	0.00596	0.00187	0.00570	0.00591	0.00602	0.00977
13	0.09261	0.43064	0.02152	0.01016	0.01397	0.07730	0.00897	0.01811	0.07115	0.04753	0.01433	0.14294	0.01395	0.00780	0.00481	0.00161	0.00583	0.00593	0.00366	0.00719
14	0.01365	0.31263	0.36424	0.05052	0.11360	0.01735	0.01678	0.01812	0.01240	0.01685	0.00978	0.01178	0.00778	0.00538	0.00498	0.00164	0.00759	0.00407	0.00257	0.00829
15	0.01279	0.07104	0.25513	0.01206	0.01749	0.01169	0.01244	0.01900	0.13242	0.04880	0.07361	0.03558	0.01562	0.00702	0.00552	0.00165	0.00590	0.03941	0.00405	0.21878

[dist]
# distance from previous block
# <min> <max>
0	1

[block]
# block no. 5 follows, 39 sequences, length 7
# corresponding to MSA columns:
# 572-578
name=unknown_F
#
# <colnr> <probs for GDERKNQSTAVLIFYWHMCP>
#	G	D	E	R	K	N	Q	S	T	A	V	L	I	F	Y	W	H	M	C	P
0	0.01449	0.01445	0.02629	0.03391	0.60321	0.01424	0.16838	0.01832	0.01357	0.01924	0.01130	0.01491	0.00928	0.00521	0.00609	0.00181	0.00764	0.00563	0.00294	0.00908
1	0.01600	0.01338	0.01354	0.01172	0.01479	0.06581	0.00906	0.21476	0.34813	0.02476	0.01906	0.02157	0.01544	0.11928	0.06332	0.00296	0.00652	0.00636	0.00525	0.00828
2	0.83394	0.01144	0.00869	0.00778	0.01144	0.01327	0.00640	0.01738	0.01006	0.02653	0.00823	0.00961	0.00640	0.00549	0.00366	0.00183	0.00457	0.00320	0.00366	0.00640
3	0.00950	0.00630	0.00759	0.00768	0.00941	0.00559	0.00582	0.01124	0.01371	0.09402	0.12671	0.22692	0.35014	0.01484	0.00714	0.00214	0.00354	0.08634	0.00579	0.00559
4	0.04338	0.10880	0.01671	0.13837	0.04770	0.07951	0.05768	0.01836	0.12723	0.04529	0.04129	0.08591	0.04634	0.00913	0.00613	0.00197	0.00627	0.10855	0.00428	0.00709
5	0.00962	0.00838	0.01138	0.01069	0.01132	0.01028	0.00834	0.01103	0.01018	0.01431	0.02251	0.15111	0.12701	0.07521	0.21475	0.00452	0.28147	0.00872	0.00372	0.00546
6	0.06172	0.16601	0.08515	0.10898	0.02164	0.17218	0.07758	0.13634	0.01542	0.01960	0.01018	0.01242	0.00810	0.00623	0.00650	0.00175	0.07466	0.00453	0.00331	0.00769

[dist]
# distance from previous block
# <min> <max>
0	80

[block]
# block no. 6 follows, 39 sequences, length 10
# corresponding to MSA columns:
# 663-672
name=unknown_G
#
# <colnr> <probs for GDERKNQSTAVLIFYWHMCP>
#	G	D	E	R	K	N	Q	S	T	A	V	L	I	F	Y	W	H	M	C	P
0	0.01300	0.21921	0.31818	0.01477	0.07806	0.01469	0.01463	0.01789	0.06181	0.04080	0.01492	0.13877	0.01374	0.00776	0.00552	0.00180	0.00673	0.00636	0.00342	0.00794
1	0.00968	0.00700	0.00807	0.00762	0.00956	0.00649	0.00574	0.07441	0.01557	0.05331	0.25666	0.15118	0.34548	0.01358	0.00692	0.00199	0.00340	0.01164	0.00591	0.00582
2	0.01057	0.01557	0.24336	0.15489	0.07822	0.01065	0.06715	0.01448	0.01245	0.01716	0.06244	0.13548	0.08045	0.06178	0.00793	0.00224	0.00671	0.00799	0.00360	0.00690
3	0.01921	0.06831	0.19771	0.01630	0.08462	0.24021	0.01409	0.15869	0.01729	0.11033	0.01230	0.01321	0.00906	0.00619	0.00554	0.00170	0.00815	0.00458	0.00394	0.00858
4	0.00922	0.00724	0.00857	0.00897	0.01039	0.00739	0.00657	0.01431	0.18717	0.01838	0.09205	0.40375	0.12577	0.01490	0.00711	0.00223	0.00376	0.06051	0.00570	0.00602
5	0.00822	0.00601	0.00751	0.00715	0.00849	0.00552	0.00524	0.01056	0.01550	0.02149	0.58932	0.04526	0.14195	0.09100	0.00931	0.00227	0.00311	0.01071	0.00608	0.00530
6	0.01277	0.01643	0.19028	0.08426	0.16974	0.05631	0.06751	0.07377	0.01404	0.01903	0.03337	0.20198	0.01699	0.00895	0.00630	0.00197	0.00692	0.00802	0.00376	0.00759
7	0.01248	0.00805	0.01081	0.00986	0.01155	0.00898	0.00772	0.07564	0.01214	0.11142	0.01657	0.02252	0.01445	0.09301	0.43540	0.00646	0.06569	0.00624	0.06474	0.00626
8	0.00745	0.00601	0.00663	0.00647	0.00827	0.00519	0.00485	0.00937	0.01456	0.01854	0.28940	0.05269	0.52179	0.01402	0.00698	0.00195	0.00293	0.01189	0.00583	0.00519
9	0.00742	0.00589	0.00672	0.00707	0.00858	0.00518	0.00527	0.00908	0.01342	0.01687	0.13537	0.21423	0.45238	0.01551	0.00721	0.00213	0.00328	0.07372	0.00561	0.00506

[dist]
# distance from previous block
# <min> <max>
0	1

[block]
# block no. 7 follows, 39 sequences, length 16
# corresponding to MSA columns:
# 675-690
name=unknown_H
#
# <colnr> <probs for GDERKNQSTAVLIFYWHMCP>
#	G	D	E	R	K	N	Q	S	T	A	V	L	I	F	Y	W	H	M	C	P
0	0.01835	0.11995	0.10424	0.07195	0.05683	0.30161	0.05057	0.07118	0.01533	0.07251	0.01087	0.01266	0.00848	0.00622	0.00627	0.00170	0.05566	0.00448	0.00337	0.00776
1	0.01354	0.00794	0.00820	0.00729	0.00940	0.00833	0.00569	0.17216	0.01578	0.02539	0.01817	0.02033	0.01404	0.00694	0.00452	0.00147	0.00358	0.00547	0.64526	0.00651
2	0.01468	0.01837	0.14766	0.04727	0.09455	0.13328	0.14163	0.04724	0.01406	0.01892	0.01078	0.01316	0.00847	0.00523	0.00548	0.00152	0.00762	0.00464	0.00317	0.26227
3	0.05726	0.01298	0.01278	0.15549	0.01734	0.17892	0.00945	0.01447	0.01136	0.01431	0.01377	0.07560	0.01420	0.25396	0.01540	0.00317	0.12405	0.00668	0.00327	0.00555
4	0.00729	0.00521	0.00694	0.00818	0.00860	0.00486	0.00550	0.00845	0.01172	0.01573	0.08551	0.73358	0.04034	0.01805	0.00751	0.00236	0.00338	0.01636	0.00556	0.00486
5	0.01156	0.01215	0.04364	0.15589	0.18294	0.09679	0.01123	0.01416	0.01343	0.01669	0.06741	0.03119	0.25887	0.05000	0.00749	0.00207	0.00604	0.00792	0.00395	0.00658
6	0.00860	0.00573	0.00645	0.00645	0.00645	0.00573	0.00358	0.00860	0.00860	0.01147	0.01863	0.03870	0.02150	0.79217	0.03010	0.00573	0.00573	0.00860	0.00358	0.00358
7	0.01536	0.01357	0.01970	0.07770	0.26439	0.05248	0.10084	0.12273	0.08252	0.05143	0.01591	0.10476	0.01382	0.00750	0.00614	0.00188	0.00673	0.00690	0.02729	0.00836
8	0.83394	0.01144	0.00869	0.00778	0.01144	0.01327	0.00640	0.01738	0.01006	0.02653	0.00823	0.00961	0.00640	0.00549	0.00366	0.00183	0.00457	0.00320	0.00366	0.00640
9	0.00737	0.00521	0.00681	0.00803	0.00833	0.00491	0.00527	0.00828	0.01101	0.01468	0.03099	0.70204	0.03709	0.10756	0.01014	0.00279	0.00370	0.01587	0.00527	0.00466
10	0.00953	0.00681	0.00953	0.01089	0.01225	0.00681	0.00953	0.01225	0.01361	0.01770	0.03131	0.06671	0.03403	0.01634	0.00817	0.00272	0.00545	0.71547	0.00545	0.00545
11	0.01471	0.01270	0.01337	0.01203	0.01538	0.01471	0.00936	0.03142	0.74459	0.02474	0.02407	0.02206	0.01805	0.00802	0.00602	0.00201	0.00468	0.00669	0.00602	0.00936
12	0.00740	0.00609	0.00656	0.00669	0.00857	0.00526	0.00519	0.00914	0.01373	0.01674	0.10645	0.05719	0.61489	0.01493	0.00713	0.00208	0.00328	0.09802	0.00556	0.00509
13	0.47155	0.01298	0.01228	0.01003	0.01415	0.01442	0.00827	0.25720	0.01675	0.11443	0.01195	0.01234	0.00857	0.00623	0.00467	0.00181	0.00527	0.00422	0.00483	0.00804
14	0.01774	0.35098	0.02300	0.01202	0.01633	0.05652	0.01063	0.25578	0.01718	0.02215	0.01038	0.01171	0.00852	0.00632	0.00635	0.00156	0.09250	0.00416	0.00376	0.07239
15	0.14904	0.05410	0.01208	0.00983	0.01286	0.09739	0.00760	0.10207	0.01399	0.02044	0.01764	0.26944	0.01841	0.00983	0.00558	0.00175	0.00518	0.00811	0.00438	0.18029

[dist]
# distance from previous block
# <min> <max>
0	4

[block]
# block no. 8 follows, 39 sequences, length 16
# corresponding to MSA columns:
# 695-710
name=unknown_I
#
# <colnr> <probs for GDERKNQSTAVLIFYWHMCP>
#	G	D	E	R	K	N	Q	S	T	A	V	L	I	F	Y	W	H	M	C	P
0	0.01571	0.01329	0.01404	0.20385	0.02110	0.12462	0.01073	0.02373	0.28600	0.09773	0.01778	0.01858	0.01323	0.00699	0.00565	0.00183	0.00618	0.00568	0.10538	0.00789
1	0.09893	0.01967	0.24837	0.06301	0.05926	0.01545	0.01458	0.33080	0.01892	0.02742	0.01195	0.01325	0.00867	0.00620	0.00554	0.00179	0.00704	0.00474	0.00417	0.04023
2	0.11249	0.13123	0.20586	0.01525	0.06329	0.17710	0.05862	0.04517	0.01381	0.05889	0.01094	0.01281	0.00854	0.00808	0.05186	0.00217	0.00845	0.00440	0.00324	0.00779
3	0.01713	0.01069	0.01157	0.00961	0.01273	0.01139	0.00770	0.27514	0.09453	0.10532	0.01839	0.01904	0.01358	0.00713	0.00516	0.00163	0.00454	0.00561	0.36110	0.00802
4	0.00859	0.00578	0.00669	0.00669	0.00677	0.00586	0.00388	0.00875	0.00867	0.01164	0.01841	0.03748	0.02097	0.73322	0.08833	0.00603	0.00653	0.00842	0.00355	0.00372
5	0.01766	0.04891	0.05634	0.01293	0.04754	0.07343	0.05407	0.10747	0.01653	0.23376	0.10770	0.03582	0.10439	0.00856	0.00680	0.00185	0.04594	0.00697	0.00528	0.00806
6	0.01111	0.01255	0.09508	0.20015	0.23696	0.01103	0.05295	0.01453	0.01300	0.01720	0.02615	0.02790	0.24012	0.00846	0.00626	0.00191	0.00632	0.00751	0.00361	0.00720
7	0.00758	0.00542	0.00729	0.00867	0.00917	0.00513	0.00614	0.00889	0.01169	0.01552	0.03239	0.67129	0.03829	0.01817	0.00765	0.00245	0.00376	0.13011	0.00548	0.00491
8	0.01840	0.01504	0.01421	0.01194	0.01520	0.23867	0.05295	0.06336	0.01703	0.21488	0.19079	0.02516	0.07969	0.00851	0.00614	0.00176	0.00644	0.00695	0.00534	0.00752
9	0.05863	0.21966	0.02215	0.15166	0.11380	0.11748	0.05656	0.10834	0.06304	0.01945	0.01113	0.01322	0.00889	0.00584	0.00523	0.00167	0.00731	0.00462	0.00340	0.00792
10	0.00727	0.00562	0.00663	0.00719	0.00836	0.00498	0.00508	0.00872	0.01294	0.01659	0.13802	0.38358	0.34146	0.01619	0.00724	0.00216	0.00316	0.01419	0.00562	0.00498
11	0.01261	0.01198	0.02034	0.47029	0.33714	0.01352	0.01714	0.01637	0.01251	0.01686	0.01077	0.01530	0.00850	0.00565	0.00589	0.00188	0.00753	0.00526	0.00275	0.00773
12	0.01661	0.12959	0.06636	0.09838	0.12730	0.15575	0.04319	0.11100	0.02659	0.06546	0.01386	0.09406	0.01213	0.00726	0.00569	0.00176	0.00733	0.00598	0.00381	0.00790
13	0.01232	0.09479	0.12171	0.28683	0.09774	0.01273	0.05908	0.01594	0.01282	0.05693	0.02034	0.02246	0.14720	0.00743	0.00592	0.00186	0.00682	0.00641	0.00344	0.00724
14	0.00772	0.00578	0.00722	0.00814	0.00895	0.00549	0.00561	0.00990	0.05787	0.01633	0.07870	0.60403	0.12815	0.01704	0.00735	0.00229	0.00342	0.01527	0.00558	0.00516
15	0.01130	0.01357	0.15266	0.01109	0.01375	0.10288	0.00973	0.01452	0.05732	0.05020	0.02453	0.46124	0.02674	0.01336	0.00674	0.00214	0.00550	0.01170	0.00473	0.00633

[dist]
# distance from previous block
# <min> <max>
3	58

[block]
# block no. 9 follows, 39 sequences, length 33
# corresponding to MSA columns:
# 770-802
name=unknown_J
#
# <colnr> <probs for GDERKNQSTAVLIFYWHMCP>
#	G	D	E	R	K	N	Q	S	T	A	V	L	I	F	Y	W	H	M	C	P
0	0.08940	0.16591	0.09981	0.04554	0.03185	0.23024	0.01139	0.07070	0.08996	0.01910	0.01253	0.04500	0.01047	0.00659	0.00510	0.00166	0.00730	0.00481	0.04510	0.00753
1	0.11456	0.05316	0.03458	0.08532	0.22398	0.09634	0.01158	0.01692	0.01319	0.06199	0.01904	0.05866	0.11610	0.00756	0.00557	0.00175	0.00616	0.00625	0.00377	0.06352
2	0.01380	0.01555	0.16972	0.06268	0.22006	0.04394	0.01398	0.01921	0.10303	0.07284	0.06610	0.05932	0.01627	0.00757	0.00595	0.00187	0.00633	0.03349	0.06016	0.00812
3	0.00935	0.00622	0.00751	0.00845	0.05785	0.00619	0.00481	0.01016	0.00981	0.01417	0.01924	0.08797	0.02080	0.54144	0.02215	0.00444	0.00512	0.00841	0.15149	0.00441
4	0.01175	0.04198	0.22549	0.06893	0.05645	0.01396	0.02763	0.01523	0.01199	0.01741	0.12475	0.01974	0.04797	0.00865	0.01073	0.00211	0.27869	0.00609	0.00331	0.00712
5	0.00952	0.00684	0.00904	0.01001	0.01120	0.00683	0.00802	0.06264	0.01371	0.01805	0.03060	0.35498	0.03437	0.01656	0.00776	0.00252	0.00471	0.38163	0.00550	0.00552
6	0.02248	0.01656	0.01775	0.01361	0.01834	0.01834	0.01124	0.73556	0.02780	0.03727	0.01420	0.01420	0.01006	0.00710	0.00592	0.00177	0.00651	0.00532	0.00592	0.01006
7	0.00953	0.00681	0.00953	0.01089	0.01225	0.00681	0.00953	0.01225	0.01361	0.01770	0.03131	0.06671	0.03403	0.01634	0.00817	0.00272	0.00545	0.71547	0.00545	0.00545
8	0.83394	0.01144	0.00869	0.00778	0.01144	0.01327	0.00640	0.01738	0.01006	0.02653	0.00823	0.00961	0.00640	0.00549	0.00366	0.00183	0.00457	0.00320	0.00366	0.00640
9	0.01016	0.00752	0.00999	0.01103	0.01263	0.00776	0.00951	0.01457	0.10201	0.01855	0.03044	0.06131	0.03210	0.01533	0.00791	0.00264	0.00535	0.62976	0.00551	0.00592
10	0.02124	0.01595	0.01705	0.01336	0.01787	0.01776	0.01094	0.62337	0.14201	0.03527	0.01577	0.01545	0.01133	0.00725	0.00593	0.00181	0.00622	0.00554	0.00593	0.00995
11	0.27148	0.21896	0.01824	0.10370	0.01787	0.13649	0.01021	0.07524	0.01319	0.01996	0.00909	0.01108	0.00747	0.00599	0.00549	0.00170	0.05963	0.00384	0.00325	0.00710
12	0.01581	0.79572	0.03099	0.01012	0.01518	0.02340	0.01012	0.01771	0.01202	0.01391	0.00822	0.00949	0.00759	0.00506	0.00379	0.00126	0.00632	0.00316	0.00253	0.00759
13	0.00859	0.00589	0.00809	0.00892	0.00958	0.00594	0.00667	0.00975	0.01095	0.01463	0.02534	0.27906	0.02838	0.11981	0.13105	0.09684	0.00643	0.21488	0.00455	0.00466
14	0.01357	0.02363	0.47365	0.05263	0.16916	0.01370	0.01925	0.01890	0.01274	0.07448	0.01147	0.01366	0.00844	0.00603	0.00669	0.00190	0.06365	0.00476	0.00296	0.00871
15	0.00899	0.09878	0.14686	0.00973	0.01234	0.00854	0.00886	0.01124	0.01189	0.01574	0.02939	0.46486	0.12216	0.01420	0.00670	0.00213	0.00467	0.01245	0.00461	0.00586
16	0.02653	0.01006	0.01372	0.01052	0.01510	0.00869	0.00869	0.02882	0.01693	0.75937	0.02333	0.02013	0.01464	0.00732	0.00595	0.00183	0.00503	0.00595	0.00732	0.01006
17	0.00705	0.00599	0.00608	0.00605	0.00803	0.00502	0.00454	0.00861	0.01362	0.01632	0.09048	0.05635	0.72209	0.01485	0.00699	0.00199	0.00299	0.01240	0.00554	0.00502
18	0.01498	0.01516	0.07243	0.04562	0.45220	0.04666	0.07321	0.04932	0.03814	0.05235	0.01517	0.01844	0.04832	0.00637	0.00604	0.00183	0.00712	0.02435	0.00352	0.00877
19	0.07071	0.01575	0.06990	0.01511	0.04745	0.12879	0.01243	0.01681	0.01136	0.04475	0.01043	0.01531	0.00937	0.00880	0.01299	0.00221	0.42741	0.03419	0.03936	0.00686
20	0.33664	0.01598	0.08422	0.07522	0.06192	0.12332	0.06935	0.01774	0.01179	0.02024	0.00958	0.01235	0.00774	0.00802	0.04491	0.00227	0.08428	0.00434	0.00315	0.00695
21	0.01856	0.01400	0.01508	0.01253	0.01650	0.01567	0.01004	0.30235	0.41556	0.08312	0.02022	0.01889	0.01473	0.00762	0.00597	0.00190	0.00541	0.00611	0.00607	0.00968
22	0.01656	0.05606	0.01508	0.01271	0.01607	0.19804	0.00990	0.02884	0.53094	0.02170	0.01965	0.01866	0.01499	0.00741	0.00574	0.00185	0.00622	0.00581	0.00512	0.00866
23	0.01304	0.02169	0.32882	0.02099	0.02767	0.01468	0.39409	0.01853	0.01302	0.01853	0.01112	0.01433	0.00829	0.00562	0.00730	0.00199	0.06358	0.00579	0.00276	0.00818
24	0.00741	0.00569	0.00679	0.00718	0.00842	0.00507	0.00513	0.00906	0.01350	0.01759	0.22315	0.32403	0.31454	0.01557	0.00719	0.00211	0.00310	0.01363	0.00575	0.00507
25	0.01117	0.01051	0.01774	0.77795	0.04073	0.01314	0.01642	0.01511	0.01182	0.01511	0.01051	0.01577	0.00788	0.00591	0.00591	0.00197	0.00788	0.00526	0.00263	0.00657
26	0.00719	0.00594	0.00631	0.00635	0.00815	0.00506	0.00471	0.00883	0.01377	0.01696	0.15177	0.10779	0.60707	0.01484	0.00703	0.00201	0.00300	0.01255	0.00563	0.00506
27	0.83394	0.01144	0.00869	0.00778	0.01144	0.01327	0.00640	0.01738	0.01006	0.02653	0.00823	0.00961	0.00640	0.00549	0.00366	0.00183	0.00457	0.00320	0.00366	0.00640
28	0.01621	0.01328	0.01677	0.31940	0.02665	0.01545	0.01290	0.28968	0.18154	0.02559	0.01493	0.01658	0.01097	0.00683	0.00594	0.00190	0.00665	0.00560	0.00462	0.00850
29	0.02194	0.00885	0.01181	0.00958	0.01320	0.00786	0.00773	0.02418	0.01549	0.56052	0.02321	0.08511	0.01678	0.00983	0.03947	0.00215	0.00505	0.00682	0.12166	0.00877
30	0.00702	0.00587	0.00611	0.00631	0.00807	0.00497	0.00463	0.00845	0.01318	0.01585	0.05608	0.15949	0.65277	0.01548	0.00707	0.00205	0.00306	0.01309	0.00549	0.00497
31	0.00860	0.00573	0.00645	0.00645	0.00645	0.00573	0.00358	0.00860	0.00860	0.01147	0.01863	0.03870	0.02150	0.79217	0.03010	0.00573	0.00573	0.00860	0.00358	0.00358
32	0.41119	0.01806	0.06409	0.01223	0.04188	0.22348	0.00989	0.10373	0.01443	0.03870	0.00976	0.01103	0.00752	0.00588	0.00465	0.00174	0.00687	0.00383	0.00372	0.00730

[dist]
# distance from previous block
# <min> <max>
0	10

# created by:
# /home/cegg/simao/soft/augustus-3.2.1/scripts/msa2prfl.pl ./align_prep/23142.fa
