[name]
unknown

[dist]
# distance from previous block
# <min> <max>
3	10

[block]
# block no. 0 follows, 42 sequences, length 10
# corresponding to MSA columns:
# 11-20
name=unknown_A
#
# <colnr> <probs for GDERKNQSTAVLIFYWHMCP>
#	G	D	E	R	K	N	Q	S	T	A	V	L	I	F	Y	W	H	M	C	P
0	0.07597	0.03680	0.25256	0.01225	0.01780	0.07810	0.02957	0.05496	0.04681	0.13807	0.01242	0.01313	0.00902	0.00551	0.00499	0.00152	0.00638	0.00426	0.00377	0.19612
1	0.58671	0.01324	0.01337	0.01094	0.01476	0.09475	0.12834	0.01784	0.01112	0.05145	0.00906	0.01063	0.00692	0.00527	0.00426	0.00174	0.00583	0.00380	0.00345	0.00652
2	0.01049	0.00525	0.00525	0.00525	0.00656	0.00525	0.00393	0.01311	0.01180	0.02098	0.01836	0.02098	0.01442	0.00656	0.00393	0.00131	0.00262	0.00525	0.83346	0.00525
3	0.60842	0.06948	0.01153	0.00887	0.01253	0.08055	0.00734	0.10925	0.01239	0.02468	0.00862	0.00977	0.00671	0.00544	0.00390	0.00167	0.00521	0.00335	0.00363	0.00665
4	0.01049	0.00525	0.00525	0.00525	0.00656	0.00525	0.00393	0.01311	0.01180	0.02098	0.01836	0.02098	0.01442	0.00656	0.00393	0.00131	0.00262	0.00525	0.83346	0.00525
5	0.01268	0.01243	0.02248	0.11746	0.43212	0.01247	0.17085	0.01628	0.01311	0.01835	0.10253	0.01775	0.01405	0.00582	0.00594	0.00176	0.00689	0.00599	0.00318	0.00788
6	0.03799	0.03467	0.13294	0.01335	0.01602	0.08298	0.01211	0.04561	0.01193	0.13942	0.01203	0.06015	0.01024	0.00841	0.01119	0.00206	0.35284	0.00538	0.00354	0.00715
7	0.01562	0.02316	0.51004	0.01434	0.02130	0.01262	0.01677	0.11686	0.01472	0.18134	0.01314	0.01365	0.00891	0.00588	0.00545	0.00176	0.00728	0.00460	0.00379	0.00875
8	0.01693	0.28655	0.01959	0.01163	0.04267	0.01561	0.00971	0.06340	0.07604	0.20613	0.01589	0.01615	0.05328	0.00708	0.00709	0.00169	0.13352	0.00498	0.00421	0.00785
9	0.01272	0.07053	0.56863	0.01454	0.02145	0.07934	0.01748	0.01803	0.01273	0.05191	0.07101	0.01432	0.01115	0.00592	0.00534	0.00172	0.00773	0.00460	0.00294	0.00791

[dist]
# distance from previous block
# <min> <max>
0	1

[block]
# block no. 1 follows, 42 sequences, length 13
# corresponding to MSA columns:
# 22-34
name=unknown_B
#
# <colnr> <probs for GDERKNQSTAVLIFYWHMCP>
#	G	D	E	R	K	N	Q	S	T	A	V	L	I	F	Y	W	H	M	C	P
0	0.11912	0.00700	0.00899	0.00861	0.01042	0.00670	0.04100	0.01258	0.01206	0.12956	0.07470	0.42269	0.09873	0.01309	0.00636	0.00205	0.00385	0.01155	0.00520	0.00573
1	0.01403	0.01168	0.01485	0.11212	0.15154	0.01276	0.01093	0.07344	0.36220	0.05706	0.02005	0.02012	0.06235	0.00710	0.00567	0.00179	0.00525	0.00605	0.00471	0.04631
2	0.33393	0.01403	0.01202	0.01018	0.01373	0.11230	0.00818	0.24361	0.07554	0.02580	0.01577	0.01602	0.08333	0.00686	0.00484	0.00172	0.00553	0.00488	0.00442	0.00732
3	0.44602	0.01037	0.00999	0.00855	0.01170	0.01141	0.00683	0.11990	0.01268	0.12988	0.01240	0.01540	0.00999	0.09905	0.07192	0.00277	0.00570	0.00453	0.00423	0.00669
4	0.01220	0.01839	0.33781	0.01701	0.13820	0.01135	0.08002	0.05107	0.01365	0.05892	0.10365	0.02116	0.09770	0.00710	0.00582	0.00178	0.00661	0.00619	0.00364	0.00773
5	0.01019	0.13410	0.00955	0.00635	0.00764	0.00808	0.00462	0.01151	0.01012	0.01522	0.01638	0.02616	0.01597	0.36278	0.01495	0.00315	0.00444	0.00620	0.32785	0.00474
6	0.00686	0.00490	0.00653	0.00784	0.00816	0.00457	0.00522	0.00784	0.01077	0.01437	0.03102	0.79855	0.03722	0.01763	0.00718	0.00229	0.00326	0.01600	0.00522	0.00457
7	0.00988	0.00812	0.01163	0.26463	0.01953	0.00925	0.00962	0.08366	0.01235	0.01641	0.02090	0.41423	0.02285	0.01213	0.00723	0.00210	0.05495	0.01061	0.00420	0.00572
8	0.07909	0.01540	0.12846	0.03489	0.16296	0.04921	0.01217	0.20107	0.04272	0.02261	0.01334	0.09067	0.01152	0.00682	0.00537	0.00166	0.00609	0.00562	0.00391	0.10642
9	0.00989	0.01000	0.05899	0.01151	0.01356	0.05729	0.10450	0.01231	0.01045	0.01445	0.01547	0.09699	0.01486	0.06244	0.41077	0.00578	0.03816	0.00686	0.04014	0.00559
10	0.00838	0.00661	0.00729	0.00728	0.00907	0.00613	0.00555	0.08166	0.01378	0.01720	0.04503	0.19761	0.47813	0.01430	0.00676	0.00202	0.00348	0.07923	0.00526	0.00523
11	0.09899	0.29389	0.09177	0.01197	0.01606	0.34474	0.01070	0.01921	0.01324	0.01534	0.00875	0.01016	0.00734	0.00538	0.00440	0.00142	0.00774	0.00346	0.02860	0.00685
12	0.00842	0.00693	0.00866	0.04510	0.05993	0.00684	0.00667	0.01186	0.10901	0.01656	0.07738	0.32552	0.26880	0.01351	0.00661	0.00202	0.00367	0.01185	0.00506	0.00560

[dist]
# distance from previous block
# <min> <max>
0	12

[block]
# block no. 2 follows, 42 sequences, length 17
# corresponding to MSA columns:
# 47-63
name=unknown_C
#
# <colnr> <probs for GDERKNQSTAVLIFYWHMCP>
#	G	D	E	R	K	N	Q	S	T	A	V	L	I	F	Y	W	H	M	C	P
0	0.01259	0.29187	0.24700	0.01101	0.01660	0.01442	0.01186	0.04506	0.01237	0.01677	0.01440	0.01540	0.08786	0.00592	0.00465	0.00140	0.00600	0.00445	0.00302	0.17736
1	0.28568	0.01230	0.01482	0.01673	0.23288	0.01311	0.01051	0.18501	0.01517	0.10208	0.01196	0.01318	0.00895	0.00576	0.00483	0.00169	0.00541	0.00447	0.04742	0.00802
2	0.00756	0.00574	0.00697	0.00666	0.00816	0.00514	0.00499	0.00984	0.01498	0.02031	0.54785	0.04575	0.27081	0.01235	0.00664	0.00181	0.00271	0.01070	0.00590	0.00514
3	0.01255	0.01094	0.01511	0.41966	0.02724	0.01306	0.01255	0.09613	0.21684	0.01935	0.03227	0.03679	0.01270	0.00705	0.00609	0.00190	0.02606	0.02254	0.00393	0.00724
4	0.15633	0.00858	0.00987	0.00848	0.01134	0.00858	0.00673	0.01941	0.11001	0.25217	0.26599	0.02540	0.02605	0.00824	0.00551	0.00175	0.00383	0.00678	0.05776	0.00721
5	0.00738	0.00522	0.00682	0.00759	0.00793	0.00518	0.00504	0.00827	0.00984	0.01328	0.02514	0.48276	0.02934	0.22324	0.13199	0.00414	0.00565	0.01245	0.00442	0.00434
6	0.02147	0.02499	0.01564	0.01402	0.01708	0.69783	0.01060	0.02300	0.01596	0.09407	0.01013	0.01110	0.00796	0.00592	0.00514	0.00148	0.00958	0.00384	0.00333	0.00685
7	0.01457	0.02265	0.44177	0.09695	0.02359	0.01446	0.01689	0.26005	0.01666	0.02332	0.01122	0.01275	0.00798	0.00584	0.00547	0.00176	0.00753	0.00455	0.00347	0.00851
8	0.01424	0.12371	0.02240	0.01738	0.10083	0.04266	0.23868	0.11120	0.13020	0.01987	0.01517	0.11049	0.01333	0.00710	0.00584	0.00178	0.00676	0.00675	0.00387	0.00773
9	0.07785	0.01220	0.09101	0.00968	0.01291	0.06345	0.00842	0.09672	0.10312	0.07351	0.20026	0.04094	0.16873	0.00930	0.00587	0.00179	0.00471	0.00762	0.00508	0.00684
10	0.01391	0.13602	0.01743	0.14827	0.01895	0.05199	0.02893	0.15277	0.01433	0.01910	0.06398	0.06095	0.01289	0.00737	0.00746	0.00172	0.13725	0.00549	0.00361	0.09757
11	0.45152	0.01194	0.01047	0.00869	0.01259	0.05838	0.00699	0.05264	0.07008	0.02295	0.00996	0.01106	0.00784	0.00522	0.00405	0.00148	0.00475	0.00352	0.00368	0.24218
12	0.08437	0.01937	0.12123	0.01324	0.01789	0.16353	0.01177	0.44918	0.02108	0.02802	0.01166	0.01229	0.00851	0.00625	0.00531	0.00166	0.00711	0.00450	0.00448	0.00854
13	0.08100	0.10204	0.04119	0.00855	0.01176	0.01016	0.00733	0.09774	0.01420	0.20901	0.01727	0.06959	0.01354	0.00707	0.00475	0.00157	0.00435	0.00558	0.28614	0.00717
14	0.35302	0.01154	0.01579	0.22614	0.22176	0.01288	0.05029	0.01623	0.01109	0.02010	0.00934	0.01232	0.00736	0.00525	0.00478	0.00177	0.00609	0.00429	0.00300	0.00697
15	0.20474	0.01278	0.01614	0.07568	0.28571	0.04134	0.01193	0.08159	0.11750	0.08077	0.01273	0.01414	0.00971	0.00580	0.00511	0.00173	0.00584	0.00476	0.00391	0.00809
16	0.00704	0.00555	0.00647	0.00669	0.00806	0.00499	0.00489	0.00862	0.01260	0.01613	0.17106	0.21865	0.41651	0.01674	0.06750	0.00253	0.00387	0.01206	0.00522	0.00483

[dist]
# distance from previous block
# <min> <max>
0	2

[block]
# block no. 3 follows, 42 sequences, length 14
# corresponding to MSA columns:
# 66-79
name=unknown_D
#
# <colnr> <probs for GDERKNQSTAVLIFYWHMCP>
#	G	D	E	R	K	N	Q	S	T	A	V	L	I	F	Y	W	H	M	C	P
0	0.00818	0.00531	0.00605	0.00635	0.00675	0.00518	0.00396	0.00892	0.00963	0.01362	0.02300	0.21005	0.06330	0.44638	0.01839	0.00384	0.00434	0.00968	0.14300	0.00406
1	0.01358	0.01279	0.02049	0.11370	0.56086	0.01338	0.01569	0.01907	0.13732	0.01881	0.01259	0.01523	0.01014	0.00552	0.00560	0.00173	0.00640	0.00524	0.00325	0.00862
2	0.01596	0.01336	0.03925	0.09457	0.05084	0.01330	0.03126	0.30474	0.07983	0.03844	0.01269	0.01387	0.00955	0.00588	0.00549	0.00151	0.02090	0.00471	0.00433	0.23951
3	0.00803	0.00598	0.00879	0.00872	0.00977	0.00675	0.00675	0.01014	0.01020	0.01466	0.14058	0.02545	0.02061	0.03706	0.65036	0.00783	0.01299	0.00672	0.00355	0.00507
4	0.06620	0.32067	0.14383	0.14204	0.02058	0.12937	0.01250	0.07488	0.01321	0.01674	0.00913	0.01102	0.00737	0.00536	0.00460	0.00152	0.00716	0.00378	0.00281	0.00725
5	0.01743	0.24675	0.15921	0.01314	0.01805	0.19522	0.06521	0.04526	0.01396	0.14228	0.01145	0.01237	0.00865	0.00630	0.02007	0.00168	0.00764	0.00420	0.00344	0.00772
6	0.01081	0.01019	0.01722	0.74591	0.08008	0.01255	0.01572	0.01454	0.01134	0.01461	0.01004	0.01494	0.00758	0.00559	0.00562	0.00186	0.00746	0.00500	0.00252	0.00640
7	0.00760	0.00895	0.13496	0.00921	0.01088	0.00599	0.00783	0.00951	0.01096	0.01495	0.02751	0.66675	0.03218	0.01557	0.00688	0.00220	0.00411	0.01401	0.00475	0.00520
8	0.01902	0.13023	0.01781	0.03394	0.01699	0.14487	0.01034	0.42913	0.05538	0.02640	0.01314	0.05359	0.01058	0.00689	0.00533	0.00163	0.00663	0.00516	0.00461	0.00834
9	0.03261	0.09343	0.21951	0.01182	0.01687	0.04863	0.01169	0.10473	0.13850	0.02040	0.02713	0.05831	0.01188	0.00643	0.00511	0.00156	0.00596	0.00509	0.00380	0.17655
10	0.03517	0.19091	0.09048	0.00999	0.01374	0.01272	0.00898	0.07048	0.12817	0.05922	0.03067	0.01574	0.01151	0.04224	0.00867	0.14151	0.00537	0.00469	0.00370	0.11606
11	0.01395	0.01474	0.06794	0.01849	0.22972	0.13468	0.03382	0.07013	0.06481	0.01818	0.03124	0.05852	0.01283	0.05416	0.04681	0.00233	0.06402	0.00583	0.05055	0.00726
12	0.00897	0.00599	0.00672	0.00662	0.00802	0.00576	0.00486	0.04981	0.01309	0.01880	0.15472	0.14603	0.20919	0.05984	0.03024	0.00217	0.00351	0.00946	0.25105	0.00515
13	0.01100	0.01366	0.23566	0.08312	0.05097	0.00918	0.01105	0.03443	0.03549	0.01942	0.03214	0.03556	0.04471	0.00674	0.00493	0.00160	0.00513	0.00553	0.35303	0.00662

[dist]
# distance from previous block
# <min> <max>
3	178

[block]
# block no. 4 follows, 42 sequences, length 16
# corresponding to MSA columns:
# 258-273
name=unknown_E
#
# <colnr> <probs for GDERKNQSTAVLIFYWHMCP>
#	G	D	E	R	K	N	Q	S	T	A	V	L	I	F	Y	W	H	M	C	P
0	0.01207	0.42185	0.17500	0.01031	0.01456	0.01548	0.01054	0.01454	0.01115	0.01424	0.01384	0.17604	0.01441	0.06570	0.00653	0.00186	0.00587	0.00633	0.00306	0.00662
1	0.01182	0.03584	0.01159	0.00960	0.01181	0.07521	0.00757	0.04770	0.06544	0.01892	0.17196	0.07881	0.05254	0.00881	0.00751	0.00167	0.13095	0.00682	0.09941	0.14602
2	0.01325	0.02346	0.50709	0.01610	0.07387	0.01338	0.01731	0.16918	0.01490	0.02128	0.01237	0.06969	0.00996	0.00651	0.00556	0.00179	0.00739	0.00527	0.00329	0.00835
3	0.00833	0.00671	0.00954	0.00910	0.01079	0.00589	0.05955	0.00990	0.01114	0.01546	0.02521	0.57761	0.02912	0.01389	0.00652	0.00195	0.00391	0.01268	0.00466	0.17805
4	0.00837	0.00675	0.00763	0.00793	0.00946	0.00668	0.00582	0.01268	0.16698	0.01668	0.03857	0.33853	0.29313	0.01425	0.00671	0.00208	0.00345	0.04339	0.00533	0.00556
5	0.01016	0.01005	0.00809	0.00780	0.00936	0.16635	0.00555	0.01127	0.01235	0.01407	0.06356	0.04003	0.36352	0.22518	0.01228	0.00278	0.00511	0.02342	0.00429	0.00479
6	0.01440	0.01902	0.17218	0.01406	0.04988	0.22781	0.01210	0.01975	0.16353	0.01651	0.01381	0.01694	0.02775	0.08966	0.00961	0.00219	0.11513	0.00519	0.00340	0.00707
7	0.00789	0.00655	0.00864	0.16932	0.01437	0.00652	0.00702	0.01014	0.01329	0.01720	0.25962	0.09550	0.33951	0.01187	0.00647	0.00188	0.00379	0.01022	0.00495	0.00522
8	0.01137	0.00910	0.01120	0.09424	0.03447	0.00774	0.00736	0.01405	0.01168	0.01845	0.01176	0.01403	0.00953	0.00485	0.00432	0.00107	0.00428	0.00396	0.17609	0.55045
9	0.00805	0.00548	0.00645	0.00645	0.00675	0.00536	0.00393	0.00867	0.00998	0.01358	0.17409	0.09138	0.02843	0.58250	0.02255	0.00447	0.00472	0.00915	0.00412	0.00389
10	0.01196	0.00996	0.01152	0.01224	0.08993	0.04425	0.00825	0.13040	0.15153	0.01960	0.02384	0.27283	0.07555	0.04660	0.06246	0.00261	0.00551	0.00946	0.00479	0.00669
11	0.01821	0.01659	0.01781	0.01373	0.01819	0.15988	0.10867	0.35942	0.01961	0.02543	0.01158	0.01271	0.00873	0.00576	0.00536	0.00149	0.00697	0.00464	0.00426	0.18095
12	0.01280	0.01055	0.01251	0.00946	0.01407	0.00906	0.02636	0.01814	0.16710	0.05289	0.01327	0.01404	0.01043	0.00503	0.00462	0.00113	0.00439	0.00415	0.00398	0.60602
13	0.01086	0.00651	0.00698	0.00685	0.00834	0.00671	0.00510	0.07284	0.06508	0.02096	0.02092	0.18229	0.01897	0.00895	0.00487	0.00159	0.00317	0.00755	0.53574	0.00571
14	0.01725	0.19419	0.05270	0.01972	0.29645	0.01480	0.01276	0.09981	0.04336	0.17598	0.01315	0.01404	0.00989	0.00568	0.00515	0.00159	0.00607	0.00471	0.00398	0.00871
15	0.00683	0.00571	0.00595	0.00589	0.00771	0.00483	0.00442	0.00842	0.01325	0.01620	0.15258	0.05252	0.66864	0.01388	0.00665	0.00188	0.00282	0.01165	0.00536	0.00483

[dist]
# distance from previous block
# <min> <max>
0	15

[block]
# block no. 5 follows, 42 sequences, length 6
# corresponding to MSA columns:
# 289-294
name=unknown_F
#
# <colnr> <probs for GDERKNQSTAVLIFYWHMCP>
#	G	D	E	R	K	N	Q	S	T	A	V	L	I	F	Y	W	H	M	C	P
0	0.07330	0.01192	0.01388	0.01153	0.01417	0.04265	0.00940	0.19699	0.04189	0.17058	0.09009	0.01775	0.01464	0.01065	0.06865	0.00246	0.19152	0.00560	0.00475	0.00760
1	0.05874	0.01751	0.01766	0.01417	0.01775	0.18915	0.07160	0.38809	0.01974	0.02563	0.01114	0.01252	0.00849	0.00672	0.00725	0.00176	0.11501	0.00475	0.00425	0.00808
2	0.00711	0.00512	0.00634	0.00720	0.00766	0.00478	0.00471	0.00794	0.01049	0.01374	0.03156	0.53935	0.12823	0.18450	0.01169	0.00291	0.00368	0.01380	0.00484	0.00435
3	0.00997	0.00933	0.00936	0.00932	0.01007	0.11917	0.00668	0.01095	0.01079	0.01349	0.02311	0.33019	0.08024	0.17012	0.05063	0.00312	0.11421	0.01033	0.00404	0.00488
4	0.00869	0.00580	0.00719	0.00716	0.00860	0.00518	0.00524	0.01048	0.01360	0.07908	0.29755	0.26280	0.24026	0.01366	0.00672	0.00195	0.00306	0.01196	0.00571	0.00529
5	0.00708	0.00572	0.00629	0.00615	0.00786	0.00493	0.00461	0.00890	0.01384	0.01760	0.28730	0.05021	0.53305	0.01336	0.00665	0.00186	0.00279	0.01132	0.00554	0.00493

[dist]
# distance from previous block
# <min> <max>
0	3

[block]
# block no. 6 follows, 42 sequences, length 62
# corresponding to MSA columns:
# 298-359
name=unknown_G
#
# <colnr> <probs for GDERKNQSTAVLIFYWHMCP>
#	G	D	E	R	K	N	Q	S	T	A	V	L	I	F	Y	W	H	M	C	P
0	0.01510	0.08542	0.43792	0.01512	0.03163	0.20994	0.01636	0.09164	0.01435	0.01821	0.00992	0.01142	0.00743	0.00556	0.00518	0.00164	0.00838	0.00404	0.00284	0.00791
1	0.53680	0.01246	0.01121	0.00937	0.01314	0.01420	0.00769	0.24276	0.06213	0.02829	0.01054	0.01124	0.00787	0.00585	0.00429	0.00174	0.00493	0.00388	0.00429	0.00734
2	0.01395	0.08506	0.12751	0.19965	0.08961	0.01453	0.01323	0.13236	0.20945	0.02093	0.01397	0.01539	0.01055	0.00618	0.00539	0.00175	0.00631	0.00507	0.02103	0.00806
3	0.04865	0.01173	0.07201	0.01141	0.01470	0.01113	0.05582	0.23717	0.01581	0.09142	0.01609	0.09468	0.01380	0.01717	0.21582	0.00375	0.00830	0.00643	0.04688	0.00725
4	0.01236	0.00988	0.01242	0.00936	0.01351	0.00837	0.04472	0.08710	0.01432	0.04662	0.17880	0.01905	0.01863	0.00618	0.00504	0.00121	0.00433	0.00528	0.00430	0.49852
5	0.03298	0.01077	0.01222	0.08580	0.12743	0.12207	0.00925	0.01497	0.03221	0.09791	0.02200	0.33611	0.05136	0.01100	0.00617	0.00193	0.00540	0.00963	0.00442	0.00637
6	0.01437	0.04518	0.14093	0.09216	0.33182	0.01476	0.01565	0.14518	0.01436	0.02016	0.01048	0.01325	0.00837	0.00601	0.00704	0.00179	0.10225	0.00480	0.00314	0.00830
7	0.00799	0.00571	0.00727	0.00739	0.00866	0.00523	0.00554	0.01005	0.01398	0.03594	0.39646	0.21566	0.16510	0.01361	0.00685	0.00198	0.00311	0.07861	0.00574	0.00514
8	0.01428	0.09302	0.02216	0.12184	0.53646	0.08294	0.01574	0.01735	0.01277	0.01697	0.01007	0.01323	0.00842	0.00514	0.00534	0.00163	0.00703	0.00469	0.00272	0.00821
9	0.00676	0.00540	0.00606	0.00655	0.00783	0.00470	0.00466	0.00805	0.01212	0.01506	0.06441	0.33751	0.47016	0.01547	0.00685	0.00204	0.00300	0.01341	0.00525	0.00470
10	0.00809	0.00582	0.00799	0.00799	0.00863	0.00646	0.00572	0.00937	0.00873	0.01229	0.01603	0.02743	0.01638	0.31704	0.50825	0.00775	0.01160	0.00681	0.00316	0.00444
11	0.01794	0.01029	0.01303	0.01211	0.08818	0.01002	0.00873	0.17464	0.04235	0.30613	0.12039	0.02563	0.12869	0.00841	0.00592	0.00176	0.00470	0.00700	0.00587	0.00822
12	0.02025	0.13116	0.01787	0.01368	0.01700	0.60123	0.01069	0.09396	0.01638	0.01586	0.00906	0.01033	0.00748	0.00576	0.00493	0.00144	0.00920	0.00368	0.00310	0.00692
13	0.01258	0.12857	0.01983	0.53449	0.04901	0.01456	0.05703	0.08808	0.01295	0.01661	0.01012	0.01396	0.00776	0.00555	0.00539	0.00175	0.00725	0.00481	0.00282	0.00686
14	0.01309	0.04447	0.41272	0.01423	0.02077	0.08861	0.06166	0.05482	0.01306	0.01833	0.01013	0.01187	0.00764	0.00513	0.00509	0.00151	0.00743	0.00408	0.00285	0.20249
15	0.01462	0.36652	0.12935	0.01274	0.01689	0.06986	0.04165	0.05990	0.05073	0.01600	0.00937	0.01129	0.00795	0.00622	0.00727	0.00165	0.16378	0.00403	0.00282	0.00735
16	0.00720	0.00531	0.00624	0.00675	0.00750	0.00489	0.00449	0.00814	0.01096	0.01414	0.07255	0.35221	0.24094	0.21784	0.01251	0.00296	0.00368	0.01252	0.00481	0.00436
17	0.01568	0.72699	0.02824	0.00996	0.01474	0.02179	0.00974	0.08966	0.01293	0.01545	0.00839	0.00947	0.00746	0.00501	0.00381	0.00125	0.00604	0.00321	0.00273	0.00746
18	0.00805	0.00540	0.00618	0.00631	0.00634	0.00537	0.00359	0.00815	0.00844	0.01126	0.01905	0.11264	0.02213	0.72413	0.02651	0.00514	0.00524	0.00896	0.00359	0.00353
19	0.06464	0.01852	0.22215	0.01320	0.01849	0.01528	0.01290	0.43749	0.05913	0.03851	0.01340	0.03733	0.01001	0.00667	0.00548	0.00175	0.00647	0.00511	0.00463	0.00884
20	0.01699	0.37245	0.02147	0.01158	0.01553	0.22322	0.00991	0.08450	0.16029	0.01734	0.01151	0.01207	0.00939	0.00580	0.00459	0.00145	0.00683	0.00401	0.00347	0.00757
21	0.00703	0.00563	0.00628	0.00629	0.00788	0.00488	0.00465	0.00874	0.01346	0.01712	0.24631	0.12496	0.49928	0.01384	0.00670	0.00190	0.00284	0.01183	0.00549	0.00488
22	0.06775	0.06018	0.33538	0.05357	0.02033	0.14814	0.01499	0.05928	0.01273	0.01758	0.00938	0.01157	0.00732	0.00612	0.00705	0.00176	0.12544	0.00412	0.00278	0.03451
23	0.01555	0.46586	0.06077	0.01034	0.01467	0.06186	0.00969	0.01966	0.11749	0.09319	0.07015	0.01451	0.01286	0.00603	0.00453	0.00145	0.00577	0.00440	0.00366	0.00757
24	0.01005	0.00802	0.01044	0.00999	0.03304	0.00831	0.05113	0.01539	0.20062	0.01839	0.19457	0.10906	0.02841	0.20325	0.01179	0.00280	0.00453	0.05058	0.02370	0.00592
25	0.01279	0.01633	0.18677	0.01740	0.19921	0.07918	0.01303	0.01893	0.15720	0.01954	0.13864	0.01901	0.01730	0.00668	0.00557	0.00167	0.00605	0.00569	0.00389	0.07513
26	0.01119	0.00808	0.00908	0.00709	0.01060	0.00659	0.00557	0.01374	0.01172	0.01940	0.01337	0.01543	0.01079	0.00513	0.00407	0.00103	0.00354	0.00411	0.33822	0.50123
27	0.01041	0.00828	0.00926	0.00840	0.01063	0.00851	0.00647	0.08051	0.20910	0.02216	0.33094	0.03700	0.21452	0.01075	0.00631	0.00183	0.00349	0.00915	0.00578	0.00649
28	0.01230	0.01361	0.02913	0.02129	0.02616	0.01275	0.63325	0.01647	0.01290	0.01747	0.01439	0.13503	0.01293	0.00672	0.00672	0.00196	0.00854	0.00807	0.00321	0.00713
29	0.01435	0.02238	0.42845	0.01639	0.08801	0.01429	0.01657	0.19991	0.10414	0.02292	0.01251	0.01355	0.00909	0.00594	0.00548	0.00176	0.00719	0.00472	0.00362	0.00875
30	0.00706	0.00513	0.00653	0.00739	0.00799	0.00474	0.00500	0.00823	0.01144	0.01521	0.12208	0.57222	0.11691	0.07168	0.00857	0.00240	0.00330	0.01429	0.00521	0.00460
31	0.01471	0.30652	0.22966	0.01600	0.09411	0.08226	0.09123	0.07248	0.01340	0.01721	0.00959	0.01137	0.00768	0.00520	0.00487	0.00154	0.00744	0.00411	0.00277	0.00784
32	0.00693	0.00504	0.00654	0.00759	0.00813	0.00465	0.00515	0.00808	0.01138	0.01511	0.09318	0.67112	0.10269	0.01683	0.00709	0.00221	0.00318	0.01516	0.00530	0.00465
33	0.01321	0.00972	0.01145	0.00961	0.03341	0.00905	0.00735	0.14992	0.05280	0.07868	0.20946	0.02508	0.09616	0.00793	0.00554	0.00148	0.00415	0.00662	0.00505	0.26333
34	0.01198	0.01828	0.30057	0.01441	0.02068	0.01128	0.15699	0.01721	0.05564	0.01839	0.01106	0.01298	0.00844	0.00492	0.00518	0.00146	0.00678	0.00447	0.00302	0.31626
35	0.01505	0.80561	0.02949	0.00963	0.01444	0.02227	0.00963	0.01685	0.01143	0.01324	0.00782	0.00903	0.00722	0.00481	0.00361	0.00120	0.00602	0.00301	0.00241	0.00722
36	0.00906	0.00579	0.00732	0.00725	0.00794	0.00583	0.00488	0.00975	0.00947	0.06020	0.02141	0.10850	0.07793	0.39735	0.19791	0.04562	0.00720	0.00843	0.00382	0.00435
37	0.01204	0.01127	0.01546	0.01337	0.01356	0.01546	0.01107	0.01348	0.00909	0.01464	0.00901	0.01359	0.00843	0.00936	0.01632	0.00229	0.67524	0.00497	0.12531	0.00602
38	0.82636	0.01086	0.00836	0.00745	0.01095	0.01254	0.00614	0.01675	0.00970	0.03950	0.00811	0.00933	0.00624	0.00526	0.00352	0.00174	0.00436	0.00310	0.00355	0.00616
39	0.02062	0.01371	0.01521	0.01189	0.01608	0.01473	0.00974	0.50787	0.08942	0.16920	0.03788	0.01725	0.03538	0.00723	0.00570	0.00173	0.00558	0.00564	0.00589	0.00925
40	0.00775	0.00564	0.00678	0.00662	0.00761	0.00530	0.00459	0.00927	0.01251	0.01693	0.34571	0.06305	0.17912	0.25702	0.04531	0.00324	0.00408	0.00988	0.00499	0.00458
41	0.00966	0.08812	0.36224	0.01140	0.01612	0.01015	0.01266	0.01343	0.01192	0.01639	0.05888	0.20891	0.13789	0.00997	0.00590	0.00187	0.00575	0.00843	0.00370	0.00660
42	0.01082	0.01029	0.01259	0.01159	0.01243	0.08750	0.00926	0.01251	0.00958	0.01330	0.01176	0.01750	0.01106	0.02728	0.43688	0.00599	0.28588	0.00540	0.00281	0.00557
43	0.01379	0.01202	0.01387	0.01309	0.11999	0.06180	0.00894	0.07601	0.07230	0.04171	0.01252	0.04543	0.01050	0.00552	0.00484	0.00123	0.00509	0.00456	0.00379	0.47300
44	0.00686	0.00490	0.00653	0.00784	0.00816	0.00457	0.00522	0.00784	0.01077	0.01437	0.03102	0.79855	0.03722	0.01763	0.00718	0.00229	0.00326	0.01600	0.00522	0.00457
45	0.05615	0.01529	0.02023	0.02692	0.50499	0.10516	0.01477	0.15092	0.01551	0.02128	0.01076	0.01317	0.00870	0.00543	0.00542	0.00165	0.00689	0.00476	0.00335	0.00861
46	0.00984	0.00693	0.00850	0.00777	0.00941	0.00672	0.00583	0.09614	0.01611	0.04206	0.51723	0.09699	0.08017	0.06155	0.00793	0.00204	0.00336	0.00988	0.00585	0.00571
47	0.01620	0.01137	0.01300	0.04855	0.01549	0.01246	0.00899	0.13273	0.40268	0.15551	0.07125	0.05215	0.01826	0.00796	0.00582	0.00185	0.00475	0.00663	0.00578	0.00858
48	0.01553	0.01385	0.02155	0.07182	0.50728	0.01436	0.05083	0.19521	0.01607	0.02230	0.01130	0.01395	0.00898	0.00546	0.00564	0.00170	0.00675	0.00510	0.00347	0.00886
49	0.00765	0.00523	0.00630	0.00682	0.00695	0.00510	0.00414	0.00804	0.00923	0.01231	0.02309	0.34412	0.02722	0.48571	0.01999	0.00418	0.00457	0.01134	0.00414	0.00388
50	0.01188	0.01094	0.01803	0.11062	0.30394	0.01129	0.10991	0.01583	0.08558	0.01646	0.01413	0.04120	0.01308	0.19981	0.01140	0.00269	0.00654	0.00643	0.00327	0.00697
51	0.11541	0.13462	0.01696	0.01299	0.01623	0.58402	0.01014	0.02099	0.01457	0.01503	0.00848	0.00987	0.00711	0.00559	0.00468	0.00145	0.00889	0.00347	0.00290	0.00657
52	0.00812	0.00599	0.00763	0.00733	0.00867	0.00566	0.00545	0.01124	0.05325	0.02155	0.62874	0.11668	0.07432	0.01201	0.00665	0.00183	0.00281	0.01062	0.00604	0.00540
53	0.01787	0.08065	0.04884	0.01326	0.01738	0.12184	0.06029	0.34222	0.16080	0.02563	0.01460	0.04590	0.01146	0.00688	0.00553	0.00170	0.00659	0.00546	0.00467	0.00844
54	0.01222	0.14394	0.01569	0.01105	0.01343	0.08027	0.08135	0.06135	0.01222	0.01640	0.01509	0.13155	0.01448	0.01595	0.18122	0.00336	0.06197	0.00660	0.11578	0.00612
55	0.00697	0.00498	0.00663	0.00776	0.00819	0.00464	0.00523	0.00811	0.01129	0.01518	0.10399	0.72325	0.03880	0.01702	0.00713	0.00223	0.00320	0.01542	0.00532	0.00464
56	0.01764	0.01056	0.01227	0.01043	0.01392	0.01100	0.00828	0.02707	0.40833	0.30675	0.04884	0.02291	0.06053	0.00789	0.00578	0.00184	0.00443	0.00654	0.00618	0.00880
57	0.00708	0.00522	0.00667	0.00767	0.00840	0.00481	0.00542	0.00836	0.01158	0.01515	0.07279	0.56952	0.15910	0.01657	0.00712	0.00222	0.00334	0.07904	0.00527	0.00469
58	0.00930	0.00778	0.01097	0.01020	0.01083	0.00968	0.00800	0.01092	0.00951	0.01391	0.08767	0.02287	0.01671	0.11532	0.39471	0.00598	0.24084	0.00636	0.00321	0.00520
59	0.00797	0.00543	0.00620	0.00631	0.00649	0.00533	0.00369	0.00824	0.00896	0.01189	0.04862	0.10835	0.06279	0.65861	0.02468	0.00484	0.00501	0.00918	0.00378	0.00366
60	0.01372	0.03224	0.04320	0.00965	0.01310	0.04913	0.00795	0.17155	0.01485	0.04874	0.01514	0.10594	0.01348	0.02009	0.07914	0.00220	0.00591	0.00586	0.10777	0.24033
61	0.15411	0.01774	0.21826	0.01300	0.01809	0.03523	0.07168	0.27754	0.01691	0.02557	0.01182	0.01313	0.00867	0.00591	0.00509	0.00170	0.00648	0.00459	0.08649	0.00798

[dist]
# distance from previous block
# <min> <max>
0	3

[block]
# block no. 7 follows, 42 sequences, length 45
# corresponding to MSA columns:
# 363-407
name=unknown_H
#
# <colnr> <probs for GDERKNQSTAVLIFYWHMCP>
#	G	D	E	R	K	N	Q	S	T	A	V	L	I	F	Y	W	H	M	C	P
0	0.23805	0.06112	0.10073	0.01247	0.06535	0.10916	0.01034	0.07731	0.04466	0.21017	0.01306	0.01324	0.00931	0.00593	0.00485	0.00168	0.00604	0.00433	0.00431	0.00792
1	0.11177	0.23872	0.23652	0.01425	0.09167	0.09768	0.01315	0.05001	0.01265	0.01786	0.00924	0.01084	0.00741	0.00518	0.00457	0.00150	0.00687	0.00372	0.00282	0.06354
2	0.05168	0.01419	0.14847	0.04699	0.01800	0.01160	0.11478	0.07513	0.16382	0.02068	0.01523	0.01768	0.02261	0.03659	0.00619	0.00180	0.00589	0.01604	0.09759	0.11505
3	0.01111	0.00876	0.01000	0.00924	0.01136	0.00934	0.00702	0.08756	0.27206	0.02254	0.29076	0.15880	0.05669	0.01082	0.00632	0.00190	0.00372	0.00940	0.00579	0.00682
4	0.01359	0.01669	0.19318	0.02424	0.40136	0.05825	0.03838	0.01700	0.01250	0.05052	0.01274	0.01541	0.03978	0.00678	0.00691	0.06973	0.00697	0.00508	0.00296	0.00792
5	0.00680	0.00543	0.00609	0.00651	0.00784	0.00472	0.00466	0.00814	0.01230	0.01534	0.08896	0.30793	0.47500	0.01525	0.00683	0.00202	0.00298	0.01319	0.00528	0.00472
6	0.01011	0.00819	0.01195	0.26252	0.06950	0.00925	0.00946	0.05639	0.01105	0.01484	0.03759	0.03925	0.01507	0.27162	0.14591	0.00425	0.00777	0.00659	0.00326	0.00544
7	0.00804	0.00603	0.00904	0.00904	0.01005	0.00703	0.00703	0.01005	0.00904	0.01306	0.01507	0.02211	0.01407	0.04221	0.77992	0.00904	0.01507	0.00603	0.00301	0.00502
8	0.00667	0.00564	0.00577	0.00587	0.00765	0.00474	0.00435	0.00806	0.01267	0.01514	0.05496	0.11298	0.70734	0.01452	0.00669	0.00193	0.00288	0.01220	0.00523	0.00474
9	0.72410	0.01076	0.00949	0.11818	0.01484	0.01261	0.00745	0.01624	0.00981	0.02371	0.00814	0.00997	0.00629	0.00528	0.00379	0.00176	0.00480	0.00332	0.00334	0.00612
10	0.00685	0.00503	0.00639	0.00747	0.00803	0.00462	0.00504	0.00788	0.01104	0.01442	0.03476	0.66620	0.14981	0.03441	0.00757	0.00230	0.00325	0.01519	0.00518	0.00457
11	0.01125	0.01027	0.01696	0.47518	0.22993	0.01170	0.01449	0.01470	0.01199	0.01630	0.05058	0.01765	0.03370	0.00608	0.00559	0.00178	0.00660	0.00549	0.05294	0.00681
12	0.84197	0.01088	0.00827	0.00740	0.01088	0.01262	0.00609	0.01654	0.00958	0.02525	0.00784	0.00914	0.00609	0.00522	0.00348	0.00174	0.00435	0.00305	0.00348	0.00609
13	0.01079	0.01355	0.16822	0.18648	0.15009	0.01075	0.05758	0.01526	0.04804	0.01847	0.20032	0.03962	0.04204	0.00748	0.00594	0.00181	0.00607	0.00673	0.00376	0.00702
14	0.41172	0.01061	0.01024	0.00849	0.01204	0.01119	0.00684	0.12136	0.01295	0.05477	0.05410	0.01439	0.01106	0.04278	0.04182	0.00208	0.00506	0.00428	0.00404	0.16019
15	0.01335	0.01105	0.01369	0.09264	0.01687	0.01243	0.04394	0.17200	0.27703	0.02215	0.02033	0.20690	0.01860	0.00963	0.00666	0.00197	0.04002	0.00824	0.00497	0.00753
16	0.08411	0.06409	0.01779	0.01533	0.07376	0.34984	0.10886	0.06269	0.01506	0.01797	0.08912	0.01700	0.01355	0.00661	0.00543	0.00164	0.00783	0.03895	0.00352	0.00685
17	0.00973	0.00851	0.01209	0.01077	0.01273	0.04436	0.08424	0.01282	0.05360	0.01511	0.05338	0.05552	0.01599	0.02940	0.49281	0.00631	0.01176	0.00647	0.00343	0.06097
18	0.01246	0.01211	0.02068	0.01581	0.01986	0.01206	0.33393	0.05586	0.18679	0.01992	0.06877	0.02219	0.08471	0.00936	0.05842	0.00231	0.00720	0.00702	0.00414	0.04640
19	0.01395	0.01115	0.01673	0.45081	0.12198	0.01280	0.01382	0.08501	0.10164	0.09677	0.01320	0.01588	0.00968	0.00603	0.00564	0.00182	0.00664	0.00524	0.00367	0.00755
20	0.21537	0.01413	0.01715	0.16739	0.33458	0.12690	0.01330	0.01732	0.01220	0.01861	0.00953	0.01241	0.00772	0.00530	0.00500	0.00169	0.00679	0.00433	0.00292	0.00737
21	0.01799	0.00810	0.01084	0.00880	0.01200	0.00708	0.00705	0.02037	0.01588	0.45069	0.31213	0.02784	0.02906	0.00864	0.00599	0.00172	0.00393	0.00734	0.00653	0.03802
22	0.00797	0.00577	0.00763	0.00721	0.00852	0.00543	0.00543	0.01058	0.01547	0.02193	0.71363	0.04069	0.05047	0.01358	0.05879	0.00226	0.00349	0.00990	0.00598	0.00529
23	0.01390	0.24220	0.22710	0.01344	0.01839	0.10248	0.09538	0.01735	0.01284	0.05011	0.09157	0.03331	0.01330	0.00639	0.00571	0.00163	0.03936	0.00508	0.00319	0.00728
24	0.01797	0.01030	0.01225	0.01034	0.01379	0.01060	0.00822	0.02661	0.36179	0.33423	0.10976	0.02270	0.02005	0.00781	0.00581	0.00182	0.00438	0.00652	0.00630	0.00876
25	0.01072	0.00932	0.01162	0.01324	0.15024	0.05280	0.00838	0.01540	0.12546	0.02143	0.47095	0.03187	0.03694	0.00940	0.00621	0.00175	0.00410	0.00828	0.00530	0.00658
26	0.00804	0.00603	0.00904	0.00904	0.01005	0.00703	0.00703	0.01005	0.00904	0.01306	0.01507	0.02211	0.01407	0.04221	0.77992	0.00904	0.01507	0.00603	0.00301	0.00502
27	0.01129	0.02911	0.77306	0.01604	0.02436	0.01307	0.02079	0.01782	0.01188	0.01782	0.01010	0.01188	0.00713	0.00535	0.00535	0.00178	0.00832	0.00416	0.00238	0.00832
28	0.01706	0.00872	0.01111	0.00919	0.01218	0.00823	0.00731	0.12210	0.01717	0.33809	0.29997	0.07613	0.02948	0.00931	0.00612	0.00178	0.00409	0.00792	0.00638	0.00766
29	0.01465	0.01260	0.01432	0.06587	0.07731	0.07033	0.03266	0.23117	0.14982	0.02405	0.14760	0.02382	0.09511	0.00814	0.00591	0.00176	0.00547	0.00680	0.00496	0.00766
30	0.01298	0.00996	0.01180	0.00850	0.01344	0.00758	0.00682	0.01545	0.01210	0.09101	0.01118	0.01239	0.00888	0.00444	0.00431	0.00092	0.00423	0.00356	0.00368	0.75677
31	0.01900	0.02081	0.01468	0.01308	0.01613	0.47943	0.00998	0.07260	0.17614	0.05644	0.05639	0.01501	0.01253	0.00665	0.00537	0.00160	0.00795	0.00479	0.00409	0.00733
32	0.06025	0.00914	0.00970	0.00871	0.01127	0.05933	0.00660	0.04696	0.04393	0.11585	0.08487	0.25578	0.10277	0.01068	0.00588	0.00175	0.00423	0.00911	0.00499	0.14820
33	0.02038	0.06743	0.01719	0.01514	0.12483	0.10469	0.01081	0.30134	0.01912	0.21584	0.01489	0.03824	0.01100	0.00665	0.00548	0.00166	0.00627	0.00524	0.00501	0.00881
34	0.01288	0.49334	0.02246	0.00956	0.01313	0.01638	0.05749	0.01443	0.01068	0.01319	0.01088	0.01717	0.01098	0.22244	0.01068	0.00239	0.00600	0.00468	0.00276	0.04847
35	0.01461	0.01506	0.01940	0.01587	0.01759	0.11902	0.12108	0.09528	0.01223	0.01662	0.00882	0.01258	0.00778	0.00821	0.01352	0.00216	0.48544	0.00502	0.00292	0.00679
36	0.01204	0.01826	0.29393	0.04100	0.30653	0.01233	0.09356	0.01652	0.01250	0.01774	0.01477	0.01904	0.06059	0.00638	0.00581	0.00181	0.00724	0.04899	0.00295	0.00799
37	0.01353	0.01228	0.06348	0.01056	0.01377	0.04992	0.03160	0.24903	0.06325	0.02497	0.28228	0.02858	0.11468	0.00916	0.00609	0.00176	0.00490	0.00766	0.00534	0.00716
38	0.03042	0.01428	0.11271	0.01657	0.18433	0.11858	0.04584	0.01579	0.01287	0.07689	0.02042	0.19158	0.09221	0.00903	0.00591	0.00181	0.00609	0.00788	0.00391	0.03288
39	0.26486	0.01333	0.04307	0.01014	0.01374	0.08520	0.00849	0.16948	0.04463	0.13208	0.03543	0.01837	0.09957	0.00731	0.00547	0.00175	0.02968	0.00535	0.00466	0.00738
40	0.01604	0.14554	0.38521	0.01351	0.01973	0.07798	0.01499	0.07877	0.02556	0.15286	0.01226	0.01286	0.00872	0.00574	0.00514	0.00165	0.00725	0.00431	0.00356	0.00833
41	0.02512	0.03744	0.03530	0.02725	0.06477	0.02812	0.04740	0.11669	0.05973	0.07562	0.15974	0.10822	0.08592	0.00935	0.00706	0.00184	0.07142	0.00779	0.00475	0.02646
42	0.07833	0.07705	0.03179	0.05818	0.25467	0.13568	0.03684	0.06464	0.01340	0.01783	0.01480	0.10599	0.04741	0.03207	0.00617	0.00183	0.00653	0.00621	0.00341	0.00716
43	0.05848	0.01517	0.01600	0.04861	0.11922	0.21820	0.05505	0.04529	0.03708	0.11388	0.02936	0.06916	0.04052	0.00763	0.00699	0.00180	0.09047	0.01602	0.00390	0.00718
44	0.01203	0.00923	0.01289	0.01113	0.01327	0.00956	0.09584	0.10759	0.07851	0.06104	0.02034	0.21571	0.02064	0.15461	0.03130	0.00283	0.04916	0.05762	0.00453	0.03214

[dist]
# distance from previous block
# <min> <max>
3	275

# created by:
# /home/cegg/simao/soft/augustus-3.2.1/scripts/msa2prfl.pl ./align_prep/23183.fa
