[name]
unknown

[dist]
# distance from previous block
# <min> <max>
0	924

[block]
# block no. 0 follows, 45 sequences, length 75
# corresponding to MSA columns:
# 1206-1226,1230-1283
name=unknown_A
#
# <colnr> <probs for GDERKNQSTAVLIFYWHMCP>
#	G	D	E	R	K	N	Q	S	T	A	V	L	I	F	Y	W	H	M	C	P
0	0.03409	0.00898	0.01272	0.07069	0.01509	0.00859	0.08423	0.01916	0.08612	0.28387	0.03436	0.05265	0.01420	0.02462	0.00567	0.00167	0.00473	0.01859	0.13147	0.08851
1	0.12474	0.02520	0.01618	0.03819	0.01677	0.05330	0.20935	0.01490	0.01163	0.03127	0.04071	0.06455	0.01145	0.00626	0.01848	0.00155	0.00584	0.00524	0.03858	0.26580
2	0.00895	0.00782	0.00973	0.01167	0.15894	0.00745	0.00723	0.04299	0.07888	0.01663	0.04065	0.03992	0.51336	0.01104	0.00604	0.00177	0.00374	0.02273	0.00459	0.00586
3	0.01965	0.01391	0.01498	0.01159	0.01561	0.01526	0.00954	0.66370	0.02360	0.06412	0.01364	0.01374	0.00971	0.00644	0.00523	0.00158	0.00555	0.00487	0.07851	0.00877
4	0.01311	0.01261	0.02177	0.03175	0.72085	0.01257	0.04747	0.01633	0.01225	0.01747	0.01074	0.01490	0.00923	0.00511	0.00543	0.00163	0.00644	0.02929	0.00274	0.00833
5	0.01299	0.01265	0.02251	0.05371	0.61989	0.01259	0.12478	0.01636	0.01221	0.01745	0.01044	0.01371	0.00858	0.00481	0.00541	0.00162	0.00666	0.00502	0.03047	0.00812
6	0.04625	0.01020	0.01676	0.54867	0.21681	0.01189	0.01451	0.01444	0.01105	0.01532	0.00988	0.01403	0.00767	0.00524	0.00521	0.00172	0.00667	0.00470	0.03246	0.00655
7	0.01302	0.01248	0.02130	0.09823	0.71469	0.01268	0.01634	0.01624	0.01210	0.01721	0.01005	0.01337	0.00839	0.00483	0.00532	0.00161	0.00644	0.00478	0.00263	0.00829
8	0.00778	0.00524	0.00602	0.00597	0.00612	0.00519	0.00348	0.00809	0.00872	0.01178	0.11077	0.03574	0.02337	0.71226	0.02472	0.00477	0.00487	0.00804	0.00358	0.00348
9	0.00678	0.00540	0.00609	0.00603	0.00755	0.00470	0.00448	0.00851	0.01310	0.01683	0.29787	0.10250	0.47529	0.01294	0.00638	0.00180	0.00268	0.01106	0.00530	0.00470
10	0.06999	0.03956	0.01545	0.01488	0.09930	0.54270	0.01043	0.02101	0.01443	0.10941	0.01002	0.01106	0.00781	0.00553	0.00484	0.00145	0.00826	0.00380	0.00326	0.00682
11	0.01435	0.81458	0.02813	0.00918	0.01378	0.02124	0.00918	0.01607	0.01091	0.01263	0.00746	0.00861	0.00689	0.00459	0.00344	0.00115	0.00574	0.00287	0.00230	0.00689
12	0.84927	0.01038	0.00789	0.00706	0.01038	0.01204	0.00581	0.01578	0.00914	0.02408	0.00747	0.00872	0.00581	0.00498	0.00332	0.00166	0.00415	0.00291	0.00332	0.00581
13	0.00755	0.00549	0.00711	0.00671	0.00799	0.00505	0.00503	0.01004	0.01509	0.02127	0.74929	0.04051	0.07655	0.01107	0.00633	0.00169	0.00254	0.00977	0.00588	0.00505
14	0.00781	0.00520	0.00585	0.00585	0.00585	0.00520	0.00325	0.00781	0.00781	0.01041	0.01691	0.03513	0.01952	0.81135	0.02732	0.00520	0.00520	0.00781	0.00325	0.00325
15	0.01388	0.01777	0.10227	0.11553	0.02544	0.19778	0.38632	0.01760	0.01274	0.01563	0.00983	0.01290	0.00755	0.00510	0.00614	0.00171	0.03716	0.00516	0.00263	0.00686
16	0.02408	0.00914	0.01246	0.00955	0.01370	0.00789	0.00789	0.02616	0.01536	0.78158	0.02118	0.01827	0.01329	0.00664	0.00540	0.00166	0.00457	0.00540	0.00664	0.00914
17	0.01077	0.02777	0.78354	0.01530	0.02323	0.01247	0.01983	0.01700	0.01133	0.01700	0.00963	0.01133	0.00680	0.00510	0.00510	0.00170	0.00793	0.00397	0.00227	0.00793
18	0.00667	0.00477	0.00635	0.00739	0.00781	0.00445	0.00499	0.00780	0.01089	0.01467	0.12188	0.71280	0.03738	0.01609	0.00679	0.00212	0.00304	0.01457	0.00510	0.00445
19	0.01902	0.02387	0.01536	0.01386	0.01628	0.69405	0.01054	0.02038	0.01435	0.01311	0.00814	0.00994	0.00693	0.00601	0.00642	0.00150	0.10772	0.00361	0.00271	0.00618
20	0.01077	0.02777	0.78354	0.01530	0.02323	0.01247	0.01983	0.01700	0.01133	0.01700	0.00963	0.01133	0.00680	0.00510	0.00510	0.00170	0.00793	0.00397	0.00227	0.00793
21	0.00781	0.00520	0.00585	0.00585	0.00585	0.00520	0.00325	0.00781	0.00781	0.01041	0.01691	0.03513	0.01952	0.81135	0.02732	0.00520	0.00520	0.00781	0.00325	0.00325
22	0.00654	0.00467	0.00623	0.00747	0.00779	0.00436	0.00498	0.00747	0.01028	0.01370	0.02959	0.80785	0.03550	0.01682	0.00685	0.00218	0.00311	0.01526	0.00498	0.00436
23	0.02166	0.01302	0.01486	0.01139	0.01564	0.01366	0.00941	0.50944	0.02187	0.28912	0.01572	0.01473	0.01055	0.00651	0.00538	0.00163	0.00545	0.00503	0.00580	0.00913
24	0.01050	0.00898	0.01445	0.53540	0.12218	0.01056	0.01274	0.01380	0.01103	0.01552	0.01130	0.01539	0.00872	0.00548	0.00502	0.00165	0.00607	0.00482	0.18030	0.00607
25	0.00978	0.00808	0.00880	0.00834	0.01056	0.00841	0.00655	0.04276	0.28658	0.01890	0.10347	0.03887	0.31532	0.01097	0.00612	0.00188	0.00364	0.09947	0.00525	0.00623
26	0.00654	0.00467	0.00623	0.00747	0.00779	0.00436	0.00498	0.00747	0.01028	0.01370	0.02959	0.80785	0.03550	0.01682	0.00685	0.00218	0.00311	0.01526	0.00498	0.00436
27	0.02204	0.00970	0.01323	0.10747	0.01684	0.00916	0.00896	0.08879	0.01565	0.62113	0.01901	0.01731	0.01216	0.00647	0.00539	0.00167	0.00501	0.00527	0.00601	0.00874
28	0.01077	0.02777	0.78354	0.01530	0.02323	0.01247	0.01983	0.01700	0.01133	0.01700	0.00963	0.01133	0.00680	0.00510	0.00510	0.00170	0.00793	0.00397	0.00227	0.00793
29	0.01412	0.69367	0.04812	0.01230	0.10864	0.01995	0.01038	0.01615	0.01108	0.01336	0.00785	0.00926	0.00709	0.00463	0.00372	0.00122	0.00588	0.00314	0.00234	0.00712
30	0.84927	0.01038	0.00789	0.00706	0.01038	0.01204	0.00581	0.01578	0.00914	0.02408	0.00747	0.00872	0.00581	0.00498	0.00332	0.00166	0.00415	0.00291	0.00332	0.00581
31	0.00769	0.00568	0.00828	0.00828	0.00912	0.00652	0.00628	0.00937	0.00853	0.01221	0.01469	0.02283	0.01417	0.13572	0.69564	0.00820	0.01324	0.00601	0.00292	0.00460
32	0.02124	0.01370	0.01528	0.01172	0.01598	0.01467	0.00968	0.59399	0.02300	0.20296	0.01476	0.01411	0.01007	0.00649	0.00538	0.00162	0.00560	0.00496	0.00566	0.00913
33	0.84927	0.01038	0.00789	0.00706	0.01038	0.01204	0.00581	0.01578	0.00914	0.02408	0.00747	0.00872	0.00581	0.00498	0.00332	0.00166	0.00415	0.00291	0.00332	0.00581
34	0.00760	0.00549	0.00718	0.00675	0.00802	0.00506	0.00506	0.01013	0.01519	0.02153	0.77503	0.04010	0.05065	0.01097	0.00633	0.00169	0.00253	0.00971	0.00591	0.00506
35	0.01077	0.02777	0.78354	0.01530	0.02323	0.01247	0.01983	0.01700	0.01133	0.01700	0.00963	0.01133	0.00680	0.00510	0.00510	0.00170	0.00793	0.00397	0.00227	0.00793
36	0.00735	0.00529	0.00695	0.00692	0.00796	0.00490	0.00505	0.00950	0.01403	0.01967	0.59792	0.22251	0.04705	0.01236	0.00645	0.00181	0.00267	0.01103	0.00569	0.00490
37	0.01014	0.00954	0.01610	0.79845	0.03697	0.01193	0.01491	0.01371	0.01073	0.01371	0.00954	0.01431	0.00716	0.00537	0.00537	0.00179	0.00716	0.00477	0.00239	0.00596
38	0.00802	0.00569	0.00713	0.00693	0.00842	0.00518	0.00538	0.01025	0.01415	0.04633	0.48445	0.04460	0.21913	0.01192	0.00643	0.00181	0.00295	0.10057	0.00560	0.00507
39	0.01335	0.01153	0.01214	0.01092	0.01396	0.01335	0.00850	0.02852	0.76817	0.02245	0.02185	0.02003	0.01639	0.00728	0.00546	0.00182	0.00425	0.00607	0.00546	0.00850
40	0.01113	0.00954	0.01113	0.00795	0.01272	0.00716	0.00636	0.01352	0.01113	0.01749	0.00954	0.01113	0.00795	0.00398	0.00398	0.00080	0.00398	0.00318	0.00318	0.84417
41	0.00684	0.00546	0.00613	0.00596	0.00756	0.00474	0.00447	0.00867	0.01341	0.01729	0.34057	0.04707	0.48776	0.01255	0.00634	0.00176	0.00264	0.01069	0.00535	0.00474
42	0.01084	0.01026	0.01737	0.62725	0.20267	0.01211	0.01526	0.01433	0.01107	0.01457	0.00967	0.01408	0.00746	0.00524	0.00535	0.00175	0.00698	0.00477	0.00245	0.00653
43	0.01335	0.01153	0.01214	0.01092	0.01396	0.01335	0.00850	0.02852	0.76817	0.02245	0.02185	0.02003	0.01639	0.00728	0.00546	0.00182	0.00425	0.00607	0.00546	0.00850
44	0.01038	0.02504	0.68760	0.01447	0.02154	0.01175	0.01821	0.01608	0.01100	0.01644	0.01022	0.01254	0.00762	0.00945	0.10229	0.00256	0.00873	0.00419	0.00234	0.00754
45	0.00695	0.00546	0.00627	0.00607	0.00762	0.00479	0.00455	0.00887	0.01366	0.01789	0.40154	0.04609	0.42642	0.01233	0.00634	0.00175	0.00263	0.01055	0.00543	0.00479
46	0.00637	0.00534	0.00554	0.00569	0.00732	0.00451	0.00419	0.00768	0.01199	0.01440	0.05131	0.14528	0.68405	0.01399	0.00641	0.00186	0.00277	0.01182	0.00498	0.00451
47	0.00634	0.00544	0.00544	0.00544	0.00725	0.00453	0.00408	0.00770	0.01224	0.01450	0.05438	0.05166	0.77569	0.01359	0.00634	0.00181	0.00272	0.01133	0.00498	0.00453
48	0.01037	0.00977	0.01651	0.74300	0.09064	0.01199	0.01502	0.01391	0.01084	0.01399	0.00958	0.01424	0.00725	0.00532	0.00536	0.00177	0.00710	0.00477	0.00240	0.00615
49	0.02276	0.00943	0.01242	0.00972	0.01373	0.00857	0.00796	0.02645	0.10857	0.68760	0.02126	0.01849	0.01367	0.00672	0.00541	0.00168	0.00453	0.00548	0.00650	0.00906
50	0.01335	0.01153	0.01214	0.01092	0.01396	0.01335	0.00850	0.02852	0.76817	0.02245	0.02185	0.02003	0.01639	0.00728	0.00546	0.00182	0.00425	0.00607	0.00546	0.00850
51	0.01014	0.00954	0.01610	0.79845	0.03697	0.01193	0.01491	0.01371	0.01073	0.01371	0.00954	0.01431	0.00716	0.00537	0.00537	0.00179	0.00716	0.00477	0.00239	0.00596
52	0.01451	0.01097	0.01206	0.01037	0.01377	0.01186	0.00815	0.02635	0.57424	0.12288	0.02023	0.01869	0.01493	0.00679	0.00527	0.00167	0.00426	0.00562	0.00534	0.11204
53	0.01014	0.00954	0.01610	0.79845	0.03697	0.01193	0.01491	0.01371	0.01073	0.01371	0.00954	0.01431	0.00716	0.00537	0.00537	0.00179	0.00716	0.00477	0.00239	0.00596
54	0.01121	0.12518	0.69001	0.01454	0.02206	0.01355	0.01851	0.01688	0.01128	0.01646	0.00936	0.01100	0.00681	0.00504	0.00489	0.00163	0.00766	0.00383	0.00227	0.00780
55	0.00760	0.00549	0.00718	0.00675	0.00802	0.00506	0.00506	0.01013	0.01519	0.02153	0.77503	0.04010	0.05065	0.01097	0.00633	0.00169	0.00253	0.00971	0.00591	0.00506
56	0.00668	0.00478	0.00635	0.00738	0.00782	0.00445	0.00499	0.00783	0.01093	0.01474	0.12881	0.70566	0.03752	0.01604	0.00678	0.00211	0.00304	0.01452	0.00511	0.00445
57	0.84927	0.01038	0.00789	0.00706	0.01038	0.01204	0.00581	0.01578	0.00914	0.02408	0.00747	0.00872	0.00581	0.00498	0.00332	0.00166	0.00415	0.00291	0.00332	0.00581
58	0.01253	0.48436	0.26350	0.01086	0.01616	0.01683	0.01211	0.01576	0.01148	0.01491	0.08673	0.01269	0.01134	0.00541	0.00426	0.00138	0.00610	0.00391	0.00266	0.00703
59	0.01417	0.01304	0.02109	0.03040	0.68362	0.01324	0.01570	0.10852	0.01383	0.01955	0.01044	0.01324	0.00858	0.00499	0.00532	0.00160	0.00632	0.00479	0.00299	0.00858
60	0.65321	0.01009	0.00897	0.00765	0.01117	0.01106	0.00631	0.01825	0.01062	0.20406	0.01073	0.01099	0.00759	0.00538	0.00382	0.00166	0.00425	0.00350	0.00411	0.00660
61	0.01014	0.00954	0.01610	0.79845	0.03697	0.01193	0.01491	0.01371	0.01073	0.01371	0.00954	0.01431	0.00716	0.00537	0.00537	0.00179	0.00716	0.00477	0.00239	0.00596
62	0.01141	0.01022	0.01610	0.70113	0.03445	0.01251	0.01433	0.10611	0.01253	0.01621	0.00996	0.01414	0.00740	0.00550	0.00537	0.00177	0.00700	0.00478	0.00275	0.00635
63	0.00637	0.00534	0.00554	0.00569	0.00732	0.00451	0.00419	0.00768	0.01199	0.01440	0.05131	0.14528	0.68405	0.01399	0.00641	0.00186	0.00277	0.01182	0.00498	0.00451
64	0.01014	0.00954	0.01610	0.79845	0.03697	0.01193	0.01491	0.01371	0.01073	0.01371	0.00954	0.01431	0.00716	0.00537	0.00537	0.00179	0.00716	0.00477	0.00239	0.00596
65	0.01077	0.02777	0.78354	0.01530	0.02323	0.01247	0.01983	0.01700	0.01133	0.01700	0.00963	0.01133	0.00680	0.00510	0.00510	0.00170	0.00793	0.00397	0.00227	0.00793
66	0.00654	0.00467	0.00623	0.00747	0.00779	0.00436	0.00498	0.00747	0.01028	0.01370	0.02959	0.80785	0.03550	0.01682	0.00685	0.00218	0.00311	0.01526	0.00498	0.00436
67	0.01461	0.01119	0.01227	0.02828	0.01444	0.01264	0.00856	0.02790	0.65811	0.11625	0.02149	0.01968	0.01580	0.00716	0.00545	0.00180	0.00435	0.00596	0.00554	0.00852
68	0.02041	0.01504	0.01611	0.01235	0.01665	0.01665	0.01020	0.75997	0.02524	0.03383	0.01289	0.01289	0.00913	0.00644	0.00537	0.00161	0.00591	0.00483	0.00537	0.00913
69	0.00663	0.00474	0.00631	0.00741	0.00781	0.00442	0.00499	0.00771	0.01071	0.01439	0.09477	0.74071	0.03683	0.01631	0.00681	0.00214	0.00306	0.01477	0.00506	0.00442
70	0.00748	0.00548	0.00701	0.00663	0.00794	0.00501	0.00497	0.00989	0.01491	0.02084	0.70493	0.04122	0.12118	0.01123	0.00633	0.00170	0.00255	0.00987	0.00582	0.00501
71	0.01267	0.01448	0.03167	0.02262	0.02805	0.01357	0.75837	0.01719	0.01267	0.01719	0.01086	0.01448	0.00814	0.00452	0.00633	0.00181	0.00905	0.00633	0.00271	0.00724
72	0.01329	0.01275	0.02179	0.03295	0.77787	0.01275	0.01647	0.01647	0.01222	0.01754	0.01010	0.01329	0.00850	0.00478	0.00531	0.00159	0.00638	0.00478	0.00266	0.00850
73	0.01014	0.00954	0.01610	0.79845	0.03697	0.01193	0.01491	0.01371	0.01073	0.01371	0.00954	0.01431	0.00716	0.00537	0.00537	0.00179	0.00716	0.00477	0.00239	0.00596
74	0.00781	0.00520	0.00585	0.00585	0.00585	0.00520	0.00325	0.00781	0.00781	0.01041	0.01691	0.03513	0.01952	0.81135	0.02732	0.00520	0.00520	0.00781	0.00325	0.00325

[dist]
# distance from previous block
# <min> <max>
0	1

[block]
# block no. 1 follows, 45 sequences, length 46
# corresponding to MSA columns:
# 1290-1335
name=unknown_B
#
# <colnr> <probs for GDERKNQSTAVLIFYWHMCP>
#	G	D	E	R	K	N	Q	S	T	A	V	L	I	F	Y	W	H	M	C	P
0	0.35952	0.01741	0.01189	0.01055	0.01371	0.37881	0.00821	0.01968	0.01275	0.10905	0.00949	0.01031	0.00722	0.00544	0.00429	0.00153	0.00681	0.00346	0.00345	0.00640
1	0.00958	0.00765	0.01102	0.01464	0.25617	0.00765	0.00754	0.01062	0.00924	0.01272	0.01470	0.02805	0.01594	0.54983	0.02019	0.00403	0.00558	0.00683	0.00306	0.00495
2	0.01828	0.01201	0.01432	0.10464	0.01763	0.01241	0.00955	0.37673	0.01882	0.19466	0.01415	0.03003	0.01017	0.00619	0.00519	0.00153	0.00540	0.00490	0.00495	0.13844
3	0.01326	0.01183	0.06030	0.00986	0.01419	0.01042	0.00832	0.08938	0.25811	0.05358	0.01435	0.01450	0.01095	0.00547	0.00472	0.00130	0.00452	0.00442	0.00422	0.40630
4	0.11971	0.36567	0.01991	0.01098	0.01461	0.36091	0.00930	0.01841	0.01260	0.01427	0.00783	0.00910	0.00677	0.00506	0.00405	0.00132	0.00729	0.00314	0.00263	0.00646
5	0.01888	0.01467	0.01763	0.01345	0.01778	0.01600	0.09924	0.60938	0.08676	0.03088	0.01341	0.01368	0.00963	0.00629	0.00549	0.00165	0.00614	0.00512	0.00506	0.00885
6	0.00760	0.00549	0.00718	0.00675	0.00802	0.00506	0.00506	0.01013	0.01519	0.02153	0.77503	0.04010	0.05065	0.01097	0.00633	0.00169	0.00253	0.00971	0.00591	0.00506
7	0.01077	0.02777	0.78354	0.01530	0.02323	0.01247	0.01983	0.01700	0.01133	0.01700	0.00963	0.01133	0.00680	0.00510	0.00510	0.00170	0.00793	0.00397	0.00227	0.00793
8	0.00654	0.00467	0.00623	0.00747	0.00779	0.00436	0.00498	0.00747	0.01028	0.01370	0.02959	0.80785	0.03550	0.01682	0.00685	0.00218	0.00311	0.01526	0.00498	0.00436
9	0.00775	0.00535	0.00656	0.00651	0.00685	0.00549	0.00415	0.00844	0.00885	0.01214	0.10677	0.03294	0.02202	0.56318	0.17594	0.00546	0.00670	0.00763	0.00349	0.00377
10	0.02280	0.00942	0.01242	0.00971	0.01373	0.00854	0.00796	0.02644	0.10509	0.69110	0.02126	0.01848	0.01366	0.00672	0.00541	0.00168	0.00453	0.00548	0.00650	0.00906
11	0.01039	0.02511	0.69100	0.01428	0.02142	0.01158	0.01807	0.01618	0.01179	0.01754	0.10086	0.01476	0.01203	0.00580	0.00525	0.00170	0.00729	0.00465	0.00270	0.00759
12	0.01014	0.00954	0.01610	0.79845	0.03697	0.01193	0.01491	0.01371	0.01073	0.01371	0.00954	0.01431	0.00716	0.00537	0.00537	0.00179	0.00716	0.00477	0.00239	0.00596
13	0.00744	0.00548	0.00696	0.00659	0.00792	0.00500	0.00494	0.00983	0.01482	0.02065	0.68501	0.04154	0.14122	0.01130	0.00633	0.00170	0.00256	0.00991	0.00579	0.00500
14	0.01077	0.02777	0.78354	0.01530	0.02323	0.01247	0.01983	0.01700	0.01133	0.01700	0.00963	0.01133	0.00680	0.00510	0.00510	0.00170	0.00793	0.00397	0.00227	0.00793
15	0.01696	0.01910	0.01578	0.01375	0.01566	0.40569	0.01087	0.10625	0.01377	0.01552	0.00837	0.01084	0.00723	0.00710	0.00973	0.00177	0.30817	0.00409	0.00292	0.00644
16	0.01040	0.00981	0.01658	0.73351	0.09982	0.01200	0.01504	0.01395	0.01086	0.01404	0.00959	0.01422	0.00727	0.00532	0.00536	0.00177	0.00709	0.00477	0.00241	0.00618
17	0.84927	0.01038	0.00789	0.00706	0.01038	0.01204	0.00581	0.01578	0.00914	0.02408	0.00747	0.00872	0.00581	0.00498	0.00332	0.00166	0.00415	0.00291	0.00332	0.00581
18	0.00654	0.00467	0.00623	0.00747	0.00779	0.00436	0.00498	0.00747	0.01028	0.01370	0.02959	0.80785	0.03550	0.01682	0.00685	0.00218	0.00311	0.01526	0.00498	0.00436
19	0.01125	0.00620	0.00633	0.00588	0.00749	0.00639	0.00452	0.10160	0.01292	0.02166	0.01696	0.01916	0.01321	0.00628	0.00395	0.00129	0.00291	0.00498	0.74153	0.00549
20	0.02408	0.00914	0.01246	0.00955	0.01370	0.00789	0.00789	0.02616	0.01536	0.78158	0.02118	0.01827	0.01329	0.00664	0.00540	0.00166	0.00457	0.00540	0.00664	0.00914
21	0.00865	0.00618	0.00865	0.00989	0.01112	0.00618	0.00865	0.01112	0.01236	0.01606	0.02842	0.06055	0.03089	0.01483	0.00741	0.00247	0.00494	0.74174	0.00494	0.00494
22	0.02408	0.00914	0.01246	0.00955	0.01370	0.00789	0.00789	0.02616	0.01536	0.78158	0.02118	0.01827	0.01329	0.00664	0.00540	0.00166	0.00457	0.00540	0.00664	0.00914
23	0.01267	0.01448	0.03167	0.02262	0.02805	0.01357	0.75837	0.01719	0.01267	0.01719	0.01086	0.01448	0.00814	0.00452	0.00633	0.00181	0.00905	0.00633	0.00271	0.00724
24	0.02408	0.00914	0.01246	0.00955	0.01370	0.00789	0.00789	0.02616	0.01536	0.78158	0.02118	0.01827	0.01329	0.00664	0.00540	0.00166	0.00457	0.00540	0.00664	0.00914
25	0.01077	0.02777	0.78354	0.01530	0.02323	0.01247	0.01983	0.01700	0.01133	0.01700	0.00963	0.01133	0.00680	0.00510	0.00510	0.00170	0.00793	0.00397	0.00227	0.00793
26	0.02041	0.01504	0.01611	0.01235	0.01665	0.01665	0.01020	0.75997	0.02524	0.03383	0.01289	0.01289	0.00913	0.00644	0.00537	0.00161	0.00591	0.00483	0.00537	0.00913
27	0.00654	0.00467	0.00623	0.00747	0.00779	0.00436	0.00498	0.00747	0.01028	0.01370	0.02959	0.80785	0.03550	0.01682	0.00685	0.00218	0.00311	0.01526	0.00498	0.00436
28	0.01014	0.00954	0.01610	0.79845	0.03697	0.01193	0.01491	0.01371	0.01073	0.01371	0.00954	0.01431	0.00716	0.00537	0.00537	0.00179	0.00716	0.00477	0.00239	0.00596
29	0.00768	0.00569	0.00830	0.00830	0.00914	0.00653	0.00630	0.00937	0.00853	0.01222	0.01468	0.02276	0.01415	0.13217	0.69916	0.00822	0.01328	0.00600	0.00292	0.00461
30	0.01329	0.01275	0.02179	0.03295	0.77787	0.01275	0.01647	0.01647	0.01222	0.01754	0.01010	0.01329	0.00850	0.00478	0.00531	0.00159	0.00638	0.00478	0.00266	0.00850
31	0.00654	0.00467	0.00623	0.00747	0.00779	0.00436	0.00498	0.00747	0.01028	0.01370	0.02959	0.80785	0.03550	0.01682	0.00685	0.00218	0.00311	0.01526	0.00498	0.00436
32	0.00654	0.00467	0.00623	0.00747	0.00779	0.00436	0.00498	0.00747	0.01028	0.01370	0.02959	0.80785	0.03550	0.01682	0.00685	0.00218	0.00311	0.01526	0.00498	0.00436
33	0.01321	0.01296	0.02297	0.03172	0.68849	0.01285	0.10490	0.01656	0.01228	0.01750	0.01019	0.01343	0.00846	0.00475	0.00544	0.00162	0.00670	0.00497	0.00266	0.00835
34	0.84927	0.01038	0.00789	0.00706	0.01038	0.01204	0.00581	0.01578	0.00914	0.02408	0.00747	0.00872	0.00581	0.00498	0.00332	0.00166	0.00415	0.00291	0.00332	0.00581
35	0.00733	0.00552	0.00779	0.10180	0.01168	0.00555	0.00661	0.00893	0.01110	0.01481	0.10587	0.54319	0.03318	0.01460	0.00669	0.00212	0.00375	0.10002	0.00477	0.00469
36	0.02060	0.00872	0.01151	0.00892	0.01265	0.00748	0.00716	0.02247	0.01396	0.59875	0.01928	0.01943	0.01339	0.10207	0.00784	0.00198	0.00457	0.00542	0.00583	0.10797
37	0.00809	0.00605	0.00775	0.00722	0.00892	0.00542	0.00561	0.01055	0.01425	0.02011	0.56560	0.03955	0.07275	0.01071	0.00618	0.00168	0.00300	0.09610	0.00543	0.10504
38	0.01021	0.01171	0.10741	0.70527	0.03534	0.01199	0.01549	0.01411	0.01080	0.01411	0.00955	0.01396	0.00711	0.00533	0.00533	0.00178	0.00725	0.00467	0.00237	0.00620
39	0.01064	0.10533	0.01753	0.70454	0.03421	0.01303	0.01423	0.01400	0.01075	0.01359	0.00929	0.01363	0.00712	0.00527	0.00514	0.00171	0.00699	0.00454	0.00237	0.00607
40	0.12227	0.00928	0.01191	0.00925	0.01331	0.00838	0.00764	0.02492	0.01462	0.69145	0.01955	0.01713	0.01240	0.00645	0.00515	0.00166	0.00452	0.00510	0.00625	0.00874
41	0.01331	0.10215	0.00923	0.00640	0.00862	0.00751	0.00522	0.01564	0.01203	0.17002	0.01704	0.01831	0.01285	0.00613	0.00404	0.00132	0.00330	0.00483	0.57600	0.00605
42	0.00834	0.00658	0.01019	0.01152	0.10100	0.00743	0.00787	0.01041	0.00905	0.01307	0.01387	0.02016	0.01283	0.03604	0.69670	0.00779	0.01343	0.00564	0.00285	0.00523
43	0.65157	0.10592	0.01084	0.00761	0.01118	0.01264	0.00646	0.01705	0.01009	0.11301	0.00911	0.00985	0.00683	0.00513	0.00358	0.00160	0.00439	0.00320	0.00360	0.00634
44	0.00802	0.00597	0.00765	0.00690	0.00858	0.00531	0.00522	0.01053	0.01471	0.02105	0.68395	0.03665	0.04557	0.01014	0.00605	0.00158	0.00270	0.00893	0.00558	0.10491
45	0.00747	0.10104	0.00883	0.00768	0.00850	0.00637	0.00548	0.00850	0.01035	0.01358	0.02695	0.71275	0.03210	0.01536	0.00645	0.00206	0.00343	0.01379	0.00466	0.00466

[dist]
# distance from previous block
# <min> <max>
0	12

[block]
# block no. 2 follows, 45 sequences, length 91
# corresponding to MSA columns:
# 1381-1462,1464-1472
name=unknown_C
#
# <colnr> <probs for GDERKNQSTAVLIFYWHMCP>
#	G	D	E	R	K	N	Q	S	T	A	V	L	I	F	Y	W	H	M	C	P
0	0.01101	0.00952	0.01587	0.74896	0.03551	0.01167	0.01447	0.01450	0.01102	0.06188	0.01027	0.01456	0.00754	0.00545	0.00537	0.00178	0.00699	0.00481	0.00265	0.00616
1	0.01269	0.01168	0.01651	0.01392	0.01466	0.01553	0.04361	0.01518	0.06953	0.06208	0.00928	0.01293	0.00823	0.00884	0.01539	0.00224	0.65354	0.00492	0.00288	0.00635
2	0.00771	0.00568	0.00624	0.00597	0.00781	0.00485	0.00452	0.00936	0.01304	0.06406	0.20031	0.04719	0.57895	0.01262	0.00628	0.00178	0.00280	0.01062	0.00528	0.00493
3	0.00962	0.00636	0.00889	0.00986	0.01128	0.00629	0.00860	0.01206	0.01255	0.06409	0.02797	0.05790	0.02979	0.01432	0.00729	0.00242	0.00492	0.69555	0.00505	0.00521
4	0.01160	0.02660	0.73517	0.01494	0.02263	0.01218	0.01908	0.01757	0.01159	0.06496	0.01036	0.01177	0.00721	0.00520	0.00512	0.00170	0.00772	0.00406	0.00254	0.00801
5	0.02064	0.01467	0.01588	0.01217	0.01646	0.01610	0.01006	0.71394	0.02462	0.08074	0.01341	0.01323	0.00939	0.00646	0.00537	0.00161	0.00582	0.00487	0.00545	0.00913
6	0.72982	0.07427	0.00946	0.00721	0.01050	0.01234	0.00604	0.01545	0.00966	0.02301	0.05562	0.01068	0.00871	0.00533	0.00352	0.00162	0.00418	0.00333	0.00340	0.00585
7	0.07585	0.00921	0.01217	0.00939	0.01349	0.00815	0.00776	0.02551	0.01497	0.73407	0.02032	0.01767	0.01282	0.00654	0.00527	0.00166	0.00454	0.00524	0.00644	0.00893
8	0.01320	0.01278	0.02037	0.03000	0.68050	0.04345	0.01532	0.01657	0.03088	0.01773	0.05830	0.01499	0.01127	0.00526	0.00536	0.00160	0.00622	0.00507	0.00293	0.00820
9	0.84927	0.01038	0.00789	0.00706	0.01038	0.01204	0.00581	0.01578	0.00914	0.02408	0.00747	0.00872	0.00581	0.00498	0.00332	0.00166	0.00415	0.00291	0.00332	0.00581
10	0.01001	0.00500	0.00500	0.00500	0.00625	0.00500	0.00375	0.01251	0.01126	0.02001	0.01751	0.02001	0.01376	0.00625	0.00375	0.00125	0.00250	0.00500	0.84115	0.00500
11	0.01077	0.02777	0.78354	0.01530	0.02323	0.01247	0.01983	0.01700	0.01133	0.01700	0.00963	0.01133	0.00680	0.00510	0.00510	0.00170	0.00793	0.00397	0.00227	0.00793
12	0.00755	0.00548	0.00711	0.00670	0.00799	0.00504	0.00503	0.01003	0.01508	0.02124	0.74613	0.04056	0.07973	0.01108	0.00633	0.00169	0.00254	0.00977	0.00587	0.00504
13	0.00719	0.00594	0.00637	0.00618	0.00796	0.00536	0.00466	0.00992	0.07326	0.01675	0.21714	0.04648	0.54870	0.01249	0.00627	0.00178	0.00280	0.01054	0.00523	0.00497
14	0.00755	0.00548	0.00711	0.00670	0.00799	0.00504	0.00503	0.01003	0.01508	0.02124	0.74613	0.04056	0.07973	0.01108	0.00633	0.00169	0.00254	0.00977	0.00587	0.00504
15	0.02070	0.01456	0.01582	0.01213	0.01641	0.01595	0.01002	0.70139	0.02445	0.09352	0.01355	0.01332	0.00946	0.00646	0.00537	0.00161	0.00580	0.00488	0.00547	0.00913
16	0.84927	0.01038	0.00789	0.00706	0.01038	0.01204	0.00581	0.01578	0.00914	0.02408	0.00747	0.00872	0.00581	0.00498	0.00332	0.00166	0.00415	0.00291	0.00332	0.00581
17	0.01329	0.01275	0.02179	0.03295	0.77787	0.01275	0.01647	0.01647	0.01222	0.01754	0.01010	0.01329	0.00850	0.00478	0.00531	0.00159	0.00638	0.00478	0.00266	0.00850
18	0.00654	0.00467	0.00623	0.00747	0.00779	0.00436	0.00498	0.00747	0.01028	0.01370	0.02959	0.80785	0.03550	0.01682	0.00685	0.00218	0.00311	0.01526	0.00498	0.00436
19	0.01014	0.00954	0.01610	0.79845	0.03697	0.01193	0.01491	0.01371	0.01073	0.01371	0.00954	0.01431	0.00716	0.00537	0.00537	0.00179	0.00716	0.00477	0.00239	0.00596
20	0.02408	0.00914	0.01246	0.00955	0.01370	0.00789	0.00789	0.02616	0.01536	0.78158	0.02118	0.01827	0.01329	0.00664	0.00540	0.00166	0.00457	0.00540	0.00664	0.00914
21	0.01267	0.01448	0.03167	0.02262	0.02805	0.01357	0.75837	0.01719	0.01267	0.01719	0.01086	0.01448	0.00814	0.00452	0.00633	0.00181	0.00905	0.00633	0.00271	0.00724
22	0.01014	0.00954	0.01610	0.79845	0.03697	0.01193	0.01491	0.01371	0.01073	0.01371	0.00954	0.01431	0.00716	0.00537	0.00537	0.00179	0.00716	0.00477	0.00239	0.00596
23	0.02408	0.00914	0.01246	0.00955	0.01370	0.00789	0.00789	0.02616	0.01536	0.78158	0.02118	0.01827	0.01329	0.00664	0.00540	0.00166	0.00457	0.00540	0.00664	0.00914
24	0.01329	0.01275	0.02179	0.03295	0.77787	0.01275	0.01647	0.01647	0.01222	0.01754	0.01010	0.01329	0.00850	0.00478	0.00531	0.00159	0.00638	0.00478	0.00266	0.00850
25	0.01984	0.01476	0.01579	0.01224	0.01643	0.01638	0.01007	0.70158	0.08455	0.03292	0.01360	0.01346	0.00971	0.00651	0.00538	0.00163	0.00577	0.00493	0.00538	0.00908
26	0.00865	0.00618	0.00865	0.00989	0.01112	0.00618	0.00865	0.01112	0.01236	0.01606	0.02842	0.06055	0.03089	0.01483	0.00741	0.00247	0.00494	0.74174	0.00494	0.00494
27	0.01329	0.01275	0.02179	0.03295	0.77787	0.01275	0.01647	0.01647	0.01222	0.01754	0.01010	0.01329	0.00850	0.00478	0.00531	0.00159	0.00638	0.00478	0.00266	0.00850
28	0.00781	0.00520	0.00585	0.00585	0.00585	0.00520	0.00325	0.00781	0.00781	0.01041	0.01691	0.03513	0.01952	0.81135	0.02732	0.00520	0.00520	0.00781	0.00325	0.00325
29	0.01150	0.01094	0.01857	0.46625	0.35850	0.01229	0.01559	0.01491	0.01138	0.01537	0.00978	0.01387	0.00774	0.00511	0.00534	0.00170	0.00682	0.00478	0.00250	0.00707
30	0.01435	0.81458	0.02813	0.00918	0.01378	0.02124	0.00918	0.01607	0.01091	0.01263	0.00746	0.00861	0.00689	0.00459	0.00344	0.00115	0.00574	0.00287	0.00230	0.00689
31	0.84927	0.01038	0.00789	0.00706	0.01038	0.01204	0.00581	0.01578	0.00914	0.02408	0.00747	0.00872	0.00581	0.00498	0.00332	0.00166	0.00415	0.00291	0.00332	0.00581
32	0.00767	0.00575	0.00863	0.00863	0.00959	0.00671	0.00671	0.00959	0.00863	0.01246	0.01438	0.02109	0.01342	0.04026	0.79008	0.00863	0.01438	0.00575	0.00288	0.00479
33	0.00693	0.00515	0.00656	0.00753	0.00836	0.00477	0.00554	0.00827	0.01113	0.01436	0.03469	0.49146	0.19402	0.01571	0.00686	0.00216	0.00340	0.16362	0.00498	0.00452
34	0.00634	0.00544	0.00544	0.00544	0.00725	0.00453	0.00408	0.00770	0.01224	0.01450	0.05438	0.05166	0.77569	0.01359	0.00634	0.00181	0.00272	0.01133	0.00498	0.00453
35	0.02087	0.01429	0.01565	0.01200	0.01628	0.01555	0.00991	0.66784	0.02400	0.12771	0.01393	0.01356	0.00965	0.00647	0.00537	0.00162	0.00574	0.00490	0.00553	0.00913
36	0.01309	0.01137	0.01245	0.07379	0.01580	0.01324	0.00901	0.02734	0.70770	0.02176	0.02087	0.01957	0.01565	0.00713	0.00545	0.00182	0.00448	0.00597	0.00522	0.00829
37	0.84927	0.01038	0.00789	0.00706	0.01038	0.01204	0.00581	0.01578	0.00914	0.02408	0.00747	0.00872	0.00581	0.00498	0.00332	0.00166	0.00415	0.00291	0.00332	0.00581
38	0.01146	0.02221	0.48022	0.01756	0.02406	0.01314	0.25698	0.01674	0.01151	0.01674	0.00982	0.01238	0.00725	0.00526	0.00650	0.00179	0.07165	0.00479	0.00242	0.00755
39	0.01113	0.00954	0.01113	0.00795	0.01272	0.00716	0.00636	0.01352	0.01113	0.01749	0.00954	0.01113	0.00795	0.00398	0.00398	0.00080	0.00398	0.00318	0.00318	0.84417
40	0.01852	0.01147	0.01381	0.11159	0.01709	0.01219	0.00929	0.36710	0.01846	0.23488	0.01525	0.01735	0.01133	0.10742	0.00813	0.00210	0.00561	0.00535	0.00507	0.00799
41	0.01327	0.01382	0.02309	0.12488	0.43160	0.07489	0.20623	0.01671	0.01239	0.01662	0.01008	0.01343	0.00811	0.00485	0.00554	0.00166	0.00742	0.00507	0.00265	0.00768
42	0.01102	0.11115	0.04970	0.37095	0.02484	0.01206	0.05713	0.01542	0.09455	0.03220	0.01452	0.10036	0.01310	0.00737	0.00550	0.00180	0.00616	0.06253	0.00329	0.00635
43	0.00777	0.00534	0.00657	0.00657	0.00681	0.00559	0.00414	0.00826	0.00802	0.01094	0.01626	0.03152	0.01795	0.61308	0.22345	0.00608	0.00756	0.00728	0.00316	0.00365
44	0.00742	0.00548	0.00692	0.00656	0.00791	0.00499	0.00492	0.00978	0.01477	0.02051	0.67111	0.04176	0.15521	0.01135	0.00633	0.00171	0.00256	0.00994	0.00578	0.00499
45	0.01776	0.20243	0.07947	0.01254	0.01637	0.40174	0.01075	0.13062	0.05046	0.01686	0.00953	0.01053	0.00767	0.00550	0.00465	0.00141	0.00783	0.00369	0.00313	0.00705
46	0.01389	0.01298	0.01982	0.01746	0.11452	0.01370	0.24161	0.10257	0.35928	0.02144	0.01601	0.01669	0.01206	0.00603	0.00570	0.00177	0.00618	0.00586	0.00425	0.00818
47	0.02408	0.00914	0.01246	0.00955	0.01370	0.00789	0.00789	0.02616	0.01536	0.78158	0.02118	0.01827	0.01329	0.00664	0.00540	0.00166	0.00457	0.00540	0.00664	0.00914
48	0.00997	0.00837	0.00901	0.00834	0.01063	0.00887	0.00640	0.01819	0.37490	0.01980	0.19142	0.03406	0.25849	0.01002	0.00592	0.00179	0.00341	0.00847	0.00541	0.00654
49	0.01014	0.00954	0.01610	0.79845	0.03697	0.01193	0.01491	0.01371	0.01073	0.01371	0.00954	0.01431	0.00716	0.00537	0.00537	0.00179	0.00716	0.00477	0.00239	0.00596
50	0.01957	0.01586	0.01544	0.01226	0.01620	0.11321	0.00995	0.59281	0.08299	0.03003	0.01313	0.01321	0.00953	0.00639	0.00528	0.00159	0.00618	0.00476	0.02299	0.00862
51	0.01302	0.00669	0.00891	0.00767	0.00989	0.00599	0.00599	0.01540	0.01525	0.27130	0.52730	0.03292	0.03837	0.00955	0.00602	0.00168	0.00320	0.00829	0.00615	0.00640
52	0.01297	0.01293	0.02713	0.01986	0.02461	0.01210	0.60414	0.01696	0.01274	0.07795	0.01395	0.05866	0.01165	0.00609	0.00637	0.00187	0.00808	0.06156	0.00331	0.00707
53	0.00697	0.00498	0.00673	0.00797	0.00847	0.00473	0.00574	0.00822	0.01070	0.01419	0.02935	0.65436	0.03456	0.01641	0.00697	0.00224	0.00349	0.16447	0.00497	0.00448
54	0.01157	0.01100	0.01868	0.45078	0.37347	0.01230	0.01562	0.01497	0.01141	0.01545	0.00979	0.01385	0.00777	0.00510	0.00534	0.00170	0.00680	0.00478	0.00251	0.00712
55	0.01267	0.01448	0.03167	0.02262	0.02805	0.01357	0.75837	0.01719	0.01267	0.01719	0.01086	0.01448	0.00814	0.00452	0.00633	0.00181	0.00905	0.00633	0.00271	0.00724
56	0.84927	0.01038	0.00789	0.00706	0.01038	0.01204	0.00581	0.01578	0.00914	0.02408	0.00747	0.00872	0.00581	0.00498	0.00332	0.00166	0.00415	0.00291	0.00332	0.00581
57	0.00750	0.00548	0.00704	0.00665	0.00796	0.00502	0.00499	0.00994	0.01496	0.02097	0.71750	0.04102	0.10853	0.01118	0.00633	0.00170	0.00255	0.00984	0.00584	0.00502
58	0.00654	0.00467	0.00623	0.00747	0.00779	0.00436	0.00498	0.00747	0.01028	0.01370	0.02959	0.80785	0.03550	0.01682	0.00685	0.00218	0.00311	0.01526	0.00498	0.00436
59	0.84927	0.01038	0.00789	0.00706	0.01038	0.01204	0.00581	0.01578	0.00914	0.02408	0.00747	0.00872	0.00581	0.00498	0.00332	0.00166	0.00415	0.00291	0.00332	0.00581
60	0.00694	0.00546	0.00626	0.00606	0.00762	0.00478	0.00455	0.00886	0.01364	0.01784	0.39665	0.04617	0.43133	0.01235	0.00634	0.00175	0.00263	0.01056	0.00542	0.00478
61	0.01217	0.01191	0.02115	0.28485	0.43867	0.01258	0.10910	0.01565	0.01179	0.01623	0.01001	0.01377	0.00801	0.00494	0.00546	0.00169	0.00697	0.00497	0.00257	0.00750
62	0.00760	0.00549	0.00718	0.00675	0.00802	0.00506	0.00506	0.01013	0.01519	0.02153	0.77503	0.04010	0.05065	0.01097	0.00633	0.00169	0.00253	0.00971	0.00591	0.00506
63	0.01420	0.01305	0.02106	0.03031	0.68023	0.01325	0.01567	0.11184	0.01389	0.01963	0.01045	0.01323	0.00858	0.00500	0.00532	0.00160	0.00632	0.00479	0.00301	0.00858
64	0.00634	0.00544	0.00544	0.00544	0.00725	0.00453	0.00408	0.00770	0.01224	0.01450	0.05438	0.05166	0.77569	0.01359	0.00634	0.00181	0.00272	0.01133	0.00498	0.00453
65	0.00865	0.00618	0.00865	0.00989	0.01112	0.00618	0.00865	0.01112	0.01236	0.01606	0.02842	0.06055	0.03089	0.01483	0.00741	0.00247	0.00494	0.74174	0.00494	0.00494
66	0.00712	0.00546	0.00736	0.00821	0.00849	0.00570	0.00573	0.00808	0.01005	0.01362	0.02708	0.71945	0.03234	0.01599	0.00805	0.00220	0.09177	0.01409	0.00469	0.00453
67	0.01113	0.00954	0.01113	0.00795	0.01272	0.00716	0.00636	0.01352	0.01113	0.01749	0.00954	0.01113	0.00795	0.00398	0.00398	0.00080	0.00398	0.00318	0.00318	0.84417
68	0.01090	0.00958	0.01208	0.01090	0.01212	0.01196	0.00860	0.01673	0.25801	0.01568	0.01467	0.01914	0.01293	0.10152	0.19418	0.00394	0.27154	0.00573	0.00359	0.00620
69	0.01755	0.54989	0.02298	0.00931	0.01375	0.01685	0.00876	0.01939	0.01237	0.26533	0.01197	0.01179	0.00899	0.00527	0.00409	0.00132	0.00536	0.00370	0.00372	0.00763
70	0.00970	0.00820	0.00946	0.00728	0.01101	0.00636	0.00572	0.01189	0.01184	0.01732	0.10780	0.02311	0.17621	0.00683	0.00475	0.00112	0.00354	0.00567	0.00388	0.56830
71	0.01223	0.30269	0.45763	0.01456	0.08016	0.01557	0.01583	0.01663	0.01125	0.01551	0.00891	0.01053	0.00697	0.00490	0.00454	0.00150	0.00704	0.00365	0.00231	0.00761
72	0.57550	0.01122	0.00981	0.00852	0.01191	0.01291	0.00692	0.11668	0.16034	0.02505	0.01101	0.01149	0.00833	0.00563	0.00401	0.00169	0.00440	0.00378	0.00401	0.00678
73	0.01182	0.01124	0.01883	0.25257	0.50166	0.01186	0.01503	0.01497	0.01179	0.01619	0.01347	0.01665	0.06936	0.00566	0.00541	0.00167	0.00631	0.00530	0.00276	0.00745
74	0.01142	0.01057	0.01237	0.08839	0.03386	0.07234	0.05494	0.01891	0.31723	0.01849	0.10750	0.12741	0.06962	0.00898	0.00584	0.00182	0.00489	0.02407	0.00465	0.00672
75	0.84927	0.01038	0.00789	0.00706	0.01038	0.01204	0.00581	0.01578	0.00914	0.02408	0.00747	0.00872	0.00581	0.00498	0.00332	0.00166	0.00415	0.00291	0.00332	0.00581
76	0.00962	0.00794	0.00952	0.00779	0.01110	0.00624	0.00591	0.01153	0.01085	0.01625	0.01613	0.27295	0.01701	0.00820	0.00492	0.00125	0.00369	0.00715	0.00377	0.56819
77	0.01661	0.01228	0.01460	0.01323	0.10627	0.01244	0.00952	0.30294	0.12811	0.10424	0.01391	0.01411	0.01026	0.00578	0.00504	0.00144	0.00510	0.00466	0.00465	0.21480
78	0.01655	0.01401	0.01560	0.01395	0.07286	0.08379	0.05684	0.26616	0.30555	0.05496	0.01624	0.01673	0.01224	0.00663	0.00546	0.00170	0.00577	0.02173	0.00484	0.00837
79	0.00847	0.00717	0.00801	0.00669	0.00968	0.00567	0.00515	0.01028	0.01170	0.01592	0.05091	0.08209	0.37681	0.00955	0.00535	0.00139	0.00329	0.00800	0.00422	0.36965
80	0.00672	0.00484	0.00641	0.00761	0.00806	0.00453	0.00527	0.00781	0.01054	0.01394	0.03048	0.71121	0.06478	0.01651	0.00688	0.00219	0.00326	0.07957	0.00498	0.00442
81	0.01113	0.00954	0.01113	0.00795	0.01272	0.00716	0.00636	0.01352	0.01113	0.01749	0.00954	0.01113	0.00795	0.00398	0.00398	0.00080	0.00398	0.00318	0.00318	0.84417
82	0.01435	0.81458	0.02813	0.00918	0.01378	0.02124	0.00918	0.01607	0.01091	0.01263	0.00746	0.00861	0.00689	0.00459	0.00344	0.00115	0.00574	0.00287	0.00230	0.00689
83	0.01749	0.01620	0.01352	0.01183	0.01502	0.27225	0.00918	0.08329	0.36384	0.11555	0.01653	0.01579	0.01226	0.00655	0.00524	0.00164	0.00623	0.00502	0.00470	0.00787
84	0.00664	0.00545	0.00585	0.00575	0.00743	0.00466	0.00431	0.00829	0.01294	0.01619	0.22718	0.04889	0.60184	0.01297	0.00634	0.00178	0.00267	0.01094	0.00521	0.00466
85	0.01284	0.00999	0.01097	0.00968	0.01237	0.01073	0.00771	0.24828	0.20761	0.02312	0.07771	0.09203	0.16089	0.00997	0.00596	0.00184	0.00434	0.08165	0.00528	0.00703
86	0.00760	0.00549	0.00718	0.00675	0.00802	0.00506	0.00506	0.01013	0.01519	0.02153	0.77503	0.04010	0.05065	0.01097	0.00633	0.00169	0.00253	0.00971	0.00591	0.00506
87	0.00973	0.00857	0.01093	0.11040	0.08156	0.05713	0.00864	0.04395	0.02794	0.01515	0.02124	0.42879	0.02365	0.01223	0.00720	0.00203	0.06831	0.05293	0.00413	0.00550
88	0.01163	0.21828	0.60063	0.01382	0.02094	0.01459	0.01725	0.01678	0.01123	0.01594	0.00911	0.01067	0.00682	0.00498	0.00470	0.00157	0.00740	0.00370	0.00227	0.00768
89	0.01113	0.00954	0.01113	0.00795	0.01272	0.00716	0.00636	0.01352	0.01113	0.01749	0.00954	0.01113	0.00795	0.00398	0.00398	0.00080	0.00398	0.00318	0.00318	0.84417
90	0.01392	0.01296	0.02128	0.03112	0.71032	0.01310	0.01592	0.08245	0.01338	0.01898	0.01034	0.01325	0.00856	0.00493	0.00532	0.00160	0.00634	0.00479	0.00290	0.00856

[dist]
# distance from previous block
# <min> <max>
0	38

# created by:
# /home/cegg/simao/soft/augustus-3.2.1/scripts/msa2prfl.pl ./align_prep/23187.fa
