[name]
unknown

[dist]
# distance from previous block
# <min> <max>
0	117

[block]
# block no. 0 follows, 44 sequences, length 7
# corresponding to MSA columns:
# 178-184
name=unknown_A
#
# <colnr> <probs for GDERKNQSTAVLIFYWHMCP>
#	G	D	E	R	K	N	Q	S	T	A	V	L	I	F	Y	W	H	M	C	P
0	0.03103	0.07104	0.06204	0.09690	0.24623	0.01279	0.13107	0.07924	0.03397	0.03928	0.01379	0.02092	0.01208	0.00672	0.00571	0.00179	0.00660	0.11788	0.00343	0.00748
1	0.01251	0.01062	0.01386	0.18411	0.06223	0.05735	0.04770	0.09216	0.10307	0.05966	0.01894	0.19879	0.04377	0.00921	0.00644	0.00189	0.03874	0.02812	0.00417	0.00664
2	0.00846	0.00553	0.00758	0.00752	0.00808	0.00582	0.00538	0.00899	0.00980	0.01390	0.16314	0.10377	0.02257	0.11153	0.17614	0.23953	0.04096	0.00744	0.04979	0.00406
3	0.07643	0.01515	0.20619	0.15443	0.05232	0.05388	0.01225	0.11828	0.01401	0.02015	0.12869	0.05021	0.01578	0.00690	0.00531	0.00170	0.00601	0.00566	0.04980	0.00686
4	0.01028	0.00898	0.01461	0.67351	0.03274	0.01103	0.01339	0.01374	0.01098	0.01491	0.01094	0.01543	0.00830	0.00559	0.00520	0.00173	0.00654	0.00488	0.13130	0.00591
5	0.14146	0.10647	0.03978	0.04881	0.01475	0.03376	0.00811	0.06960	0.04372	0.01929	0.00986	0.01126	0.00795	0.00475	0.00417	0.00119	0.00490	0.00351	0.00332	0.42334
6	0.12405	0.06928	0.01410	0.01265	0.08771	0.16987	0.00903	0.12523	0.07734	0.05826	0.01435	0.13441	0.01304	0.00741	0.00508	0.00162	0.00581	0.00588	0.00403	0.06086

[dist]
# distance from previous block
# <min> <max>
0	19

[block]
# block no. 1 follows, 44 sequences, length 13
# corresponding to MSA columns:
# 221-233
name=unknown_B
#
# <colnr> <probs for GDERKNQSTAVLIFYWHMCP>
#	G	D	E	R	K	N	Q	S	T	A	V	L	I	F	Y	W	H	M	C	P
0	0.01537	0.45308	0.07402	0.01097	0.01526	0.19120	0.01013	0.01902	0.10219	0.01464	0.00975	0.01067	0.00819	0.00521	0.00420	0.00132	0.00662	0.00353	0.00286	0.04176
1	0.00781	0.00594	0.00761	0.04329	0.00995	0.00606	0.00613	0.00978	0.04126	0.01472	0.03003	0.38605	0.15009	0.06199	0.03279	0.00251	0.03701	0.09866	0.04351	0.00481
2	0.00926	0.17902	0.10391	0.00827	0.01114	0.00978	0.00770	0.01151	0.01231	0.01599	0.19533	0.06277	0.27359	0.03648	0.00685	0.00181	0.03624	0.00819	0.00420	0.00565
3	0.00801	0.00585	0.00693	0.00723	0.00805	0.00576	0.00509	0.00999	0.06133	0.01423	0.07715	0.16728	0.13441	0.32788	0.01506	0.00336	0.00429	0.12921	0.00446	0.00444
4	0.00840	0.00524	0.00576	0.00576	0.00603	0.00524	0.00341	0.00894	0.00867	0.01263	0.01731	0.03243	0.01858	0.63872	0.02268	0.00444	0.00470	0.00733	0.18003	0.00368
5	0.01033	0.01077	0.02122	0.01597	0.01973	0.00997	0.43852	0.01367	0.01286	0.01709	0.11303	0.09717	0.17756	0.00846	0.00648	0.00186	0.00649	0.00874	0.00384	0.00624
6	0.00794	0.00628	0.00727	0.00736	0.00880	0.00610	0.00538	0.01171	0.13228	0.01747	0.21324	0.27385	0.25554	0.01315	0.00645	0.00193	0.00309	0.01148	0.00536	0.00532
7	0.01458	0.81168	0.02857	0.00933	0.01399	0.02157	0.00933	0.01632	0.01108	0.01283	0.00758	0.00875	0.00700	0.00466	0.00350	0.00117	0.00583	0.00292	0.00233	0.00700
8	0.01257	0.00658	0.00847	0.00765	0.00978	0.00581	0.00585	0.01446	0.01397	0.25820	0.25904	0.18153	0.17131	0.01138	0.00623	0.00182	0.00337	0.00986	0.00588	0.00621
9	0.01615	0.32642	0.08996	0.11647	0.07853	0.10774	0.01156	0.01870	0.01257	0.15780	0.01099	0.01211	0.00838	0.00534	0.00460	0.00147	0.00653	0.00398	0.00326	0.00745
10	0.01136	0.10439	0.01180	0.00910	0.01087	0.08372	0.00717	0.01302	0.01021	0.08266	0.01410	0.02019	0.01291	0.11956	0.45756	0.00609	0.01109	0.00548	0.00323	0.00548
11	0.01555	0.01057	0.01222	0.01070	0.01377	0.01150	0.00862	0.13207	0.35280	0.16487	0.02079	0.02396	0.01644	0.01124	0.07990	0.00252	0.00569	0.09329	0.00545	0.00806
12	0.01336	0.01271	0.01128	0.01017	0.01250	0.17646	0.00770	0.07037	0.27403	0.02020	0.22884	0.02470	0.02414	0.08036	0.00766	0.00201	0.00521	0.00671	0.00488	0.00672

[dist]
# distance from previous block
# <min> <max>
0	2

[block]
# block no. 2 follows, 44 sequences, length 9
# corresponding to MSA columns:
# 236-244
name=unknown_C
#
# <colnr> <probs for GDERKNQSTAVLIFYWHMCP>
#	G	D	E	R	K	N	Q	S	T	A	V	L	I	F	Y	W	H	M	C	P
0	0.01015	0.00943	0.11731	0.00825	0.01091	0.00677	0.00747	0.03351	0.01314	0.09829	0.18610	0.05349	0.23742	0.08583	0.00811	0.00213	0.00416	0.05947	0.04230	0.00576
1	0.01127	0.00971	0.01253	0.08148	0.14321	0.03467	0.00863	0.05342	0.01097	0.01533	0.01238	0.02063	0.01220	0.28793	0.01389	0.00279	0.06539	0.00552	0.00314	0.19493
2	0.01225	0.01011	0.01557	0.14120	0.16754	0.01046	0.08647	0.09434	0.04005	0.04595	0.12148	0.06804	0.01727	0.00858	0.04003	0.00199	0.00590	0.00645	0.06424	0.04207
3	0.06079	0.12329	0.10806	0.05901	0.04185	0.23558	0.08166	0.05019	0.12004	0.01710	0.01089	0.01240	0.00859	0.00575	0.00556	0.00161	0.04292	0.00435	0.00317	0.00718
4	0.01544	0.05634	0.05662	0.01158	0.01500	0.08418	0.05577	0.18191	0.03799	0.13032	0.08579	0.02772	0.04664	0.00869	0.00591	0.00182	0.00579	0.16045	0.00482	0.00722
5	0.01166	0.13849	0.05548	0.00950	0.01251	0.04491	0.03915	0.13636	0.01493	0.01941	0.20309	0.04095	0.17492	0.02409	0.04910	0.00209	0.00532	0.00736	0.00442	0.00626
6	0.10907	0.04541	0.04681	0.00977	0.01363	0.01005	0.05400	0.10217	0.01225	0.01898	0.01113	0.01460	0.00955	0.06601	0.12743	0.00267	0.00660	0.00435	0.00336	0.33215
7	0.08167	0.07605	0.07765	0.00986	0.01315	0.11439	0.00846	0.04430	0.11104	0.07584	0.05692	0.11450	0.01589	0.00761	0.00505	0.00159	0.00516	0.01816	0.07721	0.08548
8	0.04632	0.01649	0.18402	0.06045	0.01750	0.12016	0.01135	0.14744	0.01466	0.10156	0.01407	0.04276	0.03777	0.00877	0.05977	0.00208	0.00703	0.00500	0.00380	0.09899

[dist]
# distance from previous block
# <min> <max>
0	43

[block]
# block no. 3 follows, 44 sequences, length 18
# corresponding to MSA columns:
# 310-327
name=unknown_D
#
# <colnr> <probs for GDERKNQSTAVLIFYWHMCP>
#	G	D	E	R	K	N	Q	S	T	A	V	L	I	F	Y	W	H	M	C	P
0	0.09963	0.04450	0.11483	0.04545	0.04265	0.19921	0.01091	0.12336	0.11499	0.10243	0.01424	0.01461	0.03743	0.00623	0.00506	0.00163	0.00659	0.00466	0.00401	0.00757
1	0.01743	0.08933	0.01727	0.04011	0.19786	0.13977	0.01108	0.09853	0.09564	0.16879	0.01346	0.01404	0.01003	0.00576	0.00510	0.00154	0.00619	0.00462	0.00410	0.05937
2	0.07888	0.17769	0.16425	0.01135	0.01592	0.06155	0.04179	0.09301	0.01372	0.14590	0.03909	0.07825	0.01221	0.00661	0.00496	0.00158	0.00595	0.00523	0.00389	0.03816
3	0.07351	0.07426	0.01930	0.03320	0.32594	0.06055	0.08625	0.04297	0.09440	0.01852	0.01271	0.01729	0.01089	0.00602	0.00532	0.00167	0.00628	0.06490	0.00334	0.04269
4	0.08911	0.09393	0.01485	0.03885	0.04662	0.23609	0.03168	0.05033	0.01370	0.07710	0.09006	0.06723	0.01594	0.00776	0.00589	0.00169	0.04331	0.06554	0.00385	0.00648
5	0.03804	0.01218	0.01053	0.00997	0.01161	0.23821	0.00748	0.01444	0.01186	0.06878	0.06175	0.10314	0.01725	0.10903	0.21324	0.00397	0.02789	0.03147	0.00369	0.00547
6	0.03770	0.00955	0.00989	0.00869	0.01123	0.05642	0.00678	0.09490	0.16016	0.10665	0.21887	0.02905	0.15019	0.00903	0.00568	0.00170	0.00403	0.00747	0.06530	0.00672
7	0.01336	0.07489	0.27269	0.01370	0.01876	0.01342	0.09681	0.17349	0.11661	0.02091	0.01461	0.07925	0.01235	0.02041	0.00592	0.00182	0.00653	0.03291	0.00380	0.00775
8	0.05306	0.00706	0.00848	0.00775	0.00971	0.00690	0.00593	0.03494	0.08927	0.11058	0.41836	0.10763	0.09770	0.01060	0.00610	0.00178	0.00324	0.00916	0.00573	0.00602
9	0.01208	0.01015	0.01172	0.00844	0.01325	0.00806	0.00678	0.07470	0.01248	0.01913	0.00997	0.01145	0.00817	0.00424	0.00415	0.00088	0.00420	0.00337	0.00341	0.77337
10	0.00730	0.00567	0.00673	0.00694	0.00845	0.00511	0.00546	0.00923	0.01317	0.01693	0.23715	0.07921	0.39245	0.01350	0.00670	0.00197	0.00322	0.17068	0.00530	0.00483
11	0.00697	0.00548	0.00609	0.00602	0.00745	0.00482	0.00436	0.00852	0.01272	0.01626	0.25216	0.07305	0.46213	0.09947	0.00877	0.00219	0.00300	0.01079	0.00514	0.00461
12	0.01070	0.01042	0.01861	0.58752	0.03357	0.01220	0.14135	0.01434	0.01125	0.01465	0.01101	0.01736	0.00892	0.00604	0.00618	0.00188	0.03504	0.05012	0.00264	0.00621
13	0.00684	0.00524	0.00629	0.00679	0.00789	0.00469	0.00489	0.00829	0.01212	0.01567	0.16550	0.36148	0.31441	0.01476	0.00670	0.00200	0.00299	0.04357	0.00522	0.00464
14	0.00782	0.00573	0.00817	0.00817	0.00895	0.00650	0.00608	0.00936	0.00859	0.01222	0.01514	0.02439	0.01492	0.20082	0.62863	0.00804	0.01266	0.00628	0.00300	0.00454
15	0.50890	0.01067	0.00951	0.00823	0.01150	0.01206	0.00668	0.12023	0.10039	0.05307	0.01174	0.01245	0.00883	0.00575	0.00404	0.00165	0.00430	0.00394	0.09934	0.00672
16	0.00875	0.00643	0.00789	0.00737	0.00890	0.00617	0.00555	0.08395	0.01553	0.02139	0.53091	0.13032	0.12260	0.01168	0.00640	0.00178	0.00300	0.01022	0.00573	0.00541
17	0.01292	0.01111	0.01235	0.07134	0.01574	0.01285	0.00914	0.02636	0.64481	0.02159	0.02178	0.02327	0.01713	0.00788	0.00570	0.00190	0.00460	0.06614	0.00526	0.00813

[dist]
# distance from previous block
# <min> <max>
0	1

[block]
# block no. 4 follows, 44 sequences, length 32
# corresponding to MSA columns:
# 329-360
name=unknown_E
#
# <colnr> <probs for GDERKNQSTAVLIFYWHMCP>
#	G	D	E	R	K	N	Q	S	T	A	V	L	I	F	Y	W	H	M	C	P
0	0.01576	0.01690	0.09998	0.08657	0.23641	0.20094	0.03918	0.04229	0.01339	0.09681	0.01106	0.01317	0.00854	0.00574	0.00611	0.00165	0.06133	0.00456	0.03206	0.00753
1	0.01465	0.32860	0.10212	0.01105	0.01540	0.02588	0.04637	0.13075	0.11535	0.04052	0.01235	0.01329	0.00972	0.00660	0.02611	0.00166	0.00601	0.00431	0.08176	0.00751
2	0.61395	0.03423	0.04983	0.01001	0.01376	0.01309	0.09267	0.04550	0.01045	0.02282	0.00829	0.00997	0.00645	0.00528	0.00461	0.00172	0.04418	0.00357	0.00326	0.00634
3	0.00998	0.00841	0.01315	0.11754	0.01605	0.00918	0.11493	0.04860	0.01172	0.01660	0.06971	0.06209	0.09201	0.01568	0.18295	0.00337	0.07562	0.00688	0.11983	0.00570
4	0.02000	0.01491	0.01595	0.01240	0.01663	0.01657	0.01019	0.68237	0.10067	0.03319	0.01401	0.01383	0.01002	0.00663	0.00546	0.00166	0.00583	0.00504	0.00546	0.00921
5	0.00794	0.00565	0.00720	0.00677	0.00818	0.00515	0.00509	0.01037	0.01509	0.03799	0.67129	0.04159	0.13451	0.01136	0.00641	0.00173	0.00264	0.00995	0.00591	0.00517
6	0.00752	0.00499	0.00639	0.00739	0.00800	0.00476	0.00524	0.00895	0.01097	0.01551	0.04727	0.56817	0.03208	0.01482	0.00645	0.00207	0.00323	0.08969	0.15190	0.00462
7	0.00943	0.00581	0.00722	0.00685	0.00842	0.00526	0.00513	0.01154	0.01389	0.10108	0.39658	0.13585	0.16190	0.01137	0.00612	0.00175	0.00290	0.00988	0.09363	0.00540
8	0.01883	0.02222	0.01495	0.01334	0.01588	0.58995	0.01021	0.08164	0.01530	0.01555	0.00932	0.01103	0.00770	0.00615	0.00622	0.00152	0.09023	0.00386	0.05965	0.00645
9	0.00738	0.00552	0.00685	0.00660	0.00796	0.00499	0.00492	0.00960	0.01452	0.01988	0.57492	0.08070	0.21205	0.01203	0.00646	0.00177	0.00264	0.01050	0.00575	0.00499
10	0.01160	0.06542	0.01712	0.04980	0.01527	0.01541	0.04736	0.01307	0.00886	0.01315	0.00854	0.01406	0.00839	0.06484	0.05430	0.00276	0.57670	0.00500	0.00249	0.00587
11	0.27919	0.12600	0.01451	0.01154	0.04893	0.35021	0.00875	0.01838	0.01250	0.01745	0.00876	0.01025	0.00721	0.00533	0.00419	0.00146	0.00687	0.00342	0.05877	0.00631
12	0.00790	0.00532	0.00610	0.00605	0.00620	0.00527	0.00351	0.00820	0.00879	0.01186	0.10361	0.03625	0.02344	0.71705	0.02531	0.00488	0.00497	0.00815	0.00361	0.00351
13	0.00924	0.00741	0.00825	0.00792	0.00855	0.06892	0.03176	0.00983	0.00916	0.01170	0.01661	0.03262	0.01820	0.52659	0.10314	0.04613	0.00673	0.06998	0.00331	0.00396
14	0.01168	0.00991	0.01151	0.00825	0.01308	0.00765	0.00661	0.04321	0.01187	0.01842	0.00982	0.01138	0.00812	0.00414	0.00409	0.00084	0.00412	0.00330	0.00332	0.80868
15	0.00779	0.00584	0.00876	0.00876	0.00974	0.00681	0.00681	0.00974	0.00876	0.01266	0.01460	0.02142	0.01363	0.04089	0.78680	0.00876	0.01460	0.00584	0.00292	0.00487
16	0.00785	0.00519	0.00589	0.00611	0.00642	0.00507	0.00371	0.00837	0.00903	0.01245	0.02198	0.16579	0.07253	0.53603	0.02026	0.00411	0.00447	0.00915	0.09183	0.00377
17	0.00771	0.00575	0.00850	0.00858	0.00948	0.00660	0.00657	0.00953	0.00885	0.01267	0.01575	0.07538	0.01537	0.06569	0.70743	0.00820	0.01350	0.00657	0.00308	0.00478
18	0.00842	0.00538	0.00612	0.00593	0.00732	0.00502	0.00445	0.01076	0.01335	0.01996	0.35125	0.03510	0.17020	0.00981	0.00543	0.00157	0.00260	0.00834	0.32401	0.00502
19	0.01115	0.02562	0.66034	0.01610	0.05977	0.01249	0.03485	0.01692	0.01149	0.01722	0.00976	0.01168	0.00710	0.00520	0.00549	0.00169	0.02893	0.00409	0.00239	0.05774
20	0.01082	0.00890	0.01322	0.01780	0.31695	0.02192	0.01014	0.01363	0.01315	0.01910	0.22455	0.02838	0.02433	0.00819	0.00568	0.00170	0.00458	0.10129	0.14914	0.00654
21	0.01194	0.01007	0.01164	0.00838	0.01319	0.00792	0.00672	0.06364	0.01227	0.01888	0.00992	0.01142	0.00816	0.00421	0.00413	0.00086	0.00417	0.00334	0.00338	0.78577
22	0.01551	0.08767	0.06045	0.01295	0.09162	0.10577	0.01001	0.08456	0.01412	0.14023	0.06225	0.01781	0.01318	0.00657	0.00570	0.00152	0.04251	0.05459	0.00402	0.16897
23	0.08115	0.08524	0.04419	0.01482	0.11848	0.20815	0.01089	0.19464	0.02632	0.09605	0.01117	0.01212	0.00849	0.00584	0.00542	0.00156	0.03731	0.00422	0.00383	0.03010
24	0.00890	0.00652	0.00744	0.00734	0.00827	0.00663	0.00494	0.06043	0.08746	0.01536	0.07532	0.22176	0.08992	0.35732	0.01563	0.00340	0.00431	0.00983	0.00444	0.00476
25	0.01350	0.08391	0.16257	0.04993	0.04837	0.07879	0.11717	0.04217	0.01284	0.09682	0.01561	0.10715	0.04917	0.00700	0.00541	0.00163	0.00641	0.00611	0.00357	0.09188
26	0.07204	0.08177	0.16925	0.01377	0.08884	0.15509	0.03000	0.03411	0.01286	0.09746	0.01057	0.01180	0.00807	0.00511	0.00471	0.00141	0.00654	0.00391	0.00326	0.18943
27	0.04736	0.11037	0.29799	0.05289	0.07051	0.09233	0.03014	0.08201	0.01333	0.09805	0.01076	0.01217	0.00796	0.00564	0.00563	0.00165	0.04608	0.00422	0.00319	0.00773
28	0.01218	0.24875	0.01744	0.01163	0.06471	0.04143	0.00915	0.03932	0.01136	0.01504	0.01453	0.10154	0.05408	0.00911	0.03220	0.00186	0.15156	0.04248	0.00321	0.11840
29	0.03288	0.06370	0.06264	0.09193	0.01417	0.00882	0.03392	0.06195	0.01234	0.06164	0.05327	0.17967	0.13599	0.10358	0.00851	0.00227	0.00491	0.05784	0.00424	0.00574
30	0.01210	0.07537	0.07981	0.04060	0.12834	0.00983	0.05570	0.01511	0.03116	0.10928	0.04178	0.07747	0.12728	0.01032	0.05890	0.00216	0.00587	0.03625	0.00396	0.07871
31	0.01223	0.10383	0.03389	0.01818	0.27719	0.01100	0.07492	0.01522	0.03395	0.07568	0.09733	0.08976	0.11809	0.00794	0.00565	0.00169	0.00528	0.00716	0.00391	0.00711

[dist]
# distance from previous block
# <min> <max>
19	45

[block]
# block no. 5 follows, 44 sequences, length 12
# corresponding to MSA columns:
# 431,447-457
name=unknown_F
#
# <colnr> <probs for GDERKNQSTAVLIFYWHMCP>
#	G	D	E	R	K	N	Q	S	T	A	V	L	I	F	Y	W	H	M	C	P
0	0.01192	0.01536	0.17998	0.16623	0.32708	0.01253	0.11588	0.01590	0.01182	0.01664	0.01103	0.05127	0.00925	0.00570	0.00587	0.00175	0.02610	0.00540	0.00268	0.00760
1	0.10079	0.00984	0.01266	0.01568	0.23180	0.01038	0.00934	0.01724	0.22454	0.01865	0.02248	0.13401	0.11695	0.04370	0.00656	0.00197	0.00460	0.00756	0.00426	0.00697
2	0.01179	0.06141	0.53511	0.01655	0.08846	0.01329	0.05172	0.01882	0.11695	0.01789	0.01151	0.01294	0.00849	0.00541	0.00523	0.00171	0.00734	0.00446	0.00281	0.00810
3	0.01870	0.01414	0.01525	0.01179	0.01608	0.01526	0.00966	0.57905	0.10302	0.03090	0.01361	0.01363	0.00990	0.00630	0.00527	0.00155	0.00556	0.00482	0.00517	0.12034
4	0.00672	0.00499	0.00627	0.00710	0.00783	0.00454	0.00489	0.00793	0.01137	0.01493	0.11460	0.57396	0.18337	0.01580	0.00680	0.00209	0.00302	0.01410	0.00516	0.00454
5	0.00879	0.00628	0.00879	0.01004	0.01130	0.00628	0.00879	0.01130	0.01255	0.01632	0.02887	0.06150	0.03138	0.01506	0.00753	0.00251	0.00502	0.73770	0.00502	0.00502
6	0.09900	0.00777	0.00997	0.00956	0.01074	0.00932	0.00753	0.01251	0.07593	0.01512	0.01551	0.08342	0.01515	0.06104	0.36378	0.00529	0.13876	0.05079	0.00343	0.00539
7	0.00782	0.00572	0.00814	0.00814	0.00890	0.00648	0.00604	0.00934	0.00858	0.01219	0.01517	0.02457	0.01500	0.21064	0.61892	0.00799	0.01254	0.00630	0.00301	0.00452
8	0.01459	0.17464	0.02256	0.02267	0.38231	0.01517	0.07883	0.12955	0.04841	0.01964	0.03331	0.01370	0.01000	0.00535	0.00515	0.00156	0.00630	0.00482	0.00328	0.00818
9	0.05222	0.01237	0.08706	0.11377	0.16951	0.01017	0.01105	0.04540	0.01199	0.01825	0.00985	0.01213	0.00792	0.00464	0.00462	0.00126	0.00541	0.00389	0.00303	0.41547
10	0.07961	0.17245	0.04039	0.01292	0.01678	0.27798	0.08973	0.15754	0.03504	0.01889	0.00997	0.01137	0.00794	0.00579	0.00514	0.01914	0.00739	0.00407	0.02078	0.00709
11	0.37571	0.01373	0.01420	0.01447	0.14372	0.13128	0.06504	0.07805	0.01271	0.05542	0.01044	0.04382	0.00858	0.00577	0.00460	0.00166	0.00596	0.00442	0.00352	0.00691

[dist]
# distance from previous block
# <min> <max>
0	10

[block]
# block no. 6 follows, 44 sequences, length 28
# corresponding to MSA columns:
# 468-495
name=unknown_G
#
# <colnr> <probs for GDERKNQSTAVLIFYWHMCP>
#	G	D	E	R	K	N	Q	S	T	A	V	L	I	F	Y	W	H	M	C	P
0	0.06492	0.06369	0.14180	0.01958	0.29921	0.01318	0.01335	0.14996	0.01420	0.02081	0.01027	0.01217	0.00811	0.00508	0.00491	0.00148	0.00607	0.00423	0.00324	0.14372
1	0.01435	0.01255	0.01846	0.11275	0.18453	0.01386	0.10502	0.20528	0.07513	0.02141	0.01293	0.01521	0.02514	0.00638	0.00704	0.00177	0.10463	0.00531	0.05055	0.00771
2	0.01217	0.38410	0.02012	0.01045	0.01369	0.03667	0.07714	0.01564	0.10472	0.01482	0.01620	0.23970	0.01667	0.00859	0.00506	0.00162	0.00530	0.00728	0.00357	0.00647
3	0.00792	0.00532	0.00610	0.00610	0.00616	0.00537	0.00350	0.00803	0.00797	0.01069	0.01703	0.03488	0.01947	0.76531	0.07037	0.00548	0.00581	0.00781	0.00328	0.00339
4	0.00727	0.00510	0.00653	0.00716	0.00745	0.00508	0.00467	0.00802	0.00929	0.01252	0.02319	0.41486	0.02700	0.30833	0.12416	0.00425	0.00554	0.01139	0.00412	0.00408
5	0.01255	0.01199	0.02043	0.25782	0.55740	0.01271	0.01626	0.01591	0.01197	0.01667	0.01009	0.01380	0.00823	0.00503	0.00541	0.00168	0.00671	0.00485	0.00262	0.00788
6	0.00657	0.00543	0.00577	0.00589	0.00750	0.00463	0.00434	0.00800	0.01243	0.01522	0.11157	0.14489	0.62097	0.01399	0.00651	0.00188	0.00280	0.01186	0.00514	0.00463
7	0.01284	0.01103	0.01167	0.01055	0.01346	0.01260	0.00819	0.02676	0.68126	0.02230	0.06511	0.02326	0.06097	0.00796	0.00565	0.00184	0.00413	0.00667	0.00555	0.00821
8	0.01029	0.00651	0.00820	0.00785	0.00934	0.00632	0.00580	0.01350	0.09286	0.11329	0.31525	0.19452	0.03492	0.11059	0.00903	0.00231	0.00359	0.04470	0.00547	0.00565
9	0.01312	0.00820	0.01144	0.00992	0.01215	0.00798	0.07570	0.07473	0.07282	0.18818	0.06939	0.28593	0.02368	0.10985	0.00889	0.00234	0.00460	0.00953	0.00514	0.00641
10	0.01104	0.00910	0.00914	0.00912	0.01053	0.10346	0.00659	0.11789	0.01360	0.04449	0.04396	0.52968	0.04263	0.01355	0.00641	0.00199	0.00443	0.01190	0.00492	0.00556
11	0.01247	0.01038	0.01193	0.00863	0.01341	0.00846	0.00694	0.10590	0.01308	0.01982	0.01011	0.01153	0.00822	0.00435	0.00421	0.00091	0.00428	0.00344	0.00351	0.73839
12	0.01354	0.01429	0.01998	0.28035	0.27991	0.14598	0.10718	0.01719	0.03888	0.01589	0.01027	0.01360	0.00814	0.00524	0.00547	0.00168	0.00758	0.00486	0.00273	0.00722
13	0.00929	0.00614	0.00823	0.00902	0.01017	0.00618	0.00753	0.03457	0.01208	0.01646	0.02484	0.09485	0.02628	0.01427	0.00855	0.09840	0.00460	0.49550	0.10822	0.00482
14	0.00758	0.00565	0.00711	0.00698	0.00837	0.00517	0.00539	0.00990	0.01445	0.01969	0.53026	0.04575	0.19894	0.01219	0.00657	0.00184	0.00292	0.10056	0.00568	0.00502
15	0.01749	0.01284	0.01323	0.01016	0.01451	0.10627	0.00817	0.17954	0.01593	0.19476	0.01298	0.01317	0.00944	0.00540	0.00479	0.00126	0.00532	0.00415	0.00447	0.36612
16	0.12150	0.01279	0.01281	0.01055	0.01431	0.07441	0.00844	0.17465	0.24079	0.15560	0.01583	0.01522	0.01148	0.00629	0.00502	0.00160	0.00512	0.00484	0.00498	0.10378
17	0.01012	0.00622	0.00755	0.00772	0.00910	0.00603	0.00558	0.01314	0.09778	0.11078	0.02861	0.43998	0.09357	0.01289	0.00613	0.00194	0.00335	0.01137	0.12253	0.00562
18	0.01162	0.01104	0.01874	0.48092	0.34161	0.01246	0.01580	0.01509	0.01153	0.01553	0.00992	0.01410	0.00783	0.00521	0.00543	0.00174	0.00694	0.00485	0.00254	0.00712
19	0.06778	0.01343	0.01662	0.01788	0.23444	0.01453	0.01152	0.33414	0.16003	0.05355	0.01396	0.01451	0.01043	0.00614	0.00533	0.00168	0.00566	0.00503	0.00460	0.00876
20	0.00786	0.00551	0.00716	0.00766	0.00817	0.00564	0.00547	0.00894	0.00953	0.01280	0.02147	0.17290	0.02399	0.35238	0.16391	0.00481	0.00663	0.16710	0.00391	0.00417
21	0.00684	0.00540	0.00570	0.00580	0.00705	0.00476	0.00401	0.00783	0.01111	0.01360	0.04343	0.11146	0.51886	0.21626	0.01191	0.00275	0.00344	0.01093	0.00461	0.00426
22	0.01093	0.02820	0.78016	0.01554	0.02360	0.01266	0.02014	0.01727	0.01151	0.01727	0.00978	0.01151	0.00691	0.00518	0.00518	0.00173	0.00806	0.00403	0.00230	0.00806
23	0.15306	0.01793	0.01466	0.10191	0.01822	0.30722	0.01025	0.27314	0.01744	0.02245	0.01004	0.01134	0.00764	0.00583	0.00491	0.00158	0.00731	0.00406	0.00377	0.00724
24	0.56807	0.01002	0.01063	0.00890	0.01217	0.01087	0.09856	0.01469	0.01062	0.02213	0.07537	0.01774	0.10836	0.00662	0.00439	0.00173	0.00452	0.00504	0.00372	0.00586
25	0.00899	0.00846	0.00752	0.00715	0.00882	0.11480	0.00523	0.01052	0.01302	0.01585	0.22135	0.04071	0.37782	0.11045	0.00883	0.00216	0.00405	0.00938	0.00473	0.02018
26	0.01492	0.03555	0.03487	0.08407	0.02694	0.14509	0.00982	0.15928	0.13347	0.05727	0.01665	0.08946	0.04893	0.00913	0.02675	0.02945	0.06108	0.00612	0.00416	0.00702
27	0.00804	0.11854	0.00962	0.00734	0.00876	0.00707	0.00556	0.00963	0.01224	0.01617	0.24422	0.37070	0.13597	0.01318	0.00625	0.00187	0.00331	0.01156	0.00495	0.00502

[dist]
# distance from previous block
# <min> <max>
0	69

[block]
# block no. 7 follows, 44 sequences, length 29
# corresponding to MSA columns:
# 621-649
name=unknown_H
#
# <colnr> <probs for GDERKNQSTAVLIFYWHMCP>
#	G	D	E	R	K	N	Q	S	T	A	V	L	I	F	Y	W	H	M	C	P
0	0.00742	0.00517	0.00582	0.00620	0.00699	0.00481	0.00414	0.00843	0.01044	0.01407	0.03206	0.26776	0.24066	0.23653	0.01222	0.00284	0.00356	0.01084	0.11580	0.00425
1	0.25490	0.01015	0.01119	0.00890	0.01256	0.01000	0.04926	0.11795	0.01275	0.02117	0.01617	0.01781	0.11022	0.03713	0.03433	0.00184	0.00493	0.00494	0.00379	0.26001
2	0.25504	0.01148	0.04876	0.20539	0.01991	0.01142	0.04887	0.09079	0.01233	0.02057	0.03745	0.01285	0.00891	0.00529	0.00461	0.00153	0.00550	0.00417	0.00333	0.19181
3	0.01145	0.01000	0.01552	0.01247	0.01576	0.00981	0.21738	0.04046	0.17148	0.06105	0.05046	0.03229	0.25136	0.00926	0.00625	0.00188	0.00529	0.06651	0.00464	0.00669
4	0.01300	0.00789	0.00973	0.00852	0.01092	0.00781	0.00664	0.01851	0.19318	0.19796	0.41935	0.03073	0.03436	0.00923	0.00600	0.00174	0.00347	0.00796	0.00607	0.00693
5	0.00800	0.00568	0.00796	0.00796	0.00878	0.00640	0.00594	0.00964	0.00882	0.01289	0.01532	0.02392	0.01478	0.17726	0.58690	0.00754	0.01195	0.00616	0.06950	0.00460
6	0.01093	0.02820	0.78016	0.01554	0.02360	0.01266	0.02014	0.01727	0.01151	0.01727	0.00978	0.01151	0.00691	0.00518	0.00518	0.00173	0.00806	0.00403	0.00230	0.00806
7	0.02253	0.00960	0.01234	0.00958	0.01352	0.00882	0.00788	0.11638	0.01643	0.60749	0.02007	0.01805	0.01302	0.00668	0.00531	0.00164	0.00459	0.00537	0.09186	0.00885
8	0.01967	0.02452	0.01513	0.01374	0.01658	0.70729	0.01034	0.02251	0.09223	0.01431	0.00984	0.01091	0.00801	0.00580	0.00498	0.00145	0.00927	0.00378	0.00309	0.00656
9	0.00679	0.00513	0.00627	0.00684	0.00779	0.00462	0.00480	0.00817	0.01198	0.01567	0.17903	0.43584	0.25735	0.01498	0.00670	0.00201	0.00293	0.01324	0.00524	0.00462
10	0.01130	0.00969	0.01130	0.00807	0.01292	0.00727	0.00646	0.01373	0.01130	0.01776	0.00969	0.01130	0.00807	0.00404	0.00404	0.00081	0.00404	0.00323	0.00323	0.84173
11	0.00788	0.00548	0.00694	0.00694	0.00728	0.00582	0.00454	0.00856	0.00822	0.01130	0.01627	0.03066	0.01764	0.53861	0.29457	0.00651	0.00856	0.00719	0.00317	0.00385
12	0.00796	0.00638	0.00721	0.00691	0.00865	0.00607	0.00521	0.01177	0.11940	0.01868	0.33491	0.07087	0.35182	0.01196	0.00633	0.00181	0.00292	0.01024	0.00550	0.00538
13	0.00676	0.00483	0.00647	0.00773	0.00810	0.00453	0.00527	0.00780	0.01056	0.01405	0.02998	0.76229	0.03579	0.01696	0.00699	0.00223	0.00327	0.05684	0.00506	0.00446
14	0.01030	0.00969	0.01635	0.79530	0.03755	0.01211	0.01514	0.01393	0.01090	0.01393	0.00969	0.01453	0.00727	0.00545	0.00545	0.00182	0.00727	0.00484	0.00242	0.00606
15	0.00800	0.00555	0.00770	0.00770	0.00826	0.00612	0.00549	0.00889	0.00833	0.01167	0.01489	0.02544	0.01517	0.28209	0.46757	0.09300	0.01064	0.00639	0.00299	0.00412
16	0.00702	0.00527	0.00660	0.00751	0.00844	0.00485	0.00556	0.00840	0.01142	0.01463	0.03683	0.44526	0.24031	0.01576	0.00693	0.00217	0.00343	0.15998	0.00505	0.00460
17	0.00678	0.00534	0.00612	0.00634	0.00767	0.00468	0.00460	0.00832	0.01260	0.01612	0.20951	0.23719	0.42733	0.01403	0.00657	0.00191	0.00282	0.01213	0.00527	0.00468
18	0.01458	0.81168	0.02857	0.00933	0.01399	0.02157	0.00933	0.01632	0.01108	0.01283	0.00758	0.00875	0.00700	0.00466	0.00350	0.00117	0.00583	0.00292	0.00233	0.00700
19	0.03721	0.01299	0.02719	0.13835	0.15150	0.10352	0.03897	0.09130	0.10756	0.05859	0.01349	0.04298	0.01083	0.00649	0.00604	0.00171	0.05533	0.00529	0.08340	0.00727
20	0.04508	0.17929	0.08192	0.02095	0.33168	0.17562	0.01346	0.06004	0.01335	0.01701	0.00936	0.01142	0.00777	0.00511	0.00482	0.00149	0.00706	0.00405	0.00280	0.00771
21	0.00745	0.00623	0.00658	0.00650	0.00832	0.00575	0.00486	0.01063	0.10651	0.01619	0.10181	0.11532	0.55813	0.01310	0.00638	0.00187	0.00298	0.01108	0.00519	0.00513
22	0.01284	0.01050	0.01129	0.00999	0.01272	0.01169	0.00773	0.12061	0.46159	0.02292	0.12858	0.02550	0.07662	0.05414	0.00700	0.00200	0.00423	0.00701	0.00543	0.00762
23	0.64224	0.01048	0.00869	0.00774	0.01096	0.01206	0.00628	0.04580	0.11084	0.02431	0.01050	0.01140	0.00806	0.00552	0.00378	0.00168	0.00417	0.00361	0.06552	0.00634
24	0.33333	0.01001	0.00941	0.00799	0.01096	0.01108	0.00647	0.21555	0.01454	0.04100	0.01269	0.01394	0.00960	0.00592	0.00412	0.00154	0.00416	0.00423	0.27685	0.00662
25	0.10292	0.01238	0.01284	0.01023	0.01376	0.01364	0.00836	0.50493	0.02061	0.03003	0.01363	0.01436	0.01004	0.00635	0.00485	0.00156	0.00500	0.00475	0.20182	0.00794
26	0.00954	0.00477	0.00690	0.00690	0.00703	0.00477	0.00464	0.00768	0.00755	0.01058	0.01032	0.01696	0.00993	0.01765	0.01951	0.75527	0.00451	0.00477	0.08809	0.00265
27	0.00664	0.00520	0.00602	0.00651	0.00766	0.00458	0.00462	0.00795	0.01186	0.01503	0.10917	0.36651	0.39900	0.01494	0.00666	0.00199	0.00291	0.01303	0.00515	0.00458
28	0.01234	0.01118	0.01576	0.21515	0.18099	0.05911	0.05059	0.11294	0.01397	0.01838	0.06704	0.12126	0.01675	0.00818	0.00590	0.00183	0.00614	0.07198	0.00374	0.00675

[dist]
# distance from previous block
# <min> <max>
0	66

[block]
# block no. 8 follows, 44 sequences, length 32
# corresponding to MSA columns:
# 744-775
name=unknown_I
#
# <colnr> <probs for GDERKNQSTAVLIFYWHMCP>
#	G	D	E	R	K	N	Q	S	T	A	V	L	I	F	Y	W	H	M	C	P
0	0.01458	0.81168	0.02857	0.00933	0.01399	0.02157	0.00933	0.01632	0.01108	0.01283	0.00758	0.00875	0.00700	0.00466	0.00350	0.00117	0.00583	0.00292	0.00233	0.00700
1	0.00644	0.00552	0.00552	0.00552	0.00736	0.00460	0.00414	0.00782	0.01243	0.01473	0.05523	0.05247	0.77218	0.01381	0.00644	0.00184	0.00276	0.01151	0.00506	0.00460
2	0.01093	0.02820	0.78016	0.01554	0.02360	0.01266	0.02014	0.01727	0.01151	0.01727	0.00978	0.01151	0.00691	0.00518	0.00518	0.00173	0.00806	0.00403	0.00230	0.00806
3	0.01016	0.00508	0.00508	0.00508	0.00635	0.00508	0.00381	0.01270	0.01143	0.02033	0.01778	0.02033	0.01397	0.00635	0.00381	0.00127	0.00254	0.00508	0.83867	0.00508
4	0.00691	0.00554	0.00618	0.00602	0.00765	0.00480	0.00451	0.00874	0.01354	0.01737	0.32024	0.04812	0.50553	0.01282	0.00644	0.00179	0.00269	0.01090	0.00541	0.00480
5	0.01413	0.01303	0.02062	0.02933	0.62992	0.01336	0.01534	0.08265	0.09098	0.01977	0.01173	0.01416	0.00952	0.00527	0.00542	0.00164	0.00621	0.00500	0.00323	0.00869
6	0.00933	0.01180	0.15529	0.05623	0.01362	0.08562	0.00919	0.01153	0.01111	0.01438	0.02160	0.40687	0.02413	0.08173	0.00818	0.00230	0.00533	0.06242	0.00400	0.00535
7	0.08792	0.28518	0.06449	0.01261	0.06817	0.12654	0.03266	0.09435	0.10029	0.01814	0.01295	0.01374	0.04977	0.00588	0.00461	0.00149	0.00622	0.00436	0.00337	0.00729
8	0.77467	0.01096	0.00874	0.00764	0.01110	0.01264	0.00629	0.08075	0.01071	0.02533	0.00807	0.00923	0.00620	0.00519	0.00356	0.00168	0.00437	0.00312	0.00356	0.00620
9	0.01281	0.01421	0.09481	0.02166	0.33929	0.05739	0.08353	0.01783	0.11110	0.01853	0.09004	0.01670	0.01374	0.00582	0.00545	0.00161	0.00619	0.00539	0.00343	0.08050
10	0.84691	0.01054	0.00801	0.00717	0.01054	0.01223	0.00590	0.01603	0.00928	0.02446	0.00759	0.00886	0.00590	0.00506	0.00337	0.00169	0.00422	0.00295	0.00337	0.00590
11	0.00793	0.00529	0.00595	0.00595	0.00595	0.00529	0.00330	0.00793	0.00793	0.01057	0.01718	0.03568	0.01982	0.80840	0.02775	0.00529	0.00529	0.00793	0.00330	0.00330
12	0.01130	0.00969	0.01130	0.00807	0.01292	0.00727	0.00646	0.01373	0.01130	0.01776	0.00969	0.01130	0.00807	0.00404	0.00404	0.00081	0.00404	0.00323	0.00323	0.84173
13	0.01301	0.07510	0.49435	0.01396	0.02013	0.13955	0.01599	0.06090	0.01330	0.01775	0.07622	0.01371	0.01096	0.00582	0.00515	0.00163	0.00760	0.00443	0.00290	0.00752
14	0.02085	0.00939	0.01228	0.00925	0.01364	0.00781	0.00759	0.02304	0.01442	0.56929	0.01826	0.01656	0.01201	0.00600	0.00509	0.00145	0.00447	0.00486	0.00578	0.23795
15	0.01355	0.01829	0.20559	0.02197	0.25145	0.09492	0.16613	0.03700	0.05026	0.01749	0.01056	0.01310	0.00829	0.00546	0.00638	0.00173	0.06229	0.00490	0.00282	0.00782
16	0.01620	0.01961	0.13399	0.01824	0.20237	0.29578	0.01305	0.04460	0.11097	0.05192	0.01179	0.01318	0.00920	0.00668	0.02740	0.00179	0.00780	0.00446	0.00333	0.00764
17	0.01458	0.81168	0.02857	0.00933	0.01399	0.02157	0.00933	0.01632	0.01108	0.01283	0.00758	0.00875	0.00700	0.00466	0.00350	0.00117	0.00583	0.00292	0.00233	0.00700
18	0.01227	0.01026	0.01183	0.00853	0.01333	0.00826	0.00686	0.09015	0.01278	0.01947	0.01004	0.01149	0.00820	0.00430	0.00418	0.00089	0.00424	0.00340	0.00346	0.75605
19	0.00729	0.00556	0.00669	0.00641	0.00788	0.00496	0.00481	0.00946	0.01442	0.01945	0.52946	0.04469	0.29501	0.01204	0.00643	0.00176	0.00264	0.01042	0.00568	0.00496
20	0.00644	0.00552	0.00552	0.00552	0.00736	0.00460	0.00414	0.00782	0.01243	0.01473	0.05523	0.05247	0.77218	0.01381	0.00644	0.00184	0.00276	0.01151	0.00506	0.00460
21	0.01355	0.01439	0.03102	0.02220	0.02763	0.01345	0.71058	0.01800	0.01303	0.06232	0.01165	0.01493	0.00858	0.00472	0.00638	0.00183	0.00892	0.00638	0.00299	0.00747
22	0.00644	0.00552	0.00552	0.00552	0.00736	0.00460	0.00414	0.00782	0.01243	0.01473	0.05523	0.05247	0.77218	0.01381	0.00644	0.00184	0.00276	0.01151	0.00506	0.00460
23	0.02105	0.01475	0.01604	0.01230	0.01665	0.01613	0.01016	0.69269	0.02476	0.09912	0.01382	0.01357	0.00964	0.00656	0.00546	0.00164	0.00588	0.00496	0.00557	0.00927
24	0.02010	0.01496	0.01601	0.01242	0.01667	0.01661	0.01021	0.69263	0.09024	0.03335	0.01388	0.01372	0.00992	0.00662	0.00546	0.00165	0.00585	0.00502	0.00546	0.00922
25	0.00697	0.00554	0.00625	0.00607	0.00768	0.00482	0.00455	0.00884	0.01366	0.01766	0.34950	0.04764	0.47609	0.01271	0.00644	0.00179	0.00268	0.01083	0.00545	0.00482
26	0.00699	0.00514	0.00656	0.00705	0.00792	0.00470	0.00497	0.00857	0.01247	0.01682	0.29439	0.43389	0.14132	0.01455	0.00670	0.00199	0.00290	0.01297	0.00539	0.00470
27	0.01091	0.01186	0.12961	0.01121	0.01380	0.01088	0.01016	0.07974	0.12978	0.01757	0.05414	0.02064	0.01464	0.02010	0.29350	0.00444	0.11624	0.04062	0.00365	0.00650
28	0.00956	0.00957	0.08332	0.01012	0.01225	0.00838	0.07252	0.01447	0.17813	0.01597	0.02090	0.26375	0.02137	0.17411	0.05271	0.00300	0.00544	0.00917	0.02947	0.00578
29	0.01094	0.01122	0.02119	0.01637	0.01928	0.01167	0.37000	0.01394	0.01191	0.01663	0.12453	0.14197	0.01872	0.00856	0.00894	0.00199	0.17434	0.00801	0.00352	0.00628
30	0.50225	0.13807	0.01331	0.06425	0.01418	0.08186	0.00794	0.09052	0.01185	0.02191	0.00836	0.00975	0.00661	0.00522	0.00388	0.00158	0.00535	0.00332	0.00330	0.00646
31	0.01494	0.28507	0.08491	0.01129	0.03663	0.07824	0.02782	0.12486	0.01386	0.05345	0.02895	0.01323	0.00972	0.05261	0.00585	0.00155	0.00602	0.00413	0.00335	0.14350

[dist]
# distance from previous block
# <min> <max>
1	32

[block]
# block no. 9 follows, 44 sequences, length 69
# corresponding to MSA columns:
# 868-936
name=unknown_J
#
# <colnr> <probs for GDERKNQSTAVLIFYWHMCP>
#	G	D	E	R	K	N	Q	S	T	A	V	L	I	F	Y	W	H	M	C	P
0	0.05824	0.23628	0.29516	0.09985	0.01982	0.09845	0.01359	0.01639	0.01149	0.01538	0.02137	0.01197	0.00814	0.00786	0.06278	0.00207	0.00774	0.00393	0.00254	0.00695
1	0.01497	0.07443	0.05063	0.01576	0.17493	0.14329	0.01088	0.11569	0.09011	0.01934	0.01137	0.01279	0.00908	0.00542	0.00506	0.00140	0.02001	0.00424	0.03078	0.18981
2	0.01125	0.00871	0.06587	0.00927	0.05117	0.00747	0.00717	0.03908	0.09421	0.09225	0.04599	0.15891	0.13608	0.00947	0.00542	0.00170	0.00381	0.00806	0.23788	0.00624
3	0.01263	0.00864	0.01191	0.04587	0.06143	0.00882	0.07950	0.08034	0.08896	0.07863	0.08496	0.02099	0.04037	0.00754	0.00594	0.04654	0.00442	0.00593	0.30011	0.00646
4	0.01482	0.01563	0.01848	0.23525	0.33247	0.21732	0.01432	0.05690	0.01351	0.01646	0.00977	0.01279	0.00787	0.00531	0.00529	0.00162	0.00755	0.00450	0.00280	0.00735
5	0.00763	0.00540	0.00624	0.00612	0.00676	0.00514	0.00393	0.00855	0.01066	0.01427	0.22608	0.03972	0.14860	0.46702	0.01861	0.00377	0.00415	0.00902	0.00431	0.00401
6	0.00673	0.00545	0.00598	0.00603	0.00759	0.00469	0.00445	0.00830	0.01282	0.01610	0.19962	0.13426	0.54168	0.01363	0.00650	0.00186	0.00277	0.01161	0.00526	0.00469
7	0.00793	0.00529	0.00595	0.00595	0.00595	0.00529	0.00330	0.00793	0.00793	0.01057	0.01718	0.03568	0.01982	0.80840	0.02775	0.00529	0.00529	0.00793	0.00330	0.00330
8	0.01466	0.01164	0.01249	0.01103	0.01425	0.01323	0.00864	0.05288	0.68106	0.08269	0.02183	0.01996	0.01615	0.00732	0.00554	0.00183	0.00440	0.00607	0.00564	0.00870
9	0.00663	0.00479	0.00628	0.00748	0.00788	0.00444	0.00501	0.00760	0.01054	0.01396	0.03140	0.76455	0.07548	0.01690	0.00693	0.00219	0.00314	0.01528	0.00506	0.00444
10	0.05709	0.09975	0.01834	0.06762	0.33115	0.06011	0.03634	0.01486	0.01150	0.01599	0.01298	0.15439	0.01291	0.00752	0.00645	0.00175	0.07476	0.00641	0.00308	0.00698
11	0.01139	0.06144	0.66210	0.01477	0.02213	0.01316	0.01839	0.01851	0.09429	0.01768	0.01105	0.01236	0.00798	0.00540	0.00514	0.00171	0.00755	0.00421	0.00266	0.00807
12	0.01016	0.00508	0.00508	0.00508	0.00635	0.00508	0.00381	0.01270	0.01143	0.02033	0.01778	0.02033	0.01397	0.00635	0.00381	0.00127	0.00254	0.00508	0.83867	0.00508
13	0.02230	0.17438	0.01605	0.00972	0.01403	0.01109	0.00836	0.04864	0.01501	0.59623	0.01837	0.01636	0.01202	0.00631	0.00507	0.00158	0.00493	0.00494	0.00580	0.00881
14	0.01853	0.01355	0.01537	0.01164	0.01610	0.04075	0.04244	0.42944	0.02002	0.11843	0.01302	0.01327	0.00937	0.00584	0.00514	0.00144	0.00564	0.00459	0.00486	0.21056
15	0.00663	0.00537	0.00590	0.00611	0.00757	0.00463	0.00445	0.00807	0.01237	0.01540	0.13445	0.20571	0.53598	0.01417	0.00655	0.00190	0.00282	0.01213	0.00517	0.00463
16	0.07901	0.01038	0.01255	0.00962	0.01362	0.00976	0.00787	0.09128	0.01377	0.28346	0.01373	0.01388	0.00982	0.00583	0.00597	0.00141	0.08148	0.00431	0.00460	0.32768
17	0.67646	0.01392	0.08339	0.00872	0.01249	0.09632	0.00778	0.01677	0.01016	0.02256	0.00789	0.00922	0.00612	0.00513	0.00372	0.00166	0.00520	0.00312	0.00321	0.00616
18	0.02128	0.01183	0.01382	0.01076	0.01479	0.01212	0.00883	0.35377	0.05995	0.35504	0.01752	0.01631	0.01180	0.00667	0.00537	0.00165	0.00510	0.00524	0.05919	0.00897
19	0.01317	0.01297	0.01077	0.00995	0.01159	0.25080	0.00740	0.01541	0.06052	0.04919	0.10239	0.09130	0.07470	0.13338	0.01019	0.00227	0.08269	0.00701	0.04868	0.00561
20	0.00757	0.00557	0.00708	0.00670	0.00805	0.00508	0.00503	0.01000	0.01508	0.02102	0.68745	0.04210	0.13603	0.01146	0.00643	0.00173	0.00259	0.01005	0.00589	0.00508
21	0.00695	0.00523	0.00616	0.00652	0.00747	0.00474	0.00450	0.00817	0.01157	0.01502	0.16113	0.30631	0.28547	0.13377	0.00982	0.00246	0.00325	0.01206	0.00496	0.00444
22	0.01257	0.00762	0.00950	0.00846	0.00972	0.00807	0.00621	0.21125	0.01241	0.01691	0.01096	0.01585	0.00969	0.01479	0.01592	0.56136	0.00494	0.00480	0.05453	0.00441
23	0.00793	0.00529	0.00595	0.00595	0.00595	0.00529	0.00330	0.00793	0.00793	0.01057	0.01718	0.03568	0.01982	0.80840	0.02775	0.00529	0.00529	0.00793	0.00330	0.00330
24	0.01521	0.33673	0.12880	0.01327	0.07229	0.19008	0.01157	0.02851	0.01268	0.04199	0.04974	0.01204	0.00977	0.00569	0.00525	0.00146	0.05104	0.00395	0.00287	0.00707
25	0.01594	0.44388	0.04810	0.05939	0.01690	0.18195	0.02283	0.08940	0.04715	0.01575	0.00920	0.01046	0.00769	0.00523	0.00430	0.00136	0.00685	0.00359	0.00289	0.00713
26	0.01093	0.02820	0.78016	0.01554	0.02360	0.01266	0.02014	0.01727	0.01151	0.01727	0.00978	0.01151	0.00691	0.00518	0.00518	0.00173	0.00806	0.00403	0.00230	0.00806
27	0.01397	0.05046	0.11611	0.08232	0.41400	0.01349	0.05900	0.08180	0.05369	0.04597	0.01137	0.01369	0.00888	0.00527	0.00537	0.00166	0.00664	0.00486	0.00315	0.00830
28	0.01389	0.23144	0.17121	0.01240	0.01716	0.01499	0.09183	0.07292	0.19371	0.04595	0.01355	0.01425	0.01035	0.00575	0.00488	0.00157	0.00600	0.00469	0.06573	0.00774
29	0.00782	0.00558	0.00767	0.00893	0.00976	0.00544	0.00710	0.00962	0.01159	0.01523	0.02940	0.39782	0.03349	0.01597	0.00727	0.00238	0.00418	0.41095	0.00504	0.00475
30	0.00664	0.00474	0.00633	0.00759	0.00791	0.00443	0.00506	0.00759	0.01044	0.01392	0.03005	0.80485	0.03606	0.01708	0.00696	0.00221	0.00316	0.01550	0.00506	0.00443
31	0.01171	0.11318	0.13008	0.01182	0.07900	0.03545	0.00970	0.06140	0.01270	0.07631	0.02270	0.26417	0.10352	0.01032	0.00579	0.00182	0.00507	0.03462	0.00417	0.00647
32	0.08345	0.01010	0.01419	0.01423	0.16477	0.00931	0.00959	0.02383	0.01450	0.57103	0.01824	0.01683	0.01197	0.00625	0.00531	0.00167	0.00497	0.00517	0.00569	0.00890
33	0.00947	0.00473	0.00710	0.00710	0.00710	0.00473	0.00473	0.00710	0.00710	0.00947	0.00947	0.01657	0.00947	0.01894	0.02131	0.84138	0.00473	0.00473	0.00237	0.00237
34	0.01857	0.01598	0.01648	0.12092	0.16565	0.23603	0.01182	0.15692	0.01617	0.17016	0.01241	0.01351	0.00907	0.00584	0.00529	0.00160	0.00710	0.00460	0.00401	0.00787
35	0.01228	0.21513	0.45624	0.01464	0.02114	0.04398	0.10524	0.01694	0.01169	0.01597	0.00996	0.03495	0.00797	0.00536	0.00497	0.00161	0.00758	0.00437	0.00247	0.00754
36	0.00835	0.00576	0.00642	0.00633	0.00656	0.00590	0.00370	0.00949	0.06420	0.01148	0.01755	0.03454	0.01958	0.74883	0.02610	0.00503	0.00521	0.00780	0.00347	0.00370
37	0.00720	0.00538	0.00641	0.00644	0.00755	0.00489	0.00456	0.00878	0.01263	0.01681	0.32987	0.16349	0.25719	0.13286	0.00973	0.00237	0.00313	0.01094	0.00517	0.00459
38	0.00988	0.00918	0.01046	0.20665	0.01703	0.06632	0.00836	0.01448	0.14882	0.01658	0.10725	0.07688	0.26718	0.00984	0.00595	0.00181	0.00471	0.00833	0.00441	0.00587
39	0.01446	0.01226	0.10769	0.23481	0.04483	0.01069	0.10350	0.06099	0.01322	0.20476	0.01687	0.01924	0.06674	0.05754	0.00704	0.00198	0.00639	0.00580	0.00396	0.00723
40	0.00788	0.00567	0.00699	0.00704	0.00832	0.00523	0.00513	0.01019	0.04168	0.04180	0.35092	0.26636	0.19608	0.01317	0.00653	0.00189	0.00292	0.01159	0.00553	0.00508
41	0.01458	0.81168	0.02857	0.00933	0.01399	0.02157	0.00933	0.01632	0.01108	0.01283	0.00758	0.00875	0.00700	0.00466	0.00350	0.00117	0.00583	0.00292	0.00233	0.00700
42	0.01165	0.00968	0.01134	0.00812	0.01295	0.00729	0.00650	0.01407	0.01142	0.03785	0.01000	0.01150	0.00822	0.00411	0.00408	0.00083	0.00405	0.00329	0.00332	0.81975
43	0.01458	0.81168	0.02857	0.00933	0.01399	0.02157	0.00933	0.01632	0.01108	0.01283	0.00758	0.00875	0.00700	0.00466	0.00350	0.00117	0.00583	0.00292	0.00233	0.00700
44	0.00813	0.00542	0.00621	0.00618	0.00666	0.00521	0.00380	0.00861	0.00943	0.03521	0.07341	0.09045	0.12325	0.57101	0.02139	0.00427	0.00460	0.00898	0.00394	0.00386
45	0.00670	0.00491	0.00631	0.00740	0.00796	0.00452	0.00508	0.00776	0.01079	0.01412	0.03346	0.67329	0.13708	0.01655	0.00691	0.00217	0.00318	0.04227	0.00506	0.00447
46	0.01412	0.01199	0.01265	0.01121	0.01439	0.01382	0.00877	0.08626	0.70634	0.02372	0.02147	0.01977	0.01606	0.00733	0.00554	0.00183	0.00445	0.00606	0.00554	0.00868
47	0.84691	0.01054	0.00801	0.00717	0.01054	0.01223	0.00590	0.01603	0.00928	0.02446	0.00759	0.00886	0.00590	0.00506	0.00337	0.00169	0.00422	0.00295	0.00337	0.00590
48	0.00779	0.00584	0.00876	0.00876	0.00974	0.00681	0.00681	0.00974	0.00876	0.01266	0.01460	0.02142	0.01363	0.04089	0.78680	0.00876	0.01460	0.00584	0.00292	0.00487
49	0.02037	0.02598	0.01545	0.01404	0.01685	0.78652	0.01053	0.02177	0.01545	0.01334	0.00843	0.00983	0.00702	0.00562	0.00492	0.00140	0.00983	0.00351	0.00281	0.00632
