[name]
unknown

[dist]
# distance from previous block
# <min> <max>
0	91

[block]
# block no. 0 follows, 47 sequences, length 195
# corresponding to MSA columns:
# 171-173,175-349,360-376
name=unknown_A
#
# <colnr> <probs for GDERKNQSTAVLIFYWHMCP>
#	G	D	E	R	K	N	Q	S	T	A	V	L	I	F	Y	W	H	M	C	P
0	0.01020	0.00842	0.01054	0.01115	0.08596	0.00854	0.00808	0.01621	0.23659	0.01828	0.11713	0.03369	0.07269	0.00942	0.00582	0.00179	0.00418	0.22449	0.00463	0.11219
1	0.00841	0.00661	0.00977	0.10876	0.01309	0.00778	0.00785	0.04198	0.00952	0.01334	0.01421	0.04961	0.01342	0.03039	0.57079	0.00653	0.03999	0.03996	0.00298	0.00500
2	0.01223	0.01067	0.01296	0.01416	0.15446	0.01196	0.00934	0.02314	0.53863	0.01967	0.01855	0.03501	0.01469	0.02596	0.07274	0.00236	0.00533	0.00585	0.00453	0.00775
3	0.00643	0.00460	0.00612	0.00719	0.00757	0.00429	0.00484	0.00746	0.01036	0.01391	0.08949	0.75105	0.03563	0.01586	0.00661	0.00208	0.00298	0.01437	0.00491	0.00429
4	0.00834	0.00583	0.00746	0.00691	0.00836	0.00553	0.00523	0.01156	0.06320	0.05040	0.70406	0.03685	0.04563	0.01026	0.00605	0.00165	0.00264	0.00903	0.00573	0.00528
5	0.00655	0.00464	0.00604	0.00701	0.00732	0.00437	0.00462	0.00741	0.00988	0.01323	0.06177	0.67661	0.03310	0.12012	0.00920	0.00247	0.00326	0.01362	0.00466	0.00412
6	0.00667	0.00499	0.00620	0.00654	0.00751	0.00452	0.00466	0.00824	0.01214	0.01622	0.30677	0.35603	0.21340	0.01354	0.00635	0.00186	0.00273	0.01197	0.00516	0.00452
7	0.00983	0.00926	0.01562	0.80447	0.03587	0.01157	0.01446	0.01331	0.01041	0.01331	0.00926	0.01388	0.00694	0.00521	0.00521	0.00174	0.00694	0.00463	0.00231	0.00579
8	0.01139	0.01139	0.01595	0.01367	0.01367	0.01595	0.01139	0.01253	0.00798	0.01253	0.00684	0.01139	0.00684	0.00911	0.01709	0.00228	0.80745	0.00456	0.00228	0.00570
9	0.85377	0.01007	0.00765	0.00685	0.01007	0.01168	0.00564	0.01531	0.00886	0.02336	0.00725	0.00846	0.00564	0.00483	0.00322	0.00161	0.00403	0.00282	0.00322	0.00564
10	0.01045	0.02694	0.79000	0.01484	0.02254	0.01209	0.01924	0.01649	0.01099	0.01649	0.00935	0.01099	0.00660	0.00495	0.00495	0.00165	0.00770	0.00385	0.00220	0.00770
11	0.01980	0.01459	0.01563	0.01198	0.01615	0.01615	0.00990	0.76713	0.02448	0.03282	0.01250	0.01250	0.00886	0.00625	0.00521	0.00156	0.00573	0.00469	0.00521	0.00886
12	0.01288	0.01291	0.15931	0.01045	0.01417	0.01069	0.00964	0.06222	0.34439	0.11031	0.14252	0.02168	0.05119	0.00738	0.00539	0.00169	0.00460	0.00614	0.00489	0.00754
13	0.00894	0.00476	0.00704	0.00724	0.00743	0.00476	0.00515	0.00743	0.00762	0.01010	0.01204	0.02276	0.01242	0.01749	0.01823	0.71187	0.00457	0.12480	0.00267	0.00267
14	0.01945	0.02482	0.01476	0.01342	0.01610	0.79608	0.01006	0.02079	0.01476	0.01275	0.00805	0.00939	0.00671	0.00537	0.00470	0.00134	0.00939	0.00335	0.00268	0.00604
15	0.01247	0.01133	0.01941	0.02727	0.60811	0.01119	0.05903	0.01532	0.01177	0.04916	0.01269	0.11465	0.01174	0.00618	0.00541	0.00163	0.00587	0.00604	0.00303	0.00769
16	0.01209	0.03679	0.68230	0.01406	0.02126	0.01168	0.01765	0.01758	0.01147	0.11172	0.01070	0.01179	0.00738	0.00513	0.00496	0.00164	0.00726	0.00400	0.00272	0.00782
17	0.01945	0.02482	0.01476	0.01342	0.01610	0.79608	0.01006	0.02079	0.01476	0.01275	0.00805	0.00939	0.00671	0.00537	0.00470	0.00134	0.00939	0.00335	0.00268	0.00604
18	0.01075	0.01019	0.01727	0.57355	0.25965	0.01181	0.01492	0.01411	0.01084	0.01441	0.00942	0.01359	0.00733	0.00504	0.00519	0.00168	0.00672	0.00463	0.00239	0.00652
19	0.00757	0.00505	0.00568	0.00568	0.00568	0.00505	0.00316	0.00757	0.00757	0.01010	0.01641	0.03408	0.01893	0.81698	0.02651	0.00505	0.00505	0.00757	0.00316	0.00316
20	0.01172	0.00878	0.00915	0.00842	0.01070	0.00988	0.00649	0.02177	0.48487	0.02088	0.01960	0.01942	0.01493	0.00669	0.00467	0.00156	0.00348	0.00550	0.32455	0.00696
21	0.85377	0.01007	0.00765	0.00685	0.01007	0.01168	0.00564	0.01531	0.00886	0.02336	0.00725	0.00846	0.00564	0.00483	0.00322	0.00161	0.00403	0.00282	0.00322	0.00564
22	0.00905	0.00452	0.00678	0.00678	0.00678	0.00452	0.00452	0.00678	0.00678	0.00905	0.00905	0.01583	0.00905	0.01809	0.02035	0.84848	0.00452	0.00452	0.00226	0.00226
23	0.01260	0.00939	0.01031	0.00919	0.01191	0.01015	0.00716	0.02243	0.48587	0.11474	0.09868	0.02603	0.14245	0.00832	0.00551	0.00173	0.00376	0.00697	0.00541	0.00738
24	0.01418	0.78351	0.02671	0.00912	0.01349	0.05630	0.00896	0.01583	0.01077	0.01227	0.00728	0.00840	0.00668	0.00450	0.00340	0.00112	0.00575	0.00281	0.00225	0.00665
25	0.00852	0.00701	0.01090	0.01122	0.11045	0.00661	0.07356	0.01123	0.01415	0.02001	0.61328	0.03332	0.04018	0.00931	0.00601	0.00164	0.00350	0.00851	0.00505	0.00553
26	0.05179	0.14132	0.02961	0.00847	0.01293	0.04333	0.00722	0.03094	0.01147	0.07890	0.00977	0.01084	0.00783	0.00434	0.00394	0.00099	0.00454	0.00326	0.00323	0.53529
27	0.00634	0.00453	0.00604	0.00725	0.00755	0.00423	0.00483	0.00725	0.00997	0.01329	0.02870	0.81358	0.03444	0.01632	0.00665	0.00211	0.00302	0.01480	0.00483	0.00423
28	0.01859	0.01399	0.01495	0.01174	0.01569	0.01559	0.00961	0.63698	0.15659	0.03088	0.01403	0.01372	0.01010	0.00639	0.00523	0.00160	0.00545	0.00490	0.00523	0.00875
29	0.01072	0.02262	0.58846	0.01513	0.08811	0.01124	0.01671	0.01587	0.01104	0.01662	0.00937	0.01113	0.00693	0.00473	0.00478	0.00149	0.00690	0.00379	0.00238	0.15198
30	0.01339	0.01450	0.07354	0.01769	0.17438	0.12764	0.15540	0.01813	0.12697	0.04410	0.04687	0.01494	0.01109	0.00597	0.00655	0.00167	0.09292	0.00511	0.04205	0.00709
31	0.85377	0.01007	0.00765	0.00685	0.01007	0.01168	0.00564	0.01531	0.00886	0.02336	0.00725	0.00846	0.00564	0.00483	0.00322	0.00161	0.00403	0.00282	0.00322	0.00564
32	0.01004	0.01811	0.41521	0.04095	0.15201	0.01038	0.04560	0.01430	0.01127	0.01618	0.06278	0.10218	0.04578	0.02539	0.00584	0.00177	0.00634	0.00603	0.00293	0.00691
33	0.01355	0.01706	0.15435	0.03587	0.15180	0.15014	0.23477	0.07690	0.01322	0.01724	0.01085	0.04173	0.00880	0.00538	0.00532	0.00160	0.00747	0.00510	0.04177	0.00709
34	0.01061	0.02582	0.72421	0.01546	0.02294	0.01219	0.08391	0.01651	0.01111	0.01651	0.00945	0.01126	0.00671	0.00490	0.00505	0.00166	0.00779	0.00405	0.00224	0.00764
35	0.02336	0.00886	0.01209	0.00927	0.01329	0.00765	0.00765	0.02538	0.01491	0.78810	0.02055	0.01773	0.01289	0.00645	0.00524	0.00161	0.00443	0.00524	0.00645	0.00886
36	0.00845	0.00821	0.04383	0.28125	0.09019	0.00802	0.00956	0.01106	0.01173	0.01526	0.14540	0.05498	0.26174	0.00904	0.00572	0.00173	0.00467	0.01993	0.00379	0.00545
37	0.01469	0.08918	0.40909	0.01239	0.01817	0.01240	0.01385	0.14854	0.01390	0.16417	0.01212	0.01327	0.00871	0.03978	0.00582	0.00172	0.00644	0.00432	0.00357	0.00784
38	0.10139	0.00865	0.01108	0.00868	0.01240	0.00781	0.00714	0.02335	0.01401	0.65319	0.01899	0.01698	0.01224	0.00626	0.00492	0.00158	0.00423	0.00498	0.07390	0.00823
39	0.53730	0.00961	0.00934	0.00777	0.01130	0.01015	0.00641	0.01915	0.01117	0.31481	0.01232	0.01199	0.00840	0.00545	0.00399	0.00161	0.00418	0.00374	0.00445	0.00687
40	0.01318	0.12066	0.16950	0.05304	0.31346	0.15340	0.01388	0.01625	0.01189	0.01517	0.01034	0.05172	0.00913	0.00560	0.00492	0.00153	0.00682	0.01973	0.00262	0.00717
41	0.01159	0.00686	0.00904	0.00860	0.01049	0.00688	0.00699	0.06933	0.01246	0.16432	0.04694	0.08222	0.08168	0.01814	0.20886	0.00357	0.00668	0.19930	0.04026	0.00578
42	0.00631	0.00466	0.00591	0.00692	0.00747	0.00426	0.00469	0.00729	0.01029	0.01343	0.03278	0.68415	0.16124	0.01579	0.00656	0.00205	0.00296	0.01416	0.00483	0.00426
43	0.01230	0.01099	0.01805	0.16190	0.51418	0.01139	0.01401	0.04784	0.01206	0.04089	0.01216	0.09810	0.01097	0.00610	0.00533	0.00164	0.00591	0.00574	0.00301	0.00744
44	0.01224	0.13483	0.49920	0.05032	0.05400	0.01291	0.01574	0.04398	0.01169	0.06838	0.00993	0.01134	0.00725	0.00498	0.00472	0.00153	0.00684	0.00386	0.00266	0.04359
45	0.01427	0.01274	0.08594	0.03897	0.44119	0.01164	0.01353	0.05218	0.05005	0.13729	0.01226	0.01464	0.00960	0.04010	0.00660	0.00176	0.04105	0.00485	0.00341	0.00794
46	0.43252	0.04203	0.01163	0.01002	0.01303	0.38366	0.00784	0.01792	0.01171	0.01799	0.00763	0.00890	0.00618	0.00507	0.00392	0.00147	0.00662	0.00307	0.00294	0.00586
47	0.00706	0.00501	0.00604	0.00635	0.00676	0.00493	0.00408	0.00768	0.00883	0.01165	0.02389	0.23248	0.11988	0.41838	0.11029	0.00428	0.00528	0.00961	0.00375	0.00376
48	0.01282	0.01257	0.05399	0.12047	0.40773	0.01251	0.06660	0.08836	0.09288	0.01840	0.01193	0.01558	0.00975	0.00558	0.00548	0.00166	0.01645	0.03636	0.00316	0.00771
49	0.00757	0.00505	0.00568	0.00568	0.00568	0.00505	0.00316	0.00757	0.00757	0.01010	0.01641	0.03408	0.01893	0.81698	0.02651	0.00505	0.00505	0.00757	0.00316	0.00316
50	0.29734	0.54675	0.02066	0.00821	0.01225	0.01759	0.00781	0.01550	0.01000	0.01600	0.00724	0.00839	0.00633	0.00458	0.00330	0.00128	0.00505	0.00280	0.00256	0.00633
51	0.00842	0.00684	0.00851	0.00785	0.00921	0.00731	0.00607	0.01213	0.11209	0.01868	0.45628	0.03384	0.14059	0.01144	0.03773	0.00201	0.10220	0.00843	0.00501	0.00536
52	0.01126	0.00609	0.00811	0.00736	0.00914	0.00550	0.00560	0.01335	0.01399	0.21429	0.46425	0.16147	0.03751	0.01052	0.00600	0.00171	0.00305	0.00925	0.00577	0.00580
53	0.00749	0.00537	0.00732	0.00732	0.00788	0.00594	0.00519	0.00862	0.00806	0.01131	0.01491	0.02580	0.01534	0.34401	0.49456	0.00707	0.01046	0.00636	0.00293	0.00406
54	0.01295	0.01119	0.01178	0.01060	0.01354	0.01295	0.00824	0.02767	0.77509	0.02178	0.02120	0.01943	0.01590	0.00707	0.00530	0.00177	0.00412	0.00589	0.00530	0.00824
55	0.01980	0.01459	0.01563	0.01198	0.01615	0.01615	0.00990	0.76713	0.02448	0.03282	0.01250	0.01250	0.00886	0.00625	0.00521	0.00156	0.00573	0.00469	0.00521	0.00886
56	0.00788	0.00545	0.00701	0.00655	0.00793	0.00497	0.00494	0.01022	0.01450	0.04976	0.68935	0.03906	0.11128	0.01071	0.00611	0.00165	0.00255	0.00939	0.00568	0.00502
57	0.00634	0.00453	0.00604	0.00725	0.00755	0.00423	0.00483	0.00725	0.00997	0.01329	0.02870	0.81358	0.03444	0.01632	0.00665	0.00211	0.00302	0.01480	0.00483	0.00423
58	0.01292	0.12359	0.02260	0.04381	0.60536	0.01355	0.07213	0.01593	0.01169	0.01626	0.00949	0.01237	0.00798	0.00461	0.00498	0.00151	0.00631	0.00450	0.00253	0.00789
59	0.00983	0.00926	0.01562	0.80447	0.03587	0.01157	0.01446	0.01331	0.01041	0.01331	0.00926	0.01388	0.00694	0.00521	0.00521	0.00174	0.00694	0.00463	0.00231	0.00579
60	0.02306	0.00936	0.01239	0.00950	0.01354	0.00839	0.00785	0.08965	0.01574	0.72266	0.01985	0.01727	0.01254	0.00643	0.00523	0.00161	0.00454	0.00519	0.00634	0.00886
61	0.00657	0.00531	0.00597	0.00587	0.00742	0.00471	0.00442	0.00823	0.01230	0.01563	0.23436	0.04470	0.52967	0.01479	0.07462	0.00230	0.00357	0.01012	0.00489	0.00455
62	0.01088	0.07880	0.14485	0.05008	0.12097	0.01098	0.03826	0.01644	0.16283	0.01779	0.13532	0.02172	0.03318	0.00712	0.00556	0.00166	0.02613	0.05301	0.05764	0.00676
63	0.01295	0.01119	0.01178	0.01060	0.01354	0.01295	0.00824	0.02767	0.77509	0.02178	0.02120	0.01943	0.01590	0.00707	0.00530	0.00177	0.00412	0.00589	0.00530	0.00824
64	0.01709	0.00884	0.01044	0.00867	0.01173	0.00887	0.00695	0.07807	0.20001	0.34967	0.01920	0.01818	0.01344	0.00649	0.00484	0.00154	0.00394	0.00526	0.21906	0.00769
65	0.01076	0.15114	0.04452	0.04373	0.06844	0.00908	0.00742	0.04307	0.00894	0.01174	0.00895	0.01386	0.00837	0.01306	0.01426	0.52676	0.00512	0.00421	0.00241	0.00416
66	0.01146	0.01201	0.04600	0.00967	0.02204	0.15331	0.00760	0.04024	0.23061	0.01648	0.02689	0.06054	0.24450	0.03974	0.04074	0.00210	0.01850	0.00722	0.00424	0.00612
67	0.00712	0.00531	0.00662	0.00629	0.00763	0.00481	0.00472	0.00935	0.01415	0.01949	0.63246	0.04120	0.19929	0.01117	0.00614	0.00166	0.00249	0.00974	0.00555	0.00481
68	0.00651	0.00465	0.00623	0.00744	0.00781	0.00437	0.00512	0.00754	0.01013	0.01348	0.02861	0.75265	0.03408	0.01616	0.00669	0.00214	0.00316	0.07411	0.00483	0.00428
69	0.01155	0.05279	0.23833	0.03497	0.42344	0.01179	0.01546	0.01527	0.01147	0.01632	0.01182	0.04883	0.01060	0.00603	0.00525	0.00165	0.00635	0.06783	0.00273	0.00752
70	0.09330	0.01264	0.09727	0.04609	0.04234	0.06806	0.00965	0.04983	0.19484	0.03121	0.11447	0.01887	0.05053	0.00851	0.03703	0.00199	0.10730	0.00553	0.00391	0.00663
71	0.14081	0.00809	0.00897	0.00842	0.01054	0.00848	0.00637	0.08878	0.14231	0.11984	0.02236	0.34432	0.04877	0.01059	0.00555	0.00185	0.00380	0.00907	0.00491	0.00620
72	0.22894	0.37521	0.03912	0.00978	0.01352	0.23050	0.00867	0.01697	0.01130	0.01533	0.00752	0.00874	0.00642	0.00481	0.00372	0.00132	0.00628	0.00298	0.00260	0.00627
73	0.01116	0.01184	0.01932	0.01540	0.01833	0.09649	0.35218	0.01390	0.01166	0.01501	0.01656	0.19124	0.02676	0.00882	0.00713	0.00191	0.07276	0.10025	0.00338	0.00589
74	0.01088	0.03811	0.00899	0.00840	0.04323	0.00724	0.00610	0.07345	0.04746	0.08365	0.02349	0.22646	0.10297	0.00971	0.00524	0.00163	0.00357	0.03950	0.21815	0.04179
75	0.05198	0.14538	0.08112	0.01180	0.01412	0.15184	0.01039	0.03139	0.01051	0.03810	0.00879	0.01174	0.00772	0.01077	0.10831	0.00257	0.29065	0.00407	0.00264	0.00612
76	0.00712	0.00510	0.00613	0.00619	0.00736	0.00464	0.00452	0.00898	0.01264	0.01749	0.36444	0.19785	0.22261	0.01193	0.00597	0.00172	0.00261	0.01040	0.09765	0.00464
77	0.01080	0.00926	0.01080	0.00771	0.01234	0.00694	0.00617	0.01311	0.01080	0.01697	0.00926	0.01080	0.00771	0.00386	0.00386	0.00077	0.00386	0.00309	0.00309	0.84882
78	0.00956	0.00754	0.00909	0.08063	0.01205	0.00781	0.00675	0.10183	0.11115	0.02004	0.33524	0.03425	0.19218	0.00988	0.00589	0.00171	0.00361	0.03996	0.00507	0.00577
79	0.00895	0.00887	0.06430	0.02827	0.15041	0.00784	0.00805	0.01253	0.10506	0.01546	0.07784	0.03127	0.27237	0.12791	0.05608	0.00258	0.00492	0.00766	0.00394	0.00570
80	0.01550	0.01575	0.01757	0.11992	0.28259	0.22596	0.03626	0.15095	0.05231	0.01842	0.01032	0.01235	0.00814	0.00531	0.00508	0.00154	0.00705	0.00441	0.00318	0.00740
81	0.01576	0.01348	0.01362	0.01150	0.01466	0.07747	0.00917	0.28367	0.40344	0.02431	0.01619	0.01569	0.01213	0.00678	0.00597	0.00169	0.05630	0.00518	0.00486	0.00812
82	0.00905	0.00452	0.00678	0.00678	0.00678	0.00452	0.00452	0.00678	0.00678	0.00905	0.00905	0.01583	0.00905	0.01809	0.02035	0.84848	0.00452	0.00452	0.00226	0.00226
83	0.00983	0.00926	0.01562	0.80447	0.03587	0.01157	0.01446	0.01331	0.01041	0.01331	0.00926	0.01388	0.00694	0.00521	0.00521	0.00174	0.00694	0.00463	0.00231	0.00579
84	0.00634	0.00453	0.00604	0.00725	0.00755	0.00423	0.00483	0.00725	0.00997	0.01329	0.02870	0.81358	0.03444	0.01632	0.00665	0.00211	0.00302	0.01480	0.00483	0.00423
85	0.01945	0.02482	0.01476	0.01342	0.01610	0.79608	0.01006	0.02079	0.01476	0.01275	0.00805	0.00939	0.00671	0.00537	0.00470	0.00134	0.00939	0.00335	0.00268	0.00604
86	0.01045	0.02694	0.79000	0.01484	0.02254	0.01209	0.01924	0.01649	0.01099	0.01649	0.00935	0.01099	0.00660	0.00495	0.00495	0.00165	0.00770	0.00385	0.00220	0.00770
87	0.00983	0.00926	0.01562	0.80447	0.03587	0.01157	0.01446	0.01331	0.01041	0.01331	0.00926	0.01388	0.00694	0.00521	0.00521	0.00174	0.00694	0.00463	0.00231	0.00579
88	0.01139	0.01139	0.01595	0.01367	0.01367	0.01595	0.01139	0.01253	0.00798	0.01253	0.00684	0.01139	0.00684	0.00911	0.01709	0.00228	0.80745	0.00456	0.00228	0.00570
89	0.00744	0.00558	0.00837	0.00837	0.00930	0.00651	0.00651	0.00930	0.00837	0.01209	0.01395	0.02046	0.01302	0.03906	0.79635	0.00837	0.01395	0.00558	0.00279	0.00465
90	0.85377	0.01007	0.00765	0.00685	0.01007	0.01168	0.00564	0.01531	0.00886	0.02336	0.00725	0.00846	0.00564	0.00483	0.00322	0.00161	0.00403	0.00282	0.00322	0.00564
91	0.02218	0.01076	0.01326	0.01017	0.01424	0.01047	0.00840	0.27121	0.01808	0.53779	0.01788	0.01599	0.01155	0.00638	0.00523	0.00160	0.00486	0.00506	0.00604	0.00886
92	0.00634	0.00453	0.00604	0.00725	0.00755	0.00423	0.00483	0.00725	0.00997	0.01329	0.02870	0.81358	0.03444	0.01632	0.00665	0.00211	0.00302	0.01480	0.00483	0.00423
93	0.01229	0.01405	0.03073	0.02195	0.02722	0.01317	0.76558	0.01668	0.01229	0.01668	0.01054	0.01405	0.00790	0.00439	0.00615	0.00176	0.00878	0.00615	0.00263	0.00702
94	0.81818	0.01017	0.00822	0.00791	0.04285	0.01171	0.00608	0.01534	0.00899	0.02310	0.00736	0.00865	0.00575	0.00483	0.00330	0.00161	0.00412	0.00290	0.00320	0.00575
95	0.00634	0.00453	0.00604	0.00725	0.00755	0.00423	0.00483	0.00725	0.00997	0.01329	0.02870	0.81358	0.03444	0.01632	0.00665	0.00211	0.00302	0.01480	0.00483	0.00423
96	0.01870	0.13290	0.01646	0.01280	0.01573	0.69069	0.00991	0.02009	0.01419	0.01268	0.00794	0.00925	0.00670	0.00524	0.00451	0.00131	0.00887	0.00328	0.00262	0.00612
97	0.01289	0.01237	0.02114	0.03196	0.78450	0.01237	0.01598	0.01598	0.01186	0.01701	0.00980	0.01289	0.00825	0.00464	0.00516	0.00155	0.00619	0.00464	0.00258	0.00825
98	0.01843	0.01127	0.04582	0.01019	0.01386	0.01076	0.00857	0.32424	0.01822	0.31051	0.08999	0.08281	0.01620	0.00751	0.00542	0.00164	0.00480	0.00614	0.00556	0.00805
99	0.01108	0.02605	0.75169	0.01457	0.02208	0.01188	0.01867	0.01693	0.01119	0.05450	0.00990	0.01133	0.00691	0.00502	0.00496	0.00165	0.00754	0.00392	0.00241	0.00775
100	0.01229	0.01049	0.01120	0.01012	0.01286	0.01200	0.00785	0.02555	0.68485	0.02168	0.11146	0.02174	0.01984	0.00749	0.00540	0.00175	0.00392	0.00631	0.00535	0.00785
101	0.01994	0.00810	0.01099	0.00868	0.01211	0.00707	0.00707	0.02204	0.01487	0.62361	0.18375	0.02227	0.02066	0.00735	0.00543	0.00162	0.00401	0.00613	0.00629	0.00802
102	0.01552	0.04617	0.20608	0.01820	0.24724	0.01167	0.04644	0.06701	0.04846	0.22198	0.01316	0.01386	0.00939	0.00539	0.00511	0.00159	0.00606	0.00466	0.00379	0.00820
103	0.01286	0.01245	0.02156	0.03153	0.75127	0.01241	0.04887	0.01601	0.01188	0.01700	0.00983	0.01294	0.00823	0.00463	0.00520	0.00156	0.00630	0.00471	0.00258	0.00820
104	0.00847	0.00693	0.00967	0.00909	0.00956	0.00856	0.00697	0.00972	0.00808	0.01174	0.01272	0.02134	0.01283	0.21302	0.41896	0.00605	0.21320	0.00579	0.00275	0.00457
105	0.74778	0.01050	0.00851	0.00744	0.01073	0.01212	0.00611	0.08014	0.04176	0.02411	0.00827	0.00926	0.00634	0.00505	0.00348	0.00161	0.00418	0.00311	0.00348	0.00602
106	0.01013	0.11561	0.56296	0.01281	0.01883	0.01170	0.01550	0.01476	0.01077	0.01543	0.01251	0.15195	0.01151	0.00689	0.00506	0.00167	0.00663	0.00565	0.00267	0.00697
107	0.01280	0.21515	0.51513	0.01276	0.01925	0.01361	0.01539	0.01733	0.01136	0.10657	0.01016	0.01116	0.00736	0.00501	0.00460	0.00152	0.00680	0.00376	0.00271	0.00759
108	0.01197	0.01312	0.02758	0.02216	0.12419	0.01242	0.60655	0.01598	0.01213	0.01655	0.01187	0.04651	0.00991	0.00531	0.00608	0.00177	0.00805	0.03808	0.00280	0.00698
109	0.00737	0.00532	0.00696	0.00655	0.00778	0.00491	0.00491	0.00983	0.01474	0.02088	0.78175	0.03890	0.04914	0.01065	0.00614	0.00164	0.00246	0.00942	0.00573	0.00491
110	0.01404	0.01456	0.02001	0.02870	0.64926	0.15031	0.01494	0.01683	0.01237	0.01626	0.00949	0.01227	0.00798	0.00477	0.00507	0.00151	0.00675	0.00441	0.00260	0.00786
111	0.00655	0.00554	0.00665	0.00644	0.00807	0.00479	0.03760	0.00802	0.01179	0.01458	0.10331	0.17753	0.56436	0.01314	0.00624	0.00181	0.00296	0.01130	0.00481	0.00452
112	0.00905	0.00452	0.00678	0.00678	0.00678	0.00452	0.00452	0.00678	0.00678	0.00905	0.00905	0.01583	0.00905	0.01809	0.02035	0.84848	0.00452	0.00452	0.00226	0.00226
113	0.00983	0.00926	0.01562	0.80447	0.03587	0.01157	0.01446	0.01331	0.01041	0.01331	0.00926	0.01388	0.00694	0.00521	0.00521	0.00174	0.00694	0.00463	0.00231	0.00579
114	0.00983	0.00926	0.01562	0.80447	0.03587	0.01157	0.01446	0.01331	0.01041	0.01331	0.00926	0.01388	0.00694	0.00521	0.00521	0.00174	0.00694	0.00463	0.00231	0.00579
115	0.02012	0.01407	0.01531	0.01173	0.01589	0.01538	0.00969	0.69968	0.02361	0.10150	0.01323	0.01298	0.00922	0.00627	0.00521	0.00157	0.00561	0.00474	0.00532	0.00886
116	0.00746	0.00550	0.00794	0.00794	0.00872	0.00628	0.00598	0.00902	0.00824	0.01177	0.01434	0.02263	0.01396	0.16286	0.67383	0.00784	0.01253	0.00590	0.00285	0.00441
117	0.01583	0.61481	0.02375	0.00954	0.01371	0.11977	0.00890	0.01750	0.01167	0.10981	0.00902	0.00967	0.00747	0.00482	0.00376	0.00121	0.00592	0.00317	0.00282	0.00687
118	0.00708	0.00577	0.00633	0.00610	0.00779	0.00525	0.00460	0.00984	0.07438	0.01682	0.27837	0.04413	0.49102	0.01190	0.00608	0.00172	0.00270	0.01009	0.00515	0.00487
119	0.01072	0.00912	0.01082	0.04171	0.01315	0.00707	0.00645	0.01309	0.01079	0.01689	0.00950	0.01120	0.00786	0.00398	0.00391	0.00083	0.00394	0.00321	0.02952	0.78625
120	0.01080	0.00926	0.01080	0.00771	0.01234	0.00694	0.00617	0.01311	0.01080	0.01697	0.00926	0.01080	0.00771	0.00386	0.00386	0.00077	0.00386	0.00309	0.00309	0.84882
121	0.01080	0.00926	0.01080	0.00771	0.01234	0.00694	0.00617	0.01311	0.01080	0.01697	0.00926	0.01080	0.00771	0.00386	0.00386	0.00077	0.00386	0.00309	0.00309	0.84882
122	0.01372	0.01035	0.01426	0.01551	0.24453	0.00935	0.00957	0.08133	0.01313	0.12477	0.06048	0.01432	0.01133	0.00509	0.00470	0.00124	0.00471	0.00439	0.00375	0.35346
123	0.00797	0.00487	0.00602	0.00662	0.00742	0.00457	0.00462	0.00939	0.01071	0.04918	0.05864	0.51403	0.06049	0.01294	0.00579	0.00183	0.00289	0.01150	0.21589	0.00463
124	0.01300	0.39792	0.33450	0.01140	0.01714	0.01585	0.01296	0.04596	0.01149	0.04695	0.00894	0.01008	0.00703	0.00478	0.00417	0.00135	0.00632	0.00340	0.00255	0.04422
125	0.01194	0.01326	0.15388	0.01976	0.34365	0.01041	0.02455	0.01613	0.07096	0.06271	0.07047	0.07976	0.01394	0.00631	0.00523	0.00157	0.00550	0.00570	0.00341	0.08085
126	0.03164	0.13233	0.26672	0.01205	0.01703	0.01451	0.01232	0.21480	0.17427	0.03896	0.01251	0.01289	0.00927	0.00578	0.00508	0.00159	0.02222	0.00437	0.00376	0.00791
127	0.01615	0.51418	0.02286	0.01008	0.01442	0.01891	0.00929	0.30102	0.01586	0.02006	0.00924	0.00993	0.00751	0.00514	0.00405	0.00128	0.00563	0.00351	0.00336	0.00751
128	0.01372	0.03214	0.35215	0.01551	0.12214	0.06753	0.01437	0.19502	0.01456	0.02017	0.01003	0.01144	0.00749	0.00512	0.00488	0.00149	0.00670	0.00402	0.00310	0.09842
129	0.00936	0.00825	0.01311	0.50217	0.02559	0.01019	0.01135	0.01173	0.00943	0.01249	0.01048	0.01704	0.00925	0.11015	0.10521	0.04470	0.07680	0.00509	0.00247	0.00514
130	0.01023	0.00832	0.00854	0.00831	0.00904	0.13935	0.00596	0.00997	0.00866	0.01066	0.01084	0.01736	0.01051	0.07639	0.25053	0.39605	0.00821	0.00485	0.00255	0.00368
131	0.01221	0.00901	0.01077	0.00785	0.01224	0.00693	0.00630	0.01449	0.01151	0.11406	0.04872	0.01305	0.01040	0.00452	0.00414	0.00092	0.00386	0.00367	0.00364	0.70171
132	0.67569	0.01041	0.01013	0.01121	0.14150	0.01163	0.00748	0.01585	0.00963	0.05500	0.00825	0.00961	0.00639	0.00487	0.00364	0.00160	0.00441	0.00323	0.00325	0.00622
133	0.01548	0.01779	0.01417	0.02939	0.04705	0.43487	0.00984	0.01673	0.01191	0.02478	0.00908	0.01338	0.00844	0.10829	0.01066	0.00207	0.21336	0.00430	0.00269	0.00572
134	0.01517	0.32797	0.16714	0.01235	0.01676	0.28990	0.04703	0.02904	0.01237	0.01375	0.00815	0.00960	0.00677	0.00497	0.00451	0.00135	0.02064	0.00340	0.00245	0.00668
135	0.01109	0.01057	0.12044	0.00993	0.04805	0.00765	0.00842	0.01373	0.01195	0.10912	0.16075	0.09903	0.04910	0.00749	0.00562	0.00144	0.03944	0.00627	0.00405	0.27587
136	0.00875	0.00727	0.01075	0.04230	0.20513	0.00706	0.00838	0.01113	0.01276	0.01748	0.30907	0.09378	0.12923	0.01018	0.00604	0.00177	0.00393	0.10483	0.00451	0.00565
137	0.00745	0.00553	0.00814	0.00814	0.00899	0.00638	0.00622	0.00915	0.00830	0.01192	0.01416	0.02164	0.01353	0.10647	0.72964	0.00808	0.01318	0.00575	0.00282	0.00452
138	0.01520	0.14517	0.01975	0.06292	0.39255	0.03146	0.01269	0.09982	0.01335	0.12281	0.01100	0.01270	0.00855	0.00518	0.00514	0.00151	0.02458	0.00439	0.00332	0.00790
139	0.12351	0.11777	0.11349	0.01160	0.03828	0.24552	0.01001	0.02587	0.01211	0.01607	0.07659	0.01561	0.01198	0.00647	0.00570	0.00156	0.07624	0.04913	0.03635	0.00614
140	0.00664	0.00515	0.00600	0.00607	0.00735	0.00456	0.00442	0.00824	0.01240	0.01615	0.29533	0.18330	0.38083	0.03162	0.00671	0.00186	0.00270	0.01106	0.00510	0.00451
141	0.01073	0.00898	0.01042	0.00753	0.01194	0.00681	0.00601	0.01305	0.01081	0.01713	0.00975	0.01135	0.00807	0.00400	0.00384	0.00080	0.00377	0.00320	0.05679	0.79504
142	0.01261	0.01206	0.03300	0.25909	0.31266	0.03534	0.11031	0.05026	0.01218	0.04452	0.01015	0.01322	0.00790	0.00490	0.00520	0.00158	0.00664	0.00470	0.00280	0.06089
143	0.06300	0.36482	0.29157	0.01103	0.01633	0.05404	0.01215	0.04722	0.01148	0.01548	0.01039	0.01149	0.04252	0.00516	0.00418	0.00138	0.00625	0.00365	0.00256	0.02530
144	0.01145	0.01194	0.20802	0.00966	0.01313	0.00791	0.03813	0.01534	0.05568	0.13850	0.21960	0.05746	0.02218	0.04219	0.00619	0.00176	0.00457	0.00653	0.12336	0.00640
145	0.00629	0.00475	0.00582	0.00667	0.00740	0.00428	0.00458	0.00732	0.01053	0.01352	0.03575	0.58978	0.25369	0.01540	0.00650	0.00201	0.00291	0.01369	0.00483	0.00428
146	0.01080	0.00926	0.01080	0.00771	0.01234	0.00694	0.00617	0.01311	0.01080	0.01697	0.00926	0.01080	0.00771	0.00386	0.00386	0.00077	0.00386	0.00309	0.00309	0.84882
147	0.01283	0.01285	0.01074	0.02401	0.01194	0.27322	0.03069	0.01541	0.09548	0.04530	0.04809	0.13212	0.01712	0.23435	0.01127	0.00258	0.00614	0.00686	0.00368	0.00531
148	0.33228	0.01076	0.01021	0.00917	0.01222	0.01247	0.00725	0.02298	0.48408	0.02238	0.01590	0.01526	0.01200	0.00622	0.00451	0.00171	0.00409	0.00472	0.00451	0.00725
149	0.01045	0.02694	0.79000	0.01484	0.02254	0.01209	0.01924	0.01649	0.01099	0.01649	0.00935	0.01099	0.00660	0.00495	0.00495	0.00165	0.00770	0.00385	0.00220	0.00770
150	0.01386	0.00886	0.00928	0.00778	0.01021	0.00950	0.00621	0.32259	0.01650	0.02493	0.01514	0.01657	0.01150	0.00614	0.00429	0.00136	0.00379	0.00479	0.50021	0.00650
151	0.00634	0.00457	0.00600	0.00715	0.00753	0.00424	0.00479	0.00726	0.01006	0.01333	0.02989	0.77598	0.07128	0.01616	0.00662	0.00210	0.00300	0.01462	0.00483	0.00424
152	0.01246	0.01494	0.15646	0.02895	0.65039	0.01232	0.01656	0.01607	0.01171	0.01692	0.00972	0.01256	0.00796	0.00469	0.00512	0.00156	0.00645	0.00450	0.00251	0.00815
153	0.01171	0.48587	0.02060	0.00955	0.01268	0.01527	0.04541	0.01381	0.03455	0.01327	0.01383	0.17517	0.01456	0.00796	0.00516	0.00153	0.04202	0.06790	0.00308	0.00605
154	0.01228	0.00987	0.01034	0.00941	0.01199	0.01127	0.00729	0.02445	0.61659	0.02129	0.02032	0.01943	0.01537	0.00686	0.00495	0.00165	0.00377	0.00567	0.17965	0.00754
155	0.00775	0.00630	0.00951	0.00838	0.01006	0.00580	0.09402	0.01015	0.01358	0.01869	0.50755	0.10526	0.13247	0.01086	0.00623	0.00174	0.00336	0.03811	0.00515	0.00503
156	0.01122	0.08232	0.57045	0.01804	0.18371	0.01278	0.01779	0.01632	0.01115	0.01629	0.00929	0.01120	0.00695	0.00485	0.00487	0.00159	0.00722	0.00394	0.00228	0.00774
157	0.00983	0.00926	0.01562	0.80447	0.03587	0.01157	0.01446	0.01331	0.01041	0.01331	0.00926	0.01388	0.00694	0.00521	0.00521	0.00174	0.00694	0.00463	0.00231	0.00579
158	0.00737	0.00532	0.00696	0.00655	0.00778	0.00491	0.00491	0.00983	0.01474	0.02088	0.78175	0.03890	0.04914	0.01065	0.00614	0.00164	0.00246	0.00942	0.00573	0.00491
159	0.00818	0.00663	0.01002	0.01354	0.20013	0.00642	0.00790	0.00982	0.01080	0.01470	0.05284	0.52026	0.02814	0.01304	0.00631	0.00198	0.00394	0.07574	0.00431	0.00530
160	0.01080	0.00926	0.01080	0.00771	0.01234	0.00694	0.00617	0.01311	0.01080	0.01697	0.00926	0.01080	0.00771	0.00386	0.00386	0.00077	0.00386	0.00309	0.00309	0.84882
161	0.00755	0.00524	0.00683	0.00690	0.00738	0.00563	0.00474	0.00853	0.00822	0.01160	0.01605	0.07070	0.01694	0.39330	0.36004	0.00615	0.00869	0.00697	0.04460	0.00395
162	0.00868	0.00471	0.00686	0.00686	0.00698	0.00483	0.00462	0.00719	0.00707	0.00954	0.01047	0.01842	0.01063	0.10851	0.11854	0.65024	0.00577	0.00499	0.00243	0.00266
163	0.01024	0.01393	0.20240	0.00976	0.01235	0.13435	0.03230	0.01218	0.00999	0.01260	0.01504	0.05736	0.04353	0.39469	0.01539	0.00326	0.00634	0.00636	0.00296	0.00496
164	0.04986	0.51654	0.14666	0.01015	0.01476	0.09191	0.01036	0.04494	0.01152	0.01455	0.00827	0.00951	0.00699	0.00477	0.00381	0.00126	0.00608	0.00317	0.03813	0.00675
165	0.01188	0.05307	0.21581	0.04116	0.01636	0.07867	0.01200	0.01748	0.17616	0.01627	0.06048	0.01485	0.01163	0.00734	0.01850	0.00187	0.21449	0.00481	0.02040	0.00676
166	0.00615	0.00528	0.00528	0.00528	0.00703	0.00440	0.00396	0.00747	0.01187	0.01407	0.05276	0.05012	0.78238	0.01319	0.00615	0.00176	0.00264	0.01099	0.00484	0.00440
167	0.01772	0.00758	0.01012	0.00830	0.01133	0.00662	0.00663	0.01965	0.01420	0.52496	0.15503	0.09430	0.08316	0.00859	0.00559	0.00167	0.00382	0.00727	0.00605	0.00741
168	0.01083	0.00935	0.01104	0.00799	0.01240	0.00736	0.00641	0.01309	0.01067	0.01676	0.00914	0.01083	0.00767	0.00410	0.00447	0.00084	0.04096	0.00315	0.00305	0.80989
169	0.01604	0.16284	0.14384	0.01408	0.08735	0.01318	0.09592	0.14599	0.01440	0.19939	0.01313	0.01506	0.00985	0.00577	0.00502	0.00156	0.00605	0.03877	0.00392	0.00782
170	0.00656	0.00509	0.00602	0.00662	0.00774	0.00456	0.00489	0.00790	0.01126	0.01419	0.06335	0.33754	0.38073	0.01444	0.00647	0.00197	0.00306	0.10835	0.00486	0.00440
171	0.00934	0.00816	0.01168	0.04931	0.23865	0.04076	0.00938	0.01128	0.01110	0.01477	0.02123	0.37682	0.02359	0.01160	0.00616	0.00195	0.00470	0.13991	0.00396	0.00566
172	0.01733	0.05195	0.12162	0.03171	0.14851	0.01125	0.08347	0.07764	0.01379	0.33894	0.01425	0.01448	0.00982	0.00570	0.00561	0.00162	0.03503	0.00484	0.00431	0.00814
173	0.57754	0.01503	0.04175	0.00908	0.01233	0.23893	0.00748	0.01695	0.01066	0.02001	0.00757	0.00883	0.00599	0.00499	0.00372	0.00153	0.00573	0.00302	0.00302	0.00584
174	0.01244	0.01420	0.13457	0.05889	0.47129	0.01193	0.12600	0.01605	0.01177	0.04466	0.01093	0.04375	0.00907	0.00519	0.00533	0.00162	0.00664	0.00516	0.00275	0.00775
175	0.01316	0.01231	0.01579	0.11464	0.27804	0.08188	0.01128	0.09766	0.01297	0.01789	0.00969	0.01195	0.00784	0.00469	0.00469	0.00129	0.00573	0.00400	0.00302	0.29148
176	0.00731	0.00532	0.00688	0.00649	0.00774	0.00489	0.00487	0.00971	0.01460	0.02055	0.74584	0.03945	0.08525	0.01077	0.00614	0.00164	0.00247	0.00950	0.00569	0.00489
177	0.00658	0.00467	0.00616	0.00726	0.00760	0.00441	0.00492	0.00751	0.00989	0.01316	0.02757	0.69775	0.03281	0.08557	0.00840	0.00239	0.00331	0.06117	0.00469	0.00417
178	0.00718	0.00532	0.00669	0.00635	0.00766	0.00483	0.00476	0.00945	0.01428	0.01979	0.66532	0.04069	0.16625	0.01105	0.00614	0.00166	0.00249	0.00967	0.00559	0.00483
179	0.01523	0.00883	0.01073	0.00883	0.01165	0.00877	0.00706	0.18923	0.06248	0.24765	0.33752	0.02550	0.02732	0.00820	0.00561	0.00162	0.00388	0.00690	0.00579	0.00717
180	0.02302	0.00941	0.01242	0.00952	0.01357	0.00846	0.00787	0.09606	0.01582	0.71614	0.01978	0.01723	0.01251	0.00643	0.00523	0.00161	0.00456	0.00518	0.00633	0.00886
181	0.01139	0.01139	0.01595	0.01367	0.01367	0.01595	0.01139	0.01253	0.00798	0.01253	0.00684	0.01139	0.00684	0.00911	0.01709	0.00228	0.80745	0.00456	0.00228	0.00570
182	0.85377	0.01007	0.00765	0.00685	0.01007	0.01168	0.00564	0.01531	0.00886	0.02336	0.00725	0.00846	0.00564	0.00483	0.00322	0.00161	0.00403	0.00282	0.00322	0.00564
183	0.01945	0.02482	0.01476	0.01342	0.01610	0.79608	0.01006	0.02079	0.01476	0.01275	0.00805	0.00939	0.00671	0.00537	0.00470	0.00134	0.00939	0.00335	0.00268	0.00604
184	0.01958	0.01377	0.01498	0.01161	0.01567	0.01508	0.00955	0.63677	0.08416	0.10390	0.01397	0.01356	0.00981	0.00634	0.00522	0.00158	0.00548	0.00484	0.00533	0.00881
185	0.00632	0.00463	0.00595	0.00700	0.00749	0.00425	0.00472	0.00728	0.01021	0.01339	0.03175	0.71681	0.12925	0.01592	0.00658	0.00207	0.00297	0.01432	0.00483	0.00425
186	0.00983	0.00926	0.01562	0.80447	0.03587	0.01157	0.01446	0.01331	0.01041	0.01331	0.00926	0.01388	0.00694	0.00521	0.00521	0.00174	0.00694	0.00463	0.00231	0.00579
187	0.52032	0.01034	0.00990	0.00818	0.01174	0.01119	0.00674	0.11703	0.01255	0.23055	0.01152	0.01149	0.00802	0.00545	0.00403	0.00160	0.00436	0.00372	0.00435	0.00693
188	0.00634	0.00456	0.00601	0.00717	0.00753	0.00424	0.00480	0.00726	0.01005	0.01333	0.02972	0.78127	0.06610	0.01618	0.00663	0.00210	0.00301	0.01464	0.00483	0.00424
189	0.00734	0.00538	0.00695	0.00697	0.00820	0.00500	0.00540	0.00954	0.01360	0.01863	0.51132	0.09314	0.13506	0.01198	0.00636	0.00182	0.00293	0.14020	0.00540	0.00479
190	0.01227	0.01169	0.02008	0.02901	0.67174	0.01176	0.04223	0.01527	0.01149	0.01646	0.01028	0.01376	0.00876	0.00841	0.09213	0.00230	0.00713	0.00480	0.00260	0.00781
191	0.00940	0.00859	0.01177	0.01078	0.01123	0.01097	0.00873	0.01076	0.00955	0.01371	0.07906	0.14667	0.08780	0.01228	0.04109	0.00239	0.44490	0.07172	0.00343	0.00517
192	0.00638	0.00465	0.00593	0.00692	0.00740	0.00429	0.00464	0.00729	0.01011	0.01325	0.03126	0.67847	0.13094	0.05276	0.00750	0.00220	0.00306	0.01398	0.00476	0.00420
193	0.01256	0.53613	0.26950	0.01071	0.01607	0.01729	0.01205	0.01566	0.01087	0.01393	0.03765	0.01037	0.00829	0.00485	0.00396	0.00130	0.00613	0.00338	0.00235	0.00694
194	0.14336	0.05100	0.01626	0.01730	0.22714	0.31884	0.03453	0.03805	0.04807	0.04480	0.00963	0.01116	0.00771	0.00516	0.00465	0.00148	0.00700	0.00391	0.00304	0.00692

[dist]
# distance from previous block
# <min> <max>
0	1

[block]
# block no. 1 follows, 47 sequences, length 23
# corresponding to MSA columns:
# 378-400
name=unknown_B
#
# <colnr> <probs for GDERKNQSTAVLIFYWHMCP>
#	G	D	E	R	K	N	Q	S	T	A	V	L	I	F	Y	W	H	M	C	P
0	0.01654	0.01297	0.01379	0.01132	0.01491	0.01463	0.00911	0.41485	0.38207	0.02756	0.01664	0.01580	0.01221	0.00664	0.00525	0.00166	0.00496	0.00526	0.00525	0.00856
1	0.01191	0.24784	0.43483	0.01217	0.01830	0.05226	0.01416	0.01601	0.01104	0.01518	0.00868	0.01015	0.00677	0.00469	0.00434	0.00137	0.00668	0.00342	0.00235	0.11787
2	0.01529	0.01922	0.45007	0.01251	0.01852	0.01056	0.01422	0.02055	0.07126	0.29462	0.01429	0.01407	0.00958	0.00565	0.00508	0.00164	0.00625	0.00451	0.00397	0.00816
3	0.01290	0.24534	0.37823	0.01387	0.01992	0.01426	0.14095	0.01708	0.01145	0.08505	0.00997	0.01138	0.00741	0.00485	0.00473	0.00151	0.00699	0.00406	0.00266	0.00740
4	0.00693	0.00528	0.00639	0.00633	0.00766	0.00474	0.00476	0.00889	0.01328	0.01776	0.44266	0.10330	0.29293	0.01212	0.00624	0.00175	0.00267	0.04633	0.00532	0.00468
5	0.00754	0.00569	0.00712	0.00788	0.00869	0.00572	0.00559	0.01074	0.12764	0.01512	0.06505	0.60385	0.03204	0.01449	0.00645	0.00206	0.00328	0.06118	0.00495	0.00492
6	0.01143	0.13542	0.52661	0.01749	0.17608	0.01335	0.01713	0.01626	0.01111	0.01600	0.00914	0.01101	0.00694	0.00482	0.00476	0.00155	0.00709	0.00386	0.00228	0.00767
7	0.00665	0.00478	0.00598	0.00668	0.00716	0.00447	0.00443	0.00757	0.01014	0.01345	0.09732	0.51385	0.11079	0.16922	0.01036	0.00260	0.00332	0.01253	0.00459	0.00410
8	0.01909	0.07680	0.01558	0.01312	0.01592	0.74540	0.00999	0.02045	0.01448	0.01271	0.00800	0.00932	0.00671	0.00531	0.00461	0.00133	0.00914	0.00332	0.00265	0.00608
9	0.00620	0.00510	0.00546	0.00575	0.00716	0.00436	0.00417	0.00742	0.01141	0.01388	0.04693	0.23515	0.60112	0.01395	0.00627	0.00184	0.00273	0.01192	0.00484	0.00436
10	0.01080	0.00926	0.01080	0.00771	0.01234	0.00694	0.00617	0.01311	0.01080	0.01697	0.00926	0.01080	0.00771	0.00386	0.00386	0.00077	0.00386	0.00309	0.00309	0.84882
11	0.01343	0.01256	0.01251	0.01120	0.01381	0.09074	0.00875	0.02541	0.61988	0.01993	0.01840	0.01760	0.01404	0.00711	0.00647	0.00178	0.08841	0.00550	0.00473	0.00776
12	0.53539	0.00940	0.00896	0.00754	0.01092	0.00999	0.00620	0.01846	0.01096	0.27499	0.01215	0.01209	0.00844	0.00543	0.00391	0.00159	0.00408	0.00372	0.04913	0.00666
13	0.00891	0.00553	0.00708	0.00654	0.00798	0.00512	0.00496	0.01133	0.01425	0.07979	0.62261	0.03471	0.04164	0.00972	0.00574	0.00158	0.00261	0.00850	0.11620	0.00521
14	0.01080	0.00926	0.01080	0.00771	0.01234	0.00694	0.00617	0.01311	0.01080	0.01697	0.00926	0.01080	0.00771	0.00386	0.00386	0.00077	0.00386	0.00309	0.00309	0.84882
15	0.00657	0.00479	0.00621	0.00706	0.00769	0.00443	0.00493	0.00782	0.01095	0.01457	0.13916	0.58618	0.11432	0.01508	0.00655	0.00202	0.00299	0.04934	0.00496	0.00437
16	0.00753	0.00570	0.00751	0.00715	0.00819	0.00567	0.00538	0.00968	0.01359	0.01918	0.61597	0.12890	0.06103	0.01126	0.00705	0.00175	0.06454	0.00972	0.00534	0.00488
17	0.00729	0.00543	0.00804	0.00821	0.00906	0.00619	0.00628	0.00901	0.00859	0.01226	0.01601	0.13112	0.01601	0.03588	0.68616	0.00750	0.01242	0.00687	0.00308	0.00459
18	0.01181	0.02207	0.48203	0.01848	0.20504	0.09361	0.01682	0.01643	0.01146	0.01599	0.00956	0.01179	0.00735	0.00673	0.04709	0.00195	0.00784	0.00408	0.00237	0.00749
19	0.00659	0.00464	0.00597	0.00693	0.00717	0.00440	0.00449	0.00732	0.00948	0.01264	0.02620	0.65519	0.03129	0.17901	0.01068	0.00271	0.00343	0.01334	0.00449	0.00401
20	0.01612	0.51143	0.02263	0.01036	0.01443	0.16108	0.00932	0.16926	0.01417	0.01652	0.00846	0.00939	0.00713	0.00499	0.00397	0.00125	0.00630	0.00328	0.00292	0.00701
21	0.04008	0.09693	0.47982	0.01225	0.01796	0.07232	0.01432	0.04643	0.01171	0.01715	0.01028	0.01190	0.00771	0.00516	0.00453	0.00150	0.00661	0.00386	0.13246	0.00701
22	0.09139	0.43270	0.07503	0.01089	0.02871	0.19430	0.00986	0.04580	0.01186	0.01457	0.00781	0.00915	0.00671	0.00499	0.00440	0.00132	0.03821	0.00317	0.00254	0.00659

[dist]
# distance from previous block
# <min> <max>
0	1

[block]
# block no. 2 follows, 47 sequences, length 28
# corresponding to MSA columns:
# 402-429
name=unknown_C
#
# <colnr> <probs for GDERKNQSTAVLIFYWHMCP>
#	G	D	E	R	K	N	Q	S	T	A	V	L	I	F	Y	W	H	M	C	P
0	0.01367	0.01325	0.04754	0.02696	0.56131	0.01295	0.07399	0.11609	0.04836	0.01928	0.01072	0.01316	0.00859	0.00496	0.00524	0.00158	0.00629	0.00479	0.00304	0.00821
1	0.00878	0.00701	0.00848	0.00703	0.00969	0.00575	0.00536	0.01091	0.01222	0.01784	0.31669	0.08498	0.06312	0.03812	0.00592	0.00142	0.00323	0.00700	0.00434	0.38213
2	0.00870	0.00687	0.00854	0.00960	0.09816	0.00662	0.00633	0.05764	0.04767	0.01762	0.17816	0.11605	0.30640	0.01083	0.00584	0.00172	0.00338	0.03670	0.06775	0.00543
3	0.01432	0.06961	0.15349	0.06232	0.34388	0.03717	0.01428	0.20606	0.01483	0.02028	0.01015	0.01211	0.00790	0.00514	0.00500	0.00154	0.00643	0.00435	0.00314	0.00801
4	0.01248	0.01211	0.01972	0.02696	0.57353	0.01335	0.01473	0.01504	0.01080	0.01579	0.00899	0.01248	0.00786	0.00586	0.00842	0.00175	0.22548	0.00462	0.00250	0.00755
5	0.00934	0.00932	0.06747	0.17577	0.18654	0.00922	0.01111	0.01209	0.00974	0.01373	0.01176	0.01679	0.01028	0.02220	0.40567	0.00505	0.01038	0.00506	0.00260	0.00589
6	0.00748	0.00543	0.00763	0.00763	0.00831	0.00611	0.00559	0.00883	0.00815	0.01154	0.01462	0.02419	0.01464	0.25212	0.58549	0.00746	0.01151	0.00613	0.00289	0.00424
7	0.00633	0.00459	0.00598	0.00709	0.00751	0.00424	0.00476	0.00727	0.01013	0.01336	0.03069	0.75046	0.09628	0.01606	0.00661	0.00209	0.00299	0.01449	0.00483	0.00424
8	0.00699	0.00505	0.00674	0.00779	0.00849	0.00480	0.00583	0.00845	0.01094	0.01442	0.07053	0.50423	0.07810	0.01526	0.00675	0.00215	0.00349	0.23068	0.00487	0.00444
9	0.01565	0.47554	0.02178	0.01006	0.01424	0.11852	0.00905	0.17930	0.01416	0.01717	0.00865	0.00959	0.00724	0.00491	0.00396	0.00121	0.00596	0.00330	0.00301	0.07670
10	0.01228	0.06230	0.61519	0.01405	0.02096	0.01322	0.01708	0.15087	0.01339	0.01922	0.00981	0.01114	0.00701	0.00516	0.00492	0.00161	0.00724	0.00395	0.00274	0.00786
11	0.01356	0.06439	0.48590	0.01369	0.03963	0.02454	0.03182	0.01913	0.07501	0.16428	0.01237	0.01293	0.00865	0.00537	0.00497	0.00162	0.00667	0.00429	0.00330	0.00788
12	0.01176	0.02281	0.61225	0.01357	0.02013	0.01133	0.01650	0.06326	0.01208	0.08137	0.01207	0.07801	0.00956	0.00609	0.00513	0.00168	0.00692	0.00492	0.00296	0.00758
13	0.00647	0.00463	0.00615	0.00717	0.00758	0.00431	0.00484	0.00756	0.01054	0.01420	0.11859	0.72112	0.03620	0.01564	0.00659	0.00206	0.00295	0.01416	0.00494	0.00431
14	0.01279	0.01264	0.02267	0.03037	0.66365	0.01250	0.13560	0.01609	0.01193	0.01696	0.00991	0.01307	0.00819	0.00460	0.00531	0.00158	0.00660	0.00488	0.00259	0.00805
15	0.01813	0.01149	0.07944	0.01765	0.28578	0.00960	0.01147	0.02087	0.01350	0.42957	0.03854	0.01610	0.01182	0.00581	0.00521	0.00159	0.00526	0.00504	0.00471	0.00843
16	0.01203	0.01150	0.01959	0.24877	0.57439	0.01215	0.01556	0.01523	0.01145	0.01597	0.00964	0.01317	0.00788	0.00480	0.00517	0.00160	0.00640	0.00464	0.00250	0.00756
17	0.00794	0.00585	0.00776	0.00872	0.01003	0.00567	0.00750	0.01012	0.01196	0.01528	0.03266	0.05700	0.18199	0.01414	0.00698	0.00227	0.00436	0.60024	0.00480	0.00471
18	0.01458	0.27233	0.27986	0.01088	0.01597	0.01299	0.01174	0.01776	0.01180	0.21627	0.01320	0.07827	0.01057	0.00612	0.00465	0.00151	0.00578	0.00478	0.00353	0.00739
19	0.01899	0.01386	0.19265	0.01302	0.08632	0.00983	0.02301	0.07787	0.01440	0.47141	0.01623	0.01528	0.01064	0.00589	0.00517	0.00161	0.00551	0.00484	0.00496	0.00851
20	0.00806	0.00862	0.11086	0.00781	0.01008	0.00641	0.00695	0.01179	0.07085	0.01961	0.54175	0.03499	0.12223	0.00990	0.00592	0.00166	0.00330	0.00859	0.00513	0.00547
21	0.02214	0.00989	0.01321	0.01123	0.06776	0.00915	0.00855	0.12649	0.01601	0.63040	0.01869	0.01667	0.01201	0.00629	0.00523	0.00160	0.00473	0.00512	0.00600	0.00882
