[name]
unknown

[dist]
# distance from previous block
# <min> <max>
0	333

[block]
# block no. 0 follows, 45 sequences, length 11
# corresponding to MSA columns:
# 358-368
name=unknown_A
#
# <colnr> <probs for GDERKNQSTAVLIFYWHMCP>
#	G	D	E	R	K	N	Q	S	T	A	V	L	I	F	Y	W	H	M	C	P
0	0.00735	0.00538	0.00682	0.00760	0.00838	0.00510	0.00538	0.04145	0.01162	0.01535	0.07864	0.58881	0.11488	0.01550	0.00674	0.00210	0.00329	0.06589	0.00506	0.00468
1	0.01516	0.54737	0.11746	0.01087	0.01554	0.15161	0.01073	0.05073	0.01234	0.01421	0.00812	0.00932	0.00698	0.00490	0.00397	0.00128	0.00669	0.00319	0.00251	0.00700
2	0.01556	0.01698	0.26322	0.01184	0.01741	0.01173	0.01206	0.23268	0.01589	0.13213	0.01222	0.01273	0.00869	0.00544	0.00495	0.00145	0.00590	0.00423	0.00402	0.21086
3	0.00779	0.00528	0.00625	0.00625	0.00639	0.00542	0.00375	0.00806	0.00792	0.01070	0.01655	0.03311	0.01864	0.70061	0.13687	0.00570	0.00652	0.00751	0.00320	0.00347
4	0.01345	0.00601	0.00683	0.00611	0.00807	0.00571	0.00476	0.01585	0.01226	0.20618	0.01841	0.01959	0.01364	0.00635	0.00415	0.00135	0.00301	0.00510	0.63716	0.00601
5	0.00773	0.00576	0.00797	0.00806	0.00863	0.00647	0.00586	0.00898	0.00869	0.01221	0.01719	0.15870	0.01831	0.21817	0.43295	0.00637	0.05243	0.00781	0.00330	0.00441
6	0.01199	0.01143	0.01945	0.34763	0.47330	0.01241	0.01583	0.01534	0.01161	0.01597	0.00987	0.01371	0.00795	0.00502	0.00534	0.00167	0.00670	0.00478	0.00255	0.00746
7	0.01267	0.01448	0.03167	0.02262	0.02805	0.01357	0.75837	0.01719	0.01267	0.01719	0.01086	0.01448	0.00814	0.00452	0.00633	0.00181	0.00905	0.00633	0.00271	0.00724
8	0.00781	0.00520	0.00585	0.00585	0.00585	0.00520	0.00325	0.00781	0.00781	0.01041	0.01691	0.03513	0.01952	0.81135	0.02732	0.00520	0.00520	0.00781	0.00325	0.00325
9	0.01302	0.56712	0.10244	0.00956	0.01387	0.04411	0.00962	0.01534	0.01183	0.01462	0.13919	0.01432	0.01438	0.00577	0.00416	0.00131	0.00555	0.00418	0.00293	0.00666
10	0.01286	0.15189	0.21044	0.06411	0.22381	0.04862	0.06516	0.03146	0.01195	0.03752	0.01053	0.01365	0.00860	0.00777	0.06245	0.00210	0.00753	0.01941	0.00272	0.00744

[dist]
# distance from previous block
# <min> <max>
7	10

[block]
# block no. 1 follows, 45 sequences, length 17
# corresponding to MSA columns:
# 389-405
name=unknown_B
#
# <colnr> <probs for GDERKNQSTAVLIFYWHMCP>
#	G	D	E	R	K	N	Q	S	T	A	V	L	I	F	Y	W	H	M	C	P
0	0.00788	0.00560	0.00753	0.00781	0.00893	0.00586	0.00614	0.00987	0.01061	0.01499	0.07651	0.09259	0.10945	0.02467	0.35012	0.00487	0.00822	0.13694	0.10661	0.00480
1	0.03932	0.28617	0.07308	0.01070	0.01510	0.04019	0.00974	0.20718	0.15221	0.02091	0.01183	0.01224	0.00925	0.00557	0.00451	0.00142	0.00558	0.00408	0.00378	0.08716
2	0.01286	0.01211	0.01967	0.02797	0.62564	0.01164	0.01446	0.01589	0.01201	0.01753	0.00999	0.01286	0.00839	0.00462	0.00505	0.00144	0.00590	0.00446	0.00276	0.17475
3	0.01226	0.12485	0.33847	0.01607	0.13694	0.08495	0.01464	0.01621	0.02520	0.01546	0.01115	0.01375	0.03249	0.03348	0.03559	0.00201	0.07228	0.00443	0.00258	0.00719
4	0.03950	0.09085	0.26589	0.01445	0.07123	0.01304	0.07311	0.09137	0.07865	0.04596	0.01432	0.04722	0.03589	0.00682	0.00601	0.00175	0.05147	0.04158	0.00344	0.00745
5	0.00781	0.00520	0.00585	0.00585	0.00585	0.00520	0.00325	0.00781	0.00781	0.01041	0.01691	0.03513	0.01952	0.81135	0.02732	0.00520	0.00520	0.00781	0.00325	0.00325
6	0.00701	0.00518	0.00666	0.00757	0.00841	0.00482	0.00560	0.00845	0.01136	0.01481	0.07792	0.46699	0.16945	0.01547	0.00685	0.00215	0.00340	0.16833	0.00503	0.00456
7	0.01322	0.12196	0.20635	0.10950	0.14959	0.07734	0.07711	0.01671	0.01216	0.07712	0.01380	0.02813	0.06219	0.00591	0.00517	0.00162	0.00681	0.00503	0.00302	0.00726
8	0.01348	0.01671	0.16081	0.04776	0.43385	0.07386	0.11079	0.04677	0.01283	0.01760	0.01006	0.01281	0.00801	0.00495	0.00537	0.00163	0.00726	0.00473	0.00270	0.00801
9	0.00791	0.00540	0.00699	0.00699	0.00814	0.00494	0.00509	0.00985	0.01350	0.05213	0.46195	0.26857	0.10284	0.01273	0.00645	0.00184	0.00281	0.01130	0.00559	0.00499
10	0.01599	0.01885	0.01555	0.16717	0.02003	0.45345	0.03723	0.01796	0.01315	0.01385	0.03242	0.01232	0.00860	0.00619	0.00677	0.00162	0.11828	0.00423	0.03028	0.00608
11	0.01403	0.05599	0.44375	0.01564	0.08124	0.10738	0.01600	0.11366	0.01371	0.04809	0.01020	0.01166	0.00752	0.00548	0.00547	0.00164	0.03361	0.00412	0.00293	0.00786
12	0.00793	0.00610	0.00804	0.08090	0.01105	0.00634	0.00630	0.03371	0.01116	0.01491	0.08700	0.29912	0.14904	0.08059	0.10126	0.00303	0.02930	0.03570	0.02374	0.00479
13	0.00733	0.00538	0.00616	0.00628	0.00758	0.00475	0.00448	0.00866	0.01191	0.04149	0.15011	0.21916	0.40204	0.08991	0.00843	0.00220	0.00308	0.01144	0.00501	0.00461
14	0.01364	0.04051	0.05231	0.13776	0.24012	0.05127	0.11487	0.01731	0.04815	0.11306	0.01603	0.01904	0.06894	0.00633	0.00555	0.00170	0.00641	0.03611	0.00351	0.00737
15	0.01393	0.05919	0.18273	0.13227	0.08920	0.05694	0.10213	0.19403	0.01496	0.02013	0.01156	0.04800	0.00925	0.00592	0.00530	0.00165	0.00690	0.00510	0.03334	0.00748
16	0.25972	0.08845	0.10462	0.07238	0.23988	0.10531	0.02558	0.01670	0.01135	0.01816	0.00879	0.01096	0.00708	0.00499	0.00450	0.00158	0.00634	0.00383	0.00277	0.00703

[dist]
# distance from previous block
# <min> <max>
0	2

[block]
# block no. 2 follows, 45 sequences, length 37
# corresponding to MSA columns:
# 408-437,454-460
name=unknown_C
#
# <colnr> <probs for GDERKNQSTAVLIFYWHMCP>
#	G	D	E	R	K	N	Q	S	T	A	V	L	I	F	Y	W	H	M	C	P
0	0.03543	0.00720	0.00823	0.00724	0.00966	0.00651	0.00556	0.04440	0.01226	0.10567	0.03152	0.12461	0.31202	0.04016	0.02612	0.00193	0.02425	0.00847	0.03882	0.14992
1	0.01231	0.01464	0.15757	0.02384	0.45109	0.01194	0.01476	0.01748	0.10758	0.01835	0.06782	0.01565	0.01227	0.00557	0.00531	0.00161	0.00599	0.00508	0.00320	0.04792
2	0.00715	0.00505	0.00646	0.00690	0.00745	0.00477	0.00464	0.00841	0.01137	0.01557	0.27097	0.39342	0.03709	0.18257	0.01100	0.00266	0.00336	0.01187	0.00492	0.00436
3	0.01046	0.00709	0.00901	0.06591	0.01139	0.00711	0.00641	0.07240	0.05249	0.08705	0.40136	0.09068	0.05389	0.09103	0.00822	0.00209	0.00373	0.00866	0.00529	0.00574
4	0.02828	0.36612	0.07525	0.01028	0.01514	0.03512	0.05589	0.05125	0.01189	0.01609	0.00881	0.01025	0.00740	0.00454	0.00405	0.00115	0.00560	0.00338	0.00279	0.28670
5	0.84927	0.01038	0.00789	0.00706	0.01038	0.01204	0.00581	0.01578	0.00914	0.02408	0.00747	0.00872	0.00581	0.00498	0.00332	0.00166	0.00415	0.00291	0.00332	0.00581
6	0.00767	0.00575	0.00863	0.00863	0.00959	0.00671	0.00671	0.00959	0.00863	0.01246	0.01438	0.02109	0.01342	0.04026	0.79008	0.00863	0.01438	0.00575	0.00288	0.00479
7	0.02408	0.00914	0.01246	0.00955	0.01370	0.00789	0.00789	0.02616	0.01536	0.78158	0.02118	0.01827	0.01329	0.00664	0.00540	0.00166	0.00457	0.00540	0.00664	0.00914
8	0.13839	0.11026	0.07949	0.00898	0.01374	0.01090	0.00812	0.07965	0.01205	0.01927	0.00928	0.01063	0.00750	0.00451	0.00403	0.00112	0.00473	0.00331	0.00321	0.47083
9	0.00781	0.00520	0.00585	0.00585	0.00585	0.00520	0.00325	0.00781	0.00781	0.01041	0.01691	0.03513	0.01952	0.81135	0.02732	0.00520	0.00520	0.00781	0.00325	0.00325
10	0.01001	0.00500	0.00500	0.00500	0.00625	0.00500	0.00375	0.01251	0.01126	0.02001	0.01751	0.02001	0.01376	0.00625	0.00375	0.00125	0.00250	0.00500	0.84115	0.00500
11	0.01286	0.01232	0.02103	0.13542	0.67869	0.01264	0.01626	0.01610	0.01202	0.01703	0.01002	0.01342	0.00832	0.00486	0.00532	0.00162	0.00648	0.00478	0.00262	0.00816
12	0.01174	0.01174	0.01644	0.01409	0.01409	0.01644	0.01174	0.01292	0.00822	0.01292	0.00705	0.01174	0.00705	0.00940	0.01762	0.00235	0.80153	0.00470	0.00235	0.00587
13	0.00642	0.00513	0.00575	0.00625	0.00746	0.00446	0.00444	0.00761	0.01146	0.01418	0.04451	0.35277	0.48095	0.01488	0.00655	0.00196	0.00288	0.01289	0.00498	0.00446
14	0.00769	0.00527	0.00619	0.00623	0.00643	0.00533	0.00377	0.00801	0.00817	0.01094	0.01862	0.05720	0.05236	0.65784	0.11961	0.00539	0.00616	0.00793	0.00333	0.00353
15	0.00691	0.00543	0.00625	0.00611	0.00762	0.00476	0.00456	0.00878	0.01347	0.01760	0.37502	0.07962	0.41958	0.01257	0.00636	0.00177	0.00265	0.01078	0.00540	0.00476
16	0.01161	0.03925	0.39419	0.05264	0.12581	0.03954	0.01503	0.01600	0.01151	0.01680	0.00957	0.01157	0.00736	0.00478	0.00480	0.00143	0.00666	0.00387	0.00258	0.22501
17	0.02005	0.02558	0.01521	0.01383	0.01659	0.78980	0.01037	0.02143	0.01521	0.01314	0.00830	0.00968	0.00691	0.00553	0.00484	0.00138	0.00968	0.00346	0.00277	0.00622
18	0.00780	0.00523	0.00598	0.00598	0.00602	0.00527	0.00340	0.00788	0.00784	0.01050	0.01680	0.03451	0.01925	0.77748	0.06083	0.00535	0.00561	0.00772	0.00324	0.00332
19	0.01258	0.01072	0.01147	0.01037	0.01316	0.01224	0.00804	0.02606	0.66737	0.02233	0.12267	0.02271	0.02097	0.00778	0.00558	0.00180	0.00402	0.00656	0.00552	0.00804
20	0.09265	0.30311	0.31369	0.04321	0.03774	0.05970	0.04941	0.01668	0.01126	0.01580	0.00865	0.01034	0.00686	0.00491	0.00440	0.00149	0.00688	0.00361	0.00244	0.00717
21	0.02279	0.00912	0.01224	0.00947	0.01343	0.00805	0.00779	0.05503	0.01576	0.69812	0.07331	0.01957	0.01572	0.00694	0.00546	0.00166	0.00448	0.00568	0.00654	0.00885
22	0.01142	0.00995	0.01297	0.08893	0.16160	0.01095	0.00979	0.01980	0.36760	0.01884	0.04736	0.18112	0.01917	0.00872	0.00574	0.00184	0.00464	0.00772	0.00455	0.00728
23	0.01077	0.00791	0.00949	0.00808	0.01056	0.02901	0.04282	0.04598	0.04924	0.07550	0.21472	0.06126	0.17157	0.00899	0.00550	0.00155	0.00369	0.00769	0.11764	0.11803
24	0.31855	0.05905	0.25006	0.01117	0.01625	0.01392	0.01152	0.22167	0.01435	0.02399	0.00963	0.01067	0.00709	0.00540	0.00444	0.00163	0.00588	0.00376	0.00351	0.00744
25	0.01476	0.00941	0.01085	0.00930	0.01211	0.00982	0.00727	0.11185	0.25003	0.20088	0.05968	0.02489	0.10656	0.08345	0.06219	0.00253	0.00506	0.00669	0.00531	0.00736
26	0.00682	0.00521	0.00629	0.00679	0.00789	0.00468	0.00495	0.00830	0.01202	0.01556	0.17114	0.34178	0.30523	0.01446	0.00662	0.00198	0.00301	0.06754	0.00515	0.00459
27	0.01101	0.01974	0.43746	0.03568	0.05699	0.01049	0.01453	0.01559	0.01128	0.01712	0.00962	0.01144	0.00732	0.00467	0.00470	0.00136	0.00637	0.00374	0.00263	0.31826
28	0.00634	0.00544	0.00544	0.00544	0.00725	0.00453	0.00408	0.00770	0.01224	0.01450	0.05438	0.05166	0.77569	0.01359	0.00634	0.00181	0.00272	0.01133	0.00498	0.00453
29	0.01552	0.01607	0.01313	0.01186	0.01481	0.26425	0.00910	0.02623	0.52486	0.01944	0.01747	0.01668	0.01333	0.00672	0.00526	0.00168	0.00600	0.00522	0.00459	0.00776
30	0.01619	0.09908	0.11342	0.03849	0.05329	0.25030	0.01085	0.09487	0.01434	0.08235	0.02918	0.01217	0.00901	0.00540	0.00476	0.00138	0.00684	0.00398	0.00338	0.15072
31	0.01334	0.18289	0.26596	0.02021	0.27924	0.09017	0.04240	0.01707	0.01198	0.01592	0.00926	0.01140	0.00746	0.00491	0.00485	0.00152	0.00716	0.00406	0.00247	0.00772
32	0.02005	0.02558	0.01521	0.01383	0.01659	0.78980	0.01037	0.02143	0.01521	0.01314	0.00830	0.00968	0.00691	0.00553	0.00484	0.00138	0.00968	0.00346	0.00277	0.00622
33	0.01057	0.01770	0.36849	0.27085	0.04382	0.01144	0.01570	0.04738	0.01205	0.01672	0.04990	0.01805	0.04972	0.00639	0.00543	0.00176	0.00689	0.03735	0.00288	0.00691
34	0.08216	0.16834	0.03043	0.05181	0.09330	0.01566	0.02242	0.07457	0.02455	0.04387	0.00951	0.03210	0.00837	0.00711	0.00956	0.00184	0.31012	0.00455	0.00297	0.00678
35	0.00714	0.00542	0.00735	0.00812	0.00859	0.00563	0.00580	0.00829	0.01008	0.01361	0.02697	0.59023	0.06068	0.01901	0.10622	0.00300	0.06369	0.04110	0.00452	0.00456
36	0.00644	0.00507	0.00581	0.00640	0.00750	0.00445	0.00451	0.00759	0.01131	0.01412	0.04262	0.41039	0.42455	0.01512	0.00658	0.00199	0.00291	0.01319	0.00498	0.00445

[dist]
# distance from previous block
# <min> <max>
0	19

[block]
# block no. 3 follows, 45 sequences, length 24
# corresponding to MSA columns:
# 480-483,489-508
name=unknown_D
#
# <colnr> <probs for GDERKNQSTAVLIFYWHMCP>
#	G	D	E	R	K	N	Q	S	T	A	V	L	I	F	Y	W	H	M	C	P
0	0.01197	0.01153	0.01998	0.34464	0.43655	0.01246	0.05455	0.01539	0.01164	0.01596	0.00991	0.01377	0.00793	0.00501	0.00539	0.00168	0.00683	0.00486	0.00255	0.00740
1	0.01612	0.01291	0.01370	0.01148	0.01501	0.01465	0.00917	0.31571	0.47648	0.02692	0.01833	0.01722	0.01354	0.00695	0.00543	0.00174	0.00490	0.00558	0.00543	0.00874
2	0.50769	0.33940	0.01617	0.00793	0.01177	0.01581	0.00719	0.01590	0.00986	0.01940	0.00747	0.00868	0.00625	0.00482	0.00337	0.00145	0.00480	0.00289	0.00290	0.00625
3	0.00767	0.00575	0.00863	0.00863	0.00959	0.00671	0.00671	0.00959	0.00863	0.01246	0.01438	0.02109	0.01342	0.04026	0.79008	0.00863	0.01438	0.00575	0.00288	0.00479
4	0.00664	0.00529	0.00596	0.00614	0.00752	0.00461	0.00447	0.00816	0.01244	0.01579	0.19805	0.20743	0.47111	0.01373	0.00645	0.00186	0.00276	0.01182	0.00518	0.00461
5	0.02151	0.01222	0.01453	0.04842	0.01634	0.01263	0.00942	0.40705	0.02028	0.35644	0.01632	0.01528	0.01083	0.00648	0.00538	0.00164	0.00539	0.00507	0.00578	0.00898
6	0.01014	0.00954	0.01610	0.79845	0.03697	0.01193	0.01491	0.01371	0.01073	0.01371	0.00954	0.01431	0.00716	0.00537	0.00537	0.00179	0.00716	0.00477	0.00239	0.00596
7	0.01093	0.00998	0.01497	0.55235	0.05280	0.01205	0.01302	0.01731	0.19743	0.01627	0.04054	0.01663	0.01106	0.00603	0.00542	0.00179	0.00625	0.00527	0.00328	0.00663
8	0.01407	0.32537	0.11137	0.01290	0.11339	0.01460	0.01070	0.06074	0.01234	0.06957	0.00982	0.01105	0.00791	0.00479	0.00426	0.00125	0.00560	0.00361	0.00303	0.20361
9	0.01544	0.02154	0.20432	0.03990	0.11724	0.34036	0.01330	0.02069	0.14373	0.01628	0.01124	0.01248	0.00873	0.00563	0.00509	0.00158	0.00781	0.00425	0.00308	0.00732
10	0.01077	0.02777	0.78354	0.01530	0.02323	0.01247	0.01983	0.01700	0.01133	0.01700	0.00963	0.01133	0.00680	0.00510	0.00510	0.00170	0.00793	0.00397	0.00227	0.00793
11	0.00656	0.00476	0.00620	0.00730	0.00775	0.00440	0.00492	0.00758	0.01059	0.01403	0.05738	0.72574	0.09021	0.01638	0.00680	0.00214	0.00307	0.01478	0.00502	0.00440
12	0.01225	0.00951	0.01125	0.00809	0.01281	0.00722	0.00649	0.01461	0.01150	0.08378	0.01055	0.01175	0.00841	0.00421	0.00410	0.00087	0.00403	0.00337	0.00348	0.77172
13	0.00760	0.00549	0.00718	0.00675	0.00802	0.00506	0.00506	0.01013	0.01519	0.02153	0.77503	0.04010	0.05065	0.01097	0.00633	0.00169	0.00253	0.00971	0.00591	0.00506
14	0.00654	0.00467	0.00623	0.00747	0.00779	0.00436	0.00498	0.00747	0.01028	0.01370	0.02959	0.80785	0.03550	0.01682	0.00685	0.00218	0.00311	0.01526	0.00498	0.00436
15	0.01412	0.01031	0.01121	0.00942	0.01247	0.01087	0.00750	0.26463	0.18828	0.08375	0.09242	0.02796	0.22615	0.00901	0.00574	0.00172	0.00426	0.00737	0.00543	0.00737
16	0.01014	0.00954	0.01610	0.79845	0.03697	0.01193	0.01491	0.01371	0.01073	0.01371	0.00954	0.01431	0.00716	0.00537	0.00537	0.00179	0.00716	0.00477	0.00239	0.00596
17	0.00932	0.00466	0.00699	0.00699	0.00699	0.00466	0.00466	0.00699	0.00699	0.00932	0.00932	0.01632	0.00932	0.01865	0.02098	0.84382	0.00466	0.00466	0.00233	0.00233
18	0.00717	0.00516	0.00586	0.00611	0.00666	0.00486	0.00387	0.00777	0.00962	0.01240	0.04777	0.20027	0.21347	0.42579	0.01727	0.00364	0.00408	0.01029	0.00411	0.00385
19	0.01418	0.01144	0.01260	0.05647	0.01497	0.03878	0.00799	0.24568	0.01565	0.02240	0.01122	0.01258	0.00873	0.00508	0.00450	0.00117	0.00485	0.00396	0.07571	0.43205
20	0.01371	0.01120	0.01777	0.08410	0.46850	0.01137	0.01353	0.07544	0.01329	0.08884	0.01428	0.08250	0.01279	0.00688	0.00561	0.00173	0.00586	0.06122	0.00358	0.00781
21	0.01660	0.11233	0.01934	0.04649	0.29197	0.04018	0.01240	0.25527	0.01634	0.08279	0.01133	0.01283	0.00872	0.00570	0.00568	0.00159	0.04385	0.00456	0.00378	0.00827
22	0.01378	0.40580	0.01964	0.01029	0.04882	0.01513	0.00860	0.06994	0.03063	0.07702	0.04656	0.07521	0.01289	0.00914	0.06404	0.00197	0.03330	0.00504	0.04542	0.00678
23	0.00917	0.00641	0.00830	0.00814	0.04724	0.00573	0.00578	0.01149	0.01426	0.07710	0.50171	0.03695	0.16551	0.01027	0.00604	0.00164	0.00302	0.00893	0.00544	0.06687

[dist]
# distance from previous block
# <min> <max>
2	6

[block]
# block no. 4 follows, 45 sequences, length 26
# corresponding to MSA columns:
# 515-540
name=unknown_E
#
# <colnr> <probs for GDERKNQSTAVLIFYWHMCP>
#	G	D	E	R	K	N	Q	S	T	A	V	L	I	F	Y	W	H	M	C	P
0	0.00835	0.00770	0.00724	0.00752	0.00885	0.09642	0.00540	0.01011	0.03974	0.01470	0.07797	0.35362	0.31544	0.01359	0.00634	0.00191	0.00374	0.01173	0.00479	0.00483
1	0.05384	0.00922	0.03994	0.03850	0.17368	0.00894	0.00941	0.03968	0.06399	0.01767	0.09016	0.10972	0.15733	0.01017	0.00642	0.00190	0.03318	0.12581	0.00425	0.00619
2	0.01204	0.01261	0.07515	0.18949	0.42710	0.01155	0.01457	0.01540	0.01164	0.01668	0.00984	0.01297	0.00799	0.00478	0.00507	0.00150	0.00623	0.00443	0.00266	0.15828
3	0.02374	0.00968	0.01280	0.00981	0.01398	0.00870	0.00810	0.09421	0.01628	0.71224	0.02041	0.01777	0.01290	0.00663	0.00540	0.00166	0.00469	0.00535	0.00653	0.00913
4	0.01405	0.04335	0.05971	0.07533	0.48119	0.04251	0.05564	0.03587	0.01269	0.08066	0.01162	0.04261	0.00959	0.00548	0.00534	0.00163	0.00648	0.00514	0.00310	0.00801
5	0.00769	0.00568	0.00825	0.00825	0.00908	0.00651	0.00624	0.00935	0.00852	0.01218	0.01472	0.02298	0.01424	0.14400	0.68746	0.00817	0.01314	0.00603	0.00293	0.00459
6	0.00654	0.00467	0.00623	0.00747	0.00779	0.00436	0.00498	0.00747	0.01028	0.01370	0.02959	0.80785	0.03550	0.01682	0.00685	0.00218	0.00311	0.01526	0.00498	0.00436
7	0.01435	0.81458	0.02813	0.00918	0.01378	0.02124	0.00918	0.01607	0.01091	0.01263	0.00746	0.00861	0.00689	0.00459	0.00344	0.00115	0.00574	0.00287	0.00230	0.00689
8	0.00668	0.00495	0.00624	0.00698	0.00773	0.00451	0.00483	0.00795	0.01145	0.01514	0.15700	0.54251	0.17386	0.01526	0.00667	0.00203	0.00295	0.01362	0.00514	0.00451
9	0.00634	0.00544	0.00544	0.00544	0.00725	0.00453	0.00408	0.00770	0.01224	0.01450	0.05438	0.05166	0.77569	0.01359	0.00634	0.00181	0.00272	0.01133	0.00498	0.00453
10	0.00654	0.00467	0.00623	0.00747	0.00779	0.00436	0.00498	0.00747	0.01028	0.01370	0.02959	0.80785	0.03550	0.01682	0.00685	0.00218	0.00311	0.01526	0.00498	0.00436
11	0.00767	0.00575	0.00863	0.00863	0.00959	0.00671	0.00671	0.00959	0.00863	0.01246	0.01438	0.02109	0.01342	0.04026	0.79008	0.00863	0.01438	0.00575	0.00288	0.00479
12	0.02041	0.01504	0.01611	0.01235	0.01665	0.01665	0.01020	0.75997	0.02524	0.03383	0.01289	0.01289	0.00913	0.00644	0.00537	0.00161	0.00591	0.00483	0.00537	0.00913
13	0.01086	0.01028	0.01741	0.62284	0.20694	0.01212	0.01527	0.01435	0.01108	0.01459	0.00967	0.01408	0.00746	0.00523	0.00535	0.00174	0.00698	0.00477	0.00245	0.00655
14	0.01125	0.13412	0.68143	0.01447	0.02195	0.01365	0.01839	0.01687	0.01128	0.01641	0.00934	0.01097	0.00681	0.00503	0.00488	0.00163	0.00764	0.00382	0.00227	0.00779
15	0.01267	0.01448	0.03167	0.02262	0.02805	0.01357	0.75837	0.01719	0.01267	0.01719	0.01086	0.01448	0.00814	0.00452	0.00633	0.00181	0.00905	0.00633	0.00271	0.00724
16	0.00727	0.00538	0.00593	0.00591	0.00743	0.00478	0.00445	0.00910	0.01276	0.01707	0.22630	0.07370	0.43292	0.01203	0.00601	0.00173	0.00272	0.03232	0.12743	0.00474
17	0.01304	0.09539	0.35827	0.01114	0.01649	0.01047	0.01249	0.01678	0.01239	0.18549	0.02236	0.02196	0.18657	0.00736	0.00529	0.00166	0.00576	0.00588	0.00387	0.00731
18	0.01318	0.01265	0.02160	0.05803	0.75359	0.01273	0.01642	0.01638	0.01217	0.01741	0.01008	0.01332	0.00846	0.00480	0.00532	0.00160	0.00640	0.00478	0.00265	0.00842
19	0.01077	0.02777	0.78354	0.01530	0.02323	0.01247	0.01983	0.01700	0.01133	0.01700	0.00963	0.01133	0.00680	0.00510	0.00510	0.00170	0.00793	0.00397	0.00227	0.00793
20	0.04366	0.02045	0.04392	0.04193	0.01650	0.48845	0.01012	0.10577	0.03781	0.05730	0.01262	0.01359	0.04902	0.00713	0.02730	0.00170	0.00824	0.00433	0.00346	0.00670
21	0.01608	0.06732	0.08775	0.06080	0.25625	0.07596	0.09660	0.04341	0.03772	0.18663	0.01272	0.01401	0.00934	0.00541	0.00528	0.00161	0.00660	0.00483	0.00366	0.00804
22	0.04243	0.01562	0.29137	0.01118	0.01641	0.00948	0.01179	0.02070	0.03307	0.38296	0.01997	0.01891	0.08848	0.00676	0.00532	0.00169	0.00558	0.00542	0.00475	0.00811
23	0.01064	0.01097	0.10504	0.10023	0.01647	0.00998	0.01067	0.01791	0.26310	0.01803	0.02181	0.03586	0.02045	0.01007	0.00625	0.00208	0.00533	0.32401	0.00450	0.00660
24	0.06896	0.04494	0.01880	0.02080	0.30579	0.23367	0.07250	0.06374	0.07109	0.03371	0.01068	0.01249	0.00853	0.00531	0.00509	0.00156	0.00714	0.00446	0.00318	0.00758
25	0.09032	0.01535	0.12830	0.01299	0.09042	0.15591	0.01030	0.03583	0.17997	0.01846	0.01652	0.05880	0.05867	0.00699	0.00527	0.00165	0.02043	0.00551	0.08138	0.00692

[dist]
# distance from previous block
# <min> <max>
3	11

[block]
# block no. 5 follows, 45 sequences, length 61
# corresponding to MSA columns:
# 572-632
name=unknown_F
#
# <colnr> <probs for GDERKNQSTAVLIFYWHMCP>
#	G	D	E	R	K	N	Q	S	T	A	V	L	I	F	Y	W	H	M	C	P
0	0.01238	0.05530	0.09308	0.02796	0.20733	0.07318	0.01114	0.04376	0.05166	0.01749	0.06711	0.01722	0.07077	0.00625	0.00567	0.00147	0.04647	0.00507	0.00335	0.18332
1	0.01596	0.03799	0.03356	0.01196	0.04752	0.05332	0.00942	0.32892	0.09595	0.07665	0.01460	0.01721	0.01163	0.03735	0.16092	0.00313	0.00753	0.02428	0.00447	0.00764
2	0.01690	0.23168	0.05873	0.01274	0.05573	0.19716	0.03010	0.05781	0.06612	0.14223	0.01219	0.03612	0.00971	0.00606	0.00537	0.00152	0.04442	0.00446	0.00362	0.00736
3	0.01018	0.00757	0.00926	0.00834	0.03886	0.00716	0.00614	0.01238	0.01087	0.01739	0.06620	0.01821	0.01380	0.05096	0.07529	0.00207	0.06938	0.00486	0.26758	0.30351
4	0.01306	0.43346	0.11998	0.00962	0.01358	0.01466	0.00944	0.01522	0.01129	0.09519	0.01447	0.20013	0.01436	0.00779	0.00468	0.00152	0.00528	0.00623	0.00339	0.00666
5	0.00822	0.00536	0.00790	0.00790	0.00848	0.00594	0.00580	0.00862	0.00804	0.01130	0.01291	0.02052	0.01251	0.08714	0.48660	0.28005	0.01058	0.00554	0.00272	0.00388
6	0.01306	0.00960	0.01142	0.00984	0.01208	0.01070	0.00773	0.32581	0.01553	0.02120	0.01408	0.01946	0.01241	0.12677	0.35946	0.00522	0.00961	0.00563	0.00398	0.00642
7	0.00652	0.00542	0.00570	0.00568	0.00737	0.00460	0.00424	0.00803	0.01259	0.01545	0.15382	0.07167	0.65377	0.01332	0.00636	0.00181	0.00270	0.01122	0.00511	0.00460
8	0.00660	0.00545	0.00579	0.00571	0.00741	0.00464	0.00428	0.00820	0.01284	0.01593	0.20144	0.04930	0.62773	0.01306	0.00634	0.00179	0.00268	0.01100	0.00517	0.00464
9	0.01824	0.01194	0.01299	0.01024	0.01378	0.01284	0.00837	0.49741	0.02074	0.11077	0.01491	0.01522	0.01071	0.00642	0.00498	0.00153	0.00493	0.00494	0.21094	0.00812
10	0.00656	0.00545	0.00574	0.00567	0.00739	0.00462	0.00425	0.00813	0.01275	0.01573	0.18047	0.04964	0.64883	0.01314	0.00634	0.00179	0.00269	0.01105	0.00515	0.00462
11	0.01289	0.01225	0.02077	0.03112	0.72405	0.01222	0.01568	0.01603	0.01243	0.01782	0.06357	0.01516	0.01145	0.00522	0.00539	0.00160	0.00611	0.00513	0.00288	0.00826
12	0.01621	0.00914	0.01143	0.00858	0.01288	0.00732	0.00692	0.01839	0.01282	0.33000	0.01529	0.05315	0.01149	0.00570	0.00470	0.00122	0.00418	0.00468	0.00469	0.46124
13	0.01224	0.01379	0.02990	0.02157	0.02664	0.01293	0.70570	0.01652	0.01250	0.01695	0.01217	0.06994	0.01006	0.00538	0.00637	0.00184	0.00863	0.00696	0.00287	0.00704
14	0.01834	0.26577	0.01922	0.01231	0.01574	0.50107	0.01000	0.07143	0.01460	0.01443	0.00836	0.00958	0.00706	0.00531	0.00445	0.00133	0.00821	0.00337	0.00280	0.00663
15	0.01017	0.07643	0.50326	0.01254	0.01827	0.01124	0.01493	0.01491	0.01211	0.01749	0.18301	0.01915	0.04583	0.00684	0.00569	0.00168	0.03076	0.00548	0.00319	0.00702
16	0.01394	0.45541	0.06537	0.03494	0.05480	0.04521	0.01001	0.05118	0.01209	0.03711	0.01020	0.01365	0.00908	0.00547	0.00424	0.00132	0.00578	0.05497	0.00290	0.11232
17	0.00946	0.00824	0.01009	0.01004	0.03892	0.06286	0.00720	0.01072	0.00893	0.01220	0.01330	0.02239	0.01344	0.24735	0.36482	0.00586	0.14058	0.00596	0.00288	0.00478
18	0.01155	0.02674	0.72148	0.01506	0.02270	0.01280	0.01905	0.07708	0.01246	0.01836	0.00990	0.01146	0.00699	0.00521	0.00512	0.00169	0.00777	0.00404	0.00252	0.00803
19	0.00717	0.00551	0.00716	0.06260	0.01007	0.00540	0.00573	0.00916	0.04811	0.01479	0.08311	0.55465	0.13707	0.01469	0.00657	0.00205	0.00336	0.01314	0.00489	0.00475
20	0.01113	0.00954	0.01113	0.00795	0.01272	0.00716	0.00636	0.01352	0.01113	0.01749	0.00954	0.01113	0.00795	0.00398	0.00398	0.00080	0.00398	0.00318	0.00318	0.84417
21	0.00865	0.00618	0.00865	0.00989	0.01112	0.00618	0.00865	0.01112	0.01236	0.01606	0.02842	0.06055	0.03089	0.01483	0.00741	0.00247	0.00494	0.74174	0.00494	0.00494
22	0.01304	0.01258	0.10220	0.01038	0.01334	0.09337	0.00883	0.03621	0.24095	0.10987	0.07399	0.20226	0.04134	0.00938	0.00575	0.00181	0.00492	0.00796	0.00484	0.00697
23	0.01113	0.00954	0.01113	0.00795	0.01272	0.00716	0.00636	0.01352	0.01113	0.01749	0.00954	0.01113	0.00795	0.00398	0.00398	0.00080	0.00398	0.00318	0.00318	0.84417
24	0.00634	0.00544	0.00544	0.00544	0.00725	0.00453	0.00408	0.00770	0.01224	0.01450	0.05438	0.05166	0.77569	0.01359	0.00634	0.00181	0.00272	0.01133	0.00498	0.00453
25	0.01335	0.01153	0.01214	0.01092	0.01396	0.01335	0.00850	0.02852	0.76817	0.02245	0.02185	0.02003	0.01639	0.00728	0.00546	0.00182	0.00425	0.00607	0.00546	0.00850
26	0.00790	0.00592	0.00761	0.00839	0.00980	0.00563	0.00709	0.01004	0.01247	0.01588	0.07460	0.05683	0.25543	0.01426	0.00704	0.00223	0.00415	0.48490	0.00501	0.00483
27	0.00742	0.00526	0.00704	0.00814	0.00874	0.00509	0.00608	0.00879	0.01074	0.01417	0.02780	0.46158	0.03214	0.10273	0.00928	0.00261	0.00398	0.26918	0.00478	0.00444
28	0.01014	0.00954	0.01610	0.79845	0.03697	0.01193	0.01491	0.01371	0.01073	0.01371	0.00954	0.01431	0.00716	0.00537	0.00537	0.00179	0.00716	0.00477	0.00239	0.00596
29	0.02005	0.02558	0.01521	0.01383	0.01659	0.78980	0.01037	0.02143	0.01521	0.01314	0.00830	0.00968	0.00691	0.00553	0.00484	0.00138	0.00968	0.00346	0.00277	0.00622
30	0.01638	0.01086	0.01223	0.01054	0.01389	0.01181	0.00833	0.02786	0.55590	0.23651	0.02166	0.01953	0.01551	0.00710	0.00544	0.00178	0.00434	0.00588	0.00580	0.00868
31	0.00684	0.00493	0.00655	0.00773	0.00825	0.00464	0.00548	0.00802	0.01068	0.01409	0.03063	0.66093	0.07115	0.01637	0.00691	0.00220	0.00336	0.12182	0.00498	0.00445
32	0.00634	0.00544	0.00544	0.00544	0.00725	0.00453	0.00408	0.00770	0.01224	0.01450	0.05438	0.05166	0.77569	0.01359	0.00634	0.00181	0.00272	0.01133	0.00498	0.00453
33	0.01287	0.08526	0.39505	0.01309	0.01880	0.01389	0.01433	0.09561	0.25757	0.02011	0.01374	0.01408	0.01014	0.00590	0.00511	0.00169	0.00636	0.00464	0.00362	0.00815
34	0.01086	0.02708	0.74488	0.01568	0.02348	0.01252	0.05780	0.01701	0.01140	0.01701	0.00970	0.01149	0.00687	0.00507	0.00516	0.00171	0.00799	0.00409	0.00229	0.00790
35	0.84927	0.01038	0.00789	0.00706	0.01038	0.01204	0.00581	0.01578	0.00914	0.02408	0.00747	0.00872	0.00581	0.00498	0.00332	0.00166	0.00415	0.00291	0.00332	0.00581
36	0.84927	0.01038	0.00789	0.00706	0.01038	0.01204	0.00581	0.01578	0.00914	0.02408	0.00747	0.00872	0.00581	0.00498	0.00332	0.00166	0.00415	0.00291	0.00332	0.00581
37	0.02041	0.01504	0.01611	0.01235	0.01665	0.01665	0.01020	0.75997	0.02524	0.03383	0.01289	0.01289	0.00913	0.00644	0.00537	0.00161	0.00591	0.00483	0.00537	0.00913
38	0.84927	0.01038	0.00789	0.00706	0.01038	0.01204	0.00581	0.01578	0.00914	0.02408	0.00747	0.00872	0.00581	0.00498	0.00332	0.00166	0.00415	0.00291	0.00332	0.00581
39	0.00734	0.00548	0.00681	0.00648	0.00786	0.00495	0.00486	0.00962	0.01458	0.02006	0.62504	0.04250	0.20156	0.01152	0.00633	0.00171	0.00257	0.01005	0.00572	0.00495
40	0.06796	0.01280	0.01321	0.05297	0.01535	0.10852	0.00865	0.15405	0.03730	0.10263	0.01131	0.01238	0.00862	0.00557	0.00563	0.00137	0.06714	0.00403	0.00388	0.30662
41	0.00647	0.00494	0.00595	0.00676	0.00760	0.00442	0.00467	0.00755	0.01096	0.01398	0.03828	0.54269	0.29505	0.01569	0.00667	0.00205	0.00298	0.01388	0.00498	0.00442
42	0.01680	0.41008	0.02198	0.01289	0.06816	0.36035	0.01022	0.01847	0.01290	0.01320	0.00801	0.00941	0.00701	0.00502	0.00419	0.00128	0.00753	0.00326	0.00253	0.00671
43	0.01037	0.00986	0.01615	0.68574	0.03368	0.01257	0.01445	0.01360	0.01037	0.01360	0.00918	0.01394	0.00714	0.00595	0.00713	0.00187	0.12130	0.00476	0.00238	0.00595
44	0.06906	0.22098	0.38467	0.01388	0.05791	0.06875	0.03432	0.01752	0.01167	0.06128	0.00959	0.01096	0.00727	0.00505	0.00461	0.00153	0.00701	0.00378	0.00267	0.00749
45	0.01696	0.01301	0.09458	0.02141	0.37845	0.01117	0.01327	0.03984	0.05242	0.28251	0.01456	0.01515	0.01041	0.00563	0.00533	0.00164	0.00579	0.00498	0.00421	0.00868
46	0.00767	0.00575	0.00863	0.00863	0.00959	0.00671	0.00671	0.00959	0.00863	0.01246	0.01438	0.02109	0.01342	0.04026	0.79008	0.00863	0.01438	0.00575	0.00288	0.00479
47	0.01005	0.00791	0.04890	0.05215	0.03191	0.03032	0.02680	0.01179	0.01148	0.11453	0.02642	0.47955	0.07890	0.01300	0.00636	0.00200	0.00424	0.03345	0.00473	0.00552
48	0.01317	0.08054	0.34384	0.13549	0.16101	0.01279	0.03721	0.03986	0.01226	0.09805	0.01090	0.01280	0.00797	0.00523	0.00513	0.00165	0.00698	0.00440	0.00293	0.00780
49	0.02058	0.01475	0.01593	0.01221	0.01650	0.01622	0.01009	0.72436	0.02476	0.07012	0.01329	0.01315	0.00933	0.00645	0.00537	0.00161	0.00584	0.00486	0.00543	0.00913
50	0.00760	0.00549	0.00718	0.00675	0.00802	0.00506	0.00506	0.01013	0.01519	0.02153	0.77503	0.04010	0.05065	0.01097	0.00633	0.00169	0.00253	0.00971	0.00591	0.00506
51	0.01529	0.01806	0.25923	0.03263	0.26951	0.08525	0.03795	0.03715	0.01313	0.16255	0.01197	0.01332	0.00871	0.00535	0.00525	0.00163	0.00692	0.00457	0.00337	0.00816
52	0.00771	0.00559	0.00783	0.00783	0.00852	0.00628	0.00572	0.00908	0.00839	0.01187	0.01510	0.02511	0.01517	0.26110	0.57163	0.00765	0.01175	0.00634	0.00298	0.00435
53	0.00932	0.00466	0.00699	0.00699	0.00699	0.00466	0.00466	0.00699	0.00699	0.00932	0.00932	0.01632	0.00932	0.01865	0.02098	0.84382	0.00466	0.00466	0.00233	0.00233
54	0.01452	0.01336	0.05515	0.28399	0.14148	0.01391	0.09477	0.27634	0.01629	0.02189	0.01095	0.01353	0.00814	0.00555	0.00545	0.00169	0.00684	0.00493	0.00350	0.00769
55	0.01400	0.03901	0.07915	0.02061	0.28503	0.15959	0.03244	0.01755	0.07283	0.01578	0.00987	0.01252	0.00829	0.00627	0.00822	0.00176	0.20244	0.00454	0.00279	0.00730
56	0.01174	0.01179	0.01599	0.04356	0.01481	0.04026	0.01156	0.01305	0.00856	0.01293	0.00756	0.01226	0.00737	0.01071	0.05646	0.00262	0.70585	0.00472	0.00239	0.00583
57	0.01673	0.00751	0.01010	0.00830	0.01117	0.00663	0.00663	0.01901	0.01529	0.44251	0.35749	0.02801	0.02996	0.00858	0.00581	0.00167	0.00366	0.00732	0.00632	0.00732
58	0.01188	0.00862	0.00967	0.00822	0.01072	0.00866	0.00649	0.24652	0.01747	0.05210	0.28677	0.03420	0.25673	0.01018	0.00600	0.00170	0.00373	0.00850	0.00549	0.00634
59	0.00681	0.00542	0.00602	0.00593	0.00743	0.00473	0.00437	0.00845	0.01286	0.01644	0.27457	0.06989	0.49042	0.05390	0.00743	0.00196	0.00280	0.01076	0.00518	0.00463
60	0.00892	0.00703	0.01057	0.05397	0.01251	0.00671	0.10419	0.01089	0.01150	0.05462	0.04258	0.12683	0.27020	0.08654	0.06776	0.00273	0.00528	0.08717	0.02486	0.00515

[dist]
# distance from previous block
# <min> <max>
0	7

# created by:
# /home/cegg/simao/soft/augustus-3.2.1/scripts/msa2prfl.pl ./align_prep/23426.fa
