[name]
unknown

[dist]
# distance from previous block
# <min> <max>
0	30

[block]
# block no. 0 follows, 38 sequences, length 16
# corresponding to MSA columns:
# 108-119,126-129
name=unknown_A
#
# <colnr> <probs for GDERKNQSTAVLIFYWHMCP>
#	G	D	E	R	K	N	Q	S	T	A	V	L	I	F	Y	W	H	M	C	P
0	0.01640	0.20290	0.01894	0.01404	0.06846	0.14092	0.01114	0.16046	0.01688	0.02064	0.01742	0.02970	0.01691	0.00940	0.00612	0.00194	0.00698	0.22889	0.00433	0.00754
1	0.06020	0.10140	0.03319	0.01237	0.01697	0.16141	0.01032	0.25171	0.01915	0.14769	0.01346	0.01370	0.00984	0.00635	0.00534	0.00159	0.00683	0.00461	0.00480	0.11906
2	0.00766	0.00576	0.00719	0.00819	0.00918	0.00528	0.00599	0.00913	0.01252	0.01605	0.04070	0.46143	0.23694	0.01746	0.00763	0.00238	0.00371	0.13216	0.00558	0.00505
3	0.01308	0.16429	0.55013	0.01541	0.02306	0.01582	0.01877	0.02023	0.08934	0.01883	0.01181	0.01319	0.00877	0.00587	0.00543	0.00181	0.00802	0.00448	0.00292	0.00875
4	0.01151	0.00829	0.01010	0.00926	0.01072	0.00900	0.00679	0.15713	0.01367	0.01873	0.06223	0.05661	0.01990	0.29314	0.27991	0.00598	0.00932	0.00770	0.00424	0.00576
5	0.01189	0.00822	0.01004	0.00913	0.01005	0.01004	0.00730	0.01418	0.01144	0.01968	0.01557	0.01922	0.01282	0.00823	0.00958	0.00183	0.27073	0.00549	0.53864	0.00594
6	0.01220	0.00898	0.01054	0.01009	0.01196	0.00926	0.00744	0.21836	0.03824	0.02230	0.02684	0.51679	0.02971	0.01475	0.00706	0.00220	0.00446	0.01302	0.00567	0.03012
7	0.01699	0.01753	0.02320	0.08893	0.02423	0.16875	0.24973	0.16543	0.01676	0.02106	0.01229	0.04737	0.01014	0.00709	0.00800	0.00197	0.10283	0.00614	0.00369	0.00786
8	0.01493	0.01622	0.01553	0.01387	0.01495	0.24401	0.01088	0.01627	0.01161	0.01416	0.01063	0.01682	0.01037	0.10472	0.10832	0.00354	0.35860	0.00539	0.00297	0.00621
9	0.00733	0.00524	0.00698	0.00838	0.00873	0.00489	0.00558	0.00838	0.01152	0.01536	0.03316	0.78466	0.03979	0.01885	0.00768	0.00244	0.00349	0.01710	0.00558	0.00489
10	0.00759	0.00567	0.00705	0.00765	0.00866	0.00513	0.00538	0.00920	0.01344	0.01782	0.22371	0.42936	0.20470	0.01634	0.00740	0.00221	0.00322	0.01450	0.00585	0.00513
11	0.19146	0.01064	0.01266	0.01001	0.01429	0.01019	0.00824	0.06717	0.01616	0.52018	0.01978	0.01803	0.01292	0.00702	0.00546	0.00183	0.00498	0.00541	0.05436	0.00920
12	0.00884	0.00734	0.00952	0.00897	0.01090	0.00743	0.03734	0.01241	0.08903	0.01689	0.07299	0.06686	0.32327	0.02444	0.27070	0.00470	0.00809	0.00973	0.00476	0.00580
13	0.01608	0.79220	0.03152	0.01029	0.01544	0.02380	0.01029	0.01801	0.01222	0.01415	0.00836	0.00965	0.00772	0.00515	0.00386	0.00129	0.00643	0.00322	0.00257	0.00772
14	0.01472	0.01423	0.01107	0.01038	0.01244	0.26998	0.00759	0.01606	0.01384	0.08363	0.02627	0.10908	0.17240	0.14360	0.06548	0.00308	0.00742	0.00835	0.00440	0.00598
15	0.02023	0.07164	0.01909	0.01391	0.01853	0.01806	0.05194	0.49316	0.17505	0.03248	0.01597	0.01587	0.01169	0.00715	0.00595	0.00183	0.00642	0.00564	0.00562	0.00978

[dist]
# distance from previous block
# <min> <max>
4	9

[block]
# block no. 1 follows, 38 sequences, length 17
# corresponding to MSA columns:
# 139-155
name=unknown_B
#
# <colnr> <probs for GDERKNQSTAVLIFYWHMCP>
#	G	D	E	R	K	N	Q	S	T	A	V	L	I	F	Y	W	H	M	C	P
0	0.01799	0.25050	0.10766	0.01350	0.01800	0.29361	0.01208	0.04765	0.14935	0.01780	0.01219	0.01298	0.00978	0.00623	0.00515	0.00161	0.00804	0.00434	0.00354	0.00800
1	0.01506	0.34675	0.31635	0.01419	0.02070	0.04370	0.04834	0.06917	0.04084	0.01842	0.01056	0.01201	0.00832	0.00566	0.00503	0.00164	0.00767	0.00419	0.00297	0.00842
2	0.00720	0.00573	0.00647	0.00706	0.00838	0.00500	0.00500	0.00853	0.01279	0.01587	0.04923	0.36434	0.44974	0.01676	0.00735	0.00220	0.00323	0.01455	0.00559	0.00500
3	0.01589	0.06789	0.09234	0.02327	0.33013	0.04404	0.01481	0.11186	0.07525	0.05057	0.01439	0.07036	0.01229	0.00718	0.00656	0.00187	0.04242	0.00607	0.00392	0.00889
4	0.04343	0.11679	0.11963	0.04277	0.08078	0.06686	0.01237	0.14873	0.03130	0.20902	0.01654	0.04191	0.02947	0.00708	0.00567	0.00179	0.00663	0.00558	0.00478	0.00887
5	0.01243	0.01108	0.01728	0.04672	0.33847	0.01103	0.04894	0.07519	0.01439	0.01950	0.02432	0.20682	0.12788	0.01026	0.00661	0.00200	0.00579	0.00938	0.00425	0.00764
6	0.08618	0.01158	0.01280	0.01082	0.01422	0.01244	0.00861	0.17915	0.23824	0.12608	0.20648	0.02511	0.02495	0.00870	0.00613	0.00191	0.00472	0.00714	0.00620	0.00853
7	0.01417	0.01975	0.31309	0.19844	0.02866	0.01329	0.14961	0.03871	0.01393	0.10354	0.03998	0.01629	0.01073	0.00615	0.00614	0.00194	0.00819	0.00560	0.00348	0.00829
8	0.01585	0.10644	0.28167	0.04912	0.09502	0.16381	0.13030	0.02024	0.01403	0.05248	0.01112	0.01328	0.00844	0.00571	0.00573	0.00178	0.00883	0.00482	0.00301	0.00830
9	0.02291	0.02688	0.01675	0.01503	0.01828	0.69083	0.01135	0.02454	0.01706	0.08686	0.01070	0.01179	0.00844	0.00632	0.00549	0.00158	0.01029	0.00409	0.00352	0.00729
10	0.01384	0.00771	0.00965	0.00915	0.01111	0.00746	0.00672	0.01751	0.11296	0.20813	0.07405	0.32804	0.02868	0.08661	0.00902	0.00247	0.00423	0.01110	0.04469	0.00687
11	0.01528	0.03590	0.02862	0.03736	0.06527	0.01381	0.46892	0.03670	0.01437	0.08932	0.01312	0.01618	0.00984	0.00667	0.03196	0.00211	0.00886	0.00632	0.00357	0.09583
12	0.01074	0.00785	0.01012	0.08618	0.01372	0.00828	0.00774	0.08542	0.04243	0.04690	0.02784	0.43588	0.07137	0.03974	0.03272	0.00259	0.02964	0.01239	0.02238	0.00607
13	0.00818	0.00612	0.00742	0.00797	0.00920	0.00568	0.00603	0.00984	0.01297	0.01663	0.10791	0.18312	0.27229	0.12702	0.01089	0.00282	0.00414	0.19134	0.00539	0.00501
14	0.00783	0.00589	0.00705	0.00729	0.00849	0.00534	0.00520	0.00950	0.01365	0.01797	0.25572	0.23519	0.26766	0.09517	0.00971	0.00251	0.00345	0.03160	0.00570	0.00507
15	0.01892	0.05411	0.03288	0.04273	0.15187	0.24671	0.09866	0.04585	0.04918	0.12799	0.01352	0.01504	0.01024	0.00628	0.00602	0.00175	0.02213	0.00517	0.04268	0.00827
16	0.01485	0.01394	0.05015	0.15609	0.30525	0.01388	0.10924	0.12589	0.01552	0.02194	0.01275	0.01600	0.00994	0.00593	0.00591	0.00182	0.00717	0.00559	0.09968	0.00847

[dist]
# distance from previous block
# <min> <max>
3	4

[block]
# block no. 2 follows, 38 sequences, length 6
# corresponding to MSA columns:
# 160-165
name=unknown_C
#
# <colnr> <probs for GDERKNQSTAVLIFYWHMCP>
#	G	D	E	R	K	N	Q	S	T	A	V	L	I	F	Y	W	H	M	C	P
0	0.00731	0.00532	0.00689	0.00814	0.00866	0.00491	0.00548	0.00840	0.01174	0.01545	0.03598	0.71068	0.11194	0.01848	0.00762	0.00240	0.00345	0.01665	0.00558	0.00491
1	0.06047	0.01384	0.01858	0.01845	0.19330	0.05419	0.09641	0.06613	0.06477	0.02133	0.01202	0.01408	0.00963	0.00535	0.00536	0.00147	0.00631	0.00476	0.00369	0.32986
2	0.01590	0.01602	0.01872	0.28937	0.16244	0.16739	0.01464	0.09451	0.06993	0.01909	0.01176	0.01487	0.00925	0.00655	0.00690	0.00190	0.06433	0.00516	0.00343	0.00785
3	0.10783	0.02280	0.43767	0.01509	0.02157	0.01353	0.06622	0.04587	0.05395	0.02100	0.05512	0.01730	0.04806	0.00691	0.00638	0.00195	0.04168	0.00547	0.00343	0.00817
4	0.01516	0.01312	0.01718	0.10550	0.19750	0.06309	0.03564	0.08232	0.16718	0.05842	0.07298	0.02537	0.01804	0.00824	0.00638	0.00199	0.00642	0.09247	0.00469	0.00830
5	0.01641	0.16227	0.07854	0.01479	0.07265	0.11333	0.01189	0.07603	0.32298	0.02143	0.01617	0.01633	0.01256	0.00695	0.00600	0.00181	0.03139	0.00531	0.00442	0.00876

[dist]
# distance from previous block
# <min> <max>
0	3

[block]
# block no. 3 follows, 38 sequences, length 10
# corresponding to MSA columns:
# 169-178
name=unknown_D
#
# <colnr> <probs for GDERKNQSTAVLIFYWHMCP>
#	G	D	E	R	K	N	Q	S	T	A	V	L	I	F	Y	W	H	M	C	P
0	0.01466	0.32718	0.11993	0.01303	0.06543	0.07645	0.01132	0.06518	0.01331	0.01678	0.01236	0.05487	0.01175	0.10699	0.03620	0.00239	0.00724	0.00527	0.00322	0.03644
1	0.33050	0.37824	0.09411	0.04597	0.01624	0.01835	0.01032	0.01786	0.01149	0.01966	0.00872	0.01030	0.00726	0.00541	0.00409	0.00160	0.00606	0.00345	0.00302	0.00732
2	0.35627	0.26289	0.21513	0.01112	0.01667	0.01687	0.01189	0.01815	0.01152	0.02083	0.00902	0.01051	0.00719	0.00548	0.00430	0.00169	0.00634	0.00356	0.00305	0.00753
3	0.00924	0.00736	0.00869	0.00829	0.01042	0.00670	0.00621	0.01268	0.08461	0.01915	0.18149	0.23071	0.19635	0.01312	0.00677	0.00195	0.00364	0.04389	0.00551	0.14322
4	0.01158	0.00707	0.00865	0.00812	0.00990	0.00665	0.00603	0.03698	0.01368	0.13260	0.13165	0.09663	0.20764	0.18090	0.07040	0.00345	0.00524	0.05153	0.00544	0.00587
5	0.00979	0.00652	0.00902	0.00864	0.00995	0.00676	0.00651	0.01195	0.01266	0.06579	0.27547	0.03274	0.03055	0.11553	0.36402	0.00597	0.00954	0.00825	0.00475	0.00560
6	0.01685	0.01554	0.05832	0.01631	0.04862	0.06629	0.17912	0.22772	0.05445	0.06574	0.01804	0.05550	0.05621	0.06270	0.00846	0.00221	0.02808	0.00696	0.00460	0.00826
7	0.00796	0.00570	0.00766	0.00877	0.00948	0.00540	0.00638	0.00961	0.01281	0.01721	0.14283	0.53456	0.04142	0.01742	0.00771	0.00242	0.00378	0.14804	0.00574	0.00513
8	0.01378	0.01289	0.04999	0.01109	0.01558	0.01201	0.00915	0.02428	0.39942	0.02253	0.01803	0.01779	0.01387	0.00649	0.00540	0.00155	0.00484	0.00533	0.00487	0.35110
9	0.01561	0.03688	0.04195	0.02390	0.33324	0.10344	0.07847	0.05147	0.01466	0.04847	0.01386	0.05329	0.01225	0.00680	0.00599	0.00176	0.00722	0.04743	0.00363	0.09967

[dist]
# distance from previous block
# <min> <max>
0	3

[block]
# block no. 4 follows, 38 sequences, length 31
# corresponding to MSA columns:
# 182-192,216-220,222-236
name=unknown_E
#
# <colnr> <probs for GDERKNQSTAVLIFYWHMCP>
#	G	D	E	R	K	N	Q	S	T	A	V	L	I	F	Y	W	H	M	C	P
0	0.01578	0.15186	0.11596	0.01730	0.15490	0.22939	0.01296	0.01963	0.06722	0.01715	0.01802	0.01984	0.10558	0.00734	0.00563	0.00172	0.00757	0.02090	0.00351	0.00774
1	0.01998	0.13547	0.02191	0.01574	0.01992	0.40774	0.11951	0.12447	0.01737	0.01886	0.01039	0.01207	0.00835	0.00596	0.00550	0.00160	0.00925	0.00448	0.00345	0.03796
2	0.03854	0.01117	0.07527	0.01062	0.01320	0.01064	0.00908	0.04224	0.12802	0.06656	0.15663	0.03022	0.13972	0.05083	0.08052	0.00295	0.11397	0.00793	0.00494	0.00694
3	0.00839	0.00595	0.00660	0.00666	0.00723	0.00570	0.00416	0.00890	0.01020	0.01309	0.02983	0.04525	0.19999	0.56281	0.02381	0.00476	0.00514	0.04325	0.00421	0.00409
4	0.01760	0.01979	0.01959	0.08296	0.12720	0.34133	0.10617	0.05851	0.06019	0.01829	0.03651	0.05877	0.01240	0.00701	0.00603	0.00179	0.00871	0.00588	0.00363	0.00764
5	0.00806	0.00597	0.00726	0.00800	0.00899	0.00557	0.00586	0.00943	0.01215	0.01551	0.03809	0.27945	0.23608	0.16074	0.01193	0.00303	0.00426	0.16955	0.00521	0.00486
6	0.01247	0.01069	0.01247	0.00891	0.01426	0.00802	0.00713	0.01515	0.01247	0.01960	0.01069	0.01247	0.00891	0.00446	0.00446	0.00089	0.00446	0.00356	0.00356	0.82536
7	0.01136	0.01069	0.01804	0.77412	0.04143	0.01337	0.01671	0.01537	0.01203	0.01537	0.01069	0.01604	0.00802	0.00601	0.00601	0.00200	0.00802	0.00535	0.00267	0.00668
8	0.01097	0.00740	0.01021	0.01010	0.01178	0.00793	0.00813	0.01460	0.07371	0.08059	0.09581	0.03596	0.02422	0.02863	0.37818	0.00592	0.01034	0.17458	0.00473	0.00621
9	0.01637	0.01265	0.01496	0.01258	0.01536	0.01460	0.01016	0.36453	0.04586	0.02630	0.01585	0.08180	0.01386	0.01797	0.19347	0.00391	0.12023	0.00668	0.00481	0.00804
10	0.01398	0.01189	0.01794	0.19735	0.27146	0.01146	0.01334	0.01725	0.01309	0.06643	0.01175	0.01465	0.00930	0.00532	0.00543	0.00152	0.00625	0.00475	0.00341	0.30342
11	0.00878	0.00604	0.00712	0.00742	0.00885	0.00533	0.00528	0.01014	0.01297	0.06996	0.06965	0.34557	0.35059	0.05331	0.00839	0.00236	0.00350	0.01372	0.00566	0.00533
12	0.01247	0.01069	0.01247	0.00891	0.01426	0.00802	0.00713	0.01515	0.01247	0.01960	0.01069	0.01247	0.00891	0.00446	0.00446	0.00089	0.00446	0.00356	0.00356	0.82536
13	0.01580	0.01585	0.13117	0.02592	0.39167	0.01320	0.06129	0.02102	0.08210	0.12177	0.04943	0.01756	0.01304	0.00628	0.00608	0.00186	0.00689	0.00583	0.00400	0.00926
14	0.01669	0.01469	0.17641	0.01389	0.07988	0.01017	0.01216	0.02099	0.05539	0.25645	0.02203	0.02538	0.07334	0.00813	0.00609	0.00186	0.00589	0.08037	0.00506	0.11514
15	0.01407	0.01346	0.02294	0.20735	0.58701	0.01408	0.01806	0.01775	0.01331	0.01866	0.01117	0.01515	0.00918	0.00551	0.00597	0.00184	0.00735	0.00536	0.00291	0.00887
16	0.01436	0.01588	0.13198	0.02675	0.45094	0.01265	0.01616	0.01820	0.01340	0.04594	0.01154	0.01422	0.00930	0.00529	0.00559	0.00161	0.00674	0.00485	0.00320	0.19141
17	0.01556	0.01463	0.01842	0.02331	0.35811	0.11743	0.01325	0.08075	0.01507	0.03934	0.01473	0.12612	0.01380	0.00754	0.00594	0.00173	0.00668	0.00664	0.00384	0.11710
18	0.01496	0.01292	0.01360	0.01224	0.01564	0.01496	0.00952	0.03197	0.74019	0.02516	0.02448	0.02244	0.01836	0.00816	0.00612	0.00204	0.00476	0.00680	0.00612	0.00952
19	0.01294	0.01231	0.02090	0.44354	0.35965	0.01378	0.01749	0.01676	0.01278	0.01729	0.01097	0.01552	0.00870	0.00572	0.00599	0.00191	0.00763	0.00535	0.00281	0.00796
20	0.01045	0.00522	0.00784	0.00784	0.00784	0.00522	0.00522	0.00784	0.00784	0.01045	0.01045	0.01829	0.01045	0.02090	0.02351	0.82497	0.00522	0.00522	0.00261	0.00261
21	0.01259	0.02746	0.57996	0.01916	0.02736	0.01428	0.19601	0.01910	0.01307	0.01910	0.01113	0.01357	0.00799	0.00556	0.00606	0.00194	0.00920	0.00510	0.00266	0.00870
22	0.01443	0.01047	0.01384	0.01502	0.12462	0.05732	0.03556	0.01721	0.04314	0.15994	0.02530	0.23279	0.06002	0.01193	0.00758	0.00218	0.04640	0.10984	0.00516	0.00725
23	0.00874	0.00586	0.00669	0.00669	0.00673	0.00590	0.00380	0.00883	0.00879	0.01176	0.01884	0.03873	0.02159	0.75830	0.06053	0.00599	0.00625	0.00865	0.00363	0.00372
24	0.02652	0.01100	0.01443	0.01107	0.01574	0.00997	0.00914	0.11025	0.01849	0.67249	0.02266	0.01978	0.01435	0.00742	0.00605	0.00185	0.00529	0.00598	0.00728	0.01024
25	0.01349	0.02211	0.34851	0.02561	0.26895	0.01436	0.18213	0.01890	0.01337	0.01930	0.01128	0.01423	0.00860	0.00545	0.00611	0.00189	0.00859	0.00536	0.00280	0.00893
26	0.01690	0.01611	0.12359	0.01825	0.18244	0.08462	0.01325	0.06752	0.11742	0.15132	0.01852	0.08578	0.01555	0.00827	0.00621	0.00195	0.00661	0.05225	0.00475	0.00870
27	0.01408	0.01338	0.02270	0.13423	0.61658	0.01371	0.01755	0.01767	0.01365	0.01932	0.05026	0.01664	0.01183	0.00582	0.00602	0.00182	0.00704	0.00565	0.00313	0.00894
28	0.42781	0.00855	0.00801	0.00821	0.01031	0.00934	0.00617	0.01324	0.01093	0.02137	0.02047	0.36910	0.02266	0.01202	0.00568	0.00216	0.00414	0.02946	0.00463	0.00574
29	0.00945	0.00816	0.01124	0.05962	0.16010	0.00779	0.00915	0.01178	0.01357	0.01721	0.04134	0.06868	0.39253	0.01308	0.00707	0.00214	0.00468	0.15137	0.00488	0.00616
30	0.01347	0.01272	0.02208	0.05451	0.48860	0.01266	0.09357	0.01705	0.01400	0.01963	0.07626	0.02461	0.01674	0.00742	0.00649	0.00196	0.00693	0.09925	0.00362	0.00843

[dist]
# distance from previous block
# <min> <max>
0	1

[block]
# block no. 5 follows, 38 sequences, length 25
# corresponding to MSA columns:
# 238,240-263
name=unknown_F
#
# <colnr> <probs for GDERKNQSTAVLIFYWHMCP>
#	G	D	E	R	K	N	Q	S	T	A	V	L	I	F	Y	W	H	M	C	P
0	0.01285	0.01229	0.02066	0.36729	0.32123	0.01392	0.03452	0.01637	0.01249	0.01710	0.01154	0.04287	0.00978	0.00658	0.00728	0.00199	0.07474	0.00581	0.00290	0.00778
1	0.01813	0.02043	0.02127	0.02778	0.43833	0.33457	0.01554	0.02084	0.01513	0.01755	0.01045	0.01316	0.00877	0.00572	0.00573	0.00169	0.00873	0.00473	0.00303	0.00844
2	0.01315	0.01284	0.02023	0.47763	0.28971	0.05072	0.01707	0.01688	0.01286	0.01684	0.01084	0.01538	0.00854	0.00579	0.00596	0.00191	0.00785	0.00528	0.00280	0.00770
3	0.02195	0.01650	0.01809	0.01403	0.01838	0.01863	0.01160	0.66286	0.02647	0.03568	0.01382	0.01432	0.01001	0.00754	0.00732	0.00188	0.07993	0.00540	0.00570	0.00988
4	0.36148	0.01124	0.01437	0.41707	0.05750	0.01346	0.01243	0.01648	0.01133	0.02051	0.00973	0.01332	0.00744	0.00580	0.00503	0.00193	0.00655	0.00445	0.00313	0.00673
5	0.00778	0.00556	0.00750	0.00889	0.00944	0.00528	0.00637	0.00916	0.01196	0.01586	0.03291	0.64783	0.03880	0.01842	0.00780	0.00251	0.00388	0.14948	0.00558	0.00501
6	0.00777	0.00610	0.00703	0.00685	0.00854	0.00535	0.00511	0.00989	0.01519	0.01989	0.37975	0.07263	0.40648	0.01397	0.00712	0.00198	0.00296	0.01198	0.00607	0.00535
7	0.00922	0.00594	0.00855	0.00855	0.00909	0.00649	0.00612	0.00946	0.00892	0.01243	0.01474	0.02454	0.01469	0.16226	0.39963	0.27483	0.01083	0.00643	0.00309	0.00418
8	0.01702	0.68467	0.02966	0.01079	0.01589	0.02309	0.01045	0.11689	0.01445	0.01745	0.00921	0.01031	0.00807	0.00543	0.00416	0.00136	0.00646	0.00352	0.00305	0.00807
9	0.01428	0.08699	0.28488	0.02106	0.23773	0.05026	0.03432	0.01869	0.01329	0.03869	0.01104	0.01326	0.00864	0.00541	0.00546	0.00164	0.00748	0.00455	0.00301	0.13932
10	0.01738	0.02042	0.11742	0.03316	0.01768	0.31550	0.01163	0.06609	0.05153	0.07443	0.08951	0.02119	0.09246	0.00811	0.00649	0.00180	0.03738	0.00607	0.00427	0.00747
11	0.01647	0.01300	0.01466	0.01339	0.05852	0.01433	0.00996	0.28441	0.28781	0.02863	0.10977	0.08282	0.02129	0.00902	0.00632	0.00195	0.00525	0.00753	0.00592	0.00894
12	0.01561	0.13967	0.02466	0.05916	0.54232	0.08126	0.01649	0.01876	0.01369	0.01818	0.01064	0.01374	0.00903	0.00542	0.00558	0.00169	0.00739	0.00489	0.00291	0.00891
13	0.34262	0.45890	0.02198	0.00935	0.01391	0.01928	0.00874	0.01818	0.01156	0.03904	0.00878	0.00999	0.00743	0.00538	0.00386	0.00153	0.00569	0.00331	0.00316	0.00730
14	0.01018	0.00532	0.00763	0.00763	0.00763	0.00532	0.00497	0.00798	0.00798	0.01064	0.01181	0.02165	0.01227	0.14353	0.02465	0.69413	0.00532	0.00579	0.00278	0.00278
15	0.00840	0.00614	0.00789	0.00745	0.00892	0.00563	0.00559	0.01113	0.01676	0.02349	0.69291	0.04597	0.11213	0.01253	0.00710	0.00190	0.00285	0.01102	0.00654	0.00563
16	0.01200	0.01069	0.01485	0.33562	0.02586	0.01030	0.01122	0.01524	0.01228	0.01780	0.01069	0.01400	0.00853	0.00512	0.00512	0.00137	0.00598	0.00432	0.00318	0.47582
17	0.01136	0.01069	0.01804	0.77412	0.04143	0.01337	0.01671	0.01537	0.01203	0.01537	0.01069	0.01604	0.00802	0.00601	0.00601	0.00200	0.00802	0.00535	0.00267	0.00668
18	0.00971	0.00552	0.00745	0.00745	0.00751	0.00557	0.00475	0.00833	0.00827	0.01109	0.01393	0.02646	0.01497	0.30977	0.06495	0.47544	0.00602	0.00661	0.00303	0.00314
19	0.48231	0.01359	0.02022	0.01536	0.02009	0.01423	0.31507	0.01836	0.01193	0.02369	0.01000	0.01253	0.00763	0.00537	0.00516	0.00193	0.00700	0.00490	0.00343	0.00720
20	0.01305	0.01211	0.01917	0.09366	0.38130	0.01277	0.01439	0.01604	0.01221	0.01775	0.01151	0.01582	0.00997	0.01211	0.12567	0.00301	0.09974	0.00527	0.00303	0.12141
21	0.01566	0.01630	0.02317	0.11597	0.51181	0.13407	0.05886	0.01905	0.01407	0.01836	0.01097	0.01445	0.00905	0.00555	0.00594	0.00179	0.00801	0.00522	0.00297	0.00872
22	0.25364	0.01491	0.02193	0.01654	0.02126	0.01586	0.27900	0.21988	0.01677	0.02653	0.01149	0.01369	0.00862	0.00611	0.00648	0.00195	0.04770	0.00541	0.00406	0.00817
23	0.00802	0.00670	0.00749	0.00770	0.03309	0.00572	0.00546	0.00974	0.01353	0.01697	0.09640	0.09421	0.53462	0.04181	0.00776	0.00210	0.00347	0.02902	0.00534	0.07086
24	0.01488	0.01501	0.02522	0.09311	0.54913	0.05134	0.12567	0.01861	0.01381	0.01901	0.01130	0.01498	0.00926	0.00541	0.00611	0.00183	0.00785	0.00555	0.00297	0.00896

[dist]
# distance from previous block
# <min> <max>
5	6

[block]
# block no. 6 follows, 38 sequences, length 11
# corresponding to MSA columns:
# 274-284
name=unknown_G
#
# <colnr> <probs for GDERKNQSTAVLIFYWHMCP>
#	G	D	E	R	K	N	Q	S	T	A	V	L	I	F	Y	W	H	M	C	P
0	0.02286	0.01819	0.01707	0.01390	0.01799	0.26199	0.05474	0.20366	0.01954	0.25284	0.01627	0.04650	0.01200	0.00729	0.00597	0.00178	0.00764	0.00568	0.00530	0.00881
1	0.01552	0.07797	0.14186	0.05979	0.05065	0.19608	0.08938	0.04296	0.01432	0.01812	0.01124	0.03788	0.00937	0.00590	0.00545	0.00155	0.00787	0.00482	0.00322	0.20604
2	0.01629	0.00861	0.01069	0.00864	0.01163	0.00746	0.00638	0.01779	0.01274	0.28427	0.01869	0.02597	0.01619	0.31408	0.01533	0.00319	0.00524	0.00651	0.00501	0.20530
3	0.00800	0.00613	0.00733	0.00703	0.00867	0.00546	0.00527	0.01036	0.01582	0.02125	0.49702	0.04967	0.30942	0.01337	0.00710	0.00194	0.00291	0.01154	0.00624	0.00546
4	0.00966	0.00852	0.01122	0.01037	0.01130	0.01008	0.00819	0.01136	0.01208	0.01672	0.15930	0.11411	0.21128	0.01660	0.09150	0.00307	0.27483	0.00958	0.00449	0.00572
5	0.01207	0.03112	0.75741	0.01715	0.02604	0.01397	0.02223	0.01905	0.01270	0.01905	0.01080	0.01270	0.00762	0.00572	0.00572	0.00191	0.00889	0.00445	0.00254	0.00889
6	0.01022	0.06233	0.09036	0.00941	0.01202	0.00853	0.00835	0.01282	0.01269	0.05872	0.15693	0.03227	0.16368	0.04454	0.28483	0.00483	0.00884	0.00807	0.00443	0.00613
7	0.06091	0.01384	0.02244	0.07558	0.61892	0.01424	0.01708	0.01916	0.06266	0.02020	0.01201	0.01518	0.00987	0.00560	0.00584	0.00182	0.00689	0.00534	0.00322	0.00920
8	0.28320	0.19294	0.09544	0.01113	0.01598	0.11972	0.02931	0.01839	0.01239	0.02004	0.00926	0.01085	0.00756	0.00538	0.00442	0.00153	0.00648	0.00362	0.00320	0.14916
9	0.12261	0.01884	0.01631	0.01475	0.06640	0.25336	0.01096	0.25208	0.06382	0.10397	0.01345	0.01389	0.00993	0.00665	0.00555	0.00175	0.00748	0.00481	0.00476	0.00864
10	0.01293	0.28587	0.23336	0.01450	0.06798	0.01553	0.05733	0.01674	0.01330	0.01772	0.09347	0.02220	0.05849	0.00753	0.00560	0.00176	0.00676	0.05782	0.00345	0.00767

[dist]
# distance from previous block
# <min> <max>
0	50

[block]
# block no. 7 follows, 38 sequences, length 34
# corresponding to MSA columns:
# 350-383
name=unknown_H
#
# <colnr> <probs for GDERKNQSTAVLIFYWHMCP>
#	G	D	E	R	K	N	Q	S	T	A	V	L	I	F	Y	W	H	M	C	P
0	0.07440	0.32804	0.02329	0.01265	0.01730	0.17027	0.08025	0.02100	0.01410	0.13699	0.01159	0.01250	0.00903	0.00571	0.00488	0.00152	0.00723	0.00422	0.00367	0.06134
1	0.05152	0.09334	0.09883	0.01308	0.01751	0.06320	0.14797	0.05222	0.01433	0.05450	0.02593	0.06359	0.20837	0.00884	0.00610	0.00183	0.00640	0.00764	0.00418	0.06063
2	0.04737	0.09939	0.06458	0.01087	0.01386	0.07014	0.00934	0.06851	0.06428	0.05492	0.11828	0.02185	0.01856	0.02147	0.28482	0.00466	0.00976	0.00617	0.00421	0.00697
3	0.09569	0.05542	0.30762	0.01584	0.10987	0.01283	0.01470	0.01971	0.08687	0.08309	0.09385	0.01951	0.04557	0.00712	0.00573	0.00187	0.00651	0.00579	0.00405	0.00835
4	0.01558	0.57473	0.02556	0.01005	0.01422	0.07192	0.00944	0.01761	0.01252	0.01563	0.01036	0.01207	0.00906	0.00574	0.00461	0.00137	0.03433	0.00375	0.14420	0.00726
5	0.01193	0.01006	0.01191	0.00902	0.01375	0.00773	0.00720	0.01450	0.01250	0.01920	0.01370	0.06905	0.01280	0.00628	0.00494	0.00113	0.00446	0.05361	0.00384	0.71238
6	0.00927	0.00680	0.00884	0.15913	0.01349	0.00733	0.00624	0.01006	0.00940	0.01240	0.01731	0.03473	0.01912	0.63303	0.02573	0.00507	0.00627	0.00807	0.00345	0.00425
7	0.01288	0.02704	0.60425	0.01650	0.02431	0.01345	0.05295	0.01998	0.06262	0.05509	0.01339	0.04743	0.01017	0.00651	0.00591	0.00194	0.00825	0.00536	0.00318	0.00879
8	0.01633	0.01637	0.18894	0.11189	0.16688	0.01226	0.11003	0.02057	0.01445	0.20437	0.06553	0.01820	0.01349	0.00649	0.00616	0.00190	0.00724	0.00594	0.00423	0.00876
9	0.01408	0.01414	0.16960	0.04850	0.13325	0.01026	0.01278	0.04693	0.01467	0.14794	0.02770	0.03287	0.18087	0.00978	0.00653	0.00203	0.00601	0.10948	0.00474	0.00784
10	0.01799	0.02079	0.22421	0.01823	0.10190	0.10786	0.09295	0.15086	0.06746	0.11768	0.01410	0.01509	0.01017	0.00633	0.00598	0.00185	0.00789	0.00531	0.00423	0.00910
11	0.01201	0.01697	0.23541	0.25962	0.22240	0.01274	0.01741	0.01641	0.01261	0.01759	0.01369	0.11047	0.01226	0.00735	0.00612	0.00197	0.00748	0.00655	0.00308	0.00787
12	0.01424	0.06067	0.39465	0.02296	0.24341	0.01464	0.06786	0.04880	0.01389	0.04638	0.01155	0.01381	0.00867	0.00566	0.00582	0.00184	0.00810	0.00494	0.00303	0.00908
13	0.01456	0.01292	0.02177	0.26445	0.48377	0.01366	0.01731	0.01819	0.01340	0.06499	0.01191	0.01560	0.00940	0.00570	0.00598	0.00186	0.00729	0.00540	0.00317	0.00869
14	0.04912	0.20919	0.24346	0.01939	0.17495	0.04802	0.06461	0.06575	0.03688	0.01958	0.01091	0.01288	0.00862	0.00565	0.00535	0.00172	0.00764	0.00458	0.00309	0.00862
15	0.00806	0.00753	0.05625	0.00849	0.01019	0.00591	0.00690	0.01013	0.01340	0.01757	0.15222	0.31516	0.24780	0.01562	0.00737	0.00224	0.00387	0.10036	0.00554	0.00541
16	0.01535	0.01284	0.06958	0.17042	0.23608	0.01182	0.07402	0.01899	0.01418	0.16017	0.04816	0.02405	0.01527	0.00759	0.00641	0.00200	0.00691	0.09364	0.00423	0.00828
17	0.01359	0.01311	0.02235	0.09172	0.55391	0.01313	0.06345	0.01704	0.01360	0.01886	0.01750	0.02043	0.10142	0.00662	0.00618	0.00185	0.00690	0.00639	0.00328	0.00865
18	0.01724	0.01212	0.01230	0.01139	0.01426	0.13048	0.00916	0.02161	0.12305	0.23181	0.02650	0.08744	0.06264	0.01110	0.00675	0.00214	0.00587	0.20070	0.00579	0.00765
19	0.01436	0.01376	0.02347	0.14642	0.64566	0.01416	0.01820	0.01800	0.01345	0.01902	0.01122	0.01506	0.00930	0.00546	0.00596	0.00182	0.00728	0.00536	0.00293	0.00911
20	0.01475	0.01703	0.03385	0.02447	0.03022	0.06733	0.66417	0.01950	0.01429	0.01885	0.01188	0.01579	0.00901	0.00527	0.00725	0.00201	0.02646	0.00684	0.00304	0.00800
21	0.01445	0.01384	0.02362	0.12873	0.66268	0.01418	0.01824	0.01808	0.01349	0.01912	0.01124	0.01503	0.00934	0.00544	0.00596	0.00181	0.00726	0.00536	0.00294	0.00917
22	0.00810	0.00587	0.00780	0.00889	0.00970	0.00567	0.00662	0.00969	0.01215	0.01602	0.04652	0.44095	0.09369	0.05311	0.06138	0.00313	0.00495	0.19535	0.00534	0.00507
23	0.01136	0.01069	0.01804	0.77412	0.04143	0.01337	0.01671	0.01537	0.01203	0.01537	0.01069	0.01604	0.00802	0.00601	0.00601	0.00200	0.00802	0.00535	0.00267	0.00668
24	0.01207	0.03112	0.75741	0.01715	0.02604	0.01397	0.02223	0.01905	0.01270	0.01905	0.01080	0.01270	0.00762	0.00572	0.00572	0.00191	0.00889	0.00445	0.00254	0.00889
25	0.00800	0.00578	0.00769	0.00893	0.00970	0.00548	0.00663	0.00961	0.01250	0.01646	0.06152	0.51596	0.08533	0.01776	0.00779	0.00248	0.00399	0.20367	0.00561	0.00510
26	0.01304	0.01241	0.02108	0.42275	0.37966	0.01381	0.01754	0.01684	0.01282	0.01741	0.01099	0.01549	0.00874	0.00570	0.00599	0.00190	0.00760	0.00535	0.00282	0.00804
27	0.02247	0.02867	0.01705	0.01550	0.01860	0.76443	0.01162	0.02402	0.01705	0.01472	0.00930	0.01085	0.00775	0.00620	0.00542	0.00155	0.01085	0.00387	0.00310	0.00697
28	0.01543	0.01414	0.02395	0.03323	0.61768	0.01414	0.06594	0.01994	0.06180	0.05573	0.01285	0.01575	0.01034	0.00563	0.00605	0.00182	0.00710	0.00561	0.00341	0.00947
29	0.01285	0.00752	0.01023	0.01098	0.06538	0.00716	0.00756	0.01454	0.01289	0.16380	0.07187	0.14589	0.02724	0.24059	0.01406	0.00331	0.00519	0.16752	0.00525	0.00614
30	0.01429	0.10501	0.43919	0.01669	0.02331	0.10902	0.07973	0.03160	0.02590	0.01806	0.01053	0.01270	0.00803	0.00615	0.00684	0.00187	0.07539	0.00461	0.00279	0.00830
31	0.07435	0.01311	0.02043	0.01533	0.02027	0.01269	0.22053	0.11319	0.07092	0.34809	0.01823	0.01792	0.01233	0.00665	0.00621	0.00192	0.00672	0.00615	0.00563	0.00932
32	0.01658	0.12188	0.16742	0.02085	0.18868	0.09964	0.10407	0.13824	0.04772	0.02149	0.01180	0.01375	0.00917	0.00589	0.00573	0.00176	0.00799	0.00502	0.00350	0.00882
33	0.35295	0.01314	0.04167	0.04283	0.10777	0.01350	0.04141	0.06802	0.10767	0.13581	0.01389	0.01460	0.01015	0.00628	0.00512	0.00189	0.00570	0.00483	0.00454	0.00825

[dist]
# distance from previous block
# <min> <max>
10	54

[block]
# block no. 8 follows, 38 sequences, length 19
# corresponding to MSA columns:
# 455-473
name=unknown_I
#
# <colnr> <probs for GDERKNQSTAVLIFYWHMCP>
#	G	D	E	R	K	N	Q	S	T	A	V	L	I	F	Y	W	H	M	C	P
0	0.02329	0.01025	0.01337	0.01050	0.01460	0.00937	0.00857	0.10356	0.01841	0.54763	0.14995	0.02411	0.02173	0.00827	0.00623	0.00186	0.00488	0.00683	0.00714	0.00944
1	0.01611	0.01560	0.03057	0.02476	0.13117	0.01501	0.50196	0.09555	0.01584	0.07234	0.01309	0.01614	0.00970	0.00551	0.00675	0.00196	0.00899	0.00660	0.00366	0.00869
2	0.00977	0.00829	0.01002	0.01142	0.09189	0.00822	0.00745	0.01482	0.17206	0.01855	0.05756	0.21880	0.32122	0.01339	0.00690	0.00210	0.00397	0.01161	0.00544	0.00651
3	0.02319	0.01634	0.01774	0.01360	0.01840	0.01790	0.01123	0.67673	0.02743	0.09339	0.01516	0.01491	0.01059	0.00724	0.00602	0.00181	0.00650	0.00547	0.00613	0.01023
4	0.01729	0.09998	0.01682	0.01247	0.01646	0.01697	0.01014	0.22531	0.46142	0.02750	0.01991	0.01880	0.01492	0.00757	0.00584	0.00189	0.00546	0.00602	0.00570	0.00952
5	0.02190	0.01220	0.01613	0.20422	0.02286	0.01272	0.01155	0.22142	0.01899	0.36855	0.01785	0.01767	0.01186	0.00702	0.00603	0.00188	0.00627	0.00570	0.00584	0.00934
6	0.02066	0.01576	0.01681	0.01340	0.01782	0.01763	0.01090	0.53612	0.22675	0.03436	0.01724	0.01667	0.01250	0.00748	0.00605	0.00187	0.00610	0.00580	0.00605	0.01003
7	0.00966	0.00680	0.00952	0.00867	0.00970	0.00697	0.06557	0.01113	0.01018	0.01496	0.01786	0.03045	0.01795	0.39705	0.19305	0.00553	0.00797	0.00746	0.16473	0.00481
8	0.83108	0.01163	0.00884	0.00791	0.01163	0.01350	0.00651	0.01768	0.01024	0.02699	0.00838	0.00977	0.00651	0.00558	0.00372	0.00186	0.00465	0.00326	0.00372	0.00651
9	0.01285	0.01468	0.09068	0.36720	0.17727	0.01408	0.20140	0.01732	0.01298	0.01755	0.01121	0.01556	0.00857	0.00562	0.00626	0.00196	0.00847	0.00572	0.00282	0.00781
10	0.01155	0.01128	0.04452	0.14893	0.09629	0.01277	0.04114	0.01371	0.01045	0.01483	0.01245	0.02120	0.01214	0.19780	0.08727	0.00380	0.24437	0.00627	0.00299	0.00625
11	0.01649	0.64277	0.09098	0.01126	0.01668	0.02241	0.01142	0.09675	0.01404	0.01719	0.00924	0.01043	0.00799	0.00542	0.00425	0.00140	0.00666	0.00356	0.00295	0.00810
12	0.01538	0.01553	0.02299	0.10587	0.60161	0.09695	0.01754	0.01878	0.01391	0.01870	0.01103	0.01455	0.00919	0.00552	0.00590	0.00178	0.00764	0.00519	0.00296	0.00897
13	0.01382	0.01118	0.01825	0.08226	0.37629	0.01110	0.04279	0.01663	0.01337	0.09442	0.04379	0.12182	0.04388	0.07376	0.00840	0.00226	0.00623	0.00780	0.00404	0.00792
14	0.04143	0.00805	0.01032	0.01049	0.04740	0.00763	0.00733	0.01603	0.08118	0.15187	0.10581	0.36941	0.03013	0.01283	0.00670	0.00207	0.00413	0.01135	0.00574	0.07011
15	0.01510	0.01402	0.06159	0.07514	0.47502	0.01266	0.01576	0.01863	0.01362	0.08110	0.01218	0.01489	0.00967	0.00544	0.00569	0.00166	0.00665	0.00505	0.00341	0.15272
16	0.33804	0.07238	0.01691	0.01812	0.21983	0.20706	0.01143	0.01955	0.01309	0.02088	0.00943	0.01147	0.00776	0.00565	0.00479	0.00172	0.00706	0.00400	0.00327	0.00756
17	0.01263	0.02522	0.53307	0.01614	0.02341	0.01328	0.07364	0.07775	0.01474	0.02137	0.11590	0.01770	0.01494	0.00673	0.00604	0.00190	0.00794	0.00565	0.00345	0.00849
18	0.06040	0.09595	0.02054	0.02498	0.42544	0.05011	0.01389	0.01814	0.01383	0.07607	0.06461	0.08099	0.01531	0.00717	0.00581	0.00179	0.00635	0.00637	0.00380	0.00844

[dist]
# distance from previous block
# <min> <max>
7	15

[block]
# block no. 9 follows, 38 sequences, length 16
# corresponding to MSA columns:
# 491-506
name=unknown_J
#
# <colnr> <probs for GDERKNQSTAVLIFYWHMCP>
#	G	D	E	R	K	N	Q	S	T	A	V	L	I	F	Y	W	H	M	C	P
0	0.01227	0.01040	0.01182	0.01022	0.01277	0.04487	0.04599	0.14680	0.05267	0.02189	0.12236	0.08449	0.29251	0.01164	0.00746	0.00199	0.05215	0.00963	0.04138	0.00669
1	0.01090	0.00920	0.01261	0.06936	0.04935	0.00926	0.06038	0.05853	0.10977	0.01952	0.06585	0.23058	0.15472	0.01224	0.00686	0.00210	0.00492	0.05824	0.00510	0.05052
2	0.01930	0.10160	0.01959	0.01701	0.13475	0.20524	0.01199	0.26064	0.01908	0.02389	0.01140	0.01283	0.00902	0.00617	0.00572	0.00159	0.02316	0.00455	0.00406	0.10842
3	0.01315	0.01013	0.01745	0.01414	0.01737	0.00952	0.23371	0.01688	0.06678	0.13517	0.02716	0.29434	0.09428	0.01157	0.00707	0.00215	0.00589	0.01101	0.00512	0.00711
4	0.01634	0.07325	0.08301	0.02642	0.40887	0.07061	0.06727	0.01985	0.01437	0.10368	0.04902	0.01625	0.01204	0.00600	0.00589	0.00177	0.00728	0.00549	0.00362	0.00894
5	0.01565	0.09033	0.21457	0.01216	0.01685	0.09453	0.01209	0.06114	0.06109	0.10450	0.01508	0.01660	0.01144	0.00999	0.07497	0.00241	0.00753	0.00504	0.15245	0.02159
6	0.01207	0.03112	0.75741	0.01715	0.02604	0.01397	0.02223	0.01905	0.01270	0.01905	0.01080	0.01270	0.00762	0.00572	0.00572	0.00191	0.00889	0.00445	0.00254	0.00889
7	0.01662	0.01464	0.01897	0.19872	0.27954	0.12188	0.01453	0.06537	0.02937	0.10348	0.01312	0.01597	0.01016	0.00892	0.06074	0.00239	0.00822	0.00533	0.00371	0.00832
8	0.08188	0.01464	0.09767	0.25610	0.12891	0.01394	0.06057	0.14412	0.01580	0.06751	0.05169	0.01656	0.01156	0.00643	0.00592	0.00190	0.00715	0.00555	0.00391	0.00819
9	0.07623	0.06854	0.01592	0.01717	0.20634	0.06607	0.01066	0.09442	0.01499	0.06575	0.06541	0.23291	0.02101	0.01000	0.00617	0.00194	0.00568	0.00865	0.00459	0.00755
10	0.00885	0.00687	0.00980	0.00966	0.01072	0.00771	0.00740	0.01083	0.01080	0.01547	0.09098	0.15939	0.02280	0.03306	0.47039	0.00675	0.06961	0.00858	0.00395	0.03637
11	0.01350	0.01309	0.01976	0.11101	0.44441	0.06647	0.02980	0.01654	0.01340	0.01800	0.01577	0.14929	0.01553	0.00830	0.00635	0.00195	0.00687	0.03840	0.00351	0.00803
12	0.01664	0.29840	0.15438	0.13242	0.07485	0.01732	0.01394	0.09556	0.01473	0.11096	0.01195	0.01343	0.00905	0.00591	0.00518	0.00167	0.00702	0.00451	0.00359	0.00848
13	0.01258	0.01791	0.24998	0.01492	0.01990	0.01302	0.12746	0.08553	0.06922	0.02017	0.02430	0.02523	0.18952	0.00880	0.00789	0.00204	0.09255	0.00724	0.00398	0.00776
14	0.00745	0.00584	0.00692	0.00737	0.00868	0.00532	0.00532	0.00897	0.01276	0.01627	0.09638	0.30461	0.37477	0.01947	0.08841	0.00298	0.00458	0.01342	0.00541	0.00509
15	0.01705	0.01687	0.02024	0.20316	0.30001	0.16996	0.01537	0.14664	0.01661	0.02089	0.01131	0.01425	0.00893	0.00602	0.00587	0.00179	0.00802	0.00506	0.00348	0.00845

[dist]
# distance from previous block
# <min> <max>
3	15

# created by:
# /home/cegg/simao/soft/augustus-3.2.1/scripts/msa2prfl.pl ./align_prep/23475.fa
