[name]
unknown

[dist]
# distance from previous block
# <min> <max>
0	26

[block]
# block no. 0 follows, 33 sequences, length 44
# corresponding to MSA columns:
# 26-54,56-70
name=unknown_A
#
# <colnr> <probs for GDERKNQSTAVLIFYWHMCP>
#	G	D	E	R	K	N	Q	S	T	A	V	L	I	F	Y	W	H	M	C	P
0	0.01061	0.00758	0.01061	0.01212	0.01364	0.00758	0.01061	0.01364	0.01515	0.01970	0.03486	0.07426	0.03789	0.01819	0.00909	0.00303	0.00606	0.68326	0.00606	0.00606
1	0.02503	0.01844	0.01976	0.01515	0.02042	0.02042	0.01251	0.70562	0.03095	0.04149	0.01581	0.01581	0.01120	0.00790	0.00659	0.00198	0.00724	0.00593	0.00659	0.01120
2	0.01637	0.01414	0.01489	0.01340	0.01712	0.01637	0.01042	0.03498	0.71568	0.02754	0.02679	0.02456	0.02010	0.00893	0.00670	0.00223	0.00521	0.00744	0.00670	0.01042
3	0.01637	0.01414	0.01489	0.01340	0.01712	0.01637	0.01042	0.03498	0.71568	0.02754	0.02679	0.02456	0.02010	0.00893	0.00670	0.00223	0.00521	0.00744	0.00670	0.01042
4	0.02117	0.02567	0.01916	0.01707	0.01932	0.49948	0.01329	0.02278	0.01577	0.01602	0.00966	0.01272	0.00853	0.00838	0.01120	0.00209	0.26223	0.00475	0.00322	0.00749
5	0.01365	0.01170	0.01365	0.00975	0.01560	0.00878	0.00780	0.01658	0.01365	0.02145	0.01170	0.01365	0.00975	0.00488	0.00488	0.00098	0.00488	0.00390	0.00390	0.80888
6	0.01585	0.01733	0.12440	0.01496	0.01974	0.01623	0.04915	0.03212	0.57311	0.02619	0.02383	0.02260	0.01779	0.00835	0.00669	0.00221	0.00620	0.00707	0.00593	0.01023
7	0.10036	0.01679	0.01437	0.17536	0.02148	0.25004	0.01101	0.03448	0.01621	0.01988	0.10923	0.02796	0.15835	0.00949	0.00649	0.00200	0.00758	0.00743	0.00445	0.00700
8	0.01157	0.02175	0.38310	0.16462	0.02640	0.01242	0.01767	0.01692	0.01421	0.01952	0.05482	0.02806	0.18374	0.00914	0.00675	0.00214	0.00771	0.00754	0.00380	0.00808
9	0.01596	0.05722	0.12417	0.01409	0.01882	0.01672	0.01256	0.03205	0.57300	0.02590	0.02361	0.02222	0.01771	0.00835	0.00650	0.00217	0.00599	0.00685	0.00590	0.01021
10	0.01637	0.01414	0.01489	0.01340	0.01712	0.01637	0.01042	0.03498	0.71568	0.02754	0.02679	0.02456	0.02010	0.00893	0.00670	0.00223	0.00521	0.00744	0.00670	0.01042
11	0.01320	0.03405	0.73453	0.01876	0.02849	0.01529	0.02432	0.02085	0.01390	0.02085	0.01181	0.01390	0.00834	0.00625	0.00625	0.00208	0.00973	0.00486	0.00278	0.00973
12	0.01144	0.00572	0.00858	0.00858	0.00858	0.00572	0.00572	0.00858	0.00858	0.01144	0.01144	0.02001	0.01144	0.02287	0.02573	0.80846	0.00572	0.00572	0.00286	0.00286
13	0.01760	0.77260	0.03450	0.01126	0.01690	0.02605	0.01126	0.01971	0.01338	0.01549	0.00915	0.01056	0.00845	0.00563	0.00422	0.00141	0.00704	0.00352	0.00282	0.00845
14	0.01971	0.61833	0.03090	0.01159	0.01713	0.02347	0.01114	0.06908	0.01533	0.11312	0.01186	0.01251	0.00969	0.00613	0.00471	0.00153	0.00686	0.00410	0.00379	0.00901
15	0.00799	0.00584	0.00752	0.00887	0.00947	0.00537	0.00598	0.00920	0.01289	0.01692	0.03996	0.67971	0.12580	0.02015	0.00833	0.00262	0.00376	0.01813	0.00611	0.00537
16	0.01554	0.01776	0.03885	0.02775	0.03441	0.01665	0.70366	0.02109	0.01554	0.02109	0.01332	0.01776	0.00999	0.00555	0.00777	0.00222	0.01110	0.00777	0.00333	0.00888
17	0.01243	0.01170	0.01975	0.75282	0.04534	0.01463	0.01828	0.01682	0.01316	0.01682	0.01170	0.01755	0.00878	0.00658	0.00658	0.00219	0.00878	0.00585	0.00293	0.00731
18	0.01629	0.01564	0.02672	0.04041	0.72757	0.01564	0.02020	0.02020	0.01499	0.02151	0.01238	0.01629	0.01043	0.00587	0.00652	0.00196	0.00782	0.00587	0.00326	0.01043
19	0.01051	0.00821	0.01077	0.01018	0.01051	0.00971	0.00729	0.01146	0.00996	0.01409	0.01741	0.03247	0.01874	0.41529	0.22686	0.00683	0.16282	0.00810	0.00363	0.00517
20	0.81514	0.01273	0.00968	0.00866	0.01273	0.01477	0.00713	0.01935	0.01120	0.02954	0.00917	0.01069	0.00713	0.00611	0.00407	0.00204	0.00509	0.00356	0.00407	0.00713
21	0.02459	0.03138	0.01866	0.01696	0.02035	0.74221	0.01272	0.02629	0.01866	0.01611	0.01018	0.01187	0.00848	0.00678	0.00594	0.00170	0.01187	0.00424	0.00339	0.00763
22	0.00801	0.00576	0.00761	0.00909	0.00953	0.00535	0.00607	0.00918	0.01268	0.01684	0.03727	0.74154	0.06571	0.02050	0.00838	0.00266	0.00380	0.01856	0.00611	0.00535
23	0.01476	0.01167	0.01376	0.00989	0.01569	0.00884	0.00793	0.01766	0.01401	0.07088	0.01269	0.01426	0.01021	0.00510	0.00500	0.00105	0.00493	0.00409	0.00420	0.75340
24	0.01519	0.01333	0.01915	0.02259	0.31255	0.01166	0.01302	0.01851	0.01435	0.04093	0.01238	0.01499	0.01021	0.00538	0.00561	0.00141	0.00612	0.00479	0.00375	0.45406
25	0.00800	0.00582	0.00755	0.00894	0.00949	0.00537	0.00601	0.00919	0.01283	0.01690	0.03909	0.69976	0.10632	0.02026	0.00835	0.00263	0.00377	0.01827	0.00611	0.00537
26	0.01367	0.06171	0.44493	0.01612	0.02431	0.01389	0.05384	0.01950	0.01388	0.02079	0.01173	0.01386	0.00886	0.00577	0.00581	0.00172	0.00819	0.00466	0.00315	0.25361
27	0.01516	0.07552	0.02467	0.03031	0.46773	0.01472	0.06409	0.01879	0.01508	0.02122	0.07310	0.02049	0.04609	0.00684	0.00643	0.00186	0.00714	0.00649	0.00374	0.08053
28	0.01267	0.02678	0.52135	0.06759	0.02598	0.01343	0.01996	0.01905	0.01446	0.02137	0.10704	0.01885	0.01569	0.00711	0.00635	0.00199	0.00833	0.00579	0.00349	0.08272
29	0.01011	0.01295	0.15590	0.01243	0.07181	0.00858	0.01057	0.01368	0.01607	0.02176	0.28444	0.04451	0.28689	0.01255	0.00736	0.00212	0.00491	0.01071	0.00561	0.00703
30	0.01633	0.01491	0.02096	0.02726	0.38187	0.01600	0.01544	0.02739	0.35594	0.02444	0.01940	0.02032	0.01513	0.00736	0.00661	0.00209	0.00655	0.00663	0.00493	0.01042
31	0.01643	0.03329	0.53171	0.01825	0.02619	0.22124	0.02104	0.02239	0.01525	0.01951	0.01135	0.01332	0.00838	0.00640	0.00616	0.00197	0.01034	0.00469	0.00295	0.00914
32	0.01320	0.03405	0.73453	0.01876	0.02849	0.01529	0.02432	0.02085	0.01390	0.02085	0.01181	0.01390	0.00834	0.00625	0.00625	0.00208	0.00973	0.00486	0.00278	0.00973
33	0.01288	0.02743	0.52351	0.01826	0.02625	0.01399	0.11222	0.01951	0.01489	0.02178	0.12782	0.02015	0.01730	0.00733	0.00670	0.00210	0.00884	0.00640	0.00358	0.00904
34	0.00861	0.00722	0.00907	0.12870	0.01501	0.00697	0.00748	0.01057	0.01402	0.01735	0.04909	0.25558	0.41438	0.01616	0.00776	0.00235	0.00436	0.01396	0.00559	0.00578
35	0.01342	0.19637	0.01761	0.01157	0.01444	0.04298	0.00959	0.01899	0.15491	0.01786	0.01713	0.02131	0.01493	0.02881	0.38386	0.00630	0.01230	0.00616	0.00399	0.00750
36	0.01465	0.00908	0.01263	0.16133	0.01917	0.00934	0.00983	0.07216	0.01547	0.16313	0.02754	0.40180	0.02834	0.01422	0.00752	0.00239	0.00547	0.01262	0.00591	0.00741
37	0.01655	0.01990	0.20430	0.23679	0.16538	0.05281	0.03449	0.07484	0.03281	0.07936	0.01367	0.01651	0.01007	0.00664	0.00649	0.00207	0.00859	0.00567	0.00379	0.00928
38	0.01685	0.01652	0.01447	0.01369	0.03447	0.25083	0.02633	0.02019	0.07709	0.06836	0.11373	0.12036	0.02467	0.10226	0.01082	0.00263	0.04166	0.03282	0.00501	0.00723
39	0.00860	0.00643	0.00798	0.00816	0.00954	0.00582	0.00590	0.01082	0.01610	0.02170	0.37804	0.25340	0.21097	0.01622	0.00795	0.00228	0.00336	0.01428	0.00666	0.00582
40	0.01582	0.34054	0.39405	0.01552	0.02311	0.07032	0.01809	0.02076	0.01401	0.01829	0.01059	0.01237	0.00839	0.00603	0.00539	0.00178	0.00876	0.00426	0.00284	0.00905
41	0.01664	0.01210	0.01895	0.11376	0.32618	0.01195	0.01430	0.01996	0.01599	0.16552	0.10711	0.02735	0.10440	0.00864	0.00685	0.00205	0.00638	0.00772	0.00504	0.00911
42	0.01741	0.00878	0.01117	0.01013	0.01300	0.00802	0.00772	0.02059	0.07103	0.30942	0.03629	0.28914	0.14173	0.01397	0.00744	0.00231	0.00458	0.01211	0.00699	0.00817
43	0.01328	0.03352	0.71171	0.01906	0.02869	0.01533	0.04661	0.02086	0.01395	0.02086	0.01186	0.01403	0.00839	0.00623	0.00630	0.00209	0.00977	0.00496	0.00280	0.00970

[dist]
# distance from previous block
# <min> <max>
0	28

[block]
# block no. 1 follows, 33 sequences, length 18
# corresponding to MSA columns:
# 99-115,117
name=unknown_B
#
# <colnr> <probs for GDERKNQSTAVLIFYWHMCP>
#	G	D	E	R	K	N	Q	S	T	A	V	L	I	F	Y	W	H	M	C	P
0	0.00948	0.01038	0.08054	0.01062	0.01295	0.00857	0.03518	0.01175	0.01380	0.01799	0.06538	0.24718	0.33331	0.01565	0.00939	0.00241	0.09070	0.01314	0.00535	0.00624
1	0.01545	0.03174	0.58033	0.01850	0.02715	0.07702	0.04184	0.09199	0.01611	0.02259	0.01213	0.01404	0.00869	0.00645	0.00631	0.00204	0.00969	0.00501	0.00324	0.00968
2	0.01274	0.01171	0.01990	0.17577	0.28429	0.01211	0.07131	0.01604	0.01398	0.01905	0.02043	0.23609	0.02109	0.01091	0.00732	0.00229	0.00704	0.04581	0.00417	0.00796
3	0.00972	0.00750	0.01088	0.01108	0.01205	0.00866	0.00865	0.01186	0.01142	0.01610	0.02210	0.15938	0.02298	0.03759	0.46950	0.00769	0.07624	0.08647	0.00421	0.00592
4	0.01397	0.01327	0.02253	0.46894	0.31719	0.01503	0.01905	0.01817	0.01389	0.01869	0.01197	0.01705	0.00943	0.00630	0.00656	0.00210	0.00840	0.00586	0.00306	0.00855
5	0.01730	0.02232	0.22664	0.11897	0.02645	0.14438	0.08750	0.04402	0.07397	0.08670	0.01628	0.02125	0.01288	0.00777	0.00672	0.00213	0.00898	0.06268	0.00418	0.00886
6	0.02153	0.21393	0.02511	0.04890	0.08894	0.17118	0.08401	0.09022	0.01762	0.15694	0.01409	0.01521	0.01059	0.00663	0.00596	0.00181	0.00837	0.00526	0.00443	0.00926
7	0.01243	0.01170	0.01975	0.75282	0.04534	0.01463	0.01828	0.01682	0.01316	0.01682	0.01170	0.01755	0.00878	0.00658	0.00658	0.00219	0.00878	0.00585	0.00293	0.00731
8	0.00819	0.00634	0.00750	0.00815	0.00952	0.00565	0.00589	0.00987	0.01441	0.01838	0.12044	0.34677	0.34182	0.01803	0.00810	0.00244	0.00366	0.05302	0.00623	0.00557
9	0.02050	0.02403	0.16833	0.02290	0.20059	0.24882	0.04661	0.04521	0.01702	0.12375	0.01368	0.01532	0.01023	0.00662	0.00635	0.00192	0.00932	0.00533	0.00402	0.00945
10	0.01633	0.02639	0.45131	0.02066	0.06931	0.01470	0.14954	0.02258	0.01503	0.13013	0.01430	0.01607	0.00999	0.00639	0.00661	0.00210	0.00924	0.00574	0.00374	0.00984
11	0.00887	0.00626	0.00736	0.00758	0.00889	0.00557	0.00537	0.00916	0.01280	0.01581	0.04637	0.15095	0.42125	0.01903	0.01306	0.23544	0.00409	0.01222	0.00517	0.00475
12	0.01946	0.02335	0.05257	0.13158	0.22960	0.35665	0.05299	0.02264	0.01643	0.01824	0.01127	0.01438	0.00916	0.00640	0.00631	0.00189	0.01012	0.00516	0.00326	0.00855
13	0.01516	0.01541	0.02355	0.26571	0.31600	0.08419	0.08837	0.01900	0.01471	0.01912	0.01470	0.04755	0.03341	0.00708	0.00673	0.00207	0.00856	0.00666	0.00337	0.00864
14	0.01844	0.01830	0.02140	0.12706	0.30071	0.17732	0.01620	0.12681	0.01805	0.02259	0.01439	0.02072	0.01240	0.00761	0.00664	0.00203	0.00860	0.06760	0.00402	0.00909
15	0.01260	0.01169	0.02006	0.29311	0.19640	0.01253	0.08598	0.01635	0.01461	0.01985	0.12473	0.12344	0.02220	0.00927	0.00712	0.00219	0.00725	0.00873	0.00414	0.00778
16	0.06754	0.01313	0.02006	0.09360	0.08989	0.01327	0.12051	0.09754	0.01723	0.25644	0.01954	0.09874	0.01550	0.00869	0.00741	0.00217	0.03620	0.00766	0.00555	0.00933
17	0.01484	0.01248	0.07767	0.01165	0.01442	0.05288	0.00958	0.11821	0.01661	0.10710	0.02737	0.39359	0.02874	0.03003	0.00799	0.00243	0.00565	0.03027	0.03101	0.00748

[dist]
# distance from previous block
# <min> <max>
0	3

[block]
# block no. 2 follows, 33 sequences, length 23
# corresponding to MSA columns:
# 148-170
name=unknown_C
#
# <colnr> <probs for GDERKNQSTAVLIFYWHMCP>
#	G	D	E	R	K	N	Q	S	T	A	V	L	I	F	Y	W	H	M	C	P
0	0.01514	0.37603	0.14040	0.01201	0.01713	0.04976	0.01195	0.01891	0.04727	0.01847	0.10395	0.01980	0.01733	0.07294	0.00778	0.00206	0.00692	0.00558	0.00375	0.05282
1	0.01230	0.01056	0.01349	0.23379	0.02252	0.01168	0.01081	0.05683	0.17599	0.02212	0.11997	0.03625	0.22548	0.01097	0.00710	0.00218	0.00559	0.00930	0.00545	0.00760
2	0.00950	0.00669	0.00874	0.00874	0.00928	0.00723	0.00593	0.01057	0.01004	0.01392	0.01932	0.03518	0.02050	0.43857	0.35888	0.00831	0.01155	0.00842	0.00378	0.00486
3	0.76496	0.01407	0.05503	0.00929	0.01372	0.01480	0.00821	0.01945	0.01137	0.02899	0.00933	0.01089	0.00721	0.00612	0.00421	0.00204	0.00538	0.00365	0.00399	0.00729
4	0.01530	0.20554	0.30429	0.01507	0.02161	0.01772	0.03388	0.05828	0.16076	0.02244	0.06968	0.01823	0.01516	0.00728	0.00603	0.00195	0.00753	0.00575	0.00416	0.00934
5	0.01059	0.00826	0.01023	0.00875	0.01163	0.00697	0.00668	0.01350	0.01664	0.02410	0.44420	0.07461	0.06231	0.01117	0.00688	0.00176	0.00371	0.00975	0.00609	0.26215
6	0.00940	0.00684	0.00947	0.00931	0.01041	0.00729	0.00691	0.01162	0.01299	0.01843	0.24345	0.03604	0.03221	0.15242	0.39532	0.00720	0.01121	0.00900	0.00479	0.00568
7	0.01680	0.08334	0.32349	0.01639	0.02208	0.11101	0.01723	0.02173	0.04031	0.08935	0.01340	0.03088	0.01057	0.00877	0.02466	0.00232	0.14968	0.00546	0.00365	0.00888
8	0.00797	0.00655	0.00702	0.00718	0.00908	0.00560	0.00528	0.00971	0.01505	0.01853	0.12990	0.15841	0.56315	0.01689	0.00786	0.00227	0.00338	0.01435	0.00623	0.00560
9	0.06210	0.05636	0.01872	0.01415	0.01897	0.01935	0.01162	0.45639	0.21170	0.03581	0.01806	0.01761	0.01322	0.00797	0.00637	0.00202	0.00658	0.00609	0.00629	0.01064
10	0.05066	0.05148	0.06095	0.03148	0.50133	0.01501	0.01758	0.02232	0.01540	0.14925	0.01451	0.01677	0.01115	0.00629	0.00632	0.00195	0.00737	0.00575	0.00412	0.01031
11	0.01689	0.50304	0.23350	0.01386	0.02049	0.07930	0.01511	0.02055	0.01394	0.01707	0.00999	0.01162	0.00842	0.00590	0.00494	0.00162	0.00819	0.00396	0.00285	0.00875
12	0.05420	0.10943	0.01946	0.01507	0.01902	0.40641	0.01185	0.10360	0.15754	0.02172	0.01395	0.01464	0.01103	0.00718	0.00589	0.00182	0.00921	0.00496	0.00437	0.00866
13	0.00957	0.00638	0.00718	0.00718	0.00718	0.00638	0.00399	0.00957	0.00957	0.01276	0.02074	0.04308	0.02393	0.76864	0.03351	0.00638	0.00638	0.00957	0.00399	0.00399
14	0.00854	0.00643	0.00790	0.00810	0.00950	0.00579	0.00586	0.01071	0.01596	0.02139	0.35444	0.25445	0.23421	0.01634	0.00795	0.00228	0.00337	0.01436	0.00662	0.00579
15	0.01573	0.06685	0.21118	0.09289	0.06053	0.01625	0.04824	0.05491	0.27972	0.04046	0.01813	0.01893	0.01353	0.00735	0.00640	0.00209	0.00736	0.00616	0.02360	0.00967
16	0.01442	0.10930	0.43857	0.02078	0.02910	0.01689	0.23749	0.02080	0.01436	0.02034	0.01200	0.01475	0.00887	0.00596	0.00651	0.00205	0.00987	0.00564	0.00296	0.00932
17	0.00867	0.00670	0.00790	0.00760	0.00944	0.00594	0.00570	0.01117	0.01711	0.02277	0.44749	0.05514	0.34099	0.01481	0.00777	0.00213	0.00320	0.01274	0.00677	0.00594
18	0.02043	0.02264	0.01674	0.01515	0.01871	0.37425	0.01155	0.03070	0.37201	0.02190	0.01860	0.01831	0.01437	0.00787	0.00632	0.00197	0.00849	0.00586	0.00507	0.00905
19	0.01611	0.09208	0.37325	0.15561	0.02877	0.14498	0.01935	0.05927	0.01551	0.01995	0.01150	0.01405	0.00862	0.00645	0.00610	0.00197	0.00956	0.00488	0.00313	0.00888
20	0.06139	0.01127	0.01505	0.01159	0.01664	0.00988	0.00957	0.03157	0.01853	0.70364	0.02529	0.02193	0.01592	0.00807	0.00652	0.00204	0.00558	0.00650	0.00798	0.01104
21	0.02503	0.01844	0.01976	0.01515	0.02042	0.02042	0.01251	0.70562	0.03095	0.04149	0.01581	0.01581	0.01120	0.00790	0.00659	0.00198	0.00724	0.00593	0.00659	0.01120
22	0.01721	0.01617	0.07797	0.09952	0.53355	0.01485	0.01915	0.02129	0.01518	0.10127	0.01381	0.01692	0.01079	0.00622	0.00652	0.00200	0.00780	0.00587	0.00374	0.01018

[dist]
# distance from previous block
# <min> <max>
0	1

[block]
# block no. 3 follows, 33 sequences, length 7
# corresponding to MSA columns:
# 172-178
name=unknown_D
#
# <colnr> <probs for GDERKNQSTAVLIFYWHMCP>
#	G	D	E	R	K	N	Q	S	T	A	V	L	I	F	Y	W	H	M	C	P
0	0.01624	0.01015	0.01464	0.10363	0.10317	0.01031	0.01086	0.03548	0.01586	0.20834	0.12726	0.11097	0.08510	0.01396	0.06521	0.00284	0.04291	0.00916	0.00574	0.00816
1	0.02036	0.13193	0.01998	0.01589	0.05986	0.32221	0.01193	0.10122	0.15376	0.02150	0.01799	0.01847	0.06175	0.00780	0.00607	0.00184	0.00852	0.00572	0.00449	0.00871
2	0.01376	0.15982	0.06905	0.09349	0.01956	0.01293	0.01067	0.01687	0.01347	0.01934	0.01334	0.07833	0.01221	0.00667	0.00534	0.00142	0.00598	0.00539	0.00369	0.43866
3	0.07224	0.01166	0.01190	0.01090	0.01358	0.07305	0.00817	0.10630	0.05714	0.10176	0.02449	0.29668	0.02462	0.04919	0.00812	0.00236	0.00549	0.01059	0.04733	0.06443
4	0.06867	0.14762	0.08324	0.01469	0.01979	0.13196	0.06193	0.10483	0.03679	0.14783	0.01425	0.01513	0.01062	0.00699	0.00675	0.00187	0.05155	0.00516	0.00460	0.06572
5	0.10716	0.10379	0.10361	0.05601	0.01912	0.12919	0.01191	0.10445	0.01680	0.09650	0.01921	0.09163	0.06359	0.00877	0.00609	0.00195	0.00722	0.00680	0.00467	0.04152
6	0.07306	0.14412	0.02248	0.01908	0.15536	0.07043	0.08214	0.10706	0.02981	0.02240	0.04574	0.02046	0.06121	0.02483	0.05681	0.00261	0.04342	0.00635	0.00413	0.00851

[dist]
# distance from previous block
# <min> <max>
6	56

[block]
# block no. 4 follows, 33 sequences, length 18
# corresponding to MSA columns:
# 235-252
name=unknown_E
#
# <colnr> <probs for GDERKNQSTAVLIFYWHMCP>
#	G	D	E	R	K	N	Q	S	T	A	V	L	I	F	Y	W	H	M	C	P
0	0.03435	0.17741	0.09324	0.10823	0.15934	0.03650	0.01464	0.13763	0.01701	0.02292	0.03365	0.01751	0.03939	0.00799	0.02439	0.00205	0.00767	0.00558	0.00394	0.05656
1	0.01413	0.01369	0.09052	0.11579	0.19014	0.02801	0.01383	0.03555	0.03328	0.07938	0.04656	0.20895	0.06316	0.01108	0.00744	0.00223	0.02358	0.00974	0.00477	0.00819
2	0.01350	0.05682	0.06171	0.20670	0.14447	0.01335	0.05005	0.07041	0.01499	0.02019	0.01976	0.14570	0.05806	0.01117	0.03863	0.00246	0.00758	0.00836	0.00408	0.05200
3	0.06283	0.09652	0.04989	0.02160	0.22125	0.13763	0.01432	0.20729	0.01944	0.04701	0.01362	0.03261	0.01117	0.02843	0.00687	0.00201	0.00798	0.00563	0.00440	0.00949
4	0.01654	0.01573	0.05584	0.06336	0.27291	0.05900	0.01460	0.02402	0.19565	0.06747	0.03411	0.02107	0.04628	0.00748	0.00646	0.00196	0.00685	0.00649	0.00469	0.07948
5	0.01910	0.04122	0.07771	0.14446	0.20030	0.04966	0.03333	0.04326	0.11492	0.18392	0.01726	0.01850	0.01254	0.00705	0.00649	0.00204	0.00750	0.00607	0.00485	0.00981
6	0.81514	0.01273	0.00968	0.00866	0.01273	0.01477	0.00713	0.01935	0.01120	0.02954	0.00917	0.01069	0.00713	0.00611	0.00407	0.00204	0.00509	0.00356	0.00407	0.00713
7	0.01560	0.01401	0.01792	0.01684	0.07521	0.01589	0.07284	0.02951	0.49710	0.02477	0.02261	0.02280	0.01744	0.01188	0.06848	0.00294	0.05159	0.00721	0.00563	0.00972
8	0.01125	0.00900	0.01294	0.01207	0.01264	0.01129	0.00943	0.01233	0.01004	0.01467	0.01407	0.02237	0.01367	0.07203	0.36852	0.14161	0.23659	0.00658	0.00325	0.00567
9	0.00903	0.00672	0.00840	0.00798	0.00966	0.00609	0.00598	0.01186	0.01795	0.02477	0.59988	0.05186	0.18735	0.01407	0.00777	0.00210	0.00315	0.01228	0.00703	0.00609
10	0.01052	0.00817	0.01018	0.00884	0.01160	0.00691	0.00669	0.01336	0.01642	0.02381	0.42712	0.11649	0.04379	0.01157	0.00694	0.00180	0.00373	0.01016	0.00608	0.25581
11	0.00862	0.00648	0.00799	0.00808	0.00953	0.00584	0.00588	0.01090	0.01630	0.02196	0.39594	0.22003	0.22645	0.01595	0.00792	0.00225	0.00333	0.01400	0.00669	0.00584
12	0.01242	0.01170	0.01627	0.01476	0.01488	0.01555	0.01182	0.01377	0.01087	0.01614	0.01724	0.24769	0.01950	0.01435	0.01750	0.00282	0.52242	0.00979	0.00389	0.00662
13	0.00802	0.00573	0.00764	0.00917	0.00955	0.00535	0.00611	0.00917	0.01260	0.01681	0.03628	0.76434	0.04354	0.02062	0.00840	0.00267	0.00382	0.01872	0.00611	0.00535
14	0.00949	0.00706	0.00982	0.00999	0.01107	0.00777	0.00743	0.01225	0.04480	0.01683	0.07904	0.16409	0.02590	0.09905	0.45513	0.00770	0.01241	0.00981	0.00449	0.00587
15	0.02105	0.25257	0.02612	0.04543	0.06020	0.02140	0.06314	0.37744	0.02278	0.02984	0.01320	0.01441	0.01012	0.00686	0.00593	0.00182	0.00755	0.00531	0.00485	0.00998
16	0.01738	0.59029	0.15414	0.01284	0.01915	0.02378	0.01361	0.06989	0.01475	0.01831	0.01010	0.01152	0.00863	0.00590	0.00475	0.00157	0.00752	0.00393	0.00308	0.00887
17	0.06600	0.02332	0.01974	0.11198	0.05434	0.39458	0.05424	0.10582	0.01868	0.07268	0.01242	0.01432	0.00951	0.00684	0.00618	0.00188	0.00987	0.00506	0.00409	0.00845

[dist]
# distance from previous block
# <min> <max>
0	1

[block]
# block no. 5 follows, 33 sequences, length 36
# corresponding to MSA columns:
# 254-259,261-266,268-291
name=unknown_F
#
# <colnr> <probs for GDERKNQSTAVLIFYWHMCP>
#	G	D	E	R	K	N	Q	S	T	A	V	L	I	F	Y	W	H	M	C	P
0	0.01278	0.01120	0.01561	0.01691	0.17655	0.01004	0.04042	0.04670	0.01551	0.02166	0.08874	0.07857	0.17859	0.00973	0.00660	0.00179	0.00535	0.00855	0.00479	0.24990
1	0.02248	0.02119	0.29979	0.01496	0.02190	0.01333	0.01584	0.11802	0.01852	0.35870	0.01902	0.01816	0.01247	0.00737	0.00647	0.00205	0.00745	0.00583	0.00582	0.01062
2	0.01844	0.01133	0.01212	0.01006	0.01331	0.01202	0.00806	0.28947	0.02092	0.07746	0.01953	0.02095	0.01459	0.00779	0.00552	0.00174	0.00489	0.00608	0.43725	0.00847
3	0.10984	0.01418	0.06626	0.04631	0.35696	0.01331	0.01503	0.01918	0.06066	0.02357	0.15481	0.02507	0.02191	0.00818	0.00658	0.00207	0.00647	0.03627	0.00445	0.00887
4	0.04659	0.00745	0.00951	0.00914	0.01108	0.00718	0.00691	0.01414	0.01500	0.11590	0.22331	0.18213	0.14246	0.02144	0.15310	0.00389	0.00658	0.01152	0.00610	0.00659
5	0.00827	0.00606	0.00781	0.00913	0.00978	0.00569	0.00623	0.00994	0.03037	0.01722	0.03858	0.67045	0.10026	0.01994	0.00832	0.00263	0.00387	0.03380	0.00612	0.00551
6	0.02053	0.02454	0.02124	0.16172	0.12674	0.45528	0.05699	0.02329	0.01689	0.01732	0.01097	0.01395	0.00891	0.00654	0.00625	0.00186	0.01066	0.00499	0.00328	0.00805
7	0.06887	0.15031	0.10905	0.05717	0.06341	0.27232	0.05133	0.08396	0.01717	0.05142	0.01171	0.01352	0.00917	0.00651	0.00583	0.00183	0.00926	0.00478	0.00372	0.00868
8	0.01655	0.00840	0.01036	0.00900	0.01216	0.00724	0.00705	0.01869	0.01675	0.30063	0.11967	0.09345	0.32703	0.01323	0.00736	0.00216	0.00424	0.01114	0.00704	0.00784
9	0.00937	0.00572	0.00801	0.00893	0.00916	0.00549	0.00596	0.00893	0.01101	0.01469	0.02648	0.47053	0.03087	0.02151	0.01524	0.32075	0.00457	0.01358	0.00483	0.00436
10	0.01699	0.01650	0.01759	0.01889	0.17657	0.15314	0.01222	0.10280	0.05134	0.02220	0.01892	0.02088	0.08474	0.01052	0.05498	0.00237	0.04226	0.00620	0.02000	0.15089
11	0.02770	0.02314	0.36566	0.01941	0.05851	0.01398	0.16733	0.01863	0.01433	0.02039	0.02106	0.02513	0.11247	0.00842	0.00753	0.00221	0.03821	0.04362	0.00360	0.00864
12	0.00861	0.00623	0.00823	0.00943	0.01027	0.00585	0.00685	0.01033	0.01387	0.01841	0.11083	0.51445	0.09341	0.01915	0.00841	0.00264	0.00411	0.13712	0.00622	0.00558
13	0.02919	0.01176	0.01562	0.01198	0.01708	0.01050	0.00989	0.08405	0.01978	0.67884	0.02519	0.02190	0.01590	0.00813	0.00662	0.00203	0.00573	0.00657	0.00803	0.01120
14	0.01533	0.01564	0.03624	0.25823	0.27206	0.06843	0.10679	0.05136	0.01549	0.02024	0.01618	0.01987	0.06101	0.00700	0.00675	0.00207	0.00853	0.00655	0.00353	0.00871
15	0.01429	0.01360	0.02310	0.41020	0.37344	0.01511	0.01921	0.01845	0.01404	0.01907	0.01203	0.01695	0.00957	0.00624	0.00655	0.00208	0.00832	0.00586	0.00309	0.00881
16	0.01302	0.01237	0.01751	0.01543	0.01575	0.01686	0.01269	0.01471	0.01022	0.01569	0.01113	0.01758	0.01081	0.02200	0.22116	0.00501	0.55205	0.00612	0.00306	0.00684
17	0.01544	0.01391	0.02079	0.15537	0.32563	0.01365	0.01533	0.07134	0.01547	0.02220	0.01231	0.01564	0.00998	0.00584	0.00601	0.00169	0.00701	0.00524	0.00366	0.26350
18	0.01389	0.06418	0.09694	0.01392	0.01740	0.01417	0.04922	0.09476	0.12097	0.02105	0.01669	0.02088	0.01404	0.02561	0.32226	0.00575	0.06967	0.00645	0.00416	0.00803
19	0.00850	0.00662	0.00771	0.00759	0.00937	0.00584	0.00564	0.01078	0.01647	0.02162	0.36307	0.11100	0.37116	0.01552	0.00782	0.00219	0.00327	0.01336	0.00663	0.00584
20	0.01629	0.01564	0.02672	0.04041	0.72757	0.01564	0.02020	0.02020	0.01499	0.02151	0.01238	0.01629	0.01043	0.00587	0.00652	0.00196	0.00782	0.00587	0.00326	0.01043
21	0.00957	0.00638	0.00718	0.00718	0.00718	0.00638	0.00399	0.00957	0.00957	0.01276	0.02074	0.04308	0.02393	0.76864	0.03351	0.00638	0.00638	0.00957	0.00399	0.00399
22	0.01583	0.01274	0.01395	0.01267	0.01607	0.01434	0.00994	0.03092	0.55844	0.06034	0.10373	0.03054	0.02573	0.01002	0.00697	0.00226	0.00506	0.05396	0.00678	0.00970
23	0.01366	0.01256	0.01959	0.02771	0.44451	0.01241	0.01469	0.01791	0.05820	0.02176	0.11776	0.03064	0.16240	0.00924	0.00695	0.00204	0.00613	0.00838	0.00457	0.00889
24	0.76320	0.01263	0.01005	0.00886	0.01300	0.01443	0.00730	0.02019	0.01171	0.07599	0.01028	0.01147	0.00774	0.00625	0.00424	0.00204	0.00513	0.00377	0.00434	0.00740
25	0.01538	0.01285	0.01332	0.06006	0.01617	0.07811	0.00928	0.22376	0.02129	0.02769	0.26597	0.03638	0.17024	0.01135	0.00716	0.00205	0.00558	0.00939	0.00618	0.00780
26	0.05161	0.00873	0.01191	0.01051	0.01327	0.00868	0.00835	0.01946	0.01494	0.27368	0.14182	0.02798	0.02385	0.02660	0.32132	0.00569	0.01029	0.00758	0.00584	0.00789
27	0.02107	0.09204	0.06659	0.01519	0.01954	0.30593	0.01267	0.18120	0.12549	0.02385	0.01448	0.01562	0.01137	0.01001	0.05417	0.00242	0.00960	0.00527	0.00454	0.00897
28	0.01673	0.15218	0.02284	0.36596	0.10648	0.19429	0.01588	0.02000	0.01474	0.01691	0.01095	0.01479	0.00882	0.00639	0.00600	0.00191	0.00912	0.00504	0.00306	0.00792
29	0.00838	0.00669	0.00750	0.00730	0.00926	0.00581	0.00547	0.01061	0.01642	0.02115	0.32352	0.05782	0.46597	0.01542	0.00777	0.00216	0.00325	0.01312	0.00656	0.00581
30	0.00814	0.00631	0.00742	0.00793	0.00931	0.00559	0.00565	0.00985	0.01469	0.01889	0.16872	0.33760	0.34099	0.01768	0.00802	0.00237	0.00349	0.01545	0.00631	0.00559
31	0.01379	0.02155	0.30558	0.17014	0.16426	0.01410	0.03890	0.01916	0.01396	0.02027	0.01192	0.01517	0.00913	0.00598	0.00617	0.00189	0.00835	0.00517	0.00312	0.15141
32	0.02092	0.02176	0.01611	0.01415	0.01736	0.40507	0.01087	0.05412	0.01804	0.08481	0.10636	0.01897	0.01697	0.00808	0.00715	0.00181	0.05818	0.00574	0.05337	0.06014
33	0.01118	0.06271	0.25346	0.01315	0.01739	0.01156	0.01354	0.01515	0.01180	0.01701	0.01536	0.02194	0.01370	0.07444	0.41026	0.00694	0.01369	0.00626	0.00326	0.00721
34	0.19405	0.01309	0.01382	0.01044	0.01579	0.01211	0.00846	0.13578	0.01608	0.02670	0.01184	0.01336	0.00942	0.00567	0.00499	0.00138	0.00533	0.00417	0.00440	0.49310
35	0.01689	0.15962	0.32924	0.02115	0.16329	0.07397	0.01888	0.10279	0.01643	0.02213	0.01180	0.01385	0.00912	0.00630	0.00596	0.00190	0.00874	0.00490	0.00338	0.00965

[dist]
# distance from previous block
# <min> <max>
0	2

[block]
# block no. 6 follows, 33 sequences, length 27
# corresponding to MSA columns:
# 294-320
name=unknown_G
#
# <colnr> <probs for GDERKNQSTAVLIFYWHMCP>
#	G	D	E	R	K	N	Q	S	T	A	V	L	I	F	Y	W	H	M	C	P
0	0.02083	0.01777	0.01736	0.01588	0.07721	0.13868	0.01156	0.33763	0.08853	0.04309	0.01956	0.02126	0.05738	0.05680	0.00818	0.00223	0.00736	0.00653	0.04274	0.00941
1	0.01767	0.01469	0.02224	0.02954	0.46473	0.03454	0.01600	0.02113	0.01531	0.11240	0.01392	0.01639	0.01098	0.00597	0.00616	0.00175	0.00703	0.00550	0.00403	0.18002
2	0.01011	0.00797	0.00979	0.00906	0.01161	0.00666	0.00663	0.01219	0.01401	0.01987	0.13112	0.35562	0.08137	0.01394	0.00707	0.00198	0.00404	0.01234	0.00553	0.27911
3	0.01752	0.01400	0.01573	0.01159	0.01724	0.01274	0.00941	0.25121	0.01954	0.02828	0.01310	0.01438	0.01024	0.00591	0.00546	0.00132	0.00568	0.00459	0.00481	0.53725
4	0.01932	0.01561	0.01654	0.01399	0.01824	0.01775	0.01113	0.26335	0.48251	0.03229	0.02305	0.02158	0.01707	0.00858	0.00666	0.00215	0.00590	0.00693	0.00666	0.01068
5	0.00818	0.00656	0.00733	0.00760	0.00938	0.00571	0.00564	0.01003	0.01511	0.01893	0.15263	0.18210	0.48018	0.01697	0.00795	0.00232	0.00352	0.04794	0.00627	0.00564
6	0.00802	0.00573	0.00764	0.00917	0.00955	0.00535	0.00611	0.00917	0.01260	0.01681	0.03628	0.76434	0.04354	0.02062	0.00840	0.00267	0.00382	0.01872	0.00611	0.00535
7	0.00792	0.00614	0.00722	0.00808	0.00926	0.00544	0.00563	0.00929	0.01365	0.01723	0.04951	0.45955	0.33980	0.01891	0.00813	0.00248	0.00361	0.01662	0.00611	0.00544
8	0.00940	0.00705	0.01058	0.01058	0.01176	0.00823	0.00823	0.01176	0.01058	0.01528	0.01763	0.02586	0.01646	0.04937	0.74255	0.01058	0.01763	0.00705	0.00353	0.00588
9	0.01000	0.00755	0.01034	0.06031	0.01242	0.00863	0.00747	0.01142	0.01029	0.01433	0.01800	0.03203	0.01867	0.35564	0.33921	0.00770	0.05913	0.00798	0.00364	0.00524
10	0.34062	0.02133	0.01497	0.01313	0.01709	0.33133	0.01028	0.09403	0.01696	0.06893	0.01134	0.01247	0.00871	0.00672	0.00530	0.00188	0.00829	0.00429	0.00429	0.00802
11	0.81514	0.01273	0.00968	0.00866	0.01273	0.01477	0.00713	0.01935	0.01120	0.02954	0.00917	0.01069	0.00713	0.00611	0.00407	0.00204	0.00509	0.00356	0.00407	0.00713
12	0.01857	0.01633	0.01840	0.01994	0.18596	0.09078	0.01294	0.15277	0.26724	0.05016	0.05720	0.02222	0.04142	0.00827	0.00665	0.00205	0.00673	0.00689	0.00558	0.00992
13	0.01227	0.00614	0.00614	0.00614	0.00767	0.00614	0.00460	0.01534	0.01381	0.02454	0.02148	0.02454	0.01687	0.00767	0.00460	0.00153	0.00307	0.00614	0.80518	0.00614
14	0.00973	0.00846	0.01152	0.11146	0.01658	0.00829	0.05232	0.01301	0.05094	0.01850	0.04653	0.12906	0.38737	0.01479	0.00779	0.00237	0.00506	0.09441	0.00552	0.00630
15	0.01390	0.01097	0.01488	0.01368	0.01483	0.01339	0.01113	0.01695	0.06101	0.08454	0.06613	0.15291	0.02443	0.01383	0.01394	0.00270	0.33174	0.12681	0.00500	0.00722
16	0.01554	0.01776	0.03885	0.02775	0.03441	0.01665	0.70366	0.02109	0.01554	0.02109	0.01332	0.01776	0.00999	0.00555	0.00777	0.00222	0.01110	0.00777	0.00333	0.00888
17	0.01086	0.00954	0.01327	0.01738	0.22076	0.00906	0.00998	0.01404	0.04760	0.02000	0.10579	0.13891	0.33070	0.01336	0.00744	0.00219	0.00478	0.01169	0.00541	0.00725
18	0.03762	0.01096	0.01082	0.00939	0.01221	0.08401	0.00732	0.01766	0.01495	0.08582	0.08608	0.02505	0.06655	0.00848	0.00653	0.00169	0.05179	0.00656	0.30951	0.14700
19	0.20143	0.05826	0.01564	0.01266	0.01653	0.29187	0.00999	0.02433	0.01675	0.19004	0.08736	0.01789	0.01557	0.00759	0.00578	0.00188	0.00771	0.00541	0.00504	0.00826
20	0.01194	0.00922	0.01266	0.06207	0.01540	0.00943	0.05237	0.12653	0.01653	0.02223	0.11434	0.39438	0.03475	0.05627	0.00924	0.00263	0.00530	0.03216	0.00582	0.00673
21	0.01500	0.01184	0.01777	0.01451	0.01796	0.01176	0.16444	0.17625	0.01837	0.05611	0.04673	0.23792	0.08634	0.01227	0.00747	0.00226	0.00630	0.03306	0.05576	0.00788
22	0.01706	0.07612	0.01747	0.11262	0.08550	0.15853	0.01177	0.08910	0.05535	0.06581	0.08374	0.10011	0.08014	0.00977	0.00666	0.00202	0.00714	0.00804	0.00493	0.00811
23	0.01513	0.06874	0.12827	0.01459	0.05497	0.09007	0.01209	0.11031	0.01504	0.01975	0.01630	0.08961	0.01621	0.20001	0.03533	0.00343	0.09120	0.00750	0.00403	0.00744
24	0.01109	0.00977	0.01535	0.01574	0.12062	0.00935	0.11020	0.01289	0.01367	0.01765	0.03733	0.08504	0.32321	0.01445	0.01113	0.13212	0.03894	0.01042	0.00461	0.00640
25	0.26179	0.01381	0.01726	0.08173	0.26469	0.05277	0.01291	0.02004	0.01417	0.08900	0.05750	0.01850	0.01368	0.04752	0.00727	0.00224	0.00670	0.00572	0.00423	0.00847
26	0.40419	0.05128	0.05859	0.01079	0.01487	0.01380	0.00954	0.05632	0.01408	0.11848	0.01782	0.05080	0.04480	0.00883	0.00623	0.00216	0.03767	0.06699	0.00490	0.00788

[dist]
# distance from previous block
# <min> <max>
0	10

[block]
# block no. 7 follows, 33 sequences, length 16
# corresponding to MSA columns:
# 331-346
name=unknown_H
#
# <colnr> <probs for GDERKNQSTAVLIFYWHMCP>
#	G	D	E	R	K	N	Q	S	T	A	V	L	I	F	Y	W	H	M	C	P
0	0.01891	0.02093	0.05444	0.04197	0.08629	0.34353	0.01224	0.02234	0.05445	0.05578	0.01619	0.08074	0.01412	0.01060	0.04873	0.00239	0.00924	0.00640	0.09286	0.00788
1	0.01157	0.00877	0.01284	0.25381	0.02252	0.00909	0.01055	0.01408	0.01332	0.06447	0.02457	0.37964	0.02625	0.01329	0.00726	0.00227	0.00569	0.01191	0.00493	0.10316
2	0.01678	0.01679	0.01399	0.01278	0.01577	0.21698	0.00971	0.08098	0.23211	0.02311	0.10112	0.10935	0.10129	0.01088	0.00690	0.00209	0.00666	0.00886	0.00569	0.00815
3	0.01636	0.00827	0.01082	0.01006	0.01264	0.00747	0.00773	0.01883	0.03408	0.27910	0.09561	0.28280	0.11145	0.01452	0.00763	0.00235	0.00455	0.06100	0.00696	0.00777
4	0.01955	0.05666	0.02209	0.02440	0.29251	0.12226	0.01497	0.08731	0.01673	0.10629	0.01333	0.01559	0.01054	0.00706	0.00802	0.00193	0.09800	0.00543	0.00416	0.07316
5	0.11793	0.01515	0.01658	0.01479	0.06422	0.03543	0.01110	0.24221	0.19935	0.16782	0.01952	0.01923	0.01413	0.02456	0.00689	0.00215	0.00629	0.00620	0.00625	0.01020
6	0.00891	0.00625	0.00749	0.00789	0.00841	0.00597	0.00502	0.00982	0.01218	0.01626	0.12339	0.26703	0.09531	0.37355	0.02015	0.00431	0.00490	0.01306	0.00526	0.00484
7	0.01320	0.03405	0.73453	0.01876	0.02849	0.01529	0.02432	0.02085	0.01390	0.02085	0.01181	0.01390	0.00834	0.00625	0.00625	0.00208	0.00973	0.00486	0.00278	0.00973
8	0.05620	0.01638	0.02215	0.05080	0.28710	0.10705	0.09631	0.05766	0.05698	0.05218	0.07667	0.02083	0.04036	0.00751	0.00695	0.00202	0.02272	0.00670	0.00433	0.00909
9	0.00887	0.00626	0.00745	0.00785	0.00841	0.00595	0.00501	0.00977	0.01219	0.01617	0.11373	0.26324	0.11600	0.36684	0.01992	0.00427	0.00487	0.01310	0.00526	0.00484
10	0.00819	0.00600	0.00764	0.00887	0.00959	0.00554	0.00612	0.00948	0.01302	0.01698	0.04039	0.58954	0.14887	0.04681	0.00925	0.00276	0.00396	0.05558	0.00603	0.00537
11	0.11520	0.02210	0.04264	0.05323	0.09667	0.34730	0.01277	0.06238	0.01744	0.11407	0.01333	0.01474	0.01010	0.00686	0.00589	0.00185	0.00893	0.00493	0.04102	0.00853
12	0.06129	0.01683	0.02370	0.09102	0.35594	0.05236	0.06186	0.20896	0.01924	0.02674	0.01305	0.01585	0.01020	0.00653	0.00647	0.00199	0.00801	0.00580	0.00420	0.00996
13	0.01049	0.00716	0.01018	0.00985	0.01128	0.00767	0.00755	0.01294	0.01319	0.05739	0.21180	0.03290	0.02932	0.07239	0.46638	0.00758	0.01245	0.00848	0.00482	0.00617
14	0.23162	0.04153	0.01967	0.01703	0.07245	0.19174	0.09551	0.10457	0.01647	0.05347	0.01188	0.01439	0.00946	0.02398	0.00765	0.00211	0.06888	0.00514	0.00410	0.00835
15	0.22736	0.05257	0.00952	0.00780	0.01059	0.00937	0.00618	0.01333	0.01462	0.02258	0.18086	0.04317	0.35491	0.01252	0.00657	0.00209	0.00398	0.01009	0.00560	0.00628

[dist]
# distance from previous block
# <min> <max>
42	93

[block]
# block no. 8 follows, 33 sequences, length 17
# corresponding to MSA columns:
# 446-462
name=unknown_I
#
# <colnr> <probs for GDERKNQSTAVLIFYWHMCP>
#	G	D	E	R	K	N	Q	S	T	A	V	L	I	F	Y	W	H	M	C	P
0	0.12134	0.02074	0.25708	0.14836	0.06537	0.05355	0.04712	0.05532	0.01442	0.02163	0.03266	0.04410	0.01159	0.00794	0.00763	0.03069	0.04277	0.00587	0.00353	0.00829
1	0.01523	0.08005	0.10016	0.01174	0.01560	0.01197	0.01063	0.07152	0.11332	0.11141	0.08042	0.06534	0.12942	0.01214	0.00821	0.05301	0.00575	0.09035	0.00567	0.00805
2	0.01570	0.01474	0.02111	0.16115	0.25262	0.06945	0.05385	0.04398	0.05705	0.04247	0.07702	0.05265	0.01657	0.00827	0.00829	0.00215	0.08309	0.00705	0.00412	0.00868
3	0.12339	0.01669	0.01759	0.01388	0.01880	0.01846	0.01138	0.49069	0.11108	0.08660	0.01702	0.01669	0.01213	0.00782	0.00629	0.00202	0.00661	0.00586	0.00639	0.01059
4	0.01450	0.01379	0.02322	0.28640	0.45187	0.01475	0.01872	0.01845	0.01436	0.01968	0.01505	0.01925	0.04803	0.00669	0.00661	0.00205	0.00791	0.00629	0.00330	0.00908
5	0.58231	0.01299	0.01122	0.00995	0.01400	0.01488	0.00805	0.02377	0.18005	0.06648	0.01428	0.01463	0.01072	0.00689	0.00484	0.00208	0.00515	0.00465	0.00492	0.00813
6	0.00940	0.00705	0.01058	0.01058	0.01176	0.00823	0.00823	0.01176	0.01058	0.01528	0.01763	0.02586	0.01646	0.04937	0.74255	0.01058	0.01763	0.00705	0.00353	0.00588
7	0.02490	0.01499	0.01718	0.01357	0.01846	0.01576	0.01108	0.32984	0.16439	0.28565	0.02165	0.01993	0.01481	0.00820	0.00662	0.00205	0.00625	0.00648	0.00717	0.01104
8	0.02503	0.01844	0.01976	0.01515	0.02042	0.02042	0.01251	0.70562	0.03095	0.04149	0.01581	0.01581	0.01120	0.00790	0.00659	0.00198	0.00724	0.00593	0.00659	0.01120
9	0.01837	0.01287	0.01467	0.01237	0.01540	0.01400	0.00960	0.37003	0.07007	0.02872	0.01779	0.10888	0.01583	0.01390	0.01241	0.23787	0.00624	0.00753	0.00545	0.00799
10	0.06378	0.00819	0.01005	0.03587	0.01282	0.00825	0.00778	0.01463	0.06330	0.04099	0.14024	0.15527	0.12543	0.01874	0.10917	0.00342	0.00628	0.09460	0.02989	0.05130
11	0.00878	0.00613	0.00781	0.00885	0.00924	0.00590	0.00592	0.00976	0.01192	0.01584	0.03127	0.46624	0.03681	0.25454	0.01633	0.00387	0.00486	0.08548	0.00544	0.00500
12	0.01760	0.77260	0.03450	0.01126	0.01690	0.02605	0.01126	0.01971	0.01338	0.01549	0.00915	0.01056	0.00845	0.00563	0.00422	0.00141	0.00704	0.00352	0.00282	0.00845
13	0.01578	0.05838	0.07161	0.40668	0.14490	0.05515	0.01752	0.11372	0.01627	0.02114	0.01216	0.01616	0.00931	0.00659	0.00638	0.00205	0.00855	0.00558	0.00349	0.00859
14	0.02017	0.01434	0.02338	0.03202	0.51977	0.01390	0.01713	0.02368	0.01612	0.22927	0.01636	0.01808	0.01214	0.00653	0.00655	0.00198	0.00717	0.00609	0.00469	0.01065
15	0.00861	0.00643	0.00772	0.00790	0.00917	0.00584	0.00557	0.01045	0.01505	0.01998	0.28714	0.22123	0.24086	0.11078	0.01115	0.00280	0.00375	0.01378	0.00625	0.00554
16	0.10818	0.01838	0.07121	0.18374	0.11378	0.11719	0.09904	0.10603	0.07741	0.02351	0.01330	0.01599	0.01015	0.00669	0.00633	0.00205	0.00852	0.00568	0.00398	0.00883

[dist]
# distance from previous block
# <min> <max>
0	4

# created by:
# /home/cegg/simao/soft/augustus-3.2.1/scripts/msa2prfl.pl ./align_prep/23514.fa
