[name]
unknown

[dist]
# distance from previous block
# <min> <max>
0	148

[block]
# block no. 0 follows, 45 sequences, length 17
# corresponding to MSA columns:
# 148-164
name=unknown_A
#
# <colnr> <probs for GDERKNQSTAVLIFYWHMCP>
#	G	D	E	R	K	N	Q	S	T	A	V	L	I	F	Y	W	H	M	C	P
0	0.03679	0.06348	0.03676	0.00866	0.01076	0.00722	0.06214	0.01048	0.01215	0.01613	0.14081	0.17182	0.25527	0.01208	0.00626	0.00191	0.00404	0.13344	0.00461	0.00518
1	0.01373	0.07311	0.25056	0.01346	0.01813	0.05382	0.09085	0.07797	0.14035	0.08039	0.01412	0.07318	0.01145	0.00678	0.00614	0.00174	0.05740	0.00554	0.00369	0.00759
2	0.07156	0.04808	0.17411	0.15277	0.20138	0.08003	0.03037	0.09731	0.01305	0.01816	0.01048	0.03551	0.00852	0.00659	0.02823	0.00185	0.00708	0.00466	0.00294	0.00731
3	0.00690	0.00538	0.00585	0.00581	0.00739	0.00468	0.00433	0.00859	0.01276	0.01648	0.21856	0.08396	0.51714	0.01263	0.00619	0.00176	0.00268	0.01070	0.06351	0.00468
4	0.01030	0.01070	0.05242	0.01576	0.16565	0.05867	0.12576	0.01336	0.05104	0.01597	0.05465	0.33474	0.04751	0.01034	0.00614	0.00188	0.00536	0.00961	0.00396	0.00618
5	0.01315	0.01688	0.21159	0.08133	0.08407	0.11650	0.08216	0.04172	0.11384	0.05215	0.04409	0.07430	0.01282	0.00664	0.00544	0.00170	0.00667	0.00573	0.02198	0.00724
6	0.00656	0.00528	0.00587	0.00625	0.00762	0.00459	0.00459	0.00790	0.01182	0.01460	0.07019	0.25087	0.51844	0.01442	0.00653	0.00194	0.00293	0.05008	0.00501	0.00453
7	0.01231	0.01362	0.07643	0.18255	0.37466	0.01279	0.21617	0.01615	0.01198	0.01664	0.01016	0.01368	0.00802	0.00485	0.00558	0.00170	0.00736	0.00514	0.00259	0.00761
8	0.06452	0.01864	0.34807	0.04326	0.22965	0.01225	0.09261	0.01596	0.01151	0.01722	0.01252	0.01472	0.05661	0.00565	0.00569	0.00171	0.03433	0.00489	0.00267	0.00754
9	0.01077	0.06213	0.04902	0.32648	0.08268	0.05710	0.01128	0.05162	0.01238	0.01574	0.06987	0.09343	0.12025	0.00791	0.00554	0.00173	0.00582	0.00676	0.00342	0.00608
10	0.00643	0.00508	0.00580	0.00638	0.00750	0.00445	0.00450	0.00760	0.01133	0.01413	0.04291	0.40160	0.43316	0.01509	0.00658	0.00198	0.00290	0.01315	0.00498	0.00445
11	0.01225	0.19156	0.35023	0.03394	0.20818	0.01413	0.01552	0.04039	0.01185	0.01650	0.01042	0.05258	0.00881	0.00557	0.00490	0.00158	0.00674	0.00456	0.00261	0.00766
12	0.06641	0.18019	0.23497	0.15208	0.03896	0.06250	0.06308	0.01645	0.01151	0.05034	0.03265	0.01249	0.00859	0.00546	0.00539	0.00161	0.04337	0.00423	0.00274	0.00697
13	0.01272	0.00808	0.01149	0.01316	0.16830	0.00794	0.00812	0.01432	0.01151	0.19864	0.02228	0.15329	0.10558	0.15419	0.03421	0.00264	0.05490	0.00798	0.00436	0.00629
14	0.01044	0.01322	0.21894	0.04230	0.13382	0.00889	0.01131	0.04297	0.01241	0.06188	0.05047	0.15720	0.19544	0.00939	0.00580	0.00179	0.00515	0.00808	0.00394	0.00656
15	0.07322	0.02506	0.04086	0.01117	0.05113	0.09850	0.00865	0.21522	0.01581	0.07367	0.07092	0.10840	0.02748	0.00735	0.00515	0.00152	0.00525	0.00593	0.00434	0.15035
16	0.01362	0.04204	0.03366	0.09169	0.28928	0.07840	0.01193	0.09660	0.05768	0.03777	0.06550	0.06223	0.01329	0.00635	0.00527	0.00157	0.00586	0.00551	0.00358	0.07817

[dist]
# distance from previous block
# <min> <max>
9	75

[block]
# block no. 1 follows, 45 sequences, length 33
# corresponding to MSA columns:
# 242-274
name=unknown_B
#
# <colnr> <probs for GDERKNQSTAVLIFYWHMCP>
#	G	D	E	R	K	N	Q	S	T	A	V	L	I	F	Y	W	H	M	C	P
0	0.00789	0.00577	0.00691	0.00675	0.00824	0.00528	0.00510	0.01023	0.03803	0.04124	0.36262	0.08803	0.28838	0.04304	0.00719	0.00195	0.00301	0.05993	0.00539	0.00500
1	0.00879	0.06425	0.05929	0.05884	0.05369	0.02967	0.00787	0.01119	0.03064	0.01581	0.15158	0.30348	0.11137	0.01182	0.00613	0.00189	0.00423	0.05960	0.00444	0.00542
2	0.17471	0.08257	0.20938	0.01317	0.07579	0.06989	0.04333	0.01734	0.05360	0.08386	0.01336	0.06718	0.03367	0.00648	0.00530	0.00168	0.03321	0.00506	0.00339	0.00704
3	0.01425	0.15955	0.01385	0.00947	0.01205	0.08479	0.00786	0.02710	0.03962	0.17384	0.01987	0.08262	0.09033	0.01037	0.05143	0.00209	0.07627	0.05603	0.06213	0.00648
4	0.00660	0.00470	0.00621	0.00740	0.00770	0.00440	0.00490	0.00749	0.01016	0.01355	0.02900	0.77201	0.03476	0.05367	0.00780	0.00232	0.00321	0.01491	0.00490	0.00431
5	0.01469	0.09588	0.16832	0.08277	0.01811	0.14317	0.03122	0.12168	0.06993	0.07275	0.01613	0.01681	0.08558	0.00648	0.00512	0.00159	0.00648	0.00506	0.03102	0.00720
6	0.01138	0.01291	0.19500	0.04317	0.15483	0.00912	0.03206	0.03387	0.01252	0.09659	0.10841	0.20974	0.03965	0.00898	0.00582	0.00180	0.00530	0.00799	0.00405	0.00681
7	0.00700	0.00522	0.00728	0.00920	0.06005	0.00493	0.00576	0.00809	0.01041	0.01396	0.02826	0.75392	0.03367	0.01600	0.00675	0.00214	0.00334	0.01455	0.00483	0.00464
8	0.05017	0.13592	0.22423	0.03021	0.19991	0.09760	0.01370	0.09738	0.01357	0.01846	0.06149	0.01328	0.01043	0.00554	0.00492	0.00155	0.00666	0.00440	0.00305	0.00754
9	0.03572	0.24820	0.04020	0.09423	0.05055	0.06114	0.04493	0.19324	0.06782	0.01944	0.01242	0.08617	0.01089	0.00653	0.00490	0.00156	0.00601	0.00522	0.00360	0.00725
10	0.00739	0.00560	0.00693	0.00671	0.00814	0.00497	0.00494	0.00939	0.01342	0.01842	0.44283	0.18238	0.18823	0.01210	0.00627	0.00174	0.00277	0.01061	0.00537	0.06178
11	0.01498	0.12882	0.21167	0.01499	0.11678	0.18890	0.01272	0.09263	0.03738	0.04168	0.04379	0.01314	0.01002	0.00565	0.00488	0.00151	0.00691	0.00430	0.04186	0.00739
12	0.00693	0.00556	0.00626	0.00635	0.00797	0.00488	0.00494	0.00870	0.01286	0.01617	0.19811	0.05058	0.51938	0.01324	0.00650	0.00188	0.00300	0.11683	0.00517	0.00470
13	0.01786	0.22017	0.01815	0.01221	0.01558	0.44464	0.00984	0.07954	0.10398	0.01575	0.01006	0.01089	0.00820	0.00558	0.00461	0.00139	0.00775	0.00373	0.00317	0.00689
14	0.01129	0.01072	0.01819	0.51782	0.30858	0.01223	0.01548	0.01473	0.01128	0.01512	0.00974	0.01394	0.00765	0.00515	0.00535	0.00172	0.00687	0.00477	0.00248	0.00689
15	0.01357	0.31371	0.27015	0.01256	0.01791	0.05171	0.05925	0.09250	0.05303	0.01708	0.01069	0.04569	0.00892	0.00566	0.00468	0.00151	0.00666	0.00438	0.00293	0.00742
16	0.00684	0.00536	0.00624	0.00670	0.00788	0.00485	0.00483	0.00861	0.03515	0.01516	0.11195	0.34724	0.36455	0.01446	0.00655	0.00197	0.00298	0.03893	0.00509	0.00465
17	0.00654	0.00467	0.00623	0.00747	0.00779	0.00436	0.00498	0.00747	0.01028	0.01370	0.02959	0.80785	0.03550	0.01682	0.00685	0.00218	0.00311	0.01526	0.00498	0.00436
18	0.01607	0.01284	0.02134	0.06525	0.28069	0.01285	0.19912	0.15814	0.01522	0.14556	0.01260	0.01438	0.00924	0.00537	0.00560	0.00167	0.00670	0.00528	0.00382	0.00827
19	0.01547	0.01510	0.02027	0.01974	0.21181	0.12813	0.19070	0.20513	0.04519	0.02091	0.01417	0.01579	0.06052	0.00594	0.00558	0.00164	0.00706	0.00546	0.00364	0.00775
20	0.01390	0.01180	0.01245	0.01103	0.01417	0.01361	0.00863	0.08531	0.71049	0.02334	0.02115	0.01947	0.01582	0.00722	0.00545	0.00180	0.00438	0.00597	0.00545	0.00855
21	0.01203	0.01148	0.01952	0.33754	0.48306	0.01242	0.01585	0.01538	0.01163	0.01602	0.00988	0.01369	0.00797	0.00502	0.00534	0.00167	0.00669	0.00478	0.00255	0.00749
22	0.00634	0.00544	0.00544	0.00544	0.00725	0.00453	0.00408	0.00770	0.01224	0.01450	0.05438	0.05166	0.77569	0.01359	0.00634	0.00181	0.00272	0.01133	0.00498	0.00453
23	0.84927	0.01038	0.00789	0.00706	0.01038	0.01204	0.00581	0.01578	0.00914	0.02408	0.00747	0.00872	0.00581	0.00498	0.00332	0.00166	0.00415	0.00291	0.00332	0.00581
24	0.01003	0.00722	0.00964	0.00828	0.01045	0.00681	0.05666	0.05976	0.04404	0.08176	0.42602	0.03664	0.20066	0.01033	0.00616	0.00172	0.00346	0.00904	0.00550	0.00581
25	0.01471	0.01000	0.01123	0.00954	0.01252	0.01047	0.00755	0.20233	0.21877	0.14634	0.09947	0.07416	0.14172	0.00895	0.00574	0.00175	0.00422	0.00744	0.00557	0.00752
26	0.00744	0.00535	0.00710	0.00736	0.00836	0.00501	0.00551	0.00951	0.01345	0.01862	0.46904	0.25806	0.04384	0.01311	0.00662	0.00193	0.00301	0.10631	0.00552	0.00485
27	0.16631	0.01597	0.01256	0.01115	0.01427	0.27365	0.00865	0.04610	0.30029	0.07668	0.01440	0.01418	0.01086	0.00621	0.00486	0.00163	0.00613	0.00454	0.00426	0.00732
28	0.01519	0.01204	0.01954	0.02745	0.59546	0.01193	0.01446	0.01893	0.05987	0.15264	0.01278	0.01458	0.00984	0.00527	0.00534	0.00162	0.00593	0.00497	0.00354	0.00861
29	0.00693	0.00488	0.00628	0.00706	0.00743	0.00462	0.00465	0.00789	0.01042	0.01406	0.12384	0.55327	0.03426	0.17533	0.01089	0.00272	0.00346	0.01304	0.00476	0.00423
30	0.01472	0.01181	0.01600	0.18199	0.20347	0.01302	0.01201	0.14607	0.24018	0.08254	0.01486	0.01585	0.01107	0.00608	0.00539	0.00171	0.00568	0.00522	0.00422	0.00812
31	0.01342	0.01270	0.01894	0.19029	0.45904	0.04894	0.01465	0.06777	0.08740	0.01812	0.01124	0.01397	0.00896	0.00530	0.00532	0.00165	0.00645	0.00485	0.00307	0.00790
32	0.04901	0.01085	0.03030	0.01097	0.03588	0.05939	0.00867	0.10460	0.01292	0.06934	0.07191	0.05830	0.18156	0.01064	0.03736	0.00214	0.22904	0.00689	0.00404	0.00619

[dist]
# distance from previous block
# <min> <max>
0	4

[block]
# block no. 2 follows, 45 sequences, length 6
# corresponding to MSA columns:
# 279-284
name=unknown_C
#
# <colnr> <probs for GDERKNQSTAVLIFYWHMCP>
#	G	D	E	R	K	N	Q	S	T	A	V	L	I	F	Y	W	H	M	C	P
0	0.03004	0.05799	0.05156	0.04674	0.08290	0.21577	0.00935	0.04247	0.01273	0.01593	0.05489	0.16093	0.01526	0.00906	0.03920	0.00182	0.00642	0.00626	0.00345	0.13725
1	0.01575	0.08074	0.10162	0.01189	0.01514	0.30022	0.01023	0.11520	0.01475	0.05565	0.05580	0.07585	0.05599	0.00747	0.00604	0.00161	0.06021	0.00553	0.00365	0.00667
2	0.01356	0.03983	0.18270	0.01208	0.05004	0.13917	0.01089	0.06904	0.01347	0.06375	0.04310	0.01879	0.05635	0.00654	0.00509	0.00147	0.00607	0.06139	0.00357	0.20309
3	0.05857	0.19012	0.10687	0.01232	0.04829	0.01338	0.07908	0.06783	0.01237	0.06199	0.06480	0.05804	0.07083	0.00732	0.00664	0.00168	0.10750	0.00571	0.01992	0.00675
4	0.00862	0.00691	0.00761	0.00698	0.00880	0.00681	0.00542	0.08771	0.01363	0.01768	0.14103	0.04112	0.49428	0.01174	0.00695	0.00178	0.06408	0.00955	0.05408	0.00522
5	0.01330	0.12199	0.02232	0.09639	0.24382	0.01316	0.20840	0.05306	0.01302	0.06093	0.05746	0.01656	0.04410	0.00568	0.00544	0.00163	0.00656	0.00554	0.00325	0.00740

[dist]
# distance from previous block
# <min> <max>
1	4

[block]
# block no. 3 follows, 45 sequences, length 20
# corresponding to MSA columns:
# 289-308
name=unknown_D
#
# <colnr> <probs for GDERKNQSTAVLIFYWHMCP>
#	G	D	E	R	K	N	Q	S	T	A	V	L	I	F	Y	W	H	M	C	P
0	0.00979	0.00884	0.01391	0.28654	0.16167	0.00955	0.04001	0.01322	0.05442	0.01568	0.06029	0.13020	0.11971	0.00877	0.00589	0.00184	0.00542	0.04450	0.00364	0.00612
1	0.01803	0.00971	0.01156	0.00931	0.01260	0.00961	0.00752	0.24429	0.01748	0.31952	0.08994	0.05883	0.06185	0.00784	0.00542	0.00164	0.00438	0.00641	0.09626	0.00781
2	0.01437	0.10573	0.01622	0.01621	0.22722	0.07031	0.01032	0.07459	0.14882	0.09211	0.08035	0.02001	0.08708	0.00692	0.00528	0.00160	0.00529	0.00579	0.00420	0.00759
3	0.05139	0.14751	0.18136	0.01362	0.05816	0.08980	0.09231	0.05335	0.04918	0.09072	0.01235	0.01481	0.00970	0.00678	0.02882	0.00179	0.00678	0.03120	0.05308	0.00728
4	0.00651	0.00478	0.00612	0.00718	0.00771	0.00438	0.00485	0.00751	0.01056	0.01382	0.03314	0.69944	0.14162	0.01636	0.00678	0.00213	0.00306	0.01470	0.00498	0.00438
5	0.00775	0.00619	0.00703	0.00669	0.00840	0.00583	0.00505	0.01130	0.10453	0.01862	0.37484	0.04265	0.35798	0.01166	0.00623	0.00176	0.00282	0.00997	0.00546	0.00525
6	0.01434	0.12938	0.17057	0.10551	0.05309	0.13770	0.03665	0.05799	0.06301	0.06447	0.03940	0.01344	0.00983	0.00600	0.00610	0.00164	0.07601	0.00449	0.00319	0.00718
7	0.01360	0.01363	0.02063	0.10562	0.63546	0.08450	0.01576	0.01666	0.01235	0.01676	0.00988	0.01305	0.00822	0.00491	0.00528	0.00159	0.00676	0.00466	0.00264	0.00805
8	0.00932	0.00466	0.00699	0.00699	0.00699	0.00466	0.00466	0.00699	0.00699	0.00932	0.00932	0.01632	0.00932	0.01865	0.02098	0.84382	0.00466	0.00466	0.00233	0.00233
9	0.01329	0.01275	0.02179	0.03295	0.77787	0.01275	0.01647	0.01647	0.01222	0.01754	0.01010	0.01329	0.00850	0.00478	0.00531	0.00159	0.00638	0.00478	0.00266	0.00850
10	0.01809	0.15032	0.06861	0.01224	0.01605	0.25370	0.03921	0.09962	0.04039	0.17203	0.01259	0.01416	0.00968	0.00618	0.00546	0.00155	0.03783	0.03101	0.00387	0.00741
11	0.12722	0.00970	0.01258	0.01011	0.01335	0.00972	0.12294	0.13114	0.05496	0.10109	0.02687	0.02650	0.25626	0.00830	0.00545	0.00170	0.00466	0.00703	0.06386	0.00658
12	0.01096	0.00602	0.00760	0.00744	0.00915	0.00531	0.00547	0.01230	0.01212	0.20966	0.03434	0.39635	0.23563	0.01333	0.00634	0.00195	0.00337	0.01165	0.00541	0.00562
13	0.04523	0.00961	0.01367	0.25367	0.12886	0.01016	0.01067	0.07278	0.03763	0.18002	0.02056	0.04500	0.13469	0.00737	0.00550	0.00173	0.00535	0.00627	0.00419	0.00704
14	0.07812	0.01285	0.01633	0.06799	0.14086	0.09627	0.09775	0.13005	0.06471	0.07219	0.04247	0.05730	0.01323	0.00705	0.00591	0.00175	0.03262	0.05138	0.00395	0.00723
15	0.05403	0.04217	0.25215	0.01435	0.01957	0.06427	0.17391	0.07308	0.09936	0.01918	0.05671	0.01449	0.01102	0.00559	0.00525	0.00161	0.00681	0.00494	0.00334	0.07817
16	0.13555	0.03378	0.01598	0.01743	0.24547	0.05823	0.05738	0.06961	0.12972	0.07771	0.04967	0.03938	0.01254	0.00618	0.00510	0.00165	0.00552	0.00529	0.02627	0.00756
17	0.01571	0.01354	0.01575	0.05176	0.07024	0.10613	0.07090	0.22968	0.10888	0.06681	0.01560	0.04742	0.03494	0.00725	0.00630	0.00173	0.05552	0.04221	0.00429	0.03537
18	0.07078	0.01255	0.05320	0.03788	0.01636	0.01251	0.08185	0.24630	0.16813	0.08998	0.05280	0.01793	0.04940	0.00754	0.02475	0.00185	0.00561	0.00561	0.00471	0.04028
19	0.10165	0.06709	0.01607	0.08509	0.16084	0.11346	0.01077	0.16833	0.11282	0.03937	0.01169	0.01290	0.00902	0.00559	0.00487	0.00154	0.00602	0.00437	0.00373	0.06478

[dist]
# distance from previous block
# <min> <max>
9	135

[block]
# block no. 4 follows, 45 sequences, length 43
# corresponding to MSA columns:
# 465-507
name=unknown_E
#
# <colnr> <probs for GDERKNQSTAVLIFYWHMCP>
#	G	D	E	R	K	N	Q	S	T	A	V	L	I	F	Y	W	H	M	C	P
0	0.05509	0.12782	0.10199	0.03609	0.12407	0.06906	0.11777	0.04495	0.01261	0.03969	0.06048	0.06954	0.05031	0.00654	0.00517	0.00157	0.00612	0.00570	0.00334	0.06209
1	0.03521	0.03431	0.05253	0.03535	0.27389	0.06497	0.03721	0.16689	0.06307	0.10926	0.03034	0.01559	0.02603	0.02466	0.00580	0.00170	0.00608	0.00509	0.00396	0.00804
2	0.03626	0.06476	0.05321	0.03743	0.07112	0.03849	0.06749	0.11034	0.09609	0.07039	0.05203	0.02091	0.08453	0.07351	0.01789	0.00210	0.07821	0.01440	0.00397	0.00687
3	0.06863	0.05246	0.22498	0.04770	0.09451	0.06131	0.03764	0.10184	0.03300	0.07669	0.04835	0.01860	0.06532	0.00668	0.00527	0.00168	0.00623	0.03811	0.00367	0.00733
4	0.04824	0.03823	0.05466	0.02963	0.05423	0.13013	0.00908	0.07157	0.01401	0.21150	0.05150	0.01784	0.07954	0.00663	0.00547	0.00151	0.03235	0.00513	0.00429	0.13445
5	0.05389	0.01238	0.03526	0.07039	0.04549	0.10610	0.00898	0.12263	0.09172	0.16178	0.08227	0.02001	0.08733	0.00708	0.00528	0.00159	0.00530	0.00568	0.00462	0.07221
6	0.06533	0.24099	0.17271	0.01167	0.06889	0.04162	0.01059	0.01592	0.04599	0.04598	0.09176	0.04251	0.05123	0.00643	0.00472	0.00148	0.00547	0.00505	0.00337	0.06831
7	0.10390	0.14084	0.18670	0.01275	0.10229	0.01212	0.01098	0.04248	0.01147	0.01686	0.01758	0.09140	0.12431	0.00763	0.00584	0.00166	0.06039	0.00597	0.00326	0.04157
8	0.07542	0.01547	0.13701	0.02429	0.14450	0.11796	0.07036	0.01792	0.07168	0.07287	0.03225	0.01553	0.02803	0.00575	0.00507	0.00154	0.00626	0.02236	0.00344	0.13231
9	0.09385	0.03963	0.13862	0.01095	0.05149	0.01003	0.00956	0.08953	0.02355	0.18138	0.10275	0.07455	0.08111	0.00781	0.00564	0.00168	0.02669	0.00632	0.00453	0.04033
10	0.03809	0.04490	0.06600	0.04138	0.01417	0.07489	0.00883	0.11453	0.15090	0.07982	0.07500	0.12102	0.05889	0.00873	0.00558	0.00174	0.00505	0.05178	0.00462	0.03408
11	0.05448	0.06413	0.01477	0.01183	0.03997	0.11535	0.05624	0.10601	0.05768	0.17628	0.05263	0.09239	0.01426	0.00738	0.00610	0.00166	0.06059	0.00590	0.02196	0.04038
12	0.01202	0.09829	0.24351	0.01215	0.03572	0.07304	0.01176	0.01504	0.01153	0.06090	0.07151	0.12502	0.01496	0.00790	0.00706	0.00173	0.12497	0.00606	0.03549	0.03134
13	0.01188	0.01129	0.08317	0.01076	0.06091	0.04719	0.00838	0.09316	0.04352	0.01688	0.01310	0.06479	0.03585	0.00930	0.00880	0.20565	0.00507	0.00506	0.00334	0.26189
14	0.03730	0.10017	0.11606	0.04973	0.11041	0.20060	0.03328	0.05365	0.01338	0.04080	0.06403	0.01464	0.03606	0.00578	0.00491	0.00145	0.00662	0.00454	0.00322	0.10336
15	0.00768	0.00571	0.00841	0.00841	0.00929	0.00659	0.00644	0.00945	0.00856	0.01230	0.01458	0.02218	0.01390	0.10042	0.73056	0.00836	0.01366	0.00591	0.00291	0.00467
16	0.01405	0.06625	0.07967	0.07865	0.04361	0.09220	0.09226	0.11732	0.08163	0.04491	0.01331	0.01603	0.02769	0.00591	0.00512	0.00151	0.00622	0.03845	0.00361	0.17160
17	0.71932	0.00994	0.00836	0.00755	0.01046	0.01166	0.00618	0.01497	0.00904	0.02231	0.00821	0.01021	0.00670	0.00904	0.09010	0.00245	0.04126	0.00330	0.00323	0.00570
18	0.01233	0.01035	0.01455	0.01678	0.27624	0.00924	0.00993	0.04810	0.01223	0.04973	0.01256	0.09948	0.01143	0.00588	0.00487	0.00130	0.00482	0.00522	0.00344	0.39152
19	0.00893	0.00567	0.00734	0.00772	0.00860	0.00551	0.00546	0.01060	0.04056	0.08546	0.04879	0.42402	0.03887	0.15661	0.06660	0.00311	0.00458	0.06198	0.00473	0.00487
20	0.01254	0.01110	0.01417	0.07504	0.01540	0.01412	0.01027	0.08650	0.20334	0.01783	0.01258	0.01512	0.01035	0.00933	0.04370	0.00229	0.37298	0.00513	0.06147	0.00674
21	0.30719	0.01808	0.01324	0.01275	0.06691	0.38343	0.00929	0.05031	0.01288	0.01812	0.00825	0.00986	0.00675	0.00557	0.00518	0.00157	0.05773	0.00350	0.00304	0.00634
22	0.01402	0.57180	0.08926	0.01229	0.01722	0.05446	0.14392	0.01659	0.01145	0.01382	0.00828	0.00993	0.00711	0.00466	0.00416	0.00132	0.00669	0.00360	0.00239	0.00701
23	0.01285	0.21619	0.04655	0.00871	0.01198	0.03699	0.00766	0.04337	0.01352	0.12137	0.22298	0.05077	0.07361	0.00801	0.00517	0.00150	0.00446	0.02871	0.00444	0.08117
24	0.00867	0.00725	0.00959	0.01026	0.06277	0.00780	0.00732	0.01139	0.06703	0.01611	0.14978	0.19772	0.16807	0.01352	0.04405	0.00232	0.11988	0.08655	0.00453	0.00540
25	0.01014	0.00954	0.01610	0.79845	0.03697	0.01193	0.01491	0.01371	0.01073	0.01371	0.00954	0.01431	0.00716	0.00537	0.00537	0.00179	0.00716	0.00477	0.00239	0.00596
26	0.01498	0.72709	0.02670	0.00970	0.01409	0.10647	0.00932	0.01667	0.01138	0.01269	0.00756	0.00873	0.00689	0.00470	0.00360	0.00117	0.00618	0.00294	0.00235	0.00681
27	0.01255	0.01200	0.02045	0.21254	0.60405	0.01256	0.01611	0.01583	0.01187	0.01664	0.00997	0.01353	0.00819	0.00492	0.00533	0.00164	0.00656	0.00478	0.00259	0.00791
28	0.02296	0.00886	0.01200	0.00929	0.01316	0.00770	0.00757	0.02489	0.01484	0.72826	0.02088	0.01944	0.01372	0.06228	0.00691	0.00191	0.00461	0.00556	0.00641	0.00873
29	0.00967	0.00869	0.01408	0.34308	0.20667	0.00956	0.01186	0.01227	0.01103	0.01467	0.01763	0.25044	0.05056	0.00898	0.00584	0.00186	0.00557	0.00817	0.00334	0.00604
30	0.11529	0.01196	0.01770	0.13416	0.02054	0.05576	0.22800	0.09621	0.03885	0.01915	0.07264	0.04455	0.04766	0.00696	0.00611	0.00179	0.03824	0.03428	0.00362	0.00653
31	0.00766	0.00541	0.00677	0.00677	0.00722	0.00567	0.00449	0.00841	0.00839	0.01139	0.01864	0.03148	0.06972	0.49334	0.28588	0.00614	0.00816	0.00735	0.00324	0.00387
32	0.00652	0.00476	0.00614	0.00725	0.00773	0.00438	0.00488	0.00750	0.01049	0.01379	0.03230	0.72506	0.11654	0.01646	0.00680	0.00214	0.00307	0.01483	0.00498	0.00438
33	0.00833	0.00502	0.00625	0.00625	0.00625	0.00502	0.00374	0.00752	0.00752	0.01003	0.01428	0.02859	0.01597	0.53592	0.02512	0.29659	0.00502	0.00671	0.00293	0.00293
34	0.01293	0.04962	0.01990	0.25553	0.46623	0.07275	0.01521	0.01603	0.01195	0.01585	0.00967	0.01309	0.00791	0.00500	0.00521	0.00161	0.00683	0.00459	0.00257	0.00751
35	0.02242	0.01006	0.01271	0.00982	0.01381	0.00947	0.00809	0.17346	0.01709	0.58075	0.01926	0.01730	0.01248	0.00658	0.00528	0.00162	0.00470	0.00526	0.06099	0.00886
36	0.00746	0.00510	0.00615	0.00662	0.00679	0.00500	0.00413	0.00791	0.00887	0.01179	0.02160	0.27800	0.02523	0.51287	0.01967	0.00409	0.00454	0.05658	0.00390	0.00371
37	0.00728	0.00553	0.00675	0.00690	0.00812	0.00512	0.00506	0.00962	0.04396	0.01759	0.34595	0.24731	0.22044	0.01314	0.00647	0.00188	0.00288	0.03571	0.00539	0.00488
38	0.03780	0.09572	0.12282	0.01029	0.01397	0.01098	0.02975	0.05833	0.17235	0.12278	0.11156	0.05069	0.08809	0.00814	0.00548	0.00172	0.00484	0.04288	0.00466	0.00716
39	0.78444	0.01000	0.00783	0.00704	0.01020	0.01150	0.00576	0.01534	0.00960	0.02389	0.06660	0.01114	0.00927	0.00544	0.00355	0.00166	0.00403	0.00343	0.00352	0.00576
40	0.01265	0.01053	0.01360	0.01279	0.08287	0.03574	0.05775	0.19371	0.01528	0.02084	0.14887	0.05681	0.02063	0.06413	0.00824	0.00201	0.06486	0.10329	0.00435	0.07107
41	0.07922	0.26690	0.08003	0.01202	0.01646	0.05078	0.10835	0.09630	0.01293	0.07048	0.00985	0.01126	0.00778	0.00527	0.00531	0.00145	0.05676	0.00398	0.00318	0.10171
42	0.01391	0.19564	0.01712	0.03627	0.01468	0.05776	0.08860	0.12216	0.05979	0.07056	0.05205	0.01867	0.03815	0.09801	0.05712	0.00237	0.00631	0.00543	0.03874	0.00665

[dist]
# distance from previous block
# <min> <max>
2	45

[block]
# block no. 5 follows, 45 sequences, length 23
# corresponding to MSA columns:
# 553-575
name=unknown_F
#
# <colnr> <probs for GDERKNQSTAVLIFYWHMCP>
#	G	D	E	R	K	N	Q	S	T	A	V	L	I	F	Y	W	H	M	C	P
0	0.06218	0.39954	0.17510	0.06367	0.07876	0.01664	0.01205	0.04933	0.03451	0.04954	0.00951	0.01086	0.00762	0.00503	0.00427	0.00143	0.00614	0.00366	0.00280	0.00735
1	0.06099	0.01154	0.05849	0.15878	0.09328	0.03158	0.02329	0.13423	0.01346	0.05188	0.01653	0.07798	0.07317	0.00864	0.02694	0.00195	0.06472	0.04341	0.00372	0.04543
2	0.06859	0.01640	0.15617	0.07079	0.25385	0.11223	0.01347	0.09511	0.05126	0.04804	0.03805	0.01448	0.02670	0.00576	0.00516	0.00163	0.00656	0.00475	0.00336	0.00765
3	0.01219	0.01633	0.21659	0.06275	0.37081	0.01250	0.11919	0.01703	0.05577	0.01760	0.03975	0.01441	0.01000	0.00524	0.00545	0.00168	0.00692	0.00505	0.00284	0.00793
4	0.01021	0.00656	0.00823	0.00813	0.00962	0.00645	0.00595	0.01398	0.13441	0.11814	0.20831	0.39028	0.03317	0.01252	0.00631	0.00193	0.00335	0.01113	0.00550	0.00583
5	0.15191	0.09072	0.01348	0.01019	0.01340	0.22076	0.00820	0.11722	0.05279	0.13041	0.01247	0.01319	0.00943	0.00728	0.03797	0.00179	0.00635	0.00417	0.09134	0.00695
6	0.01302	0.16609	0.22570	0.17724	0.11478	0.08798	0.09028	0.01676	0.01184	0.03435	0.00955	0.01201	0.00740	0.00504	0.00498	0.00158	0.00738	0.00425	0.00255	0.00720
7	0.00703	0.00556	0.00691	0.00782	0.04681	0.00500	0.00523	0.00858	0.01218	0.01586	0.19552	0.30873	0.32783	0.01371	0.00646	0.00190	0.00300	0.01201	0.00506	0.00479
8	0.01503	0.00754	0.00922	0.00771	0.01064	0.00664	0.00615	0.05094	0.01449	0.35897	0.09883	0.03396	0.33777	0.00993	0.00588	0.00172	0.00368	0.00824	0.00582	0.00685
9	0.01529	0.00942	0.01092	0.00956	0.01195	0.08636	0.00754	0.05975	0.01253	0.27785	0.01612	0.01910	0.01273	0.05610	0.36379	0.00495	0.00966	0.00543	0.00432	0.00661
10	0.01570	0.16185	0.23386	0.01311	0.01793	0.22050	0.05554	0.07751	0.01377	0.08318	0.01125	0.05186	0.00914	0.00593	0.00495	0.00154	0.00737	0.00454	0.00320	0.00727
11	0.00692	0.00552	0.00624	0.00623	0.00783	0.00484	0.00479	0.00872	0.01310	0.01666	0.25871	0.04917	0.49802	0.01296	0.00644	0.00184	0.00287	0.07917	0.00525	0.00472
12	0.01077	0.02777	0.78354	0.01530	0.02323	0.01247	0.01983	0.01700	0.01133	0.01700	0.00963	0.01133	0.00680	0.00510	0.00510	0.00170	0.00793	0.00397	0.00227	0.00793
13	0.04669	0.05117	0.11521	0.01409	0.12021	0.18818	0.01074	0.11706	0.03996	0.05207	0.01276	0.05341	0.01073	0.04096	0.01673	0.00180	0.00650	0.00498	0.08973	0.00701
14	0.12240	0.01614	0.27938	0.01135	0.01655	0.01072	0.01184	0.09452	0.01416	0.30134	0.05841	0.01538	0.01185	0.00613	0.00508	0.00167	0.00570	0.00478	0.00454	0.00806
15	0.00654	0.00467	0.00623	0.00747	0.00779	0.00436	0.00498	0.00747	0.01028	0.01370	0.02959	0.80785	0.03550	0.01682	0.00685	0.00218	0.00311	0.01526	0.00498	0.00436
16	0.00901	0.00660	0.00962	0.00901	0.00947	0.00777	0.02209	0.00931	0.00804	0.01142	0.01186	0.01988	0.01183	0.13792	0.29845	0.25486	0.15059	0.00555	0.00267	0.00408
17	0.01435	0.14380	0.06503	0.07298	0.24865	0.08655	0.10031	0.05070	0.07466	0.05047	0.01132	0.01324	0.00890	0.00525	0.00505	0.00156	0.00665	0.00463	0.02829	0.00762
18	0.00981	0.01328	0.20501	0.13987	0.08092	0.01058	0.01232	0.01293	0.01061	0.01495	0.06398	0.02058	0.08820	0.05945	0.10903	0.00291	0.13061	0.00584	0.00297	0.00614
19	0.00802	0.00606	0.00846	0.00828	0.00890	0.00704	0.00614	0.00935	0.00837	0.01193	0.01452	0.02425	0.01462	0.25119	0.51973	0.00720	0.07233	0.00624	0.00294	0.00445
20	0.00733	0.00533	0.00607	0.00618	0.00756	0.00479	0.00462	0.00915	0.01259	0.01702	0.22351	0.14019	0.35382	0.01235	0.00608	0.00178	0.00280	0.04739	0.12671	0.00473
21	0.00895	0.01162	0.18305	0.01035	0.01355	0.00801	0.07359	0.01311	0.06747	0.01845	0.31582	0.09662	0.10218	0.01088	0.04042	0.00207	0.00501	0.00833	0.00448	0.00602
22	0.01375	0.01680	0.11937	0.12910	0.36550	0.16350	0.04782	0.01701	0.01233	0.01588	0.00951	0.01246	0.00771	0.00524	0.00578	0.00164	0.04207	0.00448	0.00258	0.00747

[dist]
# distance from previous block
# <min> <max>
0	16

[block]
# block no. 6 follows, 45 sequences, length 79
# corresponding to MSA columns:
# 592-662,664-671
name=unknown_G
#
# <colnr> <probs for GDERKNQSTAVLIFYWHMCP>
#	G	D	E	R	K	N	Q	S	T	A	V	L	I	F	Y	W	H	M	C	P
0	0.05254	0.04625	0.03726	0.18930	0.32105	0.07115	0.14373	0.01603	0.01192	0.01630	0.01042	0.04085	0.00875	0.00535	0.00535	0.00167	0.00704	0.00513	0.00271	0.00722
1	0.04056	0.06069	0.01979	0.04184	0.09452	0.36299	0.17017	0.08440	0.01457	0.01673	0.00945	0.01146	0.00754	0.00520	0.00512	0.00150	0.00823	0.00431	0.00297	0.03796
2	0.02016	0.01762	0.01640	0.01311	0.01701	0.23755	0.04834	0.45952	0.02104	0.07875	0.01204	0.01242	0.00873	0.00610	0.00527	0.00156	0.00706	0.00455	0.00458	0.00820
3	0.01161	0.01190	0.02301	0.04739	0.02227	0.01164	0.45716	0.01702	0.11166	0.01809	0.09864	0.02366	0.01665	0.00689	0.00632	0.00188	0.00713	0.09657	0.00369	0.00683
4	0.01315	0.01297	0.02043	0.16176	0.60686	0.05878	0.01585	0.01630	0.01215	0.01663	0.00990	0.01325	0.00818	0.00493	0.00529	0.00161	0.00671	0.00470	0.00262	0.00794
5	0.04363	0.20901	0.54965	0.01335	0.02019	0.01431	0.01638	0.01709	0.01131	0.04542	0.00949	0.01087	0.00703	0.00504	0.00466	0.00157	0.00715	0.00373	0.00248	0.00766
6	0.00767	0.00575	0.00863	0.00863	0.00959	0.00671	0.00671	0.00959	0.00863	0.01246	0.01438	0.02109	0.01342	0.04026	0.79008	0.00863	0.01438	0.00575	0.00288	0.00479
7	0.01800	0.02172	0.01409	0.01281	0.01559	0.59307	0.00967	0.02216	0.16691	0.01509	0.01339	0.01391	0.04813	0.00630	0.00504	0.00149	0.00823	0.00439	0.00342	0.00660
8	0.00997	0.00738	0.01046	0.01015	0.01184	0.00736	0.06416	0.08355	0.03587	0.04197	0.06372	0.29615	0.02861	0.01321	0.00677	0.00216	0.00459	0.29155	0.00495	0.00557
9	0.01274	0.01429	0.03058	0.02376	0.11080	0.01348	0.67650	0.01712	0.01262	0.01723	0.01078	0.01435	0.00818	0.00455	0.00622	0.00179	0.00875	0.00616	0.00271	0.00738
10	0.00654	0.00467	0.00623	0.00747	0.00779	0.00436	0.00498	0.00747	0.01028	0.01370	0.02959	0.80785	0.03550	0.01682	0.00685	0.00218	0.00311	0.01526	0.00498	0.00436
11	0.01310	0.01256	0.02145	0.07843	0.73384	0.01270	0.01638	0.01631	0.01213	0.01731	0.01006	0.01335	0.00842	0.00482	0.00532	0.00161	0.00642	0.00478	0.00264	0.00835
12	0.01696	0.01248	0.01368	0.05124	0.01571	0.01391	0.00919	0.41429	0.22398	0.05589	0.01596	0.01588	0.01166	0.00660	0.00522	0.00164	0.00510	0.00520	0.09707	0.00834
13	0.00639	0.00524	0.00564	0.00595	0.00739	0.00449	0.00431	0.00765	0.01174	0.01430	0.04810	0.24307	0.58832	0.01441	0.00647	0.00191	0.00282	0.01232	0.00498	0.00449
14	0.07627	0.01199	0.01885	0.02602	0.55438	0.01193	0.01389	0.04356	0.01302	0.16033	0.01206	0.01387	0.00922	0.00520	0.00519	0.00161	0.00586	0.00476	0.00354	0.00845
15	0.00897	0.00564	0.00677	0.00655	0.00680	0.00574	0.00405	0.05228	0.00862	0.01151	0.01462	0.02871	0.01614	0.54865	0.02430	0.23232	0.00510	0.00678	0.00313	0.00335
16	0.02005	0.02558	0.01521	0.01383	0.01659	0.78980	0.01037	0.02143	0.01521	0.01314	0.00830	0.00968	0.00691	0.00553	0.00484	0.00138	0.00968	0.00346	0.00277	0.00622
17	0.00671	0.00474	0.00618	0.00726	0.00753	0.00447	0.00475	0.00752	0.00995	0.01326	0.02790	0.70509	0.03338	0.12247	0.00957	0.00258	0.00339	0.01427	0.00475	0.00421
18	0.09119	0.01119	0.01451	0.05417	0.19995	0.01162	0.01022	0.21775	0.01594	0.19091	0.01399	0.01480	0.01010	0.00588	0.00497	0.00158	0.00519	0.00479	0.11325	0.00799
19	0.01435	0.81458	0.02813	0.00918	0.01378	0.02124	0.00918	0.01607	0.01091	0.01263	0.00746	0.00861	0.00689	0.00459	0.00344	0.00115	0.00574	0.00287	0.00230	0.00689
20	0.01138	0.01076	0.01589	0.01795	0.27675	0.03856	0.08401	0.01399	0.01195	0.01684	0.04442	0.10397	0.06738	0.00673	0.00528	0.00145	0.00528	0.00621	0.00337	0.25783
21	0.01377	0.01368	0.02131	0.03157	0.72298	0.06877	0.01603	0.01683	0.01244	0.01722	0.00997	0.01303	0.00839	0.00484	0.00528	0.00158	0.00662	0.00469	0.00266	0.00834
22	0.02005	0.02558	0.01521	0.01383	0.01659	0.78980	0.01037	0.02143	0.01521	0.01314	0.00830	0.00968	0.00691	0.00553	0.00484	0.00138	0.00968	0.00346	0.00277	0.00622
23	0.01236	0.01003	0.01198	0.03193	0.04056	0.00851	0.00739	0.04008	0.09496	0.05623	0.01160	0.01268	0.00918	0.00462	0.00434	0.00103	0.00427	0.00376	0.00363	0.63085
24	0.01367	0.17865	0.18547	0.01122	0.01544	0.12360	0.01083	0.12038	0.09720	0.01788	0.01693	0.04666	0.09805	0.03437	0.00577	0.00169	0.00618	0.00542	0.00357	0.00703
25	0.00730	0.00499	0.00600	0.00650	0.00663	0.00487	0.00395	0.00767	0.00880	0.01173	0.02200	0.34540	0.02593	0.49232	0.01910	0.00399	0.00436	0.01080	0.00395	0.00370
26	0.01908	0.02333	0.01536	0.09263	0.01865	0.66448	0.01082	0.06566	0.01537	0.01446	0.00870	0.01034	0.00707	0.00557	0.00493	0.00144	0.00920	0.00367	0.00289	0.00637
27	0.01243	0.06954	0.23249	0.01161	0.01545	0.05002	0.01140	0.14095	0.04132	0.04002	0.01517	0.17384	0.01428	0.01189	0.09224	0.00253	0.04760	0.00665	0.00368	0.00686
28	0.01382	0.01243	0.02103	0.05840	0.70648	0.01244	0.01591	0.01695	0.01236	0.06280	0.01074	0.01362	0.00874	0.00491	0.00532	0.00161	0.00630	0.00482	0.00288	0.00845
29	0.00687	0.00527	0.00629	0.00644	0.00767	0.00469	0.00467	0.00857	0.01288	0.01697	0.32152	0.23285	0.31915	0.01339	0.00646	0.00186	0.00275	0.01168	0.00533	0.00469
30	0.00738	0.00548	0.00802	0.00834	0.00913	0.00611	0.00627	0.00905	0.00904	0.01278	0.01823	0.22024	0.01901	0.03433	0.59182	0.00699	0.01153	0.00816	0.00341	0.00468
31	0.05877	0.01210	0.01135	0.01105	0.06139	0.18263	0.00807	0.09044	0.01416	0.12328	0.06435	0.02271	0.05109	0.00848	0.00638	0.06160	0.00550	0.08658	0.11376	0.00631
32	0.53452	0.01558	0.21812	0.01047	0.04324	0.04121	0.01012	0.01625	0.01014	0.02139	0.00849	0.00998	0.00646	0.00507	0.00395	0.00165	0.00542	0.00335	0.02814	0.00648
33	0.05965	0.09702	0.03857	0.01071	0.09462	0.01973	0.00767	0.01199	0.01124	0.04162	0.11912	0.09891	0.11038	0.07938	0.14511	0.00320	0.00623	0.03536	0.00387	0.00562
34	0.00668	0.00550	0.00616	0.00616	0.00772	0.00503	0.00463	0.00812	0.01130	0.01392	0.04433	0.04437	0.58293	0.04494	0.18040	0.00343	0.00538	0.00998	0.00446	0.00455
35	0.01576	0.05380	0.06163	0.01159	0.01564	0.04149	0.02027	0.28541	0.30961	0.02480	0.01538	0.01509	0.01148	0.00630	0.00515	0.00159	0.00537	0.00497	0.00472	0.08996
36	0.01344	0.00907	0.01084	0.00823	0.01219	0.00756	0.00659	0.07039	0.01351	0.15440	0.11452	0.01810	0.04362	0.00597	0.00472	0.00118	0.00395	0.00491	0.02669	0.47014
37	0.01218	0.08523	0.23467	0.16081	0.14488	0.06124	0.04509	0.05896	0.01242	0.01657	0.01206	0.07202	0.01065	0.00648	0.00534	0.00171	0.00689	0.04280	0.00292	0.00710
38	0.03704	0.10347	0.19980	0.01519	0.05681	0.01325	0.19057	0.06212	0.12675	0.05896	0.05258	0.01610	0.03139	0.00590	0.00536	0.00167	0.00651	0.00535	0.00358	0.00760
39	0.00663	0.00492	0.00620	0.00700	0.00771	0.00448	0.00482	0.00785	0.01125	0.01482	0.12635	0.57095	0.17640	0.01549	0.00669	0.00205	0.00297	0.01384	0.00510	0.00448
40	0.02021	0.00884	0.01157	0.00913	0.01286	0.00785	0.00742	0.02331	0.07157	0.57532	0.09613	0.02139	0.04555	0.00722	0.00545	0.00163	0.00424	0.00596	0.00621	0.05813
41	0.01308	0.01082	0.03507	0.08975	0.01562	0.01171	0.00899	0.04400	0.44919	0.07860	0.06004	0.02136	0.05883	0.00754	0.00592	0.00178	0.03445	0.00618	0.03944	0.00765
42	0.00865	0.00618	0.00865	0.00989	0.01112	0.00618	0.00865	0.01112	0.01236	0.01606	0.02842	0.06055	0.03089	0.01483	0.00741	0.00247	0.00494	0.74174	0.00494	0.00494
43	0.01690	0.01911	0.10162	0.04765	0.07348	0.27188	0.05881	0.21521	0.06929	0.02027	0.01089	0.01228	0.00836	0.00591	0.00581	0.00161	0.04540	0.00445	0.00354	0.00754
44	0.02052	0.01484	0.01599	0.01226	0.01655	0.01636	0.01013	0.73620	0.02492	0.05805	0.01316	0.01306	0.00926	0.00645	0.00537	0.00161	0.00586	0.00485	0.00541	0.00913
45	0.01428	0.01092	0.05640	0.09997	0.01951	0.00975	0.22245	0.04765	0.01349	0.22445	0.06413	0.10659	0.07027	0.00769	0.00593	0.00179	0.00594	0.00727	0.00443	0.00709
46	0.01223	0.30194	0.43633	0.01396	0.02045	0.01566	0.09721	0.01670	0.01133	0.01549	0.00901	0.01072	0.00698	0.00486	0.00466	0.00152	0.00729	0.00384	0.00233	0.00749
47	0.00812	0.00580	0.00804	0.00928	0.01028	0.00572	0.00772	0.01020	0.01183	0.01547	0.02872	0.24971	0.03206	0.01533	0.00727	0.00240	0.00448	0.55784	0.00495	0.00480
48	0.02408	0.00914	0.01246	0.00955	0.01370	0.00789	0.00789	0.02616	0.01536	0.78158	0.02118	0.01827	0.01329	0.00664	0.00540	0.00166	0.00457	0.00540	0.00664	0.00914
49	0.02041	0.01504	0.01611	0.01235	0.01665	0.01665	0.01020	0.75997	0.02524	0.03383	0.01289	0.01289	0.00913	0.00644	0.00537	0.00161	0.00591	0.00483	0.00537	0.00913
50	0.01388	0.71144	0.12715	0.00999	0.01502	0.02009	0.01058	0.01619	0.01096	0.01320	0.00775	0.00897	0.00688	0.00466	0.00366	0.00122	0.00603	0.00301	0.00229	0.00703
51	0.01466	0.02233	0.55839	0.01362	0.02045	0.01113	0.01635	0.01967	0.01251	0.24025	0.01300	0.01336	0.00869	0.00555	0.00519	0.00169	0.00695	0.00438	0.00354	0.00828
52	0.01329	0.01275	0.02179	0.03295	0.77787	0.01275	0.01647	0.01647	0.01222	0.01754	0.01010	0.01329	0.00850	0.00478	0.00531	0.00159	0.00638	0.00478	0.00266	0.00850
53	0.01322	0.01294	0.02288	0.03181	0.69520	0.01284	0.09827	0.01655	0.01227	0.01750	0.01018	0.01342	0.00846	0.00475	0.00543	0.00162	0.00667	0.00495	0.00266	0.00836
54	0.01217	0.01254	0.01593	0.19201	0.17311	0.16132	0.07847	0.01478	0.01224	0.01502	0.01522	0.13721	0.01509	0.00827	0.00586	0.00183	0.00674	0.11265	0.00330	0.00625
55	0.01077	0.02248	0.54533	0.01585	0.02242	0.01179	0.15260	0.01615	0.01164	0.01684	0.01235	0.04218	0.01034	0.00633	0.00561	0.00181	0.00769	0.07773	0.00270	0.00740
56	0.01014	0.00954	0.01610	0.79845	0.03697	0.01193	0.01491	0.01371	0.01073	0.01371	0.00954	0.01431	0.00716	0.00537	0.00537	0.00179	0.00716	0.00477	0.00239	0.00596
57	0.01360	0.05281	0.24853	0.01722	0.14374	0.19775	0.09648	0.04225	0.01311	0.01631	0.01449	0.01600	0.09219	0.00605	0.00529	0.00161	0.00748	0.00504	0.00291	0.00716
58	0.01328	0.01486	0.07717	0.05501	0.36415	0.12484	0.09789	0.04363	0.01297	0.01702	0.03796	0.09228	0.01218	0.00637	0.00554	0.00167	0.00684	0.00591	0.00308	0.00738
59	0.01066	0.00857	0.01390	0.01104	0.01366	0.00841	0.21122	0.01323	0.01190	0.06225	0.02574	0.02690	0.23428	0.00823	0.00656	0.00169	0.07627	0.00721	0.24248	0.00580
60	0.00930	0.00835	0.01431	0.01668	0.21961	0.00803	0.12241	0.01139	0.01117	0.01527	0.02146	0.47209	0.02403	0.01169	0.00636	0.00197	0.00490	0.01107	0.00401	0.00592
61	0.01258	0.01561	0.11236	0.02378	0.17016	0.01330	0.53614	0.01704	0.01244	0.01724	0.01058	0.01391	0.00807	0.00464	0.00601	0.00176	0.00842	0.00578	0.00265	0.00756
62	0.01142	0.07143	0.56411	0.01664	0.02379	0.01324	0.19065	0.01699	0.01162	0.01679	0.00979	0.01190	0.00712	0.00494	0.00529	0.00169	0.00806	0.00445	0.00237	0.00771
63	0.06267	0.01420	0.01526	0.01184	0.01600	0.01560	0.00980	0.65736	0.02347	0.07727	0.01354	0.01433	0.00982	0.00662	0.00532	0.00164	0.00571	0.02539	0.00533	0.00884
64	0.00681	0.00490	0.00652	0.00771	0.00820	0.00460	0.00543	0.00796	0.01062	0.01404	0.03035	0.68210	0.06231	0.01644	0.00691	0.00220	0.00334	0.11014	0.00498	0.00444
65	0.01015	0.02117	0.51896	0.01463	0.02068	0.01094	0.11834	0.01506	0.01136	0.01637	0.01467	0.15456	0.03476	0.00735	0.00562	0.00180	0.00708	0.00652	0.00289	0.00710
66	0.02408	0.00914	0.01246	0.00955	0.01370	0.00789	0.00789	0.02616	0.01536	0.78158	0.02118	0.01827	0.01329	0.00664	0.00540	0.00166	0.00457	0.00540	0.00664	0.00914
67	0.01001	0.00500	0.00500	0.00500	0.00625	0.00500	0.00375	0.01251	0.01126	0.02001	0.01751	0.02001	0.01376	0.00625	0.00375	0.00125	0.00250	0.00500	0.84115	0.00500
68	0.01257	0.01428	0.03103	0.05457	0.02842	0.01351	0.72775	0.01705	0.01259	0.01705	0.01081	0.01447	0.00810	0.00456	0.00629	0.00181	0.00897	0.00627	0.00270	0.00719
69	0.02041	0.01504	0.01611	0.01235	0.01665	0.01665	0.01020	0.75997	0.02524	0.03383	0.01289	0.01289	0.00913	0.00644	0.00537	0.00161	0.00591	0.00483	0.00537	0.00913
70	0.01435	0.81458	0.02813	0.00918	0.01378	0.02124	0.00918	0.01607	0.01091	0.01263	0.00746	0.00861	0.00689	0.00459	0.00344	0.00115	0.00574	0.00287	0.00230	0.00689
71	0.00932	0.00466	0.00699	0.00699	0.00699	0.00466	0.00466	0.00699	0.00699	0.00932	0.00932	0.01632	0.00932	0.01865	0.02098	0.84382	0.00466	0.00466	0.00233	0.00233
72	0.01579	0.38071	0.24375	0.01106	0.01651	0.01529	0.01195	0.01891	0.01217	0.20973	0.01159	0.01186	0.00849	0.00526	0.00442	0.00144	0.00608	0.00383	0.00339	0.00776
73	0.00738	0.00541	0.00705	0.00727	0.00837	0.00509	0.00549	0.00941	0.01313	0.01793	0.40217	0.20495	0.12259	0.01450	0.04665	0.00226	0.00360	0.10661	0.00533	0.00483
74	0.01237	0.01182	0.02013	0.25647	0.56153	0.01251	0.01602	0.01567	0.01179	0.01642	0.00993	0.01359	0.00811	0.00495	0.00533	0.00165	0.00660	0.00478	0.00258	0.00776
75	0.01795	0.02194	0.01618	0.11231	0.11866	0.59301	0.01172	0.01984	0.01427	0.01378	0.00868	0.01072	0.00715	0.00541	0.00497	0.00146	0.00894	0.00379	0.00271	0.00649
76	0.00659	0.00526	0.00593	0.00632	0.00765	0.00460	0.00463	0.00796	0.01186	0.01477	0.08887	0.26485	0.48563	0.01441	0.00654	0.00194	0.00293	0.04968	0.00504	0.00454
77	0.00819	0.00578	0.00759	0.00877	0.05381	0.00545	0.00582	0.00948	0.01094	0.04575	0.06465	0.34452	0.13665	0.15922	0.01040	0.00264	0.00390	0.10707	0.00464	0.00474
78	0.00995	0.03198	0.06725	0.05787	0.01476	0.03149	0.11459	0.03948	0.01181	0.04694	0.02200	0.42490	0.02398	0.01192	0.00634	0.00200	0.00512	0.06771	0.00425	0.00566

[dist]
# distance from previous block
# <min> <max>
2	8

[block]
# block no. 7 follows, 45 sequences, length 42
# corresponding to MSA columns:
# 680-721
name=unknown_H
#
# <colnr> <probs for GDERKNQSTAVLIFYWHMCP>
#	G	D	E	R	K	N	Q	S	T	A	V	L	I	F	Y	W	H	M	C	P
0	0.84927	0.01038	0.00789	0.00706	0.01038	0.01204	0.00581	0.01578	0.00914	0.02408	0.00747	0.00872	0.00581	0.00498	0.00332	0.00166	0.00415	0.00291	0.00332	0.00581
1	0.01192	0.01974	0.32959	0.01972	0.02614	0.01314	0.46574	0.01712	0.01214	0.01712	0.01037	0.01323	0.00761	0.00475	0.00585	0.00177	0.00861	0.00540	0.00254	0.00751
2	0.00781	0.00520	0.00585	0.00585	0.00585	0.00520	0.00325	0.00781	0.00781	0.01041	0.01691	0.03513	0.01952	0.81135	0.02732	0.00520	0.00520	0.00781	0.00325	0.00325
3	0.01242	0.01244	0.02180	0.03803	0.16854	0.01200	0.30697	0.01726	0.09927	0.01768	0.01149	0.01401	0.00905	0.00499	0.00594	0.00156	0.03949	0.00518	0.00310	0.19879
4	0.01001	0.00500	0.00500	0.00500	0.00625	0.00500	0.00375	0.01251	0.01126	0.02001	0.01751	0.02001	0.01376	0.00625	0.00375	0.00125	0.00250	0.00500	0.84115	0.00500
5	0.17742	0.00772	0.00720	0.00694	0.00794	0.05365	0.00460	0.01113	0.04001	0.01399	0.01500	0.05105	0.01614	0.51356	0.04968	0.00417	0.00552	0.00664	0.00337	0.00425
6	0.01317	0.01263	0.02157	0.06184	0.74991	0.01272	0.01641	0.01637	0.01217	0.01739	0.01008	0.01332	0.00845	0.00480	0.00532	0.00160	0.00641	0.00478	0.00265	0.00841
7	0.01001	0.00500	0.00500	0.00500	0.00625	0.00500	0.00375	0.01251	0.01126	0.02001	0.01751	0.02001	0.01376	0.00625	0.00375	0.00125	0.00250	0.00500	0.84115	0.00500
8	0.01396	0.01443	0.01984	0.12411	0.53776	0.14000	0.01513	0.01683	0.01240	0.01620	0.00964	0.01277	0.00803	0.00512	0.00562	0.00161	0.03162	0.00456	0.00263	0.00773
9	0.32782	0.01214	0.01180	0.00989	0.01345	0.01376	0.00801	0.25141	0.23628	0.04403	0.01368	0.01354	0.01011	0.00615	0.00463	0.00169	0.00474	0.00449	0.00466	0.00771
10	0.01266	0.05286	0.01337	0.03829	0.05910	0.11601	0.00919	0.11614	0.08839	0.01695	0.01334	0.01768	0.01159	0.02000	0.31690	0.00443	0.05544	0.02782	0.00343	0.00638
11	0.01329	0.25816	0.19072	0.01819	0.23971	0.08694	0.03855	0.01651	0.01202	0.01558	0.03585	0.01305	0.02885	0.00529	0.00476	0.00148	0.00670	0.00429	0.00264	0.00742
