[name]
unknown

[dist]
# distance from previous block
# <min> <max>
14	485

[block]
# block no. 0 follows, 42 sequences, length 35
# corresponding to MSA columns:
# 592-626
name=unknown_A
#
# <colnr> <probs for GDERKNQSTAVLIFYWHMCP>
#	G	D	E	R	K	N	Q	S	T	A	V	L	I	F	Y	W	H	M	C	P
0	0.32019	0.06419	0.06306	0.01238	0.05389	0.01355	0.07121	0.05497	0.14635	0.02202	0.01290	0.01614	0.01058	0.00648	0.00537	0.00180	0.03551	0.05135	0.00383	0.03424
1	0.23322	0.01440	0.07428	0.01256	0.01639	0.10933	0.14086	0.05557	0.04226	0.07000	0.14874	0.01795	0.01648	0.00672	0.00552	0.00175	0.01734	0.00558	0.00411	0.00696
2	0.01753	0.06838	0.06442	0.08479	0.01797	0.28760	0.01072	0.13251	0.04101	0.08867	0.08812	0.01599	0.01348	0.00661	0.00533	0.00160	0.00718	0.00497	0.03579	0.00732
3	0.08793	0.11551	0.01295	0.10894	0.01497	0.12152	0.00809	0.01507	0.01338	0.08632	0.13923	0.02762	0.20980	0.00876	0.00551	0.00169	0.00521	0.00699	0.00432	0.00618
4	0.01061	0.08285	0.01274	0.01023	0.01200	0.08170	0.03174	0.01294	0.04378	0.01482	0.04878	0.16640	0.09354	0.01884	0.20659	0.00373	0.10377	0.00794	0.00376	0.03323
5	0.01286	0.37395	0.08867	0.01230	0.08985	0.04410	0.01014	0.01514	0.01214	0.03771	0.06316	0.16034	0.04242	0.00812	0.00505	0.00159	0.00558	0.00660	0.00346	0.00684
6	0.01013	0.00869	0.00869	0.00850	0.01033	0.07890	0.00641	0.01406	0.12860	0.04011	0.17899	0.17635	0.23735	0.01238	0.00650	0.00194	0.00403	0.05692	0.00532	0.00581
7	0.01806	0.00944	0.01157	0.00973	0.01294	0.00912	0.00769	0.13332	0.08456	0.36054	0.02614	0.17970	0.09239	0.00987	0.00607	0.00187	0.00448	0.00834	0.00612	0.00802
8	0.01272	0.01276	0.01866	0.47321	0.26561	0.09043	0.01566	0.01611	0.01222	0.01558	0.01005	0.01417	0.00792	0.00545	0.00555	0.00177	0.00751	0.00487	0.00263	0.00712
9	0.00864	0.00570	0.00699	0.00724	0.00859	0.00506	0.00521	0.01008	0.01257	0.08635	0.12673	0.38880	0.27756	0.01478	0.00680	0.00205	0.00320	0.01297	0.00550	0.00519
10	0.01205	0.01092	0.08071	0.00917	0.01188	0.07722	0.00779	0.06783	0.01523	0.10508	0.27499	0.11054	0.17273	0.01070	0.00625	0.00181	0.00447	0.00905	0.00530	0.00632
11	0.01417	0.01922	0.25017	0.01796	0.02363	0.09008	0.31661	0.01869	0.01336	0.08680	0.01344	0.01856	0.01071	0.00625	0.00611	0.00187	0.00837	0.07304	0.00331	0.00766
12	0.00740	0.00529	0.00716	0.00846	0.00903	0.00504	0.00617	0.00878	0.01131	0.01498	0.03072	0.61709	0.03603	0.01712	0.00733	0.00236	0.00374	0.19207	0.00521	0.00472
13	0.01041	0.00634	0.00791	0.00737	0.00929	0.00573	0.00562	0.01235	0.01379	0.14761	0.25937	0.11003	0.28195	0.01508	0.07880	0.00254	0.00431	0.01012	0.00561	0.00576
14	0.01407	0.01239	0.01876	0.47873	0.03160	0.04283	0.10734	0.15650	0.01482	0.05198	0.01134	0.01474	0.00830	0.00580	0.00574	0.00182	0.00749	0.00520	0.00336	0.00721
15	0.14406	0.00849	0.01022	0.00876	0.01116	0.00863	0.00674	0.09015	0.01250	0.24444	0.01483	0.01843	0.01183	0.08749	0.08301	0.21747	0.00590	0.00527	0.00443	0.00621
16	0.00809	0.00585	0.00811	0.00811	0.00879	0.00653	0.00587	0.00945	0.00877	0.01237	0.01593	0.02683	0.01612	0.28602	0.53891	0.00789	0.01199	0.00672	0.00314	0.00451
17	0.01150	0.01535	0.16885	0.25114	0.02926	0.01258	0.31685	0.01594	0.01217	0.01655	0.01256	0.08771	0.01063	0.00633	0.00614	0.00190	0.00808	0.00654	0.00287	0.00705
18	0.01398	0.01330	0.01678	0.02126	0.33171	0.08436	0.01251	0.02163	0.28717	0.01959	0.01723	0.04588	0.01470	0.00735	0.00582	0.00184	0.00595	0.06655	0.00416	0.00823
19	0.01188	0.01288	0.06264	0.13579	0.16257	0.13120	0.01158	0.01435	0.01147	0.01469	0.01349	0.08914	0.01290	0.07232	0.18752	0.00374	0.03629	0.00621	0.00304	0.00629
20	0.76528	0.01134	0.00908	0.00792	0.01150	0.01308	0.00652	0.08494	0.01116	0.02620	0.00837	0.00955	0.00642	0.00537	0.00368	0.00174	0.00453	0.00324	0.00368	0.00642
21	0.01231	0.01231	0.01724	0.01477	0.01477	0.01724	0.01231	0.01354	0.00862	0.01354	0.00739	0.01231	0.00739	0.00985	0.01847	0.00246	0.79192	0.00492	0.00246	0.00616
22	0.00926	0.01034	0.12829	0.01064	0.01306	0.00785	0.08279	0.01262	0.05921	0.01610	0.02127	0.32509	0.02234	0.08825	0.07962	0.00296	0.00598	0.00985	0.08876	0.00574
23	0.00868	0.00680	0.00985	0.00913	0.01024	0.00723	0.05395	0.01004	0.01051	0.01450	0.09019	0.12182	0.13023	0.10058	0.21032	0.08215	0.07960	0.00849	0.03085	0.00483
24	0.02416	0.01064	0.01364	0.01053	0.01485	0.00994	0.00867	0.13886	0.05013	0.62472	0.02089	0.01836	0.01340	0.00696	0.00566	0.00174	0.00499	0.00560	0.00670	0.00955
25	0.01662	0.01921	0.16330	0.01651	0.10631	0.19396	0.05996	0.07079	0.18543	0.09041	0.01421	0.01481	0.01057	0.00615	0.00553	0.00172	0.00727	0.00500	0.00399	0.00825
26	0.00875	0.00704	0.00800	0.00805	0.00966	0.00708	0.00590	0.01383	0.19838	0.01811	0.14574	0.29045	0.23082	0.01331	0.00659	0.00201	0.00336	0.01161	0.00550	0.00581
27	0.01751	0.48474	0.02391	0.01164	0.01566	0.33431	0.01014	0.01917	0.01329	0.01346	0.00818	0.00949	0.00723	0.00522	0.00421	0.00131	0.00772	0.00326	0.00261	0.00693
28	0.01167	0.01000	0.01167	0.00834	0.01334	0.00750	0.00667	0.01417	0.01167	0.01834	0.01000	0.01167	0.00834	0.00417	0.00417	0.00083	0.00417	0.00333	0.00333	0.83663
29	0.00686	0.00490	0.00653	0.00784	0.00816	0.00457	0.00522	0.00784	0.01077	0.01437	0.03102	0.79855	0.03722	0.01763	0.00718	0.00229	0.00326	0.01600	0.00522	0.00457
30	0.04724	0.13980	0.07453	0.01299	0.08714	0.11618	0.01027	0.12969	0.01469	0.04553	0.01096	0.01233	0.00867	0.00535	0.00466	0.00136	0.00606	0.00400	0.05723	0.21133
31	0.00696	0.00498	0.00662	0.00777	0.00819	0.00464	0.00523	0.00809	0.01125	0.01512	0.09856	0.72885	0.03868	0.01707	0.00713	0.00224	0.00321	0.01546	0.00531	0.00464
32	0.01152	0.01150	0.08815	0.00883	0.01383	0.00786	0.00785	0.01444	0.01170	0.01853	0.01078	0.01255	0.00877	0.00451	0.00427	0.00097	0.00445	0.00359	0.07972	0.67618
33	0.01512	0.10820	0.02131	0.20857	0.24099	0.14023	0.07551	0.09144	0.01421	0.01775	0.01017	0.01306	0.00813	0.00542	0.00537	0.00165	0.00756	0.00469	0.00298	0.00763
34	0.01167	0.01649	0.26253	0.11362	0.15167	0.03101	0.01453	0.01679	0.07613	0.03635	0.03442	0.02032	0.06658	0.01048	0.08407	0.00255	0.00759	0.03243	0.00335	0.00742

[dist]
# distance from previous block
# <min> <max>
0	1

[block]
# block no. 1 follows, 42 sequences, length 7
# corresponding to MSA columns:
# 628-634
name=unknown_B
#
# <colnr> <probs for GDERKNQSTAVLIFYWHMCP>
#	G	D	E	R	K	N	Q	S	T	A	V	L	I	F	Y	W	H	M	C	P
0	0.01213	0.00940	0.01086	0.00909	0.01230	0.00903	0.00705	0.04658	0.20824	0.05827	0.10794	0.05054	0.04310	0.05374	0.05893	0.00221	0.00490	0.00633	0.00470	0.28465
1	0.01145	0.00912	0.01048	0.00776	0.01208	0.00708	0.00616	0.01397	0.01169	0.01883	0.01155	0.01340	0.00947	0.00461	0.00412	0.00092	0.00388	0.00369	0.15736	0.68237
2	0.01158	0.00688	0.00918	0.00845	0.00961	0.00732	0.00618	0.01277	0.00998	0.15287	0.01694	0.02677	0.01614	0.33653	0.28529	0.00581	0.06178	0.00675	0.00387	0.00530
3	0.01449	0.00966	0.01175	0.01017	0.01248	0.01067	0.00801	0.08450	0.19109	0.15974	0.11918	0.02320	0.01940	0.07823	0.08408	0.00287	0.10294	0.00652	0.04377	0.00725
4	0.01597	0.01251	0.01578	0.16820	0.09933	0.01378	0.01137	0.38835	0.02004	0.02708	0.15178	0.01914	0.01717	0.00723	0.00581	0.00174	0.00585	0.00600	0.00481	0.00805
5	0.04567	0.01048	0.04353	0.04173	0.15226	0.04853	0.00920	0.07060	0.01453	0.05793	0.25581	0.06413	0.08486	0.06715	0.00765	0.00204	0.00490	0.00779	0.00466	0.00656
6	0.01280	0.01139	0.01346	0.19141	0.01930	0.10328	0.04687	0.08465	0.04387	0.04591	0.11069	0.05755	0.09179	0.00865	0.00620	0.00181	0.02244	0.05561	0.03543	0.03688

[dist]
# distance from previous block
# <min> <max>
4	8

[block]
# block no. 2 follows, 42 sequences, length 8
# corresponding to MSA columns:
# 643-650
name=unknown_C
#
# <colnr> <probs for GDERKNQSTAVLIFYWHMCP>
#	G	D	E	R	K	N	Q	S	T	A	V	L	I	F	Y	W	H	M	C	P
0	0.09497	0.08647	0.06247	0.07207	0.24008	0.02572	0.04188	0.01633	0.04418	0.03693	0.05462	0.05951	0.03165	0.00690	0.00606	0.00174	0.05272	0.00576	0.05267	0.00725
1	0.01267	0.01267	0.06395	0.08996	0.42264	0.01201	0.05492	0.03715	0.05383	0.01790	0.01374	0.08127	0.01249	0.00753	0.00675	0.04752	0.00643	0.03558	0.00327	0.00773
2	0.00845	0.00689	0.00822	0.00967	0.03546	0.05133	0.00684	0.00993	0.01173	0.01508	0.02956	0.52740	0.05735	0.01590	0.00712	0.00227	0.00423	0.18259	0.00499	0.00499
3	0.01693	0.11390	0.06205	0.01375	0.07781	0.11594	0.01078	0.19223	0.19825	0.06356	0.01475	0.01513	0.01120	0.00728	0.02482	0.00183	0.00643	0.00494	0.04016	0.00828
4	0.00982	0.00745	0.00966	0.00860	0.01044	0.00745	0.00652	0.01150	0.01039	0.04377	0.05784	0.06985	0.04563	0.15246	0.25664	0.00457	0.07379	0.00669	0.00365	0.20327
5	0.01364	0.02170	0.39691	0.01692	0.11889	0.05557	0.01611	0.12577	0.08397	0.02082	0.03712	0.04343	0.01129	0.00641	0.00555	0.00177	0.00716	0.00522	0.00348	0.00830
6	0.01635	0.19519	0.06490	0.01460	0.08702	0.10346	0.05167	0.11060	0.21841	0.06184	0.01413	0.01451	0.01083	0.00610	0.00517	0.00163	0.00641	0.00485	0.00407	0.00826
7	0.00846	0.00627	0.00831	0.00811	0.00855	0.00711	0.00572	0.00944	0.00859	0.01206	0.01573	0.02842	0.01661	0.40707	0.35380	0.00677	0.07451	0.00698	0.00316	0.00434

[dist]
# distance from previous block
# <min> <max>
3	5

[block]
# block no. 3 follows, 42 sequences, length 8
# corresponding to MSA columns:
# 656-663
name=unknown_D
#
# <colnr> <probs for GDERKNQSTAVLIFYWHMCP>
#	G	D	E	R	K	N	Q	S	T	A	V	L	I	F	Y	W	H	M	C	P
0	0.04098	0.19911	0.18030	0.01064	0.01508	0.01302	0.01068	0.05724	0.06036	0.13475	0.01404	0.01528	0.01070	0.00987	0.08905	0.00237	0.00670	0.00463	0.11770	0.00751
1	0.01583	0.62658	0.07630	0.01059	0.01558	0.02088	0.01054	0.13548	0.01390	0.01714	0.00890	0.00994	0.00760	0.00516	0.00405	0.00132	0.00620	0.00342	0.00293	0.00767
2	0.00734	0.00521	0.00699	0.00786	0.00847	0.00502	0.00553	0.00844	0.01097	0.01467	0.07998	0.52474	0.08375	0.01967	0.09215	0.05619	0.00468	0.04887	0.00487	0.00458
3	0.05628	0.27598	0.01839	0.01105	0.04915	0.06487	0.00899	0.13616	0.03513	0.13585	0.03847	0.01903	0.11418	0.00710	0.00499	0.00156	0.00551	0.00539	0.00431	0.00760
4	0.01511	0.01240	0.02051	0.16296	0.26548	0.01275	0.14012	0.11783	0.01474	0.10825	0.01372	0.06619	0.01112	0.00637	0.00589	0.00180	0.00680	0.00609	0.00379	0.00808
5	0.01323	0.01523	0.18108	0.01533	0.10457	0.01200	0.06044	0.15640	0.09517	0.02248	0.12401	0.02361	0.01846	0.00773	0.00595	0.00181	0.00602	0.08455	0.00434	0.04759
6	0.00938	0.00697	0.00801	0.00756	0.00902	0.00695	0.00547	0.11025	0.01337	0.01759	0.12596	0.12395	0.23116	0.20595	0.09012	0.00348	0.00520	0.00971	0.00475	0.00517
7	0.01502	0.10614	0.12985	0.01126	0.01617	0.09616	0.01037	0.18143	0.01548	0.02093	0.02851	0.01311	0.00961	0.02890	0.00549	0.00144	0.00611	0.00415	0.00363	0.29626

[dist]
# distance from previous block
# <min> <max>
4	41

[block]
# block no. 4 follows, 42 sequences, length 30
# corresponding to MSA columns:
# 706-735
name=unknown_E
#
# <colnr> <probs for GDERKNQSTAVLIFYWHMCP>
#	G	D	E	R	K	N	Q	S	T	A	V	L	I	F	Y	W	H	M	C	P
0	0.06979	0.05192	0.09237	0.01535	0.14508	0.09286	0.01142	0.16061	0.05497	0.02146	0.01422	0.01735	0.04111	0.00649	0.00524	0.00159	0.00616	0.04828	0.00383	0.13990
1	0.06503	0.01286	0.01606	0.08299	0.11980	0.01366	0.04093	0.22904	0.18708	0.02450	0.01398	0.01493	0.01060	0.00604	0.00532	0.00163	0.00568	0.00502	0.00438	0.14047
2	0.14732	0.00915	0.01110	0.11469	0.01517	0.00979	0.02521	0.12334	0.01371	0.11277	0.01823	0.08937	0.06273	0.01029	0.04723	0.04251	0.00536	0.00635	0.12917	0.00650
3	0.01432	0.01309	0.01551	0.05584	0.08531	0.05363	0.05888	0.06211	0.46294	0.02189	0.01805	0.01793	0.01370	0.00667	0.00560	0.00176	0.00552	0.00573	0.00475	0.07677
4	0.00720	0.00536	0.00671	0.00714	0.00813	0.00486	0.00506	0.00885	0.01299	0.01739	0.29133	0.38406	0.19066	0.01481	0.00689	0.00203	0.00297	0.01314	0.00556	0.00486
5	0.15184	0.08682	0.17984	0.24302	0.06889	0.01329	0.04386	0.01745	0.01178	0.10050	0.01084	0.01316	0.00799	0.00559	0.00534	0.00176	0.02312	0.00445	0.00315	0.00734
6	0.01356	0.13905	0.33089	0.03209	0.02004	0.04452	0.07471	0.11889	0.02573	0.01935	0.01138	0.01341	0.00874	0.00806	0.05768	0.00214	0.00783	0.00455	0.05963	0.00772
7	0.00788	0.00551	0.00737	0.00776	0.00869	0.00516	0.03536	0.00948	0.01156	0.01637	0.07381	0.50726	0.09246	0.01428	0.00645	0.00202	0.00332	0.01282	0.16757	0.00489
8	0.00757	0.00579	0.00647	0.00637	0.00810	0.00504	0.00477	0.00925	0.01326	0.04058	0.19119	0.09895	0.52536	0.01474	0.03523	0.00216	0.00335	0.01140	0.00539	0.00501
9	0.04950	0.11008	0.13898	0.10482	0.18971	0.13076	0.04705	0.09506	0.01428	0.05307	0.01060	0.01264	0.00819	0.00550	0.00521	0.00164	0.00737	0.00446	0.00318	0.00789
10	0.01342	0.01417	0.01731	0.34258	0.23225	0.17759	0.01403	0.01635	0.01284	0.01543	0.01414	0.01721	0.07651	0.00628	0.00558	0.00173	0.00743	0.00533	0.00291	0.00691
11	0.00698	0.00498	0.00661	0.00778	0.00812	0.00472	0.00519	0.00795	0.01055	0.01411	0.02958	0.72169	0.03529	0.06564	0.03953	0.00275	0.00387	0.01513	0.00503	0.00452
12	0.01179	0.02150	0.43660	0.17228	0.17402	0.01308	0.05784	0.01705	0.01202	0.01727	0.01024	0.01308	0.00763	0.00530	0.00552	0.00178	0.00790	0.00463	0.00251	0.00799
13	0.01351	0.07562	0.33115	0.08114	0.17864	0.06008	0.09549	0.06603	0.01335	0.01830	0.01031	0.01271	0.00786	0.00532	0.00544	0.00171	0.00785	0.00462	0.00277	0.00810
14	0.01576	0.01139	0.01308	0.08954	0.01667	0.01248	0.00924	0.16074	0.34038	0.13298	0.02408	0.02294	0.10972	0.00801	0.00581	0.00184	0.00493	0.00658	0.00550	0.00833
15	0.00797	0.00590	0.00861	0.00870	0.00957	0.00673	0.00659	0.00973	0.00908	0.01296	0.01637	0.07485	0.01618	0.10949	0.66064	0.00827	0.01342	0.00688	0.00320	0.00485
16	0.01049	0.00525	0.00525	0.00525	0.00656	0.00525	0.00393	0.01311	0.01180	0.02098	0.01836	0.02098	0.01442	0.00656	0.00393	0.00131	0.00262	0.00525	0.83346	0.00525
17	0.64322	0.01314	0.01137	0.00963	0.01328	0.09043	0.05738	0.07030	0.01170	0.02434	0.00858	0.00997	0.00663	0.00536	0.00401	0.00172	0.00542	0.00350	0.00354	0.00649
18	0.01704	0.18589	0.01888	0.01396	0.08386	0.09424	0.01062	0.21717	0.21747	0.03534	0.01399	0.01431	0.01082	0.00644	0.00563	0.00165	0.03515	0.00483	0.00433	0.00839
19	0.00774	0.00629	0.00666	0.00660	0.00826	0.00582	0.00486	0.01037	0.07971	0.01569	0.07633	0.04843	0.51173	0.13643	0.01005	0.00249	0.00352	0.04903	0.00503	0.00497
20	0.58149	0.01166	0.01038	0.00881	0.01251	0.01316	0.00722	0.13643	0.07013	0.08582	0.01104	0.01155	0.00813	0.00579	0.00417	0.00175	0.00469	0.00383	0.00428	0.00715
21	0.01021	0.00607	0.00750	0.00702	0.00793	0.00587	0.00468	0.01122	0.01099	0.10683	0.18950	0.03488	0.02673	0.47294	0.07051	0.00439	0.00537	0.00819	0.00446	0.00471
22	0.01129	0.02911	0.77306	0.01604	0.02436	0.01307	0.02079	0.01782	0.01188	0.01782	0.01010	0.01188	0.00713	0.00535	0.00535	0.00178	0.00832	0.00416	0.00238	0.00832
23	0.00810	0.00579	0.00781	0.00781	0.00839	0.00637	0.00550	0.00926	0.00868	0.01215	0.01620	0.02834	0.01678	0.36408	0.46175	0.00752	0.01100	0.00694	0.00318	0.00434
24	0.09581	0.00904	0.01025	0.00994	0.01227	0.00959	0.00825	0.14832	0.09361	0.02148	0.02730	0.08201	0.11507	0.01200	0.00656	0.00217	0.00482	0.31997	0.00516	0.00639
25	0.01231	0.01231	0.01724	0.01477	0.01477	0.01724	0.01231	0.01354	0.00862	0.01354	0.00739	0.01231	0.00739	0.00985	0.01847	0.00246	0.79192	0.00492	0.00246	0.00616
26	0.00689	0.00558	0.00612	0.00625	0.00782	0.00481	0.00459	0.00844	0.01299	0.01623	0.16389	0.16829	0.53976	0.01435	0.00673	0.00194	0.00288	0.01225	0.00538	0.00481
27	0.08309	0.01191	0.01320	0.08135	0.01638	0.06114	0.00934	0.06037	0.18771	0.10538	0.01540	0.01830	0.01228	0.00707	0.00654	0.00172	0.08151	0.05276	0.00438	0.17016
28	0.01710	0.32359	0.10812	0.01245	0.01671	0.33958	0.01131	0.04848	0.01417	0.01526	0.03937	0.01135	0.00918	0.00564	0.00463	0.00142	0.00789	0.00377	0.00289	0.00707
29	0.01309	0.02016	0.38709	0.12585	0.07274	0.01238	0.01606	0.09119	0.01349	0.05372	0.01100	0.01293	0.00804	0.00540	0.00526	0.00163	0.00708	0.00437	0.00311	0.13540

[dist]
# distance from previous block
# <min> <max>
0	1

[block]
# block no. 5 follows, 42 sequences, length 16
# corresponding to MSA columns:
# 737-752
name=unknown_F
#
# <colnr> <probs for GDERKNQSTAVLIFYWHMCP>
#	G	D	E	R	K	N	Q	S	T	A	V	L	I	F	Y	W	H	M	C	P
0	0.00929	0.01040	0.13554	0.01050	0.07365	0.00720	0.00865	0.01222	0.01397	0.05029	0.30943	0.03780	0.27797	0.01067	0.00630	0.00181	0.00408	0.00913	0.00499	0.00610
1	0.01006	0.00862	0.01410	0.01398	0.12974	0.00814	0.14624	0.01301	0.01384	0.01965	0.28114	0.03143	0.14624	0.00893	0.00607	0.00173	0.00459	0.00825	0.12805	0.00620
2	0.01921	0.08199	0.05186	0.10268	0.03645	0.39016	0.01165	0.13393	0.01645	0.08814	0.01089	0.01214	0.00829	0.00592	0.00519	0.00156	0.00825	0.00420	0.00359	0.00744
3	0.00828	0.00555	0.00697	0.00697	0.00723	0.00581	0.00445	0.00859	0.00833	0.01136	0.01640	0.03146	0.01795	0.54453	0.21898	0.07494	0.00785	0.00736	0.00323	0.00374
4	0.00747	0.00562	0.00649	0.00692	0.00794	0.00517	0.00496	0.00862	0.01125	0.01417	0.03777	0.18192	0.32522	0.22458	0.01277	0.00302	0.00398	0.12298	0.00474	0.00443
5	0.00900	0.00816	0.01264	0.31960	0.02188	0.00869	0.06678	0.01185	0.01282	0.01649	0.16867	0.03322	0.26914	0.00955	0.00624	0.00187	0.00518	0.00841	0.00414	0.00568
6	0.01677	0.11102	0.05075	0.05128	0.17584	0.13187	0.14340	0.21209	0.01673	0.02136	0.01085	0.01285	0.00844	0.00556	0.00546	0.00164	0.00759	0.00484	0.00350	0.00816
7	0.01365	0.01314	0.11599	0.30183	0.09207	0.01198	0.10526	0.01701	0.01203	0.13271	0.01195	0.01515	0.00886	0.00688	0.00769	0.06046	0.05775	0.00519	0.00324	0.00716
8	0.00957	0.00619	0.00696	0.00667	0.00873	0.00527	0.00503	0.01105	0.01304	0.13242	0.04790	0.15486	0.54452	0.01360	0.00657	0.00193	0.00321	0.01150	0.00550	0.00547
9	0.01090	0.02413	0.59479	0.01411	0.02088	0.01190	0.01724	0.01725	0.06950	0.01752	0.01533	0.01781	0.06776	0.06824	0.00729	0.00209	0.00737	0.00524	0.00294	0.00770
10	0.01553	0.04033	0.13390	0.07288	0.09192	0.20530	0.03098	0.12129	0.12584	0.01951	0.01387	0.07839	0.01172	0.00697	0.00555	0.00173	0.00723	0.00563	0.00376	0.00768
11	0.01246	0.30903	0.06372	0.00954	0.01396	0.01360	0.00879	0.01548	0.04537	0.01581	0.01057	0.01274	0.00914	0.01055	0.12453	0.00235	0.00682	0.00382	0.00299	0.30874
12	0.04415	0.07466	0.06214	0.19236	0.11965	0.04467	0.04563	0.05535	0.11109	0.04573	0.01544	0.13630	0.01386	0.00765	0.00564	0.00182	0.00618	0.00666	0.00377	0.00725
13	0.01277	0.00965	0.01406	0.08007	0.22039	0.00964	0.01016	0.01600	0.06290	0.10256	0.01453	0.01988	0.01259	0.14415	0.12946	0.00337	0.00713	0.00563	0.00366	0.12138
14	0.00814	0.00562	0.00774	0.00810	0.00881	0.00585	0.00596	0.00905	0.00970	0.01310	0.02220	0.15997	0.07860	0.12499	0.29014	0.13459	0.00823	0.09110	0.00376	0.00434
15	0.04530	0.06568	0.08079	0.01791	0.19973	0.11642	0.07625	0.01881	0.07100	0.07725	0.03899	0.01646	0.03350	0.00632	0.00593	0.00168	0.04311	0.00524	0.07206	0.00759

[dist]
# distance from previous block
# <min> <max>
0	2

[block]
# block no. 6 follows, 42 sequences, length 51
# corresponding to MSA columns:
# 779-829
name=unknown_G
#
# <colnr> <probs for GDERKNQSTAVLIFYWHMCP>
#	G	D	E	R	K	N	Q	S	T	A	V	L	I	F	Y	W	H	M	C	P
0	0.01467	0.01403	0.01691	0.11924	0.27998	0.15278	0.01270	0.04866	0.06774	0.05263	0.02395	0.06631	0.01205	0.00889	0.05405	0.00218	0.02010	0.00571	0.00353	0.02388
1	0.01479	0.18652	0.29389	0.02937	0.14809	0.09855	0.01508	0.01910	0.03888	0.07805	0.01125	0.01310	0.00872	0.00558	0.00507	0.00162	0.00728	0.01399	0.00304	0.00804
2	0.01279	0.21566	0.21828	0.01370	0.06384	0.01364	0.05084	0.04708	0.03189	0.04490	0.05027	0.02447	0.03850	0.00782	0.00558	0.00179	0.00636	0.14166	0.00362	0.00731
3	0.01279	0.01218	0.01953	0.16339	0.37963	0.01360	0.03640	0.04429	0.01223	0.01713	0.01312	0.01654	0.05964	0.00680	0.00831	0.00189	0.16648	0.00551	0.00295	0.00758
4	0.01066	0.00990	0.01395	0.12210	0.21713	0.06119	0.03231	0.01332	0.03799	0.01583	0.02031	0.37800	0.02202	0.01109	0.00633	0.00198	0.00545	0.01011	0.00399	0.00634
5	0.04598	0.01628	0.14052	0.16627	0.31654	0.09461	0.06210	0.01691	0.01251	0.01710	0.01120	0.05405	0.00952	0.00591	0.00556	0.00175	0.00738	0.00532	0.00284	0.00765
6	0.00768	0.00566	0.00639	0.00639	0.00766	0.00540	0.00460	0.00907	0.01103	0.01460	0.03635	0.04050	0.37971	0.17788	0.16201	0.00395	0.00574	0.00921	0.10158	0.00459
7	0.00736	0.00514	0.00635	0.00712	0.00737	0.00491	0.00450	0.00798	0.00985	0.01307	0.02676	0.48471	0.05357	0.31682	0.01535	0.00348	0.00409	0.01289	0.00453	0.00413
8	0.01478	0.06008	0.28387	0.10069	0.15174	0.06313	0.06535	0.01950	0.04253	0.12665	0.01232	0.01395	0.00897	0.00561	0.00546	0.00173	0.00736	0.00478	0.00333	0.00818
9	0.06703	0.02331	0.01480	0.16478	0.01945	0.10820	0.05576	0.21090	0.01600	0.02115	0.06408	0.01972	0.06359	0.05124	0.07345	0.00255	0.00730	0.00586	0.00399	0.00684
10	0.00987	0.00810	0.00901	0.00859	0.01063	0.00848	0.00647	0.01720	0.30449	0.02014	0.21183	0.14357	0.19634	0.01147	0.00636	0.00193	0.00349	0.00989	0.00566	0.00649
11	0.01978	0.00863	0.01141	0.00944	0.01278	0.00804	0.00769	0.02290	0.06304	0.49958	0.02129	0.02216	0.01518	0.01184	0.10298	0.00266	0.00583	0.04329	0.10324	0.00822
12	0.01289	0.01276	0.01723	0.58202	0.09132	0.10940	0.01484	0.06353	0.01296	0.01599	0.01011	0.01421	0.00771	0.00567	0.00555	0.00179	0.00769	0.00483	0.00278	0.00671
13	0.12766	0.01029	0.01280	0.00994	0.01420	0.00963	0.00821	0.08966	0.01620	0.61230	0.01963	0.01740	0.01256	0.00673	0.00538	0.00174	0.00486	0.00528	0.00641	0.00914
14	0.06375	0.00801	0.01264	0.01037	0.01239	0.00773	0.16274	0.01188	0.01272	0.01842	0.33924	0.03266	0.03113	0.23747	0.01277	0.00286	0.00503	0.00838	0.00450	0.00530
15	0.00877	0.00735	0.01018	0.10912	0.10173	0.00737	0.00846	0.01141	0.04298	0.01590	0.03356	0.21759	0.25602	0.01281	0.00667	0.00208	0.00445	0.13331	0.00461	0.00563
16	0.00820	0.00539	0.00624	0.00632	0.00634	0.00536	0.00362	0.00811	0.00829	0.01105	0.01805	0.08303	0.02083	0.70364	0.02688	0.05802	0.00528	0.00846	0.00346	0.00342
17	0.01129	0.02911	0.77306	0.01604	0.02436	0.01307	0.02079	0.01782	0.01188	0.01782	0.01010	0.01188	0.00713	0.00535	0.00535	0.00178	0.00832	0.00416	0.00238	0.00832
18	0.01737	0.02022	0.02057	0.12492	0.07075	0.39772	0.18230	0.06750	0.01517	0.01655	0.00994	0.01245	0.00784	0.00554	0.00558	0.00164	0.00915	0.00470	0.00300	0.00708
19	0.00818	0.00575	0.00745	0.00751	0.00804	0.00607	0.00519	0.00923	0.00929	0.01280	0.06411	0.03376	0.02104	0.43088	0.29148	0.00630	0.00866	0.05645	0.00356	0.00422
20	0.01061	0.00580	0.00684	0.00714	0.00854	0.00571	0.00572	0.01309	0.01229	0.05832	0.02268	0.08402	0.02107	0.00989	0.00534	0.00177	0.00351	0.21456	0.49768	0.00541
21	0.10580	0.01048	0.01295	0.01147	0.06309	0.01025	0.00863	0.07365	0.11822	0.44348	0.02168	0.01987	0.06063	0.00720	0.00550	0.00177	0.00479	0.00580	0.00596	0.00877
22	0.01798	0.01190	0.01980	0.07104	0.35802	0.01146	0.08901	0.02105	0.01402	0.30564	0.01507	0.01612	0.01070	0.00577	0.00572	0.00173	0.00630	0.00543	0.00437	0.00886
23	0.01728	0.01194	0.01825	0.04609	0.40919	0.01189	0.01329	0.02208	0.12034	0.24758	0.01586	0.01656	0.01158	0.00600	0.00562	0.00173	0.00581	0.00540	0.00447	0.00904
24	0.00818	0.00546	0.00614	0.00614	0.00614	0.00546	0.00341	0.00818	0.00818	0.01091	0.01773	0.03683	0.02046	0.80222	0.02864	0.00546	0.00546	0.00818	0.00341	0.00341
25	0.06029	0.01050	0.01249	0.00932	0.01397	0.00905	0.00758	0.09444	0.01455	0.26892	0.01428	0.01420	0.01019	0.00541	0.00478	0.00127	0.00459	0.00427	0.00478	0.43512
26	0.01400	0.01209	0.01273	0.01145	0.01463	0.01400	0.00891	0.02990	0.75695	0.02354	0.02291	0.02100	0.01718	0.00764	0.00573	0.00191	0.00445	0.00636	0.00573	0.00891
27	0.01097	0.00877	0.00976	0.00897	0.01122	0.00924	0.00686	0.09234	0.26046	0.02193	0.22808	0.12308	0.16364	0.01095	0.00630	0.00189	0.00372	0.00938	0.00569	0.00675
28	0.01379	0.01323	0.02259	0.06620	0.73654	0.01333	0.01720	0.01715	0.01275	0.01822	0.01056	0.01397	0.00885	0.00504	0.00557	0.00168	0.00672	0.00501	0.00277	0.00880
29	0.01063	0.01000	0.01688	0.78870	0.03876	0.01250	0.01563	0.01438	0.01125	0.01438	0.01000	0.01500	0.00750	0.00563	0.00563	0.00188	0.00750	0.00500	0.00250	0.00625
30	0.00818	0.00546	0.00614	0.00614	0.00614	0.00546	0.00341	0.00818	0.00818	0.01091	0.01773	0.03683	0.02046	0.80222	0.02864	0.00546	0.00546	0.00818	0.00341	0.00341
31	0.84197	0.01088	0.00827	0.00740	0.01088	0.01262	0.00609	0.01654	0.00958	0.02525	0.00784	0.00914	0.00609	0.00522	0.00348	0.00174	0.00435	0.00305	0.00348	0.00609
32	0.00983	0.00597	0.00781	0.00806	0.00941	0.00546	0.00600	0.01151	0.01290	0.12087	0.16055	0.38790	0.11886	0.01446	0.00689	0.00211	0.00355	0.09675	0.00563	0.00548
33	0.01480	0.75479	0.07816	0.01005	0.01509	0.02167	0.01036	0.01691	0.01146	0.01354	0.00797	0.00921	0.00722	0.00485	0.00372	0.00124	0.00617	0.00308	0.00241	0.00729
34	0.84197	0.01088	0.00827	0.00740	0.01088	0.01262	0.00609	0.01654	0.00958	0.02525	0.00784	0.00914	0.00609	0.00522	0.00348	0.00174	0.00435	0.00305	0.00348	0.00609
35	0.00893	0.00525	0.00582	0.00625	0.00735	0.00504	0.00455	0.01093	0.01167	0.01822	0.02707	0.25072	0.11113	0.01102	0.00535	0.00171	0.00294	0.03776	0.46331	0.00499
36	0.01129	0.02911	0.77306	0.01604	0.02436	0.01307	0.02079	0.01782	0.01188	0.01782	0.01010	0.01188	0.00713	0.00535	0.00535	0.00178	0.00832	0.00416	0.00238	0.00832
37	0.11314	0.01372	0.01421	0.01170	0.01556	0.01550	0.00944	0.37384	0.31940	0.02947	0.01665	0.01603	0.01224	0.00693	0.00542	0.00178	0.00528	0.00536	0.00542	0.00890
38	0.00848	0.00617	0.00777	0.00849	0.00949	0.00602	0.00633	0.06289	0.01250	0.01639	0.03137	0.45639	0.10621	0.05677	0.00827	0.00244	0.00400	0.17984	0.00515	0.00504
39	0.00686	0.00551	0.00612	0.00638	0.00783	0.00477	0.00463	0.00832	0.01269	0.01586	0.13358	0.23370	0.50452	0.01475	0.00678	0.00198	0.00293	0.01268	0.00534	0.00477
40	0.00950	0.00742	0.00884	0.00848	0.01016	0.00767	0.00633	0.01566	0.22847	0.02131	0.41349	0.17744	0.03978	0.01154	0.00648	0.00191	0.00329	0.01017	0.00588	0.00621
41	0.41212	0.00976	0.00971	0.00867	0.01171	0.01047	0.00696	0.08758	0.01282	0.15835	0.01654	0.15748	0.01511	0.00857	0.00502	0.00189	0.00447	0.05130	0.00474	0.00673
42	0.00788	0.00561	0.00757	0.00872	0.00946	0.00543	0.00666	0.00952	0.01170	0.01549	0.06004	0.42209	0.03486	0.06636	0.00876	0.00259	0.00415	0.30322	0.00513	0.00477
43	0.01354	0.17463	0.11959	0.02196	0.34210	0.01463	0.04341	0.06595	0.01288	0.01774	0.01077	0.01374	0.00903	0.00988	0.10412	0.00254	0.00791	0.00470	0.00288	0.00799
44	0.01684	0.01312	0.14918	0.01169	0.02696	0.00978	0.04847	0.10506	0.01622	0.29924	0.19420	0.02341	0.04487	0.00781	0.00591	0.00176	0.00529	0.00662	0.00547	0.00808
45	0.00701	0.00534	0.00637	0.00710	0.00806	0.00482	0.00501	0.00821	0.01153	0.01463	0.03984	0.42098	0.30887	0.06604	0.00839	0.00236	0.00338	0.06233	0.00511	0.00461
46	0.01079	0.01344	0.19545	0.01182	0.06320	0.00967	0.01047	0.06886	0.12160	0.01969	0.09329	0.11935	0.16636	0.00963	0.00594	0.00184	0.00492	0.00816	0.05862	0.00691
47	0.01425	0.09269	0.15795	0.07456	0.34216	0.01406	0.01512	0.10996	0.02621	0.03199	0.01143	0.01374	0.00897	0.00549	0.00525	0.00164	0.00659	0.00472	0.05488	0.00833
48	0.01266	0.01130	0.01517	0.32213	0.15171	0.07097	0.01242	0.09024	0.01354	0.01804	0.01417	0.09295	0.01264	0.00733	0.00562	0.00179	0.00637	0.03598	0.09822	0.00675
49	0.12851	0.01007	0.01201	0.00952	0.01329	0.00976	0.00772	0.12704	0.01592	0.46827	0.01854	0.01837	0.01276	0.06062	0.00682	0.00196	0.00484	0.00538	0.06018	0.00842
50	0.01444	0.01034	0.08485	0.10098	0.01587	0.00872	0.00929	0.08299	0.01474	0.22167	0.11524	0.12421	0.07173	0.00939	0.00598	0.00185	0.00486	0.03762	0.05811	0.00710

[dist]
# distance from previous block
# <min> <max>
0	3

[block]
# block no. 7 follows, 42 sequences, length 42
# corresponding to MSA columns:
# 876-917
name=unknown_H
#
# <colnr> <probs for GDERKNQSTAVLIFYWHMCP>
#	G	D	E	R	K	N	Q	S	T	A	V	L	I	F	Y	W	H	M	C	P
0	0.01547	0.05321	0.05046	0.10035	0.13035	0.18865	0.05905	0.05276	0.01419	0.09571	0.02589	0.08159	0.01419	0.00778	0.00582	0.00180	0.00708	0.08466	0.00383	0.00718
1	0.04506	0.03302	0.13014	0.01030	0.01301	0.01045	0.00909	0.14018	0.05276	0.01948	0.08061	0.19558	0.02105	0.15172	0.01081	0.00257	0.05523	0.00828	0.00431	0.00634
2	0.36877	0.05488	0.01424	0.01330	0.10673	0.11428	0.02218	0.08505	0.01255	0.02163	0.00934	0.01128	0.00756	0.00595	0.00585	0.00172	0.09063	0.00392	0.04327	0.00687
3	0.00947	0.10513	0.01022	0.00734	0.00940	0.00763	0.00584	0.01206	0.03283	0.05296	0.46720	0.03903	0.19812	0.01097	0.00620	0.00173	0.00325	0.00936	0.00554	0.00570
4	0.01612	0.31362	0.19509	0.01427	0.07074	0.17490	0.01311	0.10886	0.01442	0.01752	0.00942	0.01081	0.00762	0.00539	0.00470	0.00148	0.00746	0.00380	0.00293	0.00774
5	0.01984	0.01521	0.01772	0.01652	0.14335	0.01663	0.01173	0.59645	0.05366	0.03211	0.01340	0.01388	0.00977	0.00650	0.00562	0.00169	0.00621	0.00511	0.00516	0.00943
6	0.00760	0.00561	0.00703	0.00701	0.00822	0.00513	0.00514	0.00966	0.01414	0.01930	0.47062	0.16561	0.17180	0.04806	0.00773	0.00206	0.00298	0.03155	0.00572	0.00501
7	0.00831	0.00626	0.00786	0.00839	0.00952	0.00620	0.00623	0.01179	0.10478	0.01776	0.19598	0.38365	0.07414	0.01453	0.00694	0.00215	0.00354	0.12108	0.00550	0.00538
8	0.00819	0.00612	0.00786	0.00865	0.01008	0.00580	0.00722	0.01037	0.01305	0.01671	0.09595	0.09448	0.24310	0.01496	0.00733	0.00231	0.00422	0.43328	0.00528	0.00504
9	0.45316	0.01226	0.01156	0.00961	0.01342	0.01375	0.00787	0.22228	0.09760	0.09100	0.01230	0.01252	0.00895	0.00606	0.00451	0.00175	0.00491	0.00420	0.00462	0.00767
10	0.00907	0.00648	0.00907	0.01036	0.01166	0.00648	0.00907	0.01166	0.01296	0.01684	0.02980	0.06348	0.03239	0.01555	0.00777	0.00259	0.00518	0.72924	0.00518	0.00518
11	0.02114	0.01385	0.01552	0.01183	0.01636	0.01446	0.00975	0.51824	0.02269	0.18703	0.01494	0.01449	0.01035	0.00652	0.00548	0.00161	0.00568	0.00500	0.00566	0.09939
12	0.01231	0.01231	0.01724	0.01477	0.01477	0.01724	0.01231	0.01354	0.00862	0.01354	0.00739	0.01231	0.00739	0.00985	0.01847	0.00246	0.79192	0.00492	0.00246	0.00616
13	0.01063	0.01000	0.01688	0.78870	0.03876	0.01250	0.01563	0.01438	0.01125	0.01438	0.01000	0.01500	0.00750	0.00563	0.00563	0.00188	0.00750	0.00500	0.00250	0.00625
14	0.84197	0.01088	0.00827	0.00740	0.01088	0.01262	0.00609	0.01654	0.00958	0.02525	0.00784	0.00914	0.00609	0.00522	0.00348	0.00174	0.00435	0.00305	0.00348	0.00609
15	0.01063	0.01000	0.01688	0.78870	0.03876	0.01250	0.01563	0.01438	0.01125	0.01438	0.01000	0.01500	0.00750	0.00563	0.00563	0.00188	0.00750	0.00500	0.00250	0.00625
16	0.00686	0.00490	0.00653	0.00784	0.00816	0.00457	0.00522	0.00784	0.01077	0.01437	0.03102	0.79855	0.03722	0.01763	0.00718	0.00229	0.00326	0.01600	0.00522	0.00457
17	0.05734	0.02612	0.01561	0.01418	0.01711	0.74569	0.01066	0.02221	0.01567	0.01428	0.00866	0.01010	0.00720	0.00577	0.00500	0.00146	0.00989	0.00360	0.00293	0.00651
18	0.00835	0.00619	0.00786	0.00747	0.00893	0.00590	0.00569	0.01179	0.06277	0.02204	0.65126	0.04227	0.07882	0.01157	0.00664	0.00183	0.00290	0.04614	0.00607	0.00551
19	0.00713	0.00509	0.00684	0.00815	0.00860	0.00481	0.00570	0.00831	0.01104	0.01467	0.03087	0.70751	0.03662	0.01737	0.00726	0.00232	0.00350	0.10434	0.00522	0.00465
20	0.01074	0.00636	0.00753	0.00706	0.00840	0.00619	0.00514	0.04459	0.01292	0.08220	0.21427	0.03385	0.03883	0.24135	0.01238	0.00279	0.00397	0.05356	0.20262	0.00527
21	0.02102	0.02682	0.01595	0.01450	0.01740	0.77963	0.01087	0.02247	0.01595	0.01377	0.00870	0.01015	0.00725	0.00580	0.00507	0.00145	0.01015	0.00362	0.00290	0.00652
22	0.00759	0.00569	0.00675	0.00651	0.00781	0.00516	0.00470	0.00946	0.01379	0.01851	0.43124	0.04502	0.26970	0.13186	0.00997	0.00237	0.00314	0.01041	0.00547	0.00485
23	0.00720	0.00514	0.00693	0.00823	0.00871	0.00487	0.00582	0.00843	0.01111	0.01475	0.03083	0.68393	0.03647	0.01731	0.00727	0.00233	0.00356	0.12721	0.00522	0.00467
24	0.01546	0.04978	0.01819	0.06466	0.03908	0.28374	0.04737	0.01718	0.01181	0.01402	0.00831	0.01178	0.00744	0.00758	0.01143	0.00197	0.37660	0.00448	0.00264	0.00648
25	0.01272	0.01199	0.02023	0.10646	0.60047	0.01219	0.01562	0.01581	0.01241	0.01749	0.01306	0.11121	0.01228	0.00664	0.00578	0.00177	0.00634	0.00637	0.00306	0.00811
26	0.01167	0.01000	0.01167	0.00834	0.01334	0.00750	0.00667	0.01417	0.01167	0.01834	0.01000	0.01167	0.00834	0.00417	0.00417	0.00083	0.00417	0.00333	0.00333	0.83663
27	0.00772	0.00571	0.00796	0.00987	0.05690	0.00547	0.00654	0.00907	0.01115	0.01488	0.02898	0.59904	0.03396	0.04851	0.00805	0.00243	0.00388	0.13000	0.00499	0.00490
28	0.01295	0.13148	0.42044	0.01665	0.02328	0.01507	0.18357	0.06400	0.01292	0.01817	0.01018	0.01236	0.00763	0.00542	0.00600	0.00175	0.04280	0.00466	0.00270	0.00798
29	0.01390	0.05447	0.18237	0.01782	0.02287	0.16853	0.32292	0.01780	0.01317	0.01648	0.01327	0.04661	0.04542	0.00623	0.00632	0.00179	0.03396	0.00592	0.00294	0.00721
30	0.00976	0.00709	0.00900	0.00944	0.01092	0.00712	0.00771	0.09210	0.01405	0.01845	0.07661	0.17305	0.09336	0.05238	0.00828	0.00247	0.00464	0.39291	0.00522	0.00546
31	0.00824	0.00568	0.00710	0.00771	0.00817	0.00563	0.00545	0.00920	0.01007	0.01330	0.02359	0.16788	0.02684	0.43334	0.01875	0.00406	0.00502	0.23159	0.00425	0.00414
32	0.02080	0.01218	0.01432	0.01127	0.01521	0.01271	0.00925	0.39150	0.02039	0.28479	0.01681	0.01670	0.01174	0.01121	0.10150	0.00261	0.00672	0.00539	0.02601	0.00890
33	0.01254	0.02746	0.67941	0.01566	0.02350	0.01361	0.01954	0.10830	0.01369	0.02001	0.01052	0.01208	0.00743	0.00552	0.00538	0.00177	0.00805	0.00427	0.00278	0.00847
34	0.00818	0.00546	0.00614	0.00614	0.00614	0.00546	0.00341	0.00818	0.00818	0.01091	0.01773	0.03683	0.02046	0.80222	0.02864	0.00546	0.00546	0.00818	0.00341	0.00341
35	0.01026	0.00950	0.01612	0.61412	0.03322	0.01135	0.05258	0.01369	0.01142	0.01473	0.01362	0.10319	0.01237	0.00751	0.00599	0.00197	0.00700	0.05233	0.00299	0.00607
36	0.74034	0.01149	0.00934	0.00809	0.01170	0.01322	0.00666	0.10718	0.01167	0.02651	0.00854	0.00968	0.00653	0.00541	0.00375	0.00173	0.00458	0.00330	0.00375	0.00653
37	0.11667	0.01135	0.01713	0.02278	0.41989	0.01166	0.01265	0.01700	0.01301	0.10296	0.13285	0.01834	0.01615	0.00661	0.00631	0.00175	0.05547	0.00567	0.00386	0.00788
38	0.01679	0.01750	0.01530	0.01544	0.10893	0.27688	0.01071	0.06362	0.37199	0.02018	0.01601	0.01600	0.01235	0.00663	0.00548	0.00171	0.00678	0.00519	0.00439	0.00813
39	0.36397	0.00897	0.00904	0.00859	0.02981	0.00994	0.00621	0.07373	0.04617	0.01949	0.01090	0.01598	0.00985	0.10840	0.01240	0.24849	0.00487	0.00460	0.00343	0.00518
40	0.00796	0.00561	0.00669	0.00669	0.00713	0.00570	0.00427	0.00856	0.00894	0.01189	0.02204	0.03591	0.11132	0.54629	0.18244	0.00576	0.00714	0.00819	0.00355	0.00391
41	0.15232	0.10980	0.01424	0.00993	0.01356	0.01355	0.00825	0.24158	0.09956	0.10007	0.11340	0.02001	0.06583	0.00749	0.00524	0.00169	0.00486	0.00579	0.00507	0.00777

[dist]
# distance from previous block
# <min> <max>
1	4

[block]
# block no. 8 follows, 42 sequences, length 17
# corresponding to MSA columns:
# 922-938
name=unknown_I
#
# <colnr> <probs for GDERKNQSTAVLIFYWHMCP>
#	G	D	E	R	K	N	Q	S	T	A	V	L	I	F	Y	W	H	M	C	P
0	0.10805	0.01322	0.09707	0.01047	0.01446	0.04764	0.03804	0.18155	0.01601	0.09509	0.05846	0.02490	0.20469	0.00830	0.00559	0.00171	0.00526	0.00666	0.00469	0.05813
1	0.12752	0.00907	0.00993	0.00907	0.01056	0.04568	0.00674	0.11932	0.05513	0.01711	0.01198	0.06313	0.01114	0.01384	0.01423	0.42565	0.03626	0.00537	0.00344	0.00484
2	0.43278	0.01330	0.13133	0.00883	0.01228	0.05572	0.00809	0.01481	0.01036	0.01986	0.01450	0.01875	0.07760	0.15095	0.00874	0.00242	0.00540	0.00499	0.00341	0.00587
3	0.01546	0.01772	0.01465	0.15488	0.06327	0.40073	0.01097	0.01748	0.01313	0.01387	0.01078	0.01497	0.00942	0.05145	0.16403	0.00328	0.01024	0.00467	0.00287	0.00616
4	0.09154	0.01270	0.01317	0.01099	0.01453	0.01429	0.00882	0.31979	0.30720	0.02827	0.01720	0.01687	0.01276	0.00694	0.00528	0.00174	0.00495	0.00541	0.09904	0.00851
5	0.84197	0.01088	0.00827	0.00740	0.01088	0.01262	0.00609	0.01654	0.00958	0.02525	0.00784	0.00914	0.00609	0.00522	0.00348	0.00174	0.00435	0.00305	0.00348	0.00609
6	0.01505	0.80561	0.02949	0.00963	0.01444	0.02227	0.00963	0.01685	0.01143	0.01324	0.00782	0.00903	0.00722	0.00481	0.00361	0.00120	0.00602	0.00301	0.00241	0.00722
7	0.00796	0.00575	0.00752	0.00708	0.00841	0.00531	0.00531	0.01062	0.01593	0.02257	0.76415	0.04204	0.05310	0.01150	0.00664	0.00177	0.00265	0.01018	0.00619	0.00531
8	0.01393	0.01337	0.02284	0.03454	0.76712	0.01337	0.01727	0.01727	0.01281	0.01839	0.01059	0.01393	0.00891	0.00501	0.00557	0.00167	0.00669	0.00501	0.00279	0.00891
9	0.00804	0.00603	0.00904	0.00904	0.01005	0.00703	0.00703	0.01005	0.00904	0.01306	0.01507	0.02211	0.01407	0.04221	0.77992	0.00904	0.01507	0.00603	0.00301	0.00502
10	0.01231	0.01231	0.01724	0.01477	0.01477	0.01724	0.01231	0.01354	0.00862	0.01354	0.00739	0.01231	0.00739	0.00985	0.01847	0.00246	0.79192	0.00492	0.00246	0.00616
11	0.00921	0.00794	0.00784	0.00839	0.00913	0.09839	0.00584	0.01020	0.01105	0.01368	0.02565	0.35993	0.06236	0.23642	0.01302	0.00310	0.00494	0.10393	0.00443	0.00457
12	0.84197	0.01088	0.00827	0.00740	0.01088	0.01262	0.00609	0.01654	0.00958	0.02525	0.00784	0.00914	0.00609	0.00522	0.00348	0.00174	0.00435	0.00305	0.00348	0.00609
13	0.00905	0.00662	0.00942	0.04512	0.01115	0.00723	0.00708	0.01137	0.01230	0.04616	0.33136	0.02949	0.02985	0.02418	0.34036	0.00495	0.05674	0.00765	0.00445	0.00545
14	0.01252	0.02150	0.44438	0.13045	0.02373	0.01315	0.01665	0.11040	0.08519	0.02038	0.05801	0.01528	0.01128	0.00616	0.00554	0.00180	0.00721	0.00498	0.00336	0.00804
15	0.08664	0.00947	0.00922	0.00834	0.01075	0.04076	0.00640	0.11078	0.14945	0.02034	0.03019	0.03112	0.26925	0.07510	0.03810	0.00236	0.00469	0.00769	0.08310	0.00628
16	0.01382	0.34758	0.02114	0.07353	0.12516	0.06101	0.01063	0.05102	0.06691	0.01640	0.04834	0.01583	0.04010	0.00932	0.07490	0.00218	0.00690	0.00478	0.00323	0.00720

[dist]
# distance from previous block
# <min> <max>
0	19

[block]
# block no. 9 follows, 42 sequences, length 33
# corresponding to MSA columns:
# 958-990
name=unknown_J
#
# <colnr> <probs for GDERKNQSTAVLIFYWHMCP>
#	G	D	E	R	K	N	Q	S	T	A	V	L	I	F	Y	W	H	M	C	P
0	0.01421	0.01580	0.04232	0.13371	0.26938	0.16653	0.17580	0.01737	0.01294	0.01621	0.01084	0.01533	0.00915	0.06738	0.00751	0.00200	0.00807	0.00532	0.00282	0.00731
1	0.20747	0.05413	0.01549	0.32564	0.06764	0.17466	0.01187	0.01747	0.01217	0.05079	0.00969	0.01244	0.00748	0.00555	0.00491	0.00170	0.00708	0.00419	0.00302	0.00662
2	0.17673	0.10209	0.06263	0.01012	0.01338	0.04106	0.00884	0.12681	0.01307	0.07834	0.01258	0.01542	0.01032	0.01877	0.28120	0.00427	0.00916	0.00471	0.00370	0.00680
3	0.00685	0.00537	0.00620	0.00672	0.00791	0.00472	0.00476	0.00819	0.01222	0.01547	0.10538	0.36826	0.39706	0.01545	0.00688	0.00205	0.00301	0.01348	0.00531	0.00472
4	0.01197	0.05402	0.12323	0.09827	0.11363	0.01442	0.01349	0.01459	0.01039	0.01525	0.01004	0.05807	0.00935	0.00791	0.01112	0.00200	0.35270	0.00526	0.00272	0.07155
5	0.00773	0.00568	0.00747	0.00820	0.00924	0.00542	0.00632	0.00959	0.01250	0.01659	0.16568	0.30674	0.13522	0.01690	0.05195	0.00262	0.00433	0.21763	0.00526	0.00493
6	0.30971	0.04627	0.19782	0.01415	0.06440	0.01355	0.11061	0.06593	0.05559	0.05672	0.01093	0.01234	0.00812	0.00548	0.00486	0.00175	0.00635	0.00436	0.00348	0.00760
7	0.00761	0.00576	0.00716	0.00777	0.00905	0.00531	0.00606	0.00947	0.01288	0.01662	0.15115	0.22149	0.27715	0.01497	0.00710	0.00217	0.00360	0.22440	0.00536	0.00492
8	0.00713	0.00524	0.00669	0.00734	0.00815	0.00480	0.00512	0.00864	0.01247	0.01674	0.23649	0.49002	0.13945	0.01549	0.00696	0.00209	0.00304	0.01384	0.00549	0.00480
9	0.01634	0.21508	0.03445	0.01138	0.01492	0.09129	0.00983	0.11579	0.01391	0.11543	0.01135	0.01299	0.00910	0.00912	0.06735	0.00215	0.13405	0.00430	0.00365	0.10752
10	0.02102	0.02682	0.01595	0.01450	0.01740	0.77963	0.01087	0.02247	0.01595	0.01377	0.00870	0.01015	0.00725	0.00580	0.00507	0.00145	0.01015	0.00362	0.00290	0.00652
11	0.01629	0.01274	0.01415	0.01053	0.01529	0.01223	0.00858	0.36288	0.01869	0.02647	0.01167	0.01254	0.00892	0.00540	0.00486	0.00124	0.00513	0.00416	0.00442	0.44381
12	0.02139	0.01576	0.01689	0.01295	0.01745	0.01745	0.01070	0.74835	0.02646	0.03547	0.01351	0.01351	0.00957	0.00676	0.00563	0.00169	0.00619	0.00507	0.00563	0.00957
13	0.01231	0.01231	0.01724	0.01477	0.01477	0.01724	0.01231	0.01354	0.00862	0.01354	0.00739	0.01231	0.00739	0.00985	0.01847	0.00246	0.79192	0.00492	0.00246	0.00616
14	0.00686	0.00490	0.00653	0.00784	0.00816	0.00457	0.00522	0.00784	0.01077	0.01437	0.03102	0.79855	0.03722	0.01763	0.00718	0.00229	0.00326	0.01600	0.00522	0.00457
15	0.01195	0.02446	0.52591	0.01861	0.02605	0.01346	0.26328	0.01789	0.01235	0.01789	0.01053	0.01298	0.00760	0.00515	0.00578	0.00182	0.00871	0.00499	0.00253	0.00807
