[name]
unknown

[dist]
# distance from previous block
# <min> <max>
0	464

[block]
# block no. 0 follows, 44 sequences, length 90
# corresponding to MSA columns:
# 537-626
name=unknown_A
#
# <colnr> <probs for GDERKNQSTAVLIFYWHMCP>
#	G	D	E	R	K	N	Q	S	T	A	V	L	I	F	Y	W	H	M	C	P
0	0.01537	0.04131	0.12015	0.08529	0.14619	0.11937	0.06697	0.08972	0.04556	0.10725	0.01331	0.01732	0.01069	0.00648	0.00593	0.00174	0.03363	0.06244	0.00366	0.00763
1	0.00934	0.00790	0.01052	0.01215	0.15748	0.00726	0.00741	0.01177	0.03991	0.01633	0.10069	0.10297	0.20156	0.08973	0.04370	0.00228	0.00459	0.00807	0.00410	0.16223
2	0.01260	0.07296	0.01322	0.08828	0.01539	0.01005	0.00798	0.09078	0.06027	0.04253	0.01247	0.04952	0.01046	0.00661	0.02854	0.00144	0.00496	0.00452	0.04060	0.42681
3	0.00928	0.00706	0.00838	0.00738	0.00993	0.00583	0.00558	0.01103	0.01168	0.04788	0.07311	0.18789	0.18727	0.05712	0.00694	0.00177	0.00364	0.04657	0.00442	0.30724
4	0.00671	0.00477	0.00631	0.00751	0.00781	0.00447	0.00497	0.00761	0.01031	0.01374	0.02938	0.76480	0.03521	0.05828	0.00804	0.00237	0.00327	0.01510	0.00497	0.00437
5	0.00747	0.00553	0.00697	0.00668	0.00801	0.00503	0.00498	0.00978	0.01473	0.02038	0.62528	0.07761	0.16366	0.01183	0.00646	0.00176	0.00263	0.01038	0.00581	0.00503
6	0.00685	0.00552	0.00610	0.00600	0.00762	0.00477	0.00448	0.00859	0.01331	0.01693	0.27786	0.07036	0.52636	0.01307	0.00645	0.00181	0.00271	0.01111	0.00536	0.00477
7	0.01212	0.00608	0.00733	0.00660	0.00846	0.00568	0.00510	0.01459	0.01364	0.16967	0.27955	0.02704	0.02686	0.00809	0.00505	0.00151	0.00296	0.00681	0.38694	0.00593
8	0.84691	0.01054	0.00801	0.00717	0.01054	0.01223	0.00590	0.01603	0.00928	0.02446	0.00759	0.00886	0.00590	0.00506	0.00337	0.00169	0.00422	0.00295	0.00337	0.00590
9	0.01179	0.00967	0.01135	0.00813	0.01296	0.00729	0.00652	0.01420	0.01146	0.04556	0.01012	0.01157	0.00827	0.00414	0.00409	0.00084	0.00406	0.00331	0.00336	0.81131
10	0.02072	0.01527	0.01636	0.01254	0.01691	0.01691	0.01036	0.75622	0.02563	0.03436	0.01309	0.01309	0.00927	0.00654	0.00545	0.00164	0.00600	0.00491	0.00545	0.00927
11	0.84691	0.01054	0.00801	0.00717	0.01054	0.01223	0.00590	0.01603	0.00928	0.02446	0.00759	0.00886	0.00590	0.00506	0.00337	0.00169	0.00422	0.00295	0.00337	0.00590
12	0.00900	0.00653	0.00819	0.00742	0.00901	0.00631	0.00566	0.08418	0.01644	0.02310	0.69639	0.03799	0.04726	0.01069	0.00633	0.00171	0.00291	0.00937	0.00595	0.00555
13	0.84691	0.01054	0.00801	0.00717	0.01054	0.01223	0.00590	0.01603	0.00928	0.02446	0.00759	0.00886	0.00590	0.00506	0.00337	0.00169	0.00422	0.00295	0.00337	0.00590
14	0.01349	0.01295	0.02213	0.03346	0.77440	0.01295	0.01673	0.01673	0.01241	0.01781	0.01025	0.01349	0.00864	0.00486	0.00540	0.00162	0.00648	0.00486	0.00270	0.00864
15	0.59400	0.01112	0.00958	0.00845	0.01182	0.01285	0.00684	0.06586	0.19227	0.02469	0.01146	0.01189	0.00870	0.00572	0.00403	0.00172	0.00435	0.00385	0.00403	0.00677
16	0.01356	0.01171	0.01233	0.01109	0.01418	0.01356	0.00863	0.02897	0.76455	0.02281	0.02219	0.02034	0.01664	0.00740	0.00555	0.00185	0.00431	0.00616	0.00555	0.00863
17	0.00663	0.00480	0.00627	0.00744	0.00787	0.00444	0.00499	0.00761	0.01059	0.01398	0.03192	0.74878	0.09091	0.01684	0.00692	0.00219	0.00313	0.01520	0.00506	0.00444
18	0.00881	0.00812	0.00794	0.00760	0.00923	0.08333	0.00578	0.01088	0.03673	0.01582	0.14907	0.07094	0.40103	0.01417	0.06892	0.00236	0.05202	0.00939	0.03277	0.00510
19	0.01427	0.04141	0.06814	0.14330	0.45485	0.03947	0.01525	0.09931	0.01376	0.04297	0.01066	0.01336	0.00843	0.00524	0.00532	0.00164	0.00668	0.00472	0.00306	0.00816
20	0.01105	0.01069	0.04228	0.27409	0.28459	0.01128	0.01397	0.01419	0.01137	0.01559	0.01313	0.02173	0.01198	0.01013	0.07742	0.00251	0.04762	0.11667	0.00295	0.00675
21	0.00669	0.00494	0.00626	0.00718	0.00783	0.00451	0.00491	0.00783	0.01115	0.01463	0.08823	0.61849	0.16526	0.01608	0.00683	0.00211	0.00305	0.01439	0.00513	0.00451
22	0.00742	0.00575	0.00752	0.10251	0.01137	0.00569	0.00611	0.00883	0.01092	0.01406	0.05293	0.33990	0.20643	0.12646	0.00962	0.00252	0.00399	0.06888	0.00452	0.00458
23	0.08261	0.06253	0.07489	0.05207	0.15676	0.14631	0.06115	0.08333	0.01415	0.14330	0.03768	0.01387	0.01010	0.00585	0.00555	0.00163	0.03218	0.00468	0.00372	0.00763
24	0.01222	0.12326	0.42946	0.07659	0.07423	0.05189	0.03826	0.01780	0.06761	0.01680	0.01068	0.01248	0.00806	0.00532	0.00501	0.00164	0.00727	0.00425	0.02953	0.00764
25	0.00831	0.00555	0.00724	0.00716	0.00740	0.00596	0.00475	0.00841	0.00800	0.01098	0.01477	0.02776	0.01593	0.44238	0.21830	0.15898	0.03476	0.00671	0.00300	0.00362
26	0.04809	0.01192	0.05273	0.00975	0.01458	0.00990	0.02847	0.15118	0.03738	0.02122	0.01066	0.01192	0.00842	0.00472	0.00444	0.00111	0.00477	0.00375	0.00366	0.56135
27	0.03970	0.11323	0.11847	0.01458	0.04336	0.31212	0.06347	0.12871	0.01486	0.01765	0.00931	0.01103	0.00746	0.00582	0.00610	0.00159	0.07825	0.00406	0.00305	0.00717
28	0.01256	0.00916	0.01193	0.08062	0.12125	0.05753	0.00885	0.01446	0.01194	0.15417	0.04501	0.16457	0.08987	0.05964	0.08690	0.00275	0.05040	0.00789	0.00422	0.00628
29	0.00778	0.00528	0.00593	0.00599	0.00612	0.00520	0.00343	0.00791	0.00833	0.01098	0.02022	0.06896	0.07007	0.72294	0.02547	0.00493	0.00503	0.00848	0.00349	0.00344
30	0.20295	0.01587	0.25401	0.22679	0.07044	0.01219	0.01385	0.04937	0.01133	0.01848	0.00980	0.01267	0.00750	0.00794	0.06341	0.00226	0.00726	0.00423	0.00280	0.00687
31	0.00902	0.00695	0.00709	0.00701	0.00742	0.05738	0.00437	0.03346	0.00932	0.01200	0.01777	0.11769	0.02014	0.60613	0.05802	0.00473	0.00580	0.00828	0.00352	0.00390
32	0.02042	0.01512	0.01619	0.01248	0.01679	0.01677	0.01029	0.72579	0.05654	0.03388	0.01347	0.01339	0.00958	0.00658	0.00546	0.00165	0.00593	0.00496	0.00546	0.00924
33	0.00696	0.00554	0.00624	0.00607	0.00768	0.00482	0.00455	0.00883	0.01365	0.01763	0.34661	0.04769	0.47900	0.01272	0.00644	0.00179	0.00268	0.01084	0.00544	0.00482
34	0.02072	0.01527	0.01636	0.01254	0.01691	0.01691	0.01036	0.75622	0.02563	0.03436	0.01309	0.01309	0.00927	0.00654	0.00545	0.00164	0.00600	0.00491	0.00545	0.00927
35	0.01027	0.00758	0.00981	0.00900	0.00977	0.00941	0.00721	0.01223	0.00982	0.01627	0.01349	0.01769	0.01158	0.01464	0.17191	0.00321	0.27662	0.00513	0.37903	0.00534
36	0.01356	0.01171	0.01233	0.01109	0.01418	0.01356	0.00863	0.02897	0.76455	0.02281	0.02219	0.02034	0.01664	0.00740	0.00555	0.00185	0.00431	0.00616	0.00555	0.00863
37	0.01579	0.01282	0.01358	0.01155	0.01503	0.01460	0.00917	0.25550	0.53438	0.02640	0.01935	0.01808	0.01435	0.00713	0.00552	0.00178	0.00484	0.00577	0.00552	0.00883
38	0.01030	0.00969	0.01635	0.79530	0.03755	0.01211	0.01514	0.01393	0.01090	0.01393	0.00969	0.01453	0.00727	0.00545	0.00545	0.00182	0.00727	0.00484	0.00242	0.00606
39	0.01617	0.01414	0.01777	0.04665	0.17805	0.15860	0.12278	0.05616	0.01407	0.14785	0.01428	0.01559	0.04420	0.00575	0.00533	0.00154	0.00666	0.00507	0.02698	0.10235
40	0.03950	0.00963	0.01314	0.05603	0.21303	0.00866	0.00935	0.01343	0.01178	0.01718	0.01889	0.02234	0.14183	0.00677	0.00509	0.00139	0.00470	0.05271	0.00349	0.35107
41	0.01030	0.00969	0.01635	0.79530	0.03755	0.01211	0.01514	0.01393	0.01090	0.01393	0.00969	0.01453	0.00727	0.00545	0.00545	0.00182	0.00727	0.00484	0.00242	0.00606
42	0.12983	0.04354	0.28718	0.01308	0.08383	0.01087	0.03185	0.01553	0.01127	0.01838	0.01131	0.01299	0.03273	0.00513	0.00459	0.00143	0.00580	0.00405	0.04121	0.23543
43	0.33259	0.01340	0.01416	0.01649	0.22704	0.12452	0.01037	0.03942	0.01144	0.01944	0.00909	0.01159	0.00759	0.00805	0.06044	0.00218	0.07837	0.00400	0.00305	0.00677
44	0.01093	0.02820	0.78016	0.01554	0.02360	0.01266	0.02014	0.01727	0.01151	0.01727	0.00978	0.01151	0.00691	0.00518	0.00518	0.00173	0.00806	0.00403	0.00230	0.00806
45	0.01248	0.01125	0.01668	0.10377	0.21592	0.01180	0.09404	0.09646	0.16525	0.01980	0.05194	0.02285	0.12818	0.00736	0.00579	0.00176	0.00563	0.01749	0.00408	0.00746
46	0.01512	0.25088	0.11496	0.01305	0.01649	0.25738	0.03551	0.01731	0.01191	0.01375	0.00834	0.01065	0.00726	0.00709	0.02952	0.00181	0.17598	0.00383	0.00252	0.00665
47	0.82116	0.01102	0.00824	0.00738	0.01074	0.03636	0.00605	0.01620	0.00947	0.02411	0.00762	0.00889	0.00594	0.00508	0.00342	0.00168	0.00439	0.00297	0.00336	0.00592
48	0.00885	0.00740	0.01075	0.09953	0.15447	0.00728	0.00824	0.01145	0.01381	0.01891	0.41264	0.03487	0.17097	0.00982	0.00613	0.00173	0.00386	0.00867	0.00481	0.00580
49	0.01386	0.30516	0.26866	0.01289	0.01761	0.13667	0.01345	0.01695	0.01145	0.01440	0.00836	0.01033	0.00700	0.00577	0.00661	0.00158	0.13610	0.00367	0.00241	0.00707
50	0.00779	0.00584	0.00876	0.00876	0.00974	0.00681	0.00681	0.00974	0.00876	0.01266	0.01460	0.02142	0.01363	0.04089	0.78680	0.00876	0.01460	0.00584	0.00292	0.00487
51	0.00886	0.00729	0.00964	0.00929	0.01016	0.03284	0.00714	0.01091	0.03364	0.01281	0.01413	0.02167	0.01354	0.12785	0.55836	0.00717	0.10082	0.00591	0.00299	0.00497
52	0.00793	0.00529	0.00595	0.00595	0.00595	0.00529	0.00330	0.00793	0.00793	0.01057	0.01718	0.03568	0.01982	0.80840	0.02775	0.00529	0.00529	0.00793	0.00330	0.00330
53	0.00776	0.00538	0.00602	0.00597	0.00740	0.00488	0.00443	0.00977	0.01298	0.01826	0.26655	0.09264	0.31195	0.01138	0.00583	0.00169	0.00268	0.00969	0.20989	0.00488
54	0.01787	0.13425	0.04583	0.01207	0.01614	0.11677	0.01023	0.36860	0.17905	0.02534	0.01348	0.01351	0.01012	0.00628	0.00510	0.00159	0.00619	0.00467	0.00455	0.00837
55	0.01443	0.04344	0.08399	0.16420	0.34001	0.18131	0.01469	0.03832	0.03774	0.01654	0.01010	0.01277	0.00811	0.00528	0.00523	0.00161	0.00738	0.00447	0.00280	0.00758
56	0.01220	0.08248	0.57214	0.01461	0.02152	0.04844	0.04109	0.06187	0.03485	0.01788	0.01170	0.01307	0.03319	0.00558	0.00516	0.00168	0.00760	0.00437	0.00272	0.00785
57	0.01188	0.11627	0.49288	0.01403	0.04057	0.01255	0.03686	0.01690	0.02346	0.06028	0.06606	0.01664	0.03403	0.00619	0.00524	0.00169	0.00690	0.02691	0.00306	0.00761
58	0.00786	0.00537	0.00609	0.00617	0.00640	0.00529	0.00372	0.00813	0.00858	0.01126	0.02094	0.03864	0.08027	0.69527	0.02478	0.00484	0.00507	0.05427	0.00355	0.00351
59	0.01333	0.14981	0.39562	0.01527	0.07280	0.12397	0.04310	0.05114	0.01276	0.01668	0.01119	0.03107	0.02873	0.00569	0.00502	0.00160	0.00753	0.00444	0.00271	0.00753
60	0.01452	0.10050	0.18481	0.05873	0.16113	0.03502	0.19308	0.09239	0.01378	0.07778	0.01115	0.01317	0.00834	0.00521	0.00540	0.00166	0.00734	0.00487	0.00317	0.00795
61	0.00971	0.00809	0.01250	0.07819	0.22471	0.00818	0.01060	0.01218	0.01199	0.01603	0.02360	0.17997	0.05798	0.01177	0.00662	0.00212	0.00516	0.31045	0.00418	0.00598
62	0.00972	0.00811	0.01225	0.10378	0.23276	0.00811	0.00958	0.01190	0.01179	0.04171	0.05751	0.20535	0.19158	0.01243	0.05663	0.00230	0.00526	0.00910	0.00404	0.00609
63	0.01360	0.13430	0.07962	0.01908	0.28317	0.06999	0.04327	0.07408	0.01354	0.04147	0.06293	0.08824	0.03981	0.00693	0.00535	0.00162	0.00609	0.00602	0.00348	0.00744
64	0.01534	0.13229	0.16367	0.07655	0.06566	0.16474	0.08034	0.01868	0.02471	0.12469	0.01344	0.01627	0.03083	0.00614	0.00524	0.00163	0.00718	0.04190	0.00338	0.00731
65	0.38099	0.22133	0.05996	0.01099	0.05645	0.16088	0.00909	0.01730	0.01121	0.01857	0.00802	0.00943	0.00661	0.00506	0.00392	0.00150	0.00604	0.00322	0.00290	0.00654
66	0.14462	0.13781	0.17303	0.01455	0.01957	0.01402	0.22770	0.04510	0.01216	0.08547	0.01066	0.01261	0.00805	0.00640	0.03000	0.00191	0.04124	0.00464	0.00314	0.00732
67	0.00774	0.00521	0.00600	0.00618	0.00623	0.00516	0.00355	0.00788	0.00829	0.01105	0.01901	0.14527	0.02213	0.69565	0.02479	0.00485	0.00498	0.00901	0.00355	0.00346
68	0.00685	0.00502	0.00644	0.00717	0.00789	0.00461	0.00496	0.00822	0.01179	0.01577	0.19689	0.54197	0.13161	0.01536	0.00678	0.00206	0.00298	0.01375	0.00527	0.00461
69	0.01093	0.02820	0.78016	0.01554	0.02360	0.01266	0.02014	0.01727	0.01151	0.01727	0.00978	0.01151	0.00691	0.00518	0.00518	0.00173	0.00806	0.00403	0.00230	0.00806
70	0.01042	0.00800	0.01030	0.00938	0.01035	0.00966	0.00733	0.06752	0.03176	0.01585	0.01383	0.02023	0.01273	0.13206	0.25899	0.00453	0.20387	0.00567	0.16211	0.00539
71	0.01893	0.26262	0.01738	0.00966	0.01372	0.01299	0.00839	0.02295	0.12689	0.38834	0.05162	0.01675	0.01366	0.00639	0.00491	0.00155	0.00487	0.00498	0.00514	0.00827
72	0.01557	0.02092	0.22993	0.02701	0.07360	0.23517	0.04119	0.12740	0.11535	0.01950	0.03441	0.01362	0.01010	0.00594	0.00530	0.00163	0.00752	0.00463	0.00350	0.00771
73	0.00782	0.00563	0.00770	0.00764	0.00836	0.00612	0.00552	0.00927	0.00946	0.01333	0.12274	0.02847	0.02087	0.26885	0.44650	0.00671	0.01008	0.00704	0.00347	0.00443
74	0.01664	0.00933	0.01181	0.00969	0.01244	0.00960	0.00784	0.15292	0.01619	0.29306	0.22210	0.02308	0.02241	0.00943	0.03552	0.00200	0.08817	0.00649	0.04387	0.00745
75	0.54022	0.01597	0.03223	0.01029	0.03368	0.25653	0.00806	0.01789	0.01137	0.02057	0.00799	0.00936	0.00636	0.00523	0.00397	0.00160	0.00616	0.00321	0.00315	0.00617
76	0.01859	0.02199	0.01464	0.01313	0.01569	0.58947	0.00993	0.08980	0.01528	0.01512	0.00969	0.01248	0.00840	0.05912	0.04680	0.00209	0.04429	0.00410	0.00308	0.00632
77	0.01028	0.00920	0.01382	0.04524	0.06503	0.04396	0.15983	0.03587	0.01150	0.01531	0.05591	0.10603	0.06586	0.24379	0.03458	0.00303	0.00611	0.02974	0.03952	0.00540
78	0.00779	0.00584	0.00876	0.00876	0.00974	0.00681	0.00681	0.00974	0.00876	0.01266	0.01460	0.02142	0.01363	0.04089	0.78680	0.00876	0.01460	0.00584	0.00292	0.00487
79	0.78163	0.01044	0.00838	0.00737	0.01081	0.01190	0.00607	0.01686	0.00978	0.08428	0.00870	0.00963	0.00651	0.00519	0.00354	0.00169	0.00425	0.00315	0.00364	0.00617
80	0.01356	0.01171	0.01233	0.01109	0.01418	0.01356	0.00863	0.02897	0.76455	0.02281	0.02219	0.02034	0.01664	0.00740	0.00555	0.00185	0.00431	0.00616	0.00555	0.00863
81	0.05032	0.01042	0.01186	0.01008	0.01303	0.01081	0.00795	0.33477	0.01769	0.11278	0.01953	0.26489	0.01876	0.00998	0.00583	0.00181	0.00472	0.03329	0.00525	0.05625
82	0.01037	0.00917	0.01424	0.06989	0.36389	0.00909	0.01081	0.01287	0.01238	0.01708	0.14316	0.05948	0.14725	0.06532	0.00736	0.00196	0.00493	0.00747	0.02671	0.00656
83	0.01878	0.01392	0.03964	0.05484	0.06545	0.03576	0.06925	0.34905	0.09913	0.17514	0.01497	0.01503	0.01053	0.00629	0.00552	0.00169	0.00607	0.00520	0.00501	0.00873
84	0.01385	0.02365	0.59183	0.01416	0.02123	0.01172	0.01719	0.01964	0.03989	0.17635	0.01269	0.01330	0.00864	0.00559	0.00526	0.00172	0.00721	0.00441	0.00335	0.00833
85	0.00723	0.00559	0.00710	0.00720	0.00849	0.00546	0.00547	0.00901	0.01163	0.01537	0.16971	0.11547	0.29416	0.02225	0.25273	0.00407	0.00661	0.04312	0.00456	0.00479
86	0.01432	0.32633	0.20235	0.06288	0.08331	0.07817	0.04977	0.04076	0.03305	0.04760	0.00985	0.01141	0.00780	0.00514	0.00464	0.00148	0.00690	0.00394	0.00279	0.00750
87	0.01280	0.05374	0.01777	0.35956	0.13457	0.13794	0.06501	0.03933	0.01260	0.01535	0.01314	0.02974	0.05236	0.00627	0.00547	0.00171	0.00720	0.02595	0.00291	0.00657
88	0.01233	0.00672	0.00805	0.00705	0.00956	0.00576	0.00552	0.01413	0.01391	0.25671	0.15852	0.03990	0.41820	0.01116	0.00614	0.00177	0.00332	0.00934	0.00574	0.00616
89	0.01164	0.01295	0.13462	0.12945	0.07776	0.01053	0.19689	0.03717	0.01296	0.06647	0.11883	0.04863	0.07565	0.03417	0.00667	0.00190	0.00640	0.00683	0.00369	0.00680

[dist]
# distance from previous block
# <min> <max>
0	1

[block]
# block no. 1 follows, 44 sequences, length 23
# corresponding to MSA columns:
# 628-650
name=unknown_B
#
# <colnr> <probs for GDERKNQSTAVLIFYWHMCP>
#	G	D	E	R	K	N	Q	S	T	A	V	L	I	F	Y	W	H	M	C	P
0	0.13736	0.03935	0.12278	0.11366	0.08594	0.17495	0.01192	0.12877	0.01425	0.04403	0.01150	0.04638	0.00959	0.00633	0.00507	0.00167	0.00684	0.02907	0.00344	0.00711
1	0.08193	0.01586	0.22043	0.04315	0.07038	0.04181	0.14905	0.06417	0.03634	0.01830	0.01493	0.16392	0.01406	0.00783	0.00572	0.00185	0.00659	0.03328	0.00346	0.00695
2	0.37635	0.03864	0.06562	0.04650	0.07411	0.20749	0.02499	0.07587	0.01270	0.02052	0.00875	0.01034	0.00687	0.00531	0.00436	0.00160	0.00648	0.00362	0.00319	0.00670
3	0.01301	0.01259	0.02229	0.09356	0.58166	0.01267	0.11515	0.01643	0.01231	0.01755	0.01063	0.01403	0.00870	0.00493	0.00547	0.00165	0.00674	0.00508	0.03745	0.00810
4	0.00678	0.00555	0.00609	0.00601	0.00768	0.00486	0.00452	0.00843	0.01274	0.01594	0.18898	0.04805	0.58142	0.01520	0.06128	0.00230	0.00356	0.01079	0.00509	0.00472
5	0.01055	0.00664	0.00719	0.00609	0.00858	0.00582	0.00471	0.01305	0.01139	0.01946	0.01504	0.01727	0.01198	0.00557	0.00389	0.00111	0.00305	0.00445	0.55586	0.28830
6	0.00676	0.00493	0.00636	0.00727	0.00788	0.00454	0.00497	0.00796	0.01128	0.01501	0.12620	0.62612	0.11869	0.01597	0.00684	0.00211	0.00304	0.01435	0.00518	0.00454
7	0.00695	0.00496	0.00614	0.00695	0.00735	0.00467	0.00451	0.00770	0.01001	0.01315	0.02940	0.52910	0.10928	0.21906	0.01222	0.00296	0.00366	0.01314	0.00461	0.00416
8	0.01151	0.15179	0.66159	0.01456	0.02208	0.01407	0.01844	0.01712	0.01144	0.01656	0.00944	0.01107	0.00692	0.00510	0.00491	0.00164	0.00771	0.00385	0.00231	0.00789
9	0.00707	0.00572	0.00639	0.00673	0.00841	0.00505	0.00538	0.00875	0.01246	0.01515	0.04818	0.05488	0.57418	0.01414	0.00673	0.00202	0.00337	0.20561	0.00505	0.00471
10	0.01525	0.41375	0.20534	0.01208	0.01706	0.22389	0.01224	0.01801	0.01235	0.01403	0.00833	0.00970	0.00698	0.00504	0.00428	0.00136	0.00743	0.00334	0.00245	0.00707
11	0.00697	0.00546	0.00639	0.00684	0.00817	0.00487	0.00517	0.00854	0.01227	0.01548	0.11630	0.23339	0.41131	0.01452	0.00673	0.00202	0.00318	0.12257	0.00515	0.00468
12	0.01586	0.06930	0.07746	0.01506	0.06107	0.24440	0.17015	0.01873	0.01387	0.10907	0.08382	0.01585	0.01285	0.00597	0.00533	0.00157	0.00729	0.00517	0.06016	0.00702
13	0.84691	0.01054	0.00801	0.00717	0.01054	0.01223	0.00590	0.01603	0.00928	0.02446	0.00759	0.00886	0.00590	0.00506	0.00337	0.00169	0.00422	0.00295	0.00337	0.00590
14	0.00778	0.00546	0.00701	0.00684	0.00776	0.00528	0.00487	0.00965	0.01275	0.01805	0.46383	0.09077	0.03884	0.17756	0.08603	0.00314	0.00433	0.00929	0.03606	0.00469
15	0.04052	0.01324	0.07336	0.10998	0.37160	0.03755	0.06503	0.05958	0.01312	0.04578	0.04218	0.05612	0.01220	0.00632	0.00557	0.00172	0.00644	0.02873	0.00330	0.00765
16	0.01241	0.01354	0.02801	0.02316	0.15314	0.01280	0.55849	0.01652	0.01286	0.01752	0.04064	0.01765	0.05477	0.00542	0.00626	0.00180	0.00812	0.00659	0.00300	0.00733
17	0.00678	0.00513	0.00626	0.00684	0.00779	0.00461	0.00480	0.00815	0.01193	0.01559	0.17158	0.44227	0.25845	0.01503	0.00671	0.00201	0.00294	0.01329	0.00523	0.00461
18	0.01226	0.01255	0.02205	0.14820	0.27644	0.04003	0.23559	0.01553	0.01193	0.01621	0.01201	0.09014	0.01079	0.00642	0.00676	0.00182	0.06494	0.00630	0.00288	0.00715
19	0.01506	0.09358	0.14018	0.10010	0.21648	0.07541	0.06443	0.15034	0.03008	0.04704	0.01093	0.01287	0.00836	0.00542	0.00523	0.00162	0.00700	0.00460	0.00328	0.00799
20	0.01676	0.01265	0.01522	0.06048	0.11774	0.03921	0.01067	0.31362	0.07950	0.09579	0.01493	0.04446	0.01190	0.00723	0.00638	0.00175	0.06253	0.03422	0.04690	0.00806
21	0.21692	0.02920	0.09185	0.01255	0.06486	0.11280	0.02097	0.12222	0.05582	0.02098	0.01005	0.01150	0.00790	0.00563	0.00552	0.00156	0.06381	0.00394	0.00344	0.13848
22	0.00833	0.00680	0.00838	0.00842	0.00909	0.03282	0.00617	0.00950	0.00971	0.01297	0.02260	0.21651	0.09849	0.18470	0.21706	0.00453	0.09615	0.03942	0.00376	0.00459

[dist]
# distance from previous block
# <min> <max>
0	2

[block]
# block no. 2 follows, 44 sequences, length 77
# corresponding to MSA columns:
# 653-729
name=unknown_C
#
# <colnr> <probs for GDERKNQSTAVLIFYWHMCP>
#	G	D	E	R	K	N	Q	S	T	A	V	L	I	F	Y	W	H	M	C	P
0	0.07021	0.11879	0.05221	0.12640	0.12482	0.10147	0.05247	0.01566	0.01163	0.01609	0.01010	0.04836	0.00884	0.00563	0.00539	0.00148	0.04353	0.00452	0.00286	0.17956
1	0.09558	0.00800	0.01031	0.00900	0.01190	0.00738	0.00720	0.01946	0.01346	0.44533	0.02301	0.20753	0.02003	0.00992	0.00585	0.00190	0.00429	0.08662	0.00585	0.00736
2	0.01026	0.00992	0.01256	0.21974	0.13025	0.09190	0.01015	0.01259	0.01153	0.01439	0.02233	0.07574	0.18582	0.01466	0.15132	0.00307	0.00749	0.00712	0.00338	0.00580
3	0.09344	0.00852	0.01007	0.00905	0.01093	0.00956	0.00700	0.19312	0.01281	0.01878	0.01398	0.02056	0.01285	0.15933	0.38924	0.00573	0.00989	0.00568	0.00365	0.00578
4	0.00713	0.00555	0.00648	0.00624	0.00779	0.00489	0.00468	0.00915	0.01405	0.01858	0.44191	0.04613	0.38310	0.01237	0.00644	0.00177	0.00266	0.01062	0.00557	0.00489
5	0.13000	0.00605	0.00625	0.00612	0.00661	0.00630	0.00368	0.00911	0.00812	0.01259	0.01578	0.03177	0.01780	0.69152	0.02420	0.00476	0.00513	0.00720	0.00331	0.00368
6	0.00690	0.00550	0.00618	0.00609	0.00767	0.00479	0.00454	0.00869	0.01340	0.01722	0.30765	0.08313	0.48294	0.01302	0.00646	0.00181	0.00271	0.01111	0.00539	0.00479
7	0.01209	0.04094	0.11786	0.03775	0.24007	0.01180	0.06930	0.06957	0.11692	0.01838	0.01578	0.15731	0.01462	0.00923	0.04186	0.00211	0.00633	0.00695	0.00366	0.00745
8	0.01142	0.01004	0.01265	0.00947	0.01388	0.00844	0.06272	0.01576	0.11506	0.01846	0.03979	0.01540	0.03995	0.00516	0.00460	0.00110	0.00436	0.00442	0.00368	0.60364
9	0.01358	0.03899	0.01388	0.01119	0.07771	0.01027	0.00824	0.17027	0.01440	0.02109	0.01038	0.01178	0.00834	0.00466	0.00443	0.00106	0.00472	0.00371	0.00362	0.56770
10	0.04448	0.18292	0.01809	0.01152	0.01566	0.07494	0.00975	0.47320	0.04659	0.02709	0.01188	0.01229	0.00893	0.00606	0.00489	0.00152	0.00603	0.00437	0.03149	0.00831
11	0.00948	0.00810	0.01041	0.00957	0.01153	0.01941	0.06899	0.02653	0.20145	0.01764	0.10382	0.25938	0.15767	0.01355	0.05437	0.00236	0.00468	0.01018	0.00493	0.00597
12	0.04732	0.25264	0.38961	0.01252	0.01843	0.08999	0.01423	0.01715	0.01185	0.03949	0.01179	0.01291	0.04915	0.00559	0.00467	0.00154	0.00703	0.00407	0.00269	0.00734
13	0.03725	0.03595	0.20133	0.00966	0.01352	0.00893	0.00959	0.05866	0.03780	0.11700	0.12419	0.05820	0.22425	0.01011	0.02780	0.00195	0.00503	0.00756	0.00456	0.00666
14	0.00663	0.00480	0.00627	0.00744	0.00787	0.00444	0.00499	0.00761	0.01059	0.01398	0.03194	0.74844	0.09125	0.01683	0.00692	0.00219	0.00313	0.01520	0.00506	0.00444
15	0.01025	0.01380	0.23665	0.25869	0.06249	0.00988	0.01335	0.01377	0.01120	0.05042	0.01608	0.23390	0.01574	0.02209	0.00616	0.00194	0.00616	0.00765	0.00335	0.00643
16	0.02711	0.01667	0.09893	0.07667	0.12029	0.16170	0.11646	0.09688	0.07057	0.11864	0.01246	0.01386	0.00921	0.00580	0.00581	0.00169	0.03089	0.00489	0.00370	0.00779
17	0.01030	0.00969	0.01635	0.79530	0.03755	0.01211	0.01514	0.01393	0.01090	0.01393	0.00969	0.01453	0.00727	0.00545	0.00545	0.00182	0.00727	0.00484	0.00242	0.00606
18	0.00664	0.00474	0.00633	0.00759	0.00791	0.00443	0.00506	0.00759	0.01044	0.01392	0.03005	0.80485	0.03606	0.01708	0.00696	0.00221	0.00316	0.01550	0.00506	0.00443
19	0.00966	0.00862	0.01333	0.24392	0.18811	0.00915	0.02061	0.01272	0.04061	0.01603	0.09105	0.16970	0.13586	0.00936	0.00598	0.00184	0.00511	0.00839	0.00384	0.00614
20	0.11856	0.07417	0.06398	0.04556	0.17852	0.17684	0.04507	0.06986	0.05208	0.01812	0.01166	0.07615	0.01030	0.00644	0.00545	0.00166	0.03007	0.00514	0.00327	0.00712
21	0.01030	0.00969	0.01635	0.79530	0.03755	0.01211	0.01514	0.01393	0.01090	0.01393	0.00969	0.01453	0.00727	0.00545	0.00545	0.00182	0.00727	0.00484	0.00242	0.00606
22	0.34051	0.01617	0.01371	0.03323	0.16622	0.27559	0.00996	0.01793	0.01207	0.01873	0.00867	0.01058	0.00707	0.00536	0.00472	0.00159	0.02611	0.00366	0.02154	0.00658
23	0.06333	0.01133	0.01232	0.03852	0.04084	0.01290	0.00873	0.10749	0.50729	0.02323	0.01946	0.04835	0.01514	0.00731	0.00534	0.00178	0.00452	0.00603	0.05801	0.00807
24	0.01282	0.28120	0.41060	0.01330	0.01911	0.06504	0.01519	0.01683	0.01130	0.01516	0.00872	0.01055	0.00697	0.00548	0.00589	0.00159	0.08681	0.00371	0.00235	0.00739
25	0.01732	0.04242	0.04404	0.01469	0.09570	0.26171	0.01084	0.21657	0.17255	0.02152	0.01437	0.01478	0.03656	0.00639	0.00526	0.00160	0.00688	0.00485	0.00411	0.00785
26	0.01120	0.05632	0.48422	0.01499	0.06200	0.01180	0.06622	0.01615	0.01174	0.01726	0.03363	0.01377	0.03152	0.00535	0.00509	0.00156	0.00698	0.00446	0.00270	0.14306
27	0.01161	0.03703	0.56591	0.01602	0.02296	0.03557	0.13025	0.02818	0.03454	0.01739	0.01115	0.04468	0.00864	0.00567	0.00542	0.00175	0.00790	0.00491	0.00264	0.00777
28	0.01506	0.06220	0.12151	0.01422	0.01851	0.01390	0.16076	0.13799	0.16348	0.10236	0.04297	0.01591	0.01193	0.00653	0.00682	0.00179	0.08650	0.00546	0.00417	0.00797
29	0.00667	0.00552	0.00587	0.00603	0.00771	0.00473	0.00457	0.00815	0.01241	0.01505	0.07808	0.10434	0.64249	0.01402	0.00656	0.00191	0.00294	0.06321	0.00509	0.00464
30	0.01544	0.09395	0.05399	0.03798	0.12740	0.20932	0.25373	0.04414	0.01366	0.05096	0.01112	0.04288	0.00914	0.00559	0.00549	0.00163	0.00800	0.00525	0.00306	0.00728
31	0.01303	0.01173	0.01942	0.12707	0.50323	0.01199	0.04483	0.01691	0.05626	0.05399	0.03599	0.01725	0.05233	0.00584	0.00555	0.00169	0.00616	0.00554	0.00325	0.00796
32	0.01030	0.00969	0.01635	0.79530	0.03755	0.01211	0.01514	0.01393	0.01090	0.01393	0.00969	0.01453	0.00727	0.00545	0.00545	0.00182	0.00727	0.00484	0.00242	0.00606
33	0.00733	0.00530	0.00705	0.00812	0.00888	0.00503	0.00610	0.00887	0.01152	0.01519	0.07852	0.48333	0.08839	0.01587	0.00706	0.00224	0.00364	0.22778	0.00511	0.00466
34	0.04547	0.01880	0.27650	0.01620	0.08644	0.10719	0.12392	0.01848	0.01253	0.13765	0.01216	0.02660	0.00933	0.04134	0.00693	0.00188	0.04276	0.00497	0.00331	0.00754
35	0.01339	0.01694	0.19193	0.22827	0.02431	0.12496	0.08832	0.01797	0.07050	0.06913	0.01288	0.01505	0.03518	0.00614	0.00631	0.00177	0.06178	0.00500	0.00312	0.00705
36	0.05673	0.00887	0.01111	0.00937	0.01242	0.00845	0.00739	0.12665	0.01525	0.40974	0.02216	0.24913	0.01918	0.00969	0.00582	0.00183	0.00438	0.00823	0.00591	0.00769
37	0.01248	0.01244	0.01464	0.16189	0.13334	0.13777	0.04457	0.01764	0.16142	0.01725	0.08686	0.05466	0.06310	0.00782	0.00576	0.00178	0.00606	0.04985	0.00391	0.00676
38	0.01263	0.05086	0.14354	0.25573	0.06664	0.03966	0.21650	0.02665	0.01235	0.06294	0.01310	0.01581	0.04762	0.00564	0.00562	0.00174	0.00749	0.00540	0.00296	0.00709
39	0.01093	0.02820	0.78016	0.01554	0.02360	0.01266	0.02014	0.01727	0.01151	0.01727	0.00978	0.01151	0.00691	0.00518	0.00518	0.00173	0.00806	0.00403	0.00230	0.00806
40	0.00697	0.00543	0.00642	0.00701	0.00827	0.00487	0.00530	0.00847	0.01195	0.01501	0.06609	0.27748	0.39448	0.01492	0.00679	0.00207	0.00329	0.14545	0.00508	0.00464
41	0.01309	0.12787	0.36108	0.01471	0.04231	0.02593	0.09216	0.04010	0.01232	0.07958	0.04026	0.04083	0.01046	0.00620	0.00623	0.00172	0.06953	0.00497	0.00308	0.00756
42	0.06261	0.01957	0.44795	0.07854	0.02031	0.01099	0.01507	0.01647	0.04563	0.06165	0.01567	0.07316	0.04678	0.00727	0.00546	0.00183	0.00660	0.05393	0.00328	0.00724
43	0.02029	0.00991	0.01225	0.00973	0.01350	0.00939	0.00800	0.18328	0.01720	0.46858	0.02491	0.02428	0.12378	0.00811	0.00571	0.00174	0.00468	0.04012	0.00614	0.00840
44	0.01488	0.11630	0.11064	0.04326	0.24984	0.19959	0.01318	0.05119	0.07715	0.01688	0.01126	0.03811	0.00947	0.00634	0.01770	0.00169	0.00724	0.00467	0.00307	0.00756
45	0.01354	0.06336	0.07505	0.09943	0.17143	0.11409	0.06476	0.04430	0.15481	0.01761	0.01357	0.06615	0.01146	0.00657	0.00583	0.00171	0.03575	0.00556	0.02765	0.00737
46	0.01119	0.00829	0.00865	0.00838	0.01002	0.07198	0.00620	0.04392	0.07667	0.09034	0.10749	0.26361	0.10315	0.06981	0.00770	0.00213	0.00417	0.04270	0.05793	0.00569
47	0.20997	0.06959	0.01355	0.01015	0.01339	0.08995	0.02790	0.05522	0.04643	0.04105	0.01014	0.01246	0.00847	0.03490	0.03118	0.00186	0.11153	0.00400	0.00335	0.20491
48	0.06083	0.00730	0.00691	0.00674	0.00724	0.07123	0.00419	0.00975	0.00875	0.01203	0.01535	0.02983	0.01691	0.60023	0.02278	0.06197	0.00544	0.00690	0.04187	0.00373
49	0.01563	0.39327	0.02027	0.01046	0.01413	0.25153	0.00902	0.07436	0.01374	0.01494	0.01520	0.01578	0.11851	0.00643	0.00451	0.00137	0.00661	0.00450	0.00312	0.00662
50	0.01018	0.00774	0.00896	0.00861	0.00966	0.05499	0.00634	0.03712	0.01092	0.06162	0.06442	0.15552	0.05174	0.21174	0.18706	0.00430	0.06490	0.03515	0.00399	0.00502
51	0.01024	0.00866	0.01246	0.10707	0.20263	0.00911	0.00945	0.05100	0.05290	0.01605	0.03984	0.07364	0.12514	0.13978	0.11522	0.00328	0.00650	0.00730	0.00366	0.00607
52	0.00669	0.00510	0.00608	0.00674	0.00765	0.00457	0.00467	0.00785	0.01136	0.01457	0.08424	0.45863	0.30036	0.04576	0.00754	0.00217	0.00306	0.01343	0.00505	0.00449
53	0.00840	0.00749	0.03754	0.00839	0.03607	0.00653	0.00633	0.01191	0.08915	0.01825	0.28944	0.11235	0.24199	0.01230	0.03497	0.00201	0.00374	0.00954	0.00505	0.05855
54	0.02037	0.02598	0.01545	0.01404	0.01685	0.78652	0.01053	0.02177	0.01545	0.01334	0.00843	0.00983	0.00702	0.00562	0.00492	0.00140	0.00983	0.00351	0.00281	0.00632
55	0.01478	0.56368	0.13034	0.01038	0.01522	0.06337	0.01062	0.01721	0.01191	0.06699	0.04426	0.01135	0.00949	0.00524	0.00409	0.00132	0.00614	0.00360	0.00283	0.00718
56	0.01508	0.47219	0.12596	0.01101	0.01571	0.10512	0.01085	0.09407	0.04415	0.01646	0.03735	0.01135	0.00926	0.00539	0.00428	0.00137	0.00642	0.00373	0.00297	0.00730
57	0.00702	0.00595	0.04134	0.00770	0.00849	0.00494	0.00560	0.00834	0.01091	0.01470	0.10569	0.61393	0.06092	0.06724	0.00816	0.00233	0.00345	0.01377	0.00492	0.00460
58	0.01298	0.09785	0.35367	0.01659	0.12982	0.03642	0.04937	0.01918	0.12817	0.05625	0.01287	0.04099	0.01009	0.00590	0.00523	0.00169	0.00679	0.00494	0.00322	0.00798
59	0.01219	0.08689	0.14145	0.08981	0.20709	0.03553	0.01249	0.01688	0.09886	0.04673	0.12782	0.06976	0.01739	0.00709	0.00546	0.00169	0.00573	0.00613	0.00371	0.00730
60	0.02140	0.01035	0.01285	0.01027	0.01421	0.01010	0.00835	0.08249	0.20723	0.52929	0.02104	0.01860	0.01398	0.00690	0.00550	0.00172	0.00466	0.00561	0.00634	0.00911
61	0.00837	0.00553	0.00783	0.00783	0.00871	0.00613	0.00593	0.00965	0.00900	0.01330	0.01562	0.02152	0.03952	0.03119	0.51552	0.14888	0.01076	0.00574	0.12450	0.00446
62	0.02722	0.03977	0.07497	0.04870	0.13391	0.12539	0.12806	0.08871	0.03214	0.11181	0.04119	0.01937	0.03568	0.00670	0.00564	0.00172	0.00681	0.06089	0.00387	0.00748
63	0.01345	0.12878	0.32712	0.01541	0.05460	0.04134	0.11282	0.12166	0.03999	0.01895	0.01230	0.01381	0.03920	0.00579	0.00562	0.00167	0.03191	0.00474	0.00308	0.00777
64	0.00681	0.00494	0.00628	0.00728	0.00778	0.00459	0.00492	0.00778	0.01052	0.01379	0.03181	0.61830	0.12194	0.08992	0.00884	0.00246	0.00338	0.03940	0.00490	0.00437
65	0.03578	0.03875	0.06867	0.28111	0.19399	0.01073	0.01240	0.01487	0.01218	0.05888	0.10952	0.01899	0.03878	0.00640	0.00531	0.00167	0.00572	0.00558	0.07392	0.00674
66	0.03983	0.13906	0.18074	0.01366	0.05425	0.25352	0.01216	0.07482	0.03636	0.07346	0.01118	0.04181	0.00909	0.00610	0.00533	0.00157	0.03204	0.00441	0.00329	0.00732
67	0.01114	0.01012	0.03922	0.01502	0.12091	0.03221	0.14528	0.01366	0.01129	0.06743	0.04058	0.08674	0.06129	0.05466	0.22550	0.00393	0.04431	0.00700	0.00350	0.00623
68	0.00703	0.00511	0.00663	0.00718	0.00796	0.00471	0.00503	0.00862	0.01244	0.01695	0.30963	0.46724	0.09197	0.01463	0.00673	0.00200	0.00291	0.01311	0.00541	0.00471
69	0.01106	0.00972	0.04688	0.04006	0.12314	0.03570	0.00908	0.11006	0.01380	0.03699	0.08535	0.28249	0.06398	0.02342	0.00659	0.00199	0.00481	0.08412	0.00456	0.00620
70	0.06778	0.01591	0.13693	0.01968	0.25482	0.06393	0.07012	0.13985	0.07788	0.02073	0.02181	0.01410	0.00972	0.00775	0.05343	0.00211	0.00719	0.00488	0.00345	0.00795
71	0.01286	0.00788	0.00985	0.00870	0.01013	0.00834	0.00642	0.20680	0.01262	0.05201	0.01212	0.01788	0.01089	0.08844	0.08186	0.43369	0.00595	0.00520	0.00352	0.00481
72	0.00805	0.00560	0.00811	0.00811	0.00880	0.00629	0.00600	0.00909	0.00840	0.01189	0.01423	0.02280	0.01393	0.14987	0.56448	0.12940	0.01181	0.00599	0.00290	0.00428
73	0.23144	0.08623	0.10620	0.01242	0.10561	0.01234	0.00989	0.09639	0.01245	0.02043	0.01264	0.02639	0.05805	0.00590	0.00491	0.00151	0.02982	0.00439	0.00338	0.15960
74	0.01202	0.15502	0.01754	0.01256	0.04541	0.03935	0.11130	0.03196	0.01137	0.04142	0.01619	0.14664	0.06165	0.04605	0.02128	0.00204	0.14763	0.00690	0.00341	0.07024
75	0.00847	0.00753	0.03596	0.01024	0.08404	0.00652	0.00702	0.01032	0.01138	0.01577	0.07906	0.33154	0.15109	0.01294	0.03364	0.00205	0.02978	0.01027	0.03039	0.12200
76	0.02525	0.08500	0.01538	0.10402	0.15651	0.10192	0.01017	0.13418	0.01407	0.01817	0.03345	0.09058	0.06583	0.06338	0.00688	0.00186	0.00590	0.00619	0.00364	0.05761

[dist]
# distance from previous block
# <min> <max>
0	51

# created by:
# /home/cegg/simao/soft/augustus-3.2.1/scripts/msa2prfl.pl ./align_prep/23873.fa
