[name]
unknown

[dist]
# distance from previous block
# <min> <max>
0	230

[block]
# block no. 0 follows, 45 sequences, length 86
# corresponding to MSA columns:
# 234-319
name=unknown_A
#
# <colnr> <probs for GDERKNQSTAVLIFYWHMCP>
#	G	D	E	R	K	N	Q	S	T	A	V	L	I	F	Y	W	H	M	C	P
0	0.00891	0.01970	0.00967	0.03143	0.01219	0.00674	0.02699	0.01144	0.01228	0.01604	0.02695	0.05661	0.02900	0.01400	0.00720	0.00239	0.00507	0.67880	0.01952	0.00506
1	0.79175	0.01029	0.00821	0.00723	0.01061	0.01175	0.00596	0.01650	0.00957	0.07688	0.00843	0.00939	0.00633	0.00510	0.00347	0.00166	0.00418	0.00308	0.00355	0.00604
2	0.00641	0.00544	0.00553	0.00551	0.00729	0.00456	0.00413	0.00783	0.01239	0.01486	0.09154	0.05106	0.73830	0.01346	0.00634	0.00181	0.00271	0.01125	0.00503	0.00456
3	0.01708	0.58853	0.02373	0.00929	0.01376	0.01749	0.00882	0.01890	0.01216	0.22844	0.01131	0.01132	0.00868	0.00517	0.00399	0.00129	0.00541	0.00358	0.00352	0.00752
4	0.00654	0.00467	0.00623	0.00747	0.00779	0.00436	0.00498	0.00747	0.01028	0.01370	0.02959	0.80785	0.03550	0.01682	0.00685	0.00218	0.00311	0.01526	0.00498	0.00436
5	0.01248	0.03590	0.14122	0.02750	0.57875	0.01234	0.01593	0.01606	0.01228	0.01763	0.06909	0.01493	0.01145	0.00531	0.00531	0.00161	0.00631	0.00498	0.00284	0.00810
6	0.01780	0.04362	0.01676	0.05487	0.18198	0.35478	0.01159	0.01978	0.01356	0.14187	0.01074	0.01228	0.00834	0.00589	0.00624	0.00158	0.08360	0.00423	0.00331	0.00718
7	0.23131	0.00964	0.01048	0.14058	0.01523	0.06682	0.00785	0.01616	0.01290	0.16804	0.24342	0.02110	0.02118	0.00723	0.00509	0.00167	0.00466	0.00581	0.00455	0.00629
8	0.84927	0.01038	0.00789	0.00706	0.01038	0.01204	0.00581	0.01578	0.00914	0.02408	0.00747	0.00872	0.00581	0.00498	0.00332	0.00166	0.00415	0.00291	0.00332	0.00581
9	0.01014	0.00954	0.01610	0.79845	0.03697	0.01193	0.01491	0.01371	0.01073	0.01371	0.00954	0.01431	0.00716	0.00537	0.00537	0.00179	0.00716	0.00477	0.00239	0.00596
10	0.00871	0.00734	0.00961	0.01130	0.14400	0.00704	0.00705	0.01217	0.08745	0.01836	0.30470	0.03760	0.30311	0.01047	0.00607	0.00173	0.00345	0.00907	0.00496	0.00581
11	0.01329	0.01275	0.02179	0.03295	0.77787	0.01275	0.01647	0.01647	0.01222	0.01754	0.01010	0.01329	0.00850	0.00478	0.00531	0.00159	0.00638	0.00478	0.00266	0.00850
12	0.01329	0.01271	0.02141	0.03209	0.74809	0.01278	0.01616	0.01694	0.04169	0.01773	0.01056	0.01355	0.00881	0.00488	0.00532	0.00160	0.00629	0.00483	0.00277	0.00850
13	0.11048	0.01127	0.01355	0.01131	0.01349	0.01341	0.00925	0.06014	0.13634	0.01804	0.01044	0.01270	0.00877	0.00718	0.01024	0.00180	0.35544	0.00439	0.00334	0.18842
14	0.68332	0.01102	0.01199	0.00973	0.01343	0.01216	0.13103	0.01635	0.00993	0.04756	0.00848	0.00999	0.00644	0.00496	0.00389	0.00169	0.00498	0.00356	0.00333	0.00616
15	0.01184	0.01045	0.01610	0.66773	0.03359	0.01271	0.01413	0.13781	0.01315	0.01706	0.01010	0.01407	0.00748	0.00555	0.00537	0.00176	0.00695	0.00478	0.00288	0.00649
16	0.01266	0.01211	0.02066	0.18521	0.63050	0.01259	0.01616	0.01593	0.01193	0.01678	0.00999	0.01349	0.00823	0.00490	0.00532	0.00163	0.00653	0.00478	0.00260	0.00800
17	0.01722	0.01333	0.03554	0.09802	0.10377	0.13684	0.02250	0.02091	0.09369	0.26749	0.01436	0.01511	0.01039	0.00711	0.02234	0.00186	0.10275	0.00492	0.00421	0.00764
18	0.00824	0.00616	0.00756	0.00796	0.00899	0.00616	0.00565	0.05503	0.09273	0.01699	0.13571	0.54148	0.05813	0.01424	0.00652	0.00203	0.00331	0.01273	0.00519	0.00519
19	0.00907	0.00747	0.01093	0.11821	0.12297	0.00772	0.00836	0.01221	0.03843	0.01966	0.51324	0.03122	0.03624	0.00916	0.00637	0.00171	0.02831	0.00806	0.00484	0.00582
20	0.02041	0.01504	0.01611	0.01235	0.01665	0.01665	0.01020	0.75997	0.02524	0.03383	0.01289	0.01289	0.00913	0.00644	0.00537	0.00161	0.00591	0.00483	0.00537	0.00913
21	0.01333	0.01353	0.05504	0.03979	0.40066	0.03467	0.13032	0.01874	0.13802	0.03496	0.01230	0.01441	0.00968	0.00520	0.00540	0.00162	0.00644	0.00508	0.00323	0.05758
22	0.01952	0.09982	0.01643	0.01339	0.01633	0.71749	0.01026	0.02093	0.01481	0.01309	0.00822	0.00958	0.00691	0.00544	0.00471	0.00136	0.00931	0.00340	0.00272	0.00629
23	0.01113	0.00954	0.01113	0.00795	0.01272	0.00716	0.00636	0.01352	0.01113	0.01749	0.00954	0.01113	0.00795	0.00398	0.00398	0.00080	0.00398	0.00318	0.00318	0.84417
24	0.00767	0.00575	0.00863	0.00863	0.00959	0.00671	0.00671	0.00959	0.00863	0.01246	0.01438	0.02109	0.01342	0.04026	0.79008	0.00863	0.01438	0.00575	0.00288	0.00479
25	0.00728	0.00559	0.00804	0.13918	0.01287	0.00574	0.00689	0.00877	0.01050	0.01387	0.02617	0.62394	0.03047	0.01477	0.00664	0.00214	0.00391	0.06402	0.00455	0.00467
26	0.01067	0.00928	0.01538	0.63507	0.03205	0.01096	0.04377	0.01396	0.01125	0.05978	0.01507	0.01854	0.08949	0.00629	0.00551	0.00178	0.00661	0.00557	0.00293	0.00605
27	0.00654	0.00467	0.00623	0.00747	0.00779	0.00436	0.00498	0.00747	0.01028	0.01370	0.02959	0.80785	0.03550	0.01682	0.00685	0.00218	0.00311	0.01526	0.00498	0.00436
28	0.00826	0.00511	0.00684	0.00768	0.00837	0.00471	0.00527	0.00931	0.01078	0.08902	0.02876	0.73041	0.03332	0.01582	0.00671	0.00213	0.00326	0.01429	0.00515	0.00483
29	0.00896	0.00650	0.00813	0.00735	0.00894	0.00630	0.00561	0.09006	0.01627	0.02284	0.69379	0.03720	0.04622	0.01049	0.00623	0.00168	0.00289	0.00919	0.00585	0.00550
30	0.01356	0.01328	0.02152	0.03217	0.74671	0.04456	0.01622	0.01668	0.01235	0.01736	0.01002	0.01314	0.00844	0.00481	0.00529	0.00159	0.00651	0.00473	0.00266	0.00841
31	0.00751	0.00549	0.00700	0.00791	0.00854	0.00538	0.00546	0.03947	0.05122	0.01504	0.02847	0.71816	0.03331	0.01585	0.00673	0.00214	0.00333	0.02919	0.00502	0.00479
32	0.00767	0.00574	0.00855	0.00855	0.00948	0.00667	0.00661	0.00953	0.00860	0.01240	0.01445	0.02149	0.01359	0.06226	0.76831	0.00853	0.01412	0.00581	0.00289	0.00475
33	0.01294	0.01354	0.02180	0.21702	0.20779	0.08474	0.24519	0.01775	0.09285	0.01659	0.01128	0.01430	0.00875	0.00518	0.00562	0.00171	0.00748	0.00528	0.00292	0.00726
34	0.00801	0.00550	0.00621	0.00624	0.00642	0.00558	0.00365	0.00888	0.04840	0.01128	0.01806	0.08851	0.02047	0.71289	0.02472	0.00481	0.00501	0.00824	0.00349	0.00361
35	0.00654	0.00467	0.00623	0.00747	0.00779	0.00436	0.00498	0.00747	0.01028	0.01370	0.02959	0.80785	0.03550	0.01682	0.00685	0.00218	0.00311	0.01526	0.00498	0.00436
36	0.08270	0.03771	0.01296	0.00958	0.01369	0.00933	0.00796	0.08178	0.01552	0.64265	0.01908	0.01683	0.01221	0.00644	0.00518	0.00164	0.00468	0.00509	0.00616	0.00882
37	0.01020	0.00961	0.01622	0.78229	0.05261	0.01194	0.01494	0.01377	0.01076	0.01380	0.00955	0.01429	0.00718	0.00535	0.00537	0.00178	0.00714	0.00477	0.00239	0.00602
38	0.01014	0.00954	0.01610	0.79845	0.03697	0.01193	0.01491	0.01371	0.01073	0.01371	0.00954	0.01431	0.00716	0.00537	0.00537	0.00179	0.00716	0.00477	0.00239	0.00596
39	0.01356	0.01163	0.01225	0.01097	0.01404	0.01345	0.00855	0.04988	0.74648	0.02279	0.02159	0.01982	0.01617	0.00726	0.00546	0.00181	0.00430	0.00603	0.00546	0.00851
40	0.01836	0.19424	0.01861	0.01307	0.01639	0.55148	0.04068	0.04028	0.03410	0.01400	0.00870	0.01000	0.00727	0.00536	0.00463	0.00137	0.00856	0.00355	0.00280	0.00655
41	0.04684	0.01196	0.01382	0.03319	0.01520	0.01259	0.00896	0.40469	0.01970	0.26258	0.04065	0.01710	0.03478	0.02981	0.00624	0.00176	0.02083	0.00538	0.00550	0.00843
42	0.01885	0.03530	0.01558	0.05130	0.06488	0.29816	0.01033	0.24006	0.04195	0.10684	0.01178	0.01245	0.00877	0.00582	0.00505	0.00149	0.00706	0.00429	0.00405	0.05601
43	0.00781	0.00520	0.00585	0.00585	0.00585	0.00520	0.00325	0.00781	0.00781	0.01041	0.01691	0.03513	0.01952	0.81135	0.02732	0.00520	0.00520	0.00781	0.00325	0.00325
44	0.02005	0.02558	0.01521	0.01383	0.01659	0.78980	0.01037	0.02143	0.01521	0.01314	0.00830	0.00968	0.00691	0.00553	0.00484	0.00138	0.00968	0.00346	0.00277	0.00622
45	0.01449	0.04254	0.04648	0.13159	0.45762	0.01287	0.03444	0.08730	0.01348	0.09094	0.01124	0.01365	0.00870	0.00519	0.00528	0.00162	0.00637	0.00479	0.00323	0.00816
46	0.00899	0.00695	0.00778	0.00726	0.00925	0.00680	0.00554	0.01385	0.18210	0.04713	0.28817	0.03947	0.33411	0.01105	0.00611	0.00177	0.00307	0.00939	0.00546	0.00577
47	0.00697	0.00546	0.00631	0.00610	0.00764	0.00480	0.00457	0.00892	0.01372	0.01803	0.41686	0.04584	0.41100	0.01228	0.00634	0.00175	0.00263	0.01051	0.00545	0.00480
48	0.01255	0.00620	0.00836	0.00819	0.00981	0.00557	0.00598	0.01387	0.01202	0.27660	0.02671	0.53752	0.02790	0.01333	0.00635	0.00200	0.00361	0.01188	0.00555	0.00599
49	0.01310	0.01278	0.02071	0.07615	0.63304	0.03268	0.01572	0.01606	0.01178	0.01671	0.00969	0.01309	0.00823	0.00533	0.00662	0.00168	0.09127	0.00474	0.00261	0.00801
50	0.01014	0.00954	0.01610	0.79845	0.03697	0.01193	0.01491	0.01371	0.01073	0.01371	0.00954	0.01431	0.00716	0.00537	0.00537	0.00179	0.00716	0.00477	0.00239	0.00596
51	0.00654	0.00467	0.00623	0.00747	0.00779	0.00436	0.00498	0.00747	0.01028	0.01370	0.02959	0.80785	0.03550	0.01682	0.00685	0.00218	0.00311	0.01526	0.00498	0.00436
52	0.00780	0.00634	0.00825	0.00998	0.09063	0.00588	0.00690	0.00964	0.01202	0.01519	0.03860	0.14890	0.37279	0.01345	0.00662	0.00204	0.00383	0.23136	0.00472	0.00506
53	0.05103	0.00825	0.00985	0.01009	0.01201	0.04507	0.00864	0.06866	0.01359	0.09269	0.02461	0.04800	0.02523	0.01250	0.00675	0.00224	0.00517	0.54488	0.00496	0.00577
54	0.01371	0.00946	0.01139	0.00827	0.01292	0.00730	0.00666	0.01603	0.01197	0.16940	0.01185	0.01255	0.00901	0.00451	0.00426	0.00097	0.00409	0.00362	0.00387	0.67816
55	0.01158	0.01102	0.01871	0.44699	0.37714	0.01231	0.01563	0.01498	0.01142	0.01547	0.00980	0.01384	0.00777	0.00510	0.00534	0.00170	0.00680	0.00478	0.00251	0.00713
56	0.01014	0.00954	0.01610	0.79845	0.03697	0.01193	0.01491	0.01371	0.01073	0.01371	0.00954	0.01431	0.00716	0.00537	0.00537	0.00179	0.00716	0.00477	0.00239	0.00596
57	0.00748	0.00514	0.00627	0.00657	0.00676	0.00518	0.00408	0.00793	0.00850	0.01145	0.01968	0.22032	0.02266	0.52863	0.11199	0.00488	0.00578	0.00937	0.00363	0.00370
58	0.01192	0.01175	0.02115	0.33856	0.35573	0.01256	0.13922	0.01549	0.01170	0.01595	0.01000	0.01390	0.00790	0.00497	0.00551	0.00171	0.00713	0.00504	0.00256	0.00727
59	0.01782	0.00880	0.01121	0.00854	0.01255	0.00729	0.00693	0.02005	0.01362	0.42759	0.05560	0.01707	0.01341	0.00592	0.00484	0.00134	0.00412	0.00483	0.06394	0.29453
60	0.01113	0.00954	0.01113	0.00795	0.01272	0.00716	0.00636	0.01352	0.01113	0.01749	0.00954	0.01113	0.00795	0.00398	0.00398	0.00080	0.00398	0.00318	0.00318	0.84417
61	0.00685	0.00518	0.00640	0.00724	0.00820	0.00473	0.00533	0.00819	0.01127	0.01437	0.03738	0.43322	0.27344	0.01543	0.00679	0.00211	0.00331	0.14107	0.00498	0.00452
62	0.02041	0.01504	0.01611	0.01235	0.01665	0.01665	0.01020	0.75997	0.02524	0.03383	0.01289	0.01289	0.00913	0.00644	0.00537	0.00161	0.00591	0.00483	0.00537	0.00913
63	0.00678	0.00485	0.00646	0.00742	0.00792	0.00453	0.00510	0.00802	0.01115	0.01507	0.15352	0.65887	0.03789	0.01579	0.00678	0.00211	0.00307	0.03505	0.00514	0.00449
64	0.02041	0.01504	0.01611	0.01235	0.01665	0.01665	0.01020	0.75997	0.02524	0.03383	0.01289	0.01289	0.00913	0.00644	0.00537	0.00161	0.00591	0.00483	0.00537	0.00913
65	0.01269	0.01215	0.02072	0.17717	0.63828	0.01260	0.01618	0.01595	0.01194	0.01682	0.00999	0.01348	0.00825	0.00489	0.00532	0.00163	0.00652	0.00478	0.00261	0.00802
66	0.00654	0.00467	0.00623	0.00747	0.00779	0.00436	0.00498	0.00747	0.01028	0.01370	0.02959	0.80785	0.03550	0.01682	0.00685	0.00218	0.00311	0.01526	0.00498	0.00436
67	0.01492	0.01116	0.01582	0.01257	0.01549	0.01204	0.12791	0.19867	0.04638	0.13690	0.09757	0.06646	0.05626	0.00823	0.00802	0.00185	0.15126	0.00667	0.00460	0.00724
68	0.01242	0.01061	0.01702	0.24431	0.21186	0.01142	0.07829	0.10714	0.01318	0.04597	0.01367	0.06821	0.01207	0.00938	0.06478	0.00231	0.00700	0.06003	0.00340	0.00696
69	0.01072	0.01022	0.01440	0.08957	0.01491	0.01376	0.01057	0.01198	0.00860	0.01280	0.01029	0.08319	0.01084	0.09513	0.01652	0.00258	0.56982	0.00595	0.00268	0.00547
70	0.00865	0.00618	0.00865	0.00989	0.01112	0.00618	0.00865	0.01112	0.01236	0.01606	0.02842	0.06055	0.03089	0.01483	0.00741	0.00247	0.00494	0.74174	0.00494	0.00494
71	0.01626	0.01324	0.05334	0.11140	0.25535	0.09429	0.01250	0.04270	0.03237	0.21662	0.01404	0.01589	0.02311	0.00618	0.00608	0.00169	0.05373	0.01951	0.00388	0.00782
72	0.33170	0.03662	0.01427	0.03069	0.17783	0.23750	0.01000	0.07163	0.01280	0.01972	0.00871	0.01039	0.00700	0.00520	0.00438	0.00155	0.00646	0.00364	0.00312	0.00678
73	0.01180	0.01324	0.09279	0.16742	0.27570	0.04802	0.03058	0.01476	0.01081	0.01507	0.00977	0.01374	0.00828	0.00992	0.09768	0.00259	0.16362	0.00477	0.00254	0.00690
74	0.03542	0.01870	0.37308	0.01497	0.08355	0.01085	0.08985	0.01601	0.01150	0.03594	0.01040	0.02813	0.00811	0.00498	0.00493	0.00146	0.00654	0.00429	0.00279	0.23850
75	0.17651	0.39950	0.04261	0.01079	0.03153	0.19981	0.00940	0.01719	0.01151	0.01521	0.00777	0.00920	0.00673	0.00510	0.00442	0.00138	0.03901	0.00317	0.00261	0.00655
76	0.01564	0.08993	0.04757	0.01758	0.21695	0.16987	0.01183	0.14761	0.10116	0.01933	0.01139	0.01292	0.00909	0.00591	0.00591	0.00159	0.06557	0.00447	0.03806	0.00764
77	0.00906	0.00753	0.00817	0.00765	0.00974	0.00768	0.00584	0.01544	0.27131	0.01902	0.22830	0.03788	0.33007	0.01076	0.00604	0.00178	0.00319	0.00912	0.00539	0.00602
78	0.02408	0.00914	0.01246	0.00955	0.01370	0.00789	0.00789	0.02616	0.01536	0.78158	0.02118	0.01827	0.01329	0.00664	0.00540	0.00166	0.00457	0.00540	0.00664	0.00914
79	0.00935	0.00588	0.00774	0.00705	0.00863	0.00537	0.00537	0.01184	0.01521	0.10255	0.69467	0.03777	0.04667	0.01051	0.00623	0.00169	0.00275	0.00925	0.00599	0.00550
80	0.00744	0.00542	0.00700	0.00673	0.00795	0.00498	0.00500	0.00978	0.01465	0.02051	0.67522	0.09779	0.09428	0.01157	0.00637	0.00173	0.00259	0.01022	0.00578	0.00498
81	0.00753	0.00548	0.00708	0.00668	0.00798	0.00504	0.00501	0.01000	0.01504	0.02115	0.73631	0.04072	0.08961	0.01111	0.00633	0.00169	0.00254	0.00979	0.00586	0.00504
82	0.84927	0.01038	0.00789	0.00706	0.01038	0.01204	0.00581	0.01578	0.00914	0.02408	0.00747	0.00872	0.00581	0.00498	0.00332	0.00166	0.00415	0.00291	0.00332	0.00581
83	0.01747	0.01358	0.01446	0.01176	0.01553	0.01528	0.00949	0.45581	0.33417	0.02910	0.01661	0.01586	0.01215	0.00679	0.00541	0.00170	0.00522	0.00535	0.00541	0.00887
84	0.00698	0.00546	0.00632	0.00611	0.00764	0.00480	0.00458	0.00894	0.01374	0.01808	0.42171	0.04577	0.40612	0.01226	0.00634	0.00175	0.00262	0.01050	0.00546	0.00480
85	0.01279	0.01094	0.01165	0.01051	0.01338	0.01254	0.00816	0.02672	0.69432	0.02236	0.09572	0.02200	0.01975	0.00764	0.00555	0.00181	0.00408	0.00643	0.00551	0.00816

[dist]
# distance from previous block
# <min> <max>
0	38

[block]
# block no. 1 follows, 45 sequences, length 56
# corresponding to MSA columns:
# 360-415
name=unknown_B
#
# <colnr> <probs for GDERKNQSTAVLIFYWHMCP>
#	G	D	E	R	K	N	Q	S	T	A	V	L	I	F	Y	W	H	M	C	P
0	0.01468	0.74073	0.02696	0.00962	0.01398	0.07382	0.00933	0.01636	0.01114	0.01267	0.00751	0.00876	0.00689	0.00477	0.00389	0.00119	0.02559	0.00296	0.00233	0.00682
1	0.01435	0.81458	0.02813	0.00918	0.01378	0.02124	0.00918	0.01607	0.01091	0.01263	0.00746	0.00861	0.00689	0.00459	0.00344	0.00115	0.00574	0.00287	0.00230	0.00689
2	0.01083	0.01083	0.05555	0.01729	0.29068	0.02536	0.01046	0.01477	0.09146	0.01743	0.08229	0.07352	0.15914	0.00791	0.00552	0.00161	0.00480	0.00695	0.00385	0.10976
3	0.01014	0.00954	0.01610	0.79845	0.03697	0.01193	0.01491	0.01371	0.01073	0.01371	0.00954	0.01431	0.00716	0.00537	0.00537	0.00179	0.00716	0.00477	0.00239	0.00596
4	0.00790	0.00583	0.00756	0.00824	0.00923	0.00576	0.00624	0.01081	0.07890	0.01670	0.18333	0.38916	0.03579	0.01426	0.00676	0.00212	0.00356	0.19762	0.00521	0.00502
5	0.00869	0.05077	0.00854	0.00767	0.00866	0.05624	0.00545	0.01037	0.03953	0.01403	0.12379	0.25286	0.05129	0.22068	0.11398	0.00360	0.00563	0.00944	0.00412	0.00465
6	0.01408	0.08198	0.19365	0.01741	0.16133	0.04026	0.08007	0.17816	0.03331	0.02033	0.05207	0.01386	0.01040	0.00599	0.00629	0.00167	0.07316	0.00484	0.00336	0.00778
7	0.00858	0.00541	0.00638	0.00624	0.00763	0.00498	0.00464	0.01066	0.01299	0.05231	0.31052	0.12864	0.18083	0.01077	0.00568	0.00166	0.00272	0.00927	0.22505	0.00504
8	0.03222	0.01090	0.03776	0.04561	0.19929	0.00899	0.00955	0.01440	0.01134	0.01750	0.00963	0.01173	0.00796	0.00429	0.00437	0.00108	0.00481	0.00365	0.00300	0.56193
9	0.01343	0.01332	0.02126	0.02899	0.61448	0.05555	0.07080	0.01655	0.01233	0.01726	0.01001	0.01299	0.00834	0.00474	0.00525	0.00153	0.00656	0.00469	0.00271	0.07920
10	0.00696	0.00503	0.00668	0.00784	0.00844	0.00475	0.00568	0.00824	0.01083	0.01424	0.03097	0.60445	0.08294	0.01620	0.00693	0.00222	0.00347	0.16468	0.00497	0.00449
11	0.01691	0.01339	0.01747	0.05773	0.27418	0.01441	0.01228	0.36679	0.09706	0.05609	0.01305	0.01405	0.00974	0.00593	0.00536	0.00164	0.00590	0.00496	0.00437	0.00870
12	0.00755	0.00549	0.00711	0.00671	0.00799	0.00505	0.00503	0.01005	0.01509	0.02128	0.75000	0.04050	0.07583	0.01106	0.00633	0.00169	0.00254	0.00976	0.00588	0.00505
13	0.01001	0.00500	0.00500	0.00500	0.00625	0.00500	0.00375	0.01251	0.01126	0.02001	0.01751	0.02001	0.01376	0.00625	0.00375	0.00125	0.00250	0.00500	0.84115	0.00500
14	0.02408	0.00914	0.01246	0.00955	0.01370	0.00789	0.00789	0.02616	0.01536	0.78158	0.02118	0.01827	0.01329	0.00664	0.00540	0.00166	0.00457	0.00540	0.00664	0.00914
15	0.00654	0.00467	0.00623	0.00747	0.00779	0.00436	0.00498	0.00747	0.01028	0.01370	0.02959	0.80785	0.03550	0.01682	0.00685	0.00218	0.00311	0.01526	0.00498	0.00436
16	0.01028	0.00974	0.01613	0.72723	0.03489	0.01234	0.01462	0.01364	0.01051	0.01364	0.00931	0.01408	0.00715	0.00573	0.00648	0.00184	0.07928	0.00476	0.00238	0.00595
17	0.00767	0.00527	0.00607	0.00599	0.00634	0.00514	0.00364	0.00823	0.00946	0.01273	0.15961	0.03710	0.07340	0.61245	0.02210	0.00434	0.00455	0.00838	0.00385	0.00367
18	0.01468	0.01219	0.01288	0.01119	0.01446	0.01397	0.00882	0.16607	0.62846	0.02459	0.02016	0.01868	0.01502	0.00712	0.00544	0.00178	0.00456	0.00584	0.00544	0.00862
19	0.01073	0.02661	0.73469	0.06514	0.02411	0.01243	0.01952	0.01679	0.01129	0.01679	0.00963	0.01152	0.00682	0.00512	0.00512	0.00171	0.00788	0.00402	0.00227	0.00781
20	0.01487	0.01295	0.01302	0.01200	0.04351	0.08682	0.00901	0.08996	0.55295	0.05273	0.03989	0.01865	0.01537	0.00702	0.00541	0.00174	0.00495	0.00574	0.00515	0.00827
21	0.02408	0.00914	0.01246	0.00955	0.01370	0.00789	0.00789	0.02616	0.01536	0.78158	0.02118	0.01827	0.01329	0.00664	0.00540	0.00166	0.00457	0.00540	0.00664	0.00914
22	0.01090	0.01072	0.01675	0.66460	0.05568	0.05056	0.03886	0.01424	0.01091	0.01386	0.00939	0.01390	0.00721	0.00558	0.00612	0.00180	0.05568	0.00475	0.00242	0.00609
23	0.01388	0.01204	0.01939	0.19978	0.51368	0.03451	0.01508	0.01699	0.01230	0.09444	0.01105	0.01392	0.00865	0.00512	0.00532	0.00164	0.00646	0.00480	0.00301	0.00794
24	0.01031	0.00977	0.01614	0.71560	0.03455	0.01240	0.01457	0.01363	0.01047	0.01363	0.00928	0.01404	0.00714	0.00579	0.00666	0.00185	0.09107	0.00476	0.00238	0.00595
25	0.00643	0.00528	0.00566	0.00590	0.00739	0.00452	0.00430	0.00774	0.01194	0.01458	0.07437	0.20499	0.60003	0.01416	0.00645	0.00188	0.00279	0.01207	0.00502	0.00452
26	0.00785	0.01132	0.22538	0.00949	0.01214	0.00674	0.00913	0.01049	0.01126	0.01561	0.11479	0.45385	0.06566	0.01265	0.00627	0.00197	0.00438	0.01122	0.00433	0.00546
27	0.04431	0.28353	0.06990	0.01700	0.23671	0.01461	0.03758	0.03839	0.01256	0.16444	0.01170	0.02703	0.00919	0.00536	0.00468	0.00148	0.00585	0.00439	0.00342	0.00785
28	0.02210	0.00925	0.01227	0.00960	0.01343	0.00845	0.00789	0.08562	0.01554	0.63822	0.01984	0.01809	0.01296	0.00936	0.06940	0.00222	0.00543	0.00537	0.02627	0.00868
29	0.84927	0.01038	0.00789	0.00706	0.01038	0.01204	0.00581	0.01578	0.00914	0.02408	0.00747	0.00872	0.00581	0.00498	0.00332	0.00166	0.00415	0.00291	0.00332	0.00581
30	0.84927	0.01038	0.00789	0.00706	0.01038	0.01204	0.00581	0.01578	0.00914	0.02408	0.00747	0.00872	0.00581	0.00498	0.00332	0.00166	0.00415	0.00291	0.00332	0.00581
31	0.01085	0.02725	0.75741	0.01591	0.04912	0.01248	0.01972	0.01698	0.01136	0.01702	0.00965	0.01140	0.00686	0.00509	0.00511	0.00170	0.00788	0.00399	0.00228	0.00795
32	0.00932	0.00512	0.00542	0.00534	0.00664	0.00498	0.00401	0.01174	0.01202	0.01988	0.15417	0.02584	0.07500	0.00762	0.00439	0.00137	0.00252	0.00629	0.63334	0.00498
33	0.00663	0.00477	0.00621	0.00732	0.00772	0.00445	0.00491	0.00757	0.01031	0.01363	0.03041	0.71107	0.07862	0.05569	0.00784	0.00231	0.00323	0.02808	0.00490	0.00433
34	0.05492	0.01138	0.01194	0.01068	0.01377	0.01307	0.00834	0.02780	0.70068	0.05292	0.02111	0.01940	0.01574	0.00714	0.00535	0.00181	0.00426	0.00589	0.00540	0.00839
35	0.00781	0.00520	0.00585	0.00585	0.00585	0.00520	0.00325	0.00781	0.00781	0.01041	0.01691	0.03513	0.01952	0.81135	0.02732	0.00520	0.00520	0.00781	0.00325	0.00325
36	0.01435	0.81458	0.02813	0.00918	0.01378	0.02124	0.00918	0.01607	0.01091	0.01263	0.00746	0.00861	0.00689	0.00459	0.00344	0.00115	0.00574	0.00287	0.00230	0.00689
37	0.01241	0.01628	0.13352	0.02163	0.02740	0.01342	0.65833	0.01717	0.01249	0.01717	0.01069	0.01405	0.00796	0.00460	0.00617	0.00180	0.00890	0.00601	0.00265	0.00733
38	0.00654	0.00467	0.00623	0.00747	0.00779	0.00436	0.00498	0.00747	0.01028	0.01370	0.02959	0.80785	0.03550	0.01682	0.00685	0.00218	0.00311	0.01526	0.00498	0.00436
39	0.01977	0.00835	0.01113	0.00888	0.01234	0.00738	0.00720	0.02235	0.04045	0.57586	0.17214	0.02394	0.05000	0.00779	0.00562	0.00168	0.00408	0.00650	0.00639	0.00813
40	0.01097	0.00654	0.00833	0.00836	0.00977	0.00631	0.00604	0.06585	0.04955	0.15143	0.02652	0.57231	0.02874	0.01380	0.00642	0.00203	0.00363	0.01231	0.00533	0.00575
41	0.01113	0.01049	0.01772	0.51849	0.28086	0.01200	0.01521	0.01454	0.01128	0.01506	0.01037	0.01556	0.00842	0.00550	0.00542	0.00175	0.00682	0.03006	0.00256	0.00677
42	0.01518	0.00940	0.01260	0.10300	0.01565	0.01034	0.00906	0.16478	0.01396	0.22206	0.01478	0.01721	0.01132	0.01815	0.27457	0.00410	0.06724	0.00528	0.00428	0.00704
43	0.01113	0.00954	0.01113	0.00795	0.01272	0.00716	0.00636	0.01352	0.01113	0.01749	0.00954	0.01113	0.00795	0.00398	0.00398	0.00080	0.00398	0.00318	0.00318	0.84417
44	0.01311	0.01174	0.01508	0.01795	0.26326	0.01289	0.01097	0.02395	0.49805	0.02060	0.01901	0.01880	0.03713	0.00666	0.00544	0.00175	0.00490	0.00581	0.00453	0.00838
45	0.84927	0.01038	0.00789	0.00706	0.01038	0.01204	0.00581	0.01578	0.00914	0.02408	0.00747	0.00872	0.00581	0.00498	0.00332	0.00166	0.00415	0.00291	0.00332	0.00581
46	0.04303	0.01363	0.01859	0.01892	0.23899	0.01434	0.08306	0.37029	0.04750	0.07909	0.01264	0.01368	0.00932	0.00578	0.00539	0.00164	0.00613	0.00499	0.00436	0.00864
47	0.01492	0.03132	0.01974	0.06426	0.41165	0.21298	0.05059	0.03436	0.02991	0.01629	0.00973	0.01243	0.00808	0.00536	0.00597	0.00160	0.05598	0.00451	0.00277	0.00755
48	0.00975	0.00505	0.00523	0.00519	0.00644	0.00501	0.00389	0.01226	0.01167	0.02017	0.09753	0.02213	0.01766	0.00675	0.00402	0.00130	0.00250	0.00550	0.75292	0.00501
49	0.00856	0.00697	0.00777	0.00730	0.00921	0.00693	0.00555	0.01381	0.20138	0.01915	0.32064	0.03939	0.31081	0.01103	0.00612	0.00177	0.00303	0.00940	0.00546	0.00572
50	0.00654	0.00467	0.00623	0.00747	0.00779	0.00436	0.00498	0.00747	0.01028	0.01370	0.02959	0.80785	0.03550	0.01682	0.00685	0.00218	0.00311	0.01526	0.00498	0.00436
51	0.00660	0.00472	0.00619	0.00733	0.00767	0.00441	0.00487	0.00750	0.01021	0.01356	0.02970	0.74717	0.05689	0.05582	0.00784	0.00232	0.00321	0.01478	0.00490	0.00431
52	0.01014	0.00954	0.01610	0.79845	0.03697	0.01193	0.01491	0.01371	0.01073	0.01371	0.00954	0.01431	0.00716	0.00537	0.00537	0.00179	0.00716	0.00477	0.00239	0.00596
53	0.78079	0.01028	0.00827	0.00727	0.01066	0.01170	0.00599	0.01664	0.00965	0.08694	0.00861	0.00951	0.00643	0.00512	0.00349	0.00166	0.00419	0.00311	0.00360	0.00609
54	0.01552	0.01108	0.05870	0.04618	0.06081	0.00910	0.00891	0.08125	0.03116	0.23165	0.03998	0.01476	0.01114	0.00543	0.00482	0.00131	0.00478	0.00445	0.00436	0.35462
55	0.01250	0.01075	0.01135	0.01033	0.01316	0.01226	0.00799	0.02596	0.67526	0.02145	0.02485	0.05418	0.08000	0.00819	0.00559	0.00183	0.00408	0.00687	0.00540	0.00800

[dist]
# distance from previous block
# <min> <max>
0	1

[block]
# block no. 2 follows, 45 sequences, length 12
# corresponding to MSA columns:
# 417-428
name=unknown_C
#
# <colnr> <probs for GDERKNQSTAVLIFYWHMCP>
#	G	D	E	R	K	N	Q	S	T	A	V	L	I	F	Y	W	H	M	C	P
0	0.02067	0.01056	0.01291	0.01023	0.01395	0.01039	0.00830	0.26994	0.01804	0.43524	0.01944	0.11473	0.01466	0.00784	0.00557	0.00171	0.00484	0.00644	0.00601	0.00854
1	0.01014	0.00954	0.01610	0.79845	0.03697	0.01193	0.01491	0.01371	0.01073	0.01371	0.00954	0.01431	0.00716	0.00537	0.00537	0.00179	0.00716	0.00477	0.00239	0.00596
2	0.01133	0.04692	0.40761	0.03438	0.09301	0.01226	0.01485	0.01874	0.19304	0.01790	0.01665	0.01730	0.08007	0.00636	0.00527	0.00171	0.00632	0.00521	0.00333	0.00773
3	0.02151	0.01016	0.01552	0.01174	0.01602	0.00918	0.12829	0.02489	0.06676	0.60674	0.01957	0.01778	0.01268	0.00635	0.00555	0.00170	0.00526	0.00559	0.00593	0.00879
4	0.01110	0.19038	0.39269	0.01275	0.01833	0.01287	0.07739	0.01543	0.01205	0.01699	0.14817	0.01650	0.01509	0.00604	0.00503	0.00158	0.00641	0.00501	0.02914	0.00704
5	0.01329	0.01275	0.02179	0.03295	0.77787	0.01275	0.01647	0.01647	0.01222	0.01754	0.01010	0.01329	0.00850	0.00478	0.00531	0.00159	0.00638	0.00478	0.00266	0.00850
6	0.01110	0.01075	0.01500	0.01303	0.01312	0.01478	0.01070	0.01226	0.00823	0.01270	0.00840	0.01420	0.00848	0.06701	0.08940	0.00312	0.67467	0.00501	0.00246	0.00559
7	0.00781	0.00520	0.00585	0.00585	0.00585	0.00520	0.00325	0.00781	0.00781	0.01041	0.01691	0.03513	0.01952	0.81135	0.02732	0.00520	0.00520	0.00781	0.00325	0.00325
8	0.62587	0.01037	0.01045	0.16735	0.06643	0.01207	0.00834	0.01541	0.00966	0.02157	0.00806	0.01014	0.00626	0.00505	0.00386	0.00168	0.00490	0.00340	0.00309	0.00602
9	0.01549	0.01455	0.01659	0.15197	0.23137	0.17371	0.01212	0.12523	0.01450	0.06119	0.01058	0.01263	0.00822	0.00527	0.00505	0.00148	0.00669	0.00432	0.00333	0.12572
10	0.09296	0.01139	0.10079	0.01000	0.01452	0.00877	0.00909	0.02422	0.01437	0.62898	0.01868	0.01666	0.01190	0.00632	0.00519	0.00167	0.00492	0.00502	0.00586	0.00871
11	0.01163	0.01057	0.01109	0.00851	0.01259	0.07410	0.00669	0.01479	0.06198	0.01791	0.09833	0.01493	0.01333	0.00513	0.00442	0.00102	0.00431	0.00415	0.00361	0.62089

[dist]
# distance from previous block
# <min> <max>
0	4

[block]
# block no. 3 follows, 45 sequences, length 28
# corresponding to MSA columns:
# 433-450,453-462
name=unknown_D
#
# <colnr> <probs for GDERKNQSTAVLIFYWHMCP>
#	G	D	E	R	K	N	Q	S	T	A	V	L	I	F	Y	W	H	M	C	P
0	0.06890	0.03563	0.03669	0.01115	0.01545	0.01360	0.00946	0.44121	0.02037	0.27050	0.01497	0.01420	0.01013	0.00633	0.00520	0.00162	0.00543	0.00482	0.00548	0.00884
1	0.01758	0.01257	0.01607	0.01774	0.24282	0.07884	0.01129	0.06510	0.11421	0.26179	0.01488	0.01527	0.01082	0.00635	0.00660	0.00171	0.08860	0.00503	0.00444	0.00827
2	0.02033	0.00989	0.01233	0.00975	0.01363	0.00937	0.00793	0.09509	0.13429	0.50350	0.04224	0.01918	0.03548	0.00689	0.00538	0.00164	0.00450	0.00561	0.00607	0.05691
3	0.01548	0.01033	0.01657	0.32781	0.24173	0.01088	0.01312	0.01847	0.01264	0.25953	0.01341	0.01528	0.00950	0.00561	0.00536	0.00169	0.00611	0.00497	0.00382	0.00770
4	0.01526	0.00941	0.01155	0.00846	0.01303	0.00739	0.00685	0.01755	0.01248	0.26101	0.01325	0.01341	0.00965	0.00483	0.00443	0.00107	0.00416	0.00389	0.00428	0.57804
5	0.01317	0.00725	0.01068	0.09675	0.01394	0.00767	0.00800	0.01533	0.01101	0.25772	0.01601	0.01944	0.01268	0.02567	0.45274	0.00565	0.01045	0.00553	0.00402	0.00631
6	0.01285	0.00665	0.00886	0.00764	0.00983	0.00597	0.00597	0.01524	0.01525	0.26375	0.53478	0.03314	0.03874	0.00959	0.00603	0.00168	0.00318	0.00833	0.00614	0.00636
7	0.01479	0.00977	0.01582	0.47241	0.02814	0.01091	0.05393	0.01784	0.01222	0.25859	0.01322	0.01548	0.00916	0.00589	0.00592	0.00177	0.03828	0.00505	0.00376	0.00704
8	0.02174	0.01290	0.01479	0.01134	0.01558	0.01347	0.00936	0.49404	0.02166	0.30481	0.01589	0.01484	0.01064	0.00652	0.00538	0.00163	0.00542	0.00504	0.00583	0.00913
9	0.27970	0.01179	0.01638	0.02252	0.46054	0.01243	0.01226	0.03067	0.04924	0.02028	0.03010	0.01287	0.00916	0.00517	0.00471	0.00163	0.00545	0.00438	0.00315	0.00757
10	0.58511	0.01186	0.01051	0.00875	0.01238	0.01351	0.00721	0.25295	0.01427	0.02719	0.00920	0.01005	0.00687	0.00545	0.00397	0.00165	0.00471	0.00352	0.00397	0.00687
11	0.27757	0.00981	0.01348	0.54624	0.02850	0.01196	0.01201	0.01437	0.01022	0.01702	0.00888	0.01253	0.00673	0.00524	0.00472	0.00175	0.00620	0.00418	0.00268	0.00592
12	0.01673	0.01160	0.01881	0.02549	0.53433	0.01120	0.01374	0.01956	0.01322	0.26104	0.01363	0.01487	0.01003	0.00538	0.00534	0.00162	0.00580	0.00498	0.00393	0.00870
13	0.01299	0.00646	0.00796	0.00703	0.00836	0.00606	0.00473	0.01366	0.01021	0.25618	0.01827	0.02976	0.01753	0.55489	0.02033	0.00407	0.00500	0.00704	0.00433	0.00513
14	0.01501	0.02183	0.53780	0.01347	0.02020	0.01101	0.01603	0.01992	0.01262	0.26067	0.01331	0.01354	0.00887	0.00559	0.00519	0.00169	0.00686	0.00442	0.00366	0.00832
15	0.01651	0.01130	0.01821	0.02443	0.49916	0.01090	0.01338	0.01932	0.01323	0.26097	0.01447	0.01704	0.01105	0.00584	0.00544	0.00166	0.00573	0.03878	0.00403	0.00854
16	0.02408	0.00914	0.01246	0.00955	0.01370	0.00789	0.00789	0.02616	0.01536	0.78158	0.02118	0.01827	0.01329	0.00664	0.00540	0.00166	0.00457	0.00540	0.00664	0.00914
17	0.01458	0.00941	0.01494	0.54703	0.02956	0.01064	0.01267	0.01768	0.01221	0.25843	0.01325	0.01557	0.00911	0.00577	0.00538	0.00175	0.00633	0.00497	0.00374	0.00697
18	0.84927	0.01038	0.00789	0.00706	0.01038	0.01204	0.00581	0.01578	0.00914	0.02408	0.00747	0.00872	0.00581	0.00498	0.00332	0.00166	0.00415	0.00291	0.00332	0.00581
19	0.01341	0.01129	0.01610	0.54792	0.03049	0.01343	0.01341	0.25154	0.01536	0.02013	0.01061	0.01386	0.00778	0.00571	0.00537	0.00173	0.00676	0.00479	0.00334	0.00697
20	0.27757	0.00981	0.01348	0.54624	0.02850	0.01196	0.01201	0.01437	0.01022	0.01702	0.00888	0.01253	0.00673	0.00524	0.00472	0.00175	0.00620	0.00418	0.00268	0.00592
21	0.28038	0.01135	0.01552	0.06529	0.32939	0.01243	0.01162	0.01661	0.01100	0.09203	0.00994	0.01219	0.00786	0.00559	0.00609	0.00172	0.09630	0.00423	0.00320	0.00726
22	0.28456	0.01355	0.01349	0.01066	0.01465	0.01518	0.00880	0.52280	0.02011	0.03072	0.01116	0.01156	0.00807	0.00598	0.00472	0.00163	0.00535	0.00422	0.00472	0.00807
23	0.01009	0.00783	0.01191	0.49875	0.02537	0.00931	0.01069	0.01326	0.01093	0.01609	0.01255	0.01646	0.00965	0.00570	0.00476	0.00159	0.00540	0.00486	0.31921	0.00560
24	0.53248	0.00990	0.00964	0.00802	0.01166	0.01045	0.00661	0.01976	0.01153	0.31489	0.01273	0.01239	0.00868	0.00562	0.00412	0.00166	0.00431	0.00386	0.00460	0.00709
25	0.27591	0.00711	0.00781	0.00755	0.00906	0.00809	0.00570	0.01119	0.00862	0.01573	0.01271	0.02009	0.01228	0.19093	0.37918	0.00569	0.00919	0.00528	0.00310	0.00479
26	0.27971	0.01200	0.01736	0.02470	0.53327	0.01253	0.01308	0.01625	0.01124	0.01962	0.00926	0.01183	0.00765	0.00485	0.00468	0.00162	0.00567	0.00418	0.00287	0.00765
27	0.28183	0.01252	0.01266	0.01394	0.17113	0.14042	0.00903	0.01779	0.01268	0.14591	0.11862	0.01583	0.01411	0.00615	0.00476	0.00160	0.00538	0.00476	0.00401	0.00688

[dist]
# distance from previous block
# <min> <max>
0	137

# created by:
# /home/cegg/simao/soft/augustus-3.2.1/scripts/msa2prfl.pl ./align_prep/24024.fa
