[name]
unknown

[dist]
# distance from previous block
# <min> <max>
0	43

[block]
# block no. 0 follows, 42 sequences, length 30
# corresponding to MSA columns:
# 43-72
name=unknown_A
#
# <colnr> <probs for GDERKNQSTAVLIFYWHMCP>
#	G	D	E	R	K	N	Q	S	T	A	V	L	I	F	Y	W	H	M	C	P
0	0.00907	0.00648	0.00907	0.01036	0.01166	0.00648	0.00907	0.01166	0.01296	0.01684	0.02980	0.06348	0.03239	0.01555	0.00777	0.00259	0.00518	0.72924	0.00518	0.00518
1	0.01063	0.01000	0.01688	0.78870	0.03876	0.01250	0.01563	0.01438	0.01125	0.01438	0.01000	0.01500	0.00750	0.00563	0.00563	0.00188	0.00750	0.00500	0.00250	0.00625
2	0.01190	0.01075	0.01479	0.01056	0.01567	0.00848	0.11391	0.01473	0.01190	0.01829	0.01020	0.01218	0.00836	0.00425	0.00453	0.00099	0.00494	0.00381	0.00326	0.71648
3	0.00686	0.00490	0.00653	0.00784	0.00816	0.00457	0.00522	0.00784	0.01077	0.01437	0.03102	0.79855	0.03722	0.01763	0.00718	0.00229	0.00326	0.01600	0.00522	0.00457
4	0.01822	0.01869	0.01481	0.01296	0.01628	0.32111	0.01003	0.16369	0.32130	0.02190	0.01543	0.01523	0.01176	0.00673	0.00545	0.00168	0.00706	0.00502	0.00458	0.00808
5	0.01279	0.33992	0.47544	0.01347	0.02039	0.01675	0.01632	0.01743	0.01170	0.01599	0.00919	0.01074	0.00717	0.00513	0.00465	0.00155	0.00740	0.00370	0.00239	0.00788
6	0.01438	0.32185	0.22774	0.01514	0.02086	0.11210	0.17975	0.01808	0.01253	0.01562	0.00935	0.01132	0.00750	0.00506	0.00494	0.00155	0.00793	0.00422	0.00256	0.00751
7	0.01129	0.02911	0.77306	0.01604	0.02436	0.01307	0.02079	0.01782	0.01188	0.01782	0.01010	0.01188	0.00713	0.00535	0.00535	0.00178	0.00832	0.00416	0.00238	0.00832
8	0.01350	0.00961	0.01079	0.00959	0.01242	0.01018	0.00747	0.02278	0.39974	0.13470	0.16468	0.02945	0.13264	0.00922	0.00602	0.00186	0.00394	0.00777	0.00593	0.00774
9	0.01243	0.01100	0.01881	0.02235	0.32375	0.01102	0.12329	0.01554	0.01285	0.04765	0.01849	0.03138	0.03717	0.00895	0.00712	0.00205	0.04527	0.23981	0.00379	0.00728
10	0.00686	0.00515	0.00638	0.00735	0.00811	0.00467	0.00508	0.00800	0.01136	0.01465	0.03770	0.58662	0.22499	0.01670	0.00706	0.00219	0.00321	0.03404	0.00522	0.00463
11	0.00783	0.00565	0.00741	0.00717	0.00838	0.00522	0.00530	0.01029	0.01532	0.02160	0.67745	0.13150	0.05122	0.01223	0.00670	0.00183	0.00273	0.01087	0.00608	0.00522
12	0.00794	0.00535	0.00621	0.00645	0.00651	0.00529	0.00375	0.00812	0.00867	0.01155	0.02020	0.17849	0.02358	0.65630	0.02465	0.00487	0.00505	0.00964	0.00375	0.00363
13	0.01265	0.01962	0.31851	0.06301	0.34534	0.01332	0.11173	0.01744	0.01243	0.01792	0.01047	0.01334	0.00810	0.00514	0.00562	0.00175	0.00772	0.00489	0.00262	0.00838
14	0.01393	0.01337	0.02284	0.03454	0.76712	0.01337	0.01727	0.01727	0.01281	0.01839	0.01059	0.01393	0.00891	0.00501	0.00557	0.00167	0.00669	0.00501	0.00279	0.00891
15	0.00686	0.00490	0.00653	0.00784	0.00816	0.00457	0.00522	0.00784	0.01077	0.01437	0.03102	0.79855	0.03722	0.01763	0.00718	0.00229	0.00326	0.01600	0.00522	0.00457
16	0.02254	0.01392	0.01575	0.01207	0.01653	0.01472	0.00997	0.53382	0.02338	0.25435	0.01610	0.01519	0.01087	0.00682	0.00564	0.00170	0.00577	0.00524	0.00603	0.00957
17	0.01527	0.01321	0.01962	0.02711	0.53466	0.05244	0.01449	0.04766	0.05025	0.09539	0.01546	0.01725	0.05973	0.00606	0.00564	0.00169	0.00629	0.00553	0.00363	0.00861
18	0.00811	0.00573	0.00754	0.00754	0.00802	0.00622	0.00516	0.00908	0.00860	0.01195	0.01645	0.02973	0.01738	0.43565	0.39101	0.00719	0.01009	0.00714	0.00322	0.00419
19	0.00739	0.00557	0.00683	0.00685	0.00814	0.00501	0.00501	0.00937	0.01406	0.01893	0.42520	0.19542	0.24472	0.01347	0.00675	0.00191	0.00283	0.01180	0.00574	0.00501
20	0.84197	0.01088	0.00827	0.00740	0.01088	0.01262	0.00609	0.01654	0.00958	0.02525	0.00784	0.00914	0.00609	0.00522	0.00348	0.00174	0.00435	0.00305	0.00348	0.00609
21	0.11341	0.19944	0.05487	0.01233	0.01606	0.38965	0.01034	0.04100	0.08365	0.01669	0.00993	0.01097	0.00810	0.00569	0.00465	0.00149	0.00781	0.00374	0.00317	0.00703
22	0.01967	0.02426	0.01726	0.01831	0.16011	0.63377	0.01209	0.02148	0.01535	0.01465	0.00906	0.01087	0.00757	0.00565	0.00517	0.00149	0.00949	0.00389	0.00288	0.00698
23	0.00707	0.00506	0.00672	0.00769	0.00821	0.00471	0.00524	0.00837	0.01176	0.01593	0.17057	0.65455	0.04024	0.01646	0.00708	0.00219	0.00315	0.01489	0.00541	0.00471
24	0.00774	0.00560	0.00742	0.00832	0.00915	0.00525	0.00611	0.00923	0.01152	0.01547	0.07422	0.50455	0.03482	0.05472	0.00819	0.00241	0.00383	0.18054	0.00509	0.04585
25	0.01668	0.06314	0.02066	0.05346	0.02004	0.01653	0.15893	0.33576	0.07965	0.02483	0.01230	0.01406	0.00938	0.00677	0.00790	0.00186	0.14030	0.00534	0.00419	0.00823
26	0.00805	0.00589	0.00781	0.00893	0.01002	0.00565	0.00721	0.00999	0.01228	0.01586	0.03411	0.28383	0.13999	0.01599	0.00743	0.00240	0.00427	0.41016	0.00520	0.00494
27	0.00729	0.00543	0.00681	0.00725	0.00830	0.00495	0.00524	0.00901	0.01305	0.01742	0.28227	0.35053	0.19678	0.01476	0.00692	0.00205	0.00307	0.04844	0.00555	0.00489
28	0.01641	0.22611	0.26786	0.01319	0.01893	0.06424	0.01374	0.27414	0.01713	0.02257	0.01062	0.01160	0.00802	0.00573	0.00498	0.00158	0.00709	0.00415	0.00356	0.00836
29	0.05567	0.06373	0.01355	0.07613	0.01558	0.29530	0.00924	0.01672	0.01240	0.05139	0.01194	0.01545	0.01018	0.01855	0.27677	0.00416	0.01059	0.00467	0.03187	0.00610

[dist]
# distance from previous block
# <min> <max>
0	5

[block]
# block no. 1 follows, 42 sequences, length 21
# corresponding to MSA columns:
# 78-82,84-92,102-108
name=unknown_B
#
# <colnr> <probs for GDERKNQSTAVLIFYWHMCP>
#	G	D	E	R	K	N	Q	S	T	A	V	L	I	F	Y	W	H	M	C	P
0	0.01258	0.01986	0.34214	0.01421	0.04206	0.05022	0.06848	0.03842	0.05864	0.01867	0.01100	0.01264	0.00837	0.00511	0.00508	0.00147	0.00680	0.00424	0.00306	0.27694
1	0.00974	0.00850	0.01219	0.01121	0.01179	0.01102	0.00900	0.01137	0.00885	0.01318	0.01212	0.01874	0.01164	0.05557	0.45258	0.00631	0.32231	0.00567	0.00281	0.00542
2	0.00780	0.00570	0.00734	0.00711	0.00832	0.00535	0.00524	0.01004	0.01437	0.02002	0.55627	0.09036	0.10930	0.05853	0.06686	0.00257	0.00381	0.01028	0.00565	0.00509
3	0.00758	0.00520	0.00632	0.00691	0.00706	0.00505	0.00424	0.00803	0.00936	0.01248	0.02378	0.38355	0.02809	0.44509	0.01888	0.00401	0.00446	0.01174	0.00424	0.00394
4	0.01063	0.01000	0.01688	0.78870	0.03876	0.01250	0.01563	0.01438	0.01125	0.01438	0.01000	0.01500	0.00750	0.00563	0.00563	0.00188	0.00750	0.00500	0.00250	0.00625
5	0.00686	0.00490	0.00653	0.00784	0.00816	0.00457	0.00522	0.00784	0.01077	0.01437	0.03102	0.79855	0.03722	0.01763	0.00718	0.00229	0.00326	0.01600	0.00522	0.00457
6	0.01231	0.01231	0.01724	0.01477	0.01477	0.01724	0.01231	0.01354	0.00862	0.01354	0.00739	0.01231	0.00739	0.00985	0.01847	0.00246	0.79192	0.00492	0.00246	0.00616
7	0.01221	0.01195	0.01859	0.46877	0.24639	0.04877	0.01560	0.01552	0.01170	0.01544	0.00989	0.01424	0.00789	0.00582	0.00668	0.00185	0.07414	0.00493	0.00260	0.00703
8	0.05937	0.17333	0.25897	0.01209	0.01729	0.01455	0.01258	0.18373	0.01498	0.07620	0.01263	0.04689	0.01030	0.04213	0.03946	0.00213	0.00686	0.00495	0.00371	0.00785
9	0.01523	0.01576	0.01663	0.41389	0.02829	0.23251	0.01338	0.12178	0.01463	0.01718	0.00999	0.01326	0.00772	0.00607	0.00618	0.00176	0.05128	0.00461	0.00306	0.00680
10	0.00796	0.00575	0.00752	0.00708	0.00841	0.00531	0.00531	0.01062	0.01593	0.02257	0.76415	0.04204	0.05310	0.01150	0.00664	0.00177	0.00265	0.01018	0.00619	0.00531
11	0.00846	0.00637	0.00872	0.00851	0.00907	0.00736	0.00621	0.00969	0.00870	0.01234	0.01535	0.02647	0.01575	0.30834	0.44846	0.00721	0.07863	0.00670	0.00311	0.00455
12	0.00807	0.00571	0.00737	0.00737	0.00787	0.00611	0.00500	0.00898	0.00870	0.01198	0.01784	0.03105	0.04152	0.44995	0.35124	0.00689	0.00951	0.00737	0.00330	0.00415
13	0.00809	0.00589	0.00777	0.00818	0.00943	0.00557	0.00650	0.01041	0.01400	0.01893	0.35819	0.14318	0.10717	0.01389	0.00710	0.00213	0.00362	0.25916	0.00564	0.00513
14	0.01680	0.01489	0.01692	0.32616	0.04671	0.11939	0.01289	0.33351	0.01852	0.02354	0.01136	0.01366	0.00840	0.00612	0.00555	0.00173	0.00727	0.00484	0.00392	0.00780
15	0.01744	0.01983	0.40424	0.01448	0.06143	0.01102	0.01521	0.02192	0.01375	0.34196	0.01533	0.01513	0.01016	0.00602	0.00549	0.00176	0.00671	0.00485	0.00437	0.00889
16	0.01478	0.26450	0.10884	0.03345	0.17794	0.05134	0.03017	0.08820	0.05382	0.03943	0.05339	0.01555	0.01186	0.00607	0.00507	0.00159	0.00642	0.02624	0.00343	0.00788
17	0.00744	0.00573	0.00683	0.00703	0.00832	0.00525	0.00509	0.00970	0.04290	0.01768	0.27825	0.27700	0.27996	0.01413	0.00677	0.00198	0.00298	0.01237	0.00556	0.00504
18	0.01616	0.00729	0.00986	0.00890	0.01130	0.00646	0.00676	0.01781	0.01368	0.39558	0.05761	0.37421	0.02617	0.01200	0.00639	0.00199	0.00401	0.01055	0.00614	0.00712
19	0.01393	0.01337	0.02284	0.03454	0.76712	0.01337	0.01727	0.01727	0.01281	0.01839	0.01059	0.01393	0.00891	0.00501	0.00557	0.00167	0.00669	0.00501	0.00279	0.00891
20	0.01435	0.01112	0.02070	0.01597	0.01970	0.01083	0.32605	0.01763	0.01311	0.17889	0.04626	0.02374	0.01506	0.01227	0.11433	0.00296	0.05204	0.09365	0.00415	0.00720

[dist]
# distance from previous block
# <min> <max>
2	3

[block]
# block no. 2 follows, 42 sequences, length 45
# corresponding to MSA columns:
# 114-158
name=unknown_C
#
# <colnr> <probs for GDERKNQSTAVLIFYWHMCP>
#	G	D	E	R	K	N	Q	S	T	A	V	L	I	F	Y	W	H	M	C	P
0	0.01309	0.00895	0.00959	0.00839	0.01072	0.00950	0.00658	0.23535	0.04815	0.02383	0.02376	0.09137	0.12865	0.00888	0.00560	0.00166	0.02469	0.00717	0.32745	0.00660
1	0.00687	0.00563	0.00605	0.00610	0.00777	0.00482	0.00452	0.00843	0.01310	0.01622	0.15963	0.12163	0.59140	0.01416	0.00670	0.00192	0.00286	0.01201	0.00537	0.00482
2	0.05208	0.01786	0.01379	0.01135	0.01532	0.34762	0.00879	0.07257	0.01456	0.01790	0.00960	0.01103	0.00785	0.00512	0.00465	0.00121	0.00695	0.00358	0.00332	0.37484
3	0.01363	0.01334	0.01980	0.27343	0.39733	0.07092	0.01567	0.04866	0.01289	0.01720	0.01019	0.01387	0.00827	0.00564	0.00635	0.00177	0.05558	0.00490	0.00281	0.00774
4	0.01597	0.01725	0.02086	0.02877	0.55112	0.23413	0.01543	0.01877	0.01372	0.01706	0.01004	0.01284	0.00843	0.00524	0.00543	0.00161	0.00768	0.00461	0.00282	0.00823
5	0.02072	0.01900	0.01687	0.01442	0.05035	0.25370	0.01108	0.47266	0.02215	0.02744	0.01174	0.01246	0.00877	0.00646	0.00578	0.00163	0.02707	0.00461	0.00458	0.00851
6	0.00686	0.00490	0.00653	0.00784	0.00816	0.00457	0.00522	0.00784	0.01077	0.01437	0.03102	0.79855	0.03722	0.01763	0.00718	0.00229	0.00326	0.01600	0.00522	0.00457
7	0.00699	0.00539	0.00640	0.00690	0.00804	0.00480	0.00493	0.00844	0.01245	0.01601	0.15374	0.36297	0.33724	0.01527	0.00689	0.00206	0.00304	0.02830	0.00537	0.00477
8	0.01910	0.01405	0.01526	0.01214	0.01599	0.01542	0.00983	0.63177	0.02399	0.03214	0.01627	0.13710	0.01392	0.00847	0.00587	0.00178	0.00573	0.00679	0.00557	0.00878
9	0.01567	0.00739	0.01007	0.00932	0.01172	0.00668	0.00743	0.01762	0.01391	0.35581	0.06505	0.25039	0.02653	0.01206	0.00660	0.00208	0.00433	0.16430	0.00605	0.00699
10	0.84197	0.01088	0.00827	0.00740	0.01088	0.01262	0.00609	0.01654	0.00958	0.02525	0.00784	0.00914	0.00609	0.00522	0.00348	0.00174	0.00435	0.00305	0.00348	0.00609
11	0.00877	0.00770	0.01143	0.00961	0.01198	0.00715	0.12691	0.01220	0.06368	0.01924	0.33681	0.04059	0.29946	0.01113	0.00658	0.00185	0.00397	0.00995	0.00527	0.00572
12	0.01049	0.00525	0.00525	0.00525	0.00656	0.00525	0.00393	0.01311	0.01180	0.02098	0.01836	0.02098	0.01442	0.00656	0.00393	0.00131	0.00262	0.00525	0.83346	0.00525
13	0.00678	0.00521	0.00621	0.00700	0.00794	0.00464	0.00485	0.00793	0.01157	0.01469	0.04115	0.50849	0.32074	0.01631	0.00698	0.00214	0.00310	0.01439	0.00522	0.00464
14	0.84197	0.01088	0.00827	0.00740	0.01088	0.01262	0.00609	0.01654	0.00958	0.02525	0.00784	0.00914	0.00609	0.00522	0.00348	0.00174	0.00435	0.00305	0.00348	0.00609
15	0.01427	0.01402	0.02251	0.03357	0.73092	0.05037	0.01696	0.01752	0.01297	0.01816	0.01049	0.01375	0.00883	0.00505	0.00555	0.00166	0.00685	0.00495	0.00279	0.00880
16	0.00782	0.00549	0.00605	0.00609	0.00651	0.00528	0.00364	0.00815	0.00926	0.01193	0.02657	0.06035	0.18186	0.61146	0.02333	0.00460	0.00484	0.00919	0.00385	0.00373
17	0.01449	0.01233	0.01300	0.01155	0.01482	0.01423	0.00903	0.07771	0.70835	0.02433	0.02228	0.02050	0.01667	0.00758	0.00572	0.00189	0.00457	0.00628	0.00572	0.00895
18	0.01393	0.01337	0.02284	0.03454	0.76712	0.01337	0.01727	0.01727	0.01281	0.01839	0.01059	0.01393	0.00891	0.00501	0.00557	0.00167	0.00669	0.00501	0.00279	0.00891
19	0.11461	0.01282	0.01418	0.01182	0.03929	0.03936	0.00929	0.26794	0.10721	0.30011	0.01690	0.01587	0.01158	0.00667	0.00539	0.00173	0.00542	0.00516	0.00570	0.00897
20	0.01563	0.01771	0.01761	0.30517	0.16535	0.33308	0.01387	0.01828	0.01344	0.01485	0.00950	0.01271	0.00766	0.00569	0.00571	0.00167	0.02806	0.00443	0.00272	0.00686
21	0.01644	0.01854	0.02132	0.02522	0.37887	0.29799	0.10030	0.01917	0.01390	0.01648	0.00988	0.01262	0.00820	0.00542	0.00591	0.00164	0.03279	0.00469	0.00282	0.00779
22	0.00818	0.00546	0.00614	0.00614	0.00614	0.00546	0.00341	0.00818	0.00818	0.01091	0.01773	0.03683	0.02046	0.80222	0.02864	0.00546	0.00546	0.00818	0.00341	0.00341
23	0.00984	0.00848	0.01313	0.43740	0.05703	0.01000	0.01109	0.01213	0.01021	0.01339	0.01349	0.05986	0.01324	0.26736	0.01365	0.00308	0.03175	0.00657	0.00294	0.00535
24	0.00680	0.00514	0.00628	0.00720	0.00800	0.00462	0.00494	0.00791	0.01139	0.01462	0.03876	0.57673	0.25404	0.01662	0.00702	0.00217	0.00314	0.01477	0.00522	0.00462
25	0.25044	0.01274	0.01910	0.02136	0.29884	0.01385	0.12787	0.01721	0.04327	0.01985	0.01001	0.01284	0.00819	0.00581	0.00693	0.00185	0.11449	0.00475	0.00308	0.00752
26	0.00686	0.00571	0.00599	0.00592	0.00773	0.00484	0.00444	0.00848	0.01332	0.01636	0.16834	0.05225	0.65278	0.01382	0.00665	0.00188	0.00282	0.01161	0.00538	0.00484
27	0.01400	0.01209	0.01273	0.01145	0.01463	0.01400	0.00891	0.02990	0.75695	0.02354	0.02291	0.02100	0.01718	0.00764	0.00573	0.00191	0.00445	0.00636	0.00573	0.00891
28	0.02365	0.01149	0.01413	0.01086	0.01519	0.01119	0.00896	0.26216	0.01938	0.51362	0.01928	0.01736	0.01252	0.00689	0.00561	0.00171	0.00520	0.00546	0.02588	0.00947
29	0.00682	0.00504	0.00638	0.00746	0.00806	0.00460	0.00506	0.00788	0.01113	0.01451	0.03558	0.66790	0.16492	0.01704	0.00709	0.00222	0.00319	0.01528	0.00522	0.00460
30	0.01627	0.13971	0.05492	0.01481	0.01856	0.01743	0.13258	0.29127	0.01668	0.02267	0.01054	0.01270	0.00836	0.00685	0.00878	0.00185	0.20945	0.00493	0.00370	0.00794
31	0.00793	0.00592	0.00785	0.00819	0.00857	0.00636	0.00571	0.00895	0.00991	0.01364	0.06116	0.36650	0.02727	0.21678	0.14654	0.00423	0.07471	0.01106	0.00420	0.00454
32	0.00695	0.00532	0.00642	0.00724	0.00822	0.00478	0.00516	0.00822	0.01170	0.01486	0.04056	0.46695	0.30646	0.01622	0.00703	0.00217	0.00326	0.06860	0.00522	0.00468
33	0.02282	0.01586	0.01426	0.01173	0.01551	0.26475	0.00930	0.10649	0.01722	0.41145	0.04229	0.01632	0.01257	0.00671	0.00550	0.00164	0.00665	0.00507	0.00544	0.00842
34	0.01173	0.03109	0.23244	0.28038	0.08540	0.03261	0.07088	0.01579	0.01137	0.01573	0.00997	0.01376	0.00785	0.00761	0.04139	0.00221	0.11531	0.00485	0.00254	0.00710
35	0.00810	0.00588	0.00785	0.00793	0.00841	0.00645	0.00554	0.00915	0.00890	0.01238	0.01782	0.12226	0.01922	0.34284	0.35834	0.00656	0.03652	0.00807	0.00342	0.00436
36	0.01725	0.00959	0.01086	0.00903	0.01210	0.00986	0.00723	0.16992	0.12609	0.22804	0.01908	0.01896	0.01370	0.00687	0.00501	0.00159	0.00421	0.00549	0.31727	0.00785
37	0.01057	0.00942	0.01261	0.05349	0.19708	0.00882	0.00908	0.01432	0.08565	0.01784	0.06323	0.02870	0.25937	0.00845	0.00567	0.00159	0.00448	0.00726	0.00415	0.19822
38	0.01431	0.01467	0.01565	0.01364	0.01483	0.17473	0.01103	0.08372	0.01189	0.01557	0.00945	0.01352	0.00861	0.01381	0.13435	0.00321	0.43286	0.00484	0.00294	0.00637
39	0.01358	0.01301	0.02220	0.11523	0.68919	0.01328	0.01710	0.01696	0.01265	0.01796	0.01052	0.01404	0.00876	0.00508	0.00558	0.00169	0.00677	0.00501	0.00276	0.00863
40	0.00733	0.00573	0.00664	0.00641	0.00802	0.00504	0.00481	0.00939	0.01443	0.01901	0.42272	0.04789	0.39674	0.01283	0.00664	0.00183	0.00275	0.01100	0.00573	0.00504
41	0.00978	0.00489	0.00733	0.00733	0.00733	0.00489	0.00489	0.00733	0.00733	0.00978	0.00978	0.01711	0.00978	0.01955	0.02199	0.83627	0.00489	0.00489	0.00244	0.00244
42	0.00702	0.00502	0.00668	0.00772	0.00820	0.00468	0.00524	0.00825	0.01153	0.01557	0.13887	0.68726	0.03956	0.01673	0.00710	0.00221	0.00318	0.01514	0.00537	0.00468
43	0.01473	0.01489	0.02206	0.03227	0.68220	0.10016	0.01655	0.01786	0.01317	0.01786	0.01037	0.01350	0.00873	0.00510	0.00552	0.00165	0.00708	0.00486	0.00280	0.00864
44	0.01326	0.01768	0.29850	0.01200	0.01794	0.01085	0.01267	0.09455	0.03631	0.06166	0.01235	0.01492	0.00965	0.00565	0.00505	0.00144	0.00603	0.03598	0.00357	0.32992

[dist]
# distance from previous block
# <min> <max>
0	2

[block]
# block no. 3 follows, 42 sequences, length 31
# corresponding to MSA columns:
# 161-184,190-196
name=unknown_D
#
# <colnr> <probs for GDERKNQSTAVLIFYWHMCP>
#	G	D	E	R	K	N	Q	S	T	A	V	L	I	F	Y	W	H	M	C	P
0	0.01210	0.19774	0.61158	0.01465	0.02220	0.01507	0.01837	0.01761	0.01178	0.01683	0.00961	0.01126	0.00715	0.00523	0.00497	0.00166	0.00782	0.00391	0.00238	0.00808
1	0.01350	0.01458	0.02975	0.02732	0.27518	0.01394	0.50367	0.01777	0.01313	0.01815	0.01112	0.01476	0.00866	0.00483	0.00628	0.00182	0.00855	0.00610	0.00283	0.00803
2	0.02113	0.01692	0.01502	0.01219	0.01610	0.23870	0.00972	0.30591	0.01967	0.18790	0.01397	0.01393	0.00995	0.00636	0.00532	0.00157	0.00679	0.00468	0.03715	0.05700
3	0.00816	0.00557	0.00671	0.00671	0.00691	0.00577	0.00413	0.00855	0.00835	0.01134	0.01721	0.03392	0.01920	0.65202	0.17712	0.00617	0.00736	0.00776	0.00333	0.00373
4	0.00720	0.00536	0.00671	0.00714	0.00814	0.00487	0.00506	0.00886	0.01300	0.01741	0.29381	0.38383	0.18835	0.01480	0.00688	0.00203	0.00297	0.01313	0.00557	0.00487
5	0.00809	0.00584	0.00808	0.00808	0.00875	0.00651	0.00583	0.00943	0.00876	0.01235	0.01596	0.02701	0.01620	0.29541	0.52963	0.00785	0.01187	0.00675	0.00315	0.00449
6	0.84197	0.01088	0.00827	0.00740	0.01088	0.01262	0.00609	0.01654	0.00958	0.02525	0.00784	0.00914	0.00609	0.00522	0.00348	0.00174	0.00435	0.00305	0.00348	0.00609
7	0.06886	0.02539	0.01554	0.01409	0.01693	0.70865	0.01064	0.02182	0.01532	0.01444	0.00860	0.01016	0.00719	0.00590	0.00544	0.00150	0.03648	0.00364	0.00292	0.00649
8	0.01676	0.01893	0.01665	0.01453	0.01611	0.35297	0.01157	0.06716	0.01305	0.01513	0.00838	0.01144	0.00747	0.00786	0.01170	0.00196	0.39454	0.00436	0.00287	0.00655
9	0.00769	0.00574	0.00714	0.00679	0.00824	0.00519	0.00509	0.01008	0.01528	0.02102	0.61540	0.04459	0.20282	0.01208	0.00664	0.00180	0.00270	0.01053	0.00599	0.00519
10	0.00835	0.00590	0.00698	0.00713	0.00870	0.00510	0.00514	0.00970	0.01205	0.06652	0.03980	0.38283	0.33614	0.01459	0.00665	0.00199	0.00326	0.01272	0.00522	0.06124
11	0.01393	0.01337	0.02284	0.03454	0.76712	0.01337	0.01727	0.01727	0.01281	0.01839	0.01059	0.01393	0.00891	0.00501	0.00557	0.00167	0.00669	0.00501	0.00279	0.00891
12	0.01486	0.01258	0.01804	0.38368	0.17322	0.01432	0.01430	0.25947	0.01662	0.02218	0.01128	0.01430	0.00847	0.00588	0.00562	0.00177	0.00691	0.00503	0.00360	0.00787
13	0.01290	0.01329	0.01715	0.01476	0.01495	0.06878	0.01221	0.01415	0.00911	0.01356	0.00748	0.01217	0.00738	0.00958	0.01756	0.00239	0.73907	0.00484	0.00249	0.00618
14	0.00698	0.00546	0.00633	0.00665	0.00794	0.00481	0.00478	0.00851	0.01281	0.01642	0.19126	0.28517	0.39332	0.01476	0.00682	0.00199	0.00294	0.01283	0.00542	0.00481
15	0.45612	0.05584	0.00956	0.00808	0.01066	0.01085	0.00634	0.06640	0.01130	0.02166	0.01597	0.27245	0.01678	0.00944	0.00488	0.00189	0.00422	0.00751	0.00415	0.00590
16	0.01224	0.01213	0.02204	0.38877	0.27960	0.01313	0.15826	0.01605	0.01217	0.01642	0.01047	0.01468	0.00817	0.00525	0.00581	0.00181	0.00762	0.00532	0.00266	0.00740
17	0.00788	0.00580	0.00716	0.00762	0.00897	0.00537	0.00600	0.00991	0.01319	0.01748	0.19684	0.15859	0.25249	0.01407	0.00689	0.00209	0.00353	0.21864	0.05247	0.00500
18	0.01803	0.01409	0.01500	0.01227	0.01617	0.01588	0.00988	0.42178	0.35850	0.03005	0.01778	0.01691	0.01303	0.00716	0.00567	0.00179	0.00540	0.00566	0.00567	0.00927
19	0.01757	0.38435	0.16864	0.01117	0.01652	0.01624	0.01147	0.06159	0.01370	0.23004	0.01266	0.01271	0.00924	0.00564	0.00464	0.00150	0.00613	0.00410	0.00388	0.00824
20	0.23131	0.29549	0.01879	0.01083	0.01468	0.25714	0.00919	0.07418	0.01351	0.01820	0.00853	0.00975	0.00712	0.00538	0.00419	0.00146	0.00690	0.00337	0.00309	0.00689
21	0.00750	0.00584	0.00695	0.00752	0.00900	0.00530	0.00597	0.00928	0.01271	0.01589	0.07170	0.15526	0.40772	0.01501	0.00708	0.00217	0.00364	0.24132	0.00525	0.00489
22	0.01351	0.01326	0.06039	0.05631	0.22883	0.03989	0.01149	0.08504	0.01355	0.01957	0.01046	0.01261	0.00846	0.00486	0.00488	0.00128	0.00571	0.00412	0.00328	0.40252
23	0.01636	0.01588	0.02399	0.02379	0.27103	0.11543	0.25923	0.12315	0.01552	0.06285	0.01168	0.01408	0.00895	0.00539	0.00588	0.00172	0.00790	0.00542	0.00346	0.00829
24	0.41171	0.01924	0.01229	0.01112	0.01430	0.41461	0.00860	0.01965	0.01292	0.01923	0.00829	0.00967	0.00670	0.00553	0.00432	0.00159	0.00739	0.00335	0.00318	0.00632
25	0.13026	0.27485	0.01746	0.00951	0.01350	0.01372	0.00840	0.06122	0.01405	0.27610	0.06890	0.01843	0.01432	0.00685	0.00488	0.00161	0.00509	0.04839	0.00474	0.00775
26	0.84197	0.01088	0.00827	0.00740	0.01088	0.01262	0.00609	0.01654	0.00958	0.02525	0.00784	0.00914	0.00609	0.00522	0.00348	0.00174	0.00435	0.00305	0.00348	0.00609
27	0.00766	0.00574	0.00710	0.00676	0.00822	0.00518	0.00507	0.01003	0.01521	0.02085	0.59972	0.04486	0.21860	0.01214	0.00664	0.00180	0.00270	0.01057	0.00597	0.00518
28	0.00854	0.00571	0.00668	0.00674	0.00820	0.00534	0.00526	0.01088	0.01356	0.01947	0.27040	0.04229	0.20824	0.01139	0.00605	0.00180	0.00309	0.12109	0.24013	0.00514
29	0.00763	0.00574	0.00705	0.00672	0.00820	0.00517	0.00504	0.00996	0.01513	0.02067	0.58194	0.04516	0.23650	0.01221	0.00664	0.00180	0.00271	0.01062	0.00595	0.00517
30	0.00813	0.00540	0.00700	0.00788	0.00861	0.00534	0.00580	0.00975	0.01108	0.01572	0.02626	0.40029	0.02907	0.06209	0.07977	0.00298	0.00474	0.15131	0.15397	0.00479

[dist]
# distance from previous block
# <min> <max>
2	4

[block]
# block no. 4 follows, 42 sequences, length 42
# corresponding to MSA columns:
# 201-231,233-243
name=unknown_E
#
# <colnr> <probs for GDERKNQSTAVLIFYWHMCP>
#	G	D	E	R	K	N	Q	S	T	A	V	L	I	F	Y	W	H	M	C	P
0	0.01574	0.56711	0.11422	0.01130	0.01617	0.16448	0.01118	0.01803	0.01234	0.01388	0.00826	0.00957	0.00722	0.00506	0.00409	0.00132	0.00707	0.00326	0.00250	0.00722
1	0.01302	0.01203	0.01076	0.01022	0.01217	0.17035	0.00757	0.16234	0.04094	0.01892	0.02469	0.38334	0.08627	0.01230	0.00633	0.00194	0.00531	0.01049	0.00484	0.00616
2	0.01167	0.01000	0.01167	0.00834	0.01334	0.00750	0.00667	0.01417	0.01167	0.01834	0.01000	0.01167	0.00834	0.00417	0.00417	0.00083	0.00417	0.00333	0.00333	0.83663
3	0.00676	0.00526	0.00615	0.00687	0.00791	0.00465	0.00479	0.00794	0.01170	0.01474	0.04279	0.46151	0.36666	0.01610	0.00694	0.00211	0.00308	0.01413	0.00522	0.00465
4	0.84197	0.01088	0.00827	0.00740	0.01088	0.01262	0.00609	0.01654	0.00958	0.02525	0.00784	0.00914	0.00609	0.00522	0.00348	0.00174	0.00435	0.00305	0.00348	0.00609
5	0.00818	0.00546	0.00614	0.00614	0.00614	0.00546	0.00341	0.00818	0.00818	0.01091	0.01773	0.03683	0.02046	0.80222	0.02864	0.00546	0.00546	0.00818	0.00341	0.00341
6	0.81651	0.01084	0.00842	0.00748	0.01099	0.01249	0.00616	0.01688	0.00978	0.04850	0.00828	0.00945	0.00634	0.00528	0.00355	0.00174	0.00437	0.00313	0.00359	0.00620
7	0.00821	0.00670	0.00738	0.00710	0.00901	0.00636	0.00541	0.01221	0.12621	0.01861	0.25303	0.04595	0.42750	0.01250	0.00654	0.00188	0.00310	0.03117	0.00558	0.00555
8	0.01878	0.01300	0.01439	0.01169	0.01543	0.01410	0.00940	0.43269	0.16150	0.12541	0.01846	0.10781	0.01482	0.00823	0.00583	0.00181	0.00534	0.00667	0.00577	0.00886
9	0.01704	0.00928	0.01097	0.00897	0.01233	0.00877	0.00722	0.15639	0.03187	0.31984	0.06906	0.03130	0.27351	0.00967	0.00604	0.00179	0.00428	0.00792	0.00605	0.00769
10	0.01236	0.01177	0.02001	0.39323	0.42070	0.01296	0.01649	0.01590	0.01207	0.01648	0.01031	0.01444	0.00824	0.00531	0.00560	0.00177	0.00707	0.00501	0.00265	0.00765
11	0.04542	0.01923	0.01565	0.01297	0.01676	0.33105	0.01026	0.31434	0.02001	0.14132	0.01272	0.01288	0.00919	0.00635	0.00534	0.00160	0.00756	0.00451	0.00465	0.00821
12	0.01516	0.01266	0.01338	0.01169	0.01508	0.01454	0.00919	0.14245	0.64252	0.02541	0.02143	0.01982	0.01599	0.00750	0.00571	0.00187	0.00473	0.00616	0.00571	0.00901
13	0.01601	0.01692	0.16761	0.01852	0.02432	0.01339	0.38729	0.11324	0.01520	0.15045	0.01329	0.01503	0.00934	0.00550	0.00610	0.00182	0.00803	0.00580	0.00383	0.00833
14	0.01522	0.40392	0.26896	0.01231	0.01805	0.08718	0.01334	0.04702	0.01286	0.06032	0.00972	0.01083	0.00768	0.00528	0.00451	0.00147	0.00708	0.00368	0.00284	0.00775
15	0.00693	0.00559	0.00619	0.00646	0.00799	0.00485	0.00479	0.00843	0.01270	0.01573	0.10852	0.19450	0.53014	0.01474	0.00681	0.00200	0.00304	0.05050	0.00530	0.00479
16	0.01307	0.01339	0.05018	0.09691	0.46110	0.01436	0.01587	0.01599	0.01146	0.01664	0.00962	0.01349	0.00829	0.00644	0.00918	0.00192	0.22661	0.00495	0.00265	0.00788
17	0.01401	0.01106	0.01079	0.01030	0.04164	0.11922	0.00759	0.03284	0.14873	0.15131	0.03267	0.08122	0.27752	0.01028	0.00608	0.00184	0.00484	0.02599	0.00520	0.00688
18	0.01691	0.00881	0.01108	0.00967	0.01238	0.00848	0.00747	0.15560	0.01586	0.31910	0.02420	0.34038	0.02274	0.01134	0.00628	0.00196	0.00442	0.00982	0.00599	0.00751
19	0.01628	0.18760	0.04165	0.01176	0.01516	0.36039	0.00961	0.04713	0.01402	0.01526	0.01224	0.12849	0.01195	0.00721	0.00501	0.00147	0.00735	0.00539	0.00328	0.09874
20	0.01156	0.00880	0.01019	0.00869	0.01166	0.00842	0.00675	0.01776	0.22207	0.06946	0.26965	0.02829	0.08665	0.00857	0.00572	0.00159	0.00368	0.00730	0.00534	0.20785
21	0.01297	0.13850	0.34716	0.01318	0.01885	0.01483	0.01420	0.02267	0.31991	0.01950	0.01505	0.01522	0.01130	0.00621	0.00524	0.00175	0.00637	0.00490	0.00377	0.00840
22	0.01814	0.49075	0.02322	0.01022	0.01470	0.06694	0.00935	0.03850	0.05276	0.20793	0.01249	0.01243	0.00952	0.00562	0.00439	0.00141	0.00589	0.00395	0.00386	0.00793
23	0.00772	0.00645	0.00682	0.00660	0.00855	0.00592	0.00499	0.01103	0.09974	0.01740	0.17079	0.04829	0.55953	0.01303	0.00654	0.00188	0.00300	0.01095	0.00545	0.00533
24	0.01617	0.00868	0.01067	0.00881	0.01184	0.00814	0.00704	0.12793	0.01704	0.30079	0.25037	0.03138	0.15795	0.00959	0.00612	0.00177	0.00402	0.00803	0.00622	0.00744
25	0.00749	0.00535	0.00684	0.00720	0.00793	0.00501	0.00495	0.00901	0.01251	0.01715	0.32252	0.35452	0.06740	0.13367	0.01019	0.00255	0.00334	0.01234	0.00534	0.00470
26	0.00735	0.00581	0.00707	0.00707	0.00843	0.00573	0.00529	0.00887	0.01087	0.01393	0.03649	0.03972	0.39347	0.10274	0.31602	0.00509	0.00796	0.00919	0.00417	0.00473
27	0.01279	0.01311	0.01717	0.01476	0.01492	0.05899	0.01223	0.01403	0.00902	0.01356	0.00746	0.01219	0.00738	0.00963	0.01773	0.00241	0.74911	0.00485	0.00249	0.00618
28	0.01249	0.01356	0.02754	0.02033	0.02460	0.01358	0.54036	0.01643	0.01282	0.01775	0.08376	0.01890	0.01343	0.00652	0.00847	0.00199	0.12697	0.03026	0.00319	0.00708
29	0.14442	0.01069	0.01231	0.00995	0.01370	0.01084	0.00809	0.14892	0.10386	0.35491	0.10634	0.01959	0.01701	0.00728	0.00545	0.00176	0.00467	0.00578	0.00597	0.00847
30	0.01423	0.71100	0.02673	0.00922	0.01346	0.02028	0.00889	0.01583	0.01105	0.01296	0.00900	0.01231	0.00879	0.09910	0.00657	0.00171	0.00595	0.00362	0.00253	0.00677
31	0.00745	0.00576	0.00697	0.00676	0.00828	0.00529	0.00510	0.00953	0.01387	0.01849	0.39238	0.04454	0.33353	0.01624	0.09807	0.00268	0.00420	0.01037	0.00543	0.00505
32	0.74339	0.01024	0.00802	0.00725	0.01032	0.01178	0.00578	0.01555	0.00941	0.02355	0.00901	0.01242	0.00779	0.09946	0.00646	0.00218	0.00448	0.00365	0.00347	0.00578
33	0.01096	0.02546	0.64134	0.01514	0.02214	0.01258	0.01870	0.01667	0.01137	0.01703	0.01054	0.01311	0.00796	0.00995	0.09765	0.00268	0.05203	0.00442	0.00246	0.00781
34	0.00847	0.00650	0.00935	0.00896	0.01044	0.00709	0.00699	0.01054	0.00935	0.01369	0.01447	0.02087	0.01339	0.03771	0.68820	0.00807	0.01378	0.00571	0.00305	0.10335
35	0.00701	0.00496	0.00648	0.00764	0.00792	0.00468	0.00501	0.00788	0.01047	0.01396	0.02945	0.70849	0.03524	0.11040	0.00972	0.00266	0.00352	0.01507	0.00501	0.00443
36	0.01061	0.00944	0.01550	0.69606	0.03495	0.01164	0.01425	0.01423	0.01132	0.01516	0.01099	0.01571	0.00832	0.00574	0.00543	0.00181	0.00692	0.00503	0.10075	0.00613
37	0.01522	0.01955	0.31592	0.01366	0.01845	0.06253	0.01420	0.12827	0.01422	0.10872	0.01210	0.01369	0.00894	0.00673	0.00778	0.00183	0.15550	0.00467	0.07014	0.00788
38	0.01161	0.02710	0.68316	0.01550	0.02321	0.01318	0.01939	0.01925	0.09998	0.01850	0.01161	0.01296	0.00832	0.00562	0.00539	0.00180	0.00786	0.00442	0.00277	0.00839
39	0.01926	0.01176	0.05508	0.01125	0.01489	0.01134	0.00958	0.08948	0.16029	0.37818	0.06887	0.01933	0.01565	0.00763	0.00723	0.00186	0.09797	0.00588	0.00577	0.00869
40	0.01721	0.33466	0.13373	0.01107	0.01604	0.01581	0.01087	0.04557	0.12568	0.21524	0.01440	0.01407	0.01055	0.00595	0.00479	0.00155	0.00581	0.00445	0.00421	0.00834
41	0.00845	0.00780	0.00732	0.00779	0.00904	0.09628	0.00552	0.00966	0.01219	0.01462	0.03853	0.41464	0.31781	0.01491	0.00673	0.00204	0.00392	0.01293	0.00495	0.00487

[dist]
# distance from previous block
# <min> <max>
0	142

# created by:
# /home/cegg/simao/soft/augustus-3.2.1/scripts/msa2prfl.pl ./align_prep/24023.fa
