[name]
unknown

[dist]
# distance from previous block
# <min> <max>
0	149

[block]
# block no. 0 follows, 47 sequences, length 36
# corresponding to MSA columns:
# 156-191
name=unknown_A
#
# <colnr> <probs for GDERKNQSTAVLIFYWHMCP>
#	G	D	E	R	K	N	Q	S	T	A	V	L	I	F	Y	W	H	M	C	P
0	0.00829	0.00629	0.00935	0.00827	0.00998	0.00583	0.07611	0.01084	0.01409	0.04081	0.57430	0.03853	0.08720	0.01045	0.00622	0.00173	0.00333	0.07790	0.00532	0.00518
1	0.00629	0.00473	0.00584	0.00673	0.00742	0.00427	0.00460	0.00731	0.01047	0.01350	0.03509	0.61088	0.23302	0.01549	0.00652	0.00202	0.00292	0.01379	0.00483	0.00427
2	0.01210	0.01014	0.01181	0.00870	0.01296	0.00881	0.00703	0.11880	0.01254	0.01891	0.00955	0.01108	0.00782	0.00453	0.00490	0.00098	0.05602	0.00341	0.00333	0.67659
3	0.01872	0.09839	0.01596	0.01300	0.01578	0.70240	0.00999	0.02008	0.01418	0.01269	0.00794	0.00935	0.00671	0.00539	0.00491	0.00135	0.03111	0.00333	0.00263	0.00609
4	0.00902	0.00569	0.00749	0.00683	0.00835	0.00520	0.00520	0.01143	0.01476	0.09990	0.70335	0.03672	0.04540	0.01021	0.00605	0.00164	0.00266	0.00899	0.00581	0.00532
5	0.01139	0.01139	0.01595	0.01367	0.01367	0.01595	0.01139	0.01253	0.00798	0.01253	0.00684	0.01139	0.00684	0.00911	0.01709	0.00228	0.80745	0.00456	0.00228	0.00570
6	0.00776	0.00626	0.00938	0.22684	0.04370	0.00682	0.00786	0.00944	0.00978	0.01301	0.02019	0.41942	0.02257	0.09515	0.07508	0.00281	0.00534	0.01013	0.00372	0.00473
7	0.01000	0.00931	0.01313	0.08241	0.01383	0.01213	0.00965	0.01176	0.01030	0.01520	0.24803	0.02017	0.02000	0.00924	0.01262	0.00203	0.48529	0.00608	0.00336	0.00546
8	0.01289	0.01237	0.02114	0.03196	0.78450	0.01237	0.01598	0.01598	0.01186	0.01701	0.00980	0.01289	0.00825	0.00464	0.00516	0.00155	0.00619	0.00464	0.00258	0.00825
9	0.01112	0.03476	0.05632	0.00768	0.00914	0.12726	0.00611	0.01173	0.00987	0.01388	0.01169	0.01559	0.01000	0.01060	0.01049	0.33667	0.00475	0.00437	0.30374	0.00424
10	0.01182	0.00769	0.00996	0.00950	0.04626	0.00822	0.00668	0.20809	0.01191	0.01610	0.01082	0.01595	0.00975	0.04159	0.11112	0.45590	0.00609	0.00480	0.00315	0.00460
11	0.19574	0.01268	0.02285	0.01943	0.13860	0.01298	0.41459	0.01589	0.01108	0.01780	0.00936	0.01240	0.00736	0.00496	0.00637	0.00174	0.08160	0.00504	0.00272	0.00679
12	0.01048	0.00985	0.01633	0.60285	0.17637	0.01140	0.01418	0.01380	0.01071	0.01426	0.00936	0.01348	0.00724	0.00501	0.00510	0.00163	0.00659	0.00452	0.00242	0.06440
13	0.00797	0.00565	0.00790	0.00775	0.00823	0.00642	0.00563	0.00866	0.00789	0.01112	0.01339	0.02278	0.01358	0.24001	0.42329	0.13621	0.06091	0.00588	0.00277	0.00395
14	0.00692	0.00531	0.00633	0.00608	0.00750	0.00472	0.00456	0.00895	0.01367	0.01835	0.51080	0.04307	0.32167	0.01159	0.00615	0.00168	0.00252	0.01000	0.00540	0.00472
15	0.01154	0.01100	0.01871	0.37224	0.45473	0.01202	0.01531	0.01480	0.01122	0.01538	0.00956	0.01333	0.00767	0.00489	0.00518	0.00163	0.00652	0.00463	0.00246	0.00716
16	0.01276	0.00877	0.01025	0.00876	0.01161	0.00881	0.00686	0.01991	0.31117	0.15170	0.24642	0.02374	0.02416	0.00758	0.00534	0.00156	0.00364	0.00644	0.00531	0.12521
17	0.01151	0.07990	0.11767	0.01111	0.07086	0.15405	0.00882	0.01256	0.01079	0.01337	0.10945	0.01770	0.04966	0.01060	0.01030	0.29306	0.00572	0.00501	0.00292	0.00497
18	0.00717	0.00497	0.00621	0.00658	0.00682	0.00502	0.00419	0.00774	0.00844	0.01140	0.01985	0.27439	0.02285	0.44844	0.13864	0.00465	0.00579	0.00952	0.00362	0.00372
19	0.05730	0.14516	0.01654	0.01213	0.01541	0.48288	0.00965	0.16983	0.01579	0.01720	0.00878	0.00981	0.00709	0.00538	0.00452	0.00136	0.00782	0.00351	0.00315	0.00669
20	0.01247	0.01355	0.02787	0.02494	0.25325	0.01293	0.54184	0.01647	0.01216	0.01678	0.01031	0.01370	0.00801	0.00446	0.00585	0.00169	0.00801	0.00570	0.00262	0.00739
21	0.01909	0.01372	0.01256	0.01012	0.01390	0.24280	0.00801	0.02097	0.01384	0.36575	0.01402	0.01352	0.00976	0.00548	0.00473	0.00132	0.00577	0.00414	0.00449	0.21599
22	0.49457	0.00868	0.00763	0.00678	0.00968	0.00929	0.00547	0.03992	0.01086	0.09216	0.02225	0.02190	0.23827	0.00753	0.00435	0.00165	0.00371	0.00555	0.00407	0.00568
23	0.05026	0.01066	0.01767	0.42864	0.36309	0.01193	0.01472	0.01457	0.01098	0.01540	0.00940	0.01320	0.00746	0.00494	0.00509	0.00165	0.00648	0.00455	0.00247	0.00686
24	0.01263	0.01211	0.02068	0.09621	0.72224	0.01231	0.01586	0.01576	0.01174	0.01671	0.00975	0.01297	0.00814	0.00469	0.00516	0.00156	0.00625	0.00464	0.00256	0.00804
25	0.01292	0.01326	0.04612	0.02731	0.51203	0.01290	0.19123	0.05078	0.01233	0.01744	0.00994	0.01301	0.00808	0.00488	0.00595	0.00163	0.04466	0.00497	0.00269	0.00785
26	0.01499	0.01223	0.01724	0.19238	0.20820	0.01333	0.05329	0.26790	0.09162	0.05835	0.01226	0.01392	0.00912	0.00562	0.00526	0.00163	0.00605	0.00489	0.00385	0.00787
27	0.00983	0.00926	0.01562	0.80447	0.03587	0.01157	0.01446	0.01331	0.01041	0.01331	0.00926	0.01388	0.00694	0.00521	0.00521	0.00174	0.00694	0.00463	0.00231	0.00579
28	0.00936	0.00861	0.01432	0.69591	0.03201	0.01057	0.01315	0.01248	0.01035	0.01330	0.01190	0.12278	0.01069	0.00672	0.00540	0.00179	0.00641	0.00601	0.00266	0.00557
29	0.00666	0.00506	0.00665	0.00802	0.04345	0.00467	0.00520	0.00782	0.01061	0.01396	0.06760	0.60659	0.16454	0.01496	0.00647	0.00200	0.00307	0.01341	0.00477	0.00448
30	0.01518	0.00859	0.01255	0.08808	0.04169	0.00835	0.06408	0.06907	0.03961	0.31899	0.02023	0.25416	0.01804	0.00906	0.00572	0.00178	0.00472	0.00806	0.00502	0.00700
31	0.00983	0.00926	0.01562	0.80447	0.03587	0.01157	0.01446	0.01331	0.01041	0.01331	0.00926	0.01388	0.00694	0.00521	0.00521	0.00174	0.00694	0.00463	0.00231	0.00579
32	0.01185	0.01648	0.22612	0.12588	0.02616	0.01257	0.41252	0.01634	0.01163	0.04442	0.01028	0.01326	0.00757	0.00490	0.00607	0.00174	0.03730	0.00525	0.00260	0.00705
33	0.01209	0.01441	0.14596	0.12577	0.53843	0.01226	0.04409	0.01576	0.01155	0.01645	0.00968	0.01275	0.00780	0.00475	0.00516	0.00159	0.00662	0.00457	0.00249	0.00780
34	0.01265	0.01085	0.01811	0.19916	0.50004	0.01123	0.01417	0.01558	0.01167	0.08125	0.01189	0.06875	0.01016	0.00572	0.00528	0.00163	0.00599	0.00539	0.00300	0.00748
35	0.01605	0.00834	0.01230	0.22815	0.01867	0.00824	0.02622	0.01846	0.01316	0.40266	0.08428	0.05746	0.06828	0.00734	0.00545	0.00168	0.00487	0.00628	0.00497	0.00712

[dist]
# distance from previous block
# <min> <max>
0	2

[block]
# block no. 1 follows, 47 sequences, length 84
# corresponding to MSA columns:
# 194-201,204-219,235-294
name=unknown_B
#
# <colnr> <probs for GDERKNQSTAVLIFYWHMCP>
#	G	D	E	R	K	N	Q	S	T	A	V	L	I	F	Y	W	H	M	C	P
0	0.04276	0.01626	0.01294	0.01172	0.03357	0.35602	0.00877	0.14648	0.01538	0.14346	0.01438	0.14789	0.01280	0.00752	0.00517	0.00157	0.00663	0.00585	0.00411	0.00672
1	0.78083	0.02785	0.03168	0.00722	0.01063	0.01174	0.00619	0.01571	0.00918	0.05027	0.00779	0.00886	0.00595	0.00489	0.00335	0.00160	0.00419	0.00294	0.00329	0.00584
2	0.28523	0.00734	0.00731	0.00680	0.00880	0.00759	0.00516	0.04589	0.01158	0.01943	0.21593	0.12270	0.11807	0.07557	0.00679	0.00195	0.00348	0.00749	0.00435	0.03854
3	0.01131	0.00982	0.01219	0.20952	0.03416	0.01135	0.00945	0.02106	0.44983	0.01942	0.13571	0.02092	0.01864	0.00710	0.00540	0.00173	0.00461	0.00609	0.00456	0.00711
4	0.01080	0.00926	0.01080	0.00771	0.01234	0.00694	0.00617	0.01311	0.01080	0.01697	0.00926	0.01080	0.00771	0.00386	0.00386	0.00077	0.00386	0.00309	0.00309	0.84882
5	0.00966	0.03008	0.00857	0.00734	0.00953	0.00763	0.00571	0.11245	0.10735	0.03673	0.17473	0.07013	0.37860	0.01078	0.00584	0.00170	0.00334	0.00904	0.00507	0.00572
6	0.44201	0.07780	0.33268	0.01031	0.01547	0.01252	0.01151	0.01582	0.00987	0.01969	0.00812	0.00950	0.00611	0.00485	0.00395	0.00159	0.00566	0.00324	0.00272	0.00657
7	0.00944	0.00811	0.01295	0.01789	0.32950	0.00821	0.01008	0.01157	0.01059	0.01477	0.01778	0.25840	0.01887	0.01597	0.16736	0.00318	0.00671	0.06911	0.00348	0.00602
8	0.00634	0.00453	0.00604	0.00725	0.00755	0.00423	0.00483	0.00725	0.00997	0.01329	0.02870	0.81358	0.03444	0.01632	0.00665	0.00211	0.00302	0.01480	0.00483	0.00423
9	0.01048	0.01014	0.01576	0.47742	0.02669	0.01338	0.01319	0.01299	0.00940	0.01299	0.00826	0.01285	0.00690	0.00682	0.01012	0.00196	0.33801	0.00460	0.00230	0.00575
10	0.01080	0.00926	0.01080	0.00771	0.01234	0.00694	0.00617	0.01311	0.01080	0.01697	0.00926	0.01080	0.00771	0.00386	0.00386	0.00077	0.00386	0.00309	0.00309	0.84882
11	0.00801	0.00544	0.00643	0.00644	0.00794	0.00477	0.00477	0.00950	0.01215	0.08520	0.16411	0.23705	0.38693	0.01297	0.00622	0.00183	0.00291	0.02734	0.00513	0.00485
12	0.00737	0.00532	0.00696	0.00655	0.00778	0.00491	0.00491	0.00983	0.01474	0.02088	0.78175	0.03890	0.04914	0.01065	0.00614	0.00164	0.00246	0.00942	0.00573	0.00491
13	0.01131	0.01147	0.01785	0.11731	0.01833	0.01502	0.11095	0.01318	0.00886	0.01318	0.00764	0.01207	0.00699	0.00799	0.01411	0.00214	0.59863	0.00478	0.00233	0.00588
14	0.01034	0.00660	0.00762	0.00689	0.00914	0.00602	0.00556	0.03316	0.01159	0.03791	0.01716	0.02516	0.01522	0.00724	0.00452	0.00137	0.00343	0.15984	0.40710	0.22413
15	0.01080	0.00926	0.01080	0.00771	0.01234	0.00694	0.00617	0.01311	0.01080	0.01697	0.00926	0.01080	0.00771	0.00386	0.00386	0.00077	0.00386	0.00309	0.00309	0.84882
16	0.01404	0.01173	0.01239	0.01082	0.01396	0.01346	0.00851	0.14520	0.65579	0.02354	0.01981	0.01833	0.01478	0.00694	0.00528	0.00173	0.00438	0.00570	0.00528	0.00834
17	0.01183	0.01314	0.02787	0.16975	0.02885	0.01287	0.62371	0.01604	0.01194	0.01604	0.01029	0.01402	0.00772	0.00454	0.00597	0.00175	0.00843	0.00586	0.00257	0.00679
18	0.01011	0.00954	0.01612	0.73444	0.10373	0.01164	0.01460	0.01355	0.01054	0.01364	0.00930	0.01379	0.00706	0.00516	0.00520	0.00172	0.00687	0.00463	0.00234	0.00601
19	0.00744	0.00558	0.00837	0.00837	0.00930	0.00651	0.00651	0.00930	0.00837	0.01209	0.01395	0.02046	0.01302	0.03906	0.79635	0.00837	0.01395	0.00558	0.00279	0.00465
20	0.01945	0.02482	0.01476	0.01342	0.01610	0.79608	0.01006	0.02079	0.01476	0.01275	0.00805	0.00939	0.00671	0.00537	0.00470	0.00134	0.00939	0.00335	0.00268	0.00604
21	0.00743	0.00536	0.00694	0.00726	0.00797	0.00550	0.00531	0.00862	0.00929	0.01239	0.02280	0.10138	0.10505	0.28944	0.24117	0.00491	0.00713	0.14425	0.00368	0.00411
22	0.01194	0.01141	0.01943	0.27112	0.55273	0.01212	0.01551	0.01515	0.01141	0.01587	0.00963	0.01320	0.00784	0.00482	0.00517	0.00161	0.00642	0.00464	0.00250	0.00749
23	0.01028	0.00799	0.00907	0.00835	0.01035	0.00840	0.00641	0.11358	0.21615	0.02074	0.26304	0.13839	0.11089	0.01020	0.00585	0.00175	0.00349	0.02939	0.01952	0.00616
24	0.00983	0.00926	0.01562	0.80447	0.03587	0.01157	0.01446	0.01331	0.01041	0.01331	0.00926	0.01388	0.00694	0.00521	0.00521	0.00174	0.00694	0.00463	0.00231	0.00579
25	0.00935	0.00673	0.05810	0.00792	0.00926	0.00540	0.00608	0.01070	0.01051	0.13117	0.02460	0.54245	0.02726	0.09433	0.02822	0.00246	0.00402	0.01168	0.00469	0.00507
26	0.85377	0.01007	0.00765	0.00685	0.01007	0.01168	0.00564	0.01531	0.00886	0.02336	0.00725	0.00846	0.00564	0.00483	0.00322	0.00161	0.00403	0.00282	0.00322	0.00564
27	0.01054	0.00998	0.01690	0.62537	0.20943	0.01176	0.01481	0.01393	0.01075	0.01417	0.00938	0.01365	0.00725	0.00508	0.00519	0.00169	0.00677	0.00463	0.00238	0.00636
28	0.85377	0.01007	0.00765	0.00685	0.01007	0.01168	0.00564	0.01531	0.00886	0.02336	0.00725	0.00846	0.00564	0.00483	0.00322	0.00161	0.00403	0.00282	0.00322	0.00564
29	0.00757	0.00505	0.00568	0.00568	0.00568	0.00505	0.00316	0.00757	0.00757	0.01010	0.01641	0.03408	0.01893	0.81698	0.02651	0.00505	0.00505	0.00757	0.00316	0.00316
30	0.01344	0.01143	0.01205	0.01070	0.01373	0.01318	0.00836	0.08043	0.72154	0.02257	0.02058	0.01894	0.01539	0.00701	0.00529	0.00175	0.00424	0.00580	0.00529	0.00829
31	0.00648	0.00464	0.00601	0.00699	0.00737	0.00433	0.00465	0.00739	0.01003	0.01333	0.05663	0.67949	0.07003	0.08611	0.00834	0.00234	0.00316	0.01379	0.00472	0.00417
32	0.01142	0.07617	0.53142	0.01612	0.02291	0.01284	0.20617	0.01667	0.01138	0.03276	0.00974	0.01173	0.00707	0.00481	0.00515	0.00164	0.00776	0.00439	0.00240	0.00748
33	0.01045	0.02694	0.79000	0.01484	0.02254	0.01209	0.01924	0.01649	0.01099	0.01649	0.00935	0.01099	0.00660	0.00495	0.00495	0.00165	0.00770	0.00385	0.00220	0.00770
34	0.00633	0.00461	0.00596	0.00705	0.00750	0.00425	0.00474	0.00727	0.01017	0.01337	0.03120	0.73420	0.11221	0.01599	0.00660	0.00208	0.00298	0.01441	0.00483	0.00425
35	0.01381	0.01271	0.02061	0.02905	0.66404	0.01290	0.03177	0.11735	0.01357	0.01914	0.01018	0.01286	0.00832	0.00485	0.00518	0.00155	0.00618	0.00468	0.00293	0.00830
36	0.27991	0.00937	0.01072	0.00856	0.01227	0.00917	0.00705	0.05099	0.01341	0.50252	0.03513	0.01518	0.01139	0.00604	0.00463	0.00161	0.00431	0.00457	0.00538	0.00777
37	0.01638	0.00718	0.00946	0.00780	0.01055	0.00640	0.00623	0.01859	0.01431	0.43773	0.26479	0.02476	0.02461	0.00775	0.00531	0.00157	0.00353	0.00653	0.11948	0.00705
38	0.55893	0.01145	0.01209	0.01481	0.24645	0.04807	0.00900	0.01577	0.01005	0.02094	0.00806	0.00985	0.00648	0.00480	0.00388	0.00158	0.00493	0.00340	0.00300	0.00645
39	0.00638	0.00479	0.00592	0.00669	0.00744	0.00433	0.00462	0.00752	0.01085	0.01412	0.09721	0.55514	0.22598	0.01505	0.00648	0.00198	0.00288	0.01339	0.00491	0.00433
40	0.13971	0.01576	0.01343	0.01137	0.01460	0.21870	0.00902	0.27675	0.17932	0.02309	0.01222	0.01254	0.00925	0.00609	0.00524	0.00158	0.03543	0.00432	0.00417	0.00740
41	0.01162	0.01016	0.01431	0.03613	0.27815	0.00884	0.00972	0.01418	0.01125	0.03474	0.01088	0.02705	0.02308	0.00462	0.00446	0.00112	0.00471	0.00407	0.00303	0.48786
42	0.01244	0.01145	0.01727	0.22766	0.31330	0.04255	0.05262	0.11819	0.01312	0.01757	0.01239	0.11431	0.01122	0.00650	0.00540	0.00167	0.00618	0.00596	0.00316	0.00703
43	0.01607	0.00739	0.00985	0.00810	0.01087	0.00660	0.00647	0.03461	0.01504	0.42516	0.36405	0.02717	0.02917	0.00834	0.00565	0.00162	0.00357	0.00711	0.00610	0.00708
44	0.02336	0.00886	0.01209	0.00927	0.01329	0.00765	0.00765	0.02538	0.01491	0.78810	0.02055	0.01773	0.01289	0.00645	0.00524	0.00161	0.00443	0.00524	0.00645	0.00886
45	0.01047	0.00984	0.01654	0.28989	0.06374	0.02846	0.17358	0.04938	0.01187	0.01553	0.01558	0.14011	0.01516	0.00821	0.00593	0.00188	0.00636	0.12821	0.00333	0.00594
46	0.01899	0.01419	0.01518	0.01182	0.01584	0.01577	0.00970	0.68017	0.11275	0.03152	0.01353	0.01332	0.00968	0.00635	0.00522	0.00159	0.00554	0.00483	0.00522	0.00878
47	0.00622	0.00528	0.00536	0.00534	0.00707	0.00442	0.00400	0.00759	0.01201	0.01441	0.08899	0.04956	0.74594	0.01306	0.00615	0.00175	0.00263	0.01091	0.00488	0.00442
48	0.85377	0.01007	0.00765	0.00685	0.01007	0.01168	0.00564	0.01531	0.00886	0.02336	0.00725	0.00846	0.00564	0.00483	0.00322	0.00161	0.00403	0.00282	0.00322	0.00564
49	0.00639	0.00528	0.00561	0.00553	0.00718	0.00450	0.00414	0.00794	0.01243	0.01541	0.19594	0.04791	0.63837	0.01269	0.00615	0.00173	0.00260	0.01068	0.00501	0.00450
50	0.01690	0.00793	0.00968	0.00791	0.01080	0.00747	0.00635	0.10630	0.01462	0.38132	0.06901	0.02111	0.05949	0.02227	0.00531	0.00157	0.00382	0.00571	0.23527	0.00715
51	0.00738	0.00535	0.00708	0.00671	0.00791	0.00505	0.00505	0.00978	0.01418	0.02011	0.71447	0.03728	0.04597	0.01314	0.07538	0.00223	0.00346	0.00908	0.00547	0.00489
52	0.01392	0.82012	0.02729	0.00891	0.01337	0.02061	0.00891	0.01559	0.01058	0.01225	0.00724	0.00835	0.00668	0.00446	0.00334	0.00111	0.00557	0.00278	0.00223	0.00668
53	0.01201	0.01180	0.01810	0.02124	0.33246	0.01447	0.01329	0.01396	0.00958	0.01439	0.00806	0.01201	0.00742	0.00726	0.01215	0.00198	0.47607	0.00459	0.00240	0.00675
54	0.00983	0.00926	0.01562	0.80447	0.03587	0.01157	0.01446	0.01331	0.01041	0.01331	0.00926	0.01388	0.00694	0.00521	0.00521	0.00174	0.00694	0.00463	0.00231	0.00579
55	0.00983	0.00926	0.01562	0.80447	0.03587	0.01157	0.01446	0.01331	0.01041	0.01331	0.00926	0.01388	0.00694	0.00521	0.00521	0.00174	0.00694	0.00463	0.00231	0.00579
56	0.01209	0.01078	0.01600	0.19166	0.33666	0.01175	0.01245	0.04036	0.19905	0.01811	0.03252	0.01580	0.01124	0.00566	0.00512	0.00162	0.00548	0.00508	0.06115	0.00741
57	0.01900	0.09020	0.01579	0.01305	0.01587	0.73232	0.00997	0.02037	0.01441	0.01270	0.00798	0.00931	0.00671	0.00529	0.00458	0.00132	0.00908	0.00331	0.00265	0.00609
58	0.00975	0.00902	0.01503	0.59842	0.12748	0.01068	0.01336	0.01283	0.01054	0.01378	0.01195	0.12166	0.01082	0.00663	0.00539	0.00176	0.00632	0.00600	0.00269	0.00589
59	0.01440	0.00981	0.00985	0.00824	0.01077	0.04178	0.00657	0.33429	0.01686	0.02486	0.01471	0.01606	0.01116	0.00612	0.00435	0.00137	0.00412	0.00472	0.45335	0.00661
60	0.01435	0.01976	0.44109	0.01398	0.02013	0.01137	0.10197	0.05506	0.04736	0.20466	0.01289	0.01343	0.00880	0.00540	0.00519	0.00165	0.00677	0.00458	0.00356	0.00798
61	0.01045	0.02694	0.79000	0.01484	0.02254	0.01209	0.01924	0.01649	0.01099	0.01649	0.00935	0.01099	0.00660	0.00495	0.00495	0.00165	0.00770	0.00385	0.00220	0.00770
62	0.01771	0.01355	0.01446	0.01156	0.01536	0.01518	0.00939	0.54221	0.25280	0.02946	0.01515	0.01461	0.01100	0.00650	0.00524	0.00162	0.00524	0.00505	0.00524	0.00867
63	0.00645	0.00457	0.00601	0.00712	0.00740	0.00430	0.00470	0.00728	0.00977	0.01303	0.02769	0.74950	0.03317	0.08214	0.00828	0.00236	0.00319	0.01421	0.00470	0.00414
64	0.01534	0.04096	0.01848	0.02059	0.30755	0.28618	0.07413	0.03810	0.11649	0.01640	0.01078	0.01250	0.00869	0.00524	0.00504	0.00151	0.00721	0.00443	0.00304	0.00734
65	0.01235	0.00988	0.04325	0.08573	0.22013	0.00958	0.01028	0.01716	0.16186	0.12956	0.01919	0.20331	0.03840	0.00842	0.00557	0.00176	0.00481	0.00750	0.00423	0.00705
66	0.01945	0.02482	0.01476	0.01342	0.01610	0.79608	0.01006	0.02079	0.01476	0.01275	0.00805	0.00939	0.00671	0.00537	0.00470	0.00134	0.00939	0.00335	0.00268	0.00604
67	0.00876	0.00568	0.00712	0.00655	0.00819	0.00508	0.00499	0.01092	0.01412	0.09914	0.54079	0.03919	0.20812	0.01077	0.00605	0.00166	0.00270	0.00933	0.00561	0.00521
68	0.01438	0.10759	0.33968	0.01336	0.01864	0.18375	0.05911	0.01933	0.09002	0.08921	0.01118	0.01205	0.00826	0.00531	0.00486	0.00154	0.00723	0.00411	0.00305	0.00735
69	0.00983	0.00926	0.01562	0.80447	0.03587	0.01157	0.01446	0.01331	0.01041	0.01331	0.00926	0.01388	0.00694	0.00521	0.00521	0.00174	0.00694	0.00463	0.00231	0.00579
70	0.00634	0.00453	0.00604	0.00725	0.00755	0.00423	0.00483	0.00725	0.00997	0.01329	0.02870	0.81358	0.03444	0.01632	0.00665	0.00211	0.00302	0.01480	0.00483	0.00423
71	0.01171	0.01509	0.19147	0.02496	0.46855	0.01168	0.09367	0.01540	0.01155	0.01654	0.01143	0.08275	0.01014	0.00571	0.00534	0.00164	0.00651	0.00551	0.00270	0.00765
72	0.01364	0.01094	0.01643	0.02185	0.43584	0.01117	0.01210	0.01912	0.19066	0.11561	0.01554	0.08762	0.01300	0.00649	0.00533	0.00166	0.00519	0.00593	0.00391	0.00796
73	0.00753	0.00552	0.00828	0.00828	0.00915	0.00639	0.00639	0.00915	0.00828	0.01191	0.01366	0.02019	0.01279	0.03784	0.75139	0.05704	0.01340	0.00552	0.00276	0.00451
74	0.00846	0.00710	0.01078	0.01486	0.24822	0.00686	0.00840	0.01016	0.01082	0.01463	0.02477	0.46314	0.08759	0.01234	0.00617	0.00192	0.00406	0.05007	0.00413	0.00552
75	0.03920	0.05895	0.03131	0.01601	0.16013	0.22806	0.04203	0.24299	0.01660	0.09897	0.01104	0.01197	0.00829	0.00550	0.00495	0.00149	0.00680	0.00427	0.00378	0.00768
76	0.08332	0.01158	0.01582	0.01957	0.36097	0.01228	0.01140	0.22641	0.01484	0.02202	0.01136	0.01350	0.00900	0.00664	0.03402	0.00178	0.02222	0.00456	0.11112	0.00759
77	0.00632	0.00465	0.00592	0.00695	0.00747	0.00426	0.00470	0.00729	0.01026	0.01341	0.03241	0.69594	0.14969	0.01583	0.00657	0.00206	0.00296	0.01422	0.00483	0.00426
78	0.00737	0.00532	0.00696	0.00655	0.00778	0.00491	0.00491	0.00983	0.01474	0.02088	0.78175	0.03890	0.04914	0.01065	0.00614	0.00164	0.00246	0.00942	0.00573	0.00491
79	0.00754	0.00541	0.00739	0.00852	0.00940	0.00526	0.00685	0.00935	0.01129	0.01481	0.04727	0.34295	0.05098	0.01499	0.00693	0.00226	0.00401	0.43538	0.00483	0.00457
80	0.00718	0.00591	0.00752	0.00680	0.00819	0.00536	0.06627	0.00827	0.01032	0.01281	0.03585	0.04122	0.43642	0.30967	0.01368	0.00297	0.00403	0.00933	0.00403	0.00415
81	0.01112	0.01030	0.01513	0.01081	0.01558	0.00830	0.17135	0.01389	0.01112	0.01691	0.00953	0.01151	0.00775	0.00397	0.00435	0.00099	0.00493	0.00375	0.00299	0.66572
82	0.00839	0.00730	0.01166	0.47476	0.02416	0.00853	0.01048	0.01080	0.01023	0.01330	0.01730	0.34462	0.01832	0.00980	0.00580	0.00189	0.00532	0.00884	0.00336	0.00514
83	0.19616	0.01199	0.01791	0.02545	0.57554	0.01242	0.01341	0.05544	0.01187	0.01923	0.00938	0.01191	0.00771	0.00477	0.00474	0.00156	0.00569	0.00425	0.00286	0.00771

[dist]
# distance from previous block
# <min> <max>
0	1

[block]
# block no. 2 follows, 47 sequences, length 23
# corresponding to MSA columns:
# 296-318
name=unknown_C
#
# <colnr> <probs for GDERKNQSTAVLIFYWHMCP>
#	G	D	E	R	K	N	Q	S	T	A	V	L	I	F	Y	W	H	M	C	P
0	0.01488	0.09025	0.01847	0.03518	0.36593	0.14250	0.01238	0.14977	0.03599	0.01847	0.01117	0.01314	0.02538	0.00665	0.03614	0.00176	0.00676	0.00447	0.00316	0.00757
1	0.01310	0.04363	0.01939	0.02608	0.56505	0.06467	0.01400	0.01671	0.07169	0.01640	0.01046	0.01351	0.00890	0.02903	0.00655	0.00169	0.06397	0.00466	0.00278	0.00771
2	0.01740	0.00934	0.01136	0.00901	0.01269	0.00875	0.00727	0.06764	0.15610	0.38103	0.03798	0.01783	0.03113	0.00632	0.00496	0.00147	0.00415	0.00515	0.04786	0.16256
3	0.01307	0.01258	0.01946	0.02843	0.66190	0.05289	0.01462	0.01669	0.05478	0.01718	0.01071	0.01340	0.00885	0.00489	0.00506	0.00153	0.00605	0.00465	0.04528	0.00796
4	0.01391	0.01430	0.02015	0.02909	0.66528	0.13397	0.01506	0.01673	0.01231	0.01635	0.00952	0.01235	0.00801	0.00475	0.00508	0.00151	0.00668	0.00444	0.00259	0.00791
5	0.80698	0.01032	0.00810	0.00714	0.01041	0.01193	0.00588	0.05749	0.00974	0.02390	0.00755	0.00869	0.00582	0.00491	0.00333	0.00161	0.00412	0.00292	0.00333	0.00582
6	0.00713	0.00540	0.00592	0.00604	0.00694	0.00511	0.00401	0.00861	0.05268	0.01279	0.03275	0.15957	0.31902	0.33462	0.01432	0.00313	0.00374	0.00993	0.00419	0.00409
7	0.39799	0.00948	0.00963	0.00795	0.01133	0.00991	0.00652	0.08198	0.01257	0.29900	0.01348	0.01326	0.00931	0.00566	0.00416	0.00157	0.00415	0.00406	0.09100	0.00699
8	0.85377	0.01007	0.00765	0.00685	0.01007	0.01168	0.00564	0.01531	0.00886	0.02336	0.00725	0.00846	0.00564	0.00483	0.00322	0.00161	0.00403	0.00282	0.00322	0.00564
9	0.00624	0.00522	0.00543	0.00550	0.00712	0.00441	0.00408	0.00759	0.01188	0.01438	0.09094	0.11024	0.68254	0.01330	0.00619	0.00178	0.00266	0.01121	0.00489	0.00441
10	0.01080	0.00926	0.01080	0.00771	0.01234	0.00694	0.00617	0.01311	0.01080	0.01697	0.00926	0.01080	0.00771	0.00386	0.00386	0.00077	0.00386	0.00309	0.00309	0.84882
11	0.01953	0.25205	0.03925	0.00994	0.01408	0.08882	0.00877	0.08079	0.01426	0.40065	0.01443	0.01353	0.00995	0.00569	0.00461	0.00143	0.00545	0.00424	0.00461	0.00791
12	0.01392	0.82012	0.02729	0.00891	0.01337	0.02061	0.00891	0.01559	0.01058	0.01225	0.00724	0.00835	0.00668	0.00446	0.00334	0.00111	0.00557	0.00278	0.00223	0.00668
13	0.01667	0.01103	0.01250	0.01045	0.01380	0.01198	0.00836	0.19227	0.37370	0.20941	0.01863	0.01752	0.01340	0.00875	0.05510	0.00210	0.00518	0.00544	0.00540	0.00830
14	0.01419	0.14294	0.01462	0.00931	0.01348	0.03169	0.00775	0.14043	0.13339	0.07167	0.01207	0.01247	0.00934	0.00506	0.00434	0.00118	0.00466	0.00389	0.00386	0.36365
15	0.01201	0.01148	0.01955	0.25446	0.56888	0.01214	0.01554	0.01521	0.01144	0.01595	0.00964	0.01318	0.00787	0.00480	0.00517	0.00160	0.00640	0.00464	0.00250	0.00754
16	0.01325	0.11772	0.43186	0.01562	0.11048	0.07104	0.01551	0.13225	0.01340	0.01829	0.00954	0.01102	0.00716	0.00508	0.00480	0.00154	0.00708	0.00391	0.00275	0.00770
17	0.06331	0.01049	0.06737	0.01594	0.19847	0.00942	0.12597	0.01426	0.06824	0.01866	0.26419	0.08237	0.02382	0.00766	0.00562	0.00168	0.00494	0.00713	0.00400	0.00646
18	0.00697	0.00536	0.00622	0.00637	0.00757	0.00492	0.00457	0.03179	0.01181	0.01523	0.16063	0.25682	0.35444	0.06867	0.03253	0.00226	0.00333	0.01119	0.00482	0.00450
19	0.01422	0.06485	0.09372	0.06369	0.33826	0.03929	0.14984	0.04596	0.01265	0.11090	0.01105	0.01314	0.00840	0.00495	0.00520	0.00158	0.00668	0.00475	0.00309	0.00777
20	0.01468	0.01984	0.27633	0.01369	0.01853	0.19325	0.08358	0.04931	0.17854	0.08178	0.01278	0.01336	0.00937	0.00563	0.00511	0.00161	0.00707	0.00454	0.00349	0.00751
21	0.00822	0.00603	0.00759	0.00799	0.00867	0.02350	0.00587	0.00949	0.01067	0.04147	0.11387	0.39223	0.03001	0.12316	0.01003	0.00248	0.06121	0.12842	0.00453	0.00456
22	0.01296	0.01037	0.01694	0.22370	0.36948	0.01079	0.02779	0.01631	0.03460	0.12228	0.09068	0.01669	0.01296	0.00572	0.00530	0.00162	0.00575	0.00528	0.00344	0.00733

[dist]
# distance from previous block
# <min> <max>
0	2

[block]
# block no. 3 follows, 47 sequences, length 50
# corresponding to MSA columns:
# 321-354,359-374
name=unknown_D
#
# <colnr> <probs for GDERKNQSTAVLIFYWHMCP>
#	G	D	E	R	K	N	Q	S	T	A	V	L	I	F	Y	W	H	M	C	P
0	0.01367	0.01424	0.02152	0.02463	0.40979	0.11064	0.17101	0.04493	0.01233	0.01648	0.00948	0.01250	0.00784	0.00527	0.00673	0.00165	0.10239	0.00479	0.00267	0.00744
1	0.01121	0.01069	0.02043	0.01522	0.01903	0.00999	0.41436	0.01529	0.05078	0.05303	0.25036	0.02199	0.02129	0.00652	0.00593	0.00166	0.00611	0.00693	0.00392	0.05525
2	0.01307	0.04811	0.01515	0.01753	0.28216	0.07404	0.01048	0.18361	0.01432	0.01892	0.01580	0.25143	0.01601	0.00854	0.00549	0.00168	0.00537	0.00750	0.00384	0.00694
3	0.00776	0.00672	0.00913	0.19889	0.01477	0.00725	0.00744	0.00974	0.01147	0.01490	0.16773	0.12109	0.30840	0.01078	0.00698	0.00182	0.07704	0.00901	0.00416	0.00492
4	0.03768	0.01522	0.14275	0.01856	0.26678	0.01334	0.01308	0.31138	0.01688	0.09616	0.01173	0.01277	0.00859	0.00550	0.00510	0.00158	0.00603	0.00454	0.00393	0.00839
5	0.01058	0.08713	0.12062	0.05730	0.20540	0.01044	0.01069	0.01477	0.10245	0.03380	0.04431	0.02495	0.24109	0.00774	0.00530	0.00162	0.00493	0.00654	0.00365	0.00667
6	0.01160	0.00662	0.00816	0.00717	0.00885	0.00627	0.00526	0.06387	0.01314	0.18058	0.30043	0.03178	0.06914	0.25039	0.01197	0.00265	0.00388	0.00774	0.00503	0.00547
7	0.00933	0.00753	0.01139	0.03516	0.22157	0.00756	0.00943	0.01141	0.01100	0.01481	0.02054	0.11240	0.02208	0.14213	0.00967	0.00255	0.00510	0.33701	0.00386	0.00544
8	0.01197	0.01121	0.01336	0.01342	0.17947	0.07329	0.00861	0.01437	0.01135	0.01663	0.00927	0.01113	0.00775	0.00415	0.00421	0.00099	0.00482	0.00344	0.00294	0.59761
9	0.06673	0.01053	0.18566	0.00816	0.01109	0.00683	0.00797	0.01089	0.01232	0.01759	0.29147	0.08886	0.24222	0.01006	0.00570	0.00171	0.00386	0.00851	0.00443	0.00541
10	0.01081	0.01058	0.06676	0.15010	0.18669	0.00954	0.03064	0.06584	0.01305	0.01848	0.21946	0.01964	0.01896	0.00636	0.00522	0.00148	0.00504	0.00566	0.00364	0.15206
11	0.01562	0.01580	0.02027	0.07253	0.17347	0.21253	0.21653	0.10456	0.03786	0.06399	0.01083	0.01283	0.00826	0.00516	0.00533	0.00158	0.00754	0.00480	0.00322	0.00729
12	0.01239	0.10101	0.08070	0.01140	0.01546	0.04100	0.11825	0.01797	0.18435	0.05677	0.06723	0.03607	0.01362	0.00600	0.00495	0.00144	0.00528	0.02036	0.00377	0.20199
13	0.01317	0.01067	0.01413	0.07276	0.24723	0.02864	0.00998	0.18070	0.04990	0.04249	0.01297	0.01895	0.01165	0.22585	0.01093	0.00250	0.00568	0.00545	0.00357	0.03279
14	0.01088	0.00883	0.01219	0.06972	0.17753	0.00825	0.00863	0.01414	0.06889	0.05837	0.10985	0.09156	0.05159	0.02994	0.00569	0.00152	0.00436	0.00619	0.00383	0.25803
15	0.01342	0.00878	0.01253	0.08820	0.17969	0.00897	0.00894	0.05860	0.01177	0.19554	0.01671	0.03379	0.05413	0.22202	0.02614	0.00269	0.04171	0.00607	0.00391	0.00640
16	0.00898	0.01310	0.26349	0.01056	0.01413	0.00836	0.06405	0.01262	0.02636	0.01566	0.08642	0.02192	0.08694	0.05313	0.20527	0.00348	0.00767	0.00595	0.08608	0.00583
17	0.01407	0.01532	0.24716	0.09232	0.23516	0.01061	0.01396	0.01776	0.01206	0.19334	0.01202	0.01333	0.00865	0.00512	0.00499	0.00154	0.00608	0.00439	0.00338	0.08874
18	0.01510	0.01035	0.01195	0.00929	0.01334	0.00975	0.00747	0.12136	0.19352	0.17832	0.01482	0.01448	0.01086	0.00547	0.00466	0.00129	0.00429	0.00440	0.00458	0.36469
19	0.00931	0.00860	0.01298	0.43773	0.02409	0.01045	0.01128	0.01214	0.02663	0.01369	0.01914	0.02435	0.16112	0.00819	0.00749	0.00188	0.13598	0.06641	0.00307	0.00547
20	0.01441	0.07508	0.25257	0.01089	0.01553	0.05268	0.01109	0.05235	0.06785	0.20277	0.13577	0.01743	0.01571	0.00636	0.00506	0.00154	0.00548	0.00511	0.00421	0.04811
21	0.00694	0.00554	0.00624	0.00605	0.00762	0.00497	0.00454	0.00928	0.04630	0.01709	0.33989	0.05753	0.44538	0.01197	0.00612	0.00172	0.00264	0.01021	0.00521	0.00477
22	0.01505	0.05571	0.01376	0.01092	0.01431	0.01432	0.00877	0.24785	0.50982	0.02457	0.01785	0.01677	0.01330	0.00668	0.00517	0.00167	0.00468	0.00536	0.00511	0.00834
23	0.01447	0.01477	0.17620	0.01745	0.22981	0.02783	0.04674	0.12786	0.01419	0.13165	0.06673	0.01480	0.01150	0.00557	0.00513	0.00153	0.00590	0.00482	0.00372	0.07933
24	0.00989	0.01751	0.39346	0.01466	0.13201	0.01000	0.03503	0.03841	0.01187	0.01639	0.02251	0.02310	0.23863	0.00739	0.00538	0.00167	0.00593	0.00619	0.00315	0.00681
25	0.01182	0.34001	0.48896	0.01250	0.01892	0.01545	0.01516	0.01614	0.01083	0.01482	0.00851	0.00995	0.00663	0.00475	0.00431	0.00144	0.00686	0.00343	0.00221	0.00730
26	0.01344	0.01098	0.01828	0.17537	0.36341	0.01129	0.08401	0.01736	0.07024	0.12647	0.01302	0.05064	0.01039	0.00570	0.00535	0.00165	0.00603	0.00542	0.00339	0.00756
27	0.01609	0.05113	0.10368	0.07409	0.23437	0.04463	0.01266	0.25536	0.03023	0.10956	0.01182	0.01296	0.00870	0.00550	0.00506	0.00156	0.00613	0.00452	0.00383	0.00811
28	0.01091	0.00680	0.00812	0.00742	0.00871	0.00701	0.00520	0.03594	0.11571	0.12425	0.06186	0.02777	0.01842	0.42733	0.10862	0.00419	0.00574	0.00680	0.00409	0.00512
29	0.01175	0.00999	0.03382	0.15834	0.05132	0.07451	0.02790	0.10273	0.01292	0.07161	0.01858	0.27450	0.01881	0.00983	0.00579	0.00183	0.00528	0.07800	0.02652	0.00597
30	0.01947	0.00895	0.01152	0.00909	0.01255	0.00832	0.00740	0.13066	0.01627	0.51562	0.18004	0.02143	0.01995	0.00730	0.00542	0.00161	0.00420	0.00604	0.00611	0.00803
31	0.00754	0.00550	0.00799	0.00799	0.00884	0.00631	0.00609	0.00925	0.00840	0.01220	0.01429	0.02166	0.01357	0.10867	0.69498	0.00779	0.01268	0.00573	0.03600	0.00452
32	0.01490	0.04247	0.01639	0.01792	0.28079	0.01140	0.03579	0.08525	0.01330	0.18263	0.06786	0.01699	0.01282	0.00648	0.00667	0.00165	0.10501	0.02494	0.04923	0.00750
33	0.01285	0.01141	0.01405	0.03701	0.19330	0.01278	0.01021	0.02457	0.57707	0.02045	0.01822	0.01776	0.01388	0.00645	0.00526	0.00171	0.00468	0.00556	0.00459	0.00818
34	0.00634	0.00453	0.00604	0.00725	0.00755	0.00423	0.00483	0.00725	0.00997	0.01329	0.02870	0.81358	0.03444	0.01632	0.00665	0.00211	0.00302	0.01480	0.00483	0.00423
35	0.00996	0.00933	0.01547	0.77323	0.03499	0.01162	0.01422	0.01387	0.04050	0.01364	0.00973	0.01410	0.00729	0.00528	0.00521	0.00174	0.00683	0.00468	0.00243	0.00588
36	0.01231	0.01197	0.01904	0.16773	0.39752	0.05380	0.09957	0.04915	0.01269	0.01722	0.09628	0.01591	0.01249	0.00550	0.00537	0.00161	0.00636	0.00528	0.00301	0.00719
37	0.04150	0.01131	0.07070	0.01195	0.01621	0.02842	0.14905	0.02177	0.01371	0.50856	0.01766	0.05891	0.01233	0.00642	0.00539	0.00166	0.00551	0.00571	0.00517	0.00803
38	0.00959	0.00856	0.01388	0.29367	0.24938	0.00928	0.01143	0.01200	0.01054	0.01422	0.01551	0.24752	0.01606	0.05716	0.00689	0.00199	0.00546	0.00777	0.00318	0.00591
39	0.00959	0.00826	0.01261	0.24225	0.19191	0.00883	0.01028	0.05040	0.01147	0.01537	0.01989	0.27159	0.08693	0.00942	0.00570	0.00179	0.00496	0.00846	0.02442	0.00586
40	0.01778	0.18515	0.10736	0.01179	0.06963	0.02883	0.01006	0.04661	0.09440	0.35377	0.01516	0.01442	0.01055	0.00575	0.00479	0.00151	0.00530	0.00452	0.00453	0.00809
41	0.03731	0.01461	0.24425	0.01090	0.01588	0.00971	0.01107	0.08999	0.01428	0.43173	0.01598	0.01511	0.01050	0.00592	0.00502	0.00160	0.00541	0.00470	0.04780	0.00824
42	0.01198	0.01144	0.01949	0.26266	0.56093	0.01213	0.01553	0.01518	0.01143	0.01591	0.00963	0.01319	0.00786	0.00481	0.00517	0.00160	0.00641	0.00464	0.00250	0.00751
43	0.01693	0.01479	0.01378	0.24809	0.02075	0.30507	0.01039	0.01909	0.01334	0.22359	0.01421	0.01519	0.05018	0.00603	0.00507	0.00155	0.00695	0.00466	0.00371	0.00664
44	0.01037	0.00924	0.01467	0.04062	0.43133	0.00912	0.01096	0.01290	0.01220	0.01711	0.21972	0.02445	0.07538	0.08092	0.00744	0.00191	0.00485	0.00664	0.00363	0.00656
45	0.37621	0.01510	0.01344	0.01563	0.22222	0.24612	0.00977	0.01713	0.01144	0.01847	0.00818	0.00994	0.00667	0.00494	0.00419	0.00151	0.00622	0.00347	0.00289	0.00647
46	0.01320	0.01145	0.01764	0.19354	0.41304	0.01226	0.01362	0.06155	0.13426	0.05933	0.01223	0.01439	0.00947	0.00534	0.00520	0.00163	0.00590	0.00487	0.00332	0.00778
47	0.01456	0.04362	0.02032	0.06432	0.18499	0.01289	0.19326	0.05101	0.01214	0.16047	0.01134	0.01361	0.00862	0.00597	0.00789	0.00176	0.17749	0.00502	0.00334	0.00735
48	0.01563	0.01659	0.18201	0.01502	0.01996	0.09368	0.23694	0.08349	0.08713	0.17680	0.01328	0.01406	0.00938	0.00545	0.00539	0.00165	0.00701	0.00504	0.00381	0.00771
49	0.01259	0.01540	0.17299	0.02086	0.23896	0.01251	0.23876	0.01879	0.15481	0.04306	0.01242	0.01425	0.00941	0.00514	0.00544	0.00167	0.00681	0.00519	0.00316	0.00779

[dist]
# distance from previous block
# <min> <max>
0	1182

# created by:
# /home/cegg/simao/soft/augustus-3.2.1/scripts/msa2prfl.pl ./align_prep/24161.fa
