[name]
unknown

[dist]
# distance from previous block
# <min> <max>
1	28

[block]
# block no. 0 follows, 42 sequences, length 82
# corresponding to MSA columns:
# 48-121,127-134
name=unknown_A
#
# <colnr> <probs for GDERKNQSTAVLIFYWHMCP>
#	G	D	E	R	K	N	Q	S	T	A	V	L	I	F	Y	W	H	M	C	P
0	0.10884	0.05889	0.04266	0.01077	0.01362	0.17356	0.02109	0.08352	0.05092	0.05265	0.04869	0.08495	0.04687	0.08754	0.00839	0.00209	0.05231	0.00618	0.00398	0.04247
1	0.08100	0.01401	0.01505	0.01423	0.11790	0.08893	0.01004	0.28510	0.04123	0.11126	0.01340	0.01405	0.00989	0.00605	0.00513	0.00156	0.00584	0.00469	0.05782	0.10283
2	0.04775	0.00888	0.01033	0.00905	0.01157	0.00881	0.00692	0.12725	0.04656	0.05137	0.04467	0.22936	0.06918	0.05295	0.04628	0.00230	0.03540	0.00845	0.00463	0.17829
3	0.01616	0.01449	0.01786	0.15455	0.26218	0.12800	0.01331	0.15633	0.01554	0.07116	0.01251	0.05590	0.01034	0.00658	0.00616	0.00175	0.04012	0.00544	0.00370	0.00791
4	0.01180	0.06322	0.09981	0.20938	0.15571	0.01183	0.03856	0.05918	0.01222	0.01663	0.01295	0.02061	0.01175	0.11692	0.04756	0.00263	0.00713	0.05628	0.00311	0.04271
5	0.13780	0.01125	0.04210	0.00962	0.01216	0.12310	0.00787	0.01588	0.01335	0.14199	0.10998	0.15831	0.06871	0.01049	0.00597	0.00193	0.00510	0.11321	0.00489	0.00626
6	0.03703	0.01191	0.01469	0.18892	0.02060	0.01221	0.01024	0.26268	0.01700	0.10900	0.01252	0.01384	0.00914	0.00572	0.00515	0.00149	0.00569	0.00456	0.00433	0.25329
7	0.01603	0.03678	0.18475	0.13346	0.08560	0.01458	0.05346	0.29916	0.01769	0.05127	0.01189	0.01352	0.00865	0.00587	0.00550	0.00170	0.00694	0.00483	0.00392	0.04440
8	0.07910	0.01321	0.08634	0.01621	0.19347	0.05817	0.01094	0.15488	0.01465	0.02065	0.04837	0.19009	0.01752	0.06247	0.00733	0.00207	0.00576	0.00758	0.00409	0.00712
9	0.01217	0.00899	0.04170	0.00884	0.01119	0.00846	0.00709	0.11249	0.11303	0.08073	0.18173	0.12567	0.09596	0.02281	0.00743	0.05833	0.00406	0.00842	0.08444	0.00644
10	0.01367	0.06627	0.10497	0.05234	0.01562	0.01146	0.00969	0.22110	0.01561	0.04836	0.01724	0.18935	0.02865	0.05731	0.00703	0.00193	0.00542	0.00733	0.00435	0.12231
11	0.23568	0.01155	0.01088	0.05114	0.01357	0.08352	0.00774	0.12245	0.09940	0.05049	0.12265	0.05200	0.01733	0.00744	0.00505	0.00172	0.00489	0.00579	0.08988	0.00682
12	0.04686	0.15569	0.05836	0.00862	0.01117	0.05358	0.00725	0.04338	0.01200	0.01595	0.09692	0.06544	0.11445	0.18374	0.07109	0.00302	0.00595	0.00711	0.00381	0.03560
13	0.01668	0.01420	0.01933	0.04923	0.09046	0.05279	0.16264	0.32958	0.03104	0.02498	0.01259	0.01465	0.00956	0.00674	0.00683	0.03788	0.03442	0.00534	0.07306	0.00801
14	0.17103	0.12436	0.01172	0.00917	0.04227	0.01021	0.00679	0.01418	0.07336	0.04517	0.09977	0.18687	0.06813	0.09221	0.00785	0.00220	0.00434	0.02000	0.00439	0.00596
15	0.18724	0.05441	0.01399	0.01349	0.11649	0.21082	0.00924	0.04694	0.01340	0.07151	0.01500	0.08151	0.05907	0.00706	0.00501	0.00161	0.00616	0.00543	0.00376	0.07789
16	0.19630	0.01637	0.01423	0.01265	0.05293	0.22890	0.00957	0.19898	0.01694	0.17168	0.01254	0.01288	0.00907	0.00658	0.01516	0.00174	0.00678	0.00436	0.00449	0.00788
17	0.04632	0.00677	0.00780	0.00723	0.00868	0.00651	0.00505	0.04807	0.01199	0.07777	0.13104	0.12456	0.08824	0.30831	0.01446	0.00315	0.00430	0.00875	0.04128	0.04970
18	0.01540	0.57602	0.08784	0.01058	0.01525	0.10127	0.01041	0.01762	0.01231	0.04689	0.04081	0.01143	0.00956	0.00595	0.01689	0.00145	0.00661	0.00364	0.00283	0.00722
19	0.00769	0.00516	0.00676	0.00728	0.00787	0.00483	0.00497	0.00827	0.01106	0.01478	0.15781	0.38885	0.10913	0.06097	0.01120	0.16894	0.00356	0.01188	0.00474	0.00423
20	0.09211	0.01776	0.15800	0.01476	0.01966	0.10691	0.17127	0.15664	0.07729	0.02197	0.03865	0.01564	0.03604	0.00618	0.00554	0.00172	0.00715	0.00531	0.00381	0.04361
21	0.07201	0.01174	0.01896	0.30603	0.37088	0.01274	0.02712	0.01711	0.03371	0.06013	0.01120	0.01450	0.00871	0.00543	0.00547	0.00177	0.00669	0.00497	0.00305	0.00776
22	0.00914	0.00683	0.00907	0.01009	0.06310	0.00689	0.00690	0.01216	0.07864	0.03739	0.12861	0.22597	0.09697	0.08570	0.12431	0.00340	0.00567	0.07882	0.00479	0.00555
23	0.00860	0.00587	0.00692	0.00735	0.00812	0.00586	0.00514	0.01075	0.06096	0.01520	0.02542	0.24095	0.06535	0.27433	0.01374	0.00318	0.00420	0.10479	0.12859	0.00467
24	0.06058	0.16714	0.14155	0.04216	0.13021	0.07348	0.01292	0.17717	0.05267	0.04748	0.01123	0.01256	0.00866	0.00586	0.00547	0.00164	0.03310	0.00438	0.00359	0.00815
25	0.01237	0.07668	0.11448	0.01528	0.09377	0.11718	0.08989	0.01527	0.02418	0.01509	0.01300	0.08089	0.01226	0.05679	0.15999	0.00342	0.08385	0.00603	0.00303	0.00655
26	0.00912	0.00571	0.00687	0.00686	0.00791	0.00523	0.00469	0.00969	0.01089	0.07812	0.05357	0.18777	0.24773	0.21554	0.01429	0.11267	0.00402	0.01024	0.00457	0.00450
27	0.01499	0.70742	0.09069	0.01037	0.01540	0.05425	0.01061	0.01717	0.01167	0.01364	0.00805	0.00931	0.00722	0.00490	0.00382	0.00126	0.00639	0.00313	0.00243	0.00728
28	0.03854	0.10144	0.16166	0.01597	0.15832	0.03444	0.01256	0.09905	0.03242	0.09907	0.01530	0.01688	0.05810	0.01044	0.09166	0.00251	0.03494	0.00519	0.00370	0.00782
29	0.01163	0.01125	0.01966	0.02045	0.22802	0.01229	0.16976	0.01445	0.01093	0.01572	0.01156	0.01647	0.01017	0.01758	0.25199	0.00419	0.15851	0.00567	0.00281	0.00688
30	0.01319	0.00665	0.00887	0.00834	0.01026	0.00595	0.00622	0.01491	0.01363	0.26798	0.17243	0.36591	0.05704	0.01277	0.00655	0.00199	0.00364	0.01128	0.00599	0.00639
31	0.01498	0.01853	0.16783	0.02175	0.27736	0.14626	0.08588	0.06553	0.04313	0.04031	0.01387	0.01567	0.05151	0.00598	0.00562	0.00170	0.00749	0.00523	0.00329	0.00808
32	0.09228	0.12261	0.02028	0.01741	0.16440	0.15386	0.11390	0.03855	0.01397	0.18083	0.01228	0.01342	0.00916	0.00565	0.00538	0.00163	0.01799	0.00468	0.00380	0.00793
33	0.00915	0.00649	0.00862	0.00846	0.00959	0.00694	0.00632	0.04130	0.01088	0.04734	0.04422	0.16684	0.09999	0.12089	0.35402	0.00558	0.03543	0.00873	0.00405	0.00516
34	0.05842	0.06228	0.01396	0.04845	0.01539	0.01101	0.00810	0.16475	0.01455	0.02169	0.01046	0.01191	0.00835	0.00487	0.00447	0.00113	0.00488	0.00374	0.00371	0.52787
35	0.00842	0.00551	0.00703	0.00719	0.00787	0.00529	0.00487	0.00929	0.01093	0.04186	0.16621	0.24778	0.07395	0.24094	0.06395	0.07476	0.00470	0.01045	0.00458	0.00442
36	0.00890	0.00589	0.00743	0.00771	0.00911	0.00535	0.00582	0.01064	0.01302	0.08119	0.17060	0.29562	0.22386	0.01443	0.00690	0.00209	0.00346	0.11718	0.00554	0.00527
37	0.01557	0.07535	0.05988	0.05191	0.16008	0.13096	0.11159	0.04661	0.12264	0.09004	0.01645	0.01745	0.06358	0.00641	0.00559	0.00171	0.00687	0.00557	0.00385	0.00788
38	0.01406	0.14734	0.07324	0.01345	0.01756	0.06082	0.15153	0.14423	0.04385	0.01982	0.05470	0.05249	0.03722	0.00889	0.04473	0.00205	0.02655	0.02943	0.00380	0.05422
39	0.01188	0.00675	0.00822	0.00771	0.00973	0.00609	0.00580	0.01391	0.03988	0.20276	0.07811	0.19067	0.27011	0.08251	0.00847	0.00227	0.00379	0.03979	0.00557	0.00599
40	0.24022	0.01249	0.01304	0.01036	0.01436	0.01346	0.00853	0.35540	0.01885	0.18558	0.01413	0.01401	0.00987	0.00638	0.00495	0.00169	0.00518	0.00466	0.05846	0.00837
41	0.01425	0.03669	0.18008	0.14298	0.25129	0.10035	0.01530	0.01783	0.01259	0.08089	0.01122	0.01395	0.00873	0.00771	0.04935	0.00214	0.03912	0.00473	0.00301	0.00778
42	0.01369	0.01110	0.01663	0.06269	0.35610	0.01142	0.01236	0.07942	0.06992	0.07927	0.06776	0.02082	0.07272	0.01067	0.08816	0.00252	0.00669	0.00617	0.00401	0.00790
43	0.00797	0.00596	0.00731	0.00760	0.00853	0.00593	0.00531	0.01048	0.07503	0.01577	0.14216	0.30972	0.12116	0.15452	0.09313	0.00340	0.00486	0.01135	0.00487	0.00492
44	0.56678	0.01304	0.01259	0.04723	0.12077	0.09246	0.04062	0.01723	0.01093	0.02229	0.00856	0.01045	0.00678	0.00525	0.00418	0.00171	0.00565	0.00363	0.00325	0.00661
45	0.00755	0.00556	0.00616	0.00637	0.00785	0.00496	0.00475	0.00930	0.01277	0.01695	0.13398	0.15698	0.41827	0.01332	0.00638	0.00189	0.00298	0.04981	0.12928	0.00489
46	0.01440	0.01246	0.01824	0.30360	0.24996	0.01359	0.01415	0.19938	0.01557	0.02120	0.01106	0.01403	0.00851	0.00561	0.00549	0.00168	0.00665	0.00488	0.00344	0.07608
47	0.01211	0.01026	0.01191	0.00855	0.01352	0.00796	0.00685	0.04762	0.01234	0.01912	0.01016	0.01175	0.00839	0.00429	0.00423	0.00087	0.00426	0.00341	0.00344	0.79895
48	0.29334	0.01286	0.01260	0.01016	0.01394	0.01436	0.00834	0.41525	0.01906	0.03030	0.01221	0.01296	0.00900	0.00622	0.00471	0.00166	0.00515	0.00442	0.10557	0.00789
49	0.00874	0.00600	0.00758	0.00738	0.00887	0.00599	0.00563	0.01059	0.01141	0.05584	0.08819	0.03445	0.26116	0.05849	0.32316	0.00490	0.00802	0.00825	0.08019	0.00515
50	0.00792	0.00589	0.00721	0.00740	0.00859	0.00550	0.00533	0.04596	0.01371	0.01835	0.28156	0.35187	0.19110	0.01433	0.00681	0.00200	0.00312	0.01265	0.00557	0.00511
51	0.00742	0.00543	0.00676	0.00730	0.00815	0.00504	0.00517	0.00884	0.01207	0.01602	0.19026	0.34575	0.16322	0.11881	0.00985	0.00255	0.00352	0.07398	0.00519	0.00466
52	0.04124	0.00706	0.00857	0.00789	0.00964	0.00680	0.00584	0.07166	0.01440	0.12158	0.29473	0.17703	0.08357	0.11338	0.00924	0.00234	0.00378	0.00984	0.00555	0.00584
53	0.28386	0.00872	0.00855	0.00751	0.01031	0.00888	0.00585	0.03474	0.05995	0.05271	0.12112	0.02620	0.16385	0.06448	0.00669	0.00194	0.00392	0.00656	0.02529	0.09888
54	0.09576	0.00837	0.00948	0.00854	0.01066	0.00851	0.00643	0.12110	0.04078	0.13245	0.07963	0.14513	0.07462	0.18456	0.01097	0.00269	0.00457	0.04446	0.00506	0.00621
55	0.17505	0.01007	0.01064	0.00907	0.01196	0.01067	0.00721	0.21589	0.04846	0.08398	0.13947	0.02702	0.10746	0.07801	0.00761	0.00212	0.00458	0.03868	0.00515	0.00689
56	0.11344	0.00805	0.00878	0.00798	0.00997	0.00820	0.00597	0.13434	0.01448	0.05333	0.18181	0.14255	0.13951	0.13556	0.00958	0.00243	0.00411	0.00903	0.00507	0.00581
57	0.05224	0.00721	0.00812	0.00765	0.00909	0.00720	0.00547	0.09305	0.01247	0.06462	0.05779	0.11115	0.14064	0.33050	0.01531	0.00337	0.00467	0.05968	0.00460	0.00516
58	0.00713	0.00516	0.00676	0.00769	0.00832	0.00479	0.00535	0.00849	0.01188	0.01594	0.15963	0.59336	0.08172	0.01629	0.00708	0.00219	0.00322	0.04489	0.00539	0.00474
59	0.00731	0.00521	0.00642	0.00707	0.00755	0.00491	0.00462	0.00820	0.01068	0.01416	0.09245	0.44143	0.10605	0.24184	0.01324	0.00311	0.00380	0.01285	0.00479	0.00432
60	0.00717	0.00545	0.00637	0.00679	0.00785	0.00492	0.00479	0.00845	0.01191	0.01525	0.11960	0.28718	0.32590	0.11878	0.00976	0.00251	0.00341	0.04422	0.00509	0.00460
61	0.01464	0.01105	0.01194	0.01010	0.01300	0.01182	0.00789	0.36648	0.09334	0.02532	0.02578	0.13333	0.16339	0.07593	0.00797	0.00215	0.00489	0.00831	0.00532	0.00735
62	0.00735	0.00516	0.00658	0.00730	0.00769	0.00490	0.00478	0.00834	0.01090	0.01473	0.13740	0.49497	0.03541	0.21281	0.01246	0.00300	0.00372	0.01317	0.00492	0.00439
63	0.19366	0.00910	0.00960	0.00825	0.01121	0.00925	0.00658	0.10997	0.05229	0.14793	0.15788	0.02951	0.21447	0.00929	0.00562	0.00179	0.00398	0.00747	0.00539	0.00678
64	0.01117	0.00755	0.00865	0.00826	0.00973	0.00783	0.00607	0.07468	0.11583	0.05514	0.02267	0.07947	0.05310	0.30606	0.01452	0.00327	0.00477	0.11576	0.08990	0.00558
65	0.68699	0.01110	0.01017	0.05182	0.07541	0.01275	0.00768	0.01716	0.04742	0.02401	0.00894	0.01045	0.00696	0.00535	0.00388	0.00175	0.00472	0.00348	0.00348	0.00648
66	0.01116	0.00714	0.01047	0.01193	0.11957	0.00728	0.00739	0.04755	0.01018	0.05418	0.01399	0.08394	0.01370	0.08631	0.13065	0.36350	0.00665	0.00633	0.00330	0.00478
67	0.71976	0.01069	0.00899	0.00779	0.01140	0.01197	0.00642	0.01817	0.01055	0.13684	0.00999	0.01064	0.00727	0.00548	0.00381	0.00174	0.00442	0.00344	0.00400	0.00662
68	0.47588	0.01067	0.01036	0.00878	0.01248	0.01152	0.00716	0.02176	0.12070	0.24885	0.01435	0.01388	0.01007	0.00610	0.00446	0.00177	0.00450	0.00432	0.00486	0.00755
69	0.20114	0.01119	0.01271	0.01009	0.01420	0.01132	0.00830	0.16001	0.06675	0.42097	0.01750	0.01605	0.01163	0.00659	0.00519	0.00174	0.00493	0.00503	0.00588	0.00877
70	0.00696	0.00531	0.00643	0.00726	0.00823	0.00479	0.00518	0.00822	0.01169	0.01486	0.04039	0.46967	0.30197	0.01624	0.00704	0.00217	0.00326	0.07042	0.00522	0.00468
71	0.00694	0.00571	0.00610	0.00600	0.00778	0.00487	0.00450	0.00863	0.01350	0.01680	0.21058	0.05153	0.61027	0.01366	0.00665	0.00187	0.00281	0.01151	0.00544	0.00487
72	0.01049	0.00525	0.00525	0.00525	0.00656	0.00525	0.00393	0.01311	0.01180	0.02098	0.01836	0.02098	0.01442	0.00656	0.00393	0.00131	0.00262	0.00525	0.83346	0.00525
73	0.01773	0.45531	0.02340	0.01182	0.01577	0.36293	0.01019	0.01938	0.01346	0.01348	0.00822	0.00953	0.00723	0.00526	0.00427	0.00131	0.00788	0.00329	0.00263	0.00691
74	0.01170	0.00664	0.00853	0.00824	0.01002	0.00613	0.00615	0.01416	0.05331	0.18994	0.16866	0.34176	0.10611	0.01311	0.00662	0.00201	0.00358	0.03137	0.00583	0.00612
75	0.01263	0.00743	0.00933	0.00828	0.01054	0.00707	0.00640	0.01675	0.11304	0.19520	0.41444	0.07078	0.08421	0.01041	0.00632	0.00181	0.00343	0.00902	0.00620	0.00670
76	0.84197	0.01088	0.00827	0.00740	0.01088	0.01262	0.00609	0.01654	0.00958	0.02525	0.00784	0.00914	0.00609	0.00522	0.00348	0.00174	0.00435	0.00305	0.00348	0.00609
77	0.00799	0.00537	0.00620	0.00639	0.00643	0.00533	0.00367	0.00813	0.00856	0.01142	0.01967	0.14809	0.02291	0.68762	0.02551	0.00499	0.00514	0.00933	0.00367	0.00358
78	0.01239	0.00642	0.00843	0.00821	0.00997	0.00573	0.00603	0.01384	0.01278	0.24185	0.05529	0.45282	0.11593	0.01383	0.00665	0.00206	0.00365	0.01222	0.00578	0.00612
79	0.00804	0.00603	0.00904	0.00904	0.01005	0.00703	0.00703	0.01005	0.00904	0.01306	0.01507	0.02211	0.01407	0.04221	0.77992	0.00904	0.01507	0.00603	0.00301	0.00502
80	0.01167	0.01000	0.01167	0.00834	0.01334	0.00750	0.00667	0.01417	0.01167	0.01834	0.01000	0.01167	0.00834	0.00417	0.00417	0.00083	0.00417	0.00333	0.00333	0.83663
81	0.15814	0.01030	0.01260	0.00983	0.01405	0.00974	0.00812	0.08555	0.01590	0.58826	0.01914	0.01705	0.01229	0.00666	0.00530	0.00174	0.00483	0.00518	0.00629	0.00901

[dist]
# distance from previous block
# <min> <max>
0	12

[block]
# block no. 1 follows, 42 sequences, length 8
# corresponding to MSA columns:
# 147-154
name=unknown_B
#
# <colnr> <probs for GDERKNQSTAVLIFYWHMCP>
#	G	D	E	R	K	N	Q	S	T	A	V	L	I	F	Y	W	H	M	C	P
0	0.00846	0.00575	0.00863	0.00863	0.00940	0.00652	0.00652	0.00940	0.00863	0.01227	0.01380	0.02090	0.01304	0.03675	0.59748	0.20816	0.01262	0.00575	0.00288	0.00440
1	0.01249	0.01240	0.02356	0.02442	0.29434	0.01203	0.30113	0.01620	0.01303	0.01787	0.01557	0.02647	0.01447	0.00747	0.00653	0.00198	0.00742	0.18172	0.00339	0.00749
2	0.01983	0.01499	0.01601	0.01263	0.01686	0.01672	0.01032	0.59649	0.18087	0.03295	0.01550	0.01509	0.01118	0.00694	0.00565	0.00174	0.00583	0.00534	0.00565	0.00943
3	0.00813	0.00567	0.00720	0.00720	0.00757	0.00603	0.00473	0.00886	0.00850	0.01170	0.01676	0.03146	0.01813	0.52483	0.30284	0.00677	0.00897	0.00740	0.00327	0.00400
4	0.01322	0.01256	0.02132	0.08422	0.66556	0.01271	0.01634	0.01643	0.01257	0.01784	0.01194	0.06758	0.01075	0.00592	0.00569	0.00173	0.00651	0.00576	0.00293	0.00844
5	0.01951	0.00831	0.01122	0.00904	0.01239	0.00729	0.00729	0.02185	0.01605	0.52258	0.26848	0.02675	0.02693	0.00847	0.00598	0.00175	0.00408	0.00716	0.00671	0.00816
6	0.00718	0.00554	0.00655	0.00668	0.00802	0.00492	0.00486	0.00896	0.01352	0.01773	0.31200	0.21280	0.34302	0.01398	0.00676	0.00194	0.00287	0.01215	0.00558	0.00492
7	0.01225	0.02337	0.49925	0.02279	0.29545	0.01318	0.01951	0.01762	0.01222	0.01803	0.01028	0.01263	0.00778	0.00523	0.00543	0.00174	0.00772	0.00447	0.00253	0.00853

[dist]
# distance from previous block
# <min> <max>
3	50

[block]
# block no. 2 follows, 42 sequences, length 74
# corresponding to MSA columns:
# 205-278
name=unknown_C
#
# <colnr> <probs for GDERKNQSTAVLIFYWHMCP>
#	G	D	E	R	K	N	Q	S	T	A	V	L	I	F	Y	W	H	M	C	P
0	0.01348	0.01375	0.02217	0.15365	0.26901	0.05812	0.18561	0.01830	0.09581	0.01745	0.01163	0.01481	0.00927	0.00588	0.00711	0.00185	0.08586	0.00545	0.00306	0.00774
1	0.01475	0.24835	0.22362	0.01359	0.07674	0.01445	0.01279	0.08001	0.01359	0.11378	0.01424	0.07823	0.01239	0.00712	0.00522	0.00168	0.00628	0.05166	0.00369	0.00781
2	0.05242	0.25994	0.29786	0.01525	0.02139	0.04576	0.18113	0.01790	0.01221	0.03292	0.00980	0.01173	0.00758	0.00510	0.00502	0.00162	0.00770	0.00433	0.00266	0.00767
3	0.01152	0.23536	0.05075	0.00981	0.01263	0.01280	0.00830	0.01744	0.23363	0.01695	0.02104	0.30575	0.02132	0.01044	0.00565	0.00184	0.00464	0.00888	0.00444	0.00679
4	0.01321	0.01118	0.01784	0.04622	0.46658	0.01122	0.01378	0.01699	0.05609	0.06650	0.04794	0.02582	0.04481	0.00772	0.00605	0.00186	0.00589	0.12849	0.00386	0.00794
5	0.00824	0.00670	0.01081	0.01008	0.01126	0.00661	0.11194	0.00981	0.01035	0.01404	0.02273	0.40020	0.02559	0.15385	0.16642	0.00413	0.00691	0.01132	0.00413	0.00490
6	0.00978	0.00489	0.00733	0.00733	0.00733	0.00489	0.00489	0.00733	0.00733	0.00978	0.00978	0.01711	0.00978	0.01955	0.02199	0.83627	0.00489	0.00489	0.00244	0.00244
7	0.01151	0.00791	0.00869	0.00881	0.01029	0.06759	0.00634	0.01362	0.05530	0.14329	0.02894	0.51091	0.07626	0.01408	0.00664	0.00208	0.00411	0.01244	0.00536	0.00584
8	0.01397	0.01256	0.01648	0.02002	0.29391	0.01377	0.01201	0.02522	0.48077	0.02163	0.01833	0.01837	0.01411	0.00666	0.00567	0.00182	0.00528	0.00586	0.00463	0.00891
9	0.00804	0.00603	0.00904	0.00904	0.01005	0.00703	0.00703	0.01005	0.00904	0.01306	0.01507	0.02211	0.01407	0.04221	0.77992	0.00904	0.01507	0.00603	0.00301	0.00502
10	0.00978	0.00489	0.00733	0.00733	0.00733	0.00489	0.00489	0.00733	0.00733	0.00978	0.00978	0.01711	0.00978	0.01955	0.02199	0.83627	0.00489	0.00489	0.00244	0.00244
11	0.00775	0.00574	0.00723	0.00686	0.00828	0.00522	0.00514	0.01021	0.01543	0.02137	0.64914	0.04401	0.16885	0.01195	0.00664	0.00179	0.00269	0.01045	0.00604	0.00522
12	0.00796	0.00575	0.00752	0.00708	0.00841	0.00531	0.00531	0.01062	0.01593	0.02257	0.76415	0.04204	0.05310	0.01150	0.00664	0.00177	0.00265	0.01018	0.00619	0.00531
13	0.00810	0.00579	0.00785	0.00785	0.00845	0.00639	0.00555	0.00929	0.00869	0.01218	0.01616	0.02814	0.01669	0.35356	0.47215	0.00757	0.01113	0.00691	0.00318	0.00436
14	0.05446	0.01406	0.01562	0.01201	0.01644	0.01502	0.00992	0.54338	0.02327	0.21497	0.01541	0.01472	0.01050	0.00675	0.00555	0.00170	0.00578	0.00513	0.00587	0.00944
15	0.01025	0.00594	0.00758	0.00780	0.00920	0.00530	0.00560	0.01154	0.01220	0.15578	0.03477	0.49837	0.18408	0.01494	0.00679	0.00210	0.00346	0.01321	0.00555	0.00554
16	0.21305	0.00730	0.00754	0.00694	0.00835	0.00756	0.00469	0.01268	0.00954	0.11173	0.01590	0.02783	0.01613	0.50665	0.01958	0.00408	0.00510	0.00661	0.00388	0.00485
17	0.01250	0.01045	0.00956	0.00861	0.00987	0.11906	0.00584	0.14841	0.01271	0.01591	0.01564	0.02864	0.01653	0.53917	0.02096	0.00418	0.00627	0.00695	0.00375	0.00501
18	0.00744	0.00556	0.00634	0.00637	0.00741	0.00507	0.00435	0.00868	0.01196	0.01556	0.20789	0.12114	0.30317	0.24904	0.01326	0.00297	0.00362	0.01079	0.00491	0.00446
19	0.00769	0.00538	0.00624	0.00653	0.00718	0.00507	0.00426	0.00864	0.01072	0.01442	0.10544	0.23243	0.16322	0.32741	0.01535	0.00336	0.00396	0.01085	0.05758	0.00426
20	0.01370	0.02598	0.49324	0.01887	0.14898	0.16755	0.01820	0.01867	0.01286	0.01710	0.00990	0.01188	0.00746	0.00538	0.00533	0.00170	0.00841	0.00420	0.00255	0.00806
21	0.00914	0.00624	0.00918	0.00895	0.01020	0.00698	0.00698	0.01121	0.01005	0.06249	0.07518	0.02351	0.01717	0.03750	0.66863	0.00800	0.01342	0.00634	0.00352	0.00534
22	0.00786	0.00562	0.00671	0.00716	0.00768	0.00549	0.00469	0.00924	0.04220	0.01378	0.05703	0.31019	0.08986	0.35654	0.01638	0.00360	0.00429	0.04285	0.00450	0.00433
23	0.01011	0.00657	0.00786	0.00758	0.00949	0.00601	0.00578	0.01280	0.06130	0.12100	0.17588	0.17185	0.31041	0.01297	0.00661	0.00196	0.00340	0.05693	0.00567	0.00578
24	0.06241	0.51203	0.02250	0.00981	0.01351	0.12775	0.00879	0.01624	0.01157	0.01386	0.01009	0.04600	0.00985	0.07328	0.04004	0.00201	0.00675	0.00422	0.00277	0.00653
25	0.00999	0.00629	0.00710	0.00665	0.00868	0.00541	0.00497	0.01143	0.01295	0.14324	0.06731	0.09417	0.50535	0.08086	0.00841	0.00220	0.00342	0.01072	0.00539	0.00546
26	0.00713	0.00566	0.00602	0.00597	0.00741	0.00496	0.00423	0.00842	0.01229	0.01528	0.13965	0.04912	0.52373	0.17265	0.01108	0.00260	0.00335	0.01092	0.00498	0.00455
27	0.00717	0.00503	0.00644	0.00744	0.00769	0.00478	0.00480	0.00792	0.01017	0.01356	0.02791	0.62058	0.03330	0.20094	0.01220	0.00303	0.00378	0.01417	0.00480	0.00430
28	0.00893	0.00610	0.00699	0.00676	0.00710	0.00627	0.00412	0.05106	0.00931	0.01250	0.01728	0.03431	0.01932	0.69567	0.08725	0.00552	0.00627	0.00783	0.00351	0.00389
29	0.00978	0.00489	0.00733	0.00733	0.00733	0.00489	0.00489	0.00733	0.00733	0.00978	0.00978	0.01711	0.00978	0.01955	0.02199	0.83627	0.00489	0.00489	0.00244	0.00244
30	0.00753	0.00565	0.00685	0.00696	0.00821	0.00515	0.00513	0.00936	0.01342	0.01783	0.33343	0.15093	0.25747	0.07904	0.00863	0.00225	0.00323	0.06857	0.00546	0.00487
31	0.01167	0.01000	0.01167	0.00834	0.01334	0.00750	0.00667	0.01417	0.01167	0.01834	0.01000	0.01167	0.00834	0.00417	0.00417	0.00083	0.00417	0.00333	0.00333	0.83663
32	0.00818	0.00546	0.00614	0.00614	0.00614	0.00546	0.00341	0.00818	0.00818	0.01091	0.01773	0.03683	0.02046	0.80222	0.02864	0.00546	0.00546	0.00818	0.00341	0.00341
33	0.00852	0.00674	0.01071	0.00989	0.01115	0.00743	0.07068	0.01047	0.00929	0.01318	0.01514	0.02367	0.01453	0.15058	0.60249	0.00790	0.01318	0.00640	0.00306	0.00501
34	0.00923	0.14170	0.01251	0.00914	0.01079	0.00962	0.00747	0.01120	0.00945	0.01309	0.01384	0.01989	0.01291	0.03586	0.64820	0.00771	0.01354	0.00552	0.00291	0.00540
35	0.00708	0.00520	0.00666	0.00752	0.00826	0.00478	0.00525	0.00844	0.01192	0.01581	0.14431	0.55190	0.14174	0.01616	0.00705	0.00217	0.00319	0.04247	0.00537	0.00473
36	0.06114	0.00573	0.00645	0.00681	0.00770	0.00546	0.00456	0.00891	0.01059	0.02627	0.04348	0.31898	0.20504	0.24806	0.01314	0.00308	0.00390	0.01161	0.00462	0.00446
37	0.01393	0.01337	0.02284	0.03454	0.76712	0.01337	0.01727	0.01727	0.01281	0.01839	0.01059	0.01393	0.00891	0.00501	0.00557	0.00167	0.00669	0.00501	0.00279	0.00891
38	0.00742	0.00502	0.00634	0.00732	0.00770	0.00477	0.00482	0.00842	0.01049	0.01451	0.02775	0.60604	0.03241	0.13412	0.01007	0.00266	0.00353	0.01374	0.08839	0.00446
39	0.01118	0.00627	0.00742	0.00729	0.00876	0.00610	0.00537	0.05950	0.01314	0.09523	0.08244	0.29887	0.02527	0.01095	0.00559	0.00176	0.00330	0.00950	0.33635	0.00572
40	0.00818	0.00546	0.00614	0.00614	0.00614	0.00546	0.00341	0.00818	0.00818	0.01091	0.01773	0.03683	0.02046	0.80222	0.02864	0.00546	0.00546	0.00818	0.00341	0.00341
41	0.00844	0.00552	0.00699	0.00752	0.00859	0.00498	0.00529	0.00975	0.01208	0.07798	0.09913	0.51832	0.18325	0.01553	0.00690	0.00212	0.00325	0.01381	0.00545	0.00509
42	0.00742	0.00530	0.00676	0.00723	0.00790	0.00496	0.00493	0.00882	0.01215	0.01656	0.27159	0.39865	0.07011	0.13869	0.01035	0.00260	0.00339	0.01268	0.00526	0.00464
43	0.01007	0.00645	0.00902	0.00886	0.01011	0.00686	0.00681	0.01226	0.05354	0.07718	0.07745	0.07613	0.01989	0.03856	0.37316	0.12539	0.00940	0.06960	0.00401	0.00524
44	0.00723	0.00517	0.00696	0.00826	0.00876	0.00489	0.00588	0.00848	0.01114	0.01479	0.03081	0.67383	0.03640	0.01728	0.00728	0.00234	0.00359	0.13702	0.00522	0.00467
45	0.04130	0.00598	0.00778	0.00787	0.00868	0.00632	0.00555	0.01009	0.00947	0.04859	0.01917	0.18250	0.02042	0.27244	0.32208	0.00593	0.00878	0.00858	0.00379	0.00468
46	0.00954	0.00812	0.01126	0.01117	0.01166	0.00984	0.00900	0.01109	0.01062	0.01480	0.02188	0.28744	0.02471	0.01412	0.01155	0.00244	0.29654	0.22468	0.00419	0.00534
47	0.01175	0.01028	0.01235	0.00912	0.01351	0.00869	0.00736	0.01409	0.01130	0.01775	0.00968	0.01175	0.00822	0.00486	0.00591	0.00103	0.10003	0.00353	0.00323	0.73557
48	0.01281	0.01374	0.07241	0.06066	0.30020	0.01246	0.29135	0.01629	0.01227	0.01726	0.01105	0.01492	0.00889	0.00649	0.00755	0.08583	0.00755	0.00557	0.03526	0.00746
49	0.00881	0.00663	0.00803	0.00817	0.00930	0.00674	0.00587	0.01291	0.14655	0.01796	0.23563	0.27590	0.03516	0.13788	0.01019	0.00259	0.00378	0.05718	0.00530	0.00542
50	0.01233	0.01201	0.02056	0.35178	0.24682	0.01342	0.11588	0.01691	0.07120	0.01673	0.01122	0.01502	0.00882	0.00576	0.00658	0.00186	0.05747	0.00533	0.00289	0.00742
51	0.84197	0.01088	0.00827	0.00740	0.01088	0.01262	0.00609	0.01654	0.00958	0.02525	0.00784	0.00914	0.00609	0.00522	0.00348	0.00174	0.00435	0.00305	0.00348	0.00609
52	0.02525	0.00958	0.01306	0.01001	0.01437	0.00827	0.00827	0.02743	0.01611	0.77102	0.02220	0.01915	0.01393	0.00697	0.00566	0.00174	0.00479	0.00566	0.00697	0.00958
53	0.01080	0.02566	0.65994	0.01472	0.02200	0.01192	0.01850	0.01676	0.01248	0.01852	0.12152	0.01634	0.01392	0.00626	0.00554	0.00178	0.00748	0.00505	0.00294	0.00787
54	0.01094	0.00809	0.00966	0.00941	0.01132	0.00856	0.00723	0.01777	0.27355	0.06304	0.16333	0.20964	0.04048	0.01310	0.03871	0.00234	0.00437	0.09626	0.00558	0.00661
55	0.00740	0.00561	0.00682	0.00676	0.00812	0.00503	0.00498	0.00944	0.01423	0.01912	0.44091	0.15459	0.27001	0.01323	0.00672	0.00188	0.00280	0.01154	0.00576	0.00503
56	0.00806	0.00593	0.00855	0.00855	0.00939	0.00677	0.00642	0.00973	0.00890	0.01270	0.01552	0.02461	0.01515	0.17116	0.65245	0.00844	0.01344	0.00640	0.00308	0.00475
57	0.01908	0.02299	0.01589	0.05996	0.06599	0.59570	0.01118	0.05965	0.01571	0.01530	0.01059	0.06148	0.00942	0.00655	0.00530	0.00156	0.00912	0.00466	0.00316	0.00670
58	0.01032	0.00961	0.01121	0.01020	0.01158	0.11803	0.08071	0.01182	0.01070	0.01357	0.04600	0.12669	0.01900	0.25558	0.23475	0.00499	0.00890	0.00786	0.00351	0.00497
59	0.00731	0.00550	0.00641	0.00658	0.00785	0.00492	0.00474	0.00898	0.01301	0.01720	0.25187	0.21692	0.32989	0.04840	0.00761	0.00208	0.00299	0.01187	0.04102	0.00483
60	0.00721	0.00568	0.00624	0.00612	0.00760	0.00500	0.00442	0.00875	0.01297	0.01650	0.23513	0.04852	0.47280	0.12688	0.00981	0.00238	0.00317	0.01090	0.00522	0.00470
61	0.01211	0.00968	0.01478	0.49951	0.02851	0.01156	0.01247	0.05668	0.01183	0.07532	0.01232	0.01878	0.01033	0.14123	0.01036	0.00250	0.05703	0.00559	0.00319	0.00622
62	0.01167	0.01000	0.01167	0.00834	0.01334	0.00750	0.00667	0.01417	0.01167	0.01834	0.01000	0.01167	0.00834	0.00417	0.00417	0.00083	0.00417	0.00333	0.00333	0.83663
63	0.00757	0.00614	0.00736	0.00740	0.00846	0.00609	0.00540	0.00889	0.01186	0.01539	0.13171	0.24806	0.33967	0.07972	0.00981	0.00234	0.08264	0.01177	0.00492	0.00480
64	0.00686	0.00490	0.00653	0.00784	0.00816	0.00457	0.00522	0.00784	0.01077	0.01437	0.03102	0.79855	0.03722	0.01763	0.00718	0.00229	0.00326	0.01600	0.00522	0.00457
65	0.00818	0.07004	0.01038	0.00881	0.01017	0.00740	0.04859	0.00957	0.01135	0.01464	0.03300	0.45448	0.21266	0.01452	0.00746	0.00209	0.05418	0.01269	0.00469	0.00510
66	0.01290	0.01523	0.11372	0.14937	0.34495	0.01345	0.23316	0.01710	0.01259	0.01757	0.01067	0.01423	0.00837	0.00507	0.00587	0.00178	0.00784	0.00539	0.00271	0.00803
67	0.01018	0.00913	0.01335	0.01182	0.01246	0.01162	0.04343	0.01169	0.00893	0.01320	0.01192	0.01961	0.01180	0.13560	0.30198	0.00531	0.35387	0.00588	0.00282	0.00541
68	0.01167	0.02645	0.63180	0.01751	0.02532	0.01329	0.15939	0.01786	0.01215	0.01786	0.01034	0.01251	0.00740	0.00523	0.00559	0.00180	0.00854	0.00463	0.00247	0.00818
69	0.01458	0.06066	0.05187	0.07256	0.42969	0.06368	0.07986	0.07558	0.01367	0.01855	0.01035	0.01336	0.00848	0.00553	0.00634	0.00172	0.05741	0.00492	0.00295	0.00824
70	0.01319	0.01114	0.01511	0.16419	0.17036	0.01201	0.01152	0.07714	0.22440	0.04000	0.01747	0.06947	0.02528	0.00750	0.00575	0.00180	0.00555	0.04479	0.00427	0.07906
71	0.00667	0.00561	0.00579	0.00594	0.00766	0.00473	0.00438	0.00805	0.01260	0.01511	0.05413	0.13660	0.68425	0.01463	0.00671	0.00194	0.00290	0.01233	0.00523	0.00473
72	0.01496	0.76863	0.02966	0.01029	0.01514	0.02189	0.04411	0.01691	0.01152	0.01346	0.00799	0.00932	0.00728	0.00481	0.00375	0.00124	0.00618	0.00318	0.00243	0.00724
73	0.17163	0.27394	0.02029	0.01394	0.11144	0.11826	0.04448	0.08609	0.01366	0.06231	0.01110	0.01229	0.02760	0.00560	0.00456	0.00152	0.00637	0.00410	0.00338	0.00744

[dist]
# distance from previous block
# <min> <max>
0	4

[block]
# block no. 3 follows, 42 sequences, length 14
# corresponding to MSA columns:
# 283-296
name=unknown_D
#
# <colnr> <probs for GDERKNQSTAVLIFYWHMCP>
#	G	D	E	R	K	N	Q	S	T	A	V	L	I	F	Y	W	H	M	C	P
0	0.00718	0.00556	0.00655	0.00665	0.00802	0.00492	0.00485	0.00898	0.01357	0.01778	0.31555	0.19999	0.35237	0.01391	0.00675	0.00193	0.00286	0.01208	0.00559	0.00492
1	0.04467	0.13827	0.23565	0.01226	0.01720	0.01411	0.01247	0.20286	0.05156	0.06561	0.01513	0.08508	0.01309	0.00765	0.00546	0.00178	0.00622	0.05886	0.00413	0.00793
2	0.01563	0.14315	0.09521	0.01956	0.16648	0.01565	0.20625	0.16513	0.05084	0.05033	0.01193	0.01373	0.00909	0.00549	0.00554	0.00168	0.00719	0.00514	0.00357	0.00839
3	0.01390	0.01022	0.01360	0.01526	0.18432	0.01056	0.00970	0.02119	0.26968	0.13030	0.23049	0.02509	0.02503	0.00804	0.00594	0.00179	0.00450	0.00704	0.00537	0.00798
4	0.19678	0.00980	0.01106	0.00943	0.01274	0.00993	0.00779	0.13601	0.01561	0.26234	0.07691	0.02721	0.07381	0.00876	0.00565	0.00188	0.00468	0.11663	0.00553	0.00746
5	0.07859	0.16350	0.01664	0.01147	0.01482	0.16527	0.00941	0.07692	0.21474	0.08281	0.04306	0.01520	0.01236	0.00676	0.00600	0.00168	0.06401	0.00483	0.00426	0.00768
6	0.01700	0.01724	0.14828	0.01575	0.08903	0.09561	0.07779	0.21528	0.07746	0.10780	0.07018	0.01644	0.01313	0.00652	0.00569	0.00173	0.00676	0.00545	0.00446	0.00841
7	0.01553	0.00876	0.01155	0.01008	0.01235	0.00913	0.00807	0.01840	0.06892	0.30196	0.09232	0.13898	0.07755	0.01052	0.00846	0.00202	0.14515	0.04758	0.00551	0.00719
8	0.01212	0.00729	0.01018	0.07823	0.06811	0.00706	0.00769	0.01381	0.01207	0.17868	0.02542	0.24996	0.07903	0.14137	0.01013	0.00261	0.00473	0.08061	0.00488	0.00601
9	0.07554	0.01428	0.13378	0.01442	0.12992	0.04920	0.01108	0.10952	0.11083	0.06434	0.02219	0.08925	0.13530	0.00840	0.00570	0.00181	0.00556	0.00696	0.00437	0.00755
10	0.14409	0.01335	0.06340	0.05721	0.14278	0.05280	0.23067	0.01608	0.01277	0.01927	0.13180	0.01825	0.01549	0.00814	0.04808	0.00217	0.00728	0.00595	0.00344	0.00698
11	0.01036	0.00627	0.00831	0.00806	0.00953	0.00620	0.00601	0.01189	0.01108	0.13548	0.02698	0.16971	0.15457	0.11032	0.29324	0.00496	0.00802	0.00907	0.00449	0.00545
12	0.19630	0.01382	0.02043	0.01554	0.02003	0.01456	0.28765	0.18367	0.14857	0.02450	0.01315	0.01453	0.00978	0.00582	0.00556	0.00182	0.00673	0.00545	0.00413	0.00794
13	0.15944	0.01050	0.01693	0.13825	0.02001	0.01129	0.20928	0.01425	0.01206	0.01862	0.13760	0.07872	0.05558	0.00803	0.00712	0.00193	0.08335	0.00711	0.00372	0.00622

[dist]
# distance from previous block
# <min> <max>
0	5

[block]
# block no. 4 follows, 42 sequences, length 8
# corresponding to MSA columns:
# 302-309
name=unknown_E
#
# <colnr> <probs for GDERKNQSTAVLIFYWHMCP>
#	G	D	E	R	K	N	Q	S	T	A	V	L	I	F	Y	W	H	M	C	P
0	0.17575	0.00987	0.01338	0.07324	0.18802	0.01064	0.01006	0.01539	0.01163	0.11562	0.01804	0.17216	0.06009	0.00895	0.00696	0.00193	0.09009	0.00730	0.00404	0.00683
1	0.00931	0.00595	0.00769	0.00800	0.00925	0.00553	0.00587	0.01134	0.03346	0.09388	0.17734	0.41320	0.11029	0.01454	0.00687	0.00210	0.00345	0.07089	0.00560	0.00542
2	0.01385	0.01466	0.02097	0.11631	0.20344	0.13341	0.19522	0.01838	0.09341	0.01712	0.01326	0.07746	0.01149	0.00664	0.00643	0.00182	0.03920	0.00622	0.00328	0.00742
3	0.01577	0.26870	0.30948	0.01301	0.01894	0.07234	0.01407	0.13989	0.01474	0.06828	0.01064	0.01161	0.00802	0.00555	0.00485	0.00156	0.00715	0.00401	0.00326	0.00813
4	0.40148	0.01075	0.01271	0.08696	0.15063	0.01246	0.00964	0.01511	0.01007	0.01977	0.00963	0.01376	0.00842	0.06750	0.05179	0.00252	0.10293	0.00437	0.00311	0.00637
5	0.01283	0.00848	0.01097	0.01150	0.09284	0.00820	0.00801	0.11203	0.01532	0.13810	0.12816	0.13943	0.18210	0.01135	0.00645	0.00194	0.00433	0.09584	0.00541	0.00671
6	0.01433	0.01463	0.16112	0.21544	0.07866	0.05140	0.01341	0.05624	0.07165	0.13814	0.01582	0.07514	0.01303	0.00742	0.00579	0.00186	0.00655	0.04778	0.00400	0.00759
7	0.01313	0.01375	0.01846	0.27853	0.21963	0.15088	0.08283	0.01609	0.01264	0.01565	0.01278	0.11557	0.01178	0.00697	0.00581	0.00180	0.00741	0.00634	0.00303	0.00690

[dist]
# distance from previous block
# <min> <max>
0	51

# created by:
# /home/cegg/simao/soft/augustus-3.2.1/scripts/msa2prfl.pl ./align_prep/24264.fa
