[name]
unknown

[dist]
# distance from previous block
# <min> <max>
0	53

[block]
# block no. 0 follows, 47 sequences, length 39
# corresponding to MSA columns:
# 53-91
name=unknown_A
#
# <colnr> <probs for GDERKNQSTAVLIFYWHMCP>
#	G	D	E	R	K	N	Q	S	T	A	V	L	I	F	Y	W	H	M	C	P
0	0.00839	0.00599	0.00839	0.00959	0.01079	0.00599	0.00839	0.01079	0.01199	0.01558	0.02757	0.05874	0.02997	0.01439	0.00719	0.00240	0.00480	0.74945	0.00480	0.00480
1	0.85377	0.01007	0.00765	0.00685	0.01007	0.01168	0.00564	0.01531	0.00886	0.02336	0.00725	0.00846	0.00564	0.00483	0.00322	0.00161	0.00403	0.00282	0.00322	0.00564
2	0.00615	0.00528	0.00528	0.00528	0.00703	0.00440	0.00396	0.00747	0.01187	0.01407	0.05276	0.05012	0.78238	0.01319	0.00615	0.00176	0.00264	0.01099	0.00484	0.00440
3	0.01936	0.01417	0.01516	0.01167	0.01571	0.01566	0.00963	0.73454	0.02390	0.03224	0.01270	0.01280	0.00905	0.00624	0.00514	0.00155	0.00559	0.00470	0.04150	0.00868
4	0.00983	0.00926	0.01562	0.80447	0.03587	0.01157	0.01446	0.01331	0.01041	0.01331	0.00926	0.01388	0.00694	0.00521	0.00521	0.00174	0.00694	0.00463	0.00231	0.00579
5	0.01392	0.82012	0.02729	0.00891	0.01337	0.02061	0.00891	0.01559	0.01058	0.01225	0.00724	0.00835	0.00668	0.00446	0.00334	0.00111	0.00557	0.00278	0.00223	0.00668
6	0.34542	0.01170	0.01249	0.17603	0.01789	0.01343	0.00918	0.31374	0.01540	0.02502	0.00976	0.01120	0.00719	0.00548	0.00443	0.00162	0.00532	0.00394	0.00382	0.00695
7	0.00983	0.00926	0.01562	0.80447	0.03587	0.01157	0.01446	0.01331	0.01041	0.01331	0.00926	0.01388	0.00694	0.00521	0.00521	0.00174	0.00694	0.00463	0.00231	0.00579
8	0.01139	0.01139	0.01595	0.01367	0.01367	0.01595	0.01139	0.01253	0.00798	0.01253	0.00684	0.01139	0.00684	0.00911	0.01709	0.00228	0.80745	0.00456	0.00228	0.00570
9	0.01289	0.01237	0.02114	0.03196	0.78450	0.01237	0.01598	0.01598	0.01186	0.01701	0.00980	0.01289	0.00825	0.00464	0.00516	0.00155	0.00619	0.00464	0.00258	0.00825
10	0.00899	0.00812	0.01197	0.22413	0.01725	0.01017	0.00964	0.01067	0.00942	0.01304	0.01608	0.32728	0.01771	0.01089	0.00979	0.00207	0.27575	0.00860	0.00329	0.00514
11	0.00983	0.00926	0.01562	0.80447	0.03587	0.01157	0.01446	0.01331	0.01041	0.01331	0.00926	0.01388	0.00694	0.00521	0.00521	0.00174	0.00694	0.00463	0.00231	0.00579
12	0.01069	0.00691	0.01006	0.11832	0.08726	0.00688	0.00782	0.03033	0.01141	0.14688	0.02246	0.47239	0.02388	0.01175	0.00603	0.00191	0.00416	0.01056	0.00456	0.00573
13	0.01295	0.01119	0.01178	0.01060	0.01354	0.01295	0.00824	0.02767	0.77509	0.02178	0.02120	0.01943	0.01590	0.00707	0.00530	0.00177	0.00412	0.00589	0.00530	0.00824
14	0.85377	0.01007	0.00765	0.00685	0.01007	0.01168	0.00564	0.01531	0.00886	0.02336	0.00725	0.00846	0.00564	0.00483	0.00322	0.00161	0.00403	0.00282	0.00322	0.00564
15	0.85377	0.01007	0.00765	0.00685	0.01007	0.01168	0.00564	0.01531	0.00886	0.02336	0.00725	0.00846	0.00564	0.00483	0.00322	0.00161	0.00403	0.00282	0.00322	0.00564
16	0.01117	0.01062	0.01803	0.46756	0.36236	0.01192	0.01513	0.01447	0.01104	0.01492	0.00949	0.01345	0.00751	0.00496	0.00518	0.00165	0.00661	0.00463	0.00243	0.00686
17	0.00997	0.00847	0.01316	0.09192	0.31537	0.00873	0.01007	0.01190	0.01011	0.01389	0.01440	0.02626	0.01469	0.28472	0.05028	0.00319	0.00607	0.09810	0.00304	0.00568
18	0.01216	0.01046	0.01492	0.01731	0.31580	0.00911	0.01009	0.01477	0.01139	0.05028	0.00996	0.01192	0.00815	0.00428	0.00443	0.00111	0.00480	0.00379	0.00303	0.48226
19	0.00652	0.00529	0.00579	0.00566	0.00726	0.00455	0.00425	0.00819	0.01274	0.01613	0.27319	0.04673	0.56067	0.01242	0.00615	0.00172	0.00258	0.01052	0.00511	0.00455
20	0.01116	0.01091	0.01504	0.01297	0.01321	0.01495	0.01073	0.01310	0.04769	0.01365	0.06730	0.01392	0.01056	0.00913	0.01564	0.00220	0.70436	0.00500	0.00270	0.00577
21	0.01202	0.01193	0.02198	0.02593	0.47532	0.01164	0.22206	0.01539	0.01235	0.01742	0.10895	0.01654	0.01339	0.00534	0.00556	0.00162	0.00643	0.00567	0.00300	0.00748
22	0.01317	0.01301	0.02049	0.02991	0.69850	0.05622	0.01540	0.01606	0.01180	0.01652	0.00953	0.01261	0.00808	0.00493	0.00580	0.00158	0.05127	0.00456	0.00257	0.00798
23	0.01289	0.01237	0.02114	0.03196	0.78450	0.01237	0.01598	0.01598	0.01186	0.01701	0.00980	0.01289	0.00825	0.00464	0.00516	0.00155	0.00619	0.00464	0.00258	0.00825
24	0.00983	0.00926	0.01562	0.80447	0.03587	0.01157	0.01446	0.01331	0.01041	0.01331	0.00926	0.01388	0.00694	0.00521	0.00521	0.00174	0.00694	0.00463	0.00231	0.00579
25	0.01289	0.01237	0.02114	0.03196	0.78450	0.01237	0.01598	0.01598	0.01186	0.01701	0.00980	0.01289	0.00825	0.00464	0.00516	0.00155	0.00619	0.00464	0.00258	0.00825
26	0.00789	0.00614	0.00882	0.00858	0.00927	0.00734	0.00658	0.00941	0.00822	0.01186	0.01351	0.02136	0.01317	0.14418	0.60376	0.00724	0.09958	0.00575	0.00278	0.00456
27	0.01045	0.02694	0.79000	0.01484	0.02254	0.01209	0.01924	0.01649	0.01099	0.01649	0.00935	0.01099	0.00660	0.00495	0.00495	0.00165	0.00770	0.00385	0.00220	0.00770
28	0.00661	0.00472	0.00634	0.00755	0.00797	0.00446	0.00529	0.00770	0.01023	0.01359	0.02856	0.71725	0.03387	0.01607	0.00672	0.00215	0.00325	0.10856	0.00483	0.00430
29	0.76098	0.00994	0.00815	0.00712	0.01043	0.01123	0.00586	0.01643	0.00954	0.10882	0.00874	0.00950	0.00645	0.00501	0.00345	0.00161	0.00407	0.00309	0.00358	0.00600
30	0.00983	0.00926	0.01562	0.80447	0.03587	0.01157	0.01446	0.01331	0.01041	0.01331	0.00926	0.01388	0.00694	0.00521	0.00521	0.00174	0.00694	0.00463	0.00231	0.00579
31	0.01080	0.00926	0.01080	0.00771	0.01234	0.00694	0.00617	0.01311	0.01080	0.01697	0.00926	0.01080	0.00771	0.00386	0.00386	0.00077	0.00386	0.00309	0.00309	0.84882
32	0.01618	0.00947	0.01161	0.00859	0.01296	0.00784	0.00699	0.06903	0.01329	0.31046	0.01376	0.01354	0.00975	0.00500	0.00447	0.00114	0.00420	0.00401	0.00450	0.47320
33	0.02086	0.01288	0.01457	0.01117	0.01530	0.01361	0.00923	0.54556	0.02162	0.25844	0.01491	0.01406	0.01006	0.00631	0.00522	0.00158	0.00534	0.00485	0.00558	0.00886
34	0.01658	0.02001	0.01304	0.01223	0.01454	0.59633	0.00938	0.01820	0.01426	0.01385	0.06863	0.02040	0.01400	0.00737	0.00525	0.00155	0.00806	0.13731	0.00329	0.00573
35	0.01295	0.01119	0.01178	0.01060	0.01354	0.01295	0.00824	0.02767	0.77509	0.02178	0.02120	0.01943	0.01590	0.00707	0.00530	0.00177	0.00412	0.00589	0.00530	0.00824
36	0.01289	0.01237	0.02114	0.03196	0.78450	0.01237	0.01598	0.01598	0.01186	0.01701	0.00980	0.01289	0.00825	0.00464	0.00516	0.00155	0.00619	0.00464	0.00258	0.00825
37	0.00634	0.00453	0.00604	0.00725	0.00755	0.00423	0.00483	0.00725	0.00997	0.01329	0.02870	0.81358	0.03444	0.01632	0.00665	0.00211	0.00302	0.01480	0.00483	0.00423
38	0.85377	0.01007	0.00765	0.00685	0.01007	0.01168	0.00564	0.01531	0.00886	0.02336	0.00725	0.00846	0.00564	0.00483	0.00322	0.00161	0.00403	0.00282	0.00322	0.00564

[dist]
# distance from previous block
# <min> <max>
0	1

[block]
# block no. 1 follows, 47 sequences, length 92
# corresponding to MSA columns:
# 93-184
name=unknown_B
#
# <colnr> <probs for GDERKNQSTAVLIFYWHMCP>
#	G	D	E	R	K	N	Q	S	T	A	V	L	I	F	Y	W	H	M	C	P
0	0.11016	0.01273	0.01349	0.01060	0.01450	0.01377	0.00866	0.47737	0.10560	0.05813	0.02891	0.01342	0.01017	0.00604	0.00488	0.00151	0.00505	0.00457	0.00484	0.09560
1	0.01207	0.01089	0.01690	0.36411	0.28146	0.01180	0.01349	0.09751	0.01250	0.01714	0.00980	0.01303	0.00768	0.00497	0.00503	0.00154	0.00619	0.00446	0.00281	0.10664
2	0.00975	0.00963	0.01815	0.34409	0.02581	0.01023	0.25894	0.01287	0.01092	0.01441	0.01463	0.21770	0.01426	0.00777	0.00588	0.00184	0.00655	0.00772	0.00306	0.00580
3	0.00787	0.00610	0.00837	0.00924	0.09357	0.00569	0.00605	0.01028	0.01415	0.01981	0.62727	0.03709	0.11417	0.01022	0.00603	0.00164	0.00289	0.00904	0.00530	0.00523
4	0.01145	0.01055	0.01573	0.45689	0.02639	0.01352	0.01295	0.09638	0.01117	0.01521	0.00882	0.01291	0.00712	0.00661	0.00911	0.00189	0.26998	0.00461	0.00262	0.00610
5	0.00923	0.00785	0.01103	0.01304	0.20642	0.00711	0.00782	0.01164	0.01281	0.01808	0.32451	0.02878	0.14720	0.00824	0.00546	0.00147	0.00370	0.00726	0.00429	0.16405
6	0.00724	0.00532	0.00677	0.00641	0.00770	0.00486	0.00481	0.00957	0.01442	0.02013	0.70117	0.04014	0.13019	0.01093	0.00614	0.00165	0.00248	0.00959	0.00563	0.00486
7	0.00983	0.00926	0.01562	0.80447	0.03587	0.01157	0.01446	0.01331	0.01041	0.01331	0.00926	0.01388	0.00694	0.00521	0.00521	0.00174	0.00694	0.00463	0.00231	0.00579
8	0.28755	0.00727	0.00654	0.00614	0.00821	0.00799	0.00481	0.01490	0.09472	0.02098	0.01425	0.01582	0.01110	0.00577	0.00369	0.00141	0.00314	0.00430	0.47594	0.00549
9	0.00983	0.00926	0.01562	0.80447	0.03587	0.01157	0.01446	0.01331	0.01041	0.01331	0.00926	0.01388	0.00694	0.00521	0.00521	0.00174	0.00694	0.00463	0.00231	0.00579
10	0.85377	0.01007	0.00765	0.00685	0.01007	0.01168	0.00564	0.01531	0.00886	0.02336	0.00725	0.00846	0.00564	0.00483	0.00322	0.00161	0.00403	0.00282	0.00322	0.00564
11	0.48470	0.00985	0.01108	0.22548	0.06141	0.01125	0.00885	0.01591	0.01012	0.10480	0.00941	0.01121	0.00694	0.00510	0.00409	0.00164	0.00499	0.00368	0.00330	0.00618
12	0.01945	0.02482	0.01476	0.01342	0.01610	0.79608	0.01006	0.02079	0.01476	0.01275	0.00805	0.00939	0.00671	0.00537	0.00470	0.00134	0.00939	0.00335	0.00268	0.00604
13	0.00779	0.00613	0.00884	0.01048	0.10031	0.00621	0.00699	0.00965	0.01068	0.01455	0.10788	0.20414	0.11697	0.02086	0.25473	0.00395	0.00693	0.09392	0.00402	0.00500
14	0.01289	0.01237	0.02114	0.03196	0.78450	0.01237	0.01598	0.01598	0.01186	0.01701	0.00980	0.01289	0.00825	0.00464	0.00516	0.00155	0.00619	0.00464	0.00258	0.00825
15	0.00822	0.00644	0.00871	0.00829	0.00869	0.00767	0.00610	0.00922	0.00799	0.01139	0.01360	0.02410	0.01419	0.33651	0.35357	0.00596	0.15608	0.00617	0.00284	0.00426
16	0.00983	0.00926	0.01562	0.80447	0.03587	0.01157	0.01446	0.01331	0.01041	0.01331	0.00926	0.01388	0.00694	0.00521	0.00521	0.00174	0.00694	0.00463	0.00231	0.00579
17	0.02336	0.00886	0.01209	0.00927	0.01329	0.00765	0.00765	0.02538	0.01491	0.78810	0.02055	0.01773	0.01289	0.00645	0.00524	0.00161	0.00443	0.00524	0.00645	0.00886
18	0.00627	0.00483	0.00573	0.00646	0.00734	0.00430	0.00448	0.00734	0.01073	0.01360	0.03836	0.50690	0.33489	0.01506	0.00645	0.00197	0.00287	0.01327	0.00483	0.00430
19	0.01099	0.01043	0.01770	0.51260	0.31871	0.01187	0.01504	0.01432	0.01096	0.01471	0.00946	0.01351	0.00744	0.00499	0.00519	0.00166	0.00666	0.00463	0.00241	0.00672
20	0.00646	0.00462	0.00614	0.00717	0.00758	0.00431	0.00484	0.00754	0.01050	0.01413	0.11195	0.72795	0.03607	0.01569	0.00659	0.00206	0.00296	0.01421	0.00493	0.00431
21	0.01354	0.73244	0.11160	0.00957	0.01438	0.01967	0.01005	0.01569	0.01063	0.01272	0.00747	0.00865	0.00667	0.00451	0.00352	0.00117	0.00580	0.00290	0.00222	0.00680
22	0.01891	0.01332	0.01451	0.01142	0.01534	0.01461	0.00934	0.54637	0.16429	0.11424	0.01502	0.01438	0.01062	0.00643	0.00523	0.00161	0.00528	0.00497	0.00536	0.00874
23	0.85377	0.01007	0.00765	0.00685	0.01007	0.01168	0.00564	0.01531	0.00886	0.02336	0.00725	0.00846	0.00564	0.00483	0.00322	0.00161	0.00403	0.00282	0.00322	0.00564
24	0.01957	0.02146	0.01504	0.01294	0.01612	0.53967	0.01001	0.26616	0.01796	0.01934	0.00951	0.01041	0.00741	0.00566	0.00486	0.00141	0.00819	0.00379	0.00351	0.00696
25	0.00754	0.00520	0.00645	0.00645	0.00671	0.00547	0.00411	0.00807	0.00780	0.01067	0.01571	0.03020	0.01725	0.59522	0.24597	0.00600	0.00759	0.00700	0.00305	0.00358
26	0.01924	0.01360	0.01467	0.01133	0.01527	0.01491	0.00933	0.67567	0.02303	0.06890	0.01322	0.01326	0.00938	0.00625	0.00510	0.00154	0.00543	0.00473	0.06660	0.00856
27	0.00905	0.00452	0.00678	0.00678	0.00678	0.00452	0.00452	0.00678	0.00678	0.00905	0.00905	0.01583	0.00905	0.01809	0.02035	0.84848	0.00452	0.00452	0.00226	0.00226
28	0.28405	0.01046	0.01094	0.00852	0.01251	0.01033	0.00697	0.15897	0.01351	0.15971	0.01125	0.01161	0.00819	0.00509	0.00416	0.00134	0.00437	0.00369	0.00413	0.27021
29	0.01855	0.01272	0.01400	0.01116	0.01497	0.01387	0.00908	0.44425	0.22472	0.15615	0.01619	0.01524	0.01142	0.00650	0.00524	0.00163	0.00508	0.00510	0.00544	0.00869
30	0.01059	0.01237	0.10558	0.01670	0.08672	0.01031	0.36601	0.01360	0.01056	0.01453	0.01227	0.02019	0.01141	0.27162	0.01262	0.00281	0.00720	0.00623	0.00275	0.00593
31	0.41676	0.01291	0.01231	0.05211	0.15808	0.14864	0.00901	0.01741	0.01120	0.10436	0.00944	0.01074	0.00718	0.00509	0.00416	0.00156	0.00556	0.00361	0.00332	0.00656
32	0.00694	0.00534	0.00637	0.00620	0.00763	0.00476	0.00471	0.00895	0.01348	0.01795	0.45831	0.04428	0.33631	0.01183	0.00620	0.00172	0.00264	0.04634	0.00533	0.00470
33	0.01922	0.01158	0.01315	0.01036	0.01408	0.01218	0.00847	0.38850	0.10597	0.26190	0.01636	0.01551	0.01129	0.00639	0.00509	0.00157	0.00486	0.00501	0.08009	0.00843
34	0.01096	0.01020	0.01701	0.36711	0.37080	0.01121	0.01390	0.01388	0.01075	0.01463	0.01029	0.01567	0.00886	0.09469	0.00754	0.00202	0.00639	0.00496	0.00253	0.00661
35	0.01172	0.01137	0.01633	0.02315	0.49197	0.07576	0.01250	0.01425	0.01202	0.01592	0.01824	0.06199	0.11336	0.00751	0.00555	0.00168	0.00568	0.09078	0.00325	0.00697
36	0.01484	0.01077	0.01183	0.01036	0.01350	0.01199	0.00814	0.02726	0.63718	0.16081	0.02108	0.01912	0.01535	0.00695	0.00529	0.00174	0.00418	0.00577	0.00551	0.00836
37	0.01017	0.00960	0.01623	0.71907	0.11862	0.01166	0.01463	0.01360	0.01057	0.01372	0.00932	0.01377	0.00709	0.00514	0.00520	0.00171	0.00686	0.00463	0.00234	0.00606
38	0.00624	0.00519	0.00546	0.00557	0.00713	0.00441	0.00411	0.00758	0.01181	0.01436	0.09019	0.13708	0.65616	0.01341	0.00621	0.00179	0.00267	0.01134	0.00489	0.00441
39	0.00717	0.00558	0.00680	0.00729	0.00855	0.00536	0.00563	0.00934	0.04851	0.01438	0.03574	0.22667	0.31883	0.01675	0.09381	0.00271	0.00452	0.17309	0.00462	0.00466
40	0.07719	0.44738	0.11296	0.01061	0.01512	0.11264	0.02512	0.09962	0.01267	0.03217	0.00851	0.00957	0.00699	0.00489	0.00399	0.00131	0.00623	0.00331	0.00278	0.00694
41	0.00914	0.00571	0.00753	0.00685	0.00839	0.00522	0.00522	0.01155	0.01476	0.10569	0.69760	0.03656	0.04513	0.01018	0.00604	0.00163	0.00268	0.00896	0.00581	0.00535
42	0.00737	0.00532	0.00696	0.00655	0.00778	0.00491	0.00491	0.00983	0.01474	0.02088	0.78175	0.03890	0.04914	0.01065	0.00614	0.00164	0.00246	0.00942	0.00573	0.00491
43	0.00744	0.00558	0.00837	0.00837	0.00930	0.00651	0.00651	0.00930	0.00837	0.01209	0.01395	0.02046	0.01302	0.03906	0.79635	0.00837	0.01395	0.00558	0.00279	0.00465
44	0.01856	0.02334	0.01489	0.01344	0.01583	0.70984	0.01021	0.01988	0.01401	0.01272	0.00792	0.00961	0.00672	0.00578	0.00607	0.00145	0.09761	0.00349	0.00264	0.00600
45	0.02188	0.00905	0.01203	0.00916	0.01326	0.00779	0.00755	0.04309	0.01470	0.68344	0.01909	0.01683	0.01221	0.00615	0.00508	0.00152	0.00440	0.00499	0.00604	0.10171
46	0.01980	0.01459	0.01563	0.01198	0.01615	0.01615	0.00990	0.76713	0.02448	0.03282	0.01250	0.01250	0.00886	0.00625	0.00521	0.00156	0.00573	0.00469	0.00521	0.00886
47	0.01958	0.02108	0.01508	0.01289	0.01612	0.51114	0.01000	0.29346	0.01831	0.02008	0.00968	0.01053	0.00749	0.00569	0.00488	0.00142	0.00805	0.00384	0.00361	0.00707
48	0.01945	0.02482	0.01476	0.01342	0.01610	0.79608	0.01006	0.02079	0.01476	0.01275	0.00805	0.00939	0.00671	0.00537	0.00470	0.00134	0.00939	0.00335	0.00268	0.00604
49	0.01045	0.02694	0.79000	0.01484	0.02254	0.01209	0.01924	0.01649	0.01099	0.01649	0.00935	0.01099	0.00660	0.00495	0.00495	0.00165	0.00770	0.00385	0.00220	0.00770
50	0.00648	0.00459	0.00600	0.00708	0.00735	0.00432	0.00465	0.00729	0.00971	0.01294	0.02734	0.72742	0.03273	0.10482	0.00884	0.00244	0.00325	0.01401	0.00465	0.00411
51	0.00737	0.00532	0.00696	0.00655	0.00778	0.00491	0.00491	0.00983	0.01474	0.02088	0.78175	0.03890	0.04914	0.01065	0.00614	0.00164	0.00246	0.00942	0.00573	0.00491
52	0.00983	0.00926	0.01562	0.80447	0.03587	0.01157	0.01446	0.01331	0.01041	0.01331	0.00926	0.01388	0.00694	0.00521	0.00521	0.00174	0.00694	0.00463	0.00231	0.00579
53	0.01295	0.01119	0.01178	0.01060	0.01354	0.01295	0.00824	0.02767	0.77509	0.02178	0.02120	0.01943	0.01590	0.00707	0.00530	0.00177	0.00412	0.00589	0.00530	0.00824
54	0.01517	0.01670	0.01892	0.02552	0.51766	0.28453	0.01393	0.01765	0.01286	0.01553	0.00919	0.01167	0.00771	0.00489	0.00500	0.00148	0.00730	0.00419	0.00261	0.00748
55	0.01295	0.01119	0.01178	0.01060	0.01354	0.01295	0.00824	0.02767	0.77509	0.02178	0.02120	0.01943	0.01590	0.00707	0.00530	0.00177	0.00412	0.00589	0.00530	0.00824
56	0.00645	0.00466	0.00610	0.00706	0.00755	0.00431	0.00479	0.00755	0.01061	0.01418	0.11332	0.68430	0.07883	0.01551	0.00656	0.00204	0.00294	0.01399	0.00493	0.00431
57	0.00799	0.00597	0.00749	0.00700	0.00842	0.00580	0.00528	0.01180	0.09879	0.02098	0.69768	0.03675	0.04546	0.01025	0.00605	0.00165	0.00264	0.00903	0.00568	0.00528
58	0.01289	0.01237	0.02114	0.03196	0.78450	0.01237	0.01598	0.01598	0.01186	0.01701	0.00980	0.01289	0.00825	0.00464	0.00516	0.00155	0.00619	0.00464	0.00258	0.00825
59	0.01945	0.02482	0.01476	0.01342	0.01610	0.79608	0.01006	0.02079	0.01476	0.01275	0.00805	0.00939	0.00671	0.00537	0.00470	0.00134	0.00939	0.00335	0.00268	0.00604
60	0.01473	0.00834	0.00927	0.00788	0.01045	0.00863	0.00626	0.14534	0.13600	0.17938	0.01763	0.01790	0.01290	0.00634	0.00450	0.00144	0.00367	0.00507	0.39740	0.00689
61	0.00616	0.00524	0.00531	0.00537	0.00706	0.00439	0.00400	0.00746	0.01178	0.01403	0.05160	0.08675	0.74649	0.01334	0.00618	0.00178	0.00266	0.01117	0.00484	0.00439
62	0.00727	0.00532	0.00682	0.00644	0.00772	0.00487	0.00483	0.00962	0.01449	0.02029	0.71879	0.03987	0.11246	0.01087	0.00614	0.00165	0.00247	0.00955	0.00566	0.00487
63	0.01211	0.00825	0.00997	0.00899	0.01097	0.00875	0.00693	0.09876	0.16435	0.12800	0.17546	0.21736	0.04884	0.01022	0.00667	0.00182	0.06229	0.00862	0.00519	0.00644
64	0.00619	0.00528	0.00533	0.00531	0.00706	0.00441	0.00399	0.00755	0.01196	0.01428	0.07518	0.04977	0.75983	0.01311	0.00615	0.00175	0.00263	0.01094	0.00486	0.00441
65	0.01392	0.82012	0.02729	0.00891	0.01337	0.02061	0.00891	0.01559	0.01058	0.01225	0.00724	0.00835	0.00668	0.00446	0.00334	0.00111	0.00557	0.00278	0.00223	0.00668
66	0.02144	0.01077	0.01317	0.01007	0.01418	0.01040	0.00830	0.26850	0.01781	0.49357	0.01722	0.01559	0.01125	0.00623	0.00515	0.00155	0.00482	0.00493	0.00584	0.05922
67	0.01295	0.01114	0.01316	0.01154	0.01357	0.01368	0.00925	0.02258	0.48560	0.05634	0.01644	0.01670	0.01277	0.00771	0.00917	0.00193	0.26823	0.00542	0.00436	0.00744
68	0.01080	0.00926	0.01080	0.00771	0.01234	0.00694	0.00617	0.01311	0.01080	0.01697	0.00926	0.01080	0.00771	0.00386	0.00386	0.00077	0.00386	0.00309	0.00309	0.84882
69	0.00756	0.00509	0.00589	0.00589	0.00596	0.00516	0.00342	0.00771	0.00764	0.01025	0.01622	0.03301	0.01847	0.75611	0.08675	0.00531	0.00575	0.00742	0.00313	0.00327
70	0.01255	0.01161	0.01741	0.11629	0.44252	0.01247	0.01326	0.01951	0.26260	0.01814	0.01348	0.01516	0.01061	0.00550	0.00521	0.00164	0.00560	0.00505	0.00344	0.00796
71	0.01438	0.00924	0.01265	0.01058	0.01361	0.00922	0.09678	0.02060	0.26084	0.25034	0.02375	0.13094	0.08491	0.00859	0.00570	0.00178	0.00450	0.02910	0.00521	0.00729
72	0.00870	0.00467	0.00666	0.00666	0.00670	0.00471	0.00437	0.00705	0.00700	0.00938	0.01061	0.01936	0.01103	0.16402	0.05823	0.65567	0.00506	0.00513	0.00245	0.00254
73	0.00750	0.00534	0.00718	0.00718	0.00770	0.00586	0.00503	0.00854	0.00802	0.01121	0.01504	0.02648	0.01564	0.38326	0.45572	0.00690	0.01001	0.00646	0.00295	0.00399
74	0.01028	0.01529	0.27077	0.27702	0.15873	0.01109	0.05201	0.01427	0.01090	0.01517	0.01174	0.10733	0.01036	0.00630	0.00533	0.00172	0.00668	0.00565	0.00264	0.00672
75	0.01749	0.01962	0.01840	0.01493	0.01850	0.42364	0.18278	0.16033	0.06161	0.01796	0.01024	0.01164	0.00794	0.00541	0.00516	0.00150	0.00825	0.00440	0.00330	0.00692
76	0.01108	0.00990	0.01314	0.15496	0.01707	0.01183	0.04633	0.01839	0.32878	0.01643	0.01507	0.01859	0.01253	0.10218	0.06740	0.00270	0.13783	0.00562	0.00370	0.00647
77	0.00748	0.00541	0.00749	0.00749	0.00811	0.00603	0.00541	0.00873	0.00811	0.01143	0.01476	0.02494	0.01496	0.29480	0.54326	0.00728	0.01102	0.00623	0.00291	0.00416
78	0.85377	0.01007	0.00765	0.00685	0.01007	0.01168	0.00564	0.01531	0.00886	0.02336	0.00725	0.00846	0.00564	0.00483	0.00322	0.00161	0.00403	0.00282	0.00322	0.00564
79	0.00772	0.00584	0.00729	0.00721	0.00830	0.00580	0.00530	0.01057	0.07631	0.01766	0.40296	0.19877	0.08987	0.07181	0.00807	0.00206	0.02774	0.03673	0.00512	0.00490
80	0.01242	0.29286	0.27342	0.01137	0.01643	0.01518	0.01206	0.01961	0.24895	0.01670	0.01232	0.01272	0.00954	0.00542	0.00449	0.00149	0.00579	0.00411	0.00319	0.02194
81	0.00634	0.00465	0.00596	0.00696	0.00749	0.00427	0.00472	0.00735	0.01035	0.01359	0.05106	0.68914	0.13753	0.01574	0.00657	0.00205	0.00295	0.01414	0.00486	0.00427
82	0.71590	0.00984	0.00810	0.00714	0.01025	0.01120	0.00584	0.05197	0.01031	0.04383	0.07649	0.01160	0.00984	0.00546	0.00363	0.00161	0.00398	0.00356	0.00363	0.00582
83	0.01253	0.01200	0.02049	0.12331	0.69597	0.01228	0.01580	0.01567	0.01169	0.01657	0.00973	0.01301	0.00809	0.00471	0.00516	0.00157	0.00628	0.00464	0.00255	0.00796
84	0.01177	0.01058	0.01637	0.11465	0.41340	0.01067	0.01230	0.05962	0.03600	0.01791	0.09644	0.05510	0.01411	0.00602	0.00520	0.00153	0.00535	0.00553	0.00331	0.10414
85	0.01283	0.03623	0.01817	0.04370	0.53386	0.01176	0.01321	0.08022	0.03079	0.03753	0.03404	0.01776	0.09509	0.00598	0.00525	0.00157	0.00557	0.00545	0.00328	0.00770
86	0.07163	0.06082	0.10189	0.01840	0.26882	0.10443	0.06434	0.01766	0.04002	0.09540	0.01073	0.01229	0.00829	0.00493	0.00478	0.00146	0.00622	0.00421	0.00313	0.10055
87	0.33573	0.07897	0.15128	0.01084	0.05059	0.03661	0.00976	0.10647	0.03834	0.10757	0.02305	0.01153	0.00831	0.00535	0.00426	0.00157	0.00530	0.00381	0.00362	0.00705
88	0.01375	0.07062	0.07724	0.03361	0.29610	0.01262	0.16672	0.08288	0.03318	0.07109	0.01095	0.01296	0.00845	0.00487	0.00511	0.00151	0.00637	0.00470	0.00315	0.08413
89	0.03297	0.09544	0.32381	0.01427	0.08230	0.01255	0.05857	0.05668	0.11266	0.10650	0.02518	0.01344	0.00960	0.00542	0.00493	0.00158	0.00621	0.00447	0.00341	0.03002
90	0.01346	0.12695	0.43871	0.01333	0.05442	0.01213	0.01450	0.01807	0.03509	0.16586	0.01185	0.01276	0.00851	0.00690	0.04364	0.00190	0.00690	0.00416	0.00317	0.00768
91	0.04500	0.05021	0.48275	0.01248	0.01860	0.01138	0.01455	0.05826	0.03053	0.14413	0.01353	0.01404	0.04472	0.00565	0.00492	0.00160	0.00639	0.00441	0.00332	0.03354

[dist]
# distance from previous block
# <min> <max>
0	35

[block]
# block no. 2 follows, 47 sequences, length 56
# corresponding to MSA columns:
# 220-275
name=unknown_C
#
# <colnr> <probs for GDERKNQSTAVLIFYWHMCP>
#	G	D	E	R	K	N	Q	S	T	A	V	L	I	F	Y	W	H	M	C	P
0	0.00988	0.01070	0.06368	0.11350	0.08206	0.06276	0.09818	0.03570	0.02961	0.01522	0.02634	0.12216	0.26571	0.00922	0.00611	0.00175	0.02991	0.00802	0.00368	0.00579
1	0.28833	0.07751	0.03816	0.01306	0.13839	0.01118	0.07783	0.04649	0.01083	0.01857	0.01193	0.13229	0.01144	0.03140	0.00524	0.00169	0.00500	0.00551	0.00327	0.07192
2	0.16428	0.05108	0.01534	0.04191	0.33688	0.01127	0.01095	0.06328	0.01244	0.08320	0.06221	0.01772	0.01259	0.00613	0.00490	0.00161	0.00515	0.06222	0.02970	0.00713
3	0.01674	0.01505	0.12118	0.01126	0.01520	0.11178	0.01005	0.27275	0.07838	0.15486	0.09140	0.01779	0.02926	0.00682	0.00528	0.00160	0.00571	0.02245	0.00472	0.00771
4	0.04253	0.01286	0.01660	0.05465	0.37955	0.11091	0.01193	0.04008	0.01261	0.10362	0.01066	0.01249	0.00835	0.00488	0.00481	0.00140	0.00593	0.00420	0.00321	0.15874
5	0.01064	0.01048	0.01774	0.01673	0.15416	0.03298	0.25081	0.01405	0.05542	0.01629	0.09456	0.13756	0.06076	0.04278	0.00709	0.00187	0.03068	0.00758	0.00357	0.03425
6	0.00648	0.00519	0.00580	0.00586	0.00729	0.00450	0.00431	0.00803	0.01233	0.01566	0.23148	0.15043	0.49833	0.01298	0.00622	0.00178	0.00264	0.01111	0.00506	0.00450
7	0.01400	0.52643	0.05580	0.00956	0.01399	0.01739	0.00915	0.11637	0.01242	0.01594	0.00833	0.00950	0.00713	0.00478	0.00420	0.00118	0.03205	0.00319	0.00276	0.13582
8	0.01110	0.00980	0.01294	0.06583	0.14931	0.00821	0.00845	0.01363	0.01096	0.01673	0.00935	0.01137	0.00776	0.00409	0.00418	0.00097	0.00447	0.00346	0.00294	0.64446
9	0.01344	0.07105	0.01093	0.00863	0.01101	0.00850	0.00672	0.12496	0.03988	0.20503	0.04490	0.34680	0.03960	0.01057	0.00568	0.00176	0.00400	0.00914	0.00507	0.03234
10	0.00692	0.00503	0.00659	0.00749	0.00809	0.00483	0.00527	0.00874	0.04382	0.01481	0.12436	0.62158	0.03517	0.01504	0.00657	0.00206	0.00314	0.07100	0.00497	0.00453
11	0.00804	0.01273	0.28148	0.01030	0.01342	0.00731	0.03290	0.01097	0.01077	0.01511	0.08007	0.44787	0.02503	0.01153	0.00600	0.00190	0.00479	0.01028	0.00391	0.00558
12	0.01067	0.07867	0.74026	0.01446	0.02194	0.01265	0.01857	0.01643	0.01097	0.01622	0.00921	0.01082	0.00660	0.00492	0.00484	0.00161	0.00756	0.00378	0.00220	0.00763
13	0.01229	0.01405	0.03073	0.02195	0.02722	0.01317	0.76558	0.01668	0.01229	0.01668	0.01054	0.01405	0.00790	0.00439	0.00615	0.00176	0.00878	0.00615	0.00263	0.00702
14	0.00746	0.00507	0.00565	0.00565	0.00579	0.00500	0.00322	0.00757	0.00791	0.01041	0.01924	0.03533	0.07844	0.75433	0.02492	0.00479	0.00486	0.00784	0.00329	0.00325
15	0.08231	0.01452	0.01576	0.01788	0.26764	0.18648	0.01109	0.11640	0.05281	0.16667	0.01219	0.01297	0.00906	0.00549	0.00493	0.00153	0.00623	0.00440	0.00387	0.00775
16	0.01436	0.01261	0.01858	0.01416	0.01816	0.01310	0.25733	0.29073	0.15359	0.02314	0.01855	0.01905	0.10849	0.00667	0.00565	0.00169	0.00605	0.00619	0.00433	0.00757
17	0.85377	0.01007	0.00765	0.00685	0.01007	0.01168	0.00564	0.01531	0.00886	0.02336	0.00725	0.00846	0.00564	0.00483	0.00322	0.00161	0.00403	0.00282	0.00322	0.00564
18	0.01007	0.00950	0.01605	0.74425	0.09422	0.01163	0.01458	0.01351	0.01053	0.01359	0.00930	0.01381	0.00704	0.00516	0.00520	0.00172	0.00688	0.00463	0.00233	0.00598
19	0.00667	0.00485	0.00628	0.00687	0.00759	0.00447	0.00479	0.00812	0.01169	0.01585	0.27820	0.49934	0.09758	0.01421	0.00644	0.00193	0.00281	0.01274	0.00513	0.00447
20	0.00640	0.00464	0.00614	0.00722	0.00763	0.00438	0.00489	0.00739	0.00997	0.01326	0.02906	0.72490	0.07240	0.01754	0.05501	0.00248	0.00367	0.01404	0.00471	0.00426
21	0.02336	0.00886	0.01209	0.00927	0.01329	0.00765	0.00765	0.02538	0.01491	0.78810	0.02055	0.01773	0.01289	0.00645	0.00524	0.00161	0.00443	0.00524	0.00645	0.00886
22	0.00971	0.00485	0.00485	0.00485	0.00607	0.00485	0.00364	0.01213	0.01092	0.01942	0.01699	0.01942	0.01335	0.00607	0.00364	0.00121	0.00243	0.00485	0.84589	0.00485
23	0.00642	0.00529	0.00564	0.00555	0.00719	0.00451	0.00416	0.00798	0.01249	0.01554	0.20975	0.04770	0.62447	0.01264	0.00615	0.00173	0.00260	0.01065	0.00503	0.00451
24	0.01980	0.01459	0.01563	0.01198	0.01615	0.01615	0.00990	0.76713	0.02448	0.03282	0.01250	0.01250	0.00886	0.00625	0.00521	0.00156	0.00573	0.00469	0.00521	0.00886
25	0.01980	0.01459	0.01563	0.01198	0.01615	0.01615	0.00990	0.76713	0.02448	0.03282	0.01250	0.01250	0.00886	0.00625	0.00521	0.00156	0.00573	0.00469	0.00521	0.00886
26	0.00983	0.00926	0.01562	0.80447	0.03587	0.01157	0.01446	0.01331	0.01041	0.01331	0.00926	0.01388	0.00694	0.00521	0.00521	0.00174	0.00694	0.00463	0.00231	0.00579
27	0.01080	0.00926	0.01080	0.00771	0.01234	0.00694	0.00617	0.01311	0.01080	0.01697	0.00926	0.01080	0.00771	0.00386	0.00386	0.00077	0.00386	0.00309	0.00309	0.84882
28	0.85377	0.01007	0.00765	0.00685	0.01007	0.01168	0.00564	0.01531	0.00886	0.02336	0.00725	0.00846	0.00564	0.00483	0.00322	0.00161	0.00403	0.00282	0.00322	0.00564
29	0.01229	0.01405	0.03073	0.02195	0.02722	0.01317	0.76558	0.01668	0.01229	0.01668	0.01054	0.01405	0.00790	0.00439	0.00615	0.00176	0.00878	0.00615	0.00263	0.00702
30	0.01106	0.00718	0.00765	0.00697	0.00883	0.00762	0.00538	0.09539	0.15945	0.02152	0.13138	0.02159	0.01869	0.00696	0.00450	0.00142	0.00311	0.00572	0.46965	0.00594
31	0.85377	0.01007	0.00765	0.00685	0.01007	0.01168	0.00564	0.01531	0.00886	0.02336	0.00725	0.00846	0.00564	0.00483	0.00322	0.00161	0.00403	0.00282	0.00322	0.00564
32	0.01127	0.01051	0.01743	0.51618	0.28118	0.01203	0.01476	0.04678	0.01150	0.01537	0.00957	0.01350	0.00745	0.00507	0.00519	0.00167	0.00664	0.00463	0.00253	0.00673
33	0.01724	0.00706	0.00884	0.00729	0.01005	0.00640	0.00585	0.01944	0.01312	0.44339	0.01895	0.01848	0.01310	0.00628	0.00452	0.00143	0.00353	0.00507	0.38289	0.00706
34	0.01392	0.82012	0.02729	0.00891	0.01337	0.02061	0.00891	0.01559	0.01058	0.01225	0.00724	0.00835	0.00668	0.00446	0.00334	0.00111	0.00557	0.00278	0.00223	0.00668
35	0.85377	0.01007	0.00765	0.00685	0.01007	0.01168	0.00564	0.01531	0.00886	0.02336	0.00725	0.00846	0.00564	0.00483	0.00322	0.00161	0.00403	0.00282	0.00322	0.00564
36	0.00744	0.00558	0.00837	0.00837	0.00930	0.00651	0.00651	0.00930	0.00837	0.01209	0.01395	0.02046	0.01302	0.03906	0.79635	0.00837	0.01395	0.00558	0.00279	0.00465
37	0.00625	0.00522	0.00545	0.00551	0.00712	0.00442	0.00409	0.00761	0.01191	0.01445	0.09842	0.10890	0.67626	0.01327	0.00619	0.00178	0.00266	0.01119	0.00489	0.00442
38	0.00628	0.00478	0.00579	0.00660	0.00738	0.00428	0.00455	0.00732	0.01060	0.01355	0.03661	0.56254	0.28039	0.01529	0.00649	0.00200	0.00290	0.01355	0.00483	0.00428
39	0.01045	0.02694	0.79000	0.01484	0.02254	0.01209	0.01924	0.01649	0.01099	0.01649	0.00935	0.01099	0.00660	0.00495	0.00495	0.00165	0.00770	0.00385	0.00220	0.00770
40	0.78830	0.07321	0.00918	0.00701	0.01033	0.01238	0.00589	0.01533	0.00900	0.02250	0.00725	0.00845	0.00572	0.00480	0.00323	0.00157	0.00415	0.00282	0.00315	0.00572
41	0.01366	0.43133	0.20542	0.01428	0.14725	0.01618	0.01246	0.01664	0.01123	0.07454	0.00921	0.01048	0.00741	0.00476	0.00418	0.00135	0.00609	0.00354	0.00261	0.00736
42	0.01045	0.02694	0.79000	0.01484	0.02254	0.01209	0.01924	0.01649	0.01099	0.01649	0.00935	0.01099	0.00660	0.00495	0.00495	0.00165	0.00770	0.00385	0.00220	0.00770
43	0.00634	0.00453	0.00604	0.00725	0.00755	0.00423	0.00483	0.00725	0.00997	0.01329	0.02870	0.81358	0.03444	0.01632	0.00665	0.00211	0.00302	0.01480	0.00483	0.00423
44	0.01083	0.01221	0.14317	0.01181	0.07279	0.09993	0.00959	0.01394	0.05866	0.06447	0.02038	0.33085	0.02134	0.01075	0.00590	0.00188	0.00518	0.09628	0.00408	0.00596
45	0.00757	0.00505	0.00568	0.00568	0.00568	0.00505	0.00316	0.00757	0.00757	0.01010	0.01641	0.03408	0.01893	0.81698	0.02651	0.00505	0.00505	0.00757	0.00316	0.00316
46	0.00744	0.00558	0.00837	0.00837	0.00930	0.00651	0.00651	0.00930	0.00837	0.01209	0.01395	0.02046	0.01302	0.03906	0.79635	0.00837	0.01395	0.00558	0.00279	0.00465
47	0.01224	0.01171	0.01997	0.19589	0.62564	0.01220	0.01566	0.01541	0.01155	0.01623	0.00968	0.01310	0.00797	0.00476	0.00517	0.00159	0.00635	0.00464	0.00252	0.00773
48	0.01040	0.00984	0.01665	0.66044	0.17544	0.01172	0.01475	0.01380	0.01068	0.01400	0.00936	0.01370	0.00719	0.00510	0.00520	0.00170	0.00680	0.00463	0.00236	0.00624
49	0.01196	0.01142	0.01946	0.26718	0.55655	0.01213	0.01552	0.01517	0.01142	0.01588	0.00963	0.01319	0.00785	0.00481	0.00517	0.00160	0.00642	0.00464	0.00250	0.00750
50	0.00797	0.00569	0.00791	0.00911	0.01012	0.00563	0.00766	0.01006	0.01157	0.01511	0.02781	0.21388	0.03089	0.01478	0.00708	0.00234	0.00443	0.59846	0.00480	0.00468
51	0.01348	0.71893	0.12459	0.00967	0.01454	0.01952	0.01023	0.01571	0.01063	0.01279	0.00751	0.00869	0.00667	0.00452	0.00355	0.00118	0.00584	0.00292	0.00222	0.00681
52	0.01281	0.01229	0.02099	0.05213	0.76495	0.01235	0.01594	0.01591	0.01182	0.01692	0.00978	0.01291	0.00821	0.00465	0.00516	0.00155	0.00621	0.00464	0.00257	0.00818
53	0.01289	0.01237	0.02114	0.03196	0.78450	0.01237	0.01598	0.01598	0.01186	0.01701	0.00980	0.01289	0.00825	0.00464	0.00516	0.00155	0.00619	0.00464	0.00258	0.00825
54	0.01289	0.01237	0.02114	0.03196	0.78450	0.01237	0.01598	0.01598	0.01186	0.01701	0.00980	0.01289	0.00825	0.00464	0.00516	0.00155	0.00619	0.00464	0.00258	0.00825
55	0.01197	0.00972	0.01547	0.52768	0.06137	0.01189	0.01311	0.01482	0.01061	0.11217	0.01029	0.01388	0.00774	0.00604	0.00734	0.00181	0.15027	0.00469	0.00285	0.00627

[dist]
# distance from previous block
# <min> <max>
0	4

# created by:
# /home/cegg/simao/soft/augustus-3.2.1/scripts/msa2prfl.pl ./align_prep/24268.fa
