[name]
unknown

[dist]
# distance from previous block
# <min> <max>
0	638

[block]
# block no. 0 follows, 42 sequences, length 23
# corresponding to MSA columns:
# 644-666
name=unknown_A
#
# <colnr> <probs for GDERKNQSTAVLIFYWHMCP>
#	G	D	E	R	K	N	Q	S	T	A	V	L	I	F	Y	W	H	M	C	P
0	0.00907	0.00648	0.00907	0.01036	0.01166	0.00648	0.00907	0.01166	0.01296	0.01684	0.02980	0.06348	0.03239	0.01555	0.00777	0.00259	0.00518	0.72924	0.00518	0.00518
1	0.18086	0.00687	0.00674	0.00622	0.00831	0.00708	0.00486	0.01541	0.01183	0.10593	0.01665	0.01837	0.01268	0.00633	0.00404	0.00145	0.00322	0.00485	0.57240	0.00590
2	0.01435	0.66106	0.16791	0.01082	0.01629	0.02056	0.01171	0.01703	0.01152	0.01409	0.00825	0.00956	0.00720	0.00491	0.00393	0.00131	0.00645	0.00322	0.00240	0.00743
3	0.00947	0.00659	0.00806	0.00773	0.00951	0.00629	0.00595	0.01275	0.07799	0.07625	0.30897	0.08976	0.23041	0.01423	0.05699	0.00238	0.00405	0.06130	0.00562	0.00572
4	0.01112	0.00906	0.01024	0.00936	0.01166	0.00985	0.00719	0.02070	0.40311	0.02308	0.37685	0.03104	0.03433	0.00948	0.00616	0.00184	0.00359	0.00818	0.00595	0.00719
5	0.00745	0.00531	0.00635	0.00681	0.00731	0.00501	0.00439	0.00826	0.01051	0.01387	0.09680	0.32784	0.13067	0.32581	0.01552	0.00344	0.00402	0.01182	0.00460	0.00421
6	0.00702	0.00533	0.00648	0.00700	0.00804	0.00478	0.00494	0.00850	0.01251	0.01635	0.19291	0.40429	0.27093	0.01528	0.00690	0.00206	0.00301	0.01347	0.00543	0.00478
7	0.16015	0.00803	0.00800	0.00707	0.00944	0.00847	0.00559	0.11592	0.01377	0.08365	0.01614	0.01772	0.01225	0.00638	0.00423	0.00147	0.00359	0.00487	0.50694	0.00634
8	0.01063	0.01000	0.01688	0.78870	0.03876	0.01250	0.01563	0.01438	0.01125	0.01438	0.01000	0.01500	0.00750	0.00563	0.00563	0.00188	0.00750	0.00500	0.00250	0.00625
9	0.01762	0.01006	0.01215	0.00989	0.01318	0.01005	0.00795	0.20353	0.07784	0.27666	0.26735	0.02551	0.02615	0.00848	0.00598	0.00175	0.00440	0.00707	0.00627	0.00810
10	0.02053	0.01509	0.01619	0.01250	0.01671	0.01667	0.01022	0.70013	0.02527	0.03387	0.01379	0.01503	0.01028	0.05859	0.00713	0.00193	0.00614	0.00527	0.00549	0.00917
11	0.01505	0.80561	0.02949	0.00963	0.01444	0.02227	0.00963	0.01685	0.01143	0.01324	0.00782	0.00903	0.00722	0.00481	0.00361	0.00120	0.00602	0.00301	0.00241	0.00722
12	0.79939	0.01082	0.00852	0.00754	0.01106	0.01240	0.00621	0.01711	0.00992	0.06414	0.00859	0.00966	0.00650	0.00531	0.00360	0.00174	0.00438	0.00318	0.00366	0.00628
13	0.00736	0.00526	0.00711	0.00841	0.00896	0.00501	0.00610	0.00871	0.01127	0.01493	0.03074	0.63080	0.03612	0.01716	0.00732	0.00236	0.00370	0.17877	0.00521	0.00471
14	0.01059	0.00880	0.00998	0.00895	0.01170	0.00857	0.00677	0.01710	0.26019	0.01905	0.06704	0.21717	0.08628	0.00999	0.00580	0.00170	0.00384	0.00864	0.00493	0.23290
15	0.00686	0.00490	0.00653	0.00784	0.00816	0.00457	0.00522	0.00784	0.01077	0.01437	0.03102	0.79855	0.03722	0.01763	0.00718	0.00229	0.00326	0.01600	0.00522	0.00457
16	0.01253	0.00744	0.00933	0.00824	0.01046	0.00717	0.00638	0.01699	0.12232	0.17827	0.47169	0.03336	0.03815	0.00979	0.00619	0.00176	0.00336	0.00848	0.04136	0.00671
17	0.01129	0.02911	0.77306	0.01604	0.02436	0.01307	0.02079	0.01782	0.01188	0.01782	0.01010	0.01188	0.00713	0.00535	0.00535	0.00178	0.00832	0.00416	0.00238	0.00832
18	0.01333	0.01061	0.01149	0.01026	0.01318	0.01167	0.00805	0.08852	0.45885	0.05356	0.09917	0.02844	0.12542	0.00911	0.00600	0.00189	0.00425	0.03257	0.00572	0.00793
19	0.01352	0.01220	0.01020	0.00972	0.01069	0.26310	0.00688	0.01238	0.01020	0.01111	0.00942	0.01479	0.00893	0.01497	0.01635	0.55803	0.00664	0.00447	0.00260	0.00380
20	0.01807	0.31666	0.06924	0.01201	0.01665	0.10433	0.01089	0.32022	0.04278	0.02311	0.01091	0.01158	0.00852	0.00585	0.00479	0.00149	0.00665	0.00411	0.00390	0.00824
21	0.01343	0.32324	0.35328	0.01252	0.01887	0.01625	0.01427	0.06464	0.01264	0.01728	0.00944	0.01087	0.00746	0.00510	0.00457	0.00145	0.00683	0.00368	0.00271	0.10149
22	0.08472	0.01100	0.01300	0.10655	0.01668	0.01237	0.00938	0.18223	0.16100	0.10223	0.01924	0.12988	0.04680	0.00881	0.00676	0.00192	0.06792	0.00705	0.00490	0.00754

[dist]
# distance from previous block
# <min> <max>
3	20

[block]
# block no. 1 follows, 42 sequences, length 16
# corresponding to MSA columns:
# 687-702
name=unknown_B
#
# <colnr> <probs for GDERKNQSTAVLIFYWHMCP>
#	G	D	E	R	K	N	Q	S	T	A	V	L	I	F	Y	W	H	M	C	P
0	0.02041	0.01277	0.01587	0.01244	0.01648	0.01349	0.05452	0.28938	0.14851	0.28313	0.01765	0.01678	0.01220	0.00704	0.00645	0.00180	0.05059	0.00558	0.00575	0.00914
1	0.00866	0.00748	0.00986	0.00939	0.01021	0.00869	0.00729	0.01014	0.01098	0.01504	0.10668	0.20032	0.20844	0.01722	0.11484	0.00310	0.23242	0.00980	0.00423	0.00521
2	0.01393	0.01337	0.02284	0.03454	0.76712	0.01337	0.01727	0.01727	0.01281	0.01839	0.01059	0.01393	0.00891	0.00501	0.00557	0.00167	0.00669	0.00501	0.00279	0.00891
3	0.00980	0.00915	0.01530	0.01294	0.01501	0.00946	0.19628	0.01207	0.01164	0.01552	0.02572	0.16416	0.15063	0.06574	0.01029	0.00242	0.12916	0.13503	0.00405	0.00565
4	0.01502	0.02268	0.24169	0.01875	0.02437	0.24237	0.31744	0.01929	0.01367	0.01670	0.01021	0.01273	0.00775	0.00523	0.00580	0.00173	0.00935	0.00502	0.00273	0.00748
5	0.01688	0.00870	0.01101	0.00949	0.01229	0.00831	0.00739	0.11433	0.04922	0.33408	0.11136	0.24626	0.02486	0.01058	0.00621	0.00190	0.00427	0.00913	0.00614	0.00760
6	0.01283	0.01225	0.02085	0.28636	0.52391	0.01308	0.01672	0.01631	0.01229	0.01705	0.01039	0.01429	0.00844	0.00522	0.00559	0.00174	0.00696	0.00501	0.00269	0.00803
7	0.06283	0.01201	0.02145	0.02157	0.23582	0.01181	0.27034	0.01652	0.04968	0.01873	0.05031	0.02540	0.04762	0.00745	0.00628	0.00193	0.00683	0.12245	0.00364	0.00733
8	0.00701	0.00545	0.00637	0.00670	0.00796	0.00482	0.00481	0.00856	0.01285	0.01655	0.20433	0.29279	0.37221	0.01474	0.00682	0.00200	0.00294	0.01284	0.00544	0.00482
9	0.00899	0.00510	0.00578	0.00631	0.00722	0.00497	0.00447	0.01093	0.01138	0.01825	0.02358	0.34192	0.02383	0.01113	0.00527	0.00171	0.00289	0.00968	0.49161	0.00497
10	0.01302	0.01273	0.02256	0.22385	0.49584	0.01325	0.10309	0.01663	0.01247	0.01733	0.01053	0.01435	0.00851	0.00514	0.00571	0.00175	0.00722	0.00520	0.00272	0.00808
11	0.01393	0.01346	0.01834	0.33037	0.26997	0.09127	0.01466	0.07596	0.08275	0.01815	0.01154	0.01460	0.00900	0.00572	0.00556	0.00175	0.00712	0.00500	0.00318	0.00766
12	0.00701	0.00519	0.00655	0.00731	0.00810	0.00473	0.00507	0.00837	0.01206	0.01596	0.16509	0.52993	0.17212	0.01594	0.00699	0.00212	0.00308	0.01422	0.00540	0.00473
13	0.30260	0.01349	0.09529	0.01262	0.01720	0.01199	0.17067	0.04998	0.01190	0.04393	0.01036	0.01257	0.00804	0.00751	0.05414	0.00210	0.02187	0.00440	0.00336	0.14598
14	0.06743	0.01419	0.01629	0.05796	0.04427	0.05582	0.04683	0.34795	0.09689	0.02627	0.04534	0.01507	0.01146	0.00687	0.00677	0.00176	0.08381	0.00521	0.00456	0.04524
15	0.19678	0.07646	0.05480	0.01066	0.04688	0.13981	0.00816	0.04243	0.04280	0.06650	0.01286	0.01897	0.01181	0.23569	0.01154	0.00273	0.00620	0.00516	0.00358	0.00620

[dist]
# distance from previous block
# <min> <max>
0	5

[block]
# block no. 2 follows, 42 sequences, length 58
# corresponding to MSA columns:
# 708-765
name=unknown_C
#
# <colnr> <probs for GDERKNQSTAVLIFYWHMCP>
#	G	D	E	R	K	N	Q	S	T	A	V	L	I	F	Y	W	H	M	C	P
0	0.01408	0.12084	0.09138	0.00985	0.01457	0.03411	0.00895	0.09145	0.01397	0.07694	0.06805	0.01473	0.01221	0.00556	0.00468	0.00125	0.00510	0.00433	0.03929	0.36866
1	0.01571	0.05062	0.11671	0.01354	0.06108	0.12656	0.01128	0.19659	0.13175	0.02213	0.01420	0.04860	0.01174	0.00678	0.00537	0.00161	0.00637	0.03039	0.00414	0.12484
2	0.01154	0.01097	0.01926	0.13935	0.36091	0.01112	0.11670	0.01454	0.01213	0.01671	0.01581	0.21384	0.01585	0.00828	0.00614	0.00189	0.00633	0.00804	0.00337	0.00722
3	0.13013	0.00848	0.00837	0.00733	0.00969	0.00911	0.00580	0.18393	0.01488	0.02494	0.01575	0.01758	0.01213	0.00641	0.00426	0.00146	0.00369	0.00489	0.52477	0.00637
4	0.01956	0.01371	0.01501	0.01205	0.01611	0.01505	0.00978	0.41570	0.25999	0.13524	0.01776	0.01671	0.01263	0.00707	0.00566	0.00177	0.00544	0.00557	0.00585	0.00936
5	0.00727	0.00573	0.00656	0.00635	0.00798	0.00501	0.00476	0.00927	0.01429	0.01867	0.38954	0.04846	0.43014	0.01296	0.00664	0.00184	0.00276	0.01108	0.00568	0.00501
6	0.01313	0.29151	0.07536	0.01085	0.03927	0.01425	0.00947	0.01853	0.18342	0.06155	0.02077	0.09975	0.09164	0.00838	0.00528	0.00170	0.00514	0.03857	0.00415	0.00728
7	0.01933	0.01817	0.25536	0.01306	0.01873	0.01335	0.01318	0.30420	0.01879	0.24687	0.01499	0.01466	0.01008	0.00637	0.00555	0.00173	0.00645	0.00495	0.00499	0.00918
8	0.53038	0.06837	0.01193	0.00951	0.01298	0.20811	0.00767	0.01870	0.01170	0.06454	0.00888	0.00997	0.00692	0.00544	0.00402	0.00163	0.00596	0.00334	0.00346	0.00648
9	0.01636	0.13454	0.08087	0.07462	0.02193	0.22918	0.20658	0.05019	0.01415	0.06303	0.01059	0.01260	0.00816	0.00536	0.00535	0.00159	0.00823	0.00465	0.00313	0.04889
10	0.00846	0.00635	0.00923	0.00905	0.01001	0.00644	0.05382	0.00999	0.01039	0.01406	0.05428	0.14722	0.02461	0.27806	0.18052	0.00479	0.00729	0.15673	0.00404	0.00464
11	0.01531	0.01459	0.01474	0.10742	0.14924	0.20659	0.01077	0.14113	0.01602	0.02058	0.11248	0.01782	0.01515	0.00668	0.00536	0.00160	0.00644	0.00539	0.12560	0.00708
12	0.00809	0.00585	0.00812	0.00812	0.00881	0.00653	0.00588	0.00946	0.00877	0.01238	0.01592	0.02678	0.01610	0.28340	0.54150	0.00791	0.01202	0.00671	0.00314	0.00451
13	0.01146	0.01106	0.01560	0.01363	0.01383	0.01520	0.01126	0.01285	0.00870	0.01345	0.00892	0.01427	0.00872	0.01630	0.17031	0.00377	0.63702	0.00515	0.00257	0.00593
14	0.00808	0.00588	0.00831	0.00831	0.00905	0.00663	0.00611	0.00957	0.00883	0.01252	0.01575	0.02585	0.01569	0.23552	0.58883	0.00813	0.01263	0.00658	0.00312	0.00461
15	0.00795	0.00646	0.00804	0.00944	0.06639	0.00607	0.00630	0.01038	0.06024	0.01580	0.03930	0.33139	0.32619	0.01450	0.00680	0.00208	0.00359	0.06872	0.00507	0.00530
16	0.00732	0.00570	0.00666	0.00659	0.00812	0.00504	0.00494	0.00929	0.01407	0.01845	0.36702	0.09728	0.38117	0.01330	0.00671	0.00189	0.00286	0.03296	0.00565	0.00500
17	0.01452	0.17487	0.45305	0.01404	0.02071	0.05470	0.01619	0.12118	0.01424	0.05119	0.01059	0.01178	0.00779	0.00554	0.00505	0.00164	0.00752	0.00410	0.00306	0.00825
18	0.10180	0.38127	0.05567	0.01231	0.01659	0.26193	0.06625	0.01874	0.01284	0.01521	0.00847	0.00999	0.00721	0.00519	0.00437	0.00142	0.00753	0.00354	0.00271	0.00696
19	0.84197	0.01088	0.00827	0.00740	0.01088	0.01262	0.00609	0.01654	0.00958	0.02525	0.00784	0.00914	0.00609	0.00522	0.00348	0.00174	0.00435	0.00305	0.00348	0.00609
20	0.00724	0.00567	0.00656	0.00645	0.00799	0.00499	0.00479	0.00918	0.01406	0.01839	0.36671	0.09701	0.40432	0.01326	0.00668	0.00187	0.00279	0.01140	0.00565	0.00499
21	0.01645	0.00838	0.00982	0.00827	0.01123	0.00804	0.00659	0.07508	0.08534	0.29934	0.02667	0.02559	0.14658	0.00818	0.00535	0.00166	0.00391	0.00666	0.23941	0.00744
22	0.00806	0.00594	0.00860	0.00860	0.00945	0.00679	0.00648	0.00976	0.00891	0.01273	0.01548	0.02438	0.01505	0.15937	0.66410	0.00849	0.01359	0.00636	0.00308	0.00478
23	0.00808	0.00601	0.00778	0.00875	0.01003	0.00571	0.00719	0.01009	0.01255	0.01600	0.03693	0.18675	0.21952	0.01557	0.00739	0.00236	0.00426	0.42487	0.00520	0.00497
24	0.01711	0.01161	0.01220	0.01049	0.01374	0.06293	0.00827	0.06750	0.36103	0.21337	0.05239	0.02026	0.01647	0.00733	0.00550	0.00175	0.00474	0.00596	0.09895	0.00839
25	0.00823	0.00579	0.00717	0.00696	0.00843	0.00520	0.00517	0.01033	0.01447	0.05161	0.45774	0.14529	0.22708	0.01282	0.00667	0.00187	0.00288	0.01119	0.00586	0.00525
26	0.01310	0.00798	0.00876	0.00786	0.00980	0.00835	0.00581	0.07221	0.16478	0.10438	0.01920	0.02425	0.01610	0.20922	0.01091	0.00256	0.00423	0.00625	0.29793	0.00634
27	0.22291	0.09864	0.01466	0.00973	0.01427	0.01189	0.05007	0.09189	0.01307	0.07855	0.01059	0.01171	0.00821	0.00502	0.00434	0.00132	0.00498	0.00377	0.00375	0.34062
28	0.06772	0.01105	0.01424	0.01372	0.11461	0.01129	0.04068	0.21298	0.05028	0.15246	0.13920	0.06816	0.06251	0.00826	0.00585	0.00178	0.00503	0.00702	0.00527	0.00789
29	0.01905	0.01570	0.08314	0.01329	0.01788	0.04156	0.06045	0.36781	0.16495	0.13326	0.01596	0.01562	0.01130	0.00666	0.00568	0.00175	0.00620	0.00538	0.00527	0.00909
30	0.00858	0.00679	0.01030	0.00972	0.01073	0.00785	0.03918	0.01040	0.00909	0.01304	0.01472	0.02297	0.01417	0.13335	0.59986	0.00783	0.06713	0.00625	0.00302	0.00501
31	0.01167	0.01000	0.01167	0.00834	0.01334	0.00750	0.00667	0.01417	0.01167	0.01834	0.01000	0.01167	0.00834	0.00417	0.00417	0.00083	0.00417	0.00333	0.00333	0.83663
32	0.01346	0.01290	0.02200	0.14077	0.66453	0.01325	0.01704	0.01686	0.01259	0.01782	0.01050	0.01408	0.00872	0.00510	0.00558	0.00170	0.00680	0.00501	0.00275	0.00854
33	0.01346	0.01290	0.02200	0.14077	0.66453	0.01325	0.01704	0.01686	0.01259	0.01782	0.01050	0.01408	0.00872	0.00510	0.00558	0.00170	0.00680	0.00501	0.00275	0.00854
34	0.00728	0.00564	0.00804	0.00846	0.00934	0.00520	0.04789	0.00864	0.01150	0.01522	0.08217	0.61872	0.11846	0.01610	0.00706	0.00219	0.00354	0.01460	0.00515	0.00482
35	0.02102	0.00857	0.01163	0.00940	0.01292	0.00748	0.00756	0.02312	0.01549	0.59237	0.11594	0.10966	0.02145	0.00873	0.00595	0.00181	0.00435	0.00739	0.00667	0.00848
36	0.00818	0.00546	0.00614	0.00614	0.00614	0.00546	0.00341	0.00818	0.00818	0.01091	0.01773	0.03683	0.02046	0.80222	0.02864	0.00546	0.00546	0.00818	0.00341	0.00341
37	0.01169	0.00818	0.00946	0.00885	0.01064	0.00847	0.00663	0.22215	0.01608	0.02240	0.11584	0.36841	0.02803	0.01217	0.00621	0.00191	0.00394	0.01061	0.12212	0.00620
38	0.00816	0.00554	0.00656	0.00656	0.00671	0.00569	0.00394	0.00846	0.00831	0.01123	0.01734	0.03467	0.01952	0.69072	0.13887	0.00598	0.00687	0.00787	0.00335	0.00365
39	0.00686	0.00490	0.00653	0.00784	0.00816	0.00457	0.00522	0.00784	0.01077	0.01437	0.03102	0.79855	0.03722	0.01763	0.00718	0.00229	0.00326	0.01600	0.00522	0.00457
40	0.03034	0.09429	0.17721	0.01339	0.01825	0.24677	0.05505	0.02219	0.01447	0.25492	0.01334	0.01354	0.00940	0.00591	0.00525	0.00162	0.00756	0.00449	0.00404	0.00799
41	0.01302	0.33874	0.39187	0.01433	0.02095	0.01689	0.09795	0.01746	0.01186	0.01601	0.00933	0.01111	0.00732	0.00507	0.00480	0.00156	0.00753	0.00398	0.00244	0.00780
42	0.00681	0.00554	0.00604	0.00626	0.00779	0.00476	0.00456	0.00826	0.01269	0.01570	0.11572	0.20522	0.55168	0.01469	0.00676	0.00197	0.00292	0.01257	0.00531	0.00476
43	0.01171	0.00837	0.01205	0.08463	0.07055	0.00856	0.09875	0.06982	0.01319	0.02056	0.01801	0.02054	0.05619	0.00659	0.00484	0.00153	0.00453	0.00575	0.47762	0.00621
44	0.01503	0.01386	0.02141	0.17748	0.30959	0.07157	0.13804	0.06575	0.03997	0.07452	0.01195	0.01468	0.00915	0.00550	0.00574	0.00175	0.00733	0.00528	0.00335	0.00807
45	0.01831	0.01056	0.01707	0.01322	0.01707	0.00994	0.18405	0.07607	0.01494	0.37315	0.01954	0.12693	0.01548	0.01002	0.05164	0.00229	0.01898	0.00731	0.00533	0.00808
46	0.00818	0.00546	0.00614	0.00614	0.00614	0.00546	0.00341	0.00818	0.00818	0.01091	0.01773	0.03683	0.02046	0.80222	0.02864	0.00546	0.00546	0.00818	0.00341	0.00341
47	0.01377	0.01786	0.15519	0.01321	0.01711	0.20649	0.09275	0.04425	0.14022	0.01748	0.02021	0.05451	0.11919	0.05429	0.00712	0.00198	0.00702	0.00655	0.00383	0.00697
48	0.01249	0.14384	0.47393	0.01784	0.13147	0.01462	0.04890	0.01830	0.05499	0.01754	0.01062	0.01241	0.00804	0.00532	0.00519	0.00169	0.00755	0.00434	0.00265	0.00824
49	0.01136	0.02798	0.72218	0.01595	0.02371	0.01335	0.02022	0.01753	0.01166	0.01753	0.00992	0.01191	0.00715	0.00565	0.00623	0.00183	0.06107	0.00421	0.00238	0.00817
50	0.00704	0.00510	0.00666	0.00758	0.00817	0.00471	0.00518	0.00835	0.01182	0.01589	0.16432	0.61961	0.08205	0.01633	0.00705	0.00217	0.00313	0.01471	0.00540	0.00471
51	0.05364	0.01054	0.04950	0.14320	0.10692	0.01020	0.12471	0.03951	0.01266	0.01759	0.01906	0.13557	0.01927	0.01002	0.00651	0.00211	0.00627	0.22239	0.00391	0.00642
52	0.01118	0.06344	0.01352	0.07226	0.15942	0.03738	0.00933	0.01632	0.17663	0.01743	0.05303	0.08702	0.20692	0.04325	0.00688	0.00197	0.00490	0.00802	0.00434	0.00676
53	0.01540	0.01619	0.12570	0.01965	0.07412	0.01380	0.37119	0.13420	0.04714	0.09234	0.01333	0.02753	0.00988	0.00570	0.00611	0.00183	0.00786	0.00600	0.00377	0.00828
54	0.00955	0.00635	0.00828	0.04221	0.00979	0.00651	0.00561	0.01064	0.00940	0.06343	0.01692	0.05548	0.01743	0.41404	0.24710	0.00574	0.00821	0.00723	0.00355	0.05253
55	0.70800	0.01111	0.00965	0.00904	0.04502	0.01254	0.00696	0.04928	0.01095	0.08149	0.00929	0.01030	0.00696	0.00541	0.00383	0.00174	0.00457	0.00342	0.00381	0.00663
56	0.01779	0.01620	0.01410	0.01219	0.01553	0.22041	0.00952	0.16146	0.32064	0.07998	0.06001	0.01774	0.01489	0.00715	0.00558	0.00172	0.00624	0.00555	0.00507	0.00823
57	0.01345	0.01374	0.04317	0.20448	0.04470	0.06692	0.03887	0.08356	0.04442	0.01668	0.00969	0.01345	0.00811	0.00768	0.01143	0.00209	0.36279	0.00497	0.00296	0.00685

[dist]
# distance from previous block
# <min> <max>
0	2

[block]
# block no. 3 follows, 42 sequences, length 18
# corresponding to MSA columns:
# 769-786
name=unknown_D
#
# <colnr> <probs for GDERKNQSTAVLIFYWHMCP>
#	G	D	E	R	K	N	Q	S	T	A	V	L	I	F	Y	W	H	M	C	P
0	0.01641	0.38699	0.09987	0.01363	0.08556	0.01875	0.01175	0.23544	0.04587	0.02121	0.01061	0.01158	0.00847	0.00558	0.00465	0.00148	0.00630	0.00406	0.00353	0.00826
1	0.00819	0.00608	0.00798	0.00773	0.00888	0.00614	0.00561	0.00977	0.01044	0.01465	0.13190	0.08266	0.06789	0.20842	0.32495	0.00554	0.00852	0.00797	0.00390	0.07279
2	0.01421	0.01242	0.01677	0.29904	0.06861	0.07527	0.07944	0.09350	0.10840	0.06956	0.01368	0.01767	0.01086	0.08695	0.00803	0.00217	0.00694	0.00559	0.00371	0.00717
3	0.02006	0.15262	0.06977	0.01193	0.01666	0.01599	0.01064	0.39545	0.05202	0.17790	0.01444	0.01408	0.01020	0.00640	0.00527	0.00163	0.00595	0.00482	0.00512	0.00905
4	0.01097	0.00781	0.00882	0.00828	0.01050	0.03678	0.00642	0.01378	0.06390	0.11276	0.10093	0.13459	0.24897	0.01371	0.05306	0.00231	0.00461	0.08261	0.00519	0.07398
5	0.00685	0.00559	0.00605	0.00618	0.00778	0.00479	0.00454	0.00836	0.01292	0.01600	0.14190	0.16094	0.56972	0.01440	0.00673	0.00194	0.00289	0.01226	0.00535	0.00479
6	0.01552	0.08673	0.35294	0.07911	0.09035	0.04602	0.01564	0.06930	0.01384	0.15956	0.01239	0.01349	0.00878	0.00571	0.00531	0.00170	0.00718	0.00453	0.00353	0.00836
7	0.01828	0.01501	0.01434	0.01214	0.01576	0.13087	0.00960	0.21632	0.36874	0.11029	0.01821	0.01718	0.01331	0.00705	0.00559	0.00176	0.00581	0.00553	0.00541	0.00879
8	0.00686	0.00566	0.00602	0.00604	0.00776	0.00482	0.00449	0.00844	0.01315	0.01624	0.15979	0.09967	0.61349	0.01406	0.00668	0.00191	0.00285	0.01189	0.00537	0.00482
9	0.01425	0.13337	0.45884	0.01659	0.11598	0.01368	0.01689	0.01906	0.01257	0.13041	0.01166	0.01283	0.00839	0.00547	0.00518	0.00168	0.00726	0.00433	0.00312	0.00843
10	0.01394	0.01324	0.02181	0.03220	0.69064	0.01343	0.01642	0.01856	0.08845	0.01891	0.01184	0.01465	0.00975	0.00528	0.00559	0.00170	0.00646	0.00515	0.00308	0.00891
11	0.01167	0.01000	0.01167	0.00834	0.01334	0.00750	0.00667	0.01417	0.01167	0.01834	0.01000	0.01167	0.00834	0.00417	0.00417	0.00083	0.00417	0.00333	0.00333	0.83663
12	0.00804	0.00603	0.00904	0.00904	0.01005	0.00703	0.00703	0.01005	0.00904	0.01306	0.01507	0.02211	0.01407	0.04221	0.77992	0.00904	0.01507	0.00603	0.00301	0.00502
13	0.01444	0.01167	0.01456	0.01230	0.01432	0.01414	0.01006	0.29217	0.01554	0.02174	0.01211	0.01582	0.01030	0.01874	0.25049	0.00422	0.25113	0.00532	0.00384	0.00710
14	0.00817	0.00551	0.00641	0.00641	0.00650	0.00560	0.00374	0.00836	0.00826	0.01111	0.01749	0.03547	0.01987	0.73234	0.09772	0.00579	0.00634	0.00799	0.00337	0.00356
15	0.00725	0.00587	0.00654	0.00678	0.00851	0.00515	0.00536	0.00901	0.01308	0.01608	0.10221	0.05525	0.55931	0.01433	0.00689	0.00204	0.00333	0.16285	0.00529	0.00488
16	0.08829	0.01423	0.01872	0.04383	0.42535	0.08392	0.01372	0.09840	0.07544	0.06617	0.01218	0.01404	0.00953	0.00564	0.00537	0.00169	0.00647	0.00487	0.00365	0.00849
17	0.00818	0.00546	0.00614	0.00614	0.00614	0.00546	0.00341	0.00818	0.00818	0.01091	0.01773	0.03683	0.02046	0.80222	0.02864	0.00546	0.00546	0.00818	0.00341	0.00341

[dist]
# distance from previous block
# <min> <max>
0	55

[block]
# block no. 4 follows, 42 sequences, length 93
# corresponding to MSA columns:
# 842-905,908-936
name=unknown_E
#
# <colnr> <probs for GDERKNQSTAVLIFYWHMCP>
#	G	D	E	R	K	N	Q	S	T	A	V	L	I	F	Y	W	H	M	C	P
0	0.01484	0.76297	0.07032	0.00998	0.01499	0.02176	0.01024	0.01690	0.01146	0.01349	0.00795	0.00918	0.00722	0.00484	0.00371	0.00124	0.00614	0.00307	0.00241	0.00728
1	0.01063	0.01000	0.01688	0.78870	0.03876	0.01250	0.01563	0.01438	0.01125	0.01438	0.01000	0.01500	0.00750	0.00563	0.00563	0.00188	0.00750	0.00500	0.00250	0.00625
2	0.01119	0.00983	0.01403	0.05043	0.27238	0.01008	0.01047	0.01666	0.16417	0.02006	0.23484	0.02845	0.11685	0.00858	0.00604	0.00178	0.00464	0.00762	0.00465	0.00725
3	0.00676	0.00569	0.00588	0.00600	0.00779	0.00481	0.00451	0.00820	0.01272	0.01522	0.05453	0.09539	0.69663	0.01449	0.00672	0.00195	0.00296	0.03977	0.00522	0.00476
4	0.01442	0.01331	0.02051	0.01600	0.01967	0.05495	0.27478	0.09623	0.15178	0.06018	0.01444	0.01689	0.01126	0.01205	0.13023	0.00303	0.07285	0.00597	0.00389	0.00757
5	0.01301	0.01243	0.02118	0.24528	0.56358	0.01313	0.01681	0.01646	0.01238	0.01727	0.01042	0.01423	0.00852	0.00519	0.00559	0.00173	0.00691	0.00501	0.00271	0.00817
6	0.00898	0.00744	0.00987	0.01273	0.18526	0.00691	0.00757	0.01105	0.01261	0.01673	0.03869	0.07271	0.42259	0.01134	0.00614	0.00183	0.00386	0.04864	0.10924	0.00580
7	0.01322	0.01264	0.02155	0.19750	0.60973	0.01318	0.01692	0.01665	0.01248	0.01752	0.01046	0.01416	0.00861	0.00515	0.00558	0.00172	0.00686	0.00501	0.00272	0.00834
8	0.01663	0.05918	0.02659	0.01894	0.02395	0.10397	0.43620	0.14252	0.01595	0.08177	0.01212	0.01430	0.00893	0.00539	0.00604	0.00176	0.00844	0.00575	0.00364	0.00794
9	0.01274	0.14108	0.57075	0.01479	0.02193	0.07712	0.01785	0.01857	0.04382	0.01707	0.01020	0.01171	0.00758	0.00540	0.00509	0.00168	0.00797	0.00404	0.00257	0.00804
10	0.00792	0.00583	0.00820	0.00830	0.00911	0.00647	0.00614	0.00947	0.00917	0.01286	0.01842	0.08635	0.04623	0.17495	0.55557	0.00760	0.01196	0.00742	0.00334	0.00469
11	0.01527	0.01355	0.02015	0.15757	0.48594	0.06974	0.01540	0.04919	0.01367	0.08845	0.01156	0.01430	0.00905	0.00543	0.00555	0.00170	0.00688	0.00497	0.00326	0.00838
12	0.01610	0.67162	0.02724	0.01035	0.01495	0.09526	0.00983	0.07164	0.01299	0.01494	0.00833	0.00947	0.00740	0.00505	0.00390	0.00126	0.00643	0.00322	0.00269	0.00733
13	0.01219	0.00999	0.01172	0.00840	0.01338	0.00753	0.00673	0.01468	0.01184	0.04737	0.01047	0.01196	0.00855	0.00428	0.00423	0.00087	0.00419	0.00342	0.00347	0.80473
14	0.01591	0.14020	0.01864	0.32189	0.05713	0.23195	0.01269	0.06507	0.01392	0.05710	0.01021	0.01277	0.00793	0.00567	0.00515	0.00162	0.00775	0.00434	0.00306	0.00699
15	0.02139	0.01576	0.01689	0.01295	0.01745	0.01745	0.01070	0.74835	0.02646	0.03547	0.01351	0.01351	0.00957	0.00676	0.00563	0.00169	0.00619	0.00507	0.00563	0.00957
16	0.04066	0.01950	0.01507	0.01289	0.01619	0.36706	0.01003	0.30885	0.01957	0.02310	0.04430	0.07127	0.01231	0.00728	0.00548	0.00163	0.00760	0.00538	0.00431	0.00753
17	0.01067	0.00989	0.01554	0.21291	0.32357	0.01021	0.01244	0.01352	0.01260	0.01669	0.06465	0.02741	0.23066	0.00820	0.00596	0.00179	0.00556	0.00728	0.00361	0.00684
18	0.02318	0.01206	0.01449	0.01120	0.01555	0.01206	0.00922	0.30069	0.06033	0.45168	0.01895	0.01712	0.01246	0.00692	0.00565	0.00173	0.00530	0.00547	0.00639	0.00954
19	0.00678	0.00519	0.00622	0.00705	0.00796	0.00464	0.00487	0.00792	0.01153	0.01467	0.04059	0.52438	0.30521	0.01639	0.00699	0.00214	0.00311	0.01448	0.00522	0.00464
20	0.01730	0.01780	0.02020	0.02206	0.27685	0.27664	0.10580	0.04788	0.01457	0.07784	0.01140	0.01429	0.00921	0.00593	0.00614	0.00169	0.04138	0.02190	0.00332	0.00780
21	0.01218	0.01102	0.01822	0.09790	0.47597	0.01125	0.01470	0.01534	0.01271	0.01756	0.01620	0.02866	0.01571	0.00818	0.00623	0.00196	0.00632	0.21885	0.00347	0.00756
22	0.00680	0.00513	0.00629	0.00721	0.00800	0.00462	0.00494	0.00791	0.01138	0.01461	0.03869	0.57876	0.25206	0.01663	0.00703	0.00217	0.00314	0.01478	0.00522	0.00462
23	0.02102	0.02682	0.01595	0.01450	0.01740	0.77963	0.01087	0.02247	0.01595	0.01377	0.00870	0.01015	0.00725	0.00580	0.00507	0.00145	0.01015	0.00362	0.00290	0.00652
24	0.01536	0.26608	0.27884	0.01405	0.01983	0.12058	0.08071	0.08060	0.01383	0.04642	0.01008	0.01148	0.00777	0.00537	0.00493	0.00156	0.00764	0.00409	0.00295	0.00782
25	0.02139	0.01576	0.01689	0.01295	0.01745	0.01745	0.01070	0.74835	0.02646	0.03547	0.01351	0.01351	0.00957	0.00676	0.00563	0.00169	0.00619	0.00507	0.00563	0.00957
26	0.00686	0.00490	0.00653	0.00784	0.00816	0.00457	0.00522	0.00784	0.01077	0.01437	0.03102	0.79855	0.03722	0.01763	0.00718	0.00229	0.00326	0.01600	0.00522	0.00457
27	0.01768	0.01827	0.01346	0.01212	0.01506	0.39531	0.00933	0.05269	0.15130	0.08761	0.02001	0.02158	0.10682	0.00788	0.00562	0.00169	0.00725	0.04489	0.00433	0.00708
28	0.01129	0.02911	0.77306	0.01604	0.02436	0.01307	0.02079	0.01782	0.01188	0.01782	0.01010	0.01188	0.00713	0.00535	0.00535	0.00178	0.00832	0.00416	0.00238	0.00832
29	0.00796	0.00575	0.00752	0.00708	0.00841	0.00531	0.00531	0.01062	0.01593	0.02257	0.76415	0.04204	0.05310	0.01150	0.00664	0.00177	0.00265	0.01018	0.00619	0.00531
30	0.01724	0.01370	0.01455	0.01211	0.01587	0.01551	0.00969	0.34471	0.43687	0.02877	0.01879	0.01772	0.01385	0.00725	0.00568	0.00181	0.00522	0.00579	0.00568	0.00920
31	0.14585	0.06278	0.01558	0.01250	0.01592	0.34959	0.00992	0.23351	0.01737	0.02183	0.01013	0.01141	0.00800	0.00735	0.03315	0.00185	0.02814	0.00405	0.00376	0.00733
32	0.00666	0.00566	0.00575	0.00582	0.00763	0.00474	0.00433	0.00806	0.01271	0.01516	0.05558	0.09503	0.72488	0.01444	0.00668	0.00192	0.00287	0.01210	0.00523	0.00474
33	0.00907	0.00648	0.00907	0.01036	0.01166	0.00648	0.00907	0.01166	0.01296	0.01684	0.02980	0.06348	0.03239	0.01555	0.00777	0.00259	0.00518	0.72924	0.00518	0.00518
34	0.01246	0.01187	0.02019	0.37022	0.44293	0.01298	0.01654	0.01598	0.01212	0.01660	0.01033	0.01441	0.00829	0.00529	0.00560	0.00176	0.00705	0.00501	0.00266	0.00773
35	0.01266	0.01236	0.02188	0.30668	0.41760	0.01316	0.10120	0.01631	0.01230	0.01689	0.01047	0.01446	0.00836	0.00520	0.00572	0.00177	0.00731	0.00520	0.00269	0.00780
36	0.02102	0.02682	0.01595	0.01450	0.01740	0.77963	0.01087	0.02247	0.01595	0.01377	0.00870	0.01015	0.00725	0.00580	0.00507	0.00145	0.01015	0.00362	0.00290	0.00652
37	0.00682	0.00571	0.00593	0.00588	0.00770	0.00482	0.00441	0.00840	0.01322	0.01613	0.14631	0.05263	0.67496	0.01391	0.00665	0.00188	0.00283	0.01166	0.00535	0.00482
38	0.01435	0.66238	0.16664	0.01081	0.01627	0.02057	0.01169	0.01703	0.01152	0.01409	0.00824	0.00955	0.00720	0.00491	0.00393	0.00131	0.00644	0.00322	0.00240	0.00742
39	0.01350	0.48580	0.33574	0.01227	0.01853	0.01848	0.01423	0.01725	0.01162	0.01513	0.00876	0.01020	0.00718	0.00503	0.00433	0.00144	0.00697	0.00348	0.00239	0.00767
40	0.00665	0.00570	0.00570	0.00570	0.00760	0.00475	0.00428	0.00808	0.01283	0.01520	0.05701	0.05416	0.76483	0.01425	0.00665	0.00190	0.00285	0.01188	0.00523	0.00475
41	0.00686	0.00490	0.00653	0.00784	0.00816	0.00457	0.00522	0.00784	0.01077	0.01437	0.03102	0.79855	0.03722	0.01763	0.00718	0.00229	0.00326	0.01600	0.00522	0.00457
42	0.01231	0.01142	0.01681	0.01401	0.01667	0.08425	0.22088	0.07099	0.01350	0.04660	0.02047	0.31948	0.02145	0.01105	0.00713	0.00205	0.03714	0.06317	0.00430	0.00632
43	0.01063	0.01000	0.01688	0.78870	0.03876	0.01250	0.01563	0.01438	0.01125	0.01438	0.01000	0.01500	0.00750	0.00563	0.00563	0.00188	0.00750	0.00500	0.00250	0.00625
44	0.84197	0.01088	0.00827	0.00740	0.01088	0.01262	0.00609	0.01654	0.00958	0.02525	0.00784	0.00914	0.00609	0.00522	0.00348	0.00174	0.00435	0.00305	0.00348	0.00609
45	0.01149	0.07175	0.73224	0.01569	0.02381	0.01357	0.02018	0.01777	0.01186	0.01757	0.00997	0.01172	0.00713	0.00532	0.00525	0.00175	0.00819	0.00410	0.00238	0.00826
46	0.02102	0.02682	0.01595	0.01450	0.01740	0.77963	0.01087	0.02247	0.01595	0.01377	0.00870	0.01015	0.00725	0.00580	0.00507	0.00145	0.01015	0.00362	0.00290	0.00652
47	0.00686	0.00490	0.00653	0.00784	0.00816	0.00457	0.00522	0.00784	0.01077	0.01437	0.03102	0.79855	0.03722	0.01763	0.00718	0.00229	0.00326	0.01600	0.00522	0.00457
48	0.01361	0.05807	0.57756	0.01530	0.02244	0.11064	0.01816	0.08666	0.01374	0.01878	0.01015	0.01170	0.00738	0.00551	0.00527	0.00171	0.00826	0.00413	0.00275	0.00816
49	0.01485	0.76469	0.06867	0.00997	0.01497	0.02178	0.01022	0.01690	0.01146	0.01348	0.00794	0.00918	0.00722	0.00484	0.00370	0.00123	0.00614	0.00307	0.00241	0.00728
50	0.00758	0.00574	0.00698	0.00667	0.00817	0.00514	0.00500	0.00987	0.01501	0.02039	0.55536	0.04562	0.26325	0.01232	0.00664	0.00181	0.00271	0.01068	0.00591	0.00514
51	0.71745	0.01362	0.12291	0.00870	0.01290	0.01269	0.00830	0.01673	0.00992	0.02414	0.00818	0.00955	0.00625	0.00524	0.00376	0.00175	0.00495	0.00321	0.00332	0.00643
52	0.01102	0.01040	0.01759	0.69901	0.12538	0.01261	0.01582	0.01472	0.01144	0.01486	0.01007	0.01488	0.00767	0.00555	0.00562	0.00185	0.00740	0.00500	0.00253	0.00657
53	0.01231	0.01115	0.01845	0.06881	0.50407	0.01129	0.01476	0.01546	0.01277	0.01771	0.01623	0.02862	0.01577	0.00816	0.00622	0.00195	0.00629	0.21885	0.00348	0.00767
54	0.02525	0.00958	0.01306	0.01001	0.01437	0.00827	0.00827	0.02743	0.01611	0.77102	0.02220	0.01915	0.01393	0.00697	0.00566	0.00174	0.00479	0.00566	0.00697	0.00958
55	0.07051	0.21487	0.01516	0.00933	0.01188	0.10987	0.00738	0.09567	0.05325	0.01634	0.01309	0.02042	0.01279	0.28167	0.04325	0.00314	0.00652	0.00540	0.00345	0.00601
56	0.26127	0.30251	0.01856	0.01065	0.01441	0.28048	0.00901	0.01870	0.01244	0.01697	0.00813	0.00945	0.00690	0.00527	0.00408	0.00145	0.00695	0.00323	0.00289	0.00665
57	0.00686	0.00490	0.00653	0.00784	0.00816	0.00457	0.00522	0.00784	0.01077	0.01437	0.03102	0.79855	0.03722	0.01763	0.00718	0.00229	0.00326	0.01600	0.00522	0.00457
58	0.01361	0.01304	0.02226	0.10763	0.69653	0.01329	0.01711	0.01699	0.01266	0.01800	0.01053	0.01403	0.00878	0.00507	0.00558	0.00169	0.00676	0.00501	0.00276	0.00866
59	0.01182	0.12016	0.01521	0.01089	0.01332	0.01067	0.09357	0.04242	0.04291	0.07680	0.01551	0.06244	0.01422	0.10272	0.32459	0.00509	0.02150	0.00637	0.00360	0.00617
60	0.01674	0.01910	0.34147	0.01551	0.02184	0.01159	0.17127	0.02132	0.01370	0.28905	0.01473	0.01520	0.00988	0.00580	0.00574	0.00179	0.00730	0.00523	0.00413	0.00862
61	0.01921	0.01468	0.01566	0.01251	0.01662	0.01643	0.01017	0.53622	0.24215	0.03195	0.01628	0.01572	0.01182	0.00702	0.00566	0.00175	0.00568	0.00545	0.00566	0.00937
62	0.01152	0.01899	0.40729	0.01401	0.01943	0.01036	0.09407	0.01590	0.01211	0.08539	0.01724	0.23489	0.01639	0.00889	0.00603	0.00193	0.00670	0.00791	0.00365	0.00730
63	0.01333	0.01498	0.11683	0.03089	0.63222	0.01296	0.01727	0.01704	0.01270	0.01823	0.01157	0.01637	0.00997	0.00563	0.00566	0.00174	0.00681	0.04431	0.00286	0.00864
64	0.00818	0.00546	0.00614	0.00614	0.00614	0.00546	0.00341	0.00818	0.00818	0.01091	0.01773	0.03683	0.02046	0.80222	0.02864	0.00546	0.00546	0.00818	0.00341	0.00341
65	0.01468	0.01334	0.02124	0.11919	0.56826	0.01389	0.01608	0.12804	0.01471	0.02051	0.01096	0.01399	0.00885	0.00535	0.00559	0.00170	0.00671	0.00502	0.00318	0.00870
66	0.18441	0.01058	0.01479	0.11643	0.29416	0.01136	0.01141	0.01594	0.07252	0.01917	0.05463	0.10768	0.01502	0.04101	0.00638	0.00197	0.00545	0.00641	0.00363	0.00705
67	0.01600	0.00917	0.01123	0.00957	0.01232	0.00905	0.00749	0.20124	0.01744	0.23589	0.19285	0.20519	0.02729	0.01045	0.00623	0.00186	0.00430	0.00897	0.00604	0.00742
68	0.02299	0.01320	0.01530	0.01173	0.01617	0.01365	0.00969	0.44957	0.02217	0.34031	0.01711	0.01585	0.01138	0.00684	0.00564	0.00171	0.00561	0.00531	0.00618	0.00957
69	0.01265	0.01207	0.02053	0.32655	0.48510	0.01304	0.01664	0.01615	0.01221	0.01683	0.01036	0.01434	0.00837	0.00525	0.00559	0.00175	0.00700	0.00501	0.00268	0.00788
70	0.01293	0.00900	0.01343	0.01678	0.26717	0.00848	0.00976	0.01548	0.01422	0.15774	0.23341	0.06223	0.13757	0.00914	0.00612	0.00177	0.00447	0.00809	0.00499	0.00721
71	0.00686	0.00490	0.00653	0.00784	0.00816	0.00457	0.00522	0.00784	0.01077	0.01437	0.03102	0.79855	0.03722	0.01763	0.00718	0.00229	0.00326	0.01600	0.00522	0.00457
72	0.02162	0.01783	0.01636	0.01307	0.01719	0.19435	0.01054	0.52023	0.02316	0.09055	0.01310	0.01319	0.00939	0.00655	0.00550	0.00164	0.00700	0.00478	0.00510	0.00886
73	0.00843	0.00677	0.01018	0.20546	0.01628	0.00721	0.03888	0.01001	0.01033	0.01363	0.02144	0.37069	0.02417	0.21646	0.01230	0.00298	0.00517	0.01081	0.00397	0.00482
74	0.01320	0.08039	0.02076	0.38017	0.11103	0.07116	0.11272	0.05587	0.01269	0.01625	0.00997	0.01376	0.00786	0.00576	0.00649	0.00180	0.06540	0.00495	0.00277	0.00700
75	0.09301	0.00829	0.01090	0.00951	0.01208	0.00864	0.00765	0.04834	0.01237	0.28806	0.01675	0.01928	0.01296	0.02395	0.38140	0.00530	0.02440	0.00556	0.00458	0.00698
76	0.01062	0.00746	0.00907	0.00926	0.01079	0.00769	0.00686	0.04147	0.18707	0.07347	0.02772	0.46401	0.02936	0.01392	0.00673	0.00216	0.00393	0.07673	0.00548	0.00619
77	0.00714	0.00529	0.00671	0.00759	0.00842	0.00486	0.00543	0.00852	0.01187	0.01552	0.10248	0.50736	0.18402	0.01619	0.00709	0.00219	0.00332	0.08597	0.00531	0.00474
78	0.01075	0.01206	0.08188	0.18136	0.02432	0.01129	0.27630	0.01448	0.01127	0.01552	0.01226	0.01726	0.01011	0.01789	0.27286	0.00435	0.01089	0.00588	0.00279	0.00648
79	0.01355	0.01442	0.02884	0.02828	0.34039	0.01387	0.43920	0.01771	0.01309	0.01818	0.01105	0.01465	0.00870	0.00486	0.00619	0.00180	0.00831	0.00596	0.00282	0.00815
80	0.00805	0.00599	0.00883	0.00883	0.00976	0.00692	0.00677	0.00991	0.00898	0.01290	0.01527	0.02320	0.01454	0.09857	0.72421	0.00878	0.01436	0.00619	0.00304	0.00490
81	0.30381	0.01067	0.01139	0.00952	0.01318	0.01117	0.00777	0.10657	0.08646	0.29399	0.01698	0.05007	0.01275	0.00720	0.00506	0.00181	0.00472	0.03362	0.00535	0.00793
82	0.00989	0.00799	0.00900	0.00764	0.01069	0.00687	0.00603	0.04341	0.04478	0.01858	0.09048	0.03362	0.27530	0.00947	0.00561	0.00152	0.00368	0.06097	0.04972	0.30475
83	0.00811	0.00556	0.00702	0.00753	0.00832	0.00528	0.00530	0.00932	0.01122	0.03874	0.09497	0.33497	0.11710	0.19577	0.04233	0.00320	0.00439	0.09136	0.00486	0.00464
84	0.04864	0.00774	0.00924	0.00819	0.01054	0.00733	0.00626	0.08550	0.01467	0.21144	0.14832	0.16001	0.17821	0.06846	0.00784	0.00213	0.00396	0.00940	0.00566	0.00647
85	0.01208	0.00737	0.00878	0.00805	0.01005	0.00704	0.00610	0.09895	0.01450	0.14101	0.13018	0.16497	0.18454	0.09502	0.00869	0.00228	0.00398	0.04390	0.04649	0.00605
86	0.15143	0.00753	0.02508	0.00853	0.03708	0.00708	0.00640	0.01210	0.01327	0.05193	0.31089	0.11411	0.14310	0.02985	0.00664	0.00198	0.00364	0.05856	0.00518	0.00561
87	0.03048	0.00716	0.00792	0.00740	0.00941	0.02328	0.00559	0.04845	0.01389	0.12092	0.14010	0.16283	0.30631	0.02587	0.00664	0.00192	0.00355	0.01022	0.06229	0.00578
88	0.00905	0.00607	0.00721	0.00719	0.00838	0.00571	0.00500	0.01101	0.05105	0.07216	0.13780	0.23670	0.19454	0.20824	0.01209	0.00285	0.00380	0.01103	0.00507	0.00504
89	0.00803	0.00576	0.00694	0.00664	0.00730	0.00552	0.02034	0.00885	0.01047	0.01394	0.16671	0.03991	0.13644	0.51634	0.02068	0.00414	0.00462	0.00908	0.00420	0.00407
90	0.00821	0.00637	0.00668	0.00665	0.00751	0.03345	0.00443	0.00913	0.01102	0.01406	0.12903	0.05920	0.22943	0.40303	0.01751	0.00366	0.00448	0.03753	0.00437	0.00424
91	0.00924	0.00722	0.02429	0.00767	0.00862	0.04754	0.00535	0.01037	0.01134	0.05050	0.14455	0.27748	0.06138	0.29227	0.01443	0.00322	0.00448	0.01069	0.00463	0.00472
92	0.00789	0.00609	0.00751	0.00783	0.00886	0.00597	0.00571	0.03570	0.01248	0.01643	0.13206	0.39128	0.22350	0.02888	0.00793	0.00218	0.04621	0.04333	0.00518	0.00499

[dist]
# distance from previous block
# <min> <max>
0	546

# created by:
# /home/cegg/simao/soft/augustus-3.2.1/scripts/msa2prfl.pl ./align_prep/24506.fa
