[name]
unknown

[dist]
# distance from previous block
# <min> <max>
0	33

[block]
# block no. 0 follows, 37 sequences, length 13
# corresponding to MSA columns:
# 37-49
name=unknown_A
#
# <colnr> <probs for GDERKNQSTAVLIFYWHMCP>
#	G	D	E	R	K	N	Q	S	T	A	V	L	I	F	Y	W	H	M	C	P
0	0.00945	0.00675	0.00939	0.01080	0.01202	0.00669	0.00914	0.01196	0.01368	0.01785	0.03264	0.19212	0.03614	0.01730	0.00834	0.00276	0.00528	0.58653	0.00564	0.00552
1	0.01637	0.78856	0.03208	0.01047	0.01571	0.02422	0.01047	0.01833	0.01244	0.01440	0.00851	0.00982	0.00786	0.00524	0.00393	0.00131	0.00655	0.00327	0.00262	0.00786
2	0.82811	0.01184	0.00900	0.00805	0.01184	0.01373	0.00663	0.01799	0.01042	0.02746	0.00852	0.00994	0.00663	0.00568	0.00379	0.00189	0.00474	0.00331	0.00379	0.00663
3	0.02287	0.02917	0.01735	0.01577	0.01892	0.76030	0.01183	0.02444	0.01735	0.01498	0.00946	0.01104	0.00788	0.00631	0.00552	0.00158	0.01104	0.00394	0.00315	0.00710
4	0.01156	0.01088	0.01836	0.77016	0.04216	0.01360	0.01700	0.01564	0.01224	0.01564	0.01088	0.01632	0.00816	0.00612	0.00612	0.00204	0.00816	0.00544	0.00272	0.00680
5	0.01156	0.01088	0.01836	0.77016	0.04216	0.01360	0.01700	0.01564	0.01224	0.01564	0.01088	0.01632	0.00816	0.00612	0.00612	0.00204	0.00816	0.00544	0.00272	0.00680
6	0.01039	0.00717	0.00866	0.00824	0.00899	0.00762	0.00552	0.08096	0.01106	0.01503	0.01770	0.03262	0.01883	0.49240	0.20256	0.04740	0.00848	0.00782	0.00379	0.00474
7	0.02673	0.01159	0.01493	0.01145	0.01621	0.01074	0.00946	0.15136	0.01949	0.62663	0.02250	0.01976	0.01433	0.00754	0.00615	0.00188	0.00548	0.00604	0.00732	0.01042
8	0.01403	0.01284	0.02087	0.22773	0.43135	0.01367	0.01647	0.06975	0.01437	0.01979	0.01380	0.09187	0.01241	0.00714	0.00626	0.00195	0.00710	0.00665	0.00344	0.00851
9	0.01297	0.06516	0.19828	0.08276	0.10267	0.03785	0.09462	0.01677	0.01350	0.06182	0.04222	0.17307	0.05381	0.00922	0.00644	0.00201	0.00699	0.00825	0.00394	0.00765
10	0.01366	0.01362	0.01793	0.09538	0.19857	0.12306	0.06629	0.01651	0.01377	0.01751	0.01836	0.10305	0.01854	0.01028	0.00798	0.00221	0.06956	0.18263	0.00391	0.00719
11	0.45080	0.01446	0.01614	0.08952	0.06266	0.07770	0.10964	0.07605	0.01345	0.02458	0.01006	0.01229	0.00775	0.00583	0.00497	0.00190	0.00671	0.00443	0.00368	0.00740
12	0.00968	0.01017	0.07782	0.04058	0.01569	0.00830	0.13299	0.01228	0.01278	0.01704	0.06958	0.26392	0.11965	0.10888	0.01031	0.00272	0.00576	0.07123	0.00466	0.00594

[dist]
# distance from previous block
# <min> <max>
1	2

[block]
# block no. 1 follows, 37 sequences, length 14
# corresponding to MSA columns:
# 52-65
name=unknown_B
#
# <colnr> <probs for GDERKNQSTAVLIFYWHMCP>
#	G	D	E	R	K	N	Q	S	T	A	V	L	I	F	Y	W	H	M	C	P
0	0.01533	0.01141	0.01584	0.01284	0.01646	0.01144	0.12010	0.11490	0.16713	0.12003	0.12944	0.10705	0.07407	0.00970	0.00667	0.00199	0.00544	0.00868	0.00576	0.04573
1	0.01576	0.01254	0.06564	0.01396	0.09282	0.01166	0.01042	0.20793	0.01775	0.11458	0.06454	0.13941	0.11464	0.04620	0.00833	0.00221	0.03948	0.00874	0.00537	0.00800
2	0.01128	0.09527	0.23758	0.04962	0.05181	0.01196	0.09781	0.01519	0.01307	0.01784	0.06329	0.15837	0.09418	0.01138	0.04223	0.00237	0.00721	0.00847	0.00383	0.00726
3	0.82811	0.01184	0.00900	0.00805	0.01184	0.01373	0.00663	0.01799	0.01042	0.02746	0.00852	0.00994	0.00663	0.00568	0.00379	0.00189	0.00474	0.00331	0.00379	0.00663
4	0.01310	0.01253	0.01760	0.01520	0.01520	0.01731	0.01253	0.01401	0.00922	0.01429	0.00831	0.01395	0.00831	0.01184	0.02050	0.09037	0.69142	0.00535	0.00268	0.00626
5	0.01273	0.01088	0.01604	0.20458	0.15449	0.01245	0.01253	0.09104	0.04455	0.01865	0.01480	0.05692	0.01338	0.07608	0.17658	0.00408	0.06276	0.00661	0.00363	0.00721
6	0.01395	0.06658	0.04931	0.05065	0.09183	0.04845	0.08796	0.01688	0.01347	0.07983	0.01909	0.09750	0.01824	0.01003	0.00800	0.00214	0.08863	0.15132	0.07891	0.00722
7	0.82811	0.01184	0.00900	0.00805	0.01184	0.01373	0.00663	0.01799	0.01042	0.02746	0.00852	0.00994	0.00663	0.00568	0.00379	0.00189	0.00474	0.00331	0.00379	0.00663
8	0.05867	0.01115	0.01306	0.01070	0.01438	0.01110	0.00853	0.21604	0.03521	0.30447	0.02572	0.11054	0.09480	0.04760	0.00756	0.00217	0.00522	0.00800	0.00636	0.00871
9	0.01415	0.01578	0.09238	0.10459	0.22802	0.11661	0.01404	0.01769	0.06335	0.01713	0.01352	0.06926	0.01229	0.03865	0.01004	0.08989	0.06570	0.00619	0.00333	0.00741
10	0.01682	0.01380	0.01625	0.01871	0.21255	0.10214	0.01165	0.02367	0.22454	0.13436	0.06057	0.10174	0.01894	0.00858	0.00631	0.00195	0.00605	0.00741	0.00517	0.00877
11	0.00756	0.00552	0.00712	0.00819	0.00884	0.00507	0.00558	0.00886	0.01253	0.01663	0.10915	0.62836	0.11784	0.01810	0.00769	0.00238	0.00344	0.01627	0.00579	0.00507
12	0.01143	0.00924	0.01240	0.01476	0.15872	0.00928	0.00928	0.10301	0.01473	0.01950	0.03093	0.14926	0.20218	0.07028	0.08938	0.00322	0.00633	0.07457	0.00481	0.00669
13	0.01411	0.02005	0.22064	0.05322	0.12087	0.09033	0.17793	0.01916	0.04801	0.01895	0.05275	0.03881	0.01266	0.00701	0.00761	0.00201	0.07821	0.00617	0.00333	0.00817

[dist]
# distance from previous block
# <min> <max>
0	12

[block]
# block no. 2 follows, 37 sequences, length 27
# corresponding to MSA columns:
# 78-104
name=unknown_C
#
# <colnr> <probs for GDERKNQSTAVLIFYWHMCP>
#	G	D	E	R	K	N	Q	S	T	A	V	L	I	F	Y	W	H	M	C	P
0	0.00788	0.00627	0.00712	0.00724	0.00901	0.00552	0.00556	0.00987	0.01466	0.01856	0.21551	0.08777	0.47267	0.01513	0.00740	0.00214	0.00336	0.09304	0.00592	0.00535
1	0.01033	0.00644	0.00726	0.00716	0.00908	0.00566	0.00532	0.01208	0.01373	0.10402	0.04493	0.20049	0.39464	0.01401	0.00676	0.00203	0.00340	0.01192	0.13489	0.00583
2	0.01339	0.02495	0.50779	0.01653	0.06807	0.01265	0.01832	0.01908	0.01319	0.06042	0.01173	0.01345	0.00857	0.00562	0.00557	0.00171	0.00775	0.00448	0.00311	0.18358
3	0.01290	0.00771	0.00930	0.00864	0.01084	0.00714	0.00653	0.06939	0.01529	0.16433	0.10506	0.21013	0.24056	0.06666	0.00875	0.00239	0.00418	0.03757	0.00606	0.00655
4	0.01242	0.00674	0.00728	0.00693	0.00850	0.00676	0.00509	0.06275	0.01359	0.06086	0.02097	0.09178	0.01833	0.10584	0.00819	0.00214	0.00369	0.00716	0.54504	0.00596
5	0.01306	0.00937	0.01235	0.01216	0.07758	0.00916	0.03495	0.10082	0.01628	0.10739	0.14550	0.12337	0.25703	0.01205	0.00746	0.00205	0.03641	0.01026	0.00567	0.00708
6	0.01508	0.01571	0.14276	0.12475	0.15768	0.04662	0.06546	0.07290	0.01487	0.10590	0.01727	0.16111	0.01559	0.00863	0.00644	0.00201	0.00710	0.00771	0.00420	0.00820
7	0.00875	0.00571	0.00754	0.00848	0.00912	0.00531	0.00574	0.00993	0.01220	0.05701	0.07631	0.64191	0.03889	0.07063	0.00928	0.00265	0.00377	0.01580	0.00572	0.00524
8	0.47800	0.01711	0.01339	0.04726	0.08635	0.23162	0.00979	0.01985	0.01286	0.02257	0.00919	0.01105	0.00736	0.00586	0.00462	0.00180	0.00697	0.00380	0.00348	0.00707
9	0.00768	0.00616	0.00686	0.00681	0.00857	0.00534	0.00506	0.00960	0.01482	0.01889	0.26531	0.10445	0.48920	0.01485	0.00727	0.00205	0.00307	0.01267	0.00600	0.00534
10	0.01429	0.01505	0.06401	0.16305	0.50219	0.01447	0.10056	0.01836	0.01365	0.01916	0.01148	0.01539	0.00928	0.00556	0.00619	0.00189	0.00788	0.00561	0.00296	0.00899
11	0.00923	0.00750	0.00851	0.00825	0.00958	0.04656	0.00605	0.01117	0.01346	0.01793	0.28054	0.03973	0.16038	0.14474	0.20463	0.00461	0.00732	0.00951	0.00499	0.00533
12	0.00790	0.00586	0.00736	0.00776	0.00887	0.00533	0.00553	0.00978	0.01437	0.01935	0.32184	0.35301	0.17887	0.01584	0.00747	0.00218	0.00320	0.01404	0.00610	0.00533
13	0.02081	0.01592	0.01698	0.01359	0.01804	0.01783	0.01104	0.51384	0.24523	0.03461	0.01783	0.01719	0.01294	0.00764	0.00616	0.00191	0.00616	0.00594	0.00616	0.01019
14	0.00861	0.00627	0.00816	0.00812	0.00950	0.00582	0.00620	0.01123	0.01619	0.02242	0.54434	0.11498	0.10047	0.01386	0.00743	0.00210	0.00331	0.09890	0.00643	0.00565
15	0.00885	0.00612	0.00762	0.00762	0.00795	0.00645	0.00489	0.00951	0.00918	0.01257	0.01842	0.03526	0.02017	0.56335	0.24983	0.00710	0.00907	0.00820	0.00358	0.00424
16	0.05641	0.01117	0.01350	0.01071	0.01479	0.01081	0.00873	0.18937	0.01953	0.39566	0.11489	0.02544	0.08390	0.00877	0.00628	0.00190	0.00507	0.00710	0.00680	0.00920
17	0.00867	0.00584	0.00675	0.00698	0.00703	0.00578	0.00403	0.00884	0.00936	0.01248	0.02164	0.16052	0.02522	0.66037	0.02736	0.00537	0.00555	0.01028	0.00403	0.00391
18	0.02443	0.01528	0.01722	0.01320	0.01805	0.01622	0.01090	0.53361	0.02567	0.23565	0.01731	0.01639	0.01172	0.00741	0.00613	0.00185	0.00631	0.00569	0.00653	0.01041
19	0.00813	0.00611	0.00842	0.07652	0.01231	0.00603	0.00719	0.00973	0.01223	0.01605	0.03333	0.57120	0.08181	0.01748	0.00771	0.00246	0.00421	0.10844	0.00541	0.00524
20	0.14168	0.08203	0.10656	0.01166	0.01495	0.05724	0.06571	0.01532	0.01257	0.05916	0.02064	0.32918	0.02186	0.02575	0.00673	0.00216	0.00583	0.00987	0.00443	0.00668
21	0.02287	0.02917	0.01735	0.01577	0.01892	0.76030	0.01183	0.02444	0.01735	0.01498	0.00946	0.01104	0.00788	0.00631	0.00552	0.00158	0.01104	0.00394	0.00315	0.00710
22	0.00885	0.00613	0.00765	0.00765	0.00799	0.00646	0.00492	0.00953	0.00919	0.01259	0.01840	0.03513	0.02012	0.55745	0.25565	0.00714	0.00915	0.00818	0.00358	0.00425
23	0.01657	0.01716	0.01723	0.04604	0.01828	0.24342	0.07578	0.12522	0.01561	0.01882	0.01375	0.08395	0.01281	0.04550	0.09850	0.00309	0.13092	0.00648	0.00377	0.00711
24	0.01156	0.01088	0.01836	0.77016	0.04216	0.01360	0.01700	0.01564	0.01224	0.01564	0.01088	0.01632	0.00816	0.00612	0.00612	0.00204	0.00816	0.00544	0.00272	0.00680
25	0.01894	0.08163	0.04868	0.01763	0.12861	0.11857	0.04039	0.29188	0.10293	0.02682	0.05293	0.01646	0.01308	0.00699	0.00595	0.00180	0.00720	0.00559	0.00475	0.00917
26	0.08608	0.01377	0.08416	0.09471	0.06604	0.01114	0.10042	0.01736	0.01296	0.05038	0.01146	0.01383	0.00895	0.00518	0.00525	0.00145	0.00627	0.00454	0.00351	0.40251

[dist]
# distance from previous block
# <min> <max>
0	1

[block]
# block no. 3 follows, 37 sequences, length 18
# corresponding to MSA columns:
# 106-123
name=unknown_D
#
# <colnr> <probs for GDERKNQSTAVLIFYWHMCP>
#	G	D	E	R	K	N	Q	S	T	A	V	L	I	F	Y	W	H	M	C	P
0	0.01388	0.03129	0.64184	0.01719	0.02535	0.12709	0.02098	0.02015	0.01359	0.01872	0.01075	0.01264	0.00777	0.00589	0.00577	0.00188	0.00935	0.00444	0.00267	0.00875
1	0.00802	0.00614	0.00735	0.00725	0.00880	0.00547	0.00536	0.01023	0.01551	0.02070	0.42129	0.12996	0.30312	0.01431	0.00729	0.00204	0.00304	0.01242	0.00624	0.00547
2	0.01608	0.09712	0.11577	0.07498	0.01992	0.16974	0.01339	0.08868	0.05853	0.01875	0.03537	0.01494	0.01080	0.00931	0.04117	0.00232	0.19688	0.00510	0.00348	0.00768
3	0.11490	0.14324	0.07807	0.01127	0.01433	0.17290	0.00961	0.01716	0.01265	0.04541	0.04164	0.02073	0.03313	0.18576	0.01226	0.00273	0.06842	0.00566	0.00356	0.00655
4	0.00884	0.00673	0.00831	0.00921	0.01025	0.00673	0.00660	0.01256	0.12162	0.01745	0.03428	0.54905	0.08648	0.01706	0.00759	0.00243	0.00391	0.07937	0.00576	0.00576
5	0.00900	0.07234	0.00917	0.00783	0.00881	0.00722	0.00551	0.00994	0.01118	0.01436	0.02979	0.23597	0.13580	0.33203	0.01705	0.00377	0.00491	0.07591	0.00461	0.00479
6	0.01644	0.02068	0.16734	0.01424	0.01813	0.23453	0.01295	0.13807	0.01585	0.01962	0.01243	0.01595	0.01038	0.03362	0.18646	0.00383	0.06321	0.00516	0.00355	0.00757
7	0.00762	0.00554	0.00719	0.00820	0.00887	0.00511	0.00561	0.00900	0.01276	0.01705	0.14351	0.60839	0.10282	0.01786	0.00767	0.00237	0.00341	0.01606	0.00584	0.00511
8	0.01982	0.01447	0.01303	0.01123	0.01446	0.20392	0.00866	0.08105	0.01681	0.27318	0.02584	0.09530	0.12596	0.05862	0.00788	0.00214	0.00643	0.00777	0.00560	0.00783
9	0.01123	0.01419	0.15820	0.01420	0.08704	0.04941	0.01157	0.01524	0.06445	0.01874	0.12678	0.22194	0.08692	0.01169	0.00802	0.00214	0.07684	0.00983	0.00459	0.00698
10	0.01379	0.20770	0.11667	0.11130	0.02012	0.10410	0.04620	0.01705	0.03818	0.01600	0.01517	0.11522	0.03011	0.05909	0.00839	0.00215	0.06162	0.00668	0.00338	0.00708
11	0.01306	0.01150	0.01254	0.01305	0.08176	0.08001	0.00896	0.07450	0.17564	0.02032	0.06790	0.10104	0.08599	0.06710	0.13972	0.00361	0.00744	0.00827	0.02040	0.00719
12	0.01035	0.00682	0.00814	0.00809	0.00928	0.00652	0.00557	0.05577	0.01318	0.06885	0.08870	0.29577	0.13935	0.23865	0.01423	0.00330	0.00444	0.01220	0.00536	0.00543
13	0.06517	0.07286	0.01486	0.01412	0.11946	0.01235	0.00968	0.09000	0.07585	0.06513	0.02735	0.14055	0.17478	0.01077	0.00760	0.00205	0.07634	0.00874	0.00486	0.00749
14	0.01840	0.12529	0.08015	0.02058	0.22179	0.23118	0.01413	0.12909	0.01684	0.02060	0.01092	0.01284	0.00884	0.00593	0.00551	0.00163	0.00815	0.00454	0.00349	0.06010
15	0.07831	0.02219	0.38804	0.07167	0.13758	0.01336	0.01757	0.03845	0.01325	0.02050	0.01095	0.01329	0.00828	0.00561	0.00552	0.00176	0.00757	0.00452	0.00303	0.13854
16	0.23048	0.16844	0.14879	0.01525	0.11061	0.01548	0.04039	0.06328	0.01355	0.06621	0.01262	0.06687	0.01072	0.00674	0.00518	0.00182	0.00647	0.00526	0.00373	0.00811
17	0.01453	0.01303	0.01852	0.01480	0.01769	0.12326	0.23055	0.01621	0.01256	0.07385	0.01485	0.02182	0.02464	0.15027	0.06372	0.16490	0.00853	0.00661	0.00354	0.00611

[dist]
# distance from previous block
# <min> <max>
0	3

[block]
# block no. 4 follows, 37 sequences, length 38
# corresponding to MSA columns:
# 127-164
name=unknown_E
#
# <colnr> <probs for GDERKNQSTAVLIFYWHMCP>
#	G	D	E	R	K	N	Q	S	T	A	V	L	I	F	Y	W	H	M	C	P
0	0.00942	0.00620	0.00756	0.00740	0.00796	0.00589	0.00462	0.00928	0.00943	0.01286	0.01860	0.12844	0.02100	0.45803	0.02418	0.17055	0.00537	0.00877	0.00374	0.08069
1	0.08775	0.00695	0.00799	0.00785	0.00951	0.00661	0.00564	0.01284	0.01291	0.11171	0.09933	0.25772	0.15902	0.13059	0.01041	0.00269	0.00405	0.01131	0.04934	0.00578
2	0.01354	0.01439	0.05715	0.11467	0.24620	0.10621	0.01419	0.01657	0.01343	0.01767	0.05215	0.06339	0.01634	0.01162	0.06597	0.00267	0.08017	0.08260	0.00358	0.00747
3	0.01576	0.15816	0.11599	0.21335	0.09547	0.09498	0.11456	0.05291	0.01440	0.05196	0.01138	0.01420	0.00876	0.00587	0.00577	0.00181	0.00830	0.00506	0.00320	0.00812
4	0.01513	0.06077	0.12218	0.01530	0.04715	0.27230	0.07886	0.01788	0.01418	0.01635	0.01762	0.15225	0.05407	0.01185	0.06286	0.00249	0.02065	0.00745	0.00362	0.00702
5	0.21930	0.01765	0.01693	0.07902	0.19844	0.22163	0.01246	0.05887	0.08258	0.02163	0.01158	0.01351	0.00919	0.00617	0.00537	0.00181	0.00750	0.00464	0.00369	0.00802
6	0.01142	0.00782	0.00834	0.00755	0.00991	0.00733	0.00574	0.10117	0.01550	0.07623	0.04462	0.04478	0.44976	0.08537	0.00895	0.00232	0.00396	0.01032	0.09278	0.00615
7	0.01405	0.01185	0.01976	0.49661	0.23403	0.01343	0.01674	0.01784	0.01321	0.08603	0.01230	0.01642	0.00924	0.00607	0.00611	0.00197	0.00764	0.00551	0.00326	0.00794
8	0.00768	0.00606	0.00682	0.00693	0.00848	0.00531	0.00502	0.00938	0.01411	0.01797	0.21009	0.16948	0.43971	0.05481	0.00855	0.00230	0.00327	0.01300	0.00582	0.00520
9	0.01226	0.01026	0.01643	0.28729	0.22196	0.01105	0.01330	0.01539	0.01354	0.05218	0.14104	0.08211	0.02105	0.06637	0.00830	0.00228	0.00635	0.00764	0.00403	0.00721
10	0.00958	0.00640	0.00743	0.00715	0.00856	0.00581	0.00499	0.01100	0.01333	0.07179	0.19631	0.08442	0.28331	0.24649	0.01440	0.00321	0.00409	0.01102	0.00546	0.00525
11	0.01204	0.00890	0.01014	0.00914	0.01116	0.00940	0.00710	0.15622	0.01647	0.02290	0.12446	0.13191	0.21230	0.01197	0.00775	0.00200	0.07634	0.00974	0.15353	0.00653
12	0.82811	0.01184	0.00900	0.00805	0.01184	0.01373	0.00663	0.01799	0.01042	0.02746	0.00852	0.00994	0.00663	0.00568	0.00379	0.00189	0.00474	0.00331	0.00379	0.00663
13	0.01800	0.48209	0.02711	0.01534	0.10845	0.22578	0.01189	0.02007	0.01398	0.01526	0.00915	0.01083	0.00809	0.00556	0.00463	0.00145	0.00788	0.00373	0.00282	0.00788
14	0.00865	0.00641	0.00790	0.00871	0.00964	0.00627	0.00626	0.01112	0.06612	0.01637	0.03417	0.39723	0.12357	0.13564	0.01133	0.00299	0.00432	0.13261	0.00541	0.00527
15	0.02013	0.01975	0.11106	0.08763	0.07653	0.11424	0.01408	0.42611	0.02263	0.02954	0.01295	0.01418	0.00948	0.00676	0.00600	0.00183	0.00776	0.00517	0.00474	0.00941
16	0.00876	0.00631	0.00872	0.00908	0.00985	0.00681	0.00672	0.01035	0.01039	0.01434	0.02137	0.13230	0.02277	0.21759	0.39139	0.00705	0.01084	0.09637	0.00399	0.00500
17	0.00773	0.00571	0.00722	0.00792	0.00884	0.00521	0.00553	0.00933	0.01352	0.01804	0.21834	0.47233	0.16406	0.01687	0.00756	0.00227	0.00331	0.01504	0.00595	0.00521
18	0.13665	0.01606	0.01376	0.01098	0.01557	0.19607	0.00865	0.07572	0.01481	0.02134	0.01049	0.01204	0.00852	0.00537	0.00480	0.00129	0.00635	0.00381	0.00374	0.43397
19	0.01461	0.09644	0.35602	0.01908	0.16715	0.01432	0.01720	0.05281	0.01404	0.05749	0.01169	0.01353	0.00885	0.00566	0.00553	0.00170	0.00748	0.00459	0.00325	0.12857
20	0.01764	0.13281	0.11569	0.06424	0.07439	0.07267	0.04591	0.14442	0.01639	0.12391	0.02385	0.01623	0.01117	0.02266	0.07739	0.00261	0.02004	0.00531	0.00417	0.00851
21	0.00787	0.00585	0.00782	0.00852	0.00938	0.00580	0.00610	0.00945	0.01191	0.01602	0.08575	0.42278	0.12706	0.02556	0.21508	0.00441	0.00698	0.01335	0.00510	0.00519
22	0.01265	0.01110	0.01836	0.48066	0.12779	0.01267	0.04813	0.01683	0.03886	0.05196	0.01602	0.05132	0.03904	0.00753	0.00639	0.00206	0.00739	0.04039	0.00351	0.00733
23	0.01745	0.11408	0.10831	0.04882	0.24224	0.07045	0.09080	0.04315	0.01496	0.14427	0.01492	0.01650	0.03417	0.00628	0.00591	0.00181	0.00752	0.00552	0.00390	0.00893
24	0.01454	0.00884	0.01020	0.00905	0.01203	0.00845	0.00705	0.01985	0.17544	0.21663	0.07518	0.07843	0.31574	0.01182	0.00675	0.00204	0.00407	0.00991	0.00637	0.00761
25	0.00937	0.00612	0.00760	0.00804	0.00936	0.00546	0.00572	0.01083	0.01330	0.08568	0.09371	0.45554	0.23326	0.01658	0.00745	0.00227	0.00353	0.01464	0.00594	0.00560
26	0.01810	0.01486	0.02010	0.07480	0.11234	0.13189	0.13623	0.02100	0.01439	0.19864	0.01466	0.01712	0.01108	0.01146	0.09770	0.00290	0.08458	0.00582	0.00416	0.00819
27	0.01628	0.30980	0.19733	0.05181	0.01974	0.09235	0.01361	0.02064	0.06037	0.08598	0.01364	0.01732	0.01128	0.00682	0.00535	0.00174	0.00738	0.05678	0.00359	0.00820
28	0.01520	0.00788	0.00968	0.00854	0.01139	0.00691	0.00664	0.01754	0.03602	0.29348	0.08893	0.13339	0.31452	0.01257	0.00687	0.00205	0.00399	0.01064	0.00648	0.00729
29	0.01487	0.02509	0.51003	0.01604	0.02350	0.01324	0.05657	0.06587	0.01499	0.11957	0.06962	0.01683	0.01287	0.00663	0.00607	0.00193	0.00797	0.00546	0.00383	0.00902
30	0.01604	0.01799	0.18748	0.07659	0.07725	0.07051	0.14029	0.05763	0.01471	0.13034	0.01541	0.07566	0.01272	0.04514	0.00801	0.00218	0.03315	0.00663	0.00401	0.00826
31	0.01345	0.06097	0.27901	0.02579	0.35221	0.01409	0.05208	0.01805	0.01332	0.01906	0.01330	0.08621	0.01180	0.00685	0.00608	0.00191	0.00765	0.00622	0.00310	0.00886
32	0.01598	0.01353	0.01427	0.01261	0.01621	0.01558	0.00987	0.09781	0.66912	0.02683	0.02395	0.02207	0.01791	0.00821	0.00622	0.00205	0.00502	0.00679	0.00622	0.00976
33	0.01770	0.08808	0.07595	0.07084	0.30008	0.05429	0.01448	0.07856	0.01554	0.14419	0.01407	0.01583	0.01061	0.00619	0.00570	0.00177	0.00687	0.00524	0.06499	0.00903
34	0.01636	0.12809	0.12695	0.02050	0.17823	0.09413	0.07848	0.05263	0.03991	0.05615	0.01155	0.01402	0.00928	0.00674	0.00820	0.00192	0.13991	0.00509	0.00336	0.00850
35	0.05747	0.01466	0.01309	0.01319	0.06962	0.23029	0.00897	0.01726	0.01307	0.08910	0.01620	0.09323	0.01595	0.21514	0.05412	0.00339	0.05780	0.00706	0.00398	0.00640
36	0.01776	0.18682	0.05909	0.01574	0.11987	0.14562	0.01180	0.16974	0.05220	0.02251	0.01308	0.01459	0.01037	0.00637	0.00524	0.00163	0.00696	0.00479	0.12746	0.00835
37	0.17163	0.01866	0.07420	0.12835	0.11547	0.21958	0.04952	0.02151	0.08194	0.04603	0.01200	0.01402	0.00926	0.00619	0.00555	0.00185	0.00795	0.00481	0.00360	0.00787

[dist]
# distance from previous block
# <min> <max>
0	84

[block]
# block no. 5 follows, 37 sequences, length 20
# corresponding to MSA columns:
# 249-268
name=unknown_F
#
# <colnr> <probs for GDERKNQSTAVLIFYWHMCP>
#	G	D	E	R	K	N	Q	S	T	A	V	L	I	F	Y	W	H	M	C	P
0	0.00803	0.00603	0.00750	0.00846	0.00958	0.00557	0.00635	0.00964	0.01290	0.01647	0.04154	0.36691	0.25084	0.03806	0.00842	0.00253	0.00400	0.18638	0.00562	0.00516
1	0.00996	0.00828	0.00964	0.06433	0.01300	0.02306	0.00734	0.01529	0.17519	0.01952	0.15457	0.27836	0.17026	0.01371	0.00708	0.00217	0.00413	0.01200	0.00572	0.00638
2	0.00764	0.00547	0.00727	0.00840	0.00892	0.00509	0.00570	0.00898	0.01257	0.01698	0.14169	0.66906	0.04311	0.01816	0.00772	0.00240	0.00345	0.01644	0.00584	0.00509
3	0.02042	0.02467	0.01694	0.10222	0.02115	0.56280	0.01210	0.02464	0.12419	0.01665	0.01194	0.01341	0.00953	0.00658	0.00569	0.00171	0.00978	0.00456	0.00356	0.00745
4	0.00760	0.00608	0.00680	0.00690	0.00856	0.00528	0.00507	0.00938	0.01439	0.01824	0.21476	0.16706	0.47757	0.01538	0.00732	0.00210	0.00312	0.01318	0.00593	0.00528
5	0.01061	0.00578	0.00602	0.00602	0.00699	0.00578	0.00410	0.01255	0.01158	0.01932	0.01975	0.02834	0.01779	0.25605	0.01288	0.00287	0.00384	0.00673	0.55796	0.00507
6	0.01028	0.00629	0.00747	0.00729	0.00845	0.00603	0.00520	0.01213	0.01321	0.05416	0.22527	0.04014	0.06848	0.25878	0.01427	0.00317	0.00419	0.06378	0.18611	0.00528
7	0.02389	0.01374	0.01582	0.01224	0.01680	0.01422	0.01007	0.41125	0.02334	0.30215	0.01863	0.01762	0.01259	0.00742	0.00599	0.00183	0.00586	0.00577	0.07073	0.01004
8	0.00874	0.00656	0.00984	0.00984	0.01093	0.00765	0.00765	0.01093	0.00984	0.01421	0.01640	0.02405	0.01530	0.04591	0.76062	0.00984	0.01640	0.00656	0.00328	0.00547
9	0.38912	0.01344	0.01263	0.01080	0.01473	0.01538	0.00872	0.18001	0.24661	0.02934	0.01514	0.01513	0.01133	0.00689	0.00509	0.00194	0.00521	0.00496	0.00509	0.00845
10	0.21935	0.01284	0.01325	0.01080	0.01448	0.01408	0.00872	0.34978	0.01945	0.07472	0.01383	0.01521	0.01035	0.00856	0.00744	0.09782	0.00557	0.00501	0.09066	0.00808
11	0.01322	0.01180	0.01783	0.60199	0.03665	0.01436	0.01558	0.09231	0.09867	0.01922	0.01292	0.01691	0.00963	0.00650	0.00613	0.00202	0.00762	0.00562	0.00349	0.00752
12	0.01909	0.02046	0.01714	0.10490	0.02083	0.33949	0.01221	0.12814	0.14868	0.02048	0.01307	0.01464	0.01028	0.00731	0.00749	0.00189	0.09682	0.00506	0.00405	0.00798
13	0.01260	0.09133	0.69632	0.01690	0.02564	0.01500	0.02166	0.01930	0.01289	0.01899	0.01079	0.01268	0.00776	0.00577	0.00567	0.00189	0.00885	0.00442	0.00259	0.00895
14	0.00827	0.00638	0.00771	0.00827	0.00985	0.00582	0.00657	0.01032	0.01412	0.01792	0.12777	0.14516	0.35579	0.01604	0.00769	0.00234	0.00394	0.23489	0.00579	0.00536
15	0.01947	0.01879	0.17942	0.01435	0.04282	0.10340	0.01304	0.18695	0.05051	0.19595	0.01821	0.01839	0.04659	0.00968	0.05245	0.00235	0.00776	0.00574	0.00503	0.00910
16	0.01190	0.01034	0.01382	0.26333	0.06076	0.04656	0.01158	0.07051	0.05195	0.01848	0.02172	0.26709	0.02247	0.01175	0.00691	0.00223	0.00619	0.09124	0.00450	0.00668
17	0.02053	0.00982	0.01176	0.00952	0.01308	0.00942	0.00770	0.14112	0.01773	0.35834	0.02325	0.02248	0.05371	0.00782	0.00561	0.00174	0.00460	0.00627	0.26688	0.00863
18	0.01315	0.01068	0.01468	0.01792	0.21799	0.01098	0.01073	0.14924	0.06039	0.02228	0.05981	0.33653	0.02570	0.01208	0.00687	0.00212	0.00524	0.01083	0.00511	0.00766
19	0.01592	0.01197	0.03928	0.09603	0.18385	0.04656	0.01121	0.05593	0.01434	0.17242	0.02091	0.02603	0.08649	0.17897	0.01171	0.00278	0.00643	0.00700	0.00453	0.00766

[dist]
# distance from previous block
# <min> <max>
0	2

[block]
# block no. 6 follows, 37 sequences, length 8
# corresponding to MSA columns:
# 271-278
name=unknown_G
#
# <colnr> <probs for GDERKNQSTAVLIFYWHMCP>
#	G	D	E	R	K	N	Q	S	T	A	V	L	I	F	Y	W	H	M	C	P
0	0.13706	0.03584	0.01412	0.01178	0.01500	0.13658	0.04850	0.07547	0.06148	0.14791	0.07527	0.16065	0.02044	0.00965	0.00614	0.00197	0.00606	0.02326	0.00522	0.00759
1	0.01566	0.01656	0.12044	0.01735	0.13335	0.07041	0.08525	0.09611	0.01568	0.07158	0.01723	0.01855	0.07935	0.00662	0.00585	0.00164	0.00684	0.00570	0.00404	0.21179
2	0.01688	0.01822	0.12498	0.01416	0.01850	0.16552	0.08448	0.12830	0.07362	0.06844	0.01981	0.02333	0.07003	0.00813	0.00617	0.00190	0.00734	0.06020	0.08196	0.00803
3	0.01117	0.01109	0.08292	0.01161	0.01438	0.00940	0.08144	0.06299	0.06969	0.01854	0.04428	0.22380	0.02275	0.16180	0.07974	0.00350	0.00676	0.00961	0.00448	0.07005
4	0.07745	0.01306	0.07271	0.08690	0.05549	0.01209	0.13315	0.07325	0.04924	0.06751	0.07144	0.01949	0.01471	0.01394	0.14646	0.00335	0.00866	0.00614	0.00411	0.07085
5	0.01486	0.19909	0.14253	0.08164	0.07820	0.10755	0.08602	0.03603	0.04837	0.01722	0.01223	0.01663	0.01054	0.09287	0.02945	0.00242	0.00822	0.00527	0.00317	0.00768
6	0.09375	0.11246	0.01749	0.07139	0.01808	0.13977	0.08242	0.02002	0.06061	0.12612	0.08601	0.02316	0.10774	0.00802	0.00588	0.00183	0.00658	0.00655	0.00460	0.00753
7	0.01482	0.01403	0.01817	0.07567	0.07725	0.08096	0.11836	0.07961	0.21512	0.02138	0.01734	0.07062	0.01451	0.01121	0.07796	0.00266	0.00782	0.00678	0.00442	0.07130

[dist]
# distance from previous block
# <min> <max>
1	129

[block]
# block no. 7 follows, 37 sequences, length 39
# corresponding to MSA columns:
# 445-483
name=unknown_H
#
# <colnr> <probs for GDERKNQSTAVLIFYWHMCP>
#	G	D	E	R	K	N	Q	S	T	A	V	L	I	F	Y	W	H	M	C	P
0	0.01340	0.01402	0.05446	0.09038	0.07889	0.06894	0.18406	0.06222	0.09479	0.01966	0.02078	0.20054	0.05124	0.00970	0.00679	0.00209	0.00709	0.00908	0.00431	0.00755
1	0.01233	0.01628	0.22487	0.01666	0.15153	0.03745	0.01339	0.04370	0.01400	0.05223	0.02580	0.20465	0.14036	0.01073	0.00659	0.00205	0.00621	0.00927	0.00432	0.00759
2	0.01279	0.01339	0.09552	0.04342	0.18589	0.03162	0.01235	0.05404	0.03666	0.04528	0.02676	0.11819	0.18853	0.01047	0.00814	0.00208	0.09443	0.00860	0.00432	0.00752
3	0.12004	0.07739	0.01827	0.07135	0.05191	0.01178	0.17895	0.01550	0.01330	0.05359	0.02810	0.02922	0.24543	0.01092	0.04619	0.00237	0.00671	0.00790	0.00417	0.00693
4	0.01578	0.01245	0.10355	0.08865	0.07839	0.01017	0.01124	0.07096	0.01573	0.19547	0.13178	0.07706	0.03027	0.00957	0.02642	0.00208	0.00586	0.00729	0.05607	0.05120
5	0.01474	0.01766	0.11020	0.19720	0.09475	0.17422	0.06027	0.06472	0.01465	0.01811	0.01449	0.12677	0.01338	0.00932	0.03056	0.00222	0.01885	0.00691	0.00353	0.00745
6	0.01338	0.00753	0.01011	0.00932	0.01081	0.00777	0.00687	0.01478	0.01154	0.18927	0.02037	0.10091	0.01946	0.26023	0.24373	0.00565	0.04935	0.00817	0.00464	0.00612
7	0.01272	0.19509	0.01825	0.01351	0.07573	0.01446	0.01019	0.01364	0.01026	0.01405	0.01064	0.01593	0.01012	0.01812	0.15723	0.19365	0.20243	0.00509	0.00280	0.00606
8	0.01819	0.01632	0.01985	0.13152	0.18223	0.10467	0.05195	0.28206	0.04414	0.02540	0.01328	0.01632	0.01047	0.04770	0.00743	0.00207	0.00766	0.00562	0.00430	0.00883
9	0.21005	0.04365	0.01558	0.01725	0.20893	0.07365	0.01071	0.01871	0.01295	0.11678	0.01418	0.05315	0.01225	0.07366	0.00828	0.00222	0.04672	0.00570	0.04793	0.00766
10	0.00777	0.00563	0.00734	0.00817	0.00891	0.00520	0.00565	0.00934	0.01334	0.01805	0.22400	0.54342	0.08610	0.01719	0.00762	0.00231	0.00335	0.01546	0.00596	0.00520
11	0.01104	0.00916	0.01581	0.19343	0.02161	0.00968	0.13267	0.01393	0.01247	0.05535	0.05418	0.22412	0.02132	0.01864	0.17393	0.00388	0.00872	0.00950	0.00415	0.00641
12	0.08501	0.01450	0.01350	0.01196	0.01548	0.11767	0.00933	0.02836	0.43868	0.11587	0.02361	0.02212	0.06106	0.00816	0.00598	0.00197	0.00564	0.00648	0.00573	0.00888
13	0.22442	0.01290	0.08283	0.01001	0.01395	0.02361	0.00884	0.12798	0.01607	0.06008	0.18682	0.02134	0.02091	0.00767	0.00543	0.00175	0.00498	0.00599	0.06881	0.09560
14	0.01426	0.36309	0.14979	0.01185	0.01648	0.02811	0.04980	0.01745	0.01258	0.01758	0.01186	0.01409	0.00980	0.00619	0.00568	0.00159	0.06067	0.00444	0.19722	0.00748
15	0.01104	0.00846	0.01086	0.01011	0.01120	0.00951	0.00771	0.04459	0.01275	0.05595	0.10437	0.18776	0.13437	0.11956	0.04956	0.00317	0.18819	0.02011	0.00482	0.00590
16	0.01160	0.01002	0.01177	0.00987	0.04805	0.00801	0.00727	0.01461	0.03917	0.01934	0.02361	0.02419	0.18468	0.00733	0.00531	0.00127	0.00433	0.00605	0.00418	0.55933
17	0.01255	0.01051	0.01246	0.04389	0.01508	0.00854	0.00751	0.04292	0.01295	0.01965	0.01256	0.04252	0.01132	0.07210	0.00707	0.00148	0.00487	0.00473	0.00376	0.65351
18	0.01269	0.01088	0.01269	0.00907	0.01451	0.00816	0.00725	0.01541	0.01269	0.01995	0.01088	0.01269	0.00907	0.00453	0.00453	0.00091	0.00453	0.00363	0.00363	0.82229
19	0.01758	0.17652	0.11141	0.01583	0.05840	0.26362	0.05047	0.02396	0.18670	0.01846	0.01341	0.01435	0.01061	0.00640	0.00553	0.00173	0.00817	0.00484	0.00370	0.00831
20	0.00769	0.00607	0.00693	0.00703	0.00863	0.00531	0.00515	0.00955	0.01456	0.01872	0.25577	0.17663	0.42574	0.01525	0.00733	0.00210	0.00311	0.01314	0.00599	0.00531
21	0.01223	0.00654	0.00880	0.00909	0.01049	0.00593	0.00647	0.01360	0.01310	0.19090	0.03145	0.59970	0.03445	0.01641	0.00742	0.00234	0.00395	0.01472	0.00613	0.00627
22	0.01208	0.00712	0.00820	0.00754	0.01008	0.00606	0.00579	0.01378	0.01459	0.19151	0.05025	0.11971	0.50230	0.01397	0.00703	0.00207	0.00365	0.01174	0.00614	0.00640
23	0.01535	0.01077	0.01737	0.58917	0.03583	0.01250	0.01509	0.01902	0.01350	0.19091	0.01404	0.01740	0.00983	0.00647	0.00613	0.00201	0.00746	0.00561	0.00388	0.00766
24	0.20900	0.01284	0.01269	0.01141	0.01495	0.01487	0.00896	0.02906	0.56276	0.02605	0.02101	0.01976	0.01581	0.00768	0.00565	0.00203	0.00482	0.00606	0.00565	0.00896
25	0.02075	0.01565	0.01702	0.01289	0.01792	0.01640	0.01059	0.55683	0.02495	0.03414	0.01379	0.01422	0.01009	0.00668	0.00574	0.00162	0.00621	0.00506	0.00553	0.20394
26	0.63726	0.01150	0.01024	0.00873	0.01274	0.01260	0.00719	0.02082	0.01211	0.19992	0.01225	0.01254	0.00866	0.00613	0.00435	0.00189	0.00485	0.00399	0.00469	0.00753
27	0.01289	0.20953	0.50624	0.01480	0.02218	0.01575	0.01803	0.01834	0.01325	0.01872	0.08417	0.01549	0.01281	0.00635	0.00551	0.00179	0.00783	0.00488	0.00301	0.00843
28	0.01626	0.01456	0.03135	0.09047	0.09311	0.04881	0.12066	0.05185	0.36024	0.07765	0.01896	0.01934	0.01411	0.00711	0.00630	0.00200	0.00669	0.00639	0.00499	0.00914
29	0.01535	0.01077	0.01737	0.58917	0.03583	0.01250	0.01509	0.01902	0.01350	0.19091	0.01404	0.01740	0.00983	0.00647	0.00613	0.00201	0.00746	0.00561	0.00388	0.00766
30	0.01222	0.00658	0.00875	0.00898	0.01046	0.00594	0.00643	0.01361	0.01320	0.19095	0.03275	0.56664	0.06667	0.01624	0.00739	0.00233	0.00393	0.01452	0.00613	0.00628
31	0.02427	0.01554	0.01738	0.01332	0.01818	0.01660	0.01101	0.56026	0.02610	0.20838	0.01695	0.01616	0.01154	0.00740	0.00613	0.00185	0.00637	0.00566	0.00647	0.01041
32	0.01901	0.60307	0.02782	0.01057	0.01569	0.02059	0.01012	0.02107	0.01365	0.18997	0.01224	0.01245	0.00959	0.00579	0.00446	0.00145	0.00623	0.00396	0.00380	0.00847
33	0.00931	0.00579	0.00699	0.00699	0.00699	0.00579	0.00409	0.00868	0.00868	0.01157	0.01722	0.03494	0.01948	0.60285	0.02943	0.20044	0.00579	0.00805	0.00346	0.00346
34	0.01195	0.00866	0.01062	0.01068	0.01244	0.00894	0.00836	0.18087	0.01650	0.02191	0.02880	0.38343	0.03173	0.01567	0.00760	0.00243	0.00494	0.22222	0.00577	0.00647
35	0.01224	0.00681	0.00853	0.00837	0.01020	0.00604	0.00609	0.01369	0.01355	0.19095	0.03826	0.36607	0.22229	0.05669	0.00852	0.00242	0.00395	0.01306	0.00603	0.00625
36	0.01047	0.00840	0.01310	0.01614	0.18603	0.00915	0.01005	0.01305	0.01104	0.01624	0.01550	0.02183	0.01400	0.03335	0.52381	0.00729	0.01320	0.00623	0.06461	0.00649
37	0.01235	0.01666	0.15237	0.01969	0.02539	0.01280	0.43211	0.01699	0.01407	0.01884	0.02397	0.02600	0.18421	0.00774	0.00698	0.00204	0.00838	0.00812	0.00363	0.00766
38	0.01030	0.00703	0.00820	0.00772	0.00965	0.00668	0.00585	0.01417	0.08525	0.06133	0.34870	0.06531	0.21175	0.01204	0.00669	0.00192	0.00327	0.01032	0.11758	0.00622

[dist]
# distance from previous block
# <min> <max>
0	4

[block]
# block no. 8 follows, 37 sequences, length 8
# corresponding to MSA columns:
# 488-495
name=unknown_I
#
# <colnr> <probs for GDERKNQSTAVLIFYWHMCP>
#	G	D	E	R	K	N	Q	S	T	A	V	L	I	F	Y	W	H	M	C	P
0	0.01700	0.01835	0.19461	0.06393	0.05992	0.01462	0.15235	0.17368	0.08328	0.10114	0.01515	0.01651	0.01089	0.00649	0.00619	0.00193	0.00758	0.00581	0.04143	0.00913
1	0.01233	0.00881	0.01350	0.01094	0.01370	0.00800	0.14475	0.01441	0.01358	0.13321	0.07333	0.03935	0.27327	0.19849	0.01286	0.00297	0.00551	0.00966	0.00506	0.00628
2	0.01143	0.13338	0.01918	0.01353	0.01619	0.01269	0.14755	0.01409	0.01111	0.01533	0.01370	0.01947	0.01237	0.02873	0.43499	0.00640	0.07422	0.00607	0.00309	0.00648
3	0.00994	0.00804	0.01262	0.01055	0.01198	0.00776	0.14379	0.01140	0.01132	0.01539	0.13309	0.03639	0.02539	0.51088	0.02271	0.00455	0.00630	0.00892	0.00407	0.00492
4	0.00947	0.00851	0.01354	0.01148	0.01376	0.00818	0.14531	0.01202	0.01416	0.01891	0.22416	0.15156	0.23776	0.01440	0.04306	0.00249	0.04878	0.01127	0.00518	0.00600
5	0.01879	0.07794	0.06078	0.02070	0.14002	0.18850	0.19156	0.03845	0.01541	0.13469	0.01292	0.01483	0.00974	0.00620	0.00670	0.00184	0.04314	0.00544	0.00380	0.00855
6	0.01558	0.14089	0.17772	0.01497	0.02031	0.01406	0.15065	0.02118	0.09496	0.13612	0.09286	0.02212	0.01729	0.00749	0.00618	0.00192	0.00697	0.04577	0.00450	0.00845
7	0.01298	0.00905	0.01380	0.08540	0.01688	0.00947	0.07819	0.01675	0.07887	0.13365	0.02270	0.23062	0.02189	0.01887	0.16301	0.00381	0.03104	0.04117	0.00491	0.00695

[dist]
# distance from previous block
# <min> <max>
0	286

# created by:
# /home/cegg/simao/soft/augustus-3.2.1/scripts/msa2prfl.pl ./align_prep/24670.fa
