[name]
unknown

[dist]
# distance from previous block
# <min> <max>
0	319

[block]
# block no. 0 follows, 48 sequences, length 23
# corresponding to MSA columns:
# 333-355
name=unknown_A
#
# <colnr> <probs for GDERKNQSTAVLIFYWHMCP>
#	G	D	E	R	K	N	Q	S	T	A	V	L	I	F	Y	W	H	M	C	P
0	0.00883	0.00918	0.10131	0.04947	0.10267	0.00757	0.00873	0.01152	0.03632	0.01484	0.07854	0.09132	0.07526	0.14077	0.06198	0.00272	0.01933	0.11883	0.02429	0.03654
1	0.00827	0.00657	0.00721	0.00623	0.00872	0.00557	0.00479	0.01074	0.04851	0.01638	0.10792	0.03183	0.35299	0.00892	0.00506	0.00137	0.00298	0.00742	0.10761	0.25091
2	0.01297	0.01213	0.06582	0.08866	0.36190	0.03670	0.08098	0.04593	0.01265	0.09776	0.06855	0.01743	0.06376	0.00588	0.00529	0.00159	0.00589	0.00543	0.00337	0.00730
3	0.01120	0.03730	0.36120	0.04377	0.11125	0.04986	0.01365	0.01512	0.01085	0.04397	0.01017	0.01253	0.00799	0.00942	0.11510	0.00238	0.00759	0.00404	0.00260	0.13001
4	0.64197	0.01373	0.04684	0.00847	0.01174	0.17455	0.00710	0.01626	0.01004	0.02053	0.00741	0.00865	0.00582	0.00488	0.00356	0.00153	0.00524	0.00294	0.00302	0.00574
5	0.01412	0.57126	0.08698	0.01009	0.01415	0.07990	0.00988	0.01606	0.01076	0.05408	0.00803	0.00931	0.00692	0.00506	0.00496	0.00130	0.08488	0.00317	0.00245	0.00664
6	0.01118	0.00800	0.00948	0.03510	0.01123	0.00808	0.00654	0.17003	0.05098	0.04697	0.01817	0.24342	0.01813	0.08018	0.04948	0.00225	0.00464	0.02973	0.07086	0.12557
7	0.00968	0.00579	0.00757	0.00682	0.00848	0.00524	0.00522	0.01198	0.01441	0.14135	0.62958	0.03558	0.07822	0.00996	0.00591	0.00162	0.00273	0.00871	0.00572	0.00543
8	0.00624	0.00514	0.00548	0.00554	0.00707	0.00438	0.00410	0.00764	0.01188	0.01466	0.14425	0.11972	0.62022	0.01296	0.00611	0.00175	0.00261	0.01098	0.00488	0.00438
9	0.00622	0.00460	0.00581	0.00678	0.00735	0.00420	0.00460	0.00719	0.01017	0.01324	0.03268	0.67381	0.17361	0.01550	0.00646	0.00202	0.00291	0.01389	0.00476	0.00420
10	0.00736	0.00536	0.00756	0.00756	0.00824	0.00604	0.00556	0.00872	0.00804	0.01141	0.01437	0.02362	0.01433	0.23999	0.59989	0.00740	0.01148	0.00600	0.00284	0.00420
11	0.45136	0.00984	0.00899	0.00794	0.01081	0.01110	0.00631	0.09772	0.16582	0.03514	0.02544	0.04225	0.05549	0.04559	0.00526	0.00180	0.00409	0.00481	0.00403	0.00622
12	0.36494	0.28226	0.01579	0.00855	0.01236	0.01510	0.00757	0.16490	0.01266	0.06222	0.00886	0.00957	0.00691	0.00500	0.00371	0.00141	0.00483	0.00326	0.00340	0.00670
13	0.01013	0.01454	0.25818	0.10050	0.01802	0.01025	0.02658	0.01352	0.01001	0.01497	0.00941	0.01235	0.00769	0.00926	0.10352	0.00228	0.11870	0.00401	0.00253	0.25357
14	0.01330	0.24499	0.34309	0.01338	0.01887	0.15242	0.09511	0.01698	0.01160	0.03315	0.00880	0.01032	0.00683	0.00479	0.00453	0.00144	0.00733	0.00369	0.00241	0.00698
15	0.05169	0.01357	0.01114	0.03772	0.06999	0.30575	0.00833	0.01491	0.04920	0.01465	0.03810	0.14574	0.10158	0.00898	0.00540	0.00167	0.00594	0.09367	0.01643	0.00555
16	0.00645	0.00513	0.00579	0.00581	0.00721	0.00447	0.00429	0.00804	0.01233	0.01581	0.27137	0.13587	0.47410	0.01260	0.00612	0.00174	0.00259	0.01080	0.00503	0.00447
17	0.00923	0.12828	0.11367	0.00928	0.01191	0.00934	0.04849	0.04480	0.01103	0.01467	0.05247	0.16738	0.15072	0.05179	0.09077	0.00255	0.03534	0.02794	0.01490	0.00544
18	0.00901	0.05079	0.01164	0.03881	0.01228	0.00754	0.09935	0.05393	0.01105	0.01496	0.02028	0.39919	0.03507	0.06063	0.00701	0.00194	0.00439	0.03488	0.00395	0.12331
19	0.00877	0.00568	0.00681	0.00644	0.00786	0.00545	0.00485	0.03281	0.04157	0.04818	0.42140	0.09380	0.08504	0.00966	0.00544	0.00156	0.00269	0.00836	0.19851	0.00512
20	0.01060	0.00994	0.01730	0.05297	0.39042	0.00980	0.12425	0.01333	0.01166	0.01632	0.12603	0.12341	0.01782	0.04541	0.00656	0.00181	0.00550	0.00694	0.00331	0.00661
21	0.00629	0.00465	0.00588	0.00674	0.00737	0.00425	0.00461	0.00736	0.01050	0.01377	0.08633	0.62176	0.17150	0.01512	0.00643	0.00199	0.00287	0.01353	0.00483	0.00425
22	0.01162	0.04631	0.15936	0.04872	0.21705	0.01123	0.07108	0.01675	0.12388	0.01699	0.01102	0.01273	0.00866	0.00478	0.00475	0.00139	0.00569	0.00426	0.00297	0.22075

[dist]
# distance from previous block
# <min> <max>
0	16

[block]
# block no. 1 follows, 48 sequences, length 31
# corresponding to MSA columns:
# 372-402
name=unknown_B
#
# <colnr> <probs for GDERKNQSTAVLIFYWHMCP>
#	G	D	E	R	K	N	Q	S	T	A	V	L	I	F	Y	W	H	M	C	P
0	0.10017	0.10234	0.01774	0.17609	0.13126	0.16776	0.09014	0.06161	0.01255	0.07943	0.00977	0.01177	0.00751	0.00504	0.00472	0.00151	0.00669	0.00414	0.00301	0.00674
1	0.23080	0.25049	0.05630	0.01282	0.11936	0.13762	0.02913	0.03717	0.03356	0.03794	0.00869	0.00998	0.00705	0.00485	0.00402	0.00140	0.00589	0.00343	0.00285	0.00665
2	0.37425	0.01092	0.05219	0.28993	0.06433	0.01173	0.01027	0.07244	0.01093	0.04676	0.00894	0.01121	0.00670	0.00505	0.00428	0.00163	0.00543	0.00378	0.00303	0.00621
3	0.03051	0.00651	0.00849	0.08169	0.03014	0.00643	0.00639	0.05281	0.01309	0.07680	0.31380	0.19305	0.12743	0.01067	0.00587	0.00174	0.00346	0.02088	0.00492	0.00533
4	0.00884	0.00639	0.00702	0.00680	0.00836	0.00636	0.00505	0.08305	0.08623	0.01765	0.09204	0.20782	0.24062	0.03119	0.00603	0.00176	0.00312	0.00922	0.16726	0.00518
5	0.01275	0.01332	0.01808	0.11079	0.01968	0.12369	0.20479	0.04396	0.14768	0.01601	0.02341	0.01481	0.03090	0.00648	0.00801	0.00178	0.18900	0.00522	0.00314	0.00651
6	0.01554	0.04805	0.01413	0.09858	0.01694	0.28286	0.00965	0.12010	0.30355	0.01855	0.01349	0.01383	0.01033	0.00598	0.00492	0.00154	0.00641	0.00453	0.00388	0.00713
7	0.01205	0.01046	0.01755	0.39965	0.36996	0.01146	0.01441	0.01520	0.01123	0.07407	0.01021	0.01353	0.00786	0.00497	0.00511	0.00162	0.00632	0.00461	0.00271	0.00702
8	0.10402	0.01128	0.01300	0.07630	0.23955	0.12792	0.00973	0.05648	0.01164	0.01605	0.01426	0.21043	0.01462	0.06445	0.00664	0.00189	0.00552	0.00685	0.00334	0.00605
9	0.80265	0.06133	0.00877	0.00688	0.01013	0.01207	0.00576	0.01510	0.00884	0.02233	0.00714	0.00833	0.00562	0.00474	0.00318	0.00156	0.00407	0.00278	0.00311	0.00562
10	0.01118	0.01158	0.00993	0.04553	0.03440	0.20590	0.00717	0.01540	0.16584	0.01589	0.11729	0.02931	0.29244	0.00896	0.00546	0.00161	0.00483	0.00729	0.00425	0.00573
11	0.00743	0.00506	0.00604	0.00601	0.00622	0.00515	0.00367	0.00785	0.00810	0.01102	0.07447	0.03219	0.02016	0.65585	0.12568	0.00515	0.00593	0.00734	0.00326	0.00343
12	0.01101	0.23078	0.05178	0.08561	0.04108	0.01126	0.00844	0.09036	0.01193	0.04196	0.03907	0.31938	0.01875	0.00938	0.00518	0.00165	0.00467	0.00802	0.00374	0.00592
13	0.01062	0.00982	0.01326	0.01170	0.01216	0.01289	0.00949	0.06891	0.00963	0.01406	0.01316	0.16357	0.04302	0.01100	0.03338	0.00229	0.54583	0.00666	0.00305	0.00550
14	0.04410	0.09594	0.07515	0.06511	0.22743	0.14384	0.01121	0.01779	0.01238	0.16766	0.03063	0.01341	0.00963	0.00532	0.00469	0.00146	0.00599	0.00430	0.05680	0.00715
15	0.01386	0.55792	0.07043	0.01294	0.12932	0.07040	0.01051	0.03670	0.03105	0.01385	0.00818	0.00951	0.00710	0.00462	0.00384	0.00124	0.00592	0.00325	0.00243	0.00693
16	0.00689	0.00512	0.00533	0.00527	0.00684	0.00448	0.00396	0.00854	0.01187	0.01572	0.13680	0.04214	0.54388	0.01132	0.00558	0.00161	0.00254	0.00946	0.16815	0.00448
17	0.00754	0.00569	0.00639	0.00633	0.00802	0.00508	0.00491	0.03479	0.01247	0.04296	0.13137	0.08718	0.51371	0.01254	0.00615	0.00180	0.00302	0.10037	0.00493	0.00474
18	0.59056	0.01039	0.01069	0.04948	0.14539	0.01166	0.00799	0.03365	0.04255	0.04418	0.00876	0.01016	0.00677	0.00492	0.00379	0.00159	0.00453	0.00341	0.00325	0.00628
19	0.01272	0.01156	0.01692	0.12255	0.40393	0.01248	0.01281	0.06203	0.25379	0.01867	0.01327	0.01483	0.01037	0.00549	0.00513	0.00162	0.00552	0.00496	0.00350	0.00785
20	0.01236	0.01436	0.16524	0.07102	0.04753	0.07519	0.09347	0.04558	0.03969	0.06742	0.01306	0.01489	0.05255	0.02757	0.00572	0.00151	0.02563	0.00461	0.00318	0.21944
21	0.00721	0.00536	0.00729	0.00731	0.00817	0.00580	0.00544	0.00864	0.00881	0.01211	0.04040	0.02805	0.11812	0.18480	0.50362	0.00643	0.01004	0.02491	0.00321	0.00427
22	0.85592	0.00992	0.00754	0.00675	0.00992	0.01151	0.00556	0.01508	0.00873	0.02302	0.00714	0.00834	0.00556	0.00476	0.00318	0.00159	0.00397	0.00278	0.00318	0.00556
23	0.01569	0.01421	0.04912	0.03265	0.01839	0.03606	0.17076	0.38293	0.07576	0.02379	0.01148	0.01290	0.00859	0.00612	0.00691	0.00169	0.11637	0.00493	0.00396	0.00768
24	0.01230	0.01178	0.02011	0.13446	0.68782	0.01209	0.01555	0.01540	0.01149	0.01628	0.00958	0.01283	0.00796	0.00465	0.00509	0.00155	0.00619	0.00457	0.00251	0.00781
25	0.00668	0.00512	0.00593	0.00589	0.00711	0.00458	0.00424	0.00822	0.01211	0.01586	0.31858	0.11380	0.35868	0.10049	0.00830	0.00207	0.00283	0.01023	0.00491	0.00437
26	0.00909	0.00710	0.01076	0.00982	0.03331	0.00750	0.09244	0.06757	0.00967	0.01335	0.01360	0.02246	0.01336	0.26865	0.34473	0.05377	0.00912	0.00601	0.00299	0.00468
27	0.01178	0.49305	0.09963	0.00873	0.01221	0.01467	0.00855	0.01306	0.00993	0.01243	0.06705	0.01246	0.01029	0.00795	0.00746	0.19373	0.00524	0.00374	0.00246	0.00557
28	0.07638	0.19423	0.01622	0.21254	0.04511	0.01351	0.03034	0.05978	0.19822	0.01716	0.01425	0.01543	0.05352	0.00587	0.00462	0.00154	0.00524	0.00472	0.02465	0.00667
29	0.02337	0.01079	0.03522	0.16159	0.15004	0.01118	0.01062	0.20380	0.04216	0.05701	0.01409	0.14777	0.01271	0.00729	0.00565	0.00165	0.03285	0.00619	0.00382	0.06219
30	0.03564	0.04667	0.01542	0.01427	0.13534	0.12855	0.06524	0.26113	0.01617	0.02157	0.09561	0.01547	0.01294	0.00727	0.03613	0.00175	0.00612	0.00496	0.07274	0.00701

[dist]
# distance from previous block
# <min> <max>
0	2

[block]
# block no. 2 follows, 48 sequences, length 49
# corresponding to MSA columns:
# 405-408,410-454
name=unknown_C
#
# <colnr> <probs for GDERKNQSTAVLIFYWHMCP>
#	G	D	E	R	K	N	Q	S	T	A	V	L	I	F	Y	W	H	M	C	P
0	0.18996	0.07486	0.01597	0.13094	0.30503	0.03360	0.01130	0.07978	0.03469	0.01867	0.00975	0.01198	0.00779	0.00498	0.00446	0.00152	0.00549	0.00407	0.04822	0.00693
1	0.01477	0.01624	0.01673	0.17445	0.25104	0.30896	0.01261	0.05439	0.01281	0.01490	0.00881	0.01146	0.00723	0.00537	0.00583	0.00154	0.06950	0.00409	0.00263	0.00667
2	0.00839	0.00475	0.00690	0.00690	0.00710	0.00495	0.00473	0.00732	0.00712	0.00969	0.01083	0.01872	0.01092	0.11676	0.19237	0.56565	0.00656	0.00504	0.00245	0.00285
3	0.00817	0.00615	0.00724	0.00728	0.00870	0.00592	0.00560	0.08849	0.01274	0.01651	0.12389	0.19513	0.27360	0.06251	0.00749	0.00209	0.00353	0.15534	0.00480	0.00482
4	0.00914	0.00570	0.00772	0.00718	0.00854	0.00558	0.00544	0.01117	0.01236	0.10770	0.43503	0.03074	0.03264	0.07737	0.21670	0.00361	0.00582	0.00766	0.00478	0.00510
5	0.00705	0.00521	0.00663	0.00649	0.00768	0.00472	0.00477	0.00905	0.01322	0.01834	0.54121	0.18723	0.12100	0.01162	0.00608	0.00169	0.00259	0.01027	0.00531	0.02987
6	0.00631	0.00451	0.00602	0.00721	0.00754	0.00422	0.00487	0.00725	0.00988	0.01317	0.02825	0.79383	0.03381	0.01602	0.00657	0.00209	0.00303	0.03649	0.00476	0.00418
7	0.01152	0.01119	0.01928	0.26486	0.39128	0.01188	0.09367	0.01467	0.01104	0.01539	0.00939	0.01292	0.00760	0.00489	0.00571	0.00159	0.04696	0.00463	0.00248	0.05907
8	0.01005	0.00883	0.01212	0.22028	0.07523	0.00814	0.00880	0.01253	0.01053	0.01537	0.01130	0.10158	0.01038	0.00558	0.00455	0.00122	0.00468	0.00484	0.00299	0.47098
9	0.01523	0.01147	0.01235	0.01039	0.01353	0.01281	0.00821	0.26926	0.41862	0.07313	0.01766	0.01769	0.01333	0.05671	0.00644	0.00185	0.00462	0.00545	0.02326	0.00798
10	0.07613	0.00903	0.01032	0.00755	0.01187	0.00718	0.00606	0.01383	0.01075	0.06643	0.00989	0.01114	0.00793	0.00410	0.00383	0.00089	0.00381	0.00320	0.02740	0.70866
11	0.06394	0.19627	0.52970	0.01253	0.01892	0.01342	0.01521	0.01654	0.01086	0.06495	0.00933	0.01054	0.00685	0.00486	0.00445	0.00151	0.00670	0.00359	0.00250	0.00732
12	0.00648	0.00458	0.00596	0.00689	0.00721	0.00432	0.00454	0.00735	0.00980	0.01315	0.07467	0.66124	0.03279	0.12424	0.00916	0.00244	0.00321	0.01329	0.00460	0.00407
13	0.00805	0.00616	0.00716	0.00666	0.00810	0.00607	0.00508	0.00937	0.01133	0.06340	0.12240	0.03993	0.48767	0.08524	0.00918	0.00207	0.10373	0.00920	0.00450	0.00472
14	0.01684	0.01048	0.01201	0.00993	0.01327	0.01106	0.00796	0.17565	0.31886	0.26494	0.06923	0.01917	0.03298	0.00697	0.00526	0.00164	0.00434	0.00570	0.00557	0.00814
15	0.00965	0.00903	0.01159	0.09560	0.09455	0.07201	0.05930	0.01331	0.12204	0.01494	0.02245	0.34662	0.08701	0.01047	0.00582	0.00182	0.00472	0.00940	0.00402	0.00566
16	0.08955	0.01129	0.01250	0.00992	0.01355	0.01197	0.00811	0.35894	0.09841	0.24133	0.01535	0.01469	0.01066	0.00616	0.00486	0.00155	0.00472	0.00475	0.07360	0.00808
17	0.00634	0.00462	0.00597	0.00687	0.00741	0.00426	0.00468	0.00743	0.01051	0.01396	0.11031	0.65454	0.11385	0.01517	0.00645	0.00200	0.00288	0.01364	0.00486	0.00426
18	0.01234	0.01133	0.01538	0.15961	0.27868	0.04269	0.01172	0.06592	0.22448	0.01832	0.06149	0.01693	0.03102	0.00611	0.00542	0.00163	0.02068	0.00530	0.00364	0.00730
19	0.01142	0.01111	0.01702	0.06967	0.27624	0.01375	0.01269	0.01337	0.00932	0.01387	0.00825	0.01236	0.00754	0.00883	0.05405	0.00229	0.44487	0.00458	0.00237	0.00641
20	0.01088	0.01036	0.01698	0.45546	0.26337	0.01217	0.01418	0.01427	0.03398	0.01440	0.00938	0.01327	0.00749	0.00545	0.00643	0.00171	0.09667	0.00459	0.00245	0.00651
21	0.01276	0.01102	0.01160	0.01044	0.01334	0.01276	0.00812	0.02727	0.77840	0.02146	0.02088	0.01914	0.01566	0.00696	0.00522	0.00174	0.00406	0.00580	0.00522	0.00812
22	0.01211	0.01384	0.03028	0.02163	0.02682	0.01298	0.76903	0.01644	0.01211	0.01644	0.01038	0.01384	0.00779	0.00433	0.00606	0.00173	0.00865	0.00606	0.00260	0.00692
23	0.00833	0.00717	0.00736	0.00697	0.00910	0.00718	0.00533	0.01409	0.27077	0.01643	0.04147	0.03916	0.52542	0.01096	0.00578	0.00174	0.00309	0.00913	0.00492	0.00561
24	0.00622	0.00460	0.00582	0.00680	0.00735	0.00420	0.00461	0.00718	0.01016	0.01323	0.03251	0.67949	0.16804	0.01553	0.00646	0.00202	0.00291	0.01392	0.00476	0.00420
25	0.00733	0.00550	0.00825	0.00825	0.00916	0.00641	0.00641	0.00916	0.00825	0.01191	0.01374	0.02016	0.01283	0.03848	0.79934	0.00825	0.01374	0.00550	0.00275	0.00458
26	0.01066	0.03237	0.26431	0.22983	0.02366	0.01313	0.09909	0.01431	0.00998	0.01424	0.00858	0.01200	0.00680	0.00602	0.00839	0.00182	0.23169	0.00443	0.00227	0.00643
27	0.01799	0.00968	0.01297	0.01049	0.01296	0.01065	0.00868	0.06569	0.01272	0.43387	0.01498	0.01514	0.01047	0.00720	0.00901	0.00178	0.27665	0.00488	0.05675	0.00743
28	0.01372	0.82276	0.02689	0.00878	0.01317	0.02030	0.00878	0.01536	0.01043	0.01207	0.00713	0.00823	0.00658	0.00439	0.00329	0.00110	0.00549	0.00274	0.00219	0.00658
29	0.00617	0.00520	0.00535	0.00531	0.00700	0.00438	0.00398	0.00757	0.01195	0.01447	0.11836	0.04838	0.71883	0.01277	0.00606	0.00172	0.00258	0.01069	0.00484	0.00438
30	0.01994	0.01367	0.01496	0.01147	0.01556	0.01487	0.00948	0.67730	0.02294	0.12726	0.01331	0.01296	0.00922	0.00618	0.00514	0.00155	0.00549	0.00469	0.00529	0.00873
31	0.00674	0.00467	0.00581	0.00653	0.00670	0.00449	0.00410	0.00727	0.00888	0.01184	0.02344	0.50360	0.02783	0.33713	0.01437	0.00324	0.00377	0.01174	0.00410	0.00374
32	0.00903	0.00580	0.00648	0.00598	0.00804	0.00492	0.00460	0.01055	0.01246	0.14555	0.11346	0.04299	0.58805	0.01165	0.00591	0.00170	0.00288	0.00973	0.00511	0.00512
33	0.00878	0.00509	0.00598	0.00611	0.00730	0.00479	0.00451	0.01063	0.01139	0.06458	0.12565	0.23985	0.10693	0.01034	0.00519	0.00161	0.00278	0.03471	0.33898	0.00482
34	0.00920	0.00666	0.00823	0.00834	0.00960	0.00675	0.00631	0.15177	0.01338	0.01794	0.10960	0.44956	0.03006	0.01326	0.00632	0.00198	0.00371	0.13722	0.00493	0.00520
35	0.00633	0.00453	0.00603	0.00709	0.00746	0.00422	0.00477	0.00735	0.01020	0.01370	0.08957	0.75331	0.03511	0.01562	0.00651	0.00205	0.00293	0.01416	0.00483	0.00422
36	0.00737	0.00457	0.00556	0.00635	0.00695	0.00438	0.00437	0.00877	0.01014	0.01514	0.02438	0.54694	0.02691	0.01266	0.00555	0.00178	0.00278	0.01127	0.28976	0.00438
37	0.01544	0.46379	0.07078	0.01087	0.01473	0.30393	0.00989	0.01723	0.01190	0.01252	0.00755	0.00883	0.00659	0.00484	0.00416	0.00124	0.02391	0.00305	0.00236	0.00640
38	0.01625	0.00724	0.00969	0.00827	0.01090	0.00647	0.00647	0.01842	0.03589	0.46190	0.14944	0.20422	0.02361	0.00929	0.00563	0.00171	0.00371	0.00803	0.00584	0.00702
39	0.00933	0.00687	0.00907	0.08106	0.05908	0.00731	0.00702	0.09477	0.01167	0.01654	0.02037	0.32886	0.04304	0.01287	0.06972	0.00229	0.02855	0.02667	0.15967	0.00527
40	0.01064	0.00912	0.01064	0.00760	0.01216	0.00684	0.00608	0.01292	0.01064	0.01672	0.00912	0.01064	0.00760	0.00380	0.00380	0.00076	0.00380	0.00304	0.00304	0.85104
41	0.57317	0.01483	0.00991	0.00893	0.01193	0.27764	0.00703	0.01691	0.01069	0.01949	0.00741	0.00865	0.00591	0.00494	0.00367	0.00150	0.00575	0.00296	0.00300	0.00569
42	0.01325	0.06246	0.02014	0.05947	0.62504	0.05091	0.01454	0.03137	0.01201	0.03405	0.00999	0.01317	0.00839	0.00486	0.00499	0.00151	0.00617	0.01721	0.00269	0.00780
43	0.01174	0.01133	0.01586	0.27843	0.29017	0.06983	0.01263	0.01663	0.14070	0.01622	0.05985	0.01616	0.02684	0.00574	0.00517	0.00162	0.00593	0.00510	0.00315	0.00689
44	0.00639	0.00521	0.00565	0.00554	0.00713	0.00447	0.00415	0.00799	0.01246	0.01568	0.25065	0.04638	0.58577	0.01232	0.00606	0.00170	0.00255	0.01041	0.00500	0.00447
45	0.00695	0.00500	0.00572	0.00586	0.00708	0.00450	0.00427	0.00863	0.01190	0.01626	0.23150	0.19928	0.32102	0.01189	0.00578	0.00169	0.00260	0.01026	0.13531	0.00450
46	0.01029	0.02654	0.79309	0.01462	0.02221	0.01192	0.01896	0.01625	0.01083	0.01625	0.00921	0.01083	0.00650	0.00487	0.00487	0.00162	0.00758	0.00379	0.00217	0.00758
47	0.02022	0.00848	0.01088	0.00855	0.01201	0.00774	0.00699	0.08603	0.01476	0.58307	0.01892	0.01734	0.01245	0.00627	0.00487	0.00151	0.00411	0.00504	0.16278	0.00800
48	0.85592	0.00992	0.00754	0.00675	0.00992	0.01151	0.00556	0.01508	0.00873	0.02302	0.00714	0.00834	0.00556	0.00476	0.00318	0.00159	0.00397	0.00278	0.00318	0.00556

[dist]
# distance from previous block
# <min> <max>
0	4

[block]
# block no. 3 follows, 48 sequences, length 39
# corresponding to MSA columns:
# 459-497
name=unknown_D
#
# <colnr> <probs for GDERKNQSTAVLIFYWHMCP>
#	G	D	E	R	K	N	Q	S	T	A	V	L	I	F	Y	W	H	M	C	P
0	0.01594	0.01093	0.01159	0.00929	0.01235	0.01192	0.00754	0.49845	0.01933	0.02760	0.01390	0.01476	0.01031	0.00609	0.00458	0.00142	0.00448	0.00468	0.30752	0.00731
1	0.00666	0.00479	0.00625	0.00729	0.00771	0.00459	0.00498	0.00801	0.03382	0.01330	0.02722	0.69553	0.03213	0.06610	0.00777	0.00227	0.00324	0.05941	0.00467	0.00426
2	0.01601	0.01264	0.01343	0.01110	0.01458	0.01428	0.00891	0.38515	0.41523	0.02670	0.01676	0.01586	0.01232	0.00658	0.00518	0.00164	0.00482	0.00523	0.00518	0.00841
3	0.00768	0.00560	0.00804	0.05768	0.01010	0.00628	0.00624	0.00964	0.00944	0.01374	0.12260	0.02299	0.01783	0.07455	0.52196	0.00608	0.01019	0.00602	0.07872	0.00462
4	0.01879	0.01117	0.01324	0.01048	0.01382	0.01189	0.00853	0.32442	0.07528	0.30741	0.01562	0.01596	0.01116	0.05759	0.00751	0.00185	0.07694	0.00507	0.00520	0.00805
5	0.00625	0.00447	0.00595	0.00714	0.00744	0.00417	0.00476	0.00714	0.00982	0.01310	0.02828	0.81633	0.03394	0.01608	0.00655	0.00208	0.00298	0.01459	0.00476	0.00417
6	0.02193	0.00900	0.01180	0.00911	0.01293	0.00812	0.00751	0.09008	0.01529	0.67955	0.01934	0.01711	0.01238	0.00631	0.00507	0.00156	0.00436	0.00509	0.05494	0.00850
7	0.01459	0.01437	0.06209	0.18028	0.01886	0.19233	0.01039	0.14038	0.13168	0.06169	0.03180	0.01592	0.01101	0.00619	0.00502	0.00158	0.00622	0.03297	0.05583	0.00679
8	0.01690	0.00923	0.01075	0.00882	0.01185	0.00937	0.00708	0.20872	0.09844	0.29149	0.01801	0.06599	0.01343	0.00688	0.00488	0.00153	0.00412	0.00559	0.19944	0.00747
9	0.00775	0.00585	0.00724	0.00698	0.00830	0.00570	0.00519	0.01139	0.10773	0.01935	0.55380	0.14368	0.07545	0.01094	0.00602	0.00170	0.00271	0.00965	0.00543	0.00513
10	0.03443	0.00865	0.01073	0.11896	0.01453	0.05214	0.00792	0.06230	0.01266	0.27881	0.01963	0.27373	0.01832	0.00952	0.00592	0.00179	0.02754	0.03127	0.00475	0.00640
11	0.01064	0.00912	0.01064	0.00760	0.01216	0.00684	0.00608	0.01292	0.01064	0.01672	0.00912	0.01064	0.00760	0.00380	0.00380	0.00076	0.00380	0.00304	0.00304	0.85104
12	0.21649	0.01543	0.04663	0.01231	0.07789	0.26774	0.00917	0.01835	0.14052	0.01727	0.03318	0.01264	0.00959	0.00763	0.05109	0.00194	0.04846	0.00409	0.00325	0.00634
13	0.85592	0.00992	0.00754	0.00675	0.00992	0.01151	0.00556	0.01508	0.00873	0.02302	0.00714	0.00834	0.00556	0.00476	0.00318	0.00159	0.00397	0.00278	0.00318	0.00556
14	0.01047	0.00924	0.01264	0.17410	0.03959	0.01124	0.00981	0.01461	0.14063	0.03807	0.07743	0.02249	0.10666	0.00852	0.00912	0.00190	0.25814	0.04578	0.00359	0.00596
15	0.00656	0.00500	0.00603	0.00624	0.00735	0.00447	0.00450	0.00815	0.01218	0.01610	0.31405	0.27240	0.29241	0.01299	0.00620	0.00179	0.00265	0.01137	0.00509	0.00447
16	0.00852	0.00697	0.00926	0.00864	0.00884	0.00852	0.00637	0.00928	0.00789	0.01127	0.01354	0.07316	0.01479	0.36507	0.17467	0.00460	0.25488	0.00660	0.00288	0.00424
17	0.01330	0.01129	0.01190	0.01055	0.01355	0.01301	0.00825	0.08616	0.71863	0.02233	0.02021	0.01860	0.01511	0.00690	0.00521	0.00172	0.00419	0.00571	0.00521	0.00817
18	0.00745	0.00501	0.00577	0.00577	0.00583	0.00507	0.00332	0.00757	0.00751	0.01008	0.01601	0.03271	0.01828	0.76908	0.07619	0.00519	0.00554	0.00733	0.00309	0.00320
19	0.01108	0.20921	0.61730	0.01328	0.02013	0.01384	0.01662	0.01605	0.01074	0.01529	0.00873	0.01024	0.00652	0.00476	0.00451	0.00150	0.00710	0.00355	0.00217	0.00735
20	0.00747	0.00524	0.00692	0.00689	0.00746	0.00565	0.00482	0.00859	0.00841	0.01192	0.06327	0.02686	0.01751	0.36184	0.39562	0.00619	0.00893	0.00653	0.03591	0.00399
21	0.01438	0.11581	0.01667	0.01280	0.01429	0.29726	0.01045	0.01564	0.01057	0.01239	0.00721	0.01015	0.00667	0.00709	0.01079	0.00177	0.42395	0.00385	0.00238	0.00585
22	0.01265	0.01924	0.33510	0.05473	0.12613	0.09690	0.10984	0.06483	0.01240	0.03215	0.00968	0.01164	0.00728	0.00484	0.00496	0.00151	0.00714	0.00418	0.00268	0.08211
23	0.01181	0.01801	0.31154	0.01929	0.14547	0.01228	0.28394	0.06327	0.01223	0.01734	0.01034	0.03150	0.00804	0.00495	0.00536	0.00163	0.00740	0.00501	0.00265	0.02792
24	0.00969	0.00912	0.01539	0.80734	0.03534	0.01140	0.01425	0.01311	0.01026	0.01311	0.00912	0.01368	0.00684	0.00513	0.00513	0.00171	0.00684	0.00456	0.00228	0.00570
25	0.00984	0.00805	0.01234	0.09582	0.12937	0.00901	0.03831	0.05757	0.00989	0.01375	0.01231	0.01785	0.03032	0.06963	0.27520	0.12111	0.07636	0.00526	0.00277	0.00524
26	0.01098	0.03449	0.17537	0.11366	0.10933	0.02644	0.17867	0.04430	0.05856	0.01644	0.03845	0.11644	0.01331	0.00685	0.00550	0.00172	0.00639	0.03327	0.00316	0.00667
27	0.01020	0.09353	0.49324	0.01322	0.01877	0.01181	0.06471	0.01463	0.01025	0.01485	0.00993	0.01295	0.00796	0.03231	0.13596	0.00278	0.03957	0.00425	0.00232	0.00676
28	0.01783	0.00854	0.01093	0.00874	0.01191	0.00799	0.00707	0.13166	0.01605	0.44998	0.24537	0.02287	0.02268	0.00755	0.00542	0.00159	0.00398	0.00630	0.00596	0.00758
29	0.01037	0.01335	0.16933	0.29019	0.16078	0.04117	0.06342	0.01394	0.01135	0.01518	0.06295	0.01851	0.07609	0.00617	0.00530	0.00166	0.00637	0.02462	0.00283	0.00640
30	0.01428	0.10900	0.18002	0.01694	0.16363	0.06398	0.15089	0.02842	0.02699	0.14837	0.02671	0.01385	0.02312	0.00525	0.00503	0.00154	0.00653	0.00471	0.00328	0.00745
31	0.01011	0.22027	0.37137	0.01081	0.01544	0.01186	0.01209	0.01341	0.01018	0.01394	0.01293	0.16000	0.01286	0.09491	0.00708	0.00194	0.00593	0.00590	0.00275	0.00622
32	0.00772	0.00495	0.00550	0.00550	0.00564	0.00495	0.00317	0.00802	0.00787	0.01109	0.01624	0.03178	0.01797	0.71844	0.02331	0.00450	0.00465	0.00713	0.10825	0.00332
33	0.02989	0.15630	0.18485	0.08705	0.14301	0.08315	0.07692	0.09594	0.01273	0.03731	0.00988	0.01249	0.00787	0.00522	0.00497	0.00152	0.01867	0.02227	0.00283	0.00714
34	0.01328	0.16026	0.03776	0.13664	0.20571	0.15514	0.01120	0.01553	0.01169	0.06190	0.02574	0.10822	0.01141	0.00642	0.00504	0.00152	0.01768	0.00531	0.00300	0.00654
35	0.00834	0.00547	0.00683	0.00699	0.00775	0.00550	0.00480	0.01019	0.05922	0.05737	0.06597	0.30487	0.02426	0.25468	0.10954	0.00358	0.00498	0.00946	0.04572	0.00449
36	0.31280	0.03998	0.22782	0.01523	0.15192	0.03690	0.08876	0.01574	0.01037	0.01841	0.00849	0.01046	0.00659	0.00486	0.00476	0.00160	0.03214	0.00377	0.00265	0.00674
37	0.01000	0.07028	0.01067	0.00879	0.01075	0.18245	0.05302	0.01145	0.01188	0.01362	0.05407	0.22911	0.29284	0.01081	0.00566	0.00168	0.00475	0.00917	0.00400	0.00499
38	0.01327	0.06011	0.01298	0.00982	0.01281	0.01109	0.05514	0.27536	0.10439	0.04555	0.17372	0.02431	0.10721	0.00794	0.00538	0.00160	0.00445	0.03065	0.03738	0.00685

[dist]
# distance from previous block
# <min> <max>
0	2

[block]
# block no. 4 follows, 48 sequences, length 16
# corresponding to MSA columns:
# 500-502,517-529
name=unknown_E
#
# <colnr> <probs for GDERKNQSTAVLIFYWHMCP>
#	G	D	E	R	K	N	Q	S	T	A	V	L	I	F	Y	W	H	M	C	P
0	0.01263	0.01607	0.12157	0.01079	0.01333	0.31681	0.00930	0.01484	0.01212	0.01436	0.09835	0.05465	0.04622	0.01177	0.12237	0.00251	0.05426	0.00536	0.05706	0.00561
1	0.00649	0.00508	0.00588	0.00596	0.00726	0.00447	0.00436	0.00808	0.01229	0.01592	0.28738	0.18292	0.41016	0.01273	0.00615	0.00176	0.00261	0.01099	0.00505	0.00447
2	0.01403	0.01259	0.04469	0.01613	0.19458	0.04300	0.05278	0.19302	0.18604	0.04391	0.10502	0.01704	0.01468	0.00640	0.00565	0.00162	0.03156	0.00543	0.00420	0.00764
3	0.01192	0.00693	0.00807	0.00708	0.00883	0.00684	0.00522	0.09478	0.04494	0.15349	0.14230	0.02740	0.06929	0.24860	0.01133	0.00255	0.00394	0.00678	0.13419	0.00553
4	0.00954	0.00943	0.04632	0.00992	0.01132	0.06145	0.04448	0.01182	0.04539	0.01312	0.01569	0.02116	0.07916	0.12815	0.26611	0.00432	0.17315	0.00581	0.03858	0.00509
5	0.01198	0.12377	0.11924	0.01324	0.01516	0.06576	0.03650	0.01392	0.00916	0.01297	0.00731	0.01073	0.00671	0.00744	0.01231	0.00193	0.51941	0.00414	0.00226	0.00607
6	0.01118	0.01015	0.01715	0.52009	0.19854	0.01157	0.05870	0.01504	0.04697	0.04614	0.01032	0.01388	0.00783	0.00510	0.00518	0.00167	0.00655	0.00473	0.00266	0.00654
7	0.01372	0.82276	0.02689	0.00878	0.01317	0.02030	0.00878	0.01536	0.01043	0.01207	0.00713	0.00823	0.00658	0.00439	0.00329	0.00110	0.00549	0.00274	0.00219	0.00658
8	0.01121	0.00616	0.00786	0.00691	0.00896	0.00546	0.00537	0.01328	0.01399	0.22404	0.43233	0.03504	0.18915	0.00990	0.00582	0.00163	0.00297	0.00850	0.00565	0.00577
9	0.00780	0.00507	0.00601	0.00607	0.00725	0.00507	0.00457	0.00969	0.01048	0.01569	0.07374	0.08452	0.19058	0.01721	0.21602	0.00328	0.00550	0.00732	0.31954	0.00459
10	0.01814	0.01520	0.04686	0.01266	0.05274	0.23539	0.05786	0.14047	0.05078	0.24041	0.04489	0.01454	0.01114	0.00593	0.00504	0.00151	0.00631	0.00470	0.02799	0.00745
11	0.03250	0.27997	0.10935	0.01078	0.06918	0.01276	0.00929	0.04854	0.02953	0.01493	0.01028	0.01331	0.00900	0.04824	0.15911	0.00276	0.00702	0.00399	0.02052	0.10895
12	0.43741	0.08037	0.03642	0.00979	0.02735	0.19679	0.00798	0.10424	0.02629	0.02041	0.00829	0.00936	0.00652	0.00506	0.00388	0.00148	0.00568	0.00323	0.00319	0.00626
13	0.01155	0.00595	0.00729	0.00659	0.00766	0.00563	0.00435	0.01211	0.00947	0.21772	0.01771	0.05882	0.01765	0.57319	0.01981	0.00397	0.00474	0.00712	0.00403	0.00464
14	0.02358	0.09709	0.10669	0.00815	0.04458	0.00782	0.00671	0.01111	0.01042	0.01510	0.10934	0.02595	0.10367	0.22318	0.01034	0.00237	0.00428	0.00632	0.17829	0.00500
15	0.01104	0.14110	0.09047	0.05627	0.01426	0.04654	0.04732	0.09791	0.03437	0.01620	0.01788	0.22884	0.06487	0.00879	0.00551	0.00164	0.02503	0.02296	0.02728	0.04173

[dist]
# distance from previous block
# <min> <max>
1	186

[block]
# block no. 5 follows, 48 sequences, length 47
# corresponding to MSA columns:
# 716-745,764-780
name=unknown_F
#
# <colnr> <probs for GDERKNQSTAVLIFYWHMCP>
#	G	D	E	R	K	N	Q	S	T	A	V	L	I	F	Y	W	H	M	C	P
0	0.01180	0.05312	0.20824	0.04230	0.08384	0.06640	0.01098	0.02654	0.01150	0.06008	0.01271	0.07068	0.02514	0.00603	0.00476	0.00138	0.00556	0.04032	0.00314	0.25548
1	0.16490	0.02761	0.08260	0.01212	0.04524	0.10717	0.03387	0.11259	0.05730	0.02898	0.01096	0.01273	0.03047	0.00647	0.00750	0.00170	0.20171	0.00431	0.04528	0.00649
2	0.05527	0.08438	0.14644	0.01126	0.01545	0.03800	0.01046	0.34376	0.12826	0.02348	0.01303	0.01365	0.02329	0.00820	0.06056	0.00202	0.00627	0.00454	0.00405	0.00766
3	0.01018	0.00601	0.00690	0.00623	0.00832	0.00516	0.00476	0.01163	0.01230	0.19429	0.09665	0.04005	0.49778	0.06785	0.00726	0.00192	0.00316	0.00916	0.00508	0.00530
4	0.01350	0.75122	0.02590	0.00919	0.01320	0.01990	0.00900	0.01510	0.01020	0.01210	0.00710	0.00849	0.00660	0.00479	0.00449	0.00120	0.07643	0.00290	0.00220	0.00650
5	0.24016	0.01177	0.01245	0.00980	0.01362	0.01263	0.00809	0.38258	0.01768	0.22276	0.01297	0.01258	0.00890	0.00584	0.00463	0.00156	0.00488	0.00427	0.00493	0.00789
6	0.00756	0.00530	0.00653	0.00632	0.00769	0.00475	0.00470	0.00946	0.01317	0.05458	0.45343	0.13603	0.24810	0.01167	0.00607	0.00170	0.00263	0.01016	0.00533	0.00480
7	0.00742	0.00496	0.00561	0.00564	0.00565	0.00495	0.00316	0.00745	0.00753	0.01005	0.01654	0.05776	0.01913	0.79484	0.02551	0.00489	0.00491	0.00768	0.00316	0.00314
8	0.00637	0.00451	0.00592	0.00700	0.00727	0.00424	0.00461	0.00717	0.00960	0.01280	0.02714	0.74266	0.03250	0.09171	0.00839	0.00236	0.00316	0.01392	0.00461	0.00407
9	0.01372	0.82276	0.02689	0.00878	0.01317	0.02030	0.00878	0.01536	0.01043	0.01207	0.00713	0.00823	0.00658	0.00439	0.00329	0.00110	0.00549	0.00274	0.00219	0.00658
10	0.00698	0.00502	0.00674	0.00776	0.00847	0.00479	0.00587	0.00848	0.01091	0.01444	0.08672	0.47766	0.06571	0.01490	0.00667	0.00212	0.00349	0.25405	0.00482	0.00441
11	0.01064	0.00912	0.01064	0.00760	0.01216	0.00684	0.00608	0.01292	0.01064	0.01672	0.00912	0.01064	0.00760	0.00380	0.00380	0.00076	0.00380	0.00304	0.00304	0.85104
12	0.01912	0.01751	0.01497	0.01221	0.01579	0.27031	0.00974	0.49684	0.05140	0.02547	0.01124	0.01160	0.00832	0.00591	0.00497	0.00148	0.00675	0.00424	0.00433	0.00780
13	0.01064	0.00912	0.01064	0.00760	0.01216	0.00684	0.00608	0.01292	0.01064	0.01672	0.00912	0.01064	0.00760	0.00380	0.00380	0.00076	0.00380	0.00304	0.00304	0.85104
14	0.00891	0.00446	0.00668	0.00668	0.00668	0.00446	0.00446	0.00668	0.00668	0.00891	0.00891	0.01560	0.00891	0.01783	0.02005	0.85071	0.00446	0.00446	0.00223	0.00223
15	0.00977	0.08496	0.01022	0.00959	0.05907	0.11608	0.00658	0.01100	0.01100	0.04263	0.02408	0.47981	0.09140	0.01211	0.00579	0.00180	0.00430	0.01059	0.00415	0.00508
16	0.01769	0.00737	0.00928	0.00758	0.01049	0.00672	0.00611	0.02029	0.04210	0.47824	0.01898	0.01814	0.01298	0.00624	0.00458	0.00145	0.00363	0.00505	0.31584	0.00726
17	0.00658	0.00501	0.00605	0.00622	0.00736	0.00448	0.00450	0.00820	0.01228	0.01626	0.32983	0.25677	0.29211	0.01287	0.00619	0.00178	0.00263	0.01126	0.00511	0.00448
18	0.01232	0.26282	0.16271	0.01546	0.20147	0.01404	0.01199	0.05092	0.01127	0.01567	0.00918	0.01125	0.00765	0.00598	0.03017	0.00159	0.05291	0.00378	0.04280	0.07603
19	0.01486	0.01688	0.01576	0.01594	0.13338	0.34811	0.01119	0.03018	0.01160	0.01347	0.00801	0.01091	0.00712	0.00759	0.03380	0.00191	0.30654	0.00403	0.00253	0.00617
20	0.06434	0.00712	0.00902	0.00766	0.01029	0.00646	0.00616	0.01686	0.01367	0.36958	0.24381	0.02862	0.10414	0.00857	0.00544	0.00164	0.00354	0.04898	0.03751	0.00659
21	0.01339	0.20194	0.02005	0.01950	0.33833	0.09810	0.04227	0.04646	0.04486	0.01584	0.03584	0.01373	0.03854	0.00548	0.00529	0.00147	0.04441	0.00451	0.00286	0.00714
22	0.01326	0.05240	0.08751	0.03189	0.17855	0.06901	0.15713	0.05014	0.13094	0.06462	0.06241	0.01574	0.02371	0.00581	0.00564	0.00161	0.03364	0.00523	0.00348	0.00728
23	0.00886	0.00582	0.00728	0.00668	0.00832	0.00535	0.00509	0.01154	0.04485	0.09673	0.55592	0.03730	0.16583	0.01035	0.00593	0.00164	0.00271	0.00898	0.00555	0.00528
24	0.00623	0.00454	0.00587	0.00694	0.00739	0.00419	0.00467	0.00717	0.01002	0.01318	0.03080	0.73466	0.11397	0.01575	0.00650	0.00205	0.00294	0.01419	0.00476	0.00419
25	0.01204	0.01165	0.02036	0.11994	0.59568	0.01182	0.08146	0.01521	0.01169	0.01649	0.04658	0.01414	0.00987	0.00490	0.00522	0.00157	0.00623	0.00493	0.00266	0.00758
26	0.12738	0.01860	0.32694	0.01509	0.12188	0.08645	0.01374	0.04609	0.01111	0.01700	0.00863	0.01070	0.00678	0.00545	0.00633	0.00162	0.12258	0.00381	0.00257	0.04723
27	0.33810	0.00822	0.00955	0.26669	0.01703	0.00957	0.00776	0.01225	0.00898	0.01621	0.01095	0.05464	0.01045	0.19968	0.00944	0.00246	0.00509	0.00504	0.00294	0.00495
28	0.78250	0.00982	0.00793	0.00696	0.01020	0.01116	0.00573	0.01596	0.00926	0.09074	0.00830	0.00914	0.00619	0.00490	0.00335	0.00159	0.00400	0.00299	0.00346	0.00584
29	0.01106	0.00948	0.01400	0.34622	0.15230	0.01058	0.01135	0.09456	0.06795	0.02987	0.13014	0.01998	0.06769	0.00664	0.00533	0.00165	0.00539	0.00581	0.00358	0.00643
30	0.00687	0.00478	0.00565	0.00615	0.00656	0.00454	0.00393	0.00753	0.00917	0.01223	0.02609	0.35998	0.12887	0.33772	0.01420	0.00315	0.00370	0.01075	0.04434	0.00379
31	0.00726	0.00524	0.00686	0.00646	0.00767	0.00484	0.00484	0.00968	0.01452	0.02058	0.78496	0.03833	0.04841	0.01049	0.00605	0.00161	0.00242	0.00928	0.00565	0.00484
32	0.01003	0.00985	0.00851	0.00796	0.01011	0.13522	0.00605	0.01488	0.21344	0.01613	0.08975	0.03416	0.40422	0.00998	0.00561	0.00166	0.00405	0.00818	0.00461	0.00562
33	0.00746	0.00497	0.00560	0.00560	0.00560	0.00497	0.00311	0.00746	0.00746	0.00995	0.01617	0.03358	0.01865	0.81967	0.02612	0.00497	0.00497	0.00746	0.00311	0.00311
34	0.01419	0.01055	0.01165	0.00992	0.01261	0.01140	0.00778	0.44246	0.06705	0.02460	0.01975	0.27564	0.05054	0.00973	0.00564	0.00174	0.00455	0.00820	0.00500	0.00702
35	0.01064	0.00912	0.01064	0.00760	0.01216	0.00684	0.00608	0.01292	0.01064	0.01672	0.00912	0.01064	0.00760	0.00380	0.00380	0.00076	0.00380	0.00304	0.00304	0.85104
36	0.01095	0.00642	0.00658	0.00608	0.00776	0.00675	0.00469	0.09632	0.08447	0.02079	0.01665	0.01839	0.01290	0.00609	0.00391	0.00128	0.00290	0.00486	0.67667	0.00553
37	0.00634	0.00519	0.00559	0.00553	0.00711	0.00444	0.00413	0.00788	0.01229	0.01536	0.21713	0.06517	0.60100	0.01250	0.00607	0.00171	0.00257	0.01057	0.00496	0.00444
38	0.01029	0.02654	0.79309	0.01462	0.02221	0.01192	0.01896	0.01625	0.01083	0.01625	0.00921	0.01083	0.00650	0.00487	0.00487	0.00162	0.00758	0.00379	0.00217	0.00758
39	0.01211	0.01384	0.03028	0.02163	0.02682	0.01298	0.76903	0.01644	0.01211	0.01644	0.01038	0.01384	0.00779	0.00433	0.00606	0.00173	0.00865	0.00606	0.00260	0.00692
40	0.00943	0.00622	0.00775	0.00713	0.00869	0.00596	0.00540	0.08203	0.01455	0.07392	0.49953	0.14014	0.06237	0.01044	0.00587	0.00166	0.00294	0.00914	0.04148	0.00537
41	0.01134	0.01109	0.01836	0.01454	0.01721	0.04503	0.28234	0.08000	0.01141	0.01561	0.01160	0.01700	0.01014	0.01572	0.23824	0.00371	0.14678	0.04097	0.00291	0.00603
42	0.01184	0.01131	0.01927	0.25407	0.57184	0.01196	0.01532	0.01499	0.01128	0.01572	0.00950	0.01298	0.00776	0.00473	0.00509	0.00158	0.00631	0.00457	0.00247	0.00743
43	0.00943	0.00891	0.00816	0.00779	0.00971	0.11396	0.00599	0.01336	0.14815	0.01643	0.17831	0.03715	0.34325	0.01050	0.00580	0.00171	0.00390	0.06744	0.00472	0.00535
44	0.00964	0.00694	0.00735	0.00692	0.00858	0.02006	0.00518	0.11105	0.07021	0.01839	0.08748	0.15243	0.20280	0.05028	0.00630	0.00177	0.00333	0.00828	0.21771	0.00529
45	0.01372	0.07924	0.33977	0.01392	0.07143	0.08070	0.06581	0.01778	0.03137	0.15813	0.01447	0.01506	0.06449	0.00573	0.00498	0.00156	0.00650	0.00469	0.00330	0.00735
46	0.05010	0.01144	0.11691	0.00959	0.01334	0.00950	0.00869	0.08538	0.15696	0.30933	0.06448	0.01755	0.01404	0.00640	0.00492	0.00157	0.00449	0.00516	0.10250	0.00764

[dist]
# distance from previous block
# <min> <max>
7	19

[block]
# block no. 6 follows, 48 sequences, length 20
# corresponding to MSA columns:
# 800-819
name=unknown_G
#
# <colnr> <probs for GDERKNQSTAVLIFYWHMCP>
#	G	D	E	R	K	N	Q	S	T	A	V	L	I	F	Y	W	H	M	C	P
0	0.13177	0.33712	0.24940	0.01110	0.01595	0.01542	0.04243	0.05171	0.01089	0.01605	0.00864	0.02964	0.00725	0.00520	0.00474	0.00145	0.04828	0.00367	0.00255	0.00674
1	0.00636	0.00517	0.00537	0.00534	0.00678	0.00446	0.00384	0.00754	0.01124	0.01372	0.09637	0.04621	0.61814	0.13620	0.00913	0.00222	0.00295	0.01021	0.00457	0.00418
2	0.01113	0.01121	0.08831	0.24810	0.08195	0.01024	0.17111	0.01507	0.04523	0.07705	0.14442	0.01932	0.04157	0.00625	0.00549	0.00167	0.00602	0.00592	0.00346	0.00647
3	0.01379	0.01055	0.01148	0.01015	0.01312	0.01187	0.00794	0.02640	0.66158	0.11280	0.04698	0.01960	0.01643	0.00701	0.00524	0.00172	0.00404	0.00584	0.00537	0.00808
4	0.00740	0.00521	0.00678	0.00678	0.00719	0.00562	0.00459	0.00822	0.00781	0.01083	0.01508	0.02758	0.01605	0.47037	0.37186	0.00644	0.00890	0.00658	0.00295	0.00377
5	0.01029	0.02654	0.79309	0.01462	0.02221	0.01192	0.01896	0.01625	0.01083	0.01625	0.00921	0.01083	0.00650	0.00487	0.00487	0.00162	0.00758	0.00379	0.00217	0.00758
6	0.00649	0.00492	0.00599	0.00634	0.00735	0.00442	0.00452	0.00796	0.01178	0.01553	0.25781	0.35205	0.26925	0.01349	0.00625	0.00184	0.00270	0.01187	0.00502	0.00442
7	0.00635	0.00481	0.00581	0.00638	0.00725	0.00433	0.00445	0.00754	0.01095	0.01419	0.13058	0.44826	0.27817	0.03758	0.00689	0.00199	0.00284	0.01250	0.00483	0.00427
8	0.01525	0.01394	0.01135	0.07601	0.01416	0.32308	0.00814	0.01769	0.04905	0.13324	0.01360	0.05305	0.01104	0.00926	0.07889	0.00208	0.00697	0.00482	0.15235	0.00604
9	0.01343	0.01357	0.02012	0.02943	0.70059	0.10097	0.01509	0.01628	0.01201	0.01629	0.00946	0.01231	0.00796	0.00465	0.00503	0.00150	0.00645	0.00443	0.00255	0.00788
10	0.01428	0.01131	0.01258	0.00941	0.01371	0.01074	0.00764	0.31582	0.05307	0.02318	0.01096	0.01172	0.00844	0.00489	0.00440	0.00112	0.00455	0.00380	0.00398	0.47438
11	0.00891	0.00446	0.00668	0.00668	0.00668	0.00446	0.00446	0.00668	0.00668	0.00891	0.00891	0.01560	0.00891	0.01783	0.02005	0.85071	0.00446	0.00446	0.00223	0.00223
12	0.51916	0.01234	0.09863	0.04804	0.17667	0.01174	0.03559	0.01531	0.00977	0.02030	0.00810	0.00995	0.00633	0.00474	0.00395	0.00159	0.00510	0.00346	0.00287	0.00638
13	0.00902	0.00572	0.00669	0.00623	0.00804	0.00501	0.00471	0.01059	0.01236	0.13386	0.19410	0.06526	0.43145	0.05301	0.02910	0.00204	0.00328	0.00945	0.00505	0.00505
14	0.06015	0.00716	0.00766	0.00759	0.03261	0.03492	0.00553	0.08358	0.01211	0.01696	0.09671	0.03056	0.23791	0.04567	0.00811	0.11308	0.00377	0.05787	0.13323	0.00482
15	0.00832	0.00666	0.00839	0.14472	0.01274	0.00708	0.00647	0.02539	0.11101	0.01439	0.06610	0.16045	0.16100	0.20963	0.01082	0.00259	0.00428	0.03106	0.00404	0.00486
16	0.09431	0.15075	0.01467	0.01051	0.02924	0.23821	0.00834	0.13300	0.08077	0.05537	0.01392	0.01429	0.06926	0.00598	0.00448	0.00140	0.00590	0.00432	0.02981	0.03545
17	0.07306	0.07094	0.05936	0.14046	0.31498	0.12058	0.01259	0.05562	0.01228	0.04421	0.01120	0.01330	0.03925	0.00526	0.00480	0.00152	0.00630	0.00438	0.00288	0.00703
18	0.07801	0.08669	0.01401	0.02484	0.08949	0.16764	0.00856	0.10369	0.02957	0.05084	0.02550	0.05946	0.01006	0.00563	0.00447	0.00130	0.00550	0.00436	0.00342	0.22696
19	0.04652	0.06368	0.09264	0.05611	0.14530	0.01150	0.04880	0.10677	0.10169	0.13781	0.04186	0.01603	0.03511	0.02434	0.00544	0.00162	0.00535	0.00497	0.00392	0.05055

[dist]
# distance from previous block
# <min> <max>
16	352

# created by:
# /home/cegg/simao/soft/augustus-3.2.1/scripts/msa2prfl.pl ./align_prep/24759.fa
