[name]
unknown

[dist]
# distance from previous block
# <min> <max>
0	261

[block]
# block no. 0 follows, 47 sequences, length 22
# corresponding to MSA columns:
# 261-282
name=unknown_A
#
# <colnr> <probs for GDERKNQSTAVLIFYWHMCP>
#	G	D	E	R	K	N	Q	S	T	A	V	L	I	F	Y	W	H	M	C	P
0	0.00966	0.00887	0.01476	0.70975	0.03288	0.01091	0.01374	0.01301	0.01060	0.01358	0.01144	0.01923	0.00969	0.00630	0.00544	0.00181	0.00669	0.09338	0.00261	0.00567
1	0.01246	0.01432	0.09680	0.02694	0.45462	0.01262	0.27181	0.01627	0.01192	0.01685	0.01001	0.01311	0.00798	0.00458	0.00547	0.00163	0.00721	0.00508	0.00256	0.00778
2	0.00634	0.00453	0.00604	0.00725	0.00755	0.00423	0.00483	0.00725	0.00997	0.01329	0.02870	0.81358	0.03444	0.01632	0.00665	0.00211	0.00302	0.01480	0.00483	0.00423
3	0.01367	0.01386	0.02038	0.02975	0.69294	0.10576	0.01528	0.01656	0.01220	0.01650	0.00959	0.01247	0.00807	0.00473	0.00510	0.00152	0.00657	0.00449	0.00259	0.00799
4	0.00786	0.00612	0.00884	0.00861	0.00934	0.00732	0.00663	0.00944	0.00824	0.01191	0.01350	0.02108	0.01306	0.12464	0.62830	0.00736	0.09470	0.00570	0.00278	0.00459
5	0.01091	0.01067	0.01488	0.01282	0.01297	0.01464	0.01062	0.01221	0.00878	0.01353	0.09917	0.01467	0.01188	0.00930	0.01579	0.00220	0.71153	0.00514	0.00269	0.00560
6	0.01045	0.02694	0.79000	0.01484	0.02254	0.01209	0.01924	0.01649	0.01099	0.01649	0.00935	0.01099	0.00660	0.00495	0.00495	0.00165	0.00770	0.00385	0.00220	0.00770
7	0.01227	0.01362	0.02879	0.05600	0.13115	0.01299	0.63169	0.01644	0.01215	0.01659	0.01038	0.01388	0.00791	0.00446	0.00597	0.00173	0.00835	0.00588	0.00261	0.00714
8	0.01217	0.01164	0.01984	0.21299	0.60907	0.01219	0.01563	0.01536	0.01152	0.01614	0.00967	0.01312	0.00794	0.00477	0.00517	0.00159	0.00636	0.00464	0.00252	0.00767
9	0.00634	0.00453	0.00604	0.00725	0.00755	0.00423	0.00483	0.00725	0.00997	0.01329	0.02870	0.81358	0.03444	0.01632	0.00665	0.00211	0.00302	0.01480	0.00483	0.00423
10	0.00634	0.00453	0.00604	0.00725	0.00755	0.00423	0.00483	0.00725	0.00997	0.01329	0.02870	0.81358	0.03444	0.01632	0.00665	0.00211	0.00302	0.01480	0.00483	0.00423
11	0.01251	0.01199	0.02045	0.12787	0.69155	0.01227	0.01579	0.01565	0.01168	0.01655	0.00973	0.01301	0.00809	0.00471	0.00516	0.00157	0.00628	0.00464	0.00255	0.00794
12	0.01284	0.01234	0.02096	0.03133	0.75762	0.01250	0.01582	0.01586	0.01172	0.01686	0.00969	0.01284	0.00820	0.00480	0.00557	0.00157	0.03412	0.00464	0.00257	0.00816
13	0.00815	0.00614	0.00763	0.00712	0.00858	0.00603	0.00538	0.01231	0.12068	0.02101	0.67578	0.03619	0.04451	0.01015	0.00602	0.00166	0.00269	0.00893	0.00567	0.00538
14	0.01870	0.13359	0.01647	0.01280	0.01573	0.69002	0.00990	0.02008	0.01419	0.01268	0.00794	0.00925	0.00670	0.00524	0.00451	0.00131	0.00887	0.00328	0.00262	0.00613
15	0.00709	0.00488	0.00579	0.00620	0.00638	0.00474	0.00377	0.00746	0.00859	0.01137	0.02223	0.30331	0.05755	0.50612	0.01878	0.00389	0.00425	0.01021	0.00381	0.00358
16	0.00765	0.00564	0.00777	0.00767	0.00825	0.00640	0.00557	0.00884	0.00808	0.01143	0.01449	0.02472	0.01478	0.30277	0.50205	0.00699	0.04361	0.00622	0.00289	0.00418
17	0.01512	0.57330	0.07005	0.01026	0.01460	0.14326	0.00980	0.08408	0.01252	0.01444	0.00797	0.00905	0.00688	0.00479	0.00382	0.00122	0.00632	0.00311	0.00257	0.00684
18	0.00885	0.00465	0.00697	0.00697	0.00708	0.00476	0.00476	0.00708	0.00697	0.00941	0.00963	0.01638	0.00952	0.02059	0.11282	0.74838	0.00565	0.00465	0.00232	0.00255
19	0.01289	0.01237	0.02114	0.03196	0.78450	0.01237	0.01598	0.01598	0.01186	0.01701	0.00980	0.01289	0.00825	0.00464	0.00516	0.00155	0.00619	0.00464	0.00258	0.00825
20	0.01213	0.10777	0.01775	0.48810	0.13825	0.06667	0.01340	0.06802	0.01194	0.01506	0.00924	0.01268	0.00722	0.00512	0.00494	0.00160	0.00675	0.00433	0.00257	0.00648
21	0.01277	0.13765	0.20204	0.01109	0.01517	0.10591	0.01073	0.01971	0.25356	0.04028	0.12328	0.01725	0.01582	0.00645	0.00497	0.00157	0.00560	0.00511	0.00387	0.00716

[dist]
# distance from previous block
# <min> <max>
0	1

[block]
# block no. 1 follows, 47 sequences, length 57
# corresponding to MSA columns:
# 284-340
name=unknown_B
#
# <colnr> <probs for GDERKNQSTAVLIFYWHMCP>
#	G	D	E	R	K	N	Q	S	T	A	V	L	I	F	Y	W	H	M	C	P
0	0.01783	0.01996	0.01374	0.01236	0.01520	0.52465	0.00940	0.02304	0.23223	0.06199	0.01256	0.01276	0.00971	0.00592	0.00490	0.00148	0.00759	0.00419	0.00366	0.00684
1	0.01007	0.01002	0.11455	0.03027	0.03892	0.00843	0.00874	0.01268	0.01248	0.08344	0.33823	0.02740	0.10294	0.00897	0.00764	0.00173	0.14067	0.00716	0.00437	0.03130
2	0.01137	0.01174	0.01548	0.67824	0.03271	0.13676	0.01376	0.01450	0.01111	0.01322	0.00906	0.01317	0.00690	0.00523	0.00512	0.00167	0.00733	0.00442	0.00237	0.00583
3	0.01012	0.02360	0.66528	0.01400	0.02066	0.01112	0.01751	0.01558	0.01115	0.01635	0.01225	0.01861	0.01033	0.00645	0.00531	0.00177	0.00723	0.12283	0.00261	0.00723
4	0.01293	0.01330	0.01093	0.00998	0.01224	0.25281	0.00759	0.01906	0.26545	0.01850	0.27414	0.02359	0.04205	0.00789	0.00542	0.00159	0.00516	0.00641	0.00462	0.00635
5	0.01205	0.01151	0.01973	0.15335	0.59190	0.01182	0.04104	0.01521	0.01182	0.01664	0.05635	0.01466	0.01050	0.00508	0.00526	0.00159	0.00617	0.00498	0.00273	0.00761
6	0.00687	0.00527	0.00609	0.00590	0.00722	0.00471	0.00430	0.00856	0.01268	0.01672	0.38118	0.04314	0.35942	0.10510	0.00851	0.00208	0.00283	0.00988	0.00505	0.00449
7	0.00723	0.00500	0.00615	0.00677	0.00771	0.00447	0.00473	0.00832	0.01082	0.05639	0.03549	0.53965	0.25848	0.01483	0.00642	0.00198	0.00298	0.01313	0.00492	0.00454
8	0.01195	0.01091	0.01572	0.62146	0.05078	0.04897	0.01357	0.13401	0.01290	0.01649	0.00973	0.01343	0.00727	0.00537	0.00518	0.00168	0.00684	0.00458	0.00280	0.00635
9	0.01115	0.01060	0.01800	0.47152	0.35852	0.01192	0.01512	0.01446	0.01104	0.01490	0.00949	0.01346	0.00751	0.00496	0.00518	0.00165	0.00662	0.00463	0.00243	0.00685
10	0.00746	0.00549	0.00794	0.00794	0.00872	0.00628	0.00597	0.00902	0.00824	0.01177	0.01434	0.02263	0.01396	0.16319	0.67350	0.00784	0.01253	0.00590	0.00285	0.00441
11	0.14252	0.00631	0.00785	0.04952	0.01032	0.00673	0.00633	0.01043	0.01095	0.01681	0.20446	0.15345	0.04724	0.01722	0.18152	0.00332	0.00591	0.11002	0.00420	0.00488
12	0.00626	0.00516	0.00550	0.00566	0.00716	0.00440	0.00415	0.00757	0.01173	0.01434	0.09092	0.17130	0.62079	0.01354	0.00623	0.00181	0.00269	0.01151	0.00489	0.00440
13	0.01181	0.01390	0.06482	0.14648	0.02837	0.01286	0.60985	0.01613	0.01193	0.01613	0.01027	0.01387	0.00769	0.00455	0.00594	0.00175	0.00843	0.00579	0.00256	0.00686
14	0.01616	0.43286	0.03749	0.01176	0.05073	0.21901	0.00991	0.13690	0.01394	0.01597	0.00845	0.00955	0.00711	0.00500	0.00411	0.00128	0.00665	0.00334	0.00284	0.00696
15	0.01195	0.01065	0.01465	0.49463	0.02743	0.03857	0.01196	0.13382	0.01288	0.01712	0.00973	0.01290	0.00739	0.00511	0.00493	0.00151	0.00623	0.00429	0.00294	0.17132
16	0.01088	0.02432	0.65009	0.01774	0.14423	0.01216	0.03565	0.01642	0.01116	0.01658	0.00944	0.01137	0.00689	0.00489	0.00501	0.00164	0.00748	0.00403	0.00227	0.00777
17	0.01320	0.65469	0.18636	0.01015	0.01528	0.01883	0.01107	0.01578	0.01067	0.01314	0.00768	0.00890	0.00667	0.00456	0.00368	0.00123	0.00601	0.00301	0.00222	0.00689
18	0.00744	0.00558	0.00837	0.00837	0.00930	0.00651	0.00651	0.00930	0.00837	0.01209	0.01395	0.02046	0.01302	0.03906	0.79635	0.00837	0.01395	0.00558	0.00279	0.00465
19	0.01165	0.01070	0.01462	0.13871	0.01743	0.01330	0.04684	0.02941	0.24201	0.02705	0.05566	0.01662	0.02487	0.00771	0.00995	0.00195	0.31596	0.00544	0.00355	0.00658
20	0.01244	0.01228	0.02203	0.11981	0.57698	0.01241	0.13542	0.01578	0.01176	0.01653	0.00985	0.01319	0.00804	0.00467	0.00532	0.00160	0.00669	0.00488	0.00256	0.00777
21	0.00744	0.00558	0.00837	0.00837	0.00930	0.00651	0.00651	0.00930	0.00837	0.01209	0.01395	0.02046	0.01302	0.03906	0.79635	0.00837	0.01395	0.00558	0.00279	0.00465
22	0.01945	0.02482	0.01476	0.01342	0.01610	0.79608	0.01006	0.02079	0.01476	0.01275	0.00805	0.00939	0.00671	0.00537	0.00470	0.00134	0.00939	0.00335	0.00268	0.00604
23	0.01272	0.01220	0.02083	0.07470	0.74308	0.01233	0.01590	0.01583	0.01178	0.01681	0.00977	0.01294	0.00818	0.00467	0.00516	0.00156	0.00623	0.00464	0.00256	0.00811
24	0.00648	0.00491	0.00598	0.00651	0.00744	0.00441	0.00458	0.00781	0.01146	0.01497	0.17908	0.42998	0.26899	0.01427	0.00640	0.00191	0.00280	0.01260	0.00501	0.00441
25	0.01168	0.00568	0.00660	0.00601	0.00773	0.00537	0.00463	0.01404	0.01244	0.15836	0.17795	0.02320	0.02077	0.00710	0.00445	0.00137	0.00279	0.00588	0.51837	0.00559
26	0.71854	0.00919	0.00740	0.00691	0.00967	0.01049	0.00551	0.01402	0.00904	0.02176	0.01067	0.13694	0.01024	0.00667	0.00377	0.00169	0.00387	0.00473	0.00348	0.00541
27	0.00908	0.01079	0.13434	0.03520	0.08361	0.06052	0.00942	0.01160	0.01048	0.01435	0.08398	0.17405	0.01838	0.02018	0.29525	0.00417	0.00855	0.00719	0.00332	0.00554
28	0.00622	0.00528	0.00537	0.00535	0.00708	0.00443	0.00401	0.00761	0.01203	0.01445	0.09387	0.04948	0.74103	0.01305	0.00615	0.00175	0.00263	0.01090	0.00489	0.00443
29	0.01285	0.01164	0.01480	0.01241	0.01572	0.01299	0.12909	0.02592	0.65337	0.02097	0.01949	0.01857	0.01462	0.00664	0.00543	0.00176	0.00486	0.00593	0.00487	0.00805
30	0.01279	0.01264	0.02267	0.03037	0.66366	0.01250	0.13560	0.01609	0.01193	0.01696	0.00991	0.01307	0.00819	0.00460	0.00531	0.00158	0.00660	0.00488	0.00259	0.00805
31	0.00639	0.00455	0.00603	0.00720	0.00749	0.00426	0.00478	0.00726	0.00989	0.01319	0.02829	0.78739	0.03392	0.04322	0.00731	0.00221	0.00309	0.01456	0.00478	0.00419
32	0.00866	0.00668	0.00808	0.00749	0.00912	0.00678	0.00569	0.01396	0.19095	0.02109	0.60549	0.03439	0.04143	0.00982	0.00595	0.00167	0.00284	0.00860	0.00563	0.00569
33	0.02070	0.01400	0.01462	0.01140	0.01539	0.08397	0.00932	0.50484	0.02109	0.22983	0.01422	0.01360	0.00973	0.00622	0.00517	0.00156	0.00572	0.00471	0.00531	0.00860
34	0.24047	0.02789	0.17194	0.01673	0.26292	0.01102	0.02919	0.01455	0.01086	0.01808	0.01584	0.01718	0.13070	0.00611	0.00474	0.00162	0.00539	0.00500	0.00303	0.00675
35	0.00633	0.00459	0.00598	0.00710	0.00751	0.00424	0.00477	0.00727	0.01012	0.01335	0.03060	0.75348	0.09332	0.01607	0.00661	0.00209	0.00299	0.01450	0.00483	0.00424
36	0.00983	0.00926	0.01562	0.80447	0.03587	0.01157	0.01446	0.01331	0.01041	0.01331	0.00926	0.01388	0.00694	0.00521	0.00521	0.00174	0.00694	0.00463	0.00231	0.00579
37	0.01107	0.00987	0.01501	0.05558	0.36762	0.01020	0.02321	0.03787	0.13343	0.01700	0.01715	0.24562	0.01700	0.00847	0.00563	0.00176	0.00500	0.00780	0.00373	0.00697
38	0.00634	0.00453	0.00604	0.00725	0.00755	0.00423	0.00483	0.00725	0.00997	0.01329	0.02870	0.81358	0.03444	0.01632	0.00665	0.00211	0.00302	0.01480	0.00483	0.00423
39	0.01135	0.05410	0.01175	0.00783	0.01243	0.00772	0.00637	0.01362	0.01091	0.03996	0.00948	0.01087	0.00781	0.00397	0.00387	0.00082	0.00397	0.00313	0.00314	0.77690
40	0.01306	0.09619	0.37182	0.01198	0.01790	0.01243	0.01322	0.16172	0.01365	0.04268	0.01008	0.01119	0.00748	0.00496	0.00461	0.00139	0.00617	0.00378	0.00311	0.19257
41	0.01473	0.31913	0.24192	0.01240	0.02877	0.24937	0.01236	0.03946	0.01237	0.01429	0.00828	0.00961	0.00675	0.00492	0.00429	0.00136	0.00733	0.00334	0.00245	0.00687
42	0.01486	0.69157	0.02543	0.00940	0.01381	0.01989	0.00907	0.13552	0.01280	0.01553	0.00808	0.00902	0.00703	0.00474	0.00364	0.00119	0.00559	0.00309	0.00270	0.00703
43	0.02953	0.02010	0.47778	0.01256	0.01861	0.01106	0.01448	0.09472	0.01296	0.13987	0.03481	0.01369	0.00952	0.02996	0.00561	0.00168	0.00644	0.00437	0.00339	0.05887
44	0.00754	0.00509	0.00588	0.00582	0.00601	0.00503	0.00344	0.00793	0.00872	0.01182	0.13854	0.03485	0.02375	0.68831	0.02326	0.00450	0.00464	0.00787	0.00357	0.00344
45	0.00983	0.00926	0.01562	0.80447	0.03587	0.01157	0.01446	0.01331	0.01041	0.01331	0.00926	0.01388	0.00694	0.00521	0.00521	0.00174	0.00694	0.00463	0.00231	0.00579
46	0.00785	0.00723	0.01086	0.01034	0.07164	0.00651	0.12668	0.00993	0.01217	0.01543	0.11544	0.06358	0.48157	0.01098	0.00611	0.00176	0.00395	0.02840	0.00440	0.00518
47	0.01303	0.01230	0.02036	0.05354	0.70140	0.01250	0.01538	0.04167	0.04667	0.01765	0.01038	0.01320	0.00858	0.00482	0.00517	0.00156	0.00610	0.00470	0.00278	0.00820
48	0.00919	0.00642	0.00832	0.00886	0.01044	0.00634	0.00751	0.01236	0.07230	0.05875	0.05683	0.05131	0.14865	0.01305	0.00673	0.00218	0.00430	0.50627	0.00497	0.00523
49	0.14787	0.01138	0.01154	0.01015	0.01327	0.01310	0.00801	0.10613	0.57118	0.02324	0.01803	0.01693	0.01349	0.00662	0.00496	0.00172	0.00428	0.00527	0.00496	0.00789
50	0.02666	0.34178	0.22630	0.01467	0.13924	0.04740	0.01289	0.10466	0.01267	0.01675	0.00886	0.01031	0.00715	0.00487	0.00433	0.00139	0.00638	0.00361	0.00266	0.00742
51	0.01278	0.09549	0.26631	0.01128	0.01554	0.03453	0.01151	0.15170	0.01370	0.07914	0.01597	0.18010	0.01508	0.00835	0.00538	0.00172	0.00573	0.06494	0.00385	0.00691
52	0.00634	0.00453	0.00604	0.00725	0.00755	0.00423	0.00483	0.00725	0.00997	0.01329	0.02870	0.81358	0.03444	0.01632	0.00665	0.00211	0.00302	0.01480	0.00483	0.00423
53	0.00641	0.00458	0.00611	0.00732	0.00765	0.00428	0.00494	0.00736	0.01003	0.01336	0.02867	0.79115	0.03431	0.01626	0.00666	0.00212	0.00307	0.03664	0.00483	0.00425
54	0.01352	0.51618	0.17501	0.01301	0.10277	0.07367	0.01182	0.01619	0.01111	0.01366	0.00800	0.00946	0.00685	0.00464	0.00396	0.00128	0.00633	0.00324	0.00229	0.00701
55	0.01289	0.01237	0.02114	0.03196	0.78450	0.01237	0.01598	0.01598	0.01186	0.01701	0.00980	0.01289	0.00825	0.00464	0.00516	0.00155	0.00619	0.00464	0.00258	0.00825
56	0.00643	0.00459	0.00613	0.00734	0.00768	0.00430	0.00497	0.00739	0.01005	0.01338	0.02866	0.78393	0.03427	0.01624	0.00667	0.00213	0.00309	0.04366	0.00483	0.00425

[dist]
# distance from previous block
# <min> <max>
0	12

[block]
# block no. 2 follows, 47 sequences, length 53
# corresponding to MSA columns:
# 353-405
name=unknown_C
#
# <colnr> <probs for GDERKNQSTAVLIFYWHMCP>
#	G	D	E	R	K	N	Q	S	T	A	V	L	I	F	Y	W	H	M	C	P
0	0.00744	0.00558	0.00837	0.00837	0.00930	0.00651	0.00651	0.00930	0.00837	0.01209	0.01395	0.02046	0.01302	0.03906	0.79635	0.00837	0.01395	0.00558	0.00279	0.00465
1	0.01191	0.16441	0.13673	0.22363	0.02325	0.05064	0.14180	0.01576	0.04960	0.01447	0.00935	0.01220	0.00744	0.00550	0.00651	0.00166	0.11162	0.00442	0.00250	0.00658
2	0.00819	0.00585	0.00816	0.00936	0.01048	0.00582	0.00805	0.01045	0.01179	0.01536	0.02768	0.13195	0.03040	0.01457	0.00714	0.00237	0.00462	0.67820	0.00480	0.00474
3	0.85377	0.01007	0.00765	0.00685	0.01007	0.01168	0.00564	0.01531	0.00886	0.02336	0.00725	0.00846	0.00564	0.00483	0.00322	0.00161	0.00403	0.00282	0.00322	0.00564
4	0.00676	0.00502	0.00630	0.00657	0.00755	0.00456	0.00470	0.00843	0.01243	0.01679	0.36527	0.32708	0.18294	0.01322	0.00633	0.00184	0.00270	0.01171	0.00523	0.00456
5	0.00621	0.00528	0.00535	0.00533	0.00707	0.00442	0.00400	0.00758	0.01200	0.01437	0.08456	0.04963	0.75040	0.01308	0.00615	0.00175	0.00263	0.01092	0.00488	0.00442
6	0.01847	0.01790	0.01464	0.01198	0.01562	0.32121	0.00947	0.37381	0.01885	0.02283	0.01032	0.01105	0.00786	0.00559	0.00483	0.00137	0.00692	0.00395	0.00394	0.11941
7	0.01126	0.08749	0.01364	0.07419	0.17842	0.01058	0.00918	0.04968	0.13809	0.01773	0.06896	0.03290	0.01425	0.01073	0.11273	0.00245	0.00590	0.00537	0.14990	0.00654
8	0.01103	0.01024	0.01713	0.24379	0.43360	0.01093	0.01368	0.01407	0.01144	0.01593	0.08487	0.01633	0.01225	0.00831	0.07258	0.00219	0.00670	0.00518	0.00283	0.00693
9	0.16031	0.01437	0.10705	0.01288	0.08080	0.01364	0.01060	0.39845	0.03447	0.06302	0.01226	0.01417	0.00929	0.00611	0.00493	0.00162	0.00557	0.03821	0.00433	0.00792
10	0.11950	0.05462	0.01506	0.01150	0.01528	0.16969	0.00937	0.49373	0.02003	0.02674	0.01074	0.01121	0.00794	0.00582	0.00478	0.00150	0.00624	0.00411	0.00433	0.00781
11	0.00634	0.00453	0.00604	0.00725	0.00755	0.00423	0.00483	0.00725	0.00997	0.01329	0.02870	0.81358	0.03444	0.01632	0.00665	0.00211	0.00302	0.01480	0.00483	0.00423
12	0.05358	0.01743	0.34291	0.01193	0.01750	0.01096	0.01282	0.12948	0.01438	0.31663	0.01403	0.01370	0.00931	0.00571	0.00502	0.00162	0.00599	0.00446	0.00432	0.00823
13	0.01219	0.01391	0.25399	0.01184	0.01618	0.00878	0.11686	0.01571	0.01262	0.17847	0.15407	0.09872	0.06805	0.00784	0.00563	0.00171	0.00545	0.00698	0.00421	0.00680
14	0.00990	0.00529	0.00589	0.00564	0.00710	0.00502	0.00426	0.01212	0.01194	0.08093	0.14947	0.06022	0.10009	0.00805	0.00458	0.00141	0.00264	0.00672	0.51361	0.00511
15	0.01122	0.02643	0.72408	0.01468	0.02199	0.05389	0.01845	0.04068	0.01163	0.01681	0.00938	0.01096	0.00667	0.00501	0.00494	0.00163	0.00772	0.00385	0.00232	0.00765
16	0.23574	0.01376	0.08141	0.12029	0.30879	0.08823	0.01254	0.01581	0.01091	0.01756	0.00871	0.01127	0.00704	0.00506	0.00513	0.00161	0.04262	0.00396	0.00268	0.00686
17	0.00640	0.00485	0.00573	0.00639	0.00718	0.00437	0.00436	0.00736	0.01042	0.01326	0.03616	0.46335	0.30199	0.09284	0.00840	0.00227	0.00308	0.01273	0.00467	0.00419
18	0.10021	0.01255	0.01365	0.01060	0.01462	0.01334	0.00871	0.46520	0.06193	0.16119	0.01362	0.01327	0.00955	0.00601	0.00492	0.00153	0.00510	0.00454	0.00507	0.07439
19	0.01658	0.00748	0.00999	0.00820	0.01106	0.00668	0.00655	0.01911	0.03469	0.45578	0.33043	0.02639	0.02772	0.00817	0.00561	0.00163	0.00362	0.00696	0.00613	0.00724
20	0.01988	0.01445	0.01554	0.01192	0.01608	0.01594	0.00984	0.74891	0.02425	0.05138	0.01270	0.01263	0.00896	0.00626	0.00521	0.00156	0.00570	0.00470	0.00524	0.00886
21	0.01740	0.01020	0.01211	0.00972	0.01299	0.01049	0.00789	0.31342	0.03236	0.26364	0.11504	0.01950	0.03437	0.01023	0.08205	0.00225	0.00551	0.00573	0.02737	0.00772
22	0.00745	0.00500	0.00572	0.00583	0.00586	0.00497	0.00332	0.00754	0.00781	0.01041	0.01760	0.10968	0.02044	0.73933	0.02458	0.00476	0.00485	0.00827	0.00332	0.00326
23	0.00971	0.00485	0.00485	0.00485	0.00607	0.00485	0.00364	0.01213	0.01092	0.01942	0.01699	0.01942	0.01335	0.00607	0.00364	0.00121	0.00243	0.00485	0.84589	0.00485
24	0.00983	0.00926	0.01562	0.80447	0.03587	0.01157	0.01446	0.01331	0.01041	0.01331	0.00926	0.01388	0.00694	0.00521	0.00521	0.00174	0.00694	0.00463	0.00231	0.00579
25	0.00983	0.00926	0.01562	0.80447	0.03587	0.01157	0.01446	0.01331	0.01041	0.01331	0.00926	0.01388	0.00694	0.00521	0.00521	0.00174	0.00694	0.00463	0.00231	0.00579
26	0.00983	0.00926	0.01562	0.80447	0.03587	0.01157	0.01446	0.01331	0.01041	0.01331	0.00926	0.01388	0.00694	0.00521	0.00521	0.00174	0.00694	0.00463	0.00231	0.00579
27	0.00632	0.00464	0.00593	0.00697	0.00748	0.00425	0.00471	0.00728	0.01024	0.01340	0.03208	0.70638	0.13947	0.01588	0.00658	0.00206	0.00297	0.01427	0.00483	0.00425
28	0.02035	0.00964	0.01219	0.00942	0.01344	0.00881	0.00771	0.08821	0.08891	0.54431	0.01839	0.01650	0.01213	0.00614	0.00505	0.00151	0.00444	0.00496	0.00577	0.12213
29	0.00793	0.00567	0.00729	0.00686	0.00810	0.00545	0.00511	0.01081	0.06840	0.01980	0.65236	0.03527	0.04287	0.01111	0.00746	0.08378	0.00278	0.00869	0.00536	0.00489
30	0.00710	0.00532	0.00662	0.00658	0.00787	0.00484	0.00500	0.00917	0.01345	0.01820	0.48096	0.09666	0.22508	0.01201	0.00628	0.00177	0.00276	0.08022	0.00536	0.00473
31	0.00640	0.00457	0.00610	0.00731	0.00764	0.00428	0.00493	0.00734	0.01002	0.01335	0.02867	0.79383	0.03433	0.01626	0.00666	0.00212	0.00307	0.03403	0.00483	0.00424
32	0.00784	0.00583	0.00784	0.00885	0.08246	0.00559	0.00546	0.00944	0.01174	0.01637	0.38644	0.13132	0.03439	0.24967	0.01214	0.00270	0.00366	0.00908	0.00455	0.00463
33	0.01152	0.01166	0.02181	0.23367	0.16941	0.01208	0.31014	0.01609	0.07154	0.01616	0.01206	0.01730	0.00986	0.00556	0.00571	0.00176	0.00716	0.05677	0.00290	0.00686
34	0.00868	0.00816	0.01139	0.14584	0.01549	0.06709	0.10292	0.01053	0.01089	0.01376	0.02383	0.44023	0.09680	0.01177	0.00614	0.00191	0.00487	0.01072	0.00396	0.00500
35	0.01245	0.01195	0.02023	0.12377	0.65779	0.01245	0.01558	0.01550	0.01150	0.01635	0.00959	0.01294	0.00802	0.00492	0.00573	0.00160	0.04463	0.00463	0.00253	0.00783
36	0.00779	0.00531	0.00646	0.00678	0.00712	0.00533	0.00462	0.00847	0.00876	0.01160	0.01931	0.04029	0.02171	0.58590	0.03974	0.00443	0.00519	0.20399	0.00358	0.00363
37	0.01260	0.00606	0.00742	0.00655	0.00851	0.00561	0.00510	0.01493	0.01316	0.22343	0.25507	0.02501	0.02432	0.00759	0.00484	0.00145	0.00297	0.00637	0.36307	0.00593
38	0.01208	0.05092	0.18651	0.01665	0.02207	0.01253	0.38136	0.04184	0.08193	0.01748	0.01101	0.01317	0.00831	0.00475	0.00536	0.00157	0.00724	0.00504	0.00291	0.11725
39	0.01435	0.03505	0.01510	0.01284	0.01442	0.23342	0.01031	0.04954	0.15337	0.01516	0.01010	0.01230	0.00857	0.00745	0.01060	0.00186	0.38162	0.00443	0.00308	0.00642
40	0.00695	0.00542	0.00635	0.00693	0.00793	0.00515	0.00486	0.00931	0.08471	0.01429	0.03517	0.48284	0.26424	0.03189	0.00680	0.00203	0.00305	0.01260	0.00484	0.00465
41	0.01244	0.01324	0.04434	0.05904	0.34444	0.01272	0.33767	0.01712	0.07339	0.01708	0.01100	0.01391	0.00862	0.00476	0.00559	0.00167	0.00721	0.00537	0.00280	0.00760
42	0.01063	0.11614	0.02125	0.01495	0.01808	0.01168	0.35782	0.01331	0.01098	0.01471	0.01535	0.24122	0.01575	0.00850	0.00701	0.00184	0.08408	0.02747	0.00323	0.00600
43	0.02298	0.00947	0.01246	0.00956	0.01360	0.00856	0.00789	0.10467	0.01593	0.70737	0.01969	0.01717	0.01246	0.00642	0.00523	0.00161	0.00457	0.00518	0.00631	0.00886
44	0.00754	0.00612	0.00679	0.00648	0.00821	0.00578	0.00490	0.01115	0.12032	0.01756	0.30585	0.04183	0.41545	0.01143	0.00603	0.00172	0.00278	0.00972	0.00522	0.00512
45	0.01352	0.09144	0.07568	0.01370	0.08125	0.01376	0.07907	0.08250	0.43475	0.03393	0.01629	0.01608	0.01230	0.00612	0.00514	0.00166	0.00527	0.00524	0.00430	0.00800
46	0.00733	0.00534	0.00752	0.00768	0.00834	0.00592	0.00561	0.00868	0.00841	0.01184	0.01635	0.12546	0.01698	0.19419	0.53813	0.00689	0.01073	0.00717	0.00313	0.00429
47	0.00646	0.00529	0.00570	0.00559	0.00722	0.00453	0.00420	0.00806	0.01259	0.01577	0.23454	0.04732	0.59954	0.01255	0.00615	0.00173	0.00259	0.01060	0.00506	0.00453
48	0.01100	0.02062	0.44340	0.01737	0.02373	0.01216	0.32237	0.01613	0.01147	0.01642	0.01076	0.05065	0.00846	0.00526	0.00552	0.00171	0.00791	0.00531	0.00250	0.00726
49	0.01199	0.01315	0.02573	0.01915	0.02264	0.01411	0.51066	0.01528	0.01083	0.01528	0.00929	0.01315	0.00754	0.00599	0.00985	0.00193	0.27874	0.00561	0.00251	0.00658
50	0.85377	0.01007	0.00765	0.00685	0.01007	0.01168	0.00564	0.01531	0.00886	0.02336	0.00725	0.00846	0.00564	0.00483	0.00322	0.00161	0.00403	0.00282	0.00322	0.00564
51	0.01389	0.01556	0.01558	0.01359	0.01442	0.25786	0.01098	0.01509	0.01008	0.01260	0.00721	0.01077	0.00680	0.00795	0.01325	0.00199	0.55998	0.00418	0.00240	0.00580
52	0.00665	0.00528	0.00597	0.00583	0.00735	0.00460	0.00436	0.00842	0.01298	0.01679	0.34551	0.06297	0.47036	0.01224	0.00616	0.00172	0.00257	0.01044	0.00520	0.00460

[dist]
# distance from previous block
# <min> <max>
0	6

[block]
# block no. 3 follows, 47 sequences, length 49
# corresponding to MSA columns:
# 412-460
name=unknown_D
#
# <colnr> <probs for GDERKNQSTAVLIFYWHMCP>
#	G	D	E	R	K	N	Q	S	T	A	V	L	I	F	Y	W	H	M	C	P
0	0.01057	0.01002	0.01683	0.61313	0.16699	0.01181	0.03450	0.01448	0.04341	0.01441	0.00990	0.01395	0.00758	0.00516	0.00523	0.00170	0.00674	0.00472	0.00250	0.00636
1	0.00700	0.00532	0.00648	0.00649	0.00783	0.00481	0.00495	0.00896	0.01316	0.01751	0.40512	0.09835	0.29313	0.01229	0.00629	0.00179	0.00280	0.08779	0.00527	0.00468
2	0.85377	0.01007	0.00765	0.00685	0.01007	0.01168	0.00564	0.01531	0.00886	0.02336	0.00725	0.00846	0.00564	0.00483	0.00322	0.00161	0.00403	0.00282	0.00322	0.00564
3	0.01558	0.01538	0.01243	0.01100	0.01380	0.31791	0.00862	0.16029	0.01534	0.04909	0.02850	0.08324	0.02811	0.00781	0.00529	0.00156	0.00643	0.11182	0.00394	0.10388
4	0.01424	0.21821	0.32528	0.01325	0.01846	0.26415	0.04572	0.01765	0.01215	0.01428	0.00847	0.00997	0.00671	0.00494	0.00453	0.00143	0.00777	0.00353	0.00238	0.00689
5	0.00762	0.00572	0.00711	0.00673	0.00812	0.00543	0.00505	0.01081	0.06964	0.02004	0.63117	0.05807	0.12317	0.01079	0.00609	0.00167	0.00261	0.00946	0.00558	0.00508
6	0.00702	0.00524	0.00584	0.00569	0.00719	0.00464	0.00427	0.00888	0.01280	0.01718	0.31406	0.04242	0.42496	0.01143	0.00585	0.00165	0.00255	0.00970	0.10399	0.00464
7	0.01533	0.01678	0.01300	0.01256	0.05231	0.38047	0.00914	0.06155	0.20184	0.01643	0.01502	0.08493	0.02550	0.00861	0.03922	0.00188	0.00712	0.02800	0.00376	0.00657
8	0.01843	0.09661	0.01553	0.01245	0.01538	0.61076	0.00963	0.09151	0.01514	0.01485	0.00955	0.01069	0.02256	0.00554	0.00462	0.00135	0.00835	0.00362	0.02713	0.00630
9	0.01080	0.00926	0.01080	0.00771	0.01234	0.00694	0.00617	0.01311	0.01080	0.01697	0.00926	0.01080	0.00771	0.00386	0.00386	0.00077	0.00386	0.00309	0.00309	0.84882
10	0.02229	0.01059	0.01315	0.01008	0.01416	0.01022	0.00833	0.24910	0.01779	0.56030	0.01812	0.01615	0.01167	0.00639	0.00523	0.00160	0.00482	0.00507	0.00607	0.00886
11	0.00733	0.00510	0.00670	0.00711	0.00762	0.00530	0.00496	0.00842	0.00892	0.01243	0.01982	0.25743	0.02187	0.25931	0.25540	0.00487	0.00704	0.04579	0.05047	0.00410
12	0.01086	0.01067	0.01491	0.01300	0.01303	0.01472	0.01070	0.01198	0.00819	0.01261	0.00914	0.09587	0.00974	0.00987	0.01599	0.00226	0.72274	0.00564	0.00255	0.00554
13	0.00659	0.00525	0.00591	0.00583	0.00733	0.00457	0.00434	0.00829	0.01277	0.01642	0.30759	0.08863	0.48313	0.01247	0.00618	0.00174	0.00260	0.01065	0.00515	0.00457
14	0.01580	0.01542	0.01319	0.01158	0.01465	0.22582	0.00900	0.14302	0.44992	0.02108	0.01625	0.01561	0.01229	0.00648	0.00512	0.00162	0.00581	0.00501	0.00458	0.00774
15	0.00983	0.00926	0.01562	0.80447	0.03587	0.01157	0.01446	0.01331	0.01041	0.01331	0.00926	0.01388	0.00694	0.00521	0.00521	0.00174	0.00694	0.00463	0.00231	0.00579
16	0.01469	0.21113	0.27098	0.01301	0.01792	0.26463	0.05019	0.01838	0.04494	0.03511	0.00930	0.01055	0.00728	0.00507	0.00457	0.00143	0.00755	0.00368	0.00263	0.00695
17	0.03491	0.00871	0.01066	0.01012	0.01185	0.08930	0.07311	0.01262	0.01170	0.08892	0.02361	0.29205	0.05641	0.01196	0.00661	0.00201	0.02927	0.21637	0.00444	0.00536
18	0.01045	0.02694	0.79000	0.01484	0.02254	0.01209	0.01924	0.01649	0.01099	0.01649	0.00935	0.01099	0.00660	0.00495	0.00495	0.00165	0.00770	0.00385	0.00220	0.00770
19	0.01392	0.82012	0.02729	0.00891	0.01337	0.02061	0.00891	0.01559	0.01058	0.01225	0.00724	0.00835	0.00668	0.00446	0.00334	0.00111	0.00557	0.00278	0.00223	0.00668
20	0.01014	0.00974	0.05531	0.01117	0.01190	0.01125	0.00926	0.01153	0.00917	0.04626	0.03754	0.23037	0.01645	0.04601	0.02616	0.00237	0.43908	0.00761	0.00329	0.00540
21	0.00617	0.00520	0.00535	0.00547	0.00708	0.00438	0.00404	0.00745	0.01169	0.01399	0.05044	0.12348	0.71052	0.01349	0.00620	0.00179	0.00267	0.01136	0.00484	0.00438
22	0.11296	0.01305	0.09560	0.01637	0.22330	0.01228	0.01125	0.07450	0.27141	0.09454	0.01454	0.01483	0.01085	0.00581	0.00497	0.00165	0.00519	0.00483	0.00410	0.00798
23	0.00905	0.00452	0.00678	0.00678	0.00678	0.00452	0.00452	0.00678	0.00678	0.00905	0.00905	0.01583	0.00905	0.01809	0.02035	0.84848	0.00452	0.00452	0.00226	0.00226
24	0.02130	0.01051	0.01290	0.01007	0.01401	0.01031	0.00826	0.20394	0.10501	0.51804	0.01869	0.01667	0.01227	0.00647	0.00524	0.00162	0.00471	0.00518	0.00602	0.00879
25	0.01225	0.25806	0.13802	0.05987	0.02193	0.01511	0.34282	0.01584	0.01136	0.01505	0.02442	0.01227	0.00807	0.00485	0.00551	0.00156	0.03896	0.00472	0.00248	0.00686
26	0.85377	0.01007	0.00765	0.00685	0.01007	0.01168	0.00564	0.01531	0.00886	0.02336	0.00725	0.00846	0.00564	0.00483	0.00322	0.00161	0.00403	0.00282	0.00322	0.00564
27	0.01980	0.01459	0.01563	0.01198	0.01615	0.01615	0.00990	0.76713	0.02448	0.03282	0.01250	0.01250	0.00886	0.00625	0.00521	0.00156	0.00573	0.00469	0.00521	0.00886
28	0.01585	0.01206	0.01848	0.04162	0.50085	0.01216	0.01344	0.14524	0.01451	0.15613	0.01215	0.01370	0.00915	0.00525	0.00518	0.00157	0.00582	0.00475	0.00370	0.00841
29	0.00765	0.00627	0.00651	0.00613	0.00810	0.00573	0.00471	0.08709	0.01302	0.01593	0.04661	0.04471	0.66317	0.01375	0.04533	0.00207	0.00352	0.01006	0.00477	0.00488
30	0.01048	0.01083	0.06004	0.13686	0.27623	0.01002	0.12216	0.01353	0.01161	0.01608	0.07771	0.12281	0.04024	0.00722	0.00560	0.00169	0.00579	0.02527	0.00323	0.04260
31	0.01210	0.01405	0.15168	0.24570	0.30201	0.01243	0.01486	0.07118	0.09211	0.01751	0.01095	0.01350	0.00843	0.00523	0.00515	0.00164	0.00641	0.00463	0.00291	0.00749
32	0.01119	0.01016	0.01464	0.01494	0.13012	0.01278	0.01066	0.01271	0.00951	0.04699	0.03131	0.09941	0.04964	0.00942	0.01266	0.00208	0.49100	0.02176	0.00303	0.00597
33	0.00717	0.00574	0.00659	0.00618	0.00803	0.00492	0.00474	0.00904	0.01276	0.01681	0.29935	0.04254	0.41063	0.01139	0.00596	0.00164	0.00281	0.04575	0.00496	0.09299
34	0.01536	0.04623	0.02061	0.01884	0.20883	0.01130	0.24914	0.05540	0.01341	0.22031	0.04523	0.04671	0.01202	0.00581	0.00551	0.00164	0.00622	0.00579	0.00395	0.00769
35	0.01366	0.07973	0.19452	0.11784	0.22197	0.01239	0.11592	0.03722	0.01222	0.12836	0.01115	0.01307	0.00823	0.00504	0.00512	0.00160	0.00666	0.00460	0.00307	0.00763
36	0.00859	0.00680	0.00860	0.00794	0.00807	0.00799	0.00557	0.00915	0.00843	0.01189	0.09393	0.02843	0.01881	0.51350	0.02182	0.00394	0.22237	0.00695	0.00319	0.00403
37	0.10267	0.01557	0.01836	0.07677	0.03940	0.21845	0.20903	0.07919	0.08322	0.01750	0.01022	0.01232	0.00800	0.00560	0.00622	0.00166	0.08140	0.00462	0.00310	0.00669
38	0.16263	0.05609	0.08443	0.01298	0.01715	0.20079	0.16201	0.04954	0.01313	0.17644	0.01124	0.01210	0.00811	0.00525	0.00482	0.00155	0.00683	0.00428	0.00358	0.00704
39	0.01458	0.01594	0.13552	0.01187	0.01585	0.14813	0.04080	0.11038	0.22538	0.06503	0.05027	0.01507	0.01204	0.00607	0.00528	0.00154	0.02180	0.00480	0.00404	0.09562
40	0.01330	0.00927	0.01364	0.19191	0.18584	0.02494	0.01055	0.01663	0.06905	0.19245	0.01630	0.14372	0.01412	0.00976	0.06299	0.00220	0.00592	0.00654	0.00399	0.00689
41	0.01491	0.73519	0.02570	0.00895	0.01336	0.01925	0.00878	0.01662	0.01103	0.09347	0.00863	0.00933	0.00733	0.00466	0.00354	0.00117	0.00545	0.00304	0.00267	0.00691
42	0.01324	0.73482	0.02516	0.00866	0.01278	0.01896	0.00849	0.01499	0.01102	0.01316	0.08832	0.01155	0.01113	0.00510	0.00363	0.00117	0.00524	0.00348	0.00259	0.00650
43	0.00918	0.00561	0.00719	0.00690	0.00761	0.00578	0.00468	0.00998	0.00859	0.09217	0.01607	0.02809	0.01644	0.48792	0.26596	0.00573	0.00778	0.00670	0.00339	0.00422
44	0.01175	0.27682	0.47729	0.01306	0.01939	0.01488	0.04733	0.01677	0.04889	0.01542	0.00932	0.01071	0.00714	0.00487	0.00451	0.00149	0.00689	0.00371	0.00238	0.00737
45	0.00822	0.00502	0.00665	0.00735	0.00802	0.00465	0.00501	0.00917	0.01031	0.09417	0.02695	0.67356	0.03106	0.07353	0.00794	0.00228	0.00332	0.01328	0.00488	0.00464
46	0.00813	0.00499	0.00668	0.00746	0.00815	0.00459	0.00513	0.00915	0.01049	0.09440	0.02785	0.73027	0.03219	0.01528	0.00650	0.00206	0.00317	0.01380	0.00500	0.00471
47	0.48634	0.01145	0.01120	0.00931	0.01258	0.08357	0.05929	0.01728	0.01081	0.15103	0.02679	0.01141	0.00821	0.00546	0.00476	0.00161	0.04955	0.00376	0.00368	0.03192
48	0.01580	0.01678	0.01187	0.01079	0.01313	0.44891	0.00813	0.04001	0.01443	0.08540	0.13816	0.09198	0.06732	0.00786	0.00527	0.00152	0.00669	0.00609	0.00393	0.00593

[dist]
# distance from previous block
# <min> <max>
0	22

# created by:
# /home/cegg/simao/soft/augustus-3.2.1/scripts/msa2prfl.pl ./align_prep/24788.fa
