[name]
unknown

[dist]
# distance from previous block
# <min> <max>
0	80

[block]
# block no. 0 follows, 47 sequences, length 47
# corresponding to MSA columns:
# 80-126
name=unknown_A
#
# <colnr> <probs for GDERKNQSTAVLIFYWHMCP>
#	G	D	E	R	K	N	Q	S	T	A	V	L	I	F	Y	W	H	M	C	P
0	0.00831	0.00602	0.00852	0.04120	0.01157	0.00610	0.00839	0.01065	0.01179	0.01534	0.02692	0.10841	0.02936	0.01415	0.00708	0.00235	0.00476	0.66959	0.00470	0.00480
1	0.72720	0.00962	0.00785	0.00710	0.01007	0.01111	0.00578	0.01519	0.04099	0.02243	0.03925	0.01095	0.00831	0.00749	0.05750	0.00208	0.00465	0.00340	0.00338	0.00565
2	0.02134	0.00919	0.01314	0.01005	0.01397	0.00818	0.05923	0.05333	0.01510	0.65106	0.07337	0.01876	0.01495	0.00659	0.00536	0.00162	0.00464	0.00557	0.00609	0.00846
3	0.00954	0.00713	0.00899	0.00868	0.00994	0.06038	0.00671	0.01130	0.00930	0.07419	0.01417	0.02003	0.01281	0.06524	0.64826	0.00722	0.01252	0.00548	0.00309	0.00502
4	0.01304	0.01277	0.01964	0.15702	0.58680	0.06578	0.01515	0.03770	0.01219	0.01657	0.00967	0.01280	0.00795	0.00483	0.00513	0.00156	0.00652	0.00455	0.00262	0.00771
5	0.00735	0.00556	0.00816	0.00816	0.00914	0.00637	0.00634	0.00917	0.00861	0.01222	0.01659	0.02248	0.06547	0.03729	0.74247	0.00792	0.01318	0.00595	0.00293	0.00463
6	0.00646	0.00489	0.00601	0.00684	0.00767	0.00443	0.00487	0.00763	0.01073	0.01373	0.03603	0.51264	0.26507	0.01518	0.00654	0.00203	0.00306	0.07702	0.00483	0.00433
7	0.01196	0.05457	0.39491	0.01740	0.02363	0.06634	0.32335	0.01683	0.01176	0.01614	0.00966	0.01202	0.00714	0.00473	0.00535	0.00165	0.00817	0.00471	0.00241	0.00727
8	0.01136	0.02496	0.67558	0.01578	0.07398	0.01244	0.01827	0.07656	0.01213	0.01784	0.00963	0.01124	0.00689	0.00503	0.00498	0.00164	0.00744	0.00397	0.00247	0.00783
9	0.00628	0.00478	0.00579	0.00660	0.00738	0.00429	0.00454	0.00733	0.01060	0.01355	0.03668	0.56029	0.28258	0.01528	0.00648	0.00200	0.00289	0.01354	0.00483	0.00429
10	0.00883	0.00466	0.00700	0.00700	0.00712	0.00479	0.00479	0.00712	0.00700	0.00945	0.00970	0.01645	0.00957	0.02088	0.12360	0.73671	0.00578	0.00466	0.00233	0.00258
11	0.01264	0.01173	0.01925	0.23353	0.52609	0.01246	0.01510	0.07542	0.01249	0.01730	0.00987	0.01312	0.00795	0.00492	0.00517	0.00160	0.00635	0.00464	0.00272	0.00765
12	0.01233	0.01181	0.02014	0.17209	0.64870	0.01223	0.01571	0.01550	0.01160	0.01634	0.00970	0.01307	0.00801	0.00474	0.00516	0.00158	0.00632	0.00464	0.00253	0.00780
13	0.01289	0.01237	0.02114	0.03196	0.78450	0.01237	0.01598	0.01598	0.01186	0.01701	0.00980	0.01289	0.00825	0.00464	0.00516	0.00155	0.00619	0.00464	0.00258	0.00825
14	0.01229	0.01405	0.03073	0.02195	0.02722	0.01317	0.76558	0.01668	0.01229	0.01668	0.01054	0.01405	0.00790	0.00439	0.00615	0.00176	0.00878	0.00615	0.00263	0.00702
15	0.01994	0.01435	0.01548	0.01187	0.01603	0.01580	0.00981	0.73651	0.02409	0.06401	0.01283	0.01272	0.00902	0.00626	0.00521	0.00156	0.00568	0.00471	0.00526	0.00886
16	0.01392	0.82012	0.02729	0.00891	0.01337	0.02061	0.00891	0.01559	0.01058	0.01225	0.00724	0.00835	0.00668	0.00446	0.00334	0.00111	0.00557	0.00278	0.00223	0.00668
17	0.01273	0.00663	0.00856	0.00738	0.00966	0.00593	0.00578	0.01512	0.02920	0.27963	0.41236	0.03285	0.13378	0.00949	0.00582	0.00165	0.00318	0.00814	0.00585	0.00625
18	0.00750	0.00543	0.00732	0.00843	0.00936	0.00525	0.00680	0.00929	0.01128	0.01467	0.02998	0.32079	0.09177	0.01496	0.00692	0.00225	0.00401	0.43461	0.00481	0.00457
19	0.01032	0.00992	0.01572	0.56021	0.02901	0.01292	0.01351	0.01307	0.00966	0.01307	0.00851	0.01311	0.00691	0.00641	0.00888	0.00190	0.25420	0.00461	0.00230	0.00576
20	0.00885	0.00656	0.00736	0.00708	0.00786	0.00706	0.00465	0.01254	0.19192	0.01306	0.01736	0.02947	0.01773	0.56023	0.08305	0.00453	0.00554	0.00701	0.00364	0.00450
21	0.00634	0.00453	0.00604	0.00725	0.00755	0.00423	0.00483	0.00725	0.00997	0.01329	0.02870	0.81358	0.03444	0.01632	0.00665	0.00211	0.00302	0.01480	0.00483	0.00423
22	0.00660	0.00479	0.00629	0.00740	0.00794	0.00448	0.00524	0.00774	0.01039	0.01366	0.03048	0.65202	0.09374	0.01581	0.00668	0.00212	0.00323	0.11224	0.00483	0.00432
23	0.00983	0.00926	0.01562	0.80447	0.03587	0.01157	0.01446	0.01331	0.01041	0.01331	0.00926	0.01388	0.00694	0.00521	0.00521	0.00174	0.00694	0.00463	0.00231	0.00579
24	0.00696	0.00531	0.00639	0.00612	0.00753	0.00474	0.00459	0.00903	0.01376	0.01856	0.53352	0.04272	0.29882	0.01151	0.00615	0.00168	0.00252	0.00995	0.00543	0.00474
25	0.00983	0.00926	0.01562	0.80447	0.03587	0.01157	0.01446	0.01331	0.01041	0.01331	0.00926	0.01388	0.00694	0.00521	0.00521	0.00174	0.00694	0.00463	0.00231	0.00579
26	0.01407	0.01131	0.01208	0.01062	0.01372	0.01289	0.00833	0.08310	0.67467	0.06699	0.02050	0.01881	0.01519	0.00697	0.00529	0.00174	0.00426	0.00576	0.00536	0.00832
27	0.00905	0.00452	0.00678	0.00678	0.00678	0.00452	0.00452	0.00678	0.00678	0.00905	0.00905	0.01583	0.00905	0.01809	0.02035	0.84848	0.00452	0.00452	0.00226	0.00226
28	0.01055	0.02633	0.75797	0.01556	0.05428	0.01211	0.01911	0.01647	0.01103	0.01651	0.00936	0.01107	0.00667	0.00493	0.00496	0.00164	0.00763	0.00388	0.00221	0.00772
29	0.00744	0.00558	0.00837	0.00837	0.00930	0.00651	0.00651	0.00930	0.00837	0.01209	0.01395	0.02046	0.01302	0.03906	0.79635	0.00837	0.01395	0.00558	0.00279	0.00465
30	0.00983	0.00926	0.01562	0.80447	0.03587	0.01157	0.01446	0.01331	0.01041	0.01331	0.00926	0.01388	0.00694	0.00521	0.00521	0.00174	0.00694	0.00463	0.00231	0.00579
31	0.01229	0.01405	0.03073	0.02195	0.02722	0.01317	0.76558	0.01668	0.01229	0.01668	0.01054	0.01405	0.00790	0.00439	0.00615	0.00176	0.00878	0.00615	0.00263	0.00702
32	0.00634	0.00453	0.00604	0.00725	0.00755	0.00423	0.00483	0.00725	0.00997	0.01329	0.02870	0.81358	0.03444	0.01632	0.00665	0.00211	0.00302	0.01480	0.00483	0.00423
33	0.01125	0.00963	0.01129	0.00875	0.03496	0.00781	0.00671	0.03210	0.07349	0.01774	0.01032	0.01160	0.00842	0.00420	0.00404	0.00089	0.00399	0.00340	0.00330	0.73610
34	0.01687	0.00792	0.01036	0.00842	0.01137	0.00724	0.00676	0.07611	0.01557	0.43188	0.31599	0.02556	0.02668	0.00806	0.00559	0.00162	0.00376	0.00682	0.00607	0.00733
35	0.00718	0.00518	0.00679	0.00668	0.00774	0.00479	0.00490	0.00935	0.01385	0.01947	0.64164	0.18303	0.04640	0.01170	0.00624	0.00173	0.00256	0.01042	0.00557	0.00479
36	0.01126	0.01098	0.01514	0.01319	0.01345	0.01503	0.01099	0.01328	0.05270	0.01330	0.00923	0.01542	0.00910	0.00939	0.01566	0.00226	0.70062	0.06060	0.00264	0.00578
37	0.00983	0.00926	0.01562	0.80447	0.03587	0.01157	0.01446	0.01331	0.01041	0.01331	0.00926	0.01388	0.00694	0.00521	0.00521	0.00174	0.00694	0.00463	0.00231	0.00579
38	0.00946	0.00544	0.00664	0.00618	0.00763	0.00511	0.00469	0.01188	0.01342	0.08180	0.45461	0.03042	0.03378	0.00872	0.00520	0.00149	0.00260	0.00749	0.29822	0.00521
39	0.01849	0.01332	0.01445	0.01139	0.01531	0.01461	0.00930	0.54071	0.17543	0.09070	0.01483	0.01428	0.01058	0.00638	0.00520	0.00159	0.00526	0.00494	0.00528	0.02796
40	0.01148	0.01131	0.01948	0.29849	0.28960	0.01283	0.10862	0.01452	0.01071	0.01487	0.00917	0.01312	0.00750	0.00560	0.00742	0.00177	0.14948	0.00481	0.00244	0.00678
41	0.01245	0.01023	0.01168	0.00850	0.01304	0.00863	0.00685	0.15139	0.01331	0.01988	0.00985	0.01111	0.00792	0.00430	0.00410	0.00092	0.00420	0.00338	0.00347	0.69478
42	0.01631	0.01285	0.01367	0.01128	0.01482	0.01452	0.00905	0.39040	0.40690	0.02720	0.01693	0.01603	0.01244	0.00667	0.00526	0.00167	0.00491	0.00530	0.00526	0.00854
43	0.00983	0.00926	0.01562	0.80447	0.03587	0.01157	0.01446	0.01331	0.01041	0.01331	0.00926	0.01388	0.00694	0.00521	0.00521	0.00174	0.00694	0.00463	0.00231	0.00579
44	0.01080	0.00926	0.01080	0.00771	0.01234	0.00694	0.00617	0.01311	0.01080	0.01697	0.00926	0.01080	0.00771	0.00386	0.00386	0.00077	0.00386	0.00309	0.00309	0.84882
45	0.01364	0.75661	0.08836	0.00939	0.01410	0.01992	0.00974	0.01567	0.01061	0.01259	0.00741	0.00857	0.00668	0.00449	0.00347	0.00116	0.00574	0.00287	0.00223	0.00676
46	0.01289	0.01237	0.02114	0.03196	0.78450	0.01237	0.01598	0.01598	0.01186	0.01701	0.00980	0.01289	0.00825	0.00464	0.00516	0.00155	0.00619	0.00464	0.00258	0.00825

[dist]
# distance from previous block
# <min> <max>
0	34

[block]
# block no. 1 follows, 47 sequences, length 61
# corresponding to MSA columns:
# 161-221
name=unknown_B
#
# <colnr> <probs for GDERKNQSTAVLIFYWHMCP>
#	G	D	E	R	K	N	Q	S	T	A	V	L	I	F	Y	W	H	M	C	P
0	0.02336	0.00886	0.01209	0.00927	0.01329	0.00765	0.00765	0.02538	0.01491	0.78810	0.02055	0.01773	0.01289	0.00645	0.00524	0.00161	0.00443	0.00524	0.00645	0.00886
1	0.01031	0.00978	0.01632	0.65811	0.12637	0.01195	0.01445	0.01358	0.01043	0.01371	0.00916	0.01360	0.00710	0.00539	0.00597	0.00175	0.05896	0.00462	0.00234	0.00608
2	0.00980	0.00917	0.01543	0.78397	0.03522	0.01143	0.01431	0.01324	0.01045	0.01336	0.00973	0.01504	0.00754	0.00544	0.00526	0.00175	0.00689	0.02383	0.00238	0.00576
3	0.00634	0.00453	0.00604	0.00725	0.00755	0.00423	0.00483	0.00725	0.00997	0.01329	0.02870	0.81358	0.03444	0.01632	0.00665	0.00211	0.00302	0.01480	0.00483	0.00423
4	0.85377	0.01007	0.00765	0.00685	0.01007	0.01168	0.00564	0.01531	0.00886	0.02336	0.00725	0.00846	0.00564	0.00483	0.00322	0.00161	0.00403	0.00282	0.00322	0.00564
5	0.00744	0.00558	0.00837	0.00837	0.00930	0.00651	0.00651	0.00930	0.00837	0.01209	0.01395	0.02046	0.01302	0.03906	0.79635	0.00837	0.01395	0.00558	0.00279	0.00465
6	0.01289	0.01237	0.02114	0.03196	0.78450	0.01237	0.01598	0.01598	0.01186	0.01701	0.00980	0.01289	0.00825	0.00464	0.00516	0.00155	0.00619	0.00464	0.00258	0.00825
7	0.02059	0.00979	0.01448	0.01528	0.21754	0.00890	0.00986	0.02289	0.01410	0.58389	0.01770	0.01644	0.01166	0.00597	0.00522	0.00159	0.00490	0.00508	0.00542	0.00870
8	0.01053	0.00974	0.01562	0.02278	0.50834	0.00951	0.01184	0.01292	0.01157	0.01585	0.02137	0.14316	0.16865	0.00816	0.00559	0.00168	0.00498	0.00748	0.00338	0.00685
9	0.01229	0.01405	0.03073	0.02195	0.02722	0.01317	0.76558	0.01668	0.01229	0.01668	0.01054	0.01405	0.00790	0.00439	0.00615	0.00176	0.00878	0.00615	0.00263	0.00702
10	0.85377	0.01007	0.00765	0.00685	0.01007	0.01168	0.00564	0.01531	0.00886	0.02336	0.00725	0.00846	0.00564	0.00483	0.00322	0.00161	0.00403	0.00282	0.00322	0.00564
11	0.00755	0.00514	0.00614	0.00614	0.00630	0.00530	0.00373	0.00787	0.00771	0.01044	0.01598	0.03173	0.01791	0.68273	0.15937	0.00562	0.00658	0.00723	0.00309	0.00341
12	0.00737	0.00532	0.00696	0.00655	0.00778	0.00491	0.00491	0.00983	0.01474	0.02088	0.78175	0.03890	0.04914	0.01065	0.00614	0.00164	0.00246	0.00942	0.00573	0.00491
13	0.00629	0.00528	0.00546	0.00542	0.00712	0.00445	0.00406	0.00774	0.01219	0.01483	0.13377	0.04887	0.70090	0.01291	0.00615	0.00175	0.00262	0.01082	0.00494	0.00445
14	0.00744	0.00557	0.00830	0.00830	0.00921	0.00647	0.00642	0.00925	0.00835	0.01204	0.01401	0.02081	0.01317	0.05929	0.77633	0.00828	0.01372	0.00563	0.00280	0.00461
15	0.00983	0.00926	0.01562	0.80447	0.03587	0.01157	0.01446	0.01331	0.01041	0.01331	0.00926	0.01388	0.00694	0.00521	0.00521	0.00174	0.00694	0.00463	0.00231	0.00579
16	0.00737	0.00532	0.00696	0.00655	0.00778	0.00491	0.00491	0.00983	0.01474	0.02088	0.78175	0.03890	0.04914	0.01065	0.00614	0.00164	0.00246	0.00942	0.00573	0.00491
17	0.00983	0.00926	0.01562	0.80447	0.03587	0.01157	0.01446	0.01331	0.01041	0.01331	0.00926	0.01388	0.00694	0.00521	0.00521	0.00174	0.00694	0.00463	0.00231	0.00579
18	0.00720	0.00532	0.00673	0.00637	0.00768	0.00484	0.00478	0.00950	0.01434	0.01993	0.67981	0.04047	0.15167	0.01100	0.00614	0.00165	0.00248	0.00964	0.00561	0.00484
19	0.01006	0.00949	0.01603	0.74673	0.09182	0.01163	0.01458	0.01351	0.01052	0.01358	0.00930	0.01381	0.00704	0.00516	0.00520	0.00172	0.00689	0.00463	0.00233	0.00597
20	0.00983	0.00926	0.01562	0.80447	0.03587	0.01157	0.01446	0.01331	0.01041	0.01331	0.00926	0.01388	0.00694	0.00521	0.00521	0.00174	0.00694	0.00463	0.00231	0.00579
21	0.85377	0.01007	0.00765	0.00685	0.01007	0.01168	0.00564	0.01531	0.00886	0.02336	0.00725	0.00846	0.00564	0.00483	0.00322	0.00161	0.00403	0.00282	0.00322	0.00564
22	0.01392	0.82012	0.02729	0.00891	0.01337	0.02061	0.00891	0.01559	0.01058	0.01225	0.00724	0.00835	0.00668	0.00446	0.00334	0.00111	0.00557	0.00278	0.00223	0.00668
23	0.01003	0.00946	0.01598	0.75418	0.08460	0.01162	0.01456	0.01348	0.01051	0.01355	0.00929	0.01382	0.00703	0.00517	0.00520	0.00172	0.00689	0.00463	0.00233	0.00595
24	0.01289	0.01237	0.02114	0.03196	0.78450	0.01237	0.01598	0.01598	0.01186	0.01701	0.00980	0.01289	0.00825	0.00464	0.00516	0.00155	0.00619	0.00464	0.00258	0.00825
25	0.01236	0.01184	0.02019	0.16466	0.65591	0.01224	0.01572	0.01552	0.01161	0.01638	0.00970	0.01306	0.00802	0.00474	0.00516	0.00158	0.00632	0.00464	0.00253	0.00783
26	0.01200	0.01279	0.01660	0.50320	0.02918	0.17397	0.09453	0.01506	0.01162	0.01371	0.01035	0.01593	0.00852	0.00576	0.00533	0.00170	0.00751	0.05374	0.00259	0.00591
27	0.00737	0.00532	0.00696	0.00655	0.00778	0.00491	0.00491	0.00983	0.01474	0.02088	0.78175	0.03890	0.04914	0.01065	0.00614	0.00164	0.00246	0.00942	0.00573	0.00491
28	0.03738	0.00996	0.01559	0.24974	0.08485	0.01063	0.06738	0.01870	0.01221	0.33208	0.01372	0.01498	0.00952	0.00602	0.00652	0.00173	0.09264	0.00494	0.00407	0.00733
29	0.01391	0.01432	0.02014	0.02907	0.66452	0.13474	0.01506	0.01673	0.01231	0.01635	0.00952	0.01234	0.00801	0.00475	0.00508	0.00151	0.00669	0.00444	0.00259	0.00790
30	0.85377	0.01007	0.00765	0.00685	0.01007	0.01168	0.00564	0.01531	0.00886	0.02336	0.00725	0.00846	0.00564	0.00483	0.00322	0.00161	0.00403	0.00282	0.00322	0.00564
31	0.00642	0.00529	0.00565	0.00556	0.00720	0.00451	0.00417	0.00800	0.01251	0.01558	0.21474	0.04763	0.61945	0.01262	0.00615	0.00173	0.00260	0.01064	0.00504	0.00451
32	0.00737	0.00532	0.00696	0.00655	0.00778	0.00491	0.00491	0.00983	0.01474	0.02088	0.78175	0.03890	0.04914	0.01065	0.00614	0.00164	0.00246	0.00942	0.00573	0.00491
33	0.00884	0.00765	0.01106	0.01025	0.01085	0.00986	0.00824	0.01045	0.00823	0.01225	0.01142	0.01724	0.01082	0.02842	0.51947	0.00621	0.29589	0.00522	0.00261	0.00502
34	0.85377	0.01007	0.00765	0.00685	0.01007	0.01168	0.00564	0.01531	0.00886	0.02336	0.00725	0.00846	0.00564	0.00483	0.00322	0.00161	0.00403	0.00282	0.00322	0.00564
35	0.01289	0.01237	0.02114	0.03196	0.78450	0.01237	0.01598	0.01598	0.01186	0.01701	0.00980	0.01289	0.00825	0.00464	0.00516	0.00155	0.00619	0.00464	0.00258	0.00825
36	0.01080	0.00926	0.01080	0.00771	0.01234	0.00694	0.00617	0.01311	0.01080	0.01697	0.00926	0.01080	0.00771	0.00386	0.00386	0.00077	0.00386	0.00309	0.00309	0.84882
37	0.01257	0.01131	0.01823	0.02623	0.59792	0.01141	0.01366	0.01668	0.08556	0.03679	0.07666	0.01607	0.01274	0.00548	0.00520	0.00157	0.00550	0.00519	0.03338	0.00786
38	0.01411	0.01591	0.01555	0.01359	0.01449	0.27850	0.01095	0.01531	0.01026	0.01260	0.00724	0.01072	0.00679	0.00785	0.01292	0.00196	0.53887	0.00415	0.00241	0.00581
39	0.01226	0.01395	0.03020	0.02165	0.02673	0.01327	0.73859	0.01653	0.01214	0.01653	0.01040	0.01395	0.00786	0.00456	0.00654	0.00177	0.03736	0.00609	0.00262	0.00698
40	0.85377	0.01007	0.00765	0.00685	0.01007	0.01168	0.00564	0.01531	0.00886	0.02336	0.00725	0.00846	0.00564	0.00483	0.00322	0.00161	0.00403	0.00282	0.00322	0.00564
41	0.00701	0.00531	0.00646	0.00618	0.00756	0.00476	0.00463	0.00913	0.01390	0.01888	0.56696	0.04221	0.26518	0.01140	0.00615	0.00167	0.00251	0.00988	0.00547	0.00476
42	0.01075	0.03430	0.01498	0.28693	0.02055	0.01338	0.01155	0.01285	0.00922	0.01353	0.00878	0.01303	0.00757	0.00729	0.01111	0.00194	0.41905	0.00456	0.09297	0.00567
43	0.01289	0.01237	0.02114	0.03196	0.78450	0.01237	0.01598	0.01598	0.01186	0.01701	0.00980	0.01289	0.00825	0.00464	0.00516	0.00155	0.00619	0.00464	0.00258	0.00825
44	0.01187	0.01318	0.02833	0.02062	0.02545	0.01240	0.68419	0.01605	0.01226	0.01656	0.01237	0.01885	0.01027	0.00546	0.00626	0.00182	0.00835	0.08604	0.00287	0.00678
45	0.01289	0.01237	0.02114	0.03196	0.78450	0.01237	0.01598	0.01598	0.01186	0.01701	0.00980	0.01289	0.00825	0.00464	0.00516	0.00155	0.00619	0.00464	0.00258	0.00825
46	0.02003	0.01421	0.01539	0.01180	0.01596	0.01559	0.00975	0.71812	0.02385	0.08273	0.01303	0.01285	0.00912	0.00626	0.00521	0.00157	0.00564	0.00472	0.00529	0.00886
47	0.01458	0.01132	0.01445	0.01607	0.21723	0.01217	0.01025	0.08317	0.39829	0.11408	0.04031	0.01753	0.01395	0.00639	0.00527	0.00167	0.00478	0.00549	0.00472	0.00827
48	0.01018	0.00936	0.01573	0.62922	0.03157	0.01117	0.06246	0.04020	0.01123	0.01450	0.01167	0.01926	0.00985	0.00630	0.00551	0.00181	0.00676	0.09463	0.00274	0.00586
49	0.01948	0.02415	0.01481	0.01332	0.01610	0.74531	0.01005	0.06938	0.01539	0.01405	0.00834	0.00959	0.00685	0.00542	0.00473	0.00136	0.00915	0.00344	0.00285	0.00622
50	0.00634	0.00453	0.00604	0.00725	0.00755	0.00423	0.00483	0.00725	0.00997	0.01329	0.02870	0.81358	0.03444	0.01632	0.00665	0.00211	0.00302	0.01480	0.00483	0.00423
51	0.01101	0.01060	0.01843	0.49736	0.28356	0.01194	0.06386	0.01441	0.01101	0.01475	0.00952	0.01356	0.00744	0.00497	0.00525	0.00167	0.00681	0.00473	0.00242	0.00668
52	0.01950	0.01375	0.06717	0.01231	0.01677	0.01323	0.07821	0.44130	0.01980	0.24246	0.01438	0.01401	0.00975	0.00605	0.00528	0.00160	0.00577	0.00492	0.00512	0.00862
53	0.00731	0.00556	0.00742	0.07936	0.01022	0.00536	0.00566	0.00950	0.01333	0.01831	0.51789	0.14896	0.12908	0.01126	0.00613	0.00173	0.00297	0.00994	0.00519	0.00483
54	0.02336	0.00886	0.01209	0.00927	0.01329	0.00765	0.00765	0.02538	0.01491	0.78810	0.02055	0.01773	0.01289	0.00645	0.00524	0.00161	0.00443	0.00524	0.00645	0.00886
55	0.01045	0.02694	0.79000	0.01484	0.02254	0.01209	0.01924	0.01649	0.01099	0.01649	0.00935	0.01099	0.00660	0.00495	0.00495	0.00165	0.00770	0.00385	0.00220	0.00770
56	0.31118	0.01699	0.34011	0.11507	0.01902	0.01148	0.01273	0.01646	0.01051	0.08829	0.00960	0.01108	0.00687	0.00508	0.00439	0.00164	0.00600	0.00371	0.00296	0.00682
57	0.01137	0.01083	0.01840	0.41490	0.41339	0.01198	0.01523	0.01466	0.01114	0.01518	0.00953	0.01338	0.00760	0.00492	0.00518	0.00164	0.00656	0.00463	0.00245	0.00703
58	0.00841	0.00555	0.00729	0.00673	0.00814	0.00509	0.00509	0.01084	0.01475	0.07082	0.73220	0.03752	0.04678	0.01037	0.00608	0.00164	0.00259	0.00915	0.00578	0.00517
59	0.79866	0.01037	0.00818	0.00719	0.01047	0.01198	0.00592	0.06499	0.00989	0.02399	0.00760	0.00873	0.00585	0.00493	0.00335	0.00161	0.00414	0.00294	0.00335	0.00585
60	0.01150	0.01083	0.01817	0.42687	0.38184	0.01206	0.01505	0.03365	0.01144	0.01552	0.00959	0.01339	0.00760	0.00497	0.00518	0.00164	0.00656	0.00464	0.00251	0.00700

[dist]
# distance from previous block
# <min> <max>
0	1

[block]
# block no. 2 follows, 47 sequences, length 96
# corresponding to MSA columns:
# 223-318
name=unknown_C
#
# <colnr> <probs for GDERKNQSTAVLIFYWHMCP>
#	G	D	E	R	K	N	Q	S	T	A	V	L	I	F	Y	W	H	M	C	P
0	0.00833	0.00620	0.00756	0.07844	0.01058	0.00592	0.00572	0.01011	0.01238	0.07656	0.18952	0.04032	0.47071	0.01125	0.00648	0.00174	0.03899	0.00936	0.00480	0.00504
1	0.00944	0.00483	0.00495	0.00504	0.00618	0.00480	0.00373	0.01175	0.01085	0.01893	0.01792	0.08228	0.01502	0.00688	0.00388	0.00128	0.00247	0.00564	0.77931	0.00480
2	0.75573	0.01042	0.00842	0.00731	0.01065	0.01189	0.00601	0.07781	0.01023	0.02393	0.00776	0.00888	0.00598	0.00492	0.00341	0.00158	0.00416	0.00298	0.00338	0.03454
3	0.45019	0.01634	0.01116	0.00990	0.01299	0.32527	0.00777	0.08100	0.01254	0.01992	0.00801	0.00917	0.00634	0.00517	0.00398	0.00150	0.00631	0.00319	0.00318	0.00607
4	0.00634	0.00453	0.00604	0.00725	0.00755	0.00423	0.00483	0.00725	0.00997	0.01329	0.02870	0.81358	0.03444	0.01632	0.00665	0.00211	0.00302	0.01480	0.00483	0.00423
5	0.00983	0.00926	0.01562	0.80447	0.03587	0.01157	0.01446	0.01331	0.01041	0.01331	0.00926	0.01388	0.00694	0.00521	0.00521	0.00174	0.00694	0.00463	0.00231	0.00579
6	0.00768	0.00526	0.00668	0.00632	0.00755	0.00491	0.00474	0.01014	0.01423	0.02069	0.67931	0.03629	0.04434	0.01003	0.00581	0.00158	0.00245	0.00881	0.11827	0.00491
7	0.00634	0.00453	0.00604	0.00725	0.00755	0.00423	0.00483	0.00725	0.00997	0.01329	0.02870	0.81358	0.03444	0.01632	0.00665	0.00211	0.00302	0.01480	0.00483	0.00423
8	0.01945	0.02482	0.01476	0.01342	0.01610	0.79608	0.01006	0.02079	0.01476	0.01275	0.00805	0.00939	0.00671	0.00537	0.00470	0.00134	0.00939	0.00335	0.00268	0.00604
9	0.01980	0.01459	0.01563	0.01198	0.01615	0.01615	0.00990	0.76713	0.02448	0.03282	0.01250	0.01250	0.00886	0.00625	0.00521	0.00156	0.00573	0.00469	0.00521	0.00886
10	0.00744	0.00558	0.00837	0.00837	0.00930	0.00651	0.00651	0.00930	0.00837	0.01209	0.01395	0.02046	0.01302	0.03906	0.79635	0.00837	0.01395	0.00558	0.00279	0.00465
11	0.00886	0.00459	0.00664	0.00664	0.00664	0.00459	0.00435	0.00689	0.00689	0.00918	0.00999	0.01818	0.01032	0.12086	0.02114	0.73999	0.00459	0.00492	0.00238	0.00238
12	0.00737	0.00532	0.00696	0.00655	0.00778	0.00491	0.00491	0.00983	0.01474	0.02088	0.78175	0.03890	0.04914	0.01065	0.00614	0.00164	0.00246	0.00942	0.00573	0.00491
13	0.74597	0.00963	0.00771	0.00684	0.00997	0.01096	0.00561	0.01566	0.00936	0.06693	0.00871	0.00977	0.00661	0.00501	0.00337	0.00158	0.00394	0.00310	0.06349	0.00577
14	0.01229	0.01405	0.03073	0.02195	0.02722	0.01317	0.76558	0.01668	0.01229	0.01668	0.01054	0.01405	0.00790	0.00439	0.00615	0.00176	0.00878	0.00615	0.00263	0.00702
15	0.01392	0.82012	0.02729	0.00891	0.01337	0.02061	0.00891	0.01559	0.01058	0.01225	0.00724	0.00835	0.00668	0.00446	0.00334	0.00111	0.00557	0.00278	0.00223	0.00668
16	0.08739	0.01137	0.10807	0.00985	0.01427	0.00878	0.00900	0.04584	0.01423	0.60935	0.01786	0.01600	0.01142	0.00613	0.00504	0.00161	0.00484	0.00486	0.00563	0.00846
17	0.00828	0.00626	0.00779	0.00743	0.00890	0.00622	0.00570	0.01258	0.13147	0.02040	0.58528	0.05771	0.04212	0.01054	0.00611	0.00173	0.00291	0.06760	0.00557	0.00540
18	0.00763	0.00582	0.00857	0.00846	0.00930	0.00687	0.00655	0.00935	0.00831	0.01200	0.01376	0.02081	0.01307	0.08225	0.71563	0.00789	0.05069	0.00565	0.00279	0.00461
19	0.01289	0.01237	0.02114	0.03196	0.78450	0.01237	0.01598	0.01598	0.01186	0.01701	0.00980	0.01289	0.00825	0.00464	0.00516	0.00155	0.00619	0.00464	0.00258	0.00825
20	0.00749	0.00540	0.00744	0.00744	0.00805	0.00601	0.00535	0.00870	0.00809	0.01140	0.01480	0.02516	0.01506	0.30738	0.53082	0.00722	0.01088	0.00627	0.00292	0.00413
21	0.00745	0.00553	0.00811	0.00811	0.00895	0.00637	0.00619	0.00913	0.00829	0.01190	0.01418	0.02176	0.01358	0.11314	0.72304	0.00805	0.01310	0.00577	0.00282	0.00451
22	0.01045	0.02694	0.79000	0.01484	0.02254	0.01209	0.01924	0.01649	0.01099	0.01649	0.00935	0.01099	0.00660	0.00495	0.00495	0.00165	0.00770	0.00385	0.00220	0.00770
23	0.00737	0.00532	0.00696	0.00655	0.00778	0.00491	0.00491	0.00983	0.01474	0.02088	0.78175	0.03890	0.04914	0.01065	0.00614	0.00164	0.00246	0.00942	0.00573	0.00491
24	0.00621	0.00528	0.00535	0.00533	0.00707	0.00442	0.00400	0.00758	0.01200	0.01437	0.08524	0.04962	0.74971	0.01308	0.00615	0.00175	0.00263	0.01092	0.00488	0.00442
25	0.00644	0.00457	0.00601	0.00713	0.00741	0.00429	0.00470	0.00728	0.00978	0.01304	0.02773	0.75188	0.03322	0.07970	0.00822	0.00235	0.00318	0.01423	0.00470	0.00414
26	0.00726	0.00532	0.00681	0.00644	0.00771	0.00487	0.00483	0.00962	0.01449	0.02028	0.71725	0.03989	0.11402	0.01087	0.00614	0.00165	0.00247	0.00956	0.00565	0.00487
27	0.01392	0.82012	0.02729	0.00891	0.01337	0.02061	0.00891	0.01559	0.01058	0.01225	0.00724	0.00835	0.00668	0.00446	0.00334	0.00111	0.00557	0.00278	0.00223	0.00668
28	0.01080	0.00926	0.01080	0.00771	0.01234	0.00694	0.00617	0.01311	0.01080	0.01697	0.00926	0.01080	0.00771	0.00386	0.00386	0.00077	0.00386	0.00309	0.00309	0.84882
29	0.01640	0.01189	0.01292	0.01115	0.01397	0.14810	0.05269	0.12359	0.01477	0.23304	0.01803	0.02716	0.01576	0.04640	0.00700	0.00196	0.02479	0.20890	0.00468	0.00680
30	0.01139	0.01139	0.01595	0.01367	0.01367	0.01595	0.01139	0.01253	0.00798	0.01253	0.00684	0.01139	0.00684	0.00911	0.01709	0.00228	0.80745	0.00456	0.00228	0.00570
31	0.01863	0.02072	0.01406	0.01264	0.02779	0.58071	0.00948	0.02120	0.07463	0.09683	0.01054	0.01124	0.00819	0.00550	0.00475	0.00137	0.00800	0.00376	0.00332	0.06664
32	0.02328	0.00900	0.01217	0.00933	0.01336	0.00786	0.00771	0.04339	0.01514	0.76976	0.02035	0.01760	0.01279	0.00644	0.00524	0.00161	0.00446	0.00522	0.00642	0.00886
33	0.00651	0.00529	0.00576	0.00565	0.00725	0.00455	0.00423	0.00816	0.01270	0.01605	0.26423	0.04686	0.56967	0.01245	0.00615	0.00172	0.00259	0.01053	0.00510	0.00455
34	0.00983	0.00926	0.01562	0.80447	0.03587	0.01157	0.01446	0.01331	0.01041	0.01331	0.00926	0.01388	0.00694	0.00521	0.00521	0.00174	0.00694	0.00463	0.00231	0.00579
35	0.01945	0.02482	0.01476	0.01342	0.01610	0.79608	0.01006	0.02079	0.01476	0.01275	0.00805	0.00939	0.00671	0.00537	0.00470	0.00134	0.00939	0.00335	0.00268	0.00604
36	0.01562	0.37990	0.01929	0.02962	0.01421	0.33796	0.00892	0.01729	0.01234	0.01330	0.00873	0.01018	0.00746	0.00503	0.00398	0.00123	0.00682	0.00330	0.09866	0.00619
37	0.01329	0.00918	0.01105	0.00802	0.01253	0.00708	0.00646	0.01554	0.01161	0.16958	0.01149	0.01217	0.00874	0.00437	0.00413	0.00094	0.00397	0.00351	0.00375	0.68259
38	0.01147	0.01070	0.01678	0.55966	0.19476	0.03114	0.01434	0.07077	0.01189	0.01556	0.00959	0.01346	0.00736	0.00517	0.00518	0.00167	0.00675	0.00460	0.00260	0.00655
39	0.00672	0.00537	0.00628	0.00648	0.00792	0.00493	0.00501	0.00831	0.01147	0.01441	0.09458	0.09534	0.47632	0.01707	0.11953	0.00280	0.00454	0.10381	0.00460	0.00451
40	0.01758	0.02179	0.01823	0.01655	0.08340	0.58606	0.14900	0.01963	0.01406	0.01383	0.00865	0.01054	0.00706	0.00513	0.00500	0.00143	0.00901	0.00397	0.00267	0.00641
41	0.00844	0.00492	0.00738	0.00738	0.00773	0.00527	0.00527	0.00773	0.00738	0.01019	0.01090	0.01758	0.01055	0.02601	0.31339	0.53123	0.00808	0.00492	0.00246	0.00316
42	0.00619	0.00515	0.00541	0.00562	0.00712	0.00437	0.00411	0.00743	0.01154	0.01393	0.04856	0.18329	0.65192	0.01373	0.00624	0.00182	0.00270	0.01166	0.00484	0.00437
43	0.01004	0.00513	0.00527	0.00516	0.00649	0.00513	0.00390	0.01278	0.03110	0.03763	0.04117	0.01999	0.01453	0.00625	0.00380	0.00125	0.00252	0.00503	0.77780	0.00504
44	0.01623	0.07862	0.01846	0.02122	0.35813	0.36484	0.01254	0.01840	0.01316	0.03798	0.00914	0.01112	0.00758	0.00501	0.00481	0.00142	0.00753	0.00394	0.00272	0.00716
45	0.01316	0.00974	0.01143	0.00832	0.01283	0.00795	0.00672	0.09002	0.01265	0.10841	0.01090	0.01178	0.00843	0.00440	0.00415	0.00095	0.00411	0.00350	0.00369	0.66686
46	0.00830	0.00656	0.00881	0.00793	0.00933	0.00670	0.02956	0.01172	0.07629	0.02016	0.63403	0.03435	0.04178	0.01004	0.00694	0.00170	0.06652	0.00864	0.00533	0.00531
47	0.01068	0.01019	0.01514	0.01326	0.01399	0.01313	0.07031	0.01241	0.00937	0.01366	0.01255	0.02399	0.01297	0.01012	0.01364	0.00227	0.53429	0.19951	0.00297	0.00557
48	0.01289	0.01237	0.02114	0.03196	0.78450	0.01237	0.01598	0.01598	0.01186	0.01701	0.00980	0.01289	0.00825	0.00464	0.00516	0.00155	0.00619	0.00464	0.00258	0.00825
49	0.01144	0.01155	0.01680	0.01415	0.01445	0.01579	0.05463	0.01277	0.00822	0.01277	0.00705	0.01155	0.00690	0.00884	0.01646	0.00225	0.76166	0.00465	0.00230	0.00577
50	0.00983	0.00926	0.01562	0.80447	0.03587	0.01157	0.01446	0.01331	0.01041	0.01331	0.00926	0.01388	0.00694	0.00521	0.00521	0.00174	0.00694	0.00463	0.00231	0.00579
51	0.01068	0.02528	0.69233	0.01576	0.02314	0.01223	0.11525	0.01652	0.01116	0.01652	0.00950	0.01139	0.00676	0.00488	0.00510	0.00166	0.00784	0.00414	0.00225	0.00761
52	0.00913	0.00633	0.00987	0.00933	0.01080	0.00596	0.10326	0.01095	0.01104	0.07610	0.02418	0.45195	0.02622	0.01253	0.00619	0.00196	0.00404	0.11088	0.10416	0.00511
53	0.00983	0.00926	0.01562	0.80447	0.03587	0.01157	0.01446	0.01331	0.01041	0.01331	0.00926	0.01388	0.00694	0.00521	0.00521	0.00174	0.00694	0.00463	0.00231	0.00579
54	0.85377	0.01007	0.00765	0.00685	0.01007	0.01168	0.00564	0.01531	0.00886	0.02336	0.00725	0.00846	0.00564	0.00483	0.00322	0.00161	0.00403	0.00282	0.00322	0.00564
55	0.00643	0.00459	0.00612	0.00720	0.00757	0.00428	0.00484	0.00746	0.01035	0.01389	0.08831	0.75226	0.03561	0.01587	0.00661	0.00208	0.00298	0.01438	0.00491	0.00428
56	0.01295	0.01119	0.01178	0.01060	0.01354	0.01295	0.00824	0.02767	0.77509	0.02178	0.02120	0.01943	0.01590	0.00707	0.00530	0.00177	0.00412	0.00589	0.00530	0.00824
57	0.02066	0.01320	0.01477	0.01133	0.01546	0.01410	0.00936	0.58780	0.02217	0.21542	0.01445	0.01377	0.00983	0.00630	0.00522	0.00157	0.00542	0.00482	0.00551	0.00886
58	0.02308	0.00932	0.01237	0.00948	0.01352	0.00833	0.00783	0.08410	0.01566	0.72832	0.01991	0.01731	0.01257	0.00643	0.00523	0.00161	0.00453	0.00519	0.00635	0.00886
59	0.85377	0.01007	0.00765	0.00685	0.01007	0.01168	0.00564	0.01531	0.00886	0.02336	0.00725	0.00846	0.00564	0.00483	0.00322	0.00161	0.00403	0.00282	0.00322	0.00564
60	0.01129	0.01074	0.01825	0.43582	0.39312	0.01195	0.01519	0.01458	0.01110	0.01507	0.00951	0.01341	0.00757	0.00494	0.00518	0.00165	0.00658	0.00463	0.00244	0.00696
61	0.01305	0.01243	0.02101	0.03149	0.76639	0.01246	0.01584	0.03368	0.01216	0.01739	0.00986	0.01288	0.00826	0.00468	0.00516	0.00155	0.00618	0.00464	0.00264	0.00826
62	0.03388	0.00994	0.01192	0.01008	0.01265	0.01111	0.00815	0.33889	0.01578	0.07257	0.01343	0.01634	0.01089	0.02118	0.36434	0.00467	0.02822	0.00508	0.00408	0.00680
63	0.00983	0.00926	0.01562	0.80447	0.03587	0.01157	0.01446	0.01331	0.01041	0.01331	0.00926	0.01388	0.00694	0.00521	0.00521	0.00174	0.00694	0.00463	0.00231	0.00579
64	0.85377	0.01007	0.00765	0.00685	0.01007	0.01168	0.00564	0.01531	0.00886	0.02336	0.00725	0.00846	0.00564	0.00483	0.00322	0.00161	0.00403	0.00282	0.00322	0.00564
65	0.00651	0.00465	0.00623	0.00744	0.00781	0.00437	0.00512	0.00753	0.01013	0.01348	0.02861	0.75383	0.03409	0.01616	0.00669	0.00214	0.00316	0.07296	0.00483	0.00427
66	0.01073	0.01080	0.01518	0.52644	0.02848	0.10135	0.06603	0.01398	0.03221	0.01372	0.01219	0.12268	0.01099	0.00673	0.00541	0.00174	0.00674	0.00601	0.00281	0.00576
67	0.00900	0.00713	0.00932	0.03312	0.05512	0.00755	0.00676	0.01314	0.12042	0.01981	0.50344	0.03065	0.03550	0.00926	0.00667	0.00168	0.06677	0.00786	0.05114	0.00566
68	0.01223	0.01170	0.01995	0.19772	0.62386	0.01220	0.01566	0.01541	0.01155	0.01622	0.00968	0.01310	0.00797	0.00476	0.00517	0.00159	0.00635	0.00464	0.00252	0.00772
69	0.85377	0.01007	0.00765	0.00685	0.01007	0.01168	0.00564	0.01531	0.00886	0.02336	0.00725	0.00846	0.00564	0.00483	0.00322	0.00161	0.00403	0.00282	0.00322	0.00564
70	0.12158	0.01046	0.01249	0.01016	0.01267	0.01171	0.00831	0.13378	0.01244	0.08399	0.07099	0.01419	0.01127	0.02173	0.00886	0.00170	0.25676	0.00453	0.00368	0.18870
71	0.20154	0.00860	0.01178	0.10645	0.23183	0.00914	0.00920	0.01228	0.01017	0.01646	0.01548	0.26495	0.01636	0.05581	0.00644	0.00197	0.00472	0.00759	0.00344	0.00581
72	0.02096	0.01297	0.01346	0.01074	0.01453	0.12346	0.00869	0.23677	0.07780	0.40063	0.01651	0.01517	0.01109	0.00628	0.00516	0.00157	0.00549	0.00486	0.00546	0.00841
73	0.02111	0.01063	0.01323	0.03415	0.01478	0.01059	0.00859	0.22769	0.06158	0.49637	0.01774	0.01614	0.01165	0.00645	0.00549	0.00163	0.02260	0.00509	0.00582	0.00866
74	0.01213	0.01160	0.01978	0.22271	0.59964	0.01218	0.01561	0.01532	0.01150	0.01610	0.00966	0.01313	0.00793	0.00478	0.00517	0.00159	0.00637	0.00464	0.00251	0.00764
75	0.01177	0.00877	0.01031	0.05268	0.01252	0.00929	0.00742	0.29573	0.01592	0.02114	0.04891	0.33555	0.08269	0.01134	0.00600	0.00186	0.00432	0.05279	0.00487	0.00614
76	0.00963	0.00879	0.01458	0.69058	0.03227	0.01077	0.01359	0.01295	0.01064	0.01363	0.01188	0.02031	0.01024	0.00652	0.00549	0.00183	0.00663	0.11134	0.00267	0.00564
77	0.01080	0.00926	0.01080	0.00771	0.01234	0.00694	0.00617	0.01311	0.01080	0.01697	0.00926	0.01080	0.00771	0.00386	0.00386	0.00077	0.00386	0.00309	0.00309	0.84882
78	0.01980	0.01459	0.01563	0.01198	0.01615	0.01615	0.00990	0.76713	0.02448	0.03282	0.01250	0.01250	0.00886	0.00625	0.00521	0.00156	0.00573	0.00469	0.00521	0.00886
79	0.00789	0.00693	0.00985	0.33681	0.01911	0.00746	0.00847	0.01029	0.01175	0.01490	0.15788	0.03320	0.33704	0.00945	0.00576	0.00173	0.00439	0.00809	0.00394	0.00506
80	0.01009	0.00939	0.01562	0.78439	0.03537	0.01169	0.01435	0.03240	0.01077	0.01380	0.00934	0.01385	0.00699	0.00523	0.00521	0.00173	0.00691	0.00463	0.00239	0.00586
81	0.02324	0.00906	0.01221	0.00936	0.01339	0.00794	0.00773	0.05056	0.01523	0.76246	0.02027	0.01755	0.01275	0.00644	0.00524	0.00161	0.00448	0.00522	0.00640	0.00886
82	0.01631	0.08291	0.01358	0.01116	0.01363	0.53933	0.00855	0.01795	0.01397	0.01454	0.10857	0.01429	0.01295	0.00606	0.00465	0.00135	0.00737	0.00427	0.10278	0.00580
83	0.00884	0.00466	0.00699	0.00699	0.00711	0.00478	0.00478	0.00711	0.00699	0.00944	0.00968	0.01643	0.00956	0.02079	0.12017	0.74042	0.00574	0.00466	0.00233	0.00257
84	0.01198	0.01145	0.01950	0.26112	0.56242	0.01214	0.01553	0.01519	0.01143	0.01591	0.00964	0.01318	0.00786	0.00481	0.00517	0.00160	0.00641	0.00464	0.00250	0.00752
85	0.01006	0.00948	0.01602	0.74837	0.09023	0.01163	0.01457	0.01350	0.01052	0.01357	0.00930	0.01381	0.00704	0.00517	0.00520	0.00172	0.00689	0.00463	0.00233	0.00596
86	0.00983	0.00926	0.01562	0.80447	0.03587	0.01157	0.01446	0.01331	0.01041	0.01331	0.00926	0.01388	0.00694	0.00521	0.00521	0.00174	0.00694	0.00463	0.00231	0.00579
87	0.01286	0.01490	0.02946	0.02127	0.02634	0.07514	0.70578	0.01701	0.01249	0.01637	0.01034	0.01368	0.00781	0.00447	0.00603	0.00172	0.00883	0.00592	0.00264	0.00695
88	0.00898	0.00624	0.00944	0.00910	0.01049	0.00582	0.08259	0.01058	0.01101	0.08841	0.02688	0.43108	0.08078	0.05952	0.00766	0.00222	0.00413	0.13542	0.00466	0.00500
89	0.00734	0.00652	0.00975	0.00866	0.01057	0.00585	0.12644	0.00915	0.01165	0.01477	0.08392	0.23264	0.40287	0.01244	0.00631	0.00186	0.00378	0.03613	0.00454	0.00482
90	0.01147	0.01140	0.02080	0.13138	0.26253	0.01172	0.24899	0.03116	0.01196	0.01653	0.07262	0.05176	0.02766	0.00614	0.00643	0.00172	0.05984	0.00606	0.00299	0.00684
91	0.00639	0.00456	0.00609	0.00730	0.00762	0.00427	0.00491	0.00733	0.01001	0.01334	0.02868	0.79692	0.03434	0.01627	0.00666	0.00212	0.00306	0.03102	0.00483	0.00424
92	0.01019	0.00891	0.01461	0.44377	0.14955	0.01051	0.01233	0.01228	0.00978	0.01307	0.00977	0.04103	0.00846	0.00815	0.00895	0.15615	0.06961	0.00495	0.00243	0.00548
93	0.01117	0.01047	0.01736	0.51468	0.26998	0.01209	0.01471	0.03972	0.01128	0.01511	0.00947	0.01346	0.00742	0.00516	0.00549	0.00168	0.02694	0.00463	0.00249	0.00666
94	0.00906	0.00689	0.01019	0.12998	0.08247	0.00785	0.00828	0.01141	0.00980	0.01463	0.01417	0.02081	0.01264	0.02022	0.33355	0.00442	0.04792	0.05758	0.19286	0.00525
95	0.00983	0.00926	0.01562	0.80447	0.03587	0.01157	0.01446	0.01331	0.01041	0.01331	0.00926	0.01388	0.00694	0.00521	0.00521	0.00174	0.00694	0.00463	0.00231	0.00579

[dist]
# distance from previous block
# <min> <max>
0	0

# created by:
# /home/cegg/simao/soft/augustus-3.2.1/scripts/msa2prfl.pl ./align_prep/24900.fa
