[name]
unknown

[dist]
# distance from previous block
# <min> <max>
0	74

[block]
# block no. 0 follows, 51 sequences, length 18
# corresponding to MSA columns:
# 76-93
name=unknown_A
#
# <colnr> <probs for GDERKNQSTAVLIFYWHMCP>
#	G	D	E	R	K	N	Q	S	T	A	V	L	I	F	Y	W	H	M	C	P
0	0.01147	0.01087	0.01143	0.01020	0.01197	0.09709	0.00803	0.01862	0.36298	0.01739	0.17177	0.01923	0.01837	0.00764	0.00774	0.00171	0.19730	0.00567	0.00414	0.00635
1	0.00974	0.02142	0.61037	0.01357	0.01936	0.01132	0.04757	0.01452	0.00989	0.01477	0.00905	0.01141	0.00689	0.00821	0.08469	0.00224	0.09211	0.00395	0.00215	0.00676
2	0.01071	0.01020	0.01733	0.42538	0.41275	0.01129	0.01436	0.01381	0.01050	0.01429	0.00899	0.01264	0.00716	0.00465	0.00489	0.00155	0.00620	0.00437	0.00231	0.00661
3	0.02205	0.00836	0.01140	0.00874	0.01254	0.00722	0.00722	0.02395	0.01407	0.80004	0.01939	0.01673	0.01216	0.00608	0.00494	0.00152	0.00418	0.00494	0.00608	0.00836
4	0.00709	0.00500	0.00654	0.00654	0.00695	0.00540	0.00445	0.00790	0.00750	0.01040	0.01441	0.02619	0.01528	0.46030	0.38846	0.00622	0.00866	0.00627	0.00282	0.00363
5	0.01160	0.01326	0.02900	0.02071	0.02568	0.01243	0.77879	0.01574	0.01160	0.01574	0.00994	0.01326	0.00746	0.00414	0.00580	0.00166	0.00829	0.00580	0.00249	0.00663
6	0.01169	0.01119	0.01909	0.15968	0.67084	0.01155	0.01485	0.01467	0.01096	0.01548	0.00916	0.01232	0.00758	0.00447	0.00487	0.00149	0.00596	0.00438	0.00239	0.00740
7	0.01160	0.01326	0.02900	0.02071	0.02568	0.01243	0.77879	0.01574	0.01160	0.01574	0.00994	0.01326	0.00746	0.00414	0.00580	0.00166	0.00829	0.00580	0.00249	0.00663
8	0.01107	0.07155	0.33352	0.01194	0.01674	0.01123	0.06028	0.01455	0.01009	0.05632	0.00889	0.01074	0.00692	0.00509	0.00634	0.00143	0.14311	0.00371	0.00253	0.21396
9	0.45226	0.01045	0.00875	0.00800	0.01074	0.07670	0.00639	0.01741	0.22673	0.01983	0.01446	0.01609	0.06186	0.00620	0.00409	0.00159	0.00420	0.04461	0.00373	0.00592
10	0.01225	0.00622	0.00815	0.00698	0.00914	0.00552	0.00548	0.01432	0.01371	0.29873	0.44483	0.03057	0.10611	0.00886	0.00549	0.00155	0.00300	0.00762	0.00557	0.00593
11	0.01635	0.01204	0.01327	0.06388	0.01497	0.01333	0.00866	0.61009	0.01987	0.02675	0.01218	0.01454	0.00952	0.10351	0.00725	0.00187	0.00530	0.00475	0.03449	0.00739
12	0.01013	0.00776	0.01116	0.00925	0.01132	0.00761	0.13266	0.10043	0.05337	0.06816	0.09980	0.11655	0.13452	0.20297	0.01021	0.00239	0.00453	0.00780	0.00410	0.00527
13	0.11101	0.00792	0.00917	0.05310	0.10562	0.06031	0.00676	0.03020	0.00994	0.05348	0.01667	0.25040	0.01787	0.20334	0.00989	0.00244	0.00458	0.03883	0.00357	0.00491
14	0.17083	0.07152	0.01479	0.01558	0.24513	0.19996	0.00983	0.01790	0.01185	0.18269	0.01040	0.01128	0.00782	0.00492	0.00432	0.00141	0.00579	0.00377	0.00332	0.00686
15	0.01059	0.00845	0.01150	0.12463	0.14052	0.00899	0.00877	0.19264	0.01309	0.01753	0.01824	0.30054	0.03964	0.03409	0.00611	0.00182	0.00459	0.04850	0.00392	0.00585
16	0.01250	0.01104	0.05780	0.11411	0.25630	0.01015	0.20061	0.01554	0.01152	0.14463	0.03330	0.06655	0.03161	0.00574	0.00524	0.00159	0.00595	0.00567	0.00327	0.00687
17	0.01161	0.01103	0.01836	0.02150	0.39098	0.01154	0.13851	0.06535	0.05284	0.01633	0.01190	0.10904	0.01094	0.00636	0.00650	0.00165	0.09989	0.00581	0.00296	0.00690

[dist]
# distance from previous block
# <min> <max>
0	6

[block]
# block no. 1 follows, 51 sequences, length 9
# corresponding to MSA columns:
# 100-108
name=unknown_B
#
# <colnr> <probs for GDERKNQSTAVLIFYWHMCP>
#	G	D	E	R	K	N	Q	S	T	A	V	L	I	F	Y	W	H	M	C	P
0	0.05239	0.01064	0.01355	0.07068	0.24909	0.05677	0.00989	0.19006	0.01373	0.06678	0.01563	0.15985	0.05514	0.00734	0.00508	0.00158	0.00505	0.00632	0.00374	0.00668
1	0.29264	0.01099	0.01426	0.10822	0.31484	0.01200	0.01071	0.14794	0.01218	0.02023	0.00884	0.01083	0.00693	0.00476	0.00428	0.00150	0.00517	0.00382	0.00304	0.00681
2	0.13017	0.01239	0.01685	0.13118	0.20595	0.07280	0.12569	0.15383	0.05152	0.01884	0.00975	0.01184	0.00754	0.00499	0.00502	0.00154	0.02589	0.00433	0.00307	0.00683
3	0.00974	0.00879	0.01288	0.08327	0.31285	0.02783	0.00987	0.01265	0.05580	0.01445	0.01796	0.02063	0.14644	0.02908	0.15464	0.00278	0.02619	0.00569	0.04250	0.00597
4	0.01415	0.01001	0.01372	0.01294	0.13049	0.00975	0.07176	0.07287	0.19262	0.19807	0.03434	0.01629	0.04147	0.00570	0.00484	0.00142	0.00458	0.00498	0.00428	0.15571
5	0.00928	0.00873	0.01474	0.81548	0.03385	0.01092	0.01365	0.01256	0.00983	0.01256	0.00873	0.01310	0.00655	0.00491	0.00491	0.00164	0.00655	0.00437	0.00218	0.00546
6	0.00701	0.00523	0.00770	0.00764	0.00856	0.00592	0.00592	0.00885	0.00880	0.01265	0.12981	0.02191	0.01738	0.03285	0.68801	0.00695	0.01154	0.00581	0.00305	0.00442
7	0.00790	0.00453	0.00631	0.00625	0.00656	0.00448	0.00424	0.00709	0.00796	0.01074	0.12921	0.02225	0.05827	0.11399	0.06032	0.53407	0.00443	0.00569	0.00288	0.00284
8	0.01111	0.01068	0.01769	0.25754	0.45620	0.01196	0.01402	0.01386	0.01024	0.01440	0.00868	0.01223	0.00722	0.00517	0.00656	0.00161	0.12741	0.00436	0.00232	0.00674

[dist]
# distance from previous block
# <min> <max>
0	24

[block]
# block no. 2 follows, 51 sequences, length 80
# corresponding to MSA columns:
# 133-212
name=unknown_C
#
# <colnr> <probs for GDERKNQSTAVLIFYWHMCP>
#	G	D	E	R	K	N	Q	S	T	A	V	L	I	F	Y	W	H	M	C	P
0	0.01272	0.38293	0.16017	0.01535	0.18789	0.08772	0.06058	0.01546	0.01078	0.01356	0.00798	0.00969	0.00669	0.00440	0.00408	0.00129	0.00626	0.00344	0.00223	0.00677
1	0.00726	0.00543	0.00690	0.00625	0.00779	0.00483	0.00473	0.00952	0.01338	0.01901	0.67356	0.03424	0.07560	0.00944	0.00556	0.00146	0.00247	0.00829	0.00509	0.09918
2	0.86201	0.00950	0.00722	0.00646	0.00950	0.01102	0.00532	0.01445	0.00836	0.02205	0.00684	0.00798	0.00532	0.00456	0.00304	0.00152	0.00380	0.00266	0.00304	0.00532
3	0.00671	0.00480	0.00654	0.00767	0.00828	0.00462	0.00582	0.00810	0.01012	0.01336	0.02668	0.53517	0.03092	0.01471	0.00647	0.00210	0.00348	0.29572	0.00455	0.00419
4	0.86201	0.00950	0.00722	0.00646	0.00950	0.01102	0.00532	0.01445	0.00836	0.02205	0.00684	0.00798	0.00532	0.00456	0.00304	0.00152	0.00380	0.00266	0.00304	0.00532
5	0.00715	0.00476	0.00536	0.00536	0.00536	0.00476	0.00298	0.00715	0.00715	0.00953	0.01548	0.03216	0.01787	0.82729	0.02501	0.00476	0.00476	0.00715	0.00298	0.00298
6	0.01603	0.00958	0.02881	0.01013	0.01358	0.00904	0.08644	0.05551	0.19534	0.36407	0.11228	0.01861	0.01607	0.00638	0.00510	0.00154	0.00441	0.00554	0.00514	0.03641
7	0.01083	0.00916	0.00987	0.00897	0.01137	0.01029	0.00693	0.02174	0.59328	0.01994	0.16713	0.02362	0.07036	0.00767	0.00520	0.00164	0.00351	0.00649	0.00505	0.00696
8	0.01019	0.00873	0.01019	0.00728	0.01165	0.00655	0.00582	0.01237	0.01019	0.01601	0.00873	0.01019	0.00728	0.00364	0.00364	0.00073	0.00364	0.00291	0.00291	0.85734
9	0.01203	0.01130	0.01739	0.29662	0.44899	0.06379	0.01387	0.01492	0.01103	0.04976	0.00942	0.01247	0.00746	0.00468	0.00486	0.00151	0.00621	0.00432	0.00252	0.00688
10	0.00997	0.01787	0.50308	0.01150	0.01648	0.00894	0.01330	0.01395	0.01047	0.09115	0.01494	0.23764	0.01412	0.00779	0.00514	0.00168	0.00573	0.00664	0.00316	0.00646
11	0.02205	0.00836	0.01140	0.00874	0.01254	0.00722	0.00722	0.02395	0.01407	0.80004	0.01939	0.01673	0.01216	0.00608	0.00494	0.00152	0.00418	0.00494	0.00608	0.00836
12	0.01207	0.01172	0.02042	0.04496	0.73276	0.01171	0.06352	0.01507	0.01119	0.01597	0.00928	0.01225	0.00774	0.00437	0.00493	0.00148	0.00601	0.00447	0.00243	0.00767
13	0.01057	0.06139	0.71498	0.01367	0.02048	0.06436	0.01715	0.01579	0.01059	0.01515	0.00865	0.01016	0.00624	0.00467	0.00459	0.00151	0.00728	0.00356	0.00211	0.00712
14	0.79143	0.00986	0.00785	0.00687	0.00998	0.01138	0.00566	0.07853	0.00960	0.02280	0.00726	0.00830	0.00558	0.00467	0.00320	0.00152	0.00394	0.00281	0.00320	0.00558
15	0.00996	0.00817	0.01029	0.01023	0.07612	0.00879	0.02165	0.01613	0.27982	0.04483	0.27991	0.02646	0.11048	0.00832	0.00617	0.00164	0.06323	0.00700	0.00465	0.00615
16	0.00702	0.00527	0.00790	0.00790	0.00878	0.00614	0.00614	0.00878	0.00790	0.01141	0.01316	0.01931	0.01229	0.03686	0.80782	0.00790	0.01316	0.00527	0.00263	0.00439
17	0.00649	0.00501	0.00593	0.00570	0.00706	0.00444	0.00427	0.00838	0.01282	0.01711	0.49341	0.04098	0.34863	0.01102	0.00580	0.00159	0.00239	0.00949	0.00507	0.00444
18	0.01314	0.83025	0.02575	0.00841	0.01261	0.01945	0.00841	0.01472	0.00999	0.01156	0.00683	0.00788	0.00631	0.00420	0.00315	0.00105	0.00526	0.00263	0.00210	0.00631
19	0.01248	0.01234	0.01942	0.05049	0.72623	0.06216	0.01469	0.01530	0.01133	0.01570	0.00913	0.01198	0.00766	0.00444	0.00484	0.00145	0.00605	0.00430	0.00243	0.00759
20	0.01216	0.01168	0.01995	0.03016	0.79664	0.01168	0.01508	0.01508	0.01119	0.01605	0.00924	0.01216	0.00778	0.00438	0.00487	0.00146	0.00584	0.00438	0.00243	0.00778
21	0.00916	0.00458	0.00458	0.00458	0.00573	0.00458	0.00344	0.01145	0.01031	0.01832	0.01603	0.01832	0.01260	0.00573	0.00344	0.00115	0.00229	0.00458	0.85457	0.00458
22	0.01019	0.00873	0.01019	0.00728	0.01165	0.00655	0.00582	0.01237	0.01019	0.01601	0.00873	0.01019	0.00728	0.00364	0.00364	0.00073	0.00364	0.00291	0.00291	0.85734
23	0.00715	0.00476	0.00536	0.00536	0.00536	0.00476	0.00298	0.00715	0.00715	0.00953	0.01548	0.03216	0.01787	0.82729	0.02501	0.00476	0.00476	0.00715	0.00298	0.00298
24	0.01222	0.01056	0.01111	0.01000	0.01278	0.01222	0.00778	0.02611	0.78776	0.02056	0.02000	0.01833	0.01500	0.00667	0.00500	0.00167	0.00389	0.00556	0.00500	0.00778
25	0.86201	0.00950	0.00722	0.00646	0.00950	0.01102	0.00532	0.01445	0.00836	0.02205	0.00684	0.00798	0.00532	0.00456	0.00304	0.00152	0.00380	0.00266	0.00304	0.00532
26	0.01787	0.02262	0.01400	0.01268	0.01505	0.75727	0.00957	0.01913	0.01352	0.01201	0.00752	0.00898	0.00634	0.00529	0.00517	0.00132	0.06023	0.00324	0.00251	0.00568
27	0.00686	0.00502	0.00643	0.00608	0.00728	0.00460	0.00456	0.00909	0.01368	0.01916	0.73097	0.03761	0.10978	0.01025	0.00580	0.00156	0.00233	0.00901	0.00534	0.00460
28	0.01916	0.01300	0.01428	0.01095	0.01486	0.01411	0.00904	0.67371	0.02183	0.13932	0.01287	0.01249	0.00889	0.00593	0.00492	0.00148	0.00523	0.00450	0.00508	0.00836
29	0.00584	0.00498	0.00502	0.00501	0.00666	0.00416	0.00376	0.00711	0.01128	0.01345	0.07010	0.04701	0.77422	0.01238	0.00581	0.00166	0.00248	0.01033	0.00459	0.00416
30	0.00928	0.00873	0.01474	0.81548	0.03385	0.01092	0.01365	0.01256	0.00983	0.01256	0.00873	0.01310	0.00655	0.00491	0.00491	0.00164	0.00655	0.00437	0.00218	0.00546
31	0.86201	0.00950	0.00722	0.00646	0.00950	0.01102	0.00532	0.01445	0.00836	0.02205	0.00684	0.00798	0.00532	0.00456	0.00304	0.00152	0.00380	0.00266	0.00304	0.00532
32	0.00928	0.00873	0.01474	0.81548	0.03385	0.01092	0.01365	0.01256	0.00983	0.01256	0.00873	0.01310	0.00655	0.00491	0.00491	0.00164	0.00655	0.00437	0.00218	0.00546
33	0.00601	0.00497	0.00528	0.00524	0.00678	0.00423	0.00392	0.00744	0.01163	0.01439	0.18010	0.06715	0.64168	0.01211	0.00582	0.00165	0.00247	0.01021	0.00471	0.00423
34	0.00593	0.00459	0.00542	0.00605	0.00693	0.00407	0.00422	0.00699	0.01026	0.01301	0.05407	0.48141	0.35141	0.01404	0.00607	0.00184	0.00269	0.01235	0.00458	0.00407
35	0.01216	0.01168	0.01995	0.03016	0.79664	0.01168	0.01508	0.01508	0.01119	0.01605	0.00924	0.01216	0.00778	0.00438	0.00487	0.00146	0.00584	0.00438	0.00243	0.00778
36	0.86201	0.00950	0.00722	0.00646	0.00950	0.01102	0.00532	0.01445	0.00836	0.02205	0.00684	0.00798	0.00532	0.00456	0.00304	0.00152	0.00380	0.00266	0.00304	0.00532
37	0.00792	0.00566	0.00792	0.00905	0.01018	0.00566	0.00792	0.01018	0.01131	0.01471	0.02602	0.05543	0.02828	0.01358	0.00679	0.00226	0.00453	0.76356	0.00453	0.00453
38	0.00713	0.00497	0.00625	0.00593	0.00712	0.00460	0.00445	0.00937	0.01334	0.01914	0.66053	0.03534	0.09011	0.00972	0.00554	0.00151	0.00233	0.00850	0.09953	0.00460
39	0.00598	0.00493	0.00525	0.00528	0.00677	0.00420	0.00392	0.00734	0.01143	0.01409	0.14809	0.10324	0.63783	0.01234	0.00584	0.00167	0.00249	0.01044	0.00468	0.00420
40	0.01868	0.01376	0.01475	0.01131	0.01524	0.01524	0.00934	0.78025	0.02311	0.03097	0.01180	0.01180	0.00836	0.00590	0.00492	0.00147	0.00541	0.00442	0.00492	0.00836
41	0.01660	0.01327	0.01248	0.01064	0.01353	0.19202	0.00841	0.09957	0.28567	0.21209	0.01521	0.01457	0.01103	0.00622	0.00566	0.00156	0.06501	0.00465	0.00449	0.00733
42	0.01216	0.01168	0.01995	0.03016	0.79664	0.01168	0.01508	0.01508	0.01119	0.01605	0.00924	0.01216	0.00778	0.00438	0.00487	0.00146	0.00584	0.00438	0.00243	0.00778
43	0.00792	0.00566	0.00792	0.00905	0.01018	0.00566	0.00792	0.01018	0.01131	0.01471	0.02602	0.05543	0.02828	0.01358	0.00679	0.00226	0.00453	0.76356	0.00453	0.00453
44	0.01209	0.01160	0.01982	0.04946	0.77789	0.01166	0.01505	0.01502	0.01116	0.01597	0.00923	0.01219	0.00775	0.00439	0.00487	0.00146	0.00586	0.00438	0.00243	0.00773
45	0.00995	0.00981	0.01468	0.75657	0.03248	0.06938	0.01334	0.01307	0.01013	0.01252	0.00865	0.01279	0.00653	0.00492	0.00488	0.00161	0.00672	0.00428	0.00221	0.00548
46	0.01213	0.00912	0.00970	0.00874	0.01122	0.01025	0.00679	0.02277	0.57144	0.06614	0.01909	0.01824	0.01431	0.00643	0.00465	0.00154	0.00356	0.00531	0.19148	0.00711
47	0.00621	0.00494	0.00558	0.00553	0.00691	0.00430	0.00410	0.00780	0.01200	0.01542	0.30265	0.10067	0.48282	0.01184	0.00584	0.00165	0.00246	0.01013	0.00485	0.00430
48	0.00645	0.00500	0.00587	0.00565	0.00703	0.00442	0.00424	0.00830	0.01272	0.01688	0.46675	0.04136	0.37543	0.01110	0.00580	0.00160	0.00239	0.00954	0.00504	0.00442
49	0.00637	0.00510	0.00577	0.00600	0.00745	0.00450	0.00471	0.00792	0.01146	0.01425	0.12676	0.07415	0.53118	0.01251	0.00602	0.00178	0.00289	0.16226	0.00465	0.00427
50	0.00928	0.00873	0.01474	0.81548	0.03385	0.01092	0.01365	0.01256	0.00983	0.01256	0.00873	0.01310	0.00655	0.00491	0.00491	0.00164	0.00655	0.00437	0.00218	0.00546
51	0.00873	0.00786	0.01281	0.62474	0.02760	0.00944	0.01152	0.01178	0.01079	0.01424	0.19382	0.01867	0.01594	0.00612	0.00512	0.00162	0.00555	0.00543	0.00294	0.00527
52	0.01682	0.01958	0.01357	0.01210	0.01463	0.55404	0.00926	0.08102	0.15042	0.01503	0.01004	0.01088	0.00803	0.00564	0.00531	0.00141	0.05908	0.00376	0.00313	0.00626
53	0.00702	0.00527	0.00790	0.00790	0.00878	0.00614	0.00614	0.00878	0.00790	0.01141	0.01316	0.01931	0.01229	0.03686	0.80782	0.00790	0.01316	0.00527	0.00263	0.00439
54	0.00599	0.00428	0.00570	0.00684	0.00713	0.00399	0.00456	0.00684	0.00941	0.01254	0.02709	0.82409	0.03250	0.01540	0.00627	0.00200	0.00285	0.01397	0.00456	0.00399
55	0.01095	0.01097	0.01626	0.01519	0.10043	0.01455	0.04804	0.01238	0.00813	0.01248	0.00693	0.01103	0.00665	0.00792	0.01438	0.00205	0.68938	0.00438	0.00220	0.00570
56	0.00711	0.00513	0.00722	0.00722	0.00790	0.00578	0.00533	0.00848	0.00779	0.01118	0.01378	0.02224	0.01358	0.21815	0.60393	0.00698	0.01091	0.00568	0.02755	0.00407
57	0.00686	0.00502	0.00643	0.00608	0.00728	0.00460	0.00456	0.00909	0.01368	0.01916	0.73132	0.03760	0.10943	0.01025	0.00580	0.00156	0.00233	0.00901	0.00534	0.00460
58	0.01207	0.01041	0.01506	0.15046	0.32094	0.03196	0.01102	0.03681	0.01126	0.06757	0.00969	0.01188	0.00768	0.00441	0.00447	0.00125	0.00521	0.00391	0.00286	0.28108
59	0.01216	0.01168	0.01995	0.03016	0.79664	0.01168	0.01508	0.01508	0.01119	0.01605	0.00924	0.01216	0.00778	0.00438	0.00487	0.00146	0.00584	0.00438	0.00243	0.00778
60	0.00702	0.00527	0.00790	0.00790	0.00878	0.00614	0.00614	0.00878	0.00790	0.01141	0.01316	0.01931	0.01229	0.03686	0.80782	0.00790	0.01316	0.00527	0.00263	0.00439
61	0.01844	0.02106	0.01413	0.01233	0.01520	0.61379	0.00946	0.20565	0.01617	0.01666	0.00862	0.00958	0.00683	0.00527	0.00455	0.00132	0.00802	0.00347	0.00312	0.00635
62	0.00928	0.00873	0.01474	0.81548	0.03385	0.01092	0.01365	0.01256	0.00983	0.01256	0.00873	0.01310	0.00655	0.00491	0.00491	0.00164	0.00655	0.00437	0.00218	0.00546
63	0.00711	0.00481	0.00557	0.00550	0.00571	0.00474	0.00327	0.00752	0.00834	0.01132	0.15249	0.03296	0.02288	0.68348	0.02163	0.00420	0.00433	0.00745	0.00341	0.00327
64	0.00986	0.02542	0.80183	0.01401	0.02127	0.01141	0.01816	0.01556	0.01038	0.01556	0.00882	0.01038	0.00623	0.00467	0.00467	0.00156	0.00726	0.00363	0.00208	0.00726
65	0.01216	0.01168	0.01995	0.03016	0.79664	0.01168	0.01508	0.01508	0.01119	0.01605	0.00924	0.01216	0.00778	0.00438	0.00487	0.00146	0.00584	0.00438	0.00243	0.00778
66	0.00928	0.00873	0.01474	0.81548	0.03385	0.01092	0.01365	0.01256	0.00983	0.01256	0.00873	0.01310	0.00655	0.00491	0.00491	0.00164	0.00655	0.00437	0.00218	0.00546
67	0.01075	0.01075	0.01505	0.01290	0.01290	0.01505	0.01075	0.01183	0.00753	0.01183	0.00645	0.01075	0.00645	0.00860	0.01613	0.00215	0.81830	0.00430	0.00215	0.00538
68	0.01219	0.01147	0.01885	0.08260	0.66755	0.01178	0.01432	0.04160	0.06078	0.01661	0.00998	0.01261	0.00818	0.00461	0.00488	0.00149	0.00575	0.00445	0.00266	0.00764
69	0.01836	0.02342	0.01393	0.01266	0.01519	0.80756	0.00950	0.01962	0.01393	0.01203	0.00760	0.00886	0.00633	0.00506	0.00443	0.00127	0.00886	0.00317	0.00253	0.00570
70	0.00630	0.00495	0.00570	0.00561	0.00697	0.00435	0.00417	0.00798	0.01223	0.01595	0.36299	0.09211	0.42993	0.01162	0.00583	0.00163	0.00244	0.00997	0.00492	0.00435
71	0.01285	0.01081	0.01134	0.00892	0.01269	0.06004	0.00709	0.12424	0.20629	0.04840	0.01230	0.01261	0.00948	0.00489	0.00426	0.00113	0.00430	0.00388	0.00381	0.44067
72	0.01050	0.00509	0.00564	0.00527	0.00674	0.00491	0.00403	0.01275	0.01117	0.11454	0.10273	0.02016	0.01629	0.00625	0.00388	0.00124	0.00253	0.00510	0.65613	0.00505
73	0.01075	0.01075	0.01505	0.01290	0.01290	0.01505	0.01075	0.01183	0.00753	0.01183	0.00645	0.01075	0.00645	0.00860	0.01613	0.00215	0.81830	0.00430	0.00215	0.00538
74	0.00790	0.00455	0.00506	0.00535	0.00629	0.00439	0.00386	0.00973	0.01038	0.01649	0.07834	0.24594	0.07025	0.00916	0.00455	0.00144	0.00246	0.00788	0.50157	0.00439
75	0.01878	0.01361	0.01465	0.01123	0.01516	0.01501	0.00928	0.75820	0.02284	0.05339	0.01202	0.01194	0.00847	0.00590	0.00492	0.00148	0.00537	0.00444	0.00495	0.00836
76	0.01019	0.00873	0.01019	0.00728	0.01165	0.00655	0.00582	0.01237	0.01019	0.01601	0.00873	0.01019	0.00728	0.00364	0.00364	0.00073	0.00364	0.00291	0.00291	0.85734
77	0.00916	0.00458	0.00458	0.00458	0.00573	0.00458	0.00344	0.01145	0.01031	0.01832	0.01603	0.01832	0.01260	0.00573	0.00344	0.00115	0.00229	0.00458	0.85457	0.00458
78	0.00715	0.00476	0.00536	0.00536	0.00536	0.00476	0.00298	0.00715	0.00715	0.00953	0.01548	0.03216	0.01787	0.82729	0.02501	0.00476	0.00476	0.00715	0.00298	0.00298
79	0.01179	0.36725	0.36765	0.01114	0.01655	0.01505	0.01270	0.04219	0.08542	0.01486	0.00915	0.01013	0.00718	0.00470	0.00406	0.00135	0.00602	0.00341	0.00246	0.00694

[dist]
# distance from previous block
# <min> <max>
0	1

[block]
# block no. 3 follows, 51 sequences, length 42
# corresponding to MSA columns:
# 214-255
name=unknown_D
#
# <colnr> <probs for GDERKNQSTAVLIFYWHMCP>
#	G	D	E	R	K	N	Q	S	T	A	V	L	I	F	Y	W	H	M	C	P
0	0.00724	0.00537	0.00703	0.00646	0.00787	0.00497	0.00490	0.00949	0.01294	0.01849	0.64152	0.03253	0.03929	0.01239	0.09237	0.00216	0.00361	0.00798	0.00489	0.07850
1	0.01284	0.01228	0.01879	0.02694	0.66366	0.04944	0.01401	0.06044	0.06230	0.01702	0.01001	0.01239	0.00822	0.00465	0.00486	0.00146	0.00583	0.00440	0.00275	0.00772
2	0.01219	0.05525	0.62201	0.01286	0.01935	0.01116	0.01576	0.03620	0.01128	0.14305	0.01053	0.01134	0.00725	0.00491	0.00466	0.00153	0.00663	0.00382	0.00280	0.00743
3	0.86201	0.00950	0.00722	0.00646	0.00950	0.01102	0.00532	0.01445	0.00836	0.02205	0.00684	0.00798	0.00532	0.00456	0.00304	0.00152	0.00380	0.00266	0.00304	0.00532
4	0.01314	0.83025	0.02575	0.00841	0.01261	0.01945	0.00841	0.01472	0.00999	0.01156	0.00683	0.00788	0.00631	0.00420	0.00315	0.00105	0.00526	0.00263	0.00210	0.00631
5	0.00581	0.00498	0.00498	0.00498	0.00664	0.00415	0.00373	0.00705	0.01120	0.01328	0.04978	0.04729	0.79464	0.01245	0.00581	0.00166	0.00249	0.01037	0.00456	0.00415
6	0.00684	0.00502	0.00641	0.00607	0.00727	0.00459	0.00455	0.00906	0.01365	0.01908	0.72147	0.03774	0.11934	0.01028	0.00580	0.00156	0.00234	0.00903	0.00533	0.00459
7	0.01222	0.01056	0.01111	0.01000	0.01278	0.01222	0.00778	0.02611	0.78776	0.02056	0.02000	0.01833	0.01500	0.00667	0.00500	0.00167	0.00389	0.00556	0.00500	0.00778
8	0.01086	0.00592	0.00770	0.00686	0.00872	0.00533	0.00534	0.01286	0.01324	0.22358	0.43445	0.03349	0.11614	0.04212	0.00640	0.00172	0.00305	0.05138	0.00535	0.00549
9	0.86201	0.00950	0.00722	0.00646	0.00950	0.01102	0.00532	0.01445	0.00836	0.02205	0.00684	0.00798	0.00532	0.00456	0.00304	0.00152	0.00380	0.00266	0.00304	0.00532
10	0.01141	0.01457	0.11260	0.01999	0.02521	0.01232	0.69651	0.01572	0.01147	0.01572	0.00982	0.01294	0.00732	0.00420	0.00568	0.00165	0.00817	0.00556	0.00244	0.00670
11	0.00916	0.00458	0.00458	0.00458	0.00573	0.00458	0.00344	0.01145	0.01031	0.01832	0.01603	0.01832	0.01260	0.00573	0.00344	0.00115	0.00229	0.00458	0.85457	0.00458
12	0.00928	0.00873	0.01474	0.81548	0.03385	0.01092	0.01365	0.01256	0.00983	0.01256	0.00873	0.01310	0.00655	0.00491	0.00491	0.00164	0.00655	0.00437	0.00218	0.00546
13	0.01019	0.00873	0.01019	0.00728	0.01165	0.00655	0.00582	0.01237	0.01019	0.01601	0.00873	0.01019	0.00728	0.00364	0.00364	0.00073	0.00364	0.00291	0.00291	0.85734
14	0.00597	0.00435	0.00562	0.00664	0.00707	0.00401	0.00447	0.00687	0.00960	0.01262	0.02954	0.74005	0.11495	0.01508	0.00622	0.00196	0.00281	0.01358	0.00456	0.00401
15	0.01868	0.01376	0.01475	0.01131	0.01524	0.01524	0.00934	0.78025	0.02311	0.03097	0.01180	0.01180	0.00836	0.00590	0.00492	0.00147	0.00541	0.00442	0.00492	0.00836
16	0.01216	0.01168	0.01995	0.03016	0.79664	0.01168	0.01508	0.01508	0.01119	0.01605	0.00924	0.01216	0.00778	0.00438	0.00487	0.00146	0.00584	0.00438	0.00243	0.00778
17	0.01222	0.01056	0.01111	0.01000	0.01278	0.01222	0.00778	0.02611	0.78776	0.02056	0.02000	0.01833	0.01500	0.00667	0.00500	0.00167	0.00389	0.00556	0.00500	0.00778
18	0.00670	0.00501	0.00622	0.00592	0.00719	0.00453	0.00444	0.00878	0.01331	0.01828	0.62926	0.03905	0.21205	0.01058	0.00580	0.00157	0.00236	0.00922	0.00522	0.00453
19	0.01030	0.00928	0.01474	0.72849	0.03183	0.01139	0.01318	0.09560	0.01126	0.01455	0.00907	0.01296	0.00675	0.00502	0.00491	0.00162	0.00643	0.00437	0.00248	0.00577
20	0.00715	0.00476	0.00536	0.00536	0.00536	0.00476	0.00298	0.00715	0.00715	0.00953	0.01548	0.03216	0.01787	0.82729	0.02501	0.00476	0.00476	0.00715	0.00298	0.00298
21	0.01836	0.02342	0.01393	0.01266	0.01519	0.80756	0.00950	0.01962	0.01393	0.01203	0.00760	0.00886	0.00633	0.00506	0.00443	0.00127	0.00886	0.00317	0.00253	0.00570
22	0.00696	0.00502	0.00657	0.00618	0.00734	0.00464	0.00464	0.00927	0.01391	0.01971	0.79405	0.03671	0.04637	0.01005	0.00580	0.00155	0.00232	0.00889	0.00541	0.00464
23	0.00599	0.00428	0.00570	0.00684	0.00713	0.00399	0.00456	0.00684	0.00941	0.01254	0.02709	0.82409	0.03250	0.01540	0.00627	0.00200	0.00285	0.01397	0.00456	0.00399
24	0.01254	0.01291	0.01776	0.02291	0.46910	0.11439	0.01311	0.01472	0.01048	0.01431	0.00822	0.01133	0.00721	0.00569	0.00808	0.00164	0.24221	0.00420	0.00236	0.00682
25	0.00696	0.00502	0.00657	0.00618	0.00734	0.00464	0.00464	0.00927	0.01391	0.01971	0.79405	0.03671	0.04637	0.01005	0.00580	0.00155	0.00232	0.00889	0.00541	0.00464
26	0.00986	0.02542	0.80183	0.01401	0.02127	0.01141	0.01816	0.01556	0.01038	0.01556	0.00882	0.01038	0.00623	0.00467	0.00467	0.00156	0.00726	0.00363	0.00208	0.00726
27	0.01281	0.01154	0.01785	0.06184	0.55680	0.01163	0.01314	0.13116	0.01283	0.01816	0.00955	0.01194	0.00776	0.00456	0.00474	0.00139	0.00557	0.00423	0.00285	0.09966
28	0.01519	0.01799	0.01495	0.01463	0.09898	0.46139	0.01051	0.01657	0.01153	0.01240	0.00740	0.00984	0.00653	0.00615	0.00832	0.00158	0.27417	0.00367	0.00240	0.00582
29	0.01149	0.04787	0.10679	0.01953	0.02470	0.01261	0.67062	0.01568	0.01141	0.01555	0.00970	0.01275	0.00729	0.00420	0.00558	0.00162	0.00806	0.00545	0.00243	0.00668
30	0.00609	0.00499	0.00537	0.00527	0.00681	0.00427	0.00395	0.00759	0.01186	0.01484	0.23093	0.04472	0.61252	0.01186	0.00581	0.00163	0.00245	0.01001	0.00477	0.00427
31	0.00715	0.00476	0.00536	0.00536	0.00536	0.00476	0.00298	0.00715	0.00715	0.00953	0.01548	0.03216	0.01787	0.82729	0.02501	0.00476	0.00476	0.00715	0.00298	0.00298
32	0.86201	0.00950	0.00722	0.00646	0.00950	0.01102	0.00532	0.01445	0.00836	0.02205	0.00684	0.00798	0.00532	0.00456	0.00304	0.00152	0.00380	0.00266	0.00304	0.00532
33	0.01801	0.01684	0.01353	0.01142	0.01459	0.35091	0.00896	0.27061	0.12404	0.10467	0.01197	0.01199	0.00883	0.00567	0.00472	0.00142	0.00653	0.00410	0.00404	0.00715
34	0.01624	0.00764	0.01003	0.00786	0.01114	0.00648	0.00635	0.01829	0.01330	0.46750	0.20160	0.02025	0.01938	0.00657	0.00490	0.00138	0.00364	0.00550	0.00533	0.16664
35	0.00970	0.00916	0.01550	0.70091	0.14513	0.01103	0.01386	0.01292	0.01003	0.01307	0.00881	0.01296	0.00673	0.00484	0.00491	0.00161	0.00645	0.00437	0.00222	0.00580
36	0.01216	0.01168	0.01995	0.03016	0.79664	0.01168	0.01508	0.01508	0.01119	0.01605	0.00924	0.01216	0.00778	0.00438	0.00487	0.00146	0.00584	0.00438	0.00243	0.00778
37	0.01160	0.01326	0.02900	0.02071	0.02568	0.01243	0.77879	0.01574	0.01160	0.01574	0.00994	0.01326	0.00746	0.00414	0.00580	0.00166	0.00829	0.00580	0.00249	0.00663
38	0.00715	0.00476	0.00536	0.00536	0.00536	0.00476	0.00298	0.00715	0.00715	0.00953	0.01548	0.03216	0.01787	0.82729	0.02501	0.00476	0.00476	0.00715	0.00298	0.00298
39	0.00850	0.00707	0.01096	0.46217	0.02211	0.00817	0.00959	0.01136	0.01122	0.01553	0.26724	0.02141	0.02027	0.00669	0.00504	0.00155	0.00470	0.00587	0.09545	0.00509
40	0.00598	0.00431	0.00567	0.00677	0.00711	0.00400	0.00453	0.00685	0.00948	0.01257	0.02801	0.79234	0.06365	0.01528	0.00625	0.00198	0.00284	0.01382	0.00456	0.00400
41	0.00713	0.00482	0.00563	0.00563	0.00573	0.00491	0.00332	0.00732	0.00723	0.00973	0.01523	0.03077	0.01726	0.74179	0.10969	0.00510	0.00567	0.00694	0.00294	0.00313

[dist]
# distance from previous block
# <min> <max>
0	0

# created by:
# /home/cegg/simao/soft/augustus-3.2.1/scripts/msa2prfl.pl ./align_prep/25017.fa
