[name]
unknown

[dist]
# distance from previous block
# <min> <max>
0	43

[block]
# block no. 0 follows, 48 sequences, length 24
# corresponding to MSA columns:
# 43-66
name=unknown_A
#
# <colnr> <probs for GDERKNQSTAVLIFYWHMCP>
#	G	D	E	R	K	N	Q	S	T	A	V	L	I	F	Y	W	H	M	C	P
0	0.01412	0.01177	0.01384	0.04955	0.17827	0.08665	0.01025	0.21672	0.05616	0.05992	0.01830	0.02469	0.07957	0.00787	0.00553	0.00171	0.00555	0.14831	0.00418	0.00703
1	0.03107	0.01032	0.01460	0.01804	0.31990	0.02541	0.02866	0.10681	0.06848	0.03269	0.15687	0.02368	0.06847	0.00736	0.00547	0.00164	0.00493	0.06461	0.00402	0.00697
2	0.03328	0.00859	0.04578	0.05088	0.07762	0.00731	0.00764	0.02886	0.01248	0.25605	0.06498	0.07630	0.20057	0.03341	0.00599	0.00170	0.00416	0.00704	0.00465	0.07271
3	0.01296	0.61417	0.02424	0.07805	0.11382	0.01782	0.00995	0.01497	0.01076	0.01315	0.04301	0.01063	0.00871	0.00475	0.00380	0.00123	0.00554	0.00343	0.00240	0.00663
4	0.01279	0.01230	0.01563	0.01797	0.31442	0.09481	0.02586	0.04937	0.01211	0.01699	0.00937	0.01143	0.00775	0.00438	0.00449	0.00117	0.00546	0.00380	0.00289	0.37699
5	0.01800	0.01363	0.01455	0.01150	0.01534	0.01521	0.00939	0.60518	0.19194	0.02992	0.01422	0.01384	0.01027	0.00634	0.00515	0.00158	0.00529	0.00488	0.00515	0.00859
6	0.00641	0.00458	0.00613	0.00728	0.00766	0.00430	0.00500	0.00745	0.01009	0.01346	0.04923	0.74463	0.03405	0.01579	0.00657	0.00209	0.00308	0.06321	0.00479	0.00422
7	0.04369	0.01375	0.02336	0.04391	0.21549	0.07421	0.37857	0.05594	0.04757	0.03676	0.01068	0.01325	0.00820	0.00477	0.00546	0.00163	0.00737	0.00520	0.00294	0.00726
8	0.01107	0.01090	0.01913	0.01502	0.01857	0.01089	0.36154	0.01749	0.21658	0.01736	0.01978	0.02635	0.07959	0.00757	0.00602	0.00185	0.00619	0.14361	0.00387	0.00662
9	0.01597	0.01779	0.01575	0.06987	0.22670	0.41209	0.01129	0.03491	0.01334	0.03861	0.00996	0.01175	0.02350	0.00518	0.00478	0.00138	0.00744	0.00395	0.00284	0.07293
10	0.00619	0.00497	0.00553	0.00588	0.00713	0.00431	0.00422	0.00743	0.01127	0.01400	0.08603	0.29022	0.50718	0.01382	0.00622	0.00184	0.00271	0.01192	0.00481	0.00431
11	0.05038	0.01155	0.01361	0.04991	0.12772	0.10423	0.02304	0.04036	0.10951	0.01556	0.05105	0.01688	0.01202	0.11025	0.04511	0.00245	0.20196	0.00515	0.00317	0.00608
12	0.01186	0.01447	0.08668	0.02004	0.02475	0.01325	0.61414	0.01590	0.01147	0.01590	0.00982	0.01327	0.00755	0.00497	0.00735	0.00179	0.11179	0.00568	0.00252	0.00680
13	0.00736	0.00539	0.00769	0.00769	0.00841	0.00611	0.00572	0.00880	0.00808	0.01150	0.01425	0.02298	0.01405	0.20295	0.63655	0.00756	0.01190	0.00591	0.00282	0.00427
14	0.01080	0.01075	0.01729	0.01423	0.01553	0.01327	0.16828	0.01282	0.00965	0.01410	0.06129	0.01905	0.01239	0.00872	0.01273	0.00211	0.49521	0.09321	0.00283	0.00573
15	0.00676	0.00523	0.00616	0.00593	0.00736	0.00463	0.00445	0.00871	0.01334	0.01776	0.47725	0.04297	0.35788	0.01154	0.00606	0.00166	0.00250	0.00993	0.00528	0.00463
16	0.00795	0.00584	0.00725	0.00668	0.00813	0.00552	0.00507	0.05968	0.01487	0.02066	0.65815	0.03775	0.12202	0.01046	0.00599	0.00162	0.00265	0.00913	0.00552	0.00505
17	0.85592	0.00992	0.00754	0.00675	0.00992	0.01151	0.00556	0.01508	0.00873	0.02302	0.00714	0.00834	0.00556	0.00476	0.00318	0.00159	0.00397	0.00278	0.00318	0.00556
18	0.00969	0.00912	0.01539	0.80734	0.03534	0.01140	0.01425	0.01311	0.01026	0.01311	0.00912	0.01368	0.00684	0.00513	0.00513	0.00171	0.00684	0.00456	0.00228	0.00570
19	0.11849	0.00925	0.01288	0.01175	0.09754	0.00858	0.04258	0.02148	0.01328	0.53934	0.01753	0.05871	0.01228	0.00640	0.00503	0.00161	0.00463	0.00536	0.00531	0.00796
20	0.01260	0.00832	0.01225	0.08198	0.09008	0.00804	0.07262	0.01589	0.07729	0.21505	0.10057	0.07839	0.18805	0.00847	0.00561	0.00168	0.00442	0.00747	0.00467	0.00654
21	0.01064	0.00912	0.01064	0.00760	0.01216	0.00684	0.00608	0.01292	0.01064	0.01672	0.00912	0.01064	0.00760	0.00380	0.00380	0.00076	0.00380	0.00304	0.00304	0.85104
22	0.01417	0.01138	0.01214	0.01057	0.01369	0.01296	0.00832	0.13053	0.63887	0.05788	0.01966	0.01812	0.01456	0.00682	0.00521	0.00171	0.00430	0.00561	0.00526	0.00823
23	0.01274	0.08762	0.42025	0.01766	0.21659	0.01207	0.01564	0.01704	0.01148	0.10971	0.01048	0.01189	0.00770	0.00491	0.00481	0.00153	0.00656	0.00405	0.00279	0.02449

[dist]
# distance from previous block
# <min> <max>
0	4

[block]
# block no. 1 follows, 48 sequences, length 105
# corresponding to MSA columns:
# 71-175
name=unknown_B
#
# <colnr> <probs for GDERKNQSTAVLIFYWHMCP>
#	G	D	E	R	K	N	Q	S	T	A	V	L	I	F	Y	W	H	M	C	P
0	0.03466	0.01021	0.01604	0.07577	0.42051	0.01016	0.01196	0.04013	0.01231	0.18475	0.01442	0.12066	0.01242	0.00658	0.00525	0.00163	0.00529	0.00599	0.00374	0.00752
1	0.01553	0.24174	0.17052	0.01256	0.03725	0.31950	0.01147	0.01792	0.01224	0.05843	0.00866	0.00997	0.00698	0.00521	0.00504	0.00139	0.05286	0.00346	0.00262	0.00665
2	0.01186	0.00982	0.01297	0.01300	0.18230	0.00820	0.00833	0.01459	0.02983	0.06179	0.01017	0.01169	0.00821	0.00419	0.00419	0.00100	0.00434	0.00357	0.00318	0.59676
3	0.01706	0.01939	0.06890	0.01401	0.05871	0.43147	0.02926	0.06032	0.04569	0.08395	0.00989	0.01124	0.00777	0.00590	0.00643	0.00154	0.11473	0.00398	0.00312	0.00665
4	0.01076	0.00923	0.01070	0.00776	0.01223	0.00718	0.00620	0.01375	0.05519	0.01700	0.00980	0.01113	0.00807	0.00398	0.00388	0.00082	0.00382	0.00320	0.00317	0.80213
5	0.01498	0.01513	0.01387	0.01279	0.07432	0.30450	0.05084	0.05996	0.03016	0.06917	0.01222	0.10239	0.01091	0.00637	0.00515	0.00140	0.02544	0.00509	0.01542	0.16989
6	0.00904	0.00589	0.00735	0.00693	0.00850	0.00548	0.00520	0.01181	0.06384	0.10391	0.42500	0.15491	0.15020	0.01102	0.00598	0.00171	0.00286	0.00963	0.00543	0.00531
7	0.00724	0.00528	0.00749	0.00762	0.00829	0.00589	0.00560	0.00861	0.00827	0.01167	0.01582	0.11118	0.01629	0.18527	0.56350	0.00694	0.01087	0.00688	0.00304	0.00425
8	0.00969	0.00912	0.01539	0.80734	0.03534	0.01140	0.01425	0.01311	0.01026	0.01311	0.00912	0.01368	0.00684	0.00513	0.00513	0.00171	0.00684	0.00456	0.00228	0.00570
9	0.00796	0.00569	0.00790	0.00896	0.01004	0.00563	0.00760	0.01016	0.01180	0.01551	0.08617	0.14240	0.03150	0.01410	0.00695	0.00227	0.00435	0.61155	0.00480	0.00467
10	0.01173	0.00928	0.01029	0.22576	0.01656	0.08114	0.00812	0.09833	0.06561	0.01856	0.03982	0.01664	0.01171	0.00593	0.00447	0.00144	0.00471	0.00479	0.35930	0.00581
11	0.00617	0.00498	0.00550	0.00585	0.00712	0.00430	0.00421	0.00740	0.01124	0.01392	0.07683	0.28429	0.52258	0.01383	0.00621	0.00184	0.00271	0.01191	0.00480	0.00430
12	0.00746	0.00497	0.00560	0.00560	0.00560	0.00497	0.00311	0.00746	0.00746	0.00995	0.01617	0.03358	0.01865	0.81967	0.02612	0.00497	0.00497	0.00746	0.00311	0.00311
13	0.02302	0.00873	0.01191	0.00913	0.01310	0.00754	0.00754	0.02501	0.01469	0.79122	0.02024	0.01746	0.01270	0.00635	0.00516	0.00159	0.00437	0.00516	0.00635	0.00873
14	0.01253	0.01064	0.01694	0.17698	0.42378	0.01072	0.01290	0.01580	0.03544	0.08100	0.03507	0.01402	0.00969	0.00499	0.00496	0.00147	0.00561	0.00460	0.00305	0.11980
15	0.01879	0.07960	0.01539	0.01291	0.01568	0.74528	0.00984	0.02014	0.01426	0.01252	0.00788	0.00918	0.00661	0.00523	0.00453	0.00131	0.00899	0.00327	0.00261	0.00599
16	0.01440	0.22778	0.18862	0.01579	0.18215	0.01501	0.01274	0.18728	0.01400	0.05362	0.00988	0.01120	0.00766	0.00518	0.00498	0.00147	0.03348	0.00396	0.00312	0.00768
17	0.00885	0.00691	0.00823	0.00760	0.00930	0.00712	0.00579	0.01475	0.23465	0.02083	0.56478	0.03280	0.03898	0.00947	0.00581	0.00165	0.00289	0.00828	0.00553	0.00579
18	0.01018	0.01038	0.00861	0.00876	0.00991	0.23337	0.00626	0.01150	0.01213	0.01445	0.17541	0.42645	0.02899	0.01184	0.00589	0.00177	0.00467	0.01026	0.00433	0.00482
19	0.02302	0.00873	0.01191	0.00913	0.01310	0.00754	0.00754	0.02501	0.01469	0.79122	0.02024	0.01746	0.01270	0.00635	0.00516	0.00159	0.00437	0.00516	0.00635	0.00873
20	0.01172	0.01186	0.06638	0.02531	0.57596	0.01091	0.01378	0.03391	0.01247	0.01783	0.15300	0.01731	0.01549	0.00573	0.00525	0.00155	0.00550	0.00539	0.00316	0.00750
21	0.09612	0.01396	0.01468	0.01134	0.01536	0.01551	0.00937	0.70135	0.02271	0.03148	0.01185	0.01195	0.00844	0.00603	0.00495	0.00154	0.00549	0.00445	0.00495	0.00844
22	0.01007	0.00951	0.01608	0.70895	0.13074	0.01150	0.01444	0.01344	0.01044	0.01357	0.00919	0.01356	0.00700	0.00506	0.00512	0.00169	0.00675	0.00456	0.00231	0.00601
23	0.00745	0.00501	0.00578	0.00578	0.00584	0.00507	0.00334	0.00758	0.00752	0.01008	0.01600	0.03265	0.01825	0.76571	0.07953	0.00520	0.00558	0.00733	0.00308	0.00321
24	0.00872	0.00453	0.00654	0.00654	0.00654	0.00453	0.00428	0.00679	0.00679	0.00905	0.00988	0.01799	0.01021	0.12456	0.02086	0.73813	0.00453	0.00486	0.00235	0.00235
25	0.00756	0.00584	0.00869	0.00856	0.00942	0.00697	0.00670	0.00935	0.00822	0.01194	0.01333	0.01963	0.01247	0.03673	0.75286	0.00789	0.06105	0.00544	0.00272	0.00464
26	0.00716	0.00485	0.00568	0.00598	0.00605	0.00477	0.00352	0.00738	0.00805	0.01073	0.01916	0.22718	0.02243	0.62091	0.02128	0.00426	0.00448	0.00922	0.00352	0.00337
27	0.00782	0.00573	0.00813	0.06393	0.01147	0.00581	0.00773	0.00985	0.01116	0.01458	0.02622	0.26177	0.02917	0.01407	0.00681	0.00224	0.00439	0.49991	0.00457	0.00464
28	0.01311	0.01217	0.01860	0.21263	0.47985	0.03931	0.01439	0.11576	0.01310	0.01782	0.00982	0.01276	0.00785	0.00494	0.00508	0.00156	0.00632	0.00453	0.00283	0.00756
29	0.01195	0.01162	0.02036	0.21054	0.54969	0.01207	0.07833	0.01519	0.01139	0.01589	0.00959	0.01302	0.00780	0.00468	0.00517	0.00158	0.00648	0.00469	0.00248	0.00746
30	0.00649	0.00489	0.00611	0.00691	0.00776	0.00451	0.00501	0.00772	0.01056	0.01356	0.03447	0.47201	0.24926	0.01571	0.03349	0.00223	0.00346	0.10685	0.00469	0.00430
31	0.01522	0.01786	0.01707	0.13232	0.11725	0.40418	0.08101	0.01732	0.01241	0.01350	0.00838	0.01103	0.00696	0.00560	0.00657	0.00157	0.11895	0.00406	0.00252	0.00623
32	0.07094	0.01203	0.01991	0.02979	0.73394	0.01214	0.01504	0.01570	0.01148	0.01720	0.00948	0.01240	0.00795	0.00458	0.00495	0.00153	0.00595	0.00445	0.00258	0.00795
33	0.01053	0.00584	0.00755	0.00710	0.00878	0.00521	0.00532	0.01224	0.01279	0.19993	0.27878	0.25919	0.14344	0.01149	0.00599	0.00176	0.00307	0.01006	0.00543	0.00549
34	0.01270	0.01219	0.02083	0.03149	0.78767	0.01219	0.01575	0.01575	0.01168	0.01676	0.00965	0.01270	0.00813	0.00457	0.00508	0.00152	0.00610	0.00457	0.00254	0.00813
35	0.01175	0.01122	0.01910	0.27741	0.54920	0.01194	0.01527	0.01491	0.01123	0.01561	0.00948	0.01301	0.00772	0.00475	0.00510	0.00158	0.00633	0.00457	0.00246	0.00736
36	0.02011	0.01373	0.01447	0.01127	0.01522	0.06806	0.00923	0.53433	0.03923	0.20050	0.01399	0.01342	0.00963	0.00616	0.00511	0.00154	0.00557	0.00468	0.00524	0.00852
37	0.21488	0.01671	0.01314	0.06720	0.05123	0.36402	0.00947	0.01804	0.07325	0.01596	0.00880	0.01053	0.00719	0.00570	0.00586	0.00157	0.10382	0.00367	0.00290	0.00607
38	0.85592	0.00992	0.00754	0.00675	0.00992	0.01151	0.00556	0.01508	0.00873	0.02302	0.00714	0.00834	0.00556	0.00476	0.00318	0.00159	0.00397	0.00278	0.00318	0.00556
39	0.01029	0.02654	0.79309	0.01462	0.02221	0.01192	0.01896	0.01625	0.01083	0.01625	0.00921	0.01083	0.00650	0.00487	0.00487	0.00162	0.00758	0.00379	0.00217	0.00758
40	0.00623	0.00501	0.00556	0.00583	0.00714	0.00434	0.00422	0.00754	0.01149	0.01433	0.11837	0.24903	0.51584	0.01355	0.00619	0.00181	0.00268	0.01166	0.00485	0.00434
41	0.00625	0.00447	0.00595	0.00714	0.00744	0.00417	0.00476	0.00714	0.00982	0.01310	0.02828	0.81633	0.03394	0.01608	0.00655	0.00208	0.00298	0.01459	0.00476	0.00417
42	0.01997	0.06844	0.12757	0.01033	0.01487	0.01037	0.00964	0.13973	0.01531	0.50547	0.01649	0.01505	0.01075	0.00597	0.00499	0.00155	0.00511	0.00471	0.00526	0.00842
43	0.00832	0.00501	0.00567	0.00550	0.00675	0.00477	0.00413	0.01062	0.01238	0.01926	0.33360	0.02963	0.09554	0.00844	0.00481	0.00141	0.00242	0.00715	0.42983	0.00477
44	0.01410	0.02122	0.29169	0.01276	0.01718	0.29801	0.01251	0.04320	0.15843	0.01665	0.05607	0.01348	0.01078	0.00579	0.00493	0.00153	0.00716	0.00434	0.00321	0.00697
45	0.01000	0.01487	0.25597	0.12952	0.07634	0.01039	0.19637	0.01402	0.01160	0.01620	0.11956	0.06741	0.04187	0.00652	0.00552	0.00169	0.00645	0.00618	0.00305	0.00648
46	0.00665	0.00548	0.00660	0.00764	0.06105	0.00486	0.00502	0.00803	0.01136	0.01429	0.09070	0.25891	0.47485	0.01310	0.00613	0.00181	0.00293	0.01134	0.00467	0.00458
47	0.01212	0.01253	0.01432	0.25897	0.18795	0.18995	0.01111	0.01434	0.01118	0.01361	0.01077	0.05106	0.00991	0.11387	0.00777	0.00197	0.00660	0.00501	0.00269	0.06426
48	0.01031	0.02553	0.74769	0.01422	0.02162	0.01162	0.01821	0.01606	0.01082	0.01628	0.00920	0.01082	0.00656	0.00481	0.00481	0.00157	0.00736	0.00375	0.00222	0.05653
49	0.01171	0.01197	0.07092	0.21242	0.39653	0.01126	0.01379	0.04909	0.01178	0.01665	0.02835	0.01314	0.00864	0.00484	0.00493	0.00148	0.00596	0.00443	0.00271	0.11939
50	0.01050	0.01111	0.06808	0.36487	0.17918	0.06448	0.01223	0.01318	0.01029	0.01339	0.01063	0.01696	0.00949	0.16161	0.03146	0.00245	0.00674	0.00500	0.00252	0.00581
51	0.03904	0.00950	0.01166	0.01005	0.08008	0.00795	0.00723	0.01571	0.06420	0.11249	0.01128	0.01217	0.00877	0.00443	0.00416	0.00102	0.00409	0.00362	0.00356	0.58898
52	0.13337	0.06504	0.01044	0.00884	0.01113	0.01062	0.00683	0.01888	0.39213	0.01863	0.02007	0.24654	0.01883	0.00909	0.00517	0.00177	0.00383	0.00768	0.00458	0.00650
53	0.01125	0.00923	0.01351	0.23826	0.05744	0.05494	0.07722	0.01422	0.04418	0.09378	0.03104	0.01793	0.01150	0.07969	0.21948	0.00368	0.00832	0.00533	0.00316	0.00583
54	0.01047	0.00614	0.00801	0.00700	0.00895	0.00546	0.00541	0.01276	0.01425	0.16893	0.57166	0.03301	0.05993	0.00937	0.00575	0.00156	0.00288	0.00817	0.00561	0.05468
55	0.01270	0.01219	0.02083	0.03149	0.78767	0.01219	0.01575	0.01575	0.01168	0.01676	0.00965	0.01270	0.00813	0.00457	0.00508	0.00152	0.00610	0.00457	0.00254	0.00813
56	0.01873	0.02353	0.01434	0.01303	0.01569	0.74492	0.00979	0.02096	0.06715	0.01317	0.00882	0.00993	0.00723	0.00540	0.00467	0.00135	0.00890	0.00348	0.00282	0.00610
57	0.00740	0.00523	0.00688	0.00688	0.00732	0.00567	0.00470	0.00828	0.00784	0.01090	0.01500	0.02710	0.01584	0.44243	0.39952	0.00655	0.00921	0.00651	0.00294	0.00382
58	0.74505	0.00976	0.00812	0.00706	0.01035	0.01098	0.00582	0.01640	0.00952	0.12528	0.00889	0.00955	0.00651	0.00497	0.00344	0.00159	0.00402	0.00310	0.00360	0.00598
59	0.00675	0.00521	0.00616	0.00596	0.00736	0.00462	0.00446	0.00868	0.01327	0.01768	0.46991	0.06010	0.34805	0.01163	0.00607	0.00167	0.00251	0.01003	0.00527	0.00462
60	0.00716	0.00446	0.00620	0.00699	0.00718	0.00427	0.00466	0.00699	0.00875	0.01167	0.02166	0.54254	0.02538	0.01667	0.01117	0.29225	0.00348	0.01112	0.00390	0.00350
61	0.00625	0.00449	0.00593	0.00708	0.00742	0.00417	0.00473	0.00715	0.00989	0.01312	0.02909	0.79019	0.05955	0.01597	0.00653	0.00207	0.00296	0.01446	0.00476	0.00417
62	0.01001	0.00975	0.01737	0.70275	0.03421	0.01161	0.11472	0.01355	0.01051	0.01355	0.00929	0.01370	0.00697	0.00502	0.00525	0.00171	0.00708	0.00476	0.00232	0.00586
63	0.00733	0.00550	0.00825	0.00825	0.00916	0.00641	0.00641	0.00916	0.00825	0.01191	0.01374	0.02016	0.01283	0.03848	0.79934	0.00825	0.01374	0.00550	0.00275	0.00458
64	0.01295	0.58829	0.09500	0.11669	0.05004	0.03621	0.01076	0.01528	0.01059	0.01280	0.00771	0.00941	0.00668	0.00456	0.00379	0.00125	0.00597	0.00317	0.00223	0.00661
65	0.01859	0.01349	0.01443	0.01116	0.01500	0.01489	0.00919	0.70107	0.02290	0.03113	0.01272	0.01294	0.00913	0.00614	0.00499	0.00151	0.00535	0.00463	0.08236	0.00836
66	0.00969	0.00912	0.01539	0.80734	0.03534	0.01140	0.01425	0.01311	0.01026	0.01311	0.00912	0.01368	0.00684	0.00513	0.00513	0.00171	0.00684	0.00456	0.00228	0.00570
67	0.01276	0.01102	0.01160	0.01044	0.01334	0.01276	0.00812	0.02727	0.77840	0.02146	0.02088	0.01914	0.01566	0.00696	0.00522	0.00174	0.00406	0.00580	0.00522	0.00812
68	0.68607	0.01150	0.00828	0.00747	0.01044	0.11588	0.00600	0.01559	0.00965	0.02136	0.00791	0.00920	0.00622	0.00492	0.00340	0.00153	0.00456	0.00299	0.06147	0.00556
69	0.01192	0.01000	0.01071	0.00960	0.01225	0.01125	0.00746	0.06655	0.57458	0.02142	0.12674	0.02357	0.07595	0.00784	0.00539	0.00171	0.00382	0.00657	0.00524	0.00743
70	0.01034	0.01001	0.01381	0.01197	0.01225	0.01348	0.00987	0.01165	0.00901	0.01355	0.11345	0.01747	0.06608	0.00946	0.01466	0.00213	0.64696	0.00557	0.00287	0.00542
71	0.01759	0.02193	0.01370	0.01256	0.01497	0.69356	0.00945	0.01898	0.01370	0.01247	0.00870	0.01070	0.00744	0.00971	0.11041	0.00224	0.00985	0.00360	0.00266	0.00577
72	0.00827	0.00591	0.00827	0.00945	0.01063	0.00591	0.00827	0.01063	0.01181	0.01536	0.02717	0.05788	0.02953	0.01417	0.00709	0.00236	0.00472	0.75313	0.00472	0.00472
73	0.00733	0.00550	0.00825	0.00825	0.00916	0.00641	0.00641	0.00916	0.00825	0.01191	0.01374	0.02016	0.01283	0.03848	0.79934	0.00825	0.01374	0.00550	0.00275	0.00458
74	0.01270	0.01219	0.02083	0.03149	0.78767	0.01219	0.01575	0.01575	0.01168	0.01676	0.00965	0.01270	0.00813	0.00457	0.00508	0.00152	0.00610	0.00457	0.00254	0.00813
75	0.01029	0.02654	0.79309	0.01462	0.02221	0.01192	0.01896	0.01625	0.01083	0.01625	0.00921	0.01083	0.00650	0.00487	0.00487	0.00162	0.00758	0.00379	0.00217	0.00758
76	0.00726	0.00524	0.00683	0.00675	0.00747	0.00545	0.00477	0.00854	0.00947	0.01308	0.16811	0.03060	0.08177	0.30019	0.31648	0.00532	0.00765	0.00733	0.00360	0.00411
77	0.00969	0.00912	0.01539	0.80734	0.03534	0.01140	0.01425	0.01311	0.01026	0.01311	0.00912	0.01368	0.00684	0.00513	0.00513	0.00171	0.00684	0.00456	0.00228	0.00570
78	0.01372	0.82276	0.02689	0.00878	0.01317	0.02030	0.00878	0.01536	0.01043	0.01207	0.00713	0.00823	0.00658	0.00439	0.00329	0.00110	0.00549	0.00274	0.00219	0.00658
79	0.00892	0.00741	0.00809	0.00779	0.00968	0.00774	0.00585	0.01557	0.31926	0.01753	0.11771	0.17232	0.26023	0.01084	0.00581	0.00178	0.00323	0.00931	0.00505	0.00588
80	0.01506	0.01206	0.01278	0.01079	0.01408	0.01368	0.00859	0.28805	0.49568	0.02523	0.01778	0.01675	0.01317	0.00666	0.00515	0.00166	0.00458	0.00536	0.02465	0.00826
81	0.01171	0.01254	0.06607	0.05925	0.47624	0.01158	0.17669	0.01502	0.01149	0.01617	0.01147	0.08649	0.01027	0.00561	0.00541	0.00163	0.00648	0.00576	0.00272	0.00737
82	0.01438	0.01831	0.23719	0.01186	0.01608	0.20865	0.01137	0.04608	0.21142	0.08784	0.01556	0.01556	0.05286	0.00617	0.00498	0.00157	0.00634	0.00475	0.02181	0.00722
83	0.80759	0.00985	0.00779	0.00689	0.01011	0.01128	0.00567	0.01566	0.00908	0.06760	0.00790	0.00887	0.00597	0.00486	0.00329	0.00159	0.00399	0.00292	0.00336	0.00574
84	0.02302	0.00873	0.01191	0.00913	0.01310	0.00754	0.00754	0.02501	0.01469	0.79122	0.02024	0.01746	0.01270	0.00635	0.00516	0.00159	0.00437	0.00516	0.00635	0.00873
85	0.00751	0.00537	0.00626	0.00603	0.00760	0.00470	0.00452	0.00923	0.01279	0.06141	0.32047	0.09640	0.41529	0.01189	0.00604	0.00170	0.00266	0.01018	0.00518	0.00476
86	0.02039	0.01295	0.01452	0.01113	0.01520	0.01380	0.00919	0.58220	0.02174	0.22406	0.01432	0.01362	0.00973	0.00621	0.00514	0.00155	0.00532	0.00476	0.00544	0.00873
87	0.01211	0.01384	0.03028	0.02163	0.02682	0.01298	0.76903	0.01644	0.01211	0.01644	0.01038	0.01384	0.00779	0.00433	0.00606	0.00173	0.00865	0.00606	0.00260	0.00692
88	0.00718	0.00518	0.00698	0.00801	0.00883	0.00498	0.00626	0.00883	0.01108	0.01457	0.07305	0.39458	0.07563	0.01474	0.00673	0.00216	0.00369	0.33827	0.00480	0.00446
89	0.00723	0.00541	0.00804	0.00815	0.00901	0.00621	0.00627	0.00898	0.00839	0.01202	0.01504	0.09111	0.01471	0.03649	0.72869	0.00770	0.01278	0.00631	0.00293	0.00454
90	0.18885	0.01347	0.11632	0.01039	0.01473	0.01208	0.00949	0.30297	0.01653	0.24616	0.01313	0.01279	0.00893	0.00576	0.00471	0.00157	0.00520	0.00429	0.00469	0.00793
91	0.01067	0.11502	0.70795	0.01398	0.02120	0.01285	0.01783	0.01615	0.01079	0.01579	0.00898	0.01054	0.00651	0.00482	0.00470	0.00157	0.00735	0.00368	0.00217	0.00747
92	0.00800	0.00571	0.00796	0.00914	0.01021	0.00567	0.00780	0.01017	0.01155	0.01506	0.02732	0.15884	0.03012	0.01443	0.00702	0.00233	0.00449	0.65482	0.00473	0.00465
93	0.02291	0.00891	0.01202	0.00921	0.01319	0.00780	0.00761	0.04818	0.01498	0.76763	0.02000	0.01730	0.01258	0.00634	0.00516	0.00159	0.00441	0.00514	0.00631	0.00873
94	0.85592	0.00992	0.00754	0.00675	0.00992	0.01151	0.00556	0.01508	0.00873	0.02302	0.00714	0.00834	0.00556	0.00476	0.00318	0.00159	0.00397	0.00278	0.00318	0.00556
95	0.02918	0.00988	0.01513	0.66543	0.03169	0.01204	0.01332	0.11431	0.03028	0.01608	0.00978	0.01351	0.00727	0.00530	0.00509	0.00169	0.00655	0.00456	0.00275	0.00616
96	0.01145	0.08557	0.01674	0.01304	0.01344	0.01614	0.01100	0.01262	0.00809	0.01232	0.00677	0.01095	0.00672	0.00856	0.01560	0.00214	0.73656	0.00433	0.00224	0.00570
97	0.00993	0.00938	0.01576	0.73583	0.08547	0.01156	0.01428	0.01327	0.01030	0.01334	0.00910	0.01355	0.00692	0.00519	0.00541	0.00171	0.02628	0.00456	0.00230	0.00586
98	0.02302	0.00873	0.01191	0.00913	0.01310	0.00754	0.00754	0.02501	0.01469	0.79122	0.02024	0.01746	0.01270	0.00635	0.00516	0.00159	0.00437	0.00516	0.00635	0.00873
99	0.00919	0.00866	0.01524	0.49411	0.02719	0.00984	0.12268	0.01212	0.01042	0.01360	0.01404	0.21223	0.01368	0.00772	0.00562	0.00181	0.00615	0.00726	0.00294	0.00550
100	0.07692	0.00937	0.01219	0.11524	0.01595	0.00892	0.00829	0.08170	0.01394	0.47478	0.01580	0.01505	0.01046	0.00574	0.00484	0.00150	0.00470	0.00460	0.00507	0.11492
101	0.01881	0.01459	0.01535	0.06684	0.01725	0.06059	0.01007	0.67515	0.02262	0.02987	0.01185	0.01224	0.00847	0.00604	0.00510	0.00154	0.00594	0.00454	0.00479	0.00836
102	0.01707	0.01452	0.01268	0.01048	0.01355	0.20144	0.00833	0.41071	0.01866	0.02446	0.01231	0.01320	0.00927	0.00591	0.00465	0.00141	0.00574	0.00434	0.20416	0.00712
103	0.00606	0.00520	0.00520	0.00520	0.00693	0.00433	0.00390	0.00736	0.01170	0.01386	0.05198	0.04938	0.78558	0.01299	0.00606	0.00173	0.00260	0.01083	0.00476	0.00433
104	0.01419	0.01468	0.02543	0.01863	0.02322	0.07436	0.52443	0.17572	0.01469	0.01935	0.01048	0.01308	0.00786	0.00495	0.00612	0.00168	0.03538	0.00549	0.00312	0.00718

[dist]
# distance from previous block
# <min> <max>
0	2

[block]
# block no. 2 follows, 48 sequences, length 31
# corresponding to MSA columns:
# 178-208
name=unknown_C
#
# <colnr> <probs for GDERKNQSTAVLIFYWHMCP>
#	G	D	E	R	K	N	Q	S	T	A	V	L	I	F	Y	W	H	M	C	P
0	0.00628	0.00521	0.00550	0.00543	0.00706	0.00442	0.00407	0.00779	0.01221	0.01509	0.18584	0.04736	0.65095	0.01254	0.00606	0.00171	0.00257	0.01055	0.00493	0.00442
1	0.00608	0.00513	0.00526	0.00537	0.00698	0.00432	0.00397	0.00734	0.01153	0.01380	0.04992	0.11595	0.72034	0.01326	0.00611	0.00176	0.00263	0.01116	0.00476	0.00432
2	0.01036	0.00967	0.01608	0.68507	0.13043	0.01163	0.01431	0.03593	0.01085	0.01415	0.00928	0.01351	0.00706	0.00509	0.00512	0.00168	0.00671	0.00456	0.00240	0.00610
3	0.00842	0.00561	0.00658	0.00611	0.00790	0.00488	0.00466	0.01022	0.01310	0.10364	0.32468	0.04163	0.42099	0.01130	0.00596	0.00167	0.00273	0.00961	0.00528	0.00502
4	0.05004	0.01119	0.01474	0.10252	0.10749	0.01183	0.05064	0.30586	0.01687	0.14817	0.07612	0.01573	0.01238	0.00608	0.00510	0.00157	0.00530	0.00509	0.04572	0.00758
5	0.01082	0.02288	0.57336	0.01664	0.02354	0.01222	0.23502	0.01630	0.01120	0.01630	0.00955	0.01170	0.00687	0.00472	0.00521	0.00166	0.00789	0.00444	0.00229	0.00739
6	0.00615	0.00506	0.00541	0.00563	0.00706	0.00432	0.00410	0.00741	0.01145	0.01398	0.07697	0.19749	0.61024	0.01349	0.00616	0.00180	0.00266	0.01149	0.00480	0.00432
7	0.01626	0.05735	0.09660	0.01695	0.23199	0.01323	0.01187	0.26996	0.08266	0.13275	0.01285	0.01338	0.00938	0.00558	0.00500	0.00154	0.00564	0.00460	0.00413	0.00827
8	0.12497	0.18573	0.10372	0.00938	0.01363	0.03488	0.00879	0.09473	0.01270	0.16021	0.01316	0.01428	0.04199	0.00563	0.00434	0.00138	0.00504	0.02596	0.00371	0.13577
9	0.01600	0.01629	0.15939	0.01658	0.16795	0.05937	0.04408	0.33607	0.01698	0.06587	0.01109	0.01225	0.00817	0.00562	0.00559	0.00158	0.04082	0.00447	0.00378	0.00803
10	0.01037	0.23839	0.15544	0.01208	0.05599	0.01220	0.08499	0.01282	0.01028	0.01375	0.01431	0.24380	0.01504	0.03256	0.00654	0.00176	0.06358	0.00704	0.00302	0.00601
11	0.01122	0.00561	0.00666	0.00605	0.00773	0.00528	0.00466	0.01355	0.01259	0.15453	0.25001	0.02465	0.02375	0.00741	0.00461	0.00139	0.00275	0.00621	0.44585	0.00549
12	0.01075	0.01013	0.01708	0.45701	0.33172	0.01136	0.01434	0.01397	0.01105	0.01496	0.05113	0.01462	0.00959	0.00520	0.00516	0.00163	0.00631	0.00482	0.00256	0.00661
13	0.01033	0.00978	0.01655	0.64130	0.19634	0.01157	0.01457	0.01367	0.01056	0.01389	0.00923	0.01347	0.00712	0.00501	0.00512	0.00167	0.00668	0.00456	0.00234	0.00622
14	0.01184	0.00941	0.01092	0.00810	0.01231	0.00781	0.00648	0.07386	0.05534	0.05436	0.05394	0.01312	0.01066	0.00466	0.00417	0.00096	0.00391	0.00377	0.00363	0.65075
15	0.01151	0.01147	0.01828	0.10798	0.21889	0.01408	0.07852	0.01367	0.00949	0.01394	0.00808	0.01211	0.00720	0.00700	0.01152	0.00195	0.44090	0.00466	0.00236	0.00639
16	0.00882	0.00673	0.00770	0.00746	0.00934	0.00665	0.00589	0.01339	0.17711	0.04945	0.18514	0.04081	0.31317	0.01113	0.00602	0.00181	0.00331	0.13548	0.00510	0.00550
17	0.01105	0.01020	0.01550	0.03361	0.22126	0.01060	0.12021	0.01760	0.26536	0.01738	0.01912	0.16247	0.05710	0.00788	0.00559	0.00174	0.00506	0.00734	0.00395	0.00698
18	0.01198	0.01442	0.07076	0.02091	0.02601	0.01303	0.69706	0.01626	0.01186	0.01626	0.01017	0.01357	0.00767	0.00455	0.00644	0.00175	0.04198	0.00587	0.00256	0.00690
19	0.00678	0.00478	0.00625	0.00723	0.00762	0.00458	0.00502	0.00774	0.00972	0.01290	0.02599	0.56135	0.03058	0.15634	0.01006	0.00263	0.00360	0.12830	0.00447	0.00407
20	0.00780	0.00638	0.00853	0.00859	0.00876	0.00743	0.00623	0.00861	0.00889	0.01236	0.02040	0.46565	0.02399	0.15074	0.01266	0.00262	0.22155	0.01065	0.00380	0.00438
21	0.12192	0.14993	0.01736	0.03354	0.25419	0.22068	0.01073	0.03467	0.01203	0.01596	0.00847	0.01032	0.00708	0.00474	0.00431	0.00135	0.00636	0.00357	0.00269	0.08009
22	0.05064	0.01206	0.01623	0.07453	0.29192	0.01267	0.01155	0.26698	0.05866	0.08941	0.01191	0.01312	0.00892	0.00539	0.00496	0.00152	0.00552	0.00455	0.00392	0.05557
23	0.01195	0.08215	0.04087	0.22741	0.50739	0.01269	0.01485	0.01505	0.01119	0.01541	0.00929	0.01251	0.00762	0.00471	0.00493	0.00154	0.00627	0.00439	0.00243	0.00736
24	0.00625	0.00447	0.00595	0.00714	0.00744	0.00417	0.00476	0.00714	0.00982	0.01310	0.02828	0.81633	0.03394	0.01608	0.00655	0.00208	0.00298	0.01459	0.00476	0.00417
25	0.01155	0.01102	0.01876	0.32657	0.50153	0.01189	0.01518	0.01474	0.01114	0.01537	0.00945	0.01307	0.00764	0.00478	0.00510	0.00159	0.00638	0.00457	0.00244	0.00720
26	0.00739	0.00499	0.00586	0.00609	0.00622	0.00496	0.00372	0.00768	0.00809	0.01076	0.01848	0.12655	0.02132	0.66029	0.02228	0.00442	0.00472	0.06937	0.00343	0.00336
27	0.01064	0.00912	0.01064	0.00760	0.01216	0.00684	0.00608	0.01292	0.01064	0.01672	0.00912	0.01064	0.00760	0.00380	0.00380	0.00076	0.00380	0.00304	0.00304	0.85104
28	0.01741	0.00799	0.01042	0.00844	0.01146	0.00738	0.00688	0.01914	0.01328	0.51348	0.02765	0.02555	0.22111	0.00838	0.00642	0.00168	0.07384	0.00663	0.00557	0.00727
29	0.00653	0.00503	0.00600	0.00648	0.00748	0.00458	0.00458	0.00819	0.03471	0.01467	0.14261	0.41984	0.29276	0.01396	0.00627	0.00189	0.00280	0.01228	0.00490	0.00444
30	0.01071	0.01032	0.01653	0.42956	0.17345	0.01280	0.01367	0.01340	0.00984	0.01359	0.00853	0.01278	0.00706	0.00613	0.00850	0.00183	0.23831	0.00454	0.00232	0.00614

[dist]
# distance from previous block
# <min> <max>
0	1

[block]
# block no. 3 follows, 48 sequences, length 20
# corresponding to MSA columns:
# 210-229
name=unknown_D
#
# <colnr> <probs for GDERKNQSTAVLIFYWHMCP>
#	G	D	E	R	K	N	Q	S	T	A	V	L	I	F	Y	W	H	M	C	P
0	0.00868	0.00731	0.01051	0.00956	0.01143	0.00714	0.11099	0.05952	0.08094	0.01596	0.02927	0.32797	0.19355	0.01210	0.00622	0.00192	0.00414	0.09298	0.00453	0.00529
1	0.01164	0.00927	0.01060	0.00820	0.01180	0.00820	0.00649	0.15665	0.01294	0.01869	0.01318	0.01819	0.03558	0.10564	0.00709	0.00157	0.00432	0.05442	0.00362	0.50192
2	0.01051	0.00920	0.01146	0.01085	0.05818	0.01010	0.00801	0.01559	0.21647	0.01603	0.01643	0.07184	0.04587	0.06396	0.03990	0.00216	0.16959	0.04310	0.00370	0.17702
3	0.00927	0.00631	0.00758	0.00752	0.00899	0.00624	0.00552	0.01316	0.15507	0.08756	0.15635	0.34541	0.11844	0.01183	0.00593	0.00182	0.00315	0.01041	0.03397	0.00548
4	0.01446	0.05687	0.05524	0.02484	0.10446	0.16818	0.07670	0.03933	0.03653	0.09693	0.01058	0.01184	0.00818	0.00477	0.00458	0.00126	0.00603	0.00393	0.00324	0.27204
5	0.01182	0.01130	0.01924	0.25780	0.56822	0.01196	0.01531	0.01498	0.01127	0.01570	0.00950	0.01299	0.00775	0.00473	0.00509	0.00158	0.00631	0.00457	0.00246	0.00742
6	0.01524	0.09513	0.20994	0.11243	0.09872	0.07453	0.01261	0.09146	0.03783	0.18526	0.01201	0.01285	0.00858	0.00537	0.00485	0.00154	0.00626	0.00427	0.00355	0.00756
7	0.01135	0.13239	0.04419	0.06086	0.16553	0.13309	0.00947	0.01322	0.01048	0.01306	0.01228	0.08939	0.01218	0.12804	0.13987	0.00311	0.00742	0.00556	0.00279	0.00572
8	0.01036	0.00980	0.01659	0.63551	0.20196	0.01158	0.01458	0.01369	0.01058	0.01392	0.00924	0.01346	0.00713	0.00501	0.00512	0.00167	0.00668	0.00456	0.00234	0.00624
9	0.01445	0.01271	0.06433	0.15453	0.23717	0.01282	0.04219	0.19940	0.05993	0.08536	0.01159	0.01340	0.00869	0.00562	0.00585	0.00164	0.05436	0.00471	0.00357	0.00767
10	0.00999	0.00855	0.01182	0.01473	0.23012	0.00884	0.00875	0.01539	0.21352	0.01785	0.17231	0.20461	0.04368	0.00923	0.00567	0.00173	0.00403	0.00829	0.00443	0.00647
11	0.00744	0.00506	0.00603	0.00603	0.00618	0.00521	0.00365	0.00774	0.00759	0.01027	0.01577	0.03140	0.01771	0.69286	0.15164	0.00551	0.00640	0.00714	0.00305	0.00335
12	0.01556	0.00807	0.01030	0.00853	0.01136	0.00773	0.03257	0.09539	0.05253	0.32152	0.09489	0.02372	0.06628	0.00751	0.00513	0.00157	0.00395	0.05080	0.17562	0.00694
13	0.05022	0.05891	0.01249	0.03952	0.01362	0.00989	0.00775	0.05975	0.17058	0.38077	0.06331	0.01720	0.01398	0.00629	0.00492	0.00153	0.00435	0.00508	0.00522	0.07461
14	0.01314	0.01146	0.01654	0.14453	0.33597	0.01261	0.01246	0.14523	0.12581	0.01939	0.01187	0.01398	0.00931	0.00562	0.00575	0.00161	0.05458	0.00476	0.04785	0.00752
15	0.01086	0.00947	0.01585	0.66390	0.12658	0.01127	0.01403	0.01415	0.01070	0.06031	0.00985	0.01379	0.00735	0.00513	0.00513	0.00168	0.00660	0.00460	0.00256	0.00618
16	0.01064	0.00912	0.01064	0.00760	0.01216	0.00684	0.00608	0.01292	0.01064	0.01672	0.00912	0.01064	0.00760	0.00380	0.00380	0.00076	0.00380	0.00304	0.00304	0.85104
17	0.01620	0.01247	0.01475	0.07027	0.06602	0.01382	0.03016	0.37098	0.26206	0.06603	0.01501	0.01493	0.01095	0.00620	0.00518	0.00162	0.00527	0.00506	0.00479	0.00823
18	0.00919	0.00742	0.00838	0.00835	0.00987	0.00799	0.00608	0.01603	0.34439	0.01686	0.05386	0.34984	0.06514	0.06315	0.00718	0.00208	0.00354	0.00991	0.00489	0.00585
19	0.01109	0.07127	0.01045	0.00824	0.00981	0.05953	0.00614	0.16323	0.01170	0.01528	0.01356	0.02244	0.01350	0.34600	0.21144	0.00456	0.00761	0.00577	0.00333	0.00506

[dist]
# distance from previous block
# <min> <max>
0	191

# created by:
# /home/cegg/simao/soft/augustus-3.2.1/scripts/msa2prfl.pl ./align_prep/25055.fa
