[name]
unknown

[dist]
# distance from previous block
# <min> <max>
0	31

[block]
# block no. 0 follows, 47 sequences, length 29
# corresponding to MSA columns:
# 31-59
name=unknown_A
#
# <colnr> <probs for GDERKNQSTAVLIFYWHMCP>
#	G	D	E	R	K	N	Q	S	T	A	V	L	I	F	Y	W	H	M	C	P
0	0.04498	0.00806	0.00964	0.00943	0.01142	0.00839	0.00783	0.11954	0.09653	0.01857	0.02167	0.04043	0.02197	0.08926	0.00821	0.00233	0.00479	0.41317	0.00458	0.05921
1	0.01279	0.13805	0.10315	0.16030	0.17795	0.01254	0.01198	0.11533	0.01345	0.05829	0.10744	0.04068	0.01385	0.00618	0.00504	0.00156	0.00568	0.00522	0.00345	0.00706
2	0.09162	0.06297	0.01592	0.01339	0.09819	0.02800	0.09300	0.21876	0.07473	0.11743	0.09607	0.01626	0.01374	0.00617	0.00506	0.00157	0.00529	0.00521	0.02912	0.00751
3	0.01226	0.06874	0.11790	0.10544	0.27394	0.01079	0.01225	0.01586	0.04134	0.09992	0.15692	0.01880	0.03101	0.00631	0.00523	0.00159	0.00539	0.00553	0.00363	0.00716
4	0.04459	0.14455	0.06741	0.01339	0.17791	0.01025	0.05693	0.01284	0.01132	0.01586	0.02279	0.04105	0.22646	0.00749	0.00492	0.00152	0.00466	0.00634	0.12362	0.00611
5	0.02402	0.00964	0.01375	0.06738	0.30327	0.02035	0.01024	0.07210	0.04838	0.03843	0.20174	0.02478	0.12895	0.00763	0.00552	0.00162	0.00467	0.00672	0.00408	0.00674
6	0.01040	0.00964	0.01543	0.07221	0.46947	0.00956	0.01186	0.01286	0.01153	0.01567	0.02147	0.12325	0.17895	0.00802	0.00557	0.00168	0.00506	0.00731	0.00334	0.00675
7	0.00963	0.00746	0.01081	0.03402	0.09876	0.00678	0.05492	0.01192	0.01270	0.07110	0.27484	0.10169	0.15843	0.00920	0.00570	0.00159	0.00381	0.00819	0.00455	0.11389
8	0.13729	0.14235	0.01398	0.00978	0.01254	0.08143	0.08037	0.04363	0.01149	0.06162	0.01601	0.28198	0.01655	0.00875	0.00505	0.00163	0.00497	0.00747	0.00376	0.05936
9	0.27445	0.08627	0.01561	0.01696	0.27789	0.11180	0.01040	0.06485	0.04104	0.01931	0.03053	0.01161	0.00857	0.00514	0.00437	0.00151	0.00566	0.00393	0.00312	0.00697
10	0.01520	0.01342	0.01546	0.05237	0.15468	0.10130	0.01081	0.30268	0.01674	0.02224	0.10925	0.01551	0.01329	0.00680	0.00703	0.00166	0.12518	0.00511	0.00395	0.00731
11	0.01407	0.09389	0.23926	0.01486	0.06737	0.22683	0.11079	0.01744	0.01231	0.03935	0.00932	0.01102	0.00725	0.00484	0.00477	0.00141	0.00743	0.00391	0.00266	0.11121
12	0.00977	0.00815	0.00969	0.00755	0.01118	0.00632	0.00585	0.01185	0.01093	0.01660	0.06688	0.15404	0.01532	0.00653	0.00451	0.00107	0.00361	0.00559	0.00358	0.64098
13	0.01444	0.01193	0.01262	0.01090	0.01411	0.01365	0.00860	0.18879	0.61154	0.02419	0.01930	0.01792	0.01436	0.00689	0.00528	0.00172	0.00447	0.00563	0.00528	0.00838
14	0.01318	0.32399	0.17190	0.01229	0.01751	0.01437	0.14921	0.01633	0.01135	0.07497	0.00961	0.01104	0.00754	0.00460	0.00440	0.00132	0.00620	0.00385	0.00276	0.14359
15	0.00657	0.00475	0.00611	0.00689	0.00743	0.00441	0.00467	0.00771	0.01074	0.01438	0.15209	0.57940	0.09351	0.06599	0.00779	0.00220	0.00303	0.01318	0.00487	0.00429
16	0.01069	0.08259	0.73648	0.01443	0.02190	0.01269	0.01852	0.01643	0.01097	0.01619	0.00920	0.01081	0.00660	0.00491	0.00483	0.00161	0.00755	0.00377	0.00220	0.00763
17	0.01230	0.01326	0.06680	0.18922	0.41989	0.08769	0.01432	0.01574	0.03561	0.01573	0.01126	0.04710	0.00982	0.00576	0.00525	0.00163	0.00651	0.03216	0.00277	0.00719
18	0.01094	0.14019	0.68110	0.01400	0.02123	0.01331	0.01777	0.01636	0.01094	0.01589	0.00904	0.01062	0.00661	0.00488	0.00472	0.00157	0.00739	0.00370	0.00220	0.00755
19	0.00678	0.00530	0.00614	0.00593	0.00742	0.00466	0.00445	0.00868	0.01335	0.01757	0.42745	0.04435	0.40550	0.01188	0.00615	0.00170	0.00254	0.01018	0.00530	0.00466
20	0.02012	0.07299	0.15297	0.01041	0.01514	0.00996	0.00997	0.07015	0.01449	0.54387	0.01703	0.01549	0.01104	0.00602	0.00504	0.00158	0.00518	0.00477	0.00529	0.00849
21	0.01248	0.01260	0.02190	0.22389	0.32667	0.04229	0.22029	0.04624	0.01223	0.01646	0.00990	0.01331	0.00779	0.00481	0.00542	0.00164	0.00719	0.00500	0.00264	0.00723
22	0.00962	0.00488	0.00499	0.00499	0.00620	0.00492	0.00375	0.01202	0.01082	0.01912	0.01687	0.01946	0.01333	0.00738	0.03518	0.00150	0.00289	0.00488	0.81235	0.00485
23	0.00646	0.00458	0.00601	0.00711	0.00738	0.00430	0.00468	0.00728	0.00975	0.01300	0.02759	0.74300	0.03304	0.08881	0.00845	0.00238	0.00320	0.01415	0.00468	0.00413
24	0.00955	0.00675	0.01030	0.00887	0.01063	0.00623	0.11336	0.01132	0.01176	0.10122	0.20642	0.18473	0.11773	0.16538	0.01005	0.00241	0.00421	0.00937	0.00459	0.00512
25	0.01198	0.56263	0.04988	0.00898	0.01256	0.01634	0.00861	0.01386	0.00998	0.01236	0.00920	0.01185	0.00846	0.01418	0.22584	0.00317	0.00800	0.00361	0.00238	0.00615
26	0.00615	0.00528	0.00528	0.00528	0.00703	0.00440	0.00396	0.00747	0.01187	0.01407	0.05276	0.05012	0.78238	0.01319	0.00615	0.00176	0.00264	0.01099	0.00484	0.00440
27	0.01088	0.02392	0.61230	0.01651	0.02363	0.01235	0.19392	0.01654	0.01130	0.01654	0.00962	0.01171	0.00690	0.00482	0.00523	0.00167	0.00795	0.00439	0.00230	0.00754
28	0.01402	0.01055	0.01164	0.01015	0.01286	0.01157	0.00790	0.29589	0.26244	0.04898	0.02001	0.23417	0.01827	0.00927	0.00563	0.00178	0.00443	0.00786	0.00518	0.00739

[dist]
# distance from previous block
# <min> <max>
3	4

[block]
# block no. 1 follows, 47 sequences, length 21
# corresponding to MSA columns:
# 64-84
name=unknown_B
#
# <colnr> <probs for GDERKNQSTAVLIFYWHMCP>
#	G	D	E	R	K	N	Q	S	T	A	V	L	I	F	Y	W	H	M	C	P
0	0.04942	0.01586	0.16245	0.01190	0.01669	0.01385	0.01116	0.47766	0.01980	0.15004	0.01299	0.01290	0.00895	0.00598	0.00509	0.00159	0.00583	0.00455	0.00476	0.00852
1	0.01232	0.45464	0.37873	0.01164	0.01759	0.01668	0.01367	0.01601	0.01077	0.01421	0.00821	0.00957	0.00664	0.00468	0.00408	0.00136	0.00655	0.00327	0.00221	0.00715
2	0.00648	0.00491	0.00602	0.00683	0.00769	0.00445	0.00489	0.00766	0.01078	0.01376	0.03638	0.49544	0.27593	0.01512	0.00654	0.00203	0.00306	0.08288	0.00483	0.00434
3	0.01282	0.01263	0.01995	0.14566	0.62876	0.05765	0.01541	0.01586	0.01181	0.01622	0.00961	0.01283	0.00797	0.00477	0.00514	0.00156	0.00648	0.00456	0.00254	0.00775
4	0.32282	0.01245	0.01059	0.00911	0.01225	0.16741	0.00724	0.03763	0.05969	0.21610	0.08486	0.01465	0.01252	0.00607	0.00448	0.00157	0.00511	0.00440	0.00435	0.00671
5	0.01143	0.43322	0.24569	0.00995	0.01484	0.01503	0.01098	0.01431	0.01095	0.01384	0.01653	0.01709	0.15460	0.00626	0.00435	0.00139	0.00563	0.00466	0.00272	0.00654
6	0.01095	0.00648	0.00800	0.00711	0.00920	0.00593	0.00551	0.01387	0.06574	0.18695	0.38737	0.03566	0.21636	0.01010	0.00589	0.00167	0.00305	0.00864	0.00564	0.00588
7	0.01386	0.01161	0.01992	0.11790	0.40658	0.01202	0.11421	0.01683	0.01183	0.13067	0.01115	0.01374	0.00860	0.00536	0.00643	0.00168	0.08196	0.00492	0.00310	0.00764
8	0.01418	0.06681	0.33960	0.01508	0.09217	0.09263	0.01435	0.17980	0.03608	0.03317	0.01020	0.01158	0.00766	0.00557	0.00571	0.00160	0.05890	0.00412	0.00311	0.00768
9	0.00649	0.00504	0.00591	0.00621	0.00737	0.00446	0.00446	0.00794	0.01190	0.01537	0.21101	0.29651	0.37143	0.01363	0.00631	0.00185	0.00272	0.01188	0.00504	0.00446
10	0.01085	0.00896	0.01255	0.08981	0.20551	0.00943	0.00942	0.01653	0.19817	0.03976	0.28259	0.02402	0.02457	0.00748	0.00549	0.00164	0.00427	0.00663	0.03560	0.00674
11	0.00668	0.00509	0.00570	0.00586	0.00686	0.00459	0.00401	0.00771	0.01075	0.01365	0.11766	0.17968	0.37731	0.21785	0.01142	0.00265	0.00330	0.01063	0.00450	0.00411
12	0.01510	0.01045	0.01163	0.00978	0.01254	0.01119	0.00771	0.43792	0.01850	0.06208	0.01798	0.24292	0.01683	0.00913	0.00546	0.00169	0.00456	0.00763	0.08977	0.00713
13	0.01778	0.01264	0.01472	0.01264	0.05949	0.01404	0.00975	0.39641	0.16382	0.13997	0.01463	0.01451	0.01056	0.00663	0.00642	0.00168	0.08598	0.00498	0.00496	0.00839
14	0.01210	0.00584	0.00693	0.00622	0.00805	0.00548	0.00482	0.01445	0.01271	0.18644	0.20286	0.02376	0.02191	0.00726	0.00459	0.00140	0.00287	0.00604	0.46053	0.00574
15	0.01243	0.22690	0.03695	0.10119	0.44403	0.01401	0.01337	0.01512	0.01125	0.01515	0.01015	0.05812	0.00919	0.00533	0.00476	0.00149	0.00595	0.00472	0.00258	0.00734
16	0.00993	0.01787	0.44972	0.01168	0.01678	0.00911	0.01324	0.01393	0.01087	0.05261	0.01542	0.24120	0.01499	0.00817	0.00534	0.00169	0.00581	0.00698	0.00325	0.09141
17	0.00687	0.00530	0.00627	0.00603	0.00748	0.00470	0.00452	0.00887	0.01357	0.01810	0.48437	0.04348	0.34825	0.01168	0.00615	0.00169	0.00253	0.01006	0.00537	0.00470
18	0.01133	0.22802	0.59664	0.01334	0.02021	0.01425	0.01662	0.01626	0.01089	0.01542	0.00881	0.01033	0.00662	0.00482	0.00454	0.00151	0.00716	0.00358	0.00221	0.00744
19	0.00776	0.00523	0.00648	0.00617	0.00742	0.00488	0.00463	0.01016	0.01388	0.02028	0.60125	0.03572	0.07716	0.00989	0.00567	0.00156	0.00246	0.00862	0.16592	0.00488
20	0.36540	0.04541	0.20341	0.00935	0.01402	0.01115	0.00945	0.05357	0.01084	0.02028	0.03061	0.01066	0.00777	0.00488	0.00398	0.00142	0.00500	0.00341	0.00307	0.18631

[dist]
# distance from previous block
# <min> <max>
0	2

[block]
# block no. 2 follows, 47 sequences, length 108
# corresponding to MSA columns:
# 87-194
name=unknown_C
#
# <colnr> <probs for GDERKNQSTAVLIFYWHMCP>
#	G	D	E	R	K	N	Q	S	T	A	V	L	I	F	Y	W	H	M	C	P
0	0.11100	0.06074	0.01846	0.16957	0.44466	0.01296	0.01356	0.07755	0.01221	0.01808	0.00947	0.01225	0.00766	0.00489	0.00483	0.00156	0.00600	0.00432	0.00280	0.00744
1	0.01245	0.01193	0.02035	0.14279	0.67709	0.01226	0.01576	0.01560	0.01165	0.01648	0.00972	0.01303	0.00806	0.00472	0.00516	0.00157	0.00630	0.00464	0.00254	0.00790
2	0.01462	0.01333	0.01848	0.05973	0.48470	0.07363	0.01361	0.13152	0.08047	0.04211	0.01136	0.01332	0.00897	0.00523	0.00515	0.00156	0.00617	0.00467	0.00332	0.00808
3	0.01998	0.00962	0.01198	0.00970	0.01337	0.00937	0.00785	0.02612	0.26176	0.53926	0.02076	0.01828	0.01387	0.00665	0.00526	0.00166	0.00433	0.00545	0.00607	0.00866
4	0.00672	0.00513	0.00609	0.00618	0.00736	0.00459	0.00446	0.00832	0.01235	0.01628	0.32003	0.20326	0.31577	0.05092	0.00722	0.00194	0.00276	0.01103	0.00509	0.00450
5	0.00921	0.00557	0.00723	0.00704	0.00842	0.00503	0.00519	0.01099	0.01293	0.12782	0.35650	0.28853	0.11108	0.01213	0.00618	0.00180	0.00294	0.01072	0.00546	0.00521
6	0.00655	0.00527	0.00584	0.00575	0.00729	0.00456	0.00429	0.00822	0.01273	0.01623	0.28606	0.07287	0.52107	0.01248	0.00617	0.00173	0.00259	0.01062	0.00512	0.00456
7	0.00753	0.00522	0.00652	0.00651	0.00682	0.00548	0.00421	0.00816	0.00806	0.01106	0.04210	0.03022	0.01823	0.55914	0.25342	0.00591	0.00759	0.00705	0.00314	0.00366
8	0.00688	0.00530	0.00629	0.00604	0.00748	0.00471	0.00453	0.00888	0.01359	0.01815	0.48961	0.04340	0.34298	0.01167	0.00615	0.00169	0.00253	0.01005	0.00537	0.00471
9	0.01080	0.00926	0.01080	0.00771	0.01234	0.00694	0.00617	0.01311	0.01080	0.01697	0.00926	0.01080	0.00771	0.00386	0.00386	0.00077	0.00386	0.00309	0.00309	0.84882
10	0.00775	0.00604	0.00897	0.00879	0.00964	0.00725	0.00689	0.00955	0.00834	0.01212	0.01339	0.01974	0.01253	0.03670	0.73493	0.00789	0.07649	0.00550	0.00275	0.00473
11	0.01467	0.01016	0.01641	0.32751	0.27255	0.01072	0.01302	0.01761	0.01216	0.23481	0.01264	0.01465	0.00906	0.00537	0.00520	0.00164	0.00598	0.00481	0.00357	0.00746
12	0.00736	0.00605	0.00731	0.00676	0.00852	0.00556	0.03095	0.01026	0.07139	0.01743	0.33536	0.04212	0.40888	0.01142	0.00608	0.00171	0.00289	0.00982	0.00515	0.00498
13	0.00746	0.00550	0.00798	0.00798	0.00878	0.00630	0.00603	0.00905	0.00826	0.01180	0.01430	0.02241	0.01387	0.15066	0.68590	0.00789	0.01267	0.00587	0.00284	0.00444
14	0.01273	0.00973	0.01648	0.01338	0.01660	0.00947	0.24812	0.01747	0.12275	0.14698	0.07529	0.03056	0.01948	0.00855	0.00618	0.00192	0.00573	0.22736	0.00453	0.00669
15	0.01695	0.01496	0.01417	0.01423	0.12294	0.23443	0.00982	0.05699	0.28256	0.15543	0.01535	0.01504	0.01136	0.00609	0.00509	0.00158	0.00604	0.00482	0.00437	0.00776
16	0.00958	0.00794	0.01058	0.00973	0.01093	0.00961	0.00773	0.04672	0.11776	0.01550	0.10296	0.02023	0.01617	0.02358	0.39635	0.00509	0.17462	0.00582	0.00349	0.00559
17	0.00730	0.00532	0.00686	0.00647	0.00773	0.00488	0.00486	0.00968	0.01457	0.02047	0.73750	0.03958	0.09365	0.01080	0.00614	0.00165	0.00247	0.00951	0.00568	0.00488
18	0.01043	0.00986	0.01669	0.65506	0.18066	0.01173	0.01476	0.01382	0.01069	0.01402	0.00936	0.01369	0.00719	0.00510	0.00520	0.00170	0.00680	0.00463	0.00237	0.00626
19	0.01133	0.01078	0.01832	0.42687	0.40180	0.01196	0.01521	0.01461	0.01112	0.01512	0.00952	0.01340	0.00758	0.00493	0.00518	0.00164	0.00657	0.00463	0.00244	0.00699
20	0.00632	0.00528	0.00550	0.00545	0.00714	0.00447	0.00409	0.00779	0.01226	0.01499	0.15173	0.04859	0.68283	0.01284	0.00615	0.00174	0.00261	0.01078	0.00496	0.00447
21	0.01194	0.01301	0.02495	0.01871	0.02192	0.01426	0.47074	0.01506	0.01060	0.01506	0.00909	0.01301	0.00749	0.00624	0.01042	0.00196	0.32101	0.00552	0.00250	0.00650
22	0.51156	0.00971	0.01060	0.26606	0.01871	0.01132	0.00867	0.01548	0.00986	0.08287	0.00899	0.01098	0.00666	0.00509	0.00403	0.00165	0.00501	0.00361	0.00319	0.00595
23	0.01083	0.01027	0.01741	0.55361	0.27897	0.01183	0.01496	0.01417	0.01088	0.01451	0.00943	0.01356	0.00737	0.00502	0.00519	0.00167	0.00670	0.00463	0.00240	0.00659
24	0.00633	0.00459	0.00598	0.00709	0.00751	0.00424	0.00476	0.00727	0.01013	0.01336	0.03069	0.75040	0.09635	0.01606	0.00661	0.00209	0.00299	0.01449	0.00483	0.00424
25	0.00652	0.00521	0.00584	0.00585	0.00730	0.00453	0.00432	0.00813	0.01250	0.01595	0.26027	0.12567	0.49398	0.01278	0.00620	0.00176	0.00263	0.01093	0.00509	0.00453
26	0.01459	0.01436	0.01600	0.01293	0.01613	0.26422	0.20264	0.01683	0.01340	0.12563	0.05452	0.05681	0.15399	0.00744	0.00557	0.00161	0.00668	0.00654	0.00384	0.00626
27	0.01045	0.02694	0.79000	0.01484	0.02254	0.01209	0.01924	0.01649	0.01099	0.01649	0.00935	0.01099	0.00660	0.00495	0.00495	0.00165	0.00770	0.00385	0.00220	0.00770
28	0.00634	0.00453	0.00604	0.00725	0.00755	0.00423	0.00483	0.00725	0.00997	0.01329	0.02870	0.81358	0.03444	0.01632	0.00665	0.00211	0.00302	0.01480	0.00483	0.00423
29	0.01045	0.02694	0.79000	0.01484	0.02254	0.01209	0.01924	0.01649	0.01099	0.01649	0.00935	0.01099	0.00660	0.00495	0.00495	0.00165	0.00770	0.00385	0.00220	0.00770
30	0.01289	0.01237	0.02114	0.03196	0.78450	0.01237	0.01598	0.01598	0.01186	0.01701	0.00980	0.01289	0.00825	0.00464	0.00516	0.00155	0.00619	0.00464	0.00258	0.00825
31	0.01289	0.01237	0.02114	0.03196	0.78450	0.01237	0.01598	0.01598	0.01186	0.01701	0.00980	0.01289	0.00825	0.00464	0.00516	0.00155	0.00619	0.00464	0.00258	0.00825
32	0.01030	0.00852	0.00948	0.00926	0.01114	0.00946	0.00688	0.01948	0.46833	0.01838	0.02421	0.33783	0.02333	0.01077	0.00584	0.00191	0.00368	0.00946	0.00511	0.00663
33	0.01289	0.01237	0.02114	0.03196	0.78450	0.01237	0.01598	0.01598	0.01186	0.01701	0.00980	0.01289	0.00825	0.00464	0.00516	0.00155	0.00619	0.00464	0.00258	0.00825
34	0.01177	0.01062	0.01761	0.19521	0.51085	0.01112	0.01388	0.01485	0.01141	0.01656	0.01071	0.01404	0.00870	0.00497	0.00495	0.00154	0.00581	0.00467	0.12351	0.00723
35	0.01002	0.00920	0.01275	0.01110	0.01206	0.01159	0.00906	0.01157	0.00851	0.01303	0.00949	0.01425	0.00897	0.01808	0.26824	0.00404	0.43449	0.00468	0.00256	0.12632
36	0.00732	0.00532	0.00689	0.00649	0.00775	0.00489	0.00487	0.00972	0.01461	0.02058	0.74894	0.03940	0.08214	0.01076	0.00614	0.00164	0.00246	0.00949	0.00569	0.00489
37	0.00733	0.00530	0.00679	0.00643	0.00758	0.00490	0.00473	0.00955	0.01406	0.01974	0.68956	0.03903	0.07979	0.07332	0.00772	0.00191	0.00267	0.00935	0.00549	0.00475
38	0.00658	0.00496	0.00615	0.00701	0.00787	0.00453	0.00509	0.00782	0.01082	0.01385	0.03559	0.48166	0.25289	0.01512	0.00658	0.00205	0.00316	0.11908	0.00483	0.00436
39	0.00694	0.00542	0.00631	0.00617	0.00761	0.00488	0.00459	0.00916	0.03564	0.01746	0.39371	0.09539	0.36382	0.01202	0.00616	0.00173	0.00262	0.01036	0.00527	0.00474
40	0.09174	0.00953	0.01207	0.00934	0.01331	0.00884	0.00771	0.09855	0.01536	0.64946	0.01864	0.01644	0.01189	0.00629	0.00507	0.00161	0.00453	0.00498	0.00606	0.00860
41	0.01249	0.01350	0.02761	0.02520	0.27313	0.01291	0.52216	0.01645	0.01215	0.01679	0.01030	0.01367	0.00801	0.00447	0.00582	0.00169	0.00794	0.00566	0.00262	0.00742
42	0.00983	0.00926	0.01562	0.80447	0.03587	0.01157	0.01446	0.01331	0.01041	0.01331	0.00926	0.01388	0.00694	0.00521	0.00521	0.00174	0.00694	0.00463	0.00231	0.00579
43	0.01517	0.01321	0.01370	0.01282	0.07421	0.07578	0.00940	0.21057	0.46848	0.02345	0.01710	0.01640	0.01282	0.00654	0.00522	0.00166	0.00510	0.00529	0.00486	0.00822
44	0.00642	0.00536	0.00564	0.00579	0.00748	0.00459	0.00448	0.00787	0.01188	0.01425	0.04977	0.05114	0.69325	0.01333	0.00628	0.00183	0.00289	0.09847	0.00483	0.00444
45	0.00673	0.00482	0.00646	0.00748	0.00800	0.00454	0.00531	0.00802	0.01079	0.01448	0.11635	0.62418	0.03557	0.01540	0.00666	0.00210	0.00319	0.11060	0.00493	0.00438
46	0.11154	0.01100	0.01445	0.01609	0.26334	0.01043	0.00983	0.10739	0.01282	0.06106	0.01020	0.01179	0.00806	0.00466	0.00444	0.00126	0.00489	0.00387	0.00338	0.32950
47	0.06112	0.00995	0.02581	0.08243	0.27230	0.01005	0.01058	0.08267	0.05689	0.09777	0.01649	0.21968	0.01569	0.00818	0.00545	0.00173	0.00499	0.00728	0.00396	0.00697
48	0.01468	0.24161	0.02118	0.10236	0.20955	0.23922	0.07030	0.01702	0.01221	0.01404	0.00858	0.01082	0.00720	0.00484	0.00460	0.00140	0.00721	0.00387	0.00249	0.00682
49	0.01058	0.00883	0.01557	0.01241	0.01477	0.00887	0.25247	0.03147	0.01037	0.06583	0.01412	0.02259	0.01318	0.23260	0.21044	0.00433	0.03329	0.02965	0.00319	0.00544
50	0.01296	0.01272	0.01911	0.18911	0.52934	0.07313	0.01484	0.03669	0.03167	0.01647	0.00991	0.01298	0.00807	0.00492	0.00514	0.00158	0.00653	0.00457	0.00267	0.00758
51	0.07615	0.01261	0.01408	0.21808	0.12981	0.13002	0.01092	0.03639	0.24500	0.01755	0.01360	0.05031	0.01101	0.00621	0.00507	0.00166	0.00592	0.00515	0.00357	0.00692
52	0.01233	0.01144	0.01897	0.02779	0.64887	0.01156	0.01423	0.03857	0.01171	0.01668	0.01063	0.01479	0.00931	0.05685	0.07194	0.00232	0.00675	0.00490	0.00271	0.00766
53	0.25642	0.01335	0.01398	0.01116	0.01491	0.10398	0.08238	0.23749	0.04992	0.14990	0.01201	0.01231	0.00858	0.00563	0.00469	0.00159	0.00569	0.00429	0.00430	0.00741
54	0.00726	0.00492	0.00577	0.00608	0.00616	0.00484	0.00359	0.00749	0.00819	0.01092	0.01957	0.23477	0.02293	0.61084	0.02139	0.00429	0.00453	0.00943	0.00359	0.00343
55	0.01248	0.01222	0.01959	0.20829	0.57823	0.04746	0.01537	0.01558	0.01166	0.01597	0.00959	0.01296	0.00788	0.00480	0.00515	0.00158	0.00650	0.00458	0.00252	0.00758
56	0.00924	0.00811	0.00912	0.03464	0.08716	0.05463	0.00678	0.07283	0.01362	0.01725	0.18559	0.03789	0.38302	0.01059	0.00591	0.00170	0.00387	0.04800	0.00461	0.00542
57	0.00865	0.00791	0.01232	0.54509	0.02654	0.00923	0.01112	0.01139	0.01074	0.01349	0.02156	0.08357	0.20201	0.00804	0.00555	0.00177	0.00557	0.00698	0.00313	0.00532
58	0.01080	0.00926	0.01080	0.00771	0.01234	0.00694	0.00617	0.01311	0.01080	0.01697	0.00926	0.01080	0.00771	0.00386	0.00386	0.00077	0.00386	0.00309	0.00309	0.84882
59	0.00983	0.00926	0.01562	0.80447	0.03587	0.01157	0.01446	0.01331	0.01041	0.01331	0.00926	0.01388	0.00694	0.00521	0.00521	0.00174	0.00694	0.00463	0.00231	0.00579
60	0.01974	0.01638	0.01548	0.01223	0.01614	0.15316	0.00993	0.63602	0.02278	0.02929	0.01172	0.01196	0.00848	0.00610	0.00512	0.00152	0.00637	0.00445	0.00477	0.00836
61	0.00983	0.00926	0.01562	0.80447	0.03587	0.01157	0.01446	0.01331	0.01041	0.01331	0.00926	0.01388	0.00694	0.00521	0.00521	0.00174	0.00694	0.00463	0.00231	0.00579
62	0.01362	0.01152	0.01215	0.01073	0.01380	0.01327	0.00841	0.10020	0.70147	0.02287	0.02034	0.01875	0.01521	0.00699	0.00529	0.00175	0.00428	0.00577	0.00529	0.00830
63	0.00634	0.00453	0.00604	0.00725	0.00755	0.00423	0.00483	0.00725	0.00997	0.01329	0.02870	0.81358	0.03444	0.01632	0.00665	0.00211	0.00302	0.01480	0.00483	0.00423
64	0.01282	0.01104	0.01168	0.01057	0.01346	0.01276	0.00825	0.02719	0.75341	0.02161	0.02138	0.02055	0.01630	0.00727	0.00535	0.00178	0.00414	0.02701	0.00528	0.00814
65	0.02064	0.01375	0.01473	0.01140	0.01546	0.05508	0.00937	0.54963	0.02167	0.21331	0.01420	0.01359	0.00971	0.00625	0.00519	0.00156	0.00561	0.00475	0.00537	0.00871
66	0.00737	0.00532	0.00696	0.00655	0.00778	0.00491	0.00491	0.00983	0.01474	0.02088	0.78175	0.03890	0.04914	0.01065	0.00614	0.00164	0.00246	0.00942	0.00573	0.00491
67	0.01037	0.01027	0.01776	0.01434	0.01617	0.01208	0.22773	0.01268	0.00935	0.01359	0.01021	0.01510	0.00915	0.01747	0.26698	0.00411	0.31900	0.00535	0.00255	0.00574
68	0.01264	0.52832	0.30788	0.01109	0.01674	0.01747	0.01271	0.01592	0.01073	0.01381	0.00801	0.00933	0.00665	0.00464	0.00393	0.00131	0.00635	0.00318	0.00222	0.00706
69	0.07931	0.01122	0.01318	0.01018	0.01420	0.01130	0.00840	0.31880	0.01829	0.43579	0.01644	0.01501	0.01079	0.00626	0.00509	0.00159	0.00492	0.00485	0.00573	0.00864
70	0.00707	0.00534	0.00664	0.00705	0.00828	0.00491	0.00549	0.00888	0.01230	0.01605	0.22651	0.18122	0.27416	0.01339	0.00650	0.00195	0.00321	0.20137	0.00505	0.00460
71	0.00634	0.00453	0.00604	0.00725	0.00755	0.00423	0.00483	0.00725	0.00997	0.01329	0.02870	0.81358	0.03444	0.01632	0.00665	0.00211	0.00302	0.01480	0.00483	0.00423
72	0.01067	0.07774	0.74115	0.01446	0.02195	0.01264	0.01858	0.01643	0.01097	0.01622	0.00921	0.01083	0.00660	0.00492	0.00484	0.00161	0.00756	0.00378	0.00220	0.00763
73	0.01392	0.82012	0.02729	0.00891	0.01337	0.02061	0.00891	0.01559	0.01058	0.01225	0.00724	0.00835	0.00668	0.00446	0.00334	0.00111	0.00557	0.00278	0.00223	0.00668
74	0.00622	0.00530	0.00536	0.00540	0.00714	0.00444	0.00408	0.00757	0.01187	0.01411	0.05205	0.05036	0.76145	0.01322	0.00618	0.00178	0.00270	0.03154	0.00483	0.00441
75	0.01137	0.00607	0.00783	0.00693	0.00880	0.00553	0.00536	0.01372	0.01423	0.19663	0.49746	0.03125	0.03569	0.00903	0.00558	0.00157	0.00291	0.00780	0.12643	0.00581
76	0.16450	0.01084	0.01242	0.00969	0.01363	0.01097	0.00800	0.25324	0.01684	0.42333	0.01578	0.01452	0.01040	0.00611	0.00488	0.00160	0.00476	0.00465	0.00551	0.00831
77	0.01080	0.00926	0.01080	0.00771	0.01234	0.00694	0.00617	0.01311	0.01080	0.01697	0.00926	0.01080	0.00771	0.00386	0.00386	0.00077	0.00386	0.00309	0.00309	0.84882
78	0.06758	0.01290	0.01354	0.01110	0.01470	0.01455	0.00895	0.41447	0.33519	0.02766	0.01579	0.01513	0.01158	0.00650	0.00513	0.00165	0.00496	0.00507	0.00513	0.00841
79	0.01110	0.17643	0.64625	0.01372	0.02081	0.01370	0.01729	0.01632	0.01092	0.01569	0.00895	0.01050	0.00661	0.00485	0.00464	0.00155	0.00730	0.00365	0.00220	0.00751
80	0.00630	0.00528	0.00547	0.00542	0.00712	0.00446	0.00407	0.00775	0.01220	0.01486	0.13775	0.04881	0.69689	0.01289	0.00615	0.00174	0.00262	0.01081	0.00494	0.00446
81	0.00710	0.00531	0.00658	0.00626	0.00761	0.00480	0.00470	0.00930	0.01409	0.01935	0.61733	0.04143	0.21452	0.01122	0.00614	0.00167	0.00250	0.00977	0.00553	0.00480
82	0.85377	0.01007	0.00765	0.00685	0.01007	0.01168	0.00564	0.01531	0.00886	0.02336	0.00725	0.00846	0.00564	0.00483	0.00322	0.00161	0.00403	0.00282	0.00322	0.00564
83	0.01253	0.01201	0.02049	0.12203	0.69721	0.01228	0.01581	0.01567	0.01169	0.01658	0.00973	0.01300	0.00810	0.00471	0.00516	0.00157	0.00627	0.00464	0.00255	0.00796
84	0.00912	0.00818	0.01319	0.58552	0.02814	0.00973	0.01181	0.01228	0.01151	0.01517	0.19823	0.02110	0.04161	0.00678	0.00546	0.00171	0.00572	0.00599	0.00322	0.00553
85	0.00781	0.00589	0.00703	0.00739	0.00862	0.00576	0.00555	0.01054	0.11098	0.01455	0.03305	0.24228	0.27118	0.01397	0.00800	0.10068	0.00351	0.13395	0.00459	0.00468
86	0.01307	0.01099	0.01562	0.54712	0.02946	0.01306	0.01298	0.25810	0.01498	0.01964	0.01031	0.01344	0.00756	0.00555	0.00521	0.00168	0.00655	0.00465	0.00325	0.00678
87	0.00776	0.00562	0.00763	0.00796	0.00909	0.00557	0.00643	0.00996	0.01231	0.01679	0.31078	0.04437	0.05797	0.05260	0.12085	0.00307	0.00517	0.30656	0.00479	0.00473
88	0.01109	0.01042	0.01760	0.46273	0.34465	0.01172	0.01479	0.01438	0.01102	0.01501	0.00969	0.01363	0.00766	0.00500	0.00514	0.00164	0.00650	0.00464	0.02590	0.00678
89	0.01551	0.00888	0.01311	0.08793	0.01555	0.00845	0.08560	0.07523	0.01470	0.32198	0.23372	0.02228	0.02156	0.00718	0.00552	0.00160	0.00464	0.00632	0.00520	0.04505
90	0.01392	0.82012	0.02729	0.00891	0.01337	0.02061	0.00891	0.01559	0.01058	0.01225	0.00724	0.00835	0.00668	0.00446	0.00334	0.00111	0.00557	0.00278	0.00223	0.00668
91	0.73625	0.01192	0.00867	0.00774	0.01092	0.10471	0.00626	0.03280	0.00991	0.02232	0.00746	0.00866	0.00584	0.00493	0.00344	0.00158	0.00470	0.00293	0.00320	0.00576
92	0.01612	0.01315	0.01661	0.01818	0.26511	0.01425	0.01153	0.36812	0.17782	0.02537	0.01345	0.01408	0.01014	0.00590	0.00521	0.00160	0.00554	0.00492	0.00437	0.00853
93	0.01107	0.01034	0.01649	0.49169	0.22541	0.01198	0.01396	0.01606	0.12049	0.01548	0.01111	0.01442	0.00856	0.00533	0.00521	0.00169	0.00634	0.00481	0.00281	0.00677
94	0.00703	0.00521	0.00660	0.00691	0.00793	0.00485	0.00506	0.00905	0.02887	0.01693	0.34743	0.31163	0.14575	0.01316	0.00637	0.00188	0.00288	0.06256	0.00522	0.00467
95	0.00707	0.00494	0.00630	0.00712	0.00747	0.00478	0.00486	0.00793	0.00952	0.01263	0.02453	0.43847	0.02868	0.27601	0.01318	0.00311	0.00397	0.13117	0.00428	0.00397
96	0.01224	0.01171	0.01997	0.19512	0.62638	0.01220	0.01566	0.01542	0.01155	0.01623	0.00968	0.01310	0.00797	0.00476	0.00517	0.00159	0.00635	0.00464	0.00252	0.00773
97	0.00699	0.00531	0.00644	0.00616	0.00755	0.00475	0.00462	0.00910	0.01385	0.01877	0.55555	0.04238	0.27665	0.01144	0.00615	0.00168	0.00251	0.00991	0.00545	0.00475
98	0.00796	0.00610	0.00811	0.00842	0.00911	0.00662	0.00655	0.00935	0.00988	0.01323	0.02352	0.15935	0.08597	0.17803	0.10752	0.00354	0.09909	0.24929	0.00394	0.00443
99	0.00634	0.00453	0.00604	0.00725	0.00755	0.00423	0.00483	0.00725	0.00997	0.01329	0.02870	0.81358	0.03444	0.01632	0.00665	0.00211	0.00302	0.01480	0.00483	0.00423
100	0.01392	0.82012	0.02729	0.00891	0.01337	0.02061	0.00891	0.01559	0.01058	0.01225	0.00724	0.00835	0.00668	0.00446	0.00334	0.00111	0.00557	0.00278	0.00223	0.00668
101	0.01337	0.01064	0.01208	0.00885	0.01335	0.00936	0.00717	0.20990	0.01444	0.03511	0.01031	0.01137	0.00811	0.00453	0.00423	0.00099	0.00436	0.00354	0.00370	0.61459
102	0.01275	0.01249	0.02007	0.13995	0.64446	0.04753	0.01550	0.01582	0.01178	0.01630	0.00964	0.01287	0.00800	0.00475	0.00514	0.00156	0.00644	0.00458	0.00255	0.00780
103	0.01279	0.56255	0.27497	0.01084	0.01634	0.01784	0.01227	0.01589	0.01072	0.01363	0.00792	0.00921	0.00666	0.00462	0.00386	0.00129	0.00626	0.00313	0.00222	0.00701
104	0.01145	0.01091	0.01855	0.39466	0.43301	0.01200	0.01527	0.01473	0.01118	0.01527	0.00954	0.01336	0.00764	0.00491	0.00518	0.00164	0.00654	0.00463	0.00245	0.00709
105	0.01382	0.12909	0.02806	0.01860	0.02361	0.01359	0.56866	0.01754	0.01235	0.10599	0.01123	0.01366	0.00831	0.00464	0.00564	0.00165	0.00781	0.00556	0.00302	0.00719
106	0.01370	0.01478	0.01760	0.27773	0.33059	0.22712	0.01386	0.01643	0.01218	0.01464	0.00914	0.01225	0.00740	0.00502	0.00505	0.00155	0.00731	0.00428	0.00252	0.00684
107	0.01383	0.79837	0.04820	0.00907	0.01362	0.02037	0.00919	0.01562	0.01059	0.01237	0.00730	0.00843	0.00668	0.00447	0.00339	0.00113	0.00563	0.00281	0.00223	0.00671

[dist]
# distance from previous block
# <min> <max>
0	1

[block]
# block no. 3 follows, 47 sequences, length 28
# corresponding to MSA columns:
# 196-223
name=unknown_D
#
# <colnr> <probs for GDERKNQSTAVLIFYWHMCP>
#	G	D	E	R	K	N	Q	S	T	A	V	L	I	F	Y	W	H	M	C	P
0	0.00634	0.00513	0.00564	0.00584	0.00723	0.00442	0.00426	0.00772	0.01182	0.01474	0.13691	0.20813	0.53655	0.01353	0.00626	0.00182	0.00270	0.01159	0.00495	0.00442
1	0.01273	0.10630	0.59530	0.01340	0.02021	0.01231	0.01645	0.01772	0.01153	0.13091	0.01079	0.01172	0.00754	0.00512	0.00482	0.00159	0.00699	0.00394	0.00283	0.00777
2	0.01241	0.47504	0.35911	0.01149	0.01736	0.01690	0.01340	0.01598	0.01076	0.01410	0.00816	0.00950	0.00665	0.00467	0.00404	0.00135	0.00649	0.00325	0.00222	0.00712
3	0.01289	0.01237	0.02114	0.03196	0.78450	0.01237	0.01598	0.01598	0.01186	0.01701	0.00980	0.01289	0.00825	0.00464	0.00516	0.00155	0.00619	0.00464	0.00258	0.00825
4	0.00644	0.00461	0.00613	0.00719	0.00757	0.00429	0.00484	0.00749	0.01042	0.01401	0.09932	0.74094	0.03582	0.01578	0.00660	0.00207	0.00297	0.01430	0.00492	0.00429
5	0.00935	0.13552	0.33520	0.00993	0.01441	0.01002	0.01110	0.01237	0.01087	0.01437	0.02409	0.02462	0.27640	0.00889	0.00648	0.07576	0.00534	0.00623	0.00313	0.00592
6	0.01450	0.01150	0.01240	0.01048	0.01359	0.01287	0.00832	0.28197	0.40108	0.02549	0.13139	0.01992	0.01840	0.00732	0.00539	0.00168	0.00443	0.00600	0.00533	0.00796
7	0.00749	0.00501	0.00570	0.00578	0.00580	0.00499	0.00327	0.00755	0.00773	0.01031	0.01722	0.08540	0.01995	0.76427	0.02520	0.00486	0.00492	0.00805	0.00327	0.00323
8	0.14633	0.01008	0.01207	0.00940	0.01333	0.00979	0.00776	0.15843	0.01574	0.53726	0.01711	0.01540	0.01108	0.00617	0.00493	0.00160	0.00461	0.00478	0.00574	0.00838
9	0.02336	0.00886	0.01209	0.00927	0.01329	0.00765	0.00765	0.02538	0.01491	0.78810	0.02055	0.01773	0.01289	0.00645	0.00524	0.00161	0.00443	0.00524	0.00645	0.00886
10	0.00737	0.00532	0.00696	0.00655	0.00778	0.00491	0.00491	0.00983	0.01474	0.02088	0.78175	0.03890	0.04914	0.01065	0.00614	0.00164	0.00246	0.00942	0.00573	0.00491
11	0.00744	0.00558	0.00837	0.00837	0.00930	0.00651	0.00651	0.00930	0.00837	0.01209	0.01395	0.02046	0.01302	0.03906	0.79635	0.00837	0.01395	0.00558	0.00279	0.00465
12	0.01289	0.01237	0.02114	0.03196	0.78450	0.01237	0.01598	0.01598	0.01186	0.01701	0.00980	0.01289	0.00825	0.00464	0.00516	0.00155	0.00619	0.00464	0.00258	0.00825
13	0.01192	0.01138	0.01938	0.27745	0.54660	0.01212	0.01550	0.01513	0.01140	0.01584	0.00962	0.01321	0.00783	0.00482	0.00517	0.00161	0.00643	0.00464	0.00249	0.00747
14	0.00628	0.00479	0.00578	0.00656	0.00737	0.00429	0.00453	0.00733	0.01063	0.01356	0.03706	0.54829	0.29435	0.01523	0.00648	0.00199	0.00289	0.01348	0.00483	0.00429
15	0.01295	0.01119	0.01178	0.01060	0.01354	0.01295	0.00824	0.02767	0.77509	0.02178	0.02120	0.01943	0.01590	0.00707	0.00530	0.00177	0.00412	0.00589	0.00530	0.00824
16	0.01626	0.04558	0.01647	0.15156	0.15520	0.47766	0.01186	0.01828	0.01319	0.01357	0.00851	0.01080	0.00702	0.00528	0.00515	0.00146	0.02938	0.00381	0.00258	0.00640
17	0.01166	0.01112	0.01892	0.34295	0.48312	0.01205	0.01537	0.01490	0.01128	0.01552	0.00958	0.01329	0.00772	0.00487	0.00518	0.00162	0.00649	0.00464	0.00247	0.00726
18	0.01247	0.48986	0.34486	0.01138	0.01719	0.01706	0.01321	0.01597	0.01075	0.01402	0.00812	0.00945	0.00665	0.00466	0.00401	0.00134	0.00645	0.00323	0.00222	0.00710
19	0.01964	0.00914	0.01162	0.00937	0.01293	0.00871	0.00758	0.02473	0.19663	0.54564	0.07950	0.01977	0.01641	0.00692	0.00532	0.00165	0.00420	0.00572	0.00612	0.00841
20	0.00887	0.00761	0.08060	0.00746	0.00955	0.00573	0.00639	0.01141	0.01382	0.08647	0.51946	0.07835	0.12336	0.01034	0.00598	0.00168	0.00317	0.00900	0.00531	0.00542
21	0.00791	0.00569	0.00747	0.00684	0.00722	0.00563	0.05774	0.00823	0.00791	0.01057	0.01599	0.03264	0.01814	0.75881	0.02505	0.00481	0.00532	0.00747	0.00312	0.00343
22	0.01527	0.01309	0.06956	0.01166	0.01534	0.01305	0.05108	0.37453	0.18993	0.04099	0.03168	0.08674	0.02859	0.00756	0.00548	0.00170	0.00527	0.02578	0.00486	0.00786
23	0.00807	0.00559	0.00657	0.00673	0.00716	0.00560	0.00430	0.06192	0.00966	0.01289	0.02037	0.28580	0.02350	0.48067	0.01809	0.00379	0.00443	0.02701	0.00388	0.00395
24	0.01094	0.00961	0.01275	0.01307	0.18345	0.00795	0.00825	0.01333	0.01097	0.01672	0.01077	0.06874	0.00975	0.00492	0.00434	0.00104	0.00431	0.00427	0.00310	0.60171
25	0.01344	0.04559	0.06533	0.01231	0.07009	0.13260	0.08141	0.01601	0.01216	0.08842	0.04270	0.03898	0.01056	0.00523	0.00467	0.00124	0.00565	0.00442	0.00333	0.34586
26	0.01329	0.01136	0.01279	0.01099	0.01311	0.03450	0.00873	0.17320	0.29467	0.02068	0.08187	0.01856	0.01516	0.06564	0.00968	0.00206	0.19661	0.00568	0.00437	0.00704
27	0.03946	0.01648	0.01231	0.01079	0.01363	0.39904	0.00826	0.01934	0.08083	0.11750	0.13735	0.01629	0.01532	0.00636	0.00494	0.00142	0.00648	0.00477	0.00396	0.08548

[dist]
# distance from previous block
# <min> <max>
0	35

# created by:
# /home/cegg/simao/soft/augustus-3.2.1/scripts/msa2prfl.pl ./align_prep/25201.fa
