[name]
unknown

[dist]
# distance from previous block
# <min> <max>
5	820

[block]
# block no. 0 follows, 46 sequences, length 7
# corresponding to MSA columns:
# 843-849
name=unknown_A
#
# <colnr> <probs for GDERKNQSTAVLIFYWHMCP>
#	G	D	E	R	K	N	Q	S	T	A	V	L	I	F	Y	W	H	M	C	P
0	0.07279	0.22062	0.01638	0.01046	0.01371	0.15428	0.00870	0.14045	0.15140	0.01846	0.01196	0.01325	0.00974	0.01075	0.12254	0.00250	0.00727	0.00425	0.00356	0.00693
1	0.61992	0.06039	0.01123	0.01056	0.09449	0.09779	0.00755	0.01624	0.01008	0.02117	0.00773	0.00917	0.00619	0.00492	0.00365	0.00157	0.00501	0.00312	0.00308	0.00612
2	0.01071	0.01201	0.10718	0.20255	0.02054	0.06123	0.12967	0.01410	0.03333	0.05448	0.05826	0.07806	0.17951	0.00805	0.00573	0.00175	0.00595	0.00718	0.00361	0.00609
3	0.01015	0.00622	0.00752	0.00715	0.00886	0.00574	0.00529	0.01255	0.06476	0.15124	0.15467	0.21892	0.24229	0.07066	0.00765	0.00207	0.00334	0.01017	0.00525	0.00548
4	0.01186	0.00843	0.00937	0.00826	0.01029	0.00885	0.00614	0.12739	0.19645	0.07611	0.11769	0.02907	0.11162	0.24142	0.01179	0.00270	0.00433	0.00731	0.00482	0.00612
5	0.01757	0.01264	0.01466	0.12973	0.01852	0.01406	0.01014	0.41803	0.17407	0.11276	0.01492	0.01493	0.01062	0.00638	0.00531	0.00166	0.00552	0.00506	0.00501	0.00840
6	0.00671	0.00484	0.00658	0.00746	0.00796	0.00471	0.00517	0.00792	0.01034	0.01405	0.09824	0.61906	0.03313	0.01947	0.12444	0.00305	0.00467	0.01311	0.00468	0.00442

[dist]
# distance from previous block
# <min> <max>
0	3

[block]
# block no. 1 follows, 46 sequences, length 6
# corresponding to MSA columns:
# 853-858
name=unknown_B
#
# <colnr> <probs for GDERKNQSTAVLIFYWHMCP>
#	G	D	E	R	K	N	Q	S	T	A	V	L	I	F	Y	W	H	M	C	P
0	0.08722	0.01903	0.32549	0.01277	0.04298	0.12655	0.01280	0.05494	0.06017	0.08783	0.10659	0.01550	0.01333	0.00612	0.00505	0.00162	0.00640	0.00477	0.00359	0.00725
1	0.08554	0.39507	0.19790	0.10898	0.01851	0.01661	0.01196	0.08169	0.01191	0.01637	0.00857	0.01017	0.00690	0.00493	0.00416	0.00142	0.00620	0.00348	0.00262	0.00701
2	0.01339	0.00886	0.01041	0.00930	0.01143	0.00964	0.00705	0.05775	0.37211	0.11093	0.01664	0.01787	0.01295	0.01100	0.01075	0.29936	0.00445	0.00535	0.00443	0.00634
3	0.01290	0.05994	0.27761	0.01482	0.11220	0.01310	0.01320	0.12493	0.22535	0.02022	0.01446	0.06338	0.01162	0.00646	0.00521	0.00168	0.00592	0.00534	0.00376	0.00793
4	0.00862	0.00643	0.00762	0.00756	0.00900	0.00625	0.00573	0.10235	0.01346	0.01769	0.16782	0.23700	0.22143	0.05572	0.00750	0.00210	0.00356	0.11006	0.00502	0.00507
5	0.05490	0.08271	0.13129	0.00986	0.01346	0.04822	0.00905	0.20719	0.05268	0.04359	0.01952	0.02105	0.14629	0.06845	0.00731	0.03475	0.00531	0.00574	0.03197	0.00666

[dist]
# distance from previous block
# <min> <max>
0	6

[block]
# block no. 2 follows, 46 sequences, length 16
# corresponding to MSA columns:
# 865-880
name=unknown_C
#
# <colnr> <probs for GDERKNQSTAVLIFYWHMCP>
#	G	D	E	R	K	N	Q	S	T	A	V	L	I	F	Y	W	H	M	C	P
0	0.01284	0.04369	0.01285	0.01356	0.17480	0.00994	0.00874	0.01871	0.23159	0.13723	0.09039	0.02599	0.18116	0.00809	0.00552	0.00168	0.00427	0.00690	0.00478	0.00727
1	0.00718	0.07802	0.00792	0.00692	0.00801	0.00590	0.00500	0.00832	0.01082	0.01387	0.07102	0.48314	0.21732	0.04260	0.00701	0.00205	0.00325	0.01243	0.00466	0.00456
2	0.01159	0.01123	0.01660	0.11263	0.31322	0.07145	0.07159	0.01490	0.04283	0.01596	0.03530	0.02260	0.05838	0.00994	0.07657	0.00235	0.00697	0.09594	0.00322	0.00673
3	0.01842	0.09427	0.10573	0.01249	0.01679	0.19783	0.06480	0.14696	0.05138	0.22017	0.01315	0.01320	0.00934	0.00576	0.00503	0.00154	0.00671	0.00446	0.00418	0.00780
4	0.00684	0.00532	0.00628	0.00664	0.00784	0.00464	0.00465	0.00799	0.01076	0.01396	0.03523	0.44348	0.28819	0.04876	0.00719	0.00203	0.00310	0.01231	0.00467	0.08013
5	0.00641	0.00529	0.00563	0.00569	0.00728	0.00451	0.00421	0.00785	0.01222	0.01504	0.13777	0.11793	0.62516	0.01337	0.00629	0.00180	0.00269	0.01132	0.00502	0.00451
6	0.01410	0.02132	0.48303	0.01505	0.05268	0.01213	0.07006	0.10692	0.01356	0.14321	0.01182	0.01275	0.00817	0.00537	0.00520	0.00166	0.00705	0.00444	0.00334	0.00812
7	0.01500	0.04774	0.06927	0.08191	0.01602	0.20378	0.04468	0.05525	0.01401	0.14923	0.10695	0.01971	0.08012	0.00692	0.00519	0.00155	0.00600	0.00557	0.06452	0.00658
8	0.01192	0.21911	0.36781	0.01460	0.02012	0.01514	0.13850	0.01600	0.01085	0.01515	0.00881	0.01106	0.00697	0.00539	0.00651	0.00164	0.11680	0.00412	0.00232	0.00717
9	0.00851	0.00617	0.00712	0.00722	0.00789	0.00637	0.00474	0.04236	0.10856	0.01386	0.02129	0.29120	0.02365	0.40830	0.01645	0.00355	0.00434	0.00980	0.00414	0.00449
10	0.09631	0.01888	0.02946	0.04314	0.07257	0.39114	0.08006	0.12768	0.01520	0.06271	0.00992	0.01128	0.00762	0.00543	0.00493	0.00151	0.00778	0.00407	0.00334	0.00695
11	0.00631	0.00512	0.00560	0.00597	0.00730	0.00441	0.00429	0.00752	0.01145	0.01404	0.04602	0.28530	0.54952	0.01437	0.00640	0.00190	0.00280	0.01235	0.00491	0.00441
12	0.01407	0.13957	0.01485	0.00957	0.01381	0.16341	0.00784	0.08856	0.01307	0.01721	0.00916	0.01046	0.00758	0.00455	0.00413	0.00103	0.00547	0.00330	0.00313	0.46923
13	0.01191	0.00843	0.01021	0.04912	0.01271	0.02812	0.00748	0.07925	0.01384	0.10998	0.15295	0.03202	0.07722	0.00909	0.00571	0.00166	0.00436	0.18962	0.00471	0.19162
14	0.03468	0.07503	0.15882	0.03438	0.01663	0.26773	0.01123	0.17614	0.01509	0.01847	0.04908	0.01365	0.01018	0.05419	0.00675	0.00175	0.04164	0.00439	0.00332	0.00683
15	0.08878	0.01580	0.15882	0.05120	0.11096	0.10273	0.07898	0.13677	0.01398	0.01932	0.04625	0.01726	0.09566	0.00652	0.00564	0.00166	0.03396	0.00531	0.00342	0.00698

[dist]
# distance from previous block
# <min> <max>
0	1

[block]
# block no. 3 follows, 46 sequences, length 13
# corresponding to MSA columns:
# 882-894
name=unknown_D
#
# <colnr> <probs for GDERKNQSTAVLIFYWHMCP>
#	G	D	E	R	K	N	Q	S	T	A	V	L	I	F	Y	W	H	M	C	P
0	0.01304	0.01487	0.02259	0.01736	0.02106	0.18433	0.42512	0.01614	0.01223	0.01509	0.01167	0.06711	0.01016	0.01002	0.10389	0.00256	0.03747	0.00607	0.00284	0.00637
1	0.01117	0.01712	0.31076	0.13948	0.09259	0.01198	0.12064	0.05709	0.01192	0.01686	0.03792	0.04834	0.01025	0.00739	0.03859	0.00203	0.05076	0.00527	0.00279	0.00704
2	0.00639	0.00480	0.00593	0.00684	0.00753	0.00434	0.00468	0.00742	0.01062	0.01370	0.03550	0.61279	0.22883	0.01574	0.00662	0.00205	0.00297	0.01402	0.00491	0.00434
3	0.00989	0.00766	0.00872	0.00840	0.01002	0.00811	0.00618	0.11054	0.18210	0.01769	0.02618	0.30083	0.12029	0.09500	0.06084	0.00267	0.00457	0.00980	0.00475	0.00575
4	0.00710	0.00537	0.00724	0.00753	0.00839	0.00551	0.00554	0.00866	0.01062	0.01451	0.15706	0.30311	0.12261	0.02249	0.26298	0.00409	0.02800	0.01027	0.00432	0.00461
5	0.01602	0.35731	0.09318	0.01162	0.01551	0.36230	0.01046	0.01800	0.01257	0.01306	0.00820	0.00971	0.00705	0.00643	0.03676	0.00159	0.00793	0.00330	0.00249	0.00651
6	0.68871	0.00934	0.00778	0.00736	0.01018	0.01064	0.00606	0.01445	0.00949	0.02206	0.01141	0.06072	0.01075	0.00689	0.00402	0.00177	0.00414	0.10511	0.00358	0.00553
7	0.01460	0.01442	0.03828	0.14189	0.16828	0.16369	0.14782	0.07431	0.01373	0.08060	0.04637	0.04881	0.01122	0.00597	0.00545	0.00164	0.00706	0.00543	0.00337	0.00707
8	0.01316	0.01017	0.01111	0.00876	0.01239	0.06038	0.00695	0.06276	0.04697	0.11626	0.07608	0.04356	0.06124	0.00639	0.00518	0.00126	0.03130	0.00512	0.00413	0.41683
9	0.00656	0.00494	0.00608	0.00670	0.00756	0.00445	0.00468	0.00785	0.01144	0.01497	0.15820	0.47889	0.23896	0.01476	0.00653	0.00197	0.00287	0.01309	0.00506	0.00445
10	0.01536	0.12995	0.04040	0.06378	0.01717	0.17602	0.08075	0.15111	0.06516	0.03977	0.01096	0.01240	0.00856	0.00578	0.00529	0.02917	0.00648	0.00422	0.03308	0.10460
11	0.05981	0.06818	0.06435	0.05738	0.23515	0.19484	0.01198	0.07457	0.05630	0.09237	0.01119	0.01265	0.00865	0.00616	0.02276	0.00169	0.00687	0.00429	0.00336	0.00747
12	0.04288	0.13717	0.06593	0.01011	0.01342	0.10929	0.00863	0.20561	0.06456	0.07576	0.01301	0.01633	0.01086	0.13780	0.02100	0.00218	0.00597	0.00480	0.04784	0.00685

[dist]
# distance from previous block
# <min> <max>
6	11

[block]
# block no. 4 follows, 46 sequences, length 14
# corresponding to MSA columns:
# 906-919
name=unknown_E
#
# <colnr> <probs for GDERKNQSTAVLIFYWHMCP>
#	G	D	E	R	K	N	Q	S	T	A	V	L	I	F	Y	W	H	M	C	P
0	0.40451	0.01322	0.00992	0.02995	0.01224	0.20235	0.00707	0.06628	0.01231	0.02036	0.06241	0.01505	0.06766	0.00624	0.00427	0.00156	0.00532	0.00435	0.04908	0.00586
1	0.00724	0.00575	0.00671	0.00650	0.00823	0.00495	0.00490	0.00899	0.01239	0.01634	0.22719	0.15461	0.35697	0.01221	0.00612	0.00173	0.00295	0.05301	0.00494	0.09826
2	0.08623	0.04977	0.06788	0.03560	0.21180	0.13106	0.01114	0.05089	0.01231	0.04635	0.00953	0.01145	0.00769	0.00510	0.00531	0.00140	0.05235	0.00388	0.00301	0.19726
3	0.01426	0.15375	0.31584	0.01383	0.06775	0.05851	0.01364	0.06909	0.08053	0.10266	0.01150	0.01239	0.00855	0.00562	0.00550	0.00159	0.04980	0.00419	0.00326	0.00773
4	0.60500	0.06467	0.01044	0.00816	0.01154	0.10563	0.00671	0.01736	0.01051	0.10635	0.00896	0.00974	0.00674	0.00513	0.00369	0.00157	0.00489	0.00320	0.00350	0.00621
5	0.01758	0.42178	0.02069	0.00969	0.01394	0.01629	0.00879	0.18468	0.01493	0.19897	0.01204	0.01202	0.00898	0.00546	0.00428	0.00135	0.00531	0.00391	0.03156	0.00774
6	0.00773	0.00596	0.00723	0.00764	0.00893	0.00580	0.00584	0.01087	0.09647	0.01633	0.15100	0.26598	0.21184	0.01346	0.00651	0.00200	0.00338	0.16292	0.00509	0.00501
7	0.00860	0.00531	0.00676	0.00708	0.00801	0.00487	0.00489	0.00970	0.01096	0.09958	0.09221	0.46485	0.11359	0.12670	0.00932	0.00243	0.00342	0.01203	0.00493	0.00474
8	0.00766	0.00588	0.00806	0.00967	0.09351	0.00572	0.00594	0.00901	0.01059	0.01436	0.13244	0.31488	0.09996	0.16638	0.08860	0.00317	0.00480	0.01042	0.00426	0.00470
9	0.00986	0.00592	0.00770	0.00702	0.00870	0.00535	0.00534	0.01212	0.01454	0.13881	0.57107	0.07374	0.09792	0.01061	0.00612	0.00169	0.00285	0.00928	0.00582	0.00554
10	0.05908	0.01028	0.01272	0.19261	0.05858	0.06275	0.02764	0.12001	0.01357	0.12837	0.06835	0.05758	0.04906	0.10708	0.00802	0.00210	0.00558	0.00614	0.00405	0.00640
11	0.01498	0.01523	0.12407	0.12846	0.18576	0.13212	0.01276	0.10063	0.01365	0.12020	0.01172	0.01379	0.00889	0.00886	0.08366	0.00228	0.00760	0.00458	0.00339	0.00738
12	0.01332	0.06079	0.05158	0.10670	0.30940	0.03225	0.03130	0.01705	0.06349	0.09602	0.04686	0.03257	0.01144	0.00560	0.00508	0.00152	0.00572	0.00499	0.00340	0.10093
13	0.07043	0.03426	0.01103	0.00884	0.01189	0.04348	0.00703	0.09318	0.07216	0.15604	0.03936	0.09654	0.10444	0.00947	0.04447	0.00189	0.02493	0.00633	0.00452	0.15972

[dist]
# distance from previous block
# <min> <max>
7	157

[block]
# block no. 5 follows, 46 sequences, length 19
# corresponding to MSA columns:
# 1102-1120
name=unknown_F
#
# <colnr> <probs for GDERKNQSTAVLIFYWHMCP>
#	G	D	E	R	K	N	Q	S	T	A	V	L	I	F	Y	W	H	M	C	P
0	0.07238	0.03251	0.10544	0.01052	0.03022	0.03772	0.00909	0.14808	0.12148	0.11297	0.04689	0.07912	0.06316	0.00727	0.00513	0.00159	0.00492	0.00589	0.00445	0.10118
1	0.01404	0.04499	0.05641	0.06756	0.01447	0.14183	0.00880	0.10535	0.04441	0.11320	0.02567	0.06219	0.02529	0.13244	0.04634	0.00255	0.00639	0.07781	0.00401	0.00626
2	0.01347	0.13402	0.02364	0.01685	0.06487	0.01399	0.34195	0.06712	0.06408	0.06083	0.01313	0.01526	0.04006	0.00682	0.03206	0.00191	0.07401	0.00551	0.00325	0.00717
3	0.01204	0.09763	0.19742	0.01096	0.01497	0.01074	0.06178	0.11928	0.01359	0.07133	0.06797	0.05999	0.12014	0.05723	0.00681	0.00191	0.00552	0.06011	0.00396	0.00661
4	0.01426	0.15881	0.19916	0.01733	0.16728	0.16679	0.07949	0.07134	0.01316	0.01653	0.01006	0.01316	0.00834	0.00540	0.00495	0.00153	0.00730	0.03501	0.00278	0.00732
5	0.01258	0.05045	0.32578	0.01259	0.01738	0.08961	0.06700	0.01711	0.05875	0.09772	0.11000	0.08790	0.01605	0.00706	0.00538	0.00167	0.00631	0.00597	0.00365	0.00704
6	0.00975	0.00808	0.00894	0.00868	0.01018	0.06181	0.00654	0.10718	0.04317	0.01604	0.02334	0.25000	0.11936	0.02157	0.27528	0.00413	0.00766	0.00882	0.00411	0.00536
7	0.00752	0.06456	0.00821	0.00708	0.00837	0.00657	0.00538	0.00879	0.01101	0.01395	0.06910	0.24698	0.34221	0.06889	0.00842	0.00213	0.05759	0.05413	0.00446	0.00464
8	0.01173	0.01309	0.07157	0.21246	0.24300	0.06824	0.16302	0.01508	0.01158	0.01538	0.01138	0.06904	0.00989	0.00776	0.05196	0.00210	0.00757	0.00564	0.00272	0.00682
9	0.01250	0.07253	0.10361	0.09758	0.20090	0.06039	0.10632	0.01817	0.16343	0.01685	0.01315	0.04208	0.01098	0.00615	0.00563	0.00170	0.02608	0.03139	0.00324	0.00733
10	0.01045	0.01412	0.20015	0.20503	0.14539	0.01126	0.10752	0.01405	0.01094	0.01525	0.01283	0.14762	0.01201	0.00721	0.00642	0.00182	0.06206	0.00644	0.00283	0.00662
11	0.02178	0.00985	0.01252	0.00975	0.01368	0.00925	0.00801	0.13502	0.06297	0.59182	0.04169	0.01846	0.02632	0.00679	0.00536	0.00164	0.00459	0.00549	0.00624	0.00877
12	0.03245	0.01820	0.30788	0.15112	0.10689	0.01326	0.08148	0.18921	0.01440	0.02027	0.01032	0.01244	0.00757	0.00529	0.00522	0.00167	0.00706	0.00451	0.00307	0.00771
13	0.01287	0.01680	0.22994	0.01341	0.04875	0.09716	0.06278	0.06980	0.14740	0.04871	0.01832	0.03676	0.11079	0.00717	0.00613	0.00172	0.05484	0.00577	0.00369	0.00719
14	0.00877	0.00540	0.00689	0.00731	0.00839	0.00492	0.00522	0.00994	0.01106	0.11039	0.03153	0.48725	0.16070	0.06321	0.00774	0.00222	0.00341	0.05576	0.00501	0.00488
15	0.00688	0.00506	0.00630	0.00690	0.00769	0.00468	0.00488	0.00817	0.01122	0.01478	0.15461	0.39341	0.18091	0.09552	0.00865	0.00232	0.00326	0.07551	0.00488	0.00438
16	0.01632	0.13467	0.06704	0.01554	0.10891	0.15961	0.12972	0.02023	0.08977	0.16813	0.01258	0.01341	0.00937	0.00552	0.00535	0.00156	0.02648	0.00462	0.00362	0.00754
17	0.01247	0.01047	0.04306	0.09413	0.09200	0.08674	0.00921	0.01555	0.06736	0.12784	0.09753	0.14912	0.02964	0.05804	0.00742	0.00200	0.03172	0.05517	0.00426	0.00627
18	0.01219	0.00762	0.01099	0.01313	0.19221	0.00736	0.00789	0.01388	0.01123	0.16356	0.01981	0.07972	0.09144	0.09199	0.08869	0.06133	0.00543	0.00664	0.10882	0.00606

[dist]
# distance from previous block
# <min> <max>
0	1

[block]
# block no. 6 follows, 46 sequences, length 8
# corresponding to MSA columns:
# 1122-1129
name=unknown_G
#
# <colnr> <probs for GDERKNQSTAVLIFYWHMCP>
#	G	D	E	R	K	N	Q	S	T	A	V	L	I	F	Y	W	H	M	C	P
0	0.01389	0.01391	0.13947	0.01303	0.10484	0.11475	0.01027	0.01741	0.06293	0.15600	0.08117	0.12417	0.01639	0.00740	0.00530	0.00158	0.00548	0.00624	0.00411	0.10166
1	0.12867	0.51655	0.06555	0.01055	0.01493	0.10712	0.06231	0.01652	0.01113	0.01459	0.00780	0.00917	0.00673	0.00470	0.00382	0.00130	0.00623	0.00320	0.00248	0.00665
2	0.01439	0.01394	0.13763	0.10818	0.12435	0.01152	0.07685	0.15552	0.01435	0.11275	0.01210	0.01443	0.00912	0.00547	0.00515	0.00153	0.00610	0.02463	0.00365	0.14834
3	0.04790	0.01164	0.05869	0.01016	0.01373	0.03060	0.00853	0.23062	0.07210	0.22133	0.01766	0.15764	0.01485	0.00795	0.00535	0.00165	0.00486	0.00656	0.00506	0.07312
4	0.01347	0.01086	0.05962	0.09707	0.17358	0.01011	0.05191	0.07694	0.07683	0.15158	0.07785	0.08825	0.07351	0.00758	0.00560	0.00171	0.00523	0.00672	0.00432	0.00726
5	0.00950	0.00662	0.00923	0.01073	0.07641	0.00660	0.00758	0.01218	0.06233	0.07343	0.02482	0.33507	0.02665	0.01534	0.06790	0.00262	0.00495	0.23787	0.00469	0.00549
6	0.09433	0.05924	0.21404	0.07143	0.01776	0.01307	0.01186	0.22777	0.01496	0.10332	0.01211	0.04375	0.00928	0.00628	0.00567	0.00166	0.05410	0.00471	0.02713	0.00753
7	0.01094	0.00755	0.00879	0.00805	0.01014	0.00756	0.00615	0.06529	0.17226	0.10572	0.22887	0.15367	0.17234	0.01066	0.00597	0.00178	0.00342	0.00917	0.00546	0.00621

[dist]
# distance from previous block
# <min> <max>
0	2

[block]
# block no. 7 follows, 46 sequences, length 11
# corresponding to MSA columns:
# 1132,1141-1150
name=unknown_H
#
# <colnr> <probs for GDERKNQSTAVLIFYWHMCP>
#	G	D	E	R	K	N	Q	S	T	A	V	L	I	F	Y	W	H	M	C	P
0	0.01144	0.06232	0.01042	0.00879	0.01066	0.06619	0.00672	0.11332	0.05090	0.06553	0.06328	0.29746	0.07293	0.05206	0.05369	0.00238	0.00500	0.03657	0.00459	0.00577
1	0.01286	0.03645	0.20023	0.01821	0.12301	0.03471	0.22820	0.01707	0.03999	0.07302	0.01202	0.01628	0.00973	0.00613	0.00695	0.00179	0.09882	0.05416	0.00304	0.00730
2	0.01759	0.23458	0.01803	0.01163	0.01498	0.38285	0.00945	0.16812	0.01539	0.01674	0.00936	0.01137	0.00798	0.05343	0.00582	0.00157	0.00748	0.00378	0.00314	0.00671
3	0.01250	0.01315	0.08887	0.04617	0.15283	0.04715	0.06131	0.08009	0.01268	0.01817	0.01063	0.01252	0.02201	0.00471	0.00467	0.00123	0.00558	0.00406	0.00309	0.39858
4	0.01196	0.11541	0.18824	0.06351	0.13975	0.01140	0.04254	0.01569	0.03419	0.05473	0.06237	0.01499	0.03263	0.00542	0.00482	0.00141	0.00569	0.00459	0.00314	0.18751
5	0.00694	0.00496	0.00662	0.00734	0.00786	0.00486	0.00510	0.00815	0.01032	0.01403	0.11997	0.49134	0.03199	0.10734	0.11478	0.00328	0.00479	0.04143	0.00455	0.00434
6	0.21324	0.00869	0.01205	0.07984	0.05049	0.00983	0.06373	0.01358	0.00973	0.07376	0.01167	0.01559	0.00983	0.01952	0.32809	0.00451	0.06212	0.00481	0.00312	0.00581
7	0.01579	0.44210	0.11940	0.01168	0.05258	0.09615	0.01076	0.07288	0.01285	0.10683	0.00983	0.01059	0.00777	0.00506	0.00420	0.00134	0.00623	0.00355	0.00306	0.00735
8	0.02063	0.00883	0.01157	0.00913	0.01271	0.00801	0.00744	0.08734	0.01565	0.58630	0.09938	0.04737	0.01735	0.00731	0.00540	0.00164	0.00428	0.00603	0.03537	0.00827
9	0.00653	0.00521	0.00586	0.00603	0.00740	0.00453	0.00440	0.00801	0.01222	0.01548	0.19103	0.20893	0.47864	0.01355	0.00635	0.00184	0.00272	0.01166	0.00509	0.00453
10	0.01229	0.12106	0.07306	0.15790	0.09077	0.08726	0.04719	0.05105	0.06240	0.02665	0.01488	0.06912	0.06096	0.04343	0.00607	0.00173	0.00604	0.00561	0.01428	0.04824

[dist]
# distance from previous block
# <min> <max>
0	30

[block]
# block no. 8 follows, 46 sequences, length 20
# corresponding to MSA columns:
# 1181-1200
name=unknown_I
#
# <colnr> <probs for GDERKNQSTAVLIFYWHMCP>
#	G	D	E	R	K	N	Q	S	T	A	V	L	I	F	Y	W	H	M	C	P
0	0.17139	0.01283	0.01400	0.01470	0.16471	0.06545	0.00983	0.16080	0.24747	0.06536	0.01402	0.01425	0.01054	0.00596	0.00490	0.00164	0.00526	0.00471	0.00431	0.00788
1	0.10011	0.12564	0.11086	0.01594	0.15894	0.07429	0.10836	0.01766	0.04627	0.08251	0.01062	0.01210	0.00820	0.00494	0.00471	0.00147	0.00623	0.00419	0.00312	0.10383
2	0.01860	0.19565	0.05572	0.01256	0.05270	0.30087	0.01017	0.09577	0.01474	0.17834	0.01128	0.01166	0.00842	0.00551	0.00467	0.00142	0.00699	0.00391	0.00366	0.00736
3	0.00791	0.00682	0.03979	0.00746	0.00887	0.00606	0.00580	0.01080	0.08842	0.01542	0.13751	0.17024	0.19291	0.17415	0.01049	0.00258	0.00385	0.10145	0.00463	0.00484
4	0.04495	0.08570	0.34969	0.01753	0.17566	0.06848	0.05655	0.04067	0.03431	0.01695	0.01001	0.01213	0.00781	0.00694	0.04876	0.00197	0.00754	0.00422	0.00264	0.00749
5	0.07055	0.01701	0.23112	0.11977	0.15542	0.06493	0.13221	0.04505	0.01227	0.06916	0.01034	0.01261	0.00771	0.00518	0.00545	0.00167	0.02472	0.00455	0.00290	0.00738
6	0.00696	0.00507	0.00621	0.00649	0.00728	0.00469	0.00445	0.00825	0.01145	0.01533	0.25566	0.29914	0.16699	0.16547	0.01033	0.00250	0.00322	0.01132	0.00486	0.00432
7	0.01111	0.00874	0.03386	0.01410	0.18999	0.00825	0.00914	0.01501	0.09691	0.09316	0.22155	0.09172	0.04824	0.01010	0.02382	0.00195	0.00454	0.10657	0.00470	0.00653
8	0.01270	0.10248	0.28915	0.01914	0.26514	0.03310	0.04630	0.01653	0.01191	0.07168	0.01372	0.01521	0.06873	0.00563	0.00508	0.00159	0.00654	0.00481	0.00291	0.00763
9	0.00904	0.00640	0.00789	0.00765	0.00900	0.00645	0.00572	0.01123	0.05810	0.08608	0.10009	0.24967	0.25073	0.04608	0.05078	0.00240	0.07249	0.01023	0.00477	0.00520
10	0.00670	0.00489	0.00630	0.00697	0.00767	0.00450	0.00484	0.00808	0.01161	0.01562	0.23074	0.52732	0.11582	0.01471	0.00656	0.00198	0.00287	0.01318	0.00515	0.00450
11	0.01177	0.01541	0.20020	0.15737	0.39505	0.01220	0.07522	0.01569	0.01149	0.01628	0.01000	0.01352	0.00804	0.02836	0.00590	0.00175	0.00694	0.00473	0.00250	0.00757
12	0.01380	0.01970	0.26558	0.02258	0.36595	0.15461	0.01593	0.04937	0.01284	0.01700	0.00959	0.01180	0.00758	0.00501	0.00508	0.00157	0.00734	0.00422	0.00263	0.00781
13	0.01187	0.12901	0.24741	0.05539	0.23346	0.01349	0.12667	0.01573	0.01143	0.01588	0.01156	0.01390	0.04552	0.00539	0.00564	0.00162	0.04137	0.00475	0.00255	0.00738
14	0.00809	0.00650	0.00915	0.00897	0.00950	0.00777	0.00681	0.00942	0.00868	0.01240	0.01629	0.19065	0.01737	0.11482	0.39127	0.00558	0.16114	0.00771	0.00322	0.00466
15	0.01032	0.03981	0.37898	0.07558	0.02033	0.01106	0.12345	0.01520	0.05760	0.01567	0.01319	0.09881	0.01185	0.09581	0.00780	0.00212	0.00684	0.00599	0.00289	0.00669
16	0.01466	0.01752	0.22089	0.01441	0.09883	0.14944	0.02155	0.11149	0.05544	0.09750	0.03241	0.05148	0.04592	0.00691	0.00535	0.00166	0.00650	0.03688	0.00379	0.00738
17	0.10426	0.03001	0.29152	0.21052	0.04190	0.04019	0.13232	0.01574	0.01096	0.01633	0.00921	0.01206	0.00694	0.00522	0.00574	0.00172	0.05168	0.00438	0.00248	0.00682
18	0.01143	0.01198	0.04311	0.16942	0.27257	0.09665	0.05381	0.01425	0.01222	0.01578	0.07659	0.06025	0.09409	0.00729	0.00559	0.00169	0.00609	0.03739	0.00327	0.00653
19	0.01249	0.04796	0.05833	0.04729	0.48058	0.05546	0.09463	0.01552	0.01190	0.01624	0.01190	0.10099	0.01100	0.00606	0.00539	0.00164	0.00646	0.00582	0.00284	0.00750

[dist]
# distance from previous block
# <min> <max>
8	11

[block]
# block no. 9 follows, 46 sequences, length 91
# corresponding to MSA columns:
# 1216-1253,1256-1308
name=unknown_J
#
# <colnr> <probs for GDERKNQSTAVLIFYWHMCP>
#	G	D	E	R	K	N	Q	S	T	A	V	L	I	F	Y	W	H	M	C	P
0	0.05749	0.01674	0.23854	0.01180	0.01578	0.16045	0.06985	0.01511	0.01196	0.05345	0.01907	0.07205	0.13022	0.04926	0.02427	0.00202	0.00666	0.03567	0.00339	0.00621
1	0.01593	0.01480	0.06072	0.09576	0.19368	0.19928	0.01177	0.06783	0.01387	0.15343	0.01385	0.05431	0.01159	0.00672	0.00536	0.00165	0.00662	0.06181	0.00375	0.00724
2	0.01926	0.00832	0.01094	0.00881	0.01224	0.00748	0.00715	0.02194	0.05724	0.56611	0.04227	0.02322	0.11744	0.00991	0.06045	0.00214	0.00486	0.00626	0.00598	0.00796
3	0.03100	0.00866	0.01163	0.01035	0.01233	0.06207	0.10702	0.04790	0.01148	0.05691	0.01962	0.36000	0.02080	0.01629	0.14765	0.00304	0.00658	0.00937	0.00405	0.05325
4	0.01196	0.01002	0.01492	0.16214	0.23750	0.04851	0.05161	0.03268	0.01204	0.08855	0.01771	0.22667	0.04602	0.00854	0.00573	0.00177	0.00555	0.00778	0.00371	0.00657
5	0.01620	0.52563	0.02302	0.01073	0.01459	0.30527	0.00948	0.01777	0.01230	0.01262	0.00765	0.00887	0.00679	0.00486	0.00390	0.00122	0.00708	0.00304	0.00243	0.00654
6	0.01096	0.00940	0.01096	0.00783	0.01253	0.00705	0.00626	0.01331	0.01096	0.01723	0.00940	0.01096	0.00783	0.00392	0.00392	0.00078	0.00392	0.00313	0.00313	0.84653
7	0.00644	0.00460	0.00613	0.00736	0.00767	0.00429	0.00491	0.00736	0.01012	0.01350	0.02914	0.81076	0.03497	0.01656	0.00675	0.00215	0.00307	0.01503	0.00491	0.00429
8	0.01898	0.01560	0.01515	0.01213	0.01598	0.11496	0.00981	0.55514	0.13910	0.02899	0.01348	0.01338	0.00982	0.00636	0.00524	0.00159	0.00604	0.00478	0.00498	0.00853
9	0.01337	0.01476	0.23573	0.01142	0.01684	0.00915	0.07360	0.01689	0.01194	0.16707	0.01226	0.03233	0.00922	0.00510	0.00477	0.00132	0.00555	0.00433	0.00355	0.35079
10	0.01296	0.22123	0.48556	0.01357	0.04440	0.01414	0.01554	0.03574	0.01178	0.08408	0.01006	0.01120	0.00740	0.00506	0.00466	0.00153	0.00688	0.00381	0.00271	0.00771
11	0.01955	0.01123	0.01322	0.01038	0.01402	0.01159	0.00845	0.37543	0.01888	0.30931	0.03497	0.01713	0.01240	0.05476	0.06154	0.00229	0.00579	0.00531	0.00548	0.00827
12	0.01248	0.01426	0.03119	0.02228	0.02763	0.01337	0.76203	0.01693	0.01248	0.01693	0.01070	0.01426	0.00802	0.00446	0.00624	0.00178	0.00891	0.00624	0.00267	0.00713
13	0.01253	0.01346	0.11215	0.15891	0.24189	0.01188	0.17017	0.06965	0.01275	0.05368	0.01333	0.05338	0.04016	0.00592	0.00555	0.00170	0.00673	0.00572	0.00312	0.00733
14	0.00726	0.00524	0.00670	0.00699	0.00763	0.00526	0.00488	0.00839	0.00973	0.01311	0.09181	0.20130	0.10358	0.26485	0.19840	0.00449	0.00631	0.04592	0.00398	0.00417
15	0.00669	0.00538	0.00604	0.00640	0.00787	0.00473	0.00492	0.00819	0.01190	0.01464	0.06813	0.15572	0.52992	0.01395	0.00649	0.00194	0.00309	0.13453	0.00493	0.00452
16	0.00911	0.01119	0.15263	0.01203	0.01467	0.00897	0.11327	0.01196	0.01027	0.01445	0.01660	0.14790	0.01678	0.02883	0.22318	0.00385	0.08058	0.11482	0.00328	0.00564
17	0.01116	0.02342	0.58537	0.03948	0.17846	0.01236	0.04303	0.01656	0.01137	0.01677	0.00962	0.01173	0.00709	0.00495	0.00511	0.00166	0.00752	0.00417	0.00233	0.00785
18	0.01348	0.09857	0.27581	0.01487	0.01966	0.16711	0.14696	0.05405	0.01237	0.01583	0.00942	0.01176	0.00745	0.00728	0.04887	0.00200	0.08062	0.00432	0.00260	0.00697
19	0.00656	0.00528	0.00587	0.00607	0.00753	0.00459	0.00452	0.00804	0.01212	0.01512	0.14009	0.16989	0.52870	0.01363	0.00638	0.00186	0.00283	0.05137	0.00502	0.00452
20	0.01067	0.01232	0.11582	0.14963	0.02105	0.01151	0.19211	0.05142	0.01093	0.01530	0.01096	0.01530	0.00909	0.01547	0.23338	0.00375	0.10713	0.00524	0.00270	0.00624
21	0.01241	0.01422	0.12762	0.09497	0.36639	0.01211	0.18835	0.01623	0.01200	0.04182	0.01139	0.01599	0.00935	0.00537	0.00556	0.00170	0.00703	0.04707	0.00281	0.00760
22	0.01510	0.02078	0.16283	0.07935	0.10793	0.34503	0.16052	0.01833	0.01310	0.01497	0.00921	0.01152	0.00722	0.00508	0.00520	0.00156	0.00853	0.00430	0.00258	0.00687
23	0.01218	0.01438	0.07281	0.36365	0.02975	0.11129	0.28838	0.01594	0.01187	0.01491	0.00972	0.01338	0.00735	0.00498	0.00555	0.00171	0.00810	0.00505	0.00251	0.00650
24	0.00658	0.00537	0.00582	0.00571	0.00735	0.00461	0.00428	0.00824	0.01284	0.01617	0.25111	0.04777	0.58035	0.01269	0.00624	0.00175	0.00263	0.01072	0.00516	0.00461
25	0.01642	0.09686	0.22201	0.01406	0.01844	0.47352	0.05332	0.01925	0.01345	0.01412	0.00858	0.01013	0.00684	0.00520	0.00479	0.00145	0.00869	0.00364	0.00255	0.00669
26	0.01382	0.13973	0.45445	0.01345	0.01965	0.06653	0.01529	0.18168	0.01438	0.01952	0.00979	0.01100	0.00722	0.00527	0.00483	0.00155	0.00717	0.00390	0.00294	0.00781
27	0.01939	0.02385	0.01486	0.01338	0.01620	0.70659	0.01010	0.06174	0.05851	0.01456	0.00917	0.01028	0.00746	0.00559	0.00483	0.00140	0.00903	0.00362	0.00301	0.00641
28	0.00688	0.00502	0.00706	0.00781	0.00836	0.00520	0.00557	0.00818	0.00949	0.01302	0.02327	0.50149	0.02645	0.02560	0.31466	0.00463	0.00741	0.01136	0.00409	0.00446
29	0.01463	0.00915	0.05394	0.00883	0.01177	0.00787	0.00733	0.13357	0.01460	0.27765	0.02769	0.21386	0.17615	0.01025	0.00583	0.00178	0.00417	0.00869	0.00537	0.00686
30	0.01029	0.00820	0.00936	0.00939	0.01071	0.05016	0.00722	0.14334	0.01334	0.01744	0.02371	0.42402	0.02644	0.01336	0.00704	0.00208	0.04484	0.16893	0.00472	0.00543
31	0.02352	0.00931	0.01246	0.00956	0.01365	0.00824	0.00789	0.06574	0.01566	0.74417	0.02041	0.01771	0.01286	0.00653	0.00531	0.00163	0.00457	0.00529	0.00648	0.00900
32	0.01204	0.01336	0.02801	0.14489	0.02832	0.01326	0.60606	0.01618	0.01195	0.01618	0.01030	0.01410	0.00781	0.00483	0.00665	0.00181	0.04887	0.00591	0.00260	0.00686
33	0.01198	0.08130	0.59638	0.05425	0.02208	0.11244	0.01737	0.01707	0.01159	0.01579	0.00917	0.01091	0.00674	0.00506	0.00489	0.00160	0.00784	0.00381	0.00230	0.00743
34	0.01064	0.01017	0.01427	0.01250	0.01267	0.01389	0.01025	0.01188	0.00815	0.01252	0.00874	0.01437	0.00869	0.05359	0.16074	0.00359	0.62047	0.00496	0.00245	0.00546
35	0.00692	0.00480	0.00599	0.00675	0.00694	0.00461	0.00426	0.00749	0.00919	0.01226	0.02438	0.51471	0.02896	0.32081	0.01444	0.00328	0.00385	0.01223	0.00426	0.00388
36	0.01096	0.00940	0.01096	0.00783	0.01253	0.00705	0.00626	0.01331	0.01096	0.01723	0.00940	0.01096	0.00783	0.00392	0.00392	0.00078	0.00392	0.00313	0.00313	0.84653
37	0.01060	0.02735	0.78682	0.01507	0.02288	0.01228	0.01953	0.01674	0.01116	0.01674	0.00949	0.01116	0.00670	0.00502	0.00502	0.00167	0.00781	0.00391	0.00223	0.00781
38	0.15285	0.01172	0.01312	0.01022	0.01424	0.01217	0.00844	0.34515	0.01839	0.33773	0.01517	0.01420	0.01014	0.00620	0.00498	0.00161	0.00501	0.00469	0.00548	0.00848
39	0.00769	0.00513	0.00577	0.00577	0.00577	0.00513	0.00320	0.00769	0.00769	0.01025	0.01666	0.03460	0.01922	0.81421	0.02691	0.00513	0.00513	0.00769	0.00320	0.00320
40	0.66226	0.00989	0.00859	0.00753	0.01078	0.01113	0.00616	0.01716	0.04579	0.12200	0.01012	0.01094	0.00755	0.00696	0.04305	0.00199	0.00465	0.00347	0.00377	0.00623
41	0.05376	0.05513	0.01602	0.05341	0.08460	0.04289	0.10448	0.21698	0.01590	0.02190	0.19130	0.04065	0.01912	0.00733	0.00589	0.00167	0.03163	0.02624	0.00421	0.00688
42	0.00738	0.00537	0.00665	0.00633	0.00767	0.00489	0.00475	0.00966	0.01424	0.01987	0.60872	0.04057	0.18060	0.01104	0.00611	0.00166	0.00253	0.00962	0.04745	0.00489
43	0.00901	0.00658	0.00831	0.00777	0.00867	0.00738	0.00583	0.04751	0.01052	0.01538	0.11826	0.02615	0.05540	0.20138	0.21224	0.00421	0.10778	0.00662	0.13622	0.00478
44	0.00852	0.00608	0.00852	0.00974	0.01095	0.00608	0.00852	0.01095	0.01217	0.01582	0.02799	0.05963	0.03042	0.01460	0.00730	0.00243	0.00487	0.74565	0.00487	0.00487
45	0.00644	0.00460	0.00613	0.00736	0.00767	0.00429	0.00491	0.00736	0.01012	0.01350	0.02914	0.81076	0.03497	0.01656	0.00675	0.00215	0.00307	0.01503	0.00491	0.00429
46	0.00758	0.00554	0.00788	0.00788	0.00860	0.00627	0.00583	0.00904	0.00831	0.01181	0.01473	0.02391	0.01458	0.21575	0.61903	0.00773	0.01211	0.00612	0.00292	0.00438
47	0.00657	0.00537	0.00580	0.00570	0.00734	0.00460	0.00427	0.00821	0.01281	0.01610	0.24381	0.04789	0.58770	0.01271	0.00624	0.00175	0.00263	0.01074	0.00515	0.00460
48	0.01458	0.17343	0.01694	0.01167	0.04513	0.22231	0.02942	0.05403	0.01257	0.01561	0.00871	0.01040	0.00737	0.00501	0.00522	0.00122	0.06549	0.00349	0.00287	0.29454
49	0.00814	0.00580	0.00705	0.00671	0.00825	0.00535	0.00503	0.01083	0.05214	0.05496	0.46253	0.09762	0.23269	0.01151	0.00619	0.00174	0.00276	0.00999	0.00553	0.00516
50	0.01137	0.02522	0.67651	0.01554	0.02294	0.01219	0.09361	0.01716	0.01147	0.05087	0.01011	0.01178	0.00711	0.00503	0.00516	0.00168	0.00778	0.00420	0.00247	0.00780
51	0.00651	0.00537	0.00572	0.00563	0.00730	0.00458	0.00422	0.00810	0.01267	0.01576	0.20838	0.04844	0.62334	0.01284	0.00625	0.00176	0.00264	0.01082	0.00510	0.00458
52	0.01975	0.02520	0.01498	0.01362	0.01634	0.79299	0.01021	0.02111	0.01498	0.01294	0.00817	0.00953	0.00681	0.00545	0.00477	0.00136	0.00953	0.00340	0.00272	0.00613
53	0.45667	0.01242	0.01420	0.01697	0.27491	0.07423	0.04793	0.01629	0.01069	0.02032	0.00848	0.01049	0.00683	0.00486	0.00421	0.00160	0.00551	0.00371	0.00297	0.00673
54	0.01065	0.01067	0.00949	0.00895	0.02102	0.19935	0.00666	0.01269	0.01428	0.01797	0.46427	0.03154	0.11243	0.00960	0.00642	0.00163	0.04442	0.00790	0.00474	0.00530
55	0.05733	0.00948	0.01060	0.03094	0.04241	0.04751	0.00717	0.07725	0.09252	0.06229	0.23017	0.06693	0.04328	0.00772	0.00523	0.00149	0.00412	0.00649	0.00458	0.19249
56	0.00731	0.00525	0.00601	0.00594	0.00732	0.00473	0.00441	0.00924	0.01288	0.01775	0.32623	0.09939	0.31964	0.01149	0.00588	0.00168	0.00260	0.00985	0.13768	0.00473
57	0.01281	0.01300	0.05739	0.04810	0.43781	0.01379	0.01446	0.05598	0.03215	0.01682	0.00950	0.01274	0.00808	0.00620	0.00871	0.00180	0.23567	0.00468	0.00272	0.00756
58	0.02372	0.00900	0.01227	0.00941	0.01350	0.00777	0.00777	0.02576	0.01513	0.78489	0.02086	0.01799	0.01309	0.00654	0.00532	0.00164	0.00450	0.00532	0.00654	0.00900
59	0.00740	0.00501	0.00585	0.00613	0.00620	0.00494	0.00359	0.00761	0.00824	0.01099	0.01950	0.21159	0.02281	0.63232	0.02231	0.00445	0.00466	0.00936	0.00359	0.00345
60	0.00746	0.00540	0.00704	0.00663	0.00788	0.00498	0.00497	0.00994	0.01491	0.02108	0.76591	0.03969	0.06248	0.01085	0.00624	0.00166	0.00250	0.00959	0.00580	0.00498
61	0.01413	0.81739	0.02770	0.00905	0.01357	0.02092	0.00905	0.01583	0.01074	0.01244	0.00735	0.00848	0.00678	0.00452	0.00339	0.00113	0.00565	0.00283	0.00226	0.00678
62	0.01814	0.01383	0.01476	0.01177	0.01565	0.01548	0.00957	0.55603	0.23563	0.03016	0.01518	0.01468	0.01101	0.00658	0.00531	0.00164	0.00536	0.00510	0.00531	0.00881
63	0.85155	0.01022	0.00777	0.00695	0.01022	0.01186	0.00573	0.01554	0.00900	0.02372	0.00736	0.00859	0.00573	0.00491	0.00327	0.00164	0.00409	0.00286	0.00327	0.00573
64	0.02372	0.00900	0.01227	0.00941	0.01350	0.00777	0.00777	0.02576	0.01513	0.78489	0.02086	0.01799	0.01309	0.00654	0.00532	0.00164	0.00450	0.00532	0.00654	0.00900
65	0.01239	0.01489	0.06756	0.02193	0.02740	0.01332	0.72630	0.01692	0.01241	0.01692	0.01064	0.01411	0.00796	0.00448	0.00618	0.00178	0.00886	0.00613	0.00265	0.00716
66	0.04303	0.01502	0.05646	0.01483	0.05896	0.08439	0.12926	0.25794	0.17350	0.02275	0.01281	0.01383	0.00969	0.00619	0.00639	0.00171	0.07639	0.00500	0.00404	0.00783
67	0.01659	0.01307	0.01389	0.01145	0.01506	0.01476	0.00920	0.39226	0.40191	0.02766	0.01715	0.01624	0.01260	0.00676	0.00533	0.00169	0.00499	0.00537	0.00533	0.00868
68	0.00667	0.00533	0.00570	0.00563	0.00707	0.00465	0.00406	0.00800	0.01190	0.01486	0.17029	0.04658	0.54535	0.12982	0.00926	0.00225	0.00300	0.01038	0.00481	0.00437
69	0.00786	0.00575	0.00769	0.00873	0.00989	0.00557	0.00730	0.00990	0.01183	0.01523	0.03185	0.17697	0.13885	0.01474	0.00706	0.00230	0.00427	0.52462	0.00488	0.00472
70	0.01924	0.01491	0.01584	0.05168	0.01729	0.05353	0.01035	0.66076	0.02301	0.03053	0.01208	0.01257	0.00871	0.00636	0.00574	0.00161	0.03764	0.00469	0.00490	0.00857
71	0.01059	0.00969	0.01609	0.05351	0.43959	0.00975	0.03652	0.01309	0.01119	0.01561	0.01660	0.18222	0.05285	0.01158	0.09484	0.00250	0.00644	0.00734	0.00322	0.00677
72	0.02637	0.05435	0.14291	0.06896	0.25761	0.01222	0.07205	0.06260	0.05853	0.15714	0.01255	0.01386	0.00922	0.00533	0.00516	0.00161	0.00620	0.00474	0.00358	0.02504
73	0.00940	0.00500	0.00524	0.00524	0.00626	0.00504	0.00376	0.01144	0.01042	0.01784	0.01700	0.02211	0.01443	0.13542	0.04675	0.00221	0.00347	0.00540	0.66893	0.00464
74	0.02372	0.00900	0.01227	0.00941	0.01350	0.00777	0.00777	0.02576	0.01513	0.78489	0.02086	0.01799	0.01309	0.00654	0.00532	0.00164	0.00450	0.00532	0.00654	0.00900
75	0.01151	0.02328	0.55453	0.01736	0.06015	0.01269	0.18083	0.04656	0.01204	0.01747	0.00990	0.01199	0.00716	0.00494	0.00531	0.00169	0.00790	0.00449	0.00247	0.00774
76	0.01208	0.01162	0.01988	0.18098	0.56356	0.01199	0.04502	0.01525	0.01177	0.01636	0.01223	0.01538	0.04986	0.00528	0.00534	0.00163	0.00634	0.00512	0.00269	0.00762
77	0.00985	0.00493	0.00493	0.00493	0.00616	0.00493	0.00370	0.01232	0.01109	0.01971	0.01725	0.01971	0.01355	0.00616	0.00370	0.00123	0.00246	0.00493	0.84356	0.00493
78	0.01928	0.05344	0.01545	0.01287	0.01596	0.55162	0.00994	0.20165	0.01702	0.01782	0.00947	0.01094	0.00768	0.02760	0.00544	0.00151	0.00835	0.00383	0.00334	0.00677
79	0.00638	0.00486	0.00587	0.00668	0.00749	0.00435	0.00460	0.00744	0.01078	0.01376	0.03748	0.55124	0.28910	0.01548	0.00658	0.00202	0.00293	0.01371	0.00491	0.00435
80	0.01014	0.00676	0.00834	0.00828	0.00966	0.00673	0.00602	0.10748	0.05783	0.08192	0.10385	0.51507	0.03024	0.01326	0.00631	0.00196	0.00355	0.01179	0.00522	0.00560
81	0.01409	0.01368	0.01591	0.45518	0.05783	0.16282	0.01292	0.17146	0.01445	0.01768	0.00987	0.01289	0.00746	0.00552	0.00518	0.00164	0.00724	0.00446	0.00304	0.00667
82	0.00653	0.00473	0.00619	0.00732	0.00779	0.00439	0.00501	0.00755	0.01037	0.01367	0.03094	0.71678	0.09138	0.01623	0.00674	0.00213	0.00312	0.04989	0.00491	0.00433
83	0.00734	0.00568	0.00688	0.00737	0.00886	0.00521	0.00606	0.00926	0.01237	0.01557	0.10807	0.05364	0.38873	0.01368	0.00670	0.00206	0.00361	0.32925	0.00497	0.00469
84	0.01413	0.81739	0.02770	0.00905	0.01357	0.02092	0.00905	0.01583	0.01074	0.01244	0.00735	0.00848	0.00678	0.00452	0.00339	0.00113	0.00565	0.00283	0.00226	0.00678
85	0.01230	0.04494	0.08395	0.14512	0.23263	0.05651	0.01247	0.01843	0.20140	0.01704	0.01277	0.01478	0.01011	0.00788	0.06008	0.00208	0.00660	0.00479	0.00327	0.05289
86	0.00998	0.00940	0.01586	0.80150	0.03641	0.01175	0.01468	0.01351	0.01057	0.01351	0.00940	0.01409	0.00705	0.00529	0.00529	0.00176	0.00705	0.00470	0.00235	0.00587
87	0.00766	0.00522	0.00623	0.00623	0.00639	0.00538	0.00378	0.00799	0.00783	0.01059	0.01623	0.03224	0.01820	0.68230	0.15741	0.00570	0.00666	0.00734	0.00314	0.00346
88	0.06019	0.01151	0.01660	0.10448	0.11611	0.01241	0.11522	0.07287	0.23123	0.14063	0.01494	0.01570	0.01098	0.00609	0.00594	0.00174	0.04608	0.00528	0.00421	0.00778
89	0.85155	0.01022	0.00777	0.00695	0.01022	0.01186	0.00573	0.01554	0.00900	0.02372	0.00736	0.00859	0.00573	0.00491	0.00327	0.00164	0.00409	0.00286	0.00327	0.00573
90	0.00718	0.00574	0.00649	0.00647	0.00797	0.00529	0.00478	0.00988	0.07399	0.01674	0.25119	0.16513	0.39461	0.01266	0.00625	0.00181	0.00281	0.01090	0.00520	0.00490

[dist]
# distance from previous block
# <min> <max>
0	6

[block]
# block no. 10 follows, 46 sequences, length 27
# corresponding to MSA columns:
# 1315-1341
name=unknown_K
#
# <colnr> <probs for GDERKNQSTAVLIFYWHMCP>
#	G	D	E	R	K	N	Q	S	T	A	V	L	I	F	Y	W	H	M	C	P
0	0.01666	0.01293	0.06000	0.06109	0.23011	0.01265	0.01186	0.21320	0.13436	0.17082	0.01452	0.01492	0.01049	0.00592	0.00528	0.00164	0.00562	0.00499	0.00446	0.00848
1	0.01380	0.01406	0.09521	0.11131	0.20997	0.04400	0.02947	0.16986	0.08185	0.02029	0.01127	0.01304	0.00870	0.00525	0.00502	0.00149	0.00603	0.00446	0.00343	0.15147
2	0.00706	0.00597	0.00620	0.00617	0.00803	0.00540	0.00474	0.00976	0.08374	0.01513	0.04873	0.04855	0.65442	0.01289	0.00624	0.00183	0.00297	0.06235	0.00495	0.00486
3	0.00673	0.00498	0.00631	0.00692	0.00774	0.00455	0.00489	0.00816	0.01172	0.01561	0.21795	0.46445	0.16693	0.01453	0.00655	0.00197	0.00292	0.03743	0.00513	0.00451
4	0.85155	0.01022	0.00777	0.00695	0.01022	0.01186	0.00573	0.01554	0.00900	0.02372	0.00736	0.00859	0.00573	0.00491	0.00327	0.00164	0.00409	0.00286	0.00327	0.00573
5	0.01226	0.01172	0.01998	0.23571	0.58437	0.01235	0.01582	0.01551	0.01165	0.01628	0.00980	0.01335	0.00802	0.00486	0.00525	0.00162	0.00648	0.00471	0.00255	0.00771
6	0.00646	0.00536	0.00565	0.00558	0.00727	0.00455	0.00418	0.00800	0.01255	0.01547	0.17762	0.04893	0.65429	0.01295	0.00625	0.00176	0.00265	0.01088	0.00506	0.00455
7	0.01157	0.01157	0.01619	0.01388	0.01388	0.01619	0.01157	0.01272	0.00810	0.01272	0.00694	0.01157	0.00694	0.00925	0.01735	0.00231	0.80453	0.00463	0.00231	0.00578
8	0.00760	0.00543	0.00743	0.00849	0.00935	0.00527	0.00674	0.00944	0.01164	0.01544	0.10334	0.35383	0.03416	0.01500	0.00698	0.00224	0.00392	0.38406	0.00498	0.00465
9	0.01752	0.00768	0.00997	0.00810	0.01128	0.00663	0.00653	0.01945	0.01439	0.50519	0.12630	0.02850	0.19790	0.00870	0.00565	0.00167	0.00381	0.00724	0.00607	0.00741
10	0.01363	0.30062	0.07580	0.01237	0.01697	0.08920	0.14696	0.03638	0.08771	0.01592	0.01009	0.01148	0.00817	0.00484	0.00449	0.00133	0.00633	0.00400	0.00292	0.15079
11	0.00702	0.00528	0.00664	0.00750	0.00852	0.00489	0.00575	0.00853	0.01132	0.01444	0.03596	0.35704	0.25216	0.01503	0.00677	0.00213	0.00351	0.23810	0.00490	0.00452
12	0.01308	0.01256	0.02146	0.03245	0.78123	0.01256	0.01622	0.01622	0.01204	0.01727	0.00994	0.01308	0.00837	0.00471	0.00523	0.00157	0.00628	0.00471	0.00262	0.00837
13	0.00635	0.00523	0.00559	0.00577	0.00727	0.00447	0.00423	0.00769	0.01190	0.01456	0.09248	0.17898	0.60967	0.01377	0.00633	0.00184	0.00273	0.01172	0.00496	0.00447
14	0.76589	0.01177	0.00851	0.00764	0.01085	0.09230	0.00619	0.01611	0.00961	0.02261	0.00744	0.00869	0.00584	0.00496	0.00343	0.00161	0.00465	0.00292	0.00322	0.00577
15	0.01631	0.07531	0.06652	0.01446	0.03730	0.31755	0.13003	0.11433	0.11026	0.01780	0.01094	0.01214	0.00852	0.00545	0.00504	0.00150	0.00760	0.00436	0.00333	0.04123
16	0.01061	0.00856	0.01198	0.11021	0.14679	0.00925	0.00918	0.06316	0.07893	0.04223	0.02089	0.06753	0.13882	0.01532	0.18319	0.00325	0.02914	0.00672	0.03801	0.00622
17	0.00793	0.00553	0.00642	0.00627	0.00627	0.00582	0.00373	0.00800	0.00771	0.01041	0.01605	0.03315	0.01845	0.76380	0.02631	0.00495	0.05518	0.00750	0.00315	0.00336
18	0.00771	0.00532	0.00670	0.00677	0.00767	0.00555	0.00492	0.00917	0.00943	0.01352	0.02223	0.07309	0.13595	0.18543	0.33452	0.00515	0.00789	0.00734	0.14724	0.00438
19	0.01502	0.00942	0.01157	0.00877	0.01282	0.00803	0.00707	0.06118	0.01285	0.24330	0.01398	0.05868	0.01095	0.00577	0.00511	0.00122	0.03663	0.00461	0.00433	0.46870
20	0.00996	0.00656	0.00761	0.00688	0.00840	0.00649	0.00509	0.10455	0.01399	0.04559	0.33432	0.03192	0.08292	0.15887	0.00950	0.00223	0.00347	0.00779	0.14860	0.00524
21	0.02037	0.01437	0.01559	0.01195	0.01617	0.01574	0.00988	0.70764	0.02412	0.09033	0.01331	0.01309	0.00930	0.00636	0.00529	0.00159	0.00572	0.00480	0.00538	0.00899
22	0.00822	0.00551	0.00631	0.00646	0.00707	0.00545	0.00421	0.05123	0.01012	0.01404	0.02263	0.26045	0.07295	0.37329	0.01530	0.00331	0.00404	0.00954	0.11568	0.00417
