[name]
unknown

[dist]
# distance from previous block
# <min> <max>
0	13

[block]
# block no. 0 follows, 39 sequences, length 13
# corresponding to MSA columns:
# 22-34
name=unknown_A
#
# <colnr> <probs for GDERKNQSTAVLIFYWHMCP>
#	G	D	E	R	K	N	Q	S	T	A	V	L	I	F	Y	W	H	M	C	P
0	0.01357	0.16098	0.08603	0.01321	0.01592	0.14439	0.04573	0.01575	0.01226	0.01526	0.01532	0.17776	0.01605	0.01005	0.00899	0.00203	0.18211	0.05451	0.00347	0.00661
1	0.01321	0.01111	0.01289	0.01570	0.18010	0.11759	0.00950	0.01505	0.01340	0.10008	0.02543	0.35644	0.08099	0.01218	0.00662	0.00203	0.00544	0.01075	0.00476	0.00674
2	0.01090	0.01015	0.01701	0.72648	0.03858	0.01258	0.01569	0.01465	0.01179	0.01511	0.01199	0.06742	0.00997	0.00676	0.00602	0.00200	0.00759	0.00603	0.00282	0.00645
3	0.00809	0.00615	0.00879	0.11971	0.01372	0.00628	0.00762	0.00977	0.01171	0.01545	0.02923	0.57893	0.03392	0.01641	0.00740	0.00238	0.00435	0.10989	0.00507	0.00515
4	0.01188	0.01333	0.09697	0.01792	0.08580	0.01146	0.24442	0.01739	0.11225	0.01878	0.02040	0.18136	0.01986	0.00989	0.00689	0.00215	0.00687	0.11080	0.00421	0.00735
5	0.01240	0.01139	0.01791	0.29317	0.29269	0.01257	0.01455	0.01764	0.11813	0.01803	0.01569	0.12103	0.01413	0.00769	0.00613	0.00196	0.00651	0.00703	0.00361	0.00775
6	0.01119	0.02692	0.65259	0.01561	0.02314	0.01244	0.01949	0.01721	0.01232	0.01820	0.01379	0.12448	0.01206	0.00748	0.00590	0.00195	0.00797	0.00617	0.00293	0.00817
7	0.00719	0.00522	0.00678	0.00803	0.00852	0.00482	0.00540	0.00826	0.01152	0.01518	0.03509	0.72153	0.10428	0.01820	0.00750	0.00236	0.00339	0.01642	0.00549	0.00482
8	0.01497	0.01328	0.02245	0.27844	0.27462	0.04109	0.14579	0.01868	0.01352	0.10123	0.01238	0.01573	0.00933	0.00569	0.00607	0.00187	0.00775	0.00560	0.00334	0.00817
9	0.24610	0.47153	0.02256	0.00972	0.01426	0.05115	0.00900	0.01888	0.01212	0.08553	0.00964	0.01054	0.00790	0.00543	0.00402	0.00149	0.00590	0.00346	0.00331	0.00745
10	0.00705	0.00575	0.00623	0.00662	0.00815	0.00494	0.00477	0.00842	0.01288	0.01573	0.05226	0.26167	0.55305	0.01597	0.00715	0.00211	0.00312	0.01369	0.00549	0.00494
11	0.01318	0.02149	0.31395	0.02237	0.06358	0.01444	0.42557	0.01882	0.01337	0.01888	0.01140	0.01456	0.00842	0.00524	0.00640	0.00194	0.00936	0.00589	0.00280	0.00834
12	0.01409	0.03508	0.10829	0.01807	0.16740	0.14302	0.07563	0.04771	0.04667	0.02033	0.21878	0.02221	0.02212	0.00766	0.00645	0.00180	0.02639	0.00659	0.00414	0.00759

[dist]
# distance from previous block
# <min> <max>
0	16

[block]
# block no. 1 follows, 39 sequences, length 124
# corresponding to MSA columns:
# 56-179
name=unknown_B
#
# <colnr> <probs for GDERKNQSTAVLIFYWHMCP>
#	G	D	E	R	K	N	Q	S	T	A	V	L	I	F	Y	W	H	M	C	P
0	0.03583	0.07138	0.46509	0.01565	0.02255	0.11039	0.04352	0.07544	0.04222	0.04731	0.01154	0.01291	0.00841	0.00589	0.00553	0.00179	0.00832	0.00451	0.00319	0.00852
1	0.04397	0.09109	0.11431	0.01285	0.01706	0.29709	0.01126	0.04751	0.05152	0.05635	0.01383	0.04366	0.03761	0.00681	0.00565	0.00160	0.02749	0.00493	0.00366	0.11174
2	0.01288	0.29719	0.05717	0.01039	0.01389	0.01457	0.03271	0.07832	0.01516	0.02014	0.28851	0.02516	0.05356	0.00853	0.00630	0.00168	0.04562	0.00680	0.00444	0.00697
3	0.15227	0.11246	0.05059	0.01798	0.11670	0.04297	0.19068	0.08237	0.01373	0.02072	0.01033	0.01288	0.00829	0.00580	0.00657	0.00177	0.07569	0.00486	0.00329	0.07004
4	0.09920	0.08016	0.29710	0.01522	0.02139	0.04329	0.10954	0.14466	0.06401	0.02269	0.01183	0.01328	0.00879	0.00587	0.00548	0.00178	0.00754	0.00477	0.00357	0.03983
5	0.00785	0.00602	0.00719	0.00690	0.00852	0.00536	0.00517	0.01016	0.01552	0.02083	0.49383	0.04893	0.31593	0.01317	0.00698	0.00191	0.00287	0.01136	0.00613	0.00536
6	0.12450	0.38336	0.06458	0.01114	0.01568	0.08436	0.01027	0.11926	0.06977	0.01989	0.01087	0.01250	0.00910	0.03573	0.00548	0.00169	0.00649	0.00407	0.00350	0.00776
7	0.02396	0.00953	0.01271	0.00992	0.01416	0.00820	0.00814	0.02614	0.01647	0.66142	0.02815	0.02498	0.11191	0.00833	0.00608	0.00185	0.00476	0.00681	0.00708	0.00940
8	0.01348	0.01396	0.02096	0.04839	0.11642	0.06758	0.14168	0.01592	0.01119	0.01575	0.00992	0.01462	0.00885	0.01148	0.08475	0.00293	0.38676	0.00553	0.00279	0.00704
9	0.00837	0.00652	0.00773	0.00793	0.00948	0.00618	0.00599	0.01161	0.07930	0.01880	0.22919	0.20334	0.27510	0.01449	0.00715	0.00213	0.00346	0.09187	0.00580	0.00555
10	0.01045	0.00899	0.01357	0.01801	0.28724	0.00862	0.01010	0.01324	0.01480	0.02053	0.33924	0.06350	0.14758	0.01024	0.00658	0.00186	0.00443	0.00918	0.00497	0.00687
11	0.12815	0.56459	0.05427	0.01062	0.01523	0.02101	0.01032	0.04953	0.01225	0.01690	0.00855	0.01009	0.00755	0.00563	0.00512	0.00149	0.06490	0.00346	0.00284	0.00750
12	0.34655	0.03933	0.01399	0.03088	0.01578	0.12490	0.00926	0.24252	0.08084	0.02728	0.01166	0.01243	0.00881	0.00630	0.00487	0.00177	0.00621	0.00431	0.00442	0.00790
13	0.01830	0.33266	0.02285	0.08060	0.05188	0.37129	0.01164	0.02027	0.01429	0.01452	0.00898	0.01082	0.00771	0.00563	0.00479	0.00147	0.00853	0.00374	0.00280	0.00724
14	0.00850	0.00748	0.00722	0.00714	0.00900	0.04002	0.00522	0.01115	0.07666	0.01620	0.04871	0.10557	0.53522	0.08470	0.00897	0.00235	0.00377	0.01157	0.00525	0.00531
15	0.01178	0.11240	0.01370	0.06775	0.01318	0.01187	0.00797	0.08707	0.01146	0.01540	0.01434	0.02517	0.01474	0.35178	0.10506	0.00443	0.11631	0.00655	0.00343	0.00561
16	0.01398	0.02140	0.29553	0.09646	0.11707	0.11392	0.01669	0.01969	0.09549	0.01787	0.01157	0.01401	0.00903	0.00665	0.00777	0.00194	0.12491	0.00489	0.00305	0.00808
17	0.01005	0.00521	0.00754	0.00754	0.00754	0.00521	0.00493	0.00782	0.00782	0.01043	0.01137	0.02071	0.01175	0.12221	0.02403	0.71961	0.00521	0.00559	0.00270	0.00270
18	0.00981	0.00906	0.04082	0.13283	0.15520	0.00849	0.01012	0.01269	0.01411	0.01935	0.29588	0.13247	0.11428	0.01077	0.00662	0.00194	0.00471	0.00959	0.00483	0.00640
19	0.83394	0.01144	0.00869	0.00778	0.01144	0.01327	0.00640	0.01738	0.01006	0.02653	0.00823	0.00961	0.00640	0.00549	0.00366	0.00183	0.00457	0.00320	0.00366	0.00640
20	0.00879	0.00669	0.00865	0.06609	0.01075	0.00730	0.00612	0.00987	0.00973	0.01304	0.02216	0.03418	0.11444	0.40621	0.20157	0.00568	0.05243	0.00812	0.00361	0.00457
21	0.00700	0.00596	0.00602	0.00608	0.00801	0.00499	0.00453	0.00848	0.01340	0.01594	0.05887	0.08477	0.72569	0.01511	0.00701	0.00201	0.00301	0.01265	0.00549	0.00499
22	0.01449	0.04294	0.04165	0.15276	0.46482	0.01335	0.04221	0.01792	0.01327	0.07421	0.01309	0.05940	0.01110	0.00628	0.00592	0.00183	0.00694	0.00594	0.00333	0.00856
23	0.83394	0.01144	0.00869	0.00778	0.01144	0.01327	0.00640	0.01738	0.01006	0.02653	0.00823	0.00961	0.00640	0.00549	0.00366	0.00183	0.00457	0.00320	0.00366	0.00640
24	0.01226	0.01051	0.01226	0.00876	0.01401	0.00788	0.00701	0.01489	0.01226	0.01927	0.01051	0.01226	0.00876	0.00438	0.00438	0.00088	0.00438	0.00350	0.00350	0.82832
25	0.01300	0.01164	0.07914	0.01048	0.01378	0.01021	0.00912	0.20615	0.04395	0.03666	0.11545	0.11168	0.15896	0.01121	0.00657	0.00197	0.00495	0.09542	0.00539	0.05425
26	0.71302	0.01212	0.01200	0.00994	0.01390	0.01363	0.09030	0.04103	0.01109	0.02601	0.00886	0.01049	0.00682	0.00548	0.00412	0.00185	0.00526	0.00371	0.00366	0.00670
27	0.01471	0.01270	0.01337	0.01203	0.01538	0.01471	0.00936	0.03142	0.74459	0.02474	0.02407	0.02206	0.01805	0.00802	0.00602	0.00201	0.00468	0.00669	0.00602	0.00936
28	0.01198	0.01018	0.01194	0.00866	0.01363	0.00771	0.00690	0.01462	0.01259	0.01960	0.06503	0.01461	0.01222	0.00495	0.00457	0.00095	0.00426	0.00403	0.00372	0.76784
29	0.00845	0.00634	0.00950	0.00950	0.01056	0.00739	0.00739	0.01056	0.00950	0.01373	0.01584	0.02323	0.01478	0.04435	0.76873	0.00950	0.01584	0.00634	0.00317	0.00528
30	0.01186	0.03059	0.76153	0.01686	0.02560	0.01373	0.02185	0.01873	0.01249	0.01873	0.01061	0.01249	0.00749	0.00562	0.00562	0.00187	0.00874	0.00437	0.00250	0.00874
31	0.61419	0.16479	0.04131	0.00885	0.01295	0.04372	0.00789	0.01773	0.01079	0.02334	0.00835	0.00973	0.00672	0.00543	0.00382	0.00171	0.00530	0.00326	0.00337	0.00674
32	0.83394	0.01144	0.00869	0.00778	0.01144	0.01327	0.00640	0.01738	0.01006	0.02653	0.00823	0.00961	0.00640	0.00549	0.00366	0.00183	0.00457	0.00320	0.00366	0.00640
33	0.01161	0.01110	0.01552	0.01424	0.04198	0.01466	0.01123	0.01314	0.01008	0.01498	0.04741	0.04890	0.07681	0.01440	0.09280	0.00317	0.54192	0.00662	0.00320	0.00623
34	0.00859	0.00578	0.00668	0.00668	0.00676	0.00586	0.00387	0.00875	0.00867	0.01164	0.01842	0.03753	0.02099	0.73552	0.08606	0.00602	0.00650	0.00843	0.00355	0.00371
35	0.01128	0.01059	0.01323	0.01210	0.04207	0.05808	0.10305	0.01676	0.17694	0.01842	0.05745	0.03821	0.27329	0.07007	0.00847	0.00230	0.00535	0.07084	0.00491	0.00660
36	0.00721	0.00515	0.00686	0.00823	0.00858	0.00480	0.00549	0.00823	0.01132	0.01510	0.03259	0.78831	0.03911	0.01853	0.00755	0.00240	0.00343	0.01681	0.00549	0.00480
37	0.01808	0.60687	0.02704	0.01057	0.01540	0.07646	0.00998	0.02001	0.01319	0.13887	0.01082	0.01136	0.00877	0.00552	0.00427	0.00138	0.00643	0.00368	0.00337	0.00795
38	0.00699	0.00599	0.00599	0.00599	0.00799	0.00499	0.00449	0.00849	0.01348	0.01598	0.05991	0.05691	0.75288	0.01498	0.00699	0.00200	0.00300	0.01248	0.00549	0.00499
39	0.01413	0.04143	0.01393	0.01348	0.09743	0.04058	0.00943	0.04363	0.30324	0.07734	0.10021	0.05563	0.11689	0.00926	0.00666	0.00193	0.03373	0.00769	0.00535	0.00803
40	0.00717	0.00600	0.00624	0.00618	0.00810	0.00507	0.00464	0.00884	0.01391	0.01700	0.15112	0.05523	0.66103	0.01460	0.00699	0.00198	0.00297	0.01225	0.00563	0.00507
41	0.01226	0.01051	0.01226	0.00876	0.01401	0.00788	0.00701	0.01489	0.01226	0.01927	0.01051	0.01226	0.00876	0.00438	0.00438	0.00088	0.00438	0.00350	0.00350	0.82832
42	0.01682	0.05190	0.16483	0.04346	0.14428	0.29502	0.05116	0.02014	0.01437	0.03687	0.01045	0.01252	0.00828	0.00560	0.00543	0.00159	0.00852	0.00437	0.00305	0.10133
43	0.01499	0.63695	0.18259	0.01152	0.01734	0.02139	0.01255	0.01792	0.01211	0.01491	0.00872	0.01011	0.00757	0.00518	0.00417	0.00139	0.00683	0.00341	0.00252	0.00783
44	0.00845	0.00634	0.00950	0.00950	0.01056	0.00739	0.00739	0.01056	0.00950	0.01373	0.01584	0.02323	0.01478	0.04435	0.76873	0.00950	0.01584	0.00634	0.00317	0.00528
45	0.01226	0.01051	0.01226	0.00876	0.01401	0.00788	0.00701	0.01489	0.01226	0.01927	0.01051	0.01226	0.00876	0.00438	0.00438	0.00088	0.00438	0.00350	0.00350	0.82832
46	0.00845	0.00634	0.00950	0.00950	0.01056	0.00739	0.00739	0.01056	0.00950	0.01373	0.01584	0.02323	0.01478	0.04435	0.76873	0.00950	0.01584	0.00634	0.00317	0.00528
47	0.01977	0.02476	0.11439	0.01457	0.01854	0.47799	0.01232	0.14846	0.01816	0.01978	0.06652	0.01407	0.01168	0.00666	0.00560	0.00164	0.00908	0.00467	0.00375	0.00758
48	0.01226	0.01051	0.01226	0.00876	0.01401	0.00788	0.00701	0.01489	0.01226	0.01927	0.01051	0.01226	0.00876	0.00438	0.00438	0.00088	0.00438	0.00350	0.00350	0.82832
49	0.01226	0.01051	0.01226	0.00876	0.01401	0.00788	0.00701	0.01489	0.01226	0.01927	0.01051	0.01226	0.00876	0.00438	0.00438	0.00088	0.00438	0.00350	0.00350	0.82832
50	0.01448	0.01321	0.02226	0.03298	0.66140	0.01316	0.01693	0.01788	0.01367	0.04176	0.03291	0.01919	0.01248	0.00628	0.00605	0.00183	0.00674	0.05444	0.00333	0.00902
51	0.00777	0.00619	0.00707	0.00733	0.00910	0.00549	0.00582	0.00972	0.01394	0.01740	0.14443	0.05753	0.49278	0.01491	0.00726	0.00215	0.00354	0.17679	0.00562	0.00518
52	0.01437	0.01383	0.02331	0.06304	0.67107	0.01433	0.01768	0.01773	0.01306	0.01877	0.01084	0.01455	0.00919	0.00568	0.00690	0.00183	0.06662	0.00526	0.00289	0.00904
53	0.00860	0.00573	0.00645	0.00645	0.00645	0.00573	0.00358	0.00860	0.00860	0.01147	0.01863	0.03870	0.02150	0.79217	0.03010	0.00573	0.00573	0.00860	0.00358	0.00358
54	0.01386	0.10246	0.17041	0.01188	0.01593	0.18289	0.02396	0.04364	0.01496	0.03804	0.14311	0.05375	0.14366	0.00890	0.00593	0.00176	0.00659	0.00713	0.00418	0.00695
55	0.01471	0.01270	0.01337	0.01203	0.01538	0.01471	0.00936	0.03142	0.74459	0.02474	0.02407	0.02206	0.01805	0.00802	0.00602	0.00201	0.00468	0.00669	0.00602	0.00936
56	0.01407	0.01347	0.02298	0.15712	0.63887	0.01390	0.01787	0.01765	0.01320	0.01863	0.01102	0.01482	0.00913	0.00537	0.00586	0.00179	0.00717	0.00527	0.00288	0.00891
57	0.00709	0.00599	0.00614	0.00610	0.00805	0.00504	0.00458	0.00869	0.01373	0.01656	0.11235	0.05595	0.70007	0.01476	0.00699	0.00199	0.00298	0.01235	0.00557	0.00504
58	0.01027	0.00514	0.00770	0.00770	0.00770	0.00514	0.00514	0.00770	0.00770	0.01027	0.01027	0.01798	0.01027	0.02054	0.02311	0.82794	0.00514	0.00514	0.00257	0.00257
59	0.01294	0.01294	0.01811	0.01553	0.01553	0.01811	0.01294	0.01423	0.00906	0.01423	0.00776	0.01294	0.00776	0.01035	0.01941	0.00259	0.78134	0.00518	0.00259	0.00647
60	0.01226	0.01051	0.01226	0.00876	0.01401	0.00788	0.00701	0.01489	0.01226	0.01927	0.01051	0.01226	0.00876	0.00438	0.00438	0.00088	0.00438	0.00350	0.00350	0.82832
61	0.02209	0.02819	0.01676	0.01524	0.01828	0.76843	0.01143	0.02361	0.01676	0.01447	0.00914	0.01066	0.00762	0.00609	0.00533	0.00152	0.01066	0.00381	0.00305	0.00686
62	0.00709	0.00599	0.00614	0.00610	0.00805	0.00504	0.00458	0.00869	0.01373	0.01656	0.11235	0.05595	0.70007	0.01476	0.00699	0.00199	0.00298	0.01235	0.00557	0.00504
63	0.02248	0.01656	0.01775	0.01361	0.01834	0.01834	0.01124	0.73556	0.02780	0.03727	0.01420	0.01420	0.01006	0.00710	0.00592	0.00177	0.00651	0.00532	0.00592	0.01006
64	0.02248	0.01656	0.01775	0.01361	0.01834	0.01834	0.01124	0.73556	0.02780	0.03727	0.01420	0.01420	0.01006	0.00710	0.00592	0.00177	0.00651	0.00532	0.00592	0.01006
65	0.01337	0.02003	0.23737	0.02268	0.02943	0.01461	0.53541	0.01888	0.01355	0.01888	0.01159	0.01499	0.00856	0.00516	0.00660	0.00196	0.00963	0.00625	0.00285	0.00819
66	0.01471	0.01270	0.01337	0.01203	0.01538	0.01471	0.00936	0.03142	0.74459	0.02474	0.02407	0.02206	0.01805	0.00802	0.00602	0.00201	0.00468	0.00669	0.00602	0.00936
67	0.83394	0.01144	0.00869	0.00778	0.01144	0.01327	0.00640	0.01738	0.01006	0.02653	0.00823	0.00961	0.00640	0.00549	0.00366	0.00183	0.00457	0.00320	0.00366	0.00640
68	0.02653	0.01006	0.01372	0.01052	0.01510	0.00869	0.00869	0.02882	0.01693	0.75937	0.02333	0.02013	0.01464	0.00732	0.00595	0.00183	0.00503	0.00595	0.00732	0.01006
69	0.00699	0.00599	0.00599	0.00599	0.00799	0.00499	0.00449	0.00849	0.01348	0.01598	0.05991	0.05691	0.75288	0.01498	0.00699	0.00200	0.00300	0.01248	0.00549	0.00499
70	0.01102	0.00551	0.00551	0.00551	0.00689	0.00551	0.00413	0.01378	0.01240	0.02205	0.01929	0.02205	0.01516	0.00689	0.00413	0.00138	0.00276	0.00551	0.82500	0.00551
71	0.00720	0.00518	0.00683	0.00815	0.00856	0.00481	0.00545	0.00824	0.01140	0.01513	0.03359	0.76174	0.06504	0.01840	0.00753	0.00239	0.00342	0.01665	0.00549	0.00481
72	0.01581	0.79572	0.03099	0.01012	0.01518	0.02340	0.01012	0.01771	0.01202	0.01391	0.00822	0.00949	0.00759	0.00506	0.00379	0.00126	0.00632	0.00316	0.00253	0.00759
73	0.00750	0.00601	0.00671	0.00653	0.00830	0.00521	0.00490	0.00948	0.01470	0.01886	0.31823	0.05216	0.49275	0.01390	0.00698	0.00195	0.00292	0.01181	0.00587	0.00521
74	0.00721	0.00515	0.00686	0.00823	0.00858	0.00480	0.00549	0.00823	0.01132	0.01510	0.03259	0.78831	0.03911	0.01853	0.00755	0.00240	0.00343	0.01681	0.00549	0.00480
75	0.01464	0.01405	0.02400	0.03630	0.75528	0.01405	0.01815	0.01815	0.01347	0.01932	0.01112	0.01464	0.00937	0.00527	0.00585	0.00176	0.00703	0.00527	0.00293	0.00937
76	0.02035	0.12699	0.01884	0.01448	0.01759	0.54395	0.01140	0.06871	0.01607	0.01587	0.00921	0.01098	0.00779	0.00646	0.00661	0.00162	0.08887	0.00396	0.00312	0.00712
77	0.01379	0.02789	0.66299	0.01602	0.02421	0.01307	0.02012	0.02006	0.01307	0.11632	0.01229	0.01349	0.00843	0.00584	0.00566	0.00187	0.00825	0.00458	0.00313	0.00891
78	0.01027	0.00514	0.00770	0.00770	0.00770	0.00514	0.00514	0.00770	0.00770	0.01027	0.01027	0.01798	0.01027	0.02054	0.02311	0.82794	0.00514	0.00514	0.00257	0.00257
79	0.02248	0.01656	0.01775	0.01361	0.01834	0.01834	0.01124	0.73556	0.02780	0.03727	0.01420	0.01420	0.01006	0.00710	0.00592	0.00177	0.00651	0.00532	0.00592	0.01006
80	0.01226	0.01051	0.01226	0.00876	0.01401	0.00788	0.00701	0.01489	0.01226	0.01927	0.01051	0.01226	0.00876	0.00438	0.00438	0.00088	0.00438	0.00350	0.00350	0.82832
81	0.02653	0.01006	0.01372	0.01052	0.01510	0.00869	0.00869	0.02882	0.01693	0.75937	0.02333	0.02013	0.01464	0.00732	0.00595	0.00183	0.00503	0.00595	0.00732	0.01006
82	0.00721	0.00515	0.00686	0.00823	0.00858	0.00480	0.00549	0.00823	0.01132	0.01510	0.03259	0.78831	0.03911	0.01853	0.00755	0.00240	0.00343	0.01681	0.00549	0.00480
83	0.01471	0.01270	0.01337	0.01203	0.01538	0.01471	0.00936	0.03142	0.74459	0.02474	0.02407	0.02206	0.01805	0.00802	0.00602	0.00201	0.00468	0.00669	0.00602	0.00936
84	0.00703	0.00585	0.00614	0.00637	0.00809	0.00496	0.00466	0.00844	0.01311	0.01583	0.05527	0.18123	0.63156	0.01558	0.00708	0.00207	0.00307	0.01322	0.00549	0.00496
85	0.01117	0.01051	0.01774	0.77795	0.04073	0.01314	0.01642	0.01511	0.01182	0.01511	0.01051	0.01577	0.00788	0.00591	0.00591	0.00197	0.00788	0.00526	0.00263	0.00657
86	0.01471	0.01270	0.01337	0.01203	0.01538	0.01471	0.00936	0.03142	0.74459	0.02474	0.02407	0.02206	0.01805	0.00802	0.00602	0.00201	0.00468	0.00669	0.00602	0.00936
87	0.02346	0.00939	0.01274	0.01000	0.01404	0.00817	0.00817	0.02584	0.01689	0.63509	0.14646	0.02419	0.02159	0.00813	0.00612	0.00183	0.00465	0.00675	0.00718	0.00931
88	0.00751	0.00537	0.00721	0.00858	0.00906	0.00507	0.00602	0.00876	0.01162	0.01544	0.03243	0.69323	0.03844	0.01824	0.00763	0.00244	0.00370	0.10887	0.00548	0.00489
89	0.00718	0.00523	0.00677	0.00801	0.00852	0.00482	0.00539	0.00826	0.01154	0.01518	0.03533	0.71503	0.11062	0.01817	0.00749	0.00236	0.00339	0.01638	0.00549	0.00482
90	0.02248	0.01656	0.01775	0.01361	0.01834	0.01834	0.01124	0.73556	0.02780	0.03727	0.01420	0.01420	0.01006	0.00710	0.00592	0.00177	0.00651	0.00532	0.00592	0.01006
91	0.00709	0.00599	0.00614	0.00610	0.00805	0.00504	0.00458	0.00869	0.01373	0.01656	0.11235	0.05595	0.70007	0.01476	0.00699	0.00199	0.00298	0.01235	0.00557	0.00504
92	0.01380	0.01706	0.08994	0.02431	0.03050	0.01486	0.67986	0.01893	0.01385	0.01893	0.01186	0.01569	0.00886	0.00503	0.00688	0.00198	0.00988	0.00678	0.00295	0.00803
93	0.02653	0.01006	0.01372	0.01052	0.01510	0.00869	0.00869	0.02882	0.01693	0.75937	0.02333	0.02013	0.01464	0.00732	0.00595	0.00183	0.00503	0.00595	0.00732	0.01006
94	0.00753	0.00538	0.00724	0.00861	0.00909	0.00509	0.00606	0.00880	0.01164	0.01546	0.03241	0.68680	0.03840	0.01822	0.00764	0.00245	0.00371	0.11509	0.00548	0.00489
95	0.00736	0.00525	0.00703	0.00841	0.00882	0.00493	0.00575	0.00849	0.01147	0.01526	0.03251	0.74155	0.03878	0.01839	0.00759	0.00242	0.00356	0.06208	0.00549	0.00485
96	0.02336	0.01516	0.01688	0.01294	0.01764	0.01625	0.01069	0.58261	0.02545	0.19355	0.01617	0.01548	0.01105	0.00715	0.00592	0.00179	0.00619	0.00546	0.00622	0.01006
97	0.02004	0.41472	0.02311	0.01078	0.01558	0.01775	0.00979	0.11633	0.04364	0.25312	0.01439	0.01395	0.01054	0.00616	0.00484	0.00154	0.00588	0.00446	0.00462	0.00876
98	0.01226	0.01051	0.01226	0.00876	0.01401	0.00788	0.00701	0.01489	0.01226	0.01927	0.01051	0.01226	0.00876	0.00438	0.00438	0.00088	0.00438	0.00350	0.00350	0.82832
99	0.01215	0.02167	0.38436	0.01854	0.02522	0.01304	0.28524	0.01774	0.01363	0.01951	0.11543	0.01824	0.01484	0.00629	0.00632	0.00192	0.00836	0.00623	0.00325	0.00801
100	0.01226	0.01051	0.01226	0.00876	0.01401	0.00788	0.00701	0.01489	0.01226	0.01927	0.01051	0.01226	0.00876	0.00438	0.00438	0.00088	0.00438	0.00350	0.00350	0.82832
101	0.01648	0.58445	0.02664	0.01106	0.01562	0.12034	0.01018	0.02042	0.11569	0.01551	0.01057	0.01141	0.00906	0.00561	0.00431	0.00140	0.00666	0.00374	0.00309	0.00774
102	0.01581	0.79572	0.03099	0.01012	0.01518	0.02340	0.01012	0.01771	0.01202	0.01391	0.00822	0.00949	0.00759	0.00506	0.00379	0.00126	0.00632	0.00316	0.00253	0.00759
103	0.01226	0.01051	0.01226	0.00876	0.01401	0.00788	0.00701	0.01489	0.01226	0.01927	0.01051	0.01226	0.00876	0.00438	0.00438	0.00088	0.00438	0.00350	0.00350	0.82832
104	0.01396	0.01595	0.03490	0.02493	0.03091	0.01496	0.73380	0.01894	0.01396	0.01894	0.01196	0.01595	0.00897	0.00499	0.00698	0.00199	0.00997	0.00698	0.00299	0.00798
105	0.01581	0.79572	0.03099	0.01012	0.01518	0.02340	0.01012	0.01771	0.01202	0.01391	0.00822	0.00949	0.00759	0.00506	0.00379	0.00126	0.00632	0.00316	0.00253	0.00759
106	0.02653	0.01006	0.01372	0.01052	0.01510	0.00869	0.00869	0.02882	0.01693	0.75937	0.02333	0.02013	0.01464	0.00732	0.00595	0.00183	0.00503	0.00595	0.00732	0.01006
107	0.01139	0.02514	0.56960	0.01636	0.02352	0.01249	0.09007	0.01719	0.01251	0.01824	0.01420	0.11652	0.01252	0.00755	0.00608	0.00198	0.00807	0.02548	0.00302	0.00806
108	0.00837	0.00604	0.00790	0.00744	0.00883	0.00558	0.00558	0.01116	0.01674	0.02371	0.75216	0.04417	0.05580	0.01209	0.00697	0.00186	0.00279	0.01069	0.00651	0.00558
109	0.02653	0.01006	0.01372	0.01052	0.01510	0.00869	0.00869	0.02882	0.01693	0.75937	0.02333	0.02013	0.01464	0.00732	0.00595	0.00183	0.00503	0.00595	0.00732	0.01006
110	0.04413	0.01603	0.02080	0.02665	0.44397	0.09512	0.01502	0.19498	0.04515	0.02365	0.01207	0.01423	0.00959	0.00592	0.00575	0.00175	0.00711	0.00511	0.00381	0.00917
111	0.00905	0.00646	0.00898	0.01034	0.01149	0.00639	0.00869	0.01142	0.01314	0.01716	0.03158	0.21645	0.03509	0.01679	0.00804	0.00266	0.00503	0.57049	0.00545	0.00531
112	0.00880	0.00634	0.00921	0.00940	0.01052	0.00717	0.00745	0.01104	0.01030	0.01492	0.01828	0.02926	0.01752	0.03757	0.60382	0.00793	0.01339	0.10602	0.06575	0.00532
113	0.01315	0.01244	0.02099	0.08792	0.54003	0.01251	0.04329	0.01646	0.01329	0.01846	0.01695	0.05011	0.06929	0.00725	0.00620	0.00189	0.00666	0.05141	0.00336	0.00834
114	0.01422	0.02412	0.39977	0.20076	0.02748	0.13224	0.01798	0.08109	0.01433	0.01880	0.01067	0.01314	0.00783	0.00589	0.00567	0.00183	0.00864	0.00458	0.00291	0.00803
115	0.01994	0.20532	0.02017	0.01407	0.01735	0.53852	0.01124	0.02153	0.01507	0.01433	0.00882	0.01056	0.00762	0.00618	0.00604	0.00154	0.06804	0.00376	0.00289	0.00700
116	0.00972	0.00817	0.01157	0.01071	0.01187	0.00982	0.00854	0.01166	0.00976	0.01435	0.01521	0.02127	0.04015	0.03237	0.50917	0.00697	0.19157	0.00608	0.00315	0.06789
117	0.05887	0.07252	0.11575	0.01493	0.04686	0.04271	0.09675	0.29210	0.01867	0.05266	0.01226	0.01345	0.00911	0.00595	0.00550	0.00165	0.00691	0.00484	0.00427	0.12424
118	0.00975	0.01567	0.28581	0.01390	0.04980	0.00925	0.06721	0.01333	0.01204	0.01690	0.02203	0.41149	0.02394	0.01219	0.00672	0.00215	0.00603	0.01100	0.00409	0.00669
119	0.00890	0.00641	0.00800	0.00781	0.00804	0.00703	0.00513	0.00946	0.00883	0.01217	0.01720	0.03336	0.01899	0.56906	0.19116	0.00632	0.06671	0.00784	0.00342	0.00417
120	0.01102	0.01044	0.12727	0.01043	0.03922	0.00725	0.00883	0.01365	0.01374	0.11817	0.17505	0.27652	0.13952	0.01268	0.00677	0.00205	0.00442	0.01110	0.00538	0.00648
121	0.01497	0.01639	0.11971	0.16692	0.35672	0.06444	0.08044	0.01891	0.01356	0.07416	0.01181	0.01483	0.00909	0.00562	0.00591	0.00182	0.00777	0.00525	0.00316	0.00853
122	0.01470	0.01281	0.01418	0.01387	0.07143	0.01466	0.01003	0.03042	0.68921	0.02433	0.02309	0.02150	0.01739	0.00781	0.00601	0.00199	0.00486	0.00658	0.00578	0.00936
123	0.02653	0.01006	0.01372	0.01052	0.01510	0.00869	0.00869	0.02882	0.01693	0.75937	0.02333	0.02013	0.01464	0.00732	0.00595	0.00183	0.00503	0.00595	0.00732	0.01006

[dist]
# distance from previous block
# <min> <max>
0	11

[block]
# block no. 2 follows, 39 sequences, length 11
# corresponding to MSA columns:
# 191-201
name=unknown_C
#
# <colnr> <probs for GDERKNQSTAVLIFYWHMCP>
#	G	D	E	R	K	N	Q	S	T	A	V	L	I	F	Y	W	H	M	C	P
0	0.01601	0.01385	0.02053	0.22510	0.35258	0.01506	0.01568	0.22610	0.01721	0.02343	0.01186	0.01481	0.00918	0.00597	0.00589	0.00182	0.00710	0.00528	0.00372	0.00883
1	0.01060	0.00896	0.01180	0.01080	0.01262	0.04987	0.08404	0.08091	0.01495	0.01990	0.21154	0.37289	0.03546	0.01357	0.00708	0.00212	0.00473	0.03677	0.00539	0.00598
2	0.01027	0.00514	0.00770	0.00770	0.00770	0.00514	0.00514	0.00770	0.00770	0.01027	0.01027	0.01798	0.01027	0.02054	0.02311	0.82794	0.00514	0.00514	0.00257	0.00257
3	0.01390	0.01201	0.01346	0.09323	0.01763	0.01391	0.00985	0.02829	0.61651	0.02364	0.07275	0.02292	0.01957	0.00808	0.00607	0.00199	0.00489	0.00681	0.00569	0.00880
4	0.01536	0.09896	0.10227	0.02295	0.28506	0.01513	0.12371	0.10156	0.07569	0.04509	0.04706	0.01617	0.01204	0.00606	0.00586	0.00178	0.00707	0.00561	0.00375	0.00883
5	0.01466	0.01334	0.01313	0.01218	0.01519	0.08810	0.00959	0.02775	0.56182	0.02266	0.02369	0.02770	0.01944	0.00909	0.00628	0.00207	0.00539	0.11379	0.00564	0.00852
6	0.00856	0.00589	0.00724	0.00724	0.00751	0.00616	0.00457	0.00911	0.00883	0.01205	0.01791	0.03471	0.01977	0.59929	0.22061	0.00671	0.00834	0.00802	0.00348	0.00402
7	0.02653	0.01006	0.01372	0.01052	0.01510	0.00869	0.00869	0.02882	0.01693	0.75937	0.02333	0.02013	0.01464	0.00732	0.00595	0.00183	0.00503	0.00595	0.00732	0.01006
8	0.01587	0.01383	0.01888	0.11882	0.23302	0.06660	0.05868	0.02298	0.22640	0.09848	0.01585	0.01724	0.01203	0.00668	0.00667	0.00191	0.04740	0.00575	0.00425	0.00866
9	0.10802	0.15086	0.06179	0.03969	0.06728	0.17272	0.01055	0.05147	0.01437	0.05979	0.07662	0.01482	0.01257	0.00614	0.00502	0.00153	0.00662	0.00457	0.00371	0.13187
10	0.03528	0.04042	0.01618	0.15098	0.09859	0.06376	0.03312	0.01961	0.12398	0.07905	0.01497	0.01645	0.03283	0.00605	0.00537	0.00157	0.00602	0.00507	0.00396	0.24674

[dist]
# distance from previous block
# <min> <max>
4	7

[block]
# block no. 3 follows, 39 sequences, length 22
# corresponding to MSA columns:
# 226-247
name=unknown_D
#
# <colnr> <probs for GDERKNQSTAVLIFYWHMCP>
#	G	D	E	R	K	N	Q	S	T	A	V	L	I	F	Y	W	H	M	C	P
0	0.01244	0.01175	0.01900	0.09465	0.50733	0.01173	0.01462	0.01549	0.01332	0.01812	0.02311	0.02518	0.19282	0.00772	0.00614	0.00183	0.00611	0.00705	0.00353	0.00804
1	0.00751	0.00594	0.00676	0.00671	0.00835	0.00519	0.00497	0.00944	0.01448	0.01871	0.30914	0.11509	0.43826	0.01423	0.00703	0.00198	0.00296	0.01220	0.00586	0.00519
2	0.01609	0.10587	0.02205	0.15412	0.36415	0.11294	0.01523	0.10468	0.01517	0.01951	0.01080	0.01367	0.00877	0.00568	0.00557	0.00171	0.00750	0.00484	0.00321	0.00844
3	0.01366	0.01305	0.01856	0.14595	0.37033	0.06248	0.01444	0.01898	0.13187	0.01873	0.01588	0.09241	0.01429	0.00760	0.00611	0.00192	0.00661	0.03524	0.00374	0.00815
4	0.00732	0.00547	0.00656	0.00735	0.00813	0.00498	0.00495	0.00835	0.01160	0.01488	0.03872	0.47934	0.24399	0.11729	0.01030	0.00271	0.00360	0.01450	0.00524	0.00470
5	0.01068	0.00861	0.00988	0.00984	0.01164	0.00930	0.00722	0.01889	0.33865	0.02033	0.10733	0.36567	0.03155	0.01314	0.00680	0.00217	0.00392	0.01163	0.00584	0.00692
6	0.01263	0.17965	0.61920	0.01554	0.02357	0.01562	0.01956	0.01853	0.01239	0.01779	0.01015	0.01190	0.00751	0.00551	0.00526	0.00175	0.00827	0.00413	0.00250	0.00852
7	0.00901	0.00664	0.00881	0.00990	0.01139	0.00644	0.00851	0.01149	0.01359	0.01735	0.03711	0.06472	0.17967	0.01606	0.00793	0.00258	0.00495	0.57305	0.00545	0.00535
8	0.83394	0.01144	0.00869	0.00778	0.01144	0.01327	0.00640	0.01738	0.01006	0.02653	0.00823	0.00961	0.00640	0.00549	0.00366	0.00183	0.00457	0.00320	0.00366	0.00640
9	0.00792	0.00584	0.00626	0.00626	0.00710	0.00542	0.00397	0.00855	0.01066	0.01337	0.03607	0.04640	0.33055	0.46376	0.02033	0.00415	0.00458	0.01024	0.00439	0.00418
10	0.03627	0.23614	0.07534	0.01184	0.01646	0.11328	0.01058	0.07880	0.16956	0.10438	0.01427	0.01436	0.01087	0.00623	0.00506	0.00158	0.00638	0.00460	0.00426	0.07974
11	0.01259	0.01870	0.31890	0.32347	0.09293	0.01282	0.01781	0.01745	0.01255	0.06593	0.01237	0.04668	0.00959	0.00635	0.00586	0.00192	0.00778	0.00542	0.00303	0.00785
12	0.08485	0.46057	0.24050	0.01199	0.01790	0.01922	0.01317	0.01877	0.05437	0.01702	0.00984	0.01110	0.00806	0.00543	0.00444	0.00153	0.00678	0.00372	0.00282	0.00792
13	0.01486	0.01424	0.02443	0.07020	0.08750	0.01453	0.33544	0.13980	0.13070	0.02245	0.01673	0.04513	0.04168	0.00678	0.00650	0.00195	0.00766	0.00696	0.00412	0.00834
14	0.02234	0.00916	0.01225	0.00970	0.01362	0.00794	0.00790	0.02463	0.01660	0.59383	0.12635	0.02663	0.08460	0.00864	0.00618	0.00185	0.00455	0.00717	0.00705	0.00901
15	0.01091	0.01092	0.04799	0.18841	0.20233	0.01048	0.05381	0.01466	0.04380	0.01814	0.10922	0.03007	0.21719	0.00895	0.00637	0.00191	0.00578	0.00797	0.00408	0.00701
16	0.01552	0.01641	0.08504	0.05355	0.33931	0.11186	0.07669	0.02023	0.07796	0.06794	0.06570	0.01720	0.01330	0.00627	0.00596	0.00180	0.00730	0.00570	0.00371	0.00853
17	0.02431	0.00986	0.01356	0.06505	0.01652	0.00880	0.00900	0.02667	0.01636	0.66323	0.02453	0.02195	0.05687	0.00766	0.00600	0.00185	0.00512	0.00628	0.00688	0.00952
18	0.00757	0.00553	0.00725	0.00827	0.00897	0.00502	0.00560	0.00871	0.01139	0.01539	0.03102	0.73291	0.03695	0.01752	0.00732	0.00229	0.00350	0.01586	0.00535	0.06359
19	0.01226	0.01856	0.30544	0.08144	0.02280	0.01197	0.14332	0.06649	0.01420	0.04224	0.03418	0.02477	0.16184	0.00799	0.00629	0.00194	0.00726	0.02563	0.00374	0.00764
20	0.01510	0.09350	0.11878	0.12179	0.34073	0.04292	0.01584	0.07973	0.01462	0.04964	0.04347	0.01530	0.01097	0.00594	0.00566	0.00175	0.00712	0.00515	0.00339	0.00858
21	0.01985	0.01774	0.01695	0.01542	0.06956	0.30331	0.05837	0.02200	0.01489	0.19965	0.01364	0.01494	0.01023	0.00695	0.00756	0.00179	0.11980	0.00499	0.07460	0.00773

[dist]
# distance from previous block
# <min> <max>
0	4

[block]
# block no. 4 follows, 39 sequences, length 14
# corresponding to MSA columns:
# 255-268
name=unknown_E
#
# <colnr> <probs for GDERKNQSTAVLIFYWHMCP>
#	G	D	E	R	K	N	Q	S	T	A	V	L	I	F	Y	W	H	M	C	P
0	0.14544	0.13002	0.01502	0.06215	0.01527	0.29837	0.00880	0.01742	0.01263	0.01558	0.01135	0.01773	0.01093	0.20375	0.01112	0.00262	0.00764	0.00492	0.00318	0.00605
1	0.00985	0.00529	0.00739	0.00739	0.00739	0.00529	0.00475	0.00793	0.00793	0.01057	0.01238	0.02319	0.01310	0.21482	0.02487	0.62093	0.00529	0.00601	0.00282	0.00282
2	0.01609	0.44739	0.21203	0.01285	0.01843	0.17209	0.01334	0.01916	0.01310	0.01524	0.00901	0.01048	0.00757	0.00541	0.00457	0.00147	0.00781	0.00360	0.00263	0.00773
3	0.01218	0.01940	0.31682	0.01633	0.02213	0.01264	0.19603	0.01935	0.12944	0.02068	0.15423	0.02090	0.01873	0.00707	0.00628	0.00192	0.00728	0.00660	0.00394	0.00804
4	0.01589	0.01639	0.01942	0.01587	0.01983	0.15461	0.19214	0.02683	0.42560	0.02137	0.01825	0.01841	0.01383	0.00690	0.00613	0.00191	0.00712	0.00623	0.00470	0.00855
5	0.01127	0.00817	0.01210	0.01523	0.19723	0.00778	0.00899	0.01351	0.01378	0.08704	0.21093	0.25856	0.05630	0.04450	0.00776	0.00218	0.00445	0.02843	0.00519	0.00661
6	0.02551	0.01170	0.01474	0.01130	0.01591	0.01112	0.00933	0.20676	0.01967	0.57757	0.02103	0.01864	0.01349	0.00726	0.00594	0.00182	0.00540	0.00579	0.00697	0.01006
7	0.01021	0.00715	0.00865	0.00805	0.01041	0.00598	0.00593	0.01187	0.01259	0.08508	0.03263	0.34936	0.19767	0.01309	0.00647	0.00187	0.00371	0.01144	0.00516	0.21267
8	0.02219	0.02526	0.01701	0.01483	0.01830	0.57958	0.01138	0.20286	0.01954	0.02021	0.01041	0.01155	0.00823	0.00635	0.00548	0.00159	0.00962	0.00419	0.00377	0.00766
9	0.01568	0.01661	0.15478	0.18649	0.04677	0.01508	0.01408	0.25140	0.16571	0.02497	0.01466	0.01614	0.01085	0.00792	0.03102	0.00214	0.00718	0.00544	0.00438	0.00871
10	0.00782	0.00553	0.00687	0.00745	0.00840	0.00509	0.00524	0.00952	0.01311	0.01804	0.21664	0.42007	0.14857	0.01530	0.00700	0.00211	0.00314	0.01358	0.08142	0.00509
11	0.00788	0.00589	0.00785	0.00944	0.04979	0.00554	0.00606	0.00918	0.01185	0.01577	0.08359	0.53066	0.10482	0.08837	0.00946	0.00261	0.00382	0.03713	0.00524	0.00504
12	0.29663	0.17462	0.24449	0.01136	0.01676	0.01501	0.01207	0.04790	0.01224	0.06184	0.01058	0.01274	0.00836	0.04622	0.00587	0.00193	0.00637	0.00407	0.00337	0.00757
13	0.17841	0.08808	0.08322	0.01079	0.01417	0.16581	0.00914	0.09351	0.01372	0.06011	0.01273	0.01847	0.01151	0.20392	0.01122	0.00270	0.00688	0.00517	0.00375	0.00670

[dist]
# distance from previous block
# <min> <max>
0	152

# created by:
# /home/cegg/simao/soft/augustus-3.2.1/scripts/msa2prfl.pl ./align_prep/25452.fa
