[name]
unknown

[dist]
# distance from previous block
# <min> <max>
0	395

[block]
# block no. 0 follows, 47 sequences, length 21
# corresponding to MSA columns:
# 485-505
name=unknown_A
#
# <colnr> <probs for GDERKNQSTAVLIFYWHMCP>
#	G	D	E	R	K	N	Q	S	T	A	V	L	I	F	Y	W	H	M	C	P
0	0.10295	0.01275	0.06494	0.04004	0.07108	0.09262	0.00963	0.06241	0.20460	0.11957	0.04368	0.01910	0.01358	0.00689	0.00544	0.00169	0.02680	0.06994	0.00427	0.02804
1	0.22864	0.01190	0.01293	0.01074	0.02926	0.05959	0.05412	0.21316	0.06671	0.16633	0.03599	0.04552	0.01125	0.00626	0.00480	0.00160	0.00512	0.00491	0.00453	0.02663
2	0.08849	0.05789	0.20456	0.01341	0.05890	0.02993	0.11402	0.07784	0.01260	0.14188	0.01209	0.03767	0.00941	0.03788	0.00594	0.00170	0.01716	0.00477	0.00350	0.07038
3	0.15548	0.01316	0.16631	0.05636	0.03832	0.00965	0.00980	0.04509	0.01160	0.12226	0.01060	0.01168	0.00785	0.00478	0.00432	0.00131	0.00505	0.00368	0.00341	0.31929
4	0.03279	0.01081	0.01444	0.09333	0.13361	0.01155	0.05012	0.16589	0.18893	0.05730	0.05935	0.07930	0.01498	0.00709	0.00538	0.00167	0.00512	0.02305	0.00432	0.04096
5	0.00715	0.00521	0.00622	0.00643	0.00722	0.00489	0.00437	0.02543	0.01107	0.01470	0.19013	0.28632	0.17598	0.21763	0.01146	0.00268	0.00341	0.01086	0.00461	0.00424
6	0.01151	0.02073	0.42705	0.01547	0.07636	0.10453	0.10067	0.01622	0.02592	0.01684	0.12136	0.01548	0.01320	0.00577	0.00525	0.00162	0.00709	0.00495	0.00290	0.00707
7	0.00692	0.00521	0.00732	0.06201	0.03954	0.00510	0.00589	0.00815	0.01030	0.01381	0.07015	0.66760	0.03211	0.03114	0.00687	0.00210	0.00342	0.01326	0.00459	0.00451
8	0.01199	0.01405	0.11205	0.07639	0.34476	0.03312	0.18912	0.01598	0.04203	0.01633	0.01131	0.06088	0.00966	0.00562	0.00584	0.00168	0.03353	0.00551	0.00276	0.00735
9	0.32676	0.28114	0.01725	0.10524	0.11836	0.04716	0.00934	0.01548	0.01026	0.01718	0.00786	0.00970	0.00654	0.00475	0.00382	0.00144	0.00540	0.00329	0.00267	0.00637
10	0.01476	0.44954	0.17167	0.01129	0.01589	0.23042	0.01123	0.01719	0.01180	0.01321	0.00787	0.00915	0.00667	0.00480	0.00402	0.00128	0.00702	0.00315	0.00235	0.00670
11	0.01113	0.01039	0.01616	0.01292	0.01595	0.01088	0.22989	0.01884	0.30737	0.01966	0.23062	0.02298	0.02250	0.00736	0.00625	0.00175	0.03706	0.00690	0.00452	0.00685
12	0.00883	0.00466	0.00700	0.00700	0.00712	0.00479	0.00479	0.00712	0.00700	0.00945	0.00970	0.01645	0.00958	0.02090	0.12446	0.73578	0.00579	0.00466	0.00233	0.00258
13	0.01234	0.17217	0.09126	0.08383	0.01536	0.17045	0.00942	0.01644	0.13238	0.01475	0.03879	0.11050	0.05446	0.04864	0.00606	0.00174	0.00587	0.00596	0.00341	0.00617
14	0.00831	0.00556	0.00711	0.00659	0.00807	0.00504	0.00499	0.01060	0.01442	0.07193	0.64534	0.03878	0.13215	0.01066	0.00608	0.00165	0.00261	0.00932	0.00568	0.00512
15	0.01368	0.01336	0.20644	0.00985	0.01378	0.00985	0.00971	0.16940	0.06581	0.11920	0.01687	0.01745	0.05759	0.00667	0.00517	0.02248	0.00486	0.00505	0.22574	0.00704
16	0.18024	0.02036	0.01397	0.01372	0.07970	0.54567	0.00976	0.01898	0.01309	0.01515	0.00799	0.00959	0.00664	0.00536	0.00496	0.00145	0.04107	0.00341	0.00276	0.00613
17	0.00842	0.00698	0.01109	0.00978	0.01093	0.00772	0.10295	0.01002	0.00862	0.01216	0.01362	0.02271	0.01352	0.24963	0.41697	0.00610	0.07519	0.00613	0.00283	0.00462
18	0.01280	0.01282	0.06566	0.07592	0.29426	0.11849	0.01164	0.01626	0.05345	0.06941	0.19623	0.01928	0.01837	0.00650	0.00533	0.00158	0.00566	0.00566	0.00371	0.00697
19	0.07974	0.23488	0.01756	0.01173	0.01493	0.53213	0.00943	0.01901	0.01321	0.01340	0.00778	0.00905	0.00662	0.00509	0.00423	0.00130	0.00798	0.00316	0.00260	0.00618
20	0.05393	0.01772	0.35358	0.01358	0.08831	0.01139	0.01319	0.08591	0.10980	0.01935	0.01170	0.01292	0.00878	0.00527	0.00471	0.00151	0.00586	0.00420	0.07152	0.10679

[dist]
# distance from previous block
# <min> <max>
0	2

[block]
# block no. 1 follows, 47 sequences, length 26
# corresponding to MSA columns:
# 508-533
name=unknown_B
#
# <colnr> <probs for GDERKNQSTAVLIFYWHMCP>
#	G	D	E	R	K	N	Q	S	T	A	V	L	I	F	Y	W	H	M	C	P
0	0.00931	0.05317	0.09391	0.00877	0.03562	0.00803	0.00738	0.01351	0.12956	0.03723	0.13645	0.07668	0.28524	0.00952	0.00553	0.00163	0.00383	0.00801	0.00444	0.07219
1	0.00744	0.00632	0.00932	0.00819	0.01000	0.00571	0.10290	0.00953	0.01276	0.01690	0.32273	0.14680	0.29839	0.01151	0.00622	0.00176	0.00342	0.01029	0.00489	0.00491
2	0.01292	0.27521	0.06715	0.01784	0.29024	0.01493	0.01180	0.01832	0.18296	0.01663	0.03570	0.01359	0.01064	0.00533	0.00462	0.00146	0.00550	0.00442	0.00315	0.00760
3	0.00640	0.00467	0.00604	0.00712	0.00761	0.00431	0.00487	0.00741	0.01025	0.01346	0.03133	0.70141	0.11718	0.01590	0.00661	0.00209	0.00304	0.04120	0.00483	0.00427
4	0.04057	0.11571	0.07069	0.01495	0.14851	0.05828	0.01113	0.35414	0.05868	0.04290	0.01136	0.01213	0.00857	0.00557	0.00484	0.00149	0.00592	0.00430	0.00397	0.02630
5	0.01297	0.07956	0.27825	0.10601	0.09668	0.10129	0.11215	0.06448	0.01252	0.03248	0.01003	0.01217	0.00759	0.00505	0.00496	0.00156	0.00718	0.00431	0.04363	0.00714
6	0.21547	0.00715	0.00812	0.00721	0.00944	0.00707	0.00564	0.01417	0.01312	0.17637	0.40302	0.06549	0.03055	0.00867	0.00528	0.00165	0.00326	0.00724	0.00522	0.00585
7	0.10113	0.01542	0.16115	0.01339	0.01769	0.06000	0.16047	0.10056	0.23179	0.02013	0.01407	0.05720	0.01118	0.00621	0.00521	0.00170	0.00614	0.00543	0.00378	0.00734
8	0.00899	0.00743	0.01106	0.11132	0.08754	0.00754	0.04924	0.04802	0.01218	0.01606	0.08711	0.18174	0.12974	0.02303	0.00654	0.00199	0.00464	0.19620	0.00424	0.00540
9	0.01535	0.01686	0.01639	0.05023	0.28751	0.31865	0.01193	0.02030	0.17881	0.01624	0.01157	0.01298	0.00926	0.00547	0.00501	0.00152	0.00702	0.00441	0.00320	0.00729
10	0.01513	0.01821	0.02291	0.01774	0.02149	0.33266	0.39096	0.01799	0.01292	0.01471	0.00920	0.01191	0.00732	0.00520	0.00652	0.00163	0.07950	0.00487	0.00262	0.00650
11	0.01785	0.01249	0.01703	0.01923	0.31671	0.01285	0.01180	0.31379	0.01748	0.18843	0.01316	0.01377	0.00948	0.00566	0.00519	0.00157	0.00563	0.00479	0.00444	0.00862
12	0.00871	0.00580	0.00703	0.00650	0.00800	0.00548	0.00494	0.04723	0.01433	0.04310	0.52913	0.03489	0.10940	0.00981	0.00567	0.00158	0.00269	0.00847	0.14210	0.00516
13	0.01500	0.01689	0.02082	0.01621	0.02009	0.27321	0.33231	0.07776	0.09611	0.01705	0.01329	0.01491	0.05030	0.00562	0.00550	0.00160	0.00791	0.00534	0.00326	0.00683
14	0.00675	0.00526	0.00613	0.00599	0.00742	0.00464	0.00446	0.00861	0.01317	0.01734	0.40574	0.08176	0.38982	0.01211	0.00617	0.00172	0.00257	0.01041	0.00527	0.00464
15	0.00908	0.02204	0.01100	0.29707	0.01853	0.00831	0.03023	0.01157	0.00977	0.01413	0.01289	0.01854	0.01110	0.08100	0.23347	0.00378	0.00782	0.00520	0.18937	0.00509
16	0.01339	0.31636	0.18984	0.01089	0.01492	0.16091	0.01088	0.01603	0.01129	0.01430	0.00918	0.01092	0.00761	0.00534	0.00512	0.00138	0.07187	0.00356	0.11976	0.00645
17	0.01227	0.00733	0.00760	0.00667	0.00863	0.00773	0.00523	0.20427	0.01437	0.02283	0.01585	0.01766	0.01220	0.00611	0.00404	0.00130	0.00327	0.00481	0.63195	0.00587
18	0.01367	0.08207	0.23835	0.07607	0.11544	0.13052	0.11879	0.07202	0.01272	0.03797	0.00962	0.01174	0.00739	0.00522	0.00562	0.00159	0.04694	0.00430	0.00273	0.00722
19	0.29593	0.15012	0.01474	0.01122	0.04357	0.35324	0.00867	0.01768	0.01179	0.01636	0.00768	0.00911	0.00641	0.00512	0.00437	0.00143	0.03053	0.00317	0.00277	0.00609
20	0.01112	0.00843	0.00971	0.00873	0.01078	0.00891	0.00669	0.18958	0.15952	0.02228	0.30330	0.18874	0.03043	0.01011	0.00587	0.00174	0.00365	0.00876	0.00534	0.00632
21	0.08544	0.01150	0.01602	0.08037	0.27488	0.02630	0.04850	0.04120	0.21438	0.12714	0.01415	0.01499	0.01057	0.00564	0.00509	0.00164	0.00544	0.00495	0.00395	0.00784
22	0.00679	0.00507	0.00586	0.00603	0.00694	0.00463	0.00412	0.00790	0.01093	0.01420	0.17722	0.20171	0.29459	0.21733	0.01142	0.00264	0.00329	0.01061	0.00458	0.00415
23	0.01052	0.00954	0.01553	0.01420	0.10717	0.00937	0.19909	0.06940	0.08409	0.01912	0.24241	0.08019	0.09991	0.00833	0.00591	0.00171	0.00496	0.00787	0.00434	0.00635
24	0.00663	0.00528	0.00599	0.00617	0.00762	0.00464	0.00469	0.00822	0.01219	0.01535	0.17628	0.12802	0.49462	0.01319	0.00632	0.00184	0.00288	0.09055	0.00499	0.00451
25	0.03701	0.05163	0.48264	0.01205	0.01848	0.01074	0.01417	0.01532	0.01085	0.01670	0.00917	0.01075	0.00693	0.00457	0.00448	0.00134	0.00625	0.00353	0.00252	0.28088

[dist]
# distance from previous block
# <min> <max>
0	1

[block]
# block no. 2 follows, 47 sequences, length 62
# corresponding to MSA columns:
# 535-596
name=unknown_C
#
# <colnr> <probs for GDERKNQSTAVLIFYWHMCP>
#	G	D	E	R	K	N	Q	S	T	A	V	L	I	F	Y	W	H	M	C	P
0	0.04412	0.18647	0.15074	0.01221	0.01686	0.06456	0.10518	0.08084	0.12114	0.03508	0.01104	0.01208	0.00855	0.00517	0.00481	0.00144	0.01898	0.00415	0.00323	0.11336
1	0.01289	0.01237	0.02114	0.03196	0.78450	0.01237	0.01598	0.01598	0.01186	0.01701	0.00980	0.01289	0.00825	0.00464	0.00516	0.00155	0.00619	0.00464	0.00258	0.00825
2	0.00735	0.00528	0.00648	0.00671	0.00754	0.00502	0.00485	0.00870	0.01106	0.01471	0.21693	0.11344	0.14375	0.27174	0.01294	0.00294	0.00381	0.14806	0.00451	0.00419
3	0.01381	0.01516	0.01466	0.01768	0.27198	0.31039	0.01058	0.01602	0.01369	0.01625	0.20304	0.01921	0.04225	0.00669	0.00526	0.00150	0.00637	0.00554	0.00348	0.00645
4	0.01980	0.01459	0.01563	0.01198	0.01615	0.01615	0.00990	0.76713	0.02448	0.03282	0.01250	0.01250	0.00886	0.00625	0.00521	0.00156	0.00573	0.00469	0.00521	0.00886
5	0.00648	0.00477	0.00608	0.00685	0.00752	0.00437	0.00472	0.00770	0.01102	0.01464	0.15470	0.57738	0.14475	0.01494	0.00649	0.00199	0.00287	0.01338	0.00498	0.00437
6	0.01317	0.01037	0.01474	0.01145	0.01474	0.01032	0.17692	0.23560	0.03027	0.08040	0.02481	0.02627	0.23263	0.08507	0.00772	0.00200	0.00533	0.00717	0.00443	0.00661
7	0.00735	0.00531	0.00624	0.00652	0.00789	0.00469	0.00486	0.00877	0.01170	0.05246	0.09527	0.26363	0.41090	0.01366	0.00634	0.00190	0.00302	0.07986	0.00498	0.00464
8	0.01091	0.24535	0.14303	0.01187	0.01571	0.01303	0.14503	0.01385	0.01166	0.01564	0.16893	0.01953	0.07596	0.00689	0.00616	0.00158	0.07967	0.00571	0.00322	0.00628
9	0.01679	0.04482	0.01702	0.01838	0.26150	0.21771	0.01164	0.21791	0.04000	0.05582	0.01152	0.01393	0.00925	0.00579	0.00507	0.00152	0.00668	0.03334	0.00364	0.00767
10	0.00971	0.00485	0.00485	0.00485	0.00607	0.00485	0.00364	0.01213	0.01092	0.01942	0.01699	0.01942	0.01335	0.00607	0.00364	0.00121	0.00243	0.00485	0.84589	0.00485
11	0.05633	0.02903	0.09200	0.01322	0.14434	0.09391	0.00955	0.04905	0.06683	0.05921	0.30368	0.02255	0.02405	0.00737	0.00534	0.00158	0.00489	0.00622	0.00428	0.00658
12	0.13642	0.10325	0.03503	0.01941	0.32143	0.26950	0.01187	0.01743	0.01222	0.01601	0.00857	0.01058	0.00716	0.00489	0.00453	0.00144	0.00689	0.00374	0.00266	0.00697
13	0.00889	0.00545	0.00614	0.00607	0.00734	0.00541	0.00455	0.01204	0.06634	0.01927	0.23420	0.09318	0.04304	0.00865	0.00486	0.00149	0.00267	0.02568	0.43968	0.00505
14	0.01307	0.04283	0.15461	0.23128	0.02135	0.28572	0.01202	0.02785	0.01248	0.01408	0.01512	0.01682	0.11871	0.00636	0.00506	0.00156	0.00725	0.00490	0.00283	0.00610
15	0.00750	0.00526	0.00661	0.00648	0.00759	0.00483	0.00468	0.00932	0.01294	0.03854	0.47356	0.15977	0.14122	0.08854	0.00814	0.00205	0.00287	0.01018	0.00525	0.00468
16	0.00874	0.08494	0.03825	0.00729	0.00896	0.00692	0.03497	0.01084	0.01173	0.01711	0.27416	0.14054	0.02792	0.09648	0.00750	0.00193	0.00355	0.00793	0.20526	0.00497
17	0.00708	0.00509	0.00675	0.00711	0.00798	0.00476	0.00522	0.00895	0.01269	0.01753	0.42708	0.33135	0.04179	0.01313	0.00643	0.00189	0.00289	0.08232	0.00531	0.00465
18	0.05171	0.04898	0.01649	0.01726	0.20144	0.43406	0.01125	0.05420	0.01373	0.04329	0.00900	0.01073	0.00737	0.00544	0.00547	0.00147	0.05461	0.00382	0.00290	0.00680
19	0.07822	0.01796	0.01475	0.01214	0.01570	0.29733	0.00966	0.44498	0.01988	0.02491	0.01053	0.01110	0.00786	0.00583	0.00488	0.00149	0.00693	0.00408	0.00416	0.00761
20	0.00791	0.00562	0.00705	0.00751	0.00835	0.00549	0.00528	0.08059	0.01209	0.01650	0.13535	0.59413	0.03329	0.01413	0.00632	0.00196	0.00318	0.01267	0.03778	0.00480
21	0.00615	0.00528	0.00528	0.00528	0.00703	0.00440	0.00396	0.00747	0.01187	0.01407	0.05276	0.05012	0.78238	0.01319	0.00615	0.00176	0.00264	0.01099	0.00484	0.00440
22	0.02018	0.01342	0.01484	0.01144	0.01553	0.01448	0.00943	0.60377	0.05200	0.16938	0.01430	0.01372	0.00986	0.00632	0.00522	0.00158	0.00543	0.00483	0.00544	0.00883
23	0.31611	0.01277	0.01256	0.01007	0.01383	0.01436	0.00828	0.45440	0.06484	0.02878	0.01117	0.01149	0.00814	0.00580	0.00451	0.00159	0.00503	0.00410	0.00451	0.00767
24	0.00862	0.00574	0.00693	0.00690	0.00858	0.00512	0.00543	0.01036	0.01250	0.09768	0.15647	0.11430	0.37477	0.01258	0.00630	0.00188	0.00325	0.15243	0.00514	0.00501
25	0.01045	0.02694	0.79000	0.01484	0.02254	0.01209	0.01924	0.01649	0.01099	0.01649	0.00935	0.01099	0.00660	0.00495	0.00495	0.00165	0.00770	0.00385	0.00220	0.00770
26	0.00659	0.00528	0.00573	0.00598	0.00724	0.00472	0.00423	0.00814	0.03761	0.01373	0.04197	0.23208	0.49343	0.09922	0.00841	0.00219	0.00304	0.01137	0.00467	0.00436
27	0.00853	0.00695	0.00775	0.00726	0.00915	0.00700	0.00553	0.01405	0.22740	0.01885	0.32307	0.03720	0.28623	0.01049	0.00591	0.00171	0.00299	0.00895	0.00531	0.00568
28	0.01812	0.19022	0.01756	0.01225	0.01547	0.49075	0.00983	0.13528	0.01520	0.01575	0.00854	0.00971	0.00704	0.00541	0.00483	0.00135	0.02963	0.00347	0.00297	0.00660
29	0.01282	0.00786	0.00818	0.00705	0.00918	0.00834	0.00557	0.24499	0.01510	0.02355	0.01560	0.01728	0.01196	0.00612	0.00412	0.00132	0.00345	0.00480	0.58661	0.00609
30	0.01357	0.12981	0.02026	0.10304	0.24613	0.08203	0.09340	0.07294	0.06532	0.01653	0.00995	0.01242	0.00813	0.00551	0.00635	0.00161	0.09844	0.00450	0.00287	0.00719
31	0.12776	0.09175	0.01849	0.02226	0.43586	0.18731	0.01260	0.01692	0.01198	0.01647	0.00882	0.01108	0.00741	0.00481	0.00462	0.00147	0.00655	0.00393	0.00265	0.00726
32	0.00709	0.00535	0.00628	0.00604	0.00754	0.00472	0.00453	0.00900	0.01337	0.03105	0.42768	0.05853	0.37639	0.01182	0.00614	0.00170	0.00258	0.01015	0.00533	0.00474
33	0.01236	0.01163	0.01936	0.07731	0.64109	0.01187	0.01493	0.01599	0.04922	0.01691	0.01168	0.01677	0.01020	0.00554	0.00532	0.00163	0.00603	0.06147	0.00286	0.00783
34	0.00673	0.00511	0.00602	0.00614	0.00724	0.00460	0.00436	0.00819	0.01193	0.01565	0.27540	0.20560	0.31078	0.09853	0.00842	0.00215	0.00292	0.01093	0.00494	0.00439
35	0.01139	0.01244	0.02587	0.18732	0.02775	0.01229	0.55391	0.01539	0.01176	0.01573	0.01198	0.01558	0.03736	0.00595	0.02980	0.00195	0.00831	0.00599	0.00265	0.00659
36	0.00767	0.00544	0.00708	0.00681	0.00811	0.00503	0.00523	0.01004	0.01430	0.03312	0.65166	0.04112	0.09216	0.01109	0.00623	0.00172	0.00272	0.07992	0.00560	0.00494
37	0.01090	0.01000	0.06493	0.01361	0.14834	0.00933	0.02523	0.05523	0.20293	0.04625	0.02062	0.32990	0.02056	0.01001	0.00579	0.00184	0.00449	0.00896	0.00440	0.00666
38	0.61841	0.01086	0.00966	0.00889	0.04075	0.01243	0.00688	0.11275	0.09922	0.02415	0.00962	0.01041	0.00733	0.00526	0.00379	0.00162	0.00434	0.00348	0.00369	0.00645
39	0.01416	0.01315	0.01443	0.01631	0.22556	0.13941	0.01029	0.15863	0.14087	0.02027	0.07964	0.01930	0.05893	0.00681	0.00526	0.00159	0.00559	0.02790	0.03463	0.00727
40	0.00877	0.00552	0.00647	0.00646	0.00761	0.00543	0.00473	0.05901	0.01259	0.01897	0.23153	0.24748	0.02888	0.01022	0.00528	0.00161	0.00282	0.00890	0.32276	0.00495
41	0.01386	0.01118	0.01274	0.00951	0.01370	0.01059	0.00774	0.26649	0.01522	0.02202	0.01020	0.01141	0.00804	0.00498	0.00512	0.00113	0.05386	0.00371	0.00375	0.51472
42	0.01905	0.01371	0.01483	0.01160	0.01558	0.01511	0.00951	0.61013	0.13214	0.08246	0.01430	0.01386	0.01015	0.00638	0.00522	0.00160	0.00541	0.00490	0.00531	0.00877
43	0.01000	0.00594	0.00673	0.00619	0.00825	0.00512	0.00474	0.01155	0.01236	0.17179	0.06828	0.07203	0.49549	0.02518	0.00614	0.00175	0.00304	0.00939	0.07070	0.00533
44	0.02044	0.01282	0.01445	0.01116	0.01522	0.01363	0.00919	0.52342	0.05985	0.24227	0.01518	0.01431	0.01033	0.00635	0.00522	0.00159	0.00529	0.00490	0.00556	0.00883
45	0.00620	0.00522	0.00538	0.00545	0.00709	0.00440	0.00404	0.00752	0.01181	0.01420	0.07081	0.10341	0.71002	0.01334	0.00619	0.00178	0.00266	0.01122	0.00486	0.00440
46	0.01392	0.82012	0.02729	0.00891	0.01337	0.02061	0.00891	0.01559	0.01058	0.01225	0.00724	0.00835	0.00668	0.00446	0.00334	0.00111	0.00557	0.00278	0.00223	0.00668
47	0.01285	0.01249	0.02181	0.03126	0.73133	0.01243	0.06861	0.01603	0.01189	0.01699	0.00985	0.01297	0.00822	0.00462	0.00523	0.00156	0.00637	0.00475	0.00258	0.00816
48	0.01372	0.00873	0.00914	0.00769	0.01008	0.00935	0.00613	0.31248	0.01632	0.02475	0.01520	0.01667	0.01156	0.00614	0.00426	0.00135	0.00374	0.00479	0.51146	0.00645
49	0.01360	0.01366	0.01979	0.01517	0.01900	0.12477	0.33406	0.09721	0.10072	0.04434	0.06955	0.01937	0.09125	0.00644	0.00571	0.00166	0.00680	0.00625	0.00379	0.00686
50	0.38476	0.01183	0.01787	0.01804	0.22910	0.01229	0.22201	0.01588	0.01065	0.01973	0.00888	0.01125	0.00700	0.00466	0.00458	0.00163	0.00596	0.00426	0.00288	0.00675
51	0.00726	0.00532	0.00681	0.00644	0.00771	0.00487	0.00483	0.00962	0.01449	0.02028	0.71710	0.03989	0.11417	0.01087	0.00614	0.00165	0.00247	0.00956	0.00565	0.00487
52	0.16028	0.29596	0.13414	0.01145	0.01600	0.10895	0.08857	0.04084	0.01179	0.07511	0.00917	0.01032	0.00716	0.00490	0.00422	0.00143	0.00633	0.00361	0.00291	0.00684
53	0.00676	0.00506	0.00558	0.00578	0.00665	0.00461	0.00385	0.00758	0.01008	0.01276	0.04916	0.17939	0.35848	0.29326	0.01329	0.00296	0.00354	0.01036	0.01691	0.00395
54	0.00791	0.00521	0.00754	0.00754	0.00807	0.00574	0.00547	0.00835	0.00781	0.01095	0.01292	0.02111	0.01275	0.14469	0.46796	0.24393	0.01002	0.00557	0.00269	0.00376
55	0.00712	0.00553	0.00655	0.00688	0.00802	0.00524	0.00493	0.00976	0.08429	0.01579	0.18093	0.37308	0.24566	0.01346	0.00628	0.00189	0.00291	0.01184	0.00505	0.00479
56	0.01801	0.01367	0.01463	0.01153	0.01545	0.01512	0.00941	0.58212	0.18260	0.02988	0.01422	0.01390	0.01030	0.00633	0.00518	0.00158	0.00532	0.00488	0.00515	0.04073
57	0.01398	0.01407	0.07638	0.05058	0.53135	0.05509	0.01478	0.08966	0.01311	0.04673	0.01021	0.01268	0.00818	0.00511	0.00556	0.00158	0.03549	0.00454	0.00294	0.00800
58	0.01305	0.11089	0.52739	0.01399	0.03912	0.01263	0.04057	0.04618	0.01205	0.12064	0.01079	0.01181	0.00762	0.00512	0.00486	0.00158	0.00694	0.00404	0.00291	0.00778
59	0.09900	0.02047	0.01433	0.01238	0.01554	0.49697	0.00959	0.23502	0.01700	0.01953	0.00925	0.01020	0.00722	0.00557	0.00470	0.00143	0.00783	0.00369	0.00346	0.00681
60	0.01574	0.01112	0.02604	0.07483	0.29243	0.02381	0.01139	0.05551	0.13481	0.23501	0.05421	0.01659	0.01275	0.00597	0.00525	0.00162	0.00528	0.00522	0.00436	0.00806
61	0.04369	0.12442	0.43372	0.01424	0.04274	0.12528	0.05192	0.07543	0.01254	0.01697	0.00914	0.01066	0.00688	0.00501	0.00473	0.00153	0.00739	0.00381	0.00258	0.00733

[dist]
# distance from previous block
# <min> <max>
0	1

[block]
# block no. 3 follows, 47 sequences, length 17
# corresponding to MSA columns:
# 598-614
name=unknown_D
#
# <colnr> <probs for GDERKNQSTAVLIFYWHMCP>
#	G	D	E	R	K	N	Q	S	T	A	V	L	I	F	Y	W	H	M	C	P
0	0.01038	0.00766	0.00850	0.00749	0.00960	0.00776	0.00583	0.17298	0.06994	0.02160	0.29157	0.03254	0.22087	0.00959	0.00561	0.00161	0.00332	0.00804	0.09925	0.00586
1	0.00984	0.02155	0.59086	0.01341	0.01942	0.01047	0.01634	0.01490	0.01117	0.01617	0.01403	0.05283	0.01273	0.00743	0.00550	0.00183	0.00689	0.16485	0.00286	0.00694
2	0.00719	0.00514	0.00572	0.00568	0.00626	0.00487	0.00356	0.00780	0.00948	0.01233	0.11207	0.03871	0.21682	0.52120	0.01902	0.00383	0.00414	0.00865	0.00387	0.00367
3	0.01321	0.01066	0.01167	0.01038	0.01321	0.01219	0.00814	0.08739	0.58447	0.05047	0.01951	0.01892	0.01482	0.01109	0.10716	0.00259	0.00553	0.00572	0.00501	0.00786
4	0.01592	0.01266	0.01345	0.01120	0.01467	0.01434	0.00896	0.34853	0.44940	0.02657	0.01742	0.01642	0.01284	0.00671	0.00526	0.00168	0.00482	0.00537	0.00526	0.00851
5	0.01851	0.01005	0.01161	0.00919	0.01256	0.01022	0.00750	0.30832	0.01759	0.30081	0.01654	0.01614	0.01145	0.00627	0.00482	0.00149	0.00442	0.00493	0.21975	0.00784
6	0.01042	0.00941	0.01544	0.02263	0.49104	0.00930	0.01177	0.01268	0.01114	0.01561	0.01694	0.31531	0.01814	0.00905	0.00572	0.00176	0.00499	0.00848	0.00343	0.00673
7	0.01980	0.01459	0.01563	0.01198	0.01615	0.01615	0.00990	0.76713	0.02448	0.03282	0.01250	0.01250	0.00886	0.00625	0.00521	0.00156	0.00573	0.00469	0.00521	0.00886
8	0.30851	0.01262	0.01256	0.01002	0.01382	0.01406	0.00826	0.44515	0.04223	0.06828	0.01137	0.01159	0.00817	0.00580	0.00453	0.00159	0.00502	0.00411	0.00459	0.00772
9	0.01133	0.22893	0.59576	0.01333	0.02020	0.01426	0.01661	0.01626	0.01089	0.01541	0.00881	0.01032	0.00662	0.00482	0.00454	0.00151	0.00715	0.00358	0.00221	0.00744
10	0.00839	0.00599	0.00839	0.00959	0.01079	0.00599	0.00839	0.01079	0.01199	0.01558	0.02757	0.05874	0.02997	0.01439	0.00719	0.00240	0.00480	0.74945	0.00480	0.00480
11	0.01945	0.02482	0.01476	0.01342	0.01610	0.79608	0.01006	0.02079	0.01476	0.01275	0.00805	0.00939	0.00671	0.00537	0.00470	0.00134	0.00939	0.00335	0.00268	0.00604
12	0.00679	0.00504	0.00633	0.00656	0.00756	0.00458	0.00471	0.00850	0.01256	0.01700	0.38652	0.31054	0.17797	0.01308	0.00632	0.00183	0.00269	0.01158	0.00526	0.00458
13	0.01472	0.01714	0.01409	0.01272	0.01408	0.39945	0.00989	0.01593	0.01158	0.01274	0.01025	0.11371	0.01033	0.00819	0.00963	0.00180	0.31000	0.00528	0.00281	0.00568
14	0.00727	0.00546	0.00638	0.00637	0.00738	0.00521	0.00444	0.00924	0.05237	0.01511	0.23039	0.14280	0.22596	0.21869	0.03761	0.00283	0.00371	0.00976	0.00460	0.00441
15	0.01304	0.01868	0.23462	0.01253	0.01759	0.20995	0.08238	0.01636	0.01200	0.01573	0.00909	0.01080	0.00716	0.00460	0.00460	0.00126	0.00682	0.00366	0.00269	0.31643
16	0.20061	0.01331	0.01482	0.16868	0.21691	0.17628	0.03612	0.01569	0.01150	0.01668	0.02864	0.05868	0.00960	0.00576	0.00478	0.00160	0.00634	0.00472	0.00290	0.00637

[dist]
# distance from previous block
# <min> <max>
0	7

[block]
# block no. 4 follows, 47 sequences, length 18
# corresponding to MSA columns:
# 640-657
name=unknown_E
#
# <colnr> <probs for GDERKNQSTAVLIFYWHMCP>
#	G	D	E	R	K	N	Q	S	T	A	V	L	I	F	Y	W	H	M	C	P
0	0.01282	0.26314	0.37533	0.01321	0.04916	0.13685	0.01396	0.01648	0.01145	0.01452	0.00935	0.04410	0.00789	0.00534	0.00451	0.00146	0.00706	0.00395	0.00241	0.00701
1	0.49769	0.25080	0.05235	0.00872	0.01258	0.04565	0.03838	0.01572	0.00985	0.01906	0.00751	0.00882	0.00613	0.00473	0.00352	0.00146	0.00507	0.00302	0.00283	0.00612
2	0.01259	0.51681	0.31895	0.01118	0.01687	0.01735	0.01286	0.01594	0.01074	0.01387	0.00805	0.00936	0.00665	0.00464	0.00396	0.00132	0.00638	0.00319	0.00222	0.00707
3	0.00905	0.00452	0.00678	0.00678	0.00678	0.00452	0.00452	0.00678	0.00678	0.00905	0.00905	0.01583	0.00905	0.01809	0.02035	0.84848	0.00452	0.00452	0.00226	0.00226
4	0.01213	0.01173	0.03033	0.01420	0.14361	0.11480	0.08072	0.01710	0.16474	0.05095	0.20108	0.02395	0.09718	0.00757	0.00555	0.00163	0.00516	0.00665	0.00428	0.00667
5	0.01045	0.02694	0.79000	0.01484	0.02254	0.01209	0.01924	0.01649	0.01099	0.01649	0.00935	0.01099	0.00660	0.00495	0.00495	0.00165	0.00770	0.00385	0.00220	0.00770
6	0.00756	0.00662	0.00978	0.09894	0.01277	0.00631	0.09365	0.00948	0.01157	0.01482	0.13221	0.16596	0.34117	0.05680	0.00727	0.00198	0.00402	0.00994	0.00432	0.00483
7	0.01287	0.00947	0.01090	0.00884	0.01240	0.00900	0.00698	0.01968	0.29064	0.12128	0.10140	0.01800	0.01601	0.00613	0.00482	0.00134	0.00387	0.00510	0.00463	0.33663
8	0.00622	0.00521	0.00541	0.00549	0.00711	0.00440	0.00407	0.00755	0.01182	0.01427	0.07963	0.11474	0.68955	0.01335	0.00620	0.00178	0.00266	0.01125	0.00487	0.00440
9	0.01086	0.00949	0.01136	0.00836	0.01249	0.00793	0.00674	0.01305	0.01049	0.01648	0.00899	0.01086	0.00762	0.00443	0.00530	0.00094	0.09166	0.00325	0.00300	0.75669
10	0.01045	0.02694	0.79000	0.01484	0.02254	0.01209	0.01924	0.01649	0.01099	0.01649	0.00935	0.01099	0.00660	0.00495	0.00495	0.00165	0.00770	0.00385	0.00220	0.00770
11	0.01225	0.01392	0.03003	0.02156	0.02658	0.01330	0.73006	0.01649	0.01209	0.01649	0.01036	0.01392	0.00785	0.00461	0.00666	0.00178	0.04639	0.00607	0.00262	0.00696
12	0.00755	0.00516	0.00622	0.00622	0.00641	0.00534	0.00383	0.00792	0.00773	0.01050	0.01591	0.03133	0.01774	0.65992	0.18193	0.00572	0.00685	0.00717	0.00308	0.00346
13	0.01095	0.01551	0.21594	0.01616	0.02028	0.01242	0.30030	0.01475	0.01130	0.01625	0.11394	0.01603	0.01292	0.00647	0.00836	0.00183	0.19147	0.00564	0.00286	0.00660
14	0.01237	0.01170	0.01559	0.01326	0.01391	0.01573	0.01099	0.09034	0.07037	0.01532	0.00855	0.01214	0.00776	0.00866	0.01495	0.00217	0.66247	0.00468	0.00282	0.00622
15	0.01238	0.01169	0.01636	0.19345	0.21956	0.04625	0.04002	0.03982	0.19603	0.01707	0.01228	0.01457	0.00971	0.00607	0.00680	0.00173	0.11504	0.00494	0.02909	0.00713
16	0.00657	0.00482	0.00609	0.00683	0.00740	0.00455	0.00464	0.00757	0.01002	0.01319	0.05351	0.51788	0.14868	0.10883	0.07132	0.00287	0.00404	0.01248	0.00451	0.00419
17	0.01481	0.04999	0.14311	0.04018	0.12733	0.26646	0.05451	0.06021	0.04448	0.03990	0.03569	0.01312	0.00958	0.00548	0.00488	0.00149	0.00704	0.00435	0.07050	0.00690

[dist]
# distance from previous block
# <min> <max>
0	2

[block]
# block no. 5 follows, 47 sequences, length 12
# corresponding to MSA columns:
# 660-667,669-672
name=unknown_F
#
# <colnr> <probs for GDERKNQSTAVLIFYWHMCP>
#	G	D	E	R	K	N	Q	S	T	A	V	L	I	F	Y	W	H	M	C	P
0	0.03803	0.13109	0.04938	0.01974	0.24349	0.21999	0.17418	0.01726	0.01240	0.01535	0.00920	0.01152	0.00752	0.00480	0.00489	0.00147	0.00741	0.00429	0.02096	0.00701
1	0.45228	0.00748	0.00687	0.00694	0.00876	0.00820	0.00516	0.01151	0.00924	0.01840	0.01666	0.34225	0.01834	0.05929	0.00606	0.00203	0.00368	0.00806	0.00388	0.00491
2	0.01296	0.01252	0.02009	0.02799	0.62365	0.04080	0.05367	0.03564	0.04079	0.01765	0.05491	0.01456	0.01084	0.00513	0.00525	0.00156	0.00613	0.00500	0.00294	0.00793
3	0.00675	0.00489	0.00640	0.00707	0.00778	0.00454	0.00502	0.00822	0.01158	0.01566	0.24618	0.49815	0.08437	0.01438	0.00651	0.00197	0.00294	0.05800	0.00509	0.00447
4	0.19309	0.11955	0.14556	0.02299	0.01395	0.10590	0.00966	0.02798	0.05326	0.01761	0.11985	0.04886	0.01425	0.00673	0.00572	0.00162	0.07897	0.00490	0.00333	0.00621
5	0.01575	0.01258	0.01335	0.01116	0.01461	0.01426	0.00892	0.32963	0.46858	0.02629	0.01765	0.01660	0.01302	0.00673	0.00526	0.00168	0.00478	0.00540	0.00526	0.00849
6	0.01102	0.18378	0.01818	0.38532	0.17559	0.01288	0.01243	0.01391	0.01125	0.01472	0.10132	0.01549	0.01219	0.00558	0.00491	0.00155	0.00596	0.00481	0.00276	0.00636
7	0.01109	0.00857	0.00999	0.00804	0.01101	0.00796	0.00635	0.17365	0.01546	0.02194	0.34113	0.02465	0.05514	0.00762	0.00521	0.00135	0.00362	0.00643	0.00474	0.27604
8	0.01832	0.01386	0.01480	0.01168	0.01559	0.01546	0.00954	0.60811	0.18590	0.03045	0.01437	0.01399	0.01037	0.00643	0.00523	0.00161	0.00538	0.00495	0.00523	0.00872
9	0.01453	0.27623	0.08247	0.01073	0.01464	0.18259	0.00976	0.11592	0.01357	0.01643	0.01109	0.01598	0.01002	0.00611	0.00456	0.00139	0.00629	0.09715	0.00315	0.10740
10	0.00777	0.00596	0.00728	0.00797	0.00884	0.00611	0.00557	0.01164	0.17451	0.01512	0.02709	0.64280	0.03045	0.01433	0.00636	0.00204	0.00326	0.01289	0.00493	0.00509
11	0.01002	0.00972	0.00974	0.00945	0.01076	0.17630	0.00727	0.01177	0.00974	0.01223	0.01268	0.01808	0.01166	0.03181	0.62610	0.00686	0.01297	0.00510	0.00277	0.00495

[dist]
# distance from previous block
# <min> <max>
0	9

# created by:
# /home/cegg/simao/soft/augustus-3.2.1/scripts/msa2prfl.pl ./align_prep/25523.fa
