[name]
unknown

[dist]
# distance from previous block
# <min> <max>
0	66

[block]
# block no. 0 follows, 50 sequences, length 56
# corresponding to MSA columns:
# 66-121
name=unknown_A
#
# <colnr> <probs for GDERKNQSTAVLIFYWHMCP>
#	G	D	E	R	K	N	Q	S	T	A	V	L	I	F	Y	W	H	M	C	P
0	0.00793	0.00567	0.00789	0.00888	0.01003	0.00563	0.00769	0.01023	0.01175	0.01544	0.10527	0.05427	0.03058	0.01340	0.00678	0.00222	0.00436	0.68270	0.00468	0.00460
1	0.01138	0.01093	0.01911	0.02622	0.60188	0.01081	0.09220	0.01417	0.01113	0.01574	0.01204	0.12837	0.01145	0.00602	0.00524	0.00158	0.00574	0.00598	0.00278	0.00722
2	0.00705	0.00510	0.00666	0.00627	0.00745	0.00470	0.00470	0.00941	0.01411	0.01999	0.79110	0.03723	0.04703	0.01019	0.00588	0.00157	0.00235	0.00901	0.00549	0.00470
3	0.00715	0.00522	0.00741	0.00741	0.00810	0.00591	0.00549	0.00852	0.00783	0.01113	0.01390	0.02260	0.01377	0.21986	0.62439	0.00727	0.01138	0.00578	0.00275	0.00412
4	0.01160	0.01104	0.01830	0.04748	0.67293	0.01105	0.01388	0.01468	0.03128	0.01602	0.01389	0.01620	0.08890	0.00536	0.00504	0.00151	0.00554	0.00510	0.00275	0.00745
5	0.01218	0.59319	0.02000	0.00742	0.01080	0.01543	0.00709	0.01398	0.01022	0.01368	0.00959	0.01101	0.00821	0.00470	0.00328	0.00109	0.00447	0.00323	0.24452	0.00590
6	0.00657	0.00492	0.00610	0.00614	0.00724	0.00445	0.00448	0.00835	0.01248	0.01690	0.45432	0.21167	0.21422	0.01194	0.00599	0.00169	0.00251	0.01049	0.00510	0.00445
7	0.00839	0.00583	0.00667	0.00631	0.00687	0.00605	0.00404	0.08683	0.00915	0.01224	0.01638	0.02973	0.04543	0.62984	0.10194	0.00469	0.00568	0.00689	0.00325	0.00377
8	0.01382	0.01095	0.01157	0.00993	0.01289	0.01241	0.00786	0.22416	0.50282	0.02342	0.01766	0.01684	0.01318	0.00646	0.00489	0.00158	0.00419	0.00523	0.09246	0.00771
9	0.51045	0.06285	0.03114	0.00892	0.01204	0.26136	0.00731	0.02816	0.01064	0.01851	0.00731	0.00849	0.00585	0.00479	0.00361	0.00143	0.00567	0.00291	0.00287	0.00568
10	0.01391	0.74387	0.02497	0.00883	0.01307	0.01928	0.00863	0.09355	0.01150	0.01376	0.00745	0.00841	0.00661	0.00444	0.00338	0.00111	0.00535	0.00285	0.00243	0.00661
11	0.01000	0.02578	0.79900	0.01421	0.02157	0.01158	0.01842	0.01579	0.01052	0.01579	0.00895	0.01052	0.00631	0.00474	0.00474	0.00158	0.00737	0.00368	0.00210	0.00737
12	0.00662	0.00476	0.00627	0.00657	0.00735	0.00441	0.00467	0.00831	0.01209	0.01677	0.45312	0.38438	0.04081	0.01259	0.00609	0.00177	0.00259	0.01130	0.00511	0.00441
13	0.00880	0.00479	0.00511	0.00515	0.00634	0.00471	0.00395	0.01107	0.01095	0.01821	0.09864	0.02466	0.05690	0.00717	0.00409	0.00131	0.00250	0.05890	0.66212	0.00463
14	0.01895	0.01396	0.01496	0.01147	0.01546	0.01546	0.00947	0.77711	0.02344	0.03141	0.01197	0.01197	0.00848	0.00598	0.00499	0.00150	0.00548	0.00449	0.00499	0.00848
15	0.01333	0.82783	0.02612	0.00853	0.01279	0.01972	0.00853	0.01493	0.01013	0.01173	0.00693	0.00800	0.00640	0.00426	0.00320	0.00107	0.00533	0.00267	0.00213	0.00640
16	0.10646	0.01231	0.01343	0.01039	0.01426	0.01323	0.00858	0.53340	0.01988	0.19839	0.01314	0.01266	0.00901	0.00588	0.00480	0.00151	0.00504	0.00442	0.00505	0.00816
17	0.00712	0.00534	0.00801	0.00801	0.00890	0.00623	0.00623	0.00890	0.00801	0.01157	0.01335	0.01958	0.01246	0.03738	0.80507	0.00801	0.01335	0.00534	0.00267	0.00445
18	0.01347	0.07358	0.01447	0.05145	0.07052	0.13769	0.08036	0.01590	0.02655	0.13509	0.07717	0.03602	0.04245	0.00576	0.00471	0.00132	0.00534	0.00487	0.00357	0.19973
19	0.01101	0.01229	0.05462	0.01677	0.01976	0.01277	0.40046	0.01401	0.01026	0.01448	0.01050	0.01686	0.00934	0.00677	0.00956	0.00191	0.28688	0.08307	0.00260	0.00609
20	0.00999	0.01192	0.22122	0.01053	0.01359	0.00811	0.05945	0.03173	0.04655	0.09548	0.01895	0.37652	0.01948	0.01004	0.00610	0.00181	0.03991	0.00882	0.00390	0.00592
21	0.01477	0.28831	0.01628	0.00878	0.01244	0.07572	0.00760	0.07018	0.01266	0.17686	0.09230	0.01374	0.01220	0.00543	0.00438	0.00122	0.01774	0.00407	0.00370	0.16163
22	0.01158	0.00882	0.01046	0.00754	0.01191	0.00671	0.00605	0.01376	0.01074	0.09680	0.00997	0.01102	0.00789	0.00395	0.00383	0.00082	0.00375	0.00317	0.00328	0.76795
23	0.00734	0.00493	0.00573	0.00586	0.00599	0.00493	0.00359	0.00760	0.00772	0.01026	0.01691	0.03528	0.01931	0.73339	0.02329	0.00455	0.00481	0.09213	0.00320	0.00320
24	0.46704	0.18442	0.21277	0.00891	0.01334	0.01306	0.00936	0.01500	0.00935	0.01847	0.00745	0.00869	0.00584	0.00458	0.00353	0.00145	0.00506	0.00294	0.00264	0.00611
25	0.01385	0.24060	0.01756	0.05280	0.07009	0.31030	0.05745	0.01573	0.01229	0.01350	0.09074	0.01474	0.05902	0.00576	0.00451	0.00134	0.00653	0.00442	0.00285	0.00594
26	0.01550	0.13795	0.09553	0.00947	0.01398	0.01000	0.03700	0.04791	0.01232	0.29817	0.01264	0.01257	0.00896	0.00489	0.00433	0.00123	0.00477	0.00390	0.00396	0.26491
27	0.01313	0.23998	0.41500	0.01188	0.01764	0.01407	0.01360	0.13178	0.01264	0.07224	0.00962	0.01051	0.00709	0.00490	0.00438	0.00142	0.00631	0.00362	0.00284	0.00735
28	0.00686	0.00467	0.00555	0.00593	0.00603	0.00457	0.00355	0.00715	0.00801	0.01067	0.01958	0.29273	0.02302	0.55804	0.01910	0.00391	0.00419	0.00953	0.00355	0.00336
29	0.02686	0.06950	0.09634	0.22577	0.16150	0.01145	0.01198	0.11867	0.01280	0.12884	0.01228	0.03008	0.00983	0.00589	0.00495	0.00159	0.00574	0.05558	0.00340	0.00694
30	0.01340	0.23650	0.30463	0.01287	0.01806	0.13006	0.09153	0.10796	0.01263	0.01608	0.00871	0.01010	0.00674	0.00476	0.00444	0.00140	0.00694	0.00367	0.00257	0.00694
31	0.00659	0.00508	0.00602	0.00578	0.00716	0.00450	0.00434	0.00850	0.01301	0.01737	0.49391	0.04154	0.34586	0.01117	0.00588	0.00161	0.00242	0.00962	0.00514	0.00450
32	0.05364	0.00853	0.01141	0.00878	0.01261	0.00747	0.00725	0.02393	0.01405	0.76826	0.01919	0.01663	0.01208	0.00611	0.00494	0.00154	0.00423	0.00493	0.00605	0.00837
33	0.00725	0.00483	0.00544	0.00544	0.00544	0.00483	0.00302	0.00725	0.00725	0.00966	0.01571	0.03262	0.01812	0.82483	0.02537	0.00483	0.00483	0.00725	0.00302	0.00302
34	0.01000	0.02578	0.79900	0.01421	0.02157	0.01158	0.01842	0.01579	0.01052	0.01579	0.00895	0.01052	0.00631	0.00474	0.00474	0.00158	0.00737	0.00368	0.00210	0.00737
35	0.00705	0.00510	0.00666	0.00627	0.00745	0.00470	0.00470	0.00941	0.01411	0.01999	0.79110	0.03723	0.04703	0.01019	0.00588	0.00157	0.00235	0.00901	0.00549	0.00470
36	0.01277	0.01246	0.05982	0.02779	0.65377	0.01161	0.06883	0.01590	0.01151	0.06271	0.01002	0.01260	0.00806	0.00454	0.00500	0.00150	0.00607	0.00454	0.00267	0.00782
37	0.15511	0.01256	0.01292	0.01038	0.01397	0.01410	0.00847	0.49134	0.18434	0.02767	0.01293	0.01276	0.00942	0.00593	0.00469	0.00155	0.00489	0.00444	0.00469	0.00785
38	0.01553	0.01548	0.01543	0.11326	0.18544	0.25269	0.01113	0.20665	0.10154	0.01888	0.01067	0.01205	0.00826	0.00536	0.00484	0.00147	0.00661	0.00421	0.00338	0.00711
39	0.01073	0.01003	0.01687	0.33955	0.41085	0.01091	0.01397	0.01377	0.01081	0.01473	0.01093	0.01724	0.00954	0.00562	0.00516	0.00164	0.00607	0.08239	0.00259	0.00662
40	0.00828	0.00686	0.00966	0.26239	0.01649	0.00748	0.00787	0.01207	0.09210	0.01734	0.41354	0.02844	0.08118	0.00835	0.00551	0.00162	0.00389	0.00731	0.00435	0.00526
41	0.01109	0.00741	0.00972	0.00829	0.01072	0.00706	0.06019	0.01527	0.15280	0.16914	0.20818	0.06990	0.21066	0.00907	0.00554	0.00162	0.00354	0.00788	0.00502	0.02690
42	0.01234	0.01178	0.01970	0.02939	0.74765	0.01188	0.01486	0.01596	0.05699	0.01655	0.01002	0.01271	0.00833	0.00458	0.00494	0.00149	0.00580	0.00451	0.00262	0.00790
43	0.69182	0.00980	0.00842	0.00720	0.01045	0.01098	0.00594	0.06990	0.01029	0.12351	0.00895	0.00952	0.00652	0.00492	0.00347	0.00154	0.00402	0.00313	0.00362	0.00602
44	0.10510	0.01645	0.07186	0.01062	0.01400	0.34565	0.00885	0.05792	0.01362	0.24072	0.01391	0.01376	0.05446	0.00584	0.00462	0.00144	0.00641	0.00421	0.00387	0.00668
45	0.06072	0.15761	0.62433	0.01282	0.01942	0.01290	0.01601	0.01558	0.01034	0.01550	0.00849	0.00996	0.00627	0.00465	0.00438	0.00149	0.00682	0.00346	0.00217	0.00709
46	0.01333	0.82783	0.02612	0.00853	0.01279	0.01972	0.00853	0.01493	0.01013	0.01173	0.00693	0.00800	0.00640	0.00426	0.00320	0.00107	0.00533	0.00267	0.00213	0.00640
47	0.00708	0.00519	0.00716	0.00716	0.00787	0.00575	0.00525	0.00837	0.00801	0.01118	0.01616	0.02466	0.05993	0.24157	0.55428	0.00681	0.01049	0.00614	0.00288	0.00406
48	0.86003	0.00964	0.00733	0.00655	0.00964	0.01118	0.00540	0.01465	0.00848	0.02236	0.00694	0.00810	0.00540	0.00463	0.00308	0.00154	0.00386	0.00270	0.00308	0.00540
49	0.00596	0.00505	0.00514	0.00512	0.00677	0.00424	0.00384	0.00729	0.01152	0.01385	0.09420	0.04734	0.74776	0.01248	0.00589	0.00168	0.00251	0.01043	0.00468	0.00424
50	0.08539	0.00962	0.01189	0.00919	0.01301	0.00917	0.00759	0.16746	0.01558	0.59190	0.01723	0.01534	0.01107	0.00602	0.00486	0.00153	0.00445	0.00474	0.00571	0.00825
51	0.01163	0.46346	0.01853	0.00840	0.01108	0.01484	0.00768	0.01331	0.00964	0.01319	0.00931	0.01155	0.00821	0.00781	0.06631	0.00179	0.13402	0.00355	0.17995	0.00573
52	0.01862	0.02376	0.01413	0.01284	0.01541	0.80482	0.00963	0.01990	0.01413	0.01220	0.00770	0.00899	0.00642	0.00514	0.00449	0.00128	0.00899	0.00321	0.00257	0.00578
53	0.01557	0.14484	0.03151	0.01071	0.01441	0.01448	0.03742	0.43967	0.11211	0.02487	0.09240	0.01476	0.01286	0.00614	0.00483	0.00147	0.00510	0.00483	0.00444	0.00759
54	0.01142	0.19243	0.59095	0.01270	0.01922	0.01303	0.01569	0.01611	0.01066	0.06105	0.00916	0.01038	0.00669	0.00472	0.00443	0.00147	0.00676	0.00355	0.00235	0.00723
55	0.01101	0.22113	0.59279	0.01279	0.01929	0.03167	0.01581	0.01567	0.01051	0.01471	0.00843	0.00987	0.00634	0.00463	0.00436	0.00145	0.00691	0.00342	0.00212	0.00709

[dist]
# distance from previous block
# <min> <max>
4	16

[block]
# block no. 1 follows, 50 sequences, length 43
# corresponding to MSA columns:
# 138-180
name=unknown_B
#
# <colnr> <probs for GDERKNQSTAVLIFYWHMCP>
#	G	D	E	R	K	N	Q	S	T	A	V	L	I	F	Y	W	H	M	C	P
0	0.23672	0.36764	0.20707	0.00948	0.01409	0.01505	0.01005	0.01576	0.05681	0.01608	0.00823	0.00928	0.00665	0.00463	0.00365	0.00135	0.00535	0.00310	0.00256	0.00646
1	0.01626	0.16873	0.01633	0.01011	0.01423	0.01120	0.08867	0.08748	0.06004	0.29542	0.01344	0.01322	0.00955	0.00513	0.00450	0.00131	0.00488	0.00424	0.00421	0.17103
2	0.06195	0.33359	0.01847	0.00996	0.01377	0.10963	0.05261	0.03694	0.07304	0.22701	0.01183	0.01180	0.00877	0.00514	0.00419	0.00134	0.00547	0.00383	0.00365	0.00702
3	0.01100	0.00662	0.00838	0.00730	0.00931	0.00626	0.00567	0.04269	0.07305	0.17335	0.53206	0.03021	0.03536	0.00882	0.00556	0.00155	0.00300	0.00765	0.00551	0.02665
4	0.01000	0.02578	0.79900	0.01421	0.02157	0.01158	0.01842	0.01579	0.01052	0.01579	0.00895	0.01052	0.00631	0.00474	0.00474	0.00158	0.00737	0.00368	0.00210	0.00737
5	0.01101	0.01003	0.01415	0.01362	0.09627	0.01118	0.10344	0.01817	0.32288	0.01727	0.04002	0.02390	0.04141	0.00792	0.00710	0.00183	0.11975	0.12941	0.00399	0.00665
6	0.00705	0.00510	0.00666	0.00627	0.00745	0.00470	0.00470	0.00941	0.01411	0.01999	0.79110	0.03723	0.04703	0.01019	0.00588	0.00157	0.00235	0.00901	0.00549	0.00470
7	0.00905	0.00944	0.00742	0.00706	0.00887	0.19203	0.00529	0.01048	0.01242	0.01414	0.15044	0.03723	0.49696	0.01051	0.00556	0.00157	0.00401	0.00858	0.00427	0.00465
8	0.01333	0.82783	0.02612	0.00853	0.01279	0.01972	0.00853	0.01493	0.01013	0.01173	0.00693	0.00800	0.00640	0.00426	0.00320	0.00107	0.00533	0.00267	0.00213	0.00640
9	0.00615	0.00506	0.00541	0.00533	0.00689	0.00432	0.00399	0.00766	0.01198	0.01494	0.21794	0.04554	0.62334	0.01207	0.00589	0.00166	0.00249	0.01018	0.00482	0.00432
10	0.00691	0.00564	0.02775	0.00625	0.00769	0.00479	0.00490	0.00915	0.01349	0.01863	0.62875	0.03856	0.18794	0.01051	0.00585	0.00159	0.00252	0.00916	0.00523	0.00468
11	0.01406	0.71810	0.02451	0.00907	0.01315	0.10302	0.00867	0.03820	0.01095	0.01236	0.00716	0.00822	0.00646	0.00441	0.00339	0.00110	0.00572	0.00278	0.00226	0.00639
12	0.02028	0.01071	0.01352	0.01168	0.08183	0.01059	0.00878	0.28901	0.01725	0.45898	0.01605	0.01480	0.01059	0.00595	0.00500	0.00152	0.00483	0.00478	0.00543	0.00843
13	0.00725	0.00483	0.00544	0.00544	0.00544	0.00483	0.00302	0.00725	0.00725	0.00966	0.01571	0.03262	0.01812	0.82483	0.02537	0.00483	0.00483	0.00725	0.00302	0.00302
14	0.06136	0.01169	0.02046	0.21995	0.12372	0.03587	0.29508	0.01482	0.01067	0.03731	0.00924	0.01259	0.00722	0.00513	0.00667	0.00169	0.11281	0.00484	0.00253	0.00635
15	0.00607	0.00434	0.00578	0.00694	0.00723	0.00405	0.00463	0.00694	0.00954	0.01272	0.02747	0.82157	0.03297	0.01562	0.00636	0.00202	0.00289	0.01417	0.00463	0.00405
16	0.01236	0.01351	0.11907	0.01417	0.01834	0.01204	0.27024	0.14026	0.21845	0.02014	0.09544	0.01671	0.01374	0.00587	0.00538	0.00163	0.00598	0.00564	0.00385	0.00718
17	0.01525	0.01885	0.33907	0.01260	0.01799	0.01385	0.01317	0.46240	0.01810	0.02495	0.01072	0.01137	0.00758	0.00547	0.00488	0.00153	0.00626	0.00416	0.00380	0.00802
18	0.01096	0.00929	0.01000	0.00936	0.01165	0.01051	0.00712	0.02207	0.60928	0.01904	0.02269	0.17446	0.04467	0.00867	0.00535	0.00175	0.00369	0.00745	0.00497	0.00703
19	0.10412	0.01100	0.01236	0.00935	0.01341	0.01076	0.02806	0.30041	0.03303	0.06911	0.01076	0.01138	0.00806	0.00488	0.00428	0.00120	0.00455	0.00376	0.00396	0.35556
20	0.00797	0.00560	0.00669	0.00690	0.00749	0.00562	0.00462	0.08853	0.01016	0.01356	0.02113	0.39731	0.02435	0.33566	0.01378	0.00309	0.00399	0.03541	0.00403	0.00413
21	0.01553	0.09853	0.01455	0.01059	0.01410	0.01459	0.00869	0.37347	0.34975	0.02479	0.01502	0.01440	0.01116	0.00614	0.00483	0.00153	0.00481	0.00479	0.00472	0.00800
22	0.01234	0.01184	0.02023	0.03059	0.79373	0.01184	0.01530	0.01530	0.01135	0.01628	0.00938	0.01234	0.00790	0.00444	0.00493	0.00148	0.00592	0.00444	0.00247	0.00790
23	0.01339	0.01149	0.01932	0.02830	0.71138	0.01137	0.01446	0.01625	0.01166	0.09862	0.01046	0.01282	0.00836	0.00462	0.00494	0.00149	0.00574	0.00450	0.00286	0.00796
24	0.01053	0.22234	0.52363	0.01187	0.01769	0.01288	0.01434	0.01467	0.01008	0.01413	0.00916	0.01223	0.00758	0.09125	0.00653	0.00180	0.00659	0.00381	0.00221	0.00667
25	0.00717	0.00513	0.00694	0.00694	0.00747	0.00565	0.00490	0.00822	0.00769	0.01078	0.01433	0.02498	0.01481	0.36361	0.48205	0.00669	0.00982	0.00613	0.00282	0.00386
26	0.11038	0.01163	0.03894	0.01234	0.09582	0.01231	0.00927	0.26559	0.24152	0.02304	0.01532	0.01916	0.01257	0.00686	0.00503	0.00166	0.00484	0.10198	0.00438	0.00735
27	0.16229	0.00938	0.01014	0.00870	0.01150	0.01008	0.00690	0.13776	0.23116	0.15119	0.14021	0.06717	0.01813	0.00725	0.00491	0.00161	0.00390	0.00590	0.00493	0.00690
28	0.00712	0.00534	0.00801	0.00801	0.00890	0.00623	0.00623	0.00890	0.00801	0.01157	0.01335	0.01958	0.01246	0.03738	0.80507	0.00801	0.01335	0.00534	0.00267	0.00445
29	0.00613	0.00503	0.00523	0.00519	0.00666	0.00432	0.00378	0.00735	0.01116	0.01362	0.10965	0.04544	0.64682	0.09821	0.00795	0.00201	0.00275	0.01005	0.00453	0.00412
30	0.01330	0.01139	0.01915	0.05307	0.68719	0.01134	0.01441	0.01617	0.01161	0.09866	0.01045	0.01286	0.00833	0.00464	0.00494	0.00149	0.00577	0.00450	0.00285	0.00788
31	0.27897	0.01423	0.01325	0.01439	0.18943	0.22163	0.00937	0.09762	0.01274	0.09104	0.00940	0.01052	0.00720	0.00501	0.00426	0.00146	0.00589	0.00363	0.00329	0.00667
32	0.00713	0.00530	0.00783	0.00783	0.00866	0.00613	0.00600	0.00878	0.00796	0.01144	0.01352	0.02051	0.01286	0.09322	0.74978	0.00779	0.01275	0.00548	0.00270	0.00435
33	0.00711	0.00526	0.00684	0.00765	0.00874	0.00500	0.00621	0.00889	0.01122	0.01446	0.07827	0.20962	0.19638	0.01368	0.00650	0.00206	0.00366	0.39939	0.00466	0.00440
34	0.01315	0.01249	0.02360	0.02349	0.33553	0.01211	0.36869	0.06247	0.01248	0.07029	0.01056	0.01315	0.00808	0.00454	0.00538	0.00158	0.00694	0.00515	0.00290	0.00742
35	0.01118	0.01018	0.01633	0.52404	0.23053	0.01174	0.01376	0.09415	0.01175	0.01563	0.00932	0.01290	0.00716	0.00495	0.00497	0.00160	0.00633	0.00444	0.00257	0.00646
36	0.00650	0.00494	0.00599	0.00600	0.00718	0.00443	0.00440	0.00824	0.01240	0.01658	0.41550	0.18301	0.28280	0.01195	0.00597	0.00169	0.00251	0.01043	0.00506	0.00443
37	0.01069	0.00751	0.01083	0.01322	0.19962	0.00732	0.00809	0.01366	0.07750	0.12551	0.13419	0.25448	0.04690	0.00982	0.00567	0.00174	0.00393	0.05878	0.00448	0.00607
38	0.10464	0.09881	0.11595	0.01529	0.22025	0.01121	0.02941	0.04212	0.06571	0.14102	0.01322	0.09786	0.01114	0.00614	0.00472	0.00154	0.00514	0.00521	0.00354	0.00708
39	0.00960	0.00823	0.01078	0.00970	0.01112	0.00978	0.00778	0.03187	0.13635	0.01433	0.01300	0.03610	0.01178	0.01933	0.32053	0.00421	0.21678	0.03036	0.00314	0.09525
40	0.00793	0.00487	0.00655	0.00730	0.00802	0.00451	0.00514	0.00900	0.01017	0.09574	0.02657	0.68440	0.03050	0.01449	0.00626	0.00199	0.00315	0.06406	0.00479	0.00455
41	0.01016	0.02034	0.51702	0.01475	0.02079	0.01111	0.18574	0.01551	0.03712	0.01644	0.09220	0.01427	0.01119	0.00526	0.00512	0.00160	0.00695	0.00480	0.00265	0.00696
42	0.01077	0.02064	0.52704	0.01644	0.14563	0.01108	0.06233	0.01555	0.01079	0.03167	0.00929	0.01110	0.00688	0.00457	0.00473	0.00148	0.00674	0.00389	0.00236	0.09701

[dist]
# distance from previous block
# <min> <max>
0	2

[block]
# block no. 2 follows, 50 sequences, length 34
# corresponding to MSA columns:
# 185-218
name=unknown_C
#
# <colnr> <probs for GDERKNQSTAVLIFYWHMCP>
#	G	D	E	R	K	N	Q	S	T	A	V	L	I	F	Y	W	H	M	C	P
0	0.01073	0.01165	0.13373	0.00859	0.01346	0.00768	0.00799	0.03554	0.01081	0.02932	0.00914	0.01052	0.00733	0.00396	0.00391	0.00090	0.00433	0.00315	0.00293	0.68432
1	0.01510	0.49097	0.09022	0.00954	0.01390	0.02675	0.00931	0.10196	0.04684	0.13743	0.01026	0.01055	0.00794	0.00492	0.00392	0.00126	0.00534	0.00346	0.00322	0.00710
2	0.00966	0.01167	0.13775	0.64579	0.07336	0.01119	0.01464	0.01335	0.01013	0.01340	0.00890	0.01281	0.00666	0.00492	0.00494	0.00164	0.00672	0.00431	0.00221	0.00595
3	0.00741	0.00517	0.00678	0.00633	0.00757	0.00476	0.00476	0.00975	0.01411	0.03786	0.77337	0.03677	0.04623	0.01010	0.00586	0.00157	0.00240	0.00892	0.00550	0.00479
4	0.01396	0.20060	0.39831	0.01149	0.01709	0.02373	0.01305	0.01806	0.03521	0.20575	0.01144	0.01176	0.00808	0.00505	0.00447	0.00145	0.00607	0.00383	0.00320	0.00742
5	0.02643	0.04786	0.13483	0.01195	0.11900	0.00960	0.00940	0.05651	0.13339	0.07014	0.14914	0.02116	0.10460	0.00689	0.00499	0.00149	0.00446	0.00578	0.00400	0.07838
6	0.00725	0.00483	0.00544	0.00544	0.00544	0.00483	0.00302	0.00725	0.00725	0.00966	0.01571	0.03262	0.01812	0.82483	0.02537	0.00483	0.00483	0.00725	0.00302	0.00302
7	0.01150	0.01065	0.01785	0.02641	0.64069	0.01065	0.01388	0.01433	0.01137	0.01602	0.01270	0.02091	0.01196	0.00626	0.00532	0.00164	0.00566	0.15208	0.00288	0.00725
8	0.01307	0.03753	0.05573	0.01420	0.13594	0.02849	0.04657	0.10176	0.46796	0.02029	0.01597	0.01574	0.01209	0.00598	0.00499	0.00160	0.00495	0.00510	0.00424	0.00778
9	0.16896	0.08729	0.10422	0.01832	0.30759	0.09752	0.03839	0.03135	0.03033	0.01669	0.00868	0.01072	0.00708	0.00487	0.00500	0.00149	0.04819	0.00382	0.00262	0.00686
10	0.05382	0.00795	0.00940	0.00781	0.01065	0.00761	0.00626	0.10144	0.06792	0.31375	0.14054	0.02674	0.20846	0.00830	0.00527	0.00159	0.00364	0.00684	0.00534	0.00669
11	0.01359	0.01335	0.05936	0.01787	0.02266	0.01224	0.54231	0.09096	0.05338	0.10474	0.01181	0.01383	0.00853	0.00475	0.00561	0.00164	0.00738	0.00554	0.00328	0.00718
12	0.01662	0.03154	0.04610	0.01052	0.05560	0.03779	0.00835	0.13787	0.07015	0.29984	0.01401	0.01359	0.00983	0.00531	0.00460	0.00132	0.00469	0.00424	0.00449	0.22354
13	0.00664	0.00458	0.00562	0.00622	0.00637	0.00443	0.00385	0.00709	0.00844	0.01125	0.02181	0.44211	0.02583	0.40482	0.01550	0.00337	0.00383	0.01084	0.00385	0.00355
14	0.00679	0.00504	0.00606	0.00583	0.00695	0.00460	0.00421	0.00850	0.01234	0.01672	0.48162	0.03924	0.23187	0.13811	0.00893	0.00211	0.00278	0.00912	0.00488	0.00431
15	0.01151	0.01079	0.01811	0.02679	0.67087	0.01073	0.01364	0.01438	0.01178	0.01686	0.13153	0.01623	0.01401	0.00534	0.00508	0.00149	0.00536	0.00516	0.00294	0.00740
16	0.01099	0.01055	0.01626	0.01936	0.32520	0.01266	0.01199	0.01294	0.00946	0.01406	0.04579	0.01344	0.00950	0.00940	0.07529	0.00234	0.38726	0.00470	0.00249	0.00631
17	0.00646	0.00509	0.00589	0.00612	0.00748	0.00452	0.00471	0.00805	0.01170	0.01483	0.18207	0.13002	0.45275	0.01267	0.00609	0.00179	0.00285	0.12778	0.00478	0.00434
18	0.00638	0.00456	0.00614	0.00729	0.00771	0.00431	0.00516	0.00747	0.00984	0.01307	0.02730	0.70198	0.03230	0.01533	0.00644	0.00207	0.00316	0.13074	0.00462	0.00413
19	0.26813	0.01172	0.09476	0.00930	0.01305	0.01093	0.00827	0.08696	0.20885	0.21799	0.01421	0.01361	0.01002	0.00569	0.00442	0.00158	0.00449	0.00429	0.00443	0.00729
20	0.03190	0.01968	0.13802	0.09892	0.01903	0.38538	0.06848	0.13187	0.01409	0.01618	0.00880	0.01049	0.00681	0.00518	0.00500	0.00146	0.02560	0.00382	0.00282	0.00646
21	0.00724	0.00486	0.00556	0.00556	0.00561	0.00490	0.00318	0.00733	0.00729	0.00976	0.01559	0.03198	0.01784	0.78598	0.06384	0.00499	0.00525	0.00715	0.00300	0.00309
22	0.03834	0.51973	0.16366	0.01016	0.01475	0.10504	0.01041	0.06192	0.01140	0.01402	0.00769	0.00881	0.00648	0.00456	0.00373	0.00122	0.00607	0.00302	0.00238	0.00660
23	0.01393	0.64952	0.07499	0.00958	0.01378	0.14187	0.00935	0.01576	0.01078	0.01207	0.00718	0.00832	0.00639	0.00443	0.00350	0.00113	0.00604	0.00282	0.00220	0.00636
24	0.14038	0.00554	0.00583	0.00583	0.00636	0.00577	0.00364	0.00841	0.00770	0.01202	0.01554	0.11288	0.01759	0.59196	0.03781	0.00409	0.00467	0.00723	0.00319	0.00353
25	0.01062	0.02226	0.56903	0.01517	0.02151	0.05277	0.16863	0.01564	0.01092	0.01550	0.00993	0.04715	0.00776	0.00513	0.00502	0.00160	0.00746	0.00457	0.00232	0.00701
26	0.00704	0.00474	0.00550	0.00571	0.00576	0.00469	0.00331	0.00719	0.00766	0.01021	0.01781	0.17383	0.02078	0.67999	0.02197	0.00433	0.00449	0.00849	0.00331	0.00320
27	0.00716	0.00517	0.00715	0.00715	0.00775	0.00576	0.00516	0.00835	0.00776	0.01094	0.01414	0.02392	0.01435	0.29962	0.54541	0.00695	0.01051	0.00598	0.00279	0.00397
28	0.00780	0.00651	0.01033	0.00969	0.01137	0.00615	0.12637	0.00994	0.01130	0.01475	0.07974	0.19637	0.15772	0.01220	0.00639	0.00199	0.00435	0.31793	0.00434	0.00476
29	0.59798	0.01013	0.00918	0.00768	0.01103	0.01125	0.00633	0.13506	0.01172	0.14485	0.00971	0.01009	0.00696	0.00508	0.00368	0.00154	0.00417	0.00334	0.00386	0.00636
30	0.01011	0.02342	0.68036	0.01378	0.02073	0.01109	0.05080	0.01545	0.01056	0.01584	0.00899	0.01063	0.00648	0.00460	0.00467	0.00149	0.00702	0.00370	0.00221	0.09804
31	0.01791	0.01363	0.01578	0.01446	0.13707	0.01489	0.01038	0.65807	0.02155	0.02905	0.01156	0.01202	0.00839	0.00574	0.00498	0.00149	0.00555	0.00448	0.00459	0.00839
32	0.01212	0.00845	0.00862	0.00845	0.01001	0.12981	0.00624	0.01338	0.01151	0.20468	0.02242	0.45814	0.02356	0.01157	0.00577	0.00181	0.00426	0.04908	0.00468	0.00543
33	0.01398	0.66040	0.06451	0.00950	0.01366	0.14198	0.00922	0.01575	0.01077	0.01201	0.00716	0.00828	0.00640	0.00443	0.00348	0.00113	0.00601	0.00280	0.00220	0.00635

[dist]
# distance from previous block
# <min> <max>
0	5

[block]
# block no. 3 follows, 50 sequences, length 31
# corresponding to MSA columns:
# 224-254
name=unknown_D
#
# <colnr> <probs for GDERKNQSTAVLIFYWHMCP>
#	G	D	E	R	K	N	Q	S	T	A	V	L	I	F	Y	W	H	M	C	P
0	0.00773	0.00497	0.00628	0.00692	0.00772	0.00496	0.00530	0.00939	0.01002	0.01455	0.02191	0.23197	0.02326	0.10258	0.06159	0.00259	0.00418	0.23909	0.23072	0.00429
1	0.01062	0.11426	0.63073	0.01529	0.10150	0.01252	0.01698	0.01564	0.01057	0.01538	0.00876	0.01043	0.00649	0.00465	0.00458	0.00151	0.00699	0.00365	0.00215	0.00731
2	0.17669	0.00830	0.01005	0.00800	0.01143	0.00776	0.00657	0.02117	0.01279	0.57159	0.01694	0.01549	0.01109	0.00584	0.00449	0.00150	0.00397	0.00454	0.09428	0.00751
3	0.55166	0.00902	0.00790	0.00714	0.00992	0.01004	0.00588	0.09664	0.01086	0.02125	0.01600	0.01949	0.12502	0.00692	0.00411	0.00164	0.00391	0.08343	0.00368	0.00547
4	0.00669	0.00508	0.00632	0.00655	0.00768	0.00448	0.00464	0.00806	0.01084	0.01469	0.18471	0.45539	0.15221	0.01279	0.00591	0.00174	0.00281	0.01137	0.00463	0.09340
5	0.00745	0.00577	0.00656	0.00621	0.00785	0.00539	0.00470	0.01061	0.09828	0.03369	0.36005	0.03951	0.37383	0.01081	0.00578	0.00163	0.00265	0.00922	0.00507	0.00492
6	0.00715	0.00523	0.00744	0.00744	0.00813	0.00592	0.00551	0.00853	0.00784	0.01115	0.01388	0.02249	0.01372	0.21316	0.63102	0.00730	0.01145	0.00577	0.00275	0.00413
7	0.18156	0.01059	0.01192	0.00932	0.01307	0.01086	0.00770	0.28140	0.01631	0.38544	0.01458	0.01355	0.00968	0.00581	0.00463	0.00153	0.00460	0.00439	0.00517	0.00789
8	0.00712	0.00534	0.00801	0.00801	0.00890	0.00623	0.00623	0.00890	0.00801	0.01157	0.01335	0.01958	0.01246	0.03738	0.80507	0.00801	0.01335	0.00534	0.00267	0.00445
9	0.00728	0.00523	0.00785	0.00785	0.00865	0.00603	0.00603	0.00865	0.00785	0.01127	0.01286	0.01912	0.01206	0.03528	0.72276	0.09676	0.01241	0.00523	0.00262	0.00421
10	0.01402	0.01435	0.08601	0.02373	0.50548	0.12371	0.01377	0.01681	0.01184	0.09733	0.01007	0.01214	0.00796	0.00491	0.00529	0.00149	0.03648	0.00426	0.00283	0.00752
11	0.54114	0.31779	0.01440	0.00730	0.01083	0.01440	0.00658	0.01475	0.00910	0.01836	0.00694	0.00806	0.00577	0.00449	0.00313	0.00136	0.00441	0.00269	0.00273	0.00577
12	0.23699	0.02147	0.58759	0.01216	0.01839	0.01147	0.01494	0.01548	0.00998	0.01754	0.00841	0.00988	0.00607	0.00471	0.00429	0.00157	0.00643	0.00342	0.00237	0.00684
13	0.01049	0.14496	0.68415	0.01336	0.02027	0.01279	0.01695	0.01566	0.01046	0.01518	0.00865	0.01015	0.00633	0.00467	0.00451	0.00150	0.00706	0.00353	0.00211	0.00722
14	0.00799	0.02977	0.16470	0.00836	0.01085	0.00705	0.00774	0.01179	0.09626	0.01642	0.24971	0.23157	0.11776	0.01026	0.00562	0.00170	0.00375	0.00893	0.00437	0.00540
15	0.01898	0.00997	0.01201	0.00964	0.01322	0.01005	0.00782	0.14269	0.23565	0.45576	0.01864	0.01665	0.01256	0.00631	0.00503	0.00158	0.00435	0.00511	0.00567	0.00831
16	0.01034	0.00886	0.01034	0.00738	0.01181	0.00664	0.00591	0.01255	0.01034	0.01624	0.00886	0.01034	0.00738	0.00369	0.00369	0.00074	0.00369	0.00295	0.00295	0.85530
17	0.00941	0.00886	0.01495	0.81285	0.03433	0.01107	0.01384	0.01274	0.00997	0.01274	0.00886	0.01329	0.00664	0.00498	0.00498	0.00166	0.00664	0.00443	0.00221	0.00554
18	0.00690	0.00469	0.00554	0.00588	0.00596	0.00460	0.00349	0.00716	0.00792	0.01056	0.01915	0.26382	0.02247	0.58769	0.01980	0.00401	0.00426	0.00928	0.00349	0.00332
19	0.00662	0.00508	0.00606	0.00581	0.00718	0.00452	0.00436	0.00856	0.01307	0.01753	0.51217	0.04128	0.32750	0.01111	0.00588	0.00161	0.00242	0.00958	0.00516	0.00452
20	0.00715	0.00524	0.00750	0.00750	0.00821	0.00595	0.00559	0.00857	0.00786	0.01119	0.01382	0.02218	0.01359	0.19446	0.64954	0.00738	0.01165	0.00572	0.00274	0.00417
21	0.00628	0.00482	0.00532	0.00560	0.00652	0.00433	0.00380	0.00713	0.00988	0.01232	0.03612	0.23094	0.41243	0.21914	0.01094	0.00256	0.00320	0.01057	0.00422	0.00387
22	0.01348	0.01165	0.01704	0.16213	0.39130	0.01247	0.01279	0.23336	0.02986	0.01998	0.01178	0.01385	0.03720	0.00533	0.00500	0.00153	0.00576	0.00470	0.00328	0.00751
23	0.01298	0.71977	0.04662	0.00917	0.01307	0.01903	0.00905	0.01464	0.00988	0.01187	0.00695	0.00837	0.00641	0.00474	0.00462	0.00120	0.09030	0.00287	0.00214	0.00632
24	0.66840	0.00971	0.00850	0.00724	0.01051	0.01080	0.00597	0.06325	0.01037	0.15223	0.00937	0.00982	0.00675	0.00497	0.00352	0.00154	0.00402	0.00320	0.00372	0.00610
25	0.00607	0.00434	0.00578	0.00694	0.00723	0.00405	0.00463	0.00694	0.00954	0.01272	0.02747	0.82157	0.03297	0.01562	0.00636	0.00202	0.00289	0.01417	0.00463	0.00405
26	0.01106	0.01039	0.01409	0.01860	0.36967	0.07863	0.01037	0.01438	0.08866	0.01487	0.04803	0.01774	0.01245	0.11730	0.14918	0.00308	0.00700	0.00519	0.00299	0.00632
27	0.00969	0.02361	0.71598	0.01338	0.02009	0.01086	0.01698	0.01512	0.01090	0.01623	0.09090	0.01332	0.01058	0.00531	0.00486	0.00158	0.00684	0.00424	0.00246	0.00709
28	0.01021	0.07764	0.74903	0.01384	0.02101	0.01210	0.01778	0.01573	0.01050	0.01552	0.00881	0.01036	0.00632	0.00471	0.00464	0.00155	0.00723	0.00362	0.00211	0.00730
29	0.01128	0.01077	0.01833	0.31257	0.51999	0.01157	0.01477	0.01437	0.01085	0.01500	0.00919	0.01268	0.00744	0.00464	0.00495	0.00155	0.00618	0.00444	0.00238	0.00705
30	0.00712	0.00534	0.00801	0.00801	0.00890	0.00623	0.00623	0.00890	0.00801	0.01157	0.01335	0.01958	0.01246	0.03738	0.80507	0.00801	0.01335	0.00534	0.00267	0.00445

[dist]
# distance from previous block
# <min> <max>
0	0

# created by:
# /home/cegg/simao/soft/augustus-3.2.1/scripts/msa2prfl.pl ./align_prep/25569.fa
