[name]
unknown

[dist]
# distance from previous block
# <min> <max>
0	174

[block]
# block no. 0 follows, 44 sequences, length 39
# corresponding to MSA columns:
# 174-212
name=unknown_A
#
# <colnr> <probs for GDERKNQSTAVLIFYWHMCP>
#	G	D	E	R	K	N	Q	S	T	A	V	L	I	F	Y	W	H	M	C	P
0	0.03517	0.19563	0.07282	0.04120	0.06274	0.07197	0.00985	0.01661	0.01309	0.14322	0.11600	0.02535	0.03521	0.00800	0.00539	0.00170	0.00553	0.12954	0.00416	0.00681
1	0.07171	0.04310	0.08037	0.01934	0.22329	0.04655	0.13586	0.14023	0.08814	0.05090	0.01275	0.04104	0.01015	0.00590	0.00541	0.00169	0.00654	0.00533	0.00369	0.00802
2	0.03872	0.14160	0.01880	0.07279	0.24824	0.13303	0.01190	0.09399	0.08059	0.06274	0.03851	0.01395	0.01053	0.00572	0.00503	0.00156	0.00640	0.00462	0.00354	0.00774
3	0.06929	0.03945	0.01113	0.01039	0.04710	0.03791	0.00760	0.01467	0.14392	0.01718	0.08448	0.21609	0.05854	0.01215	0.05701	0.00229	0.09316	0.00819	0.00425	0.06522
4	0.01506	0.24660	0.01989	0.12316	0.15187	0.06003	0.01134	0.13740	0.06734	0.04729	0.01138	0.01312	0.00906	0.00680	0.03326	0.00177	0.00648	0.00438	0.02622	0.00756
5	0.00672	0.00478	0.00630	0.00749	0.00778	0.00448	0.00495	0.00761	0.01028	0.01370	0.02922	0.75563	0.03502	0.06771	0.00829	0.00241	0.00330	0.01501	0.00495	0.00436
6	0.00859	0.00713	0.00919	0.00910	0.01019	0.05670	0.00705	0.01051	0.00919	0.01270	0.01421	0.02068	0.01321	0.03863	0.73677	0.00829	0.01430	0.00569	0.00291	0.00496
7	0.01270	0.18759	0.46914	0.01282	0.01907	0.01328	0.01517	0.01722	0.01205	0.09321	0.05996	0.04149	0.01147	0.00603	0.00500	0.00162	0.00672	0.00472	0.00309	0.00764
8	0.00651	0.00527	0.00579	0.00620	0.00754	0.00455	0.00444	0.00775	0.01178	0.01446	0.04700	0.29844	0.53153	0.01488	0.00661	0.00196	0.00289	0.01281	0.00506	0.00455
9	0.00662	0.00485	0.00622	0.00732	0.00784	0.00445	0.00494	0.00762	0.01070	0.01402	0.03338	0.70542	0.13333	0.01665	0.00689	0.00216	0.00311	0.01497	0.00506	0.00445
10	0.71887	0.01145	0.00924	0.07842	0.01337	0.06176	0.00703	0.01620	0.00982	0.02280	0.00783	0.00943	0.00610	0.00513	0.00366	0.00168	0.00485	0.00316	0.00325	0.00594
11	0.00754	0.00551	0.00708	0.00681	0.00807	0.00505	0.00506	0.00990	0.01484	0.02074	0.66313	0.09752	0.10479	0.01178	0.00647	0.00176	0.00263	0.01040	0.00586	0.00505
12	0.03215	0.11269	0.27727	0.01535	0.08369	0.05205	0.05113	0.24464	0.01623	0.04830	0.01094	0.01211	0.00807	0.00555	0.00511	0.00161	0.00698	0.00436	0.00353	0.00824
13	0.01277	0.01176	0.01835	0.12452	0.28583	0.01129	0.09036	0.06813	0.01283	0.01842	0.01027	0.01299	0.00827	0.00475	0.00506	0.00140	0.00601	0.00448	0.00304	0.28946
14	0.04585	0.21253	0.05137	0.08075	0.07009	0.27129	0.01112	0.09610	0.08054	0.01716	0.01018	0.01153	0.00819	0.00553	0.00472	0.00148	0.00724	0.00396	0.00317	0.00719
15	0.02387	0.00915	0.01246	0.00960	0.01371	0.00791	0.00791	0.02599	0.01560	0.75145	0.04801	0.01934	0.01484	0.00690	0.00552	0.00169	0.00457	0.00564	0.00672	0.00913
16	0.12960	0.01315	0.01323	0.01106	0.01461	0.03790	0.00887	0.31038	0.32321	0.02722	0.04352	0.01637	0.01328	0.00683	0.00523	0.00173	0.00506	0.00529	0.00515	0.00831
17	0.01334	0.00995	0.01493	0.01284	0.06345	0.00951	0.14998	0.04568	0.12586	0.15202	0.11158	0.04629	0.15178	0.00817	0.00590	0.00172	0.00498	0.00740	0.00485	0.05978
18	0.01474	0.01118	0.01735	0.27443	0.29661	0.01188	0.01356	0.09093	0.01378	0.14736	0.01419	0.01632	0.04165	0.00592	0.00548	0.00171	0.00622	0.00525	0.00367	0.00780
19	0.01177	0.20889	0.60682	0.01411	0.02138	0.01472	0.01765	0.01705	0.01141	0.01624	0.00928	0.01087	0.00693	0.00506	0.00479	0.00160	0.00754	0.00377	0.00231	0.00781
20	0.00644	0.00552	0.00552	0.00552	0.00736	0.00460	0.00414	0.00782	0.01243	0.01473	0.05523	0.05247	0.77218	0.01381	0.00644	0.00184	0.00276	0.01151	0.00506	0.00460
21	0.04702	0.01020	0.01273	0.01283	0.11342	0.01060	0.00886	0.03735	0.29895	0.21453	0.15208	0.02200	0.02038	0.00745	0.00558	0.00174	0.00440	0.00632	0.00547	0.00809
22	0.01401	0.01235	0.02056	0.15162	0.55637	0.01272	0.03205	0.05262	0.01302	0.06589	0.01103	0.01398	0.00875	0.00515	0.00544	0.00166	0.00652	0.00493	0.00304	0.00827
23	0.05296	0.01139	0.08611	0.01029	0.01485	0.00899	0.00920	0.05642	0.01541	0.64615	0.01952	0.01730	0.01241	0.00653	0.00538	0.00169	0.00501	0.00523	0.00614	0.00904
24	0.00779	0.00584	0.00876	0.00876	0.00974	0.00681	0.00681	0.00974	0.00876	0.01266	0.01460	0.02142	0.01363	0.04089	0.78680	0.00876	0.01460	0.00584	0.00292	0.00487
25	0.01030	0.00969	0.01635	0.79530	0.03755	0.01211	0.01514	0.01393	0.01090	0.01393	0.00969	0.01453	0.00727	0.00545	0.00545	0.00182	0.00727	0.00484	0.00242	0.00606
26	0.00975	0.00792	0.00844	0.09488	0.01228	0.06271	0.00646	0.03144	0.01278	0.07645	0.03894	0.15965	0.43388	0.01203	0.00620	0.00185	0.00408	0.01015	0.00475	0.00537
27	0.01182	0.00704	0.01029	0.19984	0.01657	0.00716	0.00822	0.01370	0.01179	0.19783	0.02304	0.42326	0.02362	0.01176	0.00624	0.00199	0.00452	0.01049	0.00482	0.00599
28	0.02251	0.00885	0.01203	0.00937	0.01324	0.00768	0.00768	0.02467	0.01558	0.68989	0.10906	0.02114	0.01792	0.00726	0.00559	0.00169	0.00440	0.00599	0.00666	0.00880
29	0.00664	0.00474	0.00633	0.00759	0.00791	0.00443	0.00506	0.00759	0.01044	0.01392	0.03005	0.80485	0.03606	0.01708	0.00696	0.00221	0.00316	0.01550	0.00506	0.00443
30	0.01262	0.00948	0.01349	0.01685	0.26024	0.00950	0.00997	0.01733	0.15441	0.11823	0.04424	0.18342	0.08530	0.00938	0.00595	0.00184	0.00466	0.03117	0.00463	0.00729
31	0.00959	0.00708	0.00873	0.00865	0.01005	0.00774	0.00649	0.06554	0.13911	0.01716	0.02096	0.26536	0.02088	0.02148	0.26795	0.00420	0.00733	0.00876	0.09722	0.00570
32	0.01193	0.01193	0.01670	0.01431	0.01431	0.01670	0.01193	0.01312	0.00835	0.01312	0.00716	0.01193	0.00716	0.00954	0.01789	0.00239	0.79843	0.00477	0.00239	0.00596
33	0.01130	0.00969	0.01130	0.00807	0.01292	0.00727	0.00646	0.01373	0.01130	0.01776	0.00969	0.01130	0.00807	0.00404	0.00404	0.00081	0.00404	0.00323	0.00323	0.84173
34	0.01458	0.81168	0.02857	0.00933	0.01399	0.02157	0.00933	0.01632	0.01108	0.01283	0.00758	0.00875	0.00700	0.00466	0.00350	0.00117	0.00583	0.00292	0.00233	0.00700
35	0.01349	0.01295	0.02213	0.03346	0.77440	0.01295	0.01673	0.01673	0.01241	0.01781	0.01025	0.01349	0.00864	0.00486	0.00540	0.00162	0.00648	0.00486	0.00270	0.00864
36	0.00940	0.00822	0.00784	0.00776	0.00870	0.10858	0.00531	0.01104	0.03844	0.01511	0.21410	0.19132	0.05547	0.27912	0.01346	0.00298	0.00463	0.00945	0.00443	0.00464
37	0.01458	0.00899	0.01320	0.13376	0.01717	0.00903	0.07289	0.09025	0.03494	0.23822	0.07458	0.22906	0.02052	0.00944	0.00602	0.00186	0.00503	0.00842	0.00506	0.00699
38	0.10465	0.01432	0.01603	0.04068	0.01690	0.15681	0.10655	0.09746	0.07842	0.12848	0.01250	0.01385	0.00941	0.00650	0.00721	0.00176	0.13433	0.00481	0.04210	0.00722

[dist]
# distance from previous block
# <min> <max>
0	181

[block]
# block no. 1 follows, 44 sequences, length 30
# corresponding to MSA columns:
# 394-423
name=unknown_B
#
# <colnr> <probs for GDERKNQSTAVLIFYWHMCP>
#	G	D	E	R	K	N	Q	S	T	A	V	L	I	F	Y	W	H	M	C	P
0	0.01037	0.11766	0.01403	0.15624	0.08931	0.00978	0.03002	0.01286	0.03344	0.05079	0.08596	0.32414	0.02309	0.01041	0.00588	0.00185	0.00483	0.00929	0.00408	0.00598
1	0.01220	0.06214	0.62923	0.04286	0.02305	0.01293	0.04139	0.03701	0.01212	0.06237	0.01050	0.01205	0.00742	0.00528	0.00518	0.00170	0.00770	0.00419	0.00267	0.00802
2	0.01262	0.01750	0.25325	0.04275	0.42215	0.01294	0.05133	0.01801	0.08261	0.01801	0.01125	0.01361	0.00881	0.00520	0.00539	0.00169	0.00690	0.00480	0.00284	0.00834
3	0.01875	0.00857	0.01040	0.00841	0.01157	0.00816	0.00681	0.12138	0.01546	0.40056	0.01900	0.01845	0.01309	0.00658	0.00487	0.00153	0.00406	0.00526	0.30934	0.00775
4	0.01413	0.01253	0.01866	0.02522	0.49438	0.01310	0.01378	0.04561	0.23952	0.04543	0.01432	0.01571	0.01123	0.00574	0.00545	0.00169	0.00575	0.00527	0.00379	0.00868
5	0.01327	0.02127	0.39954	0.10417	0.12499	0.09031	0.03802	0.01856	0.05423	0.06805	0.01122	0.01300	0.00822	0.00542	0.00529	0.00170	0.00753	0.00447	0.00291	0.00783
6	0.01191	0.01059	0.01355	0.11925	0.01667	0.04808	0.01079	0.10110	0.01261	0.01687	0.01718	0.03002	0.04470	0.01040	0.01029	0.00219	0.27047	0.24357	0.00374	0.00603
7	0.00793	0.00529	0.00595	0.00595	0.00595	0.00529	0.00330	0.00793	0.00793	0.01057	0.01718	0.03568	0.01982	0.80840	0.02775	0.00529	0.00529	0.00793	0.00330	0.00330
8	0.00930	0.00899	0.01702	0.01371	0.01638	0.00837	0.31414	0.01194	0.01207	0.01620	0.09489	0.34837	0.08248	0.01111	0.00665	0.00198	0.00556	0.01092	0.00420	0.00572
9	0.01287	0.01840	0.20099	0.04681	0.02687	0.06768	0.50992	0.01760	0.01267	0.01701	0.01052	0.01363	0.00784	0.00483	0.00601	0.00178	0.00891	0.00563	0.00265	0.00740
10	0.00657	0.00503	0.00603	0.00684	0.00771	0.00449	0.00473	0.00768	0.01116	0.01421	0.03921	0.53102	0.30396	0.01589	0.00677	0.00208	0.00302	0.01405	0.00506	0.00449
11	0.01287	0.01471	0.03217	0.02298	0.02849	0.01379	0.75460	0.01746	0.01287	0.01746	0.01103	0.01471	0.00827	0.00460	0.00643	0.00184	0.00919	0.00643	0.00276	0.00735
12	0.01567	0.01171	0.01857	0.06664	0.41647	0.01238	0.01370	0.01830	0.01238	0.19920	0.01237	0.01449	0.00946	0.00617	0.00763	0.00178	0.14630	0.00499	0.00360	0.00817
13	0.02446	0.00928	0.01265	0.00970	0.01392	0.00801	0.00801	0.02657	0.01560	0.77817	0.02151	0.01856	0.01350	0.00675	0.00548	0.00169	0.00464	0.00548	0.00675	0.00928
14	0.00779	0.00584	0.00876	0.00876	0.00974	0.00681	0.00681	0.00974	0.00876	0.01266	0.01460	0.02142	0.01363	0.04089	0.78680	0.00876	0.01460	0.00584	0.00292	0.00487
15	0.01314	0.13872	0.57639	0.01392	0.02101	0.01337	0.01708	0.01829	0.01196	0.11130	0.01092	0.01199	0.00774	0.00530	0.00498	0.00164	0.00731	0.00405	0.00286	0.00806
16	0.00681	0.00554	0.00602	0.00590	0.00759	0.00476	0.00443	0.00853	0.01328	0.01676	0.25904	0.04913	0.56710	0.01305	0.00644	0.00181	0.00271	0.01104	0.00533	0.00476
17	0.00664	0.00474	0.00633	0.00759	0.00791	0.00443	0.00506	0.00759	0.01044	0.01392	0.03005	0.80485	0.03606	0.01708	0.00696	0.00221	0.00316	0.01550	0.00506	0.00443
18	0.01292	0.01226	0.01935	0.30839	0.41961	0.03550	0.01547	0.05987	0.01264	0.01714	0.01009	0.01370	0.00809	0.00532	0.00573	0.00171	0.02706	0.00481	0.00276	0.00760
19	0.01559	0.67402	0.02627	0.01015	0.01449	0.15560	0.00954	0.01728	0.01184	0.01292	0.00773	0.00894	0.00700	0.00483	0.00375	0.00121	0.00653	0.00302	0.00242	0.00688
20	0.01165	0.11880	0.19019	0.00995	0.01551	0.01038	0.00998	0.01488	0.01132	0.01700	0.00944	0.01102	0.00767	0.00438	0.00423	0.00107	0.00520	0.00337	0.00290	0.54107
21	0.01208	0.07300	0.40237	0.01894	0.20174	0.01257	0.06837	0.01672	0.01215	0.04433	0.04454	0.01528	0.04253	0.00571	0.00533	0.00167	0.00703	0.00494	0.00287	0.00785
22	0.01403	0.01238	0.01900	0.14701	0.45269	0.01308	0.01441	0.16778	0.01477	0.02035	0.01205	0.06550	0.01035	0.00610	0.00552	0.00169	0.00629	0.00556	0.00338	0.00809
23	0.01030	0.00969	0.01635	0.79530	0.03755	0.01211	0.01514	0.01393	0.01090	0.01393	0.00969	0.01453	0.00727	0.00545	0.00545	0.00182	0.00727	0.00484	0.00242	0.00606
24	0.01377	0.01644	0.21021	0.04657	0.43323	0.01245	0.07759	0.01779	0.01249	0.09058	0.01127	0.01362	0.00861	0.00511	0.00544	0.00168	0.00694	0.00484	0.00299	0.00838
25	0.01504	0.01854	0.06923	0.16786	0.04027	0.37659	0.06146	0.03431	0.01362	0.01473	0.01334	0.09459	0.04328	0.00701	0.00544	0.00165	0.00800	0.00565	0.00308	0.00632
26	0.00779	0.00584	0.00876	0.00876	0.00974	0.00681	0.00681	0.00974	0.00876	0.01266	0.01460	0.02142	0.01363	0.04089	0.78680	0.00876	0.01460	0.00584	0.00292	0.00487
27	0.01458	0.81168	0.02857	0.00933	0.01399	0.02157	0.00933	0.01632	0.01108	0.01283	0.00758	0.00875	0.00700	0.00466	0.00350	0.00117	0.00583	0.00292	0.00233	0.00700
28	0.01081	0.09069	0.39382	0.10327	0.06664	0.03181	0.01475	0.01493	0.01130	0.01566	0.03429	0.07632	0.02940	0.07497	0.00719	0.00201	0.00683	0.00561	0.00282	0.00688
29	0.01073	0.00828	0.00933	0.00864	0.01016	0.00919	0.00621	0.06793	0.26829	0.01677	0.01818	0.02647	0.01696	0.35021	0.14494	0.00443	0.00655	0.00676	0.00416	0.00581

[dist]
# distance from previous block
# <min> <max>
5	28

[block]
# block no. 2 follows, 44 sequences, length 9
# corresponding to MSA columns:
# 458-466
name=unknown_C
#
# <colnr> <probs for GDERKNQSTAVLIFYWHMCP>
#	G	D	E	R	K	N	Q	S	T	A	V	L	I	F	Y	W	H	M	C	P
0	0.17491	0.10918	0.01331	0.00955	0.01244	0.06969	0.04198	0.11757	0.03836	0.03398	0.01342	0.06626	0.01242	0.12400	0.04473	0.00244	0.00584	0.01925	0.04005	0.05061
1	0.01504	0.14448	0.12812	0.01599	0.15969	0.01430	0.04439	0.20812	0.04709	0.05700	0.05465	0.01567	0.03726	0.00612	0.00518	0.00158	0.00601	0.00505	0.00388	0.03039
2	0.01699	0.04135	0.23598	0.01574	0.12323	0.04913	0.01356	0.23147	0.05185	0.14764	0.01319	0.01366	0.00938	0.00589	0.00529	0.00165	0.00652	0.00468	0.00417	0.00860
3	0.00812	0.00528	0.00646	0.00646	0.00658	0.00540	0.00394	0.00804	0.00792	0.01068	0.01579	0.03124	0.01761	0.60285	0.12180	0.12174	0.00637	0.00722	0.00313	0.00337
4	0.01457	0.07318	0.23106	0.01824	0.18462	0.11998	0.08634	0.04271	0.01337	0.08916	0.03478	0.01509	0.04107	0.00580	0.00532	0.00163	0.00715	0.00494	0.00325	0.00773
5	0.01708	0.11194	0.19349	0.04518	0.01822	0.28985	0.01223	0.02123	0.08689	0.13517	0.01209	0.01268	0.00896	0.00575	0.00499	0.00156	0.00750	0.00419	0.00351	0.00748
6	0.01465	0.00710	0.00957	0.00848	0.01080	0.00666	0.00659	0.01636	0.01231	0.34218	0.02452	0.13324	0.10404	0.06179	0.21151	0.00383	0.00686	0.00779	0.00513	0.00659
7	0.00822	0.00636	0.00817	0.00824	0.00939	0.00690	0.00611	0.01161	0.11431	0.01436	0.02353	0.17791	0.10595	0.09558	0.37141	0.00544	0.00879	0.00859	0.00398	0.00514
8	0.01550	0.25350	0.20958	0.04107	0.12317	0.12336	0.01329	0.04364	0.01298	0.10065	0.01042	0.01167	0.00801	0.00527	0.00473	0.00150	0.00695	0.00396	0.00304	0.00769

[dist]
# distance from previous block
# <min> <max>
2	5

[block]
# block no. 3 follows, 44 sequences, length 31
# corresponding to MSA columns:
# 472-502
name=unknown_D
#
# <colnr> <probs for GDERKNQSTAVLIFYWHMCP>
#	G	D	E	R	K	N	Q	S	T	A	V	L	I	F	Y	W	H	M	C	P
0	0.01108	0.00986	0.01378	0.07566	0.15524	0.01167	0.01001	0.01465	0.12143	0.01477	0.01320	0.02060	0.01259	0.23180	0.04063	0.00314	0.22469	0.00591	0.00319	0.00609
1	0.06268	0.07436	0.05495	0.01410	0.13914	0.03800	0.01026	0.21167	0.01547	0.05546	0.01088	0.01208	0.00842	0.00517	0.00471	0.00134	0.00552	0.00405	0.00376	0.26796
2	0.01119	0.01594	0.25404	0.26828	0.13721	0.01136	0.01505	0.01534	0.01140	0.01638	0.00980	0.01274	0.00753	0.00497	0.00505	0.00154	0.00669	0.00424	0.00260	0.18865
3	0.00700	0.00547	0.00607	0.00601	0.00737	0.00484	0.00431	0.00845	0.01241	0.01586	0.22949	0.07833	0.44381	0.13512	0.00973	0.00235	0.00312	0.01071	0.00503	0.00453
4	0.01586	0.09777	0.01847	0.01826	0.22717	0.16099	0.03465	0.11861	0.21474	0.01996	0.01321	0.01412	0.01036	0.00587	0.00519	0.00160	0.00649	0.00481	0.00381	0.00807
5	0.01087	0.01304	0.20517	0.01033	0.01394	0.00906	0.02932	0.10686	0.03960	0.04372	0.31094	0.05886	0.08251	0.03353	0.00661	0.00185	0.00481	0.00770	0.00473	0.00657
6	0.01341	0.03918	0.46343	0.01702	0.11765	0.01226	0.07070	0.04222	0.01267	0.10981	0.01173	0.01319	0.00838	0.00536	0.00525	0.00168	0.00719	0.00453	0.03623	0.00812
7	0.01614	0.68478	0.02605	0.00939	0.01398	0.01943	0.00912	0.01794	0.01179	0.13387	0.00978	0.01030	0.00802	0.00499	0.00381	0.00125	0.00564	0.00332	0.00303	0.00736
8	0.00644	0.00552	0.00552	0.00552	0.00736	0.00460	0.00414	0.00782	0.01243	0.01473	0.05523	0.05247	0.77218	0.01381	0.00644	0.00184	0.00276	0.01151	0.00506	0.00460
9	0.01120	0.28309	0.12372	0.03031	0.01527	0.03768	0.07813	0.01365	0.01130	0.01442	0.01706	0.23950	0.04160	0.00911	0.00561	0.00172	0.02096	0.03609	0.00336	0.00623
10	0.01597	0.13110	0.15808	0.01811	0.17876	0.15669	0.07767	0.13293	0.01484	0.05047	0.01043	0.01205	0.00807	0.00535	0.00510	0.00156	0.00737	0.00436	0.00320	0.00789
11	0.00784	0.00563	0.00770	0.00770	0.00831	0.00624	0.00550	0.00906	0.00845	0.01187	0.01557	0.02677	0.01595	0.32905	0.50182	0.00746	0.01110	0.00662	0.00306	0.00428
12	0.01306	0.01688	0.26352	0.19089	0.20399	0.01257	0.01565	0.11082	0.01353	0.04399	0.01114	0.01359	0.00832	0.00545	0.00526	0.00168	0.00682	0.00463	0.05044	0.00778
13	0.01404	0.04061	0.12631	0.02337	0.37552	0.01261	0.10462	0.06207	0.03433	0.08176	0.03700	0.03993	0.01123	0.00579	0.00553	0.00168	0.00653	0.00546	0.00340	0.00819
14	0.01168	0.01062	0.01538	0.12692	0.23091	0.02269	0.05401	0.03559	0.17609	0.01838	0.09880	0.02309	0.08828	0.05545	0.00705	0.00196	0.00547	0.00657	0.00397	0.00710
15	0.00779	0.00584	0.00876	0.00876	0.00974	0.00681	0.00681	0.00974	0.00876	0.01266	0.01460	0.02142	0.01363	0.04089	0.78680	0.00876	0.01460	0.00584	0.00292	0.00487
16	0.01087	0.00998	0.01627	0.13828	0.42622	0.01019	0.01278	0.01349	0.01176	0.01610	0.01866	0.19076	0.08487	0.00845	0.00584	0.00180	0.00552	0.00780	0.00339	0.00696
17	0.36715	0.07130	0.13739	0.01102	0.01495	0.20670	0.01013	0.04841	0.01193	0.01951	0.00836	0.00987	0.00663	0.00551	0.00497	0.00163	0.05150	0.00345	0.00302	0.00657
18	0.02072	0.01527	0.01636	0.01254	0.01691	0.01691	0.01036	0.75622	0.02563	0.03436	0.01309	0.01309	0.00927	0.00654	0.00545	0.00164	0.00600	0.00491	0.00545	0.00927
19	0.01626	0.07786	0.23992	0.04171	0.05864	0.06931	0.09006	0.09810	0.03583	0.18752	0.01328	0.02539	0.00959	0.00584	0.00532	0.00166	0.00687	0.00487	0.00387	0.00810
20	0.01555	0.31503	0.30854	0.01186	0.01770	0.01512	0.01316	0.04443	0.01272	0.18053	0.01161	0.01206	0.00844	0.00537	0.00463	0.00151	0.00642	0.00396	0.00338	0.00797
21	0.01093	0.02820	0.78016	0.01554	0.02360	0.01266	0.02014	0.01727	0.01151	0.01727	0.00978	0.01151	0.00691	0.00518	0.00518	0.00173	0.00806	0.00403	0.00230	0.00806
22	0.01152	0.06308	0.10218	0.05129	0.34957	0.01114	0.01276	0.01393	0.01148	0.01601	0.08111	0.01832	0.06058	0.00832	0.00830	0.12630	0.03886	0.00549	0.00300	0.00675
23	0.01172	0.13120	0.56466	0.01585	0.02306	0.01403	0.13132	0.01717	0.01166	0.01670	0.00968	0.01163	0.00713	0.00502	0.00515	0.00167	0.00793	0.00425	0.00238	0.00781
24	0.01458	0.81168	0.02857	0.00933	0.01399	0.02157	0.00933	0.01632	0.01108	0.01283	0.00758	0.00875	0.00700	0.00466	0.00350	0.00117	0.00583	0.00292	0.00233	0.00700
25	0.00662	0.00506	0.00608	0.00682	0.00772	0.00452	0.00474	0.00779	0.01135	0.01454	0.06981	0.50480	0.29922	0.01567	0.00675	0.00206	0.00300	0.01384	0.00510	0.00452
26	0.00867	0.00679	0.00907	0.03969	0.01117	0.00657	0.05416	0.06572	0.01265	0.01665	0.03322	0.30265	0.24842	0.01305	0.00643	0.00198	0.00396	0.08818	0.06574	0.00521
27	0.01312	0.32849	0.18823	0.01300	0.01783	0.07385	0.11898	0.03422	0.01177	0.01500	0.00979	0.01227	0.00820	0.01024	0.12032	0.00254	0.00840	0.00419	0.00259	0.00697
28	0.00782	0.00532	0.00633	0.00642	0.00657	0.00542	0.00388	0.00813	0.00822	0.01108	0.01779	0.09007	0.02022	0.65349	0.12225	0.00550	0.00631	0.00822	0.00338	0.00358
29	0.00824	0.00565	0.00779	0.00774	0.00877	0.00623	0.00593	0.01032	0.01004	0.01516	0.10496	0.02394	0.01837	0.05473	0.51944	0.00637	0.01056	0.00624	0.16464	0.00489
30	0.01510	0.06864	0.12307	0.01671	0.15400	0.31200	0.03450	0.04148	0.01364	0.01579	0.03317	0.07735	0.03596	0.00681	0.00563	0.00161	0.02919	0.00536	0.00310	0.00690

[dist]
# distance from previous block
# <min> <max>
0	13

[block]
# block no. 4 follows, 44 sequences, length 34
# corresponding to MSA columns:
# 516-540,544-552
name=unknown_E
#
# <colnr> <probs for GDERKNQSTAVLIFYWHMCP>
#	G	D	E	R	K	N	Q	S	T	A	V	L	I	F	Y	W	H	M	C	P
0	0.01237	0.01181	0.02010	0.30054	0.51608	0.01266	0.01617	0.01575	0.01188	0.01645	0.01006	0.01386	0.00816	0.00507	0.00542	0.00169	0.00675	0.00485	0.00260	0.00773
1	0.00891	0.00697	0.00786	0.00751	0.00770	0.03823	0.00492	0.00926	0.00835	0.01115	0.01540	0.03065	0.01729	0.62025	0.08306	0.00504	0.10325	0.00721	0.00314	0.00387
2	0.05533	0.29156	0.02058	0.04317	0.06947	0.33003	0.02794	0.01825	0.01269	0.01410	0.00824	0.01012	0.00712	0.00547	0.00541	0.00145	0.06618	0.00359	0.00262	0.00668
3	0.84691	0.01054	0.00801	0.00717	0.01054	0.01223	0.00590	0.01603	0.00928	0.02446	0.00759	0.00886	0.00590	0.00506	0.00337	0.00169	0.00422	0.00295	0.00337	0.00590
4	0.01636	0.52555	0.03751	0.01148	0.03376	0.23582	0.01008	0.04765	0.01293	0.01404	0.00814	0.00939	0.00713	0.00502	0.00405	0.00127	0.00702	0.00323	0.00260	0.00696
5	0.00707	0.00490	0.00605	0.00697	0.00763	0.00454	0.00477	0.00829	0.01085	0.01487	0.03207	0.59471	0.13894	0.01521	0.00648	0.00204	0.00302	0.01357	0.11349	0.00454
6	0.01457	0.01383	0.04029	0.01646	0.18160	0.07079	0.01108	0.11054	0.39311	0.02174	0.01763	0.01761	0.03375	0.00676	0.00576	0.00175	0.02428	0.00558	0.00451	0.00834
7	0.01429	0.11320	0.01674	0.01374	0.05375	0.24267	0.01056	0.01623	0.03992	0.01385	0.01087	0.09989	0.01076	0.00831	0.00996	0.00187	0.30875	0.00543	0.00294	0.00626
8	0.00692	0.00535	0.00576	0.00592	0.00700	0.00479	0.00400	0.00783	0.01079	0.01335	0.04029	0.14519	0.44583	0.25778	0.01304	0.00295	0.00359	0.01093	0.00452	0.00418
9	0.00704	0.00491	0.00621	0.00709	0.00731	0.00469	0.00452	0.00769	0.00967	0.01289	0.02610	0.56910	0.03108	0.25962	0.01333	0.00316	0.00381	0.01318	0.00452	0.00408
10	0.01156	0.05310	0.57401	0.01364	0.02010	0.01195	0.01646	0.05387	0.01197	0.04455	0.01197	0.05184	0.00990	0.08303	0.00739	0.00206	0.00725	0.00500	0.00285	0.00749
11	0.00858	0.00629	0.00858	0.00839	0.00939	0.00712	0.00630	0.04012	0.03357	0.01366	0.01533	0.02363	0.01469	0.17803	0.57282	0.00744	0.01194	0.00618	0.02308	0.00488
12	0.00651	0.00553	0.00561	0.00559	0.00740	0.00463	0.00419	0.00795	0.01258	0.01510	0.09240	0.05186	0.73478	0.01367	0.00644	0.00183	0.00275	0.01142	0.00511	0.00463
13	0.01130	0.00969	0.01130	0.00807	0.01292	0.00727	0.00646	0.01373	0.01130	0.01776	0.00969	0.01130	0.00807	0.00404	0.00404	0.00081	0.00404	0.00323	0.00323	0.84173
14	0.00739	0.00506	0.00611	0.00664	0.00677	0.00493	0.00404	0.00779	0.00898	0.01198	0.02258	0.35856	0.02664	0.47622	0.01902	0.00400	0.00439	0.01111	0.00404	0.00378
15	0.02013	0.01470	0.01573	0.01212	0.01631	0.01624	0.00999	0.71450	0.02484	0.03357	0.01335	0.01349	0.00954	0.00653	0.00536	0.00162	0.00581	0.00492	0.05220	0.00904
16	0.01215	0.28871	0.53025	0.01347	0.02040	0.01562	0.01655	0.01695	0.01137	0.01579	0.00905	0.01059	0.00694	0.00501	0.00462	0.00154	0.00732	0.00366	0.00231	0.00770
17	0.01586	0.01439	0.16489	0.01437	0.12871	0.01077	0.01160	0.08723	0.07762	0.20738	0.01408	0.01439	0.01010	0.00557	0.00508	0.00149	0.00554	0.00459	0.00424	0.20210
18	0.04010	0.13291	0.18653	0.01294	0.04576	0.06478	0.01203	0.24469	0.05685	0.10950	0.01235	0.01276	0.00900	0.00580	0.00498	0.00157	0.00634	0.00436	0.00406	0.03268
19	0.01414	0.62852	0.08877	0.01053	0.01491	0.02012	0.01056	0.03749	0.01121	0.01385	0.00787	0.00948	0.00707	0.00534	0.00541	0.00137	0.10062	0.00329	0.00243	0.00703
20	0.00874	0.00576	0.00727	0.00766	0.00870	0.00540	0.00541	0.04793	0.01203	0.06778	0.07843	0.53246	0.12990	0.01509	0.00722	0.03372	0.00338	0.01297	0.00516	0.00500
21	0.03510	0.28905	0.07491	0.01472	0.14854	0.14093	0.01108	0.03236	0.05795	0.01613	0.00964	0.01111	0.00804	0.00501	0.00442	0.00134	0.00637	0.00371	0.00288	0.12672
22	0.00997	0.00919	0.01536	0.69299	0.03393	0.01142	0.01406	0.01338	0.01062	0.01376	0.01033	0.01543	0.00809	0.01006	0.10708	0.00272	0.00822	0.00497	0.00249	0.00590
23	0.00784	0.00563	0.00767	0.00767	0.00827	0.00622	0.00546	0.00904	0.00844	0.01185	0.01560	0.02693	0.01602	0.33756	0.49340	0.00742	0.01100	0.00665	0.00307	0.00426
24	0.00791	0.00634	0.00846	0.00991	0.10009	0.00586	0.00637	0.00996	0.01330	0.01784	0.32675	0.16273	0.25199	0.01225	0.00644	0.00185	0.00328	0.03825	0.00515	0.00529
25	0.11644	0.16320	0.12326	0.10587	0.15768	0.07673	0.01246	0.10431	0.01336	0.04108	0.01003	0.01189	0.00784	0.00532	0.00470	0.00156	0.00644	0.00407	0.02634	0.00743
26	0.00713	0.00555	0.00617	0.00631	0.00764	0.00498	0.00464	0.00848	0.01179	0.01473	0.10846	0.06619	0.45575	0.16848	0.01073	0.00259	0.00351	0.09761	0.00480	0.00444
27	0.00730	0.00533	0.00690	0.00729	0.00794	0.00542	0.00507	0.00839	0.00955	0.01280	0.02525	0.26907	0.12069	0.21811	0.26030	0.00500	0.00727	0.01005	0.00395	0.00432
28	0.01494	0.10932	0.24946	0.09063	0.07575	0.09176	0.05195	0.16957	0.04202	0.03802	0.01089	0.01244	0.00815	0.00554	0.00515	0.00162	0.00721	0.00440	0.00329	0.00788
29	0.03539	0.26769	0.09685	0.04643	0.20011	0.09316	0.01244	0.12243	0.01389	0.01797	0.01025	0.04115	0.00879	0.00563	0.00475	0.00150	0.00655	0.00439	0.00304	0.00760
30	0.01229	0.00852	0.01075	0.01197	0.11020	0.03891	0.00775	0.09296	0.01332	0.13060	0.02410	0.42232	0.05117	0.03008	0.00674	0.00202	0.00442	0.01067	0.00492	0.00628
31	0.00741	0.00554	0.00630	0.00635	0.00732	0.00518	0.00431	0.00893	0.03423	0.01482	0.17188	0.13956	0.27201	0.27656	0.01353	0.00301	0.00366	0.01036	0.00467	0.00437
32	0.01459	0.06183	0.15167	0.03859	0.45933	0.01272	0.03704	0.01816	0.01262	0.12433	0.01161	0.01364	0.00889	0.00517	0.00529	0.00163	0.00654	0.00473	0.00318	0.00845
33	0.01630	0.25551	0.13823	0.01253	0.04383	0.03920	0.01148	0.26800	0.08616	0.04645	0.01209	0.02584	0.00941	0.00595	0.00484	0.00153	0.00615	0.00445	0.00390	0.00815

[dist]
# distance from previous block
# <min> <max>
0	12

[block]
# block no. 5 follows, 44 sequences, length 7
# corresponding to MSA columns:
# 565-571
name=unknown_F
#
# <colnr> <probs for GDERKNQSTAVLIFYWHMCP>
#	G	D	E	R	K	N	Q	S	T	A	V	L	I	F	Y	W	H	M	C	P
0	0.16194	0.05187	0.02149	0.02596	0.48479	0.01338	0.12949	0.01670	0.01186	0.01870	0.00977	0.01262	0.00801	0.00484	0.00511	0.00164	0.00647	0.00467	0.00281	0.00787
1	0.01194	0.05528	0.27568	0.17049	0.20223	0.01280	0.04225	0.04937	0.04276	0.01732	0.01174	0.06263	0.00976	0.00601	0.00539	0.00173	0.00691	0.00526	0.00288	0.00758
2	0.00675	0.00517	0.00619	0.00671	0.00775	0.00461	0.00474	0.00812	0.01200	0.01553	0.16231	0.40129	0.30943	0.01489	0.00668	0.00199	0.00292	0.01309	0.00522	0.00461
3	0.01195	0.01522	0.18333	0.01867	0.27997	0.05252	0.01305	0.01543	0.01241	0.01772	0.08659	0.01642	0.03985	0.00571	0.00513	0.00145	0.00589	0.00494	0.00316	0.21059
4	0.01468	0.01390	0.06229	0.08052	0.39438	0.01363	0.09324	0.14161	0.01444	0.05429	0.01107	0.01366	0.00864	0.00554	0.00625	0.00171	0.05358	0.00501	0.00329	0.00826
5	0.01478	0.01269	0.01419	0.06307	0.10836	0.06358	0.01019	0.06053	0.49769	0.06625	0.01859	0.01801	0.01392	0.00677	0.00547	0.00177	0.00522	0.00565	0.00489	0.00839
6	0.01561	0.13018	0.10665	0.01789	0.22872	0.01358	0.04593	0.09858	0.08357	0.13298	0.01290	0.01383	0.00968	0.00550	0.00509	0.00156	0.00600	0.00466	0.00380	0.06330

[dist]
# distance from previous block
# <min> <max>
0	1

[block]
# block no. 6 follows, 44 sequences, length 6
# corresponding to MSA columns:
# 573-578
name=unknown_G
#
# <colnr> <probs for GDERKNQSTAVLIFYWHMCP>
#	G	D	E	R	K	N	Q	S	T	A	V	L	I	F	Y	W	H	M	C	P
0	0.01321	0.18542	0.07761	0.06594	0.11903	0.01279	0.03862	0.06927	0.07501	0.08075	0.03783	0.17028	0.01581	0.00795	0.00537	0.00170	0.00548	0.00684	0.00390	0.00718
1	0.00839	0.00618	0.00788	0.00783	0.00860	0.00678	0.00551	0.01094	0.08930	0.01300	0.01743	0.07800	0.01785	0.33769	0.35386	0.00623	0.00909	0.00733	0.00349	0.00463
2	0.01392	0.12438	0.18994	0.01806	0.23205	0.05285	0.01352	0.07119	0.09671	0.05011	0.07397	0.01538	0.01258	0.00594	0.00518	0.00161	0.00625	0.00492	0.00351	0.00795
3	0.06451	0.07629	0.11352	0.09278	0.37540	0.04592	0.01440	0.05817	0.05093	0.01832	0.01173	0.01396	0.02986	0.00545	0.00512	0.00163	0.00646	0.00469	0.00301	0.00786
4	0.01852	0.01334	0.01450	0.01171	0.01559	0.01474	0.00948	0.41373	0.29333	0.10963	0.01730	0.01631	0.01240	0.00688	0.00549	0.00172	0.00524	0.00543	0.00563	0.00904
5	0.00905	0.00684	0.00777	0.00765	0.00911	0.00675	0.00553	0.11525	0.04449	0.01743	0.06360	0.33552	0.24335	0.09139	0.00855	0.00229	0.00368	0.01148	0.00500	0.00526

[dist]
# distance from previous block
# <min> <max>
0	2

[block]
# block no. 7 follows, 44 sequences, length 17
# corresponding to MSA columns:
# 581-597
name=unknown_H
#
# <colnr> <probs for GDERKNQSTAVLIFYWHMCP>
#	G	D	E	R	K	N	Q	S	T	A	V	L	I	F	Y	W	H	M	C	P
0	0.05731	0.01514	0.08817	0.09326	0.42304	0.08619	0.03432	0.04702	0.01268	0.01783	0.00985	0.01270	0.00800	0.00524	0.00570	0.00164	0.03795	0.00454	0.00280	0.03664
1	0.01692	0.06766	0.08452	0.01633	0.09011	0.27392	0.11491	0.13449	0.03507	0.04949	0.01113	0.03133	0.00891	0.00596	0.00575	0.00161	0.03626	0.00476	0.00340	0.00746
2	0.00722	0.00534	0.00659	0.00725	0.00815	0.00497	0.00528	0.00857	0.01138	0.01474	0.09275	0.32789	0.21609	0.11651	0.00955	0.00253	0.00362	0.14218	0.00490	0.00449
3	0.01391	0.10172	0.21222	0.09319	0.21408	0.16769	0.04062	0.01737	0.01228	0.01561	0.00928	0.01182	0.00748	0.00540	0.00585	0.00163	0.05568	0.00423	0.00254	0.00741
4	0.01787	0.04953	0.06491	0.01616	0.10859	0.21454	0.10618	0.11967	0.03896	0.15727	0.01332	0.01545	0.01016	0.00611	0.00543	0.00164	0.00724	0.03517	0.00399	0.00782
5	0.00853	0.00817	0.01281	0.01192	0.08448	0.00736	0.16382	0.01082	0.01266	0.01594	0.07634	0.04024	0.50370	0.01089	0.00634	0.00181	0.00446	0.00973	0.00440	0.00559
6	0.05028	0.00900	0.01202	0.03330	0.15016	0.00855	0.00852	0.03462	0.05036	0.27838	0.06169	0.02796	0.23503	0.00858	0.00570	0.00173	0.00440	0.00722	0.00515	0.00736
7	0.03116	0.01763	0.18328	0.02246	0.31652	0.09406	0.10181	0.05536	0.06041	0.04831	0.01133	0.01334	0.00872	0.00530	0.00540	0.00166	0.00721	0.00479	0.00312	0.00812
8	0.01379	0.01288	0.02170	0.06267	0.66186	0.01301	0.04336	0.04313	0.02716	0.03202	0.01079	0.01379	0.00883	0.00501	0.00544	0.00164	0.00652	0.00495	0.00291	0.00852
9	0.00818	0.00582	0.00855	0.00857	0.00929	0.00665	0.00651	0.00932	0.00866	0.01228	0.01489	0.06171	0.01472	0.06617	0.54374	0.13719	0.03997	0.03034	0.00301	0.00444
10	0.01550	0.01678	0.20957	0.02173	0.34080	0.04095	0.01507	0.07759	0.04510	0.14495	0.01265	0.01395	0.00933	0.00552	0.00535	0.00166	0.00657	0.00476	0.00361	0.00856
11	0.01712	0.01463	0.01766	0.05685	0.33027	0.14592	0.01269	0.14515	0.03016	0.12806	0.03959	0.01467	0.01079	0.00585	0.00538	0.00161	0.00657	0.00493	0.00392	0.00819
12	0.01089	0.00933	0.01399	0.07725	0.16566	0.00944	0.07968	0.11596	0.01339	0.01785	0.02329	0.25436	0.12623	0.04857	0.00719	0.00204	0.00516	0.00926	0.00413	0.00632
13	0.00944	0.00735	0.00966	0.08416	0.05381	0.00773	0.00783	0.01374	0.12832	0.01765	0.14797	0.10112	0.07240	0.06048	0.02698	0.00233	0.00457	0.17175	0.06700	0.00571
14	0.01378	0.04672	0.14544	0.02363	0.39757	0.05374	0.07345	0.01728	0.01274	0.07740	0.04864	0.04192	0.01158	0.00580	0.00545	0.00166	0.00666	0.00536	0.00319	0.00799
15	0.01273	0.01329	0.06118	0.22205	0.53123	0.03222	0.01636	0.01619	0.01206	0.01670	0.01004	0.01355	0.00816	0.00504	0.00539	0.00167	0.00684	0.00478	0.00261	0.00790
16	0.01276	0.24863	0.48920	0.01446	0.06067	0.01498	0.01631	0.01742	0.01163	0.05290	0.00975	0.01117	0.00734	0.00509	0.00473	0.00156	0.00718	0.00383	0.00255	0.00785

[dist]
# distance from previous block
# <min> <max>
0	23

[block]
# block no. 8 follows, 44 sequences, length 13
# corresponding to MSA columns:
# 621-633
name=unknown_I
#
# <colnr> <probs for GDERKNQSTAVLIFYWHMCP>
#	G	D	E	R	K	N	Q	S	T	A	V	L	I	F	Y	W	H	M	C	P
0	0.04237	0.08613	0.06728	0.01821	0.24470	0.07801	0.01221	0.13772	0.06475	0.04166	0.02473	0.01430	0.03025	0.00612	0.00614	0.00163	0.07113	0.00475	0.00354	0.04436
1	0.05543	0.15855	0.20486	0.01438	0.10616	0.01373	0.04532	0.13683	0.02649	0.04945	0.03432	0.04843	0.05430	0.00647	0.00509	0.00161	0.00607	0.00527	0.00356	0.02368
2	0.13135	0.22206	0.14006	0.01082	0.01531	0.05664	0.04866	0.03578	0.01222	0.08086	0.04477	0.04995	0.01161	0.00617	0.00466	0.00151	0.00580	0.02659	0.00343	0.09176
3	0.09300	0.23754	0.03790	0.01092	0.03383	0.11512	0.00920	0.17639	0.01472	0.02001	0.00949	0.01062	0.00768	0.00510	0.00431	0.00129	0.00590	0.00358	0.00338	0.20001
4	0.00849	0.00604	0.00752	0.00802	0.00911	0.00595	0.00602	0.01090	0.06691	0.03950	0.02994	0.26831	0.13850	0.13970	0.04424	0.00296	0.00454	0.19366	0.00477	0.00492
5	0.01439	0.32188	0.29897	0.01346	0.04407	0.01658	0.04495	0.12733	0.01367	0.04316	0.00989	0.01113	0.00762	0.00520	0.00465	0.00150	0.00679	0.00391	0.00296	0.00787
6	0.01655	0.39040	0.14615	0.01137	0.01638	0.06183	0.01128	0.18558	0.01508	0.08313	0.01041	0.01107	0.00805	0.00541	0.00446	0.00142	0.00636	0.00380	0.00344	0.00784
7	0.00664	0.00474	0.00633	0.00759	0.00791	0.00443	0.00506	0.00759	0.01044	0.01392	0.03005	0.80485	0.03606	0.01708	0.00696	0.00221	0.00316	0.01550	0.00506	0.00443
8	0.01323	0.00759	0.00935	0.00807	0.01055	0.00715	0.00633	0.04999	0.08447	0.22843	0.34757	0.03341	0.15174	0.00981	0.00605	0.00174	0.00348	0.00836	0.00599	0.00670
9	0.01064	0.00685	0.01075	0.00985	0.01157	0.00628	0.09986	0.01236	0.01197	0.14978	0.07360	0.51777	0.02956	0.01331	0.00660	0.00204	0.00414	0.01223	0.00513	0.00570
10	0.02127	0.01084	0.01709	0.01281	0.01727	0.00991	0.17260	0.05563	0.04846	0.54573	0.01887	0.01755	0.01230	0.00629	0.00569	0.00173	0.00569	0.00570	0.00576	0.00883
11	0.00644	0.00552	0.00552	0.00552	0.00736	0.00460	0.00414	0.00782	0.01243	0.01473	0.05523	0.05247	0.77218	0.01381	0.00644	0.00184	0.00276	0.01151	0.00506	0.00460
12	0.01045	0.01018	0.03619	0.26698	0.06720	0.01035	0.17953	0.03824	0.01203	0.01600	0.01684	0.19283	0.01675	0.00892	0.00624	0.00197	0.00647	0.09314	0.00349	0.00618

[dist]
# distance from previous block
# <min> <max>
0	12

[block]
# block no. 9 follows, 44 sequences, length 22
# corresponding to MSA columns:
# 646-648,658-676
name=unknown_J
#
# <colnr> <probs for GDERKNQSTAVLIFYWHMCP>
#	G	D	E	R	K	N	Q	S	T	A	V	L	I	F	Y	W	H	M	C	P
0	0.16926	0.01680	0.04025	0.01153	0.01529	0.24497	0.00943	0.20678	0.05261	0.16327	0.01259	0.01266	0.00905	0.00603	0.00492	0.00160	0.00657	0.00427	0.00442	0.00771
1	0.02042	0.02447	0.01558	0.01383	0.01686	0.67812	0.01051	0.12521	0.01688	0.01630	0.00908	0.01029	0.00734	0.00575	0.00499	0.00144	0.00929	0.00371	0.00318	0.00674
2	0.01231	0.01528	0.24367	0.24503	0.02369	0.01150	0.01426	0.11951	0.01374	0.05486	0.01488	0.02370	0.01291	0.00765	0.00582	0.00191	0.00672	0.16195	0.00358	0.00704
3	0.01568	0.01325	0.08183	0.08912	0.25918	0.06189	0.03676	0.05783	0.01398	0.19557	0.05485	0.03821	0.01337	0.00659	0.00559	0.00171	0.00618	0.03642	0.00408	0.00790
4	0.01311	0.01262	0.02171	0.12027	0.67208	0.01288	0.03446	0.01643	0.01225	0.01736	0.01021	0.01364	0.00847	0.00492	0.00543	0.00165	0.00663	0.00489	0.00267	0.00831
5	0.01030	0.00969	0.01635	0.79530	0.03755	0.01211	0.01514	0.01393	0.01090	0.01393	0.00969	0.01453	0.00727	0.00545	0.00545	0.00182	0.00727	0.00484	0.00242	0.00606
6	0.01602	0.01674	0.15055	0.01308	0.03508	0.19970	0.04344	0.02043	0.09941	0.17405	0.03476	0.02174	0.01420	0.00821	0.02403	0.00193	0.00696	0.10809	0.00423	0.00736
7	0.13054	0.03009	0.03611	0.01596	0.14605	0.07614	0.15716	0.01580	0.01222	0.08831	0.03561	0.18452	0.03219	0.00806	0.00562	0.00179	0.00594	0.00734	0.00382	0.00673
8	0.11486	0.10242	0.05435	0.10715	0.23291	0.11576	0.02443	0.01877	0.02961	0.13326	0.01131	0.01290	0.00859	0.00539	0.00491	0.00160	0.00646	0.00435	0.00339	0.00758
9	0.07237	0.00716	0.00794	0.00730	0.00907	0.00700	0.00532	0.08079	0.01227	0.11501	0.02853	0.10832	0.22270	0.25651	0.01264	0.00291	0.00430	0.02987	0.00465	0.00534
10	0.03979	0.04504	0.03760	0.03354	0.04151	0.32762	0.04237	0.09230	0.10185	0.16575	0.01319	0.01348	0.00968	0.00600	0.00517	0.00158	0.00730	0.00452	0.00411	0.00762
11	0.08206	0.09672	0.01727	0.10550	0.01892	0.16332	0.04189	0.33099	0.03102	0.04520	0.01112	0.01222	0.00832	0.00587	0.00504	0.00158	0.00680	0.00438	0.00404	0.00774
12	0.00691	0.00508	0.00612	0.00674	0.00741	0.00468	0.00451	0.00787	0.01072	0.01393	0.07762	0.43126	0.20796	0.17038	0.01086	0.00270	0.00345	0.01274	0.00477	0.00429
13	0.00699	0.00508	0.00596	0.00657	0.00733	0.00466	0.00443	0.00799	0.01064	0.01392	0.03448	0.41250	0.24546	0.15168	0.01022	0.00258	0.00338	0.01248	0.04933	0.00432
14	0.05529	0.01530	0.12223	0.01185	0.01643	0.04734	0.01071	0.30023	0.10833	0.23301	0.01558	0.01491	0.01073	0.00640	0.00532	0.00168	0.00581	0.00495	0.00517	0.00875
15	0.01584	0.05341	0.09108	0.13555	0.09109	0.27217	0.14059	0.10333	0.01466	0.01731	0.00986	0.01220	0.00767	0.00537	0.00533	0.00161	0.00825	0.00452	0.00297	0.00720
16	0.00686	0.00519	0.00623	0.00676	0.00762	0.00484	0.00466	0.00792	0.01061	0.01360	0.03543	0.36242	0.28511	0.12968	0.08438	0.00315	0.00442	0.01213	0.00461	0.00437
17	0.06526	0.02449	0.56455	0.01462	0.02152	0.05176	0.03991	0.08477	0.01308	0.05545	0.01048	0.01184	0.00742	0.00537	0.00513	0.00170	0.00759	0.00416	0.00291	0.00798
18	0.01444	0.12651	0.11253	0.03759	0.18263	0.03216	0.11712	0.06464	0.01349	0.11619	0.01569	0.01923	0.05871	0.00652	0.00547	0.00169	0.00646	0.05769	0.00362	0.00764
19	0.01467	0.05737	0.22447	0.04725	0.33085	0.14603	0.01559	0.01829	0.01279	0.06721	0.01042	0.01247	0.00809	0.00521	0.00517	0.00160	0.00735	0.00435	0.00285	0.00796
20	0.01121	0.04905	0.01137	0.00972	0.01149	0.05605	0.00771	0.11048	0.01183	0.04160	0.01455	0.06053	0.01335	0.02917	0.50913	0.00624	0.03136	0.00591	0.00345	0.00580
21	0.27386	0.01330	0.03947	0.01261	0.07875	0.10473	0.07249	0.11964	0.01310	0.05567	0.01129	0.01510	0.00950	0.11859	0.00807	0.00216	0.01625	0.00468	0.02409	0.00662

[dist]
# distance from previous block
# <min> <max>
4	217

# created by:
# /home/cegg/simao/soft/augustus-3.2.1/scripts/msa2prfl.pl ./align_prep/25724.fa
