[name]
unknown

[dist]
# distance from previous block
# <min> <max>
0	474

[block]
# block no. 0 follows, 50 sequences, length 50
# corresponding to MSA columns:
# 478-527
name=unknown_A
#
# <colnr> <probs for GDERKNQSTAVLIFYWHMCP>
#	G	D	E	R	K	N	Q	S	T	A	V	L	I	F	Y	W	H	M	C	P
0	0.05436	0.00747	0.06951	0.00925	0.01099	0.00643	0.00850	0.01093	0.01140	0.01569	0.06973	0.04892	0.02678	0.01236	0.00645	0.00215	0.00463	0.61522	0.00437	0.00486
1	0.01265	0.01078	0.01789	0.02603	0.64310	0.01067	0.01339	0.01546	0.01167	0.07744	0.05301	0.01442	0.01066	0.00497	0.00491	0.00147	0.00538	0.00475	0.05378	0.00757
2	0.06534	0.08596	0.01346	0.05358	0.01447	0.03252	0.00845	0.18171	0.38641	0.08214	0.01554	0.01496	0.01150	0.00606	0.00474	0.00156	0.00468	0.00477	0.00454	0.00759
3	0.07331	0.00678	0.04947	0.04447	0.00947	0.00579	0.00563	0.00955	0.02910	0.01628	0.25992	0.11376	0.33712	0.01065	0.00559	0.00167	0.00310	0.00906	0.00452	0.00475
4	0.05940	0.00553	0.00695	0.00671	0.00784	0.00562	0.00492	0.01028	0.01033	0.07592	0.21934	0.10972	0.02426	0.16067	0.20281	0.00372	0.00575	0.00733	0.06829	0.00461
5	0.01758	0.01203	0.01285	0.01027	0.01370	0.05941	0.00831	0.40245	0.10453	0.18998	0.10201	0.01643	0.01426	0.00653	0.00507	0.00152	0.00491	0.00516	0.00516	0.00783
6	0.01344	0.01421	0.19147	0.01098	0.01474	0.01200	0.01043	0.32264	0.09730	0.02212	0.05858	0.01472	0.01134	0.00894	0.06147	0.04832	0.04377	0.00475	0.03172	0.00705
7	0.01148	0.16367	0.24337	0.01592	0.02125	0.01342	0.36368	0.01618	0.05733	0.01538	0.01014	0.02750	0.00795	0.00474	0.00504	0.00155	0.00718	0.00483	0.00253	0.00686
8	0.01359	0.01069	0.01420	0.06374	0.24598	0.01130	0.01021	0.19121	0.16339	0.08110	0.04999	0.01854	0.09091	0.00648	0.00512	0.00156	0.00486	0.00554	0.00417	0.00742
9	0.00801	0.00701	0.05034	0.05536	0.01023	0.00618	0.00621	0.06877	0.01224	0.01648	0.26180	0.16685	0.14959	0.10502	0.00809	0.00208	0.00366	0.05283	0.00445	0.00480
10	0.01135	0.05734	0.03290	0.17854	0.13566	0.01054	0.02237	0.10644	0.10734	0.03821	0.06276	0.06670	0.07253	0.00697	0.00506	0.00158	0.00490	0.02263	0.04975	0.00642
11	0.00707	0.00556	0.00627	0.00614	0.00769	0.00505	0.00471	0.04973	0.01260	0.01614	0.23068	0.09026	0.45783	0.01192	0.00594	0.00171	0.00282	0.06842	0.00486	0.00458
12	0.05582	0.00825	0.00994	0.07010	0.01287	0.00694	0.00651	0.01208	0.01047	0.01627	0.05764	0.05310	0.01225	0.00548	0.00424	0.00107	0.00387	0.05620	0.00325	0.59365
13	0.01275	0.18431	0.37641	0.01213	0.01771	0.07415	0.05866	0.01649	0.01116	0.09468	0.00960	0.01071	0.00714	0.00468	0.00440	0.00137	0.00646	0.00364	0.00267	0.09089
14	0.61450	0.05885	0.08687	0.00758	0.01109	0.01141	0.00696	0.05557	0.00982	0.02089	0.01080	0.01165	0.06695	0.00531	0.00358	0.00153	0.00427	0.00350	0.00316	0.00573
15	0.00756	0.00566	0.00710	0.00680	0.00806	0.00552	0.00506	0.01110	0.10275	0.01926	0.61479	0.12457	0.04175	0.01041	0.00584	0.00163	0.00260	0.00921	0.00534	0.00500
16	0.01290	0.01240	0.04578	0.01494	0.12801	0.03052	0.11665	0.08553	0.45449	0.02000	0.01587	0.01589	0.01199	0.00589	0.00513	0.00163	0.00523	0.00527	0.00416	0.00771
17	0.00690	0.00506	0.00646	0.00616	0.00736	0.00463	0.00460	0.00908	0.01366	0.01904	0.68540	0.06597	0.12580	0.01064	0.00590	0.00160	0.00239	0.00936	0.00537	0.00463
18	0.01806	0.16240	0.01547	0.00994	0.01378	0.01332	0.00842	0.30085	0.12308	0.26210	0.01455	0.01369	0.01021	0.00583	0.00468	0.00146	0.00486	0.00447	0.00483	0.00801
19	0.00698	0.00515	0.00621	0.00591	0.00731	0.00459	0.00444	0.00895	0.01317	0.03412	0.52070	0.04049	0.30185	0.01094	0.00586	0.00161	0.00245	0.00945	0.00521	0.00461
20	0.01370	0.01389	0.01650	0.24713	0.30869	0.21919	0.01283	0.01622	0.01176	0.05966	0.00932	0.01197	0.00738	0.00498	0.00512	0.00150	0.02673	0.00415	0.00263	0.00664
21	0.01916	0.01362	0.01475	0.01130	0.01529	0.01495	0.00934	0.72971	0.02286	0.07964	0.01245	0.01228	0.00872	0.00600	0.00499	0.00150	0.00541	0.00452	0.00506	0.00848
22	0.00941	0.00871	0.01459	0.78441	0.03333	0.01085	0.01348	0.01270	0.00998	0.01294	0.00912	0.01348	0.00686	0.00501	0.00493	0.00164	0.00649	0.00444	0.03213	0.00551
23	0.01197	0.01434	0.17748	0.05360	0.36448	0.03098	0.01356	0.07553	0.10181	0.01787	0.06502	0.01513	0.01145	0.00550	0.00501	0.00155	0.00579	0.01839	0.00313	0.00740
24	0.00703	0.00509	0.00663	0.00624	0.00743	0.00469	0.00468	0.00936	0.01405	0.01984	0.77433	0.03748	0.06390	0.01025	0.00588	0.00157	0.00236	0.00905	0.00547	0.00469
25	0.01239	0.01080	0.01197	0.01174	0.07377	0.01235	0.00847	0.02561	0.72450	0.02050	0.01944	0.01811	0.01465	0.00658	0.00506	0.00167	0.00410	0.00554	0.00487	0.00789
26	0.00705	0.00510	0.00666	0.00627	0.00745	0.00470	0.00470	0.00941	0.01411	0.01999	0.79110	0.03723	0.04703	0.01019	0.00588	0.00157	0.00235	0.00901	0.00549	0.00470
27	0.01344	0.01193	0.01718	0.02164	0.43323	0.01262	0.03261	0.14546	0.22154	0.02003	0.01276	0.01399	0.00995	0.00532	0.00501	0.00154	0.00538	0.00481	0.00359	0.00796
28	0.86003	0.00964	0.00733	0.00655	0.00964	0.01118	0.00540	0.01465	0.00848	0.02236	0.00694	0.00810	0.00540	0.00463	0.00308	0.00154	0.00386	0.00270	0.00308	0.00540
29	0.01170	0.01100	0.01778	0.08674	0.57372	0.01071	0.01325	0.01453	0.01103	0.01600	0.00923	0.01200	0.00769	0.00433	0.00468	0.00134	0.00552	0.00413	0.00255	0.18206
30	0.00812	0.00668	0.00977	0.15156	0.01331	0.00813	0.00759	0.00969	0.00814	0.01143	0.01205	0.01997	0.01176	0.19639	0.37846	0.00533	0.12910	0.00544	0.00259	0.00449
31	0.86003	0.00964	0.00733	0.00655	0.00964	0.01118	0.00540	0.01465	0.00848	0.02236	0.00694	0.00810	0.00540	0.00463	0.00308	0.00154	0.00386	0.00270	0.00308	0.00540
32	0.01140	0.07638	0.44899	0.01309	0.01873	0.01261	0.06680	0.05409	0.21402	0.01757	0.01200	0.01273	0.00884	0.00526	0.00481	0.00158	0.00631	0.00431	0.00305	0.00744
33	0.00618	0.00460	0.00576	0.00644	0.00716	0.00418	0.00446	0.00736	0.01061	0.01398	0.14751	0.54150	0.19371	0.01417	0.00619	0.00188	0.00273	0.01263	0.00476	0.00418
34	0.01306	0.01144	0.01567	0.10687	0.31380	0.01251	0.01162	0.13654	0.28635	0.01984	0.01357	0.01460	0.01043	0.00556	0.00500	0.00158	0.00524	0.00487	0.00375	0.00772
35	0.00971	0.00916	0.01548	0.73437	0.11052	0.01115	0.01399	0.01299	0.01011	0.01309	0.00891	0.01319	0.00677	0.00493	0.00498	0.00164	0.00657	0.00443	0.00224	0.00577
36	0.01678	0.11675	0.06111	0.01083	0.01477	0.04178	0.00940	0.40454	0.16186	0.09217	0.01323	0.01295	0.00961	0.00583	0.00475	0.00148	0.00530	0.00443	0.00449	0.00795
37	0.00725	0.00483	0.00544	0.00544	0.00544	0.00483	0.00302	0.00725	0.00725	0.00966	0.01571	0.03262	0.01812	0.82483	0.02537	0.00483	0.00483	0.00725	0.00302	0.00302
38	0.01198	0.01148	0.01501	0.53951	0.07317	0.10357	0.01264	0.11089	0.04491	0.01558	0.00963	0.01279	0.00728	0.00517	0.00493	0.00159	0.00661	0.00435	0.00274	0.00617
39	0.01091	0.01091	0.01527	0.01309	0.01309	0.01527	0.01091	0.01200	0.00763	0.01200	0.00654	0.01091	0.00654	0.00872	0.01636	0.00218	0.81570	0.00436	0.00218	0.00545
40	0.00614	0.00439	0.00585	0.00689	0.00724	0.00409	0.00463	0.00711	0.00986	0.01323	0.08075	0.76685	0.03395	0.01524	0.00633	0.00199	0.00285	0.01381	0.00469	0.00409
41	0.01034	0.00886	0.01034	0.00738	0.01181	0.00664	0.00591	0.01255	0.01034	0.01624	0.00886	0.01034	0.00738	0.00369	0.00369	0.00074	0.00369	0.00295	0.00295	0.85530
42	0.00627	0.00486	0.00572	0.00594	0.00708	0.00430	0.00429	0.00773	0.01161	0.01510	0.25337	0.26825	0.36202	0.01280	0.00602	0.00175	0.00258	0.01115	0.00487	0.00430
43	0.01205	0.49240	0.12029	0.00902	0.01303	0.01526	0.00908	0.07326	0.01203	0.01548	0.16892	0.01464	0.01491	0.00568	0.00409	0.00127	0.00499	0.00424	0.00304	0.00633
44	0.00715	0.00511	0.00597	0.00615	0.00750	0.00449	0.00457	0.00852	0.01133	0.05975	0.11641	0.25230	0.42209	0.01287	0.00602	0.00179	0.00283	0.05587	0.00480	0.00449
45	0.01166	0.01063	0.01660	0.34388	0.11348	0.01260	0.07892	0.08936	0.05642	0.03264	0.00975	0.01296	0.00765	0.00586	0.00743	0.00173	0.17461	0.00463	0.00279	0.00639
46	0.00858	0.00707	0.00961	0.01167	0.13849	0.00731	0.00736	0.01245	0.15479	0.01538	0.06747	0.41290	0.03706	0.01147	0.00613	0.00186	0.02363	0.05693	0.00434	0.00551
47	0.01479	0.01493	0.05793	0.01071	0.01376	0.21965	0.00876	0.16738	0.30106	0.02007	0.01426	0.01433	0.01081	0.00596	0.00470	0.00148	0.00558	0.00455	0.10227	0.00704
48	0.07070	0.01250	0.06478	0.02798	0.69457	0.01178	0.01480	0.01528	0.01110	0.01667	0.00918	0.01194	0.00763	0.00447	0.00480	0.00149	0.00586	0.00428	0.00249	0.00769
49	0.06187	0.31677	0.01675	0.01102	0.09066	0.10590	0.00827	0.07996	0.01166	0.01487	0.01307	0.21140	0.01358	0.00750	0.00451	0.00145	0.00513	0.01646	0.00317	0.00599

[dist]
# distance from previous block
# <min> <max>
0	2

[block]
# block no. 1 follows, 50 sequences, length 136
# corresponding to MSA columns:
# 530-665
name=unknown_B
#
# <colnr> <probs for GDERKNQSTAVLIFYWHMCP>
#	G	D	E	R	K	N	Q	S	T	A	V	L	I	F	Y	W	H	M	C	P
0	0.01046	0.00873	0.01226	0.13648	0.08265	0.01000	0.02761	0.11582	0.09386	0.01641	0.06172	0.01779	0.01283	0.05280	0.25807	0.00379	0.06418	0.00530	0.00331	0.00590
1	0.00643	0.00493	0.00589	0.00594	0.00714	0.00439	0.00434	0.00809	0.01221	0.01616	0.36799	0.18939	0.32482	0.01213	0.00597	0.00170	0.00252	0.01055	0.00500	0.00439
2	0.01055	0.00981	0.01608	0.12832	0.50320	0.00997	0.01245	0.01330	0.01154	0.01601	0.11906	0.01962	0.09652	0.00616	0.00517	0.00154	0.00517	0.00570	0.00307	0.00676
3	0.00704	0.00513	0.00629	0.00602	0.00736	0.00460	0.00451	0.00902	0.01316	0.03577	0.53574	0.07427	0.25070	0.01101	0.00588	0.00162	0.00247	0.00956	0.00523	0.00462
4	0.01205	0.01163	0.19048	0.07012	0.06218	0.00823	0.01012	0.04502	0.01300	0.18634	0.24737	0.02390	0.03304	0.00745	0.00534	0.00161	0.00472	0.05654	0.00434	0.00652
5	0.00847	0.00670	0.00938	0.00935	0.01090	0.00678	0.05851	0.01240	0.12551	0.01605	0.10808	0.15582	0.05087	0.01194	0.00634	0.00203	0.00420	0.38688	0.00463	0.00514
6	0.00862	0.00434	0.00647	0.00647	0.00647	0.00434	0.00430	0.00651	0.00651	0.00868	0.00883	0.01558	0.00889	0.03696	0.01962	0.83430	0.00434	0.00440	0.00219	0.00219
7	0.00885	0.00771	0.00951	0.00835	0.00932	0.08030	0.09928	0.00970	0.00854	0.01091	0.01399	0.02649	0.01505	0.55293	0.11463	0.00450	0.00668	0.00648	0.00287	0.00390
8	0.74518	0.00948	0.00791	0.00687	0.01006	0.01065	0.00566	0.01597	0.00928	0.12860	0.00869	0.00931	0.00635	0.00484	0.00335	0.00154	0.00391	0.00302	0.00351	0.00582
9	0.01140	0.06553	0.01220	0.07291	0.06750	0.01074	0.00810	0.12054	0.27157	0.02022	0.23337	0.02234	0.04797	0.00734	0.00517	0.00157	0.00410	0.00621	0.00456	0.00667
10	0.01116	0.01040	0.01357	0.17207	0.16543	0.06368	0.02805	0.01420	0.04133	0.01559	0.00978	0.01208	0.00789	0.00444	0.00433	0.00118	0.00511	0.00382	0.05091	0.36499
11	0.01394	0.26791	0.01769	0.16776	0.01781	0.01530	0.00971	0.23107	0.17526	0.01936	0.01151	0.01236	0.00887	0.00541	0.00444	0.00143	0.00534	0.00414	0.00356	0.00712
12	0.04583	0.21334	0.01671	0.16896	0.06895	0.02895	0.01022	0.12685	0.04166	0.01638	0.01134	0.01721	0.01019	0.00657	0.00595	0.00161	0.09326	0.10663	0.00309	0.00629
13	0.00709	0.00612	0.00911	0.00940	0.06321	0.00559	0.08856	0.00866	0.01072	0.01386	0.06158	0.37722	0.29503	0.01235	0.00603	0.00181	0.00355	0.01113	0.00428	0.00468
14	0.02158	0.00973	0.01234	0.00946	0.01335	0.00918	0.00782	0.19619	0.01636	0.62233	0.01791	0.01582	0.01146	0.00613	0.00501	0.00153	0.00453	0.00489	0.00590	0.00848
15	0.01247	0.00620	0.00693	0.00617	0.00806	0.00614	0.00478	0.04428	0.06353	0.17839	0.01704	0.01855	0.01290	0.03828	0.00483	0.00143	0.00304	0.00488	0.55636	0.00573
16	0.00604	0.00490	0.00536	0.00557	0.00691	0.00422	0.00406	0.00733	0.01124	0.01395	0.11811	0.21240	0.55646	0.01303	0.00599	0.00174	0.00259	0.01115	0.00471	0.00422
17	0.01041	0.01047	0.01486	0.72622	0.03228	0.09702	0.01339	0.01351	0.01042	0.01268	0.00873	0.01282	0.00662	0.00500	0.00493	0.00162	0.00690	0.00430	0.00225	0.00556
18	0.01240	0.01071	0.01127	0.01014	0.01296	0.01240	0.00789	0.02649	0.78473	0.02085	0.02029	0.01860	0.01522	0.00676	0.00507	0.00169	0.00394	0.00564	0.00507	0.00789
19	0.00721	0.00492	0.00614	0.00603	0.00703	0.00461	0.00438	0.00917	0.01249	0.01796	0.51241	0.12899	0.06813	0.06639	0.00696	0.00180	0.00259	0.00898	0.11935	0.00448
20	0.00929	0.00483	0.00530	0.00543	0.00658	0.00474	0.00410	0.01140	0.01055	0.04828	0.01859	0.12928	0.01655	0.00768	0.00416	0.00137	0.00263	0.05662	0.64793	0.00471
21	0.01546	0.01223	0.01299	0.01076	0.01413	0.01383	0.00863	0.37700	0.42923	0.02578	0.01640	0.01550	0.01207	0.00640	0.00503	0.00160	0.00466	0.00510	0.00503	0.00816
22	0.01215	0.01064	0.01487	0.01263	0.01305	0.01441	0.01052	0.01333	0.00835	0.09702	0.00796	0.01156	0.00717	0.00845	0.01513	0.00211	0.72784	0.00443	0.00261	0.00578
23	0.00605	0.00474	0.00549	0.00597	0.00700	0.00417	0.00422	0.00721	0.01075	0.01359	0.09126	0.38956	0.40473	0.01378	0.00610	0.00183	0.00268	0.01203	0.00469	0.00417
24	0.01439	0.01510	0.09045	0.02222	0.43789	0.14856	0.01340	0.08055	0.01282	0.07035	0.00986	0.01182	0.00780	0.00501	0.00530	0.00149	0.03840	0.00420	0.00291	0.00747
25	0.01862	0.02376	0.01413	0.01284	0.01541	0.80482	0.00963	0.01990	0.01413	0.01220	0.00770	0.00899	0.00642	0.00514	0.00449	0.00128	0.00899	0.00321	0.00257	0.00578
26	0.00803	0.00574	0.00803	0.00918	0.01033	0.00574	0.00803	0.01033	0.01147	0.01492	0.02639	0.05622	0.02869	0.01377	0.00688	0.00229	0.00459	0.76018	0.00459	0.00459
27	0.00705	0.00504	0.00580	0.00600	0.00661	0.00484	0.00408	0.00776	0.00899	0.01151	0.02605	0.04048	0.20846	0.48519	0.01739	0.00362	0.00423	0.13962	0.00369	0.00358
28	0.01151	0.01000	0.01143	0.01169	0.09663	0.01117	0.00815	0.02259	0.58789	0.01969	0.07049	0.02154	0.08095	0.00722	0.00518	0.00166	0.00394	0.00613	0.00478	0.00738
29	0.86003	0.00964	0.00733	0.00655	0.00964	0.01118	0.00540	0.01465	0.00848	0.02236	0.00694	0.00810	0.00540	0.00463	0.00308	0.00154	0.00386	0.00270	0.00308	0.00540
30	0.00705	0.00510	0.00666	0.00627	0.00745	0.00470	0.00470	0.00941	0.01411	0.01999	0.79110	0.03723	0.04703	0.01019	0.00588	0.00157	0.00235	0.00901	0.00549	0.00470
31	0.01211	0.01010	0.01098	0.01007	0.01269	0.01150	0.00802	0.07372	0.60657	0.02057	0.02074	0.02436	0.01699	0.00787	0.00537	0.00178	0.00415	0.13003	0.00499	0.00738
32	0.01214	0.01229	0.05079	0.05788	0.73614	0.01181	0.01537	0.01523	0.01127	0.01614	0.00934	0.01230	0.00779	0.00447	0.00493	0.00149	0.00600	0.00441	0.00244	0.00779
33	0.01196	0.01166	0.02075	0.02771	0.62665	0.01154	0.12690	0.01505	0.01142	0.01614	0.01065	0.01552	0.00928	0.00505	0.00521	0.00157	0.00620	0.05664	0.00262	0.00750
34	0.00722	0.00494	0.00596	0.00596	0.00614	0.00512	0.00367	0.00758	0.00740	0.01005	0.01523	0.02997	0.01697	0.66486	0.18376	0.00548	0.00656	0.00686	0.00295	0.00331
35	0.00953	0.01374	0.21879	0.01485	0.01899	0.00965	0.33983	0.01309	0.01075	0.01490	0.01525	0.26652	0.01522	0.00792	0.00574	0.00176	0.00641	0.00792	0.00308	0.00605
36	0.00712	0.00534	0.00801	0.00801	0.00890	0.00623	0.00623	0.00890	0.00801	0.01157	0.01335	0.01958	0.01246	0.03738	0.80507	0.00801	0.01335	0.00534	0.00267	0.00445
37	0.01234	0.01184	0.02023	0.03059	0.79373	0.01184	0.01530	0.01530	0.01135	0.01628	0.00938	0.01234	0.00790	0.00444	0.00493	0.00148	0.00592	0.00444	0.00247	0.00790
38	0.00803	0.00574	0.00803	0.00918	0.01033	0.00574	0.00803	0.01033	0.01147	0.01492	0.02639	0.05622	0.02869	0.01377	0.00688	0.00229	0.00459	0.76018	0.00459	0.00459
39	0.00941	0.00886	0.01495	0.81285	0.03433	0.01107	0.01384	0.01274	0.00997	0.01274	0.00886	0.01329	0.00664	0.00498	0.00498	0.00166	0.00664	0.00443	0.00221	0.00554
40	0.00649	0.00451	0.00566	0.00641	0.00660	0.00432	0.00406	0.00705	0.00874	0.01165	0.02333	0.54398	0.02774	0.30034	0.01305	0.00301	0.00357	0.01173	0.00406	0.00369
41	0.00705	0.00510	0.00666	0.00627	0.00745	0.00470	0.00470	0.00941	0.01411	0.01999	0.79110	0.03723	0.04703	0.01019	0.00588	0.00157	0.00235	0.00901	0.00549	0.00470
42	0.00922	0.00843	0.01204	0.01083	0.01123	0.01125	0.00883	0.01062	0.00780	0.01181	0.00957	0.01476	0.00917	0.02147	0.36700	0.00477	0.45900	0.00480	0.00240	0.00501
43	0.02066	0.00951	0.01189	0.00919	0.01289	0.00906	0.00757	0.20148	0.01617	0.56250	0.01761	0.01589	0.01146	0.00610	0.00490	0.00151	0.00440	0.00486	0.06411	0.00822
44	0.01091	0.01091	0.01527	0.01309	0.01309	0.01527	0.01091	0.01200	0.00763	0.01200	0.00654	0.01091	0.00654	0.00872	0.01636	0.00218	0.81570	0.00436	0.00218	0.00545
45	0.00724	0.00487	0.00561	0.00561	0.00567	0.00493	0.00324	0.00736	0.00730	0.00980	0.01554	0.03172	0.01773	0.77066	0.07901	0.00505	0.00542	0.00712	0.00300	0.00312
46	0.01034	0.00886	0.01034	0.00738	0.01181	0.00664	0.00591	0.01255	0.01034	0.01624	0.00886	0.01034	0.00738	0.00369	0.00369	0.00074	0.00369	0.00295	0.00295	0.85530
47	0.00589	0.00505	0.00505	0.00505	0.00673	0.00421	0.00379	0.00715	0.01136	0.01347	0.05049	0.04797	0.79171	0.01262	0.00589	0.00168	0.00252	0.01052	0.00463	0.00421
48	0.01862	0.02376	0.01413	0.01284	0.01541	0.80482	0.00963	0.01990	0.01413	0.01220	0.00770	0.00899	0.00642	0.00514	0.00449	0.00128	0.00899	0.00321	0.00257	0.00578
49	0.01472	0.01087	0.01193	0.00974	0.01268	0.01171	0.00780	0.51842	0.01944	0.02605	0.11044	0.13685	0.07060	0.00837	0.00536	0.00160	0.00452	0.00687	0.00497	0.00708
50	0.01863	0.02337	0.01416	0.01279	0.01541	0.77365	0.00962	0.04980	0.01449	0.01296	0.00787	0.00911	0.00650	0.00517	0.00451	0.00129	0.00885	0.00326	0.00266	0.00589
51	0.00600	0.00505	0.00521	0.00517	0.00680	0.00426	0.00388	0.00737	0.01163	0.01410	0.12203	0.04693	0.71978	0.01239	0.00589	0.00167	0.00251	0.01037	0.00471	0.00426
52	0.01173	0.00890	0.00998	0.00863	0.01096	0.03999	0.02280	0.16363	0.15009	0.07383	0.27842	0.07688	0.10575	0.00877	0.00548	0.00161	0.00381	0.00745	0.00504	0.00625
53	0.04614	0.48693	0.09578	0.01014	0.01422	0.21165	0.00963	0.03494	0.01149	0.02839	0.00768	0.00876	0.00652	0.00462	0.00374	0.00121	0.00635	0.00299	0.00242	0.00639
54	0.14078	0.31061	0.01743	0.01036	0.01362	0.40568	0.00861	0.01734	0.01186	0.01353	0.00731	0.00850	0.00626	0.00475	0.00382	0.00124	0.00692	0.00294	0.00249	0.00594
55	0.59575	0.01407	0.00946	0.00853	0.01145	0.26045	0.00673	0.01630	0.01025	0.01917	0.00718	0.00838	0.00572	0.00479	0.00353	0.00146	0.00547	0.00286	0.00292	0.00552
56	0.03389	0.01251	0.01724	0.03830	0.49210	0.06677	0.01273	0.08082	0.16097	0.01821	0.01150	0.01319	0.00916	0.00508	0.00489	0.00151	0.00568	0.00455	0.00319	0.00769
57	0.00898	0.00695	0.00867	0.09210	0.01168	0.00725	0.00647	0.10786	0.08432	0.01852	0.30004	0.21468	0.09221	0.01027	0.00571	0.00170	0.00349	0.00898	0.00477	0.00537
58	0.00644	0.00507	0.00581	0.00562	0.00707	0.00444	0.00422	0.00821	0.01266	0.01654	0.39938	0.04291	0.44091	0.01148	0.00589	0.00163	0.00244	0.00981	0.00503	0.00444
59	0.01000	0.02578	0.79900	0.01421	0.02157	0.01158	0.01842	0.01579	0.01052	0.01579	0.00895	0.01052	0.00631	0.00474	0.00474	0.00158	0.00737	0.00368	0.00210	0.00737
60	0.00593	0.00505	0.00510	0.00509	0.00675	0.00422	0.00382	0.00722	0.01145	0.01367	0.07328	0.04764	0.76880	0.01255	0.00589	0.00168	0.00252	0.01047	0.00466	0.00422
61	0.00941	0.00886	0.01495	0.81285	0.03433	0.01107	0.01384	0.01274	0.00997	0.01274	0.00886	0.01329	0.00664	0.00498	0.00498	0.00166	0.00664	0.00443	0.00221	0.00554
62	0.01862	0.02376	0.01413	0.01284	0.01541	0.80482	0.00963	0.01990	0.01413	0.01220	0.00770	0.00899	0.00642	0.00514	0.00449	0.00128	0.00899	0.00321	0.00257	0.00578
63	0.00721	0.00499	0.00624	0.00624	0.00652	0.00527	0.00403	0.00777	0.00749	0.01026	0.01497	0.02852	0.01634	0.57750	0.27027	0.00583	0.00751	0.00665	0.00291	0.00347
64	0.00607	0.00434	0.00578	0.00694	0.00723	0.00405	0.00463	0.00694	0.00954	0.01272	0.02747	0.82157	0.03297	0.01562	0.00636	0.00202	0.00289	0.01417	0.00463	0.00405
65	0.86003	0.00964	0.00733	0.00655	0.00964	0.01118	0.00540	0.01465	0.00848	0.02236	0.00694	0.00810	0.00540	0.00463	0.00308	0.00154	0.00386	0.00270	0.00308	0.00540
66	0.01012	0.02493	0.74606	0.01467	0.02188	0.01165	0.07051	0.01580	0.01061	0.01580	0.00902	0.01072	0.00640	0.00470	0.00481	0.00159	0.00744	0.00383	0.00213	0.00732
67	0.01202	0.01152	0.01967	0.11429	0.71249	0.01176	0.01514	0.01502	0.01120	0.01590	0.00932	0.01244	0.00776	0.00450	0.00494	0.00150	0.00600	0.00444	0.00244	0.00764
68	0.01061	0.00959	0.01530	0.67664	0.08283	0.01159	0.01348	0.09323	0.01147	0.01493	0.00922	0.01309	0.00692	0.00505	0.00498	0.00163	0.00647	0.00444	0.00252	0.00600
69	0.00739	0.00545	0.00695	0.00656	0.00782	0.00521	0.00492	0.01049	0.06696	0.01979	0.71081	0.06396	0.04434	0.01015	0.00584	0.00159	0.00248	0.00897	0.00543	0.00490
70	0.00941	0.00886	0.01495	0.81285	0.03433	0.01107	0.01384	0.01274	0.00997	0.01274	0.00886	0.01329	0.00664	0.00498	0.00498	0.00166	0.00664	0.00443	0.00221	0.00554
71	0.00814	0.00603	0.00675	0.00637	0.00763	0.00602	0.00455	0.03701	0.11375	0.01619	0.24245	0.03350	0.18147	0.23780	0.01103	0.00249	0.00340	0.00792	0.06282	0.00468
72	0.00701	0.00509	0.00660	0.00622	0.00742	0.00468	0.00467	0.00932	0.01400	0.01974	0.76281	0.03764	0.07548	0.01028	0.00588	0.00157	0.00236	0.00907	0.00545	0.00468
73	0.01212	0.01162	0.01984	0.08840	0.73761	0.01179	0.01519	0.01511	0.01125	0.01602	0.00934	0.01241	0.00780	0.00448	0.00494	0.00149	0.00597	0.00444	0.00245	0.00772
74	0.01246	0.00627	0.00851	0.00799	0.00992	0.00572	0.00637	0.01433	0.01258	0.29106	0.17960	0.20403	0.02758	0.01076	0.00591	0.00182	0.00365	0.18024	0.00534	0.00587
75	0.00719	0.00462	0.00618	0.00707	0.00761	0.00427	0.00481	0.00813	0.00987	0.06669	0.02694	0.76622	0.03155	0.01497	0.00627	0.00199	0.00298	0.01354	0.00473	0.00435
76	0.01037	0.00897	0.01080	0.00771	0.01216	0.00679	0.02449	0.01263	0.01037	0.01624	0.00889	0.01041	0.00739	0.00370	0.00374	0.00076	0.00381	0.00302	0.00294	0.83481
77	0.86003	0.00964	0.00733	0.00655	0.00964	0.01118	0.00540	0.01465	0.00848	0.02236	0.00694	0.00810	0.00540	0.00463	0.00308	0.00154	0.00386	0.00270	0.00308	0.00540
78	0.00705	0.00510	0.00666	0.00627	0.00745	0.00470	0.00470	0.00941	0.01411	0.01999	0.79110	0.03723	0.04703	0.01019	0.00588	0.00157	0.00235	0.00901	0.00549	0.00470
79	0.00893	0.00761	0.01071	0.01327	0.20961	0.00774	0.00795	0.01253	0.11320	0.01676	0.23437	0.18747	0.10147	0.00955	0.00600	0.00169	0.03264	0.00843	0.00428	0.00578
80	0.00736	0.00493	0.00537	0.00526	0.00662	0.00450	0.00394	0.00929	0.01183	0.01703	0.24824	0.03505	0.31935	0.00964	0.00508	0.00148	0.00241	0.00812	0.29000	0.00450
81	0.00986	0.02276	0.66853	0.01377	0.04312	0.01093	0.01658	0.01552	0.03855	0.01640	0.08723	0.01353	0.01073	0.00534	0.00487	0.00158	0.00670	0.00431	0.00256	0.00714
82	0.01234	0.01184	0.02023	0.03059	0.79373	0.01184	0.01530	0.01530	0.01135	0.01628	0.00938	0.01234	0.00790	0.00444	0.00493	0.00148	0.00592	0.00444	0.00247	0.00790
83	0.01936	0.01330	0.01455	0.01116	0.01513	0.01448	0.00922	0.68674	0.02233	0.12335	0.01289	0.01257	0.00894	0.00601	0.00499	0.00150	0.00534	0.00455	0.00513	0.00848
84	0.01218	0.07411	0.11333	0.01078	0.04478	0.09681	0.00914	0.01873	0.27121	0.01696	0.01247	0.01290	0.00972	0.00509	0.00439	0.00128	0.00503	0.00401	0.00344	0.27365
85	0.01850	0.01752	0.01377	0.01165	0.01484	0.38179	0.00912	0.25397	0.09945	0.11307	0.01179	0.01189	0.00870	0.00569	0.00477	0.00142	0.00680	0.00408	0.00401	0.00716
86	0.00705	0.00510	0.00666	0.00627	0.00745	0.00470	0.00470	0.00941	0.01411	0.01999	0.79110	0.03723	0.04703	0.01019	0.00588	0.00157	0.00235	0.00901	0.00549	0.00470
87	0.01234	0.01184	0.02023	0.03059	0.79373	0.01184	0.01530	0.01530	0.01135	0.01628	0.00938	0.01234	0.00790	0.00444	0.00493	0.00148	0.00592	0.00444	0.00247	0.00790
88	0.01333	0.82783	0.02612	0.00853	0.01279	0.01972	0.00853	0.01493	0.01013	0.01173	0.00693	0.00800	0.00640	0.00426	0.00320	0.00107	0.00533	0.00267	0.00213	0.00640
89	0.01000	0.02578	0.79900	0.01421	0.02157	0.01158	0.01842	0.01579	0.01052	0.01579	0.00895	0.01052	0.00631	0.00474	0.00474	0.00158	0.00737	0.00368	0.00210	0.00737
90	0.00594	0.00486	0.00525	0.00555	0.00687	0.00417	0.00401	0.00710	0.01088	0.01327	0.04435	0.25451	0.58913	0.01342	0.00602	0.00177	0.00262	0.01149	0.00463	0.00417
91	0.01088	0.00607	0.00799	0.00720	0.00913	0.00576	0.00565	0.01266	0.01154	0.22359	0.15307	0.02898	0.21532	0.01827	0.25667	0.00361	0.00636	0.00717	0.00457	0.00551
92	0.00641	0.00470	0.00602	0.00646	0.00725	0.00431	0.00455	0.00787	0.01145	0.01548	0.31091	0.43766	0.13201	0.01325	0.00613	0.00181	0.00265	0.01182	0.00494	0.00431
93	0.01490	0.01212	0.01400	0.01367	0.12904	0.01349	0.00959	0.31224	0.37921	0.02422	0.01549	0.01514	0.01156	0.00612	0.00502	0.00159	0.00483	0.00502	0.00466	0.00812
94	0.86003	0.00964	0.00733	0.00655	0.00964	0.01118	0.00540	0.01465	0.00848	0.02236	0.00694	0.00810	0.00540	0.00463	0.00308	0.00154	0.00386	0.00270	0.00308	0.00540
95	0.01455	0.00871	0.01009	0.00863	0.01139	0.02762	0.00681	0.02077	0.28495	0.29445	0.17744	0.02357	0.07383	0.00761	0.00526	0.00160	0.00375	0.00637	0.00545	0.00715
96	0.01343	0.81275	0.02589	0.00861	0.01284	0.03444	0.00855	0.01502	0.01020	0.01174	0.00694	0.00801	0.00640	0.00428	0.00322	0.00107	0.00540	0.00268	0.00214	0.00639
97	0.00625	0.00482	0.00571	0.00600	0.00708	0.00428	0.00430	0.00766	0.01146	0.01490	0.23428	0.30378	0.34557	0.01299	0.00605	0.00177	0.00260	0.01135	0.00485	0.00428
98	0.01000	0.02578	0.79900	0.01421	0.02157	0.01158	0.01842	0.01579	0.01052	0.01579	0.00895	0.01052	0.00631	0.00474	0.00474	0.00158	0.00737	0.00368	0.00210	0.00737
99	0.07223	0.01407	0.01109	0.02713	0.01272	0.30857	0.00774	0.16894	0.01403	0.01699	0.01507	0.27800	0.01554	0.00873	0.00512	0.00160	0.00586	0.00708	0.00377	0.00572
100	0.00705	0.00510	0.00666	0.00627	0.00745	0.00470	0.00470	0.00941	0.01411	0.01999	0.79110	0.03723	0.04703	0.01019	0.00588	0.00157	0.00235	0.00901	0.00549	0.00470
101	0.07536	0.01367	0.01445	0.01114	0.01507	0.01517	0.00920	0.72597	0.02243	0.03081	0.01163	0.01171	0.00827	0.00589	0.00486	0.00150	0.00538	0.00437	0.00486	0.00827
102	0.00842	0.00752	0.01208	0.52815	0.02498	0.00903	0.01083	0.01089	0.00974	0.01270	0.01461	0.26707	0.01491	0.00847	0.00587	0.00180	0.03740	0.00749	0.00297	0.00507
103	0.01689	0.01294	0.01380	0.01105	0.01467	0.01450	0.00898	0.54135	0.26255	0.02810	0.01458	0.01405	0.01059	0.00623	0.00501	0.00156	0.00500	0.00485	0.00501	0.00829
104	0.02146	0.00822	0.01109	0.00858	0.01225	0.00714	0.00706	0.02342	0.01400	0.74362	0.01943	0.01708	0.01237	0.00614	0.00491	0.00152	0.00411	0.00499	0.06439	0.00822
105	0.02236	0.00848	0.01157	0.00887	0.01272	0.00733	0.00733	0.02429	0.01427	0.79719	0.01966	0.01697	0.01234	0.00617	0.00501	0.00154	0.00424	0.00501	0.00617	0.00848
106	0.00607	0.00434	0.00578	0.00694	0.00723	0.00405	0.00463	0.00694	0.00954	0.01272	0.02747	0.82157	0.03297	0.01562	0.00636	0.00202	0.00289	0.01417	0.00463	0.00405
107	0.00589	0.00505	0.00505	0.00505	0.00673	0.00421	0.00379	0.00715	0.01136	0.01347	0.05049	0.04797	0.79171	0.01262	0.00589	0.00168	0.00252	0.01052	0.00463	0.00421
108	0.01075	0.01069	0.01523	0.09865	0.01536	0.01482	0.01122	0.01207	0.00788	0.01207	0.00679	0.01116	0.00655	0.00832	0.01514	0.00213	0.72914	0.00437	0.00218	0.00546
109	0.01176	0.01345	0.02941	0.02101	0.02605	0.01261	0.77563	0.01597	0.01176	0.01597	0.01008	0.01345	0.00756	0.00420	0.00588	0.00168	0.00840	0.00588	0.00252	0.00672
110	0.01774	0.01219	0.01259	0.00998	0.01336	0.06666	0.00812	0.47979	0.01917	0.14075	0.01356	0.01366	0.00966	0.00592	0.00469	0.00143	0.00499	0.00450	0.15361	0.00762
111	0.01439	0.00899	0.01056	0.00890	0.01169	0.00933	0.00706	0.12231	0.26469	0.22530	0.23476	0.02249	0.02246	0.00746	0.00527	0.00159	0.00378	0.00626	0.00546	0.00723
112	0.00610	0.00439	0.00580	0.00686	0.00722	0.00408	0.00460	0.00704	0.00977	0.01302	0.05733	0.76831	0.05636	0.01532	0.00633	0.00200	0.00286	0.01386	0.00466	0.00408
113	0.00941	0.00532	0.00656	0.00604	0.00750	0.00497	0.00460	0.01171	0.01298	0.10370	0.46420	0.02918	0.03252	0.00838	0.00503	0.00144	0.00255	0.00721	0.27160	0.00509
114	0.00941	0.00886	0.01495	0.81285	0.03433	0.01107	0.01384	0.01274	0.00997	0.01274	0.00886	0.01329	0.00664	0.00498	0.00498	0.00166	0.00664	0.00443	0.00221	0.00554
115	0.01555	0.01862	0.01494	0.22855	0.09565	0.51590	0.01130	0.01754	0.01274	0.01274	0.00817	0.01046	0.00662	0.00503	0.00467	0.00140	0.00807	0.00366	0.00246	0.00592
116	0.01234	0.01184	0.02023	0.03059	0.79373	0.01184	0.01530	0.01530	0.01135	0.01628	0.00938	0.01234	0.00790	0.00444	0.00493	0.00148	0.00592	0.00444	0.00247	0.00790
117	0.01333	0.82783	0.02612	0.00853	0.01279	0.01972	0.00853	0.01493	0.01013	0.01173	0.00693	0.00800	0.00640	0.00426	0.00320	0.00107	0.00533	0.00267	0.00213	0.00640
118	0.00589	0.00505	0.00505	0.00505	0.00673	0.00421	0.00379	0.00715	0.01136	0.01347	0.05049	0.04797	0.79171	0.01262	0.00589	0.00168	0.00252	0.01052	0.00463	0.00421
119	0.00941	0.00886	0.01495	0.81285	0.03433	0.01107	0.01384	0.01274	0.00997	0.01274	0.00886	0.01329	0.00664	0.00498	0.00498	0.00166	0.00664	0.00443	0.00221	0.00554
120	0.01177	0.01171	0.02145	0.02665	0.55436	0.01149	0.19806	0.01488	0.01133	0.01596	0.01079	0.06827	0.00954	0.00515	0.00526	0.00157	0.00631	0.00546	0.00263	0.00735
121	0.00725	0.00483	0.00544	0.00544	0.00544	0.00483	0.00302	0.00725	0.00725	0.00966	0.01571	0.03262	0.01812	0.82483	0.02537	0.00483	0.00483	0.00725	0.00302	0.00302
122	0.00607	0.00434	0.00578	0.00694	0.00723	0.00405	0.00463	0.00694	0.00954	0.01272	0.02747	0.82157	0.03297	0.01562	0.00636	0.00202	0.00289	0.01417	0.00463	0.00405
123	0.01333	0.82783	0.02612	0.00853	0.01279	0.01972	0.00853	0.01493	0.01013	0.01173	0.00693	0.00800	0.00640	0.00426	0.00320	0.00107	0.00533	0.00267	0.00213	0.00640
124	0.86003	0.00964	0.00733	0.00655	0.00964	0.01118	0.00540	0.01465	0.00848	0.02236	0.00694	0.00810	0.00540	0.00463	0.00308	0.00154	0.00386	0.00270	0.00308	0.00540
125	0.00589	0.00505	0.00505	0.00505	0.00673	0.00421	0.00379	0.00715	0.01136	0.01347	0.05049	0.04797	0.79171	0.01262	0.00589	0.00168	0.00252	0.01052	0.00463	0.00421
126	0.00712	0.00534	0.00801	0.00801	0.00890	0.00623	0.00623	0.00890	0.00801	0.01157	0.01335	0.01958	0.01246	0.03738	0.80507	0.00801	0.01335	0.00534	0.00267	0.00445
127	0.00705	0.00510	0.00666	0.00627	0.00745	0.00470	0.00470	0.00941	0.01411	0.01999	0.79110	0.03723	0.04703	0.01019	0.00588	0.00157	0.00235	0.00901	0.00549	0.00470
128	0.01895	0.01396	0.01496	0.01147	0.01546	0.01546	0.00947	0.77711	0.02344	0.03141	0.01197	0.01197	0.00848	0.00598	0.00499	0.00150	0.00548	0.00449	0.00499	0.00848
129	0.01000	0.02578	0.79900	0.01421	0.02157	0.01158	0.01842	0.01579	0.01052	0.01579	0.00895	0.01052	0.00631	0.00474	0.00474	0.00158	0.00737	0.00368	0.00210	0.00737
130	0.01048	0.00932	0.01436	0.01954	0.42199	0.00939	0.01066	0.01456	0.10517	0.01814	0.28708	0.02189	0.02261	0.00675	0.00528	0.00154	0.00442	0.00620	0.00385	0.00677
131	0.51328	0.01039	0.00930	0.00815	0.01124	0.01197	0.00657	0.09136	0.25373	0.02275	0.01161	0.01177	0.00878	0.00543	0.00389	0.00158	0.00404	0.00379	0.00389	0.00648
132	0.01145	0.01021	0.01027	0.00952	0.01184	0.06324	0.00726	0.02182	0.55915	0.01896	0.07373	0.12895	0.03567	0.00822	0.00528	0.00170	0.00400	0.00697	0.00486	0.00693
133	0.00692	0.00497	0.00648	0.00633	0.00733	0.00461	0.00462	0.00896	0.01315	0.01848	0.64667	0.14964	0.04371	0.04753	0.00682	0.00178	0.00254	0.00968	0.00525	0.00453
134	0.01009	0.18302	0.45662	0.01217	0.04748	0.01183	0.01358	0.01412	0.01080	0.01516	0.09245	0.06953	0.03060	0.00613	0.00469	0.00150	0.00596	0.00494	0.00271	0.00661
135	0.01204	0.07698	0.09826	0.02484	0.46203	0.01262	0.20965	0.01549	0.01128	0.01580	0.00933	0.01211	0.00754	0.00439	0.00502	0.00151	0.00665	0.00460	0.00242	0.00743

[dist]
# distance from previous block
# <min> <max>
0	3

# created by:
# /home/cegg/simao/soft/augustus-3.2.1/scripts/msa2prfl.pl ./align_prep/25789.fa
