[name]
unknown

[dist]
# distance from previous block
# <min> <max>
0	428

[block]
# block no. 0 follows, 43 sequences, length 83
# corresponding to MSA columns:
# 429-511
name=unknown_A
#
# <colnr> <probs for GDERKNQSTAVLIFYWHMCP>
#	G	D	E	R	K	N	Q	S	T	A	V	L	I	F	Y	W	H	M	C	P
0	0.01295	0.01228	0.02083	0.14147	0.62015	0.01263	0.01628	0.01626	0.01240	0.01744	0.01147	0.01678	0.00995	0.00564	0.00562	0.00173	0.00661	0.04851	0.00284	0.00818
1	0.19421	0.01284	0.01885	0.02629	0.53813	0.01336	0.01403	0.08334	0.01314	0.02108	0.01009	0.01265	0.00823	0.00513	0.00504	0.00166	0.00604	0.00452	0.00314	0.00823
2	0.00790	0.00536	0.00603	0.00609	0.00622	0.00529	0.00349	0.00803	0.00845	0.01115	0.02038	0.07336	0.06568	0.72088	0.02590	0.00501	0.00511	0.00863	0.00355	0.00349
3	0.12860	0.01275	0.01235	0.01019	0.01354	0.05922	0.00821	0.36475	0.09481	0.02778	0.01431	0.01497	0.01069	0.00643	0.00485	0.00159	0.00510	0.00480	0.19733	0.00773
4	0.01302	0.00827	0.01004	0.00846	0.01148	0.00747	0.00657	0.01706	0.11719	0.17413	0.16643	0.12150	0.04915	0.00865	0.00554	0.00156	0.00376	0.00741	0.03621	0.22610
5	0.01260	0.34230	0.47604	0.01325	0.02005	0.01650	0.01604	0.01716	0.01152	0.01573	0.00904	0.01056	0.00705	0.00505	0.00457	0.00152	0.00728	0.00364	0.00235	0.00775
6	0.01633	0.26055	0.22769	0.01314	0.01813	0.29157	0.01299	0.06984	0.01399	0.01597	0.00901	0.01035	0.00725	0.00536	0.00467	0.00146	0.00801	0.00363	0.00275	0.00732
7	0.00662	0.00561	0.00572	0.00569	0.00753	0.00471	0.00427	0.00810	0.01281	0.01539	0.09868	0.05259	0.72573	0.01386	0.00654	0.00186	0.00279	0.01159	0.00520	0.00471
8	0.01717	0.01266	0.01357	0.01078	0.01440	0.01365	0.00877	0.53925	0.02237	0.02999	0.07619	0.02235	0.13886	0.00821	0.00570	0.00169	0.00513	0.00648	0.04468	0.00812
9	0.02117	0.01555	0.01604	0.01251	0.01678	0.07015	0.01024	0.60464	0.04842	0.10696	0.01412	0.01386	0.00993	0.00663	0.00551	0.00166	0.00617	0.00499	0.00549	0.00919
10	0.01310	0.01487	0.03230	0.02374	0.05680	0.01397	0.72315	0.01771	0.01305	0.01775	0.01117	0.01489	0.00842	0.00468	0.00650	0.00186	0.00923	0.00648	0.00280	0.00752
11	0.01976	0.02444	0.01527	0.01386	0.01676	0.67961	0.01044	0.02310	0.11595	0.01485	0.01044	0.01142	0.00845	0.00595	0.00508	0.00149	0.00923	0.00393	0.00323	0.00674
12	0.00828	0.00711	0.01143	0.01025	0.01202	0.00651	0.13948	0.01017	0.01167	0.01559	0.08100	0.42350	0.12125	0.04384	0.00756	0.00216	0.00441	0.03471	0.00463	0.04444
13	0.01027	0.00644	0.00830	0.00848	0.01028	0.00595	0.00699	0.01238	0.01332	0.12172	0.10880	0.09265	0.22718	0.01351	0.00693	0.00216	0.00409	0.32955	0.00546	0.00557
14	0.01371	0.01316	0.02248	0.03399	0.77081	0.01316	0.01700	0.01700	0.01261	0.01809	0.01042	0.01371	0.00877	0.00493	0.00548	0.00164	0.00658	0.00493	0.00274	0.00877
15	0.02063	0.01530	0.01638	0.01266	0.01701	0.01698	0.01042	0.70985	0.06923	0.03421	0.01384	0.01373	0.00986	0.00670	0.00555	0.00167	0.00599	0.00506	0.00555	0.00938
16	0.02105	0.01551	0.01662	0.01274	0.01717	0.01717	0.01053	0.75235	0.02604	0.03490	0.01330	0.01330	0.00942	0.00665	0.00554	0.00166	0.00609	0.00499	0.00554	0.00942
17	0.01039	0.00632	0.00820	0.00767	0.00949	0.00575	0.00603	0.01277	0.01492	0.13442	0.46481	0.04232	0.13504	0.01153	0.00654	0.00186	0.00329	0.10690	0.00596	0.00577
18	0.01302	0.01480	0.03191	0.02291	0.02824	0.01415	0.71438	0.01752	0.01285	0.01752	0.01101	0.01480	0.00835	0.00492	0.00711	0.00189	0.04798	0.00645	0.00278	0.00740
19	0.01046	0.00984	0.01661	0.79205	0.03814	0.01230	0.01538	0.01415	0.01107	0.01415	0.00984	0.01477	0.00738	0.00554	0.00554	0.00185	0.00738	0.00492	0.00246	0.00615
20	0.08059	0.01402	0.01452	0.01148	0.01560	0.08482	0.00936	0.36368	0.04787	0.27815	0.01565	0.01481	0.01067	0.00655	0.00535	0.00167	0.00580	0.00495	0.00558	0.00887
21	0.00677	0.00560	0.00593	0.00594	0.00767	0.00477	0.00445	0.00833	0.01297	0.01593	0.15057	0.07734	0.63525	0.01380	0.00658	0.00188	0.00283	0.02337	0.00527	0.00475
22	0.01275	0.01218	0.02075	0.25807	0.55424	0.01291	0.01652	0.01616	0.01216	0.01693	0.01025	0.01402	0.00836	0.00511	0.00550	0.00170	0.00682	0.00493	0.00266	0.00800
23	0.04418	0.00887	0.01127	0.00967	0.01278	0.00845	0.00773	0.06505	0.08398	0.41907	0.02335	0.18057	0.01969	0.00969	0.00599	0.00191	0.00448	0.06933	0.00606	0.00789
24	0.01742	0.01501	0.01872	0.01484	0.01885	0.16285	0.21174	0.02426	0.24368	0.18854	0.01656	0.01661	0.01196	0.00624	0.00574	0.00175	0.00691	0.00565	0.00459	0.00810
25	0.00655	0.00561	0.00561	0.00561	0.00748	0.00468	0.00421	0.00795	0.01262	0.01496	0.05610	0.05330	0.76857	0.01403	0.00655	0.00187	0.00281	0.01169	0.00514	0.00468
26	0.00821	0.00533	0.00700	0.00762	0.00848	0.00489	0.00532	0.00956	0.01194	0.06964	0.15560	0.57663	0.07799	0.01540	0.00684	0.00210	0.00320	0.01383	0.00542	0.00498
27	0.01615	0.01565	0.09693	0.02314	0.35979	0.06956	0.06665	0.11741	0.05618	0.10523	0.01263	0.01422	0.00954	0.00559	0.00553	0.00168	0.00679	0.00501	0.00371	0.00861
28	0.01219	0.05520	0.16307	0.01979	0.02530	0.01326	0.51118	0.01667	0.01250	0.01712	0.01269	0.09071	0.01084	0.00601	0.00621	0.00185	0.00837	0.00682	0.00293	0.00729
29	0.00794	0.00583	0.00835	0.00835	0.00915	0.00663	0.00624	0.00954	0.00874	0.01245	0.01533	0.02453	0.01505	0.18754	0.63905	0.00823	0.01303	0.00634	0.00304	0.00464
30	0.01148	0.00984	0.01148	0.00820	0.01312	0.00738	0.00656	0.01395	0.01148	0.01805	0.00984	0.01148	0.00820	0.00410	0.00410	0.00082	0.00410	0.00328	0.00328	0.83922
31	0.04103	0.01029	0.01523	0.27657	0.23019	0.03380	0.01232	0.04260	0.01247	0.04407	0.04397	0.15751	0.04086	0.00807	0.00578	0.00183	0.00590	0.00720	0.00357	0.00674
32	0.00689	0.00488	0.00638	0.00753	0.00781	0.00459	0.00495	0.00775	0.01032	0.01377	0.02909	0.71786	0.03482	0.10371	0.00938	0.00259	0.00345	0.01490	0.00495	0.00437
33	0.01193	0.02385	0.55336	0.10214	0.12320	0.01308	0.01891	0.05761	0.01254	0.01820	0.01018	0.01238	0.00742	0.00533	0.00534	0.00174	0.00777	0.00434	0.00258	0.00811
34	0.10566	0.32327	0.04467	0.01077	0.01515	0.08569	0.05735	0.01692	0.01172	0.05183	0.00919	0.01067	0.00763	0.00509	0.00485	0.00133	0.04478	0.00358	0.00297	0.18687
35	0.00955	0.00745	0.00888	0.00824	0.00961	0.00800	0.00606	0.01459	0.19197	0.01910	0.35832	0.03321	0.03309	0.19514	0.02668	0.00279	0.04826	0.00829	0.00509	0.00568
36	0.00777	0.00594	0.00642	0.00643	0.00832	0.00514	0.00497	0.00952	0.02414	0.05104	0.05041	0.07676	0.62254	0.01383	0.00662	0.00194	0.00317	0.08480	0.00523	0.00500
37	0.01379	0.47286	0.30527	0.01210	0.01800	0.06409	0.01362	0.01727	0.01168	0.01473	0.00858	0.00999	0.00707	0.00499	0.00427	0.00141	0.00700	0.00342	0.00239	0.00747
38	0.02780	0.40047	0.05848	0.01135	0.01557	0.08545	0.08468	0.01741	0.01262	0.09685	0.08316	0.01464	0.01264	0.00774	0.04756	0.00185	0.00676	0.00456	0.00335	0.00707
39	0.00670	0.00558	0.00585	0.00586	0.00759	0.00473	0.00436	0.00821	0.01286	0.01572	0.13290	0.08728	0.65556	0.01389	0.00657	0.00187	0.00280	0.01170	0.00525	0.00473
40	0.00782	0.00521	0.00636	0.00673	0.00703	0.00504	0.00428	0.00796	0.00918	0.01205	0.02370	0.23206	0.09188	0.39764	0.01920	0.11630	0.00450	0.03544	0.00391	0.00370
41	0.01206	0.01018	0.01179	0.00847	0.01337	0.00797	0.00680	0.05811	0.01235	0.01906	0.01005	0.01159	0.00828	0.00425	0.00419	0.00087	0.00422	0.00338	0.00342	0.78959
42	0.01355	0.01300	0.02220	0.06974	0.73627	0.01312	0.01692	0.01686	0.01254	0.01791	0.01039	0.01376	0.00871	0.00496	0.00549	0.00165	0.00662	0.00493	0.00273	0.00865
43	0.01343	0.01288	0.02198	0.09889	0.70809	0.01309	0.01686	0.01675	0.01248	0.01776	0.01037	0.01380	0.00865	0.00499	0.00549	0.00166	0.00665	0.00493	0.00272	0.00855
44	0.35915	0.01354	0.10457	0.00982	0.01392	0.04794	0.00890	0.05930	0.09337	0.12373	0.01404	0.01521	0.03232	0.00625	0.00462	0.00170	0.00517	0.02529	0.00417	0.05700
45	0.01635	0.01371	0.01633	0.01235	0.01678	0.08916	0.10423	0.21205	0.01624	0.08847	0.01176	0.01293	0.00889	0.00547	0.00556	0.00138	0.03637	0.00444	0.00406	0.32346
46	0.00748	0.00586	0.00691	0.00694	0.00846	0.00505	0.00495	0.00890	0.01173	0.01552	0.10335	0.34254	0.27490	0.05107	0.00744	0.00203	0.00324	0.01184	0.00490	0.11688
47	0.00842	0.00646	0.00745	0.00720	0.00845	0.00654	0.00511	0.01166	0.11506	0.01583	0.16169	0.03730	0.20816	0.25907	0.11412	0.00384	0.00534	0.00877	0.00455	0.00497
48	0.00697	0.00511	0.00659	0.00771	0.00822	0.00483	0.00521	0.00847	0.03628	0.01449	0.03178	0.73038	0.07973	0.01682	0.00699	0.00221	0.00323	0.01518	0.00516	0.00465
49	0.27214	0.00928	0.01026	0.00864	0.01191	0.00929	0.00694	0.06692	0.01389	0.32510	0.08722	0.09949	0.04054	0.00803	0.00518	0.00177	0.00426	0.00639	0.00542	0.00733
50	0.01371	0.01316	0.02248	0.03399	0.77081	0.01316	0.01700	0.01700	0.01261	0.01809	0.01042	0.01371	0.00877	0.00493	0.00548	0.00164	0.00658	0.00493	0.00274	0.00877
51	0.01032	0.00516	0.00516	0.00516	0.00645	0.00516	0.00387	0.01290	0.01161	0.02065	0.01807	0.02065	0.01420	0.00645	0.00387	0.00129	0.00258	0.00516	0.83611	0.00516
52	0.01279	0.01259	0.02199	0.01639	0.02081	0.01221	0.38855	0.10547	0.10304	0.01994	0.02118	0.02244	0.15275	0.00697	0.00617	0.00178	0.00682	0.00709	0.00394	0.05708
53	0.07125	0.15572	0.11745	0.08441	0.01904	0.43311	0.01190	0.01947	0.01359	0.01478	0.00866	0.01040	0.00706	0.00543	0.00473	0.00149	0.00846	0.00362	0.00271	0.00672
54	0.01189	0.01181	0.01692	0.11915	0.01772	0.01634	0.01256	0.01344	0.00883	0.01344	0.00762	0.01247	0.00729	0.00913	0.01647	0.00235	0.68922	0.00486	0.00243	0.00607
55	0.00721	0.00553	0.00648	0.00644	0.00778	0.00493	0.00468	0.00898	0.01338	0.01762	0.34823	0.12922	0.34019	0.06488	0.00801	0.00209	0.00294	0.01120	0.00542	0.00480
56	0.01594	0.01403	0.01617	0.01327	0.01701	0.05989	0.09863	0.21075	0.44085	0.02492	0.01801	0.01748	0.01341	0.00685	0.00568	0.00180	0.00574	0.00581	0.00511	0.00864
57	0.00723	0.00524	0.00663	0.00722	0.00795	0.00488	0.00502	0.00858	0.01177	0.01576	0.19750	0.41623	0.12220	0.11036	0.00946	0.00248	0.00338	0.04836	0.00514	0.00457
58	0.00686	0.00537	0.00621	0.00653	0.00781	0.00473	0.00470	0.00836	0.01259	0.01611	0.18650	0.28342	0.40204	0.01453	0.00671	0.00196	0.00289	0.01262	0.00533	0.00473
59	0.00998	0.00612	0.00765	0.00739	0.00913	0.00546	0.00562	0.01185	0.01365	0.13536	0.25591	0.19047	0.24600	0.01284	0.00657	0.00193	0.00328	0.05955	0.00569	0.00557
60	0.21717	0.00931	0.00938	0.00965	0.05559	0.07873	0.00678	0.01379	0.01295	0.06495	0.27330	0.17940	0.02867	0.00984	0.00561	0.00180	0.00418	0.00827	0.00479	0.00584
61	0.27165	0.24130	0.01677	0.01046	0.01397	0.30546	0.00868	0.01845	0.01238	0.01712	0.00838	0.00974	0.00702	0.00529	0.00407	0.00144	0.00684	0.00328	0.03128	0.00644
62	0.37707	0.01590	0.01407	0.01408	0.11929	0.21301	0.03502	0.11625	0.01384	0.02208	0.00917	0.01069	0.00722	0.00544	0.00451	0.00163	0.00650	0.00380	0.00344	0.00700
63	0.01133	0.06747	0.40727	0.03523	0.12087	0.01199	0.03364	0.01648	0.04747	0.02864	0.07260	0.06381	0.04581	0.00688	0.00551	0.00175	0.00665	0.00582	0.00321	0.00758
64	0.00881	0.00691	0.00785	0.00716	0.00953	0.00594	0.00538	0.01133	0.05707	0.04145	0.08988	0.18108	0.33973	0.01163	0.00601	0.00169	0.00331	0.00994	0.00488	0.19042
65	0.00784	0.00542	0.00706	0.00793	0.00868	0.00513	0.00557	0.00960	0.03834	0.04197	0.08429	0.61965	0.06323	0.01595	0.00694	0.00218	0.00336	0.05668	0.00529	0.00492
66	0.00805	0.00537	0.00604	0.00604	0.00604	0.00537	0.00336	0.00805	0.00805	0.01074	0.01745	0.03624	0.02013	0.80536	0.02819	0.00537	0.00537	0.00805	0.00336	0.00336
67	0.00791	0.00539	0.00600	0.00600	0.00618	0.00530	0.00344	0.00804	0.00849	0.01114	0.02116	0.03788	0.09201	0.72937	0.02611	0.00503	0.00512	0.00840	0.00353	0.00348
68	0.01307	0.01494	0.03268	0.02334	0.02894	0.01401	0.75070	0.01774	0.01307	0.01774	0.01120	0.01494	0.00840	0.00467	0.00654	0.00187	0.00934	0.00654	0.00280	0.00747
69	0.01140	0.01099	0.01660	0.01440	0.07126	0.03943	0.19041	0.08067	0.01367	0.01797	0.08752	0.02834	0.24544	0.01020	0.03340	0.00211	0.10799	0.00780	0.00400	0.00640
70	0.01046	0.00984	0.01661	0.79205	0.03814	0.01230	0.01538	0.01415	0.01107	0.01415	0.00984	0.01477	0.00738	0.00554	0.00554	0.00185	0.00738	0.00492	0.00246	0.00615
71	0.06208	0.46752	0.07851	0.01129	0.01563	0.25434	0.01046	0.01833	0.01255	0.01417	0.00813	0.00943	0.00705	0.00510	0.00411	0.00133	0.00725	0.00323	0.00257	0.00691
72	0.71304	0.01101	0.00970	0.06020	0.04142	0.01271	0.00728	0.05675	0.01057	0.02445	0.00826	0.00979	0.00638	0.00524	0.00376	0.00172	0.00467	0.00331	0.00345	0.00630
73	0.01170	0.01053	0.01434	0.01024	0.01525	0.00827	0.10668	0.01446	0.01170	0.01801	0.01003	0.01195	0.00823	0.00418	0.00443	0.00096	0.00481	0.00372	0.00322	0.72731
74	0.00962	0.00481	0.00722	0.00722	0.00722	0.00481	0.00481	0.00722	0.00722	0.00962	0.00962	0.01684	0.00962	0.01924	0.02165	0.83886	0.00481	0.00481	0.00241	0.00241
75	0.00752	0.00573	0.00687	0.00691	0.00828	0.00528	0.00525	0.00936	0.01295	0.01696	0.27469	0.04726	0.31781	0.09595	0.05174	0.00267	0.00399	0.11085	0.00514	0.00479
76	0.01148	0.00984	0.01148	0.00820	0.01312	0.00738	0.00656	0.01395	0.01148	0.01805	0.00984	0.01148	0.00820	0.00410	0.00410	0.00082	0.00410	0.00328	0.00328	0.83922
77	0.01847	0.01695	0.01475	0.01252	0.01605	0.22427	0.00985	0.26567	0.28785	0.05241	0.01566	0.01526	0.01166	0.00671	0.00543	0.00168	0.00649	0.00508	0.00489	0.00837
78	0.00691	0.00494	0.00661	0.00790	0.00829	0.00464	0.00542	0.00799	0.01076	0.01432	0.03044	0.74673	0.03628	0.01720	0.00711	0.00227	0.00335	0.06916	0.00514	0.00454
79	0.01123	0.01063	0.01800	0.61315	0.21106	0.01251	0.01576	0.01482	0.01144	0.01508	0.00998	0.01452	0.00771	0.00539	0.00552	0.00180	0.00719	0.00492	0.00253	0.00677
80	0.00675	0.00482	0.00643	0.00771	0.00803	0.00450	0.00514	0.00771	0.01060	0.01414	0.03053	0.80175	0.03663	0.01735	0.00707	0.00225	0.00321	0.01574	0.00514	0.00450
81	0.00716	0.00524	0.00673	0.00719	0.00807	0.00481	0.00507	0.00883	0.01284	0.01744	0.32699	0.41728	0.12269	0.01459	0.00680	0.00201	0.00293	0.01302	0.00552	0.00481
82	0.01212	0.01212	0.01696	0.01454	0.01454	0.01696	0.01212	0.01333	0.00848	0.01333	0.00727	0.01212	0.00727	0.00969	0.01818	0.00242	0.79523	0.00485	0.00242	0.00606

[dist]
# distance from previous block
# <min> <max>
1	9

[block]
# block no. 1 follows, 43 sequences, length 37
# corresponding to MSA columns:
# 521-557
name=unknown_B
#
# <colnr> <probs for GDERKNQSTAVLIFYWHMCP>
#	G	D	E	R	K	N	Q	S	T	A	V	L	I	F	Y	W	H	M	C	P
0	0.00838	0.00669	0.00915	0.00910	0.01016	0.03553	0.00706	0.01034	0.00915	0.01288	0.01460	0.02132	0.01360	0.04022	0.75473	0.00863	0.01466	0.00585	0.00296	0.00500
1	0.01148	0.00984	0.01148	0.00820	0.01312	0.00738	0.00656	0.01395	0.01148	0.01805	0.00984	0.01148	0.00820	0.00410	0.00410	0.00082	0.00410	0.00328	0.00328	0.83922
2	0.01329	0.15050	0.04326	0.00946	0.01215	0.01260	0.00771	0.19444	0.07445	0.01873	0.01418	0.02175	0.01352	0.31304	0.01425	0.00301	0.03196	0.00580	0.00383	0.04206
3	0.00834	0.00607	0.00818	0.00930	0.01052	0.00591	0.00783	0.01053	0.01244	0.01605	0.03278	0.16156	0.12325	0.01542	0.00743	0.00243	0.00456	0.54733	0.00511	0.00497
4	0.00857	0.00612	0.00852	0.00980	0.01092	0.00607	0.00831	0.01086	0.01240	0.01618	0.02952	0.18224	0.03264	0.01563	0.00756	0.00250	0.00479	0.61725	0.00511	0.00500
5	0.01148	0.00984	0.01148	0.00820	0.01312	0.00738	0.00656	0.01395	0.01148	0.01805	0.00984	0.01148	0.00820	0.00410	0.00410	0.00082	0.00410	0.00328	0.00328	0.83922
6	0.01337	0.01348	0.02444	0.05616	0.38056	0.01351	0.27129	0.01885	0.11548	0.01852	0.01233	0.01513	0.00971	0.00522	0.00587	0.00176	0.00727	0.00567	0.00315	0.00822
7	0.00845	0.00650	0.00805	0.00872	0.01032	0.00631	0.00731	0.01152	0.06439	0.01648	0.03794	0.05647	0.28088	0.01433	0.00714	0.00227	0.00427	0.43830	0.00515	0.00521
8	0.01307	0.01494	0.03268	0.02334	0.02894	0.01401	0.75070	0.01774	0.01307	0.01774	0.01120	0.01494	0.00840	0.00467	0.00654	0.00187	0.00934	0.00654	0.00280	0.00747
9	0.00769	0.00566	0.00720	0.00682	0.00819	0.00516	0.00511	0.01017	0.01534	0.02140	0.68879	0.04270	0.13186	0.01162	0.00653	0.00176	0.00263	0.01020	0.00599	0.00516
10	0.01481	0.80869	0.02902	0.00948	0.01421	0.02191	0.00948	0.01658	0.01125	0.01303	0.00770	0.00888	0.00711	0.00474	0.00355	0.00118	0.00592	0.00296	0.00237	0.00711
11	0.01417	0.01280	0.02022	0.19970	0.48523	0.01362	0.01559	0.13549	0.01444	0.01994	0.01076	0.01388	0.00857	0.00535	0.00550	0.00169	0.00668	0.00494	0.00313	0.00829
12	0.84448	0.01071	0.00814	0.00728	0.01071	0.01242	0.00600	0.01628	0.00943	0.02485	0.00771	0.00900	0.00600	0.00514	0.00343	0.00171	0.00428	0.00300	0.00343	0.00600
13	0.02485	0.00943	0.01285	0.00985	0.01414	0.00814	0.00814	0.02699	0.01585	0.77465	0.02185	0.01885	0.01371	0.00685	0.00557	0.00171	0.00471	0.00557	0.00685	0.00943
14	0.00683	0.00553	0.00607	0.00613	0.00771	0.00477	0.00452	0.00842	0.01300	0.01632	0.19638	0.13915	0.53806	0.01387	0.00660	0.00189	0.00281	0.01183	0.00533	0.00477
15	0.01421	0.01326	0.02186	0.05172	0.69213	0.01346	0.01644	0.07539	0.01364	0.01933	0.01063	0.01370	0.00879	0.00509	0.00549	0.00165	0.00656	0.00494	0.00296	0.00876
16	0.01160	0.01132	0.01159	0.01052	0.01106	0.14278	0.00781	0.01237	0.00956	0.01222	0.01230	0.02270	0.01316	0.35457	0.06161	0.00388	0.27707	0.00607	0.00293	0.00489
17	0.00762	0.00565	0.00709	0.00673	0.00814	0.00513	0.00505	0.01002	0.01515	0.02096	0.64549	0.04342	0.17544	0.01179	0.00653	0.00176	0.00265	0.01030	0.00593	0.00513
18	0.00675	0.00482	0.00643	0.00771	0.00803	0.00450	0.00514	0.00771	0.01060	0.01414	0.03053	0.80175	0.03663	0.01735	0.00707	0.00225	0.00321	0.01574	0.00514	0.00450
19	0.01083	0.01022	0.01728	0.70506	0.12223	0.01240	0.01557	0.01448	0.01125	0.01460	0.00991	0.01464	0.00754	0.00547	0.00553	0.00182	0.00729	0.00492	0.00249	0.00645
20	0.84448	0.01071	0.00814	0.00728	0.01071	0.01242	0.00600	0.01628	0.00943	0.02485	0.00771	0.00900	0.00600	0.00514	0.00343	0.00171	0.00428	0.00300	0.00343	0.00600
21	0.02143	0.01491	0.01625	0.01246	0.01688	0.01629	0.01029	0.68110	0.02504	0.10756	0.01414	0.01384	0.00984	0.00667	0.00554	0.00167	0.00596	0.00504	0.00567	0.00942
22	0.02071	0.02564	0.01576	0.01416	0.01713	0.73021	0.01069	0.07256	0.01641	0.01503	0.00889	0.01022	0.00729	0.00577	0.00503	0.00144	0.00972	0.00367	0.00304	0.00663
23	0.00688	0.00562	0.00608	0.00596	0.00769	0.00482	0.00447	0.00860	0.01342	0.01685	0.24167	0.05019	0.58182	0.01332	0.00654	0.00184	0.00276	0.01125	0.00539	0.00482
24	0.00892	0.00637	0.00892	0.01020	0.01147	0.00637	0.00892	0.01147	0.01275	0.01657	0.02932	0.06247	0.03187	0.01530	0.00765	0.00255	0.00510	0.73354	0.00510	0.00510
25	0.01032	0.00516	0.00516	0.00516	0.00645	0.00516	0.00387	0.01290	0.01161	0.02065	0.01807	0.02065	0.01420	0.00645	0.00387	0.00129	0.00258	0.00516	0.83611	0.00516
26	0.01164	0.01034	0.01353	0.00966	0.01465	0.00802	0.07832	0.01431	0.01164	0.01802	0.00997	0.01182	0.00822	0.00416	0.00434	0.00092	0.00461	0.00360	0.00323	0.75902
27	0.84448	0.01071	0.00814	0.00728	0.01071	0.01242	0.00600	0.01628	0.00943	0.02485	0.00771	0.00900	0.00600	0.00514	0.00343	0.00171	0.00428	0.00300	0.00343	0.00600
28	0.00717	0.00514	0.00680	0.00743	0.00813	0.00478	0.00517	0.00876	0.01255	0.01724	0.31369	0.50975	0.04263	0.01504	0.00686	0.00205	0.00298	0.01354	0.00551	0.00478
29	0.01366	0.01191	0.01283	0.01150	0.01441	0.01400	0.00900	0.02832	0.70883	0.02249	0.02149	0.02007	0.01624	0.00766	0.00650	0.00192	0.05902	0.00616	0.00541	0.00858
30	0.02105	0.01551	0.01662	0.01274	0.01717	0.01717	0.01053	0.75235	0.02604	0.03490	0.01330	0.01330	0.00942	0.00665	0.00554	0.00166	0.00609	0.00499	0.00554	0.00942
31	0.01117	0.01271	0.13901	0.00944	0.01466	0.00814	0.00881	0.01421	0.01147	0.01775	0.01098	0.05424	0.00954	0.00501	0.00446	0.00105	0.00474	0.00409	0.00322	0.65530
32	0.75228	0.04484	0.00936	0.00755	0.01110	0.01254	0.00630	0.01703	0.00995	0.07614	0.00869	0.00967	0.00658	0.00524	0.00358	0.00169	0.00438	0.00317	0.00362	0.00628
33	0.84448	0.01071	0.00814	0.00728	0.01071	0.01242	0.00600	0.01628	0.00943	0.02485	0.00771	0.00900	0.00600	0.00514	0.00343	0.00171	0.00428	0.00300	0.00343	0.00600
34	0.01236	0.01119	0.01907	0.33611	0.36288	0.01218	0.04084	0.01572	0.01185	0.04503	0.01099	0.01499	0.00878	0.00803	0.06485	0.00229	0.00756	0.00509	0.00281	0.00740
35	0.00808	0.00581	0.00793	0.00915	0.01013	0.00566	0.00743	0.01004	0.01202	0.01568	0.03093	0.31298	0.06635	0.01594	0.00740	0.00242	0.00436	0.45771	0.00512	0.00488
36	0.01333	0.49657	0.32818	0.01200	0.01812	0.01829	0.01387	0.01697	0.01143	0.01483	0.00860	0.01001	0.00707	0.00495	0.00424	0.00141	0.00683	0.00341	0.00236	0.00754

[dist]
# distance from previous block
# <min> <max>
7	10

[block]
# block no. 2 follows, 43 sequences, length 22
# corresponding to MSA columns:
# 568-589
name=unknown_C
#
# <colnr> <probs for GDERKNQSTAVLIFYWHMCP>
#	G	D	E	R	K	N	Q	S	T	A	V	L	I	F	Y	W	H	M	C	P
0	0.00684	0.00562	0.00601	0.00592	0.00766	0.00480	0.00444	0.00851	0.01331	0.01659	0.21593	0.05062	0.60772	0.01342	0.00654	0.00184	0.00276	0.01131	0.00536	0.00480
1	0.01202	0.00909	0.01208	0.24454	0.01960	0.01008	0.00955	0.01855	0.23112	0.09883	0.15972	0.06698	0.06769	0.00849	0.00590	0.00185	0.00483	0.00733	0.00484	0.00691
2	0.13509	0.00871	0.01080	0.00873	0.01222	0.00801	0.00709	0.02143	0.01473	0.49170	0.15238	0.02354	0.06591	0.00784	0.00550	0.00173	0.00417	0.00637	0.00614	0.00792
3	0.01232	0.07973	0.57547	0.01466	0.02160	0.04127	0.01763	0.05677	0.01240	0.01783	0.00977	0.01154	0.00723	0.00549	0.00576	0.00168	0.04910	0.00404	0.00259	0.05313
4	0.52648	0.20134	0.01419	0.00884	0.01249	0.12901	0.00752	0.01722	0.01079	0.02038	0.00783	0.00912	0.00643	0.00513	0.00369	0.00155	0.00552	0.00307	0.00309	0.00632
5	0.01261	0.01165	0.01902	0.23723	0.46491	0.01246	0.01509	0.01690	0.06854	0.01756	0.01167	0.01497	0.00935	0.00539	0.00541	0.00169	0.00638	0.00505	0.05631	0.00783
6	0.01138	0.01885	0.36690	0.01446	0.01954	0.01200	0.10633	0.07055	0.01256	0.01800	0.04101	0.10806	0.03226	0.00865	0.02931	0.00208	0.09171	0.00636	0.00322	0.02677
7	0.01422	0.01487	0.01323	0.01184	0.01315	0.26115	0.00901	0.07029	0.01216	0.01446	0.01186	0.05520	0.01197	0.19127	0.04328	0.00295	0.23449	0.00574	0.00316	0.00570
8	0.02353	0.01010	0.01316	0.01005	0.01439	0.00904	0.00828	0.10288	0.01663	0.64435	0.02012	0.01776	0.01288	0.00664	0.00547	0.00165	0.00482	0.00535	0.00647	0.06645
9	0.01032	0.00516	0.00516	0.00516	0.00645	0.00516	0.00387	0.01290	0.01161	0.02065	0.01807	0.02065	0.01420	0.00645	0.00387	0.00129	0.00258	0.00516	0.83611	0.00516
10	0.02485	0.00943	0.01285	0.00985	0.01414	0.00814	0.00814	0.02699	0.01585	0.77465	0.02185	0.01885	0.01371	0.00685	0.00557	0.00171	0.00471	0.00557	0.00685	0.00943
11	0.00716	0.00559	0.00649	0.00636	0.00788	0.00492	0.00473	0.00910	0.01393	0.01829	0.38585	0.08851	0.39546	0.01295	0.00657	0.00183	0.00274	0.01113	0.00559	0.00492
12	0.84448	0.01071	0.00814	0.00728	0.01071	0.01242	0.00600	0.01628	0.00943	0.02485	0.00771	0.00900	0.00600	0.00514	0.00343	0.00171	0.00428	0.00300	0.00343	0.00600
13	0.00727	0.00602	0.00721	0.00800	0.05488	0.00542	0.00543	0.00894	0.01251	0.01582	0.13668	0.12658	0.49719	0.01555	0.06511	0.00241	0.00396	0.01106	0.00495	0.00500
14	0.01546	0.01117	0.01239	0.01097	0.01420	0.01240	0.00867	0.02806	0.59130	0.15418	0.02278	0.02254	0.01713	0.00781	0.00573	0.00188	0.00448	0.04434	0.00582	0.00869
15	0.01378	0.01076	0.01167	0.01053	0.01347	0.01202	0.00816	0.02625	0.59226	0.08842	0.02515	0.08141	0.06446	0.00860	0.00579	0.00189	0.00423	0.00725	0.00568	0.00825
16	0.00892	0.00637	0.00892	0.01020	0.01147	0.00637	0.00892	0.01147	0.01275	0.01657	0.02932	0.06247	0.03187	0.01530	0.00765	0.00255	0.00510	0.73354	0.00510	0.00510
17	0.02105	0.01551	0.01662	0.01274	0.01717	0.01717	0.01053	0.75235	0.02604	0.03490	0.01330	0.01330	0.00942	0.00665	0.00554	0.00166	0.00609	0.00499	0.00554	0.00942
18	0.01574	0.01282	0.01364	0.01153	0.01513	0.01440	0.00915	0.23604	0.50926	0.02626	0.01920	0.01805	0.01428	0.00708	0.00552	0.00176	0.00486	0.00573	0.00548	0.05405
19	0.01438	0.12777	0.12021	0.07155	0.38082	0.01389	0.08026	0.01789	0.01257	0.09247	0.01114	0.01345	0.00868	0.00515	0.00529	0.00163	0.00680	0.00475	0.00303	0.00825
20	0.01164	0.07165	0.61335	0.01664	0.02421	0.01357	0.13759	0.01752	0.01189	0.01731	0.01001	0.01205	0.00724	0.00514	0.00537	0.00174	0.00824	0.00442	0.00241	0.00801
21	0.00655	0.00561	0.00561	0.00561	0.00748	0.00468	0.00421	0.00795	0.01262	0.01496	0.05610	0.05330	0.76857	0.01403	0.00655	0.00187	0.00281	0.01169	0.00514	0.00468

[dist]
# distance from previous block
# <min> <max>
0	6

[block]
# block no. 3 follows, 43 sequences, length 24
# corresponding to MSA columns:
# 596-614,623-627
name=unknown_D
#
# <colnr> <probs for GDERKNQSTAVLIFYWHMCP>
#	G	D	E	R	K	N	Q	S	T	A	V	L	I	F	Y	W	H	M	C	P
0	0.00879	0.00778	0.01219	0.35915	0.02251	0.00857	0.04452	0.01137	0.01164	0.01497	0.06445	0.21182	0.15692	0.01048	0.00625	0.00196	0.00532	0.03196	0.00388	0.00547
1	0.01265	0.08477	0.39471	0.08260	0.02453	0.04401	0.17774	0.05157	0.01261	0.01743	0.01003	0.01247	0.00748	0.00537	0.00594	0.00175	0.03939	0.00466	0.00263	0.00768
2	0.01078	0.07872	0.14086	0.01750	0.23533	0.01074	0.07065	0.01404	0.01286	0.01748	0.13784	0.02637	0.18804	0.00801	0.00578	0.00171	0.00553	0.00709	0.00372	0.00695
3	0.02072	0.02553	0.01577	0.01415	0.01713	0.72212	0.01069	0.08028	0.01652	0.01526	0.00894	0.01025	0.00732	0.00578	0.00504	0.00145	0.00968	0.00368	0.00307	0.00666
4	0.01345	0.01290	0.02201	0.09432	0.71251	0.01309	0.01687	0.01677	0.01249	0.01778	0.01037	0.01379	0.00866	0.00498	0.00549	0.00166	0.00664	0.00493	0.00272	0.00856
5	0.37107	0.40634	0.01904	0.00890	0.01294	0.07636	0.00808	0.01688	0.01081	0.01814	0.00777	0.00902	0.00663	0.00499	0.00361	0.00143	0.00553	0.00302	0.00286	0.00658
6	0.00816	0.00642	0.00763	0.00714	0.00912	0.00569	0.00554	0.01074	0.03617	0.01879	0.34487	0.04309	0.27691	0.01160	0.00632	0.00176	0.00317	0.08329	0.00532	0.10828
7	0.17424	0.00625	0.00575	0.00558	0.00729	0.00659	0.00429	0.01357	0.01118	0.02147	0.01603	0.01836	0.01258	0.00619	0.00378	0.00137	0.00292	0.00474	0.67248	0.00533
8	0.00669	0.00562	0.00581	0.00576	0.00757	0.00474	0.00432	0.00822	0.01296	0.01576	0.13405	0.05199	0.69013	0.01373	0.00654	0.00186	0.00278	0.01151	0.00525	0.00474
9	0.01104	0.02682	0.70115	0.01568	0.02324	0.01271	0.04257	0.01705	0.01160	0.01729	0.01066	0.04126	0.00817	0.00583	0.00577	0.00180	0.03232	0.00463	0.00246	0.00796
10	0.01837	0.01988	0.01474	0.01302	0.01620	0.41083	0.01001	0.12837	0.27234	0.01988	0.01402	0.01411	0.01081	0.00646	0.00529	0.00161	0.00752	0.00469	0.00419	0.00765
11	0.00713	0.00544	0.00688	0.00728	0.00837	0.00519	0.00533	0.00870	0.01162	0.01529	0.13439	0.29182	0.25807	0.02035	0.16368	0.00342	0.00541	0.03204	0.00483	0.00476
12	0.01266	0.01205	0.01552	0.01348	0.01450	0.01593	0.01103	0.01857	0.25350	0.01653	0.01224	0.01490	0.01041	0.00898	0.01409	0.00225	0.53766	0.00531	0.00347	0.00694
13	0.00952	0.00733	0.01018	0.00961	0.01081	0.00865	0.00754	0.08189	0.01049	0.01494	0.01419	0.02075	0.01314	0.06594	0.61732	0.00755	0.07571	0.00584	0.00319	0.00540
14	0.00675	0.00482	0.00643	0.00771	0.00803	0.00450	0.00514	0.00771	0.01060	0.01414	0.03053	0.80175	0.03663	0.01735	0.00707	0.00225	0.00321	0.01574	0.00514	0.00450
15	0.01996	0.08816	0.01664	0.01377	0.01679	0.69327	0.01053	0.02195	0.04364	0.01388	0.00902	0.01031	0.00750	0.00570	0.00490	0.00142	0.00945	0.00362	0.00292	0.00656
16	0.01481	0.80869	0.02902	0.00948	0.01421	0.02191	0.00948	0.01658	0.01125	0.01303	0.00770	0.00888	0.00711	0.00474	0.00355	0.00118	0.00592	0.00296	0.00237	0.00711
17	0.84448	0.01071	0.00814	0.00728	0.01071	0.01242	0.00600	0.01628	0.00943	0.02485	0.00771	0.00900	0.00600	0.00514	0.00343	0.00171	0.00428	0.00300	0.00343	0.00600
18	0.00683	0.00505	0.00655	0.00752	0.00814	0.00477	0.00518	0.00796	0.01073	0.01413	0.03275	0.61325	0.14278	0.01927	0.08427	0.00286	0.00431	0.01417	0.00492	0.00457
19	0.00962	0.00481	0.00722	0.00722	0.00722	0.00481	0.00481	0.00722	0.00722	0.00962	0.00962	0.01684	0.00962	0.01924	0.02165	0.83886	0.00481	0.00481	0.00241	0.00241
20	0.01600	0.01757	0.01979	0.07912	0.07248	0.26864	0.17559	0.07272	0.11040	0.01759	0.01139	0.01354	0.00898	0.00610	0.00684	0.00175	0.08592	0.00500	0.00331	0.00727
21	0.00932	0.00621	0.00724	0.00711	0.00818	0.00633	0.00512	0.04552	0.04137	0.01716	0.12481	0.06723	0.05280	0.25470	0.07437	0.00341	0.00488	0.06555	0.19380	0.00489
22	0.07126	0.09956	0.06227	0.01780	0.23422	0.10429	0.03699	0.05799	0.01297	0.01827	0.00968	0.01175	0.00796	0.00501	0.00501	0.00140	0.02192	0.00403	0.00303	0.21460
23	0.01305	0.01117	0.10478	0.01208	0.09094	0.00923	0.00942	0.05178	0.09400	0.15367	0.02663	0.12304	0.17928	0.00949	0.00632	0.00183	0.03528	0.00793	0.05298	0.00711

[dist]
# distance from previous block
# <min> <max>
0	8

# created by:
# /home/cegg/simao/soft/augustus-3.2.1/scripts/msa2prfl.pl ./align_prep/25853.fa
