[name]
unknown

[dist]
# distance from previous block
# <min> <max>
0	2

[block]
# block no. 0 follows, 41 sequences, length 15
# corresponding to MSA columns:
# 3-17
name=unknown_A
#
# <colnr> <probs for GDERKNQSTAVLIFYWHMCP>
#	G	D	E	R	K	N	Q	S	T	A	V	L	I	F	Y	W	H	M	C	P
0	0.01830	0.01692	0.01467	0.01264	0.01586	0.26971	0.02792	0.23945	0.04607	0.07518	0.04500	0.06645	0.04517	0.00848	0.00593	0.00178	0.00703	0.07113	0.00476	0.00755
1	0.00817	0.00613	0.00919	0.00919	0.01021	0.00715	0.00715	0.01021	0.00919	0.01328	0.01532	0.02247	0.01430	0.04290	0.77631	0.00919	0.01532	0.00613	0.00306	0.00511
2	0.01766	0.01572	0.01710	0.05236	0.09695	0.11922	0.03339	0.30830	0.15774	0.02523	0.01401	0.01512	0.01070	0.00812	0.03510	0.00206	0.05290	0.00526	0.00453	0.00851
3	0.00751	0.00520	0.00648	0.00727	0.00747	0.00501	0.00457	0.00811	0.00990	0.01320	0.02613	0.49226	0.03102	0.33020	0.01602	0.00361	0.00421	0.01309	0.00457	0.00417
4	0.05373	0.01472	0.01483	0.01207	0.01608	0.09477	0.00972	0.30824	0.19647	0.19332	0.01724	0.01629	0.01217	0.00696	0.00560	0.00176	0.00590	0.00536	0.00567	0.00910
5	0.02094	0.08211	0.01718	0.01439	0.01747	0.72271	0.01096	0.02244	0.01588	0.01396	0.00878	0.01023	0.00737	0.00582	0.00505	0.00146	0.01002	0.00364	0.00291	0.00668
6	0.00695	0.00550	0.00627	0.00672	0.00801	0.00481	0.00479	0.00835	0.01254	0.01579	0.10983	0.32772	0.43147	0.01551	0.00696	0.00206	0.00304	0.01347	0.00540	0.00481
7	0.00928	0.00520	0.00582	0.00632	0.00728	0.00507	0.00449	0.01132	0.01160	0.01880	0.02348	0.31153	0.02335	0.01088	0.00524	0.00170	0.00291	0.00943	0.52122	0.00507
8	0.83938	0.01106	0.00841	0.00752	0.01106	0.01283	0.00619	0.01681	0.00973	0.02566	0.00796	0.00929	0.00619	0.00531	0.00354	0.00177	0.00442	0.00310	0.00354	0.00619
9	0.01920	0.00924	0.01126	0.00910	0.01241	0.00887	0.00735	0.14447	0.01700	0.36822	0.09801	0.02144	0.01774	0.00742	0.00539	0.00165	0.00430	0.00602	0.22276	0.00812
10	0.01080	0.00914	0.01221	0.00932	0.01290	0.00756	0.07633	0.01299	0.01165	0.01730	0.09059	0.02138	0.01612	0.18983	0.01052	0.00214	0.00490	0.00558	0.00366	0.47508
11	0.00821	0.00599	0.00849	0.00849	0.00926	0.00677	0.00627	0.00976	0.00898	0.01275	0.01597	0.02605	0.01585	0.22382	0.59752	0.00832	0.01298	0.00665	0.00316	0.00471
12	0.01632	0.15048	0.06925	0.01230	0.01634	0.11949	0.01056	0.13439	0.36566	0.02223	0.01637	0.01598	0.01249	0.00672	0.00532	0.00171	0.00612	0.00515	0.00461	0.00849
13	0.64373	0.01225	0.01050	0.00887	0.01266	0.01401	0.00731	0.19088	0.01384	0.02815	0.00934	0.01035	0.00704	0.00568	0.00406	0.00176	0.00487	0.00359	0.00406	0.00704
14	0.64440	0.01118	0.00984	0.00836	0.01213	0.01242	0.00689	0.06903	0.01205	0.15253	0.01085	0.01133	0.00779	0.00572	0.00407	0.00177	0.00463	0.00369	0.00429	0.00704

[dist]
# distance from previous block
# <min> <max>
0	2

[block]
# block no. 1 follows, 41 sequences, length 8
# corresponding to MSA columns:
# 20-27
name=unknown_B
#
# <colnr> <probs for GDERKNQSTAVLIFYWHMCP>
#	G	D	E	R	K	N	Q	S	T	A	V	L	I	F	Y	W	H	M	C	P
0	0.01372	0.11640	0.06171	0.25763	0.27870	0.01516	0.01523	0.08416	0.01328	0.01798	0.01022	0.01357	0.00824	0.00581	0.00638	0.00177	0.06453	0.00478	0.00292	0.00783
1	0.00691	0.00572	0.00605	0.00614	0.00786	0.00486	0.00454	0.00843	0.01313	0.01607	0.12090	0.12622	0.62434	0.01456	0.00681	0.00196	0.00292	0.01232	0.00540	0.00486
2	0.04778	0.00851	0.01079	0.07583	0.01395	0.00866	0.02388	0.06052	0.09488	0.17654	0.07785	0.19023	0.06186	0.00994	0.00592	0.00188	0.00436	0.00855	0.11116	0.00693
3	0.00832	0.00555	0.00624	0.00624	0.00624	0.00555	0.00347	0.00832	0.00832	0.01109	0.01802	0.03743	0.02080	0.79898	0.02911	0.00555	0.00555	0.00832	0.00347	0.00347
4	0.01864	0.17630	0.01827	0.01172	0.01561	0.08837	0.00970	0.43204	0.02035	0.02611	0.01265	0.01557	0.01046	0.10965	0.00830	0.00209	0.00654	0.00500	0.00450	0.00813
5	0.07615	0.05017	0.11690	0.01632	0.16907	0.10607	0.01203	0.11203	0.01445	0.02058	0.01035	0.01211	0.00824	0.00523	0.00492	0.00142	0.00643	0.00408	0.00337	0.25010
6	0.01435	0.46782	0.06651	0.11434	0.08882	0.05112	0.03344	0.01697	0.01202	0.01490	0.00894	0.01102	0.00766	0.00504	0.00442	0.00139	0.00665	0.00374	0.00260	0.06824
7	0.47758	0.07225	0.01185	0.00878	0.01250	0.01293	0.00733	0.11273	0.01365	0.13249	0.07817	0.01432	0.01217	0.00631	0.00444	0.00172	0.00471	0.00439	0.00450	0.00718

[dist]
# distance from previous block
# <min> <max>
0	4

[block]
# block no. 2 follows, 41 sequences, length 19
# corresponding to MSA columns:
# 32-50
name=unknown_C
#
# <colnr> <probs for GDERKNQSTAVLIFYWHMCP>
#	G	D	E	R	K	N	Q	S	T	A	V	L	I	F	Y	W	H	M	C	P
0	0.16348	0.05220	0.01766	0.04169	0.01859	0.32947	0.09881	0.15538	0.03567	0.02094	0.01032	0.01181	0.00803	0.00584	0.00515	0.00164	0.00803	0.00432	0.00360	0.00735
1	0.01569	0.01208	0.01097	0.00947	0.01209	0.12167	0.00744	0.24501	0.03413	0.02462	0.01565	0.01738	0.01210	0.00815	0.03695	0.00182	0.00549	0.00509	0.39724	0.00698
2	0.00702	0.00515	0.00659	0.00762	0.00824	0.00472	0.00519	0.00819	0.01158	0.01528	0.08398	0.64535	0.13603	0.01704	0.00719	0.00224	0.00322	0.01530	0.00538	0.00472
3	0.00765	0.00554	0.00688	0.00722	0.00790	0.00542	0.00489	0.00874	0.01069	0.01425	0.09953	0.25396	0.14057	0.26211	0.13465	0.00429	0.00577	0.01100	0.00448	0.00445
4	0.01721	0.01090	0.01270	0.01042	0.01375	0.01130	0.00835	0.24667	0.13526	0.19218	0.24792	0.02516	0.02560	0.00855	0.00606	0.00179	0.00459	0.00710	0.00622	0.00828
5	0.01427	0.01326	0.01304	0.00987	0.01459	0.12049	0.00782	0.09138	0.01405	0.01977	0.01034	0.01183	0.00844	0.00475	0.00452	0.00103	0.00533	0.00361	0.00357	0.62801
6	0.00874	0.00685	0.00804	0.00756	0.00934	0.00665	0.00572	0.01326	0.13113	0.02132	0.47825	0.04229	0.21566	0.01174	0.00660	0.00185	0.00303	0.01014	0.00599	0.00584
7	0.33831	0.13058	0.01545	0.01077	0.01469	0.15464	0.00893	0.22452	0.01606	0.02471	0.00976	0.01072	0.00758	0.00580	0.00447	0.00162	0.00627	0.00378	0.00389	0.00744
8	0.02141	0.02609	0.01631	0.01457	0.01769	0.69731	0.01103	0.09772	0.01732	0.01629	0.00935	0.01067	0.00761	0.00600	0.00522	0.00150	0.00990	0.00384	0.00324	0.00695
9	0.01080	0.01017	0.01716	0.78523	0.03940	0.01271	0.01589	0.01461	0.01144	0.01461	0.01017	0.01525	0.00762	0.00572	0.00572	0.00191	0.00762	0.00508	0.00254	0.00635
10	0.00731	0.00586	0.00655	0.00650	0.00823	0.00511	0.00496	0.00920	0.01397	0.01775	0.26187	0.05204	0.50813	0.01375	0.00683	0.00194	0.00299	0.05642	0.00560	0.00502
11	0.01926	0.01801	0.01340	0.01181	0.01482	0.37750	0.00908	0.06810	0.09928	0.13615	0.01477	0.01527	0.01109	0.00650	0.00514	0.00156	0.00712	0.00472	0.15907	0.00734
12	0.00801	0.00575	0.00660	0.00639	0.00795	0.00518	0.00479	0.01025	0.01438	0.01994	0.38668	0.04388	0.30666	0.01193	0.00632	0.00177	0.00277	0.01019	0.13538	0.00518
13	0.00880	0.00706	0.01040	0.01004	0.01091	0.00866	0.00793	0.01073	0.00913	0.01335	0.01418	0.02102	0.01331	0.03811	0.66608	0.00822	0.12784	0.00597	0.00298	0.00527
14	0.01522	0.59757	0.02653	0.13205	0.01887	0.09927	0.01088	0.01733	0.01207	0.01370	0.00839	0.01025	0.00739	0.00513	0.00415	0.00136	0.00679	0.00344	0.00251	0.00711
15	0.00705	0.00518	0.00663	0.00767	0.00832	0.00476	0.00527	0.00825	0.01159	0.01523	0.07390	0.62950	0.14379	0.01704	0.00721	0.00225	0.00327	0.03301	0.00536	0.00473
16	0.01486	0.01544	0.05116	0.01932	0.17382	0.10924	0.14377	0.12793	0.01489	0.01964	0.01573	0.01796	0.08678	0.00723	0.00792	0.00186	0.12995	0.00591	0.02901	0.00760
17	0.01591	0.06159	0.01347	0.01078	0.01368	0.08701	0.00835	0.14967	0.24351	0.09939	0.01924	0.10063	0.01673	0.12336	0.00914	0.00236	0.00556	0.00696	0.00505	0.00763
18	0.07074	0.02146	0.01873	0.01559	0.01891	0.43594	0.12573	0.11000	0.01592	0.01811	0.00968	0.01170	0.00781	0.00624	0.00679	0.00170	0.09012	0.00445	0.00327	0.00712

[dist]
# distance from previous block
# <min> <max>
0	58

[block]
# block no. 3 follows, 41 sequences, length 31
# corresponding to MSA columns:
# 109-139
name=unknown_D
#
# <colnr> <probs for GDERKNQSTAVLIFYWHMCP>
#	G	D	E	R	K	N	Q	S	T	A	V	L	I	F	Y	W	H	M	C	P
0	0.14219	0.01232	0.01713	0.19145	0.28912	0.01353	0.01324	0.10634	0.09146	0.02141	0.01356	0.01581	0.03621	0.00610	0.00541	0.00179	0.00617	0.00518	0.00363	0.00794
1	0.01522	0.01060	0.01142	0.00956	0.01244	0.01146	0.00762	0.31498	0.10373	0.02792	0.13230	0.02153	0.01906	0.00765	0.00534	0.00163	0.00437	0.00617	0.26943	0.00757
2	0.01726	0.01753	0.01621	0.01373	0.01657	0.28438	0.06880	0.13129	0.11698	0.04272	0.01315	0.01622	0.01093	0.08043	0.03734	0.00239	0.09766	0.00527	0.00389	0.00724
3	0.01333	0.01134	0.01216	0.01099	0.01395	0.01293	0.00852	0.02752	0.64506	0.02378	0.13122	0.02447	0.02281	0.00834	0.00596	0.00192	0.00426	0.00703	0.00589	0.00852
4	0.00713	0.00508	0.00656	0.00768	0.00802	0.00477	0.00504	0.00802	0.01068	0.01418	0.03063	0.67523	0.05835	0.11756	0.01007	0.00272	0.00359	0.01511	0.00507	0.00450
5	0.13612	0.01335	0.01424	0.06624	0.10202	0.08786	0.00996	0.21756	0.01633	0.02367	0.02907	0.05981	0.01191	0.00682	0.00522	0.00162	0.00585	0.02362	0.03285	0.13590
6	0.01718	0.01235	0.01320	0.01060	0.01388	0.01338	0.00841	0.48701	0.02119	0.02883	0.01852	0.02160	0.07240	0.13042	0.00924	0.00228	0.00549	0.00622	0.09994	0.00786
7	0.01180	0.02728	0.64965	0.01757	0.02559	0.01348	0.13852	0.01815	0.01231	0.01815	0.01048	0.01262	0.00748	0.00533	0.00565	0.00183	0.00865	0.00464	0.00249	0.00833
8	0.05779	0.01374	0.01351	0.01123	0.01491	0.12025	0.00896	0.16576	0.18895	0.25120	0.01808	0.01717	0.01277	0.00691	0.00544	0.00172	0.00564	0.00535	0.07198	0.00862
9	0.01206	0.01196	0.01782	0.63130	0.12643	0.07417	0.01570	0.01564	0.01202	0.01506	0.01013	0.01472	0.00778	0.00566	0.00567	0.00185	0.00774	0.00497	0.00261	0.00671
10	0.01900	0.01870	0.01504	0.01277	0.01611	0.31884	0.00998	0.29670	0.06692	0.02443	0.12828	0.01735	0.01614	0.00728	0.00566	0.00165	0.00723	0.00545	0.00471	0.00777
11	0.01707	0.50063	0.02520	0.01334	0.07578	0.25359	0.01080	0.01892	0.01315	0.01404	0.00845	0.00993	0.00749	0.00522	0.00429	0.00134	0.00746	0.00341	0.00263	0.00726
12	0.00704	0.00554	0.00637	0.00672	0.00804	0.00486	0.00483	0.00855	0.01288	0.01639	0.16349	0.29210	0.41259	0.01514	0.00693	0.00204	0.00300	0.01314	0.00547	0.00486
13	0.01543	0.01046	0.01487	0.30412	0.03970	0.01163	0.01156	0.12714	0.01551	0.18372	0.13888	0.02035	0.01716	0.00745	0.00672	0.00186	0.05520	0.00612	0.00465	0.00749
14	0.01126	0.00989	0.01206	0.01278	0.09709	0.07103	0.00863	0.03938	0.01129	0.01493	0.04520	0.09580	0.10040	0.07832	0.08821	0.13211	0.15524	0.00734	0.00355	0.00547
15	0.00746	0.00580	0.00653	0.00671	0.00810	0.00520	0.00495	0.00894	0.01256	0.01580	0.13065	0.09859	0.43271	0.13631	0.01039	0.00258	0.00358	0.09327	0.00514	0.00472
16	0.01668	0.00886	0.01035	0.00864	0.01156	0.00876	0.00689	0.13950	0.05509	0.24578	0.10633	0.02355	0.05334	0.00782	0.00535	0.00164	0.00404	0.00638	0.27190	0.00755
17	0.00898	0.00754	0.00809	0.00804	0.00945	0.05492	0.00616	0.01081	0.01265	0.01663	0.12689	0.12685	0.28274	0.01582	0.08399	0.00268	0.05431	0.06736	0.09087	0.00520
18	0.01405	0.01283	0.01739	0.13422	0.01933	0.01682	0.01272	0.15637	0.01271	0.01824	0.00914	0.01318	0.00796	0.00873	0.01420	0.00226	0.51471	0.00505	0.00314	0.00695
19	0.01340	0.01108	0.01268	0.00920	0.01420	0.00919	0.00741	0.12770	0.01419	0.02134	0.01072	0.01215	0.00867	0.00464	0.00447	0.00098	0.00456	0.00366	0.00375	0.70599
20	0.01710	0.31260	0.02111	0.01212	0.01584	0.16694	0.01035	0.14067	0.14016	0.01911	0.01163	0.01253	0.00947	0.00638	0.00609	0.00160	0.08057	0.00429	0.00366	0.00779
21	0.01251	0.07759	0.10150	0.01618	0.16108	0.12921	0.01199	0.01530	0.01314	0.01645	0.02013	0.10830	0.04506	0.01027	0.00631	0.00201	0.00651	0.23593	0.00388	0.00668
22	0.01376	0.07849	0.19651	0.01312	0.06385	0.01242	0.01187	0.17734	0.01520	0.02146	0.01357	0.11230	0.01215	0.00696	0.00529	0.00154	0.00590	0.00571	0.00381	0.22874
23	0.00694	0.00547	0.00636	0.00693	0.00812	0.00490	0.00493	0.00823	0.01191	0.01496	0.04410	0.36566	0.40846	0.01773	0.05549	0.00255	0.00386	0.01347	0.00517	0.00477
24	0.01857	0.00897	0.01114	0.00920	0.01248	0.00834	0.00735	0.11409	0.01628	0.39651	0.04747	0.11367	0.12675	0.00947	0.00596	0.00182	0.00435	0.00790	0.07171	0.00796
25	0.00731	0.00660	0.00619	0.00613	0.00810	0.03386	0.00460	0.00876	0.01316	0.01540	0.05610	0.05336	0.73261	0.01416	0.00670	0.00191	0.00318	0.01176	0.00522	0.00490
26	0.01148	0.00812	0.00890	0.00847	0.01039	0.00866	0.00637	0.08495	0.20754	0.02173	0.07051	0.20302	0.04871	0.01018	0.00567	0.00181	0.00366	0.00870	0.26459	0.00655
27	0.00854	0.00612	0.00675	0.00642	0.00844	0.00523	0.00487	0.01029	0.01391	0.07732	0.18969	0.04983	0.56546	0.01336	0.00668	0.00189	0.00302	0.01123	0.00564	0.00533
28	0.01529	0.80242	0.02997	0.00979	0.01468	0.02263	0.00979	0.01713	0.01162	0.01346	0.00795	0.00918	0.00734	0.00489	0.00367	0.00122	0.00612	0.00306	0.00245	0.00734
29	0.01235	0.08885	0.15761	0.01863	0.25396	0.01155	0.01315	0.03364	0.01328	0.04574	0.09975	0.11371	0.01930	0.00842	0.00589	0.00183	0.00586	0.06454	0.02445	0.00749
30	0.01325	0.19647	0.01660	0.01095	0.01256	0.13705	0.00875	0.01427	0.01048	0.01288	0.01119	0.01934	0.01169	0.26025	0.01637	0.00301	0.23094	0.00540	0.00287	0.00568

[dist]
# distance from previous block
# <min> <max>
10	23

[block]
# block no. 4 follows, 41 sequences, length 13
# corresponding to MSA columns:
# 165-177
name=unknown_E
#
# <colnr> <probs for GDERKNQSTAVLIFYWHMCP>
#	G	D	E	R	K	N	Q	S	T	A	V	L	I	F	Y	W	H	M	C	P
0	0.01121	0.01010	0.01689	0.04929	0.20689	0.00986	0.16391	0.01471	0.04254	0.01809	0.02366	0.09920	0.15513	0.00845	0.00599	0.00181	0.00557	0.00794	0.14194	0.00682
1	0.00764	0.06347	0.00799	0.00666	0.00846	0.00619	0.00507	0.00926	0.01314	0.01644	0.16935	0.16551	0.47312	0.01385	0.00662	0.00192	0.00316	0.01178	0.00527	0.00508
2	0.00734	0.00546	0.00688	0.00763	0.00858	0.00501	0.00552	0.00888	0.01248	0.01639	0.15432	0.43694	0.19780	0.01595	0.00716	0.00219	0.00333	0.08782	0.00546	0.00487
3	0.03155	0.07315	0.01743	0.01371	0.01571	0.17584	0.01125	0.12564	0.02907	0.05071	0.00994	0.01258	0.00840	0.00799	0.01151	0.00200	0.37365	0.00464	0.01811	0.00712
4	0.01158	0.01086	0.01780	0.61167	0.15095	0.01296	0.01565	0.01622	0.06549	0.01593	0.01121	0.01552	0.00856	0.00577	0.00572	0.00188	0.00727	0.00519	0.00282	0.00697
5	0.00737	0.00552	0.00660	0.00729	0.00820	0.00507	0.00516	0.00855	0.01147	0.01462	0.03781	0.35255	0.26836	0.13884	0.01061	0.00274	0.00376	0.09587	0.00502	0.00459
6	0.01227	0.01323	0.02257	0.13827	0.02473	0.09080	0.36897	0.01563	0.01282	0.01636	0.01605	0.20936	0.01565	0.00834	0.00656	0.00198	0.00782	0.00854	0.00345	0.00662
7	0.00855	0.00545	0.00614	0.00628	0.00652	0.00542	0.00374	0.00907	0.00917	0.01306	0.01952	0.11358	0.02160	0.59386	0.02292	0.00455	0.00486	0.00867	0.13317	0.00388
8	0.01419	0.01401	0.01938	0.05527	0.46804	0.09119	0.01409	0.01719	0.01300	0.01803	0.01039	0.01322	0.00868	0.00499	0.00525	0.00147	0.00654	0.00452	0.00297	0.21759
9	0.22786	0.09627	0.01613	0.01133	0.01563	0.01688	0.00951	0.45946	0.04648	0.03065	0.01201	0.01240	0.00886	0.00630	0.00496	0.00169	0.00574	0.00446	0.00483	0.00856
10	0.01769	0.01745	0.13556	0.01883	0.20398	0.08678	0.01374	0.23778	0.03909	0.10085	0.01303	0.01461	0.00982	0.02580	0.00672	0.00184	0.03848	0.00503	0.00418	0.00875
11	0.01444	0.01163	0.01241	0.01069	0.01389	0.01282	0.00844	0.21213	0.37559	0.02568	0.09745	0.02669	0.13537	0.00896	0.00603	0.00187	0.00456	0.00737	0.00576	0.00822
12	0.30206	0.01400	0.01257	0.01082	0.01442	0.08197	0.00863	0.17946	0.27342	0.02627	0.01464	0.01455	0.01099	0.00655	0.00495	0.00179	0.00539	0.00477	0.00476	0.00800

[dist]
# distance from previous block
# <min> <max>
0	30

[block]
# block no. 5 follows, 41 sequences, length 75
# corresponding to MSA columns:
# 208-221,223-227,299-354
name=unknown_F
#
# <colnr> <probs for GDERKNQSTAVLIFYWHMCP>
#	G	D	E	R	K	N	Q	S	T	A	V	L	I	F	Y	W	H	M	C	P
0	0.14147	0.08715	0.01219	0.00894	0.01126	0.01150	0.00714	0.09904	0.01269	0.10685	0.01436	0.01940	0.01239	0.16825	0.01122	0.00249	0.10057	0.00536	0.16133	0.00641
1	0.02241	0.00933	0.01220	0.00957	0.01359	0.00818	0.00783	0.05230	0.01623	0.61555	0.02804	0.02509	0.13666	0.00829	0.00592	0.00179	0.00460	0.00677	0.00674	0.00893
2	0.01658	0.01110	0.04784	0.01171	0.05389	0.02999	0.00908	0.11733	0.11221	0.23417	0.02228	0.16082	0.03193	0.00945	0.00601	0.00189	0.00498	0.04618	0.06466	0.00791
3	0.00829	0.00564	0.00672	0.00672	0.00689	0.00581	0.00407	0.00863	0.00846	0.01145	0.01758	0.03497	0.01973	0.67479	0.15185	0.00614	0.00715	0.00796	0.00340	0.00374
4	0.01887	0.01459	0.01555	0.01258	0.01664	0.01640	0.01018	0.47132	0.30448	0.03141	0.01738	0.01664	0.01268	0.00721	0.00576	0.00180	0.00562	0.00565	0.00576	0.00947
5	0.01428	0.01438	0.01497	0.01222	0.01503	0.15016	0.00984	0.05004	0.01222	0.01684	0.00912	0.01191	0.00798	0.00677	0.00980	0.00161	0.29279	0.00412	0.00309	0.34283
6	0.01674	0.36981	0.02254	0.06272	0.06871	0.19383	0.01092	0.10932	0.01459	0.01699	0.00974	0.01155	0.00822	0.00713	0.03823	0.00177	0.00759	0.00391	0.01829	0.00740
7	0.60085	0.10836	0.01187	0.00830	0.01211	0.01351	0.00703	0.01880	0.03886	0.12066	0.01044	0.01106	0.00780	0.00558	0.00393	0.00171	0.00469	0.00357	0.00395	0.00690
8	0.01418	0.01640	0.09247	0.18059	0.39032	0.12313	0.03618	0.01765	0.01292	0.01694	0.01021	0.01360	0.00828	0.00555	0.00612	0.00176	0.03816	0.00485	0.00274	0.00796
9	0.00833	0.00614	0.00853	0.00848	0.00914	0.00696	0.00619	0.00971	0.00897	0.01269	0.01635	0.05039	0.01671	0.26520	0.50449	0.00766	0.03912	0.00705	0.00323	0.00465
10	0.00816	0.00559	0.00630	0.00627	0.00654	0.00547	0.00369	0.00849	0.00932	0.01235	0.07594	0.03942	0.09067	0.66992	0.02544	0.00494	0.00510	0.00881	0.00384	0.00373
11	0.01852	0.00792	0.01074	0.00933	0.01219	0.00697	0.00722	0.02026	0.01430	0.47951	0.02599	0.31605	0.02321	0.01122	0.00634	0.00198	0.00428	0.00977	0.00640	0.00779
12	0.01047	0.00629	0.00799	0.00758	0.00932	0.00562	0.00566	0.01248	0.01446	0.14191	0.34234	0.20452	0.18359	0.01284	0.00671	0.00193	0.00323	0.01121	0.00602	0.00583
13	0.24800	0.01185	0.01298	0.01028	0.01448	0.01225	0.00848	0.21850	0.03115	0.35195	0.01618	0.01516	0.01083	0.00655	0.00514	0.00176	0.00512	0.00487	0.00572	0.00875
14	0.00843	0.00602	0.00673	0.00642	0.00831	0.00522	0.00486	0.01033	0.01407	0.06194	0.25033	0.04793	0.48441	0.01290	0.00657	0.00186	0.00295	0.01090	0.04454	0.00530
15	0.60349	0.14183	0.03840	0.00914	0.01321	0.01437	0.04542	0.01740	0.01057	0.05100	0.00878	0.01007	0.00685	0.00529	0.00387	0.00169	0.00512	0.00342	0.00342	0.00667
16	0.01382	0.01306	0.01797	0.49375	0.14200	0.08280	0.01498	0.11978	0.01431	0.01822	0.01064	0.01442	0.00811	0.00581	0.00566	0.00181	0.00756	0.00497	0.00307	0.00726
17	0.14934	0.01211	0.01739	0.31393	0.24811	0.01365	0.01396	0.10417	0.03843	0.02054	0.01085	0.01397	0.00840	0.00567	0.00535	0.00180	0.00659	0.00482	0.00329	0.00763
18	0.00760	0.00560	0.00710	0.00720	0.00836	0.00511	0.00522	0.00965	0.01430	0.01958	0.45983	0.25022	0.15146	0.01380	0.00690	0.00196	0.00290	0.01221	0.00588	0.00511
19	0.00941	0.00783	0.01181	0.01028	0.01244	0.00766	0.11930	0.03209	0.04790	0.01813	0.15133	0.12302	0.18434	0.01657	0.13300	0.00313	0.00623	0.03643	0.06334	0.00578
20	0.00698	0.00580	0.00610	0.00602	0.00786	0.00492	0.00452	0.00863	0.01355	0.01667	0.17197	0.05305	0.64619	0.01403	0.00676	0.00191	0.00286	0.01179	0.00547	0.00492
21	0.00994	0.00497	0.00745	0.00745	0.00745	0.00497	0.00497	0.00745	0.00745	0.00994	0.00994	0.01739	0.00994	0.01987	0.02235	0.83358	0.00497	0.00497	0.00248	0.00248
22	0.01362	0.01506	0.05773	0.11666	0.21349	0.14480	0.01352	0.01666	0.03994	0.01587	0.01200	0.07974	0.01109	0.00910	0.03869	0.00223	0.18382	0.00582	0.00305	0.00711
23	0.02183	0.01384	0.01618	0.01246	0.01688	0.01459	0.03339	0.47661	0.05143	0.23272	0.03945	0.01653	0.01256	0.00704	0.00580	0.00175	0.00584	0.00558	0.00602	0.00951
24	0.01186	0.01017	0.01186	0.00847	0.01356	0.00762	0.00678	0.01440	0.01186	0.01864	0.01017	0.01186	0.00847	0.00424	0.00424	0.00085	0.00424	0.00339	0.00339	0.83395
25	0.01419	0.12367	0.11509	0.01159	0.01544	0.07550	0.06089	0.08155	0.16469	0.02067	0.01511	0.01632	0.01169	0.00636	0.00519	0.00161	0.01872	0.00505	0.22923	0.00744
26	0.01350	0.01510	0.20594	0.09239	0.23287	0.01087	0.01436	0.01722	0.01316	0.13280	0.02088	0.02370	0.12901	0.00760	0.00592	0.00184	0.00630	0.04476	0.00387	0.00788
27	0.03537	0.05584	0.08410	0.16140	0.28482	0.03064	0.03987	0.09694	0.01352	0.01894	0.01026	0.01348	0.00829	0.00612	0.00734	0.00184	0.11538	0.00488	0.00302	0.00794
28	0.01452	0.01602	0.01439	0.05640	0.09817	0.30305	0.01053	0.01690	0.04782	0.01512	0.01559	0.21032	0.01598	0.01066	0.03339	0.00214	0.10154	0.00746	0.00359	0.00640
29	0.15497	0.01691	0.01468	0.01391	0.08505	0.25826	0.01003	0.16350	0.01659	0.13692	0.01253	0.01339	0.00934	0.00731	0.02978	0.00188	0.00726	0.00447	0.03544	0.00778
30	0.00899	0.00559	0.00839	0.00839	0.00893	0.00614	0.00614	0.00893	0.00839	0.01173	0.01282	0.02011	0.01228	0.03222	0.42667	0.39150	0.01052	0.00559	0.00280	0.00389
31	0.01298	0.01348	0.02387	0.32337	0.21234	0.04941	0.24729	0.01690	0.01271	0.01676	0.01070	0.01481	0.00830	0.00529	0.00601	0.00184	0.00819	0.00555	0.00274	0.00746
32	0.00760	0.00543	0.00734	0.00857	0.00921	0.00518	0.00630	0.00910	0.01179	0.01568	0.07039	0.57035	0.03746	0.01705	0.00742	0.00237	0.00378	0.19479	0.00535	0.00484
33	0.00964	0.00828	0.01053	0.12876	0.04296	0.00883	0.00814	0.01453	0.14858	0.01884	0.22105	0.03604	0.26320	0.01062	0.00695	0.00191	0.04100	0.00893	0.00501	0.00621
34	0.00972	0.00827	0.01298	0.01834	0.29694	0.00807	0.00999	0.01163	0.01174	0.01616	0.02359	0.49663	0.02683	0.01302	0.00667	0.00208	0.00465	0.01199	0.00436	0.00633
35	0.01054	0.00947	0.01413	0.01536	0.13538	0.01157	0.01053	0.01240	0.00988	0.01450	0.01376	0.11057	0.01387	0.02207	0.28962	0.00477	0.28559	0.00678	0.00310	0.00611
36	0.01452	0.01626	0.01591	0.42500	0.02847	0.30385	0.01314	0.01720	0.01322	0.01438	0.01146	0.07926	0.01008	0.00682	0.00564	0.00178	0.00829	0.00549	0.00293	0.00632
37	0.01479	0.31971	0.22062	0.01649	0.12948	0.01754	0.05341	0.10747	0.03676	0.01882	0.01035	0.01195	0.00825	0.00539	0.00491	0.00157	0.00699	0.00423	0.00303	0.00825
38	0.00804	0.00651	0.00831	0.00852	0.00963	0.00677	0.00660	0.00966	0.01169	0.01527	0.06005	0.22079	0.27754	0.01867	0.11061	0.00315	0.09180	0.11660	0.00473	0.00506
39	0.01147	0.00823	0.00850	0.00797	0.01017	0.00886	0.00611	0.01942	0.31327	0.02142	0.02699	0.02687	0.13839	0.00839	0.00519	0.00168	0.00346	0.00690	0.35994	0.00676
40	0.25677	0.00733	0.00785	0.00776	0.00946	0.00798	0.00586	0.01149	0.01035	0.01776	0.06060	0.14348	0.10070	0.08865	0.23519	0.00440	0.00731	0.00785	0.00401	0.00520
41	0.01251	0.01251	0.01752	0.01502	0.01502	0.01752	0.01251	0.01377	0.00876	0.01377	0.00751	0.01251	0.00751	0.01001	0.01877	0.00250	0.78851	0.00501	0.00250	0.00626
42	0.01666	0.01440	0.01715	0.01406	0.01765	0.09778	0.12272	0.33371	0.04304	0.02523	0.01769	0.08581	0.01615	0.00903	0.00636	0.00195	0.00677	0.14117	0.00486	0.00781
43	0.05657	0.18342	0.07991	0.01213	0.01561	0.01269	0.12181	0.09429	0.01332	0.01822	0.01833	0.29911	0.01931	0.01011	0.00591	0.00189	0.00574	0.02093	0.00403	0.00667
44	0.01819	0.01974	0.01619	0.04130	0.12784	0.40496	0.01147	0.03947	0.14787	0.05405	0.01290	0.01421	0.01020	0.00818	0.04687	0.00204	0.00857	0.00471	0.00371	0.00756
45	0.00722	0.00581	0.00643	0.00628	0.00801	0.00502	0.00471	0.00910	0.01412	0.01803	0.29954	0.05081	0.51778	0.01353	0.00676	0.00189	0.00283	0.01148	0.00565	0.00502
46	0.01540	0.01583	0.01264	0.01134	0.01429	0.25487	0.00871	0.09263	0.26514	0.01987	0.02627	0.02537	0.19625	0.00873	0.00583	0.00177	0.00614	0.00683	0.00477	0.00731
47	0.01893	0.01422	0.01576	0.01259	0.01618	0.01607	0.01023	0.52588	0.11086	0.03020	0.01399	0.01489	0.01049	0.00849	0.00843	0.08144	0.07227	0.00528	0.00515	0.00866
48	0.00693	0.00545	0.00626	0.00679	0.00801	0.00478	0.00481	0.00826	0.01234	0.01553	0.08792	0.36689	0.41421	0.01577	0.00699	0.00209	0.00306	0.01374	0.00537	0.00478
49	0.01654	0.61879	0.02680	0.01058	0.01530	0.04624	0.00999	0.13947	0.03926	0.01761	0.00946	0.01038	0.00808	0.00535	0.00413	0.00134	0.00623	0.00354	0.00312	0.00777
50	0.00893	0.00529	0.00710	0.00703	0.00768	0.00500	0.00489	0.00814	0.01007	0.01320	0.13635	0.02989	0.18829	0.01738	0.01639	0.51562	0.00415	0.00742	0.00372	0.00347
51	0.02174	0.01602	0.01717	0.01316	0.01774	0.01774	0.01087	0.74423	0.02689	0.03605	0.01373	0.01373	0.00973	0.00687	0.00572	0.00172	0.00629	0.00515	0.00572	0.00973
52	0.01470	0.05831	0.14883	0.07195	0.16190	0.02934	0.01325	0.12225	0.13682	0.04162	0.01316	0.01444	0.01004	0.00582	0.00533	0.00162	0.00629	0.00479	0.00382	0.13572
53	0.01484	0.66323	0.02620	0.00947	0.01386	0.03385	0.00914	0.01743	0.04664	0.01483	0.00987	0.01111	0.00863	0.00524	0.00383	0.00127	0.00574	0.00348	0.09414	0.00719
54	0.04900	0.41680	0.02331	0.01131	0.01593	0.05574	0.01015	0.31285	0.01797	0.02312	0.01034	0.01109	0.00827	0.00576	0.00457	0.00146	0.00632	0.00394	0.00384	0.00823
55	0.01299	0.01297	0.04915	0.22561	0.24038	0.01326	0.11810	0.04690	0.13968	0.01889	0.01407	0.05775	0.01156	0.00645	0.00594	0.00187	0.00689	0.00613	0.00350	0.00791
56	0.00891	0.00684	0.00911	0.00872	0.00912	0.00801	0.00627	0.00988	0.00872	0.01234	0.01537	0.02785	0.01625	0.38714	0.31449	0.00648	0.12984	0.00697	0.00316	0.00453
57	0.00750	0.00542	0.00626	0.00669	0.00727	0.00508	0.00428	0.00818	0.01034	0.01330	0.03225	0.28709	0.20907	0.35244	0.01653	0.00361	0.00417	0.01182	0.00452	0.00418
58	0.00792	0.00530	0.00658	0.00716	0.00801	0.00496	0.00503	0.00965	0.01250	0.01787	0.20112	0.43014	0.07945	0.01414	0.00652	0.00199	0.00303	0.01257	0.16112	0.00496
59	0.01453	0.01244	0.01311	0.01170	0.01499	0.01437	0.00913	0.05950	0.72336	0.02442	0.02289	0.02103	0.01715	0.00772	0.00582	0.00193	0.00460	0.00641	0.00582	0.00908
60	0.14522	0.01185	0.01266	0.01048	0.01417	0.01284	0.00846	0.20820	0.22871	0.18217	0.01790	0.01715	0.01280	0.00691	0.00526	0.00176	0.00485	0.00535	0.08467	0.00857
61	0.02174	0.01602	0.01717	0.01316	0.01774	0.01774	0.01087	0.74423	0.02689	0.03605	0.01373	0.01373	0.00973	0.00687	0.00572	0.00172	0.00629	0.00515	0.00572	0.00973
62	0.01281	0.01101	0.01269	0.07514	0.10534	0.13441	0.00959	0.01492	0.01197	0.08840	0.01650	0.13756	0.01560	0.02190	0.30047	0.00465	0.00997	0.00704	0.00371	0.00632
63	0.01529	0.80242	0.02997	0.00979	0.01468	0.02263	0.00979	0.01713	0.01162	0.01346	0.00795	0.00918	0.00734	0.00489	0.00367	0.00122	0.00612	0.00306	0.00245	0.00734
64	0.00853	0.00574	0.00757	0.00869	0.00961	0.00560	0.00683	0.01050	0.01209	0.01674	0.02900	0.35450	0.03210	0.01525	0.00706	0.00231	0.00408	0.32642	0.13237	0.00502
65	0.01439	0.01237	0.01302	0.01167	0.01494	0.01430	0.00909	0.04577	0.73732	0.02419	0.02307	0.02118	0.01729	0.00774	0.00582	0.00194	0.00456	0.00644	0.00582	0.00907
66	0.00761	0.00581	0.00699	0.00673	0.00826	0.00519	0.00503	0.00985	0.01500	0.02019	0.50329	0.06226	0.29744	0.01278	0.00676	0.00186	0.00278	0.01106	0.00594	0.00519
67	0.01080	0.01017	0.01716	0.78523	0.03940	0.01271	0.01589	0.01461	0.01144	0.01461	0.01017	0.01525	0.00762	0.00572	0.00572	0.00191	0.00762	0.00508	0.00254	0.00635
68	0.00696	0.00529	0.00641	0.00721	0.00812	0.00475	0.00500	0.00820	0.01192	0.01533	0.07945	0.51160	0.27622	0.01646	0.00709	0.00217	0.00315	0.01457	0.00536	0.00475
69	0.01048	0.00798	0.01105	0.01010	0.01031	0.00978	0.00770	0.01000	0.00862	0.01207	0.01475	0.02076	0.09258	0.05739	0.01962	0.37944	0.30432	0.00595	0.00286	0.00424
70	0.01625	0.01279	0.01455	0.13078	0.01904	0.01457	0.01037	0.29725	0.30084	0.02687	0.01725	0.01752	0.01278	0.00701	0.00561	0.00180	0.00552	0.00566	0.07497	0.00858
71	0.01003	0.00653	0.00838	0.04904	0.01073	0.00601	0.00607	0.01243	0.01519	0.11023	0.46061	0.04144	0.21842	0.01150	0.00657	0.00183	0.00327	0.00993	0.00595	0.00583
72	0.01421	0.09473	0.37942	0.02007	0.20059	0.11489	0.03202	0.04667	0.01341	0.01799	0.01015	0.01221	0.00783	0.00541	0.00533	0.00169	0.00803	0.00435	0.00273	0.00829
73	0.01388	0.01297	0.01784	0.09426	0.36369	0.07670	0.01307	0.01684	0.01304	0.04102	0.03331	0.01580	0.01080	0.00556	0.00534	0.00150	0.00627	0.02581	0.00327	0.22903
74	0.04366	0.07782	0.07972	0.10580	0.11981	0.01056	0.01078	0.03973	0.01340	0.10775	0.04839	0.06496	0.17011	0.00924	0.00596	0.00187	0.00540	0.07372	0.00433	0.00698

[dist]
# distance from previous block
# <min> <max>
0	96

[block]
# block no. 6 follows, 41 sequences, length 53
# corresponding to MSA columns:
# 453-505
name=unknown_G
#
# <colnr> <probs for GDERKNQSTAVLIFYWHMCP>
#	G	D	E	R	K	N	Q	S	T	A	V	L	I	F	Y	W	H	M	C	P
0	0.01347	0.10357	0.14453	0.15043	0.25270	0.05083	0.01465	0.04097	0.01288	0.01774	0.01044	0.01317	0.00837	0.00527	0.00515	0.00157	0.00683	0.00444	0.02926	0.11372
1	0.15762	0.06211	0.15015	0.03759	0.27358	0.12868	0.01420	0.01872	0.04788	0.01880	0.01022	0.01241	0.00821	0.00560	0.00549	0.00171	0.03185	0.00433	0.00300	0.00785
2	0.00818	0.00586	0.00662	0.00654	0.00724	0.00566	0.00421	0.00937	0.03216	0.01414	0.13256	0.04175	0.16951	0.49319	0.02041	0.00414	0.00459	0.02533	0.00434	0.00421
3	0.01054	0.12863	0.01523	0.22531	0.10350	0.01111	0.01027	0.01366	0.03754	0.01711	0.17768	0.06209	0.14759	0.00889	0.00587	0.00178	0.00516	0.00763	0.00406	0.00636
4	0.01222	0.01049	0.01202	0.00895	0.01375	0.00862	0.00712	0.01682	0.12401	0.01944	0.01215	0.01330	0.00983	0.00477	0.00448	0.00101	0.00428	0.00385	0.00376	0.70912
5	0.01195	0.00922	0.01024	0.00929	0.01164	0.00994	0.00715	0.08845	0.30302	0.02368	0.25825	0.07197	0.05391	0.00960	0.00602	0.00183	0.00379	0.00819	0.09468	0.00716
6	0.01846	0.00842	0.01087	0.00886	0.01220	0.00743	0.00712	0.04393	0.01607	0.45265	0.18147	0.03057	0.15819	0.00938	0.00614	0.00180	0.00411	0.00783	0.00655	0.00794
7	0.00779	0.00532	0.00639	0.00691	0.00704	0.00520	0.00418	0.00818	0.00934	0.01246	0.02328	0.33227	0.02742	0.49509	0.02063	0.00429	0.00468	0.01141	0.00418	0.00392
8	0.15441	0.00883	0.00948	0.00832	0.01078	0.00918	0.00653	0.14925	0.03813	0.02494	0.38033	0.03246	0.12574	0.00993	0.00598	0.00180	0.00375	0.00823	0.00557	0.00638
9	0.33740	0.27366	0.04260	0.00972	0.01407	0.01659	0.00882	0.12889	0.03697	0.07007	0.01033	0.01105	0.00801	0.00560	0.00419	0.00159	0.00543	0.00371	0.00377	0.00750
10	0.01596	0.01825	0.01701	0.01491	0.01605	0.31263	0.01195	0.01730	0.01166	0.01386	0.00803	0.01166	0.00745	0.00841	0.01347	0.00210	0.48574	0.00449	0.00268	0.00640
11	0.01294	0.01235	0.02101	0.30770	0.50023	0.01327	0.01695	0.01649	0.01245	0.01721	0.01054	0.01455	0.00854	0.00532	0.00568	0.00177	0.00710	0.00509	0.00273	0.00808
12	0.01435	0.01284	0.01502	0.24972	0.02252	0.08601	0.01156	0.16890	0.14925	0.02044	0.01388	0.01663	0.01091	0.01261	0.13221	0.00305	0.04344	0.00538	0.00392	0.00736
13	0.01433	0.01114	0.01244	0.00983	0.01402	0.01060	0.00784	0.12905	0.20198	0.06953	0.01941	0.01919	0.08389	0.00669	0.00520	0.00142	0.00453	0.00542	0.00477	0.36869
14	0.00738	0.00569	0.00674	0.00675	0.00818	0.00505	0.00496	0.00932	0.01412	0.01864	0.36499	0.16234	0.33769	0.01377	0.00684	0.00193	0.00287	0.01194	0.00575	0.00505
15	0.00980	0.00831	0.01261	0.14983	0.18067	0.00845	0.00984	0.01275	0.01441	0.01994	0.40691	0.03257	0.09236	0.00941	0.00633	0.00181	0.00448	0.00840	0.00479	0.00633
16	0.23715	0.01035	0.01136	0.00932	0.01278	0.01061	0.00740	0.10814	0.05866	0.32366	0.01699	0.01894	0.01273	0.12725	0.00873	0.00235	0.00500	0.00541	0.00535	0.00780
17	0.02462	0.00996	0.01327	0.01023	0.01453	0.00886	0.00843	0.07246	0.01703	0.68748	0.05520	0.02015	0.01567	0.00727	0.00579	0.00177	0.00486	0.00592	0.00696	0.00954
18	0.00865	0.00562	0.00663	0.00663	0.00702	0.00580	0.00421	0.00942	0.00904	0.01304	0.01763	0.03228	0.01869	0.54186	0.16012	0.00556	0.00687	0.00747	0.12940	0.00405
19	0.00831	0.00558	0.00642	0.00642	0.00649	0.00565	0.00370	0.00844	0.00837	0.01123	0.01785	0.03649	0.02039	0.75128	0.07626	0.00578	0.00616	0.00818	0.00344	0.00357
20	0.01928	0.06445	0.01670	0.01246	0.01667	0.01686	0.01024	0.48148	0.23178	0.04576	0.01625	0.01572	0.01186	0.00700	0.00562	0.00175	0.00575	0.00540	0.00557	0.00939
21	0.10403	0.03282	0.01983	0.10302	0.44846	0.03160	0.01459	0.10702	0.01440	0.05460	0.01118	0.01372	0.00884	0.00550	0.00539	0.00172	0.00654	0.00483	0.00342	0.00849
22	0.12733	0.25646	0.01894	0.04183	0.01583	0.18014	0.05526	0.08172	0.01387	0.01876	0.01060	0.01232	0.00861	0.00564	0.00448	0.00148	0.00657	0.00404	0.12919	0.00692
23	0.22874	0.00941	0.05745	0.08358	0.01462	0.00900	0.00919	0.01370	0.01179	0.04117	0.02117	0.15190	0.02202	0.01148	0.00623	0.00221	0.00516	0.29089	0.00443	0.00585
24	0.08142	0.21100	0.08764	0.01439	0.03561	0.14040	0.12681	0.02104	0.16972	0.01806	0.01218	0.01341	0.00965	0.00589	0.00549	0.00167	0.02989	0.00468	0.00341	0.00766
25	0.01069	0.00869	0.01237	0.34010	0.02188	0.01014	0.00989	0.07605	0.01134	0.01498	0.01382	0.02437	0.01346	0.32994	0.05119	0.00372	0.03228	0.00645	0.00322	0.00542
26	0.00677	0.00577	0.00582	0.00587	0.00775	0.00482	0.00438	0.00820	0.01296	0.01542	0.05702	0.08088	0.73574	0.01461	0.00678	0.00195	0.00291	0.01222	0.00531	0.00482
27	0.00838	0.00556	0.00600	0.00600	0.00662	0.00536	0.00374	0.00911	0.00990	0.01367	0.02645	0.03848	0.17407	0.50624	0.02036	0.00411	0.00452	0.00861	0.13878	0.00405
28	0.02217	0.01535	0.01675	0.01284	0.01740	0.01673	0.01061	0.66715	0.02576	0.11473	0.01468	0.01435	0.01020	0.00689	0.00573	0.00172	0.00614	0.00521	0.00587	0.00973
29	0.00788	0.00588	0.00734	0.00709	0.00856	0.00534	0.00539	0.01030	0.01535	0.02102	0.57032	0.04656	0.20278	0.01252	0.00681	0.00187	0.00288	0.05080	0.00603	0.00527
30	0.02154	0.02211	0.01665	0.01401	0.01771	0.42826	0.01097	0.35368	0.02111	0.02411	0.01108	0.01188	0.00845	0.00634	0.00542	0.00159	0.00847	0.00436	0.00422	0.00805
31	0.01408	0.01313	0.02155	0.19910	0.42900	0.01389	0.07431	0.08687	0.05555	0.01969	0.01168	0.01487	0.00924	0.00553	0.00578	0.00178	0.00704	0.00531	0.00321	0.00841
32	0.01572	0.05896	0.44335	0.01473	0.02151	0.01525	0.01658	0.28584	0.01760	0.03992	0.01169	0.01271	0.00831	0.00597	0.00547	0.00175	0.00748	0.00455	0.00373	0.00890
33	0.83938	0.01106	0.00841	0.00752	0.01106	0.01283	0.00619	0.01681	0.00973	0.02566	0.00796	0.00929	0.00619	0.00531	0.00354	0.00177	0.00442	0.00310	0.00354	0.00619
34	0.13430	0.00632	0.00739	0.00753	0.00884	0.00626	0.00549	0.01068	0.01329	0.02031	0.37944	0.31256	0.04080	0.01300	0.00646	0.00199	0.00319	0.01140	0.00552	0.00524
35	0.00695	0.00576	0.00585	0.00585	0.00755	0.00491	0.00424	0.00822	0.01247	0.01493	0.05319	0.05295	0.67275	0.10800	0.00942	0.00236	0.00321	0.01162	0.00509	0.00467
36	0.00699	0.00569	0.00619	0.00630	0.00793	0.00489	0.00464	0.00857	0.01324	0.01648	0.16136	0.15301	0.55575	0.01452	0.00683	0.00196	0.00292	0.01237	0.00546	0.00489
37	0.00894	0.00673	0.00858	0.00908	0.05116	0.00645	0.00615	0.05634	0.01445	0.01970	0.35475	0.18921	0.13220	0.08764	0.00888	0.00228	0.00362	0.02292	0.00546	0.00547
38	0.00994	0.00497	0.00745	0.00745	0.00745	0.00497	0.00497	0.00745	0.00745	0.00994	0.00994	0.01739	0.00994	0.01987	0.02235	0.83358	0.00497	0.00497	0.00248	0.00248
39	0.01643	0.01372	0.01923	0.04788	0.37624	0.01453	0.01382	0.27481	0.02965	0.03824	0.01508	0.01678	0.05687	0.00659	0.00622	0.00176	0.03361	0.00559	0.00412	0.00886
40	0.01044	0.00824	0.01018	0.04665	0.02933	0.05577	0.00740	0.01224	0.03453	0.03253	0.03292	0.04646	0.03462	0.06882	0.33492	0.13174	0.00963	0.00617	0.00339	0.08401
41	0.06617	0.01740	0.25994	0.01389	0.06460	0.01264	0.01304	0.12989	0.15358	0.07845	0.04184	0.06145	0.04726	0.00749	0.00568	0.00184	0.00604	0.00611	0.00442	0.00828
42	0.04279	0.22964	0.17851	0.01258	0.05757	0.01457	0.01171	0.08700	0.05998	0.06404	0.05884	0.04509	0.01285	0.00639	0.00500	0.00156	0.00591	0.00500	0.00375	0.09723
43	0.05556	0.06351	0.07903	0.01856	0.22159	0.03756	0.06734	0.07621	0.06034	0.10521	0.06054	0.03591	0.01358	0.00876	0.05421	0.00219	0.00685	0.00568	0.00402	0.02335
44	0.11195	0.03950	0.03108	0.06339	0.19413	0.04770	0.04665	0.09500	0.15167	0.08734	0.02736	0.01808	0.01247	0.00667	0.00555	0.00181	0.00609	0.04108	0.00429	0.00820
45	0.09939	0.05711	0.20616	0.14699	0.06333	0.08568	0.01362	0.11097	0.04808	0.03809	0.03948	0.02947	0.02492	0.00643	0.00536	0.00176	0.00691	0.00505	0.00357	0.00764
46	0.19565	0.01624	0.17242	0.01152	0.01612	0.05549	0.01094	0.13862	0.11464	0.09926	0.08157	0.01642	0.01379	0.00669	0.00523	0.00176	0.00581	0.00509	0.00454	0.02821
47	0.06471	0.16322	0.23775	0.03739	0.03156	0.01345	0.05896	0.01913	0.07187	0.12328	0.07754	0.03737	0.01398	0.00656	0.00531	0.00171	0.00628	0.00537	0.00388	0.02066
48	0.14188	0.06856	0.20995	0.01422	0.05967	0.12824	0.04763	0.06485	0.09348	0.04217	0.05283	0.02819	0.01182	0.00635	0.00524	0.00173	0.00687	0.00496	0.00369	0.00771
49	0.08335	0.04482	0.13358	0.01741	0.18994	0.06022	0.04817	0.04887	0.02507	0.12345	0.05125	0.04371	0.06840	0.00716	0.00598	0.00178	0.02904	0.00595	0.00400	0.00785
50	0.08851	0.03846	0.04657	0.01562	0.12857	0.04887	0.05968	0.03653	0.03786	0.19683	0.05211	0.01669	0.01256	0.00869	0.04452	0.00220	0.12560	0.00538	0.02695	0.00779
51	0.05123	0.02842	0.24877	0.05280	0.05414	0.02548	0.04985	0.05803	0.01394	0.11744	0.11295	0.10204	0.01792	0.00783	0.00580	0.00181	0.00617	0.00669	0.00418	0.03453
52	0.11243	0.05620	0.09045	0.01306	0.05369	0.14066	0.06000	0.06639	0.01422	0.06800	0.09768	0.04214	0.01754	0.05797	0.00717	0.00205	0.00649	0.08289	0.00410	0.00688

[dist]
# distance from previous block
# <min> <max>
8	181

[block]
# block no. 7 follows, 41 sequences, length 24
# corresponding to MSA columns:
# 689-712
name=unknown_H
#
# <colnr> <probs for GDERKNQSTAVLIFYWHMCP>
#	G	D	E	R	K	N	Q	S	T	A	V	L	I	F	Y	W	H	M	C	P
0	0.09329	0.04790	0.12479	0.09078	0.07392	0.05824	0.01204	0.15679	0.03487	0.05300	0.03965	0.05624	0.04022	0.00737	0.00648	0.00181	0.06672	0.00566	0.00394	0.02629
1	0.03926	0.03321	0.05047	0.07664	0.07210	0.07613	0.03474	0.14078	0.04534	0.08710	0.05873	0.04911	0.01461	0.10185	0.00878	0.00217	0.02922	0.00601	0.00422	0.06953
2	0.01247	0.02782	0.07645	0.03673	0.05541	0.03378	0.02237	0.01629	0.07820	0.10708	0.07372	0.13367	0.05460	0.01288	0.09740	0.00261	0.00623	0.00743	0.03676	0.10811
3	0.05673	0.07197	0.04375	0.06792	0.09619	0.03319	0.02677	0.08449	0.07641	0.01981	0.12700	0.02440	0.13459	0.00860	0.00736	0.00186	0.10102	0.00677	0.00419	0.00699
4	0.04548	0.08395	0.07555	0.10760	0.31594	0.14450	0.01420	0.04773	0.01360	0.01780	0.01167	0.01411	0.03352	0.00567	0.00529	0.00162	0.00720	0.00470	0.00301	0.04687
5	0.01443	0.04664	0.06673	0.00912	0.01210	0.00815	0.00782	0.01654	0.01263	0.26983	0.02573	0.02796	0.16134	0.09546	0.19542	0.00396	0.00741	0.00710	0.00483	0.00681
6	0.01305	0.01042	0.01173	0.09746	0.05021	0.09137	0.00888	0.09797	0.01357	0.06250	0.01821	0.06849	0.01780	0.17806	0.07119	0.00327	0.00686	0.12970	0.04318	0.00608
7	0.01429	0.01574	0.16425	0.15786	0.08046	0.03242	0.06737	0.13412	0.11231	0.05457	0.04944	0.03434	0.01279	0.00666	0.00575	0.00181	0.00668	0.00574	0.03540	0.00800
8	0.19882	0.01255	0.01779	0.16298	0.27893	0.04864	0.06669	0.01778	0.01259	0.08357	0.03947	0.01473	0.01019	0.00570	0.00530	0.00177	0.00648	0.00496	0.00344	0.00762
9	0.01076	0.00918	0.01330	0.27465	0.08481	0.01030	0.01080	0.04515	0.10048	0.01897	0.20698	0.02557	0.05795	0.01205	0.09199	0.00267	0.00650	0.00705	0.00424	0.00658
10	0.00994	0.00497	0.00745	0.00745	0.00745	0.00497	0.00497	0.00745	0.00745	0.00994	0.00994	0.01739	0.00994	0.01987	0.02235	0.83358	0.00497	0.00497	0.00248	0.00248
11	0.01067	0.00860	0.01155	0.10397	0.14205	0.00882	0.00884	0.06356	0.04876	0.01914	0.10845	0.03109	0.23670	0.01084	0.03549	0.01830	0.00490	0.00786	0.11403	0.00637
12	0.01206	0.01345	0.10277	0.11235	0.17368	0.01232	0.14153	0.01801	0.13882	0.01780	0.01390	0.01730	0.01119	0.01376	0.17194	0.00343	0.00903	0.00575	0.00332	0.00757
13	0.01397	0.02194	0.43170	0.02200	0.27436	0.01284	0.01850	0.01901	0.01288	0.10187	0.01180	0.01361	0.00863	0.00550	0.00555	0.00177	0.00749	0.00469	0.00308	0.00880
14	0.01386	0.01137	0.01588	0.04140	0.28392	0.01207	0.01174	0.02158	0.28773	0.07727	0.01885	0.10482	0.01601	0.00965	0.04586	0.00226	0.00588	0.00695	0.00455	0.00834
15	0.01123	0.01065	0.01828	0.10637	0.27556	0.01053	0.13669	0.01445	0.01349	0.01833	0.15042	0.02792	0.14118	0.00818	0.00630	0.00185	0.00596	0.03166	0.00391	0.00706
16	0.18672	0.00860	0.01067	0.00924	0.01215	0.00883	0.00746	0.01868	0.01219	0.31918	0.01672	0.01854	0.01257	0.02073	0.30684	0.00467	0.00887	0.00535	0.00478	0.00719
17	0.00804	0.00590	0.00846	0.00862	0.00941	0.00661	0.00640	0.00967	0.00928	0.01313	0.01770	0.11979	0.01812	0.14731	0.57536	0.00783	0.01245	0.00769	0.00340	0.00482
18	0.01024	0.00542	0.00571	0.00564	0.00697	0.00534	0.00423	0.01291	0.01268	0.02159	0.13983	0.02482	0.02108	0.00749	0.00445	0.00141	0.00267	0.00615	0.69604	0.00534
