[name]
unknown

[dist]
# distance from previous block
# <min> <max>
2	370

[block]
# block no. 0 follows, 45 sequences, length 43
# corresponding to MSA columns:
# 520-562
name=unknown_A
#
# <colnr> <probs for GDERKNQSTAVLIFYWHMCP>
#	G	D	E	R	K	N	Q	S	T	A	V	L	I	F	Y	W	H	M	C	P
0	0.07380	0.14715	0.06405	0.11217	0.05688	0.03254	0.02047	0.10915	0.04771	0.17395	0.02225	0.01403	0.00993	0.00570	0.00475	0.00153	0.00554	0.00447	0.05400	0.03995
1	0.06845	0.15954	0.17980	0.01278	0.06631	0.10192	0.01139	0.03028	0.14872	0.03121	0.05675	0.01465	0.01177	0.00812	0.05412	0.00202	0.02702	0.00458	0.00338	0.00717
2	0.01348	0.18941	0.01632	0.05073	0.01448	0.01256	0.05303	0.16273	0.01344	0.07725	0.01361	0.06889	0.01219	0.07648	0.16835	0.00328	0.01648	0.00560	0.00368	0.02802
3	0.10744	0.07937	0.09923	0.01319	0.04347	0.09183	0.13252	0.10789	0.01372	0.06161	0.03630	0.01275	0.00934	0.00522	0.00483	0.00145	0.00628	0.00436	0.00344	0.16577
4	0.01118	0.00737	0.01003	0.00910	0.01089	0.00766	0.03211	0.08568	0.04206	0.11265	0.10605	0.15169	0.02122	0.06934	0.29245	0.00450	0.00797	0.00779	0.00441	0.00586
5	0.01264	0.01315	0.16759	0.01073	0.01427	0.06282	0.03908	0.08015	0.02585	0.12662	0.08764	0.12700	0.12846	0.00953	0.00591	0.00181	0.00530	0.07028	0.00454	0.00662
6	0.01589	0.24010	0.23465	0.04085	0.03903	0.03681	0.01269	0.18768	0.01499	0.11234	0.01115	0.01189	0.00821	0.00547	0.00475	0.00151	0.00643	0.00407	0.00354	0.00796
7	0.01274	0.01506	0.25024	0.04072	0.04770	0.03142	0.01199	0.06192	0.10061	0.11592	0.05130	0.13378	0.01731	0.00850	0.00573	0.00184	0.00570	0.07609	0.00422	0.00721
8	0.00741	0.00524	0.00649	0.00684	0.00780	0.00484	0.00499	0.00827	0.01105	0.01424	0.11977	0.19489	0.27316	0.07025	0.01040	0.13803	0.00355	0.10407	0.00454	0.00417
9	0.01132	0.01071	0.01850	0.33761	0.26268	0.01158	0.10408	0.03955	0.01187	0.01601	0.01255	0.11551	0.01139	0.00658	0.00566	0.00177	0.00658	0.00631	0.00294	0.00681
10	0.01551	0.07321	0.10873	0.01818	0.20676	0.13818	0.06494	0.10749	0.13775	0.05838	0.01244	0.01354	0.00952	0.00561	0.00519	0.00160	0.00674	0.00470	0.00359	0.00797
11	0.11683	0.00659	0.00799	0.00826	0.00968	0.00679	0.00622	0.01238	0.06379	0.08577	0.02342	0.39736	0.02507	0.01641	0.10398	0.00288	0.00507	0.09143	0.00469	0.00539
12	0.00744	0.00535	0.00707	0.00795	0.00876	0.00511	0.00603	0.00905	0.01156	0.01532	0.12535	0.36850	0.08112	0.06479	0.00822	0.00238	0.00375	0.25270	0.00498	0.00458
13	0.51313	0.13973	0.01320	0.00910	0.01182	0.01458	0.00779	0.01514	0.00920	0.01955	0.00737	0.00943	0.00628	0.00599	0.00679	0.00174	0.19690	0.00333	0.00292	0.00600
14	0.12100	0.44021	0.07792	0.00915	0.01337	0.01577	0.00889	0.01680	0.04365	0.09401	0.03662	0.01514	0.06611	0.00600	0.00420	0.00142	0.00519	0.01432	0.00335	0.00687
15	0.01307	0.02275	0.53045	0.01372	0.02020	0.01287	0.01613	0.19892	0.01474	0.02138	0.01109	0.01244	0.00795	0.00553	0.00505	0.00164	0.00698	0.00427	0.07284	0.00798
16	0.00932	0.00466	0.00699	0.00699	0.00699	0.00466	0.00466	0.00699	0.00699	0.00932	0.00932	0.01632	0.00932	0.01865	0.02098	0.84382	0.00466	0.00466	0.00233	0.00233
17	0.05168	0.00625	0.00764	0.00750	0.00832	0.00673	0.00524	0.05986	0.00965	0.01381	0.01692	0.12642	0.01810	0.35412	0.27864	0.00554	0.00802	0.00761	0.00349	0.00444
18	0.01228	0.08619	0.44421	0.01419	0.06034	0.04025	0.01521	0.07712	0.01265	0.01802	0.03614	0.01227	0.00877	0.00534	0.00523	0.00153	0.02860	0.00409	0.00281	0.11477
19	0.01224	0.00957	0.06480	0.01235	0.07808	0.00866	0.05987	0.01459	0.01222	0.17066	0.13013	0.17042	0.04858	0.01169	0.05630	0.00231	0.09619	0.03043	0.00448	0.00644
20	0.00654	0.00467	0.00623	0.00747	0.00779	0.00436	0.00498	0.00747	0.01028	0.01370	0.02959	0.80785	0.03550	0.01682	0.00685	0.00218	0.00311	0.01526	0.00498	0.00436
21	0.01449	0.06352	0.09931	0.02404	0.41049	0.08907	0.06924	0.10456	0.01377	0.01850	0.01000	0.01245	0.00808	0.00521	0.00564	0.00160	0.03451	0.00457	0.00292	0.00802
22	0.19724	0.27321	0.08635	0.01033	0.01436	0.07617	0.00954	0.15176	0.04304	0.01973	0.00960	0.01124	0.00788	0.03399	0.00546	0.00162	0.03448	0.00374	0.00327	0.00700
23	0.01036	0.02492	0.68419	0.01421	0.02129	0.01152	0.01794	0.01612	0.01183	0.01758	0.10758	0.01501	0.01241	0.00585	0.00526	0.00170	0.00724	0.00470	0.00273	0.00757
24	0.00673	0.00490	0.00609	0.00690	0.00744	0.00453	0.00460	0.00766	0.01043	0.01367	0.06094	0.55101	0.14886	0.12833	0.00964	0.00253	0.00333	0.01338	0.00478	0.00426
25	0.12142	0.01289	0.01772	0.18832	0.24819	0.07463	0.07905	0.08848	0.03631	0.06656	0.01088	0.01322	0.00831	0.00532	0.00514	0.00166	0.00654	0.00466	0.00329	0.00742
26	0.01254	0.01185	0.01952	0.02678	0.55160	0.01199	0.06053	0.01711	0.10878	0.01774	0.01372	0.09855	0.01235	0.00636	0.00556	0.00170	0.00593	0.00616	0.00327	0.00798
27	0.05136	0.04130	0.01310	0.01004	0.03332	0.12807	0.00778	0.10818	0.01344	0.01899	0.00962	0.01099	0.00782	0.00461	0.00427	0.00106	0.00521	0.00345	0.00335	0.52404
28	0.00806	0.00857	0.10779	0.00948	0.01133	0.00745	0.00839	0.01053	0.00897	0.01304	0.01377	0.01984	0.01257	0.03576	0.68963	0.00774	0.01355	0.00552	0.00280	0.00519
29	0.11548	0.00587	0.00612	0.00601	0.00643	0.00608	0.00358	0.00883	0.00798	0.01216	0.01571	0.03175	0.01776	0.70817	0.02425	0.00475	0.00507	0.00718	0.00326	0.00358
30	0.04037	0.01333	0.08281	0.11817	0.21623	0.03873	0.21264	0.01639	0.05966	0.01785	0.11607	0.01741	0.01425	0.00585	0.00564	0.00171	0.00669	0.00578	0.00326	0.00716
31	0.01525	0.08232	0.01759	0.04341	0.23672	0.25045	0.04074	0.06209	0.03433	0.04221	0.01270	0.11388	0.01170	0.00678	0.00526	0.00159	0.00690	0.00568	0.00333	0.00707
32	0.00870	0.00580	0.00717	0.00749	0.00889	0.00540	0.00581	0.01069	0.01124	0.01664	0.02325	0.27581	0.02449	0.01161	0.00575	0.00182	0.00355	0.20975	0.24399	0.11217
33	0.00808	0.00520	0.00742	0.00786	0.00835	0.00539	0.00573	0.00841	0.00892	0.01210	0.01815	0.19812	0.01968	0.07313	0.22712	0.26679	0.00705	0.10517	0.00346	0.00385
34	0.01387	0.01248	0.09136	0.01261	0.06202	0.08013	0.06187	0.09018	0.07819	0.14167	0.02804	0.24940	0.02737	0.00938	0.00585	0.00182	0.00544	0.01680	0.00456	0.00697
35	0.01214	0.01038	0.01658	0.21471	0.36952	0.01100	0.01305	0.01567	0.05868	0.05815	0.01334	0.04268	0.01180	0.09154	0.00781	0.00210	0.00606	0.03449	0.00321	0.00709
36	0.00701	0.00536	0.00643	0.00637	0.00771	0.00478	0.00470	0.00892	0.01350	0.01799	0.41991	0.14251	0.31003	0.01267	0.00640	0.00180	0.00267	0.01100	0.00546	0.00478
37	0.01390	0.01223	0.01944	0.15284	0.27152	0.06535	0.15469	0.01727	0.03286	0.11428	0.01347	0.08377	0.01129	0.00624	0.00563	0.00172	0.00667	0.00601	0.00342	0.00739
38	0.01330	0.07009	0.27235	0.10660	0.12931	0.12699	0.14582	0.04292	0.01265	0.01648	0.00968	0.01213	0.00742	0.00506	0.00524	0.00163	0.00787	0.00447	0.00260	0.00739
39	0.01122	0.07571	0.59788	0.06528	0.07084	0.01308	0.05940	0.01671	0.01140	0.01656	0.00958	0.01164	0.00701	0.00503	0.00509	0.00167	0.00771	0.00413	0.00233	0.00774
40	0.00968	0.00892	0.01484	0.69723	0.03324	0.01096	0.01364	0.01292	0.01068	0.01371	0.01211	0.11585	0.01078	0.00683	0.00556	0.00184	0.00664	0.00611	0.00272	0.00576
41	0.01449	0.14980	0.06540	0.02264	0.34098	0.11744	0.13933	0.05649	0.01311	0.01691	0.00967	0.01210	0.00790	0.00491	0.00510	0.00153	0.00722	0.00451	0.00274	0.00772
42	0.01387	0.01314	0.01435	0.01637	0.21466	0.13744	0.01026	0.10608	0.18820	0.01938	0.04349	0.04712	0.07471	0.01967	0.03784	0.00199	0.00605	0.00602	0.02204	0.00732

[dist]
# distance from previous block
# <min> <max>
1	3

[block]
# block no. 1 follows, 45 sequences, length 39
# corresponding to MSA columns:
# 567-605
name=unknown_B
#
# <colnr> <probs for GDERKNQSTAVLIFYWHMCP>
#	G	D	E	R	K	N	Q	S	T	A	V	L	I	F	Y	W	H	M	C	P
0	0.01111	0.03712	0.01471	0.12726	0.25835	0.00995	0.01066	0.06146	0.01379	0.01931	0.28538	0.02272	0.02342	0.00713	0.00552	0.00158	0.00485	0.00636	0.00399	0.07532
1	0.00683	0.00546	0.00611	0.00595	0.00755	0.00474	0.00446	0.00864	0.01338	0.01721	0.33279	0.04719	0.49558	0.01258	0.00634	0.00176	0.00265	0.01070	0.00534	0.00474
2	0.00769	0.00568	0.00825	0.00825	0.00908	0.00651	0.00624	0.00935	0.00852	0.01218	0.01472	0.02298	0.01424	0.14423	0.68723	0.00817	0.01314	0.00603	0.00293	0.00459
3	0.01113	0.00954	0.01113	0.00795	0.01272	0.00716	0.00636	0.01352	0.01113	0.01749	0.00954	0.01113	0.00795	0.00398	0.00398	0.00080	0.00398	0.00318	0.00318	0.84417
4	0.01191	0.01000	0.01155	0.00832	0.01305	0.00796	0.00668	0.07652	0.01232	0.01887	0.00982	0.01128	0.00805	0.00418	0.00409	0.00086	0.00414	0.00332	0.00337	0.77369
5	0.01465	0.01883	0.36582	0.01344	0.01903	0.01200	0.06200	0.14475	0.03337	0.15155	0.07515	0.01557	0.01223	0.00622	0.00577	0.00171	0.03087	0.00506	0.00396	0.00801
6	0.01264	0.10041	0.13264	0.14576	0.03984	0.09194	0.15427	0.01573	0.01107	0.01465	0.00885	0.01211	0.00726	0.00606	0.00827	0.00179	0.20528	0.00457	0.00247	0.02437
7	0.00796	0.07184	0.00962	0.01010	0.07746	0.00665	0.00666	0.00929	0.01068	0.01416	0.02593	0.60824	0.03035	0.01457	0.00648	0.00207	0.00378	0.07462	0.00455	0.00499
8	0.00792	0.00575	0.00759	0.00765	0.00889	0.00549	0.00600	0.01065	0.03277	0.01973	0.52948	0.09499	0.04410	0.01219	0.00660	0.00191	0.00319	0.18444	0.00561	0.00507
9	0.00770	0.00516	0.00589	0.00599	0.00601	0.00513	0.00339	0.00778	0.00801	0.01068	0.01795	0.09840	0.02082	0.74629	0.02565	0.00496	0.00503	0.00842	0.00339	0.00334
10	0.01798	0.02077	0.01473	0.01414	0.06471	0.53069	0.01014	0.09791	0.07548	0.01638	0.01177	0.07844	0.01041	0.00667	0.00515	0.00152	0.00809	0.00489	0.00343	0.00670
11	0.02282	0.00877	0.01179	0.00914	0.01304	0.00763	0.00752	0.02494	0.01500	0.71344	0.02085	0.01843	0.01333	0.00661	0.00525	0.00162	0.00438	0.00536	0.08131	0.00877
12	0.00781	0.00520	0.00585	0.00585	0.00585	0.00520	0.00325	0.00781	0.00781	0.01041	0.01691	0.03513	0.01952	0.81135	0.02732	0.00520	0.00520	0.00781	0.00325	0.00325
13	0.01052	0.00940	0.01526	0.15915	0.32112	0.00974	0.03304	0.03831	0.01172	0.01603	0.01713	0.29947	0.01799	0.00927	0.00591	0.00185	0.00540	0.00860	0.00354	0.00654
14	0.01239	0.00987	0.01518	0.01893	0.31390	0.00980	0.04794	0.06300	0.05998	0.08596	0.01936	0.26223	0.03976	0.00919	0.00589	0.00181	0.00507	0.00844	0.00416	0.00714
15	0.01286	0.01101	0.01171	0.01057	0.01345	0.01264	0.00820	0.02695	0.70368	0.02238	0.08635	0.02175	0.01932	0.00760	0.00554	0.00181	0.00410	0.00638	0.00550	0.00820
16	0.01113	0.00954	0.01113	0.00795	0.01272	0.00716	0.00636	0.01352	0.01113	0.01749	0.00954	0.01113	0.00795	0.00398	0.00398	0.00080	0.00398	0.00318	0.00318	0.84417
17	0.00667	0.00480	0.00612	0.00711	0.00752	0.00447	0.00471	0.00753	0.01016	0.01339	0.03021	0.65420	0.09612	0.10891	0.00919	0.00250	0.00332	0.01406	0.00478	0.00425
18	0.01864	0.13909	0.08064	0.01233	0.01674	0.13205	0.01086	0.47624	0.02043	0.02615	0.01111	0.01163	0.00827	0.00592	0.00498	0.00151	0.00661	0.00426	0.00426	0.00826
19	0.01481	0.01468	0.01912	0.08950	0.48430	0.16066	0.01435	0.01792	0.03586	0.05455	0.01052	0.01309	0.00852	0.00530	0.00566	0.00161	0.03424	0.00460	0.00293	0.00780
20	0.00692	0.00546	0.00624	0.00604	0.00761	0.00478	0.00453	0.00882	0.01360	0.01774	0.38688	0.04632	0.44116	0.01239	0.00634	0.00176	0.00263	0.01058	0.00541	0.00478
21	0.01452	0.01315	0.02080	0.02937	0.64551	0.01343	0.01538	0.14575	0.01449	0.02037	0.01058	0.01322	0.00861	0.00507	0.00532	0.00160	0.00630	0.00479	0.00313	0.00861
22	0.00937	0.00588	0.00774	0.00705	0.00863	0.00537	0.00537	0.01186	0.01521	0.10337	0.69385	0.03775	0.04663	0.01051	0.00623	0.00169	0.00275	0.00924	0.00599	0.00550
23	0.00760	0.00549	0.00718	0.00675	0.00802	0.00506	0.00506	0.01013	0.01519	0.02153	0.77503	0.04010	0.05065	0.01097	0.00633	0.00169	0.00253	0.00971	0.00591	0.00506
24	0.00645	0.00544	0.00558	0.00554	0.00731	0.00457	0.00416	0.00790	0.01247	0.01507	0.11247	0.05073	0.71724	0.01338	0.00634	0.00180	0.00270	0.01120	0.00506	0.00457
25	0.00731	0.00534	0.00687	0.00677	0.00791	0.00490	0.00497	0.00947	0.01410	0.01959	0.58647	0.17263	0.10925	0.01220	0.00642	0.00178	0.00265	0.01080	0.00567	0.00490
26	0.84927	0.01038	0.00789	0.00706	0.01038	0.01204	0.00581	0.01578	0.00914	0.02408	0.00747	0.00872	0.00581	0.00498	0.00332	0.00166	0.00415	0.00291	0.00332	0.00581
27	0.01267	0.01448	0.03167	0.02262	0.02805	0.01357	0.75837	0.01719	0.01267	0.01719	0.01086	0.01448	0.00814	0.00452	0.00633	0.00181	0.00905	0.00633	0.00271	0.00724
28	0.01435	0.81458	0.02813	0.00918	0.01378	0.02124	0.00918	0.01607	0.01091	0.01263	0.00746	0.00861	0.00689	0.00459	0.00344	0.00115	0.00574	0.00287	0.00230	0.00689
29	0.01113	0.00954	0.01113	0.00795	0.01272	0.00716	0.00636	0.01352	0.01113	0.01749	0.00954	0.01113	0.00795	0.00398	0.00398	0.00080	0.00398	0.00318	0.00318	0.84417
30	0.00767	0.00575	0.00863	0.00863	0.00959	0.00671	0.00671	0.00959	0.00863	0.01246	0.01438	0.02109	0.01342	0.04026	0.79008	0.00863	0.01438	0.00575	0.00288	0.00479
31	0.01174	0.01174	0.01644	0.01409	0.01409	0.01644	0.01174	0.01292	0.00822	0.01292	0.00705	0.01174	0.00705	0.00940	0.01762	0.00235	0.80153	0.00470	0.00235	0.00587
32	0.01327	0.01539	0.03033	0.02190	0.02712	0.07714	0.69712	0.01754	0.01288	0.01686	0.01065	0.01409	0.00804	0.00461	0.00621	0.00177	0.00910	0.00610	0.00272	0.00716
33	0.01206	0.07648	0.01619	0.01698	0.28799	0.01026	0.01013	0.01461	0.01140	0.01688	0.00981	0.01246	0.00843	0.03000	0.00516	0.00125	0.00502	0.00388	0.00292	0.44807
34	0.51883	0.10539	0.01298	0.13259	0.07873	0.04408	0.00869	0.01578	0.01009	0.02015	0.00804	0.00999	0.00641	0.00500	0.00388	0.00160	0.00521	0.00337	0.00298	0.00620
35	0.01267	0.01448	0.03167	0.02262	0.02805	0.01357	0.75837	0.01719	0.01267	0.01719	0.01086	0.01448	0.00814	0.00452	0.00633	0.00181	0.00905	0.00633	0.00271	0.00724
36	0.02408	0.00914	0.01246	0.00955	0.01370	0.00789	0.00789	0.02616	0.01536	0.78158	0.02118	0.01827	0.01329	0.00664	0.00540	0.00166	0.00457	0.00540	0.00664	0.00914
37	0.00865	0.00618	0.00865	0.00989	0.01112	0.00618	0.00865	0.01112	0.01236	0.01606	0.02842	0.06055	0.03089	0.01483	0.00741	0.00247	0.00494	0.74174	0.00494	0.00494
38	0.81751	0.01033	0.00807	0.00715	0.01051	0.01188	0.00589	0.01618	0.00937	0.05324	0.00800	0.00909	0.00610	0.00505	0.00340	0.00166	0.00417	0.00300	0.00345	0.00594

[dist]
# distance from previous block
# <min> <max>
2	7

[block]
# block no. 2 follows, 45 sequences, length 19
# corresponding to MSA columns:
# 613-631
name=unknown_C
#
# <colnr> <probs for GDERKNQSTAVLIFYWHMCP>
#	G	D	E	R	K	N	Q	S	T	A	V	L	I	F	Y	W	H	M	C	P
0	0.00996	0.00875	0.01370	0.34233	0.17990	0.00949	0.01138	0.01279	0.01203	0.03182	0.13489	0.02530	0.15340	0.02446	0.00614	0.00181	0.00539	0.00679	0.00356	0.00610
1	0.74185	0.01027	0.00830	0.00717	0.01068	0.01142	0.00588	0.01549	0.00939	0.02324	0.00774	0.00903	0.00609	0.00485	0.00341	0.00155	0.00413	0.00294	0.00330	0.11325
2	0.00781	0.00662	0.00971	0.00833	0.01032	0.00597	0.10126	0.01019	0.01384	0.01853	0.42642	0.04084	0.29741	0.01106	0.00634	0.00175	0.00343	0.00984	0.00518	0.00516
3	0.01251	0.01032	0.01564	0.18009	0.28909	0.01024	0.01180	0.01592	0.04765	0.08346	0.03221	0.05118	0.03012	0.00593	0.00518	0.00152	0.00544	0.00531	0.00343	0.18293
4	0.00705	0.00562	0.00648	0.00650	0.00807	0.00481	0.00472	0.00852	0.01186	0.01541	0.12981	0.28547	0.37456	0.01331	0.00626	0.00181	0.00295	0.01154	0.00491	0.09033
5	0.01113	0.00954	0.01113	0.00795	0.01272	0.00716	0.00636	0.01352	0.01113	0.01749	0.00954	0.01113	0.00795	0.00398	0.00398	0.00080	0.00398	0.00318	0.00318	0.84417
6	0.01113	0.00954	0.01113	0.00795	0.01272	0.00716	0.00636	0.01352	0.01113	0.01749	0.00954	0.01113	0.00795	0.00398	0.00398	0.00080	0.00398	0.00318	0.00318	0.84417
7	0.02041	0.01504	0.01611	0.01235	0.01665	0.01665	0.01020	0.75997	0.02524	0.03383	0.01289	0.01289	0.00913	0.00644	0.00537	0.00161	0.00591	0.00483	0.00537	0.00913
8	0.00654	0.00467	0.00623	0.00747	0.00779	0.00436	0.00498	0.00747	0.01028	0.01370	0.02959	0.80785	0.03550	0.01682	0.00685	0.00218	0.00311	0.01526	0.00498	0.00436
9	0.01196	0.01138	0.01881	0.27274	0.34001	0.01187	0.07177	0.01597	0.05561	0.01657	0.01059	0.01382	0.00843	0.00499	0.00525	0.00158	0.00640	0.00477	0.00280	0.11469
10	0.01878	0.02353	0.01533	0.11438	0.01921	0.69011	0.01095	0.02045	0.01464	0.01321	0.00846	0.01027	0.00695	0.00551	0.00491	0.00143	0.00936	0.00363	0.00272	0.00619
11	0.00645	0.00546	0.00559	0.00561	0.00739	0.00460	0.00425	0.00788	0.01233	0.01476	0.07554	0.05158	0.73092	0.01355	0.00638	0.00183	0.00278	0.03352	0.00501	0.00456
12	0.00706	0.00497	0.00643	0.00715	0.00745	0.00492	0.00470	0.00785	0.00933	0.01257	0.02385	0.47662	0.02789	0.25420	0.11578	0.00392	0.00521	0.01181	0.00420	0.00409
13	0.01441	0.01332	0.02203	0.02852	0.57042	0.03463	0.11053	0.06957	0.01343	0.05492	0.01087	0.01355	0.00868	0.00498	0.00544	0.00162	0.00669	0.00498	0.00305	0.00835
14	0.01077	0.02777	0.78354	0.01530	0.02323	0.01247	0.01983	0.01700	0.01133	0.01700	0.00963	0.01133	0.00680	0.00510	0.00510	0.00170	0.00793	0.00397	0.00227	0.00793
15	0.00883	0.00598	0.00663	0.00637	0.00843	0.00511	0.00498	0.01038	0.01265	0.11295	0.04778	0.04818	0.61083	0.01282	0.00632	0.00185	0.00316	0.07642	0.00519	0.00516
16	0.40670	0.05811	0.01484	0.01722	0.29887	0.01271	0.01028	0.04005	0.01131	0.07127	0.00953	0.01119	0.00748	0.00504	0.00428	0.00160	0.00516	0.00383	0.00330	0.00721
17	0.01153	0.01103	0.01915	0.13788	0.06915	0.01135	0.27546	0.04886	0.10548	0.01848	0.11303	0.02088	0.06446	0.00669	0.00607	0.00175	0.02216	0.00656	0.04326	0.00677
18	0.06671	0.01375	0.04654	0.01660	0.21941	0.08777	0.01085	0.10070	0.18678	0.02035	0.01349	0.01443	0.02451	0.00567	0.00496	0.00150	0.00560	0.00465	0.00377	0.15196

[dist]
# distance from previous block
# <min> <max>
1	17

[block]
# block no. 3 follows, 45 sequences, length 25
# corresponding to MSA columns:
# 649-673
name=unknown_D
#
# <colnr> <probs for GDERKNQSTAVLIFYWHMCP>
#	G	D	E	R	K	N	Q	S	T	A	V	L	I	F	Y	W	H	M	C	P
0	0.08107	0.05535	0.01421	0.02824	0.01487	0.19915	0.05976	0.08891	0.08703	0.08185	0.07198	0.04768	0.02991	0.02387	0.00554	0.00160	0.00599	0.00533	0.00403	0.09363
1	0.01243	0.01171	0.01682	0.01418	0.01461	0.01588	0.04028	0.01378	0.00877	0.05348	0.00794	0.01219	0.00742	0.00906	0.01654	0.00229	0.72914	0.00480	0.00259	0.00610
2	0.84927	0.01038	0.00789	0.00706	0.01038	0.01204	0.00581	0.01578	0.00914	0.02408	0.00747	0.00872	0.00581	0.00498	0.00332	0.00166	0.00415	0.00291	0.00332	0.00581
3	0.01543	0.66512	0.02568	0.01006	0.01431	0.16683	0.00941	0.01709	0.01172	0.01273	0.00762	0.00881	0.00689	0.00477	0.00371	0.00119	0.00649	0.00298	0.00239	0.00676
4	0.00654	0.00467	0.00623	0.00747	0.00779	0.00436	0.00498	0.00747	0.01028	0.01370	0.02959	0.80785	0.03550	0.01682	0.00685	0.00218	0.00311	0.01526	0.00498	0.00436
5	0.01288	0.01052	0.01116	0.00982	0.01274	0.01155	0.00776	0.17416	0.39528	0.02257	0.02832	0.02809	0.20329	0.00899	0.00574	0.00180	0.00424	0.03829	0.00530	0.00750
6	0.01769	0.06875	0.01583	0.05291	0.01649	0.03761	0.00984	0.54544	0.02118	0.02814	0.04169	0.01443	0.01083	0.00974	0.08261	0.00228	0.00678	0.00493	0.00470	0.00814
7	0.00932	0.00466	0.00699	0.00699	0.00699	0.00466	0.00466	0.00699	0.00699	0.00932	0.00932	0.01632	0.00932	0.01865	0.02098	0.84382	0.00466	0.00466	0.00233	0.00233
8	0.02248	0.01046	0.01312	0.01020	0.01428	0.01001	0.00838	0.16536	0.08114	0.57549	0.01966	0.01740	0.01276	0.00666	0.00540	0.00167	0.00479	0.00535	0.00630	0.00908
9	0.01448	0.02031	0.35274	0.05682	0.09578	0.06954	0.08982	0.13611	0.01435	0.08261	0.01117	0.01269	0.00803	0.00540	0.00531	0.00166	0.00738	0.00454	0.00325	0.00798
10	0.01267	0.01448	0.03167	0.02262	0.02805	0.01357	0.75837	0.01719	0.01267	0.01719	0.01086	0.01448	0.00814	0.00452	0.00633	0.00181	0.00905	0.00633	0.00271	0.00724
11	0.84927	0.01038	0.00789	0.00706	0.01038	0.01204	0.00581	0.01578	0.00914	0.02408	0.00747	0.00872	0.00581	0.00498	0.00332	0.00166	0.00415	0.00291	0.00332	0.00581
12	0.00760	0.00549	0.00718	0.00675	0.00802	0.00506	0.00506	0.01013	0.01519	0.02153	0.77503	0.04010	0.05065	0.01097	0.00633	0.00169	0.00253	0.00971	0.00591	0.00506
13	0.00763	0.00513	0.00591	0.00607	0.00612	0.00509	0.00349	0.00776	0.00814	0.01085	0.01863	0.13972	0.02168	0.70381	0.02455	0.00479	0.00492	0.00882	0.00349	0.00340
14	0.00681	0.00486	0.00654	0.00778	0.00821	0.00459	0.00545	0.00794	0.01054	0.01400	0.02944	0.71237	0.03491	0.01656	0.00692	0.00222	0.00335	0.10807	0.00498	0.00443
15	0.00669	0.00478	0.00640	0.00764	0.00802	0.00449	0.00524	0.00773	0.01042	0.01387	0.02951	0.75646	0.03519	0.01668	0.00689	0.00220	0.00324	0.06522	0.00498	0.00440
16	0.02005	0.02558	0.01521	0.01383	0.01659	0.78980	0.01037	0.02143	0.01521	0.01314	0.00830	0.00968	0.00691	0.00553	0.00484	0.00138	0.00968	0.00346	0.00277	0.00622
17	0.01689	0.01265	0.01365	0.01135	0.01495	0.01414	0.00909	0.30282	0.42704	0.08958	0.01843	0.01720	0.01341	0.00691	0.00542	0.00173	0.00490	0.00555	0.00553	0.00879
18	0.01193	0.00888	0.00999	0.00876	0.01106	0.00915	0.00679	0.28998	0.01733	0.02311	0.19189	0.19962	0.16757	0.01104	0.00609	0.00179	0.00396	0.00940	0.00533	0.00633
19	0.00654	0.00467	0.00623	0.00747	0.00779	0.00436	0.00498	0.00747	0.01028	0.01370	0.02959	0.80785	0.03550	0.01682	0.00685	0.00218	0.00311	0.01526	0.00498	0.00436
20	0.01415	0.01193	0.01259	0.01109	0.01426	0.01372	0.00869	0.11111	0.68429	0.02374	0.02084	0.01922	0.01557	0.00719	0.00545	0.00180	0.00444	0.00593	0.00545	0.00857
21	0.00760	0.00549	0.00718	0.00675	0.00802	0.00506	0.00506	0.01013	0.01519	0.02153	0.77503	0.04010	0.05065	0.01097	0.00633	0.00169	0.00253	0.00971	0.00591	0.00506
22	0.00981	0.01837	0.42815	0.07403	0.08212	0.01014	0.01466	0.01428	0.01197	0.01710	0.13571	0.07402	0.07226	0.00745	0.00554	0.00174	0.00617	0.00632	0.00327	0.00688
23	0.01169	0.18379	0.45272	0.10294	0.06284	0.01428	0.06773	0.01643	0.01132	0.01579	0.00929	0.01143	0.00704	0.00497	0.00489	0.00160	0.00740	0.00404	0.00234	0.00748
24	0.18008	0.08357	0.01454	0.01125	0.01451	0.30492	0.00895	0.22532	0.01591	0.02074	0.00942	0.01076	0.00748	0.00650	0.00569	0.05942	0.00688	0.00377	0.00353	0.00674

[dist]
# distance from previous block
# <min> <max>
0	14

[block]
# block no. 4 follows, 45 sequences, length 23
# corresponding to MSA columns:
# 688-710
name=unknown_E
#
# <colnr> <probs for GDERKNQSTAVLIFYWHMCP>
#	G	D	E	R	K	N	Q	S	T	A	V	L	I	F	Y	W	H	M	C	P
0	0.01334	0.01294	0.04069	0.02428	0.39096	0.01265	0.16839	0.09403	0.06377	0.01931	0.01328	0.01897	0.01138	0.00616	0.00576	0.00175	0.00663	0.08442	0.00337	0.00791
1	0.01382	0.01121	0.01175	0.00880	0.01327	0.09141	0.00700	0.01605	0.01213	0.11887	0.01096	0.01193	0.00855	0.00450	0.00426	0.00097	0.00467	0.00351	0.00360	0.64276
2	0.12389	0.00714	0.00866	0.00840	0.01050	0.00692	0.00682	0.01438	0.01210	0.20192	0.02603	0.12632	0.10313	0.06482	0.00753	0.00225	0.00432	0.25397	0.00504	0.00585
3	0.01906	0.01369	0.01490	0.01171	0.01558	0.01498	0.00955	0.64976	0.02324	0.06152	0.01501	0.09858	0.01213	0.00757	0.00553	0.00167	0.00555	0.00598	0.00538	0.00862
4	0.01307	0.01146	0.01601	0.01360	0.01405	0.01552	0.01133	0.01434	0.00899	0.09557	0.00857	0.01245	0.00772	0.00910	0.01630	0.00227	0.71583	0.00477	0.00281	0.00622
5	0.01595	0.01235	0.01882	0.09434	0.45497	0.01268	0.01388	0.15613	0.01498	0.13482	0.01223	0.01405	0.00922	0.00542	0.00534	0.00162	0.00609	0.00488	0.00374	0.00849
6	0.16688	0.22342	0.03330	0.01155	0.05601	0.19629	0.00911	0.05529	0.11437	0.01751	0.01096	0.03079	0.00936	0.03785	0.00529	0.00163	0.00618	0.00416	0.00329	0.00677
7	0.00885	0.00567	0.00817	0.00807	0.00905	0.00604	0.00606	0.01012	0.00972	0.06409	0.09768	0.10894	0.01945	0.05002	0.44503	0.11794	0.00968	0.00711	0.00362	0.00469
8	0.84927	0.01038	0.00789	0.00706	0.01038	0.01204	0.00581	0.01578	0.00914	0.02408	0.00747	0.00872	0.00581	0.00498	0.00332	0.00166	0.00415	0.00291	0.00332	0.00581
9	0.00932	0.00466	0.00699	0.00699	0.00699	0.00466	0.00466	0.00699	0.00699	0.00932	0.00932	0.01632	0.00932	0.01865	0.02098	0.84382	0.00466	0.00466	0.00233	0.00233
10	0.01232	0.20339	0.42858	0.01501	0.02141	0.04226	0.14652	0.01734	0.03530	0.01608	0.00969	0.01148	0.00736	0.00497	0.00494	0.00159	0.00758	0.00418	0.00247	0.00753
11	0.01362	0.01048	0.04579	0.23458	0.06047	0.01070	0.01057	0.02019	0.23718	0.16960	0.04086	0.02097	0.08746	0.00711	0.00551	0.00176	0.00521	0.00602	0.00451	0.00740
12	0.00764	0.00513	0.00590	0.00607	0.00611	0.00509	0.00348	0.00776	0.00814	0.01085	0.01860	0.13812	0.02165	0.70545	0.02459	0.00480	0.00493	0.00880	0.00348	0.00340
13	0.01335	0.01153	0.01214	0.01092	0.01396	0.01335	0.00850	0.02852	0.76817	0.02245	0.02185	0.02003	0.01639	0.00728	0.00546	0.00182	0.00425	0.00607	0.00546	0.00850
14	0.01581	0.55413	0.02380	0.01034	0.01453	0.13352	0.00943	0.10225	0.06337	0.01577	0.00916	0.01001	0.00778	0.00512	0.00400	0.00128	0.00624	0.00339	0.00292	0.00715
15	0.01242	0.01196	0.08164	0.17701	0.29429	0.01114	0.03871	0.05228	0.03857	0.05477	0.04090	0.01835	0.03541	0.00618	0.00537	0.00168	0.00595	0.03373	0.07233	0.00729
16	0.00743	0.00548	0.00694	0.00658	0.00792	0.00499	0.00493	0.00981	0.01480	0.02059	0.67898	0.04164	0.14729	0.01132	0.00633	0.00170	0.00256	0.00992	0.00579	0.00499
17	0.00652	0.00529	0.00578	0.00598	0.00744	0.00456	0.00436	0.00792	0.01217	0.01510	0.12704	0.19760	0.55366	0.01394	0.00644	0.00187	0.00278	0.01192	0.00508	0.00456
18	0.01675	0.19620	0.04410	0.01136	0.01449	0.31748	0.00938	0.10214	0.01398	0.06228	0.01057	0.01387	0.00923	0.11305	0.00817	0.00194	0.04101	0.00425	0.00322	0.00653
19	0.00819	0.00935	0.11103	0.00894	0.04014	0.00709	0.00750	0.01166	0.08087	0.01663	0.15058	0.11027	0.37334	0.01134	0.00641	0.00182	0.02504	0.00956	0.00465	0.00560
20	0.00646	0.00527	0.00572	0.00597	0.00742	0.00453	0.00434	0.00780	0.01198	0.01475	0.09303	0.22036	0.56539	0.01416	0.00646	0.00189	0.00280	0.01211	0.00504	0.00453
21	0.02010	0.02418	0.01533	0.01363	0.01660	0.68675	0.01035	0.11987	0.01655	0.01590	0.00891	0.01011	0.00721	0.00565	0.00491	0.00141	0.00918	0.00364	0.00311	0.00661
22	0.01392	0.03480	0.17372	0.07158	0.15585	0.02655	0.04656	0.15437	0.20136	0.02098	0.01322	0.01439	0.01000	0.00596	0.00572	0.00171	0.03255	0.00494	0.00373	0.00810

[dist]
# distance from previous block
# <min> <max>
0	2

[block]
# block no. 5 follows, 45 sequences, length 40
# corresponding to MSA columns:
# 713-752
name=unknown_F
#
# <colnr> <probs for GDERKNQSTAVLIFYWHMCP>
#	G	D	E	R	K	N	Q	S	T	A	V	L	I	F	Y	W	H	M	C	P
0	0.01224	0.01150	0.01856	0.10816	0.29295	0.01226	0.11621	0.06629	0.08092	0.01771	0.01528	0.08163	0.05551	0.00707	0.00678	0.00180	0.07813	0.00635	0.00337	0.00728
1	0.01151	0.05812	0.08003	0.23576	0.29161	0.01175	0.01340	0.01557	0.06279	0.01645	0.01257	0.06928	0.01078	0.00610	0.00518	0.00166	0.00596	0.00544	0.07900	0.00706
2	0.01181	0.02101	0.43367	0.18007	0.08499	0.04571	0.08098	0.04892	0.01216	0.01695	0.00984	0.01237	0.00723	0.00516	0.00528	0.00170	0.00773	0.00442	0.00252	0.00749
3	0.13447	0.01598	0.01807	0.02009	0.28307	0.23380	0.09818	0.01754	0.01250	0.01707	0.00918	0.01153	0.00754	0.00504	0.00520	0.00152	0.02617	0.00418	0.00283	0.07605
4	0.00683	0.00537	0.00617	0.00616	0.00760	0.00471	0.00455	0.00858	0.01312	0.01704	0.32075	0.13172	0.42232	0.01298	0.00640	0.00181	0.00269	0.01116	0.00533	0.00471
5	0.00721	0.00542	0.00667	0.00647	0.00781	0.00488	0.00481	0.00934	0.01411	0.01922	0.54202	0.09518	0.23311	0.01203	0.00637	0.00175	0.00262	0.01050	0.00561	0.00488
6	0.00781	0.00520	0.00585	0.00585	0.00585	0.00520	0.00325	0.00781	0.00781	0.01041	0.01691	0.03513	0.01952	0.81135	0.02732	0.00520	0.00520	0.00781	0.00325	0.00325
7	0.00746	0.00533	0.00729	0.00853	0.00925	0.00516	0.00659	0.00907	0.01119	0.01474	0.02908	0.48057	0.03348	0.01595	0.00710	0.00231	0.00392	0.33342	0.00497	0.00462
8	0.00654	0.00467	0.00623	0.00747	0.00779	0.00436	0.00498	0.00747	0.01028	0.01370	0.02959	0.80785	0.03550	0.01682	0.00685	0.00218	0.00311	0.01526	0.00498	0.00436
9	0.00932	0.00466	0.00699	0.00699	0.00699	0.00466	0.00466	0.00699	0.00699	0.00932	0.00932	0.01632	0.00932	0.01865	0.02098	0.84382	0.00466	0.00466	0.00233	0.00233
10	0.84927	0.01038	0.00789	0.00706	0.01038	0.01204	0.00581	0.01578	0.00914	0.02408	0.00747	0.00872	0.00581	0.00498	0.00332	0.00166	0.00415	0.00291	0.00332	0.00581
11	0.01565	0.01704	0.01860	0.14527	0.30561	0.28926	0.04602	0.06834	0.01395	0.01646	0.00959	0.01219	0.00775	0.00524	0.00520	0.00156	0.00776	0.00438	0.00284	0.00728
12	0.01375	0.00977	0.01148	0.01031	0.06338	0.00974	0.00716	0.23936	0.01454	0.07276	0.01417	0.02131	0.01306	0.30796	0.01335	0.00281	0.00523	0.00568	0.00408	0.16010
13	0.02408	0.00914	0.01246	0.00955	0.01370	0.00789	0.00789	0.02616	0.01536	0.78158	0.02118	0.01827	0.01329	0.00664	0.00540	0.00166	0.00457	0.00540	0.00664	0.00914
14	0.01162	0.01144	0.06399	0.01464	0.01874	0.00968	0.36335	0.01481	0.01263	0.10142	0.02651	0.02754	0.26323	0.02740	0.00667	0.00187	0.00629	0.00778	0.00389	0.00650
15	0.01383	0.01432	0.11172	0.02675	0.51557	0.01243	0.08068	0.01809	0.05613	0.08062	0.01170	0.01396	0.00912	0.00510	0.00539	0.00164	0.00652	0.00495	0.00311	0.00838
16	0.01329	0.01275	0.02179	0.03295	0.77787	0.01275	0.01647	0.01647	0.01222	0.01754	0.01010	0.01329	0.00850	0.00478	0.00531	0.00159	0.00638	0.00478	0.00266	0.00850
17	0.01486	0.00772	0.00861	0.00731	0.00973	0.00776	0.00581	0.15401	0.01471	0.18104	0.01742	0.01833	0.01280	0.00637	0.00439	0.00140	0.00356	0.00505	0.51246	0.00663
18	0.03854	0.05006	0.06061	0.01470	0.13668	0.03739	0.01088	0.31476	0.01803	0.20949	0.01361	0.01370	0.00961	0.00590	0.00514	0.00156	0.00576	0.00466	0.00471	0.04420
19	0.13505	0.01489	0.01599	0.01904	0.29739	0.17379	0.01139	0.14244	0.04644	0.02003	0.01078	0.01359	0.00898	0.06014	0.00644	0.00182	0.00649	0.00451	0.00339	0.00739
20	0.00671	0.00542	0.00596	0.00590	0.00749	0.00468	0.00440	0.00838	0.01299	0.01646	0.25736	0.08054	0.53893	0.01299	0.00636	0.00179	0.00268	0.01104	0.00525	0.00468
21	0.01586	0.42119	0.02068	0.00971	0.01373	0.01736	0.00878	0.27602	0.01597	0.02109	0.01077	0.01171	0.00864	0.00547	0.00416	0.00132	0.00534	0.00386	0.12093	0.00741
22	0.01216	0.01243	0.06680	0.16193	0.14343	0.04657	0.02896	0.04930	0.21082	0.01837	0.03565	0.01890	0.08077	0.00654	0.00535	0.00164	0.00561	0.00561	0.00377	0.08538
23	0.03486	0.01341	0.01569	0.07054	0.21649	0.13941	0.04274	0.08950	0.13180	0.05234	0.03347	0.07001	0.01277	0.00663	0.00532	0.00165	0.00606	0.00568	0.04425	0.00738
24	0.01232	0.01177	0.02004	0.26807	0.55031	0.01250	0.01599	0.01563	0.01177	0.01636	0.00993	0.01360	0.00809	0.00496	0.00533	0.00165	0.00662	0.00478	0.00257	0.00772
25	0.01174	0.01174	0.01644	0.01409	0.01409	0.01644	0.01174	0.01292	0.00822	0.01292	0.00705	0.01174	0.00705	0.00940	0.01762	0.00235	0.80153	0.00470	0.00235	0.00587
26	0.00860	0.00638	0.00885	0.06821	0.10709	0.00656	0.00653	0.00991	0.00960	0.01353	0.01836	0.21077	0.01988	0.31387	0.07581	0.00362	0.00544	0.00850	0.09379	0.00469
27	0.00682	0.00538	0.00614	0.00612	0.00758	0.00471	0.00453	0.00856	0.01311	0.01696	0.31202	0.12340	0.43966	0.01297	0.00639	0.00180	0.00269	0.01114	0.00532	0.00471
28	0.00654	0.00467	0.00623	0.00747	0.00779	0.00436	0.00498	0.00747	0.01028	0.01370	0.02959	0.80785	0.03550	0.01682	0.00685	0.00218	0.00311	0.01526	0.00498	0.00436
29	0.01281	0.01541	0.17144	0.02591	0.50561	0.01258	0.01592	0.04049	0.07709	0.01829	0.01190	0.01553	0.00984	0.00555	0.00538	0.00167	0.00643	0.03691	0.00300	0.00825
30	0.02036	0.00957	0.01171	0.00922	0.01280	0.00920	0.00754	0.18360	0.01667	0.46053	0.01861	0.01746	0.01248	0.00652	0.00505	0.00157	0.00443	0.00519	0.17921	0.00828
31	0.64746	0.01008	0.00901	0.00767	0.01119	0.01103	0.00632	0.01832	0.01066	0.20934	0.01083	0.01106	0.00764	0.00539	0.00383	0.00166	0.00425	0.00352	0.00413	0.00663
32	0.01174	0.01174	0.01644	0.01409	0.01409	0.01644	0.01174	0.01292	0.00822	0.01292	0.00705	0.01174	0.00705	0.00940	0.01762	0.00235	0.80153	0.00470	0.00235	0.00587
33	0.01113	0.00954	0.01113	0.00795	0.01272	0.00716	0.00636	0.01352	0.01113	0.01749	0.00954	0.01113	0.00795	0.00398	0.00398	0.00080	0.00398	0.00318	0.00318	0.84417
34	0.02041	0.01504	0.01611	0.01235	0.01665	0.01665	0.01020	0.75997	0.02524	0.03383	0.01289	0.01289	0.00913	0.00644	0.00537	0.00161	0.00591	0.00483	0.00537	0.00913
35	0.01113	0.00954	0.01113	0.00795	0.01272	0.00716	0.00636	0.01352	0.01113	0.01749	0.00954	0.01113	0.00795	0.00398	0.00398	0.00080	0.00398	0.00318	0.00318	0.84417
36	0.00654	0.00467	0.00623	0.00747	0.00779	0.00436	0.00498	0.00747	0.01028	0.01370	0.02959	0.80785	0.03550	0.01682	0.00685	0.00218	0.00311	0.01526	0.00498	0.00436
37	0.02091	0.01423	0.01561	0.01197	0.01624	0.01544	0.00989	0.65926	0.02388	0.13645	0.01403	0.01363	0.00970	0.00647	0.00537	0.00162	0.00572	0.00491	0.00554	0.00913
38	0.00870	0.00797	0.01259	0.01029	0.01283	0.00747	0.17878	0.01209	0.06438	0.01760	0.24836	0.03626	0.30452	0.01148	0.04049	0.00207	0.00474	0.00911	0.00467	0.00559
39	0.01212	0.01156	0.01968	0.31702	0.50292	0.01245	0.01589	0.01545	0.01167	0.01612	0.00989	0.01367	0.00800	0.00500	0.00533	0.00167	0.00667	0.00478	0.00256	0.00756

[dist]
# distance from previous block
# <min> <max>
0	1

[block]
# block no. 6 follows, 45 sequences, length 20
# corresponding to MSA columns:
# 754-773
name=unknown_G
#
# <colnr> <probs for GDERKNQSTAVLIFYWHMCP>
#	G	D	E	R	K	N	Q	S	T	A	V	L	I	F	Y	W	H	M	C	P
0	0.06669	0.00916	0.01104	0.01078	0.04774	0.04821	0.00766	0.01123	0.00891	0.01310	0.01340	0.10724	0.01469	0.29374	0.03388	0.00334	0.28443	0.00680	0.00307	0.00490
1	0.00781	0.00520	0.00585	0.00585	0.00585	0.00520	0.00325	0.00781	0.00781	0.01041	0.01691	0.03513	0.01952	0.81135	0.02732	0.00520	0.00520	0.00781	0.00325	0.00325
2	0.01128	0.01464	0.25387	0.01460	0.11512	0.00956	0.08049	0.01523	0.02953	0.08556	0.14177	0.05426	0.08706	0.03079	0.00637	0.00185	0.00573	0.03149	0.00389	0.00691
3	0.42248	0.01355	0.00992	0.00896	0.01171	0.22097	0.00699	0.03458	0.01249	0.02081	0.17377	0.01587	0.01589	0.00646	0.00443	0.00159	0.00534	0.00457	0.00378	0.00584
4	0.00926	0.00493	0.00527	0.00554	0.00659	0.00486	0.00402	0.01142	0.01105	0.01865	0.02012	0.19033	0.01846	0.00854	0.00442	0.00145	0.00263	0.00722	0.66038	0.00486
5	0.14445	0.33939	0.01840	0.00969	0.01328	0.12897	0.06169	0.01509	0.01168	0.01524	0.01797	0.01851	0.17302	0.00673	0.00447	0.00145	0.00566	0.00504	0.00314	0.00614
6	0.19280	0.01145	0.01459	0.01257	0.01329	0.01549	0.01046	0.01354	0.00842	0.01533	0.00714	0.01109	0.00678	0.00844	0.01453	0.00220	0.62915	0.00431	0.00256	0.00586
7	0.01133	0.00605	0.00728	0.00665	0.00755	0.00578	0.00426	0.01177	0.00944	0.17712	0.01784	0.03148	0.01817	0.63739	0.02258	0.00444	0.00507	0.00729	0.00399	0.00452
8	0.01680	0.18979	0.01795	0.01307	0.06019	0.30384	0.03979	0.03899	0.01346	0.10826	0.01314	0.04855	0.04669	0.00656	0.00573	0.00152	0.06067	0.00479	0.00338	0.00679
9	0.01181	0.01082	0.01781	0.09824	0.54211	0.01104	0.01347	0.01434	0.01113	0.01564	0.01152	0.01810	0.01076	0.17920	0.01008	0.00239	0.00620	0.00544	0.00276	0.00713
10	0.01377	0.00762	0.00821	0.00708	0.00930	0.00783	0.00559	0.17557	0.01472	0.10501	0.01691	0.01828	0.01271	0.00634	0.00428	0.00137	0.00346	0.00501	0.57060	0.00634
11	0.02013	0.02330	0.01541	0.01351	0.01661	0.62266	0.01034	0.18109	0.01738	0.01761	0.00929	0.01037	0.00739	0.00573	0.00495	0.00143	0.00886	0.00375	0.00333	0.00685
12	0.21839	0.10614	0.26578	0.01444	0.09708	0.07556	0.06313	0.01754	0.01152	0.07035	0.00968	0.01115	0.00729	0.00508	0.00459	0.00160	0.00659	0.00389	0.00294	0.00726
13	0.00832	0.00734	0.01205	0.01021	0.01214	0.00707	0.16774	0.01031	0.01087	0.01441	0.07661	0.11914	0.20037	0.14043	0.17455	0.00380	0.00696	0.00887	0.00385	0.00499
14	0.00650	0.00484	0.00606	0.00703	0.00767	0.00440	0.00479	0.00752	0.01070	0.01388	0.03495	0.64437	0.19552	0.01612	0.00674	0.00210	0.00303	0.01441	0.00498	0.00440
15	0.01309	0.01177	0.03831	0.18271	0.11002	0.01177	0.20330	0.06763	0.10520	0.08727	0.01770	0.01926	0.09455	0.00641	0.00573	0.00175	0.00641	0.00610	0.00375	0.00728
16	0.03861	0.04678	0.12660	0.08295	0.19139	0.03451	0.16051	0.05161	0.01327	0.18284	0.01243	0.01398	0.00896	0.00532	0.00537	0.00166	0.00678	0.00494	0.00358	0.00793
17	0.01219	0.01180	0.01350	0.01301	0.04597	0.12632	0.06006	0.01719	0.17783	0.01660	0.01899	0.06841	0.01844	0.00999	0.00790	0.00205	0.12142	0.24790	0.00411	0.00632
18	0.27170	0.03372	0.04967	0.01191	0.03685	0.26078	0.05563	0.02001	0.01288	0.18314	0.01109	0.01170	0.00807	0.00548	0.00459	0.00157	0.00659	0.00394	0.00373	0.00695
19	0.00900	0.00798	0.01358	0.09056	0.10134	0.00789	0.13593	0.01127	0.01127	0.01502	0.02283	0.35669	0.05384	0.02742	0.00690	0.00210	0.00517	0.11163	0.00404	0.00554

[dist]
# distance from previous block
# <min> <max>
1	7

[block]
# block no. 7 follows, 45 sequences, length 6
# corresponding to MSA columns:
# 782-787
name=unknown_H
#
# <colnr> <probs for GDERKNQSTAVLIFYWHMCP>
#	G	D	E	R	K	N	Q	S	T	A	V	L	I	F	Y	W	H	M	C	P
0	0.01095	0.01871	0.39980	0.01165	0.01801	0.00983	0.01314	0.01527	0.01123	0.01724	0.00959	0.01123	0.00737	0.00454	0.00454	0.00125	0.00597	0.00358	0.00272	0.42338
1	0.00668	0.00545	0.00590	0.00579	0.00745	0.00467	0.00434	0.00835	0.01302	0.01637	0.24591	0.04859	0.58299	0.01290	0.00634	0.00178	0.00267	0.01090	0.00523	0.00467
2	0.01338	0.25649	0.19030	0.03803	0.17194	0.07631	0.01290	0.05669	0.01228	0.01623	0.00985	0.01199	0.00808	0.00704	0.04865	0.00185	0.00702	0.00399	0.04971	0.00727
3	0.00910	0.00545	0.00799	0.11541	0.01086	0.00578	0.00576	0.00810	0.00769	0.01017	0.01104	0.02021	0.01128	0.19245	0.02024	0.54240	0.00512	0.00537	0.00254	0.00303
4	0.01239	0.03350	0.18175	0.05524	0.08938	0.00915	0.01073	0.01622	0.05146	0.16065	0.16617	0.02603	0.12894	0.00809	0.00564	0.00171	0.00499	0.02649	0.00446	0.00698
5	0.01029	0.00790	0.00979	0.07139	0.01261	0.00778	0.00697	0.14595	0.01385	0.01909	0.12383	0.35638	0.02575	0.01099	0.00589	0.00174	0.00401	0.00967	0.00466	0.15147

[dist]
# distance from previous block
# <min> <max>
0	701

# created by:
# /home/cegg/simao/soft/augustus-3.2.1/scripts/msa2prfl.pl ./align_prep/25958.fa
