[name]
unknown

[dist]
# distance from previous block
# <min> <max>
0	72

[block]
# block no. 0 follows, 49 sequences, length 15
# corresponding to MSA columns:
# 72-86
name=unknown_A
#
# <colnr> <probs for GDERKNQSTAVLIFYWHMCP>
#	G	D	E	R	K	N	Q	S	T	A	V	L	I	F	Y	W	H	M	C	P
0	0.01041	0.07929	0.16222	0.01001	0.01324	0.00973	0.00968	0.01624	0.20511	0.04641	0.02262	0.03196	0.10351	0.00918	0.00560	0.00183	0.00485	0.24766	0.00415	0.00630
1	0.01553	0.01222	0.11028	0.01171	0.01560	0.01066	0.10317	0.22615	0.01489	0.22364	0.01388	0.01514	0.01012	0.01262	0.17731	0.00299	0.00755	0.00495	0.00420	0.00736
2	0.04426	0.18090	0.15685	0.01066	0.01516	0.01388	0.01031	0.30406	0.01625	0.13248	0.05813	0.01318	0.01058	0.00572	0.00464	0.00146	0.00545	0.00432	0.00408	0.00763
3	0.00849	0.00439	0.00651	0.00664	0.00667	0.00436	0.00443	0.00664	0.00693	0.00924	0.01091	0.10502	0.01153	0.01737	0.01828	0.75796	0.00423	0.00551	0.00247	0.00241
4	0.01089	0.40529	0.08069	0.00826	0.01164	0.05388	0.00788	0.01294	0.01158	0.01432	0.17931	0.02158	0.14945	0.00713	0.00448	0.00135	0.00464	0.00554	0.00334	0.00579
5	0.01516	0.10154	0.01396	0.00984	0.01355	0.12487	0.00801	0.18915	0.12825	0.08165	0.03797	0.01309	0.01041	0.00542	0.00449	0.00127	0.00514	0.00413	0.00398	0.22810
6	0.01075	0.00793	0.00924	0.00836	0.01032	0.00839	0.00649	0.18028	0.10880	0.04078	0.12733	0.10736	0.11692	0.06414	0.12990	0.00290	0.00541	0.04428	0.00459	0.00584
7	0.00665	0.00470	0.00601	0.00655	0.00727	0.00436	0.00458	0.00811	0.01126	0.01555	0.25747	0.47880	0.09062	0.01335	0.00609	0.00183	0.00271	0.01193	0.05779	0.00436
8	0.01301	0.01395	0.01838	0.04555	0.42687	0.18182	0.09937	0.01561	0.01213	0.01517	0.01387	0.01597	0.09470	0.00557	0.00513	0.00151	0.00660	0.00509	0.00277	0.00692
9	0.01254	0.26968	0.34116	0.01407	0.06516	0.01487	0.09628	0.10028	0.01220	0.01656	0.00894	0.01048	0.00691	0.00472	0.00449	0.00144	0.00665	0.00380	0.00254	0.00726
10	0.01035	0.00764	0.01047	0.13343	0.06146	0.00845	0.00787	0.09675	0.11404	0.01490	0.01341	0.10282	0.01239	0.01411	0.09548	0.27656	0.00576	0.00581	0.00327	0.00503
11	0.01063	0.00554	0.00746	0.00757	0.00884	0.00501	0.00544	0.01181	0.01098	0.22443	0.02573	0.60194	0.02778	0.01325	0.00608	0.00192	0.00330	0.01186	0.00512	0.00533
12	0.00657	0.00498	0.00616	0.00653	0.00756	0.00443	0.00461	0.00790	0.01098	0.01464	0.17106	0.45903	0.19746	0.01342	0.00609	0.00181	0.00280	0.01191	0.00475	0.05731
13	0.09335	0.28716	0.04566	0.00919	0.01322	0.01332	0.00832	0.12944	0.01360	0.29485	0.01310	0.03696	0.00968	0.00568	0.00431	0.00141	0.00490	0.00422	0.00421	0.00742
14	0.05806	0.12038	0.01403	0.01042	0.01358	0.12347	0.00838	0.10711	0.44883	0.01999	0.01538	0.01479	0.01174	0.00610	0.00470	0.00154	0.00507	0.00469	0.00429	0.00744

[dist]
# distance from previous block
# <min> <max>
0	2

[block]
# block no. 1 follows, 49 sequences, length 10
# corresponding to MSA columns:
# 89-98
name=unknown_B
#
# <colnr> <probs for GDERKNQSTAVLIFYWHMCP>
#	G	D	E	R	K	N	Q	S	T	A	V	L	I	F	Y	W	H	M	C	P
0	0.31128	0.01604	0.01260	0.01196	0.07622	0.29680	0.00870	0.17655	0.01409	0.02041	0.00859	0.00971	0.00671	0.00515	0.00420	0.00146	0.00630	0.00345	0.00330	0.00648
1	0.03562	0.01168	0.01686	0.09051	0.09923	0.03195	0.14959	0.22459	0.04965	0.14294	0.01272	0.01421	0.00936	0.00838	0.07750	0.00218	0.00677	0.00494	0.00394	0.00739
2	0.01013	0.00900	0.00768	0.00728	0.00876	0.17246	0.00544	0.01217	0.01301	0.01761	0.35024	0.05534	0.06953	0.00840	0.00504	0.00144	0.00382	0.00699	0.23071	0.00493
3	0.01133	0.00681	0.00780	0.00700	0.00872	0.00722	0.00544	0.15061	0.01248	0.06131	0.01521	0.01860	0.01239	0.06103	0.17956	0.00300	0.00564	0.00501	0.41534	0.00549
4	0.18490	0.01237	0.17556	0.00959	0.01381	0.00911	0.00926	0.04280	0.01241	0.39001	0.01549	0.07866	0.01140	0.00641	0.00475	0.00161	0.00482	0.00507	0.00460	0.00738
5	0.31265	0.00995	0.01053	0.00847	0.01197	0.01037	0.00697	0.17810	0.01415	0.31702	0.01359	0.01311	0.00926	0.00565	0.00430	0.00153	0.00431	0.00413	0.05667	0.00727
6	0.64919	0.00949	0.00851	0.00724	0.01056	0.01037	0.00597	0.01731	0.01007	0.21556	0.01027	0.01046	0.00724	0.00509	0.00362	0.00156	0.00401	0.00332	0.00391	0.00626
7	0.00701	0.00570	0.00779	0.17540	0.01303	0.00577	0.00645	0.00880	0.01112	0.01448	0.17105	0.30032	0.23079	0.01175	0.00594	0.00180	0.00353	0.01034	0.00434	0.00459
8	0.01740	0.00722	0.00933	0.00760	0.01026	0.00648	0.00591	0.01900	0.01237	0.50844	0.01857	0.02081	0.01382	0.17792	0.00919	0.00221	0.00413	0.00550	0.13702	0.00683
9	0.19566	0.01529	0.01337	0.01087	0.01443	0.17728	0.00877	0.45840	0.01863	0.02591	0.01017	0.01069	0.00751	0.00560	0.00455	0.00148	0.00595	0.00390	0.00415	0.00738

[dist]
# distance from previous block
# <min> <max>
1	4

[block]
# block no. 2 follows, 49 sequences, length 10
# corresponding to MSA columns:
# 103-112
name=unknown_C
#
# <colnr> <probs for GDERKNQSTAVLIFYWHMCP>
#	G	D	E	R	K	N	Q	S	T	A	V	L	I	F	Y	W	H	M	C	P
0	0.01431	0.71352	0.02494	0.00906	0.01335	0.01941	0.00878	0.11972	0.01214	0.01465	0.00773	0.00867	0.00678	0.00457	0.00349	0.00114	0.00543	0.00296	0.00256	0.00678
1	0.55953	0.01055	0.06991	0.00791	0.01068	0.01104	0.00702	0.01416	0.00892	0.02019	0.00843	0.01025	0.00673	0.00544	0.00517	0.00160	0.11551	0.00332	0.11811	0.00554
2	0.07771	0.01111	0.15901	0.00869	0.01188	0.00848	0.00825	0.12922	0.01409	0.08099	0.28802	0.02203	0.02277	0.00723	0.00496	0.00152	0.00411	0.00595	0.12778	0.00621
3	0.00731	0.00585	0.00811	0.18626	0.01337	0.00601	0.00656	0.00929	0.01156	0.01542	0.29237	0.18318	0.16116	0.06259	0.00712	0.00193	0.00366	0.00925	0.00435	0.00464
4	0.00801	0.00661	0.00749	0.00754	0.00836	0.06532	0.00549	0.00921	0.00895	0.01168	0.01843	0.08411	0.07683	0.24218	0.37199	0.00550	0.00880	0.04613	0.00320	0.00418
5	0.01506	0.00901	0.06462	0.00846	0.01127	0.00768	0.00702	0.06563	0.07077	0.34138	0.13328	0.02320	0.01866	0.18958	0.00983	0.00233	0.00443	0.00612	0.00499	0.00666
6	0.20691	0.00802	0.00925	0.00754	0.01068	0.00772	0.00615	0.01966	0.01232	0.45295	0.01631	0.01555	0.01104	0.00583	0.00431	0.00148	0.00379	0.00448	0.18897	0.00706
7	0.04811	0.00770	0.00937	0.00771	0.01043	0.00737	0.00619	0.10439	0.01445	0.34119	0.18471	0.02111	0.01954	0.00698	0.00486	0.00148	0.00360	0.00574	0.18828	0.00681
8	0.01947	0.16581	0.01543	0.00971	0.01343	0.01186	0.00831	0.15054	0.01476	0.45514	0.01514	0.01414	0.01025	0.00605	0.00559	0.00151	0.06544	0.00449	0.00497	0.00797
9	0.01046	0.21961	0.01549	0.00941	0.01232	0.03722	0.11910	0.01309	0.05005	0.04762	0.14068	0.07272	0.21591	0.00833	0.00517	0.00153	0.00454	0.00717	0.00388	0.00571

[dist]
# distance from previous block
# <min> <max>
4	50

[block]
# block no. 3 follows, 49 sequences, length 19
# corresponding to MSA columns:
# 163-181
name=unknown_D
#
# <colnr> <probs for GDERKNQSTAVLIFYWHMCP>
#	G	D	E	R	K	N	Q	S	T	A	V	L	I	F	Y	W	H	M	C	P
0	0.00861	0.00451	0.00676	0.00676	0.00687	0.00461	0.00461	0.00687	0.00676	0.00912	0.00933	0.01588	0.00922	0.01989	0.10906	0.75647	0.00544	0.00451	0.00225	0.00246
1	0.01529	0.27193	0.08490	0.01288	0.09441	0.01521	0.03781	0.22037	0.09611	0.08674	0.01149	0.01198	0.00871	0.00528	0.00450	0.00142	0.00555	0.00411	0.00365	0.00765
2	0.01292	0.01089	0.07440	0.01338	0.11969	0.00994	0.06649	0.16964	0.08102	0.10794	0.04856	0.22825	0.01749	0.00848	0.00552	0.00170	0.00489	0.00754	0.00436	0.00690
3	0.00663	0.00480	0.00584	0.00622	0.00685	0.00446	0.00417	0.00766	0.01035	0.01377	0.18355	0.34409	0.15353	0.21173	0.01100	0.00260	0.00324	0.01100	0.00447	0.00401
4	0.00718	0.00529	0.00732	0.00725	0.00829	0.00570	0.00555	0.00902	0.00976	0.01384	0.16425	0.02664	0.10355	0.04711	0.51031	0.00580	0.00953	0.00671	0.04239	0.00451
5	0.01193	0.01141	0.01946	0.18565	0.64073	0.01186	0.01523	0.01500	0.01124	0.01581	0.00941	0.01271	0.00776	0.00461	0.00502	0.00154	0.00615	0.00450	0.00245	0.00754
6	0.01225	0.25526	0.41264	0.01211	0.01776	0.05966	0.01375	0.04783	0.09410	0.01581	0.00977	0.01078	0.00749	0.00496	0.00439	0.00144	0.00652	0.00366	0.00261	0.00720
7	0.19086	0.43767	0.01863	0.00852	0.01244	0.10088	0.00768	0.01525	0.01040	0.01494	0.00743	0.00862	0.00644	0.00441	0.00344	0.00115	0.00523	0.00282	0.00255	0.14065
8	0.00822	0.00685	0.00993	0.00936	0.00999	0.00863	0.00742	0.00978	0.00800	0.01178	0.01185	0.01810	0.01131	0.06019	0.57020	0.00648	0.21937	0.00524	0.00259	0.00472
9	0.01189	0.11183	0.43587	0.01560	0.09952	0.01304	0.09257	0.10216	0.01246	0.01757	0.03483	0.01193	0.00831	0.00499	0.00483	0.00153	0.00681	0.00420	0.00267	0.00739
10	0.00734	0.00899	0.13828	0.00787	0.01036	0.00622	0.03772	0.00961	0.01103	0.01453	0.13953	0.03471	0.36441	0.08664	0.09796	0.00269	0.00505	0.00822	0.00393	0.00490
11	0.01220	0.15109	0.50287	0.01290	0.01883	0.12221	0.01496	0.05103	0.01185	0.01574	0.03586	0.01107	0.00797	0.00504	0.00458	0.00147	0.00711	0.00373	0.00246	0.00705
12	0.00986	0.10063	0.04165	0.00758	0.00986	0.00801	0.00640	0.01370	0.11517	0.07293	0.32997	0.03078	0.12673	0.00896	0.00536	0.00158	0.00344	0.05023	0.05146	0.00570
13	0.01028	0.01232	0.18235	0.01204	0.10162	0.03623	0.00994	0.03274	0.11011	0.04689	0.02209	0.13724	0.13948	0.03541	0.00613	0.00181	0.00491	0.06557	0.00384	0.02901
14	0.11392	0.42006	0.05265	0.01353	0.06132	0.01615	0.22751	0.01546	0.01064	0.01483	0.00816	0.01005	0.00679	0.00438	0.00417	0.00136	0.00623	0.00378	0.00241	0.00659
15	0.01101	0.08416	0.53825	0.01269	0.01879	0.01214	0.01505	0.05543	0.09948	0.01732	0.05020	0.01286	0.00971	0.00531	0.00476	0.00154	0.00642	0.00417	0.00284	0.03787
16	0.11221	0.41140	0.01914	0.00954	0.01328	0.17019	0.00840	0.05777	0.04276	0.09957	0.00940	0.00995	0.00750	0.00494	0.00386	0.00128	0.00580	0.00329	0.00308	0.00665
17	0.76151	0.01003	0.00893	0.00943	0.09891	0.01142	0.00662	0.01494	0.00894	0.02198	0.00732	0.00871	0.00577	0.00467	0.00334	0.00156	0.00415	0.00294	0.00306	0.00577
18	0.03126	0.03096	0.05849	0.01145	0.01472	0.27611	0.03291	0.22043	0.08992	0.05115	0.11864	0.01534	0.01387	0.00627	0.00497	0.00148	0.00628	0.00482	0.00403	0.00688

[dist]
# distance from previous block
# <min> <max>
0	4

[block]
# block no. 4 follows, 49 sequences, length 36
# corresponding to MSA columns:
# 186-221
name=unknown_E
#
# <colnr> <probs for GDERKNQSTAVLIFYWHMCP>
#	G	D	E	R	K	N	Q	S	T	A	V	L	I	F	Y	W	H	M	C	P
0	0.00998	0.01124	0.14447	0.01500	0.22030	0.00910	0.01063	0.01284	0.01167	0.03775	0.22101	0.04434	0.07333	0.00762	0.00654	0.00163	0.09461	0.00634	0.05538	0.00623
1	0.01254	0.16468	0.04569	0.01136	0.03570	0.06175	0.05820	0.03438	0.35631	0.01763	0.05429	0.03794	0.01356	0.00636	0.00529	0.00155	0.03832	0.00516	0.00389	0.03540
2	0.00679	0.00505	0.00528	0.00523	0.00676	0.00442	0.00392	0.00844	0.01176	0.01559	0.15151	0.04150	0.53589	0.01115	0.00552	0.00159	0.00250	0.00933	0.16334	0.00442
3	0.01547	0.25837	0.01694	0.01075	0.01378	0.38049	0.00878	0.05295	0.07180	0.01438	0.06756	0.01230	0.01063	0.00685	0.03717	0.00158	0.00714	0.00387	0.00301	0.00620
4	0.01041	0.08940	0.73518	0.01396	0.02118	0.01240	0.01789	0.01595	0.01064	0.01569	0.00891	0.01047	0.00641	0.00477	0.00468	0.00156	0.00731	0.00365	0.00214	0.00740
5	0.31589	0.01001	0.01338	0.01421	0.19038	0.01040	0.06908	0.01664	0.01089	0.19207	0.01220	0.06910	0.00983	0.00593	0.00501	0.00162	0.03807	0.00481	0.00371	0.00677
6	0.01350	0.01374	0.16308	0.01322	0.01741	0.01106	0.21402	0.16079	0.05541	0.10902	0.01314	0.01660	0.01038	0.12838	0.00833	0.00210	0.00628	0.00533	0.03129	0.00692
7	0.01233	0.01055	0.01116	0.01008	0.01284	0.01213	0.00782	0.04205	0.71756	0.02090	0.02132	0.05225	0.03174	0.00733	0.00521	0.00172	0.00396	0.00615	0.00512	0.00778
8	0.00619	0.00492	0.00557	0.00596	0.00717	0.00431	0.00433	0.00744	0.01110	0.01385	0.08386	0.29173	0.47890	0.01367	0.00617	0.00183	0.00275	0.04123	0.00474	0.00426
9	0.00914	0.00805	0.01324	0.20884	0.19374	0.00841	0.06668	0.01148	0.01050	0.01433	0.01768	0.26027	0.04507	0.02898	0.00607	0.00183	0.00504	0.03560	0.04942	0.00560
10	0.01339	0.04155	0.16985	0.01393	0.03633	0.01217	0.18266	0.10125	0.17520	0.09986	0.05763	0.01543	0.01188	0.00586	0.00570	0.00164	0.03920	0.00521	0.00382	0.00742
11	0.01507	0.00692	0.00928	0.00785	0.01040	0.00618	0.00633	0.01724	0.01403	0.40582	0.31346	0.02836	0.02731	0.00843	0.00552	0.00162	0.00353	0.06785	0.03814	0.00667
12	0.00702	0.00503	0.00576	0.00570	0.00637	0.00476	0.00373	0.00789	0.00991	0.01309	0.19378	0.03814	0.19577	0.44512	0.01656	0.00340	0.00382	0.02636	0.00401	0.00374
13	0.01283	0.10239	0.26358	0.02793	0.10270	0.14868	0.01238	0.10306	0.01345	0.01747	0.13408	0.01491	0.01350	0.00583	0.00484	0.00147	0.00633	0.00461	0.00315	0.00682
14	0.01157	0.21549	0.40310	0.01631	0.16709	0.01386	0.04300	0.01613	0.04026	0.01532	0.00915	0.01083	0.00713	0.00469	0.00452	0.00146	0.00660	0.00379	0.00234	0.00733
15	0.63228	0.01044	0.01131	0.01276	0.18675	0.01155	0.03935	0.01507	0.00940	0.02103	0.00773	0.00941	0.00614	0.00463	0.00367	0.00156	0.00457	0.00327	0.00296	0.00610
16	0.01157	0.00936	0.01289	0.15886	0.10965	0.01060	0.00989	0.19251	0.03871	0.01782	0.01297	0.01909	0.01142	0.04201	0.21022	0.01391	0.04099	0.06795	0.00339	0.00620
17	0.02108	0.01036	0.01267	0.00975	0.01362	0.01013	0.00804	0.27722	0.01749	0.51149	0.01720	0.01555	0.01121	0.00618	0.00503	0.00154	0.00467	0.00489	0.03342	0.00848
18	0.01205	0.00997	0.01131	0.00840	0.01267	0.00869	0.00675	0.13273	0.08563	0.01932	0.01058	0.01154	0.00842	0.00440	0.00408	0.00096	0.00405	0.00350	0.00352	0.64144
19	0.01495	0.23536	0.06061	0.03914	0.04327	0.37369	0.00974	0.01766	0.06757	0.01335	0.01208	0.01299	0.06825	0.00563	0.00441	0.00134	0.00696	0.00398	0.00279	0.00622
20	0.85801	0.00978	0.00743	0.00665	0.00978	0.01134	0.00548	0.01486	0.00861	0.02269	0.00704	0.00821	0.00548	0.00469	0.00313	0.00156	0.00391	0.00274	0.00313	0.00548
21	0.00679	0.00515	0.00625	0.00598	0.00733	0.00462	0.00448	0.00883	0.01345	0.01823	0.55952	0.04115	0.27754	0.01110	0.00597	0.00163	0.00244	0.00962	0.00530	0.00462
22	0.00810	0.00474	0.00669	0.00669	0.00689	0.00494	0.00452	0.00731	0.00711	0.00968	0.01149	0.02044	0.01185	0.20621	0.19772	0.46830	0.00657	0.00530	0.00251	0.00292
23	0.00621	0.00479	0.00568	0.00618	0.00716	0.00426	0.00436	0.00744	0.01101	0.01414	0.13247	0.40941	0.34093	0.01392	0.00620	0.00186	0.00271	0.01222	0.00480	0.00426
24	0.85801	0.00978	0.00743	0.00665	0.00978	0.01134	0.00548	0.01486	0.00861	0.02269	0.00704	0.00821	0.00548	0.00469	0.00313	0.00156	0.00391	0.00274	0.00313	0.00548
25	0.85801	0.00978	0.00743	0.00665	0.00978	0.01134	0.00548	0.01486	0.00861	0.02269	0.00704	0.00821	0.00548	0.00469	0.00313	0.00156	0.00391	0.00274	0.00313	0.00548
26	0.01275	0.01495	0.13192	0.01328	0.07034	0.15628	0.08947	0.01906	0.23387	0.04706	0.11058	0.01834	0.04679	0.00646	0.00519	0.00158	0.00583	0.00551	0.00384	0.00688
27	0.01235	0.01184	0.02056	0.02931	0.70567	0.01178	0.06858	0.01542	0.01151	0.01659	0.00984	0.01285	0.00818	0.00454	0.00502	0.00150	0.00604	0.00462	0.03601	0.00780
28	0.00723	0.00539	0.00797	0.00797	0.00882	0.00624	0.00613	0.00893	0.00808	0.01162	0.01369	0.02064	0.01298	0.08405	0.75658	0.00794	0.01304	0.00553	0.00273	0.00443
29	0.01217	0.01190	0.01997	0.07744	0.30411	0.01233	0.21586	0.01885	0.23784	0.01754	0.01292	0.01475	0.01001	0.00517	0.00531	0.00163	0.00614	0.00525	0.00328	0.00752
30	0.00690	0.00488	0.00568	0.00585	0.00631	0.00464	0.00370	0.00756	0.00931	0.01230	0.12228	0.18334	0.14040	0.44589	0.01663	0.00347	0.00386	0.00940	0.00393	0.00366
31	0.01308	0.00658	0.00808	0.00689	0.00945	0.00565	0.00545	0.01479	0.01311	0.33935	0.13252	0.03418	0.37085	0.00977	0.00560	0.00163	0.00326	0.00815	0.00546	0.00614
32	0.01598	0.04997	0.13077	0.15158	0.01973	0.25718	0.01167	0.24168	0.01570	0.04430	0.00985	0.01123	0.00735	0.00538	0.00480	0.00148	0.00710	0.00397	0.00330	0.00698
33	0.00754	0.00592	0.00761	0.00719	0.00875	0.00570	0.00560	0.00945	0.01120	0.01552	0.24516	0.07075	0.16884	0.01691	0.19214	0.00313	0.03246	0.06877	0.00418	0.11319
34	0.01174	0.29609	0.38822	0.01556	0.16297	0.01461	0.01467	0.01562	0.01070	0.01470	0.00846	0.01015	0.00673	0.00459	0.00431	0.00141	0.00649	0.00353	0.00221	0.00724
35	0.01217	0.07406	0.01787	0.27189	0.37405	0.01164	0.01318	0.01504	0.01109	0.06698	0.00981	0.01262	0.00775	0.00472	0.00478	0.00147	0.00589	0.00427	0.00269	0.07804

[dist]
# distance from previous block
# <min> <max>
5	8

[block]
# block no. 5 follows, 49 sequences, length 56
# corresponding to MSA columns:
# 230-285
name=unknown_F
#
# <colnr> <probs for GDERKNQSTAVLIFYWHMCP>
#	G	D	E	R	K	N	Q	S	T	A	V	L	I	F	Y	W	H	M	C	P
0	0.01519	0.01415	0.01268	0.01168	0.04723	0.21304	0.00878	0.15902	0.28945	0.05472	0.01762	0.01874	0.06302	0.00693	0.00512	0.00159	0.00563	0.04389	0.00436	0.00718
1	0.00721	0.00504	0.00624	0.00624	0.00664	0.00516	0.00407	0.00794	0.00846	0.01155	0.09440	0.06041	0.04690	0.50289	0.20081	0.00510	0.00648	0.00746	0.00335	0.00365
2	0.01341	0.54689	0.16004	0.01166	0.06853	0.09791	0.01100	0.01584	0.01085	0.01299	0.00764	0.00897	0.00658	0.00451	0.00377	0.00122	0.00619	0.00307	0.00223	0.00670
3	0.00865	0.00556	0.00671	0.00631	0.00779	0.00524	0.00477	0.01141	0.05271	0.06860	0.43326	0.06863	0.12970	0.00965	0.00545	0.00156	0.00263	0.00833	0.15796	0.00508
4	0.01478	0.00753	0.00933	0.00785	0.01063	0.00696	0.00624	0.01838	0.11997	0.37442	0.16860	0.02809	0.18847	0.00852	0.00545	0.00162	0.00353	0.00714	0.00564	0.00687
5	0.00969	0.00737	0.00806	0.00762	0.00937	0.00777	0.00582	0.06674	0.22815	0.01742	0.06015	0.03232	0.17093	0.14895	0.00893	0.00226	0.00381	0.10025	0.09887	0.00553
6	0.06437	0.00542	0.00599	0.00590	0.00731	0.00531	0.00439	0.01233	0.01070	0.10813	0.01905	0.21193	0.01740	0.00827	0.00440	0.00146	0.00282	0.00697	0.49279	0.00507
7	0.13264	0.01077	0.01156	0.00931	0.01291	0.09061	0.00755	0.05680	0.06673	0.52351	0.01667	0.01506	0.01098	0.00598	0.00477	0.00155	0.00478	0.00460	0.00533	0.00786
8	0.01156	0.01104	0.01879	0.28277	0.54650	0.01176	0.01504	0.01468	0.01106	0.01536	0.00934	0.01283	0.00760	0.00468	0.00502	0.00156	0.00624	0.00450	0.00242	0.00724
9	0.01280	0.01292	0.01156	0.01002	0.01274	0.23701	0.03363	0.08888	0.05835	0.01613	0.01466	0.22357	0.01462	0.00778	0.00498	0.00142	0.00544	0.00648	0.00364	0.22335
10	0.01242	0.01229	0.02212	0.02937	0.65948	0.01215	0.14550	0.01564	0.01159	0.01646	0.00964	0.01271	0.00795	0.00446	0.00517	0.00154	0.00644	0.00476	0.00251	0.00781
11	0.85801	0.00978	0.00743	0.00665	0.00978	0.01134	0.00548	0.01486	0.00861	0.02269	0.00704	0.00821	0.00548	0.00469	0.00313	0.00156	0.00391	0.00274	0.00313	0.00548
12	0.85801	0.00978	0.00743	0.00665	0.00978	0.01134	0.00548	0.01486	0.00861	0.02269	0.00704	0.00821	0.00548	0.00469	0.00313	0.00156	0.00391	0.00274	0.00313	0.00548
13	0.16358	0.00673	0.00767	0.00709	0.00920	0.00662	0.00557	0.01487	0.01123	0.23548	0.01889	0.18206	0.01692	0.00843	0.00476	0.00162	0.00348	0.06500	0.22498	0.00581
14	0.00977	0.00891	0.01200	0.01056	0.01056	0.01178	0.00826	0.01048	0.00761	0.01134	0.00989	0.01877	0.01075	0.29349	0.01979	0.00315	0.53025	0.00545	0.00251	0.00467
15	0.00615	0.00446	0.00581	0.00689	0.00730	0.00412	0.00463	0.00706	0.00983	0.01297	0.02969	0.75899	0.09227	0.01561	0.00642	0.00203	0.00290	0.01409	0.00469	0.00412
16	0.00638	0.00514	0.00568	0.00555	0.00708	0.00444	0.00416	0.00804	0.01248	0.01592	0.30324	0.04494	0.53526	0.01196	0.00597	0.00167	0.00250	0.01015	0.00499	0.00444
17	0.01247	0.12127	0.02019	0.09360	0.56395	0.04231	0.01399	0.01524	0.01134	0.01538	0.00970	0.01349	0.00841	0.00490	0.00483	0.00148	0.00606	0.03149	0.00252	0.00740
18	0.01102	0.00926	0.01008	0.00915	0.01156	0.01037	0.00707	0.02194	0.56586	0.02073	0.21605	0.02448	0.04488	0.00791	0.00538	0.00168	0.00355	0.00672	0.00524	0.00708
19	0.13486	0.00954	0.01170	0.00969	0.06654	0.00808	0.04458	0.01341	0.01035	0.01738	0.00880	0.01045	0.00724	0.00396	0.00385	0.00097	0.00416	0.00321	0.00296	0.62825
20	0.40592	0.01687	0.01147	0.01101	0.05295	0.39623	0.00808	0.01749	0.01154	0.01735	0.00755	0.00888	0.00611	0.00494	0.00392	0.00143	0.00655	0.00308	0.00284	0.00579
21	0.56049	0.19536	0.04444	0.00797	0.01150	0.08190	0.00710	0.01544	0.00956	0.01909	0.00719	0.00837	0.00583	0.00466	0.00335	0.00143	0.00485	0.00282	0.00283	0.00582
22	0.01549	0.01646	0.01311	0.01160	0.01397	0.36971	0.00901	0.14745	0.10438	0.01661	0.01100	0.01287	0.00903	0.01174	0.14966	0.00269	0.07132	0.00425	0.00331	0.00631
23	0.00647	0.00514	0.00580	0.00564	0.00713	0.00448	0.00423	0.00820	0.01268	0.01640	0.35637	0.04415	0.48183	0.01178	0.00597	0.00166	0.00249	0.01004	0.00506	0.00448
24	0.00797	0.00522	0.00670	0.00661	0.00783	0.00473	0.00485	0.00976	0.01268	0.07896	0.42318	0.25706	0.13153	0.01186	0.00603	0.00173	0.00271	0.01048	0.00527	0.00483
25	0.00655	0.00515	0.00592	0.00573	0.00718	0.00451	0.00429	0.00837	0.01288	0.01688	0.40946	0.04337	0.42845	0.01161	0.00597	0.00165	0.00248	0.00993	0.00512	0.00451
26	0.06883	0.00689	0.00868	0.00729	0.00979	0.00634	0.00580	0.01673	0.01351	0.35540	0.29906	0.02437	0.02497	0.00760	0.00507	0.00152	0.00331	0.00637	0.12202	0.00647
27	0.00655	0.00475	0.00618	0.00665	0.00739	0.00438	0.00468	0.00806	0.01166	0.01593	0.33628	0.45847	0.08331	0.01344	0.00623	0.00185	0.00269	0.01205	0.00505	0.00438
28	0.00748	0.00574	0.00842	0.00828	0.00906	0.00681	0.00640	0.00912	0.00805	0.01163	0.01327	0.02021	0.01265	0.09023	0.69817	0.00752	0.06428	0.00549	0.00270	0.00448
29	0.01330	0.77402	0.07591	0.00902	0.01355	0.01948	0.00930	0.01520	0.01030	0.01216	0.00716	0.00828	0.00648	0.00436	0.00334	0.00111	0.00554	0.00277	0.00216	0.00655
30	0.01014	0.02616	0.79609	0.01441	0.02189	0.01174	0.01868	0.01601	0.01068	0.01601	0.00907	0.01068	0.00641	0.00480	0.00480	0.00160	0.00747	0.00374	0.00214	0.00747
31	0.05194	0.02016	0.46919	0.01249	0.01806	0.03784	0.01411	0.06831	0.19113	0.01856	0.01210	0.01282	0.00886	0.00542	0.00477	0.00160	0.00623	0.00422	0.03478	0.00742
32	0.01179	0.01127	0.01921	0.22172	0.60574	0.01182	0.01516	0.01488	0.01117	0.01564	0.00938	0.01275	0.00770	0.00464	0.00502	0.00155	0.00619	0.00450	0.00244	0.00742
33	0.28604	0.10312	0.40734	0.01121	0.01661	0.06669	0.01275	0.01584	0.01021	0.01750	0.00812	0.00951	0.00612	0.00475	0.00408	0.00152	0.00622	0.00327	0.00249	0.00661
34	0.01179	0.01320	0.02738	0.01993	0.02417	0.01325	0.64183	0.01551	0.01122	0.01551	0.00961	0.01320	0.00750	0.00505	0.00779	0.00179	0.14648	0.00570	0.00250	0.00660
35	0.01476	0.44458	0.02004	0.00974	0.01332	0.17570	0.00859	0.13294	0.01364	0.01604	0.09677	0.01231	0.01151	0.00546	0.00410	0.00125	0.00584	0.00383	0.00309	0.00649
36	0.01360	0.01098	0.01741	0.24538	0.40482	0.01162	0.01352	0.09409	0.01274	0.11060	0.01089	0.01331	0.00826	0.00503	0.00503	0.00156	0.00596	0.00458	0.00315	0.00747
37	0.50140	0.00983	0.00901	0.00786	0.01095	0.01102	0.00635	0.05231	0.18022	0.09856	0.03954	0.01364	0.02932	0.00578	0.00402	0.00160	0.00396	0.00412	0.00409	0.00643
38	0.01664	0.10017	0.04257	0.01235	0.01541	0.51921	0.04390	0.06244	0.05963	0.01477	0.05872	0.01186	0.00984	0.00554	0.00465	0.00136	0.00773	0.00394	0.00302	0.00624
39	0.01816	0.01155	0.01277	0.00998	0.01351	0.01233	0.00818	0.50950	0.01986	0.16547	0.01428	0.01420	0.01005	0.00607	0.00480	0.00147	0.00479	0.00468	0.15044	0.00793
40	0.01029	0.00954	0.01594	0.31425	0.37222	0.01032	0.01305	0.01305	0.01067	0.01455	0.01259	0.15657	0.01207	0.00673	0.00528	0.00167	0.00573	0.00626	0.00280	0.00643
41	0.01083	0.04677	0.01186	0.01272	0.14486	0.09809	0.00854	0.01555	0.18348	0.01618	0.06521	0.07992	0.13252	0.00909	0.00555	0.00173	0.00473	0.14216	0.00411	0.00611
42	0.01844	0.00976	0.01119	0.00912	0.01237	0.06277	0.00733	0.06486	0.12918	0.46231	0.09780	0.01882	0.01597	0.00667	0.00507	0.00155	0.00436	0.00542	0.04928	0.00773
43	0.02149	0.00843	0.01127	0.00877	0.01247	0.00743	0.00720	0.02389	0.04067	0.71781	0.01975	0.01737	0.01265	0.00626	0.00499	0.00155	0.00417	0.00508	0.06042	0.00833
44	0.00636	0.00454	0.00576	0.00664	0.00697	0.00426	0.00435	0.00711	0.00938	0.01240	0.02722	0.62764	0.07922	0.16124	0.00990	0.00255	0.00327	0.01287	0.00440	0.00393
45	0.01643	0.04175	0.01371	0.01174	0.06353	0.11155	0.05843	0.02127	0.18552	0.30203	0.07789	0.04490	0.01508	0.00660	0.00513	0.00157	0.00508	0.00556	0.00479	0.00742
46	0.00694	0.00473	0.00564	0.00605	0.00615	0.00463	0.00363	0.00724	0.00816	0.01088	0.02009	0.30648	0.02362	0.54175	0.01903	0.00391	0.00422	0.00980	0.00363	0.00343
47	0.02203	0.00966	0.01239	0.00950	0.01344	0.00900	0.00785	0.16710	0.01624	0.64929	0.01846	0.01625	0.01177	0.00622	0.00508	0.00156	0.00454	0.00498	0.00603	0.00860
48	0.01108	0.07486	0.48631	0.01864	0.23696	0.01257	0.01673	0.01562	0.01073	0.01568	0.00893	0.01104	0.00687	0.00490	0.00537	0.00157	0.04851	0.00392	0.00224	0.00746
49	0.00824	0.01154	0.22999	0.01016	0.01286	0.00832	0.01004	0.01116	0.00882	0.01296	0.01193	0.01683	0.01058	0.02711	0.53754	0.00599	0.05311	0.00489	0.00252	0.00540
50	0.00630	0.00450	0.00603	0.00720	0.00755	0.00423	0.00493	0.00728	0.00982	0.01306	0.02779	0.76636	0.03314	0.01571	0.00649	0.00207	0.00305	0.06564	0.00469	0.00415
51	0.01704	0.00857	0.01067	0.00880	0.01148	0.04837	0.00704	0.01883	0.01301	0.46635	0.12977	0.02099	0.03119	0.05480	0.06910	0.00230	0.06373	0.00578	0.00519	0.00698
52	0.01406	0.06842	0.23708	0.01348	0.01833	0.04800	0.16826	0.11233	0.08216	0.12488	0.01239	0.01402	0.00922	0.04743	0.00611	0.00174	0.00651	0.00476	0.00349	0.00732
53	0.16667	0.01536	0.01561	0.01253	0.01603	0.21704	0.13966	0.27413	0.01587	0.02152	0.01060	0.05257	0.00863	0.00580	0.00481	0.00153	0.00656	0.00464	0.00363	0.00680
54	0.64317	0.06272	0.00984	0.00763	0.01091	0.01249	0.00634	0.10157	0.07063	0.02291	0.00867	0.00948	0.00667	0.00499	0.00351	0.00154	0.00420	0.00317	0.00344	0.00609
55	0.08638	0.05856	0.01142	0.00924	0.01101	0.00813	0.10270	0.01089	0.00912	0.01371	0.01379	0.02242	0.01327	0.13744	0.35445	0.00493	0.00890	0.07212	0.04668	0.00483

[dist]
# distance from previous block
# <min> <max>
0	4

# created by:
# /home/cegg/simao/soft/augustus-3.2.1/scripts/msa2prfl.pl ./align_prep/26001.fa
