[name]
unknown

[dist]
# distance from previous block
# <min> <max>
0	135

[block]
# block no. 0 follows, 46 sequences, length 48
# corresponding to MSA columns:
# 135-145,155-191
name=unknown_A
#
# <colnr> <probs for GDERKNQSTAVLIFYWHMCP>
#	G	D	E	R	K	N	Q	S	T	A	V	L	I	F	Y	W	H	M	C	P
0	0.00956	0.00611	0.00829	0.00912	0.01050	0.00604	0.00787	0.01198	0.01220	0.06054	0.02624	0.05225	0.02732	0.01309	0.00674	0.00224	0.00455	0.61059	0.10968	0.00511
1	0.01259	0.00715	0.00876	0.00806	0.01005	0.00677	0.00604	0.10653	0.01341	0.21243	0.02824	0.34051	0.14667	0.05809	0.00728	0.00206	0.00383	0.01022	0.00527	0.00604
2	0.01356	0.00990	0.01102	0.00959	0.01205	0.01091	0.00749	0.28375	0.18349	0.02292	0.01720	0.11582	0.01483	0.01177	0.08130	0.05977	0.00538	0.00641	0.11597	0.00687
3	0.00741	0.00576	0.00656	0.00653	0.00799	0.00526	0.00481	0.05351	0.01303	0.01682	0.21058	0.22524	0.39106	0.01313	0.00631	0.00183	0.00292	0.01132	0.00514	0.00481
4	0.00998	0.00940	0.01586	0.80150	0.03641	0.01175	0.01468	0.01351	0.01057	0.01351	0.00940	0.01409	0.00705	0.00529	0.00529	0.00176	0.00705	0.00470	0.00235	0.00587
5	0.01130	0.01079	0.01796	0.37272	0.25558	0.01171	0.06473	0.01449	0.01107	0.01532	0.00952	0.01326	0.00761	0.00508	0.00577	0.00161	0.04725	0.00460	0.00255	0.11710
6	0.05008	0.01058	0.01257	0.00979	0.01360	0.01054	0.00805	0.27358	0.01779	0.42475	0.01725	0.01605	0.01149	0.00638	0.00507	0.00158	0.00472	0.00500	0.09268	0.00846
7	0.01625	0.21609	0.01718	0.01152	0.01482	0.32614	0.00933	0.04584	0.25804	0.01642	0.01241	0.01266	0.00988	0.00580	0.00464	0.00145	0.00673	0.00413	0.00355	0.00710
8	0.00722	0.00548	0.00672	0.00676	0.00815	0.00498	0.00526	0.00929	0.01342	0.01784	0.39648	0.06478	0.28675	0.01243	0.00643	0.00184	0.00296	0.13308	0.00534	0.00478
9	0.00884	0.15984	0.01147	0.00793	0.00932	0.00896	0.00623	0.01022	0.00872	0.01180	0.01348	0.02185	0.01348	0.22431	0.45380	0.00626	0.01031	0.00562	0.00282	0.00474
10	0.01413	0.81739	0.02770	0.00905	0.01357	0.02092	0.00905	0.01583	0.01074	0.01244	0.00735	0.00848	0.00678	0.00452	0.00339	0.00113	0.00565	0.00283	0.00226	0.00678
11	0.00658	0.00471	0.00626	0.00727	0.00770	0.00439	0.00492	0.00771	0.01076	0.01452	0.12849	0.70850	0.03694	0.01580	0.00668	0.00208	0.00299	0.01430	0.00503	0.00439
12	0.00715	0.00498	0.00610	0.00648	0.00686	0.00478	0.00415	0.00793	0.00990	0.01335	0.14584	0.32219	0.05434	0.36420	0.01546	0.00336	0.00386	0.01081	0.00431	0.00394
13	0.13032	0.03812	0.12421	0.01091	0.01539	0.01269	0.01003	0.26902	0.08169	0.23387	0.01435	0.01385	0.00989	0.00603	0.00494	0.00162	0.00537	0.00458	0.00484	0.00827
14	0.00919	0.00650	0.00819	0.00866	0.01029	0.00637	0.00720	0.01245	0.08479	0.06016	0.03295	0.09653	0.20156	0.01327	0.00673	0.00216	0.00417	0.41852	0.00503	0.00531
15	0.01387	0.01395	0.02674	0.01942	0.02430	0.01362	0.56474	0.17896	0.01507	0.02035	0.01195	0.04935	0.00943	0.00541	0.00605	0.00176	0.00798	0.00631	0.00334	0.00741
16	0.01380	0.17225	0.14392	0.01614	0.05569	0.07680	0.23153	0.03447	0.01191	0.05966	0.00969	0.01200	0.00765	0.00553	0.00691	0.00166	0.12595	0.00458	0.00276	0.00710
17	0.01187	0.00718	0.00699	0.00660	0.00822	0.07276	0.00498	0.01405	0.01219	0.11219	0.08819	0.09176	0.01820	0.00751	0.00449	0.00141	0.00338	0.00618	0.51638	0.00548
18	0.01975	0.02520	0.01498	0.01362	0.01634	0.79299	0.01021	0.02111	0.01498	0.01294	0.00817	0.00953	0.00681	0.00545	0.00477	0.00136	0.00953	0.00340	0.00272	0.00613
19	0.01089	0.00786	0.00916	0.00871	0.01021	0.00819	0.00642	0.23514	0.01430	0.01909	0.02208	0.39297	0.02427	0.14348	0.00964	0.00248	0.00435	0.06045	0.00474	0.00557
20	0.00757	0.00581	0.00719	0.00701	0.00845	0.00561	0.00539	0.01039	0.05668	0.01791	0.39459	0.04019	0.23080	0.01535	0.11061	0.00266	0.00435	0.05933	0.00510	0.00500
21	0.07446	0.02032	0.01258	0.01151	0.01399	0.59003	0.00867	0.01906	0.01383	0.01496	0.00984	0.01140	0.00802	0.00555	0.00446	0.00136	0.00782	0.00366	0.16261	0.00587
22	0.00674	0.00482	0.00644	0.00742	0.00793	0.00452	0.00517	0.00800	0.01099	0.01481	0.14111	0.64432	0.03689	0.01557	0.00671	0.00209	0.00310	0.06392	0.00504	0.00444
23	0.00996	0.00837	0.00981	0.00751	0.01136	0.00650	0.00598	0.01221	0.01155	0.01724	0.09456	0.02064	0.10146	0.00619	0.00457	0.00106	0.00367	0.03775	0.00369	0.62593
24	0.01060	0.02735	0.78682	0.01507	0.02288	0.01228	0.01953	0.01674	0.01116	0.01674	0.00949	0.01116	0.00670	0.00502	0.00502	0.00167	0.00781	0.00391	0.00223	0.00781
25	0.01975	0.02520	0.01498	0.01362	0.01634	0.79299	0.01021	0.02111	0.01498	0.01294	0.00817	0.00953	0.00681	0.00545	0.00477	0.00136	0.00953	0.00340	0.00272	0.00613
26	0.00755	0.00566	0.00850	0.00850	0.00944	0.00661	0.00661	0.00944	0.00850	0.01227	0.01416	0.02077	0.01322	0.03965	0.79326	0.00850	0.01416	0.00566	0.00283	0.00472
27	0.01339	0.01512	0.01984	0.01617	0.05284	0.23387	0.31563	0.02765	0.01380	0.01670	0.15663	0.01974	0.06129	0.00650	0.00576	0.00163	0.00735	0.00625	0.00345	0.00637
28	0.00809	0.00626	0.00918	0.00955	0.01095	0.00602	0.05849	0.01022	0.01178	0.01525	0.03042	0.19972	0.12904	0.01413	0.00698	0.00225	0.00451	0.45756	0.00473	0.00486
29	0.01227	0.04749	0.02018	0.24504	0.54018	0.01271	0.01548	0.01545	0.01157	0.01601	0.00968	0.01316	0.00793	0.00486	0.00517	0.00160	0.00647	0.00462	0.00253	0.00761
30	0.00755	0.00566	0.00850	0.00850	0.00944	0.00661	0.00661	0.00944	0.00850	0.01227	0.01416	0.02077	0.01322	0.03965	0.79326	0.00850	0.01416	0.00566	0.00283	0.00472
31	0.00756	0.00565	0.00841	0.00841	0.00932	0.00656	0.00650	0.00938	0.00847	0.01221	0.01424	0.02122	0.01341	0.06492	0.76826	0.00839	0.01387	0.00573	0.00284	0.00467
32	0.00766	0.00523	0.00631	0.00631	0.00650	0.00542	0.00389	0.00804	0.00785	0.01066	0.01616	0.03182	0.01802	0.65881	0.18066	0.00580	0.00694	0.00728	0.00313	0.00351
33	0.00759	0.00551	0.00769	0.00769	0.00836	0.00617	0.00561	0.00893	0.00826	0.01168	0.01489	0.02483	0.01498	0.26730	0.56802	0.00751	0.01150	0.00626	0.00294	0.00427
34	0.01165	0.01162	0.01650	0.01495	0.05801	0.01598	0.01183	0.01292	0.00832	0.01298	0.00711	0.01165	0.00702	0.00899	0.01665	0.00227	0.75862	0.00463	0.00233	0.00593
35	0.01662	0.06925	0.01275	0.05501	0.01390	0.01001	0.00800	0.17185	0.03787	0.30299	0.01970	0.22377	0.01725	0.00892	0.00554	0.00173	0.00462	0.00755	0.00526	0.00740
36	0.00677	0.00488	0.00644	0.00736	0.00796	0.00456	0.00519	0.00807	0.01111	0.01489	0.14258	0.59485	0.07193	0.01538	0.00669	0.00208	0.00312	0.07664	0.00504	0.00446
37	0.01887	0.01420	0.01517	0.01191	0.01593	0.01582	0.00975	0.63336	0.15710	0.03133	0.01426	0.01394	0.01026	0.00649	0.00530	0.00162	0.00553	0.00498	0.00530	0.00888
38	0.00918	0.00459	0.00689	0.00689	0.00689	0.00459	0.00459	0.00689	0.00689	0.00918	0.00918	0.01607	0.00918	0.01837	0.02066	0.84619	0.00459	0.00459	0.00230	0.00230
39	0.01100	0.00951	0.01143	0.00817	0.01288	0.00719	0.02389	0.01340	0.01100	0.01722	0.00943	0.01104	0.00783	0.00393	0.00397	0.00081	0.00403	0.00320	0.00312	0.82695
40	0.01368	0.01334	0.02438	0.01800	0.02231	0.01354	0.46401	0.18937	0.01468	0.02000	0.01129	0.01441	0.00872	0.00883	0.08819	0.00246	0.05655	0.00574	0.00328	0.00723
41	0.00651	0.00465	0.00622	0.00744	0.00778	0.00436	0.00503	0.00749	0.01019	0.01358	0.02910	0.78442	0.03481	0.01649	0.00677	0.00216	0.00313	0.04065	0.00491	0.00431
42	0.01324	0.01061	0.01265	0.01060	0.01365	0.01113	0.05108	0.24163	0.21447	0.02254	0.03383	0.20212	0.01758	0.00864	0.00556	0.00168	0.00462	0.00747	0.00481	0.11211
43	0.01406	0.08343	0.02049	0.06863	0.01989	0.14606	0.25045	0.09347	0.08536	0.01708	0.01171	0.01564	0.00975	0.05236	0.00752	0.00188	0.06494	0.02728	0.00322	0.00676
44	0.00694	0.00533	0.00635	0.00621	0.00759	0.00474	0.00462	0.00888	0.01350	0.01801	0.44882	0.10115	0.32431	0.01221	0.00628	0.00174	0.00261	0.01057	0.00541	0.00474
45	0.02133	0.00917	0.01205	0.00959	0.01334	0.00840	0.00791	0.06816	0.06096	0.61838	0.04450	0.02129	0.01535	0.00725	0.00548	0.00170	0.00452	0.05582	0.00626	0.00855
46	0.01063	0.01677	0.32231	0.01289	0.01731	0.01147	0.07572	0.01683	0.15414	0.01773	0.12146	0.01972	0.06716	0.00727	0.00695	0.00179	0.10347	0.00586	0.00355	0.00699
47	0.10933	0.59224	0.02338	0.00947	0.01366	0.09303	0.00886	0.07122	0.01199	0.01529	0.00782	0.00890	0.00683	0.00479	0.00365	0.00124	0.00586	0.00303	0.00264	0.00676

[dist]
# distance from previous block
# <min> <max>
0	3

[block]
# block no. 1 follows, 46 sequences, length 16
# corresponding to MSA columns:
# 195-210
name=unknown_B
#
# <colnr> <probs for GDERKNQSTAVLIFYWHMCP>
#	G	D	E	R	K	N	Q	S	T	A	V	L	I	F	Y	W	H	M	C	P
0	0.04439	0.06440	0.06734	0.07421	0.12111	0.10414	0.11578	0.12285	0.07669	0.01845	0.01078	0.01296	0.00854	0.00700	0.03766	0.00191	0.07103	0.00463	0.00320	0.03293
1	0.62160	0.01270	0.01014	0.01017	0.07308	0.12874	0.00736	0.01700	0.04509	0.02152	0.00834	0.00960	0.00658	0.00508	0.00375	0.00160	0.00508	0.00323	0.00323	0.00612
2	0.01375	0.01388	0.01948	0.07242	0.51187	0.12387	0.04847	0.04625	0.01265	0.01666	0.01016	0.01363	0.00860	0.03283	0.03140	0.00190	0.00711	0.00472	0.00275	0.00758
3	0.00830	0.00637	0.00749	0.00695	0.00873	0.00585	0.00523	0.07202	0.01390	0.01875	0.33279	0.15801	0.24573	0.01150	0.00605	0.00170	0.00303	0.00994	0.00516	0.07250
4	0.00920	0.00553	0.00618	0.00594	0.00730	0.00549	0.00448	0.01250	0.06276	0.02041	0.29651	0.02696	0.02704	0.00793	0.00474	0.00143	0.00259	0.00669	0.48114	0.00518
5	0.85155	0.01022	0.00777	0.00695	0.01022	0.01186	0.00573	0.01554	0.00900	0.02372	0.00736	0.00859	0.00573	0.00491	0.00327	0.00164	0.00409	0.00286	0.00327	0.00573
6	0.00755	0.00566	0.00850	0.00850	0.00944	0.00661	0.00661	0.00944	0.00850	0.01227	0.01416	0.02077	0.01322	0.03965	0.79326	0.00850	0.01416	0.00566	0.00283	0.00472
7	0.01323	0.00980	0.01107	0.00944	0.01211	0.01052	0.00744	0.21722	0.23643	0.05941	0.32061	0.02564	0.02753	0.00837	0.00569	0.00168	0.00396	0.00705	0.00558	0.00722
8	0.00688	0.00491	0.00664	0.00786	0.00836	0.00467	0.00567	0.00812	0.01055	0.01398	0.02890	0.65283	0.03401	0.01615	0.00686	0.00221	0.00345	0.16864	0.00490	0.00441
9	0.41640	0.01027	0.01056	0.00857	0.01229	0.01073	0.00707	0.10829	0.01337	0.33443	0.01348	0.01290	0.00911	0.00574	0.00434	0.00163	0.00446	0.00409	0.00484	0.00744
10	0.01308	0.01256	0.02146	0.03245	0.78123	0.01256	0.01622	0.01622	0.01204	0.01727	0.00994	0.01308	0.00837	0.00471	0.00523	0.00157	0.00628	0.00471	0.00262	0.00837
11	0.00647	0.00483	0.00604	0.00699	0.00767	0.00440	0.00484	0.00754	0.01064	0.01376	0.03470	0.60869	0.20566	0.01576	0.00665	0.00207	0.00304	0.04098	0.00491	0.00435
12	0.01060	0.02735	0.78682	0.01507	0.02288	0.01228	0.01953	0.01674	0.01116	0.01674	0.00949	0.01116	0.00670	0.00502	0.00502	0.00167	0.00781	0.00391	0.00223	0.00781
13	0.01194	0.27990	0.48083	0.01279	0.01916	0.01512	0.01527	0.01736	0.07197	0.01579	0.00976	0.01099	0.00748	0.00503	0.00453	0.00151	0.00683	0.00373	0.00249	0.00753
14	0.01216	0.37651	0.45132	0.01241	0.01877	0.01610	0.01490	0.01634	0.01098	0.01484	0.00854	0.00998	0.00674	0.00480	0.00430	0.00143	0.00686	0.00343	0.00225	0.00736
15	0.01588	0.17666	0.07916	0.01366	0.09137	0.29706	0.01068	0.12888	0.01489	0.01722	0.06142	0.01412	0.04520	0.00600	0.00480	0.00143	0.00698	0.00442	0.00327	0.00689

[dist]
# distance from previous block
# <min> <max>
1	5

[block]
# block no. 2 follows, 46 sequences, length 56
# corresponding to MSA columns:
# 216-242,272-300
name=unknown_C
#
# <colnr> <probs for GDERKNQSTAVLIFYWHMCP>
#	G	D	E	R	K	N	Q	S	T	A	V	L	I	F	Y	W	H	M	C	P
0	0.01224	0.01159	0.01569	0.16378	0.26287	0.07522	0.01183	0.06015	0.01201	0.01631	0.01125	0.07105	0.01010	0.00823	0.05589	0.00200	0.05820	0.00517	0.00298	0.13344
1	0.01377	0.01066	0.01567	0.01744	0.23895	0.01224	0.01127	0.03947	0.01154	0.13504	0.05823	0.01540	0.01154	0.00725	0.00976	0.00184	0.30705	0.00509	0.07076	0.00703
2	0.85155	0.01022	0.00777	0.00695	0.01022	0.01186	0.00573	0.01554	0.00900	0.02372	0.00736	0.00859	0.00573	0.00491	0.00327	0.00164	0.00409	0.00286	0.00327	0.00573
3	0.01157	0.01157	0.01619	0.01388	0.01388	0.01619	0.01157	0.01272	0.00810	0.01272	0.00694	0.01157	0.00694	0.00925	0.01735	0.00231	0.80453	0.00463	0.00231	0.00578
4	0.00675	0.00508	0.00625	0.00658	0.00761	0.00458	0.00470	0.00831	0.01229	0.01634	0.29154	0.34497	0.23825	0.01375	0.00644	0.00189	0.00277	0.01213	0.00522	0.00458
5	0.01315	0.01136	0.01195	0.01076	0.01375	0.01315	0.00837	0.02809	0.77168	0.02211	0.02152	0.01972	0.01614	0.00717	0.00538	0.00179	0.00418	0.00598	0.00538	0.00837
6	0.02064	0.01394	0.01533	0.01175	0.01596	0.01511	0.00971	0.65334	0.02340	0.14564	0.01391	0.01348	0.00960	0.00638	0.00529	0.00159	0.00562	0.00484	0.00548	0.00899
7	0.00717	0.00534	0.00666	0.00643	0.00773	0.00484	0.00478	0.00933	0.01407	0.01931	0.58388	0.08906	0.19853	0.01169	0.00627	0.00172	0.00257	0.01022	0.00558	0.00484
8	0.29493	0.00940	0.01079	0.00860	0.01242	0.00911	0.00710	0.02241	0.01312	0.53552	0.01644	0.01491	0.01067	0.00601	0.00465	0.00164	0.00436	0.00451	0.00547	0.00793
9	0.00738	0.00540	0.00693	0.00655	0.00784	0.00495	0.00491	0.00978	0.01473	0.02065	0.72037	0.04040	0.10830	0.01101	0.00624	0.00167	0.00251	0.00969	0.00575	0.00495
10	0.00698	0.00541	0.00820	0.00861	0.00935	0.00506	0.06565	0.00822	0.01036	0.01383	0.02763	0.72869	0.03270	0.01554	0.00672	0.00212	0.00358	0.03209	0.00473	0.00454
11	0.01085	0.01028	0.01743	0.58591	0.24521	0.01197	0.01511	0.01427	0.01098	0.01456	0.00955	0.01381	0.00742	0.00512	0.00527	0.00171	0.00683	0.00470	0.00242	0.00657
12	0.01470	0.01333	0.01818	0.01434	0.01797	0.03652	0.19963	0.19926	0.31880	0.02246	0.01513	0.01572	0.01138	0.00641	0.00652	0.00177	0.07004	0.00557	0.00435	0.00793
13	0.01135	0.01077	0.01121	0.01033	0.01163	0.15211	0.00805	0.06519	0.01076	0.01395	0.01201	0.01748	0.01111	0.07170	0.41101	0.00540	0.13874	0.00513	0.01670	0.00536
14	0.00998	0.00940	0.01586	0.80150	0.03641	0.01175	0.01468	0.01351	0.01057	0.01351	0.00940	0.01409	0.00705	0.00529	0.00529	0.00176	0.00705	0.00470	0.00235	0.00587
15	0.07441	0.01264	0.01782	0.02295	0.43412	0.08093	0.05863	0.06636	0.01283	0.01828	0.01178	0.01679	0.01024	0.00680	0.02880	0.00183	0.00646	0.06396	0.04698	0.00738
16	0.00901	0.00703	0.01177	0.01057	0.01224	0.00658	0.15863	0.01081	0.01098	0.06145	0.02455	0.45013	0.04714	0.07125	0.00806	0.00228	0.00465	0.08331	0.00443	0.00514
17	0.60457	0.01091	0.01180	0.01446	0.23733	0.01207	0.00882	0.01574	0.00989	0.02182	0.00812	0.00991	0.00651	0.00485	0.00385	0.00162	0.00473	0.00341	0.00308	0.00651
18	0.00659	0.00492	0.00616	0.00705	0.00781	0.00450	0.00499	0.00777	0.01087	0.01407	0.05440	0.54925	0.21247	0.01550	0.00666	0.00207	0.00310	0.07250	0.00493	0.00440
19	0.02372	0.00900	0.01227	0.00941	0.01350	0.00777	0.00777	0.02576	0.01513	0.78489	0.02086	0.01799	0.01309	0.00654	0.00532	0.00164	0.00450	0.00532	0.00654	0.00900
20	0.01387	0.01153	0.01492	0.05680	0.18410	0.04064	0.03336	0.26330	0.03939	0.02069	0.01269	0.01700	0.01082	0.10632	0.14771	0.00324	0.00756	0.00528	0.00369	0.00707
21	0.01169	0.01094	0.01557	0.02064	0.37831	0.06272	0.01180	0.01548	0.08781	0.01592	0.01323	0.01849	0.01174	0.01545	0.22591	0.00358	0.02029	0.05039	0.00310	0.00695
22	0.00677	0.00487	0.00645	0.00738	0.00795	0.00455	0.00518	0.00807	0.01110	0.01491	0.14743	0.60726	0.05869	0.01541	0.00670	0.00208	0.00311	0.07259	0.00505	0.00445
23	0.00700	0.00543	0.00651	0.00714	0.00845	0.00494	0.00561	0.00860	0.01169	0.01460	0.04052	0.20948	0.39133	0.01442	0.00668	0.00206	0.00345	0.24264	0.00490	0.00456
24	0.08086	0.01357	0.05468	0.11465	0.16446	0.11092	0.01116	0.05083	0.24162	0.04110	0.01432	0.05481	0.01156	0.00637	0.00514	0.00168	0.00583	0.00528	0.00380	0.00737
25	0.01075	0.01135	0.02350	0.01767	0.02154	0.01065	0.52442	0.01427	0.01214	0.01644	0.06232	0.17971	0.01717	0.00781	0.00639	0.00188	0.00713	0.04511	0.00343	0.00631
26	0.04620	0.01243	0.01265	0.01092	0.01419	0.04975	0.00862	0.15722	0.52988	0.07044	0.01877	0.01749	0.01387	0.00682	0.00525	0.00172	0.00474	0.00549	0.00523	0.00831
27	0.01180	0.01225	0.01999	0.01600	0.01736	0.01548	0.20131	0.01379	0.00920	0.01379	0.00789	0.01225	0.00721	0.00804	0.01454	0.00218	0.60338	0.00503	0.00240	0.00612
28	0.01272	0.01405	0.07395	0.12221	0.11775	0.10831	0.18065	0.01599	0.02729	0.04348	0.03156	0.01436	0.00947	0.00873	0.07272	0.00232	0.12982	0.00508	0.00284	0.00668
29	0.12823	0.00967	0.05088	0.00905	0.01182	0.00926	0.00754	0.04500	0.05843	0.27805	0.01853	0.02094	0.07352	0.12891	0.05188	0.00261	0.07874	0.00571	0.00454	0.00670
30	0.00796	0.00573	0.00766	0.00848	0.00956	0.00558	0.00698	0.00999	0.01198	0.01576	0.12741	0.12348	0.08597	0.07826	0.00861	0.00248	0.00426	0.47032	0.00487	0.00467
31	0.01470	0.04689	0.09677	0.01873	0.15110	0.19509	0.22772	0.10030	0.01432	0.01796	0.05698	0.01381	0.01029	0.00539	0.00539	0.00158	0.00764	0.00500	0.00310	0.00724
32	0.01475	0.27522	0.17650	0.01395	0.11367	0.06709	0.01200	0.07258	0.07363	0.09163	0.01121	0.01218	0.00868	0.00628	0.02762	0.00166	0.00646	0.00404	0.00324	0.00760
33	0.00790	0.00610	0.00704	0.00670	0.00836	0.00574	0.00505	0.01132	0.09961	0.03099	0.38732	0.06489	0.31634	0.01146	0.00614	0.00174	0.00280	0.00985	0.00541	0.00522
34	0.00760	0.00546	0.00748	0.00748	0.00807	0.00606	0.00534	0.00879	0.00820	0.01152	0.01509	0.02592	0.01545	0.32811	0.50786	0.00724	0.01080	0.00642	0.00297	0.00416
35	0.05356	0.20067	0.01861	0.06281	0.04671	0.20164	0.07939	0.05363	0.01292	0.10832	0.01139	0.06380	0.00966	0.00618	0.00546	0.00154	0.04886	0.00476	0.00332	0.00677
36	0.01451	0.00694	0.00871	0.00744	0.00984	0.00644	0.00586	0.01747	0.05353	0.30763	0.25165	0.02512	0.02462	0.00778	0.00517	0.00154	0.00333	0.00655	0.22922	0.00665
37	0.01297	0.17377	0.19535	0.01295	0.06291	0.15360	0.02716	0.01619	0.03444	0.01497	0.01257	0.01397	0.06919	0.00589	0.00562	0.00146	0.06815	0.00431	0.00279	0.11175
38	0.01363	0.01245	0.01206	0.01284	0.12028	0.21632	0.00849	0.05998	0.01227	0.06640	0.01294	0.01779	0.01140	0.12202	0.20025	0.00366	0.00843	0.00506	0.07777	0.00597
39	0.01280	0.00734	0.00858	0.00745	0.00991	0.00695	0.00585	0.06132	0.08138	0.21288	0.16421	0.03154	0.24534	0.00931	0.00556	0.00165	0.00340	0.00777	0.11037	0.00638
40	0.01442	0.00867	0.01006	0.00851	0.01092	0.00914	0.00672	0.23951	0.01508	0.13703	0.01580	0.01873	0.01250	0.07725	0.15334	0.00306	0.00617	0.00529	0.24120	0.00659
41	0.00644	0.00460	0.00613	0.00736	0.00767	0.00429	0.00491	0.00736	0.01012	0.01350	0.02914	0.81076	0.03497	0.01656	0.00675	0.00215	0.00307	0.01503	0.00491	0.00429
42	0.01053	0.00987	0.01350	0.01180	0.01184	0.01329	0.00945	0.01144	0.00801	0.01213	0.00945	0.01726	0.01002	0.19902	0.04429	0.00317	0.59188	0.00538	0.00254	0.00514
43	0.00739	0.00540	0.00694	0.00655	0.00784	0.00495	0.00492	0.00980	0.01475	0.02069	0.72479	0.04033	0.10385	0.01100	0.00624	0.00167	0.00251	0.00968	0.00575	0.00495
44	0.01003	0.01072	0.07292	0.74330	0.03541	0.01178	0.01504	0.01375	0.01061	0.01375	0.00940	0.01388	0.00702	0.00527	0.00527	0.00176	0.00710	0.00464	0.00234	0.00602
45	0.00766	0.00700	0.06457	0.00713	0.00879	0.00551	0.00586	0.01015	0.01393	0.01958	0.61710	0.03768	0.08789	0.07490	0.00780	0.00195	0.00311	0.00909	0.00529	0.00502
46	0.01655	0.01432	0.07133	0.01180	0.01579	0.01476	0.01006	0.40761	0.32919	0.02751	0.01606	0.01545	0.01174	0.00659	0.00531	0.00168	0.00530	0.00519	0.00510	0.00865
47	0.01903	0.02403	0.01505	0.07193	0.01783	0.73517	0.01055	0.02055	0.01465	0.01298	0.00826	0.00987	0.00683	0.00544	0.00481	0.00139	0.00935	0.00350	0.00270	0.00611
48	0.01164	0.00904	0.01070	0.15061	0.01510	0.08031	0.00810	0.07594	0.03137	0.07151	0.01714	0.10868	0.07421	0.01511	0.12670	0.16005	0.01841	0.00648	0.00358	0.00532
49	0.02273	0.00952	0.01247	0.00967	0.01369	0.00869	0.00795	0.07112	0.07076	0.68337	0.02040	0.01779	0.01306	0.00658	0.00532	0.00164	0.00456	0.00533	0.00638	0.00895
50	0.02372	0.00900	0.01227	0.00941	0.01350	0.00777	0.00777	0.02576	0.01513	0.78489	0.02086	0.01799	0.01309	0.00654	0.00532	0.00164	0.00450	0.00532	0.00654	0.00900
51	0.00889	0.00766	0.01212	0.07107	0.10874	0.00828	0.06842	0.01064	0.00974	0.01348	0.01709	0.25256	0.01840	0.12857	0.16189	0.00367	0.08173	0.00846	0.00337	0.00522
52	0.01797	0.01691	0.01441	0.07071	0.01688	0.32268	0.01011	0.20715	0.04443	0.10171	0.01278	0.01607	0.01029	0.00678	0.00588	0.00163	0.04883	0.06367	0.00400	0.00710
53	0.00672	0.00487	0.00641	0.00755	0.00809	0.00456	0.00535	0.00788	0.01055	0.01388	0.03078	0.64870	0.08940	0.01605	0.00679	0.00216	0.00329	0.11767	0.00490	0.00439
54	0.00773	0.00594	0.00904	0.06719	0.01144	0.00699	0.00721	0.00974	0.00865	0.01236	0.01381	0.02027	0.01276	0.03711	0.73494	0.00800	0.01363	0.00559	0.00280	0.00481
55	0.01249	0.01193	0.01888	0.02005	0.27148	0.06073	0.18706	0.07223	0.01239	0.01706	0.01165	0.01574	0.00984	0.04515	0.14455	0.00296	0.01922	0.00529	0.05440	0.00688

[dist]
# distance from previous block
# <min> <max>
0	1

[block]
# block no. 3 follows, 46 sequences, length 28
# corresponding to MSA columns:
# 302-329
name=unknown_D
#
# <colnr> <probs for GDERKNQSTAVLIFYWHMCP>
#	G	D	E	R	K	N	Q	S	T	A	V	L	I	F	Y	W	H	M	C	P
0	0.03376	0.01222	0.17697	0.01319	0.12411	0.00914	0.01044	0.01556	0.13115	0.05936	0.13099	0.20287	0.02186	0.00969	0.02301	0.00193	0.00499	0.00785	0.00421	0.00668
1	0.00791	0.00632	0.00940	0.01267	0.17322	0.00609	0.00727	0.00927	0.01044	0.01419	0.02458	0.61193	0.02870	0.04285	0.00715	0.00213	0.00383	0.01255	0.00436	0.00513
2	0.30883	0.01629	0.01267	0.17993	0.01850	0.33126	0.00960	0.03765	0.01221	0.01739	0.00827	0.01026	0.00654	0.00525	0.00437	0.00155	0.00699	0.00353	0.00290	0.00601
3	0.18825	0.00662	0.00824	0.00807	0.00947	0.00768	0.00630	0.01068	0.00857	0.01465	0.01280	0.01866	0.01183	0.06037	0.59626	0.00690	0.01168	0.00514	0.00294	0.00488
4	0.03405	0.01059	0.01713	0.31196	0.29407	0.01166	0.04786	0.03850	0.03223	0.01626	0.03931	0.01656	0.03094	0.04576	0.00674	0.00187	0.02958	0.00526	0.00290	0.00678
5	0.00765	0.00573	0.00694	0.00680	0.00813	0.00534	0.00502	0.04976	0.01378	0.01858	0.40635	0.20583	0.21559	0.01240	0.00630	0.00179	0.00284	0.01085	0.00538	0.00493
6	0.01256	0.23303	0.02057	0.18480	0.16531	0.06212	0.05276	0.01501	0.01110	0.01434	0.04650	0.01295	0.00936	0.00583	0.00672	0.00161	0.13180	0.00442	0.00258	0.00662
7	0.36399	0.14286	0.19991	0.01066	0.04959	0.01320	0.01025	0.05660	0.01107	0.04039	0.00917	0.01047	0.00705	0.00505	0.00399	0.00154	0.00535	0.00347	0.04864	0.00674
8	0.00708	0.00544	0.00626	0.00647	0.00775	0.00499	0.00469	0.00930	0.05126	0.01615	0.19442	0.26659	0.33563	0.01312	0.00623	0.00184	0.00282	0.01140	0.04383	0.00475
9	0.01133	0.14345	0.32822	0.01128	0.01655	0.01199	0.01234	0.05178	0.01196	0.01713	0.08157	0.01468	0.03580	0.00578	0.00530	0.00143	0.04520	0.00440	0.00300	0.18681
10	0.01172	0.00968	0.01352	0.08959	0.18999	0.00988	0.00978	0.05586	0.09203	0.04980	0.21143	0.02049	0.01991	0.00688	0.00595	0.00155	0.04712	0.00587	0.00408	0.14488
11	0.04969	0.01636	0.27481	0.01748	0.12493	0.01124	0.20826	0.02881	0.01159	0.01688	0.01350	0.14525	0.01254	0.00706	0.00582	0.00179	0.01870	0.02532	0.00301	0.00695
12	0.00861	0.00750	0.01336	0.01145	0.01333	0.00806	0.16834	0.01104	0.00935	0.01327	0.01342	0.01938	0.01210	0.03211	0.62476	0.00706	0.01304	0.00579	0.00280	0.00524
13	0.00863	0.00741	0.01288	0.01097	0.01270	0.00780	0.16775	0.01074	0.00921	0.01292	0.01385	0.02178	0.01315	0.16683	0.49147	0.00647	0.01147	0.00614	0.00286	0.00497
14	0.22782	0.01177	0.04861	0.01054	0.01411	0.01196	0.03284	0.17853	0.01442	0.26340	0.01310	0.01341	0.00921	0.00718	0.02791	0.00190	0.09671	0.00448	0.00455	0.00757
15	0.01550	0.42029	0.02276	0.01535	0.17871	0.23821	0.01091	0.01741	0.01222	0.01361	0.00814	0.00976	0.00713	0.00483	0.00418	0.00129	0.00689	0.00339	0.00247	0.00694
16	0.03378	0.01298	0.01821	0.06234	0.46376	0.08972	0.03328	0.01596	0.01197	0.01679	0.00958	0.01224	0.00796	0.00464	0.00489	0.00140	0.00616	0.00424	0.00274	0.18737
17	0.01068	0.02350	0.62071	0.01352	0.02066	0.01116	0.01669	0.01601	0.01112	0.01685	0.00947	0.01112	0.00694	0.00479	0.00479	0.00148	0.00698	0.00374	0.00242	0.18738
18	0.01426	0.57736	0.02736	0.01227	0.01682	0.08566	0.17036	0.01652	0.01148	0.01344	0.00814	0.00981	0.00705	0.00459	0.00412	0.00129	0.00668	0.00361	0.00239	0.00680
19	0.02146	0.00950	0.01220	0.00970	0.01355	0.00892	0.00790	0.02626	0.17711	0.62158	0.02100	0.01836	0.01374	0.00668	0.00533	0.00167	0.00443	0.00546	0.00629	0.00886
20	0.00865	0.00735	0.01258	0.01067	0.01229	0.00763	0.16737	0.01055	0.00912	0.01269	0.01413	0.02331	0.01381	0.25253	0.40668	0.00610	0.01047	0.00636	0.00290	0.00480
21	0.01336	0.01212	0.01644	0.01319	0.01617	0.08520	0.20914	0.22471	0.01516	0.01966	0.01619	0.19246	0.01593	0.09592	0.00821	0.00215	0.00629	0.02721	0.00402	0.00645
22	0.00937	0.00784	0.01337	0.01242	0.01452	0.00764	0.16984	0.01223	0.01224	0.01606	0.02429	0.04992	0.02563	0.01243	0.00707	0.00229	0.00573	0.58734	0.00440	0.00535
23	0.01154	0.01561	0.21359	0.18083	0.24004	0.01212	0.17580	0.01576	0.01157	0.01642	0.01024	0.01339	0.00786	0.00492	0.00533	0.00166	0.00720	0.00484	0.04398	0.00729
24	0.01215	0.01218	0.01682	0.01459	0.05089	0.11323	0.17042	0.01416	0.01077	0.03519	0.01289	0.14327	0.01267	0.02878	0.02229	0.00211	0.27045	0.00663	0.04454	0.00596
25	0.00927	0.04809	0.01459	0.02169	0.03155	0.00875	0.18334	0.01249	0.04924	0.01625	0.18999	0.05493	0.09999	0.01676	0.21508	0.00352	0.00752	0.00743	0.00385	0.00568
26	0.00901	0.00716	0.01141	0.00951	0.01089	0.00687	0.16597	0.01016	0.00934	0.03476	0.01830	0.09123	0.05537	0.51539	0.01926	0.00391	0.00564	0.00805	0.00340	0.00436
27	0.01434	0.10797	0.01968	0.01519	0.09645	0.03635	0.21564	0.06148	0.01343	0.14187	0.08947	0.01771	0.01382	0.00693	0.02687	0.00176	0.01785	0.02703	0.01945	0.05672

[dist]
# distance from previous block
# <min> <max>
0	171

# created by:
# /home/cegg/simao/soft/augustus-3.2.1/scripts/msa2prfl.pl ./align_prep/26139.fa
