[name]
unknown

[dist]
# distance from previous block
# <min> <max>
0	181

[block]
# block no. 0 follows, 40 sequences, length 15
# corresponding to MSA columns:
# 205-219
name=unknown_A
#
# <colnr> <probs for GDERKNQSTAVLIFYWHMCP>
#	G	D	E	R	K	N	Q	S	T	A	V	L	I	F	Y	W	H	M	C	P
0	0.06134	0.04076	0.09302	0.00985	0.01331	0.00882	0.00890	0.01437	0.06004	0.01859	0.05350	0.10609	0.08744	0.01026	0.00603	0.00184	0.00486	0.18257	0.00443	0.21398
1	0.06547	0.01402	0.01210	0.01023	0.01346	0.20097	0.00784	0.08832	0.01516	0.03871	0.13384	0.04968	0.03820	0.05827	0.00692	0.00174	0.00586	0.00595	0.00428	0.22896
2	0.16035	0.13233	0.08329	0.11427	0.06176	0.01261	0.01020	0.01620	0.09240	0.01854	0.02267	0.05548	0.16983	0.00836	0.00541	0.00182	0.00537	0.01840	0.00389	0.00683
3	0.04509	0.01527	0.11681	0.01902	0.20434	0.06231	0.09195	0.11198	0.03557	0.02089	0.06287	0.11078	0.06151	0.00812	0.00608	0.00186	0.00654	0.00724	0.00401	0.00777
4	0.08843	0.06869	0.01976	0.12148	0.31086	0.07465	0.05812	0.01862	0.09315	0.01863	0.01308	0.06559	0.01134	0.00647	0.00558	0.00179	0.00673	0.00574	0.00339	0.00789
5	0.00795	0.00607	0.00735	0.00756	0.00885	0.00570	0.00546	0.01074	0.06361	0.01873	0.29792	0.30157	0.20800	0.01444	0.00699	0.00205	0.00313	0.01272	0.00579	0.00534
6	0.00927	0.00703	0.00867	0.00807	0.00976	0.00698	0.00610	0.01428	0.13805	0.02349	0.63466	0.03983	0.04871	0.01122	0.00670	0.00185	0.00305	0.00986	0.00632	0.00610
7	0.00822	0.00626	0.00755	0.00798	0.00911	0.00608	0.00569	0.01129	0.09293	0.01736	0.15966	0.38045	0.16032	0.06334	0.00846	0.00237	0.00354	0.03855	0.00551	0.00532
8	0.01359	0.01029	0.01222	0.00880	0.01390	0.00784	0.00707	0.01614	0.01256	0.10028	0.01171	0.01290	0.00924	0.00462	0.00448	0.00096	0.00438	0.00371	0.00386	0.74145
9	0.83671	0.01125	0.00855	0.00765	0.01125	0.01305	0.00630	0.01709	0.00990	0.02609	0.00810	0.00945	0.00630	0.00540	0.00360	0.00180	0.00450	0.00315	0.00360	0.00630
10	0.01391	0.33816	0.25379	0.01740	0.10217	0.01762	0.14581	0.01798	0.01246	0.01659	0.00978	0.01193	0.00787	0.00515	0.00506	0.00161	0.00766	0.00437	0.00260	0.00807
11	0.02639	0.01158	0.10527	0.06026	0.06690	0.00924	0.09632	0.02754	0.01436	0.12128	0.19250	0.02789	0.11829	0.00849	0.00608	0.00181	0.00530	0.00752	0.08592	0.00706
12	0.00790	0.00635	0.00710	0.00683	0.00866	0.00576	0.00515	0.01085	0.06302	0.01921	0.32547	0.04887	0.43751	0.01318	0.00680	0.00191	0.00298	0.01122	0.00582	0.00542
13	0.01554	0.01204	0.01411	0.01186	0.01470	0.07186	0.05805	0.22192	0.01744	0.09702	0.10664	0.21365	0.02244	0.01030	0.00714	0.00193	0.05363	0.00869	0.00521	0.03581
14	0.06609	0.06181	0.08998	0.01131	0.01509	0.07198	0.00982	0.15350	0.14902	0.06885	0.10492	0.10313	0.01919	0.00841	0.00574	0.00179	0.00555	0.00683	0.00495	0.04205

[dist]
# distance from previous block
# <min> <max>
0	3

[block]
# block no. 1 follows, 40 sequences, length 13
# corresponding to MSA columns:
# 223-235
name=unknown_B
#
# <colnr> <probs for GDERKNQSTAVLIFYWHMCP>
#	G	D	E	R	K	N	Q	S	T	A	V	L	I	F	Y	W	H	M	C	P
0	0.01707	0.01714	0.21218	0.01927	0.22560	0.01250	0.01467	0.11713	0.01552	0.18637	0.01381	0.01474	0.00991	0.00587	0.00557	0.00168	0.00657	0.00493	0.00418	0.09528
1	0.11252	0.09287	0.19685	0.01430	0.08771	0.01422	0.01272	0.18446	0.01574	0.06799	0.01153	0.01267	0.00863	0.00566	0.00504	0.00159	0.00631	0.00430	0.00385	0.14105
2	0.21200	0.01309	0.01352	0.22577	0.02107	0.10732	0.01050	0.09533	0.10595	0.02074	0.01245	0.01556	0.00996	0.04102	0.07019	0.00260	0.00734	0.00491	0.00373	0.00694
3	0.00906	0.00619	0.00749	0.00776	0.00852	0.00643	0.00531	0.01158	0.08730	0.01536	0.02240	0.26123	0.02384	0.23577	0.10890	0.04639	0.00565	0.00986	0.11606	0.00490
4	0.00737	0.00539	0.00700	0.00818	0.00885	0.00501	0.00582	0.00866	0.01170	0.01530	0.03522	0.60185	0.12711	0.01749	0.00744	0.00236	0.00359	0.11145	0.00539	0.00483
5	0.01326	0.01380	0.02237	0.22183	0.23285	0.08442	0.20426	0.01676	0.01303	0.01694	0.01302	0.09598	0.01163	0.00671	0.00619	0.00189	0.00785	0.00667	0.00309	0.00744
6	0.83671	0.01125	0.00855	0.00765	0.01125	0.01305	0.00630	0.01709	0.00990	0.02609	0.00810	0.00945	0.00630	0.00540	0.00360	0.00180	0.00450	0.00315	0.00360	0.00630
7	0.07337	0.01253	0.01624	0.08058	0.01725	0.01609	0.01170	0.16431	0.01307	0.01959	0.00996	0.01394	0.00867	0.01195	0.08515	0.00291	0.42724	0.00509	0.00336	0.00699
8	0.83671	0.01125	0.00855	0.00765	0.01125	0.01305	0.00630	0.01709	0.00990	0.02609	0.00810	0.00945	0.00630	0.00540	0.00360	0.00180	0.00450	0.00315	0.00360	0.00630
9	0.01051	0.00877	0.00955	0.00930	0.01144	0.00936	0.00695	0.01890	0.35898	0.01952	0.03482	0.24517	0.20846	0.01248	0.00658	0.00208	0.00385	0.01078	0.00564	0.00688
10	0.00843	0.00643	0.00940	0.00933	0.01030	0.00741	0.00721	0.01046	0.01020	0.01465	0.09385	0.07929	0.02013	0.03687	0.60161	0.00773	0.05050	0.00736	0.00359	0.00525
11	0.01268	0.01960	0.39189	0.01516	0.08876	0.01107	0.01519	0.01812	0.05146	0.09764	0.17134	0.02185	0.04521	0.00745	0.00593	0.00183	0.00642	0.00625	0.00410	0.00804
12	0.10007	0.18557	0.29331	0.04260	0.09432	0.01628	0.01515	0.08129	0.01302	0.01935	0.00979	0.01187	0.00772	0.00594	0.00628	0.00176	0.08052	0.00420	0.00293	0.00801

[dist]
# distance from previous block
# <min> <max>
1	10

[block]
# block no. 2 follows, 40 sequences, length 68
# corresponding to MSA columns:
# 246-255,309-366
name=unknown_C
#
# <colnr> <probs for GDERKNQSTAVLIFYWHMCP>
#	G	D	E	R	K	N	Q	S	T	A	V	L	I	F	Y	W	H	M	C	P
0	0.28261	0.08591	0.18409	0.01291	0.04323	0.11116	0.01196	0.07255	0.07162	0.02160	0.01049	0.01185	0.00813	0.00600	0.00541	0.00177	0.04362	0.00407	0.00344	0.00758
1	0.01308	0.01366	0.04994	0.19656	0.30458	0.07367	0.07498	0.01684	0.02681	0.01802	0.08527	0.02104	0.01501	0.00688	0.00609	0.00186	0.00714	0.05758	0.00339	0.00760
2	0.00793	0.00583	0.00730	0.00785	0.00854	0.00584	0.00536	0.00968	0.04612	0.01436	0.02872	0.37828	0.10688	0.19827	0.13750	0.00419	0.00590	0.01207	0.00462	0.00476
3	0.01005	0.00820	0.01221	0.06516	0.17028	0.00880	0.00931	0.02248	0.01106	0.01555	0.01914	0.09129	0.07043	0.11779	0.27002	0.00489	0.03201	0.00746	0.04790	0.00598
4	0.02535	0.01108	0.01423	0.01091	0.01543	0.01030	0.00901	0.15984	0.01862	0.62909	0.02128	0.01872	0.01356	0.00716	0.00584	0.00179	0.00522	0.00573	0.00694	0.00990
5	0.05733	0.01139	0.01235	0.01004	0.01349	0.01213	0.00812	0.31619	0.07341	0.14386	0.01736	0.01763	0.01256	0.00694	0.00518	0.00165	0.00480	0.00539	0.26191	0.00828
6	0.00982	0.00701	0.00886	0.06937	0.01187	0.00707	0.00659	0.01274	0.06662	0.07175	0.14529	0.07892	0.23339	0.10740	0.13383	0.00358	0.00595	0.00935	0.00491	0.00568
7	0.00988	0.00640	0.00754	0.00786	0.00908	0.00642	0.00570	0.04199	0.07135	0.03158	0.07534	0.38184	0.02908	0.01280	0.00617	0.00196	0.00343	0.03099	0.25493	0.00566
8	0.83671	0.01125	0.00855	0.00765	0.01125	0.01305	0.00630	0.01709	0.00990	0.02609	0.00810	0.00945	0.00630	0.00540	0.00360	0.00180	0.00450	0.00315	0.00360	0.00630
9	0.01218	0.01026	0.01326	0.06824	0.06562	0.01109	0.04309	0.10519	0.21177	0.02085	0.06100	0.05830	0.15103	0.01464	0.12385	0.00306	0.00669	0.00780	0.00480	0.00727
10	0.00817	0.00609	0.00744	0.00763	0.00871	0.00584	0.00538	0.01087	0.06718	0.01825	0.29126	0.29510	0.12517	0.10438	0.00960	0.00247	0.00345	0.01222	0.00558	0.00521
11	0.01521	0.02216	0.23071	0.05003	0.16336	0.24928	0.08426	0.01909	0.01422	0.01749	0.06958	0.01506	0.01169	0.00606	0.00573	0.00173	0.00848	0.00507	0.00307	0.00773
12	0.01386	0.01289	0.01633	0.08375	0.12530	0.10354	0.05374	0.12619	0.01414	0.01858	0.01330	0.01897	0.01165	0.01846	0.24566	0.00421	0.06953	0.03938	0.00349	0.00704
13	0.00760	0.00580	0.00698	0.00695	0.00837	0.00518	0.00511	0.00966	0.01459	0.01949	0.41297	0.15794	0.29069	0.01378	0.00695	0.00195	0.00290	0.01200	0.00591	0.00518
14	0.02149	0.05662	0.01700	0.01479	0.01786	0.74421	0.01119	0.02300	0.01630	0.01421	0.00895	0.01044	0.00749	0.00595	0.00519	0.00149	0.01033	0.00372	0.00298	0.00677
15	0.01483	0.01452	0.02599	0.03092	0.50471	0.01439	0.21064	0.07554	0.01449	0.02030	0.01140	0.01471	0.00916	0.00525	0.00606	0.00179	0.00764	0.00564	0.00313	0.00890
16	0.00709	0.00506	0.00675	0.00810	0.00843	0.00472	0.00540	0.00810	0.01113	0.01484	0.03205	0.79184	0.03846	0.01822	0.00742	0.00236	0.00337	0.01653	0.00540	0.00472
17	0.01119	0.00699	0.00860	0.00796	0.00999	0.00648	0.00604	0.01446	0.07346	0.14061	0.34180	0.13172	0.19354	0.01219	0.00669	0.00193	0.00337	0.01056	0.00616	0.00628
18	0.00831	0.00620	0.00921	0.00921	0.01020	0.00719	0.00709	0.01029	0.00930	0.01340	0.01570	0.02356	0.01485	0.07876	0.73786	0.00917	0.01511	0.00633	0.00313	0.00511
19	0.00900	0.00690	0.00836	0.00783	0.00955	0.00675	0.00592	0.01363	0.12401	0.02265	0.57337	0.04158	0.12491	0.01160	0.00672	0.00186	0.00304	0.01012	0.00622	0.00597
20	0.01348	0.02195	0.42463	0.10352	0.22443	0.01313	0.01890	0.01867	0.01282	0.07749	0.01156	0.01379	0.00847	0.00560	0.00564	0.00182	0.00776	0.00475	0.00296	0.00864
21	0.01309	0.01030	0.01216	0.00874	0.01386	0.00781	0.00701	0.01565	0.01240	0.07365	0.01126	0.01263	0.00904	0.00452	0.00442	0.00093	0.00435	0.00362	0.00372	0.77084
22	0.00717	0.00518	0.00664	0.00776	0.00822	0.00481	0.00516	0.00815	0.01113	0.01465	0.03353	0.66496	0.10483	0.07724	0.00906	0.00257	0.00351	0.01551	0.00526	0.00465
23	0.16431	0.01269	0.01676	0.28270	0.13371	0.04452	0.01329	0.07927	0.01259	0.01924	0.00975	0.01336	0.00786	0.00660	0.00796	0.00197	0.15846	0.00473	0.00310	0.00713
24	0.64373	0.01161	0.00972	0.00849	0.01207	0.01333	0.00693	0.09576	0.07071	0.02687	0.01049	0.01150	0.00801	0.00583	0.00404	0.00179	0.00462	0.00376	0.04387	0.00687
25	0.01240	0.01178	0.02000	0.47224	0.33841	0.01329	0.01685	0.01610	0.01230	0.01658	0.01059	0.01504	0.00836	0.00555	0.00579	0.00185	0.00740	0.00517	0.00271	0.00760
26	0.00831	0.00623	0.00935	0.00935	0.01038	0.00727	0.00727	0.01038	0.00935	0.01350	0.01558	0.02285	0.01454	0.04361	0.77259	0.00935	0.01558	0.00623	0.00312	0.00519
27	0.01280	0.01354	0.07080	0.01325	0.04996	0.10301	0.06796	0.01970	0.22959	0.01997	0.15865	0.02938	0.03696	0.06226	0.00790	0.00219	0.00591	0.08421	0.00478	0.00717
28	0.56306	0.01083	0.01010	0.00842	0.01237	0.01147	0.00692	0.01978	0.01180	0.21471	0.01208	0.01231	0.00856	0.00577	0.00423	0.00172	0.00460	0.00387	0.00451	0.07288
29	0.01776	0.01882	0.22585	0.01662	0.02264	0.01431	0.20190	0.23426	0.01787	0.15092	0.01396	0.01494	0.00969	0.00608	0.00601	0.00184	0.00763	0.00550	0.00439	0.00901
30	0.00850	0.00646	0.00788	0.00743	0.00906	0.00610	0.00560	0.01211	0.07421	0.02210	0.57903	0.04384	0.17167	0.01205	0.00679	0.00186	0.00293	0.01050	0.00619	0.00568
31	0.83671	0.01125	0.00855	0.00765	0.01125	0.01305	0.00630	0.01709	0.00990	0.02609	0.00810	0.00945	0.00630	0.00540	0.00360	0.00180	0.00450	0.00315	0.00360	0.00630
32	0.01555	0.79913	0.03047	0.00995	0.01493	0.02301	0.00995	0.01741	0.01182	0.01368	0.00808	0.00933	0.00746	0.00498	0.00373	0.00124	0.00622	0.00311	0.00249	0.00746
33	0.00745	0.00565	0.00687	0.00711	0.00835	0.00507	0.00513	0.00926	0.01380	0.01830	0.31266	0.28038	0.26937	0.01475	0.00704	0.00204	0.00300	0.01294	0.00578	0.00507
34	0.00777	0.00567	0.00731	0.00745	0.00854	0.00520	0.00538	0.00987	0.01455	0.02009	0.47682	0.27743	0.10409	0.01408	0.00704	0.00201	0.00296	0.01253	0.00601	0.00520
35	0.00802	0.00594	0.00748	0.00709	0.00856	0.00540	0.00532	0.01056	0.01596	0.02213	0.64753	0.04539	0.16437	0.01233	0.00686	0.00185	0.00277	0.01079	0.00625	0.00540
36	0.83671	0.01125	0.00855	0.00765	0.01125	0.01305	0.00630	0.01709	0.00990	0.02609	0.00810	0.00945	0.00630	0.00540	0.00360	0.00180	0.00450	0.00315	0.00360	0.00630
37	0.01147	0.01046	0.01681	0.33432	0.25552	0.01147	0.01382	0.01539	0.04232	0.01823	0.16045	0.02257	0.04840	0.00726	0.00605	0.00185	0.00618	0.00657	0.00368	0.00717
38	0.00779	0.00593	0.00716	0.00685	0.00842	0.00530	0.00514	0.01012	0.01542	0.02084	0.52925	0.04752	0.28345	0.01281	0.00686	0.00187	0.00281	0.01109	0.00608	0.00530
39	0.01305	0.09406	0.08434	0.05576	0.24839	0.01265	0.06187	0.01793	0.09296	0.04781	0.18954	0.02172	0.02074	0.00716	0.00589	0.00177	0.00591	0.00645	0.00412	0.00789
40	0.01461	0.34893	0.27950	0.07370	0.04866	0.05326	0.01483	0.07301	0.01342	0.01737	0.00966	0.01142	0.00770	0.00544	0.00481	0.00157	0.00739	0.00395	0.00278	0.00799
41	0.00718	0.00590	0.00632	0.00621	0.00804	0.00504	0.00466	0.00894	0.01398	0.01744	0.21716	0.05312	0.59767	0.01408	0.00687	0.00193	0.00290	0.01187	0.00563	0.00504
42	0.13342	0.01442	0.01502	0.04889	0.01701	0.13041	0.06491	0.23572	0.02968	0.08319	0.03644	0.13441	0.01498	0.00829	0.00578	0.00185	0.00637	0.00679	0.00476	0.00764
43	0.27036	0.02117	0.01552	0.01342	0.01691	0.44331	0.06759	0.05563	0.01477	0.01929	0.00918	0.01075	0.00735	0.00577	0.00490	0.00164	0.00840	0.00388	0.00331	0.00685
44	0.21028	0.26132	0.02036	0.01572	0.15985	0.21246	0.01096	0.01892	0.01285	0.01778	0.00888	0.01064	0.00754	0.00538	0.00449	0.00153	0.00705	0.00369	0.00296	0.00734
45	0.01382	0.01299	0.02022	0.14539	0.52668	0.04937	0.01568	0.01715	0.01303	0.01844	0.01168	0.01521	0.00956	0.00550	0.00555	0.00171	0.00673	0.00514	0.09792	0.00823
46	0.01010	0.00505	0.00758	0.00758	0.00758	0.00505	0.00505	0.00758	0.00758	0.01010	0.01010	0.01768	0.01010	0.02020	0.02273	0.83081	0.00505	0.00505	0.00253	0.00253
47	0.00891	0.00650	0.00825	0.00831	0.00947	0.00652	0.00607	0.06757	0.01342	0.01825	0.20178	0.29539	0.08689	0.07897	0.13277	0.00355	0.00564	0.03127	0.00516	0.00533
48	0.00785	0.00579	0.00737	0.00744	0.00868	0.00530	0.00550	0.01005	0.01474	0.02017	0.47028	0.20417	0.14982	0.01382	0.00704	0.00200	0.00303	0.04573	0.00600	0.00524
49	0.01408	0.50775	0.30896	0.01246	0.01881	0.01941	0.01432	0.01779	0.01199	0.01548	0.00898	0.01045	0.00743	0.00518	0.00441	0.00147	0.00712	0.00356	0.00248	0.00789
50	0.00724	0.00591	0.00640	0.00628	0.00808	0.00507	0.00471	0.00906	0.01412	0.01777	0.24733	0.05258	0.56729	0.01396	0.00687	0.00193	0.00289	0.01180	0.00567	0.00507
51	0.52202	0.01636	0.01124	0.01007	0.01344	0.24971	0.00794	0.04610	0.01269	0.02263	0.00899	0.01038	0.00712	0.00569	0.00421	0.00169	0.00637	0.00350	0.03332	0.00654
52	0.02271	0.01454	0.01628	0.01256	0.01711	0.01554	0.01035	0.53189	0.05961	0.21354	0.01662	0.01576	0.01137	0.00708	0.00583	0.00177	0.00596	0.00545	0.00616	0.00986
53	0.10250	0.01127	0.01213	0.01042	0.01336	0.04693	0.00829	0.21004	0.07017	0.02342	0.09142	0.01956	0.01600	0.01852	0.24428	0.00405	0.00855	0.00575	0.00447	0.07887
54	0.01320	0.01465	0.16128	0.01510	0.01941	0.01162	0.23159	0.05244	0.01345	0.05518	0.01500	0.01986	0.01203	0.00690	0.00683	0.00186	0.06872	0.05407	0.21955	0.00726
55	0.01229	0.00949	0.01479	0.38216	0.10128	0.01072	0.01235	0.01581	0.04751	0.09587	0.01588	0.10783	0.01413	0.06853	0.06410	0.00277	0.00713	0.00694	0.00370	0.00673
56	0.08849	0.00966	0.01251	0.00983	0.01390	0.00872	0.00806	0.03780	0.01627	0.60679	0.10612	0.02159	0.01834	0.00759	0.00578	0.00180	0.00468	0.00616	0.00680	0.00910
57	0.01221	0.01188	0.02025	0.01740	0.07771	0.03250	0.27418	0.03546	0.04823	0.01782	0.03005	0.16943	0.01681	0.04435	0.03100	0.00241	0.09597	0.00832	0.04720	0.00683
58	0.00709	0.00506	0.00675	0.00810	0.00843	0.00472	0.00540	0.00810	0.01113	0.01484	0.03205	0.79184	0.03846	0.01822	0.00742	0.00236	0.00337	0.01653	0.00540	0.00472
59	0.08137	0.01447	0.01573	0.01242	0.01672	0.01574	0.01030	0.55238	0.02380	0.11249	0.01584	0.01837	0.01199	0.00761	0.00583	0.00183	0.00602	0.06206	0.00577	0.00927
60	0.00695	0.00557	0.00622	0.00674	0.00808	0.00484	0.00479	0.00825	0.01244	0.01538	0.04863	0.33765	0.48195	0.01606	0.00708	0.00212	0.00311	0.01390	0.00540	0.00484
61	0.01772	0.01041	0.01230	0.01044	0.01350	0.01065	0.00811	0.19553	0.12559	0.24815	0.02231	0.18105	0.01946	0.08666	0.00850	0.00230	0.00499	0.00828	0.00594	0.00809
62	0.01795	0.01429	0.02685	0.01948	0.02485	0.01356	0.45924	0.11339	0.01621	0.21074	0.01489	0.01651	0.01038	0.00575	0.00647	0.00189	0.00813	0.00640	0.00439	0.00863
63	0.00986	0.00797	0.00901	0.00840	0.01050	0.00815	0.00640	0.01657	0.24376	0.02188	0.36798	0.03955	0.20460	0.01130	0.00657	0.00190	0.00337	0.00969	0.00602	0.00651
64	0.02184	0.02418	0.01678	0.01449	0.01799	0.53898	0.01118	0.24492	0.01984	0.02117	0.01053	0.01156	0.00823	0.00630	0.00542	0.00157	0.00922	0.00421	0.00387	0.00772
65	0.00937	0.00753	0.00843	0.00851	0.01023	0.00763	0.00622	0.04257	0.18825	0.01824	0.03770	0.34839	0.25612	0.01423	0.00683	0.00212	0.00365	0.01239	0.00554	0.00605
66	0.01554	0.05379	0.18891	0.01213	0.01791	0.01328	0.01182	0.26176	0.01728	0.02459	0.01148	0.01263	0.00870	0.00553	0.00507	0.00141	0.00610	0.00423	0.00398	0.32386
67	0.13293	0.04817	0.29387	0.01282	0.05176	0.01150	0.01271	0.07253	0.01319	0.02017	0.05193	0.16728	0.07005	0.00900	0.00573	0.00191	0.00596	0.00742	0.00387	0.00719

[dist]
# distance from previous block
# <min> <max>
0	2

[block]
# block no. 3 follows, 40 sequences, length 30
# corresponding to MSA columns:
# 369-387,399-404,408-412
name=unknown_D
#
# <colnr> <probs for GDERKNQSTAVLIFYWHMCP>
#	G	D	E	R	K	N	Q	S	T	A	V	L	I	F	Y	W	H	M	C	P
0	0.05502	0.01735	0.02727	0.02049	0.02509	0.15847	0.46828	0.01962	0.04912	0.01804	0.01128	0.01444	0.00878	0.00572	0.00739	0.00192	0.07521	0.00593	0.00309	0.00750
1	0.01098	0.01034	0.01744	0.78165	0.04005	0.01292	0.01615	0.01486	0.01163	0.01486	0.01034	0.01550	0.00775	0.00581	0.00581	0.00194	0.00775	0.00517	0.00258	0.00646
2	0.00955	0.00878	0.01341	0.51092	0.02882	0.01012	0.01206	0.01259	0.01220	0.01516	0.02729	0.02962	0.26924	0.00892	0.00618	0.00195	0.00607	0.00765	0.00357	0.00592
3	0.01222	0.01160	0.01968	0.51041	0.30160	0.01325	0.01677	0.01594	0.01221	0.01636	0.01055	0.01510	0.00828	0.00558	0.00579	0.00186	0.00745	0.00517	0.00269	0.00746
4	0.04881	0.00716	0.00829	0.00862	0.01002	0.00737	0.00620	0.01390	0.17388	0.01854	0.11629	0.43471	0.09533	0.01429	0.00679	0.00215	0.00359	0.01263	0.00554	0.00589
5	0.01345	0.38608	0.11835	0.01111	0.01518	0.08868	0.01076	0.01598	0.01158	0.01430	0.01074	0.01390	0.00959	0.01680	0.23611	0.00379	0.00976	0.00427	0.00272	0.00686
6	0.01645	0.09239	0.37367	0.01589	0.05659	0.24285	0.01607	0.02064	0.01394	0.08348	0.01094	0.01226	0.00813	0.00575	0.00533	0.00168	0.00855	0.00421	0.00307	0.00808
7	0.01520	0.73027	0.09629	0.01054	0.01584	0.02216	0.01098	0.01750	0.01186	0.01411	0.00830	0.00959	0.00745	0.00502	0.00389	0.00130	0.00643	0.00322	0.00248	0.00756
8	0.01062	0.00835	0.00941	0.00875	0.01062	0.04339	0.00681	0.10611	0.01701	0.02291	0.45036	0.07775	0.10406	0.01198	0.00680	0.00193	0.00392	0.08727	0.00592	0.00602
9	0.00757	0.00581	0.00747	0.00773	0.00892	0.00570	0.00572	0.00930	0.01193	0.01583	0.13391	0.21944	0.24981	0.02449	0.25392	0.00442	0.00709	0.01110	0.00480	0.00504
10	0.01545	0.21985	0.30567	0.01396	0.01946	0.24443	0.01457	0.01908	0.01324	0.01564	0.00975	0.01170	0.00790	0.00806	0.05595	0.00209	0.00904	0.00396	0.00267	0.00753
11	0.00937	0.00669	0.00937	0.01071	0.01205	0.00669	0.00937	0.01205	0.01339	0.01740	0.03079	0.06560	0.03347	0.01606	0.00803	0.00268	0.00535	0.72021	0.00535	0.00535
12	0.01286	0.01191	0.01736	0.17609	0.11790	0.03931	0.12458	0.13534	0.01546	0.01986	0.02585	0.02716	0.23454	0.00848	0.00627	0.00187	0.00639	0.00754	0.00408	0.00715
13	0.01815	0.02084	0.01667	0.08496	0.08978	0.44325	0.01197	0.06816	0.04340	0.01664	0.01154	0.06186	0.01021	0.00715	0.00666	0.00173	0.07142	0.00514	0.00336	0.00710
14	0.00775	0.00600	0.00657	0.00675	0.00803	0.00545	0.00469	0.03302	0.01228	0.01533	0.04308	0.22253	0.41822	0.17028	0.01148	0.00278	0.00370	0.01227	0.00504	0.00476
15	0.00823	0.00574	0.00730	0.00748	0.00783	0.00601	0.00490	0.00899	0.00907	0.01241	0.01928	0.13150	0.02140	0.46760	0.25091	0.00633	0.00834	0.00884	0.00364	0.00418
16	0.05592	0.13177	0.01824	0.05394	0.23969	0.04136	0.01146	0.01938	0.04060	0.18231	0.09556	0.05463	0.01648	0.00711	0.00555	0.00172	0.00573	0.00603	0.00441	0.00811
17	0.01020	0.01289	0.17548	0.00967	0.01414	0.00800	0.00937	0.01348	0.01308	0.01896	0.16037	0.06261	0.13482	0.00830	0.00561	0.00150	0.00470	0.00698	0.00419	0.32565
18	0.31040	0.18937	0.01708	0.01218	0.04985	0.27354	0.00950	0.04681	0.01338	0.01942	0.00875	0.01018	0.00723	0.00556	0.00437	0.00157	0.00710	0.00352	0.00320	0.00698
19	0.01541	0.76119	0.02986	0.01021	0.01494	0.02276	0.01008	0.01725	0.01168	0.01370	0.00806	0.00949	0.00747	0.00523	0.00447	0.00131	0.04379	0.00320	0.00249	0.00741
20	0.00842	0.00603	0.00717	0.00694	0.00861	0.00532	0.00518	0.01044	0.01463	0.05502	0.36176	0.11908	0.34324	0.01345	0.00687	0.00193	0.00299	0.01160	0.00593	0.00539
21	0.00707	0.00580	0.00623	0.00633	0.00803	0.00496	0.00467	0.00865	0.01341	0.01658	0.14458	0.14069	0.58329	0.01478	0.00694	0.00199	0.00297	0.01255	0.00553	0.00496
22	0.01900	0.01008	0.01169	0.00945	0.01269	0.01013	0.00754	0.22777	0.01773	0.27393	0.01880	0.02028	0.01384	0.07761	0.00746	0.00200	0.00479	0.00578	0.24139	0.00804
23	0.01217	0.00749	0.00768	0.00720	0.00914	0.00800	0.00552	0.05159	0.17467	0.02297	0.01977	0.02132	0.01529	0.00703	0.00455	0.00151	0.00330	0.00566	0.60867	0.00646
24	0.01166	0.03008	0.76550	0.01657	0.02517	0.01351	0.02149	0.01842	0.01228	0.01842	0.01044	0.01228	0.00737	0.00552	0.00552	0.00184	0.00859	0.00430	0.00246	0.00859
25	0.00801	0.00594	0.00746	0.00708	0.00855	0.00539	0.00531	0.01054	0.01593	0.02206	0.64080	0.04551	0.17114	0.01236	0.00686	0.00185	0.00278	0.01081	0.00624	0.00539
26	0.01373	0.01569	0.03431	0.02451	0.03039	0.01471	0.73824	0.01863	0.01373	0.01863	0.01176	0.01569	0.00882	0.00490	0.00686	0.00196	0.00980	0.00686	0.00294	0.00784
27	0.01129	0.01065	0.01799	0.71486	0.10446	0.01300	0.01630	0.01513	0.01177	0.01523	0.01039	0.01540	0.00788	0.00576	0.00581	0.00192	0.00768	0.00517	0.00261	0.00671
28	0.00748	0.00591	0.00673	0.00653	0.00823	0.00517	0.00490	0.00952	0.01469	0.01911	0.37039	0.05037	0.44339	0.01346	0.00687	0.00190	0.00286	0.01149	0.00585	0.00517
29	0.01598	0.01347	0.01683	0.10441	0.01982	0.08090	0.10494	0.27229	0.01804	0.05163	0.01755	0.17576	0.01640	0.00928	0.00656	0.00196	0.01964	0.04223	0.00470	0.00760

[dist]
# distance from previous block
# <min> <max>
0	12

[block]
# block no. 4 follows, 40 sequences, length 63
# corresponding to MSA columns:
# 425-487
name=unknown_E
#
# <colnr> <probs for GDERKNQSTAVLIFYWHMCP>
#	G	D	E	R	K	N	Q	S	T	A	V	L	I	F	Y	W	H	M	C	P
0	0.09184	0.01294	0.04373	0.01131	0.01582	0.04629	0.04187	0.07393	0.15376	0.24170	0.01664	0.01617	0.01184	0.00628	0.00532	0.00161	0.00542	0.00505	0.00512	0.19336
1	0.01517	0.39189	0.18862	0.04742	0.01877	0.08362	0.01285	0.05267	0.10573	0.01722	0.01101	0.01213	0.00886	0.00568	0.00472	0.00154	0.00699	0.00405	0.00311	0.00794
2	0.76289	0.01164	0.01086	0.00916	0.01296	0.01319	0.07195	0.01723	0.01024	0.02542	0.00843	0.01001	0.00652	0.00535	0.00389	0.00181	0.00497	0.00348	0.00354	0.00644
3	0.01269	0.01059	0.01369	0.01167	0.01467	0.01140	0.11190	0.02271	0.39686	0.02188	0.02363	0.06420	0.06387	0.00821	0.00579	0.00186	0.00476	0.00726	0.18470	0.00767
4	0.00906	0.00606	0.00645	0.00621	0.00816	0.00530	0.00471	0.01095	0.01353	0.06614	0.10834	0.04545	0.49502	0.01235	0.00622	0.00182	0.00301	0.01029	0.17557	0.00539
5	0.00955	0.00869	0.00955	0.03985	0.01169	0.07579	0.00749	0.01122	0.01261	0.01590	0.08840	0.26149	0.21197	0.01404	0.00843	0.00219	0.09569	0.10529	0.00481	0.00535
6	0.00709	0.00506	0.00675	0.00810	0.00843	0.00472	0.00540	0.00810	0.01113	0.01484	0.03205	0.79184	0.03846	0.01822	0.00742	0.00236	0.00337	0.01653	0.00540	0.00472
7	0.01309	0.01381	0.02388	0.01867	0.02083	0.01667	0.27968	0.01570	0.01068	0.01570	0.00915	0.01381	0.00807	0.00824	0.01459	0.00233	0.49975	0.00574	0.00269	0.00691
8	0.01466	0.01240	0.01306	0.01159	0.01491	0.01416	0.00906	0.09304	0.63637	0.02487	0.02509	0.02323	0.06504	0.00825	0.00597	0.00195	0.00466	0.00682	0.00587	0.00899
9	0.01098	0.01034	0.01744	0.78165	0.04005	0.01292	0.01615	0.01486	0.01163	0.01486	0.01034	0.01550	0.00775	0.00581	0.00581	0.00194	0.00775	0.00517	0.00258	0.00646
10	0.01976	0.01616	0.01606	0.01306	0.01715	0.08461	0.01051	0.46081	0.24501	0.03090	0.01646	0.01599	0.01206	0.00717	0.00580	0.00179	0.00622	0.00551	0.00559	0.00940
11	0.02237	0.06496	0.01684	0.01215	0.01669	0.01529	0.01011	0.43426	0.07000	0.25161	0.01690	0.01591	0.01159	0.00697	0.00570	0.00174	0.00584	0.00537	0.00602	0.00969
12	0.01133	0.01062	0.01690	0.23304	0.34879	0.01105	0.01359	0.01434	0.01280	0.01693	0.02432	0.02644	0.21992	0.00805	0.00609	0.00185	0.00602	0.00718	0.00351	0.00724
13	0.00842	0.00643	0.00954	0.00952	0.01047	0.00756	0.00738	0.01039	0.00944	0.01361	0.01630	0.07234	0.01579	0.04053	0.69047	0.00860	0.04791	0.00685	0.00324	0.00521
14	0.83671	0.01125	0.00855	0.00765	0.01125	0.01305	0.00630	0.01709	0.00990	0.02609	0.00810	0.00945	0.00630	0.00540	0.00360	0.00180	0.00450	0.00315	0.00360	0.00630
15	0.01287	0.01221	0.02070	0.30522	0.46874	0.01313	0.01674	0.01638	0.01257	0.01733	0.01155	0.04551	0.00984	0.00593	0.00584	0.00183	0.00707	0.00562	0.00287	0.00804
16	0.00709	0.00506	0.00675	0.00810	0.00843	0.00472	0.00540	0.00810	0.01113	0.01484	0.03205	0.79184	0.03846	0.01822	0.00742	0.00236	0.00337	0.01653	0.00540	0.00472
17	0.05230	0.04906	0.04751	0.01286	0.06312	0.04401	0.00993	0.24013	0.09461	0.11071	0.01787	0.09145	0.01557	0.07896	0.00799	0.00220	0.00585	0.04280	0.00502	0.00805
18	0.02172	0.02772	0.01648	0.01498	0.01798	0.77228	0.01124	0.02322	0.01648	0.01423	0.00899	0.01049	0.00749	0.00599	0.00524	0.00150	0.01049	0.00375	0.00300	0.00674
19	0.83671	0.01125	0.00855	0.00765	0.01125	0.01305	0.00630	0.01709	0.00990	0.02609	0.00810	0.00945	0.00630	0.00540	0.00360	0.00180	0.00450	0.00315	0.00360	0.00630
20	0.00804	0.00612	0.00689	0.00694	0.00858	0.00559	0.00524	0.01060	0.04537	0.01838	0.20882	0.11760	0.38550	0.01348	0.00670	0.00196	0.00314	0.05633	0.07942	0.00528
21	0.00763	0.00540	0.00706	0.00798	0.00849	0.00513	0.00550	0.00887	0.01164	0.01565	0.12295	0.52276	0.03764	0.12845	0.01058	0.00279	0.00379	0.07772	0.00525	0.00471
22	0.00761	0.00575	0.00703	0.00708	0.00840	0.00517	0.00517	0.00963	0.01445	0.01941	0.40876	0.20265	0.24967	0.01401	0.00698	0.00198	0.00293	0.01226	0.00591	0.00517
23	0.01544	0.01111	0.01486	0.05151	0.19867	0.01143	0.01073	0.05026	0.22272	0.16460	0.05796	0.02494	0.12397	0.00814	0.00604	0.00186	0.00513	0.00699	0.00521	0.00844
24	0.00810	0.00594	0.00759	0.00718	0.00861	0.00543	0.00538	0.01072	0.01615	0.02258	0.68841	0.04466	0.12321	0.01216	0.00686	0.00184	0.00276	0.01069	0.00630	0.00543
25	0.01403	0.01138	0.01660	0.08416	0.17713	0.01004	0.05771	0.01703	0.01286	0.09569	0.01186	0.01390	0.00928	0.00497	0.00508	0.00131	0.00559	0.00444	0.00360	0.44333
26	0.05890	0.01319	0.01877	0.01379	0.01886	0.05898	0.21391	0.04588	0.01370	0.08640	0.01181	0.01361	0.00905	0.00500	0.00525	0.00138	0.00640	0.00470	0.00371	0.39670
27	0.01593	0.01712	0.01806	0.01694	0.10478	0.24300	0.11482	0.02250	0.22160	0.01864	0.01431	0.01580	0.01134	0.00857	0.05546	0.00218	0.00809	0.00529	0.00385	0.08173
28	0.00777	0.00616	0.00960	0.00980	0.01071	0.00576	0.08131	0.00919	0.01140	0.01524	0.02995	0.71144	0.03539	0.01684	0.00736	0.00232	0.00404	0.01553	0.00514	0.00505
29	0.00753	0.00594	0.00683	0.00686	0.00851	0.00524	0.00523	0.00950	0.01420	0.01826	0.27954	0.08631	0.43618	0.01409	0.00699	0.00200	0.00311	0.07283	0.00572	0.00512
30	0.01247	0.01271	0.02396	0.02224	0.18540	0.01259	0.33893	0.01655	0.04458	0.01798	0.01743	0.12168	0.04704	0.00812	0.00749	0.00203	0.05737	0.04041	0.00357	0.00746
31	0.01401	0.01524	0.01717	0.56521	0.03382	0.22730	0.01476	0.01722	0.01300	0.01468	0.00996	0.01409	0.00768	0.00586	0.00565	0.00181	0.00852	0.00477	0.00270	0.00654
32	0.01307	0.01527	0.06285	0.02319	0.06016	0.01372	0.61006	0.01764	0.01341	0.01830	0.01349	0.08510	0.01144	0.00614	0.00681	0.00198	0.00905	0.00755	0.00314	0.00766
33	0.05574	0.01354	0.01730	0.03809	0.22633	0.04282	0.01200	0.24143	0.01852	0.21636	0.04873	0.01664	0.01260	0.00661	0.00574	0.00176	0.00611	0.00547	0.00508	0.00913
34	0.01388	0.01391	0.02475	0.05948	0.47427	0.01454	0.16591	0.01734	0.01266	0.01804	0.01061	0.01446	0.00885	0.00586	0.00789	0.00190	0.11888	0.00552	0.00283	0.00841
35	0.01272	0.01272	0.01781	0.01527	0.01527	0.01781	0.01272	0.01399	0.00891	0.01399	0.00763	0.01272	0.00763	0.01018	0.01908	0.00254	0.78499	0.00509	0.00254	0.00636
36	0.00857	0.00693	0.00739	0.00720	0.00932	0.00632	0.00567	0.07446	0.01454	0.01781	0.05118	0.05346	0.59474	0.01421	0.00693	0.00204	0.00357	0.10483	0.00543	0.00541
37	0.00976	0.00725	0.00991	0.00901	0.01005	0.00790	0.03608	0.01141	0.01116	0.03616	0.15082	0.03081	0.06225	0.23847	0.16576	0.00445	0.10787	0.00775	0.07795	0.00517
38	0.01135	0.21667	0.04895	0.01231	0.06128	0.01230	0.09384	0.01421	0.01414	0.01903	0.33044	0.02814	0.07657	0.00871	0.00624	0.00171	0.02553	0.00753	0.00442	0.00663
39	0.00777	0.00541	0.00684	0.00772	0.00803	0.00522	0.00510	0.00858	0.01041	0.01383	0.02717	0.46514	0.03200	0.28797	0.01518	0.00353	0.00434	0.07667	0.00474	0.00436
40	0.01423	0.12914	0.08444	0.01299	0.06339	0.01324	0.04344	0.14068	0.07419	0.02121	0.01376	0.08304	0.01201	0.00659	0.00521	0.00149	0.00569	0.00547	0.00394	0.26586
41	0.08443	0.00602	0.00608	0.00599	0.00735	0.00625	0.00439	0.01297	0.01130	0.02014	0.01769	0.02289	0.01496	0.11656	0.05627	0.00249	0.00409	0.00568	0.58922	0.00523
42	0.50127	0.08721	0.01306	0.01021	0.01374	0.25781	0.00821	0.01909	0.01218	0.02117	0.00838	0.00977	0.00679	0.00555	0.00414	0.00165	0.00658	0.00334	0.00331	0.00654
43	0.04527	0.00617	0.00728	0.00693	0.00857	0.00567	0.00522	0.01051	0.01527	0.02131	0.52723	0.04541	0.24927	0.01239	0.00672	0.00187	0.00288	0.01068	0.00599	0.00536
44	0.01341	0.01361	0.02627	0.18720	0.07696	0.01388	0.40665	0.07910	0.01402	0.01892	0.01193	0.01606	0.00922	0.00877	0.07516	0.00258	0.00940	0.00619	0.00312	0.00757
45	0.00759	0.00584	0.00698	0.00716	0.00860	0.00523	0.00537	0.00953	0.01403	0.01834	0.29240	0.17177	0.33604	0.01443	0.00706	0.00204	0.00315	0.07357	0.00574	0.00512
46	0.00763	0.00633	0.00673	0.00655	0.00849	0.00564	0.00494	0.01032	0.06163	0.01774	0.19141	0.05132	0.57329	0.01373	0.00681	0.00194	0.00301	0.01156	0.00563	0.00530
47	0.00725	0.00516	0.00685	0.00814	0.00850	0.00485	0.00549	0.00829	0.01111	0.01480	0.03137	0.72435	0.03744	0.05356	0.00846	0.00253	0.00357	0.04826	0.00531	0.00470
48	0.83671	0.01125	0.00855	0.00765	0.01125	0.01305	0.00630	0.01709	0.00990	0.02609	0.00810	0.00945	0.00630	0.00540	0.00360	0.00180	0.00450	0.00315	0.00360	0.00630
49	0.01047	0.00772	0.00791	0.00844	0.00971	0.07441	0.00656	0.01269	0.01285	0.01836	0.05343	0.20377	0.02625	0.01205	0.00614	0.00198	0.00430	0.20972	0.30786	0.00537
50	0.02172	0.02772	0.01648	0.01498	0.01798	0.77228	0.01124	0.02322	0.01648	0.01423	0.00899	0.01049	0.00749	0.00599	0.00524	0.00150	0.01049	0.00375	0.00300	0.00674
51	0.83671	0.01125	0.00855	0.00765	0.01125	0.01305	0.00630	0.01709	0.00990	0.02609	0.00810	0.00945	0.00630	0.00540	0.00360	0.00180	0.00450	0.00315	0.00360	0.00630
52	0.00877	0.00644	0.00883	0.00962	0.05708	0.00691	0.00616	0.00995	0.00917	0.01279	0.01659	0.02957	0.01735	0.40094	0.36729	0.00708	0.01026	0.00723	0.00330	0.00465
53	0.00708	0.00590	0.00618	0.00611	0.00798	0.00500	0.00458	0.00875	0.01375	0.01687	0.16571	0.05405	0.64947	0.01429	0.00687	0.00194	0.00291	0.01200	0.00555	0.00500
54	0.01010	0.00505	0.00758	0.00758	0.00758	0.00505	0.00505	0.00758	0.00758	0.01010	0.01010	0.01768	0.01010	0.02020	0.02273	0.83081	0.00505	0.00505	0.00253	0.00253
55	0.00709	0.00563	0.00637	0.00675	0.00813	0.00491	0.00485	0.00854	0.01291	0.01624	0.12440	0.29186	0.45070	0.01555	0.00705	0.00208	0.00306	0.01346	0.00551	0.00491
56	0.12724	0.01537	0.04464	0.01241	0.01690	0.01630	0.01048	0.49141	0.11959	0.06575	0.01475	0.01459	0.01057	0.00685	0.00553	0.00179	0.00593	0.00513	0.00547	0.00928
57	0.01579	0.01207	0.01362	0.04641	0.01578	0.01297	0.00921	0.35824	0.11872	0.02680	0.01950	0.21719	0.01818	0.00974	0.00612	0.00187	0.00525	0.00820	0.00537	0.07897
58	0.01267	0.01046	0.01347	0.01192	0.08057	0.00914	0.03996	0.09378	0.01369	0.02012	0.01503	0.08098	0.04228	0.00714	0.00591	0.03913	0.00484	0.00557	0.03933	0.45399
59	0.01117	0.12669	0.01441	0.01082	0.04519	0.04253	0.06600	0.01314	0.01239	0.03587	0.02745	0.06385	0.21439	0.10346	0.04372	0.00257	0.00580	0.07652	0.00410	0.07993
60	0.01406	0.08255	0.24296	0.05362	0.33669	0.01428	0.01685	0.01977	0.09423	0.05145	0.01246	0.01444	0.00963	0.00568	0.00555	0.00176	0.00705	0.00493	0.00323	0.00881
61	0.08811	0.04482	0.01919	0.05523	0.25668	0.06427	0.05174	0.08259	0.15598	0.02092	0.01283	0.01482	0.01023	0.00647	0.00698	0.00186	0.09009	0.00518	0.00373	0.00828
62	0.08990	0.10277	0.05054	0.01349	0.05048	0.04659	0.01103	0.40398	0.12566	0.02897	0.01371	0.01398	0.01020	0.00657	0.00537	0.00172	0.00624	0.00491	0.00488	0.00900

[dist]
# distance from previous block
# <min> <max>
0	24

[block]
# block no. 5 follows, 40 sequences, length 45
# corresponding to MSA columns:
# 529-573
name=unknown_F
#
# <colnr> <probs for GDERKNQSTAVLIFYWHMCP>
#	G	D	E	R	K	N	Q	S	T	A	V	L	I	F	Y	W	H	M	C	P
0	0.01046	0.00938	0.01510	0.55780	0.06241	0.01120	0.01353	0.01384	0.01170	0.01540	0.01638	0.02067	0.08693	0.01002	0.07159	0.00253	0.00759	0.00602	0.05121	0.00624
1	0.01278	0.01294	0.06951	0.14746	0.22035	0.01293	0.06478	0.07620	0.05656	0.01870	0.01468	0.12330	0.01353	0.00965	0.04223	0.00232	0.08399	0.00694	0.00356	0.00758
2	0.01880	0.13122	0.01812	0.06018	0.09917	0.30423	0.01111	0.07936	0.01581	0.12090	0.01565	0.01641	0.07119	0.00672	0.00538	0.00161	0.00758	0.00502	0.00390	0.00764
3	0.00711	0.00593	0.00622	0.00623	0.00810	0.00504	0.00472	0.00876	0.01359	0.01657	0.13053	0.05503	0.65560	0.01448	0.00692	0.00198	0.00302	0.03968	0.00550	0.00499
4	0.01587	0.01031	0.01208	0.06262	0.01454	0.01099	0.00834	0.26867	0.03542	0.10320	0.13855	0.02202	0.01925	0.00985	0.05043	0.00214	0.00538	0.00630	0.19643	0.00760
5	0.01080	0.00913	0.01104	0.16632	0.01715	0.00981	0.00879	0.07563	0.17066	0.01925	0.03547	0.03772	0.32564	0.01092	0.00646	0.00200	0.00476	0.06689	0.00497	0.00659
6	0.00743	0.00565	0.00664	0.00691	0.00807	0.00507	0.00487	0.00894	0.01299	0.01693	0.22119	0.25632	0.30890	0.09217	0.00927	0.00240	0.00328	0.01265	0.00546	0.00486
7	0.01531	0.01126	0.01656	0.49942	0.03130	0.01304	0.01377	0.12558	0.05403	0.14204	0.01366	0.01631	0.00970	0.00633	0.00583	0.00189	0.00692	0.00537	0.00400	0.00768
8	0.01884	0.01943	0.01543	0.12408	0.01976	0.38707	0.01093	0.11318	0.07744	0.07056	0.01278	0.01550	0.01029	0.07088	0.00749	0.00199	0.00830	0.00491	0.00388	0.00727
9	0.00812	0.00615	0.00638	0.00618	0.00831	0.00514	0.00469	0.00964	0.01347	0.06410	0.05658	0.05362	0.70893	0.01424	0.00681	0.00195	0.00308	0.01186	0.00552	0.00523
10	0.00700	0.00581	0.00612	0.00623	0.00798	0.00493	0.00460	0.00851	0.01327	0.01618	0.10761	0.13176	0.63023	0.01488	0.00693	0.00200	0.00298	0.01259	0.00547	0.00493
11	0.01009	0.00888	0.01462	0.04978	0.25595	0.00872	0.06153	0.01229	0.01202	0.01647	0.02286	0.45218	0.02559	0.01253	0.00677	0.00211	0.00516	0.01169	0.00429	0.00648
12	0.06712	0.00780	0.00880	0.00890	0.01059	0.00834	0.00674	0.04459	0.16855	0.01998	0.02466	0.29329	0.02484	0.01342	0.03835	0.00236	0.00443	0.08393	0.15711	0.00620
13	0.00743	0.00531	0.00654	0.00738	0.00781	0.00499	0.00478	0.00822	0.01065	0.01398	0.03138	0.50618	0.11460	0.22709	0.01333	0.00320	0.00394	0.01388	0.00489	0.00442
14	0.15758	0.01190	0.01361	0.01069	0.01492	0.01209	0.00880	0.24778	0.01886	0.37545	0.05673	0.01752	0.01381	0.00708	0.00552	0.00178	0.00521	0.00546	0.00613	0.00907
15	0.09685	0.09963	0.01873	0.06809	0.25381	0.01503	0.01234	0.19350	0.07710	0.02325	0.01382	0.07746	0.01190	0.00695	0.00549	0.00177	0.00604	0.00581	0.00406	0.00835
16	0.01254	0.00965	0.01352	0.06689	0.11903	0.01071	0.01000	0.11410	0.01331	0.06172	0.01782	0.19891	0.01774	0.05016	0.16337	0.00369	0.09775	0.00822	0.00414	0.00673
17	0.12169	0.01609	0.01444	0.01278	0.01486	0.23288	0.01009	0.11622	0.01402	0.01879	0.01206	0.09377	0.01143	0.01111	0.06314	0.00250	0.21808	0.00575	0.00360	0.00670
18	0.00723	0.00585	0.00624	0.00636	0.00796	0.00508	0.00466	0.00865	0.01283	0.01572	0.09274	0.10146	0.56607	0.09306	0.00923	0.00238	0.00333	0.04107	0.00527	0.00481
19	0.01445	0.12460	0.02233	0.01871	0.14692	0.16648	0.20633	0.01729	0.01348	0.01657	0.01564	0.06715	0.06355	0.00844	0.03799	0.00204	0.00800	0.00634	0.03650	0.00719
20	0.00698	0.00579	0.00611	0.00626	0.00798	0.00492	0.00461	0.00847	0.01317	0.01605	0.09655	0.14980	0.62327	0.01501	0.00694	0.00201	0.00299	0.01272	0.00546	0.00492
21	0.02004	0.01985	0.01639	0.01388	0.01734	0.31029	0.01094	0.29358	0.14081	0.02432	0.01319	0.01380	0.01010	0.00697	0.00655	0.00174	0.06255	0.00487	0.00451	0.00831
22	0.01015	0.00753	0.00916	0.00823	0.01029	0.00717	0.00603	0.01275	0.06511	0.04449	0.02104	0.07219	0.08695	0.21961	0.20127	0.00450	0.00730	0.00735	0.00401	0.19487
23	0.07259	0.39240	0.08498	0.05715	0.01851	0.05005	0.06480	0.07910	0.04715	0.06774	0.01091	0.01210	0.00862	0.00558	0.00470	0.00155	0.00669	0.00415	0.00337	0.00786
24	0.01092	0.00806	0.01024	0.13591	0.01538	0.00826	0.00806	0.06053	0.07167	0.07458	0.10494	0.14671	0.24813	0.01197	0.00664	0.00203	0.00445	0.06004	0.00523	0.00626
25	0.00709	0.00577	0.00631	0.00660	0.00820	0.00498	0.00488	0.00860	0.01301	0.01600	0.08698	0.19734	0.55115	0.01532	0.00703	0.00207	0.00313	0.04517	0.00545	0.00492
26	0.01422	0.08177	0.16212	0.01131	0.01532	0.11906	0.01062	0.07072	0.17096	0.02053	0.01836	0.01903	0.06288	0.00707	0.00520	0.00166	0.00594	0.00547	0.19026	0.00749
27	0.01417	0.05195	0.17648	0.16599	0.27769	0.01367	0.06599	0.01916	0.06060	0.08010	0.01247	0.01494	0.00943	0.00569	0.00572	0.00181	0.00727	0.00516	0.00328	0.00845
28	0.00974	0.00640	0.00794	0.00794	0.00972	0.00577	0.00624	0.01178	0.01414	0.09567	0.20645	0.13269	0.28725	0.01396	0.00707	0.00211	0.00366	0.16004	0.00581	0.00563
29	0.00827	0.00595	0.00816	0.00825	0.00889	0.00655	0.00588	0.00958	0.00917	0.01284	0.01763	0.08069	0.01840	0.29493	0.47011	0.00762	0.01140	0.00769	0.00341	0.00460
30	0.05251	0.13637	0.06647	0.04547	0.06836	0.11070	0.01097	0.06684	0.01440	0.09128	0.06400	0.02453	0.05884	0.00845	0.00659	0.00186	0.05673	0.10424	0.00414	0.00724
31	0.01166	0.00912	0.01295	0.04259	0.01402	0.00981	0.07438	0.07318	0.01330	0.06591	0.09308	0.08404	0.13290	0.11081	0.05626	0.00298	0.12382	0.05858	0.00450	0.00611
32	0.01150	0.00850	0.00997	0.00904	0.01070	0.00922	0.00668	0.16242	0.06097	0.01844	0.02030	0.02883	0.07778	0.28581	0.24855	0.00542	0.00855	0.00730	0.00419	0.00584
33	0.03620	0.01383	0.06619	0.06048	0.14215	0.06166	0.01138	0.09603	0.22457	0.05255	0.10256	0.02239	0.06936	0.00777	0.00591	0.00184	0.00570	0.00650	0.00478	0.00814
34	0.07347	0.01663	0.13907	0.08579	0.07373	0.01508	0.08629	0.27507	0.03271	0.08027	0.01272	0.01424	0.00925	0.00642	0.00650	0.00186	0.05286	0.00516	0.00425	0.00865
35	0.01289	0.01332	0.01479	0.25323	0.10406	0.18382	0.01185	0.02446	0.01285	0.01541	0.01638	0.24134	0.01687	0.00963	0.00675	0.00196	0.04230	0.00817	0.00357	0.00636
36	0.09782	0.01360	0.01370	0.04813	0.11129	0.15912	0.00977	0.07666	0.05284	0.06717	0.01374	0.01776	0.01157	0.09243	0.08540	0.00289	0.03937	0.00528	0.07449	0.00698
37	0.01250	0.01128	0.01098	0.00969	0.01235	0.12633	0.00728	0.04796	0.06308	0.01690	0.01827	0.14555	0.06311	0.01289	0.06201	0.11746	0.00604	0.00694	0.00395	0.24543
38	0.08746	0.08460	0.09289	0.06769	0.07167	0.24416	0.04044	0.11164	0.05837	0.01992	0.01090	0.01250	0.00854	0.00583	0.00520	0.00162	0.00770	0.00435	0.00347	0.06106
39	0.07143	0.01245	0.04819	0.05861	0.07974	0.02838	0.01048	0.13679	0.10570	0.09638	0.06097	0.02040	0.06613	0.01068	0.06950	0.00246	0.07119	0.00604	0.00458	0.03989
40	0.01507	0.01323	0.01689	0.08120	0.18189	0.08695	0.06247	0.09785	0.07619	0.06294	0.01675	0.01848	0.06176	0.00824	0.04041	0.00202	0.00678	0.00569	0.05255	0.09265
41	0.01730	0.14301	0.09586	0.06562	0.01877	0.16587	0.01184	0.23777	0.05840	0.02215	0.01439	0.01539	0.05272	0.00687	0.00595	0.00169	0.03985	0.00498	0.01358	0.00798
42	0.00752	0.00559	0.00724	0.00796	0.00878	0.00545	0.00569	0.00886	0.01112	0.01464	0.03275	0.40216	0.16753	0.07733	0.16324	0.00394	0.00603	0.05455	0.00480	0.00481
43	0.01426	0.14822	0.01671	0.01180	0.04549	0.01259	0.06796	0.16914	0.03570	0.07617	0.08624	0.10553	0.16727	0.00956	0.00601	0.00180	0.00520	0.00811	0.00490	0.00735
44	0.01168	0.11974	0.01752	0.01717	0.19872	0.01203	0.06042	0.01513	0.07242	0.01697	0.02160	0.21090	0.07137	0.01043	0.00710	0.00200	0.05592	0.06786	0.00405	0.00697

[dist]
# distance from previous block
# <min> <max>
2	4

[block]
# block no. 6 follows, 40 sequences, length 8
# corresponding to MSA columns:
# 578-585
name=unknown_G
#
# <colnr> <probs for GDERKNQSTAVLIFYWHMCP>
#	G	D	E	R	K	N	Q	S	T	A	V	L	I	F	Y	W	H	M	C	P
