[name]
unknown

[dist]
# distance from previous block
# <min> <max>
0	165

[block]
# block no. 0 follows, 43 sequences, length 32
# corresponding to MSA columns:
# 234-265
name=unknown_A
#
# <colnr> <probs for GDERKNQSTAVLIFYWHMCP>
#	G	D	E	R	K	N	Q	S	T	A	V	L	I	F	Y	W	H	M	C	P
0	0.19509	0.02615	0.09587	0.01620	0.17590	0.03374	0.01183	0.11501	0.05993	0.02118	0.01271	0.01824	0.01106	0.00715	0.00660	0.00187	0.09033	0.09012	0.00364	0.00738
1	0.01268	0.01701	0.25063	0.01202	0.01699	0.03948	0.01205	0.09434	0.07962	0.01932	0.01321	0.03560	0.03509	0.00631	0.00624	0.00154	0.07863	0.00476	0.00346	0.26105
2	0.00807	0.00587	0.00787	0.00894	0.01004	0.00567	0.00730	0.01010	0.01232	0.01604	0.06530	0.24782	0.11199	0.01551	0.00734	0.00237	0.00427	0.44312	0.00516	0.00491
3	0.01556	0.01397	0.12315	0.03399	0.19166	0.01095	0.10741	0.04498	0.01350	0.19376	0.01307	0.01431	0.00950	0.00528	0.00531	0.00153	0.00619	0.00482	0.00386	0.18720
4	0.01718	0.26840	0.02068	0.01174	0.01620	0.05821	0.08414	0.18654	0.01574	0.12887	0.01246	0.03989	0.00987	0.00589	0.00487	0.00145	0.00606	0.00468	0.00401	0.10312
5	0.02111	0.01276	0.01413	0.01118	0.01519	0.04600	0.00911	0.32495	0.10811	0.31256	0.01766	0.01648	0.01206	0.00678	0.00546	0.00168	0.00537	0.00531	0.04511	0.00901
6	0.00791	0.00593	0.00890	0.00890	0.00989	0.00692	0.00692	0.00989	0.00890	0.01286	0.01483	0.02176	0.01385	0.04154	0.78341	0.00890	0.01483	0.00593	0.00297	0.00494
7	0.01565	0.45625	0.02446	0.01267	0.04024	0.19650	0.08400	0.01771	0.01245	0.01421	0.00889	0.01063	0.00768	0.00519	0.00468	0.00136	0.02923	0.00370	0.04760	0.00690
8	0.01148	0.00984	0.01148	0.00820	0.01312	0.00738	0.00656	0.01395	0.01148	0.01805	0.00984	0.01148	0.00820	0.00410	0.00410	0.00082	0.00410	0.00328	0.00328	0.83922
9	0.06113	0.01467	0.09892	0.02605	0.48133	0.01317	0.04639	0.09648	0.01404	0.07812	0.01143	0.01364	0.00887	0.00530	0.00540	0.00168	0.00654	0.00486	0.00335	0.00862
10	0.01423	0.16207	0.28803	0.01186	0.01693	0.01264	0.01262	0.05073	0.03965	0.15793	0.01380	0.03968	0.01079	0.01183	0.13034	0.00281	0.00781	0.00495	0.00364	0.00766
11	0.00784	0.00566	0.00740	0.00697	0.00827	0.00523	0.00523	0.01045	0.01568	0.02221	0.76789	0.04137	0.05226	0.01132	0.00653	0.00174	0.00261	0.01002	0.00610	0.00523
12	0.01111	0.02865	0.77667	0.01579	0.02397	0.01286	0.02046	0.01754	0.01169	0.01754	0.00994	0.01169	0.00702	0.00526	0.00526	0.00175	0.00818	0.00409	0.00234	0.00818
13	0.01587	0.07617	0.17481	0.05146	0.10244	0.01377	0.01266	0.26689	0.03676	0.09005	0.01445	0.09393	0.01193	0.00710	0.00549	0.00172	0.00617	0.00582	0.00425	0.00824
14	0.25201	0.15737	0.01859	0.01701	0.22369	0.01502	0.04577	0.06892	0.01189	0.01963	0.00924	0.01164	0.00774	0.00688	0.03428	0.00193	0.08396	0.00413	0.00305	0.00725
15	0.00962	0.00481	0.00722	0.00722	0.00722	0.00481	0.00481	0.00722	0.00722	0.00962	0.00962	0.01684	0.00962	0.01924	0.02165	0.83886	0.00481	0.00481	0.00241	0.00241
16	0.00989	0.13542	0.01232	0.00919	0.01096	0.00933	0.00762	0.01191	0.01004	0.04719	0.01570	0.02434	0.01487	0.03098	0.53202	0.00659	0.01180	0.09100	0.00329	0.00551
17	0.01810	0.16004	0.13361	0.01333	0.06611	0.07646	0.01157	0.16562	0.08546	0.19512	0.01404	0.01398	0.01009	0.00603	0.00511	0.00160	0.00625	0.00462	0.00439	0.00847
18	0.00860	0.00509	0.00671	0.00678	0.00707	0.00497	0.00444	0.00762	0.00839	0.01096	0.01913	0.07250	0.11506	0.21603	0.04066	0.44760	0.00486	0.00721	0.00318	0.00314
19	0.00962	0.00481	0.00722	0.00722	0.00722	0.00481	0.00481	0.00722	0.00722	0.00962	0.00962	0.01684	0.00962	0.01924	0.02165	0.83886	0.00481	0.00481	0.00241	0.00241
20	0.01132	0.02120	0.50639	0.01385	0.04208	0.01094	0.03441	0.03339	0.01232	0.03607	0.04827	0.04828	0.01186	0.00629	0.00523	0.00170	0.00666	0.00518	0.13711	0.00746
21	0.07836	0.01711	0.19352	0.01839	0.16734	0.01400	0.10717	0.21927	0.01601	0.07582	0.01170	0.01325	0.00859	0.00573	0.00579	0.00173	0.02920	0.00485	0.00375	0.00841
22	0.01720	0.02039	0.10635	0.06366	0.02060	0.32249	0.13313	0.16768	0.01639	0.01945	0.01071	0.01254	0.00819	0.00571	0.00536	0.00160	0.00832	0.00457	0.04834	0.00732
23	0.38770	0.13518	0.04289	0.01355	0.14140	0.08776	0.00972	0.04961	0.01168	0.02055	0.00878	0.01050	0.00715	0.00534	0.00459	0.00161	0.03105	0.00361	0.02045	0.00689
24	0.00773	0.00557	0.00716	0.00726	0.00788	0.00584	0.00500	0.00874	0.00909	0.01231	0.02163	0.09564	0.09909	0.35403	0.32226	0.00613	0.00865	0.00824	0.00354	0.00422
25	0.00804	0.00543	0.00635	0.00635	0.00645	0.00554	0.00374	0.00825	0.00814	0.01097	0.01717	0.03469	0.01946	0.72364	0.10899	0.00575	0.00638	0.00783	0.00331	0.00353
26	0.01419	0.01178	0.01516	0.01732	0.22360	0.01267	0.01090	0.19303	0.23270	0.02287	0.01851	0.14056	0.01655	0.00844	0.00587	0.00185	0.00524	0.03593	0.00471	0.00811
27	0.01133	0.00966	0.01131	0.00815	0.01291	0.00729	0.00650	0.01379	0.01167	0.01823	0.04272	0.01278	0.01011	0.00441	0.00421	0.00086	0.00404	0.00357	0.00340	0.80305
28	0.01741	0.01617	0.01679	0.01837	0.22503	0.19441	0.01169	0.20106	0.13656	0.05366	0.01340	0.01496	0.01051	0.03780	0.00631	0.00179	0.00678	0.00499	0.00412	0.00819
29	0.01539	0.11698	0.04518	0.01724	0.22386	0.10294	0.01123	0.15699	0.05968	0.04211	0.01259	0.01671	0.01090	0.13445	0.00885	0.00218	0.00647	0.00510	0.00362	0.00753
30	0.01160	0.06964	0.44416	0.08087	0.02079	0.01184	0.01537	0.05669	0.01238	0.04929	0.01436	0.16111	0.01305	0.00768	0.00555	0.00181	0.00677	0.00640	0.00325	0.00737
31	0.01161	0.00989	0.01206	0.13671	0.04921	0.04036	0.00908	0.09388	0.12510	0.01850	0.01885	0.23524	0.01860	0.01058	0.03060	0.00202	0.00537	0.04026	0.00429	0.12781

[dist]
# distance from previous block
# <min> <max>
1	80

[block]
# block no. 1 follows, 43 sequences, length 36
# corresponding to MSA columns:
# 346-381
name=unknown_B
#
# <colnr> <probs for GDERKNQSTAVLIFYWHMCP>
#	G	D	E	R	K	N	Q	S	T	A	V	L	I	F	Y	W	H	M	C	P
0	0.09236	0.10354	0.14969	0.05093	0.12349	0.10032	0.01214	0.09779	0.01381	0.07133	0.01057	0.01201	0.00810	0.00530	0.00480	0.00149	0.00646	0.00405	0.00336	0.12847
1	0.06470	0.08586	0.01777	0.05951	0.07254	0.16465	0.10551	0.01802	0.03610	0.10023	0.01238	0.05799	0.01053	0.02993	0.00705	0.00177	0.07824	0.00526	0.00347	0.06850
2	0.03852	0.01642	0.19344	0.01794	0.21701	0.03521	0.01354	0.17943	0.01579	0.12340	0.01649	0.01719	0.07789	0.00650	0.00548	0.00170	0.00629	0.00535	0.00406	0.00835
3	0.10633	0.10656	0.07476	0.07081	0.22668	0.23186	0.05005	0.01850	0.01293	0.03882	0.00959	0.01174	0.00772	0.00526	0.00495	0.00157	0.00748	0.00415	0.00288	0.00735
4	0.01322	0.01279	0.02219	0.13930	0.63019	0.01308	0.05467	0.01664	0.01242	0.01752	0.01038	0.01392	0.00856	0.00501	0.00554	0.00168	0.00683	0.00502	0.00271	0.00834
5	0.00841	0.00524	0.00631	0.00631	0.00631	0.00524	0.00368	0.00786	0.00786	0.01049	0.01569	0.03187	0.01776	0.62818	0.02671	0.19323	0.00524	0.00732	0.00314	0.00314
6	0.00779	0.00584	0.00724	0.00686	0.00832	0.00539	0.00515	0.01059	0.03789	0.02097	0.62008	0.04283	0.17703	0.01168	0.00651	0.00177	0.00270	0.01020	0.00591	0.00524
7	0.01115	0.00707	0.00847	0.00812	0.01036	0.00652	0.00665	0.05803	0.01402	0.14105	0.03984	0.04794	0.37755	0.01278	0.00665	0.00204	0.00401	0.22644	0.00543	0.00587
8	0.00989	0.00606	0.00781	0.00732	0.00896	0.00546	0.00550	0.01206	0.01462	0.12461	0.47647	0.14994	0.12606	0.01188	0.00648	0.00183	0.00301	0.01042	0.00595	0.00564
9	0.00670	0.00499	0.00625	0.00726	0.00791	0.00454	0.00494	0.00776	0.01104	0.01432	0.03605	0.64021	0.19461	0.01663	0.00696	0.00217	0.00313	0.01487	0.00514	0.00454
10	0.01148	0.00984	0.01148	0.00820	0.01312	0.00738	0.00656	0.01395	0.01148	0.01805	0.00984	0.01148	0.00820	0.00410	0.00410	0.00082	0.00410	0.00328	0.00328	0.83922
11	0.01148	0.00984	0.01148	0.00820	0.01312	0.00738	0.00656	0.01395	0.01148	0.01805	0.00984	0.01148	0.00820	0.00410	0.00410	0.00082	0.00410	0.00328	0.00328	0.83922
12	0.01148	0.00984	0.01148	0.00820	0.01312	0.00738	0.00656	0.01395	0.01148	0.01805	0.00984	0.01148	0.00820	0.00410	0.00410	0.00082	0.00410	0.00328	0.00328	0.83922
13	0.02069	0.02640	0.01569	0.01427	0.01712	0.78313	0.01070	0.02212	0.01569	0.01355	0.00856	0.00999	0.00713	0.00571	0.00499	0.00143	0.00999	0.00357	0.00285	0.00642
14	0.00766	0.00565	0.00716	0.00678	0.00817	0.00515	0.00509	0.01011	0.01526	0.02123	0.67129	0.04299	0.14947	0.01169	0.00653	0.00176	0.00264	0.01024	0.00597	0.00515
15	0.01378	0.01190	0.01252	0.01127	0.01440	0.01378	0.00877	0.02943	0.76081	0.02317	0.02254	0.02066	0.01691	0.00751	0.00564	0.00188	0.00438	0.00626	0.00564	0.00877
16	0.84448	0.01071	0.00814	0.00728	0.01071	0.01242	0.00600	0.01628	0.00943	0.02485	0.00771	0.00900	0.00600	0.00514	0.00343	0.00171	0.00428	0.00300	0.00343	0.00600
17	0.01594	0.01281	0.01505	0.08082	0.09955	0.01436	0.01061	0.28806	0.30872	0.02596	0.01654	0.01673	0.01234	0.00669	0.00548	0.00174	0.00540	0.00548	0.04911	0.00859
18	0.00675	0.00482	0.00643	0.00771	0.00803	0.00450	0.00514	0.00771	0.01060	0.01414	0.03053	0.80175	0.03663	0.01735	0.00707	0.00225	0.00321	0.01574	0.00514	0.00450
19	0.01212	0.01212	0.01696	0.01454	0.01454	0.01696	0.01212	0.01333	0.00848	0.01333	0.00727	0.01212	0.00727	0.00969	0.01818	0.00242	0.79523	0.00485	0.00242	0.00606
20	0.00656	0.00554	0.00568	0.00579	0.00753	0.00466	0.00429	0.00793	0.01245	0.01489	0.05391	0.11740	0.70589	0.01431	0.00659	0.00190	0.00284	0.01204	0.00514	0.00466
21	0.84448	0.01071	0.00814	0.00728	0.01071	0.01242	0.00600	0.01628	0.00943	0.02485	0.00771	0.00900	0.00600	0.00514	0.00343	0.00171	0.00428	0.00300	0.00343	0.00600
22	0.01212	0.01212	0.01696	0.01454	0.01454	0.01696	0.01212	0.01333	0.00848	0.01333	0.00727	0.01212	0.00727	0.00969	0.01818	0.00242	0.79523	0.00485	0.00242	0.00606
23	0.01765	0.01103	0.01264	0.01077	0.01431	0.01180	0.00855	0.02858	0.49992	0.28634	0.02230	0.02003	0.01579	0.00728	0.00561	0.00182	0.00450	0.00602	0.00606	0.00900
24	0.00675	0.00482	0.00643	0.00771	0.00803	0.00450	0.00514	0.00771	0.01060	0.01414	0.03053	0.80175	0.03663	0.01735	0.00707	0.00225	0.00321	0.01574	0.00514	0.00450
25	0.01378	0.01190	0.01252	0.01127	0.01440	0.01378	0.00877	0.02943	0.76081	0.02317	0.02254	0.02066	0.01691	0.00751	0.00564	0.00188	0.00438	0.00626	0.00564	0.00877
26	0.00965	0.00649	0.00788	0.00716	0.00904	0.00596	0.00548	0.05059	0.01542	0.08537	0.47260	0.04116	0.23923	0.01142	0.00640	0.00177	0.00303	0.00982	0.00588	0.00566
27	0.02399	0.01080	0.01370	0.01050	0.01482	0.01018	0.00868	0.19048	0.01815	0.60792	0.01992	0.01760	0.01274	0.00681	0.00556	0.00170	0.00502	0.00544	0.00656	0.00942
28	0.00655	0.00561	0.00561	0.00561	0.00748	0.00468	0.00421	0.00795	0.01262	0.01496	0.05610	0.05330	0.76857	0.01403	0.00655	0.00187	0.00281	0.01169	0.00514	0.00468
29	0.01270	0.01752	0.17289	0.02192	0.02801	0.01379	0.61308	0.01770	0.01281	0.01770	0.01097	0.01433	0.00814	0.00478	0.00630	0.00185	0.00912	0.00608	0.00271	0.00760
30	0.01481	0.80869	0.02902	0.00948	0.01421	0.02191	0.00948	0.01658	0.01125	0.01303	0.00770	0.00888	0.00711	0.00474	0.00355	0.00118	0.00592	0.00296	0.00237	0.00711
31	0.01904	0.01239	0.01352	0.01064	0.01433	0.01331	0.00870	0.49384	0.02148	0.12134	0.01543	0.01567	0.01104	0.00663	0.00516	0.00158	0.00512	0.00510	0.19724	0.00844
32	0.00674	0.00485	0.00639	0.00763	0.00801	0.00451	0.00510	0.00772	0.01068	0.01417	0.03153	0.77225	0.06548	0.01722	0.00705	0.00223	0.00320	0.01558	0.00514	0.00451
33	0.01553	0.00752	0.00964	0.00817	0.01080	0.00694	0.00645	0.01874	0.06114	0.33062	0.31195	0.02798	0.02899	0.00858	0.00571	0.00168	0.00358	0.00729	0.12153	0.00716
34	0.01046	0.00984	0.01661	0.79205	0.03814	0.01230	0.01538	0.01415	0.01107	0.01415	0.00984	0.01477	0.00738	0.00554	0.00554	0.00185	0.00738	0.00492	0.00246	0.00615
35	0.00872	0.00540	0.00811	0.00811	0.00863	0.00593	0.00593	0.00863	0.00811	0.01133	0.01237	0.01944	0.01185	0.03102	0.42404	0.40045	0.01011	0.00540	0.00270	0.00375

[dist]
# distance from previous block
# <min> <max>
0	10

[block]
# block no. 2 follows, 43 sequences, length 33
# corresponding to MSA columns:
# 392-424
name=unknown_C
#
# <colnr> <probs for GDERKNQSTAVLIFYWHMCP>
#	G	D	E	R	K	N	Q	S	T	A	V	L	I	F	Y	W	H	M	C	P
0	0.01436	0.01515	0.01915	0.02302	0.34666	0.15328	0.01400	0.01652	0.01159	0.01546	0.00888	0.01243	0.00790	0.00689	0.01024	0.00190	0.30796	0.00465	0.00264	0.00731
1	0.01046	0.00984	0.01661	0.79205	0.03814	0.01230	0.01538	0.01415	0.01107	0.01415	0.00984	0.01477	0.00738	0.00554	0.00554	0.00185	0.00738	0.00492	0.00246	0.00615
2	0.00869	0.00621	0.00865	0.00993	0.01110	0.00617	0.00852	0.01107	0.01252	0.01631	0.02945	0.14242	0.03239	0.01552	0.00759	0.00252	0.00490	0.65591	0.00510	0.00503
3	0.01324	0.01281	0.01719	0.11514	0.41232	0.10714	0.01316	0.01655	0.03875	0.01733	0.01485	0.01738	0.06506	0.00605	0.00531	0.00162	0.00625	0.00533	0.10710	0.00742
4	0.49732	0.04231	0.01175	0.01007	0.01332	0.31271	0.00794	0.01856	0.01192	0.02007	0.00804	0.00938	0.00648	0.00535	0.00404	0.00159	0.00656	0.00322	0.00317	0.00620
5	0.01158	0.16725	0.01787	0.01817	0.28765	0.01239	0.01106	0.01385	0.01088	0.01509	0.01273	0.07264	0.01214	0.03347	0.21373	0.00364	0.04715	0.00567	0.02628	0.00676
6	0.00910	0.01021	0.13352	0.00978	0.01238	0.00741	0.04469	0.01278	0.08145	0.04153	0.11078	0.33582	0.14386	0.01232	0.00643	0.00198	0.00435	0.01092	0.00478	0.00591
7	0.01154	0.00943	0.01053	0.00954	0.01195	0.01034	0.00736	0.04322	0.43084	0.02312	0.33034	0.02900	0.03129	0.00906	0.00600	0.00182	0.00370	0.00778	0.00582	0.00732
8	0.00675	0.00482	0.00643	0.00771	0.00803	0.00450	0.00514	0.00771	0.01060	0.01414	0.03053	0.80175	0.03663	0.01735	0.00707	0.00225	0.00321	0.01574	0.00514	0.00450
9	0.00896	0.00525	0.00787	0.00787	0.00826	0.00563	0.00563	0.00826	0.00787	0.01088	0.01165	0.01875	0.01126	0.02792	0.31815	0.51581	0.00871	0.00525	0.00262	0.00339
10	0.00695	0.00558	0.00620	0.00615	0.00775	0.00483	0.00457	0.00869	0.01342	0.01710	0.26982	0.09503	0.50760	0.01341	0.00657	0.00185	0.00277	0.01143	0.00543	0.00483
11	0.01148	0.00984	0.01148	0.00820	0.01312	0.00738	0.00656	0.01395	0.01148	0.01805	0.00984	0.01148	0.00820	0.00410	0.00410	0.00082	0.00410	0.00328	0.00328	0.83922
12	0.84448	0.01071	0.00814	0.00728	0.01071	0.01242	0.00600	0.01628	0.00943	0.02485	0.00771	0.00900	0.00600	0.00514	0.00343	0.00171	0.00428	0.00300	0.00343	0.00600
13	0.01478	0.01140	0.01239	0.01093	0.01411	0.01282	0.00855	0.04840	0.62231	0.10026	0.06395	0.02143	0.01835	0.00764	0.00568	0.00185	0.00437	0.00637	0.00578	0.00865
14	0.01481	0.80869	0.02902	0.00948	0.01421	0.02191	0.00948	0.01658	0.01125	0.01303	0.00770	0.00888	0.00711	0.00474	0.00355	0.00118	0.00592	0.00296	0.00237	0.00711
15	0.01212	0.01212	0.01696	0.01454	0.01454	0.01696	0.01212	0.01333	0.00848	0.01333	0.00727	0.01212	0.00727	0.00969	0.01818	0.00242	0.79523	0.00485	0.00242	0.00606
16	0.02485	0.00943	0.01285	0.00985	0.01414	0.00814	0.00814	0.02699	0.01585	0.77465	0.02185	0.01885	0.01371	0.00685	0.00557	0.00171	0.00471	0.00557	0.00685	0.00943
17	0.84448	0.01071	0.00814	0.00728	0.01071	0.01242	0.00600	0.01628	0.00943	0.02485	0.00771	0.00900	0.00600	0.00514	0.00343	0.00171	0.00428	0.00300	0.00343	0.00600
18	0.00655	0.00561	0.00561	0.00561	0.00748	0.00468	0.00421	0.00795	0.01262	0.01496	0.05610	0.05330	0.76857	0.01403	0.00655	0.00187	0.00281	0.01169	0.00514	0.00468
19	0.02485	0.00943	0.01285	0.00985	0.01414	0.00814	0.00814	0.02699	0.01585	0.77465	0.02185	0.01885	0.01371	0.00685	0.00557	0.00171	0.00471	0.00557	0.00685	0.00943
20	0.01378	0.01190	0.01252	0.01127	0.01440	0.01378	0.00877	0.02943	0.76081	0.02317	0.02254	0.02066	0.01691	0.00751	0.00564	0.00188	0.00438	0.00626	0.00564	0.00877
21	0.01307	0.01494	0.03268	0.02334	0.02894	0.01401	0.75070	0.01774	0.01307	0.01774	0.01120	0.01494	0.00840	0.00467	0.00654	0.00187	0.00934	0.00654	0.00280	0.00747
22	0.01604	0.01302	0.01380	0.01173	0.01527	0.01483	0.00931	0.25466	0.53189	0.02682	0.01966	0.01837	0.01457	0.00724	0.00561	0.00181	0.00492	0.00586	0.00561	0.00897
23	0.00780	0.00566	0.00735	0.00692	0.00825	0.00521	0.00519	0.01037	0.01558	0.02198	0.74551	0.04175	0.07478	0.01141	0.00653	0.00175	0.00262	0.01007	0.00607	0.00521
24	0.00784	0.00566	0.00740	0.00697	0.00827	0.00523	0.00523	0.01045	0.01568	0.02221	0.76789	0.04137	0.05226	0.01132	0.00653	0.00174	0.00261	0.01002	0.00610	0.00523
25	0.01111	0.02865	0.77667	0.01579	0.02397	0.01286	0.02046	0.01754	0.01169	0.01754	0.00994	0.01169	0.00702	0.00526	0.00526	0.00175	0.00818	0.00409	0.00234	0.00818
26	0.01172	0.01113	0.01890	0.49699	0.32332	0.01264	0.01601	0.01526	0.01167	0.01569	0.01007	0.01435	0.00792	0.00530	0.00552	0.00177	0.00707	0.00493	0.00257	0.00717
27	0.01092	0.00726	0.00977	0.04864	0.03566	0.00714	0.00851	0.01393	0.04942	0.11073	0.03147	0.04949	0.16281	0.01284	0.00692	0.00223	0.00475	0.41648	0.00515	0.00590
28	0.00673	0.00491	0.00634	0.00748	0.00797	0.00452	0.00504	0.00774	0.01082	0.01423	0.03329	0.72081	0.11578	0.01699	0.00701	0.00221	0.00317	0.01531	0.00514	0.00452
29	0.00827	0.00631	0.00869	0.00884	0.00942	0.00713	0.00664	0.00963	0.00950	0.01319	0.01952	0.19074	0.02127	0.18277	0.29626	0.00536	0.09376	0.09434	0.00369	0.00467
30	0.01393	0.01367	0.02446	0.03058	0.56888	0.01355	0.17963	0.05342	0.01338	0.01884	0.01073	0.01396	0.00872	0.00496	0.00572	0.00170	0.00717	0.00529	0.00289	0.00852
31	0.01384	0.07655	0.11767	0.02303	0.37001	0.01420	0.05243	0.05968	0.17892	0.01965	0.01303	0.01466	0.01024	0.00561	0.00540	0.00169	0.00636	0.00505	0.00346	0.00854
32	0.11506	0.08186	0.54691	0.01525	0.05826	0.01338	0.04119	0.01711	0.01140	0.01804	0.00968	0.01159	0.00719	0.00602	0.02320	0.00187	0.00765	0.00404	0.00253	0.00776

[dist]
# distance from previous block
# <min> <max>
0	1

[block]
# block no. 3 follows, 43 sequences, length 31
# corresponding to MSA columns:
# 426-456
name=unknown_D
#
# <colnr> <probs for GDERKNQSTAVLIFYWHMCP>
#	G	D	E	R	K	N	Q	S	T	A	V	L	I	F	Y	W	H	M	C	P
0	0.01141	0.01027	0.01633	0.02275	0.44629	0.00988	0.01211	0.01408	0.01249	0.01785	0.10869	0.16614	0.01941	0.00799	0.00576	0.00168	0.00517	0.00743	0.00368	0.10060
1	0.01385	0.01190	0.01313	0.01340	0.12122	0.05250	0.00916	0.20256	0.20911	0.02259	0.04061	0.02668	0.22234	0.00871	0.00582	0.00176	0.00495	0.00718	0.00492	0.00761
2	0.01070	0.01009	0.01706	0.73469	0.09358	0.01237	0.01550	0.01437	0.01119	0.01445	0.00989	0.01469	0.00749	0.00549	0.00553	0.00183	0.00732	0.00492	0.00248	0.00635
3	0.01284	0.01364	0.02018	0.01634	0.01786	0.07393	0.17997	0.01488	0.01009	0.01433	0.00851	0.01292	0.00774	0.00930	0.03985	0.00244	0.53109	0.00517	0.00256	0.00637
4	0.01420	0.67990	0.15247	0.01052	0.01583	0.02042	0.01129	0.01674	0.01133	0.01377	0.00807	0.00935	0.00709	0.00482	0.00384	0.00128	0.00630	0.00315	0.00236	0.00729
5	0.00745	0.00546	0.00739	0.00779	0.00850	0.00569	0.00558	0.00881	0.00990	0.01352	0.05490	0.27780	0.08077	0.13711	0.33696	0.00544	0.00835	0.00999	0.00402	0.00457
6	0.69686	0.02823	0.02351	0.00816	0.01177	0.01311	0.00687	0.07921	0.05208	0.02523	0.00904	0.01005	0.00693	0.00539	0.00376	0.00171	0.00455	0.00336	0.00368	0.00650
7	0.01046	0.00984	0.01661	0.79205	0.03814	0.01230	0.01538	0.01415	0.01107	0.01415	0.00984	0.01477	0.00738	0.00554	0.00554	0.00185	0.00738	0.00492	0.00246	0.00615
8	0.01206	0.21227	0.45943	0.01447	0.06521	0.01444	0.01593	0.01706	0.03124	0.01691	0.04979	0.01293	0.00984	0.00545	0.00489	0.00157	0.00698	0.00421	0.00269	0.04262
9	0.01471	0.11306	0.38084	0.01756	0.16329	0.06856	0.01604	0.01903	0.01271	0.12675	0.01140	0.01267	0.00834	0.00540	0.00513	0.00164	0.00724	0.00430	0.00311	0.00823
10	0.00812	0.00545	0.00626	0.00636	0.00645	0.00545	0.00378	0.00831	0.00841	0.01118	0.01835	0.03823	0.02102	0.74558	0.02663	0.00516	0.00535	0.06295	0.00349	0.00349
11	0.00775	0.00575	0.00726	0.00723	0.00843	0.00540	0.00528	0.01047	0.04846	0.01975	0.50034	0.21989	0.10760	0.01279	0.00662	0.00188	0.00285	0.01133	0.00577	0.00517
12	0.03709	0.01578	0.15929	0.08473	0.43771	0.01314	0.09748	0.01757	0.05030	0.01811	0.01091	0.01377	0.00864	0.00515	0.00551	0.00172	0.00706	0.00497	0.00282	0.00824
13	0.01218	0.01239	0.05950	0.18359	0.49328	0.01203	0.01562	0.01552	0.01210	0.01690	0.01259	0.07549	0.01147	0.00645	0.00569	0.00177	0.00651	0.03622	0.00294	0.00773
14	0.00763	0.00593	0.00697	0.00666	0.00826	0.00541	0.00501	0.01039	0.04877	0.01956	0.46955	0.04485	0.31641	0.01215	0.00650	0.00180	0.00277	0.01046	0.00572	0.00518
15	0.00890	0.00561	0.00789	0.00781	0.00806	0.00610	0.00544	0.00839	0.00802	0.01104	0.01332	0.05782	0.01392	0.18671	0.20440	0.38236	0.05160	0.00625	0.00286	0.00351
16	0.01203	0.15220	0.54474	0.01646	0.06248	0.01445	0.08865	0.01738	0.01180	0.01686	0.00973	0.01166	0.00726	0.00510	0.00512	0.00167	0.00785	0.00419	0.00241	0.00797
17	0.00962	0.00481	0.00722	0.00722	0.00722	0.00481	0.00481	0.00722	0.00722	0.00962	0.00962	0.01684	0.00962	0.01924	0.02165	0.83886	0.00481	0.00481	0.00241	0.00241
18	0.01547	0.01651	0.02076	0.02900	0.58015	0.20794	0.01540	0.01829	0.01339	0.01695	0.00995	0.01277	0.00836	0.00513	0.00536	0.00159	0.00744	0.00459	0.00277	0.00818
19	0.01363	0.36159	0.21402	0.07805	0.05112	0.07437	0.04437	0.01685	0.01160	0.01473	0.00873	0.01086	0.00725	0.00539	0.00557	0.00154	0.06681	0.00383	0.00244	0.00725
20	0.01128	0.01156	0.05812	0.06504	0.29934	0.01074	0.11933	0.01529	0.06886	0.01736	0.04783	0.18144	0.05272	0.00841	0.00606	0.00185	0.00591	0.00799	0.00368	0.00718
21	0.00946	0.00817	0.01171	0.01082	0.01139	0.01053	0.00864	0.01105	0.00870	0.01292	0.01220	0.01899	0.01177	0.07035	0.46242	0.00634	0.30084	0.00565	0.00279	0.00527
22	0.84448	0.01071	0.00814	0.00728	0.01071	0.01242	0.00600	0.01628	0.00943	0.02485	0.00771	0.00900	0.00600	0.00514	0.00343	0.00171	0.00428	0.00300	0.00343	0.00600
23	0.04454	0.08633	0.01671	0.01300	0.01656	0.41782	0.01029	0.25105	0.03666	0.04080	0.01064	0.01140	0.00823	0.00598	0.00503	0.00151	0.00799	0.00406	0.00385	0.00754
24	0.01724	0.01631	0.01686	0.04373	0.25877	0.24649	0.01212	0.02241	0.17071	0.11929	0.01391	0.01476	0.01060	0.00599	0.00538	0.00164	0.00693	0.00488	0.00393	0.00806
25	0.00655	0.00561	0.00561	0.00561	0.00748	0.00468	0.00421	0.00795	0.01262	0.01496	0.05610	0.05330	0.76857	0.01403	0.00655	0.00187	0.00281	0.01169	0.00514	0.00468
26	0.01479	0.01417	0.01344	0.01573	0.20376	0.23785	0.00970	0.04204	0.05492	0.01852	0.01341	0.01550	0.01073	0.00591	0.00476	0.00147	0.00600	0.00469	0.30583	0.00679
27	0.01810	0.13941	0.01735	0.01304	0.01607	0.45456	0.01033	0.05769	0.12811	0.01597	0.01069	0.01177	0.00874	0.00620	0.00594	0.00155	0.07013	0.00406	0.00330	0.00700
28	0.01307	0.01494	0.03268	0.02334	0.02894	0.01401	0.75070	0.01774	0.01307	0.01774	0.01120	0.01494	0.00840	0.00467	0.00654	0.00187	0.00934	0.00654	0.00280	0.00747
29	0.00694	0.00524	0.00632	0.00709	0.00797	0.00476	0.00499	0.00810	0.01125	0.01435	0.03790	0.44504	0.27549	0.07265	0.00846	0.00237	0.00338	0.06818	0.00501	0.00452
30	0.05893	0.01054	0.01727	0.59946	0.17920	0.01248	0.01516	0.01483	0.01128	0.01553	0.00983	0.01423	0.00757	0.00540	0.00541	0.00180	0.00705	0.00481	0.00257	0.00665

[dist]
# distance from previous block
# <min> <max>
0	17

[block]
# block no. 4 follows, 43 sequences, length 92
# corresponding to MSA columns:
# 474-565
name=unknown_E
#
# <colnr> <probs for GDERKNQSTAVLIFYWHMCP>
#	G	D	E	R	K	N	Q	S	T	A	V	L	I	F	Y	W	H	M	C	P
0	0.01159	0.01045	0.01661	0.70889	0.03591	0.01282	0.01486	0.09292	0.01267	0.01636	0.01021	0.01461	0.00760	0.00566	0.00554	0.00183	0.00725	0.00493	0.00279	0.00650
1	0.00744	0.00564	0.00696	0.00743	0.00871	0.00516	0.00574	0.00929	0.01292	0.01679	0.20363	0.20717	0.28404	0.01441	0.00691	0.00208	0.00339	0.18209	0.00535	0.00486
2	0.81059	0.01066	0.00833	0.00739	0.01085	0.01225	0.00609	0.01672	0.00969	0.05586	0.00830	0.00940	0.00632	0.00521	0.00352	0.00171	0.00430	0.00311	0.00357	0.00614
3	0.02183	0.01015	0.01255	0.00980	0.01367	0.00971	0.00804	0.18703	0.01750	0.49660	0.01937	0.01788	0.01282	0.00675	0.00531	0.00164	0.00470	0.00538	0.13050	0.00879
4	0.02105	0.01551	0.01662	0.01274	0.01717	0.01717	0.01053	0.75235	0.02604	0.03490	0.01330	0.01330	0.00942	0.00665	0.00554	0.00166	0.00609	0.00499	0.00554	0.00942
5	0.00744	0.00533	0.00695	0.00718	0.00803	0.00496	0.00507	0.00926	0.01326	0.01842	0.44132	0.32563	0.04424	0.06710	0.00819	0.00218	0.00302	0.01203	0.00555	0.00483
6	0.01620	0.63139	0.02625	0.01021	0.01488	0.02085	0.00971	0.18105	0.01456	0.01792	0.00895	0.00987	0.00762	0.00517	0.00400	0.00129	0.00596	0.00341	0.00308	0.00762
7	0.00962	0.00481	0.00722	0.00722	0.00722	0.00481	0.00481	0.00722	0.00722	0.00962	0.00962	0.01684	0.00962	0.01924	0.02165	0.83886	0.00481	0.00481	0.00241	0.00241
8	0.01663	0.03917	0.01470	0.01129	0.01540	0.01435	0.00916	0.35014	0.26391	0.02712	0.01549	0.01522	0.01157	0.00638	0.00523	0.00156	0.00515	0.00501	0.00504	0.16750
9	0.01106	0.01058	0.01710	0.56554	0.08382	0.01341	0.01476	0.01416	0.01060	0.01424	0.00931	0.01410	0.00745	0.00642	0.00836	0.00196	0.18344	0.00491	0.00247	0.00631
10	0.01080	0.10249	0.52865	0.01297	0.01897	0.01210	0.01553	0.01532	0.01083	0.01556	0.01139	0.01690	0.00996	0.18406	0.01021	0.00250	0.00733	0.00486	0.00257	0.00700
11	0.01377	0.00869	0.01084	0.00957	0.01188	0.00924	0.00758	0.15585	0.06627	0.14422	0.06111	0.02462	0.01716	0.08481	0.26797	0.00447	0.00823	0.05514	0.03187	0.00671
12	0.00805	0.00537	0.00604	0.00604	0.00604	0.00537	0.00336	0.00805	0.00805	0.01074	0.01745	0.03624	0.02013	0.80536	0.02819	0.00537	0.00537	0.00805	0.00336	0.00336
13	0.01378	0.01190	0.01252	0.01127	0.01440	0.01378	0.00877	0.02943	0.76081	0.02317	0.02254	0.02066	0.01691	0.00751	0.00564	0.00188	0.00438	0.00626	0.00564	0.00877
14	0.00811	0.00579	0.00799	0.00927	0.01018	0.00567	0.00751	0.01006	0.01194	0.01566	0.02977	0.33979	0.03366	0.01607	0.00743	0.00244	0.00439	0.46427	0.00512	0.00487
15	0.01678	0.54680	0.02456	0.01108	0.01519	0.27675	0.00989	0.01844	0.01274	0.01321	0.00799	0.00925	0.00712	0.00506	0.00404	0.00127	0.00728	0.00316	0.00253	0.00688
16	0.01374	0.08544	0.45095	0.01497	0.06430	0.01264	0.03889	0.04231	0.01273	0.11473	0.01145	0.01263	0.00822	0.00532	0.00511	0.00160	0.00703	0.00426	0.00315	0.09051
17	0.01321	0.01365	0.03893	0.05299	0.34060	0.13188	0.01243	0.02803	0.03495	0.01730	0.06849	0.07052	0.01412	0.00893	0.05791	0.00210	0.00694	0.00579	0.00334	0.07789
18	0.00827	0.00667	0.01008	0.26034	0.01823	0.00729	0.00900	0.01034	0.01108	0.01451	0.02369	0.43815	0.02651	0.01324	0.00666	0.00216	0.00484	0.11954	0.00427	0.00512
19	0.02105	0.01551	0.01662	0.01274	0.01717	0.01717	0.01053	0.75235	0.02604	0.03490	0.01330	0.01330	0.00942	0.00665	0.00554	0.00166	0.00609	0.00499	0.00554	0.00942
20	0.01481	0.01237	0.02841	0.12236	0.27669	0.09106	0.02414	0.01799	0.03671	0.14894	0.03002	0.02237	0.07497	0.00723	0.00576	0.00177	0.00622	0.06666	0.00397	0.00756
21	0.02485	0.00943	0.01285	0.00985	0.01414	0.00814	0.00814	0.02699	0.01585	0.77465	0.02185	0.01885	0.01371	0.00685	0.00557	0.00171	0.00471	0.00557	0.00685	0.00943
22	0.00784	0.00566	0.00740	0.00697	0.00827	0.00523	0.00523	0.01045	0.01568	0.02221	0.76789	0.04137	0.05226	0.01132	0.00653	0.00174	0.00261	0.01002	0.00610	0.00523
23	0.01184	0.01089	0.01363	0.03418	0.24860	0.07299	0.00999	0.06438	0.06655	0.01957	0.21348	0.02850	0.16530	0.00867	0.00593	0.00172	0.00496	0.00750	0.00445	0.00688
24	0.01182	0.02716	0.66428	0.01674	0.04556	0.05386	0.06906	0.01778	0.01202	0.01736	0.00996	0.01188	0.00717	0.00524	0.00534	0.00174	0.00831	0.00425	0.00241	0.00806
25	0.02485	0.00943	0.01285	0.00985	0.01414	0.00814	0.00814	0.02699	0.01585	0.77465	0.02185	0.01885	0.01371	0.00685	0.00557	0.00171	0.00471	0.00557	0.00685	0.00943
26	0.00805	0.00537	0.00604	0.00604	0.00604	0.00537	0.00336	0.00805	0.00805	0.01074	0.01745	0.03624	0.02013	0.80536	0.02819	0.00537	0.00537	0.00805	0.00336	0.00336
27	0.00736	0.00569	0.00674	0.00661	0.00816	0.00507	0.00505	0.00945	0.01416	0.01871	0.41103	0.04796	0.35829	0.01276	0.00662	0.00185	0.00287	0.06104	0.00562	0.00498
28	0.01213	0.01220	0.01944	0.49552	0.19833	0.06461	0.08810	0.01567	0.01192	0.01534	0.01002	0.01423	0.00778	0.00533	0.00559	0.00178	0.00757	0.00499	0.00258	0.00688
29	0.00770	0.00534	0.00675	0.00752	0.00789	0.00521	0.00515	0.00857	0.00999	0.01323	0.02501	0.34982	0.02904	0.33556	0.01572	0.00357	0.00445	0.15092	0.00441	0.00415
30	0.00838	0.00644	0.00905	0.00880	0.00945	0.00760	0.00661	0.00981	0.00865	0.01240	0.01468	0.02423	0.01467	0.22177	0.52223	0.00738	0.09384	0.00633	0.00300	0.00468
31	0.01503	0.30420	0.21672	0.05093	0.01870	0.22220	0.01311	0.01796	0.01235	0.01441	0.00858	0.01041	0.00712	0.00552	0.00549	0.00151	0.06255	0.00364	0.00250	0.00708
32	0.03737	0.09345	0.01916	0.11620	0.02052	0.01422	0.12100	0.27629	0.01776	0.20815	0.01393	0.01455	0.00974	0.00603	0.00545	0.00168	0.00635	0.00510	0.00468	0.00839
33	0.84448	0.01071	0.00814	0.00728	0.01071	0.01242	0.00600	0.01628	0.00943	0.02485	0.00771	0.00900	0.00600	0.00514	0.00343	0.00171	0.00428	0.00300	0.00343	0.00600
34	0.00711	0.00528	0.00706	0.00791	0.00842	0.00529	0.00551	0.00824	0.01035	0.01389	0.02888	0.58786	0.08276	0.04172	0.12398	0.00331	0.02970	0.01345	0.00468	0.00460
35	0.00660	0.00556	0.00573	0.00580	0.00755	0.00468	0.00431	0.00802	0.01259	0.01515	0.07854	0.10494	0.69330	0.01417	0.00658	0.00189	0.00283	0.01191	0.00518	0.00468
36	0.00793	0.00586	0.00855	0.00855	0.00941	0.00673	0.00648	0.00966	0.00880	0.01260	0.01516	0.02355	0.01462	0.13580	0.69021	0.00846	0.01367	0.00620	0.00301	0.00475
37	0.01046	0.00984	0.01661	0.79205	0.03814	0.01230	0.01538	0.01415	0.01107	0.01415	0.00984	0.01477	0.00738	0.00554	0.00554	0.00185	0.00738	0.00492	0.00246	0.00615
38	0.07190	0.33815	0.15956	0.01371	0.10040	0.08663	0.01200	0.01878	0.01243	0.12394	0.01051	0.01146	0.00815	0.00527	0.00449	0.00147	0.00650	0.00382	0.00316	0.00768
39	0.01638	0.01953	0.14114	0.01362	0.01772	0.27081	0.05446	0.02416	0.29219	0.07096	0.01507	0.01515	0.01128	0.00633	0.00541	0.00169	0.00720	0.00497	0.00408	0.00786
40	0.01046	0.00984	0.01661	0.79205	0.03814	0.01230	0.01538	0.01415	0.01107	0.01415	0.00984	0.01477	0.00738	0.00554	0.00554	0.00185	0.00738	0.00492	0.00246	0.00615
41	0.00675	0.00482	0.00643	0.00771	0.00803	0.00450	0.00514	0.00771	0.01060	0.01414	0.03053	0.80175	0.03663	0.01735	0.00707	0.00225	0.00321	0.01574	0.00514	0.00450
42	0.00784	0.00566	0.00740	0.00697	0.00827	0.00523	0.00523	0.01045	0.01568	0.02221	0.76789	0.04137	0.05226	0.01132	0.00653	0.00174	0.00261	0.01002	0.00610	0.00523
43	0.02128	0.01261	0.01439	0.01119	0.01530	0.01317	0.00919	0.42820	0.05201	0.28108	0.01687	0.01597	0.01150	0.00674	0.00544	0.00166	0.00532	0.00525	0.06374	0.00910
44	0.00942	0.00481	0.00716	0.00725	0.00727	0.00479	0.00483	0.00725	0.00745	0.00993	0.01107	0.07141	0.01150	0.01911	0.02063	0.78069	0.00470	0.00557	0.00260	0.00255
45	0.01347	0.00820	0.00852	0.00738	0.00959	0.00868	0.00582	0.22961	0.01584	0.02483	0.01667	0.01849	0.01280	0.00651	0.00436	0.00140	0.00361	0.00511	0.59269	0.00641
46	0.01411	0.01140	0.01289	0.00945	0.01424	0.01007	0.00765	0.21651	0.01548	0.02267	0.01079	0.01198	0.00854	0.00480	0.00450	0.00105	0.00465	0.00375	0.00390	0.61158
47	0.01179	0.00943	0.01318	0.01157	0.01263	0.01182	0.02120	0.05587	0.01033	0.06757	0.01219	0.01736	0.01095	0.04797	0.29899	0.00478	0.34054	0.00545	0.03040	0.00598
48	0.00675	0.00482	0.00643	0.00771	0.00803	0.00450	0.00514	0.00771	0.01060	0.01414	0.03053	0.80175	0.03663	0.01735	0.00707	0.00225	0.00321	0.01574	0.00514	0.00450
49	0.01581	0.01331	0.01931	0.13130	0.40132	0.03588	0.01437	0.18108	0.01556	0.07361	0.01161	0.01396	0.00897	0.00572	0.00593	0.00170	0.03357	0.00495	0.00360	0.00844
50	0.01378	0.01190	0.01252	0.01127	0.01440	0.01378	0.00877	0.02943	0.76081	0.02317	0.02254	0.02066	0.01691	0.00751	0.00564	0.00188	0.00438	0.00626	0.00564	0.00877
51	0.02367	0.00916	0.01247	0.00965	0.01373	0.00794	0.00794	0.02584	0.01584	0.72233	0.07373	0.02042	0.01639	0.00717	0.00564	0.00172	0.00457	0.00588	0.00680	0.00913
52	0.00670	0.00500	0.00624	0.00722	0.00790	0.00454	0.00492	0.00777	0.01107	0.01433	0.03645	0.62834	0.20621	0.01658	0.00695	0.00216	0.00312	0.01480	0.00514	0.00454
53	0.02105	0.01551	0.01662	0.01274	0.01717	0.01717	0.01053	0.75235	0.02604	0.03490	0.01330	0.01330	0.00942	0.00665	0.00554	0.00166	0.00609	0.00499	0.00554	0.00942
54	0.01481	0.80869	0.02902	0.00948	0.01421	0.02191	0.00948	0.01658	0.01125	0.01303	0.00770	0.00888	0.00711	0.00474	0.00355	0.00118	0.00592	0.00296	0.00237	0.00711
55	0.00664	0.00561	0.00575	0.00571	0.00754	0.00472	0.00428	0.00814	0.01285	0.01551	0.10998	0.05240	0.71435	0.01382	0.00654	0.00186	0.00279	0.01156	0.00522	0.00472
56	0.01111	0.02865	0.77667	0.01579	0.02397	0.01286	0.02046	0.01754	0.01169	0.01754	0.00994	0.01169	0.00702	0.00526	0.00526	0.00175	0.00818	0.00409	0.00234	0.00818
57	0.00784	0.00566	0.00740	0.00697	0.00827	0.00523	0.00523	0.01045	0.01568	0.02221	0.76789	0.04137	0.05226	0.01132	0.00653	0.00174	0.00261	0.01002	0.00610	0.00523
58	0.01650	0.38074	0.14294	0.01234	0.01690	0.31599	0.01170	0.01888	0.01305	0.01395	0.00839	0.00976	0.00710	0.00520	0.00438	0.00137	0.00786	0.00338	0.00255	0.00701
59	0.01093	0.00991	0.01046	0.00969	0.01180	0.09048	0.02881	0.01639	0.20873	0.01864	0.18215	0.25380	0.02824	0.01065	0.00607	0.00181	0.00437	0.00932	0.00499	0.08277
60	0.00965	0.01843	0.43665	0.01210	0.01694	0.00953	0.01375	0.01374	0.01125	0.01603	0.04287	0.10914	0.04169	0.13996	0.00956	0.00249	0.00650	0.07996	0.00331	0.00646
61	0.01133	0.06558	0.67001	0.01490	0.02242	0.01313	0.01872	0.01795	0.05819	0.01759	0.01194	0.01331	0.02956	0.00563	0.00524	0.00174	0.00768	0.00439	0.00263	0.00807
62	0.00699	0.00563	0.00623	0.00608	0.00776	0.00487	0.00456	0.00882	0.01368	0.01748	0.30328	0.04916	0.51982	0.01309	0.00654	0.00183	0.00274	0.01111	0.00547	0.00487
63	0.01443	0.17642	0.09034	0.02002	0.26974	0.07579	0.06294	0.04115	0.16039	0.01813	0.01220	0.01370	0.00974	0.00553	0.00514	0.00161	0.00660	0.00472	0.00329	0.00813
64	0.01559	0.01334	0.02153	0.02839	0.55671	0.01343	0.06092	0.12684	0.01487	0.07685	0.01174	0.01411	0.00921	0.00532	0.00556	0.00167	0.00654	0.00509	0.00347	0.00884
65	0.01148	0.00984	0.01148	0.00820	0.01312	0.00738	0.00656	0.01395	0.01148	0.01805	0.00984	0.01148	0.00820	0.00410	0.00410	0.00082	0.00410	0.00328	0.00328	0.83922
66	0.01366	0.01204	0.01573	0.01567	0.13699	0.01310	0.07726	0.08370	0.43664	0.02254	0.07611	0.02082	0.03613	0.00722	0.00578	0.00181	0.00515	0.00639	0.00493	0.00833
67	0.01261	0.01156	0.01807	0.21193	0.37321	0.01273	0.01408	0.03834	0.09727	0.01727	0.01193	0.01602	0.00996	0.05239	0.00803	0.02226	0.05647	0.00526	0.00309	0.00751
68	0.00682	0.00558	0.00603	0.00608	0.00774	0.00479	0.00454	0.00842	0.01299	0.01612	0.16959	0.10201	0.58604	0.01384	0.00660	0.00189	0.00285	0.02800	0.00530	0.00476
69	0.01283	0.01175	0.01829	0.21001	0.39770	0.01266	0.01429	0.04812	0.12464	0.01888	0.06488	0.01691	0.01270	0.00598	0.00559	0.00174	0.00615	0.00548	0.00345	0.00792
70	0.00665	0.00557	0.00579	0.00584	0.00757	0.00471	0.00434	0.00812	0.01274	0.01546	0.10829	0.09627	0.67164	0.01402	0.00658	0.00188	0.00281	0.01180	0.00521	0.00471
71	0.01148	0.00984	0.01148	0.00820	0.01312	0.00738	0.00656	0.01395	0.01148	0.01805	0.00984	0.01148	0.00820	0.00410	0.00410	0.00082	0.00410	0.00328	0.00328	0.83922
72	0.56882	0.01232	0.01098	0.00911	0.01287	0.01401	0.00751	0.26270	0.01499	0.02821	0.00958	0.01044	0.00714	0.00565	0.00413	0.00170	0.00489	0.00366	0.00413	0.00714
73	0.00796	0.00555	0.00692	0.00692	0.00729	0.00583	0.00450	0.00862	0.00847	0.01154	0.01795	0.03231	0.04364	0.54052	0.26269	0.00635	0.00823	0.00752	0.00330	0.00390
74	0.01421	0.39452	0.24018	0.04463	0.01842	0.12315	0.01320	0.01731	0.01181	0.01446	0.00852	0.01029	0.00711	0.00537	0.00524	0.00149	0.05689	0.00357	0.00243	0.00722
75	0.01367	0.01116	0.01553	0.01627	0.16623	0.01312	0.01101	0.11525	0.03783	0.07020	0.01219	0.01683	0.01068	0.08456	0.11503	0.00322	0.27132	0.00542	0.00349	0.00700
76	0.01268	0.00995	0.01125	0.00975	0.01266	0.01007	0.00749	0.19467	0.16330	0.02186	0.02013	0.27831	0.01974	0.00983	0.00575	0.00171	0.00435	0.00846	0.00492	0.19313
77	0.00784	0.00566	0.00740	0.00697	0.00827	0.00523	0.00523	0.01045	0.01568	0.02221	0.76789	0.04137	0.05226	0.01132	0.00653	0.00174	0.00261	0.01002	0.00610	0.00523
78	0.01126	0.06091	0.74575	0.01552	0.02357	0.01324	0.02001	0.01750	0.01167	0.01735	0.00985	0.01158	0.00702	0.00524	0.00519	0.00173	0.00809	0.00405	0.00234	0.00814
79	0.00785	0.00564	0.00731	0.00690	0.00812	0.00524	0.00510	0.01028	0.01515	0.02141	0.71571	0.04101	0.05002	0.06654	0.00804	0.00199	0.00280	0.00988	0.00591	0.00510
80	0.84448	0.01071	0.00814	0.00728	0.01071	0.01242	0.00600	0.01628	0.00943	0.02485	0.00771	0.00900	0.00600	0.00514	0.00343	0.00171	0.00428	0.00300	0.00343	0.00600
81	0.00929	0.00672	0.00856	0.00795	0.00940	0.00689	0.00603	0.08896	0.01389	0.01927	0.35686	0.03247	0.08173	0.06865	0.21086	0.04780	0.00647	0.00813	0.00479	0.00530
82	0.00675	0.00482	0.00643	0.00771	0.00803	0.00450	0.00514	0.00771	0.01060	0.01414	0.03053	0.80175	0.03663	0.01735	0.00707	0.00225	0.00321	0.01574	0.00514	0.00450
83	0.00905	0.00519	0.00778	0.00778	0.00811	0.00552	0.00552	0.00811	0.00778	0.01070	0.01137	0.01848	0.01103	0.02670	0.27667	0.56101	0.00817	0.00519	0.00259	0.00326
84	0.01076	0.00998	0.01496	0.01811	0.26535	0.01124	0.01110	0.01292	0.01126	0.01590	0.08151	0.02369	0.14885	0.01302	0.10715	0.00282	0.22478	0.00667	0.00339	0.00651
85	0.00805	0.00537	0.00604	0.00604	0.00604	0.00537	0.00336	0.00805	0.00805	0.01074	0.01745	0.03624	0.02013	0.80536	0.02819	0.00537	0.00537	0.00805	0.00336	0.00336
86	0.01313	0.01036	0.01362	0.01503	0.18915	0.03080	0.03198	0.17411	0.01424	0.03600	0.08242	0.02386	0.01676	0.27450	0.01388	0.03753	0.00577	0.00647	0.00395	0.00643
87	0.00791	0.00593	0.00890	0.00890	0.00989	0.00692	0.00692	0.00989	0.00890	0.01286	0.01483	0.02176	0.01385	0.04154	0.78341	0.00890	0.01483	0.00593	0.00297	0.00494
88	0.01182	0.01507	0.17151	0.01652	0.09537	0.01085	0.21535	0.01573	0.01190	0.01750	0.01064	0.01341	0.00847	0.00718	0.05933	0.00194	0.00736	0.00469	0.00288	0.30246
89	0.00726	0.00552	0.00668	0.00664	0.00798	0.00494	0.00489	0.00924	0.01394	0.01868	0.42956	0.15884	0.27950	0.01309	0.00662	0.00186	0.00276	0.01141	0.00565	0.00494
90	0.01230	0.01746	0.25285	0.02402	0.34870	0.01266	0.11739	0.01653	0.01220	0.01756	0.03126	0.01613	0.01035	0.02925	0.00676	0.00188	0.03409	0.02787	0.00280	0.00795
91	0.29765	0.28262	0.01968	0.01113	0.01515	0.08019	0.11891	0.03839	0.01176	0.01868	0.03246	0.01179	0.00875	0.02655	0.00489	0.00163	0.00610	0.00397	0.00307	0.00664

[dist]
# distance from previous block
# <min> <max>
2	18

[block]
# block no. 5 follows, 43 sequences, length 27
# corresponding to MSA columns:
# 584-610
name=unknown_F
#
# <colnr> <probs for GDERKNQSTAVLIFYWHMCP>
#	G	D	E	R	K	N	Q	S	T	A	V	L	I	F	Y	W	H	M	C	P
0	0.01216	0.01214	0.07627	0.13063	0.36816	0.01169	0.01390	0.01507	0.01127	0.04331	0.01165	0.01694	0.01021	0.09359	0.08594	0.00286	0.06879	0.00531	0.00288	0.00722
1	0.00665	0.00540	0.00589	0.00622	0.00766	0.00465	0.00449	0.00798	0.01220	0.01501	0.07532	0.25124	0.54841	0.01481	0.00668	0.00197	0.00291	0.01270	0.00518	0.00465
2	0.01305	0.02152	0.44178	0.01350	0.01999	0.01269	0.01523	0.13611	0.09108	0.02100	0.01176	0.01284	0.00863	0.00551	0.00514	0.00159	0.00674	0.00432	0.00336	0.15418
3	0.00752	0.00565	0.00697	0.00664	0.00808	0.00509	0.00498	0.00984	0.01493	0.02044	0.59431	0.04428	0.22694	0.01198	0.00654	0.00177	0.00266	0.01042	0.00586	0.00509
4	0.02485	0.00943	0.01285	0.00985	0.01414	0.00814	0.00814	0.02699	0.01585	0.77465	0.02185	0.01885	0.01371	0.00685	0.00557	0.00171	0.00471	0.00557	0.00685	0.00943
5	0.01378	0.01190	0.01252	0.01127	0.01440	0.01378	0.00877	0.02943	0.76081	0.02317	0.02254	0.02066	0.01691	0.00751	0.00564	0.00188	0.00438	0.00626	0.00564	0.00877
6	0.01428	0.01215	0.01281	0.01137	0.01459	0.01401	0.00889	0.07932	0.71010	0.02398	0.02190	0.02015	0.01639	0.00745	0.00563	0.00186	0.00450	0.00617	0.00563	0.00881
7	0.01046	0.00984	0.01661	0.79205	0.03814	0.01230	0.01538	0.01415	0.01107	0.01415	0.00984	0.01477	0.00738	0.00554	0.00554	0.00185	0.00738	0.00492	0.00246	0.00615
8	0.00662	0.00554	0.00576	0.00587	0.00757	0.00468	0.00434	0.00803	0.01256	0.01518	0.08308	0.12390	0.66946	0.01423	0.00659	0.00190	0.00284	0.01200	0.00518	0.00468
9	0.01111	0.02865	0.77667	0.01579	0.02397	0.01286	0.02046	0.01754	0.01169	0.01754	0.00994	0.01169	0.00702	0.00526	0.00526	0.00175	0.00818	0.00409	0.00234	0.00818
10	0.01378	0.01190	0.01252	0.01127	0.01440	0.01378	0.00877	0.02943	0.76081	0.02317	0.02254	0.02066	0.01691	0.00751	0.00564	0.00188	0.00438	0.00626	0.00564	0.00877
11	0.00892	0.00637	0.00892	0.01020	0.01147	0.00637	0.00892	0.01147	0.01275	0.01657	0.02932	0.06247	0.03187	0.01530	0.00765	0.00255	0.00510	0.73354	0.00510	0.00510
