[name]
unknown

[dist]
# distance from previous block
# <min> <max>
0	157

[block]
# block no. 0 follows, 52 sequences, length 6
# corresponding to MSA columns:
# 158-163
name=unknown_A
#
# <colnr> <probs for GDERKNQSTAVLIFYWHMCP>
#	G	D	E	R	K	N	Q	S	T	A	V	L	I	F	Y	W	H	M	C	P
0	0.13679	0.00930	0.01269	0.03292	0.22841	0.00950	0.02673	0.06611	0.06007	0.18637	0.01372	0.01828	0.01138	0.10126	0.00703	0.00192	0.00482	0.06229	0.00379	0.00661
1	0.04540	0.00811	0.01125	0.21434	0.10676	0.00930	0.00862	0.05980	0.06857	0.01387	0.01181	0.01884	0.01108	0.25209	0.08106	0.00306	0.06278	0.00521	0.00286	0.00517
2	0.00968	0.00616	0.00869	0.00999	0.10018	0.00599	0.00647	0.01169	0.05024	0.14543	0.02160	0.47036	0.02289	0.01416	0.09003	0.00242	0.00449	0.00986	0.00433	0.00532
3	0.00962	0.23908	0.18410	0.00920	0.01241	0.01110	0.00904	0.01332	0.09981	0.01334	0.01350	0.14966	0.01305	0.04318	0.15599	0.00277	0.00650	0.00567	0.00293	0.00573
4	0.06384	0.11246	0.41929	0.08102	0.01842	0.01117	0.01322	0.01679	0.01084	0.19278	0.01070	0.01145	0.00744	0.00488	0.00442	0.00147	0.00598	0.00376	0.00301	0.00703
5	0.01050	0.10534	0.06676	0.00889	0.04205	0.00885	0.00727	0.01415	0.11191	0.06431	0.10473	0.01697	0.01416	0.06954	0.09147	0.00215	0.00510	0.00466	0.00343	0.24777

[dist]
# distance from previous block
# <min> <max>
0	1

[block]
# block no. 1 follows, 52 sequences, length 26
# corresponding to MSA columns:
# 165-190
name=unknown_B
#
# <colnr> <probs for GDERKNQSTAVLIFYWHMCP>
#	G	D	E	R	K	N	Q	S	T	A	V	L	I	F	Y	W	H	M	C	P
0	0.01122	0.00769	0.00938	0.00734	0.01076	0.00608	0.00573	0.01307	0.01055	0.14898	0.01396	0.17155	0.01288	0.00628	0.00432	0.00110	0.00353	0.00535	0.00372	0.54652
1	0.14664	0.00639	0.00782	0.00710	0.00863	0.00654	0.02498	0.01134	0.00881	0.12691	0.01457	0.09218	0.01421	0.27391	0.19482	0.00396	0.00624	0.00601	0.00343	0.03551
2	0.00979	0.00899	0.06490	0.22720	0.01738	0.00785	0.02474	0.03324	0.01148	0.05542	0.21442	0.01807	0.01722	0.00583	0.00469	0.00130	0.00444	0.00504	0.00346	0.26451
3	0.01154	0.00926	0.01391	0.52445	0.06789	0.01084	0.01175	0.05471	0.13308	0.09705	0.01163	0.01399	0.00850	0.00526	0.00486	0.00159	0.00571	0.00455	0.00314	0.00631
4	0.00946	0.04263	0.01014	0.08029	0.03229	0.00851	0.00675	0.01444	0.22391	0.01575	0.12777	0.09057	0.01836	0.12307	0.00789	0.00191	0.02446	0.00616	0.00381	0.15182
5	0.01288	0.01483	0.01029	0.00947	0.01139	0.44328	0.00710	0.01451	0.01349	0.01474	0.30027	0.02218	0.09131	0.00744	0.00498	0.00138	0.00582	0.00582	0.00371	0.00510
6	0.01231	0.01281	0.01261	0.01321	0.12578	0.22951	0.00906	0.01675	0.18881	0.01453	0.04486	0.01474	0.01124	0.01202	0.16431	0.00276	0.10090	0.00461	0.00313	0.00605
7	0.01295	0.00965	0.01016	0.00875	0.01135	0.01079	0.00691	0.22676	0.36905	0.02245	0.01646	0.01633	0.01237	0.00612	0.00449	0.00145	0.00381	0.00491	0.23827	0.00696
8	0.00848	0.00525	0.00654	0.00628	0.00774	0.00466	0.00468	0.01009	0.01199	0.12909	0.30398	0.21662	0.24373	0.01120	0.00570	0.00165	0.00272	0.00975	0.00501	0.00483
9	0.01228	0.01206	0.01939	0.02892	0.76216	0.04949	0.01461	0.01509	0.01116	0.01564	0.00904	0.01184	0.00761	0.00435	0.00478	0.00143	0.00590	0.00426	0.00240	0.00758
10	0.01296	0.83261	0.02539	0.00829	0.01244	0.01917	0.00829	0.01451	0.00985	0.01140	0.00674	0.00777	0.00622	0.00415	0.00311	0.00104	0.00518	0.00259	0.00207	0.00622
11	0.00745	0.00484	0.00595	0.00567	0.00681	0.00456	0.00425	0.00973	0.01276	0.01906	0.58556	0.03129	0.03671	0.00875	0.00509	0.00142	0.00228	0.00761	0.23566	0.00456
12	0.01238	0.25204	0.01670	0.01175	0.10289	0.17592	0.04506	0.01479	0.04394	0.01413	0.09465	0.03552	0.02754	0.00544	0.00425	0.00122	0.00540	0.00433	0.00292	0.12912
13	0.01893	0.00864	0.01116	0.00847	0.01232	0.00748	0.00695	0.05961	0.02943	0.58310	0.01655	0.01493	0.01086	0.00550	0.00460	0.00134	0.00407	0.00444	0.00526	0.18635
14	0.13490	0.33558	0.19949	0.01183	0.01657	0.04829	0.16205	0.01507	0.01018	0.01462	0.00782	0.00943	0.00628	0.00432	0.00400	0.00134	0.00616	0.00346	0.00229	0.00633
15	0.00916	0.00622	0.00759	0.00768	0.02849	0.00606	0.00550	0.03017	0.12666	0.10571	0.12159	0.33315	0.17049	0.01118	0.00564	0.00173	0.00312	0.00980	0.00479	0.00528
16	0.00688	0.00463	0.00533	0.00550	0.00554	0.00459	0.00316	0.00700	0.00737	0.00983	0.01692	0.14637	0.01970	0.71219	0.02200	0.00430	0.00443	0.00802	0.00316	0.00308
17	0.00580	0.00491	0.00501	0.00499	0.00659	0.00412	0.00374	0.00710	0.01122	0.01350	0.09740	0.04596	0.74893	0.01212	0.00573	0.00163	0.00244	0.01013	0.00455	0.00412
18	0.01388	0.01458	0.18851	0.06875	0.18845	0.05978	0.09272	0.06706	0.04394	0.16774	0.01139	0.01262	0.00825	0.00509	0.00525	0.00153	0.03557	0.00438	0.00326	0.00723
19	0.01777	0.00873	0.01189	0.05513	0.08343	0.00832	0.00810	0.11662	0.01394	0.49190	0.01765	0.11682	0.01334	0.00691	0.00503	0.00155	0.00439	0.00584	0.00513	0.00750
20	0.00697	0.00499	0.00675	0.00675	0.00726	0.00549	0.00476	0.00799	0.00748	0.01048	0.01393	0.02430	0.01440	0.36545	0.48450	0.00651	0.00954	0.00596	0.00274	0.00375
21	0.02174	0.00825	0.01125	0.00862	0.01237	0.00712	0.00712	0.02362	0.01387	0.80282	0.01912	0.01649	0.01200	0.00600	0.00487	0.00150	0.00412	0.00487	0.00600	0.00825
22	0.01403	0.01716	0.10339	0.01635	0.08980	0.26226	0.24849	0.08552	0.06351	0.01592	0.00961	0.01144	0.00744	0.00488	0.00524	0.00148	0.02970	0.00437	0.00278	0.00661
23	0.00989	0.00986	0.01660	0.01341	0.01489	0.01187	0.21411	0.01185	0.00855	0.01250	0.00905	0.01394	0.00832	0.04796	0.18192	0.00330	0.39936	0.00495	0.00234	0.00532
24	0.00634	0.00453	0.00612	0.00724	0.00772	0.00431	0.00525	0.00750	0.00971	0.01286	0.02647	0.65034	0.03110	0.01477	0.00630	0.00203	0.00319	0.18568	0.00449	0.00406
25	0.01172	0.01316	0.11485	0.02781	0.70506	0.01148	0.01524	0.01493	0.01094	0.01577	0.00906	0.01178	0.00749	0.00435	0.00477	0.00145	0.00593	0.00423	0.00236	0.00761

[dist]
# distance from previous block
# <min> <max>
0	1

[block]
# block no. 2 follows, 52 sequences, length 94
# corresponding to MSA columns:
# 192-232,234-286
name=unknown_C
#
# <colnr> <probs for GDERKNQSTAVLIFYWHMCP>
#	G	D	E	R	K	N	Q	S	T	A	V	L	I	F	Y	W	H	M	C	P
0	0.14024	0.01016	0.01497	0.22540	0.24249	0.01223	0.01175	0.01316	0.00917	0.01457	0.00779	0.01119	0.00659	0.00574	0.00790	0.00170	0.25257	0.00403	0.00234	0.00599
1	0.48634	0.01550	0.01007	0.00910	0.01188	0.36772	0.00709	0.01652	0.01070	0.01733	0.00708	0.00826	0.00569	0.00472	0.00361	0.00139	0.00598	0.00285	0.00277	0.00541
2	0.01040	0.00956	0.01599	0.10637	0.51041	0.00997	0.01247	0.01303	0.01019	0.01441	0.01067	0.01559	0.00945	0.01179	0.18096	0.00288	0.00735	0.03946	0.00251	0.00656
3	0.00648	0.00490	0.00559	0.00582	0.00679	0.00450	0.00420	0.00754	0.00994	0.01254	0.07219	0.10090	0.36693	0.24205	0.01122	0.00261	0.00341	0.12445	0.00410	0.00384
4	0.01213	0.09334	0.14937	0.01296	0.01720	0.01176	0.22655	0.01881	0.24838	0.08859	0.03883	0.01558	0.03311	0.00552	0.00496	0.00155	0.00568	0.00513	0.00357	0.00698
5	0.00760	0.00522	0.00638	0.00628	0.00738	0.00495	0.00463	0.00913	0.00997	0.01444	0.15409	0.09699	0.04743	0.20544	0.06307	0.00269	0.00405	0.11667	0.14607	0.08751
6	0.01005	0.00861	0.01005	0.00718	0.01148	0.00646	0.00574	0.01220	0.01005	0.01579	0.00861	0.01005	0.00718	0.00359	0.00359	0.00072	0.00359	0.00287	0.00287	0.85932
7	0.01101	0.01267	0.13709	0.02415	0.56083	0.01057	0.01426	0.01421	0.01093	0.01556	0.01157	0.01823	0.01052	0.00574	0.00506	0.00157	0.00577	0.12048	0.00266	0.00711
8	0.00845	0.00442	0.00671	0.04596	0.00764	0.00453	0.00466	0.00661	0.00648	0.00861	0.00843	0.01464	0.00832	0.01625	0.01825	0.81713	0.00432	0.00421	0.00211	0.00226
9	0.00990	0.00578	0.00653	0.00607	0.00784	0.00548	0.00464	0.01280	0.08646	0.13650	0.09363	0.08749	0.24341	0.00877	0.00484	0.00148	0.00280	0.00736	0.26300	0.00523
10	0.01411	0.58651	0.02168	0.00939	0.01305	0.20599	0.00850	0.01640	0.06247	0.01210	0.00778	0.00868	0.00679	0.00451	0.00353	0.00113	0.00594	0.00291	0.00236	0.00617
11	0.00742	0.00581	0.00787	0.00770	0.00805	0.00680	0.00563	0.00835	0.00776	0.01096	0.01495	0.16375	0.01630	0.26814	0.29283	0.00484	0.14878	0.00710	0.00295	0.00401
12	0.00946	0.00553	0.00731	0.00654	0.00814	0.00502	0.00502	0.01167	0.01374	0.15628	0.66104	0.03276	0.03983	0.00922	0.00557	0.00152	0.00261	0.00808	0.00545	0.00521
13	0.01199	0.01151	0.01967	0.02974	0.79946	0.01151	0.01487	0.01487	0.01103	0.01583	0.00912	0.01199	0.00768	0.00432	0.00480	0.00144	0.00576	0.00432	0.00240	0.00768
14	0.01205	0.01041	0.01096	0.00986	0.01260	0.01205	0.00767	0.02575	0.79071	0.02027	0.01972	0.01808	0.01479	0.00657	0.00493	0.00164	0.00384	0.00548	0.00493	0.00767
15	0.45767	0.01057	0.01018	0.00828	0.01168	0.01165	0.00683	0.26650	0.01386	0.14566	0.01026	0.01044	0.00727	0.00516	0.00389	0.00148	0.00432	0.00354	0.00407	0.00669
16	0.01111	0.00924	0.01305	0.01508	0.24954	0.00991	0.00937	0.14818	0.01261	0.01802	0.14524	0.01720	0.01504	0.01089	0.12887	0.00245	0.09110	0.00516	0.04258	0.04537
17	0.42484	0.00960	0.00977	0.00793	0.01134	0.01012	0.00654	0.13452	0.01253	0.31119	0.01205	0.01162	0.00819	0.00525	0.00397	0.00149	0.00413	0.00372	0.00439	0.00681
18	0.01113	0.01064	0.01811	0.26857	0.56736	0.01129	0.01444	0.01412	0.01063	0.01479	0.00896	0.01227	0.00731	0.00448	0.00481	0.00149	0.00597	0.00431	0.00232	0.00698
19	0.01167	0.01880	0.42736	0.01811	0.25568	0.01187	0.01539	0.11780	0.04591	0.01773	0.00969	0.01129	0.00726	0.00476	0.00471	0.00150	0.00635	0.00399	0.00265	0.00748
20	0.00590	0.00422	0.00562	0.00675	0.00703	0.00394	0.00450	0.00675	0.00928	0.01237	0.02671	0.82653	0.03205	0.01518	0.00619	0.00197	0.00281	0.01378	0.00450	0.00394
21	0.01980	0.00857	0.01123	0.00853	0.01237	0.00742	0.00702	0.06014	0.01374	0.64438	0.01715	0.01527	0.01107	0.00562	0.00468	0.00138	0.00410	0.00454	0.00547	0.13752
22	0.01005	0.00861	0.01005	0.00718	0.01148	0.00646	0.00574	0.01220	0.01005	0.01579	0.00861	0.01005	0.00718	0.00359	0.00359	0.00072	0.00359	0.00287	0.00287	0.85932
23	0.00936	0.00941	0.01802	0.01481	0.05259	0.00939	0.36823	0.01217	0.02692	0.01402	0.01509	0.25988	0.01533	0.01054	0.07339	0.00228	0.07199	0.00793	0.00311	0.00554
24	0.01563	0.41343	0.01938	0.01042	0.01376	0.40632	0.00884	0.03836	0.01211	0.01216	0.00724	0.00835	0.00629	0.00461	0.00377	0.00115	0.00693	0.00290	0.00236	0.00598
25	0.01079	0.03714	0.22862	0.00929	0.01434	0.00866	0.00938	0.05885	0.01093	0.03336	0.00899	0.01027	0.00703	0.00407	0.00396	0.00101	0.00473	0.00319	0.00281	0.53261
26	0.01323	0.69411	0.02399	0.01069	0.08945	0.07544	0.00901	0.01489	0.01024	0.01187	0.00702	0.00826	0.00636	0.00422	0.00337	0.00109	0.00549	0.00280	0.00214	0.00632
27	0.00842	0.00421	0.00631	0.00631	0.00631	0.00421	0.00421	0.00631	0.00631	0.00842	0.00842	0.01473	0.00842	0.01684	0.01894	0.85901	0.00421	0.00421	0.00210	0.00210
28	0.00649	0.00475	0.00621	0.00655	0.00715	0.00486	0.00460	0.00750	0.00850	0.01142	0.02231	0.27052	0.12075	0.20018	0.29070	0.00455	0.00672	0.00885	0.00349	0.00387
29	0.00698	0.00498	0.00671	0.00671	0.00720	0.00547	0.00471	0.00796	0.00747	0.01045	0.01397	0.02451	0.01449	0.37910	0.47098	0.00645	0.00940	0.00599	0.00274	0.00373
30	0.00690	0.00576	0.00721	0.00841	0.10905	0.00518	0.00535	0.00864	0.01171	0.01519	0.23510	0.03882	0.48421	0.01048	0.00555	0.00157	0.00283	0.00896	0.02439	0.00469
31	0.00982	0.00930	0.01575	0.63141	0.21475	0.01094	0.01379	0.01297	0.01001	0.01320	0.00873	0.01270	0.00675	0.00472	0.00483	0.00157	0.00629	0.00431	0.00221	0.00593
32	0.02098	0.00886	0.01155	0.00892	0.01264	0.00812	0.00735	0.09787	0.04987	0.69205	0.01842	0.01609	0.01176	0.00601	0.00487	0.00150	0.00423	0.00485	0.00584	0.00822
33	0.02074	0.00986	0.01225	0.00939	0.01318	0.00952	0.00776	0.25378	0.01657	0.56884	0.01685	0.01502	0.01086	0.00594	0.00487	0.00149	0.00449	0.00472	0.00565	0.00825
34	0.02023	0.01067	0.01275	0.00977	0.01358	0.01072	0.00807	0.36917	0.01792	0.45154	0.01571	0.01428	0.01029	0.00592	0.00486	0.00148	0.00467	0.00464	0.00547	0.00824
35	0.00586	0.00493	0.00509	0.00509	0.00668	0.00416	0.00385	0.00719	0.01125	0.01359	0.10392	0.04606	0.72352	0.01212	0.00575	0.00164	0.00249	0.02811	0.00456	0.00414
36	0.00590	0.00425	0.00559	0.00666	0.00701	0.00394	0.00446	0.00676	0.00936	0.01240	0.02774	0.79079	0.06713	0.01505	0.00616	0.00195	0.00280	0.01361	0.00450	0.00394
37	0.00915	0.00861	0.01453	0.81804	0.03338	0.01077	0.01346	0.01238	0.00969	0.01238	0.00861	0.01292	0.00646	0.00484	0.00484	0.00161	0.00646	0.00431	0.00215	0.00538
38	0.01045	0.01029	0.01527	0.17663	0.09680	0.01368	0.01161	0.01213	0.00825	0.01223	0.00709	0.01121	0.00651	0.00733	0.01255	0.00195	0.57403	0.00426	0.00216	0.00556
39	0.00590	0.00425	0.00559	0.00666	0.00701	0.00394	0.00446	0.00676	0.00936	0.01240	0.02774	0.79079	0.06713	0.01505	0.00616	0.00195	0.00280	0.01361	0.00450	0.00394
40	0.00692	0.00519	0.00779	0.00779	0.00865	0.00606	0.00606	0.00865	0.00779	0.01125	0.01298	0.01904	0.01211	0.03634	0.81049	0.00779	0.01298	0.00519	0.00260	0.00433
41	0.00625	0.00458	0.00543	0.00585	0.00647	0.00423	0.00389	0.00709	0.00953	0.01240	0.09865	0.35214	0.21892	0.22931	0.01092	0.00257	0.00317	0.01067	0.00416	0.00377
42	0.01101	0.01054	0.01486	0.36180	0.05801	0.04440	0.01186	0.07952	0.01015	0.01381	0.00797	0.01168	0.00662	0.00635	0.00919	0.00178	0.32809	0.00424	0.00240	0.00571
43	0.01005	0.00861	0.01005	0.00718	0.01148	0.00646	0.00574	0.01220	0.01005	0.01579	0.00861	0.01005	0.00718	0.00359	0.00359	0.00072	0.00359	0.00287	0.00287	0.85932
44	0.01468	0.56585	0.02166	0.00951	0.01328	0.18713	0.00863	0.10414	0.01217	0.01370	0.00746	0.00842	0.00646	0.00452	0.00358	0.00113	0.00596	0.00291	0.00248	0.00632
45	0.01015	0.00804	0.08461	0.00679	0.00922	0.00650	0.00598	0.08830	0.02919	0.09058	0.07124	0.02624	0.25122	0.00787	0.00467	0.00142	0.00331	0.00644	0.28279	0.00543
46	0.86392	0.00937	0.00712	0.00637	0.00937	0.01087	0.00525	0.01425	0.00825	0.02174	0.00675	0.00787	0.00525	0.00450	0.00300	0.00150	0.00375	0.00262	0.00300	0.00525
47	0.00666	0.00495	0.00621	0.00589	0.00712	0.00449	0.00442	0.00876	0.01325	0.01833	0.66709	0.03801	0.17623	0.01032	0.00572	0.00154	0.00232	0.00902	0.00519	0.00449
48	0.76103	0.10892	0.00933	0.00660	0.00974	0.01188	0.00562	0.01428	0.00844	0.02049	0.00675	0.00786	0.00537	0.00446	0.00301	0.00144	0.00392	0.00262	0.00289	0.00537
49	0.10204	0.00827	0.04643	0.18481	0.01528	0.00802	0.00791	0.01498	0.01020	0.27217	0.01357	0.01777	0.01089	0.17708	0.07610	0.00272	0.01732	0.00492	0.00370	0.00580
50	0.00623	0.00435	0.00553	0.00634	0.00654	0.00415	0.00406	0.00683	0.00865	0.01154	0.02350	0.60336	0.02800	0.24388	0.01137	0.00273	0.00334	0.01189	0.00406	0.00366
51	0.01067	0.00948	0.01474	0.66447	0.06073	0.01144	0.01287	0.12958	0.01173	0.01528	0.00909	0.01269	0.00678	0.00497	0.00484	0.00158	0.00626	0.00432	0.00257	0.00591
52	0.01087	0.01039	0.01752	0.32192	0.47491	0.01140	0.01413	0.01378	0.01035	0.01434	0.00879	0.01227	0.00716	0.00472	0.00538	0.00154	0.04723	0.00431	0.00229	0.00670
53	0.00896	0.00725	0.01167	0.00954	0.01112	0.00733	0.16136	0.01079	0.01067	0.05419	0.28959	0.02664	0.02405	0.24910	0.01227	0.00254	0.08742	0.00699	0.00376	0.00475
54	0.00698	0.00495	0.00658	0.00658	0.00703	0.00540	0.00455	0.00788	0.00743	0.01036	0.01408	0.02515	0.01477	0.41886	0.43160	0.00630	0.00899	0.00609	0.00276	0.00366
55	0.14717	0.01242	0.01309	0.01018	0.01391	0.01363	0.00841	0.59233	0.01971	0.10459	0.01162	0.01154	0.00815	0.00563	0.00457	0.00147	0.00497	0.00415	0.00468	0.00779
56	0.01139	0.00804	0.00985	0.13087	0.01341	0.00901	0.00731	0.24453	0.01335	0.01937	0.01278	0.01557	0.01018	0.01284	0.19514	0.00288	0.00637	0.00460	0.26678	0.00573
57	0.01135	0.01085	0.01850	0.20895	0.62531	0.01134	0.01455	0.01431	0.01073	0.01505	0.00900	0.01220	0.00740	0.00444	0.00481	0.00148	0.00592	0.00432	0.00234	0.00715
58	0.01215	0.01269	0.02384	0.02137	0.22519	0.02805	0.46416	0.05923	0.07171	0.01674	0.01044	0.01301	0.00803	0.00445	0.00534	0.00157	0.00706	0.00521	0.00276	0.00700
59	0.15983	0.00875	0.01323	0.67497	0.02915	0.01079	0.01201	0.01271	0.00944	0.01403	0.00828	0.01203	0.00625	0.00478	0.00452	0.00159	0.00598	0.00401	0.00230	0.00536
60	0.01190	0.01276	0.01524	0.47681	0.16380	0.21165	0.01268	0.01457	0.01094	0.01286	0.00842	0.01171	0.00662	0.00479	0.00472	0.00149	0.00691	0.00401	0.00228	0.00585
61	0.71372	0.00973	0.00922	0.01009	0.12993	0.01106	0.00684	0.01428	0.00865	0.02060	0.00710	0.00857	0.00564	0.00457	0.00358	0.00151	0.02349	0.00292	0.00289	0.00562
62	0.00968	0.00676	0.00758	0.00688	0.00860	0.00707	0.00529	0.08986	0.16720	0.02030	0.33444	0.02482	0.02605	0.00758	0.00479	0.00142	0.00289	0.00642	0.25684	0.00553
63	0.01846	0.00868	0.01130	0.07848	0.01391	0.00826	0.00759	0.13156	0.01448	0.53489	0.01983	0.01829	0.08351	0.00645	0.00492	0.00151	0.00431	0.00524	0.02079	0.00755
64	0.00991	0.00861	0.01073	0.13034	0.01481	0.00711	0.00691	0.01223	0.00999	0.01527	0.00861	0.01048	0.00707	0.00378	0.00378	0.00085	0.00402	0.00309	0.00276	0.72961
65	0.16720	0.02068	0.01257	0.01141	0.01399	0.66933	0.00864	0.01845	0.01277	0.01360	0.00736	0.00859	0.00607	0.00491	0.00413	0.00129	0.00786	0.00303	0.00259	0.00555
66	0.01060	0.01060	0.01484	0.01272	0.01272	0.01484	0.01060	0.01166	0.00742	0.01166	0.00636	0.01060	0.00636	0.00848	0.01590	0.00212	0.82082	0.00424	0.00212	0.00530
67	0.01294	0.01073	0.01142	0.01004	0.01290	0.01226	0.00794	0.15384	0.62441	0.02175	0.01862	0.01866	0.01428	0.00676	0.00500	0.00164	0.00412	0.04018	0.00490	0.00762
68	0.01624	0.01070	0.01160	0.00917	0.01231	0.01154	0.00748	0.51073	0.01864	0.09686	0.01341	0.01377	0.00968	0.00579	0.00446	0.00137	0.00441	0.00445	0.23012	0.00726
69	0.00916	0.00801	0.01213	0.11253	0.26983	0.00804	0.00929	0.01200	0.05863	0.01496	0.08600	0.26125	0.01873	0.00825	0.00520	0.00157	0.00431	0.00751	0.00347	0.08912
70	0.02174	0.00825	0.01125	0.00862	0.01237	0.00712	0.00712	0.02362	0.01387	0.80282	0.01912	0.01649	0.01200	0.00600	0.00487	0.00150	0.00412	0.00487	0.00600	0.00825
71	0.05804	0.01338	0.01420	0.01093	0.01476	0.01483	0.00903	0.74727	0.02210	0.03013	0.01141	0.01146	0.00810	0.00576	0.00476	0.00146	0.00526	0.00428	0.00476	0.00810
72	0.73409	0.00926	0.00825	0.12966	0.01302	0.01086	0.00650	0.01396	0.00847	0.02032	0.00703	0.00864	0.00543	0.00455	0.00328	0.00152	0.00416	0.00288	0.00287	0.00527
73	0.14140	0.01119	0.01776	0.02619	0.67945	0.01142	0.01341	0.01478	0.01061	0.01673	0.00876	0.01137	0.00731	0.00435	0.00452	0.00145	0.00545	0.00406	0.00249	0.00731
74	0.00578	0.00487	0.00501	0.00506	0.00660	0.00410	0.00376	0.00702	0.01103	0.01327	0.07364	0.09444	0.72416	0.01237	0.00576	0.00165	0.00247	0.01040	0.00453	0.00410
75	0.00579	0.00465	0.00518	0.00560	0.00673	0.00403	0.00399	0.00688	0.01038	0.01282	0.04065	0.34068	0.50890	0.01337	0.00590	0.00176	0.00259	0.01157	0.00450	0.00403
76	0.00915	0.00861	0.01453	0.81804	0.03338	0.01077	0.01346	0.01238	0.00969	0.01238	0.00861	0.01292	0.00646	0.00484	0.00484	0.00161	0.00646	0.00431	0.00215	0.00538
77	0.01217	0.00940	0.01102	0.00954	0.01185	0.01072	0.00762	0.28609	0.18062	0.02001	0.01379	0.01602	0.01118	0.01854	0.33484	0.00410	0.02724	0.00494	0.00388	0.00645
78	0.00628	0.00485	0.00492	0.00490	0.00644	0.00418	0.00368	0.00771	0.01103	0.01414	0.07831	0.04182	0.64379	0.01116	0.00537	0.00155	0.00242	0.00929	0.13397	0.00418
79	0.00611	0.00438	0.00581	0.00661	0.00707	0.00408	0.00451	0.00727	0.01025	0.01391	0.19502	0.65382	0.03504	0.01403	0.00608	0.00187	0.00270	0.01268	0.00468	0.00408
80	0.01058	0.01179	0.02504	0.01818	0.02250	0.01101	0.66371	0.01421	0.01127	0.01511	0.01439	0.06633	0.08010	0.00551	0.00575	0.00165	0.00732	0.00662	0.00276	0.00616
81	0.01144	0.01307	0.02859	0.02042	0.02533	0.01225	0.78186	0.01552	0.01144	0.01552	0.00980	0.01307	0.00735	0.00408	0.00572	0.00163	0.00817	0.00572	0.00245	0.00654
82	0.00626	0.00437	0.00552	0.00629	0.00649	0.00417	0.00401	0.00684	0.00859	0.01145	0.02316	0.58021	0.02758	0.26760	0.01191	0.00281	0.00340	0.01169	0.00401	0.00363
83	0.00998	0.02324	0.68671	0.01482	0.02164	0.01141	0.13395	0.01537	0.01041	0.01537	0.00886	0.01066	0.00632	0.00453	0.00477	0.00155	0.00731	0.00391	0.00211	0.00707
84	0.06983	0.01518	0.06472	0.04811	0.01558	0.24150	0.03986	0.19199	0.04351	0.20497	0.01181	0.01198	0.00836	0.00538	0.00462	0.00144	0.00616	0.00406	0.00393	0.00701
85	0.00842	0.00685	0.00724	0.00768	0.00892	0.08337	0.00598	0.00991	0.01102	0.04957	0.04836	0.27325	0.19317	0.01243	0.00600	0.00188	0.00389	0.25317	0.00438	0.00452
86	0.86392	0.00937	0.00712	0.00637	0.00937	0.01087	0.00525	0.01425	0.00825	0.02174	0.00675	0.00787	0.00525	0.00450	0.00300	0.00150	0.00375	0.00262	0.00300	0.00525
87	0.00646	0.00462	0.00621	0.00674	0.00714	0.00475	0.00463	0.00739	0.00834	0.01138	0.02005	0.40819	0.02286	0.19959	0.25390	0.00433	0.00630	0.00971	0.00358	0.00384
88	0.00661	0.00476	0.00625	0.00627	0.00718	0.00440	0.00455	0.00851	0.01254	0.01757	0.59329	0.24513	0.04211	0.01130	0.00584	0.00164	0.00243	0.01009	0.00511	0.00440
89	0.00975	0.02485	0.79041	0.01393	0.02105	0.01127	0.03186	0.01535	0.01025	0.01535	0.00872	0.01028	0.00616	0.00459	0.00462	0.00154	0.00718	0.00362	0.00205	0.00715
90	0.01279	0.01179	0.02024	0.01643	0.09496	0.01181	0.37174	0.22975	0.01392	0.01884	0.01108	0.01539	0.00919	0.13000	0.00826	0.00203	0.00661	0.00540	0.00319	0.00658
91	0.01540	0.20209	0.01658	0.15341	0.01766	0.41337	0.00983	0.09160	0.01303	0.01367	0.00792	0.00954	0.00647	0.00486	0.00422	0.00129	0.00720	0.00333	0.00257	0.00597
92	0.01001	0.00854	0.01065	0.00952	0.08808	0.00691	0.00671	0.02856	0.01041	0.01580	0.01087	0.07283	0.01006	0.00503	0.00407	0.00097	0.00382	0.03965	0.00306	0.65446
93	0.01264	0.23931	0.10211	0.01808	0.31078	0.13459	0.04722	0.01515	0.01097	0.01379	0.00903	0.04838	0.00803	0.00490	0.00436	0.00134	0.00617	0.00409	0.00239	0.00668

[dist]
# distance from previous block
# <min> <max>
0	1

[block]
# block no. 3 follows, 52 sequences, length 22
# corresponding to MSA columns:
# 288-309
name=unknown_D
#
# <colnr> <probs for GDERKNQSTAVLIFYWHMCP>
#	G	D	E	R	K	N	Q	S	T	A	V	L	I	F	Y	W	H	M	C	P
0	0.14373	0.01300	0.01488	0.03843	0.31655	0.14710	0.01072	0.10184	0.01203	0.01735	0.00852	0.01053	0.00696	0.00486	0.00510	0.00141	0.06054	0.00373	0.00280	0.07992
1	0.73362	0.00953	0.00771	0.00691	0.00987	0.01105	0.00562	0.01600	0.12793	0.02152	0.00873	0.00943	0.00671	0.00482	0.00329	0.00152	0.00376	0.00306	0.00329	0.00562
2	0.00915	0.00861	0.01453	0.81804	0.03338	0.01077	0.01346	0.01238	0.00969	0.01238	0.00861	0.01292	0.00646	0.00484	0.00484	0.00161	0.00646	0.00431	0.00215	0.00538
3	0.00915	0.00861	0.01453	0.81804	0.03338	0.01077	0.01346	0.01238	0.00969	0.01238	0.00861	0.01292	0.00646	0.00484	0.00484	0.00161	0.00646	0.00431	0.00215	0.00538
4	0.00596	0.00426	0.00567	0.00671	0.00704	0.00397	0.00450	0.00688	0.00953	0.01277	0.06975	0.78236	0.03282	0.01489	0.00616	0.00194	0.00278	0.01350	0.00455	0.00397
5	0.01470	0.01172	0.01245	0.01040	0.01361	0.01329	0.00831	0.34013	0.47202	0.02453	0.01637	0.01541	0.01207	0.00626	0.00490	0.00157	0.00446	0.00502	0.00490	0.00791
6	0.01174	0.00997	0.01512	0.18278	0.26321	0.01047	0.05404	0.01702	0.18681	0.07752	0.03631	0.01514	0.02400	0.00530	0.00485	0.00149	0.00515	0.00482	0.00336	0.07090
7	0.01101	0.01159	0.04345	0.09617	0.36234	0.07874	0.12975	0.01379	0.01117	0.01495	0.06336	0.10081	0.01287	0.00612	0.00515	0.00155	0.00593	0.02202	0.00284	0.00642
8	0.86392	0.00937	0.00712	0.00637	0.00937	0.01087	0.00525	0.01425	0.00825	0.02174	0.00675	0.00787	0.00525	0.00450	0.00300	0.00150	0.00375	0.00262	0.00300	0.00525
9	0.01105	0.01431	0.23403	0.01468	0.01936	0.01010	0.36999	0.01506	0.01098	0.06000	0.01126	0.01352	0.00833	0.00466	0.00489	0.00150	0.00645	0.00484	0.17862	0.00639
10	0.01449	0.01691	0.01510	0.23491	0.17186	0.43817	0.01154	0.01659	0.01211	0.01277	0.00811	0.01051	0.00658	0.00482	0.00458	0.00139	0.00754	0.00368	0.00238	0.00595
11	0.01301	0.01613	0.37996	0.01090	0.01587	0.00959	0.01191	0.01855	0.14224	0.23046	0.01719	0.01669	0.08378	0.00604	0.00484	0.00155	0.00533	0.00488	0.00384	0.00725
12	0.00604	0.00460	0.00556	0.00601	0.00691	0.00412	0.00425	0.00731	0.01077	0.01406	0.19283	0.40758	0.28615	0.01314	0.00594	0.00177	0.00259	0.01158	0.00467	0.00412
13	0.01571	0.39998	0.01916	0.01053	0.01380	0.44194	0.00886	0.01710	0.01192	0.01165	0.00714	0.00829	0.00623	0.00460	0.00378	0.00115	0.00708	0.00287	0.00230	0.00590
14	0.01420	0.01381	0.08601	0.00993	0.01291	0.20367	0.00844	0.21751	0.01580	0.08822	0.25649	0.01890	0.01960	0.00680	0.00498	0.00144	0.00527	0.00541	0.00427	0.00636
15	0.00643	0.00480	0.00511	0.00511	0.00587	0.00442	0.00328	0.00700	0.00891	0.01112	0.03102	0.03866	0.38071	0.44912	0.01585	0.00327	0.00365	0.00853	0.00366	0.00347
16	0.02174	0.00825	0.01125	0.00862	0.01237	0.00712	0.00712	0.02362	0.01387	0.80282	0.01912	0.01649	0.01200	0.00600	0.00487	0.00150	0.00412	0.00487	0.00600	0.00825
17	0.00938	0.00875	0.01426	0.75503	0.03176	0.01087	0.01301	0.01342	0.07058	0.01300	0.00948	0.01332	0.00711	0.00498	0.00485	0.00162	0.00626	0.00440	0.00237	0.00556
18	0.01012	0.01116	0.04745	0.01610	0.01951	0.01090	0.47257	0.01332	0.01002	0.01399	0.01022	0.01426	0.00844	0.01293	0.21512	0.00328	0.09696	0.00535	0.00244	0.00585
19	0.00762	0.00517	0.00522	0.00548	0.00657	0.03138	0.00396	0.00919	0.01029	0.01501	0.02745	0.23738	0.23120	0.00993	0.00479	0.00149	0.00267	0.00845	0.37245	0.00429
20	0.05037	0.01260	0.01175	0.07418	0.07278	0.22751	0.00843	0.01854	0.21634	0.09521	0.11890	0.01642	0.01456	0.00649	0.00525	0.03035	0.00535	0.00488	0.00384	0.00628
21	0.01354	0.01037	0.01629	0.13401	0.39887	0.01062	0.03128	0.10132	0.01265	0.14644	0.02901	0.03393	0.01018	0.00544	0.00495	0.00151	0.00542	0.02354	0.00340	0.00724

[dist]
# distance from previous block
# <min> <max>
0	29

# created by:
# /home/cegg/simao/soft/augustus-3.2.1/scripts/msa2prfl.pl ./align_prep/26277.fa
