[name]
unknown

[dist]
# distance from previous block
# <min> <max>
0	165

[block]
# block no. 0 follows, 45 sequences, length 9
# corresponding to MSA columns:
# 194-202
name=unknown_A
#
# <colnr> <probs for GDERKNQSTAVLIFYWHMCP>
#	G	D	E	R	K	N	Q	S	T	A	V	L	I	F	Y	W	H	M	C	P
0	0.15410	0.01028	0.01334	0.01221	0.04832	0.01084	0.09090	0.20501	0.01498	0.02194	0.01848	0.05922	0.03287	0.02593	0.00635	0.00203	0.00546	0.25681	0.00440	0.00651
1	0.53215	0.01053	0.00990	0.00833	0.01190	0.01152	0.00683	0.07648	0.06625	0.20217	0.01213	0.01209	0.00858	0.00565	0.00412	0.00167	0.00439	0.00387	0.00441	0.00704
2	0.01137	0.14545	0.01717	0.01921	0.37171	0.01142	0.01064	0.01340	0.01111	0.01500	0.05133	0.02186	0.07196	0.19467	0.01028	0.00239	0.00553	0.00591	0.00307	0.00653
3	0.01692	0.00915	0.01091	0.00909	0.01206	0.00909	0.00707	0.07848	0.19087	0.34547	0.02264	0.02401	0.07707	0.15134	0.00941	0.00234	0.00456	0.00643	0.00553	0.00756
4	0.01149	0.01042	0.01611	0.07814	0.41537	0.01083	0.01232	0.01620	0.13929	0.01720	0.01661	0.20063	0.01606	0.00807	0.00570	0.00178	0.00531	0.00745	0.00366	0.00735
5	0.01350	0.01412	0.01704	0.12326	0.37353	0.19338	0.01292	0.01621	0.01323	0.01668	0.13875	0.01710	0.01507	0.00608	0.00538	0.00159	0.00660	0.00530	0.00320	0.00706
6	0.01078	0.00890	0.00992	0.00941	0.01151	0.00985	0.00709	0.02049	0.46350	0.02025	0.15083	0.20797	0.02665	0.01014	0.00593	0.00188	0.00369	0.00884	0.00543	0.00695
7	0.01008	0.00981	0.01690	0.38482	0.12602	0.01057	0.13442	0.01324	0.01160	0.01497	0.02033	0.02295	0.18753	0.00708	0.00575	0.00177	0.00632	0.00656	0.00308	0.00617
8	0.01104	0.00984	0.01601	0.02268	0.46755	0.01006	0.01195	0.01340	0.01063	0.01514	0.01225	0.01880	0.01151	0.14927	0.19287	0.00385	0.00805	0.00552	0.00281	0.00675

[dist]
# distance from previous block
# <min> <max>
1	8

[block]
# block no. 1 follows, 45 sequences, length 17
# corresponding to MSA columns:
# 211-227
name=unknown_B
#
# <colnr> <probs for GDERKNQSTAVLIFYWHMCP>
#	G	D	E	R	K	N	Q	S	T	A	V	L	I	F	Y	W	H	M	C	P
0	0.01689	0.00881	0.01133	0.02352	0.01277	0.00870	0.00765	0.15688	0.01528	0.34402	0.06458	0.14113	0.01808	0.01365	0.12785	0.00282	0.00605	0.00712	0.00544	0.00742
1	0.01531	0.01256	0.06497	0.01812	0.21359	0.01148	0.13226	0.15231	0.01564	0.15552	0.13590	0.01848	0.01609	0.00639	0.00565	0.00167	0.00588	0.00589	0.00436	0.00793
2	0.00719	0.00524	0.00647	0.00657	0.00750	0.00484	0.00460	0.00876	0.01240	0.01682	0.36758	0.21937	0.15500	0.14170	0.00984	0.00239	0.00313	0.01094	0.00512	0.00453
3	0.01186	0.01110	0.01753	0.02464	0.53459	0.01057	0.01291	0.01463	0.01205	0.01706	0.01690	0.01891	0.12786	0.00602	0.00526	0.00150	0.00542	0.00554	0.00310	0.14254
4	0.01127	0.01139	0.01452	0.54872	0.02913	0.13193	0.01262	0.01434	0.01215	0.01488	0.13269	0.01775	0.01413	0.00630	0.00544	0.00171	0.00680	0.00536	0.00301	0.00586
5	0.01117	0.00764	0.01064	0.22412	0.01725	0.00800	0.00839	0.01480	0.07821	0.13666	0.26890	0.07084	0.10354	0.00903	0.00588	0.00176	0.00431	0.00784	0.00488	0.00615
6	0.00733	0.00584	0.00687	0.00693	0.00858	0.00499	0.00509	0.00876	0.01128	0.01476	0.03569	0.34696	0.31151	0.01340	0.00623	0.00184	0.00321	0.05627	0.00469	0.13978
7	0.01743	0.01812	0.01431	0.01211	0.01551	0.35169	0.00943	0.18447	0.13383	0.01986	0.01159	0.01229	0.00905	0.00586	0.00525	0.00143	0.02757	0.00416	0.00382	0.14223
8	0.01112	0.00937	0.01087	0.00802	0.01242	0.00733	0.00637	0.04661	0.01177	0.01791	0.01259	0.05206	0.04219	0.00513	0.00428	0.00094	0.00397	0.00420	0.00344	0.72940
9	0.01342	0.01405	0.01601	0.02023	0.35913	0.18967	0.01151	0.01578	0.01274	0.01604	0.01649	0.01808	0.12750	0.00620	0.00515	0.00145	0.00618	0.00524	0.00313	0.14201
10	0.01243	0.55803	0.02099	0.00824	0.01163	0.01600	0.00766	0.01416	0.01087	0.01399	0.01253	0.13489	0.01245	0.00676	0.00402	0.00133	0.00481	0.00514	0.13788	0.00619
11	0.01574	0.05018	0.06378	0.13757	0.08768	0.21047	0.07213	0.17450	0.05242	0.01916	0.01057	0.01244	0.00816	0.00556	0.00535	0.00157	0.01988	0.00444	0.00334	0.04507
12	0.01115	0.01037	0.01640	0.55195	0.15329	0.01228	0.01416	0.01647	0.12891	0.01569	0.01155	0.01504	0.00881	0.00557	0.00537	0.00176	0.00658	0.00497	0.00291	0.00677
13	0.00765	0.00609	0.00698	0.00729	0.00862	0.00592	0.00525	0.01113	0.13341	0.01594	0.09009	0.37151	0.28251	0.01378	0.00642	0.00196	0.00312	0.01206	0.00513	0.00513
14	0.01370	0.14204	0.04282	0.05506	0.27197	0.04107	0.12937	0.05309	0.03255	0.06368	0.01428	0.04931	0.05542	0.00607	0.00529	0.00161	0.00635	0.00556	0.00328	0.00749
15	0.01290	0.01408	0.01714	0.01661	0.13512	0.21493	0.17839	0.01573	0.03834	0.01581	0.06949	0.16531	0.05392	0.00819	0.00602	0.00173	0.01889	0.00745	0.00357	0.00637
16	0.02755	0.04117	0.01354	0.01427	0.14310	0.22955	0.00936	0.03052	0.16555	0.01704	0.06382	0.14479	0.04937	0.00824	0.00545	0.00167	0.00584	0.00685	0.01565	0.00667

[dist]
# distance from previous block
# <min> <max>
3	16

[block]
# block no. 2 follows, 45 sequences, length 58
# corresponding to MSA columns:
# 253-310
name=unknown_C
#
# <colnr> <probs for GDERKNQSTAVLIFYWHMCP>
#	G	D	E	R	K	N	Q	S	T	A	V	L	I	F	Y	W	H	M	C	P
0	0.01287	0.06234	0.23000	0.05002	0.33593	0.04821	0.06489	0.01723	0.04073	0.03773	0.04169	0.01392	0.00994	0.00529	0.00525	0.00162	0.00684	0.00476	0.00287	0.00785
1	0.01416	0.04625	0.14805	0.19086	0.15391	0.18679	0.03418	0.08299	0.03666	0.01714	0.03243	0.01319	0.00902	0.00552	0.00518	0.00161	0.00738	0.00451	0.00296	0.00720
2	0.07599	0.11821	0.35046	0.01314	0.04646	0.08413	0.01357	0.07700	0.06041	0.01823	0.03036	0.01311	0.00930	0.03829	0.00570	0.00171	0.00673	0.00422	0.00302	0.02995
3	0.07602	0.08627	0.34335	0.01335	0.06017	0.03533	0.01349	0.06506	0.08160	0.07649	0.01228	0.04484	0.00958	0.00586	0.00491	0.00161	0.00629	0.00460	0.00337	0.05554
4	0.01346	0.04071	0.01628	0.01935	0.33735	0.01058	0.03576	0.01750	0.09197	0.11805	0.08197	0.02075	0.05211	0.00666	0.00539	0.00161	0.00513	0.03517	0.03816	0.05202
5	0.00704	0.03804	0.00720	0.00700	0.00802	0.00530	0.00503	0.00841	0.01153	0.01514	0.16180	0.44287	0.20330	0.01547	0.03605	0.00221	0.00346	0.01255	0.00495	0.00464
6	0.01202	0.01114	0.01783	0.16534	0.45983	0.01176	0.01387	0.01663	0.10597	0.01760	0.06997	0.04872	0.01352	0.00616	0.00548	0.00169	0.00583	0.00574	0.00330	0.00762
7	0.01161	0.02127	0.42635	0.01817	0.02489	0.01273	0.33921	0.01694	0.01190	0.01710	0.01016	0.01269	0.00743	0.00480	0.00559	0.00171	0.00826	0.00496	0.00250	0.04172
8	0.04282	0.00882	0.01133	0.00969	0.01145	0.00987	0.03036	0.08452	0.01335	0.07618	0.22787	0.02875	0.18755	0.00993	0.00910	0.00189	0.21847	0.00756	0.00456	0.00596
9	0.01136	0.01186	0.09940	0.01001	0.03500	0.08389	0.00837	0.01556	0.09614	0.05014	0.32007	0.02402	0.02610	0.00757	0.00540	0.00149	0.00453	0.00638	0.00451	0.17820
10	0.01232	0.01288	0.01979	0.01572	0.05914	0.09925	0.31059	0.01576	0.02692	0.01766	0.14214	0.01759	0.01546	0.00569	0.00553	0.00149	0.00656	0.00575	0.00343	0.20636
11	0.01050	0.00742	0.00909	0.00811	0.00991	0.00768	0.00640	0.01307	0.06045	0.12589	0.20006	0.03564	0.32889	0.01092	0.00803	0.00185	0.13659	0.00868	0.00502	0.00578
12	0.01547	0.28564	0.01937	0.01159	0.01471	0.25678	0.00978	0.04661	0.01231	0.01425	0.00809	0.01003	0.00714	0.00585	0.00684	0.00144	0.16563	0.00353	0.00268	0.10227
13	0.01885	0.01412	0.01528	0.01162	0.01599	0.01506	0.00956	0.63517	0.02288	0.03110	0.01233	0.01259	0.00893	0.00603	0.00514	0.00147	0.00558	0.00456	0.00500	0.14874
14	0.18491	0.07282	0.01461	0.01135	0.01482	0.27518	0.00911	0.26272	0.01674	0.04165	0.01016	0.01115	0.00784	0.00708	0.03608	0.00179	0.00712	0.00390	0.00380	0.00716
15	0.00837	0.00689	0.01141	0.01093	0.01245	0.00660	0.13235	0.01049	0.01147	0.01519	0.02601	0.38933	0.02917	0.01400	0.00698	0.00223	0.00481	0.29168	0.00459	0.00506
16	0.00781	0.00520	0.00585	0.00585	0.00585	0.00520	0.00325	0.00781	0.00781	0.01041	0.01691	0.03513	0.01952	0.81135	0.02732	0.00520	0.00520	0.00781	0.00325	0.00325
17	0.00781	0.00520	0.00585	0.00585	0.00585	0.00520	0.00325	0.00781	0.00781	0.01041	0.01691	0.03513	0.01952	0.81135	0.02732	0.00520	0.00520	0.00781	0.00325	0.00325
18	0.01841	0.02076	0.01502	0.01316	0.01607	0.51769	0.03648	0.17285	0.01667	0.01763	0.01162	0.09603	0.01048	0.00689	0.00522	0.00153	0.00817	0.00511	0.00354	0.00666
19	0.00767	0.00575	0.00863	0.00863	0.00959	0.00671	0.00671	0.00959	0.00863	0.01246	0.01438	0.02109	0.01342	0.04026	0.79008	0.00863	0.01438	0.00575	0.00288	0.00479
20	0.02005	0.02558	0.01521	0.01383	0.01659	0.78980	0.01037	0.02143	0.01521	0.01314	0.00830	0.00968	0.00691	0.00553	0.00484	0.00138	0.00968	0.00346	0.00277	0.00622
21	0.01265	0.02182	0.45660	0.01368	0.01960	0.05272	0.01523	0.06776	0.24707	0.01956	0.01356	0.01404	0.00993	0.00588	0.00522	0.00172	0.00675	0.00465	0.00348	0.00810
22	0.02006	0.02520	0.01524	0.01378	0.01660	0.76196	0.01037	0.04803	0.01557	0.01388	0.00846	0.00980	0.00699	0.00556	0.00486	0.00139	0.00954	0.00351	0.00286	0.00633
23	0.00654	0.00467	0.00623	0.00747	0.00779	0.00436	0.00498	0.00747	0.01028	0.01370	0.02959	0.80785	0.03550	0.01682	0.00685	0.00218	0.00311	0.01526	0.00498	0.00436
24	0.10542	0.00688	0.00756	0.00694	0.00875	0.00702	0.00534	0.06208	0.05195	0.02209	0.40553	0.02973	0.06030	0.00887	0.00531	0.00160	0.00303	0.00745	0.18860	0.00556
25	0.01113	0.00954	0.01113	0.00795	0.01272	0.00716	0.00636	0.01352	0.01113	0.01749	0.00954	0.01113	0.00795	0.00398	0.00398	0.00080	0.00398	0.00318	0.00318	0.84417
26	0.01113	0.00954	0.01113	0.00795	0.01272	0.00716	0.00636	0.01352	0.01113	0.01749	0.00954	0.01113	0.00795	0.00398	0.00398	0.00080	0.00398	0.00318	0.00318	0.84417
27	0.00769	0.00566	0.00815	0.00815	0.00895	0.00645	0.00612	0.00928	0.00849	0.01211	0.01481	0.02350	0.01446	0.17247	0.65929	0.00804	0.01281	0.00610	0.00294	0.00453
28	0.01504	0.01790	0.02440	0.01869	0.02261	0.27469	0.42173	0.01813	0.01302	0.01534	0.00956	0.01255	0.00761	0.00542	0.00712	0.00173	0.09984	0.00518	0.00269	0.00674
29	0.00699	0.00546	0.00633	0.00611	0.00765	0.00481	0.00459	0.00895	0.01376	0.01811	0.42481	0.04572	0.40301	0.01225	0.00634	0.00175	0.00262	0.01050	0.00546	0.00481
30	0.00641	0.00519	0.00569	0.00608	0.00742	0.00448	0.00437	0.00763	0.01161	0.01425	0.04651	0.29153	0.54089	0.01462	0.00651	0.00193	0.00284	0.01258	0.00498	0.00448
31	0.00708	0.00512	0.00669	0.00703	0.00789	0.00473	0.00499	0.00885	0.01287	0.01775	0.41364	0.38620	0.06973	0.01370	0.00657	0.00191	0.00280	0.01227	0.00546	0.00473
32	0.01435	0.81458	0.02813	0.00918	0.01378	0.02124	0.00918	0.01607	0.01091	0.01263	0.00746	0.00861	0.00689	0.00459	0.00344	0.00115	0.00574	0.00287	0.00230	0.00689
33	0.01335	0.01153	0.01214	0.01092	0.01396	0.01335	0.00850	0.02852	0.76817	0.02245	0.02185	0.02003	0.01639	0.00728	0.00546	0.00182	0.00425	0.00607	0.00546	0.00850
34	0.02005	0.02558	0.01521	0.01383	0.01659	0.78980	0.01037	0.02143	0.01521	0.01314	0.00830	0.00968	0.00691	0.00553	0.00484	0.00138	0.00968	0.00346	0.00277	0.00622
35	0.00781	0.00520	0.00585	0.00585	0.00585	0.00520	0.00325	0.00781	0.00781	0.01041	0.01691	0.03513	0.01952	0.81135	0.02732	0.00520	0.00520	0.00781	0.00325	0.00325
36	0.00682	0.00546	0.00610	0.00594	0.00754	0.00473	0.00445	0.00862	0.01336	0.01716	0.32715	0.04728	0.50126	0.01260	0.00634	0.00177	0.00265	0.01072	0.00533	0.00473
37	0.02005	0.02558	0.01521	0.01383	0.01659	0.78980	0.01037	0.02143	0.01521	0.01314	0.00830	0.00968	0.00691	0.00553	0.00484	0.00138	0.00968	0.00346	0.00277	0.00622
38	0.15783	0.01167	0.01251	0.00999	0.01351	0.01253	0.00804	0.36704	0.04384	0.17536	0.01446	0.01616	0.01091	0.09827	0.00752	0.00204	0.00515	0.00501	0.02036	0.00781
39	0.02155	0.01321	0.01498	0.01148	0.01573	0.01393	0.00949	0.53245	0.02218	0.26567	0.01546	0.01456	0.01042	0.00651	0.00538	0.00163	0.00549	0.00501	0.00576	0.00913
40	0.00650	0.00544	0.00565	0.00560	0.00734	0.00460	0.00420	0.00800	0.01260	0.01536	0.14232	0.05025	0.68721	0.01327	0.00634	0.00180	0.00270	0.01113	0.00510	0.00460
41	0.01267	0.01448	0.03167	0.02262	0.02805	0.01357	0.75837	0.01719	0.01267	0.01719	0.01086	0.01448	0.00814	0.00452	0.00633	0.00181	0.00905	0.00633	0.00271	0.00724
42	0.01155	0.01159	0.01128	0.01044	0.01208	0.16715	0.00814	0.01538	0.13740	0.01463	0.01900	0.02155	0.12053	0.01923	0.27091	0.00410	0.12973	0.00598	0.00351	0.00583
43	0.01329	0.01275	0.02179	0.03295	0.77787	0.01275	0.01647	0.01647	0.01222	0.01754	0.01010	0.01329	0.00850	0.00478	0.00531	0.00159	0.00638	0.00478	0.00266	0.00850
44	0.00853	0.00750	0.01118	0.01001	0.01194	0.00725	0.13124	0.01226	0.11958	0.01601	0.05908	0.36231	0.19654	0.01245	0.00643	0.00196	0.00416	0.01135	0.00471	0.00550
45	0.01435	0.81458	0.02813	0.00918	0.01378	0.02124	0.00918	0.01607	0.01091	0.01263	0.00746	0.00861	0.00689	0.00459	0.00344	0.00115	0.00574	0.00287	0.00230	0.00689
46	0.00678	0.00527	0.00617	0.00633	0.00762	0.00466	0.00460	0.00840	0.01268	0.01649	0.27187	0.22932	0.37348	0.01355	0.00646	0.00186	0.00276	0.01177	0.00527	0.00466
47	0.00773	0.00651	0.00792	0.00769	0.00854	0.00700	0.00570	0.00880	0.01046	0.01364	0.05920	0.19418	0.33010	0.13646	0.01193	0.00251	0.16264	0.01020	0.00422	0.00459
48	0.01306	0.01291	0.02321	0.06189	0.62282	0.01286	0.14045	0.01648	0.01224	0.01733	0.01020	0.01353	0.00839	0.00476	0.00549	0.00164	0.00686	0.00504	0.00266	0.00819
49	0.74455	0.01073	0.00878	0.00762	0.01106	0.01227	0.00628	0.08054	0.01078	0.05527	0.00849	0.00946	0.00640	0.00518	0.00358	0.00166	0.00432	0.00317	0.00363	0.00623
50	0.00950	0.00630	0.00736	0.00766	0.00893	0.00649	0.00585	0.04246	0.09816	0.01798	0.02329	0.24449	0.02346	0.03975	0.00644	0.00197	0.00359	0.15511	0.28591	0.00532
51	0.01264	0.00938	0.01083	0.00995	0.01236	0.00987	0.00818	0.29229	0.03757	0.02243	0.02616	0.12485	0.12704	0.01152	0.00638	0.00200	0.00477	0.26017	0.00513	0.00649
52	0.01298	0.41598	0.27925	0.01153	0.01698	0.01697	0.01265	0.01847	0.13766	0.01574	0.01060	0.01143	0.00845	0.00521	0.00434	0.00145	0.00623	0.00377	0.00282	0.00751
53	0.00863	0.00493	0.00560	0.00599	0.00692	0.00479	0.00428	0.01060	0.01124	0.01798	0.08255	0.29108	0.02416	0.01025	0.00502	0.00160	0.00271	0.00889	0.48801	0.00479
54	0.00654	0.00467	0.00623	0.00747	0.00779	0.00436	0.00498	0.00747	0.01028	0.01370	0.02959	0.80785	0.03550	0.01682	0.00685	0.00218	0.00311	0.01526	0.00498	0.00436
55	0.00686	0.00502	0.00645	0.00701	0.00780	0.00461	0.00491	0.00836	0.01210	0.01634	0.27497	0.47243	0.12420	0.01455	0.00662	0.00198	0.00288	0.01301	0.00528	0.00461
56	0.02377	0.00965	0.01277	0.00979	0.01396	0.00865	0.00809	0.08961	0.01622	0.71693	0.02046	0.01781	0.01293	0.00663	0.00540	0.00166	0.00468	0.00535	0.00653	0.00913
57	0.01329	0.01275	0.02179	0.03295	0.77787	0.01275	0.01647	0.01647	0.01222	0.01754	0.01010	0.01329	0.00850	0.00478	0.00531	0.00159	0.00638	0.00478	0.00266	0.00850

[dist]
# distance from previous block
# <min> <max>
0	228

[block]
# block no. 3 follows, 45 sequences, length 97
# corresponding to MSA columns:
# 539-635
name=unknown_D
#
# <colnr> <probs for GDERKNQSTAVLIFYWHMCP>
#	G	D	E	R	K	N	Q	S	T	A	V	L	I	F	Y	W	H	M	C	P
0	0.06296	0.00534	0.00519	0.00513	0.00651	0.00545	0.00388	0.01271	0.01112	0.02027	0.01688	0.01930	0.01326	0.00617	0.00373	0.00128	0.00261	0.00487	0.78828	0.00505
1	0.01350	0.13548	0.01309	0.00965	0.01229	0.34844	0.00758	0.01493	0.01333	0.01363	0.02731	0.02696	0.32622	0.00874	0.00526	0.00153	0.00620	0.00664	0.00362	0.00562
2	0.00781	0.00642	0.00726	0.00653	0.00887	0.00533	0.00506	0.00970	0.01258	0.01666	0.18570	0.04076	0.41439	0.01098	0.00587	0.00160	0.00310	0.05278	0.00476	0.19385
3	0.00916	0.00545	0.00642	0.00634	0.00729	0.00585	0.00469	0.01111	0.01000	0.01649	0.01629	0.02220	0.01428	0.13187	0.20349	0.00370	0.03317	0.00559	0.48188	0.00473
4	0.00731	0.00548	0.00677	0.00645	0.00784	0.00494	0.00484	0.00957	0.01451	0.01990	0.60856	0.04277	0.21813	0.01158	0.00633	0.00172	0.00258	0.01008	0.00570	0.00494
5	0.01335	0.01153	0.01214	0.01092	0.01396	0.01335	0.00850	0.02852	0.76817	0.02245	0.02185	0.02003	0.01639	0.00728	0.00546	0.00182	0.00425	0.00607	0.00546	0.00850
6	0.01435	0.81458	0.02813	0.00918	0.01378	0.02124	0.00918	0.01607	0.01091	0.01263	0.00746	0.00861	0.00689	0.00459	0.00344	0.00115	0.00574	0.00287	0.00230	0.00689
7	0.01001	0.00500	0.00500	0.00500	0.00625	0.00500	0.00375	0.01251	0.01126	0.02001	0.01751	0.02001	0.01376	0.00625	0.00375	0.00125	0.00250	0.00500	0.84115	0.00500
8	0.00891	0.00581	0.00742	0.00683	0.00843	0.00525	0.00519	0.01125	0.01482	0.08882	0.61191	0.03967	0.14332	0.01093	0.00625	0.00170	0.00274	0.00954	0.00585	0.00536
9	0.00715	0.00548	0.00656	0.00633	0.00780	0.00489	0.00477	0.00924	0.01402	0.01877	0.48852	0.04488	0.32215	0.01204	0.00636	0.00175	0.00265	0.02622	0.00554	0.00486
10	0.31714	0.00958	0.01084	0.00867	0.01252	0.00936	0.00715	0.02247	0.01315	0.51257	0.01631	0.01488	0.01063	0.00605	0.00466	0.00166	0.00442	0.00451	0.00546	0.00796
11	0.01077	0.02777	0.78354	0.01530	0.02323	0.01247	0.01983	0.01700	0.01133	0.01700	0.00963	0.01133	0.00680	0.00510	0.00510	0.00170	0.00793	0.00397	0.00227	0.00793
12	0.00737	0.00527	0.00718	0.00843	0.00910	0.00508	0.00643	0.00891	0.01110	0.01463	0.02913	0.51309	0.03368	0.01603	0.00707	0.00229	0.00384	0.30181	0.00497	0.00459
13	0.01077	0.02777	0.78354	0.01530	0.02323	0.01247	0.01983	0.01700	0.01133	0.01700	0.00963	0.01133	0.00680	0.00510	0.00510	0.00170	0.00793	0.00397	0.00227	0.00793
14	0.01329	0.01275	0.02179	0.03295	0.77787	0.01275	0.01647	0.01647	0.01222	0.01754	0.01010	0.01329	0.00850	0.00478	0.00531	0.00159	0.00638	0.00478	0.00266	0.00850
15	0.00678	0.00484	0.00651	0.00775	0.00817	0.00457	0.00540	0.00789	0.01051	0.01397	0.02945	0.72241	0.03498	0.01659	0.00692	0.00221	0.00332	0.09832	0.00498	0.00443
16	0.84927	0.01038	0.00789	0.00706	0.01038	0.01204	0.00581	0.01578	0.00914	0.02408	0.00747	0.00872	0.00581	0.00498	0.00332	0.00166	0.00415	0.00291	0.00332	0.00581
17	0.01211	0.01282	0.02245	0.01746	0.01960	0.01531	0.30624	0.01461	0.00998	0.01461	0.00855	0.01282	0.00748	0.00747	0.01317	0.00214	0.48894	0.00534	0.00249	0.00641
18	0.01014	0.00954	0.01610	0.79845	0.03697	0.01193	0.01491	0.01371	0.01073	0.01371	0.00954	0.01431	0.00716	0.00537	0.00537	0.00179	0.00716	0.00477	0.00239	0.00596
19	0.00769	0.00568	0.00827	0.00827	0.00911	0.00652	0.00627	0.00936	0.00852	0.01220	0.01470	0.02288	0.01420	0.13851	0.69289	0.00819	0.01321	0.00601	0.00292	0.00460
20	0.01542	0.01338	0.01590	0.39860	0.02655	0.10249	0.01247	0.28921	0.01670	0.04170	0.01094	0.01337	0.00802	0.00582	0.00531	0.00167	0.00692	0.00466	0.00364	0.00724
21	0.00666	0.00476	0.00637	0.00762	0.00798	0.00447	0.00520	0.00769	0.01040	0.01384	0.02952	0.76394	0.03523	0.01670	0.00688	0.00220	0.00322	0.05795	0.00498	0.00439
22	0.10392	0.00926	0.01202	0.00931	0.01338	0.00829	0.00769	0.02516	0.01476	0.70830	0.01985	0.01735	0.01256	0.00648	0.00520	0.00166	0.00453	0.00516	0.00632	0.00881
23	0.00654	0.00467	0.00623	0.00747	0.00779	0.00436	0.00498	0.00747	0.01028	0.01370	0.02959	0.80785	0.03550	0.01682	0.00685	0.00218	0.00311	0.01526	0.00498	0.00436
24	0.01424	0.01243	0.02127	0.06966	0.36191	0.01303	0.15544	0.04697	0.01249	0.10202	0.01109	0.01388	0.00869	0.00573	0.00737	0.00177	0.12590	0.00513	0.00316	0.00781
25	0.00652	0.00476	0.00614	0.00725	0.00773	0.00438	0.00488	0.00750	0.01049	0.01379	0.03231	0.72471	0.11688	0.01646	0.00680	0.00214	0.00307	0.01483	0.00498	0.00438
26	0.01458	0.00688	0.00910	0.00810	0.01043	0.00607	0.00622	0.01631	0.01352	0.36034	0.14437	0.25995	0.09948	0.01102	0.00607	0.00183	0.00364	0.00958	0.00587	0.00663
27	0.01282	0.01228	0.02094	0.14664	0.66783	0.01263	0.01624	0.01606	0.01200	0.01697	0.01001	0.01344	0.00830	0.00487	0.00532	0.00162	0.00649	0.00478	0.00262	0.00813
28	0.01435	0.81458	0.02813	0.00918	0.01378	0.02124	0.00918	0.01607	0.01091	0.01263	0.00746	0.00861	0.00689	0.00459	0.00344	0.00115	0.00574	0.00287	0.00230	0.00689
29	0.01165	0.00952	0.01175	0.09577	0.01546	0.00772	0.00738	0.01415	0.01129	0.05423	0.01011	0.01183	0.00812	0.00426	0.00420	0.00095	0.00436	0.00346	0.00326	0.71052
30	0.01014	0.00954	0.01610	0.79845	0.03697	0.01193	0.01491	0.01371	0.01073	0.01371	0.00954	0.01431	0.00716	0.00537	0.00537	0.00179	0.00716	0.00477	0.00239	0.00596
31	0.00739	0.00544	0.00663	0.00657	0.00742	0.00540	0.00456	0.00855	0.01010	0.01345	0.13014	0.03632	0.20530	0.31561	0.20932	0.00475	0.00652	0.00841	0.00395	0.00420
32	0.01325	0.01409	0.03676	0.06760	0.35421	0.14436	0.07085	0.03415	0.04356	0.01686	0.04211	0.01882	0.10713	0.00640	0.00548	0.00163	0.00654	0.00571	0.00324	0.00725
33	0.01014	0.00954	0.01610	0.79845	0.03697	0.01193	0.01491	0.01371	0.01073	0.01371	0.00954	0.01431	0.00716	0.00537	0.00537	0.00179	0.00716	0.00477	0.00239	0.00596
34	0.00654	0.00467	0.00623	0.00747	0.00779	0.00436	0.00498	0.00747	0.01028	0.01370	0.02959	0.80785	0.03550	0.01682	0.00685	0.00218	0.00311	0.01526	0.00498	0.00436
35	0.01315	0.01185	0.01497	0.01662	0.19885	0.01356	0.01080	0.02382	0.49834	0.02017	0.01731	0.01745	0.01341	0.00692	0.00682	0.00183	0.09592	0.00560	0.00443	0.00820
36	0.01001	0.00500	0.00500	0.00500	0.00625	0.00500	0.00375	0.01251	0.01126	0.02001	0.01751	0.02001	0.01376	0.00625	0.00375	0.00125	0.00250	0.00500	0.84115	0.00500
37	0.01231	0.00992	0.00981	0.00927	0.01134	0.08445	0.00697	0.04052	0.30220	0.05829	0.03962	0.22736	0.02057	0.00951	0.00553	0.00177	0.00423	0.00810	0.13160	0.00662
38	0.01174	0.01174	0.01644	0.01409	0.01409	0.01644	0.01174	0.01292	0.00822	0.01292	0.00705	0.01174	0.00705	0.00940	0.01762	0.00235	0.80153	0.00470	0.00235	0.00587
39	0.03478	0.01200	0.01867	0.02482	0.50392	0.01189	0.02925	0.03449	0.08667	0.09784	0.01236	0.01417	0.00966	0.00518	0.00519	0.00156	0.00576	0.00482	0.00347	0.08350
40	0.84927	0.01038	0.00789	0.00706	0.01038	0.01204	0.00581	0.01578	0.00914	0.02408	0.00747	0.00872	0.00581	0.00498	0.00332	0.00166	0.00415	0.00291	0.00332	0.00581
41	0.01335	0.01153	0.01214	0.01092	0.01396	0.01335	0.00850	0.02852	0.76817	0.02245	0.02185	0.02003	0.01639	0.00728	0.00546	0.00182	0.00425	0.00607	0.00546	0.00850
42	0.00767	0.00575	0.00863	0.00863	0.00959	0.00671	0.00671	0.00959	0.00863	0.01246	0.01438	0.02109	0.01342	0.04026	0.79008	0.00863	0.01438	0.00575	0.00288	0.00479
43	0.02257	0.00880	0.01197	0.00929	0.01318	0.00763	0.00763	0.02468	0.01535	0.71157	0.09062	0.02028	0.01673	0.00704	0.00548	0.00166	0.00438	0.00580	0.00658	0.00876
44	0.01435	0.81458	0.02813	0.00918	0.01378	0.02124	0.00918	0.01607	0.01091	0.01263	0.00746	0.00861	0.00689	0.00459	0.00344	0.00115	0.00574	0.00287	0.00230	0.00689
45	0.01435	0.81458	0.02813	0.00918	0.01378	0.02124	0.00918	0.01607	0.01091	0.01263	0.00746	0.00861	0.00689	0.00459	0.00344	0.00115	0.00574	0.00287	0.00230	0.00689
46	0.01001	0.00500	0.00500	0.00500	0.00625	0.00500	0.00375	0.01251	0.01126	0.02001	0.01751	0.02001	0.01376	0.00625	0.00375	0.00125	0.00250	0.00500	0.84115	0.00500
47	0.00635	0.00542	0.00546	0.00548	0.00726	0.00453	0.00410	0.00770	0.01219	0.01448	0.05384	0.06808	0.75962	0.01366	0.00636	0.00182	0.00273	0.01141	0.00498	0.00453
48	0.00812	0.00560	0.00734	0.00684	0.00820	0.00515	0.00515	0.01064	0.01520	0.04574	0.75101	0.03940	0.04946	0.01084	0.00630	0.00169	0.00260	0.00957	0.00593	0.00519
49	0.01494	0.02084	0.16632	0.10388	0.02361	0.31935	0.24047	0.01844	0.01320	0.01517	0.00947	0.01197	0.00729	0.00512	0.00540	0.00162	0.00888	0.00458	0.00261	0.00683
50	0.01014	0.00954	0.01610	0.79845	0.03697	0.01193	0.01491	0.01371	0.01073	0.01371	0.00954	0.01431	0.00716	0.00537	0.00537	0.00179	0.00716	0.00477	0.00239	0.00596
51	0.00750	0.00548	0.00705	0.00666	0.00796	0.00503	0.00499	0.00995	0.01498	0.02101	0.72170	0.04095	0.10431	0.01117	0.00633	0.00170	0.00255	0.00983	0.00584	0.00503
52	0.01328	0.01187	0.01451	0.01330	0.06034	0.01334	0.07805	0.02677	0.65396	0.02168	0.02014	0.01912	0.01516	0.00688	0.00553	0.00181	0.00482	0.00602	0.00504	0.00838
53	0.01075	0.04265	0.58764	0.01435	0.02091	0.01195	0.04701	0.01693	0.06687	0.01705	0.01279	0.06107	0.01064	0.00647	0.00537	0.00177	0.00720	0.04819	0.00283	0.00754
54	0.01516	0.01304	0.01631	0.01341	0.01510	0.01652	0.01114	0.30758	0.01493	0.02117	0.00935	0.01220	0.00787	0.00823	0.01279	0.00206	0.48770	0.00475	0.00354	0.00716
55	0.01192	0.01136	0.01932	0.36576	0.45575	0.01239	0.01579	0.01527	0.01158	0.01588	0.00986	0.01373	0.00792	0.00504	0.00534	0.00168	0.00672	0.00478	0.00254	0.00740
56	0.01001	0.00500	0.00500	0.00500	0.00625	0.00500	0.00375	0.01251	0.01126	0.02001	0.01751	0.02001	0.01376	0.00625	0.00375	0.00125	0.00250	0.00500	0.84115	0.00500
57	0.00767	0.00575	0.00863	0.00863	0.00959	0.00671	0.00671	0.00959	0.00863	0.01246	0.01438	0.02109	0.01342	0.04026	0.79008	0.00863	0.01438	0.00575	0.00288	0.00479
58	0.00639	0.00526	0.00562	0.00592	0.00738	0.00449	0.00429	0.00765	0.01178	0.01431	0.04856	0.22928	0.60183	0.01435	0.00646	0.00190	0.00281	0.01225	0.00498	0.00449
59	0.00713	0.00547	0.00653	0.00626	0.00773	0.00487	0.00470	0.00923	0.01409	0.01892	0.50721	0.04439	0.32010	0.01195	0.00634	0.00173	0.00260	0.01031	0.00557	0.00487
60	0.10328	0.00925	0.01202	0.00931	0.01338	0.00829	0.00769	0.02516	0.01477	0.70889	0.01986	0.01735	0.01257	0.00648	0.00520	0.00166	0.00453	0.00516	0.00633	0.00882
61	0.01335	0.01153	0.01214	0.01092	0.01396	0.01335	0.00850	0.02852	0.76817	0.02245	0.02185	0.02003	0.01639	0.00728	0.00546	0.00182	0.00425	0.00607	0.00546	0.00850
62	0.02005	0.02558	0.01521	0.01383	0.01659	0.78980	0.01037	0.02143	0.01521	0.01314	0.00830	0.00968	0.00691	0.00553	0.00484	0.00138	0.00968	0.00346	0.00277	0.00622
63	0.01435	0.81458	0.02813	0.00918	0.01378	0.02124	0.00918	0.01607	0.01091	0.01263	0.00746	0.00861	0.00689	0.00459	0.00344	0.00115	0.00574	0.00287	0.00230	0.00689
64	0.01177	0.01106	0.01793	0.40092	0.33195	0.01242	0.01480	0.01652	0.09793	0.01625	0.01117	0.01455	0.00875	0.00535	0.00536	0.00171	0.00651	0.00492	0.00285	0.00727
65	0.01394	0.72462	0.11450	0.00988	0.01486	0.02024	0.01040	0.01618	0.01096	0.01313	0.00771	0.00892	0.00688	0.00465	0.00363	0.00121	0.00599	0.00300	0.00229	0.00701
66	0.00654	0.00467	0.00623	0.00747	0.00779	0.00436	0.00498	0.00747	0.01028	0.01370	0.02959	0.80785	0.03550	0.01682	0.00685	0.00218	0.00311	0.01526	0.00498	0.00436
67	0.01329	0.01275	0.02179	0.03295	0.77787	0.01275	0.01647	0.01647	0.01222	0.01754	0.01010	0.01329	0.00850	0.00478	0.00531	0.00159	0.00638	0.00478	0.00266	0.00850
68	0.00873	0.00783	0.01161	0.43144	0.04551	0.00875	0.01023	0.01138	0.01139	0.01439	0.02756	0.02924	0.31060	0.00863	0.00569	0.00177	0.00520	0.00737	0.03724	0.00543
69	0.01014	0.00954	0.01610	0.79845	0.03697	0.01193	0.01491	0.01371	0.01073	0.01371	0.00954	0.01431	0.00716	0.00537	0.00537	0.00179	0.00716	0.00477	0.00239	0.00596
70	0.00642	0.00514	0.00575	0.00624	0.00746	0.00446	0.00444	0.00761	0.01146	0.01419	0.04460	0.34993	0.48373	0.01487	0.00654	0.00196	0.00287	0.01288	0.00498	0.00446
71	0.01014	0.00954	0.01610	0.79845	0.03697	0.01193	0.01491	0.01371	0.01073	0.01371	0.00954	0.01431	0.00716	0.00537	0.00537	0.00179	0.00716	0.00477	0.00239	0.00596
72	0.01277	0.01223	0.02086	0.15760	0.65722	0.01262	0.01622	0.01602	0.01198	0.01691	0.01001	0.01345	0.00828	0.00488	0.00532	0.00163	0.00650	0.00478	0.00261	0.00809
73	0.00639	0.00544	0.00551	0.00549	0.00728	0.00455	0.00412	0.00780	0.01235	0.01478	0.08344	0.05119	0.74645	0.01349	0.00634	0.00181	0.00271	0.01126	0.00502	0.00455
74	0.01148	0.00953	0.01117	0.00799	0.01275	0.00718	0.00640	0.01386	0.01124	0.03805	0.00985	0.01132	0.00809	0.00405	0.00401	0.00082	0.00399	0.00324	0.00327	0.82170
75	0.84927	0.01038	0.00789	0.00706	0.01038	0.01204	0.00581	0.01578	0.00914	0.02408	0.00747	0.00872	0.00581	0.00498	0.00332	0.00166	0.00415	0.00291	0.00332	0.00581
76	0.00760	0.00549	0.00718	0.00675	0.00802	0.00506	0.00506	0.01013	0.01519	0.02153	0.77503	0.04010	0.05065	0.01097	0.00633	0.00169	0.00253	0.00971	0.00591	0.00506
77	0.01113	0.00954	0.01113	0.00795	0.01272	0.00716	0.00636	0.01352	0.01113	0.01749	0.00954	0.01113	0.00795	0.00398	0.00398	0.00080	0.00398	0.00318	0.00318	0.84417
78	0.00635	0.00542	0.00546	0.00549	0.00726	0.00453	0.00410	0.00770	0.01218	0.01448	0.05373	0.07132	0.75645	0.01368	0.00636	0.00182	0.00273	0.01143	0.00498	0.00453
79	0.00743	0.00540	0.00715	0.00800	0.00893	0.00512	0.00618	0.00921	0.01201	0.01593	0.15897	0.35101	0.10295	0.01484	0.00691	0.00216	0.00361	0.26436	0.00513	0.00470
80	0.00767	0.00575	0.00863	0.00863	0.00959	0.00671	0.00671	0.00959	0.00863	0.01246	0.01438	0.02109	0.01342	0.04026	0.79008	0.00863	0.01438	0.00575	0.00288	0.00479
81	0.01394	0.00680	0.00912	0.00796	0.01023	0.00607	0.00617	0.01605	0.01452	0.32015	0.36595	0.14657	0.03364	0.01014	0.00604	0.00175	0.00342	0.00884	0.00606	0.00656
82	0.01432	0.03227	0.01979	0.04600	0.56693	0.01281	0.01446	0.04847	0.09934	0.07438	0.01228	0.01431	0.00971	0.00528	0.00529	0.00162	0.00599	0.00493	0.00336	0.00847
83	0.14299	0.02099	0.01462	0.08634	0.06714	0.55094	0.01050	0.01955	0.01369	0.01512	0.00841	0.01020	0.00688	0.00539	0.00469	0.00148	0.00840	0.00358	0.00281	0.00629
84	0.00995	0.00883	0.01221	0.12841	0.01427	0.01133	0.00887	0.01102	0.00843	0.01205	0.01131	0.02135	0.01198	0.32511	0.01961	0.00339	0.36836	0.00593	0.00271	0.00485
85	0.01310	0.01268	0.02166	0.06250	0.61392	0.01284	0.08409	0.01743	0.07511	0.01775	0.01112	0.01400	0.00907	0.00499	0.00542	0.00164	0.00648	0.00503	0.00288	0.00828
86	0.00770	0.00561	0.00790	0.00790	0.00861	0.00632	0.00581	0.00912	0.00841	0.01193	0.01504	0.02475	0.01501	0.24143	0.59109	0.00773	0.01198	0.00629	0.00297	0.00439
87	0.01767	0.01139	0.01835	0.10451	0.23617	0.01118	0.11069	0.07989	0.01440	0.31839	0.01471	0.01548	0.01024	0.00568	0.00549	0.00167	0.00607	0.00523	0.00442	0.00836
88	0.00667	0.00545	0.00589	0.00578	0.00745	0.00467	0.00434	0.00834	0.01301	0.01633	0.24239	0.04864	0.58654	0.01291	0.00634	0.00178	0.00267	0.01091	0.00523	0.00467
89	0.01077	0.02777	0.78354	0.01530	0.02323	0.01247	0.01983	0.01700	0.01133	0.01700	0.00963	0.01133	0.00680	0.00510	0.00510	0.00170	0.00793	0.00397	0.00227	0.00793
90	0.01014	0.00954	0.01610	0.79845	0.03697	0.01193	0.01491	0.01371	0.01073	0.01371	0.00954	0.01431	0.00716	0.00537	0.00537	0.00179	0.00716	0.00477	0.00239	0.00596
91	0.00650	0.00482	0.00608	0.00709	0.00768	0.00439	0.00481	0.00752	0.01065	0.01385	0.03430	0.66416	0.17615	0.01620	0.00676	0.00211	0.00304	0.01451	0.00498	0.00439
92	0.01113	0.00954	0.01113	0.00795	0.01272	0.00716	0.00636	0.01352	0.01113	0.01749	0.00954	0.01113	0.00795	0.00398	0.00398	0.00080	0.00398	0.00318	0.00318	0.84417
93	0.01261	0.46728	0.17878	0.01024	0.01464	0.04741	0.01061	0.01506	0.01087	0.01350	0.01066	0.03783	0.01028	0.09643	0.00682	0.00182	0.00618	0.03987	0.00262	0.00650
94	0.02094	0.01752	0.01464	0.01215	0.01575	0.31919	0.00960	0.24773	0.04867	0.22029	0.01360	0.01331	0.00963	0.00617	0.00517	0.00154	0.00698	0.00449	0.00468	0.00796
95	0.00637	0.00535	0.00553	0.00567	0.00731	0.00451	0.00418	0.00768	0.01201	0.01441	0.05154	0.13812	0.69106	0.01396	0.00640	0.00185	0.00276	0.01178	0.00498	0.00451
96	0.01179	0.00829	0.00996	0.00961	0.01175	0.00876	0.00768	0.01888	0.30017	0.10382	0.11061	0.12301	0.02621	0.01084	0.00626	0.00201	0.00415	0.21405	0.00544	0.00671

[dist]
# distance from previous block
# <min> <max>
0	161

# created by:
# /home/cegg/simao/soft/augustus-3.2.1/scripts/msa2prfl.pl ./align_prep/26300.fa
