[name]
unknown

[dist]
# distance from previous block
# <min> <max>
0	123

[block]
# block no. 0 follows, 49 sequences, length 60
# corresponding to MSA columns:
# 124-183
name=unknown_A
#
# <colnr> <probs for GDERKNQSTAVLIFYWHMCP>
#	G	D	E	R	K	N	Q	S	T	A	V	L	I	F	Y	W	H	M	C	P
0	0.00815	0.00582	0.00815	0.00931	0.01048	0.00582	0.00815	0.01048	0.01164	0.01513	0.02677	0.05704	0.02910	0.01397	0.00698	0.00233	0.00466	0.75671	0.00466	0.00466
1	0.00696	0.00516	0.00648	0.00615	0.00743	0.00469	0.00461	0.00916	0.01384	0.01916	0.66389	0.03961	0.17259	0.01075	0.00597	0.00161	0.00242	0.00940	0.00542	0.00469
2	0.01764	0.05013	0.01591	0.01617	0.17033	0.53393	0.01074	0.05435	0.01406	0.05791	0.00901	0.01035	0.00725	0.00514	0.00465	0.00136	0.00792	0.00365	0.00289	0.00660
3	0.00735	0.00490	0.00552	0.00552	0.00552	0.00490	0.00306	0.00735	0.00735	0.00980	0.01593	0.03309	0.01838	0.82229	0.02574	0.00490	0.00490	0.00735	0.00306	0.00306
4	0.00598	0.00512	0.00512	0.00512	0.00683	0.00427	0.00384	0.00726	0.01153	0.01366	0.05123	0.04866	0.78869	0.01281	0.00598	0.00171	0.00256	0.01067	0.00470	0.00427
5	0.00615	0.00444	0.00583	0.00693	0.00731	0.00412	0.00465	0.00705	0.00978	0.01295	0.02918	0.77582	0.07577	0.01567	0.00643	0.00203	0.00291	0.01417	0.00469	0.00412
6	0.01889	0.02410	0.01433	0.01303	0.01563	0.80199	0.00977	0.02019	0.01433	0.01238	0.00782	0.00912	0.00651	0.00521	0.00456	0.00130	0.00912	0.00326	0.00261	0.00586
7	0.01014	0.02616	0.79609	0.01441	0.02189	0.01174	0.01868	0.01601	0.01068	0.01601	0.00907	0.01068	0.00641	0.00480	0.00480	0.00160	0.00747	0.00374	0.00214	0.00747
8	0.02269	0.00861	0.01174	0.00900	0.01291	0.00743	0.00743	0.02464	0.01447	0.79425	0.01995	0.01721	0.01252	0.00626	0.00509	0.00156	0.00430	0.00509	0.00626	0.00861
9	0.01220	0.01169	0.01995	0.11517	0.70912	0.01193	0.01536	0.01524	0.01136	0.01613	0.00946	0.01262	0.00787	0.00456	0.00501	0.00152	0.00609	0.00450	0.00248	0.00775
10	0.01352	0.82533	0.02650	0.00865	0.01298	0.02001	0.00865	0.01514	0.01027	0.01190	0.00703	0.00811	0.00649	0.00433	0.00324	0.00108	0.00541	0.00270	0.00216	0.00649
11	0.01252	0.01201	0.02053	0.03104	0.79074	0.01201	0.01552	0.01552	0.01151	0.01652	0.00951	0.01252	0.00801	0.00451	0.00501	0.00150	0.00601	0.00451	0.00250	0.00801
12	0.02240	0.00907	0.01202	0.00922	0.01314	0.00812	0.00762	0.08755	0.01525	0.73023	0.01929	0.01679	0.01219	0.00624	0.00508	0.00156	0.00441	0.00504	0.00616	0.00861
13	0.01241	0.01846	0.30655	0.01504	0.01933	0.10012	0.16572	0.01598	0.01077	0.05825	0.00913	0.01156	0.00707	0.00589	0.00814	0.00175	0.22019	0.00439	0.00252	0.00672
14	0.01014	0.02616	0.79609	0.01441	0.02189	0.01174	0.01868	0.01601	0.01068	0.01601	0.00907	0.01068	0.00641	0.00480	0.00480	0.00160	0.00747	0.00374	0.00214	0.00747
15	0.00598	0.00512	0.00512	0.00512	0.00683	0.00427	0.00384	0.00726	0.01153	0.01366	0.05123	0.04866	0.78869	0.01281	0.00598	0.00171	0.00256	0.01067	0.00470	0.00427
16	0.01014	0.02616	0.79609	0.01441	0.02189	0.01174	0.01868	0.01601	0.01068	0.01601	0.00907	0.01068	0.00641	0.00480	0.00480	0.00160	0.00747	0.00374	0.00214	0.00747
17	0.02141	0.01066	0.01301	0.00997	0.01393	0.01048	0.00824	0.30158	0.01791	0.51245	0.01706	0.01534	0.01107	0.00619	0.00508	0.00155	0.00477	0.00489	0.00582	0.00860
18	0.16289	0.01102	0.01629	0.18026	0.41700	0.01192	0.01269	0.04595	0.06317	0.01783	0.00982	0.01236	0.00783	0.00487	0.00469	0.00156	0.00563	0.00427	0.00284	0.00710
19	0.02212	0.00952	0.01230	0.00943	0.01336	0.00879	0.00779	0.14754	0.01600	0.66920	0.01867	0.01638	0.01187	0.00623	0.00508	0.00156	0.00451	0.00500	0.00606	0.00860
20	0.00676	0.00525	0.00742	0.00766	0.00863	0.00485	0.04789	0.00822	0.01089	0.01442	0.13614	0.48831	0.14413	0.01382	0.00633	0.00194	0.00326	0.07496	0.00469	0.00442
21	0.01034	0.02477	0.71132	0.01518	0.02239	0.01186	0.10206	0.01603	0.01082	0.01603	0.00920	0.01100	0.00655	0.00474	0.00493	0.00161	0.00759	0.00398	0.00218	0.00740
22	0.01274	0.64129	0.20372	0.00998	0.01503	0.01811	0.01096	0.01534	0.01037	0.01285	0.00750	0.00870	0.00647	0.00444	0.00360	0.00120	0.00588	0.00294	0.00216	0.00672
23	0.00735	0.00490	0.00552	0.00552	0.00552	0.00490	0.00306	0.00735	0.00735	0.00980	0.01593	0.03309	0.01838	0.82229	0.02574	0.00490	0.00490	0.00735	0.00306	0.00306
24	0.01889	0.02410	0.01433	0.01303	0.01563	0.80199	0.00977	0.02019	0.01433	0.01238	0.00782	0.00912	0.00651	0.00521	0.00456	0.00130	0.00912	0.00326	0.00261	0.00586
25	0.00617	0.00513	0.00539	0.00533	0.00695	0.00435	0.00399	0.00763	0.01198	0.01474	0.17168	0.04688	0.66756	0.01240	0.00597	0.00169	0.00253	0.01042	0.00484	0.00435
26	0.01053	0.02362	0.64865	0.01655	0.08693	0.01188	0.09939	0.01599	0.01088	0.01608	0.00924	0.01115	0.00668	0.00472	0.00495	0.00160	0.00746	0.00404	0.00221	0.00745
27	0.01252	0.01201	0.02053	0.03104	0.79074	0.01201	0.01552	0.01552	0.01151	0.01652	0.00951	0.01252	0.00801	0.00451	0.00501	0.00150	0.00601	0.00451	0.00250	0.00801
28	0.00666	0.00475	0.00644	0.00761	0.00812	0.00453	0.00555	0.00790	0.01017	0.01346	0.02760	0.62927	0.03236	0.01538	0.00659	0.00212	0.00336	0.19921	0.00468	0.00424
29	0.01221	0.01175	0.01596	0.22909	0.30409	0.06923	0.01248	0.01855	0.24018	0.01665	0.01254	0.01441	0.00977	0.00540	0.00503	0.00160	0.00583	0.00477	0.00323	0.00722
30	0.00702	0.00489	0.00594	0.00648	0.00747	0.00435	0.00455	0.00810	0.01059	0.05696	0.03555	0.50616	0.29492	0.01425	0.00621	0.00191	0.00288	0.01257	0.00478	0.00442
31	0.00706	0.00505	0.00622	0.00605	0.00690	0.00473	0.00420	0.00859	0.01183	0.01632	0.46303	0.08113	0.10075	0.24280	0.01164	0.00257	0.00315	0.00905	0.00473	0.00420
32	0.01161	0.01520	0.13710	0.01966	0.02468	0.01287	0.60176	0.01583	0.01141	0.01583	0.00976	0.01300	0.00741	0.00472	0.00670	0.00173	0.07593	0.00552	0.00247	0.00680
33	0.01335	0.01378	0.02380	0.02349	0.31483	0.06624	0.35790	0.09117	0.01311	0.01761	0.00998	0.01276	0.00781	0.00460	0.00542	0.00158	0.00732	0.00509	0.00279	0.00738
34	0.00897	0.00727	0.01119	0.04410	0.20478	0.00737	0.00963	0.01128	0.01107	0.01489	0.02112	0.14137	0.02254	0.01307	0.05736	0.00244	0.00541	0.39681	0.00391	0.00544
35	0.01252	0.01201	0.02053	0.03104	0.79074	0.01201	0.01552	0.01552	0.01151	0.01652	0.00951	0.01252	0.00801	0.00451	0.00501	0.00150	0.00601	0.00451	0.00250	0.00801
36	0.01187	0.41363	0.38678	0.01194	0.01777	0.01581	0.04885	0.01560	0.01054	0.01402	0.00814	0.00957	0.00651	0.00455	0.00410	0.00135	0.00652	0.00334	0.00217	0.00697
37	0.01157	0.01742	0.30823	0.02382	0.42200	0.01200	0.10041	0.01578	0.01125	0.01630	0.00943	0.01196	0.00738	0.00459	0.00504	0.00156	0.00683	0.00438	0.00237	0.00768
38	0.00759	0.00542	0.00597	0.00567	0.00747	0.00462	0.00431	0.00912	0.01227	0.08038	0.17993	0.04408	0.59145	0.01182	0.00590	0.00167	0.00268	0.00993	0.00498	0.00472
39	0.00955	0.00899	0.01517	0.81013	0.03483	0.01123	0.01404	0.01292	0.01011	0.01292	0.00899	0.01348	0.00674	0.00506	0.00506	0.00169	0.00674	0.00449	0.00225	0.00562
40	0.01270	0.01040	0.01793	0.01377	0.01716	0.01010	0.31606	0.14956	0.01408	0.10229	0.09270	0.18594	0.01777	0.00784	0.00581	0.00172	0.00575	0.00771	0.00415	0.00655
41	0.01177	0.10911	0.38028	0.04842	0.27702	0.05702	0.01585	0.01587	0.01109	0.01541	0.00892	0.01102	0.00697	0.00468	0.00469	0.00150	0.00682	0.00388	0.00229	0.00738
42	0.00785	0.00655	0.00667	0.00677	0.00749	0.07181	0.00458	0.00864	0.00921	0.01156	0.02320	0.16652	0.15632	0.34239	0.14450	0.00407	0.00592	0.00849	0.00354	0.00393
43	0.01098	0.09953	0.09042	0.05907	0.06777	0.01118	0.24618	0.01526	0.09400	0.04397	0.01782	0.10574	0.10174	0.00699	0.00539	0.00165	0.00589	0.00664	0.00335	0.00645
44	0.01240	0.01189	0.02031	0.06217	0.76054	0.01198	0.01546	0.01542	0.01146	0.01638	0.00949	0.01255	0.00796	0.00453	0.00501	0.00151	0.00604	0.00451	0.00249	0.00791
45	0.01311	0.01323	0.01965	0.05764	0.67804	0.09860	0.01483	0.01594	0.01177	0.01593	0.00931	0.01218	0.00780	0.00460	0.00496	0.00149	0.00638	0.00437	0.00250	0.00769
46	0.01450	0.00737	0.00911	0.00767	0.01036	0.00668	0.00607	0.08245	0.01403	0.35296	0.11383	0.09535	0.23955	0.00937	0.00555	0.00165	0.00359	0.00786	0.00550	0.00656
47	0.01434	0.01547	0.01876	0.02589	0.56932	0.23768	0.01388	0.01685	0.01232	0.01534	0.00903	0.01155	0.00758	0.00471	0.00488	0.00144	0.00690	0.00415	0.00253	0.00740
48	0.04162	0.11644	0.02201	0.10637	0.17554	0.01303	0.27601	0.04247	0.06723	0.07390	0.01096	0.01309	0.00836	0.00482	0.00507	0.00156	0.00653	0.00485	0.00302	0.00711
49	0.00707	0.00664	0.07288	0.00832	0.00947	0.00525	0.00687	0.00880	0.01034	0.01382	0.02597	0.52916	0.02991	0.01437	0.00647	0.00210	0.00382	0.22972	0.00447	0.00455
50	0.01040	0.02169	0.57378	0.12945	0.13452	0.01171	0.01757	0.01550	0.01072	0.01565	0.00913	0.01134	0.00668	0.00480	0.00487	0.00160	0.00716	0.00395	0.00220	0.00729
51	0.00772	0.00621	0.00705	0.00711	0.00857	0.00617	0.00526	0.01194	0.18121	0.01611	0.14558	0.26077	0.27250	0.01203	0.00596	0.00181	0.00302	0.03093	0.00492	0.00513
52	0.01199	0.01760	0.27317	0.02270	0.34555	0.05635	0.16752	0.01608	0.01148	0.01606	0.00942	0.01195	0.00734	0.00459	0.00511	0.00156	0.00716	0.00448	0.00240	0.00748
53	0.01121	0.01029	0.01670	0.52053	0.24916	0.01183	0.01409	0.07756	0.01166	0.01554	0.00940	0.01309	0.00726	0.00498	0.00504	0.00162	0.00643	0.00450	0.00256	0.00655
54	0.01545	0.00929	0.01080	0.00897	0.01195	0.00930	0.00726	0.28495	0.01655	0.23457	0.02500	0.09232	0.17955	0.00895	0.00552	0.00167	0.00429	0.06134	0.00525	0.00701
55	0.00701	0.00617	0.00805	0.23525	0.01487	0.00625	0.00683	0.00886	0.01097	0.01339	0.03720	0.10329	0.50190	0.01085	0.00575	0.00173	0.00379	0.00922	0.00400	0.00464
56	0.01674	0.15393	0.10371	0.01128	0.01550	0.06373	0.06490	0.17893	0.06671	0.22770	0.01367	0.03876	0.01010	0.00586	0.00481	0.00149	0.00567	0.00470	0.00421	0.00762
57	0.01009	0.00971	0.01661	0.51653	0.11435	0.01157	0.08007	0.01316	0.01005	0.01345	0.00922	0.01357	0.00735	0.00754	0.06013	0.00216	0.09153	0.00468	0.00233	0.00591
58	0.01837	0.01671	0.01502	0.01219	0.01575	0.23996	0.03050	0.47502	0.08438	0.02497	0.01156	0.01188	0.00855	0.00584	0.00495	0.00148	0.00653	0.00432	0.00430	0.00772
59	0.01483	0.01228	0.07855	0.01204	0.07146	0.01189	0.00958	0.22015	0.28846	0.11824	0.04537	0.01862	0.03489	0.00678	0.00520	0.00164	0.00482	0.03255	0.00480	0.00785

[dist]
# distance from previous block
# <min> <max>
0	43

[block]
# block no. 1 follows, 49 sequences, length 72
# corresponding to MSA columns:
# 227-298
name=unknown_B
#
# <colnr> <probs for GDERKNQSTAVLIFYWHMCP>
#	G	D	E	R	K	N	Q	S	T	A	V	L	I	F	Y	W	H	M	C	P
0	0.01872	0.05313	0.14908	0.00962	0.01400	0.00858	0.00918	0.02129	0.01336	0.55702	0.01984	0.01807	0.07201	0.00642	0.00501	0.00156	0.00478	0.00517	0.00521	0.00796
1	0.00790	0.00605	0.00679	0.00662	0.00807	0.00575	0.00485	0.10371	0.01259	0.01619	0.11519	0.25221	0.35794	0.06375	0.00724	0.00197	0.00317	0.01054	0.00473	0.00475
2	0.04245	0.01799	0.01571	0.11700	0.19276	0.43733	0.01157	0.01742	0.01246	0.01369	0.00823	0.01056	0.00686	0.00530	0.00562	0.00148	0.07100	0.00377	0.00252	0.00628
3	0.01223	0.08350	0.12136	0.04487	0.60712	0.01265	0.01531	0.01549	0.01127	0.01598	0.00923	0.01192	0.00764	0.00454	0.00483	0.00148	0.00616	0.00425	0.00242	0.00775
4	0.01593	0.00718	0.00952	0.00827	0.01102	0.00635	0.00676	0.01776	0.01308	0.45890	0.02698	0.09271	0.14468	0.00953	0.00569	0.00177	0.00398	0.14751	0.00558	0.00680
5	0.01207	0.03722	0.01619	0.50459	0.02772	0.06268	0.04839	0.13729	0.01251	0.01603	0.00924	0.01263	0.00706	0.00547	0.00591	0.00166	0.06998	0.00443	0.00274	0.00620
6	0.00967	0.23462	0.01242	0.00799	0.00969	0.06683	0.00625	0.01082	0.01034	0.03753	0.02035	0.50848	0.02330	0.01155	0.00538	0.00171	0.00412	0.01002	0.00389	0.00504
7	0.01292	0.07649	0.01901	0.22555	0.37904	0.11030	0.04931	0.01573	0.01152	0.03953	0.00934	0.01220	0.00751	0.00476	0.00487	0.00150	0.00660	0.00429	0.00255	0.00697
8	0.01081	0.00913	0.01385	0.15871	0.29548	0.00943	0.01080	0.07236	0.01261	0.04178	0.11499	0.05430	0.12136	0.00757	0.00543	0.00164	0.00494	0.04476	0.00366	0.00641
9	0.00671	0.00506	0.00633	0.00708	0.00810	0.00468	0.00544	0.00819	0.01098	0.01403	0.05910	0.33182	0.26813	0.01417	0.00644	0.00201	0.00330	0.22938	0.00471	0.00434
10	0.01411	0.00840	0.01188	0.19243	0.07739	0.00886	0.00905	0.06559	0.01255	0.24741	0.03989	0.04677	0.01286	0.00666	0.00553	0.00160	0.04595	0.03286	0.15361	0.00660
11	0.01652	0.00792	0.01100	0.00913	0.01166	0.00798	0.00743	0.01837	0.01218	0.45858	0.07707	0.01865	0.01457	0.01406	0.18667	0.00313	0.10779	0.00540	0.00489	0.00699
12	0.01175	0.01231	0.02415	0.15350	0.29835	0.01226	0.38069	0.01542	0.01149	0.01578	0.00977	0.01322	0.00764	0.00448	0.00548	0.00163	0.00734	0.00521	0.00249	0.00704
13	0.01352	0.28445	0.07225	0.00933	0.01277	0.07427	0.05043	0.05426	0.01180	0.09937	0.01172	0.01316	0.00923	0.00722	0.05453	0.00171	0.00570	0.00400	0.20394	0.00632
14	0.05276	0.09748	0.08075	0.01675	0.02137	0.07511	0.44139	0.07543	0.01262	0.01692	0.01055	0.01454	0.00853	0.00508	0.00535	0.00162	0.00751	0.04669	0.00283	0.00671
15	0.00732	0.00557	0.00733	0.00768	0.05107	0.00514	0.00538	0.00956	0.01360	0.01879	0.59338	0.03899	0.16085	0.01057	0.00596	0.00164	0.00272	0.04437	0.00522	0.00487
16	0.00657	0.00483	0.00583	0.00617	0.00691	0.00445	0.00420	0.00770	0.01065	0.01408	0.19805	0.32280	0.19954	0.17294	0.01004	0.00244	0.00312	0.01103	0.00457	0.00408
17	0.01357	0.25780	0.05856	0.01528	0.19948	0.09569	0.01086	0.07912	0.12533	0.01650	0.01176	0.01514	0.01011	0.00575	0.00460	0.00146	0.00579	0.06297	0.00316	0.00709
18	0.04519	0.11981	0.60625	0.01323	0.01981	0.04330	0.01619	0.05175	0.01130	0.01640	0.00885	0.01028	0.00649	0.00482	0.00455	0.00152	0.00706	0.00359	0.00233	0.00727
19	0.00729	0.00528	0.00606	0.00587	0.00743	0.00459	0.00440	0.00893	0.01244	0.05906	0.28170	0.09964	0.45528	0.01188	0.00596	0.00169	0.00263	0.01015	0.00506	0.00466
20	0.00916	0.00778	0.01217	0.01344	0.16851	0.00810	0.06791	0.01257	0.07686	0.01591	0.18862	0.02215	0.01964	0.03773	0.29269	0.00401	0.00781	0.00618	0.02300	0.00573
21	0.01486	0.01478	0.07891	0.04721	0.21359	0.13230	0.12309	0.11750	0.07488	0.09571	0.01253	0.01381	0.02661	0.00538	0.00511	0.00155	0.00652	0.00477	0.00346	0.00743
22	0.01092	0.04198	0.08389	0.01221	0.01568	0.00934	0.24632	0.04341	0.05469	0.07715	0.02197	0.13138	0.15952	0.00799	0.00553	0.00167	0.00533	0.00747	0.05738	0.00615
23	0.02078	0.01074	0.01294	0.01002	0.01391	0.01071	0.00825	0.29197	0.06844	0.47134	0.01721	0.01551	0.01131	0.00623	0.00508	0.00156	0.00473	0.00494	0.00576	0.00856
24	0.07744	0.00885	0.01194	0.09631	0.01483	0.00942	0.08129	0.20336	0.01367	0.01907	0.01839	0.28981	0.01906	0.00998	0.00571	0.00184	0.00484	0.10413	0.00419	0.00584
25	0.04498	0.13113	0.19475	0.01726	0.21772	0.07728	0.07253	0.04192	0.03372	0.01613	0.01119	0.01620	0.00974	0.00576	0.00490	0.00156	0.00640	0.08706	0.00281	0.00696
26	0.01252	0.01222	0.02174	0.09283	0.52439	0.01232	0.17384	0.05756	0.01217	0.01701	0.00976	0.01281	0.00787	0.00459	0.00521	0.00156	0.00657	0.00481	0.00264	0.00759
27	0.00635	0.00464	0.00602	0.00704	0.00761	0.00431	0.00496	0.00744	0.01012	0.01324	0.03069	0.64021	0.12781	0.01526	0.00645	0.00204	0.00307	0.09384	0.00469	0.00419
28	0.08516	0.07497	0.01476	0.01263	0.10427	0.09086	0.08669	0.07108	0.01262	0.17354	0.01474	0.01569	0.05850	0.00708	0.03441	0.00174	0.03485	0.00480	0.09492	0.00669
29	0.01434	0.13074	0.35985	0.01358	0.07820	0.10628	0.01348	0.01836	0.03590	0.16604	0.01114	0.01180	0.00802	0.00511	0.00464	0.00148	0.00655	0.00392	0.00312	0.00742
30	0.00707	0.00584	0.00897	0.00856	0.00984	0.00539	0.10114	0.00869	0.01089	0.01439	0.11574	0.46524	0.15412	0.01317	0.00629	0.00192	0.00360	0.05005	0.00452	0.00458
31	0.05931	0.00865	0.01004	0.00870	0.01082	0.00958	0.00703	0.22694	0.01396	0.05991	0.04648	0.02066	0.07362	0.01328	0.15597	0.00283	0.07646	0.04077	0.14896	0.00605
32	0.02828	0.01439	0.07974	0.04154	0.23865	0.06290	0.13477	0.21674	0.06580	0.05052	0.01126	0.01280	0.00848	0.00519	0.00511	0.00156	0.00640	0.00469	0.00348	0.00771
33	0.01470	0.48007	0.04456	0.00984	0.01351	0.23057	0.00888	0.01644	0.01190	0.04413	0.07469	0.01137	0.01026	0.00517	0.00396	0.00122	0.00618	0.00353	0.00274	0.00629
34	0.01353	0.01176	0.01732	0.12725	0.21879	0.06106	0.12880	0.03196	0.12240	0.10766	0.01224	0.01384	0.00923	0.00508	0.00503	0.00150	0.00596	0.00473	0.00340	0.09845
35	0.03075	0.27551	0.10117	0.01223	0.06432	0.07063	0.05371	0.09631	0.10490	0.12639	0.01160	0.01203	0.00876	0.00521	0.00444	0.00141	0.00577	0.00404	0.00348	0.00734
36	0.01155	0.01641	0.29166	0.06174	0.39873	0.01149	0.01560	0.01600	0.04341	0.03477	0.04317	0.01337	0.00949	0.00503	0.00499	0.00156	0.00628	0.00450	0.00269	0.00758
37	0.00722	0.00542	0.00813	0.00813	0.00903	0.00632	0.00632	0.00903	0.00813	0.01174	0.01354	0.01987	0.01264	0.03792	0.80225	0.00813	0.01354	0.00542	0.00271	0.00451
38	0.01190	0.01486	0.18923	0.09987	0.41989	0.01195	0.07732	0.05739	0.01192	0.01684	0.01012	0.01370	0.00822	0.00499	0.00511	0.00159	0.00654	0.02847	0.00261	0.00749
39	0.01330	0.01508	0.09160	0.16275	0.26822	0.16731	0.02703	0.07520	0.01259	0.01620	0.00920	0.01162	0.00731	0.00481	0.00479	0.00143	0.00666	0.00405	0.00270	0.09814
40	0.00624	0.00468	0.00579	0.00648	0.00724	0.00423	0.00449	0.00741	0.01072	0.01402	0.12937	0.52880	0.22335	0.01439	0.00627	0.00191	0.00277	0.01279	0.00480	0.00423
41	0.00630	0.00471	0.00555	0.00617	0.00707	0.00422	0.00431	0.00746	0.01056	0.01374	0.05865	0.46262	0.31573	0.01399	0.00610	0.00186	0.00275	0.01230	0.05168	0.00422
42	0.00807	0.00842	0.09684	0.00821	0.03833	0.00656	0.00682	0.01186	0.09855	0.01745	0.29032	0.03451	0.27129	0.00973	0.00560	0.00163	0.00338	0.02539	0.05163	0.00539
43	0.01132	0.47434	0.06222	0.00902	0.01226	0.03231	0.00862	0.01324	0.01062	0.01299	0.01424	0.12115	0.01498	0.00800	0.00461	0.00152	0.00513	0.17456	0.00305	0.00582
44	0.00616	0.00440	0.00587	0.00704	0.00733	0.00411	0.00469	0.00704	0.00968	0.01291	0.02787	0.81899	0.03344	0.01584	0.00645	0.00205	0.00293	0.01438	0.00469	0.00411
45	0.00633	0.00537	0.00549	0.00551	0.00719	0.00468	0.00411	0.00824	0.05075	0.01399	0.04812	0.09800	0.69932	0.01270	0.00597	0.00173	0.00266	0.01066	0.00472	0.00445
46	0.00736	0.00557	0.00687	0.00686	0.00803	0.00539	0.00502	0.01052	0.09542	0.01777	0.43245	0.25000	0.10613	0.01169	0.00601	0.00174	0.00272	0.01034	0.00521	0.00489
47	0.01351	0.01454	0.08545	0.01981	0.11962	0.01326	0.44593	0.18725	0.01446	0.01976	0.01048	0.01293	0.00782	0.00474	0.00555	0.00163	0.00746	0.00529	0.00308	0.00742
48	0.52491	0.01012	0.00938	0.00783	0.01114	0.01116	0.00644	0.15569	0.01243	0.14595	0.01054	0.01095	0.00758	0.00526	0.00382	0.00153	0.00419	0.00355	0.05103	0.00650
49	0.00726	0.00475	0.00591	0.00673	0.00747	0.00454	0.00492	0.00876	0.01034	0.01475	0.02643	0.45302	0.07559	0.01295	0.00581	0.00187	0.00305	0.13297	0.20852	0.00435
50	0.00678	0.00486	0.00630	0.00706	0.00760	0.00473	0.00502	0.00783	0.00958	0.01265	0.02614	0.42392	0.08747	0.16724	0.07492	0.00310	0.00441	0.13212	0.00422	0.00405
51	0.01231	0.00924	0.01286	0.25665	0.07036	0.01039	0.01003	0.16485	0.06170	0.08728	0.01374	0.07826	0.01152	0.01277	0.16232	0.00293	0.00711	0.00559	0.00365	0.00645
52	0.00640	0.00468	0.00608	0.00710	0.00769	0.00436	0.00505	0.00753	0.01018	0.01330	0.03067	0.61951	0.12820	0.01521	0.00647	0.00205	0.00312	0.11351	0.00469	0.00420
53	0.01278	0.14190	0.01581	0.01102	0.01385	0.05967	0.15774	0.01478	0.01160	0.17287	0.01806	0.27125	0.01777	0.00896	0.00547	0.00169	0.00520	0.04945	0.00405	0.00609
54	0.01112	0.01874	0.45787	0.01175	0.01703	0.01094	0.01342	0.07250	0.15061	0.01860	0.01268	0.01370	0.00935	0.00546	0.00466	0.00154	0.00580	0.00433	0.15274	0.00716
55	0.01295	0.12423	0.08415	0.00945	0.01390	0.10990	0.00839	0.10360	0.01252	0.01710	0.00895	0.01020	0.00726	0.00438	0.00403	0.00103	0.00519	0.00324	0.00300	0.45653
56	0.01068	0.09421	0.26182	0.01222	0.04711	0.04260	0.01178	0.02936	0.02731	0.01472	0.07014	0.01696	0.06768	0.05858	0.00914	0.00191	0.20980	0.00502	0.00282	0.00617
57	0.00708	0.00517	0.00666	0.00628	0.00751	0.00474	0.00471	0.00940	0.01414	0.01986	0.74145	0.03846	0.09460	0.01049	0.00596	0.00160	0.00240	0.00924	0.00551	0.00474
58	0.00669	0.00493	0.00604	0.00636	0.00730	0.00457	0.00458	0.00774	0.01051	0.01362	0.12992	0.24332	0.29112	0.06677	0.06655	0.06924	0.00384	0.04847	0.00436	0.00409
59	0.00688	0.00516	0.00637	0.00607	0.00738	0.00465	0.00455	0.00900	0.01366	0.01872	0.61434	0.04034	0.22242	0.01092	0.00597	0.00162	0.00243	0.00951	0.00536	0.00465
60	0.00953	0.00883	0.01488	0.63523	0.06511	0.01054	0.04452	0.01260	0.01012	0.01310	0.01058	0.01736	0.00897	0.06957	0.00682	0.00197	0.00652	0.04577	0.00247	0.00552
61	0.00913	0.00512	0.00558	0.00547	0.00659	0.00538	0.00418	0.01131	0.01030	0.01761	0.01767	0.02020	0.05569	0.00919	0.07329	0.00186	0.04475	0.00509	0.68688	0.00471
62	0.00978	0.00923	0.01559	0.74903	0.09411	0.01130	0.01416	0.01312	0.01022	0.01320	0.00903	0.01341	0.00684	0.00501	0.00505	0.00167	0.00668	0.00449	0.00227	0.00580
63	0.01335	0.10902	0.22377	0.01820	0.28915	0.03364	0.01337	0.01715	0.04125	0.11664	0.01080	0.01213	0.00820	0.00485	0.00466	0.00144	0.00595	0.00407	0.00299	0.06935
64	0.01095	0.01081	0.11004	0.11372	0.01602	0.00944	0.05180	0.17880	0.01434	0.01960	0.13908	0.02715	0.08633	0.00821	0.00552	0.00170	0.00501	0.12772	0.05766	0.00611
65	0.01352	0.82533	0.02650	0.00865	0.01298	0.02001	0.00865	0.01514	0.01027	0.01190	0.00703	0.00811	0.00649	0.00433	0.00324	0.00108	0.00541	0.00270	0.00216	0.00649
66	0.01214	0.01060	0.05798	0.09448	0.31706	0.00998	0.01133	0.07039	0.04938	0.08895	0.17351	0.01992	0.04931	0.00651	0.00526	0.00157	0.00499	0.00579	0.00383	0.00702
67	0.03317	0.06013	0.01580	0.01290	0.07178	0.13904	0.06898	0.21529	0.08330	0.19955	0.01315	0.01320	0.00944	0.00558	0.00487	0.00147	0.00587	0.00448	0.00429	0.03770
68	0.00657	0.00497	0.00606	0.00615	0.00728	0.00446	0.00447	0.00827	0.01238	0.01655	0.38753	0.22504	0.26709	0.01238	0.00608	0.00173	0.00257	0.01084	0.00510	0.00446
69	0.00708	0.00517	0.00666	0.00628	0.00751	0.00474	0.00471	0.00940	0.01414	0.01986	0.74145	0.03846	0.09460	0.01049	0.00596	0.00160	0.00240	0.00924	0.00551	0.00474
70	0.04562	0.03185	0.54999	0.01529	0.11618	0.01132	0.01591	0.01579	0.05343	0.01634	0.01113	0.07462	0.00919	0.00574	0.00489	0.00162	0.00656	0.00472	0.00259	0.00721
71	0.09106	0.03425	0.07550	0.01149	0.01536	0.21238	0.00981	0.38157	0.01801	0.08676	0.01090	0.01125	0.00791	0.00561	0.00471	0.00147	0.00636	0.00401	0.00408	0.00751

[dist]
# distance from previous block
# <min> <max>
0	1

[block]
# block no. 2 follows, 49 sequences, length 31
# corresponding to MSA columns:
# 300-330
name=unknown_C
#
# <colnr> <probs for GDERKNQSTAVLIFYWHMCP>
#	G	D	E	R	K	N	Q	S	T	A	V	L	I	F	Y	W	H	M	C	P
0	0.01297	0.00857	0.00956	0.00809	0.01064	0.00884	0.00642	0.21830	0.10721	0.11036	0.16227	0.02513	0.14387	0.00802	0.00515	0.00154	0.00367	0.00660	0.13627	0.00653
1	0.00612	0.00469	0.00562	0.00631	0.00715	0.00419	0.00438	0.00719	0.01050	0.01340	0.05869	0.50987	0.31463	0.01455	0.00626	0.00191	0.00278	0.01285	0.00472	0.00419
2	0.15317	0.06513	0.05442	0.01093	0.05167	0.17842	0.00872	0.15053	0.01336	0.01900	0.00886	0.01009	0.00704	0.00483	0.00432	0.00126	0.01710	0.00340	0.00317	0.23460
3	0.01411	0.29102	0.20157	0.01294	0.10381	0.07926	0.01152	0.01732	0.03415	0.12242	0.01017	0.01102	0.00781	0.00484	0.00426	0.00133	0.00597	0.00363	0.00294	0.05989
4	0.01934	0.00788	0.01061	0.00838	0.01174	0.00685	0.00683	0.02134	0.01432	0.62997	0.15000	0.02205	0.05285	0.00723	0.00527	0.00158	0.00390	0.00601	0.00607	0.00777
5	0.01184	0.00854	0.01313	0.05391	0.25309	0.00812	0.04637	0.01421	0.01244	0.16293	0.13669	0.02669	0.19982	0.00787	0.00548	0.00161	0.00447	0.02206	0.00422	0.00652
6	0.01258	0.05042	0.01805	0.01784	0.22909	0.03619	0.17024	0.07347	0.03349	0.07514	0.01418	0.16651	0.01323	0.00756	0.01528	0.00175	0.04807	0.00665	0.00346	0.00680
7	0.01194	0.01270	0.10821	0.24123	0.42025	0.01156	0.04863	0.01537	0.01121	0.05628	0.00990	0.01287	0.00770	0.00477	0.00504	0.00158	0.00640	0.00451	0.00259	0.00727
8	0.00724	0.00534	0.00775	0.00775	0.00852	0.00611	0.00585	0.00878	0.00801	0.01146	0.01389	0.02180	0.01348	0.15248	0.68884	0.00766	0.01228	0.00570	0.00276	0.00430
9	0.01605	0.01687	0.19414	0.01414	0.10468	0.12369	0.01188	0.20933	0.10627	0.13381	0.01267	0.01296	0.00911	0.00560	0.00494	0.00153	0.00619	0.00439	0.00394	0.00782
10	0.01312	0.19063	0.17148	0.08284	0.21113	0.04869	0.02507	0.05390	0.08693	0.05410	0.01050	0.01198	0.00816	0.00499	0.00461	0.00146	0.00610	0.00408	0.00291	0.00732
11	0.00755	0.00658	0.00888	0.01086	0.14514	0.01678	0.02606	0.00911	0.01105	0.01415	0.05497	0.29277	0.35317	0.01195	0.00594	0.00178	0.00353	0.01054	0.00425	0.00497
12	0.00741	0.00570	0.00693	0.00736	0.00848	0.00561	0.00547	0.01059	0.11582	0.01552	0.14157	0.36818	0.15839	0.01307	0.00619	0.00192	0.00316	0.10894	0.00488	0.00483
13	0.01253	0.01477	0.10985	0.16232	0.29222	0.09646	0.15775	0.04663	0.01197	0.01585	0.00937	0.01228	0.00737	0.00483	0.00538	0.00158	0.02471	0.00456	0.00253	0.00704
14	0.01331	0.13774	0.14041	0.01781	0.23761	0.08665	0.08547	0.09480	0.03533	0.03183	0.01100	0.06530	0.00942	0.00559	0.00487	0.00150	0.00633	0.00485	0.00297	0.00720
15	0.01305	0.01741	0.26557	0.05641	0.15428	0.06139	0.17049	0.09092	0.05016	0.05555	0.01069	0.01250	0.00792	0.00497	0.00513	0.00159	0.00699	0.00458	0.00295	0.00743
16	0.05248	0.00656	0.00867	0.00759	0.00940	0.00628	0.04220	0.01275	0.01032	0.17188	0.05261	0.11211	0.01713	0.21158	0.10497	0.00314	0.00524	0.00668	0.10046	0.05797
17	0.38844	0.01495	0.03894	0.05014	0.07924	0.26530	0.02331	0.01623	0.01104	0.01758	0.00988	0.01129	0.04439	0.00525	0.00409	0.00149	0.00605	0.00362	0.00290	0.00586
18	0.00970	0.00919	0.04972	0.00884	0.04784	0.09425	0.00665	0.05000	0.01294	0.05243	0.20927	0.14749	0.26137	0.01035	0.00569	0.00165	0.00396	0.00880	0.00452	0.00531
19	0.05543	0.01298	0.05514	0.01487	0.14745	0.07576	0.08073	0.10495	0.17121	0.08703	0.03269	0.01413	0.01057	0.00559	0.00525	0.00152	0.02926	0.00469	0.00381	0.08697
20	0.01104	0.01029	0.01781	0.05620	0.47117	0.01024	0.09708	0.01369	0.01119	0.01550	0.01430	0.05727	0.04576	0.00717	0.00618	0.04299	0.00578	0.09665	0.00294	0.00674
21	0.01534	0.05507	0.09141	0.01212	0.01597	0.13261	0.05743	0.25329	0.27258	0.02187	0.01364	0.01369	0.01019	0.00588	0.00496	0.00155	0.00594	0.00467	0.00414	0.00767
22	0.00659	0.00495	0.00611	0.00624	0.00732	0.00446	0.00452	0.00829	0.01235	0.01662	0.39730	0.25501	0.22681	0.01246	0.00610	0.00175	0.00258	0.01096	0.00511	0.00446
23	0.01291	0.01450	0.10551	0.02109	0.39134	0.09187	0.01304	0.01946	0.24306	0.01744	0.01262	0.01387	0.00991	0.00532	0.00498	0.00156	0.00589	0.00466	0.00327	0.00773
24	0.01196	0.00618	0.00771	0.00701	0.00913	0.00537	0.00536	0.01344	0.01225	0.28871	0.06982	0.22397	0.29661	0.01112	0.00578	0.00174	0.00326	0.00953	0.00529	0.00578
25	0.01306	0.06019	0.34388	0.01332	0.05506	0.05454	0.01327	0.14841	0.21053	0.01966	0.01240	0.01290	0.00918	0.00553	0.00485	0.00157	0.00617	0.00434	0.00345	0.00769
26	0.00640	0.00486	0.00590	0.00629	0.00728	0.00436	0.00450	0.00783	0.01152	0.01513	0.23568	0.35594	0.27704	0.01340	0.00618	0.00183	0.00270	0.02391	0.00492	0.00434
27	0.01385	0.77545	0.02574	0.00892	0.01314	0.06869	0.00872	0.01546	0.01053	0.01193	0.00708	0.00817	0.00649	0.00438	0.00333	0.00110	0.00564	0.00274	0.00219	0.00645
28	0.01192	0.01135	0.01691	0.13813	0.45008	0.04610	0.01294	0.01580	0.08071	0.01615	0.01118	0.01513	0.00945	0.00523	0.00497	0.00150	0.00575	0.04278	0.00287	0.10104
29	0.01462	0.07984	0.15028	0.01575	0.17880	0.10999	0.01194	0.25605	0.03447	0.02027	0.01153	0.07234	0.00972	0.00604	0.00491	0.00151	0.00617	0.00487	0.00347	0.00743
30	0.36582	0.06326	0.01082	0.00883	0.01138	0.18906	0.00699	0.01623	0.08582	0.01813	0.08468	0.01368	0.01153	0.04568	0.00574	0.00169	0.04755	0.00408	0.00333	0.00569

[dist]
# distance from previous block
# <min> <max>
0	14

[block]
# block no. 3 follows, 49 sequences, length 21
# corresponding to MSA columns:
# 346-366
name=unknown_D
#
# <colnr> <probs for GDERKNQSTAVLIFYWHMCP>
#	G	D	E	R	K	N	Q	S	T	A	V	L	I	F	Y	W	H	M	C	P
0	0.01417	0.04505	0.17449	0.01334	0.08444	0.08921	0.02474	0.20487	0.04395	0.05869	0.01104	0.01291	0.00862	0.03189	0.05515	0.00200	0.05147	0.00431	0.00340	0.06628
1	0.34200	0.00794	0.00793	0.00746	0.00955	0.00856	0.00572	0.10625	0.01163	0.04782	0.09120	0.29680	0.02004	0.00939	0.00488	0.00173	0.00364	0.00776	0.00427	0.00543
2	0.01481	0.01249	0.01386	0.01338	0.11801	0.11417	0.00956	0.18663	0.04756	0.08689	0.01256	0.01655	0.01050	0.00649	0.00623	0.00153	0.09470	0.07825	0.00380	0.15204
3	0.01530	0.01497	0.11914	0.01097	0.01467	0.09973	0.00972	0.42463	0.01787	0.02331	0.01505	0.01672	0.07816	0.06432	0.05067	0.00212	0.00635	0.00508	0.00409	0.00715
4	0.01081	0.28180	0.01207	0.00604	0.00828	0.00988	0.00526	0.01292	0.01049	0.01650	0.01330	0.01523	0.01078	0.00536	0.00344	0.00115	0.00339	0.00403	0.56396	0.00531
5	0.00981	0.00776	0.00794	0.00788	0.00922	0.07912	0.00586	0.07431	0.07174	0.01670	0.06272	0.30428	0.02203	0.01286	0.07603	0.00226	0.00466	0.03833	0.18134	0.00516
6	0.57041	0.00803	0.00684	0.00660	0.00885	0.00894	0.00509	0.01225	0.00899	0.01931	0.01504	0.20327	0.06081	0.04038	0.00499	0.00182	0.00364	0.00616	0.00359	0.00498
7	0.85801	0.00978	0.00743	0.00665	0.00978	0.01134	0.00548	0.01486	0.00861	0.02269	0.00704	0.00821	0.00548	0.00469	0.00313	0.00156	0.00391	0.00274	0.00313	0.00548
8	0.00862	0.00554	0.00695	0.00638	0.00799	0.00496	0.00486	0.01071	0.01373	0.10433	0.54305	0.03787	0.20491	0.01042	0.00587	0.00161	0.00264	0.00903	0.00545	0.00509
9	0.00678	0.00526	0.00623	0.00629	0.00772	0.00472	0.00492	0.00864	0.01256	0.01632	0.31489	0.04614	0.38949	0.01211	0.00614	0.00177	0.00286	0.13765	0.00501	0.00452
10	0.00635	0.00463	0.00599	0.00673	0.00734	0.00426	0.00463	0.00758	0.01082	0.01452	0.18926	0.58695	0.10342	0.01442	0.00631	0.00193	0.00279	0.01295	0.00488	0.00426
11	0.01147	0.00968	0.01053	0.00981	0.01225	0.01100	0.00765	0.02316	0.62051	0.01993	0.05139	0.08101	0.01933	0.00834	0.00545	0.00180	0.00393	0.08042	0.00508	0.00727
12	0.01563	0.01572	0.01293	0.01139	0.01434	0.27402	0.00882	0.13306	0.41796	0.01981	0.01514	0.01467	0.01149	0.00620	0.00494	0.00155	0.00592	0.00473	0.00429	0.00738
13	0.01175	0.00998	0.08623	0.07373	0.01422	0.00808	0.03833	0.08291	0.01218	0.11895	0.08260	0.10079	0.01556	0.09677	0.00724	0.00179	0.00470	0.00593	0.00386	0.22439
14	0.01460	0.61201	0.05481	0.00987	0.01394	0.19638	0.00931	0.01632	0.01121	0.01217	0.00729	0.00844	0.00649	0.00455	0.00360	0.00115	0.00633	0.00287	0.00226	0.00639
15	0.53427	0.01115	0.01030	0.22616	0.01725	0.09864	0.00828	0.01492	0.00965	0.01889	0.00766	0.00975	0.00594	0.00485	0.00381	0.00157	0.00526	0.00327	0.00283	0.00556
16	0.01238	0.01116	0.01647	0.21989	0.34070	0.01228	0.01277	0.08492	0.20184	0.01812	0.01234	0.01429	0.00957	0.00536	0.00506	0.00160	0.00566	0.00481	0.00332	0.00746
17	0.00610	0.00506	0.00534	0.00541	0.00694	0.00430	0.00400	0.00745	0.01162	0.01420	0.11655	0.11599	0.65394	0.01285	0.00602	0.00173	0.00258	0.01086	0.00478	0.00430
18	0.01364	0.01669	0.19220	0.01306	0.04427	0.17243	0.09502	0.11150	0.06511	0.06423	0.07858	0.01747	0.08065	0.00636	0.00516	0.00155	0.00636	0.00529	0.00361	0.00683
19	0.01051	0.00576	0.00587	0.00548	0.00697	0.00592	0.00421	0.09596	0.01206	0.02029	0.01601	0.01811	0.01248	0.00591	0.00370	0.00122	0.00271	0.00470	0.75699	0.00514
20	0.01451	0.46331	0.02001	0.00974	0.01320	0.28317	0.00850	0.01598	0.01179	0.01225	0.01218	0.01293	0.09290	0.00556	0.00399	0.00123	0.00635	0.00377	0.00259	0.00603

[dist]
# distance from previous block
# <min> <max>
0	3

[block]
# block no. 4 follows, 49 sequences, length 22
# corresponding to MSA columns:
# 370-391
name=unknown_E
#
# <colnr> <probs for GDERKNQSTAVLIFYWHMCP>
#	G	D	E	R	K	N	Q	S	T	A	V	L	I	F	Y	W	H	M	C	P
0	0.01355	0.41800	0.15477	0.08642	0.01710	0.16826	0.01107	0.01660	0.04712	0.01323	0.00835	0.00976	0.00692	0.00477	0.00403	0.00130	0.00654	0.00330	0.00239	0.00653
1	0.01553	0.01171	0.01459	0.01165	0.01490	0.10720	0.13915	0.13981	0.08776	0.20600	0.12289	0.07443	0.01696	0.00706	0.00539	0.00160	0.00543	0.00621	0.00467	0.00705
2	0.00996	0.00979	0.01769	0.67443	0.03338	0.01150	0.14450	0.01348	0.01043	0.01348	0.00920	0.01351	0.00690	0.00492	0.00521	0.00169	0.00705	0.00475	0.00230	0.00582
3	0.00726	0.00551	0.00683	0.00760	0.00833	0.00556	0.00526	0.01045	0.14248	0.01433	0.02662	0.68134	0.03035	0.01430	0.00623	0.00200	0.00312	0.01289	0.00477	0.00478
4	0.01179	0.12582	0.19664	0.14094	0.20098	0.04420	0.17824	0.01551	0.01114	0.01499	0.00908	0.01176	0.00712	0.00461	0.00492	0.00153	0.00703	0.00435	0.00235	0.00697
5	0.00937	0.14734	0.01158	0.08651	0.01231	0.00898	0.00730	0.08231	0.01184	0.01526	0.05018	0.29046	0.09208	0.01107	0.00567	0.00180	0.00423	0.14240	0.00408	0.00523
6	0.01113	0.00573	0.00696	0.00628	0.00807	0.00533	0.00486	0.01328	0.01244	0.18095	0.23960	0.02675	0.09615	0.00938	0.04207	0.00175	0.00331	0.00665	0.31380	0.00549
7	0.00934	0.00830	0.00704	0.00671	0.00831	0.14174	0.00503	0.01117	0.01253	0.01644	0.23095	0.03183	0.27166	0.00919	0.00514	0.00148	0.00359	0.00756	0.20719	0.00478
8	0.01121	0.01598	0.24518	0.11110	0.04397	0.08528	0.09529	0.01599	0.08826	0.01602	0.04452	0.01442	0.03498	0.00532	0.00488	0.00146	0.00624	0.00458	0.00293	0.15236
9	0.01322	0.01438	0.21616	0.08963	0.10823	0.06191	0.04557	0.01644	0.01127	0.17920	0.01203	0.01412	0.00903	0.01081	0.13862	0.00269	0.04204	0.00456	0.00321	0.00689
10	0.09007	0.06040	0.00871	0.00802	0.04299	0.00801	0.00591	0.01420	0.14301	0.01781	0.01801	0.14496	0.01658	0.00801	0.00456	0.00155	0.00343	0.06885	0.32938	0.00551
11	0.01205	0.00801	0.00936	0.00836	0.01075	0.00832	0.00655	0.05580	0.24633	0.16437	0.02648	0.06061	0.20011	0.01387	0.14251	0.00279	0.00539	0.00705	0.00481	0.00648
12	0.01090	0.00957	0.01224	0.01163	0.14599	0.00783	0.00769	0.01366	0.03499	0.01663	0.00944	0.01110	0.00783	0.00397	0.00401	0.00091	0.00414	0.00334	0.00298	0.68114
13	0.15718	0.01502	0.27834	0.01247	0.07006	0.01017	0.07481	0.01605	0.06155	0.10217	0.01755	0.01796	0.13304	0.00629	0.00487	0.00162	0.00549	0.00519	0.00343	0.00676
14	0.00640	0.00494	0.00536	0.00555	0.00653	0.00443	0.00376	0.00725	0.01002	0.01242	0.03718	0.17137	0.44155	0.24704	0.01176	0.00269	0.00330	0.01033	0.00422	0.00389
15	0.01231	0.01136	0.01850	0.25057	0.50261	0.01214	0.01454	0.08656	0.01228	0.01695	0.00961	0.01275	0.00771	0.00481	0.00503	0.00156	0.00617	0.00451	0.00267	0.00739
16	0.01331	0.01055	0.01379	0.16136	0.06928	0.02538	0.01037	0.16984	0.09225	0.08514	0.01387	0.06236	0.01195	0.00762	0.00757	0.00180	0.16475	0.06830	0.00382	0.00671
17	0.01125	0.15161	0.11705	0.01263	0.08737	0.01173	0.04033	0.01582	0.13169	0.04255	0.07662	0.02394	0.01631	0.00775	0.00620	0.00173	0.07294	0.16238	0.00361	0.00648
18	0.00658	0.00464	0.00595	0.00660	0.00699	0.00439	0.00437	0.00754	0.00999	0.01353	0.15615	0.51988	0.03274	0.18392	0.01041	0.00257	0.00325	0.01200	0.00450	0.00400
19	0.00997	0.00561	0.00695	0.00648	0.00727	0.00553	0.00427	0.01056	0.00869	0.14502	0.01629	0.02853	0.01658	0.57328	0.12973	0.00477	0.00600	0.00670	0.00356	0.00422
20	0.23781	0.02403	0.18310	0.01248	0.10517	0.01122	0.02798	0.05927	0.10609	0.04067	0.01046	0.01151	0.00795	0.00492	0.00429	0.00145	0.00515	0.00381	0.00324	0.13942
21	0.02915	0.02715	0.09002	0.07294	0.21925	0.09114	0.04748	0.13450	0.15206	0.01895	0.01264	0.01571	0.01022	0.00586	0.00508	0.00160	0.00607	0.04937	0.00347	0.00734

[dist]
# distance from previous block
# <min> <max>
0	459

# created by:
# /home/cegg/simao/soft/augustus-3.2.1/scripts/msa2prfl.pl ./align_prep/26364.fa
