[name]
unknown

[dist]
# distance from previous block
# <min> <max>
0	138

[block]
# block no. 0 follows, 41 sequences, length 59
# corresponding to MSA columns:
# 362-420
name=unknown_A
#
# <colnr> <probs for GDERKNQSTAVLIFYWHMCP>
#	G	D	E	R	K	N	Q	S	T	A	V	L	I	F	Y	W	H	M	C	P
0	0.04335	0.00881	0.01195	0.01098	0.01360	0.00866	0.05656	0.04640	0.08236	0.12280	0.02392	0.09342	0.02336	0.03926	0.00750	0.00228	0.00523	0.32345	0.00516	0.07093
1	0.04199	0.03730	0.11235	0.09234	0.01710	0.01036	0.03951	0.04726	0.10023	0.09667	0.10022	0.08368	0.07554	0.03100	0.02777	0.00210	0.00562	0.00712	0.00450	0.06734
2	0.00711	0.00515	0.00672	0.00772	0.00829	0.00476	0.00526	0.00836	0.01179	0.01577	0.13044	0.64626	0.08750	0.01686	0.00719	0.00223	0.00321	0.01520	0.00544	0.00476
3	0.01277	0.01612	0.21789	0.09911	0.25802	0.01235	0.01511	0.06698	0.02520	0.01978	0.05317	0.01624	0.01175	0.00618	0.00599	0.00175	0.03808	0.00520	0.11045	0.00787
4	0.00853	0.00562	0.00675	0.00674	0.00727	0.00570	0.00441	0.00960	0.01013	0.01456	0.12214	0.06100	0.02429	0.44542	0.12963	0.00487	0.00609	0.00817	0.11482	0.00427
5	0.01434	0.00980	0.03340	0.01000	0.04115	0.00875	0.00774	0.12656	0.02783	0.16958	0.17502	0.04058	0.15494	0.03693	0.00676	0.00182	0.00438	0.00760	0.00543	0.11740
6	0.00852	0.00679	0.00775	0.00734	0.00919	0.00651	0.00555	0.01277	0.12530	0.02031	0.38917	0.04410	0.31103	0.01214	0.00661	0.00187	0.00305	0.01041	0.00586	0.00573
7	0.01451	0.07746	0.12905	0.09954	0.01916	0.05405	0.01194	0.07246	0.03310	0.07849	0.01109	0.01311	0.00867	0.00627	0.00744	0.00164	0.14505	0.00439	0.00343	0.20914
8	0.01396	0.11654	0.15435	0.01120	0.01654	0.03088	0.01075	0.12485	0.01410	0.02017	0.01029	0.01183	0.00822	0.00521	0.00523	0.00129	0.03804	0.00384	0.00339	0.39932
9	0.01286	0.01391	0.08805	0.27778	0.07693	0.06955	0.01262	0.04825	0.03896	0.01781	0.01074	0.01350	0.00839	0.00529	0.00515	0.00149	0.00655	0.00438	0.00312	0.28467
10	0.01545	0.01417	0.01484	0.03625	0.24689	0.19641	0.01083	0.04436	0.04202	0.04729	0.01375	0.01593	0.01088	0.00603	0.00504	0.00155	0.00621	0.00490	0.25990	0.00730
11	0.01106	0.00654	0.00808	0.00738	0.00946	0.00575	0.00564	0.01312	0.01481	0.16742	0.33018	0.09530	0.27893	0.01214	0.00659	0.00187	0.00324	0.01042	0.00606	0.00602
12	0.01738	0.01345	0.01793	0.17943	0.19517	0.01473	0.01314	0.31064	0.07802	0.08226	0.01374	0.01520	0.01009	0.00630	0.00572	0.00177	0.00644	0.00528	0.00450	0.00881
13	0.00791	0.00563	0.00678	0.00676	0.00753	0.00531	0.00452	0.00923	0.01221	0.01660	0.31405	0.12615	0.11767	0.31708	0.01546	0.00332	0.00389	0.01041	0.00498	0.00450
14	0.00718	0.00522	0.00678	0.00764	0.00830	0.00481	0.00525	0.00857	0.01219	0.01638	0.18338	0.58302	0.09737	0.01637	0.00714	0.00218	0.00316	0.01472	0.00551	0.00481
15	0.01213	0.07266	0.01527	0.18921	0.07525	0.04523	0.02411	0.01409	0.01070	0.05523	0.01272	0.02039	0.01194	0.20104	0.09474	0.00355	0.12682	0.00581	0.00310	0.00602
16	0.27926	0.09655	0.01448	0.01056	0.01443	0.01559	0.00876	0.23401	0.21336	0.02683	0.01408	0.01464	0.01076	0.00654	0.00487	0.00175	0.00519	0.01553	0.00470	0.00810
17	0.01186	0.01017	0.01186	0.00847	0.01356	0.00762	0.00678	0.01440	0.01186	0.01864	0.01017	0.01186	0.00847	0.00424	0.00424	0.00085	0.00424	0.00339	0.00339	0.83395
18	0.01526	0.08584	0.19603	0.01842	0.16299	0.09430	0.08182	0.09432	0.09017	0.05062	0.01442	0.01566	0.04237	0.00616	0.00556	0.00172	0.00723	0.00520	0.00361	0.00830
19	0.04939	0.05312	0.36616	0.01441	0.03753	0.03049	0.01525	0.09647	0.01416	0.16873	0.01259	0.01355	0.00892	0.00636	0.00675	0.00183	0.08746	0.00462	0.00377	0.00845
20	0.00814	0.00557	0.00673	0.00688	0.00707	0.00568	0.00423	0.00856	0.00875	0.01181	0.01914	0.12063	0.02174	0.59775	0.13850	0.00573	0.00676	0.00889	0.00361	0.00384
21	0.00824	0.00584	0.00772	0.00772	0.00823	0.00635	0.00531	0.00927	0.00876	0.01218	0.01667	0.02995	0.01755	0.42103	0.40262	0.00737	0.01043	0.00722	0.00327	0.00429
22	0.04968	0.07583	0.05971	0.06695	0.07493	0.26631	0.10734	0.19319	0.01708	0.02085	0.01057	0.01237	0.00819	0.00580	0.00542	0.00165	0.00821	0.00459	0.00353	0.00780
23	0.01608	0.01109	0.01484	0.01287	0.04372	0.01154	0.08632	0.02507	0.36385	0.20046	0.09663	0.02203	0.01887	0.00809	0.00667	0.03616	0.00507	0.00661	0.00561	0.00843
24	0.00952	0.00623	0.00802	0.00831	0.00943	0.00594	0.00592	0.05929	0.01347	0.07143	0.17833	0.53406	0.03755	0.01514	0.00697	0.00214	0.00350	0.01356	0.00566	0.00550
25	0.01342	0.01177	0.04256	0.01416	0.15940	0.11473	0.00921	0.06277	0.01371	0.04739	0.01779	0.17151	0.01652	0.00847	0.00538	0.00168	0.00522	0.00719	0.27043	0.00669
26	0.13947	0.14413	0.04402	0.03901	0.09518	0.01403	0.00986	0.13868	0.08480	0.09690	0.01466	0.01721	0.02893	0.08833	0.01976	0.00219	0.00584	0.00514	0.00417	0.00767
27	0.09722	0.00657	0.00787	0.00863	0.00994	0.00662	0.00676	0.03088	0.01224	0.01780	0.02879	0.33055	0.07560	0.01448	0.00679	0.00226	0.00412	0.26119	0.06646	0.00523
28	0.00773	0.00575	0.00671	0.00677	0.00774	0.00550	0.00468	0.00885	0.01097	0.01420	0.09487	0.07140	0.27537	0.30969	0.11617	0.00426	0.00559	0.03491	0.00441	0.00442
29	0.09775	0.01466	0.05955	0.23295	0.17011	0.04958	0.04325	0.22325	0.01630	0.02291	0.01108	0.01362	0.00837	0.00584	0.00549	0.00177	0.00702	0.00486	0.00363	0.00801
30	0.05245	0.01705	0.01468	0.09189	0.01809	0.27702	0.01028	0.22783	0.01781	0.08245	0.01465	0.12243	0.01285	0.00791	0.00566	0.00174	0.00721	0.00616	0.00440	0.00745
31	0.02445	0.01168	0.01448	0.01110	0.01557	0.01129	0.00917	0.24913	0.01962	0.54142	0.01984	0.01770	0.01279	0.00701	0.00574	0.00175	0.00531	0.00557	0.00666	0.00973
32	0.01344	0.01349	0.02504	0.20013	0.33845	0.01381	0.25055	0.04165	0.01329	0.01824	0.01099	0.01480	0.00864	0.00521	0.00603	0.00182	0.00788	0.00563	0.00288	0.00804
33	0.01324	0.01759	0.18810	0.28651	0.10166	0.12965	0.01540	0.04669	0.01307	0.01683	0.03860	0.01478	0.00973	0.00754	0.03586	0.00210	0.04765	0.00491	0.00290	0.00720
34	0.01116	0.01048	0.01743	0.70500	0.08946	0.01282	0.01576	0.01538	0.03787	0.01523	0.01067	0.01539	0.00807	0.00575	0.00572	0.00189	0.00746	0.00513	0.00268	0.00664
35	0.00788	0.00576	0.00678	0.00686	0.00834	0.00507	0.00501	0.00959	0.01352	0.04567	0.23987	0.22763	0.36874	0.01427	0.00685	0.00198	0.00302	0.01237	0.00564	0.00512
36	0.00847	0.00577	0.00761	0.00759	0.00878	0.00533	0.00557	0.01068	0.01469	0.04856	0.51570	0.24950	0.04756	0.01332	0.00689	0.00196	0.00301	0.02762	0.00603	0.00535
37	0.00833	0.00604	0.00702	0.00733	0.00869	0.00551	0.00526	0.04118	0.01268	0.04472	0.04112	0.37675	0.34247	0.04429	0.00776	0.00223	0.00344	0.02474	0.00533	0.00511
38	0.02278	0.01436	0.01614	0.01237	0.01691	0.01528	0.01022	0.55531	0.02412	0.22889	0.01606	0.01525	0.01090	0.00692	0.00573	0.00173	0.00592	0.00531	0.00608	0.00973
39	0.01631	0.00816	0.00929	0.00789	0.01055	0.00809	0.00627	0.11213	0.04165	0.22663	0.01925	0.01984	0.01399	0.00684	0.00476	0.00152	0.00380	0.00546	0.47033	0.00723
40	0.00697	0.00498	0.00664	0.00796	0.00830	0.00465	0.00531	0.00796	0.01095	0.01460	0.03153	0.79525	0.03783	0.01792	0.00730	0.00232	0.00332	0.01626	0.00531	0.00465
41	0.00817	0.00613	0.00919	0.00919	0.01021	0.00715	0.00715	0.01021	0.00919	0.01328	0.01532	0.02247	0.01430	0.04290	0.77631	0.00919	0.01532	0.00613	0.00306	0.00511
42	0.00736	0.00587	0.00665	0.00672	0.00839	0.00515	0.00516	0.00924	0.01377	0.01747	0.22873	0.07544	0.48462	0.01404	0.00690	0.00199	0.00312	0.08881	0.00555	0.00501
43	0.83938	0.01106	0.00841	0.00752	0.01106	0.01283	0.00619	0.01681	0.00973	0.02566	0.00796	0.00929	0.00619	0.00531	0.00354	0.00177	0.00442	0.00310	0.00354	0.00619
44	0.01153	0.00934	0.00984	0.00916	0.01169	0.01016	0.00710	0.02133	0.42104	0.02118	0.05218	0.03193	0.20528	0.00970	0.00591	0.00188	0.00384	0.03334	0.11632	0.00726
45	0.71543	0.01064	0.00860	0.00782	0.01106	0.01218	0.00631	0.04776	0.01062	0.02495	0.01071	0.09268	0.00970	0.00671	0.00403	0.00183	0.00439	0.00458	0.00382	0.00619
46	0.01237	0.08451	0.42409	0.01344	0.01998	0.01295	0.01533	0.04608	0.01236	0.01832	0.01001	0.01188	0.00770	0.00542	0.00585	0.00154	0.05829	0.00399	0.00282	0.23305
47	0.00911	0.00826	0.03840	0.06685	0.19200	0.00764	0.00952	0.01107	0.01152	0.01571	0.02436	0.52788	0.02782	0.01358	0.00674	0.00213	0.00462	0.01241	0.00443	0.00595
48	0.01147	0.02959	0.76934	0.01630	0.02476	0.01328	0.02113	0.01811	0.01208	0.01811	0.01026	0.01208	0.00725	0.00543	0.00543	0.00181	0.00845	0.00423	0.00242	0.00845
49	0.01379	0.01484	0.09574	0.26040	0.27682	0.04219	0.11785	0.04736	0.01333	0.04661	0.01114	0.01451	0.00854	0.00546	0.00580	0.00180	0.00765	0.00521	0.00300	0.00794
50	0.01160	0.10116	0.29850	0.12469	0.08473	0.01335	0.03511	0.01539	0.01119	0.01569	0.01156	0.04246	0.01037	0.11157	0.00988	0.00234	0.08523	0.00540	0.00273	0.00706
51	0.00740	0.00525	0.00694	0.00804	0.00845	0.00505	0.00552	0.00847	0.01075	0.01434	0.02902	0.59913	0.03422	0.11615	0.04378	0.00305	0.00430	0.08059	0.00498	0.00458
52	0.00727	0.00555	0.00667	0.00694	0.00818	0.00496	0.00500	0.00899	0.01342	0.01766	0.28191	0.28526	0.29822	0.01465	0.00693	0.00201	0.00296	0.01283	0.00564	0.00496
53	0.01432	0.18420	0.09744	0.11833	0.05060	0.13095	0.14758	0.04351	0.02463	0.01694	0.06460	0.02627	0.01175	0.00621	0.00599	0.00170	0.03940	0.00523	0.00312	0.00723
54	0.01453	0.05448	0.01343	0.04199	0.01444	0.08010	0.03318	0.23503	0.05812	0.02266	0.01883	0.22433	0.01800	0.00954	0.00576	0.00180	0.00535	0.00804	0.13335	0.00703
55	0.00687	0.00555	0.00612	0.00651	0.00793	0.00479	0.00468	0.00823	0.01252	0.01547	0.07574	0.28070	0.51404	0.01543	0.00692	0.00205	0.00302	0.01329	0.00535	0.00479
56	0.01127	0.01031	0.01760	0.05959	0.20094	0.01009	0.17037	0.03541	0.01368	0.01892	0.17682	0.05287	0.09195	0.06394	0.00789	0.00208	0.00584	0.00786	0.03582	0.00677
57	0.01595	0.07739	0.10135	0.07015	0.12186	0.20336	0.15847	0.04763	0.05491	0.04835	0.01159	0.01383	0.00903	0.00693	0.03280	0.00196	0.00849	0.00497	0.00324	0.00773
58	0.01903	0.01599	0.01584	0.21756	0.02254	0.26753	0.03822	0.04920	0.01512	0.22669	0.01376	0.01499	0.00980	0.00621	0.00550	0.00169	0.00756	0.00488	0.04038	0.00753

[dist]
# distance from previous block
# <min> <max>
1	101

[block]
# block no. 1 follows, 41 sequences, length 21
# corresponding to MSA columns:
# 525-545
name=unknown_B
#
# <colnr> <probs for GDERKNQSTAVLIFYWHMCP>
#	G	D	E	R	K	N	Q	S	T	A	V	L	I	F	Y	W	H	M	C	P
0	0.05340	0.09564	0.01928	0.13781	0.03446	0.24775	0.10392	0.07185	0.02932	0.01757	0.02983	0.01322	0.00924	0.00597	0.00602	0.00164	0.05104	0.00463	0.00321	0.06420
1	0.04275	0.01607	0.06763	0.05205	0.05133	0.22587	0.11635	0.01647	0.03726	0.01648	0.03894	0.02559	0.22732	0.00844	0.00636	0.00179	0.03211	0.00697	0.00373	0.00651
2	0.01308	0.08389	0.01979	0.09743	0.23444	0.01283	0.08255	0.01703	0.06334	0.01787	0.01105	0.01366	0.00905	0.00528	0.00581	0.00150	0.04431	0.00464	0.00313	0.25934
3	0.01639	0.31124	0.02438	0.07832	0.09768	0.19005	0.10435	0.06890	0.02816	0.01660	0.00978	0.01178	0.00808	0.00539	0.00495	0.00152	0.00769	0.00425	0.00295	0.00752
4	0.00746	0.00518	0.00672	0.00774	0.00826	0.00481	0.00519	0.00848	0.01111	0.03037	0.04594	0.66606	0.08161	0.07132	0.00873	0.00250	0.00347	0.01512	0.00524	0.00470
5	0.01199	0.01447	0.14323	0.11314	0.14028	0.01213	0.15096	0.01828	0.14171	0.01945	0.12778	0.02132	0.04572	0.00700	0.00607	0.00185	0.00655	0.00656	0.00388	0.00765
6	0.00795	0.00584	0.00744	0.00704	0.00845	0.00533	0.00528	0.01051	0.01584	0.02211	0.68283	0.04409	0.13194	0.01200	0.00675	0.00181	0.00272	0.01053	0.00619	0.00533
7	0.01447	0.50242	0.09253	0.14846	0.02020	0.01946	0.01208	0.06685	0.01256	0.01565	0.00893	0.01098	0.00755	0.00546	0.00502	0.00149	0.04206	0.00376	0.00269	0.00738
8	0.00726	0.00562	0.00667	0.00715	0.00843	0.00503	0.00529	0.00887	0.01285	0.01643	0.14789	0.28728	0.35902	0.01530	0.00704	0.00211	0.00324	0.08420	0.00545	0.00490
9	0.00708	0.00506	0.00674	0.00789	0.00832	0.00472	0.00532	0.00825	0.01147	0.01543	0.10418	0.72022	0.03944	0.01730	0.00725	0.00227	0.00326	0.01567	0.00541	0.00472
10	0.00734	0.00532	0.00696	0.00783	0.00855	0.00494	0.00553	0.00882	0.01231	0.01652	0.18040	0.53864	0.09380	0.01627	0.00719	0.00221	0.00330	0.06371	0.00551	0.00485
11	0.01491	0.72537	0.10369	0.01044	0.01569	0.02170	0.01092	0.01723	0.01167	0.01392	0.00818	0.00946	0.00733	0.00495	0.00385	0.00128	0.00635	0.00317	0.00244	0.00745
12	0.01199	0.01082	0.01746	0.10290	0.43876	0.01125	0.01326	0.01446	0.01155	0.01615	0.01361	0.05441	0.01336	0.18739	0.01161	0.00268	0.03418	0.02395	0.00310	0.00712
13	0.01447	0.01320	0.02100	0.01634	0.02014	0.07860	0.32365	0.08968	0.03843	0.08797	0.01809	0.21681	0.01699	0.00881	0.00653	0.00196	0.00713	0.00868	0.00428	0.00726
14	0.01080	0.01017	0.01716	0.78523	0.03940	0.01271	0.01589	0.01461	0.01144	0.01461	0.01017	0.01525	0.00762	0.00572	0.00572	0.00191	0.00762	0.00508	0.00254	0.00635
15	0.36852	0.01142	0.01090	0.00936	0.01283	0.01279	0.00755	0.12893	0.19334	0.08686	0.01480	0.01491	0.01095	0.00642	0.00464	0.00176	0.00459	0.00466	0.08718	0.00762
16	0.01459	0.01233	0.01405	0.01225	0.01556	0.01392	0.04532	0.11671	0.55984	0.02445	0.02219	0.05213	0.01764	0.00831	0.00602	0.00196	0.00499	0.04340	0.00562	0.00871
17	0.01080	0.01017	0.01716	0.78523	0.03940	0.01271	0.01589	0.01461	0.01144	0.01461	0.01017	0.01525	0.00762	0.00572	0.00572	0.00191	0.00762	0.00508	0.00254	0.00635
18	0.01138	0.00982	0.01292	0.09995	0.11296	0.00898	0.00901	0.03777	0.04650	0.01887	0.08486	0.05704	0.08944	0.00710	0.00533	0.00142	0.00472	0.00610	0.00395	0.37187
19	0.16393	0.18005	0.44373	0.01287	0.01938	0.01466	0.01529	0.01719	0.01160	0.01843	0.01173	0.01310	0.04425	0.00575	0.00480	0.00169	0.00697	0.00417	0.00277	0.00764
20	0.35540	0.01305	0.01333	0.05880	0.13740	0.08092	0.00960	0.08337	0.03294	0.02249	0.01063	0.03788	0.00882	0.00585	0.00463	0.00164	0.00564	0.00435	0.00361	0.10966

[dist]
# distance from previous block
# <min> <max>
4	8

[block]
# block no. 2 follows, 41 sequences, length 9
# corresponding to MSA columns:
# 554-558,560-563
name=unknown_C
#
# <colnr> <probs for GDERKNQSTAVLIFYWHMCP>
#	G	D	E	R	K	N	Q	S	T	A	V	L	I	F	Y	W	H	M	C	P
0	0.01130	0.00638	0.00823	0.00790	0.00965	0.00570	0.00586	0.01311	0.01391	0.18019	0.23792	0.30443	0.14632	0.01331	0.00673	0.00200	0.00342	0.01169	0.00597	0.00599
1	0.01688	0.12173	0.01708	0.04919	0.01679	0.03460	0.01030	0.27192	0.21192	0.05188	0.01676	0.01812	0.03262	0.00754	0.00664	0.00182	0.07041	0.03059	0.00483	0.00841
2	0.00838	0.00687	0.01053	0.00992	0.01157	0.00640	0.09701	0.01058	0.01309	0.01738	0.18343	0.29071	0.15371	0.01407	0.00714	0.00216	0.00426	0.14226	0.00521	0.00532
3	0.00694	0.00509	0.00652	0.00766	0.00822	0.00467	0.00517	0.00800	0.01125	0.01472	0.03526	0.69059	0.14008	0.01743	0.00722	0.00227	0.00326	0.01567	0.00531	0.00467
4	0.01644	0.01451	0.02094	0.01880	0.13628	0.06848	0.21076	0.24862	0.01757	0.05453	0.01475	0.09935	0.01272	0.03114	0.00683	0.00194	0.00717	0.00679	0.00424	0.00811
5	0.01255	0.10948	0.11008	0.01316	0.09345	0.01112	0.04793	0.01572	0.01206	0.01793	0.01004	0.01198	0.00825	0.00458	0.00459	0.00116	0.00553	0.00380	0.00307	0.50350
6	0.00717	0.00521	0.00688	0.00788	0.00839	0.00502	0.00538	0.00828	0.01075	0.01432	0.03072	0.60750	0.08597	0.05973	0.10468	0.00332	0.00490	0.01429	0.00494	0.00466
7	0.00776	0.00531	0.00657	0.00714	0.00754	0.00509	0.00462	0.00872	0.01079	0.01482	0.12481	0.39341	0.03300	0.28888	0.01468	0.00333	0.00398	0.01219	0.04300	0.00437
8	0.05285	0.11874	0.02080	0.01861	0.20350	0.04638	0.08995	0.18749	0.01661	0.13553	0.01361	0.01617	0.01057	0.00626	0.00553	0.00171	0.00658	0.03633	0.00424	0.00856

[dist]
# distance from previous block
# <min> <max>
3	112

[block]
# block no. 3 follows, 41 sequences, length 7
# corresponding to MSA columns:
# 682-688
name=unknown_D
#
# <colnr> <probs for GDERKNQSTAVLIFYWHMCP>
#	G	D	E	R	K	N	Q	S	T	A	V	L	I	F	Y	W	H	M	C	P
0	0.08847	0.01148	0.01103	0.00966	0.01238	0.09525	0.00753	0.15906	0.09113	0.05555	0.23665	0.05661	0.12313	0.00953	0.00597	0.00179	0.00474	0.00779	0.00538	0.00691
1	0.01530	0.01566	0.01658	0.22229	0.14862	0.22036	0.01251	0.07094	0.05269	0.01738	0.01084	0.01367	0.00869	0.00646	0.00631	0.04724	0.00744	0.00459	0.00320	0.09925
2	0.00738	0.00553	0.00685	0.00712	0.00826	0.00500	0.00511	0.00919	0.01362	0.01825	0.33856	0.30563	0.21954	0.01452	0.00694	0.00201	0.00296	0.01281	0.00572	0.00500
3	0.04648	0.01218	0.01511	0.06843	0.01702	0.04463	0.06767	0.25544	0.01645	0.06482	0.01421	0.10127	0.01242	0.00934	0.00861	0.10426	0.05461	0.00623	0.00430	0.07653
4	0.11240	0.00778	0.01117	0.07477	0.01387	0.00785	0.08843	0.01272	0.01139	0.07649	0.02188	0.36808	0.02329	0.08254	0.00828	0.00236	0.00480	0.01041	0.05584	0.00566
5	0.10049	0.00609	0.00703	0.00726	0.00797	0.00628	0.00484	0.00958	0.00995	0.01490	0.08255	0.23948	0.02588	0.34851	0.10077	0.00433	0.00565	0.00983	0.00417	0.00443
6	0.00975	0.00871	0.01229	0.05523	0.01322	0.01103	0.00927	0.01113	0.00983	0.01410	0.01804	0.32539	0.02030	0.01637	0.09307	0.00310	0.35036	0.00961	0.00368	0.00550

[dist]
# distance from previous block
# <min> <max>
0	5

[block]
# block no. 4 follows, 41 sequences, length 76
# corresponding to MSA columns:
# 700-704,716-719,728-772,774-795
name=unknown_E
#
# <colnr> <probs for GDERKNQSTAVLIFYWHMCP>
#	G	D	E	R	K	N	Q	S	T	A	V	L	I	F	Y	W	H	M	C	P
0	0.40419	0.13583	0.01606	0.09756	0.01723	0.04694	0.05578	0.10525	0.01278	0.02243	0.00916	0.01102	0.00721	0.00563	0.00485	0.00172	0.03211	0.00389	0.00342	0.00694
1	0.06964	0.01173	0.01491	0.10680	0.08384	0.04271	0.03251	0.09397	0.04562	0.25725	0.01527	0.01654	0.01111	0.04289	0.00647	0.00181	0.00579	0.00513	0.00472	0.13130
2	0.00835	0.00628	0.00757	0.00794	0.00914	0.00607	0.00580	0.04387	0.04244	0.01697	0.10923	0.34131	0.19966	0.06955	0.02999	0.00258	0.00401	0.07882	0.00526	0.00517
3	0.00853	0.00574	0.00724	0.00794	0.00874	0.00548	0.00548	0.04322	0.01207	0.03924	0.05422	0.60494	0.06330	0.04717	0.00781	0.00231	0.00352	0.01410	0.05391	0.00506
4	0.07421	0.01077	0.01046	0.00983	0.01160	0.12809	0.00744	0.10138	0.01269	0.01729	0.01592	0.11381	0.01558	0.10223	0.30986	0.00506	0.00976	0.00683	0.03143	0.00577
5	0.04421	0.01816	0.04697	0.21964	0.16623	0.31161	0.01347	0.01884	0.03839	0.01599	0.01112	0.04922	0.00947	0.00628	0.00548	0.00171	0.00814	0.00500	0.00302	0.00707
6	0.03201	0.00661	0.00789	0.00832	0.04384	0.00606	0.00584	0.01112	0.03383	0.06044	0.16248	0.13226	0.38525	0.01338	0.00728	0.03654	0.00345	0.03263	0.00531	0.00545
7	0.00758	0.00548	0.00690	0.00780	0.00851	0.00522	0.00539	0.00943	0.04233	0.01580	0.07655	0.57712	0.09900	0.04118	0.00774	0.00231	0.00340	0.03494	0.03844	0.00490
8	0.15808	0.01114	0.01438	0.07760	0.19336	0.01037	0.00997	0.01559	0.01173	0.01956	0.00992	0.01223	0.00814	0.00475	0.00457	0.00130	0.00515	0.00388	0.00321	0.42505
9	0.01324	0.01097	0.01363	0.01115	0.01391	0.01200	0.00906	0.16610	0.01366	0.01994	0.01158	0.01497	0.00992	0.01495	0.18219	0.00332	0.19741	0.00480	0.01775	0.25945
10	0.01114	0.01017	0.01547	0.53770	0.03116	0.01109	0.01298	0.01455	0.01157	0.01590	0.01017	0.01417	0.00789	0.00525	0.00525	0.00157	0.00654	0.00454	0.00281	0.27009
11	0.03906	0.00821	0.03350	0.00928	0.01167	0.00754	0.00746	0.01654	0.01306	0.27841	0.12029	0.15801	0.03360	0.04130	0.16536	0.00354	0.03278	0.00828	0.00531	0.00680
12	0.01809	0.01912	0.01629	0.12854	0.02033	0.37296	0.05534	0.16255	0.01693	0.01959	0.01136	0.01337	0.00884	0.00609	0.00531	0.00160	0.00815	0.00457	0.10387	0.00711
13	0.01147	0.02959	0.76934	0.01630	0.02476	0.01328	0.02113	0.01811	0.01208	0.01811	0.01026	0.01208	0.00725	0.00543	0.00543	0.00181	0.00845	0.00423	0.00242	0.00845
14	0.02110	0.00901	0.01192	0.00953	0.01324	0.00803	0.00772	0.02411	0.05606	0.56225	0.14920	0.02534	0.05969	0.00828	0.00598	0.00179	0.00438	0.00689	0.00679	0.00871
15	0.00745	0.00550	0.00649	0.00696	0.00778	0.00508	0.00475	0.00852	0.01136	0.01467	0.09017	0.29576	0.24048	0.21996	0.01282	0.00303	0.00382	0.04603	0.00490	0.00448
16	0.83938	0.01106	0.00841	0.00752	0.01106	0.01283	0.00619	0.01681	0.00973	0.02566	0.00796	0.00929	0.00619	0.00531	0.00354	0.00177	0.00442	0.00310	0.00354	0.00619
17	0.01108	0.00898	0.01022	0.00936	0.01163	0.00969	0.00718	0.02033	0.37480	0.02342	0.40157	0.03232	0.03620	0.00978	0.00630	0.00187	0.00359	0.00846	0.00606	0.00718
18	0.01029	0.00926	0.01694	0.01463	0.01727	0.00889	0.25144	0.01339	0.01293	0.01712	0.02428	0.16208	0.02566	0.01250	0.00743	0.00235	0.00641	0.37666	0.00449	0.00598
19	0.01251	0.01251	0.01752	0.01502	0.01502	0.01752	0.01251	0.01377	0.00876	0.01377	0.00751	0.01251	0.00751	0.01001	0.01877	0.00250	0.78851	0.00501	0.00250	0.00626
20	0.00874	0.00636	0.00859	0.00975	0.01106	0.00621	0.00831	0.01109	0.01297	0.01671	0.03374	0.12307	0.12166	0.01581	0.00771	0.00252	0.00482	0.58044	0.00528	0.00516
21	0.01416	0.01359	0.02322	0.03511	0.76330	0.01359	0.01755	0.01755	0.01302	0.01869	0.01076	0.01416	0.00906	0.00510	0.00566	0.00170	0.00680	0.00510	0.00283	0.00906
22	0.00999	0.00611	0.00700	0.00656	0.00838	0.00550	0.00494	0.01205	0.01380	0.09723	0.23466	0.04009	0.30016	0.04777	0.00711	0.00192	0.00312	0.00935	0.17871	0.00554
23	0.00783	0.00571	0.00759	0.00785	0.00858	0.00598	0.00557	0.00913	0.00993	0.01355	0.04813	0.18972	0.08970	0.21601	0.34182	0.00599	0.00894	0.00943	0.00394	0.00460
24	0.00748	0.00587	0.00679	0.00671	0.00836	0.00519	0.00513	0.00951	0.01431	0.01857	0.33705	0.05082	0.42378	0.01347	0.00684	0.00193	0.00299	0.06440	0.00570	0.00509
25	0.25344	0.01147	0.01234	0.00993	0.01377	0.01201	0.00813	0.23111	0.01753	0.25346	0.10550	0.01774	0.01545	0.00708	0.00524	0.00176	0.00489	0.00538	0.00558	0.00820
26	0.01529	0.80242	0.02997	0.00979	0.01468	0.02263	0.00979	0.01713	0.01162	0.01346	0.00795	0.00918	0.00734	0.00489	0.00367	0.00122	0.00612	0.00306	0.00245	0.00734
27	0.01628	0.53742	0.07924	0.01141	0.01609	0.10103	0.01098	0.10173	0.01377	0.01647	0.00886	0.01019	0.00762	0.00550	0.00489	0.00141	0.04310	0.00354	0.00288	0.00757
28	0.01074	0.03426	0.03510	0.07893	0.01477	0.00930	0.05138	0.01584	0.15971	0.04959	0.16131	0.19008	0.07025	0.04372	0.00757	0.00214	0.01684	0.03706	0.00498	0.00642
29	0.00914	0.00658	0.00787	0.00798	0.00928	0.00657	0.00579	0.04152	0.09903	0.01964	0.22617	0.34577	0.06673	0.01311	0.00649	0.00198	0.00331	0.01158	0.10581	0.00565
30	0.00709	0.00551	0.00646	0.00691	0.00814	0.00488	0.00496	0.00859	0.01276	0.01636	0.15985	0.33148	0.36397	0.01535	0.00698	0.00207	0.00306	0.02525	0.00547	0.00486
31	0.00708	0.00541	0.00645	0.00714	0.00814	0.00486	0.00502	0.00834	0.01195	0.01525	0.07469	0.42443	0.30885	0.04875	0.00800	0.00230	0.00330	0.04006	0.00528	0.00472
32	0.01834	0.01433	0.01525	0.01247	0.01644	0.01615	0.01005	0.42123	0.35543	0.03056	0.01805	0.01718	0.01323	0.00727	0.00577	0.00182	0.00549	0.00575	0.00577	0.00942
33	0.83938	0.01106	0.00841	0.00752	0.01106	0.01283	0.00619	0.01681	0.00973	0.02566	0.00796	0.00929	0.00619	0.00531	0.00354	0.00177	0.00442	0.00310	0.00354	0.00619
34	0.02566	0.00973	0.01327	0.01018	0.01460	0.00841	0.00841	0.02788	0.01637	0.76726	0.02257	0.01947	0.01416	0.00708	0.00575	0.00177	0.00487	0.00575	0.00708	0.00973
35	0.02137	0.02726	0.01621	0.01474	0.01768	0.77602	0.01105	0.02284	0.01621	0.01400	0.00884	0.01031	0.00737	0.00589	0.00516	0.00147	0.01031	0.00368	0.00295	0.00663
36	0.01035	0.00577	0.00701	0.00720	0.00831	0.00542	0.00503	0.01177	0.01157	0.10708	0.02657	0.35399	0.06472	0.13472	0.00965	0.00249	0.00367	0.01084	0.20858	0.00526
37	0.12093	0.01603	0.01605	0.01256	0.01693	0.05832	0.01031	0.61679	0.02423	0.03359	0.01277	0.01301	0.00917	0.00662	0.00543	0.00171	0.00629	0.00482	0.00531	0.00913
38	0.07666	0.36119	0.07174	0.10505	0.01855	0.08260	0.01107	0.06131	0.12823	0.01780	0.01117	0.01237	0.00900	0.00571	0.00461	0.00155	0.00645	0.00409	0.00329	0.00755
39	0.01673	0.11688	0.22766	0.01282	0.01837	0.06127	0.01283	0.27200	0.01760	0.05376	0.01184	0.01274	0.00878	0.00586	0.00513	0.00156	0.00671	0.00437	0.02901	0.10407
40	0.00817	0.00613	0.00919	0.00919	0.01021	0.00715	0.00715	0.01021	0.00919	0.01328	0.01532	0.02247	0.01430	0.04290	0.77631	0.00919	0.01532	0.00613	0.00306	0.00511
41	0.00774	0.00530	0.00641	0.00697	0.00711	0.00516	0.00425	0.00817	0.00944	0.01258	0.02376	0.35968	0.02804	0.46685	0.01984	0.00418	0.00460	0.01170	0.00425	0.00397
42	0.09604	0.01020	0.01258	0.20951	0.03426	0.01160	0.00978	0.08420	0.20610	0.02234	0.17356	0.02226	0.02051	0.00762	0.00564	0.00182	0.00502	0.00638	0.05344	0.00713
43	0.01920	0.11795	0.01880	0.01528	0.05837	0.49824	0.04503	0.07307	0.04629	0.01635	0.01011	0.01170	0.00832	0.00697	0.02890	0.00175	0.00921	0.00412	0.00320	0.00717
44	0.01080	0.01017	0.01716	0.78523	0.03940	0.01271	0.01589	0.01461	0.01144	0.01461	0.01017	0.01525	0.00762	0.00572	0.00572	0.00191	0.00762	0.00508	0.00254	0.00635
45	0.01287	0.01130	0.01963	0.01716	0.08812	0.01123	0.26252	0.01824	0.12759	0.07445	0.02041	0.02707	0.06578	0.01231	0.09997	0.00288	0.00783	0.10909	0.00418	0.00734
46	0.01529	0.80242	0.02997	0.00979	0.01468	0.02263	0.00979	0.01713	0.01162	0.01346	0.00795	0.00918	0.00734	0.00489	0.00367	0.00122	0.00612	0.00306	0.00245	0.00734
47	0.01080	0.01017	0.01716	0.78523	0.03940	0.01271	0.01589	0.01461	0.01144	0.01461	0.01017	0.01525	0.00762	0.00572	0.00572	0.00191	0.00762	0.00508	0.00254	0.00635
48	0.00902	0.00644	0.00901	0.00882	0.00983	0.00755	0.00689	0.01113	0.00975	0.01500	0.01543	0.02148	0.01387	0.03284	0.55758	0.00704	0.07068	0.00588	0.17653	0.00524
49	0.00809	0.00583	0.00736	0.00790	0.00879	0.00563	0.00588	0.00960	0.01175	0.01548	0.11929	0.17518	0.13279	0.21503	0.04483	0.00339	0.00479	0.20886	0.00486	0.00465
50	0.00745	0.00544	0.00702	0.00750	0.00841	0.00501	0.00533	0.00922	0.01333	0.01814	0.33226	0.40613	0.10977	0.01502	0.00704	0.00208	0.00306	0.02709	0.00571	0.00498
51	0.00716	0.00568	0.00644	0.00653	0.00804	0.00496	0.00479	0.00889	0.01358	0.01739	0.24827	0.16921	0.45030	0.01426	0.00684	0.00196	0.00291	0.01226	0.00558	0.00496
52	0.01355	0.11607	0.28303	0.22331	0.07262	0.13340	0.04655	0.01777	0.01261	0.01601	0.00982	0.01257	0.00755	0.00547	0.00532	0.00171	0.00818	0.00439	0.00258	0.00748
53	0.01939	0.26403	0.02022	0.01235	0.01627	0.31552	0.01028	0.18192	0.01704	0.05032	0.01055	0.01147	0.00841	0.00588	0.00481	0.00146	0.00764	0.00396	0.03088	0.00763
54	0.01321	0.01275	0.07904	0.13564	0.30413	0.01115	0.03885	0.01652	0.01257	0.07384	0.01325	0.08267	0.01148	0.00632	0.00557	0.00164	0.00621	0.00578	0.00340	0.16599
55	0.01165	0.00812	0.01072	0.00975	0.01155	0.00812	0.04884	0.09537	0.04393	0.08976	0.02474	0.36178	0.05439	0.13045	0.01040	0.00259	0.03045	0.01091	0.00498	0.03150
56	0.00743	0.00520	0.00660	0.00743	0.00774	0.00495	0.00481	0.00827	0.01061	0.01425	0.08248	0.52878	0.03432	0.23388	0.01330	0.00318	0.00389	0.01362	0.00487	0.00438
57	0.02485	0.01075	0.01387	0.01066	0.01509	0.00995	0.00880	0.13859	0.03116	0.64102	0.02121	0.01862	0.01353	0.00706	0.00575	0.00176	0.00508	0.00567	0.00685	0.00972
58	0.01701	0.58370	0.02609	0.01118	0.01553	0.23521	0.01014	0.01874	0.01292	0.01361	0.00820	0.00950	0.00735	0.00518	0.00409	0.00129	0.00730	0.00323	0.00259	0.00714
59	0.01840	0.01049	0.01255	0.01036	0.01358	0.01056	0.00819	0.27253	0.01861	0.26819	0.08103	0.17204	0.02079	0.04630	0.00721	0.00204	0.00492	0.00809	0.00603	0.00809
60	0.01053	0.00647	0.00837	0.00826	0.01003	0.00592	0.00654	0.01270	0.01426	0.12731	0.25915	0.14319	0.16949	0.01330	0.00695	0.00208	0.00374	0.18006	0.00586	0.00580
61	0.01245	0.15337	0.04171	0.04392	0.01550	0.01674	0.01164	0.01419	0.00963	0.01409	0.00888	0.01323	0.00835	0.01173	0.08505	0.00281	0.49532	0.00475	0.03026	0.00638
62	0.01535	0.01428	0.04242	0.13840	0.22578	0.07069	0.01316	0.09559	0.25033	0.05225	0.01529	0.01644	0.01161	0.00637	0.00569	0.00180	0.00639	0.00543	0.00420	0.00853
63	0.00699	0.00567	0.00608	0.00624	0.00778	0.00489	0.00451	0.00837	0.01268	0.01562	0.10417	0.15873	0.55872	0.06368	0.00823	0.00220	0.00311	0.01231	0.00527	0.00476
64	0.00766	0.00573	0.00711	0.00698	0.00833	0.00518	0.00515	0.00987	0.01484	0.02024	0.51411	0.13956	0.20801	0.01309	0.00682	0.00189	0.00282	0.01147	0.00596	0.00518
65	0.05394	0.01735	0.01785	0.06312	0.15545	0.27943	0.06656	0.05181	0.01535	0.20473	0.01307	0.01408	0.00954	0.00597	0.00551	0.00167	0.00769	0.00481	0.00407	0.00803
66	0.03320	0.01061	0.01194	0.01020	0.01355	0.01129	0.00809	0.06707	0.36710	0.23584	0.02149	0.02014	0.01541	0.00729	0.00545	0.00178	0.00442	0.00594	0.14057	0.00862
67	0.01115	0.00677	0.00835	0.00772	0.00966	0.00625	0.00587	0.01367	0.04479	0.15060	0.26849	0.07176	0.21741	0.08332	0.03312	0.00246	0.00401	0.04293	0.00572	0.00595
68	0.07509	0.01736	0.16059	0.02092	0.02696	0.01389	0.53039	0.01857	0.01309	0.04972	0.01153	0.01455	0.00847	0.00506	0.00624	0.00189	0.00885	0.00599	0.00303	0.00781
69	0.06607	0.02637	0.03121	0.07817	0.14118	0.09051	0.06581	0.06810	0.17349	0.17731	0.01571	0.01617	0.01143	0.00632	0.00559	0.00178	0.00639	0.00534	0.00457	0.00847
70	0.07477	0.00863	0.01130	0.01080	0.01258	0.00951	0.00915	0.01502	0.01251	0.14280	0.02479	0.04114	0.08170	0.01223	0.00940	0.00234	0.16913	0.34107	0.00487	0.00626
71	0.02257	0.01470	0.01635	0.01253	0.01708	0.01578	0.01035	0.59398	0.02469	0.18941	0.01559	0.01494	0.01066	0.00691	0.00573	0.00173	0.00599	0.00528	0.00601	0.00973
72	0.00830	0.00561	0.00658	0.00658	0.00669	0.00573	0.00389	0.00854	0.00842	0.01134	0.01771	0.03572	0.02005	0.71240	0.11468	0.00596	0.00666	0.00807	0.00342	0.00365
73	0.01481	0.01384	0.06172	0.22512	0.17444	0.01442	0.01373	0.18249	0.19735	0.02273	0.01431	0.01600	0.01078	0.00633	0.00572	0.00182	0.00645	0.00539	0.00411	0.00844
74	0.00848	0.00588	0.00762	0.00828	0.00916	0.00572	0.00580	0.01094	0.06702	0.04743	0.12965	0.57051	0.03657	0.01690	0.03903	0.00249	0.00389	0.01387	0.00546	0.00531
75	0.01424	0.04347	0.01325	0.06949	0.01560	0.25085	0.00921	0.01944	0.18892	0.01750	0.08277	0.15523	0.01951	0.00911	0.00633	0.00182	0.03764	0.00734	0.03157	0.00669

[dist]
# distance from previous block
# <min> <max>
0	1

[block]
# block no. 5 follows, 41 sequences, length 7
# corresponding to MSA columns:
# 797-803
name=unknown_F
#
# <colnr> <probs for GDERKNQSTAVLIFYWHMCP>
#	G	D	E	R	K	N	Q	S	T	A	V	L	I	F	Y	W	H	M	C	P
0	0.01629	0.25671	0.02088	0.06096	0.13069	0.13096	0.01137	0.09622	0.01416	0.05038	0.01053	0.01244	0.00863	0.00592	0.00593	0.00155	0.07164	0.00422	0.04686	0.04365
1	0.03103	0.01144	0.04629	0.06064	0.06717	0.06713	0.04155	0.06857	0.01361	0.12443	0.01976	0.27089	0.01966	0.01042	0.00687	0.00196	0.04684	0.03655	0.00455	0.05065
2	0.06050	0.01604	0.14104	0.07329	0.02166	0.01443	0.16516	0.13930	0.16025	0.02208	0.01330	0.01498	0.01002	0.00633	0.00679	0.00186	0.07186	0.00537	0.00386	0.05186
3	0.01013	0.01044	0.07040	0.12158	0.01793	0.00937	0.11157	0.01443	0.08839	0.01743	0.11790	0.06840	0.12086	0.07438	0.06129	0.00267	0.00628	0.02238	0.00414	0.05004
4	0.01303	0.04500	0.16819	0.06442	0.05496	0.01408	0.30905	0.06730	0.03118	0.01888	0.04315	0.01658	0.03009	0.00703	0.02427	0.00206	0.07390	0.00597	0.00320	0.00764
5	0.06166	0.00818	0.01405	0.09816	0.01610	0.00831	0.16066	0.01140	0.01025	0.01455	0.06838	0.08276	0.01481	0.01346	0.01364	0.38333	0.00590	0.00658	0.00316	0.00464
6	0.05902	0.19361	0.05972	0.04005	0.05827	0.05579	0.17521	0.06154	0.01335	0.01829	0.05946	0.01510	0.02590	0.00611	0.00628	0.00165	0.06632	0.00511	0.00325	0.07599

[dist]
# distance from previous block
# <min> <max>
63	316

[block]
# block no. 6 follows, 41 sequences, length 32
# corresponding to MSA columns:
# 1271-1302
name=unknown_G
#
# <colnr> <probs for GDERKNQSTAVLIFYWHMCP>
#	G	D	E	R	K	N	Q	S	T	A	V	L	I	F	Y	W	H	M	C	P
0	0.06606	0.12294	0.05318	0.04685	0.07935	0.23597	0.01125	0.09455	0.04325	0.04831	0.01332	0.01878	0.01162	0.00705	0.00537	0.00169	0.00721	0.09564	0.00373	0.03387
1	0.11390	0.01704	0.21955	0.01787	0.19563	0.01317	0.01400	0.11858	0.04936	0.02156	0.01190	0.03524	0.00962	0.00747	0.03487	0.00201	0.03298	0.00490	0.00346	0.07689
2	0.21526	0.05300	0.13109	0.01251	0.05812	0.04442	0.01079	0.19241	0.01504	0.02363	0.02761	0.04757	0.01083	0.00872	0.04835	0.00216	0.03631	0.00500	0.04974	0.00745
3	0.00834	0.00606	0.00746	0.00743	0.00884	0.00573	0.00553	0.00997	0.01197	0.03963	0.12493	0.11419	0.26913	0.12115	0.15595	0.00382	0.00589	0.06102	0.00477	0.02817
4	0.01001	0.00618	0.00684	0.00701	0.00833	0.00632	0.00516	0.01397	0.10606	0.01997	0.06528	0.21751	0.02346	0.01010	0.00530	0.00171	0.00312	0.02350	0.45452	0.00563
5	0.01085	0.00907	0.01114	0.10818	0.01506	0.01030	0.00839	0.03087	0.27547	0.01850	0.07060	0.16966	0.06517	0.07366	0.05148	0.00271	0.04877	0.00872	0.00479	0.00661
6	0.00753	0.00562	0.00668	0.00676	0.00787	0.00512	0.00475	0.00911	0.01300	0.01724	0.29727	0.18228	0.25376	0.14479	0.01058	0.00256	0.00334	0.01159	0.00536	0.00477
7	0.01316	0.05244	0.32564	0.03863	0.10938	0.01319	0.01539	0.12154	0.07664	0.02066	0.01528	0.05408	0.01328	0.00764	0.00586	0.00190	0.00686	0.09662	0.00372	0.00808
8	0.00691	0.00521	0.00640	0.00735	0.00813	0.00470	0.00504	0.00803	0.01154	0.01484	0.03903	0.58488	0.24335	0.01694	0.00715	0.00221	0.00320	0.01507	0.00531	0.00470
9	0.09983	0.01003	0.01139	0.00933	0.01267	0.01013	0.00744	0.15498	0.06871	0.29859	0.02001	0.02081	0.04393	0.07534	0.00732	0.00204	0.00471	0.00585	0.12892	0.00794
10	0.00769	0.00546	0.00713	0.00776	0.00845	0.00517	0.00547	0.00923	0.01240	0.01690	0.24896	0.40371	0.04006	0.11500	0.00996	0.00260	0.00360	0.08031	0.00537	0.00478
11	0.01341	0.01516	0.03223	0.02326	0.02850	0.01475	0.67417	0.01790	0.01306	0.01790	0.01119	0.01516	0.00857	0.00531	0.00788	0.00198	0.08258	0.00659	0.00286	0.00758
12	0.01607	0.00790	0.00972	0.00858	0.01106	0.00752	0.00663	0.09344	0.01480	0.28305	0.02307	0.23361	0.02037	0.00994	0.00571	0.00180	0.00400	0.00848	0.22711	0.00715
13	0.57694	0.01076	0.00956	0.00789	0.01190	0.01121	0.00645	0.01661	0.01060	0.05449	0.00918	0.01042	0.00715	0.00509	0.00382	0.00151	0.00439	0.00329	0.00364	0.23509
14	0.00832	0.00555	0.00624	0.00624	0.00624	0.00555	0.00347	0.00832	0.00832	0.01109	0.01802	0.03743	0.02080	0.79898	0.02911	0.00555	0.00555	0.00832	0.00347	0.00347
15	0.01890	0.01237	0.01398	0.01138	0.01516	0.01323	0.00917	0.29183	0.23580	0.19563	0.10224	0.02050	0.01795	0.00772	0.00587	0.00180	0.00505	0.00625	0.00612	0.00905
16	0.01167	0.16056	0.08913	0.08367	0.05712	0.01239	0.01013	0.06817	0.04313	0.01739	0.02294	0.05450	0.17931	0.01120	0.06439	0.00231	0.04366	0.00678	0.05487	0.00668
17	0.01186	0.01017	0.01186	0.00847	0.01356	0.00762	0.00678	0.01440	0.01186	0.01864	0.01017	0.01186	0.00847	0.00424	0.00424	0.00085	0.00424	0.00339	0.00339	0.83395
18	0.01263	0.01014	0.01194	0.00857	0.01361	0.00767	0.00687	0.01515	0.01211	0.06017	0.01085	0.01228	0.00879	0.00439	0.00432	0.00090	0.00427	0.00352	0.00359	0.78822
19	0.00729	0.00571	0.00616	0.00628	0.00760	0.00507	0.00442	0.00846	0.01193	0.01478	0.07943	0.10342	0.47668	0.19926	0.01210	0.00283	0.00362	0.03550	0.00492	0.00454
20	0.01068	0.03726	0.05079	0.23020	0.02140	0.04282	0.06359	0.01427	0.04363	0.01528	0.01546	0.02496	0.01418	0.03321	0.24593	0.00430	0.00974	0.11288	0.00330	0.00611
21	0.20193	0.40538	0.02612	0.01323	0.01806	0.01815	0.21133	0.01739	0.01171	0.01757	0.00895	0.01093	0.00745	0.00497	0.00449	0.00154	0.00671	0.00409	0.00282	0.00718
22	0.13579	0.19668	0.22552	0.01424	0.01954	0.01454	0.17816	0.01648	0.01181	0.01779	0.01233	0.10904	0.01123	0.00670	0.00528	0.00176	0.00695	0.00586	0.00306	0.00722
23	0.01598	0.04329	0.22670	0.01286	0.01789	0.01268	0.04131	0.14622	0.13141	0.15691	0.08554	0.01850	0.01526	0.00852	0.03929	0.00211	0.00655	0.00573	0.00477	0.00850
24	0.01297	0.17118	0.07654	0.07451	0.01629	0.12925	0.02959	0.02710	0.05373	0.01590	0.04085	0.09153	0.02643	0.01074	0.03941	0.06140	0.00677	0.07852	0.03097	0.00632
25	0.00853	0.00610	0.00840	0.00950	0.01058	0.00597	0.00780	0.01078	0.01301	0.01723	0.12126	0.23855	0.03672	0.01580	0.00761	0.00245	0.00448	0.46469	0.00541	0.00513
26	0.00840	0.00557	0.00709	0.00790	0.00869	0.00530	0.00547	0.01032	0.04296	0.04669	0.06200	0.61569	0.05004	0.01573	0.00685	0.00217	0.00334	0.01413	0.07652	0.00514
27	0.01225	0.14595	0.46812	0.04824	0.08655	0.01469	0.04517	0.01726	0.01186	0.01692	0.01010	0.01253	0.00780	0.00712	0.03934	0.00207	0.03917	0.00436	0.00251	0.00799
28	0.01451	0.18647	0.21582	0.18862	0.02342	0.18054	0.01423	0.04792	0.01339	0.01608	0.01157	0.01365	0.03876	0.00592	0.00513	0.00164	0.00786	0.00442	0.00282	0.00725
29	0.00796	0.00559	0.00712	0.00773	0.00858	0.00527	0.00558	0.00915	0.02635	0.01518	0.09768	0.32940	0.17280	0.04893	0.01034	0.12642	0.00379	0.10268	0.00490	0.00454
30	0.00801	0.00572	0.00753	0.00827	0.00898	0.00579	0.00606	0.00954	0.01132	0.01567	0.06333	0.43249	0.06332	0.04484	0.08462	0.00303	0.03585	0.10305	0.07768	0.00490
31	0.04040	0.04125	0.05953	0.01860	0.24767	0.01059	0.07410	0.03865	0.01330	0.08116	0.04603	0.16960	0.08209	0.00930	0.00616	0.00190	0.00564	0.04253	0.00419	0.00732

[dist]
# distance from previous block
# <min> <max>
0	68

[block]
# block no. 7 follows, 41 sequences, length 33
# corresponding to MSA columns:
# 1516-1548
name=unknown_H
#
# <colnr> <probs for GDERKNQSTAVLIFYWHMCP>
#	G	D	E	R	K	N	Q	S	T	A	V	L	I	F	Y	W	H	M	C	P
0	0.07276	0.01755	0.05564	0.07787	0.10482	0.26359	0.06177	0.08962	0.01566	0.05224	0.11888	0.01694	0.01484	0.00663	0.00558	0.00169	0.00742	0.00535	0.00385	0.00729
1	0.01207	0.00910	0.04371	0.01100	0.07176	0.00839	0.00806	0.08246	0.03363	0.11074	0.11171	0.06825	0.16113	0.07394	0.16426	0.00361	0.00677	0.00812	0.00478	0.00652
2	0.01618	0.07752	0.14383	0.15862	0.11345	0.02224	0.01302	0.02001	0.04101	0.23722	0.01530	0.05588	0.01161	0.00657	0.00552	0.00174	0.00628	0.00551	0.00419	0.04428
3	0.05373	0.01287	0.01814	0.13547	0.35837	0.03761	0.01360	0.07644	0.08287	0.02022	0.01201	0.01450	0.00957	0.00555	0.00536	0.00164	0.00626	0.00489	0.02419	0.10673
4	0.13081	0.01033	0.04324	0.06340	0.01462	0.01067	0.00882	0.12170	0.07153	0.09124	0.01666	0.11173	0.01480	0.03182	0.21465	0.00394	0.02222	0.00664	0.00432	0.00685
5	0.39819	0.19934	0.01505	0.00932	0.01303	0.10888	0.00792	0.08847	0.01283	0.02202	0.00949	0.01079	0.00764	0.00554	0.00402	0.00156	0.00559	0.00354	0.06997	0.00679
6	0.01114	0.01065	0.01791	0.01431	0.01694	0.01120	0.23289	0.04949	0.01213	0.01668	0.02010	0.13365	0.10713	0.04600	0.08298	0.00287	0.15609	0.00822	0.00367	0.04593
7	0.03436	0.01501	0.01864	0.03474	0.01929	0.02837	0.11017	0.48796	0.02198	0.06698	0.01315	0.01397	0.00949	0.00639	0.00602	0.00170	0.02616	0.00519	0.00497	0.07547
8	0.00945	0.00617	0.00778	0.00789	0.00928	0.00574	0.00579	0.01176	0.04439	0.08879	0.22067	0.33379	0.14617	0.03161	0.00738	0.00215	0.00344	0.04651	0.00571	0.00554
9	0.00869	0.00614	0.00748	0.00728	0.00877	0.00567	0.00535	0.01127	0.04647	0.05382	0.38060	0.16490	0.21207	0.04609	0.00769	0.00208	0.00315	0.01124	0.00580	0.00542
10	0.00714	0.00552	0.00651	0.00687	0.00811	0.00490	0.00492	0.00872	0.01304	0.01688	0.21036	0.31047	0.34596	0.01504	0.00695	0.00204	0.00300	0.01314	0.00554	0.00490
11	0.02461	0.01143	0.01432	0.01098	0.01545	0.01092	0.00907	0.22083	0.01921	0.57030	0.02019	0.01792	0.01297	0.00702	0.00574	0.00176	0.00525	0.00559	0.00671	0.00973
12	0.01967	0.01499	0.01600	0.01274	0.01695	0.01677	0.01037	0.54761	0.22688	0.03271	0.01636	0.01583	0.01186	0.00711	0.00575	0.00178	0.00581	0.00551	0.00575	0.00954
13	0.17798	0.01104	0.01227	0.00936	0.01391	0.01023	0.00764	0.11921	0.01465	0.20845	0.01331	0.01351	0.00962	0.00552	0.00468	0.00138	0.00471	0.00416	0.00466	0.35370
14	0.00817	0.00613	0.00919	0.00919	0.01021	0.00715	0.00715	0.01021	0.00919	0.01328	0.01532	0.02247	0.01430	0.04290	0.77631	0.00919	0.01532	0.00613	0.00306	0.00511
15	0.00716	0.00510	0.00680	0.00810	0.00849	0.00480	0.00553	0.00824	0.01104	0.01469	0.03110	0.72595	0.03707	0.03736	0.00789	0.00243	0.00351	0.06482	0.00526	0.00466
16	0.02065	0.02607	0.01631	0.01476	0.01747	0.71499	0.01117	0.02211	0.01561	0.01398	0.00873	0.01049	0.00738	0.00623	0.00625	0.00156	0.07292	0.00379	0.00291	0.00660
17	0.00808	0.00544	0.00631	0.00655	0.00661	0.00539	0.00379	0.00826	0.00879	0.01172	0.02043	0.17250	0.02383	0.65977	0.02523	0.00497	0.00515	0.00973	0.00379	0.00368
18	0.01291	0.01111	0.01234	0.00988	0.01414	0.01055	0.00779	0.02149	0.34027	0.02098	0.01598	0.01606	0.01246	0.00580	0.00494	0.00133	0.00436	0.00475	0.00447	0.46840
19	0.01493	0.20477	0.12959	0.01516	0.12128	0.08495	0.02444	0.05478	0.07128	0.07269	0.04886	0.06370	0.01443	0.00729	0.00542	0.00170	0.00643	0.04674	0.00382	0.00774
20	0.01549	0.06766	0.10970	0.25578	0.02386	0.14630	0.01261	0.01893	0.03111	0.13886	0.01413	0.01577	0.04011	0.00616	0.00537	0.00166	0.00708	0.00488	0.00360	0.08094
