[name]
unknown

[dist]
# distance from previous block
# <min> <max>
13	350

[block]
# block no. 0 follows, 39 sequences, length 22
# corresponding to MSA columns:
# 499-520
name=unknown_A
#
# <colnr> <probs for GDERKNQSTAVLIFYWHMCP>
#	G	D	E	R	K	N	Q	S	T	A	V	L	I	F	Y	W	H	M	C	P
0	0.01371	0.01076	0.01240	0.06630	0.05685	0.08922	0.00887	0.03635	0.01319	0.11534	0.01971	0.13348	0.06164	0.01599	0.15720	0.00326	0.01864	0.00728	0.01649	0.14331
1	0.12385	0.08447	0.17472	0.04025	0.01671	0.01261	0.01116	0.07431	0.10090	0.08564	0.15120	0.02120	0.04336	0.00758	0.00557	0.00180	0.00557	0.00604	0.00462	0.02846
2	0.08494	0.01045	0.03659	0.05829	0.04093	0.02056	0.02533	0.12869	0.05646	0.02129	0.09957	0.12925	0.14004	0.09343	0.00876	0.00234	0.00506	0.00873	0.00482	0.02447
3	0.03580	0.07878	0.01214	0.00938	0.01183	0.01048	0.00738	0.17157	0.01526	0.08444	0.02122	0.18533	0.04818	0.06358	0.10866	0.00310	0.00622	0.00824	0.11163	0.00678
4	0.04308	0.01630	0.06171	0.01623	0.07008	0.12075	0.12995	0.13361	0.01669	0.21333	0.01430	0.01512	0.01021	0.00638	0.00651	0.00177	0.04676	0.00528	0.00458	0.06735
5	0.12785	0.01459	0.08989	0.01103	0.01590	0.09070	0.00975	0.04639	0.01489	0.32136	0.01541	0.01503	0.01063	0.00612	0.00520	0.00159	0.00586	0.00464	0.00501	0.18815
6	0.08742	0.53791	0.02407	0.00976	0.01402	0.01921	0.00911	0.01827	0.09033	0.01749	0.10872	0.01544	0.01500	0.00635	0.00444	0.00147	0.00552	0.00454	0.00353	0.00741
7	0.05336	0.01571	0.10003	0.11877	0.02346	0.01497	0.15787	0.26860	0.04132	0.04217	0.03013	0.01593	0.01073	0.00863	0.04975	0.00233	0.02797	0.00568	0.00422	0.00837
8	0.08243	0.00907	0.05083	0.00822	0.01054	0.03099	0.00670	0.03463	0.04360	0.02000	0.23030	0.13974	0.28623	0.01250	0.00656	0.00197	0.00388	0.01056	0.00539	0.00586
9	0.01062	0.00857	0.01097	0.00963	0.01185	0.00878	0.04606	0.12606	0.01537	0.02038	0.16078	0.06416	0.27956	0.01785	0.14384	0.00332	0.04151	0.00945	0.00506	0.00618
10	0.08917	0.05329	0.09251	0.01797	0.16679	0.15490	0.01310	0.01902	0.01286	0.09100	0.01096	0.01340	0.00886	0.00802	0.03385	0.00212	0.17016	0.00465	0.00334	0.03403
11	0.01152	0.01736	0.29404	0.11758	0.12110	0.01165	0.02632	0.01559	0.01182	0.01728	0.01420	0.01955	0.03456	0.12083	0.00995	0.00243	0.05109	0.00569	0.09025	0.00718
12	0.01264	0.01085	0.01405	0.05147	0.14747	0.01070	0.00988	0.04715	0.18830	0.02073	0.05953	0.13451	0.01837	0.00817	0.00580	0.00168	0.00495	0.00716	0.00453	0.24208
13	0.00935	0.00707	0.00946	0.11105	0.01389	0.00735	0.00755	0.08644	0.01314	0.01745	0.02771	0.60342	0.03188	0.01564	0.00716	0.00228	0.00435	0.01406	0.00515	0.00560
14	0.05957	0.08093	0.01726	0.26707	0.11961	0.04257	0.01266	0.01832	0.14316	0.01784	0.01479	0.09755	0.01309	0.00777	0.00673	0.00195	0.06178	0.00638	0.00364	0.00733
15	0.01658	0.04546	0.02201	0.18982	0.21073	0.08797	0.11008	0.20421	0.01715	0.02232	0.01160	0.01437	0.00893	0.00592	0.00590	0.00180	0.00779	0.00529	0.00364	0.00843
16	0.00868	0.00678	0.01050	0.00981	0.01098	0.00639	0.10172	0.00970	0.01098	0.01448	0.02761	0.38209	0.10287	0.16692	0.01345	0.09069	0.00488	0.01222	0.00448	0.00477
17	0.01484	0.00935	0.01469	0.01358	0.09281	0.00856	0.10444	0.01774	0.01579	0.23188	0.30555	0.03156	0.09486	0.00932	0.00656	0.00187	0.00485	0.00843	0.00580	0.00753
18	0.08177	0.00618	0.00681	0.00692	0.00732	0.00634	0.00423	0.00940	0.00912	0.01337	0.01946	0.13512	0.02225	0.59235	0.05156	0.00508	0.00569	0.00913	0.00383	0.00406
19	0.40553	0.00976	0.01156	0.01017	0.01304	0.01034	0.10277	0.01435	0.01151	0.02161	0.04868	0.20679	0.06441	0.00989	0.00557	0.00204	0.00488	0.03671	0.00432	0.00606
20	0.01837	0.01425	0.01790	0.01406	0.01810	0.01525	0.10609	0.49843	0.02275	0.03051	0.01749	0.16551	0.01558	0.00905	0.00638	0.00193	0.00637	0.00779	0.00544	0.00876
21	0.01134	0.00750	0.01026	0.00896	0.01101	0.00751	0.10166	0.01544	0.07757	0.02114	0.02016	0.10267	0.01714	0.00797	0.00504	0.00162	0.00396	0.00701	0.55592	0.00611

[dist]
# distance from previous block
# <min> <max>
2	46

[block]
# block no. 1 follows, 39 sequences, length 9
# corresponding to MSA columns:
# 585-593
name=unknown_B
#
# <colnr> <probs for GDERKNQSTAVLIFYWHMCP>
#	G	D	E	R	K	N	Q	S	T	A	V	L	I	F	Y	W	H	M	C	P
0	0.08363	0.01533	0.14636	0.08796	0.11335	0.01272	0.13386	0.06642	0.06514	0.11035	0.01568	0.09524	0.01296	0.00729	0.00603	0.00194	0.00687	0.00660	0.00411	0.00818
1	0.01517	0.06970	0.24404	0.15598	0.21502	0.01436	0.01684	0.09285	0.01458	0.08825	0.01212	0.01431	0.00898	0.00585	0.00567	0.00181	0.00741	0.00493	0.00343	0.00870
2	0.01205	0.07070	0.06804	0.08327	0.07557	0.01259	0.16804	0.01778	0.14139	0.01791	0.02048	0.02320	0.10758	0.03545	0.11678	0.00311	0.00810	0.00686	0.00379	0.00732
3	0.01661	0.09921	0.02301	0.04076	0.29329	0.12038	0.08270	0.12522	0.01539	0.02002	0.01067	0.01343	0.00878	0.00622	0.00727	0.00180	0.09852	0.00500	0.00331	0.00840
4	0.01176	0.01005	0.01285	0.01152	0.08380	0.00838	0.00814	0.01437	0.01185	0.01821	0.01159	0.01459	0.00997	0.01214	0.15126	0.00262	0.00683	0.00422	0.00338	0.59248
5	0.01473	0.29498	0.09547	0.09843	0.02353	0.06664	0.21448	0.01960	0.08489	0.01700	0.01136	0.01357	0.00903	0.00554	0.00540	0.00169	0.00786	0.00496	0.00304	0.00782
6	0.09076	0.01058	0.08166	0.01021	0.01338	0.00881	0.00875	0.01903	0.09252	0.24029	0.02551	0.25200	0.05020	0.01132	0.00638	0.00209	0.00478	0.05865	0.00564	0.00744
7	0.01108	0.00710	0.01106	0.01025	0.01160	0.00697	0.07557	0.01187	0.01088	0.07636	0.01963	0.11567	0.02012	0.12503	0.09723	0.23528	0.00669	0.13862	0.00407	0.00492
8	0.00942	0.00829	0.00932	0.01117	0.08970	0.07001	0.00689	0.01070	0.01201	0.01513	0.03137	0.39033	0.16502	0.13037	0.01043	0.00268	0.00469	0.01244	0.00472	0.00532

[dist]
# distance from previous block
# <min> <max>
0	1

[block]
# block no. 2 follows, 39 sequences, length 7
# corresponding to MSA columns:
# 595-601
name=unknown_C
#
# <colnr> <probs for GDERKNQSTAVLIFYWHMCP>
#	G	D	E	R	K	N	Q	S	T	A	V	L	I	F	Y	W	H	M	C	P
0	0.01063	0.00954	0.01487	0.01265	0.01540	0.00960	0.16658	0.01609	0.15178	0.01887	0.09739	0.09022	0.14662	0.01555	0.10903	0.00311	0.00687	0.09376	0.00482	0.00661
1	0.65405	0.01243	0.01444	0.01154	0.01571	0.01364	0.16599	0.01773	0.01092	0.02487	0.00905	0.01100	0.00697	0.00538	0.00439	0.00187	0.00576	0.00403	0.00351	0.00675
2	0.01325	0.43141	0.02573	0.01236	0.01687	0.01704	0.16751	0.01572	0.01280	0.01552	0.02169	0.02251	0.19026	0.00747	0.00527	0.00160	0.00631	0.00628	0.00336	0.00704
3	0.01711	0.27280	0.01917	0.01119	0.01480	0.16952	0.00947	0.08637	0.01469	0.10664	0.01529	0.01687	0.05382	0.01381	0.15052	0.00305	0.00869	0.00499	0.00383	0.00738
4	0.11102	0.00975	0.01069	0.00974	0.01163	0.01118	0.00739	0.01823	0.25316	0.01984	0.10487	0.02850	0.08672	0.17427	0.01279	0.00283	0.10857	0.00744	0.00477	0.00657
5	0.01020	0.00816	0.01043	0.00982	0.01186	0.00878	0.00756	0.01546	0.17134	0.01704	0.01879	0.10622	0.01739	0.02817	0.41472	0.00592	0.01048	0.00719	0.00410	0.11638
6	0.01645	0.01269	0.01900	0.01670	0.09992	0.01291	0.16876	0.15439	0.14266	0.11841	0.11534	0.02115	0.01809	0.00728	0.00622	0.00186	0.00613	0.00672	0.04673	0.00858

[dist]
# distance from previous block
# <min> <max>
0	7

[block]
# block no. 3 follows, 39 sequences, length 19
# corresponding to MSA columns:
# 609-627
name=unknown_D
#
# <colnr> <probs for GDERKNQSTAVLIFYWHMCP>
#	G	D	E	R	K	N	Q	S	T	A	V	L	I	F	Y	W	H	M	C	P
0	0.01822	0.05480	0.07378	0.02845	0.15088	0.01335	0.03711	0.10307	0.07734	0.23629	0.06245	0.01815	0.01423	0.00721	0.00711	0.00188	0.07602	0.00581	0.00494	0.00892
1	0.01524	0.00790	0.00898	0.00776	0.01020	0.00781	0.00611	0.11011	0.01578	0.16819	0.10267	0.02317	0.01901	0.00759	0.00504	0.00157	0.00369	0.00616	0.46603	0.00700
2	0.00831	0.00656	0.00939	0.09592	0.01320	0.00644	0.03196	0.01043	0.01332	0.01783	0.22964	0.34892	0.11993	0.01434	0.00715	0.00216	0.00404	0.04972	0.00536	0.00538
3	0.01542	0.10687	0.10764	0.16950	0.19437	0.01440	0.01438	0.09731	0.01460	0.10337	0.01482	0.01684	0.04841	0.00710	0.01660	0.00192	0.03906	0.00538	0.00372	0.00828
4	0.01484	0.06710	0.19757	0.10162	0.09360	0.01214	0.01348	0.01907	0.05170	0.17297	0.01943	0.08147	0.07176	0.00811	0.00665	0.00192	0.04765	0.00663	0.00424	0.00805
5	0.16264	0.01264	0.08077	0.01141	0.01552	0.01126	0.04740	0.10414	0.07375	0.25468	0.06112	0.10548	0.01714	0.00830	0.00581	0.00192	0.00538	0.00687	0.00549	0.00827
6	0.01047	0.00840	0.06926	0.00989	0.01179	0.00741	0.00822	0.01271	0.01103	0.09917	0.02039	0.20976	0.02016	0.03072	0.43449	0.00628	0.01100	0.00871	0.00416	0.00598
7	0.10904	0.16407	0.12155	0.01531	0.11832	0.07749	0.01219	0.14105	0.04610	0.03928	0.01357	0.09165	0.01193	0.00720	0.00533	0.00175	0.00655	0.00565	0.00389	0.00807
8	0.01277	0.01080	0.04340	0.05537	0.08433	0.01033	0.11773	0.08416	0.01469	0.07889	0.14826	0.02568	0.07488	0.01699	0.19070	0.00372	0.00845	0.00731	0.00443	0.00712
9	0.01022	0.00843	0.01218	0.01075	0.01301	0.00809	0.10688	0.09323	0.01513	0.01997	0.14926	0.23987	0.19840	0.01331	0.00712	0.00212	0.00466	0.07593	0.00535	0.00607
10	0.01676	0.01572	0.07750	0.02266	0.33658	0.11656	0.01392	0.06459	0.01507	0.13191	0.01673	0.09067	0.04013	0.00747	0.00599	0.00182	0.00683	0.00648	0.00411	0.00852
11	0.01811	0.12800	0.14086	0.06161	0.17893	0.15058	0.01419	0.07457	0.01527	0.14447	0.01255	0.01382	0.00936	0.00597	0.00546	0.00169	0.00753	0.00468	0.00378	0.00858
12	0.01483	0.20326	0.02013	0.01289	0.01611	0.11954	0.09175	0.08190	0.05030	0.01871	0.12390	0.02043	0.05155	0.03819	0.00838	0.00194	0.10906	0.00609	0.00391	0.00712
13	0.01678	0.03891	0.06671	0.01579	0.15483	0.01232	0.01133	0.17576	0.01648	0.11353	0.01294	0.01402	0.00975	0.00561	0.00525	0.00143	0.00578	0.00458	0.00429	0.31392
14	0.01255	0.03941	0.06756	0.00946	0.01264	0.00920	0.00787	0.08301	0.01294	0.06852	0.05418	0.02315	0.01590	0.21363	0.13553	0.00381	0.00715	0.00605	0.00401	0.21344
15	0.00933	0.00894	0.07037	0.01256	0.09555	0.00816	0.00901	0.01156	0.01023	0.01456	0.01692	0.09727	0.01693	0.14605	0.43774	0.00677	0.01157	0.00740	0.00337	0.00572
16	0.01275	0.01104	0.04210	0.22234	0.15241	0.01069	0.09429	0.01596	0.01335	0.10124	0.02425	0.06390	0.16337	0.00874	0.00641	0.00197	0.00636	0.03750	0.00409	0.00724
17	0.05097	0.13928	0.10893	0.03186	0.06501	0.10392	0.02003	0.05199	0.01384	0.04314	0.04226	0.14405	0.01725	0.00885	0.00576	0.00180	0.00634	0.06820	0.00396	0.07258
18	0.01010	0.00712	0.01046	0.00949	0.01088	0.00670	0.08778	0.01144	0.01151	0.07397	0.05504	0.25767	0.08792	0.30080	0.01562	0.00349	0.00513	0.02501	0.00469	0.00519

[dist]
# distance from previous block
# <min> <max>
1	6

[block]
# block no. 4 follows, 39 sequences, length 11
# corresponding to MSA columns:
# 634-644
name=unknown_E
#
# <colnr> <probs for GDERKNQSTAVLIFYWHMCP>
#	G	D	E	R	K	N	Q	S	T	A	V	L	I	F	Y	W	H	M	C	P
0	0.01646	0.01485	0.07874	0.01840	0.19800	0.01429	0.01268	0.32297	0.07141	0.02657	0.01705	0.14948	0.01530	0.00858	0.00617	0.00190	0.00615	0.00733	0.00483	0.00881
1	0.10495	0.00927	0.01228	0.01469	0.17105	0.02375	0.00909	0.01565	0.01311	0.14662	0.05954	0.24696	0.05778	0.04187	0.00729	0.00218	0.00490	0.04711	0.00498	0.00695
2	0.01022	0.00912	0.03094	0.20837	0.08687	0.00940	0.03918	0.01218	0.01070	0.01437	0.01741	0.08168	0.04575	0.32892	0.01647	0.00351	0.03564	0.00774	0.00340	0.02816
3	0.01187	0.00922	0.01197	0.05345	0.10314	0.00973	0.00855	0.13753	0.05318	0.01992	0.08991	0.17127	0.03830	0.18027	0.07210	0.00339	0.00611	0.00900	0.00463	0.00646
4	0.01028	0.14460	0.01227	0.00859	0.01095	0.01018	0.00690	0.01456	0.13937	0.01734	0.08520	0.11708	0.25311	0.05076	0.05307	0.00257	0.00493	0.04714	0.00491	0.00620
5	0.29990	0.52338	0.02325	0.00931	0.01388	0.01988	0.00883	0.01760	0.01134	0.01830	0.00823	0.00953	0.00718	0.00521	0.00375	0.00146	0.00572	0.00318	0.00292	0.00718
6	0.69133	0.01166	0.00951	0.00852	0.01212	0.01352	0.00692	0.01983	0.13793	0.02622	0.01099	0.01178	0.00843	0.00593	0.00407	0.00186	0.00459	0.00381	0.00407	0.00692
7	0.00972	0.00743	0.00854	0.00847	0.01012	0.00755	0.00626	0.01440	0.19769	0.01749	0.06903	0.16773	0.25242	0.01471	0.00969	0.14587	0.00396	0.03806	0.00516	0.00569
8	0.00998	0.14324	0.01233	0.00893	0.01030	0.00916	0.00697	0.01068	0.00980	0.01312	0.01600	0.15199	0.01660	0.02700	0.31465	0.21442	0.00932	0.00729	0.00331	0.00491
9	0.01513	0.66323	0.15749	0.01129	0.01698	0.02173	0.01215	0.01788	0.01210	0.01475	0.00864	0.01001	0.00757	0.00516	0.00411	0.00137	0.00674	0.00337	0.00252	0.00779
10	0.01717	0.52341	0.02576	0.01113	0.01522	0.01993	0.01036	0.01903	0.01235	0.14306	0.01076	0.01193	0.00884	0.00637	0.00689	0.00159	0.14102	0.00399	0.00337	0.00782

[dist]
# distance from previous block
# <min> <max>
3	28

[block]
# block no. 5 follows, 39 sequences, length 31
# corresponding to MSA columns:
# 677-707
name=unknown_F
#
# <colnr> <probs for GDERKNQSTAVLIFYWHMCP>
#	G	D	E	R	K	N	Q	S	T	A	V	L	I	F	Y	W	H	M	C	P
0	0.42094	0.01465	0.01146	0.03454	0.01444	0.18722	0.00872	0.05340	0.01323	0.02221	0.01326	0.02128	0.01224	0.00781	0.00510	0.00193	0.00635	0.14077	0.00394	0.00651
1	0.01246	0.01206	0.01268	0.01513	0.16405	0.15445	0.00977	0.01487	0.01442	0.01807	0.10912	0.03728	0.17204	0.01062	0.00646	0.00195	0.00577	0.15521	0.06714	0.00645
2	0.02088	0.17609	0.01950	0.01425	0.01768	0.62486	0.01117	0.02248	0.01584	0.01437	0.00896	0.01044	0.00761	0.00589	0.00504	0.00147	0.00983	0.00368	0.00295	0.00700
3	0.17523	0.42869	0.02269	0.01111	0.01533	0.23102	0.00977	0.01931	0.01297	0.01650	0.00848	0.00984	0.00737	0.00543	0.00420	0.00145	0.00721	0.00335	0.00289	0.00715
4	0.83394	0.01144	0.00869	0.00778	0.01144	0.01327	0.00640	0.01738	0.01006	0.02653	0.00823	0.00961	0.00640	0.00549	0.00366	0.00183	0.00457	0.00320	0.00366	0.00640
5	0.25590	0.34995	0.02203	0.01492	0.15672	0.01818	0.01081	0.01741	0.01148	0.01869	0.00875	0.01080	0.00760	0.00566	0.00544	0.00163	0.06985	0.00375	0.00294	0.00749
6	0.04119	0.01500	0.01879	0.25412	0.30016	0.15839	0.01481	0.01817	0.01364	0.04803	0.01366	0.01662	0.04972	0.00625	0.00577	0.00180	0.00760	0.00534	0.00321	0.00773
7	0.01121	0.01124	0.04111	0.01438	0.05630	0.05829	0.14821	0.01507	0.08578	0.01664	0.02009	0.25023	0.02057	0.06855	0.13403	0.00357	0.02475	0.00947	0.00409	0.00643
8	0.01081	0.00970	0.01695	0.01720	0.15748	0.00982	0.16017	0.01349	0.01166	0.01637	0.07753	0.02444	0.01716	0.15095	0.27419	0.00516	0.01011	0.00702	0.00344	0.00637
9	0.01506	0.16704	0.16504	0.02291	0.34240	0.01488	0.01552	0.03791	0.01370	0.07918	0.03590	0.04122	0.01162	0.00619	0.00552	0.00172	0.00678	0.00532	0.00341	0.00870
10	0.01159	0.03437	0.01180	0.01049	0.01189	0.14535	0.00807	0.01307	0.01145	0.01410	0.02192	0.02732	0.15521	0.12015	0.24410	0.00476	0.13820	0.00707	0.00353	0.00556
11	0.17173	0.01274	0.01963	0.19911	0.44979	0.01369	0.01549	0.01731	0.01244	0.01975	0.01043	0.01392	0.00846	0.00546	0.00544	0.00182	0.00675	0.00487	0.00300	0.00816
12	0.01390	0.14334	0.25904	0.02527	0.36076	0.01549	0.06390	0.01831	0.01296	0.01825	0.01056	0.01322	0.00847	0.00533	0.00553	0.00173	0.00765	0.00476	0.00273	0.00880
13	0.01110	0.01665	0.28514	0.03606	0.01881	0.01056	0.09788	0.01557	0.04504	0.04044	0.06702	0.16921	0.04275	0.08527	0.00907	0.00239	0.02776	0.00836	0.00391	0.00701
14	0.01765	0.01407	0.01878	0.01467	0.01873	0.01486	0.14928	0.44578	0.02170	0.02911	0.01760	0.17598	0.01591	0.00908	0.00646	0.00195	0.00653	0.00804	0.00526	0.00856
15	0.01487	0.01628	0.02400	0.13678	0.23226	0.15897	0.24031	0.01837	0.01387	0.01737	0.01229	0.06403	0.01059	0.00628	0.00622	0.00186	0.00855	0.00626	0.00309	0.00774
16	0.01294	0.03933	0.10875	0.01994	0.14635	0.01308	0.24490	0.01933	0.13626	0.02071	0.15620	0.02158	0.01936	0.00699	0.00637	0.00189	0.00694	0.00693	0.00409	0.00806
17	0.01207	0.00824	0.01256	0.02517	0.09581	0.00800	0.06340	0.01409	0.01246	0.12332	0.06945	0.15368	0.05372	0.16548	0.09841	0.00364	0.00659	0.06297	0.00466	0.00627
18	0.00803	0.00568	0.00726	0.00772	0.00816	0.00576	0.00513	0.00891	0.00993	0.01339	0.02445	0.28961	0.05646	0.32900	0.18839	0.00530	0.00712	0.01103	0.00421	0.00444
19	0.00886	0.15749	0.01151	0.00860	0.00985	0.00839	0.00638	0.01006	0.01146	0.01487	0.02790	0.63823	0.03304	0.01593	0.00682	0.00218	0.00399	0.01418	0.00492	0.00534
20	0.01486	0.54854	0.02454	0.03331	0.01456	0.08861	0.00917	0.01642	0.01179	0.01353	0.01038	0.01542	0.01028	0.15686	0.00907	0.00217	0.00666	0.00433	0.00278	0.00672
21	0.00829	0.00579	0.00739	0.00765	0.00802	0.00602	0.00502	0.00908	0.00938	0.01280	0.02054	0.17880	0.02301	0.43273	0.23352	0.00615	0.00813	0.00955	0.00383	0.00430
22	0.16684	0.00660	0.00714	0.00765	0.00876	0.00669	0.00530	0.01025	0.01096	0.01701	0.04976	0.39893	0.09094	0.16045	0.01097	0.00287	0.00406	0.02508	0.00481	0.00494
23	0.15800	0.13051	0.04692	0.01157	0.01515	0.25466	0.00966	0.11168	0.01618	0.02139	0.15275	0.01731	0.01700	0.00711	0.00523	0.00165	0.00685	0.00516	0.00410	0.00713
24	0.01044	0.00870	0.01182	0.01328	0.14997	0.00800	0.00832	0.01385	0.05379	0.02084	0.32321	0.08325	0.09407	0.00979	0.00625	0.00171	0.00405	0.00865	0.00508	0.16493
25	0.06833	0.15872	0.01585	0.00929	0.01428	0.01131	0.00788	0.01827	0.01297	0.16134	0.01240	0.01308	0.00952	0.00515	0.00453	0.00119	0.00488	0.00389	0.00407	0.46304
26	0.01536	0.16570	0.11713	0.02125	0.30895	0.01438	0.01417	0.01934	0.04604	0.09925	0.03784	0.01509	0.01128	0.00577	0.00534	0.00162	0.00639	0.00490	0.00359	0.08659
27	0.01894	0.25644	0.02197	0.01366	0.01739	0.27503	0.03211	0.16835	0.01661	0.01914	0.00983	0.01147	0.00817	0.00647	0.00672	0.00164	0.10073	0.00418	0.00343	0.00773
28	0.01685	0.23389	0.02048	0.01205	0.01609	0.01771	0.01043	0.25959	0.01686	0.02291	0.01060	0.01226	0.00868	0.00661	0.00755	0.00161	0.15124	0.00434	0.00387	0.16637
29	0.01030	0.00860	0.01164	0.17926	0.01781	0.00849	0.00872	0.02924	0.01278	0.01795	0.13513	0.02534	0.09486	0.02864	0.14913	0.00312	0.00698	0.00664	0.00399	0.24138
30	0.01117	0.01051	0.01774	0.77795	0.04073	0.01314	0.01642	0.01511	0.01182	0.01511	0.01051	0.01577	0.00788	0.00591	0.00591	0.00197	0.00788	0.00526	0.00263	0.00657

[dist]
# distance from previous block
# <min> <max>
1	2

[block]
# block no. 6 follows, 39 sequences, length 12
# corresponding to MSA columns:
# 710-721
name=unknown_G
#
# <colnr> <probs for GDERKNQSTAVLIFYWHMCP>
#	G	D	E	R	K	N	Q	S	T	A	V	L	I	F	Y	W	H	M	C	P
0	0.08422	0.01470	0.07125	0.23837	0.35944	0.06766	0.01590	0.01732	0.01270	0.01808	0.01080	0.01496	0.00888	0.03403	0.00651	0.00196	0.00739	0.00504	0.00291	0.00789
1	0.01214	0.01151	0.01950	0.56947	0.24159	0.01340	0.01691	0.01596	0.01229	0.01629	0.01068	0.01545	0.00830	0.00573	0.00590	0.00191	0.00764	0.00526	0.00271	0.00736
2	0.24751	0.01694	0.01570	0.09213	0.10691	0.23103	0.03066	0.05742	0.06355	0.04745	0.01108	0.01286	0.00864	0.00612	0.00552	0.00178	0.02913	0.00443	0.00365	0.00747
3	0.60154	0.00967	0.00818	0.00791	0.01063	0.01089	0.00615	0.01481	0.01042	0.02332	0.01508	0.22850	0.01560	0.00915	0.00475	0.00199	0.00425	0.00703	0.00417	0.00595
4	0.01569	0.00821	0.01102	0.00956	0.01216	0.00801	0.00756	0.06615	0.01525	0.28061	0.20219	0.06519	0.02583	0.01946	0.22070	0.00402	0.00753	0.00774	0.00576	0.00734
5	0.01239	0.00921	0.01182	0.01066	0.01275	0.01047	0.00847	0.21436	0.01465	0.02035	0.01538	0.02069	0.01346	0.03388	0.55430	0.00733	0.01322	0.00605	0.00394	0.00662
6	0.01614	0.01184	0.01281	0.01046	0.01345	0.01268	0.00811	0.41517	0.02050	0.02728	0.07085	0.02765	0.10885	0.20343	0.01213	0.00279	0.00563	0.00740	0.00532	0.00751
7	0.01813	0.01359	0.01444	0.01147	0.01543	0.01459	0.00934	0.53118	0.02378	0.03128	0.02705	0.02621	0.21886	0.00931	0.00622	0.00184	0.00552	0.00734	0.00580	0.00863
8	0.01102	0.00985	0.01470	0.01768	0.19989	0.01115	0.01134	0.01303	0.01166	0.01635	0.02105	0.24108	0.04790	0.01244	0.01049	0.00232	0.22086	0.11662	0.00403	0.00653
9	0.00974	0.00706	0.00839	0.00838	0.00942	0.00716	0.00578	0.07822	0.06567	0.01818	0.13843	0.33446	0.03254	0.23317	0.01354	0.00317	0.00435	0.01175	0.00519	0.00540
10	0.00958	0.00728	0.00914	0.00816	0.01000	0.00691	0.00586	0.01105	0.00994	0.01444	0.01538	0.02592	0.01559	0.31193	0.27848	0.00567	0.00885	0.00638	0.00342	0.23600
11	0.19700	0.00828	0.00910	0.06047	0.01280	0.00847	0.00750	0.03216	0.01306	0.01981	0.05631	0.04228	0.24938	0.01174	0.00633	0.00209	0.00453	0.20678	0.00481	0.04710

[dist]
# distance from previous block
# <min> <max>
1	96

[block]
# block no. 7 follows, 39 sequences, length 19
# corresponding to MSA columns:
# 819-837
name=unknown_H
#
# <colnr> <probs for GDERKNQSTAVLIFYWHMCP>
#	G	D	E	R	K	N	Q	S	T	A	V	L	I	F	Y	W	H	M	C	P
0	0.01263	0.01775	0.22698	0.01716	0.05360	0.01187	0.23696	0.01716	0.01287	0.01890	0.01165	0.03593	0.00937	0.00536	0.00568	0.00158	0.00740	0.00528	0.00310	0.28877
1	0.18178	0.01905	0.21510	0.09519	0.22761	0.08852	0.05515	0.01843	0.01270	0.01973	0.01019	0.01283	0.00793	0.00554	0.00536	0.00181	0.00758	0.00456	0.00295	0.00800
2	0.19033	0.05934	0.08934	0.05323	0.11777	0.22182	0.01226	0.03353	0.10412	0.01977	0.01127	0.01290	0.00894	0.00616	0.00564	0.00177	0.03627	0.00440	0.00346	0.00766
3	0.09328	0.01453	0.11339	0.01722	0.04821	0.01266	0.27810	0.01704	0.01357	0.05633	0.16863	0.02072	0.01864	0.00734	0.00776	0.00198	0.09254	0.00676	0.00391	0.00740
4	0.00924	0.00708	0.00993	0.17094	0.01566	0.00720	0.00784	0.01213	0.01537	0.03787	0.50703	0.03890	0.11624	0.01097	0.00673	0.00190	0.00394	0.00962	0.00560	0.00583
5	0.01278	0.01181	0.01963	0.14343	0.48769	0.01211	0.01522	0.01620	0.01391	0.01961	0.16835	0.02108	0.01900	0.00682	0.00610	0.00181	0.00626	0.00642	0.00364	0.00814
6	0.00738	0.00566	0.00676	0.00721	0.00841	0.00505	0.00513	0.00897	0.01333	0.01733	0.20159	0.34889	0.31144	0.01577	0.00721	0.00213	0.00313	0.01383	0.00572	0.00505
7	0.00706	0.00573	0.00626	0.00669	0.00817	0.00493	0.00480	0.00841	0.01281	0.01570	0.05144	0.28376	0.53150	0.01608	0.00716	0.00212	0.00313	0.01382	0.00549	0.00493
8	0.05565	0.00595	0.00705	0.00768	0.00884	0.00557	0.00553	0.00949	0.01272	0.01741	0.14569	0.41041	0.21688	0.01580	0.00713	0.00220	0.00340	0.05197	0.00553	0.00509
9	0.00903	0.17299	0.01198	0.00863	0.00998	0.00875	0.00647	0.01025	0.01147	0.01485	0.02742	0.62296	0.03242	0.01567	0.00675	0.00216	0.00405	0.01391	0.00486	0.00539
10	0.01558	0.62949	0.02725	0.01053	0.01522	0.02155	0.00996	0.02062	0.16754	0.01621	0.01159	0.01216	0.00981	0.00569	0.00427	0.00142	0.00598	0.00391	0.00327	0.00797
11	0.01297	0.01122	0.01345	0.17402	0.01980	0.01301	0.01031	0.02486	0.48357	0.02204	0.08441	0.06731	0.02037	0.00854	0.00617	0.00201	0.00512	0.00732	0.00531	0.00818
12	0.01357	0.01180	0.01774	0.61568	0.03598	0.01424	0.01532	0.16806	0.01522	0.01981	0.01129	0.01543	0.00834	0.00616	0.00591	0.00193	0.00759	0.00527	0.00333	0.00731
13	0.01118	0.00934	0.01303	0.04401	0.01397	0.01166	0.00968	0.08271	0.01127	0.01623	0.01323	0.01919	0.01209	0.02970	0.45511	0.00652	0.22583	0.00587	0.00325	0.00613
14	0.01494	0.02070	0.18255	0.17760	0.02390	0.23073	0.01522	0.01810	0.01261	0.01548	0.00937	0.01279	0.00769	0.00714	0.00946	0.00199	0.22529	0.00462	0.00271	0.00710
15	0.01297	0.17804	0.02202	0.44138	0.20253	0.01553	0.01549	0.01637	0.01225	0.01584	0.01017	0.01417	0.00817	0.00558	0.00545	0.00177	0.00735	0.00481	0.00268	0.00744
16	0.06142	0.53073	0.07367	0.01004	0.01426	0.01821	0.00971	0.01575	0.01179	0.01522	0.01356	0.17504	0.01421	0.00798	0.00471	0.00158	0.00577	0.00614	0.00322	0.00701
17	0.01357	0.07851	0.01438	0.03573	0.01434	0.07746	0.00914	0.05481	0.01295	0.01857	0.01358	0.01950	0.01212	0.00772	0.00806	0.00169	0.17005	0.07408	0.16491	0.19884
18	0.01033	0.00874	0.01112	0.01051	0.01128	0.03449	0.00806	0.01257	0.04999	0.01415	0.01586	0.02676	0.01592	0.21306	0.31260	0.00599	0.18181	0.04791	0.00343	0.00542

[dist]
# distance from previous block
# <min> <max>
1	3

[block]
# block no. 8 follows, 39 sequences, length 7
# corresponding to MSA columns:
# 843-849
name=unknown_I
#
# <colnr> <probs for GDERKNQSTAVLIFYWHMCP>
#	G	D	E	R	K	N	Q	S	T	A	V	L	I	F	Y	W	H	M	C	P
0	0.01411	0.00926	0.01073	0.00915	0.01223	0.00876	0.00714	0.13415	0.05876	0.14771	0.08524	0.14368	0.21205	0.01097	0.00634	0.00184	0.00424	0.00925	0.00573	0.10863
1	0.01275	0.00994	0.01207	0.01107	0.06446	0.00969	0.00797	0.10280	0.01382	0.02081	0.01656	0.08268	0.04173	0.03496	0.00737	0.00166	0.08091	0.00607	0.17065	0.29203
2	0.01645	0.15161	0.23576	0.01438	0.04747	0.01571	0.01400	0.16195	0.01548	0.11227	0.01258	0.01415	0.00952	0.00924	0.06057	0.00235	0.08934	0.00481	0.00385	0.00851
3	0.12018	0.01231	0.01477	0.10815	0.05075	0.01325	0.01037	0.23939	0.08271	0.20192	0.01642	0.04339	0.01214	0.00774	0.00639	0.03472	0.00579	0.00572	0.00529	0.00860
4	0.07661	0.00763	0.01007	0.08057	0.01335	0.00858	0.00806	0.01365	0.01171	0.05788	0.06586	0.02713	0.01817	0.02029	0.24786	0.00434	0.05808	0.09358	0.17065	0.00591
5	0.18073	0.01183	0.01258	0.03959	0.07556	0.06957	0.00949	0.06530	0.14374	0.02117	0.01906	0.16685	0.01853	0.01006	0.00672	0.00208	0.04726	0.08825	0.00458	0.00705
6	0.01220	0.24781	0.01549	0.00886	0.01142	0.01229	0.00725	0.10094	0.01328	0.01671	0.02394	0.15762	0.15550	0.06373	0.00981	0.11991	0.00501	0.00820	0.00410	0.00594

[dist]
# distance from previous block
# <min> <max>
0	19

[block]
# block no. 9 follows, 39 sequences, length 41
# corresponding to MSA columns:
# 869-909
name=unknown_J
#
# <colnr> <probs for GDERKNQSTAVLIFYWHMCP>
#	G	D	E	R	K	N	Q	S	T	A	V	L	I	F	Y	W	H	M	C	P
0	0.00904	0.00637	0.00735	0.00752	0.00815	0.00644	0.00496	0.01110	0.07403	0.01449	0.03835	0.13669	0.06173	0.47313	0.02061	0.00429	0.00502	0.07179	0.03437	0.00459
1	0.00942	0.00770	0.00995	0.00932	0.00983	0.00888	0.00688	0.01064	0.01126	0.01575	0.18358	0.13053	0.08388	0.24809	0.01740	0.00331	0.21469	0.00949	0.00435	0.00507
2	0.01773	0.01359	0.01400	0.03985	0.01523	0.14680	0.00971	0.10059	0.01512	0.17526	0.02634	0.06181	0.01322	0.00835	0.00863	0.00190	0.17824	0.00593	0.14026	0.00744
3	0.01547	0.01073	0.01325	0.01147	0.01375	0.01207	0.00912	0.23483	0.01642	0.11040	0.01871	0.18825	0.01755	0.01569	0.12077	0.00318	0.13789	0.00808	0.03494	0.00742
4	0.00777	0.00560	0.00692	0.00759	0.00818	0.00535	0.00511	0.00877	0.01101	0.01448	0.05074	0.37883	0.13400	0.23627	0.05569	0.00367	0.00478	0.04582	0.00485	0.00456
5	0.19178	0.00708	0.00743	0.03523	0.00916	0.00752	0.00500	0.01073	0.00950	0.01555	0.01836	0.15640	0.02059	0.45970	0.01958	0.00417	0.00517	0.00865	0.00388	0.00452
6	0.53052	0.01013	0.00946	0.06107	0.01323	0.01141	0.00717	0.04489	0.01144	0.05112	0.01461	0.18357	0.01423	0.00855	0.00486	0.00196	0.00464	0.00656	0.00422	0.00635
7	0.19113	0.00675	0.00737	0.00786	0.00907	0.00697	0.00555	0.01046	0.01071	0.01711	0.02612	0.40943	0.08325	0.09166	0.06102	0.02954	0.00477	0.01157	0.00465	0.00502
8	0.42757	0.00945	0.00956	0.00886	0.01116	0.01119	0.00714	0.01460	0.00998	0.02092	0.01153	0.01530	0.00993	0.01864	0.25311	0.00435	0.07817	0.00458	0.06800	0.00598
9	0.10764	0.18324	0.01373	0.00842	0.01098	0.01247	0.00710	0.07762	0.01285	0.02077	0.01368	0.01618	0.01115	0.00742	0.00648	0.05010	0.06592	0.00466	0.36321	0.00637
10	0.01842	0.07750	0.01650	0.03184	0.05106	0.30004	0.01060	0.13834	0.01636	0.08191	0.01273	0.01507	0.01030	0.01474	0.17496	0.00337	0.01008	0.00486	0.00386	0.00748
11	0.01381	0.01567	0.18031	0.01332	0.01689	0.01368	0.01264	0.20943	0.01504	0.02131	0.01279	0.01656	0.01063	0.01959	0.25889	0.00448	0.14832	0.00542	0.00366	0.00755
12	0.19639	0.08333	0.17997	0.01742	0.17259	0.05288	0.04311	0.03688	0.03459	0.02069	0.01045	0.01240	0.00825	0.00543	0.00499	0.00166	0.00671	0.00427	0.00321	0.10479
13	0.39454	0.19011	0.01606	0.01045	0.01429	0.21988	0.00870	0.01968	0.01263	0.05473	0.00918	0.01036	0.00738	0.00564	0.00425	0.00162	0.00663	0.00349	0.00341	0.00696
14	0.01385	0.62031	0.02544	0.00920	0.01358	0.01931	0.00887	0.01566	0.01234	0.01437	0.01970	0.02002	0.17313	0.00726	0.00450	0.00143	0.00558	0.00523	0.00319	0.00701
15	0.00904	0.00651	0.00788	0.00822	0.00971	0.00614	0.00615	0.01188	0.06948	0.05219	0.12101	0.30724	0.24552	0.01516	0.00720	0.00220	0.00365	0.09947	0.00573	0.00562
16	0.19083	0.00654	0.00727	0.00813	0.00921	0.00668	0.00569	0.01027	0.01104	0.01764	0.02718	0.61535	0.03185	0.01563	0.00668	0.00227	0.00369	0.01379	0.00508	0.00516
17	0.65134	0.01569	0.17591	0.00979	0.01458	0.01337	0.00984	0.01768	0.01060	0.02480	0.00876	0.01025	0.00665	0.00552	0.00409	0.00184	0.00550	0.00346	0.00340	0.00692
18	0.01529	0.04927	0.44609	0.01621	0.05216	0.17985	0.01724	0.02008	0.01363	0.07433	0.01150	0.01326	0.00855	0.00795	0.04752	0.00219	0.00913	0.00448	0.00304	0.00823
19	0.01298	0.04696	0.55263	0.01823	0.02610	0.01407	0.17918	0.01913	0.01297	0.04641	0.01133	0.01346	0.00809	0.00553	0.00588	0.00188	0.00881	0.00498	0.00279	0.00859
20	0.01314	0.01355	0.02886	0.02110	0.02575	0.01277	0.57195	0.01645	0.01257	0.01702	0.01159	0.01640	0.00926	0.00844	0.01056	0.18545	0.00890	0.00657	0.00290	0.00677
21	0.01388	0.00623	0.00904	0.00833	0.00935	0.00593	0.00593	0.01239	0.00975	0.17666	0.01317	0.01845	0.01124	0.01761	0.01930	0.64445	0.00511	0.00532	0.00362	0.00423
22	0.01437	0.04433	0.05118	0.10302	0.31444	0.01188	0.04955	0.01709	0.03882	0.09002	0.01245	0.01607	0.01007	0.00903	0.00967	0.18530	0.00661	0.00532	0.00333	0.00746
23	0.00959	0.00514	0.00752	0.00782	0.00790	0.00506	0.00521	0.00782	0.00851	0.01134	0.01523	0.18908	0.01668	0.02010	0.01966	0.64458	0.00476	0.00773	0.00322	0.00306
24	0.00811	0.00635	0.00927	0.17916	0.01568	0.00667	0.00788	0.00977	0.01138	0.01503	0.02740	0.60142	0.03182	0.03151	0.00765	0.00237	0.00447	0.01408	0.00482	0.00517
25	0.01524	0.02517	0.55292	0.01592	0.02357	0.01269	0.06058	0.02098	0.01356	0.18325	0.01352	0.01439	0.00917	0.00596	0.00577	0.00187	0.00799	0.00487	0.00360	0.00899
26	0.12476	0.01540	0.06265	0.03312	0.24948	0.05254	0.17357	0.07965	0.01487	0.11873	0.01265	0.01465	0.00943	0.00573	0.00579	0.00183	0.00734	0.00535	0.00384	0.00861
27	0.01163	0.01932	0.31485	0.01804	0.02386	0.01222	0.29163	0.01648	0.01279	0.01800	0.01601	0.18614	0.01508	0.00824	0.00657	0.00204	0.00803	0.00814	0.00335	0.00757
28	0.00890	0.00714	0.01066	0.01441	0.17436	0.00689	0.00824	0.01045	0.01170	0.01591	0.02734	0.59059	0.03190	0.04228	0.00795	0.00237	0.00431	0.01396	0.00485	0.00578
29	0.01449	0.01267	0.01548	0.01434	0.05869	0.01531	0.01089	0.10999	0.31928	0.02217	0.05081	0.01903	0.01507	0.01062	0.05184	0.00254	0.23778	0.00615	0.00466	0.00818
30	0.04262	0.07787	0.04175	0.01512	0.03563	0.42379	0.03034	0.18021	0.01796	0.02017	0.01026	0.01176	0.00821	0.00642	0.00620	0.00166	0.05438	0.00430	0.00362	0.00773
31	0.01997	0.01522	0.01775	0.18338	0.02331	0.01718	0.01239	0.57554	0.02426	0.03235	0.01338	0.01455	0.00957	0.00684	0.00592	0.00182	0.00681	0.00531	0.00519	0.00928
32	0.02915	0.10413	0.09049	0.06244	0.18070	0.04305	0.01300	0.06774	0.14216	0.18476	0.01575	0.01617	0.01151	0.00640	0.00560	0.00178	0.00638	0.00526	0.00454	0.00900
33	0.02290	0.01052	0.01484	0.18115	0.02097	0.01021	0.01055	0.06466	0.01639	0.55433	0.01998	0.01883	0.01289	0.00699	0.00594	0.00186	0.00575	0.00576	0.00620	0.00929
34	0.01336	0.01283	0.11548	0.22028	0.06257	0.01131	0.01250	0.09907	0.04960	0.08557	0.17896	0.07454	0.02199	0.00842	0.00622	0.00192	0.00596	0.00726	0.00463	0.00751
35	0.01940	0.01023	0.01360	0.01110	0.01404	0.01067	0.00908	0.05495	0.02682	0.39970	0.12851	0.02384	0.05961	0.00912	0.00914	0.00201	0.17708	0.00681	0.00596	0.00832
36	0.01279	0.01308	0.01545	0.01387	0.01432	0.10741	0.01110	0.01405	0.01051	0.01445	0.01345	0.18488	0.01471	0.01164	0.01504	0.00242	0.51380	0.00759	0.00329	0.00615
37	0.00743	0.00594	0.00665	0.00661	0.00830	0.00516	0.00491	0.00929	0.01432	0.01830	0.27191	0.10950	0.48211	0.01436	0.00703	0.00199	0.00297	0.01226	0.00581	0.00516
38	0.00766	0.00599	0.00694	0.00677	0.00841	0.00527	0.00505	0.00975	0.01496	0.01964	0.38970	0.07824	0.39300	0.01373	0.00700	0.00195	0.00291	0.01179	0.00598	0.00527
39	0.03751	0.00854	0.00945	0.00831	0.01073	0.00845	0.00648	0.17132	0.01784	0.02410	0.32186	0.04087	0.28826	0.01178	0.00664	0.00189	0.00374	0.00989	0.00593	0.00640
40	0.02158	0.01589	0.01711	0.01329	0.01777	0.01754	0.01090	0.69283	0.02684	0.03597	0.01528	0.05968	0.01176	0.00777	0.00601	0.00181	0.00633	0.00600	0.00589	0.00975

[dist]
# distance from previous block
# <min> <max>
0	5

[block]
# block no. 10 follows, 39 sequences, length 45
# corresponding to MSA columns:
# 915-959
name=unknown_K
#
# <colnr> <probs for GDERKNQSTAVLIFYWHMCP>
#	G	D	E	R	K	N	Q	S	T	A	V	L	I	F	Y	W	H	M	C	P
0	0.21328	0.01375	0.01337	0.01138	0.01518	0.05135	0.00910	0.17585	0.32328	0.08731	0.01742	0.01672	0.01280	0.00707	0.00539	0.00188	0.00536	0.00537	0.00539	0.00874
1	0.05052	0.01576	0.04401	0.11144	0.01864	0.23215	0.04261	0.05003	0.09689	0.01777	0.01769	0.21543	0.01736	0.01070	0.03061	0.00218	0.00735	0.00799	0.00410	0.00677
2	0.01003	0.00834	0.01105	0.03443	0.01231	0.00890	0.00770	0.01169	0.01038	0.01514	0.01652	0.16612	0.01740	0.12402	0.18268	0.00410	0.14611	0.00772	0.00362	0.20173
3	0.00960	0.00791	0.00925	0.00791	0.01100	0.00634	0.00597	0.01159	0.01259	0.01777	0.07125	0.20986	0.19228	0.01069	0.00590	0.00156	0.00374	0.00920	0.00462	0.39098
4	0.00798	0.00596	0.00736	0.00751	0.00882	0.00545	0.00561	0.01004	0.01438	0.01925	0.35947	0.16211	0.22403	0.05222	0.00832	0.00225	0.00336	0.08484	0.00585	0.00520
5	0.04111	0.01981	0.19155	0.01280	0.01688	0.23248	0.01190	0.05079	0.10366	0.02063	0.21413	0.02173	0.02205	0.00787	0.00590	0.00178	0.00696	0.00621	0.00436	0.00738
6	0.01440	0.02724	0.58393	0.01608	0.02386	0.01483	0.01932	0.18989	0.01614	0.02316	0.01147	0.01289	0.00810	0.00597	0.00569	0.00185	0.00821	0.00460	0.00331	0.00905
7	0.05528	0.01615	0.01447	0.01224	0.01531	0.19267	0.00951	0.32196	0.05917	0.02425	0.01234	0.01449	0.00981	0.01005	0.00979	0.19900	0.00698	0.00490	0.00434	0.00731
8	0.20694	0.00664	0.00794	0.00772	0.00860	0.00708	0.00544	0.01002	0.00827	0.01415	0.00979	0.01598	0.00935	0.01695	0.01847	0.63069	0.00500	0.00467	0.00283	0.00348
9	0.63790	0.01180	0.01094	0.00963	0.01241	0.01442	0.00796	0.01663	0.00982	0.02360	0.00812	0.01040	0.00673	0.00665	0.00742	0.00201	0.19005	0.00367	0.00340	0.00642
10	0.00929	0.00766	0.01019	0.01003	0.01019	0.00908	0.00731	0.01015	0.00998	0.01397	0.02169	0.37295	0.02535	0.20076	0.01655	0.00325	0.24113	0.01130	0.00415	0.00502
11	0.00951	0.00712	0.00895	0.00874	0.01050	0.00649	0.00664	0.01121	0.01143	0.01586	0.02255	0.16274	0.02468	0.21393	0.04983	0.00333	0.00544	0.21531	0.00440	0.20134
12	0.01567	0.01040	0.01261	0.00918	0.01427	0.00808	0.00741	0.01822	0.01338	0.19599	0.01357	0.01414	0.01016	0.00508	0.00475	0.00110	0.00454	0.00409	0.00441	0.63294
13	0.01784	0.06177	0.03812	0.10010	0.06853	0.05117	0.01043	0.05113	0.01422	0.28719	0.01739	0.04028	0.01385	0.09028	0.06742	0.00284	0.03158	0.02319	0.00479	0.00786
14	0.02178	0.01191	0.01576	0.19459	0.02208	0.01233	0.01122	0.21452	0.01862	0.38858	0.01783	0.01750	0.01180	0.00692	0.00593	0.00185	0.00611	0.00562	0.00582	0.00923
15	0.01142	0.01072	0.01847	0.37671	0.20437	0.01179	0.07625	0.01475	0.01230	0.01644	0.01534	0.17498	0.01478	0.00828	0.00633	0.00201	0.00694	0.00779	0.00332	0.00700
16	0.01295	0.05423	0.13402	0.30196	0.28541	0.01421	0.07923	0.01717	0.01269	0.01739	0.01075	0.01458	0.00842	0.00552	0.00583	0.00185	0.00782	0.00517	0.00274	0.00804
17	0.01037	0.00938	0.01540	0.56303	0.06305	0.01119	0.01389	0.01360	0.01177	0.01528	0.01581	0.20018	0.01540	0.00890	0.00630	0.00206	0.00678	0.00802	0.00332	0.00627
18	0.00721	0.00515	0.00686	0.00823	0.00858	0.00480	0.00549	0.00823	0.01132	0.01510	0.03259	0.78831	0.03911	0.01853	0.00755	0.00240	0.00343	0.01681	0.00549	0.00480
19	0.01050	0.00908	0.01419	0.23691	0.19867	0.00971	0.01149	0.01296	0.01196	0.01606	0.05388	0.16703	0.05064	0.13760	0.01032	0.00263	0.00598	0.03034	0.00378	0.00628
20	0.01462	0.15604	0.10517	0.01377	0.06661	0.02901	0.03888	0.12249	0.01463	0.07969	0.01713	0.19883	0.01657	0.01099	0.04205	0.00226	0.05180	0.00768	0.00421	0.00758
21	0.00759	0.00533	0.00681	0.00777	0.00808	0.00506	0.00504	0.00846	0.01093	0.01464	0.06368	0.57373	0.03571	0.20295	0.01291	0.00317	0.00395	0.01456	0.00508	0.00455
22	0.00856	0.01165	0.18711	0.00985	0.01277	0.00722	0.00944	0.01132	0.01259	0.01680	0.07374	0.29134	0.21747	0.03272	0.00751	0.00225	0.00478	0.07224	0.00478	0.00586
23	0.03075	0.02042	0.28664	0.04376	0.30366	0.07805	0.04909	0.01797	0.01313	0.01837	0.01246	0.07571	0.01082	0.00654	0.00587	0.00185	0.00777	0.00578	0.00300	0.00836
24	0.01473	0.01410	0.05155	0.07701	0.31917	0.03024	0.04586	0.03795	0.24703	0.04454	0.01583	0.01748	0.01230	0.00788	0.03648	0.00217	0.00690	0.00579	0.00409	0.00890
25	0.01706	0.01669	0.01451	0.01292	0.01629	0.19495	0.01000	0.08247	0.51694	0.02323	0.01976	0.01875	0.01496	0.00749	0.00585	0.00187	0.00625	0.00590	0.00530	0.00881
26	0.01382	0.01303	0.02112	0.07867	0.50852	0.01255	0.03737	0.01719	0.01308	0.01902	0.01096	0.01419	0.00911	0.00509	0.00554	0.00157	0.00654	0.00490	0.00305	0.20468
27	0.01283	0.01136	0.01507	0.01533	0.19101	0.00936	0.00967	0.01567	0.01255	0.01928	0.01066	0.01283	0.00890	0.00459	0.00473	0.00109	0.00501	0.00393	0.00337	0.63277
28	0.21110	0.01235	0.01800	0.09544	0.39590	0.01287	0.01376	0.01866	0.01290	0.10523	0.01258	0.01625	0.01011	0.00606	0.00544	0.00184	0.00623	0.03328	0.00368	0.00832
29	0.47678	0.01215	0.01038	0.01094	0.06785	0.10225	0.00768	0.01601	0.01143	0.02180	0.01438	0.19605	0.01458	0.00866	0.00496	0.00192	0.00522	0.00668	0.00397	0.00630
30	0.00829	0.00653	0.00780	0.00790	0.00957	0.00576	0.00565	0.01039	0.04157	0.01672	0.06655	0.42960	0.20469	0.01477	0.00683	0.00203	0.00350	0.01303	0.00525	0.13358
31	0.00747	0.00555	0.00679	0.00740	0.00829	0.00506	0.00510	0.00882	0.01251	0.01644	0.15913	0.42116	0.21145	0.08519	0.00932	0.00251	0.00342	0.01402	0.00549	0.00487
32	0.00813	0.00557	0.00655	0.00695	0.00713	0.00543	0.00417	0.00849	0.00960	0.01271	0.02447	0.25645	0.05844	0.53441	0.02257	0.00461	0.00495	0.01115	0.00422	0.00400
33	0.01084	0.00791	0.00942	0.00942	0.01088	0.00804	0.00682	0.18191	0.01535	0.02043	0.02939	0.57162	0.06325	0.01564	0.00713	0.00223	0.00415	0.01388	0.00559	0.00607
34	0.21624	0.01534	0.01559	0.01221	0.01669	0.01713	0.01009	0.56408	0.02357	0.03471	0.01277	0.01310	0.00918	0.00671	0.00538	0.00179	0.00605	0.00482	0.00538	0.00918
35	0.63859	0.19871	0.01402	0.00834	0.01233	0.01569	0.00729	0.01746	0.01053	0.02352	0.00823	0.00958	0.00669	0.00539	0.00369	0.00169	0.00499	0.00319	0.00339	0.00669
36	0.01403	0.60717	0.02548	0.00948	0.01366	0.01914	0.00904	0.01614	0.01314	0.01625	0.18585	0.01777	0.01910	0.00674	0.00455	0.00141	0.00548	0.00496	0.00348	0.00711
37	0.00946	0.00769	0.01034	0.00937	0.01043	0.00857	0.00734	0.01189	0.01491	0.02145	0.57441	0.03672	0.04433	0.01167	0.00994	0.00203	0.18869	0.00938	0.00557	0.00579
38	0.01190	0.01122	0.01533	0.01336	0.01336	0.01516	0.01070	0.01289	0.00895	0.01357	0.01036	0.01909	0.01104	0.19703	0.02196	0.00334	0.59615	0.00599	0.00283	0.00578
39	0.01030	0.00745	0.00907	0.00875	0.00981	0.00819	0.00617	0.01438	0.18441	0.01499	0.01783	0.02740	0.01712	0.28984	0.20549	0.14483	0.00788	0.00700	0.00389	0.00521
40	0.38611	0.01660	0.19055	0.01129	0.01641	0.01356	0.01118	0.11904	0.04631	0.11987	0.01226	0.01282	0.00874	0.00609	0.00484	0.00184	0.00590	0.00428	0.00427	0.00807
41	0.01366	0.01893	0.31565	0.01403	0.01929	0.01238	0.06126	0.18628	0.01602	0.03694	0.01736	0.19886	0.01616	0.00909	0.00619	0.00197	0.00674	0.00781	0.03341	0.00797
42	0.00707	0.00566	0.00634	0.00688	0.00822	0.00492	0.00489	0.00839	0.01263	0.01563	0.04911	0.34605	0.47071	0.01638	0.00721	0.00216	0.00317	0.01419	0.00549	0.00492
43	0.20776	0.01014	0.00918	0.00856	0.01079	0.07006	0.00641	0.09505	0.01338	0.01993	0.02651	0.13848	0.19015	0.12660	0.03990	0.00280	0.00537	0.00856	0.00453	0.00584
44	0.42216	0.01443	0.14408	0.01036	0.01446	0.04182	0.04083	0.01645	0.01253	0.02366	0.18649	0.01869	0.01855	0.00709	0.00501	0.00184	0.00537	0.00539	0.00408	0.00671

[dist]
# distance from previous block
# <min> <max>
1	5

[block]
# block no. 11 follows, 39 sequences, length 20
# corresponding to MSA columns:
# 967-986
name=unknown_L
#
# <colnr> <probs for GDERKNQSTAVLIFYWHMCP>
#	G	D	E	R	K	N	Q	S	T	A	V	L	I	F	Y	W	H	M	C	P
0	0.20464	0.11906	0.24706	0.06425	0.09517	0.03524	0.01406	0.01767	0.02982	0.01943	0.01137	0.04203	0.00968	0.00656	0.00571	0.00185	0.04016	0.02551	0.00313	0.00760
1	0.27078	0.09643	0.01430	0.01077	0.01418	0.21182	0.00867	0.12386	0.01582	0.02315	0.14110	0.01667	0.01613	0.00701	0.00503	0.00169	0.00632	0.00500	0.00422	0.00704
2	0.00892	0.00615	0.00767	0.00755	0.00911	0.00555	0.00567	0.01108	0.01492	0.06153	0.38764	0.16583	0.22321	0.01378	0.00707	0.00202	0.00320	0.04746	0.00609	0.00556
3	0.00857	0.01021	0.14090	0.00905	0.01163	0.00679	0.00829	0.01155	0.01448	0.02006	0.38314	0.18395	0.14357	0.01260	0.00685	0.00199	0.00400	0.01101	0.00546	0.00591
