[name]
unknown

[dist]
# distance from previous block
# <min> <max>
0	104

[block]
# block no. 0 follows, 41 sequences, length 7
# corresponding to MSA columns:
# 104-110
name=unknown_A
#
# <colnr> <probs for GDERKNQSTAVLIFYWHMCP>
#	G	D	E	R	K	N	Q	S	T	A	V	L	I	F	Y	W	H	M	C	P
0	0.04775	0.01250	0.01368	0.12636	0.01834	0.06878	0.01008	0.20702	0.11709	0.04826	0.01872	0.02430	0.05551	0.00815	0.00583	0.00182	0.00587	0.11061	0.00468	0.09467
1	0.00934	0.00737	0.00880	0.00864	0.01015	0.00792	0.00643	0.01433	0.18969	0.01648	0.05328	0.10382	0.14455	0.13820	0.22642	0.00457	0.00729	0.03243	0.00456	0.00574
2	0.01498	0.22401	0.25714	0.01384	0.05974	0.01577	0.01355	0.16322	0.04712	0.04913	0.04152	0.05109	0.01184	0.00656	0.00521	0.00166	0.00655	0.00512	0.00372	0.00823
3	0.14634	0.41507	0.11230	0.09244	0.01825	0.10166	0.01136	0.01756	0.01186	0.01614	0.00856	0.01031	0.00718	0.00522	0.00424	0.00148	0.00675	0.00349	0.00268	0.00711
4	0.00740	0.00516	0.00651	0.00741	0.00763	0.00494	0.00472	0.00808	0.01010	0.01347	0.02718	0.55144	0.03235	0.26920	0.01432	0.00336	0.00403	0.01371	0.00472	0.00427
5	0.00932	0.00758	0.00849	0.00812	0.01007	0.00766	0.00611	0.01530	0.22478	0.02007	0.26003	0.11964	0.25660	0.01208	0.00654	0.00193	0.00335	0.01039	0.00576	0.00619
6	0.01280	0.12985	0.09322	0.01001	0.01365	0.01199	0.00907	0.10277	0.15707	0.05312	0.11537	0.02964	0.19483	0.00930	0.00585	0.00179	0.00482	0.03265	0.00492	0.00727

[dist]
# distance from previous block
# <min> <max>
2	7

[block]
# block no. 1 follows, 41 sequences, length 25
# corresponding to MSA columns:
# 118-128,204-217
name=unknown_B
#
# <colnr> <probs for GDERKNQSTAVLIFYWHMCP>
#	G	D	E	R	K	N	Q	S	T	A	V	L	I	F	Y	W	H	M	C	P
0	0.19040	0.07522	0.11976	0.01216	0.01694	0.07761	0.01113	0.34673	0.01879	0.06245	0.01165	0.01224	0.00849	0.00613	0.00503	0.00169	0.00645	0.00435	0.00441	0.00839
1	0.06619	0.01292	0.04133	0.03608	0.04710	0.12029	0.00938	0.01656	0.10241	0.01814	0.14975	0.04069	0.01914	0.07238	0.00979	0.00212	0.14351	0.00624	0.00398	0.08200
2	0.15574	0.01162	0.01617	0.42194	0.08847	0.01388	0.01337	0.12160	0.01333	0.01992	0.01016	0.01371	0.00779	0.00607	0.00628	0.00188	0.06307	0.00475	0.00320	0.00703
3	0.01985	0.02207	0.01794	0.01891	0.18174	0.46096	0.01245	0.16182	0.01758	0.01931	0.01021	0.01182	0.00820	0.00591	0.00538	0.00157	0.00876	0.00428	0.00346	0.00777
4	0.00717	0.00581	0.00637	0.00623	0.00798	0.00500	0.00467	0.00901	0.01401	0.01777	0.27533	0.05123	0.54215	0.01362	0.00676	0.00189	0.00284	0.01154	0.00562	0.00500
5	0.01186	0.01017	0.01186	0.00847	0.01356	0.00762	0.00678	0.01440	0.01186	0.01864	0.01017	0.01186	0.00847	0.00424	0.00424	0.00085	0.00424	0.00339	0.00339	0.83395
6	0.22324	0.01436	0.11855	0.13754	0.22287	0.01297	0.03844	0.04057	0.04051	0.08243	0.01146	0.01355	0.00861	0.00560	0.00516	0.00179	0.00639	0.00464	0.00346	0.00786
7	0.02566	0.00973	0.01327	0.01018	0.01460	0.00841	0.00841	0.02788	0.01637	0.76726	0.02257	0.01947	0.01416	0.00708	0.00575	0.00177	0.00487	0.00575	0.00708	0.00973
8	0.01281	0.01201	0.02018	0.12071	0.56783	0.01225	0.01559	0.01605	0.01296	0.01829	0.07288	0.06598	0.01435	0.00652	0.00586	0.00177	0.00634	0.00623	0.00323	0.00816
9	0.00829	0.00567	0.00687	0.00687	0.00709	0.00589	0.00425	0.00872	0.00850	0.01156	0.01745	0.03424	0.01941	0.63757	0.18863	0.00632	0.00763	0.00785	0.00338	0.00382
10	0.00702	0.00583	0.00627	0.00622	0.00801	0.00507	0.00468	0.00867	0.01311	0.01616	0.13680	0.05110	0.62084	0.01635	0.06597	0.00247	0.00383	0.01141	0.00525	0.00492
11	0.01501	0.15754	0.37133	0.09337	0.02247	0.01521	0.01580	0.14366	0.01484	0.08205	0.01147	0.01280	0.00830	0.00575	0.00523	0.00170	0.00729	0.00440	0.00339	0.00837
12	0.01702	0.22528	0.02015	0.02657	0.04838	0.12321	0.01095	0.21777	0.03351	0.02066	0.01058	0.01237	0.00868	0.00673	0.00753	0.00169	0.15673	0.00440	0.04011	0.00770
13	0.00737	0.00585	0.00664	0.00653	0.00822	0.00512	0.00496	0.00934	0.01423	0.01833	0.32030	0.05084	0.46349	0.01350	0.00681	0.00191	0.00293	0.04290	0.00568	0.00506
14	0.01335	0.02356	0.49284	0.01658	0.08213	0.01370	0.01751	0.07644	0.14929	0.03973	0.01327	0.01426	0.00963	0.00599	0.00555	0.00182	0.00734	0.00482	0.00345	0.00874
15	0.01378	0.08360	0.28181	0.02138	0.21012	0.01473	0.14759	0.07301	0.06311	0.01965	0.01157	0.01371	0.00884	0.00546	0.00563	0.00176	0.00764	0.00502	0.00308	0.00852
16	0.00808	0.00548	0.00641	0.00659	0.00675	0.00539	0.00391	0.00845	0.00935	0.01257	0.07732	0.16027	0.02610	0.61222	0.02387	0.00474	0.00497	0.00976	0.00398	0.00381
17	0.00780	0.00566	0.00735	0.00729	0.00846	0.00521	0.00533	0.01009	0.01496	0.02086	0.57670	0.20050	0.08213	0.01312	0.00686	0.00191	0.00284	0.01166	0.00605	0.00521
18	0.54701	0.01331	0.07259	0.01185	0.01629	0.01290	0.16134	0.01799	0.01116	0.07469	0.00990	0.01149	0.00734	0.00534	0.00451	0.00181	0.00586	0.00413	0.00356	0.00693
19	0.07934	0.28154	0.11352	0.01165	0.01589	0.17514	0.01076	0.07724	0.04873	0.03463	0.01238	0.09198	0.01121	0.00689	0.00488	0.00159	0.00678	0.00509	0.00346	0.00729
20	0.01257	0.03859	0.01962	0.28890	0.29869	0.01295	0.06733	0.01659	0.04523	0.01743	0.01179	0.01547	0.00938	0.00572	0.00593	0.00177	0.03063	0.00522	0.08869	0.00749
21	0.01704	0.26666	0.01923	0.01173	0.01544	0.34742	0.00961	0.04266	0.01411	0.01525	0.01065	0.07068	0.00994	0.00631	0.00474	0.00138	0.00748	0.00446	0.00313	0.12208
22	0.01164	0.01538	0.22784	0.01066	0.01609	0.00950	0.01081	0.06572	0.01336	0.01959	0.05951	0.01879	0.09694	0.00637	0.00512	0.00136	0.00534	0.00515	0.00366	0.39717
23	0.07413	0.01436	0.16979	0.01131	0.01523	0.07168	0.03268	0.01826	0.05824	0.17168	0.11423	0.08098	0.05189	0.01151	0.07615	0.00250	0.00662	0.00686	0.00463	0.00726
24	0.06155	0.01371	0.09100	0.03904	0.01663	0.05431	0.06975	0.09476	0.13402	0.04690	0.16180	0.05516	0.02010	0.00837	0.00756	0.00192	0.10487	0.00672	0.00452	0.00731

[dist]
# distance from previous block
# <min> <max>
0	2

[block]
# block no. 2 follows, 41 sequences, length 9
# corresponding to MSA columns:
# 220-228
name=unknown_C
#
# <colnr> <probs for GDERKNQSTAVLIFYWHMCP>
#	G	D	E	R	K	N	Q	S	T	A	V	L	I	F	Y	W	H	M	C	P
0	0.00950	0.00724	0.00831	0.00792	0.00987	0.00710	0.00603	0.01439	0.16382	0.04641	0.28907	0.09138	0.26894	0.01217	0.00660	0.00193	0.00333	0.03413	0.00581	0.00606
1	0.00918	0.01106	0.15294	0.04642	0.01390	0.00818	0.00939	0.01380	0.12579	0.01714	0.06280	0.45206	0.02831	0.01309	0.00662	0.00212	0.00465	0.01164	0.00476	0.00617
2	0.05720	0.01776	0.21564	0.13489	0.02173	0.10260	0.04491	0.04730	0.12829	0.08541	0.01345	0.01516	0.01001	0.00812	0.03561	0.03817	0.00749	0.00497	0.00367	0.00763
3	0.01558	0.01270	0.01221	0.01085	0.01341	0.19498	0.04127	0.03900	0.05290	0.16917	0.10414	0.20054	0.06513	0.01014	0.00613	0.00184	0.00566	0.00860	0.02897	0.00679
4	0.07882	0.00863	0.01065	0.00913	0.01211	0.00841	0.00721	0.02023	0.09228	0.34897	0.02478	0.05832	0.10478	0.05920	0.12699	0.00320	0.00616	0.00705	0.00556	0.00751
5	0.01351	0.13603	0.02543	0.18026	0.33444	0.01502	0.18021	0.01707	0.01259	0.01697	0.01039	0.01389	0.00842	0.00513	0.00561	0.00172	0.00750	0.00515	0.00273	0.00794
6	0.01043	0.02410	0.59650	0.01418	0.02097	0.01135	0.01745	0.01584	0.01204	0.01741	0.01790	0.11046	0.09136	0.00790	0.00580	0.00189	0.00725	0.00651	0.00307	0.00761
7	0.00694	0.00510	0.00651	0.00763	0.00821	0.00467	0.00516	0.00800	0.01128	0.01473	0.03564	0.68010	0.15033	0.01739	0.00722	0.00226	0.00325	0.01561	0.00531	0.00467
8	0.00968	0.00894	0.00975	0.01000	0.01067	0.09930	0.00731	0.01089	0.01105	0.01426	0.02334	0.49699	0.02695	0.01792	0.09091	0.00298	0.12759	0.01192	0.00435	0.00518

[dist]
# distance from previous block
# <min> <max>
1	21

[block]
# block no. 3 follows, 41 sequences, length 37
# corresponding to MSA columns:
# 250-286
name=unknown_D
#
# <colnr> <probs for GDERKNQSTAVLIFYWHMCP>
#	G	D	E	R	K	N	Q	S	T	A	V	L	I	F	Y	W	H	M	C	P
0	0.01416	0.01359	0.02322	0.03511	0.76330	0.01359	0.01755	0.01755	0.01302	0.01869	0.01076	0.01416	0.00906	0.00510	0.00566	0.00170	0.00680	0.00510	0.00283	0.00906
1	0.00818	0.00608	0.00893	0.00893	0.00986	0.00701	0.00682	0.01005	0.00912	0.01308	0.01556	0.02379	0.01487	0.10967	0.71032	0.00887	0.01446	0.00632	0.00310	0.00496
2	0.01180	0.01110	0.01872	0.45334	0.30769	0.01250	0.01580	0.01527	0.01200	0.01613	0.01181	0.06675	0.01017	0.00630	0.00580	0.00186	0.00703	0.00583	0.00283	0.00725
3	0.00800	0.00559	0.00670	0.00685	0.00721	0.00562	0.00432	0.00856	0.00916	0.01221	0.02262	0.12449	0.08573	0.52516	0.13882	0.00542	0.00655	0.00923	0.00378	0.00397
4	0.00905	0.00653	0.00899	0.01022	0.01158	0.00647	0.00889	0.01161	0.01316	0.01701	0.03213	0.06389	0.08137	0.01571	0.00782	0.00259	0.00511	0.67737	0.00527	0.00524
5	0.01172	0.02806	0.70254	0.01589	0.02388	0.01337	0.02007	0.01920	0.07751	0.01863	0.01141	0.01289	0.00815	0.00564	0.00547	0.00182	0.00811	0.00442	0.00272	0.00851
6	0.01500	0.01348	0.02046	0.15991	0.20002	0.03631	0.10205	0.12337	0.01410	0.05809	0.01099	0.01423	0.00871	0.00671	0.00886	0.00195	0.18931	0.00527	0.00336	0.00782
7	0.02098	0.01503	0.01562	0.01247	0.01665	0.07025	0.01011	0.43250	0.16137	0.15958	0.01672	0.01592	0.01179	0.00700	0.00570	0.00175	0.00600	0.00540	0.00578	0.00938
8	0.00885	0.00660	0.00773	0.00797	0.00922	0.00644	0.00587	0.06265	0.03519	0.01639	0.03410	0.24380	0.22263	0.17079	0.01144	0.00286	0.00423	0.13317	0.00498	0.00507
9	0.01167	0.01083	0.01408	0.01444	0.11711	0.09952	0.09711	0.01464	0.04169	0.04198	0.20655	0.18350	0.07718	0.01055	0.00649	0.00191	0.00538	0.03425	0.00471	0.00641
10	0.11296	0.08304	0.03971	0.10494	0.01843	0.01514	0.01043	0.21322	0.24822	0.07341	0.01558	0.01570	0.01148	0.00662	0.00531	0.00178	0.00564	0.00514	0.00481	0.00844
11	0.01316	0.01382	0.02724	0.17875	0.25539	0.01385	0.37706	0.01735	0.01295	0.01770	0.01104	0.01501	0.00859	0.00508	0.00621	0.00185	0.00837	0.00591	0.00280	0.00785
12	0.01210	0.01121	0.01959	0.01809	0.12916	0.01095	0.25648	0.10201	0.01420	0.01918	0.02043	0.26852	0.04528	0.01006	0.00668	0.00202	0.00639	0.03647	0.00417	0.00698
13	0.11510	0.06426	0.23341	0.01099	0.01520	0.06173	0.01118	0.01638	0.07376	0.01924	0.10168	0.04834	0.08949	0.00845	0.00555	0.00182	0.00571	0.06285	0.04805	0.00680
14	0.05537	0.01366	0.01271	0.01111	0.01420	0.16284	0.00873	0.12180	0.15216	0.16856	0.07763	0.07711	0.01833	0.00846	0.00579	0.00181	0.00573	0.04471	0.03156	0.00774
15	0.00854	0.00664	0.00795	0.00859	0.00977	0.00670	0.00619	0.01271	0.15885	0.01673	0.03311	0.50006	0.12405	0.01533	0.00698	0.00222	0.00364	0.06094	0.00541	0.00559
16	0.01138	0.03968	0.22504	0.12985	0.07494	0.01202	0.06955	0.05329	0.01292	0.01793	0.07828	0.11255	0.05648	0.00837	0.00706	0.00193	0.07107	0.00708	0.00352	0.00707
17	0.01780	0.07280	0.14643	0.01652	0.16513	0.07516	0.01266	0.06926	0.03479	0.24239	0.07715	0.01726	0.01403	0.00654	0.00556	0.00170	0.00631	0.00536	0.00457	0.00857
18	0.01386	0.01329	0.02268	0.10136	0.69937	0.01351	0.01741	0.01729	0.01288	0.01833	0.01071	0.01425	0.00893	0.00515	0.00567	0.00172	0.00687	0.00510	0.00281	0.00882
19	0.01030	0.00885	0.07511	0.00831	0.01091	0.00692	0.00702	0.01373	0.08389	0.10707	0.09945	0.17396	0.34740	0.01254	0.00653	0.00196	0.00384	0.01069	0.00540	0.00615
20	0.18431	0.00965	0.01044	0.00813	0.01227	0.00833	0.00644	0.01418	0.01171	0.02020	0.07313	0.06567	0.01370	0.00598	0.00450	0.00122	0.00409	0.00475	0.00379	0.53749
21	0.01467	0.22548	0.39878	0.01359	0.01977	0.01536	0.01554	0.01893	0.01230	0.12798	0.01125	0.01246	0.00832	0.00594	0.00620	0.00171	0.07621	0.00422	0.00313	0.00816
22	0.00718	0.00541	0.00671	0.00765	0.00856	0.00493	0.00551	0.00850	0.01182	0.01515	0.03896	0.49437	0.24491	0.01668	0.00722	0.00225	0.00343	0.10068	0.00531	0.00477
23	0.01348	0.01794	0.21575	0.08103	0.47884	0.03952	0.01795	0.01797	0.02988	0.01822	0.01081	0.01373	0.00863	0.00532	0.00559	0.00174	0.00735	0.00485	0.00278	0.00863
24	0.01352	0.41549	0.27230	0.03222	0.01828	0.01746	0.01338	0.05440	0.01250	0.01631	0.01111	0.07845	0.01007	0.00632	0.00473	0.00156	0.00670	0.00475	0.00286	0.00758
25	0.02396	0.01011	0.01322	0.01039	0.01464	0.00927	0.00850	0.02825	0.12596	0.65667	0.02267	0.01975	0.01465	0.00718	0.00576	0.00180	0.00482	0.00586	0.00689	0.00963
26	0.00734	0.00537	0.00698	0.00814	0.00885	0.00501	0.00588	0.00868	0.01161	0.01516	0.03472	0.57037	0.13041	0.01710	0.00734	0.00233	0.00361	0.14102	0.00530	0.00478
27	0.01444	0.10965	0.18157	0.11487	0.09477	0.06677	0.01349	0.11005	0.07502	0.04179	0.01246	0.01552	0.01004	0.06015	0.03613	0.00226	0.02489	0.00496	0.00345	0.00773
28	0.01585	0.00967	0.01143	0.00967	0.01274	0.00977	0.00766	0.10876	0.19381	0.22484	0.23637	0.02883	0.08746	0.00915	0.00613	0.00183	0.00417	0.00769	0.00624	0.00792
29	0.00747	0.00558	0.00694	0.00710	0.00829	0.00505	0.00513	0.00939	0.01397	0.01884	0.39109	0.26261	0.20932	0.01412	0.00691	0.00198	0.00292	0.01244	0.00579	0.00505
30	0.01431	0.01969	0.27946	0.14616	0.13331	0.10588	0.05476	0.04132	0.01329	0.07469	0.01169	0.01488	0.00902	0.04898	0.00688	0.00197	0.00786	0.00494	0.00311	0.00780
31	0.08603	0.01064	0.01560	0.09213	0.13778	0.03479	0.09084	0.01655	0.04647	0.09230	0.02790	0.08446	0.01685	0.03139	0.04717	0.00248	0.02813	0.12745	0.00410	0.00692
32	0.00923	0.00625	0.00868	0.11559	0.01317	0.00619	0.00704	0.01079	0.01168	0.08114	0.02961	0.51787	0.09068	0.03298	0.00742	0.00227	0.00413	0.03490	0.00504	0.00534
33	0.01373	0.01362	0.07917	0.04878	0.35526	0.01252	0.13025	0.03920	0.01296	0.06786	0.01280	0.03941	0.01064	0.01045	0.10050	0.00272	0.03297	0.00580	0.00326	0.00807
34	0.01382	0.01328	0.02209	0.08106	0.57609	0.01384	0.04966	0.01833	0.07806	0.01860	0.01169	0.01483	0.00961	0.00562	0.00642	0.00179	0.04819	0.00529	0.00306	0.00867
35	0.01169	0.01302	0.07207	0.26477	0.13838	0.01235	0.25392	0.01560	0.01243	0.01671	0.01505	0.08440	0.04994	0.00682	0.00622	0.00191	0.00760	0.00691	0.00307	0.00712
36	0.07317	0.01301	0.06787	0.18096	0.36246	0.03241	0.01454	0.03878	0.01263	0.01818	0.01332	0.12187	0.01239	0.00711	0.00572	0.00184	0.00650	0.00640	0.00323	0.00760

[dist]
# distance from previous block
# <min> <max>
0	51

[block]
# block no. 4 follows, 41 sequences, length 59
# corresponding to MSA columns:
# 338-396
name=unknown_E
#
# <colnr> <probs for GDERKNQSTAVLIFYWHMCP>
#	G	D	E	R	K	N	Q	S	T	A	V	L	I	F	Y	W	H	M	C	P
0	0.01789	0.22417	0.12810	0.01490	0.07904	0.30181	0.01248	0.07185	0.01487	0.05670	0.01008	0.01135	0.00803	0.00561	0.00491	0.00150	0.00800	0.00393	0.00316	0.02163
1	0.00921	0.00821	0.00972	0.00970	0.01107	0.06956	0.05484	0.01173	0.06345	0.01590	0.05137	0.48321	0.11435	0.01469	0.00694	0.00216	0.00443	0.04906	0.00502	0.00539
2	0.01248	0.01868	0.29788	0.08787	0.05715	0.04578	0.05886	0.06201	0.10725	0.01897	0.03765	0.01803	0.05378	0.00944	0.06349	0.00239	0.03152	0.00561	0.00346	0.00770
3	0.01199	0.01008	0.01118	0.01055	0.01271	0.01148	0.00794	0.02269	0.48806	0.02033	0.02418	0.20995	0.02215	0.06261	0.00834	0.00230	0.04168	0.00890	0.00538	0.00748
4	0.00856	0.00679	0.00992	0.05670	0.01197	0.00802	0.00772	0.01042	0.00954	0.01349	0.01734	0.09954	0.03860	0.07085	0.52583	0.00707	0.08192	0.00726	0.00329	0.00515
5	0.00815	0.00552	0.00649	0.00665	0.00676	0.00555	0.00394	0.00841	0.00869	0.01166	0.01946	0.12731	0.02239	0.65290	0.07825	0.00541	0.00596	0.00912	0.00366	0.00372
6	0.01283	0.01431	0.10499	0.02064	0.26843	0.01129	0.12268	0.01647	0.01252	0.01855	0.01059	0.01319	0.00856	0.00475	0.00523	0.00140	0.00639	0.00456	0.00302	0.33960
7	0.00736	0.00542	0.00689	0.00737	0.00831	0.00495	0.00521	0.00905	0.01319	0.01781	0.30507	0.41172	0.14631	0.01513	0.00702	0.00207	0.00303	0.01348	0.00568	0.00495
8	0.02049	0.01661	0.20539	0.01262	0.01805	0.01248	0.01234	0.22446	0.05019	0.34261	0.01704	0.01609	0.01132	0.00663	0.00567	0.00177	0.00615	0.00523	0.00547	0.00938
9	0.01375	0.49089	0.32801	0.01241	0.01874	0.01886	0.01436	0.01753	0.01181	0.01533	0.00888	0.01034	0.00730	0.00511	0.00438	0.00146	0.00706	0.00353	0.00243	0.00779
10	0.01726	0.01513	0.01415	0.01211	0.01557	0.12766	0.00954	0.23947	0.37735	0.02586	0.01799	0.01745	0.01348	0.00714	0.00557	0.00176	0.00578	0.00559	0.06250	0.00864
11	0.00700	0.00519	0.00654	0.00750	0.00820	0.00473	0.00513	0.00818	0.01167	0.01527	0.08102	0.60851	0.17639	0.01689	0.00716	0.00222	0.00320	0.01510	0.00537	0.00473
12	0.00899	0.00728	0.01038	0.00996	0.01062	0.00891	0.00770	0.01057	0.00912	0.01322	0.01511	0.07319	0.01521	0.11944	0.48788	0.00697	0.17036	0.00682	0.00314	0.00513
13	0.02065	0.01057	0.01304	0.01037	0.01416	0.01031	0.00843	0.18403	0.06970	0.41115	0.16147	0.02276	0.02100	0.00796	0.00594	0.00178	0.00475	0.00654	0.00654	0.00886
14	0.01226	0.01904	0.30195	0.20372	0.20175	0.01340	0.13189	0.01719	0.01237	0.01745	0.01056	0.01384	0.00798	0.00533	0.00576	0.00183	0.00806	0.00503	0.00262	0.00798
15	0.28381	0.00980	0.01107	0.00893	0.01282	0.00956	0.00734	0.02315	0.01390	0.46950	0.01759	0.01638	0.01166	0.00648	0.00490	0.00173	0.00454	0.00487	0.07372	0.00824
16	0.01152	0.01019	0.01153	0.16495	0.01714	0.06433	0.00884	0.07571	0.15008	0.02003	0.18933	0.08047	0.15313	0.00986	0.00621	0.00187	0.00494	0.00837	0.00493	0.00655
17	0.00960	0.00691	0.00772	0.00707	0.00923	0.00628	0.00543	0.07076	0.01525	0.06884	0.24158	0.04597	0.45896	0.01262	0.00660	0.00187	0.00325	0.01062	0.00573	0.00571
18	0.01264	0.05938	0.16913	0.01139	0.01700	0.01065	0.05270	0.01735	0.07978	0.03805	0.01166	0.01302	0.00914	0.00495	0.00478	0.00125	0.00556	0.00408	0.00343	0.47407
19	0.01274	0.01263	0.06686	0.01543	0.18115	0.03293	0.01048	0.05045	0.03229	0.01875	0.01148	0.01442	0.00968	0.03400	0.07113	0.00205	0.00637	0.00440	0.00334	0.40944
20	0.01515	0.01240	0.01374	0.01268	0.06035	0.01372	0.00935	0.16392	0.45960	0.02506	0.01940	0.01927	0.01481	0.03085	0.00629	0.00189	0.00493	0.00592	0.04471	0.06598
21	0.01520	0.44302	0.14509	0.01438	0.07343	0.11433	0.06306	0.01855	0.03670	0.01533	0.00939	0.01098	0.00788	0.00521	0.00457	0.00146	0.00726	0.00384	0.00267	0.00764
22	0.01592	0.01462	0.01589	0.01654	0.14927	0.10856	0.01121	0.10002	0.37357	0.03895	0.01702	0.01726	0.01308	0.00764	0.01848	0.00196	0.06112	0.00562	0.00467	0.00858
23	0.00909	0.00611	0.00703	0.00661	0.00851	0.00536	0.00502	0.01111	0.01432	0.08222	0.29104	0.04550	0.40548	0.01237	0.00648	0.00183	0.00298	0.01048	0.06297	0.00547
24	0.03747	0.00570	0.00681	0.00712	0.00784	0.00587	0.00492	0.01013	0.01010	0.01530	0.02071	0.19968	0.02188	0.25723	0.15050	0.00430	0.00609	0.03030	0.19347	0.00460
25	0.00697	0.00498	0.00664	0.00796	0.00830	0.00465	0.00531	0.00796	0.01095	0.01460	0.03153	0.79525	0.03783	0.01792	0.00730	0.00232	0.00332	0.01626	0.00531	0.00465
26	0.00994	0.00497	0.00745	0.00745	0.00745	0.00497	0.00497	0.00745	0.00745	0.00994	0.00994	0.01739	0.00994	0.01987	0.02235	0.83358	0.00497	0.00497	0.00248	0.00248
27	0.00697	0.00498	0.00664	0.00796	0.00830	0.00465	0.00531	0.00796	0.01095	0.01460	0.03153	0.79525	0.03783	0.01792	0.00730	0.00232	0.00332	0.01626	0.00531	0.00465
28	0.71686	0.01108	0.00928	0.00803	0.01170	0.01249	0.00661	0.04356	0.01110	0.11160	0.00985	0.01062	0.00724	0.00557	0.00387	0.00177	0.00454	0.00348	0.00402	0.00673
29	0.02539	0.01017	0.01354	0.01038	0.01482	0.00905	0.00858	0.07750	0.01710	0.71661	0.02195	0.01907	0.01385	0.00706	0.00575	0.00177	0.00497	0.00571	0.00699	0.00973
30	0.02045	0.14385	0.01828	0.01399	0.01723	0.66270	0.01086	0.02198	0.01552	0.01392	0.00871	0.01014	0.00736	0.00574	0.00493	0.00144	0.00968	0.00359	0.00287	0.00674
31	0.01085	0.00874	0.01002	0.00919	0.01139	0.00936	0.00704	0.01959	0.34689	0.02338	0.42948	0.03313	0.03758	0.00993	0.00633	0.00186	0.00352	0.00860	0.00608	0.00704
32	0.00857	0.00618	0.00817	0.00884	0.01004	0.00598	0.00720	0.01080	0.01330	0.01765	0.20227	0.08777	0.09679	0.09004	0.00955	0.00265	0.00441	0.39939	0.00534	0.00506
33	0.00817	0.00587	0.00783	0.00802	0.00921	0.00554	0.00619	0.01060	0.01477	0.02047	0.49769	0.15897	0.04712	0.01349	0.00707	0.00205	0.00333	0.16242	0.00593	0.00526
34	0.01147	0.02959	0.76934	0.01630	0.02476	0.01328	0.02113	0.01811	0.01208	0.01811	0.01026	0.01208	0.00725	0.00543	0.00543	0.00181	0.00845	0.00423	0.00242	0.00845
35	0.00829	0.00595	0.00831	0.00831	0.00909	0.00668	0.00611	0.00984	0.00907	0.01301	0.01612	0.02621	0.01595	0.23269	0.56064	0.00800	0.01241	0.00665	0.03196	0.00470
36	0.01414	0.01247	0.01298	0.01024	0.01461	0.06125	0.00811	0.09233	0.22116	0.02155	0.01411	0.01460	0.01104	0.00560	0.00489	0.00128	0.00492	0.00445	0.00427	0.46600
37	0.00774	0.00570	0.00687	0.00714	0.00808	0.00519	0.00480	0.00884	0.01124	0.01502	0.10878	0.35322	0.14627	0.21314	0.01246	0.00292	0.00381	0.01207	0.00482	0.06190
38	0.03555	0.31572	0.24428	0.01561	0.10729	0.09741	0.03956	0.01771	0.01240	0.01605	0.01021	0.04510	0.00886	0.00576	0.00485	0.00157	0.00729	0.00442	0.00270	0.00766
39	0.01191	0.11865	0.68414	0.01555	0.02360	0.01436	0.01983	0.01800	0.01202	0.01758	0.01000	0.01174	0.00726	0.00537	0.00523	0.00174	0.00818	0.00409	0.00242	0.00833
40	0.02566	0.00973	0.01327	0.01018	0.01460	0.00841	0.00841	0.02788	0.01637	0.76726	0.02257	0.01947	0.01416	0.00708	0.00575	0.00177	0.00487	0.00575	0.00708	0.00973
41	0.01032	0.01392	0.24217	0.01028	0.01433	0.00858	0.01056	0.01478	0.07501	0.06723	0.08555	0.07852	0.28655	0.01071	0.00630	0.00193	0.00501	0.04692	0.00465	0.00668
42	0.01545	0.21260	0.28711	0.01514	0.08244	0.03804	0.03639	0.03969	0.08206	0.11954	0.01271	0.01350	0.00942	0.00575	0.00514	0.00165	0.00692	0.00451	0.00353	0.00842
43	0.00738	0.00530	0.00701	0.00768	0.00839	0.00492	0.00534	0.00901	0.01288	0.01767	0.29972	0.51831	0.04377	0.01563	0.00710	0.00213	0.00309	0.01408	0.00567	0.00492
44	0.00704	0.00507	0.00667	0.00782	0.00829	0.00471	0.00527	0.00817	0.01140	0.01522	0.08315	0.71098	0.07035	0.01734	0.00724	0.00227	0.00326	0.01567	0.00538	0.00471
45	0.07519	0.01847	0.03837	0.01592	0.12337	0.29572	0.01119	0.08788	0.16969	0.06945	0.01457	0.01507	0.02733	0.00647	0.00539	0.00169	0.00725	0.00490	0.00413	0.00795
46	0.01564	0.12066	0.09107	0.04238	0.19484	0.10247	0.12342	0.12559	0.01476	0.01931	0.01034	0.01287	0.00832	0.00593	0.00684	0.00175	0.08780	0.00484	0.00315	0.00803
47	0.01667	0.01820	0.02023	0.01639	0.01923	0.26765	0.17382	0.10206	0.01449	0.01769	0.00996	0.01288	0.00823	0.00701	0.00957	0.00190	0.23987	0.00498	0.03211	0.00707
48	0.00788	0.00612	0.00831	0.00886	0.00931	0.00654	0.00636	0.00917	0.01115	0.01536	0.11020	0.56067	0.03429	0.01777	0.05715	0.00272	0.10475	0.01351	0.00492	0.00497
49	0.01704	0.13427	0.19122	0.03796	0.15227	0.14725	0.03600	0.07967	0.01472	0.11960	0.01175	0.01304	0.00880	0.00570	0.00528	0.00164	0.00749	0.00450	0.00351	0.00828
50	0.14669	0.01099	0.01270	0.20578	0.01957	0.03517	0.00979	0.06418	0.20940	0.07060	0.07076	0.01902	0.01480	0.03061	0.02579	0.00212	0.00570	0.00566	0.03340	0.00726
51	0.02214	0.00948	0.01230	0.00978	0.01368	0.00857	0.00791	0.02561	0.09080	0.59486	0.02544	0.02346	0.07818	0.04216	0.00686	0.00196	0.00469	0.00647	0.00664	0.00898
52	0.01231	0.01486	0.15223	0.01737	0.18821	0.05257	0.06151	0.07289	0.05938	0.01942	0.07714	0.08161	0.14893	0.00860	0.00608	0.00183	0.00604	0.00753	0.00406	0.00742
53	0.01573	0.02021	0.14899	0.02052	0.23858	0.25577	0.03491	0.03255	0.09617	0.01796	0.03305	0.03655	0.01122	0.00628	0.00559	0.00170	0.00781	0.00516	0.00335	0.00793
54	0.01274	0.01051	0.01083	0.01026	0.01229	0.08574	0.00773	0.10251	0.18185	0.04539	0.02213	0.28070	0.02174	0.01612	0.12207	0.00306	0.00648	0.00923	0.03190	0.00671
55	0.00920	0.00726	0.00909	0.09607	0.01282	0.00745	0.00695	0.08483	0.01349	0.01756	0.10520	0.15076	0.27558	0.05200	0.12254	0.00320	0.00580	0.00997	0.00472	0.00551
56	0.06433	0.12120	0.26562	0.01907	0.19758	0.01393	0.07798	0.01855	0.03829	0.07720	0.01240	0.04722	0.00998	0.00598	0.00538	0.00174	0.00697	0.00515	0.00324	0.00821
57	0.01293	0.13387	0.41970	0.03662	0.01983	0.01316	0.01516	0.03836	0.03819	0.07633	0.01371	0.07882	0.01165	0.05907	0.00695	0.00202	0.00700	0.00557	0.00331	0.00775
58	0.01209	0.00688	0.00918	0.00895	0.01093	0.00650	0.00722	0.01417	0.01324	0.18829	0.07718	0.12400	0.15316	0.01757	0.12106	0.00320	0.00589	0.20893	0.00543	0.00613

[dist]
# distance from previous block
# <min> <max>
0	10

[block]
# block no. 5 follows, 41 sequences, length 32
# corresponding to MSA columns:
# 407-438
name=unknown_F
#
# <colnr> <probs for GDERKNQSTAVLIFYWHMCP>
#	G	D	E	R	K	N	Q	S	T	A	V	L	I	F	Y	W	H	M	C	P
0	0.01381	0.23283	0.08003	0.01675	0.14920	0.05391	0.11918	0.01665	0.01285	0.06169	0.05434	0.13450	0.01545	0.00751	0.00554	0.00170	0.00647	0.00667	0.00353	0.00737
1	0.03898	0.15455	0.17283	0.01892	0.23423	0.08038	0.01399	0.03674	0.05148	0.08163	0.03360	0.03520	0.01111	0.00609	0.00526	0.00166	0.00675	0.00496	0.00346	0.00819
2	0.01521	0.28428	0.34044	0.01352	0.01969	0.09013	0.01488	0.12534	0.01451	0.01882	0.00987	0.01119	0.00765	0.00551	0.00486	0.00157	0.00754	0.00392	0.00296	0.00810
3	0.00719	0.00526	0.00681	0.00797	0.00861	0.00488	0.00562	0.00843	0.01147	0.01499	0.03483	0.61801	0.13161	0.01724	0.00730	0.00231	0.00348	0.09396	0.00531	0.00474
4	0.01200	0.19647	0.23808	0.03571	0.01908	0.01362	0.12088	0.05123	0.01280	0.01715	0.02895	0.16432	0.04965	0.00822	0.00569	0.00180	0.00663	0.00718	0.00341	0.00714
5	0.01123	0.00596	0.00860	0.07211	0.01058	0.00604	0.00594	0.01016	0.00879	0.08309	0.01259	0.02094	0.01206	0.15482	0.02057	0.53882	0.00528	0.00564	0.00310	0.00367
6	0.00690	0.00525	0.00635	0.00723	0.00810	0.00471	0.00498	0.00805	0.01166	0.01489	0.04045	0.54518	0.28214	0.01676	0.00712	0.00219	0.00318	0.01485	0.00531	0.00471
7	0.01170	0.01123	0.01810	0.48796	0.13508	0.01403	0.01528	0.01482	0.01099	0.01498	0.00959	0.01441	0.00780	0.00670	0.00896	0.00203	0.20200	0.00507	0.00257	0.00671
8	0.01352	0.02175	0.39056	0.05993	0.08756	0.03288	0.05408	0.08989	0.15403	0.02070	0.01313	0.01448	0.00967	0.00598	0.00563	0.00182	0.00742	0.00498	0.00346	0.00854
9	0.01328	0.01670	0.10376	0.02310	0.02897	0.01444	0.65218	0.01817	0.01323	0.01817	0.01133	0.01502	0.00851	0.00503	0.00697	0.00193	0.03218	0.00646	0.00284	0.00774
10	0.00753	0.00636	0.00660	0.00655	0.00848	0.00574	0.00490	0.01041	0.08390	0.01646	0.07654	0.10148	0.61696	0.01398	0.00671	0.00195	0.00308	0.01176	0.00539	0.00524
11	0.01499	0.01237	0.01305	0.01140	0.01474	0.01405	0.00896	0.15266	0.56386	0.02546	0.02360	0.02205	0.06094	0.00798	0.00581	0.00189	0.00469	0.00655	0.02612	0.00882
12	0.01165	0.00908	0.00972	0.00911	0.01139	0.03469	0.00718	0.05946	0.22009	0.03938	0.16084	0.03639	0.16036	0.01055	0.00622	0.00191	0.00411	0.10683	0.09435	0.00668
13	0.01335	0.01055	0.01155	0.01065	0.01349	0.01170	0.00832	0.02511	0.52610	0.06907	0.02767	0.08026	0.09110	0.00969	0.00617	0.00201	0.00437	0.06498	0.00577	0.00809
14	0.01204	0.14358	0.66029	0.01534	0.02327	0.01466	0.01946	0.01797	0.01201	0.01743	0.00992	0.01165	0.00726	0.00535	0.00517	0.00172	0.00811	0.00405	0.00242	0.00829
15	0.00926	0.00620	0.00746	0.00694	0.00881	0.00546	0.00528	0.01142	0.01498	0.09134	0.41595	0.04530	0.32563	0.01234	0.00666	0.00185	0.00298	0.01058	0.00599	0.00559
16	0.01999	0.02322	0.01565	0.01397	0.01713	0.55234	0.01064	0.09346	0.16330	0.01808	0.01217	0.01283	0.00959	0.00636	0.00534	0.00159	0.00878	0.00438	0.00378	0.00741
17	0.05866	0.00709	0.00774	0.00732	0.00931	0.00692	0.00557	0.01302	0.12323	0.02028	0.32805	0.04243	0.32565	0.01183	0.00642	0.00187	0.00315	0.01002	0.00567	0.00576
18	0.02407	0.01229	0.01485	0.01139	0.01588	0.01220	0.00941	0.31883	0.02064	0.47028	0.01898	0.01714	0.01236	0.00699	0.00574	0.00175	0.00545	0.00551	0.00653	0.00973
19	0.01080	0.01017	0.01716	0.78523	0.03940	0.01271	0.01589	0.01461	0.01144	0.01461	0.01017	0.01525	0.00762	0.00572	0.00572	0.00191	0.00762	0.00508	0.00254	0.00635
20	0.00712	0.00555	0.00647	0.00679	0.00809	0.00489	0.00488	0.00869	0.01306	0.01681	0.20235	0.28863	0.37630	0.01497	0.00693	0.00203	0.00299	0.01303	0.00553	0.00489
21	0.01251	0.01251	0.01752	0.01502	0.01502	0.01752	0.01251	0.01377	0.00876	0.01377	0.00751	0.01251	0.00751	0.01001	0.01877	0.00250	0.78851	0.00501	0.00250	0.00626
22	0.02137	0.02726	0.01621	0.01474	0.01768	0.77602	0.01105	0.02284	0.01621	0.01400	0.00884	0.01031	0.00737	0.00589	0.00516	0.00147	0.01031	0.00368	0.00295	0.00663
23	0.00820	0.00601	0.00858	0.00858	0.00938	0.00681	0.00638	0.00982	0.00901	0.01282	0.01588	0.02559	0.01566	0.20070	0.62037	0.00843	0.01328	0.00659	0.00315	0.00476
24	0.34799	0.00959	0.00948	0.00826	0.01129	0.01024	0.00661	0.06154	0.07333	0.12695	0.16304	0.02172	0.05775	0.00767	0.00499	0.00176	0.00407	0.00591	0.06095	0.00684
25	0.00894	0.01176	0.19736	0.00946	0.01258	0.00736	0.00932	0.01262	0.01517	0.02174	0.57348	0.03509	0.04233	0.01013	0.00642	0.00180	0.00413	0.00882	0.00533	0.00616
26	0.01135	0.00888	0.01274	0.01389	0.09688	0.00942	0.03526	0.05774	0.06328	0.03817	0.02308	0.10707	0.02359	0.01535	0.08151	0.00297	0.05367	0.33409	0.00465	0.00641
27	0.01254	0.01188	0.02004	0.12119	0.52928	0.01206	0.03777	0.01567	0.01265	0.01757	0.01589	0.09193	0.06250	0.00703	0.00593	0.00181	0.00639	0.00669	0.00320	0.00798
28	0.01436	0.01428	0.01934	0.21887	0.29539	0.13756	0.06375	0.01787	0.03455	0.04272	0.01280	0.03640	0.01095	0.00647	0.00585	0.00181	0.00747	0.04876	0.00322	0.00757
29	0.12746	0.01452	0.04131	0.04579	0.29595	0.05296	0.17631	0.07267	0.01411	0.08739	0.01171	0.01400	0.00891	0.00544	0.00560	0.00176	0.00715	0.00516	0.00352	0.00826
30	0.01628	0.03191	0.12337	0.01608	0.02080	0.11983	0.22140	0.11107	0.05976	0.10616	0.01540	0.03996	0.01253	0.00709	0.00611	0.00187	0.00767	0.07068	0.00412	0.00792
31	0.01766	0.03692	0.04263	0.08394	0.20577	0.18046	0.01287	0.06682	0.01464	0.15788	0.01352	0.01571	0.02341	0.00666	0.00683	0.00177	0.08208	0.01862	0.00385	0.00798

[dist]
# distance from previous block
# <min> <max>
0	25

# created by:
# /home/cegg/simao/soft/augustus-3.2.1/scripts/msa2prfl.pl ./align_prep/26665.fa
