[name]
unknown

[dist]
# distance from previous block
# <min> <max>
0	78

[block]
# block no. 0 follows, 45 sequences, length 77
# corresponding to MSA columns:
# 80-156
name=unknown_A
#
# <colnr> <probs for GDERKNQSTAVLIFYWHMCP>
#	G	D	E	R	K	N	Q	S	T	A	V	L	I	F	Y	W	H	M	C	P
0	0.01212	0.01155	0.01960	0.04843	0.49145	0.01156	0.09819	0.01596	0.05766	0.01727	0.01585	0.03779	0.06323	0.00663	0.00572	0.00174	0.00613	0.06826	0.00323	0.00762
1	0.03330	0.07042	0.41969	0.03573	0.10068	0.02643	0.06291	0.05784	0.01237	0.05547	0.01042	0.01222	0.00773	0.00603	0.02562	0.00179	0.00733	0.00425	0.00282	0.04696
2	0.00992	0.01438	0.22578	0.01424	0.01845	0.00979	0.26040	0.01344	0.01132	0.01558	0.03705	0.13423	0.08293	0.11747	0.00894	0.00229	0.00664	0.00770	0.00327	0.00617
3	0.07552	0.00590	0.00743	0.00749	0.00862	0.00622	0.00553	0.00970	0.00981	0.03315	0.05972	0.16291	0.11771	0.11961	0.34049	0.00514	0.00817	0.00832	0.00384	0.00470
4	0.04415	0.06972	0.01480	0.01198	0.02545	0.29893	0.07472	0.05427	0.07498	0.03432	0.01694	0.01819	0.10674	0.01040	0.09076	0.00231	0.00775	0.00530	0.03191	0.00636
5	0.05872	0.06710	0.01769	0.03453	0.12667	0.01421	0.07393	0.29763	0.10696	0.12805	0.01379	0.01420	0.01002	0.00594	0.00523	0.00163	0.00580	0.00495	0.00456	0.00841
6	0.01166	0.00694	0.00879	0.00878	0.04744	0.00650	0.00616	0.01439	0.07306	0.18809	0.14156	0.18510	0.17592	0.06968	0.00758	0.00206	0.00366	0.00936	0.02722	0.00604
7	0.06331	0.00774	0.01119	0.10322	0.15957	0.00796	0.00861	0.02328	0.01119	0.04759	0.09902	0.11967	0.09410	0.01234	0.04717	0.14773	0.00514	0.02195	0.00374	0.00548
8	0.01339	0.12370	0.04027	0.12007	0.01641	0.24962	0.00936	0.05190	0.01290	0.02811	0.01667	0.23030	0.04831	0.00886	0.00538	0.00167	0.00636	0.00724	0.00353	0.00595
9	0.01298	0.31501	0.45445	0.01267	0.01912	0.01537	0.01512	0.01728	0.01145	0.06706	0.00962	0.01080	0.00727	0.00502	0.00451	0.00149	0.00690	0.00366	0.00257	0.00763
10	0.00840	0.00539	0.00679	0.00701	0.00799	0.00494	0.00488	0.00967	0.01159	0.08008	0.17932	0.37778	0.12999	0.12931	0.00952	0.00243	0.00337	0.01173	0.00506	0.00477
11	0.01200	0.01161	0.02025	0.33388	0.43233	0.01249	0.06886	0.01544	0.01167	0.01601	0.00993	0.01378	0.00795	0.00499	0.00541	0.00169	0.00687	0.00489	0.00255	0.00741
12	0.01262	0.05111	0.01877	0.07256	0.27173	0.01243	0.11236	0.07846	0.03183	0.03770	0.03777	0.04176	0.09873	0.00706	0.00686	0.00175	0.08976	0.00614	0.00343	0.00720
13	0.01003	0.00867	0.00852	0.00815	0.00961	0.07509	0.00579	0.01481	0.21376	0.01621	0.12875	0.10983	0.10758	0.24541	0.01219	0.00279	0.00447	0.00838	0.00454	0.00542
14	0.00791	0.00579	0.00751	0.00866	0.06860	0.00577	0.00522	0.00883	0.00930	0.01262	0.02206	0.18770	0.09092	0.38080	0.12280	0.00433	0.00581	0.00901	0.03207	0.00428
15	0.01153	0.01044	0.01675	0.50969	0.19640	0.01205	0.01419	0.07743	0.01259	0.01679	0.06168	0.01571	0.01056	0.00571	0.00542	0.00172	0.00657	0.00511	0.00294	0.00673
16	0.01389	0.01489	0.01791	0.33680	0.09064	0.21111	0.10019	0.04627	0.06521	0.01566	0.01034	0.01334	0.00804	0.00554	0.00567	0.00168	0.02854	0.00471	0.00287	0.00669
17	0.01152	0.00958	0.01168	0.00967	0.06196	0.00766	0.00705	0.01423	0.04157	0.03174	0.01028	0.01202	0.00849	0.00494	0.00499	0.04260	0.00419	0.00352	0.00326	0.69907
18	0.00997	0.00927	0.01531	0.64162	0.05856	0.01144	0.01375	0.01315	0.01055	0.01377	0.01117	0.07776	0.00965	0.00753	0.02971	0.00205	0.05061	0.00563	0.00262	0.00588
19	0.01264	0.37047	0.29833	0.05316	0.07116	0.01641	0.07737	0.01641	0.01129	0.01497	0.00881	0.01068	0.00709	0.00482	0.00450	0.00146	0.00692	0.00378	0.00235	0.00736
20	0.29217	0.01117	0.01060	0.00898	0.01224	0.07204	0.00720	0.12170	0.05837	0.20652	0.01587	0.05415	0.03781	0.00674	0.00466	0.00164	0.00472	0.00505	0.06125	0.00709
21	0.00673	0.00521	0.00588	0.00617	0.00743	0.00459	0.00442	0.00813	0.01194	0.01530	0.14197	0.25512	0.42905	0.03642	0.00699	0.00197	0.00286	0.01187	0.03341	0.00454
22	0.01289	0.01540	0.22262	0.01244	0.01625	0.01228	0.03706	0.23554	0.02983	0.02082	0.01467	0.15947	0.01355	0.01028	0.05324	0.00224	0.09984	0.00663	0.01783	0.00714
23	0.01294	0.01200	0.01756	0.01422	0.01642	0.01430	0.14944	0.11794	0.14280	0.01811	0.01199	0.01527	0.01002	0.03360	0.07376	0.00264	0.32125	0.00543	0.00344	0.00686
24	0.06496	0.00604	0.00690	0.00671	0.00814	0.00583	0.00492	0.01094	0.04990	0.03798	0.31361	0.14108	0.17717	0.08374	0.00788	0.00208	0.00313	0.00957	0.05439	0.00503
25	0.00787	0.00508	0.00678	0.00752	0.00822	0.00469	0.00519	0.00910	0.01129	0.06666	0.13075	0.64972	0.03607	0.01533	0.00668	0.00208	0.00313	0.01384	0.00522	0.00478
26	0.06526	0.01785	0.01403	0.03420	0.01579	0.35349	0.00953	0.21118	0.08102	0.05853	0.04940	0.01379	0.01094	0.00742	0.03262	0.00179	0.00742	0.00453	0.00404	0.00717
27	0.06455	0.00607	0.00727	0.00752	0.00878	0.00600	0.00560	0.01092	0.07129	0.01799	0.27906	0.30204	0.10058	0.01286	0.00634	0.00195	0.00321	0.07770	0.00521	0.00508
28	0.06938	0.00788	0.00891	0.00792	0.01034	0.00782	0.00616	0.09058	0.08384	0.16896	0.10271	0.13408	0.17266	0.00975	0.00557	0.00173	0.00365	0.00816	0.09346	0.00643
29	0.01110	0.00636	0.00661	0.00613	0.00778	0.00657	0.00471	0.09448	0.03961	0.02171	0.06835	0.02059	0.01584	0.00663	0.00416	0.00134	0.00294	0.00534	0.66418	0.00558
30	0.00733	0.00537	0.00696	0.00745	0.00849	0.00501	0.00565	0.00921	0.01273	0.01710	0.30010	0.27979	0.13647	0.01389	0.00671	0.00202	0.00323	0.16243	0.00531	0.00476
31	0.00653	0.00500	0.00600	0.00669	0.00760	0.00446	0.00466	0.00771	0.01128	0.01445	0.08253	0.48713	0.30606	0.01530	0.00664	0.00202	0.00294	0.01350	0.00504	0.00446
32	0.00699	0.00486	0.00609	0.00689	0.00709	0.00466	0.00436	0.00759	0.00939	0.01252	0.02504	0.53071	0.02977	0.30177	0.01419	0.00326	0.00386	0.01259	0.00436	0.00396
33	0.01660	0.01621	0.01340	0.01174	0.01478	0.27242	0.00909	0.13895	0.31477	0.04679	0.07610	0.01700	0.01472	0.00684	0.00531	0.00163	0.00620	0.00527	0.00462	0.00758
34	0.02408	0.00914	0.01246	0.00955	0.01370	0.00789	0.00789	0.02616	0.01536	0.78158	0.02118	0.01827	0.01329	0.00664	0.00540	0.00166	0.00457	0.00540	0.00664	0.00914
35	0.00674	0.00475	0.00617	0.00722	0.00749	0.00449	0.00472	0.00753	0.00990	0.01319	0.02763	0.68848	0.03303	0.13955	0.01001	0.00265	0.00344	0.01411	0.00472	0.00419
36	0.00858	0.00613	0.00855	0.00967	0.01091	0.00610	0.00841	0.01105	0.01255	0.01643	0.07887	0.05917	0.03223	0.01457	0.00734	0.00242	0.00478	0.69227	0.00501	0.00495
37	0.00792	0.00531	0.00638	0.00672	0.00781	0.00478	0.00471	0.00911	0.01130	0.06611	0.07239	0.38486	0.27000	0.08461	0.00829	0.00224	0.00322	0.01213	0.02741	0.00469
38	0.00932	0.00466	0.00699	0.00699	0.00699	0.00466	0.00466	0.00699	0.00699	0.00932	0.00932	0.01632	0.00932	0.01865	0.02098	0.84382	0.00466	0.00466	0.00233	0.00233
39	0.01282	0.01228	0.02094	0.14647	0.66799	0.01263	0.01624	0.01606	0.01200	0.01697	0.01001	0.01344	0.00830	0.00487	0.00532	0.00162	0.00649	0.00478	0.00262	0.00813
40	0.07937	0.00608	0.00701	0.00719	0.00834	0.00609	0.00513	0.03144	0.04943	0.01762	0.19950	0.34925	0.06992	0.07342	0.00765	0.00214	0.00330	0.01071	0.06146	0.00496
41	0.01030	0.00623	0.00800	0.00818	0.00943	0.00596	0.00586	0.05934	0.03356	0.13133	0.04805	0.59368	0.03034	0.01418	0.00648	0.00204	0.00353	0.01269	0.00530	0.00552
42	0.00851	0.00682	0.00790	0.00786	0.00930	0.04456	0.00620	0.01121	0.03544	0.01909	0.45983	0.04420	0.11599	0.01181	0.00650	0.00188	0.00355	0.18882	0.00541	0.00514
43	0.00739	0.00530	0.00680	0.00698	0.00804	0.00491	0.00505	0.00916	0.01268	0.03237	0.35374	0.29673	0.15060	0.01514	0.05765	0.00232	0.00357	0.01146	0.00528	0.00481
44	0.01314	0.00649	0.00870	0.00806	0.00984	0.00604	0.00599	0.01460	0.01186	0.28463	0.06275	0.28558	0.02347	0.11028	0.10295	0.00309	0.00519	0.00924	0.02208	0.00602
45	0.01544	0.01176	0.01271	0.01097	0.01430	0.01323	0.00867	0.12809	0.58748	0.10398	0.02055	0.01887	0.01507	0.00710	0.00544	0.00178	0.00451	0.00583	0.00557	0.00865
46	0.60969	0.01477	0.01001	0.00902	0.01218	0.23676	0.00713	0.01741	0.01089	0.02092	0.00771	0.00900	0.00613	0.00514	0.00376	0.00158	0.00575	0.00307	0.00316	0.00593
47	0.01431	0.01005	0.01057	0.00901	0.01174	0.01107	0.00715	0.26105	0.22144	0.02519	0.01718	0.01769	0.01296	0.00660	0.00475	0.00152	0.00409	0.00524	0.34109	0.00730
48	0.01294	0.24575	0.26503	0.01201	0.01776	0.01347	0.07542	0.01653	0.01155	0.06755	0.00987	0.01124	0.00766	0.00474	0.00448	0.00133	0.00622	0.00376	0.00283	0.20987
49	0.02041	0.01504	0.01611	0.01235	0.01665	0.01665	0.01020	0.75997	0.02524	0.03383	0.01289	0.01289	0.00913	0.00644	0.00537	0.00161	0.00591	0.00483	0.00537	0.00913
50	0.01113	0.00954	0.01113	0.00795	0.01272	0.00716	0.00636	0.01352	0.01113	0.01749	0.00954	0.01113	0.00795	0.00398	0.00398	0.00080	0.00398	0.00318	0.00318	0.84417
51	0.00741	0.00548	0.00691	0.00655	0.00790	0.00498	0.00492	0.00976	0.01475	0.02046	0.66598	0.04185	0.16037	0.01137	0.00633	0.00171	0.00256	0.00995	0.00577	0.00498
52	0.00760	0.00549	0.00718	0.00675	0.00802	0.00506	0.00506	0.01013	0.01519	0.02153	0.77503	0.04010	0.05065	0.01097	0.00633	0.00169	0.00253	0.00971	0.00591	0.00506
53	0.00760	0.00549	0.00718	0.00675	0.00802	0.00506	0.00506	0.01013	0.01519	0.02153	0.77503	0.04010	0.05065	0.01097	0.00633	0.00169	0.00253	0.00971	0.00591	0.00506
54	0.00760	0.00549	0.00718	0.00675	0.00802	0.00506	0.00506	0.01013	0.01519	0.02153	0.77503	0.04010	0.05065	0.01097	0.00633	0.00169	0.00253	0.00971	0.00591	0.00506
55	0.00654	0.00467	0.00623	0.00747	0.00779	0.00436	0.00498	0.00747	0.01028	0.01370	0.02959	0.80785	0.03550	0.01682	0.00685	0.00218	0.00311	0.01526	0.00498	0.00436
56	0.02041	0.01504	0.01611	0.01235	0.01665	0.01665	0.01020	0.75997	0.02524	0.03383	0.01289	0.01289	0.00913	0.00644	0.00537	0.00161	0.00591	0.00483	0.00537	0.00913
57	0.84927	0.01038	0.00789	0.00706	0.01038	0.01204	0.00581	0.01578	0.00914	0.02408	0.00747	0.00872	0.00581	0.00498	0.00332	0.00166	0.00415	0.00291	0.00332	0.00581
58	0.02041	0.01504	0.01611	0.01235	0.01665	0.01665	0.01020	0.75997	0.02524	0.03383	0.01289	0.01289	0.00913	0.00644	0.00537	0.00161	0.00591	0.00483	0.00537	0.00913
59	0.00865	0.00618	0.00865	0.00989	0.01112	0.00618	0.00865	0.01112	0.01236	0.01606	0.02842	0.06055	0.03089	0.01483	0.00741	0.00247	0.00494	0.74174	0.00494	0.00494
60	0.01032	0.02533	0.70165	0.01448	0.02161	0.01161	0.01827	0.01600	0.01122	0.01665	0.01174	0.09524	0.00982	0.00633	0.00528	0.00175	0.00743	0.00516	0.00255	0.00756
61	0.01113	0.00954	0.01113	0.00795	0.01272	0.00716	0.00636	0.01352	0.01113	0.01749	0.00954	0.01113	0.00795	0.00398	0.00398	0.00080	0.00398	0.00318	0.00318	0.84417
62	0.46626	0.01001	0.01014	0.00831	0.01203	0.01042	0.00686	0.04635	0.01237	0.34932	0.01354	0.01296	0.00914	0.00575	0.00428	0.00166	0.00439	0.00404	0.00482	0.00735
63	0.00771	0.00541	0.00700	0.00720	0.00763	0.00570	0.00493	0.00860	0.00861	0.01177	0.01796	0.10048	0.01966	0.42966	0.27899	0.00590	0.00807	0.05737	0.00339	0.00398
64	0.00971	0.00773	0.01144	0.01046	0.03060	0.00846	0.07091	0.08931	0.01100	0.01539	0.05162	0.02230	0.01499	0.14953	0.44184	0.00608	0.03381	0.00616	0.00331	0.00536
65	0.01014	0.00954	0.01610	0.79845	0.03697	0.01193	0.01491	0.01371	0.01073	0.01371	0.00954	0.01431	0.00716	0.00537	0.00537	0.00179	0.00716	0.00477	0.00239	0.00596
66	0.84927	0.01038	0.00789	0.00706	0.01038	0.01204	0.00581	0.01578	0.00914	0.02408	0.00747	0.00872	0.00581	0.00498	0.00332	0.00166	0.00415	0.00291	0.00332	0.00581
67	0.01435	0.81458	0.02813	0.00918	0.01378	0.02124	0.00918	0.01607	0.01091	0.01263	0.00746	0.00861	0.00689	0.00459	0.00344	0.00115	0.00574	0.00287	0.00230	0.00689
68	0.00869	0.00744	0.00772	0.00737	0.00952	0.00747	0.00560	0.01465	0.26468	0.01712	0.04228	0.07850	0.48541	0.01165	0.00607	0.00183	0.00325	0.00977	0.00514	0.00585
69	0.00654	0.00467	0.00623	0.00747	0.00779	0.00436	0.00498	0.00747	0.01028	0.01370	0.02959	0.80785	0.03550	0.01682	0.00685	0.00218	0.00311	0.01526	0.00498	0.00436
70	0.01295	0.00668	0.00813	0.00717	0.00854	0.00639	0.00486	0.02869	0.02577	0.23770	0.01819	0.02942	0.01741	0.54252	0.02000	0.00402	0.00501	0.00700	0.00434	0.00520
71	0.00654	0.00467	0.00623	0.00747	0.00779	0.00436	0.00498	0.00747	0.01028	0.01370	0.02959	0.80785	0.03550	0.01682	0.00685	0.00218	0.00311	0.01526	0.00498	0.00436
72	0.00829	0.00629	0.00928	0.06300	0.04929	0.00673	0.00769	0.01046	0.01097	0.01521	0.13935	0.09686	0.02432	0.02301	0.30985	0.01865	0.00824	0.17054	0.01692	0.00506
73	0.01486	0.20963	0.02007	0.01774	0.22198	0.22401	0.01184	0.01680	0.01185	0.01414	0.00861	0.01123	0.00763	0.00719	0.03852	0.00185	0.14863	0.00399	0.00255	0.00688
74	0.01173	0.01133	0.01619	0.23596	0.11098	0.04929	0.07259	0.01456	0.01119	0.01575	0.00941	0.01254	0.00767	0.00511	0.00608	0.00143	0.08274	0.00424	0.00276	0.31845
75	0.27264	0.05743	0.08074	0.01202	0.10008	0.10540	0.00925	0.01667	0.01138	0.06184	0.00937	0.01074	0.00737	0.00485	0.00418	0.00137	0.00547	0.00349	0.00318	0.22256
76	0.01318	0.01407	0.09291	0.01511	0.15781	0.08677	0.03601	0.08908	0.12118	0.01955	0.07858	0.01668	0.03619	0.00601	0.00512	0.00146	0.00562	0.00507	0.00376	0.19583

[dist]
# distance from previous block
# <min> <max>
0	1

[block]
# block no. 1 follows, 45 sequences, length 29
# corresponding to MSA columns:
# 158-186
name=unknown_B
#
# <colnr> <probs for GDERKNQSTAVLIFYWHMCP>
#	G	D	E	R	K	N	Q	S	T	A	V	L	I	F	Y	W	H	M	C	P
0	0.00751	0.00590	0.00652	0.00642	0.00813	0.00538	0.00481	0.00998	0.06471	0.03454	0.14107	0.11491	0.50700	0.01418	0.04261	0.00214	0.00342	0.01071	0.00508	0.00498
1	0.01496	0.03727	0.03965	0.01515	0.09823	0.13207	0.01143	0.05331	0.09497	0.08763	0.01089	0.01307	0.00888	0.00741	0.01049	0.00191	0.34763	0.00467	0.00333	0.00705
2	0.01936	0.00953	0.01184	0.00944	0.01301	0.00909	0.00767	0.14246	0.06907	0.45551	0.11060	0.02279	0.07954	0.00773	0.00558	0.00168	0.00437	0.00634	0.00613	0.00824
3	0.84927	0.01038	0.00789	0.00706	0.01038	0.01204	0.00581	0.01578	0.00914	0.02408	0.00747	0.00872	0.00581	0.00498	0.00332	0.00166	0.00415	0.00291	0.00332	0.00581
4	0.01435	0.81458	0.02813	0.00918	0.01378	0.02124	0.00918	0.01607	0.01091	0.01263	0.00746	0.00861	0.00689	0.00459	0.00344	0.00115	0.00574	0.00287	0.00230	0.00689
5	0.00685	0.00546	0.00614	0.00597	0.00756	0.00475	0.00448	0.00868	0.01343	0.01733	0.34463	0.04700	0.48367	0.01254	0.00634	0.00176	0.00264	0.01068	0.00536	0.00475
6	0.00746	0.00548	0.00699	0.00661	0.00794	0.00501	0.00496	0.00987	0.01488	0.02078	0.69821	0.04133	0.12794	0.01125	0.00633	0.00170	0.00255	0.00988	0.00581	0.00501
7	0.00760	0.00549	0.00718	0.00675	0.00802	0.00506	0.00506	0.01013	0.01519	0.02153	0.77503	0.04010	0.05065	0.01097	0.00633	0.00169	0.00253	0.00971	0.00591	0.00506
8	0.00775	0.00542	0.00697	0.00697	0.00736	0.00581	0.00465	0.00852	0.00814	0.01124	0.01589	0.02947	0.01706	0.50078	0.33453	0.00658	0.00890	0.00698	0.00310	0.00387
9	0.01386	0.01404	0.02435	0.05209	0.38851	0.04933	0.28007	0.07767	0.01354	0.01842	0.01050	0.01355	0.00831	0.00488	0.00566	0.00167	0.00747	0.00528	0.00290	0.00791
10	0.00687	0.00528	0.00628	0.00640	0.00766	0.00470	0.00466	0.00858	0.01292	0.01700	0.32391	0.21797	0.33177	0.01332	0.00645	0.00185	0.00274	0.01160	0.00534	0.00470
11	0.01467	0.15790	0.25929	0.01468	0.07313	0.26664	0.01354	0.01779	0.01233	0.01474	0.00866	0.01050	0.00704	0.00543	0.00570	0.00151	0.07064	0.00370	0.00250	0.03963
12	0.77169	0.04197	0.00996	0.00798	0.01146	0.01248	0.04644	0.01587	0.00939	0.02327	0.00766	0.00903	0.00598	0.00494	0.00349	0.00165	0.00448	0.00309	0.00325	0.00593
13	0.01014	0.00954	0.01610	0.79845	0.03697	0.01193	0.01491	0.01371	0.01073	0.01371	0.00954	0.01431	0.00716	0.00537	0.00537	0.00179	0.00716	0.00477	0.00239	0.00596
14	0.01378	0.61056	0.19402	0.01071	0.01597	0.04922	0.01158	0.01649	0.01117	0.01361	0.00797	0.00925	0.00687	0.00474	0.00386	0.00128	0.00638	0.00313	0.00231	0.00709
15	0.00634	0.00544	0.00544	0.00544	0.00725	0.00453	0.00408	0.00770	0.01224	0.01450	0.05438	0.05166	0.77569	0.01359	0.00634	0.00181	0.00272	0.01133	0.00498	0.00453
16	0.01113	0.00954	0.01113	0.00795	0.01272	0.00716	0.00636	0.01352	0.01113	0.01749	0.00954	0.01113	0.00795	0.00398	0.00398	0.00080	0.00398	0.00318	0.00318	0.84417
17	0.00634	0.00544	0.00544	0.00544	0.00725	0.00453	0.00408	0.00770	0.01224	0.01450	0.05438	0.05166	0.77569	0.01359	0.00634	0.00181	0.00272	0.01133	0.00498	0.00453
18	0.00760	0.00549	0.00718	0.00675	0.00802	0.00506	0.00506	0.01013	0.01519	0.02153	0.77503	0.04010	0.05065	0.01097	0.00633	0.00169	0.00253	0.00971	0.00591	0.00506
19	0.01174	0.01174	0.01644	0.01409	0.01409	0.01644	0.01174	0.01292	0.00822	0.01292	0.00705	0.01174	0.00705	0.00940	0.01762	0.00235	0.80153	0.00470	0.00235	0.00587
20	0.01014	0.00954	0.01610	0.79845	0.03697	0.01193	0.01491	0.01371	0.01073	0.01371	0.00954	0.01431	0.00716	0.00537	0.00537	0.00179	0.00716	0.00477	0.00239	0.00596
21	0.01083	0.00652	0.00783	0.00701	0.00919	0.00584	0.00543	0.01340	0.04987	0.17846	0.29270	0.03918	0.33102	0.01094	0.00610	0.00174	0.00312	0.00928	0.00567	0.00587
22	0.00661	0.00491	0.00619	0.00718	0.00785	0.00449	0.00499	0.00772	0.01080	0.01400	0.03471	0.60937	0.19018	0.01604	0.00678	0.00212	0.00313	0.05353	0.00498	0.00443
23	0.01957	0.01894	0.01536	0.01281	0.01636	0.32750	0.01010	0.39129	0.09376	0.02439	0.01192	0.01229	0.00895	0.00616	0.00517	0.00154	0.00726	0.00440	0.00433	0.00790
24	0.00690	0.00516	0.00658	0.00728	0.00817	0.00484	0.00529	0.00833	0.01128	0.01480	0.10845	0.42232	0.20131	0.01723	0.07079	0.00260	0.00407	0.08513	0.00490	0.00456
25	0.01174	0.01174	0.01644	0.01409	0.01409	0.01644	0.01174	0.01292	0.00822	0.01292	0.00705	0.01174	0.00705	0.00940	0.01762	0.00235	0.80153	0.00470	0.00235	0.00587
26	0.01248	0.01481	0.22572	0.05735	0.08425	0.01060	0.09856	0.01795	0.12188	0.11731	0.04673	0.03709	0.11721	0.00715	0.00562	0.00175	0.00591	0.00629	0.00395	0.00739
27	0.15829	0.11241	0.01515	0.04742	0.01553	0.17315	0.00919	0.22605	0.13197	0.02238	0.03163	0.01289	0.00996	0.00598	0.00472	0.00156	0.00607	0.00430	0.00401	0.00735
28	0.04882	0.05035	0.07662	0.01972	0.31388	0.01289	0.02973	0.13931	0.01383	0.03939	0.01442	0.01614	0.07940	0.00629	0.00621	0.00164	0.07211	0.00513	0.00341	0.05070

[dist]
# distance from previous block
# <min> <max>
0	2

[block]
# block no. 2 follows, 45 sequences, length 72
# corresponding to MSA columns:
# 189-260
name=unknown_C
#
# <colnr> <probs for GDERKNQSTAVLIFYWHMCP>
#	G	D	E	R	K	N	Q	S	T	A	V	L	I	F	Y	W	H	M	C	P
0	0.33823	0.19123	0.01525	0.01022	0.01350	0.29598	0.00840	0.01779	0.01169	0.01724	0.00776	0.00915	0.00649	0.00525	0.00439	0.00147	0.03375	0.00316	0.00286	0.00620
1	0.01332	0.15256	0.23855	0.01811	0.19775	0.12996	0.06559	0.01723	0.03785	0.01582	0.01086	0.05864	0.00935	0.00573	0.00504	0.00158	0.00713	0.00480	0.00274	0.00740
2	0.00811	0.00618	0.00865	0.00843	0.00955	0.00618	0.04807	0.02501	0.01068	0.01424	0.06619	0.14571	0.10877	0.20972	0.16472	0.00411	0.00646	0.14053	0.00408	0.00460
3	0.01506	0.01406	0.01486	0.08013	0.01663	0.15490	0.01065	0.19205	0.04760	0.03574	0.01154	0.01576	0.00985	0.00990	0.06261	0.00235	0.24972	0.04623	0.00356	0.00678
4	0.00707	0.00522	0.00668	0.00736	0.00829	0.00483	0.00544	0.00866	0.01198	0.01584	0.18637	0.39199	0.17071	0.01472	0.00675	0.00206	0.00323	0.13302	0.00517	0.00463
5	0.00654	0.00467	0.00623	0.00747	0.00779	0.00436	0.00498	0.00747	0.01028	0.01370	0.02959	0.80785	0.03550	0.01682	0.00685	0.00218	0.00311	0.01526	0.00498	0.00436
6	0.01573	0.01271	0.01348	0.01141	0.01487	0.01446	0.00907	0.27526	0.51756	0.02629	0.01883	0.01762	0.01394	0.00700	0.00543	0.00175	0.00481	0.00565	0.00543	0.00871
7	0.01329	0.01275	0.02179	0.03295	0.77787	0.01275	0.01647	0.01647	0.01222	0.01754	0.01010	0.01329	0.00850	0.00478	0.00531	0.00159	0.00638	0.00478	0.00266	0.00850
8	0.84927	0.01038	0.00789	0.00706	0.01038	0.01204	0.00581	0.01578	0.00914	0.02408	0.00747	0.00872	0.00581	0.00498	0.00332	0.00166	0.00415	0.00291	0.00332	0.00581
9	0.01435	0.81458	0.02813	0.00918	0.01378	0.02124	0.00918	0.01607	0.01091	0.01263	0.00746	0.00861	0.00689	0.00459	0.00344	0.00115	0.00574	0.00287	0.00230	0.00689
10	0.02005	0.02558	0.01521	0.01383	0.01659	0.78980	0.01037	0.02143	0.01521	0.01314	0.00830	0.00968	0.00691	0.00553	0.00484	0.00138	0.00968	0.00346	0.00277	0.00622
11	0.02005	0.02558	0.01521	0.01383	0.01659	0.78980	0.01037	0.02143	0.01521	0.01314	0.00830	0.00968	0.00691	0.00553	0.00484	0.00138	0.00968	0.00346	0.00277	0.00622
12	0.01725	0.10808	0.10184	0.09366	0.01943	0.38204	0.03276	0.15040	0.01556	0.01735	0.00937	0.01092	0.00735	0.00550	0.00491	0.00149	0.00811	0.00391	0.00308	0.00700
13	0.00713	0.00547	0.00652	0.00626	0.00773	0.00486	0.00469	0.00922	0.01408	0.01888	0.50342	0.04446	0.32392	0.01196	0.00634	0.00174	0.00260	0.01032	0.00556	0.00486
14	0.01514	0.59277	0.02446	0.01009	0.01392	0.04672	0.00946	0.01681	0.01112	0.08848	0.00879	0.01005	0.00754	0.00551	0.00570	0.00138	0.11898	0.00340	0.00275	0.00694
15	0.01435	0.81458	0.02813	0.00918	0.01378	0.02124	0.00918	0.01607	0.01091	0.01263	0.00746	0.00861	0.00689	0.00459	0.00344	0.00115	0.00574	0.00287	0.00230	0.00689
16	0.01014	0.00954	0.01610	0.79845	0.03697	0.01193	0.01491	0.01371	0.01073	0.01371	0.00954	0.01431	0.00716	0.00537	0.00537	0.00179	0.00716	0.00477	0.00239	0.00596
17	0.77211	0.01081	0.00865	0.00755	0.01096	0.01247	0.00622	0.08506	0.01063	0.02499	0.00798	0.00911	0.00612	0.00512	0.00351	0.00166	0.00432	0.00309	0.00351	0.00612
18	0.00654	0.00467	0.00623	0.00747	0.00779	0.00436	0.00498	0.00747	0.01028	0.01370	0.02959	0.80785	0.03550	0.01682	0.00685	0.00218	0.00311	0.01526	0.00498	0.00436
19	0.00767	0.00575	0.00863	0.00863	0.00959	0.00671	0.00671	0.00959	0.00863	0.01246	0.01438	0.02109	0.01342	0.04026	0.79008	0.00863	0.01438	0.00575	0.00288	0.00479
20	0.01666	0.13647	0.13394	0.05743	0.01696	0.11610	0.01055	0.06686	0.01366	0.21526	0.01231	0.01274	0.00889	0.00538	0.00473	0.00140	0.00608	0.00407	0.00384	0.15669
21	0.04009	0.01568	0.15902	0.16261	0.04594	0.12100	0.01211	0.07168	0.04354	0.02791	0.01056	0.01341	0.00845	0.02966	0.04891	0.00206	0.06002	0.00436	0.00302	0.11997
22	0.20774	0.05052	0.01598	0.06330	0.20980	0.22786	0.01128	0.01702	0.01165	0.01677	0.00843	0.01088	0.00710	0.00569	0.00631	0.00165	0.11470	0.00389	0.00277	0.00668
23	0.01263	0.06244	0.04472	0.02167	0.10243	0.01360	0.56466	0.01721	0.04124	0.01731	0.03992	0.01512	0.01000	0.00492	0.00600	0.00174	0.00812	0.00603	0.00290	0.00733
24	0.00986	0.00896	0.01127	0.05963	0.14530	0.08740	0.00873	0.01174	0.01076	0.01408	0.03563	0.20591	0.01895	0.06725	0.23423	0.00403	0.00807	0.04925	0.00350	0.00548
25	0.00932	0.00466	0.00699	0.00699	0.00699	0.00466	0.00466	0.00699	0.00699	0.00932	0.00932	0.01632	0.00932	0.01865	0.02098	0.84382	0.00466	0.00466	0.00233	0.00233
26	0.00654	0.00467	0.00623	0.00747	0.00779	0.00436	0.00498	0.00747	0.01028	0.01370	0.02959	0.80785	0.03550	0.01682	0.00685	0.00218	0.00311	0.01526	0.00498	0.00436
27	0.01470	0.10287	0.28127	0.01705	0.15076	0.19806	0.03313	0.03973	0.05562	0.04264	0.01038	0.01185	0.00799	0.00529	0.00498	0.00156	0.00750	0.00413	0.00288	0.00761
28	0.06935	0.17045	0.08681	0.10611	0.04343	0.34005	0.02983	0.01794	0.01273	0.01482	0.00902	0.01096	0.00734	0.00525	0.00455	0.00144	0.00757	0.00372	0.05212	0.00648
29	0.01388	0.06310	0.27067	0.01846	0.19052	0.01365	0.08427	0.12305	0.10358	0.04887	0.01207	0.01343	0.00902	0.00545	0.00526	0.00166	0.00671	0.00474	0.00338	0.00822
30	0.01500	0.14294	0.01842	0.01337	0.01531	0.21341	0.03361	0.07666	0.01195	0.01476	0.00802	0.01090	0.00719	0.00726	0.01078	0.00184	0.38528	0.00415	0.00270	0.00643
31	0.00707	0.00536	0.00652	0.00645	0.00775	0.00481	0.00475	0.00904	0.01364	0.01834	0.45568	0.14540	0.27052	0.01255	0.00640	0.00179	0.00267	0.01094	0.00550	0.00481
32	0.00715	0.00522	0.00690	0.00773	0.00854	0.00497	0.00575	0.00871	0.01145	0.01522	0.12851	0.43355	0.11095	0.01664	0.05102	0.00250	0.00401	0.16159	0.00498	0.00461
33	0.84927	0.01038	0.00789	0.00706	0.01038	0.01204	0.00581	0.01578	0.00914	0.02408	0.00747	0.00872	0.00581	0.00498	0.00332	0.00166	0.00415	0.00291	0.00332	0.00581
34	0.01148	0.00964	0.02893	0.00983	0.01216	0.01024	0.00761	0.03752	0.45616	0.04123	0.04850	0.26049	0.02286	0.01022	0.00590	0.00191	0.00398	0.00889	0.00528	0.00714
35	0.01530	0.01061	0.01196	0.00997	0.01307	0.01131	0.00795	0.24607	0.23235	0.12717	0.20158	0.02358	0.04916	0.00806	0.00567	0.00170	0.00433	0.00667	0.00568	0.00781
36	0.00748	0.00549	0.00713	0.00726	0.00828	0.00528	0.00527	0.00998	0.04627	0.01832	0.43709	0.29601	0.05372	0.01447	0.05067	0.00225	0.00347	0.01121	0.00539	0.00496
37	0.33146	0.00877	0.00861	0.00826	0.01053	0.03101	0.00649	0.01523	0.09844	0.06278	0.07897	0.16135	0.01935	0.01101	0.05146	0.00226	0.00471	0.07908	0.00438	0.00586
38	0.00916	0.00750	0.01148	0.06455	0.19267	0.00803	0.00878	0.01117	0.00980	0.01384	0.01581	0.04807	0.04754	0.13736	0.35611	0.00526	0.00940	0.00629	0.03166	0.00551
39	0.01203	0.00673	0.00832	0.00777	0.00983	0.00617	0.00586	0.01466	0.07435	0.22998	0.08369	0.27895	0.21612	0.01198	0.00617	0.00188	0.00347	0.01038	0.00555	0.00612
40	0.01113	0.00954	0.01113	0.00795	0.01272	0.00716	0.00636	0.01352	0.01113	0.01749	0.00954	0.01113	0.00795	0.00398	0.00398	0.00080	0.00398	0.00318	0.00318	0.84417
41	0.01090	0.00936	0.01486	0.04381	0.27486	0.01002	0.03909	0.07353	0.01143	0.01616	0.01250	0.01727	0.01098	0.02285	0.40184	0.00516	0.01051	0.00533	0.00298	0.00655
42	0.00901	0.00578	0.00695	0.00662	0.00818	0.00515	0.00487	0.01064	0.01288	0.10728	0.27149	0.12972	0.29620	0.09094	0.00835	0.00213	0.00317	0.01022	0.00530	0.00510
43	0.84927	0.01038	0.00789	0.00706	0.01038	0.01204	0.00581	0.01578	0.00914	0.02408	0.00747	0.00872	0.00581	0.00498	0.00332	0.00166	0.00415	0.00291	0.00332	0.00581
44	0.00774	0.00633	0.00889	0.00880	0.01046	0.00585	0.06745	0.00970	0.01201	0.01517	0.03739	0.16957	0.32298	0.01381	0.00682	0.00211	0.00412	0.28113	0.00478	0.00488
45	0.00837	0.00539	0.00687	0.00717	0.00830	0.00486	0.00512	0.00981	0.01208	0.08781	0.18243	0.44759	0.16567	0.01412	0.00652	0.00197	0.00307	0.01253	0.00533	0.00498
46	0.01461	0.01215	0.01284	0.01118	0.01444	0.01394	0.00880	0.15874	0.63591	0.02448	0.02025	0.01876	0.01509	0.00713	0.00545	0.00178	0.00454	0.00585	0.00545	0.00861
47	0.00634	0.00544	0.00544	0.00544	0.00725	0.00453	0.00408	0.00770	0.01224	0.01450	0.05438	0.05166	0.77569	0.01359	0.00634	0.00181	0.00272	0.01133	0.00498	0.00453
48	0.00833	0.00538	0.00796	0.00774	0.00845	0.00535	0.03085	0.00841	0.00954	0.01299	0.13876	0.12112	0.06924	0.02023	0.15235	0.37267	0.00588	0.00746	0.00352	0.00377
49	0.00673	0.00496	0.00631	0.00701	0.00775	0.00453	0.00486	0.00806	0.01160	0.01546	0.18887	0.53220	0.15171	0.01511	0.00667	0.00202	0.00293	0.01350	0.00518	0.00453
50	0.02005	0.02558	0.01521	0.01383	0.01659	0.78980	0.01037	0.02143	0.01521	0.01314	0.00830	0.00968	0.00691	0.00553	0.00484	0.00138	0.00968	0.00346	0.00277	0.00622
51	0.01254	0.29234	0.48349	0.01306	0.01966	0.01567	0.01567	0.06056	0.01201	0.01652	0.00909	0.01051	0.00697	0.00501	0.00456	0.00151	0.00707	0.00365	0.00246	0.00765
52	0.00962	0.00877	0.00924	0.00899	0.01026	0.12975	0.00687	0.01121	0.01031	0.01320	0.07196	0.02257	0.06852	0.02953	0.51009	0.05360	0.01140	0.00601	0.00320	0.00488
53	0.01118	0.00982	0.01246	0.03559	0.01441	0.00768	0.04907	0.01373	0.01120	0.01735	0.00962	0.01143	0.00793	0.00405	0.00416	0.00089	0.00437	0.00341	0.00313	0.76853
54	0.09011	0.00780	0.00976	0.00942	0.05554	0.00763	0.00676	0.03773	0.06567	0.19722	0.25648	0.07578	0.07353	0.00979	0.00686	0.06711	0.00382	0.00745	0.00521	0.00635
55	0.00827	0.00558	0.00701	0.00710	0.00828	0.00516	0.00526	0.00995	0.01248	0.05962	0.27879	0.18722	0.16440	0.11393	0.00917	0.00234	0.00343	0.10204	0.00516	0.00483
56	0.01329	0.01275	0.02179	0.03295	0.77787	0.01275	0.01647	0.01647	0.01222	0.01754	0.01010	0.01329	0.00850	0.00478	0.00531	0.00159	0.00638	0.00478	0.00266	0.00850
57	0.00934	0.00610	0.00950	0.00881	0.00929	0.00660	0.04817	0.00862	0.00813	0.01122	0.04000	0.06394	0.01261	0.01900	0.10727	0.53220	0.08730	0.00570	0.00271	0.00348
58	0.19686	0.00842	0.00930	0.00810	0.01087	0.00849	0.00637	0.04321	0.07982	0.26352	0.04499	0.12097	0.06111	0.03205	0.00573	0.00182	0.00396	0.00669	0.08092	0.00679
59	0.00961	0.00614	0.00736	0.00710	0.00881	0.00555	0.00528	0.04361	0.01312	0.11951	0.15365	0.26549	0.30861	0.01288	0.00632	0.00187	0.00319	0.01114	0.00537	0.00539
60	0.00748	0.00592	0.00679	0.00649	0.00813	0.00546	0.00489	0.01046	0.07098	0.01851	0.40126	0.04366	0.36664	0.01185	0.00627	0.00175	0.00274	0.01014	0.00547	0.00509
61	0.19697	0.01063	0.01118	0.00916	0.01242	0.01134	0.00739	0.29473	0.01661	0.15709	0.01581	0.06025	0.03006	0.03049	0.00548	0.00173	0.00461	0.00537	0.11137	0.00734
62	0.17728	0.00689	0.00745	0.00726	0.00898	0.00693	0.00548	0.03951	0.01190	0.06105	0.14291	0.18744	0.15163	0.09477	0.00802	0.00223	0.00372	0.06665	0.00472	0.00517
63	0.00868	0.00599	0.00814	0.00892	0.01021	0.00580	0.00748	0.01093	0.01266	0.04259	0.13732	0.12930	0.07757	0.01412	0.00707	0.00226	0.00427	0.49654	0.00515	0.00502
64	0.07226	0.00553	0.00648	0.00677	0.00794	0.00521	0.00488	0.00899	0.01213	0.01710	0.26324	0.34383	0.19951	0.01339	0.00631	0.00191	0.00293	0.01173	0.00514	0.00473
65	0.00826	0.00560	0.00676	0.00685	0.00783	0.00537	0.00473	0.00967	0.03170	0.06006	0.05981	0.23389	0.20016	0.24217	0.08958	0.00352	0.00482	0.01021	0.00444	0.00456
66	0.01002	0.00631	0.00826	0.00870	0.00998	0.00616	0.00670	0.03648	0.04578	0.10401	0.02688	0.39810	0.02920	0.04441	0.00752	0.00229	0.00406	0.23460	0.00513	0.00539
67	0.01188	0.00657	0.00817	0.00737	0.00965	0.00578	0.00586	0.01384	0.01385	0.23253	0.21781	0.04034	0.30822	0.01112	0.00618	0.00181	0.00342	0.08391	0.00567	0.00600
68	0.00786	0.00515	0.00678	0.00762	0.00829	0.00481	0.00534	0.00898	0.01075	0.05919	0.04045	0.60184	0.06102	0.06857	0.00815	0.00236	0.00348	0.07975	0.00498	0.00464
69	0.01097	0.00778	0.00929	0.00907	0.01069	0.00804	0.00678	0.17975	0.06864	0.04814	0.02486	0.48885	0.02701	0.01326	0.00640	0.00203	0.00401	0.06329	0.00516	0.00596
70	0.79991	0.01045	0.00814	0.00729	0.01059	0.01212	0.00597	0.01653	0.05396	0.02399	0.00832	0.00939	0.00644	0.00512	0.00345	0.00167	0.00416	0.00309	0.00345	0.00597
71	0.01062	0.00907	0.01429	0.04405	0.30108	0.00975	0.01087	0.05663	0.01104	0.01568	0.01251	0.01743	0.01110	0.02371	0.42149	0.00533	0.01062	0.00530	0.00292	0.00649

[dist]
# distance from previous block
# <min> <max>
0	2

# created by:
# /home/cegg/simao/soft/augustus-3.2.1/scripts/msa2prfl.pl ./align_prep/26750.fa
