[name]
unknown

[dist]
# distance from previous block
# <min> <max>
0	111

[block]
# block no. 0 follows, 43 sequences, length 28
# corresponding to MSA columns:
# 326-341,343-345,350-358
name=unknown_A
#
# <colnr> <probs for GDERKNQSTAVLIFYWHMCP>
#	G	D	E	R	K	N	Q	S	T	A	V	L	I	F	Y	W	H	M	C	P
0	0.00933	0.00736	0.01107	0.24766	0.01922	0.00811	0.01052	0.01206	0.01193	0.01545	0.02261	0.04622	0.02365	0.06481	0.00837	0.00252	0.00581	0.46380	0.00418	0.00530
1	0.11726	0.01124	0.01454	0.01140	0.01524	0.01132	0.08544	0.22667	0.01723	0.28644	0.06691	0.08078	0.01545	0.00751	0.00559	0.00176	0.00527	0.00632	0.00547	0.00813
2	0.01134	0.01074	0.01820	0.58672	0.23659	0.01254	0.01582	0.01492	0.01149	0.01522	0.01000	0.01448	0.00776	0.00537	0.00552	0.00179	0.00717	0.00493	0.00254	0.00686
3	0.01046	0.00984	0.01661	0.79205	0.03814	0.01230	0.01538	0.01415	0.01107	0.01415	0.00984	0.01477	0.00738	0.00554	0.00554	0.00185	0.00738	0.00492	0.00246	0.00615
4	0.01638	0.30522	0.01806	0.01004	0.01368	0.01354	0.00903	0.07012	0.03080	0.22203	0.01801	0.02640	0.01586	0.00832	0.00537	0.00174	0.00535	0.19806	0.00461	0.00740
5	0.01507	0.01687	0.02170	0.02082	0.18788	0.23511	0.23763	0.01909	0.07401	0.01657	0.01132	0.01409	0.00916	0.00801	0.06084	0.00220	0.03404	0.00520	0.00303	0.00734
6	0.00673	0.00489	0.00635	0.00752	0.00798	0.00451	0.00505	0.00773	0.01079	0.01421	0.03291	0.73204	0.10480	0.01704	0.00702	0.00221	0.00318	0.01537	0.00514	0.00451
7	0.00675	0.00482	0.00643	0.00771	0.00803	0.00450	0.00514	0.00771	0.01060	0.01414	0.03053	0.80175	0.03663	0.01735	0.00707	0.00225	0.00321	0.01574	0.00514	0.00450
8	0.05482	0.07616	0.22349	0.01409	0.01880	0.16590	0.06209	0.14812	0.08362	0.02002	0.01102	0.01239	0.00844	0.00608	0.00622	0.00170	0.07147	0.00444	0.00340	0.00771
9	0.01046	0.01124	0.00846	0.00804	0.01014	0.21556	0.00603	0.01195	0.01366	0.01506	0.09010	0.04078	0.51515	0.01159	0.00612	0.00174	0.00474	0.00938	0.00459	0.00518
10	0.01147	0.02611	0.63878	0.01719	0.02489	0.01307	0.15581	0.01758	0.01195	0.01758	0.01017	0.01229	0.00727	0.00515	0.00550	0.00177	0.00840	0.00455	0.00242	0.00805
11	0.01580	0.01577	0.15782	0.01946	0.25548	0.07466	0.01384	0.04227	0.01311	0.17670	0.01266	0.01450	0.00958	0.00859	0.06150	0.00225	0.08945	0.00486	0.00361	0.00808
12	0.01629	0.06968	0.07988	0.01732	0.16076	0.23396	0.08861	0.01888	0.01361	0.12650	0.01389	0.11014	0.01216	0.00695	0.00551	0.00167	0.00725	0.00593	0.00362	0.00737
13	0.00711	0.00563	0.00639	0.00620	0.00783	0.00492	0.00465	0.00904	0.01395	0.01812	0.36633	0.04810	0.45637	0.01285	0.00654	0.00181	0.00272	0.01096	0.00556	0.00492
14	0.01292	0.01330	0.02739	0.23092	0.03074	0.01327	0.51645	0.01721	0.01266	0.05252	0.01134	0.01508	0.00838	0.00501	0.00622	0.00185	0.00859	0.00605	0.00290	0.00721
15	0.05057	0.01610	0.07763	0.01588	0.14488	0.17200	0.01161	0.11335	0.01557	0.26477	0.01380	0.01413	0.00979	0.00622	0.00600	0.00168	0.04859	0.00472	0.00443	0.00828
16	0.00737	0.00545	0.00766	0.10072	0.01153	0.00545	0.00630	0.00845	0.01052	0.01388	0.02769	0.62873	0.05942	0.01594	0.00781	0.05648	0.00380	0.01359	0.00465	0.00457
17	0.00962	0.00481	0.00722	0.00722	0.00722	0.00481	0.00481	0.00722	0.00722	0.00962	0.00962	0.01684	0.00962	0.01924	0.02165	0.83886	0.00481	0.00481	0.00241	0.00241
18	0.01550	0.04683	0.10154	0.03401	0.22538	0.01320	0.21351	0.04864	0.01341	0.15809	0.01247	0.01448	0.00923	0.00566	0.00658	0.00177	0.06262	0.00531	0.00355	0.00820
19	0.01166	0.07978	0.52244	0.07209	0.05914	0.01389	0.06698	0.01687	0.01149	0.01667	0.00966	0.01206	0.00724	0.00555	0.00630	0.00178	0.07189	0.00433	0.00241	0.00777
20	0.11703	0.01608	0.11899	0.01249	0.01533	0.13449	0.01102	0.07085	0.09001	0.05372	0.01132	0.01433	0.00942	0.06332	0.01040	0.00215	0.23396	0.00473	0.00344	0.00689
21	0.07428	0.01788	0.01838	0.16416	0.16651	0.32657	0.08618	0.01841	0.01322	0.01574	0.00930	0.01211	0.00755	0.00556	0.00581	0.00165	0.04262	0.00439	0.00277	0.00688
22	0.00881	0.00658	0.00778	0.00686	0.00915	0.00556	0.00525	0.01096	0.01386	0.05176	0.35007	0.03896	0.28892	0.01072	0.00604	0.00161	0.00305	0.00915	0.00528	0.15963
23	0.00902	0.00723	0.00867	0.00856	0.00956	0.06119	0.00642	0.01070	0.00946	0.01318	0.01503	0.02302	0.01435	0.15117	0.55596	0.00727	0.01214	0.00603	0.06623	0.00483
24	0.01146	0.10342	0.70500	0.01518	0.02304	0.01373	0.01941	0.01745	0.01165	0.01711	0.00972	0.01142	0.00702	0.00521	0.00510	0.00170	0.00797	0.00398	0.00234	0.00808
25	0.01797	0.01025	0.01472	0.05086	0.19833	0.00989	0.01031	0.09191	0.01581	0.34467	0.15582	0.02104	0.01894	0.00714	0.00572	0.00170	0.00503	0.00615	0.00539	0.00834
26	0.01634	0.29294	0.19862	0.01261	0.01742	0.21298	0.01245	0.06111	0.01352	0.06552	0.00968	0.01087	0.00767	0.00557	0.00521	0.00150	0.04184	0.00375	0.00297	0.00742
27	0.01062	0.00619	0.00799	0.00766	0.00906	0.00576	0.00568	0.01232	0.01292	0.14105	0.27329	0.13085	0.06149	0.19026	0.01144	0.00271	0.00395	0.09605	0.00534	0.00537

[dist]
# distance from previous block
# <min> <max>
0	26

[block]
# block no. 1 follows, 43 sequences, length 76
# corresponding to MSA columns:
# 393-468
name=unknown_B
#
# <colnr> <probs for GDERKNQSTAVLIFYWHMCP>
#	G	D	E	R	K	N	Q	S	T	A	V	L	I	F	Y	W	H	M	C	P
0	0.01645	0.42040	0.07950	0.01135	0.01591	0.18103	0.01052	0.12177	0.01434	0.01690	0.00898	0.01012	0.00750	0.00521	0.00430	0.00132	0.00686	0.00348	0.00298	0.06108
1	0.06148	0.01348	0.04560	0.13007	0.05932	0.16478	0.05443	0.01614	0.01275	0.07947	0.01823	0.07178	0.09282	0.00798	0.00599	0.00175	0.03008	0.06038	0.00371	0.06975
2	0.01810	0.04685	0.07935	0.01330	0.03125	0.32584	0.01091	0.25984	0.03586	0.02177	0.06048	0.04631	0.01227	0.00682	0.00536	0.00159	0.00747	0.00507	0.00404	0.00752
3	0.01248	0.03395	0.31055	0.14962	0.27100	0.01244	0.01689	0.01692	0.01229	0.05612	0.04749	0.01462	0.01020	0.00557	0.00542	0.00172	0.00703	0.00485	0.00291	0.00794
4	0.01480	0.15948	0.16420	0.01448	0.09521	0.06445	0.02819	0.16468	0.10977	0.02106	0.06627	0.01494	0.01228	0.00610	0.00513	0.00158	0.00629	0.00484	0.00379	0.04244
5	0.01253	0.01196	0.02035	0.30928	0.50475	0.01285	0.01641	0.01596	0.01205	0.01666	0.01021	0.01409	0.00827	0.00515	0.00550	0.00172	0.00687	0.00493	0.00264	0.00782
6	0.00796	0.00574	0.00792	0.00792	0.00858	0.00639	0.00571	0.00926	0.00861	0.01213	0.01573	0.02670	0.01599	0.30228	0.52560	0.00770	0.01160	0.00666	0.00310	0.00440
7	0.01049	0.00815	0.00906	0.00872	0.01016	0.00891	0.00630	0.01717	0.31336	0.01656	0.02112	0.03350	0.02042	0.37517	0.01627	0.00357	0.00493	0.10583	0.00452	0.00578
8	0.34743	0.00747	0.00643	0.00608	0.00832	0.00804	0.00478	0.01360	0.01087	0.02158	0.01904	0.02037	0.11330	0.00695	0.00405	0.00154	0.00330	0.00517	0.38627	0.00543
9	0.01743	0.01819	0.01429	0.01266	0.01583	0.32557	0.00976	0.11168	0.37262	0.02066	0.01579	0.01547	0.01207	0.00668	0.00536	0.00167	0.00685	0.00502	0.00450	0.00789
10	0.00805	0.00537	0.00604	0.00604	0.00604	0.00537	0.00336	0.00805	0.00805	0.01074	0.01745	0.03624	0.02013	0.80536	0.02819	0.00537	0.00537	0.00805	0.00336	0.00336
11	0.01228	0.00982	0.01157	0.00830	0.01319	0.00743	0.00666	0.01472	0.01175	0.06326	0.01056	0.01192	0.00853	0.00427	0.00419	0.00087	0.00414	0.00342	0.00349	0.78963
12	0.00793	0.00587	0.00859	0.00859	0.00948	0.00676	0.00654	0.00969	0.00881	0.01263	0.01512	0.02331	0.01452	0.12364	0.70223	0.00852	0.01382	0.00616	0.00301	0.00477
13	0.01148	0.00984	0.01148	0.00820	0.01312	0.00738	0.00656	0.01395	0.01148	0.01805	0.00984	0.01148	0.00820	0.00410	0.00410	0.00082	0.00410	0.00328	0.00328	0.83922
14	0.00791	0.00593	0.00890	0.00890	0.00989	0.00692	0.00692	0.00989	0.00890	0.01286	0.01483	0.02176	0.01385	0.04154	0.78341	0.00890	0.01483	0.00593	0.00297	0.00494
15	0.00892	0.00637	0.00892	0.01020	0.01147	0.00637	0.00892	0.01147	0.01275	0.01657	0.02932	0.06247	0.03187	0.01530	0.00765	0.00255	0.00510	0.73354	0.00510	0.00510
16	0.02069	0.02640	0.01569	0.01427	0.01712	0.78313	0.01070	0.02212	0.01569	0.01355	0.00856	0.00999	0.00713	0.00571	0.00499	0.00143	0.00999	0.00357	0.00285	0.00642
17	0.84448	0.01071	0.00814	0.00728	0.01071	0.01242	0.00600	0.01628	0.00943	0.02485	0.00771	0.00900	0.00600	0.00514	0.00343	0.00171	0.00428	0.00300	0.00343	0.00600
18	0.00910	0.00788	0.01252	0.33462	0.11038	0.00874	0.01077	0.01146	0.01103	0.01461	0.01962	0.38396	0.02127	0.01101	0.00625	0.00201	0.00533	0.01000	0.00375	0.00569
19	0.00682	0.00487	0.00651	0.00780	0.00815	0.00456	0.00527	0.00784	0.01068	0.01422	0.03048	0.77655	0.03647	0.01728	0.00709	0.00226	0.00328	0.04021	0.00514	0.00452
20	0.01212	0.01212	0.01696	0.01454	0.01454	0.01696	0.01212	0.01333	0.00848	0.01333	0.00727	0.01212	0.00727	0.00969	0.01818	0.00242	0.79523	0.00485	0.00242	0.00606
21	0.00662	0.00533	0.00590	0.00637	0.00768	0.00461	0.00454	0.00786	0.01190	0.01467	0.04691	0.32244	0.50537	0.01522	0.00673	0.00201	0.00295	0.01315	0.00514	0.00461
22	0.84448	0.01071	0.00814	0.00728	0.01071	0.01242	0.00600	0.01628	0.00943	0.02485	0.00771	0.00900	0.00600	0.00514	0.00343	0.00171	0.00428	0.00300	0.00343	0.00600
23	0.01212	0.01212	0.01696	0.01454	0.01454	0.01696	0.01212	0.01333	0.00848	0.01333	0.00727	0.01212	0.00727	0.00969	0.01818	0.00242	0.79523	0.00485	0.00242	0.00606
24	0.17762	0.00966	0.01197	0.00937	0.01350	0.00894	0.00774	0.02499	0.01465	0.63489	0.01921	0.01701	0.01227	0.00654	0.00517	0.00171	0.00463	0.00509	0.00622	0.00879
25	0.00804	0.00541	0.00623	0.00623	0.00629	0.00547	0.00359	0.00817	0.00811	0.01088	0.01728	0.03531	0.01973	0.75606	0.07693	0.00560	0.00598	0.00792	0.00333	0.00346
26	0.01558	0.01279	0.01354	0.01164	0.01509	0.01462	0.00920	0.20893	0.57836	0.02608	0.02025	0.01883	0.01505	0.00730	0.00561	0.00182	0.00481	0.00594	0.00561	0.00893
27	0.00845	0.00543	0.00722	0.00793	0.00872	0.00508	0.00564	0.00978	0.01159	0.06938	0.10875	0.54400	0.03522	0.06284	0.00822	0.00237	0.00357	0.08564	0.00526	0.00492
28	0.01727	0.01251	0.01337	0.01086	0.01431	0.01378	0.00876	0.47554	0.12226	0.02949	0.01643	0.06199	0.01291	0.00736	0.00534	0.00166	0.00505	0.00582	0.15704	0.00826
29	0.01311	0.01255	0.02141	0.17228	0.63716	0.01300	0.01670	0.01648	0.01233	0.01737	0.01031	0.01390	0.00852	0.00504	0.00549	0.00168	0.00673	0.00493	0.00269	0.00829
30	0.04225	0.00815	0.01045	0.00917	0.01184	0.00761	0.00708	0.08449	0.01445	0.37696	0.02415	0.33492	0.02236	0.01103	0.00611	0.00193	0.00422	0.00956	0.00594	0.00733
31	0.01210	0.23729	0.57669	0.01410	0.02136	0.01528	0.01752	0.01728	0.01158	0.01633	0.00934	0.01094	0.00704	0.00512	0.00480	0.00160	0.00758	0.00379	0.00235	0.00790
32	0.00805	0.00537	0.00604	0.00604	0.00604	0.00537	0.00336	0.00805	0.00805	0.01074	0.01745	0.03624	0.02013	0.80536	0.02819	0.00537	0.00537	0.00805	0.00336	0.00336
33	0.01221	0.01195	0.02191	0.01649	0.02057	0.01136	0.40151	0.10832	0.01412	0.01902	0.01905	0.16528	0.08230	0.00810	0.00635	0.00185	0.00685	0.00832	0.00383	0.06059
34	0.01773	0.00789	0.01032	0.00844	0.01162	0.00686	0.00678	0.01984	0.01523	0.46879	0.19518	0.03012	0.15876	0.00915	0.00596	0.00175	0.00390	0.00767	0.00638	0.00763
35	0.01046	0.00984	0.01661	0.79205	0.03814	0.01230	0.01538	0.01415	0.01107	0.01415	0.00984	0.01477	0.00738	0.00554	0.00554	0.00185	0.00738	0.00492	0.00246	0.00615
36	0.00799	0.00561	0.00728	0.00728	0.00771	0.00604	0.00491	0.00885	0.00842	0.01166	0.01631	0.02995	0.01740	0.47344	0.35637	0.00690	0.00948	0.00713	0.00319	0.00405
37	0.01301	0.01360	0.02683	0.02654	0.32773	0.01311	0.40550	0.01681	0.01256	0.01743	0.01129	0.01582	0.00931	0.05645	0.00751	0.00200	0.00796	0.00599	0.00281	0.00773
38	0.01530	0.01663	0.01627	0.42083	0.05186	0.32415	0.01324	0.01800	0.01319	0.04553	0.00984	0.01297	0.00759	0.00564	0.00532	0.00166	0.00830	0.00440	0.00281	0.00648
39	0.00984	0.00751	0.00951	0.01019	0.01180	0.00792	0.00849	0.01531	0.18881	0.01787	0.02785	0.13095	0.02885	0.01368	0.00711	0.00236	0.00473	0.48609	0.00523	0.00590
40	0.01222	0.01243	0.01915	0.11190	0.02142	0.07021	0.27135	0.01832	0.17535	0.01814	0.07358	0.02427	0.08704	0.00750	0.00617	0.00187	0.00670	0.05147	0.00398	0.00693
41	0.44425	0.00966	0.00751	0.00696	0.00947	0.06807	0.00549	0.01536	0.01079	0.02229	0.01197	0.01379	0.00940	0.00571	0.00373	0.00152	0.00403	0.00392	0.34041	0.00569
42	0.01383	0.23397	0.02540	0.05023	0.44288	0.01567	0.10828	0.01689	0.01224	0.01652	0.00975	0.01256	0.00822	0.00487	0.00508	0.00155	0.00677	0.00459	0.00264	0.00806
43	0.02043	0.02067	0.01566	0.01348	0.01660	0.50152	0.04072	0.04529	0.01556	0.17393	0.03338	0.01317	0.00994	0.00631	0.00594	0.00157	0.05045	0.00441	0.00384	0.00713
44	0.00764	0.00565	0.00712	0.00675	0.00815	0.00514	0.00507	0.01006	0.01520	0.02107	0.65622	0.04324	0.16464	0.01175	0.00653	0.00176	0.00264	0.01028	0.00595	0.00514
45	0.00675	0.00482	0.00643	0.00771	0.00803	0.00450	0.00514	0.00771	0.01060	0.01414	0.03053	0.80175	0.03663	0.01735	0.00707	0.00225	0.00321	0.01574	0.00514	0.00450
46	0.00824	0.00489	0.00674	0.00726	0.00739	0.00476	0.00475	0.00753	0.00870	0.01160	0.01914	0.33716	0.02198	0.12521	0.01663	0.38709	0.00424	0.00968	0.00364	0.00338
47	0.01148	0.00984	0.01148	0.00820	0.01312	0.00738	0.00656	0.01395	0.01148	0.01805	0.00984	0.01148	0.00820	0.00410	0.00410	0.00082	0.00410	0.00328	0.00328	0.83922
48	0.00798	0.00536	0.00619	0.00635	0.00643	0.00534	0.00374	0.00817	0.00846	0.01127	0.01904	0.10147	0.02200	0.70662	0.02557	0.00499	0.00518	0.03874	0.00358	0.00352
49	0.47499	0.01138	0.01103	0.00903	0.01288	0.01235	0.00745	0.17002	0.01441	0.21027	0.01232	0.01229	0.00859	0.00587	0.00439	0.00170	0.00476	0.00404	0.00470	0.00754
50	0.00751	0.00514	0.00620	0.00674	0.00687	0.00501	0.00410	0.00791	0.00912	0.01216	0.02292	0.35628	0.02703	0.47591	0.01936	0.00406	0.00447	0.01127	0.00410	0.00383
51	0.01212	0.01212	0.01696	0.01454	0.01454	0.01696	0.01212	0.01333	0.00848	0.01333	0.00727	0.01212	0.00727	0.00969	0.01818	0.00242	0.79523	0.00485	0.00242	0.00606
52	0.01032	0.00516	0.00516	0.00516	0.00645	0.00516	0.00387	0.01290	0.01161	0.02065	0.01807	0.02065	0.01420	0.00645	0.00387	0.00129	0.00258	0.00516	0.83611	0.00516
53	0.01378	0.01190	0.01252	0.01127	0.01440	0.01378	0.00877	0.02943	0.76081	0.02317	0.02254	0.02066	0.01691	0.00751	0.00564	0.00188	0.00438	0.00626	0.00564	0.00877
54	0.84448	0.01071	0.00814	0.00728	0.01071	0.01242	0.00600	0.01628	0.00943	0.02485	0.00771	0.00900	0.00600	0.00514	0.00343	0.00171	0.00428	0.00300	0.00343	0.00600
55	0.01089	0.00861	0.01038	0.01063	0.01266	0.00937	0.00886	0.01874	0.31552	0.01924	0.02658	0.04555	0.02582	0.01215	0.00683	0.00228	0.00481	0.43918	0.00532	0.00658
56	0.01148	0.00984	0.01148	0.00820	0.01312	0.00738	0.00656	0.01395	0.01148	0.01805	0.00984	0.01148	0.00820	0.00410	0.00410	0.00082	0.00410	0.00328	0.00328	0.83922
57	0.00655	0.00561	0.00561	0.00561	0.00748	0.00468	0.00421	0.00795	0.01262	0.01496	0.05610	0.05330	0.76857	0.01403	0.00655	0.00187	0.00281	0.01169	0.00514	0.00468
58	0.00894	0.00576	0.00750	0.00774	0.00898	0.00548	0.00602	0.01121	0.01352	0.05036	0.32664	0.18130	0.03784	0.01251	0.00649	0.00196	0.00339	0.18072	0.11841	0.00523
59	0.01796	0.00790	0.01065	0.00869	0.01176	0.00696	0.00696	0.02030	0.01578	0.47010	0.32381	0.02797	0.02931	0.00866	0.00596	0.00173	0.00386	0.00737	0.00655	0.00773
60	0.01178	0.00657	0.00672	0.00619	0.00791	0.00679	0.00478	0.11330	0.01357	0.02258	0.01742	0.01965	0.01355	0.00648	0.00410	0.00134	0.00306	0.00514	0.72334	0.00574
61	0.02485	0.00943	0.01285	0.00985	0.01414	0.00814	0.00814	0.02699	0.01585	0.77465	0.02185	0.01885	0.01371	0.00685	0.00557	0.00171	0.00471	0.00557	0.00685	0.00943
62	0.01481	0.80869	0.02902	0.00948	0.01421	0.02191	0.00948	0.01658	0.01125	0.01303	0.00770	0.00888	0.00711	0.00474	0.00355	0.00118	0.00592	0.00296	0.00237	0.00711
63	0.01371	0.01316	0.02248	0.03399	0.77081	0.01316	0.01700	0.01700	0.01261	0.01809	0.01042	0.01371	0.00877	0.00493	0.00548	0.00164	0.00658	0.00493	0.00274	0.00877
64	0.00675	0.00508	0.00627	0.00721	0.00798	0.00460	0.00499	0.00788	0.01121	0.01443	0.03742	0.57842	0.23483	0.01639	0.00694	0.00215	0.00315	0.03457	0.00514	0.00456
65	0.01394	0.01321	0.02208	0.03283	0.73056	0.01330	0.01661	0.04057	0.02923	0.01874	0.01077	0.01384	0.00897	0.00504	0.00549	0.00165	0.00652	0.00496	0.00289	0.00879
66	0.01673	0.01681	0.01514	0.15656	0.08620	0.32634	0.01129	0.08884	0.01489	0.07515	0.01305	0.04104	0.01136	0.03998	0.00646	0.00184	0.00766	0.06026	0.00360	0.00681
67	0.01111	0.02865	0.77667	0.01579	0.02397	0.01286	0.02046	0.01754	0.01169	0.01754	0.00994	0.01169	0.00702	0.00526	0.00526	0.00175	0.00818	0.00409	0.00234	0.00818
68	0.00714	0.00530	0.00671	0.00762	0.00834	0.00500	0.00528	0.00891	0.04242	0.01517	0.07807	0.61270	0.12568	0.01612	0.00693	0.00216	0.00322	0.03325	0.00522	0.00476
69	0.01721	0.01502	0.06662	0.03680	0.27878	0.12914	0.03494	0.07632	0.01463	0.19145	0.01465	0.03788	0.03015	0.00636	0.00582	0.00169	0.02501	0.00535	0.00401	0.00819
70	0.10461	0.07280	0.17605	0.01515	0.08552	0.21828	0.05734	0.07352	0.01380	0.01815	0.01195	0.04005	0.01054	0.00666	0.00527	0.00170	0.00743	0.07083	0.00324	0.00712
71	0.01380	0.01184	0.01695	0.15816	0.32838	0.05736	0.01305	0.05001	0.03295	0.07932	0.03572	0.06362	0.01339	0.00691	0.00567	0.00173	0.00617	0.05233	0.00365	0.04900
72	0.01405	0.01423	0.03024	0.01844	0.25113	0.16255	0.03647	0.09836	0.02890	0.01959	0.16540	0.02163	0.07646	0.00745	0.00610	0.00168	0.02987	0.00627	0.00397	0.00722
73	0.01236	0.03211	0.01213	0.01375	0.15851	0.09686	0.00857	0.03047	0.01280	0.10502	0.02503	0.33814	0.10907	0.01138	0.00615	0.00189	0.00492	0.00997	0.00455	0.00634
74	0.14066	0.13621	0.10850	0.03592	0.05840	0.13546	0.08510	0.03266	0.01277	0.08948	0.03080	0.03453	0.00990	0.00587	0.00514	0.00159	0.02141	0.00460	0.00338	0.04763
75	0.12605	0.13498	0.18123	0.02932	0.05652	0.13302	0.09608	0.06125	0.01310	0.04203	0.01210	0.04849	0.03077	0.00609	0.00503	0.00164	0.00703	0.00488	0.00319	0.00721

[dist]
# distance from previous block
# <min> <max>
2	87

[block]
# block no. 2 follows, 43 sequences, length 94
# corresponding to MSA columns:
# 556-610,613-651
name=unknown_C
#
# <colnr> <probs for GDERKNQSTAVLIFYWHMCP>
#	G	D	E	R	K	N	Q	S	T	A	V	L	I	F	Y	W	H	M	C	P
0	0.07253	0.07551	0.05596	0.02273	0.30768	0.09979	0.18154	0.03564	0.01280	0.01767	0.01032	0.01327	0.00844	0.00728	0.05341	0.00209	0.00795	0.00489	0.00285	0.00764
1	0.03979	0.01827	0.18401	0.01619	0.09741	0.17022	0.11966	0.03475	0.05487	0.01781	0.05032	0.01628	0.01160	0.02945	0.00608	0.00173	0.00729	0.02757	0.00325	0.09344
2	0.06193	0.01410	0.05521	0.01702	0.21437	0.10748	0.01118	0.08415	0.18169	0.04603	0.10478	0.01937	0.04491	0.00696	0.00550	0.00170	0.00574	0.00580	0.00429	0.00779
3	0.09467	0.54534	0.04741	0.03889	0.01615	0.11045	0.04903	0.01721	0.01171	0.01465	0.00813	0.00964	0.00708	0.00493	0.00399	0.00134	0.00655	0.00333	0.00255	0.00694
4	0.01325	0.01255	0.17397	0.00972	0.01350	0.03220	0.00933	0.03871	0.01396	0.17378	0.20298	0.02452	0.06435	0.02699	0.02628	0.00190	0.00507	0.00648	0.08505	0.06542
5	0.01286	0.01473	0.16008	0.01194	0.01589	0.01307	0.01082	0.02589	0.57298	0.02156	0.02056	0.06353	0.01612	0.00764	0.00564	0.00188	0.00505	0.00638	0.00497	0.00841
6	0.01204	0.08971	0.04226	0.01840	0.29131	0.05448	0.01130	0.03423	0.01360	0.01845	0.23056	0.02350	0.07279	0.00777	0.00642	0.00168	0.05406	0.00655	0.00388	0.00701
7	0.01086	0.00816	0.05690	0.00874	0.01033	0.00700	0.06699	0.01204	0.00977	0.11254	0.01690	0.02985	0.01715	0.54095	0.06513	0.00458	0.00632	0.00724	0.00369	0.00488
8	0.01387	0.01217	0.01576	0.30407	0.12298	0.06033	0.01238	0.13007	0.14482	0.04014	0.07552	0.01744	0.01339	0.00649	0.00560	0.00176	0.00625	0.00552	0.00396	0.00748
9	0.01893	0.01512	0.01971	0.01707	0.11820	0.01619	0.11824	0.54938	0.02240	0.03021	0.01262	0.01359	0.00919	0.00614	0.00568	0.00169	0.00663	0.00520	0.00478	0.00905
10	0.01700	0.01666	0.01593	0.04400	0.20590	0.29761	0.01138	0.09619	0.01514	0.08803	0.01398	0.12657	0.01267	0.00739	0.00555	0.00167	0.00716	0.00605	0.00380	0.00732
11	0.01345	0.01289	0.02201	0.09447	0.71237	0.01309	0.01687	0.01677	0.01249	0.01778	0.01037	0.01379	0.00866	0.00498	0.00549	0.00166	0.00664	0.00493	0.00272	0.00856
12	0.02067	0.01532	0.01641	0.01267	0.01703	0.01700	0.01043	0.71470	0.06430	0.03429	0.01378	0.01368	0.00981	0.00669	0.00555	0.00167	0.00601	0.00505	0.00555	0.00938
13	0.01371	0.01316	0.02248	0.03399	0.77081	0.01316	0.01700	0.01700	0.01261	0.01809	0.01042	0.01371	0.00877	0.00493	0.00548	0.00164	0.00658	0.00493	0.00274	0.00877
14	0.01359	0.00701	0.00982	0.00874	0.01091	0.00630	0.03053	0.01559	0.01406	0.28136	0.25249	0.27101	0.03252	0.01144	0.00637	0.00190	0.00375	0.01015	0.00595	0.00653
15	0.01635	0.01227	0.04036	0.01689	0.07977	0.01132	0.28460	0.03775	0.09019	0.24736	0.06922	0.03915	0.01471	0.00650	0.00603	0.00180	0.00648	0.00648	0.00465	0.00812
16	0.02322	0.01203	0.01447	0.01109	0.01544	0.01201	0.00916	0.33762	0.02021	0.45785	0.01819	0.01647	0.01187	0.00677	0.00556	0.00169	0.00530	0.00532	0.00629	0.00942
17	0.01371	0.01316	0.02248	0.03399	0.77081	0.01316	0.01700	0.01700	0.01261	0.01809	0.01042	0.01371	0.00877	0.00493	0.00548	0.00164	0.00658	0.00493	0.00274	0.00877
18	0.30769	0.02660	0.01167	0.00977	0.01322	0.01356	0.00787	0.16698	0.28965	0.02540	0.01727	0.01688	0.05781	0.00686	0.00486	0.00176	0.00462	0.00513	0.00475	0.00764
19	0.37812	0.03621	0.01276	0.01037	0.01401	0.16882	0.00838	0.22829	0.01577	0.05117	0.01081	0.01153	0.02065	0.00589	0.00448	0.00163	0.00598	0.00392	0.00404	0.00719
20	0.19270	0.04070	0.01499	0.01692	0.23295	0.14574	0.01048	0.03996	0.10349	0.02026	0.11543	0.01653	0.01483	0.00635	0.00506	0.00165	0.00583	0.00508	0.00379	0.00724
21	0.01535	0.01387	0.06466	0.01873	0.12595	0.07266	0.28929	0.01863	0.01341	0.17926	0.01564	0.11892	0.01314	0.00697	0.00606	0.00181	0.00714	0.00694	0.00395	0.00764
22	0.01443	0.01509	0.01591	0.01968	0.27631	0.24162	0.01212	0.03028	0.04103	0.01657	0.01571	0.06880	0.01536	0.00842	0.00614	0.00184	0.02079	0.16934	0.00359	0.00696
23	0.01441	0.01221	0.01288	0.01140	0.01464	0.01407	0.00892	0.09220	0.69701	0.02419	0.02174	0.02002	0.01626	0.00744	0.00563	0.00186	0.00453	0.00615	0.00563	0.00882
24	0.01307	0.01494	0.03268	0.02334	0.02894	0.01401	0.75070	0.01774	0.01307	0.01774	0.01120	0.01494	0.00840	0.00467	0.00654	0.00187	0.00934	0.00654	0.00280	0.00747
25	0.00976	0.00686	0.00907	0.00887	0.01018	0.00744	0.00691	0.07193	0.05382	0.01547	0.01957	0.02842	0.07617	0.02554	0.33146	0.17400	0.00888	0.11146	0.01917	0.00502
26	0.01313	0.28254	0.47940	0.01346	0.02020	0.04169	0.01610	0.01772	0.01183	0.04315	0.00959	0.01098	0.00729	0.00516	0.00471	0.00156	0.00738	0.00376	0.00253	0.00782
27	0.00655	0.00561	0.00561	0.00561	0.00748	0.00468	0.00421	0.00795	0.01262	0.01496	0.05610	0.05330	0.76857	0.01403	0.00655	0.00187	0.00281	0.01169	0.00514	0.00468
28	0.00861	0.00615	0.00856	0.00984	0.01098	0.00610	0.00838	0.01093	0.01244	0.01622	0.02950	0.16920	0.03256	0.01560	0.00757	0.00251	0.00483	0.62991	0.00511	0.00501
29	0.01319	0.01328	0.09208	0.12434	0.45891	0.01193	0.04183	0.01659	0.01239	0.07035	0.01291	0.08371	0.01122	0.00627	0.00565	0.00175	0.00651	0.00591	0.00317	0.00800
30	0.09671	0.01358	0.02271	0.01800	0.06389	0.01435	0.32577	0.13940	0.01429	0.08308	0.01137	0.01386	0.00860	0.00610	0.00791	0.00189	0.14179	0.00547	0.00358	0.00764
31	0.00877	0.00627	0.00875	0.01002	0.01123	0.00624	0.00866	0.01121	0.01260	0.01640	0.02941	0.11443	0.03221	0.01544	0.00761	0.00253	0.00497	0.68309	0.00510	0.00506
32	0.47158	0.12276	0.03747	0.01079	0.05008	0.19571	0.00856	0.01777	0.01138	0.02003	0.00811	0.00953	0.00658	0.00521	0.00397	0.00157	0.00609	0.00326	0.00308	0.00645
33	0.00655	0.00561	0.00561	0.00561	0.00748	0.00468	0.00421	0.00795	0.01262	0.01496	0.05610	0.05330	0.76857	0.01403	0.00655	0.00187	0.00281	0.01169	0.00514	0.00468
34	0.03284	0.10067	0.06361	0.01353	0.10421	0.05401	0.01038	0.22790	0.02961	0.03964	0.01107	0.01220	0.00861	0.00530	0.00478	0.00135	0.00575	0.00410	0.00381	0.26661
35	0.01373	0.49189	0.21463	0.01165	0.01696	0.06181	0.03710	0.01680	0.01195	0.01492	0.05538	0.01186	0.00992	0.00533	0.00435	0.00140	0.00663	0.00384	0.00263	0.00723
36	0.01460	0.29956	0.33865	0.01383	0.06160	0.01604	0.01447	0.08279	0.01321	0.08183	0.01049	0.01157	0.00793	0.00532	0.00472	0.00154	0.00682	0.00395	0.00304	0.00805
37	0.01163	0.10708	0.53649	0.01719	0.12549	0.01341	0.03067	0.01682	0.01185	0.01700	0.01243	0.01411	0.05078	0.00565	0.00521	0.00169	0.00744	0.00457	0.00257	0.00794
38	0.00665	0.00561	0.00576	0.00572	0.00755	0.00472	0.00429	0.00816	0.01288	0.01556	0.11528	0.05231	0.70902	0.01380	0.00654	0.00186	0.00279	0.01155	0.00522	0.00472
39	0.01542	0.01132	0.01467	0.01176	0.01435	0.01270	0.00970	0.09067	0.01252	0.17058	0.01149	0.01343	0.00903	0.00735	0.01068	0.00178	0.34951	0.00460	0.00386	0.22456
40	0.01275	0.01032	0.01580	0.02018	0.33548	0.01073	0.02467	0.06370	0.01274	0.06715	0.01671	0.21490	0.01645	0.00891	0.00706	0.00186	0.08327	0.00777	0.06235	0.00723
41	0.00805	0.00537	0.00604	0.00604	0.00604	0.00537	0.00336	0.00805	0.00805	0.01074	0.01745	0.03624	0.02013	0.80536	0.02819	0.00537	0.00537	0.00805	0.00336	0.00336
42	0.01888	0.01183	0.02016	0.01506	0.01967	0.01113	0.28383	0.02391	0.12237	0.38523	0.01800	0.01766	0.01220	0.00614	0.00594	0.00179	0.00638	0.00603	0.00517	0.00860
43	0.01616	0.52865	0.04712	0.01253	0.06511	0.22021	0.01062	0.01809	0.01252	0.01363	0.00817	0.00957	0.00722	0.00502	0.00411	0.00130	0.00710	0.00328	0.00252	0.00707
44	0.01419	0.00976	0.01176	0.00854	0.01333	0.00754	0.00688	0.01658	0.01237	0.17094	0.01227	0.01297	0.00932	0.00466	0.00440	0.00100	0.00423	0.00374	0.00400	0.67153
45	0.01253	0.16592	0.24337	0.01549	0.02090	0.06791	0.24094	0.01659	0.01273	0.01677	0.08160	0.01697	0.05188	0.00603	0.00550	0.00167	0.00745	0.00554	0.00302	0.00718
46	0.00953	0.00826	0.01182	0.01089	0.01145	0.01067	0.00870	0.01110	0.00869	0.01292	0.01209	0.01890	0.01169	0.07299	0.44791	0.00622	0.31247	0.00564	0.00278	0.00528
47	0.00962	0.00481	0.00722	0.00722	0.00722	0.00481	0.00481	0.00722	0.00722	0.00962	0.00962	0.01684	0.00962	0.01924	0.02165	0.83886	0.00481	0.00481	0.00241	0.00241
48	0.00909	0.00597	0.00684	0.00728	0.00837	0.00608	0.00519	0.01277	0.11929	0.01786	0.02475	0.39908	0.02546	0.01189	0.00568	0.00184	0.00315	0.01045	0.31362	0.00536
49	0.01070	0.06768	0.12307	0.11371	0.01707	0.01126	0.01060	0.01707	0.20345	0.01660	0.03379	0.01869	0.01328	0.01946	0.29412	0.00441	0.00927	0.00551	0.00353	0.00671
50	0.00792	0.00590	0.00874	0.00874	0.00967	0.00683	0.00672	0.00978	0.00885	0.01274	0.01498	0.02258	0.01420	0.08515	0.74029	0.00870	0.01429	0.00605	0.00299	0.00485
51	0.00805	0.00537	0.00604	0.00604	0.00604	0.00537	0.00336	0.00805	0.00805	0.01074	0.01745	0.03624	0.02013	0.80536	0.02819	0.00537	0.00537	0.00805	0.00336	0.00336
52	0.01719	0.01323	0.01455	0.01091	0.01554	0.01322	0.00893	0.45436	0.02017	0.02810	0.01190	0.01257	0.00893	0.00562	0.00496	0.00132	0.00529	0.00430	0.00463	0.34429
53	0.01464	0.01175	0.01317	0.00981	0.01448	0.01083	0.00794	0.24884	0.05669	0.02367	0.01163	0.01256	0.00906	0.00509	0.00464	0.00114	0.00475	0.00398	0.00412	0.53120
54	0.00955	0.00839	0.01380	0.07187	0.24269	0.00832	0.06027	0.01166	0.01141	0.01558	0.02166	0.45404	0.02421	0.01189	0.00644	0.00201	0.00494	0.01108	0.00407	0.00611
55	0.02304	0.00930	0.01229	0.00962	0.01362	0.00833	0.00788	0.02617	0.06853	0.66822	0.02163	0.01911	0.01397	0.00687	0.00545	0.00170	0.00454	0.00559	0.06505	0.00908
56	0.01140	0.01066	0.01723	0.02423	0.48632	0.01038	0.03472	0.01419	0.01271	0.01729	0.04275	0.02763	0.20639	0.00806	0.00595	0.00177	0.00550	0.05184	0.00359	0.00736
57	0.01237	0.09366	0.21226	0.17590	0.13054	0.01400	0.18141	0.01775	0.07613	0.01702	0.01113	0.01382	0.00850	0.00528	0.00550	0.00174	0.00751	0.00500	0.00281	0.00764
58	0.01381	0.51305	0.02455	0.01136	0.01434	0.02008	0.01046	0.01538	0.01022	0.01314	0.00754	0.01008	0.00717	0.00658	0.00898	0.00164	0.29887	0.00366	0.00239	0.00672
59	0.00713	0.00510	0.00684	0.00796	0.00850	0.00481	0.00564	0.00846	0.01138	0.01524	0.10263	0.63204	0.03755	0.01650	0.00709	0.00224	0.00340	0.10761	0.00523	0.00465
60	0.01420	0.01532	0.08273	0.04038	0.28614	0.11959	0.04590	0.09121	0.08751	0.01934	0.06521	0.01633	0.01267	0.00890	0.06823	0.00226	0.00746	0.00532	0.00353	0.00778
61	0.01515	0.03574	0.01558	0.23459	0.04129	0.05358	0.02814	0.24479	0.02949	0.07336	0.01517	0.10817	0.01324	0.00789	0.00603	0.00183	0.02325	0.04114	0.00425	0.00734
62	0.00774	0.00528	0.00647	0.00702	0.00725	0.00517	0.00452	0.00826	0.00934	0.01241	0.02278	0.29081	0.02653	0.45414	0.01910	0.01895	0.00462	0.08162	0.00410	0.00389
63	0.84448	0.01071	0.00814	0.00728	0.01071	0.01242	0.00600	0.01628	0.00943	0.02485	0.00771	0.00900	0.00600	0.00514	0.00343	0.00171	0.00428	0.00300	0.00343	0.00600
64	0.00985	0.00697	0.00831	0.00846	0.00970	0.00719	0.00596	0.01444	0.19777	0.06302	0.04290	0.42238	0.02810	0.13633	0.00988	0.00260	0.00392	0.01143	0.00512	0.00571
65	0.09823	0.00936	0.01112	0.00926	0.01214	0.00961	0.00732	0.16398	0.01465	0.27100	0.01666	0.01996	0.01309	0.13100	0.15398	0.00357	0.00686	0.00562	0.03540	0.00720
66	0.00856	0.00547	0.00629	0.00609	0.00747	0.00512	0.00457	0.01097	0.01370	0.02051	0.37920	0.03553	0.14923	0.00993	0.00555	0.00159	0.00263	0.00847	0.31401	0.00512
67	0.01481	0.80869	0.02902	0.00948	0.01421	0.02191	0.00948	0.01658	0.01125	0.01303	0.00770	0.00888	0.00711	0.00474	0.00355	0.00118	0.00592	0.00296	0.00237	0.00711
68	0.00962	0.00481	0.00722	0.00722	0.00722	0.00481	0.00481	0.00722	0.00722	0.00962	0.00962	0.01684	0.00962	0.01924	0.02165	0.83886	0.00481	0.00481	0.00241	0.00241
69	0.01046	0.00984	0.01661	0.79205	0.03814	0.01230	0.01538	0.01415	0.01107	0.01415	0.00984	0.01477	0.00738	0.00554	0.00554	0.00185	0.00738	0.00492	0.00246	0.00615
70	0.01046	0.00984	0.01661	0.79205	0.03814	0.01230	0.01538	0.01415	0.01107	0.01415	0.00984	0.01477	0.00738	0.00554	0.00554	0.00185	0.00738	0.00492	0.00246	0.00615
71	0.01953	0.01440	0.01538	0.01205	0.01613	0.01597	0.00987	0.62372	0.10294	0.03266	0.01461	0.01459	0.01055	0.00673	0.00543	0.00166	0.00567	0.00513	0.06393	0.00905
72	0.00805	0.00537	0.00604	0.00604	0.00604	0.00537	0.00336	0.00805	0.00805	0.01074	0.01745	0.03624	0.02013	0.80536	0.02819	0.00537	0.00537	0.00805	0.00336	0.00336
73	0.00672	0.00562	0.00585	0.00579	0.00759	0.00475	0.00434	0.00828	0.01303	0.01592	0.14992	0.05173	0.67416	0.01367	0.00654	0.00185	0.00278	0.01147	0.00527	0.00475
74	0.01378	0.01190	0.01252	0.01127	0.01440	0.01378	0.00877	0.02943	0.76081	0.02317	0.02254	0.02066	0.01691	0.00751	0.00564	0.00188	0.00438	0.00626	0.00564	0.00877
75	0.01378	0.01190	0.01252	0.01127	0.01440	0.01378	0.00877	0.02943	0.76081	0.02317	0.02254	0.02066	0.01691	0.00751	0.00564	0.00188	0.00438	0.00626	0.00564	0.00877
76	0.01844	0.30261	0.02069	0.01341	0.05896	0.40611	0.01048	0.03913	0.01422	0.05585	0.00921	0.01038	0.00764	0.00541	0.00456	0.00137	0.00796	0.00358	0.00296	0.00704
77	0.00834	0.00720	0.01006	0.28365	0.01885	0.00762	0.00881	0.01080	0.01239	0.01558	0.10636	0.03963	0.34242	0.01092	0.00632	0.00193	0.00467	0.09487	0.00429	0.00530
78	0.02069	0.02640	0.01569	0.01427	0.01712	0.78313	0.01070	0.02212	0.01569	0.01355	0.00856	0.00999	0.00713	0.00571	0.00499	0.00143	0.00999	0.00357	0.00285	0.00642
79	0.01152	0.00995	0.01192	0.00852	0.01345	0.00752	0.02191	0.01402	0.01152	0.01804	0.00987	0.01156	0.00821	0.00411	0.00415	0.00084	0.00421	0.00335	0.00327	0.82207
80	0.00793	0.00586	0.00852	0.00852	0.00938	0.00672	0.00645	0.00965	0.00879	0.01258	0.01518	0.02367	0.01467	0.14221	0.68388	0.00844	0.01359	0.00621	0.00302	0.00474
81	0.00792	0.00590	0.00874	0.00874	0.00968	0.00684	0.00673	0.00979	0.00885	0.01274	0.01498	0.02255	0.01419	0.08336	0.74207	0.00871	0.01432	0.00605	0.00299	0.00486
82	0.01734	0.50926	0.02374	0.01099	0.01511	0.25765	0.00976	0.01904	0.01296	0.06673	0.00896	0.00993	0.00758	0.00519	0.00414	0.00130	0.00710	0.00333	0.00284	0.00706
83	0.01816	0.01056	0.01638	0.06394	0.31556	0.01008	0.01183	0.02075	0.01387	0.37007	0.01732	0.07903	0.01322	0.00685	0.00565	0.00174	0.00549	0.00609	0.00483	0.00859
84	0.00805	0.00537	0.00604	0.00604	0.00604	0.00537	0.00336	0.00805	0.00805	0.01074	0.01745	0.03624	0.02013	0.80536	0.02819	0.00537	0.00537	0.00805	0.00336	0.00336
85	0.00759	0.00565	0.00706	0.00671	0.00812	0.00512	0.00503	0.00998	0.01510	0.02084	0.63344	0.04362	0.18757	0.01183	0.00653	0.00177	0.00265	0.01033	0.00592	0.00512
86	0.01494	0.02028	0.18866	0.17566	0.17471	0.26020	0.01507	0.04191	0.02715	0.01634	0.00991	0.01239	0.00774	0.00548	0.00529	0.00164	0.00814	0.00433	0.00277	0.00738
87	0.00962	0.00481	0.00722	0.00722	0.00722	0.00481	0.00481	0.00722	0.00722	0.00962	0.00962	0.01684	0.00962	0.01924	0.02165	0.83886	0.00481	0.00481	0.00241	0.00241
88	0.01290	0.01443	0.02987	0.02177	0.02637	0.01453	0.61870	0.01695	0.01225	0.01695	0.01050	0.01443	0.00820	0.00557	0.00862	0.00197	0.14980	0.00623	0.00273	0.00722
89	0.00793	0.00539	0.00601	0.00601	0.00616	0.00531	0.00342	0.00805	0.00842	0.01108	0.02057	0.03762	0.08045	0.74159	0.02644	0.00509	0.00516	0.00835	0.00350	0.00346
90	0.01694	0.10386	0.01628	0.12530	0.01895	0.46231	0.01067	0.02007	0.08613	0.01455	0.01155	0.06724	0.01018	0.00657	0.00513	0.00156	0.00816	0.00481	0.00317	0.00655
91	0.01334	0.01183	0.01519	0.24314	0.11781	0.02676	0.01182	0.07121	0.37023	0.02045	0.01633	0.01737	0.01236	0.00650	0.00554	0.00181	0.00572	0.00555	0.01911	0.00794
92	0.00696	0.00497	0.00667	0.00795	0.00837	0.00468	0.00551	0.00807	0.01081	0.01437	0.03041	0.73038	0.03617	0.01715	0.00713	0.00228	0.00340	0.08503	0.00514	0.00456
93	0.01044	0.00900	0.01453	0.01970	0.33471	0.00934	0.01136	0.01298	0.01111	0.01567	0.01596	0.07851	0.01566	0.02076	0.29461	0.00450	0.00921	0.10209	0.00330	0.00657

[dist]
# distance from previous block
# <min> <max>
0	1

[block]
# block no. 3 follows, 43 sequences, length 50
# corresponding to MSA columns:
# 699-748
name=unknown_D
#
# <colnr> <probs for GDERKNQSTAVLIFYWHMCP>
#	G	D	E	R	K	N	Q	S	T	A	V	L	I	F	Y	W	H	M	C	P
0	0.01504	0.06078	0.04420	0.06072	0.55950	0.04529	0.01537	0.01815	0.01291	0.09862	0.01137	0.01380	0.00902	0.00520	0.00535	0.00163	0.00657	0.00480	0.00314	0.00852
1	0.01193	0.00972	0.01575	0.14651	0.35286	0.00991	0.01232	0.01446	0.01200	0.07820	0.01752	0.25957	0.01762	0.00905	0.00599	0.00187	0.00551	0.00835	0.00378	0.00707
2	0.24083	0.17915	0.01634	0.01143	0.01482	0.42333	0.00919	0.01944	0.01312	0.01648	0.00816	0.00950	0.00682	0.00536	0.00428	0.00146	0.00764	0.00329	0.00291	0.00644
3	0.01148	0.00974	0.01495	0.02063	0.36997	0.00979	0.01127	0.01528	0.09804	0.04352	0.01979	0.31169	0.02038	0.00998	0.00610	0.00190	0.00499	0.00918	0.00412	0.00718
4	0.00663	0.00529	0.00594	0.00647	0.00771	0.00460	0.00459	0.00785	0.01180	0.01463	0.04566	0.35894	0.46967	0.01538	0.00676	0.00202	0.00297	0.01334	0.00514	0.00460
5	0.01045	0.00871	0.01280	0.06715	0.13586	0.00990	0.00983	0.07227	0.01143	0.01601	0.01581	0.14029	0.01574	0.02181	0.30048	0.00462	0.09985	0.03744	0.00347	0.00608
6	0.00823	0.00617	0.00858	0.00842	0.00906	0.00712	0.00621	0.00957	0.00862	0.01226	0.01511	0.02539	0.01527	0.26411	0.51181	0.00744	0.06254	0.00649	0.00305	0.00455
7	0.84448	0.01071	0.00814	0.00728	0.01071	0.01242	0.00600	0.01628	0.00943	0.02485	0.00771	0.00900	0.00600	0.00514	0.00343	0.00171	0.00428	0.00300	0.00343	0.00600
8	0.01457	0.01033	0.01150	0.03177	0.01326	0.01122	0.00809	0.32853	0.07909	0.02549	0.01892	0.12516	0.01689	0.00890	0.00557	0.00176	0.00469	0.07732	0.19975	0.00720
9	0.01046	0.00984	0.01661	0.79205	0.03814	0.01230	0.01538	0.01415	0.01107	0.01415	0.00984	0.01477	0.00738	0.00554	0.00554	0.00185	0.00738	0.00492	0.00246	0.00615
10	0.01247	0.00857	0.01001	0.00798	0.01157	0.00719	0.00636	0.06174	0.01374	0.13680	0.07451	0.02797	0.23139	0.00829	0.00537	0.00142	0.00388	0.02468	0.00475	0.34128
11	0.01763	0.01275	0.01391	0.01156	0.01527	0.01414	0.00926	0.26558	0.42150	0.12682	0.01943	0.01801	0.01403	0.00714	0.00560	0.00179	0.00499	0.00575	0.00577	0.00907
12	0.00682	0.00562	0.00600	0.00590	0.00765	0.00479	0.00443	0.00849	0.01328	0.01652	0.20895	0.05074	0.61475	0.01345	0.00654	0.00184	0.00276	0.01133	0.00535	0.00479
13	0.00763	0.00530	0.00606	0.00630	0.00659	0.00512	0.00379	0.00798	0.00909	0.01189	0.02466	0.18026	0.11580	0.56137	0.02160	0.00436	0.00465	0.00993	0.00391	0.00373
14	0.08850	0.01512	0.01593	0.01230	0.01665	0.01679	0.01016	0.69205	0.02468	0.03408	0.01284	0.01294	0.00914	0.00652	0.00537	0.00167	0.00595	0.00482	0.00537	0.00914
15	0.01037	0.00974	0.01628	0.74260	0.05287	0.01200	0.01495	0.01395	0.01117	0.01427	0.01179	0.01635	0.03925	0.00588	0.00558	0.00184	0.00717	0.00521	0.00258	0.00615
16	0.00983	0.00777	0.01047	0.14934	0.04641	0.00821	0.00804	0.09595	0.01395	0.01881	0.23922	0.10962	0.11640	0.06440	0.07461	0.00267	0.00535	0.00862	0.00458	0.00574
17	0.01451	0.02149	0.25113	0.01305	0.01734	0.30196	0.01252	0.01964	0.11580	0.01762	0.14393	0.01747	0.01633	0.00680	0.00543	0.00165	0.00737	0.00523	0.00364	0.00708
18	0.01512	0.01705	0.01338	0.01428	0.08768	0.40273	0.01015	0.01697	0.01397	0.01488	0.01705	0.12246	0.01761	0.00966	0.00601	0.00185	0.00750	0.20187	0.00373	0.00606
19	0.01307	0.01494	0.03268	0.02334	0.02894	0.01401	0.75070	0.01774	0.01307	0.01774	0.01120	0.01494	0.00840	0.00467	0.00654	0.00187	0.00934	0.00654	0.00280	0.00747
20	0.01901	0.00970	0.01229	0.00925	0.01374	0.00807	0.00753	0.02185	0.04568	0.43889	0.01706	0.01597	0.01163	0.00578	0.00498	0.00136	0.00445	0.00468	0.00537	0.34270
21	0.01032	0.00516	0.00516	0.00516	0.00645	0.00516	0.00387	0.01290	0.01161	0.02065	0.01807	0.02065	0.01420	0.00645	0.00387	0.00129	0.00258	0.00516	0.83611	0.00516
22	0.05960	0.00948	0.01265	0.00974	0.01399	0.00832	0.00805	0.02654	0.01558	0.74286	0.02125	0.01843	0.01338	0.00678	0.00548	0.00171	0.00469	0.00546	0.00671	0.00928
23	0.01481	0.80869	0.02902	0.00948	0.01421	0.02191	0.00948	0.01658	0.01125	0.01303	0.00770	0.00888	0.00711	0.00474	0.00355	0.00118	0.00592	0.00296	0.00237	0.00711
24	0.01212	0.01212	0.01696	0.01454	0.01454	0.01696	0.01212	0.01333	0.00848	0.01333	0.00727	0.01212	0.00727	0.00969	0.01818	0.00242	0.79523	0.00485	0.00242	0.00606
25	0.01341	0.51470	0.31080	0.01185	0.01789	0.01850	0.01362	0.01694	0.01142	0.01473	0.00854	0.00994	0.00707	0.00494	0.00420	0.00140	0.00678	0.00339	0.00236	0.00751
26	0.01046	0.00984	0.01661	0.79205	0.03814	0.01230	0.01538	0.01415	0.01107	0.01415	0.00984	0.01477	0.00738	0.00554	0.00554	0.00185	0.00738	0.00492	0.00246	0.00615
27	0.02086	0.01347	0.01519	0.01192	0.01606	0.01437	0.00989	0.53776	0.02279	0.19036	0.01642	0.01850	0.01217	0.00740	0.00572	0.00175	0.00572	0.06479	0.00578	0.00907
28	0.01436	0.02319	0.51145	0.01431	0.02103	0.01316	0.01661	0.18693	0.01529	0.08343	0.01243	0.04124	0.00919	0.00615	0.00542	0.00175	0.00724	0.00484	0.00355	0.00844
29	0.84448	0.01071	0.00814	0.00728	0.01071	0.01242	0.00600	0.01628	0.00943	0.02485	0.00771	0.00900	0.00600	0.00514	0.00343	0.00171	0.00428	0.00300	0.00343	0.00600
30	0.01111	0.02865	0.77667	0.01579	0.02397	0.01286	0.02046	0.01754	0.01169	0.01754	0.00994	0.01169	0.00702	0.00526	0.00526	0.00175	0.00818	0.00409	0.00234	0.00818
31	0.84448	0.01071	0.00814	0.00728	0.01071	0.01242	0.00600	0.01628	0.00943	0.02485	0.00771	0.00900	0.00600	0.00514	0.00343	0.00171	0.00428	0.00300	0.00343	0.00600
32	0.01234	0.00667	0.00876	0.00766	0.00980	0.00598	0.00595	0.01475	0.01553	0.22446	0.52085	0.03607	0.08821	0.01029	0.00627	0.00174	0.00319	0.00893	0.00624	0.00632
33	0.30717	0.01158	0.01437	0.01813	0.29779	0.01254	0.01065	0.01889	0.16816	0.02161	0.03952	0.01546	0.03027	0.00600	0.00485	0.00173	0.00507	0.00488	0.00377	0.00756
34	0.01454	0.00827	0.00983	0.00787	0.01105	0.00746	0.00629	0.04229	0.01294	0.19693	0.01577	0.01676	0.01176	0.00596	0.00500	0.00130	0.03683	0.00465	0.31805	0.26646
35	0.01307	0.01494	0.03268	0.02334	0.02894	0.01401	0.75070	0.01774	0.01307	0.01774	0.01120	0.01494	0.00840	0.00467	0.00654	0.00187	0.00934	0.00654	0.00280	0.00747
36	0.01111	0.02865	0.77667	0.01579	0.02397	0.01286	0.02046	0.01754	0.01169	0.01754	0.00994	0.01169	0.00702	0.00526	0.00526	0.00175	0.00818	0.00409	0.00234	0.00818
37	0.00793	0.00586	0.00853	0.00853	0.00939	0.00672	0.00646	0.00965	0.00879	0.01258	0.01517	0.02363	0.01466	0.14018	0.68588	0.00844	0.01361	0.00621	0.00302	0.00474
38	0.01360	0.01175	0.01236	0.01113	0.01424	0.01356	0.00866	0.02891	0.74286	0.02297	0.02335	0.02145	0.03494	0.00767	0.00566	0.00188	0.00435	0.00639	0.00562	0.00867
39	0.00829	0.00546	0.00723	0.00752	0.00850	0.00503	0.00536	0.01003	0.01310	0.06268	0.34783	0.42761	0.04201	0.01413	0.00675	0.00200	0.00304	0.01267	0.00565	0.00510
40	0.00683	0.00560	0.00602	0.00596	0.00767	0.00479	0.00445	0.00848	0.01323	0.01651	0.20944	0.06925	0.59550	0.01352	0.00656	0.00185	0.00277	0.01143	0.00535	0.00479
