[name]
unknown

[dist]
# distance from previous block
# <min> <max>
0	76

[block]
# block no. 0 follows, 46 sequences, length 48
# corresponding to MSA columns:
# 192-239
name=unknown_A
#
# <colnr> <probs for GDERKNQSTAVLIFYWHMCP>
#	G	D	E	R	K	N	Q	S	T	A	V	L	I	F	Y	W	H	M	C	P
0	0.01658	0.01569	0.01356	0.01123	0.01483	0.24678	0.00890	0.23132	0.08918	0.03878	0.01243	0.01474	0.01003	0.00604	0.00493	0.00140	0.00624	0.04542	0.00402	0.20790
1	0.00890	0.00540	0.00555	0.00546	0.00693	0.00523	0.00411	0.01171	0.05026	0.01851	0.08212	0.02932	0.21721	0.00844	0.00463	0.00144	0.00261	0.00695	0.52022	0.00498
2	0.00666	0.00477	0.00633	0.00721	0.00772	0.00444	0.00492	0.00792	0.01115	0.01513	0.18796	0.64728	0.03813	0.01534	0.00664	0.00204	0.00295	0.01387	0.00510	0.00444
3	0.00769	0.00513	0.00577	0.00577	0.00577	0.00513	0.00320	0.00769	0.00769	0.01025	0.01666	0.03460	0.01922	0.81421	0.02691	0.00513	0.00513	0.00769	0.00320	0.00320
4	0.01060	0.02735	0.78682	0.01507	0.02288	0.01228	0.01953	0.01674	0.01116	0.01674	0.00949	0.01116	0.00670	0.00502	0.00502	0.00167	0.00781	0.00391	0.00223	0.00781
5	0.01413	0.81739	0.02770	0.00905	0.01357	0.02092	0.00905	0.01583	0.01074	0.01244	0.00735	0.00848	0.00678	0.00452	0.00339	0.00113	0.00565	0.00283	0.00226	0.00678
6	0.00998	0.00940	0.01586	0.80150	0.03641	0.01175	0.01468	0.01351	0.01057	0.01351	0.00940	0.01409	0.00705	0.00529	0.00529	0.00176	0.00705	0.00470	0.00235	0.00587
7	0.00769	0.00513	0.00577	0.00577	0.00577	0.00513	0.00320	0.00769	0.00769	0.01025	0.01666	0.03460	0.01922	0.81421	0.02691	0.00513	0.00513	0.00769	0.00320	0.00320
8	0.00868	0.00954	0.12350	0.00858	0.01101	0.00729	0.00764	0.01349	0.13677	0.01941	0.41360	0.12229	0.07692	0.01017	0.00598	0.00175	0.00364	0.00886	0.00506	0.00585
9	0.00690	0.00538	0.00626	0.00604	0.00754	0.00474	0.00453	0.00885	0.01360	0.01795	0.43795	0.04484	0.39240	0.01202	0.00624	0.00172	0.00258	0.01031	0.00539	0.00474
10	0.01469	0.01340	0.01574	0.43062	0.02699	0.12285	0.01253	0.26200	0.01590	0.01996	0.01031	0.01299	0.00765	0.00566	0.00521	0.00165	0.00699	0.00454	0.00337	0.00694
11	0.06642	0.01624	0.01527	0.01211	0.01604	0.14252	0.00983	0.60104	0.02236	0.02947	0.01166	0.01195	0.00845	0.00612	0.00509	0.00155	0.00633	0.00443	0.00476	0.00834
12	0.00715	0.00539	0.00661	0.00630	0.00770	0.00485	0.00473	0.00934	0.01418	0.01935	0.58436	0.04254	0.24512	0.01150	0.00624	0.00170	0.00254	0.00999	0.00558	0.00485
13	0.01413	0.81739	0.02770	0.00905	0.01357	0.02092	0.00905	0.01583	0.01074	0.01244	0.00735	0.00848	0.00678	0.00452	0.00339	0.00113	0.00565	0.00283	0.00226	0.00678
14	0.01895	0.02174	0.01463	0.01332	0.03722	0.58827	0.00992	0.14435	0.01628	0.01692	0.00959	0.01085	0.00767	0.00562	0.00479	0.00140	0.00835	0.00377	0.05976	0.00659
15	0.17338	0.01441	0.01433	0.01127	0.01525	0.04907	0.00926	0.59364	0.02151	0.03067	0.01151	0.01180	0.00829	0.00604	0.00489	0.00159	0.00566	0.00435	0.00481	0.00826
16	0.01308	0.01256	0.02146	0.03245	0.78123	0.01256	0.01622	0.01622	0.01204	0.01727	0.00994	0.01308	0.00837	0.00471	0.00523	0.00157	0.00628	0.00471	0.00262	0.00837
17	0.00768	0.00516	0.00592	0.00592	0.00597	0.00521	0.00339	0.00779	0.00773	0.01036	0.01652	0.03382	0.01888	0.77100	0.06966	0.00531	0.00563	0.00757	0.00318	0.00329
18	0.01093	0.09936	0.71762	0.01452	0.02203	0.01307	0.01858	0.01666	0.01112	0.01635	0.00929	0.01092	0.00670	0.00498	0.00487	0.00162	0.00762	0.00381	0.00223	0.00772
19	0.01115	0.01056	0.01759	0.50239	0.28080	0.01218	0.01491	0.01484	0.03477	0.01500	0.00989	0.01387	0.00777	0.00526	0.00559	0.00171	0.02768	0.00474	0.00253	0.00677
20	0.00731	0.00540	0.00683	0.00647	0.00779	0.00491	0.00485	0.00964	0.01456	0.02023	0.67678	0.04109	0.15215	0.01117	0.00624	0.00168	0.00252	0.00978	0.00569	0.00491
21	0.13631	0.01329	0.01396	0.01096	0.01490	0.01464	0.00901	0.54395	0.06322	0.08562	0.01315	0.01308	0.00935	0.00620	0.00497	0.00160	0.00530	0.00461	0.02749	0.00839
22	0.00998	0.00940	0.01586	0.80150	0.03641	0.01175	0.01468	0.01351	0.01057	0.01351	0.00940	0.01409	0.00705	0.00529	0.00529	0.00176	0.00705	0.00470	0.00235	0.00587
23	0.00628	0.00522	0.00550	0.00572	0.00724	0.00443	0.00418	0.00755	0.01170	0.01414	0.04911	0.18920	0.64364	0.01397	0.00634	0.00185	0.00275	0.01186	0.00491	0.00443
24	0.01361	0.01208	0.01822	0.22211	0.38718	0.01312	0.01404	0.15568	0.07598	0.01970	0.01126	0.01381	0.00878	0.00536	0.00527	0.00164	0.00622	0.00482	0.00327	0.00785
25	0.23694	0.00931	0.01111	0.00877	0.01265	0.00882	0.00724	0.02313	0.01355	0.58884	0.01738	0.01557	0.01119	0.00612	0.00479	0.00164	0.00439	0.00468	0.00570	0.00815
26	0.01280	0.01227	0.02095	0.10255	0.71334	0.01249	0.01608	0.01598	0.01190	0.01693	0.00989	0.01318	0.00825	0.00476	0.00524	0.00159	0.00635	0.00471	0.00259	0.00815
27	0.02010	0.01481	0.01587	0.01216	0.01639	0.01639	0.01005	0.76360	0.02486	0.03332	0.01269	0.01269	0.00899	0.00635	0.00529	0.00159	0.00582	0.00476	0.00529	0.00899
28	0.01418	0.01143	0.01229	0.01055	0.01362	0.01286	0.00833	0.21836	0.46978	0.02492	0.12536	0.02065	0.01900	0.00747	0.00548	0.00172	0.00438	0.00616	0.00542	0.00806
29	0.85155	0.01022	0.00777	0.00695	0.01022	0.01186	0.00573	0.01554	0.00900	0.02372	0.00736	0.00859	0.00573	0.00491	0.00327	0.00164	0.00409	0.00286	0.00327	0.00573
30	0.00744	0.00522	0.00673	0.00693	0.00729	0.00548	0.00460	0.00821	0.00835	0.01145	0.01786	0.15629	0.01980	0.42896	0.27642	0.00575	0.00777	0.00821	0.00336	0.00388
31	0.01413	0.81739	0.02770	0.00905	0.01357	0.02092	0.00905	0.01583	0.01074	0.01244	0.00735	0.00848	0.00678	0.00452	0.00339	0.00113	0.00565	0.00283	0.00226	0.00678
32	0.02372	0.00900	0.01227	0.00941	0.01350	0.00777	0.00777	0.02576	0.01513	0.78489	0.02086	0.01799	0.01309	0.00654	0.00532	0.00164	0.00450	0.00532	0.00654	0.00900
33	0.01187	0.31116	0.51411	0.01290	0.01954	0.01538	0.01577	0.01641	0.01101	0.01520	0.00872	0.01020	0.00673	0.00484	0.00444	0.00148	0.00704	0.00352	0.00224	0.00744
34	0.00641	0.00472	0.00601	0.00704	0.00758	0.00432	0.00476	0.00740	0.01043	0.01362	0.03304	0.68930	0.15390	0.01606	0.00667	0.00209	0.00300	0.01441	0.00491	0.00432
35	0.00728	0.00652	0.00945	0.00837	0.01034	0.00578	0.11687	0.00906	0.01187	0.01489	0.08245	0.20586	0.46613	0.01259	0.00635	0.00185	0.00368	0.01116	0.00463	0.00485
36	0.00644	0.00460	0.00613	0.00736	0.00767	0.00429	0.00491	0.00736	0.01012	0.01350	0.02914	0.81076	0.03497	0.01656	0.00675	0.00215	0.00307	0.01503	0.00491	0.00429
37	0.01413	0.81739	0.02770	0.00905	0.01357	0.02092	0.00905	0.01583	0.01074	0.01244	0.00735	0.00848	0.00678	0.00452	0.00339	0.00113	0.00565	0.00283	0.00226	0.00678
38	0.00713	0.00539	0.00657	0.00630	0.00766	0.00489	0.00470	0.00920	0.01371	0.01859	0.52205	0.04209	0.25975	0.03651	0.03046	0.00201	0.00298	0.00985	0.00539	0.00477
39	0.01647	0.01974	0.01547	0.01372	0.01536	0.48204	0.01076	0.01775	0.01223	0.01285	0.00768	0.01035	0.00686	0.00697	0.00980	0.00174	0.32776	0.00389	0.00256	0.00599
40	0.01974	0.01639	0.01596	0.01327	0.04939	0.14171	0.01034	0.61138	0.02271	0.02933	0.01184	0.01220	0.00861	0.00613	0.00520	0.00155	0.00644	0.00454	0.00476	0.00850
41	0.01238	0.36837	0.34734	0.01324	0.01910	0.01628	0.09906	0.01624	0.01103	0.01477	0.00862	0.01036	0.00689	0.00487	0.00484	0.00147	0.03190	0.00373	0.00230	0.00723
42	0.00642	0.00470	0.00604	0.00711	0.00760	0.00432	0.00479	0.00739	0.01037	0.01360	0.03224	0.71422	0.12950	0.01616	0.00668	0.00210	0.00302	0.01454	0.00491	0.00432
43	0.00737	0.00499	0.00586	0.00617	0.00625	0.00491	0.00364	0.00760	0.00831	0.01108	0.01986	0.23364	0.02326	0.60966	0.02174	0.00436	0.00460	0.00957	0.00364	0.00348
44	0.01164	0.01071	0.01592	0.05631	0.22957	0.00938	0.07597	0.01445	0.01138	0.01702	0.00966	0.01200	0.00796	0.00425	0.00456	0.00114	0.00517	0.00393	0.00291	0.49607
45	0.00744	0.00537	0.00703	0.00668	0.00789	0.00496	0.00498	0.00986	0.01476	0.02087	0.74611	0.07277	0.04924	0.01106	0.00626	0.00168	0.00252	0.00980	0.00578	0.00496
46	0.03317	0.01688	0.26966	0.18820	0.11779	0.07276	0.01437	0.03499	0.03158	0.10347	0.01133	0.01347	0.00838	0.00741	0.05236	0.00206	0.00736	0.00446	0.00305	0.00727
47	0.01138	0.02470	0.62249	0.01405	0.02069	0.08051	0.01705	0.03741	0.01225	0.01730	0.08313	0.01377	0.01091	0.00565	0.00512	0.00164	0.00740	0.00443	0.00270	0.00743

[dist]
# distance from previous block
# <min> <max>
0	1

[block]
# block no. 1 follows, 46 sequences, length 15
# corresponding to MSA columns:
# 241-255
name=unknown_B
#
# <colnr> <probs for GDERKNQSTAVLIFYWHMCP>
#	G	D	E	R	K	N	Q	S	T	A	V	L	I	F	Y	W	H	M	C	P
0	0.01373	0.01557	0.14935	0.02211	0.25951	0.01297	0.26115	0.09569	0.04407	0.05651	0.01140	0.01362	0.00859	0.00504	0.00555	0.00167	0.00718	0.00517	0.00315	0.00797
1	0.11306	0.00957	0.01199	0.14506	0.01669	0.01007	0.00888	0.14097	0.04507	0.25947	0.04934	0.07042	0.01516	0.00767	0.00538	0.00176	0.00495	0.07235	0.00491	0.00722
2	0.00644	0.00488	0.00594	0.00670	0.00752	0.00438	0.00463	0.00757	0.01098	0.01415	0.07626	0.53305	0.26788	0.01527	0.00656	0.00201	0.00292	0.01353	0.00496	0.00438
3	0.00897	0.00774	0.01121	0.01039	0.01100	0.00998	0.00835	0.01060	0.00836	0.01243	0.01162	0.01753	0.01101	0.02895	0.52012	0.00632	0.29239	0.00530	0.00265	0.00509
4	0.00638	0.00512	0.00570	0.00606	0.00735	0.00444	0.00435	0.00766	0.01163	0.01446	0.09068	0.28722	0.50195	0.01422	0.00640	0.00189	0.00279	0.01227	0.00496	0.00444
5	0.39368	0.00851	0.00879	0.00781	0.01064	0.00880	0.00617	0.01680	0.01118	0.25875	0.01671	0.20101	0.01493	0.00817	0.00473	0.00176	0.00398	0.00650	0.00468	0.00641
6	0.00649	0.00482	0.00607	0.00703	0.00769	0.00440	0.00487	0.00756	0.01062	0.01376	0.03427	0.61852	0.19275	0.01581	0.00666	0.00208	0.00306	0.04428	0.00491	0.00435
7	0.01408	0.01283	0.01860	0.01458	0.01851	0.01375	0.24375	0.14580	0.41180	0.02234	0.01669	0.01686	0.01243	0.00619	0.00563	0.00176	0.00593	0.00586	0.00452	0.00808
8	0.01759	0.27038	0.01883	0.01186	0.01531	0.42397	0.00971	0.09284	0.06500	0.01539	0.00925	0.01019	0.00764	0.00536	0.00443	0.00134	0.00760	0.00353	0.00301	0.00676
9	0.01654	0.01701	0.01955	0.01897	0.18907	0.24079	0.15547	0.19222	0.06284	0.01997	0.01093	0.01259	0.00847	0.00541	0.00531	0.00157	0.00749	0.00471	0.00345	0.00762
10	0.00674	0.00488	0.00615	0.00682	0.00741	0.00453	0.00461	0.00786	0.01084	0.01446	0.15390	0.50084	0.12159	0.11280	0.00907	0.00239	0.00318	0.01278	0.00485	0.00429
11	0.03200	0.00815	0.01026	0.03073	0.01173	0.00871	0.02619	0.19223	0.01396	0.01909	0.06126	0.39265	0.02470	0.01235	0.00721	0.02217	0.05020	0.06603	0.00467	0.00570
12	0.22639	0.01213	0.01237	0.01017	0.01354	0.11646	0.07757	0.08719	0.05482	0.02001	0.06138	0.05738	0.03921	0.00647	0.00474	0.00150	0.00523	0.01871	0.00376	0.17099
13	0.07223	0.01435	0.01483	0.06929	0.12030	0.17254	0.02288	0.19095	0.05060	0.06762	0.01137	0.01279	0.00874	0.00713	0.04322	0.00181	0.00669	0.00431	0.00373	0.10461
14	0.20979	0.14004	0.01460	0.01006	0.01361	0.18716	0.00826	0.10843	0.05990	0.01911	0.00938	0.01048	0.00757	0.00530	0.00468	0.00139	0.03834	0.00352	0.00331	0.14508

[dist]
# distance from previous block
# <min> <max>
8	36

[block]
# block no. 2 follows, 46 sequences, length 66
# corresponding to MSA columns:
# 292-326,329-359
name=unknown_C
#
# <colnr> <probs for GDERKNQSTAVLIFYWHMCP>
#	G	D	E	R	K	N	Q	S	T	A	V	L	I	F	Y	W	H	M	C	P
0	0.08030	0.01631	0.01571	0.01264	0.01635	0.29564	0.12209	0.09568	0.01432	0.09112	0.01109	0.03818	0.00885	0.00555	0.00490	0.00142	0.00695	0.00445	0.00353	0.15493
1	0.01336	0.01024	0.01362	0.01223	0.07468	0.01037	0.08645	0.16694	0.14472	0.09418	0.10355	0.04929	0.15315	0.00815	0.00567	0.00168	0.00471	0.00709	0.00484	0.03508
2	0.01143	0.00789	0.00990	0.00895	0.01093	0.00790	0.02796	0.16732	0.02817	0.07713	0.05955	0.35744	0.02328	0.03984	0.05952	0.00237	0.00475	0.00957	0.02835	0.05774
3	0.00704	0.00502	0.00675	0.00786	0.00843	0.00479	0.00575	0.00837	0.01077	0.01431	0.06185	0.56694	0.03402	0.04090	0.00750	0.00229	0.00355	0.19455	0.00488	0.00443
4	0.12107	0.13855	0.01809	0.08937	0.06951	0.31818	0.08002	0.07663	0.01352	0.01653	0.00877	0.01062	0.00708	0.00515	0.00463	0.00147	0.00746	0.00383	0.00288	0.00662
5	0.10265	0.16163	0.14227	0.01358	0.01789	0.31203	0.12432	0.01846	0.03310	0.01543	0.00889	0.01050	0.00711	0.00506	0.00465	0.00147	0.00777	0.00382	0.00269	0.00668
6	0.00711	0.00555	0.00740	0.00739	0.00862	0.00584	0.00569	0.00883	0.00987	0.01319	0.04813	0.03143	0.27249	0.03001	0.50654	0.00605	0.00997	0.00762	0.00361	0.00464
7	0.01212	0.36737	0.46010	0.01248	0.01887	0.01600	0.01502	0.01635	0.01098	0.01489	0.00857	0.01001	0.00673	0.00481	0.00432	0.00144	0.00688	0.00344	0.00224	0.00737
8	0.00755	0.00566	0.00850	0.00850	0.00944	0.00661	0.00661	0.00944	0.00850	0.01227	0.01416	0.02077	0.01322	0.03965	0.79326	0.00850	0.01416	0.00566	0.00283	0.00472
9	0.01062	0.00618	0.00759	0.00679	0.00886	0.00541	0.00525	0.01259	0.01394	0.18736	0.34703	0.03889	0.30741	0.01081	0.00604	0.00170	0.00300	0.00920	0.00565	0.00568
10	0.00852	0.00608	0.00852	0.00974	0.01095	0.00608	0.00852	0.01095	0.01217	0.01582	0.02799	0.05963	0.03042	0.01460	0.00730	0.00243	0.00487	0.74565	0.00487	0.00487
11	0.01212	0.00900	0.01118	0.00983	0.01197	0.01017	0.00786	0.28419	0.01446	0.01994	0.01363	0.01783	0.01168	0.02752	0.50619	0.00598	0.01112	0.00533	0.00373	0.00628
12	0.85155	0.01022	0.00777	0.00695	0.01022	0.01186	0.00573	0.01554	0.00900	0.02372	0.00736	0.00859	0.00573	0.00491	0.00327	0.00164	0.00409	0.00286	0.00327	0.00573
13	0.01195	0.01141	0.01942	0.31262	0.50989	0.01226	0.01566	0.01523	0.01150	0.01590	0.00974	0.01345	0.00789	0.00492	0.00525	0.00164	0.00656	0.00471	0.00252	0.00746
14	0.00643	0.00536	0.00561	0.00555	0.00725	0.00454	0.00416	0.00794	0.01248	0.01531	0.16173	0.04918	0.67026	0.01300	0.00625	0.00177	0.00265	0.01092	0.00505	0.00454
15	0.00767	0.00521	0.00618	0.00618	0.00632	0.00535	0.00372	0.00795	0.00781	0.01056	0.01628	0.03251	0.01831	0.69744	0.14244	0.00563	0.00649	0.00738	0.00315	0.00343
16	0.01212	0.01158	0.01972	0.27137	0.54984	0.01231	0.01575	0.01538	0.01158	0.01610	0.00977	0.01340	0.00796	0.00489	0.00525	0.00163	0.00652	0.00471	0.00253	0.00760
17	0.00783	0.00558	0.00647	0.00648	0.00703	0.00557	0.00414	0.00954	0.06781	0.01346	0.13544	0.14163	0.06389	0.48159	0.01834	0.00377	0.00425	0.00902	0.00408	0.00408
18	0.01060	0.02735	0.78682	0.01507	0.02288	0.01228	0.01953	0.01674	0.01116	0.01674	0.00949	0.01116	0.00670	0.00502	0.00502	0.00167	0.00781	0.00391	0.00223	0.00781
19	0.01094	0.10288	0.71424	0.01449	0.02199	0.01310	0.01853	0.01665	0.01112	0.01633	0.00928	0.01091	0.00671	0.00497	0.00487	0.00162	0.00761	0.00380	0.00224	0.00771
20	0.00950	0.00737	0.00966	0.01134	0.12534	0.00742	0.00715	0.06065	0.09165	0.01809	0.14211	0.31155	0.07549	0.01104	0.00588	0.00180	0.00367	0.00980	0.08467	0.00582
21	0.01895	0.01473	0.01818	0.01369	0.01809	0.01594	0.12341	0.65104	0.02299	0.03085	0.01239	0.01293	0.00884	0.00606	0.00543	0.00162	0.00628	0.00498	0.00489	0.00871
22	0.02010	0.01481	0.01587	0.01216	0.01639	0.01639	0.01005	0.76360	0.02486	0.03332	0.01269	0.01269	0.00899	0.00635	0.00529	0.00159	0.00582	0.00476	0.00529	0.00899
23	0.01114	0.14645	0.67238	0.01416	0.02148	0.01358	0.01795	0.01660	0.01110	0.01609	0.00916	0.01076	0.00671	0.00495	0.00478	0.00159	0.00749	0.00374	0.00224	0.00766
24	0.01088	0.00991	0.01536	0.66216	0.03254	0.01215	0.01365	0.05206	0.10823	0.01557	0.01110	0.01474	0.00830	0.00558	0.00530	0.00176	0.00662	0.00486	0.00288	0.00634
25	0.00998	0.00940	0.01586	0.80150	0.03641	0.01175	0.01468	0.01351	0.01057	0.01351	0.00940	0.01409	0.00705	0.00529	0.00529	0.00176	0.00705	0.00470	0.00235	0.00587
26	0.01344	0.01121	0.01181	0.01047	0.01346	0.01283	0.00819	0.09323	0.64902	0.02280	0.02143	0.01996	0.03680	0.00723	0.00532	0.00175	0.00421	0.00597	0.04271	0.00816
27	0.00676	0.00503	0.00630	0.00672	0.00764	0.00457	0.00476	0.00831	0.01217	0.01630	0.29198	0.39603	0.18612	0.01396	0.00647	0.00191	0.00279	0.01239	0.00522	0.00457
28	0.00755	0.00566	0.00850	0.00850	0.00944	0.00661	0.00661	0.00944	0.00850	0.01227	0.01416	0.02077	0.01322	0.03965	0.79326	0.00850	0.01416	0.00566	0.00283	0.00472
29	0.02145	0.00864	0.01162	0.00925	0.01290	0.00765	0.00750	0.02395	0.04832	0.67057	0.02175	0.10063	0.01550	0.00761	0.00547	0.00170	0.00434	0.00636	0.00632	0.00848
30	0.02010	0.01481	0.01587	0.01216	0.01639	0.01639	0.01005	0.76360	0.02486	0.03332	0.01269	0.01269	0.00899	0.00635	0.00529	0.00159	0.00582	0.00476	0.00529	0.00899
31	0.00767	0.00520	0.00615	0.00615	0.00628	0.00533	0.00368	0.00793	0.00780	0.01053	0.01631	0.03266	0.01838	0.70581	0.13416	0.00560	0.00639	0.00740	0.00315	0.00342
32	0.85155	0.01022	0.00777	0.00695	0.01022	0.01186	0.00573	0.01554	0.00900	0.02372	0.00736	0.00859	0.00573	0.00491	0.00327	0.00164	0.00409	0.00286	0.00327	0.00573
33	0.85155	0.01022	0.00777	0.00695	0.01022	0.01186	0.00573	0.01554	0.00900	0.02372	0.00736	0.00859	0.00573	0.00491	0.00327	0.00164	0.00409	0.00286	0.00327	0.00573
34	0.00644	0.00460	0.00613	0.00736	0.00767	0.00429	0.00491	0.00736	0.01012	0.01350	0.02914	0.81076	0.03497	0.01656	0.00675	0.00215	0.00307	0.01503	0.00491	0.00429
35	0.00720	0.00514	0.00700	0.00823	0.00886	0.00495	0.00622	0.00867	0.01087	0.01434	0.02872	0.53712	0.03331	0.01585	0.00695	0.00225	0.00372	0.28120	0.00489	0.00450
36	0.00845	0.00604	0.00844	0.00966	0.01084	0.00603	0.00840	0.01083	0.01210	0.01574	0.02803	0.08458	0.03058	0.01467	0.00728	0.00242	0.00481	0.72138	0.00487	0.00485
37	0.02221	0.01141	0.01376	0.01055	0.01470	0.01135	0.00872	0.33220	0.01917	0.47275	0.01747	0.01579	0.01139	0.00646	0.00530	0.00162	0.00505	0.00509	0.00602	0.00899
38	0.00644	0.00460	0.00613	0.00736	0.00767	0.00429	0.00491	0.00736	0.01012	0.01350	0.02914	0.81076	0.03497	0.01656	0.00675	0.00215	0.00307	0.01503	0.00491	0.00429
39	0.01455	0.01104	0.01200	0.01058	0.01371	0.01244	0.00829	0.02778	0.67164	0.12297	0.02143	0.01950	0.01573	0.00709	0.00537	0.00177	0.00423	0.00589	0.00553	0.00845
40	0.02156	0.00958	0.01228	0.00973	0.01360	0.00900	0.00793	0.04092	0.16444	0.61958	0.02082	0.01823	0.01361	0.00666	0.00533	0.00167	0.00446	0.00544	0.00629	0.00887
41	0.01413	0.81739	0.02770	0.00905	0.01357	0.02092	0.00905	0.01583	0.01074	0.01244	0.00735	0.00848	0.00678	0.00452	0.00339	0.00113	0.00565	0.00283	0.00226	0.00678
42	0.01308	0.01256	0.02146	0.03245	0.78123	0.01256	0.01622	0.01622	0.01204	0.01727	0.00994	0.01308	0.00837	0.00471	0.00523	0.00157	0.00628	0.00471	0.00262	0.00837
43	0.01333	0.01520	0.02479	0.01876	0.02230	0.13164	0.45052	0.01645	0.01170	0.01522	0.00932	0.01284	0.00755	0.00587	0.00895	0.00186	0.21910	0.00539	0.00259	0.00662
44	0.00740	0.00518	0.00645	0.00644	0.00709	0.00493	0.00433	0.00875	0.01158	0.01605	0.38796	0.15398	0.03646	0.30436	0.01384	0.00300	0.00354	0.00970	0.00473	0.00423
45	0.00688	0.00538	0.00623	0.00602	0.00753	0.00473	0.00451	0.00881	0.01354	0.01782	0.42413	0.04506	0.40630	0.01207	0.00624	0.00172	0.00258	0.01034	0.00537	0.00473
46	0.66794	0.00976	0.00849	0.00740	0.01069	0.01080	0.00605	0.01698	0.01013	0.15747	0.01071	0.04599	0.00833	0.00572	0.00379	0.00166	0.00412	0.00384	0.00392	0.00624
47	0.01413	0.81739	0.02770	0.00905	0.01357	0.02092	0.00905	0.01583	0.01074	0.01244	0.00735	0.00848	0.00678	0.00452	0.00339	0.00113	0.00565	0.00283	0.00226	0.00678
48	0.00663	0.00468	0.00608	0.00712	0.00738	0.00442	0.00465	0.00741	0.00975	0.01301	0.02726	0.69375	0.03259	0.13681	0.00979	0.00260	0.00338	0.01392	0.00465	0.00413
49	0.01199	0.11026	0.58867	0.01390	0.02074	0.01363	0.01687	0.08477	0.05833	0.01810	0.01027	0.01153	0.00748	0.00522	0.00489	0.00161	0.00718	0.00399	0.00270	0.00784
50	0.00640	0.00488	0.00590	0.00667	0.00750	0.00437	0.00461	0.00751	0.01090	0.01397	0.05765	0.53362	0.28632	0.01534	0.00657	0.00201	0.00292	0.01358	0.00493	0.00437
51	0.01413	0.81739	0.02770	0.00905	0.01357	0.02092	0.00905	0.01583	0.01074	0.01244	0.00735	0.00848	0.00678	0.00452	0.00339	0.00113	0.00565	0.00283	0.00226	0.00678
52	0.00852	0.00608	0.00852	0.00974	0.01095	0.00608	0.00852	0.01095	0.01217	0.01582	0.02799	0.05963	0.03042	0.01460	0.00730	0.00243	0.00487	0.74565	0.00487	0.00487
53	0.01136	0.01080	0.01835	0.45926	0.36787	0.01211	0.01537	0.01472	0.01122	0.01518	0.00964	0.01364	0.00764	0.00503	0.00526	0.00168	0.00671	0.00470	0.00247	0.00699
54	0.00641	0.00525	0.00565	0.00579	0.00730	0.00449	0.00425	0.00780	0.01206	0.01488	0.12537	0.16424	0.59097	0.01360	0.00632	0.00183	0.00272	0.01157	0.00500	0.00449
55	0.00755	0.00566	0.00850	0.00850	0.00944	0.00661	0.00661	0.00944	0.00850	0.01227	0.01416	0.02077	0.01322	0.03965	0.79326	0.00850	0.01416	0.00566	0.00283	0.00472
56	0.00693	0.00476	0.00584	0.00670	0.00736	0.00441	0.00459	0.00814	0.01055	0.01455	0.03098	0.57846	0.14244	0.01452	0.00621	0.00196	0.00292	0.01293	0.13134	0.00441
57	0.00664	0.00474	0.00636	0.00759	0.00798	0.00447	0.00525	0.00770	0.01032	0.01372	0.02903	0.73895	0.03453	0.01638	0.00680	0.00217	0.00324	0.08488	0.00490	0.00435
58	0.01259	0.00792	0.00942	0.00831	0.01074	0.00789	0.00646	0.03106	0.21696	0.18828	0.27960	0.05473	0.12528	0.00933	0.00581	0.00172	0.00349	0.00796	0.00571	0.00675
59	0.01155	0.01110	0.01916	0.40651	0.38493	0.01220	0.04871	0.01493	0.01134	0.01542	0.00971	0.01363	0.00771	0.00498	0.00530	0.00167	0.00677	0.00477	0.00249	0.00710
60	0.01355	0.01477	0.01557	0.51442	0.02910	0.26807	0.01305	0.04333	0.01254	0.01404	0.00911	0.01255	0.00704	0.00538	0.00512	0.00162	0.00782	0.00428	0.00258	0.00607
61	0.01237	0.00929	0.01025	0.00858	0.01121	0.00957	0.00682	0.32194	0.01827	0.02432	0.26122	0.03151	0.23369	0.00967	0.00585	0.00166	0.00392	0.00801	0.00535	0.00650
62	0.01347	0.41492	0.19381	0.01110	0.01623	0.01663	0.03267	0.08001	0.08213	0.01654	0.00983	0.01082	0.00793	0.00498	0.00422	0.00134	0.00598	0.00364	0.00287	0.07086
63	0.01200	0.20301	0.15093	0.00915	0.01300	0.01087	0.00907	0.04461	0.01237	0.11960	0.02558	0.02687	0.25034	0.00982	0.04031	0.00191	0.00530	0.04488	0.00395	0.00644
64	0.03912	0.01635	0.29317	0.04621	0.01654	0.07270	0.01170	0.05625	0.01332	0.12962	0.11658	0.02179	0.12973	0.00736	0.00536	0.00166	0.00575	0.00594	0.00397	0.00689
65	0.01014	0.00971	0.01277	0.39887	0.02330	0.07088	0.01082	0.03584	0.01138	0.01419	0.01961	0.10391	0.15152	0.00852	0.00676	0.00183	0.08192	0.01924	0.00324	0.00554

[dist]
# distance from previous block
# <min> <max>
0	9

# created by:
# /home/cegg/simao/soft/augustus-3.2.1/scripts/msa2prfl.pl ./align_prep/26779.fa
