[name]
unknown

[dist]
# distance from previous block
# <min> <max>
0	32

[block]
# block no. 0 follows, 48 sequences, length 24
# corresponding to MSA columns:
# 32-55
name=unknown_A
#
# <colnr> <probs for GDERKNQSTAVLIFYWHMCP>
#	G	D	E	R	K	N	Q	S	T	A	V	L	I	F	Y	W	H	M	C	P
0	0.00850	0.00632	0.00885	0.00976	0.01085	0.00667	0.00850	0.01077	0.01150	0.01512	0.02557	0.05423	0.02775	0.01377	0.00785	0.00235	0.06770	0.69460	0.00453	0.00479
1	0.01257	0.01179	0.01944	0.02874	0.69463	0.01193	0.01465	0.01649	0.07159	0.01723	0.01082	0.01347	0.00893	0.00482	0.00503	0.00153	0.00578	0.00468	0.03791	0.00799
2	0.00983	0.00911	0.01474	0.71174	0.03247	0.01123	0.01338	0.01407	0.07049	0.01407	0.04230	0.01513	0.00926	0.00550	0.00518	0.00171	0.00644	0.00485	0.00265	0.00585
3	0.78976	0.00986	0.00816	0.06934	0.01191	0.01150	0.00624	0.01493	0.00885	0.02225	0.00730	0.00875	0.00566	0.00479	0.00333	0.00160	0.00419	0.00292	0.00311	0.00557
4	0.01223	0.01323	0.01516	0.59441	0.03012	0.22260	0.01309	0.01509	0.01141	0.01296	0.00880	0.01249	0.00678	0.00517	0.00499	0.00161	0.00749	0.00422	0.00238	0.00577
5	0.44515	0.01085	0.01063	0.00864	0.01224	0.01180	0.00713	0.21987	0.01419	0.19753	0.01146	0.01145	0.00801	0.00549	0.00414	0.00157	0.00451	0.00381	0.00441	0.00712
6	0.55866	0.00961	0.01001	0.22161	0.01701	0.01115	0.00806	0.01539	0.00964	0.08525	0.00878	0.01054	0.00650	0.00500	0.00387	0.00162	0.00477	0.00346	0.00320	0.00586
7	0.01567	0.00951	0.01269	0.22360	0.01905	0.01019	0.00962	0.07425	0.18499	0.29254	0.03312	0.01937	0.01328	0.00671	0.00530	0.00170	0.00503	0.05110	0.00481	0.00746
8	0.39027	0.00982	0.00956	0.00834	0.01117	0.01080	0.00663	0.21648	0.01347	0.07045	0.01407	0.19088	0.01320	0.00777	0.00458	0.00169	0.00422	0.00606	0.00425	0.00629
9	0.42177	0.01499	0.22132	0.01451	0.18749	0.01187	0.01153	0.03234	0.01030	0.02001	0.00837	0.01007	0.00646	0.00478	0.00410	0.00158	0.00545	0.00349	0.00281	0.00675
10	0.01556	0.01683	0.01282	0.01117	0.01391	0.43335	0.05469	0.05303	0.01410	0.07987	0.02114	0.02113	0.21617	0.00743	0.00517	0.00149	0.00685	0.00571	0.00364	0.00594
11	0.01230	0.01193	0.01946	0.02666	0.58008	0.01314	0.01453	0.01484	0.01066	0.01558	0.00887	0.01230	0.00775	0.00575	0.00823	0.00172	0.22172	0.00455	0.00246	0.00745
12	0.01190	0.00815	0.01008	0.00974	0.01175	0.00844	0.00813	0.21478	0.01501	0.06722	0.02292	0.15061	0.02354	0.01181	0.00637	0.00205	0.00470	0.40191	0.00494	0.00596
13	0.00893	0.00804	0.01315	0.55128	0.06810	0.00950	0.01179	0.01165	0.01022	0.01330	0.01429	0.22884	0.01417	0.00803	0.00551	0.00180	0.00576	0.00725	0.00296	0.00542
14	0.00827	0.00769	0.01265	0.01017	0.01268	0.00705	0.20949	0.01111	0.03358	0.01701	0.28549	0.03533	0.30921	0.00967	0.00603	0.00169	0.00420	0.00889	0.00449	0.00530
15	0.01302	0.22868	0.01570	0.01000	0.01330	0.01478	0.00830	0.02407	0.57248	0.01895	0.01720	0.01622	0.01323	0.00627	0.00470	0.00157	0.00444	0.00498	0.00441	0.00771
16	0.00673	0.00496	0.00678	0.05608	0.00921	0.00479	0.00537	0.00819	0.01111	0.01510	0.22999	0.55845	0.03616	0.01391	0.00633	0.00193	0.00306	0.01255	0.00485	0.00444
17	0.44190	0.01538	0.21993	0.00999	0.01456	0.01260	0.01009	0.18455	0.01274	0.02329	0.00886	0.00990	0.00652	0.00511	0.00407	0.00159	0.00531	0.00346	0.00334	0.00681
18	0.00652	0.00467	0.00620	0.00696	0.00750	0.00435	0.00478	0.00783	0.01108	0.01510	0.23117	0.60772	0.03782	0.01458	0.00642	0.00196	0.00283	0.01316	0.00500	0.00435
19	0.01188	0.01136	0.01121	0.00842	0.01270	0.12239	0.00664	0.01402	0.01121	0.01611	0.00895	0.01044	0.00746	0.00402	0.00392	0.00084	0.00460	0.00308	0.00298	0.72778
20	0.00726	0.00524	0.00686	0.00646	0.00767	0.00484	0.00484	0.00968	0.01452	0.02058	0.78496	0.03833	0.04841	0.01049	0.00605	0.00161	0.00242	0.00928	0.00565	0.00484
21	0.63259	0.00960	0.00871	0.00739	0.01077	0.01045	0.00609	0.01774	0.01033	0.22900	0.01066	0.01078	0.00747	0.00519	0.00371	0.00159	0.00408	0.00342	0.00403	0.00641
22	0.02027	0.00935	0.01183	0.00948	0.01316	0.00894	0.00770	0.02561	0.21946	0.58482	0.02041	0.01791	0.01350	0.00651	0.00518	0.00163	0.00428	0.00533	0.00605	0.00857
23	0.00979	0.00719	0.00841	0.00820	0.00966	0.00733	0.00602	0.21186	0.01384	0.01833	0.02631	0.52594	0.10049	0.01312	0.00612	0.00190	0.00366	0.01155	0.00486	0.00541

[dist]
# distance from previous block
# <min> <max>
0	2

[block]
# block no. 1 follows, 48 sequences, length 9
# corresponding to MSA columns:
# 58-66
name=unknown_B
#
# <colnr> <probs for GDERKNQSTAVLIFYWHMCP>
#	G	D	E	R	K	N	Q	S	T	A	V	L	I	F	Y	W	H	M	C	P
0	0.00620	0.00490	0.00559	0.00606	0.00718	0.00429	0.00430	0.00738	0.01106	0.01387	0.07707	0.36309	0.44262	0.01414	0.00626	0.00187	0.00275	0.01230	0.00481	0.00429
1	0.01567	0.01817	0.01294	0.01092	0.01435	0.47448	0.00834	0.01739	0.01294	0.01426	0.00842	0.00982	0.00702	0.00468	0.00429	0.00109	0.00702	0.00320	0.00281	0.35220
2	0.00930	0.00465	0.00556	0.00556	0.00627	0.00465	0.00394	0.00980	0.00909	0.01494	0.01353	0.01768	0.01141	0.01083	0.01033	0.34926	0.00324	0.00465	0.50156	0.00374
3	0.00862	0.00497	0.00563	0.00547	0.00667	0.00481	0.00410	0.01102	0.01230	0.01972	0.33150	0.02700	0.02760	0.00783	0.00460	0.00137	0.00240	0.00662	0.50296	0.00481
4	0.01110	0.48791	0.01925	0.00856	0.01153	0.01461	0.00781	0.01282	0.00953	0.01201	0.00984	0.01312	0.00914	0.01836	0.32945	0.00403	0.00887	0.00387	0.00242	0.00576
5	0.01567	0.01817	0.01294	0.01092	0.01435	0.47448	0.00834	0.01739	0.01294	0.01426	0.00842	0.00982	0.00702	0.00468	0.00429	0.00109	0.00702	0.00320	0.00281	0.35220
6	0.01517	0.01031	0.01183	0.00971	0.01213	0.01122	0.00758	0.45758	0.01698	0.02274	0.01092	0.01366	0.00880	0.01094	0.01125	0.34946	0.00516	0.00455	0.00394	0.00606
7	0.85592	0.00992	0.00754	0.00675	0.00992	0.01151	0.00556	0.01508	0.00873	0.02302	0.00714	0.00834	0.00556	0.00476	0.00318	0.00159	0.00397	0.00278	0.00318	0.00556
8	0.38518	0.00942	0.00946	0.00745	0.01131	0.00900	0.00607	0.01568	0.01040	0.13519	0.00991	0.01064	0.00746	0.00461	0.00373	0.00125	0.00396	0.00324	0.00359	0.35244

[dist]
# distance from previous block
# <min> <max>
0	2

[block]
# block no. 2 follows, 48 sequences, length 49
# corresponding to MSA columns:
# 69-90,102-128
name=unknown_C
#
# <colnr> <probs for GDERKNQSTAVLIFYWHMCP>
#	G	D	E	R	K	N	Q	S	T	A	V	L	I	F	Y	W	H	M	C	P
0	0.01271	0.01203	0.01952	0.02851	0.67799	0.01227	0.01467	0.01738	0.12028	0.01743	0.01124	0.01361	0.00919	0.00491	0.00510	0.00155	0.00581	0.00475	0.00292	0.00813
1	0.01971	0.02223	0.01417	0.01264	0.01547	0.68696	0.00958	0.02113	0.01456	0.12285	0.00968	0.01042	0.00747	0.00544	0.00470	0.00136	0.00856	0.00357	0.00317	0.00634
2	0.00863	0.00507	0.00680	0.00743	0.00824	0.00465	0.00516	0.00967	0.01051	0.12331	0.02714	0.70318	0.03093	0.01470	0.00635	0.00201	0.00317	0.01325	0.00499	0.00481
3	0.00810	0.00627	0.00866	0.00849	0.00967	0.00728	0.00657	0.01168	0.11731	0.01322	0.01482	0.02035	0.01337	0.05348	0.66760	0.00724	0.01215	0.00559	0.00311	0.00505
4	0.00707	0.00598	0.00621	0.00610	0.00789	0.00553	0.00458	0.01025	0.12028	0.01513	0.07187	0.08977	0.60654	0.01223	0.00597	0.00175	0.00282	0.01028	0.00486	0.00488
5	0.00847	0.00570	0.00615	0.00575	0.00780	0.00479	0.00441	0.00986	0.01212	0.12396	0.04748	0.04486	0.67612	0.01205	0.00594	0.00171	0.00285	0.01003	0.00499	0.00495
6	0.02122	0.01125	0.12255	0.00991	0.01439	0.00816	0.00916	0.02377	0.01414	0.68146	0.01868	0.01653	0.01182	0.00614	0.00512	0.00159	0.00482	0.00497	0.00576	0.00857
7	0.00949	0.00574	0.00757	0.00683	0.00844	0.00522	0.00522	0.01185	0.01455	0.12973	0.67665	0.03537	0.04336	0.00990	0.00593	0.00161	0.00270	0.00870	0.00575	0.00539
8	0.01203	0.01226	0.02298	0.13751	0.40380	0.01246	0.26307	0.01548	0.01149	0.01598	0.00971	0.01316	0.00778	0.00472	0.00582	0.00164	0.03522	0.00506	0.00251	0.00730
9	0.71523	0.01005	0.00823	0.00733	0.01049	0.01159	0.00597	0.01706	0.11790	0.04241	0.00942	0.01010	0.00717	0.00511	0.00352	0.00161	0.00399	0.00327	0.00355	0.00600
10	0.01022	0.00724	0.00819	0.00749	0.00874	0.00766	0.00527	0.11872	0.14049	0.01527	0.01871	0.02597	0.09698	0.30878	0.01616	0.18462	0.00455	0.00650	0.00374	0.00470
11	0.73650	0.01008	0.00812	0.00727	0.01041	0.01169	0.00592	0.01681	0.11775	0.02280	0.00909	0.00987	0.00699	0.00507	0.00347	0.00161	0.00398	0.00321	0.00347	0.00592
12	0.02029	0.01312	0.01462	0.01121	0.01529	0.01405	0.00926	0.60477	0.02203	0.20109	0.01408	0.01346	0.00961	0.00620	0.00514	0.00155	0.00536	0.00474	0.00540	0.00873
13	0.01098	0.00629	0.00666	0.03390	0.00841	0.00659	0.00483	0.11944	0.01264	0.02079	0.01585	0.01797	0.01230	0.00597	0.00386	0.00126	0.00301	0.00475	0.69911	0.00537
14	0.00687	0.00512	0.00662	0.00721	0.00811	0.00455	0.00495	0.00796	0.00994	0.01361	0.02557	0.70221	0.03021	0.01434	0.00616	0.00190	0.00309	0.01295	0.00452	0.12412
15	0.01734	0.02162	0.01332	0.01236	0.01467	0.68649	0.00918	0.01860	0.01387	0.01263	0.01081	0.12356	0.01048	0.00682	0.00490	0.00143	0.00836	0.00490	0.00294	0.00570
16	0.00969	0.00912	0.01539	0.80734	0.03534	0.01140	0.01425	0.01311	0.01026	0.01311	0.00912	0.01368	0.00684	0.00513	0.00513	0.00171	0.00684	0.00456	0.00228	0.00570
17	0.00625	0.00447	0.00595	0.00714	0.00744	0.00417	0.00476	0.00714	0.00982	0.01310	0.02828	0.81633	0.03394	0.01608	0.00655	0.00208	0.00298	0.01459	0.00476	0.00417
18	0.01064	0.00912	0.01064	0.00760	0.01216	0.00684	0.00608	0.01292	0.01064	0.01672	0.00912	0.01064	0.00760	0.00380	0.00380	0.00076	0.00380	0.00304	0.00304	0.85104
19	0.02134	0.01143	0.01358	0.01041	0.01444	0.01154	0.00860	0.38147	0.01920	0.42839	0.01645	0.01500	0.01080	0.00626	0.00515	0.00156	0.00498	0.00490	0.00577	0.00873
20	0.02138	0.00909	0.01171	0.00908	0.01282	0.00834	0.00747	0.11702	0.01552	0.62761	0.01894	0.01697	0.01224	0.00629	0.00502	0.00155	0.00435	0.00506	0.08118	0.00838
21	0.02022	0.01322	0.01468	0.01126	0.01534	0.01420	0.00930	0.61804	0.02219	0.18758	0.01394	0.01337	0.00954	0.00620	0.00514	0.00155	0.00538	0.00473	0.00538	0.00873
22	0.00656	0.00482	0.00615	0.00667	0.00745	0.00441	0.00468	0.00801	0.01161	0.01566	0.28023	0.46209	0.13505	0.01384	0.00632	0.00188	0.00275	0.01236	0.00505	0.00441
23	0.85592	0.00992	0.00754	0.00675	0.00992	0.01151	0.00556	0.01508	0.00873	0.02302	0.00714	0.00834	0.00556	0.00476	0.00318	0.00159	0.00397	0.00278	0.00318	0.00556
24	0.01372	0.82276	0.02689	0.00878	0.01317	0.02030	0.00878	0.01536	0.01043	0.01207	0.00713	0.00823	0.00658	0.00439	0.00329	0.00110	0.00549	0.00274	0.00219	0.00658
25	0.00784	0.00560	0.00777	0.00896	0.00995	0.00553	0.00752	0.00988	0.01139	0.01487	0.02741	0.22022	0.03047	0.01458	0.00697	0.00230	0.00435	0.59505	0.00473	0.00461
26	0.00726	0.00524	0.00686	0.00646	0.00767	0.00484	0.00484	0.00968	0.01452	0.02058	0.78496	0.03833	0.04841	0.01049	0.00605	0.00161	0.00242	0.00928	0.00565	0.00484
27	0.00625	0.00447	0.00595	0.00714	0.00744	0.00417	0.00476	0.00714	0.00982	0.01310	0.02828	0.81633	0.03394	0.01608	0.00655	0.00208	0.00298	0.01459	0.00476	0.00417
28	0.02302	0.00873	0.01191	0.00913	0.01310	0.00754	0.00754	0.02501	0.01469	0.79122	0.02024	0.01746	0.01270	0.00635	0.00516	0.00159	0.00437	0.00516	0.00635	0.00873
29	0.01276	0.01102	0.01160	0.01044	0.01334	0.01276	0.00812	0.02727	0.77840	0.02146	0.02088	0.01914	0.01566	0.00696	0.00522	0.00174	0.00406	0.00580	0.00522	0.00812
30	0.00726	0.00524	0.00686	0.00646	0.00767	0.00484	0.00484	0.00968	0.01452	0.02058	0.78496	0.03833	0.04841	0.01049	0.00605	0.00161	0.00242	0.00928	0.00565	0.00484
31	0.01270	0.01219	0.02083	0.03149	0.78767	0.01219	0.01575	0.01575	0.01168	0.01676	0.00965	0.01270	0.00813	0.00457	0.00508	0.00152	0.00610	0.00457	0.00254	0.00813
32	0.01270	0.01219	0.02083	0.03149	0.78767	0.01219	0.01575	0.01575	0.01168	0.01676	0.00965	0.01270	0.00813	0.00457	0.00508	0.00152	0.00610	0.00457	0.00254	0.00813
33	0.85592	0.00992	0.00754	0.00675	0.00992	0.01151	0.00556	0.01508	0.00873	0.02302	0.00714	0.00834	0.00556	0.00476	0.00318	0.00159	0.00397	0.00278	0.00318	0.00556
34	0.01244	0.01193	0.02036	0.09771	0.72346	0.01212	0.01562	0.01552	0.01156	0.01645	0.00961	0.01278	0.00802	0.00462	0.00508	0.00154	0.00616	0.00457	0.00252	0.00792
35	0.01064	0.00912	0.01064	0.00760	0.01216	0.00684	0.00608	0.01292	0.01064	0.01672	0.00912	0.01064	0.00760	0.00380	0.00380	0.00076	0.00380	0.00304	0.00304	0.85104
36	0.01298	0.65174	0.19147	0.01004	0.01511	0.01850	0.01097	0.01555	0.01051	0.01297	0.00758	0.00879	0.00657	0.00449	0.00363	0.00121	0.00594	0.00297	0.00219	0.00680
37	0.00625	0.00447	0.00595	0.00714	0.00744	0.00417	0.00476	0.00714	0.00982	0.01310	0.02828	0.81633	0.03394	0.01608	0.00655	0.00208	0.00298	0.01459	0.00476	0.00417
38	0.00969	0.00912	0.01539	0.80734	0.03534	0.01140	0.01425	0.01311	0.01026	0.01311	0.00912	0.01368	0.00684	0.00513	0.00513	0.00171	0.00684	0.00456	0.00228	0.00570
39	0.01270	0.01219	0.02083	0.03149	0.78767	0.01219	0.01575	0.01575	0.01168	0.01676	0.00965	0.01270	0.00813	0.00457	0.00508	0.00152	0.00610	0.00457	0.00254	0.00813
40	0.01270	0.01219	0.02083	0.03149	0.78767	0.01219	0.01575	0.01575	0.01168	0.01676	0.00965	0.01270	0.00813	0.00457	0.00508	0.00152	0.00610	0.00457	0.00254	0.00813
41	0.00726	0.00524	0.00686	0.00646	0.00767	0.00484	0.00484	0.00968	0.01452	0.02058	0.78496	0.03833	0.04841	0.01049	0.00605	0.00161	0.00242	0.00928	0.00565	0.00484
42	0.00876	0.00753	0.01045	0.00997	0.01011	0.00943	0.00767	0.00946	0.00864	0.01237	0.01670	0.37650	0.01927	0.01302	0.01247	0.08120	0.36936	0.00906	0.00338	0.00464
43	0.01371	0.01429	0.01238	0.01011	0.01376	0.26789	0.02389	0.04550	0.02993	0.01597	0.01042	0.01384	0.00905	0.00520	0.00444	0.00113	0.00584	0.05626	0.00315	0.44325
44	0.02302	0.00873	0.01191	0.00913	0.01310	0.00754	0.00754	0.02501	0.01469	0.79122	0.02024	0.01746	0.01270	0.00635	0.00516	0.00159	0.00437	0.00516	0.00635	0.00873
45	0.00694	0.00550	0.00657	0.00625	0.00762	0.00512	0.00474	0.00883	0.01304	0.01740	0.44343	0.04172	0.35458	0.01147	0.00655	0.00169	0.03907	0.00971	0.00513	0.00466
46	0.00637	0.00547	0.00577	0.00565	0.00727	0.00488	0.00429	0.00773	0.01169	0.01419	0.09361	0.04699	0.70639	0.01266	0.00655	0.00175	0.03915	0.01045	0.00470	0.00442
47	0.00942	0.00688	0.00880	0.00784	0.00967	0.00692	0.04004	0.01440	0.17123	0.04576	0.47134	0.03018	0.03425	0.00878	0.00554	0.00159	0.00310	0.00772	0.11079	0.00573
48	0.00953	0.00891	0.01496	0.77112	0.03408	0.01107	0.01382	0.01284	0.01024	0.01311	0.00999	0.05002	0.00807	0.00563	0.00519	0.00173	0.00667	0.00501	0.00239	0.00563

[dist]
# distance from previous block
# <min> <max>
0	3

[block]
# block no. 3 follows, 48 sequences, length 7
# corresponding to MSA columns:
# 132-138
name=unknown_D
#
# <colnr> <probs for GDERKNQSTAVLIFYWHMCP>
#	G	D	E	R	K	N	Q	S	T	A	V	L	I	F	Y	W	H	M	C	P
0	0.01211	0.01384	0.03028	0.02163	0.02682	0.01298	0.76903	0.01644	0.01211	0.01644	0.01038	0.01384	0.00779	0.00433	0.00606	0.00173	0.00865	0.00606	0.00260	0.00692
1	0.01300	0.01204	0.02040	0.34060	0.02753	0.01308	0.26695	0.20703	0.01441	0.01912	0.01036	0.01339	0.00764	0.00512	0.00544	0.00167	0.00715	0.00508	0.00311	0.00688
2	0.01000	0.00906	0.01487	0.15902	0.39367	0.00935	0.01179	0.01239	0.01081	0.01489	0.01582	0.28314	0.01658	0.00854	0.00558	0.00174	0.00518	0.00794	0.00324	0.00637
3	0.01661	0.00732	0.00983	0.00837	0.01114	0.00636	0.00652	0.01824	0.01280	0.48103	0.02225	0.28570	0.01952	0.00946	0.00554	0.00170	0.00386	0.00820	0.00561	0.05995
4	0.00787	0.00451	0.00633	0.00673	0.00683	0.00441	0.00443	0.00692	0.00782	0.01042	0.01614	0.28666	0.01829	0.09622	0.01611	0.48200	0.00401	0.00816	0.00317	0.00297
5	0.01050	0.01071	0.02040	0.54310	0.03247	0.01193	0.26809	0.01423	0.01088	0.01423	0.00954	0.01373	0.00716	0.00486	0.00544	0.00172	0.00745	0.00506	0.00239	0.00611
6	0.01050	0.01071	0.02040	0.54310	0.03247	0.01193	0.26809	0.01423	0.01088	0.01423	0.00954	0.01373	0.00716	0.00486	0.00544	0.00172	0.00745	0.00506	0.00239	0.00611

[dist]
# distance from previous block
# <min> <max>
0	1

[block]
# block no. 4 follows, 48 sequences, length 7
# corresponding to MSA columns:
# 140-146
name=unknown_E
#
# <colnr> <probs for GDERKNQSTAVLIFYWHMCP>
#	G	D	E	R	K	N	Q	S	T	A	V	L	I	F	Y	W	H	M	C	P
0	0.01123	0.08762	0.45383	0.01668	0.02313	0.01299	0.28957	0.01624	0.01126	0.01597	0.00946	0.01171	0.00697	0.00464	0.00517	0.00162	0.00780	0.00452	0.00232	0.00726
1	0.54842	0.00795	0.00697	0.00689	0.00903	0.00885	0.00527	0.01221	0.00913	0.01943	0.01479	0.30075	0.01583	0.00886	0.00440	0.00177	0.00361	0.00705	0.00375	0.00505
2	0.00793	0.00624	0.00840	0.00862	0.00947	0.00702	0.00655	0.01080	0.09347	0.01371	0.02032	0.31056	0.02165	0.02248	0.29552	0.00432	0.07374	0.07040	0.00387	0.00492
3	0.00701	0.00483	0.00594	0.00637	0.00656	0.00480	0.00398	0.00749	0.00838	0.01125	0.02035	0.31576	0.02371	0.46467	0.08256	0.00420	0.00497	0.00988	0.00368	0.00361
4	0.00651	0.00515	0.00586	0.00582	0.00724	0.00450	0.00431	0.00818	0.01256	0.01623	0.31527	0.10942	0.45604	0.01235	0.00610	0.00172	0.00257	0.01058	0.00508	0.00450
5	0.00763	0.00588	0.00836	0.00803	0.00898	0.00661	0.00624	0.00961	0.01049	0.01508	0.29227	0.02600	0.02520	0.02592	0.44770	0.00535	0.07535	0.00678	0.00376	0.00476
6	0.00739	0.00507	0.00605	0.00591	0.00635	0.00493	0.00374	0.00827	0.01002	0.01380	0.29440	0.03530	0.02942	0.52683	0.01885	0.00376	0.00405	0.00812	0.00403	0.00374

[dist]
# distance from previous block
# <min> <max>
0	9

[block]
# block no. 5 follows, 48 sequences, length 41
# corresponding to MSA columns:
# 156-196
name=unknown_F
#
# <colnr> <probs for GDERKNQSTAVLIFYWHMCP>
#	G	D	E	R	K	N	Q	S	T	A	V	L	I	F	Y	W	H	M	C	P
0	0.01090	0.02228	0.53695	0.01698	0.02376	0.01227	0.27082	0.01631	0.01126	0.01631	0.00960	0.01184	0.00693	0.00469	0.00527	0.00166	0.00794	0.00455	0.00231	0.00736
1	0.01318	0.55113	0.02803	0.01309	0.01775	0.01784	0.26406	0.01572	0.01099	0.01354	0.00822	0.01011	0.00699	0.00437	0.00422	0.00131	0.00655	0.00386	0.00233	0.00670
2	0.01680	0.02089	0.01982	0.01604	0.01954	0.53511	0.26482	0.01913	0.01372	0.01386	0.00875	0.01079	0.00700	0.00496	0.00511	0.00146	0.00905	0.00423	0.00263	0.00627
3	0.01936	0.01045	0.01808	0.01333	0.01770	0.00937	0.26324	0.02213	0.01382	0.53106	0.01693	0.01625	0.01105	0.00567	0.00546	0.00164	0.00580	0.00546	0.00509	0.00812
4	0.57258	0.01124	0.01518	0.01174	0.01560	0.01200	0.26192	0.01554	0.00987	0.02081	0.00823	0.01018	0.00631	0.00462	0.00414	0.00164	0.00554	0.00388	0.00298	0.00601
5	0.00889	0.00813	0.01472	0.01155	0.01410	0.00757	0.26145	0.01195	0.01371	0.01919	0.52486	0.03011	0.03477	0.00842	0.00605	0.00165	0.00451	0.00820	0.00462	0.00554
6	0.00820	0.00810	0.01376	0.01082	0.01367	0.00728	0.26090	0.01061	0.01208	0.01531	0.10212	0.03648	0.45993	0.00986	0.00606	0.00172	0.00462	0.00909	0.00411	0.00525
7	0.01039	0.00841	0.01505	0.01170	0.01448	0.00781	0.26162	0.01341	0.01353	0.08651	0.41755	0.02727	0.02979	0.00782	0.00585	0.00163	0.00468	0.00760	0.04902	0.00588
8	0.01598	0.01931	0.01483	0.27988	0.02240	0.53458	0.01137	0.01801	0.01310	0.01274	0.00833	0.01074	0.00669	0.00523	0.00480	0.00145	0.00844	0.00373	0.00252	0.00587
9	0.01222	0.01763	0.27408	0.01096	0.01619	0.14621	0.01110	0.01557	0.01145	0.02962	0.00914	0.01059	0.00715	0.00446	0.00433	0.00116	0.00603	0.00338	0.00274	0.40600
10	0.29584	0.01143	0.01637	0.02318	0.52651	0.01196	0.01233	0.01552	0.01069	0.01886	0.00881	0.01123	0.00726	0.00464	0.00444	0.00155	0.00538	0.00397	0.00275	0.00726
11	0.57197	0.01550	0.27132	0.00939	0.01405	0.01165	0.01006	0.01547	0.00944	0.02075	0.00784	0.00917	0.00587	0.00480	0.00375	0.00160	0.00518	0.00312	0.00284	0.00624
12	0.29424	0.02096	0.52931	0.01198	0.01808	0.01178	0.01446	0.01586	0.01013	0.01852	0.00852	0.00999	0.00618	0.00484	0.00430	0.00161	0.00637	0.00345	0.00251	0.00690
13	0.00956	0.00857	0.01566	0.01354	0.01607	0.00828	0.26372	0.01258	0.01191	0.01572	0.02153	0.04309	0.02223	0.01087	0.00674	0.00215	0.00604	0.50227	0.00401	0.00546
14	0.01169	0.01116	0.01900	0.29202	0.53504	0.01193	0.01524	0.01486	0.01121	0.01554	0.00947	0.01303	0.00770	0.00476	0.00510	0.00159	0.00635	0.00457	0.00245	0.00731
15	0.85592	0.00992	0.00754	0.00675	0.00992	0.01151	0.00556	0.01508	0.00873	0.02302	0.00714	0.00834	0.00556	0.00476	0.00318	0.00159	0.00397	0.00278	0.00318	0.00556
16	0.02069	0.01248	0.01423	0.01091	0.01497	0.01310	0.00901	0.52021	0.02096	0.28716	0.01498	0.01405	0.01006	0.00622	0.00514	0.00156	0.00522	0.00480	0.00554	0.00873
17	0.02302	0.00873	0.01191	0.00913	0.01310	0.00754	0.00754	0.02501	0.01469	0.79122	0.02024	0.01746	0.01270	0.00635	0.00516	0.00159	0.00437	0.00516	0.00635	0.00873
18	0.00755	0.01237	0.26985	0.00843	0.01210	0.00691	0.00901	0.01048	0.01156	0.01504	0.07830	0.03582	0.48306	0.01013	0.00566	0.00169	0.00426	0.00838	0.00394	0.00545
19	0.01112	0.00951	0.01010	0.00919	0.01152	0.03487	0.00708	0.02115	0.49784	0.02089	0.27704	0.02527	0.02638	0.00809	0.00548	0.00168	0.00367	0.00689	0.00528	0.00695
20	0.85592	0.00992	0.00754	0.00675	0.00992	0.01151	0.00556	0.01508	0.00873	0.02302	0.00714	0.00834	0.00556	0.00476	0.00318	0.00159	0.00397	0.00278	0.00318	0.00556
21	0.01167	0.28233	0.01610	0.00800	0.01250	0.01136	0.00699	0.01374	0.01057	0.01516	0.00845	0.00983	0.00726	0.00400	0.00363	0.00087	0.00437	0.00294	0.00276	0.56748
22	0.00723	0.00524	0.00681	0.00642	0.00765	0.00483	0.00482	0.00962	0.01445	0.02039	0.76504	0.03863	0.06844	0.01056	0.00605	0.00162	0.00243	0.00932	0.00562	0.00483
23	0.43284	0.00932	0.00976	0.00796	0.01154	0.00949	0.00656	0.02012	0.01176	0.41324	0.01380	0.01297	0.00919	0.00557	0.00418	0.00159	0.00417	0.00399	0.00479	0.00717
24	0.00976	0.00881	0.01444	0.22204	0.33298	0.00929	0.01168	0.01218	0.01069	0.01460	0.01577	0.28280	0.01646	0.00858	0.00559	0.00176	0.00524	0.00793	0.00322	0.00618
25	0.00893	0.01913	0.52878	0.01211	0.01725	0.00931	0.01419	0.01319	0.01049	0.01519	0.01561	0.28131	0.01571	0.00864	0.00544	0.00178	0.00604	0.00742	0.00304	0.00644
26	0.00845	0.00468	0.00518	0.00558	0.00647	0.00458	0.00398	0.01034	0.01045	0.01710	0.02061	0.28682	0.02013	0.00937	0.00458	0.00149	0.00259	0.00807	0.56496	0.00458
27	0.02302	0.00873	0.01191	0.00913	0.01310	0.00754	0.00754	0.02501	0.01469	0.79122	0.02024	0.01746	0.01270	0.00635	0.00516	0.00159	0.00437	0.00516	0.00635	0.00873
28	0.29436	0.04776	0.50352	0.01178	0.01778	0.01206	0.01412	0.01583	0.01011	0.01838	0.00845	0.00991	0.00619	0.00482	0.00425	0.00159	0.00630	0.00342	0.00251	0.00687
29	0.01191	0.00595	0.00797	0.00779	0.00938	0.00534	0.00573	0.01321	0.01155	0.27445	0.02636	0.50874	0.05203	0.01267	0.00608	0.00191	0.00346	0.02446	0.00530	0.00572
30	0.01360	0.00593	0.00849	0.00756	0.00892	0.00556	0.00556	0.01292	0.00942	0.27170	0.01288	0.01638	0.01032	0.01467	0.04128	0.53723	0.00474	0.00473	0.00363	0.00449
31	0.01480	0.00899	0.01107	0.00811	0.01248	0.00708	0.00657	0.01698	0.01200	0.27679	0.01285	0.01293	0.00931	0.00466	0.00426	0.00104	0.00399	0.00375	0.00415	0.56820
32	0.01617	0.01103	0.01783	0.02398	0.52758	0.01063	0.01299	0.01886	0.01269	0.27682	0.01321	0.01430	0.00966	0.00517	0.00511	0.00155	0.00551	0.00477	0.00382	0.00833
33	0.01184	0.00620	0.00770	0.00706	0.00916	0.00538	0.00537	0.01330	0.01231	0.27490	0.05787	0.23476	0.31079	0.01148	0.00588	0.00177	0.00328	0.00984	0.00532	0.00578
34	0.02069	0.01248	0.01423	0.01091	0.01497	0.01310	0.00901	0.52021	0.02096	0.28716	0.01498	0.01405	0.01006	0.00622	0.00514	0.00156	0.00522	0.00480	0.00554	0.00873
35	0.02212	0.01018	0.01280	0.00981	0.01382	0.00969	0.00811	0.21597	0.01710	0.59685	0.01821	0.01615	0.01168	0.00630	0.00515	0.00158	0.00469	0.00502	0.00604	0.00873
36	0.02294	0.00887	0.01199	0.00919	0.01317	0.00774	0.00759	0.04275	0.01491	0.77316	0.02005	0.01734	0.01261	0.00635	0.00516	0.00159	0.00440	0.00515	0.00632	0.00873
37	0.01758	0.00780	0.01036	0.00835	0.01139	0.00699	0.00673	0.05156	0.01503	0.50018	0.27669	0.02425	0.02452	0.00773	0.00546	0.00159	0.00377	0.00652	0.00606	0.00743
38	0.01725	0.01050	0.01237	0.00944	0.01354	0.00992	0.00769	0.21229	0.08260	0.28120	0.01470	0.01411	0.01031	0.00554	0.00472	0.00132	0.00449	0.00440	0.00488	0.27873
39	0.02229	0.00990	0.01263	0.00968	0.01368	0.00928	0.00800	0.17945	0.01664	0.63401	0.01860	0.01640	0.01188	0.00631	0.00515	0.00158	0.00463	0.00505	0.00610	0.00873
40	0.01176	0.00638	0.00745	0.00652	0.00900	0.00541	0.00512	0.01329	0.01270	0.27489	0.04132	0.03866	0.52606	0.01076	0.00576	0.00168	0.00319	0.00893	0.00530	0.00581

[dist]
# distance from previous block
# <min> <max>
1	53

# created by:
# /home/cegg/simao/soft/augustus-3.2.1/scripts/msa2prfl.pl ./align_prep/27114.fa
