[name]
unknown

[dist]
# distance from previous block
# <min> <max>
0	3

[block]
# block no. 0 follows, 41 sequences, length 46
# corresponding to MSA columns:
# 3-48
name=unknown_A
#
# <colnr> <probs for GDERKNQSTAVLIFYWHMCP>
#	G	D	E	R	K	N	Q	S	T	A	V	L	I	F	Y	W	H	M	C	P
0	0.01231	0.00970	0.01128	0.00975	0.01238	0.01020	0.00771	0.14631	0.16368	0.02368	0.28091	0.02950	0.06426	0.01078	0.03776	0.00208	0.03825	0.03452	0.00543	0.08950
1	0.01114	0.01051	0.01776	0.71045	0.11157	0.01280	0.01605	0.01491	0.01160	0.01502	0.01023	0.01514	0.00777	0.00566	0.00571	0.00189	0.00754	0.00508	0.00257	0.00662
2	0.01186	0.01017	0.01186	0.00847	0.01356	0.00762	0.00678	0.01440	0.01186	0.01864	0.01017	0.01186	0.00847	0.00424	0.00424	0.00085	0.00424	0.00339	0.00339	0.83395
3	0.01147	0.02959	0.76934	0.01630	0.02476	0.01328	0.02113	0.01811	0.01208	0.01811	0.01026	0.01208	0.00725	0.00543	0.00543	0.00181	0.00845	0.00423	0.00242	0.00845
4	0.09266	0.00893	0.01161	0.01072	0.01186	0.01113	0.00858	0.01316	0.06190	0.01559	0.01587	0.05311	0.05471	0.02401	0.33846	0.00521	0.24705	0.00628	0.00336	0.00581
5	0.01484	0.01321	0.08224	0.02729	0.01712	0.01225	0.10280	0.29325	0.04090	0.05182	0.01932	0.26076	0.01861	0.00998	0.00633	0.00196	0.00589	0.00884	0.00494	0.00767
6	0.02106	0.01078	0.01326	0.01056	0.01436	0.01053	0.00856	0.23645	0.01898	0.40851	0.09431	0.09024	0.01896	0.00846	0.00598	0.00181	0.00493	0.00698	0.00644	0.00884
7	0.01224	0.01039	0.01206	0.00865	0.01371	0.00801	0.00693	0.04226	0.01243	0.01930	0.01030	0.01193	0.00852	0.00434	0.00429	0.00088	0.00431	0.00346	0.00348	0.80248
8	0.01571	0.01005	0.01225	0.00895	0.01385	0.00784	0.00723	0.01816	0.01312	0.22723	0.01362	0.01398	0.01006	0.00503	0.00466	0.00110	0.00441	0.00405	0.00442	0.60430
9	0.01322	0.38222	0.43198	0.01333	0.02016	0.01755	0.01596	0.01766	0.01187	0.01599	0.00921	0.01075	0.00729	0.00519	0.00463	0.00154	0.00739	0.00369	0.00243	0.00795
10	0.00729	0.00572	0.00635	0.00634	0.00777	0.00504	0.00455	0.00881	0.01302	0.01659	0.21611	0.10209	0.44741	0.11605	0.00970	0.00240	0.00322	0.01147	0.00530	0.00477
11	0.00867	0.00649	0.00864	0.00839	0.00884	0.00743	0.00596	0.00968	0.00874	0.01231	0.01580	0.02846	0.01665	0.39257	0.35198	0.00682	0.08785	0.00704	0.00320	0.00446
12	0.00817	0.00613	0.00919	0.00919	0.01021	0.00715	0.00715	0.01021	0.00919	0.01328	0.01532	0.02247	0.01430	0.04290	0.77631	0.00919	0.01532	0.00613	0.00306	0.00511
13	0.17692	0.10087	0.01614	0.01278	0.01612	0.51566	0.00999	0.05877	0.01507	0.01732	0.00884	0.01018	0.00726	0.00573	0.00473	0.00152	0.00856	0.00359	0.00316	0.00678
14	0.01459	0.09715	0.40233	0.01456	0.05571	0.01343	0.01551	0.11189	0.01489	0.10643	0.08670	0.01601	0.01311	0.00636	0.00548	0.00173	0.00688	0.00506	0.00379	0.00838
15	0.01314	0.30388	0.33995	0.05629	0.02000	0.01617	0.01462	0.06791	0.01282	0.01719	0.01155	0.08064	0.01018	0.00646	0.00500	0.00164	0.00696	0.00498	0.00292	0.00769
16	0.01147	0.02959	0.76934	0.01630	0.02476	0.01328	0.02113	0.01811	0.01208	0.01811	0.01026	0.01208	0.00725	0.00543	0.00543	0.00181	0.00845	0.00423	0.00242	0.00845
17	0.02465	0.01059	0.01371	0.01060	0.01498	0.00978	0.00873	0.11169	0.05312	0.64599	0.02157	0.01889	0.01380	0.00709	0.00575	0.00177	0.00502	0.00572	0.00686	0.00970
18	0.01186	0.01119	0.01888	0.28525	0.35277	0.01190	0.04980	0.01526	0.01282	0.01748	0.08865	0.02032	0.06609	0.00662	0.00592	0.00181	0.00653	0.00619	0.00326	0.00741
19	0.01304	0.01245	0.02119	0.28573	0.52144	0.01330	0.01700	0.01657	0.01249	0.01733	0.01056	0.01452	0.00858	0.00530	0.00568	0.00177	0.00707	0.00509	0.00273	0.00816
20	0.00817	0.00613	0.00919	0.00919	0.01021	0.00715	0.00715	0.01021	0.00919	0.01328	0.01532	0.02247	0.01430	0.04290	0.77631	0.00919	0.01532	0.00613	0.00306	0.00511
21	0.01622	0.01130	0.01268	0.01069	0.01355	0.05105	0.00853	0.14578	0.14228	0.17877	0.19133	0.02531	0.07104	0.00894	0.00732	0.00186	0.08284	0.00706	0.00566	0.00779
22	0.01282	0.01111	0.01709	0.35056	0.15304	0.01243	0.04421	0.08506	0.08256	0.03619	0.09015	0.02053	0.01502	0.00695	0.00596	0.00187	0.00649	0.03678	0.00381	0.00737
23	0.02090	0.02210	0.01593	0.01366	0.01708	0.46783	0.01059	0.27421	0.01970	0.02211	0.01110	0.01213	0.00860	0.00628	0.00529	0.00155	0.00848	0.00429	0.05053	0.00764
24	0.02053	0.01542	0.01648	0.01291	0.01728	0.01717	0.01058	0.62882	0.14428	0.03409	0.01528	0.01496	0.01098	0.00701	0.00574	0.00175	0.00601	0.00536	0.00574	0.00962
25	0.01117	0.01067	0.01723	0.62163	0.03422	0.01373	0.01517	0.01443	0.01087	0.01443	0.00960	0.01467	0.00760	0.00663	0.00849	0.00203	0.17350	0.00507	0.00253	0.00633
26	0.00866	0.00808	0.00745	0.00753	0.00946	0.08203	0.00589	0.01032	0.01338	0.01561	0.04810	0.05228	0.55557	0.01386	0.00680	0.00201	0.00406	0.13876	0.00507	0.00509
27	0.01182	0.01179	0.01655	0.39885	0.02757	0.08807	0.07721	0.03343	0.01223	0.01536	0.01537	0.08199	0.06368	0.00930	0.04026	0.00226	0.07829	0.00655	0.00314	0.00628
28	0.01584	0.40337	0.15753	0.04275	0.08814	0.03358	0.01258	0.01938	0.04251	0.11832	0.01135	0.01231	0.00884	0.00548	0.00465	0.00151	0.00651	0.00405	0.00326	0.00805
29	0.00688	0.00580	0.00596	0.00592	0.00780	0.00488	0.00444	0.00844	0.01332	0.01613	0.12146	0.05393	0.69704	0.01423	0.00676	0.00192	0.00288	0.01192	0.00540	0.00488
30	0.01350	0.01543	0.03375	0.02411	0.02989	0.01446	0.74253	0.01832	0.01350	0.01832	0.01157	0.01543	0.00868	0.00482	0.00675	0.00193	0.00964	0.00675	0.00289	0.00771
31	0.01461	0.01143	0.01371	0.15821	0.01898	0.01283	0.01012	0.22343	0.22655	0.04012	0.08676	0.02342	0.05586	0.00862	0.00662	0.03318	0.00542	0.03729	0.00506	0.00778
32	0.01493	0.01653	0.14261	0.04486	0.12139	0.01345	0.40485	0.03890	0.01388	0.11223	0.01265	0.01520	0.00919	0.00532	0.00622	0.00185	0.00835	0.00593	0.00340	0.00827
33	0.00843	0.00602	0.00832	0.00964	0.01061	0.00591	0.00785	0.01049	0.01239	0.01624	0.03072	0.31969	0.03463	0.01654	0.00769	0.00253	0.00459	0.47738	0.00528	0.00505
34	0.01844	0.01230	0.01369	0.01141	0.01515	0.01336	0.00913	0.19599	0.38556	0.19596	0.02070	0.01914	0.01479	0.00735	0.00571	0.00182	0.00494	0.00595	0.03939	0.00922
35	0.01263	0.10617	0.51131	0.03765	0.02471	0.04723	0.14605	0.01816	0.01244	0.01740	0.01019	0.01238	0.00752	0.00530	0.00548	0.00176	0.00848	0.00455	0.00253	0.00807
36	0.01080	0.01017	0.01716	0.78523	0.03940	0.01271	0.01589	0.01461	0.01144	0.01461	0.01017	0.01525	0.00762	0.00572	0.00572	0.00191	0.00762	0.00508	0.00254	0.00635
37	0.02417	0.00930	0.01248	0.00969	0.01381	0.00810	0.00797	0.02643	0.01594	0.69289	0.02218	0.01965	0.01421	0.00704	0.00558	0.00173	0.00465	0.00571	0.08920	0.00930
38	0.00800	0.00613	0.00747	0.00809	0.00923	0.00593	0.00590	0.01097	0.08837	0.01677	0.10538	0.42691	0.17877	0.01540	0.00705	0.00219	0.00349	0.08322	0.00545	0.00527
39	0.01147	0.02959	0.76934	0.01630	0.02476	0.01328	0.02113	0.01811	0.01208	0.01811	0.01026	0.01208	0.00725	0.00543	0.00543	0.00181	0.00845	0.00423	0.00242	0.00845
40	0.00776	0.00554	0.00754	0.00887	0.00954	0.00533	0.00668	0.00933	0.01173	0.01549	0.03109	0.53859	0.03611	0.01718	0.00751	0.00243	0.00400	0.26512	0.00529	0.00486
41	0.00711	0.00499	0.00659	0.00787	0.00823	0.00467	0.00526	0.00817	0.01099	0.01485	0.03104	0.76613	0.03696	0.01750	0.00718	0.00229	0.00329	0.01585	0.03637	0.00467
42	0.00768	0.00762	0.08293	0.00879	0.01012	0.00570	0.00706	0.00955	0.01191	0.01626	0.13478	0.57746	0.03691	0.01568	0.00706	0.00221	0.00382	0.04411	0.00516	0.00516
43	0.00697	0.00498	0.00664	0.00796	0.00830	0.00465	0.00531	0.00796	0.01095	0.01460	0.03153	0.79525	0.03783	0.01792	0.00730	0.00232	0.00332	0.01626	0.00531	0.00465
44	0.01259	0.09023	0.04644	0.00913	0.01432	0.00977	0.00786	0.04430	0.01245	0.01880	0.01009	0.01168	0.00836	0.00446	0.00429	0.00096	0.00469	0.00346	0.00335	0.68277
45	0.01284	0.19415	0.30612	0.01581	0.08191	0.01417	0.10699	0.01715	0.01302	0.04647	0.12295	0.01691	0.01487	0.00621	0.00544	0.00168	0.00695	0.00534	0.00328	0.00775

[dist]
# distance from previous block
# <min> <max>
0	8

[block]
# block no. 1 follows, 41 sequences, length 20
# corresponding to MSA columns:
# 88-107
name=unknown_B
#
# <colnr> <probs for GDERKNQSTAVLIFYWHMCP>
#	G	D	E	R	K	N	Q	S	T	A	V	L	I	F	Y	W	H	M	C	P
0	0.01489	0.01996	0.27532	0.01730	0.06040	0.03062	0.14621	0.18305	0.10372	0.02255	0.01265	0.01425	0.00939	0.00621	0.00664	0.00186	0.05751	0.00524	0.00369	0.00853
1	0.06305	0.01066	0.01187	0.00920	0.01344	0.00970	0.00740	0.12806	0.06875	0.02245	0.04908	0.01663	0.01263	0.00588	0.00478	0.00126	0.00446	0.03016	0.05313	0.47743
2	0.08712	0.00992	0.00879	0.00781	0.01016	0.08786	0.00607	0.12221	0.01442	0.02299	0.01555	0.01754	0.01213	0.00638	0.00434	0.00142	0.00423	0.00484	0.50993	0.04630
3	0.00720	0.00513	0.00682	0.00809	0.00848	0.00483	0.00553	0.00828	0.01101	0.01464	0.03084	0.70640	0.03671	0.05172	0.00830	0.00249	0.00356	0.07011	0.00523	0.00464
4	0.00725	0.00548	0.00669	0.00710	0.00820	0.00493	0.00505	0.00889	0.01314	0.01735	0.25813	0.35203	0.25490	0.01504	0.00698	0.00205	0.00301	0.01325	0.00561	0.00493
5	0.00697	0.00498	0.00664	0.00796	0.00830	0.00465	0.00531	0.00796	0.01095	0.01460	0.03153	0.79525	0.03783	0.01792	0.00730	0.00232	0.00332	0.01626	0.00531	0.00465
6	0.01529	0.80242	0.02997	0.00979	0.01468	0.02263	0.00979	0.01713	0.01162	0.01346	0.00795	0.00918	0.00734	0.00489	0.00367	0.00122	0.00612	0.00306	0.00245	0.00734
7	0.00686	0.00564	0.00604	0.00629	0.00788	0.00482	0.00458	0.00828	0.01277	0.01562	0.08409	0.20066	0.58661	0.01504	0.00687	0.00200	0.00297	0.01282	0.00536	0.00482
8	0.83938	0.01106	0.00841	0.00752	0.01106	0.01283	0.00619	0.01681	0.00973	0.02566	0.00796	0.00929	0.00619	0.00531	0.00354	0.00177	0.00442	0.00310	0.00354	0.00619
9	0.01020	0.00537	0.00551	0.00551	0.00658	0.00537	0.00389	0.01234	0.01127	0.01930	0.01853	0.02451	0.01587	0.16312	0.00896	0.00216	0.00323	0.00592	0.66737	0.00496
10	0.83938	0.01106	0.00841	0.00752	0.01106	0.01283	0.00619	0.01681	0.00973	0.02566	0.00796	0.00929	0.00619	0.00531	0.00354	0.00177	0.00442	0.00310	0.00354	0.00619
11	0.01789	0.01339	0.01431	0.01163	0.01535	0.01488	0.00939	0.43914	0.22021	0.03059	0.05163	0.01795	0.01440	0.00731	0.00561	0.00174	0.00526	0.00577	0.09468	0.00887
12	0.83938	0.01106	0.00841	0.00752	0.01106	0.01283	0.00619	0.01681	0.00973	0.02566	0.00796	0.00929	0.00619	0.00531	0.00354	0.00177	0.00442	0.00310	0.00354	0.00619
13	0.00706	0.00574	0.00630	0.00666	0.00826	0.00499	0.00503	0.00856	0.01271	0.01549	0.05061	0.17813	0.56327	0.01519	0.00697	0.00207	0.00322	0.08957	0.00531	0.00485
14	0.02174	0.01602	0.01717	0.01316	0.01774	0.01774	0.01087	0.74423	0.02689	0.03605	0.01373	0.01373	0.00973	0.00687	0.00572	0.00172	0.00629	0.00515	0.00572	0.00973
15	0.79015	0.01136	0.00893	0.00786	0.01146	0.01313	0.00648	0.06062	0.01077	0.02629	0.00831	0.00956	0.00641	0.00540	0.00367	0.00177	0.00454	0.00322	0.00367	0.00641
16	0.01592	0.05344	0.11137	0.01303	0.01697	0.09566	0.05535	0.19803	0.01701	0.08876	0.01898	0.02941	0.03258	0.00918	0.00625	0.00197	0.00670	0.21717	0.00465	0.00757
17	0.01112	0.00844	0.01034	0.07853	0.01360	0.00895	0.00760	0.01802	0.24858	0.06247	0.35140	0.06789	0.06955	0.01009	0.00633	0.00188	0.00388	0.00875	0.00576	0.00681
18	0.00707	0.00515	0.00667	0.00768	0.00827	0.00474	0.00523	0.00829	0.01171	0.01558	0.11252	0.64513	0.10700	0.01693	0.00719	0.00223	0.00321	0.01523	0.00542	0.00474
19	0.01973	0.02140	0.14823	0.01379	0.01826	0.30323	0.01234	0.21292	0.01819	0.12102	0.01321	0.01527	0.01007	0.00669	0.00556	0.00169	0.00796	0.03806	0.00425	0.00812

[dist]
# distance from previous block
# <min> <max>
0	2

[block]
# block no. 2 follows, 41 sequences, length 17
# corresponding to MSA columns:
# 110-126
name=unknown_C
#
# <colnr> <probs for GDERKNQSTAVLIFYWHMCP>
#	G	D	E	R	K	N	Q	S	T	A	V	L	I	F	Y	W	H	M	C	P
0	0.30347	0.24990	0.01755	0.01077	0.01450	0.28931	0.00899	0.01907	0.01261	0.01789	0.00828	0.00962	0.00695	0.00540	0.00416	0.00150	0.00703	0.00330	0.00301	0.00669
1	0.01401	0.01509	0.01622	0.01415	0.01494	0.18371	0.01146	0.01546	0.01117	0.01476	0.08507	0.01513	0.01225	0.00928	0.01453	0.00220	0.53607	0.00526	0.00299	0.00625
2	0.00858	0.00608	0.00703	0.00667	0.00741	0.00582	0.00416	0.00915	0.00929	0.01269	0.04769	0.03498	0.05938	0.59754	0.07221	0.00496	0.00579	0.00795	0.00364	0.08896
3	0.00959	0.00515	0.00757	0.00751	0.00774	0.00514	0.00514	0.00805	0.00875	0.01190	0.11364	0.02114	0.01623	0.01992	0.05885	0.67667	0.00519	0.00577	0.00304	0.00302
4	0.00724	0.00581	0.00646	0.00630	0.00802	0.00503	0.00472	0.00914	0.01417	0.01815	0.31066	0.05061	0.50658	0.01348	0.00676	0.00188	0.00283	0.01145	0.00567	0.00503
5	0.83938	0.01106	0.00841	0.00752	0.01106	0.01283	0.00619	0.01681	0.00973	0.02566	0.00796	0.00929	0.00619	0.00531	0.00354	0.00177	0.00442	0.00310	0.00354	0.00619
6	0.00730	0.00572	0.00665	0.00697	0.00841	0.00508	0.00523	0.00901	0.01322	0.01684	0.17950	0.19995	0.41294	0.01478	0.00698	0.00206	0.00319	0.08574	0.00549	0.00494
7	0.01529	0.80242	0.02997	0.00979	0.01468	0.02263	0.00979	0.01713	0.01162	0.01346	0.00795	0.00918	0.00734	0.00489	0.00367	0.00122	0.00612	0.00306	0.00245	0.00734
8	0.00678	0.00571	0.00588	0.00602	0.00778	0.00481	0.00444	0.00818	0.01282	0.01536	0.05523	0.13102	0.68675	0.01484	0.00682	0.00197	0.00294	0.01250	0.00531	0.00481
9	0.02174	0.01602	0.01717	0.01316	0.01774	0.01774	0.01087	0.74423	0.02689	0.03605	0.01373	0.01373	0.00973	0.00687	0.00572	0.00172	0.00629	0.00515	0.00572	0.00973
10	0.01131	0.01062	0.04061	0.08833	0.13604	0.00973	0.14356	0.01488	0.04762	0.06001	0.05807	0.03097	0.28472	0.00900	0.00628	0.00185	0.00559	0.00816	0.00423	0.02843
11	0.08896	0.01195	0.01397	0.01200	0.01334	0.04206	0.00964	0.12607	0.03657	0.01886	0.01135	0.01661	0.01038	0.11280	0.01465	0.00257	0.37695	0.00532	0.06949	0.00645
12	0.00922	0.00658	0.00922	0.01053	0.01185	0.00658	0.00922	0.01185	0.01317	0.01712	0.03029	0.06452	0.03292	0.01580	0.00790	0.00263	0.00527	0.72480	0.00527	0.00527
13	0.00693	0.00512	0.00649	0.00758	0.00820	0.00468	0.00514	0.00801	0.01132	0.01475	0.03617	0.66516	0.16493	0.01732	0.00721	0.00225	0.00324	0.01552	0.00531	0.00468
14	0.05742	0.10055	0.17771	0.05696	0.16831	0.20544	0.01454	0.01825	0.01265	0.01635	0.00927	0.01183	0.00765	0.00606	0.00696	0.00174	0.11389	0.00424	0.00271	0.00749
15	0.01376	0.01566	0.29182	0.01133	0.01614	0.00909	0.01208	0.01767	0.01405	0.20609	0.15350	0.02746	0.09656	0.00859	0.00599	0.00185	0.00556	0.05253	0.03270	0.00755
16	0.27425	0.00938	0.01036	0.00891	0.01213	0.00944	0.00708	0.06043	0.01365	0.31632	0.01925	0.17602	0.01633	0.00874	0.00533	0.00187	0.00442	0.00705	0.03161	0.00744

[dist]
# distance from previous block
# <min> <max>
4	157

[block]
# block no. 3 follows, 41 sequences, length 36
# corresponding to MSA columns:
# 284-319
name=unknown_D
#
# <colnr> <probs for GDERKNQSTAVLIFYWHMCP>
#	G	D	E	R	K	N	Q	S	T	A	V	L	I	F	Y	W	H	M	C	P
0	0.04450	0.05162	0.17047	0.01340	0.04840	0.01271	0.04350	0.14471	0.01473	0.07868	0.05550	0.10558	0.04958	0.00853	0.00745	0.00190	0.10690	0.00674	0.02759	0.00751
1	0.30259	0.07904	0.18415	0.01166	0.01620	0.11061	0.01130	0.07861	0.06572	0.02150	0.01122	0.01240	0.02410	0.00610	0.00530	0.00174	0.04285	0.00412	0.00346	0.00732
2	0.64630	0.01063	0.00939	0.00806	0.01171	0.01169	0.00663	0.01891	0.01130	0.17827	0.03408	0.01241	0.00930	0.00587	0.00409	0.00177	0.00446	0.00387	0.00435	0.00690
3	0.01465	0.67166	0.15507	0.01089	0.01639	0.02105	0.01171	0.01729	0.01170	0.01425	0.00834	0.00967	0.00732	0.00499	0.00397	0.00132	0.00651	0.00326	0.00244	0.00753
4	0.01303	0.00704	0.00964	0.00961	0.01157	0.00658	0.00787	0.01524	0.01389	0.21594	0.10069	0.19117	0.03098	0.01349	0.00710	0.00226	0.00453	0.32716	0.00586	0.00634
5	0.00695	0.00556	0.00622	0.00657	0.00797	0.00483	0.00473	0.00839	0.01274	0.01594	0.11968	0.27088	0.47899	0.01522	0.00692	0.00203	0.00300	0.01313	0.00541	0.00483
6	0.00750	0.00663	0.04632	0.06860	0.01154	0.00571	0.00694	0.00900	0.01105	0.01478	0.02879	0.69491	0.03393	0.01634	0.00708	0.00226	0.00391	0.01478	0.00495	0.00497
7	0.13569	0.00920	0.01089	0.00890	0.01237	0.00884	0.00720	0.07073	0.01498	0.42288	0.01958	0.05757	0.01405	0.00728	0.00516	0.00171	0.00437	0.00579	0.17473	0.00808
8	0.01529	0.80242	0.02997	0.00979	0.01468	0.02263	0.00979	0.01713	0.01162	0.01346	0.00795	0.00918	0.00734	0.00489	0.00367	0.00122	0.00612	0.00306	0.00245	0.00734
9	0.00795	0.00604	0.00755	0.00838	0.00977	0.00563	0.00680	0.00989	0.01277	0.01610	0.04067	0.17733	0.30182	0.01565	0.00739	0.00233	0.00408	0.34955	0.00529	0.00501
10	0.83938	0.01106	0.00841	0.00752	0.01106	0.01283	0.00619	0.01681	0.00973	0.02566	0.00796	0.00929	0.00619	0.00531	0.00354	0.00177	0.00442	0.00310	0.00354	0.00619
11	0.01395	0.02063	0.31857	0.06244	0.30120	0.04455	0.04468	0.09097	0.01411	0.01980	0.01078	0.01324	0.00825	0.00546	0.00560	0.00176	0.00769	0.00476	0.00295	0.00860
12	0.04119	0.04530	0.01107	0.01016	0.04180	0.04833	0.00741	0.01395	0.07920	0.01741	0.04204	0.30398	0.02339	0.01102	0.00596	0.00180	0.00449	0.07575	0.00448	0.21125
13	0.00897	0.00685	0.01019	0.01044	0.01182	0.00668	0.06449	0.01115	0.01225	0.01601	0.02882	0.17227	0.06364	0.10977	0.01023	0.00285	0.00522	0.43834	0.00487	0.00512
14	0.04715	0.01504	0.01589	0.44343	0.04312	0.24094	0.01326	0.01689	0.01300	0.01533	0.04809	0.01515	0.01010	0.00727	0.03086	0.00200	0.00829	0.00489	0.00292	0.00639
15	0.00830	0.00557	0.00635	0.00631	0.00642	0.00553	0.00362	0.00851	0.00893	0.01201	0.07552	0.03784	0.02336	0.73799	0.02738	0.00526	0.00532	0.00847	0.00369	0.00362
16	0.01152	0.01146	0.02150	0.30456	0.12717	0.01202	0.24694	0.01524	0.01263	0.01699	0.07092	0.09445	0.01473	0.00702	0.00628	0.00192	0.00735	0.00713	0.00326	0.00691
17	0.01394	0.01189	0.01294	0.00963	0.01445	0.04048	0.00771	0.13277	0.04896	0.02150	0.01130	0.01254	0.00905	0.00489	0.00459	0.00106	0.00482	0.00383	0.00386	0.62980
18	0.24671	0.05128	0.01405	0.01121	0.01424	0.18770	0.07146	0.07405	0.01338	0.02086	0.01115	0.01316	0.00888	0.00611	0.00551	0.00164	0.05985	0.00431	0.17788	0.00658
19	0.01092	0.00860	0.00967	0.00901	0.01134	0.00884	0.00717	0.11169	0.16466	0.02165	0.17867	0.04189	0.25264	0.01178	0.00662	0.00199	0.00403	0.12666	0.00566	0.00652
20	0.00832	0.00555	0.00624	0.00624	0.00624	0.00555	0.00347	0.00832	0.00832	0.01109	0.01802	0.03743	0.02080	0.79898	0.02911	0.00555	0.00555	0.00832	0.00347	0.00347
21	0.01529	0.80242	0.02997	0.00979	0.01468	0.02263	0.00979	0.01713	0.01162	0.01346	0.00795	0.00918	0.00734	0.00489	0.00367	0.00122	0.00612	0.00306	0.00245	0.00734
22	0.83938	0.01106	0.00841	0.00752	0.01106	0.01283	0.00619	0.01681	0.00973	0.02566	0.00796	0.00929	0.00619	0.00531	0.00354	0.00177	0.00442	0.00310	0.00354	0.00619
23	0.01855	0.00805	0.01069	0.00874	0.01188	0.00714	0.00701	0.02097	0.01588	0.45511	0.25842	0.02710	0.02696	0.00852	0.00590	0.00174	0.00395	0.00718	0.08831	0.00791
24	0.00719	0.00581	0.00639	0.00624	0.00799	0.00501	0.00468	0.00904	0.01405	0.01785	0.28286	0.05110	0.53457	0.01359	0.00676	0.00189	0.00283	0.01152	0.00563	0.00501
25	0.02174	0.01602	0.01717	0.01316	0.01774	0.01774	0.01087	0.74423	0.02689	0.03605	0.01373	0.01373	0.00973	0.00687	0.00572	0.00172	0.00629	0.00515	0.00572	0.00973
26	0.00693	0.00580	0.00602	0.00597	0.00783	0.00490	0.00448	0.00853	0.01343	0.01638	0.14506	0.05352	0.67329	0.01414	0.00676	0.00192	0.00287	0.01186	0.00543	0.00490
27	0.02174	0.01602	0.01717	0.01316	0.01774	0.01774	0.01087	0.74423	0.02689	0.03605	0.01373	0.01373	0.00973	0.00687	0.00572	0.00172	0.00629	0.00515	0.00572	0.00973
28	0.02036	0.00856	0.01158	0.00928	0.01277	0.00750	0.00750	0.02272	0.01632	0.54275	0.24509	0.02648	0.02617	0.00847	0.00605	0.00178	0.00421	0.00714	0.00684	0.00843
29	0.00691	0.00521	0.00639	0.00733	0.00813	0.00470	0.00503	0.00804	0.01156	0.01485	0.03920	0.58024	0.24789	0.01692	0.00714	0.00221	0.00320	0.01504	0.00531	0.00470
30	0.01350	0.01543	0.03375	0.02411	0.02989	0.01446	0.74253	0.01832	0.01350	0.01832	0.01157	0.01543	0.00868	0.00482	0.00675	0.00193	0.00964	0.00675	0.00289	0.00771
31	0.00994	0.00497	0.00745	0.00745	0.00745	0.00497	0.00497	0.00745	0.00745	0.00994	0.00994	0.01739	0.00994	0.01987	0.02235	0.83358	0.00497	0.00497	0.00248	0.00248
32	0.00697	0.00498	0.00664	0.00796	0.00830	0.00465	0.00531	0.00796	0.01095	0.01460	0.03153	0.79525	0.03783	0.01792	0.00730	0.00232	0.00332	0.01626	0.00531	0.00465
33	0.01043	0.00535	0.00542	0.00542	0.00662	0.00535	0.00395	0.01283	0.01163	0.02031	0.01860	0.02292	0.01527	0.08504	0.00648	0.00175	0.00295	0.00563	0.74890	0.00515
34	0.01670	0.01810	0.01372	0.01212	0.01472	0.37240	0.00935	0.13310	0.01690	0.01907	0.13267	0.02213	0.11731	0.00843	0.00677	0.00170	0.06777	0.00619	0.00419	0.00666
35	0.01922	0.07554	0.01334	0.00968	0.01274	0.00977	0.00776	0.11771	0.01455	0.36224	0.01610	0.01716	0.01163	0.01096	0.01089	0.26809	0.00520	0.00519	0.00503	0.00721

[dist]
# distance from previous block
# <min> <max>
2	89

[block]
# block no. 4 follows, 41 sequences, length 13
# corresponding to MSA columns:
# 443-455
name=unknown_E
#
# <colnr> <probs for GDERKNQSTAVLIFYWHMCP>
#	G	D	E	R	K	N	Q	S	T	A	V	L	I	F	Y	W	H	M	C	P
0	0.01448	0.01305	0.02039	0.02828	0.55477	0.01306	0.01499	0.11241	0.01462	0.02069	0.01255	0.06817	0.01110	0.00615	0.00567	0.00168	0.00629	0.00575	0.00343	0.07248
1	0.05207	0.17183	0.14159	0.01183	0.01701	0.03499	0.01125	0.24236	0.07389	0.02350	0.01173	0.01253	0.00900	0.00574	0.00490	0.00149	0.00612	0.00424	0.00395	0.16000
2	0.01497	0.02066	0.31790	0.01555	0.02066	0.10030	0.10342	0.01903	0.01295	0.12694	0.04432	0.01478	0.01053	0.00673	0.00801	0.00190	0.14502	0.00510	0.00340	0.00782
3	0.01844	0.12125	0.19184	0.04919	0.01960	0.09478	0.01307	0.29170	0.01846	0.10928	0.01252	0.01313	0.00901	0.00615	0.00533	0.00166	0.00709	0.00458	0.00425	0.00865
4	0.01388	0.01010	0.01207	0.00872	0.01371	0.00774	0.00702	0.01638	0.01252	0.12839	0.01198	0.01298	0.00931	0.00465	0.00446	0.00098	0.00433	0.00374	0.00393	0.71312
5	0.00959	0.00762	0.01057	0.01164	0.09170	0.00822	0.00787	0.03922	0.06529	0.01628	0.07352	0.05800	0.08434	0.07710	0.40585	0.00589	0.01016	0.00739	0.00389	0.00587
6	0.01353	0.01157	0.01830	0.18712	0.28232	0.01230	0.05657	0.10185	0.01446	0.05137	0.08288	0.08615	0.01568	0.00741	0.00643	0.00185	0.03200	0.00669	0.00382	0.00768
7	0.01080	0.01017	0.01716	0.78523	0.03940	0.01271	0.01589	0.01461	0.01144	0.01461	0.01017	0.01525	0.00762	0.00572	0.00572	0.00191	0.00762	0.00508	0.00254	0.00635
8	0.00825	0.00704	0.01078	0.01010	0.01174	0.00657	0.11349	0.01055	0.03928	0.01580	0.03412	0.45369	0.19345	0.01476	0.00707	0.00218	0.00429	0.04654	0.00497	0.00533
9	0.01452	0.01272	0.01321	0.13112	0.01784	0.10001	0.00967	0.19960	0.17119	0.02211	0.02130	0.14171	0.07898	0.00914	0.00596	0.00187	0.00573	0.00758	0.02835	0.00737
10	0.01278	0.00958	0.01095	0.00968	0.01225	0.01034	0.03694	0.04512	0.35600	0.05240	0.05990	0.02588	0.08042	0.06915	0.00739	0.00207	0.00427	0.00697	0.18066	0.00730
11	0.00816	0.00548	0.00628	0.00644	0.00647	0.00544	0.00368	0.00828	0.00862	0.01149	0.01957	0.12406	0.02274	0.70969	0.02662	0.00518	0.00529	0.00923	0.00368	0.00360
12	0.00832	0.00555	0.00624	0.00624	0.00624	0.00555	0.00347	0.00832	0.00832	0.01109	0.01802	0.03743	0.02080	0.79898	0.02911	0.00555	0.00555	0.00832	0.00347	0.00347

[dist]
# distance from previous block
# <min> <max>
0	10

[block]
# block no. 5 follows, 41 sequences, length 64
# corresponding to MSA columns:
# 466-472,474-518,635-646
name=unknown_F
#
# <colnr> <probs for GDERKNQSTAVLIFYWHMCP>
#	G	D	E	R	K	N	Q	S	T	A	V	L	I	F	Y	W	H	M	C	P
0	0.01384	0.01484	0.05871	0.03098	0.51050	0.01384	0.23598	0.01781	0.01313	0.01855	0.01098	0.01445	0.00887	0.00503	0.00598	0.00177	0.00772	0.00556	0.00283	0.00863
1	0.01013	0.00555	0.00822	0.00803	0.00803	0.00593	0.00555	0.00793	0.00755	0.01023	0.00975	0.01701	0.00975	0.01912	0.02208	0.76996	0.06495	0.00497	0.00249	0.00277
2	0.00697	0.00498	0.00664	0.00796	0.00830	0.00465	0.00531	0.00796	0.01095	0.01460	0.03153	0.79525	0.03783	0.01792	0.00730	0.00232	0.00332	0.01626	0.00531	0.00465
3	0.00961	0.00628	0.00887	0.00863	0.00974	0.00691	0.00650	0.01131	0.00966	0.07083	0.01645	0.02490	0.01547	0.17514	0.56150	0.00775	0.01241	0.00647	0.02641	0.00517
4	0.01647	0.01700	0.01530	0.13373	0.10499	0.32813	0.01140	0.01927	0.04324	0.07648	0.03525	0.01817	0.04683	0.00909	0.05201	0.00215	0.02151	0.02524	0.01682	0.00694
5	0.01842	0.01039	0.01167	0.00942	0.01272	0.01071	0.00763	0.28987	0.01862	0.20674	0.01776	0.01804	0.01270	0.00684	0.00507	0.00158	0.00455	0.00536	0.32389	0.00804
6	0.00718	0.00513	0.00688	0.00820	0.00863	0.00483	0.00567	0.00832	0.01116	0.01483	0.03141	0.72763	0.03738	0.01772	0.00736	0.00235	0.00350	0.08183	0.00531	0.00470
7	0.01745	0.01813	0.01935	0.06213	0.36501	0.29455	0.01417	0.01998	0.01420	0.07308	0.01078	0.01313	0.00869	0.00577	0.00602	0.00166	0.04013	0.00462	0.00317	0.00797
8	0.01148	0.01005	0.01515	0.30269	0.14937	0.01123	0.01218	0.04378	0.07173	0.01671	0.01300	0.01816	0.01100	0.06761	0.15537	0.00344	0.00826	0.00549	0.00321	0.07008
9	0.58623	0.01467	0.01094	0.00956	0.01312	0.15404	0.00768	0.10908	0.01308	0.02482	0.00885	0.01004	0.00685	0.00561	0.00411	0.00171	0.00574	0.00346	0.00370	0.00672
10	0.09099	0.01071	0.01342	0.01037	0.01475	0.01005	0.00857	0.12600	0.01729	0.60616	0.02016	0.01785	0.01290	0.00691	0.00557	0.00176	0.00503	0.00545	0.00661	0.00945
11	0.01080	0.01017	0.01716	0.78523	0.03940	0.01271	0.01589	0.01461	0.01144	0.01461	0.01017	0.01525	0.00762	0.00572	0.00572	0.00191	0.00762	0.00508	0.00254	0.00635
12	0.02566	0.00973	0.01327	0.01018	0.01460	0.00841	0.00841	0.02788	0.01637	0.76726	0.02257	0.01947	0.01416	0.00708	0.00575	0.00177	0.00487	0.00575	0.00708	0.00973
13	0.01146	0.00649	0.00824	0.00740	0.00936	0.00589	0.00569	0.01396	0.01547	0.15722	0.48001	0.03711	0.10355	0.01052	0.00625	0.00175	0.00311	0.00908	0.10132	0.00613
14	0.00773	0.00539	0.00632	0.00673	0.00704	0.00519	0.00414	0.00820	0.00964	0.01265	0.02645	0.27710	0.10384	0.47152	0.01992	0.00415	0.00457	0.01120	0.00424	0.00398
15	0.01350	0.01543	0.03375	0.02411	0.02989	0.01446	0.74253	0.01832	0.01350	0.01832	0.01157	0.01543	0.00868	0.00482	0.00675	0.00193	0.00964	0.00675	0.00289	0.00771
16	0.00832	0.00555	0.00624	0.00624	0.00624	0.00555	0.00347	0.00832	0.00832	0.01109	0.01802	0.03743	0.02080	0.79898	0.02911	0.00555	0.00555	0.00832	0.00347	0.00347
17	0.00817	0.00613	0.00919	0.00919	0.01021	0.00715	0.00715	0.01021	0.00919	0.01328	0.01532	0.02247	0.01430	0.04290	0.77631	0.00919	0.01532	0.00613	0.00306	0.00511
18	0.01186	0.01017	0.01186	0.00847	0.01356	0.00762	0.00678	0.01440	0.01186	0.01864	0.01017	0.01186	0.00847	0.00424	0.00424	0.00085	0.00424	0.00339	0.00339	0.83395
19	0.01495	0.47156	0.25063	0.01217	0.01809	0.01921	0.01333	0.10854	0.01367	0.01769	0.00937	0.01062	0.00761	0.00530	0.00446	0.00146	0.00684	0.00367	0.00285	0.00797
20	0.02049	0.01852	0.01696	0.01380	0.01738	0.21584	0.01112	0.46420	0.02183	0.02749	0.01167	0.01269	0.00883	0.00701	0.00721	0.00175	0.10537	0.00475	0.00459	0.00848
21	0.01795	0.04326	0.06825	0.01187	0.01684	0.01017	0.10087	0.05506	0.01473	0.31520	0.04423	0.01650	0.01243	0.00595	0.00538	0.00151	0.00557	0.00514	0.00490	0.24420
22	0.01456	0.02304	0.40306	0.01668	0.02304	0.04475	0.13173	0.18084	0.01556	0.02171	0.01100	0.01294	0.00805	0.00599	0.00662	0.00184	0.06207	0.00486	0.00326	0.00840
23	0.01350	0.01543	0.03375	0.02411	0.02989	0.01446	0.74253	0.01832	0.01350	0.01832	0.01157	0.01543	0.00868	0.00482	0.00675	0.00193	0.00964	0.00675	0.00289	0.00771
24	0.00759	0.00595	0.00690	0.00687	0.00840	0.00539	0.00507	0.01003	0.04303	0.01851	0.32014	0.15573	0.35836	0.01365	0.00680	0.00194	0.00295	0.01180	0.00571	0.00518
25	0.01256	0.21561	0.54578	0.01585	0.06654	0.01556	0.01817	0.01784	0.01202	0.01702	0.00973	0.01150	0.00738	0.00528	0.00502	0.00166	0.00779	0.00400	0.00245	0.00822
26	0.01199	0.00898	0.01091	0.01094	0.01311	0.00962	0.00911	0.07358	0.22870	0.04125	0.02682	0.07691	0.02634	0.01263	0.00705	0.00233	0.00504	0.41236	0.00551	0.00680
27	0.00696	0.00543	0.00633	0.00690	0.00805	0.00479	0.00487	0.00831	0.01234	0.01567	0.10278	0.39082	0.37473	0.01582	0.00700	0.00210	0.00307	0.01384	0.00539	0.00479
28	0.11601	0.01050	0.01096	0.01030	0.01293	0.01191	0.00786	0.02368	0.49396	0.02206	0.02320	0.19283	0.02060	0.00972	0.00587	0.00200	0.00424	0.00823	0.00542	0.00771
29	0.01987	0.07669	0.01856	0.01637	0.13137	0.15553	0.01167	0.38874	0.05111	0.05591	0.01269	0.01337	0.00951	0.00631	0.00546	0.00164	0.00696	0.00479	0.00458	0.00885
30	0.01951	0.00855	0.01103	0.00894	0.01207	0.00768	0.00695	0.04491	0.01465	0.48690	0.05320	0.02693	0.07348	0.18581	0.01112	0.00263	0.00483	0.00697	0.00606	0.00778
31	0.02364	0.00929	0.01263	0.00983	0.01390	0.00806	0.00806	0.02591	0.01635	0.68152	0.10755	0.02215	0.01875	0.00761	0.00587	0.00177	0.00462	0.00628	0.00699	0.00923
32	0.01223	0.00956	0.01137	0.03990	0.04213	0.03977	0.00876	0.12562	0.07166	0.04893	0.02609	0.24190	0.08086	0.01253	0.00724	0.00215	0.03719	0.17052	0.00507	0.00650
33	0.01306	0.01279	0.02271	0.26000	0.45303	0.01343	0.10790	0.01676	0.01261	0.01741	0.01068	0.01465	0.00858	0.00525	0.00582	0.00179	0.00740	0.00530	0.00275	0.00808
34	0.01778	0.00958	0.01116	0.00911	0.01224	0.00959	0.00733	0.21405	0.01783	0.24690	0.11143	0.02141	0.01811	0.00747	0.00533	0.00162	0.00430	0.00604	0.26089	0.00783
35	0.59319	0.01370	0.01094	0.00947	0.01295	0.10103	0.00769	0.12398	0.01295	0.02538	0.00889	0.01019	0.00690	0.00579	0.00465	0.00176	0.03648	0.00354	0.00375	0.00676
36	0.00832	0.00555	0.00624	0.00624	0.00624	0.00555	0.00347	0.00832	0.00832	0.01109	0.01802	0.03743	0.02080	0.79898	0.02911	0.00555	0.00555	0.00832	0.00347	0.00347
37	0.54567	0.01563	0.06898	0.01003	0.01398	0.13278	0.00868	0.10901	0.01308	0.02456	0.00900	0.01022	0.00690	0.00561	0.00421	0.00172	0.00589	0.00353	0.00363	0.00688
38	0.73598	0.01122	0.00897	0.00804	0.01154	0.01301	0.00655	0.01852	0.10287	0.02545	0.00988	0.01080	0.00761	0.00562	0.00383	0.00179	0.00444	0.00352	0.00383	0.00655
39	0.73522	0.01044	0.00851	0.00773	0.01096	0.01212	0.00631	0.01599	0.00967	0.02411	0.00889	0.01094	0.00721	0.01002	0.10038	0.00270	0.00579	0.00348	0.00348	0.00606
40	0.00748	0.00539	0.00684	0.00733	0.00807	0.00501	0.00503	0.00893	0.01245	0.01688	0.26348	0.40131	0.09936	0.11354	0.00981	0.00253	0.00337	0.01305	0.00539	0.00475
41	0.00790	0.00570	0.00747	0.00733	0.00850	0.00527	0.00538	0.01031	0.01529	0.02150	0.63440	0.17272	0.05118	0.01277	0.00684	0.00189	0.00281	0.01137	0.00613	0.00527
42	0.00793	0.00584	0.00741	0.00702	0.00844	0.00533	0.00527	0.01047	0.01580	0.02200	0.67227	0.04427	0.14257	0.01204	0.00675	0.00182	0.00272	0.01056	0.00617	0.00533
43	0.01529	0.80242	0.02997	0.00979	0.01468	0.02263	0.00979	0.01713	0.01162	0.01346	0.00795	0.00918	0.00734	0.00489	0.00367	0.00122	0.00612	0.00306	0.00245	0.00734
44	0.01143	0.01086	0.00910	0.00875	0.00962	0.19110	0.00587	0.01211	0.01035	0.01213	0.01539	0.02855	0.01654	0.48909	0.14110	0.00514	0.00823	0.00686	0.00328	0.00449
45	0.01359	0.01011	0.01204	0.00869	0.01369	0.00772	0.00698	0.01609	0.01243	0.11245	0.01172	0.01281	0.00918	0.00459	0.00443	0.00096	0.00432	0.00368	0.00385	0.73066
46	0.01841	0.05809	0.19951	0.01530	0.01978	0.53046	0.04351	0.02129	0.01492	0.01515	0.00926	0.01091	0.00739	0.00570	0.00523	0.00156	0.00967	0.00392	0.00280	0.00714
47	0.02174	0.01602	0.01717	0.01316	0.01774	0.01774	0.01087	0.74423	0.02689	0.03605	0.01373	0.01373	0.00973	0.00687	0.00572	0.00172	0.00629	0.00515	0.00572	0.00973
48	0.01815	0.01114	0.01293	0.01083	0.01439	0.01171	0.00863	0.11040	0.34189	0.26912	0.10683	0.02230	0.01968	0.00789	0.00589	0.00184	0.00463	0.00653	0.00628	0.00893
49	0.01401	0.01344	0.02295	0.06760	0.73195	0.01355	0.01748	0.01743	0.01296	0.01851	0.01073	0.01420	0.00900	0.00512	0.00567	0.00171	0.00683	0.00510	0.00282	0.00894
50	0.02298	0.01221	0.01576	0.01425	0.10942	0.01202	0.01034	0.25414	0.01929	0.44117	0.01828	0.01698	0.01211	0.00676	0.00573	0.00174	0.00556	0.00548	0.00612	0.00965
51	0.01416	0.01359	0.02322	0.03511	0.76330	0.01359	0.01755	0.01755	0.01302	0.01869	0.01076	0.01416	0.00906	0.00510	0.00566	0.00170	0.00680	0.00510	0.00283	0.00906
52	0.01416	0.01359	0.02322	0.03511	0.76330	0.01359	0.01755	0.01755	0.01302	0.01869	0.01076	0.01416	0.00906	0.00510	0.00566	0.00170	0.00680	0.00510	0.00283	0.00906
53	0.00817	0.00608	0.00891	0.00885	0.00988	0.00688	0.00682	0.01023	0.01004	0.01442	0.10876	0.02546	0.01947	0.06183	0.65730	0.00816	0.01344	0.00672	0.00348	0.00509
54	0.00823	0.00591	0.00810	0.00810	0.00874	0.00656	0.00579	0.00951	0.00887	0.01247	0.01632	0.02800	0.01670	0.32232	0.50017	0.00784	0.01171	0.00694	0.00321	0.00450
55	0.00697	0.00498	0.00664	0.00796	0.00830	0.00465	0.00531	0.00796	0.01095	0.01460	0.03153	0.79525	0.03783	0.01792	0.00730	0.00232	0.00332	0.01626	0.00531	0.00465
56	0.00997	0.00543	0.00558	0.00554	0.00695	0.00527	0.00416	0.01248	0.01247	0.02072	0.08362	0.02728	0.11137	0.00805	0.00457	0.00145	0.00270	0.00658	0.66056	0.00527
57	0.00706	0.00530	0.00654	0.00730	0.00818	0.00479	0.00507	0.00838	0.01215	0.01587	0.12975	0.50754	0.22880	0.01624	0.00709	0.00216	0.00313	0.01442	0.00543	0.00479
58	0.01047	0.00588	0.00814	0.00798	0.00838	0.00613	0.00548	0.01033	0.10087	0.01169	0.01161	0.01788	0.01088	0.01835	0.02028	0.72937	0.00491	0.00516	0.00290	0.00331
59	0.01700	0.00997	0.03238	0.00965	0.01309	0.00913	0.00790	0.10477	0.10114	0.30735	0.08743	0.08600	0.14735	0.00949	0.00608	0.00183	0.00444	0.00792	0.00604	0.03103
60	0.67949	0.01091	0.00922	0.00811	0.01152	0.01244	0.00663	0.01682	0.04040	0.02414	0.00903	0.01061	0.00719	0.00695	0.03402	0.00202	0.03384	0.00345	0.00357	0.06964
61	0.14491	0.01265	0.01455	0.01203	0.01527	0.06984	0.10022	0.22370	0.04002	0.02374	0.06681	0.02516	0.04573	0.08635	0.00815	0.00224	0.00609	0.09095	0.00456	0.00703
62	0.11386	0.01271	0.01361	0.04130	0.01584	0.04874	0.00905	0.22027	0.12489	0.16159	0.01528	0.01546	0.01112	0.00825	0.04492	0.00202	0.00597	0.00494	0.00501	0.12516
63	0.12818	0.01566	0.10733	0.01174	0.01491	0.14304	0.01029	0.10065	0.05859	0.02049	0.09467	0.07691	0.03928	0.00851	0.00720	0.00187	0.10330	0.02609	0.00408	0.02721

[dist]
# distance from previous block
# <min> <max>
2	12

[block]
# block no. 6 follows, 41 sequences, length 7
# corresponding to MSA columns:
# 660-666
name=unknown_G
#
# <colnr> <probs for GDERKNQSTAVLIFYWHMCP>
#	G	D	E	R	K	N	Q	S	T	A	V	L	I	F	Y	W	H	M	C	P
0	0.07755	0.08807	0.19486	0.01700	0.10611	0.10302	0.13090	0.01987	0.04729	0.09918	0.01191	0.01340	0.00892	0.00551	0.00533	0.00167	0.00736	0.00470	0.00341	0.05396
1	0.07216	0.01236	0.01459	0.01114	0.01568	0.05320	0.04703	0.15584	0.01666	0.32516	0.01571	0.01523	0.01081	0.00607	0.00526	0.00153	0.00551	0.00485	0.00527	0.20595
2	0.00960	0.00636	0.00772	0.00793	0.00944	0.00592	0.00579	0.01213	0.06823	0.09739	0.07155	0.39009	0.23416	0.01467	0.00687	0.00211	0.00349	0.03533	0.00559	0.00563
3	0.08234	0.04039	0.21997	0.01305	0.04101	0.04673	0.03865	0.06355	0.10131	0.01998	0.05959	0.10702	0.03616	0.00897	0.00594	0.00194	0.00610	0.09593	0.00414	0.00722
4	0.10457	0.24534	0.15709	0.01253	0.01726	0.10763	0.05890	0.01954	0.07522	0.07358	0.01149	0.01284	0.00903	0.00767	0.04560	0.00201	0.02456	0.00429	0.00332	0.00754
5	0.01504	0.02177	0.40504	0.01461	0.04725	0.06175	0.01548	0.08129	0.04700	0.12430	0.04961	0.01511	0.01132	0.00614	0.00550	0.00171	0.00711	0.00486	0.00380	0.06131
6	0.06920	0.18858	0.29792	0.01256	0.01837	0.06256	0.01350	0.06552	0.01355	0.12515	0.01166	0.01263	0.00863	0.00676	0.02874	0.00183	0.00717	0.00416	0.00347	0.04803

[dist]
# distance from previous block
# <min> <max>
10	24

[block]
# block no. 7 follows, 41 sequences, length 31
# corresponding to MSA columns:
# 691-721
name=unknown_H
#
# <colnr> <probs for GDERKNQSTAVLIFYWHMCP>
#	G	D	E	R	K	N	Q	S	T	A	V	L	I	F	Y	W	H	M	C	P
0	0.08221	0.01233	0.01744	0.21714	0.26862	0.01364	0.01352	0.08631	0.16624	0.04590	0.01363	0.01566	0.01042	0.00605	0.00554	0.00181	0.00623	0.00524	0.00384	0.00821
1	0.01516	0.03797	0.05569	0.15723	0.31592	0.04147	0.05070	0.10402	0.01427	0.06466	0.01130	0.01415	0.00884	0.00600	0.00683	0.00181	0.07737	0.00506	0.00333	0.00822
2	0.05170	0.01532	0.07021	0.05368	0.55690	0.05734	0.07642	0.01783	0.01299	0.01854	0.01054	0.01372	0.00864	0.00517	0.00561	0.00172	0.00725	0.00500	0.00284	0.00856
3	0.01492	0.01403	0.02023	0.02259	0.30596	0.10331	0.12029	0.01774	0.01339	0.08604	0.05740	0.01847	0.06086	0.00698	0.00765	0.00184	0.11098	0.00598	0.00356	0.00778
4	0.01179	0.01154	0.01765	0.14696	0.18240	0.03826	0.13257	0.01606	0.08065	0.01748	0.02313	0.02468	0.18952	0.00761	0.00599	0.00177	0.00618	0.00697	0.00371	0.07508
5	0.01033	0.01107	0.09354	0.01627	0.18083	0.00914	0.07073	0.01401	0.04790	0.01867	0.17944	0.16197	0.08366	0.01043	0.00651	0.00196	0.00520	0.06713	0.00448	0.00671
6	0.01812	0.01531	0.01881	0.02098	0.28612	0.05611	0.01308	0.36121	0.10555	0.02721	0.01351	0.01459	0.01026	0.00628	0.00568	0.00172	0.00648	0.00521	0.00454	0.00924
7	0.01355	0.01336	0.01347	0.14701	0.06322	0.19341	0.01020	0.10280	0.01440	0.01750	0.05075	0.12109	0.05754	0.01462	0.13837	0.00307	0.00833	0.00704	0.00382	0.00642
8	0.01283	0.01224	0.02082	0.33149	0.47727	0.01324	0.01689	0.01639	0.01240	0.01708	0.01052	0.01459	0.00849	0.00534	0.00568	0.00178	0.00712	0.00509	0.00272	0.00799
9	0.05114	0.15959	0.50293	0.01587	0.02311	0.01504	0.12020	0.01791	0.01209	0.01770	0.00994	0.01192	0.00741	0.00525	0.00523	0.00172	0.00803	0.00433	0.00254	0.00805
10	0.01086	0.00766	0.01243	0.19322	0.14517	0.00826	0.00968	0.01086	0.00934	0.01253	0.01013	0.01633	0.00925	0.01403	0.01561	0.49665	0.00590	0.00502	0.00256	0.00452
11	0.00687	0.00580	0.00595	0.00591	0.00779	0.00488	0.00443	0.00842	0.01330	0.01607	0.11567	0.05403	0.70287	0.01426	0.00676	0.00192	0.00288	0.01193	0.00539	0.00488
12	0.03035	0.00801	0.07671	0.00810	0.01011	0.00602	0.00677	0.01035	0.01251	0.04197	0.09793	0.30807	0.29354	0.01421	0.00677	0.00208	0.00378	0.05222	0.00514	0.00537
13	0.01387	0.01624	0.11106	0.09585	0.46109	0.09354	0.01631	0.01731	0.01291	0.01738	0.01250	0.01544	0.04363	0.00594	0.00623	0.00175	0.04275	0.00516	0.00287	0.00816
14	0.01416	0.01359	0.02322	0.03511	0.76330	0.01359	0.01755	0.01755	0.01302	0.01869	0.01076	0.01416	0.00906	0.00510	0.00566	0.00170	0.00680	0.00510	0.00283	0.00906
15	0.01416	0.01359	0.02322	0.03511	0.76330	0.01359	0.01755	0.01755	0.01302	0.01869	0.01076	0.01416	0.00906	0.00510	0.00566	0.00170	0.00680	0.00510	0.00283	0.00906
16	0.01445	0.07047	0.33810	0.01865	0.06650	0.11949	0.21824	0.01919	0.01327	0.05239	0.01089	0.01305	0.00809	0.00535	0.00568	0.00175	0.00864	0.00490	0.00287	0.00802
17	0.01270	0.01366	0.02794	0.06993	0.13568	0.01309	0.50259	0.01690	0.01338	0.01821	0.05667	0.03647	0.04228	0.00600	0.00654	0.00190	0.00828	0.00705	0.00321	0.00751
18	0.01250	0.01344	0.02776	0.20530	0.03069	0.01340	0.50821	0.01690	0.01298	0.01733	0.01277	0.01942	0.01042	0.00594	0.00660	0.00198	0.00880	0.06536	0.00300	0.00719
19	0.01109	0.01018	0.01673	0.71781	0.03720	0.01255	0.01536	0.03930	0.01206	0.01548	0.01136	0.01781	0.00904	0.00629	0.00583	0.00194	0.00745	0.04331	0.00279	0.00641
20	0.01298	0.01151	0.01329	0.17412	0.09867	0.14057	0.01081	0.01531	0.01305	0.07728	0.01999	0.21062	0.02034	0.01064	0.00642	0.00204	0.00629	0.14551	0.00420	0.00635
21	0.01282	0.01235	0.02158	0.18476	0.48651	0.01276	0.08263	0.01624	0.01257	0.01749	0.01242	0.07869	0.01110	0.00625	0.00591	0.00181	0.00694	0.00616	0.00298	0.00802
22	0.71110	0.01165	0.00885	0.00796	0.01127	0.06212	0.00644	0.01667	0.01074	0.02465	0.07567	0.01237	0.01057	0.00592	0.00393	0.00175	0.00466	0.00379	0.00375	0.00615
23	0.00923	0.00778	0.01109	0.01423	0.18559	0.00775	0.00842	0.01089	0.01160	0.01545	0.02934	0.27133	0.18363	0.10466	0.01004	0.00250	0.04949	0.05692	0.00435	0.00572
24	0.01316	0.13364	0.30119	0.01785	0.15444	0.05775	0.05396	0.05086	0.01318	0.01794	0.03880	0.08371	0.01221	0.00678	0.00573	0.00175	0.02045	0.00567	0.00311	0.00783
25	0.01057	0.00815	0.00954	0.00861	0.01069	0.00838	0.00662	0.08082	0.17560	0.02393	0.49719	0.03617	0.07968	0.01056	0.00646	0.00183	0.00343	0.00913	0.00609	0.00654
26	0.01164	0.01090	0.01839	0.47413	0.26966	0.01249	0.01564	0.01516	0.01175	0.01580	0.01082	0.01555	0.00869	0.00886	0.07499	0.00249	0.00805	0.00518	0.00268	0.00711
27	0.01210	0.01050	0.01409	0.23191	0.02113	0.01078	0.01028	0.07401	0.01245	0.01799	0.01068	0.01400	0.00877	0.00888	0.07554	0.00212	0.07823	0.00441	0.00323	0.37891
28	0.01432	0.63856	0.07081	0.01098	0.01578	0.02021	0.05477	0.01664	0.01154	0.01400	0.00897	0.01092	0.00804	0.00834	0.07343	0.00202	0.00729	0.00363	0.00253	0.00723
29	0.01937	0.01484	0.01583	0.01268	0.01684	0.01663	0.01030	0.51925	0.25573	0.03223	0.01674	0.01613	0.01216	0.00715	0.00575	0.00179	0.00574	0.00556	0.00575	0.00952
