[name]
unknown

[dist]
# distance from previous block
# <min> <max>
0	3

[block]
# block no. 0 follows, 46 sequences, length 17
# corresponding to MSA columns:
# 3-19
name=unknown_A
#
# <colnr> <probs for GDERKNQSTAVLIFYWHMCP>
#	G	D	E	R	K	N	Q	S	T	A	V	L	I	F	Y	W	H	M	C	P
0	0.04528	0.00743	0.00900	0.00843	0.01065	0.00720	0.00680	0.03112	0.09542	0.01841	0.19153	0.06477	0.04910	0.01173	0.05093	0.00213	0.00446	0.21281	0.00463	0.16816
1	0.00663	0.00533	0.00591	0.00584	0.00739	0.00461	0.00435	0.00829	0.01283	0.01632	0.27026	0.08473	0.52338	0.01277	0.00627	0.00177	0.00264	0.01087	0.00518	0.00461
2	0.01631	0.51066	0.02278	0.01082	0.01464	0.31986	0.00950	0.01787	0.01238	0.01263	0.00767	0.00889	0.00679	0.00488	0.00392	0.00122	0.00716	0.00305	0.00244	0.00653
3	0.00755	0.00566	0.00850	0.00850	0.00944	0.00661	0.00661	0.00944	0.00850	0.01227	0.01416	0.02077	0.01322	0.03965	0.79326	0.00850	0.01416	0.00566	0.00283	0.00472
4	0.01905	0.06795	0.05264	0.01205	0.01643	0.01640	0.01037	0.65676	0.04642	0.03082	0.01246	0.01256	0.00896	0.00619	0.00515	0.00157	0.00585	0.00463	0.00495	0.00877
5	0.01292	0.01239	0.02115	0.07411	0.74088	0.01252	0.01614	0.01608	0.01196	0.01707	0.00991	0.01314	0.00830	0.00474	0.00524	0.00158	0.00632	0.00471	0.00260	0.00824
6	0.00860	0.00480	0.00645	0.00645	0.00645	0.00480	0.00405	0.00720	0.00720	0.00960	0.01208	0.02324	0.01307	0.32651	0.02308	0.52054	0.00480	0.00579	0.00265	0.00265
7	0.01426	0.68854	0.09181	0.00991	0.01458	0.07973	0.01004	0.01632	0.01110	0.01285	0.00760	0.00879	0.00678	0.00464	0.00364	0.00120	0.00614	0.00296	0.00229	0.00682
8	0.01433	0.01401	0.02005	0.09602	0.45397	0.12691	0.07984	0.01720	0.01240	0.06428	0.01025	0.01300	0.00823	0.00516	0.00579	0.00161	0.04177	0.00469	0.00285	0.00764
9	0.00644	0.00504	0.00585	0.00641	0.00751	0.00445	0.00457	0.00767	0.01130	0.01423	0.06829	0.38725	0.40197	0.01474	0.00650	0.00196	0.00291	0.03355	0.00494	0.00442
10	0.01167	0.25112	0.36459	0.01428	0.06256	0.01413	0.09367	0.01556	0.01111	0.01523	0.02615	0.04647	0.00920	0.00591	0.00536	0.03215	0.00678	0.00452	0.00250	0.00706
11	0.00717	0.00530	0.00669	0.00653	0.00775	0.00482	0.00483	0.00929	0.01393	0.01921	0.57652	0.13337	0.16121	0.01190	0.00630	0.00174	0.00259	0.01046	0.00557	0.00482
12	0.01924	0.08860	0.01679	0.01182	0.01602	0.01667	0.00988	0.66264	0.05612	0.03091	0.01258	0.01261	0.00910	0.00621	0.00512	0.00155	0.00573	0.00463	0.00501	0.00876
13	0.01827	0.16224	0.07821	0.01182	0.01639	0.01690	0.01061	0.56884	0.02121	0.02821	0.01147	0.01180	0.00841	0.00591	0.00492	0.00151	0.00594	0.00434	0.00450	0.00850
14	0.01861	0.21507	0.01882	0.01139	0.01569	0.01752	0.00980	0.57702	0.02133	0.02811	0.01136	0.01164	0.00844	0.00589	0.00482	0.00147	0.00578	0.00428	0.00453	0.00844
15	0.01296	0.55498	0.27984	0.01105	0.01666	0.01805	0.01253	0.01613	0.01088	0.01387	0.00806	0.00937	0.00676	0.00469	0.00393	0.00131	0.00637	0.00319	0.00225	0.00713
16	0.01309	0.45683	0.32168	0.01145	0.01719	0.01685	0.01305	0.01691	0.03325	0.04308	0.00910	0.01020	0.00726	0.00487	0.00416	0.00138	0.00641	0.00343	0.00250	0.00731

[dist]
# distance from previous block
# <min> <max>
1	54

[block]
# block no. 1 follows, 46 sequences, length 25
# corresponding to MSA columns:
# 88-112
name=unknown_B
#
# <colnr> <probs for GDERKNQSTAVLIFYWHMCP>
#	G	D	E	R	K	N	Q	S	T	A	V	L	I	F	Y	W	H	M	C	P
0	0.05019	0.06362	0.01503	0.20611	0.06814	0.04770	0.01060	0.14081	0.07106	0.07017	0.01252	0.05952	0.01036	0.00799	0.03924	0.00197	0.07720	0.00516	0.00362	0.03901
1	0.01305	0.01160	0.01782	0.16417	0.31314	0.04649	0.08249	0.03805	0.06821	0.07378	0.03794	0.05660	0.03027	0.00626	0.00562	0.00168	0.01632	0.00577	0.00342	0.00732
2	0.01034	0.00845	0.00986	0.00754	0.01144	0.00658	0.00598	0.01259	0.01102	0.01707	0.01360	0.05792	0.03941	0.00561	0.00428	0.00101	0.00374	0.03719	0.07694	0.65941
3	0.01321	0.01396	0.01830	0.30364	0.06792	0.17086	0.15754	0.07250	0.01300	0.01579	0.01245	0.01532	0.05756	0.00589	0.00592	0.00168	0.03996	0.00516	0.00289	0.00645
4	0.00723	0.00531	0.00677	0.00658	0.00779	0.00485	0.00487	0.00942	0.01411	0.01958	0.61501	0.12308	0.13229	0.01172	0.00629	0.00173	0.00258	0.01033	0.00562	0.00485
5	0.01127	0.00986	0.01243	0.17316	0.01775	0.01111	0.04233	0.04359	0.39310	0.01911	0.06273	0.05614	0.10887	0.00798	0.00560	0.00179	0.00472	0.00689	0.00458	0.00699
6	0.01175	0.01100	0.01750	0.36190	0.33532	0.01230	0.01429	0.01696	0.13361	0.01642	0.01157	0.01459	0.00905	0.00536	0.00528	0.00169	0.00628	0.00491	0.00295	0.00729
7	0.00697	0.00486	0.00609	0.00674	0.00703	0.00465	0.00432	0.00772	0.00973	0.01309	0.09461	0.47001	0.03090	0.29238	0.01368	0.00313	0.00373	0.01198	0.00440	0.00398
8	0.08029	0.33317	0.08908	0.01144	0.03913	0.20449	0.01008	0.03984	0.06863	0.04972	0.00980	0.01071	0.00791	0.00519	0.00421	0.00138	0.00648	0.00356	0.01797	0.00693
9	0.03616	0.02980	0.10821	0.07804	0.26729	0.11629	0.01325	0.19294	0.01501	0.02014	0.01007	0.01204	0.00787	0.00531	0.00523	0.00154	0.02088	0.00429	0.00323	0.05241
10	0.03822	0.13309	0.01746	0.06412	0.21658	0.17031	0.01081	0.05237	0.02958	0.01650	0.00936	0.01126	0.00775	0.00482	0.00452	0.00130	0.00622	0.00378	0.00290	0.19905
11	0.01267	0.21490	0.11915	0.01882	0.12862	0.01525	0.31418	0.01617	0.01144	0.01547	0.00928	0.01205	0.00751	0.00500	0.00622	0.00162	0.07725	0.00475	0.00248	0.00718
12	0.05637	0.01137	0.01759	0.16642	0.22331	0.01205	0.11112	0.10606	0.08978	0.07026	0.01349	0.07481	0.01113	0.00626	0.00542	0.00171	0.00603	0.00577	0.00364	0.00741
13	0.00720	0.00539	0.00668	0.00636	0.00773	0.00487	0.00477	0.00943	0.01430	0.01962	0.61301	0.04209	0.21630	0.01140	0.00624	0.00169	0.00254	0.00992	0.00561	0.00487
14	0.01115	0.00990	0.04542	0.00958	0.01222	0.00987	0.02660	0.08951	0.31985	0.02174	0.27429	0.04310	0.07647	0.00883	0.00577	0.00174	0.00395	0.01789	0.00526	0.00686
15	0.00650	0.00505	0.00583	0.00628	0.00735	0.00448	0.00441	0.00771	0.01134	0.01439	0.10648	0.34834	0.38443	0.05328	0.00745	0.00208	0.00293	0.01237	0.00491	0.00438
16	0.56690	0.05230	0.01181	0.01020	0.07051	0.01262	0.03529	0.09855	0.01133	0.02304	0.00840	0.00974	0.00657	0.00495	0.00380	0.00155	0.00470	0.00335	0.00336	0.06101
17	0.12031	0.07163	0.01339	0.08905	0.09483	0.03892	0.00845	0.01415	0.01075	0.01686	0.00930	0.01158	0.00777	0.00669	0.05537	0.00162	0.00550	0.00357	0.00292	0.41735
18	0.11014	0.17034	0.09631	0.02696	0.01575	0.15288	0.04353	0.14902	0.01380	0.03493	0.00974	0.01127	0.00770	0.00568	0.00557	0.00153	0.07629	0.00392	0.05776	0.00688
19	0.65978	0.01018	0.00840	0.00744	0.01062	0.01160	0.00606	0.06439	0.06830	0.02339	0.01283	0.01340	0.07443	0.00592	0.00382	0.00166	0.00409	0.00395	0.00371	0.00603
20	0.00818	0.00773	0.07596	0.00858	0.01013	0.00668	0.00704	0.05820	0.01079	0.01488	0.05414	0.30836	0.05607	0.05138	0.29146	0.00443	0.00770	0.00933	0.00393	0.00506
21	0.01614	0.08302	0.03983	0.01261	0.05572	0.15143	0.00985	0.27005	0.19033	0.02209	0.01341	0.01440	0.01047	0.02644	0.05882	0.00210	0.00672	0.00473	0.00415	0.00767
22	0.00765	0.00856	0.07450	0.00683	0.00909	0.05643	0.00579	0.00940	0.01209	0.01457	0.08342	0.04328	0.58364	0.05298	0.00710	0.00191	0.00369	0.00976	0.00449	0.00483
23	0.06082	0.01218	0.19477	0.05388	0.05401	0.00910	0.04197	0.01208	0.01084	0.01598	0.09858	0.29367	0.02133	0.01006	0.00694	0.00190	0.08378	0.00858	0.00367	0.00585
24	0.07642	0.14117	0.11543	0.01595	0.20542	0.04207	0.01160	0.09671	0.04507	0.10253	0.01154	0.02857	0.00906	0.00542	0.00470	0.00148	0.00575	0.00434	0.00348	0.07327

[dist]
# distance from previous block
# <min> <max>
0	218

[block]
# block no. 2 follows, 46 sequences, length 14
# corresponding to MSA columns:
# 332-345
name=unknown_C
#
# <colnr> <probs for GDERKNQSTAVLIFYWHMCP>
#	G	D	E	R	K	N	Q	S	T	A	V	L	I	F	Y	W	H	M	C	P
0	0.01391	0.12091	0.18122	0.01496	0.13311	0.05505	0.06314	0.01777	0.05702	0.14074	0.01526	0.05775	0.04218	0.00649	0.00516	0.00160	0.00604	0.02997	0.00360	0.03411
1	0.10724	0.04573	0.01645	0.03732	0.21219	0.15865	0.09672	0.03105	0.01270	0.05140	0.07449	0.07732	0.04309	0.00670	0.00521	0.00161	0.00617	0.00582	0.00345	0.00668
2	0.01363	0.06783	0.10047	0.13812	0.16437	0.09600	0.01207	0.11020	0.06325	0.05198	0.01450	0.01620	0.06546	0.00813	0.05339	0.00202	0.00682	0.00500	0.00339	0.00717
3	0.01354	0.04326	0.06962	0.09349	0.32730	0.02864	0.01274	0.11424	0.04506	0.06732	0.01338	0.09565	0.01164	0.00761	0.03161	0.00188	0.00617	0.00575	0.00351	0.00757
4	0.01277	0.11023	0.24264	0.01359	0.10122	0.09965	0.01194	0.07020	0.01244	0.05037	0.01491	0.06453	0.06610	0.08581	0.00739	0.00194	0.01877	0.00551	0.00320	0.00677
5	0.00822	0.00859	0.13239	0.00858	0.01023	0.00606	0.00753	0.00935	0.00959	0.01296	0.02068	0.23472	0.06981	0.07947	0.04347	0.21971	0.00505	0.10564	0.00358	0.00436
6	0.01263	0.06736	0.14773	0.01823	0.24635	0.06927	0.05705	0.04133	0.02899	0.04644	0.03620	0.01666	0.06421	0.00913	0.07709	0.00224	0.04366	0.00518	0.00311	0.00716
7	0.05153	0.21386	0.04722	0.01733	0.24479	0.17242	0.03168	0.03411	0.01217	0.01531	0.01076	0.08105	0.01012	0.02958	0.00538	0.00159	0.00649	0.00490	0.00285	0.00686
8	0.00898	0.00724	0.01060	0.11888	0.01439	0.00803	0.03355	0.04937	0.01125	0.01509	0.02113	0.27097	0.02289	0.01533	0.09036	0.00282	0.07514	0.21476	0.00405	0.00518
9	0.00727	0.00585	0.00764	0.00705	0.00861	0.00525	0.05398	0.00903	0.01235	0.01623	0.25478	0.11535	0.35791	0.07896	0.00793	0.00205	0.00327	0.01025	0.03156	0.00468
10	0.00948	0.03778	0.08364	0.10403	0.06208	0.03905	0.06545	0.01259	0.06010	0.01452	0.02236	0.16408	0.14731	0.09235	0.05949	0.00256	0.00589	0.00802	0.00360	0.00564
11	0.07989	0.02246	0.01417	0.01288	0.01542	0.65928	0.00976	0.01971	0.01389	0.01369	0.00837	0.01014	0.00707	0.00735	0.04606	0.00180	0.04578	0.00354	0.00275	0.00601
12	0.85155	0.01022	0.00777	0.00695	0.01022	0.01186	0.00573	0.01554	0.00900	0.02372	0.00736	0.00859	0.00573	0.00491	0.00327	0.00164	0.00409	0.00286	0.00327	0.00573
13	0.43338	0.01098	0.01042	0.00993	0.06804	0.06561	0.00730	0.05848	0.01207	0.17815	0.01518	0.01527	0.08314	0.00617	0.00434	0.00162	0.00468	0.00445	0.00413	0.00668

[dist]
# distance from previous block
# <min> <max>
0	1

[block]
# block no. 3 follows, 46 sequences, length 23
# corresponding to MSA columns:
# 347-369
name=unknown_D
#
# <colnr> <probs for GDERKNQSTAVLIFYWHMCP>
#	G	D	E	R	K	N	Q	S	T	A	V	L	I	F	Y	W	H	M	C	P
0	0.00836	0.05947	0.00964	0.00910	0.07928	0.00670	0.00623	0.01078	0.01423	0.01982	0.61069	0.03575	0.08992	0.01000	0.00596	0.00163	0.00306	0.00877	0.00523	0.00538
1	0.01029	0.00886	0.00942	0.00845	0.01036	0.07937	0.02780	0.09189	0.07393	0.01954	0.34710	0.08377	0.14255	0.05441	0.00711	0.00188	0.00402	0.00860	0.00502	0.00562
2	0.08853	0.06518	0.19617	0.01125	0.05856	0.00997	0.02434	0.03615	0.01184	0.04370	0.09489	0.05830	0.01364	0.00597	0.00470	0.00138	0.00507	0.00490	0.00341	0.26205
3	0.24762	0.04679	0.01194	0.08757	0.08424	0.15827	0.00842	0.01445	0.01039	0.01596	0.01027	0.01494	0.00928	0.10484	0.15126	0.00323	0.00764	0.00438	0.00289	0.00563
4	0.01444	0.01382	0.05775	0.21763	0.22819	0.08458	0.01301	0.21489	0.01524	0.02032	0.01082	0.01323	0.00830	0.00547	0.00511	0.00159	0.00649	0.00457	0.05710	0.00745
5	0.00871	0.00721	0.01040	0.00979	0.01049	0.00909	0.00781	0.01043	0.00849	0.01269	0.01236	0.01827	0.01156	0.03021	0.55482	0.00656	0.22428	0.00536	0.03645	0.00501
6	0.00924	0.00572	0.00704	0.00675	0.00808	0.00538	0.00487	0.01026	0.01058	0.11212	0.05381	0.09600	0.26857	0.18905	0.13555	0.05395	0.00539	0.00866	0.00430	0.00469
7	0.00877	0.00481	0.00696	0.00696	0.00708	0.00493	0.00468	0.00734	0.00721	0.00974	0.01084	0.01914	0.01105	0.12580	0.12582	0.62255	0.00595	0.00514	0.00249	0.00274
8	0.07165	0.01544	0.01449	0.07824	0.03919	0.19349	0.00996	0.30183	0.11372	0.09096	0.01279	0.01319	0.00937	0.00603	0.00505	0.00158	0.00636	0.00452	0.00437	0.00777
9	0.01248	0.01426	0.03119	0.02228	0.02763	0.01337	0.76203	0.01693	0.01248	0.01693	0.01070	0.01426	0.00802	0.00446	0.00624	0.00178	0.00891	0.00624	0.00267	0.00713
10	0.01614	0.12846	0.01577	0.01117	0.01481	0.05840	0.00917	0.28926	0.35396	0.02424	0.01560	0.01504	0.01173	0.00640	0.00503	0.00160	0.00527	0.00495	0.00476	0.00824
11	0.01094	0.01068	0.08494	0.28948	0.13663	0.00963	0.02788	0.01397	0.01155	0.07418	0.03457	0.06198	0.11872	0.00699	0.00538	0.00165	0.00562	0.00613	0.00335	0.08572
12	0.01180	0.02586	0.01416	0.03472	0.01403	0.14862	0.06232	0.03012	0.01063	0.01383	0.06069	0.01691	0.01212	0.06673	0.19467	0.00364	0.26544	0.00526	0.00289	0.00556
13	0.01242	0.27860	0.37839	0.01222	0.01778	0.06463	0.01380	0.04837	0.01159	0.01537	0.00934	0.01126	0.00751	0.00856	0.08684	0.00219	0.00780	0.00375	0.00247	0.00710
14	0.00689	0.00528	0.00631	0.00626	0.00759	0.00470	0.00462	0.00876	0.01327	0.01765	0.41442	0.14276	0.31734	0.01250	0.00631	0.00177	0.00264	0.01085	0.00537	0.00470
15	0.01406	0.01409	0.01172	0.06249	0.01436	0.26396	0.00841	0.04512	0.23719	0.01738	0.05714	0.01893	0.04169	0.00772	0.00612	0.05567	0.00590	0.02660	0.08510	0.00635
16	0.09399	0.00704	0.00834	0.00760	0.00970	0.00668	0.00574	0.04813	0.01255	0.22782	0.08341	0.23786	0.14413	0.07360	0.00741	0.00207	0.00374	0.00910	0.00515	0.00593
17	0.00974	0.10000	0.01064	0.00817	0.00983	0.00872	0.00635	0.11123	0.01196	0.01604	0.08874	0.15623	0.06868	0.11541	0.24983	0.00419	0.00731	0.00774	0.00390	0.00529
18	0.00648	0.00524	0.00576	0.00591	0.00735	0.00452	0.00432	0.00794	0.01219	0.01527	0.16680	0.17790	0.53481	0.01351	0.00633	0.00183	0.00271	0.01156	0.00506	0.00452
19	0.01395	0.01004	0.08236	0.04263	0.05488	0.00845	0.02426	0.08611	0.03985	0.22847	0.08703	0.16761	0.06928	0.00887	0.00562	0.00173	0.00454	0.00765	0.04974	0.00693
20	0.00652	0.00487	0.00607	0.00682	0.00757	0.00441	0.00471	0.00772	0.01114	0.01459	0.12344	0.54545	0.20712	0.01515	0.00657	0.00201	0.00291	0.01349	0.00502	0.00441
21	0.01290	0.06585	0.05621	0.08606	0.01627	0.09971	0.00879	0.08352	0.01266	0.01751	0.00943	0.01111	0.00761	0.00455	0.00430	0.00109	0.00537	0.00349	0.00310	0.49048
22	0.05640	0.09071	0.13474	0.02347	0.02709	0.00907	0.00852	0.02692	0.01067	0.03751	0.01645	0.27361	0.01732	0.07194	0.00714	0.00190	0.02263	0.00763	0.00359	0.15270

[dist]
# distance from previous block
# <min> <max>
1	5

[block]
# block no. 4 follows, 46 sequences, length 16
# corresponding to MSA columns:
# 375-390
name=unknown_E
#
# <colnr> <probs for GDERKNQSTAVLIFYWHMCP>
#	G	D	E	R	K	N	Q	S	T	A	V	L	I	F	Y	W	H	M	C	P
0	0.06241	0.27200	0.06287	0.01482	0.16028	0.11748	0.01097	0.14862	0.01381	0.01799	0.00949	0.01126	0.00787	0.00751	0.05966	0.00190	0.00694	0.00386	0.00302	0.00724
1	0.00674	0.00487	0.00623	0.00709	0.00763	0.00454	0.00486	0.00782	0.01057	0.01402	0.09250	0.56287	0.10217	0.09245	0.00863	0.00238	0.00328	0.05224	0.00482	0.00429
2	0.01140	0.08481	0.09102	0.11541	0.15503	0.07226	0.03602	0.01551	0.08628	0.01687	0.13435	0.02090	0.08613	0.00690	0.00524	0.00160	0.00552	0.00589	0.04226	0.00659
3	0.00735	0.00532	0.00667	0.00644	0.00770	0.00487	0.00479	0.00958	0.01407	0.01967	0.59446	0.09139	0.14690	0.01133	0.00615	0.00169	0.00256	0.00993	0.04425	0.00487
4	0.01291	0.10387	0.15701	0.01722	0.15334	0.10977	0.14575	0.01609	0.01213	0.03670	0.07755	0.01556	0.02763	0.02285	0.00661	0.00170	0.06832	0.00510	0.00296	0.00693
5	0.00669	0.00519	0.00591	0.00614	0.00731	0.00462	0.00437	0.00799	0.01159	0.01475	0.15421	0.21543	0.40172	0.10291	0.00868	0.00223	0.00306	0.02797	0.00486	0.00437
6	0.04395	0.05186	0.01576	0.06817	0.15150	0.12031	0.05366	0.04329	0.23272	0.01744	0.01346	0.01604	0.01106	0.06519	0.03804	0.00217	0.03971	0.00508	0.00355	0.00705
7	0.01119	0.02601	0.69191	0.01563	0.05643	0.04516	0.01859	0.01731	0.03882	0.01680	0.00989	0.01149	0.00712	0.00510	0.00503	0.00166	0.00769	0.00400	0.00238	0.00779
8	0.01424	0.35414	0.05394	0.01231	0.04336	0.09364	0.08663	0.11038	0.01310	0.01634	0.01201	0.01340	0.05881	0.00585	0.00538	0.00145	0.06271	0.00434	0.03112	0.00685
9	0.08870	0.06293	0.01667	0.07036	0.19553	0.06721	0.01124	0.23900	0.08819	0.04675	0.01151	0.01283	0.00885	0.00584	0.00564	0.00162	0.05106	0.00449	0.00381	0.00778
10	0.00702	0.00501	0.00590	0.00655	0.00754	0.00458	0.00473	0.00842	0.01106	0.01481	0.03546	0.38850	0.27784	0.01390	0.00620	0.00192	0.00300	0.07052	0.12257	0.00448
11	0.01124	0.01003	0.04691	0.12814	0.13301	0.01003	0.00965	0.08538	0.15898	0.01966	0.13265	0.02316	0.09980	0.00745	0.00535	0.00165	0.00463	0.00637	0.09919	0.00672
12	0.00734	0.00524	0.00584	0.00580	0.00721	0.00470	0.00431	0.00922	0.01261	0.01739	0.26381	0.09182	0.35896	0.01140	0.00578	0.00166	0.00261	0.00971	0.16989	0.00470
13	0.01100	0.00907	0.01298	0.02934	0.22846	0.00951	0.03163	0.03964	0.14695	0.01774	0.01792	0.07883	0.03785	0.02653	0.09631	0.00255	0.00587	0.06696	0.12426	0.00660
14	0.01237	0.09736	0.01405	0.07990	0.16916	0.07152	0.00934	0.04174	0.01170	0.05946	0.01326	0.01623	0.02228	0.01286	0.17325	0.00294	0.00727	0.00479	0.17419	0.00633
15	0.05634	0.05956	0.05717	0.09919	0.23360	0.10508	0.01156	0.08064	0.06376	0.03480	0.12090	0.01700	0.02572	0.00621	0.00514	0.00158	0.00587	0.00520	0.00358	0.00711

[dist]
# distance from previous block
# <min> <max>
0	57

[block]
# block no. 5 follows, 46 sequences, length 31
# corresponding to MSA columns:
# 448-478
name=unknown_F
#
# <colnr> <probs for GDERKNQSTAVLIFYWHMCP>
#	G	D	E	R	K	N	Q	S	T	A	V	L	I	F	Y	W	H	M	C	P
0	0.29031	0.01231	0.16606	0.00983	0.03584	0.00971	0.00898	0.04097	0.01074	0.03914	0.05140	0.08666	0.02460	0.02195	0.09256	0.01839	0.00591	0.00527	0.00343	0.06594
1	0.01175	0.12044	0.26140	0.01334	0.06169	0.01219	0.06341	0.01677	0.10185	0.05723	0.12766	0.04915	0.01601	0.00684	0.00600	0.00167	0.05634	0.00564	0.00354	0.00710
2	0.00938	0.01029	0.13152	0.00880	0.01172	0.00776	0.00794	0.01445	0.15787	0.03611	0.23614	0.12132	0.14446	0.00967	0.00575	0.00170	0.00391	0.00830	0.00474	0.06818
3	0.00663	0.00505	0.00597	0.00637	0.00737	0.00453	0.00446	0.00790	0.01146	0.01480	0.15917	0.34207	0.31659	0.07307	0.00796	0.00215	0.00298	0.01214	0.00493	0.00439
4	0.00678	0.00504	0.00592	0.00642	0.00719	0.00463	0.00437	0.00772	0.01038	0.01329	0.05552	0.33535	0.26761	0.20335	0.01135	0.00273	0.00348	0.04019	0.00453	0.00413
5	0.01455	0.22767	0.15140	0.01276	0.05014	0.16006	0.05018	0.13050	0.01376	0.01715	0.01077	0.04829	0.00935	0.04239	0.00568	0.00162	0.00671	0.00453	0.03557	0.00692
6	0.20728	0.01303	0.08711	0.10532	0.45554	0.01229	0.01392	0.01583	0.01110	0.01833	0.00925	0.01197	0.00747	0.00484	0.00476	0.00161	0.00599	0.00421	0.00271	0.00745
7	0.01304	0.06073	0.32170	0.03111	0.11822	0.03694	0.01397	0.07224	0.13256	0.05718	0.01227	0.01344	0.00921	0.00674	0.03471	0.00185	0.00670	0.00444	0.00330	0.04965
8	0.00758	0.00508	0.00580	0.00590	0.00592	0.00506	0.00334	0.00766	0.00789	0.01052	0.01769	0.09903	0.02053	0.74799	0.02523	0.00488	0.00495	0.00830	0.00334	0.00329
9	0.01141	0.01072	0.08109	0.00908	0.01283	0.00870	0.00785	0.12875	0.01242	0.01826	0.01156	0.01507	0.00992	0.06919	0.16238	0.00284	0.00665	0.00432	0.02253	0.39446
10	0.01234	0.00828	0.01075	0.00939	0.01064	0.00949	0.00721	0.08407	0.01078	0.13909	0.01421	0.02172	0.01321	0.26562	0.17124	0.00424	0.19255	0.00591	0.00366	0.00559
11	0.01317	0.01358	0.08806	0.02385	0.47052	0.01236	0.01396	0.07263	0.12140	0.01909	0.01171	0.01362	0.00932	0.00513	0.00511	0.00153	0.00585	0.00467	0.00322	0.09120
12	0.00701	0.00539	0.00641	0.00615	0.00761	0.00479	0.00461	0.00906	0.01384	0.01854	0.49978	0.04387	0.33021	0.01180	0.00624	0.00171	0.00256	0.01017	0.00547	0.00479
13	0.01428	0.02027	0.25334	0.05339	0.25302	0.20809	0.02687	0.06569	0.01322	0.01682	0.00948	0.01162	0.00742	0.00519	0.00526	0.00157	0.02010	0.00416	0.00268	0.00751
14	0.03434	0.17208	0.12207	0.01130	0.04416	0.02523	0.01009	0.12353	0.11745	0.06402	0.01459	0.01725	0.03403	0.00936	0.07635	0.00216	0.00627	0.04713	0.00376	0.06485
15	0.05011	0.59855	0.07875	0.00998	0.01441	0.10637	0.00975	0.01707	0.04808	0.01375	0.00828	0.00934	0.00719	0.00481	0.00375	0.00125	0.00611	0.00312	0.00251	0.00682
16	0.01140	0.25224	0.51379	0.01287	0.01925	0.01435	0.01561	0.01596	0.01085	0.01519	0.00921	0.01108	0.00719	0.00735	0.06072	0.00200	0.00765	0.00372	0.00228	0.00730
17	0.01473	0.56711	0.12400	0.01062	0.01530	0.13323	0.01062	0.04567	0.01197	0.01388	0.00796	0.00915	0.00686	0.00479	0.00388	0.00125	0.00651	0.00313	0.00244	0.00691
18	0.01065	0.00821	0.00944	0.00898	0.01085	0.00909	0.00698	0.06331	0.28936	0.01821	0.02113	0.04959	0.04625	0.10104	0.14380	0.00335	0.00597	0.11165	0.07596	0.00617
19	0.00929	0.00755	0.01345	0.01095	0.01293	0.00717	0.21291	0.01032	0.01035	0.01381	0.10929	0.02443	0.14045	0.01434	0.06766	0.31465	0.00590	0.00679	0.00329	0.00448
20	0.01047	0.01061	0.00841	0.00843	0.00953	0.22547	0.00583	0.01133	0.01110	0.01259	0.02322	0.28349	0.12090	0.22145	0.01139	0.00266	0.00537	0.00934	0.00385	0.00455
21	0.00918	0.00459	0.00689	0.00689	0.00689	0.00459	0.00459	0.00689	0.00689	0.00918	0.00918	0.01607	0.00918	0.01837	0.02066	0.84619	0.00459	0.00459	0.00230	0.00230
22	0.01227	0.02348	0.56905	0.05325	0.02281	0.01301	0.07057	0.13924	0.01348	0.01932	0.01010	0.01178	0.00718	0.00521	0.00517	0.00167	0.00753	0.00425	0.00277	0.00786
23	0.00652	0.00525	0.00581	0.00591	0.00737	0.00454	0.00434	0.00803	0.01234	0.01554	0.19435	0.16260	0.52214	0.01335	0.00632	0.00182	0.00270	0.01142	0.00509	0.00454
24	0.01004	0.00879	0.01287	0.01640	0.27709	0.00877	0.02353	0.01421	0.11993	0.01807	0.20716	0.12369	0.11945	0.00909	0.00583	0.00173	0.00426	0.00818	0.00436	0.00653
25	0.01367	0.09141	0.19568	0.14266	0.09963	0.21390	0.01319	0.01790	0.07464	0.01538	0.00997	0.01186	0.00782	0.00520	0.00482	0.00149	0.00720	0.00401	0.00274	0.06684
26	0.00908	0.00796	0.01227	0.11999	0.14345	0.00832	0.04563	0.01140	0.01178	0.01589	0.14714	0.15310	0.13074	0.01032	0.00693	0.00189	0.06159	0.09284	0.00403	0.00564
27	0.01173	0.03687	0.21653	0.12267	0.27057	0.04954	0.06447	0.01552	0.01144	0.01610	0.01047	0.01352	0.00834	0.00747	0.06115	0.00208	0.00738	0.00457	0.06242	0.00716
28	0.00934	0.06734	0.00904	0.00714	0.00929	0.06307	0.00560	0.07829	0.01401	0.01741	0.21436	0.03866	0.42527	0.01092	0.00584	0.00166	0.00363	0.00904	0.00481	0.00529
29	0.01624	0.24188	0.01702	0.01108	0.01386	0.45105	0.00875	0.01747	0.01262	0.01236	0.00932	0.01330	0.00881	0.13617	0.00797	0.00191	0.00774	0.00394	0.00267	0.00584
30	0.01029	0.07988	0.00938	0.00756	0.00826	0.06406	0.00544	0.00896	0.00841	0.01061	0.06376	0.01657	0.01169	0.01562	0.01690	0.64726	0.00490	0.00470	0.00258	0.00318

[dist]
# distance from previous block
# <min> <max>
1	158

[block]
# block no. 6 follows, 46 sequences, length 38
# corresponding to MSA columns:
# 637-674
name=unknown_G
#
# <colnr> <probs for GDERKNQSTAVLIFYWHMCP>
#	G	D	E	R	K	N	Q	S	T	A	V	L	I	F	Y	W	H	M	C	P
0	0.01080	0.15969	0.17301	0.09381	0.01571	0.02990	0.00985	0.01413	0.04757	0.01512	0.04334	0.04468	0.01251	0.13000	0.00800	0.00198	0.00552	0.00505	0.06049	0.11884
1	0.01148	0.01293	0.13723	0.01864	0.29957	0.01074	0.01244	0.01563	0.07798	0.03682	0.03979	0.01756	0.06738	0.00931	0.07915	0.00224	0.05492	0.00528	0.00323	0.08770
2	0.01120	0.01308	0.18268	0.04749	0.15276	0.00956	0.09018	0.01492	0.03858	0.08323	0.06035	0.08991	0.12711	0.00859	0.02701	0.00189	0.00584	0.00689	0.00369	0.02503
3	0.01362	0.01667	0.26344	0.09359	0.02040	0.06835	0.11880	0.05306	0.02699	0.14469	0.01603	0.06446	0.06284	0.00663	0.00546	0.00170	0.00666	0.00577	0.00361	0.00722
4	0.01179	0.00973	0.01313	0.06822	0.16421	0.01038	0.02858	0.04138	0.25709	0.04193	0.07665	0.02446	0.01758	0.12327	0.00865	0.00224	0.00503	0.06771	0.00423	0.02375
5	0.00772	0.00528	0.00613	0.00631	0.00659	0.00522	0.00401	0.00815	0.00859	0.01129	0.02051	0.03914	0.06699	0.65191	0.02287	0.00454	0.00494	0.11277	0.00354	0.00352
6	0.00663	0.00491	0.00605	0.00669	0.00742	0.00449	0.00458	0.00777	0.01096	0.01437	0.12810	0.48067	0.20071	0.08099	0.00824	0.00225	0.00308	0.01287	0.00488	0.00433
7	0.01022	0.13067	0.30527	0.01136	0.04601	0.01067	0.01167	0.01387	0.01084	0.01598	0.06804	0.01628	0.01238	0.01285	0.17119	0.00296	0.00757	0.00473	0.13105	0.00639
8	0.00650	0.00515	0.00585	0.00613	0.00741	0.00450	0.00442	0.00791	0.01197	0.01517	0.16320	0.26414	0.45120	0.01387	0.00639	0.00187	0.00276	0.01200	0.00506	0.00450
9	0.01614	0.06877	0.14974	0.01304	0.01674	0.25019	0.01175	0.19119	0.08188	0.01906	0.01039	0.01167	0.00813	0.00622	0.00671	0.00163	0.12192	0.00417	0.00338	0.00727
10	0.00658	0.00472	0.00626	0.00729	0.00774	0.00440	0.00496	0.00770	0.01069	0.01433	0.10552	0.70468	0.05042	0.01588	0.00670	0.00210	0.00303	0.02762	0.00500	0.00438
11	0.01193	0.01272	0.07562	0.22766	0.34768	0.01275	0.05847	0.01637	0.08123	0.01627	0.01061	0.01375	0.00847	0.00550	0.00639	0.00173	0.07788	0.00485	0.00275	0.00737
12	0.01308	0.01256	0.02146	0.03245	0.78123	0.01256	0.01622	0.01622	0.01204	0.01727	0.00994	0.01308	0.00837	0.00471	0.00523	0.00157	0.00628	0.00471	0.00262	0.00837
13	0.01173	0.01206	0.04164	0.02308	0.44278	0.06215	0.05887	0.01434	0.01175	0.01591	0.01616	0.14933	0.06923	0.00756	0.00608	0.00172	0.03849	0.00689	0.00316	0.00705
14	0.01454	0.01691	0.11829	0.01526	0.15094	0.24537	0.01128	0.07489	0.01370	0.04390	0.06686	0.01424	0.01129	0.00846	0.07135	0.00202	0.00747	0.00449	0.00326	0.10546
15	0.01050	0.07605	0.39062	0.01302	0.06322	0.03492	0.01339	0.03796	0.03514	0.01644	0.04377	0.14685	0.08043	0.00791	0.00536	0.00171	0.00603	0.00660	0.00326	0.00681
16	0.00758	0.00668	0.00638	0.00642	0.00776	0.06269	0.00456	0.00876	0.01160	0.01406	0.10169	0.15373	0.44438	0.12915	0.00920	0.00228	0.00358	0.01051	0.00458	0.00442
17	0.01454	0.07011	0.25477	0.01358	0.04571	0.04013	0.09399	0.04295	0.04084	0.16849	0.01214	0.01303	0.00877	0.00533	0.00537	0.00152	0.03241	0.00439	0.00351	0.12839
18	0.16923	0.18444	0.09233	0.01065	0.01464	0.14225	0.00958	0.15147	0.06688	0.06639	0.01122	0.03915	0.00900	0.00585	0.00447	0.00151	0.00598	0.00418	0.00363	0.00714
19	0.01387	0.00797	0.00909	0.00780	0.01024	0.00795	0.00607	0.11149	0.10309	0.19469	0.07490	0.02523	0.11907	0.07572	0.00694	0.00187	0.00381	0.00650	0.20712	0.00657
20	0.01022	0.09641	0.01127	0.06689	0.01186	0.08993	0.00708	0.01242	0.04674	0.01319	0.03291	0.02091	0.01366	0.18928	0.28438	0.00469	0.02349	0.00553	0.05408	0.00507
21	0.00760	0.00581	0.00680	0.00664	0.00809	0.00536	0.00492	0.05441	0.01359	0.01795	0.32532	0.18583	0.31311	0.01256	0.00628	0.00179	0.00287	0.01088	0.00528	0.00491
22	0.00918	0.00459	0.00689	0.00689	0.00689	0.00459	0.00459	0.00689	0.00689	0.00918	0.00918	0.01607	0.00918	0.01837	0.02066	0.84619	0.00459	0.00459	0.00230	0.00230
23	0.00918	0.00459	0.00689	0.00689	0.00689	0.00459	0.00459	0.00689	0.00689	0.00918	0.00918	0.01607	0.00918	0.01837	0.02066	0.84619	0.00459	0.00459	0.00230	0.00230
24	0.02620	0.02732	0.01408	0.07530	0.07249	0.08827	0.00921	0.18474	0.04163	0.10949	0.01175	0.01267	0.00882	0.00522	0.00471	0.00131	0.00544	0.00411	0.00394	0.29331
25	0.02782	0.00903	0.01192	0.08891	0.19751	0.00962	0.00895	0.11077	0.06888	0.02052	0.01429	0.01648	0.01115	0.00580	0.00454	0.00146	0.00441	0.00487	0.37646	0.00663
26	0.00835	0.00542	0.00669	0.00696	0.00810	0.00492	0.00501	0.00960	0.01132	0.08573	0.08701	0.34572	0.22775	0.10143	0.00869	0.00231	0.00340	0.06190	0.00494	0.00475
27	0.00745	0.00508	0.00592	0.00606	0.00627	0.00498	0.00363	0.00784	0.00881	0.01181	0.08814	0.14703	0.04488	0.60540	0.02159	0.00429	0.00453	0.00901	0.00373	0.00356
28	0.01305	0.01262	0.02174	0.03111	0.71005	0.01263	0.06129	0.01666	0.03719	0.01741	0.01037	0.01338	0.00861	0.00478	0.00530	0.00159	0.00637	0.00485	0.00271	0.00830
29	0.40082	0.30994	0.01597	0.00852	0.01209	0.10921	0.00746	0.01605	0.01065	0.01813	0.04487	0.01016	0.00839	0.00512	0.00364	0.00142	0.00525	0.00324	0.00296	0.00613
30	0.14204	0.44436	0.22455	0.01012	0.01516	0.01646	0.01105	0.01586	0.01060	0.01567	0.00840	0.00975	0.00693	0.00479	0.00382	0.00136	0.00583	0.00322	0.04324	0.00680
31	0.01143	0.03333	0.16330	0.01083	0.01464	0.00922	0.07273	0.01482	0.03912	0.10214	0.11871	0.09057	0.07329	0.00774	0.00624	0.00161	0.06369	0.00650	0.00394	0.15615
32	0.10425	0.01378	0.12910	0.01540	0.16579	0.01147	0.07230	0.14400	0.02275	0.02052	0.01068	0.01301	0.00849	0.03391	0.00552	0.00157	0.00570	0.00433	0.03575	0.18170
33	0.00902	0.04827	0.08566	0.00770	0.01046	0.00785	0.00681	0.08096	0.06945	0.01770	0.13674	0.03753	0.44067	0.01067	0.00583	0.00171	0.00371	0.00885	0.00471	0.00569
34	0.01370	0.39259	0.01991	0.01218	0.10660	0.18299	0.00921	0.01543	0.01206	0.01349	0.01672	0.01741	0.15536	0.00645	0.00446	0.00136	0.00599	0.00478	0.00291	0.00639
35	0.00804	0.00660	0.00875	0.08365	0.06661	0.00657	0.00674	0.01098	0.06252	0.01707	0.28176	0.11978	0.23883	0.01234	0.04427	0.00209	0.00399	0.00936	0.00474	0.00530
36	0.01386	0.01618	0.22389	0.01160	0.01574	0.06505	0.03132	0.24880	0.04221	0.04110	0.06476	0.01900	0.03818	0.13468	0.00874	0.00218	0.00618	0.00553	0.00394	0.00707
37	0.04153	0.04393	0.06578	0.01767	0.18797	0.15112	0.13953	0.12399	0.01459	0.01903	0.09276	0.01677	0.04964	0.00611	0.00534	0.00158	0.00667	0.00539	0.00346	0.00713

[dist]
# distance from previous block
# <min> <max>
3	18

[block]
# block no. 7 follows, 46 sequences, length 21
# corresponding to MSA columns:
# 693-713
name=unknown_H
#
# <colnr> <probs for GDERKNQSTAVLIFYWHMCP>
#	G	D	E	R	K	N	Q	S	T	A	V	L	I	F	Y	W	H	M	C	P
0	0.01812	0.04760	0.10161	0.01406	0.07632	0.13463	0.01146	0.44117	0.04110	0.04534	0.01169	0.01224	0.00858	0.00589	0.00511	0.00155	0.00656	0.00443	0.00427	0.00827
1	0.00746	0.00503	0.00583	0.00606	0.00611	0.00497	0.00352	0.00763	0.00813	0.01085	0.01895	0.17689	0.02211	0.66798	0.02321	0.00458	0.00475	0.00903	0.00352	0.00340
2	0.01101	0.00982	0.01587	0.02236	0.45725	0.00998	0.01215	0.03383	0.01154	0.01619	0.01542	0.10742	0.03559	0.01341	0.15005	0.00297	0.00715	0.05787	0.00321	0.00691
3	0.01441	0.04971	0.15166	0.01918	0.17473	0.12820	0.20902	0.03496	0.08004	0.06947	0.01152	0.01327	0.00872	0.00518	0.00534	0.00162	0.00737	0.00486	0.00314	0.00761
4	0.01827	0.00937	0.01122	0.00911	0.01236	0.04066	0.00735	0.11689	0.01597	0.43255	0.15660	0.04236	0.07514	0.00809	0.00559	0.00166	0.00436	0.01887	0.00591	0.00766
5	0.00991	0.00583	0.00782	0.00760	0.00814	0.00616	0.00528	0.01077	0.14710	0.01155	0.01144	0.01674	0.01046	0.01631	0.01786	0.69139	0.00452	0.00485	0.00286	0.00341
6	0.01291	0.19529	0.28617	0.01255	0.01794	0.13307	0.06628	0.01642	0.01165	0.01521	0.00900	0.01075	0.00720	0.00560	0.02415	0.00152	0.00713	0.00366	0.00253	0.16096
7	0.01339	0.16543	0.31676	0.04678	0.15873	0.01347	0.08653	0.01743	0.01181	0.10575	0.01062	0.01222	0.00790	0.00501	0.00492	0.00156	0.00683	0.00427	0.00286	0.00773
8	0.17549	0.00922	0.01144	0.00896	0.01290	0.00852	0.00740	0.02389	0.01401	0.64535	0.01838	0.01627	0.01174	0.00624	0.00494	0.00164	0.00442	0.00487	0.00594	0.00840
9	0.01207	0.01263	0.01889	0.01541	0.01650	0.04794	0.14909	0.01384	0.00919	0.01350	0.00768	0.01198	0.00713	0.00822	0.01479	0.00218	0.62565	0.00487	0.00240	0.00604
10	0.01457	0.06245	0.28797	0.11997	0.06125	0.01272	0.05650	0.15434	0.01426	0.13312	0.01206	0.02689	0.00877	0.00565	0.00517	0.00164	0.00663	0.00469	0.00354	0.00782
11	0.01163	0.00936	0.07438	0.05283	0.03464	0.02573	0.00831	0.01487	0.06704	0.16357	0.03152	0.03668	0.28245	0.01029	0.00600	0.00186	0.00450	0.15339	0.00477	0.00620
12	0.00869	0.00627	0.00690	0.00668	0.00723	0.00660	0.00415	0.01143	0.14775	0.01243	0.01755	0.03187	0.01865	0.66626	0.02296	0.00451	0.00495	0.00737	0.00360	0.00415
13	0.01101	0.01001	0.01576	0.14178	0.37899	0.00989	0.01196	0.01361	0.01116	0.01585	0.01292	0.13450	0.01251	0.03695	0.00605	0.00168	0.00543	0.00609	0.00304	0.16083
14	0.01177	0.01868	0.32977	0.18579	0.22994	0.05622	0.06133	0.01618	0.01157	0.01600	0.00959	0.01239	0.00731	0.00498	0.00519	0.00165	0.00740	0.00440	0.00241	0.00742
15	0.06227	0.01426	0.01686	0.10987	0.33108	0.18500	0.01249	0.03081	0.01313	0.15722	0.01139	0.01306	0.00860	0.00531	0.00504	0.00156	0.00664	0.00443	0.00341	0.00757
16	0.00682	0.00532	0.00619	0.00609	0.00752	0.00469	0.00452	0.00865	0.01322	0.01734	0.37854	0.10374	0.39349	0.01247	0.00628	0.00176	0.00262	0.01073	0.00532	0.00469
17	0.03338	0.01542	0.15918	0.06310	0.28764	0.01313	0.03739	0.22251	0.01552	0.08467	0.01145	0.01302	0.00848	0.00540	0.00521	0.00162	0.00636	0.00463	0.00361	0.00826
18	0.01484	0.01716	0.08382	0.01954	0.19061	0.20752	0.17847	0.09805	0.01394	0.01745	0.01065	0.01452	0.00886	0.00583	0.00620	0.00167	0.05845	0.04218	0.00301	0.00722
19	0.01072	0.01211	0.11855	0.16404	0.17045	0.01049	0.04006	0.01354	0.01038	0.01489	0.01055	0.01610	0.00945	0.13945	0.00972	0.00214	0.07948	0.00485	0.00268	0.16034
20	0.12729	0.05447	0.13972	0.04507	0.07693	0.05388	0.27981	0.01639	0.01170	0.03344	0.02533	0.01265	0.00831	0.00483	0.00507	0.00157	0.00698	0.00467	0.00284	0.08901

[dist]
# distance from previous block
# <min> <max>
4	157

# created by:
# /home/cegg/simao/soft/augustus-3.2.1/scripts/msa2prfl.pl ./align_prep/27281.fa
