[name]
unknown

[dist]
# distance from previous block
# <min> <max>
0	274

[block]
# block no. 0 follows, 48 sequences, length 40
# corresponding to MSA columns:
# 274-313
name=unknown_A
#
# <colnr> <probs for GDERKNQSTAVLIFYWHMCP>
#	G	D	E	R	K	N	Q	S	T	A	V	L	I	F	Y	W	H	M	C	P
0	0.18754	0.01468	0.26106	0.18592	0.01999	0.01104	0.01259	0.05820	0.01113	0.01767	0.01188	0.01892	0.01037	0.00665	0.00527	0.00177	0.02661	0.12943	0.00301	0.00628
1	0.01112	0.01003	0.01521	0.58963	0.02962	0.01244	0.01308	0.09775	0.05521	0.01563	0.00989	0.01358	0.00754	0.00576	0.00638	0.00175	0.09184	0.00463	0.00276	0.00616
2	0.01372	0.82276	0.02689	0.00878	0.01317	0.02030	0.00878	0.01536	0.01043	0.01207	0.00713	0.00823	0.00658	0.00439	0.00329	0.00110	0.00549	0.00274	0.00219	0.00658
3	0.00653	0.00467	0.00591	0.00668	0.00711	0.00437	0.00443	0.00743	0.00997	0.01327	0.09260	0.56052	0.08967	0.15007	0.00975	0.00250	0.00324	0.01265	0.00456	0.00406
4	0.01874	0.01305	0.01312	0.01077	0.01430	0.12118	0.00862	0.22461	0.22629	0.26910	0.01659	0.01541	0.01160	0.00632	0.00510	0.00158	0.00530	0.00493	0.00520	0.00818
5	0.00969	0.00912	0.01539	0.80734	0.03534	0.01140	0.01425	0.01311	0.01026	0.01311	0.00912	0.01368	0.00684	0.00513	0.00513	0.00171	0.00684	0.00456	0.00228	0.00570
6	0.01063	0.07195	0.69056	0.01482	0.02203	0.01249	0.07531	0.01621	0.01091	0.01602	0.00918	0.01091	0.00660	0.00480	0.00487	0.00160	0.00754	0.00390	0.00220	0.00747
7	0.01064	0.00912	0.01064	0.00760	0.01216	0.00684	0.00608	0.01292	0.01064	0.01672	0.00912	0.01064	0.00760	0.00380	0.00380	0.00076	0.00380	0.00304	0.00304	0.85104
8	0.00921	0.00481	0.00492	0.00492	0.00591	0.00481	0.00351	0.01120	0.01021	0.01759	0.01664	0.02155	0.01407	0.14238	0.00736	0.00183	0.00282	0.00523	0.70650	0.00450
9	0.01064	0.00912	0.01064	0.00760	0.01216	0.00684	0.00608	0.01292	0.01064	0.01672	0.00912	0.01064	0.00760	0.00380	0.00380	0.00076	0.00380	0.00304	0.00304	0.85104
10	0.20119	0.64183	0.02258	0.00833	0.01245	0.01835	0.00806	0.01530	0.01005	0.01451	0.00714	0.00825	0.00636	0.00447	0.00327	0.00121	0.00515	0.00275	0.00241	0.00636
11	0.00969	0.00912	0.01539	0.80734	0.03534	0.01140	0.01425	0.01311	0.01026	0.01311	0.00912	0.01368	0.00684	0.00513	0.00513	0.00171	0.00684	0.00456	0.00228	0.00570
12	0.00620	0.00520	0.00539	0.00534	0.00702	0.00439	0.00401	0.00763	0.01202	0.01464	0.13733	0.04809	0.69975	0.01270	0.00606	0.00172	0.00258	0.01065	0.00487	0.00439
13	0.00660	0.00499	0.00581	0.00601	0.00699	0.00451	0.00418	0.00782	0.01113	0.01446	0.19752	0.23233	0.31455	0.14844	0.00954	0.00234	0.00305	0.01085	0.00468	0.00420
14	0.01096	0.18242	0.64309	0.01348	0.02044	0.01356	0.01697	0.01608	0.01075	0.01543	0.00880	0.01032	0.00652	0.00478	0.00457	0.00152	0.00717	0.00359	0.00217	0.00739
15	0.01372	0.82276	0.02689	0.00878	0.01317	0.02030	0.00878	0.01536	0.01043	0.01207	0.00713	0.00823	0.00658	0.00439	0.00329	0.00110	0.00549	0.00274	0.00219	0.00658
16	0.00760	0.00543	0.00750	0.00868	0.00957	0.00533	0.00710	0.00947	0.01115	0.01461	0.02754	0.30970	0.03099	0.01481	0.00691	0.00227	0.00414	0.50791	0.00474	0.00454
17	0.85592	0.00992	0.00754	0.00675	0.00992	0.01151	0.00556	0.01508	0.00873	0.02302	0.00714	0.00834	0.00556	0.00476	0.00318	0.00159	0.00397	0.00278	0.00318	0.00556
18	0.85592	0.00992	0.00754	0.00675	0.00992	0.01151	0.00556	0.01508	0.00873	0.02302	0.00714	0.00834	0.00556	0.00476	0.00318	0.00159	0.00397	0.00278	0.00318	0.00556
19	0.02302	0.00873	0.01191	0.00913	0.01310	0.00754	0.00754	0.02501	0.01469	0.79122	0.02024	0.01746	0.01270	0.00635	0.00516	0.00159	0.00437	0.00516	0.00635	0.00873
20	0.00746	0.00497	0.00560	0.00560	0.00560	0.00497	0.00311	0.00746	0.00746	0.00995	0.01617	0.03358	0.01865	0.81967	0.02612	0.00497	0.00497	0.00746	0.00311	0.00311
21	0.71571	0.01067	0.00886	0.00760	0.01093	0.01225	0.00626	0.14173	0.01131	0.02458	0.00801	0.00900	0.00609	0.00500	0.00350	0.00158	0.00425	0.00309	0.00350	0.00609
22	0.00827	0.00591	0.00827	0.00945	0.01063	0.00591	0.00827	0.01063	0.01181	0.01536	0.02717	0.05788	0.02953	0.01417	0.00709	0.00236	0.00472	0.75313	0.00472	0.00472
23	0.85592	0.00992	0.00754	0.00675	0.00992	0.01151	0.00556	0.01508	0.00873	0.02302	0.00714	0.00834	0.00556	0.00476	0.00318	0.00159	0.00397	0.00278	0.00318	0.00556
24	0.01455	0.00738	0.00833	0.00704	0.00941	0.00735	0.00560	0.14381	0.01399	0.21060	0.01685	0.01757	0.01229	0.00610	0.00423	0.00135	0.00343	0.00485	0.49887	0.00642
25	0.00644	0.00502	0.00578	0.00598	0.00718	0.00443	0.00430	0.00785	0.01175	0.01511	0.21582	0.23423	0.40324	0.04080	0.00687	0.00190	0.00273	0.01127	0.00491	0.00437
26	0.85592	0.00992	0.00754	0.00675	0.00992	0.01151	0.00556	0.01508	0.00873	0.02302	0.00714	0.00834	0.00556	0.00476	0.00318	0.00159	0.00397	0.00278	0.00318	0.00556
27	0.85592	0.00992	0.00754	0.00675	0.00992	0.01151	0.00556	0.01508	0.00873	0.02302	0.00714	0.00834	0.00556	0.00476	0.00318	0.00159	0.00397	0.00278	0.00318	0.00556
28	0.00742	0.00514	0.00644	0.00644	0.00674	0.00543	0.00417	0.00801	0.00771	0.01058	0.01539	0.02929	0.01679	0.57005	0.27319	0.00602	0.00778	0.00683	0.00299	0.00358
29	0.00624	0.00486	0.00564	0.00616	0.00717	0.00430	0.00432	0.00739	0.01089	0.01376	0.07787	0.39690	0.38776	0.03380	0.00677	0.00196	0.00282	0.01238	0.00477	0.00425
30	0.00956	0.00556	0.00751	0.00731	0.00780	0.00585	0.00507	0.01013	0.13605	0.01102	0.01092	0.01619	0.01004	0.01600	0.01757	0.70840	0.00439	0.00468	0.00273	0.00322
31	0.01352	0.01442	0.01543	0.01331	0.01416	0.19361	0.01084	0.05938	0.01034	0.01359	0.00734	0.01084	0.00683	0.00797	0.01337	0.00199	0.58044	0.00423	0.00251	0.00587
32	0.00746	0.00497	0.00560	0.00560	0.00560	0.00497	0.00311	0.00746	0.00746	0.00995	0.01617	0.03358	0.01865	0.81967	0.02612	0.00497	0.00497	0.00746	0.00311	0.00311
33	0.04010	0.00583	0.00721	0.00700	0.00841	0.00537	0.00501	0.01159	0.01102	0.18431	0.07648	0.32729	0.12767	0.14747	0.00931	0.00236	0.00356	0.01005	0.00484	0.00511
34	0.01329	0.01177	0.01967	0.05532	0.65801	0.01202	0.01481	0.01616	0.01164	0.07517	0.01027	0.01301	0.00835	0.00498	0.00577	0.00158	0.05282	0.00461	0.00280	0.00794
35	0.85592	0.00992	0.00754	0.00675	0.00992	0.01151	0.00556	0.01508	0.00873	0.02302	0.00714	0.00834	0.00556	0.00476	0.00318	0.00159	0.00397	0.00278	0.00318	0.00556
36	0.01629	0.00695	0.00957	0.00830	0.01065	0.00628	0.00655	0.01730	0.01203	0.43547	0.01914	0.09513	0.01570	0.01062	0.00872	0.18809	0.00423	0.08873	0.03396	0.00631
37	0.01034	0.00974	0.01646	0.59025	0.21764	0.01142	0.01434	0.01361	0.01054	0.01396	0.00941	0.01367	0.00736	0.00617	0.03308	0.00189	0.00690	0.00460	0.00236	0.00625
38	0.01718	0.02128	0.01349	0.01239	0.01474	0.66620	0.00933	0.01859	0.01349	0.01245	0.00891	0.01108	0.00765	0.01085	0.13785	0.00248	0.01001	0.00367	0.00266	0.00572
39	0.01991	0.01372	0.01500	0.01150	0.01559	0.01495	0.00950	0.68495	0.02304	0.11948	0.01323	0.01291	0.00918	0.00618	0.00514	0.00155	0.00550	0.00468	0.00527	0.00873

[dist]
# distance from previous block
# <min> <max>
0	1

[block]
# block no. 1 follows, 48 sequences, length 42
# corresponding to MSA columns:
# 315-356
name=unknown_B
#
# <colnr> <probs for GDERKNQSTAVLIFYWHMCP>
#	G	D	E	R	K	N	Q	S	T	A	V	L	I	F	Y	W	H	M	C	P
0	0.01092	0.00937	0.01077	0.00797	0.01231	0.00761	0.00635	0.01479	0.11091	0.01734	0.01066	0.01175	0.00865	0.00421	0.00399	0.00089	0.00383	0.00340	0.00332	0.74096
1	0.01178	0.01138	0.01976	0.25968	0.52263	0.01200	0.05811	0.01501	0.01129	0.01567	0.00954	0.01305	0.00773	0.00472	0.00515	0.00159	0.00646	0.00465	0.00247	0.00734
2	0.48234	0.00852	0.00884	0.00929	0.07051	0.00969	0.00676	0.01306	0.00897	0.01868	0.01044	0.01494	0.00927	0.01570	0.25050	0.00369	0.00721	0.04311	0.00307	0.00541
3	0.01054	0.25551	0.40666	0.01120	0.01651	0.01285	0.01301	0.01434	0.01101	0.01504	0.07697	0.06635	0.05698	0.00639	0.00469	0.00151	0.00595	0.00504	0.00278	0.00665
4	0.00881	0.00741	0.01094	0.05244	0.21367	0.00725	0.00884	0.01118	0.01225	0.01640	0.18770	0.03793	0.19047	0.01019	0.00603	0.00182	0.00424	0.20260	0.00424	0.00560
5	0.00691	0.00476	0.00586	0.00648	0.00666	0.00462	0.00408	0.00742	0.00875	0.01165	0.02238	0.41164	0.02639	0.40459	0.01603	0.00349	0.00400	0.03665	0.00396	0.00368
6	0.01845	0.01488	0.01662	0.01398	0.06609	0.14252	0.08727	0.38327	0.01851	0.13669	0.01217	0.01271	0.00875	0.00587	0.00561	0.00156	0.03815	0.00462	0.00436	0.00793
7	0.52407	0.01376	0.01048	0.00904	0.01229	0.17430	0.00725	0.16052	0.01287	0.02265	0.00829	0.00929	0.00638	0.00514	0.00385	0.00152	0.00538	0.00324	0.00344	0.00624
8	0.32353	0.00916	0.01033	0.00827	0.01195	0.00897	0.00683	0.02143	0.01254	0.51405	0.01552	0.01417	0.01012	0.00578	0.00444	0.00159	0.00422	0.00430	0.00521	0.00759
9	0.00713	0.00507	0.00684	0.00793	0.00856	0.00491	0.00602	0.00854	0.01043	0.01375	0.02695	0.46093	0.03108	0.07481	0.00821	0.00241	0.00381	0.30371	0.00463	0.00431
10	0.00803	0.00599	0.00808	0.00803	0.00880	0.00669	0.00593	0.05460	0.00942	0.01312	0.01703	0.20319	0.01806	0.15803	0.40559	0.00561	0.04807	0.00779	0.00339	0.00455
11	0.01780	0.01247	0.01330	0.01058	0.01397	0.04016	0.00846	0.48328	0.08566	0.12692	0.01445	0.01625	0.01107	0.11247	0.00787	0.00200	0.00538	0.00512	0.00495	0.00785
12	0.40932	0.01041	0.01057	0.00856	0.01218	0.01105	0.00706	0.16885	0.01380	0.28317	0.01258	0.01220	0.00859	0.00557	0.00423	0.00158	0.00444	0.00395	0.00463	0.00726
13	0.01344	0.01080	0.01459	0.42611	0.02548	0.01263	0.01172	0.21619	0.14159	0.05739	0.01246	0.01441	0.00909	0.00577	0.00515	0.00166	0.00594	0.00481	0.00372	0.00705
14	0.00958	0.00734	0.00985	0.05249	0.07235	0.00757	0.00821	0.10391	0.03089	0.01720	0.05426	0.21450	0.06227	0.01202	0.00633	0.00202	0.00445	0.31474	0.00453	0.00547
15	0.01255	0.01021	0.01696	0.41478	0.31202	0.01119	0.01393	0.01564	0.01137	0.11609	0.01077	0.01381	0.00808	0.00508	0.00512	0.00162	0.00624	0.00464	0.00291	0.00700
16	0.02166	0.01092	0.01326	0.01017	0.01419	0.01079	0.00840	0.31400	0.01834	0.49706	0.01717	0.01547	0.01116	0.00628	0.00515	0.00157	0.00486	0.00495	0.00588	0.00873
17	0.01064	0.00912	0.01064	0.00760	0.01216	0.00684	0.00608	0.01292	0.01064	0.01672	0.00912	0.01064	0.00760	0.00380	0.00380	0.00076	0.00380	0.00304	0.00304	0.85104
18	0.01117	0.00718	0.00834	0.00743	0.00962	0.00685	0.00574	0.11129	0.05136	0.14520	0.17072	0.12875	0.29468	0.01064	0.00581	0.00170	0.00337	0.00902	0.00526	0.00588
19	0.00655	0.00475	0.00619	0.00681	0.00748	0.00439	0.00474	0.00795	0.01139	0.01546	0.26443	0.52864	0.08386	0.01416	0.00637	0.00192	0.00278	0.01271	0.00504	0.00439
20	0.85592	0.00992	0.00754	0.00675	0.00992	0.01151	0.00556	0.01508	0.00873	0.02302	0.00714	0.00834	0.00556	0.00476	0.00318	0.00159	0.00397	0.00278	0.00318	0.00556
21	0.43580	0.01172	0.01098	0.00910	0.01259	0.01331	0.00745	0.29668	0.11495	0.02627	0.01086	0.01122	0.00805	0.00557	0.00417	0.00159	0.00460	0.00386	0.00417	0.00707
22	0.01991	0.01848	0.01440	0.01207	0.01543	0.40515	0.00947	0.27424	0.01780	0.14687	0.01143	0.01163	0.00832	0.00576	0.00488	0.00144	0.00724	0.00405	0.00409	0.00734
23	0.00746	0.00497	0.00560	0.00560	0.00560	0.00497	0.00311	0.00746	0.00746	0.00995	0.01617	0.03358	0.01865	0.81967	0.02612	0.00497	0.00497	0.00746	0.00311	0.00311
24	0.02302	0.00873	0.01191	0.00913	0.01310	0.00754	0.00754	0.02501	0.01469	0.79122	0.02024	0.01746	0.01270	0.00635	0.00516	0.00159	0.00437	0.00516	0.00635	0.00873
25	0.00796	0.00615	0.00739	0.00699	0.00849	0.00604	0.00526	0.01215	0.13914	0.01951	0.53020	0.07734	0.13263	0.01051	0.00594	0.00167	0.00274	0.00918	0.00542	0.00528
26	0.00891	0.00446	0.00668	0.00668	0.00668	0.00446	0.00446	0.00668	0.00668	0.00891	0.00891	0.01560	0.00891	0.01783	0.02005	0.85071	0.00446	0.00446	0.00223	0.00223
27	0.85592	0.00992	0.00754	0.00675	0.00992	0.01151	0.00556	0.01508	0.00873	0.02302	0.00714	0.00834	0.00556	0.00476	0.00318	0.00159	0.00397	0.00278	0.00318	0.00556
28	0.85592	0.00992	0.00754	0.00675	0.00992	0.01151	0.00556	0.01508	0.00873	0.02302	0.00714	0.00834	0.00556	0.00476	0.00318	0.00159	0.00397	0.00278	0.00318	0.00556
29	0.01072	0.00909	0.00974	0.00914	0.01144	0.01012	0.00696	0.02106	0.54026	0.01898	0.02657	0.15657	0.12899	0.00935	0.00556	0.00180	0.00367	0.00799	0.00508	0.00692
30	0.00744	0.00505	0.00598	0.00598	0.00612	0.00519	0.00359	0.00771	0.00758	0.01024	0.01581	0.03161	0.01780	0.70540	0.13922	0.00545	0.00626	0.00717	0.00306	0.00332
31	0.01839	0.01198	0.01315	0.01026	0.01387	0.01286	0.00842	0.53715	0.02055	0.14118	0.01420	0.01419	0.01003	0.00616	0.00488	0.00149	0.00493	0.00473	0.14350	0.00808
32	0.01335	0.00785	0.00861	0.00758	0.00991	0.00826	0.00594	0.06955	0.23073	0.14724	0.01819	0.01840	0.01349	0.00633	0.00441	0.00144	0.00341	0.00512	0.41353	0.00665
33	0.00746	0.00500	0.00570	0.00570	0.00574	0.00503	0.00324	0.00753	0.00749	0.01003	0.01607	0.03305	0.01842	0.78883	0.05665	0.00510	0.00532	0.00738	0.00309	0.00317
34	0.01372	0.82276	0.02689	0.00878	0.01317	0.02030	0.00878	0.01536	0.01043	0.01207	0.00713	0.00823	0.00658	0.00439	0.00329	0.00110	0.00549	0.00274	0.00219	0.00658
35	0.00956	0.00478	0.00478	0.00478	0.00598	0.00478	0.00359	0.01196	0.01076	0.01913	0.01674	0.01913	0.01315	0.00598	0.00359	0.00120	0.00239	0.00478	0.84816	0.00478
36	0.01449	0.01063	0.01167	0.01009	0.01300	0.01175	0.00789	0.17805	0.43740	0.10776	0.01952	0.09014	0.01567	0.04028	0.00616	0.00184	0.00436	0.00635	0.00520	0.00776
37	0.00704	0.00488	0.00582	0.00625	0.00651	0.00473	0.00394	0.00752	0.00868	0.01145	0.02267	0.27861	0.07032	0.47940	0.01784	0.00374	0.00420	0.04898	0.00381	0.00360
38	0.01454	0.01090	0.02015	0.01493	0.01909	0.01012	0.38689	0.01840	0.05926	0.24487	0.05563	0.01989	0.08766	0.00623	0.00574	0.00168	0.00622	0.00640	0.00422	0.00717
39	0.01068	0.00692	0.01051	0.01143	0.11150	0.00736	0.00782	0.01269	0.00978	0.14391	0.01430	0.01873	0.01219	0.02864	0.56174	0.00625	0.01116	0.00532	0.00333	0.00574
40	0.00920	0.00547	0.00705	0.00734	0.00862	0.00495	0.00543	0.01053	0.01127	0.14116	0.04469	0.44692	0.17107	0.01360	0.00628	0.00196	0.00331	0.09109	0.00504	0.00502
41	0.00969	0.00912	0.01539	0.80734	0.03534	0.01140	0.01425	0.01311	0.01026	0.01311	0.00912	0.01368	0.00684	0.00513	0.00513	0.00171	0.00684	0.00456	0.00228	0.00570

[dist]
# distance from previous block
# <min> <max>
0	1

[block]
# block no. 2 follows, 48 sequences, length 53
# corresponding to MSA columns:
# 358-410
name=unknown_C
#
# <colnr> <probs for GDERKNQSTAVLIFYWHMCP>
#	G	D	E	R	K	N	Q	S	T	A	V	L	I	F	Y	W	H	M	C	P
0	0.38101	0.01182	0.01504	0.04776	0.33699	0.05286	0.05377	0.01565	0.01052	0.01912	0.00849	0.01072	0.00686	0.00470	0.00428	0.00156	0.00550	0.00381	0.00282	0.00673
1	0.01248	0.01196	0.02042	0.08901	0.73190	0.01213	0.01564	0.01555	0.01158	0.01649	0.00961	0.01277	0.00803	0.00461	0.00508	0.00154	0.00615	0.00457	0.00252	0.00795
2	0.01029	0.02654	0.79309	0.01462	0.02221	0.01192	0.01896	0.01625	0.01083	0.01625	0.00921	0.01083	0.00650	0.00487	0.00487	0.00162	0.00758	0.00379	0.00217	0.00758
3	0.01372	0.82276	0.02689	0.00878	0.01317	0.02030	0.00878	0.01536	0.01043	0.01207	0.00713	0.00823	0.00658	0.00439	0.00329	0.00110	0.00549	0.00274	0.00219	0.00658
4	0.01360	0.01213	0.01563	0.01299	0.01417	0.01577	0.01080	0.23006	0.01253	0.01809	0.00834	0.01154	0.00731	0.00817	0.01348	0.00204	0.57924	0.00453	0.00307	0.00651
5	0.00891	0.00446	0.00668	0.00668	0.00668	0.00446	0.00446	0.00668	0.00668	0.00891	0.00891	0.01560	0.00891	0.01783	0.02005	0.85071	0.00446	0.00446	0.00223	0.00223
6	0.01917	0.02445	0.01454	0.01322	0.01586	0.79907	0.00991	0.02049	0.01454	0.01256	0.00793	0.00925	0.00661	0.00529	0.00463	0.00132	0.00925	0.00330	0.00264	0.00595
7	0.01947	0.00884	0.01154	0.00869	0.01283	0.00734	0.00712	0.02154	0.01352	0.56883	0.01705	0.01550	0.01124	0.00562	0.00477	0.00135	0.00420	0.00455	0.00540	0.25059
8	0.00641	0.00521	0.00567	0.00556	0.00714	0.00448	0.00417	0.00803	0.01251	0.01579	0.26245	0.04621	0.57391	0.01228	0.00606	0.00170	0.00255	0.01038	0.00502	0.00448
9	0.28388	0.00699	0.00706	0.00667	0.00844	0.00721	0.00486	0.01213	0.00968	0.11602	0.01973	0.16775	0.09676	0.21969	0.01031	0.00257	0.00396	0.00730	0.00402	0.00495
10	0.02030	0.01310	0.01461	0.01120	0.01528	0.01403	0.00926	0.60289	0.02200	0.20301	0.01410	0.01348	0.00962	0.00620	0.00514	0.00155	0.00536	0.00474	0.00541	0.00873
11	0.85592	0.00992	0.00754	0.00675	0.00992	0.01151	0.00556	0.01508	0.00873	0.02302	0.00714	0.00834	0.00556	0.00476	0.00318	0.00159	0.00397	0.00278	0.00318	0.00556
12	0.01329	0.00681	0.00830	0.00724	0.00887	0.00655	0.00508	0.01526	0.07854	0.27973	0.01799	0.02675	0.01634	0.46758	0.01705	0.00352	0.00468	0.00652	0.00441	0.00549
13	0.01504	0.00711	0.00899	0.00771	0.00994	0.00663	0.00587	0.04447	0.03174	0.35907	0.05944	0.09855	0.01827	0.18711	0.00985	0.00236	0.00411	0.02520	0.09222	0.00634
14	0.01276	0.01102	0.01160	0.01044	0.01334	0.01276	0.00812	0.02727	0.77840	0.02146	0.02088	0.01914	0.01566	0.00696	0.00522	0.00174	0.00406	0.00580	0.00522	0.00812
15	0.85592	0.00992	0.00754	0.00675	0.00992	0.01151	0.00556	0.01508	0.00873	0.02302	0.00714	0.00834	0.00556	0.00476	0.00318	0.00159	0.00397	0.00278	0.00318	0.00556
16	0.85592	0.00992	0.00754	0.00675	0.00992	0.01151	0.00556	0.01508	0.00873	0.02302	0.00714	0.00834	0.00556	0.00476	0.00318	0.00159	0.00397	0.00278	0.00318	0.00556
17	0.00782	0.00553	0.00710	0.00691	0.00811	0.00526	0.00510	0.01066	0.05977	0.03999	0.56753	0.19140	0.04259	0.01128	0.00608	0.00171	0.00268	0.01001	0.00547	0.00501
18	0.00625	0.00447	0.00595	0.00714	0.00744	0.00417	0.00476	0.00714	0.00982	0.01310	0.02828	0.81633	0.03394	0.01608	0.00655	0.00208	0.00298	0.01459	0.00476	0.00417
19	0.02201	0.01035	0.01291	0.00990	0.01391	0.00995	0.00818	0.23909	0.01740	0.57331	0.01797	0.01599	0.01156	0.00630	0.00515	0.00157	0.00473	0.00500	0.00600	0.00873
20	0.00750	0.00543	0.00734	0.00842	0.00939	0.00527	0.00688	0.00935	0.01124	0.01458	0.02969	0.27291	0.09805	0.01461	0.00684	0.00223	0.00404	0.47696	0.00474	0.00453
21	0.00969	0.00912	0.01539	0.80734	0.03534	0.01140	0.01425	0.01311	0.01026	0.01311	0.00912	0.01368	0.00684	0.00513	0.00513	0.00171	0.00684	0.00456	0.00228	0.00570
22	0.58469	0.01128	0.01029	0.00911	0.04029	0.01280	0.00714	0.23204	0.01326	0.02547	0.00872	0.00964	0.00656	0.00516	0.00381	0.00157	0.00453	0.00337	0.00371	0.00656
23	0.85592	0.00992	0.00754	0.00675	0.00992	0.01151	0.00556	0.01508	0.00873	0.02302	0.00714	0.00834	0.00556	0.00476	0.00318	0.00159	0.00397	0.00278	0.00318	0.00556
24	0.00815	0.00455	0.00658	0.00698	0.00713	0.00447	0.00477	0.00705	0.00785	0.01044	0.01528	0.23570	0.01696	0.01713	0.01560	0.56887	0.00407	0.05246	0.00307	0.00291
25	0.06166	0.01001	0.01640	0.54739	0.23895	0.01162	0.01413	0.01395	0.01056	0.01471	0.00915	0.01309	0.00711	0.00496	0.00500	0.00165	0.00646	0.00446	0.00240	0.00635
26	0.01734	0.01396	0.01492	0.01189	0.01519	0.05609	0.00973	0.52568	0.08782	0.02679	0.01190	0.01255	0.00889	0.00655	0.00688	0.00163	0.12978	0.00459	0.00450	0.03331
27	0.01869	0.00898	0.01083	0.00860	0.01187	0.00873	0.00701	0.19176	0.01581	0.41537	0.01751	0.01673	0.01191	0.00621	0.00474	0.00147	0.00414	0.00494	0.22700	0.00769
28	0.01790	0.01087	0.01266	0.01031	0.01370	0.01132	0.00843	0.37241	0.06184	0.24849	0.01793	0.09004	0.01448	0.00790	0.00546	0.00169	0.00486	0.07640	0.00542	0.00791
29	0.01043	0.00987	0.01672	0.61732	0.21960	0.01159	0.01462	0.01376	0.01061	0.01400	0.00925	0.01344	0.00716	0.00499	0.00512	0.00166	0.00666	0.00456	0.00234	0.00629
30	0.01923	0.02261	0.01470	0.01296	0.01587	0.65602	0.00988	0.15750	0.01629	0.01617	0.00873	0.00981	0.00700	0.00545	0.00472	0.00136	0.00859	0.00354	0.00310	0.00646
31	0.02302	0.00873	0.01191	0.00913	0.01310	0.00754	0.00754	0.02501	0.01469	0.79122	0.02024	0.01746	0.01270	0.00635	0.00516	0.00159	0.00437	0.00516	0.00635	0.00873
32	0.01081	0.00604	0.00744	0.00691	0.00869	0.00541	0.00523	0.01227	0.01194	0.20528	0.12050	0.09750	0.25899	0.14252	0.00923	0.00229	0.00362	0.07504	0.00499	0.00530
33	0.00687	0.00523	0.00632	0.00605	0.00743	0.00468	0.00453	0.00893	0.01360	0.01839	0.54642	0.04192	0.28832	0.01131	0.00606	0.00165	0.00248	0.00978	0.00536	0.00468
34	0.85592	0.00992	0.00754	0.00675	0.00992	0.01151	0.00556	0.01508	0.00873	0.02302	0.00714	0.00834	0.00556	0.00476	0.00318	0.00159	0.00397	0.00278	0.00318	0.00556
35	0.85592	0.00992	0.00754	0.00675	0.00992	0.01151	0.00556	0.01508	0.00873	0.02302	0.00714	0.00834	0.00556	0.00476	0.00318	0.00159	0.00397	0.00278	0.00318	0.00556
36	0.00681	0.00509	0.00633	0.00632	0.00746	0.00460	0.00462	0.00870	0.01302	0.01770	0.48216	0.18940	0.20474	0.01210	0.00615	0.00173	0.00257	0.01063	0.00529	0.00460
37	0.00625	0.00447	0.00595	0.00714	0.00744	0.00417	0.00476	0.00714	0.00982	0.01310	0.02828	0.81633	0.03394	0.01608	0.00655	0.00208	0.00298	0.01459	0.00476	0.00417
38	0.00625	0.00447	0.00595	0.00714	0.00744	0.00417	0.00476	0.00714	0.00982	0.01310	0.02828	0.81633	0.03394	0.01608	0.00655	0.00208	0.00298	0.01459	0.00476	0.00417
39	0.26041	0.01065	0.01148	0.00921	0.01289	0.01118	0.00756	0.20365	0.08322	0.31762	0.01461	0.01374	0.00995	0.00590	0.00459	0.00159	0.00454	0.00440	0.00504	0.00776
40	0.00606	0.00520	0.00520	0.00520	0.00693	0.00433	0.00390	0.00736	0.01170	0.01386	0.05198	0.04938	0.78558	0.01299	0.00606	0.00173	0.00260	0.01083	0.00476	0.00433
41	0.00606	0.00520	0.00520	0.00520	0.00693	0.00433	0.00390	0.00736	0.01170	0.01386	0.05198	0.04938	0.78558	0.01299	0.00606	0.00173	0.00260	0.01083	0.00476	0.00433
42	0.01029	0.02654	0.79309	0.01462	0.02221	0.01192	0.01896	0.01625	0.01083	0.01625	0.00921	0.01083	0.00650	0.00487	0.00487	0.00162	0.00758	0.00379	0.00217	0.00758
43	0.04045	0.00680	0.00780	0.00710	0.00890	0.00672	0.00543	0.07891	0.07294	0.05034	0.35834	0.03516	0.19552	0.07301	0.00736	0.00192	0.00327	0.02954	0.00509	0.00538
44	0.00726	0.00524	0.00686	0.00646	0.00767	0.00484	0.00484	0.00968	0.01452	0.02058	0.78496	0.03833	0.04841	0.01049	0.00605	0.00161	0.00242	0.00928	0.00565	0.00484
45	0.01738	0.01422	0.01967	0.01463	0.01904	0.01507	0.22777	0.55402	0.02068	0.02777	0.01176	0.01276	0.00846	0.00563	0.00540	0.00159	0.00651	0.00503	0.00440	0.00821
46	0.00646	0.00512	0.00586	0.00620	0.00751	0.00451	0.00465	0.00790	0.01158	0.01453	0.11792	0.21755	0.46608	0.01354	0.00628	0.00186	0.00289	0.09032	0.00485	0.00439
47	0.13366	0.00672	0.00802	0.00746	0.00944	0.00660	0.00598	0.01333	0.03486	0.13505	0.37864	0.03402	0.06236	0.00966	0.00565	0.00174	0.00338	0.13267	0.00519	0.00558
48	0.00678	0.00486	0.00594	0.00631	0.00689	0.00456	0.00419	0.00778	0.01034	0.01381	0.18144	0.33459	0.12959	0.24529	0.01200	0.00277	0.00339	0.01098	0.00447	0.00402
49	0.04775	0.01432	0.01379	0.01196	0.01470	0.24102	0.09870	0.06239	0.26115	0.01754	0.01606	0.14876	0.01435	0.00756	0.00528	0.00166	0.00603	0.00639	0.00399	0.00661
50	0.01013	0.00952	0.01581	0.69331	0.11396	0.01154	0.01416	0.01396	0.04130	0.01383	0.00965	0.01380	0.00733	0.00514	0.00513	0.00169	0.00665	0.00461	0.00243	0.00605
51	0.15458	0.01144	0.01683	0.18386	0.41101	0.01236	0.01301	0.10500	0.01238	0.01892	0.00944	0.01212	0.00750	0.00491	0.00478	0.00157	0.00584	0.00427	0.00290	0.00727
52	0.01192	0.00958	0.01046	0.00966	0.01218	0.01070	0.00759	0.02274	0.55784	0.05388	0.02386	0.02685	0.07686	0.04098	0.00636	0.00194	0.00408	0.10018	0.00509	0.00723

[dist]
# distance from previous block
# <min> <max>
0	2

[block]
# block no. 3 follows, 48 sequences, length 19
# corresponding to MSA columns:
# 413-431
name=unknown_D
#
# <colnr> <probs for GDERKNQSTAVLIFYWHMCP>
#	G	D	E	R	K	N	Q	S	T	A	V	L	I	F	Y	W	H	M	C	P
0	0.18836	0.00933	0.00971	0.00882	0.01159	0.01022	0.00705	0.02045	0.36312	0.10781	0.02216	0.02422	0.10260	0.00788	0.00508	0.00176	0.00398	0.08418	0.00482	0.00687
1	0.01043	0.07336	0.01537	0.01077	0.01464	0.00885	0.17361	0.01308	0.01148	0.01636	0.08348	0.02079	0.04796	0.00616	0.00494	0.00130	0.00492	0.09072	0.00338	0.38841
2	0.01276	0.01102	0.01160	0.01044	0.01334	0.01276	0.00812	0.02727	0.77840	0.02146	0.02088	0.01914	0.01566	0.00696	0.00522	0.00174	0.00406	0.00580	0.00522	0.00812
3	0.01064	0.00912	0.01064	0.00760	0.01216	0.00684	0.00608	0.01292	0.01064	0.01672	0.00912	0.01064	0.00760	0.00380	0.00380	0.00076	0.00380	0.00304	0.00304	0.85104
4	0.00969	0.00912	0.01539	0.80734	0.03534	0.01140	0.01425	0.01311	0.01026	0.01311	0.00912	0.01368	0.00684	0.00513	0.00513	0.00171	0.00684	0.00456	0.00228	0.00570
5	0.01213	0.01337	0.02763	0.02255	0.14656	0.01307	0.58974	0.01600	0.01171	0.01617	0.00998	0.01345	0.00776	0.00473	0.00675	0.00174	0.07139	0.00570	0.00256	0.00701
6	0.01203	0.01360	0.02896	0.02089	0.02561	0.01322	0.70038	0.01607	0.01173	0.01607	0.01005	0.01360	0.00769	0.00475	0.00703	0.00178	0.08127	0.00591	0.00256	0.00680
7	0.00744	0.00505	0.00600	0.00600	0.00614	0.00519	0.00361	0.00772	0.00758	0.01025	0.01580	0.03152	0.01776	0.70014	0.14443	0.00548	0.00632	0.00716	0.00305	0.00333
8	0.01152	0.01319	0.06446	0.20674	0.11547	0.01246	0.46782	0.01557	0.01156	0.01568	0.00994	0.01352	0.00754	0.00457	0.00567	0.00170	0.00788	0.00542	0.00249	0.00681
9	0.01168	0.09928	0.11358	0.16324	0.08634	0.01328	0.40682	0.01564	0.01142	0.01538	0.00962	0.01279	0.00737	0.00456	0.00539	0.00163	0.00767	0.00506	0.00244	0.00683
10	0.00978	0.00961	0.01893	0.01486	0.01786	0.00946	0.38202	0.01282	0.01063	0.01455	0.01434	0.04378	0.01334	0.04833	0.25274	0.00397	0.00942	0.10486	0.00300	0.00568
11	0.00924	0.00971	0.09477	0.01438	0.13641	0.00801	0.09673	0.01207	0.01149	0.01562	0.05034	0.16840	0.02271	0.01073	0.00629	0.00200	0.00531	0.31618	0.00391	0.00573
12	0.01135	0.05245	0.53261	0.10496	0.02278	0.01205	0.07594	0.01690	0.04760	0.06052	0.01040	0.01207	0.00744	0.00503	0.00497	0.00163	0.00715	0.00419	0.00260	0.00737
13	0.04847	0.07118	0.05411	0.00835	0.00988	0.00745	0.00703	0.01017	0.00950	0.01337	0.01798	0.13482	0.01905	0.13126	0.26040	0.00437	0.00758	0.17683	0.00346	0.00473
14	0.00970	0.02087	0.56053	0.01331	0.01934	0.01042	0.07490	0.01469	0.01158	0.01683	0.13726	0.01773	0.05815	0.00621	0.00523	0.00164	0.00655	0.00526	0.00291	0.00690
15	0.01192	0.01468	0.14558	0.08717	0.40035	0.01230	0.22069	0.01581	0.01155	0.01631	0.00974	0.01279	0.00767	0.00460	0.00532	0.00161	0.00708	0.00485	0.00248	0.00752
16	0.01294	0.00935	0.01567	0.15742	0.14042	0.00938	0.13060	0.03321	0.01222	0.17713	0.01685	0.11347	0.01516	0.00788	0.00575	0.00180	0.00569	0.12445	0.00396	0.00665
17	0.01009	0.01087	0.11371	0.01170	0.01445	0.03044	0.12955	0.09824	0.01259	0.01679	0.02030	0.27682	0.02147	0.01084	0.00618	0.00196	0.00540	0.19880	0.00406	0.00576
18	0.01376	0.01329	0.11671	0.13657	0.27199	0.01152	0.15145	0.03739	0.03229	0.14666	0.01179	0.01378	0.00865	0.00505	0.00526	0.00162	0.00650	0.00487	0.00324	0.00760

[dist]
# distance from previous block
# <min> <max>
0	109

# created by:
# /home/cegg/simao/soft/augustus-3.2.1/scripts/msa2prfl.pl ./align_prep/27293.fa
