[name]
unknown

[dist]
# distance from previous block
# <min> <max>
0	158

[block]
# block no. 0 follows, 43 sequences, length 40
# corresponding to MSA columns:
# 164-203
name=unknown_A
#
# <colnr> <probs for GDERKNQSTAVLIFYWHMCP>
#	G	D	E	R	K	N	Q	S	T	A	V	L	I	F	Y	W	H	M	C	P
0	0.01875	0.01362	0.01404	0.01143	0.01505	0.08269	0.00930	0.40949	0.05445	0.13193	0.07296	0.02085	0.03701	0.00777	0.00571	0.00172	0.00568	0.05498	0.02430	0.00828
1	0.01431	0.01174	0.01517	0.04603	0.03651	0.01111	0.08063	0.18482	0.07621	0.04032	0.01234	0.01363	0.00950	0.00524	0.00492	0.00130	0.00527	0.00446	0.02817	0.39832
2	0.03563	0.09233	0.09621	0.01174	0.01627	0.09596	0.01048	0.21835	0.06764	0.27715	0.01529	0.01463	0.01058	0.00632	0.00524	0.00163	0.00610	0.00479	0.00502	0.00864
3	0.01483	0.06820	0.01946	0.02188	0.35780	0.09764	0.04070	0.08215	0.08196	0.01916	0.01133	0.01327	0.00917	0.00525	0.00514	0.00149	0.00639	0.00458	0.00332	0.13626
4	0.40508	0.01386	0.01332	0.01477	0.17494	0.11917	0.00962	0.07110	0.09331	0.02238	0.01041	0.01171	0.00817	0.00554	0.00447	0.00167	0.00570	0.00398	0.00359	0.00719
5	0.01034	0.00574	0.00657	0.10204	0.01035	0.00604	0.00529	0.01306	0.01155	0.01985	0.01705	0.01992	0.01336	0.00634	0.00408	0.00136	0.00317	0.00513	0.73348	0.00528
6	0.01194	0.01063	0.01661	0.68338	0.03522	0.01298	0.01470	0.11709	0.01316	0.01704	0.01033	0.01456	0.00767	0.00569	0.00554	0.00182	0.00720	0.00493	0.00289	0.00661
7	0.00784	0.00566	0.00740	0.00697	0.00827	0.00523	0.00523	0.01045	0.01568	0.02221	0.76789	0.04137	0.05226	0.01132	0.00653	0.00174	0.00261	0.01002	0.00610	0.00523
8	0.00791	0.00593	0.00890	0.00890	0.00989	0.00692	0.00692	0.00989	0.00890	0.01286	0.01483	0.02176	0.01385	0.04154	0.78341	0.00890	0.01483	0.00593	0.00297	0.00494
9	0.00784	0.00566	0.00740	0.00697	0.00827	0.00523	0.00523	0.01045	0.01568	0.02221	0.76789	0.04137	0.05226	0.01132	0.00653	0.00174	0.00261	0.01002	0.00610	0.00523
10	0.84448	0.01071	0.00814	0.00728	0.01071	0.01242	0.00600	0.01628	0.00943	0.02485	0.00771	0.00900	0.00600	0.00514	0.00343	0.00171	0.00428	0.00300	0.00343	0.00600
11	0.02069	0.02640	0.01569	0.01427	0.01712	0.78313	0.01070	0.02212	0.01569	0.01355	0.00856	0.00999	0.00713	0.00571	0.00499	0.00143	0.00999	0.00357	0.00285	0.00642
12	0.00674	0.00484	0.00640	0.00765	0.00802	0.00450	0.00511	0.00772	0.01067	0.01416	0.03133	0.77811	0.05975	0.01725	0.00705	0.00224	0.00320	0.01562	0.00514	0.00450
13	0.01751	0.01168	0.01351	0.01009	0.01471	0.01087	0.00824	0.26764	0.01734	0.18059	0.01351	0.01363	0.00976	0.00554	0.00489	0.00129	0.00491	0.00434	0.00479	0.38517
14	0.00962	0.00481	0.00722	0.00722	0.00722	0.00481	0.00481	0.00722	0.00722	0.00962	0.00962	0.01684	0.00962	0.01924	0.02165	0.83886	0.00481	0.00481	0.00241	0.00241
15	0.08844	0.01268	0.02023	0.11706	0.58152	0.01319	0.01550	0.05300	0.01281	0.01908	0.01025	0.01338	0.00840	0.00511	0.00531	0.00167	0.00644	0.00476	0.00291	0.00826
16	0.00993	0.00612	0.00807	0.00732	0.00900	0.00558	0.00558	0.01249	0.01570	0.11474	0.67615	0.03860	0.04752	0.01077	0.00641	0.00174	0.00287	0.00947	0.00619	0.00574
17	0.01235	0.01134	0.01671	0.34753	0.21102	0.01300	0.01360	0.01989	0.25876	0.01810	0.01417	0.01645	0.01087	0.00604	0.00556	0.00181	0.00620	0.00537	0.00358	0.00766
18	0.01121	0.00630	0.00853	0.00799	0.00860	0.00653	0.00561	0.11112	0.00984	0.01315	0.01013	0.01634	0.00959	0.01748	0.01940	0.72212	0.00499	0.00483	0.00284	0.00338
19	0.01341	0.01216	0.02092	0.01530	0.01984	0.01133	0.31079	0.01659	0.01216	0.08541	0.01116	0.01363	0.00867	0.00527	0.00696	0.00152	0.10357	0.00501	0.00330	0.32299
20	0.01173	0.36760	0.14236	0.00992	0.01394	0.01484	0.00998	0.01476	0.03773	0.01566	0.11752	0.02148	0.13717	0.00761	0.00570	0.00156	0.05465	0.00573	0.00343	0.00663
21	0.00675	0.00482	0.00643	0.00771	0.00803	0.00450	0.00514	0.00771	0.01060	0.01414	0.03053	0.80175	0.03663	0.01735	0.00707	0.00225	0.00321	0.01574	0.00514	0.00450
22	0.01357	0.01327	0.02314	0.03208	0.66667	0.01342	0.08353	0.01689	0.01245	0.01783	0.01034	0.01374	0.00867	0.00514	0.00619	0.00170	0.04503	0.00508	0.00273	0.00852
23	0.05713	0.45140	0.10379	0.01067	0.01538	0.07787	0.01039	0.03342	0.07287	0.10413	0.01096	0.01147	0.00865	0.00540	0.00428	0.00142	0.00614	0.00374	0.00330	0.00756
24	0.01212	0.01212	0.01696	0.01454	0.01454	0.01696	0.01212	0.01333	0.00848	0.01333	0.00727	0.01212	0.00727	0.00969	0.01818	0.00242	0.79523	0.00485	0.00242	0.00606
25	0.00884	0.00632	0.00883	0.01011	0.01134	0.00630	0.00878	0.01133	0.01267	0.01648	0.02937	0.09051	0.03205	0.01538	0.00763	0.00254	0.00503	0.70632	0.00510	0.00508
26	0.01428	0.01302	0.02084	0.13711	0.56319	0.01360	0.01587	0.11914	0.01427	0.01989	0.01074	0.01380	0.00867	0.00526	0.00550	0.00168	0.00662	0.00494	0.00309	0.00850
27	0.01328	0.01435	0.02932	0.02686	0.27365	0.01373	0.50868	0.01750	0.01292	0.01786	0.01094	0.01453	0.00853	0.00476	0.00619	0.00179	0.00843	0.00601	0.00278	0.00790
28	0.02121	0.00862	0.01169	0.00924	0.01288	0.00752	0.00752	0.02345	0.01581	0.61361	0.18152	0.02367	0.02196	0.00781	0.00578	0.00172	0.00426	0.00652	0.00669	0.00853
29	0.84448	0.01071	0.00814	0.00728	0.01071	0.01242	0.00600	0.01628	0.00943	0.02485	0.00771	0.00900	0.00600	0.00514	0.00343	0.00171	0.00428	0.00300	0.00343	0.00600
30	0.01346	0.28214	0.37191	0.01372	0.04749	0.07289	0.01478	0.05298	0.01277	0.01686	0.04600	0.01224	0.00943	0.00547	0.00476	0.00153	0.00714	0.00404	0.00274	0.00764
31	0.00784	0.00566	0.00740	0.00697	0.00827	0.00523	0.00523	0.01045	0.01568	0.02221	0.76789	0.04137	0.05226	0.01132	0.00653	0.00174	0.00261	0.01002	0.00610	0.00523
32	0.00758	0.00580	0.00751	0.06006	0.01010	0.00548	0.00570	0.00975	0.01392	0.01890	0.45381	0.16703	0.18891	0.01246	0.00656	0.00186	0.00307	0.01095	0.00550	0.00506
33	0.01029	0.00958	0.01609	0.73894	0.03623	0.01194	0.01481	0.01386	0.01093	0.01406	0.01018	0.01524	0.00782	0.00798	0.05829	0.00232	0.00789	0.00499	0.00250	0.00607
34	0.01808	0.00793	0.01069	0.00871	0.01181	0.00698	0.00698	0.02041	0.01578	0.47543	0.31853	0.02781	0.02904	0.00863	0.00595	0.00172	0.00388	0.00734	0.00655	0.00776
35	0.01437	0.71720	0.11672	0.01022	0.01536	0.02085	0.01077	0.01670	0.01130	0.01356	0.00796	0.00921	0.00710	0.00480	0.00375	0.00125	0.00619	0.00309	0.00237	0.00723
36	0.00702	0.00563	0.00627	0.00611	0.00777	0.00488	0.00458	0.00887	0.01375	0.01763	0.31799	0.04891	0.50501	0.01303	0.00654	0.00182	0.00273	0.01107	0.00549	0.00488
37	0.00760	0.00544	0.00591	0.00591	0.00648	0.00516	0.00361	0.00802	0.00943	0.01201	0.02913	0.04140	0.24632	0.56621	0.02165	0.00431	0.00459	0.00915	0.00390	0.00375
38	0.01111	0.02865	0.77667	0.01579	0.02397	0.01286	0.02046	0.01754	0.01169	0.01754	0.00994	0.01169	0.00702	0.00526	0.00526	0.00175	0.00818	0.00409	0.00234	0.00818
39	0.01523	0.75491	0.02818	0.00970	0.01442	0.02159	0.00955	0.06648	0.01226	0.01451	0.00808	0.00918	0.00726	0.00487	0.00369	0.00122	0.00593	0.00310	0.00258	0.00726

[dist]
# distance from previous block
# <min> <max>
0	1

[block]
# block no. 1 follows, 43 sequences, length 29
# corresponding to MSA columns:
# 205-208,221-245
name=unknown_B
#
# <colnr> <probs for GDERKNQSTAVLIFYWHMCP>
#	G	D	E	R	K	N	Q	S	T	A	V	L	I	F	Y	W	H	M	C	P
0	0.01226	0.18961	0.09339	0.01649	0.02132	0.01397	0.37801	0.01601	0.01287	0.01716	0.11381	0.01938	0.03795	0.00622	0.00579	0.00171	0.00726	0.02653	0.00324	0.00700
1	0.84448	0.01071	0.00814	0.00728	0.01071	0.01242	0.00600	0.01628	0.00943	0.02485	0.00771	0.00900	0.00600	0.00514	0.00343	0.00171	0.00428	0.00300	0.00343	0.00600
2	0.01126	0.01066	0.01806	0.60534	0.21860	0.01252	0.01578	0.01485	0.01145	0.01512	0.00999	0.01450	0.00773	0.00539	0.00552	0.00180	0.00718	0.00493	0.00253	0.00680
3	0.02105	0.01551	0.01662	0.01274	0.01717	0.01717	0.01053	0.75235	0.02604	0.03490	0.01330	0.01330	0.00942	0.00665	0.00554	0.00166	0.00609	0.00499	0.00554	0.00942
4	0.01327	0.01271	0.02169	0.13578	0.67244	0.01304	0.01678	0.01661	0.01240	0.01756	0.01034	0.01385	0.00859	0.00502	0.00549	0.00167	0.00669	0.00493	0.00270	0.00842
5	0.84448	0.01071	0.00814	0.00728	0.01071	0.01242	0.00600	0.01628	0.00943	0.02485	0.00771	0.00900	0.00600	0.00514	0.00343	0.00171	0.00428	0.00300	0.00343	0.00600
6	0.01032	0.00516	0.00516	0.00516	0.00645	0.00516	0.00387	0.01290	0.01161	0.02065	0.01807	0.02065	0.01420	0.00645	0.00387	0.00129	0.00258	0.00516	0.83611	0.00516
7	0.84448	0.01071	0.00814	0.00728	0.01071	0.01242	0.00600	0.01628	0.00943	0.02485	0.00771	0.00900	0.00600	0.00514	0.00343	0.00171	0.00428	0.00300	0.00343	0.00600
8	0.00678	0.00554	0.00599	0.00605	0.00767	0.00475	0.00447	0.00834	0.01292	0.01607	0.17050	0.12815	0.57569	0.01392	0.00660	0.00189	0.00282	0.01183	0.00530	0.00475
9	0.00784	0.00566	0.00740	0.00697	0.00827	0.00523	0.00523	0.01045	0.01568	0.02221	0.76789	0.04137	0.05226	0.01132	0.00653	0.00174	0.00261	0.01002	0.00610	0.00523
10	0.01095	0.02639	0.68926	0.01544	0.02301	0.01234	0.04932	0.01702	0.01204	0.01789	0.06601	0.01402	0.01042	0.00569	0.00541	0.00176	0.00782	0.00463	0.00264	0.00794
11	0.00795	0.00578	0.00813	0.00813	0.00885	0.00650	0.00596	0.00940	0.00867	0.01229	0.01554	0.02566	0.01554	0.24709	0.58017	0.00795	0.01229	0.00650	0.00307	0.00452
12	0.02028	0.01197	0.04545	0.01252	0.07083	0.01126	0.00974	0.20963	0.08108	0.37906	0.07443	0.01861	0.01514	0.00699	0.00562	0.00171	0.00516	0.00571	0.00587	0.00895
13	0.01633	0.23096	0.01752	0.01109	0.01450	0.19486	0.00907	0.07102	0.23353	0.05982	0.01419	0.01560	0.01154	0.06896	0.00668	0.00184	0.00632	0.00475	0.00398	0.00742
14	0.01127	0.01443	0.26811	0.01053	0.01493	0.00873	0.01096	0.01493	0.01172	0.07990	0.07708	0.01821	0.01399	0.02940	0.15354	0.00297	0.00730	0.00513	0.09860	0.14826
15	0.01103	0.05457	0.71615	0.01511	0.02289	0.01281	0.01935	0.01707	0.01172	0.01727	0.01194	0.01347	0.04127	0.00564	0.00526	0.00174	0.00786	0.00439	0.00247	0.00799
16	0.07114	0.08799	0.39277	0.01324	0.01929	0.01417	0.01467	0.13417	0.12281	0.05922	0.01255	0.01318	0.00910	0.00583	0.00510	0.00170	0.00667	0.00445	0.00362	0.00828
17	0.02485	0.00943	0.01285	0.00985	0.01414	0.00814	0.00814	0.02699	0.01585	0.77465	0.02185	0.01885	0.01371	0.00685	0.00557	0.00171	0.00471	0.00557	0.00685	0.00943
18	0.01350	0.01441	0.05894	0.02010	0.02517	0.01314	0.55394	0.08188	0.01421	0.04251	0.03584	0.04829	0.01187	0.00602	0.00643	0.00188	0.00827	0.03273	0.00342	0.00746
19	0.01129	0.01655	0.26463	0.39348	0.14686	0.01267	0.01705	0.01624	0.03832	0.01619	0.01042	0.01381	0.00782	0.00542	0.00544	0.00179	0.00741	0.00470	0.00258	0.00732
20	0.02485	0.00943	0.01285	0.00985	0.01414	0.00814	0.00814	0.02699	0.01585	0.77465	0.02185	0.01885	0.01371	0.00685	0.00557	0.00171	0.00471	0.00557	0.00685	0.00943
21	0.00682	0.00570	0.00599	0.00614	0.00794	0.00487	0.00475	0.00835	0.01264	0.01515	0.05304	0.05435	0.68419	0.01417	0.00667	0.00195	0.00307	0.09436	0.00514	0.00472
22	0.01839	0.05316	0.01866	0.04956	0.21807	0.26559	0.04294	0.14109	0.01611	0.10696	0.01150	0.01290	0.00877	0.00570	0.00530	0.00158	0.00751	0.00455	0.00369	0.00795
23	0.01336	0.02304	0.49719	0.04490	0.02181	0.01364	0.01669	0.18044	0.07381	0.02161	0.01296	0.01404	0.02968	0.00600	0.00540	0.00175	0.00724	0.00471	0.00339	0.00833
24	0.00675	0.00482	0.00643	0.00771	0.00803	0.00450	0.00514	0.00771	0.01060	0.01414	0.03053	0.80175	0.03663	0.01735	0.00707	0.00225	0.00321	0.01574	0.00514	0.00450
25	0.01932	0.02305	0.01510	0.01361	0.01658	0.59772	0.01031	0.05393	0.16486	0.01636	0.01155	0.01226	0.00918	0.00611	0.00514	0.00153	0.00871	0.00416	0.00352	0.00701
26	0.01560	0.70366	0.02723	0.01012	0.01460	0.12412	0.00964	0.01733	0.01185	0.01310	0.00782	0.00903	0.00711	0.00487	0.00375	0.00122	0.00647	0.00304	0.00243	0.00702
27	0.01732	0.01366	0.01452	0.01199	0.01575	0.01543	0.00962	0.38169	0.40278	0.02889	0.01804	0.01707	0.01326	0.00709	0.00559	0.00177	0.00522	0.00564	0.00559	0.00908
28	0.01156	0.01225	0.11029	0.01847	0.26019	0.01052	0.01253	0.03844	0.11351	0.01892	0.07607	0.07355	0.02038	0.00917	0.00619	0.00196	0.00560	0.18893	0.00415	0.00728

[dist]
# distance from previous block
# <min> <max>
1	7

[block]
# block no. 2 follows, 43 sequences, length 16
# corresponding to MSA columns:
# 291-306
name=unknown_C
#
# <colnr> <probs for GDERKNQSTAVLIFYWHMCP>
#	G	D	E	R	K	N	Q	S	T	A	V	L	I	F	Y	W	H	M	C	P
0	0.00923	0.01284	0.24207	0.01016	0.01306	0.00809	0.00991	0.03973	0.01084	0.01509	0.01870	0.20751	0.01995	0.23689	0.06780	0.00345	0.00641	0.05907	0.00364	0.00556
1	0.01445	0.73373	0.10088	0.01008	0.01515	0.02104	0.01053	0.01668	0.01130	0.01346	0.00791	0.00915	0.00710	0.00479	0.00372	0.00124	0.00614	0.00307	0.00237	0.00721
2	0.01046	0.00984	0.01661	0.79205	0.03814	0.01230	0.01538	0.01415	0.01107	0.01415	0.00984	0.01477	0.00738	0.00554	0.00554	0.00185	0.00738	0.00492	0.00246	0.00615
3	0.00940	0.00822	0.01284	0.03992	0.07170	0.00743	0.10981	0.01151	0.01132	0.01586	0.02071	0.41864	0.02286	0.01111	0.00612	0.00180	0.00468	0.01033	0.00410	0.20165
4	0.00673	0.00567	0.00586	0.00596	0.00779	0.00481	0.00457	0.00822	0.01263	0.01509	0.05405	0.05400	0.71207	0.01412	0.00663	0.00192	0.00298	0.06705	0.00514	0.00471
5	0.00805	0.00537	0.00604	0.00604	0.00604	0.00537	0.00336	0.00805	0.00805	0.01074	0.01745	0.03624	0.02013	0.80536	0.02819	0.00537	0.00537	0.00805	0.00336	0.00336
6	0.00775	0.00566	0.00728	0.00687	0.00822	0.00519	0.00515	0.01027	0.01546	0.02169	0.71714	0.04222	0.10333	0.01152	0.00653	0.00175	0.00263	0.01014	0.00603	0.00519
7	0.01046	0.00984	0.01661	0.79205	0.03814	0.01230	0.01538	0.01415	0.01107	0.01415	0.00984	0.01477	0.00738	0.00554	0.00554	0.00185	0.00738	0.00492	0.00246	0.00615
8	0.01111	0.02865	0.77667	0.01579	0.02397	0.01286	0.02046	0.01754	0.01169	0.01754	0.00994	0.01169	0.00702	0.00526	0.00526	0.00175	0.00818	0.00409	0.00234	0.00818
9	0.01481	0.80869	0.02902	0.00948	0.01421	0.02191	0.00948	0.01658	0.01125	0.01303	0.00770	0.00888	0.00711	0.00474	0.00355	0.00118	0.00592	0.00296	0.00237	0.00711
10	0.01046	0.00984	0.01661	0.79205	0.03814	0.01230	0.01538	0.01415	0.01107	0.01415	0.00984	0.01477	0.00738	0.00554	0.00554	0.00185	0.00738	0.00492	0.00246	0.00615
11	0.01111	0.02865	0.77667	0.01579	0.02397	0.01286	0.02046	0.01754	0.01169	0.01754	0.00994	0.01169	0.00702	0.00526	0.00526	0.00175	0.00818	0.00409	0.00234	0.00818
12	0.18649	0.15650	0.37945	0.01305	0.01899	0.09844	0.04119	0.01762	0.01163	0.01787	0.00899	0.01059	0.00688	0.00517	0.00461	0.00162	0.00723	0.00370	0.00264	0.00733
13	0.16421	0.01744	0.10887	0.07139	0.01696	0.27365	0.01046	0.01794	0.01248	0.06797	0.01054	0.01273	0.00838	0.01045	0.11236	0.00256	0.00843	0.00408	0.00318	0.06592
14	0.12558	0.01383	0.01658	0.07292	0.01842	0.07417	0.10855	0.25867	0.06538	0.05038	0.01356	0.01502	0.03513	0.00770	0.03083	0.00201	0.07437	0.00517	0.00414	0.00759
15	0.34899	0.01443	0.01273	0.03396	0.07721	0.15459	0.00892	0.11380	0.07898	0.02248	0.01036	0.01153	0.00807	0.00555	0.00447	0.00159	0.00584	0.00389	0.00369	0.07892

[dist]
# distance from previous block
# <min> <max>
9	159

[block]
# block no. 3 follows, 43 sequences, length 36
# corresponding to MSA columns:
# 472-507
name=unknown_D
#
# <colnr> <probs for GDERKNQSTAVLIFYWHMCP>
#	G	D	E	R	K	N	Q	S	T	A	V	L	I	F	Y	W	H	M	C	P
0	0.24094	0.04363	0.01084	0.00915	0.04710	0.04572	0.00657	0.03866	0.01088	0.03621	0.01147	0.01726	0.01073	0.20838	0.01021	0.00235	0.00502	0.00461	0.00342	0.23685
1	0.18692	0.00877	0.01100	0.23416	0.01851	0.00946	0.00877	0.03959	0.01130	0.03599	0.01638	0.19683	0.04082	0.00968	0.03389	0.00202	0.00532	0.00708	0.00373	0.11978
2	0.12980	0.01239	0.01551	0.16562	0.16206	0.04987	0.01179	0.12082	0.09653	0.06015	0.01286	0.01633	0.01030	0.00663	0.00634	0.00182	0.06935	0.04052	0.00381	0.00750
3	0.28868	0.10903	0.14645	0.01139	0.01602	0.01440	0.05833	0.19329	0.01433	0.02332	0.01130	0.01266	0.02813	0.00742	0.04166	0.00200	0.00637	0.00426	0.00361	0.00734
4	0.15724	0.14027	0.26303	0.03917	0.01825	0.04732	0.01280	0.19564	0.01495	0.02207	0.02288	0.01235	0.01999	0.00576	0.00479	0.00163	0.00654	0.00417	0.00344	0.00770
5	0.09578	0.01283	0.01443	0.11461	0.14783	0.13140	0.01086	0.01751	0.07469	0.05991	0.01357	0.05026	0.01187	0.00712	0.00633	0.00175	0.07021	0.05902	0.02363	0.07640
6	0.11762	0.05049	0.01608	0.27610	0.13178	0.08884	0.01204	0.09314	0.03842	0.07222	0.01193	0.04655	0.00958	0.00615	0.00519	0.00172	0.00647	0.00501	0.00350	0.00717
7	0.58592	0.01498	0.01057	0.00938	0.01273	0.20864	0.00746	0.06169	0.01201	0.02258	0.00826	0.00951	0.00649	0.00537	0.00395	0.00164	0.00584	0.00326	0.00341	0.00631
8	0.01121	0.00883	0.01198	0.25345	0.10031	0.03735	0.00973	0.01472	0.04772	0.04439	0.14339	0.02242	0.04759	0.00717	0.00530	0.00165	0.00495	0.00615	0.21546	0.00621
9	0.01371	0.01211	0.01993	0.01531	0.01928	0.01235	0.31835	0.05559	0.25707	0.05261	0.01659	0.01784	0.01241	0.00608	0.00571	0.00176	0.00625	0.00610	0.14328	0.00768
10	0.00734	0.00539	0.00688	0.00704	0.00810	0.00493	0.00508	0.00928	0.01370	0.01879	0.44946	0.28470	0.13164	0.01356	0.00670	0.00192	0.00283	0.01204	0.00568	0.00493
11	0.00747	0.00556	0.00648	0.00654	0.00750	0.00529	0.00454	0.00859	0.01083	0.01403	0.11229	0.07775	0.28076	0.29741	0.10092	0.00392	0.00514	0.03632	0.00437	0.00430
12	0.00778	0.00566	0.00732	0.00691	0.00824	0.00520	0.00518	0.01034	0.01554	0.02188	0.73511	0.04192	0.08525	0.01145	0.00653	0.00175	0.00262	0.01009	0.00605	0.00520
13	0.01393	0.01190	0.01248	0.01110	0.01389	0.06179	0.00871	0.14326	0.40079	0.02187	0.01816	0.01904	0.01427	0.01590	0.20331	0.00360	0.00768	0.00580	0.00476	0.00775
14	0.02069	0.02640	0.01569	0.01427	0.01712	0.78313	0.01070	0.02212	0.01569	0.01355	0.00856	0.00999	0.00713	0.00571	0.00499	0.00143	0.00999	0.00357	0.00285	0.00642
15	0.00674	0.00486	0.00639	0.00761	0.00801	0.00451	0.00510	0.00772	0.01070	0.01418	0.03172	0.76679	0.07081	0.01720	0.00704	0.00223	0.00319	0.01556	0.00514	0.00451
16	0.01453	0.01143	0.01868	0.01347	0.01850	0.00970	0.25056	0.01766	0.01283	0.16122	0.01256	0.01401	0.00931	0.00481	0.00518	0.00133	0.00593	0.00478	0.00380	0.40970
17	0.01009	0.00609	0.00830	0.00747	0.00872	0.00546	0.00526	0.00893	0.00830	0.01176	0.00968	0.01547	0.00926	0.01539	0.01719	0.62581	0.00463	0.00442	0.00263	0.21514
18	0.01316	0.01289	0.02316	0.22843	0.34216	0.01341	0.20268	0.06346	0.01318	0.01805	0.01065	0.01427	0.00836	0.00513	0.00577	0.00176	0.00746	0.00534	0.00286	0.00780
19	0.01441	0.01193	0.01273	0.01113	0.01431	0.01358	0.00874	0.14102	0.58194	0.02492	0.08491	0.02128	0.01876	0.00770	0.00570	0.00183	0.00450	0.00638	0.00566	0.00857
20	0.01608	0.01300	0.01383	0.01161	0.01526	0.01460	0.00924	0.26828	0.48164	0.02681	0.01887	0.01778	0.01401	0.00706	0.00553	0.00176	0.00494	0.00570	0.00549	0.04850
21	0.01006	0.00631	0.01073	0.07271	0.01208	0.00641	0.08632	0.00892	0.00816	0.01087	0.00981	0.01646	0.00931	0.01655	0.01870	0.68037	0.00551	0.00501	0.00245	0.00326
22	0.01321	0.07966	0.10561	0.02409	0.33230	0.01448	0.17992	0.01759	0.05990	0.01735	0.01076	0.01365	0.00872	0.00557	0.00692	0.00177	0.09257	0.00512	0.00283	0.00799
23	0.01369	0.37902	0.34484	0.01255	0.01861	0.04389	0.01421	0.05273	0.04380	0.01643	0.00957	0.01082	0.00759	0.00520	0.00451	0.00149	0.00697	0.00370	0.00266	0.00772
24	0.00675	0.00482	0.00643	0.00771	0.00803	0.00450	0.00514	0.00771	0.01060	0.01414	0.03053	0.80175	0.03663	0.01735	0.00707	0.00225	0.00321	0.01574	0.00514	0.00450
25	0.01582	0.01245	0.02066	0.02942	0.62753	0.01221	0.01532	0.01889	0.01322	0.16135	0.01258	0.01468	0.00971	0.00530	0.00550	0.00166	0.00623	0.00505	0.00352	0.00890
26	0.01460	0.65805	0.02778	0.01412	0.15748	0.02026	0.01090	0.01666	0.01151	0.01399	0.00821	0.00980	0.00742	0.00478	0.00392	0.00127	0.00605	0.00334	0.00244	0.00742
27	0.00879	0.00539	0.00720	0.00788	0.00871	0.00495	0.00547	0.01002	0.01158	0.09703	0.08948	0.65533	0.03542	0.01573	0.00686	0.00215	0.00333	0.01418	0.00540	0.00509
28	0.00805	0.00537	0.00604	0.00604	0.00604	0.00537	0.00336	0.00805	0.00805	0.01074	0.01745	0.03624	0.02013	0.80536	0.02819	0.00537	0.00537	0.00805	0.00336	0.00336
29	0.06735	0.01378	0.01885	0.22270	0.39173	0.09647	0.01467	0.07651	0.01344	0.01839	0.01013	0.01324	0.00811	0.00532	0.00532	0.00168	0.00697	0.00466	0.00295	0.00772
30	0.06729	0.02027	0.28621	0.01889	0.21038	0.11901	0.01519	0.06102	0.11335	0.01933	0.01160	0.01309	0.00887	0.00561	0.00523	0.00169	0.00715	0.00451	0.00320	0.00810
31	0.01073	0.00837	0.00892	0.00821	0.00939	0.05782	0.00647	0.01266	0.01127	0.01726	0.02192	0.02398	0.15483	0.00866	0.00809	0.00170	0.20461	0.00622	0.41353	0.00538
32	0.69346	0.06159	0.01004	0.00773	0.01134	0.01252	0.00648	0.01758	0.01031	0.11372	0.00940	0.01017	0.00699	0.00532	0.00369	0.00168	0.00444	0.00330	0.00377	0.00648
33	0.01176	0.11914	0.12356	0.20889	0.02066	0.01134	0.01126	0.03914	0.01205	0.04495	0.01435	0.08048	0.03921	0.00682	0.00514	0.00155	0.00577	0.03593	0.00332	0.20467
34	0.00758	0.00550	0.00715	0.00705	0.00820	0.00507	0.00517	0.00983	0.01460	0.02039	0.60016	0.18582	0.07758	0.01257	0.00663	0.00184	0.00273	0.01117	0.00588	0.00507
35	0.01023	0.07727	0.14217	0.00939	0.01237	0.10075	0.00868	0.01300	0.01384	0.01798	0.32695	0.07732	0.14904	0.00987	0.00592	0.00171	0.00479	0.00826	0.00455	0.00590

[dist]
# distance from previous block
# <min> <max>
0	26

[block]
# block no. 4 follows, 43 sequences, length 49
# corresponding to MSA columns:
# 534-544,595-632
name=unknown_E
#
# <colnr> <probs for GDERKNQSTAVLIFYWHMCP>
#	G	D	E	R	K	N	Q	S	T	A	V	L	I	F	Y	W	H	M	C	P
0	0.01205	0.01069	0.01661	0.67505	0.03500	0.01304	0.01465	0.12498	0.01332	0.01727	0.01036	0.01455	0.00769	0.00570	0.00554	0.00182	0.00719	0.00493	0.00292	0.00664
1	0.01981	0.00865	0.01114	0.00892	0.01231	0.00790	0.00723	0.07473	0.01592	0.49373	0.13400	0.02214	0.01933	0.00746	0.00546	0.00165	0.00417	0.00614	0.13114	0.00815
2	0.01425	0.69158	0.14127	0.01042	0.01568	0.02056	0.01113	0.01673	0.01132	0.01371	0.00804	0.00931	0.00709	0.00482	0.00381	0.00127	0.00626	0.00313	0.00236	0.00727
3	0.00729	0.00541	0.00680	0.00695	0.00806	0.00491	0.00502	0.00920	0.01365	0.01855	0.42522	0.26676	0.17463	0.01357	0.00669	0.00191	0.00282	0.01199	0.00565	0.00491
4	0.01054	0.00782	0.01175	0.04339	0.20601	0.00772	0.00914	0.01240	0.01149	0.06996	0.02181	0.27567	0.02348	0.13093	0.00976	0.00256	0.00498	0.13037	0.00428	0.00594
5	0.01496	0.01658	0.06810	0.01217	0.01530	0.23870	0.00996	0.04648	0.35179	0.01876	0.01608	0.01681	0.01263	0.01190	0.12219	0.00278	0.00793	0.00522	0.00418	0.00748
6	0.01029	0.08375	0.22547	0.10559	0.01766	0.01123	0.01216	0.01334	0.01059	0.01465	0.01459	0.06263	0.01443	0.13015	0.05960	0.00292	0.09485	0.10695	0.00308	0.00607
7	0.01191	0.18861	0.41918	0.06906	0.02088	0.01370	0.01515	0.01641	0.01152	0.01644	0.00944	0.01128	0.00729	0.00495	0.00470	0.00146	0.00688	0.00376	0.00253	0.16485
8	0.05751	0.49032	0.02296	0.01067	0.01478	0.17599	0.00952	0.04935	0.09362	0.01572	0.00971	0.01057	0.00821	0.00533	0.00415	0.00136	0.00651	0.00353	0.00300	0.00719
9	0.60247	0.01163	0.01024	0.00862	0.01231	0.01312	0.00709	0.16327	0.03613	0.06129	0.00997	0.01071	0.00741	0.00557	0.00403	0.00169	0.00466	0.00362	0.00407	0.02210
10	0.01396	0.01191	0.01732	0.47184	0.12031	0.01384	0.01415	0.23125	0.01565	0.02072	0.01093	0.01421	0.00815	0.00579	0.00553	0.00177	0.00691	0.00494	0.00340	0.00743
11	0.01890	0.01482	0.01834	0.01898	0.23847	0.01600	0.01243	0.53642	0.02210	0.02997	0.01245	0.01342	0.00923	0.00615	0.00552	0.00166	0.00624	0.00497	0.00472	0.00923
12	0.01186	0.01660	0.24197	0.28262	0.30604	0.01279	0.01747	0.01620	0.01183	0.01661	0.01008	0.01347	0.00779	0.00523	0.00544	0.00174	0.00732	0.00468	0.00253	0.00772
13	0.59857	0.00913	0.00765	0.00715	0.00989	0.01018	0.00567	0.01403	0.01041	0.02249	0.08191	0.10524	0.08422	0.00789	0.00440	0.00179	0.00388	0.00586	0.00402	0.00564
14	0.00890	0.00705	0.00806	0.00763	0.00939	0.00706	0.00575	0.01396	0.18215	0.01961	0.34498	0.03997	0.22062	0.06859	0.00793	0.00209	0.00334	0.03166	0.00553	0.00575
15	0.59691	0.01032	0.00956	0.00806	0.01175	0.01113	0.00664	0.01952	0.01137	0.25133	0.01198	0.01197	0.00833	0.00566	0.00407	0.00171	0.00441	0.00378	0.00446	0.00703
16	0.01280	0.01107	0.01422	0.04088	0.21343	0.01210	0.01043	0.02259	0.41314	0.02116	0.07994	0.02085	0.02920	0.00711	0.00555	0.00176	0.00476	0.00618	0.06476	0.00807
17	0.00772	0.00566	0.00724	0.00684	0.00820	0.00518	0.00513	0.01022	0.01540	0.02154	0.70260	0.04246	0.11796	0.01157	0.00653	0.00175	0.00263	0.01017	0.00601	0.00518
18	0.00709	0.00551	0.00663	0.00676	0.00808	0.00506	0.00498	0.00879	0.01259	0.01645	0.23242	0.18781	0.35197	0.01726	0.10029	0.00276	0.00428	0.01132	0.00513	0.00482
19	0.00835	0.00576	0.00722	0.00765	0.00824	0.00572	0.00557	0.00953	0.01049	0.01395	0.09244	0.04632	0.02745	0.44158	0.01864	0.00400	0.00501	0.27364	0.00425	0.00417
20	0.04245	0.01665	0.24004	0.01602	0.11714	0.01179	0.07449	0.06584	0.07568	0.23158	0.01462	0.01498	0.01021	0.00584	0.00543	0.00171	0.00638	0.00499	0.00423	0.03995
21	0.01771	0.18018	0.01751	0.01177	0.01543	0.22005	0.00965	0.23069	0.15661	0.02175	0.01288	0.01330	0.01000	0.00616	0.00491	0.00152	0.00657	0.00444	0.05106	0.00779
22	0.01216	0.08115	0.40408	0.06875	0.02033	0.01155	0.01456	0.01658	0.01181	0.07151	0.01180	0.05831	0.00951	0.00582	0.00503	0.00155	0.00656	0.00468	0.00304	0.18121
23	0.01157	0.01714	0.30308	0.01220	0.01643	0.08097	0.01262	0.05778	0.01190	0.03995	0.01351	0.01701	0.02851	0.02062	0.32647	0.00467	0.01073	0.00509	0.00304	0.00671
24	0.13180	0.26596	0.09283	0.01114	0.01493	0.01664	0.01038	0.17924	0.01387	0.02013	0.01075	0.06788	0.00961	0.00693	0.00659	0.00168	0.12426	0.00473	0.00343	0.00722
25	0.02485	0.00943	0.01285	0.00985	0.01414	0.00814	0.00814	0.02699	0.01585	0.77465	0.02185	0.01885	0.01371	0.00685	0.00557	0.00171	0.00471	0.00557	0.00685	0.00943
26	0.01450	0.03585	0.02384	0.11620	0.28666	0.16195	0.24578	0.01787	0.01313	0.01651	0.01017	0.01338	0.00813	0.00507	0.00568	0.00168	0.00818	0.00512	0.00274	0.00756
27	0.01593	0.01585	0.01643	0.12782	0.13274	0.27324	0.06463	0.05459	0.01421	0.08745	0.01480	0.10792	0.03569	0.00729	0.00563	0.00170	0.00733	0.00614	0.00363	0.00696
28	0.02234	0.00926	0.01294	0.01139	0.06819	0.00816	0.00850	0.02445	0.01512	0.64844	0.02184	0.09218	0.01551	0.00770	0.00570	0.00176	0.00471	0.00648	0.00640	0.00891
29	0.00692	0.00565	0.00614	0.00607	0.00779	0.00486	0.00459	0.00865	0.01335	0.01672	0.22351	0.05076	0.57666	0.01343	0.00658	0.00186	0.00283	0.03345	0.00537	0.00482
30	0.01521	0.36652	0.20600	0.01232	0.01763	0.07115	0.03095	0.13550	0.06352	0.01844	0.01026	0.01127	0.00813	0.00542	0.00460	0.00148	0.00676	0.00391	0.00313	0.00781
31	0.01551	0.01115	0.06867	0.01511	0.15627	0.00997	0.01093	0.02077	0.15284	0.24070	0.02094	0.04560	0.01772	0.00874	0.00607	0.00195	0.00531	0.17872	0.00507	0.00795
32	0.00735	0.00522	0.00690	0.00756	0.00796	0.00528	0.00510	0.00830	0.00956	0.01298	0.02359	0.42787	0.02719	0.22237	0.19171	0.00458	0.00644	0.01153	0.00419	0.00431
33	0.02036	0.07053	0.01645	0.01400	0.01696	0.74018	0.01063	0.02180	0.01544	0.01352	0.00851	0.00993	0.00713	0.00565	0.00491	0.00141	0.00976	0.00353	0.00283	0.00646
34	0.05963	0.38022	0.10754	0.00943	0.01297	0.07031	0.00886	0.01457	0.01058	0.01359	0.01089	0.01733	0.01086	0.23998	0.01108	0.00253	0.00623	0.00463	0.00275	0.00602
35	0.00952	0.00696	0.01013	0.12733	0.06817	0.00791	0.00815	0.01201	0.01028	0.01573	0.01453	0.01957	0.01245	0.02242	0.36316	0.00493	0.02829	0.00546	0.24750	0.00549
36	0.01275	0.01717	0.18122	0.01177	0.01505	0.23578	0.01088	0.03880	0.01404	0.01712	0.14465	0.11913	0.03812	0.00952	0.00599	0.00183	0.00655	0.10935	0.00402	0.00625
37	0.00744	0.00515	0.00642	0.00694	0.00738	0.00490	0.00454	0.00808	0.01021	0.01358	0.09340	0.36680	0.09792	0.25162	0.02776	0.06361	0.00408	0.01161	0.00446	0.00410
38	0.04106	0.72602	0.02862	0.01041	0.01517	0.02104	0.06288	0.01666	0.01133	0.01375	0.00795	0.00932	0.00717	0.00475	0.00376	0.00125	0.00612	0.00322	0.00243	0.00710
39	0.84448	0.01071	0.00814	0.00728	0.01071	0.01242	0.00600	0.01628	0.00943	0.02485	0.00771	0.00900	0.00600	0.00514	0.00343	0.00171	0.00428	0.00300	0.00343	0.00600
40	0.00971	0.00870	0.01435	0.56209	0.02985	0.01072	0.01290	0.01290	0.01044	0.01377	0.01131	0.01682	0.00928	0.01611	0.23395	0.00392	0.00957	0.00522	0.00261	0.00580
41	0.01050	0.01376	0.17089	0.12988	0.11214	0.03904	0.03063	0.01371	0.01200	0.01606	0.02338	0.02463	0.23110	0.00791	0.00620	0.00170	0.04267	0.00653	0.00338	0.10389
42	0.00662	0.00532	0.00591	0.00638	0.00768	0.00461	0.00455	0.00786	0.01188	0.01466	0.04675	0.32710	0.50080	0.01524	0.00674	0.00201	0.00295	0.01317	0.00514	0.00461
43	0.14587	0.01129	0.01364	0.01647	0.23448	0.05169	0.00995	0.13235	0.03682	0.02094	0.01613	0.20829	0.01580	0.00852	0.00544	0.00178	0.00519	0.00729	0.05101	0.00705
44	0.00778	0.00566	0.00732	0.00690	0.00824	0.00520	0.00518	0.01033	0.01553	0.02187	0.73461	0.04193	0.08575	0.01145	0.00653	0.00175	0.00262	0.01009	0.00605	0.00520
45	0.01391	0.01514	0.01696	0.38078	0.17175	0.23845	0.01380	0.01675	0.01280	0.01477	0.01174	0.01496	0.04317	0.00587	0.00541	0.00169	0.00778	0.00484	0.00276	0.00667
46	0.00800	0.00588	0.00716	0.00728	0.00817	0.00590	0.00507	0.04315	0.01064	0.01403	0.02790	0.21983	0.17839	0.24818	0.18076	0.00448	0.00640	0.01006	0.00418	0.00453
47	0.01373	0.48235	0.30568	0.01197	0.01797	0.01834	0.01360	0.05134	0.01211	0.01572	0.00879	0.01013	0.00718	0.00502	0.00428	0.00142	0.00677	0.00348	0.00251	0.00762
48	0.01498	0.01827	0.06327	0.16351	0.02430	0.28736	0.22387	0.03135	0.01355	0.01554	0.01189	0.01459	0.04319	0.00595	0.00625	0.00172	0.04565	0.00517	0.00287	0.00673

[dist]
# distance from previous block
# <min> <max>
0	117

# created by:
# /home/cegg/simao/soft/augustus-3.2.1/scripts/msa2prfl.pl ./align_prep/27360.fa
