[name]
unknown

[dist]
# distance from previous block
# <min> <max>
0	168

[block]
# block no. 0 follows, 41 sequences, length 14
# corresponding to MSA columns:
# 168-181
name=unknown_A
#
# <colnr> <probs for GDERKNQSTAVLIFYWHMCP>
#	G	D	E	R	K	N	Q	S	T	A	V	L	I	F	Y	W	H	M	C	P
0	0.01235	0.01035	0.01294	0.01306	0.08543	0.07089	0.04911	0.01550	0.06300	0.06875	0.08840	0.03459	0.07526	0.10029	0.00979	0.00240	0.05281	0.17580	0.00449	0.05480
1	0.01525	0.01287	0.07758	0.01426	0.06500	0.03476	0.04292	0.06092	0.07274	0.16940	0.01593	0.09346	0.01353	0.01170	0.07740	0.00267	0.20130	0.00648	0.00426	0.00757
2	0.23227	0.16335	0.05160	0.05681	0.03646	0.24572	0.00983	0.01797	0.01309	0.01834	0.09457	0.01402	0.01244	0.00616	0.00470	0.00159	0.00677	0.00432	0.00334	0.00664
3	0.00812	0.00566	0.00719	0.00734	0.00769	0.00593	0.00481	0.00886	0.00889	0.01216	0.01874	0.11950	0.02075	0.47785	0.25571	0.00630	0.00829	0.00855	0.00355	0.00410
4	0.01385	0.01398	0.18242	0.03294	0.01654	0.01032	0.05395	0.13371	0.01612	0.11424	0.19337	0.02587	0.04178	0.00829	0.00598	0.00181	0.00554	0.05017	0.07167	0.00745
5	0.00960	0.01205	0.16374	0.21399	0.07878	0.00930	0.01194	0.01254	0.01119	0.01521	0.01913	0.25354	0.04144	0.11136	0.00917	0.00246	0.00602	0.00891	0.00358	0.00606
6	0.00759	0.00575	0.00699	0.00684	0.00827	0.00516	0.00507	0.00975	0.01476	0.01990	0.48025	0.11419	0.26842	0.01311	0.00680	0.00189	0.00281	0.01140	0.00591	0.00516
7	0.01650	0.02018	0.07907	0.04022	0.06310	0.34810	0.12705	0.04716	0.07517	0.01795	0.09682	0.01637	0.01391	0.00649	0.00573	0.00168	0.00828	0.00538	0.00359	0.00725
8	0.10936	0.03493	0.01549	0.03808	0.05911	0.05188	0.01070	0.19529	0.05278	0.02156	0.01248	0.04915	0.01101	0.01049	0.05992	0.00248	0.22789	0.02623	0.00387	0.00729
9	0.00787	0.00562	0.00624	0.00627	0.00738	0.00516	0.00432	0.00924	0.01199	0.01611	0.15787	0.10413	0.29651	0.22795	0.01260	0.00286	0.00360	0.01032	0.09936	0.00459
10	0.10928	0.05231	0.06087	0.01744	0.20007	0.04478	0.03174	0.13401	0.15036	0.02253	0.03434	0.02942	0.01206	0.00783	0.03638	0.00202	0.00639	0.00529	0.00405	0.03882
11	0.10260	0.00633	0.00707	0.00752	0.00884	0.00620	0.00539	0.01048	0.05014	0.01740	0.10889	0.41493	0.20459	0.01451	0.00661	0.00209	0.00335	0.01266	0.00523	0.00517
12	0.01499	0.02137	0.27582	0.02298	0.28839	0.12524	0.05962	0.08884	0.01454	0.01947	0.01065	0.01292	0.00824	0.00548	0.00558	0.00172	0.00799	0.00470	0.00299	0.00849
13	0.03708	0.07763	0.03450	0.01491	0.01757	0.08821	0.16037	0.01737	0.06464	0.06006	0.01333	0.10308	0.01225	0.00849	0.01008	0.00204	0.26153	0.00644	0.00347	0.00694

[dist]
# distance from previous block
# <min> <max>
0	1

[block]
# block no. 1 follows, 41 sequences, length 19
# corresponding to MSA columns:
# 183-201
name=unknown_B
#
# <colnr> <probs for GDERKNQSTAVLIFYWHMCP>
#	G	D	E	R	K	N	Q	S	T	A	V	L	I	F	Y	W	H	M	C	P
0	0.00985	0.00641	0.00873	0.07131	0.01171	0.00620	0.00660	0.01199	0.01373	0.10046	0.32181	0.23598	0.09408	0.01463	0.05768	0.00244	0.00435	0.01083	0.00552	0.00569
1	0.13247	0.03771	0.18454	0.11330	0.01808	0.04575	0.01122	0.03198	0.07068	0.08872	0.01395	0.01551	0.01036	0.00610	0.00487	0.00168	0.00576	0.00471	0.19540	0.00720
2	0.00791	0.00612	0.00781	0.05874	0.01067	0.00577	0.00617	0.01016	0.01420	0.01890	0.36972	0.11263	0.25102	0.01307	0.00685	0.00198	0.00340	0.08408	0.00557	0.00522
3	0.01339	0.08719	0.10542	0.12123	0.08167	0.05142	0.01154	0.15465	0.03639	0.01994	0.01662	0.20357	0.01603	0.00885	0.00577	0.00183	0.00602	0.00750	0.04378	0.00720
4	0.01142	0.02800	0.70789	0.07912	0.02595	0.01324	0.02070	0.01783	0.01202	0.01783	0.01026	0.01234	0.00728	0.00546	0.00546	0.00182	0.00839	0.00430	0.00243	0.00828
5	0.00825	0.00569	0.00798	0.00817	0.00874	0.00617	0.00583	0.00914	0.00904	0.01258	0.01755	0.13609	0.01851	0.19720	0.41179	0.11138	0.01021	0.00790	0.00340	0.00436
6	0.00981	0.00834	0.01310	0.11566	0.19125	0.00899	0.01042	0.01239	0.01135	0.01575	0.07082	0.05302	0.06793	0.02312	0.33168	0.00497	0.00976	0.03195	0.00349	0.00619
7	0.01790	0.01365	0.01707	0.01393	0.04778	0.01486	0.09159	0.45435	0.02100	0.02932	0.01394	0.01529	0.01038	0.00671	0.00625	0.00171	0.05055	0.00535	0.15992	0.00845
8	0.01254	0.05593	0.04493	0.01498	0.10277	0.01306	0.03987	0.04121	0.15408	0.03256	0.07811	0.10132	0.01881	0.00959	0.00919	0.00207	0.19256	0.06501	0.00420	0.00719
9	0.01295	0.06364	0.02024	0.22180	0.08692	0.07878	0.17401	0.04329	0.05099	0.01743	0.07175	0.01763	0.01296	0.01013	0.09036	0.00260	0.00838	0.00581	0.00331	0.00702
10	0.01806	0.01490	0.01552	0.01357	0.05026	0.05918	0.01038	0.35474	0.34654	0.02865	0.01754	0.01692	0.01298	0.00713	0.00573	0.00180	0.00576	0.00565	0.00548	0.00922
11	0.64448	0.04744	0.01241	0.04674	0.01454	0.01370	0.06727	0.06163	0.01127	0.02462	0.00872	0.01035	0.00674	0.00537	0.00405	0.00176	0.00520	0.00362	0.00352	0.00660
12	0.00859	0.00563	0.00748	0.00792	0.00889	0.00520	0.00566	0.01030	0.01318	0.06392	0.28409	0.46206	0.04182	0.01502	0.00703	0.00212	0.00326	0.03685	0.00576	0.00524
13	0.01072	0.00996	0.01601	0.45752	0.16437	0.01142	0.01372	0.01395	0.01218	0.01600	0.06674	0.02249	0.11924	0.00741	0.00638	0.00189	0.03376	0.00644	0.00324	0.00656
14	0.00746	0.00567	0.00686	0.00688	0.00823	0.00508	0.00504	0.00944	0.01421	0.01898	0.39900	0.18230	0.28262	0.01373	0.00685	0.00194	0.00288	0.01198	0.00580	0.00508
15	0.01020	0.00619	0.00729	0.00694	0.00830	0.00564	0.00480	0.01129	0.01185	0.12251	0.09985	0.11881	0.24043	0.30344	0.01493	0.00327	0.00418	0.01005	0.00497	0.00506
16	0.00752	0.00531	0.00662	0.00723	0.00769	0.00503	0.00472	0.00849	0.01102	0.01479	0.13324	0.42307	0.07195	0.25041	0.01372	0.00319	0.00387	0.01282	0.00490	0.00441
17	0.05688	0.01018	0.01070	0.01006	0.01248	0.08565	0.00825	0.09773	0.01523	0.13934	0.05532	0.06538	0.02200	0.01050	0.00620	0.00200	0.00523	0.25970	0.12053	0.00665
18	0.01457	0.07492	0.10721	0.14741	0.33712	0.09990	0.04237	0.01800	0.01290	0.04655	0.01056	0.01349	0.00843	0.00557	0.00599	0.00173	0.03761	0.00477	0.00288	0.00802

[dist]
# distance from previous block
# <min> <max>
0	4

[block]
# block no. 2 follows, 41 sequences, length 106
# corresponding to MSA columns:
# 206-311
name=unknown_C
#
# <colnr> <probs for GDERKNQSTAVLIFYWHMCP>
#	G	D	E	R	K	N	Q	S	T	A	V	L	I	F	Y	W	H	M	C	P
0	0.01060	0.00804	0.00916	0.00848	0.01058	0.00853	0.00659	0.09100	0.14298	0.01973	0.06937	0.03129	0.22261	0.01863	0.20406	0.00369	0.00669	0.00785	0.11387	0.00625
1	0.23373	0.05966	0.13999	0.01594	0.17308	0.06658	0.01199	0.06484	0.01347	0.06617	0.07201	0.01455	0.01180	0.00601	0.00498	0.00169	0.00610	0.00464	0.00368	0.02912
2	0.01803	0.01374	0.01494	0.01149	0.01597	0.01429	0.00937	0.45876	0.08900	0.02979	0.01384	0.01421	0.01028	0.00624	0.00527	0.00149	0.00545	0.00481	0.03495	0.22806
3	0.08127	0.01115	0.01240	0.00912	0.01400	0.00962	0.00737	0.12799	0.01402	0.02192	0.01054	0.01194	0.00848	0.00473	0.00441	0.00106	0.00457	0.00364	0.00376	0.63799
4	0.00937	0.00789	0.01139	0.01486	0.22031	0.00768	0.00844	0.01125	0.01187	0.01594	0.08676	0.12921	0.20514	0.13706	0.09449	0.00326	0.00581	0.00926	0.00416	0.00586
5	0.00887	0.00691	0.00835	0.09240	0.01210	0.00691	0.00642	0.01266	0.09014	0.01945	0.28288	0.03916	0.27628	0.01099	0.00623	0.00182	0.00349	0.00937	0.09989	0.00568
6	0.01508	0.01706	0.01429	0.01304	0.01468	0.35201	0.01016	0.01668	0.01221	0.01371	0.01058	0.01469	0.00960	0.01861	0.25306	0.00417	0.19664	0.00477	0.00288	0.00606
7	0.24498	0.00943	0.00941	0.00865	0.01105	0.01035	0.00673	0.13431	0.08262	0.02296	0.01763	0.11061	0.01656	0.09545	0.00778	0.00226	0.00453	0.06537	0.13297	0.00635
8	0.01088	0.01024	0.07430	0.01394	0.12884	0.00965	0.00995	0.09240	0.01188	0.01679	0.01430	0.02088	0.01306	0.10658	0.43305	0.00623	0.01145	0.00593	0.00331	0.00634
9	0.00883	0.00583	0.00719	0.00727	0.00816	0.00558	0.00499	0.00994	0.01112	0.05947	0.10850	0.20071	0.13348	0.29564	0.08386	0.00395	0.00521	0.03091	0.00467	0.00470
10	0.01313	0.01065	0.01156	0.01024	0.01307	0.01169	0.00798	0.13428	0.38971	0.02440	0.17227	0.05096	0.10675	0.00945	0.00614	0.00189	0.00422	0.00794	0.00583	0.00783
11	0.00766	0.00545	0.00665	0.00699	0.00760	0.00514	0.00461	0.00875	0.01145	0.01538	0.19436	0.29469	0.10689	0.28156	0.01453	0.00326	0.00389	0.01181	0.00491	0.00443
12	0.01032	0.00871	0.01088	0.03273	0.07091	0.00777	0.00744	0.01381	0.08826	0.01759	0.02282	0.23808	0.10030	0.00968	0.00569	0.00159	0.00416	0.00846	0.00432	0.33648
13	0.01423	0.01229	0.01293	0.01164	0.01487	0.01423	0.00905	0.03039	0.75297	0.02393	0.02328	0.02134	0.01746	0.00776	0.00582	0.00194	0.00453	0.00647	0.00582	0.00905
14	0.01075	0.02002	0.42317	0.20502	0.02547	0.01173	0.03637	0.01584	0.01249	0.01780	0.12703	0.01844	0.01503	0.02922	0.00642	0.00194	0.00730	0.00557	0.00309	0.00730
15	0.02029	0.01109	0.06170	0.01007	0.01482	0.00858	0.00873	0.02325	0.03400	0.47967	0.03959	0.01769	0.01343	0.00637	0.00536	0.00153	0.00486	0.00518	0.00574	0.22806
16	0.01358	0.11530	0.39675	0.01565	0.05910	0.09347	0.01626	0.05739	0.01277	0.01739	0.01002	0.01237	0.00792	0.00806	0.04907	0.00218	0.09785	0.00432	0.00272	0.00780
17	0.01931	0.02147	0.01592	0.01487	0.05667	0.45403	0.01089	0.11745	0.19499	0.01949	0.01305	0.01362	0.01019	0.00643	0.00542	0.00163	0.00821	0.00462	0.00399	0.00774
18	0.01622	0.56790	0.02597	0.01130	0.01531	0.17175	0.01032	0.01792	0.01224	0.01360	0.00808	0.00974	0.00736	0.00561	0.00551	0.00140	0.08675	0.00338	0.00255	0.00709
19	0.01193	0.02276	0.48280	0.02041	0.19884	0.01266	0.04443	0.01730	0.01247	0.01815	0.01263	0.01845	0.01055	0.00647	0.00581	0.00188	0.00775	0.08364	0.00284	0.00822
20	0.83938	0.01106	0.00841	0.00752	0.01106	0.01283	0.00619	0.01681	0.00973	0.02566	0.00796	0.00929	0.00619	0.00531	0.00354	0.00177	0.00442	0.00310	0.00354	0.00619
21	0.00728	0.00721	0.06897	0.00807	0.00950	0.00540	0.00635	0.00886	0.01160	0.01512	0.03679	0.53473	0.22708	0.01599	0.00700	0.00218	0.00363	0.01416	0.00507	0.00501
22	0.01186	0.01017	0.01186	0.00847	0.01356	0.00762	0.00678	0.01440	0.01186	0.01864	0.01017	0.01186	0.00847	0.00424	0.00424	0.00085	0.00424	0.00339	0.00339	0.83395
23	0.01251	0.01251	0.01752	0.01502	0.01502	0.01752	0.01251	0.01377	0.00876	0.01377	0.00751	0.01251	0.00751	0.01001	0.01877	0.00250	0.78851	0.00501	0.00250	0.00626
24	0.01675	0.01085	0.01220	0.01057	0.01392	0.01168	0.00833	0.02769	0.47564	0.22058	0.02371	0.02181	0.03768	0.00768	0.00568	0.00184	0.00442	0.00634	0.07380	0.00881
25	0.00697	0.00498	0.00664	0.00796	0.00830	0.00465	0.00531	0.00796	0.01095	0.01460	0.03153	0.79525	0.03783	0.01792	0.00730	0.00232	0.00332	0.01626	0.00531	0.00465
26	0.01147	0.02959	0.76934	0.01630	0.02476	0.01328	0.02113	0.01811	0.01208	0.01811	0.01026	0.01208	0.00725	0.00543	0.00543	0.00181	0.00845	0.00423	0.00242	0.00845
27	0.01251	0.01251	0.01752	0.01502	0.01502	0.01752	0.01251	0.01377	0.00876	0.01377	0.00751	0.01251	0.00751	0.01001	0.01877	0.00250	0.78851	0.00501	0.00250	0.00626
28	0.00745	0.00536	0.00713	0.00814	0.00881	0.00504	0.00584	0.00895	0.01213	0.01627	0.14529	0.55714	0.05919	0.01657	0.00728	0.00227	0.00348	0.11335	0.00546	0.00485
29	0.00719	0.00567	0.00597	0.00609	0.00776	0.00489	0.00449	0.00877	0.01293	0.01634	0.09876	0.13273	0.57311	0.01403	0.00659	0.00192	0.00291	0.01186	0.07308	0.00489
30	0.00832	0.00555	0.00624	0.00624	0.00624	0.00555	0.00347	0.00832	0.00832	0.01109	0.01802	0.03743	0.02080	0.79898	0.02911	0.00555	0.00555	0.00832	0.00347	0.00347
31	0.00994	0.00921	0.00944	0.01105	0.07146	0.12533	0.00700	0.01110	0.01165	0.01446	0.02482	0.52602	0.02887	0.10076	0.00923	0.00249	0.00494	0.01252	0.00454	0.00519
32	0.75004	0.01092	0.00894	0.00781	0.01145	0.01235	0.00644	0.01803	0.01046	0.10709	0.00957	0.01041	0.00707	0.00550	0.00378	0.00177	0.00447	0.00339	0.00393	0.00658
33	0.02174	0.01602	0.01717	0.01316	0.01774	0.01774	0.01087	0.74423	0.02689	0.03605	0.01373	0.01373	0.00973	0.00687	0.00572	0.00172	0.00629	0.00515	0.00572	0.00973
34	0.01444	0.01597	0.14749	0.12775	0.16560	0.05721	0.03332	0.07678	0.01316	0.07402	0.01124	0.01426	0.00886	0.00862	0.05055	0.00232	0.16244	0.00500	0.00323	0.00773
35	0.01585	0.04004	0.01828	0.16637	0.22999	0.29057	0.01350	0.03605	0.01383	0.01598	0.01098	0.05829	0.00973	0.00656	0.00624	0.00172	0.05063	0.00517	0.00301	0.00722
36	0.00838	0.00612	0.00828	0.00820	0.00876	0.00686	0.00584	0.00957	0.00882	0.01240	0.01615	0.02821	0.01670	0.34957	0.44537	0.00747	0.03862	0.00698	0.00321	0.00448
37	0.01186	0.01017	0.01186	0.00847	0.01356	0.00762	0.00678	0.01440	0.01186	0.01864	0.01017	0.01186	0.00847	0.00424	0.00424	0.00085	0.00424	0.00339	0.00339	0.83395
38	0.00899	0.03756	0.08653	0.00988	0.01170	0.00862	0.00855	0.01137	0.01007	0.01445	0.07541	0.02305	0.01666	0.08243	0.51945	0.00697	0.05332	0.00625	0.00324	0.00550
39	0.01502	0.01605	0.01887	0.22046	0.31789	0.21504	0.01452	0.01794	0.01337	0.01639	0.01005	0.01323	0.00819	0.00540	0.00543	0.00162	0.00773	0.00458	0.00283	0.07538
40	0.71135	0.13401	0.01176	0.00787	0.01162	0.01435	0.00675	0.01686	0.01003	0.02377	0.00796	0.00927	0.00637	0.00524	0.00356	0.00168	0.00469	0.00309	0.00337	0.00637
41	0.01084	0.00835	0.00933	0.00878	0.01065	0.00867	0.00648	0.12686	0.15178	0.02013	0.09489	0.23656	0.16010	0.10870	0.00930	0.00243	0.00415	0.01046	0.00533	0.00621
42	0.00691	0.00519	0.00641	0.00739	0.00815	0.00469	0.00505	0.00803	0.01150	0.01483	0.03853	0.59897	0.22959	0.01701	0.00716	0.00222	0.00321	0.01515	0.00531	0.00469
43	0.01518	0.71567	0.02810	0.00999	0.01470	0.02171	0.00971	0.01858	0.09302	0.01461	0.00964	0.01051	0.00845	0.00521	0.00391	0.00130	0.00594	0.00343	0.00282	0.00753
44	0.01323	0.00996	0.01412	0.01648	0.21102	0.01004	0.03075	0.13141	0.01429	0.07176	0.01996	0.14921	0.03896	0.16086	0.01071	0.00265	0.00561	0.07763	0.00442	0.00692
45	0.00711	0.00540	0.00668	0.00734	0.00830	0.00497	0.00518	0.00848	0.01191	0.01551	0.10426	0.44056	0.25527	0.01837	0.07016	0.00272	0.00412	0.01363	0.00522	0.00481
46	0.02343	0.01098	0.01362	0.01054	0.01475	0.01055	0.00868	0.21028	0.01871	0.51867	0.01998	0.01815	0.01306	0.00699	0.00560	0.00172	0.00505	0.00556	0.07429	0.00937
47	0.01551	0.01477	0.01235	0.01116	0.01355	0.25882	0.00868	0.15531	0.01547	0.01935	0.01400	0.01814	0.01189	0.01696	0.22195	0.00371	0.00950	0.03037	0.14199	0.00653
48	0.01316	0.01213	0.01979	0.39616	0.35198	0.01350	0.01620	0.07574	0.01339	0.01814	0.01072	0.01465	0.00842	0.00554	0.00569	0.00180	0.00716	0.00509	0.00293	0.00781
49	0.01289	0.00668	0.00764	0.00710	0.00883	0.00653	0.00528	0.06155	0.01308	0.13669	0.02088	0.14255	0.01854	0.09549	0.00765	0.00204	0.00366	0.00741	0.42950	0.00599
50	0.00754	0.00506	0.00641	0.00749	0.00803	0.00476	0.00508	0.00880	0.01117	0.01567	0.03027	0.65428	0.05447	0.01608	0.00677	0.00216	0.00321	0.01445	0.13355	0.00476
51	0.01903	0.01243	0.01378	0.01090	0.01460	0.01325	0.00888	0.45760	0.02204	0.12678	0.09761	0.01884	0.01592	0.00739	0.00557	0.00167	0.00515	0.00583	0.13414	0.00857
52	0.01378	0.01767	0.22734	0.01331	0.01861	0.07399	0.07697	0.06486	0.05336	0.05435	0.01451	0.01761	0.03744	0.00642	0.00580	0.00161	0.02693	0.04487	0.00364	0.22694
53	0.61897	0.00972	0.00845	0.00775	0.01065	0.01113	0.00626	0.01513	0.01036	0.02344	0.09171	0.01501	0.01270	0.01185	0.12396	0.00293	0.00593	0.00436	0.00377	0.00594
54	0.01355	0.01158	0.01235	0.01115	0.01418	0.01326	0.00865	0.02824	0.67207	0.02382	0.10420	0.02369	0.02147	0.00819	0.00592	0.00192	0.00433	0.00689	0.00587	0.00865
55	0.02137	0.02726	0.01621	0.01474	0.01768	0.77602	0.01105	0.02284	0.01621	0.01400	0.00884	0.01031	0.00737	0.00589	0.00516	0.00147	0.01031	0.00368	0.00295	0.00663
56	0.02566	0.00973	0.01327	0.01018	0.01460	0.00841	0.00841	0.02788	0.01637	0.76726	0.02257	0.01947	0.01416	0.00708	0.00575	0.00177	0.00487	0.00575	0.00708	0.00973
57	0.00936	0.00522	0.00727	0.00727	0.00736	0.00530	0.00475	0.00791	0.00782	0.01052	0.01252	0.02312	0.01317	0.22835	0.08599	0.54639	0.00597	0.00595	0.00279	0.00296
58	0.01423	0.01229	0.01293	0.01164	0.01487	0.01423	0.00905	0.03039	0.75297	0.02393	0.02328	0.02134	0.01746	0.00776	0.00582	0.00194	0.00453	0.00647	0.00582	0.00905
59	0.01931	0.09075	0.01541	0.01095	0.01447	0.01271	0.00911	0.20740	0.01732	0.30332	0.05863	0.05971	0.05227	0.00831	0.00715	0.00182	0.09111	0.00635	0.00554	0.00837
60	0.01045	0.13129	0.01216	0.00859	0.01110	0.01040	0.00694	0.01610	0.20455	0.01866	0.18289	0.03305	0.22214	0.01379	0.09053	0.00259	0.00514	0.00821	0.00496	0.00646
61	0.01529	0.80242	0.02997	0.00979	0.01468	0.02263	0.00979	0.01713	0.01162	0.01346	0.00795	0.00918	0.00734	0.00489	0.00367	0.00122	0.00612	0.00306	0.00245	0.00734
62	0.01254	0.01158	0.01596	0.07699	0.01641	0.01532	0.01165	0.08778	0.01100	0.01610	0.01050	0.05559	0.01010	0.01337	0.09893	0.00310	0.51788	0.00575	0.00305	0.00641
63	0.01423	0.01229	0.01293	0.01164	0.01487	0.01423	0.00905	0.03039	0.75297	0.02393	0.02328	0.02134	0.01746	0.00776	0.00582	0.00194	0.00453	0.00647	0.00582	0.00905
64	0.01448	0.00930	0.01039	0.00903	0.01170	0.00982	0.00709	0.11957	0.21529	0.11420	0.15513	0.02397	0.02186	0.00796	0.00544	0.00169	0.00394	0.00658	0.24509	0.00748
65	0.00819	0.00604	0.00873	0.00873	0.00960	0.00690	0.00658	0.00992	0.00906	0.01294	0.01574	0.02480	0.01531	0.16037	0.66022	0.00863	0.01380	0.00647	0.00313	0.00485
66	0.01307	0.01453	0.13158	0.01290	0.01695	0.01313	0.07069	0.02534	0.49631	0.02246	0.10122	0.02176	0.01916	0.00759	0.00594	0.00190	0.00536	0.00657	0.00510	0.00845
67	0.00723	0.00545	0.00638	0.00684	0.00780	0.00493	0.00469	0.00841	0.01185	0.01526	0.11727	0.33293	0.29443	0.13738	0.01044	0.00263	0.00345	0.01290	0.00513	0.00461
68	0.01500	0.02287	0.42743	0.01465	0.02114	0.01478	0.01620	0.24003	0.12818	0.02443	0.01328	0.01397	0.00954	0.00622	0.00558	0.00180	0.00721	0.00484	0.00393	0.00893
69	0.01390	0.01075	0.01126	0.01009	0.01293	0.01216	0.00786	0.08442	0.49693	0.02423	0.02127	0.02071	0.01608	0.00740	0.00533	0.00176	0.00418	0.00606	0.22455	0.00812
70	0.01640	0.00843	0.01033	0.00878	0.01151	0.00801	0.00671	0.02026	0.12869	0.33603	0.08854	0.02993	0.11217	0.17544	0.01090	0.00261	0.00453	0.00758	0.00584	0.00733
71	0.64451	0.01185	0.01005	0.00870	0.01235	0.01363	0.00712	0.11586	0.08871	0.02688	0.01032	0.01113	0.00783	0.00577	0.00407	0.00178	0.00469	0.00372	0.00407	0.00696
72	0.01160	0.09888	0.12972	0.01002	0.01348	0.01073	0.00933	0.15561	0.01518	0.01984	0.04738	0.16259	0.22582	0.01113	0.00618	0.00190	0.00500	0.05432	0.00465	0.00664
73	0.01240	0.21568	0.38641	0.01418	0.02014	0.01444	0.09561	0.01624	0.01140	0.01571	0.00979	0.01255	0.00785	0.00748	0.00777	0.13091	0.00746	0.00433	0.00249	0.00717
74	0.71235	0.01183	0.00977	0.00840	0.01210	0.01359	0.00692	0.12983	0.01240	0.02728	0.00886	0.00998	0.00674	0.00555	0.00388	0.00176	0.00472	0.00342	0.00388	0.00674
75	0.00961	0.00751	0.00835	0.00855	0.00956	0.02697	0.00586	0.03362	0.16188	0.01610	0.02497	0.38266	0.02733	0.23480	0.01303	0.00311	0.00445	0.01140	0.00485	0.00540
76	0.01072	0.00807	0.01103	0.01023	0.01199	0.00827	0.06702	0.13707	0.02574	0.01932	0.02367	0.40178	0.02536	0.01640	0.09111	0.00285	0.00570	0.03629	0.08140	0.00598
77	0.01627	0.01857	0.01895	0.15996	0.08309	0.33679	0.12418	0.02051	0.09541	0.01639	0.01225	0.01608	0.01006	0.00630	0.00575	0.00175	0.00856	0.03872	0.00328	0.00714
78	0.00767	0.00587	0.00721	0.00800	0.00932	0.00540	0.00630	0.00943	0.01256	0.01582	0.04164	0.24334	0.32486	0.01581	0.00730	0.00228	0.00383	0.26315	0.00530	0.00494
79	0.00726	0.00527	0.00692	0.00814	0.00874	0.00493	0.00577	0.00852	0.01143	0.01502	0.03352	0.63385	0.09647	0.01735	0.00734	0.00233	0.00355	0.11355	0.00530	0.00475
80	0.01190	0.01448	0.17376	0.01153	0.05509	0.00914	0.01040	0.01536	0.01197	0.01853	0.01022	0.01203	0.00824	0.00454	0.00457	0.00110	0.00527	0.00366	0.00315	0.61509
81	0.00736	0.00582	0.00663	0.00643	0.00810	0.00509	0.00482	0.00938	0.01446	0.01884	0.37573	0.04947	0.44108	0.01322	0.00675	0.00187	0.00281	0.01129	0.00576	0.00509
82	0.00848	0.00581	0.00823	0.00823	0.00885	0.00643	0.00595	0.00934	0.00872	0.01224	0.01512	0.02520	0.01515	0.21694	0.48364	0.13642	0.01142	0.00646	0.00307	0.00431
83	0.00705	0.00504	0.00673	0.00806	0.00842	0.00472	0.00545	0.00810	0.01103	0.01469	0.03148	0.76882	0.03765	0.01784	0.00732	0.00233	0.00339	0.04188	0.00531	0.00467
84	0.01498	0.73903	0.09062	0.01032	0.01551	0.02187	0.01072	0.01721	0.01166	0.01384	0.00814	0.00941	0.00733	0.00494	0.00381	0.00127	0.00631	0.00315	0.00244	0.00743
85	0.01133	0.01056	0.01435	0.01255	0.01255	0.01415	0.00997	0.01223	0.00864	0.01301	0.01046	0.01952	0.01124	0.23180	0.02168	0.00336	0.56841	0.00594	0.00277	0.00547
86	0.00717	0.00555	0.00653	0.00684	0.00812	0.00492	0.00492	0.00879	0.01318	0.01710	0.22918	0.28598	0.35150	0.01486	0.00693	0.00202	0.00298	0.01295	0.00556	0.00492
87	0.00781	0.00592	0.00760	0.00826	0.00878	0.00603	0.00585	0.00887	0.01079	0.01430	0.03025	0.46733	0.11166	0.13806	0.01162	0.00282	0.06819	0.07638	0.00479	0.00467
88	0.01327	0.01385	0.01417	0.09393	0.04308	0.21530	0.03672	0.02488	0.01248	0.01488	0.01613	0.09664	0.03059	0.07611	0.05030	0.00269	0.13183	0.10372	0.00350	0.00596
89	0.01186	0.01017	0.01186	0.00847	0.01356	0.00762	0.00678	0.01440	0.01186	0.01864	0.01017	0.01186	0.00847	0.00424	0.00424	0.00085	0.00424	0.00339	0.00339	0.83395
90	0.01261	0.01079	0.01253	0.01307	0.09540	0.01186	0.00899	0.04442	0.46121	0.02172	0.05281	0.11442	0.09669	0.00946	0.00610	0.00195	0.00445	0.00813	0.00539	0.00799
91	0.00712	0.00504	0.00659	0.00777	0.00807	0.00474	0.00511	0.00800	0.01066	0.01422	0.03004	0.71204	0.03596	0.10368	0.00970	0.00268	0.00356	0.01539	0.00511	0.00452
92	0.02776	0.01635	0.14876	0.03554	0.01871	0.01483	0.04114	0.24129	0.26044	0.07446	0.01629	0.01632	0.01187	0.00693	0.00631	0.00186	0.04186	0.00549	0.00488	0.00890
93	0.01340	0.21662	0.27528	0.01529	0.02103	0.08420	0.16967	0.01740	0.01254	0.01635	0.01158	0.07614	0.01013	0.00620	0.00537	0.00167	0.00775	0.00539	0.00284	0.03114
94	0.01386	0.26016	0.38003	0.01342	0.01952	0.13450	0.01506	0.01791	0.01265	0.01590	0.01244	0.01371	0.05611	0.00593	0.00495	0.00159	0.00768	0.00430	0.00270	0.00760
95	0.09429	0.01208	0.01276	0.01103	0.01441	0.09430	0.00911	0.15385	0.01687	0.28122	0.03080	0.02824	0.01721	0.00903	0.00604	0.00195	0.00576	0.18760	0.00558	0.00787
96	0.00832	0.00555	0.00624	0.00624	0.00624	0.00555	0.00347	0.00832	0.00832	0.01109	0.01802	0.03743	0.02080	0.79898	0.02911	0.00555	0.00555	0.00832	0.00347	0.00347
97	0.00857	0.00679	0.00985	0.01287	0.13765	0.00653	0.00800	0.01030	0.01186	0.01581	0.02994	0.47329	0.09157	0.01508	0.00708	0.00224	0.00422	0.13796	0.00488	0.00552
98	0.01613	0.01318	0.01396	0.01196	0.01550	0.01503	0.00945	0.21981	0.54857	0.02695	0.02066	0.01956	0.01546	0.01962	0.00615	0.00194	0.00501	0.00615	0.00576	0.00915
99	0.01245	0.22837	0.57917	0.01463	0.02216	0.01569	0.01821	0.01786	0.01196	0.01692	0.00967	0.01133	0.00727	0.00530	0.00498	0.00166	0.00785	0.00393	0.00242	0.00817
100	0.00790	0.00584	0.00737	0.00699	0.00842	0.00531	0.00524	0.01041	0.01572	0.02182	0.65591	0.04456	0.15903	0.01211	0.00675	0.00182	0.00273	0.01060	0.00615	0.00531
101	0.01100	0.01017	0.01398	0.01222	0.01258	0.01332	0.00988	0.01253	0.01069	0.01598	0.20798	0.02257	0.02092	0.07517	0.01643	0.00257	0.51592	0.00669	0.00359	0.00580
102	0.01218	0.01205	0.01718	0.09228	0.01730	0.01666	0.01266	0.01372	0.00904	0.01383	0.00806	0.01315	0.00777	0.01077	0.04485	0.00268	0.68200	0.00505	0.00253	0.00623
103	0.00751	0.00567	0.00681	0.00718	0.00835	0.00517	0.00525	0.00910	0.01275	0.01659	0.19278	0.23233	0.28428	0.09039	0.00917	0.00242	0.00347	0.09062	0.00534	0.00482
104	0.01498	0.10082	0.01477	0.01180	0.03344	0.15956	0.00892	0.07281	0.30329	0.01903	0.01655	0.01960	0.01394	0.12515	0.05839	0.00274	0.00684	0.00568	0.00429	0.00738
105	0.05637	0.02175	0.40970	0.03026	0.02137	0.04006	0.06296	0.06512	0.03447	0.03996	0.01109	0.01268	0.00816	0.00540	0.00524	0.00163	0.00725	0.00434	0.00314	0.15906

[dist]
# distance from previous block
# <min> <max>
0	1

[block]
# block no. 3 follows, 41 sequences, length 26
# corresponding to MSA columns:
# 313-338
name=unknown_D
#
# <colnr> <probs for GDERKNQSTAVLIFYWHMCP>
#	G	D	E	R	K	N	Q	S	T	A	V	L	I	F	Y	W	H	M	C	P
0	0.55702	0.01086	0.03438	0.00853	0.01214	0.01133	0.00724	0.01839	0.01110	0.17481	0.01180	0.01288	0.00872	0.00974	0.08762	0.00257	0.00582	0.00400	0.00417	0.00687
1	0.13576	0.10116	0.15887	0.01270	0.04389	0.01469	0.01159	0.16010	0.18162	0.06019	0.02564	0.01668	0.01196	0.00672	0.00525	0.00178	0.00587	0.03282	0.00439	0.00830
2	0.01664	0.01685	0.01543	0.01340	0.01558	0.25986	0.01065	0.18239	0.01537	0.01882	0.01084	0.01398	0.00926	0.01422	0.15540	0.00326	0.21279	0.00483	0.00349	0.00695
3	0.02031	0.01761	0.01657	0.01361	0.01687	0.21397	0.01097	0.34192	0.01955	0.10346	0.01221	0.01322	0.00916	0.00723	0.00806	0.00181	0.15586	0.00480	0.00453	0.00826
4	0.83938	0.01106	0.00841	0.00752	0.01106	0.01283	0.00619	0.01681	0.00973	0.02566	0.00796	0.00929	0.00619	0.00531	0.00354	0.00177	0.00442	0.00310	0.00354	0.00619
5	0.00885	0.00664	0.00830	0.00774	0.00933	0.00649	0.00585	0.01321	0.10714	0.02306	0.66930	0.04009	0.04946	0.01121	0.00663	0.00182	0.00292	0.00987	0.00624	0.00585
6	0.00911	0.00607	0.00797	0.00737	0.00889	0.00557	0.00557	0.01178	0.01620	0.06578	0.71782	0.04139	0.05168	0.01143	0.00669	0.00180	0.00282	0.01008	0.00634	0.00565
7	0.00819	0.00604	0.00876	0.00876	0.00963	0.00691	0.00661	0.00994	0.00906	0.01296	0.01572	0.02466	0.01525	0.15379	0.66672	0.00866	0.01389	0.00645	0.00312	0.00487
8	0.01967	0.01402	0.01495	0.01170	0.01567	0.01542	0.00959	0.60764	0.02411	0.03330	0.01465	0.01515	0.01065	0.00683	0.00540	0.00164	0.00562	0.00518	0.15989	0.00891
9	0.01147	0.02959	0.76934	0.01630	0.02476	0.01328	0.02113	0.01811	0.01208	0.01811	0.01026	0.01208	0.00725	0.00543	0.00543	0.00181	0.00845	0.00423	0.00242	0.00845
10	0.00888	0.00644	0.00875	0.00977	0.01115	0.00631	0.00839	0.01141	0.01345	0.01753	0.10396	0.06152	0.10242	0.01528	0.00768	0.00249	0.00480	0.58917	0.00537	0.00524
11	0.01497	0.01610	0.13054	0.02682	0.43539	0.01384	0.09500	0.08958	0.04899	0.05491	0.01219	0.01453	0.00945	0.00550	0.00576	0.00176	0.00710	0.00525	0.00339	0.00892
12	0.02138	0.05689	0.01656	0.01226	0.01662	0.04518	0.01012	0.45294	0.10202	0.18283	0.01608	0.01536	0.01125	0.00686	0.00561	0.00172	0.00596	0.00525	0.00573	0.00941
13	0.01286	0.00964	0.01129	0.15946	0.01637	0.05325	0.00847	0.08166	0.01371	0.09868	0.03583	0.02816	0.19650	0.08591	0.00895	0.00218	0.05989	0.00721	0.10372	0.00625
14	0.01123	0.02710	0.68715	0.01568	0.02336	0.01256	0.01984	0.01744	0.01219	0.01801	0.01243	0.01775	0.01002	0.00656	0.00570	0.00190	0.00811	0.08215	0.00272	0.00811
15	0.01642	0.01866	0.01687	0.20261	0.09142	0.35704	0.01276	0.02020	0.09363	0.01563	0.01076	0.01329	0.00869	0.00642	0.00687	0.00176	0.09224	0.00460	0.00310	0.00701
16	0.01688	0.14354	0.10143	0.01462	0.01869	0.27128	0.08921	0.08035	0.11003	0.01789	0.01130	0.01275	0.00900	0.00624	0.00639	0.00169	0.07321	0.00456	0.00337	0.00759
17	0.01532	0.00856	0.01088	0.00883	0.01206	0.00785	0.03351	0.06408	0.01405	0.23159	0.02110	0.02176	0.08207	0.01058	0.08024	0.00224	0.00529	0.00587	0.21994	0.14418
18	0.01614	0.33738	0.20943	0.01242	0.01766	0.01758	0.01287	0.12319	0.01419	0.09942	0.01090	0.01198	0.00841	0.00602	0.00603	0.00162	0.07908	0.00412	0.00342	0.00812
19	0.09362	0.13493	0.17667	0.01292	0.01763	0.23342	0.01218	0.16063	0.03931	0.02076	0.01072	0.01187	0.00829	0.00588	0.00494	0.00159	0.00751	0.00409	0.03534	0.00771
20	0.00739	0.00576	0.00674	0.00682	0.00832	0.00511	0.00511	0.00929	0.01389	0.01805	0.29788	0.14254	0.38352	0.01401	0.00689	0.00197	0.00302	0.05301	0.00565	0.00503
21	0.01125	0.00721	0.00895	0.00865	0.01062	0.00694	0.00677	0.01508	0.10538	0.12901	0.21510	0.15109	0.15207	0.01259	0.00677	0.00205	0.00381	0.13453	0.00587	0.00626
22	0.01345	0.09027	0.25131	0.01244	0.01679	0.06587	0.01257	0.05924	0.06319	0.06662	0.01328	0.01617	0.01071	0.03483	0.17684	0.00348	0.05101	0.00499	0.02958	0.00734
23	0.01109	0.00924	0.01287	0.29331	0.02120	0.01089	0.01022	0.08090	0.05881	0.01648	0.04061	0.02334	0.03712	0.19299	0.09548	0.00356	0.06600	0.00642	0.00352	0.00595
24	0.01290	0.01449	0.19228	0.01332	0.07084	0.03317	0.01143	0.01932	0.19540	0.10264	0.02120	0.24884	0.01980	0.00991	0.00613	0.00197	0.00548	0.00859	0.00469	0.00760
25	0.01110	0.00754	0.00922	0.00883	0.01057	0.00753	0.00659	0.08467	0.09485	0.08170	0.25026	0.31915	0.04694	0.01288	0.00669	0.00202	0.00370	0.02365	0.00585	0.00627

[dist]
# distance from previous block
# <min> <max>
0	40

[block]
# block no. 4 follows, 41 sequences, length 8
# corresponding to MSA columns:
# 379-386
name=unknown_E
#
# <colnr> <probs for GDERKNQSTAVLIFYWHMCP>
#	G	D	E	R	K	N	Q	S	T	A	V	L	I	F	Y	W	H	M	C	P
0	0.01009	0.00745	0.00796	0.00791	0.00977	0.05078	0.00608	0.01181	0.01350	0.09526	0.09916	0.17257	0.36040	0.01373	0.00681	0.00204	0.00392	0.10981	0.00543	0.00553
1	0.03682	0.07749	0.09887	0.01647	0.15901	0.05745	0.03703	0.01942	0.19795	0.01868	0.01990	0.02351	0.09185	0.00801	0.00652	0.00188	0.05055	0.06696	0.00398	0.00766
2	0.01543	0.01681	0.08161	0.01459	0.07386	0.22338	0.01132	0.11957	0.01492	0.04049	0.01566	0.16829	0.01542	0.00942	0.00772	0.00193	0.11188	0.04677	0.00394	0.00700
3	0.01053	0.01007	0.11741	0.01258	0.10216	0.00740	0.00936	0.01288	0.01235	0.09556	0.08323	0.44857	0.02883	0.01297	0.00663	0.00208	0.00458	0.01163	0.00487	0.00631
4	0.00879	0.00703	0.01037	0.01002	0.01089	0.00862	0.00791	0.01072	0.00913	0.01335	0.01421	0.02106	0.01334	0.03824	0.66905	0.00825	0.12480	0.00597	0.00298	0.00527
5	0.01382	0.05641	0.01348	0.00992	0.01422	0.16812	0.00782	0.01646	0.03711	0.01734	0.01142	0.05630	0.01015	0.00551	0.00462	0.00112	0.00556	0.00427	0.00344	0.54291
6	0.47925	0.01727	0.09128	0.01069	0.01472	0.19029	0.00937	0.09244	0.01323	0.02322	0.00900	0.01027	0.00694	0.00562	0.00434	0.00170	0.00640	0.00356	0.00351	0.00689
7	0.18140	0.19281	0.15028	0.01473	0.12574	0.04086	0.01216	0.08132	0.03531	0.09917	0.01129	0.01231	0.00857	0.00562	0.00475	0.00163	0.00626	0.00415	0.00360	0.00804

[dist]
# distance from previous block
# <min> <max>
0	2

[block]
# block no. 5 follows, 41 sequences, length 43
# corresponding to MSA columns:
# 389-431
name=unknown_F
#
# <colnr> <probs for GDERKNQSTAVLIFYWHMCP>
#	G	D	E	R	K	N	Q	S	T	A	V	L	I	F	Y	W	H	M	C	P
0	0.53139	0.04707	0.01150	0.00882	0.01283	0.01345	0.00732	0.15313	0.01334	0.02607	0.00936	0.01049	0.00723	0.00543	0.00405	0.00160	0.00482	0.00352	0.00388	0.12468
1	0.00944	0.00705	0.00994	0.00956	0.01092	0.00814	0.00750	0.07861	0.01084	0.01540	0.01517	0.02166	0.01387	0.03954	0.70450	0.00850	0.01448	0.00604	0.00331	0.00554
2	0.01224	0.01069	0.01569	0.32005	0.17098	0.01183	0.01266	0.11045	0.04743	0.01954	0.08791	0.02323	0.11820	0.00762	0.00595	0.00184	0.00603	0.00662	0.00390	0.00715
3	0.00893	0.00670	0.00940	0.08849	0.04529	0.00725	0.00729	0.01045	0.00983	0.01333	0.01799	0.03399	0.01892	0.34752	0.23586	0.00560	0.00856	0.11634	0.00350	0.00475
4	0.01594	0.05895	0.31262	0.01391	0.01965	0.16494	0.01432	0.18837	0.01645	0.02149	0.03493	0.01295	0.00948	0.00592	0.00529	0.00160	0.00762	0.00440	0.00352	0.08764
5	0.01276	0.01004	0.01079	0.00989	0.01230	0.01149	0.00761	0.02382	0.48388	0.02184	0.02106	0.02195	0.01652	0.05096	0.04132	0.00233	0.02998	0.00624	0.19760	0.00763
6	0.64760	0.01142	0.00956	0.00837	0.01191	0.01309	0.00683	0.08767	0.08079	0.02606	0.01212	0.01283	0.04045	0.00609	0.00410	0.00179	0.00455	0.00400	0.00404	0.00674
7	0.83938	0.01106	0.00841	0.00752	0.01106	0.01283	0.00619	0.01681	0.00973	0.02566	0.00796	0.00929	0.00619	0.00531	0.00354	0.00177	0.00442	0.00310	0.00354	0.00619
8	0.01188	0.06978	0.01596	0.23710	0.15422	0.01247	0.01177	0.01825	0.20872	0.01781	0.02026	0.09602	0.08587	0.00812	0.00584	0.00187	0.00567	0.00706	0.00399	0.00731
9	0.00947	0.00750	0.00891	0.00912	0.01075	0.00761	0.00674	0.01479	0.20858	0.01766	0.02883	0.42732	0.06309	0.01383	0.00671	0.00212	0.00387	0.07976	0.00530	0.06803
10	0.01489	0.19650	0.23564	0.08884	0.07646	0.01582	0.01418	0.11223	0.11539	0.05814	0.01262	0.01374	0.00951	0.00590	0.00518	0.00168	0.00672	0.00461	0.00359	0.00835
11	0.38676	0.05341	0.07300	0.01059	0.01493	0.01293	0.05598	0.10687	0.01366	0.17798	0.01240	0.01340	0.00901	0.02998	0.00540	0.00186	0.00552	0.00437	0.00435	0.00760
12	0.00692	0.00517	0.00644	0.00745	0.00816	0.00469	0.00508	0.00802	0.01145	0.01480	0.03779	0.61985	0.20919	0.01711	0.00717	0.00223	0.00322	0.01527	0.00531	0.00469
13	0.01101	0.01116	0.05029	0.54811	0.03329	0.01193	0.08250	0.01483	0.01186	0.01565	0.01224	0.01961	0.01020	0.00648	0.00590	0.00189	0.00737	0.07430	0.00289	0.06848
14	0.01664	0.05749	0.05052	0.11974	0.19713	0.16885	0.07200	0.17498	0.01619	0.02041	0.01069	0.01312	0.00841	0.00593	0.00616	0.00172	0.04380	0.00481	0.00339	0.00801
15	0.01199	0.01004	0.01100	0.01051	0.01285	0.01128	0.00790	0.02349	0.52454	0.02106	0.02582	0.25958	0.02373	0.01089	0.00628	0.00206	0.00415	0.00948	0.00566	0.00770
16	0.01920	0.03410	0.01663	0.01570	0.08879	0.39722	0.01122	0.15577	0.16656	0.02048	0.01282	0.01352	0.01000	0.00636	0.00542	0.00163	0.00800	0.00464	0.00402	0.00793
17	0.01266	0.01398	0.01028	0.01008	0.01187	0.30772	0.00735	0.01407	0.01387	0.01517	0.08240	0.26443	0.19015	0.01196	0.00630	0.00186	0.00593	0.00994	0.00446	0.00552
18	0.01619	0.21601	0.16528	0.03961	0.06804	0.20393	0.01272	0.02868	0.04632	0.06465	0.01111	0.01256	0.00875	0.00586	0.00541	0.00158	0.03611	0.00418	0.04543	0.00758
19	0.01215	0.14918	0.12215	0.51188	0.03216	0.04968	0.01534	0.01590	0.01178	0.01487	0.00974	0.01355	0.00751	0.00555	0.00530	0.00176	0.00760	0.00456	0.00253	0.00682
20	0.00775	0.00572	0.00725	0.00710	0.00840	0.00521	0.00524	0.01004	0.01503	0.02074	0.56185	0.14735	0.15121	0.01294	0.00682	0.00189	0.00281	0.01140	0.00602	0.00521
21	0.01237	0.01177	0.02000	0.43375	0.37859	0.01312	0.01667	0.01599	0.01218	0.01652	0.01044	0.01474	0.00830	0.00543	0.00569	0.00181	0.00724	0.00509	0.00268	0.00762
22	0.01307	0.05962	0.50784	0.01910	0.15003	0.01358	0.05217	0.01892	0.03691	0.05928	0.01141	0.01317	0.00834	0.00549	0.00548	0.00177	0.00779	0.00460	0.00288	0.00856
23	0.00819	0.00600	0.00854	0.00850	0.00936	0.00673	0.00635	0.00991	0.00956	0.01360	0.07164	0.02671	0.01846	0.17826	0.58257	0.00797	0.01259	0.00684	0.00338	0.00483
24	0.01137	0.01065	0.01453	0.01273	0.01273	0.01432	0.01015	0.01231	0.00870	0.01314	0.01061	0.03650	0.01143	0.20158	0.02102	0.00324	0.58058	0.00607	0.00280	0.00554
25	0.05677	0.01429	0.08074	0.05883	0.37025	0.01300	0.10294	0.05664	0.03275	0.13853	0.01300	0.01496	0.00972	0.00560	0.00569	0.00177	0.00680	0.00527	0.00373	0.00873
26	0.01548	0.01584	0.02090	0.12531	0.39717	0.16683	0.06957	0.01937	0.05757	0.04029	0.01146	0.01421	0.00916	0.00554	0.00566	0.00171	0.00763	0.00504	0.00313	0.00814
27	0.00828	0.00569	0.00698	0.00698	0.00724	0.00595	0.00440	0.00880	0.00854	0.01164	0.01734	0.03366	0.01916	0.60822	0.21763	0.00647	0.00801	0.00777	0.00336	0.00388
28	0.00817	0.00613	0.00919	0.00919	0.01021	0.00715	0.00715	0.01021	0.00919	0.01328	0.01532	0.02247	0.01430	0.04290	0.77631	0.00919	0.01532	0.00613	0.00306	0.00511
29	0.01429	0.01412	0.01908	0.23544	0.31747	0.10084	0.01487	0.05272	0.08173	0.01797	0.01143	0.01454	0.00916	0.00606	0.00662	0.00181	0.06577	0.00505	0.00315	0.00786
30	0.00940	0.00547	0.00744	0.00781	0.00844	0.00523	0.00535	0.00946	0.01013	0.06933	0.02384	0.37650	0.05866	0.07734	0.05256	0.24884	0.00468	0.01083	0.00435	0.00433
31	0.01917	0.29683	0.05448	0.01247	0.01672	0.29915	0.01083	0.13565	0.01612	0.07394	0.01040	0.01122	0.00824	0.00577	0.00478	0.00146	0.00771	0.00388	0.00350	0.00769
32	0.02137	0.02726	0.01621	0.01474	0.01768	0.77602	0.01105	0.02284	0.01621	0.01400	0.00884	0.01031	0.00737	0.00589	0.00516	0.00147	0.01031	0.00368	0.00295	0.00663
33	0.01024	0.00654	0.00829	0.00864	0.00975	0.00645	0.00638	0.01263	0.06694	0.08739	0.02615	0.27702	0.02826	0.22296	0.01298	0.00318	0.00464	0.19122	0.00502	0.00531
34	0.03189	0.01137	0.01312	0.01074	0.01413	0.01180	0.00849	0.30533	0.07409	0.23631	0.01970	0.12499	0.01641	0.08467	0.00817	0.00220	0.00525	0.00721	0.00581	0.00833
35	0.00842	0.00612	0.00699	0.00683	0.00858	0.00541	0.00509	0.02666	0.01394	0.05661	0.21134	0.15938	0.43626	0.01380	0.00676	0.00195	0.00309	0.01181	0.00564	0.00530
36	0.00923	0.00606	0.00692	0.00656	0.00809	0.00545	0.00470	0.01074	0.01287	0.08045	0.19937	0.04346	0.33002	0.19555	0.01174	0.00270	0.00363	0.00993	0.04745	0.00508
37	0.00707	0.00570	0.00614	0.00623	0.00776	0.00494	0.00450	0.00851	0.01281	0.01591	0.13716	0.12819	0.53855	0.08043	0.00869	0.00226	0.00314	0.01198	0.00528	0.00476
38	0.11968	0.00944	0.01010	0.00892	0.01084	0.01052	0.00675	0.16137	0.06126	0.02084	0.01896	0.06377	0.07081	0.21844	0.01283	0.00283	0.07780	0.00690	0.10184	0.00609
39	0.83938	0.01106	0.00841	0.00752	0.01106	0.01283	0.00619	0.01681	0.00973	0.02566	0.00796	0.00929	0.00619	0.00531	0.00354	0.00177	0.00442	0.00310	0.00354	0.00619
40	0.05998	0.10872	0.01684	0.09581	0.01857	0.41784	0.01077	0.07345	0.03935	0.01659	0.01110	0.06196	0.00981	0.00676	0.00555	0.00162	0.03035	0.00478	0.00332	0.00683
41	0.00978	0.04456	0.07968	0.00860	0.01038	0.08088	0.00690	0.01148	0.01206	0.01559	0.18105	0.15696	0.08503	0.25681	0.01340	0.00301	0.00512	0.00928	0.00433	0.00512
42	0.07765	0.08416	0.12455	0.07202	0.10646	0.14895	0.01164	0.05131	0.01335	0.04053	0.01561	0.01770	0.08128	0.02503	0.04510	0.00210	0.00718	0.00517	0.04121	0.02899

[dist]
# distance from previous block
# <min> <max>
3	5

[block]
# block no. 6 follows, 41 sequences, length 13
# corresponding to MSA columns:
# 437-449
name=unknown_G
#
# <colnr> <probs for GDERKNQSTAVLIFYWHMCP>
#	G	D	E	R	K	N	Q	S	T	A	V	L	I	F	Y	W	H	M	C	P
0	0.00879	0.00811	0.00744	0.00737	0.00897	0.09218	0.00536	0.01030	0.01334	0.01619	0.17014	0.14484	0.40233	0.06911	0.00823	0.00216	0.00394	0.01111	0.00509	0.00501
1	0.00729	0.00525	0.00681	0.00769	0.00817	0.00507	0.00518	0.00829	0.01051	0.01399	0.02957	0.54336	0.08393	0.13593	0.09746	0.00355	0.00498	0.01364	0.00478	0.00454
2	0.07313	0.13299	0.09135	0.04629	0.12422	0.18373	0.05452	0.15278	0.01590	0.05755	0.01085	0.01236	0.00837	0.00572	0.00518	0.00162	0.00748	0.00441	0.00354	0.00800
3	0.01091	0.00747	0.00885	0.00845	0.01055	0.00728	0.00656	0.01552	0.15123	0.10576	0.18534	0.12586	0.22836	0.01234	0.00666	0.00201	0.00370	0.09102	0.00581	0.00633
4	0.10129	0.00626	0.00669	0.00672	0.00840	0.00584	0.00498	0.00976	0.01305	0.01827	0.21759	0.17942	0.37497	0.01339	0.00649	0.00195	0.00310	0.01139	0.00535	0.00509
5	0.04376	0.01762	0.21247	0.11092	0.02154	0.08010	0.06259	0.07828	0.01338	0.10542	0.01177	0.01423	0.00890	0.00907	0.06052	0.00240	0.13111	0.00492	0.00343	0.00758
6	0.02755	0.09071	0.13172	0.06109	0.25367	0.11185	0.05180	0.06053	0.02438	0.08170	0.01136	0.01340	0.00880	0.00577	0.00600	0.00171	0.04170	0.00473	0.00330	0.00822
7	0.01353	0.00820	0.01074	0.00916	0.01141	0.00800	0.05165	0.07792	0.03529	0.17665	0.02439	0.06749	0.11999	0.22390	0.07821	0.00345	0.00586	0.00787	0.06001	0.00628
8	0.01056	0.01852	0.39435	0.01279	0.01816	0.00989	0.05892	0.01492	0.01273	0.05217	0.07745	0.11203	0.16535	0.00915	0.00610	0.00190	0.00625	0.00783	0.00385	0.00709
9	0.01569	0.12460	0.12422	0.01872	0.18233	0.01549	0.09302	0.14488	0.14979	0.05466	0.01370	0.01479	0.01040	0.00596	0.00552	0.00172	0.00666	0.00516	0.00395	0.00874
10	0.05021	0.04068	0.09978	0.06616	0.08136	0.03184	0.07465	0.13525	0.06674	0.05744	0.01463	0.06437	0.01230	0.01418	0.16129	0.00330	0.00841	0.00599	0.00389	0.00752
11	0.10401	0.00863	0.01034	0.00953	0.01128	0.00964	0.01804	0.03489	0.06140	0.04386	0.05392	0.12087	0.22736	0.01392	0.06321	0.00260	0.15172	0.04431	0.00453	0.00593
12	0.01134	0.08995	0.16790	0.01075	0.01395	0.09642	0.00996	0.05839	0.01283	0.01635	0.02232	0.26941	0.09375	0.04019	0.05827	0.00251	0.00646	0.00903	0.00398	0.00624

[dist]
# distance from previous block
# <min> <max>
4	154

[block]
# block no. 7 follows, 41 sequences, length 6
# corresponding to MSA columns:
# 606-611
name=unknown_H
#
# <colnr> <probs for GDERKNQSTAVLIFYWHMCP>
#	G	D	E	R	K	N	Q	S	T	A	V	L	I	F	Y	W	H	M	C	P
0	0.19356	0.05258	0.01445	0.08033	0.09974	0.10834	0.00981	0.04885	0.03159	0.04937	0.02902	0.03583	0.04393	0.00659	0.00574	0.00164	0.05254	0.00492	0.00364	0.12753
1	0.01260	0.03057	0.03579	0.04960	0.12555	0.09978	0.11918	0.05911	0.03801	0.01727	0.02015	0.06868	0.12138	0.05438	0.09361	0.00281	0.00762	0.00708	0.00368	0.03315
2	0.01215	0.18099	0.01861	0.35640	0.09554	0.01403	0.01247	0.04789	0.04958	0.01626	0.01635	0.05985	0.08305	0.00714	0.00546	0.00176	0.00632	0.00600	0.00327	0.00687
3	0.01307	0.01076	0.01442	0.01302	0.09811	0.00994	0.04441	0.08557	0.01402	0.05029	0.10998	0.04763	0.01594	0.00666	0.00621	0.00142	0.06095	0.00554	0.00407	0.38800
