[name]
unknown

[dist]
# distance from previous block
# <min> <max>
0	40

[block]
# block no. 0 follows, 47 sequences, length 22
# corresponding to MSA columns:
# 40-61
name=unknown_A
#
# <colnr> <probs for GDERKNQSTAVLIFYWHMCP>
#	G	D	E	R	K	N	Q	S	T	A	V	L	I	F	Y	W	H	M	C	P
0	0.00865	0.00657	0.00966	0.14941	0.01520	0.00697	0.00946	0.01123	0.01171	0.01518	0.02435	0.05085	0.02592	0.01277	0.00684	0.00228	0.00517	0.61844	0.00436	0.00497
1	0.00634	0.00453	0.00604	0.00725	0.00755	0.00423	0.00483	0.00725	0.00997	0.01329	0.02870	0.81358	0.03444	0.01632	0.00665	0.00211	0.00302	0.01480	0.00483	0.00423
2	0.01126	0.01157	0.02303	0.01729	0.02110	0.01123	0.49669	0.06209	0.01220	0.01660	0.01409	0.15512	0.01308	0.00991	0.07934	0.00243	0.02590	0.00749	0.00319	0.00640
3	0.01167	0.01136	0.01522	0.01313	0.01365	0.01542	0.01084	0.01520	0.14291	0.01416	0.00936	0.01281	0.00843	0.00875	0.01502	0.00219	0.66615	0.00479	0.00281	0.00614
4	0.00865	0.00810	0.00758	0.00834	0.00906	0.14351	0.00575	0.00963	0.01081	0.01320	0.02507	0.67213	0.02956	0.01439	0.00630	0.00198	0.00414	0.01279	0.00446	0.00455
5	0.01359	0.15649	0.01731	0.18928	0.01917	0.20947	0.01111	0.01626	0.05957	0.01330	0.00866	0.01143	0.00738	0.00636	0.00818	0.00169	0.23799	0.00405	0.00257	0.00614
6	0.01830	0.01452	0.01489	0.03343	0.01622	0.06678	0.00974	0.56741	0.15549	0.02903	0.01365	0.01355	0.00990	0.00631	0.00519	0.00159	0.00572	0.00481	0.00498	0.00848
7	0.65195	0.00916	0.00781	0.00695	0.00987	0.01024	0.00564	0.01499	0.01028	0.07168	0.14433	0.01440	0.01375	0.00596	0.00386	0.00162	0.00378	0.00413	0.00387	0.00572
8	0.00972	0.00590	0.00931	0.01121	0.14358	0.00590	0.00654	0.00840	0.00768	0.01045	0.00918	0.01531	0.00891	0.01573	0.01768	0.69951	0.00482	0.00454	0.00232	0.00331
9	0.01772	0.08519	0.01798	0.15176	0.02017	0.01117	0.15682	0.06947	0.01384	0.38018	0.01485	0.01512	0.01003	0.00563	0.00523	0.00161	0.00591	0.00504	0.00451	0.00776
10	0.00834	0.00656	0.00945	0.01102	0.14440	0.00623	0.00686	0.01091	0.01423	0.02020	0.64597	0.03432	0.04194	0.00959	0.00597	0.00162	0.00311	0.00858	0.00518	0.00550
11	0.01392	0.82012	0.02729	0.00891	0.01337	0.02061	0.00891	0.01559	0.01058	0.01225	0.00724	0.00835	0.00668	0.00446	0.00334	0.00111	0.00557	0.00278	0.00223	0.00668
12	0.01232	0.01396	0.03025	0.02244	0.06467	0.01313	0.72851	0.01665	0.01227	0.01670	0.01050	0.01399	0.00792	0.00440	0.00610	0.00175	0.00865	0.00607	0.00263	0.00708
13	0.02336	0.00886	0.01209	0.00927	0.01329	0.00765	0.00765	0.02538	0.01491	0.78810	0.02055	0.01773	0.01289	0.00645	0.00524	0.00161	0.00443	0.00524	0.00645	0.00886
14	0.00615	0.00528	0.00528	0.00528	0.00703	0.00440	0.00396	0.00747	0.01187	0.01407	0.05276	0.05012	0.78238	0.01319	0.00615	0.00176	0.00264	0.01099	0.00484	0.00440
15	0.00663	0.00487	0.00623	0.00687	0.00762	0.00447	0.00482	0.00802	0.01149	0.01539	0.22445	0.49576	0.13769	0.01440	0.00647	0.00195	0.00287	0.03049	0.00506	0.00444
16	0.01579	0.01514	0.01384	0.10222	0.01732	0.20814	0.00979	0.19433	0.32630	0.02111	0.01457	0.01471	0.01097	0.00624	0.00512	0.00161	0.00612	0.00484	0.00429	0.00756
17	0.01045	0.02694	0.79000	0.01484	0.02254	0.01209	0.01924	0.01649	0.01099	0.01649	0.00935	0.01099	0.00660	0.00495	0.00495	0.00165	0.00770	0.00385	0.00220	0.00770
18	0.01088	0.09753	0.67293	0.01476	0.02201	0.01293	0.06589	0.01642	0.01104	0.01612	0.00923	0.01095	0.00669	0.00487	0.00488	0.00161	0.00757	0.00390	0.00223	0.00756
19	0.01084	0.04710	0.69178	0.01429	0.02131	0.05154	0.01787	0.01633	0.01104	0.01597	0.00945	0.01131	0.00692	0.00664	0.04403	0.00195	0.00803	0.00388	0.00225	0.00743
20	0.00983	0.00926	0.01562	0.80447	0.03587	0.01157	0.01446	0.01331	0.01041	0.01331	0.00926	0.01388	0.00694	0.00521	0.00521	0.00174	0.00694	0.00463	0.00231	0.00579
21	0.00641	0.00470	0.00602	0.00693	0.00750	0.00431	0.00473	0.00750	0.01062	0.01403	0.09523	0.64838	0.13365	0.01543	0.00654	0.00203	0.00292	0.01385	0.00491	0.00431

[dist]
# distance from previous block
# <min> <max>
0	14

[block]
# block no. 1 follows, 47 sequences, length 35
# corresponding to MSA columns:
# 76-86,91-114
name=unknown_B
#
# <colnr> <probs for GDERKNQSTAVLIFYWHMCP>
#	G	D	E	R	K	N	Q	S	T	A	V	L	I	F	Y	W	H	M	C	P
0	0.00764	0.00581	0.00831	0.00745	0.00889	0.00541	0.04687	0.01019	0.01443	0.02040	0.71761	0.03701	0.04585	0.01110	0.02843	0.00183	0.00313	0.00913	0.00548	0.00502
1	0.00951	0.00489	0.00503	0.00500	0.00621	0.00486	0.00375	0.01194	0.01125	0.01954	0.08220	0.02108	0.01640	0.00646	0.00385	0.00125	0.00243	0.00524	0.77426	0.00486
2	0.00615	0.00528	0.00528	0.00528	0.00703	0.00440	0.00396	0.00747	0.01187	0.01407	0.05276	0.05012	0.78238	0.01319	0.00615	0.00176	0.00264	0.01099	0.00484	0.00440
3	0.00983	0.00926	0.01562	0.80447	0.03587	0.01157	0.01446	0.01331	0.01041	0.01331	0.00926	0.01388	0.00694	0.00521	0.00521	0.00174	0.00694	0.00463	0.00231	0.00579
4	0.00757	0.00505	0.00568	0.00568	0.00568	0.00505	0.00316	0.00757	0.00757	0.01010	0.01641	0.03408	0.01893	0.81698	0.02651	0.00505	0.00505	0.00757	0.00316	0.00316
5	0.85377	0.01007	0.00765	0.00685	0.01007	0.01168	0.00564	0.01531	0.00886	0.02336	0.00725	0.00846	0.00564	0.00483	0.00322	0.00161	0.00403	0.00282	0.00322	0.00564
6	0.01139	0.01139	0.01595	0.01367	0.01367	0.01595	0.01139	0.01253	0.00798	0.01253	0.00684	0.01139	0.00684	0.00911	0.01709	0.00228	0.80745	0.00456	0.00228	0.00570
7	0.01392	0.82012	0.02729	0.00891	0.01337	0.02061	0.00891	0.01559	0.01058	0.01225	0.00724	0.00835	0.00668	0.00446	0.00334	0.00111	0.00557	0.00278	0.00223	0.00668
8	0.00770	0.00561	0.00819	0.00812	0.00885	0.00647	0.00615	0.00901	0.00814	0.01165	0.01357	0.02114	0.01308	0.11305	0.63175	0.07950	0.03526	0.00566	0.00277	0.00433
9	0.01493	0.67595	0.02502	0.00973	0.01386	0.16117	0.00912	0.01654	0.01134	0.01234	0.00739	0.00854	0.00669	0.00462	0.00359	0.00116	0.00626	0.00289	0.00231	0.00657
10	0.01133	0.00903	0.01116	0.07578	0.01424	0.00736	0.00699	0.01370	0.01089	0.06556	0.01023	0.01204	0.00827	0.00608	0.04772	0.00133	0.00471	0.00349	0.00322	0.67687
11	0.01295	0.43414	0.35462	0.01148	0.01731	0.01623	0.01329	0.01652	0.01100	0.05682	0.00888	0.01001	0.00699	0.00478	0.00414	0.00137	0.00642	0.00338	0.00245	0.00724
12	0.00971	0.00485	0.00485	0.00485	0.00607	0.00485	0.00364	0.01213	0.01092	0.01942	0.01699	0.01942	0.01335	0.00607	0.00364	0.00121	0.00243	0.00485	0.84589	0.00485
13	0.00800	0.00587	0.00785	0.00884	0.01014	0.00572	0.00762	0.01021	0.01197	0.01532	0.03195	0.05724	0.16083	0.01418	0.00701	0.00229	0.00442	0.62101	0.00480	0.00473
14	0.01197	0.01129	0.01906	0.04856	0.66567	0.01131	0.01451	0.01479	0.01158	0.01644	0.01221	0.11563	0.01158	0.00615	0.00535	0.00162	0.00580	0.00594	0.00286	0.00767
15	0.00839	0.00599	0.00839	0.00959	0.01079	0.00599	0.00839	0.01079	0.01199	0.01558	0.02757	0.05874	0.02997	0.01439	0.00719	0.00240	0.00480	0.74945	0.00480	0.00480
16	0.01392	0.82012	0.02729	0.00891	0.01337	0.02061	0.00891	0.01559	0.01058	0.01225	0.00724	0.00835	0.00668	0.00446	0.00334	0.00111	0.00557	0.00278	0.00223	0.00668
17	0.01045	0.02694	0.79000	0.01484	0.02254	0.01209	0.01924	0.01649	0.01099	0.01649	0.00935	0.01099	0.00660	0.00495	0.00495	0.00165	0.00770	0.00385	0.00220	0.00770
18	0.00747	0.00608	0.00912	0.00892	0.01007	0.00582	0.08776	0.00977	0.05999	0.01474	0.07575	0.58688	0.06934	0.01390	0.00645	0.00200	0.00366	0.01275	0.00468	0.00484
19	0.00634	0.00453	0.00604	0.00725	0.00755	0.00423	0.00483	0.00725	0.00997	0.01329	0.02870	0.81358	0.03444	0.01632	0.00665	0.00211	0.00302	0.01480	0.00483	0.00423
20	0.00748	0.00541	0.00752	0.00752	0.00816	0.00605	0.00545	0.00876	0.00812	0.01146	0.01472	0.02475	0.01488	0.28427	0.55368	0.00732	0.01114	0.00621	0.00291	0.00418
21	0.01289	0.01237	0.02114	0.03196	0.78450	0.01237	0.01598	0.01598	0.01186	0.01701	0.00980	0.01289	0.00825	0.00464	0.00516	0.00155	0.00619	0.00464	0.00258	0.00825
22	0.00854	0.00562	0.00713	0.00658	0.00813	0.00506	0.00499	0.01078	0.01430	0.08521	0.60059	0.03888	0.16298	0.01069	0.00607	0.00165	0.00265	0.00931	0.00565	0.00517
23	0.02143	0.00843	0.01147	0.00894	0.01263	0.00732	0.00732	0.02350	0.01489	0.69541	0.11251	0.02028	0.01727	0.00695	0.00535	0.00161	0.00419	0.00574	0.00636	0.00839
24	0.01115	0.16781	0.58727	0.01368	0.02014	0.01395	0.01672	0.01599	0.01066	0.01539	0.00875	0.01056	0.00663	0.00521	0.00570	0.00161	0.07551	0.00372	0.00221	0.00734
25	0.01392	0.82012	0.02729	0.00891	0.01337	0.02061	0.00891	0.01559	0.01058	0.01225	0.00724	0.00835	0.00668	0.00446	0.00334	0.00111	0.00557	0.00278	0.00223	0.00668
26	0.00690	0.00530	0.00631	0.00606	0.00749	0.00471	0.00454	0.00892	0.01363	0.01825	0.50010	0.04323	0.33243	0.01163	0.00615	0.00168	0.00253	0.01003	0.00539	0.00471
27	0.01279	0.01227	0.02096	0.05652	0.76070	0.01235	0.01593	0.01590	0.01181	0.01690	0.00978	0.01292	0.00821	0.00466	0.00516	0.00155	0.00621	0.00464	0.00257	0.00817
28	0.01899	0.09225	0.01586	0.01298	0.01587	0.70116	0.00996	0.04790	0.01476	0.01344	0.00815	0.00942	0.00679	0.00532	0.00460	0.00133	0.00893	0.00335	0.00274	0.00620
29	0.00757	0.00505	0.00568	0.00568	0.00568	0.00505	0.00316	0.00757	0.00757	0.01010	0.01641	0.03408	0.01893	0.81698	0.02651	0.00505	0.00505	0.00757	0.00316	0.00316
30	0.01087	0.00520	0.00547	0.00523	0.00668	0.00509	0.00398	0.01326	0.01126	0.08496	0.01729	0.01927	0.01331	0.00610	0.00378	0.00125	0.00260	0.00489	0.77432	0.00520
31	0.00817	0.00552	0.00713	0.00662	0.00804	0.00503	0.00500	0.01053	0.01456	0.06272	0.69277	0.03846	0.09445	0.01058	0.00609	0.00164	0.00258	0.00929	0.00571	0.00510
32	0.00615	0.00528	0.00528	0.00528	0.00703	0.00440	0.00396	0.00747	0.01187	0.01407	0.05276	0.05012	0.78238	0.01319	0.00615	0.00176	0.00264	0.01099	0.00484	0.00440
33	0.00744	0.00558	0.00837	0.00837	0.00930	0.00651	0.00651	0.00930	0.00837	0.01209	0.01395	0.02046	0.01302	0.03906	0.79635	0.00837	0.01395	0.00558	0.00279	0.00465
34	0.00645	0.00461	0.00613	0.00718	0.00758	0.00430	0.00484	0.00751	0.01044	0.01404	0.10290	0.73726	0.03589	0.01576	0.00660	0.00207	0.00297	0.01427	0.00492	0.00430

[dist]
# distance from previous block
# <min> <max>
0	13

[block]
# block no. 2 follows, 47 sequences, length 25
# corresponding to MSA columns:
# 128-152
name=unknown_C
#
# <colnr> <probs for GDERKNQSTAVLIFYWHMCP>
#	G	D	E	R	K	N	Q	S	T	A	V	L	I	F	Y	W	H	M	C	P
0	0.00737	0.00532	0.00696	0.00655	0.00778	0.00491	0.00491	0.00983	0.01474	0.02088	0.78175	0.03890	0.04914	0.01065	0.00614	0.00164	0.00246	0.00942	0.00573	0.00491
1	0.01392	0.82012	0.02729	0.00891	0.01337	0.02061	0.00891	0.01559	0.01058	0.01225	0.00724	0.00835	0.00668	0.00446	0.00334	0.00111	0.00557	0.00278	0.00223	0.00668
2	0.00782	0.00672	0.00687	0.00658	0.00863	0.00649	0.00501	0.01242	0.19873	0.01596	0.04503	0.04260	0.59472	0.01169	0.00595	0.00176	0.00300	0.00974	0.00495	0.00534
3	0.01284	0.08540	0.01301	0.01028	0.01333	0.01340	0.00818	0.02595	0.68179	0.02068	0.02086	0.01934	0.03815	0.00701	0.00514	0.00171	0.00421	0.00576	0.00500	0.00798
4	0.01061	0.02575	0.72018	0.01550	0.02297	0.01219	0.08787	0.01651	0.01111	0.01651	0.00945	0.01128	0.00672	0.00490	0.00506	0.00166	0.00780	0.00406	0.00224	0.00763
5	0.00737	0.00532	0.00696	0.00655	0.00778	0.00491	0.00491	0.00983	0.01474	0.02088	0.78175	0.03890	0.04914	0.01065	0.00614	0.00164	0.00246	0.00942	0.00573	0.00491
6	0.01080	0.00926	0.01080	0.00771	0.01234	0.00694	0.00617	0.01311	0.01080	0.01697	0.00926	0.01080	0.00771	0.00386	0.00386	0.00077	0.00386	0.00309	0.00309	0.84882
7	0.01351	0.72522	0.11854	0.00962	0.01446	0.01959	0.01015	0.01570	0.01063	0.01276	0.00749	0.00867	0.00667	0.00451	0.00353	0.00118	0.00582	0.00291	0.00222	0.00680
8	0.00757	0.00505	0.00568	0.00568	0.00568	0.00505	0.00316	0.00757	0.00757	0.01010	0.01641	0.03408	0.01893	0.81698	0.02651	0.00505	0.00505	0.00757	0.00316	0.00316
9	0.01800	0.02178	0.01409	0.01279	0.01553	0.62134	0.00966	0.02233	0.18441	0.01476	0.01098	0.01163	0.00876	0.00575	0.00483	0.00144	0.00822	0.00392	0.00327	0.00653
10	0.12390	0.01092	0.01137	0.01002	0.01314	0.01239	0.00789	0.04569	0.58497	0.09276	0.01908	0.01765	0.01409	0.00670	0.00502	0.00173	0.00418	0.00540	0.00513	0.00798
11	0.00839	0.00599	0.00839	0.00959	0.01079	0.00599	0.00839	0.01079	0.01199	0.01558	0.02757	0.05874	0.02997	0.01439	0.00719	0.00240	0.00480	0.74945	0.00480	0.00480
12	0.00744	0.00558	0.00837	0.00837	0.00930	0.00651	0.00651	0.00930	0.00837	0.01209	0.01395	0.02046	0.01302	0.03906	0.79635	0.00837	0.01395	0.00558	0.00279	0.00465
13	0.01045	0.02694	0.79000	0.01484	0.02254	0.01209	0.01924	0.01649	0.01099	0.01649	0.00935	0.01099	0.00660	0.00495	0.00495	0.00165	0.00770	0.00385	0.00220	0.00770
14	0.00634	0.00453	0.00604	0.00725	0.00755	0.00423	0.00483	0.00725	0.00997	0.01329	0.02870	0.81358	0.03444	0.01632	0.00665	0.00211	0.00302	0.01480	0.00483	0.00423
15	0.00744	0.00558	0.00837	0.00837	0.00930	0.00651	0.00651	0.00930	0.00837	0.01209	0.01395	0.02046	0.01302	0.03906	0.79635	0.00837	0.01395	0.00558	0.00279	0.00465
16	0.01392	0.82012	0.02729	0.00891	0.01337	0.02061	0.00891	0.01559	0.01058	0.01225	0.00724	0.00835	0.00668	0.00446	0.00334	0.00111	0.00557	0.00278	0.00223	0.00668
17	0.01071	0.00926	0.01124	0.08098	0.01450	0.00737	0.00693	0.01313	0.01076	0.01663	0.00926	0.01108	0.00764	0.00398	0.00398	0.00086	0.00414	0.00323	0.00301	0.77129
18	0.00732	0.00532	0.00690	0.00650	0.00775	0.00489	0.00488	0.00974	0.01463	0.02062	0.75400	0.03933	0.07705	0.01074	0.00614	0.00164	0.00246	0.00948	0.00570	0.00489
19	0.01824	0.01477	0.01469	0.01181	0.01556	0.08716	0.00954	0.53351	0.19107	0.02851	0.01403	0.01376	0.01023	0.00635	0.00518	0.00159	0.00571	0.00483	0.00500	0.00846
20	0.00737	0.00532	0.00696	0.00655	0.00778	0.00491	0.00491	0.00983	0.01474	0.02088	0.78175	0.03890	0.04914	0.01065	0.00614	0.00164	0.00246	0.00942	0.00573	0.00491
21	0.00839	0.00599	0.00839	0.00959	0.01079	0.00599	0.00839	0.01079	0.01199	0.01558	0.02757	0.05874	0.02997	0.01439	0.00719	0.00240	0.00480	0.74945	0.00480	0.00480
22	0.00757	0.00505	0.00568	0.00568	0.00568	0.00505	0.00316	0.00757	0.00757	0.01010	0.01641	0.03408	0.01893	0.81698	0.02651	0.00505	0.00505	0.00757	0.00316	0.00316
23	0.00757	0.00505	0.00568	0.00568	0.00568	0.00505	0.00316	0.00757	0.00757	0.01010	0.01641	0.03408	0.01893	0.81698	0.02651	0.00505	0.00505	0.00757	0.00316	0.00316
24	0.00745	0.00552	0.00809	0.00809	0.00892	0.00636	0.00616	0.00912	0.00829	0.01188	0.01421	0.02188	0.01364	0.12011	0.71614	0.00802	0.01302	0.00579	0.00283	0.00449

[dist]
# distance from previous block
# <min> <max>
0	20

[block]
# block no. 3 follows, 47 sequences, length 40
# corresponding to MSA columns:
# 173-212
name=unknown_D
#
# <colnr> <probs for GDERKNQSTAVLIFYWHMCP>
#	G	D	E	R	K	N	Q	S	T	A	V	L	I	F	Y	W	H	M	C	P
0	0.00983	0.00926	0.01562	0.80447	0.03587	0.01157	0.01446	0.01331	0.01041	0.01331	0.00926	0.01388	0.00694	0.00521	0.00521	0.00174	0.00694	0.00463	0.00231	0.00579
1	0.01945	0.02482	0.01476	0.01342	0.01610	0.79608	0.01006	0.02079	0.01476	0.01275	0.00805	0.00939	0.00671	0.00537	0.00470	0.00134	0.00939	0.00335	0.00268	0.00604
2	0.01289	0.01237	0.02114	0.03196	0.78450	0.01237	0.01598	0.01598	0.01186	0.01701	0.00980	0.01289	0.00825	0.00464	0.00516	0.00155	0.00619	0.00464	0.00258	0.00825
3	0.01139	0.01139	0.01595	0.01367	0.01367	0.01595	0.01139	0.01253	0.00798	0.01253	0.00684	0.01139	0.00684	0.00911	0.01709	0.00228	0.80745	0.00456	0.00228	0.00570
4	0.00806	0.00589	0.00793	0.00895	0.01023	0.00576	0.00773	0.01029	0.01197	0.01536	0.03133	0.05746	0.14222	0.01421	0.00704	0.00230	0.00447	0.63928	0.00480	0.00474
5	0.00839	0.00599	0.00839	0.00959	0.01079	0.00599	0.00839	0.01079	0.01199	0.01558	0.02757	0.05874	0.02997	0.01439	0.00719	0.00240	0.00480	0.74945	0.00480	0.00480
6	0.00643	0.00529	0.00566	0.00557	0.00720	0.00451	0.00417	0.00801	0.01252	0.01562	0.21896	0.04756	0.61521	0.01261	0.00615	0.00173	0.00260	0.01063	0.00504	0.00451
7	0.01392	0.82012	0.02729	0.00891	0.01337	0.02061	0.00891	0.01559	0.01058	0.01225	0.00724	0.00835	0.00668	0.00446	0.00334	0.00111	0.00557	0.00278	0.00223	0.00668
8	0.00634	0.00453	0.00604	0.00725	0.00755	0.00423	0.00483	0.00725	0.00997	0.01329	0.02870	0.81358	0.03444	0.01632	0.00665	0.00211	0.00302	0.01480	0.00483	0.00423
9	0.85377	0.01007	0.00765	0.00685	0.01007	0.01168	0.00564	0.01531	0.00886	0.02336	0.00725	0.00846	0.00564	0.00483	0.00322	0.00161	0.00403	0.00282	0.00322	0.00564
10	0.01295	0.01119	0.01178	0.01060	0.01354	0.01295	0.00824	0.02767	0.77509	0.02178	0.02120	0.01943	0.01590	0.00707	0.00530	0.00177	0.00412	0.00589	0.00530	0.00824
11	0.85377	0.01007	0.00765	0.00685	0.01007	0.01168	0.00564	0.01531	0.00886	0.02336	0.00725	0.00846	0.00564	0.00483	0.00322	0.00161	0.00403	0.00282	0.00322	0.00564
12	0.01945	0.02482	0.01476	0.01342	0.01610	0.79608	0.01006	0.02079	0.01476	0.01275	0.00805	0.00939	0.00671	0.00537	0.00470	0.00134	0.00939	0.00335	0.00268	0.00604
13	0.01945	0.02482	0.01476	0.01342	0.01610	0.79608	0.01006	0.02079	0.01476	0.01275	0.00805	0.00939	0.00671	0.00537	0.00470	0.00134	0.00939	0.00335	0.00268	0.00604
14	0.01945	0.02482	0.01476	0.01342	0.01610	0.79608	0.01006	0.02079	0.01476	0.01275	0.00805	0.00939	0.00671	0.00537	0.00470	0.00134	0.00939	0.00335	0.00268	0.00604
15	0.01289	0.01237	0.02114	0.03196	0.78450	0.01237	0.01598	0.01598	0.01186	0.01701	0.00980	0.01289	0.00825	0.00464	0.00516	0.00155	0.00619	0.00464	0.00258	0.00825
16	0.00615	0.00528	0.00528	0.00528	0.00703	0.00440	0.00396	0.00747	0.01187	0.01407	0.05276	0.05012	0.78238	0.01319	0.00615	0.00176	0.00264	0.01099	0.00484	0.00440
17	0.01945	0.02482	0.01476	0.01342	0.01610	0.79608	0.01006	0.02079	0.01476	0.01275	0.00805	0.00939	0.00671	0.00537	0.00470	0.00134	0.00939	0.00335	0.00268	0.00604
18	0.00905	0.00452	0.00678	0.00678	0.00678	0.00452	0.00452	0.00678	0.00678	0.00905	0.00905	0.01583	0.00905	0.01809	0.02035	0.84848	0.00452	0.00452	0.00226	0.00226
19	0.01599	0.00909	0.01133	0.00835	0.01273	0.00724	0.00678	0.01818	0.01249	0.33524	0.01392	0.01366	0.00985	0.00493	0.00443	0.00112	0.00409	0.00397	0.00447	0.50214
20	0.00771	0.00551	0.00761	0.00881	0.00971	0.00541	0.00721	0.00961	0.01132	0.01482	0.02795	0.30948	0.03146	0.01503	0.00701	0.00230	0.00421	0.50542	0.00481	0.00461
21	0.01904	0.02366	0.01459	0.01320	0.01594	0.72449	0.00994	0.04126	0.06421	0.01387	0.00902	0.01012	0.00736	0.00550	0.00475	0.00138	0.00895	0.00355	0.00292	0.00626
22	0.01895	0.09662	0.01589	0.01301	0.01585	0.72606	0.00996	0.02033	0.01438	0.01270	0.00798	0.00930	0.00671	0.00528	0.00457	0.00132	0.00905	0.00330	0.00264	0.00610
23	0.01289	0.01237	0.02114	0.03196	0.78450	0.01237	0.01598	0.01598	0.01186	0.01701	0.00980	0.01289	0.00825	0.00464	0.00516	0.00155	0.00619	0.00464	0.00258	0.00825
24	0.01225	0.01391	0.02996	0.02152	0.02652	0.01331	0.72657	0.01647	0.01207	0.01647	0.01034	0.01391	0.00785	0.00463	0.00671	0.00178	0.05009	0.00606	0.00262	0.00696
25	0.01045	0.02694	0.79000	0.01484	0.02254	0.01209	0.01924	0.01649	0.01099	0.01649	0.00935	0.01099	0.00660	0.00495	0.00495	0.00165	0.00770	0.00385	0.00220	0.00770
26	0.00695	0.00479	0.00586	0.00647	0.00662	0.00464	0.00400	0.00741	0.00878	0.01171	0.02261	0.42714	0.02675	0.41325	0.01649	0.00357	0.00403	0.01122	0.00400	0.00370
27	0.00615	0.00528	0.00528	0.00528	0.00703	0.00440	0.00396	0.00747	0.01187	0.01407	0.05276	0.05012	0.78238	0.01319	0.00615	0.00176	0.00264	0.01099	0.00484	0.00440
28	0.01392	0.82012	0.02729	0.00891	0.01337	0.02061	0.00891	0.01559	0.01058	0.01225	0.00724	0.00835	0.00668	0.00446	0.00334	0.00111	0.00557	0.00278	0.00223	0.00668
29	0.00620	0.00528	0.00534	0.00533	0.00706	0.00442	0.00400	0.00757	0.01199	0.01434	0.08231	0.04966	0.75266	0.01309	0.00615	0.00175	0.00263	0.01093	0.00487	0.00442
30	0.00687	0.00531	0.00621	0.00603	0.00744	0.00472	0.00451	0.00873	0.01312	0.01732	0.41206	0.04412	0.36922	0.04454	0.00700	0.00185	0.00270	0.02843	0.00521	0.00461
31	0.01045	0.02694	0.79000	0.01484	0.02254	0.01209	0.01924	0.01649	0.01099	0.01649	0.00935	0.01099	0.00660	0.00495	0.00495	0.00165	0.00770	0.00385	0.00220	0.00770
32	0.01221	0.00974	0.01020	0.00929	0.01184	0.01111	0.00719	0.02413	0.60102	0.02124	0.02024	0.01943	0.01532	0.00684	0.00492	0.00164	0.00374	0.00565	0.19678	0.00747
33	0.00627	0.00528	0.00543	0.00539	0.00710	0.00444	0.00404	0.00769	0.01213	0.01470	0.11986	0.04909	0.71489	0.01295	0.00615	0.00175	0.00262	0.01085	0.00492	0.00444
34	0.00751	0.00531	0.00700	0.00700	0.00746	0.00577	0.00480	0.00842	0.00796	0.01108	0.01520	0.02739	0.01603	0.43474	0.40477	0.00668	0.00942	0.00659	0.00298	0.00389
35	0.00983	0.00926	0.01562	0.80447	0.03587	0.01157	0.01446	0.01331	0.01041	0.01331	0.00926	0.01388	0.00694	0.00521	0.00521	0.00174	0.00694	0.00463	0.00231	0.00579
36	0.85377	0.01007	0.00765	0.00685	0.01007	0.01168	0.00564	0.01531	0.00886	0.02336	0.00725	0.00846	0.00564	0.00483	0.00322	0.00161	0.00403	0.00282	0.00322	0.00564
37	0.02098	0.00833	0.01132	0.00886	0.01247	0.00725	0.00725	0.02306	0.01488	0.67364	0.13411	0.02088	0.01830	0.00707	0.00537	0.00162	0.00414	0.00586	0.00634	0.00827
38	0.01004	0.00966	0.01690	0.73835	0.03514	0.01171	0.07793	0.01359	0.01057	0.01359	0.00936	0.01390	0.00702	0.00514	0.00529	0.00174	0.00710	0.00476	0.00234	0.00589
39	0.01273	0.01221	0.02085	0.07171	0.74598	0.01233	0.01590	0.01584	0.01178	0.01682	0.00977	0.01294	0.00818	0.00467	0.00516	0.00156	0.00623	0.00464	0.00256	0.00812

[dist]
# distance from previous block
# <min> <max>
0	20

[block]
# block no. 4 follows, 47 sequences, length 15
# corresponding to MSA columns:
# 233-247
name=unknown_E
#
# <colnr> <probs for GDERKNQSTAVLIFYWHMCP>
#	G	D	E	R	K	N	Q	S	T	A	V	L	I	F	Y	W	H	M	C	P
0	0.85377	0.01007	0.00765	0.00685	0.01007	0.01168	0.00564	0.01531	0.00886	0.02336	0.00725	0.00846	0.00564	0.00483	0.00322	0.00161	0.00403	0.00282	0.00322	0.00564
1	0.01152	0.01098	0.01867	0.37801	0.44914	0.01201	0.01530	0.01478	0.01121	0.01535	0.00955	0.01333	0.00766	0.00489	0.00518	0.00163	0.00653	0.00463	0.00246	0.00715
2	0.48701	0.00972	0.01112	0.35348	0.02128	0.01163	0.00947	0.01444	0.00954	0.01899	0.00812	0.01082	0.00621	0.00500	0.00408	0.00167	0.00529	0.00361	0.00283	0.00570
3	0.00813	0.01427	0.34674	0.01055	0.01407	0.00765	0.01110	0.01127	0.01042	0.01468	0.02029	0.46479	0.02234	0.01138	0.00591	0.00191	0.00505	0.01004	0.00369	0.00574
4	0.00844	0.00703	0.01072	0.35331	0.01999	0.00781	0.00906	0.01134	0.01286	0.01759	0.44604	0.02803	0.03080	0.00828	0.00574	0.00168	0.00441	0.00734	0.00425	0.00529
5	0.00810	0.01469	0.34641	0.00952	0.01382	0.00778	0.01066	0.01155	0.01168	0.01557	0.08202	0.03237	0.39683	0.00944	0.00563	0.00170	0.00482	0.00778	0.00375	0.00586
6	0.01484	0.01085	0.01248	0.01094	0.01382	0.01174	0.00924	0.43844	0.01905	0.02533	0.01905	0.03260	0.01803	0.00979	0.00607	0.00193	0.00532	0.32835	0.00503	0.00709
7	0.01626	0.00909	0.01136	0.00839	0.01276	0.00725	0.00682	0.01844	0.01258	0.35209	0.01416	0.01381	0.00996	0.00498	0.00446	0.00114	0.00411	0.00402	0.00455	0.48379
8	0.01049	0.00931	0.01498	0.02092	0.44695	0.00913	0.01117	0.01331	0.01311	0.01870	0.34527	0.02419	0.02602	0.00725	0.00558	0.00159	0.00457	0.00672	0.00395	0.00680
9	0.01803	0.46756	0.02068	0.00906	0.01333	0.01498	0.00836	0.01985	0.01246	0.34942	0.01302	0.01243	0.00938	0.00532	0.00417	0.00133	0.00507	0.00385	0.00406	0.00763
10	0.01123	0.01124	0.01253	0.01459	0.17922	0.17935	0.00934	0.01325	0.01052	0.01330	0.01176	0.01641	0.01061	0.02426	0.45241	0.00536	0.01127	0.00489	0.00272	0.00573
11	0.01547	0.01227	0.01562	0.35638	0.02472	0.01416	0.01188	0.43953	0.01837	0.02434	0.01109	0.01310	0.00802	0.00580	0.00521	0.00164	0.00626	0.00466	0.00395	0.00752
12	0.01267	0.01243	0.02001	0.01553	0.01948	0.01305	0.33737	0.02290	0.44359	0.01957	0.01656	0.01709	0.01242	0.00590	0.00567	0.00176	0.00615	0.00600	0.00414	0.00771
13	0.01167	0.01854	0.35499	0.06426	0.41485	0.01221	0.01732	0.01607	0.01141	0.01660	0.00957	0.01212	0.00746	0.00480	0.00507	0.00160	0.00688	0.00430	0.00240	0.00788
14	0.01026	0.35956	0.01659	0.00860	0.01107	0.01264	0.00755	0.01203	0.00933	0.01216	0.01103	0.01520	0.01027	0.02402	0.45172	0.00522	0.01031	0.00436	0.00255	0.00553

[dist]
# distance from previous block
# <min> <max>
0	2

# created by:
# /home/cegg/simao/soft/augustus-3.2.1/scripts/msa2prfl.pl ./align_prep/27384.fa
