[name]
unknown

[dist]
# distance from previous block
# <min> <max>
0	85

[block]
# block no. 0 follows, 48 sequences, length 116
# corresponding to MSA columns:
# 93-208
name=unknown_A
#
# <colnr> <probs for GDERKNQSTAVLIFYWHMCP>
#	G	D	E	R	K	N	Q	S	T	A	V	L	I	F	Y	W	H	M	C	P
0	0.06665	0.03995	0.01248	0.22054	0.01835	0.01124	0.00945	0.10570	0.22530	0.04176	0.05147	0.06508	0.01545	0.00757	0.00529	0.00175	0.00497	0.08623	0.00416	0.00661
1	0.04961	0.01285	0.09986	0.11871	0.37986	0.05440	0.01298	0.01456	0.01148	0.01622	0.04419	0.01611	0.07275	0.00559	0.00498	0.00151	0.00582	0.00492	0.00285	0.07076
2	0.08447	0.01108	0.01359	0.01284	0.10298	0.08450	0.08661	0.12656	0.04893	0.06310	0.23347	0.02084	0.02039	0.04197	0.00645	0.00174	0.02376	0.00602	0.00423	0.00648
3	0.01166	0.01154	0.02094	0.19437	0.43894	0.01184	0.16766	0.01495	0.01139	0.01576	0.01049	0.04774	0.00889	0.00514	0.00535	0.00163	0.00664	0.00530	0.00259	0.00719
4	0.01007	0.00924	0.01533	0.52145	0.19003	0.01069	0.01343	0.01315	0.01061	0.01399	0.01152	0.01919	0.01011	0.04108	0.00624	0.00188	0.00637	0.08699	0.00264	0.00599
5	0.00779	0.00564	0.00723	0.00669	0.00802	0.00532	0.00505	0.04245	0.01494	0.02108	0.75169	0.03721	0.04671	0.01030	0.00601	0.00161	0.00256	0.00908	0.00563	0.00501
6	0.01144	0.01276	0.02747	0.01996	0.02458	0.01196	0.68089	0.01536	0.01185	0.01605	0.01244	0.10639	0.01080	0.00568	0.00611	0.00177	0.00800	0.00704	0.00285	0.00660
7	0.01262	0.01075	0.01131	0.01020	0.01303	0.01242	0.00793	0.02661	0.74534	0.02136	0.02071	0.01914	0.01555	0.00692	0.00515	0.00172	0.00399	0.00576	0.04152	0.00798
8	0.00741	0.00495	0.00561	0.00566	0.00568	0.00494	0.00318	0.00745	0.00756	0.01008	0.01669	0.06728	0.01931	0.78507	0.02527	0.00485	0.00489	0.00777	0.00318	0.00315
9	0.81990	0.01011	0.00788	0.00697	0.01018	0.01170	0.00574	0.04761	0.00940	0.02342	0.00737	0.00851	0.00569	0.00482	0.00326	0.00159	0.00404	0.00286	0.00326	0.00569
10	0.01052	0.00992	0.01675	0.52130	0.27809	0.01135	0.01433	0.01371	0.01070	0.01429	0.01012	0.04792	0.00842	0.00542	0.00517	0.00167	0.00643	0.00500	0.00247	0.00642
11	0.01267	0.01226	0.02123	0.03107	0.75491	0.01223	0.04818	0.01578	0.01170	0.01675	0.00968	0.01275	0.00811	0.00456	0.00512	0.00153	0.00621	0.00464	0.00254	0.00808
12	0.01253	0.01202	0.02052	0.07460	0.74587	0.01215	0.01566	0.01560	0.01160	0.01656	0.00962	0.01275	0.00806	0.00460	0.00508	0.00153	0.00614	0.00457	0.00253	0.00799
13	0.01372	0.01400	0.01344	0.17346	0.04738	0.20706	0.01009	0.02229	0.40498	0.01739	0.01487	0.01535	0.01135	0.00609	0.00505	0.00162	0.00599	0.00489	0.00389	0.00709
14	0.02182	0.01066	0.01310	0.01005	0.01406	0.01041	0.00830	0.28027	0.01792	0.53140	0.01753	0.01570	0.01134	0.00629	0.00515	0.00157	0.00480	0.00497	0.00593	0.00873
15	0.00710	0.00524	0.00663	0.00628	0.00756	0.00477	0.00471	0.00936	0.01414	0.01965	0.68432	0.03985	0.14963	0.01083	0.00605	0.00163	0.00245	0.00949	0.00553	0.00477
16	0.02143	0.00827	0.01107	0.00862	0.01226	0.00722	0.00707	0.02347	0.01422	0.70013	0.01983	0.01766	0.01275	0.00631	0.00497	0.00154	0.00413	0.00512	0.10566	0.00827
17	0.00726	0.00524	0.00686	0.00646	0.00767	0.00484	0.00484	0.00968	0.01452	0.02058	0.78496	0.03833	0.04841	0.01049	0.00605	0.00161	0.00242	0.00928	0.00565	0.00484
18	0.02215	0.00854	0.01163	0.00898	0.01280	0.00739	0.00739	0.02415	0.01468	0.74841	0.06273	0.01862	0.01469	0.00658	0.00521	0.00159	0.00426	0.00539	0.00631	0.00852
19	0.00914	0.00718	0.00834	0.00849	0.00986	0.00766	0.00615	0.05619	0.26420	0.01693	0.02495	0.50864	0.02651	0.01252	0.00603	0.00194	0.00348	0.01113	0.00493	0.00573
20	0.00881	0.00493	0.00547	0.00533	0.00653	0.00480	0.00400	0.01121	0.01200	0.01961	0.27020	0.02546	0.02479	0.00747	0.00440	0.00133	0.00240	0.00627	0.57019	0.00480
21	0.01230	0.01077	0.01255	0.04514	0.03173	0.01226	0.04275	0.02494	0.65162	0.02073	0.06211	0.01959	0.01658	0.00691	0.00530	0.00173	0.00434	0.00593	0.00494	0.00778
22	0.01406	0.02019	0.22729	0.10180	0.05964	0.27198	0.16390	0.05189	0.01290	0.01549	0.00917	0.01138	0.00701	0.00497	0.00508	0.00155	0.00810	0.00424	0.00258	0.00679
23	0.85592	0.00992	0.00754	0.00675	0.00992	0.01151	0.00556	0.01508	0.00873	0.02302	0.00714	0.00834	0.00556	0.00476	0.00318	0.00159	0.00397	0.00278	0.00318	0.00556
24	0.01327	0.01198	0.01807	0.09498	0.49160	0.01267	0.01356	0.10909	0.14674	0.01914	0.01189	0.01386	0.00940	0.00523	0.00512	0.00158	0.00575	0.00479	0.00330	0.00798
25	0.85592	0.00992	0.00754	0.00675	0.00992	0.01151	0.00556	0.01508	0.00873	0.02302	0.00714	0.00834	0.00556	0.00476	0.00318	0.00159	0.00397	0.00278	0.00318	0.00556
26	0.00660	0.00483	0.00624	0.00704	0.00775	0.00448	0.00504	0.00793	0.01098	0.01456	0.14458	0.52016	0.13180	0.01464	0.00647	0.00200	0.00303	0.09264	0.00489	0.00435
27	0.00635	0.00515	0.00564	0.00570	0.00719	0.00444	0.00425	0.00784	0.01204	0.01504	0.18266	0.11987	0.56402	0.01285	0.00613	0.00176	0.00265	0.02708	0.00492	0.00442
28	0.01092	0.01044	0.01734	0.44623	0.29846	0.01215	0.01445	0.01396	0.01050	0.01432	0.00905	0.01306	0.00728	0.00536	0.00640	0.00170	0.09491	0.00456	0.00237	0.00655
29	0.00678	0.00495	0.00619	0.00641	0.00726	0.00456	0.00449	0.00827	0.01180	0.01599	0.34720	0.29605	0.14454	0.10165	0.00842	0.00216	0.00291	0.01105	0.00495	0.00436
30	0.01917	0.02445	0.01454	0.01322	0.01586	0.79907	0.00991	0.02049	0.01454	0.01256	0.00793	0.00925	0.00661	0.00529	0.00463	0.00132	0.00925	0.00330	0.00264	0.00595
31	0.85592	0.00992	0.00754	0.00675	0.00992	0.01151	0.00556	0.01508	0.00873	0.02302	0.00714	0.00834	0.00556	0.00476	0.00318	0.00159	0.00397	0.00278	0.00318	0.00556
32	0.01292	0.01079	0.01706	0.21416	0.40195	0.01156	0.01325	0.07702	0.01234	0.06876	0.01087	0.01366	0.00850	0.00523	0.00543	0.00158	0.03592	0.00462	0.06711	0.00728
33	0.01378	0.01438	0.01210	0.00961	0.01352	0.26856	0.00748	0.04375	0.01243	0.01593	0.00885	0.01025	0.00732	0.00438	0.00412	0.00097	0.00567	0.00319	0.00299	0.54072
34	0.00622	0.00460	0.00581	0.00678	0.00735	0.00420	0.00460	0.00719	0.01018	0.01324	0.03276	0.67128	0.17608	0.01549	0.00646	0.00202	0.00291	0.01388	0.00476	0.00420
35	0.01294	0.56599	0.15671	0.01047	0.01482	0.03620	0.01086	0.01526	0.01027	0.01283	0.00746	0.00908	0.00659	0.00507	0.00529	0.00134	0.10683	0.00316	0.00221	0.00662
36	0.00833	0.00662	0.00865	0.00877	0.00933	0.00741	0.00645	0.07171	0.01063	0.01455	0.02273	0.59155	0.02650	0.01386	0.00845	0.00207	0.16148	0.01178	0.00430	0.00483
37	0.00652	0.00497	0.00600	0.00627	0.00735	0.00444	0.00450	0.00806	0.01200	0.01582	0.28584	0.30388	0.28938	0.01321	0.00622	0.00181	0.00267	0.01158	0.00506	0.00444
38	0.01111	0.01936	0.39781	0.08628	0.13819	0.01221	0.22929	0.01596	0.01127	0.01611	0.00960	0.01220	0.00713	0.00470	0.00526	0.00165	0.00760	0.00461	0.00235	0.00732
39	0.01064	0.00912	0.01064	0.00760	0.01216	0.00684	0.00608	0.01292	0.01064	0.01672	0.00912	0.01064	0.00760	0.00380	0.00380	0.00076	0.00380	0.00304	0.00304	0.85104
40	0.01019	0.07964	0.30765	0.01076	0.01486	0.00993	0.01144	0.01363	0.01049	0.05799	0.08479	0.01632	0.01275	0.01528	0.23517	0.00347	0.04088	0.00478	0.00296	0.05702
41	0.01403	0.00917	0.05479	0.00946	0.01281	0.00769	0.09059	0.01743	0.08306	0.30463	0.02893	0.02745	0.26711	0.00828	0.00548	0.00165	0.00432	0.00710	0.03922	0.00680
42	0.00625	0.00447	0.00595	0.00714	0.00744	0.00417	0.00476	0.00714	0.00982	0.01310	0.02828	0.81633	0.03394	0.01608	0.00655	0.00208	0.00298	0.01459	0.00476	0.00417
43	0.01053	0.00998	0.01691	0.59082	0.24530	0.01162	0.01467	0.01385	0.01066	0.01413	0.00927	0.01341	0.00720	0.00497	0.00512	0.00166	0.00663	0.00456	0.00235	0.00638
44	0.01040	0.00854	0.00956	0.00873	0.01090	0.00936	0.00671	0.01971	0.44996	0.02108	0.34940	0.02739	0.02974	0.00848	0.00558	0.00169	0.00336	0.00730	0.00540	0.00671
45	0.01270	0.01219	0.02083	0.03149	0.78767	0.01219	0.01575	0.01575	0.01168	0.01676	0.00965	0.01270	0.00813	0.00457	0.00508	0.00152	0.00610	0.00457	0.00254	0.00813
46	0.01521	0.00700	0.00941	0.00780	0.01041	0.00620	0.00620	0.01741	0.01461	0.40943	0.39910	0.02780	0.03039	0.00840	0.00560	0.00160	0.00340	0.00720	0.00600	0.00680
47	0.00744	0.00500	0.00644	0.00672	0.00727	0.00523	0.00467	0.00861	0.00878	0.01271	0.01836	0.21495	0.01958	0.24825	0.27319	0.00480	0.00700	0.00813	0.12877	0.00410
48	0.01029	0.02654	0.79309	0.01462	0.02221	0.01192	0.01896	0.01625	0.01083	0.01625	0.00921	0.01083	0.00650	0.00487	0.00487	0.00162	0.00758	0.00379	0.00217	0.00758
49	0.01300	0.01052	0.01191	0.00872	0.01316	0.00926	0.00706	0.21471	0.01423	0.02088	0.00997	0.01109	0.00790	0.00443	0.00416	0.00097	0.00429	0.00346	0.00360	0.62669
50	0.00620	0.00465	0.00576	0.00664	0.00731	0.00421	0.00454	0.00720	0.01031	0.01330	0.03440	0.61821	0.22810	0.01528	0.00642	0.00199	0.00288	0.01362	0.00476	0.00421
51	0.00745	0.00467	0.00669	0.00720	0.00751	0.00473	0.00499	0.00738	0.00835	0.01132	0.01822	0.36080	0.02047	0.02126	0.17222	0.31506	0.00570	0.00902	0.00342	0.00354
52	0.00646	0.00476	0.00605	0.00668	0.00742	0.00435	0.00465	0.00777	0.01121	0.01497	0.20925	0.51579	0.15319	0.01429	0.00636	0.00192	0.00279	0.01276	0.00497	0.00435
53	0.00638	0.00489	0.00589	0.00651	0.00747	0.00439	0.00467	0.00764	0.01100	0.01407	0.09169	0.42283	0.31715	0.01439	0.00637	0.00194	0.00291	0.06068	0.00483	0.00431
54	0.85592	0.00992	0.00754	0.00675	0.00992	0.01151	0.00556	0.01508	0.00873	0.02302	0.00714	0.00834	0.00556	0.00476	0.00318	0.00159	0.00397	0.00278	0.00318	0.00556
55	0.01587	0.04232	0.01690	0.01899	0.32219	0.01277	0.01167	0.26699	0.05150	0.11131	0.01344	0.01649	0.01068	0.00609	0.00519	0.00159	0.00553	0.05827	0.00411	0.00809
56	0.07086	0.04867	0.26399	0.01672	0.17442	0.01159	0.09655	0.04852	0.01238	0.18984	0.01179	0.01281	0.00838	0.00511	0.00494	0.00158	0.00628	0.00443	0.00341	0.00775
57	0.01038	0.00973	0.01620	0.46337	0.28060	0.01096	0.01380	0.01350	0.01089	0.01447	0.01289	0.01767	0.05872	0.00586	0.00526	0.00168	0.00622	0.03879	0.00264	0.00637
58	0.00681	0.00480	0.00574	0.00621	0.00656	0.00457	0.00393	0.00741	0.00914	0.01205	0.05375	0.35021	0.11081	0.37703	0.01528	0.00333	0.00381	0.01077	0.00405	0.00373
59	0.01512	0.01441	0.09980	0.03771	0.30163	0.01332	0.10197	0.27738	0.01605	0.05580	0.01106	0.01274	0.00830	0.00521	0.00520	0.00157	0.00634	0.00471	0.00357	0.00811
60	0.24931	0.07754	0.03171	0.01482	0.17683	0.30437	0.00996	0.01775	0.02714	0.03486	0.00859	0.01007	0.00696	0.00497	0.00425	0.00144	0.00658	0.00349	0.00286	0.00649
61	0.00643	0.00482	0.00598	0.00657	0.00742	0.00437	0.00463	0.00775	0.01122	0.01474	0.17640	0.46228	0.22559	0.01421	0.00634	0.00191	0.00281	0.02725	0.00493	0.00435
62	0.01424	0.77754	0.02606	0.00880	0.01317	0.01959	0.00871	0.01590	0.01066	0.05536	0.00786	0.00874	0.00692	0.00450	0.00340	0.00112	0.00542	0.00288	0.00243	0.00670
63	0.00610	0.00517	0.00528	0.00532	0.00697	0.00434	0.00396	0.00741	0.01168	0.01400	0.07017	0.08424	0.73175	0.01307	0.00609	0.00175	0.00261	0.01096	0.00479	0.00434
64	0.00980	0.00923	0.01559	0.77833	0.06347	0.01143	0.01431	0.01321	0.01031	0.01325	0.00914	0.01364	0.00689	0.00511	0.00513	0.00170	0.00681	0.00456	0.00229	0.00579
65	0.00661	0.00513	0.00601	0.00598	0.00731	0.00454	0.00441	0.00835	0.01271	0.01671	0.36983	0.13503	0.37443	0.01226	0.00612	0.00172	0.00257	0.01059	0.00515	0.00454
66	0.00969	0.00912	0.01539	0.80734	0.03534	0.01140	0.01425	0.01311	0.01026	0.01311	0.00912	0.01368	0.00684	0.00513	0.00513	0.00171	0.00684	0.00456	0.00228	0.00570
67	0.00726	0.00524	0.00686	0.00646	0.00767	0.00484	0.00484	0.00968	0.01452	0.02058	0.78496	0.03833	0.04841	0.01049	0.00605	0.00161	0.00242	0.00928	0.00565	0.00484
68	0.01247	0.01117	0.01703	0.34473	0.27826	0.01268	0.01358	0.13505	0.04751	0.01771	0.01020	0.01325	0.00796	0.00541	0.00577	0.00165	0.05091	0.00463	0.00295	0.00709
69	0.85592	0.00992	0.00754	0.00675	0.00992	0.01151	0.00556	0.01508	0.00873	0.02302	0.00714	0.00834	0.00556	0.00476	0.00318	0.00159	0.00397	0.00278	0.00318	0.00556
70	0.85592	0.00992	0.00754	0.00675	0.00992	0.01151	0.00556	0.01508	0.00873	0.02302	0.00714	0.00834	0.00556	0.00476	0.00318	0.00159	0.00397	0.00278	0.00318	0.00556
71	0.85592	0.00992	0.00754	0.00675	0.00992	0.01151	0.00556	0.01508	0.00873	0.02302	0.00714	0.00834	0.00556	0.00476	0.00318	0.00159	0.00397	0.00278	0.00318	0.00556
72	0.00963	0.00855	0.01494	0.01189	0.01405	0.00858	0.25700	0.05324	0.01012	0.01382	0.01344	0.02256	0.01307	0.31214	0.20969	0.00452	0.00839	0.00635	0.00296	0.00504
73	0.01098	0.00917	0.01005	0.00914	0.01151	0.01022	0.00705	0.02159	0.53389	0.02104	0.25043	0.02551	0.04120	0.00814	0.00549	0.00170	0.00354	0.00695	0.00534	0.00706
74	0.03945	0.01210	0.01388	0.01066	0.01470	0.01259	0.00881	0.46666	0.02015	0.32438	0.01526	0.01421	0.01019	0.00620	0.00510	0.00156	0.00512	0.00479	0.00556	0.00866
75	0.01211	0.01384	0.03028	0.02163	0.02682	0.01298	0.76903	0.01644	0.01211	0.01644	0.01038	0.01384	0.00779	0.00433	0.00606	0.00173	0.00865	0.00606	0.00260	0.00692
76	0.00664	0.00524	0.00599	0.00585	0.00734	0.00459	0.00441	0.00845	0.01293	0.01682	0.37100	0.04476	0.44639	0.01193	0.00608	0.00170	0.00257	0.02759	0.00515	0.00456
77	0.00734	0.00544	0.00795	0.00795	0.00877	0.00626	0.00605	0.00898	0.00816	0.01170	0.01401	0.02163	0.01347	0.12437	0.71433	0.00789	0.01278	0.00571	0.00279	0.00442
78	0.02289	0.00894	0.01204	0.00923	0.01320	0.00785	0.00762	0.05289	0.01504	0.76284	0.01995	0.01727	0.01255	0.00634	0.00516	0.00159	0.00441	0.00514	0.00631	0.00873
79	0.00623	0.00519	0.00544	0.00542	0.00704	0.00440	0.00405	0.00767	0.01203	0.01476	0.15145	0.06804	0.66515	0.01273	0.00608	0.00173	0.00258	0.01072	0.00489	0.00440
80	0.00969	0.00912	0.01539	0.80734	0.03534	0.01140	0.01425	0.01311	0.01026	0.01311	0.00912	0.01368	0.00684	0.00513	0.00513	0.00171	0.00684	0.00456	0.00228	0.00570
81	0.01211	0.01384	0.03028	0.02163	0.02682	0.01298	0.76903	0.01644	0.01211	0.01644	0.01038	0.01384	0.00779	0.00433	0.00606	0.00173	0.00865	0.00606	0.00260	0.00692
82	0.02302	0.00873	0.01191	0.00913	0.01310	0.00754	0.00754	0.02501	0.01469	0.79122	0.02024	0.01746	0.01270	0.00635	0.00516	0.00159	0.00437	0.00516	0.00635	0.00873
83	0.00620	0.00509	0.00548	0.00577	0.00720	0.00437	0.00426	0.00747	0.01134	0.01378	0.04630	0.19687	0.60677	0.01364	0.00620	0.00183	0.00277	0.04557	0.00476	0.00432
84	0.23682	0.01035	0.01159	0.00914	0.01293	0.01050	0.00754	0.19511	0.01534	0.41753	0.01503	0.01392	0.00994	0.00590	0.00464	0.00158	0.00456	0.00442	0.00525	0.00791
85	0.01270	0.01219	0.02083	0.03149	0.78767	0.01219	0.01575	0.01575	0.01168	0.01676	0.00965	0.01270	0.00813	0.00457	0.00508	0.00152	0.00610	0.00457	0.00254	0.00813
86	0.43733	0.00932	0.00974	0.00794	0.01152	0.00952	0.00655	0.02007	0.01172	0.40909	0.01373	0.01292	0.00915	0.00556	0.00417	0.00159	0.00417	0.00398	0.00477	0.00715
87	0.00684	0.00523	0.00628	0.00602	0.00741	0.00466	0.00451	0.00887	0.01353	0.01823	0.52855	0.04219	0.30629	0.01137	0.00606	0.00166	0.00248	0.00982	0.00534	0.00466
88	0.00687	0.00523	0.00631	0.00604	0.00742	0.00467	0.00453	0.00892	0.01359	0.01836	0.54313	0.04197	0.29163	0.01132	0.00606	0.00165	0.00248	0.00979	0.00536	0.00467
89	0.02186	0.01059	0.01306	0.01001	0.01403	0.01030	0.00827	0.27099	0.01780	0.54084	0.01763	0.01577	0.01139	0.00629	0.00515	0.00157	0.00479	0.00498	0.00595	0.00873
90	0.00744	0.00535	0.00772	0.00772	0.00844	0.00607	0.00576	0.00874	0.00803	0.01142	0.01387	0.02212	0.01357	0.16605	0.62864	0.05451	0.01178	0.00576	0.00278	0.00421
91	0.01053	0.00995	0.01053	0.00986	0.01116	0.13564	0.00772	0.01360	0.09401	0.01353	0.01273	0.01692	0.01126	0.02354	0.42497	0.00514	0.12866	0.00499	0.04990	0.00535
92	0.01211	0.01384	0.03028	0.02163	0.02682	0.01298	0.76903	0.01644	0.01211	0.01644	0.01038	0.01384	0.00779	0.00433	0.00606	0.00173	0.00865	0.00606	0.00260	0.00692
93	0.01270	0.01219	0.02083	0.03149	0.78767	0.01219	0.01575	0.01575	0.01168	0.01676	0.00965	0.01270	0.00813	0.00457	0.00508	0.00152	0.00610	0.00457	0.00254	0.00813
94	0.00747	0.00536	0.00783	0.00783	0.00858	0.00610	0.00590	0.00878	0.00803	0.01145	0.01361	0.02123	0.01314	0.12104	0.65225	0.07677	0.01204	0.00562	0.00275	0.00423
95	0.00751	0.00699	0.07114	0.00712	0.00885	0.00542	0.00600	0.01022	0.01422	0.02022	0.72154	0.03608	0.04499	0.01003	0.00596	0.00161	0.00284	0.00883	0.00536	0.00507
96	0.01344	0.75767	0.08953	0.00926	0.01391	0.01962	0.00961	0.01544	0.01046	0.01241	0.00730	0.00844	0.00658	0.00443	0.00342	0.00114	0.00566	0.00283	0.00219	0.00667
97	0.01029	0.02654	0.79309	0.01462	0.02221	0.01192	0.01896	0.01625	0.01083	0.01625	0.00921	0.01083	0.00650	0.00487	0.00487	0.00162	0.00758	0.00379	0.00217	0.00758
98	0.01978	0.01228	0.07689	0.01059	0.01480	0.01119	0.00926	0.27050	0.09493	0.39943	0.01679	0.01539	0.01118	0.00623	0.00513	0.00159	0.00502	0.00493	0.00549	0.00857
99	0.01418	0.01310	0.07640	0.01111	0.01468	0.01345	0.00940	0.20484	0.53454	0.02365	0.01787	0.01683	0.01325	0.00660	0.00517	0.00168	0.00473	0.00535	0.00495	0.00822
100	0.01250	0.01336	0.08396	0.03012	0.72509	0.01217	0.01601	0.01579	0.01161	0.01672	0.00962	0.01255	0.00799	0.00460	0.00506	0.00153	0.00622	0.00451	0.00251	0.00808
101	0.01282	0.01367	0.08470	0.02794	0.59856	0.01246	0.09850	0.05780	0.01235	0.01755	0.00984	0.01265	0.00799	0.00466	0.00517	0.00156	0.00647	0.00467	0.00266	0.00798
102	0.01098	0.02246	0.57340	0.01942	0.23996	0.01199	0.01804	0.01611	0.01107	0.01640	0.00933	0.01136	0.00696	0.00479	0.00493	0.00160	0.00716	0.00401	0.00227	0.00774
103	0.00669	0.00666	0.07020	0.00697	0.00851	0.00497	0.00564	0.00840	0.01136	0.01490	0.16476	0.35269	0.29316	0.01314	0.00616	0.00184	0.00313	0.01150	0.00470	0.00462
104	0.01024	0.01077	0.07903	0.32420	0.27687	0.01037	0.01322	0.01354	0.01164	0.01609	0.16658	0.01812	0.01566	0.00601	0.00528	0.00162	0.00576	0.00546	0.00304	0.00648
105	0.01325	0.71343	0.13209	0.00958	0.01441	0.01915	0.01018	0.01549	0.01048	0.01265	0.00742	0.00859	0.00657	0.00446	0.00351	0.00117	0.00578	0.00289	0.00219	0.00672
106	0.01108	0.01298	0.23169	0.00956	0.01348	0.00870	0.00961	0.03344	0.14747	0.11947	0.07823	0.02728	0.25897	0.00842	0.00544	0.00167	0.00457	0.00695	0.00438	0.00664
107	0.00658	0.00627	0.07030	0.00776	0.00865	0.00480	0.00592	0.00789	0.00991	0.01336	0.02672	0.75047	0.03169	0.01516	0.00641	0.00205	0.00335	0.01370	0.00455	0.00445
108	0.00712	0.00669	0.07079	0.00739	0.00877	0.00516	0.00597	0.00924	0.01241	0.01734	0.42985	0.33599	0.03941	0.01218	0.00615	0.00180	0.00306	0.01088	0.00502	0.00481
109	0.08167	0.01079	0.01458	0.31920	0.08551	0.01199	0.01124	0.22115	0.01483	0.16157	0.01191	0.01350	0.00843	0.00556	0.00498	0.00162	0.00578	0.00455	0.00389	0.00726
110	0.00773	0.00713	0.07198	0.00834	0.00975	0.00665	0.00701	0.00980	0.00857	0.01260	0.01375	0.02032	0.01276	0.09162	0.62392	0.00699	0.01183	0.00546	0.05905	0.00473
111	0.01344	0.75767	0.08953	0.00926	0.01391	0.01962	0.00961	0.01544	0.01046	0.01241	0.00730	0.00844	0.00658	0.00443	0.00342	0.00114	0.00566	0.00283	0.00219	0.00667
112	0.00974	0.01054	0.07897	0.74253	0.03427	0.01144	0.01463	0.01337	0.01031	0.01337	0.00913	0.01345	0.00681	0.00511	0.00511	0.00170	0.00690	0.00450	0.00227	0.00585
113	0.01698	0.01449	0.07798	0.01168	0.01575	0.01476	0.01008	0.51334	0.22147	0.02816	0.01432	0.01399	0.01037	0.00627	0.00514	0.00160	0.00539	0.00486	0.00491	0.00847
114	0.00658	0.00627	0.07030	0.00776	0.00865	0.00480	0.00592	0.00789	0.00991	0.01336	0.02672	0.75047	0.03169	0.01516	0.00641	0.00205	0.00335	0.01370	0.00455	0.00445
115	0.00674	0.00649	0.07038	0.00741	0.00863	0.00494	0.00584	0.00836	0.01095	0.01476	0.16307	0.52408	0.12151	0.01382	0.00627	0.00192	0.00321	0.01233	0.00471	0.00458

[dist]
# distance from previous block
# <min> <max>
0	1

[block]
# block no. 1 follows, 48 sequences, length 10
# corresponding to MSA columns:
# 210-219
name=unknown_B
#
# <colnr> <probs for GDERKNQSTAVLIFYWHMCP>
#	G	D	E	R	K	N	Q	S	T	A	V	L	I	F	Y	W	H	M	C	P
0	0.00798	0.01207	0.25875	0.00881	0.01217	0.00700	0.00917	0.01130	0.01274	0.01776	0.38004	0.03186	0.19189	0.00922	0.00568	0.00164	0.00411	0.00785	0.00434	0.00561
1	0.24656	0.01498	0.26147	0.01034	0.01525	0.01033	0.01074	0.04658	0.01216	0.30494	0.01283	0.01265	0.00861	0.00544	0.00452	0.00160	0.00534	0.00405	0.00410	0.00750
2	0.01262	0.56731	0.27271	0.01065	0.01607	0.01761	0.01205	0.01565	0.01056	0.01341	0.00780	0.00907	0.00656	0.00455	0.00380	0.00127	0.00616	0.00308	0.00219	0.00691
3	0.01178	0.01562	0.26230	0.01095	0.01599	0.01077	0.01105	0.07494	0.22166	0.01904	0.01261	0.01315	0.00954	0.00519	0.00463	0.00136	0.00522	0.00416	0.00351	0.28653
4	0.28119	0.00938	0.01287	0.55048	0.02719	0.01144	0.01146	0.01374	0.00977	0.01629	0.00849	0.01197	0.00643	0.00501	0.00450	0.00167	0.00592	0.00399	0.00257	0.00565
5	0.00969	0.00912	0.01539	0.80734	0.03534	0.01140	0.01425	0.01311	0.01026	0.01311	0.00912	0.01368	0.00684	0.00513	0.00513	0.00171	0.00684	0.00456	0.00228	0.00570
6	0.00980	0.01176	0.25770	0.00794	0.01119	0.00707	0.00852	0.01333	0.01078	0.01821	0.01432	0.01647	0.01102	0.00562	0.00400	0.00133	0.00406	0.00446	0.57674	0.00568
7	0.01029	0.02654	0.79309	0.01462	0.02221	0.01192	0.01896	0.01625	0.01083	0.01625	0.00921	0.01083	0.00650	0.00487	0.00487	0.00162	0.00758	0.00379	0.00217	0.00758
8	0.01093	0.01495	0.26189	0.01004	0.01555	0.00888	0.01038	0.04808	0.01131	0.01727	0.00929	0.01078	0.00730	0.00425	0.00420	0.00107	0.00510	0.00335	0.00285	0.54253
9	0.01193	0.01680	0.26859	0.02608	0.54208	0.01210	0.01678	0.01591	0.01141	0.01660	0.00951	0.01210	0.00761	0.00467	0.00501	0.00156	0.00657	0.00432	0.00242	0.00795

[dist]
# distance from previous block
# <min> <max>
0	2

[block]
# block no. 2 follows, 48 sequences, length 16
# corresponding to MSA columns:
# 222-237
name=unknown_C
#
# <colnr> <probs for GDERKNQSTAVLIFYWHMCP>
#	G	D	E	R	K	N	Q	S	T	A	V	L	I	F	Y	W	H	M	C	P
0	0.01191	0.01687	0.27273	0.02599	0.53798	0.01210	0.01679	0.01591	0.01141	0.01660	0.00951	0.01209	0.00760	0.00467	0.00501	0.00156	0.00658	0.00432	0.00242	0.00795
1	0.00838	0.01201	0.26247	0.00854	0.01101	0.00724	0.00828	0.01033	0.00856	0.01200	0.01390	0.02616	0.01469	0.55390	0.01919	0.00388	0.00583	0.00626	0.00280	0.00457
2	0.58009	0.01534	0.26378	0.00932	0.01393	0.01164	0.00993	0.01546	0.00942	0.02081	0.00782	0.00915	0.00586	0.00480	0.00373	0.00160	0.00515	0.00311	0.00285	0.00622
3	0.85592	0.00992	0.00754	0.00675	0.00992	0.01151	0.00556	0.01508	0.00873	0.02302	0.00714	0.00834	0.00556	0.00476	0.00318	0.00159	0.00397	0.00278	0.00318	0.00556
4	0.01086	0.00997	0.01517	0.30359	0.23456	0.00997	0.01170	0.01377	0.01079	0.01543	0.00927	0.01231	0.00747	0.00449	0.00463	0.00131	0.00553	0.00401	0.00263	0.31253
5	0.58009	0.01534	0.26378	0.00932	0.01393	0.01164	0.00993	0.01546	0.00942	0.02081	0.00782	0.00915	0.00586	0.00480	0.00373	0.00160	0.00515	0.00311	0.00285	0.00622
6	0.01887	0.01454	0.26672	0.01092	0.01607	0.00897	0.01127	0.02215	0.01343	0.53844	0.01664	0.01530	0.01068	0.00587	0.00507	0.00160	0.00542	0.00471	0.00499	0.00836
7	0.01067	0.01012	0.01716	0.55427	0.28074	0.01166	0.01474	0.01397	0.01072	0.01430	0.00929	0.01336	0.00726	0.00495	0.00511	0.00165	0.00660	0.00456	0.00236	0.00649
8	0.01676	0.01424	0.26614	0.01079	0.01551	0.00888	0.01102	0.04738	0.01320	0.41883	0.01730	0.10934	0.01304	0.00701	0.00523	0.00166	0.00530	0.00581	0.00475	0.00782
9	0.01024	0.01516	0.26971	0.45726	0.11980	0.01166	0.01596	0.01445	0.01061	0.01456	0.00921	0.01264	0.00688	0.00498	0.00504	0.00166	0.00699	0.00431	0.00227	0.00660
10	0.00831	0.01247	0.26433	0.03866	0.01422	0.00827	0.01064	0.01151	0.00936	0.01348	0.01432	0.01858	0.05534	0.02485	0.46588	0.00548	0.01084	0.00522	0.00266	0.00559
11	0.01211	0.01384	0.03028	0.02163	0.02682	0.01298	0.76903	0.01644	0.01211	0.01644	0.01038	0.01384	0.00779	0.00433	0.00606	0.00173	0.00865	0.00606	0.00260	0.00692
12	0.01191	0.01687	0.27273	0.02599	0.53798	0.01210	0.01679	0.01591	0.01141	0.01660	0.00951	0.01209	0.00760	0.00467	0.00501	0.00156	0.00658	0.00432	0.00242	0.00795
13	0.01508	0.01723	0.26791	0.01199	0.01675	0.01332	0.01197	0.43450	0.01782	0.02445	0.01176	0.01434	0.00917	0.10170	0.00752	0.00197	0.00620	0.00468	0.00393	0.00769
14	0.28400	0.00682	0.00775	0.00763	0.00921	0.00781	0.00594	0.01086	0.00859	0.01568	0.01331	0.11021	0.01295	0.02484	0.44613	0.00535	0.00929	0.00568	0.00313	0.00485
15	0.00998	0.00968	0.01715	0.71466	0.03433	0.01159	0.10328	0.01350	0.01048	0.01350	0.00927	0.01370	0.00695	0.00504	0.00524	0.00171	0.00705	0.00474	0.00232	0.00584

[dist]
# distance from previous block
# <min> <max>
0	81

# created by:
# /home/cegg/simao/soft/augustus-3.2.1/scripts/msa2prfl.pl ./align_prep/27388.fa
