[name]
unknown

[dist]
# distance from previous block
# <min> <max>
0	18

[block]
# block no. 0 follows, 48 sequences, length 11
# corresponding to MSA columns:
# 18-28
name=unknown_A
#
# <colnr> <probs for GDERKNQSTAVLIFYWHMCP>
#	G	D	E	R	K	N	Q	S	T	A	V	L	I	F	Y	W	H	M	C	P
0	0.00774	0.00574	0.00753	0.00843	0.00975	0.00553	0.00722	0.00985	0.01178	0.01500	0.03310	0.05585	0.21035	0.01389	0.00684	0.00221	0.00422	0.57560	0.00473	0.00463
1	0.00629	0.00516	0.00526	0.00526	0.00671	0.00444	0.00377	0.00738	0.01101	0.01323	0.04618	0.04682	0.66148	0.14353	0.00931	0.00226	0.00298	0.01028	0.00450	0.00413
2	0.01219	0.01250	0.01794	0.06335	0.23698	0.07091	0.05779	0.01419	0.00982	0.01391	0.00801	0.01180	0.00719	0.00696	0.01130	0.00191	0.42990	0.00453	0.00238	0.00644
3	0.01034	0.00725	0.00807	0.00721	0.00823	0.00766	0.00486	0.19005	0.01148	0.01540	0.01513	0.02785	0.01600	0.58767	0.05815	0.00431	0.00556	0.00669	0.00358	0.00452
4	0.00716	0.00505	0.00654	0.00669	0.00720	0.00514	0.00455	0.00824	0.00947	0.01308	0.16654	0.18137	0.02594	0.32232	0.20341	0.00455	0.00620	0.00871	0.00383	0.00400
5	0.00634	0.00484	0.00587	0.00663	0.00751	0.00436	0.00473	0.00749	0.01064	0.01354	0.03660	0.48533	0.30033	0.01483	0.00642	0.00198	0.00298	0.07054	0.00476	0.00427
6	0.00976	0.00623	0.00821	0.00818	0.00947	0.00632	0.00614	0.08336	0.01158	0.10020	0.04139	0.39978	0.02426	0.01917	0.19589	0.00345	0.00604	0.05079	0.00451	0.00525
7	0.00630	0.00496	0.00569	0.00603	0.00721	0.00435	0.00432	0.00762	0.01147	0.01457	0.14944	0.30508	0.42741	0.01367	0.00623	0.00183	0.00270	0.01187	0.00489	0.00435
8	0.01735	0.01409	0.01418	0.01094	0.01501	0.08917	0.00889	0.51712	0.01998	0.02670	0.01113	0.01162	0.00825	0.00551	0.00477	0.00133	0.00555	0.00412	0.00439	0.20991
9	0.01204	0.01038	0.01539	0.61708	0.03069	0.01248	0.01317	0.19427	0.01358	0.01771	0.00989	0.01335	0.00729	0.00538	0.00513	0.00167	0.00655	0.00457	0.00296	0.00642
10	0.01058	0.01134	0.02364	0.06125	0.02265	0.01078	0.54485	0.01403	0.01146	0.01546	0.01459	0.20576	0.01399	0.00718	0.00612	0.00181	0.00719	0.00801	0.00310	0.00620

[dist]
# distance from previous block
# <min> <max>
0	1

[block]
# block no. 1 follows, 48 sequences, length 15
# corresponding to MSA columns:
# 30-44
name=unknown_B
#
# <colnr> <probs for GDERKNQSTAVLIFYWHMCP>
#	G	D	E	R	K	N	Q	S	T	A	V	L	I	F	Y	W	H	M	C	P
0	0.01182	0.01109	0.01876	0.02767	0.65951	0.01124	0.01421	0.01466	0.01112	0.01596	0.01033	0.01393	0.00890	0.01015	0.13583	0.00263	0.00735	0.00472	0.00257	0.00754
1	0.01010	0.14170	0.01169	0.00818	0.01044	0.00998	0.00657	0.01633	0.26602	0.01918	0.37493	0.05744	0.03014	0.00854	0.00534	0.00159	0.00349	0.00726	0.00490	0.00619
2	0.01020	0.00943	0.01477	0.67616	0.03172	0.01162	0.01324	0.01544	0.13671	0.01449	0.01106	0.01458	0.00829	0.00543	0.00514	0.00171	0.00638	0.00476	0.00276	0.00610
3	0.00660	0.00461	0.00585	0.00670	0.00691	0.00440	0.00429	0.00724	0.00915	0.01220	0.02481	0.59209	0.02956	0.24628	0.01215	0.00291	0.00355	0.01255	0.00429	0.00386
4	0.01443	0.01020	0.08013	0.00887	0.01197	0.00910	0.00775	0.15957	0.10804	0.18209	0.09212	0.01965	0.01582	0.00677	0.00485	0.00152	0.00415	0.02486	0.23111	0.00701
5	0.01054	0.00968	0.01597	0.36220	0.33411	0.01066	0.01302	0.01324	0.01037	0.01406	0.01049	0.01656	0.00930	0.13899	0.00856	0.00217	0.00623	0.00504	0.00252	0.00625
6	0.01106	0.00522	0.00741	0.00695	0.00761	0.00503	0.00480	0.00980	0.00810	0.13782	0.01166	0.01810	0.01072	0.11365	0.01834	0.60787	0.00450	0.00494	0.00301	0.00341
7	0.00764	0.00526	0.00705	0.00705	0.00773	0.00579	0.00510	0.00901	0.00832	0.01222	0.01482	0.02395	0.01457	0.26253	0.47669	0.00643	0.00980	0.00598	0.10587	0.00418
8	0.09813	0.10814	0.01247	0.01161	0.13805	0.03877	0.00778	0.08171	0.03318	0.01753	0.10730	0.08031	0.17142	0.03717	0.00589	0.00172	0.00440	0.03455	0.00393	0.00594
9	0.11476	0.09381	0.01237	0.00800	0.01233	0.00962	0.00662	0.08143	0.01160	0.01841	0.00896	0.01026	0.00735	0.00419	0.00379	0.00097	0.00416	0.00312	0.00316	0.58511
10	0.01251	0.00893	0.01020	0.00863	0.01120	0.00912	0.00679	0.28502	0.01588	0.04769	0.11136	0.14398	0.07054	0.01098	0.06783	0.00207	0.00478	0.00708	0.07034	0.09506
11	0.04212	0.18817	0.09791	0.14231	0.01878	0.03469	0.05101	0.22102	0.03751	0.04115	0.03840	0.04342	0.01020	0.00587	0.00477	0.00152	0.00591	0.00470	0.00350	0.00704
12	0.01362	0.01144	0.01870	0.01431	0.01778	0.04156	0.31926	0.14156	0.01379	0.10592	0.01495	0.13930	0.01317	0.03814	0.00675	0.00183	0.02795	0.00688	0.04642	0.00667
13	0.04428	0.01575	0.09656	0.01817	0.26013	0.17056	0.01226	0.08806	0.01280	0.04666	0.00943	0.01144	0.00758	0.00544	0.00623	0.00152	0.10449	0.00405	0.00294	0.08163
14	0.06625	0.07418	0.42803	0.11099	0.08083	0.01216	0.01510	0.04801	0.01159	0.09160	0.01015	0.01169	0.00731	0.00504	0.00474	0.00158	0.00661	0.00398	0.00280	0.00736

[dist]
# distance from previous block
# <min> <max>
0	104

[block]
# block no. 2 follows, 48 sequences, length 28
# corresponding to MSA columns:
# 149-176
name=unknown_C
#
# <colnr> <probs for GDERKNQSTAVLIFYWHMCP>
#	G	D	E	R	K	N	Q	S	T	A	V	L	I	F	Y	W	H	M	C	P
0	0.01086	0.01028	0.01742	0.47996	0.33597	0.01160	0.01472	0.01411	0.01086	0.01462	0.00971	0.01422	0.00783	0.00510	0.00515	0.00165	0.00650	0.02034	0.00244	0.00665
1	0.06039	0.01303	0.01599	0.01492	0.13350	0.13395	0.10918	0.11540	0.04268	0.23668	0.06186	0.01523	0.01189	0.00582	0.00513	0.00156	0.00597	0.00499	0.00429	0.00754
2	0.01305	0.04507	0.24915	0.10469	0.26785	0.01219	0.01455	0.09789	0.03384	0.07596	0.01122	0.03227	0.00869	0.00537	0.00501	0.00159	0.00629	0.00460	0.00308	0.00766
3	0.00689	0.00536	0.00614	0.00636	0.00751	0.00499	0.00454	0.00894	0.05934	0.01462	0.13537	0.25325	0.33573	0.10052	0.00834	0.00218	0.00308	0.02764	0.00473	0.00447
4	0.00634	0.00515	0.00565	0.00587	0.00733	0.00446	0.00441	0.00774	0.01164	0.01433	0.09749	0.15461	0.57460	0.01333	0.00621	0.00182	0.00280	0.06701	0.00482	0.00437
5	0.01116	0.01083	0.01900	0.41317	0.34792	0.01187	0.08310	0.01451	0.01102	0.01493	0.00946	0.01329	0.00746	0.00482	0.00519	0.00163	0.00669	0.00470	0.00242	0.00682
6	0.01095	0.16739	0.50448	0.11809	0.02259	0.01343	0.06369	0.01569	0.01076	0.01509	0.00890	0.01093	0.00664	0.00479	0.00470	0.00155	0.00717	0.00385	0.00221	0.00711
7	0.01179	0.00709	0.00866	0.00792	0.00999	0.00691	0.00604	0.01614	0.16972	0.20160	0.20871	0.19447	0.10930	0.01023	0.00578	0.00175	0.00336	0.00887	0.00545	0.00624
8	0.01797	0.01193	0.01329	0.01072	0.01438	0.01291	0.00868	0.34287	0.28367	0.20140	0.01710	0.01586	0.01204	0.00648	0.00517	0.00162	0.00480	0.00515	0.00544	0.00852
9	0.01410	0.01245	0.01930	0.01487	0.01816	0.01371	0.25486	0.20259	0.11473	0.05453	0.01206	0.01405	0.00927	0.00771	0.04319	0.00208	0.17616	0.00527	0.00367	0.00722
10	0.00826	0.00920	0.11231	0.11588	0.08851	0.00732	0.00945	0.01080	0.01120	0.01481	0.05994	0.17773	0.18544	0.01077	0.00598	0.00188	0.00463	0.15660	0.00391	0.00537
11	0.00831	0.00648	0.00770	0.00718	0.00880	0.00649	0.00544	0.01321	0.17823	0.02004	0.54152	0.03541	0.12123	0.01000	0.00587	0.00165	0.00279	0.00870	0.00546	0.00549
12	0.00730	0.00557	0.00680	0.00722	0.00821	0.00546	0.00513	0.01034	0.11193	0.01585	0.18923	0.46475	0.11600	0.01337	0.00622	0.00190	0.00296	0.01191	0.00501	0.00485
13	0.01761	0.02057	0.01825	0.01493	0.01836	0.50589	0.18278	0.12889	0.01538	0.01632	0.00913	0.01074	0.00719	0.00520	0.00503	0.00145	0.00859	0.00412	0.00300	0.00657
14	0.00969	0.00912	0.01539	0.80734	0.03534	0.01140	0.01425	0.01311	0.01026	0.01311	0.00912	0.01368	0.00684	0.00513	0.00513	0.00171	0.00684	0.00456	0.00228	0.00570
15	0.01526	0.01601	0.01597	0.01300	0.01640	0.26802	0.12501	0.11636	0.17857	0.01814	0.01175	0.01275	0.00914	0.00559	0.00551	0.00147	0.04519	0.00445	0.00354	0.11786
16	0.14281	0.00850	0.00983	0.00810	0.01131	0.00783	0.00638	0.07219	0.01228	0.22934	0.01634	0.19089	0.01460	0.00754	0.00479	0.00146	0.00394	0.00626	0.00450	0.24108
17	0.12287	0.01126	0.01792	0.08043	0.58455	0.01168	0.01372	0.01506	0.01098	0.01703	0.00954	0.01266	0.00800	0.00677	0.05481	0.00197	0.00635	0.00439	0.00262	0.00740
18	0.12055	0.00947	0.01722	0.01373	0.01665	0.00918	0.34887	0.01255	0.01081	0.01602	0.01740	0.31025	0.01822	0.00921	0.00591	0.00187	0.00575	0.04715	0.00358	0.00562
19	0.01008	0.00528	0.00533	0.00514	0.00649	0.00535	0.00390	0.05094	0.01145	0.01981	0.01651	0.01878	0.01292	0.00599	0.00367	0.00121	0.00256	0.00477	0.80484	0.00499
20	0.01747	0.02183	0.01341	0.01242	0.01476	0.69471	0.00924	0.01874	0.01392	0.01263	0.01060	0.11522	0.01020	0.00670	0.00488	0.00142	0.00843	0.00479	0.00292	0.00571
21	0.00732	0.00508	0.00603	0.00589	0.00640	0.00490	0.00377	0.00825	0.01020	0.01395	0.29391	0.03604	0.06603	0.49054	0.01795	0.00361	0.00394	0.00828	0.00410	0.00379
22	0.00654	0.00512	0.00593	0.00594	0.00728	0.00450	0.00437	0.00821	0.01251	0.01629	0.32480	0.14910	0.40617	0.01247	0.00613	0.00174	0.00258	0.01075	0.00510	0.00450
23	0.01078	0.11198	0.66210	0.01443	0.02152	0.01289	0.06505	0.01617	0.01087	0.01581	0.00906	0.01074	0.00659	0.00479	0.00478	0.00157	0.00742	0.00382	0.00220	0.00743
24	0.01077	0.00502	0.00737	0.00701	0.00753	0.00486	0.00486	0.00909	0.00774	0.11163	0.01040	0.01584	0.00941	0.01632	0.01810	0.73923	0.00444	0.00455	0.00277	0.00308
25	0.01047	0.01084	0.06481	0.49405	0.18508	0.01100	0.01378	0.01382	0.01064	0.01453	0.00923	0.01290	0.00718	0.00483	0.00493	0.00154	0.00634	0.00431	0.00243	0.11730
26	0.10344	0.37160	0.35261	0.01169	0.03798	0.01554	0.01298	0.01572	0.01045	0.01518	0.00809	0.00948	0.00648	0.00464	0.00401	0.00139	0.00624	0.00325	0.00230	0.00694
27	0.00959	0.23563	0.05472	0.00933	0.01153	0.01112	0.03651	0.01141	0.00928	0.01244	0.01307	0.12065	0.01319	0.05829	0.30971	0.00427	0.06525	0.00588	0.00280	0.00533

[dist]
# distance from previous block
# <min> <max>
0	1

[block]
# block no. 3 follows, 48 sequences, length 94
# corresponding to MSA columns:
# 178-271
name=unknown_D
#
# <colnr> <probs for GDERKNQSTAVLIFYWHMCP>
#	G	D	E	R	K	N	Q	S	T	A	V	L	I	F	Y	W	H	M	C	P
0	0.01262	0.01199	0.01974	0.05068	0.68844	0.01223	0.01493	0.01684	0.08942	0.01714	0.01078	0.01338	0.00886	0.00483	0.00510	0.00155	0.00591	0.00470	0.00280	0.00806
1	0.00637	0.00462	0.00602	0.00691	0.00743	0.00427	0.00471	0.00750	0.01058	0.01414	0.13015	0.65798	0.09012	0.01511	0.00645	0.00200	0.00288	0.01361	0.00488	0.00427
2	0.00720	0.00524	0.00677	0.00639	0.00763	0.00481	0.00479	0.00956	0.01437	0.02022	0.74584	0.03892	0.08776	0.01062	0.00605	0.00162	0.00243	0.00936	0.00560	0.00481
3	0.00809	0.00524	0.00642	0.00628	0.00668	0.00534	0.00400	0.00865	0.00833	0.04410	0.06125	0.03074	0.01910	0.59600	0.16402	0.00522	0.00639	0.00712	0.00333	0.00372
4	0.01210	0.01158	0.01974	0.18607	0.63778	0.01203	0.01545	0.01522	0.01140	0.01604	0.00955	0.01289	0.00787	0.00468	0.00509	0.00156	0.00624	0.00457	0.00249	0.00764
5	0.00969	0.00912	0.01539	0.80734	0.03534	0.01140	0.01425	0.01311	0.01026	0.01311	0.00912	0.01368	0.00684	0.00513	0.00513	0.00171	0.00684	0.00456	0.00228	0.00570
6	0.00734	0.00547	0.00809	0.00809	0.00895	0.00633	0.00622	0.00906	0.00820	0.01179	0.01389	0.02095	0.01317	0.08480	0.75350	0.00805	0.01322	0.00561	0.00277	0.00449
7	0.02302	0.00873	0.01191	0.00913	0.01310	0.00754	0.00754	0.02501	0.01469	0.79122	0.02024	0.01746	0.01270	0.00635	0.00516	0.00159	0.00437	0.00516	0.00635	0.00873
8	0.01951	0.01437	0.01540	0.01181	0.01591	0.01591	0.00975	0.77056	0.02412	0.03234	0.01232	0.01232	0.00873	0.00616	0.00513	0.00154	0.00565	0.00462	0.00513	0.00873
9	0.00625	0.00447	0.00595	0.00714	0.00744	0.00417	0.00476	0.00714	0.00982	0.01310	0.02828	0.81633	0.03394	0.01608	0.00655	0.00208	0.00298	0.01459	0.00476	0.00417
10	0.00740	0.00522	0.00683	0.00683	0.00725	0.00564	0.00464	0.00825	0.00783	0.01086	0.01504	0.02735	0.01595	0.45715	0.38495	0.00649	0.00904	0.00655	0.00294	0.00379
11	0.00746	0.00497	0.00560	0.00560	0.00560	0.00497	0.00311	0.00746	0.00746	0.00995	0.01617	0.03358	0.01865	0.81967	0.02612	0.00497	0.00497	0.00746	0.00311	0.00311
12	0.00644	0.00524	0.00572	0.00568	0.00726	0.00452	0.00430	0.00806	0.01238	0.01555	0.22823	0.04705	0.57647	0.01244	0.00610	0.00173	0.00264	0.04073	0.00498	0.00447
13	0.01811	0.00792	0.01035	0.00846	0.01151	0.00718	0.00677	0.06019	0.02499	0.51258	0.09935	0.11345	0.01874	0.00789	0.00530	0.00162	0.00392	0.00665	0.06752	0.00750
14	0.07141	0.00516	0.00498	0.00493	0.00627	0.00527	0.00373	0.01218	0.01061	0.01941	0.01604	0.01834	0.01260	0.00589	0.00356	0.00122	0.00251	0.00464	0.78642	0.00484
15	0.00749	0.00541	0.00628	0.00596	0.00758	0.00473	0.00451	0.00932	0.01309	0.05829	0.37136	0.04284	0.42142	0.01154	0.00601	0.00167	0.00262	0.00985	0.00524	0.00479
16	0.01313	0.68614	0.15836	0.00978	0.01472	0.01886	0.01053	0.01552	0.01050	0.01279	0.00749	0.00868	0.00657	0.00447	0.00356	0.00119	0.00585	0.00292	0.00219	0.00676
17	0.01383	0.01287	0.07530	0.08975	0.42507	0.01202	0.05413	0.09767	0.04437	0.08687	0.01128	0.01330	0.00864	0.00503	0.00511	0.00155	0.00606	0.00466	0.00323	0.02924
18	0.19745	0.33093	0.03808	0.02999	0.01384	0.20401	0.00865	0.06070	0.01203	0.01625	0.04076	0.01022	0.00827	0.00508	0.00390	0.00134	0.00603	0.00335	0.00284	0.00626
19	0.01434	0.43910	0.20822	0.01037	0.01535	0.01565	0.01099	0.01801	0.06666	0.14100	0.01077	0.01115	0.00822	0.00501	0.00412	0.00135	0.00571	0.00361	0.00309	0.00729
20	0.01917	0.02445	0.01454	0.01322	0.01586	0.79907	0.00991	0.02049	0.01454	0.01256	0.00793	0.00925	0.00661	0.00529	0.00463	0.00132	0.00925	0.00330	0.00264	0.00595
21	0.01263	0.06641	0.59846	0.01319	0.01991	0.01150	0.01613	0.01758	0.01145	0.14641	0.01095	0.01180	0.00758	0.00507	0.00481	0.00157	0.00682	0.00394	0.00290	0.03091
22	0.00625	0.00447	0.00595	0.00714	0.00744	0.00417	0.00476	0.00714	0.00982	0.01310	0.02828	0.81633	0.03394	0.01608	0.00655	0.00208	0.00298	0.01459	0.00476	0.00417
23	0.00648	0.00483	0.00564	0.00626	0.00723	0.00433	0.00444	0.00769	0.01071	0.01392	0.03691	0.42655	0.33385	0.01404	0.00616	0.00189	0.00284	0.03555	0.06639	0.00430
24	0.01221	0.00820	0.00966	0.00874	0.01113	0.00852	0.00692	0.01924	0.31474	0.15442	0.22253	0.02996	0.07252	0.00894	0.00568	0.00175	0.00367	0.08895	0.00545	0.00677
25	0.00625	0.00447	0.00595	0.00714	0.00744	0.00417	0.00476	0.00714	0.00982	0.01310	0.02828	0.81633	0.03394	0.01608	0.00655	0.00208	0.00298	0.01459	0.00476	0.00417
26	0.01029	0.02654	0.79309	0.01462	0.02221	0.01192	0.01896	0.01625	0.01083	0.01625	0.00921	0.01083	0.00650	0.00487	0.00487	0.00162	0.00758	0.00379	0.00217	0.00758
27	0.00665	0.00530	0.00598	0.00617	0.00765	0.00469	0.00479	0.00823	0.01189	0.01483	0.13824	0.06978	0.51496	0.03830	0.00689	0.00194	0.00304	0.14144	0.00482	0.00442
28	0.00626	0.00524	0.00546	0.00550	0.00717	0.00445	0.00419	0.00768	0.01188	0.01435	0.09573	0.04915	0.69990	0.01290	0.00612	0.00176	0.00270	0.05035	0.00482	0.00438
29	0.01138	0.01167	0.01818	0.01485	0.01573	0.01525	0.13936	0.01304	0.00858	0.01304	0.00735	0.01167	0.00691	0.00819	0.01502	0.00216	0.67474	0.00475	0.00230	0.00583
30	0.01176	0.01219	0.01632	0.06092	0.01559	0.07257	0.04818	0.01319	0.00870	0.01261	0.00714	0.01135	0.00678	0.00826	0.01473	0.00212	0.66511	0.00448	0.00229	0.00571
31	0.00728	0.00533	0.00760	0.00769	0.00839	0.00599	0.00570	0.00871	0.00822	0.01164	0.01524	0.08076	0.01542	0.17822	0.60148	0.00720	0.01137	0.00652	0.00296	0.00428
32	0.00726	0.00524	0.00686	0.00646	0.00767	0.00484	0.00484	0.00968	0.01452	0.02058	0.78496	0.03833	0.04841	0.01049	0.00605	0.00161	0.00242	0.00928	0.00565	0.00484
33	0.01029	0.02654	0.79309	0.01462	0.02221	0.01192	0.01896	0.01625	0.01083	0.01625	0.00921	0.01083	0.00650	0.00487	0.00487	0.00162	0.00758	0.00379	0.00217	0.00758
34	0.00651	0.00508	0.00590	0.00598	0.00727	0.00448	0.00438	0.00811	0.01232	0.01601	0.29719	0.18519	0.39785	0.01270	0.00615	0.00176	0.00261	0.01099	0.00507	0.00448
35	0.00625	0.00447	0.00595	0.00714	0.00744	0.00417	0.00476	0.00714	0.00982	0.01310	0.02828	0.81633	0.03394	0.01608	0.00655	0.00208	0.00298	0.01459	0.00476	0.00417
36	0.01372	0.82276	0.02689	0.00878	0.01317	0.02030	0.00878	0.01536	0.01043	0.01207	0.00713	0.00823	0.00658	0.00439	0.00329	0.00110	0.00549	0.00274	0.00219	0.00658
37	0.01265	0.01179	0.01754	0.35177	0.33470	0.05064	0.01405	0.11412	0.01286	0.01708	0.00970	0.01289	0.00760	0.00505	0.00509	0.00159	0.00650	0.00451	0.00278	0.00709
38	0.00733	0.00550	0.00825	0.00825	0.00916	0.00641	0.00641	0.00916	0.00825	0.01191	0.01374	0.02016	0.01283	0.03848	0.79934	0.00825	0.01374	0.00550	0.00275	0.00458
39	0.00746	0.00497	0.00560	0.00560	0.00560	0.00497	0.00311	0.00746	0.00746	0.00995	0.01617	0.03358	0.01865	0.81967	0.02612	0.00497	0.00497	0.00746	0.00311	0.00311
40	0.55076	0.01022	0.00918	0.04023	0.01175	0.01165	0.00656	0.17145	0.01222	0.02410	0.00940	0.01062	0.00714	0.00521	0.00371	0.00154	0.00425	0.00346	0.10042	0.00613
41	0.01882	0.02394	0.01531	0.01363	0.01640	0.76083	0.04685	0.02029	0.01442	0.01275	0.00805	0.00948	0.00667	0.00524	0.00470	0.00134	0.00922	0.00344	0.00264	0.00600
42	0.00726	0.00524	0.00686	0.00646	0.00767	0.00484	0.00484	0.00968	0.01452	0.02058	0.78496	0.03833	0.04841	0.01049	0.00605	0.00161	0.00242	0.00928	0.00565	0.00484
43	0.00956	0.00478	0.00478	0.00478	0.00598	0.00478	0.00359	0.01196	0.01076	0.01913	0.01674	0.01913	0.01315	0.00598	0.00359	0.00120	0.00239	0.00478	0.84816	0.00478
44	0.01029	0.02654	0.79309	0.01462	0.02221	0.01192	0.01896	0.01625	0.01083	0.01625	0.00921	0.01083	0.00650	0.00487	0.00487	0.00162	0.00758	0.00379	0.00217	0.00758
45	0.00625	0.00447	0.00595	0.00714	0.00744	0.00417	0.00476	0.00714	0.00982	0.01310	0.02828	0.81633	0.03394	0.01608	0.00655	0.00208	0.00298	0.01459	0.00476	0.00417
46	0.01372	0.82276	0.02689	0.00878	0.01317	0.02030	0.00878	0.01536	0.01043	0.01207	0.00713	0.00823	0.00658	0.00439	0.00329	0.00110	0.00549	0.00274	0.00219	0.00658
47	0.00635	0.00458	0.00604	0.00717	0.00759	0.00427	0.00491	0.00735	0.01003	0.01326	0.02948	0.73341	0.07381	0.01581	0.00655	0.00208	0.00305	0.05527	0.00476	0.00421
48	0.00641	0.00521	0.00568	0.00556	0.00714	0.00448	0.00417	0.00804	0.01252	0.01581	0.26449	0.04618	0.57186	0.01227	0.00606	0.00170	0.00255	0.01038	0.00502	0.00448
49	0.00745	0.00500	0.00574	0.00574	0.00579	0.00505	0.00329	0.00755	0.00750	0.01005	0.01604	0.03286	0.01834	0.77798	0.06738	0.00515	0.00544	0.00736	0.00309	0.00319
50	0.01859	0.02349	0.01463	0.01324	0.01569	0.74183	0.01001	0.01989	0.01405	0.01254	0.00784	0.00940	0.00662	0.00556	0.00552	0.00139	0.06778	0.00339	0.00261	0.00592
51	0.00743	0.00503	0.00588	0.00583	0.00601	0.00504	0.00348	0.00780	0.00828	0.01122	0.10044	0.03338	0.02161	0.68914	0.06518	0.00478	0.00516	0.00756	0.00337	0.00338
52	0.01241	0.05230	0.01654	0.01338	0.01442	0.10257	0.05113	0.01495	0.07781	0.01339	0.00835	0.01171	0.00757	0.00792	0.01321	0.00201	0.56729	0.00447	0.00257	0.00599
53	0.01270	0.01219	0.02083	0.03149	0.78767	0.01219	0.01575	0.01575	0.01168	0.01676	0.00965	0.01270	0.00813	0.00457	0.00508	0.00152	0.00610	0.00457	0.00254	0.00813
54	0.02187	0.00848	0.01154	0.00893	0.01270	0.00734	0.00734	0.02389	0.01467	0.73491	0.07612	0.01899	0.01531	0.00665	0.00523	0.00159	0.00422	0.00546	0.00630	0.00845
55	0.00761	0.00592	0.00879	0.00863	0.00948	0.00709	0.00677	0.00940	0.00822	0.01194	0.01323	0.01950	0.01238	0.03633	0.74216	0.00781	0.07195	0.00542	0.00271	0.00466
56	0.00811	0.00650	0.00931	0.00900	0.00968	0.00789	0.00707	0.00967	0.00836	0.01204	0.01372	0.02268	0.01355	0.11067	0.52309	0.00641	0.15463	0.06015	0.00284	0.00463
57	0.00631	0.00473	0.00589	0.00677	0.00748	0.00430	0.00473	0.00739	0.01040	0.01341	0.03422	0.58163	0.22405	0.01519	0.00646	0.00201	0.00297	0.05305	0.00476	0.00424
58	0.00636	0.00458	0.00597	0.00693	0.00736	0.00426	0.00466	0.00735	0.01017	0.01356	0.08434	0.68662	0.07448	0.04828	0.00729	0.00215	0.00300	0.01371	0.00476	0.00418
59	0.01372	0.82276	0.02689	0.00878	0.01317	0.02030	0.00878	0.01536	0.01043	0.01207	0.00713	0.00823	0.00658	0.00439	0.00329	0.00110	0.00549	0.00274	0.00219	0.00658
60	0.01029	0.02654	0.79309	0.01462	0.02221	0.01192	0.01896	0.01625	0.01083	0.01625	0.00921	0.01083	0.00650	0.00487	0.00487	0.00162	0.00758	0.00379	0.00217	0.00758
61	0.00659	0.00534	0.00589	0.00589	0.00742	0.00471	0.00442	0.00850	0.03326	0.01554	0.21027	0.10241	0.52421	0.01254	0.00610	0.00175	0.00269	0.03295	0.00497	0.00455
62	0.00627	0.00469	0.00576	0.00656	0.00724	0.00426	0.00447	0.00727	0.01031	0.01332	0.04916	0.56960	0.22879	0.04794	0.00721	0.00210	0.00295	0.01321	0.00471	0.00418
63	0.00756	0.00538	0.00621	0.00621	0.00757	0.00498	0.00471	0.03002	0.01251	0.01722	0.25056	0.11858	0.28659	0.01132	0.00575	0.00169	0.00280	0.06875	0.14691	0.00469
64	0.20154	0.30559	0.01667	0.00905	0.01277	0.01510	0.00791	0.09789	0.18405	0.08610	0.01190	0.01193	0.00915	0.00540	0.00405	0.00144	0.00475	0.00384	0.00376	0.00711
65	0.85592	0.00992	0.00754	0.00675	0.00992	0.01151	0.00556	0.01508	0.00873	0.02302	0.00714	0.00834	0.00556	0.00476	0.00318	0.00159	0.00397	0.00278	0.00318	0.00556
66	0.01143	0.22848	0.57528	0.01310	0.01972	0.03772	0.01610	0.01615	0.01084	0.01508	0.00864	0.01013	0.00652	0.00476	0.00447	0.00148	0.00710	0.00351	0.00219	0.00728
67	0.00642	0.00485	0.00590	0.00662	0.00745	0.00440	0.00469	0.00756	0.01060	0.01359	0.05578	0.46093	0.27347	0.04758	0.00722	0.00210	0.00305	0.06883	0.00472	0.00424
68	0.01031	0.01191	0.09863	0.01537	0.01900	0.01051	0.37547	0.01376	0.01054	0.01508	0.01151	0.01561	0.00945	0.01465	0.23633	0.00360	0.05234	0.00549	0.06436	0.00608
69	0.01049	0.07375	0.74766	0.01428	0.02167	0.01241	0.01835	0.01620	0.01081	0.01600	0.00909	0.01068	0.00650	0.00485	0.00478	0.00159	0.00746	0.00373	0.00217	0.00752
70	0.01705	0.01276	0.01359	0.01089	0.01446	0.01422	0.00884	0.52873	0.20334	0.02862	0.01474	0.01453	0.01076	0.00634	0.00502	0.00156	0.00499	0.00492	0.07640	0.00825
71	0.01944	0.01619	0.01524	0.01206	0.01590	0.15699	0.00978	0.63544	0.02240	0.02877	0.01153	0.01177	0.00834	0.00600	0.00504	0.00150	0.00630	0.00438	0.00468	0.00823
72	0.01267	0.01227	0.02129	0.03101	0.75065	0.01223	0.05240	0.01578	0.01170	0.01675	0.00969	0.01275	0.00811	0.00456	0.00513	0.00153	0.00622	0.00464	0.00254	0.00807
73	0.01289	0.01266	0.02030	0.06225	0.71943	0.05044	0.01540	0.01587	0.01176	0.01641	0.00955	0.01257	0.00800	0.00463	0.00506	0.00152	0.00628	0.00451	0.00253	0.00792
74	0.06855	0.01125	0.01166	0.00965	0.01302	0.10880	0.00771	0.05935	0.16321	0.40372	0.05012	0.01787	0.03867	0.00662	0.00505	0.00159	0.00482	0.00524	0.00534	0.00777
75	0.00845	0.00552	0.00643	0.00605	0.00775	0.00486	0.00459	0.01026	0.01283	0.09534	0.29267	0.06429	0.37850	0.01106	0.00580	0.00165	0.00271	0.00941	0.06685	0.00498
76	0.00630	0.00452	0.00598	0.00706	0.00744	0.00421	0.00474	0.00727	0.01011	0.01348	0.06576	0.75691	0.05577	0.01572	0.00651	0.00205	0.00294	0.01422	0.00481	0.00421
77	0.00969	0.00912	0.01539	0.80734	0.03534	0.01140	0.01425	0.01311	0.01026	0.01311	0.00912	0.01368	0.00684	0.00513	0.00513	0.00171	0.00684	0.00456	0.00228	0.00570
78	0.01040	0.00948	0.00874	0.00799	0.00986	0.13659	0.00606	0.10628	0.01473	0.01861	0.33298	0.08972	0.20844	0.01009	0.00574	0.00162	0.00403	0.00846	0.00482	0.00534
79	0.00773	0.00557	0.00703	0.00693	0.00834	0.00517	0.00544	0.01016	0.02883	0.03796	0.46604	0.04323	0.18512	0.01149	0.00621	0.00178	0.00297	0.14981	0.00531	0.00489
80	0.05045	0.01299	0.01349	0.01070	0.01448	0.09634	0.00869	0.33877	0.06775	0.31037	0.01515	0.01419	0.01031	0.00614	0.00502	0.00155	0.00540	0.00469	0.00525	0.00828
81	0.02186	0.00916	0.01200	0.00935	0.01322	0.00836	0.00768	0.05060	0.09248	0.68731	0.02004	0.01746	0.01287	0.00641	0.00517	0.00160	0.00438	0.00521	0.00619	0.00867
82	0.01206	0.01419	0.05095	0.02144	0.02669	0.01295	0.74870	0.01643	0.01208	0.01643	0.01035	0.01376	0.00775	0.00434	0.00602	0.00173	0.00862	0.00599	0.00258	0.00694
83	0.01372	0.82276	0.02689	0.00878	0.01317	0.02030	0.00878	0.01536	0.01043	0.01207	0.00713	0.00823	0.00658	0.00439	0.00329	0.00110	0.00549	0.00274	0.00219	0.00658
84	0.02034	0.01058	0.01279	0.00994	0.01373	0.01050	0.00816	0.29361	0.03755	0.44081	0.07327	0.01717	0.01395	0.00660	0.00522	0.00158	0.00468	0.00528	0.00583	0.00843
85	0.00683	0.00494	0.00658	0.00768	0.00834	0.00469	0.00573	0.00818	0.01054	0.01381	0.02969	0.53845	0.08757	0.01529	0.00667	0.00214	0.00346	0.23033	0.00475	0.00434
86	0.01045	0.00741	0.00897	0.00901	0.01085	0.00772	0.00756	0.09519	0.11681	0.03810	0.02521	0.04181	0.07843	0.01115	0.00612	0.00200	0.00431	0.41575	0.09748	0.00570
87	0.01125	0.24815	0.57983	0.01300	0.01969	0.01425	0.01612	0.01600	0.01072	0.01509	0.00863	0.01011	0.00652	0.00474	0.00443	0.00148	0.00700	0.00350	0.00217	0.00731
88	0.01216	0.30574	0.28189	0.01728	0.24065	0.01486	0.01414	0.01567	0.01100	0.01499	0.02265	0.01094	0.00776	0.00472	0.00439	0.00141	0.00631	0.00374	0.00235	0.00734
89	0.06333	0.03134	0.01364	0.01106	0.01452	0.18213	0.00882	0.28102	0.19690	0.09876	0.01368	0.01342	0.01004	0.00599	0.00486	0.00151	0.00577	0.00448	0.00451	0.03422
90	0.03446	0.01263	0.01768	0.10067	0.49690	0.09766	0.01340	0.03592	0.01207	0.03063	0.01263	0.01502	0.06464	0.00552	0.00538	0.00156	0.02826	0.00485	0.00284	0.00727
91	0.19436	0.09391	0.03430	0.02103	0.01322	0.03266	0.00799	0.19775	0.14980	0.05024	0.08401	0.01465	0.01268	0.00599	0.00451	0.00149	0.00467	0.00453	0.00419	0.06803
92	0.01274	0.01173	0.01341	0.01526	0.21613	0.10584	0.00941	0.12720	0.10346	0.01732	0.01682	0.02069	0.09609	0.15319	0.00964	0.00221	0.05302	0.00577	0.00358	0.00648
93	0.21498	0.01088	0.01324	0.01494	0.22279	0.01145	0.00936	0.19101	0.04611	0.02164	0.01242	0.11164	0.01114	0.00645	0.00471	0.00155	0.00480	0.00532	0.00373	0.08184

[dist]
# distance from previous block
# <min> <max>
3	33

# created by:
# /home/cegg/simao/soft/augustus-3.2.1/scripts/msa2prfl.pl ./align_prep/27413.fa
