[name]
unknown

[dist]
# distance from previous block
# <min> <max>
0	78

[block]
# block no. 0 follows, 49 sequences, length 65
# corresponding to MSA columns:
# 89-153
name=unknown_A
#
# <colnr> <probs for GDERKNQSTAVLIFYWHMCP>
#	G	D	E	R	K	N	Q	S	T	A	V	L	I	F	Y	W	H	M	C	P
0	0.00735	0.00547	0.00775	0.00839	0.00940	0.00525	0.03146	0.00918	0.01120	0.01480	0.10167	0.32488	0.07221	0.01390	0.00661	0.00211	0.00384	0.35532	0.00469	0.00452
1	0.00735	0.00490	0.00552	0.00552	0.00552	0.00490	0.00306	0.00735	0.00735	0.00980	0.01593	0.03309	0.01838	0.82229	0.02574	0.00490	0.00490	0.00735	0.00306	0.00306
2	0.69425	0.01021	0.00868	0.00742	0.01072	0.01156	0.00612	0.10618	0.01086	0.08260	0.00863	0.00937	0.00639	0.00498	0.00351	0.00156	0.00414	0.00313	0.00360	0.00609
3	0.00644	0.00458	0.00606	0.00714	0.00750	0.00433	0.00490	0.00740	0.00969	0.01289	0.02685	0.68540	0.03188	0.07713	0.00798	0.00230	0.00325	0.08563	0.00457	0.00408
4	0.00955	0.00899	0.01517	0.81013	0.03483	0.01123	0.01404	0.01292	0.01011	0.01292	0.00899	0.01348	0.00674	0.00506	0.00506	0.00169	0.00674	0.00449	0.00225	0.00562
5	0.01922	0.01416	0.01518	0.01163	0.01568	0.01568	0.00961	0.77388	0.02378	0.03187	0.01214	0.01214	0.00860	0.00607	0.00506	0.00152	0.00556	0.00455	0.00506	0.00860
6	0.00616	0.00440	0.00587	0.00704	0.00733	0.00411	0.00469	0.00704	0.00968	0.01291	0.02787	0.81899	0.03344	0.01584	0.00645	0.00205	0.00293	0.01438	0.00469	0.00411
7	0.01960	0.01356	0.01480	0.01135	0.01538	0.01478	0.00937	0.69234	0.02276	0.11484	0.01299	0.01269	0.00903	0.00609	0.00506	0.00152	0.00543	0.00461	0.00519	0.00860
8	0.01352	0.82533	0.02650	0.00865	0.01298	0.02001	0.00865	0.01514	0.01027	0.01190	0.00703	0.00811	0.00649	0.00433	0.00324	0.00108	0.00541	0.00270	0.00216	0.00649
9	0.00707	0.00478	0.00560	0.00588	0.00595	0.00471	0.00346	0.00728	0.00791	0.01055	0.01881	0.22242	0.02201	0.62801	0.02109	0.00422	0.00443	0.00905	0.00346	0.00332
10	0.00943	0.00471	0.00471	0.00471	0.00589	0.00471	0.00353	0.01178	0.01060	0.01885	0.01650	0.01885	0.01296	0.00589	0.00353	0.00118	0.00236	0.00471	0.85036	0.00471
11	0.05210	0.01786	0.01299	0.01130	0.01405	0.43978	0.00872	0.20607	0.01644	0.01899	0.13917	0.01462	0.01387	0.00626	0.00486	0.00142	0.00689	0.00454	0.00373	0.00635
12	0.01124	0.00943	0.01089	0.00785	0.01230	0.00751	0.00630	0.07829	0.01163	0.01780	0.00926	0.01063	0.00759	0.00395	0.00386	0.00082	0.00390	0.00313	0.00317	0.78045
13	0.01423	0.01240	0.01418	0.01139	0.01503	0.05568	0.08210	0.21595	0.34073	0.02218	0.01477	0.01469	0.01110	0.00579	0.00494	0.00148	0.00508	0.00485	0.00437	0.14908
14	0.01510	0.01428	0.01224	0.01074	0.01336	0.23823	0.00828	0.25888	0.14464	0.02051	0.05000	0.16048	0.01542	0.00793	0.00522	0.00159	0.00570	0.00637	0.00433	0.00672
15	0.01116	0.01158	0.02286	0.02203	0.26707	0.01109	0.40272	0.01445	0.01142	0.01575	0.01295	0.14778	0.01208	0.00627	0.00574	0.00170	0.00679	0.00691	0.00290	0.00675
16	0.00943	0.00599	0.00745	0.00760	0.00890	0.00579	0.00548	0.02516	0.10215	0.12232	0.03852	0.52270	0.09258	0.01295	0.00604	0.00190	0.00326	0.01151	0.00498	0.00529
17	0.00744	0.00570	0.00839	0.00827	0.00907	0.00674	0.00641	0.00911	0.00806	0.01166	0.01330	0.02009	0.01262	0.07812	0.71818	0.00763	0.05655	0.00547	0.00270	0.00449
18	0.01095	0.01054	0.01893	0.02243	0.41232	0.01026	0.18098	0.01400	0.01206	0.01695	0.15849	0.05517	0.01727	0.00637	0.00553	0.00162	0.00570	0.03032	0.00326	0.00685
19	0.01033	0.06960	0.75425	0.01410	0.02140	0.01219	0.01814	0.01597	0.01065	0.01579	0.00896	0.01054	0.00641	0.00478	0.00472	0.00157	0.00736	0.00368	0.00214	0.00742
20	0.01889	0.02410	0.01433	0.01303	0.01563	0.80199	0.00977	0.02019	0.01433	0.01238	0.00782	0.00912	0.00651	0.00521	0.00456	0.00130	0.00912	0.00326	0.00261	0.00586
21	0.02192	0.00983	0.01249	0.00958	0.01352	0.00925	0.00791	0.18968	0.01652	0.62632	0.01823	0.01609	0.01165	0.00622	0.00508	0.00155	0.00458	0.00497	0.00599	0.00860
22	0.00846	0.00688	0.02541	0.00877	0.01007	0.00661	0.07242	0.08153	0.01086	0.01467	0.04499	0.35879	0.02341	0.17264	0.09395	0.00316	0.00533	0.04332	0.00399	0.00473
23	0.01309	0.74664	0.07435	0.00900	0.01340	0.01901	0.00920	0.01499	0.01023	0.01215	0.00738	0.00868	0.00670	0.00552	0.03096	0.00136	0.00582	0.00286	0.00218	0.00648
24	0.02269	0.00861	0.01174	0.00900	0.01291	0.00743	0.00743	0.02464	0.01447	0.79425	0.01995	0.01721	0.01252	0.00626	0.00509	0.00156	0.00430	0.00509	0.00626	0.00861
25	0.00695	0.00497	0.00678	0.00795	0.00859	0.00479	0.00607	0.00841	0.01046	0.01380	0.02743	0.51473	0.03171	0.01509	0.00667	0.00216	0.00362	0.31080	0.00468	0.00433
26	0.01450	0.38591	0.13996	0.01201	0.01636	0.25660	0.07985	0.01691	0.01172	0.01306	0.00787	0.00931	0.00659	0.00466	0.00413	0.00128	0.00714	0.00333	0.00233	0.00648
27	0.00990	0.00934	0.01579	0.71911	0.12315	0.01133	0.01422	0.01322	0.01028	0.01334	0.00905	0.01337	0.00689	0.00499	0.00505	0.00166	0.00666	0.00450	0.00228	0.00590
28	0.56150	0.11636	0.01141	0.00834	0.01151	0.19098	0.00685	0.01610	0.01011	0.01899	0.00721	0.00841	0.00584	0.00476	0.00347	0.00144	0.00528	0.00285	0.00289	0.00569
29	0.01070	0.00599	0.00769	0.00679	0.00872	0.00533	0.00526	0.01280	0.01389	0.20581	0.47979	0.03463	0.16297	0.00977	0.00575	0.00160	0.00288	0.00842	0.00559	0.00561
30	0.00658	0.00479	0.00620	0.00660	0.00739	0.00441	0.00466	0.00816	0.01185	0.01620	0.36367	0.41823	0.09606	0.01320	0.00620	0.00182	0.00267	0.01180	0.00508	0.00441
31	0.03694	0.01290	0.18874	0.01066	0.06429	0.00857	0.00953	0.03096	0.03607	0.03557	0.08415	0.01366	0.01146	0.00490	0.00436	0.00116	0.00467	0.00401	0.00321	0.43418
32	0.12232	0.01073	0.01174	0.00941	0.01282	0.01123	0.00765	0.37139	0.01740	0.19681	0.01793	0.07757	0.08177	0.00726	0.00499	0.00158	0.00457	0.00572	0.00499	0.02211
33	0.00668	0.00529	0.00613	0.00659	0.00802	0.00475	0.00527	0.00826	0.01143	0.01407	0.04183	0.10592	0.49464	0.01339	0.00633	0.00193	0.00325	0.24716	0.00468	0.00438
34	0.07641	0.01147	0.01691	0.01711	0.20491	0.06969	0.17915	0.08288	0.01265	0.01782	0.10677	0.11581	0.01564	0.00698	0.00587	0.00165	0.04199	0.00640	0.00344	0.00645
35	0.01415	0.07789	0.08615	0.01329	0.07322	0.20608	0.04437	0.04604	0.34895	0.01761	0.01382	0.01400	0.01063	0.00576	0.00485	0.00153	0.00608	0.00459	0.00371	0.00728
36	0.02242	0.00903	0.01200	0.00920	0.01312	0.00806	0.00760	0.08176	0.01518	0.73613	0.01935	0.01682	0.01222	0.00624	0.00508	0.00156	0.00440	0.00504	0.00617	0.00861
37	0.00686	0.00496	0.00647	0.00650	0.00747	0.00458	0.00472	0.00881	0.01300	0.01812	0.56341	0.24415	0.06828	0.01187	0.00609	0.00172	0.00254	0.01057	0.00531	0.00458
38	0.01200	0.01495	0.20555	0.01349	0.07538	0.04668	0.10462	0.15943	0.08652	0.01917	0.05347	0.02030	0.15238	0.00687	0.00530	0.00161	0.00575	0.00590	0.00370	0.00692
39	0.01633	0.01941	0.01628	0.01380	0.01688	0.49473	0.13674	0.02101	0.18447	0.01496	0.01106	0.01204	0.00869	0.00542	0.00492	0.00146	0.00788	0.00426	0.00316	0.00650
40	0.00731	0.00507	0.00635	0.00635	0.00664	0.00535	0.00410	0.00789	0.00760	0.01042	0.01517	0.02887	0.01655	0.57206	0.27346	0.00593	0.00766	0.00674	0.00295	0.00353
41	0.21453	0.01091	0.01366	0.01542	0.26045	0.01086	0.00945	0.12772	0.01235	0.02027	0.00916	0.01084	0.00734	0.00456	0.00420	0.00130	0.00478	0.00365	0.00318	0.25539
42	0.01352	0.82533	0.02650	0.00865	0.01298	0.02001	0.00865	0.01514	0.01027	0.01190	0.00703	0.00811	0.00649	0.00433	0.00324	0.00108	0.00541	0.00270	0.00216	0.00649
43	0.01352	0.82533	0.02650	0.00865	0.01298	0.02001	0.00865	0.01514	0.01027	0.01190	0.00703	0.00811	0.00649	0.00433	0.00324	0.00108	0.00541	0.00270	0.00216	0.00649
44	0.01135	0.31291	0.51995	0.01235	0.01869	0.01471	0.01508	0.01570	0.01053	0.01454	0.00834	0.00976	0.00644	0.00463	0.00424	0.00141	0.00673	0.00337	0.00215	0.00712
45	0.01337	0.78946	0.06104	0.00891	0.01338	0.01964	0.00910	0.01518	0.01029	0.01208	0.00712	0.00823	0.00649	0.00435	0.00331	0.00110	0.00550	0.00275	0.00216	0.00653
46	0.00605	0.00484	0.00541	0.00587	0.00703	0.00421	0.00417	0.00717	0.01081	0.01337	0.04213	0.34858	0.49465	0.01399	0.00616	0.00184	0.00271	0.01211	0.00470	0.00421
47	0.00983	0.00687	0.00828	0.00814	0.00975	0.00689	0.00636	0.13753	0.03481	0.05259	0.07637	0.28647	0.12460	0.01211	0.00607	0.00190	0.00375	0.17601	0.02631	0.00537
48	0.00914	0.00800	0.00933	0.00859	0.00983	0.07598	0.06480	0.01198	0.11005	0.01379	0.09587	0.17483	0.02151	0.28903	0.07198	0.00329	0.00545	0.00803	0.00379	0.00472
49	0.01232	0.00930	0.00787	0.00714	0.00896	0.13942	0.00548	0.12101	0.01321	0.01966	0.03977	0.01690	0.01241	0.00595	0.00400	0.00126	0.00394	0.00459	0.56136	0.00546
50	0.01610	0.00936	0.01040	0.00840	0.01130	0.00974	0.00680	0.32544	0.01676	0.18067	0.01542	0.01578	0.01109	0.00604	0.00447	0.00139	0.00406	0.00472	0.33497	0.00709
51	0.01711	0.01209	0.01338	0.01070	0.01418	0.01313	0.00880	0.54259	0.07036	0.08518	0.08482	0.01870	0.01445	0.00712	0.00530	0.00160	0.00501	0.06242	0.00517	0.00791
52	0.01012	0.00981	0.01721	0.53138	0.11129	0.01114	0.12710	0.01381	0.03400	0.01432	0.03787	0.01554	0.03382	0.00536	0.00525	0.00167	0.00656	0.00511	0.00260	0.00605
53	0.00649	0.00514	0.00584	0.00566	0.00715	0.00449	0.00425	0.00825	0.01274	0.01655	0.37283	0.04391	0.46529	0.01173	0.00597	0.00166	0.00248	0.01001	0.00508	0.00449
54	0.00650	0.00480	0.00616	0.00712	0.00783	0.00446	0.00519	0.00773	0.01039	0.01346	0.03193	0.53545	0.17044	0.01494	0.00647	0.00204	0.00319	0.15299	0.00469	0.00424
55	0.01000	0.00680	0.00944	0.00822	0.00944	0.00685	0.07887	0.09934	0.01025	0.03894	0.01476	0.09836	0.01507	0.31714	0.02706	0.17463	0.00497	0.00669	0.05886	0.00431
56	0.16136	0.00923	0.01117	0.00882	0.01254	0.00884	0.00725	0.06176	0.06363	0.57607	0.01743	0.01555	0.01133	0.00603	0.00476	0.00157	0.00428	0.00471	0.00560	0.00804
57	0.00779	0.00570	0.00764	0.00861	0.00987	0.00556	0.00743	0.00994	0.01162	0.01489	0.03086	0.05564	0.15596	0.01377	0.00682	0.00222	0.00431	0.63212	0.00466	0.00459
58	0.01974	0.01333	0.01466	0.01124	0.01527	0.01444	0.00928	0.66152	0.02238	0.14620	0.01331	0.01290	0.00919	0.00610	0.00506	0.00152	0.00538	0.00463	0.00524	0.00860
59	0.01168	0.34736	0.20220	0.07139	0.04320	0.01419	0.03412	0.01500	0.03596	0.03252	0.04106	0.04818	0.01018	0.00557	0.00460	0.00141	0.02611	0.00432	0.04441	0.00653
60	0.15810	0.00710	0.00870	0.00768	0.00979	0.00727	0.00596	0.01479	0.01025	0.26538	0.03084	0.01959	0.01305	0.15246	0.26253	0.00422	0.00724	0.00525	0.00404	0.00576
61	0.00887	0.00496	0.00554	0.00569	0.00688	0.00490	0.00446	0.01120	0.01124	0.01829	0.11062	0.02814	0.03692	0.00792	0.00445	0.00143	0.00275	0.13096	0.59011	0.00470
62	0.01072	0.00807	0.01215	0.01620	0.31278	0.00797	0.00931	0.02384	0.01201	0.05245	0.13746	0.05191	0.01928	0.00749	0.00514	0.00157	0.00424	0.10512	0.19609	0.00621
63	0.02752	0.08058	0.42667	0.01357	0.05327	0.01348	0.01441	0.24895	0.02746	0.02076	0.01030	0.02226	0.00767	0.00533	0.00478	0.00154	0.00649	0.00411	0.00315	0.00770
64	0.01052	0.03649	0.57423	0.01283	0.01882	0.01120	0.01541	0.08363	0.01189	0.01729	0.06913	0.01372	0.01036	0.00854	0.08213	0.00222	0.00746	0.00437	0.00272	0.00706

[dist]
# distance from previous block
# <min> <max>
0	1

[block]
# block no. 1 follows, 49 sequences, length 15
# corresponding to MSA columns:
# 155-169
name=unknown_B
#
# <colnr> <probs for GDERKNQSTAVLIFYWHMCP>
#	G	D	E	R	K	N	Q	S	T	A	V	L	I	F	Y	W	H	M	C	P
0	0.01088	0.09714	0.10423	0.04349	0.21205	0.01097	0.12765	0.03889	0.01161	0.01572	0.01487	0.08127	0.01452	0.00765	0.00553	0.00175	0.00595	0.18618	0.00319	0.00646
1	0.01435	0.70144	0.02462	0.00933	0.01339	0.14092	0.00883	0.01592	0.01090	0.01197	0.00715	0.00827	0.00649	0.00446	0.00345	0.00112	0.00598	0.00279	0.00223	0.00639
2	0.01495	0.01245	0.03166	0.01033	0.01399	0.14508	0.05530	0.06340	0.10798	0.17277	0.01391	0.06570	0.01106	0.00587	0.00475	0.00134	0.00525	0.00483	0.00403	0.25533
3	0.05201	0.12539	0.26808	0.03949	0.05489	0.10057	0.06142	0.05361	0.01241	0.16931	0.01095	0.01178	0.00786	0.00509	0.00466	0.00149	0.00648	0.00401	0.00323	0.00727
4	0.01169	0.00777	0.01065	0.14095	0.01436	0.00851	0.00800	0.03715	0.01149	0.18643	0.06413	0.15605	0.15558	0.00953	0.00760	0.00181	0.15060	0.00763	0.00425	0.00581
5	0.00959	0.00817	0.00822	0.00783	0.00954	0.07095	0.00585	0.11125	0.08450	0.01736	0.13740	0.26170	0.22535	0.01129	0.00580	0.00174	0.00370	0.00968	0.00474	0.00534
6	0.03877	0.01382	0.06384	0.01804	0.17459	0.09666	0.24790	0.06864	0.01331	0.16859	0.03750	0.01400	0.00982	0.00517	0.00524	0.00157	0.00667	0.00500	0.00353	0.00735
7	0.01057	0.00957	0.01554	0.08620	0.40393	0.00978	0.03802	0.01396	0.06090	0.01590	0.03578	0.13250	0.01616	0.00786	0.00558	0.00174	0.00530	0.12072	0.00337	0.00663
8	0.00651	0.00456	0.00582	0.00662	0.00689	0.00434	0.00429	0.00724	0.00933	0.01250	0.06263	0.58314	0.03038	0.21777	0.01126	0.00274	0.00340	0.01236	0.00433	0.00388
9	0.01120	0.00736	0.01009	0.00878	0.01081	0.00732	0.05566	0.01350	0.04596	0.18700	0.10030	0.11618	0.24384	0.01025	0.00709	0.00180	0.09811	0.05427	0.00471	0.00576
10	0.05616	0.01305	0.01443	0.01559	0.20307	0.11339	0.01012	0.13615	0.26261	0.10182	0.01425	0.01436	0.01066	0.00579	0.00492	0.00156	0.00541	0.00472	0.00418	0.00776
11	0.01213	0.39983	0.22289	0.06841	0.01699	0.01636	0.01207	0.03861	0.01037	0.01371	0.00780	0.00977	0.00658	0.00530	0.00604	0.00146	0.13937	0.00344	0.00226	0.00659
12	0.78958	0.01110	0.07108	0.00728	0.01076	0.01138	0.00654	0.01496	0.00877	0.02215	0.00721	0.00841	0.00555	0.00470	0.00326	0.00157	0.00420	0.00282	0.00305	0.00564
13	0.66006	0.00997	0.00862	0.00753	0.01068	0.01128	0.00624	0.10367	0.01089	0.06510	0.00961	0.01231	0.00775	0.00554	0.00371	0.00161	0.00417	0.05169	0.00362	0.00596
14	0.01082	0.00758	0.00910	0.00769	0.01038	0.00685	0.00605	0.06758	0.06272	0.10050	0.23068	0.08251	0.08597	0.00833	0.00523	0.00144	0.00347	0.04716	0.00468	0.24126

[dist]
# distance from previous block
# <min> <max>
0	1

[block]
# block no. 2 follows, 49 sequences, length 8
# corresponding to MSA columns:
# 171-178
name=unknown_C
#
# <colnr> <probs for GDERKNQSTAVLIFYWHMCP>
#	G	D	E	R	K	N	Q	S	T	A	V	L	I	F	Y	W	H	M	C	P
0	0.08323	0.00808	0.00936	0.00809	0.01073	0.00814	0.00638	0.01881	0.22081	0.24434	0.21994	0.02536	0.09955	0.00800	0.00526	0.00163	0.00352	0.00667	0.00536	0.00676
1	0.00798	0.00531	0.00629	0.00592	0.00745	0.00476	0.00448	0.00997	0.01297	0.06510	0.40891	0.03792	0.28579	0.01039	0.00563	0.00158	0.00256	0.00889	0.10327	0.00483
2	0.00961	0.00930	0.11617	0.00942	0.01205	0.00704	0.06788	0.01300	0.05504	0.08927	0.29680	0.11174	0.07788	0.00967	0.00585	0.00174	0.00415	0.09300	0.00466	0.00572
3	0.01272	0.03368	0.19507	0.01337	0.12459	0.00971	0.01103	0.01777	0.14589	0.16886	0.01742	0.12803	0.01519	0.00775	0.00533	0.00172	0.00511	0.07554	0.00410	0.00712
4	0.01080	0.00612	0.00709	0.00629	0.00860	0.00520	0.00491	0.01233	0.01251	0.23624	0.08043	0.03915	0.52938	0.01081	0.00572	0.00166	0.00305	0.00900	0.00519	0.00553
5	0.00727	0.00564	0.00670	0.00665	0.00797	0.00539	0.00490	0.01042	0.09966	0.01721	0.36102	0.20562	0.21914	0.01172	0.00598	0.00173	0.00273	0.01024	0.00512	0.00487
6	0.01460	0.06932	0.09460	0.01673	0.21577	0.29685	0.01149	0.09385	0.01341	0.01584	0.01105	0.10223	0.01016	0.00622	0.00488	0.00148	0.00684	0.00499	0.00299	0.00670
7	0.09368	0.01096	0.01361	0.07381	0.01575	0.01206	0.06367	0.20747	0.18544	0.15705	0.01437	0.01462	0.01038	0.00611	0.00564	0.00163	0.05679	0.00483	0.04469	0.00743

[dist]
# distance from previous block
# <min> <max>
0	2

[block]
# block no. 3 follows, 49 sequences, length 25
# corresponding to MSA columns:
# 181-205
name=unknown_D
#
# <colnr> <probs for GDERKNQSTAVLIFYWHMCP>
#	G	D	E	R	K	N	Q	S	T	A	V	L	I	F	Y	W	H	M	C	P
0	0.03016	0.01097	0.12291	0.00858	0.01154	0.03093	0.00777	0.18129	0.02530	0.06343	0.12989	0.03103	0.07597	0.04752	0.00586	0.00165	0.00432	0.00584	0.19886	0.00617
1	0.01237	0.01011	0.01150	0.00839	0.01278	0.00867	0.00677	0.17718	0.01336	0.01980	0.00967	0.01084	0.00773	0.00425	0.00403	0.00092	0.00414	0.00333	0.00344	0.67072
2	0.01523	0.01361	0.01695	0.01442	0.07398	0.09911	0.15762	0.27745	0.16197	0.03820	0.06805	0.01533	0.01230	0.00597	0.00526	0.00157	0.00601	0.00524	0.00419	0.00753
3	0.01275	0.64287	0.20220	0.00997	0.01501	0.01812	0.01094	0.01534	0.01037	0.01284	0.00750	0.00870	0.00647	0.00444	0.00360	0.00120	0.00588	0.00294	0.00216	0.00671
4	0.01280	0.12686	0.13755	0.01242	0.01716	0.01230	0.18081	0.16205	0.01340	0.01886	0.01015	0.01181	0.00783	0.00471	0.00458	0.00132	0.00587	0.00416	0.06333	0.19203
5	0.01256	0.26579	0.09891	0.01213	0.01627	0.01340	0.18804	0.08282	0.03677	0.05969	0.06715	0.07071	0.04186	0.00624	0.00488	0.00149	0.00577	0.00553	0.00334	0.00665
6	0.01061	0.00865	0.00943	0.00859	0.01093	0.00943	0.00663	0.01994	0.47276	0.03948	0.19600	0.02762	0.14168	0.00853	0.00545	0.00168	0.00343	0.00723	0.00520	0.00672
7	0.00629	0.00466	0.00587	0.00657	0.00727	0.00424	0.00454	0.00748	0.01077	0.01423	0.15396	0.54799	0.17885	0.01439	0.00629	0.00191	0.00278	0.01284	0.00483	0.00424
8	0.07275	0.15193	0.17224	0.01614	0.21527	0.01345	0.01233	0.11520	0.01263	0.10466	0.01016	0.01149	0.00775	0.00522	0.00529	0.00151	0.05736	0.00399	0.00315	0.00746
9	0.01371	0.20493	0.01500	0.01001	0.01250	0.28173	0.00809	0.07612	0.01216	0.01362	0.01229	0.01529	0.05856	0.06948	0.14474	0.00277	0.03603	0.00441	0.00287	0.00568
10	0.00990	0.00594	0.00622	0.00588	0.00751	0.00602	0.00449	0.03141	0.11112	0.04450	0.05935	0.02388	0.12726	0.00725	0.00430	0.00137	0.00274	0.00593	0.52964	0.00530
11	0.00787	0.00540	0.00715	0.00770	0.00874	0.00548	0.00626	0.00987	0.01073	0.01496	0.07779	0.06683	0.06482	0.06757	0.14553	0.00324	0.00555	0.35316	0.12684	0.00451
12	0.01278	0.01088	0.06705	0.04995	0.07833	0.05363	0.00883	0.04094	0.24486	0.14070	0.02118	0.14636	0.08630	0.00819	0.00534	0.00169	0.00463	0.00697	0.00449	0.00688
13	0.00818	0.00579	0.00651	0.00629	0.00692	0.00599	0.00404	0.01070	0.12068	0.01334	0.12399	0.03099	0.02177	0.55178	0.01893	0.00380	0.00430	0.00724	0.04465	0.00410
14	0.00638	0.00493	0.00568	0.00589	0.00699	0.00439	0.00418	0.00768	0.01127	0.01449	0.19312	0.23694	0.38165	0.08377	0.00782	0.00205	0.00282	0.01099	0.00473	0.00423
15	0.01080	0.13253	0.44556	0.01537	0.06783	0.01256	0.15337	0.01526	0.01083	0.01529	0.01036	0.06847	0.00867	0.00541	0.00493	0.00157	0.00696	0.00480	0.00242	0.00701
16	0.01713	0.02057	0.01342	0.01312	0.06803	0.63635	0.00930	0.01870	0.01362	0.01356	0.00914	0.01071	0.00751	0.00526	0.00445	0.00130	0.00796	0.00355	0.12047	0.00585
17	0.00739	0.00524	0.00708	0.00802	0.00880	0.00513	0.00633	0.00903	0.01074	0.01418	0.07205	0.28753	0.03040	0.10193	0.00879	0.00248	0.00402	0.40199	0.00455	0.00432
18	0.07316	0.10936	0.01459	0.01222	0.08846	0.18329	0.00885	0.15693	0.01294	0.01692	0.00997	0.01390	0.00893	0.12408	0.00906	0.00199	0.11257	0.00432	0.03230	0.00614
19	0.03309	0.18021	0.04031	0.10939	0.15504	0.05700	0.01055	0.15533	0.04054	0.10961	0.01124	0.01243	0.00852	0.00523	0.00452	0.00143	0.00560	0.00413	0.04860	0.00722
20	0.01207	0.00757	0.00879	0.00779	0.00995	0.00740	0.00599	0.17730	0.01404	0.15497	0.04396	0.17802	0.22694	0.08572	0.00757	0.00202	0.00388	0.03522	0.00492	0.00586
21	0.38356	0.01431	0.03769	0.01166	0.06946	0.21496	0.06139	0.06112	0.01157	0.01877	0.00949	0.06712	0.00829	0.00566	0.00424	0.00154	0.00587	0.00419	0.00310	0.00601
22	0.08327	0.00891	0.01100	0.06584	0.06804	0.00933	0.00779	0.19743	0.01481	0.12724	0.18084	0.05913	0.04665	0.00938	0.05427	0.00198	0.00482	0.00620	0.03655	0.00650
23	0.00958	0.00879	0.02850	0.01042	0.01316	0.00801	0.14914	0.06579	0.04871	0.01613	0.02049	0.28863	0.09385	0.00931	0.00585	0.00162	0.02809	0.00845	0.00387	0.18161
24	0.08388	0.07377	0.01001	0.00760	0.00999	0.00842	0.00608	0.05777	0.02830	0.07055	0.10269	0.12817	0.20037	0.00902	0.00588	0.00156	0.06109	0.00729	0.00417	0.12337

[dist]
# distance from previous block
# <min> <max>
1	2

[block]
# block no. 4 follows, 49 sequences, length 14
# corresponding to MSA columns:
# 208-221
name=unknown_E
#
# <colnr> <probs for GDERKNQSTAVLIFYWHMCP>
#	G	D	E	R	K	N	Q	S	T	A	V	L	I	F	Y	W	H	M	C	P
0	0.51635	0.07344	0.01048	0.05219	0.01230	0.01168	0.00681	0.01776	0.11984	0.12088	0.01075	0.01118	0.00796	0.00520	0.00379	0.00156	0.00425	0.00356	0.00370	0.00633
1	0.01277	0.05585	0.13833	0.00948	0.01287	0.00969	0.00863	0.12830	0.10624	0.13559	0.06445	0.12701	0.04865	0.06953	0.00672	0.00184	0.00467	0.00654	0.00433	0.04850
2	0.06096	0.01044	0.10913	0.00869	0.01144	0.06720	0.00756	0.03938	0.01215	0.14745	0.11660	0.24161	0.07991	0.00941	0.00537	0.00165	0.00431	0.00801	0.00441	0.05431
3	0.14166	0.00754	0.00868	0.00748	0.00984	0.00732	0.00570	0.06391	0.01187	0.29811	0.02073	0.11820	0.09181	0.17388	0.00924	0.00231	0.00411	0.00683	0.00472	0.00604
4	0.08041	0.00878	0.00898	0.00777	0.01023	0.06030	0.00607	0.09766	0.06962	0.08271	0.27096	0.02744	0.16575	0.00842	0.00524	0.00152	0.00372	0.00694	0.00478	0.07270
5	0.28350	0.00943	0.01036	0.00939	0.07023	0.00933	0.00690	0.08346	0.01192	0.16865	0.01153	0.01218	0.00849	0.00500	0.00400	0.00133	0.00410	0.00374	0.08775	0.19870
6	0.00963	0.04268	0.01045	0.00952	0.01066	0.05454	0.00737	0.01339	0.16280	0.01451	0.02040	0.34018	0.03443	0.01134	0.00805	0.00195	0.16860	0.07003	0.00405	0.00542
7	0.09070	0.00520	0.00605	0.00654	0.00753	0.00497	0.00463	0.00831	0.01075	0.01536	0.16956	0.45860	0.16722	0.01319	0.00595	0.00186	0.00286	0.01161	0.00470	0.00439
8	0.01391	0.01141	0.01120	0.01221	0.14864	0.17989	0.00793	0.07743	0.01311	0.09665	0.01601	0.01717	0.06910	0.00607	0.00448	0.00137	0.00494	0.00484	0.29741	0.00623
9	0.07381	0.00768	0.01067	0.01357	0.24386	0.00751	0.00772	0.01162	0.01130	0.05114	0.18728	0.02815	0.16166	0.15227	0.00893	0.00217	0.00416	0.00704	0.00389	0.00558
10	0.01109	0.00739	0.00864	0.00770	0.00913	0.00783	0.00558	0.19307	0.01214	0.06093	0.01555	0.06984	0.01529	0.35324	0.15495	0.00412	0.00632	0.00649	0.04560	0.00511
11	0.01220	0.07427	0.08928	0.00965	0.01262	0.01042	0.00845	0.12700	0.20960	0.07831	0.11088	0.13688	0.02023	0.00860	0.00538	0.00170	0.00441	0.06877	0.00463	0.00674
12	0.05298	0.09654	0.14071	0.06512	0.18111	0.09961	0.01231	0.25532	0.01522	0.02043	0.00970	0.01117	0.00744	0.00515	0.00469	0.00147	0.00633	0.00400	0.00324	0.00747
13	0.08368	0.05779	0.01585	0.01765	0.28806	0.20392	0.01079	0.09610	0.03528	0.05935	0.07423	0.01358	0.01115	0.00549	0.00474	0.00145	0.00607	0.00442	0.00336	0.00703

[dist]
# distance from previous block
# <min> <max>
2	5

[block]
# block no. 5 follows, 49 sequences, length 42
# corresponding to MSA columns:
# 227-268
name=unknown_F
#
# <colnr> <probs for GDERKNQSTAVLIFYWHMCP>
#	G	D	E	R	K	N	Q	S	T	A	V	L	I	F	Y	W	H	M	C	P
0	0.01248	0.00884	0.00997	0.00883	0.01125	0.05651	0.00709	0.12525	0.04683	0.12776	0.16541	0.06440	0.04459	0.01090	0.06025	0.00209	0.00493	0.13976	0.00472	0.08814
1	0.01417	0.07201	0.01757	0.04770	0.38001	0.01243	0.01184	0.15616	0.06384	0.06972	0.01114	0.01266	0.00868	0.00499	0.00477	0.00142	0.00543	0.00434	0.00341	0.09772
2	0.00843	0.00891	0.12280	0.00839	0.01053	0.00678	0.00730	0.01251	0.12698	0.03851	0.23335	0.31023	0.06324	0.01097	0.00582	0.00178	0.00363	0.00966	0.00467	0.00550
3	0.18677	0.00810	0.00971	0.03168	0.01176	0.00795	0.00669	0.01874	0.05930	0.40291	0.01874	0.18491	0.01553	0.00797	0.00498	0.00168	0.00399	0.00660	0.00511	0.00690
4	0.05493	0.06660	0.01370	0.01229	0.09089	0.22620	0.00880	0.17334	0.05631	0.06036	0.11888	0.06751	0.01527	0.00678	0.00493	0.00149	0.00573	0.00535	0.00397	0.00666
5	0.11593	0.01116	0.07680	0.31763	0.22688	0.01100	0.01259	0.04084	0.01124	0.05938	0.03674	0.01444	0.03363	0.00537	0.00485	0.00160	0.00580	0.00461	0.00292	0.00658
6	0.00923	0.00567	0.00703	0.00666	0.00829	0.00509	0.00500	0.01121	0.02870	0.14060	0.30153	0.18885	0.23999	0.01135	0.00591	0.00171	0.00288	0.00986	0.00526	0.00519
7	0.01052	0.00684	0.00836	0.00780	0.00965	0.00679	0.00598	0.01513	0.18112	0.13655	0.29876	0.16232	0.07401	0.01018	0.00578	0.00173	0.00324	0.04396	0.00534	0.00592
8	0.11729	0.00918	0.01025	0.00881	0.01144	0.02056	0.00697	0.23701	0.01522	0.18052	0.08591	0.20383	0.01894	0.00883	0.00527	0.00168	0.00419	0.03105	0.01647	0.00662
9	0.01631	0.00687	0.00869	0.00725	0.00992	0.00615	0.00578	0.01828	0.01274	0.44596	0.02140	0.07197	0.06447	0.00719	0.00474	0.00148	0.00348	0.00593	0.27461	0.00679
10	0.00633	0.00455	0.00573	0.00660	0.00700	0.00425	0.00435	0.00711	0.00951	0.01250	0.02847	0.61526	0.11067	0.14130	0.00941	0.00246	0.00320	0.01289	0.00444	0.00396
11	0.01640	0.00999	0.01141	0.00923	0.01213	0.01070	0.00749	0.30505	0.06643	0.19696	0.01523	0.01561	0.01103	0.01680	0.00570	0.00154	0.05684	0.00482	0.21934	0.00731
12	0.01193	0.00889	0.00898	0.00787	0.00991	0.09785	0.00601	0.10693	0.01445	0.12330	0.31599	0.02977	0.14392	0.08291	0.00737	0.00186	0.00407	0.00742	0.00490	0.00566
13	0.01110	0.00599	0.00748	0.00683	0.00874	0.00527	0.00516	0.01265	0.01237	0.23904	0.17379	0.17527	0.25532	0.04915	0.00673	0.00186	0.00321	0.00929	0.00523	0.00552
14	0.01846	0.01013	0.01187	0.00949	0.01295	0.01035	0.00771	0.23542	0.15029	0.35681	0.01746	0.01625	0.01197	0.00627	0.00491	0.00153	0.00439	0.00500	0.10068	0.00806
15	0.01396	0.04418	0.10389	0.01968	0.28022	0.17372	0.10235	0.03726	0.01228	0.05717	0.03429	0.01253	0.00884	0.00532	0.00592	0.00155	0.07251	0.00445	0.00282	0.00706
16	0.05508	0.01273	0.01548	0.03673	0.01631	0.01392	0.09973	0.48369	0.11318	0.02624	0.01286	0.01437	0.00976	0.05891	0.00643	0.00179	0.00564	0.00496	0.00447	0.00772
17	0.08104	0.07660	0.10357	0.01001	0.01419	0.07537	0.00898	0.18217	0.06142	0.11686	0.01190	0.03437	0.00913	0.00546	0.00446	0.00135	0.00521	0.00415	0.00385	0.18992
18	0.01785	0.01683	0.16052	0.01193	0.01639	0.11598	0.01098	0.41182	0.03316	0.13617	0.01229	0.01233	0.00861	0.00576	0.00495	0.00152	0.00617	0.00433	0.00437	0.00802
19	0.72078	0.00997	0.00824	0.00717	0.01031	0.01139	0.00589	0.08917	0.01047	0.03814	0.04373	0.01013	0.00786	0.00512	0.00349	0.00156	0.00401	0.00326	0.00349	0.00581
20	0.01666	0.01002	0.01153	0.00902	0.01253	0.00991	0.00735	0.30968	0.01701	0.24467	0.04286	0.01887	0.10110	0.00676	0.00495	0.00145	0.00433	0.00539	0.06318	0.10273
21	0.01455	0.01078	0.04964	0.01523	0.17532	0.01002	0.10339	0.06773	0.11896	0.22162	0.08738	0.04583	0.01507	0.03394	0.00600	0.00172	0.00515	0.00585	0.00439	0.00743
22	0.09094	0.00923	0.01206	0.01120	0.09982	0.00874	0.00807	0.08729	0.01406	0.49268	0.01911	0.01787	0.06853	0.00732	0.02834	0.00176	0.00471	0.00520	0.00524	0.00783
23	0.00773	0.00501	0.00654	0.00721	0.00809	0.00461	0.00521	0.00895	0.01062	0.07711	0.04813	0.55755	0.12142	0.01436	0.00633	0.00199	0.00318	0.09656	0.00484	0.00457
24	0.01503	0.03864	0.06554	0.05312	0.19144	0.25008	0.01083	0.04249	0.01302	0.12549	0.07407	0.01452	0.01157	0.00795	0.06254	0.00194	0.00706	0.00455	0.00337	0.00676
25	0.02884	0.19463	0.01960	0.01311	0.03918	0.17636	0.15694	0.10125	0.05768	0.14761	0.01139	0.01211	0.00851	0.00517	0.00471	0.00143	0.00652	0.00428	0.00353	0.00713
26	0.04123	0.01682	0.21931	0.01183	0.01597	0.14628	0.01138	0.09483	0.03957	0.24276	0.01238	0.01270	0.00872	0.00594	0.00616	0.00160	0.09704	0.00424	0.00384	0.00738
27	0.54554	0.06129	0.04944	0.00977	0.01333	0.13028	0.09489	0.01588	0.01004	0.01945	0.00762	0.00908	0.00599	0.00471	0.00375	0.00151	0.00548	0.00323	0.00288	0.00584
28	0.43453	0.00868	0.00863	0.00727	0.01047	0.00891	0.00594	0.01725	0.01113	0.29727	0.01813	0.01736	0.12269	0.00644	0.00425	0.00159	0.00385	0.00474	0.00448	0.00642
29	0.13326	0.00803	0.00974	0.00909	0.01033	0.00950	0.00738	0.01208	0.06600	0.01631	0.13947	0.07928	0.10327	0.01003	0.00880	0.00194	0.24033	0.12604	0.00390	0.00522
30	0.08214	0.01137	0.01478	0.01274	0.05070	0.05564	0.09648	0.11066	0.06258	0.07840	0.09639	0.01631	0.03736	0.00719	0.00849	0.00176	0.24161	0.00527	0.00367	0.00647
31	0.08844	0.01035	0.01551	0.01892	0.35392	0.01058	0.05065	0.04915	0.03439	0.01831	0.15340	0.01674	0.01520	0.00594	0.00571	0.00152	0.05744	0.00517	0.00335	0.08531
32	0.00783	0.00577	0.00718	0.00759	0.00852	0.00577	0.00545	0.05916	0.07414	0.01596	0.13941	0.51784	0.03182	0.03610	0.00675	0.00202	0.00327	0.05576	0.00484	0.00482
33	0.00620	0.00460	0.00567	0.00650	0.00710	0.00420	0.00439	0.00711	0.00996	0.01288	0.03249	0.58986	0.20703	0.06755	0.00760	0.00216	0.00298	0.01306	0.00459	0.00408
34	0.01316	0.36851	0.06294	0.01477	0.15035	0.07973	0.09621	0.01705	0.10323	0.01475	0.02836	0.01171	0.00894	0.00489	0.00434	0.00136	0.00603	0.00400	0.00274	0.00693
35	0.00790	0.00634	0.00887	0.00852	0.00903	0.00725	0.02736	0.00903	0.00877	0.01228	0.05310	0.20376	0.01993	0.22185	0.18551	0.00410	0.15620	0.04251	0.00337	0.00433
36	0.01237	0.00581	0.00649	0.00586	0.00769	0.00563	0.00455	0.01516	0.04524	0.18290	0.01741	0.01851	0.01298	0.00601	0.00393	0.00128	0.00284	0.00484	0.63482	0.00568
37	0.00821	0.00696	0.00913	0.00900	0.00993	0.04292	0.05575	0.04252	0.01079	0.01429	0.05916	0.56563	0.02778	0.01328	0.00709	0.00197	0.06963	0.03691	0.00431	0.00473
38	0.01716	0.09213	0.01584	0.01408	0.13739	0.18558	0.00988	0.25106	0.03587	0.12881	0.01244	0.05530	0.00990	0.00604	0.00485	0.00147	0.00604	0.00472	0.00399	0.00745
39	0.00860	0.03007	0.00840	0.00782	0.00877	0.08938	0.03899	0.00916	0.00966	0.01191	0.02207	0.29798	0.11197	0.16765	0.01173	0.12704	0.00449	0.02665	0.00363	0.00403
40	0.16328	0.01185	0.01511	0.01192	0.01550	0.06001	0.18405	0.11219	0.17622	0.02024	0.04821	0.04128	0.01167	0.00579	0.00485	0.00153	0.00540	0.00509	0.00378	0.10202
41	0.03320	0.21107	0.05166	0.01335	0.12789	0.09774	0.01003	0.14555	0.12641	0.10693	0.02165	0.01263	0.00955	0.00543	0.00453	0.00143	0.00561	0.00417	0.00371	0.00746

[dist]
# distance from previous block
# <min> <max>
1	5

[block]
# block no. 6 follows, 49 sequences, length 17
# corresponding to MSA columns:
# 274-290
name=unknown_G
#
# <colnr> <probs for GDERKNQSTAVLIFYWHMCP>
#	G	D	E	R	K	N	Q	S	T	A	V	L	I	F	Y	W	H	M	C	P
0	0.10490	0.01165	0.01300	0.01200	0.08627	0.01278	0.00879	0.32590	0.22136	0.06845	0.04624	0.01606	0.03742	0.00639	0.00494	0.00159	0.00472	0.00508	0.00471	0.00776
1	0.01246	0.00654	0.00823	0.00714	0.00944	0.00584	0.00558	0.01480	0.04141	0.28974	0.27572	0.06226	0.22095	0.00961	0.00565	0.00163	0.00318	0.00818	0.00554	0.00608
2	0.07730	0.09043	0.24125	0.01199	0.02687	0.01141	0.10028	0.05092	0.07876	0.13457	0.02379	0.01449	0.04529	0.00551	0.00475	0.00151	0.00569	0.00459	0.00350	0.06708
3	0.00779	0.00565	0.00664	0.00691	0.00815	0.00545	0.00520	0.04896	0.04348	0.01609	0.10120	0.28901	0.21518	0.01230	0.00589	0.00182	0.00313	0.10844	0.10396	0.00475
4	0.00780	0.00564	0.00697	0.00632	0.00802	0.00495	0.00480	0.00995	0.01343	0.04659	0.54682	0.03659	0.18476	0.01005	0.00573	0.00153	0.00261	0.00872	0.00519	0.08353
5	0.00977	0.02414	0.72278	0.01373	0.02054	0.01104	0.01739	0.01518	0.01058	0.01573	0.01082	0.08567	0.00891	0.00583	0.00496	0.00164	0.00705	0.00472	0.00237	0.00716
6	0.27207	0.01413	0.01233	0.07463	0.01518	0.18949	0.00855	0.24476	0.01511	0.09393	0.01010	0.01086	0.00740	0.00540	0.00437	0.00150	0.00584	0.00376	0.00381	0.00680
7	0.01343	0.00674	0.00818	0.00697	0.00929	0.00626	0.00551	0.06390	0.01365	0.27178	0.19213	0.02590	0.12017	0.00790	0.00499	0.00149	0.00323	0.00657	0.22574	0.00619
8	0.00736	0.00501	0.00601	0.00635	0.00658	0.00498	0.00413	0.00786	0.00836	0.01108	0.01913	0.12357	0.02191	0.59273	0.02035	0.00414	0.00464	0.13883	0.00352	0.00346
9	0.01310	0.34642	0.10745	0.04832	0.31039	0.03514	0.01255	0.01578	0.01104	0.04363	0.00878	0.01064	0.00730	0.00457	0.00426	0.00135	0.00597	0.00367	0.00246	0.00721
10	0.01359	0.00788	0.00942	0.00818	0.01075	0.00773	0.00640	0.04971	0.19045	0.26727	0.13411	0.10013	0.15483	0.00899	0.00550	0.00167	0.00359	0.00761	0.00544	0.00676
11	0.05284	0.00559	0.00655	0.00638	0.00793	0.00513	0.00475	0.01059	0.01181	0.11143	0.19552	0.22550	0.24628	0.01123	0.00563	0.00170	0.00288	0.00966	0.07362	0.00497
12	0.01230	0.01094	0.01777	0.12349	0.48335	0.01132	0.04185	0.01665	0.10591	0.05705	0.04016	0.03456	0.01106	0.00544	0.00514	0.00158	0.00565	0.00515	0.00316	0.00748
13	0.01575	0.01331	0.01327	0.01270	0.08526	0.20775	0.00913	0.14116	0.01383	0.15626	0.01363	0.11670	0.01200	0.02765	0.02873	0.00189	0.11481	0.00566	0.00388	0.00663
14	0.00718	0.00498	0.00644	0.00721	0.00805	0.00475	0.00548	0.00884	0.01103	0.01514	0.12106	0.36912	0.08378	0.01334	0.00619	0.00195	0.00326	0.22013	0.09766	0.00442
15	0.02075	0.01058	0.01284	0.00993	0.01376	0.01047	0.00817	0.31097	0.01786	0.47337	0.01725	0.04489	0.01179	0.00654	0.00513	0.00156	0.00474	0.00522	0.00574	0.00844
16	0.03910	0.05587	0.10802	0.04314	0.05742	0.01310	0.08604	0.34817	0.01714	0.12959	0.04392	0.01362	0.01010	0.00570	0.00501	0.00154	0.00579	0.00471	0.00421	0.00780

[dist]
# distance from previous block
# <min> <max>
0	1

[block]
# block no. 7 follows, 49 sequences, length 96
# corresponding to MSA columns:
# 292-387
name=unknown_H
#
# <colnr> <probs for GDERKNQSTAVLIFYWHMCP>
#	G	D	E	R	K	N	Q	S	T	A	V	L	I	F	Y	W	H	M	C	P
0	0.49515	0.01135	0.01285	0.06612	0.20725	0.05872	0.05145	0.01529	0.00995	0.01954	0.00801	0.00998	0.00637	0.00468	0.00397	0.00155	0.00518	0.00350	0.00285	0.00621
1	0.00872	0.13810	0.01172	0.00841	0.01021	0.00817	0.06461	0.01071	0.01061	0.01467	0.13266	0.13817	0.04888	0.02439	0.18481	0.00312	0.00617	0.07532	0.09555	0.00500
2	0.02180	0.00636	0.00815	0.00858	0.06056	0.00608	0.00597	0.01204	0.07503	0.08643	0.31741	0.15413	0.16324	0.01065	0.00584	0.00172	0.00317	0.04241	0.00503	0.00541
3	0.01126	0.34561	0.09989	0.00977	0.01384	0.01290	0.08768	0.01387	0.01117	0.01526	0.12844	0.01460	0.01352	0.00530	0.00421	0.00123	0.00501	0.00432	0.05925	0.14286
4	0.01204	0.13457	0.15002	0.07142	0.07173	0.01150	0.09944	0.04856	0.01149	0.05252	0.02152	0.01171	0.00805	0.00462	0.00464	0.00128	0.01776	0.00392	0.00286	0.26033
5	0.04742	0.14201	0.01389	0.00960	0.01291	0.01285	0.00787	0.13811	0.34549	0.08733	0.01629	0.06822	0.01301	0.00660	0.00474	0.00153	0.00441	0.00529	0.00451	0.05793
6	0.01332	0.01019	0.00996	0.00872	0.01108	0.12086	0.00685	0.10898	0.07628	0.14309	0.09027	0.03351	0.18948	0.00964	0.04011	0.00187	0.03670	0.01925	0.06369	0.00617
7	0.00612	0.00457	0.00569	0.00659	0.00722	0.00415	0.00449	0.00709	0.01012	0.01309	0.03337	0.63753	0.21135	0.01513	0.00634	0.00197	0.00285	0.01350	0.00469	0.00415
8	0.01138	0.12322	0.44650	0.01657	0.14449	0.03294	0.07818	0.01603	0.02549	0.01561	0.00916	0.01100	0.00699	0.00466	0.00470	0.00149	0.00690	0.00391	0.00233	0.03844
9	0.06451	0.01069	0.01629	0.01623	0.19796	0.01053	0.13141	0.12651	0.01335	0.14115	0.01315	0.01710	0.01060	0.00792	0.05812	0.00199	0.00613	0.06680	0.00375	0.08581
10	0.01135	0.00743	0.00856	0.00737	0.00946	0.00747	0.00578	0.19082	0.01564	0.07366	0.35056	0.02777	0.09095	0.00844	0.00524	0.00150	0.00327	0.00710	0.16176	0.00588
11	0.00654	0.00517	0.00591	0.00580	0.00728	0.00454	0.00440	0.00831	0.01264	0.01635	0.34260	0.04471	0.46081	0.01188	0.00602	0.00169	0.00258	0.04325	0.00504	0.00449
12	0.09937	0.01103	0.02646	0.06594	0.01387	0.12734	0.05156	0.01438	0.05861	0.05022	0.11287	0.03789	0.08454	0.00888	0.03557	0.00191	0.10640	0.05045	0.00363	0.03907
13	0.00632	0.00486	0.00578	0.00612	0.00719	0.00432	0.00437	0.00770	0.01148	0.01491	0.21253	0.33300	0.33650	0.01337	0.00615	0.00181	0.00266	0.01170	0.00490	0.00432
14	0.00685	0.00514	0.00645	0.00692	0.00804	0.00474	0.00535	0.00856	0.01179	0.01543	0.21564	0.22962	0.24267	0.01322	0.00634	0.00192	0.00313	0.19884	0.00489	0.00445
15	0.01211	0.49124	0.34822	0.01106	0.01670	0.01655	0.01285	0.01551	0.01044	0.01362	0.00788	0.00918	0.00645	0.00453	0.00390	0.00130	0.00627	0.00314	0.00215	0.00690
16	0.01269	0.01087	0.01769	0.02316	0.49065	0.01080	0.06851	0.07850	0.01256	0.06380	0.01408	0.08523	0.04444	0.00613	0.00520	0.00157	0.00550	0.00579	0.03546	0.00738
17	0.00827	0.00565	0.00708	0.00687	0.00763	0.00611	0.00487	0.05431	0.00906	0.01306	0.01478	0.02455	0.01473	0.34453	0.34494	0.00557	0.00822	0.00605	0.10953	0.00421
18	0.01129	0.01076	0.01831	0.35272	0.47864	0.01169	0.01491	0.01445	0.01093	0.01503	0.00930	0.01291	0.00749	0.00473	0.00503	0.00158	0.00631	0.00450	0.00240	0.00702
19	0.06984	0.12956	0.01571	0.01082	0.01457	0.08473	0.00900	0.44909	0.11609	0.03415	0.01188	0.01197	0.00883	0.00576	0.00465	0.00147	0.00554	0.00422	0.00434	0.00779
20	0.01350	0.01149	0.01411	0.13300	0.11190	0.06461	0.01030	0.28025	0.01472	0.01963	0.01101	0.01408	0.00898	0.02258	0.18454	0.00310	0.06743	0.00467	0.00340	0.00669
21	0.01174	0.01133	0.01657	0.20192	0.38887	0.05769	0.01260	0.01455	0.01112	0.01544	0.00917	0.01205	0.00751	0.00449	0.00469	0.00135	0.00583	0.00407	0.00257	0.20643
22	0.17354	0.00962	0.01058	0.19708	0.01629	0.06220	0.00817	0.13051	0.01280	0.04639	0.08034	0.12769	0.08939	0.00786	0.00501	0.00165	0.00480	0.00644	0.00386	0.00577
23	0.00972	0.00579	0.00725	0.00653	0.00836	0.00513	0.00502	0.01174	0.01362	0.16179	0.45433	0.03680	0.23387	0.01022	0.00580	0.00162	0.00279	0.00879	0.00547	0.00535
24	0.00839	0.00635	0.00754	0.00746	0.00871	0.00646	0.00545	0.05376	0.13622	0.01710	0.23083	0.27258	0.07768	0.09588	0.00803	0.00213	0.00336	0.04213	0.00485	0.00509
25	0.04742	0.01675	0.19218	0.01183	0.01644	0.07845	0.01121	0.39215	0.04405	0.12179	0.01217	0.01228	0.00854	0.00571	0.00490	0.00153	0.00602	0.00430	0.00427	0.00799
26	0.01131	0.01085	0.01830	0.25524	0.45233	0.01192	0.03368	0.01424	0.01065	0.01490	0.00926	0.01296	0.00767	0.00625	0.03470	0.00186	0.07996	0.00456	0.00241	0.00693
27	0.67028	0.00952	0.00840	0.00718	0.01048	0.01046	0.00592	0.01706	0.00992	0.19608	0.00994	0.01024	0.00706	0.00505	0.00357	0.00156	0.00400	0.00327	0.00383	0.00618
28	0.15453	0.01412	0.01387	0.01092	0.01473	0.06726	0.00895	0.60131	0.02070	0.02909	0.01103	0.01131	0.00796	0.00579	0.00471	0.00151	0.00553	0.00417	0.00458	0.00791
29	0.01603	0.47710	0.08525	0.00954	0.01400	0.01588	0.00930	0.10137	0.01279	0.19893	0.01081	0.01091	0.00814	0.00501	0.00401	0.00129	0.00533	0.00356	0.00345	0.00730
30	0.01411	0.00685	0.00844	0.00716	0.00970	0.00621	0.00568	0.01674	0.05530	0.34464	0.14368	0.02731	0.18071	0.00823	0.00516	0.00154	0.00331	0.00685	0.14195	0.00645
31	0.00678	0.00505	0.00641	0.00701	0.00800	0.00468	0.00533	0.00838	0.01145	0.01503	0.17982	0.31537	0.20491	0.01365	0.00638	0.00195	0.00315	0.18739	0.00485	0.00440
32	0.01401	0.01367	0.14403	0.02428	0.52275	0.01112	0.01453	0.01729	0.01193	0.16036	0.01137	0.01309	0.00859	0.00488	0.00499	0.00153	0.00593	0.00449	0.00314	0.00803
33	0.01470	0.00920	0.01036	0.00868	0.01135	0.00953	0.00688	0.32803	0.01656	0.14279	0.01980	0.15951	0.07198	0.00829	0.00510	0.00157	0.00410	0.00685	0.15789	0.00678
34	0.01072	0.00591	0.00779	0.00752	0.00911	0.00542	0.00581	0.01242	0.01216	0.19883	0.19477	0.20176	0.08520	0.07134	0.00751	0.00207	0.00357	0.14761	0.00513	0.00535
35	0.00709	0.00527	0.00667	0.00660	0.00789	0.00484	0.00514	0.00925	0.01335	0.01817	0.52346	0.04298	0.18729	0.01140	0.00613	0.00173	0.00279	0.13005	0.00525	0.00466
36	0.42692	0.12930	0.01284	0.00906	0.01241	0.17205	0.00749	0.14502	0.01257	0.02064	0.00806	0.00905	0.00636	0.00498	0.00376	0.00144	0.00545	0.00315	0.00321	0.00623
37	0.01187	0.01003	0.01117	0.00878	0.01267	0.00945	0.00697	0.07390	0.28256	0.01926	0.01330	0.01355	0.01037	0.00501	0.00433	0.00115	0.00397	0.00407	0.00390	0.49371
38	0.01273	0.02022	0.49132	0.01435	0.02056	0.01122	0.13772	0.01817	0.05749	0.14966	0.01181	0.01276	0.00820	0.00509	0.00506	0.00162	0.00689	0.00445	0.00309	0.00759
39	0.01306	0.01315	0.07027	0.07568	0.32023	0.01211	0.28654	0.05946	0.01243	0.07133	0.01059	0.01318	0.00805	0.00468	0.00535	0.00160	0.00691	0.00503	0.00289	0.00747
40	0.00616	0.00440	0.00587	0.00704	0.00733	0.00411	0.00469	0.00704	0.00968	0.01291	0.02787	0.81899	0.03344	0.01584	0.00645	0.00205	0.00293	0.01438	0.00469	0.00411
41	0.01200	0.01245	0.07097	0.01701	0.11677	0.01168	0.27748	0.07802	0.17838	0.01837	0.01511	0.02131	0.01283	0.00660	0.00568	0.00176	0.00630	0.12659	0.00362	0.00706
42	0.01317	0.09857	0.15484	0.03791	0.11091	0.17651	0.25100	0.01646	0.01167	0.01463	0.00886	0.01134	0.00705	0.00491	0.00578	0.00155	0.06130	0.00439	0.00242	0.00672
43	0.01287	0.00804	0.00839	0.00715	0.00933	0.00857	0.00567	0.27970	0.01523	0.02343	0.01496	0.01649	0.01143	0.00595	0.00407	0.00130	0.00348	0.00466	0.55319	0.00608
44	0.00616	0.00440	0.00587	0.00704	0.00733	0.00411	0.00469	0.00704	0.00968	0.01291	0.02787	0.81899	0.03344	0.01584	0.00645	0.00205	0.00293	0.01438	0.00469	0.00411
45	0.01495	0.02349	0.01435	0.01318	0.07840	0.27291	0.06682	0.07551	0.14031	0.07465	0.13730	0.01682	0.01544	0.00640	0.00540	0.00152	0.02676	0.00517	0.00393	0.00669
46	0.04598	0.12462	0.01037	0.00735	0.00956	0.00899	0.00591	0.01434	0.19285	0.01821	0.30735	0.02889	0.15594	0.00865	0.00516	0.00155	0.00329	0.00722	0.03804	0.00572
