[name]
unknown

[dist]
# distance from previous block
# <min> <max>
0	6

[block]
# block no. 0 follows, 43 sequences, length 59
# corresponding to MSA columns:
# 123-145,184-219
name=unknown_A
#
# <colnr> <probs for GDERKNQSTAVLIFYWHMCP>
#	G	D	E	R	K	N	Q	S	T	A	V	L	I	F	Y	W	H	M	C	P
0	0.00722	0.00516	0.00697	0.00825	0.00878	0.00490	0.00596	0.00853	0.01107	0.01467	0.03026	0.64170	0.03560	0.01691	0.00719	0.00231	0.00362	0.17115	0.00513	0.00463
1	0.02037	0.06872	0.01642	0.01401	0.01696	0.74195	0.01063	0.02182	0.01545	0.01353	0.00851	0.00993	0.00713	0.00565	0.00492	0.00141	0.00977	0.00353	0.00283	0.00646
2	0.01258	0.01024	0.01186	0.00867	0.01344	0.00827	0.00695	0.05397	0.05294	0.04587	0.01113	0.01234	0.00893	0.00452	0.00431	0.00095	0.00424	0.00361	0.00365	0.72153
3	0.01320	0.01491	0.02907	0.07239	0.02740	0.05454	0.58528	0.01727	0.01259	0.01682	0.01056	0.01437	0.00815	0.00531	0.00762	0.00190	0.09260	0.00610	0.00274	0.00718
4	0.00804	0.00543	0.00635	0.00635	0.00646	0.00554	0.00374	0.00825	0.00815	0.01097	0.01717	0.03467	0.01945	0.72218	0.11043	0.00575	0.00640	0.00782	0.00331	0.00353
5	0.01561	0.35973	0.22714	0.01256	0.01774	0.21041	0.01281	0.05682	0.01326	0.01553	0.00881	0.01015	0.00721	0.00522	0.00448	0.00142	0.00756	0.00353	0.00265	0.00735
6	0.01548	0.01869	0.28436	0.01704	0.02316	0.01283	0.27828	0.09736	0.01450	0.16372	0.01302	0.01439	0.00904	0.00550	0.00581	0.00178	0.00771	0.00534	0.00370	0.00830
7	0.00673	0.00562	0.00586	0.00580	0.00759	0.00475	0.00435	0.00830	0.01305	0.01598	0.15601	0.05163	0.66803	0.01365	0.00654	0.00185	0.00278	0.01145	0.00528	0.00475
8	0.84448	0.01071	0.00814	0.00728	0.01071	0.01242	0.00600	0.01628	0.00943	0.02485	0.00771	0.00900	0.00600	0.00514	0.00343	0.00171	0.00428	0.00300	0.00343	0.00600
9	0.01117	0.01008	0.01610	0.06754	0.41608	0.00987	0.01220	0.01369	0.01179	0.01666	0.01643	0.25279	0.01709	0.00865	0.00582	0.00175	0.00534	0.00804	0.00351	0.09541
10	0.01226	0.02058	0.33887	0.02023	0.02690	0.01353	0.45017	0.01766	0.01250	0.01766	0.01068	0.01360	0.00783	0.00491	0.00601	0.00182	0.00886	0.00553	0.00261	0.00776
11	0.00805	0.00537	0.00604	0.00604	0.00604	0.00537	0.00336	0.00805	0.00805	0.01074	0.01745	0.03624	0.02013	0.80536	0.02819	0.00537	0.00537	0.00805	0.00336	0.00336
12	0.01015	0.00706	0.00875	0.00788	0.00971	0.00692	0.00604	0.06171	0.08171	0.06383	0.61264	0.03649	0.04426	0.01044	0.00634	0.00175	0.00311	0.00912	0.00606	0.00604
13	0.01524	0.01852	0.05119	0.10044	0.06479	0.26328	0.37012	0.01874	0.01364	0.01602	0.01012	0.01314	0.00786	0.00513	0.00583	0.00171	0.00916	0.00524	0.00276	0.00709
14	0.01080	0.00971	0.01327	0.01228	0.01296	0.01239	0.01023	0.01343	0.05967	0.01554	0.06602	0.06078	0.01924	0.01160	0.01306	0.00237	0.42849	0.21854	0.00377	0.00584
15	0.00791	0.00593	0.00890	0.00890	0.00989	0.00692	0.00692	0.00989	0.00890	0.01286	0.01483	0.02176	0.01385	0.04154	0.78341	0.00890	0.01483	0.00593	0.00297	0.00494
16	0.00823	0.00619	0.00866	0.00850	0.00915	0.00716	0.00630	0.00962	0.00864	0.01232	0.01505	0.02504	0.01511	0.24594	0.52902	0.00752	0.06350	0.00644	0.00304	0.00459
17	0.01377	0.01488	0.10540	0.10495	0.02604	0.01324	0.41971	0.01894	0.07125	0.09424	0.01268	0.01527	0.00929	0.00554	0.00673	0.00187	0.04936	0.00589	0.00333	0.00763
18	0.00963	0.00753	0.00861	0.00876	0.01011	0.00807	0.00624	0.01599	0.28937	0.01729	0.02561	0.39554	0.02663	0.10771	0.00897	0.00246	0.00389	0.01097	0.03067	0.00597
19	0.00828	0.00566	0.00697	0.00743	0.00784	0.00565	0.00519	0.00912	0.00964	0.01273	0.02175	0.07622	0.02453	0.52284	0.02082	0.00435	0.00519	0.23786	0.00398	0.00395
20	0.09862	0.02198	0.28964	0.09784	0.02281	0.22126	0.11808	0.03606	0.01302	0.01729	0.00959	0.01178	0.00724	0.00535	0.00522	0.00168	0.00830	0.00429	0.00274	0.00720
21	0.01697	0.01443	0.01459	0.01233	0.01588	0.11514	0.04001	0.16761	0.42844	0.08582	0.01839	0.01745	0.01356	0.00694	0.00556	0.00176	0.00568	0.00561	0.00523	0.00858
22	0.24072	0.24920	0.01968	0.01212	0.01602	0.25592	0.10195	0.01837	0.01237	0.01698	0.00841	0.01002	0.00698	0.00514	0.00434	0.00149	0.00718	0.00361	0.00286	0.00664
23	0.01046	0.00984	0.01661	0.79205	0.03814	0.01230	0.01538	0.01415	0.01107	0.01415	0.00984	0.01477	0.00738	0.00554	0.00554	0.00185	0.00738	0.00492	0.00246	0.00615
24	0.01651	0.01820	0.09399	0.05934	0.21711	0.25253	0.01295	0.06262	0.05707	0.07299	0.01141	0.01297	0.00883	0.00556	0.00522	0.00155	0.00735	0.00441	0.00339	0.07601
25	0.22598	0.01835	0.27022	0.01487	0.11215	0.04379	0.01334	0.13788	0.01407	0.08421	0.01090	0.01204	0.00792	0.00556	0.00488	0.00170	0.00644	0.00417	0.00358	0.00794
26	0.00675	0.00482	0.00643	0.00771	0.00803	0.00450	0.00514	0.00771	0.01060	0.01414	0.03053	0.80175	0.03663	0.01735	0.00707	0.00225	0.00321	0.01574	0.00514	0.00450
27	0.17236	0.00998	0.01220	0.00954	0.01368	0.00939	0.00788	0.06310	0.01523	0.60073	0.01885	0.01678	0.01209	0.00654	0.00518	0.00171	0.00471	0.00508	0.00617	0.00881
28	0.08438	0.01752	0.19276	0.06496	0.02011	0.12758	0.11695	0.06725	0.01428	0.17419	0.05664	0.01518	0.01134	0.00602	0.00543	0.00171	0.00707	0.00503	0.00393	0.00767
29	0.00721	0.00502	0.00629	0.00711	0.00732	0.00481	0.00450	0.00783	0.00969	0.01292	0.02585	0.52792	0.03073	0.29923	0.01462	0.00337	0.00398	0.01299	0.00450	0.00409
30	0.00791	0.00593	0.00890	0.00890	0.00989	0.00692	0.00692	0.00989	0.00890	0.01286	0.01483	0.02176	0.01385	0.04154	0.78341	0.00890	0.01483	0.00593	0.00297	0.00494
31	0.13118	0.01381	0.01459	0.01690	0.21826	0.12848	0.01057	0.02204	0.29191	0.02042	0.01479	0.01554	0.01153	0.00614	0.00507	0.00169	0.00569	0.00497	0.05864	0.00779
32	0.01445	0.31293	0.26160	0.01184	0.01747	0.09719	0.01260	0.01779	0.01220	0.06522	0.00973	0.01091	0.00767	0.00506	0.00446	0.00137	0.00674	0.00360	0.00283	0.12433
33	0.01224	0.20944	0.02333	0.01452	0.01872	0.06438	0.31660	0.01510	0.01267	0.01555	0.02230	0.02348	0.21350	0.00728	0.00570	0.00167	0.00677	0.00685	0.00333	0.00656
34	0.02105	0.01551	0.01662	0.01274	0.01717	0.01717	0.01053	0.75235	0.02604	0.03490	0.01330	0.01330	0.00942	0.00665	0.00554	0.00166	0.00609	0.00499	0.00554	0.00942
35	0.00869	0.00621	0.00866	0.00994	0.01111	0.00618	0.00852	0.01108	0.01252	0.01632	0.02945	0.14089	0.03238	0.01552	0.00759	0.00252	0.00490	0.65740	0.00510	0.00504
36	0.00810	0.00578	0.00798	0.00926	0.01017	0.00566	0.00749	0.01005	0.01194	0.01565	0.02978	0.34296	0.03368	0.01608	0.00743	0.00244	0.00438	0.46120	0.00512	0.00487
37	0.01574	0.01287	0.01363	0.01167	0.01515	0.01469	0.00924	0.22486	0.56217	0.02634	0.02004	0.01867	0.01488	0.00728	0.00561	0.00182	0.00485	0.00592	0.00561	0.00894
38	0.00824	0.00542	0.00687	0.00687	0.00710	0.00565	0.00439	0.00836	0.00813	0.01107	0.01575	0.03016	0.01720	0.51813	0.20217	0.12318	0.00748	0.00711	0.00313	0.00359
39	0.01111	0.02865	0.77667	0.01579	0.02397	0.01286	0.02046	0.01754	0.01169	0.01754	0.00994	0.01169	0.00702	0.00526	0.00526	0.00175	0.00818	0.00409	0.00234	0.00818
40	0.10655	0.13332	0.01755	0.01322	0.01656	0.52108	0.04998	0.02079	0.04510	0.01530	0.00907	0.01044	0.00748	0.00553	0.00474	0.00147	0.00854	0.00369	0.00296	0.00663
41	0.04428	0.23258	0.11367	0.01182	0.01601	0.17550	0.01074	0.11783	0.15496	0.01883	0.01210	0.01340	0.00975	0.03893	0.00574	0.00169	0.00670	0.00433	0.00358	0.00753
42	0.01415	0.01424	0.02699	0.01985	0.02479	0.01400	0.52574	0.13751	0.07166	0.02086	0.01359	0.01823	0.01075	0.00590	0.00638	0.00188	0.00816	0.05398	0.00361	0.00773
43	0.00895	0.00590	0.00703	0.00684	0.00733	0.00640	0.00466	0.01002	0.00917	0.01391	0.01648	0.02816	0.01667	0.42127	0.12831	0.00455	0.06498	0.00673	0.22836	0.00427
44	0.01232	0.01182	0.02108	0.31268	0.18360	0.01263	0.20992	0.04147	0.04350	0.01749	0.01158	0.01523	0.00892	0.00537	0.00567	0.00176	0.00721	0.00543	0.06513	0.00719
45	0.84448	0.01071	0.00814	0.00728	0.01071	0.01242	0.00600	0.01628	0.00943	0.02485	0.00771	0.00900	0.00600	0.00514	0.00343	0.00171	0.00428	0.00300	0.00343	0.00600
46	0.01378	0.01211	0.02086	0.07411	0.02166	0.01227	0.32293	0.02109	0.23088	0.09981	0.09507	0.01978	0.01597	0.00649	0.00610	0.00184	0.00655	0.00660	0.00438	0.00772
47	0.09161	0.04355	0.04265	0.01214	0.04648	0.07406	0.03473	0.16104	0.08662	0.27343	0.06514	0.01688	0.01364	0.00664	0.00534	0.00168	0.00560	0.00528	0.00517	0.00832
48	0.01687	0.01527	0.02570	0.01895	0.02386	0.12061	0.47486	0.02050	0.01408	0.19244	0.01330	0.01515	0.00945	0.00532	0.00610	0.00177	0.00836	0.00590	0.00375	0.00778
49	0.00655	0.00561	0.00561	0.00561	0.00748	0.00468	0.00421	0.00795	0.01262	0.01496	0.05610	0.05330	0.76857	0.01403	0.00655	0.00187	0.00281	0.01169	0.00514	0.00468
50	0.00827	0.00620	0.00760	0.00793	0.00932	0.00589	0.00617	0.05268	0.01348	0.01760	0.16531	0.23448	0.23446	0.01426	0.00689	0.00210	0.00364	0.19330	0.00532	0.00511
51	0.03281	0.02361	0.49478	0.01538	0.02206	0.07561	0.09483	0.01954	0.04597	0.10591	0.01186	0.01307	0.00837	0.00552	0.00539	0.00174	0.00779	0.00455	0.00313	0.00809
52	0.01283	0.01226	0.02089	0.23893	0.57274	0.01293	0.01656	0.01623	0.01220	0.01703	0.01026	0.01399	0.00840	0.00510	0.00550	0.00170	0.00680	0.00493	0.00267	0.00806
53	0.00681	0.00489	0.00636	0.00751	0.00790	0.00455	0.00499	0.00774	0.01058	0.01400	0.03121	0.72021	0.07534	0.05942	0.00817	0.00240	0.00331	0.01511	0.00505	0.00445
54	0.06276	0.01678	0.06593	0.01386	0.01700	0.28227	0.15153	0.04572	0.01360	0.01643	0.01565	0.20238	0.01575	0.00877	0.00587	0.00182	0.00738	0.04658	0.00362	0.00630
55	0.01727	0.01533	0.02057	0.02239	0.31675	0.07248	0.09161	0.32878	0.01858	0.02483	0.01158	0.01339	0.00888	0.00569	0.00558	0.00166	0.00692	0.00502	0.00394	0.00873
56	0.01053	0.01042	0.00903	0.00951	0.01061	0.19040	0.00670	0.01256	0.06106	0.01459	0.02477	0.56206	0.02832	0.01393	0.00648	0.00203	0.00490	0.01222	0.00463	0.00524
57	0.01279	0.01186	0.01210	0.00901	0.01369	0.09455	0.00714	0.03580	0.01237	0.01802	0.00980	0.01137	0.00812	0.00435	0.00424	0.00091	0.00482	0.00336	0.00330	0.72240
58	0.01479	0.00955	0.01199	0.00946	0.01286	0.00875	0.02989	0.10941	0.01380	0.18796	0.03304	0.08563	0.01469	0.11903	0.00886	0.00200	0.03177	0.00606	0.00456	0.28591

[dist]
# distance from previous block
# <min> <max>
0	2

[block]
# block no. 1 follows, 43 sequences, length 23
# corresponding to MSA columns:
# 222-244
name=unknown_B
#
# <colnr> <probs for GDERKNQSTAVLIFYWHMCP>
#	G	D	E	R	K	N	Q	S	T	A	V	L	I	F	Y	W	H	M	C	P
0	0.01210	0.00850	0.01013	0.00866	0.01093	0.00860	0.00679	0.21372	0.01851	0.05469	0.53303	0.03283	0.03907	0.00987	0.00622	0.00172	0.00364	0.00847	0.00597	0.00653
1	0.01254	0.01226	0.01904	0.02408	0.42803	0.06573	0.09487	0.01567	0.01371	0.01885	0.21588	0.02109	0.02041	0.00669	0.00585	0.00168	0.00605	0.00639	0.00367	0.00750
2	0.01021	0.00912	0.01253	0.01123	0.01144	0.01194	0.00884	0.01129	0.00847	0.01259	0.01141	0.02016	0.01186	0.21372	0.18418	0.00454	0.43268	0.00587	0.00277	0.00515
3	0.01651	0.07776	0.10482	0.01969	0.22314	0.10830	0.09031	0.18670	0.04421	0.05824	0.01169	0.01321	0.00891	0.00561	0.00538	0.00163	0.00712	0.00478	0.00364	0.00834
4	0.00771	0.00538	0.00575	0.00590	0.00735	0.00483	0.00433	0.00946	0.01231	0.01698	0.10047	0.14965	0.40136	0.01222	0.00589	0.00176	0.00279	0.01036	0.23067	0.00483
5	0.00777	0.00594	0.00722	0.00759	0.00871	0.00574	0.00542	0.01084	0.09552	0.01726	0.21530	0.40973	0.15362	0.01425	0.00669	0.00202	0.00313	0.01264	0.00543	0.00518
6	0.01557	0.01271	0.01465	0.15816	0.01977	0.01463	0.01059	0.26634	0.37652	0.02537	0.01709	0.01711	0.01264	0.00686	0.00559	0.00180	0.00551	0.00559	0.00501	0.00849
7	0.01080	0.00559	0.00654	0.00652	0.00788	0.00532	0.00480	0.01289	0.01212	0.10362	0.07832	0.23393	0.02309	0.00982	0.00513	0.00163	0.00299	0.00844	0.45511	0.00547
8	0.01481	0.80869	0.02902	0.00948	0.01421	0.02191	0.00948	0.01658	0.01125	0.01303	0.00770	0.00888	0.00711	0.00474	0.00355	0.00118	0.00592	0.00296	0.00237	0.00711
9	0.00919	0.00529	0.00533	0.00533	0.00671	0.00504	0.00394	0.01132	0.01171	0.01862	0.02836	0.03027	0.21916	0.04774	0.00579	0.00165	0.00278	0.00707	0.56976	0.00494
10	0.01307	0.01494	0.03268	0.02334	0.02894	0.01401	0.75070	0.01774	0.01307	0.01774	0.01120	0.01494	0.00840	0.00467	0.00654	0.00187	0.00934	0.00654	0.00280	0.00747
11	0.01148	0.00984	0.01148	0.00820	0.01312	0.00738	0.00656	0.01395	0.01148	0.01805	0.00984	0.01148	0.00820	0.00410	0.00410	0.00082	0.00410	0.00328	0.00328	0.83922
12	0.01750	0.01343	0.01438	0.01188	0.01564	0.01508	0.00953	0.35515	0.39992	0.05845	0.01835	0.01727	0.01340	0.00710	0.00559	0.00177	0.00517	0.00566	0.00564	0.00909
13	0.01120	0.00954	0.01118	0.00817	0.01282	0.00721	0.00648	0.01357	0.01143	0.01781	0.01109	0.05919	0.00992	0.00490	0.00428	0.00091	0.00405	0.00403	0.00339	0.78883
14	0.01996	0.02657	0.07383	0.01438	0.01764	0.72428	0.01145	0.02177	0.01539	0.01386	0.00867	0.01012	0.00712	0.00567	0.00501	0.00145	0.00985	0.00361	0.00281	0.00656
15	0.10657	0.02476	0.01491	0.01354	0.01645	0.70278	0.01021	0.02151	0.01504	0.01473	0.00847	0.00988	0.00702	0.00565	0.00483	0.00146	0.00939	0.00351	0.00291	0.00638
16	0.84448	0.01071	0.00814	0.00728	0.01071	0.01242	0.00600	0.01628	0.00943	0.02485	0.00771	0.00900	0.00600	0.00514	0.00343	0.00171	0.00428	0.00300	0.00343	0.00600
17	0.00875	0.00673	0.00765	0.00702	0.00892	0.00631	0.00537	0.09179	0.01550	0.02047	0.37501	0.04343	0.35851	0.01198	0.00643	0.00179	0.00308	0.01018	0.00562	0.00545
18	0.00692	0.00533	0.00632	0.00671	0.00787	0.00473	0.00479	0.00843	0.01256	0.01630	0.20823	0.33168	0.33092	0.01466	0.00674	0.00198	0.00291	0.01283	0.00536	0.00473
19	0.05203	0.00662	0.00773	0.00695	0.00917	0.00596	0.00539	0.01329	0.01401	0.17167	0.26712	0.03846	0.30891	0.01084	0.00603	0.00176	0.00319	0.00911	0.05587	0.00590
20	0.00757	0.00521	0.00637	0.00688	0.00729	0.00501	0.00448	0.00844	0.01024	0.01389	0.09506	0.34122	0.05777	0.33233	0.01537	0.00341	0.00405	0.03548	0.03578	0.00416
21	0.00877	0.00635	0.00781	0.00727	0.00892	0.00603	0.00551	0.01239	0.08338	0.04632	0.57679	0.04037	0.14652	0.01120	0.00642	0.00177	0.00287	0.00976	0.00595	0.00561
22	0.01187	0.00806	0.00879	0.00824	0.01041	0.00851	0.00657	0.09053	0.18213	0.03994	0.02500	0.03023	0.10783	0.00899	0.00538	0.00173	0.00381	0.11814	0.31741	0.00644

[dist]
# distance from previous block
# <min> <max>
0	103

[block]
# block no. 2 follows, 43 sequences, length 24
# corresponding to MSA columns:
# 348-357,360-373
name=unknown_C
#
# <colnr> <probs for GDERKNQSTAVLIFYWHMCP>
#	G	D	E	R	K	N	Q	S	T	A	V	L	I	F	Y	W	H	M	C	P
0	0.84448	0.01071	0.00814	0.00728	0.01071	0.01242	0.00600	0.01628	0.00943	0.02485	0.00771	0.00900	0.00600	0.00514	0.00343	0.00171	0.00428	0.00300	0.00343	0.00600
1	0.01481	0.80869	0.02902	0.00948	0.01421	0.02191	0.00948	0.01658	0.01125	0.01303	0.00770	0.00888	0.00711	0.00474	0.00355	0.00118	0.00592	0.00296	0.00237	0.00711
2	0.00708	0.00541	0.00651	0.00671	0.00793	0.00483	0.00485	0.00882	0.01319	0.01743	0.31441	0.25956	0.29530	0.01395	0.00669	0.00193	0.00285	0.01221	0.00550	0.00483
3	0.01556	0.01012	0.01268	0.08354	0.01564	0.01015	0.04236	0.22319	0.01703	0.19718	0.02965	0.02862	0.27242	0.00905	0.00594	0.00177	0.00491	0.00750	0.00529	0.00738
4	0.00667	0.00549	0.00586	0.00604	0.00762	0.00469	0.00443	0.00808	0.01251	0.01533	0.10131	0.17179	0.60228	0.01437	0.00663	0.00192	0.00286	0.01222	0.00521	0.00469
5	0.01262	0.34804	0.47054	0.01320	0.01998	0.01657	0.01596	0.01715	0.01151	0.01569	0.00902	0.01054	0.00705	0.00505	0.00456	0.00152	0.00726	0.00363	0.00235	0.00774
6	0.01488	0.24656	0.32359	0.01388	0.01958	0.19316	0.04835	0.05015	0.01318	0.01611	0.00919	0.01073	0.00724	0.00525	0.00479	0.00152	0.00793	0.00380	0.00263	0.00750
7	0.17930	0.02211	0.01435	0.01275	0.01589	0.54583	0.00978	0.10579	0.01569	0.01821	0.00895	0.01018	0.00718	0.00571	0.00476	0.00151	0.00844	0.00362	0.00328	0.00669
8	0.01244	0.01174	0.01863	0.05328	0.27828	0.01057	0.12023	0.01557	0.01209	0.01785	0.01024	0.01290	0.00839	0.00454	0.00500	0.00130	0.00587	0.00440	0.00299	0.39368
9	0.01148	0.00984	0.01148	0.00820	0.01312	0.00738	0.00656	0.01395	0.01148	0.01805	0.00984	0.01148	0.00820	0.00410	0.00410	0.00082	0.00410	0.00328	0.00328	0.83922
10	0.00783	0.00569	0.00761	0.00876	0.00972	0.00547	0.00696	0.00964	0.01190	0.01546	0.03256	0.34951	0.10982	0.01597	0.00731	0.00236	0.00413	0.37936	0.00512	0.00482
11	0.01341	0.01286	0.02194	0.10311	0.70401	0.01308	0.01685	0.01674	0.01247	0.01773	0.01037	0.01380	0.00865	0.00499	0.00549	0.00166	0.00665	0.00493	0.00272	0.00853
12	0.00805	0.00537	0.00604	0.00604	0.00604	0.00537	0.00336	0.00805	0.00805	0.01074	0.01745	0.03624	0.02013	0.80536	0.02819	0.00537	0.00537	0.00805	0.00336	0.00336
13	0.01586	0.00913	0.01062	0.00883	0.01167	0.00924	0.00704	0.19171	0.06341	0.19830	0.18951	0.02323	0.02182	0.00777	0.00538	0.00162	0.00402	0.00639	0.20706	0.00739
14	0.01179	0.01217	0.02209	0.32191	0.02860	0.01415	0.26061	0.01513	0.01103	0.01513	0.00959	0.01410	0.00769	0.00638	0.00933	0.00201	0.22371	0.00544	0.00256	0.00657
15	0.01333	0.00996	0.01122	0.00983	0.01256	0.01072	0.00774	0.13884	0.31054	0.06975	0.24809	0.02862	0.06062	0.00906	0.00600	0.00182	0.00410	0.03389	0.00579	0.00752
16	0.00801	0.00543	0.00630	0.00622	0.00647	0.00534	0.00372	0.00852	0.00953	0.01296	0.16305	0.03724	0.02637	0.65130	0.02399	0.00467	0.00483	0.00843	0.00389	0.00372
17	0.01525	0.01767	0.02084	0.01686	0.01935	0.27260	0.21383	0.01748	0.01215	0.01461	0.00878	0.01218	0.00753	0.00698	0.01058	0.00194	0.31726	0.00488	0.00267	0.00657
18	0.00675	0.00482	0.00643	0.00771	0.00803	0.00450	0.00514	0.00771	0.01060	0.01414	0.03053	0.80175	0.03663	0.01735	0.00707	0.00225	0.00321	0.01574	0.00514	0.00450
19	0.00794	0.00541	0.00642	0.00650	0.00696	0.00525	0.00417	0.00883	0.01039	0.01425	0.18148	0.11418	0.05391	0.47388	0.01912	0.00392	0.00436	0.03355	0.03543	0.00404
20	0.01148	0.00984	0.01148	0.00820	0.01312	0.00738	0.00656	0.01395	0.01148	0.01805	0.00984	0.01148	0.00820	0.00410	0.00410	0.00082	0.00410	0.00328	0.00328	0.83922
21	0.01595	0.01661	0.01269	0.01168	0.01399	0.34977	0.00874	0.17385	0.01616	0.01834	0.01716	0.28421	0.01781	0.00993	0.00583	0.00176	0.00681	0.00808	0.00422	0.00640
22	0.55673	0.01041	0.00930	0.00760	0.01154	0.01068	0.00619	0.01547	0.01014	0.02250	0.00845	0.00986	0.00676	0.00478	0.00366	0.00141	0.00422	0.00310	0.00338	0.29383
23	0.10685	0.01896	0.01521	0.01264	0.01635	0.31322	0.01002	0.36055	0.01985	0.05826	0.01126	0.01181	0.00837	0.00614	0.00511	0.00158	0.00735	0.00425	0.00434	0.00790

[dist]
# distance from previous block
# <min> <max>
0	1

[block]
# block no. 3 follows, 43 sequences, length 14
# corresponding to MSA columns:
# 375-388
name=unknown_D
#
# <colnr> <probs for GDERKNQSTAVLIFYWHMCP>
#	G	D	E	R	K	N	Q	S	T	A	V	L	I	F	Y	W	H	M	C	P
0	0.58368	0.01190	0.01044	0.00887	0.01250	0.01361	0.00727	0.18267	0.08190	0.02695	0.01032	0.01103	0.00776	0.00570	0.00410	0.00172	0.00470	0.00374	0.00410	0.00702
1	0.00793	0.00586	0.00851	0.00851	0.00937	0.00671	0.00644	0.00964	0.00879	0.01257	0.01519	0.02372	0.01470	0.14478	0.68134	0.00842	0.01356	0.00622	0.00302	0.00473
2	0.01145	0.00658	0.00785	0.00728	0.00864	0.00625	0.00513	0.03545	0.01124	0.15571	0.02533	0.03737	0.13763	0.43283	0.01793	0.00376	0.00484	0.07516	0.00452	0.00505
3	0.00706	0.00559	0.00635	0.00625	0.00782	0.00488	0.00465	0.00892	0.01372	0.01776	0.33356	0.08725	0.45025	0.01314	0.00657	0.00184	0.00275	0.01124	0.00552	0.00488
4	0.00776	0.00525	0.00613	0.00642	0.00649	0.00517	0.00376	0.00798	0.00863	0.01150	0.02038	0.20804	0.02384	0.62852	0.02345	0.00467	0.00489	0.00978	0.00376	0.00361
5	0.02069	0.02640	0.01569	0.01427	0.01712	0.78313	0.01070	0.02212	0.01569	0.01355	0.00856	0.00999	0.00713	0.00571	0.00499	0.00143	0.00999	0.00357	0.00285	0.00642
6	0.01481	0.80869	0.02902	0.00948	0.01421	0.02191	0.00948	0.01658	0.01125	0.01303	0.00770	0.00888	0.00711	0.00474	0.00355	0.00118	0.00592	0.00296	0.00237	0.00711
7	0.00717	0.00514	0.00626	0.00692	0.00780	0.00469	0.00483	0.00860	0.01180	0.01597	0.13110	0.46545	0.19874	0.01483	0.00659	0.00201	0.00299	0.01313	0.08130	0.00469
8	0.00805	0.00537	0.00604	0.00604	0.00604	0.00537	0.00336	0.00805	0.00805	0.01074	0.01745	0.03624	0.02013	0.80536	0.02819	0.00537	0.00537	0.00805	0.00336	0.00336
9	0.01046	0.00984	0.01661	0.79205	0.03814	0.01230	0.01538	0.01415	0.01107	0.01415	0.00984	0.01477	0.00738	0.00554	0.00554	0.00185	0.00738	0.00492	0.00246	0.00615
10	0.00722	0.00502	0.00629	0.00711	0.00732	0.00481	0.00450	0.00783	0.00969	0.01292	0.02584	0.52750	0.03072	0.29967	0.01464	0.00337	0.00399	0.01299	0.00450	0.00409
11	0.01238	0.00938	0.00725	0.00697	0.00857	0.15957	0.00523	0.01473	0.01242	0.01924	0.01618	0.01853	0.01279	0.00630	0.00409	0.00132	0.00405	0.00485	0.67072	0.00541
12	0.00659	0.00545	0.00577	0.00603	0.00759	0.00464	0.00439	0.00790	0.01222	0.01480	0.05103	0.20185	0.62329	0.01469	0.00665	0.00195	0.00289	0.01249	0.00514	0.00464
13	0.62987	0.01196	0.01035	0.00871	0.01240	0.01366	0.00718	0.20813	0.01376	0.02747	0.00917	0.01012	0.00689	0.00553	0.00398	0.00170	0.00476	0.00352	0.00398	0.00689

[dist]
# distance from previous block
# <min> <max>
0	0

# created by:
# /home/cegg/simao/soft/augustus-3.2.1/scripts/msa2prfl.pl ./align_prep/27590.fa
