[name]
unknown

[dist]
# distance from previous block
# <min> <max>
26	124

[block]
# block no. 0 follows, 44 sequences, length 66
# corresponding to MSA columns:
# 126-191
name=unknown_A
#
# <colnr> <probs for GDERKNQSTAVLIFYWHMCP>
#	G	D	E	R	K	N	Q	S	T	A	V	L	I	F	Y	W	H	M	C	P
0	0.22603	0.10522	0.03990	0.01095	0.08317	0.01093	0.00804	0.06893	0.01154	0.01850	0.01730	0.27423	0.03824	0.01062	0.03138	0.00205	0.02518	0.00784	0.00387	0.00607
1	0.19539	0.01661	0.01389	0.01179	0.01509	0.27029	0.03492	0.12388	0.10849	0.04544	0.01116	0.01206	0.00863	0.00597	0.00547	0.00159	0.05030	0.00414	0.00378	0.06112
2	0.16789	0.01388	0.08480	0.01011	0.01471	0.05271	0.00888	0.19507	0.03863	0.02289	0.01047	0.01151	0.00807	0.00513	0.00446	0.00132	0.00524	0.00377	0.00376	0.33669
3	0.17096	0.01167	0.07705	0.00913	0.01315	0.01013	0.00787	0.07789	0.11856	0.04457	0.01373	0.01590	0.03254	0.07703	0.00657	0.00173	0.00471	0.00453	0.00386	0.29842
4	0.22258	0.01513	0.01276	0.01076	0.01408	0.22796	0.03286	0.15399	0.03450	0.05294	0.08253	0.01434	0.01221	0.00616	0.00477	0.00154	0.00607	0.00451	0.03233	0.05797
5	0.01118	0.01053	0.01743	0.58357	0.20070	0.01238	0.01515	0.01536	0.05137	0.01527	0.01048	0.01461	0.00807	0.00542	0.00544	0.00177	0.00693	0.00492	0.00265	0.00677
6	0.14073	0.01348	0.01273	0.01064	0.01425	0.09907	0.00846	0.20167	0.24330	0.02370	0.01403	0.01430	0.01072	0.00728	0.03210	0.00180	0.00564	0.00461	0.00444	0.13705
7	0.01213	0.01156	0.01966	0.35880	0.45973	0.01259	0.01605	0.01553	0.01177	0.01615	0.01001	0.01394	0.00805	0.00511	0.00542	0.00170	0.00681	0.00485	0.00258	0.00753
8	0.01105	0.01066	0.01899	0.01540	0.01825	0.01111	0.29546	0.01527	0.07908	0.01704	0.05911	0.05565	0.01874	0.01008	0.02682	0.00227	0.11399	0.21082	0.00385	0.00635
9	0.09992	0.01888	0.01521	0.01260	0.01628	0.30828	0.01000	0.40665	0.02020	0.02544	0.01079	0.01145	0.00810	0.00605	0.00505	0.00155	0.00728	0.00419	0.00425	0.00783
10	0.01249	0.01193	0.02031	0.27281	0.54290	0.01269	0.01623	0.01585	0.01194	0.01659	0.01008	0.01382	0.00821	0.00504	0.00541	0.00168	0.00673	0.00485	0.00261	0.00783
11	0.37513	0.01752	0.01152	0.01044	0.01336	0.38353	0.00806	0.01827	0.01279	0.01889	0.07604	0.01216	0.01050	0.00587	0.00439	0.00155	0.00677	0.00384	0.00334	0.00604
12	0.01093	0.02820	0.78016	0.01554	0.02360	0.01266	0.02014	0.01727	0.01151	0.01727	0.00978	0.01151	0.00691	0.00518	0.00518	0.00173	0.00806	0.00403	0.00230	0.00806
13	0.01166	0.01108	0.01882	0.47013	0.35205	0.01247	0.01582	0.01513	0.01155	0.01559	0.00993	0.01409	0.00785	0.00520	0.00543	0.00173	0.00693	0.00485	0.00254	0.00716
14	0.01250	0.01194	0.02033	0.27041	0.54522	0.01269	0.01624	0.01586	0.01194	0.01660	0.01008	0.01382	0.00821	0.00504	0.00541	0.00168	0.00672	0.00485	0.00261	0.00783
15	0.02350	0.01268	0.01337	0.01066	0.01462	0.15139	0.00861	0.06661	0.01614	0.59608	0.01864	0.01665	0.01207	0.00653	0.00538	0.00163	0.00567	0.00509	0.00595	0.00873
16	0.01058	0.00998	0.01687	0.72744	0.10318	0.01219	0.01528	0.01418	0.01104	0.01428	0.00974	0.01444	0.00739	0.00540	0.00545	0.00180	0.00720	0.00485	0.00245	0.00629
17	0.01349	0.01295	0.02213	0.03346	0.77440	0.01295	0.01673	0.01673	0.01241	0.01781	0.01025	0.01349	0.00864	0.00486	0.00540	0.00162	0.00648	0.00486	0.00270	0.00864
18	0.01421	0.00750	0.00979	0.00917	0.01154	0.00701	0.00750	0.05925	0.01402	0.27576	0.02874	0.15490	0.11246	0.01189	0.00650	0.00206	0.00440	0.25108	0.00564	0.00658
19	0.00713	0.00523	0.00673	0.00730	0.00819	0.00483	0.00527	0.00878	0.01245	0.01675	0.26987	0.40669	0.13271	0.01461	0.00677	0.00203	0.00307	0.07149	0.00536	0.00473
20	0.03218	0.00982	0.01386	0.01150	0.01411	0.03399	0.14407	0.15440	0.01554	0.04346	0.22880	0.20176	0.02766	0.01009	0.00625	0.00185	0.00499	0.03441	0.00491	0.00635
21	0.01277	0.01222	0.02082	0.20572	0.60779	0.01276	0.01637	0.01610	0.01207	0.01693	0.01013	0.01373	0.00833	0.00499	0.00541	0.00166	0.00666	0.00485	0.00264	0.00805
22	0.00779	0.00610	0.00832	0.00901	0.00942	0.00662	0.00669	0.00901	0.01043	0.01415	0.02630	0.56932	0.03084	0.01560	0.00875	0.00229	0.12761	0.12237	0.00464	0.00476
23	0.80290	0.01137	0.00841	0.00754	0.01088	0.05346	0.00615	0.01633	0.00961	0.02387	0.00764	0.00891	0.00596	0.00509	0.00346	0.00167	0.00452	0.00298	0.00334	0.00593
24	0.00718	0.00511	0.00685	0.00804	0.00855	0.00488	0.00579	0.00842	0.01077	0.01427	0.02910	0.60034	0.03416	0.05877	0.00819	0.00244	0.00368	0.17400	0.00496	0.00450
25	0.01340	0.01286	0.02196	0.05545	0.75313	0.01293	0.01669	0.01665	0.01237	0.01770	0.01024	0.01352	0.00860	0.00487	0.00540	0.00162	0.00650	0.00486	0.00269	0.00856
26	0.01514	0.01047	0.01424	0.01085	0.01467	0.00986	0.06692	0.05645	0.01277	0.20657	0.01316	0.03884	0.01025	0.00616	0.00692	0.00144	0.12870	0.00476	0.00411	0.36770
27	0.00817	0.00624	0.00781	0.00813	0.00954	0.00616	0.00644	0.01138	0.07958	0.01719	0.19208	0.13367	0.18823	0.01555	0.06834	0.00260	0.00450	0.22406	0.00513	0.00520
28	0.01283	0.05564	0.14521	0.01038	0.01544	0.07924	0.00966	0.05296	0.06329	0.01819	0.01050	0.01178	0.00836	0.00476	0.00446	0.00115	0.00545	0.00366	0.00325	0.48379
29	0.34192	0.15013	0.10875	0.01076	0.01474	0.26167	0.00970	0.01807	0.01183	0.01809	0.00813	0.00948	0.00657	0.00519	0.00411	0.00152	0.00675	0.00326	0.00289	0.00648
30	0.00790	0.00593	0.00679	0.00651	0.00791	0.00553	0.00470	0.01034	0.05826	0.02871	0.31899	0.04245	0.30201	0.15813	0.01028	0.00242	0.00327	0.00981	0.00515	0.00488
31	0.01210	0.01415	0.15377	0.01208	0.01491	0.03539	0.01109	0.07549	0.17006	0.01951	0.17946	0.01997	0.01900	0.00829	0.00909	0.00192	0.22661	0.00602	0.00408	0.00700
32	0.01299	0.01244	0.02123	0.15241	0.65935	0.01282	0.01648	0.01629	0.01218	0.01720	0.01017	0.01366	0.00842	0.00495	0.00541	0.00165	0.00660	0.00486	0.00266	0.00823
33	0.00741	0.00556	0.00686	0.00654	0.00796	0.00501	0.00490	0.00970	0.01471	0.02015	0.59982	0.04354	0.22421	0.01178	0.00643	0.00174	0.00262	0.01025	0.00578	0.00501
34	0.00742	0.00559	0.00660	0.00666	0.00813	0.00521	0.00513	0.00931	0.01240	0.01647	0.18615	0.06116	0.37410	0.01656	0.11374	0.00279	0.00455	0.07700	0.07620	0.00482
35	0.00657	0.00550	0.00572	0.00573	0.00746	0.00465	0.00427	0.00805	0.01263	0.01537	0.12186	0.08213	0.67399	0.01369	0.00646	0.00184	0.00276	0.01151	0.00515	0.00465
36	0.01202	0.01145	0.01947	0.38385	0.43550	0.01257	0.01600	0.01544	0.01172	0.01603	0.00999	0.01397	0.00801	0.00513	0.00542	0.00171	0.00684	0.00485	0.00257	0.00745
37	0.16645	0.01251	0.01954	0.02864	0.63420	0.01282	0.01474	0.01660	0.01184	0.01903	0.00977	0.01264	0.00813	0.00489	0.00503	0.00163	0.00606	0.00451	0.00282	0.00813
38	0.02179	0.01398	0.01525	0.01179	0.01604	0.04582	0.00969	0.51580	0.02232	0.24796	0.01533	0.01453	0.01040	0.00657	0.00544	0.00164	0.00576	0.00502	0.00572	0.00915
39	0.01295	0.01325	0.03618	0.10203	0.49590	0.01320	0.18084	0.01649	0.01220	0.01717	0.01024	0.01377	0.00834	0.00505	0.00613	0.00172	0.03869	0.00519	0.00267	0.00799
40	0.16594	0.01293	0.02200	0.02136	0.23076	0.01382	0.27064	0.01617	0.01123	0.01802	0.00945	0.01277	0.00773	0.00569	0.00775	0.00185	0.15688	0.00504	0.00278	0.00718
41	0.00958	0.00659	0.00826	0.00848	0.01010	0.00638	0.00679	0.03869	0.05318	0.06954	0.11525	0.18698	0.17550	0.01347	0.00677	0.00211	0.00394	0.26761	0.00531	0.00548
42	0.00995	0.00710	0.00825	0.00767	0.00906	0.00718	0.00554	0.14547	0.01316	0.01743	0.10829	0.13500	0.16579	0.19055	0.05550	0.09096	0.00480	0.00883	0.00445	0.00499
43	0.00793	0.00529	0.00595	0.00595	0.00595	0.00529	0.00330	0.00793	0.00793	0.01057	0.01718	0.03568	0.01982	0.80840	0.02775	0.00529	0.00529	0.00793	0.00330	0.00330
44	0.02601	0.00958	0.01205	0.01006	0.01276	0.07680	0.07746	0.01718	0.04569	0.22093	0.36629	0.02906	0.03060	0.00876	0.00600	0.00172	0.00457	0.03224	0.00552	0.00670
45	0.00726	0.00553	0.00667	0.00644	0.00788	0.00494	0.00481	0.00938	0.01427	0.01924	0.50973	0.07051	0.28904	0.01223	0.00645	0.00177	0.00265	0.01059	0.00566	0.00494
46	0.01663	0.01448	0.01421	0.01157	0.01506	0.18411	0.04830	0.24898	0.01746	0.08055	0.08523	0.08574	0.01523	0.00725	0.00540	0.00153	0.00605	0.00588	0.00450	0.13184
47	0.01738	0.01940	0.04570	0.02195	0.33405	0.37073	0.01334	0.04133	0.01434	0.05669	0.01007	0.01198	0.00810	0.00537	0.00517	0.00153	0.00797	0.00424	0.00303	0.00760
48	0.01100	0.00852	0.01026	0.00782	0.01164	0.00671	0.00618	0.01345	0.01269	0.05940	0.22301	0.01990	0.02047	0.00617	0.00478	0.00111	0.00366	0.00520	0.00419	0.56385
49	0.01296	0.46447	0.36165	0.01208	0.01825	0.01762	0.01412	0.01674	0.01127	0.01479	0.00856	0.00997	0.00696	0.00489	0.00424	0.00141	0.00682	0.00341	0.00232	0.00747
50	0.00764	0.00557	0.00718	0.00678	0.00810	0.00511	0.00508	0.01014	0.01525	0.02143	0.72822	0.04143	0.09501	0.01131	0.00643	0.00172	0.00258	0.00996	0.00594	0.00511
51	0.00781	0.00576	0.00835	0.00835	0.00918	0.00659	0.00630	0.00947	0.00864	0.01235	0.01498	0.02352	0.01454	0.15427	0.67467	0.00825	0.01323	0.00615	0.00298	0.00464
52	0.01256	0.01169	0.01989	0.02754	0.57609	0.01155	0.07129	0.01572	0.01249	0.01806	0.04693	0.01718	0.04502	0.00566	0.00542	0.00162	0.00597	0.00552	0.08192	0.00787
53	0.01143	0.00843	0.00974	0.00867	0.01076	0.00862	0.00666	0.24378	0.01721	0.02327	0.29322	0.20375	0.10981	0.01130	0.00624	0.00181	0.00380	0.00973	0.00552	0.00622
54	0.01082	0.06281	0.17853	0.01000	0.01460	0.00935	0.00965	0.01483	0.06923	0.01711	0.01425	0.13198	0.01340	0.00691	0.00493	0.00138	0.00495	0.03101	0.00349	0.39079
55	0.32947	0.01543	0.01241	0.01054	0.01406	0.21251	0.00840	0.17638	0.04596	0.11048	0.01117	0.01159	0.00822	0.00581	0.00454	0.00161	0.00610	0.00393	0.00415	0.00723
56	0.04592	0.01333	0.01406	0.01163	0.01532	0.01507	0.00934	0.36771	0.39362	0.02825	0.01744	0.01656	0.01283	0.00692	0.00543	0.00174	0.00510	0.00547	0.00543	0.00883
57	0.01451	0.56402	0.12486	0.01284	0.08733	0.08773	0.01155	0.01697	0.01165	0.01392	0.00820	0.00965	0.00714	0.00483	0.00402	0.00130	0.00654	0.00330	0.00241	0.00723
58	0.01684	0.01388	0.01375	0.01154	0.01505	0.08296	0.00918	0.29881	0.35326	0.05308	0.01936	0.01840	0.05456	0.00725	0.00550	0.00172	0.00536	0.00573	0.00529	0.00846
59	0.00779	0.00582	0.00867	0.00867	0.00961	0.00676	0.00670	0.00968	0.00873	0.01259	0.01469	0.02189	0.01383	0.06630	0.76167	0.00865	0.01429	0.00591	0.00293	0.00482
60	0.00738	0.00556	0.00683	0.00651	0.00794	0.00500	0.00488	0.00964	0.01465	0.02000	0.58455	0.04379	0.23957	0.01184	0.00643	0.00175	0.00262	0.01029	0.00576	0.00500
61	0.00681	0.00554	0.00603	0.00590	0.00759	0.00476	0.00443	0.00853	0.01328	0.01676	0.25962	0.04912	0.56652	0.01305	0.00644	0.00180	0.00271	0.01104	0.00533	0.00476
62	0.00793	0.00529	0.00595	0.00595	0.00595	0.00529	0.00330	0.00793	0.00793	0.01057	0.01718	0.03568	0.01982	0.80840	0.02775	0.00529	0.00529	0.00793	0.00330	0.00330
63	0.84691	0.01054	0.00801	0.00717	0.01054	0.01223	0.00590	0.01603	0.00928	0.02446	0.00759	0.00886	0.00590	0.00506	0.00337	0.00169	0.00422	0.00295	0.00337	0.00590
64	0.01246	0.31943	0.42039	0.01369	0.02001	0.01621	0.06628	0.01678	0.01133	0.01547	0.00895	0.01071	0.00704	0.00510	0.00510	0.00155	0.03581	0.00380	0.00235	0.00754
65	0.02446	0.00928	0.01265	0.00970	0.01392	0.00801	0.00801	0.02657	0.01560	0.77817	0.02151	0.01856	0.01350	0.00675	0.00548	0.00169	0.00464	0.00548	0.00675	0.00928

[dist]
# distance from previous block
# <min> <max>
0	2

[block]
# block no. 1 follows, 44 sequences, length 12
# corresponding to MSA columns:
# 194-205
name=unknown_B
#
# <colnr> <probs for GDERKNQSTAVLIFYWHMCP>
#	G	D	E	R	K	N	Q	S	T	A	V	L	I	F	Y	W	H	M	C	P
0	0.01206	0.27119	0.54706	0.01361	0.02062	0.01542	0.01679	0.01697	0.01138	0.01589	0.00910	0.01065	0.00693	0.00502	0.00466	0.00155	0.00737	0.00368	0.00231	0.00773
1	0.05028	0.60459	0.12740	0.01034	0.01538	0.01958	0.01072	0.07937	0.01230	0.01575	0.00834	0.00949	0.00713	0.00491	0.00388	0.00130	0.00607	0.00324	0.00264	0.00729
2	0.00807	0.00653	0.00837	0.11204	0.01273	0.00659	0.00700	0.01106	0.06988	0.01613	0.11657	0.19046	0.26876	0.01275	0.00652	0.00201	0.00391	0.13059	0.00485	0.00520
3	0.16819	0.06551	0.01349	0.01089	0.01421	0.20197	0.00863	0.04590	0.29668	0.09872	0.01490	0.01455	0.01118	0.00627	0.00486	0.00164	0.00582	0.00462	0.00440	0.00755
4	0.05477	0.01645	0.01542	0.01268	0.01638	0.25262	0.06882	0.15270	0.14813	0.15332	0.01417	0.01418	0.01033	0.00612	0.00524	0.00160	0.00675	0.00477	0.00448	0.04106
5	0.01941	0.01547	0.01956	0.01488	0.01929	0.12780	0.20287	0.30575	0.01875	0.18037	0.01360	0.01416	0.00955	0.00594	0.00563	0.00166	0.00711	0.00522	0.00463	0.00834
6	0.01735	0.01114	0.01203	0.00972	0.01307	0.04415	0.00777	0.30314	0.01818	0.21993	0.02545	0.02539	0.19368	0.06499	0.00725	0.00195	0.00499	0.00679	0.00543	0.00761
7	0.01679	0.01672	0.02040	0.01615	0.01937	0.25320	0.23767	0.01923	0.01307	0.13432	0.01098	0.01316	0.00845	0.00638	0.00843	0.00180	0.18854	0.00500	0.00331	0.00702
8	0.01894	0.01362	0.01365	0.01120	0.01470	0.11504	0.00893	0.35116	0.05327	0.18836	0.01842	0.10629	0.04559	0.00802	0.00561	0.00170	0.00568	0.00639	0.00532	0.00810
9	0.01304	0.04120	0.33793	0.01129	0.01591	0.00942	0.01206	0.01645	0.01177	0.19267	0.01695	0.15264	0.01524	0.11875	0.00863	0.00228	0.00597	0.00684	0.00395	0.00703
10	0.01829	0.00822	0.01087	0.00932	0.01237	0.00750	0.00746	0.02121	0.07169	0.48346	0.02483	0.17298	0.04156	0.00972	0.00598	0.00188	0.00431	0.07444	0.00613	0.00778
11	0.01673	0.00852	0.01098	0.00870	0.01237	0.00709	0.00692	0.01882	0.01357	0.38293	0.07650	0.12234	0.01772	0.00762	0.00530	0.00149	0.00410	0.00645	0.00538	0.26649

[dist]
# distance from previous block
# <min> <max>
0	1

[block]
# block no. 2 follows, 44 sequences, length 11
# corresponding to MSA columns:
# 207-217
name=unknown_C
#
# <colnr> <probs for GDERKNQSTAVLIFYWHMCP>
#	G	D	E	R	K	N	Q	S	T	A	V	L	I	F	Y	W	H	M	C	P
0	0.01347	0.18117	0.20359	0.01730	0.02279	0.09066	0.33409	0.01746	0.01229	0.01592	0.00965	0.01218	0.00753	0.00501	0.00578	0.00165	0.03478	0.00482	0.00256	0.00730
1	0.01603	0.01441	0.01511	0.33279	0.02447	0.21053	0.01178	0.13274	0.01491	0.11030	0.01248	0.05803	0.00990	0.00648	0.00540	0.00169	0.00718	0.00519	0.00367	0.00693
2	0.00963	0.00842	0.00819	0.00846	0.00938	0.10060	0.00583	0.01230	0.10814	0.01416	0.02284	0.37088	0.02541	0.23145	0.01225	0.00292	0.00476	0.03510	0.00437	0.00491
3	0.01526	0.01229	0.01411	0.01116	0.01517	0.01270	0.03994	0.29163	0.22325	0.02508	0.01533	0.04988	0.01212	0.00649	0.00520	0.00150	0.00502	0.00533	0.00475	0.23378
4	0.01438	0.01516	0.02663	0.02438	0.23818	0.09554	0.43130	0.01814	0.01314	0.05254	0.01102	0.01402	0.00849	0.00488	0.00593	0.00172	0.00828	0.00563	0.00293	0.00770
5	0.09303	0.22171	0.14823	0.00976	0.01342	0.01168	0.00946	0.01498	0.01158	0.10840	0.03955	0.22056	0.01789	0.00904	0.00523	0.00174	0.00508	0.04820	0.00393	0.00652
6	0.15432	0.07538	0.08824	0.01010	0.01432	0.01206	0.00909	0.18366	0.04178	0.19389	0.09210	0.01612	0.01380	0.00639	0.00494	0.00158	0.00503	0.00491	0.00475	0.06754
7	0.05498	0.19489	0.17994	0.01205	0.01638	0.06866	0.08341	0.07479	0.01286	0.05498	0.03577	0.07773	0.01293	0.06468	0.00674	0.00190	0.00642	0.03064	0.00341	0.00686
8	0.11231	0.00957	0.01216	0.01283	0.12929	0.00962	0.00887	0.08855	0.06092	0.16794	0.11481	0.02763	0.06098	0.00849	0.00568	0.00180	0.00466	0.12487	0.00495	0.03406
9	0.14537	0.00857	0.01003	0.00889	0.01140	0.02858	0.04737	0.02949	0.02869	0.01776	0.06088	0.18973	0.04595	0.06031	0.03370	0.00216	0.00477	0.07372	0.00409	0.18854
10	0.09608	0.09842	0.01371	0.00954	0.01286	0.01014	0.05535	0.08080	0.01396	0.24039	0.11951	0.06852	0.03578	0.06485	0.00687	0.00188	0.00474	0.00636	0.00487	0.05535

[dist]
# distance from previous block
# <min> <max>
9	90

[block]
# block no. 3 follows, 44 sequences, length 8
# corresponding to MSA columns:
# 308-315
name=unknown_D
#
# <colnr> <probs for GDERKNQSTAVLIFYWHMCP>
#	G	D	E	R	K	N	Q	S	T	A	V	L	I	F	Y	W	H	M	C	P
0	0.04407	0.13443	0.12119	0.01828	0.23266	0.01366	0.06419	0.02043	0.15197	0.12577	0.01356	0.01442	0.01021	0.00560	0.00512	0.00164	0.00604	0.00483	0.00372	0.00822
1	0.09574	0.11570	0.07402	0.01097	0.05414	0.03965	0.00896	0.14134	0.05902	0.07806	0.16008	0.01973	0.01805	0.06660	0.00677	0.00185	0.00514	0.00559	0.00433	0.03425
2	0.01552	0.07800	0.16432	0.06907	0.08898	0.01187	0.10188	0.07642	0.01406	0.20460	0.06705	0.01598	0.01229	0.00591	0.00536	0.00163	0.00622	0.00516	0.00405	0.05164
3	0.03757	0.12457	0.09934	0.01271	0.07409	0.01176	0.06150	0.01693	0.10770	0.07693	0.12540	0.07144	0.01766	0.00813	0.02465	0.00182	0.04794	0.00611	0.00398	0.06976
4	0.08702	0.14563	0.12442	0.01120	0.07049	0.01074	0.00948	0.01539	0.01196	0.11224	0.08183	0.14508	0.01672	0.00758	0.00503	0.00156	0.00492	0.00628	0.00391	0.12852
5	0.05720	0.30939	0.21845	0.01079	0.01566	0.01507	0.01131	0.06747	0.06923	0.05117	0.07063	0.01419	0.01193	0.00584	0.00455	0.00149	0.00574	0.00436	0.04816	0.00734
6	0.15401	0.14523	0.16720	0.01043	0.01493	0.04150	0.01018	0.06928	0.07204	0.10103	0.09519	0.01530	0.01336	0.00611	0.00473	0.00155	0.00544	0.00462	0.00392	0.06395
7	0.08161	0.07485	0.23560	0.01242	0.01723	0.07029	0.06445	0.05752	0.09865	0.10352	0.05200	0.05709	0.01276	0.00653	0.00519	0.00167	0.00622	0.00533	0.00385	0.03321

[dist]
# distance from previous block
# <min> <max>
0	1

[block]
# block no. 4 follows, 44 sequences, length 44
# corresponding to MSA columns:
# 317-360
name=unknown_E
#
# <colnr> <probs for GDERKNQSTAVLIFYWHMCP>
#	G	D	E	R	K	N	Q	S	T	A	V	L	I	F	Y	W	H	M	C	P
0	0.05171	0.31421	0.08141	0.01674	0.20035	0.08629	0.02506	0.13143	0.01403	0.01835	0.00939	0.01099	0.00772	0.00514	0.00457	0.00145	0.00653	0.00390	0.00300	0.00773
1	0.05071	0.12977	0.24437	0.01072	0.01523	0.01110	0.01115	0.04004	0.01279	0.14293	0.10130	0.02224	0.02934	0.06014	0.00675	0.00191	0.00566	0.06978	0.00399	0.03008
2	0.12075	0.06042	0.04948	0.01064	0.05782	0.01114	0.00808	0.03726	0.24989	0.06014	0.07733	0.02141	0.01658	0.14995	0.04417	0.00266	0.00526	0.00589	0.00432	0.00680
3	0.30759	0.28880	0.05760	0.00886	0.01277	0.01468	0.00817	0.01750	0.07779	0.06926	0.08059	0.01356	0.01200	0.00581	0.00413	0.00153	0.00487	0.00409	0.00361	0.00679
4	0.00822	0.00630	0.00782	0.00694	0.00891	0.00547	0.00528	0.01065	0.01441	0.02043	0.56593	0.03669	0.11519	0.01015	0.00601	0.00157	0.00285	0.00885	0.00542	0.15292
5	0.01894	0.17885	0.01812	0.01189	0.01593	0.22103	0.00985	0.33459	0.01866	0.05360	0.01086	0.01145	0.00831	0.00577	0.00483	0.00143	0.00680	0.00405	0.00403	0.06101
6	0.01362	0.01208	0.08573	0.01199	0.05216	0.01025	0.02437	0.18280	0.02818	0.06174	0.01644	0.02573	0.01487	0.00788	0.00561	0.00166	0.00538	0.19840	0.00431	0.23681
7	0.03786	0.24773	0.05667	0.05322	0.15403	0.01514	0.01128	0.14413	0.04377	0.16703	0.01248	0.01312	0.00930	0.00560	0.00481	0.00153	0.00582	0.00438	0.00394	0.00816
8	0.01521	0.72517	0.02712	0.00985	0.01431	0.10580	0.00946	0.01692	0.01156	0.01288	0.00767	0.00886	0.00700	0.00477	0.00365	0.00119	0.00627	0.00298	0.00238	0.00692
9	0.00713	0.00551	0.00650	0.00633	0.00781	0.00488	0.00472	0.00912	0.01392	0.01848	0.43425	0.08316	0.35343	0.01255	0.00646	0.00179	0.00268	0.01083	0.00556	0.00488
10	0.01360	0.39540	0.32577	0.01279	0.01866	0.08875	0.04401	0.01725	0.01173	0.01482	0.00867	0.01019	0.00701	0.00495	0.00442	0.00144	0.00722	0.00356	0.00238	0.00737
11	0.00664	0.00474	0.00633	0.00759	0.00791	0.00443	0.00506	0.00759	0.01044	0.01392	0.03005	0.80485	0.03606	0.01708	0.00696	0.00221	0.00316	0.01550	0.00506	0.00443
12	0.00718	0.00555	0.00654	0.00629	0.00781	0.00491	0.00472	0.00924	0.01416	0.01884	0.46792	0.04570	0.35693	0.01227	0.00644	0.00177	0.00265	0.01056	0.00560	0.00491
13	0.00791	0.00589	0.00756	0.00804	0.00944	0.00555	0.00662	0.01016	0.01333	0.01748	0.24347	0.05345	0.21962	0.01365	0.00695	0.00212	0.00378	0.35473	0.00531	0.00495
14	0.05642	0.01528	0.01769	0.01494	0.07534	0.06564	0.08532	0.49683	0.07037	0.02883	0.01271	0.01335	0.00931	0.00615	0.00542	0.00166	0.00641	0.00496	0.00471	0.00864
15	0.01287	0.01471	0.03217	0.02298	0.02849	0.01379	0.75460	0.01746	0.01287	0.01746	0.01103	0.01471	0.00827	0.00460	0.00643	0.00184	0.00919	0.00643	0.00276	0.00735
16	0.01239	0.00856	0.00999	0.00903	0.01141	0.00894	0.00695	0.02000	0.32307	0.13022	0.26524	0.09661	0.05542	0.00958	0.00598	0.00181	0.00364	0.00826	0.00581	0.00709
17	0.37517	0.02864	0.07060	0.04694	0.24358	0.01328	0.01123	0.11577	0.01268	0.02263	0.00937	0.01123	0.00733	0.00522	0.00448	0.00166	0.00557	0.00394	0.00331	0.00736
18	0.01016	0.00508	0.00508	0.00508	0.00635	0.00508	0.00381	0.01270	0.01143	0.02033	0.01778	0.02033	0.01397	0.00635	0.00381	0.00127	0.00254	0.00508	0.83867	0.00508
19	0.01839	0.01411	0.01505	0.01207	0.01602	0.01582	0.00980	0.51933	0.26632	0.03060	0.01605	0.01545	0.01167	0.00682	0.00548	0.00171	0.00545	0.00532	0.00548	0.00906
20	0.01056	0.00981	0.01630	0.64991	0.10519	0.01169	0.01461	0.01404	0.01115	0.01458	0.01078	0.01686	0.00874	0.00586	0.00550	0.00180	0.00695	0.04450	0.00262	0.03856
21	0.04305	0.13666	0.42765	0.01364	0.04977	0.01305	0.01497	0.04678	0.01277	0.13734	0.04597	0.01359	0.01010	0.00566	0.00500	0.00163	0.00667	0.00439	0.00335	0.00796
22	0.01200	0.01338	0.08935	0.22906	0.22677	0.01246	0.20929	0.02859	0.02685	0.01690	0.01205	0.01791	0.01002	0.00588	0.00584	0.00182	0.00737	0.06431	0.00289	0.00728
23	0.02446	0.00928	0.01265	0.00970	0.01392	0.00801	0.00801	0.02657	0.01560	0.77817	0.02151	0.01856	0.01350	0.00675	0.00548	0.00169	0.00464	0.00548	0.00675	0.00928
24	0.00820	0.00677	0.00865	0.00993	0.10842	0.00631	0.00632	0.01081	0.04607	0.01789	0.30539	0.04103	0.34798	0.04369	0.00713	0.00191	0.00335	0.00966	0.00504	0.00545
25	0.01520	0.05405	0.13945	0.06040	0.13914	0.01271	0.19613	0.10343	0.01440	0.14689	0.03720	0.01609	0.01091	0.00581	0.00563	0.00172	0.00688	0.02219	0.00378	0.00800
26	0.05731	0.00964	0.01201	0.00951	0.01312	0.00919	0.00775	0.15171	0.01706	0.45889	0.17213	0.02167	0.02014	0.00753	0.00558	0.00168	0.00444	0.00616	0.00622	0.00828
27	0.00664	0.00474	0.00633	0.00759	0.00791	0.00443	0.00506	0.00759	0.01044	0.01392	0.03005	0.80485	0.03606	0.01708	0.00696	0.00221	0.00316	0.01550	0.00506	0.00443
28	0.01067	0.00970	0.01567	0.19599	0.35337	0.01007	0.01242	0.01355	0.01247	0.01711	0.14991	0.07734	0.08361	0.00773	0.00579	0.00174	0.00541	0.00706	0.00359	0.00680
29	0.01484	0.04371	0.06067	0.08662	0.46055	0.01243	0.01441	0.06534	0.01341	0.12304	0.01262	0.04611	0.01019	0.00578	0.00540	0.00166	0.00618	0.00526	0.00347	0.00829
30	0.01808	0.02211	0.01602	0.01490	0.04703	0.57188	0.01112	0.01951	0.01364	0.01347	0.00820	0.01048	0.00712	0.00652	0.00802	0.00165	0.19737	0.00387	0.00270	0.00633
31	0.01861	0.02294	0.01626	0.09464	0.10091	0.62500	0.01167	0.02044	0.01466	0.01389	0.00875	0.01070	0.00722	0.00552	0.00502	0.00147	0.00921	0.00379	0.00276	0.00654
32	0.29555	0.02084	0.01297	0.01176	0.01475	0.52873	0.00899	0.01986	0.01339	0.01704	0.00815	0.00951	0.00665	0.00543	0.00440	0.00150	0.00796	0.00333	0.00300	0.00618
33	0.01560	0.67285	0.02625	0.01016	0.01450	0.15674	0.00954	0.01729	0.01185	0.01292	0.00773	0.00894	0.00700	0.00483	0.00375	0.00121	0.00654	0.00302	0.00242	0.00688
34	0.00672	0.00523	0.00610	0.00652	0.00769	0.00462	0.00465	0.00811	0.01212	0.01551	0.15558	0.34047	0.37791	0.01466	0.00664	0.00197	0.00289	0.01279	0.00521	0.00462
35	0.00763	0.00557	0.00717	0.00677	0.00809	0.00511	0.00508	0.01013	0.01524	0.02140	0.72551	0.04148	0.09774	0.01132	0.00643	0.00172	0.00258	0.00997	0.00594	0.00511
36	0.01198	0.16568	0.49158	0.01596	0.02289	0.01449	0.16945	0.01714	0.01171	0.01651	0.00965	0.01167	0.00720	0.00497	0.00514	0.00165	0.00789	0.00432	0.00240	0.00772
37	0.02174	0.01248	0.01449	0.01124	0.01544	0.01291	0.00924	0.39386	0.07822	0.34587	0.01732	0.01594	0.01161	0.00670	0.00547	0.00167	0.00530	0.00525	0.00600	0.00922
38	0.00644	0.00552	0.00552	0.00552	0.00736	0.00460	0.00414	0.00782	0.01243	0.01473	0.05523	0.05247	0.77218	0.01381	0.00644	0.00184	0.00276	0.01151	0.00506	0.00460
39	0.00790	0.00573	0.00771	0.00885	0.00987	0.00554	0.00719	0.00982	0.01188	0.01542	0.03173	0.29076	0.10307	0.01557	0.00725	0.00235	0.00423	0.44527	0.00504	0.00480
40	0.01300	0.14888	0.49328	0.01480	0.02160	0.01474	0.08093	0.11709	0.01347	0.01889	0.00999	0.01157	0.00736	0.00523	0.00506	0.00164	0.00753	0.00418	0.00277	0.00799
41	0.00663	0.00478	0.00629	0.00749	0.00788	0.00444	0.00502	0.00760	0.01054	0.01396	0.03128	0.76791	0.07219	0.01692	0.00693	0.00220	0.00314	0.01530	0.00506	0.00444
42	0.01926	0.01427	0.01533	0.01212	0.01619	0.01585	0.00989	0.56857	0.19012	0.05769	0.01541	0.01490	0.01106	0.00674	0.00548	0.00169	0.00558	0.00521	0.00552	0.00913
43	0.27012	0.01245	0.04312	0.00999	0.01395	0.05345	0.02357	0.08936	0.13760	0.18311	0.01390	0.01375	0.00999	0.00585	0.00467	0.00160	0.00503	0.00438	0.00454	0.09955

[dist]
# distance from previous block
# <min> <max>
0	1

# created by:
# /home/cegg/simao/soft/augustus-3.2.1/scripts/msa2prfl.pl ./align_prep/27818.fa
