[name]
unknown

[dist]
# distance from previous block
# <min> <max>
0	48

[block]
# block no. 0 follows, 47 sequences, length 67
# corresponding to MSA columns:
# 48-65,71-99,101-120
name=unknown_A
#
# <colnr> <probs for GDERKNQSTAVLIFYWHMCP>
#	G	D	E	R	K	N	Q	S	T	A	V	L	I	F	Y	W	H	M	C	P
0	0.00791	0.00566	0.00787	0.00903	0.01002	0.00562	0.00754	0.00996	0.01141	0.01495	0.02733	0.22373	0.03035	0.01570	0.03550	0.00255	0.00473	0.56073	0.00473	0.00467
1	0.00687	0.00530	0.00627	0.00603	0.00747	0.00470	0.00452	0.00886	0.01357	0.01809	0.48320	0.04349	0.34943	0.01169	0.00615	0.00169	0.00253	0.01006	0.00537	0.00470
2	0.01945	0.02482	0.01476	0.01342	0.01610	0.79608	0.01006	0.02079	0.01476	0.01275	0.00805	0.00939	0.00671	0.00537	0.00470	0.00134	0.00939	0.00335	0.00268	0.00604
3	0.01270	0.01218	0.02080	0.07875	0.73916	0.01232	0.01589	0.01582	0.01177	0.01679	0.00976	0.01295	0.00817	0.00467	0.00516	0.00156	0.00623	0.00464	0.00256	0.00810
4	0.01176	0.01309	0.02792	0.11598	0.02748	0.01262	0.64448	0.01590	0.01197	0.01614	0.01110	0.04586	0.00884	0.00496	0.00605	0.00177	0.00833	0.00631	0.00268	0.00676
5	0.85377	0.01007	0.00765	0.00685	0.01007	0.01168	0.00564	0.01531	0.00886	0.02336	0.00725	0.00846	0.00564	0.00483	0.00322	0.00161	0.00403	0.00282	0.00322	0.00564
6	0.01224	0.01389	0.02983	0.02144	0.02639	0.01334	0.71949	0.01643	0.01203	0.01643	0.01031	0.01389	0.00784	0.00468	0.00681	0.00179	0.05759	0.00605	0.00261	0.00694
7	0.01236	0.01067	0.01121	0.01013	0.01298	0.01221	0.00787	0.02591	0.70868	0.02111	0.02394	0.02210	0.08259	0.00760	0.00537	0.00177	0.00399	0.00633	0.00526	0.00791
8	0.00983	0.00926	0.01562	0.80447	0.03587	0.01157	0.01446	0.01331	0.01041	0.01331	0.00926	0.01388	0.00694	0.00521	0.00521	0.00174	0.00694	0.00463	0.00231	0.00579
9	0.00651	0.00464	0.00617	0.00734	0.00769	0.00436	0.00500	0.00748	0.01001	0.01333	0.02822	0.74150	0.03365	0.04286	0.00734	0.00223	0.00320	0.05946	0.00478	0.00423
10	0.01980	0.01459	0.01563	0.01198	0.01615	0.01615	0.00990	0.76713	0.02448	0.03282	0.01250	0.01250	0.00886	0.00625	0.00521	0.00156	0.00573	0.00469	0.00521	0.00886
11	0.01207	0.01321	0.02710	0.09417	0.11846	0.01313	0.55106	0.01598	0.01175	0.01611	0.01006	0.01370	0.00778	0.00484	0.00674	0.00177	0.06682	0.00571	0.00257	0.00696
12	0.00744	0.00558	0.00837	0.00837	0.00930	0.00651	0.00651	0.00930	0.00837	0.01209	0.01395	0.02046	0.01302	0.03906	0.79635	0.00837	0.01395	0.00558	0.00279	0.00465
13	0.00744	0.00558	0.00837	0.00837	0.00930	0.00651	0.00651	0.00930	0.00837	0.01209	0.01395	0.02046	0.01302	0.03906	0.79635	0.00837	0.01395	0.00558	0.00279	0.00465
14	0.01406	0.10565	0.23997	0.01337	0.06313	0.23241	0.01220	0.01920	0.14220	0.03981	0.01380	0.01441	0.05593	0.00590	0.00486	0.00152	0.00683	0.00447	0.00318	0.00708
15	0.02870	0.10519	0.01492	0.01200	0.06007	0.16441	0.03224	0.11726	0.01235	0.01566	0.01083	0.02991	0.01022	0.14899	0.06377	0.00262	0.12323	0.00488	0.00306	0.03967
16	0.00672	0.00489	0.00649	0.00719	0.00780	0.00473	0.00505	0.00799	0.01041	0.01405	0.12357	0.50348	0.07815	0.05072	0.12392	0.00308	0.00466	0.02816	0.00458	0.00436
17	0.01624	0.01383	0.06724	0.01113	0.01541	0.01358	0.00955	0.44130	0.15687	0.02675	0.01325	0.01334	0.00976	0.00586	0.00496	0.00146	0.00523	0.00455	0.00462	0.16508
18	0.00722	0.00595	0.00736	0.00829	0.07514	0.00528	0.00544	0.00890	0.01210	0.01572	0.19297	0.17047	0.40702	0.01205	0.00605	0.00173	0.00302	0.01042	0.00475	0.04013
19	0.01304	0.02085	0.49716	0.01419	0.06632	0.01134	0.01541	0.07970	0.01264	0.11528	0.01104	0.01206	0.00780	0.00511	0.00490	0.00154	0.00662	0.00406	0.00310	0.09785
20	0.01106	0.13782	0.63120	0.01449	0.02156	0.01337	0.06825	0.01638	0.01102	0.01591	0.00913	0.01083	0.00670	0.00484	0.00480	0.00158	0.00747	0.00385	0.00223	0.00751
21	0.01139	0.01084	0.01843	0.41102	0.41716	0.01198	0.01524	0.01467	0.01115	0.01519	0.00953	0.01338	0.00761	0.00492	0.00518	0.00164	0.00656	0.00463	0.00245	0.00704
22	0.01208	0.00839	0.00929	0.00833	0.01054	0.00904	0.00638	0.04932	0.33998	0.08541	0.14732	0.02355	0.02072	0.07786	0.00696	0.00190	0.00369	0.00633	0.16624	0.00667
23	0.01279	0.00762	0.00882	0.00774	0.01032	0.00724	0.00605	0.05938	0.12502	0.23296	0.04803	0.09598	0.33637	0.01021	0.00576	0.00173	0.00356	0.00855	0.00539	0.00646
24	0.00634	0.00453	0.00604	0.00725	0.00755	0.00423	0.00483	0.00725	0.00997	0.01329	0.02870	0.81358	0.03444	0.01632	0.00665	0.00211	0.00302	0.01480	0.00483	0.00423
25	0.01045	0.02694	0.79000	0.01484	0.02254	0.01209	0.01924	0.01649	0.01099	0.01649	0.00935	0.01099	0.00660	0.00495	0.00495	0.00165	0.00770	0.00385	0.00220	0.00770
26	0.62753	0.01074	0.00937	0.00802	0.01130	0.01230	0.00658	0.17227	0.01210	0.02465	0.00876	0.01004	0.00676	0.00722	0.05211	0.00201	0.00499	0.00338	0.00361	0.00625
27	0.01073	0.02494	0.67260	0.01594	0.02326	0.01226	0.13465	0.01652	0.01120	0.01652	0.00953	0.01147	0.00680	0.00486	0.00513	0.00167	0.00786	0.00420	0.00227	0.00759
28	0.00632	0.00462	0.00595	0.00700	0.00749	0.00425	0.00472	0.00728	0.01021	0.01339	0.03170	0.71829	0.12780	0.01592	0.00659	0.00207	0.00297	0.01433	0.00483	0.00425
29	0.00622	0.00521	0.00535	0.00545	0.00703	0.00440	0.00400	0.00746	0.01157	0.01387	0.04960	0.11138	0.69642	0.04021	0.00687	0.00190	0.00275	0.01119	0.00478	0.00434
30	0.00983	0.00926	0.01562	0.80447	0.03587	0.01157	0.01446	0.01331	0.01041	0.01331	0.00926	0.01388	0.00694	0.00521	0.00521	0.00174	0.00694	0.00463	0.00231	0.00579
31	0.01248	0.01194	0.02017	0.03033	0.73698	0.01189	0.01525	0.01546	0.01186	0.01683	0.01242	0.01516	0.05556	0.00516	0.00522	0.00156	0.00597	0.00503	0.00272	0.00801
32	0.00971	0.00485	0.00485	0.00485	0.00607	0.00485	0.00364	0.01213	0.01092	0.01942	0.01699	0.01942	0.01335	0.00607	0.00364	0.00121	0.00243	0.00485	0.84589	0.00485
33	0.00638	0.00468	0.00601	0.00704	0.00758	0.00431	0.00482	0.00739	0.01030	0.01347	0.03207	0.68218	0.14014	0.01581	0.00659	0.00207	0.00302	0.03701	0.00483	0.00427
34	0.03354	0.01097	0.01217	0.01093	0.05972	0.01189	0.00817	0.40377	0.07976	0.02574	0.01680	0.08553	0.04333	0.00731	0.00503	0.00157	0.00460	0.00591	0.16594	0.00735
35	0.00985	0.00926	0.01540	0.68321	0.09905	0.01115	0.01388	0.01314	0.01064	0.01368	0.01224	0.01625	0.05949	0.00570	0.00527	0.00172	0.00659	0.00506	0.00251	0.00591
36	0.14340	0.19814	0.01419	0.00889	0.01193	0.07600	0.00744	0.12508	0.07751	0.03862	0.22675	0.01877	0.01966	0.00685	0.00470	0.00149	0.00464	0.00529	0.00419	0.00647
37	0.01192	0.36273	0.46710	0.01233	0.01866	0.01570	0.01487	0.01611	0.01082	0.01470	0.00845	0.00988	0.00663	0.00474	0.00427	0.00142	0.00680	0.00340	0.00221	0.00727
38	0.03369	0.06320	0.01260	0.01060	0.01292	0.26071	0.00828	0.09579	0.11010	0.01615	0.01347	0.06513	0.01206	0.01593	0.22689	0.00345	0.00876	0.02067	0.00348	0.00612
39	0.01214	0.01359	0.02818	0.02052	0.02488	0.01365	0.63565	0.01597	0.01155	0.01597	0.00990	0.01359	0.00772	0.00520	0.00803	0.00185	0.14637	0.00587	0.00257	0.00680
40	0.01205	0.00711	0.00736	0.00651	0.00841	0.00748	0.00509	0.18748	0.01407	0.02253	0.01595	0.01781	0.01230	0.00611	0.00400	0.00129	0.00319	0.00482	0.65064	0.00578
41	0.01746	0.01320	0.01438	0.01088	0.01516	0.01376	0.00893	0.57163	0.02094	0.02871	0.01166	0.01206	0.00856	0.00563	0.00486	0.00136	0.00524	0.00427	0.00466	0.22665
42	0.00757	0.00505	0.00568	0.00568	0.00568	0.00505	0.00316	0.00757	0.00757	0.01010	0.01641	0.03408	0.01893	0.81698	0.02651	0.00505	0.00505	0.00757	0.00316	0.00316
43	0.00690	0.00511	0.00619	0.00674	0.00759	0.00474	0.00484	0.00808	0.01067	0.01376	0.07988	0.29313	0.24009	0.16054	0.01018	0.00256	0.00353	0.12668	0.00458	0.00421
44	0.01167	0.01483	0.14254	0.01756	0.02197	0.01293	0.41347	0.01699	0.10352	0.01645	0.01136	0.01427	0.00884	0.00754	0.05558	0.00221	0.11293	0.00552	0.00285	0.00696
45	0.00737	0.00563	0.00743	0.00745	0.00814	0.00613	0.00541	0.00854	0.00891	0.01212	0.02203	0.13931	0.13372	0.21202	0.33536	0.00532	0.05928	0.00810	0.00344	0.00427
46	0.01120	0.06569	0.01678	0.61931	0.09322	0.08050	0.01383	0.01433	0.01092	0.01349	0.00906	0.01304	0.00701	0.00512	0.00503	0.00164	0.00700	0.00439	0.00236	0.00607
47	0.04653	0.13891	0.27670	0.01576	0.02123	0.13491	0.26108	0.01704	0.01186	0.01562	0.00914	0.01126	0.00702	0.00475	0.00500	0.00156	0.00785	0.00433	0.00246	0.00699
48	0.00890	0.00737	0.01019	0.00971	0.01072	0.00901	0.00775	0.01222	0.10112	0.01358	0.01441	0.02121	0.01335	0.02798	0.50320	0.00604	0.15969	0.05513	0.00313	0.00529
49	0.01381	0.01293	0.01886	0.02592	0.55785	0.04774	0.01393	0.08502	0.13578	0.01900	0.01179	0.01375	0.00946	0.00521	0.00516	0.00157	0.00596	0.00479	0.00325	0.00820
50	0.00636	0.00528	0.00556	0.00549	0.00716	0.00448	0.00412	0.00788	0.01236	0.01523	0.17710	0.04820	0.65732	0.01276	0.00615	0.00174	0.00261	0.01072	0.00499	0.00448
51	0.00672	0.00530	0.00606	0.00587	0.00738	0.00464	0.00440	0.00857	0.01321	0.01726	0.39384	0.04487	0.43931	0.01200	0.00615	0.00170	0.00255	0.01025	0.00526	0.00464
52	0.00747	0.00545	0.00774	0.00774	0.00845	0.00617	0.00572	0.00889	0.00818	0.01162	0.01453	0.02367	0.01441	0.22231	0.61499	0.00759	0.01185	0.00605	0.00288	0.00430
53	0.00983	0.00926	0.01562	0.80447	0.03587	0.01157	0.01446	0.01331	0.01041	0.01331	0.00926	0.01388	0.00694	0.00521	0.00521	0.00174	0.00694	0.00463	0.00231	0.00579
54	0.00983	0.00926	0.01562	0.80447	0.03587	0.01157	0.01446	0.01331	0.01041	0.01331	0.00926	0.01388	0.00694	0.00521	0.00521	0.00174	0.00694	0.00463	0.00231	0.00579
55	0.00744	0.00558	0.00837	0.00837	0.00930	0.00651	0.00651	0.00930	0.00837	0.01209	0.01395	0.02046	0.01302	0.03906	0.79635	0.00837	0.01395	0.00558	0.00279	0.00465
56	0.02336	0.00886	0.01209	0.00927	0.01329	0.00765	0.00765	0.02538	0.01491	0.78810	0.02055	0.01773	0.01289	0.00645	0.00524	0.00161	0.00443	0.00524	0.00645	0.00886
57	0.01978	0.01499	0.01559	0.01204	0.01615	0.04720	0.00990	0.73742	0.02410	0.03202	0.01233	0.01238	0.00877	0.00622	0.00519	0.00155	0.00588	0.00464	0.00511	0.00874
58	0.00634	0.00453	0.00604	0.00725	0.00755	0.00423	0.00483	0.00725	0.00997	0.01329	0.02870	0.81358	0.03444	0.01632	0.00665	0.00211	0.00302	0.01480	0.00483	0.00423
59	0.00746	0.00552	0.00804	0.00804	0.00886	0.00633	0.00610	0.00909	0.00827	0.01185	0.01425	0.02211	0.01373	0.13312	0.70326	0.00797	0.01287	0.00582	0.00283	0.00447
60	0.00684	0.00488	0.00576	0.00625	0.00667	0.00461	0.00397	0.00743	0.00926	0.01206	0.02742	0.35492	0.15108	0.35768	0.01505	0.00331	0.00382	0.01109	0.00412	0.00380
61	0.00627	0.00528	0.00543	0.00539	0.00710	0.00444	0.00404	0.00769	0.01213	0.01469	0.11948	0.04909	0.71527	0.01296	0.00615	0.00175	0.00262	0.01085	0.00492	0.00444
62	0.00706	0.00532	0.00656	0.00652	0.00782	0.00482	0.00495	0.00910	0.01340	0.01805	0.46661	0.09607	0.24623	0.01205	0.00627	0.00177	0.00275	0.07460	0.00535	0.00472
63	0.85377	0.01007	0.00765	0.00685	0.01007	0.01168	0.00564	0.01531	0.00886	0.02336	0.00725	0.00846	0.00564	0.00483	0.00322	0.00161	0.00403	0.00282	0.00322	0.00564
64	0.01163	0.00713	0.00878	0.00792	0.00995	0.00693	0.00607	0.06064	0.10476	0.16842	0.31851	0.16455	0.08277	0.01028	0.00590	0.00173	0.00335	0.00893	0.00557	0.00616
65	0.01240	0.01196	0.08018	0.01260	0.08018	0.01177	0.02531	0.09816	0.41276	0.02051	0.01810	0.08454	0.01484	0.00945	0.05882	0.00218	0.00540	0.00619	0.02709	0.00756
66	0.01568	0.22561	0.19291	0.01247	0.03053	0.29172	0.01171	0.07864	0.01343	0.03615	0.00891	0.01008	0.00708	0.00507	0.00444	0.00136	0.00733	0.00349	0.00278	0.04061

[dist]
# distance from previous block
# <min> <max>
1	3

[block]
# block no. 1 follows, 47 sequences, length 68
# corresponding to MSA columns:
# 124-191
name=unknown_B
#
# <colnr> <probs for GDERKNQSTAVLIFYWHMCP>
#	G	D	E	R	K	N	Q	S	T	A	V	L	I	F	Y	W	H	M	C	P
0	0.00930	0.01258	0.24071	0.00958	0.01296	0.00811	0.00965	0.06222	0.04706	0.02007	0.43557	0.06175	0.03175	0.00875	0.00571	0.00166	0.00433	0.00753	0.00459	0.00612
1	0.01945	0.02482	0.01476	0.01342	0.01610	0.79608	0.01006	0.02079	0.01476	0.01275	0.00805	0.00939	0.00671	0.00537	0.00470	0.00134	0.00939	0.00335	0.00268	0.00604
2	0.01045	0.02694	0.79000	0.01484	0.02254	0.01209	0.01924	0.01649	0.01099	0.01649	0.00935	0.01099	0.00660	0.00495	0.00495	0.00165	0.00770	0.00385	0.00220	0.00770
3	0.00668	0.00467	0.00594	0.00682	0.00704	0.00446	0.00437	0.00734	0.00931	0.01241	0.02532	0.59885	0.03017	0.23688	0.01212	0.00292	0.00358	0.01281	0.00437	0.00393
4	0.05523	0.01080	0.07372	0.00983	0.01409	0.00891	0.00866	0.07163	0.04392	0.61882	0.01863	0.01655	0.01196	0.00627	0.00513	0.00162	0.00474	0.00502	0.00586	0.00862
5	0.00649	0.00522	0.00596	0.00617	0.00756	0.00470	0.00461	0.00792	0.01138	0.01424	0.09224	0.16618	0.50365	0.01639	0.09275	0.00255	0.00401	0.03887	0.00467	0.00445
6	0.00658	0.00480	0.00652	0.00741	0.00792	0.00474	0.00517	0.00771	0.00970	0.01306	0.02647	0.60515	0.06189	0.02121	0.18144	0.00348	0.00542	0.01260	0.00438	0.00433
7	0.01045	0.02694	0.79000	0.01484	0.02254	0.01209	0.01924	0.01649	0.01099	0.01649	0.00935	0.01099	0.00660	0.00495	0.00495	0.00165	0.00770	0.00385	0.00220	0.00770
8	0.00709	0.00501	0.00664	0.00767	0.00817	0.00484	0.00557	0.00827	0.01018	0.01346	0.02659	0.49151	0.03094	0.13302	0.00971	0.00262	0.00381	0.21612	0.00458	0.00423
9	0.00623	0.00528	0.00538	0.00535	0.00708	0.00443	0.00401	0.00761	0.01204	0.01447	0.09600	0.04945	0.73888	0.01304	0.00615	0.00175	0.00263	0.01090	0.00489	0.00443
10	0.01148	0.01166	0.01746	0.01452	0.01505	0.01567	0.08827	0.01296	0.00842	0.01296	0.00721	0.01166	0.00694	0.00863	0.01597	0.00223	0.72604	0.00472	0.00231	0.00583
11	0.01486	0.01614	0.01111	0.01022	0.01200	0.43294	0.00762	0.01634	0.01241	0.01429	0.01135	0.01502	0.00990	0.09466	0.00770	0.00178	0.06557	0.00432	0.23641	0.00537
12	0.00628	0.00505	0.00556	0.00592	0.00718	0.00437	0.00423	0.00747	0.01126	0.01391	0.06303	0.28183	0.51793	0.03326	0.00679	0.00194	0.00281	0.01203	0.00482	0.00433
13	0.00704	0.00531	0.00650	0.00620	0.00757	0.00477	0.00465	0.00918	0.01395	0.01901	0.58093	0.04199	0.25113	0.01135	0.00615	0.00167	0.00251	0.00985	0.00549	0.00477
14	0.01020	0.02523	0.72800	0.01419	0.02137	0.01153	0.01811	0.01596	0.01129	0.01684	0.07051	0.01320	0.00997	0.00540	0.00504	0.00165	0.00728	0.00429	0.00248	0.00748
15	0.01163	0.00914	0.00975	0.00881	0.01147	0.00983	0.00684	0.02111	0.47384	0.08003	0.03111	0.02899	0.25774	0.00895	0.00556	0.00175	0.00368	0.00745	0.00524	0.00708
16	0.00668	0.00475	0.00635	0.00751	0.00792	0.00451	0.00525	0.00775	0.01015	0.01348	0.02805	0.67852	0.03320	0.04837	0.00752	0.00227	0.00335	0.11534	0.00476	0.00426
17	0.01377	0.78598	0.06012	0.00917	0.01376	0.02024	0.00936	0.01563	0.01060	0.01243	0.00733	0.00847	0.00668	0.00448	0.00341	0.00114	0.00566	0.00283	0.00223	0.00673
18	0.06743	0.01154	0.01857	0.22611	0.50390	0.01232	0.01461	0.05363	0.01194	0.01729	0.00963	0.01283	0.00778	0.00488	0.00504	0.00160	0.00621	0.00452	0.00269	0.00748
19	0.00794	0.00612	0.00857	0.00830	0.00888	0.00724	0.00622	0.00923	0.00812	0.01163	0.01375	0.02290	0.01381	0.23557	0.50701	0.00680	0.10472	0.00597	0.00282	0.00439
20	0.00754	0.00519	0.00642	0.00642	0.00668	0.00545	0.00408	0.00805	0.00779	0.01065	0.01573	0.03033	0.01730	0.60269	0.23857	0.00596	0.00750	0.00702	0.00305	0.00357
21	0.01054	0.02635	0.75897	0.01553	0.05329	0.01211	0.01911	0.01647	0.01103	0.01651	0.00936	0.01107	0.00666	0.00494	0.00496	0.00165	0.00764	0.00388	0.00221	0.00772
22	0.01956	0.02175	0.01502	0.01299	0.01611	0.56222	0.01001	0.24458	0.01767	0.01876	0.00938	0.01032	0.00735	0.00563	0.00485	0.00141	0.00829	0.00375	0.00344	0.00688
23	0.00737	0.00532	0.00696	0.00655	0.00778	0.00491	0.00491	0.00983	0.01474	0.02088	0.78175	0.03890	0.04914	0.01065	0.00614	0.00164	0.00246	0.00942	0.00573	0.00491
24	0.00971	0.00485	0.00485	0.00485	0.00607	0.00485	0.00364	0.01213	0.01092	0.01942	0.01699	0.01942	0.01335	0.00607	0.00364	0.00121	0.00243	0.00485	0.84589	0.00485
25	0.01045	0.02694	0.79000	0.01484	0.02254	0.01209	0.01924	0.01649	0.01099	0.01649	0.00935	0.01099	0.00660	0.00495	0.00495	0.00165	0.00770	0.00385	0.00220	0.00770
26	0.00638	0.00461	0.00597	0.00703	0.00743	0.00428	0.00469	0.00728	0.01002	0.01322	0.03008	0.71958	0.09300	0.05053	0.00746	0.00221	0.00308	0.01419	0.00476	0.00420
27	0.01392	0.82012	0.02729	0.00891	0.01337	0.02061	0.00891	0.01559	0.01058	0.01225	0.00724	0.00835	0.00668	0.00446	0.00334	0.00111	0.00557	0.00278	0.00223	0.00668
28	0.00615	0.00528	0.00528	0.00528	0.00703	0.00440	0.00396	0.00747	0.01187	0.01407	0.05276	0.05012	0.78238	0.01319	0.00615	0.00176	0.00264	0.01099	0.00484	0.00440
29	0.00814	0.00585	0.00809	0.00924	0.01039	0.00579	0.00794	0.01038	0.01182	0.01535	0.02862	0.11819	0.05898	0.01449	0.00711	0.00235	0.00457	0.66315	0.00480	0.00474
30	0.00756	0.00511	0.00600	0.00600	0.00610	0.00522	0.00355	0.00778	0.00767	0.01033	0.01612	0.03248	0.01824	0.72575	0.11679	0.00544	0.00609	0.00734	0.00311	0.00333
31	0.01722	0.02110	0.01509	0.01349	0.01543	0.57986	0.01043	0.01850	0.01288	0.01269	0.00771	0.00995	0.00674	0.00641	0.00813	0.00160	0.23058	0.00369	0.00257	0.00594
32	0.00629	0.00475	0.00582	0.00667	0.00740	0.00428	0.00458	0.00732	0.01053	0.01352	0.03580	0.58828	0.25517	0.01539	0.00650	0.00201	0.00291	0.01368	0.00483	0.00428
33	0.01192	0.36245	0.46737	0.01233	0.01866	0.01569	0.01487	0.01611	0.01082	0.01470	0.00845	0.00988	0.00663	0.00474	0.00427	0.00142	0.00680	0.00340	0.00221	0.00727
34	0.01277	0.01226	0.02093	0.06123	0.75614	0.01234	0.01592	0.01588	0.01180	0.01687	0.00978	0.01293	0.00820	0.00466	0.00516	0.00155	0.00622	0.00464	0.00257	0.00816
35	0.01877	0.00929	0.01156	0.00946	0.01291	0.00908	0.00761	0.02480	0.25277	0.48432	0.08424	0.02002	0.01685	0.00699	0.00533	0.00166	0.00417	0.00579	0.00603	0.00834
36	0.01139	0.01139	0.01595	0.01367	0.01367	0.01595	0.01139	0.01253	0.00798	0.01253	0.00684	0.01139	0.00684	0.00911	0.01709	0.00228	0.80745	0.00456	0.00228	0.00570
37	0.00731	0.00509	0.00598	0.00607	0.00640	0.00508	0.00377	0.00774	0.00833	0.01102	0.02107	0.09597	0.10302	0.57502	0.11236	0.00484	0.00566	0.00829	0.00343	0.00355
38	0.00615	0.00528	0.00528	0.00528	0.00703	0.00440	0.00396	0.00747	0.01187	0.01407	0.05276	0.05012	0.78238	0.01319	0.00615	0.00176	0.00264	0.01099	0.00484	0.00440
39	0.00624	0.00494	0.00562	0.00616	0.00727	0.00432	0.00435	0.00737	0.01102	0.01372	0.04200	0.39142	0.44803	0.01459	0.00637	0.00192	0.00281	0.01270	0.00484	0.00432
40	0.10286	0.39249	0.06922	0.01056	0.01454	0.25128	0.00958	0.04727	0.01235	0.03623	0.00820	0.00927	0.00684	0.00493	0.00396	0.00130	0.00667	0.00317	0.00270	0.00659
41	0.01121	0.02676	0.72385	0.01472	0.02199	0.07899	0.01846	0.01686	0.01132	0.01617	0.00923	0.01086	0.00661	0.00498	0.00493	0.00162	0.00784	0.00381	0.00224	0.00755
42	0.00842	0.00639	0.00771	0.00803	0.00966	0.00617	0.00666	0.07390	0.01292	0.01637	0.03603	0.08397	0.31797	0.01331	0.00660	0.00207	0.00397	0.37003	0.00485	0.00496
43	0.00683	0.00561	0.00614	0.00582	0.00767	0.00472	0.00438	0.00847	0.01236	0.01580	0.20957	0.06511	0.53374	0.01192	0.00597	0.00166	0.00271	0.01007	0.00488	0.07656
44	0.01241	0.00675	0.00824	0.00752	0.00977	0.00629	0.00613	0.03153	0.02754	0.18456	0.05090	0.03013	0.06896	0.00857	0.00516	0.00161	0.00366	0.17944	0.27296	0.07785
45	0.04104	0.17094	0.01635	0.01172	0.01479	0.51230	0.00930	0.08281	0.01440	0.01509	0.00883	0.01008	0.00728	0.00530	0.00438	0.00132	0.00777	0.00344	0.05657	0.00631
46	0.78175	0.01000	0.00833	0.07491	0.01227	0.01167	0.00639	0.01514	0.00899	0.02251	0.00742	0.00892	0.00575	0.00487	0.00339	0.00162	0.00428	0.00297	0.00315	0.00565
47	0.01080	0.01327	0.20674	0.30963	0.04306	0.01053	0.03242	0.07808	0.01192	0.01712	0.01198	0.05064	0.00956	0.00587	0.00493	0.00161	0.00601	0.00499	0.16448	0.00637
48	0.07852	0.00569	0.00553	0.00545	0.00731	0.00503	0.00413	0.00821	0.01169	0.01505	0.06916	0.04625	0.69570	0.01241	0.00590	0.00174	0.00275	0.01025	0.00472	0.00452
49	0.00944	0.00555	0.00651	0.00609	0.00772	0.00505	0.00463	0.01152	0.01288	0.10258	0.29048	0.05464	0.21312	0.00969	0.00537	0.00156	0.00272	0.00823	0.23701	0.00519
50	0.04572	0.38585	0.34391	0.01117	0.01658	0.01529	0.01275	0.01525	0.01063	0.01456	0.00995	0.07818	0.00897	0.00569	0.00429	0.00144	0.00618	0.00426	0.00248	0.00686
51	0.01283	0.00910	0.01039	0.00965	0.01211	0.00989	0.00783	0.08410	0.34358	0.08892	0.02166	0.02951	0.01861	0.00884	0.00561	0.00184	0.00427	0.21043	0.10383	0.00700
52	0.01842	0.02316	0.01409	0.01283	0.01539	0.72856	0.00962	0.01986	0.01476	0.01344	0.07407	0.01191	0.01033	0.00582	0.00482	0.00137	0.00880	0.00387	0.00294	0.00594
53	0.08394	0.01126	0.01775	0.13535	0.52270	0.01171	0.01370	0.04333	0.01188	0.01740	0.01301	0.01558	0.06916	0.00547	0.00508	0.00160	0.00581	0.00499	0.00287	0.00740
54	0.01910	0.01409	0.01359	0.01117	0.01474	0.15581	0.00892	0.25261	0.19676	0.23412	0.01594	0.01500	0.01123	0.00633	0.00514	0.00158	0.00566	0.00488	0.00511	0.00820
55	0.09024	0.02288	0.01421	0.01287	0.01546	0.68929	0.00975	0.01990	0.01391	0.01364	0.00792	0.00941	0.00662	0.00551	0.00520	0.00141	0.04970	0.00337	0.00271	0.00599
56	0.00748	0.00581	0.00687	0.00652	0.00805	0.00545	0.00491	0.01065	0.07877	0.01892	0.49897	0.04059	0.26545	0.01110	0.00607	0.00168	0.00265	0.00959	0.00543	0.00504
57	0.00692	0.00494	0.00670	0.00791	0.00846	0.00472	0.00583	0.00824	0.01054	0.01394	0.02839	0.60182	0.03319	0.01577	0.00680	0.00219	0.00352	0.22090	0.00482	0.00439
58	0.01199	0.00913	0.01523	0.21911	0.03149	0.00998	0.13110	0.04715	0.01124	0.12921	0.01273	0.01646	0.01008	0.01661	0.26626	0.00392	0.04356	0.00527	0.00326	0.00623
59	0.01024	0.00865	0.01033	0.00777	0.01180	0.00678	0.00615	0.01244	0.01050	0.01628	0.01062	0.04681	0.00946	0.00825	0.09071	0.00166	0.00492	0.00387	0.00313	0.71966
60	0.00657	0.00518	0.00600	0.00653	0.00779	0.00461	0.00492	0.00794	0.01135	0.01409	0.04183	0.26986	0.44768	0.01428	0.00646	0.00196	0.00309	0.13062	0.00483	0.00441
61	0.01256	0.01064	0.01258	0.01082	0.01267	0.04729	0.03714	0.23221	0.04315	0.01907	0.01762	0.18517	0.06489	0.06315	0.02849	0.00225	0.18260	0.00745	0.00406	0.00620
62	0.00687	0.00491	0.00662	0.00770	0.00827	0.00467	0.00561	0.00822	0.01078	0.01439	0.08809	0.58905	0.03464	0.01545	0.00673	0.00214	0.00336	0.17320	0.00490	0.00441
63	0.07968	0.00580	0.00743	0.00829	0.00937	0.00589	0.00662	0.00974	0.01070	0.01509	0.02596	0.29180	0.06199	0.01665	0.08707	0.00282	0.00500	0.34098	0.00447	0.00465
64	0.01228	0.50273	0.26389	0.01056	0.01576	0.01661	0.01180	0.01538	0.01107	0.01431	0.07399	0.01179	0.01028	0.00514	0.00408	0.00133	0.00597	0.00368	0.00252	0.00685
65	0.04438	0.01132	0.01794	0.02579	0.58688	0.01145	0.01345	0.01644	0.07703	0.03490	0.04291	0.01624	0.04554	0.00555	0.00514	0.00157	0.00549	0.00517	0.02504	0.00777
66	0.03451	0.00714	0.00918	0.00791	0.01014	0.00671	0.00604	0.03137	0.03257	0.33402	0.17240	0.08773	0.02276	0.15088	0.06052	0.00269	0.00466	0.00721	0.00523	0.00635
67	0.01683	0.01333	0.01517	0.07494	0.04630	0.06490	0.03840	0.40501	0.01845	0.06973	0.01159	0.01244	0.00851	0.00551	0.00494	0.00141	0.00575	0.00436	0.00426	0.17819

[dist]
# distance from previous block
# <min> <max>
0	185

# created by:
# /home/cegg/simao/soft/augustus-3.2.1/scripts/msa2prfl.pl ./align_prep/27960.fa
