[name]
unknown

[dist]
# distance from previous block
# <min> <max>
0	0

[block]
# block no. 0 follows, 42 sequences, length 100
# corresponding to MSA columns:
# 423-435,442-528
name=unknown_A
#
# <colnr> <probs for GDERKNQSTAVLIFYWHMCP>
#	G	D	E	R	K	N	Q	S	T	A	V	L	I	F	Y	W	H	M	C	P
0	0.00907	0.00648	0.00907	0.01036	0.01166	0.00648	0.00907	0.01166	0.01296	0.01684	0.02980	0.06348	0.03239	0.01555	0.00777	0.00259	0.00518	0.72924	0.00518	0.00518
1	0.00796	0.00575	0.00752	0.00708	0.00841	0.00531	0.00531	0.01062	0.01593	0.02257	0.76415	0.04204	0.05310	0.01150	0.00664	0.00177	0.00265	0.01018	0.00619	0.00531
2	0.00917	0.00770	0.01201	0.25979	0.04178	0.00820	0.03996	0.01220	0.01396	0.01921	0.43081	0.06951	0.03446	0.00945	0.00631	0.00183	0.00465	0.00850	0.00472	0.00578
3	0.00818	0.00546	0.00614	0.00614	0.00614	0.00546	0.00341	0.00818	0.00818	0.01091	0.01773	0.03683	0.02046	0.80222	0.02864	0.00546	0.00546	0.00818	0.00341	0.00341
4	0.01209	0.01134	0.04367	0.01396	0.06795	0.06173	0.13267	0.06437	0.01127	0.01508	0.01201	0.01912	0.01130	0.15197	0.09526	0.17373	0.08810	0.00579	0.00302	0.00558
5	0.00692	0.00532	0.00633	0.00691	0.00797	0.00473	0.00487	0.00828	0.01222	0.01572	0.13332	0.41323	0.32288	0.01554	0.00691	0.00207	0.00303	0.01366	0.00535	0.00473
6	0.01415	0.62144	0.20585	0.01115	0.01680	0.02009	0.01228	0.01708	0.01154	0.01433	0.00836	0.00970	0.00720	0.00494	0.00402	0.00134	0.00656	0.00328	0.00240	0.00748
7	0.30858	0.25887	0.20493	0.01087	0.01591	0.08647	0.01125	0.01750	0.01130	0.01869	0.00847	0.00988	0.00680	0.00518	0.00413	0.00156	0.00638	0.00336	0.00283	0.00703
8	0.00714	0.00537	0.00661	0.00703	0.00809	0.00484	0.00500	0.00874	0.01289	0.01707	0.25975	0.36980	0.23744	0.01487	0.00688	0.00203	0.00297	0.01313	0.00552	0.00484
9	0.01160	0.02544	0.60991	0.07026	0.02469	0.01318	0.05587	0.01875	0.08320	0.01814	0.01138	0.01314	0.00819	0.00555	0.00547	0.00181	0.00795	0.00455	0.00273	0.00819
10	0.00778	0.00575	0.00726	0.00688	0.00829	0.00523	0.00516	0.01025	0.01548	0.02151	0.66248	0.04378	0.15543	0.01190	0.00664	0.00179	0.00268	0.01042	0.00606	0.00523
11	0.00816	0.00555	0.00659	0.00659	0.00675	0.00570	0.00398	0.00848	0.00832	0.01125	0.01731	0.03452	0.01946	0.68287	0.14662	0.00602	0.00697	0.00785	0.00335	0.00366
12	0.00818	0.00546	0.00614	0.00614	0.00614	0.00546	0.00341	0.00818	0.00818	0.01091	0.01773	0.03683	0.02046	0.80222	0.02864	0.00546	0.00546	0.00818	0.00341	0.00341
13	0.01167	0.01000	0.01167	0.00834	0.01334	0.00750	0.00667	0.01417	0.01167	0.01834	0.01000	0.01167	0.00834	0.00417	0.00417	0.00083	0.00417	0.00333	0.00333	0.83663
14	0.00804	0.00603	0.00904	0.00904	0.01005	0.00703	0.00703	0.01005	0.00904	0.01306	0.01507	0.02211	0.01407	0.04221	0.77992	0.00904	0.01507	0.00603	0.00301	0.00502
15	0.01452	0.56876	0.04744	0.00971	0.01465	0.01853	0.00937	0.05316	0.01226	0.01561	0.00865	0.00992	0.00758	0.00479	0.00389	0.00116	0.00569	0.00322	0.00277	0.18833
16	0.01182	0.01082	0.01476	0.01591	0.16266	0.07615	0.06155	0.06498	0.01183	0.01597	0.01313	0.01899	0.01193	0.07843	0.36673	0.00539	0.04376	0.00570	0.00314	0.00636
17	0.00695	0.00571	0.00611	0.00601	0.00778	0.00488	0.00451	0.00865	0.01353	0.01686	0.21635	0.05143	0.60446	0.01363	0.00665	0.00187	0.00281	0.01149	0.00544	0.00488
18	0.00804	0.00603	0.00904	0.00904	0.01005	0.00703	0.00703	0.01005	0.00904	0.01306	0.01507	0.02211	0.01407	0.04221	0.77992	0.00904	0.01507	0.00603	0.00301	0.00502
19	0.01167	0.01000	0.01167	0.00834	0.01334	0.00750	0.00667	0.01417	0.01167	0.01834	0.01000	0.01167	0.00834	0.00417	0.00417	0.00083	0.00417	0.00333	0.00333	0.83663
20	0.01129	0.02911	0.77306	0.01604	0.02436	0.01307	0.02079	0.01782	0.01188	0.01782	0.01010	0.01188	0.00713	0.00535	0.00535	0.00178	0.00832	0.00416	0.00238	0.00832
21	0.01328	0.01518	0.03321	0.02372	0.02941	0.01423	0.74668	0.01803	0.01328	0.01803	0.01139	0.01518	0.00854	0.00474	0.00664	0.00190	0.00949	0.00664	0.00285	0.00759
22	0.00756	0.00561	0.00776	0.00817	0.00897	0.00595	0.00597	0.00905	0.00986	0.01351	0.02396	0.26946	0.08793	0.08542	0.41668	0.00604	0.00962	0.00982	0.00393	0.00474
23	0.02339	0.01218	0.11425	0.01082	0.01570	0.00891	0.00994	0.02615	0.01554	0.67073	0.02059	0.01819	0.01302	0.00675	0.00562	0.00175	0.00526	0.00546	0.00635	0.00941
24	0.00804	0.00603	0.00904	0.00904	0.01005	0.00703	0.00703	0.01005	0.00904	0.01306	0.01507	0.02211	0.01407	0.04221	0.77992	0.00904	0.01507	0.00603	0.00301	0.00502
25	0.00843	0.00616	0.00825	0.00932	0.01059	0.00598	0.00784	0.01067	0.01275	0.01646	0.05263	0.15027	0.13622	0.01551	0.00752	0.00244	0.00456	0.52414	0.00522	0.00505
26	0.01225	0.01166	0.01981	0.41762	0.39714	0.01293	0.01644	0.01580	0.01202	0.01635	0.01029	0.01447	0.00820	0.00533	0.00560	0.00178	0.00710	0.00501	0.00264	0.00756
27	0.01414	0.00946	0.01221	0.01053	0.01301	0.03584	0.03880	0.14963	0.01397	0.14359	0.01576	0.01928	0.01277	0.02523	0.41107	0.00553	0.01070	0.00569	0.04599	0.00679
28	0.00693	0.00496	0.00660	0.00778	0.00818	0.00462	0.00523	0.00803	0.01114	0.01494	0.08252	0.74541	0.03834	0.01720	0.00714	0.00225	0.00322	0.01559	0.00529	0.00462
29	0.01393	0.01337	0.02284	0.03454	0.76712	0.01337	0.01727	0.01727	0.01281	0.01839	0.01059	0.01393	0.00891	0.00501	0.00557	0.00167	0.00669	0.00501	0.00279	0.00891
30	0.01521	0.01447	0.02185	0.11698	0.31465	0.08045	0.14781	0.09448	0.03427	0.05059	0.01147	0.01425	0.00896	0.00567	0.00635	0.00177	0.04412	0.00525	0.00331	0.00811
31	0.01511	0.01053	0.01169	0.01026	0.01345	0.01133	0.00805	0.02589	0.48425	0.17413	0.05054	0.02570	0.11720	0.00850	0.00586	0.00187	0.00425	0.00707	0.00593	0.00838
32	0.00693	0.00496	0.00660	0.00778	0.00818	0.00462	0.00523	0.00803	0.01114	0.01494	0.08252	0.74541	0.03834	0.01720	0.00714	0.00225	0.00322	0.01559	0.00529	0.00462
33	0.01478	0.75106	0.08172	0.01008	0.01514	0.02162	0.01041	0.01692	0.01147	0.01356	0.00798	0.00923	0.00722	0.00485	0.00373	0.00124	0.00618	0.00309	0.00241	0.00730
34	0.02237	0.01256	0.01446	0.01141	0.01556	0.04136	0.00942	0.32207	0.02013	0.38719	0.01865	0.01961	0.01318	0.00744	0.00577	0.00177	0.00560	0.05617	0.00614	0.00915
35	0.05438	0.01969	0.31409	0.01915	0.15772	0.04057	0.06773	0.01667	0.01129	0.01702	0.00938	0.01241	0.00758	0.00647	0.00893	0.00194	0.22014	0.00462	0.00258	0.00762
36	0.73272	0.01153	0.00942	0.00814	0.01176	0.01327	0.00671	0.11398	0.01183	0.02661	0.00859	0.00972	0.00656	0.00543	0.00377	0.00173	0.00460	0.00332	0.00377	0.00656
37	0.01231	0.01231	0.01724	0.01477	0.01477	0.01724	0.01231	0.01354	0.00862	0.01354	0.00739	0.01231	0.00739	0.00985	0.01847	0.00246	0.79192	0.00492	0.00246	0.00616
38	0.16236	0.00811	0.00917	0.00769	0.01071	0.00785	0.00620	0.01993	0.01328	0.34762	0.01819	0.01812	0.01275	0.00650	0.00460	0.00157	0.00387	0.00504	0.32915	0.00728
39	0.00796	0.00575	0.00752	0.00708	0.00841	0.00531	0.00531	0.01062	0.01593	0.02257	0.76415	0.04204	0.05310	0.01150	0.00664	0.00177	0.00265	0.01018	0.00619	0.00531
40	0.00686	0.00490	0.00653	0.00784	0.00816	0.00457	0.00522	0.00784	0.01077	0.01437	0.03102	0.79855	0.03722	0.01763	0.00718	0.00229	0.00326	0.01600	0.00522	0.00457
41	0.01129	0.02911	0.77306	0.01604	0.02436	0.01307	0.02079	0.01782	0.01188	0.01782	0.01010	0.01188	0.00713	0.00535	0.00535	0.00178	0.00832	0.00416	0.00238	0.00832
42	0.00907	0.00648	0.00907	0.01036	0.01166	0.00648	0.00907	0.01166	0.01296	0.01684	0.02980	0.06348	0.03239	0.01555	0.00777	0.00259	0.00518	0.72924	0.00518	0.00518
43	0.01167	0.01000	0.01167	0.00834	0.01334	0.00750	0.00667	0.01417	0.01167	0.01834	0.01000	0.01167	0.00834	0.00417	0.00417	0.00083	0.00417	0.00333	0.00333	0.83663
44	0.01400	0.01209	0.01273	0.01145	0.01463	0.01400	0.00891	0.02990	0.75695	0.02354	0.02291	0.02100	0.01718	0.00764	0.00573	0.00191	0.00445	0.00636	0.00573	0.00891
45	0.84197	0.01088	0.00827	0.00740	0.01088	0.01262	0.00609	0.01654	0.00958	0.02525	0.00784	0.00914	0.00609	0.00522	0.00348	0.00174	0.00435	0.00305	0.00348	0.00609
46	0.01400	0.01209	0.01273	0.01145	0.01463	0.01400	0.00891	0.02990	0.75695	0.02354	0.02291	0.02100	0.01718	0.00764	0.00573	0.00191	0.00445	0.00636	0.00573	0.00891
47	0.84197	0.01088	0.00827	0.00740	0.01088	0.01262	0.00609	0.01654	0.00958	0.02525	0.00784	0.00914	0.00609	0.00522	0.00348	0.00174	0.00435	0.00305	0.00348	0.00609
48	0.01393	0.01337	0.02284	0.03454	0.76712	0.01337	0.01727	0.01727	0.01281	0.01839	0.01059	0.01393	0.00891	0.00501	0.00557	0.00167	0.00669	0.00501	0.00279	0.00891
49	0.01400	0.01209	0.01273	0.01145	0.01463	0.01400	0.00891	0.02990	0.75695	0.02354	0.02291	0.02100	0.01718	0.00764	0.00573	0.00191	0.00445	0.00636	0.00573	0.00891
50	0.00918	0.00602	0.00791	0.00729	0.00883	0.00552	0.00552	0.01180	0.01594	0.07514	0.71203	0.04043	0.05035	0.01119	0.00657	0.00177	0.00280	0.00986	0.00625	0.00561
51	0.02348	0.01035	0.01328	0.01041	0.01462	0.00968	0.00853	0.07840	0.11548	0.61982	0.02169	0.01900	0.01406	0.00704	0.00567	0.00176	0.00484	0.00571	0.00671	0.00949
52	0.00678	0.00521	0.00621	0.00700	0.00794	0.00464	0.00485	0.00793	0.01158	0.01469	0.04117	0.50782	0.32139	0.01631	0.00698	0.00214	0.00310	0.01439	0.00522	0.00464
53	0.00804	0.00547	0.00654	0.00692	0.00712	0.00541	0.00437	0.00851	0.00919	0.01220	0.02149	0.17808	0.02484	0.57167	0.02241	0.00456	0.00503	0.09039	0.00394	0.00382
54	0.02139	0.01576	0.01689	0.01295	0.01745	0.01745	0.01070	0.74835	0.02646	0.03547	0.01351	0.01351	0.00957	0.00676	0.00563	0.00169	0.00619	0.00507	0.00563	0.00957
55	0.00728	0.00514	0.00634	0.00712	0.00745	0.00488	0.00456	0.00797	0.01006	0.01328	0.02844	0.49374	0.08277	0.27749	0.01426	0.00331	0.00396	0.01312	0.00462	0.00420
56	0.00683	0.00557	0.00605	0.00621	0.00779	0.00478	0.00455	0.00833	0.01284	0.01590	0.13310	0.17630	0.56317	0.01450	0.00674	0.00195	0.00290	0.01237	0.00534	0.00478
57	0.01504	0.01228	0.01310	0.01146	0.01478	0.01400	0.00900	0.12251	0.61771	0.04419	0.04706	0.02070	0.01734	0.00764	0.00574	0.00187	0.00463	0.00631	0.00576	0.00889
58	0.02159	0.01545	0.01670	0.01280	0.01730	0.01699	0.01057	0.71202	0.02594	0.07253	0.01395	0.01380	0.00979	0.00677	0.00563	0.00169	0.00612	0.00510	0.00570	0.00957
59	0.00811	0.00606	0.00905	0.00914	0.01016	0.00700	0.00718	0.01016	0.00932	0.01333	0.01611	0.02501	0.01536	0.04033	0.72568	0.00859	0.01438	0.05683	0.00317	0.00504
60	0.01328	0.01518	0.03321	0.02372	0.02941	0.01423	0.74668	0.01803	0.01328	0.01803	0.01139	0.01518	0.00854	0.00474	0.00664	0.00190	0.00949	0.00664	0.00285	0.00759
61	0.00760	0.00560	0.00774	0.00835	0.00900	0.00589	0.00606	0.00899	0.01009	0.01378	0.02454	0.37908	0.05156	0.08152	0.29645	0.00503	0.02245	0.04734	0.00422	0.00472
62	0.06235	0.03998	0.04509	0.01147	0.05238	0.01004	0.00917	0.03405	0.01376	0.38068	0.08098	0.01933	0.01543	0.01220	0.11497	0.00281	0.07656	0.00569	0.00516	0.00791
63	0.01297	0.06815	0.02057	0.14472	0.35850	0.01510	0.01488	0.01559	0.01113	0.01584	0.00927	0.01323	0.00808	0.00665	0.00958	0.00192	0.25885	0.00484	0.00261	0.00749
64	0.01469	0.01537	0.01396	0.01253	0.08181	0.24070	0.00888	0.01695	0.01306	0.01697	0.00966	0.01141	0.00806	0.00473	0.00457	0.00109	0.00619	0.00357	0.00315	0.51264
65	0.01494	0.32826	0.19416	0.06805	0.02064	0.11912	0.09414	0.06916	0.01338	0.01651	0.00940	0.01123	0.00753	0.00525	0.00481	0.00152	0.00759	0.00404	0.00275	0.00751
66	0.01052	0.09556	0.20271	0.01088	0.01430	0.03748	0.01072	0.05000	0.01293	0.01720	0.07207	0.23366	0.05819	0.01130	0.00624	0.00199	0.00550	0.13826	0.00421	0.00628
67	0.66139	0.01222	0.04150	0.00851	0.01240	0.01300	0.00732	0.10925	0.01192	0.02589	0.00876	0.00994	0.00669	0.00537	0.00387	0.00169	0.00474	0.00336	0.00370	0.04848
68	0.01331	0.01274	0.02172	0.17616	0.63035	0.01321	0.01696	0.01673	0.01252	0.01763	0.01048	0.01413	0.00865	0.00513	0.00558	0.00171	0.00684	0.00501	0.00273	0.00841
69	0.00740	0.00527	0.00622	0.00675	0.00719	0.00498	0.00428	0.00803	0.01000	0.01301	0.02959	0.34570	0.15071	0.35629	0.01637	0.00359	0.00414	0.01194	0.00444	0.00410
70	0.00685	0.00562	0.00596	0.00605	0.00766	0.00481	0.00442	0.00828	0.01271	0.01559	0.11519	0.12360	0.60138	0.04726	0.00762	0.00207	0.00298	0.01197	0.00524	0.00473
71	0.00810	0.00578	0.00779	0.00779	0.00836	0.00635	0.00547	0.00924	0.00867	0.01213	0.01622	0.02847	0.01683	0.37080	0.45511	0.00749	0.01092	0.00696	0.00319	0.00433
72	0.01049	0.00525	0.00525	0.00525	0.00656	0.00525	0.00393	0.01311	0.01180	0.02098	0.01836	0.02098	0.01442	0.00656	0.00393	0.00131	0.00262	0.00525	0.83346	0.00525
73	0.01400	0.01209	0.01273	0.01145	0.01463	0.01400	0.00891	0.02990	0.75695	0.02354	0.02291	0.02100	0.01718	0.00764	0.00573	0.00191	0.00445	0.00636	0.00573	0.00891
74	0.01063	0.01000	0.01688	0.78870	0.03876	0.01250	0.01563	0.01438	0.01125	0.01438	0.01000	0.01500	0.00750	0.00563	0.00563	0.00188	0.00750	0.00500	0.00250	0.00625
75	0.01400	0.01209	0.01273	0.01145	0.01463	0.01400	0.00891	0.02990	0.75695	0.02354	0.02291	0.02100	0.01718	0.00764	0.00573	0.00191	0.00445	0.00636	0.00573	0.00891
76	0.00761	0.00574	0.00703	0.00671	0.00819	0.00516	0.00503	0.00994	0.01510	0.02059	0.57423	0.04529	0.24425	0.01224	0.00664	0.00180	0.00271	0.01063	0.00593	0.00516
77	0.02005	0.01027	0.01423	0.01086	0.01493	0.00941	0.04557	0.02232	0.01409	0.47354	0.01716	0.01645	0.01163	0.00654	0.00682	0.00162	0.09439	0.00509	0.00541	0.19962
78	0.01129	0.02911	0.77306	0.01604	0.02436	0.01307	0.02079	0.01782	0.01188	0.01782	0.01010	0.01188	0.00713	0.00535	0.00535	0.00178	0.00832	0.00416	0.00238	0.00832
79	0.00907	0.00648	0.00907	0.01036	0.01166	0.00648	0.00907	0.01166	0.01296	0.01684	0.02980	0.06348	0.03239	0.01555	0.00777	0.00259	0.00518	0.72924	0.00518	0.00518
80	0.01129	0.02911	0.77306	0.01604	0.02436	0.01307	0.02079	0.01782	0.01188	0.01782	0.01010	0.01188	0.00713	0.00535	0.00535	0.00178	0.00832	0.00416	0.00238	0.00832
81	0.01393	0.01337	0.02284	0.03454	0.76712	0.01337	0.01727	0.01727	0.01281	0.01839	0.01059	0.01393	0.00891	0.00501	0.00557	0.00167	0.00669	0.00501	0.00279	0.00891
82	0.02313	0.01298	0.01517	0.01163	0.01607	0.01333	0.00961	0.42438	0.02181	0.36601	0.01742	0.01605	0.01153	0.00685	0.00564	0.00171	0.00556	0.00533	0.00623	0.00957
83	0.00686	0.00490	0.00653	0.00784	0.00816	0.00457	0.00522	0.00784	0.01077	0.01437	0.03102	0.79855	0.03722	0.01763	0.00718	0.00229	0.00326	0.01600	0.00522	0.00457
84	0.00817	0.00723	0.00951	0.00959	0.03630	0.03023	0.06933	0.00989	0.01228	0.01535	0.03908	0.30196	0.34706	0.01410	0.00683	0.00206	0.00410	0.06691	0.00486	0.00516
85	0.01129	0.02911	0.77306	0.01604	0.02436	0.01307	0.02079	0.01782	0.01188	0.01782	0.01010	0.01188	0.00713	0.00535	0.00535	0.00178	0.00832	0.00416	0.00238	0.00832
86	0.00686	0.00490	0.00653	0.00784	0.00816	0.00457	0.00522	0.00784	0.01077	0.01437	0.03102	0.79855	0.03722	0.01763	0.00718	0.00229	0.00326	0.01600	0.00522	0.00457
87	0.01397	0.01412	0.06023	0.08612	0.60856	0.01356	0.04194	0.05961	0.01346	0.01905	0.01072	0.01392	0.00875	0.00517	0.00560	0.00170	0.00689	0.00503	0.00291	0.00869
88	0.12654	0.01365	0.09800	0.02199	0.34729	0.01224	0.07260	0.01744	0.08886	0.01952	0.03795	0.07109	0.03537	0.00670	0.00554	0.00179	0.00605	0.00606	0.00350	0.00781
89	0.00796	0.00575	0.00752	0.00708	0.00841	0.00531	0.00531	0.01062	0.01593	0.02257	0.76415	0.04204	0.05310	0.01150	0.00664	0.00177	0.00265	0.01018	0.00619	0.00531
90	0.00673	0.00567	0.00584	0.00587	0.00767	0.00477	0.00437	0.00821	0.01291	0.01558	0.09524	0.08460	0.69485	0.01424	0.00667	0.00191	0.00286	0.01195	0.00528	0.00477
91	0.01570	0.19295	0.09885	0.04943	0.07397	0.13995	0.20749	0.08590	0.01435	0.04031	0.01076	0.01338	0.00855	0.00549	0.00537	0.00163	0.00791	0.01726	0.00311	0.00765
92	0.00804	0.00603	0.00904	0.00904	0.01005	0.00703	0.00703	0.01005	0.00904	0.01306	0.01507	0.02211	0.01407	0.04221	0.77992	0.00904	0.01507	0.00603	0.00301	0.00502
93	0.01062	0.00959	0.01588	0.72146	0.03600	0.01188	0.01463	0.01427	0.01130	0.01495	0.01072	0.01552	0.00810	0.00571	0.00548	0.00183	0.00708	0.00502	0.07381	0.00617
94	0.01099	0.02938	0.01086	0.01134	0.10119	0.13113	0.00755	0.04940	0.01440	0.01748	0.15343	0.06831	0.35134	0.01088	0.00617	0.00177	0.00471	0.00908	0.00467	0.00592
95	0.01677	0.14562	0.13377	0.01840	0.17133	0.19533	0.07559	0.10592	0.01501	0.05543	0.01062	0.01227	0.00828	0.00550	0.00521	0.00159	0.00772	0.00442	0.00324	0.00799
96	0.01083	0.05080	0.32784	0.01354	0.01878	0.01132	0.11490	0.01653	0.09101	0.01833	0.10211	0.02496	0.13460	0.00792	0.00592	0.00183	0.00638	0.03141	0.00376	0.00723
97	0.00710	0.00543	0.00658	0.00731	0.00839	0.00490	0.00534	0.00853	0.01206	0.01540	0.07914	0.39686	0.30544	0.01581	0.00703	0.00215	0.00331	0.09920	0.00527	0.00475
98	0.01326	0.01677	0.16480	0.17728	0.22276	0.11652	0.06680	0.01695	0.01273	0.03469	0.03406	0.04736	0.01083	0.00733	0.03218	0.00200	0.00781	0.00544	0.00298	0.00743
99	0.01399	0.01436	0.02117	0.12202	0.38097	0.10501	0.12216	0.03158	0.05082	0.01767	0.01378	0.01648	0.05285	0.00585	0.00575	0.00173	0.00727	0.00555	0.00312	0.00787

[dist]
# distance from previous block
# <min> <max>
29	158

[block]
# block no. 1 follows, 42 sequences, length 12
# corresponding to MSA columns:
# 715-726
name=unknown_B
#
# <colnr> <probs for GDERKNQSTAVLIFYWHMCP>
#	G	D	E	R	K	N	Q	S	T	A	V	L	I	F	Y	W	H	M	C	P
0	0.01208	0.00943	0.01461	0.49747	0.02837	0.01145	0.01261	0.01521	0.01146	0.08156	0.01218	0.01607	0.00923	0.00639	0.00684	0.00184	0.09783	0.00509	0.14392	0.00636
1	0.01503	0.30988	0.02601	0.02167	0.31724	0.01722	0.10455	0.09209	0.01375	0.01817	0.00995	0.01221	0.00830	0.00508	0.00498	0.00153	0.00673	0.00447	0.00294	0.00818
2	0.00748	0.00549	0.00762	0.05635	0.01066	0.00540	0.00654	0.00891	0.01119	0.01480	0.02951	0.62040	0.03454	0.01652	0.00719	0.00231	0.00386	0.14138	0.00505	0.00478
3	0.01357	0.01160	0.01241	0.01136	0.01437	0.01334	0.00892	0.02831	0.69190	0.02296	0.02351	0.02471	0.01851	0.00833	0.00591	0.00197	0.00452	0.06957	0.00568	0.00858
4	0.02258	0.01162	0.01410	0.01090	0.01509	0.01149	0.00897	0.29562	0.01996	0.44287	0.07178	0.01868	0.01509	0.00721	0.00572	0.00172	0.00516	0.00576	0.00641	0.00927
5	0.01065	0.00891	0.01008	0.00916	0.01185	0.02608	0.00708	0.01604	0.19345	0.01869	0.08045	0.18904	0.05424	0.01018	0.00591	0.00173	0.00413	0.09168	0.00482	0.24584
6	0.00935	0.00504	0.00701	0.00701	0.00701	0.00504	0.00449	0.00756	0.00756	0.01008	0.01190	0.02237	0.01262	0.22825	0.02377	0.61473	0.00504	0.00577	0.00270	0.00270
7	0.00935	0.00793	0.01238	0.22902	0.05210	0.00827	0.06137	0.01238	0.01379	0.01898	0.36181	0.03142	0.10108	0.00911	0.00618	0.00179	0.00470	0.00817	0.04433	0.00584
8	0.01063	0.01000	0.01688	0.78870	0.03876	0.01250	0.01563	0.01438	0.01125	0.01438	0.01000	0.01500	0.00750	0.00563	0.00563	0.00188	0.00750	0.00500	0.00250	0.00625
9	0.01159	0.01542	0.26169	0.01212	0.01654	0.03736	0.07607	0.01533	0.01341	0.09492	0.14110	0.06614	0.14071	0.00926	0.00617	0.00188	0.00586	0.06325	0.00432	0.00684
10	0.01511	0.07174	0.05655	0.04620	0.31285	0.07101	0.23232	0.04529	0.01371	0.06439	0.01127	0.01392	0.00878	0.00519	0.00571	0.00170	0.00769	0.00526	0.00312	0.00819
11	0.01202	0.01000	0.01489	0.01850	0.27748	0.02877	0.01093	0.01412	0.01080	0.06137	0.01323	0.01966	0.01218	0.12962	0.24326	0.00452	0.10308	0.00576	0.00316	0.00662

[dist]
# distance from previous block
# <min> <max>
11	82

[block]
# block no. 2 follows, 42 sequences, length 47
# corresponding to MSA columns:
# 818-844,859-878
name=unknown_C
#
# <colnr> <probs for GDERKNQSTAVLIFYWHMCP>
#	G	D	E	R	K	N	Q	S	T	A	V	L	I	F	Y	W	H	M	C	P
0	0.01207	0.04672	0.37523	0.01393	0.03282	0.06233	0.06183	0.05896	0.01304	0.01797	0.01593	0.09250	0.06962	0.00717	0.00553	0.00170	0.00691	0.00599	0.00325	0.09649
1	0.14214	0.04602	0.40109	0.01471	0.02046	0.06376	0.07271	0.05096	0.01217	0.01890	0.00953	0.01164	0.00723	0.00589	0.00664	0.00182	0.09975	0.00424	0.00278	0.00757
2	0.07502	0.04635	0.01076	0.00922	0.01072	0.00954	0.00719	0.08327	0.01136	0.01673	0.06349	0.08089	0.01717	0.11391	0.35283	0.00547	0.07012	0.00674	0.00365	0.00555
3	0.11246	0.13127	0.01587	0.01191	0.01507	0.38629	0.00945	0.03484	0.07610	0.05117	0.01107	0.01255	0.00903	0.00973	0.08797	0.00232	0.00862	0.00408	0.00339	0.00681
4	0.01699	0.17910	0.09018	0.01160	0.02869	0.10697	0.01020	0.21984	0.04278	0.07481	0.01283	0.01385	0.00980	0.00660	0.00555	0.03502	0.00615	0.00448	0.11687	0.00769
5	0.01038	0.00921	0.04666	0.01019	0.04646	0.00838	0.00791	0.04832	0.14390	0.01861	0.02808	0.14408	0.16526	0.01197	0.03383	0.00213	0.00467	0.10601	0.05849	0.09546
6	0.55418	0.07349	0.01185	0.05922	0.01404	0.01402	0.00776	0.09631	0.08499	0.02454	0.01006	0.01115	0.00773	0.00562	0.00408	0.00172	0.00489	0.00371	0.00379	0.00684
7	0.00686	0.00490	0.00653	0.00784	0.00816	0.00457	0.00522	0.00784	0.01077	0.01437	0.03102	0.79855	0.03722	0.01763	0.00718	0.00229	0.00326	0.01600	0.00522	0.00457
8	0.01049	0.00525	0.00525	0.00525	0.00656	0.00525	0.00393	0.01311	0.01180	0.02098	0.01836	0.02098	0.01442	0.00656	0.00393	0.00131	0.00262	0.00525	0.83346	0.00525
9	0.51431	0.01048	0.00980	0.00799	0.01199	0.01069	0.00653	0.01732	0.01098	0.11990	0.01027	0.01111	0.00771	0.00517	0.00395	0.00150	0.00436	0.00346	0.00389	0.22859
10	0.00850	0.00603	0.00890	0.00881	0.00956	0.00695	0.00668	0.00961	0.00869	0.01241	0.01402	0.02161	0.01340	0.07392	0.58614	0.15108	0.04033	0.00590	0.00292	0.00454
11	0.00821	0.00609	0.00863	0.00855	0.00930	0.00699	0.00637	0.00973	0.00883	0.01258	0.01545	0.02519	0.01533	0.21616	0.58316	0.00801	0.03714	0.00649	0.00309	0.00469
12	0.01129	0.02911	0.77306	0.01604	0.02436	0.01307	0.02079	0.01782	0.01188	0.01782	0.01010	0.01188	0.00713	0.00535	0.00535	0.00178	0.00832	0.00416	0.00238	0.00832
13	0.01878	0.01915	0.01430	0.01268	0.01542	0.43645	0.00978	0.02147	0.07233	0.13801	0.01588	0.01652	0.06848	0.00845	0.03399	0.00193	0.08046	0.00502	0.00393	0.00698
14	0.00786	0.00563	0.00749	0.00787	0.00850	0.00584	0.00560	0.00912	0.00992	0.01354	0.05617	0.20510	0.04553	0.24903	0.27332	0.00545	0.00798	0.06756	0.00400	0.00448
15	0.01334	0.28407	0.29847	0.01947	0.24471	0.01624	0.01600	0.01733	0.01201	0.01646	0.00948	0.01154	0.00770	0.00507	0.00483	0.00156	0.00706	0.00403	0.00251	0.00813
16	0.01315	0.01344	0.05661	0.33321	0.33353	0.03727	0.04965	0.06373	0.01315	0.01770	0.01050	0.01417	0.00824	0.00540	0.00562	0.00176	0.00730	0.00500	0.00284	0.00773
17	0.01005	0.06078	0.25337	0.01036	0.01423	0.02280	0.01070	0.01336	0.01224	0.04359	0.13926	0.05035	0.15325	0.05065	0.12744	0.00307	0.00699	0.00730	0.00390	0.00630
18	0.00900	0.00516	0.00675	0.00675	0.00675	0.00516	0.00417	0.00775	0.00775	0.01033	0.01365	0.02671	0.01498	0.40052	0.02523	0.43186	0.00516	0.00649	0.00291	0.00291
19	0.01615	0.01510	0.01363	0.01194	0.01467	0.25279	0.04611	0.13631	0.07179	0.08065	0.09685	0.18120	0.02014	0.00922	0.00595	0.00178	0.00637	0.00767	0.00472	0.00696
20	0.01223	0.00953	0.01138	0.03348	0.01308	0.00920	0.00736	0.16796	0.01416	0.02017	0.06217	0.04608	0.01491	0.10460	0.14821	0.00318	0.00670	0.00568	0.00400	0.30593
21	0.01366	0.27177	0.24826	0.01426	0.01987	0.04384	0.12765	0.02001	0.15401	0.01733	0.01196	0.01316	0.00930	0.00553	0.00506	0.00163	0.00709	0.00458	0.00312	0.00790
22	0.00923	0.00691	0.00865	0.00888	0.00980	0.00735	0.00649	0.05855	0.06957	0.01598	0.02423	0.35687	0.02688	0.16065	0.07469	0.00339	0.04329	0.09874	0.00464	0.00521
23	0.00740	0.00568	0.00652	0.00666	0.00796	0.00512	0.00487	0.00892	0.01257	0.01611	0.18903	0.11075	0.37753	0.13681	0.01022	0.00252	0.00347	0.07805	0.00513	0.00468
24	0.01198	0.01355	0.12380	0.01332	0.08525	0.00948	0.08113	0.01535	0.01196	0.01824	0.01020	0.01225	0.00824	0.00447	0.00470	0.00115	0.00551	0.00392	0.00310	0.56242
25	0.01610	0.01097	0.01299	0.01091	0.04843	0.01043	0.00831	0.18278	0.08939	0.16348	0.06692	0.01979	0.07249	0.00691	0.00535	0.00148	0.00468	0.00564	0.00507	0.25787
26	0.78837	0.06240	0.00965	0.00755	0.01111	0.01325	0.00632	0.01656	0.00970	0.02447	0.00784	0.00913	0.00617	0.00520	0.00349	0.00171	0.00446	0.00304	0.00341	0.00617
27	0.00791	0.00575	0.00745	0.00703	0.00838	0.00529	0.00527	0.01052	0.01581	0.02229	0.73718	0.04250	0.08024	0.01161	0.00664	0.00177	0.00266	0.01024	0.00616	0.00529
28	0.00804	0.00603	0.00904	0.00904	0.01005	0.00703	0.00703	0.01005	0.00904	0.01306	0.01507	0.02211	0.01407	0.04221	0.77992	0.00904	0.01507	0.00603	0.00301	0.00502
29	0.01400	0.01209	0.01273	0.01145	0.01463	0.01400	0.00891	0.02990	0.75695	0.02354	0.02291	0.02100	0.01718	0.00764	0.00573	0.00191	0.00445	0.00636	0.00573	0.00891
30	0.00671	0.00547	0.00594	0.00631	0.00776	0.00470	0.00455	0.00801	0.01224	0.01496	0.04961	0.26612	0.55765	0.01521	0.00680	0.00201	0.00297	0.01305	0.00523	0.00470
31	0.01195	0.16592	0.64206	0.01491	0.02261	0.01469	0.01883	0.01765	0.01180	0.01701	0.00970	0.01138	0.00715	0.00525	0.00504	0.00168	0.00791	0.00396	0.00238	0.00812
32	0.17092	0.27224	0.32868	0.01386	0.07936	0.01595	0.01414	0.01722	0.01138	0.01782	0.00898	0.01062	0.00711	0.00513	0.00446	0.00158	0.00669	0.00365	0.00263	0.00759
33	0.00699	0.00495	0.00649	0.00767	0.00796	0.00466	0.00505	0.00787	0.01052	0.01403	0.02971	0.72379	0.03558	0.09463	0.00929	0.00260	0.00348	0.01523	0.00505	0.00446
34	0.01367	0.01311	0.02238	0.09340	0.71028	0.01330	0.01714	0.01705	0.01269	0.01807	0.01054	0.01401	0.00880	0.00506	0.00558	0.00169	0.00675	0.00501	0.00276	0.00871
35	0.01216	0.12196	0.21744	0.07169	0.01717	0.08402	0.01153	0.01609	0.04669	0.05368	0.15306	0.03641	0.11955	0.00804	0.00558	0.00171	0.00593	0.00652	0.00393	0.00684
36	0.01084	0.00667	0.00880	0.00852	0.00959	0.00690	0.00625	0.01204	0.01067	0.13117	0.02250	0.20582	0.04994	0.23623	0.13658	0.00417	0.06719	0.05644	0.00443	0.00527
37	0.13340	0.00848	0.00883	0.00758	0.01020	0.00880	0.00604	0.13816	0.01459	0.14080	0.01665	0.01776	0.01235	0.00646	0.00442	0.00150	0.00380	0.00497	0.44844	0.00676
38	0.07910	0.01373	0.01842	0.02443	0.44729	0.08137	0.01350	0.10780	0.01467	0.04329	0.04849	0.05809	0.01248	0.00639	0.00552	0.00170	0.00631	0.00562	0.00363	0.00817
39	0.08884	0.02247	0.07437	0.06313	0.03871	0.49413	0.01158	0.02134	0.08016	0.01609	0.01009	0.01163	0.00809	0.00597	0.00547	0.00160	0.03231	0.00402	0.00312	0.00687
40	0.06272	0.00582	0.00767	0.00761	0.00818	0.00627	0.00531	0.00908	0.00829	0.01220	0.01354	0.02345	0.01380	0.23074	0.28185	0.28220	0.00849	0.00602	0.00296	0.00382
41	0.01219	0.01477	0.15238	0.19664	0.41227	0.01245	0.01651	0.01609	0.01245	0.01747	0.04664	0.01654	0.03741	0.00584	0.00563	0.00175	0.00683	0.00534	0.00289	0.00790
42	0.01638	0.06271	0.01734	0.01437	0.01594	0.36016	0.01152	0.01774	0.01207	0.01363	0.00800	0.01116	0.00732	0.00775	0.01163	0.00194	0.39710	0.00423	0.00266	0.00638
43	0.01333	0.01070	0.02785	0.05335	0.05209	0.00908	0.00848	0.05861	0.03806	0.08448	0.04694	0.01528	0.01159	0.00543	0.00501	0.00121	0.01732	0.01586	0.00392	0.52141
44	0.00989	0.01204	0.14039	0.05454	0.04234	0.02630	0.05544	0.01418	0.09359	0.01705	0.09615	0.12298	0.18356	0.04757	0.03350	0.00232	0.02908	0.00860	0.00421	0.00628
45	0.01422	0.01523	0.01170	0.01128	0.01327	0.31520	0.00829	0.04360	0.14005	0.01643	0.02014	0.32490	0.02091	0.01084	0.00604	0.00187	0.00631	0.00905	0.00440	0.00626
46	0.28993	0.06379	0.07521	0.01302	0.09941	0.03232	0.04526	0.01578	0.01184	0.04711	0.10466	0.01942	0.04988	0.00727	0.00609	0.00181	0.06904	0.03772	0.00373	0.00668

[dist]
# distance from previous block
# <min> <max>
0	28

[block]
# block no. 3 follows, 42 sequences, length 40
# corresponding to MSA columns:
# 907-946
name=unknown_D
#
# <colnr> <probs for GDERKNQSTAVLIFYWHMCP>
#	G	D	E	R	K	N	Q	S	T	A	V	L	I	F	Y	W	H	M	C	P
0	0.01777	0.01766	0.01547	0.01536	0.12018	0.30919	0.01056	0.16015	0.04700	0.05849	0.01439	0.05382	0.03985	0.00745	0.01929	0.00171	0.00737	0.00527	0.00398	0.07503
1	0.01178	0.00805	0.00937	0.00861	0.01075	0.00817	0.00656	0.07431	0.16961	0.09421	0.22158	0.16888	0.11182	0.01097	0.00620	0.00187	0.00365	0.00946	0.05753	0.00661
2	0.01239	0.01102	0.01517	0.07607	0.01777	0.00940	0.10155	0.06054	0.01276	0.01904	0.01040	0.01251	0.00837	0.00452	0.00470	0.00111	0.00525	0.00400	0.00335	0.61010
3	0.00762	0.00589	0.00648	0.00634	0.00773	0.00523	0.00443	0.00878	0.01146	0.01461	0.08940	0.07603	0.38437	0.25597	0.01332	0.00296	0.00382	0.03459	0.00462	0.05636
4	0.01049	0.00525	0.00525	0.00525	0.00656	0.00525	0.00393	0.01311	0.01180	0.02098	0.01836	0.02098	0.01442	0.00656	0.00393	0.00131	0.00262	0.00525	0.83346	0.00525
5	0.01249	0.01049	0.01211	0.00872	0.01368	0.00834	0.00701	0.07579	0.01291	0.01978	0.01030	0.01182	0.00844	0.00438	0.00429	0.00091	0.00434	0.00348	0.00353	0.76721
6	0.00804	0.00603	0.00904	0.00904	0.01005	0.00703	0.00703	0.01005	0.00904	0.01306	0.01507	0.02211	0.01407	0.04221	0.77992	0.00904	0.01507	0.00603	0.00301	0.00502
7	0.00816	0.00553	0.00654	0.00654	0.00667	0.00567	0.00391	0.00844	0.00830	0.01121	0.01737	0.03481	0.01958	0.69804	0.13163	0.00595	0.00677	0.00789	0.00336	0.00363
8	0.01439	0.00718	0.00881	0.00791	0.01009	0.00681	0.00614	0.05897	0.01413	0.23293	0.10541	0.12585	0.02254	0.04011	0.00642	0.00187	0.00378	0.04766	0.27243	0.00657
9	0.02312	0.01053	0.01338	0.01042	0.01458	0.00994	0.00855	0.14255	0.06113	0.57232	0.05731	0.01948	0.01535	0.00719	0.00571	0.00174	0.00489	0.00583	0.00664	0.00933
10	0.01227	0.01167	0.01984	0.41458	0.40008	0.01293	0.01644	0.01581	0.01203	0.01637	0.01029	0.01447	0.00820	0.00532	0.00560	0.00177	0.00710	0.00501	0.00264	0.00757
11	0.01202	0.01143	0.01940	0.46946	0.34708	0.01287	0.01632	0.01560	0.01191	0.01607	0.01025	0.01455	0.00810	0.00537	0.00560	0.00179	0.00716	0.00501	0.00262	0.00738
12	0.01075	0.00677	0.00803	0.00778	0.00964	0.00634	0.00594	0.06881	0.01384	0.11025	0.07607	0.24068	0.25268	0.01293	0.00644	0.00196	0.00362	0.07119	0.08049	0.00578
13	0.00827	0.00582	0.00654	0.00662	0.00832	0.00500	0.00486	0.00964	0.01256	0.07842	0.04727	0.24646	0.51097	0.01453	0.00671	0.00199	0.00312	0.01244	0.00537	0.00511
14	0.01236	0.11916	0.42277	0.01714	0.02361	0.01487	0.20740	0.01738	0.01190	0.01694	0.00991	0.01243	0.00753	0.00552	0.00663	0.00180	0.07761	0.00473	0.00251	0.00780
15	0.01024	0.02819	0.00940	0.05666	0.01177	0.02760	0.00680	0.01334	0.07068	0.08078	0.19292	0.04090	0.32901	0.01152	0.00672	0.00190	0.02558	0.06488	0.00523	0.00587
16	0.02466	0.01051	0.01364	0.01046	0.01483	0.00966	0.00864	0.13669	0.01768	0.65954	0.02088	0.01830	0.01327	0.00693	0.00565	0.00173	0.00500	0.00557	0.00676	0.00958
17	0.01753	0.01922	0.01945	0.02431	0.38932	0.33554	0.01403	0.08081	0.01528	0.01788	0.01004	0.01231	0.00827	0.00549	0.00537	0.00158	0.00810	0.00443	0.00307	0.00797
18	0.00764	0.00574	0.00707	0.00674	0.00821	0.00517	0.00505	0.00999	0.01516	0.02074	0.58838	0.04505	0.23001	0.01219	0.00664	0.00180	0.00270	0.01060	0.00595	0.00517
19	0.00739	0.00561	0.00680	0.00675	0.00812	0.00503	0.00497	0.00941	0.01419	0.01904	0.43338	0.15662	0.27567	0.01327	0.00672	0.00189	0.00281	0.01157	0.00575	0.00503
20	0.00771	0.00574	0.00717	0.00682	0.00825	0.00520	0.00511	0.01013	0.01534	0.02116	0.62911	0.04435	0.18902	0.01203	0.00664	0.00179	0.00269	0.01050	0.00601	0.00520
21	0.00694	0.00493	0.00651	0.00773	0.00804	0.00463	0.00511	0.00786	0.01061	0.01415	0.03019	0.75096	0.03617	0.06665	0.00852	0.00248	0.00340	0.01551	0.00511	0.00450
22	0.02104	0.02627	0.01600	0.01442	0.01740	0.74141	0.01086	0.05888	0.01647	0.01486	0.00894	0.01032	0.00737	0.00585	0.00510	0.00146	0.00995	0.00370	0.00304	0.00668
23	0.00804	0.00603	0.00904	0.00904	0.01005	0.00703	0.00703	0.01005	0.00904	0.01306	0.01507	0.02211	0.01407	0.04221	0.77992	0.00904	0.01507	0.00603	0.00301	0.00502
24	0.01328	0.01518	0.03321	0.02372	0.02941	0.01423	0.74668	0.01803	0.01328	0.01803	0.01139	0.01518	0.00854	0.00474	0.00664	0.00190	0.00949	0.00664	0.00285	0.00759
25	0.00804	0.00603	0.00904	0.00904	0.01005	0.00703	0.00703	0.01005	0.00904	0.01306	0.01507	0.02211	0.01407	0.04221	0.77992	0.00904	0.01507	0.00603	0.00301	0.00502
26	0.00783	0.00599	0.00728	0.00748	0.00884	0.00562	0.00562	0.01054	0.05699	0.01818	0.28694	0.21719	0.23705	0.01383	0.00683	0.00202	0.00322	0.08777	0.00558	0.00519
27	0.00675	0.00531	0.00610	0.00673	0.00787	0.00466	0.00473	0.00796	0.01184	0.01480	0.04450	0.41255	0.41452	0.01588	0.00691	0.00209	0.00305	0.01386	0.00522	0.00466
28	0.01505	0.80561	0.02949	0.00963	0.01444	0.02227	0.00963	0.01685	0.01143	0.01324	0.00782	0.00903	0.00722	0.00481	0.00361	0.00120	0.00602	0.00301	0.00241	0.00722
29	0.01167	0.01000	0.01167	0.00834	0.01334	0.00750	0.00667	0.01417	0.01167	0.01834	0.01000	0.01167	0.00834	0.00417	0.00417	0.00083	0.00417	0.00333	0.00333	0.83663
30	0.01365	0.01309	0.02234	0.09784	0.70599	0.01330	0.01713	0.01703	0.01268	0.01805	0.01054	0.01402	0.00880	0.00507	0.00558	0.00169	0.00675	0.00501	0.00276	0.00869
31	0.00796	0.00575	0.00752	0.00708	0.00841	0.00531	0.00531	0.01062	0.01593	0.02257	0.76415	0.04204	0.05310	0.01150	0.00664	0.00177	0.00265	0.01018	0.00619	0.00531
32	0.02191	0.01493	0.01637	0.01255	0.01703	0.01621	0.01037	0.65085	0.02506	0.13495	0.01469	0.01427	0.01016	0.00678	0.00563	0.00170	0.00600	0.00515	0.00581	0.00957
33	0.01351	0.11885	0.13151	0.02540	0.33904	0.01475	0.24112	0.01753	0.01265	0.01753	0.01041	0.01339	0.00833	0.00495	0.00561	0.00170	0.00769	0.00514	0.00270	0.00820
34	0.02029	0.01104	0.01329	0.01053	0.01432	0.01104	0.00857	0.25439	0.06566	0.35901	0.14924	0.02147	0.01959	0.00773	0.00583	0.00174	0.00484	0.00630	0.00633	0.00879
35	0.01366	0.00800	0.00978	0.00860	0.01109	0.00750	0.00663	0.11356	0.01550	0.20284	0.16528	0.21501	0.14298	0.01136	0.00630	0.00186	0.00389	0.00977	0.00580	0.04059
36	0.00789	0.00533	0.00641	0.00678	0.00700	0.00530	0.00420	0.00841	0.00913	0.01246	0.02138	0.25313	0.02458	0.49388	0.07228	0.00462	0.00536	0.01015	0.03778	0.00393
37	0.08079	0.00938	0.00958	0.00923	0.01112	0.06300	0.00692	0.11808	0.08120	0.01904	0.02537	0.32010	0.10650	0.01571	0.09474	0.00279	0.00567	0.00999	0.00476	0.00602
38	0.35241	0.01240	0.01191	0.01030	0.01282	0.07745	0.00829	0.09312	0.04368	0.02116	0.02756	0.01245	0.00885	0.00786	0.00877	0.07514	0.16795	0.00418	0.00351	0.04019
39	0.12420	0.01015	0.01361	0.11664	0.18873	0.01061	0.01023	0.10498	0.01311	0.01965	0.01602	0.21996	0.01614	0.03093	0.00625	0.00190	0.00526	0.00758	0.00390	0.08014

[dist]
# distance from previous block
# <min> <max>
7	97

[block]
# block no. 4 follows, 42 sequences, length 61
# corresponding to MSA columns:
# 1089-1149
name=unknown_E
#
# <colnr> <probs for GDERKNQSTAVLIFYWHMCP>
#	G	D	E	R	K	N	Q	S	T	A	V	L	I	F	Y	W	H	M	C	P
0	0.01433	0.01302	0.01931	0.02450	0.41801	0.06574	0.05013	0.01801	0.06111	0.07159	0.01244	0.01547	0.01021	0.01046	0.10448	0.00268	0.07194	0.00525	0.00329	0.00801
1	0.06569	0.07230	0.21258	0.01939	0.27882	0.01168	0.01385	0.01504	0.01193	0.01759	0.04100	0.18490	0.01587	0.00808	0.00562	0.00181	0.00602	0.00710	0.00335	0.00738
2	0.08369	0.01508	0.01314	0.03890	0.02956	0.23621	0.00849	0.01775	0.01306	0.06661	0.01025	0.01166	0.00818	0.00499	0.00456	0.00120	0.00616	0.00364	0.00341	0.42348
3	0.01391	0.28854	0.01722	0.00919	0.01258	0.01439	0.00790	0.21251	0.01541	0.01941	0.02249	0.02371	0.20062	0.05048	0.00756	0.06195	0.00515	0.00622	0.00405	0.00669
4	0.00743	0.00573	0.00678	0.00652	0.00808	0.00508	0.00489	0.00958	0.01466	0.01956	0.47586	0.04698	0.34327	0.01263	0.00664	0.00182	0.00273	0.01087	0.00580	0.00508
5	0.00741	0.00573	0.00675	0.00650	0.00807	0.00507	0.00487	0.00955	0.01462	0.01946	0.46548	0.04716	0.35371	0.01267	0.00664	0.00183	0.00274	0.01090	0.00579	0.00507
6	0.00796	0.00575	0.00752	0.00708	0.00841	0.00531	0.00531	0.01062	0.01593	0.02257	0.76415	0.04204	0.05310	0.01150	0.00664	0.00177	0.00265	0.01018	0.00619	0.00531
7	0.00818	0.00546	0.00614	0.00614	0.00614	0.00546	0.00341	0.00818	0.00818	0.01091	0.01773	0.03683	0.02046	0.80222	0.02864	0.00546	0.00546	0.00818	0.00341	0.00341
8	0.01505	0.80561	0.02949	0.00963	0.01444	0.02227	0.00963	0.01685	0.01143	0.01324	0.00782	0.00903	0.00722	0.00481	0.00361	0.00120	0.00602	0.00301	0.00241	0.00722
9	0.01129	0.02911	0.77306	0.01604	0.02436	0.01307	0.02079	0.01782	0.01188	0.01782	0.01010	0.01188	0.00713	0.00535	0.00535	0.00178	0.00832	0.00416	0.00238	0.00832
10	0.02525	0.00958	0.01306	0.01001	0.01437	0.00827	0.00827	0.02743	0.01611	0.77102	0.02220	0.01915	0.01393	0.00697	0.00566	0.00174	0.00479	0.00566	0.00697	0.00958
11	0.01231	0.01231	0.01724	0.01477	0.01477	0.01724	0.01231	0.01354	0.00862	0.01354	0.00739	0.01231	0.00739	0.00985	0.01847	0.00246	0.79192	0.00492	0.00246	0.00616
12	0.02102	0.02682	0.01595	0.01450	0.01740	0.77963	0.01087	0.02247	0.01595	0.01377	0.00870	0.01015	0.00725	0.00580	0.00507	0.00145	0.01015	0.00362	0.00290	0.00652
13	0.00665	0.00570	0.00570	0.00570	0.00760	0.00475	0.00428	0.00808	0.01283	0.01520	0.05701	0.05416	0.76483	0.01425	0.00665	0.00190	0.00285	0.01188	0.00523	0.00475
14	0.01505	0.80561	0.02949	0.00963	0.01444	0.02227	0.00963	0.01685	0.01143	0.01324	0.00782	0.00903	0.00722	0.00481	0.00361	0.00120	0.00602	0.00301	0.00241	0.00722
15	0.02084	0.06366	0.01699	0.01370	0.01726	0.47308	0.01075	0.27642	0.01939	0.02134	0.01034	0.01127	0.00806	0.00608	0.00519	0.00152	0.00855	0.00410	0.00383	0.00763
16	0.00789	0.00575	0.00742	0.00700	0.00836	0.00528	0.00525	0.01047	0.01575	0.02214	0.72354	0.04273	0.09398	0.01166	0.00664	0.00178	0.00267	0.01028	0.00614	0.00528
17	0.01049	0.00525	0.00525	0.00525	0.00656	0.00525	0.00393	0.01311	0.01180	0.02098	0.01836	0.02098	0.01442	0.00656	0.00393	0.00131	0.00262	0.00525	0.83346	0.00525
18	0.00714	0.00579	0.00639	0.00678	0.00820	0.00522	0.00487	0.00925	0.05485	0.01539	0.04595	0.31298	0.46704	0.01506	0.00678	0.00204	0.00309	0.01300	0.00525	0.00493
19	0.01129	0.02911	0.77306	0.01604	0.02436	0.01307	0.02079	0.01782	0.01188	0.01782	0.01010	0.01188	0.00713	0.00535	0.00535	0.00178	0.00832	0.00416	0.00238	0.00832
20	0.02510	0.00982	0.01321	0.01013	0.01449	0.00864	0.00837	0.05601	0.01652	0.74185	0.02186	0.01893	0.01376	0.00696	0.00566	0.00174	0.00484	0.00564	0.00691	0.00958
21	0.00709	0.00507	0.00680	0.00811	0.00854	0.00477	0.00563	0.00824	0.01101	0.01463	0.03089	0.72021	0.03671	0.01741	0.00725	0.00232	0.00347	0.09202	0.00522	0.00464
22	0.02113	0.01563	0.01674	0.01290	0.01735	0.01733	0.01063	0.72325	0.05199	0.03505	0.01384	0.01377	0.00984	0.00679	0.00563	0.00170	0.00613	0.00511	0.00563	0.00955
23	0.00787	0.00575	0.00739	0.00698	0.00835	0.00527	0.00524	0.01044	0.01571	0.02204	0.71316	0.04291	0.10442	0.01170	0.00664	0.00178	0.00267	0.01030	0.00613	0.00527
24	0.01748	0.02657	0.24738	0.01499	0.01935	0.49558	0.01400	0.02047	0.01423	0.01500	0.00904	0.01082	0.00722	0.00593	0.00603	0.00162	0.06068	0.00387	0.00271	0.00705
25	0.00690	0.00543	0.00626	0.00687	0.00810	0.00479	0.00498	0.00822	0.01201	0.01497	0.04470	0.35501	0.42234	0.01570	0.00694	0.00210	0.00317	0.06157	0.00522	0.00471
26	0.01898	0.29794	0.02083	0.01256	0.01637	0.40056	0.01041	0.12888	0.01594	0.01683	0.00911	0.01026	0.00759	0.00560	0.00464	0.00140	0.00811	0.00362	0.00313	0.00722
27	0.03628	0.06803	0.04289	0.44540	0.07679	0.04288	0.01321	0.01584	0.06940	0.01628	0.06625	0.05741	0.01310	0.00672	0.00555	0.00181	0.00658	0.00577	0.00321	0.00662
28	0.01726	0.10436	0.12994	0.01437	0.01878	0.26584	0.10315	0.14288	0.01596	0.05815	0.01228	0.06880	0.01029	0.00657	0.00543	0.00164	0.00791	0.00526	0.00361	0.00753
29	0.01007	0.06529	0.00989	0.00794	0.01039	0.00879	0.00624	0.01578	0.22093	0.04086	0.15832	0.03864	0.36335	0.01106	0.00614	0.00183	0.00355	0.00924	0.00537	0.00632
30	0.00712	0.00509	0.00681	0.00799	0.00847	0.00478	0.00555	0.00835	0.01133	0.01516	0.08378	0.68347	0.03797	0.01702	0.00719	0.00227	0.00338	0.07431	0.00529	0.00467
31	0.01678	0.31966	0.17760	0.01291	0.01773	0.30123	0.01245	0.05284	0.01389	0.01541	0.00888	0.01024	0.00732	0.00538	0.00461	0.00144	0.00803	0.00357	0.00273	0.00730
32	0.17781	0.01552	0.10004	0.04163	0.31666	0.07212	0.11272	0.01825	0.01255	0.06587	0.01066	0.01300	0.00827	0.00525	0.00525	0.00172	0.00695	0.00469	0.00315	0.00791
33	0.02525	0.00958	0.01306	0.01001	0.01437	0.00827	0.00827	0.02743	0.01611	0.77102	0.02220	0.01915	0.01393	0.00697	0.00566	0.00174	0.00479	0.00566	0.00697	0.00958
34	0.01429	0.01030	0.01232	0.06654	0.01487	0.01134	0.00865	0.24729	0.12300	0.07254	0.01835	0.13418	0.01646	0.06822	0.15175	0.00345	0.00712	0.00729	0.00481	0.00724
35	0.04273	0.01001	0.01323	0.26266	0.02132	0.01118	0.01065	0.15599	0.06697	0.07610	0.08379	0.04825	0.02982	0.00850	0.00596	0.00191	0.00562	0.10743	0.03090	0.00697
36	0.02000	0.11028	0.04742	0.01404	0.01736	0.66816	0.01113	0.02169	0.01530	0.01388	0.00866	0.01010	0.00724	0.00568	0.00493	0.00144	0.00963	0.00358	0.00283	0.00667
37	0.00685	0.00529	0.00626	0.00689	0.00795	0.00470	0.00483	0.00814	0.01200	0.01531	0.09473	0.43349	0.34187	0.01578	0.00692	0.00209	0.00305	0.01386	0.00529	0.00470
