[name]
unknown

[dist]
# distance from previous block
# <min> <max>
0	61

[block]
# block no. 0 follows, 51 sequences, length 131
# corresponding to MSA columns:
# 66-196
name=unknown_A
#
# <colnr> <probs for GDERKNQSTAVLIFYWHMCP>
#	G	D	E	R	K	N	Q	S	T	A	V	L	I	F	Y	W	H	M	C	P
0	0.00848	0.00654	0.00827	0.00817	0.01013	0.00602	0.00682	0.01106	0.04641	0.01489	0.02252	0.04075	0.07420	0.05858	0.00694	0.00197	0.00415	0.44701	0.00406	0.21303
1	0.01540	0.00748	0.01014	0.00924	0.05676	0.00685	0.00680	0.05819	0.01381	0.41312	0.22739	0.11367	0.02321	0.00810	0.00532	0.00158	0.00369	0.00697	0.00545	0.00683
2	0.01111	0.00927	0.00936	0.00799	0.01029	0.09117	0.00622	0.18181	0.01529	0.03084	0.36573	0.02688	0.12090	0.00826	0.00525	0.00144	0.00386	0.00688	0.00468	0.08277
3	0.01219	0.01094	0.01693	0.18794	0.44717	0.01172	0.01308	0.06223	0.13780	0.03446	0.01126	0.01344	0.00883	0.00499	0.00490	0.00153	0.00561	0.00458	0.00303	0.00735
4	0.01029	0.00963	0.01404	0.04879	0.36484	0.04713	0.02871	0.01279	0.01184	0.01635	0.20407	0.02102	0.08826	0.00646	0.00505	0.00142	0.00468	0.00584	0.00340	0.09538
5	0.00912	0.00770	0.01139	0.01471	0.28306	0.00761	0.00832	0.01219	0.06506	0.01739	0.37545	0.02679	0.05037	0.08115	0.00714	0.00182	0.00388	0.00697	0.00410	0.00579
6	0.43023	0.00962	0.01193	0.28083	0.15371	0.01110	0.00979	0.01392	0.00934	0.01784	0.00789	0.01042	0.00616	0.00465	0.00398	0.00155	0.00507	0.00353	0.00265	0.00579
7	0.08974	0.04565	0.01607	0.08510	0.36447	0.05743	0.01149	0.10213	0.08459	0.06410	0.01081	0.01242	0.00840	0.00498	0.00461	0.00147	0.00547	0.00423	0.01962	0.00723
8	0.00594	0.00479	0.00529	0.00558	0.00682	0.00414	0.00402	0.00715	0.01089	0.01351	0.09426	0.26187	0.53236	0.01310	0.00594	0.00174	0.00258	0.01127	0.00462	0.00414
9	0.00648	0.00496	0.00594	0.00580	0.00708	0.00442	0.00431	0.00832	0.01264	0.01693	0.47645	0.09410	0.31222	0.01127	0.00583	0.00162	0.00242	0.00976	0.00505	0.00442
10	0.01177	0.01142	0.01859	0.02538	0.57941	0.01261	0.01388	0.01418	0.01017	0.01488	0.00847	0.01177	0.00741	0.00555	0.00799	0.00165	0.23103	0.00436	0.00235	0.00712
11	0.01216	0.01168	0.01995	0.03016	0.79664	0.01168	0.01508	0.01508	0.01119	0.01605	0.00924	0.01216	0.00778	0.00438	0.00487	0.00146	0.00584	0.00438	0.00243	0.00778
12	0.00928	0.00873	0.01474	0.81548	0.03385	0.01092	0.01365	0.01256	0.00983	0.01256	0.00873	0.01310	0.00655	0.00491	0.00491	0.00164	0.00655	0.00437	0.00218	0.00546
13	0.01178	0.01009	0.01073	0.00968	0.01232	0.01158	0.00751	0.02469	0.72228	0.02049	0.08550	0.01989	0.01766	0.00695	0.00507	0.00166	0.00376	0.00584	0.00504	0.00751
14	0.01216	0.01168	0.01995	0.03016	0.79664	0.01168	0.01508	0.01508	0.01119	0.01605	0.00924	0.01216	0.00778	0.00438	0.00487	0.00146	0.00584	0.00438	0.00243	0.00778
15	0.01230	0.01125	0.01791	0.14732	0.53963	0.01160	0.01360	0.09885	0.01223	0.01716	0.00941	0.01213	0.00762	0.00458	0.00479	0.00144	0.00575	0.00428	0.00270	0.06544
16	0.00715	0.00476	0.00536	0.00536	0.00536	0.00476	0.00298	0.00715	0.00715	0.00953	0.01548	0.03216	0.01787	0.82729	0.02501	0.00476	0.00476	0.00715	0.00298	0.00298
17	0.01079	0.01008	0.01155	0.20214	0.04714	0.06813	0.00874	0.01734	0.29382	0.01618	0.01834	0.01886	0.11651	0.00637	0.00484	0.00148	0.00474	0.00531	0.00368	0.13397
18	0.00928	0.00873	0.01474	0.81548	0.03385	0.01092	0.01365	0.01256	0.00983	0.01256	0.00873	0.01310	0.00655	0.00491	0.00491	0.00164	0.00655	0.00437	0.00218	0.00546
19	0.00715	0.00476	0.00536	0.00536	0.00536	0.00476	0.00298	0.00715	0.00715	0.00953	0.01548	0.03216	0.01787	0.82729	0.02501	0.00476	0.00476	0.00715	0.00298	0.00298
20	0.01150	0.01295	0.02730	0.01976	0.02413	0.01275	0.68515	0.01526	0.01110	0.01526	0.00952	0.01295	0.00733	0.00469	0.00706	0.00172	0.10705	0.00562	0.00244	0.00648
21	0.01868	0.01376	0.01475	0.01131	0.01524	0.01524	0.00934	0.78025	0.02311	0.03097	0.01180	0.01180	0.00836	0.00590	0.00492	0.00147	0.00541	0.00442	0.00492	0.00836
22	0.01473	0.58375	0.02214	0.00971	0.01340	0.26023	0.00874	0.01621	0.01119	0.01170	0.00707	0.00818	0.00631	0.00447	0.00354	0.00112	0.00636	0.00279	0.00223	0.00612
23	0.00928	0.00873	0.01474	0.81548	0.03385	0.01092	0.01365	0.01256	0.00983	0.01256	0.00873	0.01310	0.00655	0.00491	0.00491	0.00164	0.00655	0.00437	0.00218	0.00546
24	0.00718	0.00482	0.00578	0.00578	0.00591	0.00495	0.00350	0.00736	0.00723	0.00977	0.01488	0.02962	0.01669	0.68001	0.14137	0.03635	0.00600	0.00676	0.00290	0.00316
25	0.01026	0.06488	0.01515	0.01976	0.42022	0.00954	0.01129	0.01265	0.01093	0.01494	0.01609	0.12072	0.01659	0.00835	0.00548	0.00173	0.00506	0.22681	0.00327	0.00628
26	0.00928	0.00865	0.01453	0.79900	0.03327	0.01079	0.01344	0.01253	0.00984	0.01267	0.00888	0.01321	0.00667	0.00493	0.00488	0.00163	0.00646	0.00437	0.01951	0.00544
27	0.00667	0.00484	0.00629	0.00629	0.00726	0.00446	0.00458	0.00859	0.01270	0.01770	0.57664	0.22865	0.07402	0.01145	0.00591	0.00166	0.00246	0.01019	0.00517	0.00446
28	0.07112	0.03017	0.01770	0.09926	0.50303	0.03186	0.01303	0.14278	0.01290	0.01842	0.00936	0.01173	0.00753	0.00471	0.00470	0.00147	0.00576	0.00420	0.00286	0.00741
29	0.01182	0.01381	0.20900	0.00985	0.01471	0.00960	0.00964	0.12783	0.08627	0.03605	0.01052	0.01140	0.00802	0.00457	0.00424	0.00115	0.00484	0.00361	0.00327	0.41979
30	0.01907	0.01261	0.01331	0.01051	0.01418	0.07827	0.00856	0.41424	0.09240	0.26337	0.01455	0.01368	0.00998	0.00596	0.00489	0.00149	0.00518	0.00459	0.00508	0.00808
31	0.00854	0.00427	0.00640	0.00640	0.00640	0.00427	0.00427	0.00640	0.00640	0.00854	0.00854	0.01494	0.00854	0.01707	0.01921	0.85702	0.00427	0.00427	0.00213	0.00213
32	0.00928	0.00873	0.01474	0.81548	0.03385	0.01092	0.01365	0.01256	0.00983	0.01256	0.00873	0.01310	0.00655	0.00491	0.00491	0.00164	0.00655	0.00437	0.00218	0.00546
33	0.01216	0.01168	0.01995	0.03016	0.79664	0.01168	0.01508	0.01508	0.01119	0.01605	0.00924	0.01216	0.00778	0.00438	0.00487	0.00146	0.00584	0.00438	0.00243	0.00778
34	0.01019	0.00873	0.01019	0.00728	0.01165	0.00655	0.00582	0.01237	0.01019	0.01601	0.00873	0.01019	0.00728	0.00364	0.00364	0.00073	0.00364	0.00291	0.00291	0.85734
35	0.01109	0.01058	0.01800	0.32366	0.51156	0.01139	0.01455	0.01414	0.01068	0.01475	0.00905	0.01251	0.00732	0.00458	0.00488	0.00153	0.00610	0.00437	0.00234	0.00692
36	0.86201	0.00950	0.00722	0.00646	0.00950	0.01102	0.00532	0.01445	0.00836	0.02205	0.00684	0.00798	0.00532	0.00456	0.00304	0.00152	0.00380	0.00266	0.00304	0.00532
37	0.00581	0.00498	0.00498	0.00498	0.00664	0.00415	0.00373	0.00705	0.01120	0.01328	0.04978	0.04729	0.79464	0.01245	0.00581	0.00166	0.00249	0.01037	0.00456	0.00415
38	0.01314	0.83025	0.02575	0.00841	0.01261	0.01945	0.00841	0.01472	0.00999	0.01156	0.00683	0.00788	0.00631	0.00420	0.00315	0.00105	0.00526	0.00263	0.00210	0.00631
39	0.01066	0.00766	0.00611	0.00590	0.00727	0.13582	0.00443	0.01279	0.01090	0.01729	0.01465	0.01678	0.01157	0.00562	0.00360	0.00116	0.00336	0.00435	0.71532	0.00476
40	0.00928	0.00873	0.01474	0.81548	0.03385	0.01092	0.01365	0.01256	0.00983	0.01256	0.00873	0.01310	0.00655	0.00491	0.00491	0.00164	0.00655	0.00437	0.00218	0.00546
41	0.00696	0.00502	0.00657	0.00618	0.00734	0.00464	0.00464	0.00927	0.01391	0.01971	0.79405	0.03671	0.04637	0.01005	0.00580	0.00155	0.00232	0.00889	0.00541	0.00464
42	0.00928	0.00873	0.01474	0.81548	0.03385	0.01092	0.01365	0.01256	0.00983	0.01256	0.00873	0.01310	0.00655	0.00491	0.00491	0.00164	0.00655	0.00437	0.00218	0.00546
43	0.00928	0.00873	0.01474	0.81548	0.03385	0.01092	0.01365	0.01256	0.00983	0.01256	0.00873	0.01310	0.00655	0.00491	0.00491	0.00164	0.00655	0.00437	0.00218	0.00546
44	0.01015	0.00963	0.01632	0.57735	0.26515	0.01115	0.01408	0.01332	0.01024	0.01362	0.00889	0.01282	0.00692	0.00475	0.00490	0.00158	0.00633	0.00437	0.00226	0.00616
45	0.00711	0.00492	0.00614	0.00614	0.00640	0.00519	0.00394	0.00764	0.00738	0.01010	0.01477	0.02823	0.01616	0.58580	0.26417	0.00572	0.00733	0.00657	0.00287	0.00341
46	0.01185	0.01135	0.01938	0.11629	0.71298	0.01159	0.01492	0.01480	0.01104	0.01567	0.00919	0.01227	0.00765	0.00444	0.00487	0.00148	0.00592	0.00438	0.00241	0.00753
47	0.78170	0.00991	0.00794	0.00692	0.01005	0.01143	0.00570	0.08737	0.00977	0.02290	0.00731	0.00835	0.00561	0.00469	0.00322	0.00152	0.00395	0.00283	0.00322	0.00561
48	0.01278	0.01196	0.01128	0.01018	0.01286	0.11291	0.00787	0.02459	0.65740	0.01944	0.05052	0.01789	0.01520	0.00660	0.00496	0.00161	0.00446	0.00539	0.00470	0.00738
49	0.01403	0.01633	0.01195	0.01181	0.06595	0.47775	0.00837	0.01571	0.01310	0.01407	0.19601	0.01683	0.01661	0.00953	0.08887	0.00204	0.00754	0.00483	0.00322	0.00545
50	0.00779	0.00531	0.00703	0.00807	0.03690	0.00513	0.00538	0.00979	0.06952	0.06700	0.02536	0.67739	0.02887	0.01369	0.00603	0.00192	0.00313	0.01236	0.00462	0.00472
51	0.00888	0.00675	0.00863	0.00926	0.01076	0.00712	0.00789	0.01374	0.18478	0.01601	0.02468	0.04715	0.02532	0.01203	0.00639	0.00213	0.00438	0.59422	0.00463	0.00525
52	0.01019	0.00873	0.01019	0.00728	0.01165	0.00655	0.00582	0.01237	0.01019	0.01601	0.00873	0.01019	0.00728	0.00364	0.00364	0.00073	0.00364	0.00291	0.00291	0.85734
53	0.01596	0.01585	0.01624	0.05496	0.27859	0.26157	0.01152	0.25016	0.01562	0.01919	0.00949	0.01106	0.00745	0.00508	0.00475	0.00141	0.00668	0.00401	0.00321	0.00720
54	0.00593	0.00498	0.00515	0.00511	0.00671	0.00420	0.00383	0.00730	0.01150	0.01398	0.13141	0.04613	0.71258	0.01218	0.00581	0.00165	0.00247	0.01021	0.00466	0.00420
55	0.86201	0.00950	0.00722	0.00646	0.00950	0.01102	0.00532	0.01445	0.00836	0.02205	0.00684	0.00798	0.00532	0.00456	0.00304	0.00152	0.00380	0.00266	0.00304	0.00532
56	0.00702	0.00527	0.00790	0.00790	0.00878	0.00614	0.00614	0.00878	0.00790	0.01141	0.01316	0.01931	0.01229	0.03686	0.80782	0.00790	0.01316	0.00527	0.00263	0.00439
57	0.80384	0.00945	0.00774	0.06165	0.01116	0.01102	0.00589	0.01432	0.00846	0.02140	0.00697	0.00833	0.00541	0.00459	0.00317	0.00153	0.00399	0.00278	0.00298	0.00533
58	0.01689	0.01288	0.01374	0.01094	0.01456	0.01440	0.00891	0.57123	0.23504	0.02808	0.01407	0.01361	0.01020	0.00611	0.00494	0.00153	0.00499	0.00474	0.00494	0.00820
59	0.01660	0.21604	0.01608	0.01099	0.01387	0.54104	0.00877	0.01803	0.01274	0.03567	0.00832	0.00948	0.00691	0.00493	0.00407	0.00121	0.00742	0.00318	0.05879	0.00585
60	0.01311	0.01176	0.01898	0.04271	0.68423	0.02774	0.01422	0.05075	0.01194	0.06267	0.00991	0.01237	0.00801	0.00457	0.00486	0.00146	0.00580	0.00439	0.00276	0.00776
61	0.01183	0.01098	0.01808	0.21195	0.54572	0.01159	0.01418	0.06656	0.01169	0.01622	0.00971	0.01342	0.00804	0.00483	0.00493	0.00152	0.00594	0.02301	0.00260	0.00720
62	0.01222	0.01056	0.01111	0.01000	0.01278	0.01222	0.00778	0.02611	0.78776	0.02056	0.02000	0.01833	0.01500	0.00667	0.00500	0.00167	0.00389	0.00556	0.00500	0.00778
63	0.01001	0.00948	0.01605	0.61739	0.22625	0.01111	0.01401	0.01319	0.01017	0.01344	0.00886	0.01286	0.00686	0.00478	0.00490	0.00159	0.00637	0.00437	0.00225	0.00605
64	0.01064	0.06620	0.01409	0.01217	0.05778	0.06333	0.00937	0.01184	0.00832	0.01177	0.00850	0.01388	0.00846	0.10123	0.10829	0.00294	0.47910	0.00455	0.00234	0.00522
65	0.00779	0.00644	0.01036	0.05565	0.04592	0.00631	0.09907	0.00984	0.01076	0.01429	0.07608	0.31465	0.05589	0.01192	0.00619	0.00195	0.00433	0.25365	0.00413	0.00478
66	0.00621	0.00456	0.00611	0.00708	0.00737	0.00447	0.00482	0.00711	0.00944	0.01269	0.04481	0.77129	0.03176	0.01498	0.00667	0.00199	0.03665	0.01345	0.00448	0.00406
67	0.01007	0.00873	0.01079	0.11316	0.01455	0.00712	0.00685	0.01240	0.01014	0.01556	0.00873	0.01057	0.00718	0.00381	0.00381	0.00085	0.00402	0.00310	0.00282	0.74573
68	0.11818	0.01888	0.01220	0.01094	0.01351	0.55574	0.00834	0.08630	0.01370	0.01559	0.00878	0.01003	0.00706	0.00515	0.00420	0.00130	0.00725	0.00337	0.09371	0.00577
69	0.60426	0.01360	0.00928	0.00833	0.01124	0.24178	0.00659	0.02812	0.01021	0.01929	0.00714	0.00830	0.00566	0.00473	0.00347	0.00145	0.00529	0.00284	0.00292	0.00548
70	0.00877	0.00719	0.01091	0.01450	0.27848	0.00726	0.00798	0.01043	0.00963	0.01362	0.08834	0.10616	0.01761	0.23233	0.13720	0.00342	0.00595	0.00670	0.02836	0.00517
71	0.00738	0.00566	0.00849	0.00919	0.06220	0.00639	0.00646	0.00906	0.00805	0.01155	0.01311	0.01999	0.01249	0.10665	0.68173	0.00717	0.01190	0.00538	0.00265	0.00449
72	0.01216	0.01168	0.01995	0.03016	0.79664	0.01168	0.01508	0.01508	0.01119	0.01605	0.00924	0.01216	0.00778	0.00438	0.00487	0.00146	0.00584	0.00438	0.00243	0.00778
73	0.00702	0.00496	0.00644	0.00639	0.00694	0.00513	0.00440	0.00814	0.00908	0.01265	0.20106	0.05979	0.02353	0.35949	0.25886	0.00485	0.00667	0.00725	0.00351	0.00384
74	0.00772	0.00629	0.00790	0.11275	0.01155	0.00652	0.00615	0.01161	0.14416	0.01609	0.24429	0.19672	0.18850	0.01041	0.00565	0.00170	0.00329	0.00909	0.00456	0.00505
75	0.00692	0.00502	0.00653	0.00615	0.00732	0.00462	0.00461	0.00921	0.01384	0.01954	0.77417	0.03699	0.06635	0.01011	0.00580	0.00155	0.00232	0.00893	0.00539	0.00462
76	0.01477	0.01538	0.10364	0.13676	0.13922	0.13860	0.02678	0.29630	0.01557	0.02014	0.00970	0.01142	0.00735	0.00532	0.00525	0.00150	0.03773	0.00414	0.00327	0.00714
77	0.01554	0.01768	0.01365	0.13973	0.03434	0.45787	0.00991	0.06112	0.17256	0.01498	0.01059	0.01171	0.00829	0.00540	0.00466	0.00142	0.00722	0.00394	0.00311	0.00628
78	0.00927	0.00716	0.00872	0.00687	0.00987	0.00577	0.00538	0.01150	0.01189	0.04653	0.33865	0.02156	0.02386	0.00642	0.00459	0.00110	0.00311	0.00549	0.00408	0.46817
79	0.01378	0.01250	0.07228	0.07487	0.35902	0.03483	0.12855	0.04827	0.01202	0.14747	0.01094	0.01287	0.00821	0.00493	0.00543	0.00154	0.03741	0.00460	0.00311	0.00738
80	0.01093	0.28781	0.54881	0.01218	0.01845	0.01403	0.01498	0.01529	0.01025	0.01426	0.00817	0.00956	0.00625	0.00452	0.00417	0.00139	0.00661	0.00330	0.00208	0.00695
81	0.00683	0.00508	0.00646	0.00678	0.00792	0.00471	0.00531	0.00868	0.01197	0.01591	0.31234	0.15368	0.20707	0.01229	0.00613	0.00183	0.00303	0.21469	0.00486	0.00441
82	0.01133	0.35251	0.40335	0.01196	0.01745	0.01495	0.04864	0.01501	0.01010	0.01372	0.00792	0.00951	0.00633	0.00469	0.00478	0.00139	0.05416	0.00336	0.00211	0.00673
83	0.00954	0.00658	0.00841	0.00768	0.00998	0.00569	0.00621	0.01157	0.01143	0.09042	0.14386	0.12194	0.04028	0.00944	0.00541	0.00156	0.00363	0.23662	0.00433	0.26539
84	0.00599	0.00428	0.00570	0.00684	0.00713	0.00399	0.00456	0.00684	0.00941	0.01254	0.02709	0.82409	0.03250	0.01540	0.00627	0.00200	0.00285	0.01397	0.00456	0.00399
85	0.00606	0.00459	0.00563	0.00642	0.00719	0.00415	0.00454	0.00713	0.01009	0.01292	0.03395	0.53434	0.26506	0.01437	0.00617	0.00191	0.00285	0.06400	0.00456	0.00408
86	0.00792	0.00566	0.00792	0.00905	0.01018	0.00566	0.00792	0.01018	0.01131	0.01471	0.02602	0.05543	0.02828	0.01358	0.00679	0.00226	0.00453	0.76356	0.00453	0.00453
87	0.01346	0.01492	0.01565	0.01329	0.01457	0.25701	0.06270	0.04634	0.01041	0.01295	0.00726	0.01039	0.00656	0.00710	0.01138	0.00182	0.48205	0.00406	0.00240	0.00568
88	0.01783	0.02254	0.01400	0.01268	0.01503	0.75227	0.00958	0.01908	0.01348	0.01201	0.00752	0.00899	0.00634	0.00531	0.00525	0.00133	0.06534	0.00324	0.00251	0.00567
89	0.01256	0.01260	0.06855	0.03554	0.29013	0.04290	0.01134	0.06186	0.37241	0.01869	0.01427	0.01478	0.01098	0.00558	0.00490	0.00156	0.00514	0.00483	0.00373	0.00764
90	0.01286	0.01111	0.01670	0.02262	0.50652	0.01154	0.01234	0.01902	0.24582	0.07089	0.01318	0.01434	0.01026	0.00519	0.00491	0.00153	0.00514	0.00477	0.00346	0.00782
91	0.00774	0.00607	0.00810	0.00776	0.00806	0.00718	0.00563	0.00857	0.00762	0.01079	0.01375	0.07785	0.01483	0.35816	0.27184	0.00506	0.16776	0.00645	0.00281	0.00397
92	0.01221	0.00575	0.00688	0.00606	0.00799	0.00531	0.00473	0.01432	0.01205	0.23940	0.15393	0.02295	0.06956	0.00702	0.00443	0.00135	0.00284	0.00581	0.41177	0.00563
93	0.01494	0.00679	0.00913	0.00754	0.01009	0.00600	0.00600	0.01704	0.01399	0.43251	0.38424	0.02614	0.02827	0.00795	0.00534	0.00153	0.00330	0.00680	0.00577	0.00661
94	0.01028	0.02247	0.61440	0.01563	0.02234	0.01166	0.20263	0.01561	0.01067	0.01561	0.00909	0.01107	0.00652	0.00454	0.00494	0.00158	0.00751	0.00416	0.00217	0.00711
95	0.00592	0.00498	0.00513	0.00509	0.00670	0.00420	0.00382	0.00726	0.01146	0.01389	0.12066	0.04629	0.72339	0.01222	0.00581	0.00165	0.00247	0.01023	0.00464	0.00420
96	0.07934	0.00844	0.01112	0.00859	0.01234	0.00748	0.00709	0.02330	0.01368	0.74698	0.01853	0.01613	0.01170	0.00598	0.00481	0.00152	0.00416	0.00479	0.00587	0.00816
97	0.01284	0.01111	0.01476	0.01236	0.01328	0.01457	0.01028	0.14364	0.01061	0.06645	0.00821	0.01132	0.00715	0.00798	0.01349	0.00199	0.62665	0.00436	0.00288	0.00608
98	0.21777	0.01783	0.01233	0.01084	0.01372	0.44855	0.00843	0.16043	0.01425	0.01802	0.00872	0.01050	0.00708	0.00534	0.00426	0.00139	0.00690	0.02442	0.00315	0.00607
99	0.00687	0.00502	0.00645	0.00609	0.00729	0.00460	0.00457	0.00911	0.01371	0.01923	0.73943	0.03749	0.10128	0.01022	0.00580	0.00155	0.00233	0.00900	0.00535	0.00460
100	0.01868	0.01376	0.01475	0.01131	0.01524	0.01524	0.00934	0.78025	0.02311	0.03097	0.01180	0.01180	0.00836	0.00590	0.00492	0.00147	0.00541	0.00442	0.00492	0.00836
101	0.01908	0.01206	0.01359	0.01046	0.01425	0.01280	0.00862	0.55920	0.02046	0.22516	0.04382	0.01400	0.01078	0.00611	0.00496	0.00149	0.00498	0.00473	0.00523	0.00822
102	0.01096	0.01045	0.01777	0.35780	0.47840	0.01136	0.01448	0.01403	0.01062	0.01460	0.00903	0.01255	0.00727	0.00460	0.00489	0.00153	0.00614	0.00437	0.00233	0.00681
103	0.01216	0.01168	0.01995	0.03016	0.79664	0.01168	0.01508	0.01508	0.01119	0.01605	0.00924	0.01216	0.00778	0.00438	0.00487	0.00146	0.00584	0.00438	0.00243	0.00778
104	0.00928	0.00873	0.01474	0.81548	0.03385	0.01092	0.01365	0.01256	0.00983	0.01256	0.00873	0.01310	0.00655	0.00491	0.00491	0.00164	0.00655	0.00437	0.00218	0.00546
105	0.01019	0.00964	0.01632	0.54910	0.28044	0.01108	0.01403	0.01334	0.01029	0.01372	0.00916	0.01344	0.00728	0.00487	0.00493	0.00159	0.00629	0.01580	0.00230	0.00620
106	0.01045	0.08489	0.44297	0.01232	0.01764	0.01083	0.08810	0.03138	0.03450	0.04652	0.13694	0.01618	0.03439	0.00579	0.00489	0.00153	0.00602	0.00491	0.00302	0.00670
107	0.00583	0.00491	0.00505	0.00516	0.00668	0.00413	0.00381	0.00703	0.01103	0.01321	0.04762	0.12127	0.72207	0.01273	0.00585	0.00169	0.00252	0.01071	0.00456	0.00413
108	0.00605	0.00474	0.00548	0.00582	0.00692	0.00417	0.00416	0.00732	0.01099	0.01400	0.15570	0.31895	0.41200	0.01312	0.00597	0.00176	0.00259	0.01141	0.00469	0.00417
109	0.01076	0.21672	0.56542	0.01311	0.01950	0.01340	0.06619	0.01537	0.01036	0.01462	0.00842	0.00997	0.00633	0.00452	0.00438	0.00144	0.00685	0.00354	0.00211	0.00699
110	0.00928	0.00873	0.01474	0.81548	0.03385	0.01092	0.01365	0.01256	0.00983	0.01256	0.00873	0.01310	0.00655	0.00491	0.00491	0.00164	0.00655	0.00437	0.00218	0.00546
111	0.02205	0.00836	0.01140	0.00874	0.01254	0.00722	0.00722	0.02395	0.01407	0.80004	0.01939	0.01673	0.01216	0.00608	0.00494	0.00152	0.00418	0.00494	0.00608	0.00836
112	0.01200	0.19830	0.25852	0.04012	0.30506	0.04387	0.03120	0.01543	0.01080	0.02854	0.00870	0.01067	0.00696	0.00449	0.00443	0.00140	0.00630	0.00376	0.00231	0.00714
113	0.01173	0.01288	0.02684	0.02297	0.20970	0.01225	0.59650	0.01558	0.01150	0.01582	0.00978	0.01300	0.00753	0.00420	0.00558	0.00161	0.00770	0.00546	0.00247	0.00690
114	0.00651	0.00468	0.00625	0.00732	0.00788	0.00445	0.00539	0.00774	0.00994	0.01309	0.02749	0.57370	0.06182	0.03040	0.00675	0.00211	0.00332	0.21249	0.00452	0.00412
115	0.21987	0.01952	0.01223	0.01103	0.01373	0.58664	0.00841	0.01855	0.01260	0.04474	0.00787	0.00895	0.00631	0.00498	0.00412	0.00134	0.00747	0.00311	0.00279	0.00571
116	0.00666	0.00489	0.00624	0.00615	0.00722	0.00447	0.00452	0.00861	0.01285	0.01778	0.58076	0.16823	0.13091	0.01121	0.00588	0.00163	0.00243	0.00990	0.00517	0.00447
117	0.01243	0.01023	0.01358	0.04839	0.21370	0.01113	0.00979	0.24744	0.07960	0.01970	0.01508	0.21099	0.01447	0.00804	0.00601	0.00167	0.06026	0.00683	0.00390	0.00677
118	0.00696	0.00502	0.00657	0.00618	0.00734	0.00464	0.00464	0.00927	0.01391	0.01971	0.79405	0.03671	0.04637	0.01005	0.00580	0.00155	0.00232	0.00889	0.00541	0.00464
119	0.00756	0.00586	0.00668	0.00689	0.00822	0.00576	0.00499	0.01117	0.16524	0.03346	0.03309	0.38362	0.28394	0.01244	0.00583	0.00181	0.00297	0.01087	0.00469	0.00490
120	0.01836	0.02342	0.01393	0.01266	0.01519	0.80756	0.00950	0.01962	0.01393	0.01203	0.00760	0.00886	0.00633	0.00506	0.00443	0.00127	0.00886	0.00317	0.00253	0.00570
121	0.01553	0.00982	0.01560	0.16809	0.34462	0.00978	0.01171	0.01811	0.01207	0.32518	0.01316	0.01414	0.00929	0.00515	0.00490	0.00152	0.00532	0.00460	0.00383	0.00758
122	0.06820	0.01346	0.01647	0.04355	0.36987	0.10933	0.01184	0.24140	0.02949	0.02025	0.00978	0.01151	0.00770	0.00506	0.00492	0.00147	0.02088	0.00416	0.00325	0.00743
123	0.03998	0.00839	0.01132	0.00869	0.01248	0.00730	0.00718	0.02375	0.01394	0.78343	0.01912	0.01654	0.01202	0.00605	0.00490	0.00152	0.00417	0.00489	0.00602	0.00830
124	0.00975	0.00921	0.01559	0.68774	0.15793	0.01104	0.01388	0.01297	0.01005	0.01313	0.00882	0.01295	0.00675	0.00483	0.00491	0.00161	0.00643	0.00437	0.00222	0.00584
125	0.00605	0.00432	0.00576	0.00686	0.00718	0.00404	0.00462	0.00697	0.00957	0.01279	0.04979	0.78861	0.03285	0.01521	0.00627	0.00199	0.00286	0.02567	0.00459	0.00402
126	0.01288	0.10504	0.01961	0.15176	0.05286	0.11573	0.26475	0.01573	0.01191	0.09676	0.09369	0.01486	0.01168	0.00524	0.00504	0.00150	0.00655	0.00503	0.00308	0.00629
127	0.01029	0.00927	0.01405	0.01601	0.25175	0.00944	0.09116	0.02998	0.18669	0.01748	0.16108	0.10117	0.06523	0.00752	0.00536	0.00161	0.00451	0.00694	0.00395	0.00650
128	0.01405	0.01473	0.24199	0.01194	0.01649	0.01095	0.08189	0.07273	0.24885	0.19482	0.01526	0.01551	0.01094	0.00581	0.00500	0.00160	0.00545	0.02021	0.00415	0.00763
129	0.00998	0.05639	0.77197	0.01379	0.02094	0.01172	0.01778	0.01553	0.01036	0.01541	0.00874	0.01028	0.00623	0.00465	0.00461	0.00154	0.00719	0.00359	0.00208	0.00723
130	0.01240	0.28753	0.25965	0.04794	0.17101	0.01412	0.01290	0.06743	0.01135	0.04537	0.00892	0.01051	0.00705	0.00515	0.01788	0.00147	0.00614	0.00361	0.00252	0.00704

[dist]
# distance from previous block
# <min> <max>
0	2

# created by:
# /home/cegg/simao/soft/augustus-3.2.1/scripts/msa2prfl.pl ./align_prep/28413.fa
