[name]
unknown

[dist]
# distance from previous block
# <min> <max>
0	75

[block]
# block no. 0 follows, 41 sequences, length 40
# corresponding to MSA columns:
# 75-97,105-121
name=unknown_A
#
# <colnr> <probs for GDERKNQSTAVLIFYWHMCP>
#	G	D	E	R	K	N	Q	S	T	A	V	L	I	F	Y	W	H	M	C	P
0	0.01299	0.00952	0.01254	0.01394	0.11483	0.00994	0.00996	0.01976	0.23632	0.09590	0.07438	0.03863	0.02456	0.01076	0.00667	0.00215	0.00504	0.28937	0.00536	0.00738
1	0.58688	0.01102	0.01059	0.06245	0.06438	0.01199	0.00772	0.01631	0.01043	0.02325	0.00868	0.01046	0.00687	0.00514	0.00395	0.00162	0.00477	0.00342	0.00340	0.14668
2	0.01334	0.00823	0.00994	0.00813	0.01160	0.00670	0.00635	0.01531	0.01318	0.20475	0.02861	0.12817	0.21110	0.00944	0.00568	0.00156	0.00392	0.00795	0.00507	0.30099
3	0.04151	0.06633	0.01214	0.00972	0.01176	0.19148	0.00714	0.08972	0.01309	0.07966	0.01466	0.02351	0.01422	0.34711	0.05152	0.00362	0.00716	0.00605	0.00380	0.00582
4	0.01843	0.32231	0.01941	0.00987	0.01417	0.01491	0.00877	0.12768	0.01562	0.25941	0.02030	0.01939	0.11220	0.00719	0.00506	0.00157	0.00530	0.00546	0.00481	0.00812
5	0.01676	0.01893	0.01762	0.02161	0.30977	0.37116	0.01258	0.01879	0.01388	0.01545	0.01084	0.01551	0.00986	0.11325	0.00861	0.00212	0.00828	0.00487	0.00297	0.00716
6	0.00835	0.00766	0.01025	0.00882	0.01137	0.00696	0.10500	0.01155	0.07639	0.01679	0.06944	0.04643	0.57445	0.01252	0.00668	0.00193	0.00395	0.01082	0.00506	0.00560
7	0.01583	0.01563	0.02024	0.22866	0.11551	0.14121	0.13694	0.16244	0.06960	0.02055	0.01191	0.01447	0.00906	0.00590	0.00580	0.00178	0.00783	0.00525	0.00357	0.00782
8	0.02311	0.03018	0.01531	0.01181	0.01608	0.10041	0.00964	0.28084	0.04967	0.37654	0.01759	0.01625	0.01180	0.00685	0.00563	0.00171	0.00601	0.00528	0.00598	0.00930
9	0.00733	0.00582	0.00659	0.00640	0.00808	0.00507	0.00480	0.00932	0.01439	0.01867	0.35957	0.04976	0.45734	0.01329	0.00675	0.00187	0.00281	0.01133	0.00573	0.00507
10	0.01252	0.01990	0.36901	0.01797	0.12173	0.01255	0.09845	0.06309	0.01238	0.01777	0.01051	0.01377	0.00828	0.00809	0.00917	0.14280	0.04698	0.00486	0.00276	0.00741
11	0.01437	0.01323	0.02044	0.25265	0.43121	0.03188	0.01600	0.11547	0.01451	0.01973	0.01094	0.01433	0.00869	0.00554	0.00568	0.00176	0.00705	0.00507	0.00314	0.00830
12	0.00696	0.00500	0.00661	0.00790	0.00828	0.00465	0.00528	0.00797	0.01101	0.01463	0.03228	0.77398	0.05861	0.01782	0.00729	0.00231	0.00331	0.01614	0.00531	0.00465
13	0.02151	0.02300	0.01657	0.01414	0.01770	0.48861	0.01098	0.29627	0.02026	0.02236	0.01070	0.01161	0.00826	0.00626	0.00537	0.00157	0.00879	0.00424	0.00400	0.00780
14	0.01314	0.13290	0.60775	0.01492	0.02257	0.01416	0.01856	0.01877	0.01236	0.07813	0.01095	0.01228	0.00782	0.00549	0.00522	0.00173	0.00785	0.00419	0.00280	0.00841
15	0.02970	0.00941	0.07101	0.00926	0.01184	0.00782	0.00760	0.01683	0.06650	0.24242	0.02565	0.21322	0.08917	0.14148	0.01035	0.00258	0.02407	0.00917	0.00524	0.00670
16	0.01147	0.02959	0.76934	0.01630	0.02476	0.01328	0.02113	0.01811	0.01208	0.01811	0.01026	0.01208	0.00725	0.00543	0.00543	0.00181	0.00845	0.00423	0.00242	0.00845
17	0.00713	0.00513	0.00698	0.00813	0.00856	0.00499	0.00556	0.00827	0.01071	0.01442	0.02933	0.69033	0.03464	0.02131	0.11170	0.00326	0.00495	0.01489	0.00500	0.00471
18	0.01452	0.01590	0.04498	0.15989	0.38405	0.13256	0.13018	0.01801	0.01329	0.01717	0.01047	0.01388	0.00843	0.00530	0.00576	0.00174	0.00799	0.00511	0.00280	0.00798
19	0.01617	0.01836	0.01794	0.04593	0.17881	0.33269	0.04729	0.01870	0.03727	0.01557	0.01151	0.07584	0.01062	0.00740	0.00786	0.00182	0.14056	0.00552	0.00311	0.00705
20	0.26038	0.01090	0.00839	0.00796	0.01033	0.13800	0.00609	0.01402	0.01236	0.01919	0.04368	0.08284	0.23556	0.00939	0.00518	0.00175	0.00461	0.00730	0.11646	0.00561
21	0.33575	0.00816	0.00788	0.00756	0.00992	0.00872	0.00587	0.01325	0.03693	0.04359	0.02674	0.12510	0.21966	0.01470	0.10997	0.00290	0.00536	0.00787	0.00438	0.00569
22	0.01655	0.01825	0.04462	0.01279	0.01613	0.31100	0.04474	0.12961	0.14512	0.01968	0.02099	0.04773	0.13209	0.00810	0.00578	0.00173	0.00715	0.00635	0.00431	0.00728
23	0.37587	0.06529	0.03945	0.01110	0.01497	0.11224	0.04853	0.08770	0.15428	0.02336	0.01180	0.01255	0.00906	0.00595	0.00463	0.00173	0.00590	0.00424	0.00396	0.00735
24	0.01326	0.19965	0.44134	0.01512	0.02196	0.07087	0.08758	0.01808	0.01241	0.01682	0.00977	0.01162	0.00747	0.00523	0.00509	0.00162	0.00798	0.00413	0.00255	0.04743
25	0.14804	0.01324	0.01391	0.01110	0.01526	0.06456	0.00905	0.24770	0.06734	0.32696	0.01671	0.01564	0.01132	0.00671	0.00537	0.00174	0.00559	0.00507	0.00575	0.00893
26	0.02174	0.01602	0.01717	0.01316	0.01774	0.01774	0.01087	0.74423	0.02689	0.03605	0.01373	0.01373	0.00973	0.00687	0.00572	0.00172	0.00629	0.00515	0.00572	0.00973
27	0.00994	0.00497	0.00745	0.00745	0.00745	0.00497	0.00497	0.00745	0.00745	0.00994	0.00994	0.01739	0.00994	0.01987	0.02235	0.83358	0.00497	0.00497	0.00248	0.00248
28	0.01251	0.01251	0.01752	0.01502	0.01502	0.01752	0.01251	0.01377	0.00876	0.01377	0.00751	0.01251	0.00751	0.01001	0.01877	0.00250	0.78851	0.00501	0.00250	0.00626
29	0.01590	0.32525	0.02045	0.01138	0.01442	0.14397	0.00969	0.11470	0.01337	0.01606	0.00916	0.01182	0.00813	0.00855	0.00939	0.14257	0.11158	0.00403	0.00299	0.00658
30	0.01330	0.01423	0.02766	0.08744	0.02711	0.01452	0.50278	0.01957	0.13147	0.01853	0.01300	0.01613	0.00990	0.00579	0.00748	0.00198	0.07171	0.00642	0.00330	0.00769
31	0.00834	0.00638	0.00952	0.00942	0.01041	0.00756	0.00736	0.01036	0.00918	0.01330	0.01501	0.02207	0.01403	0.04159	0.74613	0.00893	0.04613	0.00608	0.00304	0.00515
32	0.01297	0.01237	0.02106	0.30150	0.50622	0.01328	0.01696	0.01651	0.01246	0.01724	0.01055	0.01454	0.00855	0.00532	0.00568	0.00177	0.00709	0.00509	0.00273	0.00810
33	0.01649	0.49126	0.11942	0.01197	0.01678	0.22915	0.01157	0.01883	0.01294	0.01419	0.00849	0.00986	0.00734	0.00524	0.00430	0.00137	0.00757	0.00338	0.00258	0.00729
34	0.02174	0.01602	0.01717	0.01316	0.01774	0.01774	0.01087	0.74423	0.02689	0.03605	0.01373	0.01373	0.00973	0.00687	0.00572	0.00172	0.00629	0.00515	0.00572	0.00973
35	0.01905	0.01177	0.01297	0.01032	0.01389	0.01247	0.00840	0.40685	0.02069	0.15147	0.01666	0.01696	0.01194	0.00684	0.00521	0.00161	0.00497	0.00530	0.25423	0.00841
36	0.00817	0.00613	0.00919	0.00919	0.01021	0.00715	0.00715	0.01021	0.00919	0.01328	0.01532	0.02247	0.01430	0.04290	0.77631	0.00919	0.01532	0.00613	0.00306	0.00511
37	0.00676	0.00579	0.00579	0.00579	0.00773	0.00483	0.00435	0.00821	0.01304	0.01545	0.05794	0.05505	0.76098	0.01449	0.00676	0.00193	0.00290	0.01207	0.00531	0.00483
38	0.00821	0.00599	0.00847	0.00847	0.00924	0.00676	0.00625	0.00975	0.00898	0.01274	0.01598	0.02613	0.01589	0.22804	0.59335	0.00830	0.01293	0.00666	0.00316	0.00471
39	0.00676	0.00579	0.00579	0.00579	0.00773	0.00483	0.00435	0.00821	0.01304	0.01545	0.05794	0.05505	0.76098	0.01449	0.00676	0.00193	0.00290	0.01207	0.00531	0.00483

[dist]
# distance from previous block
# <min> <max>
0	1

[block]
# block no. 1 follows, 41 sequences, length 34
# corresponding to MSA columns:
# 123-156
name=unknown_B
#
# <colnr> <probs for GDERKNQSTAVLIFYWHMCP>
#	G	D	E	R	K	N	Q	S	T	A	V	L	I	F	Y	W	H	M	C	P
0	0.77919	0.01143	0.00905	0.00794	0.01155	0.01319	0.00654	0.07036	0.01100	0.02643	0.00839	0.00962	0.00645	0.00542	0.00370	0.00177	0.00456	0.00325	0.00370	0.00645
1	0.48879	0.01800	0.01175	0.01061	0.01390	0.33993	0.00828	0.01940	0.01251	0.02066	0.00834	0.00973	0.00670	0.00556	0.00423	0.00164	0.00695	0.00335	0.00329	0.00638
2	0.00697	0.00498	0.00664	0.00796	0.00830	0.00465	0.00531	0.00796	0.01095	0.01460	0.03153	0.79525	0.03783	0.01792	0.00730	0.00232	0.00332	0.01626	0.00531	0.00465
3	0.01555	0.69767	0.02821	0.01047	0.01492	0.07633	0.01005	0.01733	0.01177	0.01352	0.00799	0.00947	0.00735	0.00528	0.00472	0.00132	0.05513	0.00322	0.00249	0.00722
4	0.01450	0.01441	0.01474	0.07057	0.11889	0.19151	0.01052	0.08157	0.06508	0.01928	0.14062	0.01898	0.01716	0.00967	0.06150	0.00218	0.04578	0.00566	0.00395	0.09346
5	0.07020	0.01023	0.01653	0.72948	0.03736	0.01272	0.01519	0.01477	0.01132	0.01541	0.01001	0.01482	0.00752	0.00569	0.00556	0.00190	0.00740	0.00494	0.00261	0.00634
6	0.00747	0.00534	0.00721	0.00854	0.00909	0.00508	0.00618	0.00883	0.01145	0.01516	0.03125	0.63232	0.03674	0.01745	0.00743	0.00239	0.00375	0.17424	0.00530	0.00478
7	0.01423	0.01229	0.01293	0.01164	0.01487	0.01423	0.00905	0.03039	0.75297	0.02393	0.02328	0.02134	0.01746	0.00776	0.00582	0.00194	0.00453	0.00647	0.00582	0.00905
8	0.01147	0.02959	0.76934	0.01630	0.02476	0.01328	0.02113	0.01811	0.01208	0.01811	0.01026	0.01208	0.00725	0.00543	0.00543	0.00181	0.00845	0.00423	0.00242	0.00845
9	0.83938	0.01106	0.00841	0.00752	0.01106	0.01283	0.00619	0.01681	0.00973	0.02566	0.00796	0.00929	0.00619	0.00531	0.00354	0.00177	0.00442	0.00310	0.00354	0.00619
10	0.01529	0.80242	0.02997	0.00979	0.01468	0.02263	0.00979	0.01713	0.01162	0.01346	0.00795	0.00918	0.00734	0.00489	0.00367	0.00122	0.00612	0.00306	0.00245	0.00734
11	0.00693	0.00580	0.00603	0.00597	0.00783	0.00490	0.00448	0.00854	0.01344	0.01642	0.14836	0.05346	0.66996	0.01413	0.00676	0.00191	0.00287	0.01185	0.00544	0.00490
12	0.00944	0.00623	0.00756	0.00700	0.00888	0.00550	0.00533	0.01164	0.01506	0.09796	0.42745	0.04478	0.30729	0.01223	0.00665	0.00184	0.00300	0.01049	0.00602	0.00564
13	0.00682	0.00576	0.00591	0.00595	0.00779	0.00484	0.00443	0.00830	0.01306	0.01571	0.08446	0.08993	0.69846	0.01454	0.00679	0.00194	0.00291	0.01220	0.00535	0.00484
14	0.00810	0.00585	0.00765	0.00720	0.00855	0.00540	0.00540	0.01079	0.01619	0.02294	0.76028	0.04273	0.05397	0.01169	0.00675	0.00180	0.00270	0.01034	0.00630	0.00540
15	0.00832	0.00555	0.00624	0.00624	0.00624	0.00555	0.00347	0.00832	0.00832	0.01109	0.01802	0.03743	0.02080	0.79898	0.02911	0.00555	0.00555	0.00832	0.00347	0.00347
16	0.02174	0.01602	0.01717	0.01316	0.01774	0.01774	0.01087	0.74423	0.02689	0.03605	0.01373	0.01373	0.00973	0.00687	0.00572	0.00172	0.00629	0.00515	0.00572	0.00973
17	0.01350	0.01543	0.03375	0.02411	0.02989	0.01446	0.74253	0.01832	0.01350	0.01832	0.01157	0.01543	0.00868	0.00482	0.00675	0.00193	0.00964	0.00675	0.00289	0.00771
18	0.00886	0.00544	0.00714	0.00714	0.00731	0.00561	0.00459	0.00833	0.00816	0.01105	0.01476	0.02800	0.01595	0.40371	0.14910	0.29466	0.00694	0.00679	0.00306	0.00339
19	0.83938	0.01106	0.00841	0.00752	0.01106	0.01283	0.00619	0.01681	0.00973	0.02566	0.00796	0.00929	0.00619	0.00531	0.00354	0.00177	0.00442	0.00310	0.00354	0.00619
20	0.01183	0.10215	0.69992	0.01569	0.02381	0.01416	0.02007	0.01802	0.01203	0.01768	0.01005	0.01180	0.00725	0.00538	0.00527	0.00176	0.00823	0.00412	0.00242	0.00835
21	0.01186	0.01017	0.01186	0.00847	0.01356	0.00762	0.00678	0.01440	0.01186	0.01864	0.01017	0.01186	0.00847	0.00424	0.00424	0.00085	0.00424	0.00339	0.00339	0.83395
22	0.00691	0.00580	0.00600	0.00595	0.00782	0.00489	0.00446	0.00850	0.01339	0.01630	0.13736	0.05365	0.68104	0.01417	0.00676	0.00192	0.00287	0.01188	0.00542	0.00489
23	0.01529	0.80242	0.02997	0.00979	0.01468	0.02263	0.00979	0.01713	0.01162	0.01346	0.00795	0.00918	0.00734	0.00489	0.00367	0.00122	0.00612	0.00306	0.00245	0.00734
24	0.00763	0.00583	0.00700	0.00671	0.00826	0.00520	0.00503	0.00990	0.01510	0.02034	0.51649	0.04700	0.29939	0.01266	0.00675	0.00184	0.00277	0.01094	0.00595	0.00520
25	0.01768	0.02119	0.01566	0.01402	0.01603	0.49819	0.01084	0.01922	0.01427	0.01487	0.08699	0.01427	0.01227	0.00757	0.00887	0.00178	0.21198	0.00472	0.00318	0.00640
26	0.00697	0.00498	0.00664	0.00796	0.00830	0.00465	0.00531	0.00796	0.01095	0.01460	0.03153	0.79525	0.03783	0.01792	0.00730	0.00232	0.00332	0.01626	0.00531	0.00465
27	0.00931	0.00757	0.01093	0.01328	0.17675	0.00717	0.00800	0.01204	0.01516	0.02122	0.52115	0.03762	0.11645	0.01051	0.00651	0.00179	0.00363	0.00935	0.00542	0.00616
28	0.01086	0.01024	0.01717	0.76055	0.03861	0.01286	0.01578	0.01459	0.01135	0.01459	0.01008	0.01516	0.00762	0.00586	0.00614	0.00193	0.03265	0.00508	0.00254	0.00635
29	0.01540	0.75409	0.04994	0.01014	0.01506	0.04858	0.01014	0.01735	0.01179	0.01360	0.00805	0.00930	0.00734	0.00494	0.00377	0.00125	0.00633	0.00311	0.00246	0.00735
30	0.04309	0.01539	0.05466	0.08127	0.46207	0.09836	0.06907	0.01777	0.01306	0.01806	0.01040	0.01347	0.00852	0.00517	0.00550	0.00165	0.00726	0.00483	0.00287	0.06751
31	0.01270	0.05907	0.34255	0.05453	0.35722	0.01359	0.01822	0.01736	0.01249	0.01792	0.01188	0.01436	0.03193	0.00555	0.00550	0.00174	0.00738	0.00484	0.00270	0.00847
32	0.01459	0.01247	0.01314	0.01171	0.01501	0.01439	0.00914	0.06451	0.71827	0.02451	0.02282	0.02098	0.01709	0.00772	0.00582	0.00193	0.00461	0.00640	0.00582	0.00909
33	0.83938	0.01106	0.00841	0.00752	0.01106	0.01283	0.00619	0.01681	0.00973	0.02566	0.00796	0.00929	0.00619	0.00531	0.00354	0.00177	0.00442	0.00310	0.00354	0.00619

[dist]
# distance from previous block
# <min> <max>
0	7

[block]
# block no. 2 follows, 41 sequences, length 45
# corresponding to MSA columns:
# 164-208
name=unknown_C
#
# <colnr> <probs for GDERKNQSTAVLIFYWHMCP>
#	G	D	E	R	K	N	Q	S	T	A	V	L	I	F	Y	W	H	M	C	P
0	0.01452	0.01239	0.05895	0.02482	0.46462	0.01117	0.01394	0.01767	0.01380	0.13477	0.08851	0.02142	0.08433	0.00693	0.00587	0.00175	0.00583	0.00630	0.00403	0.00839
1	0.01939	0.01463	0.01590	0.01205	0.01674	0.01533	0.00990	0.57067	0.02332	0.03191	0.01288	0.01329	0.00943	0.00624	0.00537	0.00151	0.00580	0.00473	0.00517	0.20573
2	0.01241	0.01157	0.01940	0.12138	0.53486	0.01182	0.01508	0.01541	0.01245	0.01743	0.01455	0.15944	0.01423	0.00756	0.00597	0.00184	0.00625	0.00717	0.00326	0.00791
3	0.83938	0.01106	0.00841	0.00752	0.01106	0.01283	0.00619	0.01681	0.00973	0.02566	0.00796	0.00929	0.00619	0.00531	0.00354	0.00177	0.00442	0.00310	0.00354	0.00619
4	0.00822	0.00592	0.00812	0.00812	0.00877	0.00657	0.00581	0.00953	0.00888	0.01249	0.01630	0.02789	0.01665	0.31702	0.50541	0.00787	0.01178	0.00692	0.00321	0.00451
5	0.09099	0.00604	0.00592	0.00572	0.00738	0.00617	0.00437	0.01420	0.01194	0.04914	0.01777	0.02010	0.01383	0.00655	0.00402	0.00139	0.00292	0.00513	0.72085	0.00558
6	0.00832	0.00555	0.00624	0.00624	0.00624	0.00555	0.00347	0.00832	0.00832	0.01109	0.01802	0.03743	0.02080	0.79898	0.02911	0.00555	0.00555	0.00832	0.00347	0.00347
7	0.00697	0.00498	0.00664	0.00796	0.00830	0.00465	0.00531	0.00796	0.01095	0.01460	0.03153	0.79525	0.03783	0.01792	0.00730	0.00232	0.00332	0.01626	0.00531	0.00465
8	0.27484	0.01191	0.01287	0.01020	0.01440	0.01240	0.00842	0.22622	0.01729	0.33323	0.01559	0.01472	0.01046	0.00648	0.00506	0.00175	0.00513	0.00477	0.00561	0.00864
9	0.00817	0.00613	0.00919	0.00919	0.01021	0.00715	0.00715	0.01021	0.00919	0.01328	0.01532	0.02247	0.01430	0.04290	0.77631	0.00919	0.01532	0.00613	0.00306	0.00511
10	0.01403	0.02184	0.45060	0.10124	0.14459	0.01252	0.01802	0.01915	0.01282	0.13343	0.01223	0.01390	0.00865	0.00566	0.00555	0.00180	0.00754	0.00470	0.00322	0.00852
11	0.01529	0.80242	0.02997	0.00979	0.01468	0.02263	0.00979	0.01713	0.01162	0.01346	0.00795	0.00918	0.00734	0.00489	0.00367	0.00122	0.00612	0.00306	0.00245	0.00734
12	0.01350	0.01543	0.03375	0.02411	0.02989	0.01446	0.74253	0.01832	0.01350	0.01832	0.01157	0.01543	0.00868	0.00482	0.00675	0.00193	0.00964	0.00675	0.00289	0.00771
13	0.01106	0.01067	0.01875	0.71211	0.03848	0.01288	0.08569	0.01497	0.01164	0.01497	0.01030	0.01527	0.00773	0.00563	0.00582	0.00191	0.00782	0.00524	0.00258	0.00648
14	0.02174	0.01602	0.01717	0.01316	0.01774	0.01774	0.01087	0.74423	0.02689	0.03605	0.01373	0.01373	0.00973	0.00687	0.00572	0.00172	0.00629	0.00515	0.00572	0.00973
15	0.01423	0.01229	0.01293	0.01164	0.01487	0.01423	0.00905	0.03039	0.75297	0.02393	0.02328	0.02134	0.01746	0.00776	0.00582	0.00194	0.00453	0.00647	0.00582	0.00905
16	0.00708	0.00581	0.00623	0.00613	0.00792	0.00496	0.00459	0.00882	0.01378	0.01722	0.22360	0.05214	0.59422	0.01383	0.00676	0.00190	0.00285	0.01166	0.00554	0.00496
17	0.00697	0.00498	0.00664	0.00796	0.00830	0.00465	0.00531	0.00796	0.01095	0.01460	0.03153	0.79525	0.03783	0.01792	0.00730	0.00232	0.00332	0.01626	0.00531	0.00465
18	0.02566	0.00973	0.01327	0.01018	0.01460	0.00841	0.00841	0.02788	0.01637	0.76726	0.02257	0.01947	0.01416	0.00708	0.00575	0.00177	0.00487	0.00575	0.00708	0.00973
19	0.00810	0.00585	0.00765	0.00720	0.00855	0.00540	0.00540	0.01079	0.01619	0.02294	0.76028	0.04273	0.05397	0.01169	0.00675	0.00180	0.00270	0.01034	0.00630	0.00540
20	0.01529	0.80242	0.02997	0.00979	0.01468	0.02263	0.00979	0.01713	0.01162	0.01346	0.00795	0.00918	0.00734	0.00489	0.00367	0.00122	0.00612	0.00306	0.00245	0.00734
21	0.02137	0.02726	0.01621	0.01474	0.01768	0.77602	0.01105	0.02284	0.01621	0.01400	0.00884	0.01031	0.00737	0.00589	0.00516	0.00147	0.01031	0.00368	0.00295	0.00663
22	0.01457	0.00705	0.00880	0.00772	0.00933	0.00656	0.00531	0.01540	0.01132	0.28535	0.02008	0.05409	0.01891	0.48799	0.01998	0.00408	0.00523	0.00763	0.00483	0.00577
23	0.02137	0.02726	0.01621	0.01474	0.01768	0.77602	0.01105	0.02284	0.01621	0.01400	0.00884	0.01031	0.00737	0.00589	0.00516	0.00147	0.01031	0.00368	0.00295	0.00663
24	0.76021	0.08709	0.01048	0.00774	0.01141	0.01377	0.00654	0.01684	0.00992	0.02449	0.00796	0.00928	0.00630	0.00527	0.00355	0.00172	0.00459	0.00309	0.00343	0.00630
25	0.01074	0.00774	0.01000	0.00986	0.01144	0.00836	0.00798	0.12442	0.01336	0.01818	0.02089	0.03798	0.02107	0.10978	0.27443	0.00503	0.00885	0.26675	0.02743	0.00571
26	0.01365	0.01274	0.01988	0.02697	0.50571	0.01302	0.04117	0.03970	0.14875	0.01981	0.01770	0.01943	0.08284	0.00653	0.00584	0.00177	0.00610	0.00608	0.00370	0.00862
27	0.00697	0.00498	0.00664	0.00796	0.00830	0.00465	0.00531	0.00796	0.01095	0.01460	0.03153	0.79525	0.03783	0.01792	0.00730	0.00232	0.00332	0.01626	0.00531	0.00465
28	0.00697	0.00498	0.00664	0.00796	0.00830	0.00465	0.00531	0.00796	0.01095	0.01460	0.03153	0.79525	0.03783	0.01792	0.00730	0.00232	0.00332	0.01626	0.00531	0.00465
29	0.28395	0.23581	0.11749	0.01277	0.03782	0.11813	0.08692	0.01806	0.01192	0.01877	0.00883	0.01054	0.00715	0.00523	0.00443	0.00160	0.00682	0.00375	0.00292	0.00710
30	0.05496	0.01346	0.01745	0.49872	0.13950	0.12847	0.01477	0.03672	0.01273	0.01627	0.01004	0.01400	0.00778	0.00567	0.00552	0.00180	0.00771	0.00478	0.00278	0.00688
31	0.01236	0.01101	0.01471	0.17625	0.09160	0.01095	0.02709	0.01857	0.18941	0.01917	0.03376	0.01599	0.01174	0.00569	0.00519	0.00146	0.00535	0.00491	0.00381	0.34099
32	0.00692	0.00515	0.00646	0.00751	0.00818	0.00468	0.00511	0.00802	0.01139	0.01478	0.03711	0.63866	0.19081	0.01719	0.00719	0.00224	0.00323	0.01537	0.00531	0.00468
33	0.00997	0.00865	0.01369	0.38162	0.09579	0.00968	0.01158	0.01327	0.01362	0.01855	0.32988	0.02685	0.02751	0.00821	0.00615	0.00184	0.00545	0.00733	0.00417	0.00621
34	0.00810	0.00585	0.00765	0.00720	0.00855	0.00540	0.00540	0.01079	0.01619	0.02294	0.76028	0.04273	0.05397	0.01169	0.00675	0.00180	0.00270	0.01034	0.00630	0.00540
35	0.01529	0.80242	0.02997	0.00979	0.01468	0.02263	0.00979	0.01713	0.01162	0.01346	0.00795	0.00918	0.00734	0.00489	0.00367	0.00122	0.00612	0.00306	0.00245	0.00734
36	0.01251	0.01251	0.01752	0.01502	0.01502	0.01752	0.01251	0.01377	0.00876	0.01377	0.00751	0.01251	0.00751	0.01001	0.01877	0.00250	0.78851	0.00501	0.00250	0.00626
37	0.00825	0.00569	0.00630	0.00614	0.00772	0.00515	0.00461	0.01045	0.01383	0.01955	0.28484	0.04190	0.32316	0.01146	0.00602	0.00173	0.00277	0.00969	0.22560	0.00515
38	0.01093	0.00880	0.01259	0.01606	0.21097	0.00884	0.00959	0.10408	0.01370	0.01861	0.02364	0.42984	0.02621	0.01293	0.00671	0.00210	0.00478	0.06839	0.00470	0.00652
39	0.01970	0.24058	0.02000	0.01337	0.01686	0.56870	0.01070	0.02127	0.01495	0.01385	0.00860	0.01000	0.00736	0.00562	0.00475	0.00140	0.00916	0.00351	0.00281	0.00683
40	0.00818	0.00609	0.00899	0.00899	0.00995	0.00704	0.00690	0.01009	0.00913	0.01313	0.01550	0.02348	0.01474	0.09401	0.72581	0.00895	0.01466	0.00628	0.00309	0.00500
41	0.01261	0.01162	0.01895	0.50554	0.25226	0.01334	0.01601	0.06978	0.01306	0.01742	0.01061	0.01481	0.00821	0.00562	0.00570	0.00183	0.00728	0.00509	0.00286	0.00741
42	0.01199	0.00748	0.00948	0.00840	0.01102	0.00629	0.00630	0.01384	0.01278	0.15755	0.09426	0.33324	0.04287	0.01124	0.00605	0.00173	0.00381	0.00989	0.00518	0.24659
43	0.01208	0.01050	0.01295	0.01103	0.08558	0.00820	0.00781	0.01471	0.01197	0.01864	0.01022	0.01208	0.00853	0.00432	0.00437	0.00093	0.00448	0.00355	0.00334	0.75470
44	0.01328	0.01386	0.06894	0.07896	0.15220	0.04525	0.18105	0.08690	0.06497	0.02082	0.17020	0.02067	0.01874	0.00703	0.00653	0.00183	0.03062	0.00656	0.00400	0.00760

[dist]
# distance from previous block
# <min> <max>
0	19

[block]
# block no. 3 follows, 41 sequences, length 34
# corresponding to MSA columns:
# 228-261
name=unknown_D
#
# <colnr> <probs for GDERKNQSTAVLIFYWHMCP>
#	G	D	E	R	K	N	Q	S	T	A	V	L	I	F	Y	W	H	M	C	P
0	0.08910	0.13095	0.06209	0.01787	0.21190	0.18566	0.01214	0.06909	0.06113	0.05133	0.01154	0.01303	0.00914	0.00573	0.00500	0.00159	0.00691	0.00439	0.04353	0.00787
1	0.01390	0.02292	0.47289	0.01667	0.08979	0.01302	0.03155	0.07875	0.05770	0.07868	0.01235	0.01358	0.00887	0.00570	0.00548	0.00174	0.00737	0.00463	0.00336	0.06106
2	0.00817	0.00613	0.00919	0.00919	0.01021	0.00715	0.00715	0.01021	0.00919	0.01328	0.01532	0.02247	0.01430	0.04290	0.77631	0.00919	0.01532	0.00613	0.00306	0.00511
3	0.01319	0.01595	0.15583	0.02608	0.42227	0.01311	0.08789	0.01867	0.09497	0.01943	0.06523	0.01673	0.01281	0.00589	0.00582	0.00178	0.00683	0.00563	0.00334	0.00856
4	0.01604	0.01004	0.01229	0.00899	0.01387	0.00786	0.00727	0.01848	0.01323	0.24540	0.01392	0.01417	0.01019	0.00510	0.00470	0.00113	0.00443	0.00410	0.00451	0.58429
5	0.01554	0.01294	0.01367	0.01191	0.01538	0.01484	0.00937	0.15542	0.62580	0.02605	0.02161	0.02001	0.01611	0.00760	0.00580	0.00190	0.00484	0.00624	0.00580	0.00917
6	0.83938	0.01106	0.00841	0.00752	0.01106	0.01283	0.00619	0.01681	0.00973	0.02566	0.00796	0.00929	0.00619	0.00531	0.00354	0.00177	0.00442	0.00310	0.00354	0.00619
7	0.02566	0.00973	0.01327	0.01018	0.01460	0.00841	0.00841	0.02788	0.01637	0.76726	0.02257	0.01947	0.01416	0.00708	0.00575	0.00177	0.00487	0.00575	0.00708	0.00973
8	0.01147	0.02959	0.76934	0.01630	0.02476	0.01328	0.02113	0.01811	0.01208	0.01811	0.01026	0.01208	0.00725	0.00543	0.00543	0.00181	0.00845	0.00423	0.00242	0.00845
9	0.83938	0.01106	0.00841	0.00752	0.01106	0.01283	0.00619	0.01681	0.00973	0.02566	0.00796	0.00929	0.00619	0.00531	0.00354	0.00177	0.00442	0.00310	0.00354	0.00619
10	0.19487	0.01309	0.02274	0.05171	0.08853	0.01302	0.35120	0.04081	0.01324	0.11391	0.01267	0.03672	0.00968	0.00571	0.00577	0.00186	0.00729	0.00583	0.00369	0.00767
11	0.83938	0.01106	0.00841	0.00752	0.01106	0.01283	0.00619	0.01681	0.00973	0.02566	0.00796	0.00929	0.00619	0.00531	0.00354	0.00177	0.00442	0.00310	0.00354	0.00619
12	0.00690	0.00571	0.00607	0.00632	0.00799	0.00488	0.00470	0.00834	0.01274	0.01540	0.05292	0.16156	0.62473	0.01504	0.00689	0.00202	0.00306	0.04459	0.00531	0.00482
13	0.63963	0.20288	0.01363	0.00807	0.01194	0.01521	0.00707	0.01689	0.01019	0.02270	0.00796	0.00926	0.00647	0.00521	0.00357	0.00164	0.00483	0.00309	0.00327	0.00647
14	0.01039	0.00909	0.01285	0.01646	0.25634	0.03348	0.00946	0.01315	0.01483	0.02049	0.41830	0.03354	0.10948	0.00962	0.00634	0.00177	0.00431	0.00858	0.00495	0.00658
15	0.00862	0.00666	0.00925	0.00915	0.01011	0.02279	0.00702	0.01049	0.00932	0.01332	0.01526	0.02306	0.01448	0.09738	0.66687	0.00841	0.03480	0.00620	0.02175	0.00505
16	0.19117	0.01454	0.01183	0.07873	0.01528	0.26730	0.00884	0.01604	0.01204	0.01643	0.01271	0.09113	0.01196	0.01665	0.20744	0.00368	0.00944	0.00556	0.00330	0.00592
17	0.00794	0.00584	0.00743	0.00703	0.00845	0.00533	0.00527	0.01049	0.01582	0.02206	0.67805	0.04417	0.13675	0.01202	0.00675	0.00181	0.00272	0.01055	0.00618	0.00533
18	0.01195	0.01011	0.01086	0.00992	0.01261	0.01116	0.00765	0.02338	0.50457	0.02239	0.15840	0.03052	0.14334	0.00953	0.00613	0.00191	0.00394	0.00805	0.00582	0.00773
19	0.01325	0.02194	0.41048	0.02095	0.21198	0.01357	0.06964	0.09815	0.01402	0.02011	0.01178	0.04675	0.00940	0.00600	0.00570	0.00180	0.00765	0.00525	0.00305	0.00853
20	0.01809	0.22117	0.05133	0.08846	0.01919	0.01812	0.01139	0.40837	0.06551	0.02655	0.01232	0.01309	0.00927	0.00623	0.00518	0.00162	0.00636	0.00464	0.00442	0.00868
21	0.01147	0.02576	0.60929	0.01659	0.02411	0.01280	0.11568	0.01754	0.01260	0.01854	0.07182	0.01503	0.01126	0.00587	0.00572	0.00183	0.00814	0.00506	0.00280	0.00811
22	0.01298	0.00969	0.01455	0.16278	0.14699	0.00966	0.05672	0.04788	0.01391	0.13581	0.02922	0.03070	0.26337	0.00911	0.00620	0.00187	0.00545	0.03157	0.00450	0.00704
23	0.01352	0.01430	0.06365	0.04230	0.22178	0.15182	0.04733	0.02853	0.01383	0.04378	0.07249	0.13380	0.04650	0.00901	0.00617	0.00187	0.00656	0.07176	0.00394	0.00706
24	0.00810	0.00636	0.00932	0.04918	0.10862	0.00621	0.00742	0.00954	0.01125	0.01514	0.02777	0.65522	0.03260	0.01565	0.00701	0.00222	0.00398	0.01426	0.00485	0.00531
25	0.01461	0.01243	0.03814	0.16801	0.06828	0.01341	0.07312	0.15969	0.11917	0.06491	0.01437	0.01854	0.01169	0.10997	0.01015	0.00238	0.08365	0.00586	0.00406	0.00755
26	0.01540	0.06734	0.23109	0.05475	0.34422	0.01311	0.01636	0.01941	0.01320	0.15227	0.01253	0.01425	0.00930	0.00556	0.00549	0.00172	0.00691	0.00484	0.00344	0.00879
27	0.02034	0.01040	0.01350	0.01226	0.07538	0.01004	0.00902	0.05249	0.16759	0.44816	0.06995	0.02212	0.04689	0.00764	0.00586	0.00181	0.00479	0.00637	0.00630	0.00906
28	0.01039	0.01075	0.10971	0.08663	0.01505	0.00920	0.04048	0.08085	0.01179	0.01616	0.03934	0.12443	0.01829	0.27855	0.09766	0.00396	0.02959	0.00785	0.00368	0.00565
29	0.01357	0.11956	0.20653	0.12492	0.08092	0.01380	0.09038	0.08215	0.01351	0.06262	0.01358	0.10495	0.01183	0.00713	0.00605	0.00182	0.02946	0.00613	0.00344	0.00766
30	0.01456	0.01551	0.02491	0.04718	0.35155	0.09988	0.24764	0.01849	0.03780	0.01778	0.01099	0.01429	0.00889	0.00553	0.00683	0.00181	0.05981	0.00550	0.00293	0.00810
31	0.01362	0.00973	0.01488	0.12029	0.12816	0.00957	0.08196	0.01722	0.06527	0.17466	0.05268	0.07584	0.19356	0.00903	0.00621	0.00188	0.00533	0.00804	0.00477	0.00728
32	0.01368	0.04086	0.17350	0.11346	0.13266	0.05943	0.07448	0.01730	0.01276	0.08466	0.01310	0.07759	0.01103	0.00635	0.00552	0.00165	0.00679	0.00559	0.00339	0.14620
33	0.01690	0.01958	0.05041	0.16899	0.16329	0.32842	0.07646	0.07595	0.01511	0.01726	0.01013	0.01277	0.00803	0.00567	0.00555	0.00167	0.00868	0.00462	0.00304	0.00744

[dist]
# distance from previous block
# <min> <max>
1	18

[block]
# block no. 4 follows, 41 sequences, length 32
# corresponding to MSA columns:
# 288-319
name=unknown_E
#
# <colnr> <probs for GDERKNQSTAVLIFYWHMCP>
#	G	D	E	R	K	N	Q	S	T	A	V	L	I	F	Y	W	H	M	C	P
0	0.05569	0.01754	0.10522	0.08725	0.25195	0.15416	0.08213	0.06743	0.03791	0.01902	0.03329	0.01419	0.00986	0.00589	0.00604	0.00175	0.03459	0.00499	0.00320	0.00788
1	0.27165	0.10058	0.04758	0.05793	0.25624	0.01389	0.05927	0.01675	0.01171	0.02007	0.03388	0.01293	0.00921	0.00544	0.00508	0.00168	0.02237	0.00441	0.00312	0.04622
2	0.14814	0.01203	0.07216	0.03599	0.01471	0.05275	0.05635	0.13395	0.01390	0.02044	0.01918	0.33564	0.02024	0.01092	0.00636	0.00201	0.02505	0.00935	0.00441	0.00645
3	0.00916	0.00740	0.01072	0.01394	0.16076	0.00714	0.00897	0.01128	0.01249	0.01644	0.03130	0.26127	0.15005	0.01404	0.00709	0.00224	0.00463	0.26050	0.00480	0.00578
4	0.01388	0.67056	0.02597	0.00913	0.01353	0.01969	0.00889	0.01565	0.01186	0.01379	0.01623	0.01677	0.13209	0.00648	0.00418	0.00134	0.00558	0.00455	0.00292	0.00692
5	0.01075	0.02024	0.46412	0.01308	0.01874	0.01052	0.01521	0.01568	0.01258	0.04477	0.16185	0.02020	0.01802	0.01295	0.13331	0.00303	0.00831	0.00582	0.00347	0.00733
6	0.01609	0.63180	0.06817	0.01096	0.01573	0.14683	0.01062	0.01813	0.01241	0.01380	0.00823	0.00952	0.00734	0.00509	0.00401	0.00130	0.00694	0.00323	0.00253	0.00728
7	0.01164	0.02676	0.64490	0.01609	0.02314	0.01398	0.01971	0.01739	0.01153	0.01739	0.00981	0.01215	0.00729	0.00619	0.00764	0.00193	0.13757	0.00436	0.00243	0.00809
8	0.00986	0.00874	0.01501	0.12585	0.10148	0.00882	0.13101	0.01249	0.01212	0.01618	0.02258	0.32032	0.02446	0.01214	0.00692	0.00219	0.00576	0.15383	0.00423	0.00602
9	0.01189	0.00680	0.00906	0.00840	0.00915	0.00708	0.00594	0.12941	0.01067	0.01426	0.01056	0.01678	0.00990	0.01772	0.01960	0.69589	0.00519	0.00500	0.00302	0.00368
10	0.02234	0.01053	0.01473	0.01425	0.13827	0.00972	0.00984	0.07646	0.01641	0.53883	0.04593	0.01906	0.01442	0.00688	0.00571	0.00174	0.00514	0.00575	0.03467	0.00932
11	0.01002	0.14290	0.16572	0.01147	0.01472	0.01034	0.06509	0.01278	0.01176	0.01571	0.02171	0.35716	0.02384	0.01201	0.00636	0.00205	0.00553	0.10058	0.00407	0.00616
12	0.01662	0.02788	0.35979	0.01611	0.04498	0.40367	0.01586	0.02052	0.01422	0.01603	0.00955	0.01124	0.00737	0.00566	0.00530	0.00163	0.00935	0.00398	0.00270	0.00754
13	0.00829	0.00564	0.00673	0.00673	0.00690	0.00581	0.00408	0.00863	0.00846	0.01145	0.01758	0.03495	0.01972	0.67383	0.15280	0.00615	0.00716	0.00796	0.00340	0.00374
14	0.01073	0.02551	0.64310	0.01492	0.02203	0.01185	0.01851	0.01643	0.01189	0.01753	0.01378	0.14171	0.01231	0.00750	0.00574	0.00190	0.00760	0.00622	0.00289	0.00782
15	0.01386	0.01561	0.16760	0.05815	0.30171	0.01264	0.06231	0.01987	0.13540	0.07807	0.01509	0.06817	0.01234	0.00664	0.00583	0.00183	0.00658	0.00606	0.00374	0.00848
16	0.01731	0.01279	0.01391	0.01195	0.01523	0.04876	0.00985	0.40078	0.04467	0.06809	0.01997	0.08368	0.01828	0.01003	0.00639	0.00200	0.00586	0.19692	0.00552	0.00801
17	0.00689	0.00530	0.00630	0.00710	0.00807	0.00472	0.00493	0.00806	0.01178	0.01494	0.04202	0.50130	0.32501	0.01656	0.00709	0.00217	0.00315	0.01460	0.00531	0.00472
18	0.01358	0.01292	0.01871	0.12835	0.43340	0.07094	0.01435	0.06499	0.01365	0.01827	0.01417	0.14327	0.01354	0.00748	0.00591	0.00181	0.00657	0.00684	0.00341	0.00782
19	0.07581	0.04321	0.08804	0.02206	0.29186	0.14147	0.06915	0.16211	0.01596	0.02159	0.01075	0.01283	0.00846	0.00560	0.00544	0.00168	0.00745	0.00471	0.00343	0.00837
20	0.06004	0.15125	0.08672	0.05021	0.10903	0.22693	0.01144	0.01766	0.01362	0.04076	0.08577	0.06923	0.01525	0.00730	0.00534	0.00167	0.00698	0.03029	0.00351	0.00698
21	0.03145	0.10299	0.01931	0.09392	0.14604	0.19744	0.07302	0.09250	0.05518	0.01825	0.01436	0.01628	0.06197	0.00760	0.03058	0.00192	0.02105	0.00524	0.00344	0.00744
22	0.07684	0.12492	0.11492	0.08044	0.06751	0.15444	0.01155	0.04366	0.05459	0.06827	0.03365	0.04181	0.06460	0.00726	0.00536	0.00172	0.00666	0.03081	0.00374	0.00726
23	0.01730	0.11017	0.09422	0.01644	0.12878	0.09476	0.04402	0.27583	0.01787	0.04144	0.01173	0.01325	0.00905	0.00757	0.04146	0.00195	0.00739	0.00467	0.00393	0.05815
24	0.07900	0.03537	0.10328	0.01209	0.06819	0.03794	0.00995	0.09942	0.05251	0.17028	0.02371	0.02324	0.17158	0.00796	0.00583	0.00173	0.02080	0.00632	0.00472	0.06610
25	0.01209	0.11034	0.37321	0.05872	0.17879	0.01358	0.05083	0.01667	0.01220	0.01710	0.01380	0.01642	0.06140	0.03358	0.00628	0.00187	0.00736	0.00514	0.00278	0.00788
26	0.08854	0.11456	0.14151	0.17012	0.10608	0.07055	0.01324	0.05167	0.01323	0.08363	0.03814	0.01528	0.03215	0.00625	0.00566	0.00173	0.03187	0.00486	0.00342	0.00751
27	0.03975	0.07599	0.28254	0.04997	0.02014	0.04127	0.02821	0.18483	0.01546	0.06277	0.01289	0.01429	0.03493	0.00658	0.00673	0.00179	0.08575	0.00481	0.00364	0.02766
28	0.06177	0.10627	0.03767	0.15653	0.08150	0.08713	0.01136	0.11797	0.01502	0.11928	0.06236	0.01545	0.01193	0.00634	0.00569	0.00166	0.03180	0.00492	0.00399	0.06136
29	0.05855	0.11225	0.16790	0.05957	0.14761	0.02786	0.03822	0.08850	0.01330	0.03745	0.01380	0.01638	0.04642	0.01214	0.13291	0.00294	0.00824	0.00513	0.00328	0.00755
30	0.03982	0.17546	0.13505	0.05032	0.10726	0.01484	0.05309	0.06947	0.01221	0.01719	0.01080	0.01423	0.00918	0.01341	0.16153	0.00324	0.09792	0.00477	0.00293	0.00726
31	0.01324	0.08304	0.01692	0.26700	0.11776	0.03605	0.01216	0.10905	0.03985	0.03369	0.05438	0.09632	0.03298	0.00778	0.00635	0.00183	0.04287	0.00650	0.00376	0.01846

[dist]
# distance from previous block
# <min> <max>
19	374

# created by:
# /home/cegg/simao/soft/augustus-3.2.1/scripts/msa2prfl.pl ./align_prep/28533.fa
