[name]
unknown

[dist]
# distance from previous block
# <min> <max>
4	160

[block]
# block no. 0 follows, 42 sequences, length 10
# corresponding to MSA columns:
# 191-200
name=unknown_A
#
# <colnr> <probs for GDERKNQSTAVLIFYWHMCP>
#	G	D	E	R	K	N	Q	S	T	A	V	L	I	F	Y	W	H	M	C	P
0	0.01242	0.01043	0.03930	0.03693	0.01376	0.01163	0.00949	0.11556	0.01318	0.07082	0.08300	0.13472	0.08223	0.01298	0.06766	0.00261	0.26490	0.00772	0.00422	0.00644
1	0.01555	0.13548	0.03274	0.03828	0.03989	0.05382	0.02910	0.06308	0.06163	0.16063	0.01406	0.01654	0.01125	0.07658	0.06441	0.00234	0.00640	0.00488	0.00405	0.16929
2	0.01674	0.00991	0.01146	0.03417	0.04812	0.05604	0.00780	0.13345	0.01524	0.22248	0.06414	0.01896	0.01447	0.00860	0.00744	0.11263	0.00488	0.00548	0.20099	0.00701
3	0.01041	0.00726	0.00951	0.01042	0.07456	0.00702	0.00720	0.05671	0.01352	0.07046	0.14901	0.14832	0.13860	0.11759	0.00965	0.00250	0.00435	0.15212	0.00507	0.00571
4	0.13003	0.01152	0.01807	0.09010	0.24199	0.01179	0.12702	0.01829	0.06755	0.11753	0.01427	0.06210	0.01184	0.04559	0.00671	0.00199	0.00620	0.00598	0.00381	0.00763
5	0.01547	0.03412	0.10539	0.04122	0.09562	0.09639	0.11947	0.11837	0.19116	0.05776	0.01463	0.01651	0.01131	0.04918	0.00690	0.00196	0.00691	0.00549	0.00406	0.00809
6	0.05420	0.00733	0.01017	0.06542	0.08777	0.00806	0.00776	0.01195	0.04416	0.01501	0.01657	0.10698	0.01639	0.15338	0.32338	0.00536	0.00914	0.00711	0.04440	0.00543
7	0.10834	0.02896	0.01231	0.01105	0.05659	0.00918	0.06209	0.03582	0.01305	0.14807	0.08458	0.14276	0.18877	0.01023	0.00685	0.00190	0.05954	0.00857	0.00483	0.00651
8	0.01454	0.06049	0.11242	0.11084	0.06895	0.03729	0.11913	0.08965	0.03464	0.12611	0.01797	0.08481	0.06789	0.00742	0.00578	0.00179	0.00644	0.00657	0.01971	0.00755
9	0.07482	0.06280	0.01750	0.07978	0.01888	0.19221	0.10520	0.14012	0.06734	0.08130	0.05347	0.04021	0.01241	0.00670	0.00573	0.00171	0.02288	0.00543	0.00409	0.00743

[dist]
# distance from previous block
# <min> <max>
5	10

[block]
# block no. 1 follows, 42 sequences, length 10
# corresponding to MSA columns:
# 211-220
name=unknown_B
#
# <colnr> <probs for GDERKNQSTAVLIFYWHMCP>
#	G	D	E	R	K	N	Q	S	T	A	V	L	I	F	Y	W	H	M	C	P
0	0.08081	0.04410	0.13228	0.07634	0.01715	0.01101	0.01032	0.11123	0.02870	0.17031	0.03206	0.01848	0.08697	0.00670	0.00521	0.00159	0.00541	0.00531	0.00440	0.15160
1	0.01543	0.08346	0.09386	0.05576	0.14398	0.15259	0.01222	0.02083	0.15947	0.07477	0.01327	0.01451	0.01029	0.00622	0.00610	0.00168	0.05991	0.00476	0.03216	0.03874
2	0.01385	0.21403	0.37210	0.01702	0.12958	0.01591	0.03645	0.10437	0.01368	0.01889	0.01006	0.01177	0.00774	0.00532	0.00503	0.00162	0.00730	0.00418	0.00284	0.00827
3	0.05673	0.01130	0.01298	0.01094	0.04456	0.01111	0.00838	0.27616	0.01757	0.13476	0.01952	0.08439	0.08878	0.00775	0.00544	0.00158	0.00488	0.00629	0.00502	0.19189
4	0.01329	0.00831	0.01190	0.00977	0.01231	0.00798	0.09417	0.01531	0.01290	0.20996	0.05564	0.03138	0.23972	0.09000	0.00935	0.00220	0.07124	0.00795	0.09021	0.00638
5	0.01526	0.15297	0.04881	0.15403	0.10595	0.17595	0.07487	0.06658	0.07237	0.01700	0.01063	0.01294	0.00853	0.00586	0.00603	0.00167	0.05551	0.00459	0.00308	0.00739
6	0.20970	0.10800	0.10792	0.05351	0.12905	0.02883	0.04904	0.01917	0.01263	0.18686	0.03641	0.01409	0.01026	0.00576	0.00492	0.00168	0.00596	0.00458	0.00389	0.00776
7	0.00951	0.00658	0.00749	0.00726	0.00786	0.00672	0.00461	0.09613	0.01084	0.01447	0.01969	0.17519	0.02227	0.56227	0.02193	0.00442	0.00514	0.00926	0.00401	0.00436
8	0.01351	0.00953	0.01120	0.01172	0.10074	0.08543	0.00787	0.01582	0.01501	0.17896	0.34382	0.09530	0.06819	0.00984	0.00619	0.00177	0.00441	0.00852	0.00549	0.00668
9	0.04755	0.28183	0.05094	0.01421	0.06667	0.01625	0.12448	0.06885	0.06469	0.01842	0.09998	0.01583	0.01382	0.00649	0.00643	0.00166	0.08593	0.00518	0.00346	0.00734

[dist]
# distance from previous block
# <min> <max>
3	4

[block]
# block no. 2 follows, 42 sequences, length 6
# corresponding to MSA columns:
# 225-230
name=unknown_C
#
# <colnr> <probs for GDERKNQSTAVLIFYWHMCP>
#	G	D	E	R	K	N	Q	S	T	A	V	L	I	F	Y	W	H	M	C	P
0	0.05056	0.10686	0.23028	0.12494	0.12036	0.06054	0.07501	0.06445	0.05068	0.04816	0.01115	0.01316	0.00843	0.00552	0.00528	0.00170	0.00730	0.00461	0.00312	0.00788
1	0.17316	0.00851	0.00796	0.00757	0.00954	0.04995	0.00588	0.05232	0.01240	0.01977	0.02518	0.10781	0.17766	0.00959	0.00572	0.00175	0.03848	0.03525	0.24594	0.00557
2	0.53990	0.09105	0.01216	0.00914	0.01273	0.15337	0.00750	0.01861	0.01149	0.08730	0.00925	0.01019	0.00710	0.00544	0.00398	0.00164	0.00561	0.00338	0.00358	0.00659
3	0.00853	0.00677	0.00734	0.00689	0.00882	0.00637	0.00522	0.08624	0.01391	0.01752	0.10835	0.04502	0.51200	0.06679	0.07257	0.00269	0.00438	0.01028	0.00505	0.00524
4	0.01361	0.01176	0.02017	0.17229	0.41654	0.01199	0.08027	0.01698	0.01317	0.08394	0.09073	0.01766	0.01369	0.00596	0.00580	0.00175	0.00650	0.00576	0.00346	0.00797
5	0.01303	0.00790	0.00987	0.00914	0.01127	0.00784	0.00736	0.09209	0.05151	0.14667	0.21158	0.03857	0.02938	0.08168	0.00846	0.00230	0.00443	0.20967	0.05079	0.00644

[dist]
# distance from previous block
# <min> <max>
0	2

[block]
# block no. 3 follows, 42 sequences, length 15
# corresponding to MSA columns:
# 233-247
name=unknown_D
#
# <colnr> <probs for GDERKNQSTAVLIFYWHMCP>
#	G	D	E	R	K	N	Q	S	T	A	V	L	I	F	Y	W	H	M	C	P
0	0.00994	0.00607	0.00763	0.00741	0.00904	0.00541	0.00548	0.01174	0.01369	0.13189	0.26549	0.26341	0.21470	0.01328	0.00665	0.00195	0.00320	0.01161	0.00579	0.00561
1	0.02070	0.00857	0.01160	0.00924	0.01280	0.00749	0.00749	0.02301	0.01606	0.57420	0.21731	0.02517	0.02423	0.00816	0.00592	0.00175	0.00423	0.00685	0.00676	0.00846
2	0.01211	0.00803	0.00926	0.00846	0.01013	0.00826	0.00613	0.15006	0.06512	0.07293	0.09860	0.19755	0.02443	0.23279	0.01242	0.00288	0.00451	0.00903	0.06136	0.00596
3	0.01324	0.62906	0.02443	0.00923	0.01306	0.01837	0.00866	0.01486	0.01129	0.01349	0.01294	0.18311	0.01384	0.00764	0.00440	0.00144	0.00541	0.00587	0.00303	0.00664
4	0.01193	0.00643	0.00797	0.00730	0.00837	0.00624	0.00486	0.01262	0.01002	0.17874	0.01844	0.03138	0.01835	0.54662	0.10291	0.00502	0.00632	0.00740	0.00415	0.00494
5	0.01730	0.63009	0.02587	0.00971	0.01443	0.01918	0.00933	0.01918	0.01247	0.18032	0.01099	0.01126	0.00870	0.00529	0.00406	0.00132	0.00575	0.00359	0.00341	0.00774
6	0.01445	0.00888	0.01329	0.09433	0.06856	0.00871	0.06108	0.06806	0.01381	0.22829	0.02223	0.31079	0.02145	0.01075	0.00635	0.00199	0.00508	0.02973	0.00511	0.00704
7	0.01648	0.01154	0.01280	0.01114	0.01457	0.01273	0.00877	0.02936	0.59360	0.18835	0.02275	0.02059	0.01646	0.00749	0.00571	0.00187	0.00453	0.00621	0.00600	0.00906
8	0.00936	0.00622	0.00804	0.00832	0.00989	0.00578	0.00671	0.01150	0.01360	0.07838	0.19714	0.13472	0.19475	0.01391	0.00704	0.00216	0.00388	0.27764	0.00556	0.00540
9	0.01096	0.00656	0.00765	0.00718	0.00946	0.00565	0.00561	0.01261	0.01342	0.18192	0.04532	0.09996	0.48920	0.01299	0.00656	0.00195	0.00349	0.06808	0.00561	0.00584
10	0.23193	0.01286	0.05639	0.01027	0.01329	0.06638	0.02760	0.11109	0.15002	0.03863	0.01413	0.01869	0.01217	0.18179	0.01045	0.00259	0.02554	0.00536	0.00409	0.00675
11	0.01294	0.00957	0.04564	0.04638	0.10869	0.02499	0.00922	0.02793	0.01366	0.17241	0.08931	0.10076	0.18532	0.01058	0.00669	0.00194	0.02833	0.09393	0.00498	0.00675
12	0.01516	0.01171	0.01632	0.01372	0.01468	0.01526	0.01142	0.01660	0.01027	0.18056	0.01065	0.01382	0.00883	0.00921	0.01564	0.00230	0.61837	0.00509	0.00346	0.00691
13	0.02054	0.01534	0.01641	0.01278	0.01713	0.01705	0.01049	0.66523	0.11097	0.03409	0.01460	0.01438	0.01045	0.00686	0.00564	0.00171	0.00599	0.00522	0.00564	0.00949
14	0.84197	0.01088	0.00827	0.00740	0.01088	0.01262	0.00609	0.01654	0.00958	0.02525	0.00784	0.00914	0.00609	0.00522	0.00348	0.00174	0.00435	0.00305	0.00348	0.00609

[dist]
# distance from previous block
# <min> <max>
3	11

[block]
# block no. 4 follows, 42 sequences, length 6
# corresponding to MSA columns:
# 259-264
name=unknown_E
#
# <colnr> <probs for GDERKNQSTAVLIFYWHMCP>
#	G	D	E	R	K	N	Q	S	T	A	V	L	I	F	Y	W	H	M	C	P
0	0.01233	0.11066	0.01624	0.08828	0.17179	0.05853	0.01042	0.01483	0.01213	0.01653	0.01363	0.09380	0.01319	0.00702	0.00521	0.00149	0.00561	0.07133	0.00335	0.27361
1	0.01279	0.04515	0.11615	0.05793	0.04609	0.06586	0.01020	0.08900	0.08782	0.04999	0.11201	0.17183	0.02062	0.00889	0.00578	0.00175	0.00542	0.00755	0.00441	0.08074
2	0.01480	0.13033	0.04648	0.08200	0.01699	0.15461	0.00986	0.11607	0.11400	0.01964	0.08852	0.01772	0.04745	0.00673	0.00519	0.00153	0.00611	0.00522	0.00400	0.11276
3	0.01559	0.54240	0.02495	0.01087	0.01508	0.10065	0.05363	0.01748	0.01232	0.06958	0.01131	0.08234	0.01054	0.00624	0.00443	0.00141	0.00633	0.00468	0.00308	0.00710
4	0.01352	0.06302	0.01386	0.09088	0.07617	0.15468	0.00937	0.13525	0.01565	0.01935	0.13283	0.11023	0.12412	0.00918	0.00586	0.00174	0.00577	0.00760	0.00435	0.00659
5	0.13822	0.22860	0.06995	0.05577	0.06182	0.01459	0.01037	0.07022	0.01278	0.09872	0.01130	0.01386	0.00916	0.00594	0.00533	0.00156	0.04787	0.03160	0.00353	0.10881

[dist]
# distance from previous block
# <min> <max>
1	3

[block]
# block no. 5 follows, 42 sequences, length 31
# corresponding to MSA columns:
# 268-298
name=unknown_F
#
# <colnr> <probs for GDERKNQSTAVLIFYWHMCP>
#	G	D	E	R	K	N	Q	S	T	A	V	L	I	F	Y	W	H	M	C	P
0	0.25159	0.00802	0.00872	0.00944	0.05425	0.00851	0.00636	0.06614	0.01137	0.01889	0.02000	0.36340	0.02222	0.11601	0.00873	0.00246	0.00429	0.00973	0.00436	0.00549
1	0.08240	0.06144	0.13175	0.01485	0.08532	0.01346	0.09066	0.06503	0.26969	0.02094	0.01669	0.09466	0.01401	0.00732	0.00558	0.00184	0.00586	0.00635	0.00420	0.00794
2	0.05172	0.01398	0.01602	0.01333	0.06080	0.01486	0.01034	0.50794	0.02259	0.20811	0.01519	0.01471	0.01044	0.00665	0.00556	0.00170	0.00582	0.00513	0.00570	0.00941
3	0.00763	0.00548	0.00727	0.00770	0.00862	0.00513	0.00563	0.00960	0.01358	0.01873	0.40019	0.34728	0.04476	0.01435	0.00696	0.00206	0.00314	0.08119	0.00571	0.00500
4	0.01759	0.01318	0.01423	0.01186	0.01561	0.01473	0.00949	0.28474	0.43424	0.09173	0.01951	0.01818	0.01420	0.00727	0.00569	0.00182	0.00510	0.00584	0.00580	0.00920
5	0.01502	0.08141	0.09238	0.04170	0.08471	0.13562	0.07879	0.07314	0.02609	0.04719	0.01075	0.01245	0.00844	0.00514	0.00498	0.00138	0.00670	0.00422	0.00332	0.26656
6	0.01471	0.49429	0.08070	0.01145	0.01526	0.01941	0.01106	0.01675	0.01104	0.06180	0.00880	0.01072	0.00768	0.00628	0.00767	0.00160	0.20713	0.00375	0.00271	0.00718
7	0.00818	0.00546	0.00614	0.00614	0.00614	0.00546	0.00341	0.00818	0.00818	0.01091	0.01773	0.03683	0.02046	0.80222	0.02864	0.00546	0.00546	0.00818	0.00341	0.00341
8	0.01440	0.09637	0.02105	0.02409	0.39971	0.13584	0.05525	0.01706	0.01290	0.01651	0.01333	0.01714	0.05397	0.00642	0.00642	0.00171	0.06309	0.03406	0.00299	0.00769
9	0.01385	0.00763	0.00939	0.00823	0.01079	0.00704	0.00648	0.07189	0.01466	0.24646	0.10538	0.08118	0.27244	0.01320	0.05059	0.03146	0.00454	0.03254	0.00566	0.00658
10	0.00755	0.00527	0.00667	0.00741	0.00778	0.00506	0.00492	0.00845	0.01047	0.01402	0.08111	0.43461	0.03249	0.27654	0.01429	0.00332	0.00409	0.06699	0.00469	0.00429
11	0.27734	0.01178	0.01269	0.01006	0.01418	0.01229	0.00830	0.23388	0.01710	0.32572	0.01522	0.01441	0.01023	0.00636	0.00498	0.00173	0.00506	0.00468	0.00550	0.00850
12	0.01550	0.04406	0.14292	0.04875	0.28940	0.01301	0.05779	0.11996	0.01503	0.11892	0.04047	0.01707	0.01174	0.00620	0.00567	0.00174	0.00660	0.03281	0.00386	0.00849
13	0.01542	0.01536	0.22768	0.22759	0.02466	0.01104	0.06862	0.01943	0.01328	0.25352	0.03628	0.01729	0.03186	0.00631	0.00569	0.00181	0.00676	0.00543	0.00407	0.00791
14	0.01117	0.00606	0.00804	0.00820	0.00959	0.00547	0.00588	0.01250	0.01228	0.19119	0.05159	0.55278	0.07338	0.01477	0.00678	0.00212	0.00358	0.01319	0.00566	0.00577
15	0.01472	0.01580	0.10017	0.01929	0.22865	0.13399	0.05380	0.03809	0.08581	0.06684	0.01293	0.01539	0.01033	0.01102	0.11388	0.00275	0.04521	0.00511	0.01852	0.00772
16	0.01689	0.02825	0.11647	0.15117	0.12607	0.09698	0.01333	0.19677	0.04953	0.11512	0.01325	0.02849	0.00989	0.00626	0.00553	0.00173	0.00689	0.00507	0.00408	0.00825
17	0.01538	0.01623	0.06021	0.27445	0.02403	0.21288	0.01251	0.17235	0.01619	0.01966	0.06770	0.01795	0.01264	0.00689	0.00566	0.00175	0.00747	0.04534	0.00369	0.00702
18	0.30006	0.10943	0.01556	0.01169	0.01512	0.31630	0.04545	0.01928	0.03822	0.01831	0.00891	0.01042	0.00729	0.00560	0.00491	0.00158	0.03520	0.00364	0.00313	0.02990
19	0.00690	0.00575	0.00604	0.00608	0.00790	0.00490	0.00463	0.00849	0.01310	0.01591	0.11486	0.05367	0.66365	0.01409	0.00671	0.00193	0.00297	0.05229	0.00530	0.00482
20	0.01395	0.01245	0.01827	0.06266	0.28161	0.01197	0.06743	0.11677	0.04403	0.02067	0.01131	0.01354	0.00903	0.00508	0.00519	0.00143	0.00593	0.00463	0.00347	0.29058
21	0.00679	0.00542	0.00608	0.00652	0.00784	0.00472	0.00466	0.00812	0.01226	0.01527	0.08297	0.31418	0.47480	0.01530	0.00684	0.00203	0.00299	0.01324	0.00527	0.00472
22	0.01574	0.01029	0.01221	0.01042	0.01321	0.01114	0.00822	0.11643	0.24885	0.18895	0.10638	0.02283	0.01908	0.06993	0.07179	0.00271	0.05205	0.00651	0.00546	0.00783
23	0.00785	0.00572	0.00722	0.00686	0.00814	0.00526	0.00505	0.01016	0.01497	0.02085	0.62948	0.04287	0.12431	0.07668	0.00844	0.00209	0.00291	0.01019	0.00587	0.00510
24	0.01300	0.00687	0.00913	0.00793	0.01014	0.00617	0.00617	0.01551	0.01598	0.24040	0.54820	0.03538	0.04170	0.01018	0.00635	0.00176	0.00328	0.00886	0.00642	0.00655
25	0.01400	0.01209	0.01273	0.01145	0.01463	0.01400	0.00891	0.02990	0.75695	0.02354	0.02291	0.02100	0.01718	0.00764	0.00573	0.00191	0.00445	0.00636	0.00573	0.00891
26	0.00817	0.00553	0.00650	0.00650	0.00662	0.00565	0.00386	0.00842	0.00829	0.01118	0.01740	0.03500	0.01967	0.70798	0.12181	0.00590	0.00665	0.00792	0.00336	0.00361
27	0.12969	0.01512	0.01575	0.01222	0.01659	0.01681	0.01009	0.65177	0.02423	0.03412	0.01276	0.01293	0.00911	0.00655	0.00535	0.00170	0.00595	0.00480	0.00535	0.00911
28	0.01505	0.80561	0.02949	0.00963	0.01444	0.02227	0.00963	0.01685	0.01143	0.01324	0.00782	0.00903	0.00722	0.00481	0.00361	0.00120	0.00602	0.00301	0.00241	0.00722
29	0.01457	0.16798	0.15154	0.04025	0.09376	0.02498	0.01136	0.01743	0.01227	0.13105	0.01148	0.01296	0.00885	0.00596	0.00571	0.04858	0.00587	0.00409	0.00339	0.22791
30	0.11036	0.01614	0.23427	0.05372	0.10070	0.03174	0.01288	0.07726	0.03996	0.02039	0.12669	0.07557	0.01704	0.00763	0.00627	0.00183	0.05042	0.00615	0.00376	0.00724

[dist]
# distance from previous block
# <min> <max>
2	8

[block]
# block no. 6 follows, 42 sequences, length 97
# corresponding to MSA columns:
# 311-407
name=unknown_G
#
# <colnr> <probs for GDERKNQSTAVLIFYWHMCP>
#	G	D	E	R	K	N	Q	S	T	A	V	L	I	F	Y	W	H	M	C	P
0	0.01574	0.01370	0.01698	0.25421	0.10517	0.10357	0.01288	0.14563	0.01466	0.08717	0.01120	0.01388	0.00858	0.00656	0.00767	0.00182	0.13905	0.00485	0.00355	0.03312
1	0.06147	0.12832	0.06677	0.01006	0.01453	0.04334	0.00882	0.13210	0.02457	0.05661	0.01275	0.08337	0.01113	0.00629	0.00477	0.00136	0.00525	0.00492	0.00387	0.31970
2	0.26276	0.09688	0.01426	0.09750	0.06039	0.11529	0.00929	0.06854	0.08031	0.02105	0.10956	0.01589	0.01411	0.00644	0.00484	0.00167	0.00570	0.00483	0.00385	0.00685
3	0.00902	0.00728	0.01091	0.30055	0.01991	0.00835	0.00933	0.01171	0.03362	0.01463	0.01848	0.24769	0.01894	0.06990	0.13775	0.00341	0.00698	0.00867	0.05748	0.00538
4	0.00667	0.00563	0.00577	0.00588	0.00765	0.00474	0.00436	0.00806	0.01265	0.01513	0.05479	0.11773	0.70269	0.01454	0.00670	0.00193	0.00289	0.01223	0.00523	0.00474
5	0.09812	0.01182	0.01394	0.01079	0.01511	0.01182	0.00891	0.27442	0.01907	0.45025	0.01791	0.01630	0.01172	0.00673	0.00545	0.00172	0.00523	0.00522	0.00619	0.00926
6	0.72970	0.01070	0.00893	0.00776	0.01136	0.01203	0.00639	0.01804	0.01047	0.12777	0.00981	0.01052	0.00717	0.00546	0.00378	0.00174	0.00441	0.00341	0.00396	0.00657
7	0.09034	0.07962	0.33599	0.06659	0.05041	0.01304	0.01428	0.06568	0.06923	0.07011	0.08022	0.01572	0.01268	0.00623	0.00525	0.00174	0.00647	0.00493	0.00362	0.00785
8	0.01385	0.19965	0.22469	0.11436	0.08302	0.01424	0.03405	0.04980	0.01274	0.07131	0.01064	0.01245	0.00815	0.00523	0.00490	0.00151	0.00664	0.00417	0.00306	0.12552
9	0.00758	0.00541	0.00736	0.00866	0.00930	0.00519	0.00648	0.00908	0.01149	0.01517	0.03062	0.55898	0.03565	0.01695	0.00738	0.00239	0.00389	0.24846	0.00521	0.00477
10	0.00766	0.00574	0.00711	0.00676	0.00822	0.00518	0.00507	0.01004	0.01522	0.02088	0.60255	0.04481	0.21575	0.01213	0.00664	0.00180	0.00270	0.01057	0.00597	0.00518
11	0.01353	0.01697	0.17354	0.10324	0.10279	0.05251	0.19519	0.08444	0.09270	0.01921	0.01287	0.04932	0.01035	0.00633	0.00643	0.00185	0.04177	0.00580	0.00336	0.00780
12	0.01544	0.00931	0.01342	0.11819	0.06620	0.01015	0.00980	0.01740	0.01206	0.27302	0.01687	0.07110	0.01433	0.10541	0.05412	0.00280	0.15193	0.02703	0.00443	0.00700
13	0.01658	0.00957	0.01103	0.00924	0.01226	0.00982	0.00736	0.15330	0.14905	0.21855	0.12111	0.02203	0.01918	0.00757	0.00538	0.00166	0.00416	0.00619	0.20814	0.00782
14	0.00702	0.00515	0.00664	0.00776	0.00840	0.00477	0.00543	0.00821	0.01126	0.01471	0.03460	0.62711	0.14016	0.01696	0.00716	0.00226	0.00338	0.07915	0.00522	0.00465
15	0.01378	0.01569	0.15352	0.09793	0.49436	0.01299	0.05080	0.01771	0.01272	0.06054	0.01114	0.01402	0.00874	0.00523	0.00559	0.00172	0.00707	0.00497	0.00293	0.00854
16	0.05365	0.03812	0.15378	0.01768	0.18873	0.04618	0.04674	0.01672	0.03222	0.06724	0.07991	0.01688	0.01327	0.01069	0.09451	0.00263	0.10491	0.00537	0.00339	0.00739
17	0.02147	0.01659	0.01669	0.01301	0.01736	0.08643	0.01064	0.66184	0.02521	0.05448	0.01332	0.01337	0.00948	0.00667	0.00558	0.00167	0.00651	0.00495	0.00542	0.00929
18	0.18249	0.11391	0.01811	0.01845	0.25378	0.18719	0.01162	0.04045	0.01327	0.07859	0.01021	0.01188	0.00815	0.00553	0.00510	0.00160	0.02464	0.00411	0.00331	0.00761
19	0.01806	0.00915	0.00972	0.00822	0.01104	0.07696	0.00651	0.02038	0.01411	0.35648	0.01920	0.01918	0.01355	0.00667	0.00481	0.00152	0.00428	0.00528	0.38758	0.00730
20	0.01613	0.23404	0.15307	0.04835	0.07599	0.09675	0.01241	0.14379	0.01498	0.06432	0.01067	0.01191	0.00826	0.00547	0.00483	0.00148	0.00677	0.00406	0.00340	0.08333
21	0.01355	0.00766	0.00908	0.00811	0.00980	0.00765	0.00568	0.01693	0.14184	0.20838	0.02017	0.05124	0.01869	0.43606	0.01810	0.00379	0.00505	0.00744	0.00478	0.00599
22	0.11485	0.11750	0.08716	0.06065	0.31208	0.08713	0.01384	0.01757	0.03500	0.01758	0.00973	0.01230	0.00808	0.00567	0.00618	0.00170	0.07810	0.00434	0.00284	0.00769
23	0.00888	0.00608	0.00708	0.00663	0.00854	0.00529	0.00504	0.01084	0.01431	0.08826	0.32333	0.04628	0.42373	0.01253	0.00655	0.00184	0.00296	0.01065	0.00576	0.00541
24	0.01336	0.16934	0.38465	0.06633	0.13098	0.01456	0.05850	0.01798	0.01225	0.06620	0.01060	0.01251	0.00796	0.00529	0.00517	0.00167	0.00743	0.00436	0.00278	0.00811
25	0.15343	0.01358	0.01792	0.07337	0.25689	0.06553	0.06577	0.13275	0.01504	0.13455	0.01222	0.01377	0.00907	0.00569	0.00530	0.00171	0.00644	0.00482	0.00396	0.00821
26	0.00824	0.00618	0.00780	0.00737	0.00885	0.00594	0.00557	0.01160	0.06327	0.02131	0.60056	0.04041	0.11276	0.01360	0.05947	0.00229	0.00364	0.00980	0.00586	0.00547
27	0.00818	0.00580	0.00790	0.00785	0.00861	0.00634	0.00568	0.00968	0.00953	0.01362	0.08404	0.02821	0.01951	0.26169	0.45677	0.00701	0.01061	0.00701	0.03738	0.00458
28	0.16682	0.06229	0.01211	0.00871	0.01260	0.00949	0.00722	0.02145	0.01358	0.40691	0.01686	0.01614	0.01155	0.00616	0.00474	0.00155	0.00444	0.00471	0.11583	0.09684
29	0.00829	0.00602	0.00827	0.03995	0.00990	0.00661	0.00620	0.00967	0.00917	0.01265	0.01721	0.03112	0.01787	0.32469	0.39500	0.00681	0.01024	0.07250	0.00334	0.00448
30	0.00828	0.00637	0.00965	0.07977	0.01252	0.00747	0.00768	0.01038	0.00921	0.01311	0.01471	0.02200	0.01370	0.06636	0.68241	0.00826	0.01404	0.00601	0.00298	0.00508
31	0.01167	0.01000	0.01167	0.00834	0.01334	0.00750	0.00667	0.01417	0.01167	0.01834	0.01000	0.01167	0.00834	0.00417	0.00417	0.00083	0.00417	0.00333	0.00333	0.83663
32	0.01237	0.08206	0.01531	0.14360	0.11760	0.01088	0.01018	0.05606	0.01241	0.05079	0.04249	0.01609	0.01149	0.01289	0.16262	0.00295	0.00753	0.00484	0.00338	0.22446
33	0.00767	0.00550	0.00720	0.00759	0.00817	0.00568	0.00525	0.00878	0.00962	0.01311	0.02348	0.25941	0.07410	0.24507	0.27556	0.00543	0.00785	0.00999	0.01612	0.00442
34	0.00895	0.00626	0.00927	0.00905	0.00966	0.00731	0.00687	0.00955	0.00849	0.01212	0.01278	0.01971	0.01217	0.03244	0.48226	0.25782	0.08258	0.00558	0.00279	0.00435
35	0.01589	0.09435	0.04910	0.12037	0.18605	0.01467	0.14688	0.16134	0.04861	0.08920	0.01253	0.01443	0.00938	0.00567	0.00559	0.00172	0.00693	0.00520	0.00377	0.00832
36	0.01378	0.10504	0.40238	0.01563	0.06908	0.01436	0.04860	0.16365	0.01463	0.02044	0.01119	0.03390	0.00876	0.00656	0.00616	0.04257	0.00729	0.00474	0.00316	0.00807
37	0.01175	0.01209	0.08232	0.01009	0.01544	0.00847	0.05857	0.01477	0.01180	0.01827	0.01011	0.01193	0.00824	0.00431	0.00444	0.00099	0.00491	0.00364	0.00321	0.70467
38	0.01478	0.12991	0.13423	0.10835	0.17769	0.01393	0.06120	0.10148	0.01389	0.09803	0.01206	0.01436	0.00928	0.00887	0.07569	0.00234	0.00762	0.00486	0.00343	0.00797
39	0.01272	0.19371	0.11296	0.11578	0.17270	0.01394	0.08912	0.01599	0.01214	0.03936	0.01356	0.07167	0.01254	0.00713	0.00577	0.00178	0.01976	0.07894	0.00315	0.00728
40	0.00805	0.00600	0.00891	0.00891	0.00988	0.00696	0.00687	0.00997	0.00901	0.01297	0.01519	0.02276	0.01435	0.07604	0.74648	0.00888	0.01465	0.00613	0.00303	0.00495
41	0.01376	0.01281	0.06201	0.18362	0.16636	0.01246	0.13913	0.11463	0.03720	0.06224	0.01489	0.06967	0.01282	0.00722	0.00606	0.00189	0.00685	0.06500	0.00377	0.00763
42	0.01688	0.01086	0.01615	0.05136	0.08767	0.01001	0.10012	0.06918	0.01457	0.27037	0.05218	0.04489	0.01354	0.00644	0.00574	0.00158	0.01858	0.00569	0.00474	0.19943
43	0.00687	0.00504	0.00646	0.00752	0.00810	0.00463	0.00510	0.00798	0.01126	0.01481	0.06446	0.66839	0.13486	0.01693	0.00709	0.00221	0.00318	0.01521	0.00526	0.00463
44	0.82627	0.01096	0.00874	0.00771	0.01123	0.01266	0.02013	0.01657	0.00965	0.02511	0.00790	0.00926	0.00614	0.00521	0.00354	0.00174	0.00445	0.00312	0.00347	0.00612
45	0.00686	0.00490	0.00653	0.00784	0.00816	0.00457	0.00522	0.00784	0.01077	0.01437	0.03102	0.79855	0.03722	0.01763	0.00718	0.00229	0.00326	0.01600	0.00522	0.00457
46	0.01486	0.38388	0.05690	0.01490	0.13817	0.04468	0.04408	0.05972	0.08188	0.04008	0.01392	0.01487	0.05798	0.00595	0.00477	0.00150	0.00616	0.00466	0.00332	0.00774
47	0.15737	0.01482	0.12883	0.08758	0.20423	0.06144	0.01284	0.02012	0.01310	0.22743	0.01309	0.01411	0.00932	0.00575	0.00518	0.00172	0.00631	0.00464	0.00398	0.00813
48	0.01290	0.00996	0.01180	0.00849	0.01343	0.00757	0.00681	0.01537	0.01207	0.08672	0.01111	0.01235	0.00884	0.00442	0.00430	0.00092	0.00422	0.00355	0.00366	0.76149
49	0.00930	0.00680	0.00930	0.01018	0.01181	0.00657	0.00885	0.01189	0.01284	0.01698	0.02800	0.05877	0.03020	0.01451	0.00745	0.00243	0.00509	0.66329	0.00501	0.08072
50	0.01590	0.01180	0.01339	0.01009	0.01473	0.01102	0.00817	0.22686	0.08497	0.09210	0.01330	0.01374	0.01001	0.00548	0.00487	0.00126	0.00483	0.00432	0.00454	0.44862
51	0.01316	0.01270	0.01289	0.13373	0.01723	0.16701	0.00982	0.08416	0.08597	0.01695	0.01660	0.13079	0.01610	0.05154	0.08766	0.00285	0.06559	0.06510	0.00389	0.00628
52	0.10908	0.38770	0.02023	0.02927	0.01424	0.15343	0.00893	0.05250	0.01237	0.01587	0.00964	0.01283	0.00877	0.08267	0.00690	0.00180	0.03051	0.00391	0.03276	0.00659
53	0.01393	0.01337	0.02284	0.03454	0.76712	0.01337	0.01727	0.01727	0.01281	0.01839	0.01059	0.01393	0.00891	0.00501	0.00557	0.00167	0.00669	0.00501	0.00279	0.00891
54	0.01854	0.01736	0.14399	0.01472	0.06948	0.01586	0.01260	0.54254	0.02238	0.03039	0.01352	0.04821	0.01035	0.00688	0.00565	0.00173	0.00645	0.00540	0.00487	0.00909
55	0.00811	0.00576	0.00767	0.00767	0.00819	0.00629	0.00531	0.00916	0.00864	0.01204	0.01633	0.02909	0.01710	0.40276	0.42351	0.00734	0.01051	0.00705	0.00320	0.00426
56	0.01231	0.01231	0.01724	0.01477	0.01477	0.01724	0.01231	0.01354	0.00862	0.01354	0.00739	0.01231	0.00739	0.00985	0.01847	0.00246	0.79192	0.00492	0.00246	0.00616
57	0.00683	0.00519	0.00629	0.00711	0.00799	0.00466	0.00492	0.00802	0.01164	0.01494	0.06607	0.52652	0.27696	0.01630	0.00699	0.00214	0.00311	0.01443	0.00526	0.00466
58	0.07278	0.01577	0.14980	0.13681	0.27054	0.06367	0.03651	0.07363	0.01328	0.01881	0.01229	0.08796	0.01082	0.00656	0.00555	0.00178	0.00688	0.00573	0.00319	0.00765
59	0.01289	0.01293	0.02398	0.27004	0.28679	0.01348	0.24167	0.03745	0.01285	0.01749	0.01073	0.01464	0.00837	0.00517	0.00592	0.00181	0.00780	0.00551	0.00280	0.00768
60	0.00815	0.00588	0.00699	0.00680	0.00844	0.00520	0.00515	0.01015	0.01417	0.05199	0.35259	0.09273	0.35583	0.01302	0.00668	0.00189	0.00297	0.04046	0.00571	0.00521
61	0.01463	0.00964	0.01323	0.26168	0.02095	0.01047	0.03151	0.14669	0.01495	0.14030	0.01687	0.05623	0.03265	0.00705	0.00537	0.00171	0.00542	0.00595	0.19765	0.00705
62	0.01414	0.01932	0.27726	0.06333	0.12346	0.05629	0.09829	0.11500	0.06941	0.03856	0.01254	0.04015	0.00981	0.00622	0.00606	0.00180	0.03147	0.00532	0.00341	0.00814
63	0.01386	0.24064	0.17255	0.10518	0.01912	0.01435	0.03479	0.01792	0.06071	0.11078	0.07072	0.05041	0.01364	0.00680	0.00581	0.00169	0.04461	0.00537	0.00363	0.00743
64	0.01167	0.06288	0.01081	0.00856	0.01008	0.00998	0.00619	0.14698	0.07580	0.01692	0.01622	0.02737	0.01638	0.44668	0.08636	0.00441	0.02652	0.00683	0.00389	0.00548
65	0.36706	0.04523	0.02452	0.01172	0.06018	0.17126	0.00878	0.06775	0.01216	0.02020	0.00949	0.01283	0.00825	0.07928	0.00780	0.00206	0.07760	0.00409	0.00331	0.00644
66	0.00782	0.00567	0.00725	0.00698	0.00820	0.00523	0.00512	0.01011	0.01490	0.02081	0.62216	0.09425	0.09620	0.06078	0.00803	0.00204	0.00288	0.01056	0.00589	0.00511
67	0.03876	0.01584	0.01524	0.01457	0.10977	0.22499	0.03241	0.11464	0.06571	0.01960	0.01248	0.06627	0.01079	0.00627	0.00516	0.00145	0.00654	0.00502	0.00373	0.23075
68	0.00967	0.01174	0.15021	0.01188	0.09244	0.00810	0.00967	0.01289	0.03519	0.01695	0.05052	0.10881	0.21803	0.03648	0.00669	0.00187	0.00482	0.05606	0.00409	0.15388
69	0.01589	0.39408	0.20556	0.01238	0.01769	0.14372	0.01266	0.10688	0.01411	0.01714	0.00921	0.01045	0.00749	0.00534	0.00452	0.00144	0.00727	0.00364	0.00287	0.00766
70	0.01333	0.02322	0.43577	0.01918	0.09708	0.04787	0.17764	0.08439	0.01378	0.01934	0.01068	0.01287	0.00784	0.00533	0.00566	0.00177	0.00830	0.00484	0.00284	0.00825
71	0.00707	0.00577	0.00629	0.00632	0.00808	0.00499	0.00485	0.00880	0.01336	0.01658	0.17429	0.05289	0.58359	0.01390	0.00674	0.00194	0.00301	0.07126	0.00539	0.00488
72	0.00700	0.00540	0.00640	0.00681	0.00799	0.00480	0.00486	0.00851	0.01267	0.01640	0.19325	0.33991	0.33581	0.01499	0.00685	0.00202	0.00297	0.01312	0.00543	0.00480
73	0.00742	0.00514	0.00636	0.00711	0.00730	0.00495	0.00445	0.00798	0.00967	0.01289	0.02536	0.47397	0.03008	0.35195	0.01633	0.00364	0.00420	0.01267	0.00445	0.00408
74	0.00704	0.00559	0.00619	0.00628	0.00773	0.00488	0.00454	0.00854	0.01283	0.01621	0.18702	0.15025	0.47852	0.06903	0.00825	0.00217	0.00305	0.01184	0.00529	0.00474
75	0.01505	0.80561	0.02949	0.00963	0.01444	0.02227	0.00963	0.01685	0.01143	0.01324	0.00782	0.00903	0.00722	0.00481	0.00361	0.00120	0.00602	0.00301	0.00241	0.00722
76	0.01505	0.80561	0.02949	0.00963	0.01444	0.02227	0.00963	0.01685	0.01143	0.01324	0.00782	0.00903	0.00722	0.00481	0.00361	0.00120	0.00602	0.00301	0.00241	0.00722
77	0.01505	0.80561	0.02949	0.00963	0.01444	0.02227	0.00963	0.01685	0.01143	0.01324	0.00782	0.00903	0.00722	0.00481	0.00361	0.00120	0.00602	0.00301	0.00241	0.00722
78	0.03122	0.00693	0.00926	0.14714	0.01461	0.00696	0.00778	0.01107	0.01303	0.01755	0.20991	0.09783	0.19391	0.01182	0.00653	0.00198	0.00425	0.15739	0.00483	0.04600
79	0.01696	0.01873	0.03479	0.11852	0.08225	0.36776	0.03796	0.05196	0.04162	0.05894	0.01501	0.01645	0.07714	0.00673	0.00589	0.00167	0.03204	0.00511	0.00347	0.00699
80	0.02102	0.02682	0.01595	0.01450	0.01740	0.77963	0.01087	0.02247	0.01595	0.01377	0.00870	0.01015	0.00725	0.00580	0.00507	0.00145	0.01015	0.00362	0.00290	0.00652
81	0.01148	0.00620	0.00630	0.00595	0.00755	0.00635	0.00455	0.07991	0.01313	0.02230	0.01792	0.02030	0.01398	0.00657	0.00409	0.00135	0.00295	0.00523	0.75825	0.00564
82	0.01075	0.00923	0.03543	0.05899	0.17458	0.00864	0.00934	0.04931	0.04862	0.05072	0.15342	0.10866	0.21935	0.01041	0.00626	0.00186	0.00451	0.02859	0.00473	0.00657
83	0.03918	0.01639	0.01707	0.01435	0.04423	0.16839	0.06095	0.31676	0.04290	0.08142	0.01379	0.01470	0.03369	0.00699	0.00713	0.00177	0.10259	0.00512	0.00444	0.00812
84	0.01870	0.00855	0.01136	0.00933	0.01195	0.00826	0.00724	0.02017	0.01296	0.46293	0.01935	0.02357	0.01516	0.23017	0.04122	0.00311	0.07686	0.00631	0.00542	0.00738
85	0.01231	0.01012	0.05109	0.06300	0.25892	0.00936	0.03188	0.01494	0.01203	0.09632	0.03954	0.12330	0.01637	0.07876	0.07802	0.00275	0.00639	0.00709	0.08091	0.00691
86	0.01504	0.01310	0.04744	0.14976	0.40359	0.02357	0.06508	0.05346	0.01379	0.11777	0.03431	0.01555	0.01056	0.00565	0.00568	0.00173	0.00673	0.00531	0.00352	0.00835
87	0.03544	0.09657	0.36772	0.01438	0.08231	0.01243	0.01447	0.06508	0.01326	0.08673	0.01776	0.05698	0.09890	0.00717	0.00544	0.00174	0.00649	0.00579	0.00355	0.00779
88	0.84197	0.01088	0.00827	0.00740	0.01088	0.01262	0.00609	0.01654	0.00958	0.02525	0.00784	0.00914	0.00609	0.00522	0.00348	0.00174	0.00435	0.00305	0.00348	0.00609
89	0.27342	0.00871	0.00956	0.00862	0.01098	0.00961	0.00680	0.08067	0.01191	0.08867	0.07110	0.01951	0.01458	0.07375	0.28358	0.00461	0.00834	0.00544	0.00403	0.00610
90	0.00936	0.00679	0.00781	0.00754	0.00936	0.00644	0.00563	0.03855	0.08929	0.06382	0.18896	0.20061	0.31851	0.01302	0.00657	0.00194	0.00330	0.01121	0.00559	0.00571
91	0.01952	0.01066	0.01281	0.01049	0.01419	0.01079	0.00844	0.10260	0.25524	0.37911	0.09499	0.02142	0.01839	0.00761	0.00577	0.00179	0.00462	0.00627	0.00635	0.00894
92	0.00755	0.00531	0.00670	0.00733	0.00782	0.00507	0.00493	0.00861	0.01098	0.01476	0.13670	0.39324	0.05607	0.24622	0.01341	0.00315	0.00393	0.05901	0.00483	0.00439
93	0.01464	0.01556	0.01536	0.09525	0.01726	0.23834	0.01109	0.06328	0.01220	0.01490	0.00979	0.01457	0.00896	0.06744	0.07253	0.00278	0.31206	0.00488	0.00291	0.00621
94	0.00788	0.00575	0.00740	0.00699	0.00836	0.00527	0.00524	0.01045	0.01573	0.02209	0.71826	0.04282	0.09929	0.01168	0.00664	0.00178	0.00267	0.01029	0.00613	0.00527
95	0.10032	0.01248	0.06491	0.01398	0.11942	0.03426	0.01014	0.04321	0.28897	0.08090	0.02046	0.09138	0.04750	0.00826	0.00568	0.00188	0.00512	0.03851	0.00477	0.00784
96	0.81214	0.01093	0.00859	0.00767	0.01102	0.01279	0.00632	0.01643	0.00954	0.02483	0.00782	0.00926	0.00614	0.00539	0.00402	0.00177	0.03267	0.00311	0.00345	0.00610

[dist]
# distance from previous block
# <min> <max>
0	1

[block]
# block no. 7 follows, 42 sequences, length 11
# corresponding to MSA columns:
# 409-419
name=unknown_H
#
# <colnr> <probs for GDERKNQSTAVLIFYWHMCP>
#	G	D	E	R	K	N	Q	S	T	A	V	L	I	F	Y	W	H	M	C	P
0	0.01567	0.21248	0.20452	0.06587	0.08517	0.06837	0.08022	0.09363	0.01413	0.09259	0.01114	0.01263	0.00839	0.00549	0.00512	0.00161	0.00722	0.00443	0.00329	0.00803
1	0.84197	0.01088	0.00827	0.00740	0.01088	0.01262	0.00609	0.01654	0.00958	0.02525	0.00784	0.00914	0.00609	0.00522	0.00348	0.00174	0.00435	0.00305	0.00348	0.00609
2	0.00806	0.00547	0.00647	0.00658	0.00671	0.00554	0.00393	0.00835	0.00849	0.01142	0.01857	0.09877	0.02120	0.65881	0.10401	0.00556	0.00626	0.00861	0.00352	0.00367
3	0.01813	0.23596	0.02068	0.05545	0.11468	0.27302	0.01149	0.14641	0.01589	0.04407	0.01007	0.01148	0.00810	0.00562	0.00488	0.00148	0.00755	0.00403	0.00334	0.00765
4	0.00790	0.00538	0.00608	0.00630	0.00671	0.00520	0.00387	0.00843	0.00950	0.01274	0.02545	0.16497	0.12647	0.51035	0.02041	0.00416	0.00454	0.00981	0.05783	0.00391
5	0.04191	0.16209	0.01935	0.06436	0.27845	0.03841	0.01203	0.02009	0.12450	0.12553	0.01553	0.01646	0.04525	0.00614	0.00521	0.00165	0.00586	0.00514	0.00387	0.00817
6	0.01834	0.07915	0.15206	0.01438	0.04529	0.27966	0.01254	0.16076	0.03843	0.08590	0.01142	0.01240	0.00863	0.00618	0.00595	0.00164	0.05134	0.00434	0.00371	0.00789
7	0.00710	0.00546	0.00650	0.00678	0.00801	0.00486	0.00488	0.00874	0.01308	0.01708	0.25463	0.28788	0.32570	0.01453	0.00682	0.00199	0.00293	0.01270	0.00551	0.00486
8	0.01400	0.15710	0.21081	0.09492	0.18653	0.01559	0.06386	0.11414	0.01380	0.01892	0.01018	0.01260	0.00801	0.00560	0.00597	0.00170	0.05072	0.00455	0.00295	0.00805
9	0.00757	0.00577	0.00705	0.00696	0.00840	0.00511	0.00510	0.00952	0.01374	0.01860	0.37729	0.21558	0.22943	0.01322	0.00664	0.00187	0.00292	0.01158	0.00558	0.04808
10	0.03944	0.03514	0.00910	0.00849	0.01012	0.00738	0.00664	0.08594	0.01421	0.01936	0.19901	0.25849	0.11742	0.01341	0.00669	0.00206	0.00389	0.15235	0.00532	0.00554

[dist]
# distance from previous block
# <min> <max>
0	9

# created by:
# /home/cegg/simao/soft/augustus-3.2.1/scripts/msa2prfl.pl ./align_prep/28591.fa
