[name]
unknown

[dist]
# distance from previous block
# <min> <max>
0	71

[block]
# block no. 0 follows, 44 sequences, length 46
# corresponding to MSA columns:
# 146-191
name=unknown_A
#
# <colnr> <probs for GDERKNQSTAVLIFYWHMCP>
#	G	D	E	R	K	N	Q	S	T	A	V	L	I	F	Y	W	H	M	C	P
0	0.07433	0.00803	0.01163	0.29521	0.02056	0.00885	0.01023	0.01397	0.01246	0.09241	0.13614	0.03289	0.02204	0.00936	0.00608	0.00199	0.00536	0.22829	0.00427	0.00591
1	0.01141	0.07751	0.04135	0.01315	0.01538	0.01328	0.11488	0.01431	0.05634	0.01504	0.01232	0.11547	0.01200	0.00991	0.04484	0.00223	0.32055	0.00617	0.00309	0.10077
2	0.11941	0.01061	0.01635	0.30335	0.32147	0.01165	0.01329	0.01462	0.01123	0.01670	0.01282	0.01681	0.05522	0.04716	0.00637	0.00190	0.00618	0.00517	0.00286	0.00682
3	0.07562	0.00886	0.01104	0.11083	0.01453	0.03593	0.05306	0.05875	0.06091	0.05452	0.02222	0.15681	0.11999	0.14570	0.03293	0.00265	0.01772	0.00813	0.00411	0.00568
4	0.01072	0.01002	0.01285	0.10208	0.14784	0.09181	0.05711	0.01257	0.01144	0.01470	0.11459	0.02691	0.06372	0.28552	0.01338	0.00293	0.00596	0.00693	0.00347	0.00546
5	0.01525	0.01902	0.09715	0.01665	0.06886	0.29483	0.19151	0.02026	0.13635	0.01641	0.01211	0.01473	0.00978	0.05490	0.00685	0.00187	0.00809	0.00507	0.00322	0.00709
6	0.16117	0.01345	0.24875	0.01000	0.01362	0.00864	0.01005	0.01332	0.01100	0.06389	0.02067	0.31841	0.06527	0.01035	0.00563	0.00191	0.00495	0.00878	0.00400	0.00614
7	0.01387	0.01239	0.01367	0.01286	0.06081	0.05352	0.00957	0.09321	0.44066	0.02166	0.07973	0.01919	0.01649	0.00768	0.00731	0.00186	0.11685	0.00594	0.00481	0.00791
8	0.01574	0.47961	0.12811	0.01148	0.01613	0.21507	0.01115	0.04041	0.01269	0.01422	0.00827	0.00953	0.00706	0.00504	0.00415	0.00132	0.00716	0.00328	0.00254	0.00704
9	0.01088	0.00578	0.00762	0.00785	0.00911	0.00528	0.00561	0.01221	0.01166	0.18352	0.02714	0.56602	0.02924	0.01391	0.00637	0.00202	0.00344	0.01242	0.07438	0.00556
10	0.01349	0.01295	0.02213	0.03346	0.77440	0.01295	0.01673	0.01673	0.01241	0.01781	0.01025	0.01349	0.00864	0.00486	0.00540	0.00162	0.00648	0.00486	0.00270	0.00864
11	0.00785	0.00574	0.00655	0.00624	0.00799	0.00498	0.00472	0.00971	0.01371	0.05683	0.32060	0.04634	0.46421	0.01245	0.00639	0.00179	0.00279	0.01058	0.00550	0.00505
12	0.06237	0.00675	0.00942	0.00883	0.01054	0.00736	0.00698	0.01317	0.01003	0.15195	0.01542	0.02013	0.01313	0.03251	0.59723	0.00705	0.01216	0.00560	0.00364	0.00573
13	0.00678	0.00554	0.00600	0.00588	0.00757	0.00475	0.00441	0.00849	0.01323	0.01664	0.24741	0.04932	0.57880	0.01309	0.00644	0.00181	0.00271	0.01106	0.00531	0.00475
14	0.00645	0.00548	0.00556	0.00563	0.00739	0.00459	0.00419	0.00781	0.01232	0.01469	0.05393	0.09134	0.73415	0.01398	0.00647	0.00186	0.00278	0.01171	0.00506	0.00459
15	0.84691	0.01054	0.00801	0.00717	0.01054	0.01223	0.00590	0.01603	0.00928	0.02446	0.00759	0.00886	0.00590	0.00506	0.00337	0.00169	0.00422	0.00295	0.00337	0.00590
16	0.01458	0.81168	0.02857	0.00933	0.01399	0.02157	0.00933	0.01632	0.01108	0.01283	0.00758	0.00875	0.00700	0.00466	0.00350	0.00117	0.00583	0.00292	0.00233	0.00700
17	0.01109	0.02726	0.73364	0.01664	0.06967	0.01268	0.01993	0.01723	0.01157	0.01730	0.00981	0.01163	0.00701	0.00516	0.00519	0.00172	0.00796	0.00408	0.00233	0.00809
18	0.01458	0.81168	0.02857	0.00933	0.01399	0.02157	0.00933	0.01632	0.01108	0.01283	0.00758	0.00875	0.00700	0.00466	0.00350	0.00117	0.00583	0.00292	0.00233	0.00700
19	0.01580	0.01282	0.01359	0.01155	0.01503	0.01461	0.00917	0.25619	0.53368	0.02642	0.01935	0.01807	0.01434	0.00713	0.00552	0.00178	0.00484	0.00577	0.00552	0.00883
20	0.00772	0.00557	0.00729	0.00686	0.00814	0.00514	0.00514	0.01029	0.01543	0.02186	0.77152	0.04072	0.05144	0.01115	0.00643	0.00171	0.00257	0.00986	0.00600	0.00514
21	0.01406	0.00699	0.00924	0.00787	0.01031	0.00621	0.00618	0.01638	0.01531	0.31157	0.43984	0.03294	0.08111	0.00962	0.00607	0.00171	0.00338	0.00828	0.00623	0.00670
22	0.84691	0.01054	0.00801	0.00717	0.01054	0.01223	0.00590	0.01603	0.00928	0.02446	0.00759	0.00886	0.00590	0.00506	0.00337	0.00169	0.00422	0.00295	0.00337	0.00590
23	0.00793	0.00529	0.00595	0.00595	0.00595	0.00529	0.00330	0.00793	0.00793	0.01057	0.01718	0.03568	0.01982	0.80840	0.02775	0.00529	0.00529	0.00793	0.00330	0.00330
24	0.00664	0.00474	0.00633	0.00759	0.00791	0.00443	0.00506	0.00759	0.01044	0.01392	0.03005	0.80485	0.03606	0.01708	0.00696	0.00221	0.00316	0.01550	0.00506	0.00443
25	0.00725	0.00518	0.00702	0.00829	0.00887	0.00495	0.00612	0.00864	0.01104	0.01460	0.02971	0.59417	0.03473	0.01651	0.00712	0.00230	0.00369	0.22018	0.00505	0.00460
26	0.02292	0.00962	0.01261	0.00990	0.01395	0.00880	0.00810	0.02691	0.12133	0.67154	0.02160	0.01881	0.01394	0.00684	0.00549	0.00171	0.00459	0.00558	0.00658	0.00919
27	0.84691	0.01054	0.00801	0.00717	0.01054	0.01223	0.00590	0.01603	0.00928	0.02446	0.00759	0.00886	0.00590	0.00506	0.00337	0.00169	0.00422	0.00295	0.00337	0.00590
28	0.00851	0.00592	0.00667	0.00635	0.00829	0.00510	0.00487	0.01024	0.01333	0.08974	0.19217	0.04720	0.53124	0.01265	0.00639	0.00182	0.00298	0.03595	0.00541	0.00517
29	0.84691	0.01054	0.00801	0.00717	0.01054	0.01223	0.00590	0.01603	0.00928	0.02446	0.00759	0.00886	0.00590	0.00506	0.00337	0.00169	0.00422	0.00295	0.00337	0.00590
30	0.01445	0.07770	0.01224	0.00958	0.01187	0.08486	0.00753	0.17058	0.01437	0.10561	0.01728	0.02886	0.01665	0.25839	0.01258	0.00288	0.00580	0.13826	0.00434	0.00616
31	0.01127	0.01068	0.01811	0.56376	0.26150	0.01237	0.01562	0.01478	0.01136	0.01511	0.00986	0.01422	0.00768	0.00527	0.00543	0.00176	0.00703	0.00485	0.00251	0.00684
32	0.01458	0.81168	0.02857	0.00933	0.01399	0.02157	0.00933	0.01632	0.01108	0.01283	0.00758	0.00875	0.00700	0.00466	0.00350	0.00117	0.00583	0.00292	0.00233	0.00700
33	0.65400	0.01036	0.00904	0.05592	0.01255	0.01173	0.00667	0.01641	0.05900	0.02312	0.03039	0.01104	0.00814	0.00533	0.00378	0.00164	0.00435	0.00349	0.00352	0.06951
34	0.00842	0.05617	0.01217	0.05842	0.01330	0.00743	0.11208	0.01023	0.01103	0.01456	0.02463	0.53148	0.02818	0.01367	0.00663	0.00210	0.00459	0.07537	0.00440	0.00515
35	0.84691	0.01054	0.00801	0.00717	0.01054	0.01223	0.00590	0.01603	0.00928	0.02446	0.00759	0.00886	0.00590	0.00506	0.00337	0.00169	0.00422	0.00295	0.00337	0.00590
36	0.01313	0.01356	0.01896	0.35803	0.32031	0.12855	0.03837	0.01630	0.01223	0.01546	0.00976	0.01343	0.00779	0.00522	0.00538	0.00168	0.00741	0.00470	0.00260	0.00714
37	0.01354	0.01210	0.01539	0.01808	0.25170	0.01337	0.01116	0.02515	0.52955	0.02125	0.01846	0.01820	0.01414	0.00660	0.00550	0.00178	0.00499	0.00576	0.00466	0.00863
38	0.02037	0.02598	0.01545	0.01404	0.01685	0.78652	0.01053	0.02177	0.01545	0.01334	0.00843	0.00983	0.00702	0.00562	0.00492	0.00140	0.00983	0.00351	0.00281	0.00632
39	0.00789	0.00545	0.00680	0.00680	0.00710	0.00575	0.00437	0.00848	0.00818	0.01120	0.01640	0.03134	0.01794	0.57513	0.25844	0.00634	0.00812	0.00729	0.00319	0.00378
40	0.01004	0.00788	0.01008	0.01178	0.13389	0.00821	0.00689	0.03900	0.13565	0.01510	0.01855	0.13728	0.01938	0.40358	0.01667	0.00355	0.00504	0.00809	0.00390	0.00543
41	0.00670	0.00553	0.00587	0.00579	0.00752	0.00471	0.00434	0.00831	0.01302	0.01614	0.19707	0.05014	0.62946	0.01328	0.00644	0.00182	0.00272	0.01118	0.00525	0.00471
42	0.00769	0.00554	0.00691	0.00657	0.00793	0.00507	0.00492	0.01010	0.01477	0.02079	0.62680	0.04108	0.14816	0.01122	0.00627	0.00170	0.00260	0.00979	0.05704	0.00507
43	0.01663	0.25540	0.01843	0.01177	0.01521	0.33036	0.00961	0.02228	0.23578	0.01599	0.01225	0.01262	0.00986	0.00586	0.00468	0.00147	0.00701	0.00412	0.00348	0.00720
44	0.01860	0.01334	0.01471	0.01126	0.01563	0.01389	0.00922	0.48922	0.06998	0.09453	0.01370	0.01366	0.00987	0.00609	0.00516	0.00148	0.00536	0.00469	0.00510	0.18451
45	0.01377	0.01304	0.02191	0.03268	0.74590	0.01310	0.01649	0.04455	0.01291	0.01843	0.01036	0.01348	0.00866	0.00492	0.00540	0.00162	0.00646	0.00486	0.00280	0.00866

[dist]
# distance from previous block
# <min> <max>
0	34

[block]
# block no. 1 follows, 44 sequences, length 27
# corresponding to MSA columns:
# 226-252
name=unknown_B
#
# <colnr> <probs for GDERKNQSTAVLIFYWHMCP>
#	G	D	E	R	K	N	Q	S	T	A	V	L	I	F	Y	W	H	M	C	P
0	0.01160	0.00962	0.01046	0.00964	0.01198	0.01074	0.00736	0.02228	0.50812	0.02060	0.12467	0.02812	0.05077	0.10439	0.00845	0.00227	0.00417	0.04227	0.00530	0.00719
1	0.07455	0.05370	0.01572	0.01504	0.14705	0.17944	0.01026	0.14677	0.14015	0.02076	0.01194	0.01289	0.00937	0.00561	0.00489	0.00147	0.00619	0.00432	0.00378	0.13611
2	0.01235	0.01183	0.02026	0.16147	0.47286	0.01195	0.08123	0.01567	0.01230	0.01736	0.05887	0.01536	0.01106	0.00528	0.00546	0.00162	0.00642	0.00519	0.00291	0.07054
3	0.01771	0.01228	0.01832	0.01396	0.01814	0.01240	0.20488	0.18204	0.13060	0.24215	0.01822	0.01806	0.04800	0.00666	0.00615	0.00177	0.02932	0.00598	0.00502	0.00835
4	0.01210	0.13701	0.42246	0.01712	0.02384	0.01432	0.26308	0.01720	0.01190	0.01669	0.00988	0.01217	0.00737	0.00491	0.00535	0.00168	0.00811	0.00467	0.00246	0.00767
5	0.00663	0.00553	0.00579	0.00572	0.00748	0.00468	0.00429	0.00819	0.01288	0.01579	0.16215	0.05071	0.66460	0.01341	0.00644	0.00182	0.00273	0.01126	0.00520	0.00468
6	0.01093	0.02820	0.78016	0.01554	0.02360	0.01266	0.02014	0.01727	0.01151	0.01727	0.00978	0.01151	0.00691	0.00518	0.00518	0.00173	0.00806	0.00403	0.00230	0.00806
7	0.01234	0.20356	0.52153	0.01459	0.02145	0.05198	0.06890	0.01728	0.01170	0.01609	0.00931	0.01103	0.00703	0.00504	0.00488	0.00159	0.00772	0.00392	0.00237	0.00769
8	0.01308	0.00790	0.00958	0.00838	0.01088	0.00773	0.00654	0.01834	0.18684	0.20977	0.33045	0.03188	0.11688	0.00950	0.00599	0.00175	0.00351	0.00811	0.00598	0.00691
9	0.00793	0.00529	0.00595	0.00595	0.00595	0.00529	0.00330	0.00793	0.00793	0.01057	0.01718	0.03568	0.01982	0.80840	0.02775	0.00529	0.00529	0.00793	0.00330	0.00330
10	0.01302	0.01293	0.01976	0.23503	0.47505	0.06737	0.01556	0.01610	0.01196	0.01616	0.00978	0.01341	0.00806	0.00537	0.00618	0.00171	0.05758	0.00475	0.00261	0.00761
11	0.01320	0.14961	0.30829	0.01273	0.01798	0.01353	0.04869	0.06988	0.14367	0.06702	0.01462	0.09158	0.01214	0.00682	0.00524	0.00170	0.00625	0.00562	0.00367	0.00775
12	0.00784	0.00571	0.00807	0.00837	0.00915	0.00626	0.00635	0.00945	0.00932	0.01295	0.01854	0.10485	0.01932	0.16165	0.47599	0.00667	0.01061	0.11083	0.00349	0.00459
13	0.01209	0.01021	0.01164	0.01146	0.06601	0.01126	0.00823	0.04678	0.47900	0.02213	0.18483	0.02601	0.07012	0.00840	0.00578	0.00180	0.00405	0.00716	0.00541	0.00765
14	0.04752	0.05022	0.30970	0.01424	0.04066	0.01508	0.03447	0.37612	0.01833	0.02569	0.01127	0.01221	0.00811	0.00579	0.00522	0.00166	0.00681	0.00446	0.00390	0.00852
15	0.01169	0.01139	0.02027	0.40860	0.28473	0.01246	0.11751	0.01529	0.01173	0.01580	0.01062	0.01555	0.00856	0.00541	0.00563	0.00177	0.00720	0.02608	0.00264	0.00708
16	0.01388	0.05699	0.10901	0.08809	0.09889	0.07940	0.17025	0.10668	0.01352	0.01821	0.00998	0.01259	0.00787	0.00554	0.00660	0.00164	0.08934	0.00469	0.00300	0.10382
17	0.01458	0.81168	0.02857	0.00933	0.01399	0.02157	0.00933	0.01632	0.01108	0.01283	0.00758	0.00875	0.00700	0.00466	0.00350	0.00117	0.00583	0.00292	0.00233	0.00700
18	0.00928	0.00519	0.00519	0.00519	0.00659	0.00497	0.00389	0.01154	0.01167	0.01899	0.02669	0.02797	0.19440	0.00813	0.00444	0.00141	0.00259	0.00661	0.64030	0.00497
19	0.84691	0.01054	0.00801	0.00717	0.01054	0.01223	0.00590	0.01603	0.00928	0.02446	0.00759	0.00886	0.00590	0.00506	0.00337	0.00169	0.00422	0.00295	0.00337	0.00590
20	0.00699	0.00559	0.00628	0.00623	0.00786	0.00488	0.00475	0.00881	0.01337	0.01705	0.27615	0.04939	0.50081	0.01306	0.00651	0.00184	0.00285	0.05744	0.00535	0.00480
21	0.00663	0.00536	0.00589	0.00612	0.00757	0.00462	0.00445	0.00804	0.01232	0.01532	0.12740	0.21647	0.53229	0.01424	0.00656	0.00191	0.00283	0.01220	0.00516	0.00462
22	0.00694	0.00522	0.00650	0.00740	0.00831	0.00478	0.00541	0.00827	0.01136	0.01454	0.03706	0.46682	0.24594	0.01581	0.00691	0.00216	0.00335	0.13359	0.00505	0.00458
23	0.00700	0.00570	0.00629	0.00659	0.00829	0.00500	0.00524	0.00864	0.01246	0.01510	0.04901	0.05460	0.59743	0.01410	0.00670	0.00200	0.00329	0.18281	0.00505	0.00470
24	0.02037	0.02598	0.01545	0.01404	0.01685	0.78652	0.01053	0.02177	0.01545	0.01334	0.00843	0.00983	0.00702	0.00562	0.00492	0.00140	0.00983	0.00351	0.00281	0.00632
25	0.01287	0.01471	0.03217	0.02298	0.02849	0.01379	0.75460	0.01746	0.01287	0.01746	0.01103	0.01471	0.00827	0.00460	0.00643	0.00184	0.00919	0.00643	0.00276	0.00735
26	0.01259	0.01321	0.02044	0.01628	0.01853	0.06401	0.24196	0.01619	0.07818	0.01532	0.01035	0.01413	0.00883	0.00992	0.07025	0.00258	0.37238	0.00541	0.00285	0.00658

[dist]
# distance from previous block
# <min> <max>
1	17

[block]
# block no. 2 follows, 44 sequences, length 46
# corresponding to MSA columns:
# 270-315
name=unknown_C
#
# <colnr> <probs for GDERKNQSTAVLIFYWHMCP>
#	G	D	E	R	K	N	Q	S	T	A	V	L	I	F	Y	W	H	M	C	P
0	0.02446	0.00928	0.01265	0.00970	0.01392	0.00801	0.00801	0.02657	0.01560	0.77817	0.02151	0.01856	0.01350	0.00675	0.00548	0.00169	0.00464	0.00548	0.00675	0.00928
1	0.01269	0.40548	0.41823	0.01255	0.01897	0.01695	0.01494	0.01681	0.01130	0.01513	0.00872	0.01018	0.00695	0.00493	0.00437	0.00146	0.00698	0.00349	0.00232	0.00755
2	0.01216	0.10722	0.34397	0.06937	0.24908	0.01362	0.07451	0.01666	0.01183	0.01672	0.01026	0.01351	0.00819	0.00525	0.00523	0.00167	0.00730	0.02306	0.00254	0.00786
3	0.00644	0.00552	0.00552	0.00552	0.00736	0.00460	0.00414	0.00782	0.01243	0.01473	0.05523	0.05247	0.77218	0.01381	0.00644	0.00184	0.00276	0.01151	0.00506	0.00460
4	0.01054	0.00994	0.01679	0.73724	0.09370	0.01218	0.01526	0.01414	0.01102	0.01423	0.00973	0.01446	0.00737	0.00541	0.00545	0.00180	0.00721	0.00485	0.00244	0.00625
5	0.01140	0.00935	0.01161	0.01017	0.01243	0.01048	0.00810	0.09776	0.16446	0.01796	0.01440	0.01767	0.01219	0.02116	0.33623	0.00464	0.09770	0.00529	0.00372	0.13328
6	0.00909	0.00606	0.00776	0.00828	0.00936	0.00592	0.00598	0.01197	0.09536	0.07727	0.08287	0.54270	0.03286	0.01458	0.00669	0.00212	0.00350	0.06693	0.00532	0.00538
7	0.00744	0.00549	0.00698	0.00695	0.00819	0.00503	0.00521	0.00960	0.01410	0.01932	0.51220	0.14955	0.15911	0.01262	0.00657	0.00185	0.00284	0.05634	0.00567	0.00495
8	0.01588	0.63409	0.02560	0.01039	0.01464	0.19447	0.00960	0.01756	0.01207	0.01294	0.00777	0.00899	0.00700	0.00488	0.00382	0.00122	0.00673	0.00305	0.00244	0.00684
9	0.00832	0.00644	0.00824	0.00883	0.00987	0.00656	0.02033	0.01228	0.15502	0.01595	0.02805	0.55701	0.03130	0.01477	0.00674	0.00217	0.00370	0.09397	0.00511	0.00535
10	0.01167	0.01155	0.01620	0.01397	0.01403	0.01608	0.01161	0.01291	0.00837	0.01309	0.00762	0.01252	0.00756	0.01150	0.06591	0.00278	0.74948	0.00484	0.00242	0.00590
11	0.01402	0.43610	0.02041	0.00950	0.01321	0.03131	0.00851	0.07716	0.12861	0.03954	0.15371	0.01716	0.01716	0.00653	0.00460	0.00143	0.00505	0.00496	0.00390	0.00713
12	0.14174	0.01353	0.06729	0.02829	0.60982	0.01282	0.01528	0.01666	0.01187	0.01880	0.00981	0.01265	0.00811	0.00491	0.00507	0.00164	0.00623	0.00451	0.00278	0.00818
13	0.00820	0.00681	0.00774	0.00676	0.00911	0.00585	0.00513	0.00992	0.01192	0.01598	0.12541	0.03660	0.37624	0.07088	0.03541	0.00207	0.02630	0.00845	0.00441	0.22682
14	0.00664	0.00529	0.00596	0.00631	0.00762	0.00461	0.00454	0.00802	0.01214	0.01526	0.12620	0.28356	0.46559	0.01453	0.00660	0.00194	0.00286	0.01256	0.00517	0.00461
15	0.01130	0.00969	0.01130	0.00807	0.01292	0.00727	0.00646	0.01373	0.01130	0.01776	0.00969	0.01130	0.00807	0.00404	0.00404	0.00081	0.00404	0.00323	0.00323	0.84173
16	0.01648	0.01195	0.01308	0.01113	0.01461	0.01329	0.00884	0.15500	0.52073	0.14119	0.02050	0.01881	0.01488	0.00715	0.00552	0.00179	0.00466	0.00584	0.00572	0.00884
17	0.00708	0.00555	0.00641	0.00619	0.00775	0.00487	0.00464	0.00906	0.01393	0.01830	0.41362	0.04659	0.41156	0.01248	0.00644	0.00178	0.00267	0.01068	0.00553	0.00487
18	0.00674	0.00492	0.00634	0.00728	0.00787	0.00453	0.00497	0.00792	0.01122	0.01489	0.11547	0.63447	0.12121	0.01605	0.00684	0.00212	0.00305	0.01442	0.00517	0.00453
19	0.01093	0.02820	0.78016	0.01554	0.02360	0.01266	0.02014	0.01727	0.01151	0.01727	0.00978	0.01151	0.00691	0.00518	0.00518	0.00173	0.00806	0.00403	0.00230	0.00806
20	0.00668	0.00553	0.00584	0.00577	0.00751	0.00470	0.00432	0.00827	0.01297	0.01603	0.18580	0.05033	0.64080	0.01332	0.00644	0.00182	0.00273	0.01121	0.00523	0.00470
21	0.01130	0.00969	0.01130	0.00807	0.01292	0.00727	0.00646	0.01373	0.01130	0.01776	0.00969	0.01130	0.00807	0.00404	0.00404	0.00081	0.00404	0.00323	0.00323	0.84173
22	0.02072	0.01527	0.01636	0.01254	0.01691	0.01691	0.01036	0.75622	0.02563	0.03436	0.01309	0.01309	0.00927	0.00654	0.00545	0.00164	0.00600	0.00491	0.00545	0.00927
23	0.01349	0.01295	0.02213	0.03346	0.77440	0.01295	0.01673	0.01673	0.01241	0.01781	0.01025	0.01349	0.00864	0.00486	0.00540	0.00162	0.00648	0.00486	0.00270	0.00864
24	0.01317	0.44456	0.29348	0.01173	0.01742	0.01752	0.01309	0.01807	0.09514	0.01551	0.00999	0.01102	0.00804	0.00515	0.00432	0.00144	0.00645	0.00367	0.00268	0.00755
25	0.01294	0.01383	0.06177	0.02709	0.42501	0.01274	0.27787	0.01677	0.01247	0.01782	0.01098	0.01425	0.00876	0.00487	0.00566	0.00168	0.00727	0.00539	0.05490	0.00793
26	0.01189	0.00967	0.01137	0.00815	0.01296	0.00730	0.00653	0.01430	0.01150	0.05182	0.01022	0.01163	0.00832	0.00416	0.00410	0.00085	0.00406	0.00333	0.00339	0.80445
27	0.00783	0.00567	0.00789	0.00789	0.00856	0.00634	0.00573	0.00918	0.00850	0.01201	0.01540	0.02582	0.01554	0.27794	0.55236	0.00769	0.01173	0.00649	0.00304	0.00438
28	0.01458	0.81168	0.02857	0.00933	0.01399	0.02157	0.00933	0.01632	0.01108	0.01283	0.00758	0.00875	0.00700	0.00466	0.00350	0.00117	0.00583	0.00292	0.00233	0.00700
29	0.01270	0.00963	0.01141	0.00829	0.01294	0.00749	0.00666	0.03174	0.01220	0.09383	0.03797	0.01311	0.01018	0.00462	0.00430	0.00095	0.00409	0.00373	0.00373	0.71044
30	0.01979	0.01954	0.01499	0.01275	0.01611	0.39914	0.00994	0.26036	0.06554	0.07537	0.04511	0.01351	0.01075	0.00635	0.00524	0.00154	0.00756	0.00455	0.00426	0.00758
31	0.01349	0.01295	0.02213	0.03346	0.77440	0.01295	0.01673	0.01673	0.01241	0.01781	0.01025	0.01349	0.00864	0.00486	0.00540	0.00162	0.00648	0.00486	0.00270	0.00864
32	0.01458	0.81168	0.02857	0.00933	0.01399	0.02157	0.00933	0.01632	0.01108	0.01283	0.00758	0.00875	0.00700	0.00466	0.00350	0.00117	0.00583	0.00292	0.00233	0.00700
33	0.01928	0.01419	0.01535	0.01191	0.01593	0.01560	0.00978	0.67315	0.02450	0.03297	0.09755	0.01617	0.01397	0.00706	0.00556	0.00164	0.00562	0.00546	0.00551	0.00881
34	0.00718	0.00555	0.00655	0.00630	0.00782	0.00492	0.00472	0.00925	0.01417	0.01886	0.47052	0.04566	0.35431	0.01226	0.00644	0.00177	0.00265	0.01055	0.00561	0.00492
35	0.00880	0.00688	0.00832	0.00881	0.01052	0.00688	0.00733	0.01295	0.12837	0.01682	0.03598	0.05237	0.25791	0.01349	0.00689	0.00220	0.00421	0.40070	0.00511	0.00545
36	0.01296	0.01444	0.03065	0.02457	0.14168	0.01366	0.64262	0.01735	0.01280	0.01752	0.01091	0.01452	0.00833	0.00464	0.00628	0.00180	0.00878	0.00619	0.00275	0.00755
37	0.01123	0.01064	0.01804	0.57252	0.25302	0.01236	0.01561	0.01475	0.01134	0.01506	0.00986	0.01423	0.00767	0.00528	0.00543	0.00176	0.00704	0.00485	0.00250	0.00681
38	0.00694	0.00554	0.00621	0.00604	0.00767	0.00481	0.00453	0.00878	0.01359	0.01749	0.33304	0.04791	0.49265	0.01277	0.00644	0.00179	0.00269	0.01087	0.00543	0.00481
39	0.01321	0.01465	0.10654	0.03147	0.69078	0.01292	0.01711	0.01679	0.01231	0.01775	0.01020	0.01327	0.00844	0.00489	0.00537	0.00163	0.00665	0.00477	0.00265	0.00857
40	0.00729	0.00518	0.00677	0.00731	0.00798	0.00488	0.00513	0.00878	0.01201	0.01642	0.28278	0.41165	0.03925	0.10215	0.00910	0.00240	0.00331	0.05783	0.00519	0.00459
41	0.00771	0.00526	0.00632	0.00651	0.00667	0.00532	0.00397	0.00808	0.00841	0.01132	0.01887	0.15260	0.02163	0.60101	0.10907	0.00520	0.00600	0.00886	0.00353	0.00365
42	0.00853	0.00620	0.00807	0.00933	0.09196	0.00631	0.00520	0.00912	0.00852	0.01162	0.01611	0.03157	0.01786	0.63091	0.11230	0.00528	0.00649	0.00735	0.00319	0.00408
43	0.75487	0.01226	0.00884	0.00794	0.01125	0.09846	0.00642	0.01667	0.00997	0.02322	0.00768	0.00896	0.00603	0.00512	0.00355	0.00166	0.00484	0.00301	0.00331	0.00595
44	0.50899	0.01515	0.23373	0.00958	0.01409	0.01157	0.00998	0.01575	0.01062	0.02207	0.09330	0.01318	0.01127	0.00577	0.00424	0.00170	0.00516	0.00404	0.00335	0.00645
45	0.01529	0.26370	0.10307	0.01238	0.04264	0.18138	0.01078	0.07256	0.17647	0.01769	0.04507	0.01367	0.01124	0.00594	0.00477	0.00150	0.00650	0.00438	0.00352	0.00746

[dist]
# distance from previous block
# <min> <max>
0	5

# created by:
# /home/cegg/simao/soft/augustus-3.2.1/scripts/msa2prfl.pl ./align_prep/28621.fa
