[name]
unknown

[dist]
# distance from previous block
# <min> <max>
0	23

[block]
# block no. 0 follows, 44 sequences, length 31
# corresponding to MSA columns:
# 23-53
name=unknown_A
#
# <colnr> <probs for GDERKNQSTAVLIFYWHMCP>
#	G	D	E	R	K	N	Q	S	T	A	V	L	I	F	Y	W	H	M	C	P
0	0.00895	0.00649	0.00895	0.00991	0.01140	0.00634	0.00864	0.01145	0.01247	0.01641	0.02763	0.05827	0.02988	0.01435	0.00731	0.00240	0.00496	0.69055	0.00491	0.05873
1	0.33520	0.00841	0.00890	0.00769	0.01051	0.00859	0.00615	0.01656	0.01310	0.21137	0.29027	0.02292	0.02444	0.00771	0.00502	0.00170	0.00372	0.00611	0.00518	0.00647
2	0.01335	0.01274	0.02143	0.03183	0.72552	0.01259	0.01607	0.01654	0.01234	0.01781	0.01022	0.01335	0.00860	0.00480	0.00531	0.00157	0.00632	0.00475	0.00273	0.06211
3	0.00663	0.00479	0.00627	0.00746	0.00787	0.00444	0.00500	0.00761	0.01057	0.01397	0.03166	0.75655	0.08331	0.01687	0.00693	0.00219	0.00314	0.01524	0.00506	0.00444
4	0.00712	0.00508	0.00687	0.00813	0.00866	0.00484	0.00589	0.00841	0.01091	0.01445	0.02979	0.64013	0.03502	0.01663	0.00709	0.00228	0.00357	0.17553	0.00505	0.00456
5	0.01303	0.01264	0.02205	0.13395	0.62554	0.01290	0.06694	0.01641	0.01224	0.01727	0.01023	0.01371	0.00843	0.00492	0.00548	0.00166	0.00677	0.00496	0.00267	0.00821
6	0.01291	0.01034	0.01279	0.00924	0.01404	0.00837	0.04332	0.07147	0.01274	0.06559	0.01074	0.01205	0.00851	0.00442	0.00435	0.00097	0.00448	0.00365	0.00359	0.68643
7	0.84691	0.01054	0.00801	0.00717	0.01054	0.01223	0.00590	0.01603	0.00928	0.02446	0.00759	0.00886	0.00590	0.00506	0.00337	0.00169	0.00422	0.00295	0.00337	0.00590
8	0.01146	0.01088	0.01845	0.51796	0.30579	0.01242	0.01572	0.01495	0.01145	0.01534	0.00990	0.01416	0.00777	0.00523	0.00543	0.00174	0.00698	0.00485	0.00252	0.00700
9	0.00758	0.00555	0.00711	0.00676	0.00807	0.00508	0.00505	0.01000	0.01503	0.02102	0.68854	0.06315	0.11360	0.01154	0.00645	0.00174	0.00261	0.01016	0.00589	0.00508
10	0.00762	0.00557	0.00715	0.00676	0.00809	0.00510	0.00507	0.01010	0.01520	0.02132	0.71703	0.04162	0.10627	0.01135	0.00643	0.00172	0.00259	0.00998	0.00593	0.00510
11	0.00696	0.00556	0.00624	0.00612	0.00775	0.00484	0.00463	0.00880	0.01350	0.01731	0.30970	0.04853	0.49496	0.01289	0.00647	0.00181	0.00276	0.03095	0.00540	0.00481
12	0.00748	0.00550	0.00707	0.00734	0.00849	0.00509	0.00557	0.00952	0.01347	0.01826	0.39238	0.21071	0.14563	0.01343	0.00672	0.00197	0.00312	0.12784	0.00551	0.00489
13	0.00664	0.00474	0.00633	0.00759	0.00791	0.00443	0.00506	0.00759	0.01044	0.01392	0.03005	0.80485	0.03606	0.01708	0.00696	0.00221	0.00316	0.01550	0.00506	0.00443
14	0.01991	0.02118	0.01528	0.06669	0.01791	0.51710	0.01052	0.13321	0.04055	0.09082	0.01092	0.01182	0.00831	0.00591	0.00511	0.00151	0.00840	0.00409	0.00365	0.00711
15	0.84691	0.01054	0.00801	0.00717	0.01054	0.01223	0.00590	0.01603	0.00928	0.02446	0.00759	0.00886	0.00590	0.00506	0.00337	0.00169	0.00422	0.00295	0.00337	0.00590
16	0.01030	0.00969	0.01635	0.79530	0.03755	0.01211	0.01514	0.01393	0.01090	0.01393	0.00969	0.01453	0.00727	0.00545	0.00545	0.00182	0.00727	0.00484	0.00242	0.00606
17	0.01001	0.00912	0.01513	0.51823	0.02900	0.01103	0.04463	0.01319	0.01083	0.01423	0.01286	0.02181	0.01143	0.01096	0.09365	0.00272	0.05373	0.10877	0.00286	0.00583
18	0.02420	0.00969	0.01291	0.00989	0.01412	0.00862	0.00817	0.07643	0.01629	0.72734	0.02093	0.01818	0.01321	0.00673	0.00548	0.00168	0.00473	0.00544	0.00666	0.00928
19	0.84691	0.01054	0.00801	0.00717	0.01054	0.01223	0.00590	0.01603	0.00928	0.02446	0.00759	0.00886	0.00590	0.00506	0.00337	0.00169	0.00422	0.00295	0.00337	0.00590
20	0.01280	0.01186	0.01993	0.12896	0.61409	0.01217	0.01542	0.01603	0.01214	0.01753	0.01083	0.01421	0.00892	0.00506	0.00527	0.00161	0.00624	0.00488	0.07406	0.00800
21	0.01349	0.01295	0.02213	0.03346	0.77440	0.01295	0.01673	0.01673	0.01241	0.01781	0.01025	0.01349	0.00864	0.00486	0.00540	0.00162	0.00648	0.00486	0.00270	0.00864
22	0.40557	0.00986	0.01050	0.00853	0.01235	0.00997	0.00704	0.02168	0.01267	0.42892	0.01506	0.01406	0.00998	0.00597	0.00451	0.00169	0.00444	0.00431	0.00518	0.00771
23	0.00705	0.00555	0.00636	0.00615	0.00773	0.00486	0.00462	0.00899	0.01385	0.01810	0.39411	0.04691	0.43120	0.01255	0.00644	0.00178	0.00267	0.01073	0.00551	0.00486
24	0.00702	0.00555	0.00632	0.00613	0.00772	0.00485	0.00460	0.00894	0.01379	0.01796	0.37964	0.04715	0.44575	0.01260	0.00644	0.00178	0.00268	0.01076	0.00549	0.00485
25	0.00737	0.00556	0.00681	0.00649	0.00793	0.00500	0.00487	0.00962	0.01461	0.01992	0.57627	0.04392	0.24790	0.01187	0.00643	0.00175	0.00262	0.01031	0.00575	0.00500
26	0.01817	0.02129	0.01828	0.01529	0.01832	0.48582	0.12512	0.09915	0.01524	0.01621	0.00917	0.01120	0.00747	0.00606	0.00687	0.00162	0.11064	0.00427	0.00303	0.00675
27	0.01361	0.01110	0.01167	0.01042	0.01336	0.01270	0.00813	0.07658	0.61725	0.02328	0.02100	0.01984	0.01580	0.00720	0.00532	0.00176	0.00420	0.00594	0.11263	0.00822
28	0.01337	0.01193	0.01121	0.01010	0.01200	0.17526	0.00768	0.16848	0.01371	0.01706	0.03185	0.01916	0.03061	0.09357	0.25606	0.10416	0.00916	0.00544	0.00352	0.00566
29	0.01132	0.11036	0.70134	0.01489	0.02259	0.01360	0.01901	0.01717	0.01146	0.01680	0.00955	0.01122	0.00692	0.00513	0.00500	0.00167	0.00782	0.00391	0.00231	0.00795
30	0.35047	0.01423	0.01274	0.01047	0.01423	0.08804	0.00851	0.35551	0.05381	0.02785	0.01089	0.01144	0.00807	0.00590	0.00458	0.00164	0.00557	0.00405	0.00438	0.00761

[dist]
# distance from previous block
# <min> <max>
0	1

[block]
# block no. 1 follows, 44 sequences, length 53
# corresponding to MSA columns:
# 55-106,125
name=unknown_B
#
# <colnr> <probs for GDERKNQSTAVLIFYWHMCP>
#	G	D	E	R	K	N	Q	S	T	A	V	L	I	F	Y	W	H	M	C	P
0	0.01625	0.01349	0.01381	0.01170	0.01520	0.04623	0.00929	0.27317	0.48555	0.02630	0.01857	0.01747	0.01377	0.00704	0.00549	0.00176	0.00511	0.00563	0.00540	0.00875
1	0.01252	0.01196	0.02037	0.26590	0.54958	0.01270	0.01625	0.01588	0.01195	0.01663	0.01008	0.01381	0.00822	0.00504	0.00541	0.00168	0.00672	0.00485	0.00261	0.00785
2	0.01115	0.08486	0.52077	0.15050	0.06126	0.01302	0.01780	0.01635	0.01146	0.01633	0.01040	0.01395	0.00806	0.00557	0.00520	0.00172	0.00754	0.03407	0.00246	0.00753
3	0.01030	0.00969	0.01635	0.79530	0.03755	0.01211	0.01514	0.01393	0.01090	0.01393	0.00969	0.01453	0.00727	0.00545	0.00545	0.00182	0.00727	0.00484	0.00242	0.00606
4	0.01241	0.01110	0.01496	0.01112	0.01527	0.01029	0.09344	0.07962	0.01230	0.01849	0.00976	0.01195	0.00806	0.00515	0.00653	0.00124	0.12483	0.00398	0.00324	0.54625
5	0.00785	0.00560	0.00754	0.00754	0.00810	0.00615	0.00530	0.00895	0.00840	0.01175	0.01572	0.02759	0.01631	0.37290	0.45845	0.00726	0.01057	0.00674	0.00309	0.00419
6	0.01723	0.01090	0.01238	0.00977	0.01343	0.01093	0.00789	0.32810	0.01810	0.16787	0.01605	0.07277	0.01253	0.00691	0.00508	0.00149	0.00469	0.00554	0.13119	0.14713
7	0.01061	0.01016	0.00952	0.00920	0.01033	0.17913	0.00673	0.01193	0.01003	0.01227	0.01390	0.02254	0.01377	0.23144	0.41743	0.00623	0.01114	0.00586	0.00299	0.00479
8	0.00964	0.00516	0.00529	0.00526	0.00658	0.00504	0.00394	0.01208	0.01183	0.01995	0.08025	0.02476	0.08386	0.00739	0.00425	0.00136	0.00256	0.00602	0.69970	0.00504
9	0.00664	0.00474	0.00633	0.00759	0.00791	0.00443	0.00506	0.00759	0.01044	0.01392	0.03005	0.80485	0.03606	0.01708	0.00696	0.00221	0.00316	0.01550	0.00506	0.00443
10	0.00762	0.00557	0.00716	0.00676	0.00809	0.00510	0.00507	0.01011	0.01521	0.02134	0.71906	0.04158	0.10423	0.01134	0.00643	0.00172	0.00259	0.00998	0.00593	0.00510
11	0.02446	0.00928	0.01265	0.00970	0.01392	0.00801	0.00801	0.02657	0.01560	0.77817	0.02151	0.01856	0.01350	0.00675	0.00548	0.00169	0.00464	0.00548	0.00675	0.00928
12	0.84691	0.01054	0.00801	0.00717	0.01054	0.01223	0.00590	0.01603	0.00928	0.02446	0.00759	0.00886	0.00590	0.00506	0.00337	0.00169	0.00422	0.00295	0.00337	0.00590
13	0.00684	0.00554	0.00607	0.00594	0.00761	0.00477	0.00445	0.00859	0.01336	0.01694	0.27713	0.04883	0.54890	0.01298	0.00644	0.00180	0.00270	0.01100	0.00535	0.00477
14	0.01137	0.12240	0.68979	0.01479	0.02244	0.01373	0.01884	0.01715	0.01146	0.01673	0.00952	0.01118	0.00692	0.00512	0.00498	0.00166	0.00779	0.00389	0.00231	0.00793
15	0.01311	0.01257	0.02145	0.12358	0.68723	0.01285	0.01654	0.01640	0.01223	0.01735	0.01019	0.01362	0.00847	0.00493	0.00540	0.00164	0.00657	0.00486	0.00267	0.00833
16	0.01794	0.01001	0.01373	0.01117	0.01370	0.01097	0.00922	0.01973	0.01225	0.40026	0.01510	0.01589	0.01087	0.00991	0.06362	0.00236	0.28824	0.00510	0.00469	0.06523
17	0.01130	0.00969	0.01130	0.00807	0.01292	0.00727	0.00646	0.01373	0.01130	0.01776	0.00969	0.01130	0.00807	0.00404	0.00404	0.00081	0.00404	0.00323	0.00323	0.84173
18	0.00788	0.00589	0.00807	0.04549	0.04121	0.00583	0.00651	0.04225	0.01138	0.01517	0.02745	0.64600	0.03206	0.01542	0.00680	0.00217	0.00375	0.06687	0.00486	0.00494
19	0.01291	0.01236	0.02108	0.17139	0.64099	0.01280	0.01644	0.01622	0.01214	0.01711	0.01015	0.01368	0.00839	0.00496	0.00541	0.00165	0.00662	0.00486	0.00265	0.00817
20	0.00766	0.00557	0.00721	0.00680	0.00811	0.00512	0.00510	0.01018	0.01530	0.02155	0.74011	0.04124	0.08305	0.01126	0.00643	0.00172	0.00258	0.00993	0.00596	0.00512
21	0.01507	0.01360	0.01471	0.01258	0.01499	0.07436	0.01012	0.17398	0.32818	0.02157	0.01476	0.01552	0.01154	0.00773	0.00917	0.00193	0.24274	0.00528	0.00437	0.00779
22	0.01311	0.01256	0.02143	0.12506	0.68580	0.01285	0.01654	0.01639	0.01223	0.01734	0.01019	0.01362	0.00847	0.00493	0.00540	0.00164	0.00657	0.00486	0.00267	0.00833
23	0.01399	0.01281	0.01878	0.28894	0.36981	0.06656	0.01482	0.08460	0.01346	0.04873	0.01066	0.01376	0.00831	0.00534	0.00539	0.00168	0.00686	0.00479	0.00303	0.00768
24	0.00843	0.00602	0.00837	0.00963	0.01073	0.00597	0.00816	0.01068	0.01220	0.01592	0.02906	0.18548	0.03216	0.01540	0.00743	0.00246	0.00471	0.61724	0.00503	0.00492
25	0.01891	0.01421	0.01538	0.01173	0.01615	0.01515	0.00964	0.60958	0.04077	0.03119	0.01271	0.01295	0.00924	0.00613	0.00521	0.00150	0.00562	0.00465	0.00507	0.15420
26	0.01566	0.01206	0.01892	0.02554	0.51668	0.01197	0.01382	0.05494	0.06156	0.15471	0.01314	0.01483	0.01005	0.00574	0.00576	0.02097	0.00589	0.00501	0.00374	0.02900
27	0.04176	0.01538	0.16922	0.10845	0.31297	0.01303	0.01474	0.08351	0.13112	0.01967	0.01314	0.01497	0.02646	0.00574	0.00534	0.00171	0.00634	0.00498	0.00336	0.00810
28	0.01346	0.01303	0.02258	0.03299	0.74079	0.01299	0.04997	0.01676	0.01243	0.01780	0.01029	0.01355	0.00862	0.00485	0.00544	0.00163	0.00660	0.00493	0.00270	0.00858
29	0.00697	0.00543	0.00635	0.00645	0.00783	0.00480	0.00476	0.00872	0.01312	0.01706	0.29359	0.17422	0.38404	0.01348	0.00655	0.00188	0.00283	0.03176	0.00538	0.00477
30	0.01093	0.01499	0.21426	0.01882	0.19701	0.01070	0.16368	0.01491	0.01264	0.01776	0.12241	0.04982	0.05692	0.00745	0.00597	0.00181	0.00646	0.06290	0.00346	0.00710
31	0.01349	0.01295	0.02213	0.03346	0.77440	0.01295	0.01673	0.01673	0.01241	0.01781	0.01025	0.01349	0.00864	0.00486	0.00540	0.00162	0.00648	0.00486	0.00270	0.00864
32	0.01083	0.01023	0.01732	0.66823	0.16045	0.01225	0.01541	0.01440	0.01115	0.01458	0.00978	0.01436	0.00750	0.00535	0.00544	0.00178	0.00714	0.00485	0.00247	0.00649
33	0.01328	0.00985	0.01143	0.01052	0.01291	0.01056	0.00850	0.29774	0.08347	0.02325	0.02250	0.21366	0.02269	0.01159	0.00642	0.00205	0.00490	0.22260	0.00524	0.00683
34	0.01227	0.01149	0.01826	0.32382	0.36316	0.01273	0.01477	0.01769	0.13728	0.01715	0.01203	0.01504	0.00944	0.00551	0.00544	0.00173	0.00642	0.00507	0.00307	0.00764
35	0.00773	0.00612	0.00720	0.00662	0.00857	0.00522	0.00498	0.00973	0.01337	0.01812	0.34720	0.09630	0.30037	0.01145	0.00611	0.00166	0.00290	0.00986	0.00518	0.13130
36	0.01333	0.01279	0.02184	0.07172	0.73740	0.01291	0.01665	0.01659	0.01234	0.01762	0.01023	0.01355	0.00857	0.00489	0.00540	0.00163	0.00652	0.00486	0.00268	0.00851
37	0.01862	0.00957	0.01209	0.00912	0.01353	0.00800	0.00742	0.02153	0.05223	0.43402	0.01680	0.01573	0.01148	0.00569	0.00491	0.00134	0.00438	0.00461	0.00527	0.34366
38	0.00793	0.00529	0.00595	0.00595	0.00595	0.00529	0.00330	0.00793	0.00793	0.01057	0.01718	0.03568	0.01982	0.80840	0.02775	0.00529	0.00529	0.00793	0.00330	0.00330
39	0.00708	0.00536	0.00653	0.00664	0.00786	0.00481	0.00483	0.00891	0.01334	0.01783	0.38016	0.22752	0.26257	0.01336	0.00656	0.00187	0.00277	0.01170	0.00550	0.00481
40	0.01301	0.01246	0.02126	0.14857	0.66306	0.01283	0.01649	0.01631	0.01219	0.01722	0.01017	0.01365	0.00843	0.00495	0.00541	0.00165	0.00660	0.00486	0.00266	0.00825
41	0.01017	0.00734	0.00968	0.00905	0.01061	0.00834	0.00713	0.13452	0.01183	0.01699	0.01465	0.01993	0.01293	0.03193	0.58319	0.00687	0.01204	0.00561	0.08157	0.00562
42	0.00673	0.00553	0.00592	0.00582	0.00754	0.00472	0.00437	0.00838	0.01310	0.01634	0.21669	0.04982	0.60972	0.01321	0.00644	0.00181	0.00272	0.01113	0.00527	0.00472
43	0.02037	0.02598	0.01545	0.01404	0.01685	0.78652	0.01053	0.02177	0.01545	0.01334	0.00843	0.00983	0.00702	0.00562	0.00492	0.00140	0.00983	0.00351	0.00281	0.00632
44	0.00789	0.00569	0.00754	0.00739	0.00867	0.00533	0.00575	0.01046	0.01495	0.02094	0.64765	0.04419	0.04809	0.01180	0.00661	0.00185	0.00298	0.13126	0.00584	0.00512
45	0.01856	0.02299	0.01586	0.13288	0.05090	0.63794	0.01148	0.02038	0.01464	0.01361	0.00869	0.01069	0.00713	0.00556	0.00502	0.00148	0.00931	0.00377	0.00275	0.00637
46	0.01193	0.01193	0.01670	0.01431	0.01431	0.01670	0.01193	0.01312	0.00835	0.01312	0.00716	0.01193	0.00716	0.00954	0.01789	0.00239	0.79843	0.00477	0.00239	0.00596
47	0.00676	0.00512	0.00624	0.00684	0.00778	0.00460	0.00479	0.00811	0.01188	0.01549	0.16140	0.44784	0.26322	0.01509	0.00671	0.00202	0.00294	0.01334	0.00522	0.00460
48	0.00813	0.00581	0.00803	0.00929	0.01026	0.00571	0.00765	0.01017	0.01191	0.01558	0.02923	0.28830	0.03280	0.01568	0.00736	0.00242	0.00445	0.51735	0.00503	0.00484
49	0.01130	0.00969	0.01130	0.00807	0.01292	0.00727	0.00646	0.01373	0.01130	0.01776	0.00969	0.01130	0.00807	0.00404	0.00404	0.00081	0.00404	0.00323	0.00323	0.84173
50	0.01356	0.01171	0.01233	0.01109	0.01418	0.01356	0.00863	0.02897	0.76455	0.02281	0.02219	0.02034	0.01664	0.00740	0.00555	0.00185	0.00431	0.00616	0.00555	0.00863
51	0.01030	0.00969	0.01635	0.79530	0.03755	0.01211	0.01514	0.01393	0.01090	0.01393	0.00969	0.01453	0.00727	0.00545	0.00545	0.00182	0.00727	0.00484	0.00242	0.00606
52	0.00779	0.00584	0.00876	0.00876	0.00974	0.00681	0.00681	0.00974	0.00876	0.01266	0.01460	0.02142	0.01363	0.04089	0.78680	0.00876	0.01460	0.00584	0.00292	0.00487

[dist]
# distance from previous block
# <min> <max>
0	1

[block]
# block no. 2 follows, 44 sequences, length 20
# corresponding to MSA columns:
# 127-146
name=unknown_C
#
# <colnr> <probs for GDERKNQSTAVLIFYWHMCP>
#	G	D	E	R	K	N	Q	S	T	A	V	L	I	F	Y	W	H	M	C	P
0	0.00833	0.00571	0.00748	0.00696	0.00835	0.00525	0.00525	0.01088	0.01544	0.04940	0.74421	0.03992	0.05006	0.01099	0.00640	0.00171	0.00265	0.00970	0.00603	0.00529
1	0.01823	0.01205	0.01328	0.01076	0.01432	0.03905	0.00867	0.30633	0.15859	0.20527	0.13545	0.01995	0.01817	0.00744	0.00561	0.00169	0.00496	0.00600	0.00577	0.00840
2	0.15630	0.01823	0.01393	0.01202	0.01537	0.32767	0.00940	0.21385	0.14260	0.02226	0.01181	0.01228	0.00904	0.00607	0.00491	0.00159	0.00698	0.00423	0.00405	0.00741
3	0.05250	0.52363	0.08482	0.10405	0.01752	0.01827	0.01068	0.03791	0.05112	0.04154	0.00941	0.01074	0.00777	0.00509	0.00409	0.00138	0.00599	0.00355	0.00280	0.00715
4	0.00762	0.00530	0.00634	0.00677	0.00715	0.00515	0.00443	0.00825	0.00943	0.01237	0.02475	0.21201	0.08994	0.46743	0.01883	0.00397	0.00456	0.09777	0.00405	0.00387
5	0.01458	0.81168	0.02857	0.00933	0.01399	0.02157	0.00933	0.01632	0.01108	0.01283	0.00758	0.00875	0.00700	0.00466	0.00350	0.00117	0.00583	0.00292	0.00233	0.00700
6	0.00820	0.00669	0.00770	0.00670	0.00918	0.00551	0.00512	0.01023	0.01297	0.01773	0.25919	0.05575	0.32071	0.01033	0.00578	0.00152	0.00307	0.00878	0.00483	0.24001
7	0.01349	0.01295	0.02213	0.03346	0.77440	0.01295	0.01673	0.01673	0.01241	0.01781	0.01025	0.01349	0.00864	0.00486	0.00540	0.00162	0.00648	0.00486	0.00270	0.00864
8	0.01838	0.01261	0.01382	0.01113	0.01499	0.03071	0.00897	0.31823	0.22091	0.17710	0.01738	0.04043	0.01279	0.00693	0.00541	0.00165	0.00512	0.00553	0.00549	0.07242
9	0.00682	0.00487	0.00653	0.00779	0.00819	0.00458	0.00537	0.00790	0.01061	0.01412	0.02995	0.74312	0.03567	0.01691	0.00701	0.00224	0.00332	0.07547	0.00506	0.00448
10	0.01248	0.00671	0.00873	0.00772	0.00986	0.00606	0.00596	0.01499	0.03174	0.23843	0.42456	0.09315	0.09648	0.01046	0.00618	0.00176	0.00327	0.00908	0.00606	0.00631
11	0.01617	0.01338	0.01748	0.01395	0.05232	0.01364	0.12618	0.35162	0.10613	0.02580	0.01292	0.01380	0.00967	0.00569	0.00529	0.00150	0.00588	0.00491	0.00441	0.19927
12	0.14381	0.43049	0.27060	0.01102	0.01659	0.01720	0.01232	0.01658	0.01094	0.01610	0.00830	0.00966	0.00680	0.00489	0.00403	0.00143	0.00630	0.00328	0.00249	0.00717
13	0.01346	0.27132	0.27469	0.01104	0.01612	0.01392	0.01192	0.06276	0.01255	0.09519	0.03107	0.01716	0.06818	0.07061	0.00663	0.00183	0.00612	0.00489	0.00334	0.00721
14	0.01448	0.13615	0.01916	0.01273	0.01651	0.03366	0.21729	0.04488	0.01406	0.17712	0.15500	0.05127	0.06876	0.00743	0.00571	0.00167	0.00575	0.00684	0.00446	0.00705
15	0.00790	0.00564	0.00777	0.00903	0.00990	0.00551	0.00725	0.00977	0.01168	0.01532	0.02935	0.36856	0.03331	0.01589	0.00729	0.00239	0.00425	0.43937	0.00504	0.00478
16	0.01171	0.06977	0.28218	0.23318	0.14841	0.01332	0.13260	0.01623	0.01167	0.01618	0.00988	0.01298	0.00750	0.00508	0.00538	0.00171	0.00762	0.00469	0.00247	0.00742
17	0.01706	0.14744	0.13725	0.01255	0.01707	0.15886	0.01150	0.27650	0.12943	0.02259	0.01218	0.01262	0.00922	0.00598	0.00501	0.00156	0.00675	0.00438	0.00398	0.00807
18	0.01542	0.01157	0.01757	0.04396	0.32045	0.01161	0.05562	0.12500	0.01497	0.15337	0.07784	0.01837	0.04811	0.00649	0.00596	0.00167	0.02994	0.00574	0.00419	0.03215
19	0.01833	0.20056	0.15968	0.01209	0.01673	0.23523	0.01141	0.05943	0.01430	0.20482	0.01198	0.01223	0.00872	0.00565	0.00481	0.00149	0.00710	0.00403	0.00372	0.00769

[dist]
# distance from previous block
# <min> <max>
0	1

[block]
# block no. 3 follows, 44 sequences, length 20
# corresponding to MSA columns:
# 148-167
name=unknown_D
#
# <colnr> <probs for GDERKNQSTAVLIFYWHMCP>
#	G	D	E	R	K	N	Q	S	T	A	V	L	I	F	Y	W	H	M	C	P
0	0.01169	0.01111	0.01887	0.46380	0.35817	0.01248	0.01583	0.01515	0.01156	0.01562	0.00994	0.01408	0.00786	0.00519	0.00543	0.00173	0.00692	0.00485	0.00254	0.00718
1	0.01411	0.01275	0.02160	0.03213	0.73177	0.01268	0.01624	0.01728	0.01259	0.06043	0.01089	0.01378	0.00891	0.00496	0.00540	0.00162	0.00637	0.00489	0.00293	0.00867
2	0.01532	0.01544	0.15244	0.03485	0.22716	0.01302	0.13832	0.10693	0.03117	0.13588	0.01241	0.01414	0.00915	0.00576	0.00644	0.00175	0.06281	0.00510	0.00363	0.00826
3	0.02102	0.01409	0.20764	0.01118	0.01638	0.00919	0.01109	0.02421	0.01456	0.58486	0.01853	0.01677	0.01182	0.00635	0.00541	0.00170	0.00551	0.00511	0.00562	0.00897
4	0.00961	0.00848	0.01352	0.35522	0.14911	0.00937	0.01139	0.01248	0.01213	0.01633	0.17974	0.13408	0.04947	0.00855	0.00591	0.00182	0.00536	0.00770	0.00372	0.00600
5	0.01281	0.01216	0.02065	0.14088	0.63181	0.01250	0.01611	0.01606	0.01220	0.01718	0.01109	0.01601	0.00956	0.00544	0.00551	0.00169	0.00652	0.04095	0.00277	0.00809
6	0.07467	0.01070	0.01501	0.01576	0.20710	0.01014	0.01025	0.07232	0.01506	0.48633	0.01718	0.01628	0.01149	0.00614	0.00532	0.00167	0.00517	0.00512	0.00541	0.00890
7	0.00679	0.00493	0.00642	0.00733	0.00791	0.00455	0.00501	0.00802	0.01135	0.01519	0.14570	0.63432	0.09045	0.01594	0.00684	0.00211	0.00304	0.01435	0.00521	0.00455
8	0.22604	0.01193	0.01732	0.02045	0.32676	0.01289	0.06440	0.01734	0.02841	0.09424	0.01058	0.01283	0.00837	0.00580	0.00675	0.00177	0.11873	0.00456	0.00330	0.00753
9	0.03171	0.01135	0.01623	0.05883	0.28951	0.05361	0.04002	0.05253	0.01392	0.21173	0.07092	0.09540	0.01555	0.00716	0.00563	0.00171	0.00566	0.00639	0.00434	0.00779
10	0.00963	0.00623	0.00762	0.00717	0.00899	0.00566	0.00549	0.01216	0.04296	0.11363	0.34811	0.09764	0.25801	0.01185	0.00637	0.00183	0.00311	0.04227	0.00569	0.00558
11	0.00766	0.00517	0.00603	0.00629	0.00636	0.00510	0.00367	0.00786	0.00846	0.01128	0.01989	0.19776	0.02324	0.64165	0.02337	0.00464	0.00484	0.00952	0.00367	0.00354
12	0.01134	0.01762	0.28594	0.21164	0.02260	0.12130	0.01407	0.01512	0.01120	0.01464	0.01086	0.01504	0.00892	0.04376	0.16955	0.00331	0.00937	0.00469	0.00257	0.00645
13	0.01211	0.28142	0.53724	0.01353	0.02049	0.01554	0.01665	0.01696	0.01137	0.01583	0.00907	0.01062	0.00694	0.00501	0.00464	0.00155	0.00734	0.00367	0.00231	0.00771
14	0.01380	0.01140	0.01825	0.02606	0.55648	0.01141	0.01364	0.01754	0.05549	0.07499	0.01293	0.01531	0.01027	0.00537	0.00517	0.00158	0.00561	0.00501	0.13154	0.00814
15	0.00748	0.00510	0.00608	0.00651	0.00662	0.00499	0.00391	0.00781	0.00879	0.01172	0.02161	0.30078	0.02542	0.53566	0.02058	0.00423	0.00455	0.01054	0.00391	0.00369
16	0.01202	0.01061	0.01030	0.00985	0.01192	0.11093	0.00762	0.12843	0.13331	0.01889	0.02676	0.22832	0.12921	0.01163	0.00625	0.00196	0.00490	0.12599	0.00490	0.00620
17	0.01684	0.14678	0.09326	0.01629	0.10958	0.40486	0.06452	0.01992	0.05072	0.01494	0.00951	0.01113	0.00776	0.00535	0.00491	0.00148	0.00831	0.00397	0.00280	0.00706
18	0.01036	0.00881	0.01020	0.00763	0.01179	0.00674	0.00604	0.01264	0.01176	0.01762	0.07003	0.01925	0.12004	0.00593	0.00455	0.00102	0.00375	0.00488	0.00369	0.66330
19	0.00982	0.11796	0.18659	0.01128	0.01527	0.01015	0.11583	0.01310	0.01267	0.01686	0.16385	0.03053	0.21188	0.00894	0.00584	0.00174	0.00537	0.05217	0.00393	0.00621

[dist]
# distance from previous block
# <min> <max>
3	5

[block]
# block no. 4 follows, 44 sequences, length 16
# corresponding to MSA columns:
# 173-188
name=unknown_E
#
# <colnr> <probs for GDERKNQSTAVLIFYWHMCP>
#	G	D	E	R	K	N	Q	S	T	A	V	L	I	F	Y	W	H	M	C	P
0	0.65400	0.01086	0.01057	0.00882	0.01236	0.01211	0.06417	0.06261	0.01115	0.05658	0.04664	0.01157	0.00888	0.00549	0.00398	0.00170	0.00465	0.00379	0.00373	0.00633
1	0.01275	0.01737	0.24185	0.02827	0.55677	0.01287	0.01772	0.01689	0.01215	0.01765	0.01012	0.01292	0.00813	0.00495	0.00533	0.00165	0.00693	0.00462	0.00258	0.00847
2	0.20473	0.00722	0.00797	0.00718	0.00941	0.00711	0.00560	0.01354	0.01351	0.12815	0.37819	0.05245	0.12554	0.00961	0.00560	0.00173	0.00329	0.00800	0.00535	0.00582
3	0.01747	0.01336	0.01439	0.01127	0.01536	0.01430	0.00917	0.50031	0.12870	0.02913	0.01655	0.01634	0.05789	0.00677	0.00533	0.00156	0.00528	0.00526	0.00513	0.12644
4	0.01289	0.01233	0.02103	0.17782	0.63477	0.01279	0.01643	0.01620	0.01213	0.01708	0.01015	0.01369	0.00838	0.00497	0.00541	0.00166	0.00663	0.00486	0.00265	0.00815
5	0.01458	0.81168	0.02857	0.00933	0.01399	0.02157	0.00933	0.01632	0.01108	0.01283	0.00758	0.00875	0.00700	0.00466	0.00350	0.00117	0.00583	0.00292	0.00233	0.00700
6	0.00999	0.00692	0.00806	0.00771	0.00960	0.00670	0.00578	0.01418	0.15285	0.09957	0.17215	0.20474	0.25636	0.01208	0.00628	0.00188	0.00331	0.01043	0.00551	0.00592
7	0.01294	0.00843	0.00981	0.00877	0.01108	0.00838	0.00673	0.21370	0.01593	0.12577	0.06613	0.28987	0.17643	0.01183	0.00621	0.00188	0.00403	0.01014	0.00545	0.00649
8	0.00793	0.00529	0.00595	0.00595	0.00595	0.00529	0.00330	0.00793	0.00793	0.01057	0.01718	0.03568	0.01982	0.80840	0.02775	0.00529	0.00529	0.00793	0.00330	0.00330
9	0.00664	0.00474	0.00633	0.00759	0.00791	0.00443	0.00506	0.00759	0.01044	0.01392	0.03005	0.80485	0.03606	0.01708	0.00696	0.00221	0.00316	0.01550	0.00506	0.00443
10	0.01111	0.01068	0.01706	0.48874	0.10836	0.01353	0.01438	0.01399	0.01032	0.01410	0.00902	0.01367	0.00738	0.00657	0.00905	0.00196	0.23651	0.00482	0.00244	0.00630
11	0.01319	0.01281	0.02233	0.09411	0.66587	0.01294	0.06527	0.01655	0.01232	0.01748	0.01026	0.01366	0.00850	0.00489	0.00547	0.00165	0.00672	0.00496	0.00268	0.00834
12	0.01318	0.01249	0.02060	0.02988	0.66687	0.01215	0.01528	0.01631	0.01226	0.01780	0.01017	0.01318	0.00856	0.00474	0.00521	0.00150	0.00613	0.00463	0.00277	0.12628
13	0.00664	0.00474	0.00633	0.00759	0.00791	0.00443	0.00506	0.00759	0.01044	0.01392	0.03005	0.80485	0.03606	0.01708	0.00696	0.00221	0.00316	0.01550	0.00506	0.00443
14	0.00978	0.00879	0.01453	0.51706	0.07809	0.01063	0.01283	0.01290	0.01038	0.01382	0.01115	0.01646	0.00920	0.01568	0.23193	0.00382	0.00934	0.00513	0.00259	0.00588
15	0.00793	0.00529	0.00595	0.00595	0.00595	0.00529	0.00330	0.00793	0.00793	0.01057	0.01718	0.03568	0.01982	0.80840	0.02775	0.00529	0.00529	0.00793	0.00330	0.00330

[dist]
# distance from previous block
# <min> <max>
0	0

# created by:
# /home/cegg/simao/soft/augustus-3.2.1/scripts/msa2prfl.pl ./align_prep/29094.fa
