[name]
unknown

[dist]
# distance from previous block
# <min> <max>
0	43

[block]
# block no. 0 follows, 50 sequences, length 24
# corresponding to MSA columns:
# 43-66
name=unknown_A
#
# <colnr> <probs for GDERKNQSTAVLIFYWHMCP>
#	G	D	E	R	K	N	Q	S	T	A	V	L	I	F	Y	W	H	M	C	P
0	0.01334	0.00872	0.01036	0.00948	0.01201	0.00917	0.00776	0.08985	0.27860	0.17675	0.02247	0.04413	0.04604	0.00909	0.00566	0.00183	0.00428	0.23849	0.00511	0.00685
1	0.00850	0.00610	0.00753	0.00707	0.00875	0.00562	0.00525	0.01143	0.08446	0.05995	0.31470	0.25898	0.06682	0.01045	0.00560	0.00160	0.00295	0.00922	0.00485	0.12015
2	0.01081	0.00824	0.00902	0.00718	0.01032	0.04853	0.00561	0.01291	0.01138	0.07595	0.12495	0.05020	0.03104	0.00586	0.00428	0.00108	0.00358	0.00485	0.12061	0.45359
3	0.52441	0.01188	0.01032	0.00911	0.01132	0.11969	0.00741	0.01467	0.00902	0.01828	0.00694	0.00895	0.00584	0.00577	0.00674	0.00167	0.21653	0.00320	0.00278	0.00546
4	0.00965	0.00796	0.00999	0.00911	0.01047	0.00905	0.00748	0.11549	0.01256	0.01701	0.15966	0.03317	0.18703	0.01050	0.00871	0.00190	0.21566	0.16512	0.00418	0.00529
5	0.01106	0.01051	0.01745	0.13484	0.58263	0.01070	0.01354	0.01384	0.01116	0.01541	0.01487	0.01729	0.11384	0.00562	0.00507	0.00153	0.00556	0.00526	0.00273	0.00707
6	0.01113	0.00862	0.00946	0.00860	0.01047	0.11448	0.00666	0.01283	0.00992	0.12024	0.01308	0.01737	0.01133	0.06050	0.46485	0.00528	0.01008	0.00483	0.00318	0.09707
7	0.01895	0.01396	0.01496	0.01147	0.01546	0.01546	0.00947	0.77711	0.02344	0.03141	0.01197	0.01197	0.00848	0.00598	0.00499	0.00150	0.00548	0.00449	0.00499	0.00848
8	0.00639	0.00466	0.00631	0.00705	0.00756	0.00466	0.00493	0.00748	0.00913	0.01232	0.02447	0.53477	0.06737	0.05824	0.21575	0.00370	0.00569	0.01135	0.00404	0.00411
9	0.00605	0.00506	0.00527	0.00522	0.00683	0.00428	0.00391	0.00746	0.01174	0.01436	0.15247	0.04649	0.68918	0.01229	0.00589	0.00167	0.00250	0.01031	0.00475	0.00428
10	0.01226	0.01000	0.01137	0.00830	0.01263	0.00862	0.00670	0.18358	0.01327	0.01964	0.00955	0.01070	0.00763	0.00420	0.00398	0.00091	0.00409	0.00330	0.00341	0.66586
11	0.01189	0.01139	0.01942	0.15066	0.67718	0.01173	0.01507	0.01490	0.01114	0.01574	0.00930	0.01248	0.00770	0.00452	0.00494	0.00151	0.00603	0.00444	0.00243	0.00753
12	0.01218	0.01604	0.23564	0.02080	0.22400	0.01176	0.31705	0.01633	0.01149	0.07081	0.01026	0.01261	0.00764	0.00455	0.00526	0.00159	0.00718	0.00485	0.00265	0.00733
13	0.01778	0.02199	0.01374	0.01248	0.01508	0.69754	0.00940	0.02079	0.11845	0.01337	0.00941	0.01029	0.00761	0.00536	0.00457	0.00134	0.00831	0.00354	0.00291	0.00606
14	0.01045	0.01018	0.01812	0.45202	0.24863	0.01125	0.11881	0.01370	0.01059	0.01419	0.00984	0.04200	0.00807	0.00510	0.00514	0.00163	0.00655	0.00498	0.00242	0.00632
15	0.01062	0.05329	0.01665	0.25330	0.39420	0.01080	0.01267	0.01351	0.01136	0.01565	0.14477	0.01670	0.01424	0.00559	0.00502	0.00153	0.00548	0.00514	0.00290	0.00657
16	0.01394	0.00669	0.00941	0.00850	0.01066	0.00603	0.02903	0.01556	0.01197	0.37008	0.02301	0.31238	0.02194	0.02834	0.00622	0.00189	0.00394	0.10901	0.00523	0.00620
17	0.00592	0.00495	0.00515	0.00531	0.00680	0.00419	0.00390	0.00712	0.01112	0.01336	0.04738	0.15270	0.68899	0.01303	0.00595	0.00173	0.00257	0.01101	0.00463	0.00419
18	0.00698	0.00520	0.00771	0.00787	0.00867	0.00594	0.00601	0.00864	0.00822	0.01173	0.01526	0.12816	0.01524	0.03444	0.69694	0.00720	0.01194	0.00654	0.00294	0.00440
19	0.01187	0.13044	0.46148	0.05680	0.05590	0.01326	0.06214	0.12032	0.01233	0.01726	0.00917	0.01079	0.00679	0.00481	0.00466	0.00150	0.00679	0.00387	0.00255	0.00728
20	0.00712	0.00534	0.00801	0.00801	0.00890	0.00623	0.00623	0.00890	0.00801	0.01157	0.01335	0.01958	0.01246	0.03738	0.80507	0.00801	0.01335	0.00534	0.00267	0.00445
21	0.00607	0.00434	0.00578	0.00694	0.00723	0.00405	0.00463	0.00694	0.00954	0.01272	0.02747	0.82157	0.03297	0.01562	0.00636	0.00202	0.00289	0.01417	0.00463	0.00405
22	0.00708	0.00505	0.00582	0.00603	0.00662	0.00485	0.00410	0.00778	0.00895	0.01148	0.02553	0.04038	0.19553	0.49359	0.01760	0.00366	0.00426	0.14444	0.00367	0.00357
23	0.01323	0.01363	0.01903	0.06020	0.63707	0.13932	0.01433	0.01593	0.01174	0.01548	0.00909	0.01184	0.00761	0.00458	0.00487	0.00146	0.00644	0.00424	0.00247	0.00746

[dist]
# distance from previous block
# <min> <max>
0	3

[block]
# block no. 1 follows, 50 sequences, length 86
# corresponding to MSA columns:
# 70-155
name=unknown_B
#
# <colnr> <probs for GDERKNQSTAVLIFYWHMCP>
#	G	D	E	R	K	N	Q	S	T	A	V	L	I	F	Y	W	H	M	C	P
0	0.01000	0.02578	0.79900	0.01421	0.02157	0.01158	0.01842	0.01579	0.01052	0.01579	0.00895	0.01052	0.00631	0.00474	0.00474	0.00158	0.00737	0.00368	0.00210	0.00737
1	0.86003	0.00964	0.00733	0.00655	0.00964	0.01118	0.00540	0.01465	0.00848	0.02236	0.00694	0.00810	0.00540	0.00463	0.00308	0.00154	0.00386	0.00270	0.00308	0.00540
2	0.00872	0.00590	0.00748	0.00684	0.00838	0.00565	0.00521	0.01219	0.08935	0.07825	0.65810	0.03390	0.04133	0.00955	0.00574	0.00158	0.00265	0.00838	0.00550	0.00530
3	0.00596	0.00478	0.00533	0.00576	0.00692	0.00415	0.00410	0.00707	0.01068	0.01319	0.04185	0.33840	0.50686	0.01375	0.00607	0.00181	0.00266	0.01189	0.00463	0.00415
4	0.00705	0.00510	0.00666	0.00627	0.00745	0.00470	0.00470	0.00941	0.01411	0.01999	0.79110	0.03723	0.04703	0.01019	0.00588	0.00157	0.00235	0.00901	0.00549	0.00470
5	0.00726	0.00505	0.00648	0.00612	0.00730	0.00470	0.00459	0.00961	0.01377	0.01986	0.71975	0.03552	0.04388	0.00979	0.00566	0.00153	0.00235	0.00861	0.08349	0.00470
6	0.01126	0.01630	0.24060	0.01967	0.14824	0.01253	0.34399	0.01530	0.01083	0.01547	0.00920	0.01213	0.00714	0.00496	0.00673	0.00168	0.10984	0.00484	0.00235	0.00693
7	0.01234	0.01184	0.02023	0.03059	0.79373	0.01184	0.01530	0.01530	0.01135	0.01628	0.00938	0.01234	0.00790	0.00444	0.00493	0.00148	0.00592	0.00444	0.00247	0.00790
8	0.01655	0.34252	0.01897	0.01100	0.01437	0.42000	0.00918	0.08766	0.01339	0.01378	0.00779	0.00887	0.00660	0.00487	0.00402	0.00122	0.00721	0.00311	0.00262	0.00627
9	0.09647	0.00953	0.01077	0.00841	0.01207	0.03941	0.00680	0.08667	0.01248	0.25527	0.01264	0.01314	0.00926	0.00809	0.08242	0.00186	0.00519	0.00394	0.00409	0.32149
10	0.01330	0.04565	0.01956	0.02710	0.64806	0.12932	0.01419	0.01596	0.01171	0.01550	0.00903	0.01167	0.00762	0.00454	0.00480	0.00144	0.00635	0.00419	0.00247	0.00752
11	0.00708	0.10896	0.00819	0.00621	0.00776	0.00621	0.00477	0.00847	0.01120	0.01418	0.16780	0.24785	0.35984	0.01194	0.00567	0.00168	0.00295	0.01024	0.00446	0.00453
12	0.01055	0.01307	0.21976	0.00932	0.01415	0.00795	0.00931	0.02389	0.01066	0.04606	0.01069	0.03399	0.00908	0.02601	0.00479	0.00120	0.00476	0.03339	0.00299	0.50838
13	0.01061	0.00918	0.01535	0.50122	0.07472	0.01040	0.08659	0.04618	0.01126	0.05906	0.03729	0.04382	0.04080	0.00604	0.00523	0.00167	0.00611	0.02557	0.00295	0.00594
14	0.01091	0.01091	0.01527	0.01309	0.01309	0.01527	0.01091	0.01200	0.00763	0.01200	0.00654	0.01091	0.00654	0.00872	0.01636	0.00218	0.81570	0.00436	0.00218	0.00545
15	0.01139	0.01116	0.08792	0.00857	0.01323	0.00824	0.00758	0.10959	0.01201	0.01812	0.00926	0.01056	0.00742	0.00408	0.00396	0.00092	0.00428	0.00322	0.00313	0.66538
16	0.01047	0.05836	0.51451	0.01390	0.01898	0.01302	0.04560	0.01470	0.00975	0.01455	0.00823	0.01063	0.00643	0.00580	0.00795	0.00173	0.23258	0.00391	0.00214	0.00676
17	0.00674	0.00529	0.00617	0.00653	0.00764	0.00499	0.00466	0.00920	0.08637	0.01459	0.12105	0.38773	0.29447	0.01311	0.00602	0.00182	0.00281	0.01150	0.00477	0.00455
18	0.09860	0.11927	0.01422	0.01025	0.01369	0.33716	0.00821	0.11180	0.01347	0.04654	0.00876	0.00973	0.00700	0.00483	0.00411	0.00121	0.00633	0.00327	0.00308	0.17848
19	0.00662	0.00502	0.00611	0.00603	0.00728	0.00451	0.00450	0.00848	0.01272	0.01708	0.46202	0.11772	0.27978	0.01159	0.00596	0.00167	0.00252	0.03081	0.00511	0.00448
20	0.01092	0.00957	0.01244	0.00892	0.01339	0.00768	0.08124	0.05238	0.01115	0.01700	0.00914	0.01072	0.00746	0.00386	0.00397	0.00087	0.00424	0.00332	0.00302	0.72871
21	0.01862	0.02376	0.01413	0.01284	0.01541	0.80482	0.00963	0.01990	0.01413	0.01220	0.00770	0.00899	0.00642	0.00514	0.00449	0.00128	0.00899	0.00321	0.00257	0.00578
22	0.00607	0.00434	0.00578	0.00694	0.00723	0.00405	0.00463	0.00694	0.00954	0.01272	0.02747	0.82157	0.03297	0.01562	0.00636	0.00202	0.00289	0.01417	0.00463	0.00405
23	0.01101	0.01123	0.01706	0.01409	0.01473	0.01493	0.10765	0.01250	0.00816	0.01250	0.00699	0.01123	0.00667	0.00815	0.01503	0.00212	0.71357	0.00455	0.00222	0.00561
24	0.00675	0.00508	0.00624	0.00595	0.00726	0.00457	0.00446	0.00881	0.01338	0.01826	0.59494	0.04008	0.24427	0.01083	0.00588	0.00160	0.00240	0.00941	0.00526	0.00457
25	0.00776	0.00554	0.00772	0.00887	0.00990	0.00550	0.00756	0.00986	0.01121	0.01461	0.02654	0.16280	0.02928	0.01403	0.00681	0.00226	0.00435	0.65630	0.00459	0.00451
26	0.00778	0.00556	0.00775	0.00890	0.00994	0.00552	0.00760	0.00990	0.01123	0.01464	0.02653	0.15305	0.02923	0.01400	0.00682	0.00226	0.00437	0.66580	0.00459	0.00452
27	0.01113	0.00903	0.01000	0.00921	0.01157	0.01005	0.00722	0.02135	0.53284	0.04025	0.16270	0.02621	0.03740	0.00817	0.00541	0.00172	0.00370	0.08000	0.00512	0.00693
28	0.00729	0.00514	0.00702	0.00814	0.00894	0.00503	0.00652	0.00901	0.01067	0.01416	0.02650	0.36151	0.02990	0.01426	0.00657	0.00215	0.00384	0.43749	0.03149	0.00437
29	0.01124	0.01085	0.01785	0.36235	0.45330	0.02982	0.01455	0.01432	0.01083	0.01468	0.00912	0.01266	0.00733	0.00469	0.00495	0.00155	0.00630	0.00441	0.00236	0.00685
30	0.01837	0.01367	0.01463	0.01135	0.01524	0.01519	0.00933	0.71056	0.09094	0.03048	0.01270	0.01255	0.00907	0.00605	0.00499	0.00151	0.00535	0.00459	0.00499	0.00842
31	0.00607	0.00434	0.00578	0.00694	0.00723	0.00405	0.00463	0.00694	0.00954	0.01272	0.02747	0.82157	0.03297	0.01562	0.00636	0.00202	0.00289	0.01417	0.00463	0.00405
32	0.01142	0.01080	0.01768	0.02390	0.52365	0.01119	0.05337	0.01514	0.08639	0.01597	0.01257	0.11529	0.01167	0.00636	0.00596	0.00163	0.06100	0.00586	0.00298	0.00718
33	0.01815	0.01357	0.01451	0.01131	0.01515	0.01508	0.00928	0.68572	0.11613	0.03013	0.01298	0.01277	0.00930	0.00608	0.00500	0.00152	0.00530	0.00463	0.00500	0.00841
34	0.01080	0.01023	0.01733	0.37575	0.42687	0.01120	0.01423	0.01384	0.01067	0.01457	0.00986	0.04454	0.00833	0.00512	0.00501	0.00158	0.00612	0.00482	0.00244	0.00670
35	0.01545	0.13735	0.11643	0.01612	0.17929	0.42480	0.01177	0.01770	0.01251	0.01344	0.00810	0.00974	0.00671	0.00481	0.00443	0.00133	0.00761	0.00345	0.00243	0.00651
36	0.00714	0.00519	0.00722	0.00717	0.00788	0.00570	0.00527	0.00857	0.00860	0.01218	0.11231	0.02495	0.01819	0.22308	0.51669	0.00643	0.00991	0.00626	0.00311	0.00414
37	0.00751	0.00517	0.00649	0.00614	0.00735	0.00489	0.00461	0.01016	0.03334	0.01981	0.65971	0.03407	0.04128	0.00947	0.00551	0.00151	0.00239	0.00830	0.12751	0.00478
38	0.01070	0.12494	0.44882	0.01183	0.01720	0.01219	0.01351	0.01748	0.18433	0.01678	0.08326	0.01446	0.01207	0.00563	0.00472	0.00154	0.00587	0.00448	0.00308	0.00711
39	0.01000	0.02578	0.79900	0.01421	0.02157	0.01158	0.01842	0.01579	0.01052	0.01579	0.00895	0.01052	0.00631	0.00474	0.00474	0.00158	0.00737	0.00368	0.00210	0.00737
40	0.01186	0.01145	0.01575	0.02084	0.42367	0.08993	0.01184	0.04393	0.01200	0.01616	0.08847	0.03591	0.03448	0.00688	0.00628	0.00163	0.08016	0.07893	0.00315	0.00667
41	0.00736	0.00502	0.00642	0.00642	0.00688	0.00539	0.00437	0.00827	0.00781	0.01114	0.01479	0.02619	0.01539	0.43905	0.34178	0.00584	0.00811	0.00627	0.06976	0.00373
42	0.01783	0.02211	0.01376	0.01250	0.01510	0.70456	0.00941	0.02074	0.11162	0.01329	0.00930	0.01020	0.00753	0.00534	0.00457	0.00134	0.00835	0.00352	0.00288	0.00605
43	0.00866	0.00433	0.00649	0.00649	0.00649	0.00433	0.00433	0.00649	0.00649	0.00866	0.00866	0.01515	0.00866	0.01732	0.01948	0.85498	0.00433	0.00433	0.00216	0.00216
44	0.01166	0.01245	0.02490	0.10068	0.24030	0.01235	0.45996	0.01531	0.01131	0.01559	0.00963	0.01302	0.00753	0.00452	0.00593	0.00164	0.03859	0.00528	0.00246	0.00688
45	0.01054	0.01036	0.01456	0.01259	0.01268	0.01438	0.01045	0.01169	0.00767	0.01195	0.00721	0.01175	0.00712	0.01152	0.09336	0.00275	0.73737	0.00446	0.00223	0.00535
46	0.01228	0.01397	0.01665	0.01375	0.01626	0.26681	0.25182	0.01435	0.01160	0.01354	0.01411	0.24594	0.01448	0.00812	0.00629	0.00169	0.06235	0.00731	0.00312	0.00556
47	0.00712	0.00534	0.00801	0.00801	0.00890	0.00623	0.00623	0.00890	0.00801	0.01157	0.01335	0.01958	0.01246	0.03738	0.80507	0.00801	0.01335	0.00534	0.00267	0.00445
48	0.00719	0.00508	0.00670	0.00670	0.00713	0.00552	0.00459	0.00806	0.00762	0.01060	0.01455	0.02623	0.01535	0.43900	0.40740	0.00639	0.00901	0.00631	0.00285	0.00372
49	0.00819	0.00657	0.00722	0.00692	0.00844	0.00671	0.00504	0.01303	0.23011	0.01599	0.16493	0.09300	0.24929	0.15161	0.00907	0.00224	0.00332	0.00858	0.00463	0.00512
50	0.00607	0.00434	0.00578	0.00694	0.00723	0.00405	0.00463	0.00694	0.00954	0.01272	0.02747	0.82157	0.03297	0.01562	0.00636	0.00202	0.00289	0.01417	0.00463	0.00405
51	0.01412	0.01451	0.01336	0.01384	0.12613	0.23315	0.00944	0.02304	0.45855	0.01778	0.01521	0.01502	0.01171	0.00597	0.00489	0.00155	0.00564	0.00479	0.00400	0.00730
52	0.01612	0.27847	0.01758	0.01093	0.01422	0.47677	0.00892	0.01760	0.01248	0.01244	0.00757	0.00880	0.00651	0.00472	0.00400	0.00116	0.00731	0.00301	0.00247	0.08891
53	0.01034	0.02341	0.65118	0.01551	0.02243	0.01177	0.16386	0.01582	0.01076	0.01582	0.00916	0.01108	0.00655	0.00463	0.00496	0.00160	0.00757	0.00411	0.00218	0.00724
54	0.86003	0.00964	0.00733	0.00655	0.00964	0.01118	0.00540	0.01465	0.00848	0.02236	0.00694	0.00810	0.00540	0.00463	0.00308	0.00154	0.00386	0.00270	0.00308	0.00540
55	0.00639	0.00516	0.00575	0.00585	0.00737	0.00451	0.00455	0.00799	0.01184	0.01476	0.17067	0.04737	0.55746	0.01238	0.00603	0.00175	0.00279	0.11827	0.00477	0.00435
56	0.01000	0.02578	0.79900	0.01421	0.02157	0.01158	0.01842	0.01579	0.01052	0.01579	0.00895	0.01052	0.00631	0.00474	0.00474	0.00158	0.00737	0.00368	0.00210	0.00737
57	0.00716	0.00519	0.00726	0.00726	0.00789	0.00582	0.00530	0.00842	0.00779	0.01102	0.01404	0.02337	0.01411	0.26641	0.57830	0.00709	0.01087	0.00590	0.00277	0.00403
58	0.00606	0.00441	0.00571	0.00676	0.00718	0.00406	0.00454	0.00696	0.00972	0.01280	0.02972	0.74605	0.10704	0.01532	0.00632	0.00199	0.00286	0.01381	0.00463	0.00406
59	0.00941	0.00886	0.01495	0.81285	0.03433	0.01107	0.01384	0.01274	0.00997	0.01274	0.00886	0.01329	0.00664	0.00498	0.00498	0.00166	0.00664	0.00443	0.00221	0.00554
60	0.01202	0.11749	0.27142	0.11407	0.01999	0.03975	0.08727	0.07728	0.17865	0.01711	0.01144	0.01265	0.00858	0.00520	0.00477	0.00154	0.00629	0.00433	0.00304	0.00710
61	0.00798	0.00750	0.08464	0.00788	0.00928	0.00665	0.00652	0.03935	0.00872	0.01244	0.01365	0.02218	0.01337	0.26254	0.44022	0.00597	0.00959	0.00568	0.03135	0.00448
62	0.00607	0.00434	0.00578	0.00694	0.00723	0.00405	0.00463	0.00694	0.00954	0.01272	0.02747	0.82157	0.03297	0.01562	0.00636	0.00202	0.00289	0.01417	0.00463	0.00405
63	0.01073	0.11370	0.01731	0.12804	0.01699	0.01413	0.08526	0.01258	0.00872	0.01242	0.00790	0.01193	0.00718	0.00982	0.08467	0.00245	0.44391	0.00440	0.00226	0.00562
64	0.00607	0.00434	0.00578	0.00694	0.00723	0.00405	0.00463	0.00694	0.00954	0.01272	0.02747	0.82157	0.03297	0.01562	0.00636	0.00202	0.00289	0.01417	0.00463	0.00405
65	0.01034	0.00886	0.01034	0.00738	0.01181	0.00664	0.00591	0.01255	0.01034	0.01624	0.00886	0.01034	0.00738	0.00369	0.00369	0.00074	0.00369	0.00295	0.00295	0.85530
66	0.01355	0.00866	0.01058	0.00776	0.01195	0.00678	0.00626	0.01569	0.01151	0.23064	0.03226	0.01286	0.00978	0.00454	0.00411	0.00098	0.00381	0.00368	0.00390	0.60070
67	0.09811	0.01207	0.01255	0.01039	0.01376	0.01366	0.00836	0.36392	0.36554	0.02576	0.01523	0.01458	0.01122	0.00620	0.00484	0.00159	0.00463	0.00483	0.00484	0.00791
68	0.00705	0.00545	0.00657	0.00604	0.00767	0.00475	0.00457	0.00909	0.01298	0.01780	0.50834	0.03760	0.25069	0.01023	0.00567	0.00152	0.00253	0.00884	0.00500	0.08761
69	0.00732	0.00493	0.00575	0.00587	0.00600	0.00496	0.00359	0.00759	0.00768	0.01022	0.01669	0.03460	0.01901	0.72624	0.04278	0.00466	0.00502	0.08071	0.00316	0.00321
70	0.01034	0.00886	0.01034	0.00738	0.01181	0.00664	0.00591	0.01255	0.01034	0.01624	0.00886	0.01034	0.00738	0.00369	0.00369	0.00074	0.00369	0.00295	0.00295	0.85530
71	0.02128	0.00912	0.01185	0.00913	0.01290	0.00837	0.00753	0.12965	0.01555	0.65890	0.04888	0.01706	0.01316	0.00630	0.00504	0.00154	0.00434	0.00510	0.00598	0.00833
72	0.01240	0.01071	0.01127	0.01014	0.01296	0.01240	0.00789	0.02649	0.78473	0.02085	0.02029	0.01860	0.01522	0.00676	0.00507	0.00169	0.00394	0.00564	0.00507	0.00789
73	0.00726	0.00588	0.00807	0.00836	0.00863	0.00673	0.00612	0.00824	0.00893	0.01239	0.02127	0.54930	0.02487	0.03343	0.08693	0.00270	0.18164	0.01102	0.00387	0.00437
74	0.01620	0.01189	0.01289	0.01059	0.01401	0.01322	0.00852	0.35001	0.38117	0.10120	0.01664	0.01558	0.01203	0.00637	0.00503	0.00159	0.00464	0.00508	0.00514	0.00820
75	0.01182	0.01118	0.01891	0.02822	0.71697	0.01115	0.01426	0.01472	0.01162	0.01665	0.08569	0.01477	0.01172	0.00500	0.00503	0.00149	0.00557	0.00489	0.00276	0.00758
76	0.01208	0.01158	0.01977	0.09872	0.72760	0.01178	0.01517	0.01507	0.01123	0.01598	0.00933	0.01242	0.00779	0.00449	0.00494	0.00150	0.00598	0.00444	0.00245	0.00769
77	0.06300	0.00999	0.01282	0.01053	0.01358	0.01055	0.11396	0.06367	0.36912	0.02029	0.16154	0.01960	0.01842	0.00659	0.00508	0.00156	0.00433	0.00581	0.00447	0.08505
78	0.03263	0.00830	0.00971	0.08665	0.01287	0.02551	0.00711	0.04413	0.18753	0.08438	0.18773	0.02658	0.10902	0.00804	0.00526	0.00158	0.00392	0.06279	0.00457	0.09170
79	0.09834	0.11742	0.01409	0.03076	0.01401	0.23323	0.00839	0.11403	0.11541	0.17258	0.02715	0.01264	0.00969	0.00559	0.00447	0.00143	0.00581	0.00407	0.00395	0.00694
80	0.01021	0.00991	0.01447	0.64036	0.05067	0.06238	0.01263	0.01325	0.01032	0.01323	0.00880	0.01262	0.00675	0.00482	0.00479	0.00152	0.00641	0.00417	0.00234	0.11036
81	0.01642	0.00838	0.01114	0.08680	0.01414	0.00746	0.00740	0.01901	0.03874	0.43236	0.08573	0.01687	0.01380	0.00583	0.00477	0.00136	0.00416	0.00483	0.00489	0.21591
82	0.13155	0.01017	0.01308	0.05041	0.01485	0.02691	0.11765	0.04918	0.12846	0.08475	0.01425	0.01493	0.05994	0.00535	0.00453	0.00135	0.00474	0.00456	0.00366	0.25970
83	0.03147	0.08872	0.01522	0.28939	0.23653	0.01049	0.01126	0.01304	0.01049	0.05066	0.01380	0.16164	0.03307	0.00696	0.00503	0.00161	0.00534	0.00619	0.00299	0.00610
84	0.07301	0.00907	0.01210	0.10816	0.14721	0.00914	0.00912	0.11040	0.01282	0.11570	0.02857	0.02351	0.10011	0.00727	0.00511	0.00158	0.00472	0.12019	0.00393	0.09828
85	0.11317	0.27422	0.33523	0.01076	0.01608	0.01373	0.01206	0.04632	0.01112	0.11104	0.00950	0.01028	0.00705	0.00480	0.00410	0.00141	0.00586	0.00344	0.00284	0.00701

[dist]
# distance from previous block
# <min> <max>
1	45

# created by:
# /home/cegg/simao/soft/augustus-3.2.1/scripts/msa2prfl.pl ./align_prep/29301.fa
