[name]
unknown

[dist]
# distance from previous block
# <min> <max>
0	119

[block]
# block no. 0 follows, 50 sequences, length 8
# corresponding to MSA columns:
# 119-126
name=unknown_A
#
# <colnr> <probs for GDERKNQSTAVLIFYWHMCP>
#	G	D	E	R	K	N	Q	S	T	A	V	L	I	F	Y	W	H	M	C	P
0	0.01032	0.00964	0.01690	0.01828	0.25134	0.00941	0.19583	0.01369	0.04591	0.01583	0.03446	0.09145	0.01684	0.00810	0.00581	0.00179	0.00567	0.21518	0.00344	0.03010
1	0.08886	0.01026	0.01583	0.01899	0.35781	0.01029	0.08209	0.07541	0.01217	0.08909	0.08454	0.01701	0.01289	0.09490	0.00719	0.00189	0.00533	0.00521	0.00341	0.00683
2	0.39470	0.01240	0.14808	0.00938	0.01316	0.01071	0.03749	0.01664	0.07767	0.11228	0.04515	0.01222	0.00931	0.00542	0.00470	0.00157	0.04581	0.00390	0.00349	0.03593
3	0.51523	0.01029	0.01132	0.00911	0.01262	0.01110	0.09036	0.08826	0.03514	0.15868	0.01040	0.01093	0.00745	0.00504	0.00397	0.00156	0.00458	0.00371	0.00380	0.00645
4	0.00991	0.14990	0.14986	0.00830	0.01115	0.00877	0.00780	0.01233	0.03248	0.08721	0.09099	0.18552	0.11705	0.09817	0.00734	0.00195	0.00437	0.00756	0.00381	0.00553
5	0.01151	0.11972	0.23565	0.07530	0.01649	0.06203	0.01171	0.04411	0.01033	0.05022	0.00963	0.01280	0.00805	0.03874	0.12078	0.00263	0.15737	0.00416	0.00257	0.00617
6	0.25291	0.23173	0.07729	0.00895	0.01283	0.10267	0.00818	0.06099	0.01138	0.07992	0.02772	0.01022	0.00779	0.00485	0.00380	0.00131	0.00519	0.00329	0.00310	0.08588
7	0.01149	0.17187	0.52111	0.01259	0.01848	0.10829	0.01483	0.01579	0.01107	0.01483	0.04917	0.01127	0.00846	0.00498	0.00448	0.00145	0.00693	0.00372	0.00234	0.00686

[dist]
# distance from previous block
# <min> <max>
0	2

[block]
# block no. 1 follows, 50 sequences, length 59
# corresponding to MSA columns:
# 129-187
name=unknown_B
#
# <colnr> <probs for GDERKNQSTAVLIFYWHMCP>
#	G	D	E	R	K	N	Q	S	T	A	V	L	I	F	Y	W	H	M	C	P
0	0.01117	0.05717	0.28882	0.01850	0.25954	0.01138	0.09473	0.03718	0.01150	0.01655	0.06374	0.01316	0.00994	0.00489	0.00484	0.00146	0.00620	0.00443	0.00266	0.08216
1	0.01206	0.01345	0.08502	0.01294	0.01598	0.17894	0.22417	0.01452	0.01096	0.06194	0.01213	0.05124	0.01083	0.11152	0.15862	0.00317	0.00844	0.00549	0.00290	0.00569
2	0.00967	0.00896	0.01407	0.61680	0.02890	0.01042	0.01216	0.01266	0.00992	0.01338	0.00874	0.01260	0.00678	0.00492	0.00530	0.00151	0.04622	0.00414	0.00236	0.17049
3	0.00727	0.00726	0.07718	0.00802	0.00962	0.00569	0.03957	0.04638	0.01080	0.01422	0.02923	0.50917	0.19041	0.01304	0.00603	0.00187	0.00358	0.01162	0.00433	0.00471
4	0.01052	0.01049	0.01642	0.26233	0.02083	0.01373	0.07937	0.01258	0.00872	0.01258	0.00758	0.01187	0.00666	0.00716	0.01190	0.00198	0.49296	0.00452	0.00222	0.00559
5	0.01022	0.00968	0.01641	0.59710	0.24378	0.01129	0.01424	0.01344	0.01035	0.01371	0.00900	0.01303	0.00699	0.00483	0.00497	0.00161	0.00645	0.00443	0.00228	0.00619
6	0.00589	0.00505	0.00505	0.00505	0.00673	0.00421	0.00379	0.00715	0.01136	0.01347	0.05049	0.04797	0.79171	0.01262	0.00589	0.00168	0.00252	0.01052	0.00463	0.00421
7	0.00952	0.00900	0.01497	0.75705	0.03285	0.01137	0.01364	0.01268	0.00980	0.01268	0.00870	0.01312	0.00664	0.00524	0.00578	0.00170	0.06309	0.00442	0.00221	0.00553
8	0.00604	0.00491	0.00536	0.00555	0.00690	0.00422	0.00405	0.00733	0.01126	0.01396	0.11918	0.20391	0.56396	0.01299	0.00599	0.00174	0.00258	0.01111	0.00471	0.00422
9	0.01549	0.01002	0.01136	0.00975	0.01289	0.01082	0.00771	0.02580	0.54529	0.26211	0.02009	0.01809	0.01432	0.00658	0.00505	0.00164	0.00404	0.00544	0.00541	0.00807
10	0.00607	0.00434	0.00578	0.00694	0.00723	0.00405	0.00463	0.00694	0.00954	0.01272	0.02747	0.82157	0.03297	0.01562	0.00636	0.00202	0.00289	0.01417	0.00463	0.00405
11	0.01235	0.01043	0.01149	0.01010	0.01260	0.01209	0.00796	0.10266	0.54721	0.02109	0.10655	0.01935	0.01738	0.00725	0.00615	0.00170	0.07563	0.00579	0.00486	0.00737
12	0.01847	0.01350	0.01445	0.01113	0.01498	0.01492	0.00918	0.73913	0.02279	0.03078	0.01218	0.01230	0.00869	0.00597	0.00491	0.00148	0.00533	0.00450	0.04704	0.00829
13	0.01155	0.01088	0.01808	0.11586	0.52203	0.01124	0.05149	0.01553	0.07954	0.01613	0.01200	0.01740	0.01044	0.00562	0.00519	0.00161	0.00582	0.07947	0.00288	0.00724
14	0.01635	0.37229	0.01943	0.01082	0.01428	0.37881	0.00913	0.09896	0.01339	0.01405	0.00782	0.00888	0.00663	0.00485	0.00398	0.00121	0.00702	0.00311	0.00264	0.00634
15	0.00607	0.00434	0.00578	0.00694	0.00723	0.00405	0.00463	0.00694	0.00954	0.01272	0.02747	0.82157	0.03297	0.01562	0.00636	0.00202	0.00289	0.01417	0.00463	0.00405
16	0.01161	0.01080	0.01832	0.28480	0.52880	0.01149	0.01464	0.01467	0.01097	0.03280	0.00944	0.01275	0.00759	0.00466	0.00495	0.00154	0.00612	0.00445	0.00247	0.00714
17	0.02065	0.01123	0.01327	0.01017	0.01410	0.01141	0.00840	0.40209	0.01887	0.41288	0.01580	0.01446	0.01040	0.00608	0.00500	0.00152	0.00487	0.00475	0.00558	0.00848
18	0.00592	0.00505	0.00509	0.00508	0.00675	0.00422	0.00381	0.00720	0.01142	0.01361	0.06711	0.04773	0.77500	0.01257	0.00589	0.00168	0.00252	0.01049	0.00465	0.00422
19	0.01000	0.02578	0.79900	0.01421	0.02157	0.01158	0.01842	0.01579	0.01052	0.01579	0.00895	0.01052	0.00631	0.00474	0.00474	0.00158	0.00737	0.00368	0.00210	0.00737
20	0.01095	0.01042	0.01772	0.40260	0.43259	0.01148	0.01461	0.01408	0.01069	0.01460	0.00913	0.01279	0.00730	0.00470	0.00496	0.00157	0.00627	0.00444	0.00235	0.00677
21	0.01109	0.00599	0.00795	0.00695	0.00884	0.00539	0.00539	0.01333	0.01415	0.22462	0.58799	0.03190	0.03790	0.00913	0.00565	0.00156	0.00285	0.00796	0.00567	0.00570
22	0.00929	0.00465	0.00465	0.00465	0.00581	0.00465	0.00348	0.01161	0.01045	0.01858	0.01626	0.01858	0.01278	0.00581	0.00348	0.00116	0.00232	0.00465	0.85250	0.00465
23	0.01623	0.01205	0.01427	0.11174	0.07062	0.01335	0.00991	0.41140	0.17842	0.08932	0.01377	0.01395	0.00993	0.00593	0.00500	0.00156	0.00524	0.00476	0.00458	0.00795
24	0.01242	0.58610	0.22733	0.01008	0.01509	0.01731	0.01109	0.01561	0.04086	0.01315	0.00798	0.00907	0.00672	0.00449	0.00367	0.00122	0.00581	0.00305	0.00224	0.00671
25	0.00624	0.00478	0.00560	0.00616	0.00708	0.00430	0.00437	0.00729	0.01025	0.01292	0.03615	0.36940	0.35412	0.08569	0.00788	0.00215	0.00303	0.06405	0.00448	0.00406
26	0.00669	0.00527	0.00616	0.00647	0.00793	0.00474	0.00521	0.00839	0.01170	0.01464	0.12519	0.04934	0.47195	0.01271	0.00620	0.00186	0.00315	0.24333	0.00471	0.00438
27	0.14052	0.01389	0.01640	0.08855	0.25893	0.19547	0.09193	0.01723	0.04370	0.07283	0.00985	0.01172	0.00766	0.00487	0.00467	0.00149	0.00645	0.00414	0.00294	0.00674
28	0.58404	0.01027	0.00904	0.00765	0.01094	0.04524	0.00627	0.06440	0.01095	0.19545	0.01013	0.01036	0.00718	0.00508	0.00369	0.00153	0.00427	0.00335	0.00387	0.00629
29	0.02236	0.00848	0.01157	0.00887	0.01272	0.00733	0.00733	0.02429	0.01427	0.79719	0.01966	0.01697	0.01234	0.00617	0.00501	0.00154	0.00424	0.00501	0.00617	0.00848
30	0.01229	0.01198	0.02104	0.02975	0.72592	0.01191	0.08246	0.01536	0.01139	0.01626	0.00944	0.01243	0.00787	0.00442	0.00502	0.00150	0.00614	0.00457	0.00247	0.00779
31	0.01072	0.06111	0.50535	0.01494	0.02110	0.01215	0.18213	0.01661	0.07918	0.01605	0.01048	0.01277	0.00788	0.00498	0.00499	0.00160	0.00713	0.02117	0.00251	0.00716
32	0.01221	0.01199	0.01914	0.14620	0.64202	0.05108	0.01480	0.01514	0.01128	0.01555	0.00922	0.01231	0.00764	0.00456	0.00492	0.00150	0.00618	0.00438	0.00243	0.00744
33	0.01601	0.18568	0.01773	0.04842	0.15708	0.46694	0.01061	0.01775	0.01263	0.01287	0.00790	0.00957	0.00669	0.00483	0.00433	0.00129	0.00758	0.00337	0.00245	0.00628
34	0.00618	0.00438	0.00575	0.00681	0.00707	0.00412	0.00449	0.00697	0.00934	0.01245	0.02643	0.75188	0.03166	0.08709	0.00804	0.00227	0.00306	0.01356	0.00449	0.00396
35	0.01402	0.01510	0.01888	0.19215	0.16975	0.25806	0.18908	0.01677	0.01215	0.05292	0.00942	0.01199	0.00731	0.00481	0.00503	0.00151	0.00752	0.00442	0.00264	0.00648
36	0.00825	0.00635	0.00769	0.00714	0.00868	0.00642	0.00541	0.01322	0.18614	0.02018	0.61903	0.03307	0.03993	0.00942	0.00570	0.00160	0.00271	0.00826	0.00539	0.00541
37	0.01454	0.01170	0.01119	0.00948	0.01229	0.11764	0.00753	0.28096	0.13000	0.06872	0.07297	0.02091	0.10936	0.00732	0.00503	0.00152	0.00477	0.02772	0.07958	0.00679
38	0.86003	0.00964	0.00733	0.00655	0.00964	0.01118	0.00540	0.01465	0.00848	0.02236	0.00694	0.00810	0.00540	0.00463	0.00308	0.00154	0.00386	0.00270	0.00308	0.00540
39	0.01034	0.00886	0.01034	0.00738	0.01181	0.00664	0.00591	0.01255	0.01034	0.01624	0.00886	0.01034	0.00738	0.00369	0.00369	0.00074	0.00369	0.00295	0.00295	0.85530
40	0.00705	0.00510	0.00666	0.00627	0.00745	0.00470	0.00470	0.00941	0.01411	0.01999	0.79110	0.03723	0.04703	0.01019	0.00588	0.00157	0.00235	0.00901	0.00549	0.00470
41	0.00941	0.00886	0.01495	0.81285	0.03433	0.01107	0.01384	0.01274	0.00997	0.01274	0.00886	0.01329	0.00664	0.00498	0.00498	0.00166	0.00664	0.00443	0.00221	0.00554
42	0.00680	0.00485	0.00661	0.00777	0.00837	0.00467	0.00588	0.00819	0.01026	0.01353	0.02707	0.53909	0.03139	0.01493	0.00655	0.00212	0.00352	0.28952	0.00461	0.00425
43	0.01034	0.00886	0.01034	0.00738	0.01181	0.00664	0.00591	0.01255	0.01034	0.01624	0.00886	0.01034	0.00738	0.00369	0.00369	0.00074	0.00369	0.00295	0.00295	0.85530
44	0.00705	0.00510	0.00666	0.00627	0.00745	0.00470	0.00470	0.00941	0.01411	0.01999	0.79110	0.03723	0.04703	0.01019	0.00588	0.00157	0.00235	0.00901	0.00549	0.00470
45	0.01173	0.01122	0.01914	0.19285	0.63622	0.01168	0.01500	0.01477	0.01106	0.01555	0.00927	0.01253	0.00764	0.00455	0.00494	0.00152	0.00607	0.00444	0.00241	0.00741
46	0.01224	0.01081	0.01295	0.01418	0.17128	0.01210	0.00930	0.02377	0.60996	0.01975	0.01877	0.01800	0.03161	0.00643	0.00506	0.00165	0.00431	0.00551	0.00453	0.00781
47	0.00607	0.00434	0.00578	0.00694	0.00723	0.00405	0.00463	0.00694	0.00954	0.01272	0.02747	0.82157	0.03297	0.01562	0.00636	0.00202	0.00289	0.01417	0.00463	0.00405
48	0.01001	0.00947	0.01603	0.65343	0.18909	0.01123	0.01414	0.01326	0.01025	0.01346	0.00896	0.01309	0.00690	0.00487	0.00497	0.00162	0.00650	0.00443	0.00227	0.00602
49	0.00609	0.00499	0.00537	0.00541	0.00689	0.00427	0.00401	0.00749	0.01163	0.01443	0.16514	0.11445	0.60753	0.01250	0.00593	0.00170	0.00253	0.01060	0.00476	0.00427
50	0.01240	0.01071	0.01127	0.01014	0.01296	0.01240	0.00789	0.02649	0.78473	0.02085	0.02029	0.01860	0.01522	0.00676	0.00507	0.00169	0.00394	0.00564	0.00507	0.00789
51	0.01240	0.01071	0.01127	0.01014	0.01296	0.01240	0.00789	0.02649	0.78473	0.02085	0.02029	0.01860	0.01522	0.00676	0.00507	0.00169	0.00394	0.00564	0.00507	0.00789
52	0.00941	0.00886	0.01495	0.81285	0.03433	0.01107	0.01384	0.01274	0.00997	0.01274	0.00886	0.01329	0.00664	0.00498	0.00498	0.00166	0.00664	0.00443	0.00221	0.00554
53	0.01234	0.01184	0.02023	0.03059	0.79373	0.01184	0.01530	0.01530	0.01135	0.01628	0.00938	0.01234	0.00790	0.00444	0.00493	0.00148	0.00592	0.00444	0.00247	0.00790
54	0.01837	0.01367	0.01463	0.01135	0.01524	0.01519	0.00933	0.71081	0.09068	0.03048	0.01270	0.01255	0.00907	0.00605	0.00499	0.00151	0.00535	0.00459	0.00499	0.00842
55	0.01034	0.00886	0.01034	0.00738	0.01181	0.00664	0.00591	0.01255	0.01034	0.01624	0.00886	0.01034	0.00738	0.00369	0.00369	0.00074	0.00369	0.00295	0.00295	0.85530
56	0.00907	0.00469	0.00485	0.00481	0.00597	0.00465	0.00361	0.01140	0.01082	0.01872	0.09301	0.02043	0.01617	0.00624	0.00372	0.00120	0.00233	0.00508	0.76860	0.00465
57	0.86003	0.00964	0.00733	0.00655	0.00964	0.01118	0.00540	0.01465	0.00848	0.02236	0.00694	0.00810	0.00540	0.00463	0.00308	0.00154	0.00386	0.00270	0.00308	0.00540
58	0.01015	0.02469	0.73102	0.01481	0.02197	0.01167	0.08530	0.01580	0.01063	0.01580	0.00905	0.01078	0.00642	0.00469	0.00484	0.00159	0.00746	0.00388	0.00214	0.00731

[dist]
# distance from previous block
# <min> <max>
0	5

[block]
# block no. 2 follows, 50 sequences, length 32
# corresponding to MSA columns:
# 193-224
name=unknown_C
#
# <colnr> <probs for GDERKNQSTAVLIFYWHMCP>
#	G	D	E	R	K	N	Q	S	T	A	V	L	I	F	Y	W	H	M	C	P
0	0.86003	0.00964	0.00733	0.00655	0.00964	0.01118	0.00540	0.01465	0.00848	0.02236	0.00694	0.00810	0.00540	0.00463	0.00308	0.00154	0.00386	0.00270	0.00308	0.00540
1	0.01422	0.01161	0.01230	0.01051	0.01366	0.01325	0.00833	0.23546	0.57279	0.02379	0.01797	0.01675	0.01334	0.00655	0.00505	0.00164	0.00437	0.00532	0.00505	0.00805
2	0.01687	0.02044	0.01583	0.01778	0.23209	0.58405	0.01121	0.01862	0.01335	0.01334	0.00817	0.00992	0.00683	0.00494	0.00462	0.00134	0.00813	0.00355	0.00254	0.00637
3	0.01240	0.01071	0.01127	0.01014	0.01296	0.01240	0.00789	0.02649	0.78473	0.02085	0.02029	0.01860	0.01522	0.00676	0.00507	0.00169	0.00394	0.00564	0.00507	0.00789
4	0.00849	0.00443	0.00660	0.00660	0.00668	0.00451	0.00447	0.00672	0.00664	0.00894	0.00924	0.01595	0.00921	0.03793	0.08872	0.76064	0.00513	0.00449	0.00223	0.00239
5	0.01333	0.82783	0.02612	0.00853	0.01279	0.01972	0.00853	0.01493	0.01013	0.01173	0.00693	0.00800	0.00640	0.00426	0.00320	0.00107	0.00533	0.00267	0.00213	0.00640
6	0.01009	0.00955	0.01618	0.63107	0.21080	0.01125	0.01418	0.01333	0.01029	0.01356	0.00898	0.01307	0.00694	0.00486	0.00497	0.00162	0.00648	0.00443	0.00227	0.00609
7	0.00723	0.00489	0.00575	0.00575	0.00586	0.00500	0.00341	0.00745	0.00734	0.00990	0.01542	0.03104	0.01744	0.72934	0.11992	0.00522	0.00587	0.00702	0.00298	0.00319
8	0.01009	0.02514	0.75916	0.01456	0.02181	0.01163	0.05761	0.01579	0.01059	0.01579	0.00900	0.01067	0.00638	0.00471	0.00479	0.00158	0.00742	0.00380	0.00213	0.00733
9	0.00857	0.00517	0.00701	0.00767	0.00860	0.00483	0.00571	0.00988	0.01056	0.11283	0.02625	0.55254	0.02941	0.01401	0.00630	0.00202	0.00343	0.17563	0.00481	0.00473
10	0.00947	0.00893	0.01496	0.78348	0.03355	0.01123	0.01373	0.01271	0.00988	0.01271	0.00877	0.01320	0.00664	0.00512	0.00540	0.00168	0.03635	0.00443	0.00221	0.00553
11	0.00629	0.00513	0.00563	0.00583	0.00735	0.00447	0.00453	0.00776	0.01146	0.01400	0.08421	0.07683	0.60569	0.01279	0.00606	0.00179	0.00285	0.12837	0.00467	0.00429
12	0.00712	0.00534	0.00801	0.00801	0.00890	0.00623	0.00623	0.00890	0.00801	0.01157	0.01335	0.01958	0.01246	0.03738	0.80507	0.00801	0.01335	0.00534	0.00267	0.00445
13	0.01234	0.01184	0.02023	0.03059	0.79373	0.01184	0.01530	0.01530	0.01135	0.01628	0.00938	0.01234	0.00790	0.00444	0.00493	0.00148	0.00592	0.00444	0.00247	0.00790
14	0.00941	0.00886	0.01495	0.81285	0.03433	0.01107	0.01384	0.01274	0.00997	0.01274	0.00886	0.01329	0.00664	0.00498	0.00498	0.00166	0.00664	0.00443	0.00221	0.00554
15	0.00634	0.00467	0.00594	0.00653	0.00728	0.00428	0.00460	0.00767	0.01101	0.01470	0.22065	0.48693	0.15558	0.01375	0.00618	0.00186	0.00274	0.03021	0.00484	0.00425
16	0.00589	0.00505	0.00505	0.00505	0.00673	0.00421	0.00379	0.00715	0.01136	0.01347	0.05049	0.04797	0.79171	0.01262	0.00589	0.00168	0.00252	0.01052	0.00463	0.00421
17	0.01367	0.72426	0.02470	0.04007	0.01387	0.01901	0.00882	0.08200	0.01129	0.01350	0.00745	0.00855	0.00659	0.00444	0.00343	0.00113	0.00540	0.00289	0.00239	0.00655
18	0.00604	0.00445	0.00567	0.00664	0.00715	0.00407	0.00449	0.00697	0.00983	0.01284	0.03109	0.70001	0.15219	0.01515	0.00629	0.00197	0.00283	0.01360	0.00463	0.00407
19	0.00870	0.00756	0.01060	0.00970	0.01008	0.00974	0.00765	0.00992	0.00774	0.01145	0.01091	0.01805	0.01091	0.14929	0.35717	0.00511	0.34303	0.00524	0.00252	0.00464
20	0.15111	0.01328	0.01376	0.01070	0.01454	0.01479	0.00883	0.65730	0.02109	0.02999	0.01118	0.01136	0.00799	0.00577	0.00469	0.00150	0.00523	0.00421	0.00469	0.00799
21	0.01559	0.01226	0.01757	0.01324	0.01735	0.01254	0.21871	0.30142	0.13772	0.10945	0.01335	0.01383	0.00962	0.00544	0.00514	0.00152	0.00575	0.00498	0.00428	0.08023
22	0.01630	0.01141	0.01213	0.00960	0.01281	0.01249	0.00783	0.56727	0.01988	0.02790	0.01314	0.01378	0.00966	0.00594	0.00457	0.00140	0.00462	0.00453	0.23732	0.00743
23	0.01421	0.30456	0.33257	0.01089	0.01630	0.01341	0.01220	0.01757	0.01130	0.20656	0.01087	0.01122	0.00783	0.00492	0.00426	0.00139	0.00588	0.00365	0.00311	0.00730
24	0.00775	0.00641	0.01018	0.00854	0.01034	0.00593	0.12581	0.01036	0.01364	0.01913	0.64252	0.03387	0.06683	0.00933	0.00588	0.00159	0.00331	0.00857	0.00499	0.00500
25	0.00690	0.00498	0.00652	0.00638	0.00741	0.00460	0.00469	0.00902	0.01339	0.01885	0.67111	0.16048	0.04482	0.01104	0.00595	0.00164	0.00244	0.00982	0.00535	0.00460
26	0.01292	0.01273	0.01392	0.21811	0.13725	0.16388	0.01070	0.04844	0.25207	0.01672	0.01277	0.01419	0.00984	0.00556	0.00483	0.00154	0.00588	0.00459	0.04733	0.00674
27	0.01296	0.01333	0.02600	0.02070	0.11939	0.01296	0.56115	0.13549	0.01355	0.01843	0.01029	0.01308	0.00775	0.00451	0.00562	0.00163	0.00764	0.00548	0.00290	0.00714
28	0.00648	0.00524	0.00587	0.00618	0.00772	0.00463	0.00495	0.00802	0.01139	0.01386	0.04389	0.05023	0.58254	0.01294	0.00616	0.00185	0.00309	0.21603	0.00462	0.00431
29	0.01343	0.01122	0.01185	0.01035	0.01335	0.01288	0.00814	0.14444	0.66510	0.02251	0.01898	0.01756	0.01416	0.00664	0.00506	0.00166	0.00419	0.00546	0.00506	0.00798
30	0.01890	0.01550	0.01483	0.01168	0.01545	0.13949	0.00950	0.65813	0.02197	0.02839	0.01130	0.01150	0.00815	0.00585	0.00491	0.00146	0.00604	0.00429	0.00461	0.00805
31	0.00614	0.00490	0.00528	0.00547	0.00668	0.00428	0.00387	0.00721	0.01062	0.01308	0.06793	0.18039	0.53530	0.11621	0.00845	0.00214	0.00288	0.01069	0.00445	0.00405

[dist]
# distance from previous block
# <min> <max>
0	1

[block]
# block no. 3 follows, 50 sequences, length 12
# corresponding to MSA columns:
# 226-237
name=unknown_D
#
# <colnr> <probs for GDERKNQSTAVLIFYWHMCP>
#	G	D	E	R	K	N	Q	S	T	A	V	L	I	F	Y	W	H	M	C	P
0	0.01560	0.01711	0.01282	0.01074	0.01410	0.41567	0.00829	0.09986	0.04981	0.01604	0.00914	0.01021	0.00738	0.00482	0.00431	0.00114	0.00660	0.00338	0.00308	0.28992
1	0.00613	0.00486	0.00552	0.00577	0.00699	0.00425	0.00417	0.00747	0.01132	0.01435	0.16739	0.25670	0.46140	0.01303	0.00602	0.00176	0.00260	0.01126	0.00477	0.00425
2	0.01277	0.69445	0.15465	0.00947	0.01425	0.01837	0.01017	0.01507	0.01019	0.01240	0.00726	0.00842	0.00638	0.00434	0.00345	0.00115	0.00567	0.00283	0.00213	0.00656
3	0.01155	0.00916	0.01127	0.00847	0.01211	0.00814	0.00687	0.01355	0.01025	0.08844	0.00948	0.01105	0.00771	0.00476	0.00592	0.00105	0.13878	0.00338	0.00312	0.63491
4	0.56777	0.01118	0.00834	0.00755	0.01021	0.14201	0.00598	0.01459	0.01043	0.02025	0.14712	0.01345	0.01300	0.00571	0.00382	0.00150	0.00444	0.00391	0.00343	0.00534
5	0.00705	0.00510	0.00666	0.00627	0.00745	0.00470	0.00470	0.00941	0.01411	0.01999	0.79110	0.03723	0.04703	0.01019	0.00588	0.00157	0.00235	0.00901	0.00549	0.00470
6	0.01080	0.21936	0.61246	0.01284	0.01945	0.01354	0.01603	0.01558	0.01043	0.01481	0.00846	0.00991	0.00633	0.00462	0.00436	0.00145	0.00688	0.00344	0.00211	0.00713
7	0.00705	0.00510	0.00666	0.00627	0.00745	0.00470	0.00470	0.00941	0.01411	0.01999	0.79110	0.03723	0.04703	0.01019	0.00588	0.00157	0.00235	0.00901	0.00549	0.00470
8	0.01000	0.02578	0.79900	0.01421	0.02157	0.01158	0.01842	0.01579	0.01052	0.01579	0.00895	0.01052	0.00631	0.00474	0.00474	0.00158	0.00737	0.00368	0.00210	0.00737
9	0.05657	0.04987	0.00763	0.00638	0.00782	0.00583	0.00490	0.00977	0.01321	0.01899	0.62846	0.07288	0.07946	0.00994	0.00560	0.00157	0.00263	0.00863	0.00508	0.00478
10	0.00949	0.00766	0.00840	0.00764	0.00966	0.00803	0.00584	0.07214	0.27824	0.01897	0.24159	0.03145	0.22148	0.04917	0.00649	0.00179	0.00330	0.00781	0.00497	0.00587
11	0.00721	0.00519	0.00608	0.00612	0.00756	0.00462	0.00460	0.00867	0.01142	0.05947	0.14174	0.17226	0.43901	0.01382	0.04925	0.00209	0.00335	0.04830	0.00473	0.00453

[dist]
# distance from previous block
# <min> <max>
0	250

# created by:
# /home/cegg/simao/soft/augustus-3.2.1/scripts/msa2prfl.pl ./align_prep/29354.fa
