[name]
unknown

[dist]
# distance from previous block
# <min> <max>
0	280

[block]
# block no. 0 follows, 49 sequences, length 14
# corresponding to MSA columns:
# 280-293
name=unknown_A
#
# <colnr> <probs for GDERKNQSTAVLIFYWHMCP>
#	G	D	E	R	K	N	Q	S	T	A	V	L	I	F	Y	W	H	M	C	P
0	0.01490	0.17228	0.01755	0.01186	0.01527	0.14978	0.09863	0.20994	0.01490	0.03887	0.01243	0.01825	0.01101	0.00662	0.00531	0.00154	0.02922	0.12478	0.00357	0.04329
1	0.01021	0.00877	0.01156	0.01018	0.01070	0.01116	0.00798	0.08219	0.00921	0.01331	0.01080	0.01860	0.01099	0.23642	0.14188	0.00382	0.38905	0.00540	0.00279	0.00498
2	0.01194	0.01364	0.02984	0.02131	0.02643	0.01279	0.77238	0.01620	0.01194	0.01620	0.01023	0.01364	0.00767	0.00426	0.00597	0.00171	0.00853	0.00597	0.00256	0.00682
3	0.01352	0.82533	0.02650	0.00865	0.01298	0.02001	0.00865	0.01514	0.01027	0.01190	0.00703	0.00811	0.00649	0.00433	0.00324	0.00108	0.00541	0.00270	0.00216	0.00649
4	0.00790	0.00445	0.00629	0.00658	0.00679	0.00431	0.00442	0.00676	0.00776	0.01021	0.01699	0.21931	0.07796	0.01675	0.01532	0.57105	0.00388	0.00740	0.00302	0.00284
5	0.01340	0.01453	0.07014	0.01979	0.34283	0.13897	0.01220	0.02025	0.27951	0.01743	0.01306	0.01405	0.01024	0.00546	0.00497	0.00155	0.00591	0.00467	0.00341	0.00763
6	0.01079	0.00966	0.01283	0.00930	0.01376	0.00784	0.09640	0.01408	0.06169	0.01675	0.00990	0.01141	0.00804	0.00401	0.00410	0.00093	0.00432	0.00353	0.00309	0.69757
7	0.00716	0.00517	0.00676	0.00636	0.00755	0.00477	0.00477	0.00954	0.01431	0.02028	0.78808	0.03777	0.04771	0.01034	0.00596	0.00159	0.00239	0.00914	0.00557	0.00477
8	0.00884	0.00686	0.00768	0.00699	0.00888	0.00681	0.00538	0.09227	0.11780	0.01939	0.33573	0.03556	0.28362	0.01010	0.00569	0.00163	0.00300	0.00857	0.02974	0.00545
9	0.00830	0.00439	0.00646	0.00667	0.00672	0.00434	0.00445	0.00667	0.00715	0.00954	0.01227	0.16203	0.01328	0.01725	0.01733	0.69760	0.00413	0.00621	0.00265	0.00254
10	0.01430	0.01477	0.01672	0.03726	0.11151	0.22564	0.10723	0.03842	0.10477	0.05289	0.02851	0.01300	0.00926	0.00624	0.00777	0.00168	0.19570	0.00462	0.00310	0.00660
11	0.01252	0.01201	0.02053	0.03104	0.79074	0.01201	0.01552	0.01552	0.01151	0.01652	0.00951	0.01252	0.00801	0.00451	0.00501	0.00150	0.00601	0.00451	0.00250	0.00801
12	0.16775	0.01343	0.01209	0.03269	0.05179	0.16844	0.00857	0.05434	0.37835	0.01948	0.01402	0.01406	0.01074	0.00599	0.00495	0.00160	0.02617	0.00451	0.00399	0.00702
13	0.22142	0.13725	0.28643	0.01093	0.01599	0.01389	0.01161	0.21157	0.01349	0.02115	0.00907	0.01007	0.00676	0.00503	0.00423	0.00149	0.00580	0.00355	0.00314	0.00713

[dist]
# distance from previous block
# <min> <max>
0	5

[block]
# block no. 1 follows, 49 sequences, length 40
# corresponding to MSA columns:
# 299-338
name=unknown_B
#
# <colnr> <probs for GDERKNQSTAVLIFYWHMCP>
#	G	D	E	R	K	N	Q	S	T	A	V	L	I	F	Y	W	H	M	C	P
0	0.41692	0.01026	0.01304	0.19515	0.24602	0.01152	0.01037	0.01462	0.00980	0.01866	0.00821	0.01067	0.00651	0.00472	0.00412	0.00157	0.00517	0.00366	0.00275	0.00626
1	0.01097	0.00846	0.01258	0.01551	0.28795	0.00786	0.00898	0.01346	0.01268	0.09295	0.29552	0.02358	0.05955	0.00708	0.00524	0.00145	0.00406	0.00633	0.00415	0.12166
2	0.01440	0.01263	0.01328	0.01084	0.01413	0.11573	0.04801	0.16256	0.23715	0.05965	0.05446	0.01502	0.01222	0.00603	0.00543	0.00145	0.04438	0.00477	0.00420	0.16366
3	0.01230	0.01180	0.02014	0.08662	0.73682	0.01196	0.01541	0.01533	0.01141	0.01626	0.00947	0.01258	0.00792	0.00454	0.00501	0.00151	0.00606	0.00450	0.00248	0.00784
4	0.01061	0.07127	0.42540	0.01244	0.05790	0.01051	0.01334	0.01476	0.01063	0.01594	0.00893	0.01054	0.00688	0.00438	0.00434	0.00126	0.00593	0.00345	0.00246	0.30904
5	0.01495	0.01196	0.02167	0.02150	0.29539	0.01148	0.28958	0.05960	0.01300	0.19095	0.01225	0.01395	0.00893	0.00489	0.00538	0.00159	0.00652	0.00517	0.00350	0.00774
6	0.01592	0.19315	0.23842	0.01145	0.01612	0.19821	0.01146	0.01917	0.03767	0.19553	0.01125	0.01155	0.00817	0.00520	0.00449	0.00141	0.00656	0.00378	0.00331	0.00716
7	0.00610	0.00487	0.00546	0.00587	0.00704	0.00423	0.00419	0.00728	0.01099	0.01369	0.07659	0.32388	0.48446	0.01378	0.00615	0.00183	0.00269	0.01193	0.00473	0.00423
8	0.09851	0.05650	0.06613	0.01283	0.01581	0.52089	0.05675	0.01822	0.01262	0.01381	0.00783	0.00954	0.00649	0.00536	0.00553	0.00144	0.07970	0.00348	0.00257	0.00599
9	0.01115	0.05933	0.29813	0.04199	0.26574	0.01201	0.15798	0.01525	0.01119	0.01577	0.01178	0.01397	0.05273	0.00506	0.00508	0.00157	0.00679	0.00477	0.00249	0.00723
10	0.02269	0.00861	0.01174	0.00900	0.01291	0.00743	0.00743	0.02464	0.01447	0.79425	0.01995	0.01721	0.01252	0.00626	0.00509	0.00156	0.00430	0.00509	0.00626	0.00861
11	0.00936	0.00875	0.01464	0.76599	0.03331	0.01085	0.01351	0.01260	0.01013	0.01294	0.01062	0.03816	0.02737	0.00557	0.00512	0.00170	0.00652	0.00494	0.00238	0.00554
12	0.01061	0.01007	0.01708	0.53229	0.30441	0.01151	0.01457	0.01385	0.01061	0.01420	0.00917	0.01314	0.00719	0.00486	0.00504	0.00162	0.00648	0.00450	0.00234	0.00647
13	0.01303	0.00823	0.01145	0.11459	0.10533	0.00837	0.00851	0.09118	0.05282	0.20656	0.01938	0.30169	0.01846	0.00933	0.00556	0.00175	0.00444	0.00823	0.00456	0.00651
14	0.85801	0.00978	0.00743	0.00665	0.00978	0.01134	0.00548	0.01486	0.00861	0.02269	0.00704	0.00821	0.00548	0.00469	0.00313	0.00156	0.00391	0.00274	0.00313	0.00548
15	0.00925	0.08162	0.34761	0.01007	0.01451	0.00945	0.01123	0.04896	0.01189	0.01605	0.08789	0.02686	0.24300	0.00821	0.00527	0.00163	0.00516	0.05176	0.00348	0.00610
16	0.03759	0.40106	0.24649	0.01020	0.01501	0.01475	0.01103	0.03108	0.02542	0.07080	0.04566	0.05019	0.01026	0.00553	0.00418	0.00137	0.00560	0.00413	0.00287	0.00678
17	0.00657	0.00506	0.00600	0.00594	0.00724	0.00449	0.00439	0.00834	0.01267	0.01677	0.40454	0.12995	0.34590	0.01196	0.00602	0.00169	0.00252	0.01035	0.00512	0.00449
18	0.01085	0.04685	0.57353	0.01282	0.01906	0.01108	0.03460	0.05485	0.01167	0.05421	0.01506	0.01587	0.10580	0.00592	0.00496	0.00159	0.00656	0.00475	0.00282	0.00713
19	0.01046	0.00872	0.00957	0.00873	0.01100	0.00961	0.00673	0.02020	0.49250	0.02039	0.26163	0.02669	0.07581	0.00833	0.00545	0.00168	0.00340	0.00711	0.00525	0.00675
20	0.01029	0.02511	0.73187	0.01499	0.02227	0.01183	0.08185	0.01603	0.01078	0.01603	0.00917	0.01092	0.00651	0.00476	0.00490	0.00161	0.00756	0.00392	0.00217	0.00742
21	0.01252	0.01201	0.02053	0.03104	0.79074	0.01201	0.01552	0.01552	0.01151	0.01652	0.00951	0.01252	0.00801	0.00451	0.00501	0.00150	0.00601	0.00451	0.00250	0.00801
22	0.01252	0.01201	0.02053	0.03104	0.79074	0.01201	0.01552	0.01552	0.01151	0.01652	0.00951	0.01252	0.00801	0.00451	0.00501	0.00150	0.00601	0.00451	0.00250	0.00801
23	0.00756	0.00539	0.00704	0.00663	0.00700	0.00548	0.04055	0.00801	0.00768	0.01038	0.01533	0.03034	0.01708	0.67535	0.13127	0.00519	0.00626	0.00702	0.00299	0.00344
24	0.00645	0.00452	0.00578	0.00667	0.00689	0.00430	0.00430	0.00712	0.00911	0.01215	0.02496	0.62761	0.02978	0.21222	0.01115	0.00275	0.00341	0.01267	0.00430	0.00385
25	0.85801	0.00978	0.00743	0.00665	0.00978	0.01134	0.00548	0.01486	0.00861	0.02269	0.00704	0.00821	0.00548	0.00469	0.00313	0.00156	0.00391	0.00274	0.00313	0.00548
26	0.85801	0.00978	0.00743	0.00665	0.00978	0.01134	0.00548	0.01486	0.00861	0.02269	0.00704	0.00821	0.00548	0.00469	0.00313	0.00156	0.00391	0.00274	0.00313	0.00548
27	0.01161	0.01174	0.02229	0.09636	0.37585	0.01162	0.29539	0.01499	0.01142	0.01595	0.01088	0.05528	0.00923	0.00510	0.00540	0.00161	0.00675	0.00557	0.02589	0.00706
28	0.01889	0.02410	0.01433	0.01303	0.01563	0.80199	0.00977	0.02019	0.01433	0.01238	0.00782	0.00912	0.00651	0.00521	0.00456	0.00130	0.00912	0.00326	0.00261	0.00586
29	0.01291	0.01140	0.01884	0.10901	0.61409	0.01165	0.01438	0.01653	0.05642	0.06949	0.01081	0.01331	0.00862	0.00482	0.00502	0.00154	0.00585	0.00461	0.00289	0.00780
30	0.01933	0.01215	0.01370	0.01071	0.01456	0.01293	0.00878	0.46239	0.12110	0.24714	0.01547	0.01447	0.01061	0.00623	0.00508	0.00156	0.00500	0.00486	0.00541	0.00852
31	0.01329	0.01014	0.01068	0.00928	0.01200	0.01141	0.00731	0.18686	0.43497	0.02296	0.01778	0.01739	0.01336	0.00646	0.00475	0.00155	0.00396	0.00523	0.20326	0.00736
32	0.01252	0.01201	0.02053	0.03104	0.79074	0.01201	0.01552	0.01552	0.01151	0.01652	0.00951	0.01252	0.00801	0.00451	0.00501	0.00150	0.00601	0.00451	0.00250	0.00801
33	0.41199	0.01055	0.01195	0.01043	0.05807	0.01121	0.05951	0.12530	0.03376	0.20495	0.01154	0.01180	0.00815	0.00528	0.00422	0.00157	0.00468	0.00395	0.00412	0.00697
34	0.14495	0.01556	0.01089	0.01005	0.01214	0.40142	0.00749	0.03019	0.02710	0.03005	0.01110	0.06081	0.01044	0.11693	0.08764	0.00257	0.00758	0.00469	0.00305	0.00535
35	0.00714	0.00479	0.00614	0.00685	0.00760	0.00436	0.00473	0.00822	0.01045	0.05888	0.06738	0.62350	0.14192	0.01458	0.00628	0.00195	0.00293	0.01305	0.00483	0.00442
36	0.00804	0.00649	0.00778	0.00668	0.00915	0.00546	0.04159	0.00993	0.01115	0.01535	0.03203	0.03342	0.39505	0.00915	0.00511	0.00142	0.00324	0.05108	0.12878	0.21909
37	0.07373	0.00840	0.00998	0.00796	0.01125	0.00754	0.05783	0.05201	0.07172	0.01709	0.02506	0.02489	0.28662	0.00745	0.00482	0.00133	0.00378	0.00621	0.00386	0.31846
38	0.01577	0.02483	0.29312	0.01352	0.01786	0.52017	0.01295	0.01870	0.01303	0.01367	0.00827	0.00967	0.00648	0.00507	0.00465	0.00141	0.00853	0.00343	0.00244	0.00644
39	0.02133	0.01413	0.01266	0.01043	0.01388	0.29079	0.00827	0.02306	0.01442	0.51541	0.01562	0.01433	0.01038	0.00589	0.00490	0.00147	0.00602	0.00443	0.00496	0.00763

[dist]
# distance from previous block
# <min> <max>
0	15

[block]
# block no. 2 follows, 49 sequences, length 80
# corresponding to MSA columns:
# 354-433
name=unknown_C
#
# <colnr> <probs for GDERKNQSTAVLIFYWHMCP>
#	G	D	E	R	K	N	Q	S	T	A	V	L	I	F	Y	W	H	M	C	P
0	0.01907	0.00938	0.01371	0.13011	0.13642	0.00898	0.00973	0.04683	0.01369	0.53360	0.01646	0.01577	0.01084	0.00580	0.00507	0.00157	0.00497	0.00489	0.00505	0.00807
1	0.01230	0.01180	0.02014	0.08693	0.73652	0.01196	0.01541	0.01533	0.01141	0.01626	0.00947	0.01258	0.00792	0.00454	0.00501	0.00151	0.00606	0.00450	0.00248	0.00784
2	0.00624	0.00503	0.00556	0.00565	0.00705	0.00435	0.00415	0.00768	0.01182	0.01488	0.19562	0.15721	0.53155	0.01275	0.00604	0.00173	0.00258	0.01090	0.00487	0.00435
3	0.01083	0.18866	0.63960	0.01324	0.02007	0.01342	0.01664	0.01584	0.01059	0.01518	0.00866	0.01015	0.00642	0.00471	0.00449	0.00150	0.00705	0.00353	0.00214	0.00727
4	0.01320	0.02052	0.31262	0.01643	0.02182	0.19062	0.29154	0.01732	0.01209	0.04195	0.00959	0.01163	0.00710	0.00475	0.00518	0.00157	0.00812	0.00449	0.00254	0.00691
5	0.01153	0.35445	0.47995	0.01205	0.01823	0.01514	0.01456	0.01566	0.01051	0.01432	0.00823	0.00962	0.00644	0.00461	0.00416	0.00139	0.00662	0.00331	0.00215	0.00707
6	0.04201	0.01173	0.01149	0.01035	0.01320	0.06639	0.00804	0.02600	0.70275	0.02061	0.01925	0.01784	0.01449	0.00667	0.00504	0.00168	0.00435	0.00545	0.00490	0.00777
7	0.35843	0.01943	0.47212	0.01122	0.01691	0.01158	0.01326	0.01554	0.00983	0.01876	0.00824	0.00966	0.00602	0.00476	0.00412	0.00159	0.00601	0.00333	0.00254	0.00665
8	0.01576	0.40162	0.01953	0.01032	0.01375	0.32586	0.00883	0.06922	0.01282	0.01391	0.00830	0.00948	0.00706	0.00490	0.00390	0.00120	0.00668	0.00318	0.05740	0.00627
9	0.00730	0.00511	0.00659	0.00659	0.00696	0.00549	0.00440	0.00804	0.00767	0.01060	0.01495	0.02766	0.01603	0.50008	0.34472	0.00623	0.00845	0.00656	0.00292	0.00366
10	0.01101	0.01067	0.01691	0.27890	0.25598	0.01305	0.01339	0.01343	0.00966	0.01373	0.00828	0.01229	0.00709	0.00629	0.00931	0.00182	0.30508	0.00447	0.00231	0.00631
11	0.00633	0.00514	0.00562	0.00550	0.00705	0.00442	0.00412	0.00795	0.01237	0.01566	0.27342	0.04538	0.56525	0.01206	0.00597	0.00167	0.00251	0.01021	0.00496	0.00442
12	0.01185	0.47744	0.30310	0.01051	0.01566	0.01593	0.01187	0.01490	0.01021	0.01323	0.00841	0.01084	0.00732	0.06340	0.00543	0.00154	0.00612	0.00341	0.00222	0.00660
13	0.00955	0.00899	0.01517	0.81013	0.03483	0.01123	0.01404	0.01292	0.01011	0.01292	0.00899	0.01348	0.00674	0.00506	0.00506	0.00169	0.00674	0.00449	0.00225	0.00562
14	0.00704	0.00516	0.00660	0.00624	0.00749	0.00472	0.00468	0.00932	0.01405	0.01964	0.71740	0.03882	0.11878	0.01057	0.00597	0.00160	0.00240	0.00929	0.00548	0.00472
15	0.01631	0.01401	0.08602	0.01136	0.01533	0.01403	0.00985	0.43368	0.27147	0.05180	0.01489	0.01438	0.01077	0.00622	0.00506	0.00159	0.00519	0.00488	0.00486	0.00830
16	0.07266	0.00841	0.00981	0.00813	0.01081	0.00822	0.00630	0.01517	0.11875	0.11735	0.01377	0.01849	0.01198	0.16465	0.03545	0.00225	0.06249	0.02710	0.00373	0.28450
17	0.01453	0.25773	0.15434	0.00999	0.01394	0.01259	0.00984	0.01745	0.03726	0.23491	0.10068	0.01515	0.01320	0.00615	0.00565	0.00149	0.07972	0.00455	0.00381	0.00703
18	0.00732	0.00489	0.00553	0.00556	0.00557	0.00488	0.00311	0.00734	0.00742	0.00990	0.01629	0.05649	0.01883	0.79828	0.02516	0.00482	0.00484	0.00756	0.00311	0.00310
19	0.01632	0.01204	0.01419	0.19149	0.01911	0.01351	0.01004	0.51562	0.01930	0.04919	0.01203	0.01316	0.00866	0.00583	0.00493	0.00153	0.00552	0.00457	0.07536	0.00760
20	0.01024	0.00972	0.01630	0.57442	0.08529	0.01139	0.08344	0.01474	0.08830	0.01438	0.01089	0.01539	0.00853	0.00542	0.00521	0.00170	0.00651	0.02935	0.00267	0.00611
21	0.02269	0.00861	0.01174	0.00900	0.01291	0.00743	0.00743	0.02464	0.01447	0.79425	0.01995	0.01721	0.01252	0.00626	0.00509	0.00156	0.00430	0.00509	0.00626	0.00861
22	0.00616	0.00440	0.00587	0.00704	0.00733	0.00411	0.00469	0.00704	0.00968	0.01291	0.02787	0.81899	0.03344	0.01584	0.00645	0.00205	0.00293	0.01438	0.00469	0.00411
23	0.01357	0.01288	0.02709	0.01944	0.02438	0.01197	0.65626	0.01748	0.01232	0.13430	0.01171	0.01418	0.00841	0.00457	0.00583	0.00168	0.00788	0.00583	0.00312	0.00709
24	0.01176	0.01541	0.15858	0.02233	0.19844	0.01243	0.47257	0.01601	0.01162	0.01624	0.00987	0.01288	0.00753	0.00441	0.00555	0.00164	0.00778	0.00526	0.00247	0.00720
25	0.02269	0.00861	0.01174	0.00900	0.01291	0.00743	0.00743	0.02464	0.01447	0.79425	0.01995	0.01721	0.01252	0.00626	0.00509	0.00156	0.00430	0.00509	0.00626	0.00861
26	0.00955	0.00899	0.01517	0.81013	0.03483	0.01123	0.01404	0.01292	0.01011	0.01292	0.00899	0.01348	0.00674	0.00506	0.00506	0.00169	0.00674	0.00449	0.00225	0.00562
27	0.00793	0.00673	0.01033	0.14564	0.01463	0.00675	0.08095	0.01025	0.01158	0.01505	0.13718	0.11439	0.19712	0.01091	0.00613	0.00189	0.00442	0.20904	0.00419	0.00491
28	0.02026	0.04144	0.04038	0.01088	0.01447	0.29427	0.00891	0.09579	0.01507	0.38697	0.01404	0.01329	0.00957	0.00575	0.00483	0.00145	0.00630	0.00425	0.00456	0.00751
29	0.01252	0.01201	0.02053	0.03104	0.79074	0.01201	0.01552	0.01552	0.01151	0.01652	0.00951	0.01252	0.00801	0.00451	0.00501	0.00150	0.00601	0.00451	0.00250	0.00801
30	0.26313	0.01219	0.01622	0.02258	0.50622	0.06628	0.01215	0.01565	0.01085	0.01806	0.00866	0.01101	0.00716	0.00461	0.00442	0.00151	0.00560	0.00390	0.00270	0.00711
31	0.00696	0.00497	0.00678	0.00795	0.00859	0.00479	0.00608	0.00842	0.01047	0.01380	0.02743	0.51369	0.03170	0.01509	0.00667	0.00216	0.00362	0.31181	0.00468	0.00433
32	0.01258	0.01086	0.01143	0.01029	0.01315	0.01258	0.00800	0.02687	0.78161	0.02115	0.02058	0.01887	0.01544	0.00686	0.00515	0.00172	0.00400	0.00572	0.00515	0.00800
33	0.01194	0.01364	0.02984	0.02131	0.02643	0.01279	0.77238	0.01620	0.01194	0.01620	0.01023	0.01364	0.00767	0.00426	0.00597	0.00171	0.00853	0.00597	0.00256	0.00682
34	0.01759	0.00856	0.01225	0.00969	0.01306	0.00780	0.07760	0.03224	0.06889	0.49579	0.07608	0.07379	0.06823	0.00748	0.00538	0.00163	0.00435	0.00648	0.00556	0.00754
35	0.01254	0.01420	0.05976	0.02014	0.02525	0.01301	0.67111	0.08623	0.01298	0.01764	0.01036	0.01338	0.00771	0.00445	0.00584	0.00168	0.00821	0.00575	0.00277	0.00701
36	0.00616	0.00440	0.00587	0.00704	0.00733	0.00411	0.00469	0.00704	0.00968	0.01291	0.02787	0.81899	0.03344	0.01584	0.00645	0.00205	0.00293	0.01438	0.00469	0.00411
37	0.02269	0.00861	0.01174	0.00900	0.01291	0.00743	0.00743	0.02464	0.01447	0.79425	0.01995	0.01721	0.01252	0.00626	0.00509	0.00156	0.00430	0.00509	0.00626	0.00861
38	0.01061	0.01106	0.02170	0.45904	0.03109	0.01193	0.35157	0.01438	0.01092	0.01438	0.00954	0.01355	0.00716	0.00470	0.00546	0.00169	0.00753	0.00515	0.00239	0.00615
39	0.01330	0.00651	0.00874	0.00826	0.01022	0.00597	0.00640	0.01526	0.03713	0.32781	0.02429	0.36077	0.02381	0.01142	0.00594	0.00189	0.00377	0.11706	0.00533	0.00612
40	0.00641	0.00514	0.00572	0.00558	0.00710	0.00445	0.00418	0.00810	0.01255	0.01609	0.32203	0.04466	0.51637	0.01190	0.00597	0.00166	0.00250	0.01011	0.00502	0.00445
41	0.01889	0.02410	0.01433	0.01303	0.01563	0.80199	0.00977	0.02019	0.01433	0.01238	0.00782	0.00912	0.00651	0.00521	0.00456	0.00130	0.00912	0.00326	0.00261	0.00586
42	0.01014	0.02616	0.79609	0.01441	0.02189	0.01174	0.01868	0.01601	0.01068	0.01601	0.00907	0.01068	0.00641	0.00480	0.00480	0.00160	0.00747	0.00374	0.00214	0.00747
43	0.01480	0.01271	0.01676	0.01964	0.36005	0.04024	0.01166	0.28550	0.01581	0.02184	0.01030	0.01193	0.00808	0.00496	0.00480	0.00138	0.00559	0.00423	0.00350	0.14621
44	0.01140	0.01869	0.44662	0.01174	0.01767	0.01019	0.01335	0.01691	0.09264	0.07272	0.01105	0.01196	0.00809	0.00484	0.00458	0.00138	0.00588	0.00385	0.00298	0.23346
45	0.01827	0.01297	0.01411	0.01111	0.01492	0.01427	0.00908	0.55456	0.17070	0.10466	0.01455	0.01395	0.01032	0.00624	0.00508	0.00156	0.00514	0.00483	0.00519	0.00848
46	0.00755	0.00564	0.00707	0.00673	0.00803	0.00542	0.00503	0.01088	0.08417	0.01963	0.64117	0.09026	0.06811	0.01048	0.00592	0.00164	0.00258	0.00924	0.00544	0.00501
47	0.00650	0.00514	0.00585	0.00567	0.00715	0.00449	0.00426	0.00827	0.01277	0.01661	0.37928	0.04382	0.45880	0.01171	0.00597	0.00166	0.00248	0.00999	0.00508	0.00449
48	0.01501	0.01505	0.01765	0.02256	0.44548	0.20200	0.01276	0.14594	0.01438	0.01828	0.03626	0.01250	0.00911	0.00514	0.00494	0.00146	0.00655	0.00437	0.00307	0.00748
49	0.01095	0.21797	0.61137	0.01303	0.01975	0.01373	0.01628	0.01580	0.01058	0.01503	0.00858	0.01006	0.00643	0.00469	0.00443	0.00148	0.00698	0.00349	0.00214	0.00724
50	0.00722	0.00542	0.00813	0.00813	0.00903	0.00632	0.00632	0.00903	0.00813	0.01174	0.01354	0.01987	0.01264	0.03792	0.80225	0.00813	0.01354	0.00542	0.00271	0.00451
51	0.01014	0.02616	0.79609	0.01441	0.02189	0.01174	0.01868	0.01601	0.01068	0.01601	0.00907	0.01068	0.00641	0.00480	0.00480	0.00160	0.00747	0.00374	0.00214	0.00747
52	0.01903	0.01986	0.01469	0.01243	0.01565	0.46638	0.00970	0.34188	0.01836	0.02070	0.00966	0.01041	0.00740	0.00558	0.00477	0.00139	0.00760	0.00381	0.00365	0.00703
53	0.85801	0.00978	0.00743	0.00665	0.00978	0.01134	0.00548	0.01486	0.00861	0.02269	0.00704	0.00821	0.00548	0.00469	0.00313	0.00156	0.00391	0.00274	0.00313	0.00548
54	0.01269	0.01157	0.01794	0.15738	0.48820	0.01232	0.01373	0.09167	0.11028	0.01802	0.01109	0.01345	0.00880	0.00505	0.00504	0.00156	0.00583	0.00466	0.00305	0.00767
55	0.13431	0.00876	0.01116	0.00868	0.01249	0.00795	0.00717	0.02334	0.01369	0.69114	0.01822	0.01601	0.01158	0.00605	0.00482	0.00156	0.00425	0.00477	0.00584	0.00819
56	0.00598	0.00512	0.00512	0.00512	0.00683	0.00427	0.00384	0.00726	0.01153	0.01366	0.05123	0.04866	0.78869	0.01281	0.00598	0.00171	0.00256	0.01067	0.00470	0.00427
57	0.01049	0.00899	0.01049	0.00749	0.01198	0.00674	0.00599	0.01273	0.01049	0.01648	0.00899	0.01049	0.00749	0.00374	0.00374	0.00075	0.00374	0.00300	0.00300	0.85320
58	0.01889	0.02410	0.01433	0.01303	0.01563	0.80199	0.00977	0.02019	0.01433	0.01238	0.00782	0.00912	0.00651	0.00521	0.00456	0.00130	0.00912	0.00326	0.00261	0.00586
59	0.46024	0.01437	0.01014	0.00887	0.01202	0.27068	0.00696	0.01631	0.01076	0.01840	0.00758	0.00884	0.00611	0.00473	0.00369	0.00136	0.00560	0.00295	0.00294	0.12746
60	0.01066	0.00697	0.01010	0.00860	0.01079	0.00644	0.08303	0.03763	0.01352	0.15222	0.34250	0.03436	0.13997	0.03485	0.00650	0.00179	0.00378	0.08559	0.00507	0.00563
61	0.00629	0.00503	0.00563	0.00570	0.00708	0.00437	0.00419	0.00778	0.01193	0.01515	0.22605	0.15676	0.50096	0.01265	0.00604	0.00173	0.00257	0.01084	0.00491	0.00437
62	0.00639	0.00498	0.00580	0.00593	0.00717	0.00439	0.00432	0.00794	0.01201	0.01560	0.27987	0.21041	0.39176	0.01267	0.00607	0.00174	0.00259	0.01098	0.00497	0.00439
63	0.01194	0.01364	0.02984	0.02131	0.02643	0.01279	0.77238	0.01620	0.01194	0.01620	0.01023	0.01364	0.00767	0.00426	0.00597	0.00171	0.00853	0.00597	0.00256	0.00682
64	0.01252	0.01201	0.02053	0.03104	0.79074	0.01201	0.01552	0.01552	0.01151	0.01652	0.00951	0.01252	0.00801	0.00451	0.00501	0.00150	0.00601	0.00451	0.00250	0.00801
65	0.00663	0.00480	0.00637	0.00745	0.00806	0.00453	0.00547	0.00789	0.01029	0.01350	0.02928	0.57875	0.08657	0.01517	0.00655	0.00210	0.00333	0.19433	0.00468	0.00425
66	0.01883	0.02015	0.01455	0.01245	0.01558	0.49683	0.00966	0.29131	0.03960	0.01963	0.00973	0.01048	0.00752	0.00557	0.00476	0.00139	0.00770	0.00379	0.00356	0.00691
67	0.01049	0.00995	0.01687	0.56202	0.27556	0.01148	0.01451	0.01375	0.01056	0.01407	0.00915	0.01317	0.00714	0.00488	0.00504	0.00163	0.00651	0.00450	0.00233	0.00638
68	0.01495	0.00745	0.03590	0.00765	0.01035	0.00626	0.00633	0.01725	0.01373	0.38702	0.28612	0.02437	0.02461	0.00757	0.00516	0.00152	0.00347	0.00640	0.12721	0.00667
69	0.00616	0.00440	0.00587	0.00704	0.00733	0.00411	0.00469	0.00704	0.00968	0.01291	0.02787	0.81899	0.03344	0.01584	0.00645	0.00205	0.00293	0.01438	0.00469	0.00411
70	0.79796	0.00990	0.00787	0.00691	0.01010	0.01136	0.00570	0.04281	0.00936	0.05031	0.00768	0.00868	0.00584	0.00480	0.00327	0.00156	0.00399	0.00289	0.00331	0.00570
71	0.00827	0.00603	0.00705	0.00663	0.00814	0.00599	0.00502	0.01249	0.13943	0.01952	0.46803	0.03293	0.11429	0.00935	0.00546	0.00156	0.00266	0.00807	0.13385	0.00524
72	0.01580	0.01806	0.01874	0.06817	0.09941	0.38571	0.19348	0.09067	0.01401	0.01573	0.00909	0.01116	0.00718	0.00495	0.00500	0.00145	0.00803	0.00423	0.00281	0.02631
73	0.00616	0.00440	0.00587	0.00704	0.00733	0.00411	0.00469	0.00704	0.00968	0.01291	0.02787	0.81899	0.03344	0.01584	0.00645	0.00205	0.00293	0.01438	0.00469	0.00411
74	0.01049	0.00899	0.01049	0.00749	0.01198	0.00674	0.00599	0.01273	0.01049	0.01648	0.00899	0.01049	0.00749	0.00374	0.00374	0.00075	0.00374	0.00300	0.00300	0.85320
75	0.01536	0.01268	0.01708	0.01985	0.36028	0.01315	0.01188	0.35952	0.01698	0.02348	0.01065	0.01214	0.00823	0.00514	0.00490	0.00143	0.00558	0.00437	0.00371	0.09359
76	0.01442	0.00850	0.01018	0.00773	0.01146	0.00721	0.00624	0.06848	0.01257	0.24170	0.01364	0.01396	0.00995	0.00499	0.00419	0.00111	0.00379	0.00400	0.14878	0.40709
77	0.01249	0.01084	0.01761	0.07954	0.56167	0.01096	0.01333	0.01602	0.05783	0.07267	0.05810	0.01610	0.03941	0.00545	0.00512	0.00154	0.00548	0.00512	0.00317	0.00756
78	0.01197	0.01524	0.22498	0.09025	0.26209	0.01118	0.14400	0.01584	0.01133	0.06573	0.01009	0.01240	0.00765	0.00463	0.00500	0.00151	0.00655	0.00444	0.00268	0.09245
79	0.01276	0.01191	0.01937	0.02687	0.62815	0.01181	0.03831	0.06704	0.02486	0.01763	0.00985	0.01244	0.00811	0.00457	0.00492	0.00144	0.00581	0.00443	0.00277	0.08694

[dist]
# distance from previous block
# <min> <max>
0	8

# created by:
# /home/cegg/simao/soft/augustus-3.2.1/scripts/msa2prfl.pl ./align_prep/29437.fa
