[name]
unknown

[dist]
# distance from previous block
# <min> <max>
0	2

[block]
# block no. 0 follows, 37 sequences, length 126
# corresponding to MSA columns:
# 103-207,209-229
name=unknown_A
#
# <colnr> <probs for GDERKNQSTAVLIFYWHMCP>
#	G	D	E	R	K	N	Q	S	T	A	V	L	I	F	Y	W	H	M	C	P
0	0.01048	0.08051	0.01195	0.01120	0.01297	0.00866	0.00992	0.01321	0.01394	0.01795	0.03016	0.06348	0.03266	0.01581	0.00803	0.00268	0.00572	0.63947	0.00535	0.00585
1	0.02108	0.19750	0.04426	0.03998	0.01676	0.01384	0.01010	0.07862	0.05698	0.36430	0.07953	0.01949	0.01631	0.00734	0.00570	0.00177	0.00568	0.00579	0.00577	0.00919
2	0.09269	0.14960	0.08377	0.11212	0.13056	0.10997	0.08190	0.02109	0.09737	0.04665	0.01245	0.01442	0.00972	0.00604	0.00553	0.00180	0.00758	0.00497	0.00352	0.00824
3	0.02024	0.03364	0.01657	0.07339	0.01922	0.30754	0.01120	0.19905	0.09426	0.06453	0.01408	0.01577	0.01095	0.03705	0.00705	0.00193	0.02420	0.00517	0.03596	0.00818
4	0.00784	0.00571	0.00738	0.00806	0.00891	0.00525	0.00563	0.00954	0.01375	0.01864	0.26956	0.47797	0.10574	0.01667	0.00757	0.00227	0.00329	0.01494	0.00603	0.00525
5	0.04938	0.05501	0.27262	0.01782	0.08646	0.38047	0.01593	0.02172	0.01507	0.01742	0.01010	0.01197	0.00795	0.00600	0.00555	0.00173	0.00961	0.00423	0.00295	0.00801
6	0.00817	0.00624	0.00750	0.00719	0.00884	0.00557	0.00539	0.01060	0.01617	0.02179	0.50915	0.05026	0.29379	0.01354	0.00722	0.00197	0.00296	0.01171	0.00638	0.00557
7	0.02196	0.10629	0.11728	0.01418	0.05204	0.01555	0.01246	0.29427	0.02048	0.26014	0.01636	0.01588	0.01124	0.00688	0.00584	0.00181	0.00656	0.00532	0.00557	0.00990
8	0.02455	0.01471	0.01647	0.01280	0.01751	0.04076	0.01050	0.39310	0.05645	0.32018	0.01874	0.01738	0.01259	0.00745	0.00612	0.00186	0.00619	0.00578	0.00660	0.01026
9	0.01704	0.04623	0.18838	0.01237	0.01799	0.01212	0.01202	0.02418	0.18793	0.20359	0.01751	0.01711	0.01255	0.00653	0.00563	0.00169	0.00592	0.00525	0.00496	0.20103
10	0.01637	0.78856	0.03208	0.01047	0.01571	0.02422	0.01047	0.01833	0.01244	0.01440	0.00851	0.00982	0.00786	0.00524	0.00393	0.00131	0.00655	0.00327	0.00262	0.00786
11	0.00852	0.00625	0.00798	0.00755	0.00906	0.00571	0.00566	0.01127	0.01699	0.02374	0.67499	0.04705	0.12673	0.01281	0.00722	0.00194	0.00291	0.01126	0.00663	0.00571
12	0.00741	0.00614	0.00650	0.00655	0.00842	0.00522	0.00486	0.00908	0.01416	0.01737	0.13664	0.11436	0.61128	0.01546	0.00728	0.00208	0.00311	0.01306	0.00580	0.00522
13	0.01283	0.01217	0.02065	0.51166	0.29076	0.01393	0.01763	0.01675	0.01284	0.01718	0.01110	0.01591	0.00870	0.00588	0.00610	0.00196	0.00785	0.00544	0.00283	0.00782
14	0.00746	0.00533	0.00710	0.00852	0.00888	0.00497	0.00568	0.00852	0.01172	0.01563	0.03374	0.78088	0.04049	0.01918	0.00781	0.00249	0.00355	0.01740	0.00568	0.00497
15	0.00729	0.00620	0.00628	0.00626	0.00830	0.00519	0.00469	0.00889	0.01408	0.01684	0.08767	0.05841	0.71836	0.01539	0.00723	0.00206	0.00309	0.01285	0.00572	0.00519
16	0.00746	0.00533	0.00710	0.00852	0.00888	0.00497	0.00568	0.00852	0.01172	0.01563	0.03374	0.78088	0.04049	0.01918	0.00781	0.00249	0.00355	0.01740	0.00568	0.00497
17	0.01445	0.01651	0.03612	0.02580	0.03199	0.01548	0.72446	0.01961	0.01445	0.01961	0.01238	0.01651	0.00929	0.00516	0.00722	0.00206	0.01032	0.00722	0.00310	0.00826
18	0.00880	0.00632	0.00865	0.00865	0.00934	0.00701	0.00617	0.01017	0.00949	0.01333	0.01748	0.03005	0.01791	0.32284	0.48725	0.00837	0.01248	0.00744	0.00344	0.00481
19	0.00746	0.00533	0.00710	0.00852	0.00888	0.00497	0.00568	0.00852	0.01172	0.01563	0.03374	0.78088	0.04049	0.01918	0.00781	0.00249	0.00355	0.01740	0.00568	0.00497
20	0.01568	0.01443	0.02514	0.10271	0.50002	0.01455	0.12622	0.05355	0.01475	0.05519	0.01234	0.01572	0.00978	0.00566	0.00625	0.00188	0.00770	0.00576	0.00338	0.00927
21	0.01228	0.03166	0.75316	0.01745	0.02649	0.01422	0.02262	0.01939	0.01292	0.01939	0.01099	0.01292	0.00775	0.00582	0.00582	0.00194	0.00905	0.00452	0.00258	0.00905
22	0.02297	0.02617	0.01760	0.01535	0.01894	0.57509	0.01178	0.19979	0.02020	0.02088	0.01077	0.01195	0.00852	0.00657	0.00567	0.00164	0.00996	0.00433	0.00390	0.00792
23	0.11552	0.02517	0.01682	0.06737	0.05661	0.58461	0.01193	0.02280	0.01602	0.01674	0.00955	0.01148	0.00785	0.00618	0.00539	0.00166	0.00992	0.00405	0.00319	0.00715
24	0.00756	0.00542	0.00732	0.00863	0.00904	0.00518	0.00584	0.00871	0.01157	0.01551	0.03237	0.72119	0.03850	0.02129	0.06719	0.00307	0.00456	0.01655	0.00549	0.00501
25	0.01393	0.01322	0.01281	0.04068	0.04340	0.13564	0.00945	0.06683	0.15595	0.02025	0.02860	0.04709	0.17370	0.01051	0.00654	0.00198	0.00593	0.12286	0.00498	0.08565
26	0.01254	0.01188	0.02012	0.57100	0.23369	0.01386	0.01749	0.01650	0.01270	0.01682	0.01105	0.01600	0.00858	0.00594	0.00610	0.00198	0.00792	0.00544	0.00280	0.00759
27	0.02098	0.01601	0.01708	0.01362	0.01811	0.01791	0.01108	0.52900	0.22978	0.03489	0.01760	0.01701	0.01276	0.00762	0.00615	0.00191	0.00620	0.00591	0.00615	0.01020
28	0.00818	0.00569	0.00707	0.00769	0.00804	0.00546	0.00491	0.00906	0.01131	0.01527	0.11804	0.39328	0.03543	0.32255	0.01701	0.00378	0.00441	0.01322	0.00503	0.00457
29	0.01061	0.00954	0.01717	0.01598	0.07411	0.00966	0.18757	0.01355	0.01211	0.01672	0.01960	0.14421	0.01963	0.02494	0.30670	0.00529	0.01089	0.09140	0.00387	0.00644
30	0.00885	0.00641	0.00849	0.00872	0.01010	0.00605	0.00689	0.01151	0.01579	0.02166	0.44922	0.11108	0.08316	0.01445	0.00762	0.00223	0.00374	0.21210	0.00629	0.00564
31	0.00764	0.00545	0.00731	0.00873	0.00916	0.00513	0.00599	0.00883	0.01190	0.01583	0.03364	0.72812	0.04010	0.01901	0.00786	0.00251	0.00371	0.06840	0.00568	0.00502
32	0.01445	0.01651	0.03612	0.02580	0.03199	0.01548	0.72446	0.01961	0.01445	0.01961	0.01238	0.01651	0.00929	0.00516	0.00722	0.00206	0.01032	0.00722	0.00310	0.00826
33	0.01250	0.03031	0.69572	0.01903	0.08330	0.01424	0.02231	0.01934	0.01300	0.01943	0.01103	0.01310	0.00791	0.00579	0.00583	0.00193	0.00891	0.00460	0.00262	0.00910
34	0.01228	0.03166	0.75316	0.01745	0.02649	0.01422	0.02262	0.01939	0.01292	0.01939	0.01099	0.01292	0.00775	0.00582	0.00582	0.00194	0.00905	0.00452	0.00258	0.00905
35	0.02227	0.01605	0.01736	0.01361	0.01827	0.01770	0.01114	0.56822	0.14071	0.08504	0.01697	0.01641	0.01205	0.00752	0.00614	0.00188	0.00633	0.00578	0.00624	0.01030
36	0.44393	0.01885	0.01308	0.01175	0.01499	0.31074	0.00923	0.02030	0.01309	0.02150	0.00886	0.01065	0.00724	0.00633	0.00576	0.00183	0.06789	0.00373	0.00345	0.00682
37	0.00829	0.00624	0.00767	0.00731	0.00892	0.00562	0.00548	0.01084	0.01645	0.02248	0.56729	0.04913	0.23522	0.01329	0.00722	0.00196	0.00294	0.01155	0.00647	0.00562
38	0.01814	0.01448	0.01924	0.02258	0.30659	0.04879	0.01366	0.24550	0.01852	0.08515	0.01423	0.01665	0.01115	0.01249	0.12199	0.00305	0.00851	0.00563	0.00444	0.00921
39	0.00757	0.00537	0.00707	0.00838	0.00870	0.00505	0.00553	0.00855	0.01150	0.01533	0.03260	0.72245	0.03905	0.07957	0.00965	0.00276	0.00374	0.01673	0.00553	0.00487
40	0.02247	0.02843	0.01773	0.01688	0.05586	0.72245	0.01218	0.02416	0.01717	0.01524	0.00957	0.01125	0.00798	0.00626	0.00555	0.00159	0.01085	0.00402	0.00315	0.00723
41	0.08863	0.01217	0.01453	0.01129	0.01583	0.01199	0.00931	0.22241	0.01986	0.45818	0.02007	0.01836	0.01318	0.00734	0.00586	0.00185	0.00548	0.00573	0.04804	0.00988
42	0.00989	0.00699	0.00853	0.00806	0.00989	0.00657	0.00606	0.01357	0.07694	0.06250	0.45770	0.10290	0.18106	0.01298	0.00713	0.00201	0.00327	0.01130	0.00646	0.00618
43	0.01863	0.01971	0.20092	0.01420	0.02009	0.01621	0.01370	0.41045	0.07866	0.03055	0.01412	0.01466	0.01024	0.00671	0.00587	0.00177	0.00690	0.00515	0.00495	0.10652
44	0.02273	0.05934	0.01843	0.01485	0.01880	0.43067	0.01169	0.30415	0.02168	0.02437	0.01151	0.01244	0.00889	0.00667	0.00569	0.00167	0.00912	0.00454	0.00431	0.00845
45	0.00822	0.00617	0.00762	0.00739	0.00891	0.00557	0.00549	0.01065	0.01609	0.02193	0.52436	0.10304	0.22460	0.01374	0.00727	0.00200	0.00299	0.01199	0.00640	0.00557
46	0.01489	0.51516	0.29254	0.01299	0.01961	0.02061	0.01486	0.01871	0.01261	0.01620	0.00940	0.01094	0.00782	0.00545	0.00461	0.00154	0.00745	0.00372	0.00261	0.00829
47	0.01456	0.03669	0.07976	0.01500	0.09974	0.07103	0.03798	0.18237	0.01797	0.02349	0.11888	0.05646	0.13654	0.01004	0.00661	0.00198	0.00617	0.07204	0.00496	0.00772
48	0.00787	0.00552	0.00705	0.00802	0.00834	0.00525	0.00519	0.00876	0.01127	0.01510	0.06280	0.56195	0.03673	0.21017	0.01362	0.00332	0.00412	0.01499	0.00524	0.00469
49	0.01067	0.00676	0.00795	0.00751	0.00965	0.00586	0.00568	0.01257	0.01495	0.13094	0.19623	0.13515	0.40507	0.01409	0.00713	0.00206	0.00343	0.01202	0.00620	0.00608
50	0.06765	0.01197	0.01632	0.21348	0.02341	0.01275	0.04443	0.18027	0.01782	0.22502	0.05187	0.02238	0.01505	0.00788	0.00628	0.00200	0.00647	0.06109	0.00533	0.00853
51	0.05338	0.71560	0.02996	0.01033	0.01531	0.02295	0.01016	0.01796	0.01222	0.01499	0.00889	0.01050	0.00815	0.00719	0.03991	0.00174	0.00693	0.00343	0.00270	0.00769
52	0.01126	0.00697	0.00823	0.00750	0.00984	0.00603	0.00577	0.01337	0.01563	0.14914	0.26586	0.04809	0.40292	0.01317	0.00704	0.00199	0.00341	0.01115	0.00635	0.00629
53	0.01649	0.01925	0.02713	0.02090	0.02487	0.21822	0.37162	0.01982	0.01410	0.01726	0.01062	0.01433	0.00863	0.00672	0.00965	0.00207	0.18181	0.00591	0.00302	0.00759
54	0.01358	0.01308	0.02292	0.02647	0.34242	0.01356	0.15805	0.01704	0.01349	0.01887	0.01601	0.02749	0.01522	0.00868	0.00863	0.00221	0.10524	0.16537	0.00359	0.00810
55	0.82811	0.01184	0.00900	0.00805	0.01184	0.01373	0.00663	0.01799	0.01042	0.02746	0.00852	0.00994	0.00663	0.00568	0.00379	0.00189	0.00474	0.00331	0.00379	0.00663
56	0.01428	0.29150	0.02426	0.35393	0.14199	0.04601	0.01474	0.01743	0.01277	0.01585	0.01007	0.01360	0.00828	0.00571	0.00530	0.00173	0.00755	0.00461	0.00275	0.00764
57	0.01063	0.00532	0.00797	0.00797	0.00797	0.00532	0.00532	0.00797	0.00797	0.01063	0.01063	0.01861	0.01063	0.02127	0.02392	0.82190	0.00532	0.00532	0.00266	0.00266
58	0.01821	0.21219	0.02408	0.02298	0.30727	0.22516	0.01424	0.07269	0.01561	0.01858	0.01043	0.01264	0.00878	0.00578	0.00538	0.00163	0.00810	0.00449	0.00319	0.00856
59	0.01846	0.02336	0.09231	0.05676	0.04579	0.36998	0.17222	0.04377	0.08333	0.01832	0.01199	0.01405	0.00934	0.00619	0.00606	0.00181	0.00972	0.00518	0.00344	0.00795
60	0.00866	0.00626	0.00818	0.00770	0.00914	0.00578	0.00578	0.01155	0.01733	0.02455	0.74346	0.04572	0.05776	0.01251	0.00722	0.00193	0.00289	0.01107	0.00674	0.00578
61	0.00746	0.00533	0.00710	0.00852	0.00888	0.00497	0.00568	0.00852	0.01172	0.01563	0.03374	0.78088	0.04049	0.01918	0.00781	0.00249	0.00355	0.01740	0.00568	0.00497
62	0.01281	0.25541	0.05021	0.01465	0.08598	0.01454	0.11932	0.01516	0.01164	0.01526	0.01335	0.02118	0.01297	0.20828	0.12090	0.00390	0.00856	0.00604	0.00310	0.00675
63	0.01925	0.01797	0.01456	0.01288	0.01618	0.29539	0.00991	0.03908	0.24726	0.13134	0.11342	0.02093	0.01905	0.00798	0.00608	0.00184	0.00702	0.00620	0.00533	0.00831
64	0.00957	0.00662	0.00751	0.00706	0.00921	0.00570	0.00537	0.01156	0.01521	0.08935	0.24224	0.05169	0.48885	0.01393	0.00713	0.00201	0.00325	0.01177	0.00615	0.00584
65	0.01940	0.22639	0.02018	0.01218	0.01670	0.01797	0.01037	0.22649	0.24398	0.11873	0.01740	0.01669	0.01290	0.00710	0.00556	0.00177	0.00590	0.00542	0.00538	0.00949
66	0.01480	0.01274	0.01420	0.01282	0.01574	0.01499	0.01021	0.05467	0.55537	0.02413	0.02329	0.02588	0.01873	0.00938	0.00805	0.00221	0.09417	0.07389	0.00576	0.00898
67	0.00998	0.00667	0.00809	0.00847	0.01027	0.00622	0.00696	0.01235	0.01420	0.05361	0.08147	0.05486	0.27305	0.01423	0.00722	0.00225	0.00417	0.28945	0.13075	0.00572
68	0.01617	0.24387	0.14656	0.05942	0.24536	0.01802	0.02848	0.13487	0.01569	0.02109	0.01105	0.01323	0.00887	0.00579	0.00543	0.00171	0.00737	0.00470	0.00333	0.00899
69	0.00746	0.00533	0.00710	0.00852	0.00888	0.00497	0.00568	0.00852	0.01172	0.01563	0.03374	0.78088	0.04049	0.01918	0.00781	0.00249	0.00355	0.01740	0.00568	0.00497
70	0.02129	0.01656	0.02029	0.01597	0.04112	0.01796	0.10063	0.56896	0.06061	0.03471	0.01492	0.01550	0.01076	0.00706	0.00623	0.00187	0.00703	0.00580	0.02276	0.00999
71	0.01504	0.42816	0.17501	0.01604	0.02229	0.01986	0.20848	0.01889	0.01308	0.01681	0.01006	0.01226	0.00823	0.00533	0.00520	0.00164	0.00807	0.00460	0.00274	0.00820
72	0.05697	0.29041	0.31192	0.01448	0.02105	0.05262	0.04920	0.10156	0.01475	0.02011	0.01043	0.01199	0.00812	0.00578	0.00515	0.00170	0.00784	0.00425	0.00312	0.00854
73	0.01461	0.01253	0.01331	0.01215	0.01536	0.01442	0.00937	0.03063	0.67854	0.02482	0.02561	0.08263	0.02041	0.00916	0.00635	0.00211	0.00474	0.00775	0.00619	0.00932
74	0.00813	0.00640	0.00989	0.01019	0.01110	0.00598	0.07483	0.00959	0.01198	0.01601	0.03168	0.70734	0.03748	0.01783	0.00776	0.00245	0.00420	0.01642	0.00543	0.00529
75	0.01024	0.00870	0.01361	0.01207	0.01382	0.00894	0.12522	0.01234	0.01198	0.01592	0.02590	0.04284	0.11289	0.22499	0.07658	0.00401	0.07258	0.19756	0.00426	0.00556
76	0.01387	0.01394	0.01433	0.01723	0.17998	0.19714	0.01069	0.01592	0.01373	0.01722	0.01987	0.26708	0.02100	0.01114	0.00719	0.00203	0.04709	0.04304	0.08073	0.00677
77	0.00756	0.00553	0.00692	0.00797	0.00857	0.00509	0.00533	0.00860	0.01182	0.01542	0.03700	0.59330	0.15373	0.09056	0.00991	0.00274	0.00370	0.01587	0.00550	0.00489
78	0.00874	0.00656	0.00984	0.00984	0.01093	0.00765	0.00765	0.01093	0.00984	0.01421	0.01640	0.02405	0.01530	0.04591	0.76062	0.00984	0.01640	0.00656	0.00328	0.00547
79	0.01340	0.23904	0.55559	0.01554	0.02354	0.01696	0.01929	0.01910	0.01279	0.01802	0.01031	0.01207	0.00778	0.00566	0.00530	0.00177	0.00836	0.00418	0.00259	0.00872
80	0.01440	0.01636	0.03527	0.02533	0.03122	0.01564	0.68987	0.01937	0.01420	0.01937	0.01217	0.01636	0.00923	0.00543	0.00785	0.00209	0.04745	0.00713	0.00308	0.00818
81	0.00755	0.00582	0.00691	0.00746	0.00867	0.00517	0.00528	0.00909	0.01348	0.01736	0.15417	0.37696	0.32675	0.01667	0.00749	0.00223	0.00327	0.01462	0.00585	0.00517
82	0.00765	0.00605	0.00669	0.00684	0.00834	0.00531	0.00489	0.00919	0.01365	0.01719	0.15926	0.16597	0.46016	0.08962	0.00962	0.00248	0.00341	0.01293	0.00566	0.00509
83	0.01098	0.00718	0.00958	0.21557	0.01689	0.00798	0.00790	0.01356	0.01185	0.01859	0.01687	0.02312	0.01425	0.10761	0.04571	0.03346	0.00545	0.00606	0.42179	0.00563
84	0.01228	0.03166	0.75316	0.01745	0.02649	0.01422	0.02262	0.01939	0.01292	0.01939	0.01099	0.01292	0.00775	0.00582	0.00582	0.00194	0.00905	0.00452	0.00258	0.00905
85	0.00806	0.00576	0.00779	0.00921	0.00983	0.00549	0.00673	0.00956	0.01231	0.01630	0.03341	0.60304	0.03917	0.01861	0.00797	0.00257	0.00407	0.18931	0.00567	0.00514
86	0.00798	0.00601	0.00739	0.00751	0.00885	0.00541	0.00545	0.01006	0.01503	0.02020	0.38582	0.23288	0.23509	0.01497	0.00737	0.00210	0.00311	0.01314	0.00620	0.00541
87	0.01321	0.20419	0.58879	0.01586	0.02404	0.01650	0.01985	0.01914	0.01281	0.01825	0.01042	0.01222	0.00778	0.00568	0.00539	0.00180	0.00848	0.00424	0.00259	0.00878
88	0.00797	0.00582	0.00819	0.00905	0.00969	0.00604	0.00646	0.00948	0.01097	0.01506	0.02685	0.48019	0.03048	0.02980	0.30690	0.00541	0.00865	0.01309	0.00473	0.00517
89	0.01410	0.01411	0.02094	0.39715	0.33050	0.08419	0.01725	0.01776	0.01342	0.01738	0.01101	0.01534	0.00877	0.00586	0.00604	0.00190	0.00806	0.00530	0.00289	0.00802
90	0.01228	0.03166	0.75316	0.01745	0.02649	0.01422	0.02262	0.01939	0.01292	0.01939	0.01099	0.01292	0.00775	0.00582	0.00582	0.00194	0.00905	0.00452	0.00258	0.00905
91	0.05679	0.01400	0.01572	0.03164	0.19961	0.10679	0.01119	0.11720	0.11358	0.02318	0.12680	0.02238	0.01925	0.06887	0.00798	0.00216	0.00625	0.00651	0.04212	0.00800
92	0.01338	0.08600	0.48099	0.01920	0.13573	0.01501	0.01917	0.02067	0.09895	0.01989	0.01270	0.01439	0.00952	0.00604	0.00572	0.00188	0.00795	0.00488	0.01886	0.00907
93	0.00745	0.00537	0.00706	0.00841	0.00885	0.00498	0.00563	0.00854	0.01183	0.01567	0.03517	0.74424	0.07620	0.01899	0.00778	0.00246	0.00353	0.01717	0.00568	0.00498
94	0.07537	0.01103	0.01422	0.01097	0.01566	0.01007	0.00906	0.08405	0.01798	0.65116	0.02246	0.01969	0.01427	0.00744	0.00601	0.00189	0.00530	0.00593	0.00723	0.01019
95	0.01352	0.02102	0.30860	0.20384	0.02647	0.09674	0.01669	0.05134	0.06463	0.01894	0.01471	0.07410	0.01258	0.00775	0.00618	0.00201	0.00807	0.04143	0.00349	0.00790
96	0.01589	0.01196	0.01533	0.03200	0.22940	0.06137	0.01112	0.11005	0.01586	0.10839	0.01939	0.18236	0.01787	0.00925	0.00615	0.00190	0.00574	0.00807	0.12989	0.00801
97	0.00749	0.00585	0.00680	0.00732	0.00862	0.00516	0.00520	0.00901	0.01345	0.01712	0.13157	0.34971	0.37763	0.01664	0.00747	0.00222	0.00326	0.01451	0.00581	0.00516
98	0.00849	0.00610	0.00827	0.00963	0.01050	0.00588	0.00746	0.01034	0.01283	0.01683	0.03422	0.44532	0.06461	0.01806	0.00807	0.00261	0.00444	0.31542	0.00566	0.00527
99	0.01653	0.06393	0.19584	0.20501	0.02740	0.23293	0.07181	0.08111	0.01551	0.01858	0.01081	0.01349	0.00825	0.00609	0.00584	0.00183	0.00917	0.00481	0.00313	0.00791
100	0.01543	0.02909	0.49328	0.01653	0.02359	0.19239	0.01863	0.04673	0.07154	0.01951	0.01185	0.01332	0.00874	0.00618	0.00579	0.00186	0.00911	0.00461	0.00313	0.00868
101	0.01651	0.00941	0.01044	0.00909	0.01196	0.00979	0.00715	0.07809	0.19561	0.17029	0.02162	0.02179	0.01591	0.00753	0.00529	0.00171	0.00413	0.00608	0.38958	0.00801
102	0.01355	0.00929	0.01027	0.00907	0.01201	0.00908	0.00715	0.13062	0.09486	0.12030	0.05799	0.06815	0.38564	0.01245	0.00686	0.00204	0.00426	0.03310	0.00609	0.00724
103	0.00954	0.00787	0.00902	0.00761	0.01070	0.00639	0.00587	0.01186	0.01441	0.01988	0.22582	0.03908	0.30162	0.01083	0.00628	0.00162	0.00355	0.00915	0.00524	0.29366
104	0.00833	0.00577	0.00692	0.00748	0.00777	0.00559	0.00469	0.00889	0.01036	0.01370	0.02716	0.31106	0.06597	0.44076	0.02067	0.00438	0.00491	0.03669	0.00459	0.00431
105	0.01419	0.01474	0.02201	0.12845	0.29793	0.09980	0.13892	0.01755	0.01415	0.01832	0.04536	0.02129	0.09657	0.00723	0.00692	0.00193	0.03656	0.00667	0.00345	0.00795
106	0.01429	0.01582	0.11000	0.22481	0.12032	0.01443	0.19284	0.12716	0.01579	0.02125	0.01597	0.01892	0.06699	0.00669	0.00644	0.00198	0.00807	0.00638	0.00360	0.00823
107	0.00958	0.00689	0.00973	0.01092	0.01223	0.00704	0.00933	0.01222	0.01333	0.01756	0.03001	0.09599	0.03242	0.02147	0.12398	0.00388	0.00719	0.56538	0.00528	0.00558
108	0.01364	0.01979	0.27136	0.24377	0.12222	0.01465	0.13178	0.07399	0.01434	0.01990	0.01154	0.01492	0.00857	0.00588	0.00619	0.00197	0.00858	0.00542	0.00304	0.00844
109	0.01403	0.01319	0.02042	0.07651	0.36246	0.04699	0.08253	0.07236	0.01486	0.02016	0.04184	0.17271	0.01750	0.00871	0.00656	0.00199	0.00684	0.00820	0.00394	0.00819
110	0.01440	0.05119	0.11015	0.08211	0.22019	0.01432	0.15323	0.04592	0.03987	0.04534	0.02987	0.02166	0.01332	0.00738	0.00723	0.00204	0.05039	0.07931	0.00367	0.00840
111	0.01311	0.14409	0.10037	0.01225	0.01518	0.04997	0.01110	0.01638	0.04583	0.05288	0.01360	0.01786	0.01184	0.02332	0.32027	0.00521	0.13095	0.00545	0.00335	0.00700
112	0.08692	0.01387	0.01384	0.01077	0.01551	0.08180	0.00860	0.14507	0.07188	0.03714	0.02796	0.01428	0.01086	0.00582	0.00506	0.00135	0.00556	0.00442	0.00438	0.43490
113	0.01332	0.25085	0.38424	0.01388	0.02025	0.01611	0.01592	0.05005	0.01315	0.01806	0.01268	0.07360	0.01113	0.01016	0.06920	0.00246	0.00839	0.00539	0.00306	0.00813
114	0.01581	0.01622	0.02201	0.12449	0.47210	0.13034	0.01676	0.01977	0.05065	0.01870	0.01163	0.01496	0.00960	0.00607	0.00667	0.00186	0.04512	0.00529	0.00316	0.00878
115	0.00878	0.00640	0.00905	0.00905	0.00987	0.00722	0.00667	0.01042	0.00960	0.01363	0.01712	0.02805	0.01704	0.23053	0.57837	0.00886	0.01378	0.00714	0.00339	0.00503
116	0.01655	0.02930	0.02147	0.16928	0.29034	0.08796	0.04353	0.11223	0.01551	0.04867	0.01168	0.01489	0.00929	0.00659	0.00765	0.00194	0.09566	0.00536	0.00352	0.00857
117	0.01337	0.01316	0.02073	0.36075	0.31820	0.05136	0.04324	0.01702	0.01337	0.01755	0.01460	0.01850	0.05894	0.00647	0.00618	0.00193	0.00769	0.00595	0.00308	0.00791
118	0.00746	0.00533	0.00710	0.00852	0.00888	0.00497	0.00568	0.00852	0.01172	0.01563	0.03374	0.78088	0.04049	0.01918	0.00781	0.00249	0.00355	0.01740	0.00568	0.00497
119	0.01239	0.09229	0.29370	0.03995	0.01971	0.01190	0.06987	0.01668	0.01389	0.06861	0.10903	0.08171	0.10207	0.00914	0.00635	0.00197	0.00666	0.03227	0.00417	0.00762
120	0.05512	0.39027	0.18395	0.01304	0.01837	0.01772	0.08087	0.01716	0.01252	0.01684	0.01330	0.12961	0.01292	0.00752	0.00524	0.00173	0.00690	0.00610	0.00319	0.00765
121	0.00755	0.00565	0.00698	0.00783	0.00871	0.00512	0.00539	0.00889	0.01277	0.01665	0.11031	0.51320	0.21656	0.03416	0.00812	0.00240	0.00343	0.01548	0.00574	0.00507
122	0.01155	0.00617	0.00724	0.00736	0.00884	0.00588	0.00549	0.01383	0.01327	0.09053	0.05417	0.23210	0.04969	0.01145	0.00586	0.00187	0.00343	0.04755	0.41777	0.00594
123	0.01910	0.04818	0.02003	0.07437	0.22557	0.23537	0.01388	0.18528	0.07854	0.02278	0.01261	0.01436	0.00990	0.00642	0.00585	0.00177	0.00809	0.00506	0.00401	0.00882
124	0.01708	0.01543	0.02031	0.06193	0.36857	0.08348	0.01512	0.19743	0.01795	0.02381	0.01473	0.02151	0.01285	0.00749	0.00633	0.00194	0.00732	0.09359	0.00414	0.00898
125	0.01529	0.01543	0.01808	0.22306	0.09303	0.17531	0.06856	0.01841	0.01424	0.04330	0.04763	0.01578	0.01127	0.00599	0.00573	0.00163	0.00761	0.00511	0.00347	0.21107

[dist]
# distance from previous block
# <min> <max>
2	6

[block]
# block no. 1 follows, 37 sequences, length 8
# corresponding to MSA columns:
# 236-242,248
name=unknown_B
#
# <colnr> <probs for GDERKNQSTAVLIFYWHMCP>
#	G	D	E	R	K	N	Q	S	T	A	V	L	I	F	Y	W	H	M	C	P
0	0.08133	0.38918	0.14786	0.01281	0.01812	0.17648	0.01258	0.06624	0.01447	0.01798	0.00954	0.01093	0.00792	0.00573	0.00471	0.00155	0.00778	0.00378	0.00305	0.00797
1	0.01660	0.01336	0.01823	0.02081	0.28425	0.01297	0.01255	0.12163	0.10324	0.08220	0.01442	0.01576	0.01114	0.00598	0.00566	0.00160	0.00595	0.00517	0.00440	0.24409
2	0.01743	0.01775	0.02113	0.15290	0.36067	0.19309	0.01591	0.11038	0.01637	0.02045	0.01133	0.01431	0.00910	0.00601	0.00595	0.00180	0.00825	0.00510	0.00340	0.00868
3	0.01265	0.24085	0.27176	0.01182	0.01727	0.01428	0.01294	0.01691	0.03632	0.04117	0.10488	0.02507	0.15371	0.00839	0.00573	0.00178	0.00624	0.00663	0.00393	0.00766
4	0.00770	0.00579	0.00713	0.00771	0.00878	0.00522	0.00543	0.00934	0.01369	0.01807	0.21614	0.40905	0.23054	0.01656	0.00751	0.00224	0.00327	0.01466	0.00594	0.00522
5	0.00876	0.00648	0.00945	0.00945	0.01041	0.00744	0.00717	0.01068	0.00972	0.01392	0.01675	0.02601	0.01615	0.13629	0.67140	0.00936	0.01512	0.00685	0.00333	0.00525
6	0.01926	0.30244	0.14554	0.01362	0.01918	0.10787	0.06978	0.02239	0.01462	0.21018	0.01348	0.01393	0.00988	0.00608	0.00529	0.00166	0.00746	0.00464	0.00403	0.00867
7	0.45743	0.01211	0.01282	0.01103	0.01436	0.01383	0.04131	0.09074	0.01328	0.07310	0.01322	0.01909	0.01137	0.00793	0.00687	0.00210	0.09780	0.09004	0.00434	0.00723

[dist]
# distance from previous block
# <min> <max>
0	10

[block]
# block no. 2 follows, 37 sequences, length 45
# corresponding to MSA columns:
# 261-300,305-309
name=unknown_C
#
# <colnr> <probs for GDERKNQSTAVLIFYWHMCP>
#	G	D	E	R	K	N	Q	S	T	A	V	L	I	F	Y	W	H	M	C	P
0	0.01220	0.00938	0.01084	0.01057	0.01265	0.00994	0.00810	0.13697	0.17588	0.02220	0.03028	0.33352	0.07808	0.01418	0.00722	0.00230	0.00464	0.10812	0.00587	0.00705
1	0.01546	0.01290	0.01371	0.01201	0.01545	0.01454	0.00931	0.10424	0.56574	0.02563	0.02265	0.02278	0.01758	0.06857	0.00807	0.00229	0.00512	0.00675	0.00589	0.05131
2	0.01496	0.01435	0.02451	0.07600	0.70973	0.01449	0.01869	0.01862	0.01385	0.01977	0.01148	0.01521	0.00962	0.00549	0.00606	0.00183	0.00732	0.00545	0.00301	0.00954
3	0.01402	0.27716	0.42833	0.07380	0.02386	0.04988	0.01774	0.01897	0.01290	0.01727	0.01010	0.01209	0.00782	0.00567	0.00521	0.00173	0.00825	0.00416	0.00263	0.00840
4	0.01341	0.02069	0.31120	0.15255	0.34424	0.01426	0.02000	0.01849	0.01325	0.01903	0.01120	0.01447	0.00867	0.00571	0.00597	0.00190	0.00812	0.00508	0.00280	0.00895
5	0.01317	0.01253	0.02127	0.44111	0.35861	0.01402	0.01780	0.01705	0.01300	0.01760	0.01116	0.01579	0.00885	0.00582	0.00609	0.00194	0.00776	0.00545	0.00286	0.00810
6	0.01156	0.01088	0.01836	0.77016	0.04216	0.01360	0.01700	0.01564	0.01224	0.01564	0.01088	0.01632	0.00816	0.00612	0.00612	0.00204	0.00816	0.00544	0.00272	0.00680
7	0.02363	0.01929	0.01589	0.01416	0.04391	0.35542	0.01062	0.06183	0.01759	0.30974	0.01694	0.05567	0.01269	0.00751	0.00594	0.00177	0.00796	0.00567	0.00520	0.00858
8	0.01827	0.01831	0.07194	0.01392	0.05452	0.27372	0.01088	0.02205	0.08671	0.15467	0.02367	0.05453	0.13411	0.00883	0.00650	0.00187	0.02603	0.00686	0.00475	0.00784
9	0.00766	0.00599	0.00695	0.00720	0.00866	0.00527	0.00521	0.00944	0.01425	0.01838	0.23207	0.24335	0.38237	0.01568	0.00738	0.00214	0.00316	0.01360	0.00596	0.00527
10	0.02080	0.00908	0.01118	0.00909	0.01254	0.00848	0.00734	0.07800	0.01655	0.40801	0.02176	0.02114	0.01499	0.00738	0.00541	0.00171	0.00440	0.00593	0.32765	0.00856
11	0.01493	0.01858	0.21146	0.01686	0.02212	0.08866	0.20374	0.01927	0.01472	0.10289	0.04456	0.02771	0.04298	0.00851	0.00678	0.00209	0.00809	0.13393	0.00417	0.00791
12	0.01956	0.00941	0.01332	0.01312	0.07148	0.00866	0.01010	0.02220	0.01589	0.40479	0.02642	0.03942	0.02265	0.01109	0.00706	0.00225	0.00554	0.28211	0.00646	0.00847
13	0.00737	0.00594	0.00657	0.00698	0.00850	0.00514	0.00502	0.00884	0.01343	0.01664	0.08582	0.27762	0.49778	0.01648	0.00741	0.00219	0.00323	0.01419	0.00573	0.00514
14	0.02335	0.01827	0.01741	0.01606	0.09452	0.23050	0.01161	0.22454	0.03787	0.24085	0.01590	0.01570	0.01121	0.00694	0.00595	0.00178	0.00754	0.00528	0.00537	0.00936
15	0.01975	0.05536	0.01934	0.01773	0.09354	0.47517	0.06774	0.06647	0.01704	0.01786	0.04922	0.04789	0.01236	0.00704	0.00587	0.00170	0.00938	0.00539	0.00360	0.00753
16	0.01291	0.14903	0.64135	0.01637	0.02482	0.01577	0.02073	0.01922	0.01285	0.01861	0.01060	0.01244	0.00777	0.00573	0.00552	0.00184	0.00866	0.00433	0.00259	0.00886
17	0.00744	0.00597	0.00665	0.00698	0.00852	0.00518	0.00504	0.00900	0.01371	0.01713	0.12532	0.25030	0.48494	0.01617	0.00739	0.00216	0.00320	0.01392	0.00579	0.00518
18	0.01552	0.21409	0.15617	0.01527	0.02078	0.01768	0.13467	0.08257	0.23896	0.02170	0.01524	0.01598	0.01166	0.00646	0.00573	0.00183	0.00713	0.00550	0.00411	0.00892
19	0.01921	0.01467	0.01614	0.01303	0.01685	0.01643	0.01059	0.48828	0.09737	0.03186	0.02000	0.05936	0.07004	0.01010	0.02978	0.00221	0.06224	0.00688	0.00574	0.00922
20	0.00975	0.00604	0.00720	0.00691	0.00835	0.00575	0.00519	0.01262	0.01556	0.02387	0.45792	0.03669	0.04115	0.01039	0.00606	0.00173	0.00287	0.00895	0.32726	0.00575
21	0.01852	0.01070	0.01329	0.00979	0.01495	0.00849	0.00794	0.02110	0.01460	0.30845	0.01612	0.01591	0.01147	0.00573	0.00517	0.00130	0.00480	0.00462	0.00519	0.50187
22	0.01567	0.01258	0.01724	0.01251	0.01793	0.01087	0.11922	0.11596	0.01560	0.08386	0.01276	0.01425	0.00980	0.00528	0.00531	0.00130	0.00579	0.00466	0.00422	0.51519
23	0.02327	0.01715	0.01837	0.01408	0.01898	0.01898	0.01163	0.72628	0.02878	0.03858	0.01470	0.01470	0.01041	0.00735	0.00612	0.00184	0.00674	0.00551	0.00612	0.01041
24	0.01156	0.01088	0.01836	0.77016	0.04216	0.01360	0.01700	0.01564	0.01224	0.01564	0.01088	0.01632	0.00816	0.00612	0.00612	0.00204	0.00816	0.00544	0.00272	0.00680
25	0.00746	0.00533	0.00710	0.00852	0.00888	0.00497	0.00568	0.00852	0.01172	0.01563	0.03374	0.78088	0.04049	0.01918	0.00781	0.00249	0.00355	0.01740	0.00568	0.00497
26	0.00800	0.00586	0.00758	0.00874	0.00934	0.00566	0.00594	0.01018	0.05797	0.01663	0.06279	0.70202	0.03982	0.01821	0.00769	0.00244	0.00361	0.01647	0.00576	0.00531
27	0.02331	0.01313	0.07203	0.01196	0.01676	0.01144	0.01039	0.07656	0.17551	0.48669	0.02265	0.02024	0.01503	0.00758	0.00614	0.00193	0.00553	0.00615	0.00679	0.01015
28	0.00743	0.00544	0.00699	0.00822	0.00880	0.00500	0.00555	0.00856	0.01201	0.01574	0.03743	0.68670	0.13228	0.01870	0.00774	0.00243	0.00349	0.01682	0.00568	0.00500
29	0.00748	0.00579	0.00682	0.00745	0.00864	0.00513	0.00525	0.00893	0.01321	0.01687	0.11388	0.40192	0.34280	0.01697	0.00751	0.00225	0.00330	0.01488	0.00578	0.00513
30	0.82811	0.01184	0.00900	0.00805	0.01184	0.01373	0.00663	0.01799	0.01042	0.02746	0.00852	0.00994	0.00663	0.00568	0.00379	0.00189	0.00474	0.00331	0.00379	0.00663
31	0.00986	0.00705	0.00986	0.01127	0.01268	0.00705	0.00986	0.01268	0.01409	0.01832	0.03241	0.06905	0.03523	0.01691	0.00845	0.00282	0.00564	0.70549	0.00564	0.00564
32	0.02695	0.01125	0.01472	0.01129	0.01604	0.01023	0.00932	0.11587	0.01891	0.66292	0.02298	0.02008	0.01457	0.00755	0.00615	0.00189	0.00540	0.00608	0.00740	0.01042
33	0.00787	0.00571	0.00751	0.00874	0.00944	0.00535	0.00627	0.00933	0.01251	0.01651	0.06660	0.58032	0.09529	0.01824	0.00784	0.00248	0.00382	0.12532	0.00572	0.00513
34	0.01589	0.01595	0.02413	0.03548	0.67689	0.08607	0.01812	0.01933	0.01427	0.01952	0.01132	0.01476	0.00952	0.00554	0.00601	0.00179	0.00763	0.00531	0.00304	0.00945
35	0.01014	0.00562	0.00833	0.00833	0.00858	0.00586	0.00577	0.00867	0.00843	0.01148	0.01230	0.02077	0.01219	0.06051	0.18837	0.60492	0.00781	0.00575	0.00284	0.00333
36	0.01434	0.01723	0.07021	0.02540	0.03173	0.01542	0.69109	0.01960	0.01438	0.01960	0.01232	0.01634	0.00922	0.00519	0.00716	0.00206	0.01026	0.00710	0.00307	0.00829
37	0.01850	0.02057	0.05279	0.02354	0.27039	0.29014	0.04448	0.05108	0.01543	0.04916	0.01104	0.01361	0.00899	0.00655	0.00753	0.00185	0.09768	0.00495	0.00334	0.00836
38	0.01388	0.01639	0.08354	0.01781	0.02072	0.09390	0.20299	0.01687	0.01194	0.01637	0.01085	0.01554	0.00943	0.01366	0.12552	0.00342	0.31127	0.00582	0.00292	0.00717
39	0.01238	0.01178	0.01851	0.05837	0.17412	0.01384	0.06820	0.01482	0.01227	0.01773	0.11152	0.11499	0.01927	0.01022	0.01207	0.00229	0.30897	0.00781	0.00371	0.00713
40	0.51030	0.01868	0.01229	0.01110	0.01463	0.30838	0.00868	0.02054	0.01315	0.02254	0.00889	0.01038	0.00712	0.00593	0.00447	0.00177	0.00722	0.00356	0.00354	0.00681
41	0.00793	0.00623	0.00728	0.00787	0.00945	0.00559	0.00610	0.00972	0.01364	0.01698	0.06642	0.19843	0.42641	0.01646	0.00763	0.00232	0.00378	0.17679	0.00570	0.00526
42	0.00730	0.00594	0.00647	0.00689	0.00845	0.00511	0.00496	0.00871	0.01329	0.01627	0.05363	0.27286	0.53566	0.01659	0.00741	0.00219	0.00323	0.01425	0.00568	0.00511
43	0.01482	0.01318	0.01917	0.08169	0.34452	0.01258	0.01363	0.09179	0.01491	0.02160	0.01157	0.01429	0.00942	0.00537	0.00551	0.00150	0.00627	0.00478	0.00355	0.30988
44	0.01952	0.15060	0.01951	0.01519	0.10178	0.20886	0.01108	0.10046	0.01649	0.12232	0.01247	0.01342	0.00963	0.00597	0.00527	0.00150	0.00723	0.00443	0.00409	0.17019

[dist]
# distance from previous block
# <min> <max>
0	3

[block]
# block no. 3 follows, 37 sequences, length 13
# corresponding to MSA columns:
# 313-325
name=unknown_D
#
# <colnr> <probs for GDERKNQSTAVLIFYWHMCP>
#	G	D	E	R	K	N	Q	S	T	A	V	L	I	F	Y	W	H	M	C	P
0	0.31718	0.09099	0.01543	0.01175	0.01566	0.20070	0.00950	0.14114	0.10311	0.02479	0.01178	0.01257	0.00915	0.00639	0.00492	0.00177	0.00682	0.00427	0.00421	0.00787
1	0.25953	0.17275	0.11691	0.01229	0.01725	0.05359	0.04900	0.06315	0.11545	0.06795	0.01275	0.01350	0.00968	0.00620	0.00499	0.00180	0.00646	0.00452	0.00404	0.00820
2	0.01573	0.04441	0.17177	0.07428	0.18733	0.09461	0.11872	0.11851	0.01578	0.02097	0.01199	0.01498	0.00941	0.00897	0.06357	0.00247	0.00914	0.00538	0.00338	0.00859
3	0.00890	0.00593	0.00668	0.00668	0.00668	0.00593	0.00371	0.00890	0.00890	0.01187	0.01929	0.04006	0.02225	0.78487	0.03116	0.00593	0.00593	0.00890	0.00371	0.00371
4	0.01838	0.55304	0.02751	0.01212	0.01671	0.25251	0.01089	0.02023	0.01396	0.01458	0.00881	0.01020	0.00786	0.00557	0.00442	0.00139	0.00794	0.00348	0.00278	0.00762
5	0.00758	0.00592	0.00687	0.00725	0.00863	0.00522	0.00520	0.00922	0.01385	0.01774	0.18049	0.29386	0.38407	0.01615	0.00742	0.00218	0.00321	0.01405	0.00588	0.00522
6	0.00870	0.00585	0.00674	0.00694	0.00699	0.00580	0.00399	0.00885	0.00930	0.01240	0.02132	0.14447	0.02482	0.67696	0.02787	0.00545	0.00560	0.01010	0.00399	0.00389
7	0.01505	0.01202	0.01731	0.33674	0.12501	0.01351	0.01385	0.15895	0.05465	0.06693	0.01619	0.11313	0.01390	0.00813	0.00633	0.00202	0.00681	0.00709	0.00430	0.00806
8	0.13637	0.02612	0.01622	0.01460	0.01793	0.61728	0.01108	0.05932	0.01695	0.01794	0.00960	0.01107	0.00784	0.00627	0.00531	0.00163	0.00993	0.00393	0.00339	0.00720
9	0.01567	0.01056	0.01344	0.01394	0.11649	0.01062	0.00941	0.09589	0.14841	0.16420	0.12909	0.09899	0.12653	0.01028	0.00661	0.00199	0.00482	0.00882	0.00597	0.00828
10	0.01723	0.01889	0.26745	0.01357	0.01920	0.01324	0.01386	0.17419	0.10517	0.15654	0.11907	0.02055	0.01803	0.00771	0.00619	0.00192	0.00648	0.00624	0.00527	0.00920
11	0.05554	0.01406	0.02025	0.04632	0.41301	0.01480	0.01482	0.17401	0.07114	0.02477	0.05230	0.01735	0.01310	0.00790	0.03228	0.00214	0.00696	0.00581	0.00418	0.00927
12	0.01719	0.15723	0.02025	0.14397	0.10173	0.19215	0.01277	0.08903	0.14259	0.01976	0.01373	0.01650	0.01117	0.00679	0.00567	0.00179	0.00765	0.02798	0.00388	0.00819

[dist]
# distance from previous block
# <min> <max>
0	3

[block]
# block no. 4 follows, 37 sequences, length 36
# corresponding to MSA columns:
# 348-383
name=unknown_E
#
# <colnr> <probs for GDERKNQSTAVLIFYWHMCP>
#	G	D	E	R	K	N	Q	S	T	A	V	L	I	F	Y	W	H	M	C	P
0	0.32083	0.01560	0.12031	0.01161	0.01619	0.01459	0.01057	0.08656	0.26533	0.05709	0.01580	0.01575	0.01169	0.00684	0.00524	0.00196	0.00560	0.00506	0.00483	0.00854
1	0.01266	0.10810	0.01358	0.12879	0.01641	0.01106	0.00852	0.08315	0.04764	0.07494	0.03524	0.03590	0.32829	0.06007	0.00793	0.00218	0.00511	0.00875	0.00491	0.00679
2	0.01541	0.35509	0.26392	0.01335	0.01953	0.05255	0.01437	0.05545	0.09390	0.01869	0.01157	0.01268	0.00919	0.00590	0.00500	0.00162	0.00732	0.00424	0.00324	0.03698
3	0.01099	0.01255	0.13253	0.04388	0.01680	0.00934	0.08913	0.04935	0.01584	0.02244	0.36271	0.08495	0.03444	0.00989	0.00670	0.00190	0.00531	0.00889	0.00512	0.07723
4	0.00995	0.00676	0.00881	0.00862	0.00973	0.00746	0.00641	0.04388	0.01109	0.01650	0.01757	0.02657	0.01654	0.18379	0.43680	0.00709	0.01129	0.00681	0.15894	0.00539
5	0.01206	0.00934	0.01098	0.00845	0.01265	0.00736	0.00667	0.01466	0.01382	0.05494	0.13644	0.02413	0.10081	0.00733	0.00534	0.00127	0.00406	0.00610	0.04156	0.52202
6	0.01282	0.07663	0.28361	0.05865	0.22054	0.01363	0.06931	0.01749	0.01374	0.01949	0.10448	0.05274	0.01622	0.00709	0.00613	0.00190	0.00740	0.00634	0.00342	0.00837
7	0.01721	0.14391	0.08507	0.11277	0.24718	0.11043	0.01483	0.02137	0.06032	0.11043	0.01309	0.01491	0.01007	0.00609	0.00565	0.00177	0.00748	0.00500	0.00368	0.00874
8	0.00769	0.00622	0.00684	0.00668	0.00855	0.00536	0.00501	0.00967	0.01504	0.01911	0.28111	0.05467	0.52350	0.01454	0.00723	0.00202	0.00303	0.01232	0.00602	0.00536
9	0.05057	0.01053	0.01189	0.01049	0.01335	0.04488	0.00808	0.15485	0.01721	0.23142	0.05665	0.29137	0.04873	0.01200	0.00669	0.00209	0.00500	0.01025	0.00616	0.00779
10	0.01492	0.01431	0.02443	0.08430	0.70175	0.01448	0.01867	0.01859	0.01383	0.01972	0.01147	0.01522	0.00960	0.00550	0.00606	0.00183	0.00733	0.00545	0.00301	0.00951
11	0.01607	0.01241	0.01328	0.01104	0.01458	0.01329	0.00883	0.33916	0.14937	0.02892	0.09857	0.03116	0.21674	0.01024	0.00655	0.00195	0.00504	0.00831	0.00608	0.00841
12	0.00723	0.00620	0.00620	0.00620	0.00827	0.00517	0.00465	0.00878	0.01395	0.01654	0.06201	0.05891	0.74421	0.01550	0.00723	0.00207	0.00310	0.01292	0.00568	0.00517
13	0.01647	0.01656	0.02090	0.16445	0.33742	0.14649	0.01585	0.08654	0.03438	0.01978	0.01140	0.01465	0.00926	0.00643	0.00718	0.00190	0.07327	0.00522	0.00334	0.00852
14	0.00890	0.00593	0.00668	0.00668	0.00668	0.00593	0.00371	0.00890	0.00890	0.01187	0.01929	0.04006	0.02225	0.78487	0.03116	0.00593	0.00593	0.00890	0.00371	0.00371
15	0.47257	0.01144	0.01117	0.00930	0.01346	0.01205	0.00762	0.02250	0.06626	0.24688	0.01464	0.01438	0.01027	0.00638	0.00474	0.00184	0.00487	0.00446	0.00511	0.06004
16	0.01743	0.11569	0.22796	0.01975	0.16931	0.18787	0.01605	0.12177	0.03161	0.02078	0.01127	0.01304	0.00880	0.00606	0.00562	0.00174	0.00842	0.00462	0.00339	0.00880
17	0.01681	0.19496	0.17592	0.02169	0.24775	0.17626	0.01594	0.04894	0.01473	0.01830	0.01042	0.01259	0.00852	0.00574	0.00542	0.00168	0.00826	0.00445	0.00300	0.00862
18	0.02287	0.01640	0.01777	0.01368	0.01843	0.01799	0.01128	0.66546	0.02780	0.07059	0.04467	0.01623	0.01255	0.00757	0.00617	0.00184	0.00651	0.00577	0.00621	0.01022
19	0.01749	0.02021	0.01814	0.01594	0.01730	0.33916	0.01272	0.01893	0.01282	0.01484	0.00865	0.01238	0.00797	0.00881	0.01379	0.00220	0.44415	0.00475	0.00288	0.00687
20	0.01095	0.00888	0.01074	0.00848	0.01219	0.00713	0.00661	0.01374	0.01470	0.02193	0.32742	0.02697	0.03011	0.00798	0.00569	0.00135	0.00382	0.00684	0.00497	0.46949
21	0.01228	0.03166	0.75316	0.01745	0.02649	0.01422	0.02262	0.01939	0.01292	0.01939	0.01099	0.01292	0.00775	0.00582	0.00582	0.00194	0.00905	0.00452	0.00258	0.00905
22	0.01141	0.00571	0.00571	0.00571	0.00713	0.00571	0.00428	0.01426	0.01284	0.02282	0.01997	0.02282	0.01569	0.00713	0.00428	0.00143	0.00285	0.00571	0.81886	0.00571
23	0.01697	0.00759	0.00939	0.00805	0.01073	0.00697	0.00635	0.01965	0.01546	0.29899	0.15834	0.02640	0.02344	0.00832	0.00555	0.00170	0.00375	0.00689	0.35796	0.00750
24	0.01195	0.00738	0.00857	0.00778	0.01030	0.00654	0.00600	0.01468	0.05095	0.16533	0.17924	0.06363	0.41813	0.01309	0.00698	0.00202	0.00358	0.01103	0.00629	0.00655
25	0.01280	0.00855	0.00926	0.00824	0.00968	0.00899	0.00570	0.18014	0.01438	0.02034	0.01833	0.03068	0.01817	0.44887	0.01998	0.00408	0.00552	0.00747	0.16311	0.00569
26	0.02045	0.01545	0.01657	0.01338	0.01774	0.01727	0.01083	0.44778	0.28848	0.05759	0.01877	0.01790	0.01361	0.00771	0.00616	0.00193	0.00599	0.00605	0.00621	0.01014
27	0.01099	0.00901	0.01146	0.00940	0.01296	0.00794	0.00743	0.01348	0.01146	0.01747	0.01326	0.01760	0.01176	0.02241	0.33123	0.00477	0.00966	0.00489	0.00348	0.46936
28	0.01945	0.17601	0.02163	0.01551	0.04310	0.35522	0.07476	0.10472	0.06273	0.01895	0.01346	0.01466	0.04076	0.00661	0.00556	0.00166	0.00871	0.00491	0.00369	0.00791
29	0.47812	0.01575	0.01346	0.03336	0.07998	0.16615	0.00981	0.01894	0.01207	0.02251	0.00899	0.01119	0.00736	0.00637	0.00625	0.00192	0.09341	0.00392	0.00344	0.00701
30	0.01491	0.33232	0.02983	0.12073	0.02480	0.03551	0.24588	0.01814	0.01286	0.01633	0.01008	0.01330	0.00839	0.00592	0.00700	0.00180	0.08659	0.00510	0.00281	0.00771
31	0.00984	0.00814	0.01180	0.01117	0.01197	0.01019	0.00884	0.01174	0.00969	0.01424	0.01455	0.02220	0.01388	0.06807	0.55629	0.00799	0.19419	0.00637	0.00316	0.00568
32	0.00746	0.00533	0.00710	0.00852	0.00888	0.00497	0.00568	0.00852	0.01172	0.01563	0.03374	0.78088	0.04049	0.01918	0.00781	0.00249	0.00355	0.01740	0.00568	0.00497
33	0.00892	0.00648	0.00708	0.00685	0.00895	0.00552	0.00516	0.01068	0.01454	0.07172	0.14385	0.08851	0.57057	0.01471	0.00718	0.00206	0.00325	0.01240	0.00596	0.00562
34	0.01943	0.01524	0.01621	0.01331	0.01752	0.01719	0.01071	0.39502	0.36629	0.03238	0.01958	0.01858	0.01436	0.00780	0.00617	0.00195	0.00583	0.00618	0.00617	0.01007
35	0.82811	0.01184	0.00900	0.00805	0.01184	0.01373	0.00663	0.01799	0.01042	0.02746	0.00852	0.00994	0.00663	0.00568	0.00379	0.00189	0.00474	0.00331	0.00379	0.00663

[dist]
# distance from previous block
# <min> <max>
0	12

[block]
# block no. 5 follows, 37 sequences, length 50
# corresponding to MSA columns:
# 396-410,412-422,427-441,461-469
name=unknown_F
#
# <colnr> <probs for GDERKNQSTAVLIFYWHMCP>
#	G	D	E	R	K	N	Q	S	T	A	V	L	I	F	Y	W	H	M	C	P
0	0.02192	0.01647	0.01761	0.01381	0.01847	0.01835	0.01131	0.60974	0.14752	0.03640	0.01641	0.01606	0.01180	0.00751	0.00614	0.00188	0.00642	0.00575	0.00614	0.01029
1	0.01941	0.01451	0.01544	0.01219	0.01640	0.01566	0.00995	0.55362	0.02521	0.03327	0.02608	0.02534	0.18699	0.00931	0.00639	0.00189	0.00586	0.00729	0.00602	0.00915
2	0.01637	0.78856	0.03208	0.01047	0.01571	0.02422	0.01047	0.01833	0.01244	0.01440	0.00851	0.00982	0.00786	0.00524	0.00393	0.00131	0.00655	0.00327	0.00262	0.00786
3	0.82811	0.01184	0.00900	0.00805	0.01184	0.01373	0.00663	0.01799	0.01042	0.02746	0.00852	0.00994	0.00663	0.00568	0.00379	0.00189	0.00474	0.00331	0.00379	0.00663
4	0.00890	0.00593	0.00668	0.00668	0.00668	0.00593	0.00371	0.00890	0.00890	0.01187	0.01929	0.04006	0.02225	0.78487	0.03116	0.00593	0.00593	0.00890	0.00371	0.00371
5	0.00758	0.00621	0.00668	0.00656	0.00848	0.00531	0.00492	0.00945	0.01476	0.01846	0.22600	0.05574	0.57902	0.01478	0.00723	0.00203	0.00305	0.01247	0.00594	0.00531
6	0.01228	0.03166	0.75316	0.01745	0.02649	0.01422	0.02262	0.01939	0.01292	0.01939	0.01099	0.01292	0.00775	0.00582	0.00582	0.00194	0.00905	0.00452	0.00258	0.00905
