[name]
unknown

[dist]
# distance from previous block
# <min> <max>
2	139

[block]
# block no. 0 follows, 42 sequences, length 14
# corresponding to MSA columns:
# 145-158
name=unknown_A
#
# <colnr> <probs for GDERKNQSTAVLIFYWHMCP>
#	G	D	E	R	K	N	Q	S	T	A	V	L	I	F	Y	W	H	M	C	P
0	0.01451	0.01228	0.01516	0.15634	0.12392	0.05201	0.01108	0.09926	0.18203	0.06768	0.01617	0.01726	0.04531	0.00648	0.00575	0.00166	0.02536	0.00534	0.00417	0.13824
1	0.01406	0.01568	0.05858	0.10582	0.11403	0.09683	0.38243	0.05510	0.01381	0.01828	0.01135	0.01461	0.00870	0.00523	0.00595	0.00177	0.00835	0.00566	0.05631	0.00747
2	0.01049	0.00525	0.00525	0.00525	0.00656	0.00525	0.00393	0.01311	0.01180	0.02098	0.01836	0.02098	0.01442	0.00656	0.00393	0.00131	0.00262	0.00525	0.83346	0.00525
3	0.01578	0.06378	0.01602	0.04844	0.09081	0.04067	0.01043	0.19978	0.35077	0.02418	0.01653	0.01646	0.01253	0.00660	0.00542	0.00170	0.00550	0.00535	0.00480	0.06445
4	0.57312	0.04183	0.02942	0.01038	0.03440	0.13596	0.03266	0.05235	0.01173	0.02288	0.00849	0.00991	0.00667	0.00536	0.00405	0.00168	0.00575	0.00343	0.00339	0.00655
5	0.84197	0.01088	0.00827	0.00740	0.01088	0.01262	0.00609	0.01654	0.00958	0.02525	0.00784	0.00914	0.00609	0.00522	0.00348	0.00174	0.00435	0.00305	0.00348	0.00609
6	0.00807	0.00590	0.00837	0.00837	0.00914	0.00667	0.00620	0.00962	0.00885	0.01257	0.01569	0.02551	0.01555	0.21798	0.60617	0.00821	0.01285	0.00653	0.00311	0.00465
7	0.01167	0.01000	0.01167	0.00834	0.01334	0.00750	0.00667	0.01417	0.01167	0.01834	0.01000	0.01167	0.00834	0.00417	0.00417	0.00083	0.00417	0.00333	0.00333	0.83663
8	0.00686	0.00490	0.00653	0.00784	0.00816	0.00457	0.00522	0.00784	0.01077	0.01437	0.03102	0.79855	0.03722	0.01763	0.00718	0.00229	0.00326	0.01600	0.00522	0.00457
9	0.01280	0.01384	0.11634	0.13093	0.23074	0.02796	0.01319	0.12357	0.05656	0.01971	0.01998	0.06591	0.12896	0.00775	0.00582	0.00180	0.00610	0.00667	0.00380	0.00759
10	0.00702	0.00575	0.00621	0.00619	0.00795	0.00494	0.00470	0.00874	0.01344	0.01672	0.19462	0.05221	0.59153	0.01377	0.00670	0.00191	0.00292	0.04440	0.00541	0.00488
11	0.01340	0.05488	0.12058	0.02107	0.28051	0.01248	0.12847	0.07498	0.01423	0.04528	0.10283	0.01885	0.04197	0.00638	0.00572	0.00171	0.00642	0.00595	0.03640	0.00789
12	0.00916	0.00603	0.00765	0.00793	0.00910	0.00566	0.00566	0.04776	0.01310	0.07378	0.16432	0.49398	0.10457	0.01485	0.00684	0.00209	0.00338	0.01323	0.00555	0.00535
13	0.04975	0.25504	0.08789	0.06299	0.04558	0.26932	0.01156	0.07423	0.01437	0.06647	0.00994	0.01123	0.00788	0.00555	0.00473	0.00149	0.00758	0.00385	0.00317	0.00738

[dist]
# distance from previous block
# <min> <max>
1	7

[block]
# block no. 1 follows, 42 sequences, length 67
# corresponding to MSA columns:
# 166-232
name=unknown_B
#
# <colnr> <probs for GDERKNQSTAVLIFYWHMCP>
#	G	D	E	R	K	N	Q	S	T	A	V	L	I	F	Y	W	H	M	C	P
0	0.02167	0.01544	0.01441	0.01170	0.01556	0.20099	0.00936	0.24571	0.01900	0.30367	0.01875	0.01776	0.06585	0.00715	0.00558	0.00167	0.00640	0.00543	0.00543	0.00847
1	0.01175	0.00911	0.01034	0.00988	0.03302	0.00970	0.00732	0.04692	0.31430	0.05650	0.09219	0.03257	0.16944	0.09080	0.04310	0.00258	0.00474	0.04355	0.00526	0.00692
2	0.01367	0.01249	0.01761	0.02174	0.35381	0.05296	0.04776	0.10391	0.08098	0.02112	0.14716	0.04742	0.03993	0.00733	0.00589	0.00174	0.00581	0.00663	0.00415	0.00790
3	0.00949	0.00825	0.03256	0.03822	0.10374	0.00723	0.05217	0.01187	0.01344	0.05486	0.16538	0.05804	0.36446	0.01130	0.00646	0.00188	0.00422	0.04562	0.00486	0.00594
4	0.01006	0.07732	0.36823	0.01170	0.01648	0.01036	0.01294	0.03460	0.01250	0.01742	0.09632	0.20295	0.08714	0.00966	0.00590	0.00186	0.00583	0.00818	0.00379	0.00676
5	0.01485	0.19190	0.23776	0.01422	0.07323	0.01506	0.03536	0.16850	0.01498	0.03825	0.01065	0.01198	0.00818	0.00533	0.00490	0.00148	0.00655	0.00414	0.00336	0.13934
6	0.04314	0.01479	0.02333	0.01766	0.02216	0.07002	0.38007	0.10521	0.18137	0.02145	0.05152	0.01706	0.01264	0.00606	0.00610	0.00183	0.00751	0.00623	0.00401	0.00787
7	0.01208	0.09429	0.43442	0.01559	0.07533	0.03594	0.05174	0.01684	0.01190	0.01712	0.01023	0.01246	0.00793	0.00731	0.05183	0.00202	0.00790	0.00421	0.00263	0.12822
8	0.00762	0.00553	0.00674	0.00718	0.00799	0.00520	0.00506	0.00887	0.01149	0.01510	0.13866	0.24448	0.17357	0.22886	0.01291	0.00304	0.00394	0.10441	0.00487	0.00448
9	0.01758	0.10867	0.02376	0.01720	0.02142	0.37230	0.27700	0.06405	0.01512	0.01656	0.00986	0.01205	0.00785	0.00537	0.00551	0.00160	0.00921	0.00473	0.00299	0.00717
10	0.01218	0.00997	0.01377	0.19449	0.10435	0.00951	0.01001	0.05126	0.01325	0.05451	0.11190	0.01837	0.03581	0.00612	0.00521	0.00141	0.00513	0.00526	0.00380	0.33368
11	0.01162	0.02679	0.64993	0.01732	0.02520	0.01326	0.14160	0.01786	0.01211	0.01786	0.01031	0.01243	0.00736	0.00525	0.00556	0.00180	0.00851	0.00457	0.00245	0.00820
12	0.00837	0.00637	0.00924	0.00856	0.00929	0.00617	0.08594	0.00917	0.00949	0.01269	0.02083	0.25245	0.02394	0.48967	0.02007	0.00416	0.00527	0.01025	0.00387	0.00420
13	0.00718	0.00559	0.00653	0.00658	0.00800	0.00493	0.00482	0.00900	0.01366	0.01784	0.31924	0.17348	0.37545	0.01378	0.00673	0.00192	0.00285	0.01192	0.00559	0.00493
14	0.01192	0.01268	0.07485	0.16860	0.38287	0.01183	0.08204	0.01537	0.01233	0.01718	0.03909	0.11870	0.01374	0.00702	0.00591	0.00182	0.00662	0.00673	0.00315	0.00755
15	0.01822	0.01750	0.02019	0.02123	0.25450	0.21460	0.09774	0.20506	0.01733	0.06227	0.01156	0.01326	0.00887	0.00574	0.00558	0.00165	0.00769	0.00489	0.00377	0.00834
16	0.00779	0.00568	0.00747	0.00819	0.00923	0.00536	0.00631	0.00974	0.01298	0.01734	0.22491	0.30556	0.11145	0.01507	0.00717	0.00221	0.00364	0.22946	0.00547	0.00497
17	0.00685	0.00494	0.00649	0.00773	0.00813	0.00458	0.00518	0.00785	0.01088	0.01441	0.03232	0.76134	0.07359	0.01746	0.00716	0.00227	0.00324	0.01579	0.00522	0.00458
18	0.07565	0.01389	0.06346	0.04197	0.08491	0.01329	0.12853	0.17265	0.11690	0.05905	0.01313	0.01441	0.00986	0.00586	0.00578	0.00166	0.02987	0.00504	0.00409	0.13999
19	0.01289	0.01231	0.02097	0.27180	0.53797	0.01310	0.01675	0.01636	0.01232	0.01712	0.01040	0.01427	0.00847	0.00521	0.00559	0.00174	0.00694	0.00501	0.00270	0.00808
20	0.00738	0.00537	0.00700	0.00770	0.00854	0.00499	0.00556	0.00903	0.01261	0.01698	0.23758	0.44894	0.10267	0.01542	0.00705	0.00214	0.00326	0.08744	0.00549	0.00486
21	0.01505	0.80561	0.02949	0.00963	0.01444	0.02227	0.00963	0.01685	0.01143	0.01324	0.00782	0.00903	0.00722	0.00481	0.00361	0.00120	0.00602	0.00301	0.00241	0.00722
22	0.00878	0.00555	0.00832	0.00832	0.00890	0.00612	0.00612	0.00890	0.00832	0.01167	0.01283	0.01999	0.01225	0.03260	0.45864	0.35970	0.01076	0.00555	0.00277	0.00393
23	0.14415	0.16695	0.20530	0.01422	0.08974	0.07763	0.03463	0.05915	0.01264	0.03998	0.01018	0.01211	0.00810	0.00799	0.06138	0.00212	0.00740	0.00408	0.00305	0.03919
24	0.01506	0.00732	0.00980	0.00828	0.01085	0.00653	0.00653	0.01752	0.01600	0.32973	0.45965	0.03265	0.03702	0.00964	0.00624	0.00176	0.00353	0.00832	0.00651	0.00706
25	0.00693	0.00493	0.00651	0.00774	0.00804	0.00462	0.00512	0.00786	0.01062	0.01416	0.03024	0.75391	0.03624	0.06361	0.00844	0.00247	0.00339	0.01554	0.00512	0.00450
26	0.00865	0.00649	0.00899	0.04625	0.01073	0.00708	0.00677	0.01104	0.01260	0.01831	0.36768	0.03035	0.03169	0.02058	0.25649	0.00413	0.06460	0.00779	0.07448	0.00532
27	0.05589	0.07332	0.09915	0.01893	0.15479	0.10911	0.16354	0.15550	0.07744	0.02127	0.01171	0.01344	0.00900	0.00563	0.00549	0.00170	0.00742	0.00497	0.00355	0.00815
28	0.01740	0.01160	0.01302	0.01114	0.01470	0.01263	0.00883	0.06515	0.52059	0.22577	0.02225	0.02013	0.01592	0.00741	0.00570	0.00185	0.00463	0.00611	0.00606	0.00912
29	0.02525	0.00958	0.01306	0.01001	0.01437	0.00827	0.00827	0.02743	0.01611	0.77102	0.02220	0.01915	0.01393	0.00697	0.00566	0.00174	0.00479	0.00566	0.00697	0.00958
30	0.01722	0.04495	0.05477	0.09500	0.30318	0.01278	0.01335	0.09514	0.07112	0.21410	0.01462	0.01558	0.01061	0.00596	0.00553	0.00172	0.00611	0.00516	0.00431	0.00880
31	0.01571	0.04076	0.12044	0.02015	0.10746	0.01524	0.31907	0.24764	0.01714	0.02338	0.01169	0.01391	0.00869	0.00549	0.00595	0.00177	0.00788	0.00554	0.00364	0.00844
32	0.00737	0.00519	0.00636	0.00703	0.00739	0.00494	0.00449	0.00809	0.01017	0.01347	0.05607	0.43500	0.08486	0.30575	0.01502	0.00340	0.00402	0.01260	0.00459	0.00419
33	0.69804	0.07111	0.01067	0.00820	0.01180	0.05066	0.00683	0.05490	0.01090	0.02433	0.00817	0.00941	0.00642	0.00530	0.00368	0.00168	0.00485	0.00318	0.00349	0.00638
34	0.00736	0.00588	0.00663	0.00681	0.00829	0.00534	0.00496	0.00972	0.05606	0.01675	0.17041	0.23649	0.41660	0.01424	0.00673	0.00197	0.00301	0.01230	0.00542	0.00504
35	0.01661	0.32298	0.11233	0.01309	0.02777	0.16365	0.05801	0.15635	0.01535	0.01862	0.01035	0.01159	0.01844	0.00555	0.00475	0.00146	0.00725	0.00404	0.00320	0.02859
36	0.00683	0.00500	0.00643	0.00758	0.00809	0.00459	0.00511	0.00787	0.01102	0.01447	0.03417	0.70815	0.12558	0.01722	0.00712	0.00224	0.00321	0.01550	0.00522	0.00459
37	0.01052	0.00885	0.01080	0.00849	0.01236	0.00691	0.01939	0.01269	0.01148	0.01736	0.01515	0.20360	0.01538	0.00746	0.00495	0.00121	0.00404	0.00648	0.00379	0.61910
38	0.01330	0.01157	0.08506	0.04736	0.01530	0.00904	0.00894	0.09946	0.01413	0.09996	0.05046	0.05882	0.05928	0.00715	0.00528	0.00144	0.00489	0.04314	0.00429	0.36113
39	0.01856	0.01661	0.05202	0.01282	0.01690	0.10920	0.01065	0.40089	0.25177	0.02826	0.01568	0.01535	0.01154	0.00684	0.00558	0.00173	0.00624	0.00525	0.00517	0.00893
40	0.00805	0.00591	0.00842	0.00836	0.00927	0.00658	0.00628	0.00985	0.00983	0.01401	0.11440	0.02687	0.02015	0.14818	0.56901	0.00756	0.01204	0.00689	0.00349	0.00483
41	0.01734	0.07346	0.03630	0.01207	0.01575	0.13076	0.01000	0.32534	0.15650	0.02570	0.08480	0.01927	0.01563	0.00749	0.00561	0.00171	0.00613	0.04304	0.00494	0.00816
42	0.01457	0.13573	0.33220	0.07034	0.02088	0.10154	0.01479	0.15839	0.01498	0.01965	0.01153	0.05929	0.00947	0.00635	0.00525	0.00168	0.00742	0.00488	0.00325	0.00782
43	0.01721	0.11965	0.18431	0.01460	0.01995	0.05602	0.13147	0.20954	0.04083	0.12238	0.01282	0.01365	0.00925	0.00592	0.00562	0.00169	0.01768	0.00490	0.00405	0.00845
44	0.01381	0.53968	0.02468	0.01079	0.01409	0.01971	0.01002	0.01553	0.01103	0.01400	0.06301	0.01230	0.01062	0.00662	0.00772	0.00157	0.21128	0.00403	0.00270	0.00680
45	0.01020	0.00903	0.01467	0.01811	0.25605	0.00888	0.08045	0.01303	0.05034	0.01632	0.02143	0.39088	0.02343	0.05101	0.00761	0.00219	0.00514	0.01065	0.00414	0.00643
46	0.01373	0.13604	0.39038	0.01375	0.01949	0.13923	0.01500	0.04825	0.07774	0.01746	0.01233	0.06957	0.01033	0.00650	0.00523	0.00169	0.00750	0.00500	0.00310	0.00770
47	0.01716	0.53674	0.02501	0.01104	0.01547	0.15278	0.01003	0.14177	0.01476	0.01710	0.00894	0.00998	0.00762	0.00531	0.00421	0.00133	0.00676	0.00346	0.00304	0.00750
48	0.01259	0.22575	0.50729	0.01399	0.02078	0.05498	0.01677	0.01744	0.01184	0.01621	0.00969	0.01156	0.00749	0.00702	0.04232	0.00197	0.00815	0.00393	0.00244	0.00779
49	0.09766	0.02107	0.26416	0.01344	0.01753	0.22862	0.01324	0.01729	0.01247	0.01675	0.04952	0.01525	0.05513	0.00711	0.00755	0.00181	0.14674	0.00480	0.00301	0.00684
50	0.00818	0.00546	0.00614	0.00614	0.00614	0.00546	0.00341	0.00818	0.00818	0.01091	0.01773	0.03683	0.02046	0.80222	0.02864	0.00546	0.00546	0.00818	0.00341	0.00341
51	0.00679	0.00515	0.00627	0.00716	0.00799	0.00463	0.00493	0.00791	0.01142	0.01463	0.03919	0.56436	0.26613	0.01657	0.00702	0.00216	0.00313	0.01470	0.00522	0.00463
52	0.01637	0.07450	0.01687	0.25719	0.06831	0.28785	0.01208	0.05439	0.04261	0.05996	0.01120	0.01346	0.00867	0.00585	0.00520	0.00162	0.00771	0.00447	0.04473	0.00699
53	0.02131	0.01145	0.01441	0.01136	0.01542	0.01140	0.03705	0.21476	0.11108	0.41242	0.02012	0.06302	0.01434	0.00753	0.00579	0.00179	0.00521	0.00623	0.00620	0.00913
54	0.00789	0.00568	0.00722	0.00692	0.00806	0.00528	0.00501	0.01008	0.01458	0.02040	0.60734	0.06789	0.08149	0.11629	0.00956	0.00228	0.00306	0.01019	0.00575	0.00501
55	0.07314	0.01269	0.01924	0.01572	0.01693	0.01640	0.13408	0.01451	0.00946	0.01515	0.00809	0.01256	0.00748	0.00866	0.01540	0.00232	0.60412	0.00507	0.00260	0.00639
56	0.01496	0.10172	0.08469	0.08815	0.01836	0.11794	0.01229	0.11292	0.01308	0.04288	0.00979	0.01275	0.00818	0.00901	0.04733	0.00226	0.28896	0.00458	0.00311	0.00704
57	0.02333	0.00966	0.01263	0.00989	0.01396	0.00876	0.00810	0.04826	0.07030	0.64456	0.02174	0.01924	0.01407	0.00698	0.00555	0.00172	0.00466	0.00567	0.06167	0.00924
58	0.00814	0.00569	0.00685	0.00697	0.00838	0.00504	0.00507	0.00978	0.01317	0.06111	0.22721	0.27965	0.31394	0.01417	0.00675	0.00198	0.00304	0.01236	0.00557	0.00512
59	0.00756	0.00529	0.00661	0.00726	0.00766	0.00507	0.00479	0.00845	0.01050	0.01404	0.09330	0.39388	0.05071	0.29802	0.01485	0.00338	0.00410	0.05561	0.00466	0.00426
60	0.01538	0.21482	0.16108	0.05753	0.21507	0.21256	0.01431	0.01846	0.01303	0.01563	0.00930	0.01142	0.00767	0.00526	0.00492	0.00153	0.00775	0.00400	0.00263	0.00764
61	0.00803	0.00586	0.00712	0.00720	0.00807	0.00573	0.00494	0.01018	0.05499	0.01637	0.24851	0.20311	0.09744	0.24409	0.05047	0.00332	0.00432	0.01058	0.00491	0.00474
62	0.01382	0.09869	0.03892	0.01501	0.01693	0.01737	0.09306	0.10643	0.01175	0.01685	0.00871	0.01242	0.00776	0.00825	0.01364	0.00215	0.50353	0.00491	0.00289	0.00691
63	0.00744	0.00602	0.00664	0.00648	0.00823	0.00540	0.00486	0.00997	0.05239	0.01784	0.26856	0.07203	0.48770	0.01318	0.00662	0.00187	0.00289	0.01120	0.00555	0.00513
64	0.00845	0.00630	0.00894	0.01084	0.06523	0.00613	0.00782	0.01047	0.01236	0.01650	0.09514	0.34686	0.03444	0.01523	0.00728	0.00233	0.00431	0.33105	0.00511	0.00523
65	0.01239	0.05085	0.63805	0.01731	0.09507	0.01314	0.01945	0.01824	0.01218	0.05689	0.01070	0.01237	0.00766	0.00538	0.00533	0.00175	0.00790	0.00428	0.00266	0.00841
66	0.65395	0.01040	0.00916	0.00795	0.01146	0.01156	0.00653	0.01813	0.01071	0.15671	0.01076	0.01159	0.00790	0.00746	0.04424	0.00212	0.00499	0.00367	0.00408	0.00666

[dist]
# distance from previous block
# <min> <max>
0	3

[block]
# block no. 2 follows, 42 sequences, length 13
# corresponding to MSA columns:
# 236-248
name=unknown_C
#
# <colnr> <probs for GDERKNQSTAVLIFYWHMCP>
#	G	D	E	R	K	N	Q	S	T	A	V	L	I	F	Y	W	H	M	C	P
0	0.01339	0.05583	0.04692	0.28342	0.14905	0.01373	0.01308	0.09713	0.19032	0.01987	0.01383	0.01593	0.01057	0.00611	0.00544	0.00176	0.00621	0.00520	0.04443	0.00777
1	0.00681	0.00509	0.00633	0.00732	0.00803	0.00461	0.00500	0.00789	0.01127	0.01457	0.03725	0.62019	0.21156	0.01682	0.00706	0.00219	0.00317	0.01501	0.00522	0.00461
2	0.00866	0.00686	0.00846	0.00862	0.04620	0.00660	0.00608	0.01262	0.10270	0.02073	0.47159	0.04105	0.21566	0.01138	0.00648	0.00181	0.00311	0.00988	0.00574	0.00578
3	0.00989	0.00537	0.00579	0.00568	0.00700	0.00526	0.00426	0.01252	0.01279	0.02136	0.19705	0.02603	0.02369	0.00774	0.00458	0.00142	0.00263	0.00643	0.63525	0.00526
4	0.01400	0.01138	0.01292	0.00944	0.01432	0.00989	0.00763	0.19008	0.01521	0.02244	0.01084	0.01211	0.00863	0.00479	0.00452	0.00104	0.00465	0.00375	0.00388	0.63846
5	0.01277	0.01129	0.01699	0.01903	0.24689	0.01241	0.05981	0.07624	0.02821	0.03748	0.06290	0.07291	0.08504	0.00858	0.00897	0.00194	0.19391	0.00687	0.03056	0.00721
6	0.00962	0.00516	0.00555	0.00587	0.00694	0.00508	0.00424	0.01185	0.01156	0.01940	0.02139	0.20729	0.01989	0.00921	0.00471	0.00154	0.00278	0.00782	0.63502	0.00508
7	0.21635	0.01818	0.05389	0.01387	0.04937	0.25736	0.06992	0.15174	0.04142	0.06136	0.01093	0.01202	0.00826	0.00582	0.00501	0.00166	0.00727	0.00428	0.00381	0.00749
8	0.01177	0.00972	0.01457	0.39487	0.02530	0.01181	0.01209	0.01464	0.03165	0.08138	0.01772	0.02073	0.11872	0.00840	0.00904	0.02851	0.17339	0.00608	0.00337	0.00626
9	0.01477	0.01747	0.19790	0.04736	0.06267	0.05027	0.18923	0.17636	0.01628	0.05518	0.10247	0.01713	0.01395	0.00634	0.00590	0.00177	0.00726	0.00580	0.00391	0.00797
10	0.00951	0.00732	0.00911	0.00880	0.01004	0.00826	0.00646	0.01428	0.18800	0.01497	0.01770	0.02600	0.01662	0.24863	0.38218	0.00632	0.00981	0.00672	0.00378	0.00550
11	0.01252	0.25728	0.03926	0.01027	0.05007	0.01276	0.00847	0.01587	0.06820	0.01682	0.01417	0.03287	0.06328	0.00574	0.00446	0.00121	0.00489	0.00447	0.00335	0.37403
12	0.00707	0.00552	0.00641	0.00660	0.00796	0.00487	0.00479	0.00874	0.01321	0.01708	0.24992	0.22910	0.39006	0.01429	0.00677	0.00196	0.00289	0.01239	0.00550	0.00487

[dist]
# distance from previous block
# <min> <max>
5	450

# created by:
# /home/cegg/simao/soft/augustus-3.2.1/scripts/msa2prfl.pl ./align_prep/29541.fa
