[name]
unknown

[dist]
# distance from previous block
# <min> <max>
0	56

[block]
# block no. 0 follows, 49 sequences, length 40
# corresponding to MSA columns:
# 56-95
name=unknown_A
#
# <colnr> <probs for GDERKNQSTAVLIFYWHMCP>
#	G	D	E	R	K	N	Q	S	T	A	V	L	I	F	Y	W	H	M	C	P
0	0.03402	0.14119	0.31412	0.01253	0.04287	0.08643	0.03056	0.07312	0.06325	0.05210	0.01061	0.01245	0.00825	0.00522	0.00457	0.00145	0.00632	0.02496	0.00297	0.07302
1	0.09399	0.19007	0.25156	0.01323	0.10686	0.04880	0.01198	0.03837	0.10163	0.03003	0.01005	0.01114	0.00782	0.00491	0.00431	0.00142	0.00584	0.00372	0.00286	0.06143
2	0.11270	0.26431	0.37069	0.01087	0.01629	0.01354	0.01248	0.01608	0.01060	0.07624	0.00941	0.01050	0.00711	0.00481	0.00409	0.00142	0.00594	0.00346	0.04258	0.00690
3	0.00973	0.00846	0.00818	0.00739	0.00912	0.10019	0.00552	0.09427	0.01380	0.01780	0.33407	0.03262	0.19625	0.10737	0.00802	0.00195	0.00391	0.00789	0.00460	0.02886
4	0.01812	0.05663	0.01436	0.01200	0.01490	0.53240	0.00926	0.12057	0.06315	0.06806	0.01064	0.03777	0.00865	0.00581	0.00470	0.00139	0.00763	0.00405	0.00339	0.00651
5	0.01750	0.01086	0.01266	0.00953	0.01368	0.01038	0.00781	0.30880	0.01679	0.25578	0.01349	0.01314	0.00942	0.00539	0.00465	0.00129	0.00461	0.00422	0.00477	0.27520
6	0.01242	0.01192	0.02035	0.05643	0.76610	0.01199	0.01547	0.01543	0.01147	0.01640	0.00949	0.01255	0.00797	0.00452	0.00501	0.00151	0.00603	0.00451	0.00249	0.00793
7	0.01746	0.00751	0.00969	0.00780	0.01101	0.00645	0.00632	0.01922	0.01361	0.54884	0.04568	0.02687	0.24070	0.00827	0.00537	0.00161	0.00375	0.00681	0.00579	0.00725
8	0.00730	0.00510	0.00650	0.00650	0.00685	0.00544	0.00430	0.00799	0.00765	0.01054	0.01503	0.02808	0.01621	0.52529	0.31977	0.00612	0.00817	0.00662	0.00293	0.00361
9	0.01049	0.00899	0.01049	0.00749	0.01198	0.00674	0.00599	0.01273	0.01049	0.01648	0.00899	0.01049	0.00749	0.00374	0.00374	0.00075	0.00374	0.00300	0.00300	0.85320
10	0.00616	0.00440	0.00587	0.00704	0.00733	0.00411	0.00469	0.00704	0.00968	0.01291	0.02787	0.81899	0.03344	0.01584	0.00645	0.00205	0.00293	0.01438	0.00469	0.00411
11	0.02269	0.00861	0.01174	0.00900	0.01291	0.00743	0.00743	0.02464	0.01447	0.79425	0.01995	0.01721	0.01252	0.00626	0.00509	0.00156	0.00430	0.00509	0.00626	0.00861
12	0.01752	0.01332	0.01422	0.01129	0.01503	0.01489	0.00920	0.58232	0.21811	0.02912	0.01431	0.01387	0.01035	0.00627	0.00508	0.00157	0.00516	0.00485	0.00508	0.00845
13	0.01094	0.11267	0.13566	0.00886	0.01329	0.00921	0.00834	0.04056	0.01098	0.03585	0.01129	0.10209	0.01031	0.00550	0.00424	0.00112	0.00453	0.00448	0.00311	0.46699
14	0.01094	0.20645	0.59258	0.01307	0.01955	0.01375	0.01613	0.01567	0.01048	0.01494	0.00852	0.01011	0.00643	0.00485	0.00489	0.00151	0.03729	0.00353	0.00214	0.00718
15	0.00678	0.00485	0.00655	0.00755	0.00817	0.00462	0.00559	0.00821	0.01071	0.01431	0.11375	0.53505	0.03395	0.01474	0.00653	0.00207	0.00331	0.20414	0.00478	0.00432
16	0.01494	0.01713	0.07367	0.01168	0.01483	0.31006	0.00954	0.04258	0.41314	0.01772	0.01466	0.01438	0.01120	0.00606	0.00490	0.00155	0.00624	0.00461	0.00395	0.00717
17	0.18106	0.01953	0.01275	0.01127	0.01422	0.53763	0.00863	0.06562	0.01351	0.01591	0.00803	0.00924	0.00652	0.00505	0.00425	0.00132	0.00747	0.00322	0.00289	0.07189
18	0.01105	0.01094	0.02001	0.05552	0.15786	0.01078	0.33592	0.04219	0.07487	0.01692	0.08603	0.05301	0.05715	0.03690	0.00642	0.00179	0.00624	0.00653	0.00334	0.00655
19	0.00604	0.00488	0.00537	0.00576	0.00700	0.00421	0.00413	0.00718	0.01091	0.01341	0.04342	0.30614	0.53626	0.01382	0.00614	0.00182	0.00269	0.01191	0.00470	0.00421
20	0.00614	0.00449	0.00578	0.00681	0.00727	0.00413	0.00459	0.00707	0.00990	0.01300	0.03068	0.72625	0.12437	0.01548	0.00640	0.00201	0.00289	0.01393	0.00469	0.00413
21	0.03504	0.62628	0.04160	0.00939	0.01344	0.11316	0.00889	0.01668	0.07074	0.01304	0.00823	0.00913	0.00716	0.00465	0.00358	0.00118	0.00576	0.00303	0.00247	0.00653
22	0.00721	0.00553	0.00669	0.00695	0.00806	0.00535	0.00503	0.01019	0.10202	0.01613	0.24541	0.35616	0.16488	0.01267	0.00609	0.00183	0.00288	0.02713	0.00499	0.00479
23	0.00679	0.00515	0.00626	0.00598	0.00733	0.00462	0.00449	0.00884	0.01346	0.01824	0.56133	0.04112	0.27573	0.01110	0.00597	0.00163	0.00244	0.00961	0.00530	0.00462
24	0.01194	0.01364	0.02984	0.02131	0.02643	0.01279	0.77238	0.01620	0.01194	0.01620	0.01023	0.01364	0.00767	0.00426	0.00597	0.00171	0.00853	0.00597	0.00256	0.00682
25	0.01175	0.01222	0.02408	0.26870	0.02823	0.01252	0.47448	0.07412	0.01228	0.01639	0.00999	0.01347	0.00745	0.00465	0.00561	0.00168	0.00773	0.00539	0.00265	0.00658
26	0.02269	0.00861	0.01174	0.00900	0.01291	0.00743	0.00743	0.02464	0.01447	0.79425	0.01995	0.01721	0.01252	0.00626	0.00509	0.00156	0.00430	0.00509	0.00626	0.00861
27	0.06886	0.00834	0.00882	0.00784	0.01006	0.00918	0.00615	0.09863	0.25478	0.05032	0.07660	0.01864	0.01530	0.00657	0.00475	0.00148	0.02358	0.00523	0.31848	0.00639
28	0.01455	0.01476	0.01220	0.07264	0.01460	0.31455	0.00849	0.18414	0.01610	0.01925	0.25432	0.01915	0.01996	0.00700	0.00515	0.00147	0.00602	0.00549	0.00406	0.00611
29	0.00713	0.00539	0.00789	0.00789	0.00886	0.00616	0.00613	0.00889	0.00839	0.01189	0.01648	0.02211	0.07302	0.03597	0.74029	0.00763	0.01269	0.00583	0.00286	0.00450
30	0.07747	0.01100	0.01801	0.24678	0.51881	0.01174	0.01433	0.01474	0.01090	0.01599	0.00917	0.01245	0.00746	0.00467	0.00487	0.00156	0.00605	0.00436	0.00248	0.00714
31	0.01194	0.01364	0.02984	0.02131	0.02643	0.01279	0.77238	0.01620	0.01194	0.01620	0.01023	0.01364	0.00767	0.00426	0.00597	0.00171	0.00853	0.00597	0.00256	0.00682
32	0.00616	0.00440	0.00587	0.00704	0.00733	0.00411	0.00469	0.00704	0.00968	0.01291	0.02787	0.81899	0.03344	0.01584	0.00645	0.00205	0.00293	0.01438	0.00469	0.00411
33	0.01147	0.01095	0.01864	0.30449	0.52543	0.01174	0.01500	0.01461	0.01102	0.01526	0.00933	0.01285	0.00756	0.00470	0.00502	0.00157	0.00626	0.00450	0.00241	0.00717
34	0.01163	0.01111	0.01893	0.26320	0.56549	0.01178	0.01508	0.01474	0.01110	0.01545	0.00936	0.01280	0.00763	0.00467	0.00502	0.00156	0.00623	0.00450	0.00243	0.00730
35	0.85801	0.00978	0.00743	0.00665	0.00978	0.01134	0.00548	0.01486	0.00861	0.02269	0.00704	0.00821	0.00548	0.00469	0.00313	0.00156	0.00391	0.00274	0.00313	0.00548
36	0.02269	0.00861	0.01174	0.00900	0.01291	0.00743	0.00743	0.02464	0.01447	0.79425	0.01995	0.01721	0.01252	0.00626	0.00509	0.00156	0.00430	0.00509	0.00626	0.00861
37	0.01889	0.02410	0.01433	0.01303	0.01563	0.80199	0.00977	0.02019	0.01433	0.01238	0.00782	0.00912	0.00651	0.00521	0.00456	0.00130	0.00912	0.00326	0.00261	0.00586
38	0.01014	0.02616	0.79609	0.01441	0.02189	0.01174	0.01868	0.01601	0.01068	0.01601	0.00907	0.01068	0.00641	0.00480	0.00480	0.00160	0.00747	0.00374	0.00214	0.00747
39	0.02173	0.03612	0.01221	0.00907	0.01293	0.00819	0.00751	0.02447	0.06395	0.71802	0.01956	0.01701	0.01250	0.00623	0.00503	0.00156	0.00432	0.00505	0.00605	0.00850

[dist]
# distance from previous block
# <min> <max>
0	33

[block]
# block no. 1 follows, 49 sequences, length 86
# corresponding to MSA columns:
# 129-214
name=unknown_B
#
# <colnr> <probs for GDERKNQSTAVLIFYWHMCP>
#	G	D	E	R	K	N	Q	S	T	A	V	L	I	F	Y	W	H	M	C	P
0	0.01073	0.00893	0.00984	0.00895	0.01125	0.00992	0.00690	0.02097	0.52053	0.02086	0.28173	0.02530	0.02642	0.00804	0.00542	0.00167	0.00345	0.00688	0.00529	0.00690
1	0.01252	0.01201	0.02053	0.03104	0.79074	0.01201	0.01552	0.01552	0.01151	0.01652	0.00951	0.01252	0.00801	0.00451	0.00501	0.00150	0.00601	0.00451	0.00250	0.00801
2	0.11002	0.01123	0.01262	0.00996	0.01371	0.01178	0.00817	0.32510	0.10804	0.31350	0.01549	0.01440	0.01053	0.00609	0.00487	0.00156	0.00473	0.00469	0.00531	0.00820
3	0.00616	0.00440	0.00587	0.00704	0.00733	0.00411	0.00469	0.00704	0.00968	0.01291	0.02787	0.81899	0.03344	0.01584	0.00645	0.00205	0.00293	0.01438	0.00469	0.00411
4	0.01625	0.01898	0.01478	0.01302	0.01483	0.47985	0.01020	0.06972	0.01274	0.01366	0.00772	0.00999	0.00670	0.00651	0.00869	0.00163	0.28241	0.00374	0.00264	0.00594
5	0.01081	0.01028	0.01745	0.47790	0.35717	0.01157	0.01467	0.01403	0.01071	0.01446	0.00921	0.01307	0.00728	0.00482	0.00503	0.00161	0.00643	0.00450	0.00236	0.00664
6	0.85801	0.00978	0.00743	0.00665	0.00978	0.01134	0.00548	0.01486	0.00861	0.02269	0.00704	0.00821	0.00548	0.00469	0.00313	0.00156	0.00391	0.00274	0.00313	0.00548
7	0.00766	0.00651	0.00790	0.00877	0.07555	0.00640	0.00588	0.01062	0.10202	0.01506	0.09103	0.18630	0.39944	0.01162	0.00634	0.00177	0.03764	0.00988	0.00452	0.00509
8	0.02151	0.01050	0.01291	0.00989	0.01385	0.01024	0.00817	0.27958	0.01764	0.53484	0.01729	0.01549	0.01118	0.00619	0.00508	0.00155	0.00473	0.00490	0.00585	0.00860
9	0.01014	0.02616	0.79609	0.01441	0.02189	0.01174	0.01868	0.01601	0.01068	0.01601	0.00907	0.01068	0.00641	0.00480	0.00480	0.00160	0.00747	0.00374	0.00214	0.00747
10	0.00614	0.00477	0.00559	0.00614	0.00712	0.00422	0.00432	0.00730	0.01080	0.01372	0.08705	0.42500	0.37152	0.01413	0.00621	0.00187	0.00273	0.01239	0.00475	0.00422
11	0.00698	0.00516	0.00652	0.00618	0.00745	0.00470	0.00463	0.00920	0.01390	0.01930	0.67877	0.03939	0.15764	0.01070	0.00597	0.00161	0.00241	0.00937	0.00544	0.00470
12	0.00687	0.00508	0.00642	0.00625	0.00742	0.00463	0.00462	0.00893	0.01341	0.01850	0.59694	0.12135	0.15825	0.01129	0.00602	0.00166	0.00247	0.00992	0.00534	0.00463
13	0.00616	0.00440	0.00587	0.00704	0.00733	0.00411	0.00469	0.00704	0.00968	0.01291	0.02787	0.81899	0.03344	0.01584	0.00645	0.00205	0.00293	0.01438	0.00469	0.00411
14	0.02269	0.00861	0.01174	0.00900	0.01291	0.00743	0.00743	0.02464	0.01447	0.79425	0.01995	0.01721	0.01252	0.00626	0.00509	0.00156	0.00430	0.00509	0.00626	0.00861
15	0.02269	0.00861	0.01174	0.00900	0.01291	0.00743	0.00743	0.02464	0.01447	0.79425	0.01995	0.01721	0.01252	0.00626	0.00509	0.00156	0.00430	0.00509	0.00626	0.00861
16	0.01352	0.82533	0.02650	0.00865	0.01298	0.02001	0.00865	0.01514	0.01027	0.01190	0.00703	0.00811	0.00649	0.00433	0.00324	0.00108	0.00541	0.00270	0.00216	0.00649
17	0.02269	0.00861	0.01174	0.00900	0.01291	0.00743	0.00743	0.02464	0.01447	0.79425	0.01995	0.01721	0.01252	0.00626	0.00509	0.00156	0.00430	0.00509	0.00626	0.00861
18	0.01095	0.02134	0.53220	0.02007	0.28350	0.01184	0.01761	0.01585	0.01096	0.01619	0.00922	0.01130	0.00695	0.00470	0.00487	0.00157	0.00697	0.00400	0.00226	0.00766
19	0.01049	0.00899	0.01049	0.00749	0.01198	0.00674	0.00599	0.01273	0.01049	0.01648	0.00899	0.01049	0.00749	0.00374	0.00374	0.00075	0.00374	0.00300	0.00300	0.85320
20	0.00614	0.00446	0.00580	0.00688	0.00729	0.00412	0.00462	0.00706	0.00984	0.01297	0.02988	0.75261	0.09853	0.01558	0.00641	0.00202	0.00290	0.01406	0.00469	0.00412
21	0.01014	0.02616	0.79609	0.01441	0.02189	0.01174	0.01868	0.01601	0.01068	0.01601	0.00907	0.01068	0.00641	0.00480	0.00480	0.00160	0.00747	0.00374	0.00214	0.00747
22	0.00598	0.00512	0.00512	0.00512	0.00683	0.00427	0.00384	0.00726	0.01153	0.01366	0.05123	0.04866	0.78869	0.01281	0.00598	0.00171	0.00256	0.01067	0.00470	0.00427
23	0.00614	0.00487	0.00553	0.00591	0.00707	0.00425	0.00422	0.00738	0.01111	0.01396	0.10645	0.32077	0.45714	0.01367	0.00614	0.00182	0.00268	0.01185	0.00477	0.00425
24	0.01061	0.00772	0.00903	0.00860	0.01017	0.00805	0.00637	0.26797	0.01448	0.01936	0.02252	0.54445	0.02499	0.01252	0.00598	0.00187	0.00383	0.01103	0.00482	0.00564
25	0.01106	0.01106	0.01549	0.01328	0.01328	0.01549	0.01106	0.01217	0.00774	0.01217	0.00664	0.01106	0.00664	0.00885	0.01659	0.00221	0.81303	0.00443	0.00221	0.00553
26	0.00610	0.00465	0.00561	0.00639	0.00716	0.00416	0.00440	0.00711	0.01031	0.01316	0.03582	0.55688	0.29042	0.01481	0.00629	0.00194	0.00281	0.01312	0.00469	0.00416
27	0.01049	0.00899	0.01049	0.00749	0.01198	0.00674	0.00599	0.01273	0.01049	0.01648	0.00899	0.01049	0.00749	0.00374	0.00374	0.00075	0.00374	0.00300	0.00300	0.85320
28	0.00616	0.00440	0.00587	0.00704	0.00733	0.00411	0.00469	0.00704	0.00968	0.01291	0.02787	0.81899	0.03344	0.01584	0.00645	0.00205	0.00293	0.01438	0.00469	0.00411
29	0.00697	0.00502	0.00659	0.00649	0.00751	0.00464	0.00476	0.00906	0.01342	0.01886	0.64185	0.18804	0.04497	0.01140	0.00606	0.00168	0.00249	0.01015	0.00540	0.00464
30	0.00943	0.00471	0.00471	0.00471	0.00589	0.00471	0.00353	0.01178	0.01060	0.01885	0.01650	0.01885	0.01296	0.00589	0.00353	0.00118	0.00236	0.00471	0.85036	0.00471
31	0.01014	0.02616	0.79609	0.01441	0.02189	0.01174	0.01868	0.01601	0.01068	0.01601	0.00907	0.01068	0.00641	0.00480	0.00480	0.00160	0.00747	0.00374	0.00214	0.00747
32	0.01352	0.82533	0.02650	0.00865	0.01298	0.02001	0.00865	0.01514	0.01027	0.01190	0.00703	0.00811	0.00649	0.00433	0.00324	0.00108	0.00541	0.00270	0.00216	0.00649
33	0.01252	0.01201	0.02053	0.03104	0.79074	0.01201	0.01552	0.01552	0.01151	0.01652	0.00951	0.01252	0.00801	0.00451	0.00501	0.00150	0.00601	0.00451	0.00250	0.00801
34	0.01889	0.02410	0.01433	0.01303	0.01563	0.80199	0.00977	0.02019	0.01433	0.01238	0.00782	0.00912	0.00651	0.00521	0.00456	0.00130	0.00912	0.00326	0.00261	0.00586
35	0.00969	0.00770	0.00873	0.00801	0.01002	0.00816	0.00614	0.01713	0.34656	0.03446	0.37692	0.03015	0.09775	0.00897	0.00559	0.00165	0.00314	0.00772	0.00532	0.00620
36	0.01049	0.00899	0.01049	0.00749	0.01198	0.00674	0.00599	0.01273	0.01049	0.01648	0.00899	0.01049	0.00749	0.00374	0.00374	0.00075	0.00374	0.00300	0.00300	0.85320
37	0.00741	0.00536	0.00783	0.00783	0.00876	0.00618	0.00608	0.00927	0.00834	0.01235	0.01380	0.01978	0.01267	0.03516	0.73342	0.00753	0.01258	0.00536	0.07575	0.00453
38	0.00690	0.00516	0.00640	0.00609	0.00740	0.00466	0.00457	0.00904	0.01370	0.01883	0.62662	0.04016	0.21007	0.01088	0.00597	0.00162	0.00242	0.00948	0.00538	0.00466
39	0.00731	0.00508	0.00640	0.00640	0.00671	0.00539	0.00417	0.00792	0.00762	0.01046	0.01512	0.02859	0.01643	0.55540	0.28995	0.00600	0.00784	0.00669	0.00294	0.00356
40	0.00713	0.00517	0.00672	0.00633	0.00754	0.00476	0.00475	0.00949	0.01425	0.02012	0.77056	0.03803	0.06533	0.01040	0.00596	0.00159	0.00239	0.00918	0.00555	0.00476
41	0.01025	0.01129	0.08857	0.50391	0.13872	0.01184	0.01412	0.01348	0.01007	0.01371	0.00877	0.01270	0.00689	0.00541	0.00648	0.00170	0.11050	0.00438	0.00229	0.02492
42	0.01922	0.01416	0.01518	0.01163	0.01568	0.01568	0.00961	0.77388	0.02378	0.03187	0.01214	0.01214	0.00860	0.00607	0.00506	0.00152	0.00556	0.00455	0.00506	0.00860
43	0.01252	0.01201	0.02053	0.03104	0.79074	0.01201	0.01552	0.01552	0.01151	0.01652	0.00951	0.01252	0.00801	0.00451	0.00501	0.00150	0.00601	0.00451	0.00250	0.00801
44	0.00742	0.00552	0.00706	0.00725	0.00856	0.00523	0.00584	0.00989	0.03157	0.01741	0.38399	0.04574	0.16771	0.01191	0.00629	0.00186	0.00323	0.26369	0.00510	0.00472
45	0.02269	0.00861	0.01174	0.00900	0.01291	0.00743	0.00743	0.02464	0.01447	0.79425	0.01995	0.01721	0.01252	0.00626	0.00509	0.00156	0.00430	0.00509	0.00626	0.00861
46	0.00616	0.00440	0.00587	0.00704	0.00733	0.00411	0.00469	0.00704	0.00968	0.01291	0.02787	0.81899	0.03344	0.01584	0.00645	0.00205	0.00293	0.01438	0.00469	0.00411
47	0.85801	0.00978	0.00743	0.00665	0.00978	0.01134	0.00548	0.01486	0.00861	0.02269	0.00704	0.00821	0.00548	0.00469	0.00313	0.00156	0.00391	0.00274	0.00313	0.00548
48	0.00955	0.00899	0.01517	0.81013	0.03483	0.01123	0.01404	0.01292	0.01011	0.01292	0.00899	0.01348	0.00674	0.00506	0.00506	0.00169	0.00674	0.00449	0.00225	0.00562
49	0.02258	0.00878	0.01184	0.00908	0.01300	0.00769	0.00750	0.04847	0.01477	0.77000	0.01970	0.01705	0.01239	0.00625	0.00508	0.00156	0.00434	0.00507	0.00622	0.00861
50	0.00943	0.00471	0.00471	0.00471	0.00589	0.00471	0.00353	0.01178	0.01060	0.01885	0.01650	0.01885	0.01296	0.00589	0.00353	0.00118	0.00236	0.00471	0.85036	0.00471
51	0.85801	0.00978	0.00743	0.00665	0.00978	0.01134	0.00548	0.01486	0.00861	0.02269	0.00704	0.00821	0.00548	0.00469	0.00313	0.00156	0.00391	0.00274	0.00313	0.00548
52	0.00676	0.00515	0.00620	0.00594	0.00731	0.00460	0.00446	0.00876	0.01337	0.01803	0.53736	0.04148	0.29984	0.01118	0.00597	0.00163	0.00245	0.00966	0.00527	0.00460
53	0.01901	0.01406	0.01506	0.01159	0.01560	0.01558	0.00956	0.75013	0.04787	0.03153	0.01241	0.01235	0.00882	0.00610	0.00506	0.00152	0.00551	0.00459	0.00506	0.00858
54	0.00955	0.00899	0.01517	0.81013	0.03483	0.01123	0.01404	0.01292	0.01011	0.01292	0.00899	0.01348	0.00674	0.00506	0.00506	0.00169	0.00674	0.00449	0.00225	0.00562
55	0.01346	0.01075	0.01208	0.00890	0.01324	0.00978	0.00722	0.27172	0.01501	0.02171	0.01006	0.01105	0.00787	0.00454	0.00419	0.00101	0.00436	0.00353	0.00370	0.56582
56	0.00716	0.00517	0.00676	0.00636	0.00755	0.00477	0.00477	0.00954	0.01431	0.02028	0.78808	0.03777	0.04771	0.01034	0.00596	0.00159	0.00239	0.00914	0.00557	0.00477
57	0.00618	0.00513	0.00541	0.00534	0.00696	0.00436	0.00400	0.00765	0.01201	0.01481	0.17904	0.04678	0.66016	0.01238	0.00597	0.00169	0.00253	0.01041	0.00485	0.00436
58	0.02152	0.01048	0.01289	0.00989	0.01384	0.01021	0.00817	0.27716	0.01761	0.53730	0.01732	0.01550	0.01120	0.00620	0.00508	0.00155	0.00473	0.00491	0.00585	0.00860
59	0.01221	0.00736	0.00791	0.00714	0.00923	0.00780	0.00555	0.04444	0.24691	0.10658	0.01798	0.01844	0.01351	0.00623	0.00425	0.00140	0.00319	0.00506	0.46853	0.00629
60	0.01915	0.01115	0.01273	0.00990	0.01354	0.01158	0.00813	0.43089	0.01905	0.28240	0.01527	0.01466	0.01044	0.00611	0.00488	0.00149	0.00475	0.00475	0.11103	0.00812
61	0.00601	0.00512	0.00516	0.00515	0.00685	0.00428	0.00386	0.00731	0.01159	0.01382	0.06926	0.04840	0.77056	0.01275	0.00598	0.00170	0.00256	0.01063	0.00472	0.00428
62	0.00920	0.00783	0.00826	0.00768	0.00988	0.00823	0.00589	0.01672	0.37394	0.01786	0.11259	0.03353	0.34887	0.00976	0.00558	0.00170	0.00322	0.00818	0.00500	0.00608
63	0.01677	0.01396	0.01373	0.01128	0.01475	0.09327	0.00904	0.42649	0.29871	0.02602	0.01478	0.01429	0.01088	0.00627	0.00504	0.00157	0.00535	0.00485	0.00484	0.00811
64	0.01235	0.01144	0.01872	0.22485	0.53429	0.01213	0.01464	0.08022	0.01222	0.01694	0.00961	0.01273	0.00774	0.00478	0.00502	0.00155	0.00615	0.00451	0.00266	0.00746
65	0.01233	0.54458	0.29686	0.01068	0.01611	0.01711	0.01218	0.01545	0.01042	0.01334	0.00775	0.00901	0.00646	0.00449	0.00379	0.00126	0.00613	0.00307	0.00215	0.00683
66	0.74362	0.00965	0.00831	0.07601	0.01209	0.01114	0.00631	0.01518	0.00903	0.05997	0.00785	0.00911	0.00593	0.00480	0.00339	0.00158	0.00417	0.00301	0.00321	0.00564
67	0.01922	0.01416	0.01518	0.01163	0.01568	0.01568	0.00961	0.77388	0.02378	0.03187	0.01214	0.01214	0.00860	0.00607	0.00506	0.00152	0.00556	0.00455	0.00506	0.00860
68	0.05587	0.00926	0.01093	0.00807	0.01233	0.00769	0.00654	0.06310	0.01219	0.20659	0.01175	0.01211	0.00868	0.00455	0.00412	0.00104	0.00400	0.00359	0.00392	0.55367
69	0.00619	0.00450	0.00586	0.00693	0.00737	0.00416	0.00470	0.00714	0.00989	0.01303	0.02986	0.73420	0.09842	0.01554	0.00643	0.00203	0.00294	0.03199	0.00469	0.00413
70	0.01516	0.09257	0.28129	0.01290	0.01741	0.37777	0.01261	0.06557	0.05124	0.01522	0.00908	0.01023	0.00705	0.00513	0.00459	0.00142	0.00777	0.00357	0.00269	0.00674
71	0.08530	0.01111	0.01485	0.01156	0.01536	0.01130	0.15638	0.08585	0.27410	0.01981	0.01323	0.01392	0.01013	0.00531	0.00501	0.00144	0.02356	0.00465	0.00382	0.23331
72	0.01178	0.01472	0.09587	0.02072	0.02604	0.01270	0.70743	0.01618	0.01183	0.01618	0.01013	0.01338	0.00756	0.00431	0.00587	0.00170	0.00843	0.00578	0.00252	0.00688
73	0.00598	0.00512	0.00512	0.00512	0.00683	0.00427	0.00384	0.00726	0.01153	0.01366	0.05123	0.04866	0.78869	0.01281	0.00598	0.00171	0.00256	0.01067	0.00470	0.00427
74	0.01486	0.01010	0.01071	0.00926	0.01205	0.07738	0.00726	0.02179	0.32313	0.24596	0.16956	0.02195	0.03889	0.00736	0.00526	0.00161	0.00418	0.00611	0.00532	0.00727
75	0.01180	0.07872	0.64607	0.01345	0.02027	0.01209	0.01668	0.04573	0.01148	0.08340	0.00999	0.01112	0.00702	0.00495	0.00473	0.00156	0.00699	0.00381	0.00260	0.00755
76	0.01121	0.00568	0.00766	0.00764	0.00904	0.00512	0.00553	0.01241	0.01114	0.25144	0.02545	0.57422	0.02706	0.01292	0.00604	0.00190	0.00335	0.01154	0.00517	0.00548
77	0.01226	0.01175	0.02006	0.09818	0.72560	0.01195	0.01539	0.01530	0.01139	0.01621	0.00947	0.01260	0.00790	0.00455	0.00501	0.00152	0.00607	0.00450	0.00248	0.00780
78	0.01458	0.50159	0.02086	0.00966	0.01329	0.22630	0.00858	0.05329	0.01213	0.01316	0.01130	0.01207	0.07401	0.00538	0.00392	0.00122	0.00616	0.00363	0.00264	0.00624
79	0.01146	0.00925	0.01249	0.01064	0.01268	0.04280	0.10934	0.12544	0.01266	0.08348	0.02162	0.29135	0.10891	0.01029	0.00724	0.00183	0.10973	0.00878	0.00419	0.00581
80	0.00608	0.00513	0.00526	0.00523	0.00689	0.00431	0.00392	0.00745	0.01177	0.01423	0.11472	0.04773	0.72484	0.01259	0.00598	0.00170	0.00255	0.01054	0.00477	0.00431
81	0.01014	0.02616	0.79609	0.01441	0.02189	0.01174	0.01868	0.01601	0.01068	0.01601	0.00907	0.01068	0.00641	0.00480	0.00480	0.00160	0.00747	0.00374	0.00214	0.00747
82	0.01225	0.01096	0.02147	0.20935	0.02489	0.01092	0.40312	0.01578	0.01178	0.11245	0.01309	0.01917	0.01058	0.00585	0.00576	0.00176	0.00711	0.09403	0.00319	0.00650
83	0.00726	0.00530	0.00706	0.00807	0.00904	0.00509	0.00653	0.00901	0.01103	0.01426	0.03031	0.28855	0.12990	0.01439	0.00669	0.00216	0.00386	0.43239	0.00467	0.00444
84	0.00653	0.00480	0.00627	0.00708	0.00774	0.00433	0.00481	0.00753	0.00975	0.01322	0.02624	0.74932	0.03121	0.01480	0.00622	0.00194	0.00300	0.01339	0.00455	0.07728
85	0.00623	0.00507	0.00551	0.00553	0.00702	0.00435	0.00410	0.00769	0.01192	0.01491	0.19579	0.11288	0.57621	0.01258	0.00602	0.00171	0.00256	0.01069	0.00487	0.00435

[dist]
# distance from previous block
# <min> <max>
0	0

# created by:
# /home/cegg/simao/soft/augustus-3.2.1/scripts/msa2prfl.pl ./align_prep/29618.fa
