[name]
unknown

[dist]
# distance from previous block
# <min> <max>
5	465

[block]
# block no. 0 follows, 43 sequences, length 31
# corresponding to MSA columns:
# 471-501
name=unknown_A
#
# <colnr> <probs for GDERKNQSTAVLIFYWHMCP>
#	G	D	E	R	K	N	Q	S	T	A	V	L	I	F	Y	W	H	M	C	P
0	0.01781	0.01269	0.02002	0.01969	0.22637	0.01253	0.15120	0.14814	0.01573	0.23108	0.01410	0.01514	0.01010	0.00587	0.00617	0.00171	0.03802	0.00535	0.00440	0.04389
1	0.01039	0.01021	0.01994	0.01548	0.01878	0.00959	0.37470	0.01380	0.01344	0.01840	0.22582	0.13020	0.02654	0.00920	0.00671	0.00195	0.00626	0.07812	0.00424	0.00623
2	0.01098	0.01037	0.01700	0.01796	0.22352	0.01006	0.17024	0.03172	0.06482	0.01736	0.05525	0.02872	0.22331	0.08429	0.00823	0.00213	0.00569	0.00775	0.00388	0.00671
3	0.84448	0.01071	0.00814	0.00728	0.01071	0.01242	0.00600	0.01628	0.00943	0.02485	0.00771	0.00900	0.00600	0.00514	0.00343	0.00171	0.00428	0.00300	0.00343	0.00600
4	0.01175	0.40354	0.16325	0.01040	0.01435	0.01515	0.01046	0.01416	0.01104	0.01420	0.01445	0.22996	0.01530	0.00856	0.00549	0.00164	0.03983	0.00681	0.00314	0.00654
5	0.00814	0.00671	0.00761	0.00678	0.00923	0.00549	0.00513	0.00998	0.01255	0.01685	0.15096	0.12383	0.36375	0.01122	0.00592	0.00160	0.00318	0.00955	0.00477	0.23673
6	0.01593	0.00970	0.01194	0.00875	0.01346	0.00763	0.00709	0.01828	0.01294	0.26962	0.01384	0.01393	0.01003	0.00502	0.00459	0.00112	0.00430	0.00404	0.00447	0.56331
7	0.24673	0.01090	0.01248	0.00987	0.01386	0.01091	0.05024	0.10288	0.08526	0.16395	0.05753	0.01520	0.01218	0.00598	0.00478	0.00155	0.00474	0.00469	0.00461	0.18167
8	0.01350	0.00859	0.01066	0.00823	0.01201	0.00695	0.00655	0.01593	0.01364	0.19084	0.22329	0.02146	0.02170	0.00673	0.00511	0.00128	0.00383	0.00567	0.00487	0.41914
9	0.24230	0.01008	0.01426	0.57390	0.03052	0.01234	0.01277	0.01474	0.01062	0.01712	0.00925	0.01316	0.00700	0.00543	0.00495	0.00181	0.00652	0.00439	0.00273	0.00611
10	0.00830	0.00565	0.00684	0.00720	0.00755	0.00565	0.00490	0.00900	0.00936	0.01236	0.02075	0.04353	0.02340	0.58574	0.02248	0.00459	0.00529	0.20973	0.00384	0.00384
11	0.84448	0.01071	0.00814	0.00728	0.01071	0.01242	0.00600	0.01628	0.00943	0.02485	0.00771	0.00900	0.00600	0.00514	0.00343	0.00171	0.00428	0.00300	0.00343	0.00600
12	0.01093	0.01032	0.01431	0.01244	0.01280	0.01370	0.01020	0.01253	0.01048	0.01580	0.21871	0.02025	0.01978	0.01015	0.01494	0.00223	0.57489	0.00628	0.00344	0.00583
13	0.01246	0.01049	0.01099	0.00984	0.01274	0.01157	0.00767	0.09247	0.48268	0.02201	0.03099	0.02903	0.22514	0.00924	0.00588	0.00186	0.00411	0.00765	0.00549	0.00769
14	0.01474	0.00897	0.01054	0.00907	0.01176	0.00919	0.00709	0.07976	0.21732	0.19889	0.22819	0.02607	0.02527	0.04285	0.00668	0.00188	0.00398	0.00702	0.08335	0.00742
15	0.01580	0.01290	0.01366	0.01168	0.01517	0.01472	0.00926	0.23039	0.55655	0.02643	0.01997	0.01862	0.01482	0.00727	0.00561	0.00182	0.00486	0.00591	0.00561	0.00895
16	0.03410	0.01014	0.01173	0.00999	0.01258	0.01117	0.00790	0.29639	0.05936	0.06405	0.01538	0.01930	0.01276	0.09394	0.25353	0.00430	0.00833	0.00565	0.06239	0.00701
17	0.00744	0.00544	0.00699	0.00704	0.00814	0.00499	0.00511	0.00952	0.01408	0.01946	0.51258	0.24160	0.11070	0.01314	0.00667	0.00189	0.00279	0.01166	0.00576	0.00499
18	0.61197	0.00923	0.00756	0.00694	0.00941	0.01046	0.00526	0.01399	0.00904	0.02093	0.01042	0.01657	0.00993	0.22759	0.01031	0.00273	0.00459	0.00440	0.00341	0.00526
19	0.36567	0.01800	0.01215	0.01091	0.01407	0.37044	0.00851	0.04990	0.01324	0.01947	0.00928	0.01187	0.00778	0.00584	0.00444	0.00158	0.00704	0.03266	0.00331	0.03383
20	0.42779	0.01612	0.01217	0.01067	0.01371	0.24737	0.00849	0.09733	0.01304	0.02143	0.00853	0.01005	0.00683	0.00590	0.00551	0.00169	0.07993	0.00356	0.00339	0.00650
21	0.01552	0.01358	0.02044	0.08181	0.50939	0.01421	0.01508	0.22121	0.01623	0.02249	0.01118	0.01367	0.00885	0.00545	0.00550	0.00166	0.00650	0.00495	0.00350	0.00877
22	0.24037	0.00703	0.00757	0.00709	0.00894	0.00720	0.00544	0.01195	0.01372	0.02259	0.52460	0.06535	0.03872	0.00987	0.00569	0.00176	0.00310	0.00831	0.00531	0.00541
23	0.01703	0.00767	0.01014	0.00848	0.01141	0.00672	0.00672	0.01911	0.01501	0.43766	0.21306	0.09370	0.10999	0.00965	0.00605	0.00178	0.00385	0.00822	0.00633	0.00743
24	0.01196	0.00643	0.00824	0.00772	0.00967	0.00570	0.00580	0.01368	0.01351	0.22736	0.18363	0.27524	0.18397	0.01252	0.00644	0.00192	0.00342	0.01091	0.00581	0.00605
25	0.24057	0.00685	0.00662	0.00639	0.00734	0.00733	0.00409	0.01034	0.00844	0.01466	0.01474	0.02867	0.01621	0.58291	0.02131	0.00435	0.00507	0.00665	0.00338	0.00409
26	0.61197	0.00923	0.00756	0.00694	0.00941	0.01046	0.00526	0.01399	0.00904	0.02093	0.01042	0.01657	0.00993	0.22759	0.01031	0.00273	0.00459	0.00440	0.00341	0.00526
27	0.61161	0.00907	0.00766	0.00740	0.00997	0.01022	0.00576	0.01390	0.00975	0.02187	0.01405	0.22937	0.01451	0.00854	0.00444	0.00186	0.00399	0.00654	0.00390	0.00558
28	0.25269	0.00978	0.01154	0.00914	0.01319	0.00933	0.00754	0.02401	0.01407	0.56622	0.01792	0.01611	0.01157	0.00638	0.00497	0.00171	0.00459	0.00485	0.00590	0.00847
29	0.00725	0.00571	0.00698	0.00687	0.00835	0.00544	0.00522	0.00912	0.01236	0.01622	0.22543	0.04150	0.37682	0.02099	0.22250	0.00379	0.00610	0.00966	0.00478	0.00489
30	0.61354	0.01139	0.01213	0.01471	0.22201	0.01263	0.00906	0.01648	0.01031	0.02297	0.00846	0.01031	0.00677	0.00508	0.00400	0.00169	0.00492	0.00354	0.00324	0.00677

[dist]
# distance from previous block
# <min> <max>
0	12

[block]
# block no. 1 follows, 43 sequences, length 17
# corresponding to MSA columns:
# 516-532
name=unknown_B
#
# <colnr> <probs for GDERKNQSTAVLIFYWHMCP>
#	G	D	E	R	K	N	Q	S	T	A	V	L	I	F	Y	W	H	M	C	P
0	0.01636	0.63744	0.02615	0.01003	0.01469	0.02041	0.00958	0.13646	0.01390	0.05719	0.00936	0.01013	0.00783	0.00516	0.00398	0.00129	0.00589	0.00343	0.00312	0.00761
1	0.01999	0.01013	0.01208	0.00976	0.01325	0.05179	0.00785	0.07911	0.05454	0.46995	0.18590	0.02301	0.02172	0.00780	0.00575	0.00171	0.00463	0.00643	0.00630	0.00829
2	0.84448	0.01071	0.00814	0.00728	0.01071	0.01242	0.00600	0.01628	0.00943	0.02485	0.00771	0.00900	0.00600	0.00514	0.00343	0.00171	0.00428	0.00300	0.00343	0.00600
3	0.19142	0.01129	0.01701	0.33576	0.30979	0.01265	0.01397	0.01569	0.01130	0.01795	0.00960	0.01312	0.00761	0.00522	0.00506	0.00174	0.00641	0.00451	0.00278	0.00711
4	0.00791	0.00593	0.00890	0.00890	0.00989	0.00692	0.00692	0.00989	0.00890	0.01286	0.01483	0.02176	0.01385	0.04154	0.78341	0.00890	0.01483	0.00593	0.00297	0.00494
5	0.01759	0.01785	0.01426	0.01244	0.01568	0.30550	0.00965	0.18135	0.28208	0.02164	0.01696	0.01669	0.04988	0.00697	0.00542	0.00166	0.00679	0.00524	0.00454	0.00781
6	0.00655	0.00561	0.00561	0.00561	0.00748	0.00468	0.00421	0.00795	0.01262	0.01496	0.05610	0.05330	0.76857	0.01403	0.00655	0.00187	0.00281	0.01169	0.00514	0.00468
7	0.01378	0.01190	0.01252	0.01127	0.01440	0.01378	0.00877	0.02943	0.76081	0.02317	0.02254	0.02066	0.01691	0.00751	0.00564	0.00188	0.00438	0.00626	0.00564	0.00877
8	0.01952	0.31764	0.02012	0.01123	0.01528	0.23867	0.00959	0.08208	0.01491	0.20395	0.01193	0.01204	0.00895	0.00570	0.00464	0.00143	0.00681	0.00395	0.00389	0.00768
9	0.01382	0.60086	0.22822	0.01116	0.01681	0.01950	0.01240	0.01684	0.01137	0.01423	0.00830	0.00963	0.00708	0.00488	0.00401	0.00134	0.00653	0.00326	0.00236	0.00739
10	0.01266	0.00996	0.01067	0.00930	0.01207	0.01052	0.00728	0.24020	0.18289	0.02312	0.06492	0.10330	0.26927	0.01052	0.00608	0.00184	0.00419	0.00874	0.00542	0.00704
11	0.00792	0.00589	0.00866	0.00866	0.00957	0.00679	0.00663	0.00974	0.00883	0.01268	0.01505	0.02296	0.01437	0.10518	0.72049	0.00861	0.01405	0.00611	0.00300	0.00481
12	0.00676	0.00521	0.00621	0.00697	0.00796	0.00465	0.00493	0.00798	0.01152	0.01458	0.04088	0.46421	0.33427	0.01591	0.00688	0.00211	0.00313	0.04611	0.00514	0.00460
13	0.00778	0.00568	0.00801	0.00818	0.00889	0.00630	0.00599	0.00924	0.00896	0.01261	0.01743	0.12833	0.01810	0.18758	0.53258	0.00733	0.01144	0.00765	0.00333	0.00457
14	0.01481	0.80869	0.02902	0.00948	0.01421	0.02191	0.00948	0.01658	0.01125	0.01303	0.00770	0.00888	0.00711	0.00474	0.00355	0.00118	0.00592	0.00296	0.00237	0.00711
15	0.00979	0.00818	0.00814	0.00834	0.00948	0.09399	0.00585	0.01199	0.06735	0.04410	0.08899	0.39492	0.09241	0.11891	0.00939	0.00245	0.00433	0.01142	0.00483	0.00515
16	0.01657	0.01437	0.01345	0.01162	0.01486	0.14545	0.00916	0.19820	0.32544	0.06391	0.06728	0.02057	0.03291	0.00764	0.00565	0.00176	0.00565	0.03223	0.00520	0.00810

[dist]
# distance from previous block
# <min> <max>
0	1

[block]
# block no. 2 follows, 43 sequences, length 45
# corresponding to MSA columns:
# 534-550,554-560,562-582
name=unknown_C
#
# <colnr> <probs for GDERKNQSTAVLIFYWHMCP>
#	G	D	E	R	K	N	Q	S	T	A	V	L	I	F	Y	W	H	M	C	P
0	0.24957	0.01401	0.02020	0.01711	0.09243	0.07632	0.29271	0.05075	0.07379	0.02057	0.01226	0.01425	0.03070	0.00551	0.00531	0.00176	0.00695	0.00520	0.00340	0.00720
1	0.01791	0.01991	0.01303	0.01182	0.01420	0.52633	0.00876	0.04153	0.01446	0.04825	0.01164	0.01543	0.01015	0.11987	0.00822	0.00199	0.00814	0.00452	0.09778	0.00606
2	0.01221	0.01132	0.01895	0.13089	0.30794	0.01177	0.11800	0.05797	0.03507	0.01835	0.09655	0.05318	0.01541	0.03870	0.02754	0.00211	0.02690	0.00639	0.00346	0.00729
3	0.01089	0.00600	0.00826	0.00783	0.00832	0.00619	0.00545	0.09022	0.00931	0.01244	0.01003	0.01644	0.00960	0.01784	0.01985	0.74560	0.00495	0.00483	0.00275	0.00319
4	0.01372	0.01244	0.01832	0.10892	0.36374	0.01381	0.01376	0.08979	0.15748	0.01958	0.01275	0.01519	0.01023	0.00729	0.03020	0.00202	0.09390	0.00521	0.00351	0.00813
5	0.01325	0.01277	0.02127	0.08680	0.61064	0.01363	0.01619	0.01627	0.01192	0.01713	0.00993	0.01356	0.00846	0.00565	0.00727	0.00177	0.11768	0.00492	0.00268	0.00820
6	0.00668	0.00508	0.00616	0.00702	0.00785	0.00456	0.00484	0.00779	0.01126	0.01441	0.03890	0.55668	0.27629	0.01626	0.00690	0.00213	0.00308	0.01442	0.00514	0.00456
7	0.01056	0.01018	0.05118	0.00976	0.01209	0.05337	0.05962	0.03898	0.11953	0.03124	0.14526	0.07214	0.19728	0.12211	0.00973	0.00234	0.03557	0.00851	0.00460	0.00593
8	0.01780	0.01099	0.01264	0.01054	0.01408	0.01156	0.00843	0.12844	0.34097	0.27061	0.06557	0.02151	0.04615	0.00765	0.00569	0.00179	0.00457	0.00628	0.00603	0.00871
9	0.01164	0.13986	0.67008	0.01489	0.02258	0.01415	0.01890	0.01740	0.01163	0.01690	0.00962	0.01129	0.00703	0.00519	0.00502	0.00167	0.00786	0.00393	0.00234	0.00803
10	0.02071	0.02567	0.01576	0.01417	0.01713	0.73183	0.01069	0.07102	0.01639	0.01498	0.00888	0.01021	0.00729	0.00577	0.00503	0.00144	0.00973	0.00366	0.00303	0.00662
11	0.01293	0.01060	0.01181	0.00971	0.01351	0.01044	0.00763	0.02190	0.38203	0.05030	0.06057	0.01804	0.01527	0.00631	0.00506	0.00143	0.00418	0.00523	0.00475	0.34828
12	0.01148	0.00984	0.01148	0.00820	0.01312	0.00738	0.00656	0.01395	0.01148	0.01805	0.00984	0.01148	0.00820	0.00410	0.00410	0.00082	0.00410	0.00328	0.00328	0.83922
13	0.01802	0.01500	0.01481	0.01188	0.01586	0.10001	0.00953	0.42398	0.14562	0.02758	0.01434	0.03716	0.01105	0.00665	0.00534	0.00157	0.00587	0.00512	0.00493	0.12567
14	0.01889	0.00961	0.01224	0.00912	0.01369	0.00780	0.00744	0.02118	0.01391	0.43756	0.01650	0.01557	0.01126	0.00563	0.00492	0.00132	0.00444	0.00455	0.00526	0.37912
15	0.01046	0.00984	0.01661	0.79205	0.03814	0.01230	0.01538	0.01415	0.01107	0.01415	0.00984	0.01477	0.00738	0.00554	0.00554	0.00185	0.00738	0.00492	0.00246	0.00615
16	0.02485	0.00943	0.01285	0.00985	0.01414	0.00814	0.00814	0.02699	0.01585	0.77465	0.02185	0.01885	0.01371	0.00685	0.00557	0.00171	0.00471	0.00557	0.00685	0.00943
17	0.02485	0.00943	0.01285	0.00985	0.01414	0.00814	0.00814	0.02699	0.01585	0.77465	0.02185	0.01885	0.01371	0.00685	0.00557	0.00171	0.00471	0.00557	0.00685	0.00943
18	0.01212	0.01212	0.01696	0.01454	0.01454	0.01696	0.01212	0.01333	0.00848	0.01333	0.00727	0.01212	0.00727	0.00969	0.01818	0.00242	0.79523	0.00485	0.00242	0.00606
19	0.02437	0.01019	0.01332	0.01021	0.01452	0.00927	0.00844	0.11766	0.01713	0.68218	0.02078	0.01816	0.01317	0.00683	0.00557	0.00171	0.00489	0.00550	0.00669	0.00942
20	0.02456	0.00989	0.01314	0.01007	0.01437	0.00882	0.00832	0.08182	0.01662	0.71873	0.02120	0.01843	0.01339	0.00684	0.00557	0.00171	0.00482	0.00553	0.00676	0.00942
21	0.02216	0.00864	0.01143	0.00899	0.01272	0.00759	0.00735	0.02438	0.01507	0.63515	0.02115	0.01918	0.01380	0.00678	0.00526	0.00164	0.00432	0.00549	0.16028	0.00864
22	0.01032	0.00516	0.00516	0.00516	0.00645	0.00516	0.00387	0.01290	0.01161	0.02065	0.01807	0.02065	0.01420	0.00645	0.00387	0.00129	0.00258	0.00516	0.83611	0.00516
23	0.00784	0.00566	0.00740	0.00697	0.00827	0.00523	0.00523	0.01045	0.01568	0.02221	0.76789	0.04137	0.05226	0.01132	0.00653	0.00174	0.00261	0.01002	0.00610	0.00523
24	0.01384	0.60548	0.22380	0.01112	0.01676	0.01956	0.01234	0.01683	0.01137	0.01420	0.00828	0.00962	0.00708	0.00487	0.00400	0.00133	0.00651	0.00326	0.00236	0.00739
25	0.01356	0.01784	0.30466	0.01257	0.01748	0.01249	0.01287	0.14418	0.20969	0.05471	0.01639	0.07599	0.01342	0.06066	0.00709	0.00205	0.00612	0.00602	0.00422	0.00800
26	0.01025	0.00956	0.01795	0.01547	0.03981	0.00915	0.29223	0.01334	0.01247	0.01661	0.02206	0.17963	0.02310	0.01131	0.00705	0.00221	0.00642	0.30124	0.00416	0.00600
27	0.01307	0.01494	0.03268	0.02334	0.02894	0.01401	0.75070	0.01774	0.01307	0.01774	0.01120	0.01494	0.00840	0.00467	0.00654	0.00187	0.00934	0.00654	0.00280	0.00747
28	0.00703	0.00504	0.00668	0.00752	0.00810	0.00469	0.00516	0.00843	0.01193	0.01624	0.22262	0.60365	0.04070	0.01578	0.00693	0.00212	0.00306	0.01425	0.00539	0.00469
29	0.00784	0.00566	0.00740	0.00697	0.00827	0.00523	0.00523	0.01045	0.01568	0.02221	0.76789	0.04137	0.05226	0.01132	0.00653	0.00174	0.00261	0.01002	0.00610	0.00523
30	0.00703	0.00563	0.00628	0.00612	0.00778	0.00488	0.00459	0.00889	0.01377	0.01768	0.32341	0.04882	0.49956	0.01301	0.00654	0.00182	0.00273	0.01106	0.00550	0.00488
31	0.00797	0.00572	0.00779	0.00779	0.00840	0.00632	0.00554	0.00918	0.00857	0.01204	0.01585	0.02737	0.01628	0.33752	0.49076	0.00753	0.01117	0.00676	0.00312	0.00433
32	0.84448	0.01071	0.00814	0.00728	0.01071	0.01242	0.00600	0.01628	0.00943	0.02485	0.00771	0.00900	0.00600	0.00514	0.00343	0.00171	0.00428	0.00300	0.00343	0.00600
33	0.84448	0.01071	0.00814	0.00728	0.01071	0.01242	0.00600	0.01628	0.00943	0.02485	0.00771	0.00900	0.00600	0.00514	0.00343	0.00171	0.00428	0.00300	0.00343	0.00600
34	0.02485	0.00943	0.01285	0.00985	0.01414	0.00814	0.00814	0.02699	0.01585	0.77465	0.02185	0.01885	0.01371	0.00685	0.00557	0.00171	0.00471	0.00557	0.00685	0.00943
35	0.01378	0.01190	0.01252	0.01127	0.01440	0.01378	0.00877	0.02943	0.76081	0.02317	0.02254	0.02066	0.01691	0.00751	0.00564	0.00188	0.00438	0.00626	0.00564	0.00877
36	0.84448	0.01071	0.00814	0.00728	0.01071	0.01242	0.00600	0.01628	0.00943	0.02485	0.00771	0.00900	0.00600	0.00514	0.00343	0.00171	0.00428	0.00300	0.00343	0.00600
37	0.79692	0.01064	0.00841	0.00743	0.01091	0.01218	0.00612	0.01690	0.00980	0.06836	0.00853	0.00957	0.00645	0.00524	0.00355	0.00171	0.00431	0.00315	0.00363	0.00620
38	0.84448	0.01071	0.00814	0.00728	0.01071	0.01242	0.00600	0.01628	0.00943	0.02485	0.00771	0.00900	0.00600	0.00514	0.00343	0.00171	0.00428	0.00300	0.00343	0.00600
39	0.06918	0.01468	0.01579	0.01216	0.01652	0.01608	0.01005	0.64356	0.02415	0.10171	0.01375	0.01355	0.00961	0.00658	0.00542	0.00167	0.00586	0.00492	0.00554	0.00922
40	0.00675	0.00482	0.00643	0.00771	0.00803	0.00450	0.00514	0.00771	0.01060	0.01414	0.03053	0.80175	0.03663	0.01735	0.00707	0.00225	0.00321	0.01574	0.00514	0.00450
41	0.02105	0.01551	0.01662	0.01274	0.01717	0.01717	0.01053	0.75235	0.02604	0.03490	0.01330	0.01330	0.00942	0.00665	0.00554	0.00166	0.00609	0.00499	0.00554	0.00942
42	0.01581	0.01054	0.01245	0.01044	0.01347	0.01082	0.02273	0.33292	0.01818	0.13048	0.02151	0.27206	0.04713	0.01028	0.00604	0.00184	0.00482	0.00877	0.00543	0.04429
43	0.01412	0.66438	0.16734	0.01064	0.01602	0.02024	0.01151	0.01676	0.01133	0.01386	0.00811	0.00940	0.00709	0.00484	0.00387	0.00129	0.00634	0.00317	0.00236	0.00731
44	0.01318	0.46638	0.35712	0.01225	0.01850	0.01794	0.01430	0.01700	0.01145	0.01501	0.00868	0.01012	0.00707	0.00497	0.00430	0.00143	0.00692	0.00346	0.00236	0.00758

[dist]
# distance from previous block
# <min> <max>
0	15

[block]
# block no. 3 follows, 43 sequences, length 11
# corresponding to MSA columns:
# 598-608
name=unknown_D
#
# <colnr> <probs for GDERKNQSTAVLIFYWHMCP>
#	G	D	E	R	K	N	Q	S	T	A	V	L	I	F	Y	W	H	M	C	P
0	0.00675	0.00482	0.00643	0.00771	0.00803	0.00450	0.00514	0.00771	0.01060	0.01414	0.03053	0.80175	0.03663	0.01735	0.00707	0.00225	0.00321	0.01574	0.00514	0.00450
1	0.00792	0.00588	0.00865	0.00865	0.00955	0.00679	0.00661	0.00973	0.00883	0.01267	0.01507	0.02304	0.01440	0.10894	0.71677	0.00859	0.01400	0.00612	0.00300	0.00480
2	0.00666	0.00515	0.00608	0.00683	0.00780	0.00457	0.00475	0.00781	0.01145	0.01448	0.04131	0.48626	0.34516	0.01595	0.00685	0.00209	0.00304	0.01403	0.00514	0.00457
3	0.00675	0.00482	0.00643	0.00771	0.00803	0.00450	0.00514	0.00771	0.01060	0.01414	0.03053	0.80175	0.03663	0.01735	0.00707	0.00225	0.00321	0.01574	0.00514	0.00450
4	0.01481	0.80869	0.02902	0.00948	0.01421	0.02191	0.00948	0.01658	0.01125	0.01303	0.00770	0.00888	0.00711	0.00474	0.00355	0.00118	0.00592	0.00296	0.00237	0.00711
5	0.00682	0.00487	0.00649	0.00766	0.00805	0.00454	0.00515	0.00789	0.01093	0.01465	0.07750	0.75331	0.03763	0.01697	0.00703	0.00222	0.00317	0.01538	0.00520	0.00454
6	0.01129	0.01029	0.01661	0.73077	0.03650	0.01269	0.01500	0.07220	0.01225	0.01578	0.01012	0.01465	0.00754	0.00562	0.00554	0.00183	0.00728	0.00493	0.00270	0.00641
7	0.01237	0.01179	0.02006	0.34608	0.46918	0.01281	0.01633	0.01583	0.01198	0.01647	0.01018	0.01414	0.00820	0.00518	0.00551	0.00173	0.00691	0.00493	0.00263	0.00769
8	0.01254	0.33165	0.48625	0.01333	0.02018	0.01638	0.01619	0.01717	0.01152	0.01579	0.00907	0.01060	0.00705	0.00506	0.00460	0.00153	0.00731	0.00365	0.00235	0.00777
9	0.01258	0.01253	0.02204	0.01970	0.18644	0.01120	0.29410	0.01607	0.01234	0.01794	0.01049	0.01330	0.00841	0.00450	0.00534	0.00140	0.00666	0.00489	0.00298	0.33710
10	0.01241	0.01343	0.06228	0.18946	0.17842	0.01394	0.20479	0.01689	0.07041	0.01662	0.01083	0.01440	0.00864	0.00611	0.00815	0.00192	0.15575	0.00539	0.00284	0.00732

[dist]
# distance from previous block
# <min> <max>
0	1

[block]
# block no. 4 follows, 43 sequences, length 9
# corresponding to MSA columns:
# 610-618
name=unknown_E
#
# <colnr> <probs for GDERKNQSTAVLIFYWHMCP>
#	G	D	E	R	K	N	Q	S	T	A	V	L	I	F	Y	W	H	M	C	P
0	0.00876	0.00576	0.00822	0.00850	0.00948	0.00605	0.00631	0.01035	0.01012	0.07250	0.02165	0.33331	0.02294	0.02918	0.41272	0.00568	0.00940	0.00983	0.00414	0.00511
1	0.10389	0.01440	0.02004	0.01516	0.01968	0.01532	0.23107	0.36823	0.10944	0.02730	0.01321	0.01423	0.00966	0.00600	0.00563	0.00176	0.00667	0.00540	0.00451	0.00840
2	0.00962	0.00481	0.00722	0.00722	0.00722	0.00481	0.00481	0.00722	0.00722	0.00962	0.00962	0.01684	0.00962	0.01924	0.02165	0.83886	0.00481	0.00481	0.00241	0.00241
3	0.00834	0.00613	0.00815	0.00920	0.01052	0.00594	0.00781	0.01058	0.01257	0.01611	0.03419	0.11367	0.16367	0.01522	0.00741	0.00241	0.00456	0.55343	0.00511	0.00498
4	0.01424	0.01064	0.01177	0.00986	0.01327	0.01100	0.00780	0.13682	0.30917	0.09404	0.08124	0.02372	0.11255	0.00793	0.00557	0.00166	0.00430	0.00653	0.00536	0.13254
5	0.00784	0.00566	0.00740	0.00697	0.00827	0.00523	0.00523	0.01045	0.01568	0.02221	0.76789	0.04137	0.05226	0.01132	0.00653	0.00174	0.00261	0.01002	0.00610	0.00523
6	0.01148	0.00984	0.01148	0.00820	0.01312	0.00738	0.00656	0.01395	0.01148	0.01805	0.00984	0.01148	0.00820	0.00410	0.00410	0.00082	0.00410	0.00328	0.00328	0.83922
7	0.01052	0.00885	0.00955	0.00915	0.01136	0.00958	0.00689	0.01956	0.41860	0.01924	0.03221	0.20118	0.19830	0.01122	0.00617	0.00196	0.00375	0.00964	0.00541	0.00686
8	0.01305	0.01197	0.01945	0.02127	0.29228	0.01224	0.17516	0.01970	0.20415	0.01972	0.01490	0.01686	0.01163	0.00578	0.00550	0.00170	0.00600	0.00566	0.13508	0.00791

[dist]
# distance from previous block
# <min> <max>
0	1

[block]
# block no. 5 follows, 43 sequences, length 27
# corresponding to MSA columns:
# 620-646
name=unknown_F
#
# <colnr> <probs for GDERKNQSTAVLIFYWHMCP>
#	G	D	E	R	K	N	Q	S	T	A	V	L	I	F	Y	W	H	M	C	P
0	0.84448	0.01071	0.00814	0.00728	0.01071	0.01242	0.00600	0.01628	0.00943	0.02485	0.00771	0.00900	0.00600	0.00514	0.00343	0.00171	0.00428	0.00300	0.00343	0.00600
1	0.07064	0.00757	0.01031	0.23183	0.01735	0.00792	0.00823	0.01205	0.01334	0.01925	0.38245	0.02973	0.08245	0.00880	0.00582	0.00170	0.00424	0.00760	0.00456	0.07416
2	0.01634	0.01317	0.01397	0.01179	0.01538	0.01497	0.00939	0.28419	0.50187	0.02730	0.01928	0.01807	0.01427	0.00721	0.00560	0.00180	0.00499	0.00581	0.00560	0.00900
3	0.01148	0.00984	0.01148	0.00820	0.01312	0.00738	0.00656	0.01395	0.01148	0.01805	0.00984	0.01148	0.00820	0.00410	0.00410	0.00082	0.00410	0.00328	0.00328	0.83922
4	0.84448	0.01071	0.00814	0.00728	0.01071	0.01242	0.00600	0.01628	0.00943	0.02485	0.00771	0.00900	0.00600	0.00514	0.00343	0.00171	0.00428	0.00300	0.00343	0.00600
5	0.01046	0.00984	0.01661	0.79205	0.03814	0.01230	0.01538	0.01415	0.01107	0.01415	0.00984	0.01477	0.00738	0.00554	0.00554	0.00185	0.00738	0.00492	0.00246	0.00615
6	0.01046	0.00984	0.01661	0.79205	0.03814	0.01230	0.01538	0.01415	0.01107	0.01415	0.00984	0.01477	0.00738	0.00554	0.00554	0.00185	0.00738	0.00492	0.00246	0.00615
7	0.00791	0.00593	0.00890	0.00890	0.00989	0.00692	0.00692	0.00989	0.00890	0.01286	0.01483	0.02176	0.01385	0.04154	0.78341	0.00890	0.01483	0.00593	0.00297	0.00494
8	0.84448	0.01071	0.00814	0.00728	0.01071	0.01242	0.00600	0.01628	0.00943	0.02485	0.00771	0.00900	0.00600	0.00514	0.00343	0.00171	0.00428	0.00300	0.00343	0.00600
9	0.01212	0.01212	0.01696	0.01454	0.01454	0.01696	0.01212	0.01333	0.00848	0.01333	0.00727	0.01212	0.00727	0.00969	0.01818	0.00242	0.79523	0.00485	0.00242	0.00606
10	0.01146	0.00874	0.01013	0.00890	0.01115	0.00916	0.00692	0.14860	0.17205	0.02470	0.47684	0.03200	0.03718	0.00969	0.00617	0.00176	0.00361	0.00833	0.00590	0.00672
11	0.00876	0.00626	0.00874	0.01002	0.01122	0.00624	0.00864	0.01120	0.01259	0.01639	0.02941	0.11711	0.03223	0.01545	0.00761	0.00253	0.00496	0.68048	0.00510	0.00506
12	0.00871	0.00585	0.00768	0.00711	0.00857	0.00537	0.00537	0.01129	0.01569	0.06056	0.72987	0.04022	0.05029	0.01109	0.00648	0.00174	0.00272	0.00979	0.00614	0.00544
13	0.00796	0.00574	0.00790	0.00790	0.00854	0.00638	0.00568	0.00925	0.00860	0.01212	0.01575	0.02682	0.01605	0.30871	0.51925	0.00767	0.01152	0.00668	0.00310	0.00439
14	0.01809	0.01560	0.01337	0.01116	0.01441	0.21689	0.00883	0.34570	0.01936	0.05096	0.01636	0.01689	0.06593	0.00692	0.00517	0.00155	0.00620	0.00516	0.15395	0.00751
15	0.01347	0.01291	0.02205	0.09002	0.71666	0.01310	0.01688	0.01679	0.01250	0.01780	0.01038	0.01379	0.00867	0.00498	0.00549	0.00166	0.00664	0.00493	0.00272	0.00858
16	0.01148	0.00984	0.01148	0.00820	0.01312	0.00738	0.00656	0.01395	0.01148	0.01805	0.00984	0.01148	0.00820	0.00410	0.00410	0.00082	0.00410	0.00328	0.00328	0.83922
17	0.02008	0.02542	0.01537	0.01401	0.01678	0.74625	0.01052	0.02153	0.01537	0.01352	0.00886	0.01055	0.00745	0.00741	0.04198	0.00178	0.01022	0.00368	0.00286	0.00635
18	0.00670	0.00501	0.00623	0.00720	0.00790	0.00454	0.00491	0.00777	0.01109	0.01434	0.03674	0.61993	0.21443	0.01654	0.00694	0.00216	0.00311	0.01476	0.00514	0.00454
19	0.00668	0.00562	0.00580	0.00575	0.00756	0.00473	0.00432	0.00821	0.01295	0.01573	0.13159	0.05203	0.69261	0.01374	0.00654	0.00186	0.00278	0.01151	0.00524	0.00473
20	0.00761	0.00555	0.00715	0.00696	0.00819	0.00510	0.00514	0.00993	0.01483	0.02068	0.62458	0.13537	0.10370	0.01226	0.00660	0.00181	0.00270	0.01084	0.00591	0.00510
21	0.00770	0.00580	0.00644	0.00631	0.00701	0.00570	0.00412	0.00828	0.00977	0.01243	0.03124	0.04133	0.29656	0.47184	0.01967	0.00392	0.04468	0.00924	0.00397	0.00398
22	0.84448	0.01071	0.00814	0.00728	0.01071	0.01242	0.00600	0.01628	0.00943	0.02485	0.00771	0.00900	0.00600	0.00514	0.00343	0.00171	0.00428	0.00300	0.00343	0.00600
23	0.84448	0.01071	0.00814	0.00728	0.01071	0.01242	0.00600	0.01628	0.00943	0.02485	0.00771	0.00900	0.00600	0.00514	0.00343	0.00171	0.00428	0.00300	0.00343	0.00600
24	0.02069	0.02640	0.01569	0.01427	0.01712	0.78313	0.01070	0.02212	0.01569	0.01355	0.00856	0.00999	0.00713	0.00571	0.00499	0.00143	0.00999	0.00357	0.00285	0.00642
25	0.01567	0.69360	0.02706	0.01018	0.01464	0.13391	0.00966	0.01740	0.01191	0.01311	0.00783	0.00905	0.00711	0.00488	0.00377	0.00122	0.00652	0.00305	0.00244	0.00701
26	0.84448	0.01071	0.00814	0.00728	0.01071	0.01242	0.00600	0.01628	0.00943	0.02485	0.00771	0.00900	0.00600	0.00514	0.00343	0.00171	0.00428	0.00300	0.00343	0.00600

[dist]
# distance from previous block
# <min> <max>
0	5

[block]
# block no. 6 follows, 43 sequences, length 92
# corresponding to MSA columns:
# 652-735,737-744
name=unknown_G
#
# <colnr> <probs for GDERKNQSTAVLIFYWHMCP>
#	G	D	E	R	K	N	Q	S	T	A	V	L	I	F	Y	W	H	M	C	P
0	0.01481	0.80869	0.02902	0.00948	0.01421	0.02191	0.00948	0.01658	0.01125	0.01303	0.00770	0.00888	0.00711	0.00474	0.00355	0.00118	0.00592	0.00296	0.00237	0.00711
1	0.00784	0.00566	0.00740	0.00697	0.00827	0.00523	0.00523	0.01045	0.01568	0.02221	0.76789	0.04137	0.05226	0.01132	0.00653	0.00174	0.00261	0.01002	0.00610	0.00523
2	0.00962	0.00481	0.00722	0.00722	0.00722	0.00481	0.00481	0.00722	0.00722	0.00962	0.00962	0.01684	0.00962	0.01924	0.02165	0.83886	0.00481	0.00481	0.00241	0.00241
3	0.00810	0.00548	0.00659	0.00655	0.00686	0.00561	0.00411	0.00872	0.00889	0.01231	0.07175	0.03360	0.02120	0.58906	0.15226	0.00554	0.00665	0.00773	0.03518	0.00383
4	0.00836	0.00597	0.00828	0.00956	0.01058	0.00589	0.00794	0.01050	0.01219	0.01594	0.02963	0.25395	0.03311	0.01583	0.00750	0.00247	0.00461	0.54762	0.00511	0.00494
5	0.01627	0.18960	0.01903	0.01334	0.01555	0.33724	0.01096	0.01769	0.01208	0.01336	0.00790	0.01053	0.00718	0.00697	0.00953	0.00174	0.29810	0.00391	0.00259	0.00644
6	0.00784	0.00566	0.00740	0.00697	0.00827	0.00523	0.00523	0.01045	0.01568	0.02221	0.76789	0.04137	0.05226	0.01132	0.00653	0.00174	0.00261	0.01002	0.00610	0.00523
7	0.01111	0.02865	0.77667	0.01579	0.02397	0.01286	0.02046	0.01754	0.01169	0.01754	0.00994	0.01169	0.00702	0.00526	0.00526	0.00175	0.00818	0.00409	0.00234	0.00818
8	0.01152	0.01251	0.12329	0.05444	0.17089	0.01031	0.12721	0.01496	0.01240	0.05037	0.01826	0.09338	0.01789	0.00934	0.00673	0.00205	0.02661	0.22720	0.00377	0.00686
9	0.01736	0.01333	0.01464	0.01099	0.01561	0.01340	0.00900	0.46750	0.02042	0.02840	0.01196	0.01260	0.00895	0.00567	0.00499	0.00134	0.00533	0.00433	0.00467	0.32952
10	0.01148	0.00984	0.01148	0.00820	0.01312	0.00738	0.00656	0.01395	0.01148	0.01805	0.00984	0.01148	0.00820	0.00410	0.00410	0.00082	0.00410	0.00328	0.00328	0.83922
11	0.00805	0.00537	0.00604	0.00604	0.00604	0.00537	0.00336	0.00805	0.00805	0.01074	0.01745	0.03624	0.02013	0.80536	0.02819	0.00537	0.00537	0.00805	0.00336	0.00336
12	0.01141	0.01644	0.30651	0.14318	0.02032	0.01100	0.01334	0.07729	0.07348	0.01949	0.07547	0.06277	0.01451	0.00697	0.00537	0.00173	0.00603	0.00580	0.12179	0.00711
13	0.00962	0.00481	0.00722	0.00722	0.00722	0.00481	0.00481	0.00722	0.00722	0.00962	0.00962	0.01684	0.00962	0.01924	0.02165	0.83886	0.00481	0.00481	0.00241	0.00241
14	0.01059	0.01168	0.10460	0.00956	0.01239	0.06509	0.00833	0.01691	0.21321	0.02031	0.32693	0.03144	0.12759	0.00950	0.00603	0.00177	0.00434	0.00803	0.00515	0.00655
15	0.01208	0.02029	0.34757	0.09425	0.05147	0.02700	0.28860	0.01711	0.01206	0.01700	0.01024	0.01325	0.00764	0.00531	0.00648	0.00183	0.05253	0.00514	0.00255	0.00759
16	0.00779	0.00566	0.00733	0.00692	0.00824	0.00520	0.00519	0.01036	0.01556	0.02193	0.74081	0.04182	0.07951	0.01143	0.00653	0.00175	0.00262	0.01008	0.00606	0.00520
17	0.00964	0.00815	0.00841	0.00799	0.00993	0.04361	0.00601	0.06508	0.13014	0.01885	0.17913	0.15815	0.30952	0.01210	0.00634	0.00187	0.00365	0.01030	0.00532	0.00581
18	0.00736	0.00540	0.00592	0.00606	0.00679	0.00502	0.00386	0.00798	0.01001	0.01266	0.03312	0.12545	0.29785	0.42826	0.01792	0.00374	0.00419	0.01023	0.00421	0.00397
19	0.05196	0.08097	0.18967	0.01144	0.01676	0.01296	0.01120	0.20506	0.05893	0.06983	0.01197	0.01267	0.00890	0.00549	0.00484	0.00144	0.00576	0.00418	0.00393	0.23203
20	0.01730	0.01627	0.01445	0.12080	0.01864	0.27880	0.00996	0.10329	0.04358	0.10760	0.01170	0.01285	0.00884	0.00561	0.00501	0.00142	0.00691	0.00419	0.00379	0.20901
21	0.08713	0.16268	0.01795	0.01250	0.01599	0.21044	0.06427	0.06677	0.23158	0.01883	0.01283	0.01349	0.01012	0.00619	0.00559	0.00164	0.04623	0.00456	0.00376	0.00744
22	0.01362	0.01032	0.11606	0.00878	0.01194	0.00783	0.00804	0.07743	0.01393	0.18248	0.04236	0.08560	0.10433	0.00859	0.00535	0.00168	0.00429	0.03452	0.25611	0.00675
23	0.01275	0.01230	0.02114	0.24512	0.47762	0.01301	0.06967	0.01680	0.04518	0.01718	0.01085	0.01440	0.00871	0.00520	0.00558	0.00173	0.00691	0.00511	0.00279	0.00794
24	0.01096	0.00830	0.01310	0.14545	0.07889	0.00819	0.08568	0.01359	0.01325	0.10477	0.19730	0.12042	0.14484	0.00981	0.00625	0.00186	0.00484	0.02162	0.00466	0.00622
25	0.01148	0.00984	0.01148	0.00820	0.01312	0.00738	0.00656	0.01395	0.01148	0.01805	0.00984	0.01148	0.00820	0.00410	0.00410	0.00082	0.00410	0.00328	0.00328	0.83922
26	0.01227	0.01035	0.04680	0.00851	0.01281	0.00807	0.00710	0.07580	0.01276	0.04792	0.01376	0.01590	0.04328	0.04815	0.00571	0.00130	0.00436	0.00434	0.07543	0.54537
27	0.01306	0.01128	0.01682	0.01639	0.19175	0.00995	0.10681	0.03099	0.03782	0.06247	0.01317	0.01487	0.03879	0.00509	0.00500	0.00130	0.00540	0.00469	0.00350	0.41087
28	0.01046	0.00984	0.01661	0.79205	0.03814	0.01230	0.01538	0.01415	0.01107	0.01415	0.00984	0.01477	0.00738	0.00554	0.00554	0.00185	0.00738	0.00492	0.00246	0.00615
29	0.00784	0.00566	0.00740	0.00697	0.00827	0.00523	0.00523	0.01045	0.01568	0.02221	0.76789	0.04137	0.05226	0.01132	0.00653	0.00174	0.00261	0.01002	0.00610	0.00523
30	0.00791	0.00593	0.00890	0.00890	0.00989	0.00692	0.00692	0.00989	0.00890	0.01286	0.01483	0.02176	0.01385	0.04154	0.78341	0.00890	0.01483	0.00593	0.00297	0.00494
31	0.01212	0.01212	0.01696	0.01454	0.01454	0.01696	0.01212	0.01333	0.00848	0.01333	0.00727	0.01212	0.00727	0.00969	0.01818	0.00242	0.79523	0.00485	0.00242	0.00606
32	0.02169	0.01449	0.01599	0.01226	0.01666	0.01565	0.01012	0.63021	0.02432	0.15946	0.01474	0.01423	0.01014	0.00668	0.00555	0.00167	0.00586	0.00508	0.00576	0.00942
33	0.02333	0.00997	0.01296	0.01014	0.01429	0.00919	0.00831	0.05572	0.10870	0.65240	0.02160	0.01886	0.01394	0.00693	0.00558	0.00173	0.00473	0.00563	0.00665	0.00934
34	0.01543	0.53116	0.18559	0.01087	0.01628	0.01806	0.01162	0.01824	0.01199	0.12054	0.01015	0.01088	0.00801	0.00515	0.00420	0.00138	0.00623	0.00357	0.00299	0.00766
35	0.00777	0.00560	0.00751	0.00831	0.00927	0.00534	0.00644	0.00972	0.01271	0.01706	0.21794	0.32354	0.06722	0.01498	0.00711	0.00221	0.00370	0.26330	0.00537	0.00490
36	0.01032	0.00516	0.00516	0.00516	0.00645	0.00516	0.00387	0.01290	0.01161	0.02065	0.01807	0.02065	0.01420	0.00645	0.00387	0.00129	0.00258	0.00516	0.83611	0.00516
37	0.01209	0.01078	0.01698	0.28279	0.32868	0.01182	0.01377	0.01680	0.09573	0.01759	0.01300	0.01702	0.01050	0.00589	0.00539	0.00172	0.00610	0.02548	0.10052	0.00736
38	0.01151	0.06149	0.67390	0.01499	0.02249	0.01306	0.01882	0.04941	0.01225	0.01795	0.01095	0.04874	0.00852	0.00587	0.00528	0.00175	0.00776	0.00463	0.00261	0.00802
39	0.84448	0.01071	0.00814	0.00728	0.01071	0.01242	0.00600	0.01628	0.00943	0.02485	0.00771	0.00900	0.00600	0.00514	0.00343	0.00171	0.00428	0.00300	0.00343	0.00600
40	0.01127	0.00966	0.01123	0.00809	0.01288	0.00726	0.00646	0.01368	0.01153	0.01791	0.01188	0.01333	0.04171	0.00454	0.00421	0.00087	0.00404	0.00365	0.00336	0.80245
41	0.02485	0.00943	0.01285	0.00985	0.01414	0.00814	0.00814	0.02699	0.01585	0.77465	0.02185	0.01885	0.01371	0.00685	0.00557	0.00171	0.00471	0.00557	0.00685	0.00943
42	0.01879	0.01331	0.01355	0.01133	0.01489	0.09794	0.00909	0.21817	0.23344	0.20807	0.01849	0.01905	0.01364	0.00724	0.00554	0.00174	0.00549	0.03956	0.04217	0.00851
43	0.75810	0.01083	0.00860	0.00770	0.01109	0.01256	0.00629	0.01765	0.08756	0.02467	0.00925	0.01021	0.00713	0.00539	0.00366	0.00173	0.00429	0.00334	0.00366	0.00629
44	0.00892	0.00637	0.00892	0.01020	0.01147	0.00637	0.00892	0.01147	0.01275	0.01657	0.02932	0.06247	0.03187	0.01530	0.00765	0.00255	0.00510	0.73354	0.00510	0.00510
45	0.00797	0.00659	0.00718	0.00728	0.00916	0.00623	0.00569	0.01155	0.11723	0.01635	0.04570	0.08344	0.50498	0.01348	0.00663	0.00200	0.00344	0.13459	0.00520	0.00531
46	0.00784	0.00566	0.00740	0.00697	0.00827	0.00523	0.00523	0.01045	0.01568	0.02221	0.76789	0.04137	0.05226	0.01132	0.00653	0.00174	0.00261	0.01002	0.00610	0.00523
47	0.00682	0.00562	0.00599	0.00589	0.00765	0.00479	0.00442	0.00847	0.01326	0.01648	0.20519	0.05080	0.61854	0.01346	0.00654	0.00184	0.00276	0.01134	0.00534	0.00479
48	0.00862	0.00631	0.00757	0.00723	0.00723	0.00699	0.00458	0.00879	0.00811	0.01110	0.01603	0.03287	0.01834	0.69405	0.02679	0.00496	0.11587	0.00761	0.00323	0.00373
49	0.84448	0.01071	0.00814	0.00728	0.01071	0.01242	0.00600	0.01628	0.00943	0.02485	0.00771	0.00900	0.00600	0.00514	0.00343	0.00171	0.00428	0.00300	0.00343	0.00600
50	0.84448	0.01071	0.00814	0.00728	0.01071	0.01242	0.00600	0.01628	0.00943	0.02485	0.00771	0.00900	0.00600	0.00514	0.00343	0.00171	0.00428	0.00300	0.00343	0.00600
51	0.01046	0.00984	0.01661	0.79205	0.03814	0.01230	0.01538	0.01415	0.01107	0.01415	0.00984	0.01477	0.00738	0.00554	0.00554	0.00185	0.00738	0.00492	0.00246	0.00615
52	0.08128	0.05142	0.01586	0.01207	0.01614	0.15575	0.00985	0.43118	0.02086	0.13279	0.01297	0.01296	0.00925	0.00631	0.00520	0.00161	0.00647	0.00457	0.00494	0.00852
53	0.02121	0.01428	0.04401	0.01191	0.01627	0.04398	0.01004	0.41408	0.08330	0.25818	0.01637	0.01542	0.01117	0.00669	0.00553	0.00169	0.00576	0.00518	0.00572	0.00920
54	0.01372	0.26661	0.41872	0.01336	0.01975	0.05020	0.01537	0.08995	0.03251	0.01783	0.00985	0.01114	0.00754	0.00532	0.00476	0.00156	0.00727	0.00387	0.00277	0.00791
55	0.02086	0.02126	0.01613	0.01355	0.01715	0.42144	0.01062	0.36694	0.02058	0.02364	0.01080	0.01155	0.00821	0.00615	0.00525	0.00154	0.00815	0.00424	0.00412	0.00784
56	0.01243	0.01185	0.02016	0.33311	0.48172	0.01282	0.01636	0.01587	0.01200	0.01654	0.01019	0.01412	0.00822	0.00517	0.00550	0.00172	0.00690	0.00493	0.00263	0.00774
57	0.01941	0.01411	0.01524	0.01190	0.01588	0.01560	0.00977	0.64873	0.02386	0.03246	0.01378	0.01439	0.01007	0.00866	0.05070	0.00205	0.00632	0.00506	0.07322	0.00881
58	0.00675	0.00482	0.00643	0.00771	0.00803	0.00450	0.00514	0.00771	0.01060	0.01414	0.03053	0.80175	0.03663	0.01735	0.00707	0.00225	0.00321	0.01574	0.00514	0.00450
59	0.01769	0.26003	0.02023	0.07742	0.06185	0.41155	0.01107	0.05183	0.01425	0.01465	0.00872	0.01041	0.00734	0.00540	0.00466	0.00141	0.00818	0.00364	0.00279	0.00688
60	0.01481	0.80869	0.02902	0.00948	0.01421	0.02191	0.00948	0.01658	0.01125	0.01303	0.00770	0.00888	0.00711	0.00474	0.00355	0.00118	0.00592	0.00296	0.00237	0.00711
61	0.01228	0.00998	0.01068	0.00974	0.01249	0.01097	0.00752	0.02334	0.51680	0.05434	0.05498	0.05871	0.17596	0.00936	0.00591	0.00188	0.00396	0.00786	0.00558	0.00765
62	0.00962	0.00481	0.00722	0.00722	0.00722	0.00481	0.00481	0.00722	0.00722	0.00962	0.00962	0.01684	0.00962	0.01924	0.02165	0.83886	0.00481	0.00481	0.00241	0.00241
63	0.84448	0.01071	0.00814	0.00728	0.01071	0.01242	0.00600	0.01628	0.00943	0.02485	0.00771	0.00900	0.00600	0.00514	0.00343	0.00171	0.00428	0.00300	0.00343	0.00600
64	0.00675	0.00482	0.00643	0.00771	0.00803	0.00450	0.00514	0.00771	0.01060	0.01414	0.03053	0.80175	0.03663	0.01735	0.00707	0.00225	0.00321	0.01574	0.00514	0.00450
65	0.01046	0.00984	0.01661	0.79205	0.03814	0.01230	0.01538	0.01415	0.01107	0.01415	0.00984	0.01477	0.00738	0.00554	0.00554	0.00185	0.00738	0.00492	0.00246	0.00615
66	0.01296	0.01471	0.03197	0.05721	0.02935	0.01393	0.71830	0.01758	0.01298	0.01758	0.01114	0.01493	0.00836	0.00471	0.00649	0.00187	0.00925	0.00646	0.00279	0.00741
67	0.01212	0.01212	0.01696	0.01454	0.01454	0.01696	0.01212	0.01333	0.00848	0.01333	0.00727	0.01212	0.00727	0.00969	0.01818	0.00242	0.79523	0.00485	0.00242	0.00606
68	0.01046	0.00984	0.01661	0.79205	0.03814	0.01230	0.01538	0.01415	0.01107	0.01415	0.00984	0.01477	0.00738	0.00554	0.00554	0.00185	0.00738	0.00492	0.00246	0.00615
69	0.01508	0.77196	0.02840	0.00970	0.01435	0.05766	0.00953	0.01684	0.01146	0.01305	0.00774	0.00894	0.00711	0.00478	0.00362	0.00120	0.00611	0.00299	0.00239	0.00708
70	0.80189	0.01096	0.00858	0.00757	0.01104	0.01267	0.00623	0.05436	0.01028	0.02537	0.00800	0.00922	0.00617	0.00522	0.00354	0.00171	0.00438	0.00310	0.00354	0.00617
71	0.01198	0.01078	0.01611	0.55433	0.06659	0.01296	0.01387	0.06857	0.15418	0.01749	0.01252	0.01573	0.00939	0.00596	0.00555	0.00183	0.00669	0.00518	0.00329	0.00700
72	0.00962	0.00481	0.00722	0.00722	0.00722	0.00481	0.00481	0.00722	0.00722	0.00962	0.00962	0.01684	0.00962	0.01924	0.02165	0.83886	0.00481	0.00481	0.00241	0.00241
73	0.01481	0.80869	0.02902	0.00948	0.01421	0.02191	0.00948	0.01658	0.01125	0.01303	0.00770	0.00888	0.00711	0.00474	0.00355	0.00118	0.00592	0.00296	0.00237	0.00711
74	0.00962	0.00481	0.00722	0.00722	0.00722	0.00481	0.00481	0.00722	0.00722	0.00962	0.00962	0.01684	0.00962	0.01924	0.02165	0.83886	0.00481	0.00481	0.00241	0.00241
75	0.00741	0.00571	0.00681	0.00673	0.00827	0.00511	0.00518	0.00951	0.01409	0.01859	0.39284	0.04856	0.35029	0.01287	0.00665	0.00188	0.00295	0.08595	0.00559	0.00498
76	0.01281	0.02626	0.68188	0.01505	0.02275	0.01228	0.01893	0.01871	0.01221	0.11150	0.01142	0.01258	0.00785	0.00546	0.00530	0.00175	0.00775	0.00428	0.00290	0.00834
77	0.06334	0.00949	0.01263	0.00973	0.01398	0.00834	0.00804	0.02649	0.01555	0.73944	0.02119	0.01839	0.01335	0.00677	0.00547	0.00171	0.00469	0.00545	0.00669	0.00926
78	0.01148	0.00984	0.01148	0.00820	0.01312	0.00738	0.00656	0.01395	0.01148	0.01805	0.00984	0.01148	0.00820	0.00410	0.00410	0.00082	0.00410	0.00328	0.00328	0.83922
79	0.01002	0.00751	0.00847	0.05287	0.01097	0.00744	0.00612	0.13682	0.01537	0.02063	0.19776	0.03748	0.34191	0.01072	0.00598	0.00173	0.00356	0.00896	0.10992	0.00576
80	0.01346	0.01335	0.02062	0.20889	0.54544	0.06910	0.01616	0.01671	0.01248	0.01685	0.01015	0.01368	0.00833	0.00513	0.00546	0.00168	0.00701	0.00483	0.00268	0.00799
81	0.01328	0.01180	0.01849	0.05995	0.50588	0.01208	0.01376	0.10332	0.01351	0.01884	0.01312	0.08076	0.01226	0.08942	0.00798	0.00209	0.00615	0.00615	0.00333	0.00782
82	0.61742	0.01077	0.01145	0.00953	0.01287	0.01206	0.09858	0.01566	0.01040	0.02299	0.06816	0.01356	0.03029	0.00600	0.00479	0.00177	0.03976	0.00429	0.00356	0.00609
83	0.13261	0.01322	0.01553	0.01237	0.01615	0.04387	0.10080	0.30630	0.12455	0.05139	0.06366	0.01691	0.02580	0.00835	0.04197	0.00207	0.00623	0.00553	0.00477	0.00792
84	0.01264	0.00879	0.01123	0.01015	0.06724	0.00725	0.00726	0.01486	0.01245	0.13998	0.05670	0.13109	0.05183	0.00765	0.00520	0.00137	0.00414	0.02581	0.00437	0.42000
85	0.01148	0.00984	0.01148	0.00820	0.01312	0.00738	0.00656	0.01395	0.01148	0.01805	0.00984	0.01148	0.00820	0.00410	0.00410	0.00082	0.00410	0.00328	0.00328	0.83922
86	0.01301	0.11851	0.55081	0.01381	0.02071	0.01294	0.01678	0.01814	0.01237	0.10791	0.05523	0.01394	0.01046	0.00574	0.00517	0.00168	0.00717	0.00448	0.00310	0.00803
87	0.01851	0.01053	0.01426	0.01057	0.01521	0.00907	0.06838	0.08085	0.01481	0.36520	0.01573	0.01528	0.01084	0.00562	0.00509	0.00138	0.00497	0.00473	0.00506	0.32391
88	0.01046	0.00984	0.01661	0.79205	0.03814	0.01230	0.01538	0.01415	0.01107	0.01415	0.00984	0.01477	0.00738	0.00554	0.00554	0.00185	0.00738	0.00492	0.00246	0.00615
89	0.00796	0.00576	0.00802	0.00802	0.00870	0.00644	0.00582	0.00932	0.00864	0.01220	0.01564	0.02622	0.01578	0.27701	0.55060	0.00781	0.01192	0.00659	0.00309	0.00445
90	0.01307	0.01494	0.03268	0.02334	0.02894	0.01401	0.75070	0.01774	0.01307	0.01774	0.01120	0.01494	0.00840	0.00467	0.00654	0.00187	0.00934	0.00654	0.00280	0.00747
91	0.01212	0.01212	0.01696	0.01454	0.01454	0.01696	0.01212	0.01333	0.00848	0.01333	0.00727	0.01212	0.00727	0.00969	0.01818	0.00242	0.79523	0.00485	0.00242	0.00606

[dist]
# distance from previous block
# <min> <max>
0	11

[block]
# block no. 7 follows, 43 sequences, length 17
# corresponding to MSA columns:
# 756-772
name=unknown_H
#
# <colnr> <probs for GDERKNQSTAVLIFYWHMCP>
#	G	D	E	R	K	N	Q	S	T	A	V	L	I	F	Y	W	H	M	C	P
