[name]
unknown

[dist]
# distance from previous block
# <min> <max>
0	21

[block]
# block no. 0 follows, 45 sequences, length 46
# corresponding to MSA columns:
# 21-66
name=unknown_A
#
# <colnr> <probs for GDERKNQSTAVLIFYWHMCP>
#	G	D	E	R	K	N	Q	S	T	A	V	L	I	F	Y	W	H	M	C	P
0	0.06470	0.14711	0.10616	0.01140	0.01483	0.18079	0.01046	0.10883	0.01403	0.01769	0.01518	0.02605	0.01465	0.00833	0.00543	0.00177	0.00653	0.23592	0.00367	0.00647
1	0.01571	0.19242	0.14334	0.01176	0.01583	0.25294	0.01086	0.10311	0.01460	0.04893	0.09947	0.01408	0.01257	0.00607	0.00502	0.00146	0.01930	0.00440	0.00341	0.02471
2	0.01125	0.20891	0.06227	0.07940	0.01430	0.01161	0.00869	0.05648	0.03546	0.03850	0.10617	0.10250	0.07484	0.02862	0.04438	0.00203	0.02947	0.02729	0.00378	0.05404
3	0.01527	0.01502	0.01469	0.01411	0.08239	0.27012	0.04254	0.01777	0.06059	0.09498	0.05810	0.08882	0.01375	0.00814	0.00815	0.02762	0.15201	0.00581	0.00363	0.00649
4	0.31483	0.00987	0.01091	0.04584	0.05812	0.04480	0.05655	0.03803	0.01099	0.01890	0.07074	0.05263	0.04912	0.13592	0.00829	0.00220	0.00498	0.00565	0.00356	0.05807
5	0.07436	0.59874	0.15298	0.01021	0.01521	0.04408	0.01077	0.01638	0.01099	0.01421	0.00785	0.00911	0.00680	0.00474	0.00376	0.00129	0.00612	0.00308	0.00238	0.00696
6	0.00980	0.00770	0.00905	0.06469	0.01175	0.00744	0.00639	0.12384	0.01402	0.01881	0.15029	0.09252	0.26010	0.03426	0.03046	0.00194	0.00412	0.00837	0.02415	0.12029
7	0.01353	0.07572	0.10456	0.01781	0.18261	0.12102	0.11587	0.08873	0.03237	0.01731	0.01243	0.09134	0.01116	0.00896	0.06246	0.00216	0.02591	0.00572	0.00318	0.00715
8	0.01450	0.07269	0.05127	0.04124	0.22978	0.16143	0.03425	0.03476	0.01261	0.09077	0.01324	0.07367	0.01207	0.07838	0.00762	0.00196	0.02968	0.02978	0.00337	0.00692
9	0.08998	0.00552	0.00665	0.00738	0.00819	0.00543	0.00523	0.00893	0.01072	0.01551	0.10544	0.49562	0.05489	0.07974	0.00816	0.00234	0.00348	0.07748	0.00477	0.00454
10	0.08794	0.34247	0.26190	0.01132	0.01630	0.10730	0.01206	0.01632	0.01111	0.01485	0.00838	0.01016	0.00694	0.00592	0.00539	0.06238	0.00668	0.00342	0.00244	0.00671
11	0.00738	0.00544	0.00738	0.00894	0.06318	0.00520	0.00550	0.00847	0.01047	0.01419	0.10422	0.52491	0.03215	0.16408	0.01052	0.00265	0.00368	0.01252	0.00459	0.00453
12	0.63448	0.15824	0.01147	0.00736	0.01068	0.01324	0.00625	0.01526	0.00937	0.02098	0.00816	0.01061	0.00700	0.06327	0.00508	0.00182	0.00452	0.00325	0.00313	0.00583
13	0.01243	0.01203	0.09447	0.01352	0.15715	0.00882	0.00978	0.01535	0.01166	0.07275	0.01050	0.01207	0.00832	0.00444	0.00445	0.00110	0.00488	0.00372	0.00324	0.53932
14	0.01137	0.07577	0.62283	0.01752	0.13408	0.01307	0.01866	0.01686	0.01144	0.01680	0.00956	0.01145	0.00706	0.00502	0.00503	0.00165	0.00756	0.00402	0.00233	0.00795
15	0.00749	0.00507	0.00595	0.00625	0.00633	0.00500	0.00368	0.00772	0.00842	0.01122	0.02004	0.22599	0.02346	0.61510	0.02227	0.00446	0.00469	0.00965	0.00368	0.00353
16	0.01328	0.01440	0.05517	0.17500	0.45274	0.09961	0.07968	0.01659	0.01227	0.01626	0.00983	0.01309	0.00796	0.00497	0.00535	0.00163	0.00720	0.00473	0.00260	0.00763
17	0.17510	0.05661	0.01457	0.01211	0.01531	0.48467	0.00944	0.13940	0.01550	0.01851	0.00885	0.00997	0.00706	0.00553	0.00458	0.00146	0.00786	0.00355	0.00327	0.00665
18	0.01686	0.00803	0.00974	0.00804	0.01096	0.00760	0.00647	0.10164	0.01462	0.35611	0.02259	0.02204	0.09828	0.00880	0.04041	0.00187	0.00435	0.00590	0.24846	0.00722
19	0.01329	0.01275	0.02179	0.03295	0.77787	0.01275	0.01647	0.01647	0.01222	0.01754	0.01010	0.01329	0.00850	0.00478	0.00531	0.00159	0.00638	0.00478	0.00266	0.00850
20	0.01001	0.00500	0.00500	0.00500	0.00625	0.00500	0.00375	0.01251	0.01126	0.02001	0.01751	0.02001	0.01376	0.00625	0.00375	0.00125	0.00250	0.00500	0.84115	0.00500
21	0.00654	0.00467	0.00623	0.00747	0.00779	0.00436	0.00498	0.00747	0.01028	0.01370	0.02959	0.80785	0.03550	0.01682	0.00685	0.00218	0.00311	0.01526	0.00498	0.00436
22	0.02005	0.02558	0.01521	0.01383	0.01659	0.78980	0.01037	0.02143	0.01521	0.01314	0.00830	0.00968	0.00691	0.00553	0.00484	0.00138	0.00968	0.00346	0.00277	0.00622
23	0.00654	0.00467	0.00623	0.00747	0.00779	0.00436	0.00498	0.00747	0.01028	0.01370	0.02959	0.80785	0.03550	0.01682	0.00685	0.00218	0.00311	0.01526	0.00498	0.00436
24	0.01117	0.00613	0.00625	0.00583	0.00742	0.00631	0.00447	0.09615	0.01282	0.02156	0.01699	0.01922	0.01324	0.00628	0.00393	0.00129	0.00288	0.00498	0.74762	0.00546
25	0.01077	0.02777	0.78354	0.01530	0.02323	0.01247	0.01983	0.01700	0.01133	0.01700	0.00963	0.01133	0.00680	0.00510	0.00510	0.00170	0.00793	0.00397	0.00227	0.00793
26	0.00654	0.00467	0.00623	0.00747	0.00779	0.00436	0.00498	0.00747	0.01028	0.01370	0.02959	0.80785	0.03550	0.01682	0.00685	0.00218	0.00311	0.01526	0.00498	0.00436
27	0.01189	0.01264	0.02366	0.16502	0.02505	0.01423	0.36925	0.01511	0.01082	0.01511	0.00934	0.01353	0.00759	0.00631	0.00993	0.00199	0.27398	0.00549	0.00253	0.00654
28	0.00654	0.00467	0.00623	0.00747	0.00779	0.00436	0.00498	0.00747	0.01028	0.01370	0.02959	0.80785	0.03550	0.01682	0.00685	0.00218	0.00311	0.01526	0.00498	0.00436
29	0.00638	0.00529	0.00559	0.00582	0.00735	0.00450	0.00425	0.00766	0.01187	0.01435	0.04974	0.19323	0.63711	0.01420	0.00644	0.00188	0.00279	0.01206	0.00498	0.00450
30	0.00654	0.00467	0.00623	0.00747	0.00779	0.00436	0.00498	0.00747	0.01028	0.01370	0.02959	0.80785	0.03550	0.01682	0.00685	0.00218	0.00311	0.01526	0.00498	0.00436
31	0.55843	0.01439	0.15443	0.00946	0.01380	0.01287	0.00915	0.13619	0.01215	0.02433	0.00875	0.00988	0.00653	0.00524	0.00399	0.00166	0.00514	0.00342	0.00346	0.00675
32	0.01435	0.81458	0.02813	0.00918	0.01378	0.02124	0.00918	0.01607	0.01091	0.01263	0.00746	0.00861	0.00689	0.00459	0.00344	0.00115	0.00574	0.00287	0.00230	0.00689
33	0.01220	0.01355	0.02876	0.16787	0.02972	0.01327	0.61918	0.01654	0.01231	0.01654	0.01061	0.01445	0.00796	0.00468	0.00615	0.00181	0.00870	0.00604	0.00265	0.00700
34	0.00677	0.00487	0.00646	0.00765	0.00813	0.00457	0.00535	0.00789	0.01060	0.01400	0.03057	0.69012	0.06836	0.01645	0.00689	0.00220	0.00330	0.09638	0.00498	0.00443
35	0.01014	0.00954	0.01610	0.79845	0.03697	0.01193	0.01491	0.01371	0.01073	0.01371	0.00954	0.01431	0.00716	0.00537	0.00537	0.00179	0.00716	0.00477	0.00239	0.00596
36	0.00730	0.00544	0.00689	0.00786	0.00848	0.00537	0.00538	0.00983	0.09509	0.01468	0.02872	0.71969	0.03336	0.01575	0.00670	0.00214	0.00324	0.01423	0.00504	0.00482
37	0.01304	0.01225	0.01676	0.01340	0.01648	0.04768	0.16649	0.08754	0.22017	0.01873	0.01375	0.01637	0.01119	0.05334	0.05245	0.00232	0.12938	0.00544	0.00375	0.09946
38	0.01462	0.01305	0.01544	0.01332	0.07030	0.08170	0.05686	0.23099	0.01572	0.02153	0.08557	0.01483	0.01232	0.00645	0.00704	0.00153	0.12822	0.00488	0.00385	0.20179
39	0.01520	0.01359	0.01708	0.02085	0.35101	0.09947	0.01234	0.14358	0.08219	0.05175	0.01321	0.01703	0.01098	0.00615	0.00535	0.00160	0.00612	0.06017	0.00375	0.06859
40	0.05790	0.01014	0.01607	0.65253	0.09015	0.01226	0.01425	0.05579	0.01157	0.01571	0.00965	0.01384	0.00729	0.00536	0.00525	0.00176	0.00686	0.00467	0.00263	0.00632
41	0.01862	0.01993	0.01476	0.01242	0.01595	0.44238	0.00964	0.22417	0.01729	0.01960	0.00978	0.01081	0.00770	0.00552	0.00484	0.00135	0.00766	0.00379	0.00356	0.15024
42	0.07725	0.19789	0.35530	0.01170	0.01760	0.01316	0.01318	0.01817	0.01181	0.16008	0.01114	0.01181	0.00805	0.00519	0.00457	0.00150	0.00624	0.00385	0.00324	0.06828
43	0.02613	0.08141	0.51405	0.01363	0.02005	0.06023	0.01592	0.01929	0.09576	0.08636	0.01176	0.01258	0.00845	0.00547	0.00500	0.00165	0.00711	0.00420	0.00307	0.00789
44	0.08345	0.00930	0.01212	0.00942	0.01347	0.00837	0.00776	0.02549	0.03973	0.70174	0.02021	0.01764	0.01285	0.00654	0.00525	0.00167	0.00453	0.00524	0.00636	0.00887
45	0.01187	0.01251	0.02351	0.01959	0.10077	0.01336	0.38262	0.01500	0.01132	0.01591	0.03121	0.04067	0.02855	0.00703	0.00950	0.00197	0.23460	0.03042	0.00288	0.00670

[dist]
# distance from previous block
# <min> <max>
0	2

[block]
# block no. 1 follows, 45 sequences, length 27
# corresponding to MSA columns:
# 69-95
name=unknown_B
#
# <colnr> <probs for GDERKNQSTAVLIFYWHMCP>
#	G	D	E	R	K	N	Q	S	T	A	V	L	I	F	Y	W	H	M	C	P
0	0.00740	0.00554	0.00615	0.00632	0.00795	0.00479	0.00476	0.00881	0.01207	0.05085	0.04667	0.17653	0.55877	0.01390	0.00647	0.00192	0.00304	0.06826	0.00506	0.00475
1	0.01340	0.01263	0.02111	0.08638	0.68912	0.01288	0.01607	0.05152	0.01273	0.01804	0.01019	0.01334	0.00844	0.00490	0.00532	0.00161	0.00641	0.00478	0.00277	0.00835
2	0.02034	0.01207	0.01393	0.01094	0.01491	0.01260	0.00895	0.36740	0.12155	0.30415	0.04420	0.01678	0.01310	0.00679	0.00543	0.00166	0.00508	0.00538	0.00587	0.00890
3	0.02010	0.01409	0.01533	0.01182	0.01590	0.01540	0.00969	0.66505	0.02361	0.09297	0.01375	0.01438	0.00996	0.04475	0.00642	0.00179	0.00577	0.00502	0.00537	0.00885
4	0.00879	0.00723	0.01009	0.00946	0.00994	0.00897	0.00727	0.01007	0.00833	0.01212	0.01299	0.02178	0.01310	0.20761	0.40950	0.00617	0.22309	0.00594	0.00282	0.00473
5	0.01310	0.50760	0.26366	0.01213	0.01783	0.01791	0.07051	0.01645	0.01118	0.01434	0.00840	0.00991	0.00696	0.00475	0.00418	0.00137	0.00668	0.00348	0.00232	0.00724
6	0.00767	0.00575	0.00863	0.00863	0.00959	0.00671	0.00671	0.00959	0.00863	0.01246	0.01438	0.02109	0.01342	0.04026	0.79008	0.00863	0.01438	0.00575	0.00288	0.00479
7	0.02285	0.01112	0.01368	0.01049	0.01469	0.01083	0.00867	0.27258	0.01868	0.53049	0.01839	0.01646	0.01189	0.00658	0.00539	0.00164	0.00502	0.00521	0.00622	0.00913
8	0.05743	0.01667	0.01392	0.01191	0.01514	0.27033	0.00936	0.25188	0.16523	0.04757	0.01327	0.01387	0.01015	0.00897	0.06835	0.00215	0.00738	0.00462	0.00427	0.00754
9	0.01134	0.01077	0.01828	0.50518	0.32081	0.01224	0.01551	0.01477	0.01130	0.01518	0.00975	0.01392	0.00767	0.00514	0.00535	0.00171	0.00686	0.00478	0.00249	0.00694
10	0.00781	0.00520	0.00585	0.00585	0.00585	0.00520	0.00325	0.00781	0.00781	0.01041	0.01691	0.03513	0.01952	0.81135	0.02732	0.00520	0.00520	0.00781	0.00325	0.00325
11	0.27115	0.00995	0.01136	0.00901	0.01293	0.00979	0.00744	0.07762	0.01423	0.49892	0.01645	0.01501	0.01074	0.00613	0.00477	0.00166	0.00454	0.00461	0.00555	0.00814
12	0.01258	0.01087	0.01584	0.02111	0.40490	0.01106	0.01172	0.01824	0.19415	0.06072	0.02197	0.02249	0.15672	0.00717	0.00555	0.00169	0.00507	0.00637	0.00400	0.00778
13	0.00675	0.00523	0.00621	0.00689	0.00802	0.00470	0.00509	0.00810	0.01146	0.01440	0.04068	0.35849	0.37103	0.01507	0.00670	0.00205	0.00319	0.11643	0.00498	0.00452
14	0.01263	0.01186	0.01909	0.12610	0.54536	0.01241	0.01470	0.01748	0.11909	0.01760	0.01245	0.04542	0.01050	0.00568	0.00540	0.00167	0.00605	0.00537	0.00311	0.00802
15	0.01436	0.01528	0.01161	0.01065	0.01279	0.33960	0.00799	0.04056	0.13910	0.01652	0.12117	0.01969	0.01685	0.08048	0.08795	0.00258	0.00740	0.00551	0.04385	0.00606
16	0.01014	0.00954	0.01610	0.79845	0.03697	0.01193	0.01491	0.01371	0.01073	0.01371	0.00954	0.01431	0.00716	0.00537	0.00537	0.00179	0.00716	0.00477	0.00239	0.00596
17	0.01987	0.01695	0.01468	0.01217	0.01578	0.25983	0.00965	0.30629	0.12579	0.14382	0.01401	0.01373	0.01011	0.00631	0.00522	0.00158	0.00666	0.00466	0.00476	0.00812
18	0.01963	0.01121	0.01317	0.01031	0.01407	0.01138	0.00843	0.35668	0.01970	0.31541	0.11450	0.01990	0.04594	0.00737	0.00554	0.00165	0.00485	0.00592	0.00591	0.00844
19	0.00672	0.00545	0.00596	0.00583	0.00748	0.00469	0.00437	0.00843	0.01312	0.01661	0.27039	0.04819	0.55836	0.01281	0.00634	0.00178	0.00266	0.01084	0.00526	0.00469
20	0.00766	0.00556	0.00727	0.00705	0.00834	0.00517	0.00543	0.01014	0.01474	0.02059	0.65820	0.04294	0.08045	0.01153	0.00645	0.00178	0.00282	0.09310	0.00576	0.00503
21	0.01261	0.57509	0.13173	0.00978	0.01417	0.01733	0.01003	0.01485	0.01087	0.01342	0.01127	0.13529	0.01140	0.00660	0.00422	0.00139	0.00564	0.00498	0.00272	0.00664
22	0.00660	0.00526	0.00592	0.00615	0.00751	0.00458	0.00446	0.00805	0.01225	0.01546	0.16717	0.23394	0.47584	0.01395	0.00647	0.00188	0.00278	0.01202	0.00514	0.00458
23	0.01014	0.00954	0.01610	0.79845	0.03697	0.01193	0.01491	0.01371	0.01073	0.01371	0.00954	0.01431	0.00716	0.00537	0.00537	0.00179	0.00716	0.00477	0.00239	0.00596
24	0.05336	0.01557	0.13559	0.01486	0.12383	0.08261	0.01151	0.04519	0.41635	0.02047	0.01610	0.01603	0.01219	0.00629	0.00522	0.00172	0.00566	0.00513	0.00421	0.00810
25	0.01813	0.01763	0.01425	0.01244	0.01507	0.37177	0.00969	0.05678	0.13419	0.13688	0.01256	0.01334	0.00963	0.00699	0.00737	0.02807	0.11990	0.00446	0.00386	0.00701
26	0.00670	0.00497	0.00653	0.03212	0.00875	0.00468	0.00531	0.00783	0.01061	0.01389	0.03198	0.66303	0.12584	0.01599	0.00676	0.00213	0.00326	0.04026	0.00490	0.00445

[dist]
# distance from previous block
# <min> <max>
0	2

[block]
# block no. 2 follows, 45 sequences, length 52
# corresponding to MSA columns:
# 98,100-150
name=unknown_C
#
# <colnr> <probs for GDERKNQSTAVLIFYWHMCP>
#	G	D	E	R	K	N	Q	S	T	A	V	L	I	F	Y	W	H	M	C	P
0	0.01074	0.13703	0.30723	0.01083	0.01550	0.06919	0.01166	0.01495	0.06367	0.01559	0.02384	0.04770	0.23485	0.00807	0.00528	0.00165	0.00580	0.00642	0.00341	0.00658
1	0.72966	0.01064	0.00922	0.00925	0.06783	0.01218	0.00679	0.01670	0.06139	0.02348	0.00866	0.00984	0.00674	0.00513	0.00362	0.00167	0.00432	0.00326	0.00342	0.00620
2	0.04593	0.32501	0.25248	0.01275	0.06870	0.01571	0.01252	0.10756	0.01281	0.01765	0.01038	0.04969	0.00883	0.00565	0.00448	0.00148	0.00617	0.00425	0.03059	0.00736
3	0.00654	0.00467	0.00623	0.00747	0.00779	0.00436	0.00498	0.00747	0.01028	0.01370	0.02959	0.80785	0.03550	0.01682	0.00685	0.00218	0.00311	0.01526	0.00498	0.00436
4	0.01155	0.01164	0.01784	0.01479	0.01558	0.01530	0.10998	0.01322	0.00884	0.01345	0.00812	0.01284	0.00769	0.01117	0.07660	0.00277	0.63521	0.00500	0.00244	0.00597
5	0.01131	0.02395	0.56733	0.01741	0.02462	0.01279	0.23221	0.01706	0.01172	0.01706	0.00999	0.01224	0.00719	0.00493	0.00545	0.00173	0.00825	0.00465	0.00240	0.00773
6	0.00773	0.00549	0.00730	0.00730	0.00781	0.00599	0.00506	0.00874	0.00824	0.01148	0.01559	0.02779	0.01633	0.40824	0.42608	0.00699	0.01000	0.00673	0.00306	0.00406
7	0.01077	0.02777	0.78354	0.01530	0.02323	0.01247	0.01983	0.01700	0.01133	0.01700	0.00963	0.01133	0.00680	0.00510	0.00510	0.00170	0.00793	0.00397	0.00227	0.00793
8	0.00693	0.00552	0.00633	0.00679	0.00827	0.00491	0.00531	0.00851	0.01201	0.01478	0.04477	0.15373	0.49608	0.01432	0.00667	0.00202	0.00331	0.19016	0.00497	0.00461
9	0.02381	0.00958	0.01273	0.00976	0.01392	0.00854	0.00806	0.08085	0.01610	0.72585	0.02056	0.01787	0.01298	0.00663	0.00540	0.00166	0.00467	0.00536	0.00655	0.00913
10	0.01277	0.00995	0.01397	0.01195	0.01468	0.01027	0.12483	0.24583	0.01608	0.02178	0.02017	0.13418	0.01988	0.01023	0.00626	0.00197	0.00546	0.24612	0.06706	0.00654
11	0.00657	0.00472	0.00624	0.00738	0.00778	0.00439	0.00496	0.00757	0.01051	0.01400	0.05606	0.75643	0.06049	0.01651	0.00682	0.00215	0.00308	0.01494	0.00501	0.00439
12	0.00760	0.00549	0.00718	0.00675	0.00802	0.00506	0.00506	0.01013	0.01519	0.02153	0.77503	0.04010	0.05065	0.01097	0.00633	0.00169	0.00253	0.00971	0.00591	0.00506
13	0.01987	0.05075	0.01562	0.01368	0.01650	0.76528	0.01033	0.02126	0.01507	0.01312	0.00827	0.00965	0.00691	0.00550	0.00480	0.00138	0.00955	0.00344	0.00275	0.00624
14	0.00653	0.00471	0.00619	0.00737	0.00776	0.00437	0.00494	0.00749	0.01038	0.01374	0.03088	0.76840	0.07412	0.01665	0.00682	0.00216	0.00309	0.01505	0.00498	0.00437
15	0.00654	0.00467	0.00623	0.00747	0.00779	0.00436	0.00498	0.00747	0.01028	0.01370	0.02959	0.80785	0.03550	0.01682	0.00685	0.00218	0.00311	0.01526	0.00498	0.00436
16	0.01113	0.00954	0.01113	0.00795	0.01272	0.00716	0.00636	0.01352	0.01113	0.01749	0.00954	0.01113	0.00795	0.00398	0.00398	0.00080	0.00398	0.00318	0.00318	0.84417
17	0.01253	0.01199	0.02043	0.21543	0.60125	0.01256	0.01610	0.01582	0.01187	0.01663	0.00996	0.01353	0.00818	0.00492	0.00533	0.00164	0.00656	0.00478	0.00259	0.00790
18	0.01617	0.01293	0.01372	0.01149	0.01503	0.01467	0.00918	0.32080	0.47131	0.02700	0.01827	0.01717	0.01349	0.00695	0.00543	0.00174	0.00491	0.00557	0.00543	0.00875
19	0.00921	0.00697	0.00832	0.00719	0.00967	0.00598	0.00550	0.01190	0.04672	0.04988	0.30616	0.08723	0.17286	0.00960	0.00564	0.00150	0.00317	0.00825	0.00492	0.23934
20	0.01229	0.46228	0.08122	0.01163	0.01580	0.01602	0.13829	0.01469	0.01112	0.01395	0.01246	0.16315	0.01259	0.00696	0.00472	0.00150	0.00597	0.00593	0.00288	0.00654
21	0.01077	0.02777	0.78354	0.01530	0.02323	0.01247	0.01983	0.01700	0.01133	0.01700	0.00963	0.01133	0.00680	0.00510	0.00510	0.00170	0.00793	0.00397	0.00227	0.00793
22	0.02328	0.00931	0.01243	0.00965	0.01372	0.00830	0.00793	0.02634	0.07147	0.72500	0.02123	0.01840	0.01352	0.00669	0.00540	0.00167	0.00454	0.00545	0.00656	0.00909
23	0.01227	0.01165	0.01943	0.28077	0.49705	0.01252	0.01555	0.01621	0.05117	0.01655	0.01053	0.01397	0.00848	0.00510	0.00534	0.00167	0.00652	0.00485	0.00271	0.00768
24	0.01759	0.00988	0.01235	0.01013	0.01328	0.01024	0.00823	0.25021	0.01626	0.29764	0.01637	0.01750	0.01203	0.01751	0.26059	0.00391	0.00818	0.00534	0.00502	0.00772
25	0.00755	0.00574	0.00748	0.00793	0.00812	0.00617	0.00543	0.00828	0.00937	0.01275	0.02335	0.50401	0.02763	0.22012	0.01354	0.00298	0.10913	0.01195	0.00419	0.00428
26	0.00634	0.00544	0.00544	0.00544	0.00725	0.00453	0.00408	0.00770	0.01224	0.01450	0.05438	0.05166	0.77569	0.01359	0.00634	0.00181	0.00272	0.01133	0.00498	0.00453
27	0.01113	0.00954	0.01113	0.00795	0.01272	0.00716	0.00636	0.01352	0.01113	0.01749	0.00954	0.01113	0.00795	0.00398	0.00398	0.00080	0.00398	0.00318	0.00318	0.84417
28	0.01968	0.01467	0.01570	0.01220	0.01637	0.01631	0.01003	0.68442	0.10198	0.03266	0.01381	0.01363	0.00988	0.00653	0.00538	0.00163	0.00574	0.00496	0.00538	0.00906
29	0.00653	0.00470	0.00620	0.00739	0.00776	0.00437	0.00495	0.00748	0.01035	0.01373	0.03055	0.77840	0.06433	0.01669	0.00683	0.00217	0.00310	0.01511	0.00498	0.00437
30	0.01313	0.00985	0.00952	0.00832	0.01087	0.08858	0.00653	0.16485	0.01528	0.10570	0.03188	0.03189	0.33930	0.01008	0.00619	0.03066	0.00441	0.02839	0.07843	0.00614
31	0.01014	0.00954	0.01610	0.79845	0.03697	0.01193	0.01491	0.01371	0.01073	0.01371	0.00954	0.01431	0.00716	0.00537	0.00537	0.00179	0.00716	0.00477	0.00239	0.00596
32	0.00650	0.00484	0.00605	0.00703	0.00767	0.00440	0.00478	0.00752	0.01071	0.01388	0.03504	0.64158	0.19825	0.01611	0.00674	0.00210	0.00303	0.01440	0.00498	0.00440
33	0.03065	0.01441	0.01317	0.01029	0.01448	0.18127	0.00816	0.19632	0.01541	0.02062	0.01004	0.01119	0.00797	0.00493	0.00449	0.00114	0.00570	0.00364	0.00362	0.44248
34	0.05501	0.43666	0.11079	0.01009	0.01462	0.06927	0.00987	0.03791	0.01202	0.09567	0.01064	0.05198	0.00912	0.00561	0.00419	0.00136	0.00584	0.00403	0.00311	0.05223
35	0.01328	0.22109	0.33993	0.04229	0.01823	0.01313	0.01320	0.01713	0.01191	0.11705	0.05052	0.01315	0.01010	0.00538	0.00468	0.00146	0.00621	0.00413	0.00314	0.09398
36	0.01138	0.01175	0.07220	0.39272	0.06296	0.01263	0.01298	0.01851	0.24434	0.01680	0.01395	0.01625	0.02293	0.00632	0.00623	0.00182	0.06065	0.00522	0.00338	0.00699
37	0.00646	0.00497	0.00592	0.00669	0.00758	0.00443	0.00463	0.00756	0.01104	0.01401	0.03919	0.51505	0.32211	0.01557	0.00666	0.00204	0.00296	0.01374	0.00498	0.00443
38	0.01641	0.09612	0.12795	0.01406	0.01796	0.34011	0.08874	0.11639	0.01483	0.01711	0.03906	0.01206	0.00903	0.00587	0.00590	0.00156	0.06251	0.00428	0.00308	0.00695
39	0.01470	0.04118	0.06329	0.35192	0.04590	0.03664	0.04208	0.29886	0.01655	0.02176	0.01078	0.01324	0.00794	0.00569	0.00531	0.00168	0.00680	0.00470	0.00354	0.00744
40	0.00648	0.00546	0.00562	0.00563	0.00740	0.00461	0.00426	0.00793	0.01239	0.01491	0.09122	0.05131	0.71635	0.01349	0.00637	0.00183	0.00277	0.03234	0.00503	0.00457
41	0.00650	0.00483	0.00607	0.00707	0.00768	0.00439	0.00480	0.00752	0.01067	0.01386	0.03456	0.65612	0.18402	0.01617	0.00675	0.00211	0.00303	0.01447	0.00498	0.00439
42	0.01248	0.24070	0.46555	0.01256	0.01886	0.01401	0.01498	0.01687	0.01168	0.07286	0.03766	0.01347	0.03516	0.00557	0.00475	0.00155	0.00672	0.00422	0.00282	0.00752
43	0.01045	0.00984	0.01171	0.01101	0.01173	0.06422	0.00852	0.01339	0.10991	0.01451	0.01809	0.33081	0.01964	0.01182	0.01083	0.00215	0.32289	0.00901	0.00384	0.00564
44	0.00654	0.00467	0.00623	0.00747	0.00779	0.00436	0.00498	0.00747	0.01028	0.01370	0.02959	0.80785	0.03550	0.01682	0.00685	0.00218	0.00311	0.01526	0.00498	0.00436
45	0.00933	0.02050	0.53047	0.01209	0.01803	0.00989	0.01471	0.01398	0.01163	0.01619	0.02419	0.02445	0.25687	0.00786	0.00550	0.00174	0.00624	0.00636	0.00315	0.00683
46	0.06271	0.01210	0.01315	0.01070	0.01410	0.01315	0.00880	0.50307	0.02101	0.02882	0.11704	0.02320	0.05667	0.00820	0.00565	0.00172	0.00510	0.08182	0.00526	0.00774
47	0.00829	0.00645	0.00895	0.00861	0.00916	0.00767	0.00644	0.00955	0.00833	0.01194	0.01406	0.02379	0.01426	0.25758	0.46022	0.00674	0.12436	0.00619	0.00291	0.00450
48	0.01111	0.01054	0.01787	0.56073	0.26705	0.01218	0.01539	0.01457	0.01120	0.01490	0.00971	0.01399	0.00757	0.00519	0.00535	0.00173	0.00691	0.00477	0.00247	0.00675
49	0.00912	0.00665	0.00828	0.00836	0.00997	0.00660	0.00670	0.01319	0.12136	0.04474	0.26796	0.09203	0.12198	0.01222	0.00656	0.00201	0.00369	0.24765	0.00539	0.00555
50	0.01006	0.00961	0.01650	0.01362	0.01539	0.01118	0.19166	0.01240	0.00950	0.01375	0.01141	0.01679	0.01030	0.02266	0.37662	0.00516	0.23943	0.00559	0.00268	0.00570
51	0.01721	0.00989	0.01188	0.00957	0.01279	0.00991	0.00772	0.25233	0.04330	0.27360	0.26377	0.02373	0.02423	0.00801	0.00569	0.00166	0.00432	0.00664	0.00596	0.00779

[dist]
# distance from previous block
# <min> <max>
0	983

# created by:
# /home/cegg/simao/soft/augustus-3.2.1/scripts/msa2prfl.pl ./align_prep/29816.fa
