[name]
unknown

[dist]
# distance from previous block
# <min> <max>
0	136

[block]
# block no. 0 follows, 52 sequences, length 104
# corresponding to MSA columns:
# 136-239
name=unknown_A
#
# <colnr> <probs for GDERKNQSTAVLIFYWHMCP>
#	G	D	E	R	K	N	Q	S	T	A	V	L	I	F	Y	W	H	M	C	P
0	0.01536	0.04354	0.01335	0.01341	0.16408	0.08055	0.00920	0.09241	0.09145	0.25034	0.01588	0.02046	0.01287	0.00672	0.00502	0.00156	0.00502	0.13042	0.00430	0.02403
1	0.12391	0.34131	0.07465	0.00904	0.01300	0.05981	0.00843	0.08288	0.06412	0.13203	0.01012	0.01042	0.00773	0.00483	0.00383	0.00128	0.00505	0.00339	0.00326	0.04090
2	0.01331	0.01340	0.07297	0.01476	0.01928	0.08874	0.37478	0.04707	0.01208	0.11694	0.01054	0.01226	0.00776	0.00443	0.00496	0.00139	0.00664	0.00461	0.00306	0.17102
3	0.00714	0.00472	0.00537	0.00536	0.00555	0.00472	0.00317	0.00748	0.00764	0.01054	0.04715	0.03079	0.03527	0.69182	0.05357	0.00439	0.00472	0.00694	0.06047	0.00319
4	0.01420	0.01136	0.01210	0.01019	0.01328	0.01285	0.00812	0.30470	0.47626	0.02403	0.04775	0.01642	0.01361	0.00643	0.00493	0.00157	0.00433	0.00520	0.00492	0.00776
5	0.00623	0.00478	0.00571	0.00580	0.00694	0.00426	0.00423	0.00781	0.01176	0.01555	0.35262	0.21409	0.31883	0.01194	0.00582	0.00166	0.00246	0.01041	0.00484	0.00426
6	0.00915	0.00861	0.01453	0.81804	0.03338	0.01077	0.01346	0.01238	0.00969	0.01238	0.00861	0.01292	0.00646	0.00484	0.00484	0.00161	0.00646	0.00431	0.00215	0.00538
7	0.00653	0.00490	0.00589	0.00577	0.00690	0.00444	0.00422	0.00819	0.01195	0.01604	0.43737	0.07513	0.26356	0.09763	0.00777	0.00193	0.00267	0.03011	0.00477	0.00423
8	0.01112	0.01020	0.01668	0.36682	0.39414	0.01123	0.01355	0.06538	0.01122	0.01540	0.00926	0.01254	0.00733	0.00468	0.00478	0.00151	0.00593	0.00432	0.02727	0.00664
9	0.01202	0.01181	0.01981	0.06034	0.70273	0.03351	0.05869	0.01493	0.01108	0.01557	0.00909	0.01200	0.00757	0.00434	0.00484	0.00145	0.00601	0.00436	0.00239	0.00746
10	0.00665	0.00466	0.00598	0.00634	0.00663	0.00477	0.00416	0.00733	0.00794	0.01078	0.01841	0.28394	0.02097	0.38337	0.20180	0.00454	0.00602	0.00878	0.00336	0.00358
11	0.00808	0.00659	0.01024	0.01266	0.16410	0.00643	0.04301	0.01001	0.01049	0.01403	0.02265	0.31418	0.04336	0.01179	0.00608	0.00194	0.00426	0.30117	0.00398	0.00499
12	0.01558	0.01332	0.01343	0.01106	0.01435	0.10156	0.03235	0.36674	0.33425	0.02383	0.01442	0.01398	0.01066	0.00598	0.00486	0.00151	0.00519	0.00472	0.00455	0.00767
13	0.01810	0.02310	0.01373	0.01248	0.01498	0.81024	0.00936	0.01935	0.01373	0.01186	0.00749	0.00874	0.00624	0.00499	0.00437	0.00125	0.00874	0.00312	0.00250	0.00562
14	0.01084	0.00859	0.01013	0.00727	0.01154	0.00650	0.00584	0.01297	0.01031	0.06872	0.00932	0.01048	0.00750	0.00375	0.00368	0.00077	0.00362	0.00301	0.00308	0.80208
15	0.00592	0.00426	0.00561	0.00666	0.00701	0.00396	0.00447	0.00681	0.00945	0.01255	0.04449	0.77807	0.06290	0.01495	0.00616	0.00195	0.00279	0.01352	0.00452	0.00396
16	0.00590	0.00422	0.00562	0.00675	0.00703	0.00394	0.00450	0.00675	0.00928	0.01237	0.02671	0.82653	0.03205	0.01518	0.00619	0.00197	0.00281	0.01378	0.00450	0.00394
17	0.01329	0.01170	0.02018	0.19577	0.05451	0.02924	0.33722	0.15059	0.01329	0.09460	0.01080	0.01307	0.00784	0.00480	0.00518	0.00156	0.00671	0.00495	0.01794	0.00674
18	0.00915	0.00861	0.01453	0.81804	0.03338	0.01077	0.01346	0.01238	0.00969	0.01238	0.00861	0.01292	0.00646	0.00484	0.00484	0.00161	0.00646	0.00431	0.00215	0.00538
19	0.01185	0.01137	0.01941	0.06976	0.76058	0.01148	0.01480	0.01475	0.01097	0.01566	0.00909	0.01204	0.00761	0.00434	0.00480	0.00145	0.00579	0.00432	0.00239	0.00756
20	0.01144	0.01307	0.02859	0.02042	0.02533	0.01225	0.78186	0.01552	0.01144	0.01552	0.00980	0.01307	0.00735	0.00408	0.00572	0.00163	0.00817	0.00572	0.00245	0.00654
21	0.00711	0.00481	0.00567	0.00589	0.00606	0.00479	0.00372	0.00747	0.00775	0.01028	0.01732	0.07111	0.01978	0.67255	0.02118	0.00421	0.00458	0.11926	0.00323	0.00321
22	0.12298	0.00708	0.00825	0.00710	0.00938	0.00704	0.00561	0.07982	0.01211	0.25664	0.09212	0.07178	0.01541	0.00865	0.04364	0.04060	0.00392	0.00543	0.19655	0.00591
23	0.00635	0.00468	0.00595	0.00624	0.00713	0.00429	0.00450	0.00793	0.01156	0.01566	0.37036	0.33790	0.15399	0.01236	0.00592	0.00173	0.00257	0.03175	0.00487	0.00426
24	0.01111	0.37306	0.46881	0.01143	0.01730	0.01467	0.01376	0.01499	0.01007	0.01365	0.00785	0.00917	0.00617	0.00441	0.00396	0.00132	0.00631	0.00315	0.00206	0.00676
25	0.00626	0.00484	0.00570	0.00568	0.00692	0.00429	0.00418	0.00791	0.01201	0.01583	0.38018	0.14219	0.36341	0.01159	0.00578	0.00163	0.00243	0.01003	0.00487	0.00429
26	0.00672	0.00494	0.00612	0.00679	0.00750	0.00470	0.00470	0.05901	0.01043	0.01369	0.02879	0.66401	0.13616	0.01415	0.00603	0.00189	0.00293	0.01265	0.00452	0.00425
27	0.01060	0.01060	0.01484	0.01272	0.01272	0.01484	0.01060	0.01166	0.00742	0.01166	0.00636	0.01060	0.00636	0.00848	0.01590	0.00212	0.82082	0.00424	0.00212	0.00530
28	0.00925	0.00777	0.00920	0.00709	0.01063	0.00597	0.00550	0.01115	0.00990	0.01513	0.01210	0.16730	0.01197	0.00582	0.00409	0.00096	0.00344	0.00497	0.00318	0.69457
29	0.41659	0.01508	0.01075	0.00939	0.01235	0.30395	0.00740	0.14158	0.01263	0.01956	0.00782	0.00880	0.00610	0.00489	0.00380	0.00140	0.00583	0.00309	0.00312	0.00587
30	0.01055	0.00954	0.01507	0.43249	0.24738	0.01074	0.01250	0.08915	0.01144	0.01521	0.01220	0.04606	0.05580	0.00564	0.00494	0.00156	0.00576	0.00504	0.00272	0.00619
31	0.51728	0.00953	0.00914	0.00753	0.01087	0.01021	0.00620	0.10418	0.01142	0.22292	0.01055	0.01060	0.00740	0.00500	0.00371	0.00146	0.00402	0.00341	0.00397	0.04060
32	0.09967	0.01596	0.01246	0.01071	0.01365	0.32408	0.00838	0.24489	0.15303	0.02007	0.01113	0.01153	0.00849	0.00549	0.00444	0.00140	0.00612	0.00391	0.03791	0.00667
33	0.00673	0.00495	0.00630	0.00596	0.00716	0.00452	0.00447	0.00890	0.01341	0.01871	0.71157	0.03739	0.13151	0.01018	0.00572	0.00154	0.00231	0.00893	0.00524	0.00452
34	0.01789	0.01319	0.01391	0.01070	0.01455	0.04567	0.00878	0.63773	0.02075	0.07708	0.01168	0.01169	0.00830	0.00560	0.00472	0.00138	0.00524	0.00422	0.00465	0.08227
35	0.01138	0.01089	0.01856	0.19948	0.63451	0.01135	0.01457	0.01434	0.01074	0.01509	0.00901	0.01219	0.00741	0.00443	0.00481	0.00148	0.00591	0.00432	0.00235	0.00718
36	0.01316	0.01327	0.10148	0.02165	0.46050	0.05155	0.01297	0.09224	0.07823	0.06674	0.03364	0.01310	0.00947	0.00499	0.00480	0.00146	0.00565	0.00444	0.00313	0.00752
37	0.01160	0.32425	0.43003	0.01222	0.04861	0.01447	0.01362	0.06667	0.01096	0.01492	0.00818	0.00948	0.00637	0.00450	0.00407	0.00134	0.00625	0.00329	0.00226	0.00690
38	0.00616	0.00447	0.00581	0.00644	0.00705	0.00412	0.00446	0.00742	0.01062	0.01437	0.24066	0.55608	0.08731	0.01353	0.00602	0.00182	0.00264	0.01216	0.00473	0.00412
39	0.01069	0.01045	0.01873	0.16568	0.41174	0.01062	0.16099	0.01375	0.01114	0.01543	0.08838	0.01578	0.03437	0.00515	0.00510	0.00152	0.00591	0.00520	0.00272	0.00663
40	0.01103	0.09335	0.54055	0.01430	0.02056	0.01191	0.16357	0.01578	0.01064	0.06023	0.00933	0.01092	0.00672	0.00454	0.00470	0.00151	0.00701	0.00398	0.00235	0.00702
41	0.01044	0.01008	0.01754	0.44840	0.33993	0.01117	0.06571	0.01359	0.01035	0.01398	0.00889	0.01256	0.00701	0.00458	0.00488	0.00155	0.00629	0.00441	0.00227	0.00638
42	0.00585	0.00441	0.00542	0.00623	0.00689	0.00398	0.00427	0.00681	0.00978	0.01257	0.03302	0.60680	0.24771	0.01436	0.00606	0.00187	0.00271	0.01278	0.00450	0.00398
43	0.01974	0.00812	0.01091	0.00875	0.01216	0.00726	0.00727	0.03933	0.03632	0.66934	0.01974	0.02094	0.01387	0.00688	0.00509	0.00159	0.00418	0.09497	0.00576	0.00778
44	0.01174	0.01166	0.02112	0.06901	0.61046	0.01162	0.16252	0.01487	0.01104	0.01559	0.00922	0.01225	0.00755	0.00430	0.00498	0.00149	0.00626	0.00459	0.00240	0.00734
45	0.00951	0.00959	0.01902	0.01487	0.01805	0.00905	0.43983	0.01257	0.01112	0.01477	0.01848	0.10653	0.06858	0.00829	0.00603	0.00183	0.00624	0.21675	0.00334	0.00554
46	0.00699	0.00492	0.00639	0.00639	0.00677	0.00530	0.00431	0.00776	0.00737	0.01021	0.01426	0.02612	0.01519	0.47975	0.37129	0.00606	0.00835	0.00623	0.00279	0.00355
47	0.01163	0.01114	0.01901	0.13101	0.70105	0.01142	0.01469	0.01455	0.01086	0.01539	0.00905	0.01211	0.00752	0.00439	0.00480	0.00146	0.00585	0.00432	0.00237	0.00738
48	0.00645	0.00474	0.00604	0.00613	0.00709	0.00434	0.00444	0.00821	0.01216	0.01669	0.49044	0.25551	0.13648	0.01166	0.00585	0.00166	0.00245	0.01033	0.00500	0.00434
49	0.03451	0.01577	0.01773	0.01682	0.17190	0.27527	0.16824	0.15414	0.01406	0.03359	0.00930	0.01099	0.00725	0.00477	0.00476	0.00139	0.00698	0.00413	0.00299	0.04541
50	0.01422	0.63421	0.02254	0.00932	0.01306	0.21305	0.00855	0.01570	0.01080	0.01151	0.00692	0.00801	0.00622	0.00435	0.00342	0.00109	0.00605	0.00272	0.00218	0.00607
51	0.01120	0.00798	0.00958	0.00763	0.01074	0.00700	0.00612	0.10746	0.01308	0.09567	0.22859	0.02109	0.01981	0.00650	0.00467	0.00121	0.00356	0.05626	0.00421	0.37765
52	0.02830	0.01525	0.01749	0.17382	0.25910	0.29622	0.11099	0.01606	0.01174	0.01381	0.00849	0.01108	0.00685	0.00463	0.00474	0.00143	0.00723	0.00404	0.00240	0.00631
53	0.01199	0.00918	0.01013	0.00981	0.06381	0.01021	0.00711	0.11813	0.41278	0.02065	0.01683	0.01684	0.01278	0.00606	0.00446	0.00146	0.00370	0.00498	0.25226	0.00683
54	0.00613	0.00492	0.00548	0.00548	0.00690	0.00427	0.00413	0.00766	0.01169	0.01482	0.24822	0.07950	0.52890	0.01181	0.00578	0.00165	0.00251	0.04120	0.00472	0.00423
55	0.00663	0.00494	0.00617	0.00586	0.00710	0.00448	0.00440	0.00871	0.01319	0.01818	0.64886	0.03827	0.19456	0.01038	0.00572	0.00155	0.00232	0.00905	0.00517	0.00448
56	0.00617	0.00445	0.00583	0.00649	0.00707	0.00412	0.00448	0.00743	0.01060	0.01439	0.24467	0.57073	0.06840	0.01357	0.00603	0.00183	0.00265	0.01221	0.00473	0.00412
57	0.17219	0.00567	0.00574	0.00553	0.00625	0.00593	0.00349	0.00899	0.00757	0.02986	0.01374	0.02617	0.01488	0.61534	0.01909	0.00385	0.00439	0.00603	0.04170	0.00357
58	0.64337	0.06654	0.00921	0.00732	0.01024	0.12888	0.00597	0.01488	0.00925	0.01942	0.00727	0.00846	0.00578	0.00460	0.00323	0.00141	0.00451	0.00278	0.04154	0.00533
59	0.00661	0.00453	0.00539	0.00579	0.00594	0.00441	0.00351	0.00694	0.00795	0.01055	0.02030	0.31241	0.04562	0.51847	0.01759	0.00365	0.00397	0.00951	0.00353	0.00332
60	0.01361	0.01124	0.01798	0.06120	0.59616	0.01137	0.01336	0.09627	0.01252	0.10356	0.01045	0.01249	0.00815	0.00468	0.00481	0.00146	0.00557	0.00438	0.00304	0.00769
61	0.01284	0.01025	0.01100	0.00968	0.01250	0.01160	0.00759	0.08028	0.64978	0.06819	0.04715	0.01853	0.02535	0.00668	0.00496	0.00162	0.00389	0.00554	0.00500	0.00759
62	0.01304	0.00649	0.00912	0.00918	0.06271	0.00598	0.00644	0.01454	0.01118	0.34376	0.02109	0.35839	0.02018	0.01254	0.07914	0.00227	0.00449	0.00862	0.00481	0.00603
63	0.00705	0.00470	0.00529	0.00529	0.00529	0.00470	0.00294	0.00705	0.00705	0.00940	0.01527	0.03171	0.01762	0.82969	0.02467	0.00470	0.00470	0.00705	0.00294	0.00294
64	0.86392	0.00937	0.00712	0.00637	0.00937	0.01087	0.00525	0.01425	0.00825	0.02174	0.00675	0.00787	0.00525	0.00450	0.00300	0.00150	0.00375	0.00262	0.00300	0.00525
65	0.86392	0.00937	0.00712	0.00637	0.00937	0.01087	0.00525	0.01425	0.00825	0.02174	0.00675	0.00787	0.00525	0.00450	0.00300	0.00150	0.00375	0.00262	0.00300	0.00525
66	0.82576	0.00932	0.00731	0.00647	0.00951	0.01070	0.00533	0.01467	0.00850	0.05714	0.00731	0.00826	0.00555	0.00457	0.00308	0.00150	0.00377	0.00273	0.00313	0.00538
67	0.00889	0.00812	0.01323	0.62523	0.03915	0.00989	0.01201	0.01182	0.01006	0.01309	0.06410	0.01903	0.03050	0.00629	0.00554	0.00168	0.03897	0.07453	0.00264	0.00524
68	0.01624	0.01249	0.01331	0.01071	0.01420	0.01401	0.00868	0.52340	0.28625	0.02702	0.01441	0.01385	0.01049	0.00608	0.00488	0.00152	0.00482	0.00475	0.00488	0.00805
69	0.01327	0.01132	0.01538	0.17158	0.23437	0.01273	0.01143	0.24444	0.14425	0.02000	0.01135	0.01299	0.00871	0.00552	0.00559	0.00156	0.06026	0.00452	0.00348	0.00724
70	0.86392	0.00937	0.00712	0.00637	0.00937	0.01087	0.00525	0.01425	0.00825	0.02174	0.00675	0.00787	0.00525	0.00450	0.00300	0.00150	0.00375	0.00262	0.00300	0.00525
71	0.00788	0.00636	0.01000	0.00843	0.00945	0.00628	0.15324	0.00883	0.00796	0.01075	0.01401	0.02696	0.01514	0.59808	0.09293	0.00439	0.00612	0.00662	0.00281	0.00376
72	0.46624	0.00829	0.00806	0.00682	0.00978	0.00872	0.00557	0.01681	0.01034	0.27197	0.01207	0.01216	0.00848	0.00515	0.00366	0.00144	0.00365	0.00363	0.13107	0.00610
73	0.00676	0.00475	0.00666	0.06148	0.00912	0.00469	0.00550	0.00770	0.00955	0.01275	0.08847	0.50408	0.02800	0.01401	0.00771	0.10905	0.00340	0.10826	0.00411	0.00393
74	0.00576	0.00491	0.00496	0.00494	0.00657	0.00411	0.00371	0.00702	0.01112	0.01328	0.07106	0.04633	0.77541	0.01220	0.00573	0.00163	0.00245	0.01018	0.00452	0.00411
75	0.00692	0.00519	0.00779	0.00779	0.00865	0.00606	0.00606	0.00865	0.00779	0.01125	0.01298	0.01904	0.01211	0.03634	0.81049	0.00779	0.01298	0.00519	0.00260	0.00433
76	0.01416	0.49230	0.05690	0.01173	0.08723	0.23976	0.00964	0.01594	0.01106	0.01212	0.00726	0.00855	0.00636	0.00442	0.00369	0.00116	0.00632	0.00295	0.00222	0.00623
77	0.01610	0.19356	0.01596	0.01091	0.01406	0.36088	0.00883	0.16565	0.13799	0.01667	0.01006	0.01057	0.00798	0.00522	0.00428	0.00130	0.00654	0.00362	0.00324	0.00658
78	0.00847	0.00587	0.00706	0.00653	0.00798	0.00548	0.00480	0.06127	0.01179	0.05689	0.26896	0.12152	0.13459	0.16791	0.00920	0.00216	0.00333	0.04191	0.00444	0.06983
79	0.01631	0.22499	0.03080	0.04930	0.13013	0.13027	0.00963	0.11269	0.01324	0.22093	0.01115	0.01156	0.00820	0.00503	0.00432	0.00133	0.00563	0.00383	0.00355	0.00710
80	0.02102	0.01024	0.01186	0.00927	0.01292	0.08155	0.00757	0.11303	0.01491	0.63915	0.01717	0.01521	0.01103	0.00588	0.00482	0.00147	0.00469	0.00465	0.00554	0.00801
81	0.01192	0.00592	0.00794	0.00720	0.00902	0.00530	0.00547	0.01364	0.01246	0.29879	0.28968	0.26287	0.02956	0.01006	0.00555	0.00165	0.00310	0.00885	0.00533	0.00570
82	0.01136	0.01121	0.02024	0.05842	0.56595	0.01112	0.16184	0.01435	0.01094	0.01540	0.01041	0.06702	0.00920	0.00503	0.00507	0.00152	0.00605	0.00522	0.00254	0.00711
83	0.01096	0.01046	0.01780	0.31629	0.52100	0.01124	0.01436	0.01397	0.01055	0.01458	0.00893	0.01233	0.00723	0.00451	0.00481	0.00150	0.00601	0.00431	0.00231	0.00684
84	0.00702	0.00480	0.00578	0.00578	0.00595	0.00497	0.00355	0.00736	0.00719	0.00976	0.01482	0.02921	0.01653	0.67281	0.18006	0.00531	0.00634	0.00668	0.00287	0.00321
85	0.00972	0.02507	0.80458	0.01381	0.02097	0.01125	0.01790	0.01535	0.01023	0.01535	0.00870	0.01023	0.00614	0.00460	0.00460	0.00153	0.00716	0.00358	0.00205	0.00716
86	0.01114	0.01126	0.01579	0.22533	0.23513	0.08019	0.01227	0.01327	0.00958	0.01303	0.00826	0.02999	0.00732	0.00625	0.00878	0.00172	0.29801	0.00440	0.00229	0.00597
87	0.01168	0.01157	0.01680	0.30044	0.30817	0.08293	0.04468	0.04529	0.04228	0.01471	0.00914	0.01220	0.00732	0.00501	0.00565	0.00155	0.06726	0.00431	0.00250	0.00649
88	0.00694	0.00512	0.00741	0.00741	0.00814	0.00585	0.00559	0.00841	0.00768	0.01097	0.01333	0.02095	0.01295	0.15619	0.69178	0.00732	0.01173	0.00547	0.00265	0.00412
89	0.00915	0.00861	0.01453	0.81804	0.03338	0.01077	0.01346	0.01238	0.00969	0.01238	0.00861	0.01292	0.00646	0.00484	0.00484	0.00161	0.00646	0.00431	0.00215	0.00538
90	0.00807	0.00768	0.01462	0.01210	0.01419	0.00719	0.30889	0.01018	0.01012	0.01360	0.02009	0.50801	0.02238	0.01084	0.00600	0.00184	0.00491	0.01062	0.00370	0.00495
91	0.00654	0.00494	0.00604	0.00576	0.00704	0.00444	0.00432	0.00853	0.01296	0.01765	0.58609	0.03914	0.25765	0.01057	0.00572	0.00156	0.00233	0.00918	0.00510	0.00444
92	0.00915	0.00861	0.01453	0.81804	0.03338	0.01077	0.01346	0.01238	0.00969	0.01238	0.00861	0.01292	0.00646	0.00484	0.00484	0.00161	0.00646	0.00431	0.00215	0.00538
93	0.00858	0.01132	0.22725	0.00975	0.01241	0.03895	0.00963	0.01127	0.01051	0.03688	0.02038	0.27372	0.02182	0.01096	0.00582	0.00190	0.00487	0.27501	0.00377	0.00520
94	0.86392	0.00937	0.00712	0.00637	0.00937	0.01087	0.00525	0.01425	0.00825	0.02174	0.00675	0.00787	0.00525	0.00450	0.00300	0.00150	0.00375	0.00262	0.00300	0.00525
95	0.00683	0.00477	0.00610	0.00648	0.00740	0.00446	0.00464	0.00809	0.01022	0.04904	0.12071	0.41715	0.20244	0.01621	0.10929	0.00257	0.00403	0.01088	0.00442	0.00429
96	0.01018	0.00967	0.16489	0.00802	0.01100	0.00642	0.00765	0.01286	0.02802	0.17430	0.16274	0.08559	0.25040	0.00920	0.00538	0.00162	0.00383	0.03806	0.00447	0.00570
97	0.01042	0.06223	0.57738	0.01286	0.01887	0.01185	0.03400	0.01752	0.17643	0.01620	0.01097	0.01185	0.00802	0.00499	0.00463	0.00154	0.00638	0.00399	0.00267	0.00721
98	0.01714	0.00941	0.01422	0.01638	0.30645	0.00867	0.00989	0.01942	0.01261	0.44981	0.03395	0.01497	0.01097	0.00534	0.00480	0.00144	0.00466	0.00466	0.00448	0.05073
99	0.01076	0.01508	0.26038	0.01796	0.23191	0.01049	0.16117	0.03199	0.02103	0.02652	0.04994	0.03594	0.02537	0.00512	0.00492	0.00147	0.00610	0.00486	0.00272	0.07626
100	0.01358	0.01196	0.01260	0.01250	0.13759	0.14351	0.00845	0.02950	0.19570	0.10210	0.01232	0.01276	0.00944	0.00494	0.00439	0.00124	0.00494	0.00400	0.00359	0.27492
101	0.03300	0.01109	0.04880	0.05343	0.46579	0.01046	0.01223	0.04823	0.04063	0.15939	0.01168	0.02975	0.00907	0.00500	0.00475	0.00145	0.00526	0.00453	0.00330	0.04215
102	0.01082	0.00895	0.01254	0.01499	0.26400	0.00853	0.00914	0.01471	0.12064	0.05593	0.01593	0.07015	0.04469	0.00676	0.00490	0.00144	0.00437	0.10861	0.00355	0.21934
103	0.80628	0.00907	0.00708	0.00635	0.00923	0.01045	0.00520	0.01390	0.00862	0.02159	0.05989	0.00978	0.00797	0.00486	0.00318	0.00150	0.00365	0.00304	0.00316	0.00520

[dist]
# distance from previous block
# <min> <max>
0	1

[block]
# block no. 1 follows, 52 sequences, length 27
# corresponding to MSA columns:
# 241-267
name=unknown_B
#
# <colnr> <probs for GDERKNQSTAVLIFYWHMCP>
#	G	D	E	R	K	N	Q	S	T	A	V	L	I	F	Y	W	H	M	C	P
0	0.00915	0.00861	0.01453	0.81804	0.03338	0.01077	0.01346	0.01238	0.00969	0.01238	0.00861	0.01292	0.00646	0.00484	0.00484	0.00161	0.00646	0.00431	0.00215	0.00538
1	0.11939	0.00900	0.01409	0.63579	0.10593	0.01085	0.01254	0.01287	0.00964	0.01393	0.00842	0.01218	0.00642	0.00475	0.00460	0.00158	0.00604	0.00409	0.00229	0.00559
2	0.17834	0.00794	0.00975	0.00796	0.01112	0.00742	0.00643	0.01968	0.01222	0.55401	0.01776	0.11908	0.01330	0.00690	0.00469	0.00156	0.00388	0.00559	0.00524	0.00713
3	0.01362	0.00918	0.01298	0.09373	0.20710	0.00950	0.00947	0.05217	0.15909	0.21642	0.08468	0.01735	0.01390	0.02499	0.05235	0.00196	0.00512	0.00519	0.00416	0.00705
4	0.01199	0.01151	0.01967	0.02974	0.79946	0.01151	0.01487	0.01487	0.01103	0.01583	0.00912	0.01199	0.00768	0.00432	0.00480	0.00144	0.00576	0.00432	0.00240	0.00768
5	0.00965	0.02295	0.70295	0.11727	0.02257	0.01119	0.01733	0.01497	0.01016	0.01497	0.00869	0.01058	0.00618	0.00464	0.00464	0.00155	0.00707	0.00367	0.00206	0.00693
6	0.00649	0.00492	0.00606	0.00682	0.00752	0.00476	0.00471	0.00865	0.08666	0.01324	0.02890	0.64638	0.12882	0.01396	0.00600	0.00189	0.00287	0.01250	0.00454	0.00432
7	0.01163	0.01114	0.01901	0.13115	0.70091	0.01142	0.01469	0.01455	0.01086	0.01539	0.00905	0.01211	0.00752	0.00439	0.00480	0.00146	0.00585	0.00432	0.00237	0.00738
8	0.01810	0.02310	0.01373	0.01248	0.01498	0.81024	0.00936	0.01935	0.01373	0.01186	0.00749	0.00874	0.00624	0.00499	0.00437	0.00125	0.00874	0.00312	0.00250	0.00562
9	0.00964	0.11461	0.01593	0.71388	0.03068	0.01185	0.01279	0.01266	0.00971	0.01226	0.00837	0.01226	0.00643	0.00476	0.00462	0.00154	0.00630	0.00409	0.00214	0.00549
10	0.00969	0.00916	0.01551	0.66903	0.17819	0.01091	0.01373	0.01285	0.00994	0.01303	0.00871	0.01274	0.00669	0.00475	0.00484	0.00158	0.00633	0.00431	0.00220	0.00582
11	0.01199	0.01151	0.01967	0.02974	0.79946	0.01151	0.01487	0.01487	0.01103	0.01583	0.00912	0.01199	0.00768	0.00432	0.00480	0.00144	0.00576	0.00432	0.00240	0.00768
12	0.01199	0.01151	0.01967	0.02974	0.79946	0.01151	0.01487	0.01487	0.01103	0.01583	0.00912	0.01199	0.00768	0.00432	0.00480	0.00144	0.00576	0.00432	0.00240	0.00768
13	0.00686	0.00495	0.00648	0.00610	0.00724	0.00457	0.00457	0.00914	0.01372	0.01943	0.79691	0.03620	0.04572	0.00991	0.00572	0.00152	0.00229	0.00876	0.00533	0.00457
14	0.08668	0.01016	0.01379	0.66278	0.02934	0.09267	0.01230	0.01326	0.00997	0.01317	0.00833	0.01204	0.00633	0.00483	0.00463	0.00157	0.00645	0.00403	0.00226	0.00540
15	0.69985	0.00923	0.00809	0.07920	0.01174	0.01041	0.00603	0.01387	0.00856	0.02029	0.00711	0.00855	0.00555	0.00444	0.00322	0.00143	0.00398	0.00280	0.00291	0.09275
16	0.01125	0.00993	0.01268	0.08616	0.18211	0.01106	0.00941	0.02053	0.47446	0.01853	0.09607	0.01817	0.01569	0.00628	0.00498	0.00159	0.00432	0.00546	0.00418	0.00715
17	0.01435	0.05714	0.36295	0.01071	0.01564	0.00924	0.01169	0.01776	0.01158	0.33271	0.01465	0.09625	0.01116	0.00623	0.00480	0.00154	0.00539	0.00510	0.00389	0.00722
18	0.01091	0.01018	0.01705	0.02527	0.64729	0.01012	0.01289	0.01353	0.01109	0.01580	0.08153	0.09760	0.01358	0.00593	0.00502	0.00150	0.00514	0.00569	0.00288	0.00701
19	0.01748	0.00909	0.01099	0.00890	0.01204	0.00908	0.00709	0.12016	0.20096	0.43419	0.01791	0.01781	0.01276	0.09049	0.00691	0.00186	0.00427	0.00518	0.00528	0.00756
20	0.01282	0.01178	0.01901	0.02735	0.69855	0.01197	0.01414	0.11373	0.01255	0.01772	0.00944	0.01195	0.00775	0.00451	0.00480	0.00144	0.00570	0.00432	0.00271	0.00775
21	0.08539	0.00634	0.00692	0.00644	0.00813	0.00656	0.00494	0.01339	0.15871	0.03437	0.33821	0.02620	0.07087	0.00785	0.00476	0.00146	0.00275	0.00661	0.20485	0.00525
22	0.01673	0.01373	0.09512	0.01131	0.01539	0.01330	0.03735	0.49091	0.12827	0.10789	0.01319	0.01296	0.00931	0.00576	0.00487	0.00150	0.00528	0.00454	0.00461	0.00799
23	0.57216	0.00964	0.00896	0.00746	0.01074	0.01055	0.00615	0.11125	0.01129	0.19663	0.01010	0.01026	0.00712	0.00499	0.00364	0.00149	0.00403	0.00334	0.00389	0.00628
24	0.37115	0.09351	0.01120	0.00782	0.01131	0.01044	0.00660	0.06942	0.01171	0.34518	0.01220	0.01169	0.00835	0.00517	0.00391	0.00145	0.00416	0.00367	0.00427	0.00679
25	0.03086	0.01103	0.01737	0.02370	0.55587	0.01116	0.02627	0.10979	0.01261	0.06356	0.01145	0.01597	0.00975	0.00541	0.00496	0.00152	0.00549	0.07269	0.00311	0.00742
26	0.01149	0.01106	0.01926	0.02682	0.66182	0.01096	0.07997	0.01442	0.01131	0.01613	0.07978	0.01426	0.01106	0.00480	0.00496	0.00146	0.00565	0.00484	0.00267	0.00730

[dist]
# distance from previous block
# <min> <max>
0	362

# created by:
# /home/cegg/simao/soft/augustus-3.2.1/scripts/msa2prfl.pl ./align_prep/29885.fa
