[name]
unknown

[dist]
# distance from previous block
# <min> <max>
0	65

[block]
# block no. 0 follows, 45 sequences, length 115
# corresponding to MSA columns:
# 74-188
name=unknown_A
#
# <colnr> <probs for GDERKNQSTAVLIFYWHMCP>
#	G	D	E	R	K	N	Q	S	T	A	V	L	I	F	Y	W	H	M	C	P
0	0.14745	0.00961	0.01208	0.05175	0.11125	0.01006	0.00898	0.05116	0.12896	0.18584	0.04744	0.04335	0.03343	0.00897	0.03333	0.00205	0.00511	0.09726	0.00470	0.00720
1	0.01252	0.17092	0.03636	0.08930	0.13826	0.01164	0.00969	0.04059	0.06631	0.08616	0.22979	0.02172	0.02142	0.03567	0.00603	0.00170	0.00490	0.00604	0.00414	0.00683
2	0.01274	0.01243	0.02187	0.02967	0.62739	0.01227	0.10800	0.01601	0.01239	0.01754	0.04124	0.01583	0.03738	0.00530	0.00552	0.00163	0.00643	0.00540	0.00287	0.00807
3	0.13747	0.04142	0.01569	0.06128	0.33703	0.01123	0.01131	0.04136	0.01217	0.09245	0.04889	0.11868	0.01393	0.00707	0.00553	0.00171	0.02582	0.00610	0.00366	0.00721
4	0.01530	0.01502	0.02382	0.05184	0.19509	0.13693	0.34876	0.01868	0.01323	0.11088	0.01150	0.01390	0.00863	0.00504	0.00571	0.00167	0.00792	0.00535	0.00318	0.00755
5	0.01349	0.01318	0.01939	0.09362	0.54630	0.06647	0.01471	0.01841	0.12683	0.01765	0.01171	0.01415	0.00947	0.00526	0.00531	0.00163	0.00635	0.00488	0.00307	0.00813
6	0.08876	0.01329	0.01981	0.06496	0.62086	0.06724	0.01501	0.01663	0.01209	0.01764	0.00971	0.01267	0.00809	0.00488	0.00510	0.00159	0.00645	0.00452	0.00271	0.00798
7	0.01637	0.01195	0.01304	0.01090	0.01429	0.01315	0.00869	0.31133	0.32444	0.09813	0.02009	0.07364	0.04386	0.00781	0.00555	0.00175	0.00479	0.00637	0.00549	0.00836
8	0.00688	0.00492	0.00662	0.00787	0.00833	0.00466	0.00558	0.00807	0.01061	0.01409	0.02940	0.68660	0.03475	0.01649	0.00694	0.00223	0.00341	0.13313	0.00498	0.00445
9	0.01482	0.01197	0.02171	0.02151	0.26134	0.01146	0.27406	0.01871	0.05206	0.17552	0.01467	0.07227	0.01172	0.00607	0.00581	0.00174	0.00660	0.00628	0.00382	0.00789
10	0.01113	0.00954	0.01113	0.00795	0.01272	0.00716	0.00636	0.01352	0.01113	0.01749	0.00954	0.01113	0.00795	0.00398	0.00398	0.00080	0.00398	0.00318	0.00318	0.84417
11	0.00979	0.00637	0.00742	0.00687	0.00863	0.00601	0.00523	0.07233	0.01426	0.07292	0.29895	0.10147	0.21456	0.01068	0.00582	0.00168	0.00304	0.00912	0.13937	0.00548
12	0.01261	0.01009	0.01056	0.00962	0.01226	0.01151	0.00745	0.02499	0.60119	0.02192	0.02089	0.02002	0.01581	0.00706	0.00508	0.00169	0.00386	0.00583	0.18982	0.00773
13	0.01125	0.01068	0.01811	0.52777	0.29895	0.01222	0.01546	0.01469	0.01126	0.01507	0.00974	0.01395	0.00763	0.00516	0.00535	0.00172	0.00688	0.00477	0.00248	0.00686
14	0.01199	0.52846	0.02058	0.00823	0.01151	0.01554	0.00754	0.01373	0.01165	0.01461	0.19960	0.01922	0.01911	0.09054	0.00666	0.00171	0.00489	0.00509	0.00330	0.00605
15	0.00720	0.00564	0.00750	0.00750	0.00876	0.00594	0.00578	0.00892	0.00990	0.01318	0.02852	0.03190	0.28295	0.03083	0.51296	0.00622	0.01026	0.00772	0.00362	0.00470
16	0.01335	0.01153	0.01214	0.01092	0.01396	0.01335	0.00850	0.02852	0.76817	0.02245	0.02185	0.02003	0.01639	0.00728	0.00546	0.00182	0.00425	0.00607	0.00546	0.00850
17	0.00636	0.00539	0.00549	0.00556	0.00728	0.00452	0.00413	0.00769	0.01212	0.01445	0.05287	0.09768	0.73064	0.01379	0.00638	0.00183	0.00274	0.01157	0.00498	0.00452
18	0.01601	0.01885	0.01581	0.01396	0.01538	0.41374	0.01104	0.01729	0.01181	0.01303	0.00769	0.01068	0.00698	0.00741	0.01105	0.00185	0.39473	0.00406	0.00256	0.00605
19	0.00653	0.00470	0.00620	0.00740	0.00777	0.00437	0.00495	0.00748	0.01035	0.01373	0.03054	0.77871	0.06402	0.01669	0.00683	0.00217	0.00310	0.01511	0.00498	0.00437
20	0.01619	0.01343	0.01627	0.01320	0.01540	0.01655	0.01095	0.39670	0.01696	0.02366	0.01005	0.01233	0.00812	0.00788	0.01132	0.00197	0.39279	0.00477	0.00390	0.00755
21	0.01329	0.01275	0.02179	0.03295	0.77787	0.01275	0.01647	0.01647	0.01222	0.01754	0.01010	0.01329	0.00850	0.00478	0.00531	0.00159	0.00638	0.00478	0.00266	0.00850
22	0.00800	0.00540	0.00727	0.00818	0.00904	0.00512	0.00622	0.00949	0.01140	0.04437	0.06777	0.44863	0.06617	0.01539	0.00726	0.02195	0.00374	0.24486	0.00502	0.00473
23	0.00955	0.00762	0.00881	0.00814	0.01007	0.00796	0.00621	0.01647	0.28124	0.02137	0.45891	0.03380	0.08864	0.00985	0.00602	0.00174	0.00315	0.00853	0.00569	0.00624
24	0.01174	0.01174	0.01644	0.01409	0.01409	0.01644	0.01174	0.01292	0.00822	0.01292	0.00705	0.01174	0.00705	0.00940	0.01762	0.00235	0.80153	0.00470	0.00235	0.00587
25	0.20120	0.18463	0.01835	0.24663	0.22207	0.01419	0.01203	0.01542	0.01080	0.01683	0.00877	0.01155	0.00715	0.00496	0.00448	0.00157	0.00597	0.00394	0.00265	0.00680
26	0.00863	0.00594	0.00724	0.00673	0.00841	0.00540	0.00511	0.01123	0.03956	0.07425	0.49599	0.04106	0.24770	0.01127	0.00624	0.00173	0.00279	0.00973	0.00569	0.00532
27	0.01298	0.01035	0.01447	0.01161	0.01471	0.01090	0.17248	0.11995	0.23270	0.02198	0.01667	0.01783	0.01265	0.00620	0.00504	0.00159	0.00492	0.00558	0.30034	0.00707
28	0.00776	0.00540	0.00683	0.00683	0.00717	0.00574	0.00448	0.00844	0.00810	0.01113	0.01602	0.03016	0.01736	0.53870	0.29703	0.00641	0.00845	0.00708	0.00312	0.00380
29	0.01329	0.01275	0.02179	0.03295	0.77787	0.01275	0.01647	0.01647	0.01222	0.01754	0.01010	0.01329	0.00850	0.00478	0.00531	0.00159	0.00638	0.00478	0.00266	0.00850
30	0.01146	0.01089	0.01849	0.47697	0.34812	0.01227	0.01557	0.01487	0.01136	0.01532	0.00977	0.01388	0.00772	0.00512	0.00534	0.00171	0.00683	0.00478	0.00250	0.00703
31	0.01209	0.01153	0.01962	0.32441	0.49577	0.01244	0.01588	0.01542	0.01166	0.01608	0.00989	0.01368	0.00799	0.00501	0.00533	0.00167	0.00667	0.00478	0.00255	0.00754
32	0.02408	0.00914	0.01246	0.00955	0.01370	0.00789	0.00789	0.02616	0.01536	0.78158	0.02118	0.01827	0.01329	0.00664	0.00540	0.00166	0.00457	0.00540	0.00664	0.00914
33	0.01113	0.00954	0.01113	0.00795	0.01272	0.00716	0.00636	0.01352	0.01113	0.01749	0.00954	0.01113	0.00795	0.00398	0.00398	0.00080	0.00398	0.00318	0.00318	0.84417
34	0.01110	0.01018	0.01524	0.56364	0.05563	0.01233	0.01326	0.01774	0.21200	0.01616	0.01283	0.01580	0.00965	0.00586	0.00539	0.00179	0.00636	0.00512	0.00321	0.00672
35	0.02396	0.00933	0.01258	0.00964	0.01380	0.00818	0.00797	0.05026	0.01569	0.75703	0.02090	0.01809	0.01315	0.00664	0.00540	0.00166	0.00461	0.00538	0.00660	0.00914
36	0.00647	0.00537	0.00566	0.00575	0.00737	0.00456	0.00425	0.00789	0.01230	0.01502	0.11347	0.12412	0.64193	0.01368	0.00639	0.00184	0.00274	0.01157	0.00506	0.00456
37	0.01241	0.01310	0.07405	0.20059	0.56140	0.01255	0.01636	0.01590	0.01183	0.01666	0.00994	0.01337	0.00809	0.00493	0.00531	0.00164	0.00666	0.00472	0.00257	0.00790
38	0.14571	0.02099	0.45696	0.01867	0.22165	0.01247	0.01670	0.01666	0.01122	0.01828	0.00941	0.01143	0.00709	0.00500	0.00487	0.00167	0.00691	0.00401	0.00254	0.00774
39	0.00634	0.00544	0.00544	0.00544	0.00725	0.00453	0.00408	0.00770	0.01224	0.01450	0.05438	0.05166	0.77569	0.01359	0.00634	0.00181	0.00272	0.01133	0.00498	0.00453
40	0.01148	0.01091	0.01853	0.47170	0.35322	0.01228	0.01558	0.01489	0.01137	0.01535	0.00978	0.01387	0.00773	0.00512	0.00534	0.00171	0.00682	0.00478	0.00250	0.00705
41	0.01449	0.03451	0.20501	0.09452	0.18288	0.16391	0.06058	0.09301	0.01373	0.03790	0.01055	0.03075	0.00839	0.00563	0.00547	0.00163	0.02192	0.00465	0.00298	0.00750
42	0.00729	0.00529	0.00571	0.00571	0.00635	0.00497	0.00354	0.00777	0.00937	0.01186	0.03016	0.04097	0.28689	0.52927	0.01990	0.00400	0.00433	0.00905	0.00387	0.00370
43	0.02408	0.00914	0.01246	0.00955	0.01370	0.00789	0.00789	0.02616	0.01536	0.78158	0.02118	0.01827	0.01329	0.00664	0.00540	0.00166	0.00457	0.00540	0.00664	0.00914
44	0.44450	0.01409	0.12896	0.01058	0.01499	0.01277	0.06093	0.15841	0.01325	0.08152	0.01010	0.01103	0.00732	0.00537	0.00435	0.00167	0.00543	0.00386	0.00376	0.00711
45	0.01290	0.01236	0.02109	0.12692	0.68692	0.01265	0.01628	0.01614	0.01204	0.01707	0.01003	0.01341	0.00834	0.00485	0.00532	0.00162	0.00647	0.00478	0.00262	0.00819
46	0.01090	0.00649	0.00823	0.00786	0.00956	0.00613	0.00585	0.01392	0.08641	0.16602	0.24120	0.30619	0.08565	0.01202	0.00625	0.00188	0.00331	0.01059	0.00562	0.00590
47	0.00865	0.00618	0.00865	0.00989	0.01112	0.00618	0.00865	0.01112	0.01236	0.01606	0.02842	0.06055	0.03089	0.01483	0.00741	0.00247	0.00494	0.74174	0.00494	0.00494
48	0.01243	0.01225	0.01914	0.02236	0.33970	0.01479	0.03468	0.01455	0.01005	0.01500	0.00845	0.01248	0.00770	0.00729	0.01206	0.00201	0.44075	0.00478	0.00249	0.00703
49	0.01335	0.01153	0.01214	0.01092	0.01396	0.01335	0.00850	0.02852	0.76817	0.02245	0.02185	0.02003	0.01639	0.00728	0.00546	0.00182	0.00425	0.00607	0.00546	0.00850
50	0.01356	0.01420	0.08939	0.02884	0.61929	0.01303	0.01595	0.06934	0.04994	0.01887	0.01082	0.01341	0.00878	0.00505	0.00531	0.00162	0.00638	0.00478	0.00295	0.00850
51	0.01435	0.81458	0.02813	0.00918	0.01378	0.02124	0.00918	0.01607	0.01091	0.01263	0.00746	0.00861	0.00689	0.00459	0.00344	0.00115	0.00574	0.00287	0.00230	0.00689
52	0.00760	0.00549	0.00718	0.00675	0.00802	0.00506	0.00506	0.01013	0.01519	0.02153	0.77503	0.04010	0.05065	0.01097	0.00633	0.00169	0.00253	0.00971	0.00591	0.00506
53	0.01014	0.00954	0.01610	0.79845	0.03697	0.01193	0.01491	0.01371	0.01073	0.01371	0.00954	0.01431	0.00716	0.00537	0.00537	0.00179	0.00716	0.00477	0.00239	0.00596
54	0.00642	0.00513	0.00576	0.00626	0.00747	0.00446	0.00445	0.00761	0.01144	0.01418	0.04431	0.35874	0.47511	0.01490	0.00655	0.00196	0.00288	0.01293	0.00498	0.00446
55	0.01435	0.81458	0.02813	0.00918	0.01378	0.02124	0.00918	0.01607	0.01091	0.01263	0.00746	0.00861	0.00689	0.00459	0.00344	0.00115	0.00574	0.00287	0.00230	0.00689
56	0.01225	0.00945	0.01021	0.00906	0.01154	0.04708	0.00701	0.03649	0.30249	0.08970	0.31476	0.02781	0.05486	0.00867	0.00574	0.00169	0.00385	0.00736	0.00552	0.03443
57	0.01288	0.01221	0.02012	0.13195	0.60740	0.01270	0.01551	0.01726	0.08389	0.01750	0.01114	0.01406	0.00907	0.00510	0.00534	0.00164	0.00628	0.00490	0.00289	0.00817
58	0.00654	0.00467	0.00623	0.00747	0.00779	0.00436	0.00498	0.00747	0.01028	0.01370	0.02959	0.80785	0.03550	0.01682	0.00685	0.00218	0.00311	0.01526	0.00498	0.00436
59	0.02005	0.02558	0.01521	0.01383	0.01659	0.78980	0.01037	0.02143	0.01521	0.01314	0.00830	0.00968	0.00691	0.00553	0.00484	0.00138	0.00968	0.00346	0.00277	0.00622
60	0.01277	0.01373	0.08625	0.10421	0.64304	0.01265	0.01661	0.01626	0.01201	0.01713	0.01000	0.01322	0.00823	0.00487	0.00530	0.00162	0.00658	0.00471	0.00260	0.00821
61	0.00831	0.00614	0.00784	0.00736	0.00760	0.00665	0.02539	0.00872	0.00806	0.01103	0.01557	0.03103	0.01745	0.64142	0.09580	0.00515	0.08233	0.00728	0.00312	0.00376
62	0.00636	0.00537	0.00551	0.00561	0.00730	0.00452	0.00416	0.00768	0.01207	0.01443	0.05226	0.11619	0.71252	0.01387	0.00639	0.00184	0.00275	0.01166	0.00498	0.00452
63	0.00908	0.00475	0.00681	0.00681	0.00681	0.00475	0.00444	0.00712	0.00712	0.00950	0.01054	0.01933	0.01096	0.14559	0.02199	0.70953	0.00475	0.00517	0.00248	0.00248
64	0.03659	0.01494	0.01595	0.01225	0.01652	0.01656	0.01012	0.74544	0.02492	0.03364	0.01278	0.01281	0.00906	0.00642	0.00533	0.00161	0.00587	0.00480	0.00533	0.00906
65	0.09711	0.01752	0.01788	0.02299	0.40708	0.31507	0.01306	0.01834	0.01309	0.01646	0.00914	0.01144	0.00762	0.00509	0.00494	0.00152	0.00745	0.00408	0.00276	0.00735
66	0.84927	0.01038	0.00789	0.00706	0.01038	0.01204	0.00581	0.01578	0.00914	0.02408	0.00747	0.00872	0.00581	0.00498	0.00332	0.00166	0.00415	0.00291	0.00332	0.00581
67	0.00650	0.00544	0.00566	0.00560	0.00735	0.00460	0.00420	0.00801	0.01261	0.01538	0.14476	0.05021	0.68475	0.01327	0.00634	0.00180	0.00270	0.01113	0.00510	0.00460
68	0.01067	0.01009	0.01707	0.66786	0.16336	0.01207	0.01517	0.01419	0.01099	0.01437	0.00964	0.01414	0.00739	0.00527	0.00536	0.00176	0.00702	0.00477	0.00243	0.00640
69	0.02005	0.02558	0.01521	0.01383	0.01659	0.78980	0.01037	0.02143	0.01521	0.01314	0.00830	0.00968	0.00691	0.00553	0.00484	0.00138	0.00968	0.00346	0.00277	0.00622
70	0.00823	0.00647	0.00801	0.00754	0.00953	0.00540	0.00545	0.00980	0.01097	0.01561	0.07471	0.45189	0.04755	0.01178	0.00578	0.00165	0.00337	0.01049	0.00441	0.30136
71	0.01113	0.00954	0.01113	0.00795	0.01272	0.00716	0.00636	0.01352	0.01113	0.01749	0.00954	0.01113	0.00795	0.00398	0.00398	0.00080	0.00398	0.00318	0.00318	0.84417
72	0.01264	0.01193	0.01763	0.28819	0.34483	0.05015	0.01400	0.04310	0.08021	0.01711	0.01116	0.01416	0.00882	0.00531	0.00523	0.00163	0.00640	0.00478	0.02627	0.03643
73	0.01014	0.00954	0.01610	0.79845	0.03697	0.01193	0.01491	0.01371	0.01073	0.01371	0.00954	0.01431	0.00716	0.00537	0.00537	0.00179	0.00716	0.00477	0.00239	0.00596
74	0.00760	0.00549	0.00718	0.00675	0.00802	0.00506	0.00506	0.01013	0.01519	0.02153	0.77503	0.04010	0.05065	0.01097	0.00633	0.00169	0.00253	0.00971	0.00591	0.00506
75	0.01014	0.00954	0.01610	0.79845	0.03697	0.01193	0.01491	0.01371	0.01073	0.01371	0.00954	0.01431	0.00716	0.00537	0.00537	0.00179	0.00716	0.00477	0.00239	0.00596
76	0.00760	0.00549	0.00718	0.00675	0.00802	0.00506	0.00506	0.01013	0.01519	0.02153	0.77503	0.04010	0.05065	0.01097	0.00633	0.00169	0.00253	0.00971	0.00591	0.00506
77	0.01125	0.01068	0.01811	0.52777	0.29895	0.01222	0.01546	0.01469	0.01126	0.01507	0.00974	0.01395	0.00763	0.00516	0.00535	0.00172	0.00688	0.00477	0.00248	0.00686
78	0.00676	0.00542	0.00608	0.00631	0.00780	0.00474	0.00477	0.00833	0.01238	0.01548	0.14346	0.14928	0.51102	0.01379	0.00651	0.00191	0.00296	0.08327	0.00510	0.00462
79	0.01772	0.01839	0.28675	0.01285	0.01840	0.01346	0.01316	0.35401	0.01839	0.17385	0.01336	0.01339	0.00912	0.00601	0.00528	0.00165	0.00636	0.00464	0.00452	0.00871
80	0.01014	0.00954	0.01610	0.79845	0.03697	0.01193	0.01491	0.01371	0.01073	0.01371	0.00954	0.01431	0.00716	0.00537	0.00537	0.00179	0.00716	0.00477	0.00239	0.00596
81	0.01181	0.01124	0.01920	0.26458	0.45912	0.01189	0.04363	0.01509	0.01197	0.01655	0.05960	0.01606	0.02472	0.00551	0.00545	0.00167	0.00641	0.00527	0.00283	0.00739
82	0.00979	0.00907	0.01515	0.72238	0.03416	0.01120	0.01395	0.01311	0.01069	0.01371	0.01147	0.09063	0.00988	0.00647	0.00551	0.00183	0.00677	0.00578	0.00264	0.00581
83	0.02011	0.02389	0.01536	0.01359	0.01660	0.66599	0.01034	0.13970	0.01682	0.01645	0.00903	0.01019	0.00727	0.00568	0.00492	0.00142	0.00908	0.00368	0.00318	0.00669
84	0.01198	0.29391	0.52802	0.01323	0.02003	0.01543	0.01623	0.01669	0.01119	0.01552	0.00890	0.01041	0.00683	0.00493	0.00454	0.00151	0.00719	0.00360	0.00228	0.00758
85	0.01473	0.66631	0.04511	0.00975	0.01429	0.02005	0.00950	0.08384	0.06541	0.01534	0.00902	0.00987	0.00775	0.00496	0.00380	0.00125	0.00571	0.00330	0.00279	0.00723
86	0.01120	0.12255	0.69254	0.01456	0.02209	0.01352	0.01855	0.01689	0.01128	0.01647	0.00937	0.01101	0.00681	0.00504	0.00490	0.00163	0.00767	0.00383	0.00227	0.00781
87	0.01435	0.81458	0.02813	0.00918	0.01378	0.02124	0.00918	0.01607	0.01091	0.01263	0.00746	0.00861	0.00689	0.00459	0.00344	0.00115	0.00574	0.00287	0.00230	0.00689
88	0.02180	0.01211	0.01422	0.01096	0.01511	0.01237	0.00903	0.40703	0.02039	0.37693	0.01705	0.03208	0.01159	0.00675	0.00541	0.00165	0.00523	0.00531	0.00595	0.00903
89	0.01411	0.01217	0.02033	0.06578	0.64885	0.01209	0.01530	0.01719	0.01242	0.09045	0.01112	0.01375	0.00888	0.00497	0.00529	0.00159	0.00617	0.00480	0.00304	0.03170
90	0.01109	0.09849	0.71564	0.01475	0.02238	0.01325	0.01888	0.01692	0.01129	0.01661	0.00944	0.01109	0.00681	0.00505	0.00495	0.00165	0.00774	0.00387	0.00227	0.00784
91	0.01365	0.01287	0.01793	0.08688	0.42139	0.06636	0.01306	0.08275	0.01323	0.01837	0.01005	0.01259	0.00821	0.00485	0.00499	0.00142	0.00609	0.00433	0.00301	0.19799
92	0.00820	0.00578	0.00771	0.00856	0.00944	0.00572	0.00688	0.00999	0.01137	0.01499	0.07844	0.12067	0.03019	0.19046	0.01168	0.00299	0.00467	0.46309	0.00464	0.00453
93	0.00770	0.00564	0.00804	0.00804	0.00879	0.00639	0.00598	0.00921	0.00845	0.01203	0.01492	0.02406	0.01471	0.20376	0.62834	0.00790	0.01243	0.00619	0.00296	0.00447
94	0.01377	0.01144	0.01215	0.01087	0.01395	0.01314	0.00847	0.02843	0.73916	0.05171	0.02182	0.01996	0.01627	0.00726	0.00546	0.00181	0.00426	0.00604	0.00551	0.00852
95	0.00651	0.00488	0.00605	0.00695	0.00766	0.00442	0.00476	0.00759	0.01087	0.01407	0.05147	0.60226	0.22125	0.01589	0.00671	0.00208	0.00300	0.01416	0.00500	0.00442
96	0.00760	0.00549	0.00718	0.00675	0.00802	0.00506	0.00506	0.01013	0.01519	0.02153	0.77503	0.04010	0.05065	0.01097	0.00633	0.00169	0.00253	0.00971	0.00591	0.00506
97	0.01254	0.01540	0.08353	0.02212	0.02772	0.01350	0.70743	0.01718	0.01258	0.01718	0.01078	0.01426	0.00805	0.00456	0.00625	0.00180	0.00897	0.00617	0.00268	0.00729
98	0.01109	0.01078	0.01519	0.01322	0.01337	0.01488	0.01094	0.01238	0.00829	0.01285	0.00822	0.01324	0.00807	0.01434	0.14132	0.00335	0.67547	0.00487	0.00243	0.00570
99	0.00724	0.00547	0.00668	0.00638	0.00780	0.00491	0.00478	0.00944	0.01435	0.01953	0.57036	0.04338	0.25657	0.01172	0.00633	0.00172	0.00259	0.01017	0.00565	0.00491
100	0.01021	0.00834	0.01019	0.00855	0.01208	0.00678	0.00708	0.01260	0.01156	0.01696	0.01673	0.02843	0.03082	0.00779	0.00517	0.00137	0.00427	0.24986	0.00380	0.54742
101	0.00760	0.00549	0.00718	0.00675	0.00802	0.00506	0.00506	0.01013	0.01519	0.02153	0.77503	0.04010	0.05065	0.01097	0.00633	0.00169	0.00253	0.00971	0.00591	0.00506
102	0.01692	0.35836	0.16549	0.01041	0.01539	0.01441	0.01064	0.01964	0.01268	0.28509	0.03407	0.01341	0.01035	0.00559	0.00453	0.00145	0.00565	0.00416	0.00393	0.00783
103	0.01774	0.19599	0.01811	0.01137	0.01550	0.01709	0.00966	0.45681	0.15830	0.02693	0.01330	0.01323	0.00995	0.00618	0.00495	0.00154	0.00556	0.00461	0.00469	0.00850
104	0.00777	0.00533	0.00651	0.00651	0.00674	0.00556	0.00407	0.00823	0.00800	0.01090	0.01631	0.03179	0.01807	0.62829	0.20841	0.00602	0.00738	0.00732	0.00316	0.00362
105	0.01668	0.01312	0.06390	0.01944	0.30628	0.03043	0.01230	0.12955	0.11164	0.19657	0.03578	0.01578	0.01174	0.00599	0.00536	0.00165	0.00569	0.00515	0.00440	0.00856
106	0.72589	0.01169	0.00864	0.00773	0.01096	0.08729	0.00626	0.01651	0.00994	0.04228	0.00816	0.00935	0.00632	0.00511	0.00353	0.00162	0.00466	0.00308	0.02507	0.00592
107	0.00654	0.00467	0.00623	0.00747	0.00779	0.00436	0.00498	0.00747	0.01028	0.01370	0.02959	0.80785	0.03550	0.01682	0.00685	0.00218	0.00311	0.01526	0.00498	0.00436
108	0.06939	0.01095	0.01935	0.01731	0.13056	0.03037	0.31016	0.01430	0.01276	0.01827	0.19632	0.10969	0.02132	0.00756	0.00599	0.00177	0.00609	0.00761	0.00377	0.00645
109	0.01535	0.01573	0.01335	0.01180	0.01476	0.24592	0.00914	0.04853	0.42436	0.01918	0.01584	0.01562	0.01222	0.00661	0.00582	0.00164	0.04886	0.00497	0.00432	0.06598
110	0.01077	0.02777	0.78354	0.01530	0.02323	0.01247	0.01983	0.01700	0.01133	0.01700	0.00963	0.01133	0.00680	0.00510	0.00510	0.00170	0.00793	0.00397	0.00227	0.00793
111	0.00957	0.00694	0.00989	0.01165	0.15136	0.00694	0.02607	0.01209	0.01189	0.01817	0.17213	0.02485	0.06719	0.01311	0.13792	0.00270	0.00542	0.00647	0.29999	0.00566
112	0.00872	0.01336	0.28169	0.00978	0.01340	0.00768	0.01029	0.01256	0.01383	0.01993	0.50439	0.02993	0.03514	0.00890	0.00590	0.00169	0.00444	0.00768	0.00462	0.00608
113	0.01862	0.01340	0.01552	0.01238	0.01602	0.18143	0.12835	0.02206	0.07664	0.34138	0.10202	0.01838	0.01554	0.00660	0.00554	0.00164	0.00616	0.00566	0.00498	0.00768
114	0.01663	0.17003	0.21676	0.01324	0.01780	0.38623	0.01259	0.07772	0.01421	0.01568	0.00885	0.01017	0.00706	0.00532	0.00469	0.00144	0.00821	0.00359	0.00276	0.00702

[dist]
# distance from previous block
# <min> <max>
0	1

# created by:
# /home/cegg/simao/soft/augustus-3.2.1/scripts/msa2prfl.pl ./align_prep/29908.fa
