[name]
unknown

[dist]
# distance from previous block
# <min> <max>
0	1

[block]
# block no. 0 follows, 47 sequences, length 21
# corresponding to MSA columns:
# 1-21
name=unknown_A
#
# <colnr> <probs for GDERKNQSTAVLIFYWHMCP>
#	G	D	E	R	K	N	Q	S	T	A	V	L	I	F	Y	W	H	M	C	P
0	0.01323	0.08807	0.22289	0.00972	0.01396	0.00907	0.01000	0.01615	0.01240	0.23975	0.02534	0.02687	0.21549	0.00827	0.00538	0.00168	0.00498	0.06558	0.00434	0.00684
1	0.01980	0.01459	0.01563	0.01198	0.01615	0.01615	0.00990	0.76713	0.02448	0.03282	0.01250	0.01250	0.00886	0.00625	0.00521	0.00156	0.00573	0.00469	0.00521	0.00886
2	0.85377	0.01007	0.00765	0.00685	0.01007	0.01168	0.00564	0.01531	0.00886	0.02336	0.00725	0.00846	0.00564	0.00483	0.00322	0.00161	0.00403	0.00282	0.00322	0.00564
3	0.00690	0.00549	0.00632	0.00663	0.00819	0.00490	0.00532	0.00863	0.01213	0.01505	0.10364	0.05173	0.50505	0.01333	0.00646	0.00193	0.00325	0.22559	0.00490	0.00455
4	0.10577	0.00996	0.01470	0.36529	0.15052	0.01055	0.02696	0.01399	0.01062	0.01607	0.00915	0.01232	0.00723	0.00471	0.00465	0.00144	0.00573	0.00406	0.00267	0.22362
5	0.00737	0.00532	0.00696	0.00655	0.00778	0.00491	0.00491	0.00983	0.01474	0.02088	0.78175	0.03890	0.04914	0.01065	0.00614	0.00164	0.00246	0.00942	0.00573	0.00491
6	0.01732	0.18958	0.01705	0.01161	0.01509	0.43856	0.00934	0.11611	0.01468	0.01575	0.00860	0.00974	0.00710	0.00511	0.00438	0.00126	0.00746	0.00338	0.00296	0.10491
7	0.09059	0.35236	0.24915	0.01189	0.01730	0.01531	0.09975	0.01576	0.01076	0.01543	0.00841	0.01000	0.00679	0.00458	0.00417	0.00137	0.00629	0.00352	0.00243	0.07417
8	0.01566	0.14664	0.19028	0.01226	0.02931	0.23057	0.01140	0.06406	0.11923	0.09551	0.01260	0.01298	0.02592	0.00569	0.00475	0.00149	0.00674	0.00419	0.00345	0.00728
9	0.01297	0.00670	0.00744	0.00668	0.00875	0.00675	0.00520	0.01735	0.13810	0.17316	0.01839	0.01908	0.01368	0.00631	0.00423	0.00138	0.00311	0.00510	0.53940	0.00621
10	0.00703	0.00524	0.00653	0.00636	0.00761	0.00474	0.00471	0.00911	0.01371	0.01878	0.56276	0.11326	0.19757	0.01169	0.00619	0.00171	0.00255	0.01024	0.00547	0.00474
11	0.01445	0.01109	0.01442	0.01243	0.04884	0.01183	0.09676	0.12605	0.36908	0.11565	0.10495	0.01957	0.01708	0.00687	0.00547	0.00169	0.00483	0.00602	0.00504	0.00788
12	0.01199	0.01565	0.28143	0.07421	0.18966	0.01075	0.01368	0.01729	0.10527	0.08981	0.09255	0.04796	0.01422	0.00634	0.00527	0.00166	0.00583	0.00547	0.00354	0.00743
13	0.00768	0.00503	0.00589	0.00589	0.00594	0.00508	0.00342	0.00759	0.00755	0.01011	0.01570	0.03198	0.01787	0.71658	0.06224	0.07255	0.00543	0.00724	0.00307	0.00315
14	0.01769	0.02144	0.01474	0.01458	0.08700	0.60703	0.01023	0.02075	0.10062	0.01445	0.03652	0.01188	0.00936	0.00567	0.00486	0.00142	0.00826	0.00397	0.00308	0.00645
15	0.01413	0.05713	0.32635	0.01457	0.01976	0.21928	0.13818	0.01790	0.01245	0.07681	0.01091	0.04926	0.00866	0.00560	0.00511	0.00158	0.00775	0.00468	0.00286	0.00703
16	0.00758	0.00542	0.00746	0.00867	0.00951	0.00530	0.00699	0.00939	0.01119	0.01468	0.02802	0.35719	0.03174	0.01515	0.00698	0.00229	0.00409	0.45898	0.00481	0.00457
17	0.01228	0.01164	0.01973	0.02967	0.71222	0.01162	0.01495	0.01517	0.01168	0.01667	0.01155	0.08737	0.01069	0.00573	0.00529	0.00160	0.00589	0.00559	0.00279	0.00788
18	0.00624	0.00493	0.00564	0.00620	0.00728	0.00432	0.00437	0.00737	0.01098	0.01370	0.04144	0.40921	0.43059	0.01466	0.00639	0.00193	0.00282	0.01278	0.00484	0.00432
19	0.01091	0.01035	0.01756	0.53277	0.29917	0.01185	0.01500	0.01425	0.01092	0.01461	0.00945	0.01353	0.00740	0.00501	0.00519	0.00167	0.00668	0.00463	0.00241	0.00665
20	0.01248	0.01211	0.01973	0.02701	0.57554	0.01334	0.01474	0.01505	0.01081	0.01580	0.00899	0.01248	0.00787	0.00585	0.00839	0.00175	0.22339	0.00462	0.00250	0.00756

[dist]
# distance from previous block
# <min> <max>
0	1

[block]
# block no. 1 follows, 47 sequences, length 11
# corresponding to MSA columns:
# 23-33
name=unknown_B
#
# <colnr> <probs for GDERKNQSTAVLIFYWHMCP>
#	G	D	E	R	K	N	Q	S	T	A	V	L	I	F	Y	W	H	M	C	P
0	0.01521	0.08177	0.01539	0.01447	0.15934	0.01319	0.00988	0.11142	0.37547	0.12268	0.01672	0.01619	0.01242	0.00620	0.00508	0.00162	0.00487	0.00515	0.00466	0.00826
1	0.00969	0.00690	0.00680	0.00665	0.00803	0.05096	0.00489	0.01322	0.11170	0.01733	0.06005	0.09525	0.08428	0.07582	0.04004	0.00206	0.00382	0.00682	0.39054	0.00513
2	0.07107	0.01239	0.01804	0.25370	0.44573	0.08017	0.01431	0.01557	0.01148	0.01600	0.00931	0.01257	0.00755	0.00488	0.00500	0.00159	0.00653	0.00440	0.00255	0.00716
3	0.00823	0.00503	0.00744	0.00744	0.00786	0.00545	0.00535	0.00797	0.00755	0.01049	0.01168	0.01895	0.01140	0.07245	0.37281	0.41993	0.00883	0.00517	0.00255	0.00340
4	0.00674	0.00533	0.00617	0.00667	0.00805	0.00476	0.00520	0.00826	0.01159	0.01432	0.04260	0.17691	0.47406	0.01400	0.00649	0.00197	0.00323	0.19436	0.00483	0.00447
5	0.00656	0.00529	0.00584	0.00570	0.00728	0.00457	0.00428	0.00826	0.01283	0.01636	0.29765	0.04635	0.53606	0.01233	0.00615	0.00172	0.00258	0.01046	0.00514	0.00457
6	0.00703	0.00491	0.00623	0.00674	0.00701	0.00492	0.00436	0.00769	0.00871	0.01175	0.02124	0.36181	0.02462	0.36289	0.13230	0.00430	0.00551	0.01034	0.00381	0.00383
7	0.05408	0.00984	0.01519	0.02067	0.42941	0.00980	0.01126	0.01514	0.04426	0.06637	0.24608	0.02116	0.02118	0.00669	0.00537	0.00159	0.00475	0.00609	0.00392	0.00714
8	0.00642	0.00529	0.00564	0.00555	0.00720	0.00451	0.00417	0.00799	0.01250	0.01556	0.21220	0.04766	0.62201	0.01263	0.00615	0.00173	0.00260	0.01065	0.00503	0.00451
9	0.01277	0.18143	0.25099	0.06139	0.14225	0.01440	0.08896	0.08573	0.08115	0.01752	0.01046	0.01213	0.00807	0.00507	0.00484	0.00154	0.00659	0.00429	0.00287	0.00756
10	0.25451	0.13049	0.01519	0.01260	0.09174	0.21940	0.00930	0.05394	0.01161	0.01710	0.00812	0.01006	0.00686	0.00650	0.02836	0.00174	0.10980	0.00354	0.00284	0.00630

[dist]
# distance from previous block
# <min> <max>
0	1

[block]
# block no. 2 follows, 47 sequences, length 11
# corresponding to MSA columns:
# 35-45
name=unknown_C
#
# <colnr> <probs for GDERKNQSTAVLIFYWHMCP>
#	G	D	E	R	K	N	Q	S	T	A	V	L	I	F	Y	W	H	M	C	P
0	0.01249	0.34519	0.01723	0.05182	0.06282	0.06515	0.00815	0.01584	0.08611	0.01585	0.05634	0.01459	0.01181	0.00558	0.00408	0.00131	0.00484	0.00424	0.21028	0.00629
1	0.01040	0.01691	0.36294	0.01505	0.14149	0.01048	0.01361	0.04774	0.01164	0.01682	0.10705	0.06926	0.01523	0.08311	0.00799	0.00201	0.05264	0.00581	0.00310	0.00672
2	0.00689	0.00526	0.00590	0.00574	0.00725	0.00463	0.00430	0.00873	0.01291	0.01709	0.33176	0.04352	0.44252	0.01168	0.00596	0.00167	0.00255	0.00993	0.06706	0.00463
3	0.00936	0.04394	0.00891	0.00750	0.00945	0.05301	0.00580	0.04989	0.10851	0.01896	0.38076	0.03501	0.22888	0.01006	0.00579	0.00164	0.00341	0.00851	0.00509	0.00553
4	0.00692	0.00531	0.00633	0.00608	0.00750	0.00472	0.00456	0.00895	0.01367	0.01835	0.51027	0.04308	0.32220	0.01159	0.00615	0.00168	0.00252	0.01000	0.00540	0.00472
5	0.01263	0.07011	0.32428	0.01486	0.07442	0.01321	0.05147	0.04981	0.01144	0.08437	0.03727	0.01287	0.00902	0.00628	0.00798	0.00176	0.20363	0.00448	0.00291	0.00720
6	0.06906	0.01706	0.11511	0.01901	0.26394	0.16054	0.03538	0.22034	0.01554	0.02082	0.01000	0.01164	0.00774	0.00526	0.00496	0.00154	0.00680	0.00424	0.00331	0.00773
7	0.01301	0.12995	0.11753	0.01878	0.27176	0.01211	0.11573	0.01642	0.02866	0.09179	0.01254	0.06537	0.01047	0.00571	0.00500	0.00155	0.00594	0.00524	0.06512	0.00733
8	0.85377	0.01007	0.00765	0.00685	0.01007	0.01168	0.00564	0.01531	0.00886	0.02336	0.00725	0.00846	0.00564	0.00483	0.00322	0.00161	0.00403	0.00282	0.00322	0.00564
9	0.01600	0.08204	0.17664	0.01540	0.14879	0.11749	0.01230	0.13206	0.09283	0.13738	0.01249	0.01302	0.00917	0.00555	0.00494	0.00154	0.00633	0.00438	0.00375	0.00790
10	0.54957	0.01050	0.00936	0.00812	0.01133	0.01195	0.00659	0.10633	0.13701	0.04494	0.05149	0.01260	0.01020	0.00572	0.00401	0.00163	0.00417	0.00396	0.00402	0.00650

[dist]
# distance from previous block
# <min> <max>
0	1

[block]
# block no. 3 follows, 47 sequences, length 10
# corresponding to MSA columns:
# 47-56
name=unknown_D
#
# <colnr> <probs for GDERKNQSTAVLIFYWHMCP>
#	G	D	E	R	K	N	Q	S	T	A	V	L	I	F	Y	W	H	M	C	P
0	0.20748	0.21667	0.04630	0.00965	0.01346	0.08147	0.00845	0.08795	0.15221	0.08822	0.01168	0.01189	0.00892	0.00544	0.00421	0.00146	0.00523	0.00385	0.00373	0.03172
1	0.01241	0.00656	0.00896	0.00862	0.03825	0.00603	0.00628	0.01428	0.01287	0.26395	0.22910	0.21025	0.06567	0.01306	0.07666	0.00235	0.00440	0.00889	0.00533	0.00610
2	0.01500	0.30969	0.11006	0.01297	0.10137	0.01563	0.01085	0.13704	0.13494	0.08640	0.01199	0.01241	0.00920	0.00541	0.00451	0.00144	0.00558	0.00413	0.00359	0.00776
3	0.01173	0.25794	0.48478	0.01266	0.01891	0.01468	0.01506	0.01740	0.09089	0.01580	0.00997	0.01110	0.00760	0.00503	0.00451	0.00150	0.00670	0.00375	0.00253	0.00746
4	0.00686	0.00476	0.00595	0.00663	0.00686	0.00457	0.00421	0.00750	0.00931	0.01248	0.06173	0.48311	0.02937	0.31572	0.01405	0.00319	0.00375	0.01183	0.00425	0.00386
5	0.01048	0.00822	0.01154	0.08378	0.14968	0.00856	0.00867	0.09311	0.05035	0.03765	0.24602	0.12413	0.02553	0.02971	0.06345	0.00228	0.00504	0.03128	0.00439	0.00611
6	0.05995	0.12103	0.05565	0.01637	0.21782	0.01240	0.05349	0.08763	0.04975	0.25491	0.01342	0.01378	0.00965	0.00544	0.00489	0.00154	0.00553	0.00459	0.00410	0.00805
7	0.04138	0.04210	0.18939	0.01313	0.08477	0.01215	0.01149	0.24401	0.03998	0.18837	0.07004	0.01523	0.01219	0.00610	0.00510	0.00159	0.00559	0.00488	0.00444	0.00806
8	0.00641	0.00476	0.00582	0.00662	0.00726	0.00434	0.00446	0.00734	0.01023	0.01320	0.03362	0.55273	0.22025	0.08720	0.00830	0.00229	0.00311	0.01320	0.00468	0.00418
9	0.01197	0.28494	0.01694	0.00937	0.05253	0.01187	0.00761	0.01410	0.01078	0.01537	0.00860	0.01008	0.00739	0.00410	0.00375	0.00093	0.00456	0.00306	0.00277	0.51930

[dist]
# distance from previous block
# <min> <max>
0	3

[block]
# block no. 4 follows, 47 sequences, length 10
# corresponding to MSA columns:
# 60-69
name=unknown_E
#
# <colnr> <probs for GDERKNQSTAVLIFYWHMCP>
#	G	D	E	R	K	N	Q	S	T	A	V	L	I	F	Y	W	H	M	C	P
0	0.01591	0.08768	0.07879	0.01539	0.17036	0.11520	0.02751	0.03757	0.17921	0.17690	0.01407	0.01425	0.01039	0.00565	0.00495	0.00153	0.00585	0.00463	0.00399	0.03016
1	0.03938	0.18593	0.01456	0.00936	0.01259	0.11222	0.00778	0.21026	0.08457	0.01936	0.02261	0.02216	0.22329	0.00771	0.00495	0.00151	0.00510	0.00591	0.00409	0.00664
2	0.01279	0.36314	0.08736	0.01310	0.01789	0.01571	0.21938	0.01716	0.10055	0.01537	0.01014	0.01167	0.00819	0.00473	0.00453	0.00138	0.00631	0.00419	0.00278	0.08365
3	0.00971	0.00485	0.00485	0.00485	0.00607	0.00485	0.00364	0.01213	0.01092	0.01942	0.01699	0.01942	0.01335	0.00607	0.00364	0.00121	0.00243	0.00485	0.84589	0.00485
4	0.01735	0.00915	0.01349	0.32824	0.02236	0.00952	0.01042	0.02067	0.05611	0.43404	0.01605	0.01628	0.01068	0.00598	0.00523	0.00167	0.00542	0.00503	0.00472	0.00759
5	0.00750	0.00534	0.00717	0.00717	0.00769	0.00586	0.00502	0.00853	0.00801	0.01120	0.01504	0.02653	0.01565	0.38564	0.45336	0.00689	0.00998	0.00647	0.00295	0.00398
6	0.11677	0.00689	0.00847	0.00734	0.00959	0.00651	0.00576	0.01482	0.01406	0.23372	0.47483	0.02926	0.03370	0.00876	0.00553	0.00163	0.00320	0.00744	0.00562	0.00610
7	0.00749	0.00521	0.00669	0.00646	0.00760	0.00485	0.00479	0.00981	0.01397	0.02008	0.64549	0.10573	0.04458	0.01073	0.00596	0.00164	0.00250	0.00948	0.08208	0.00485
8	0.00749	0.00532	0.00706	0.00701	0.00758	0.00570	0.00489	0.00863	0.00878	0.01227	0.10482	0.02842	0.01976	0.36710	0.37597	0.00617	0.00881	0.00688	0.00329	0.00404
9	0.01352	0.72732	0.11652	0.00960	0.01444	0.01961	0.01012	0.01570	0.01063	0.01275	0.00749	0.00866	0.00667	0.00451	0.00353	0.00118	0.00582	0.00291	0.00222	0.00680

[dist]
# distance from previous block
# <min> <max>
0	2

[block]
# block no. 5 follows, 47 sequences, length 45
# corresponding to MSA columns:
# 72-89,91-117
name=unknown_F
#
# <colnr> <probs for GDERKNQSTAVLIFYWHMCP>
#	G	D	E	R	K	N	Q	S	T	A	V	L	I	F	Y	W	H	M	C	P
0	0.01484	0.01227	0.11917	0.01582	0.21004	0.01030	0.02572	0.02026	0.17060	0.21665	0.01554	0.01597	0.01131	0.00620	0.00552	0.02784	0.00515	0.00499	0.08399	0.00780
1	0.55531	0.01027	0.00816	0.00740	0.01006	0.08544	0.00588	0.01442	0.01095	0.02170	0.20695	0.01640	0.01695	0.00638	0.00412	0.00159	0.00414	0.00457	0.00382	0.00549
2	0.01428	0.01553	0.01985	0.24255	0.06803	0.22637	0.21916	0.08886	0.01351	0.01615	0.00959	0.01248	0.00740	0.00515	0.00550	0.00161	0.01985	0.00470	0.00280	0.00663
3	0.01198	0.03975	0.05151	0.14378	0.38676	0.07691	0.01329	0.01528	0.03899	0.01525	0.01057	0.01402	0.00887	0.01065	0.13757	0.00270	0.00784	0.00464	0.00265	0.00700
4	0.00645	0.00509	0.00581	0.00605	0.00732	0.00446	0.00438	0.00789	0.01195	0.01524	0.19328	0.24659	0.44006	0.01349	0.00628	0.00183	0.00270	0.01167	0.00502	0.00446
5	0.01058	0.01028	0.01431	0.01199	0.01338	0.05541	0.10368	0.01321	0.04529	0.01649	0.28781	0.02190	0.02264	0.00877	0.01054	0.00191	0.33586	0.00650	0.00373	0.00571
6	0.00719	0.00489	0.00579	0.00617	0.00626	0.00480	0.00367	0.00747	0.00831	0.01109	0.02021	0.27501	0.02373	0.56951	0.02037	0.00414	0.00442	0.00981	0.00367	0.00349
7	0.00714	0.00512	0.00576	0.00576	0.00637	0.00483	0.00365	0.00782	0.00966	0.01259	0.12232	0.07321	0.21512	0.47831	0.01796	0.00366	0.00403	0.00898	0.00398	0.00374
8	0.00782	0.00558	0.00773	0.00893	0.00988	0.00550	0.00739	0.00980	0.01142	0.01494	0.02789	0.27056	0.03123	0.01493	0.00704	0.00232	0.00430	0.54330	0.00481	0.00464
9	0.00806	0.00514	0.00755	0.00755	0.00805	0.00564	0.00548	0.00821	0.00771	0.01078	0.01231	0.01985	0.01201	0.09603	0.43971	0.32470	0.00965	0.00535	0.00262	0.00363
10	0.02009	0.00947	0.01169	0.00926	0.01285	0.00913	0.00755	0.13880	0.08906	0.50072	0.01892	0.01729	0.01261	0.00643	0.00504	0.00157	0.00435	0.00517	0.11171	0.00830
11	0.01228	0.00965	0.01249	0.21362	0.01878	0.00908	0.00877	0.05985	0.05490	0.08325	0.01109	0.01277	0.00849	0.00475	0.00448	0.00119	0.00483	0.00392	0.00343	0.46237
12	0.10423	0.24228	0.23894	0.01044	0.01546	0.01365	0.01097	0.09913	0.01214	0.01787	0.02081	0.04603	0.00878	0.00536	0.00426	0.00137	0.00561	0.00398	0.00296	0.13571
13	0.11733	0.04938	0.01285	0.01013	0.01336	0.15248	0.00815	0.28271	0.08791	0.06664	0.02727	0.01366	0.01025	0.00599	0.00461	0.00148	0.00544	0.00440	0.11876	0.00720
14	0.02232	0.01053	0.01312	0.01006	0.01413	0.01013	0.00831	0.24169	0.01770	0.56785	0.01820	0.01620	0.01171	0.00639	0.00523	0.00160	0.00481	0.00508	0.00609	0.00886
15	0.01381	0.01392	0.01259	0.01085	0.04585	0.21195	0.00808	0.04335	0.14887	0.01728	0.01121	0.01212	0.00898	0.00493	0.00443	0.00116	0.00549	0.00377	0.00343	0.41792
16	0.01261	0.00985	0.01095	0.00943	0.01204	0.01075	0.00741	0.21154	0.29508	0.02429	0.30558	0.02498	0.02661	0.00821	0.00559	0.00167	0.00391	0.00691	0.00544	0.00715
17	0.01364	0.01483	0.01930	0.22532	0.31210	0.20474	0.10393	0.01656	0.01225	0.01497	0.00932	0.01243	0.00749	0.00493	0.00517	0.00157	0.00748	0.00450	0.00254	0.00692
18	0.01464	0.26708	0.09236	0.01001	0.01473	0.01430	0.00937	0.22355	0.01467	0.04449	0.00989	0.01074	0.00776	0.00490	0.00422	0.00121	0.00530	0.00358	0.00343	0.24376
19	0.00983	0.00926	0.01562	0.80447	0.03587	0.01157	0.01446	0.01331	0.01041	0.01331	0.00926	0.01388	0.00694	0.00521	0.00521	0.00174	0.00694	0.00463	0.00231	0.00579
20	0.01006	0.00789	0.00963	0.00996	0.01180	0.00854	0.00834	0.01696	0.29082	0.01785	0.02524	0.04438	0.02483	0.01171	0.00650	0.00217	0.00455	0.47775	0.00498	0.00606
21	0.00891	0.00755	0.00797	0.00747	0.00962	0.00774	0.00572	0.01550	0.30491	0.01784	0.12798	0.03700	0.40060	0.01054	0.00583	0.00175	0.00319	0.00885	0.00512	0.00593
22	0.00744	0.00558	0.00837	0.00837	0.00930	0.00651	0.00651	0.00930	0.00837	0.01209	0.01395	0.02046	0.01302	0.03906	0.79635	0.00837	0.01395	0.00558	0.00279	0.00465
23	0.02151	0.01184	0.01393	0.01068	0.01478	0.01207	0.00882	0.41128	0.01989	0.39517	0.01636	0.01501	0.01079	0.00634	0.00522	0.00159	0.00511	0.00495	0.00580	0.00886
24	0.01730	0.01334	0.01422	0.01148	0.01520	0.01498	0.00929	0.49694	0.29875	0.02879	0.01568	0.01503	0.01143	0.00655	0.00524	0.00164	0.00514	0.00513	0.00524	0.00863
25	0.01730	0.01334	0.01422	0.01148	0.01520	0.01498	0.00929	0.49694	0.29875	0.02879	0.01568	0.01503	0.01143	0.00655	0.00524	0.00164	0.00514	0.00513	0.00524	0.00863
26	0.01259	0.01207	0.02061	0.10632	0.71244	0.01230	0.01584	0.01572	0.01172	0.01666	0.00974	0.01298	0.00812	0.00469	0.00516	0.00156	0.00626	0.00464	0.00255	0.00801
27	0.01317	0.24027	0.02891	0.01773	0.02271	0.01542	0.51070	0.05863	0.01250	0.01635	0.00972	0.01236	0.00761	0.00451	0.00531	0.00156	0.00771	0.00512	0.00266	0.00703
28	0.10007	0.00970	0.01156	0.00944	0.01306	0.00968	0.00764	0.02512	0.24929	0.47764	0.01947	0.01736	0.01312	0.00648	0.00506	0.00166	0.00430	0.00521	0.00578	0.00836
29	0.00671	0.00487	0.00633	0.00687	0.00760	0.00449	0.00481	0.00821	0.01184	0.01612	0.30543	0.48081	0.08851	0.01404	0.00643	0.00192	0.00279	0.01259	0.00516	0.00449
30	0.06897	0.01291	0.24983	0.01025	0.01346	0.00850	0.01011	0.03606	0.01097	0.08140	0.01879	0.37163	0.01964	0.01044	0.00631	0.00189	0.05004	0.00888	0.00391	0.00602
31	0.01377	0.09161	0.02097	0.02752	0.61823	0.10705	0.01459	0.01652	0.01208	0.01604	0.00934	0.01203	0.00791	0.00471	0.00493	0.00148	0.00651	0.00431	0.00256	0.00783
32	0.01621	0.01166	0.01807	0.04792	0.47983	0.01161	0.01315	0.10519	0.01404	0.21123	0.01278	0.01408	0.00944	0.00529	0.00518	0.00157	0.00572	0.00479	0.00384	0.00840
33	0.00630	0.00472	0.00584	0.00674	0.00742	0.00427	0.00461	0.00731	0.01046	0.01349	0.03490	0.61680	0.22722	0.01551	0.00652	0.00202	0.00292	0.01382	0.00483	0.00427
34	0.09364	0.14770	0.45763	0.01230	0.01845	0.01325	0.01438	0.07522	0.01199	0.06123	0.00969	0.01082	0.00710	0.00500	0.00452	0.00152	0.00651	0.00369	0.00281	0.04257
35	0.85377	0.01007	0.00765	0.00685	0.01007	0.01168	0.00564	0.01531	0.00886	0.02336	0.00725	0.00846	0.00564	0.00483	0.00322	0.00161	0.00403	0.00282	0.00322	0.00564
36	0.01238	0.00853	0.01003	0.00859	0.01097	0.00880	0.00674	0.17441	0.13456	0.09625	0.42896	0.02829	0.03203	0.00876	0.00573	0.00164	0.00359	0.00747	0.00562	0.00664
37	0.01440	0.01413	0.01499	0.11741	0.19990	0.21346	0.01120	0.08969	0.08632	0.04155	0.07993	0.01821	0.01366	0.00652	0.00529	0.00161	0.00639	0.05480	0.00363	0.00692
38	0.01203	0.00699	0.00953	0.00980	0.08404	0.00643	0.00669	0.03025	0.01370	0.21755	0.30465	0.15051	0.10642	0.01001	0.00587	0.00171	0.00350	0.00876	0.00537	0.00619
39	0.00955	0.00743	0.00914	0.00863	0.00992	0.00824	0.00648	0.08477	0.12984	0.01698	0.13388	0.19569	0.02340	0.10932	0.15877	0.00347	0.06646	0.00828	0.00430	0.00547
40	0.06057	0.01026	0.01319	0.10885	0.16130	0.01112	0.00982	0.02081	0.32681	0.11558	0.01978	0.01965	0.08620	0.00677	0.00522	0.00169	0.00474	0.00574	0.00441	0.00751
41	0.01428	0.01396	0.01421	0.01217	0.01451	0.21077	0.08142	0.20805	0.01493	0.01843	0.01510	0.23653	0.01517	0.00899	0.00689	0.00176	0.09532	0.00731	0.00389	0.00631
42	0.00940	0.01144	0.22685	0.00940	0.01237	0.00694	0.00917	0.01225	0.01196	0.09072	0.21658	0.31210	0.02834	0.01071	0.00590	0.00181	0.00432	0.00942	0.00448	0.00582
43	0.01216	0.00687	0.00853	0.00745	0.00973	0.00635	0.00581	0.01544	0.08740	0.23491	0.35055	0.03331	0.18100	0.00963	0.00581	0.00167	0.00321	0.00822	0.00571	0.00624
44	0.09188	0.02095	0.49750	0.01374	0.01885	0.01314	0.01573	0.01527	0.00994	0.01604	0.00844	0.01086	0.00657	0.00611	0.00819	0.00182	0.23176	0.00395	0.00232	0.00694

[dist]
# distance from previous block
# <min> <max>
0	1

[block]
# block no. 6 follows, 47 sequences, length 8
# corresponding to MSA columns:
# 119-126
name=unknown_G
#
# <colnr> <probs for GDERKNQSTAVLIFYWHMCP>
#	G	D	E	R	K	N	Q	S	T	A	V	L	I	F	Y	W	H	M	C	P
0	0.01212	0.00806	0.01127	0.01177	0.11105	0.00825	0.00802	0.01385	0.01146	0.17620	0.09437	0.14985	0.05478	0.07539	0.00921	0.00207	0.13023	0.05040	0.00432	0.05731
1	0.18366	0.19726	0.01937	0.01218	0.01624	0.05374	0.16205	0.22923	0.01472	0.02128	0.01020	0.03911	0.00832	0.00549	0.00460	0.00152	0.00606	0.00447	0.00347	0.00704
2	0.01268	0.53755	0.29900	0.01102	0.01663	0.01757	0.01259	0.01591	0.01073	0.01376	0.00799	0.00929	0.00665	0.00463	0.00391	0.00130	0.00633	0.00316	0.00222	0.00704
3	0.00688	0.00502	0.00633	0.00656	0.00744	0.00462	0.00462	0.00846	0.01215	0.01652	0.36741	0.30734	0.13405	0.07875	0.00798	0.00210	0.00289	0.01133	0.00510	0.00447
4	0.01700	0.12525	0.01499	0.09456	0.06402	0.01143	0.00904	0.13849	0.04516	0.29664	0.01637	0.04040	0.03488	0.00635	0.00493	0.00153	0.00496	0.00513	0.04321	0.02567
5	0.04305	0.23286	0.19591	0.01177	0.05951	0.01373	0.01103	0.08804	0.11021	0.06443	0.10714	0.01539	0.01374	0.00598	0.00470	0.00150	0.00542	0.00468	0.00364	0.00728
6	0.01161	0.00769	0.05418	0.01011	0.07319	0.00644	0.00722	0.01322	0.01110	0.20640	0.02185	0.35498	0.02242	0.11413	0.03935	0.00254	0.00463	0.02852	0.00461	0.00581
7	0.03644	0.00987	0.01298	0.01495	0.20684	0.05303	0.00934	0.04317	0.03290	0.18759	0.01725	0.21347	0.01601	0.00855	0.00636	0.00174	0.06965	0.00722	0.04579	0.00684

[dist]
# distance from previous block
# <min> <max>
0	2

# created by:
# /home/cegg/simao/soft/augustus-3.2.1/scripts/msa2prfl.pl ./align_prep/29916.fa
