[name]
unknown

[dist]
# distance from previous block
# <min> <max>
0	7

[block]
# block no. 0 follows, 36 sequences, length 14
# corresponding to MSA columns:
# 523-536
name=unknown_A
#
# <colnr> <probs for GDERKNQSTAVLIFYWHMCP>
#	G	D	E	R	K	N	Q	S	T	A	V	L	I	F	Y	W	H	M	C	P
0	0.01354	0.07235	0.01450	0.01137	0.01406	0.01147	0.04967	0.16708	0.02823	0.02134	0.02233	0.10092	0.04322	0.17205	0.03234	0.00316	0.00635	0.15675	0.00487	0.05440
1	0.01368	0.20323	0.52657	0.01778	0.08191	0.01683	0.01988	0.01944	0.01312	0.01862	0.01065	0.01261	0.00808	0.00575	0.00550	0.00182	0.00848	0.00439	0.00268	0.00898
2	0.01274	0.01000	0.01287	0.01125	0.01380	0.01023	0.06475	0.20641	0.01711	0.02259	0.03081	0.24954	0.17220	0.04039	0.09225	0.00317	0.00651	0.01109	0.00536	0.00691
3	0.01413	0.11720	0.59076	0.01664	0.02491	0.03678	0.02045	0.07311	0.01445	0.02051	0.01114	0.01288	0.00811	0.00598	0.00571	0.00188	0.00879	0.00452	0.00292	0.00912
4	0.01870	0.01816	0.01805	0.13973	0.12134	0.23899	0.01323	0.13103	0.06902	0.06420	0.01438	0.05937	0.01190	0.00765	0.00687	0.00192	0.04698	0.00595	0.00421	0.00831
5	0.01940	0.08428	0.01713	0.01370	0.01726	0.46648	0.01058	0.04433	0.01612	0.01683	0.01164	0.05137	0.01044	0.00908	0.04911	0.00201	0.00955	0.00481	0.00349	0.14241
6	0.01161	0.00581	0.00581	0.00581	0.00726	0.00581	0.00436	0.01452	0.01307	0.02323	0.02033	0.02323	0.01597	0.00726	0.00436	0.00145	0.00290	0.00581	0.81562	0.00581
7	0.01530	0.01288	0.01402	0.01184	0.01596	0.01357	0.00937	0.08658	0.45021	0.02536	0.02089	0.02148	0.01627	0.00766	0.00595	0.00180	0.00504	0.03162	0.00559	0.22861
8	0.00749	0.00581	0.00683	0.00765	0.00877	0.00515	0.00533	0.00879	0.01291	0.01631	0.04677	0.46716	0.34299	0.01790	0.00770	0.00235	0.00342	0.01574	0.00578	0.00515
9	0.00879	0.00640	0.00903	0.00919	0.00999	0.00712	0.00673	0.01042	0.01003	0.01413	0.01929	0.11255	0.01993	0.19639	0.52141	0.00834	0.01300	0.00841	0.00370	0.00513
10	0.00780	0.00615	0.00678	0.00689	0.00857	0.00532	0.00504	0.00917	0.01388	0.01721	0.13200	0.13990	0.52806	0.01630	0.00866	0.06122	0.00335	0.01292	0.00568	0.00512
11	0.01472	0.28466	0.01797	0.00930	0.01273	0.01403	0.00815	0.01710	0.01281	0.07366	0.01442	0.01670	0.01181	0.00955	0.06281	0.00212	0.05360	0.00477	0.26054	0.09853
12	0.07672	0.01125	0.01172	0.01050	0.01360	0.03314	0.00815	0.09817	0.24263	0.10500	0.03182	0.13416	0.17527	0.01113	0.00656	0.00209	0.00479	0.00924	0.00600	0.00805
13	0.07488	0.45840	0.04240	0.01277	0.07080	0.01997	0.01081	0.11518	0.01512	0.01984	0.01596	0.01680	0.09075	0.00687	0.00489	0.00159	0.00628	0.00495	0.00363	0.00813

[dist]
# distance from previous block
# <min> <max>
0	1

[block]
# block no. 1 follows, 36 sequences, length 167
# corresponding to MSA columns:
# 538-589,591-670,673-681,683-687,691-695,699-714
name=unknown_B
#
# <colnr> <probs for GDERKNQSTAVLIFYWHMCP>
#	G	D	E	R	K	N	Q	S	T	A	V	L	I	F	Y	W	H	M	C	P
0	0.14020	0.01726	0.01549	0.09374	0.08565	0.25820	0.02583	0.02090	0.06483	0.06809	0.01886	0.02220	0.08534	0.00804	0.00596	0.00192	0.00759	0.04820	0.00419	0.00751
1	0.14560	0.01075	0.01124	0.00948	0.01279	0.01130	0.00756	0.17396	0.06456	0.02676	0.05869	0.01934	0.01507	0.01027	0.06524	0.00231	0.00557	0.00556	0.22516	0.11877
2	0.01520	0.17276	0.27630	0.01407	0.01947	0.08456	0.01471	0.10693	0.01513	0.01978	0.01524	0.01953	0.05169	0.05491	0.00835	0.00215	0.06091	0.03670	0.00354	0.00808
3	0.01522	0.18730	0.06087	0.01015	0.01409	0.01227	0.00898	0.01915	0.08548	0.16342	0.09869	0.09976	0.12961	0.00982	0.00607	0.00184	0.00504	0.00807	0.00530	0.05888
4	0.11977	0.01176	0.01305	0.10512	0.01786	0.04342	0.00868	0.01660	0.01301	0.04540	0.01409	0.01588	0.05011	0.00579	0.00498	0.00133	0.00535	0.00452	0.00383	0.49944
5	0.02099	0.01611	0.01718	0.01379	0.01829	0.01806	0.01119	0.49478	0.26029	0.03492	0.01838	0.01769	0.01337	0.00780	0.00627	0.00195	0.00622	0.00608	0.00627	0.01035
6	0.01195	0.01052	0.01037	0.00980	0.01203	0.08555	0.00730	0.07964	0.09068	0.02077	0.13179	0.25166	0.18120	0.01331	0.00699	0.00207	0.00471	0.01140	0.00565	0.05262
7	0.04128	0.01720	0.01673	0.01339	0.01791	0.15328	0.01081	0.32214	0.04783	0.26970	0.01741	0.01654	0.01194	0.00736	0.00608	0.00185	0.00705	0.00553	0.00612	0.00986
8	0.01605	0.10305	0.41326	0.01549	0.02235	0.05782	0.01733	0.18439	0.01682	0.02297	0.01170	0.01354	0.00874	0.00731	0.00702	0.05677	0.00826	0.00473	0.00352	0.00886
9	0.00759	0.00611	0.00676	0.00704	0.00867	0.00529	0.00511	0.00921	0.01408	0.01757	0.13588	0.22510	0.49720	0.01629	0.00750	0.00219	0.00324	0.01399	0.00591	0.00529
10	0.01425	0.01536	0.03135	0.17343	0.15012	0.01523	0.46766	0.01903	0.01418	0.01923	0.01216	0.01654	0.00930	0.00549	0.00694	0.00206	0.00957	0.00670	0.00307	0.00835
11	0.01642	0.01574	0.02375	0.03387	0.60973	0.05692	0.01768	0.06749	0.05795	0.02168	0.01263	0.01562	0.01036	0.00590	0.00615	0.00185	0.00743	0.00556	0.00350	0.00977
12	0.01617	0.05984	0.02433	0.10078	0.52736	0.11233	0.03200	0.01957	0.01441	0.01895	0.01123	0.01471	0.00937	0.00571	0.00600	0.00182	0.00801	0.00526	0.00305	0.00911
13	0.00756	0.00555	0.00710	0.00834	0.00895	0.00509	0.00564	0.00871	0.01225	0.01603	0.03837	0.67650	0.13908	0.01900	0.00787	0.00247	0.00355	0.01707	0.00578	0.00509
14	0.01250	0.03223	0.74875	0.01776	0.02697	0.01447	0.02302	0.01973	0.01315	0.01973	0.01118	0.01315	0.00789	0.00592	0.00592	0.00197	0.00921	0.00460	0.00263	0.00921
15	0.02100	0.22473	0.07136	0.01382	0.01894	0.11960	0.01231	0.39304	0.02221	0.02816	0.01231	0.01301	0.00937	0.00666	0.00553	0.00170	0.00755	0.00472	0.00463	0.00936
16	0.01719	0.01812	0.02295	0.01761	0.02249	0.18668	0.25954	0.10192	0.06478	0.02143	0.01351	0.04195	0.01098	0.00638	0.00623	0.00174	0.00847	0.00600	0.00394	0.16808
17	0.02191	0.02383	0.01998	0.01897	0.11115	0.42460	0.05300	0.20919	0.02015	0.02255	0.01148	0.01307	0.00902	0.00653	0.00595	0.00173	0.00955	0.00482	0.00400	0.00852
18	0.01329	0.15615	0.09209	0.01105	0.01442	0.08778	0.00979	0.05837	0.06415	0.02127	0.27068	0.12490	0.03109	0.01030	0.00635	0.00189	0.00558	0.00859	0.00506	0.00720
19	0.04809	0.16730	0.22019	0.01399	0.01986	0.06221	0.01412	0.19215	0.01783	0.14257	0.01354	0.01410	0.00978	0.00666	0.00605	0.00182	0.03121	0.00482	0.00443	0.00926
20	0.01535	0.01737	0.08759	0.07802	0.37094	0.12926	0.01596	0.02009	0.07153	0.02019	0.09808	0.01893	0.01578	0.00684	0.00622	0.00187	0.00751	0.00601	0.00374	0.00872
21	0.01542	0.01480	0.02529	0.03824	0.74217	0.01480	0.01912	0.01912	0.01419	0.02036	0.01172	0.01542	0.00987	0.00555	0.00617	0.00185	0.00740	0.00555	0.00308	0.00987
22	0.01326	0.00809	0.00982	0.00989	0.05962	0.00745	0.00696	0.01648	0.05902	0.16315	0.12106	0.04009	0.31803	0.01144	0.00656	0.00194	0.00391	0.00960	0.12659	0.00706
23	0.01576	0.02398	0.42863	0.02174	0.18521	0.01376	0.05942	0.02132	0.01423	0.13686	0.01354	0.01516	0.00963	0.00609	0.00611	0.00195	0.00825	0.00524	0.00358	0.00953
24	0.46517	0.01140	0.01155	0.00950	0.01379	0.01180	0.00784	0.02376	0.01387	0.35236	0.01586	0.01513	0.01066	0.00665	0.00494	0.00193	0.00504	0.00468	0.00560	0.00849
25	0.00905	0.00646	0.00890	0.01034	0.01134	0.00632	0.00832	0.01120	0.01337	0.01754	0.03354	0.35637	0.03802	0.01815	0.00834	0.00273	0.00488	0.42393	0.00576	0.00546
26	0.01274	0.02811	0.58153	0.08808	0.02922	0.01459	0.12009	0.01941	0.01331	0.01941	0.01137	0.01399	0.00815	0.00585	0.00615	0.00200	0.00931	0.00508	0.00272	0.00888
27	0.01602	0.20220	0.15871	0.01628	0.02099	0.18025	0.12740	0.01928	0.01372	0.01671	0.01164	0.06399	0.01047	0.00735	0.00768	0.00190	0.10895	0.00561	0.00307	0.00776
28	0.00901	0.00697	0.00839	0.00916	0.01028	0.00699	0.00642	0.01317	0.14371	0.01786	0.03576	0.56275	0.11149	0.01710	0.00759	0.00241	0.00381	0.01528	0.00589	0.00596
29	0.00739	0.00620	0.00643	0.00662	0.00850	0.00523	0.00487	0.00891	0.01390	0.01671	0.05935	0.15383	0.64820	0.01627	0.00744	0.00216	0.00322	0.01375	0.00579	0.00523
30	0.00874	0.00646	0.00759	0.00789	0.00875	0.00634	0.00528	0.01081	0.05986	0.01582	0.07139	0.25727	0.15672	0.28709	0.05851	0.00405	0.00518	0.01216	0.00504	0.00504
31	0.14768	0.01748	0.01309	0.01222	0.01448	0.32228	0.00923	0.01840	0.01378	0.04289	0.01467	0.09572	0.01444	0.06402	0.01021	0.07771	0.05301	0.04857	0.00385	0.00627
32	0.00930	0.00758	0.00954	0.00986	0.01121	0.00792	0.00792	0.01159	0.03163	0.01726	0.04037	0.17732	0.28021	0.01605	0.00955	0.00250	0.10446	0.23466	0.00538	0.00570
33	0.00928	0.00737	0.00827	0.00848	0.01018	0.00726	0.00617	0.01396	0.15474	0.01901	0.08215	0.30814	0.28256	0.01520	0.00727	0.00223	0.00365	0.01322	0.03471	0.00615
34	0.01454	0.01593	0.02896	0.19737	0.07471	0.06533	0.40190	0.01884	0.01387	0.01827	0.01159	0.01601	0.00900	0.00610	0.00811	0.00210	0.07999	0.00642	0.00302	0.00792
35	0.82504	0.01205	0.00916	0.00819	0.01205	0.01398	0.00675	0.01832	0.01060	0.02795	0.00868	0.01012	0.00675	0.00578	0.00386	0.00193	0.00482	0.00337	0.00386	0.00675
36	0.01232	0.08094	0.59043	0.01603	0.02383	0.01400	0.01990	0.01856	0.01358	0.01976	0.07443	0.01928	0.01395	0.00715	0.00607	0.00198	0.00828	0.04767	0.00318	0.00863
37	0.01856	0.29018	0.02176	0.05400	0.01792	0.01692	0.01031	0.16681	0.01692	0.12376	0.01292	0.01367	0.00989	0.00600	0.00506	0.00147	0.00613	0.00443	0.00437	0.19895
38	0.00905	0.00674	0.00958	0.00933	0.01055	0.00738	0.00720	0.01152	0.01279	0.01842	0.27586	0.03208	0.03090	0.03282	0.45342	0.00676	0.03224	0.00828	0.01937	0.00572
39	0.23435	0.01867	0.11911	0.01311	0.01803	0.08473	0.01181	0.27367	0.11926	0.02941	0.01371	0.01423	0.01013	0.00684	0.00551	0.00191	0.00678	0.00492	0.00482	0.00896
40	0.07595	0.01954	0.01766	0.23193	0.02562	0.27644	0.01314	0.22340	0.01903	0.02328	0.01152	0.01379	0.00876	0.00663	0.00585	0.00184	0.00867	0.00487	0.00400	0.00808
41	0.00789	0.00561	0.00743	0.00877	0.00919	0.00530	0.00599	0.00904	0.01192	0.01586	0.03321	0.66858	0.03948	0.07241	0.00966	0.00280	0.00396	0.07223	0.00564	0.00503
42	0.00768	0.00546	0.00720	0.00856	0.00890	0.00512	0.00566	0.00870	0.01175	0.01567	0.03344	0.73190	0.04007	0.06614	0.00941	0.00275	0.00376	0.01718	0.00566	0.00498
43	0.01004	0.00717	0.01004	0.01147	0.01291	0.00717	0.01004	0.01291	0.01434	0.01865	0.03299	0.07028	0.03586	0.01721	0.00861	0.00287	0.00574	0.70023	0.00574	0.00574
44	0.01567	0.11192	0.01416	0.01005	0.01335	0.01311	0.00816	0.09575	0.24499	0.06527	0.01969	0.02046	0.01517	0.02060	0.01877	0.00192	0.00495	0.00588	0.26313	0.03700
45	0.00932	0.00656	0.00802	0.00754	0.00936	0.00585	0.00569	0.01182	0.01661	0.05807	0.49909	0.04936	0.26278	0.01341	0.00730	0.00200	0.00312	0.01159	0.00658	0.00592
46	0.00736	0.00631	0.00631	0.00631	0.00842	0.00526	0.00473	0.00894	0.01420	0.01683	0.06312	0.05996	0.73964	0.01578	0.00736	0.00210	0.00316	0.01315	0.00579	0.00526
47	0.01177	0.01107	0.01869	0.76606	0.04291	0.01384	0.01730	0.01592	0.01246	0.01592	0.01107	0.01661	0.00831	0.00623	0.00623	0.00208	0.00831	0.00554	0.00277	0.00692
48	0.00901	0.00624	0.00782	0.00782	0.00817	0.00660	0.00505	0.00972	0.00936	0.01284	0.01870	0.03559	0.02040	0.54764	0.26203	0.00730	0.00942	0.00830	0.00364	0.00434
49	0.01300	0.00735	0.00873	0.00779	0.01039	0.00639	0.00605	0.01516	0.01578	0.19889	0.19917	0.04538	0.37093	0.01264	0.00692	0.00199	0.00362	0.01062	0.05242	0.00674
50	0.00883	0.00636	0.00843	0.00845	0.00978	0.00596	0.00645	0.01153	0.01645	0.02295	0.55077	0.14234	0.05335	0.01422	0.00760	0.00216	0.00342	0.10862	0.00657	0.00576
51	0.01308	0.01160	0.01512	0.01080	0.01641	0.00899	0.07318	0.01608	0.01308	0.02027	0.01122	0.01328	0.00925	0.00467	0.00487	0.00103	0.00516	0.00403	0.00364	0.74422
52	0.01860	0.01569	0.01754	0.01444	0.01713	0.06917	0.01183	0.34431	0.01953	0.02675	0.01260	0.01524	0.01015	0.01081	0.05335	0.00259	0.27574	0.00551	0.05053	0.00848
53	0.01786	0.01825	0.01967	0.02394	0.31326	0.20644	0.01420	0.06393	0.19964	0.02163	0.01504	0.01648	0.01191	0.00666	0.00604	0.00185	0.00763	0.00555	0.02090	0.00914
54	0.01834	0.54214	0.02791	0.01240	0.01691	0.22564	0.01117	0.02020	0.01389	0.01484	0.00891	0.01050	0.00801	0.00588	0.00519	0.00147	0.04243	0.00361	0.00282	0.00773
55	0.01497	0.01561	0.01979	0.01939	0.11839	0.10181	0.01422	0.01669	0.01111	0.01577	0.00884	0.01361	0.00840	0.00965	0.01677	0.00248	0.57708	0.00530	0.00283	0.00729
56	0.06686	0.01164	0.01915	0.62760	0.10516	0.01399	0.03600	0.01649	0.01256	0.01725	0.01101	0.01607	0.00838	0.00611	0.00609	0.00205	0.00805	0.00544	0.00288	0.00722
57	0.00808	0.00587	0.00766	0.00844	0.00931	0.00544	0.00600	0.00984	0.01389	0.01876	0.24003	0.47247	0.09465	0.01716	0.00778	0.00236	0.00352	0.05732	0.00609	0.00535
58	0.01542	0.01480	0.02529	0.03824	0.74217	0.01480	0.01912	0.01912	0.01419	0.02036	0.01172	0.01542	0.00987	0.00555	0.00617	0.00185	0.00740	0.00555	0.00308	0.00987
59	0.01474	0.01411	0.02405	0.17454	0.61122	0.01462	0.01878	0.01852	0.01386	0.01952	0.01160	0.01564	0.00958	0.00568	0.00618	0.00189	0.00757	0.00555	0.00303	0.00932
60	0.00829	0.00595	0.00815	0.00946	0.01014	0.00581	0.00697	0.00990	0.01232	0.01642	0.03239	0.54111	0.03758	0.02149	0.07725	0.00330	0.00532	0.17734	0.00555	0.00527
61	0.01248	0.00902	0.01019	0.00934	0.01157	0.00951	0.00714	0.09579	0.18240	0.02562	0.28022	0.10032	0.03379	0.01066	0.00643	0.00193	0.00389	0.00913	0.17335	0.00723
62	0.01300	0.01303	0.02131	0.01729	0.01890	0.01609	0.17644	0.01531	0.01078	0.01591	0.01097	0.01733	0.01026	0.05796	0.11439	0.00372	0.45124	0.00626	0.00296	0.00685
63	0.00751	0.00574	0.00691	0.00784	0.00882	0.00513	0.00541	0.00877	0.01273	0.01623	0.04446	0.52481	0.28683	0.01820	0.00775	0.00238	0.00345	0.01611	0.00578	0.00513
64	0.00902	0.00619	0.00754	0.00754	0.00780	0.00645	0.00471	0.00954	0.00928	0.01263	0.01895	0.03698	0.02101	0.61030	0.20020	0.00696	0.00852	0.00851	0.00367	0.00419
65	0.00884	0.00582	0.00703	0.00741	0.00751	0.00572	0.00446	0.00887	0.00973	0.01297	0.02270	0.23316	0.02646	0.50979	0.02476	0.08020	0.00534	0.01101	0.00421	0.00402
66	0.01322	0.02647	0.49185	0.02012	0.02785	0.01516	0.22394	0.01947	0.01335	0.01947	0.01138	0.01424	0.00836	0.00607	0.00735	0.00206	0.06259	0.00546	0.00279	0.00881
67	0.00884	0.00725	0.00790	0.00757	0.00969	0.00677	0.00573	0.01290	0.10900	0.02033	0.24796	0.05139	0.45408	0.01397	0.00723	0.00206	0.00333	0.01182	0.00616	0.00604
68	0.00958	0.00640	0.00800	0.00758	0.00864	0.00605	0.00524	0.01145	0.01456	0.04597	0.45524	0.04357	0.04427	0.28845	0.01606	0.00342	0.00414	0.01030	0.00578	0.00529
69	0.13041	0.50812	0.09355	0.01168	0.01688	0.11797	0.01143	0.01952	0.01307	0.01707	0.00902	0.01047	0.00782	0.00559	0.00437	0.00151	0.00724	0.00354	0.00290	0.00783
70	0.01336	0.01192	0.01940	0.02804	0.47952	0.01192	0.01507	0.01640	0.01357	0.01891	0.01767	0.03139	0.01753	0.10644	0.00997	0.00262	0.00684	0.16751	0.00379	0.00814
71	0.01244	0.00777	0.00736	0.04936	0.01010	0.05855	0.00562	0.01532	0.01335	0.02226	0.01906	0.02202	0.01498	0.00714	0.00455	0.00150	0.00379	0.00567	0.71319	0.00597
72	0.01847	0.06367	0.02180	0.10100	0.23485	0.28357	0.05432	0.06893	0.05878	0.01931	0.01180	0.01424	0.00950	0.00621	0.00593	0.00179	0.00883	0.00506	0.00348	0.00846
73	0.01947	0.01573	0.01612	0.01366	0.06133	0.12400	0.01024	0.20303	0.03107	0.12097	0.01395	0.01463	0.01043	0.00617	0.00553	0.00148	0.00646	0.00475	0.00482	0.31616
74	0.01655	0.74123	0.03288	0.01155	0.01693	0.02415	0.05086	0.01873	0.01278	0.01496	0.00889	0.01038	0.00808	0.00533	0.00419	0.00138	0.00688	0.00356	0.00269	0.00802
75	0.82504	0.01205	0.00916	0.00819	0.01205	0.01398	0.00675	0.01832	0.01060	0.02795	0.00868	0.01012	0.00675	0.00578	0.00386	0.00193	0.00482	0.00337	0.00386	0.00675
76	0.02031	0.01607	0.01742	0.01513	0.05921	0.03051	0.01156	0.42546	0.27696	0.03310	0.01837	0.01786	0.01350	0.00770	0.00626	0.00195	0.00628	0.00609	0.00604	0.01024
77	0.00849	0.00631	0.00815	0.00861	0.00983	0.00562	0.00601	0.01009	0.01298	0.01794	0.14469	0.55937	0.03985	0.01648	0.00742	0.00223	0.00364	0.01484	0.00568	0.11177
78	0.01411	0.01346	0.02292	0.29960	0.49107	0.01446	0.01847	0.01797	0.01357	0.01876	0.01149	0.01585	0.00931	0.00579	0.00619	0.00193	0.00773	0.00555	0.00297	0.00881
79	0.01323	0.16479	0.62261	0.01651	0.02503	0.01626	0.02084	0.01954	0.01307	0.01884	0.01074	0.01260	0.00791	0.00582	0.00558	0.00186	0.00876	0.00438	0.00264	0.00899
80	0.01250	0.03223	0.74875	0.01776	0.02697	0.01447	0.02302	0.01973	0.01315	0.01973	0.01118	0.01315	0.00789	0.00592	0.00592	0.00197	0.00921	0.00460	0.00263	0.00921
81	0.01119	0.00813	0.01040	0.01080	0.01260	0.00821	0.00899	0.10176	0.01634	0.02159	0.11581	0.14111	0.07564	0.01564	0.00801	0.00255	0.00516	0.41388	0.00594	0.00626
82	0.00739	0.00622	0.00640	0.00655	0.00848	0.00524	0.00484	0.00892	0.01398	0.01674	0.06027	0.13091	0.67053	0.01615	0.00742	0.00215	0.00320	0.01360	0.00579	0.00524
83	0.00759	0.00542	0.00723	0.00868	0.00904	0.00506	0.00578	0.00868	0.01193	0.01591	0.03434	0.77697	0.04121	0.01952	0.00795	0.00253	0.00361	0.01771	0.00578	0.00506
84	0.00882	0.00637	0.00833	0.00784	0.00931	0.00588	0.00588	0.01176	0.01764	0.02499	0.73888	0.04654	0.05879	0.01274	0.00735	0.00196	0.00294	0.01127	0.00686	0.00588
85	0.01161	0.00581	0.00581	0.00581	0.00726	0.00581	0.00436	0.01452	0.01307	0.02323	0.02033	0.02323	0.01597	0.00726	0.00436	0.00145	0.00290	0.00581	0.81562	0.00581
86	0.02327	0.02970	0.01766	0.01605	0.01926	0.75602	0.01204	0.02488	0.01766	0.01525	0.00963	0.01124	0.00803	0.00642	0.00562	0.00161	0.01124	0.00401	0.00321	0.00722
87	0.07675	0.01069	0.01413	0.01091	0.01567	0.00945	0.00901	0.02963	0.01739	0.70249	0.02361	0.02053	0.01489	0.00759	0.00612	0.00193	0.00527	0.00609	0.00748	0.01037
88	0.00759	0.00542	0.00723	0.00868	0.00904	0.00506	0.00578	0.00868	0.01193	0.01591	0.03434	0.77697	0.04121	0.01952	0.00795	0.00253	0.00361	0.01771	0.00578	0.00506
89	0.01149	0.01069	0.01792	0.71514	0.04064	0.01325	0.01653	0.01543	0.01242	0.01592	0.01264	0.06773	0.01052	0.00712	0.00635	0.00211	0.00799	0.00636	0.00297	0.00680
90	0.02327	0.02970	0.01766	0.01605	0.01926	0.75602	0.01204	0.02488	0.01766	0.01525	0.00963	0.01124	0.00803	0.00642	0.00562	0.00161	0.01124	0.00401	0.00321	0.00722
91	0.01666	0.78478	0.03265	0.01066	0.01599	0.02465	0.01066	0.01866	0.01266	0.01466	0.00866	0.00999	0.00800	0.00533	0.00400	0.00133	0.00666	0.00333	0.00267	0.00800
92	0.00753	0.00566	0.00698	0.00804	0.00887	0.00511	0.00550	0.00875	0.01254	0.01615	0.04208	0.58426	0.22892	0.01851	0.00779	0.00242	0.00349	0.01649	0.00578	0.00511
93	0.01119	0.00923	0.01070	0.00975	0.01211	0.05771	0.07219	0.01458	0.05482	0.01966	0.03600	0.04134	0.27229	0.01148	0.00648	0.00199	0.00477	0.10579	0.24176	0.00617
94	0.02276	0.01710	0.01873	0.01452	0.01905	0.01930	0.01201	0.65613	0.02747	0.03702	0.01433	0.01484	0.01037	0.00780	0.00755	0.00195	0.07733	0.00560	0.00591	0.01025
95	0.01364	0.01150	0.01331	0.00957	0.01507	0.00905	0.00768	0.06313	0.01402	0.02158	0.01134	0.01306	0.00932	0.00481	0.00472	0.00099	0.00476	0.00382	0.00386	0.76477
96	0.02327	0.02970	0.01766	0.01605	0.01926	0.75602	0.01204	0.02488	0.01766	0.01525	0.00963	0.01124	0.00803	0.00642	0.00562	0.00161	0.01124	0.00401	0.00321	0.00722
97	0.01250	0.03223	0.74875	0.01776	0.02697	0.01447	0.02302	0.01973	0.01315	0.01973	0.01118	0.01315	0.00789	0.00592	0.00592	0.00197	0.00921	0.00460	0.00263	0.00921
98	0.00892	0.00660	0.00964	0.00964	0.01063	0.00759	0.00733	0.01089	0.00990	0.01419	0.01703	0.02635	0.01639	0.13112	0.67306	0.00956	0.01547	0.00695	0.00339	0.00536
99	0.00855	0.00636	0.00795	0.00755	0.00914	0.00576	0.00566	0.01123	0.01699	0.02345	0.61202	0.04906	0.18660	0.01331	0.00735	0.00199	0.00298	0.01162	0.00666	0.00576
100	0.01177	0.01107	0.01869	0.76606	0.04291	0.01384	0.01730	0.01592	0.01246	0.01592	0.01107	0.01661	0.00831	0.00623	0.00623	0.00208	0.00831	0.00554	0.00277	0.00692
101	0.82504	0.01205	0.00916	0.00819	0.01205	0.01398	0.00675	0.01832	0.01060	0.02795	0.00868	0.01012	0.00675	0.00578	0.00386	0.00193	0.00482	0.00337	0.00386	0.00675
102	0.02398	0.01697	0.01840	0.01411	0.01908	0.01861	0.01166	0.67323	0.02850	0.08856	0.01563	0.01539	0.01093	0.00750	0.00624	0.00187	0.00675	0.00566	0.00634	0.01060
103	0.01539	0.01143	0.01279	0.01137	0.01456	0.01253	0.00885	0.02783	0.48229	0.10945	0.19116	0.02843	0.02785	0.00936	0.00657	0.00206	0.00451	0.00794	0.00662	0.00902
104	0.00774	0.00553	0.00740	0.00884	0.00927	0.00519	0.00604	0.00893	0.01207	0.01607	0.03426	0.73501	0.04089	0.01938	0.00799	0.00255	0.00374	0.05824	0.00578	0.00510
105	0.01177	0.01107	0.01869	0.76606	0.04291	0.01384	0.01730	0.01592	0.01246	0.01592	0.01107	0.01661	0.00831	0.00623	0.00623	0.00208	0.00831	0.00554	0.00277	0.00692
106	0.00759	0.00542	0.00723	0.00868	0.00904	0.00506	0.00578	0.00868	0.01193	0.01591	0.03434	0.77697	0.04121	0.01952	0.00795	0.00253	0.00361	0.01771	0.00578	0.00506
107	0.00892	0.00592	0.00775	0.00852	0.00943	0.00543	0.00592	0.01040	0.01330	0.05880	0.14440	0.57153	0.09114	0.01754	0.00772	0.00238	0.00357	0.01575	0.00606	0.00552
108	0.02224	0.01550	0.01673	0.01303	0.01753	0.01695	0.01070	0.57987	0.03872	0.07710	0.01637	0.01651	0.01170	0.00748	0.00600	0.00182	0.00623	0.00570	0.10983	0.00997
109	0.01637	0.01683	0.02366	0.08556	0.58238	0.12859	0.01791	0.01978	0.01460	0.01926	0.01135	0.01486	0.00948	0.00573	0.00609	0.00183	0.00805	0.00531	0.00308	0.00926
110	0.00744	0.00600	0.00663	0.00714	0.00863	0.00519	0.00510	0.00885	0.01341	0.01651	0.05305	0.31085	0.49525	0.01709	0.00757	0.00225	0.00332	0.01475	0.00579	0.00519
111	0.01429	0.01396	0.02040	0.36925	0.28403	0.06611	0.01670	0.01969	0.09790	0.01863	0.01288	0.01660	0.01010	0.00627	0.00618	0.00197	0.00780	0.00561	0.00333	0.00832
112	0.01216	0.01193	0.01632	0.01387	0.01578	0.08501	0.12356	0.01443	0.01213	0.01620	0.06702	0.02490	0.06030	0.09220	0.24364	0.00498	0.16849	0.00720	0.00360	0.00628
113	0.00971	0.00596	0.00760	0.00798	0.00859	0.00564	0.00527	0.00993	0.01100	0.05546	0.02816	0.32964	0.09368	0.22530	0.01724	0.15273	0.00465	0.01205	0.00479	0.00461
114	0.07415	0.01810	0.02203	0.02961	0.48207	0.17973	0.01620	0.06755	0.01572	0.02102	0.01126	0.01409	0.00929	0.00589	0.00589	0.00180	0.00804	0.00506	0.00338	0.00911
115	0.00761	0.00614	0.00678	0.00702	0.00867	0.00531	0.00511	0.00928	0.01421	0.01778	0.15184	0.20673	0.49944	0.01613	0.00748	0.00217	0.00322	0.01383	0.00594	0.00531
116	0.00771	0.00602	0.00699	0.00739	0.00879	0.00531	0.00530	0.00937	0.01406	0.01801	0.17698	0.30098	0.37791	0.01649	0.00756	0.00222	0.00327	0.01435	0.00598	0.00531
117	0.06325	0.21198	0.24655	0.01796	0.02466	0.01771	0.24452	0.06662	0.01447	0.02035	0.01112	0.01350	0.00854	0.00565	0.00581	0.00185	0.00858	0.00518	0.00312	0.00859
118	0.01353	0.01143	0.01325	0.00952	0.01502	0.00893	0.00763	0.05546	0.01384	0.02137	0.01129	0.01303	0.00931	0.00478	0.00471	0.00098	0.00474	0.00380	0.00383	0.77356
119	0.00774	0.00553	0.00740	0.00884	0.00927	0.00519	0.00604	0.00893	0.01207	0.01607	0.03426	0.73501	0.04089	0.01938	0.00799	0.00255	0.00374	0.05824	0.00578	0.00510
120	0.00772	0.00629	0.00684	0.00686	0.00872	0.00541	0.00513	0.00957	0.01477	0.01847	0.19831	0.09999	0.54677	0.01541	0.00742	0.00211	0.00319	0.02564	0.00600	0.00538
121	0.01282	0.02479	0.48459	0.01493	0.02268	0.01274	0.01757	0.01945	0.06134	0.02032	0.01210	0.01376	0.00903	0.00571	0.00557	0.00168	0.00758	0.00450	0.00319	0.24564
122	0.07909	0.01316	0.01545	0.01208	0.01678	0.01332	0.00993	0.25429	0.08192	0.40694	0.02045	0.01861	0.01358	0.00757	0.00610	0.00192	0.00574	0.00592	0.00685	0.01028
123	0.00767	0.00634	0.00673	0.00670	0.00868	0.00541	0.00506	0.00950	0.01475	0.01818	0.16979	0.05811	0.61205	0.01533	0.00740	0.00210	0.00319	0.03168	0.00596	0.00537
124	0.01047	0.00855	0.00957	0.00943	0.01145	0.00888	0.00699	0.01772	0.26603	0.02084	0.12707	0.25273	0.19801	0.01390	0.00717	0.00221	0.00389	0.01208	0.00612	0.00690
125	0.01595	0.24614	0.09512	0.02542	0.34129	0.01808	0.08979	0.06212	0.01462	0.01972	0.01105	0.01371	0.00913	0.00561	0.00563	0.00173	0.00764	0.00499	0.00312	0.00914
126	0.02327	0.02970	0.01766	0.01605	0.01926	0.75602	0.01204	0.02488	0.01766	0.01525	0.00963	0.01124	0.00803	0.00642	0.00562	0.00161	0.01124	0.00401	0.00321	0.00722
127	0.00764	0.00558	0.00719	0.00835	0.00898	0.00513	0.00567	0.00889	0.01254	0.01657	0.08078	0.64985	0.12255	0.01867	0.00785	0.00245	0.00352	0.01679	0.00585	0.00513
128	0.03304	0.01986	0.11530	0.06872	0.09792	0.15491	0.07931	0.15357	0.14441	0.04942	0.01471	0.01595	0.01102	0.00673	0.00615	0.00191	0.00805	0.00556	0.00437	0.00905
129	0.01363	0.01363	0.01908	0.01636	0.01636	0.01908	0.01363	0.01499	0.00954	0.01499	0.00818	0.01363	0.00818	0.01091	0.02045	0.00273	0.76963	0.00545	0.00273	0.00682
130	0.06768	0.01193	0.01775	0.53170	0.03451	0.01451	0.01518	0.07446	0.01346	0.01883	0.01094	0.01552	0.00843	0.00668	0.00742	0.00205	0.08506	0.00528	0.00318	0.05543
131	0.01347	0.06499	0.23859	0.01644	0.01952	0.01803	0.01627	0.01663	0.01081	0.01639	0.00911	0.01327	0.00808	0.00908	0.01512	0.00242	0.49641	0.00507	0.00269	0.00760
132	0.01982	0.01516	0.01662	0.01250	0.01769	0.01537	0.01024	0.46797	0.02341	0.03246	0.01356	0.01423	0.01010	0.00645	0.00565	0.00153	0.00605	0.00492	0.00532	0.30094
133	0.00890	0.00668	0.01001	0.01001	0.01113	0.00779	0.00779	0.01113	0.01001	0.01446	0.01669	0.02448	0.01558	0.04673	0.75634	0.01001	0.01669	0.00668	0.00334	0.00556
134	0.00882	0.00637	0.00833	0.00784	0.00931	0.00588	0.00588	0.01176	0.01764	0.02499	0.73888	0.04654	0.05879	0.01274	0.00735	0.00196	0.00294	0.01127	0.00686	0.00588
135	0.01134	0.01038	0.01672	0.49537	0.03216	0.01310	0.01463	0.01469	0.01152	0.01546	0.01201	0.01806	0.00998	0.01624	0.18243	0.00400	0.10664	0.00579	0.00290	0.00659
136	0.01305	0.01239	0.02101	0.51010	0.28882	0.01418	0.01794	0.01705	0.01307	0.01748	0.01130	0.01619	0.00886	0.00599	0.00621	0.00200	0.00799	0.00554	0.00288	0.00796
137	0.02327	0.02970	0.01766	0.01605	0.01926	0.75602	0.01204	0.02488	0.01766	0.01525	0.00963	0.01124	0.00803	0.00642	0.00562	0.00161	0.01124	0.00401	0.00321	0.00722
138	0.02795	0.01060	0.01446	0.01109	0.01591	0.00916	0.00916	0.03036	0.01783	0.74648	0.02458	0.02121	0.01542	0.00771	0.00627	0.00193	0.00530	0.00627	0.00771	0.01060
139	0.00787	0.00601	0.00722	0.00760	0.00890	0.00537	0.00544	0.00966	0.01438	0.01886	0.24823	0.31356	0.29191	0.01624	0.00757	0.00222	0.00326	0.01424	0.00610	0.00537
140	0.01288	0.00963	0.01148	0.01128	0.01339	0.01019	0.00892	0.16794	0.11320	0.02317	0.02852	0.29828	0.02997	0.01472	0.00756	0.00243	0.00513	0.21822	0.00594	0.00711
141	0.01161	0.00581	0.00581	0.00581	0.00726	0.00581	0.00436	0.01452	0.01307	0.02323	0.02033	0.02323	0.01597	0.00726	0.00436	0.00145	0.00290	0.00581	0.81562	0.00581
142	0.00774	0.00605	0.00702	0.00735	0.00879	0.00533	0.00530	0.00946	0.01424	0.01829	0.19829	0.27418	0.38323	0.01626	0.00754	0.00220	0.00325	0.01413	0.00601	0.00533
143	0.01382	0.01110	0.01440	0.01278	0.01430	0.01364	0.01020	0.05957	0.13856	0.06732	0.01681	0.06299	0.01512	0.06255	0.18720	0.00439	0.27672	0.00698	0.00428	0.00727
144	0.01867	0.01629	0.01730	0.01778	0.14968	0.11255	0.01200	0.20054	0.27051	0.04659	0.01790	0.01811	0.01353	0.00732	0.00607	0.00190	0.00659	0.00592	0.05124	0.00949
145	0.00738	0.00626	0.00636	0.00645	0.00845	0.00525	0.00479	0.00893	0.01407	0.01678	0.06149	0.10063	0.70003	0.01599	0.00740	0.00213	0.00318	0.01341	0.00579	0.00525
146	0.01449	0.00876	0.01019	0.00875	0.01173	0.00811	0.00690	0.10766	0.01768	0.18786	0.18104	0.04259	0.34492	0.01225	0.00696	0.00200	0.00409	0.01022	0.00649	0.00730
147	0.01445	0.07330	0.23480	0.07167	0.44492	0.01534	0.01956	0.01908	0.01368	0.01953	0.01131	0.01445	0.00908	0.00568	0.00595	0.00186	0.00792	0.00512	0.00291	0.00938
148	0.01619	0.06027	0.15267	0.15671	0.02410	0.23026	0.01508	0.02075	0.07990	0.01712	0.01130	0.01411	0.00910	0.00731	0.00869	0.00201	0.15856	0.00494	0.00319	0.00773
149	0.01067	0.00871	0.01112	0.01016	0.01016	0.01063	0.00724	0.01115	0.00923	0.01311	0.01560	0.03123	0.01756	0.51020	0.02775	0.00487	0.27458	0.00779	0.00341	0.00484
150	0.82504	0.01205	0.00916	0.00819	0.01205	0.01398	0.00675	0.01832	0.01060	0.02795	0.00868	0.01012	0.00675	0.00578	0.00386	0.00193	0.00482	0.00337	0.00386	0.00675
151	0.02787	0.01024	0.01124	0.00999	0.01285	0.01050	0.00774	0.18466	0.12005	0.02460	0.10150	0.16205	0.20963	0.01229	0.00685	0.00205	0.00451	0.02202	0.00592	0.05342
152	0.01613	0.68951	0.12331	0.01156	0.01738	0.02336	0.01223	0.01879	0.01272	0.01530	0.00898	0.01039	0.00798	0.00541	0.00424	0.00141	0.00699	0.00349	0.00266	0.00815
153	0.01276	0.00760	0.00927	0.00852	0.01063	0.00709	0.00640	0.06157	0.01608	0.14394	0.24190	0.16947	0.16153	0.05652	0.00840	0.00228	0.00393	0.01106	0.05443	0.00662
154	0.00859	0.00650	0.00729	0.00705	0.00905	0.00563	0.00535	0.01064	0.01538	0.04526	0.26732	0.05470	0.49166	0.01459	0.00735	0.00207	0.00322	0.02651	0.00618	0.00565
155	0.01293	0.01082	0.01236	0.00971	0.01418	0.00932	0.00761	0.05655	0.10783	0.02143	0.01910	0.09747	0.06303	0.00759	0.00547	0.00138	0.00458	0.00634	0.00454	0.52775
156	0.02290	0.02144	0.01710	0.01431	0.01842	0.34436	0.01122	0.24442	0.06604	0.11319	0.01421	0.01448	0.01050	0.00694	0.00588	0.00172	0.00836	0.00496	0.00494	0.05461
157	0.07951	0.01396	0.01612	0.01244	0.01727	0.01431	0.01027	0.35801	0.02279	0.36203	0.01894	0.01749	0.01255	0.00747	0.00609	0.00190	0.00601	0.00576	0.00675	0.01034
158	0.01150	0.00725	0.00902	0.00849	0.01023	0.00687	0.00632	0.01449	0.05764	0.11014	0.33208	0.08501	0.10506	0.14816	0.01157	0.00279	0.00414	0.05686	0.00615	0.00622
159	0.06100	0.17083	0.18379	0.02563	0.36877	0.05015	0.01729	0.01938	0.01362	0.01929	0.01073	0.01337	0.00881	0.00564	0.00553	0.00177	0.00768	0.00471	0.00295	0.00906
160	0.01426	0.06980	0.39611	0.01832	0.02515	0.01620	0.15685	0.06896	0.05813	0.02074	0.01214	0.01448	0.00910	0.00652	0.00761	0.00204	0.08613	0.00538	0.00322	0.00887
161	0.00938	0.00726	0.00867	0.00820	0.01006	0.00699	0.00622	0.01390	0.10717	0.02332	0.49591	0.04679	0.19480	0.01290	0.00725	0.00202	0.00329	0.02308	0.00655	0.00625
162	0.01273	0.07491	0.70814	0.01736	0.02634	0.01505	0.02232	0.01967	0.01313	0.01944	0.01104	0.01298	0.00790	0.00589	0.00581	0.00194	0.00906	0.00453	0.00263	0.00914
163	0.01711	0.01760	0.02440	0.07267	0.36918	0.16176	0.12985	0.02048	0.01476	0.05155	0.01179	0.01505	0.00950	0.00611	0.00706	0.00191	0.05157	0.00556	0.00329	0.00879
164	0.00806	0.00599	0.00706	0.00771	0.00863	0.00552	0.00532	0.00919	0.01219	0.01553	0.04003	0.31887	0.26028	0.19518	0.01334	0.00324	0.00420	0.06944	0.00531	0.00488
165	0.00755	0.00558	0.00707	0.00826	0.00893	0.00510	0.00560	0.00872	0.01233	0.01607	0.03941	0.65067	0.16423	0.01886	0.00785	0.00246	0.00353	0.01691	0.00578	0.00510
166	0.01067	0.00736	0.00874	0.00886	0.00994	0.00749	0.00602	0.01444	0.13815	0.05790	0.05228	0.32836	0.03024	0.27249	0.01553	0.00358	0.00473	0.01205	0.00535	0.00582

[dist]
# distance from previous block
# <min> <max>
0	38

[block]
# block no. 2 follows, 36 sequences, length 31
# corresponding to MSA columns:
# 753-775,777-784
name=unknown_C
#
# <colnr> <probs for GDERKNQSTAVLIFYWHMCP>
#	G	D	E	R	K	N	Q	S	T	A	V	L	I	F	Y	W	H	M	C	P
0	0.13851	0.01105	0.01219	0.01209	0.05263	0.01197	0.00882	0.14865	0.16834	0.02473	0.02573	0.22042	0.07565	0.01165	0.00656	0.00218	0.00498	0.05065	0.00554	0.00768
1	0.01475	0.02534	0.43178	0.01478	0.02117	0.12704	0.01669	0.06831	0.01495	0.02113	0.01310	0.01507	0.00977	0.00638	0.00557	0.00180	0.00805	0.00483	0.17118	0.00830
2	0.26364	0.22848	0.01864	0.01124	0.01553	0.09554	0.00957	0.12357	0.12441	0.02412	0.01315	0.01375	0.02207	0.00655	0.00486	0.00175	0.00629	0.00448	0.00422	0.00815
3	0.08017	0.66585	0.02944	0.01050	0.01568	0.02264	0.01024	0.01952	0.01290	0.07150	0.00988	0.01086	0.00847	0.00555	0.00416	0.00142	0.00642	0.00356	0.00314	0.00810
4	0.01074	0.00676	0.00830	0.00792	0.00987	0.00598	0.00593	0.01282	0.01551	0.11955	0.29119	0.17605	0.27730	0.01426	0.00731	0.00210	0.00345	0.01234	0.00643	0.00618
5	0.01981	0.01500	0.01605	0.01297	0.01697	0.01670	0.01033	0.46064	0.20099	0.03256	0.01813	0.02027	0.01421	0.10526	0.00947	0.00246	0.00628	0.00640	0.00595	0.00955
6	0.23834	0.01194	0.01184	0.01069	0.01399	0.01360	0.00839	0.02573	0.42204	0.02642	0.13046	0.02320	0.02174	0.00837	0.00581	0.00204	0.00459	0.00668	0.00573	0.00839
7	0.01400	0.01313	0.02063	0.07357	0.49859	0.01340	0.01568	0.01916	0.10446	0.02028	0.02113	0.02318	0.12072	0.00750	0.00637	0.00194	0.00651	0.00688	0.00388	0.00900
8	0.01189	0.00930	0.01462	0.44011	0.02894	0.01061	0.01263	0.01533	0.01426	0.07503	0.21392	0.08452	0.02530	0.00917	0.00667	0.00207	0.00623	0.00812	0.00451	0.00678
9	0.01916	0.01825	0.02096	0.22429	0.02766	0.20127	0.12206	0.20274	0.01880	0.06595	0.01276	0.01514	0.00943	0.00654	0.00625	0.00190	0.00882	0.00550	0.00413	0.00840
10	0.02578	0.01043	0.01376	0.01079	0.01525	0.00936	0.00883	0.02933	0.06910	0.63787	0.02431	0.02151	0.01573	0.00773	0.00612	0.00190	0.00509	0.00629	0.07065	0.01018
11	0.00854	0.00596	0.00760	0.00808	0.00842	0.00607	0.00526	0.00935	0.01021	0.01384	0.02391	0.28183	0.02737	0.37836	0.17174	0.00569	0.00741	0.01145	0.00435	0.00457
12	0.01625	0.01572	0.07254	0.01607	0.10744	0.12658	0.01175	0.15609	0.01682	0.06634	0.01955	0.25094	0.01952	0.01095	0.00767	0.00211	0.06192	0.00906	0.00479	0.00789
13	0.00869	0.00620	0.00833	0.00937	0.01025	0.00595	0.00711	0.01062	0.01352	0.01811	0.14924	0.38084	0.04132	0.05867	0.00935	0.00274	0.00434	0.24416	0.00584	0.00535
14	0.00759	0.00542	0.00723	0.00868	0.00904	0.00506	0.00578	0.00868	0.01193	0.01591	0.03434	0.77697	0.04121	0.01952	0.00795	0.00253	0.00361	0.01771	0.00578	0.00506
15	0.01083	0.01496	0.21442	0.06993	0.01775	0.01029	0.01195	0.01711	0.13158	0.02107	0.20726	0.07698	0.14959	0.01057	0.00674	0.00206	0.00549	0.00900	0.00504	0.00738
16	0.01372	0.21161	0.01933	0.01205	0.01489	0.01541	0.04779	0.10357	0.01493	0.01994	0.12878	0.08143	0.07240	0.01270	0.06470	0.00259	0.14513	0.00752	0.00432	0.00720
17	0.01056	0.00596	0.00624	0.00618	0.00765	0.00576	0.00457	0.01313	0.01358	0.02199	0.11634	0.03202	0.11856	0.05079	0.00661	0.00185	0.00311	0.00765	0.56183	0.00563
18	0.01944	0.44071	0.02715	0.01327	0.01818	0.16731	0.06496	0.08131	0.01570	0.08328	0.01113	0.01220	0.00901	0.00594	0.00497	0.00155	0.00776	0.00423	0.00357	0.00833
19	0.01330	0.01095	0.01308	0.01194	0.06654	0.01011	0.00854	0.10233	0.09679	0.02280	0.07456	0.11704	0.07528	0.00882	0.00596	0.00161	0.00476	0.00751	0.00492	0.34315
20	0.01481	0.11110	0.07308	0.01823	0.18684	0.01446	0.01268	0.12805	0.12251	0.02256	0.03048	0.15216	0.01899	0.00964	0.00641	0.00203	0.00615	0.05665	0.00469	0.00851
21	0.01113	0.00938	0.01278	0.24485	0.02171	0.01066	0.01075	0.01759	0.19888	0.01876	0.02469	0.29038	0.02483	0.01235	0.00705	0.00231	0.00558	0.06442	0.00499	0.00694
22	0.01988	0.01051	0.01229	0.01028	0.01385	0.01064	0.00821	0.07830	0.20243	0.30669	0.02289	0.02183	0.01615	0.00776	0.00575	0.00184	0.00466	0.00629	0.23067	0.00908
23	0.00787	0.00598	0.00725	0.00768	0.00892	0.00536	0.00547	0.00964	0.01429	0.01880	0.24484	0.33846	0.27011	0.01638	0.00759	0.00223	0.00327	0.01441	0.00609	0.00536
24	0.01409	0.01630	0.08224	0.08295	0.21569	0.01464	0.39236	0.01875	0.01413	0.01950	0.01345	0.06144	0.01125	0.00630	0.00689	0.00205	0.00903	0.00717	0.00322	0.00853
25	0.00894	0.00652	0.00921	0.00921	0.01005	0.00735	0.00679	0.01061	0.00978	0.01387	0.01742	0.02852	0.01733	0.22893	0.57654	0.00903	0.01405	0.00727	0.00345	0.00512
26	0.00754	0.00618	0.00666	0.00683	0.00860	0.00529	0.00501	0.00918	0.01420	0.01751	0.12659	0.16886	0.56384	0.01605	0.00745	0.00216	0.00320	0.01366	0.00589	0.00529
27	0.00819	0.00630	0.00914	0.00977	0.01069	0.00587	0.04855	0.00969	0.01244	0.01642	0.03495	0.62786	0.08755	0.01823	0.00793	0.00250	0.00416	0.06883	0.00562	0.00533
28	0.14668	0.01742	0.02078	0.01603	0.02087	0.12591	0.17739	0.25617	0.01978	0.11857	0.01385	0.01488	0.00995	0.00656	0.00604	0.00190	0.00785	0.00552	0.00487	0.00898
29	0.00978	0.00869	0.01459	0.01263	0.01508	0.00806	0.17431	0.01250	0.01428	0.01885	0.14313	0.23537	0.17585	0.01402	0.00770	0.00231	0.00536	0.11605	0.00532	0.00612
30	0.01571	0.02627	0.33655	0.08666	0.02764	0.20715	0.17289	0.02077	0.01460	0.01827	0.01108	0.01377	0.00831	0.00593	0.00618	0.00192	0.00994	0.00514	0.00291	0.00831

[dist]
# distance from previous block
# <min> <max>
4	12

[block]
# block no. 3 follows, 36 sequences, length 23
# corresponding to MSA columns:
# 798-820
name=unknown_D
#
# <colnr> <probs for GDERKNQSTAVLIFYWHMCP>
#	G	D	E	R	K	N	Q	S	T	A	V	L	I	F	Y	W	H	M	C	P
0	0.12620	0.22067	0.01972	0.01207	0.01628	0.11446	0.01024	0.22640	0.01790	0.06278	0.01248	0.01401	0.00993	0.01137	0.09727	0.00270	0.00823	0.00466	0.00430	0.00834
1	0.01276	0.00977	0.01130	0.01095	0.01303	0.01051	0.00839	0.12690	0.20598	0.02240	0.02743	0.27026	0.02801	0.07975	0.00941	0.00268	0.00505	0.13239	0.00582	0.00721
2	0.28998	0.01285	0.01364	0.01079	0.01539	0.01325	0.00888	0.19939	0.01790	0.26736	0.01572	0.01524	0.01080	0.00675	0.00532	0.00183	0.00547	0.00492	0.00571	0.07882
3	0.01645	0.47339	0.02484	0.01024	0.01560	0.01815	0.00949	0.01872	0.01319	0.07935	0.01079	0.01188	0.00902	0.00531	0.00439	0.00125	0.00590	0.00370	0.00342	0.26491
4	0.01022	0.00894	0.01172	0.12332	0.01614	0.05484	0.04600	0.01300	0.01557	0.02083	0.39514	0.16744	0.06789	0.01227	0.00718	0.00207	0.00480	0.01095	0.00559	0.00609
5	0.00845	0.00636	0.00724	0.00738	0.00867	0.00585	0.00533	0.00990	0.01310	0.01670	0.13402	0.05378	0.33285	0.24965	0.01498	0.00340	0.00437	0.10772	0.00530	0.00495
6	0.01238	0.01250	0.02180	0.01760	0.01979	0.01425	0.24569	0.01496	0.01189	0.01688	0.01660	0.21764	0.01738	0.01132	0.01278	0.00247	0.31415	0.00934	0.00368	0.00688
7	0.00789	0.00564	0.00757	0.00902	0.00951	0.00532	0.00631	0.00919	0.01223	0.01624	0.03417	0.69027	0.04055	0.01924	0.00803	0.00257	0.00388	0.10144	0.00578	0.00514
8	0.01794	0.01975	0.31952	0.01374	0.01986	0.01208	0.01473	0.10683	0.01725	0.24259	0.13235	0.02116	0.01866	0.00774	0.00629	0.00194	0.00674	0.00630	0.00528	0.00926
9	0.00804	0.00609	0.00741	0.00761	0.00896	0.00546	0.00551	0.01005	0.01501	0.01999	0.33827	0.25391	0.25995	0.01555	0.00752	0.00216	0.00319	0.01363	0.00623	0.00546
10	0.00752	0.00571	0.00693	0.00790	0.00883	0.00513	0.00544	0.00876	0.01268	0.01621	0.04381	0.54101	0.27105	0.01829	0.00776	0.00239	0.00346	0.01621	0.00578	0.00513
11	0.06273	0.01964	0.23394	0.01612	0.02121	0.01591	0.10232	0.16671	0.06205	0.02414	0.01302	0.01525	0.00992	0.00731	0.00857	0.00207	0.14434	0.00548	0.06063	0.00863
12	0.01407	0.01026	0.01184	0.01095	0.01318	0.01080	0.00822	0.29548	0.01892	0.02531	0.02654	0.47032	0.02889	0.01467	0.00726	0.00226	0.00492	0.01284	0.00596	0.00729
13	0.00857	0.00584	0.00694	0.00742	0.00754	0.00572	0.00444	0.00893	0.01001	0.01335	0.02451	0.28497	0.02881	0.52844	0.02383	0.00488	0.00524	0.01193	0.00444	0.00420
14	0.11256	0.06661	0.05993	0.17532	0.21294	0.01337	0.01304	0.01714	0.05819	0.01855	0.01350	0.02034	0.01219	0.16881	0.01111	0.00278	0.00688	0.00590	0.00341	0.00742
15	0.01572	0.01469	0.02165	0.09252	0.48376	0.06108	0.01630	0.06194	0.06071	0.02036	0.01253	0.01603	0.01033	0.00735	0.00772	0.07209	0.00736	0.00554	0.00343	0.00888
16	0.00987	0.00864	0.00871	0.00927	0.01019	0.09742	0.00643	0.01133	0.01362	0.01746	0.17755	0.47887	0.03952	0.06975	0.00920	0.00254	0.00458	0.01408	0.00555	0.00541
17	0.01403	0.00972	0.01146	0.01013	0.01241	0.01073	0.00793	0.22873	0.01649	0.02376	0.01721	0.02270	0.01475	0.08954	0.29911	0.00530	0.00973	0.00637	0.18290	0.00700
18	0.01577	0.01300	0.01534	0.13186	0.10818	0.05795	0.01130	0.16895	0.10114	0.06978	0.02827	0.02838	0.20513	0.00932	0.00650	0.00198	0.00611	0.00771	0.00511	0.00823
19	0.01178	0.10492	0.01690	0.01186	0.01551	0.01071	0.11812	0.01526	0.05862	0.01878	0.06379	0.22760	0.06585	0.01027	0.00631	0.00180	0.00534	0.00928	0.00453	0.22275
20	0.01737	0.08454	0.02155	0.02046	0.16932	0.20525	0.02954	0.06343	0.01420	0.01779	0.00985	0.01324	0.00866	0.00783	0.01111	0.00207	0.28774	0.00498	0.00315	0.00793
21	0.01260	0.05858	0.11251	0.01302	0.01745	0.01157	0.12027	0.07674	0.06174	0.02193	0.15206	0.06806	0.12967	0.00934	0.00651	0.00187	0.00589	0.00826	0.00479	0.10712
22	0.01361	0.01680	0.11916	0.08137	0.02327	0.10325	0.25062	0.01706	0.01307	0.01693	0.01370	0.02178	0.01247	0.21180	0.01318	0.00301	0.00873	0.00668	0.00325	0.05027

[dist]
# distance from previous block
# <min> <max>
2	240

[block]
# block no. 4 follows, 36 sequences, length 9
# corresponding to MSA columns:
# 1076-1084
name=unknown_E
#
# <colnr> <probs for GDERKNQSTAVLIFYWHMCP>
#	G	D	E	R	K	N	Q	S	T	A	V	L	I	F	Y	W	H	M	C	P
0	0.02099	0.02169	0.12187	0.01617	0.02118	0.26171	0.10948	0.08594	0.07810	0.17846	0.01530	0.01577	0.01097	0.00674	0.00615	0.00186	0.00865	0.00544	0.00463	0.00891
