[name]
unknown

[dist]
# distance from previous block
# <min> <max>
0	136

[block]
# block no. 0 follows, 49 sequences, length 69
# corresponding to MSA columns:
# 136-204
name=unknown_A
#
# <colnr> <probs for GDERKNQSTAVLIFYWHMCP>
#	G	D	E	R	K	N	Q	S	T	A	V	L	I	F	Y	W	H	M	C	P
0	0.00914	0.00657	0.00878	0.00952	0.01094	0.00670	0.00828	0.07892	0.01273	0.01663	0.02546	0.05301	0.02726	0.01326	0.00681	0.00226	0.00474	0.68928	0.00469	0.00501
1	0.01959	0.01241	0.01469	0.01263	0.08439	0.01304	0.00953	0.49592	0.02007	0.24415	0.01409	0.01360	0.00964	0.00598	0.00506	0.00153	0.00525	0.00470	0.00517	0.00855
2	0.06245	0.08449	0.01427	0.01042	0.01405	0.01318	0.02898	0.25484	0.27318	0.16750	0.01563	0.01480	0.01123	0.00609	0.00485	0.00156	0.00478	0.00482	0.00488	0.00799
3	0.00678	0.00512	0.00626	0.00605	0.00734	0.00460	0.00451	0.00878	0.01329	0.01805	0.54316	0.08232	0.25261	0.01132	0.00599	0.00165	0.00246	0.00985	0.00528	0.00460
4	0.01312	0.01166	0.01843	0.02234	0.41910	0.01198	0.10540	0.01952	0.23726	0.06826	0.01352	0.01482	0.01044	0.00528	0.00517	0.00159	0.00562	0.00508	0.00353	0.00790
5	0.01258	0.01086	0.01143	0.01029	0.01315	0.01258	0.00800	0.02687	0.78161	0.02115	0.02058	0.01887	0.01544	0.00686	0.00515	0.00172	0.00400	0.00572	0.00515	0.00800
6	0.01258	0.01086	0.01143	0.01029	0.01315	0.01258	0.00800	0.02687	0.78161	0.02115	0.02058	0.01887	0.01544	0.00686	0.00515	0.00172	0.00400	0.00572	0.00515	0.00800
7	0.00638	0.00507	0.00573	0.00570	0.00711	0.00442	0.00423	0.00799	0.01228	0.01578	0.29281	0.11412	0.47594	0.01226	0.00602	0.00170	0.00254	0.01050	0.00498	0.00442
8	0.01252	0.01201	0.02053	0.03104	0.79074	0.01201	0.01552	0.01552	0.01151	0.01652	0.00951	0.01252	0.00801	0.00451	0.00501	0.00150	0.00601	0.00451	0.00250	0.00801
9	0.01171	0.00998	0.01069	0.00979	0.01233	0.01140	0.00754	0.02417	0.67162	0.02037	0.06203	0.09160	0.01877	0.00785	0.00531	0.00174	0.00382	0.00668	0.00513	0.00748
10	0.01097	0.22264	0.60687	0.01300	0.01970	0.01378	0.01622	0.01580	0.01058	0.01500	0.00857	0.01005	0.00643	0.00469	0.00442	0.00147	0.00697	0.00348	0.00214	0.00723
11	0.01230	0.00740	0.00935	0.00858	0.01045	0.00761	0.00665	0.01568	0.13036	0.23114	0.02522	0.26437	0.11681	0.01062	0.00689	0.00185	0.08822	0.03543	0.00494	0.00615
12	0.00943	0.00471	0.00471	0.00471	0.00589	0.00471	0.00353	0.01178	0.01060	0.01885	0.01650	0.01885	0.01296	0.00589	0.00353	0.00118	0.00236	0.00471	0.85036	0.00471
13	0.01920	0.01474	0.01513	0.01172	0.01568	0.06119	0.00962	0.73026	0.02323	0.03074	0.01189	0.01197	0.00848	0.00602	0.00503	0.00151	0.00577	0.00448	0.00492	0.00844
14	0.00732	0.00502	0.00612	0.00612	0.00633	0.00523	0.00382	0.00774	0.00753	0.01025	0.01538	0.03003	0.01705	0.64051	0.20570	0.00565	0.00691	0.00690	0.00298	0.00340
15	0.01853	0.01382	0.01478	0.01149	0.01542	0.01536	0.00944	0.69575	0.10304	0.03075	0.01302	0.01284	0.00931	0.00615	0.00507	0.00154	0.00540	0.00467	0.00507	0.00854
16	0.01074	0.16795	0.65955	0.01339	0.02031	0.01321	0.01690	0.01586	0.01060	0.01528	0.00871	0.01022	0.00642	0.00472	0.00453	0.00151	0.00711	0.00355	0.00214	0.00730
17	0.00752	0.00576	0.00853	0.00851	0.00939	0.00678	0.00674	0.00933	0.00842	0.01207	0.01435	0.02272	0.01379	0.03419	0.68818	0.00728	0.05627	0.07272	0.00286	0.00458
18	0.00982	0.00926	0.01565	0.74029	0.10260	0.01130	0.01418	0.01315	0.01024	0.01324	0.00903	0.01340	0.00685	0.00501	0.00505	0.00167	0.00668	0.00449	0.00227	0.00583
19	0.00635	0.00517	0.00564	0.00561	0.00718	0.00446	0.00427	0.00792	0.01213	0.01516	0.20824	0.04677	0.58911	0.01234	0.00603	0.00172	0.00263	0.05000	0.00488	0.00440
20	0.00722	0.00542	0.00813	0.00813	0.00903	0.00632	0.00632	0.00903	0.00813	0.01174	0.01354	0.01987	0.01264	0.03792	0.80225	0.00813	0.01354	0.00542	0.00271	0.00451
21	0.01049	0.00899	0.01049	0.00749	0.01198	0.00674	0.00599	0.01273	0.01049	0.01648	0.00899	0.01049	0.00749	0.00374	0.00374	0.00075	0.00374	0.00300	0.00300	0.85320
22	0.85801	0.00978	0.00743	0.00665	0.00978	0.01134	0.00548	0.01486	0.00861	0.02269	0.00704	0.00821	0.00548	0.00469	0.00313	0.00156	0.00391	0.00274	0.00313	0.00548
23	0.00955	0.00899	0.01517	0.81013	0.03483	0.01123	0.01404	0.01292	0.01011	0.01292	0.00899	0.01348	0.00674	0.00506	0.00506	0.00169	0.00674	0.00449	0.00225	0.00562
24	0.85801	0.00978	0.00743	0.00665	0.00978	0.01134	0.00548	0.01486	0.00861	0.02269	0.00704	0.00821	0.00548	0.00469	0.00313	0.00156	0.00391	0.00274	0.00313	0.00548
25	0.01156	0.01253	0.02566	0.10337	0.09104	0.01223	0.56016	0.01603	0.05254	0.01603	0.01123	0.04312	0.00895	0.00493	0.00576	0.00170	0.00768	0.00598	0.00274	0.00676
26	0.01171	0.01107	0.01870	0.11509	0.63683	0.01128	0.01439	0.01470	0.01161	0.01646	0.07925	0.01489	0.01143	0.00509	0.00510	0.00153	0.00576	0.00492	0.00275	0.00745
27	0.00733	0.00500	0.00599	0.00599	0.00615	0.00516	0.00365	0.00766	0.00749	0.01015	0.01550	0.03071	0.01735	0.68084	0.16577	0.00548	0.00646	0.00700	0.00300	0.00333
28	0.00747	0.00533	0.00632	0.00597	0.00753	0.00470	0.00451	0.00936	0.01312	0.05856	0.42891	0.04139	0.36597	0.01119	0.00592	0.00164	0.00256	0.00959	0.00523	0.00476
29	0.02190	0.00987	0.01252	0.00960	0.01354	0.00931	0.00793	0.19521	0.01659	0.62069	0.01817	0.01606	0.01163	0.00622	0.00508	0.00155	0.00459	0.00496	0.00599	0.00860
30	0.01009	0.00954	0.01615	0.66691	0.17379	0.01138	0.01431	0.01340	0.01037	0.01358	0.00908	0.01330	0.00697	0.00495	0.00505	0.00165	0.00661	0.00450	0.00229	0.00606
31	0.01352	0.82533	0.02650	0.00865	0.01298	0.02001	0.00865	0.01514	0.01027	0.01190	0.00703	0.00811	0.00649	0.00433	0.00324	0.00108	0.00541	0.00270	0.00216	0.00649
32	0.78312	0.00967	0.00782	0.00686	0.01006	0.01099	0.00565	0.01574	0.00913	0.09186	0.00820	0.00902	0.00611	0.00483	0.00330	0.00156	0.00395	0.00295	0.00341	0.00576
33	0.01212	0.01162	0.01982	0.13365	0.69118	0.01191	0.01532	0.01518	0.01133	0.01605	0.00944	0.01264	0.00784	0.00458	0.00501	0.00153	0.00610	0.00450	0.00247	0.00769
34	0.00764	0.00568	0.00718	0.00671	0.00806	0.00547	0.00506	0.01110	0.08310	0.02036	0.71927	0.03608	0.04482	0.01003	0.00589	0.00160	0.00253	0.00884	0.00553	0.00506
35	0.01004	0.00839	0.01143	0.01025	0.01128	0.01051	0.00828	0.11078	0.01006	0.01453	0.01113	0.01601	0.01017	0.02435	0.44369	0.00535	0.27052	0.00498	0.00286	0.00538
36	0.00906	0.00694	0.00761	0.00719	0.00831	0.00746	0.00491	0.01413	0.26932	0.01468	0.08769	0.02914	0.04112	0.45219	0.01648	0.00344	0.00431	0.00705	0.00404	0.00492
37	0.00730	0.00510	0.00652	0.00652	0.00686	0.00545	0.00431	0.00800	0.00765	0.01055	0.01502	0.02802	0.01618	0.52136	0.32365	0.00614	0.00822	0.00661	0.00293	0.00362
38	0.00661	0.00549	0.00775	0.00764	0.00887	0.00494	0.07321	0.00794	0.01054	0.01347	0.03459	0.47285	0.29971	0.01372	0.00624	0.00190	0.00330	0.01230	0.00450	0.00441
39	0.01636	0.01645	0.01430	0.01218	0.01464	0.29363	0.00964	0.24429	0.10283	0.01910	0.01049	0.01208	0.00844	0.02467	0.00778	0.00169	0.17681	0.00426	0.00355	0.00679
40	0.14072	0.01288	0.01597	0.10059	0.01835	0.01417	0.10996	0.47805	0.01847	0.02635	0.01079	0.01191	0.00781	0.00552	0.00489	0.00157	0.00584	0.00447	0.00413	0.00758
41	0.01252	0.01201	0.02053	0.03104	0.79074	0.01201	0.01552	0.01552	0.01151	0.01652	0.00951	0.01252	0.00801	0.00451	0.00501	0.00150	0.00601	0.00451	0.00250	0.00801
42	0.01119	0.01239	0.17498	0.00931	0.01218	0.05999	0.02533	0.10902	0.05306	0.03578	0.08300	0.02115	0.01524	0.23265	0.01062	0.00244	0.00526	0.00561	0.11509	0.00572
43	0.02117	0.01132	0.08238	0.00984	0.01401	0.05151	0.00868	0.06345	0.01462	0.64139	0.01790	0.01592	0.01143	0.00606	0.00503	0.00155	0.00492	0.00484	0.00563	0.00835
44	0.01873	0.01242	0.01448	0.10881	0.01747	0.01348	0.00972	0.53061	0.02024	0.18235	0.01332	0.01332	0.00916	0.00598	0.00506	0.00155	0.00546	0.00465	0.00496	0.00824
45	0.00634	0.00447	0.00582	0.00682	0.00707	0.00422	0.00445	0.00709	0.00934	0.01245	0.02611	0.70325	0.03123	0.13460	0.00929	0.00247	0.00322	0.01334	0.00445	0.00395
46	0.16169	0.00816	0.00995	0.00858	0.01030	0.00914	0.00671	0.01466	0.00970	0.23047	0.01328	0.01840	0.01145	0.20722	0.08369	0.00310	0.17897	0.00511	0.00375	0.00569
47	0.00989	0.00928	0.01494	0.17029	0.21487	0.01062	0.05253	0.01203	0.00990	0.01384	0.01365	0.22622	0.01417	0.00861	0.00815	0.00186	0.19313	0.00718	0.00297	0.00587
48	0.01160	0.01281	0.02686	0.13782	0.06800	0.01258	0.60351	0.01559	0.01155	0.01564	0.00993	0.01350	0.00753	0.00449	0.00602	0.00170	0.02605	0.00564	0.00250	0.00668
49	0.01191	0.01139	0.01943	0.19067	0.63586	0.01185	0.01522	0.01499	0.01123	0.01578	0.00940	0.01271	0.00775	0.00462	0.00502	0.00154	0.00616	0.00450	0.00245	0.00752
50	0.00905	0.00801	0.01191	0.01615	0.32361	0.00770	0.00898	0.01153	0.02914	0.01624	0.17366	0.08055	0.24854	0.00907	0.00562	0.00164	0.00402	0.02463	0.00399	0.00596
51	0.01237	0.01186	0.02026	0.06990	0.75304	0.01198	0.01545	0.01539	0.01144	0.01634	0.00949	0.01256	0.00795	0.00453	0.00501	0.00151	0.00604	0.00450	0.00249	0.00789
52	0.01490	0.00885	0.01094	0.00803	0.01232	0.00699	0.00651	0.01704	0.01193	0.29755	0.01295	0.01292	0.00931	0.00465	0.00423	0.00104	0.00395	0.00375	0.00418	0.54798
53	0.01803	0.00759	0.01018	0.00815	0.01129	0.00662	0.00660	0.02006	0.01428	0.56511	0.20784	0.02387	0.06231	0.00760	0.00535	0.00158	0.00375	0.00637	0.00601	0.00745
54	0.01252	0.01201	0.02053	0.03104	0.79074	0.01201	0.01552	0.01552	0.01151	0.01652	0.00951	0.01252	0.00801	0.00451	0.00501	0.00150	0.00601	0.00451	0.00250	0.00801
55	0.00623	0.00445	0.00593	0.00700	0.00735	0.00415	0.00470	0.00721	0.00999	0.01341	0.07925	0.76619	0.03441	0.01547	0.00642	0.00202	0.00290	0.01402	0.00475	0.00415
56	0.01075	0.01020	0.01656	0.45076	0.25208	0.01201	0.01382	0.01436	0.05226	0.01434	0.00951	0.01322	0.00757	0.00541	0.00632	0.00169	0.09566	0.00456	0.00248	0.00644
57	0.00878	0.00439	0.00659	0.00659	0.00659	0.00439	0.00439	0.00659	0.00659	0.00878	0.00878	0.01537	0.00878	0.01757	0.01976	0.85288	0.00439	0.00439	0.00220	0.00220
58	0.01388	0.01234	0.01211	0.01067	0.01365	0.07802	0.00834	0.11410	0.62931	0.02169	0.01854	0.01727	0.01390	0.00663	0.00509	0.00166	0.00461	0.00538	0.00493	0.00790
59	0.00906	0.00875	0.01640	0.01308	0.01575	0.00818	0.32755	0.01195	0.03230	0.01545	0.09870	0.34032	0.02243	0.00960	0.00604	0.00179	0.00529	0.00954	0.00382	0.04400
60	0.12134	0.00927	0.01037	0.00875	0.01163	0.00977	0.00698	0.13127	0.20780	0.19332	0.21189	0.02095	0.02069	0.00722	0.00507	0.00160	0.00388	0.00590	0.00523	0.00709
61	0.00869	0.00442	0.00652	0.00652	0.00652	0.00442	0.00431	0.00664	0.00664	0.00885	0.00925	0.01652	0.00941	0.06974	0.02015	0.79790	0.00442	0.00458	0.00225	0.00225
62	0.06456	0.00904	0.01467	0.75804	0.03320	0.01124	0.01349	0.01305	0.01001	0.01355	0.00886	0.01314	0.00666	0.00503	0.00493	0.00168	0.00656	0.00438	0.00230	0.00561
63	0.01003	0.01055	0.06660	0.64166	0.14739	0.01138	0.01457	0.01351	0.01036	0.01366	0.00907	0.01315	0.00691	0.00496	0.00503	0.00165	0.00668	0.00445	0.00228	0.00610
64	0.01711	0.01384	0.01239	0.01198	0.06375	0.29910	0.00899	0.01898	0.01354	0.26784	0.01647	0.02359	0.01404	0.00763	0.00535	0.00165	0.00627	0.18660	0.00429	0.00660
65	0.01834	0.02312	0.01408	0.01267	0.01540	0.75043	0.00953	0.01971	0.01408	0.01264	0.00789	0.00921	0.00658	0.00512	0.00451	0.00127	0.00877	0.00324	0.00263	0.06080
66	0.01209	0.01157	0.01953	0.02936	0.73992	0.01151	0.01476	0.01498	0.01151	0.01633	0.01222	0.01486	0.05862	0.00504	0.00507	0.00152	0.00578	0.00491	0.00265	0.00777
67	0.01252	0.01201	0.02053	0.03104	0.79074	0.01201	0.01552	0.01552	0.01151	0.01652	0.00951	0.01252	0.00801	0.00451	0.00501	0.00150	0.00601	0.00451	0.00250	0.00801
68	0.10621	0.00962	0.00968	0.00879	0.01101	0.06070	0.00671	0.09543	0.22579	0.08792	0.01849	0.12632	0.03092	0.13038	0.00824	0.00219	0.00451	0.04645	0.00444	0.00620

[dist]
# distance from previous block
# <min> <max>
0	1

[block]
# block no. 1 follows, 49 sequences, length 6
# corresponding to MSA columns:
# 206-211
name=unknown_B
#
# <colnr> <probs for GDERKNQSTAVLIFYWHMCP>
#	G	D	E	R	K	N	Q	S	T	A	V	L	I	F	Y	W	H	M	C	P
0	0.10676	0.01242	0.01708	0.01649	0.17976	0.10564	0.19024	0.07701	0.01305	0.08521	0.06138	0.01719	0.08341	0.00596	0.00513	0.00156	0.00602	0.00542	0.00352	0.00674
1	0.01214	0.09794	0.22392	0.01339	0.01783	0.08079	0.16416	0.06373	0.14738	0.01685	0.01328	0.10195	0.01139	0.00634	0.00512	0.00161	0.00639	0.00562	0.00326	0.00689
2	0.11677	0.01502	0.17123	0.01072	0.01479	0.09872	0.01000	0.12130	0.15666	0.16995	0.05459	0.01462	0.01164	0.00596	0.00479	0.00157	0.00545	0.00459	0.00424	0.00738
3	0.08368	0.00712	0.00793	0.00738	0.00920	0.00743	0.00555	0.01533	0.20342	0.08546	0.20193	0.11693	0.05051	0.07437	0.00682	0.00190	0.00336	0.00741	0.09856	0.00573
4	0.01383	0.01118	0.01441	0.01151	0.01439	0.04592	0.12562	0.20434	0.10669	0.09427	0.01889	0.02046	0.12556	0.07105	0.00822	0.00194	0.09482	0.00602	0.00417	0.00672
5	0.10643	0.01177	0.01489	0.13818	0.18057	0.08985	0.05716	0.10619	0.01280	0.08025	0.01466	0.01618	0.09421	0.00615	0.00556	0.00160	0.04852	0.00501	0.00338	0.00665

[dist]
# distance from previous block
# <min> <max>
6	7

[block]
# block no. 2 follows, 49 sequences, length 29
# corresponding to MSA columns:
# 219-247
name=unknown_C
#
# <colnr> <probs for GDERKNQSTAVLIFYWHMCP>
#	G	D	E	R	K	N	Q	S	T	A	V	L	I	F	Y	W	H	M	C	P
0	0.07092	0.00788	0.01013	0.01027	0.10706	0.00743	0.00702	0.05791	0.01352	0.25418	0.19161	0.02742	0.19719	0.00831	0.00534	0.00159	0.00374	0.00699	0.00500	0.00649
1	0.01139	0.01072	0.01735	0.32504	0.40624	0.01179	0.01402	0.01594	0.10679	0.01573	0.01069	0.01367	0.00845	0.00501	0.00504	0.00160	0.00604	0.00465	0.00273	0.00710
2	0.00811	0.00606	0.00743	0.00693	0.00842	0.00577	0.00514	0.06901	0.01262	0.01742	0.33253	0.16123	0.11574	0.07334	0.07559	0.00241	0.00400	0.00885	0.00464	0.07474
3	0.01179	0.01319	0.02763	0.01995	0.02454	0.01279	0.66630	0.01566	0.01147	0.01582	0.00983	0.01326	0.00756	0.00468	0.00690	0.00171	0.08612	0.00569	0.00254	0.04255
4	0.01252	0.01201	0.02053	0.03104	0.79074	0.01201	0.01552	0.01552	0.01151	0.01652	0.00951	0.01252	0.00801	0.00451	0.00501	0.00150	0.00601	0.00451	0.00250	0.00801
5	0.02269	0.00861	0.01174	0.00900	0.01291	0.00743	0.00743	0.02464	0.01447	0.79425	0.01995	0.01721	0.01252	0.00626	0.00509	0.00156	0.00430	0.00509	0.00626	0.00861
6	0.00638	0.00511	0.00555	0.00546	0.00689	0.00444	0.00400	0.00782	0.01184	0.01493	0.22589	0.04470	0.54390	0.08167	0.00767	0.00195	0.00272	0.01002	0.00477	0.00429
7	0.00922	0.00794	0.10719	0.00726	0.00938	0.00580	0.00645	0.01188	0.01257	0.07959	0.37710	0.09518	0.03008	0.00871	0.00520	0.00153	0.00322	0.00752	0.20883	0.00535
8	0.85801	0.00978	0.00743	0.00665	0.00978	0.01134	0.00548	0.01486	0.00861	0.02269	0.00704	0.00821	0.00548	0.00469	0.00313	0.00156	0.00391	0.00274	0.00313	0.00548
9	0.00629	0.00462	0.00594	0.00694	0.00751	0.00427	0.00484	0.00734	0.01010	0.01319	0.03113	0.64863	0.14141	0.01526	0.00643	0.00203	0.00302	0.07219	0.00469	0.00417
10	0.01737	0.01324	0.01413	0.01126	0.01498	0.01482	0.00916	0.56578	0.23489	0.02888	0.01449	0.01401	0.01050	0.00629	0.00508	0.00157	0.00513	0.00488	0.00508	0.00843
11	0.00640	0.00459	0.00608	0.00688	0.00739	0.00427	0.00471	0.00764	0.01080	0.01469	0.21120	0.63059	0.03689	0.01451	0.00634	0.00194	0.00280	0.01311	0.00490	0.00427
12	0.01149	0.34494	0.48911	0.01211	0.01833	0.01504	0.01468	0.01567	0.01052	0.01437	0.00826	0.00965	0.00644	0.00461	0.00418	0.00139	0.00665	0.00332	0.00215	0.00708
13	0.01235	0.54890	0.29269	0.01064	0.01606	0.01715	0.01212	0.01544	0.01041	0.01332	0.00774	0.00900	0.00646	0.00449	0.00378	0.00126	0.00612	0.00306	0.00215	0.00683
14	0.00603	0.00492	0.00533	0.00567	0.00697	0.00422	0.00408	0.00720	0.01100	0.01345	0.04457	0.26818	0.57347	0.01367	0.00611	0.00181	0.00267	0.01173	0.00470	0.00422
15	0.01146	0.01224	0.07992	0.25791	0.50892	0.01176	0.01534	0.01480	0.01104	0.01543	0.00932	0.01265	0.00751	0.00469	0.00500	0.00156	0.00634	0.00444	0.00240	0.00727
16	0.01531	0.01482	0.01833	0.11564	0.12100	0.20272	0.17783	0.11700	0.06684	0.08406	0.01119	0.01285	0.00839	0.00521	0.00514	0.00154	0.00706	0.00466	0.00334	0.00706
17	0.01129	0.01062	0.01717	0.35152	0.38055	0.01176	0.01397	0.01585	0.10674	0.01560	0.01067	0.01371	0.00841	0.00503	0.00504	0.00160	0.00606	0.00465	0.00273	0.00702
18	0.01070	0.01003	0.01693	0.48298	0.32756	0.01134	0.01430	0.01389	0.01067	0.01450	0.00942	0.01327	0.00742	0.00487	0.00499	0.00160	0.00632	0.00451	0.02819	0.00652
19	0.02161	0.00886	0.01174	0.00912	0.01287	0.00795	0.00748	0.08559	0.01501	0.69385	0.01969	0.05529	0.01320	0.00670	0.00515	0.00158	0.00434	0.00549	0.00608	0.00839
20	0.01228	0.01111	0.07835	0.01339	0.01701	0.00989	0.26667	0.04945	0.07453	0.13394	0.01547	0.03538	0.04384	0.01364	0.19767	0.00322	0.00814	0.00583	0.00358	0.00659
21	0.01457	0.00982	0.01308	0.01473	0.21996	0.06853	0.00925	0.01681	0.01298	0.26207	0.20050	0.02014	0.01907	0.00846	0.04702	0.00190	0.04397	0.00576	0.00443	0.00695
22	0.01361	0.01188	0.01830	0.01363	0.01793	0.04850	0.28931	0.05020	0.12829	0.11298	0.01261	0.01374	0.00937	0.00488	0.00503	0.00141	0.00595	0.00484	0.00363	0.23392
23	0.01562	0.15017	0.09813	0.01645	0.19984	0.09340	0.05107	0.21721	0.01500	0.08046	0.01044	0.01158	0.00794	0.00512	0.00472	0.00144	0.00625	0.00414	0.00339	0.00763
24	0.01247	0.01018	0.01058	0.01003	0.07244	0.10152	0.00714	0.04728	0.11069	0.11715	0.06455	0.02409	0.21908	0.00756	0.00506	0.00143	0.00435	0.00620	0.00428	0.16391
25	0.01466	0.10564	0.20465	0.07644	0.09675	0.04823	0.01233	0.21114	0.08083	0.08389	0.01150	0.01235	0.00845	0.00538	0.00478	0.00151	0.00606	0.00423	0.00355	0.00763
26	0.12476	0.04899	0.01334	0.01239	0.14177	0.00997	0.00856	0.05154	0.07329	0.35198	0.01448	0.01403	0.01010	0.00544	0.00459	0.00145	0.00456	0.00438	0.00455	0.09983
27	0.01326	0.01172	0.01693	0.02321	0.50103	0.07285	0.01276	0.05479	0.01263	0.07172	0.03448	0.03640	0.01247	0.00633	0.00528	0.00161	0.00578	0.09613	0.00330	0.00733
28	0.01584	0.01252	0.01247	0.12547	0.03382	0.20036	0.00906	0.12054	0.03072	0.20348	0.01566	0.13636	0.01355	0.00756	0.00524	0.00162	0.00583	0.03905	0.00422	0.00664

[dist]
# distance from previous block
# <min> <max>
11	152

# created by:
# /home/cegg/simao/soft/augustus-3.2.1/scripts/msa2prfl.pl ./align_prep/30068.fa
