[name]
unknown

[dist]
# distance from previous block
# <min> <max>
0	31

[block]
# block no. 0 follows, 51 sequences, length 7
# corresponding to MSA columns:
# 31-37
name=unknown_A
#
# <colnr> <probs for GDERKNQSTAVLIFYWHMCP>
#	G	D	E	R	K	N	Q	S	T	A	V	L	I	F	Y	W	H	M	C	P
0	0.00792	0.00566	0.00792	0.00905	0.01018	0.00566	0.00792	0.01018	0.01131	0.01471	0.02602	0.05543	0.02828	0.01358	0.00679	0.00226	0.00453	0.76356	0.00453	0.00453
1	0.01714	0.01390	0.11483	0.01104	0.01521	0.01298	0.00989	0.44557	0.13343	0.15405	0.01388	0.01340	0.00970	0.00589	0.00490	0.00152	0.00522	0.00458	0.00476	0.00813
2	0.01318	0.57104	0.17418	0.01004	0.01462	0.11920	0.01043	0.01551	0.01057	0.01239	0.00731	0.00849	0.00629	0.00440	0.00361	0.00118	0.00611	0.00289	0.00215	0.00641
3	0.00959	0.15256	0.09505	0.00745	0.01000	0.00838	0.00670	0.01205	0.03958	0.07829	0.25894	0.02772	0.15065	0.11345	0.00759	0.00189	0.00391	0.00681	0.00406	0.00533
4	0.17549	0.08242	0.54123	0.01180	0.01781	0.01169	0.01427	0.01579	0.01018	0.06430	0.00893	0.01011	0.00642	0.00470	0.00426	0.00151	0.00625	0.00345	0.00251	0.00688
5	0.01609	0.01269	0.01296	0.03402	0.05001	0.11418	0.00868	0.38180	0.07651	0.09897	0.05596	0.05004	0.05246	0.00673	0.00501	0.00151	0.00525	0.00534	0.00453	0.00727
6	0.01101	0.05379	0.14381	0.00886	0.01265	0.02912	0.00827	0.07223	0.06828	0.05789	0.20157	0.01839	0.03542	0.00615	0.00464	0.00128	0.00430	0.00505	0.00383	0.25346

[dist]
# distance from previous block
# <min> <max>
3	25

[block]
# block no. 1 follows, 51 sequences, length 12
# corresponding to MSA columns:
# 63-74
name=unknown_B
#
# <colnr> <probs for GDERKNQSTAVLIFYWHMCP>
#	G	D	E	R	K	N	Q	S	T	A	V	L	I	F	Y	W	H	M	C	P
0	0.01213	0.07175	0.46668	0.01673	0.19529	0.03960	0.01542	0.01640	0.01104	0.09551	0.00983	0.01122	0.00719	0.00473	0.00464	0.00149	0.00655	0.00385	0.00258	0.00738
1	0.04892	0.04482	0.06625	0.06123	0.02788	0.02496	0.02993	0.14419	0.08248	0.15460	0.09929	0.01538	0.01308	0.00577	0.00486	0.00140	0.01869	0.00467	0.00409	0.14752
2	0.00868	0.00540	0.00712	0.00647	0.00793	0.00493	0.00493	0.01095	0.01393	0.10865	0.70575	0.03443	0.04247	0.00959	0.00570	0.00154	0.00253	0.00844	0.00549	0.00506
3	0.01221	0.01230	0.01146	0.01200	0.12013	0.21489	0.00780	0.01637	0.18729	0.01441	0.01317	0.04009	0.01204	0.19749	0.00939	0.00216	0.00559	0.00508	0.00328	0.10284
4	0.01316	0.55737	0.02061	0.00852	0.01219	0.01611	0.00791	0.06394	0.09101	0.05646	0.09888	0.01295	0.01220	0.00533	0.00385	0.00122	0.00473	0.00388	0.00316	0.00650
5	0.01072	0.00890	0.00980	0.00884	0.01067	0.11023	0.03352	0.01212	0.01065	0.10286	0.01966	0.34368	0.06744	0.00993	0.00638	0.00163	0.08319	0.00837	0.00391	0.13748
6	0.01084	0.01485	0.27425	0.01298	0.10142	0.01053	0.01166	0.05769	0.22880	0.01799	0.06255	0.01831	0.03818	0.00629	0.00495	0.00156	0.00518	0.04938	0.00357	0.06903
7	0.01231	0.01550	0.27399	0.01131	0.01569	0.01178	0.01126	0.05417	0.45030	0.06674	0.01590	0.01532	0.01163	0.00594	0.00488	0.00161	0.00509	0.00483	0.00409	0.00767
8	0.01886	0.00846	0.01108	0.00835	0.01230	0.00704	0.00685	0.02083	0.01302	0.58891	0.01652	0.01497	0.01085	0.00542	0.00459	0.00131	0.00404	0.00440	0.00523	0.23698
9	0.00595	0.00482	0.00530	0.00566	0.00692	0.00417	0.00414	0.00713	0.01072	0.01314	0.04264	0.25683	0.55613	0.01329	0.00598	0.00178	0.00268	0.04405	0.00456	0.00412
10	0.01115	0.01309	0.07431	0.15631	0.10471	0.01203	0.52369	0.01512	0.01118	0.01522	0.00960	0.01294	0.00726	0.00433	0.00548	0.00163	0.00768	0.00528	0.00240	0.00659
11	0.01041	0.00982	0.01643	0.32824	0.41675	0.01065	0.01339	0.01331	0.01050	0.01431	0.01171	0.01502	0.05540	0.00671	0.04544	0.00186	0.00628	0.00478	0.00248	0.00650

[dist]
# distance from previous block
# <min> <max>
0	31

[block]
# block no. 2 follows, 51 sequences, length 59
# corresponding to MSA columns:
# 106-164
name=unknown_C
#
# <colnr> <probs for GDERKNQSTAVLIFYWHMCP>
#	G	D	E	R	K	N	Q	S	T	A	V	L	I	F	Y	W	H	M	C	P
0	0.00681	0.00491	0.00644	0.00628	0.00731	0.00454	0.00463	0.00891	0.01323	0.01863	0.67834	0.15549	0.04428	0.01085	0.00587	0.00161	0.00240	0.00965	0.00528	0.00454
1	0.00595	0.00441	0.00556	0.00648	0.00703	0.00402	0.00440	0.00688	0.00976	0.01269	0.03147	0.67399	0.17977	0.01483	0.00618	0.00193	0.00278	0.01328	0.00456	0.00402
2	0.01103	0.01060	0.01724	0.11878	0.40031	0.01193	0.04267	0.01367	0.02370	0.01446	0.01008	0.04097	0.00920	0.00633	0.00787	0.00172	0.20955	0.04074	0.00255	0.00657
3	0.01590	0.01662	0.01150	0.01052	0.01264	0.49659	0.00780	0.01707	0.01260	0.12119	0.01295	0.13522	0.01222	0.08737	0.00680	0.00175	0.00690	0.00543	0.00337	0.00554
4	0.02123	0.00968	0.01222	0.00937	0.01320	0.00918	0.00774	0.20881	0.01628	0.61206	0.01753	0.01552	0.01123	0.00604	0.00494	0.00151	0.00448	0.00482	0.00580	0.00836
5	0.00761	0.00546	0.00714	0.00755	0.00830	0.00557	0.00566	0.00879	0.00990	0.05103	0.02697	0.41210	0.13309	0.06567	0.00837	0.00217	0.08065	0.14528	0.00430	0.00439
6	0.01269	0.00758	0.00909	0.00762	0.01005	0.00732	0.00604	0.16945	0.01534	0.20427	0.32173	0.02880	0.16212	0.00869	0.00542	0.00155	0.00342	0.00731	0.00532	0.00619
7	0.01076	0.01079	0.01410	0.10370	0.07120	0.07529	0.01044	0.01240	0.00944	0.01332	0.11627	0.01457	0.01209	0.00780	0.01170	0.00189	0.49123	0.00486	0.00266	0.00548
8	0.43818	0.37825	0.01587	0.00765	0.01119	0.05557	0.00692	0.01483	0.00938	0.01683	0.00688	0.00798	0.00582	0.00443	0.00316	0.00130	0.00471	0.00267	0.00259	0.00578
9	0.73335	0.00876	0.00682	0.00618	0.00893	0.01005	0.00504	0.01399	0.00866	0.02149	0.00823	0.00954	0.00642	0.00474	0.00310	0.00146	0.00357	0.00295	0.13150	0.00521
10	0.00596	0.00437	0.00560	0.00658	0.00706	0.00401	0.00445	0.00687	0.00966	0.01265	0.03023	0.71631	0.13824	0.01499	0.00621	0.00195	0.00280	0.01347	0.00456	0.00401
11	0.01033	0.00797	0.01233	0.01633	0.33246	0.00766	0.00912	0.01259	0.01203	0.09054	0.25230	0.13776	0.06164	0.00822	0.00540	0.00158	0.00403	0.00746	0.00409	0.00617
12	0.00792	0.00719	0.01081	0.48214	0.02269	0.00816	0.00962	0.01042	0.01055	0.01322	0.06780	0.02657	0.28834	0.00788	0.00528	0.00164	0.00487	0.00675	0.00321	0.00495
13	0.86201	0.00950	0.00722	0.00646	0.00950	0.01102	0.00532	0.01445	0.00836	0.02205	0.00684	0.00798	0.00532	0.00456	0.00304	0.00152	0.00380	0.00266	0.00304	0.00532
14	0.00636	0.00457	0.00529	0.00587	0.00676	0.00413	0.00411	0.00756	0.01016	0.01360	0.03353	0.43936	0.29752	0.01302	0.00572	0.00176	0.00265	0.01140	0.12249	0.00413
15	0.01270	0.01270	0.01474	0.23144	0.01931	0.14388	0.01114	0.11991	0.01136	0.01471	0.00800	0.01123	0.00672	0.00664	0.00960	0.00177	0.35151	0.00415	0.00261	0.00586
16	0.01036	0.02190	0.57802	0.01595	0.02255	0.01171	0.23843	0.01561	0.01073	0.01561	0.00914	0.01121	0.00658	0.00452	0.00500	0.00159	0.00756	0.00426	0.00219	0.00708
17	0.00722	0.00531	0.00680	0.00638	0.00762	0.00503	0.00480	0.01014	0.05352	0.01975	0.75442	0.03577	0.04476	0.00987	0.00576	0.00155	0.00240	0.00872	0.00539	0.00480
18	0.01121	0.00714	0.00814	0.00722	0.00959	0.00691	0.00563	0.01588	0.20587	0.19395	0.11940	0.03196	0.33861	0.00929	0.00541	0.00162	0.00320	0.00777	0.00511	0.00606
19	0.01147	0.01084	0.01834	0.02753	0.70761	0.01081	0.01390	0.01415	0.01099	0.01566	0.01126	0.10372	0.01057	0.00562	0.00502	0.00152	0.00550	0.00546	0.00267	0.00736
20	0.02069	0.00984	0.01224	0.00946	0.01324	0.00951	0.00779	0.21556	0.05596	0.56540	0.01750	0.01556	0.01135	0.00607	0.00494	0.00152	0.00448	0.00484	0.00573	0.00833
21	0.00590	0.00463	0.00534	0.00591	0.00688	0.00407	0.00415	0.00695	0.01031	0.01291	0.03849	0.43380	0.41543	0.01391	0.00604	0.00183	0.00267	0.01216	0.00456	0.00407
22	0.01149	0.42587	0.41568	0.01122	0.01696	0.01541	0.01331	0.01514	0.01018	0.01357	0.00783	0.00914	0.00627	0.00444	0.00391	0.00130	0.00626	0.00313	0.00209	0.00679
23	0.01997	0.01169	0.01347	0.01032	0.01421	0.01217	0.00853	0.49022	0.01964	0.32590	0.01471	0.01369	0.00982	0.00597	0.00493	0.00149	0.00494	0.00462	0.00536	0.00836
24	0.05531	0.01358	0.12837	0.02609	0.59821	0.01166	0.06510	0.01516	0.01096	0.01627	0.00911	0.01177	0.00742	0.00441	0.00481	0.00149	0.00609	0.00428	0.00242	0.00751
25	0.01068	0.01447	0.22945	0.12441	0.26608	0.04232	0.01334	0.01533	0.08741	0.01624	0.11893	0.01568	0.01320	0.00557	0.00494	0.00153	0.00576	0.00487	0.00297	0.00681
26	0.02037	0.00799	0.01087	0.00846	0.01197	0.00694	0.00694	0.02232	0.01405	0.71344	0.10536	0.01894	0.01596	0.00652	0.00504	0.00152	0.00397	0.00538	0.00601	0.00795
27	0.01065	0.01066	0.02022	0.05318	0.31796	0.01055	0.28790	0.01370	0.01069	0.01488	0.01141	0.07674	0.01016	0.00968	0.11671	0.00247	0.00753	0.00576	0.00264	0.00651
28	0.01169	0.00610	0.00827	0.00722	0.00917	0.00566	0.00566	0.01380	0.01312	0.26301	0.44303	0.02803	0.03093	0.01252	0.11680	0.00242	0.00441	0.00715	0.00524	0.00577
29	0.00885	0.00464	0.00486	0.00480	0.00595	0.00459	0.00360	0.01115	0.01081	0.01851	0.12397	0.02087	0.01728	0.00632	0.00376	0.00120	0.00229	0.00518	0.73676	0.00459
30	0.00712	0.00480	0.00554	0.00548	0.00566	0.00475	0.00323	0.00747	0.00817	0.01106	0.13294	0.03285	0.02217	0.70400	0.02211	0.00428	0.00440	0.00741	0.00334	0.00323
31	0.00612	0.00443	0.00580	0.00665	0.00713	0.00410	0.00453	0.00722	0.01018	0.01366	0.14395	0.66554	0.07361	0.01444	0.00618	0.00191	0.00275	0.01302	0.00469	0.00410
32	0.01978	0.01200	0.01365	0.01047	0.01436	0.01262	0.00865	0.53290	0.02015	0.28250	0.01428	0.01341	0.00960	0.00596	0.00492	0.00149	0.00501	0.00459	0.00530	0.00836
33	0.01326	0.14234	0.23120	0.01493	0.09432	0.17685	0.11881	0.06041	0.07322	0.01557	0.00951	0.01097	0.00739	0.00481	0.00461	0.00143	0.00692	0.00395	0.00266	0.00686
34	0.08986	0.12467	0.03251	0.01094	0.01441	0.01226	0.14502	0.26352	0.01538	0.02167	0.20211	0.01725	0.01692	0.00622	0.00487	0.00147	0.00504	0.00534	0.00398	0.00655
35	0.00932	0.00554	0.00584	0.00562	0.00701	0.00574	0.00426	0.01336	0.12809	0.01885	0.12457	0.02087	0.01764	0.00647	0.00400	0.00128	0.00254	0.00533	0.60860	0.00507
36	0.01646	0.01687	0.21269	0.01201	0.01676	0.02874	0.01156	0.57405	0.01974	0.02675	0.01097	0.01139	0.00778	0.00557	0.00485	0.00149	0.00594	0.00420	0.00416	0.00803
37	0.00986	0.02542	0.80183	0.01401	0.02127	0.01141	0.01816	0.01556	0.01038	0.01556	0.00882	0.01038	0.00623	0.00467	0.00467	0.00156	0.00726	0.00363	0.00208	0.00726
38	0.01067	0.10388	0.13139	0.00845	0.01322	0.00875	0.00800	0.01331	0.01026	0.02836	0.00871	0.01007	0.00709	0.00390	0.00376	0.00090	0.00438	0.00302	0.00275	0.61914
39	0.11372	0.00821	0.01026	0.00809	0.01151	0.00756	0.00664	0.04160	0.01325	0.60510	0.01742	0.01581	0.01135	0.00587	0.00456	0.00148	0.00396	0.00463	0.10139	0.00760
40	0.00685	0.00523	0.00749	0.00749	0.00848	0.00587	0.00581	0.00854	0.00836	0.01167	0.01824	0.02319	0.12083	0.03347	0.69655	0.00703	0.01168	0.00597	0.00290	0.00435
41	0.12863	0.00955	0.01427	0.01997	0.45082	0.00976	0.01074	0.01375	0.05055	0.01695	0.08909	0.13679	0.01532	0.00674	0.00492	0.00157	0.00466	0.00609	0.00326	0.00656
42	0.01202	0.01207	0.02222	0.02779	0.60274	0.01187	0.20716	0.01525	0.01129	0.01598	0.00942	0.01244	0.00770	0.00432	0.00510	0.00151	0.00645	0.00474	0.00245	0.00749
43	0.00685	0.00515	0.00645	0.00728	0.00791	0.00513	0.00501	0.00952	0.11740	0.01366	0.02610	0.71230	0.03007	0.01418	0.00610	0.00195	0.00300	0.01280	0.00462	0.00452
44	0.00655	0.00501	0.00601	0.00576	0.00710	0.00447	0.00432	0.00850	0.01296	0.01746	0.53364	0.04041	0.30818	0.01089	0.00580	0.00159	0.00238	0.00941	0.00511	0.00447
45	0.02307	0.01388	0.16793	0.15685	0.02067	0.05198	0.17893	0.01750	0.22256	0.01612	0.01332	0.07224	0.01083	0.00593	0.00513	0.00164	0.00615	0.00547	0.00320	0.00660
46	0.16685	0.00830	0.00998	0.00823	0.01136	0.00798	0.00662	0.04608	0.05291	0.48704	0.01802	0.12712	0.01380	0.00713	0.00479	0.00159	0.00396	0.00581	0.00524	0.00719
47	0.00634	0.00428	0.00580	0.00678	0.00703	0.00403	0.00452	0.00678	0.00899	0.01199	0.02451	0.71183	0.02918	0.01563	0.00807	0.12062	0.00305	0.01262	0.00422	0.00373
48	0.01095	0.00511	0.00553	0.00516	0.00667	0.00495	0.00396	0.01318	0.01083	0.12678	0.01650	0.01810	0.01254	0.00577	0.00364	0.00120	0.00255	0.00463	0.73686	0.00511
49	0.01340	0.01253	0.12548	0.11074	0.38931	0.01075	0.01325	0.01746	0.07574	0.16481	0.01194	0.01340	0.00886	0.00499	0.00487	0.00152	0.00564	0.00448	0.00326	0.00756
50	0.01010	0.02373	0.69461	0.01494	0.02188	0.01155	0.12369	0.01559	0.01055	0.01559	0.00897	0.01077	0.00640	0.00460	0.00483	0.00157	0.00740	0.00393	0.00213	0.00717
51	0.01137	0.01124	0.01700	0.11050	0.33773	0.03428	0.01283	0.01346	0.00946	0.01365	0.00789	0.01155	0.00701	0.00635	0.00992	0.00178	0.37102	0.00431	0.00228	0.00638
52	0.27702	0.01543	0.01394	0.01429	0.15655	0.29140	0.05539	0.09154	0.01247	0.01793	0.00822	0.00974	0.00655	0.00481	0.00421	0.00142	0.00638	0.00351	0.00290	0.00628
53	0.00620	0.00499	0.00552	0.00539	0.00688	0.00431	0.00404	0.00781	0.01212	0.01547	0.30342	0.04369	0.53964	0.01163	0.00580	0.00162	0.00243	0.00987	0.00485	0.00431
54	0.01019	0.00873	0.01019	0.00728	0.01165	0.00655	0.00582	0.01237	0.01019	0.01601	0.00873	0.01019	0.00728	0.00364	0.00364	0.00073	0.00364	0.00291	0.00291	0.85734
55	0.00660	0.00443	0.00565	0.00641	0.00695	0.00417	0.00440	0.00788	0.01017	0.01441	0.13183	0.59329	0.03142	0.01319	0.00578	0.00180	0.00269	0.01185	0.13291	0.00417
56	0.00618	0.00487	0.00513	0.00520	0.00632	0.00431	0.00358	0.00706	0.00998	0.01221	0.03896	0.09358	0.53342	0.23479	0.01107	0.00253	0.00313	0.00973	0.00413	0.00382
57	0.00958	0.08403	0.45454	0.01176	0.01663	0.01028	0.01359	0.01424	0.04835	0.01515	0.01455	0.04701	0.01361	0.00754	0.00520	0.00173	0.00604	0.21683	0.00298	0.00635
58	0.00809	0.00639	0.00746	0.00695	0.00859	0.00645	0.00528	0.01313	0.20611	0.01895	0.48974	0.03372	0.15081	0.00957	0.00560	0.00159	0.00274	0.00828	0.00518	0.00535

[dist]
# distance from previous block
# <min> <max>
0	1

[block]
# block no. 3 follows, 51 sequences, length 33
# corresponding to MSA columns:
# 166-198
name=unknown_D
#
# <colnr> <probs for GDERKNQSTAVLIFYWHMCP>
#	G	D	E	R	K	N	Q	S	T	A	V	L	I	F	Y	W	H	M	C	P
0	0.05610	0.01257	0.01100	0.00929	0.01216	0.23905	0.00722	0.01759	0.06529	0.18911	0.05164	0.03280	0.01155	0.02989	0.00547	0.00142	0.03514	0.00440	0.03666	0.17167
1	0.03936	0.70509	0.10070	0.00901	0.01343	0.03890	0.00929	0.01492	0.01008	0.01229	0.00705	0.00816	0.00627	0.00428	0.00333	0.00112	0.00550	0.00274	0.00214	0.00635
2	0.01788	0.01252	0.01382	0.04750	0.01526	0.01373	0.00899	0.63684	0.02096	0.08766	0.01251	0.01266	0.00884	0.00586	0.00482	0.00146	0.00516	0.00447	0.06108	0.00798
3	0.01173	0.01225	0.07100	0.02803	0.70920	0.01131	0.01480	0.01474	0.01105	0.01586	0.01003	0.04923	0.00881	0.00490	0.00492	0.00149	0.00580	0.00477	0.00251	0.00758
4	0.01151	0.27188	0.34803	0.01252	0.06813	0.01409	0.01281	0.01741	0.16826	0.01537	0.01050	0.01134	0.00814	0.00491	0.00428	0.00142	0.00586	0.00376	0.00270	0.00710
5	0.00604	0.00437	0.00571	0.00668	0.00711	0.00404	0.00451	0.00702	0.00982	0.01307	0.07931	0.72064	0.08382	0.01485	0.00621	0.00194	0.00279	0.01340	0.00462	0.00404
6	0.86201	0.00950	0.00722	0.00646	0.00950	0.01102	0.00532	0.01445	0.00836	0.02205	0.00684	0.00798	0.00532	0.00456	0.00304	0.00152	0.00380	0.00266	0.00304	0.00532
7	0.01109	0.01512	0.18681	0.01920	0.10587	0.01215	0.43985	0.01507	0.01091	0.01534	0.00986	0.01376	0.00786	0.00502	0.00647	0.00168	0.08355	0.03126	0.00243	0.00669
8	0.00848	0.00439	0.00654	0.00664	0.00674	0.00439	0.00459	0.00674	0.00684	0.00908	0.01008	0.01852	0.01028	0.01676	0.01811	0.78146	0.00429	0.07139	0.00235	0.00235
9	0.01920	0.00856	0.01107	0.00871	0.01212	0.00791	0.00711	0.09724	0.05232	0.58077	0.12309	0.01901	0.01653	0.00663	0.00506	0.00153	0.00404	0.00545	0.00582	0.00783
10	0.86201	0.00950	0.00722	0.00646	0.00950	0.01102	0.00532	0.01445	0.00836	0.02205	0.00684	0.00798	0.00532	0.00456	0.00304	0.00152	0.00380	0.00266	0.00304	0.00532
11	0.00599	0.00428	0.00570	0.00684	0.00713	0.00399	0.00456	0.00684	0.00941	0.01254	0.02709	0.82409	0.03250	0.01540	0.00627	0.00200	0.00285	0.01397	0.00456	0.00399
12	0.00841	0.00470	0.00514	0.00514	0.00596	0.00480	0.00361	0.01005	0.00923	0.01531	0.01558	0.02199	0.01392	0.22064	0.09559	0.00280	0.00410	0.00531	0.54356	0.00415
13	0.01172	0.01119	0.01887	0.15170	0.65448	0.01157	0.01464	0.01502	0.03429	0.01565	0.00949	0.01249	0.00781	0.00453	0.00488	0.00149	0.00589	0.00441	0.00247	0.00742
14	0.00674	0.00492	0.00632	0.00653	0.00754	0.00471	0.00478	0.00822	0.01055	0.03212	0.18751	0.27464	0.21747	0.01810	0.18317	0.00311	0.00496	0.00991	0.00435	0.00435
15	0.01314	0.83025	0.02575	0.00841	0.01261	0.01945	0.00841	0.01472	0.00999	0.01156	0.00683	0.00788	0.00631	0.00420	0.00315	0.00105	0.00526	0.00263	0.00210	0.00631
16	0.01142	0.01114	0.01413	0.14868	0.28888	0.10850	0.01073	0.06824	0.01205	0.01545	0.03190	0.03435	0.15214	0.00651	0.00523	0.00149	0.02318	0.00552	0.00309	0.04737
17	0.01054	0.19183	0.64137	0.01285	0.01948	0.01307	0.01614	0.01539	0.01029	0.01474	0.00841	0.00986	0.00624	0.00457	0.00436	0.00145	0.00685	0.00342	0.00208	0.00707
18	0.86201	0.00950	0.00722	0.00646	0.00950	0.01102	0.00532	0.01445	0.00836	0.02205	0.00684	0.00798	0.00532	0.00456	0.00304	0.00152	0.00380	0.00266	0.00304	0.00532
19	0.01448	0.01524	0.07242	0.01307	0.12055	0.31021	0.00945	0.01744	0.06622	0.11692	0.15419	0.01730	0.03879	0.00631	0.00490	0.00144	0.00600	0.00501	0.00370	0.00635
20	0.01641	0.00827	0.01068	0.00812	0.01192	0.00689	0.00661	0.01841	0.01213	0.44312	0.01488	0.01445	0.01032	0.00749	0.06538	0.00170	0.00466	0.00420	0.00462	0.32975
21	0.00928	0.00873	0.01474	0.81548	0.03385	0.01092	0.01365	0.01256	0.00983	0.01256	0.00873	0.01310	0.00655	0.00491	0.00491	0.00164	0.00655	0.00437	0.00218	0.00546
22	0.01303	0.01362	0.01816	0.09592	0.55137	0.16322	0.01373	0.01560	0.01145	0.01482	0.00878	0.01157	0.00735	0.00471	0.00520	0.00146	0.03634	0.00414	0.00242	0.00709
23	0.00621	0.00499	0.00553	0.00540	0.00688	0.00432	0.00405	0.00783	0.01215	0.01553	0.31014	0.04359	0.53289	0.01161	0.00580	0.00162	0.00243	0.00985	0.00486	0.00432
24	0.00680	0.00529	0.00673	0.06725	0.00915	0.00497	0.00506	0.00888	0.01282	0.01730	0.51915	0.03798	0.25981	0.01035	0.00573	0.00159	0.00269	0.00897	0.00492	0.00456
25	0.75908	0.00993	0.00838	0.00792	0.04599	0.01137	0.00607	0.07259	0.00961	0.02245	0.00733	0.00846	0.00567	0.00465	0.00327	0.00151	0.00402	0.00287	0.00316	0.00567
26	0.02092	0.00861	0.01137	0.00889	0.01257	0.00780	0.00729	0.02420	0.10261	0.71083	0.01946	0.01691	0.01249	0.00615	0.00495	0.00154	0.00415	0.00501	0.00596	0.00830
27	0.01724	0.01242	0.01347	0.01073	0.01434	0.01372	0.00873	0.51030	0.22823	0.09616	0.01468	0.01399	0.01048	0.00612	0.00494	0.00153	0.00489	0.00477	0.00504	0.00820
28	0.01532	0.01052	0.01116	0.00893	0.01188	0.01148	0.00726	0.50886	0.01859	0.02651	0.01329	0.01410	0.00985	0.00584	0.00439	0.00136	0.00431	0.00448	0.30485	0.00702
29	0.00768	0.00518	0.00680	0.00631	0.00759	0.00476	0.00476	0.00998	0.01392	0.05740	0.75662	0.03574	0.04472	0.00986	0.00575	0.00154	0.00241	0.00870	0.00544	0.00482
30	0.02017	0.00840	0.01088	0.00847	0.01196	0.00764	0.00696	0.09183	0.01444	0.63442	0.01828	0.01647	0.01187	0.00602	0.00476	0.00147	0.00406	0.00485	0.10914	0.00790
31	0.00639	0.00495	0.00582	0.00571	0.00702	0.00438	0.00424	0.00813	0.01240	0.01638	0.41402	0.10104	0.36888	0.01149	0.00584	0.00163	0.00243	0.00991	0.00498	0.00438
32	0.01003	0.00858	0.00989	0.01013	0.08017	0.00925	0.00708	0.01842	0.42981	0.01858	0.16204	0.02671	0.17243	0.00819	0.00529	0.00163	0.00351	0.00698	0.00476	0.00651

[dist]
# distance from previous block
# <min> <max>
0	2

[block]
# block no. 4 follows, 51 sequences, length 19
# corresponding to MSA columns:
# 201-219
name=unknown_E
#
# <colnr> <probs for GDERKNQSTAVLIFYWHMCP>
#	G	D	E	R	K	N	Q	S	T	A	V	L	I	F	Y	W	H	M	C	P
0	0.00769	0.00592	0.00876	0.00771	0.00848	0.00595	0.10210	0.00849	0.00783	0.01061	0.01442	0.02775	0.01567	0.59915	0.14487	0.00486	0.00652	0.00668	0.00286	0.00366
1	0.61424	0.14566	0.01083	0.00708	0.01041	0.01194	0.00608	0.01570	0.00936	0.11922	0.00844	0.00908	0.00636	0.00470	0.00330	0.00144	0.00409	0.00295	0.00327	0.00587
2	0.00960	0.02117	0.61820	0.01233	0.01859	0.01009	0.01518	0.01450	0.01072	0.01605	0.09074	0.01310	0.01055	0.00510	0.00466	0.00145	0.00629	0.00409	0.00253	0.11506
3	0.01170	0.14326	0.38030	0.01707	0.18735	0.01309	0.08756	0.07442	0.01159	0.01627	0.00894	0.01076	0.00686	0.00458	0.00461	0.00146	0.00660	0.00391	0.00241	0.00725
4	0.01868	0.01376	0.01475	0.01131	0.01524	0.01524	0.00934	0.78025	0.02311	0.03097	0.01180	0.01180	0.00836	0.00590	0.00492	0.00147	0.00541	0.00442	0.00492	0.00836
5	0.01289	0.03799	0.45127	0.01306	0.01898	0.01044	0.11129	0.01719	0.01133	0.18982	0.01126	0.01208	0.00778	0.00483	0.00476	0.00149	0.00639	0.00412	0.00308	0.06994
6	0.01681	0.01443	0.26789	0.01073	0.01554	0.00957	0.01094	0.06165	0.10075	0.41673	0.01563	0.01459	0.01036	0.00568	0.00486	0.00155	0.00521	0.00456	0.00460	0.00794
7	0.00989	0.00724	0.01064	0.18356	0.10076	0.00770	0.00844	0.07044	0.01101	0.08419	0.01787	0.34254	0.01844	0.01262	0.08924	0.00239	0.00536	0.00841	0.00378	0.00549
8	0.01282	0.27993	0.14705	0.01020	0.01395	0.07309	0.00980	0.11295	0.09426	0.03279	0.05271	0.04774	0.03031	0.00612	0.00509	0.00143	0.05543	0.00453	0.00322	0.00658
9	0.00757	0.00831	0.13823	0.00739	0.00880	0.00619	0.00624	0.00893	0.00786	0.01097	0.01383	0.02553	0.01463	0.50559	0.20493	0.00497	0.00715	0.00612	0.00275	0.00402
10	0.00629	0.00460	0.00598	0.00697	0.00757	0.00429	0.00501	0.00742	0.00995	0.01300	0.02979	0.59768	0.12869	0.01472	0.00630	0.00200	0.00308	0.13800	0.00456	0.00410
11	0.00911	0.01069	0.11586	0.01399	0.05674	0.00853	0.26356	0.01214	0.01091	0.01473	0.01912	0.18272	0.05906	0.00914	0.00594	0.00185	0.00575	0.19111	0.00344	0.00561
12	0.02820	0.01368	0.01783	0.06173	0.33840	0.12800	0.08744	0.18075	0.04592	0.03533	0.01021	0.01204	0.00795	0.00494	0.00489	0.00147	0.00631	0.00438	0.00317	0.00734
13	0.01024	0.01049	0.01802	0.01443	0.01609	0.01236	0.25880	0.01227	0.00916	0.01322	0.01101	0.14664	0.01110	0.00828	0.01114	0.00196	0.42018	0.00639	0.00266	0.00555
14	0.00915	0.00913	0.00924	0.00991	0.09865	0.13768	0.02769	0.02478	0.01213	0.01456	0.12987	0.07435	0.40454	0.00981	0.00548	0.00157	0.00413	0.00827	0.00404	0.00502
15	0.01446	0.05417	0.01994	0.01926	0.27710	0.03329	0.21958	0.05714	0.01246	0.17527	0.01142	0.01293	0.00847	0.00470	0.00496	0.00146	0.00606	0.00467	0.00333	0.05933
16	0.12155	0.01311	0.09530	0.01143	0.03756	0.02918	0.05356	0.20073	0.30851	0.02191	0.01357	0.01361	0.01011	0.00563	0.00467	0.00154	0.00499	0.00453	0.00406	0.04445
17	0.11869	0.00820	0.00812	0.00770	0.00955	0.08982	0.00577	0.03407	0.02383	0.09832	0.10166	0.31639	0.06237	0.00998	0.00523	0.00164	0.00385	0.02638	0.00431	0.06414
18	0.03509	0.01055	0.01139	0.01034	0.06068	0.11003	0.00775	0.09455	0.06993	0.35448	0.02977	0.01791	0.02531	0.00636	0.00480	0.00149	0.00473	0.04411	0.09357	0.00715

[dist]
# distance from previous block
# <min> <max>
0	5

# created by:
# /home/cegg/simao/soft/augustus-3.2.1/scripts/msa2prfl.pl ./align_prep/30196.fa
