[name]
unknown

[dist]
# distance from previous block
# <min> <max>
0	219

[block]
# block no. 0 follows, 46 sequences, length 40
# corresponding to MSA columns:
# 301,307-345
name=unknown_A
#
# <colnr> <probs for GDERKNQSTAVLIFYWHMCP>
#	G	D	E	R	K	N	Q	S	T	A	V	L	I	F	Y	W	H	M	C	P
0	0.17796	0.00738	0.00862	0.00929	0.02651	0.00780	0.00757	0.01315	0.07948	0.01806	0.05805	0.08142	0.05658	0.01166	0.00616	0.00212	0.00439	0.41381	0.00459	0.00538
1	0.01555	0.01187	0.03055	0.01576	0.19967	0.04792	0.01039	0.12692	0.13325	0.16910	0.05503	0.05094	0.03595	0.00700	0.00598	0.00167	0.04545	0.00579	0.00452	0.02672
2	0.01265	0.01076	0.01637	0.04464	0.38113	0.01112	0.02737	0.08807	0.05544	0.05143	0.11193	0.04062	0.05047	0.00801	0.03398	0.00191	0.03687	0.00607	0.00376	0.00741
3	0.01273	0.01144	0.01522	0.01904	0.31888	0.03541	0.01117	0.06167	0.28160	0.01959	0.05495	0.08880	0.01604	0.00727	0.00550	0.00172	0.00510	0.02196	0.00416	0.00773
4	0.01662	0.00739	0.00985	0.00816	0.01095	0.00652	0.00645	0.01862	0.01437	0.45479	0.24315	0.06643	0.06104	0.04285	0.00661	0.00182	0.00378	0.00742	0.00603	0.00714
5	0.04918	0.00492	0.00629	0.00729	0.00777	0.00472	0.00494	0.00788	0.01015	0.01419	0.06230	0.70052	0.03310	0.01578	0.00714	0.03788	0.00316	0.01372	0.00476	0.00431
6	0.04366	0.00588	0.00712	0.00660	0.00825	0.00535	0.00499	0.01034	0.01388	0.04113	0.54091	0.06083	0.16788	0.01070	0.00598	0.00165	0.00274	0.00927	0.00542	0.04742
7	0.01368	0.00766	0.00973	0.00811	0.01093	0.00675	0.00640	0.05296	0.01379	0.25041	0.21068	0.07574	0.06331	0.00900	0.00622	0.04112	0.00378	0.03822	0.00519	0.16633
8	0.00953	0.00606	0.00795	0.00815	0.04471	0.00549	0.00570	0.01146	0.01333	0.12269	0.35456	0.19502	0.17169	0.01158	0.00617	0.00178	0.00310	0.01016	0.00542	0.00546
9	0.13407	0.00916	0.01167	0.00908	0.01306	0.00832	0.00750	0.02440	0.01431	0.68343	0.01906	0.01674	0.01211	0.00633	0.00504	0.00164	0.00444	0.00499	0.00611	0.00856
10	0.01679	0.21979	0.07648	0.01245	0.01617	0.26059	0.02785	0.19854	0.01531	0.01811	0.00910	0.01046	0.00736	0.00575	0.00581	0.00148	0.08390	0.00381	0.00315	0.00710
11	0.76377	0.09483	0.00986	0.00717	0.01057	0.01281	0.00607	0.01557	0.00918	0.02254	0.00736	0.00858	0.00584	0.00487	0.00328	0.00158	0.00425	0.00286	0.00317	0.00584
12	0.01755	0.01215	0.01336	0.01061	0.01400	0.01315	0.00849	0.49263	0.07625	0.10183	0.05703	0.01820	0.01357	0.11683	0.00830	0.00209	0.00529	0.00557	0.00516	0.00793
13	0.01060	0.02735	0.78682	0.01507	0.02288	0.01228	0.01953	0.01674	0.01116	0.01674	0.00949	0.01116	0.00670	0.00502	0.00502	0.00167	0.00781	0.00391	0.00223	0.00781
14	0.01304	0.53603	0.24766	0.01091	0.01629	0.01791	0.01205	0.01688	0.05938	0.01431	0.00888	0.00998	0.00736	0.00484	0.00399	0.00133	0.00619	0.00334	0.00245	0.00718
15	0.00673	0.00534	0.00604	0.00593	0.00745	0.00466	0.00443	0.00850	0.01310	0.01691	0.33139	0.07620	0.46955	0.01252	0.00626	0.00175	0.00262	0.01069	0.00526	0.00466
16	0.01060	0.02735	0.78682	0.01507	0.02288	0.01228	0.01953	0.01674	0.01116	0.01674	0.00949	0.01116	0.00670	0.00502	0.00502	0.00167	0.00781	0.00391	0.00223	0.00781
17	0.01117	0.00607	0.00788	0.00736	0.00852	0.00596	0.00516	0.01214	0.00981	0.18682	0.01835	0.10810	0.01814	0.37864	0.18788	0.00476	0.00675	0.00747	0.00406	0.00496
18	0.00790	0.00574	0.00672	0.00638	0.00796	0.00529	0.00481	0.01061	0.05185	0.03749	0.42693	0.04058	0.29274	0.01110	0.00601	0.00168	0.00269	0.00952	0.05892	0.00507
19	0.03876	0.01018	0.01123	0.00968	0.01266	0.01106	0.00758	0.08143	0.42541	0.17871	0.01964	0.01946	0.01465	0.05829	0.00653	0.00191	0.00429	0.00568	0.07501	0.00786
20	0.00939	0.00752	0.00874	0.00754	0.01018	0.00674	0.00577	0.01333	0.12541	0.03070	0.21300	0.10945	0.14835	0.00903	0.00541	0.00147	0.00332	0.00775	0.00467	0.27222
21	0.00739	0.00534	0.00663	0.00635	0.00766	0.00488	0.00475	0.00964	0.01411	0.01973	0.59032	0.06297	0.16884	0.01113	0.00610	0.00167	0.00254	0.00971	0.05536	0.00488
22	0.01413	0.81739	0.02770	0.00905	0.01357	0.02092	0.00905	0.01583	0.01074	0.01244	0.00735	0.00848	0.00678	0.00452	0.00339	0.00113	0.00565	0.00283	0.00226	0.00678
23	0.00787	0.00622	0.00719	0.00680	0.00847	0.00596	0.00514	0.01173	0.12022	0.01904	0.43230	0.04048	0.28647	0.01115	0.00612	0.00172	0.00279	0.00959	0.00546	0.00529
24	0.00656	0.00468	0.00627	0.00749	0.00785	0.00439	0.00511	0.00756	0.01023	0.01362	0.02907	0.76921	0.03471	0.01645	0.00678	0.00216	0.00317	0.05544	0.00491	0.00433
25	0.00992	0.00927	0.01532	0.70408	0.03326	0.01158	0.01388	0.01324	0.01070	0.01395	0.05828	0.01556	0.00977	0.00587	0.00606	0.00179	0.05408	0.00500	0.00257	0.00581
26	0.00998	0.00940	0.01586	0.80150	0.03641	0.01175	0.01468	0.01351	0.01057	0.01351	0.00940	0.01409	0.00705	0.00529	0.00529	0.00176	0.00705	0.00470	0.00235	0.00587
27	0.07196	0.00881	0.01153	0.00897	0.01283	0.00783	0.00739	0.02430	0.01451	0.69093	0.01983	0.01754	0.01268	0.00642	0.00509	0.00161	0.00434	0.00515	0.05972	0.00854
28	0.64890	0.05409	0.01021	0.00828	0.01157	0.13149	0.00675	0.04608	0.01063	0.02188	0.00770	0.00889	0.00607	0.00503	0.00359	0.00157	0.00507	0.00302	0.00322	0.00597
29	0.00926	0.00574	0.00729	0.00693	0.00846	0.00527	0.00522	0.01120	0.01308	0.11280	0.35343	0.13572	0.16776	0.03125	0.05675	0.00225	0.00369	0.02056	0.03811	0.00524
30	0.01471	0.09233	0.17510	0.01642	0.11437	0.08772	0.10524	0.18599	0.06258	0.01986	0.01066	0.01230	0.00822	0.00565	0.00601	0.00163	0.06571	0.00452	0.00328	0.00770
31	0.00741	0.00540	0.00697	0.00657	0.00785	0.00496	0.00493	0.00983	0.01479	0.02079	0.73543	0.04017	0.09316	0.01096	0.00624	0.00167	0.00250	0.00966	0.00577	0.00496
32	0.01174	0.00946	0.01048	0.00942	0.01185	0.01037	0.00732	0.11145	0.38763	0.02234	0.22645	0.07004	0.05288	0.00898	0.00575	0.00177	0.00383	0.02573	0.00543	0.00708
33	0.00932	0.00751	0.00856	0.00804	0.00992	0.00785	0.00609	0.01609	0.29081	0.02006	0.35185	0.09261	0.12968	0.01025	0.00596	0.00176	0.00318	0.00887	0.00547	0.00610
34	0.07207	0.00907	0.01201	0.00926	0.01330	0.00801	0.00765	0.02517	0.01477	0.74044	0.02007	0.01744	0.01266	0.00645	0.00520	0.00164	0.00447	0.00517	0.00635	0.00881
35	0.01962	0.01459	0.01534	0.01189	0.01593	0.04325	0.00976	0.68293	0.02379	0.05278	0.04722	0.01393	0.01087	0.00652	0.00531	0.00158	0.00576	0.00494	0.00526	0.00871
36	0.00874	0.00613	0.00769	0.00711	0.00862	0.00582	0.00537	0.06483	0.01514	0.04425	0.59888	0.09533	0.08984	0.01094	0.00618	0.00170	0.00285	0.00959	0.00568	0.00532
37	0.29028	0.01567	0.22037	0.04224	0.01632	0.01321	0.01152	0.14965	0.01247	0.02128	0.00964	0.01248	0.00768	0.00619	0.00638	0.00177	0.12252	0.03022	0.00324	0.00686
38	0.06367	0.35161	0.19705	0.01309	0.08677	0.03373	0.02121	0.07813	0.06074	0.03453	0.00978	0.01090	0.00778	0.00506	0.00432	0.00143	0.00613	0.00372	0.00291	0.00742
39	0.06691	0.01406	0.02956	0.01117	0.01439	0.12202	0.00907	0.26097	0.21061	0.07228	0.01441	0.01455	0.01073	0.00651	0.00578	0.00164	0.05734	0.00479	0.06552	0.00771

[dist]
# distance from previous block
# <min> <max>
0	4

[block]
# block no. 1 follows, 46 sequences, length 20
# corresponding to MSA columns:
# 350-369
name=unknown_B
#
# <colnr> <probs for GDERKNQSTAVLIFYWHMCP>
#	G	D	E	R	K	N	Q	S	T	A	V	L	I	F	Y	W	H	M	C	P
0	0.05344	0.05552	0.22063	0.01597	0.20270	0.03682	0.01226	0.01386	0.01132	0.01627	0.04296	0.19695	0.01629	0.00819	0.00540	0.00172	0.00563	0.04261	0.00330	0.03816
1	0.01368	0.05517	0.06519	0.01670	0.18759	0.12362	0.10047	0.05466	0.04336	0.06830	0.01714	0.03709	0.09400	0.00684	0.00539	0.00161	0.00623	0.04935	0.00356	0.05005
2	0.00863	0.00576	0.00735	0.00689	0.00837	0.00530	0.00518	0.01118	0.03328	0.07579	0.58707	0.09138	0.11150	0.01103	0.00618	0.00171	0.00274	0.00968	0.00572	0.00527
3	0.01006	0.00906	0.05195	0.14696	0.12626	0.00862	0.05710	0.01386	0.05671	0.01843	0.22112	0.02334	0.02141	0.00716	0.00529	0.00161	0.00464	0.02398	0.18634	0.00609
4	0.11927	0.00743	0.00849	0.00874	0.01034	0.00789	0.00679	0.06750	0.12132	0.01810	0.02371	0.34547	0.02540	0.01245	0.00613	0.00206	0.00401	0.19456	0.00478	0.00555
5	0.02027	0.01160	0.01748	0.01302	0.01744	0.01112	0.18165	0.20016	0.01685	0.42870	0.01657	0.01587	0.01094	0.00602	0.00552	0.00166	0.00583	0.00540	0.00535	0.00857
6	0.01380	0.01302	0.01815	0.17170	0.02107	0.05807	0.11992	0.18651	0.01345	0.01823	0.00936	0.01260	0.00758	0.00689	0.00987	0.00191	0.30320	0.00484	0.00308	0.00675
7	0.52413	0.01247	0.01229	0.03164	0.21113	0.09835	0.00914	0.01629	0.01048	0.02063	0.00816	0.00998	0.00656	0.00492	0.00399	0.00159	0.00532	0.00344	0.00302	0.00646
8	0.01106	0.01095	0.00946	0.00891	0.01079	0.18743	0.00667	0.01526	0.15286	0.01772	0.28524	0.11559	0.12736	0.00988	0.00580	0.00169	0.00451	0.00830	0.00481	0.00572
9	0.01043	0.00898	0.01308	0.12051	0.22810	0.00964	0.01000	0.01469	0.11898	0.01754	0.17254	0.06286	0.04398	0.04901	0.00718	0.00188	0.04340	0.00677	0.05398	0.00642
10	0.00683	0.00532	0.00623	0.00630	0.00767	0.00471	0.00471	0.00859	0.01287	0.01676	0.31114	0.14153	0.38506	0.01291	0.00636	0.00182	0.00277	0.04852	0.00524	0.00465
11	0.01025	0.01161	0.12514	0.01391	0.10892	0.00944	0.11931	0.01516	0.12851	0.01714	0.07155	0.06560	0.10320	0.06673	0.00727	0.00201	0.00534	0.06200	0.05049	0.00641
12	0.16815	0.00940	0.01124	0.00899	0.01274	0.00897	0.00733	0.04466	0.06913	0.50212	0.01801	0.04745	0.01248	0.00656	0.00494	0.00162	0.00436	0.00519	0.00560	0.05106
13	0.01382	0.74686	0.09548	0.00958	0.01440	0.02015	0.00998	0.01591	0.01078	0.01282	0.00754	0.00872	0.00678	0.00457	0.00354	0.00118	0.00585	0.00292	0.00226	0.00688
14	0.07329	0.13326	0.01498	0.04350	0.17466	0.01169	0.00947	0.01725	0.17232	0.04951	0.17024	0.02236	0.01974	0.00725	0.00519	0.00164	0.00467	0.05789	0.00415	0.00693
15	0.00970	0.00776	0.01077	0.01153	0.09812	0.00756	0.04582	0.05044	0.07888	0.03320	0.04663	0.32993	0.08469	0.03878	0.00680	0.00197	0.00421	0.06362	0.00447	0.06512
16	0.00654	0.00518	0.00589	0.00612	0.00742	0.00453	0.00443	0.00801	0.01215	0.01548	0.19330	0.23826	0.44664	0.01366	0.00637	0.00185	0.00274	0.01180	0.00509	0.00453
17	0.02613	0.20140	0.12885	0.02724	0.18520	0.04124	0.01215	0.16989	0.03881	0.07354	0.03911	0.01302	0.00989	0.00551	0.00479	0.00150	0.00602	0.00436	0.00352	0.00782
18	0.01529	0.26879	0.17181	0.01591	0.17753	0.13408	0.01264	0.01816	0.01230	0.11212	0.01015	0.01134	0.00790	0.00506	0.00455	0.00143	0.00666	0.00384	0.00294	0.00750
19	0.00729	0.00533	0.00688	0.00686	0.00802	0.00492	0.00514	0.00945	0.01379	0.01906	0.54863	0.15307	0.11387	0.01215	0.00639	0.00180	0.00277	0.06421	0.00553	0.00483

[dist]
# distance from previous block
# <min> <max>
0	2

[block]
# block no. 2 follows, 46 sequences, length 58
# corresponding to MSA columns:
# 372-429
name=unknown_C
#
# <colnr> <probs for GDERKNQSTAVLIFYWHMCP>
#	G	D	E	R	K	N	Q	S	T	A	V	L	I	F	Y	W	H	M	C	P
0	0.06395	0.20363	0.04886	0.01282	0.03600	0.31622	0.04429	0.18109	0.01549	0.01831	0.00914	0.01030	0.00731	0.00532	0.00457	0.00141	0.00735	0.00372	0.00318	0.00705
1	0.01347	0.04494	0.25699	0.03884	0.22302	0.18077	0.04681	0.01703	0.01234	0.03565	0.01175	0.02713	0.03459	0.00615	0.01658	0.00169	0.00745	0.01479	0.00276	0.00726
2	0.07179	0.09851	0.01271	0.00950	0.01205	0.01236	0.00776	0.09608	0.24936	0.01948	0.07514	0.02345	0.16669	0.00840	0.00683	0.00175	0.11066	0.00638	0.00441	0.00671
3	0.00764	0.00531	0.00669	0.00669	0.00701	0.00563	0.00436	0.00828	0.00796	0.01094	0.01581	0.02991	0.01718	0.55169	0.28665	0.00627	0.00819	0.00700	0.00308	0.00372
4	0.01455	0.76053	0.02683	0.00932	0.01377	0.04828	0.00912	0.04268	0.01140	0.01320	0.00757	0.00867	0.00686	0.00462	0.00351	0.00116	0.00580	0.00292	0.00239	0.00684
5	0.00959	0.00565	0.00739	0.00726	0.00861	0.00522	0.00544	0.01157	0.01309	0.11913	0.35067	0.25781	0.03639	0.01173	0.00611	0.00181	0.00307	0.05613	0.07803	0.00530
6	0.00643	0.00531	0.00564	0.00568	0.00728	0.00452	0.00421	0.00789	0.01230	0.01516	0.14985	0.10453	0.62638	0.01327	0.00628	0.00179	0.00268	0.01122	0.00503	0.00452
7	0.01078	0.00634	0.00816	0.00741	0.00933	0.00582	0.00580	0.01345	0.03831	0.16916	0.47044	0.03745	0.11923	0.01043	0.00611	0.00173	0.00314	0.06531	0.00578	0.00581
8	0.00725	0.00522	0.00581	0.00581	0.00722	0.00467	0.00430	0.00906	0.01247	0.01704	0.23846	0.11422	0.37502	0.01169	0.00583	0.00169	0.00263	0.00997	0.15698	0.00467
9	0.01096	0.00940	0.01096	0.00783	0.01253	0.00705	0.00626	0.01331	0.01096	0.01723	0.00940	0.01096	0.00783	0.00392	0.00392	0.00078	0.00392	0.00313	0.00313	0.84653
10	0.85155	0.01022	0.00777	0.00695	0.01022	0.01186	0.00573	0.01554	0.00900	0.02372	0.00736	0.00859	0.00573	0.00491	0.00327	0.00164	0.00409	0.00286	0.00327	0.00573
11	0.85155	0.01022	0.00777	0.00695	0.01022	0.01186	0.00573	0.01554	0.00900	0.02372	0.00736	0.00859	0.00573	0.00491	0.00327	0.00164	0.00409	0.00286	0.00327	0.00573
12	0.00814	0.00583	0.00792	0.00901	0.01001	0.00577	0.00736	0.02998	0.01183	0.01552	0.02796	0.30839	0.03136	0.01503	0.00706	0.00232	0.00429	0.48254	0.00489	0.00479
13	0.07187	0.09986	0.04698	0.03759	0.30916	0.01126	0.01104	0.01486	0.01139	0.01725	0.04413	0.01272	0.00962	0.00475	0.00450	0.00128	0.00520	0.00405	0.00292	0.27959
14	0.69917	0.00926	0.00726	0.00659	0.00949	0.01060	0.00536	0.01496	0.00938	0.02299	0.00915	0.01060	0.00714	0.00513	0.00335	0.00156	0.00380	0.00324	0.15539	0.00558
15	0.02132	0.01181	0.01382	0.01064	0.01469	0.01207	0.00878	0.40301	0.01995	0.37009	0.01653	0.01535	0.01101	0.00643	0.00524	0.00159	0.00509	0.00502	0.03872	0.00883
16	0.03318	0.01874	0.18881	0.01339	0.07037	0.26942	0.01141	0.01911	0.16374	0.01666	0.04641	0.01787	0.09516	0.00671	0.00517	0.00160	0.00669	0.00520	0.00351	0.00688
17	0.01737	0.01397	0.01453	0.08207	0.10045	0.20207	0.01033	0.03760	0.11746	0.23583	0.01407	0.01468	0.01030	0.00715	0.02680	0.00183	0.07710	0.00476	0.00416	0.00748
18	0.00798	0.00499	0.00533	0.00561	0.00680	0.00464	0.00407	0.00975	0.01117	0.01664	0.03111	0.20668	0.25448	0.01072	0.00517	0.00161	0.00266	0.00911	0.39684	0.00464
19	0.14587	0.01086	0.01345	0.20823	0.01952	0.01172	0.00981	0.22074	0.01568	0.27193	0.01371	0.01414	0.00934	0.00592	0.00499	0.00165	0.00543	0.00464	0.00465	0.00771
20	0.01495	0.30871	0.20540	0.01386	0.08020	0.13204	0.04184	0.07022	0.01290	0.06042	0.00949	0.01073	0.00747	0.00504	0.00450	0.00142	0.00687	0.00374	0.00283	0.00736
21	0.01467	0.09927	0.01201	0.00861	0.01134	0.08410	0.00701	0.26418	0.01601	0.02282	0.01379	0.01519	0.01066	0.00598	0.00429	0.00135	0.00459	0.00450	0.39304	0.00660
22	0.01528	0.01167	0.04384	0.01175	0.03482	0.06490	0.11173	0.06188	0.03349	0.21954	0.08412	0.04751	0.01433	0.00620	0.00518	0.00145	0.00532	0.00545	0.00439	0.21718
23	0.03258	0.01297	0.09185	0.01075	0.01359	0.09651	0.00920	0.01875	0.23282	0.07167	0.10116	0.07497	0.03381	0.00795	0.00695	0.00173	0.11219	0.00616	0.00424	0.06016
24	0.00718	0.00495	0.00638	0.00694	0.00747	0.00466	0.00466	0.00830	0.01085	0.02698	0.19537	0.48333	0.03511	0.16018	0.01028	0.00257	0.00334	0.01231	0.00483	0.00433
25	0.00892	0.00734	0.00886	0.00996	0.09731	0.00717	0.00653	0.01312	0.15973	0.03646	0.07375	0.14526	0.38265	0.01132	0.00601	0.00180	0.00348	0.00972	0.00483	0.00579
26	0.01323	0.06261	0.28199	0.05666	0.31126	0.01309	0.03589	0.08670	0.02377	0.04991	0.01051	0.01251	0.00801	0.00509	0.00510	0.00160	0.00673	0.00442	0.00291	0.00803
27	0.00823	0.00618	0.00844	0.00932	0.01035	0.00640	0.00782	0.01025	0.01155	0.01511	0.02863	0.17474	0.08695	0.01444	0.00785	0.00233	0.06143	0.52046	0.00470	0.00481
28	0.00644	0.00460	0.00613	0.00736	0.00767	0.00429	0.00491	0.00736	0.01012	0.01350	0.02914	0.81076	0.03497	0.01656	0.00675	0.00215	0.00307	0.01503	0.00491	0.00429
29	0.01290	0.01297	0.01995	0.14774	0.49172	0.07077	0.04722	0.01581	0.01161	0.01585	0.00943	0.01286	0.00788	0.00535	0.00659	0.00168	0.09497	0.00467	0.00255	0.00748
30	0.01385	0.12604	0.30343	0.04053	0.09062	0.04676	0.05292	0.01808	0.04322	0.12918	0.02177	0.01294	0.00889	0.00562	0.00584	0.00163	0.06358	0.00438	0.00314	0.00757
31	0.01249	0.01341	0.02591	0.01919	0.02346	0.01367	0.53539	0.01845	0.14940	0.01737	0.01220	0.01493	0.00936	0.00552	0.00742	0.00185	0.10369	0.00600	0.00312	0.00719
32	0.01342	0.01239	0.02098	0.02982	0.67051	0.01264	0.03790	0.01641	0.01190	0.05007	0.01022	0.01322	0.00846	0.00511	0.00614	0.00163	0.06346	0.00478	0.00277	0.00818
33	0.01779	0.08911	0.12688	0.01551	0.15413	0.10899	0.02321	0.14627	0.01520	0.23234	0.01293	0.01327	0.00921	0.00561	0.00503	0.00154	0.00631	0.00446	0.00409	0.00813
34	0.05771	0.04741	0.06702	0.01647	0.15759	0.14545	0.07630	0.22866	0.01632	0.11915	0.01162	0.01258	0.00856	0.00553	0.00509	0.00156	0.00667	0.00450	0.00389	0.00791
35	0.44331	0.01610	0.01181	0.03722	0.07100	0.31080	0.00852	0.01766	0.01156	0.01878	0.00793	0.00946	0.00638	0.00511	0.00406	0.00153	0.00643	0.00327	0.00298	0.00608
36	0.12997	0.01015	0.01584	0.53362	0.18301	0.01193	0.01372	0.01434	0.01064	0.01572	0.00922	0.01311	0.00713	0.00512	0.00499	0.00171	0.00647	0.00444	0.00253	0.00636
37	0.00722	0.00496	0.00630	0.00676	0.00741	0.00471	0.00468	0.00762	0.00961	0.01245	0.02853	0.30208	0.20601	0.10495	0.06999	0.17200	0.00438	0.03243	0.00404	0.00386
38	0.00697	0.00552	0.00706	0.00705	0.00837	0.00561	0.00541	0.00863	0.01027	0.01344	0.05528	0.03471	0.35426	0.02710	0.41963	0.00531	0.00870	0.00822	0.00385	0.00461
39	0.04499	0.00910	0.01214	0.00938	0.01342	0.00804	0.00774	0.02557	0.03836	0.74145	0.02052	0.01780	0.01299	0.00652	0.00526	0.00164	0.00448	0.00527	0.00642	0.00889
40	0.02322	0.00979	0.01276	0.00978	0.01389	0.00895	0.00808	0.12656	0.01646	0.68222	0.01974	0.01727	0.01253	0.00652	0.00531	0.00163	0.00468	0.00524	0.00637	0.00900
41	0.00625	0.00536	0.00536	0.00536	0.00714	0.00446	0.00402	0.00759	0.01205	0.01428	0.05355	0.05088	0.77909	0.01339	0.00625	0.00179	0.00268	0.01116	0.00491	0.00446
42	0.00985	0.00493	0.00493	0.00493	0.00616	0.00493	0.00370	0.01232	0.01109	0.01971	0.01725	0.01971	0.01355	0.00616	0.00370	0.00123	0.00246	0.00493	0.84356	0.00493
43	0.02372	0.00900	0.01227	0.00941	0.01350	0.00777	0.00777	0.02576	0.01513	0.78489	0.02086	0.01799	0.01309	0.00654	0.00532	0.00164	0.00450	0.00532	0.00654	0.00900
44	0.02199	0.01177	0.01398	0.01072	0.01488	0.01188	0.00886	0.37767	0.01977	0.42644	0.01696	0.01547	0.01113	0.00645	0.00530	0.00161	0.00513	0.00505	0.00594	0.00899
45	0.01096	0.00940	0.01096	0.00783	0.01253	0.00705	0.00626	0.01331	0.01096	0.01723	0.00940	0.01096	0.00783	0.00392	0.00392	0.00078	0.00392	0.00313	0.00313	0.84653
46	0.01782	0.02643	0.18517	0.01085	0.01544	0.00910	0.03870	0.04501	0.01437	0.44066	0.12331	0.01900	0.01637	0.00668	0.00538	0.00164	0.00519	0.00557	0.00522	0.00807
47	0.00889	0.00788	0.04176	0.00827	0.01017	0.00743	0.00657	0.01457	0.22576	0.01865	0.26326	0.18936	0.12539	0.01116	0.00609	0.00184	0.00343	0.03846	0.00521	0.00585
48	0.00748	0.00540	0.00707	0.00665	0.00790	0.00499	0.00499	0.00998	0.01496	0.02120	0.77844	0.03949	0.04988	0.01081	0.00624	0.00166	0.00249	0.00956	0.00582	0.00499
49	0.00672	0.00472	0.00605	0.00700	0.00724	0.00448	0.00452	0.00744	0.00957	0.01276	0.02630	0.63428	0.03138	0.19793	0.01133	0.00282	0.00354	0.01336	0.00452	0.00405
50	0.05333	0.07299	0.15627	0.01287	0.01660	0.04246	0.08206	0.01877	0.05420	0.21576	0.01229	0.01344	0.00904	0.00653	0.00814	0.00179	0.20781	0.00465	0.00366	0.00734
51	0.01383	0.09383	0.01640	0.28228	0.08043	0.01273	0.01147	0.05769	0.06008	0.13625	0.01164	0.01377	0.00879	0.00596	0.00660	0.00166	0.11168	0.00457	0.00342	0.06691
52	0.07502	0.01308	0.01458	0.01269	0.01344	0.13385	0.01037	0.01419	0.00943	0.01407	0.00789	0.01161	0.00730	0.00813	0.01341	0.00204	0.56670	0.00433	0.06211	0.00577
53	0.55900	0.01222	0.01059	0.00888	0.01234	0.04697	0.00728	0.23058	0.01379	0.02578	0.00892	0.00987	0.00674	0.00544	0.00421	0.00162	0.02181	0.00347	0.00381	0.00668
54	0.00645	0.00472	0.00601	0.00703	0.00754	0.00434	0.00473	0.00740	0.01032	0.01351	0.03219	0.68088	0.13887	0.04005	0.00728	0.00219	0.00307	0.01427	0.00486	0.00428
55	0.00641	0.00486	0.00592	0.00672	0.00751	0.00437	0.00464	0.00751	0.01087	0.01398	0.06028	0.55206	0.26496	0.01540	0.00658	0.00202	0.00293	0.01366	0.00494	0.00437
56	0.05040	0.53889	0.10001	0.01090	0.01557	0.01854	0.05865	0.09793	0.01228	0.01594	0.00835	0.00968	0.00706	0.00494	0.00439	0.00134	0.03197	0.00342	0.00266	0.00707
57	0.14891	0.48063	0.06434	0.01102	0.07063	0.06185	0.00955	0.01648	0.01100	0.04532	0.00831	0.00950	0.00701	0.00474	0.00377	0.00130	0.00569	0.00317	0.00267	0.03411

[dist]
# distance from previous block
# <min> <max>
0	1

[block]
# block no. 3 follows, 46 sequences, length 13
# corresponding to MSA columns:
# 431-443
name=unknown_D
#
# <colnr> <probs for GDERKNQSTAVLIFYWHMCP>
#	G	D	E	R	K	N	Q	S	T	A	V	L	I	F	Y	W	H	M	C	P
0	0.01128	0.01295	0.21175	0.01015	0.01378	0.00924	0.00993	0.01723	0.17595	0.10036	0.26867	0.02545	0.07039	0.00818	0.00597	0.00172	0.02861	0.00682	0.00471	0.00686
1	0.01400	0.01705	0.22330	0.02012	0.29800	0.05978	0.01456	0.10278	0.01331	0.06248	0.01043	0.01235	0.00804	0.00537	0.00585	0.00159	0.05813	0.00434	0.00307	0.06544
2	0.11049	0.00935	0.01182	0.00921	0.01312	0.00862	0.00759	0.06880	0.01507	0.63114	0.04641	0.01746	0.01339	0.00651	0.00513	0.00163	0.00446	0.00518	0.00609	0.00850
3	0.00748	0.00540	0.00707	0.00665	0.00790	0.00499	0.00499	0.00998	0.01496	0.02120	0.77844	0.03949	0.04988	0.01081	0.00624	0.00166	0.00249	0.00956	0.00582	0.00499
4	0.09920	0.00867	0.01057	0.00843	0.01187	0.00816	0.00689	0.07206	0.01437	0.50352	0.01828	0.01710	0.01221	0.00630	0.00479	0.00155	0.00413	0.00497	0.17913	0.00784
5	0.00756	0.00563	0.00831	0.00831	0.00918	0.00650	0.00637	0.00932	0.00844	0.01213	0.01433	0.02173	0.01364	0.09371	0.73977	0.00826	0.01353	0.00581	0.00286	0.00461
6	0.01096	0.00940	0.01096	0.00783	0.01253	0.00705	0.00626	0.01331	0.01096	0.01723	0.00940	0.01096	0.00783	0.00392	0.00392	0.00078	0.00392	0.00313	0.00313	0.84653
7	0.21964	0.01205	0.01238	0.00990	0.01356	0.01322	0.00812	0.40859	0.04709	0.10885	0.01302	0.01317	0.00933	0.00603	0.00466	0.00158	0.00489	0.00442	0.08167	0.00781
8	0.00818	0.00756	0.08873	0.00732	0.00841	0.00594	0.00577	0.00938	0.00903	0.01252	0.01820	0.08177	0.01995	0.51870	0.01918	0.00396	0.00507	0.10527	0.06098	0.00410
9	0.01102	0.14176	0.28987	0.01488	0.06785	0.01210	0.12732	0.01500	0.01163	0.01588	0.01447	0.02469	0.01356	0.00748	0.00559	0.00181	0.00673	0.20852	0.00305	0.00677
10	0.01567	0.16312	0.01698	0.07692	0.07722	0.13446	0.00990	0.24929	0.07860	0.02005	0.01167	0.01447	0.00971	0.09119	0.00715	0.00187	0.00629	0.00460	0.00367	0.00717
11	0.07138	0.17442	0.10555	0.01757	0.16004	0.08064	0.17506	0.01699	0.01169	0.05996	0.00960	0.01177	0.00764	0.00520	0.00586	0.00159	0.07071	0.00437	0.00277	0.00718
12	0.00762	0.00579	0.00758	0.00922	0.08885	0.00554	0.00548	0.00856	0.00981	0.01293	0.02626	0.31543	0.13686	0.29799	0.01369	0.00310	0.00413	0.03272	0.00406	0.00438

[dist]
# distance from previous block
# <min> <max>
2	5

[block]
# block no. 4 follows, 46 sequences, length 12
# corresponding to MSA columns:
# 456-467
name=unknown_E
#
# <colnr> <probs for GDERKNQSTAVLIFYWHMCP>
#	G	D	E	R	K	N	Q	S	T	A	V	L	I	F	Y	W	H	M	C	P
0	0.01071	0.00897	0.01225	0.07670	0.18237	0.00878	0.00892	0.10812	0.01351	0.01854	0.11989	0.13791	0.13232	0.00866	0.00555	0.00160	0.00444	0.00758	0.00411	0.12905
1	0.42185	0.07839	0.05865	0.00815	0.01156	0.01136	0.00720	0.08159	0.01216	0.08503	0.12174	0.01494	0.01359	0.00607	0.00419	0.00157	0.00432	0.00437	0.04693	0.00635
2	0.01426	0.05811	0.11803	0.01856	0.17951	0.15467	0.12249	0.07574	0.05872	0.01701	0.01002	0.01228	0.00805	0.00577	0.00695	0.00168	0.12337	0.00457	0.00291	0.00731
3	0.54453	0.01113	0.04208	0.00811	0.01194	0.01123	0.00696	0.08437	0.01136	0.09060	0.00943	0.01025	0.00702	0.00504	0.00380	0.00151	0.00441	0.00334	0.00368	0.12920
4	0.01168	0.01027	0.01517	0.44502	0.02598	0.03726	0.01261	0.01420	0.01033	0.07498	0.01051	0.05204	0.00884	0.00709	0.00886	0.00192	0.23920	0.00518	0.00281	0.00603
5	0.00748	0.00540	0.00707	0.00665	0.00790	0.00499	0.00499	0.00998	0.01496	0.02120	0.77844	0.03949	0.04988	0.01081	0.00624	0.00166	0.00249	0.00956	0.00582	0.00499
6	0.01179	0.00656	0.00841	0.00750	0.00911	0.00694	0.02849	0.01404	0.01105	0.12962	0.01612	0.01865	0.01262	0.01134	0.12019	0.00247	0.08281	0.00510	0.49154	0.00564
7	0.00831	0.00627	0.00778	0.00725	0.00875	0.00618	0.00548	0.01261	0.12504	0.02133	0.66834	0.03661	0.04497	0.01028	0.00611	0.00168	0.00274	0.00904	0.00576	0.00548
8	0.01847	0.27429	0.01940	0.01092	0.01524	0.01714	0.00953	0.45944	0.01947	0.08966	0.01165	0.01177	0.00862	0.00577	0.00468	0.00144	0.00565	0.00418	0.00441	0.00828
9	0.10134	0.13132	0.01769	0.01683	0.23178	0.14797	0.01095	0.11418	0.01405	0.13054	0.01088	0.01198	0.00834	0.00541	0.00499	0.00151	0.02498	0.00412	0.00356	0.00760
10	0.01806	0.01888	0.01561	0.03783	0.11398	0.44857	0.01094	0.01978	0.01354	0.12577	0.01011	0.01163	0.00795	0.00604	0.00667	0.00157	0.11904	0.00406	0.00320	0.00678
11	0.00883	0.00626	0.00739	0.00694	0.00805	0.00675	0.00531	0.01102	0.02992	0.01713	0.16754	0.02925	0.16443	0.06660	0.03097	0.00207	0.11974	0.00718	0.29967	0.00493

[dist]
# distance from previous block
# <min> <max>
0	44

[block]
# block no. 5 follows, 46 sequences, length 23
# corresponding to MSA columns:
# 516-538
name=unknown_F
#
# <colnr> <probs for GDERKNQSTAVLIFYWHMCP>
#	G	D	E	R	K	N	Q	S	T	A	V	L	I	F	Y	W	H	M	C	P
0	0.00696	0.00537	0.00629	0.00606	0.00750	0.00477	0.00451	0.00887	0.01345	0.01784	0.44010	0.04419	0.36138	0.04101	0.00699	0.00184	0.00267	0.01018	0.00533	0.00470
1	0.01315	0.01136	0.01195	0.01076	0.01375	0.01315	0.00837	0.02809	0.77168	0.02211	0.02152	0.01972	0.01614	0.00717	0.00538	0.00179	0.00418	0.00598	0.00538	0.00837
2	0.09868	0.01437	0.01510	0.01167	0.01581	0.01597	0.00964	0.69290	0.02336	0.03241	0.01219	0.01230	0.00868	0.00621	0.00510	0.00159	0.00565	0.00458	0.00510	0.00868
3	0.00948	0.08454	0.01509	0.01246	0.07401	0.00883	0.16491	0.01207	0.01274	0.01717	0.26283	0.11887	0.09392	0.00965	0.00605	0.00177	0.00475	0.08082	0.00430	0.00574
4	0.73523	0.01029	0.00855	0.00741	0.01080	0.01163	0.00610	0.04678	0.01025	0.10018	0.00893	0.00969	0.00659	0.00513	0.00356	0.00163	0.00420	0.00318	0.00368	0.00618
5	0.01096	0.00940	0.01096	0.00783	0.01253	0.00705	0.00626	0.01331	0.01096	0.01723	0.00940	0.01096	0.00783	0.00392	0.00392	0.00078	0.00392	0.00313	0.00313	0.84653
6	0.66012	0.01059	0.00921	0.00783	0.01130	0.01188	0.00645	0.09999	0.01149	0.11575	0.00957	0.01017	0.00697	0.00526	0.00374	0.00163	0.00433	0.00337	0.00389	0.00648
7	0.01739	0.01346	0.01434	0.01162	0.01536	0.01513	0.00939	0.47677	0.31610	0.02895	0.01613	0.01543	0.01178	0.00667	0.00532	0.00167	0.00518	0.00523	0.00532	0.00875
8	0.02330	0.00966	0.01268	0.00972	0.01383	0.00876	0.00803	0.11020	0.01624	0.69888	0.01992	0.01739	0.01262	0.00652	0.00531	0.00163	0.00465	0.00525	0.00640	0.00900
9	0.02767	0.00622	0.00754	0.00730	0.00901	0.00583	0.00561	0.01210	0.06116	0.10176	0.26811	0.15194	0.22092	0.01183	0.00620	0.00184	0.00321	0.08097	0.00536	0.00541
10	0.01034	0.02362	0.64700	0.01385	0.02046	0.01127	0.01709	0.04170	0.01149	0.01686	0.01244	0.12660	0.01086	0.00673	0.00528	0.00174	0.00706	0.00554	0.00273	0.00735
11	0.00769	0.00513	0.00577	0.00577	0.00577	0.00513	0.00320	0.00769	0.00769	0.01025	0.01666	0.03460	0.01922	0.81421	0.02691	0.00513	0.00513	0.00769	0.00320	0.00320
12	0.29998	0.01018	0.01124	0.00895	0.01279	0.01028	0.00739	0.12004	0.01437	0.43092	0.01526	0.01415	0.01008	0.00597	0.00463	0.00163	0.00454	0.00442	0.00528	0.00790
13	0.00674	0.00477	0.00623	0.00722	0.00757	0.00451	0.00484	0.00767	0.01010	0.01350	0.06023	0.64083	0.03332	0.12269	0.00944	0.00254	0.00339	0.04549	0.00472	0.00420
14	0.01266	0.01435	0.12433	0.02600	0.52656	0.01283	0.01533	0.01768	0.11416	0.01757	0.01126	0.01362	0.00910	0.00537	0.00598	0.00166	0.05572	0.00477	0.00292	0.00814
15	0.00634	0.00501	0.00571	0.00628	0.00738	0.00439	0.00443	0.00748	0.01117	0.01392	0.04236	0.39937	0.43782	0.01484	0.00648	0.00195	0.00286	0.01293	0.00491	0.00439
16	0.00888	0.00574	0.00737	0.00677	0.00834	0.00519	0.00514	0.01120	0.01465	0.09261	0.62585	0.03873	0.12787	0.01069	0.00615	0.00167	0.00270	0.00934	0.00579	0.00531
17	0.01228	0.02334	0.56167	0.01792	0.16434	0.04590	0.01778	0.01739	0.01174	0.06432	0.01022	0.01188	0.00741	0.00508	0.00507	0.00164	0.00739	0.00412	0.00259	0.00792
18	0.00909	0.00687	0.00920	0.03069	0.01050	0.00766	0.00717	0.01126	0.03370	0.04120	0.17573	0.23469	0.04068	0.01193	0.00843	0.00202	0.15890	0.12948	0.06562	0.00518
19	0.00644	0.00460	0.00613	0.00736	0.00767	0.00429	0.00491	0.00736	0.01012	0.01350	0.02914	0.81076	0.03497	0.01656	0.00675	0.00215	0.00307	0.01503	0.00491	0.00429
20	0.08808	0.00580	0.00658	0.00680	0.00792	0.00597	0.00493	0.04048	0.01090	0.01724	0.06205	0.32328	0.02304	0.04877	0.07904	0.00250	0.00418	0.00904	0.24856	0.00483
21	0.52861	0.07215	0.01132	0.00875	0.01215	0.09143	0.00718	0.10581	0.08369	0.02279	0.00941	0.01021	0.00728	0.00532	0.00387	0.00158	0.00496	0.00343	0.00358	0.00648
22	0.01148	0.01310	0.18153	0.25712	0.05905	0.01010	0.01236	0.05196	0.01217	0.06964	0.06964	0.06344	0.01261	0.00621	0.00516	0.00157	0.00583	0.00530	0.00332	0.14840

[dist]
# distance from previous block
# <min> <max>
0	1

[block]
# block no. 6 follows, 46 sequences, length 12
# corresponding to MSA columns:
# 540-551
name=unknown_G
#
# <colnr> <probs for GDERKNQSTAVLIFYWHMCP>
#	G	D	E	R	K	N	Q	S	T	A	V	L	I	F	Y	W	H	M	C	P
0	0.01386	0.20830	0.37744	0.01322	0.01921	0.01371	0.08443	0.01851	0.04459	0.14135	0.01147	0.01231	0.00829	0.00519	0.00482	0.00156	0.00671	0.00419	0.00312	0.00772
1	0.01475	0.01112	0.01764	0.04836	0.34617	0.01104	0.08144	0.05079	0.08148	0.17378	0.07309	0.01793	0.03596	0.00609	0.00547	0.00164	0.00559	0.00565	0.00408	0.00795
2	0.01785	0.00982	0.01367	0.08339	0.12498	0.00971	0.00973	0.12369	0.01492	0.37665	0.01841	0.02010	0.04271	0.00902	0.05636	0.00213	0.00574	0.04815	0.00503	0.00793
3	0.01306	0.07204	0.09549	0.01971	0.31182	0.12703	0.04776	0.01571	0.01208	0.05144	0.01378	0.16957	0.01330	0.00725	0.00536	0.00165	0.00628	0.00643	0.00321	0.00704
4	0.01261	0.05266	0.12820	0.08472	0.22928	0.07255	0.16668	0.06252	0.01264	0.01684	0.01206	0.10215	0.01078	0.00623	0.00546	0.00167	0.00693	0.00588	0.00297	0.00717
5	0.00663	0.00493	0.00618	0.00680	0.00761	0.00448	0.00475	0.00798	0.01157	0.01534	0.19857	0.48864	0.18785	0.01466	0.00653	0.00197	0.00286	0.01305	0.00511	0.00448
6	0.07039	0.01036	0.01371	0.06379	0.11121	0.01028	0.00953	0.12749	0.05005	0.41826	0.01710	0.01763	0.01195	0.00647	0.00526	0.00167	0.00505	0.03621	0.00528	0.00831
7	0.05743	0.07720	0.10024	0.01553	0.16226	0.10369	0.01155	0.25801	0.01658	0.09178	0.04705	0.01344	0.01032	0.00580	0.00499	0.00154	0.00618	0.00454	0.00396	0.00790
8	0.50257	0.07063	0.01276	0.00943	0.01312	0.01275	0.07390	0.08122	0.06712	0.09704	0.01046	0.01116	0.00776	0.00529	0.00407	0.00162	0.00483	0.00379	0.00379	0.00672
9	0.00736	0.00534	0.00665	0.00735	0.00814	0.00509	0.00546	0.00861	0.01053	0.01358	0.03024	0.24370	0.16738	0.21029	0.01176	0.00290	0.00407	0.24283	0.00448	0.00424
10	0.00709	0.00491	0.00595	0.00651	0.00738	0.00453	0.00457	0.00856	0.01136	0.01576	0.14558	0.43400	0.16915	0.01351	0.00611	0.00187	0.00282	0.01194	0.13388	0.00453
11	0.01087	0.00603	0.00796	0.00761	0.00919	0.00556	0.00568	0.01258	0.01222	0.17940	0.19226	0.29497	0.02945	0.04522	0.05686	0.00237	0.00409	0.03452	0.04880	0.03435

[dist]
# distance from previous block
# <min> <max>
0	35

# created by:
# /home/cegg/simao/soft/augustus-3.2.1/scripts/msa2prfl.pl ./align_prep/30326.fa
