[name]
unknown

[dist]
# distance from previous block
# <min> <max>
0	61

[block]
# block no. 0 follows, 47 sequences, length 43
# corresponding to MSA columns:
# 72-114
name=unknown_A
#
# <colnr> <probs for GDERKNQSTAVLIFYWHMCP>
#	G	D	E	R	K	N	Q	S	T	A	V	L	I	F	Y	W	H	M	C	P
0	0.06322	0.05862	0.34653	0.01179	0.01651	0.05389	0.01279	0.03611	0.04346	0.07988	0.03613	0.04355	0.01408	0.00752	0.00532	0.00176	0.00614	0.15232	0.00353	0.00683
1	0.06000	0.06685	0.15794	0.00901	0.01241	0.00903	0.00872	0.05336	0.02685	0.08480	0.02568	0.04240	0.24329	0.01054	0.04919	0.00206	0.02259	0.06410	0.02740	0.02375
2	0.05921	0.05726	0.11965	0.01798	0.26081	0.05344	0.04233	0.09476	0.04027	0.13585	0.01193	0.01362	0.00910	0.03272	0.00566	0.00166	0.00603	0.00453	0.00354	0.02966
3	0.14566	0.03290	0.06396	0.05655	0.05217	0.02290	0.06440	0.05093	0.02797	0.12274	0.04907	0.04134	0.09490	0.05251	0.02701	0.00199	0.00523	0.02544	0.02227	0.04005
4	0.09401	0.01916	0.38749	0.01196	0.01740	0.07065	0.01310	0.08320	0.01279	0.10596	0.03236	0.03453	0.02975	0.00585	0.00486	0.00157	0.00629	0.00452	0.00337	0.06118
5	0.08973	0.01964	0.21229	0.01211	0.01639	0.30255	0.02587	0.04469	0.01317	0.09083	0.03589	0.03295	0.00948	0.00568	0.00477	0.00147	0.00706	0.00420	0.00324	0.06797
6	0.09978	0.07963	0.13202	0.02719	0.16758	0.01226	0.03323	0.15024	0.01384	0.12880	0.01202	0.04528	0.00939	0.00566	0.00481	0.00153	0.00562	0.00464	0.00370	0.06278
7	0.01421	0.01336	0.03348	0.01400	0.15245	0.19329	0.00951	0.10139	0.01420	0.08627	0.04932	0.05999	0.11393	0.00774	0.00536	0.00158	0.00575	0.05964	0.00396	0.06057
8	0.01442	0.01147	0.05523	0.01129	0.05435	0.01154	0.00895	0.20765	0.19729	0.09184	0.08380	0.01756	0.01467	0.00678	0.00589	0.00160	0.05992	0.00534	0.09920	0.04122
9	0.00948	0.00813	0.00978	0.00924	0.01027	0.06901	0.00713	0.05073	0.00959	0.01307	0.01291	0.01969	0.01228	0.11733	0.52247	0.00643	0.09917	0.00547	0.00289	0.00493
10	0.00720	0.00582	0.00728	0.00819	0.06774	0.00526	0.00556	0.00902	0.01252	0.01627	0.25256	0.11588	0.39085	0.01218	0.00619	0.00179	0.00305	0.06289	0.00491	0.00485
11	0.01980	0.01459	0.01563	0.01198	0.01615	0.01615	0.00990	0.76713	0.02448	0.03282	0.01250	0.01250	0.00886	0.00625	0.00521	0.00156	0.00573	0.00469	0.00521	0.00886
12	0.01214	0.00986	0.01369	0.01497	0.24195	0.00846	0.00911	0.01467	0.01172	0.07696	0.06762	0.01404	0.01135	0.00479	0.00452	0.00113	0.00449	0.00418	0.00339	0.47094
13	0.00649	0.00525	0.00540	0.00536	0.00704	0.00447	0.00402	0.00798	0.01207	0.01502	0.11562	0.04715	0.66764	0.01251	0.00599	0.00171	0.00261	0.01046	0.05874	0.00447
14	0.02223	0.01069	0.01321	0.01013	0.01420	0.01036	0.00837	0.26173	0.01796	0.54745	0.01798	0.01606	0.01161	0.00638	0.00523	0.00160	0.00485	0.00506	0.00605	0.00886
15	0.01289	0.12314	0.26619	0.03553	0.11057	0.08974	0.02310	0.09111	0.05514	0.01781	0.07744	0.01408	0.01144	0.00576	0.00519	0.00154	0.02680	0.00453	0.02078	0.00720
16	0.01080	0.00926	0.01080	0.00771	0.01234	0.00694	0.00617	0.01311	0.01080	0.01697	0.00926	0.01080	0.00771	0.00386	0.00386	0.00077	0.00386	0.00309	0.00309	0.84882
17	0.00745	0.00617	0.00941	0.05197	0.05180	0.00591	0.06928	0.00903	0.01067	0.01400	0.02861	0.51217	0.13839	0.01356	0.00641	0.00200	0.00391	0.05006	0.00440	0.00481
18	0.00649	0.00459	0.00600	0.00706	0.00733	0.00433	0.00464	0.00729	0.00969	0.01291	0.02724	0.72115	0.03260	0.11126	0.00900	0.00246	0.00326	0.01395	0.00464	0.00410
19	0.10004	0.12393	0.15755	0.05110	0.26119	0.01287	0.01266	0.05810	0.05267	0.05956	0.01147	0.05626	0.00955	0.00568	0.00477	0.00157	0.00578	0.00472	0.00314	0.00741
20	0.58584	0.01080	0.01195	0.01485	0.25683	0.01190	0.00894	0.01552	0.00982	0.02134	0.00806	0.00987	0.00647	0.00477	0.00384	0.00159	0.00472	0.00340	0.00302	0.00647
21	0.01265	0.01213	0.02070	0.09335	0.72501	0.01231	0.01586	0.01577	0.01174	0.01672	0.00975	0.01297	0.00815	0.00469	0.00516	0.00156	0.00625	0.00464	0.00256	0.00805
22	0.01234	0.00768	0.00982	0.00894	0.01095	0.00803	0.00698	0.12759	0.06186	0.15647	0.06090	0.17750	0.01933	0.01929	0.25770	0.00389	0.00727	0.03262	0.00461	0.00621
23	0.00689	0.00508	0.00710	0.05135	0.00938	0.00524	0.00563	0.00810	0.00943	0.01276	0.02316	0.51986	0.02662	0.08373	0.19597	0.00381	0.00600	0.01148	0.00408	0.00433
24	0.03538	0.01256	0.12665	0.19612	0.33985	0.01094	0.01374	0.03440	0.01157	0.01621	0.01530	0.05869	0.09374	0.00641	0.00527	0.00166	0.00594	0.00570	0.00292	0.00693
25	0.01038	0.01009	0.01422	0.50869	0.06933	0.08522	0.01235	0.01327	0.01045	0.01318	0.01022	0.01487	0.00835	0.01275	0.18187	0.00317	0.00870	0.00472	0.00247	0.00569
26	0.01481	0.00976	0.01086	0.00897	0.01152	0.01032	0.00698	0.36059	0.01719	0.09211	0.07694	0.06913	0.01638	0.15086	0.00894	0.00218	0.00463	0.00627	0.11484	0.00672
27	0.00652	0.00466	0.00622	0.00726	0.00769	0.00436	0.00496	0.00764	0.01054	0.01417	0.10786	0.70655	0.03584	0.01565	0.00661	0.00207	0.00302	0.03911	0.00493	0.00432
28	0.01266	0.01227	0.02131	0.08085	0.69483	0.01237	0.05722	0.01585	0.01179	0.01676	0.00980	0.01302	0.00815	0.00466	0.00521	0.00157	0.00638	0.00472	0.00256	0.00802
29	0.00641	0.00480	0.00597	0.00684	0.00757	0.00436	0.00477	0.00751	0.01063	0.01373	0.04791	0.57052	0.22568	0.01533	0.00654	0.00203	0.00299	0.04724	0.00485	0.00431
30	0.00663	0.00503	0.00612	0.00647	0.00752	0.00452	0.00465	0.00816	0.01204	0.01587	0.26345	0.32877	0.27114	0.01360	0.00635	0.00187	0.00276	0.02544	0.00511	0.00450
31	0.04733	0.26958	0.02357	0.11182	0.25677	0.01511	0.15427	0.01556	0.01114	0.01515	0.00888	0.01156	0.00739	0.00472	0.00499	0.00149	0.02688	0.00425	0.00246	0.00706
32	0.01045	0.00843	0.01300	0.14959	0.20598	0.00912	0.01020	0.06045	0.01113	0.04610	0.01465	0.14368	0.01396	0.01775	0.25751	0.00385	0.00818	0.00659	0.00328	0.00610
33	0.05064	0.00778	0.00986	0.00818	0.01107	0.00720	0.00654	0.01919	0.07714	0.40606	0.26027	0.02609	0.07110	0.00816	0.00550	0.00164	0.00366	0.00685	0.00590	0.00717
34	0.01136	0.00750	0.01080	0.00951	0.01149	0.00772	0.06532	0.04356	0.04277	0.15605	0.02164	0.16336	0.09936	0.01877	0.24486	0.00380	0.04998	0.00770	0.01857	0.00588
35	0.01331	0.10837	0.16373	0.01043	0.01399	0.01104	0.00999	0.06239	0.06966	0.16476	0.04435	0.01626	0.01203	0.01398	0.19249	0.00320	0.05683	0.00489	0.02138	0.00690
36	0.01432	0.00722	0.01022	0.10277	0.01362	0.00698	0.00741	0.01643	0.01284	0.34299	0.16865	0.12581	0.02212	0.01267	0.10898	0.00258	0.00540	0.00728	0.00513	0.00657
37	0.01122	0.02230	0.54502	0.02030	0.26532	0.01218	0.01820	0.01633	0.01127	0.01666	0.00949	0.01160	0.00712	0.00485	0.00501	0.00162	0.00722	0.00410	0.00232	0.00787
38	0.01115	0.00981	0.01422	0.23511	0.25623	0.05274	0.01131	0.01378	0.01204	0.06057	0.11474	0.07385	0.09802	0.00740	0.00548	0.00166	0.00540	0.00657	0.00353	0.00638
39	0.06153	0.01325	0.11335	0.01081	0.01388	0.12633	0.05711	0.07162	0.07247	0.10867	0.04828	0.20068	0.01716	0.05305	0.00660	0.00190	0.00555	0.00722	0.00414	0.00639
40	0.02065	0.01132	0.07267	0.01005	0.01424	0.00974	0.00882	0.19201	0.01655	0.51011	0.01839	0.01677	0.02761	0.00641	0.00516	0.00159	0.00486	0.00511	0.03941	0.00852
41	0.05078	0.01100	0.01649	0.25695	0.31406	0.01209	0.01315	0.10295	0.07276	0.01829	0.01212	0.01704	0.01011	0.00596	0.00526	0.00169	0.00599	0.06291	0.00322	0.00719
42	0.09157	0.01320	0.06150	0.01749	0.10989	0.01334	0.26587	0.11268	0.01267	0.03462	0.02705	0.01428	0.00915	0.00611	0.00776	0.00180	0.16647	0.02444	0.00312	0.00698

[dist]
# distance from previous block
# <min> <max>
0	44

[block]
# block no. 1 follows, 47 sequences, length 83
# corresponding to MSA columns:
# 180-262
name=unknown_B
#
# <colnr> <probs for GDERKNQSTAVLIFYWHMCP>
#	G	D	E	R	K	N	Q	S	T	A	V	L	I	F	Y	W	H	M	C	P
0	0.12981	0.23589	0.01964	0.01846	0.33466	0.01445	0.01131	0.06518	0.03475	0.04801	0.00966	0.01131	0.00789	0.00484	0.00435	0.00142	0.00548	0.00389	0.00299	0.03603
1	0.00951	0.00787	0.00958	0.07269	0.07118	0.00800	0.00715	0.09876	0.10600	0.01725	0.03175	0.18732	0.31248	0.01076	0.00584	0.00177	0.00389	0.00923	0.00452	0.02444
2	0.01082	0.00872	0.03400	0.01441	0.20861	0.00829	0.00893	0.08344	0.01281	0.06956	0.11768	0.31493	0.04500	0.01038	0.00617	0.00180	0.02460	0.00922	0.00437	0.00624
3	0.07659	0.01034	0.01454	0.01953	0.37309	0.04232	0.01090	0.04849	0.03461	0.04324	0.01568	0.21469	0.01567	0.00900	0.02654	0.00190	0.00539	0.02707	0.00359	0.00681
4	0.01255	0.01090	0.01178	0.01223	0.10548	0.08766	0.00833	0.02024	0.35456	0.04927	0.13149	0.05630	0.01922	0.00774	0.00575	0.02688	0.00454	0.00624	0.03937	0.02948
5	0.01149	0.01104	0.01906	0.37882	0.41616	0.01205	0.04677	0.01481	0.01123	0.01533	0.00958	0.01338	0.00765	0.00488	0.00522	0.00164	0.00664	0.00470	0.00246	0.00709
6	0.00695	0.00480	0.00611	0.00680	0.00712	0.00472	0.00446	0.00775	0.00916	0.01250	0.02321	0.47696	0.02698	0.25107	0.08898	0.00354	0.00465	0.01139	0.03888	0.00398
7	0.00660	0.00507	0.00604	0.00627	0.00743	0.00451	0.00452	0.00816	0.01222	0.01601	0.27781	0.27302	0.32697	0.01331	0.00630	0.00183	0.00269	0.01162	0.00512	0.00451
8	0.04518	0.00885	0.01380	0.29372	0.23303	0.00955	0.01127	0.01276	0.01190	0.01660	0.19374	0.02270	0.09172	0.00707	0.00542	0.00166	0.00515	0.00629	0.00347	0.00613
9	0.00847	0.00778	0.01178	0.50755	0.02515	0.00890	0.01056	0.01114	0.01095	0.01359	0.02542	0.02735	0.29504	0.00817	0.00556	0.00174	0.00534	0.00699	0.00325	0.00527
10	0.85377	0.01007	0.00765	0.00685	0.01007	0.01168	0.00564	0.01531	0.00886	0.02336	0.00725	0.00846	0.00564	0.00483	0.00322	0.00161	0.00403	0.00282	0.00322	0.00564
11	0.00698	0.00507	0.00658	0.00671	0.00767	0.00467	0.00484	0.00888	0.01306	0.01810	0.50316	0.28899	0.08064	0.01260	0.00631	0.00180	0.00265	0.01123	0.00540	0.00467
12	0.01334	0.01240	0.01705	0.01376	0.01634	0.06061	0.16889	0.10521	0.16053	0.04736	0.01469	0.05679	0.04274	0.00760	0.00891	0.00187	0.23548	0.00591	0.00370	0.00685
13	0.04742	0.24191	0.29547	0.01520	0.02101	0.01479	0.26176	0.01626	0.01122	0.01567	0.00907	0.01116	0.00701	0.00462	0.00482	0.00153	0.00731	0.00427	0.00239	0.00711
14	0.00737	0.00532	0.00696	0.00655	0.00778	0.00491	0.00491	0.00983	0.01474	0.02088	0.78175	0.03890	0.04914	0.01065	0.00614	0.00164	0.00246	0.00942	0.00573	0.00491
15	0.01055	0.00900	0.00953	0.00875	0.01120	0.00983	0.00674	0.02040	0.49182	0.01959	0.10490	0.02972	0.22826	0.00909	0.00562	0.00175	0.00355	0.00763	0.00522	0.00686
16	0.01289	0.01237	0.02114	0.03196	0.78450	0.01237	0.01598	0.01598	0.01186	0.01701	0.00980	0.01289	0.00825	0.00464	0.00516	0.00155	0.00619	0.00464	0.00258	0.00825
17	0.01974	0.00992	0.01187	0.00931	0.01286	0.00980	0.00762	0.25475	0.01717	0.41107	0.01738	0.01640	0.01171	0.00632	0.00494	0.00152	0.00447	0.00500	0.16004	0.00813
18	0.00628	0.00500	0.00563	0.00607	0.00726	0.00436	0.00433	0.00749	0.01127	0.01406	0.07381	0.33698	0.47061	0.01426	0.00634	0.00189	0.00277	0.01236	0.00487	0.00436
19	0.00994	0.00936	0.01581	0.77827	0.06126	0.01160	0.01451	0.01340	0.01046	0.01343	0.00927	0.01385	0.00699	0.00519	0.00520	0.00173	0.00692	0.00463	0.00232	0.00587
20	0.01269	0.01218	0.02079	0.08106	0.73692	0.01232	0.01589	0.01581	0.01177	0.01678	0.00976	0.01295	0.00817	0.00468	0.00516	0.00156	0.00623	0.00464	0.00256	0.00809
21	0.78713	0.01083	0.00883	0.00770	0.01098	0.04414	0.03489	0.01559	0.00924	0.02267	0.00741	0.00871	0.00577	0.00484	0.00340	0.00161	0.00443	0.00297	0.00318	0.00571
22	0.00929	0.01013	0.11577	0.01024	0.01318	0.00793	0.10707	0.02987	0.06654	0.03817	0.08325	0.06529	0.23656	0.04180	0.06983	0.00245	0.00555	0.07723	0.00412	0.00573
23	0.01305	0.04860	0.08338	0.04891	0.20718	0.02614	0.18224	0.11545	0.12887	0.01907	0.01470	0.01619	0.06067	0.00578	0.00537	0.00164	0.00634	0.00543	0.00344	0.00755
24	0.85377	0.01007	0.00765	0.00685	0.01007	0.01168	0.00564	0.01531	0.00886	0.02336	0.00725	0.00846	0.00564	0.00483	0.00322	0.00161	0.00403	0.00282	0.00322	0.00564
25	0.00632	0.00517	0.00557	0.00570	0.00719	0.00443	0.00419	0.00770	0.01191	0.01471	0.12984	0.16010	0.59237	0.01336	0.00623	0.00180	0.00267	0.01137	0.00493	0.00443
26	0.00759	0.00533	0.00698	0.00666	0.00787	0.00491	0.00496	0.00991	0.01436	0.03473	0.70650	0.10115	0.04727	0.01103	0.00617	0.00168	0.00254	0.00977	0.00567	0.00493
27	0.00674	0.00486	0.00577	0.00632	0.00679	0.00455	0.00407	0.00741	0.00949	0.01231	0.02900	0.39111	0.17328	0.29835	0.01356	0.00308	0.00366	0.01152	0.00424	0.00388
28	0.00659	0.00495	0.00582	0.00632	0.00715	0.00450	0.00434	0.00760	0.01053	0.01349	0.07584	0.35937	0.29161	0.14884	0.00978	0.00246	0.00324	0.02880	0.00460	0.00416
29	0.02336	0.00886	0.01209	0.00927	0.01329	0.00765	0.00765	0.02538	0.01491	0.78810	0.02055	0.01773	0.01289	0.00645	0.00524	0.00161	0.00443	0.00524	0.00645	0.00886
30	0.01244	0.00886	0.00936	0.00789	0.01045	0.00917	0.00628	0.30857	0.01679	0.02309	0.06841	0.02748	0.25716	0.00865	0.00519	0.00155	0.00380	0.00698	0.20161	0.00629
31	0.01392	0.82012	0.02729	0.00891	0.01337	0.02061	0.00891	0.01559	0.01058	0.01225	0.00724	0.00835	0.00668	0.00446	0.00334	0.00111	0.00557	0.00278	0.00223	0.00668
32	0.00716	0.00532	0.00667	0.00633	0.00765	0.00483	0.00475	0.00943	0.01425	0.01972	0.65767	0.04081	0.17394	0.01108	0.00614	0.00166	0.00249	0.00969	0.00558	0.00483
33	0.00859	0.00692	0.00913	0.00850	0.00872	0.00839	0.00620	0.00934	0.00787	0.01123	0.01320	0.02468	0.01423	0.41442	0.20235	0.00506	0.22786	0.00628	0.00283	0.00420
34	0.01080	0.00926	0.01080	0.00771	0.01234	0.00694	0.00617	0.01311	0.01080	0.01697	0.00926	0.01080	0.00771	0.00386	0.00386	0.00077	0.00386	0.00309	0.00309	0.84882
35	0.00650	0.00529	0.00575	0.00564	0.00725	0.00454	0.00423	0.00814	0.01268	0.01600	0.25931	0.04694	0.57463	0.01247	0.00615	0.00172	0.00259	0.01055	0.00509	0.00454
36	0.01398	0.51530	0.20004	0.01097	0.01589	0.13873	0.01145	0.01660	0.01132	0.01330	0.00785	0.00912	0.00667	0.00471	0.00392	0.00127	0.00665	0.00312	0.00229	0.00682
37	0.00665	0.00546	0.00588	0.00575	0.00741	0.00477	0.00432	0.00864	0.03441	0.01598	0.23313	0.04645	0.57812	0.01238	0.00613	0.00173	0.00264	0.01045	0.00507	0.00463
38	0.00747	0.00563	0.00632	0.00617	0.00781	0.00502	0.00461	0.00966	0.04723	0.04787	0.21701	0.11735	0.47434	0.01234	0.00612	0.00176	0.00277	0.01052	0.00513	0.00486
39	0.01843	0.00823	0.01013	0.00814	0.01126	0.00775	0.00660	0.11037	0.01475	0.44380	0.01840	0.01765	0.01256	0.00630	0.00471	0.00147	0.00393	0.00504	0.28293	0.00754
40	0.01139	0.01139	0.01595	0.01367	0.01367	0.01595	0.01139	0.01253	0.00798	0.01253	0.00684	0.01139	0.00684	0.00911	0.01709	0.00228	0.80745	0.00456	0.00228	0.00570
41	0.00676	0.00504	0.00636	0.00714	0.00803	0.00465	0.00527	0.00816	0.01120	0.01455	0.09956	0.42797	0.21406	0.01473	0.00658	0.00204	0.00320	0.14538	0.00491	0.00443
42	0.01080	0.00926	0.01080	0.00771	0.01234	0.00694	0.00617	0.01311	0.01080	0.01697	0.00926	0.01080	0.00771	0.00386	0.00386	0.00077	0.00386	0.00309	0.00309	0.84882
43	0.00821	0.00616	0.00681	0.00631	0.00820	0.00560	0.00483	0.06943	0.01377	0.04588	0.24784	0.04285	0.49170	0.01169	0.00604	0.00170	0.00290	0.00985	0.00517	0.00506
44	0.00703	0.00489	0.00617	0.00693	0.00722	0.00473	0.00460	0.00776	0.00930	0.01236	0.02401	0.44041	0.02819	0.31357	0.01409	0.00324	0.00397	0.09345	0.00421	0.00389
45	0.00971	0.00485	0.00485	0.00485	0.00607	0.00485	0.00364	0.01213	0.01092	0.01942	0.01699	0.01942	0.01335	0.00607	0.00364	0.00121	0.00243	0.00485	0.84589	0.00485
46	0.01045	0.02694	0.79000	0.01484	0.02254	0.01209	0.01924	0.01649	0.01099	0.01649	0.00935	0.01099	0.00660	0.00495	0.00495	0.00165	0.00770	0.00385	0.00220	0.00770
47	0.01094	0.10509	0.65324	0.01482	0.02200	0.01303	0.07780	0.01642	0.01106	0.01608	0.00923	0.01097	0.00671	0.00485	0.00488	0.00160	0.00757	0.00393	0.00224	0.00754
48	0.01336	0.01141	0.01566	0.01911	0.31543	0.07454	0.01149	0.04287	0.01175	0.10103	0.01310	0.09707	0.01198	0.00990	0.07057	0.00229	0.14596	0.02219	0.00336	0.00694
49	0.06967	0.15798	0.01706	0.09084	0.09085	0.31843	0.01038	0.13233	0.01434	0.01705	0.00906	0.01067	0.00731	0.00524	0.00451	0.00141	0.00709	0.00371	0.02535	0.00671
50	0.00658	0.00527	0.00590	0.00595	0.00745	0.00459	0.00449	0.00820	0.01244	0.01574	0.22536	0.10124	0.51328	0.01286	0.00624	0.00179	0.00274	0.05029	0.00505	0.00453
51	0.01260	0.00870	0.01052	0.00838	0.01178	0.00780	0.00665	0.07546	0.06696	0.13388	0.12267	0.04147	0.01636	0.00952	0.08403	0.00195	0.00490	0.00523	0.00431	0.36683
52	0.00744	0.00558	0.00837	0.00837	0.00930	0.00651	0.00651	0.00930	0.00837	0.01209	0.01395	0.02046	0.01302	0.03906	0.79635	0.00837	0.01395	0.00558	0.00279	0.00465
53	0.15277	0.00992	0.01126	0.00937	0.01287	0.01027	0.00755	0.02461	0.29636	0.38067	0.01865	0.01687	0.01284	0.00642	0.00494	0.00167	0.00425	0.00509	0.00550	0.00812
54	0.00749	0.00538	0.00737	0.00737	0.00795	0.00597	0.00526	0.00866	0.00807	0.01135	0.01486	0.02552	0.01522	0.32807	0.51033	0.00714	0.01064	0.00632	0.00293	0.00409
55	0.00705	0.00507	0.00653	0.00664	0.00752	0.00471	0.00472	0.00882	0.01268	0.01757	0.47634	0.26397	0.06729	0.07759	0.00794	0.00206	0.00284	0.01089	0.00523	0.00456
56	0.13566	0.03183	0.01072	0.00901	0.01194	0.01150	0.00715	0.08430	0.40059	0.04226	0.01685	0.01655	0.01272	0.00629	0.00460	0.00157	0.00400	0.00495	0.14549	0.04204
57	0.01562	0.04341	0.01365	0.01063	0.01424	0.03340	0.00858	0.33140	0.30052	0.02514	0.01525	0.01494	0.01140	0.00619	0.00495	0.00151	0.00488	0.00486	0.03955	0.09986
58	0.01289	0.01237	0.02114	0.03196	0.78450	0.01237	0.01598	0.01598	0.01186	0.01701	0.00980	0.01289	0.00825	0.00464	0.00516	0.00155	0.00619	0.00464	0.00258	0.00825
59	0.01431	0.01589	0.01674	0.23932	0.26098	0.30307	0.01307	0.01683	0.01254	0.01434	0.00968	0.01362	0.00814	0.00544	0.00508	0.00156	0.00753	0.03264	0.00263	0.00661
60	0.01182	0.01005	0.01383	0.01724	0.29836	0.01038	0.01010	0.04625	0.22581	0.04519	0.12261	0.02369	0.12739	0.00747	0.00548	0.00165	0.00453	0.00656	0.00431	0.00729
61	0.00639	0.00463	0.00604	0.00715	0.00760	0.00429	0.00486	0.00737	0.01018	0.01342	0.03067	0.72930	0.09635	0.01600	0.00662	0.00209	0.00304	0.03489	0.00483	0.00426
62	0.31416	0.01064	0.01137	0.00906	0.01284	0.01107	0.00748	0.19687	0.01504	0.34130	0.01398	0.01324	0.00939	0.00583	0.00452	0.00160	0.00460	0.00426	0.00502	0.00773
63	0.01310	0.11280	0.01818	0.10410	0.04685	0.02780	0.07430	0.03583	0.05536	0.07824	0.00974	0.01257	0.00806	0.00704	0.01044	0.00188	0.36965	0.00460	0.00292	0.00654
64	0.01178	0.00631	0.00815	0.00762	0.00947	0.00575	0.00572	0.01394	0.04419	0.24179	0.18183	0.30872	0.11044	0.01156	0.00602	0.00182	0.00332	0.01013	0.00551	0.00591
65	0.00925	0.00490	0.00503	0.00503	0.00598	0.00490	0.00354	0.01116	0.01021	0.01743	0.01686	0.02254	0.01454	0.17866	0.00851	0.00203	0.00298	0.00543	0.66653	0.00449
66	0.01234	0.01248	0.02082	0.18927	0.41360	0.04829	0.13417	0.01549	0.01146	0.01565	0.00949	0.01301	0.00774	0.00510	0.00622	0.00167	0.06864	0.00481	0.00251	0.00724
67	0.01460	0.01075	0.01195	0.01018	0.01288	0.01163	0.00797	0.46296	0.04128	0.02524	0.01878	0.31033	0.01857	0.01001	0.00575	0.00177	0.00468	0.00848	0.00507	0.00712
68	0.01310	0.01212	0.02077	0.07351	0.69104	0.01217	0.03792	0.01621	0.01191	0.04629	0.01020	0.01316	0.00834	0.00473	0.00519	0.00157	0.00624	0.00471	0.00271	0.00810
69	0.00983	0.00926	0.01562	0.80447	0.03587	0.01157	0.01446	0.01331	0.01041	0.01331	0.00926	0.01388	0.00694	0.00521	0.00521	0.00174	0.00694	0.00463	0.00231	0.00579
70	0.01429	0.01100	0.01244	0.00919	0.01364	0.01001	0.00746	0.26211	0.01548	0.05457	0.01080	0.01165	0.00831	0.00475	0.00436	0.00107	0.00450	0.00370	0.00393	0.53675
71	0.01358	0.00803	0.00943	0.00816	0.01088	0.00783	0.00642	0.01895	0.22251	0.25938	0.13611	0.02999	0.22870	0.00904	0.00563	0.00170	0.00358	0.00757	0.00559	0.00692
72	0.01446	0.01062	0.01121	0.00949	0.01239	0.01183	0.00755	0.28307	0.29959	0.02500	0.01698	0.01699	0.01272	0.00650	0.00481	0.00154	0.00422	0.00518	0.23834	0.00752
73	0.00906	0.00533	0.00644	0.00606	0.00743	0.00503	0.00458	0.01149	0.01333	0.05996	0.45831	0.03057	0.03397	0.00873	0.00517	0.00148	0.00255	0.00751	0.31791	0.00510
74	0.00665	0.00494	0.00620	0.00663	0.00753	0.00449	0.00469	0.00815	0.01193	0.01598	0.28473	0.40646	0.18489	0.01381	0.00638	0.00189	0.00276	0.01226	0.00513	0.00449
75	0.00757	0.00527	0.00678	0.00754	0.00807	0.00519	0.00554	0.00869	0.00983	0.01296	0.02371	0.24218	0.02701	0.31306	0.01423	0.00331	0.00444	0.28638	0.00420	0.00404
76	0.00646	0.00512	0.00581	0.00599	0.00731	0.00447	0.00436	0.00793	0.01206	0.01536	0.20446	0.21822	0.45734	0.01334	0.00626	0.00181	0.00268	0.01150	0.00503	0.00447
77	0.01183	0.00796	0.00931	0.00815	0.01054	0.00796	0.00628	0.06056	0.18532	0.11231	0.17225	0.08628	0.03585	0.03916	0.03923	0.00196	0.00405	0.00687	0.09162	0.10252
78	0.01224	0.01158	0.04852	0.04510	0.44527	0.02436	0.01227	0.01492	0.01129	0.04559	0.01069	0.01464	0.00925	0.08592	0.00700	0.00174	0.00565	0.00457	0.00287	0.18653
79	0.07699	0.01148	0.01120	0.00850	0.01276	0.11008	0.00673	0.03440	0.01153	0.01734	0.00903	0.01048	0.00745	0.00419	0.00395	0.00093	0.00464	0.00314	0.00310	0.65206
80	0.04360	0.07977	0.08026	0.01172	0.04658	0.19396	0.03818	0.10960	0.01354	0.03462	0.02975	0.03330	0.00959	0.02855	0.00520	0.00140	0.00612	0.00421	0.00327	0.22678
81	0.04787	0.17957	0.07628	0.03687	0.13905	0.14552	0.01015	0.04070	0.01227	0.03841	0.02907	0.01752	0.13339	0.00645	0.00505	0.00146	0.02735	0.00496	0.00315	0.04489
82	0.05303	0.35611	0.04876	0.01121	0.01488	0.13021	0.05476	0.06150	0.07398	0.03852	0.01024	0.01259	0.00869	0.00576	0.00533	0.00147	0.07017	0.03300	0.00302	0.00677

[dist]
# distance from previous block
# <min> <max>
1	34

[block]
# block no. 2 follows, 47 sequences, length 24
# corresponding to MSA columns:
# 298-321
name=unknown_C
#
# <colnr> <probs for GDERKNQSTAVLIFYWHMCP>
#	G	D	E	R	K	N	Q	S	T	A	V	L	I	F	Y	W	H	M	C	P
0	0.04344	0.13217	0.06727	0.01522	0.16510	0.06781	0.06576	0.03697	0.01221	0.07799	0.11779	0.01580	0.01377	0.00720	0.03069	0.00177	0.08736	0.00496	0.00335	0.03337
1	0.04356	0.15660	0.20293	0.01905	0.26085	0.04941	0.07227	0.08712	0.01268	0.01754	0.00976	0.01235	0.00791	0.00506	0.00483	0.00152	0.00663	0.01964	0.00275	0.00754
2	0.01033	0.15082	0.15982	0.08972	0.13570	0.01099	0.01089	0.01309	0.01131	0.03592	0.02365	0.02427	0.26391	0.00773	0.00550	0.00160	0.02888	0.00629	0.00327	0.00630
3	0.05746	0.01396	0.20485	0.01399	0.12727	0.02265	0.01147	0.12723	0.02587	0.01875	0.06059	0.19107	0.01669	0.00851	0.00613	0.00178	0.05098	0.03034	0.00370	0.00669
4	0.01607	0.18880	0.01820	0.01516	0.15837	0.34076	0.01046	0.06809	0.01352	0.01528	0.00864	0.01020	0.00725	0.00492	0.00443	0.00128	0.00709	0.00353	0.00278	0.10515
5	0.00740	0.00531	0.00724	0.00734	0.00789	0.00581	0.00520	0.00853	0.00823	0.01150	0.01603	0.09110	0.01686	0.30787	0.46284	0.00669	0.00994	0.00704	0.00309	0.00409
6	0.01450	0.04124	0.15783	0.01294	0.02880	0.06422	0.11619	0.14986	0.07986	0.12048	0.01383	0.04278	0.01098	0.05297	0.06776	0.00234	0.00696	0.00534	0.00385	0.00727
7	0.04037	0.11416	0.29257	0.02016	0.29009	0.01358	0.06368	0.07438	0.01231	0.01767	0.00951	0.01158	0.00742	0.00484	0.00487	0.00155	0.00671	0.00418	0.00263	0.00775
8	0.00902	0.00537	0.00699	0.00725	0.00839	0.00485	0.00517	0.01034	0.01154	0.13072	0.12926	0.51028	0.11323	0.01375	0.00632	0.00194	0.00312	0.01225	0.00519	0.00503
9	0.00746	0.00549	0.00789	0.00789	0.00866	0.00625	0.00592	0.00899	0.00823	0.01174	0.01438	0.02287	0.01407	0.17694	0.65989	0.00778	0.01237	0.00593	0.00285	0.00438
10	0.01394	0.22572	0.22020	0.01519	0.11860	0.03319	0.05428	0.13347	0.01314	0.04292	0.00954	0.01118	0.00749	0.00536	0.00569	0.00153	0.07412	0.00403	0.00291	0.00748
11	0.01289	0.01237	0.02114	0.03196	0.78450	0.01237	0.01598	0.01598	0.01186	0.01701	0.00980	0.01289	0.00825	0.00464	0.00516	0.00155	0.00619	0.00464	0.00258	0.00825
12	0.00715	0.00514	0.00681	0.00702	0.00797	0.00480	0.00518	0.00914	0.01309	0.01817	0.49350	0.27187	0.04314	0.01265	0.00638	0.00184	0.00282	0.07324	0.00539	0.00470
13	0.01200	0.21356	0.14884	0.01088	0.01469	0.03890	0.08272	0.01504	0.04133	0.08849	0.01897	0.13266	0.11600	0.00791	0.00554	0.00162	0.03431	0.00657	0.00353	0.00644
14	0.06854	0.01218	0.01562	0.08908	0.20325	0.03494	0.03028	0.26951	0.05537	0.08694	0.04352	0.01530	0.02289	0.02283	0.00558	0.00167	0.00564	0.00501	0.00412	0.00772
15	0.15002	0.01123	0.01115	0.00951	0.01267	0.12345	0.00756	0.04443	0.07682	0.36565	0.01747	0.09271	0.01365	0.00731	0.00505	0.00166	0.00498	0.03232	0.00504	0.00730
16	0.00747	0.00544	0.00620	0.00600	0.00763	0.00472	0.00450	0.00914	0.01277	0.05841	0.26595	0.09284	0.47569	0.01226	0.00613	0.00174	0.00271	0.01045	0.00519	0.00478
17	0.01118	0.01063	0.01805	0.46413	0.36568	0.01192	0.01513	0.01448	0.01105	0.01494	0.00949	0.01345	0.00752	0.00496	0.00518	0.00165	0.00661	0.00463	0.00243	0.00687
18	0.01300	0.04028	0.02053	0.02832	0.64608	0.03447	0.03841	0.03908	0.01246	0.01742	0.05202	0.01408	0.01040	0.00502	0.00517	0.00154	0.00612	0.00485	0.00282	0.00793
19	0.04065	0.03871	0.01293	0.01094	0.01342	0.32908	0.00852	0.14167	0.01506	0.05997	0.09806	0.06862	0.04447	0.00744	0.00596	0.00156	0.06557	0.00550	0.02556	0.00631
20	0.01261	0.01341	0.01577	0.01363	0.01404	0.13335	0.01119	0.01378	0.00900	0.01256	0.00702	0.01109	0.00682	0.00855	0.01522	0.00214	0.68735	0.00438	0.00234	0.00575
21	0.01080	0.00926	0.01080	0.00771	0.01234	0.00694	0.00617	0.01311	0.01080	0.01697	0.00926	0.01080	0.00771	0.00386	0.00386	0.00077	0.00386	0.00309	0.00309	0.84882
22	0.00751	0.00531	0.00702	0.00702	0.00749	0.00578	0.00483	0.00843	0.00797	0.01109	0.01518	0.02728	0.01598	0.42872	0.41073	0.00671	0.00949	0.00658	0.00297	0.00390
23	0.00709	0.00494	0.00593	0.00642	0.00674	0.00477	0.00411	0.00764	0.00900	0.01184	0.02414	0.30643	0.08414	0.43019	0.01692	0.00362	0.00415	0.05424	0.00396	0.00372

[dist]
# distance from previous block
# <min> <max>
0	21

# created by:
# /home/cegg/simao/soft/augustus-3.2.1/scripts/msa2prfl.pl ./align_prep/30416.fa
