[name]
unknown

[dist]
# distance from previous block
# <min> <max>
0	27

[block]
# block no. 0 follows, 52 sequences, length 19
# corresponding to MSA columns:
# 27-45
name=unknown_A
#
# <colnr> <probs for GDERKNQSTAVLIFYWHMCP>
#	G	D	E	R	K	N	Q	S	T	A	V	L	I	F	Y	W	H	M	C	P
0	0.01426	0.01004	0.01388	0.13227	0.20566	0.01058	0.01037	0.22827	0.01452	0.14518	0.01368	0.01814	0.01101	0.00623	0.00497	0.00155	0.00513	0.09456	0.05268	0.00703
1	0.01361	0.01118	0.03289	0.01307	0.13549	0.01181	0.00916	0.26650	0.28631	0.04497	0.01598	0.10993	0.01330	0.00692	0.00502	0.00158	0.00459	0.00585	0.00442	0.00742
2	0.63045	0.00911	0.00893	0.00999	0.13206	0.01019	0.00660	0.01344	0.00857	0.01941	0.00809	0.03522	0.00701	0.02962	0.00492	0.05061	0.00409	0.00346	0.00290	0.00534
3	0.00837	0.00646	0.00684	0.00629	0.00808	0.00627	0.00476	0.12917	0.05072	0.01651	0.07997	0.07568	0.45257	0.06985	0.00681	0.00181	0.00313	0.00862	0.05321	0.00487
4	0.01540	0.00896	0.01187	0.19751	0.01705	0.00922	0.00859	0.14475	0.05851	0.31941	0.08424	0.01737	0.03804	0.00618	0.00491	0.00150	0.00462	0.00512	0.00461	0.04214
5	0.00976	0.00559	0.00741	0.00659	0.00824	0.00507	0.00507	0.01196	0.01375	0.17190	0.64553	0.03236	0.03916	0.00915	0.00555	0.00152	0.00264	0.00801	0.00546	0.00529
6	0.73138	0.13760	0.00997	0.00667	0.00985	0.01216	0.00572	0.01429	0.00850	0.02013	0.00675	0.00786	0.00540	0.00444	0.00302	0.00143	0.00397	0.00262	0.00285	0.00540
7	0.00713	0.00536	0.00727	0.13294	0.01103	0.00558	0.00571	0.03647	0.00934	0.01237	0.02073	0.48914	0.02391	0.19816	0.01012	0.00251	0.00390	0.01042	0.00379	0.00409
8	0.01473	0.01735	0.01353	0.01312	0.08371	0.50262	0.05298	0.03444	0.01331	0.01407	0.13193	0.06098	0.01412	0.00626	0.00481	0.00138	0.00701	0.00490	0.00310	0.00566
9	0.01261	0.01092	0.01560	0.17145	0.31398	0.01141	0.01154	0.18898	0.05141	0.01872	0.01003	0.01208	0.00784	0.00476	0.00464	0.00137	0.00536	0.00416	0.00311	0.14001
10	0.73124	0.00953	0.00772	0.00692	0.00987	0.01106	0.00563	0.01604	0.13012	0.02151	0.00877	0.00946	0.00673	0.00482	0.00330	0.00152	0.00376	0.00307	0.00330	0.00563
11	0.00871	0.00759	0.01028	0.00927	0.00943	0.00976	0.00714	0.00953	0.00736	0.01081	0.01063	0.01938	0.01127	0.29497	0.16447	0.00404	0.39319	0.00538	0.00249	0.00431
12	0.00697	0.00546	0.00644	0.00657	0.00792	0.00520	0.00505	0.00978	0.08741	0.01549	0.22528	0.15014	0.30900	0.01171	0.00586	0.00175	0.00291	0.12774	0.00474	0.00460
13	0.00806	0.00667	0.00734	0.00685	0.00821	0.06216	0.00516	0.01118	0.07509	0.01896	0.67967	0.03283	0.04049	0.00930	0.00556	0.00151	0.00287	0.00811	0.00510	0.00489
14	0.01227	0.01052	0.01108	0.00991	0.01268	0.01215	0.00772	0.05147	0.76463	0.02062	0.01945	0.01786	0.01457	0.00655	0.00493	0.00164	0.00389	0.00544	0.00493	0.00769
15	0.01228	0.01071	0.01727	0.04118	0.58837	0.01030	0.01268	0.01497	0.01103	0.07142	0.00972	0.01199	0.00787	0.00432	0.00459	0.00132	0.00527	0.00410	0.00273	0.15787
16	0.00867	0.00801	0.01279	0.48818	0.13828	0.00910	0.01114	0.01130	0.01013	0.01303	0.01792	0.07241	0.16580	0.00692	0.00510	0.00162	0.00532	0.00610	0.00281	0.00537
17	0.01490	0.14047	0.03488	0.00932	0.01308	0.14958	0.00783	0.09001	0.08284	0.15359	0.01125	0.01147	0.00847	0.00485	0.00414	0.00117	0.00511	0.00362	0.00358	0.24983
18	0.00874	0.00762	0.00978	0.00897	0.01071	0.04020	0.07253	0.01308	0.18431	0.01496	0.07761	0.29701	0.03203	0.01404	0.13087	0.00263	0.00533	0.00837	0.00400	0.05721

[dist]
# distance from previous block
# <min> <max>
6	11

[block]
# block no. 1 follows, 52 sequences, length 72
# corresponding to MSA columns:
# 57-128
name=unknown_B
#
# <colnr> <probs for GDERKNQSTAVLIFYWHMCP>
#	G	D	E	R	K	N	Q	S	T	A	V	L	I	F	Y	W	H	M	C	P
0	0.01108	0.00940	0.01443	0.03469	0.37553	0.00907	0.02547	0.04618	0.01110	0.05351	0.01316	0.15996	0.01267	0.00660	0.00509	0.00144	0.01918	0.02482	0.00319	0.16343
1	0.00995	0.00851	0.01328	0.09679	0.35765	0.00854	0.01010	0.01253	0.03966	0.03976	0.05125	0.19854	0.02727	0.05255	0.00620	0.00173	0.00466	0.00688	0.00328	0.05087
2	0.01511	0.01164	0.01245	0.01006	0.01344	0.01280	0.00811	0.42446	0.28313	0.02523	0.01437	0.01404	0.01061	0.00589	0.00470	0.00144	0.00453	0.00463	0.04843	0.07492
3	0.01512	0.01251	0.01469	0.01627	0.25450	0.15637	0.03206	0.01911	0.13402	0.19347	0.01267	0.01321	0.00943	0.00517	0.00485	0.00140	0.01756	0.00432	0.00366	0.07960
4	0.01101	0.01047	0.01485	0.61471	0.08614	0.07426	0.01281	0.09159	0.01144	0.01444	0.00887	0.01239	0.00671	0.00492	0.00480	0.00156	0.00647	0.00422	0.00247	0.00586
5	0.01278	0.01275	0.01529	0.03105	0.27386	0.18021	0.07093	0.10651	0.01345	0.01709	0.13418	0.01863	0.02852	0.00626	0.00507	0.00149	0.00585	0.05633	0.00335	0.00641
6	0.01382	0.05297	0.23811	0.01377	0.07858	0.02518	0.13211	0.06905	0.06905	0.19697	0.05262	0.01410	0.01060	0.00530	0.00488	0.00151	0.00584	0.00467	0.00362	0.00726
7	0.00949	0.00566	0.00725	0.00736	0.00848	0.00540	0.00525	0.07527	0.01106	0.13746	0.02382	0.60102	0.02636	0.04334	0.00656	0.00195	0.00330	0.01133	0.00470	0.00494
8	0.00619	0.00493	0.00555	0.00540	0.00683	0.00429	0.00405	0.00785	0.01214	0.01570	0.35639	0.04235	0.48858	0.01130	0.00572	0.00159	0.00239	0.00963	0.00484	0.00429
9	0.01323	0.01283	0.01531	0.31185	0.15681	0.15234	0.01189	0.17236	0.01314	0.01656	0.00895	0.01158	0.00699	0.00527	0.00562	0.00153	0.07044	0.00411	0.00281	0.00640
10	0.01125	0.35135	0.38975	0.01241	0.01806	0.01460	0.11101	0.01503	0.01023	0.01377	0.00804	0.00959	0.00633	0.00435	0.00414	0.00135	0.00649	0.00345	0.00211	0.00670
11	0.00656	0.00494	0.00607	0.00579	0.00706	0.00445	0.00434	0.00857	0.01302	0.01777	0.60124	0.03893	0.24243	0.01053	0.00572	0.00155	0.00233	0.00915	0.00512	0.00445
12	0.00614	0.00493	0.00549	0.00535	0.00680	0.00427	0.00401	0.00776	0.01203	0.01542	0.32412	0.04280	0.52101	0.01140	0.00572	0.00160	0.00239	0.00969	0.00481	0.00427
13	0.00938	0.00875	0.01425	0.75460	0.03175	0.01087	0.01300	0.01343	0.07100	0.01300	0.00949	0.01332	0.00711	0.00498	0.00485	0.00162	0.00625	0.00440	0.00237	0.00556
14	0.01013	0.02217	0.61736	0.01541	0.02202	0.01150	0.20223	0.01539	0.01052	0.01539	0.00896	0.01092	0.00643	0.00448	0.00487	0.00156	0.00741	0.00410	0.00214	0.00701
15	0.00640	0.00494	0.00584	0.00561	0.00696	0.00438	0.00421	0.00826	0.01263	0.01686	0.49335	0.04044	0.35089	0.01087	0.00572	0.00157	0.00235	0.00936	0.00500	0.00438
16	0.01583	0.00787	0.00950	0.00794	0.01075	0.00776	0.00634	0.02094	0.21882	0.39337	0.04329	0.01790	0.01391	0.00620	0.00458	0.00145	0.00357	0.00508	0.19777	0.00713
17	0.86392	0.00937	0.00712	0.00637	0.00937	0.01087	0.00525	0.01425	0.00825	0.02174	0.00675	0.00787	0.00525	0.00450	0.00300	0.00150	0.00375	0.00262	0.00300	0.00525
18	0.00705	0.00470	0.00529	0.00529	0.00529	0.00470	0.00294	0.00705	0.00705	0.00940	0.01527	0.03171	0.01762	0.82969	0.02467	0.00470	0.00470	0.00705	0.00294	0.00294
19	0.02066	0.00999	0.01233	0.00945	0.01324	0.00971	0.00781	0.27236	0.01679	0.54995	0.01667	0.01490	0.01077	0.00594	0.00486	0.00148	0.00452	0.00471	0.00562	0.00825
20	0.01005	0.00861	0.01005	0.00718	0.01148	0.00646	0.00574	0.01220	0.01005	0.01579	0.00861	0.01005	0.00718	0.00359	0.00359	0.00072	0.00359	0.00287	0.00287	0.85932
21	0.00692	0.00519	0.00779	0.00779	0.00865	0.00606	0.00606	0.00865	0.00779	0.01125	0.01298	0.01904	0.01211	0.03634	0.81049	0.00779	0.01298	0.00519	0.00260	0.00433
22	0.00972	0.02507	0.80458	0.01381	0.02097	0.01125	0.01790	0.01535	0.01023	0.01535	0.00870	0.01023	0.00614	0.00460	0.00460	0.00153	0.00716	0.00358	0.00205	0.00716
23	0.01067	0.01016	0.01727	0.39795	0.44163	0.01116	0.01421	0.01371	0.01041	0.01422	0.00888	0.01243	0.00711	0.00456	0.00482	0.00152	0.00609	0.00431	0.00228	0.00661
24	0.01035	0.01052	0.01447	0.65257	0.02940	0.10687	0.01272	0.01315	0.00998	0.01226	0.00829	0.01222	0.00643	0.00517	0.00574	0.00161	0.07650	0.00416	0.00219	0.00540
25	0.00668	0.00488	0.00640	0.00706	0.00795	0.00460	0.00544	0.00831	0.01103	0.01464	0.19468	0.32297	0.12705	0.01314	0.00619	0.00191	0.00317	0.24501	0.00467	0.00425
26	0.00602	0.00489	0.00539	0.00571	0.00706	0.00426	0.00433	0.00731	0.01078	0.01316	0.04261	0.16967	0.58002	0.01287	0.00592	0.00176	0.00277	0.10686	0.00450	0.00411
27	0.01023	0.15140	0.68268	0.01295	0.01964	0.01249	0.01640	0.01522	0.01017	0.01473	0.00839	0.00985	0.00615	0.00453	0.00437	0.00146	0.00685	0.00343	0.00205	0.00701
28	0.00590	0.00422	0.00562	0.00675	0.00703	0.00394	0.00450	0.00675	0.00928	0.01237	0.02671	0.82653	0.03205	0.01518	0.00619	0.00197	0.00281	0.01378	0.00450	0.00394
29	0.00588	0.00472	0.00526	0.00554	0.00675	0.00409	0.00399	0.00710	0.01080	0.01349	0.11377	0.26384	0.51203	0.01286	0.00585	0.00172	0.00254	0.01108	0.00458	0.00409
30	0.01199	0.01151	0.01967	0.02974	0.79946	0.01151	0.01487	0.01487	0.01103	0.01583	0.00912	0.01199	0.00768	0.00432	0.00480	0.00144	0.00576	0.00432	0.00240	0.00768
31	0.00692	0.00557	0.00617	0.00587	0.00748	0.00516	0.00445	0.02515	0.07901	0.01627	0.30637	0.03984	0.45243	0.01083	0.00564	0.00159	0.00257	0.00919	0.00483	0.00465
32	0.86392	0.00937	0.00712	0.00637	0.00937	0.01087	0.00525	0.01425	0.00825	0.02174	0.00675	0.00787	0.00525	0.00450	0.00300	0.00150	0.00375	0.00262	0.00300	0.00525
33	0.01474	0.01175	0.01247	0.01041	0.01363	0.01331	0.00832	0.34578	0.46630	0.02461	0.01631	0.01536	0.01203	0.00625	0.00490	0.00156	0.00447	0.00501	0.00490	0.00791
34	0.02058	0.01012	0.01240	0.00951	0.01330	0.00990	0.00785	0.29006	0.01700	0.53196	0.01649	0.01479	0.01068	0.00593	0.00486	0.00148	0.00455	0.00469	0.00559	0.00825
35	0.02057	0.01013	0.01241	0.00951	0.01331	0.00991	0.00786	0.29163	0.01702	0.53036	0.01648	0.01478	0.01067	0.00593	0.00486	0.00148	0.00455	0.00469	0.00559	0.00825
36	0.01568	0.01039	0.01165	0.00976	0.01296	0.01128	0.00779	0.15578	0.45551	0.22636	0.01817	0.01656	0.01293	0.00629	0.00490	0.00157	0.00417	0.00513	0.00520	0.00792
37	0.01332	0.01079	0.01435	0.01166	0.01491	0.02724	0.15398	0.05710	0.45848	0.11866	0.01756	0.01704	0.02785	0.00685	0.02611	0.00177	0.00507	0.00544	0.00448	0.00736
38	0.01199	0.01151	0.01967	0.02974	0.79946	0.01151	0.01487	0.01487	0.01103	0.01583	0.00912	0.01199	0.00768	0.00432	0.00480	0.00144	0.00576	0.00432	0.00240	0.00768
39	0.00915	0.00861	0.01453	0.81804	0.03338	0.01077	0.01346	0.01238	0.00969	0.01238	0.00861	0.01292	0.00646	0.00484	0.00484	0.00161	0.00646	0.00431	0.00215	0.00538
40	0.02066	0.00999	0.01233	0.00945	0.01324	0.00971	0.00781	0.27236	0.01679	0.54995	0.01667	0.01490	0.01077	0.00594	0.00486	0.00148	0.00452	0.00471	0.00562	0.00825
41	0.00628	0.00445	0.00586	0.00685	0.00720	0.00424	0.00473	0.00720	0.00925	0.01229	0.02521	0.63332	0.02979	0.11251	0.00846	0.00233	0.00325	0.10859	0.00431	0.00388
42	0.01178	0.01129	0.01928	0.08939	0.74150	0.01146	0.01477	0.01468	0.01093	0.01557	0.00908	0.01206	0.00758	0.00436	0.00480	0.00145	0.00581	0.00432	0.00238	0.00750
43	0.00699	0.00488	0.00620	0.00617	0.00654	0.00513	0.00409	0.00774	0.00781	0.01079	0.07588	0.02791	0.01802	0.50557	0.28048	0.00546	0.00722	0.00657	0.00301	0.00352
44	0.02050	0.00793	0.01080	0.00847	0.01195	0.00687	0.00692	0.02229	0.01351	0.74077	0.01971	0.08008	0.01357	0.00672	0.00498	0.00154	0.00402	0.00557	0.00588	0.00791
45	0.01163	0.01115	0.01902	0.12984	0.70219	0.01142	0.01469	0.01456	0.01086	0.01539	0.00905	0.01211	0.00752	0.00438	0.00480	0.00146	0.00585	0.00432	0.00237	0.00738
46	0.01279	0.01110	0.01828	0.10197	0.62699	0.01129	0.01386	0.05473	0.01172	0.07580	0.00995	0.01240	0.00792	0.00457	0.00481	0.00146	0.00568	0.00436	0.00277	0.00753
47	0.01008	0.00956	0.01622	0.55993	0.28421	0.01101	0.01392	0.01320	0.01013	0.01351	0.00878	0.01262	0.00686	0.00467	0.00483	0.00156	0.00623	0.00431	0.00223	0.00613
48	0.00590	0.00422	0.00562	0.00675	0.00703	0.00394	0.00450	0.00675	0.00928	0.01237	0.02671	0.82653	0.03205	0.01518	0.00619	0.00197	0.00281	0.01378	0.00450	0.00394
49	0.86392	0.00937	0.00712	0.00637	0.00937	0.01087	0.00525	0.01425	0.00825	0.02174	0.00675	0.00787	0.00525	0.00450	0.00300	0.00150	0.00375	0.00262	0.00300	0.00525
50	0.01255	0.01066	0.01124	0.00996	0.01279	0.01229	0.00779	0.08522	0.73042	0.02108	0.01909	0.01757	0.01428	0.00652	0.00492	0.00163	0.00395	0.00539	0.00492	0.00772
51	0.01009	0.01189	0.11433	0.01235	0.01328	0.01345	0.01101	0.01171	0.00794	0.01219	0.00840	0.08045	0.00853	0.00856	0.01364	0.00203	0.64743	0.00497	0.00231	0.00542
52	0.01096	0.01037	0.01711	0.31665	0.45736	0.01128	0.01379	0.01481	0.07175	0.01492	0.00976	0.01281	0.00779	0.00469	0.00483	0.00152	0.00586	0.00440	0.00251	0.00684
53	0.01014	0.00858	0.01428	0.75450	0.03173	0.01048	0.01296	0.01326	0.01002	0.07443	0.00944	0.01320	0.00689	0.00494	0.00485	0.00161	0.00628	0.00435	0.00246	0.00561
54	0.48325	0.00886	0.00899	0.00739	0.01073	0.00918	0.00610	0.01848	0.01079	0.37480	0.01234	0.01177	0.00830	0.00518	0.00385	0.00150	0.00392	0.00364	0.00435	0.00660
55	0.01199	0.01151	0.01967	0.02974	0.79946	0.01151	0.01487	0.01487	0.01103	0.01583	0.00912	0.01199	0.00768	0.00432	0.00480	0.00144	0.00576	0.00432	0.00240	0.00768
56	0.07600	0.00849	0.01150	0.01086	0.11159	0.00784	0.00770	0.02096	0.03032	0.57108	0.01677	0.01550	0.01109	0.00567	0.00462	0.00147	0.00415	0.00464	0.07209	0.00767
57	0.01199	0.01151	0.01967	0.02974	0.79946	0.01151	0.01487	0.01487	0.01103	0.01583	0.00912	0.01199	0.00768	0.00432	0.00480	0.00144	0.00576	0.00432	0.00240	0.00768
58	0.00971	0.00946	0.01361	0.65207	0.02893	0.07859	0.01235	0.01262	0.01017	0.01254	0.01058	0.03680	0.00911	0.00593	0.00501	0.00165	0.00637	0.07677	0.00246	0.00528
59	0.01173	0.25691	0.45779	0.01226	0.01795	0.08851	0.04119	0.03554	0.01082	0.01429	0.00813	0.00952	0.00627	0.00452	0.00420	0.00137	0.00673	0.00335	0.00218	0.00675
60	0.01038	0.02491	0.74250	0.01371	0.02050	0.07398	0.01723	0.01566	0.01051	0.01507	0.00860	0.01011	0.00615	0.00463	0.00459	0.00151	0.00729	0.00354	0.00208	0.00704
61	0.00614	0.00469	0.00569	0.00632	0.00726	0.00424	0.00464	0.00737	0.01039	0.01325	0.07001	0.39566	0.31833	0.01361	0.00606	0.00186	0.00287	0.11297	0.00453	0.00409
62	0.01219	0.01025	0.01790	0.01371	0.01721	0.01001	0.34435	0.06254	0.12409	0.11511	0.11473	0.02148	0.03412	0.00652	0.00553	0.00165	0.00567	0.07243	0.00398	0.00653
63	0.03447	0.07825	0.11981	0.10357	0.27469	0.22522	0.04588	0.03592	0.01167	0.01453	0.00843	0.01061	0.00679	0.00461	0.00453	0.00140	0.00681	0.00379	0.00241	0.00661
64	0.00630	0.00493	0.00570	0.00551	0.00690	0.00433	0.00413	0.00806	0.01240	0.01630	0.42696	0.04136	0.41763	0.01108	0.00572	0.00158	0.00237	0.00949	0.00492	0.00433
65	0.00904	0.00546	0.00702	0.00634	0.00795	0.00491	0.00486	0.01113	0.01340	0.14119	0.58027	0.03444	0.13591	0.00960	0.00559	0.00153	0.00260	0.00834	0.00533	0.00509
66	0.01257	0.01143	0.17474	0.01053	0.01432	0.00804	0.10715	0.04112	0.01215	0.24056	0.02277	0.02619	0.17823	0.00780	0.00535	0.00165	0.00500	0.10983	0.00417	0.00641
67	0.01303	0.00791	0.01218	0.01031	0.01288	0.02556	0.14035	0.01513	0.01183	0.28588	0.02133	0.18320	0.04789	0.00935	0.00571	0.00178	0.00469	0.18036	0.00461	0.00604
68	0.01083	0.01187	0.02530	0.01858	0.02287	0.01118	0.66070	0.01460	0.01135	0.01532	0.01231	0.03557	0.01065	0.00558	0.00586	0.00172	0.00756	0.10919	0.00277	0.00620
69	0.00982	0.00929	0.01574	0.63283	0.21337	0.01094	0.01379	0.01297	0.01001	0.01319	0.00873	0.01270	0.00675	0.00472	0.00483	0.00157	0.00629	0.00431	0.00221	0.00592
70	0.01071	0.01025	0.01717	0.35339	0.42188	0.01147	0.01395	0.01359	0.01020	0.01408	0.00869	0.01227	0.00707	0.00486	0.00569	0.00157	0.07003	0.00431	0.00228	0.00654
71	0.01088	0.01042	0.01748	0.30652	0.46743	0.01151	0.01404	0.01374	0.01028	0.01429	0.00872	0.01221	0.00714	0.00483	0.00569	0.00155	0.06999	0.00431	0.00229	0.00668

[dist]
# distance from previous block
# <min> <max>
0	6

# created by:
# /home/cegg/simao/soft/augustus-3.2.1/scripts/msa2prfl.pl ./align_prep/30605.fa
