[name]
unknown

[dist]
# distance from previous block
# <min> <max>
0	531

[block]
# block no. 0 follows, 42 sequences, length 25
# corresponding to MSA columns:
# 607-631
name=unknown_A
#
# <colnr> <probs for GDERKNQSTAVLIFYWHMCP>
#	G	D	E	R	K	N	Q	S	T	A	V	L	I	F	Y	W	H	M	C	P
0	0.04171	0.08812	0.06713	0.23690	0.02288	0.01210	0.08809	0.07452	0.01326	0.01780	0.01662	0.02974	0.01581	0.00876	0.00614	0.00202	0.00664	0.24153	0.00369	0.00654
1	0.01620	0.05714	0.12946	0.01373	0.01812	0.10798	0.08254	0.26629	0.12212	0.02354	0.01506	0.09502	0.01264	0.00739	0.00569	0.00176	0.00675	0.00612	0.00435	0.00809
2	0.00894	0.01338	0.25754	0.00990	0.01355	0.00780	0.01028	0.01277	0.01435	0.02041	0.45982	0.03318	0.09637	0.00972	0.00622	0.00178	0.00452	0.00835	0.00487	0.00625
3	0.04491	0.01271	0.01457	0.01336	0.08753	0.03826	0.00975	0.30827	0.10857	0.15703	0.11507	0.03236	0.01722	0.00746	0.00571	0.00174	0.00534	0.00607	0.00551	0.00857
4	0.00677	0.00522	0.00619	0.00697	0.00793	0.00464	0.00484	0.00793	0.01161	0.01471	0.04159	0.49582	0.33313	0.01626	0.00697	0.00213	0.00310	0.01432	0.00522	0.00464
5	0.01630	0.53831	0.08684	0.01143	0.01603	0.21961	0.01087	0.01840	0.01265	0.01375	0.00824	0.00955	0.00722	0.00512	0.00414	0.00132	0.00729	0.00326	0.00253	0.00713
6	0.08851	0.00891	0.07101	0.05509	0.01202	0.00762	0.00723	0.03370	0.01293	0.06780	0.23116	0.03299	0.16568	0.13097	0.04831	0.00272	0.00490	0.00806	0.00467	0.00568
7	0.11520	0.27964	0.28441	0.01155	0.01690	0.01512	0.01269	0.01712	0.01202	0.06639	0.08387	0.01405	0.01200	0.00601	0.00511	0.00160	0.03135	0.00436	0.00320	0.00740
8	0.01674	0.12102	0.24980	0.01487	0.02015	0.26552	0.07397	0.13841	0.01565	0.01883	0.01002	0.01150	0.00769	0.00561	0.00520	0.00160	0.00838	0.00419	0.00312	0.00774
9	0.01451	0.00726	0.00933	0.00800	0.01033	0.00656	0.00610	0.01670	0.02812	0.30180	0.29155	0.03318	0.09066	0.13894	0.00984	0.00237	0.00396	0.00822	0.00594	0.00663
10	0.18486	0.01375	0.06284	0.12610	0.33004	0.03774	0.01355	0.09849	0.01363	0.02115	0.03953	0.01389	0.00977	0.00563	0.00517	0.00172	0.00631	0.00472	0.00332	0.00779
11	0.01483	0.01369	0.15377	0.10996	0.01918	0.06049	0.07144	0.01792	0.01324	0.22726	0.02003	0.16475	0.04808	0.00882	0.00603	0.00189	0.00617	0.03067	0.00449	0.00728
12	0.01339	0.01282	0.02187	0.15757	0.64830	0.01323	0.01700	0.01680	0.01256	0.01773	0.01049	0.01410	0.00868	0.00511	0.00558	0.00170	0.00682	0.00501	0.00274	0.00848
13	0.00679	0.00516	0.00626	0.00714	0.00798	0.00463	0.00491	0.00791	0.01145	0.01464	0.03954	0.55455	0.27573	0.01652	0.00701	0.00216	0.00313	0.01465	0.00522	0.00463
14	0.08556	0.15277	0.05603	0.07268	0.25526	0.08845	0.16572	0.02838	0.01275	0.01753	0.00984	0.01254	0.00798	0.00510	0.00522	0.00164	0.00740	0.00467	0.00281	0.00768
15	0.00987	0.00857	0.01367	0.22096	0.16402	0.00909	0.04718	0.01201	0.01084	0.01452	0.01785	0.19761	0.03477	0.20105	0.01161	0.00280	0.00589	0.00849	0.00347	0.00574
16	0.00738	0.00527	0.00698	0.00782	0.00846	0.00496	0.00552	0.00886	0.01207	0.01636	0.20168	0.52055	0.03976	0.04976	0.00803	0.00233	0.00340	0.08068	0.00537	0.00475
17	0.01054	0.00754	0.00802	0.00752	0.00828	0.04559	0.00489	0.06541	0.01037	0.04566	0.01690	0.03156	0.01808	0.59491	0.09742	0.00516	0.00665	0.00740	0.00366	0.00445
18	0.05371	0.07729	0.17895	0.01287	0.01804	0.03463	0.01231	0.39479	0.06452	0.07897	0.01316	0.01339	0.00942	0.00629	0.00532	0.00169	0.00645	0.00471	0.00463	0.00886
19	0.00881	0.00684	0.00927	0.01021	0.07133	0.00702	0.00699	0.04184	0.01175	0.01591	0.09799	0.10192	0.15403	0.09863	0.28298	0.00481	0.00805	0.05211	0.00418	0.00533
20	0.00946	0.00500	0.00709	0.00709	0.00709	0.00500	0.00459	0.00750	0.00750	0.01000	0.01138	0.02107	0.01192	0.17701	0.02333	0.66912	0.00500	0.00555	0.00264	0.00264
21	0.02541	0.07962	0.13884	0.02069	0.30907	0.10865	0.01373	0.03342	0.02659	0.02891	0.07154	0.09097	0.01468	0.00700	0.00553	0.00170	0.00657	0.00602	0.00340	0.00767
22	0.10303	0.07145	0.09073	0.04491	0.16084	0.24374	0.01254	0.14936	0.01571	0.04213	0.01035	0.01190	0.00805	0.00568	0.00507	0.00160	0.00748	0.00421	0.00345	0.00778
23	0.04694	0.01256	0.08643	0.12981	0.07383	0.05840	0.01052	0.06554	0.01300	0.02917	0.07129	0.04909	0.05191	0.04118	0.00712	0.00180	0.05453	0.00580	0.04480	0.14626
24	0.12207	0.08174	0.12291	0.01195	0.02921	0.13223	0.03465	0.03273	0.04191	0.14956	0.01274	0.01407	0.00968	0.01019	0.10068	0.00249	0.00760	0.00446	0.00378	0.07534

[dist]
# distance from previous block
# <min> <max>
0	21

[block]
# block no. 1 follows, 42 sequences, length 16
# corresponding to MSA columns:
# 653-668
name=unknown_B
#
# <colnr> <probs for GDERKNQSTAVLIFYWHMCP>
#	G	D	E	R	K	N	Q	S	T	A	V	L	I	F	Y	W	H	M	C	P
0	0.00959	0.07124	0.00936	0.00793	0.00854	0.04277	0.00550	0.00944	0.00927	0.01193	0.01740	0.22724	0.01971	0.24693	0.01764	0.23310	0.03636	0.00857	0.00348	0.00401
1	0.06296	0.11140	0.12572	0.09160	0.02086	0.01538	0.10543	0.23054	0.03702	0.08427	0.01205	0.01346	0.00886	0.00608	0.00606	0.00174	0.04966	0.00485	0.00394	0.00813
2	0.13802	0.05940	0.08309	0.05657	0.26980	0.05947	0.11361	0.01861	0.04683	0.07173	0.01167	0.02647	0.00924	0.00557	0.00529	0.00172	0.00677	0.00496	0.00331	0.00787
3	0.01170	0.00825	0.00968	0.00863	0.01082	0.00833	0.00671	0.15908	0.06432	0.05795	0.34813	0.10052	0.11229	0.01090	0.00634	0.00183	0.00373	0.03272	0.03162	0.00646
4	0.04097	0.46177	0.04792	0.01185	0.03049	0.21617	0.01046	0.09214	0.01410	0.01622	0.00875	0.00996	0.00746	0.00530	0.00428	0.00136	0.00714	0.00345	0.00290	0.00731
5	0.01547	0.00773	0.00985	0.00851	0.01110	0.00710	0.00664	0.06559	0.01534	0.31280	0.20233	0.15528	0.08264	0.01030	0.00610	0.00182	0.00383	0.00883	0.06165	0.00709
6	0.00736	0.00541	0.00618	0.00648	0.00723	0.00501	0.00424	0.00820	0.01071	0.01377	0.07535	0.23285	0.25824	0.31629	0.01519	0.00335	0.00394	0.01140	0.00459	0.00422
7	0.01013	0.00565	0.00665	0.00658	0.00766	0.00557	0.00466	0.01190	0.01129	0.06946	0.07928	0.12964	0.02177	0.18115	0.07487	0.00304	0.00451	0.00779	0.35336	0.00505
8	0.00803	0.00616	0.00740	0.00701	0.00861	0.00575	0.00528	0.01125	0.06476	0.02071	0.52994	0.04379	0.23644	0.01196	0.00658	0.00181	0.00283	0.01037	0.00591	0.00541
9	0.00789	0.00508	0.00618	0.00695	0.00743	0.00489	0.00460	0.00903	0.01049	0.01511	0.02574	0.48509	0.02911	0.16731	0.01065	0.00269	0.00355	0.01219	0.18153	0.00449
10	0.01390	0.01039	0.01128	0.00967	0.01249	0.01127	0.00763	0.23314	0.22592	0.02595	0.18106	0.02533	0.06755	0.00845	0.00568	0.00172	0.00421	0.00697	0.12987	0.00753
11	0.84197	0.01088	0.00827	0.00740	0.01088	0.01262	0.00609	0.01654	0.00958	0.02525	0.00784	0.00914	0.00609	0.00522	0.00348	0.00174	0.00435	0.00305	0.00348	0.00609
12	0.01339	0.01282	0.02187	0.15698	0.64887	0.01323	0.01700	0.01680	0.01256	0.01773	0.01049	0.01410	0.00868	0.00511	0.00558	0.00170	0.00682	0.00501	0.00274	0.00848
13	0.14461	0.01264	0.01386	0.01101	0.01514	0.01344	0.00902	0.32086	0.11866	0.25831	0.01659	0.01559	0.01141	0.00671	0.00533	0.00174	0.00525	0.00512	0.00573	0.00896
14	0.01953	0.01486	0.01961	0.04649	0.07020	0.04104	0.13903	0.42750	0.02099	0.12298	0.01375	0.01449	0.00974	0.00624	0.00579	0.00173	0.00681	0.00536	0.00491	0.00895
15	0.08320	0.01753	0.19885	0.01930	0.23847	0.04556	0.01433	0.14338	0.09452	0.07195	0.01275	0.01392	0.00951	0.00585	0.00536	0.00173	0.00658	0.00479	0.00382	0.00860

[dist]
# distance from previous block
# <min> <max>
0	4

[block]
# block no. 2 follows, 42 sequences, length 27
# corresponding to MSA columns:
# 674-700
name=unknown_C
#
# <colnr> <probs for GDERKNQSTAVLIFYWHMCP>
#	G	D	E	R	K	N	Q	S	T	A	V	L	I	F	Y	W	H	M	C	P
0	0.05435	0.10507	0.10881	0.01271	0.01651	0.37348	0.01102	0.11433	0.01606	0.01867	0.10489	0.01467	0.01328	0.00646	0.00515	0.00155	0.00776	0.00462	0.00358	0.00704
1	0.01715	0.04462	0.15594	0.01044	0.01496	0.00989	0.00999	0.07606	0.04833	0.33599	0.02667	0.02503	0.18385	0.00825	0.00575	0.00177	0.00515	0.00668	0.00536	0.00811
2	0.11454	0.01068	0.01162	0.01046	0.01322	0.01229	0.00824	0.09921	0.38333	0.02215	0.01792	0.01905	0.01416	0.01670	0.21708	0.00382	0.00753	0.00573	0.00470	0.00757
3	0.01390	0.01104	0.01576	0.03823	0.25909	0.01106	0.04378	0.08391	0.11767	0.09974	0.02419	0.04684	0.17080	0.00804	0.00589	0.00177	0.00530	0.00707	0.00449	0.03144
4	0.01865	0.01477	0.02226	0.01646	0.02136	0.03543	0.28585	0.32812	0.01930	0.13689	0.01378	0.01483	0.00973	0.00594	0.00596	0.00174	0.00727	0.00566	0.00465	0.03134
5	0.01128	0.02451	0.59879	0.01485	0.02176	0.01233	0.01810	0.01828	0.08813	0.01828	0.01390	0.01934	0.01135	0.00687	0.00569	0.00190	0.00753	0.09606	0.00307	0.00798
6	0.01219	0.01296	0.05566	0.09945	0.02354	0.01249	0.34349	0.01898	0.18278	0.01850	0.01700	0.08156	0.01473	0.00750	0.00641	0.00199	0.00720	0.07239	0.00384	0.00733
7	0.00755	0.00549	0.00649	0.00700	0.00773	0.00516	0.00481	0.00849	0.01064	0.01365	0.03273	0.24965	0.21493	0.29502	0.01474	0.00335	0.00417	0.09952	0.00458	0.00428
8	0.01306	0.01452	0.02956	0.02167	0.02607	0.01492	0.57880	0.01700	0.01222	0.01700	0.01047	0.01452	0.00828	0.00591	0.00934	0.00203	0.18835	0.00625	0.00276	0.00726
9	0.00962	0.00698	0.00929	0.00973	0.01107	0.00732	0.00786	0.08869	0.01298	0.01737	0.02499	0.22427	0.02693	0.02120	0.18392	0.00390	0.00709	0.31658	0.00474	0.00547
10	0.00978	0.00489	0.00733	0.00733	0.00733	0.00489	0.00489	0.00733	0.00733	0.00978	0.00978	0.01711	0.00978	0.01955	0.02199	0.83627	0.00489	0.00489	0.00244	0.00244
11	0.00686	0.00490	0.00653	0.00784	0.00816	0.00457	0.00522	0.00784	0.01077	0.01437	0.03102	0.79855	0.03722	0.01763	0.00718	0.00229	0.00326	0.01600	0.00522	0.00457
12	0.01151	0.00935	0.01027	0.00978	0.01178	0.01043	0.00729	0.02111	0.44509	0.01914	0.02315	0.10686	0.02129	0.19098	0.01129	0.00282	0.00463	0.07124	0.00510	0.00689
13	0.84197	0.01088	0.00827	0.00740	0.01088	0.01262	0.00609	0.01654	0.00958	0.02525	0.00784	0.00914	0.00609	0.00522	0.00348	0.00174	0.00435	0.00305	0.00348	0.00609
14	0.00813	0.00567	0.00723	0.00723	0.00760	0.00605	0.00477	0.00888	0.00851	0.01172	0.01674	0.03132	0.01807	0.51760	0.30999	0.00680	0.00906	0.00738	0.00326	0.00401
15	0.01283	0.01836	0.20234	0.02196	0.02826	0.01397	0.58074	0.01798	0.01296	0.01798	0.01109	0.01443	0.00822	0.00488	0.00635	0.00187	0.00922	0.00607	0.00274	0.00776
16	0.00775	0.00527	0.00627	0.00670	0.00681	0.00516	0.00401	0.00807	0.00904	0.01205	0.02211	0.28799	0.02599	0.54352	0.02157	0.00441	0.00473	0.01076	0.00401	0.00379
17	0.01415	0.01146	0.01266	0.01036	0.01416	0.01161	0.00817	0.18652	0.26069	0.02355	0.01729	0.09881	0.01460	0.00733	0.00534	0.00154	0.00463	0.00608	0.00485	0.28619
18	0.01215	0.20662	0.60308	0.01457	0.02209	0.01517	0.01824	0.01760	0.01178	0.01677	0.00958	0.01123	0.00715	0.00523	0.00495	0.00165	0.00779	0.00390	0.00238	0.00807
19	0.01400	0.01209	0.01273	0.01145	0.01463	0.01400	0.00891	0.02990	0.75695	0.02354	0.02291	0.02100	0.01718	0.00764	0.00573	0.00191	0.00445	0.00636	0.00573	0.00891
20	0.00735	0.00512	0.00645	0.00724	0.00751	0.00490	0.00463	0.00809	0.01017	0.01363	0.06275	0.51013	0.03248	0.27603	0.01423	0.00331	0.00396	0.01314	0.00467	0.00422
21	0.00796	0.00551	0.00625	0.00639	0.00671	0.00537	0.00390	0.00832	0.00915	0.01194	0.02403	0.08267	0.11610	0.62023	0.02364	0.00469	0.00499	0.04460	0.00383	0.00373
22	0.00888	0.00568	0.00733	0.00756	0.00875	0.00516	0.00542	0.01052	0.01304	0.08774	0.24893	0.41309	0.12768	0.01442	0.00682	0.00204	0.00318	0.01282	0.00567	0.00528
23	0.00800	0.00538	0.00619	0.00638	0.00642	0.00533	0.00366	0.00814	0.00855	0.01140	0.01959	0.14355	0.02281	0.69230	0.02564	0.00501	0.00515	0.00928	0.00366	0.00357
24	0.01254	0.00913	0.01063	0.01030	0.04017	0.00962	0.00744	0.14570	0.18187	0.05839	0.07351	0.25454	0.05718	0.04612	0.00715	0.00208	0.00426	0.00944	0.05305	0.00689
25	0.01347	0.01282	0.01819	0.39579	0.23926	0.07156	0.01476	0.08402	0.03230	0.01779	0.01072	0.01422	0.00835	0.00557	0.00552	0.00173	0.00715	0.00488	0.00301	0.03891
26	0.01647	0.15371	0.01977	0.01870	0.24220	0.12027	0.01209	0.11298	0.16586	0.04990	0.01312	0.01412	0.01032	0.00600	0.00543	0.00163	0.02047	0.00478	0.00385	0.00835

[dist]
# distance from previous block
# <min> <max>
0	1

[block]
# block no. 3 follows, 42 sequences, length 11
# corresponding to MSA columns:
# 702-712
name=unknown_D
#
# <colnr> <probs for GDERKNQSTAVLIFYWHMCP>
#	G	D	E	R	K	N	Q	S	T	A	V	L	I	F	Y	W	H	M	C	P
0	0.33734	0.01784	0.28862	0.07563	0.14496	0.01290	0.01404	0.01696	0.01109	0.02056	0.00929	0.01139	0.00705	0.00526	0.00468	0.00175	0.00643	0.00393	0.00289	0.00739
1	0.01255	0.01785	0.27411	0.12901	0.26943	0.01299	0.01650	0.04671	0.09285	0.01872	0.01385	0.01592	0.04277	0.00597	0.00557	0.00177	0.00692	0.00518	0.00314	0.00818
2	0.00807	0.00509	0.00668	0.00709	0.00766	0.00475	0.00485	0.00768	0.00978	0.01258	0.02815	0.27656	0.20357	0.01764	0.01349	0.36463	0.00387	0.01016	0.00402	0.00369
3	0.00778	0.00571	0.00716	0.00751	0.00850	0.00553	0.00536	0.03254	0.01163	0.01532	0.09299	0.33695	0.20551	0.05482	0.12604	0.05030	0.00519	0.01169	0.00474	0.00473
4	0.00705	0.00572	0.00625	0.00612	0.00785	0.00492	0.00459	0.00885	0.01377	0.01743	0.27117	0.05049	0.54928	0.01342	0.00665	0.00186	0.00279	0.01136	0.00552	0.00492
5	0.00700	0.00508	0.00661	0.00756	0.00816	0.00469	0.00516	0.00826	0.01169	0.01563	0.14041	0.63058	0.09540	0.01647	0.00706	0.00218	0.00314	0.01483	0.00537	0.00469
6	0.01490	0.01254	0.01323	0.01163	0.01498	0.01442	0.00913	0.11731	0.66808	0.02499	0.02176	0.02009	0.01625	0.00753	0.00571	0.00188	0.00467	0.00620	0.00571	0.00899
7	0.02139	0.01576	0.01689	0.01295	0.01745	0.01745	0.01070	0.74835	0.02646	0.03547	0.01351	0.01351	0.00957	0.00676	0.00563	0.00169	0.00619	0.00507	0.00563	0.00957
8	0.01668	0.29923	0.02108	0.01112	0.01595	0.01437	0.08770	0.06486	0.01367	0.18391	0.01228	0.01286	0.00927	0.00525	0.00465	0.00134	0.00567	0.00419	0.00389	0.21203
9	0.01393	0.01337	0.02284	0.03454	0.76712	0.01337	0.01727	0.01727	0.01281	0.01839	0.01059	0.01393	0.00891	0.00501	0.00557	0.00167	0.00669	0.00501	0.00279	0.00891
10	0.01393	0.01337	0.02284	0.03454	0.76712	0.01337	0.01727	0.01727	0.01281	0.01839	0.01059	0.01393	0.00891	0.00501	0.00557	0.00167	0.00669	0.00501	0.00279	0.00891

[dist]
# distance from previous block
# <min> <max>
0	14

[block]
# block no. 4 follows, 42 sequences, length 10
# corresponding to MSA columns:
# 727-736
name=unknown_E
#
# <colnr> <probs for GDERKNQSTAVLIFYWHMCP>
#	G	D	E	R	K	N	Q	S	T	A	V	L	I	F	Y	W	H	M	C	P
0	0.09779	0.00888	0.01240	0.04636	0.15933	0.00864	0.00899	0.01703	0.01360	0.23692	0.16110	0.16354	0.02362	0.00917	0.00589	0.00184	0.00454	0.00799	0.00515	0.00723
1	0.01521	0.01730	0.21458	0.06484	0.15194	0.05035	0.05208	0.10302	0.09957	0.10603	0.01459	0.01766	0.01126	0.00651	0.00571	0.00181	0.00686	0.04839	0.00395	0.00834
2	0.00892	0.00747	0.00986	0.00921	0.00989	0.00889	0.00703	0.01014	0.00945	0.01309	0.02170	0.02915	0.15703	0.20841	0.25593	0.00512	0.21309	0.00737	0.00339	0.00489
3	0.00699	0.00502	0.00642	0.00747	0.00789	0.00469	0.00494	0.00789	0.01064	0.01404	0.03156	0.65276	0.09289	0.10685	0.00959	0.00262	0.00348	0.01478	0.00502	0.00445
4	0.01219	0.01809	0.25819	0.17254	0.14393	0.01354	0.22783	0.01691	0.01215	0.01709	0.01039	0.01378	0.00790	0.00539	0.00645	0.00185	0.04627	0.00521	0.00260	0.00769
5	0.01253	0.01275	0.02310	0.01650	0.02187	0.01107	0.39939	0.01622	0.01253	0.01817	0.01074	0.01353	0.00844	0.00447	0.00548	0.00140	0.00699	0.00509	0.00308	0.39666
6	0.00703	0.00523	0.00655	0.00725	0.00809	0.00475	0.00504	0.00843	0.01221	0.01615	0.18027	0.49592	0.19104	0.01573	0.00697	0.00210	0.00306	0.01400	0.00541	0.00475
7	0.01092	0.01340	0.17988	0.06174	0.13913	0.00999	0.04271	0.07840	0.01360	0.01896	0.12337	0.24179	0.02283	0.00979	0.00619	0.00191	0.00562	0.00877	0.00411	0.00687
8	0.01577	0.28549	0.11482	0.01476	0.08385	0.05462	0.05613	0.11949	0.05813	0.05786	0.01099	0.01239	0.00872	0.00594	0.00610	0.00162	0.07763	0.00437	0.00337	0.00794
9	0.07745	0.01171	0.01261	0.01233	0.07547	0.09754	0.00897	0.07177	0.05527	0.06175	0.01653	0.01857	0.06966	0.01041	0.06899	0.00236	0.16129	0.00547	0.15519	0.00667

[dist]
# distance from previous block
# <min> <max>
2	9

[block]
# block no. 5 follows, 42 sequences, length 7
# corresponding to MSA columns:
# 746-752
name=unknown_F
#
# <colnr> <probs for GDERKNQSTAVLIFYWHMCP>
#	G	D	E	R	K	N	Q	S	T	A	V	L	I	F	Y	W	H	M	C	P
0	0.00727	0.00545	0.00675	0.00700	0.00813	0.00493	0.00503	0.00907	0.01345	0.01803	0.34695	0.29850	0.22041	0.01422	0.00682	0.00197	0.00291	0.01254	0.00563	0.00493
1	0.01259	0.06466	0.07285	0.07902	0.12766	0.01281	0.16698	0.07085	0.10679	0.01879	0.04759	0.02135	0.09090	0.05537	0.00754	0.00202	0.02474	0.00645	0.00372	0.00734
2	0.00717	0.00544	0.00639	0.00668	0.00777	0.00490	0.00468	0.00856	0.01233	0.01601	0.19534	0.27148	0.30798	0.10802	0.00941	0.00241	0.00324	0.01231	0.00522	0.00466
3	0.00794	0.00586	0.00752	0.00798	0.00861	0.00595	0.00575	0.00917	0.01083	0.01447	0.08423	0.28672	0.09438	0.21338	0.05752	0.00345	0.04501	0.12209	0.00457	0.00456
4	0.01327	0.05460	0.31386	0.06086	0.01990	0.07618	0.04333	0.07770	0.01359	0.05674	0.05585	0.09740	0.01362	0.00741	0.00628	0.00179	0.04849	0.00598	0.00350	0.02965
5	0.01116	0.01055	0.01785	0.66595	0.15730	0.01264	0.01590	0.01485	0.01151	0.01503	0.01010	0.01483	0.00773	0.00553	0.00562	0.00184	0.00737	0.00500	0.00255	0.00668
6	0.01720	0.14451	0.01873	0.01462	0.09442	0.17562	0.05522	0.19080	0.03844	0.06714	0.11415	0.01666	0.01498	0.00662	0.00538	0.00159	0.00663	0.00529	0.00423	0.00776

[dist]
# distance from previous block
# <min> <max>
16	28

[block]
# block no. 6 follows, 42 sequences, length 9
# corresponding to MSA columns:
# 791-799
name=unknown_G
#
# <colnr> <probs for GDERKNQSTAVLIFYWHMCP>
#	G	D	E	R	K	N	Q	S	T	A	V	L	I	F	Y	W	H	M	C	P
0	0.07288	0.18161	0.09725	0.01138	0.01539	0.14745	0.01020	0.11928	0.15868	0.02060	0.04191	0.01463	0.01170	0.00627	0.00486	0.00158	0.00620	0.00461	0.06595	0.00756
1	0.04281	0.09826	0.06350	0.01202	0.08089	0.05133	0.00939	0.03535	0.08853	0.09951	0.12659	0.02223	0.01842	0.00732	0.00532	0.00160	0.00510	0.06109	0.04983	0.12092
2	0.01213	0.04162	0.22726	0.10114	0.01844	0.06966	0.01219	0.05787	0.04161	0.04710	0.24540	0.02476	0.02350	0.00806	0.00587	0.00179	0.00598	0.04445	0.00424	0.00695
3	0.00699	0.00545	0.00635	0.00668	0.00795	0.00481	0.00480	0.00852	0.01279	0.01644	0.19403	0.29573	0.37978	0.01479	0.00682	0.00200	0.00295	0.01288	0.00542	0.00481
4	0.48871	0.00990	0.00975	0.00833	0.01183	0.01042	0.00676	0.01947	0.01191	0.27858	0.01481	0.08323	0.01155	0.00693	0.00456	0.00179	0.00440	0.00510	0.00483	0.00715
5	0.00865	0.00686	0.00932	0.18688	0.01550	0.00703	0.00766	0.01109	0.01264	0.01719	0.18825	0.09195	0.19952	0.01236	0.04851	0.00222	0.00474	0.04608	0.07988	0.04368
6	0.00712	0.00518	0.00641	0.00716	0.00777	0.00480	0.00479	0.00814	0.01110	0.01459	0.08957	0.49903	0.15421	0.14038	0.01044	0.00268	0.00350	0.01365	0.00501	0.00447
7	0.04545	0.04695	0.17288	0.05123	0.22641	0.12846	0.11701	0.01703	0.01269	0.01698	0.01244	0.10324	0.01128	0.00664	0.00564	0.00176	0.00746	0.00597	0.00301	0.00747
8	0.15657	0.38226	0.05411	0.01101	0.01553	0.01697	0.07183	0.04162	0.01191	0.05709	0.00936	0.01080	0.00768	0.00529	0.00496	0.00146	0.04895	0.00372	0.00307	0.08582

[dist]
# distance from previous block
# <min> <max>
2	5

[block]
# block no. 7 follows, 42 sequences, length 12
# corresponding to MSA columns:
# 805-809,812-818
name=unknown_H
#
# <colnr> <probs for GDERKNQSTAVLIFYWHMCP>
#	G	D	E	R	K	N	Q	S	T	A	V	L	I	F	Y	W	H	M	C	P
0	0.01621	0.01259	0.05540	0.01370	0.01832	0.01118	0.19621	0.05896	0.13716	0.20967	0.01612	0.01728	0.01183	0.04306	0.00671	0.00182	0.00609	0.00562	0.00460	0.15749
1	0.07091	0.05312	0.01627	0.08118	0.01788	0.01187	0.13311	0.01866	0.18937	0.05677	0.01836	0.07412	0.05230	0.00774	0.00626	0.00181	0.04228	0.04138	0.00417	0.10245
2	0.70466	0.01132	0.01059	0.00902	0.01264	0.01287	0.06345	0.01784	0.07613	0.02454	0.00945	0.01066	0.00727	0.00540	0.00393	0.00177	0.00476	0.00362	0.00363	0.00646
3	0.16204	0.12689	0.05671	0.01261	0.01689	0.07975	0.11399	0.09667	0.14930	0.09369	0.01431	0.01476	0.02640	0.00612	0.00509	0.00169	0.00623	0.00491	0.00414	0.00780
4	0.00811	0.00547	0.00638	0.00659	0.00671	0.00544	0.00397	0.00839	0.00876	0.01165	0.01985	0.11291	0.02291	0.67222	0.02513	0.00495	0.00522	0.05798	0.00371	0.00364
5	0.05307	0.00907	0.01108	0.00898	0.01211	0.00856	0.00700	0.10401	0.01494	0.41575	0.02268	0.02521	0.08116	0.18809	0.01087	0.00259	0.00491	0.00661	0.00571	0.00760
6	0.01604	0.08653	0.23110	0.01544	0.02102	0.04610	0.18854	0.12276	0.01507	0.14431	0.01361	0.05052	0.01036	0.00622	0.00567	0.00175	0.00735	0.00556	0.00387	0.00818
7	0.05003	0.09278	0.07359	0.03876	0.04616	0.10699	0.26965	0.07497	0.01376	0.05697	0.01181	0.01513	0.00943	0.04914	0.04640	0.00227	0.00820	0.00534	0.02134	0.00727
8	0.00947	0.00550	0.00617	0.00615	0.00751	0.00533	0.00472	0.01203	0.01305	0.02072	0.21895	0.03191	0.07309	0.00904	0.00512	0.00157	0.00284	0.06280	0.49882	0.00523
9	0.01038	0.01174	0.14074	0.01168	0.04849	0.00969	0.01007	0.06506	0.06969	0.01758	0.07088	0.07299	0.09058	0.04709	0.20785	0.00392	0.05718	0.04409	0.00394	0.00637
10	0.02809	0.20456	0.27870	0.01373	0.05651	0.08095	0.01362	0.04615	0.01248	0.01708	0.00938	0.01118	0.00755	0.00539	0.00554	0.00149	0.05614	0.00382	0.00276	0.14490
11	0.01117	0.05708	0.00990	0.00816	0.00954	0.00824	0.00592	0.06370	0.06822	0.06183	0.01818	0.06707	0.04802	0.27428	0.12412	0.14211	0.00645	0.00707	0.00386	0.00508

[dist]
# distance from previous block
# <min> <max>
6	12

[block]
# block no. 8 follows, 42 sequences, length 102
# corresponding to MSA columns:
# 831-925,927-933
name=unknown_I
#
# <colnr> <probs for GDERKNQSTAVLIFYWHMCP>
#	G	D	E	R	K	N	Q	S	T	A	V	L	I	F	Y	W	H	M	C	P
0	0.01083	0.01108	0.09428	0.07833	0.19159	0.00951	0.01116	0.01513	0.09003	0.04038	0.11300	0.13163	0.11615	0.00973	0.00619	0.00191	0.00511	0.05274	0.00435	0.00688
1	0.01368	0.40673	0.03006	0.00967	0.01299	0.09750	0.00851	0.05989	0.01259	0.01487	0.01579	0.07804	0.06308	0.10339	0.00765	0.00199	0.00597	0.04791	0.00334	0.00637
2	0.00767	0.00567	0.00716	0.00693	0.00826	0.00516	0.00514	0.01000	0.01502	0.02075	0.59406	0.10696	0.16146	0.01244	0.00669	0.00183	0.00274	0.01092	0.00596	0.00516
3	0.01719	0.11742	0.12396	0.01309	0.01733	0.25629	0.01159	0.14480	0.20423	0.02039	0.01319	0.01357	0.01013	0.00624	0.00519	0.00162	0.00728	0.00456	0.00394	0.00798
4	0.01483	0.08362	0.06908	0.07165	0.05161	0.18949	0.01057	0.04563	0.05466	0.07027	0.12330	0.01909	0.01627	0.06871	0.00851	0.00201	0.08448	0.00558	0.00382	0.00681
5	0.14653	0.11638	0.14845	0.01176	0.01635	0.13252	0.01105	0.12472	0.01432	0.07647	0.01058	0.01174	0.00810	0.00625	0.01596	0.00166	0.04325	0.00398	0.00357	0.09637
6	0.00685	0.00543	0.00617	0.00657	0.00787	0.00475	0.00470	0.00825	0.01244	0.01566	0.11972	0.30579	0.44567	0.01512	0.00683	0.00202	0.00297	0.01311	0.00532	0.00475
7	0.01581	0.08287	0.01806	0.01837	0.24995	0.01442	0.01167	0.28286	0.07641	0.02520	0.13094	0.01832	0.01660	0.00686	0.00560	0.00167	0.00564	0.00577	0.00455	0.00844
8	0.01451	0.01417	0.06918	0.01149	0.01468	0.14050	0.03094	0.13634	0.04441	0.06018	0.04253	0.03746	0.03680	0.06254	0.13374	0.00307	0.04205	0.00571	0.00397	0.09573
9	0.00834	0.00602	0.00744	0.00801	0.00916	0.00576	0.00582	0.01099	0.07629	0.04206	0.08951	0.45297	0.16385	0.01517	0.00692	0.00215	0.00347	0.07543	0.00540	0.00526
10	0.00832	0.00622	0.00796	0.00890	0.00994	0.00620	0.00679	0.01144	0.09150	0.01619	0.03136	0.43345	0.07831	0.01568	0.00718	0.00232	0.00398	0.24372	0.00526	0.00524
11	0.02075	0.01438	0.01255	0.01058	0.01387	0.24927	0.00832	0.05654	0.01567	0.34767	0.01679	0.01645	0.01174	0.00651	0.00512	0.00156	0.00609	0.00491	0.17348	0.00774
12	0.00877	0.00689	0.00838	0.00801	0.00909	0.00731	0.00584	0.01173	0.09144	0.01670	0.22486	0.09617	0.13888	0.19875	0.07059	0.00331	0.07417	0.00924	0.00471	0.00516
13	0.01103	0.01037	0.01680	0.46036	0.15046	0.01254	0.01426	0.01402	0.01104	0.01490	0.01194	0.09830	0.01090	0.00748	0.00780	0.00198	0.13034	0.00617	0.00283	0.00649
14	0.01630	0.14240	0.01662	0.01158	0.01537	0.01615	0.00959	0.25174	0.37924	0.02534	0.01777	0.01829	0.01374	0.00720	0.00543	0.00175	0.00528	0.03238	0.00513	0.00870
15	0.01366	0.13648	0.22487	0.03764	0.16156	0.01371	0.01372	0.10525	0.01369	0.01941	0.01024	0.01208	0.00808	0.00510	0.00489	0.00144	0.00640	0.00409	0.00308	0.20461
16	0.01465	0.01037	0.01222	0.01111	0.05892	0.01073	0.00817	0.26845	0.06436	0.08772	0.23597	0.02836	0.10877	0.04597	0.00711	0.00193	0.00457	0.00758	0.00559	0.00743
17	0.01274	0.32965	0.48527	0.01356	0.02052	0.01663	0.01647	0.01745	0.01171	0.01605	0.00922	0.01078	0.00716	0.00514	0.00467	0.00156	0.00743	0.00371	0.00239	0.00789
18	0.00756	0.00558	0.00719	0.00794	0.00896	0.00520	0.00601	0.00932	0.01262	0.01664	0.17139	0.35054	0.16518	0.01540	0.00713	0.00220	0.00355	0.18731	0.00539	0.00489
19	0.06310	0.04716	0.28116	0.01965	0.25288	0.01281	0.01537	0.07275	0.01381	0.10052	0.05800	0.01501	0.01137	0.00587	0.00538	0.00171	0.00660	0.00492	0.00354	0.00838
20	0.01002	0.00807	0.00816	0.00807	0.00964	0.07264	0.00589	0.06270	0.01331	0.04656	0.07458	0.30316	0.27662	0.01406	0.00753	0.05333	0.00406	0.01135	0.00500	0.00526
21	0.01123	0.01100	0.02163	0.01624	0.02004	0.01031	0.42946	0.01485	0.01311	0.01849	0.09846	0.07802	0.08157	0.00750	0.00624	0.00182	0.00662	0.00791	0.13900	0.00650
22	0.01456	0.01290	0.02186	0.12228	0.55341	0.01312	0.06110	0.04495	0.01339	0.07103	0.01148	0.01448	0.00910	0.00527	0.00565	0.00172	0.00681	0.00516	0.00315	0.00858
23	0.07550	0.09931	0.02108	0.01745	0.14059	0.04806	0.15687	0.27781	0.01746	0.02430	0.01169	0.01344	0.00896	0.00570	0.00532	0.00165	0.00673	0.00496	0.05496	0.00818
24	0.21527	0.01095	0.01261	0.00991	0.01409	0.01088	0.00818	0.14978	0.01638	0.46947	0.01734	0.01584	0.01135	0.00652	0.00515	0.00173	0.00493	0.00495	0.00592	0.00876
25	0.09663	0.01432	0.01549	0.01197	0.01636	0.01553	0.00989	0.56527	0.02325	0.15344	0.01440	0.01403	0.00996	0.00665	0.00544	0.00170	0.00580	0.00498	0.00565	0.00926
26	0.01280	0.25910	0.02109	0.09543	0.01827	0.01473	0.13108	0.01645	0.06821	0.04455	0.14588	0.01954	0.04051	0.00714	0.00660	0.00170	0.08047	0.00590	0.00367	0.00687
27	0.00714	0.00540	0.00652	0.00690	0.00797	0.00486	0.00488	0.00866	0.01268	0.01666	0.23247	0.33525	0.26826	0.04638	0.00773	0.00216	0.00306	0.01286	0.00541	0.00478
28	0.05293	0.01188	0.01400	0.01084	0.01505	0.01197	0.00893	0.31701	0.01981	0.40585	0.01796	0.01661	0.01191	0.00679	0.00547	0.00170	0.00522	0.00530	0.05155	0.00921
29	0.01027	0.00630	0.00714	0.00664	0.00821	0.00624	0.00506	0.07028	0.01473	0.02281	0.33677	0.02939	0.03057	0.00869	0.00522	0.00154	0.00292	0.00734	0.41427	0.00562
30	0.12743	0.00998	0.01375	0.01082	0.01451	0.00952	0.12734	0.07956	0.01467	0.24898	0.03981	0.02743	0.23518	0.00859	0.00583	0.00181	0.00501	0.00733	0.00518	0.00728
31	0.00909	0.00628	0.00795	0.00823	0.00991	0.00582	0.00678	0.01130	0.01370	0.06389	0.18347	0.05358	0.26438	0.01381	0.00707	0.00216	0.00393	0.31780	0.00551	0.00534
32	0.00785	0.00569	0.00758	0.00850	0.00947	0.00542	0.00661	0.00974	0.01258	0.01668	0.15114	0.34465	0.09238	0.01560	0.00728	0.00229	0.00385	0.28237	0.00537	0.00493
33	0.01393	0.01337	0.02284	0.03454	0.76712	0.01337	0.01727	0.01727	0.01281	0.01839	0.01059	0.01393	0.00891	0.00501	0.00557	0.00167	0.00669	0.00501	0.00279	0.00891
34	0.09022	0.01571	0.01413	0.01207	0.01518	0.17268	0.00949	0.23493	0.22593	0.02369	0.01449	0.01589	0.01144	0.05585	0.00767	0.00199	0.06113	0.00514	0.00455	0.00783
35	0.06069	0.00908	0.01509	0.01218	0.01509	0.00864	0.23112	0.01289	0.03390	0.01806	0.15265	0.08873	0.23122	0.01175	0.04251	0.00226	0.00567	0.03809	0.00447	0.00593
36	0.00686	0.00506	0.00643	0.00747	0.00808	0.00463	0.00507	0.00797	0.01128	0.01478	0.06032	0.65273	0.15496	0.01688	0.00708	0.00221	0.00318	0.01514	0.00526	0.00463
37	0.00703	0.00558	0.00632	0.00641	0.00791	0.00487	0.00470	0.00871	0.01331	0.01701	0.23975	0.17232	0.45801	0.01408	0.00673	0.00193	0.00287	0.01210	0.00548	0.00487
38	0.01762	0.01875	0.01789	0.01483	0.01850	0.30773	0.13020	0.12666	0.24869	0.02059	0.01426	0.01484	0.01089	0.00634	0.00561	0.00170	0.00770	0.00518	0.00416	0.00787
39	0.01204	0.01142	0.01824	0.34586	0.02749	0.01287	0.15786	0.01973	0.24511	0.01847	0.06073	0.01858	0.01354	0.00644	0.00592	0.00188	0.00664	0.00607	0.00381	0.00729
40	0.00679	0.00571	0.00590	0.00585	0.00769	0.00481	0.00439	0.00835	0.01316	0.01599	0.13273	0.05286	0.68863	0.01396	0.00665	0.00189	0.00283	0.01170	0.00533	0.00481
41	0.01129	0.02911	0.77306	0.01604	0.02436	0.01307	0.02079	0.01782	0.01188	0.01782	0.01010	0.01188	0.00713	0.00535	0.00535	0.00178	0.00832	0.00416	0.00238	0.00832
42	0.01618	0.01952	0.07280	0.01242	0.01539	0.39073	0.00995	0.02152	0.19679	0.01684	0.06975	0.01819	0.01452	0.09192	0.00790	0.00204	0.00754	0.00532	0.00385	0.00683
43	0.01261	0.00742	0.00893	0.00775	0.01024	0.00677	0.00607	0.07210	0.01574	0.19580	0.28783	0.03861	0.28573	0.01102	0.00633	0.00180	0.00350	0.00930	0.00600	0.00645
44	0.00686	0.00490	0.00653	0.00784	0.00816	0.00457	0.00522	0.00784	0.01077	0.01437	0.03102	0.79855	0.03722	0.01763	0.00718	0.00229	0.00326	0.01600	0.00522	0.00457
45	0.01505	0.80561	0.02949	0.00963	0.01444	0.02227	0.00963	0.01685	0.01143	0.01324	0.00782	0.00903	0.00722	0.00481	0.00361	0.00120	0.00602	0.00301	0.00241	0.00722
46	0.01958	0.01920	0.01726	0.01694	0.13948	0.29578	0.01172	0.31902	0.06535	0.02400	0.01185	0.01281	0.00908	0.00618	0.00542	0.00161	0.00762	0.00461	0.00417	0.00831
47	0.10023	0.02716	0.69118	0.01511	0.02291	0.01302	0.01922	0.01769	0.01163	0.01862	0.00986	0.01159	0.00702	0.00533	0.00515	0.00178	0.00789	0.00404	0.00249	0.00808
48	0.01345	0.01717	0.25520	0.01541	0.02057	0.01207	0.20706	0.07549	0.08409	0.08422	0.01539	0.08567	0.01289	0.06633	0.00768	0.00213	0.00713	0.00657	0.00380	0.00769
49	0.01233	0.01216	0.01900	0.02055	0.25927	0.06505	0.15871	0.01479	0.01138	0.01543	0.01227	0.01939	0.01152	0.17541	0.09258	0.00333	0.08122	0.00600	0.00293	0.00667
50	0.01186	0.02455	0.55904	0.04738	0.08411	0.01325	0.08236	0.01863	0.07158	0.01821	0.01127	0.01318	0.00821	0.00546	0.00552	0.00180	0.00795	0.00465	0.00272	0.00827
51	0.01918	0.01427	0.01542	0.01214	0.01639	0.01555	0.00989	0.50658	0.18169	0.06100	0.01560	0.01520	0.01128	0.00675	0.00553	0.00167	0.00560	0.00523	0.00552	0.07551
52	0.01231	0.01231	0.01724	0.01477	0.01477	0.01724	0.01231	0.01354	0.00862	0.01354	0.00739	0.01231	0.00739	0.00985	0.01847	0.00246	0.79192	0.00492	0.00246	0.00616
53	0.01780	0.14226	0.07518	0.01700	0.16382	0.07488	0.06689	0.14743	0.01580	0.17453	0.01367	0.04265	0.01054	0.00622	0.00537	0.00164	0.00658	0.00519	0.00415	0.00840
54	0.01793	0.01426	0.01771	0.01969	0.26942	0.05915	0.01235	0.30032	0.07678	0.09221	0.04162	0.01636	0.01215	0.00651	0.00566	0.00171	0.00618	0.01646	0.00465	0.00889
55	0.00667	0.00564	0.00577	0.00587	0.00765	0.00474	0.00435	0.00806	0.01267	0.01514	0.05497	0.11249	0.70782	0.01452	0.00669	0.00193	0.00288	0.01220	0.00523	0.00474
56	0.14907	0.00981	0.01330	0.01619	0.24707	0.00989	0.00966	0.01747	0.04801	0.13934	0.17411	0.02105	0.01964	0.00703	0.00530	0.00169	0.00461	0.00598	0.09337	0.00740
57	0.06998	0.23841	0.16694	0.08344	0.12136	0.01594	0.01320	0.13340	0.01431	0.07751	0.01084	0.01227	0.00827	0.00552	0.00486	0.00159	0.00651	0.00421	0.00339	0.00806
58	0.01243	0.01229	0.04887	0.22936	0.24651	0.02351	0.08344	0.07703	0.01311	0.01780	0.01379	0.13756	0.01285	0.00751	0.00645	0.00188	0.03820	0.00684	0.00331	0.00727
59	0.02280	0.00980	0.01282	0.00999	0.01400	0.00892	0.00819	0.10340	0.01721	0.60358	0.10841	0.02123	0.01806	0.00748	0.00577	0.00174	0.00469	0.00613	0.00673	0.00908
60	0.00916	0.01522	0.30645	0.01134	0.01492	0.03652	0.01160	0.01238	0.01132	0.01563	0.02128	0.42607	0.02328	0.01354	0.04237	0.00237	0.00604	0.01045	0.00392	0.00613
61	0.01501	0.04559	0.07945	0.02425	0.42503	0.12089	0.01427	0.01792	0.01320	0.08349	0.01339	0.09752	0.01194	0.00667	0.00559	0.00170	0.00675	0.00591	0.00338	0.00806
62	0.01039	0.00598	0.00747	0.00738	0.00844	0.00556	0.00502	0.01139	0.01129	0.13722	0.08424	0.29098	0.08224	0.28976	0.01436	0.00324	0.00420	0.01082	0.00495	0.00505
63	0.01058	0.01013	0.01352	0.01334	0.05934	0.07091	0.06672	0.01220	0.01103	0.01477	0.01977	0.36240	0.02222	0.01261	0.01007	0.00222	0.22517	0.05336	0.00393	0.00571
64	0.01428	0.20566	0.20177	0.01926	0.24631	0.07645	0.01455	0.04600	0.04277	0.01752	0.01023	0.01210	0.00827	0.00523	0.00494	0.00153	0.00693	0.00418	0.00287	0.05916
65	0.01691	0.56210	0.02526	0.01115	0.01537	0.25908	0.01002	0.01861	0.01285	0.01341	0.00810	0.00938	0.00723	0.00512	0.00407	0.00128	0.00731	0.00320	0.00256	0.00700
66	0.11718	0.04956	0.02004	0.02164	0.31790	0.01323	0.12039	0.06393	0.06925	0.09991	0.01443	0.01596	0.03990	0.00587	0.00545	0.00173	0.00623	0.00537	0.00380	0.00824
67	0.01417	0.01396	0.02090	0.09799	0.57995	0.07065	0.01591	0.01852	0.07859	0.01814	0.01148	0.01437	0.00939	0.00536	0.00555	0.00169	0.00682	0.00503	0.00303	0.00850
68	0.00992	0.00797	0.01297	0.01054	0.01279	0.00754	0.20036	0.01229	0.01158	0.01685	0.02347	0.07586	0.13781	0.16580	0.01019	0.00244	0.00508	0.00794	0.26321	0.00538
69	0.00801	0.00644	0.00772	0.00783	0.00884	0.02851	0.00571	0.00975	0.01316	0.01770	0.32632	0.31922	0.14542	0.01389	0.00749	0.00201	0.04950	0.01206	0.00538	0.00504
70	0.01178	0.04446	0.25929	0.01521	0.07419	0.07885	0.09178	0.01642	0.05862	0.01756	0.07574	0.11238	0.02943	0.00851	0.00602	0.00189	0.00673	0.08040	0.00367	0.00708
71	0.01371	0.01293	0.02078	0.08339	0.59362	0.01341	0.01579	0.01913	0.13403	0.01895	0.01255	0.01516	0.01016	0.00548	0.00560	0.00172	0.00638	0.00523	0.00325	0.00873
72	0.00775	0.00527	0.00710	0.00809	0.00868	0.00501	0.00586	0.00853	0.01081	0.01417	0.02937	0.46642	0.08942	0.01726	0.00967	0.13829	0.00388	0.15530	0.00476	0.00436
73	0.06415	0.01504	0.11296	0.10569	0.44443	0.01333	0.12849	0.01711	0.01242	0.01828	0.01042	0.01369	0.00833	0.00509	0.00559	0.00174	0.00725	0.00504	0.00276	0.00820
74	0.01396	0.23382	0.29807	0.05223	0.13344	0.01531	0.01500	0.01910	0.07795	0.07333	0.01159	0.01291	0.00884	0.00549	0.00498	0.00162	0.00680	0.00432	0.00309	0.00816
75	0.01367	0.01311	0.02238	0.09345	0.71022	0.01330	0.01714	0.01705	0.01269	0.01807	0.01054	0.01401	0.00880	0.00506	0.00558	0.00169	0.00675	0.00501	0.00276	0.00871
76	0.00839	0.00614	0.00834	0.05083	0.01030	0.00680	0.00634	0.00984	0.00982	0.01405	0.02007	0.26626	0.02164	0.15816	0.23063	0.00464	0.06106	0.00930	0.09263	0.00477
77	0.12005	0.01826	0.07433	0.02107	0.29759	0.23052	0.01344	0.09817	0.01457	0.01959	0.00988	0.01201	0.00798	0.00564	0.00560	0.00165	0.03434	0.00431	0.00317	0.00782
78	0.00916	0.00601	0.00788	0.00820	0.00956	0.00558	0.00637	0.01116	0.01340	0.07726	0.23128	0.25160	0.12613	0.01418	0.00700	0.00214	0.00367	0.19846	0.00561	0.00535
79	0.01571	0.65032	0.02647	0.01030	0.01467	0.14140	0.00965	0.01749	0.01233	0.01370	0.03830	0.01053	0.00907	0.00524	0.00396	0.00127	0.00654	0.00339	0.00264	0.00703
80	0.04367	0.00855	0.01017	0.04478	0.03759	0.00727	0.00675	0.01267	0.01196	0.04291	0.02536	0.02598	0.24531	0.00990	0.05284	0.00182	0.00470	0.00637	0.00398	0.39743
81	0.04628	0.20784	0.14154	0.01248	0.01729	0.15280	0.01171	0.22234	0.04457	0.07530	0.01152	0.01211	0.00868	0.00589	0.00493	0.00156	0.00697	0.00419	0.00387	0.00812
82	0.01329	0.44225	0.37744	0.01263	0.01908	0.01796	0.01485	0.01731	0.01164	0.01538	0.00889	0.01036	0.00718	0.00506	0.00442	0.00147	0.00709	0.00355	0.00239	0.00773
83	0.00783	0.00614	0.00721	0.00733	0.00899	0.00565	0.00579	0.01042	0.04349	0.01787	0.23928	0.05163	0.38304	0.01354	0.00686	0.00202	0.00337	0.16889	0.00550	0.00516
84	0.01367	0.52068	0.30234	0.01198	0.01808	0.01889	0.01373	0.01721	0.01160	0.01492	0.00866	0.01007	0.00719	0.00501	0.00425	0.00142	0.00686	0.00343	0.00240	0.00762
85	0.00745	0.00547	0.00698	0.00715	0.00823	0.00500	0.00516	0.00942	0.01390	0.01903	0.44227	0.28590	0.13557	0.01381	0.00681	0.00195	0.00287	0.01225	0.00576	0.00500
86	0.00693	0.00545	0.00627	0.00662	0.00792	0.00478	0.00475	0.00841	0.01266	0.01613	0.16383	0.29484	0.41161	0.01491	0.00682	0.00200	0.00295	0.01294	0.00538	0.00478
87	0.00805	0.00597	0.00873	0.00873	0.00963	0.00687	0.00665	0.00985	0.00895	0.01283	0.01536	0.02368	0.01475	0.12358	0.69948	0.00866	0.01404	0.00626	0.00306	0.00485
88	0.13166	0.01439	0.01608	0.01429	0.09660	0.01568	0.01060	0.51737	0.02195	0.08726	0.01308	0.01339	0.00936	0.00638	0.00534	0.00170	0.00589	0.00483	0.00514	0.00903
89	0.01861	0.02231	0.01442	0.01326	0.01585	0.59284	0.00991	0.06518	0.02855	0.01538	0.01288	0.13908	0.01245	0.00782	0.00546	0.00161	0.00868	0.00578	0.00350	0.00644
90	0.00787	0.00575	0.00739	0.00698	0.00835	0.00527	0.00523	0.01043	0.01570	0.02202	0.71127	0.04294	0.10632	0.01171	0.00664	0.00178	0.00267	0.01030	0.00612	0.00527
91	0.01328	0.01518	0.03321	0.02372	0.02941	0.01423	0.74668	0.01803	0.01328	0.01803	0.01139	0.01518	0.00854	0.00474	0.00664	0.00190	0.00949	0.00664	0.00285	0.00759
92	0.02139	0.01576	0.01689	0.01295	0.01745	0.01745	0.01070	0.74835	0.02646	0.03547	0.01351	0.01351	0.00957	0.00676	0.00563	0.00169	0.00619	0.00507	0.00563	0.00957
93	0.84197	0.01088	0.00827	0.00740	0.01088	0.01262	0.00609	0.01654	0.00958	0.02525	0.00784	0.00914	0.00609	0.00522	0.00348	0.00174	0.00435	0.00305	0.00348	0.00609
94	0.01770	0.06372	0.06930	0.06949	0.06953	0.35025	0.01241	0.13997	0.01563	0.01794	0.00958	0.01165	0.00777	0.00636	0.00700	0.00168	0.11530	0.00423	0.00319	0.00728
95	0.01691	0.01871	0.02804	0.04706	0.15550	0.33952	0.06615	0.04875	0.04187	0.04058	0.05167	0.01420	0.01085	0.00644	0.00685	0.00170	0.08972	0.00488	0.00333	0.00726
96	0.00831	0.00549	0.00631	0.00631	0.00647	0.00557	0.00373	0.00863	0.00847	0.01170	0.01756	0.03470	0.01959	0.69369	0.08599	0.00548	0.00604	0.00783	0.05447	0.00365
97	0.01376	0.24729	0.11860	0.01094	0.01501	0.04555	0.01022	0.10656	0.17015	0.01969	0.08118	0.07359	0.04960	0.00766	0.00524	0.00165	0.00556	0.00608	0.00416	0.00751
98	0.00686	0.00490	0.00653	0.00784	0.00816	0.00457	0.00522	0.00784	0.01077	0.01437	0.03102	0.79855	0.03722	0.01763	0.00718	0.00229	0.00326	0.01600	0.00522	0.00457
99	0.08668	0.01443	0.01639	0.26892	0.14566	0.14219	0.01277	0.10754	0.11485	0.01967	0.01186	0.01414	0.00913	0.00593	0.00535	0.00174	0.00697	0.00480	0.00351	0.00748
100	0.01505	0.00742	0.00966	0.00836	0.01095	0.00684	0.00656	0.01682	0.01298	0.33744	0.02923	0.03034	0.20961	0.08007	0.18851	0.00378	0.00674	0.00756	0.00531	0.00677
101	0.23011	0.01212	0.01498	0.01730	0.24867	0.01294	0.01068	0.20931	0.01609	0.02537	0.13350	0.01716	0.01556	0.00659	0.00522	0.00171	0.00529	0.00536	0.00427	0.00777

[dist]
# distance from previous block
# <min> <max>
0	1

[block]
# block no. 9 follows, 42 sequences, length 39
# corresponding to MSA columns:
# 935-973
name=unknown_J
#
# <colnr> <probs for GDERKNQSTAVLIFYWHMCP>
#	G	D	E	R	K	N	Q	S	T	A	V	L	I	F	Y	W	H	M	C	P
0	0.01500	0.01595	0.13770	0.01866	0.16736	0.01385	0.12525	0.23130	0.08480	0.02341	0.01409	0.07160	0.01158	0.00667	0.00580	0.00176	0.00668	0.00601	0.00403	0.03852
1	0.01674	0.01849	0.01403	0.01158	0.01553	0.38319	0.00893	0.05825	0.01455	0.01705	0.00956	0.01103	0.00787	0.00510	0.00469	0.00118	0.00718	0.00357	0.00325	0.38820
2	0.01669	0.25322	0.01902	0.01158	0.01549	0.10855	0.00973	0.17487	0.29208	0.02176	0.01472	0.01454	0.01141	0.00638	0.00499	0.00160	0.00597	0.00476	0.00437	0.00825
3	0.04582	0.19330	0.08851	0.01759	0.21091	0.15037	0.01240	0.04537	0.08553	0.04510	0.01326	0.01444	0.04232	0.00594	0.00502	0.00158	0.00674	0.00463	0.00336	0.00782
4	0.01702	0.16668	0.26996	0.01367	0.01898	0.25750	0.01375	0.09536	0.01488	0.06731	0.01040	0.01146	0.00789	0.00565	0.00500	0.00156	0.00803	0.00397	0.00319	0.00776
5	0.01485	0.07027	0.01352	0.01119	0.01347	0.25173	0.00881	0.01717	0.03927	0.09611	0.01335	0.01672	0.01131	0.02191	0.34285	0.00482	0.03789	0.00499	0.00344	0.00633
6	0.00686	0.00490	0.00653	0.00784	0.00816	0.00457	0.00522	0.00784	0.01077	0.01437	0.03102	0.79855	0.03722	0.01763	0.00718	0.00229	0.00326	0.01600	0.00522	0.00457
7	0.01968	0.01412	0.01506	0.01174	0.01574	0.01554	0.00964	0.63316	0.02416	0.03320	0.01427	0.01468	0.01033	0.00672	0.00536	0.00163	0.00563	0.00509	0.13533	0.00889
8	0.01205	0.01290	0.02529	0.01914	0.02266	0.01342	0.45881	0.01538	0.01180	0.01640	0.01353	0.13724	0.01276	0.00796	0.00949	0.00209	0.19145	0.00771	0.00313	0.00678
9	0.03841	0.14087	0.05069	0.01271	0.01650	0.30960	0.01055	0.15233	0.17670	0.02013	0.01253	0.01297	0.00977	0.00618	0.00506	0.00158	0.00736	0.00439	0.00391	0.00776
