[name]
unknown

[dist]
# distance from previous block
# <min> <max>
5	711

[block]
# block no. 0 follows, 42 sequences, length 48
# corresponding to MSA columns:
# 720-767
name=unknown_A
#
# <colnr> <probs for GDERKNQSTAVLIFYWHMCP>
#	G	D	E	R	K	N	Q	S	T	A	V	L	I	F	Y	W	H	M	C	P
0	0.01687	0.01433	0.01520	0.01227	0.01629	0.11896	0.06260	0.14783	0.25452	0.09835	0.01590	0.01578	0.01181	0.00627	0.00537	0.00158	0.00589	0.00512	0.00477	0.17028
1	0.05263	0.01391	0.01525	0.01195	0.01606	0.07772	0.04919	0.25244	0.09828	0.07486	0.01308	0.01377	0.00984	0.00610	0.00591	0.00153	0.05101	0.00466	0.00447	0.22733
2	0.01643	0.01613	0.17827	0.01274	0.01783	0.01292	0.04335	0.20553	0.13178	0.13024	0.01463	0.01486	0.01054	0.00621	0.00578	0.00164	0.02922	0.00494	0.00455	0.14241
3	0.01612	0.01043	0.01252	0.00920	0.01399	0.00863	0.00746	0.08588	0.01420	0.21659	0.01352	0.01380	0.00991	0.00514	0.00469	0.00115	0.00452	0.00410	0.00450	0.54365
4	0.01009	0.00807	0.00925	0.00799	0.01080	0.00724	0.00626	0.08033	0.04256	0.01973	0.17035	0.07627	0.23771	0.01029	0.00594	0.00163	0.00372	0.05443	0.00495	0.23241
5	0.00789	0.00750	0.07192	0.00901	0.01043	0.00579	0.00730	0.00971	0.01131	0.01532	0.02789	0.55802	0.03225	0.01549	0.00697	0.00222	0.00408	0.14181	0.00487	0.05023
6	0.01049	0.00525	0.00525	0.00525	0.00656	0.00525	0.00393	0.01311	0.01180	0.02098	0.01836	0.02098	0.01442	0.00656	0.00393	0.00131	0.00262	0.00525	0.83346	0.00525
7	0.01616	0.02721	0.20592	0.01927	0.25390	0.01162	0.01417	0.07192	0.01423	0.21570	0.01545	0.08301	0.01227	0.00683	0.00565	0.00177	0.00625	0.00590	0.00419	0.00858
8	0.09027	0.02548	0.01530	0.01390	0.01685	0.71493	0.01047	0.02197	0.01541	0.01474	0.00863	0.01006	0.00715	0.00575	0.00494	0.00147	0.00966	0.00358	0.00295	0.00649
9	0.12601	0.02478	0.01497	0.01359	0.01656	0.68154	0.01026	0.02171	0.01513	0.01524	0.00859	0.01002	0.00710	0.00573	0.00487	0.00149	0.00941	0.00355	0.00297	0.00647
10	0.01049	0.00525	0.00525	0.00525	0.00656	0.00525	0.00393	0.01311	0.01180	0.02098	0.01836	0.02098	0.01442	0.00656	0.00393	0.00131	0.00262	0.00525	0.83346	0.00525
11	0.84197	0.01088	0.00827	0.00740	0.01088	0.01262	0.00609	0.01654	0.00958	0.02525	0.00784	0.00914	0.00609	0.00522	0.00348	0.00174	0.00435	0.00305	0.00348	0.00609
12	0.00818	0.00546	0.00614	0.00614	0.00614	0.00546	0.00341	0.00818	0.00818	0.01091	0.01773	0.03683	0.02046	0.80222	0.02864	0.00546	0.00546	0.00818	0.00341	0.00341
13	0.00848	0.00589	0.00837	0.00837	0.00942	0.00671	0.00648	0.01060	0.00954	0.01448	0.01566	0.02191	0.01413	0.03583	0.64121	0.00766	0.01285	0.00589	0.15147	0.00506
14	0.84197	0.01088	0.00827	0.00740	0.01088	0.01262	0.00609	0.01654	0.00958	0.02525	0.00784	0.00914	0.00609	0.00522	0.00348	0.00174	0.00435	0.00305	0.00348	0.00609
15	0.02111	0.02418	0.01617	0.01413	0.01741	0.59757	0.01083	0.19586	0.01846	0.01896	0.00985	0.01095	0.00780	0.00603	0.00521	0.00151	0.00920	0.00397	0.00355	0.00725
16	0.01526	0.01032	0.01290	0.09037	0.01651	0.00891	0.00825	0.07003	0.01367	0.18543	0.01295	0.01380	0.00957	0.00512	0.00475	0.00120	0.00480	0.00415	0.00421	0.50778
17	0.02346	0.00998	0.01301	0.01024	0.01441	0.00918	0.00837	0.02782	0.13402	0.65205	0.02231	0.01945	0.01445	0.00707	0.00567	0.00177	0.00474	0.00577	0.00677	0.00947
18	0.01931	0.02323	0.01516	0.01376	0.01672	0.59319	0.01039	0.02428	0.19639	0.01615	0.01216	0.01279	0.00967	0.00625	0.00523	0.00156	0.00876	0.00429	0.00359	0.00710
19	0.01541	0.19505	0.15438	0.10967	0.07414	0.28391	0.01311	0.01824	0.01314	0.01482	0.01026	0.05394	0.00900	0.00607	0.00502	0.00157	0.00796	0.00453	0.00277	0.00703
20	0.09027	0.02548	0.01530	0.01390	0.01685	0.71493	0.01047	0.02197	0.01541	0.01474	0.00863	0.01006	0.00715	0.00575	0.00494	0.00147	0.00966	0.00358	0.00295	0.00649
21	0.00715	0.00514	0.00697	0.00797	0.00840	0.00507	0.00546	0.00826	0.01031	0.01394	0.02735	0.61388	0.03204	0.06482	0.15092	0.00370	0.00556	0.01373	0.00472	0.00459
22	0.01049	0.00525	0.00525	0.00525	0.00656	0.00525	0.00393	0.01311	0.01180	0.02098	0.01836	0.02098	0.01442	0.00656	0.00393	0.00131	0.00262	0.00525	0.83346	0.00525
23	0.02139	0.01576	0.01689	0.01295	0.01745	0.01745	0.01070	0.74835	0.02646	0.03547	0.01351	0.01351	0.00957	0.00676	0.00563	0.00169	0.00619	0.00507	0.00563	0.00957
24	0.01317	0.01246	0.02095	0.03121	0.67648	0.01239	0.01581	0.01639	0.01308	0.01863	0.07578	0.01771	0.03916	0.00589	0.00570	0.00169	0.00621	0.00569	0.00316	0.00846
25	0.01049	0.00525	0.00525	0.00525	0.00656	0.00525	0.00393	0.01311	0.01180	0.02098	0.01836	0.02098	0.01442	0.00656	0.00393	0.00131	0.00262	0.00525	0.83346	0.00525
26	0.00805	0.00598	0.00879	0.00879	0.00971	0.00690	0.00672	0.00989	0.00897	0.01288	0.01531	0.02340	0.01463	0.10884	0.71406	0.00873	0.01423	0.00622	0.00305	0.00488
27	0.01166	0.01101	0.01885	0.36471	0.31135	0.01202	0.05473	0.01512	0.01235	0.01682	0.07726	0.04420	0.01313	0.00628	0.00580	0.00180	0.00673	0.00593	0.00305	0.00720
28	0.01257	0.25755	0.49077	0.01479	0.02185	0.01589	0.07872	0.01755	0.01187	0.01648	0.00953	0.01132	0.00728	0.00514	0.00494	0.00162	0.00774	0.00403	0.00243	0.00793
29	0.01224	0.00969	0.01441	0.07719	0.01545	0.01080	0.10877	0.07699	0.01142	0.06969	0.01409	0.02344	0.01356	0.31623	0.05081	0.00366	0.15572	0.00654	0.00351	0.00579
30	0.00919	0.00837	0.04126	0.01124	0.01338	0.00730	0.15045	0.01175	0.03635	0.04192	0.02918	0.44347	0.12391	0.01345	0.00686	0.00212	0.00477	0.03464	0.00473	0.00566
31	0.01433	0.01865	0.28289	0.05693	0.35728	0.01322	0.01721	0.08174	0.01385	0.07375	0.01148	0.01360	0.00865	0.00545	0.00551	0.00173	0.00711	0.00477	0.00318	0.00870
32	0.09085	0.01187	0.01637	0.17388	0.21819	0.01276	0.01228	0.13869	0.08042	0.13758	0.04221	0.01614	0.01166	0.00622	0.00547	0.00176	0.00592	0.00526	0.00429	0.00819
33	0.01559	0.07360	0.06889	0.02299	0.24264	0.12225	0.26975	0.01913	0.01354	0.08069	0.01135	0.01380	0.00874	0.00520	0.00573	0.00170	0.00804	0.00525	0.00312	0.00801
34	0.01802	0.01371	0.01759	0.01942	0.26855	0.03749	0.01214	0.29608	0.05075	0.11706	0.01424	0.04026	0.01098	0.00642	0.00557	0.00166	0.00603	0.00540	0.00462	0.05402
35	0.01473	0.01212	0.04204	0.01727	0.21329	0.03802	0.04261	0.11900	0.06945	0.10949	0.13558	0.06443	0.01898	0.00906	0.03955	0.00205	0.00597	0.00663	0.00459	0.03512
36	0.01492	0.01742	0.20412	0.01527	0.10418	0.08408	0.02362	0.12828	0.11807	0.07016	0.01521	0.09276	0.01267	0.00712	0.00558	0.00172	0.00642	0.00591	0.00409	0.06838
37	0.11097	0.06990	0.01200	0.00950	0.01249	0.15907	0.00764	0.04906	0.03863	0.15140	0.04664	0.02695	0.18045	0.00873	0.00547	0.00173	0.00536	0.05654	0.04079	0.00670
38	0.01666	0.12250	0.05154	0.01444	0.08006	0.05813	0.07462	0.24276	0.06481	0.08117	0.01491	0.09779	0.01261	0.00720	0.00552	0.00168	0.00621	0.00604	0.00440	0.03695
39	0.01593	0.08049	0.13386	0.01168	0.01604	0.07773	0.02021	0.17197	0.12074	0.08854	0.01439	0.01564	0.01100	0.03509	0.03539	0.00199	0.00642	0.00489	0.05723	0.08078
40	0.05250	0.01184	0.02450	0.01239	0.06787	0.06497	0.04080	0.15062	0.07035	0.04671	0.05630	0.02528	0.06771	0.11646	0.00930	0.00226	0.03321	0.06566	0.00437	0.07688
41	0.04379	0.04465	0.25841	0.01203	0.01700	0.05400	0.01222	0.07240	0.09742	0.15097	0.10187	0.01786	0.01525	0.00795	0.03259	0.00196	0.00640	0.00536	0.00436	0.04353
42	0.01449	0.01484	0.07189	0.02062	0.31695	0.08078	0.01286	0.10133	0.06242	0.02039	0.04385	0.01457	0.01102	0.00557	0.00527	0.00150	0.00620	0.00478	0.00355	0.18712
43	0.08853	0.09912	0.01318	0.00978	0.01279	0.11472	0.00800	0.06348	0.03980	0.10656	0.06751	0.02607	0.15663	0.00870	0.00620	0.00172	0.05046	0.06028	0.00446	0.06199
44	0.01631	0.07242	0.01534	0.01305	0.06711	0.22151	0.02678	0.07747	0.13992	0.07699	0.01687	0.01745	0.06545	0.00820	0.03897	0.00188	0.00682	0.00521	0.03137	0.08091
45	0.07686	0.11762	0.11800	0.01302	0.04879	0.03357	0.07464	0.07258	0.05580	0.19944	0.01543	0.07136	0.01226	0.00907	0.05483	0.00219	0.00666	0.00569	0.00431	0.00787
46	0.01449	0.01291	0.04839	0.07287	0.21482	0.06091	0.01139	0.09926	0.07481	0.07770	0.01539	0.05101	0.03519	0.06433	0.00715	0.00190	0.00595	0.00574	0.00394	0.12185
47	0.06282	0.05132	0.04880	0.06843	0.01808	0.17420	0.04204	0.17423	0.06460	0.12678	0.01431	0.01730	0.01120	0.00677	0.00544	0.00170	0.00677	0.05730	0.00437	0.04352

[dist]
# distance from previous block
# <min> <max>
20	389

[block]
# block no. 1 follows, 42 sequences, length 74
# corresponding to MSA columns:
# 1183-1206,1230-1255,1257-1280
name=unknown_B
#
# <colnr> <probs for GDERKNQSTAVLIFYWHMCP>
#	G	D	E	R	K	N	Q	S	T	A	V	L	I	F	Y	W	H	M	C	P
0	0.04433	0.04191	0.22711	0.03640	0.01922	0.08076	0.03450	0.24001	0.07527	0.09923	0.03775	0.01467	0.01087	0.00632	0.00545	0.00172	0.00681	0.00493	0.00431	0.00843
1	0.08721	0.10942	0.06738	0.04033	0.15518	0.03869	0.01094	0.10657	0.10467	0.02044	0.01414	0.05717	0.03285	0.00645	0.00506	0.00158	0.00566	0.00522	0.00376	0.12728
2	0.08401	0.07139	0.07488	0.01344	0.04393	0.05516	0.08940	0.14200	0.11802	0.13281	0.01511	0.01743	0.01164	0.00657	0.00542	0.00171	0.00615	0.04781	0.00447	0.05864
3	0.01498	0.20242	0.10294	0.01087	0.01499	0.08289	0.00993	0.12779	0.06139	0.07012	0.11984	0.06301	0.01700	0.00723	0.00520	0.00156	0.00572	0.00570	0.00422	0.07220
4	0.04348	0.05897	0.10844	0.01309	0.07205	0.13275	0.01069	0.12586	0.03779	0.13107	0.13051	0.01780	0.01620	0.00674	0.00537	0.00160	0.00608	0.00534	0.00445	0.07173
5	0.06288	0.01435	0.10142	0.01504	0.12823	0.01305	0.01151	0.26750	0.07029	0.15910	0.08576	0.01738	0.01444	0.00680	0.00558	0.00173	0.00570	0.00553	0.00502	0.00869
6	0.06204	0.02747	0.11821	0.01209	0.04014	0.12044	0.06266	0.01724	0.07243	0.06449	0.14757	0.02244	0.09415	0.00746	0.00553	0.00163	0.00577	0.00621	0.00418	0.10785
7	0.01475	0.08847	0.15011	0.02070	0.31153	0.07244	0.01402	0.01811	0.01287	0.08543	0.01105	0.01291	0.00867	0.00514	0.00508	0.00149	0.00657	0.00434	0.00316	0.15315
8	0.07491	0.02586	0.12174	0.01410	0.01878	0.01156	0.21538	0.08146	0.04819	0.05421	0.11782	0.02014	0.03086	0.00668	0.00574	0.00171	0.00628	0.02988	0.00403	0.11067
9	0.01329	0.01608	0.20691	0.05697	0.06316	0.03649	0.09467	0.13002	0.04094	0.04656	0.19024	0.02043	0.01929	0.00706	0.00585	0.00174	0.00632	0.00618	0.00418	0.03363
10	0.01310	0.41242	0.06288	0.03533	0.10244	0.06104	0.01024	0.01544	0.01257	0.01547	0.10116	0.01925	0.10435	0.00686	0.00480	0.00147	0.00574	0.00530	0.00326	0.00689
11	0.01352	0.01288	0.04142	0.05534	0.31369	0.02425	0.01242	0.04770	0.16849	0.01985	0.01305	0.01472	0.01037	0.00546	0.00522	0.00151	0.00568	0.00481	0.00363	0.22599
12	0.08134	0.14081	0.02979	0.01377	0.07218	0.23794	0.01050	0.17617	0.11476	0.02089	0.01182	0.01283	0.00936	0.00741	0.03532	0.00187	0.00736	0.00436	0.00381	0.00772
13	0.01211	0.01131	0.01879	0.51663	0.27135	0.01298	0.01596	0.04405	0.01235	0.01649	0.01033	0.01460	0.00804	0.00547	0.00561	0.00180	0.00719	0.00501	0.00271	0.00723
14	0.01049	0.00525	0.00525	0.00525	0.00656	0.00525	0.00393	0.01311	0.01180	0.02098	0.01836	0.02098	0.01442	0.00656	0.00393	0.00131	0.00262	0.00525	0.83346	0.00525
15	0.01011	0.00797	0.01031	0.00965	0.01031	0.03368	0.00729	0.03923	0.00942	0.01311	0.01292	0.02128	0.01280	0.16415	0.31766	0.14866	0.15784	0.00589	0.00298	0.00474
16	0.01069	0.05281	0.01589	0.01343	0.05991	0.01028	0.15919	0.04544	0.01173	0.01587	0.04784	0.18431	0.04392	0.17873	0.01246	0.00275	0.08954	0.03558	0.00381	0.00581
17	0.01049	0.00525	0.00525	0.00525	0.00656	0.00525	0.00393	0.01311	0.01180	0.02098	0.01836	0.02098	0.01442	0.00656	0.00393	0.00131	0.00262	0.00525	0.83346	0.00525
18	0.04972	0.11768	0.01592	0.06386	0.04054	0.33178	0.00982	0.12560	0.01553	0.01878	0.01109	0.01279	0.00886	0.00589	0.00476	0.00148	0.00722	0.00415	0.14766	0.00688
19	0.01365	0.01225	0.02069	0.23796	0.52821	0.01286	0.01633	0.01704	0.01257	0.05844	0.01106	0.01451	0.00880	0.00529	0.00559	0.00173	0.00680	0.00505	0.00294	0.00823
20	0.01204	0.01094	0.01578	0.31106	0.21312	0.06794	0.01313	0.01491	0.01228	0.04379	0.01577	0.14146	0.01521	0.00840	0.00603	0.00192	0.00650	0.07954	0.00346	0.00670
21	0.00744	0.00573	0.00679	0.00653	0.00808	0.00508	0.00489	0.00960	0.01468	0.01960	0.47963	0.04691	0.33947	0.01261	0.00664	0.00182	0.00273	0.01086	0.00581	0.00508
22	0.84197	0.01088	0.00827	0.00740	0.01088	0.01262	0.00609	0.01654	0.00958	0.02525	0.00784	0.00914	0.00609	0.00522	0.00348	0.00174	0.00435	0.00305	0.00348	0.00609
23	0.00698	0.00507	0.00659	0.00758	0.00815	0.00468	0.00516	0.00821	0.01158	0.01547	0.12566	0.64556	0.09533	0.01660	0.00707	0.00219	0.00316	0.01495	0.00535	0.00468
24	0.00706	0.00507	0.00683	0.00785	0.00833	0.00484	0.00537	0.00830	0.01118	0.01512	0.10653	0.65950	0.03710	0.01888	0.06671	0.00275	0.00411	0.01462	0.00516	0.00468
25	0.84197	0.01088	0.00827	0.00740	0.01088	0.01262	0.00609	0.01654	0.00958	0.02525	0.00784	0.00914	0.00609	0.00522	0.00348	0.00174	0.00435	0.00305	0.00348	0.00609
26	0.00769	0.00553	0.00600	0.00600	0.00661	0.00523	0.00369	0.00815	0.00967	0.01229	0.03032	0.04238	0.25901	0.54970	0.02160	0.00432	0.00462	0.00937	0.00399	0.00384
27	0.04598	0.01463	0.02301	0.02787	0.47565	0.05582	0.14408	0.10788	0.01463	0.02043	0.01088	0.01371	0.00873	0.00523	0.00566	0.00170	0.00722	0.00516	0.00318	0.00853
28	0.01049	0.00525	0.00525	0.00525	0.00656	0.00525	0.00393	0.01311	0.01180	0.02098	0.01836	0.02098	0.01442	0.00656	0.00393	0.00131	0.00262	0.00525	0.83346	0.00525
29	0.01063	0.01000	0.01688	0.78870	0.03876	0.01250	0.01563	0.01438	0.01125	0.01438	0.01000	0.01500	0.00750	0.00563	0.00563	0.00188	0.00750	0.00500	0.00250	0.00625
30	0.01049	0.00525	0.00525	0.00525	0.00656	0.00525	0.00393	0.01311	0.01180	0.02098	0.01836	0.02098	0.01442	0.00656	0.00393	0.00131	0.00262	0.00525	0.83346	0.00525
31	0.45011	0.01868	0.08031	0.01092	0.01461	0.30868	0.00927	0.01895	0.01224	0.02015	0.00837	0.00978	0.00663	0.00546	0.00427	0.00163	0.00695	0.00337	0.00316	0.00646
32	0.01294	0.01162	0.01237	0.01111	0.01211	0.13834	0.00852	0.01410	0.01039	0.07193	0.01280	0.02055	0.01244	0.21856	0.15452	0.00419	0.25891	0.00580	0.00323	0.00557
33	0.01042	0.00953	0.00995	0.00956	0.01116	0.11263	0.00732	0.01401	0.10154	0.01551	0.09406	0.02518	0.07618	0.04428	0.42604	0.00578	0.01070	0.00666	0.00383	0.00567
34	0.00833	0.00556	0.00667	0.00667	0.00698	0.00576	0.00420	0.00895	0.00864	0.01214	0.01723	0.03256	0.01867	0.58373	0.18131	0.00587	0.00721	0.00751	0.06811	0.00389
35	0.01049	0.00525	0.00525	0.00525	0.00656	0.00525	0.00393	0.01311	0.01180	0.02098	0.01836	0.02098	0.01442	0.00656	0.00393	0.00131	0.00262	0.00525	0.83346	0.00525
36	0.14102	0.01369	0.01547	0.07348	0.05874	0.01497	0.01046	0.45265	0.02074	0.12433	0.01334	0.01372	0.00941	0.00637	0.00531	0.00172	0.00587	0.00484	0.00508	0.00877
37	0.01034	0.05805	0.10273	0.01266	0.05542	0.01002	0.07923	0.01426	0.09067	0.01666	0.03270	0.32367	0.03620	0.01077	0.00690	0.00193	0.05301	0.00949	0.00412	0.07120
38	0.01231	0.01231	0.01724	0.01477	0.01477	0.01724	0.01231	0.01354	0.00862	0.01354	0.00739	0.01231	0.00739	0.00985	0.01847	0.00246	0.79192	0.00492	0.00246	0.00616
39	0.01033	0.00960	0.01607	0.72776	0.03637	0.01188	0.01482	0.01387	0.01122	0.01438	0.01164	0.07615	0.00982	0.00656	0.00575	0.00191	0.00717	0.00586	0.00271	0.00612
40	0.01020	0.00971	0.01810	0.01460	0.01716	0.01034	0.26511	0.01310	0.01049	0.01483	0.01319	0.01893	0.01162	0.02663	0.45111	0.00604	0.07375	0.00616	0.00291	0.00601
41	0.02429	0.01019	0.03151	0.01024	0.01462	0.00870	0.00861	0.02733	0.05650	0.71185	0.02195	0.01908	0.01394	0.00696	0.00566	0.00175	0.00486	0.00566	0.00679	0.00951
42	0.01646	0.47319	0.12408	0.01174	0.01651	0.21474	0.01138	0.01882	0.01283	0.04222	0.00889	0.01007	0.00747	0.00522	0.00429	0.00136	0.00734	0.00342	0.00270	0.00728
43	0.01778	0.01060	0.07177	0.05582	0.06033	0.00884	0.00955	0.06303	0.01497	0.38712	0.07477	0.14177	0.04082	0.00883	0.00596	0.00184	0.00497	0.00755	0.00565	0.00802
44	0.01231	0.01231	0.01724	0.01477	0.01477	0.01724	0.01231	0.01354	0.00862	0.01354	0.00739	0.01231	0.00739	0.00985	0.01847	0.00246	0.79192	0.00492	0.00246	0.00616
45	0.11816	0.20102	0.01826	0.01311	0.04270	0.46256	0.01016	0.02046	0.01405	0.03994	0.00890	0.01020	0.00738	0.00552	0.00459	0.00145	0.00821	0.00353	0.00299	0.00682
46	0.01049	0.00525	0.00525	0.00525	0.00656	0.00525	0.00393	0.01311	0.01180	0.02098	0.01836	0.02098	0.01442	0.00656	0.00393	0.00131	0.00262	0.00525	0.83346	0.00525
47	0.01446	0.03710	0.08393	0.01427	0.03913	0.01378	0.12514	0.02607	0.48051	0.07400	0.01914	0.01861	0.01419	0.00678	0.00576	0.00186	0.00571	0.00603	0.00489	0.00865
48	0.00818	0.00546	0.00614	0.00614	0.00614	0.00546	0.00341	0.00818	0.00818	0.01091	0.01773	0.03683	0.02046	0.80222	0.02864	0.00546	0.00546	0.00818	0.00341	0.00341
49	0.01505	0.80561	0.02949	0.00963	0.01444	0.02227	0.00963	0.01685	0.01143	0.01324	0.00782	0.00903	0.00722	0.00481	0.00361	0.00120	0.00602	0.00301	0.00241	0.00722
50	0.00805	0.00598	0.00879	0.00879	0.00971	0.00690	0.00672	0.00989	0.00897	0.01288	0.01530	0.02337	0.01462	0.10759	0.71529	0.00874	0.01425	0.00621	0.00305	0.00489
51	0.01356	0.01308	0.02274	0.03214	0.66795	0.01301	0.07344	0.01683	0.01260	0.01795	0.01104	0.01528	0.00952	0.04857	0.00692	0.00190	0.00684	0.00531	0.00282	0.00851
52	0.14662	0.01664	0.01385	0.01234	0.03027	0.23249	0.00947	0.14382	0.26633	0.05074	0.01469	0.01461	0.01108	0.00651	0.00517	0.00170	0.00641	0.00480	0.00454	0.00792
53	0.00794	0.00568	0.00769	0.00799	0.00858	0.00607	0.00569	0.00917	0.00931	0.01283	0.01957	0.16340	0.02122	0.27850	0.36008	0.00634	0.00937	0.05248	0.00365	0.00444
54	0.01367	0.01926	0.20683	0.01394	0.01675	0.20177	0.01298	0.01614	0.01119	0.01435	0.00970	0.01477	0.00894	0.10784	0.01315	0.00242	0.30237	0.00482	0.00267	0.00645
55	0.01240	0.01195	0.02072	0.37404	0.39834	0.01303	0.05640	0.01601	0.01214	0.01656	0.01037	0.01448	0.00826	0.00528	0.00565	0.00178	0.00721	0.00510	0.00266	0.00764
56	0.01226	0.01781	0.25433	0.01740	0.02293	0.01275	0.30635	0.04106	0.10580	0.01888	0.01596	0.04999	0.03636	0.00688	0.00619	0.00192	0.00765	0.05434	0.00347	0.00767
57	0.01241	0.01429	0.05480	0.02119	0.02631	0.01291	0.61892	0.01682	0.01329	0.01815	0.07128	0.06488	0.01372	0.00608	0.00663	0.00191	0.00854	0.00740	0.00324	0.00725
58	0.00686	0.00490	0.00653	0.00784	0.00816	0.00457	0.00522	0.00784	0.01077	0.01437	0.03102	0.79855	0.03722	0.01763	0.00718	0.00229	0.00326	0.01600	0.00522	0.00457
59	0.01088	0.01420	0.21620	0.18458	0.08658	0.01004	0.04166	0.01453	0.01246	0.06558	0.02600	0.02690	0.25069	0.00832	0.00592	0.00183	0.00606	0.00709	0.00367	0.00682
60	0.01286	0.01209	0.01930	0.14669	0.49946	0.01264	0.01494	0.01770	0.10660	0.01817	0.01567	0.01813	0.06873	0.00616	0.00568	0.00175	0.00623	0.00572	0.00330	0.00817
61	0.01665	0.01697	0.01795	0.13066	0.19064	0.25914	0.03686	0.05977	0.07157	0.06163	0.01145	0.01361	0.00900	0.00617	0.00656	0.00173	0.07393	0.00476	0.00338	0.00756
62	0.01989	0.02304	0.01585	0.01401	0.01699	0.55690	0.01075	0.12293	0.08710	0.01768	0.01063	0.01177	0.00852	0.00634	0.00600	0.00159	0.05518	0.00416	0.00352	0.00715
63	0.01128	0.01081	0.01554	0.01487	0.12148	0.07390	0.13734	0.01423	0.01445	0.01981	0.37802	0.02731	0.03017	0.00829	0.00655	0.00170	0.03096	0.00757	0.00450	0.07123
64	0.01476	0.01273	0.02086	0.14182	0.55819	0.01309	0.01595	0.06075	0.01364	0.07684	0.01157	0.01446	0.00913	0.00536	0.00559	0.00171	0.00663	0.00507	0.00323	0.00861
65	0.00784	0.00575	0.00735	0.00695	0.00833	0.00526	0.00521	0.01038	0.01564	0.02188	0.69833	0.04317	0.11934	0.01176	0.00664	0.00178	0.00267	0.01034	0.00610	0.00526
66	0.00779	0.00575	0.00728	0.00690	0.00830	0.00524	0.00517	0.01028	0.01552	0.02159	0.67037	0.04364	0.14749	0.01187	0.00664	0.00179	0.00268	0.01040	0.00607	0.00524
67	0.02252	0.00983	0.01352	0.10852	0.01747	0.00925	0.00925	0.02597	0.07331	0.61707	0.02072	0.01877	0.01337	0.00685	0.00566	0.00177	0.00511	0.00563	0.00630	0.00910
68	0.01441	0.67384	0.15567	0.01072	0.01613	0.02071	0.01152	0.01702	0.01151	0.01402	0.00821	0.00951	0.00721	0.00490	0.00391	0.00130	0.00641	0.00320	0.00240	0.00741
69	0.01393	0.01337	0.02284	0.03454	0.76712	0.01337	0.01727	0.01727	0.01281	0.01839	0.01059	0.01393	0.00891	0.00501	0.00557	0.00167	0.00669	0.00501	0.00279	0.00891
70	0.00710	0.00535	0.00657	0.00705	0.00808	0.00482	0.00499	0.00865	0.01273	0.01681	0.23590	0.39111	0.24028	0.01506	0.00689	0.00204	0.00299	0.01330	0.00549	0.00482
71	0.01324	0.08343	0.34595	0.02015	0.12704	0.07133	0.22379	0.01807	0.01267	0.01730	0.01025	0.01274	0.00779	0.00512	0.00559	0.00173	0.00838	0.00485	0.00261	0.00797
72	0.01227	0.01168	0.01984	0.41426	0.40038	0.01293	0.01644	0.01581	0.01203	0.01637	0.01029	0.01447	0.00820	0.00532	0.00560	0.00177	0.00710	0.00501	0.00264	0.00757
73	0.00678	0.00565	0.00577	0.00581	0.00751	0.00480	0.00424	0.00808	0.01239	0.01484	0.05298	0.08054	0.67963	0.07587	0.00839	0.00219	0.00307	0.01174	0.00508	0.00464

[dist]
# distance from previous block
# <min> <max>
0	0

# created by:
# /home/cegg/simao/soft/augustus-3.2.1/scripts/msa2prfl.pl ./align_prep/30944.fa
