[name]
unknown

[dist]
# distance from previous block
# <min> <max>
0	19

[block]
# block no. 0 follows, 38 sequences, length 63
# corresponding to MSA columns:
# 19-81
name=unknown_A
#
# <colnr> <probs for GDERKNQSTAVLIFYWHMCP>
#	G	D	E	R	K	N	Q	S	T	A	V	L	I	F	Y	W	H	M	C	P
0	0.00970	0.00796	0.00907	0.00974	0.01059	0.05548	0.00701	0.05294	0.01293	0.01681	0.02913	0.59676	0.03397	0.01675	0.00809	0.00238	0.04344	0.06649	0.00530	0.00547
1	0.01786	0.05580	0.11539	0.01320	0.01794	0.01603	0.01181	0.24584	0.33904	0.07477	0.01868	0.01789	0.01365	0.00734	0.00592	0.00190	0.00600	0.00583	0.00552	0.00961
2	0.01700	0.09118	0.28004	0.03638	0.02083	0.10588	0.04432	0.02106	0.01416	0.17349	0.01316	0.01405	0.00945	0.00588	0.00546	0.00165	0.00748	0.00461	0.00383	0.13009
3	0.02300	0.01069	0.01373	0.01088	0.01498	0.01017	0.00891	0.14602	0.01800	0.50333	0.02308	0.02173	0.05121	0.01247	0.10007	0.00283	0.00663	0.00633	0.00658	0.00937
4	0.01242	0.07835	0.61984	0.06222	0.02661	0.01465	0.06667	0.01878	0.01273	0.01853	0.01072	0.01293	0.00775	0.00565	0.00570	0.00188	0.00876	0.00459	0.00258	0.00863
5	0.01298	0.01866	0.24387	0.07704	0.13872	0.01364	0.19853	0.01953	0.10354	0.01981	0.05082	0.01886	0.04320	0.00654	0.00630	0.00195	0.00782	0.00628	0.00352	0.00839
6	0.01863	0.01477	0.02066	0.02642	0.43036	0.08157	0.01495	0.06347	0.01536	0.18337	0.01386	0.01563	0.01050	0.00634	0.00682	0.00184	0.05664	0.00538	0.00414	0.00931
7	0.01022	0.00661	0.00773	0.00745	0.00804	0.00675	0.00468	0.01165	0.05646	0.05693	0.01934	0.03574	0.02062	0.62506	0.09356	0.00570	0.00664	0.00826	0.00399	0.00457
8	0.00953	0.00673	0.00976	0.01095	0.06500	0.00630	0.02781	0.01136	0.01335	0.06175	0.19254	0.49183	0.03902	0.01528	0.00730	0.00222	0.00390	0.01387	0.00566	0.00582
9	0.05299	0.03112	0.15572	0.01470	0.07029	0.20069	0.01246	0.09622	0.05144	0.14222	0.01450	0.01527	0.01063	0.00651	0.00548	0.00173	0.00729	0.00491	0.09746	0.00836
10	0.01021	0.00842	0.01116	0.01027	0.01048	0.01040	0.00760	0.01106	0.00908	0.01306	0.01468	0.02750	0.01584	0.38308	0.16841	0.00549	0.26793	0.00713	0.00322	0.00497
11	0.01624	0.57834	0.04966	0.01552	0.14427	0.07691	0.01215	0.01857	0.01285	0.01529	0.00902	0.01074	0.00803	0.00528	0.00439	0.00141	0.00696	0.00367	0.00268	0.00801
12	0.01045	0.00522	0.00784	0.00784	0.00784	0.00522	0.00522	0.00784	0.00784	0.01045	0.01045	0.01829	0.01045	0.02090	0.02351	0.82497	0.00522	0.00522	0.00261	0.00261
13	0.09223	0.01389	0.14193	0.01111	0.01535	0.01097	0.01039	0.15377	0.01782	0.17626	0.26236	0.02522	0.02607	0.00856	0.00612	0.00187	0.00525	0.00702	0.00569	0.00812
14	0.01946	0.07960	0.11172	0.01891	0.15033	0.29306	0.04092	0.11729	0.01697	0.07899	0.01174	0.01317	0.00901	0.00611	0.00563	0.00169	0.00856	0.00467	0.00371	0.00847
15	0.02058	0.27818	0.02259	0.01265	0.01757	0.02039	0.01105	0.49069	0.02287	0.02990	0.01239	0.01283	0.00938	0.00652	0.00529	0.00163	0.00656	0.00467	0.00486	0.00938
16	0.05576	0.01726	0.16584	0.02467	0.30187	0.01367	0.14978	0.04534	0.01441	0.12182	0.01304	0.01518	0.00969	0.00573	0.00601	0.00186	0.00759	0.00548	0.00367	0.02133
17	0.07742	0.04368	0.13847	0.02329	0.27736	0.11075	0.10391	0.05621	0.01475	0.08048	0.01194	0.01408	0.00914	0.00576	0.00577	0.00180	0.00787	0.00507	0.00349	0.00874
18	0.01045	0.00522	0.00784	0.00784	0.00784	0.00522	0.00522	0.00784	0.00784	0.01045	0.01045	0.01829	0.01045	0.02090	0.02351	0.82497	0.00522	0.00522	0.00261	0.00261
19	0.01367	0.01429	0.02819	0.08354	0.27292	0.01394	0.37895	0.01784	0.01365	0.01880	0.01345	0.07709	0.01163	0.00634	0.00668	0.00198	0.00844	0.00718	0.00320	0.00823
20	0.01234	0.01371	0.16254	0.01305	0.01629	0.01088	0.06834	0.01619	0.06158	0.09420	0.02331	0.25562	0.07424	0.01156	0.00892	0.00222	0.13374	0.00963	0.00451	0.00711
21	0.00859	0.00645	0.00967	0.00967	0.01074	0.00752	0.00752	0.01074	0.00967	0.01396	0.01611	0.02363	0.01504	0.04512	0.76474	0.00967	0.01611	0.00645	0.00322	0.00537
22	0.00798	0.00556	0.00758	0.00842	0.00887	0.00558	0.00577	0.00889	0.01055	0.01430	0.02628	0.48447	0.03036	0.10577	0.17514	0.06549	0.00660	0.01303	0.00465	0.00469
23	0.02096	0.18544	0.02002	0.01281	0.01727	0.13032	0.01076	0.36974	0.04256	0.08620	0.03792	0.01460	0.01148	0.00683	0.00550	0.00167	0.00691	0.00498	0.00497	0.00903
24	0.02256	0.02604	0.01727	0.01513	0.01861	0.59840	0.01158	0.18142	0.01955	0.01989	0.01044	0.01165	0.00830	0.00643	0.00556	0.00161	0.00991	0.00422	0.00375	0.00770
25	0.00742	0.00527	0.00695	0.00826	0.00859	0.00495	0.00546	0.00840	0.01134	0.01512	0.03224	0.73664	0.03863	0.06844	0.00916	0.00266	0.00364	0.01656	0.00546	0.00481
26	0.00861	0.00637	0.00928	0.00928	0.01022	0.00731	0.00704	0.01050	0.00955	0.01368	0.01647	0.02558	0.01589	0.13720	0.67382	0.00919	0.01484	0.00673	0.00328	0.00516
27	0.01247	0.01069	0.01247	0.00891	0.01426	0.00802	0.00713	0.01515	0.01247	0.01960	0.01069	0.01247	0.00891	0.00446	0.00446	0.00089	0.00446	0.00356	0.00356	0.82536
28	0.01849	0.01339	0.01458	0.01216	0.01604	0.01474	0.00970	0.25410	0.37364	0.11900	0.02292	0.02171	0.05230	0.02106	0.00654	0.00201	0.00533	0.00659	0.00618	0.00952
29	0.01247	0.01069	0.01247	0.00891	0.01426	0.00802	0.00713	0.01515	0.01247	0.01960	0.01069	0.01247	0.00891	0.00446	0.00446	0.00089	0.00446	0.00356	0.00356	0.82536
30	0.01622	0.06557	0.01564	0.01067	0.01582	0.01267	0.00879	0.25662	0.01779	0.02541	0.01180	0.01295	0.00927	0.00543	0.00494	0.00123	0.00532	0.00416	0.00432	0.49537
31	0.01186	0.00670	0.00842	0.00834	0.01021	0.00593	0.00619	0.01341	0.01357	0.18531	0.03922	0.36494	0.24499	0.01507	0.00716	0.00220	0.00381	0.04045	0.00601	0.00620
32	0.02045	0.04974	0.01827	0.01472	0.01792	0.29395	0.01182	0.29432	0.01957	0.02359	0.01095	0.01267	0.00874	0.00745	0.00857	0.00186	0.16839	0.00473	0.00411	0.00818
33	0.01706	0.01857	0.02176	0.05436	0.48037	0.24540	0.01614	0.01996	0.01454	0.01784	0.01057	0.01363	0.00888	0.00579	0.00619	0.00175	0.03073	0.00490	0.00300	0.00856
34	0.00789	0.00597	0.00737	0.00797	0.00924	0.00545	0.00600	0.00973	0.01365	0.01774	0.17493	0.29068	0.26735	0.01609	0.00750	0.00227	0.00359	0.13561	0.00577	0.00521
35	0.01175	0.07443	0.26379	0.01208	0.01714	0.01094	0.01252	0.05112	0.01322	0.01885	0.01749	0.19231	0.01746	0.00928	0.00595	0.00181	0.00607	0.06161	0.00388	0.19831
36	0.01526	0.01499	0.02406	0.03588	0.71549	0.05072	0.01813	0.01873	0.01386	0.01941	0.01122	0.01469	0.00944	0.00540	0.00593	0.00178	0.00733	0.00529	0.00298	0.00940
37	0.00919	0.00596	0.00854	0.00854	0.00909	0.00651	0.00611	0.00949	0.00894	0.01247	0.01491	0.02490	0.01490	0.17448	0.40393	0.25732	0.01091	0.00650	0.00311	0.00421
38	0.01489	0.01429	0.02442	0.03692	0.75106	0.01429	0.01846	0.01846	0.01370	0.01965	0.01132	0.01489	0.00953	0.00536	0.00596	0.00179	0.00715	0.00536	0.00298	0.00953
39	0.01352	0.01290	0.02195	0.32253	0.47614	0.01393	0.01778	0.01726	0.01305	0.01799	0.01107	0.01533	0.00894	0.00561	0.00598	0.00187	0.00748	0.00535	0.00286	0.00843
40	0.01792	0.01429	0.02108	0.02807	0.48784	0.04524	0.01537	0.07445	0.06462	0.14947	0.01452	0.01617	0.01104	0.00609	0.00597	0.00181	0.00675	0.00552	0.00420	0.00960
41	0.00931	0.00582	0.00807	0.00807	0.00843	0.00618	0.00552	0.00909	0.00873	0.01200	0.01495	0.02651	0.01548	0.26291	0.27551	0.30065	0.00908	0.00671	0.00313	0.00386
42	0.00869	0.00606	0.00774	0.00774	0.00815	0.00647	0.00511	0.00950	0.00910	0.01254	0.01788	0.03341	0.01928	0.50686	0.30880	0.00729	0.00973	0.00788	0.00349	0.00430
43	0.01365	0.01392	0.02634	0.24240	0.30697	0.01434	0.25752	0.01786	0.01339	0.01831	0.01143	0.01567	0.00896	0.00545	0.00636	0.00193	0.00840	0.00594	0.00291	0.00824
44	0.01475	0.01188	0.01856	0.29319	0.27239	0.01293	0.01484	0.02000	0.11065	0.10856	0.01543	0.05437	0.01230	0.00688	0.00609	0.00194	0.00671	0.00620	0.00396	0.00837
45	0.01805	0.01964	0.01609	0.01425	0.01628	0.37362	0.01110	0.02037	0.05088	0.05966	0.05849	0.01611	0.01251	0.04097	0.01102	0.00212	0.24303	0.00523	0.00362	0.00695
46	0.00957	0.01132	0.11851	0.01143	0.01483	0.00825	0.12530	0.01302	0.01508	0.02055	0.34352	0.03909	0.22338	0.01096	0.00690	0.00195	0.00494	0.00983	0.00519	0.00637
47	0.01700	0.68252	0.02944	0.01104	0.01589	0.13019	0.01048	0.01888	0.01292	0.01424	0.00850	0.00982	0.00772	0.00530	0.00408	0.00132	0.00707	0.00331	0.00265	0.00761
48	0.01613	0.01330	0.01769	0.09031	0.19519	0.02701	0.02632	0.16969	0.01646	0.06055	0.01231	0.01427	0.00954	0.00561	0.00545	0.00149	0.00617	0.00476	0.00404	0.30369
49	0.02045	0.12938	0.05466	0.01416	0.01813	0.42277	0.01163	0.12091	0.09650	0.03880	0.01199	0.01279	0.00942	0.00642	0.00540	0.00163	0.00875	0.00440	0.00385	0.00798
50	0.00793	0.00556	0.00673	0.00742	0.00774	0.00531	0.00467	0.00856	0.01048	0.01382	0.02905	0.40665	0.08467	0.35321	0.01761	0.00389	0.00448	0.01314	0.00474	0.00436
51	0.01604	0.47425	0.02419	0.01025	0.01521	0.01842	0.00945	0.09341	0.01440	0.04456	0.04633	0.01289	0.01090	0.00565	0.00445	0.00131	0.00580	0.00400	0.00353	0.18495
52	0.01268	0.01143	0.10570	0.00973	0.01349	0.00850	0.00880	0.06826	0.02948	0.11190	0.16247	0.04899	0.21406	0.01039	0.00639	0.00183	0.00464	0.04250	0.00537	0.12339
53	0.01973	0.29114	0.02187	0.01334	0.01729	0.40188	0.01099	0.07026	0.06987	0.01687	0.01045	0.01154	0.00870	0.00605	0.00497	0.00151	0.00858	0.00397	0.00334	0.00764
54	0.01985	0.01487	0.01628	0.01288	0.01726	0.03758	0.03105	0.40684	0.16763	0.08424	0.01771	0.01739	0.02639	0.00728	0.00590	0.00178	0.00601	0.00575	0.03306	0.07025
55	0.01698	0.01454	0.01544	0.01430	0.07165	0.12179	0.03715	0.09625	0.25415	0.09533	0.04311	0.07530	0.01652	0.00793	0.00600	0.00181	0.00606	0.00663	0.00516	0.09391
56	0.01332	0.00872	0.01156	0.01227	0.10882	0.00861	0.00780	0.06812	0.03599	0.12437	0.22539	0.03220	0.02798	0.25021	0.03597	0.00331	0.00538	0.00815	0.00518	0.00665
57	0.31698	0.05750	0.08317	0.01079	0.01448	0.02372	0.05953	0.07674	0.01380	0.02359	0.13309	0.12677	0.02010	0.00866	0.00549	0.00192	0.00535	0.00704	0.00442	0.00688
58	0.01774	0.35432	0.08048	0.01228	0.01708	0.09991	0.03840	0.09432	0.04956	0.10374	0.06691	0.01523	0.01300	0.00646	0.00512	0.00159	0.00677	0.00482	0.00403	0.00823
59	0.07503	0.09955	0.10875	0.01289	0.06567	0.07892	0.03442	0.01755	0.01467	0.09697	0.21825	0.02394	0.03706	0.00795	0.00580	0.00173	0.00581	0.01975	0.00457	0.07074
60	0.01686	0.14787	0.03242	0.01519	0.14974	0.04877	0.01047	0.02055	0.07572	0.20212	0.12614	0.05379	0.02009	0.04576	0.00704	0.00197	0.00567	0.00667	0.00497	0.00820
61	0.01251	0.05563	0.02681	0.01351	0.06686	0.06389	0.08960	0.04078	0.05712	0.03012	0.09390	0.25211	0.02380	0.01032	0.00634	0.00186	0.00557	0.00927	0.00458	0.13540
62	0.04667	0.06441	0.13507	0.04210	0.10573	0.11155	0.06454	0.09856	0.10586	0.02139	0.01262	0.01416	0.00978	0.00593	0.00551	0.00166	0.00722	0.00484	0.00374	0.13866

[dist]
# distance from previous block
# <min> <max>
16	58

[block]
# block no. 1 follows, 38 sequences, length 25
# corresponding to MSA columns:
# 141-165
name=unknown_B
#
# <colnr> <probs for GDERKNQSTAVLIFYWHMCP>
#	G	D	E	R	K	N	Q	S	T	A	V	L	I	F	Y	W	H	M	C	P
0	0.01390	0.01204	0.01226	0.01058	0.01364	0.09129	0.00817	0.14329	0.09404	0.02254	0.13570	0.12821	0.03582	0.01236	0.06886	0.00237	0.00611	0.00774	0.00501	0.17609
1	0.01221	0.01079	0.01267	0.11040	0.01700	0.06524	0.00912	0.05213	0.05777	0.01791	0.01470	0.06226	0.01314	0.01912	0.25036	0.00413	0.00923	0.00584	0.00371	0.25226
2	0.02694	0.02480	0.01058	0.01095	0.05158	0.09358	0.00741	0.07137	0.02449	0.01771	0.05120	0.38685	0.07887	0.09006	0.02312	0.00263	0.00529	0.01177	0.00491	0.00590
3	0.19859	0.01799	0.29557	0.01172	0.01686	0.01218	0.01257	0.01971	0.13445	0.02269	0.03716	0.01653	0.01219	0.00655	0.00509	0.00182	0.00588	0.00499	0.15974	0.00773
4	0.01366	0.00942	0.01482	0.01642	0.16655	0.00921	0.06657	0.01576	0.01301	0.16003	0.02297	0.33240	0.02352	0.05470	0.00887	0.00236	0.04701	0.01062	0.00494	0.00717
5	0.06276	0.00806	0.00948	0.00892	0.01102	0.00799	0.00684	0.06985	0.06143	0.09900	0.20970	0.17526	0.12217	0.05068	0.00799	0.00228	0.00413	0.07007	0.00589	0.00648
6	0.14229	0.00965	0.01056	0.00881	0.01220	0.00924	0.00693	0.09932	0.01465	0.10085	0.06237	0.11897	0.01747	0.00809	0.00524	0.00161	0.00430	0.00658	0.14221	0.21867
7	0.00840	0.00665	0.00953	0.17883	0.01606	0.00693	0.00807	0.01031	0.01223	0.01609	0.08282	0.46135	0.09158	0.03116	0.00772	0.00235	0.00453	0.03506	0.00497	0.00536
8	0.00931	0.00653	0.00801	0.00810	0.00953	0.00610	0.00603	0.03678	0.01434	0.04842	0.22265	0.22928	0.20318	0.07462	0.00911	0.00246	0.00381	0.09046	0.00579	0.00552
9	0.07620	0.00894	0.00988	0.00901	0.01151	0.00919	0.00688	0.05034	0.18030	0.11204	0.12485	0.11993	0.14613	0.05116	0.00756	0.00218	0.00413	0.00913	0.05356	0.00708
10	0.30344	0.00794	0.00790	0.00772	0.00926	0.00873	0.00548	0.01221	0.00974	0.01793	0.01635	0.11123	0.01737	0.30716	0.12994	0.00461	0.00671	0.00738	0.00383	0.00508
11	0.00827	0.00585	0.00744	0.00799	0.00869	0.00559	0.00560	0.00970	0.01246	0.01680	0.19509	0.30067	0.06510	0.21596	0.01354	0.00322	0.00420	0.10369	0.00532	0.00484
12	0.01095	0.00675	0.00872	0.00864	0.01000	0.00678	0.00634	0.01321	0.04448	0.10535	0.04343	0.21013	0.06658	0.15183	0.19696	0.00461	0.00724	0.03957	0.05266	0.00575
13	0.01450	0.01006	0.01275	0.01380	0.13554	0.01024	0.00872	0.17665	0.01577	0.08510	0.02160	0.12613	0.06345	0.19297	0.01193	0.00282	0.00542	0.00826	0.07718	0.00713
14	0.01596	0.01263	0.01354	0.01168	0.01518	0.01407	0.00922	0.17873	0.45114	0.05248	0.06809	0.02531	0.08756	0.00884	0.00625	0.00197	0.00490	0.00727	0.00612	0.00906
15	0.01103	0.00668	0.00835	0.00805	0.00928	0.00647	0.00560	0.01284	0.03854	0.11520	0.13310	0.17877	0.06649	0.29109	0.07809	0.00405	0.00551	0.01024	0.00513	0.00550
16	0.00876	0.00659	0.00822	0.00832	0.00975	0.00618	0.00613	0.01159	0.05631	0.01933	0.27661	0.27966	0.10225	0.04920	0.00823	0.00228	0.00365	0.07482	0.00575	0.05636
17	0.06123	0.00801	0.00984	0.00939	0.01150	0.00778	0.00716	0.08467	0.01498	0.16862	0.08457	0.35417	0.06986	0.01374	0.00693	0.00219	0.00429	0.06840	0.00597	0.00671
18	0.01270	0.00685	0.00807	0.00758	0.00945	0.00655	0.00566	0.01569	0.05374	0.14375	0.12173	0.13923	0.07742	0.05865	0.00735	0.00205	0.00361	0.00881	0.30475	0.00635
19	0.01492	0.00860	0.01057	0.00940	0.01180	0.00857	0.00709	0.01990	0.16652	0.22325	0.16281	0.08553	0.04039	0.14560	0.05495	0.00309	0.00521	0.00855	0.00594	0.00731
20	0.01858	0.01337	0.01470	0.01210	0.01577	0.01461	0.00962	0.38670	0.18559	0.08241	0.05231	0.08969	0.01780	0.04920	0.00752	0.00213	0.00559	0.00726	0.00601	0.00904
21	0.01293	0.01040	0.01349	0.16325	0.04997	0.01079	0.00997	0.16282	0.04054	0.02193	0.06990	0.22561	0.02109	0.00996	0.00627	0.00187	0.00536	0.00867	0.00472	0.15045
22	0.07585	0.00745	0.01036	0.09081	0.01332	0.00769	0.06240	0.01089	0.01052	0.01506	0.02116	0.26765	0.02380	0.33750	0.01674	0.00374	0.00557	0.01044	0.00411	0.00494
23	0.01134	0.08671	0.01643	0.14035	0.10177	0.01180	0.05232	0.01558	0.08860	0.01657	0.01828	0.06351	0.05943	0.02065	0.26503	0.00456	0.00975	0.00687	0.00361	0.00684
24	0.12250	0.15670	0.01488	0.13176	0.01622	0.01273	0.00840	0.05689	0.03726	0.04860	0.01402	0.02214	0.01331	0.27307	0.01364	0.00310	0.00606	0.00584	0.00368	0.03919

[dist]
# distance from previous block
# <min> <max>
0	24

[block]
# block no. 2 follows, 38 sequences, length 25
# corresponding to MSA columns:
# 190-212,215,216
name=unknown_C
#
# <colnr> <probs for GDERKNQSTAVLIFYWHMCP>
#	G	D	E	R	K	N	Q	S	T	A	V	L	I	F	Y	W	H	M	C	P
0	0.01439	0.01166	0.01242	0.01105	0.01416	0.05183	0.00850	0.06298	0.32906	0.06793	0.02216	0.16207	0.01954	0.01174	0.05375	0.00238	0.00565	0.00795	0.00539	0.12540
1	0.04088	0.00745	0.00894	0.00861	0.01035	0.00742	0.00644	0.01422	0.08147	0.07001	0.10228	0.12257	0.07148	0.16327	0.08782	0.00352	0.00563	0.08391	0.05151	0.05222
2	0.16929	0.06066	0.01376	0.01073	0.01434	0.01311	0.00900	0.25507	0.01837	0.10497	0.05217	0.02861	0.08228	0.00942	0.00601	0.00199	0.00541	0.13150	0.00543	0.00789
3	0.01763	0.01347	0.01545	0.05451	0.05615	0.01474	0.01062	0.41865	0.09003	0.02922	0.02029	0.06376	0.06096	0.05329	0.00772	0.00218	0.00604	0.05117	0.00547	0.00866
4	0.05973	0.00836	0.01002	0.00947	0.01135	0.00844	0.00707	0.13093	0.01479	0.11257	0.05122	0.31649	0.02663	0.09954	0.01038	0.04633	0.00475	0.06016	0.00545	0.00635
5	0.01380	0.00991	0.01102	0.00972	0.01196	0.01041	0.00729	0.28399	0.01794	0.02427	0.06598	0.20433	0.07995	0.15740	0.01105	0.00271	0.00500	0.00966	0.05681	0.00679
6	0.00908	0.00645	0.00856	0.00881	0.00977	0.00683	0.00641	0.04813	0.01170	0.01645	0.05154	0.29408	0.02582	0.09712	0.31315	0.00553	0.00886	0.01048	0.05589	0.00533
7	0.01104	0.00736	0.00883	0.00857	0.00999	0.00744	0.00608	0.03969	0.08979	0.08386	0.02801	0.21450	0.11251	0.23667	0.10440	0.00410	0.00601	0.01039	0.00500	0.00580
8	0.12808	0.00705	0.00766	0.00764	0.00916	0.00706	0.00545	0.01267	0.04000	0.05771	0.09558	0.24008	0.11153	0.15089	0.01058	0.00271	0.00403	0.01039	0.08618	0.00553
9	0.04881	0.01041	0.01231	0.01007	0.01311	0.01050	0.00775	0.19886	0.01676	0.27979	0.01895	0.02453	0.01556	0.24913	0.05371	0.00348	0.00628	0.00664	0.00556	0.00782
10	0.00811	0.00562	0.00699	0.00760	0.00784	0.00555	0.00480	0.00874	0.01004	0.01347	0.02498	0.36607	0.02923	0.39252	0.07719	0.00464	0.00560	0.01225	0.00447	0.00432
11	0.00750	0.00553	0.00694	0.00793	0.00866	0.00508	0.00546	0.00872	0.01207	0.01576	0.06411	0.55330	0.17115	0.05932	0.00881	0.00254	0.00359	0.04310	0.00552	0.00491
12	0.10902	0.00841	0.00929	0.00885	0.01077	0.00863	0.00655	0.14031	0.01513	0.03344	0.10540	0.32221	0.11582	0.06818	0.00837	0.00238	0.00426	0.01138	0.00544	0.00615
13	0.10811	0.00987	0.01307	0.16142	0.01825	0.01141	0.01004	0.05586	0.01271	0.11653	0.01859	0.24143	0.01842	0.02354	0.00920	0.00227	0.14935	0.00870	0.00449	0.00674
14	0.00746	0.00553	0.00697	0.00783	0.00865	0.00504	0.00541	0.00887	0.01275	0.01683	0.14474	0.53910	0.17440	0.01720	0.00749	0.00228	0.00331	0.01535	0.00574	0.00504
15	0.00829	0.00603	0.00843	0.00875	0.00951	0.00649	0.00634	0.00989	0.01047	0.01462	0.06680	0.22107	0.02496	0.14530	0.41684	0.00678	0.01056	0.00977	0.00410	0.00501
16	0.04733	0.01023	0.01279	0.14271	0.11508	0.05257	0.01022	0.04322	0.05550	0.02818	0.02541	0.18371	0.11699	0.01096	0.00646	0.00206	0.00551	0.07045	0.05394	0.00667
17	0.01404	0.31949	0.18401	0.01091	0.01573	0.01527	0.01133	0.01817	0.05201	0.06048	0.11090	0.01816	0.01632	0.00679	0.00500	0.00159	0.00582	0.00521	0.12114	0.00764
18	0.00985	0.00808	0.01213	0.10185	0.09965	0.00910	0.00950	0.01187	0.01068	0.01486	0.01788	0.13770	0.01848	0.13519	0.28917	0.00548	0.06412	0.03505	0.00359	0.00578
19	0.57799	0.01237	0.01351	0.03576	0.22269	0.01372	0.01017	0.01785	0.01127	0.02461	0.00927	0.01139	0.00741	0.00553	0.00442	0.00184	0.00545	0.00391	0.00348	0.00738
20	0.08968	0.00962	0.01199	0.10031	0.06753	0.01054	0.00921	0.02983	0.20513	0.04809	0.02358	0.26245	0.04266	0.01298	0.04671	0.00252	0.00549	0.00956	0.00498	0.00713
21	0.01303	0.01235	0.01930	0.01433	0.03966	0.01022	0.21113	0.01640	0.01299	0.01951	0.01113	0.01360	0.00899	0.00465	0.00524	0.00124	0.00613	0.00461	0.00340	0.57207
22	0.01438	0.01236	0.01896	0.12528	0.36608	0.01175	0.01388	0.01763	0.01329	0.06534	0.01181	0.01460	0.00946	0.00528	0.00547	0.00153	0.00625	0.00481	0.00341	0.27843
23	0.01054	0.00986	0.01335	0.02557	0.01418	0.06655	0.12032	0.01273	0.01331	0.01708	0.12343	0.15778	0.15177	0.09781	0.01050	0.00258	0.05018	0.09201	0.00469	0.00576
24	0.01802	0.06897	0.06153	0.12012	0.16620	0.28727	0.01391	0.11502	0.01642	0.01935	0.01067	0.01293	0.00852	0.00596	0.00555	0.00166	0.00845	0.00454	0.00337	0.05153

[dist]
# distance from previous block
# <min> <max>
0	15

[block]
# block no. 3 follows, 38 sequences, length 6
# corresponding to MSA columns:
# 232-237
name=unknown_D
#
# <colnr> <probs for GDERKNQSTAVLIFYWHMCP>
#	G	D	E	R	K	N	Q	S	T	A	V	L	I	F	Y	W	H	M	C	P
0	0.05295	0.00830	0.00953	0.00879	0.01063	0.00822	0.00645	0.10991	0.01373	0.01946	0.08960	0.14401	0.02529	0.27211	0.01457	0.00326	0.00505	0.08798	0.00475	0.10542
1	0.01714	0.11220	0.08559	0.01171	0.01650	0.01429	0.01047	0.25327	0.06765	0.08459	0.07784	0.04193	0.01532	0.00720	0.00558	0.00163	0.00573	0.00570	0.00497	0.16070
2	0.00870	0.00602	0.00870	0.00905	0.00985	0.00648	0.00677	0.00980	0.01010	0.01394	0.02102	0.16966	0.04868	0.03294	0.41424	0.15297	0.01064	0.05186	0.00379	0.00479
3	0.07982	0.00636	0.00723	0.00725	0.00830	0.00620	0.00496	0.01024	0.01246	0.01796	0.24630	0.17123	0.12047	0.25868	0.01434	0.00325	0.00408	0.01085	0.00512	0.00490
4	0.01686	0.01713	0.07463	0.08556	0.02680	0.08062	0.35885	0.10724	0.05924	0.09148	0.01381	0.01606	0.01004	0.00597	0.00648	0.00193	0.00871	0.00617	0.00395	0.00848
5	0.01483	0.01149	0.01682	0.17663	0.02146	0.01260	0.10378	0.17158	0.01525	0.07926	0.01525	0.04267	0.01346	0.18671	0.03755	0.00313	0.05946	0.00678	0.00415	0.00714

[dist]
# distance from previous block
# <min> <max>
0	1

[block]
# block no. 4 follows, 38 sequences, length 41
# corresponding to MSA columns:
# 239-244,249-283
name=unknown_E
#
# <colnr> <probs for GDERKNQSTAVLIFYWHMCP>
#	G	D	E	R	K	N	Q	S	T	A	V	L	I	F	Y	W	H	M	C	P
0	0.01070	0.00724	0.00854	0.00843	0.00970	0.00713	0.00598	0.09038	0.01327	0.05461	0.02961	0.25359	0.12575	0.26925	0.01493	0.00343	0.00481	0.07212	0.00509	0.00543
1	0.09344	0.01461	0.01816	0.01481	0.01801	0.09778	0.13662	0.18694	0.01611	0.03375	0.01400	0.05483	0.01229	0.01280	0.10330	0.00300	0.11991	0.03802	0.00409	0.00753
2	0.01709	0.24862	0.02045	0.01235	0.01604	0.11651	0.03999	0.21915	0.01728	0.02175	0.01467	0.13115	0.01377	0.00829	0.00610	0.00174	0.03973	0.00642	0.04113	0.00777
3	0.05315	0.40404	0.24624	0.01329	0.01942	0.01916	0.05029	0.05347	0.05711	0.01829	0.01055	0.01191	0.00847	0.00562	0.00481	0.00161	0.00718	0.00411	0.00302	0.00826
4	0.01951	0.01495	0.01729	0.06464	0.20426	0.15384	0.01252	0.08754	0.01637	0.22468	0.01642	0.02011	0.01281	0.00918	0.04469	0.00225	0.00762	0.05798	0.00471	0.00863
5	0.21913	0.00834	0.00906	0.00878	0.01099	0.00868	0.00692	0.01530	0.06767	0.06840	0.19990	0.10532	0.06457	0.04920	0.00751	0.00230	0.00428	0.13198	0.00542	0.00624
6	0.01292	0.01341	0.02267	0.01799	0.02002	0.01614	0.23774	0.01542	0.01110	0.01611	0.01294	0.05329	0.04445	0.00943	0.01459	0.00241	0.46265	0.00676	0.00304	0.00691
7	0.15761	0.00863	0.01079	0.00977	0.01220	0.00940	0.00780	0.05226	0.01219	0.16228	0.01616	0.02011	0.01327	0.02887	0.44403	0.00637	0.01147	0.00575	0.00428	0.00677
8	0.00778	0.00589	0.00721	0.00796	0.00898	0.00547	0.00563	0.00975	0.03855	0.01685	0.10920	0.46259	0.21747	0.02754	0.00777	0.00233	0.00348	0.04470	0.00568	0.00519
9	0.01498	0.01006	0.01191	0.01089	0.01335	0.01049	0.00862	0.23270	0.05050	0.09306	0.02440	0.19819	0.02439	0.09226	0.00945	0.00260	0.00538	0.17382	0.00571	0.00726
10	0.00864	0.00625	0.00868	0.00868	0.00941	0.00698	0.00628	0.01011	0.00937	0.01323	0.01702	0.02866	0.01722	0.28253	0.53032	0.00844	0.01283	0.00718	0.00336	0.00482
11	0.18294	0.01284	0.01270	0.01090	0.01413	0.04455	0.00857	0.30651	0.07264	0.02777	0.01778	0.16563	0.01639	0.03693	0.00665	0.00207	0.00545	0.00743	0.04031	0.00781
12	0.01011	0.00625	0.00792	0.00833	0.00956	0.00585	0.00616	0.01175	0.01278	0.08666	0.07557	0.31405	0.11229	0.11028	0.01009	0.00270	0.00415	0.13348	0.06652	0.00548
13	0.01192	0.00753	0.00866	0.00803	0.00989	0.00712	0.00579	0.08339	0.01400	0.12067	0.03547	0.17145	0.26172	0.21176	0.01296	0.00303	0.00448	0.01081	0.00539	0.00591
14	0.01056	0.00831	0.00952	0.00941	0.01098	0.00889	0.00675	0.01761	0.28239	0.01964	0.12786	0.27880	0.03135	0.13704	0.01069	0.00276	0.00425	0.01107	0.00562	0.00652
15	0.15592	0.00761	0.00839	0.00800	0.00972	0.00761	0.00584	0.01370	0.01152	0.12327	0.02446	0.08175	0.09471	0.32012	0.01588	0.00360	0.00506	0.09254	0.00475	0.00555
16	0.01477	0.01047	0.01280	0.01117	0.01340	0.04416	0.05128	0.12551	0.05008	0.12283	0.02130	0.16139	0.02097	0.20848	0.01342	0.00307	0.04194	0.06114	0.00504	0.00679
17	0.01212	0.00808	0.01009	0.00972	0.01188	0.00796	0.00794	0.10145	0.01606	0.09063	0.14689	0.08514	0.15915	0.01549	0.05306	0.00269	0.00530	0.24407	0.00582	0.00646
18	0.01417	0.01157	0.01562	0.01616	0.20148	0.00967	0.01013	0.01705	0.01314	0.07453	0.01182	0.01368	0.00951	0.00491	0.00496	0.00119	0.00519	0.00421	0.00370	0.55730
19	0.01485	0.21192	0.01926	0.01404	0.11811	0.11471	0.01007	0.01780	0.04187	0.01759	0.01358	0.01501	0.05359	0.00579	0.00487	0.00132	0.00612	0.00445	0.00339	0.31168
20	0.02205	0.01387	0.01777	0.07329	0.13641	0.01444	0.01213	0.34003	0.02121	0.26191	0.01662	0.01656	0.01144	0.00691	0.00602	0.00184	0.00633	0.00560	0.00574	0.00986
21	0.01015	0.00646	0.00822	0.00811	0.00950	0.00584	0.00571	0.01169	0.01301	0.09067	0.18688	0.34681	0.05964	0.13562	0.01072	0.00266	0.00393	0.01216	0.00554	0.06665
22	0.01148	0.00778	0.00980	0.00859	0.01130	0.00654	0.00647	0.01366	0.01391	0.10132	0.21319	0.25735	0.03160	0.01124	0.00631	0.00174	0.00381	0.00990	0.00542	0.26861
23	0.00849	0.00612	0.00770	0.00790	0.00929	0.00582	0.00583	0.01020	0.01265	0.04720	0.11185	0.24474	0.28192	0.02260	0.18492	0.00391	0.00630	0.01196	0.00522	0.00537
24	0.00948	0.00710	0.00852	0.00869	0.00973	0.00744	0.00614	0.01330	0.13650	0.01629	0.05567	0.20582	0.05551	0.27020	0.10364	0.00431	0.00607	0.06534	0.00481	0.00543
25	0.01452	0.00718	0.00943	0.00895	0.01109	0.00636	0.00665	0.01609	0.01388	0.28701	0.03312	0.41462	0.11801	0.01422	0.00701	0.00218	0.00403	0.01250	0.00627	0.00687
26	0.01595	0.01257	0.01414	0.01070	0.01548	0.01173	0.00861	0.28042	0.01827	0.02608	0.01376	0.07085	0.01171	0.00656	0.00528	0.00135	0.00519	0.00526	0.00463	0.46147
27	0.01170	0.01119	0.01786	0.01321	0.01790	0.00946	0.22322	0.01487	0.01348	0.01906	0.05932	0.02447	0.16117	0.00723	0.00592	0.00151	0.00579	0.00685	0.00397	0.37181
28	0.01158	0.00691	0.00852	0.00818	0.00949	0.00659	0.00568	0.04868	0.01315	0.12348	0.12756	0.25522	0.06162	0.26850	0.01479	0.00335	0.00454	0.01110	0.00538	0.00564
29	0.00807	0.00602	0.00736	0.00797	0.00887	0.00573	0.00548	0.01030	0.05634	0.01693	0.13589	0.45021	0.14358	0.09634	0.00979	0.00263	0.00365	0.01409	0.00556	0.00518
30	0.01651	0.01369	0.01447	0.01255	0.01623	0.01568	0.00990	0.16852	0.60112	0.02766	0.02252	0.02088	0.01677	0.00798	0.00610	0.00199	0.00512	0.00653	0.00610	0.00966
31	0.15874	0.00875	0.00957	0.00855	0.01121	0.00882	0.00666	0.08919	0.01481	0.17331	0.05852	0.16828	0.06570	0.00991	0.00567	0.00188	0.00414	0.00817	0.18113	0.00702
32	0.00995	0.00676	0.00824	0.00842	0.00968	0.00652	0.00599	0.07604	0.01408	0.04938	0.12280	0.43889	0.10654	0.06210	0.00856	0.00241	0.00383	0.01335	0.04078	0.00567
33	0.00722	0.00568	0.00652	0.00720	0.00842	0.00499	0.00506	0.00851	0.01265	0.01582	0.04753	0.40861	0.40655	0.01698	0.00738	0.00223	0.00326	0.01482	0.00559	0.00499
34	0.22927	0.01302	0.01065	0.00959	0.01234	0.15736	0.00744	0.07571	0.03315	0.02331	0.22153	0.02613	0.09903	0.00885	0.00562	0.00180	0.00526	0.00687	0.04650	0.00656
35	0.01251	0.00812	0.00981	0.00940	0.01107	0.00820	0.00687	0.12138	0.05616	0.09092	0.03559	0.33762	0.05062	0.12641	0.01130	0.04456	0.00469	0.04310	0.00544	0.00623
36	0.05228	0.08729	0.01543	0.01148	0.01488	0.10566	0.00929	0.20532	0.01706	0.15810	0.01536	0.01807	0.01220	0.06086	0.18584	0.00382	0.00896	0.00548	0.00471	0.00791
37	0.01430	0.01134	0.01585	0.08638	0.08751	0.01222	0.06683	0.14337	0.12043	0.06606	0.02071	0.19903	0.03203	0.01206	0.04957	0.00251	0.03842	0.00871	0.00488	0.00779
38	0.00757	0.00581	0.00701	0.00784	0.00901	0.00525	0.00575	0.00905	0.01272	0.01608	0.04407	0.39439	0.32202	0.01709	0.00754	0.00232	0.00360	0.11224	0.00558	0.00505
39	0.00984	0.00650	0.00928	0.00955	0.01074	0.00688	0.00736	0.01177	0.01122	0.07012	0.02292	0.20288	0.02370	0.05709	0.40257	0.00632	0.01056	0.11067	0.00442	0.00559
40	0.06622	0.01438	0.07612	0.15942	0.39540	0.01364	0.05255	0.04773	0.01379	0.04878	0.01263	0.04980	0.01052	0.00627	0.00595	0.00188	0.00716	0.00581	0.00336	0.00856

[dist]
# distance from previous block
# <min> <max>
0	3

[block]
# block no. 5 follows, 38 sequences, length 9
# corresponding to MSA columns:
# 287-295
name=unknown_F
#
# <colnr> <probs for GDERKNQSTAVLIFYWHMCP>
#	G	D	E	R	K	N	Q	S	T	A	V	L	I	F	Y	W	H	M	C	P
0	0.22895	0.01266	0.01788	0.05221	0.30272	0.01334	0.05212	0.04041	0.01269	0.02137	0.01182	0.06362	0.01049	0.00663	0.00631	0.00185	0.05621	0.00551	0.00346	0.07976
1	0.01813	0.09660	0.01839	0.05502	0.01840	0.06393	0.03986	0.36737	0.02018	0.02662	0.01381	0.05657	0.01160	0.03929	0.02230	0.00205	0.03584	0.00576	0.00464	0.08363
2	0.23118	0.01095	0.01273	0.01205	0.06142	0.01177	0.03769	0.16732	0.01539	0.04651	0.06137	0.14864	0.05659	0.03412	0.04878	0.00252	0.02128	0.00775	0.00478	0.00714
3	0.00797	0.00575	0.00686	0.00757	0.00844	0.00534	0.00529	0.00920	0.01186	0.01554	0.03688	0.34998	0.21802	0.15897	0.01164	0.00294	0.00397	0.08061	0.04838	0.00481
4	0.01258	0.01044	0.01222	0.00920	0.01390	0.00839	0.00733	0.06203	0.01374	0.02076	0.05074	0.06083	0.01401	0.00624	0.00500	0.00115	0.00449	0.02571	0.00406	0.65718
5	0.08501	0.01145	0.01402	0.03549	0.09308	0.01119	0.00942	0.13098	0.04346	0.08300	0.03936	0.10856	0.01508	0.00770	0.00596	0.00164	0.02756	0.00633	0.00462	0.26608
6	0.01009	0.00849	0.06909	0.00854	0.01039	0.00678	0.00678	0.01238	0.05074	0.06823	0.10967	0.20906	0.16192	0.17244	0.01287	0.05663	0.00455	0.01076	0.00502	0.00556
7	0.00748	0.00588	0.00679	0.00725	0.00866	0.00519	0.00530	0.00906	0.01338	0.01690	0.12264	0.28381	0.41322	0.01613	0.00736	0.00219	0.00331	0.05465	0.00569	0.00511
8	0.01418	0.01634	0.07454	0.12844	0.20109	0.06755	0.31515	0.01884	0.03627	0.01852	0.01267	0.04525	0.01035	0.00602	0.00646	0.00194	0.00868	0.00642	0.00314	0.00814

[dist]
# distance from previous block
# <min> <max>
0	2

[block]
# block no. 6 follows, 38 sequences, length 41
# corresponding to MSA columns:
# 298-338
name=unknown_G
#
# <colnr> <probs for GDERKNQSTAVLIFYWHMCP>
#	G	D	E	R	K	N	Q	S	T	A	V	L	I	F	Y	W	H	M	C	P
0	0.08496	0.15029	0.01937	0.07569	0.01875	0.12271	0.09395	0.06146	0.01346	0.04026	0.01169	0.01495	0.00977	0.01408	0.16334	0.00334	0.04289	0.00494	0.00336	0.05072
1	0.00947	0.00770	0.01044	0.01169	0.09830	0.00753	0.00751	0.01122	0.01137	0.01565	0.02590	0.16283	0.14671	0.13194	0.19346	0.00434	0.02660	0.00923	0.00411	0.10400
2	0.00906	0.00624	0.00770	0.00752	0.00903	0.00566	0.00556	0.01112	0.01485	0.05839	0.37768	0.13700	0.21741	0.07009	0.00887	0.00231	0.00340	0.03655	0.00603	0.00552
3	0.06538	0.01667	0.01714	0.18540	0.10969	0.25913	0.04861	0.01798	0.01383	0.01690	0.05038	0.05769	0.01282	0.00969	0.05554	0.00236	0.04468	0.00582	0.00333	0.00694
4	0.01587	0.01791	0.15407	0.05135	0.34390	0.06015	0.01663	0.08089	0.04859	0.05903	0.01228	0.01473	0.00962	0.00640	0.00723	0.00190	0.08177	0.00520	0.00350	0.00897
5	0.04936	0.00674	0.00793	0.00753	0.00913	0.00631	0.00539	0.01286	0.01315	0.12273	0.17286	0.14173	0.15619	0.19799	0.01232	0.00290	0.00409	0.01019	0.05494	0.00566
6	0.01001	0.00714	0.00858	0.00839	0.00976	0.00714	0.00607	0.01392	0.11992	0.04496	0.26363	0.13734	0.07543	0.19834	0.01270	0.00299	0.00419	0.05811	0.00560	0.00577
7	0.09873	0.01325	0.01647	0.11272	0.14720	0.01464	0.01220	0.25320	0.12103	0.02663	0.04124	0.02143	0.01449	0.00777	0.00604	0.00196	0.00620	0.07140	0.00482	0.00859
8	0.01117	0.00956	0.01518	0.01858	0.24196	0.00978	0.04837	0.03514	0.01263	0.01761	0.06282	0.09650	0.04488	0.07475	0.23355	0.00455	0.00904	0.04326	0.00388	0.00681
9	0.00860	0.00633	0.00807	0.00851	0.00962	0.00612	0.00628	0.01145	0.05839	0.01920	0.27938	0.31061	0.07577	0.05549	0.00864	0.00243	0.00373	0.11005	0.00587	0.00548
10	0.01518	0.52169	0.12755	0.01521	0.06448	0.02057	0.12569	0.01838	0.01269	0.01594	0.00947	0.01141	0.00804	0.00522	0.00474	0.00152	0.00739	0.00412	0.00267	0.00805
11	0.04110	0.11396	0.04558	0.08255	0.08990	0.10070	0.15658	0.07103	0.03425	0.06441	0.01219	0.01565	0.00983	0.00678	0.00769	0.00192	0.10982	0.02452	0.00354	0.00797
12	0.01712	0.01820	0.01688	0.01751	0.13075	0.28886	0.01209	0.07854	0.08798	0.01850	0.01335	0.01773	0.01157	0.01187	0.09346	0.00278	0.10874	0.04277	0.00371	0.00759
13	0.05297	0.00900	0.01221	0.24970	0.06965	0.00964	0.01007	0.05680	0.01400	0.01864	0.08330	0.08289	0.27501	0.01073	0.00650	0.00201	0.00524	0.02082	0.00450	0.00631
14	0.02370	0.00686	0.00887	0.00907	0.01023	0.00707	0.00683	0.05695	0.01318	0.01822	0.15092	0.22489	0.03195	0.11450	0.17403	0.00432	0.00693	0.12102	0.00501	0.00546
15	0.01382	0.06453	0.10070	0.07671	0.03187	0.18663	0.09731	0.02760	0.01316	0.01587	0.01521	0.15083	0.01501	0.05238	0.05963	0.05311	0.00836	0.00729	0.00345	0.00653
16	0.00877	0.00627	0.00779	0.00814	0.00952	0.00581	0.00606	0.01110	0.03622	0.04463	0.21441	0.29733	0.21179	0.01539	0.00736	0.00221	0.00355	0.09220	0.00592	0.00553
17	0.00919	0.00696	0.00972	0.00994	0.01075	0.00791	0.00773	0.01103	0.01081	0.01530	0.02170	0.18497	0.02306	0.07499	0.31204	0.00555	0.09648	0.12987	0.04666	0.00534
18	0.01397	0.01353	0.02390	0.02070	0.10981	0.01355	0.32667	0.06401	0.14812	0.02118	0.01838	0.06024	0.01617	0.00817	0.00692	0.00212	0.00758	0.11256	0.00428	0.00814
19	0.00971	0.00774	0.01178	0.01144	0.01310	0.00768	0.08768	0.01295	0.05749	0.01766	0.07224	0.24044	0.03174	0.06850	0.04462	0.00303	0.00582	0.28547	0.00514	0.00577
20	0.01136	0.01069	0.01804	0.77412	0.04143	0.01337	0.01671	0.01537	0.01203	0.01537	0.01069	0.01604	0.00802	0.00601	0.00601	0.00200	0.00802	0.00535	0.00267	0.00668
21	0.07576	0.01120	0.01419	0.01095	0.01556	0.01042	0.00904	0.12124	0.01825	0.61586	0.02156	0.01902	0.01376	0.00730	0.00590	0.00185	0.00529	0.00579	0.00703	0.01001
22	0.01683	0.30666	0.02058	0.01153	0.01521	0.15056	0.00986	0.08182	0.06186	0.06355	0.05355	0.01768	0.05702	0.00981	0.05710	0.00218	0.04743	0.00523	0.00394	0.00760
23	0.00805	0.00603	0.00755	0.00803	0.00932	0.00553	0.00608	0.01006	0.01413	0.01867	0.25330	0.25170	0.22422	0.01558	0.00747	0.00223	0.00355	0.13732	0.00589	0.00529
24	0.01207	0.03112	0.75741	0.01715	0.02604	0.01397	0.02223	0.01905	0.01270	0.01905	0.01080	0.01270	0.00762	0.00572	0.00572	0.00191	0.00889	0.00445	0.00254	0.00889
25	0.00964	0.00630	0.00755	0.00715	0.00891	0.00568	0.00539	0.01203	0.01540	0.06874	0.39925	0.06985	0.23247	0.01232	0.00668	0.00188	0.00306	0.01059	0.11134	0.00578
26	0.01384	0.00789	0.01063	0.00956	0.01157	0.00817	0.00736	0.06135	0.01294	0.18906	0.06255	0.02607	0.01830	0.14907	0.37675	0.00626	0.01051	0.00692	0.00466	0.00657
27	0.01306	0.01219	0.01022	0.00979	0.01144	0.20797	0.00704	0.01445	0.01355	0.06123	0.10626	0.16303	0.10905	0.16667	0.06447	0.00323	0.00677	0.00929	0.00461	0.00568
28	0.26547	0.00736	0.00758	0.00803	0.00962	0.00765	0.00582	0.01151	0.01163	0.01965	0.07537	0.44506	0.07631	0.01402	0.00636	0.00220	0.00378	0.01206	0.00507	0.00546
29	0.00845	0.00636	0.00769	0.00756	0.00898	0.00565	0.00529	0.01004	0.01288	0.01756	0.21194	0.26179	0.14926	0.14913	0.01106	0.00265	0.00378	0.01177	0.00527	0.10290
30	0.01005	0.00739	0.00967	0.00917	0.00961	0.00851	0.00653	0.01093	0.00948	0.03862	0.01715	0.06507	0.01835	0.40711	0.20694	0.00592	0.14319	0.00787	0.00359	0.00487
31	0.00812	0.00600	0.00703	0.00753	0.00850	0.00560	0.00536	0.00929	0.01178	0.01496	0.03759	0.18759	0.26559	0.25843	0.01479	0.00343	0.00444	0.13432	0.00497	0.00467
32	0.00917	0.00642	0.00749	0.00721	0.00903	0.00569	0.00545	0.01112	0.01462	0.06828	0.26709	0.05058	0.38569	0.07154	0.00886	0.00231	0.00348	0.05456	0.00589	0.00553
33	0.00781	0.00583	0.00691	0.00717	0.00823	0.00531	0.00496	0.00927	0.01308	0.01719	0.21903	0.24898	0.25499	0.15033	0.01136	0.00277	0.00360	0.01275	0.00551	0.00493
34	0.20804	0.01080	0.01020	0.00904	0.01159	0.06113	0.00701	0.15235	0.01470	0.04597	0.01468	0.05608	0.01228	0.00945	0.00776	0.12987	0.00500	0.00545	0.22216	0.00644
35	0.05355	0.00845	0.01074	0.12988	0.01568	0.00905	0.00842	0.12292	0.01451	0.01999	0.07107	0.35414	0.03915	0.06092	0.00835	0.00243	0.00497	0.05462	0.00504	0.00610
36	0.00808	0.00578	0.00664	0.00692	0.00751	0.00546	0.00438	0.00880	0.01089	0.01418	0.07500	0.20532	0.18057	0.41205	0.01928	0.00406	0.00456	0.01152	0.00465	0.00434
37	0.01026	0.00782	0.00984	0.01080	0.05811	0.00796	0.00725	0.06113	0.09585	0.01895	0.11182	0.32321	0.05110	0.13244	0.01074	0.00278	0.00450	0.06407	0.00533	0.00603
38	0.25527	0.01413	0.01620	0.15686	0.21205	0.09172	0.01251	0.02037	0.12724	0.02139	0.01220	0.01437	0.00957	0.00607	0.00528	0.00186	0.00658	0.00481	0.00365	0.00786
39	0.10358	0.00939	0.01328	0.35403	0.02498	0.01084	0.01170	0.05754	0.01299	0.01847	0.01888	0.19200	0.01910	0.01051	0.00648	0.00219	0.00617	0.11747	0.00408	0.00631
40	0.06140	0.05209	0.01566	0.01246	0.01591	0.18667	0.03503	0.15523	0.11723	0.12172	0.05904	0.01741	0.01389	0.00874	0.00776	0.09483	0.00677	0.00549	0.00482	0.00786

[dist]
# distance from previous block
# <min> <max>
1	6

[block]
# block no. 7 follows, 38 sequences, length 14
# corresponding to MSA columns:
# 351-364
name=unknown_H
#
# <colnr> <probs for GDERKNQSTAVLIFYWHMCP>
#	G	D	E	R	K	N	Q	S	T	A	V	L	I	F	Y	W	H	M	C	P
0	0.00773	0.00585	0.00691	0.00731	0.00845	0.00530	0.00518	0.00920	0.01297	0.01677	0.15819	0.27088	0.29783	0.11446	0.01033	0.00265	0.00362	0.04591	0.00551	0.00496
1	0.00758	0.00581	0.00688	0.00741	0.00861	0.00522	0.00531	0.00908	0.01305	0.01672	0.12862	0.32587	0.32751	0.05505	0.00856	0.00240	0.00346	0.05220	0.00561	0.00503
2	0.06215	0.01706	0.01434	0.01176	0.01603	0.23857	0.00918	0.08897	0.11158	0.02103	0.01233	0.01334	0.00981	0.00580	0.00508	0.00138	0.00664	0.00425	0.00401	0.34669
3	0.01189	0.00661	0.00856	0.00845	0.01017	0.00591	0.00618	0.01353	0.01385	0.18357	0.12813	0.40636	0.14340	0.01488	0.00715	0.00218	0.00371	0.01313	0.00614	0.00623
4	0.00811	0.00598	0.00730	0.00762	0.00854	0.00579	0.00536	0.00938	0.01151	0.01506	0.07911	0.17813	0.20916	0.24057	0.12940	0.00439	0.00607	0.05903	0.00474	0.00475
5	0.00900	0.00601	0.00769	0.00837	0.00954	0.00550	0.00612	0.01055	0.01297	0.06702	0.08350	0.45515	0.17680	0.01667	0.00750	0.00233	0.00373	0.10036	0.00577	0.00542
6	0.00861	0.00639	0.00937	0.00937	0.01034	0.00736	0.00715	0.01055	0.00958	0.01374	0.01639	0.02514	0.01570	0.11655	0.69421	0.00930	0.01513	0.00667	0.00326	0.00521
7	0.06348	0.00804	0.00920	0.00872	0.01033	0.00829	0.00642	0.10497	0.05893	0.01966	0.11454	0.13463	0.11100	0.13566	0.01302	0.12803	0.00467	0.04990	0.00492	0.00559
8	0.01726	0.01893	0.02055	0.01696	0.01936	0.25499	0.12157	0.09112	0.01440	0.01767	0.00966	0.01302	0.00827	0.00799	0.01187	0.00211	0.33864	0.00512	0.00319	0.00731
9	0.00830	0.00565	0.00669	0.00713	0.00724	0.00554	0.00425	0.00863	0.00961	0.01282	0.02339	0.27237	0.02747	0.54794	0.02345	0.00477	0.00510	0.01136	0.00425	0.00403
10	0.00902	0.00747	0.01113	0.00989	0.01147	0.00700	0.11511	0.01052	0.01159	0.01496	0.03143	0.15556	0.20472	0.30675	0.01617	0.00358	0.00542	0.05875	0.00446	0.00500
11	0.01374	0.01312	0.02234	0.27762	0.51936	0.01399	0.01789	0.01745	0.01315	0.01825	0.01111	0.01526	0.00904	0.00557	0.00597	0.00186	0.00743	0.00536	0.00288	0.00860
12	0.00766	0.00564	0.00711	0.00807	0.00887	0.00521	0.00569	0.00900	0.01230	0.01606	0.07702	0.49807	0.17177	0.05982	0.00886	0.00255	0.00370	0.08210	0.00553	0.00496
13	0.01354	0.01292	0.02199	0.31782	0.48067	0.01394	0.01779	0.01728	0.01306	0.01802	0.01108	0.01533	0.00895	0.00561	0.00598	0.00187	0.00748	0.00535	0.00286	0.00844

[dist]
# distance from previous block
# <min> <max>
0	13

[block]
# block no. 8 follows, 38 sequences, length 16
# corresponding to MSA columns:
# 382-397
name=unknown_I
#
# <colnr> <probs for GDERKNQSTAVLIFYWHMCP>
#	G	D	E	R	K	N	Q	S	T	A	V	L	I	F	Y	W	H	M	C	P
0	0.07486	0.01283	0.01351	0.01146	0.01425	0.10776	0.00904	0.11949	0.01520	0.22414	0.01603	0.01965	0.01285	0.10933	0.12496	0.00357	0.09286	0.00579	0.00480	0.00761
1	0.01875	0.01397	0.01898	0.08780	0.02122	0.01470	0.12884	0.36999	0.02143	0.10927	0.06655	0.02058	0.06447	0.00767	0.00635	0.00189	0.00667	0.00662	0.00537	0.00888
2	0.07479	0.01706	0.01609	0.07144	0.06933	0.18739	0.01142	0.19996	0.19871	0.03824	0.01574	0.01776	0.01231	0.00728	0.00584	0.00186	0.00706	0.03440	0.00476	0.00854
3	0.01454	0.54260	0.02330	0.00881	0.01276	0.01803	0.00836	0.01675	0.01235	0.01678	0.01194	0.01370	0.01016	0.00574	0.00397	0.00132	0.00528	0.00398	0.26259	0.00705
4	0.13844	0.01030	0.01134	0.00935	0.01278	0.01008	0.00739	0.15849	0.01670	0.04024	0.23330	0.07981	0.02553	0.00866	0.00572	0.00166	0.00438	0.00713	0.00523	0.21346
5	0.00863	0.00631	0.00898	0.00898	0.00981	0.00715	0.00666	0.01030	0.00946	0.01345	0.01674	0.02713	0.01656	0.21016	0.60177	0.00882	0.01383	0.00696	0.00332	0.00499
6	0.01113	0.00843	0.00961	0.00938	0.01095	0.00888	0.00680	0.09467	0.16252	0.01926	0.02770	0.26310	0.07641	0.19992	0.01269	0.00310	0.00478	0.05922	0.00527	0.00620
