[name]
unknown

[dist]
# distance from previous block
# <min> <max>
0	41

[block]
# block no. 0 follows, 40 sequences, length 8
# corresponding to MSA columns:
# 81-88
name=unknown_A
#
# <colnr> <probs for GDERKNQSTAVLIFYWHMCP>
#	G	D	E	R	K	N	Q	S	T	A	V	L	I	F	Y	W	H	M	C	P
0	0.06367	0.17104	0.01909	0.01623	0.16438	0.08694	0.04502	0.01851	0.01351	0.12354	0.01514	0.02219	0.01339	0.00731	0.00551	0.00173	0.00636	0.12808	0.00394	0.07443
1	0.12988	0.01085	0.01052	0.01072	0.06461	0.10319	0.00743	0.07269	0.01420	0.05877	0.09790	0.13790	0.18621	0.06078	0.00752	0.00212	0.00498	0.00869	0.00477	0.00625
2	0.01460	0.32333	0.15295	0.01893	0.23193	0.08095	0.01416	0.01775	0.01254	0.01607	0.00987	0.01226	0.00841	0.00769	0.05393	0.00203	0.00779	0.00417	0.00268	0.00796
3	0.13665	0.18664	0.23066	0.01449	0.09294	0.05531	0.01328	0.07911	0.01340	0.01999	0.00985	0.01146	0.00778	0.00536	0.00475	0.00156	0.00673	0.00391	0.00310	0.10301
4	0.13802	0.15079	0.09108	0.07446	0.01893	0.01590	0.04512	0.22560	0.06806	0.02416	0.01167	0.01290	0.00890	0.00587	0.00501	0.00163	0.00624	0.00446	0.00397	0.08721
5	0.01245	0.00942	0.01323	0.01458	0.16187	0.00930	0.05075	0.04515	0.08733	0.08981	0.02565	0.08476	0.15194	0.20388	0.01207	0.00283	0.00534	0.00840	0.00453	0.00671
6	0.01266	0.00776	0.00948	0.00845	0.01016	0.00775	0.00616	0.10945	0.01441	0.12622	0.20687	0.07508	0.02771	0.27277	0.07618	0.00371	0.00558	0.00845	0.00516	0.00599
7	0.09489	0.31890	0.16912	0.01049	0.01513	0.01508	0.01060	0.01759	0.01183	0.12213	0.01244	0.01638	0.01068	0.14205	0.00885	0.00226	0.00625	0.00467	0.00344	0.00724

[dist]
# distance from previous block
# <min> <max>
11	21

[block]
# block no. 1 follows, 40 sequences, length 50
# corresponding to MSA columns:
# 111-133,203-229
name=unknown_B
#
# <colnr> <probs for GDERKNQSTAVLIFYWHMCP>
#	G	D	E	R	K	N	Q	S	T	A	V	L	I	F	Y	W	H	M	C	P
0	0.04389	0.06416	0.25360	0.01416	0.01937	0.01249	0.12021	0.03111	0.08953	0.05983	0.03431	0.10054	0.01428	0.00753	0.00616	0.00184	0.02736	0.02049	0.00381	0.07533
1	0.13651	0.01820	0.20831	0.02212	0.22858	0.03717	0.18818	0.03647	0.01302	0.02002	0.01117	0.03400	0.00897	0.00565	0.00567	0.00183	0.00766	0.00532	0.00304	0.00812
2	0.01310	0.31527	0.49293	0.01412	0.02137	0.01703	0.01721	0.01804	0.01211	0.01666	0.00956	0.01118	0.00740	0.00532	0.00486	0.00162	0.00771	0.00386	0.00247	0.00817
3	0.01551	0.20881	0.05676	0.13008	0.29776	0.11879	0.01454	0.06033	0.01388	0.01747	0.01004	0.01266	0.00830	0.00545	0.00519	0.00161	0.00739	0.00444	0.00291	0.00807
4	0.01381	0.01023	0.01421	0.05808	0.19004	0.03344	0.01041	0.03780	0.05654	0.12854	0.09211	0.09234	0.01869	0.01475	0.14874	0.00319	0.00733	0.00701	0.00444	0.05830
5	0.06259	0.00848	0.01190	0.01014	0.01282	0.00806	0.07490	0.03861	0.03476	0.18583	0.28020	0.11703	0.06647	0.01064	0.00652	0.00195	0.00439	0.05201	0.00584	0.00685
6	0.00801	0.00576	0.00740	0.00837	0.00897	0.00559	0.00580	0.02789	0.03132	0.01577	0.04931	0.60432	0.03565	0.08697	0.00936	0.00264	0.00383	0.07281	0.00528	0.00494
7	0.01355	0.01295	0.02207	0.22105	0.58062	0.01359	0.01743	0.01710	0.01284	0.01797	0.01079	0.01467	0.00885	0.00534	0.00577	0.00178	0.00712	0.00518	0.00281	0.00853
8	0.00733	0.00524	0.00703	0.00838	0.00883	0.00494	0.00583	0.00853	0.01138	0.01512	0.03191	0.71313	0.03792	0.01799	0.00749	0.00240	0.00359	0.09279	0.00539	0.00479
9	0.01098	0.01034	0.01744	0.78165	0.04005	0.01292	0.01615	0.01486	0.01163	0.01486	0.01034	0.01550	0.00775	0.00581	0.00581	0.00194	0.00775	0.00517	0.00258	0.00646
10	0.02576	0.01042	0.01382	0.01060	0.01511	0.00933	0.00875	0.08671	0.01752	0.70377	0.02221	0.01931	0.01403	0.00718	0.00585	0.00179	0.00507	0.00580	0.00708	0.00990
11	0.01084	0.00542	0.00542	0.00542	0.00678	0.00542	0.00407	0.01355	0.01220	0.02168	0.01897	0.02168	0.01491	0.00678	0.00407	0.00136	0.00271	0.00542	0.82791	0.00542
12	0.00701	0.00535	0.00645	0.00734	0.00823	0.00479	0.00506	0.00818	0.01186	0.01514	0.04130	0.53857	0.28576	0.01702	0.00723	0.00222	0.00323	0.01507	0.00540	0.00479
13	0.02146	0.01582	0.01713	0.03683	0.01841	0.01754	0.01102	0.69825	0.02645	0.03558	0.01398	0.01422	0.00996	0.00694	0.00577	0.00174	0.00634	0.00524	0.02766	0.00966
14	0.01084	0.00542	0.00542	0.00542	0.00678	0.00542	0.00407	0.01355	0.01220	0.02168	0.01897	0.02168	0.01491	0.00678	0.00407	0.00136	0.00271	0.00542	0.82791	0.00542
15	0.01098	0.01034	0.01744	0.78165	0.04005	0.01292	0.01615	0.01486	0.01163	0.01486	0.01034	0.01550	0.00775	0.00581	0.00581	0.00194	0.00775	0.00517	0.00258	0.00646
16	0.00730	0.00540	0.00688	0.00798	0.00873	0.00498	0.00566	0.00858	0.01178	0.01529	0.03691	0.57425	0.17171	0.01733	0.00739	0.00232	0.00351	0.09379	0.00539	0.00483
17	0.00713	0.00553	0.00650	0.00704	0.00821	0.00490	0.00498	0.00856	0.01272	0.01627	0.13365	0.37721	0.35468	0.01591	0.00711	0.00212	0.00311	0.01392	0.00552	0.00490
18	0.01033	0.00884	0.01435	0.17671	0.14854	0.00926	0.05133	0.01316	0.01253	0.01667	0.02227	0.19963	0.02357	0.01187	0.00698	0.00225	0.00595	0.25530	0.00422	0.00626
19	0.01805	0.01427	0.01517	0.01256	0.01649	0.01614	0.01007	0.36332	0.41059	0.03010	0.01912	0.01807	0.01407	0.00746	0.00587	0.00187	0.00544	0.00595	0.00587	0.00953
20	0.01239	0.17329	0.62862	0.01534	0.02326	0.01528	0.01934	0.01823	0.01219	0.01753	0.01000	0.01173	0.00738	0.00542	0.00519	0.00173	0.00815	0.00408	0.00246	0.00838
21	0.04355	0.08390	0.04642	0.01621	0.02123	0.01362	0.28745	0.10129	0.03692	0.23159	0.01588	0.01818	0.01163	0.00641	0.00606	0.00185	0.00718	0.03749	0.00462	0.00852
22	0.01282	0.02200	0.35506	0.02103	0.02810	0.01418	0.42382	0.01853	0.01309	0.01853	0.01118	0.01419	0.00818	0.00518	0.00628	0.00191	0.00927	0.00574	0.00273	0.00817
23	0.00846	0.00564	0.00634	0.00634	0.00634	0.00564	0.00352	0.00846	0.00846	0.01128	0.01832	0.03805	0.02114	0.79563	0.02960	0.00564	0.00564	0.00846	0.00352	0.00352
24	0.00832	0.00618	0.00908	0.00908	0.01002	0.00712	0.00693	0.01021	0.00927	0.01330	0.01582	0.02421	0.01513	0.11100	0.70601	0.00901	0.01469	0.00643	0.00315	0.00504
25	0.01296	0.10205	0.36994	0.01938	0.02642	0.01500	0.33473	0.01841	0.01287	0.01803	0.01078	0.01347	0.00802	0.00520	0.00593	0.00183	0.00888	0.00530	0.00267	0.00815
26	0.10314	0.02310	0.16238	0.08483	0.08147	0.37141	0.01369	0.06189	0.01490	0.01803	0.00975	0.01170	0.00765	0.00581	0.00525	0.00167	0.00872	0.00412	0.00307	0.00742
27	0.76084	0.01172	0.00938	0.00818	0.01188	0.01351	0.00674	0.08442	0.01152	0.02707	0.00864	0.00987	0.00663	0.00555	0.00381	0.00179	0.00468	0.00334	0.00381	0.00663
28	0.01084	0.00542	0.00542	0.00542	0.00678	0.00542	0.00407	0.01355	0.01220	0.02168	0.01897	0.02168	0.01491	0.00678	0.00407	0.00136	0.00271	0.00542	0.82791	0.00542
29	0.16321	0.01209	0.01240	0.00970	0.01400	0.02591	0.00784	0.22383	0.03163	0.02500	0.01662	0.01718	0.09174	0.00654	0.00495	0.00144	0.00492	0.00496	0.00442	0.32164
30	0.02172	0.02772	0.01648	0.01498	0.01798	0.77228	0.01124	0.02322	0.01648	0.01423	0.00899	0.01049	0.00749	0.00599	0.00524	0.00150	0.01049	0.00375	0.00300	0.00674
31	0.01084	0.00542	0.00542	0.00542	0.00678	0.00542	0.00407	0.01355	0.01220	0.02168	0.01897	0.02168	0.01491	0.00678	0.00407	0.00136	0.00271	0.00542	0.82791	0.00542
32	0.12484	0.01224	0.01722	0.02137	0.34101	0.01247	0.01245	0.02271	0.14137	0.21224	0.01586	0.01640	0.01165	0.00620	0.00553	0.00180	0.00569	0.00533	0.00461	0.00901
33	0.00947	0.00703	0.00893	0.03706	0.00932	0.00804	0.00579	0.00961	0.00857	0.01179	0.01534	0.03076	0.01719	0.55279	0.02618	0.08180	0.14564	0.00741	0.00322	0.00405
34	0.00709	0.00506	0.00675	0.00810	0.00843	0.00472	0.00540	0.00810	0.01113	0.01484	0.03205	0.79184	0.03846	0.01822	0.00742	0.00236	0.00337	0.01653	0.00540	0.00472
35	0.01586	0.01489	0.03061	0.02200	0.02764	0.01397	0.60246	0.05134	0.01473	0.12575	0.01346	0.01620	0.00967	0.00532	0.00667	0.00193	0.00896	0.00665	0.00367	0.00823
36	0.00912	0.00651	0.00908	0.01042	0.01165	0.00647	0.00893	0.01161	0.01314	0.01712	0.03093	0.14615	0.03402	0.01630	0.00796	0.00264	0.00514	0.64216	0.00536	0.00528
37	0.01795	0.31004	0.15986	0.01155	0.01683	0.01566	0.01157	0.02272	0.10868	0.24789	0.01513	0.01471	0.01092	0.00614	0.00500	0.00162	0.00606	0.00463	0.00438	0.00865
38	0.68247	0.01020	0.00814	0.00740	0.01033	0.01167	0.00578	0.01549	0.00963	0.02333	0.01000	0.01477	0.00906	0.15255	0.00844	0.00251	0.00471	0.00414	0.00358	0.00578
39	0.01555	0.79913	0.03047	0.00995	0.01493	0.02301	0.00995	0.01741	0.01182	0.01368	0.00808	0.00933	0.00746	0.00498	0.00373	0.00124	0.00622	0.00311	0.00249	0.00746
40	0.01098	0.01034	0.01744	0.78165	0.04005	0.01292	0.01615	0.01486	0.01163	0.01486	0.01034	0.01550	0.00775	0.00581	0.00581	0.00194	0.00775	0.00517	0.00258	0.00646
41	0.01197	0.01197	0.01835	0.15345	0.02062	0.01540	0.08816	0.01411	0.01030	0.01479	0.01333	0.01756	0.07757	0.00927	0.01428	0.00232	0.49133	0.00596	0.00286	0.00640
42	0.01134	0.01059	0.01776	0.55084	0.19020	0.01235	0.01551	0.01486	0.01193	0.01574	0.01249	0.08757	0.01092	0.00683	0.00595	0.00193	0.00716	0.00623	0.00291	0.00688
43	0.00901	0.00751	0.00882	0.07962	0.01240	0.00754	0.00668	0.01377	0.14658	0.01937	0.24889	0.04241	0.35179	0.01185	0.00660	0.00192	0.00363	0.01008	0.00552	0.00599
44	0.08995	0.01349	0.01519	0.01328	0.01478	0.15392	0.07673	0.01471	0.01112	0.01535	0.01296	0.15317	0.01340	0.01094	0.01221	0.08650	0.27627	0.00688	0.00328	0.00588
45	0.09325	0.57997	0.02601	0.01037	0.01516	0.02116	0.00982	0.15194	0.01453	0.01911	0.00918	0.01020	0.00781	0.00539	0.00411	0.00139	0.00609	0.00351	0.00321	0.00781
46	0.01049	0.00539	0.00554	0.00567	0.00693	0.00536	0.00419	0.01304	0.01210	0.02104	0.02019	0.09341	0.01710	0.00784	0.00438	0.00145	0.00277	0.00645	0.75131	0.00536
47	0.01424	0.01229	0.01305	0.01153	0.01500	0.01384	0.00899	0.02939	0.68023	0.02383	0.02243	0.02080	0.01690	0.00756	0.00577	0.00187	0.00457	0.00628	0.00569	0.08576
48	0.01671	0.01394	0.01642	0.01348	0.01742	0.01557	0.07766	0.24424	0.46214	0.02752	0.01962	0.01880	0.01454	0.00734	0.00598	0.00190	0.00563	0.00620	0.00561	0.00928
49	0.01271	0.03351	0.32795	0.01300	0.01808	0.01186	0.01386	0.10459	0.09785	0.04274	0.09272	0.09503	0.01950	0.00893	0.00615	0.00197	0.00631	0.08106	0.00437	0.00782

[dist]
# distance from previous block
# <min> <max>
0	24

[block]
# block no. 2 follows, 40 sequences, length 22
# corresponding to MSA columns:
# 254-275
name=unknown_C
#
# <colnr> <probs for GDERKNQSTAVLIFYWHMCP>
#	G	D	E	R	K	N	Q	S	T	A	V	L	I	F	Y	W	H	M	C	P
0	0.02023	0.02239	0.01594	0.01402	0.01737	0.47372	0.01077	0.15361	0.17604	0.02043	0.01304	0.01352	0.01013	0.00658	0.00549	0.00164	0.00849	0.00462	0.00413	0.00784
1	0.00913	0.01096	0.17001	0.00884	0.01079	0.00749	0.00775	0.01079	0.00937	0.01303	0.01636	0.03102	0.01753	0.55218	0.09695	0.00518	0.00724	0.00734	0.00325	0.00478
2	0.01932	0.01651	0.01690	0.01703	0.15006	0.17544	0.01161	0.19337	0.17593	0.12358	0.01552	0.01572	0.01151	0.00674	0.00600	0.00176	0.02401	0.00528	0.00483	0.00887
3	0.83671	0.01125	0.00855	0.00765	0.01125	0.01305	0.00630	0.01709	0.00990	0.02609	0.00810	0.00945	0.00630	0.00540	0.00360	0.00180	0.00450	0.00315	0.00360	0.00630
4	0.00844	0.00575	0.00694	0.00736	0.00764	0.00571	0.00482	0.00905	0.00969	0.01284	0.02236	0.14149	0.02562	0.55404	0.02283	0.00468	0.00529	0.13735	0.00410	0.00401
5	0.00790	0.00611	0.00766	0.00794	0.00942	0.00587	0.00627	0.00992	0.01279	0.01659	0.13663	0.07763	0.32106	0.02098	0.17193	0.00370	0.00616	0.16128	0.00503	0.00514
6	0.02182	0.01611	0.17649	0.01258	0.01800	0.01239	0.01207	0.23460	0.01884	0.39023	0.01762	0.01647	0.01156	0.00677	0.00577	0.00179	0.00616	0.00533	0.00577	0.00961
7	0.00843	0.01124	0.17010	0.00914	0.01238	0.00711	0.00904	0.01133	0.01325	0.01702	0.08247	0.04759	0.42640	0.01283	0.00679	0.00206	0.00458	0.13762	0.00481	0.00581
8	0.18854	0.00913	0.00986	0.00992	0.01215	0.01005	0.00795	0.01810	0.23361	0.02090	0.02399	0.17074	0.02379	0.01170	0.00633	0.00222	0.00459	0.22469	0.00515	0.00660
9	0.01389	0.12397	0.03773	0.04332	0.22325	0.04158	0.01128	0.02042	0.20699	0.01989	0.01551	0.01700	0.01228	0.00627	0.00512	0.00164	0.00551	0.00523	0.18116	0.00794
10	0.01206	0.01034	0.01206	0.00861	0.01378	0.00775	0.00689	0.01464	0.01206	0.01895	0.01034	0.01206	0.00861	0.00431	0.00431	0.00086	0.00431	0.00345	0.00345	0.83118
11	0.04465	0.02106	0.11941	0.01521	0.01932	0.32180	0.10690	0.03525	0.15785	0.01840	0.01421	0.01802	0.01172	0.00696	0.00580	0.00181	0.00831	0.06204	0.00374	0.00755
12	0.01396	0.01245	0.07782	0.02173	0.36372	0.01112	0.01290	0.07217	0.01401	0.06362	0.01562	0.09196	0.01349	0.00708	0.00555	0.00172	0.00565	0.00631	0.18112	0.00800
13	0.02296	0.01491	0.01660	0.01273	0.01735	0.01599	0.01051	0.58682	0.02504	0.19305	0.01589	0.01522	0.01086	0.00703	0.00582	0.00176	0.00609	0.00537	0.00611	0.00989
14	0.01010	0.00505	0.00758	0.00758	0.00758	0.00505	0.00505	0.00758	0.00758	0.01010	0.01010	0.01768	0.01010	0.02020	0.02273	0.83081	0.00505	0.00505	0.00253	0.00253
15	0.01092	0.00702	0.00903	0.00890	0.01062	0.00671	0.00699	0.06034	0.01512	0.09693	0.25917	0.20614	0.08583	0.01361	0.00708	0.00214	0.00397	0.17755	0.00592	0.00600
16	0.02343	0.01114	0.01798	0.01339	0.01819	0.00987	0.16558	0.02625	0.01602	0.60310	0.02054	0.01891	0.01320	0.00670	0.00607	0.00183	0.00599	0.00607	0.00628	0.00945
17	0.01164	0.01137	0.02103	0.33701	0.05820	0.01229	0.23201	0.01548	0.01262	0.01668	0.01511	0.02622	0.01366	0.00785	0.00699	0.00211	0.03013	0.15956	0.00330	0.00674
18	0.01047	0.17770	0.01481	0.01005	0.01172	0.01196	0.00830	0.01224	0.00975	0.01344	0.01310	0.01971	0.01258	0.08688	0.45007	0.00641	0.11659	0.00557	0.00293	0.00571
19	0.19712	0.02417	0.01477	0.01340	0.01653	0.60889	0.01017	0.02190	0.01506	0.01678	0.00880	0.01026	0.00723	0.00586	0.00489	0.00156	0.00920	0.00362	0.00313	0.00665
20	0.01590	0.42122	0.02534	0.09172	0.17934	0.14688	0.01249	0.01824	0.01290	0.01504	0.00908	0.01123	0.00787	0.00527	0.00463	0.00146	0.00724	0.00387	0.00267	0.00762
21	0.00790	0.00628	0.00897	0.17436	0.01518	0.00651	0.00762	0.00958	0.01145	0.01493	0.03000	0.55292	0.10200	0.01521	0.00702	0.00223	0.00427	0.01367	0.00479	0.00512

[dist]
# distance from previous block
# <min> <max>
1	2

[block]
# block no. 3 follows, 40 sequences, length 24
# corresponding to MSA columns:
# 307-330
name=unknown_D
#
# <colnr> <probs for GDERKNQSTAVLIFYWHMCP>
#	G	D	E	R	K	N	Q	S	T	A	V	L	I	F	Y	W	H	M	C	P
0	0.01591	0.22115	0.14065	0.02140	0.28531	0.18722	0.01490	0.01904	0.01345	0.01647	0.00969	0.01188	0.00808	0.00537	0.00508	0.00157	0.00780	0.00419	0.00274	0.00811
1	0.05425	0.00630	0.00801	0.00795	0.00934	0.00642	0.00607	0.01050	0.01255	0.01789	0.26038	0.08099	0.15345	0.03879	0.26785	0.00455	0.00744	0.03722	0.00480	0.00525
2	0.01296	0.00916	0.00973	0.00870	0.01115	0.06529	0.00671	0.01704	0.11302	0.15363	0.30604	0.03677	0.20496	0.01074	0.00643	0.00185	0.00402	0.00906	0.00598	0.00673
3	0.01206	0.01034	0.01206	0.00861	0.01378	0.00775	0.00689	0.01464	0.01206	0.01895	0.01034	0.01206	0.00861	0.00431	0.00431	0.00086	0.00431	0.00345	0.00345	0.83118
4	0.83671	0.01125	0.00855	0.00765	0.01125	0.01305	0.00630	0.01709	0.00990	0.02609	0.00810	0.00945	0.00630	0.00540	0.00360	0.00180	0.00450	0.00315	0.00360	0.00630
5	0.00998	0.00550	0.00575	0.00575	0.00662	0.00550	0.00387	0.01172	0.01085	0.01793	0.01874	0.02758	0.01715	0.29085	0.01326	0.00290	0.00376	0.00651	0.53104	0.00474
6	0.00831	0.00623	0.00935	0.00935	0.01038	0.00727	0.00727	0.01038	0.00935	0.01350	0.01558	0.02285	0.01454	0.04361	0.77259	0.00935	0.01558	0.00623	0.00312	0.00519
7	0.02609	0.00990	0.01350	0.01035	0.01484	0.00855	0.00855	0.02834	0.01664	0.76338	0.02294	0.01979	0.01439	0.00720	0.00585	0.00180	0.00495	0.00585	0.00720	0.00990
8	0.00753	0.00561	0.00701	0.00730	0.00842	0.00509	0.00523	0.00938	0.01387	0.01866	0.34826	0.31559	0.19719	0.01477	0.00706	0.00205	0.00301	0.01305	0.00583	0.00509
9	0.01815	0.01568	0.02358	0.01853	0.06366	0.01636	0.27318	0.39248	0.06991	0.02835	0.01365	0.01512	0.00999	0.00619	0.00620	0.00184	0.00753	0.00591	0.00462	0.00907
10	0.00818	0.00594	0.00770	0.00726	0.00866	0.00547	0.00545	0.01087	0.01634	0.02303	0.72996	0.04391	0.08138	0.01200	0.00686	0.00183	0.00275	0.01058	0.00636	0.00547
11	0.01322	0.01062	0.01122	0.00978	0.01232	0.05436	0.00761	0.21101	0.09170	0.02538	0.33853	0.07420	0.09529	0.01041	0.00642	0.00184	0.00442	0.00878	0.00585	0.00703
12	0.83671	0.01125	0.00855	0.00765	0.01125	0.01305	0.00630	0.01709	0.00990	0.02609	0.00810	0.00945	0.00630	0.00540	0.00360	0.00180	0.00450	0.00315	0.00360	0.00630
13	0.01293	0.29802	0.40408	0.01325	0.01970	0.01629	0.01547	0.01821	0.05535	0.01747	0.06819	0.01420	0.01169	0.00596	0.00502	0.00164	0.00707	0.00449	0.00297	0.00799
14	0.00747	0.00533	0.00719	0.00853	0.00904	0.00505	0.00606	0.00876	0.01151	0.01527	0.03184	0.67032	0.03763	0.01786	0.00752	0.00241	0.00371	0.13427	0.00539	0.00483
15	0.01092	0.00918	0.01075	0.00826	0.01247	0.00713	0.00658	0.01339	0.01271	0.01892	0.09212	0.02320	0.10411	0.00692	0.00506	0.00118	0.00404	0.04183	0.00407	0.60715
16	0.01328	0.06821	0.52075	0.01492	0.02187	0.01415	0.01762	0.13826	0.01447	0.02069	0.01143	0.01349	0.00854	0.00970	0.08518	0.00257	0.00882	0.00459	0.00309	0.00839
17	0.01968	0.22794	0.02033	0.01206	0.01658	0.01857	0.01035	0.47704	0.04370	0.04735	0.01305	0.01400	0.01001	0.03653	0.00616	0.00177	0.00623	0.00484	0.00486	0.00897
18	0.01001	0.14089	0.01130	0.00766	0.01017	0.08773	0.00616	0.01168	0.01368	0.01599	0.11617	0.04216	0.48227	0.01190	0.00618	0.00178	0.00426	0.00967	0.00476	0.00559
19	0.01252	0.01552	0.14380	0.40432	0.17608	0.05780	0.01683	0.01646	0.01213	0.01617	0.01019	0.01424	0.00795	0.00598	0.00672	0.00190	0.06644	0.00494	0.00264	0.00737
20	0.14102	0.58561	0.02533	0.00981	0.01453	0.02027	0.00936	0.05626	0.01267	0.06692	0.00939	0.01029	0.00788	0.00529	0.00396	0.00139	0.00588	0.00341	0.00315	0.00758
21	0.01239	0.22391	0.09176	0.01073	0.01366	0.13920	0.00941	0.01440	0.01214	0.01465	0.01788	0.29302	0.01936	0.01398	0.08538	0.00259	0.00712	0.00849	0.00368	0.00623
22	0.01150	0.01136	0.09233	0.04942	0.25188	0.00966	0.01191	0.01460	0.01306	0.05966	0.14924	0.06959	0.07790	0.01447	0.13443	0.00310	0.00721	0.00746	0.00407	0.00715
23	0.01664	0.12741	0.04735	0.07056	0.01798	0.14217	0.01114	0.17711	0.01574	0.04808	0.01191	0.05792	0.01023	0.00728	0.00745	0.00173	0.12947	0.00512	0.00377	0.09093

[dist]
# distance from previous block
# <min> <max>
0	7

# created by:
# /home/cegg/simao/soft/augustus-3.2.1/scripts/msa2prfl.pl ./align_prep/31238.fa
