[name]
unknown

[dist]
# distance from previous block
# <min> <max>
0	18

[block]
# block no. 0 follows, 50 sequences, length 43
# corresponding to MSA columns:
# 18-60
name=unknown_A
#
# <colnr> <probs for GDERKNQSTAVLIFYWHMCP>
#	G	D	E	R	K	N	Q	S	T	A	V	L	I	F	Y	W	H	M	C	P
0	0.03835	0.09122	0.01173	0.01129	0.07297	0.13387	0.00882	0.01283	0.01165	0.01452	0.01953	0.03894	0.02055	0.01043	0.00586	0.00192	0.00544	0.48103	0.00381	0.00524
1	0.05943	0.00757	0.00882	0.00776	0.01032	0.00702	0.00589	0.01417	0.14007	0.09098	0.03653	0.28561	0.01860	0.00866	0.00496	0.00147	0.00350	0.00750	0.00425	0.27691
2	0.00607	0.00434	0.00578	0.00694	0.00723	0.00405	0.00463	0.00694	0.00954	0.01272	0.02747	0.82157	0.03297	0.01562	0.00636	0.00202	0.00289	0.01417	0.00463	0.00405
3	0.00725	0.00483	0.00544	0.00544	0.00544	0.00483	0.00302	0.00725	0.00725	0.00966	0.01571	0.03262	0.01812	0.82483	0.02537	0.00483	0.00483	0.00725	0.00302	0.00302
4	0.01295	0.01268	0.01688	0.08745	0.37985	0.09687	0.04220	0.04055	0.22464	0.01723	0.01226	0.01381	0.00965	0.00523	0.00497	0.00154	0.00585	0.00469	0.00325	0.00744
5	0.01015	0.00961	0.01628	0.61556	0.22585	0.01127	0.01421	0.01338	0.01032	0.01363	0.00899	0.01305	0.00696	0.00485	0.00497	0.00162	0.00646	0.00443	0.00228	0.00613
6	0.00722	0.00494	0.00596	0.00596	0.00614	0.00512	0.00367	0.00758	0.00740	0.01005	0.01523	0.02997	0.01697	0.66464	0.18398	0.00548	0.00657	0.00686	0.00295	0.00331
7	0.00690	0.00511	0.00654	0.00625	0.00745	0.00479	0.00469	0.00898	0.01293	0.01794	0.58565	0.03690	0.15191	0.03173	0.08798	0.00232	0.00356	0.00882	0.00502	0.00457
8	0.01025	0.02399	0.68734	0.01519	0.02222	0.01173	0.12828	0.01581	0.01070	0.01581	0.00911	0.01095	0.00650	0.00466	0.00490	0.00159	0.00752	0.00400	0.00217	0.00727
9	0.01034	0.00886	0.01034	0.00738	0.01181	0.00664	0.00591	0.01255	0.01034	0.01624	0.00886	0.01034	0.00738	0.00369	0.00369	0.00074	0.00369	0.00295	0.00295	0.85530
10	0.86003	0.00964	0.00733	0.00655	0.00964	0.01118	0.00540	0.01465	0.00848	0.02236	0.00694	0.00810	0.00540	0.00463	0.00308	0.00154	0.00386	0.00270	0.00308	0.00540
11	0.00941	0.00886	0.01495	0.81285	0.03433	0.01107	0.01384	0.01274	0.00997	0.01274	0.00886	0.01329	0.00664	0.00498	0.00498	0.00166	0.00664	0.00443	0.00221	0.00554
12	0.00607	0.00434	0.00578	0.00694	0.00723	0.00405	0.00463	0.00694	0.00954	0.01272	0.02747	0.82157	0.03297	0.01562	0.00636	0.00202	0.00289	0.01417	0.00463	0.00405
13	0.00983	0.00480	0.00493	0.00482	0.00609	0.00476	0.00364	0.01214	0.01061	0.05085	0.01640	0.01852	0.01276	0.00582	0.00355	0.00118	0.00240	0.00466	0.81742	0.00480
14	0.00681	0.00518	0.00731	0.11987	0.01109	0.00521	0.00594	0.00842	0.01084	0.01470	0.23198	0.49539	0.03309	0.01265	0.00604	0.00185	0.00327	0.01140	0.00452	0.00444
15	0.00620	0.00500	0.00552	0.00551	0.00695	0.00432	0.00409	0.00771	0.01191	0.01506	0.23649	0.10726	0.54202	0.01225	0.00593	0.00168	0.00251	0.01043	0.00485	0.00432
16	0.01133	0.01690	0.28358	0.01598	0.02124	0.01221	0.32742	0.01856	0.20629	0.01714	0.01227	0.01376	0.00907	0.00503	0.00529	0.00165	0.00693	0.00508	0.00302	0.00723
17	0.00713	0.00531	0.00786	0.00786	0.00870	0.00615	0.00605	0.00881	0.00797	0.01146	0.01349	0.02032	0.01278	0.08227	0.76063	0.00783	0.01287	0.00545	0.00269	0.00437
18	0.86003	0.00964	0.00733	0.00655	0.00964	0.01118	0.00540	0.01465	0.00848	0.02236	0.00694	0.00810	0.00540	0.00463	0.00308	0.00154	0.00386	0.00270	0.00308	0.00540
19	0.01034	0.00886	0.01034	0.00738	0.01181	0.00664	0.00591	0.01255	0.01034	0.01624	0.00886	0.01034	0.00738	0.00369	0.00369	0.00074	0.00369	0.00295	0.00295	0.85530
20	0.01164	0.42916	0.05545	0.00907	0.01217	0.09689	0.00834	0.01346	0.00985	0.01192	0.00927	0.01211	0.00843	0.01551	0.27301	0.00345	0.00851	0.00367	0.00236	0.00572
21	0.01862	0.01183	0.12712	0.01007	0.01428	0.00944	0.00922	0.08376	0.14269	0.49215	0.01758	0.01589	0.01163	0.00604	0.00498	0.00157	0.00475	0.00488	0.00530	0.00822
22	0.86003	0.00964	0.00733	0.00655	0.00964	0.01118	0.00540	0.01465	0.00848	0.02236	0.00694	0.00810	0.00540	0.00463	0.00308	0.00154	0.00386	0.00270	0.00308	0.00540
23	0.01234	0.01184	0.02023	0.03059	0.79373	0.01184	0.01530	0.01530	0.01135	0.01628	0.00938	0.01234	0.00790	0.00444	0.00493	0.00148	0.00592	0.00444	0.00247	0.00790
24	0.00624	0.00445	0.00597	0.00713	0.00749	0.00419	0.00491	0.00722	0.00970	0.01291	0.02738	0.75778	0.03261	0.01546	0.00641	0.00205	0.00303	0.07635	0.00462	0.00409
25	0.00911	0.00468	0.00481	0.00478	0.00594	0.00465	0.00358	0.01144	0.01075	0.01870	0.07837	0.02008	0.01552	0.00616	0.00368	0.00119	0.00233	0.00500	0.78460	0.00465
26	0.00724	0.00484	0.00547	0.00546	0.00550	0.00483	0.00307	0.00731	0.00745	0.00997	0.03870	0.03276	0.01898	0.80067	0.02479	0.00474	0.00476	0.00730	0.00309	0.00307
27	0.00641	0.00507	0.00577	0.00559	0.00705	0.00443	0.00419	0.00815	0.01258	0.01636	0.37932	0.04320	0.46108	0.01154	0.00589	0.00163	0.00245	0.00985	0.00501	0.00443
28	0.00684	0.00509	0.00636	0.00605	0.00731	0.00461	0.00453	0.00899	0.01360	0.01878	0.65420	0.03922	0.18468	0.01064	0.00588	0.00159	0.00238	0.00929	0.00533	0.00461
29	0.01333	0.82783	0.02612	0.00853	0.01279	0.01972	0.00853	0.01493	0.01013	0.01173	0.00693	0.00800	0.00640	0.00426	0.00320	0.00107	0.00533	0.00267	0.00213	0.00640
30	0.00612	0.00506	0.00537	0.00529	0.00687	0.00431	0.00397	0.00760	0.01191	0.01476	0.19777	0.04583	0.64363	0.01214	0.00589	0.00166	0.00249	0.01022	0.00480	0.00431
31	0.00642	0.00507	0.00578	0.00560	0.00706	0.00443	0.00420	0.00817	0.01260	0.01642	0.38555	0.04311	0.45481	0.01152	0.00589	0.00163	0.00245	0.00984	0.00502	0.00443
32	0.01527	0.01645	0.01260	0.01135	0.01409	0.35608	0.00869	0.04321	0.43073	0.01737	0.01461	0.01426	0.01123	0.00604	0.00482	0.00151	0.00617	0.00455	0.00398	0.00699
33	0.04766	0.00837	0.01075	0.00938	0.01149	0.05973	0.10189	0.03090	0.01108	0.07333	0.02261	0.23440	0.13381	0.05641	0.00707	0.00190	0.03095	0.07099	0.00398	0.07329
34	0.01437	0.01404	0.01223	0.01088	0.01373	0.19966	0.00842	0.08313	0.54383	0.01963	0.01667	0.01582	0.01262	0.00632	0.00493	0.00158	0.00525	0.00497	0.00447	0.00744
35	0.00941	0.00886	0.01495	0.81285	0.03433	0.01107	0.01384	0.01274	0.00997	0.01274	0.00886	0.01329	0.00664	0.00498	0.00498	0.00166	0.00664	0.00443	0.00221	0.00554
36	0.00670	0.00506	0.00618	0.00594	0.00724	0.00454	0.00444	0.00870	0.01320	0.01793	0.55876	0.06152	0.25950	0.01103	0.00590	0.00161	0.00242	0.00958	0.00522	0.00454
37	0.00608	0.00462	0.00561	0.00638	0.00716	0.00416	0.00446	0.00712	0.01022	0.01304	0.03518	0.53653	0.28793	0.01455	0.00622	0.00192	0.00282	0.03727	0.00463	0.00412
38	0.00686	0.00509	0.00639	0.00606	0.00732	0.00462	0.00455	0.00902	0.01364	0.01887	0.66424	0.03907	0.17460	0.01061	0.00588	0.00159	0.00238	0.00927	0.00534	0.00462
39	0.01333	0.82783	0.02612	0.00853	0.01279	0.01972	0.00853	0.01493	0.01013	0.01173	0.00693	0.00800	0.00640	0.00426	0.00320	0.00107	0.00533	0.00267	0.00213	0.00640
40	0.86003	0.00964	0.00733	0.00655	0.00964	0.01118	0.00540	0.01465	0.00848	0.02236	0.00694	0.00810	0.00540	0.00463	0.00308	0.00154	0.00386	0.00270	0.00308	0.00540
41	0.12682	0.00874	0.01085	0.00840	0.01221	0.00785	0.00690	0.02147	0.03237	0.56963	0.01655	0.01495	0.01083	0.00564	0.00458	0.00143	0.00411	0.00445	0.00530	0.12693
42	0.29070	0.07528	0.02945	0.00875	0.04402	0.04549	0.00662	0.05693	0.10049	0.01734	0.01216	0.01845	0.01137	0.21663	0.00954	0.00239	0.00476	0.04085	0.00333	0.00546

[dist]
# distance from previous block
# <min> <max>
3	27

[block]
# block no. 1 follows, 50 sequences, length 80
# corresponding to MSA columns:
# 88-167
name=unknown_B
#
# <colnr> <probs for GDERKNQSTAVLIFYWHMCP>
#	G	D	E	R	K	N	Q	S	T	A	V	L	I	F	Y	W	H	M	C	P
0	0.01155	0.01266	0.15811	0.13949	0.19715	0.00960	0.01175	0.01498	0.02623	0.07549	0.01005	0.01196	0.00772	0.00451	0.00450	0.00129	0.00539	0.00387	0.00286	0.29086
1	0.00969	0.00915	0.01546	0.73783	0.10716	0.01115	0.01398	0.01298	0.01010	0.01308	0.00891	0.01320	0.00676	0.00493	0.00498	0.00164	0.00658	0.00443	0.00224	0.00576
2	0.01091	0.01127	0.02214	0.01690	0.02065	0.01103	0.49544	0.01551	0.08570	0.01606	0.01484	0.02407	0.01330	0.00687	0.00637	0.00184	0.03185	0.18573	0.00325	0.00629
3	0.01294	0.01050	0.01493	0.01146	0.01485	0.01053	0.18238	0.29310	0.01640	0.04827	0.14608	0.02269	0.14810	0.00732	0.00545	0.00156	0.00503	0.00654	0.00441	0.03746
4	0.00672	0.00524	0.00623	0.00664	0.00802	0.00475	0.00533	0.00841	0.01156	0.01452	0.11105	0.09344	0.42582	0.01294	0.00625	0.00189	0.00321	0.25892	0.00470	0.00437
5	0.01034	0.00886	0.01034	0.00738	0.01181	0.00664	0.00591	0.01255	0.01034	0.01624	0.00886	0.01034	0.00738	0.00369	0.00369	0.00074	0.00369	0.00295	0.00295	0.85530
6	0.00709	0.00572	0.00777	0.00965	0.11514	0.00531	0.00599	0.00861	0.01100	0.01451	0.13833	0.36115	0.23939	0.01244	0.00599	0.00180	0.00319	0.03773	0.00445	0.00473
7	0.01167	0.01096	0.01732	0.20314	0.41578	0.01182	0.04040	0.01729	0.18756	0.01651	0.01177	0.01402	0.00927	0.00509	0.00501	0.00158	0.00572	0.00476	0.00301	0.00732
8	0.00921	0.00766	0.01271	0.59955	0.02697	0.00929	0.01133	0.01108	0.00905	0.01166	0.00881	0.01378	0.00718	0.00825	0.00882	0.22738	0.00603	0.00440	0.00220	0.00464
9	0.00618	0.00460	0.00577	0.00646	0.00716	0.00418	0.00447	0.00735	0.01060	0.01397	0.14705	0.54634	0.18929	0.01419	0.00619	0.00189	0.00274	0.01265	0.00476	0.00418
10	0.01547	0.01069	0.01673	0.02199	0.48052	0.01048	0.01215	0.01910	0.08096	0.26051	0.01356	0.01434	0.00993	0.00519	0.00497	0.00152	0.00522	0.00473	0.00385	0.00808
11	0.00607	0.00434	0.00578	0.00694	0.00723	0.00405	0.00463	0.00694	0.00954	0.01272	0.02747	0.82157	0.03297	0.01562	0.00636	0.00202	0.00289	0.01417	0.00463	0.00405
12	0.01028	0.00858	0.00944	0.00907	0.01104	0.00961	0.00680	0.01995	0.52549	0.01813	0.02269	0.28713	0.02115	0.00972	0.00550	0.00180	0.00359	0.00849	0.00492	0.00661
13	0.01333	0.48921	0.02380	0.01585	0.23484	0.07298	0.05798	0.01545	0.01086	0.01331	0.00787	0.00963	0.00689	0.00437	0.00395	0.00124	0.00595	0.00341	0.00228	0.00680
14	0.00934	0.01249	0.20104	0.01255	0.04360	0.00907	0.15813	0.01329	0.06154	0.01575	0.11999	0.04180	0.08918	0.07032	0.00751	0.00197	0.03443	0.08865	0.00347	0.00588
15	0.01021	0.00952	0.01602	0.40999	0.31788	0.01072	0.01338	0.01319	0.01023	0.01392	0.00965	0.01377	0.00789	0.00910	0.11162	0.00244	0.00727	0.00456	0.00237	0.00628
16	0.00846	0.00537	0.00646	0.00627	0.00783	0.00471	0.00466	0.00996	0.01194	0.12315	0.19851	0.21699	0.35326	0.01189	0.00587	0.00172	0.00281	0.01027	0.00502	0.00487
17	0.01257	0.08128	0.06077	0.02460	0.55494	0.02560	0.01384	0.01612	0.06151	0.03603	0.00992	0.01226	0.00817	0.00491	0.00549	0.00151	0.05592	0.00432	0.00267	0.00757
18	0.00598	0.00487	0.00530	0.00558	0.00689	0.00418	0.00404	0.00718	0.01099	0.01351	0.07101	0.24618	0.57036	0.01330	0.00601	0.00177	0.00261	0.01140	0.00466	0.00418
19	0.01342	0.01374	0.01430	0.01145	0.03183	0.21936	0.11291	0.07368	0.02797	0.01649	0.00952	0.01109	0.00763	0.00449	0.00435	0.00112	0.00587	0.00370	0.03939	0.37769
20	0.01152	0.00976	0.01592	0.46159	0.21106	0.01136	0.01324	0.01437	0.01045	0.08873	0.00977	0.01315	0.00748	0.00538	0.00622	0.00166	0.09483	0.00448	0.00265	0.00637
21	0.51429	0.01469	0.01018	0.00903	0.01201	0.27692	0.00713	0.07475	0.01151	0.01966	0.00758	0.00869	0.00598	0.00490	0.00370	0.00145	0.00570	0.00301	0.00306	0.00576
22	0.01475	0.00744	0.00910	0.00754	0.01007	0.00713	0.00602	0.12188	0.01459	0.30102	0.22041	0.02198	0.02102	0.00711	0.00487	0.00145	0.00346	0.00590	0.20769	0.00657
23	0.01085	0.01032	0.01754	0.42926	0.40671	0.01145	0.01456	0.01399	0.01064	0.01448	0.00911	0.01282	0.00726	0.00472	0.00496	0.00157	0.00629	0.00444	0.00234	0.00669
24	0.01513	0.01207	0.01281	0.01070	0.01400	0.01368	0.00855	0.34013	0.46662	0.02526	0.01681	0.01583	0.01240	0.00644	0.00504	0.00161	0.00459	0.00516	0.00504	0.00813
25	0.55693	0.00943	0.00902	0.00863	0.06059	0.01036	0.00642	0.07153	0.01097	0.09786	0.08960	0.01330	0.02663	0.00560	0.00388	0.00154	0.00397	0.00397	0.00376	0.00599
26	0.01127	0.00861	0.00944	0.00865	0.01072	0.00951	0.00648	0.01998	0.47213	0.07085	0.02065	0.05460	0.04624	0.18535	0.02705	0.00252	0.00428	0.02061	0.00461	0.00645
27	0.00619	0.00448	0.00585	0.00674	0.00723	0.00414	0.00458	0.00727	0.01024	0.01369	0.12587	0.67412	0.08169	0.01474	0.00627	0.00195	0.00280	0.01329	0.00474	0.00414
28	0.03167	0.01113	0.01675	0.26817	0.27082	0.03617	0.05174	0.07757	0.05979	0.07011	0.01059	0.01310	0.00812	0.00523	0.00554	0.00160	0.04739	0.00455	0.00301	0.00694
29	0.01225	0.01176	0.02008	0.05242	0.77255	0.01182	0.01526	0.01523	0.01131	0.01619	0.00936	0.01236	0.00786	0.00446	0.00494	0.00149	0.00594	0.00444	0.00246	0.00783
30	0.01622	0.01007	0.08598	0.00907	0.01265	0.00837	0.00795	0.02118	0.18716	0.41695	0.04473	0.02158	0.12125	0.00717	0.00515	0.00160	0.00418	0.00590	0.00530	0.00754
31	0.00861	0.00529	0.00664	0.00660	0.00795	0.00471	0.00483	0.01006	0.01171	0.12810	0.20448	0.33613	0.22135	0.01228	0.00594	0.00177	0.00287	0.01077	0.00504	0.00488
32	0.01149	0.03498	0.38894	0.04300	0.26820	0.07716	0.01541	0.01588	0.03074	0.01566	0.01004	0.01200	0.01833	0.00487	0.00474	0.00151	0.00666	0.00407	0.02912	0.00721
33	0.01583	0.01199	0.01703	0.02079	0.41148	0.01235	0.01208	0.25473	0.04360	0.13219	0.01204	0.01311	0.00897	0.00525	0.00497	0.00150	0.00547	0.00458	0.00387	0.00816
34	0.04346	0.29413	0.05757	0.01145	0.01536	0.01518	0.12536	0.11838	0.19672	0.01769	0.01154	0.01263	0.00918	0.02355	0.00519	0.00152	0.02647	0.00430	0.00332	0.00699
35	0.01427	0.41228	0.02163	0.01504	0.20181	0.17747	0.02203	0.03690	0.03120	0.01375	0.00820	0.00970	0.00706	0.00459	0.00402	0.00125	0.00623	0.00338	0.00246	0.00673
36	0.01128	0.00694	0.00840	0.00724	0.00947	0.00652	0.00566	0.08106	0.05252	0.17320	0.36564	0.03129	0.17638	0.00912	0.00552	0.00156	0.00316	0.00776	0.00531	0.03196
37	0.00599	0.00466	0.00545	0.00608	0.00700	0.00412	0.00424	0.00704	0.01037	0.01306	0.03800	0.46767	0.38007	0.01425	0.00615	0.00187	0.00272	0.01250	0.00463	0.00412
38	0.10060	0.08952	0.36511	0.01277	0.06016	0.08423	0.01302	0.08065	0.01223	0.12194	0.01017	0.01100	0.00731	0.00500	0.00448	0.00149	0.00632	0.00374	0.00306	0.00721
39	0.01289	0.01420	0.20098	0.01884	0.30877	0.01087	0.04077	0.09496	0.03652	0.10367	0.01297	0.09879	0.01096	0.00611	0.00509	0.00158	0.00574	0.00546	0.00336	0.00744
40	0.00725	0.00483	0.00544	0.00544	0.00544	0.00483	0.00302	0.00725	0.00725	0.00966	0.01571	0.03262	0.01812	0.82483	0.02537	0.00483	0.00483	0.00725	0.00302	0.00302
41	0.01572	0.08427	0.01708	0.01776	0.24622	0.43988	0.03055	0.03224	0.01286	0.01382	0.00850	0.01048	0.00716	0.00609	0.03519	0.00160	0.00787	0.00371	0.00255	0.00648
42	0.01261	0.01639	0.19190	0.02226	0.34228	0.07987	0.18534	0.05920	0.01219	0.01661	0.00944	0.01188	0.00738	0.00460	0.00507	0.00153	0.00703	0.00450	0.00255	0.00737
43	0.01582	0.01241	0.01319	0.01083	0.01426	0.01399	0.00872	0.41810	0.38755	0.02636	0.01595	0.01514	0.01170	0.00636	0.00503	0.00159	0.00475	0.00504	0.00503	0.00820
44	0.03458	0.01422	0.01356	0.01266	0.09583	0.21204	0.00908	0.20330	0.09806	0.13649	0.03619	0.01325	0.01021	0.00561	0.00474	0.00140	0.00577	0.00432	0.00409	0.08458
45	0.00703	0.00453	0.00626	0.00695	0.00725	0.00444	0.00478	0.00720	0.00860	0.01151	0.02065	0.45201	0.02383	0.06767	0.07215	0.22671	0.00430	0.05684	0.00373	0.00355
46	0.86003	0.00964	0.00733	0.00655	0.00964	0.01118	0.00540	0.01465	0.00848	0.02236	0.00694	0.00810	0.00540	0.00463	0.00308	0.00154	0.00386	0.00270	0.00308	0.00540
47	0.01209	0.01171	0.02031	0.08756	0.69861	0.01183	0.05416	0.01514	0.01127	0.01601	0.00937	0.01246	0.00779	0.00447	0.00499	0.00150	0.00610	0.00451	0.00245	0.00766
48	0.01181	0.01131	0.01929	0.17021	0.65820	0.01171	0.01504	0.01484	0.01110	0.01565	0.00928	0.01251	0.00767	0.00454	0.00494	0.00151	0.00605	0.00444	0.00242	0.00747
49	0.00777	0.00589	0.00843	0.21863	0.01473	0.00632	0.00751	0.00979	0.01027	0.01402	0.02220	0.30057	0.06806	0.01092	0.00568	0.00184	0.00411	0.15728	0.12133	0.00464
50	0.01010	0.00959	0.10670	0.07489	0.01436	0.00779	0.07995	0.01332	0.06069	0.11299	0.02546	0.13987	0.20057	0.00952	0.00596	0.00178	0.02524	0.09138	0.00408	0.00576
51	0.01060	0.00631	0.00743	0.00669	0.00863	0.00580	0.00504	0.03011	0.05992	0.18944	0.13880	0.07850	0.31375	0.10687	0.00796	0.00202	0.00333	0.00846	0.00494	0.00541
52	0.01366	0.01103	0.03771	0.06928	0.54396	0.01056	0.01325	0.01646	0.01182	0.16093	0.03368	0.03419	0.01034	0.00524	0.00501	0.00152	0.00551	0.00490	0.00327	0.00767
53	0.01053	0.04585	0.30161	0.01854	0.23406	0.01112	0.15647	0.01446	0.01109	0.01549	0.01495	0.01666	0.11569	0.00563	0.00511	0.00157	0.00642	0.00521	0.00263	0.00692
54	0.01115	0.01017	0.01770	0.23214	0.35292	0.01061	0.11428	0.01392	0.01058	0.04272	0.01058	0.01571	0.00910	0.11816	0.00790	0.00202	0.00623	0.00504	0.00262	0.00646
55	0.01024	0.00970	0.01644	0.59289	0.24786	0.01129	0.01425	0.01346	0.01036	0.01373	0.00900	0.01302	0.00700	0.00483	0.00497	0.00161	0.00644	0.00443	0.00229	0.00620
56	0.01603	0.28321	0.01841	0.08071	0.15474	0.01289	0.00984	0.01812	0.01176	0.29963	0.01217	0.01260	0.00886	0.00521	0.00480	0.00141	0.03456	0.00405	0.00368	0.00732
57	0.04115	0.01687	0.06644	0.01160	0.02858	0.39095	0.02452	0.08032	0.03111	0.06693	0.01339	0.16930	0.01268	0.00740	0.00499	0.00153	0.00668	0.01606	0.00348	0.00603
58	0.01205	0.00610	0.00833	0.00819	0.00991	0.00560	0.00645	0.01366	0.01165	0.27566	0.02457	0.34455	0.02491	0.01196	0.00605	0.00194	0.00380	0.21380	0.00513	0.00568
59	0.01393	0.01350	0.01200	0.01075	0.01356	0.17422	0.00831	0.05509	0.59711	0.01951	0.01739	0.01637	0.01315	0.00640	0.00495	0.00160	0.00504	0.00509	0.00456	0.00748
60	0.01333	0.82783	0.02612	0.00853	0.01279	0.01972	0.00853	0.01493	0.01013	0.01173	0.00693	0.00800	0.00640	0.00426	0.00320	0.00107	0.00533	0.00267	0.00213	0.00640
61	0.00722	0.00495	0.00602	0.00602	0.00622	0.00515	0.00375	0.00762	0.00742	0.01010	0.01517	0.02965	0.01683	0.64576	0.20267	0.00556	0.00677	0.00681	0.00294	0.00335
62	0.01069	0.13094	0.58653	0.01442	0.02104	0.01281	0.12478	0.01570	0.01065	0.01527	0.00884	0.01060	0.00650	0.00460	0.00469	0.00152	0.00724	0.00386	0.00217	0.00715
63	0.00941	0.00886	0.01495	0.81285	0.03433	0.01107	0.01384	0.01274	0.00997	0.01274	0.00886	0.01329	0.00664	0.00498	0.00498	0.00166	0.00664	0.00443	0.00221	0.00554
64	0.00775	0.00567	0.00680	0.00650	0.00650	0.00628	0.00411	0.00791	0.00730	0.00999	0.01444	0.02961	0.01652	0.71188	0.02412	0.00447	0.11706	0.00685	0.00290	0.00336
65	0.01332	0.01227	0.02240	0.02445	0.42144	0.01198	0.27617	0.06334	0.01246	0.07688	0.01057	0.01305	0.00816	0.00459	0.00527	0.00156	0.00662	0.00498	0.00292	0.00757
66	0.00619	0.00464	0.00575	0.00637	0.00714	0.00420	0.00443	0.00740	0.01075	0.01412	0.16072	0.50186	0.22032	0.01398	0.00617	0.00186	0.00271	0.01242	0.00477	0.00420
67	0.00798	0.00579	0.00796	0.00851	0.00956	0.00609	0.00693	0.04593	0.01060	0.01422	0.02156	0.14819	0.02306	0.04596	0.24949	0.00403	0.00706	0.36849	0.00398	0.00461
68	0.00771	0.00586	0.00773	0.00722	0.00821	0.00620	0.00547	0.02855	0.01198	0.01696	0.47471	0.03093	0.05032	0.09148	0.14855	0.00306	0.07828	0.00770	0.00443	0.00465
69	0.02023	0.00803	0.01079	0.00843	0.01196	0.00694	0.00690	0.02213	0.01403	0.69307	0.06418	0.02051	0.07560	0.00690	0.00513	0.00155	0.00400	0.00566	0.00601	0.00794
70	0.01108	0.01050	0.01610	0.27397	0.25044	0.04206	0.05087	0.05678	0.01116	0.01499	0.01141	0.09296	0.01050	0.00659	0.00639	0.00170	0.09105	0.03237	0.00279	0.00628
71	0.01146	0.01100	0.01889	0.26077	0.55248	0.01163	0.03228	0.01456	0.01095	0.01523	0.00924	0.01264	0.00752	0.00460	0.00497	0.00154	0.00619	0.00447	0.00239	0.00717
72	0.01129	0.01800	0.34211	0.01875	0.12930	0.01214	0.29216	0.01572	0.01098	0.03273	0.00949	0.01200	0.00713	0.00480	0.00596	0.00164	0.06163	0.00466	0.00240	0.00710
73	0.00830	0.00735	0.01188	0.54333	0.02527	0.00872	0.01076	0.01080	0.00983	0.01273	0.01508	0.28360	0.01545	0.00854	0.00544	0.00178	0.00539	0.00769	0.00302	0.00504
74	0.01252	0.01075	0.01870	0.28530	0.33528	0.01127	0.11906	0.03066	0.01151	0.10087	0.01048	0.01330	0.00793	0.00481	0.00509	0.00157	0.00631	0.00470	0.00285	0.00703
75	0.01265	0.01144	0.01926	0.10369	0.43779	0.03984	0.13525	0.01561	0.01138	0.08351	0.01058	0.01345	0.00840	0.00715	0.06632	0.00203	0.00693	0.00474	0.00279	0.00718
76	0.01039	0.00752	0.01143	0.01491	0.27096	0.00717	0.00851	0.01231	0.01144	0.11636	0.11904	0.30298	0.06679	0.00980	0.00562	0.00170	0.00399	0.00887	0.00421	0.00600
77	0.00733	0.00536	0.00709	0.00767	0.00883	0.00512	0.00630	0.00939	0.01202	0.01594	0.23857	0.11204	0.13207	0.01279	0.00644	0.00200	0.00358	0.39809	0.00484	0.00453
78	0.01357	0.01436	0.01836	0.14177	0.31569	0.20511	0.11437	0.01709	0.06512	0.03207	0.00996	0.01234	0.00790	0.00486	0.00497	0.00150	0.00694	0.00443	0.00272	0.00688
79	0.04337	0.01061	0.05960	0.01240	0.06774	0.00986	0.14169	0.15737	0.05647	0.09975	0.06082	0.09797	0.04921	0.09136	0.00741	0.00197	0.00521	0.01667	0.00405	0.00647

[dist]
# distance from previous block
# <min> <max>
0	33

# created by:
# /home/cegg/simao/soft/augustus-3.2.1/scripts/msa2prfl.pl ./align_prep/31317.fa
