[name]
unknown

[dist]
# distance from previous block
# <min> <max>
0	11

[block]
# block no. 0 follows, 48 sequences, length 11
# corresponding to MSA columns:
# 11-21
name=unknown_A
#
# <colnr> <probs for GDERKNQSTAVLIFYWHMCP>
#	G	D	E	R	K	N	Q	S	T	A	V	L	I	F	Y	W	H	M	C	P
0	0.13646	0.00684	0.00852	0.03690	0.01124	0.00708	0.00757	0.01259	0.03386	0.06963	0.08321	0.08253	0.02531	0.01151	0.00614	0.00208	0.00437	0.44433	0.00461	0.00524
1	0.01242	0.01331	0.02683	0.05285	0.12544	0.01312	0.55691	0.05482	0.01235	0.01693	0.01012	0.01345	0.00778	0.00476	0.00648	0.00172	0.05533	0.00564	0.00269	0.00705
2	0.00823	0.00557	0.00625	0.00588	0.00762	0.00482	0.00440	0.00969	0.01218	0.09914	0.17308	0.04274	0.51253	0.07600	0.00756	0.00195	0.00295	0.00968	0.00496	0.00480
3	0.00694	0.00483	0.00568	0.00607	0.00633	0.00465	0.00373	0.00735	0.00862	0.01134	0.02337	0.29420	0.09199	0.48174	0.01785	0.00373	0.00410	0.01012	0.00380	0.00357
4	0.00660	0.00514	0.00587	0.00583	0.00713	0.00454	0.00424	0.00816	0.01220	0.01583	0.30138	0.10938	0.40942	0.07227	0.00759	0.00196	0.00275	0.01036	0.00495	0.00440
5	0.01438	0.01669	0.07848	0.15088	0.16754	0.29386	0.07753	0.01702	0.01247	0.05361	0.01071	0.06367	0.00910	0.00576	0.00509	0.00155	0.00740	0.00486	0.00285	0.00656
6	0.01108	0.00721	0.00842	0.00765	0.00962	0.00714	0.00587	0.15919	0.01393	0.10337	0.08793	0.20441	0.19950	0.01272	0.06457	0.00219	0.00427	0.00880	0.07642	0.00573
7	0.14375	0.00692	0.00773	0.00685	0.00880	0.00660	0.00496	0.01108	0.00953	0.05439	0.06393	0.10185	0.01670	0.26328	0.07441	0.00303	0.00484	0.00625	0.00357	0.20153
8	0.11016	0.08727	0.01156	0.00931	0.01134	0.15792	0.00734	0.01457	0.04950	0.07599	0.01412	0.14151	0.01343	0.01600	0.21601	0.00337	0.04563	0.00590	0.00343	0.00563
9	0.58895	0.19954	0.01271	0.00765	0.01119	0.01393	0.00666	0.07918	0.01043	0.02126	0.00758	0.00865	0.00606	0.00479	0.00337	0.00147	0.00446	0.00293	0.00311	0.00606
10	0.16904	0.19965	0.13472	0.07252	0.01714	0.11079	0.09257	0.05150	0.01183	0.01698	0.07017	0.01239	0.00996	0.00526	0.00442	0.00147	0.00620	0.00409	0.00289	0.00640

[dist]
# distance from previous block
# <min> <max>
0	11

[block]
# block no. 1 follows, 48 sequences, length 24
# corresponding to MSA columns:
# 33-56
name=unknown_B
#
# <colnr> <probs for GDERKNQSTAVLIFYWHMCP>
#	G	D	E	R	K	N	Q	S	T	A	V	L	I	F	Y	W	H	M	C	P
0	0.01448	0.01178	0.01247	0.01064	0.01385	0.01336	0.00844	0.24463	0.52714	0.02436	0.01958	0.01832	0.04365	0.00696	0.00523	0.00168	0.00447	0.00565	0.00518	0.00815
1	0.04271	0.00697	0.00994	0.05481	0.01193	0.00659	0.05299	0.01418	0.01169	0.25623	0.09225	0.28293	0.03341	0.08977	0.00775	0.00210	0.00416	0.00888	0.00484	0.00586
2	0.01082	0.00693	0.00810	0.00713	0.00910	0.02033	0.00549	0.08333	0.01411	0.09616	0.36469	0.07519	0.02941	0.00852	0.00522	0.00148	0.00317	0.00729	0.17466	0.06884
3	0.00679	0.00491	0.00579	0.00609	0.00687	0.00453	0.00414	0.00791	0.01060	0.01411	0.15904	0.28068	0.22142	0.19476	0.01062	0.00253	0.00321	0.01071	0.04118	0.00411
4	0.08802	0.15538	0.39311	0.01160	0.01699	0.05866	0.01309	0.09158	0.01212	0.01784	0.00965	0.01105	0.00731	0.00504	0.00434	0.00146	0.00630	0.00368	0.08580	0.00698
5	0.01106	0.00835	0.00938	0.00810	0.01037	0.00858	0.00634	0.24468	0.06101	0.02252	0.31512	0.06361	0.19070	0.00971	0.00574	0.00164	0.00357	0.00819	0.00524	0.00609
6	0.01544	0.21931	0.01634	0.08811	0.01521	0.05384	0.00873	0.23807	0.01475	0.11877	0.01199	0.01475	0.00975	0.09840	0.05306	0.00221	0.00614	0.00450	0.00376	0.00687
7	0.21246	0.11829	0.05066	0.01057	0.04634	0.13731	0.00860	0.10166	0.04255	0.07672	0.00986	0.01070	0.00761	0.00507	0.00431	0.00137	0.01636	0.00355	0.00339	0.13262
8	0.12691	0.00911	0.01029	0.03412	0.03548	0.03512	0.00751	0.04647	0.16786	0.04377	0.13450	0.06284	0.06932	0.01107	0.07756	0.00234	0.08673	0.02877	0.00419	0.00604
9	0.02401	0.04288	0.17659	0.02308	0.09445	0.09405	0.04762	0.19330	0.13716	0.02033	0.01336	0.01700	0.01087	0.00635	0.00518	0.00164	0.00625	0.07473	0.00371	0.00744
10	0.01409	0.01199	0.01215	0.01052	0.01350	0.05905	0.00827	0.18996	0.49097	0.02326	0.09338	0.01893	0.01681	0.00703	0.00525	0.00166	0.00456	0.00573	0.00509	0.00780
11	0.00736	0.08564	0.00808	0.00612	0.00788	0.00613	0.00480	0.00920	0.01285	0.01671	0.37823	0.04035	0.37641	0.01102	0.00579	0.00162	0.00280	0.00933	0.00491	0.00478
12	0.16515	0.00969	0.04066	0.09657	0.22935	0.00941	0.00989	0.01525	0.01103	0.16065	0.01461	0.15289	0.01325	0.04241	0.00592	0.00182	0.00493	0.00619	0.00373	0.00660
13	0.09651	0.35518	0.19160	0.01180	0.01650	0.14264	0.07905	0.01641	0.01113	0.01454	0.00801	0.00952	0.00658	0.00474	0.00428	0.00137	0.01775	0.00339	0.00239	0.00662
14	0.00658	0.00485	0.00615	0.00661	0.00744	0.00443	0.00466	0.00806	0.01175	0.01583	0.29604	0.42734	0.15407	0.01365	0.00630	0.00187	0.00272	0.01216	0.00507	0.00443
15	0.01212	0.01160	0.01978	0.18063	0.64306	0.01204	0.01546	0.01524	0.01141	0.01606	0.00955	0.01289	0.00788	0.00468	0.00509	0.00156	0.00624	0.00457	0.00249	0.00766
16	0.01168	0.04165	0.22641	0.04688	0.06166	0.04919	0.09392	0.08560	0.04218	0.01721	0.08708	0.06394	0.01316	0.00688	0.00703	0.00172	0.12839	0.00552	0.00317	0.00671
17	0.09400	0.01083	0.01897	0.11048	0.20144	0.01129	0.24228	0.01412	0.01082	0.01593	0.01284	0.01706	0.05382	0.00872	0.07723	0.00230	0.05655	0.03213	0.00280	0.00641
18	0.00652	0.00491	0.00549	0.00588	0.00704	0.00434	0.00420	0.00784	0.01107	0.01439	0.07054	0.31057	0.41989	0.01326	0.00599	0.00180	0.00270	0.01147	0.08776	0.00434
19	0.09727	0.01192	0.09643	0.01056	0.01404	0.01088	0.05821	0.23663	0.05917	0.11773	0.01474	0.08685	0.01224	0.04853	0.06313	0.00227	0.00580	0.00568	0.04094	0.00699
20	0.13617	0.01762	0.36529	0.01349	0.08905	0.01119	0.01324	0.09271	0.01258	0.13554	0.03101	0.03902	0.00963	0.00569	0.00480	0.00161	0.00596	0.00450	0.00345	0.00745
21	0.01015	0.05427	0.01183	0.15186	0.01514	0.00772	0.07543	0.01205	0.01099	0.11581	0.06744	0.33355	0.04412	0.05728	0.00697	0.00199	0.00458	0.00925	0.00414	0.00541
22	0.01184	0.00884	0.01312	0.01429	0.18124	0.00913	0.05818	0.08498	0.05881	0.09255	0.01501	0.07793	0.01343	0.09723	0.20848	0.00364	0.00739	0.00609	0.03147	0.00635
23	0.64412	0.05819	0.00967	0.00774	0.01095	0.06901	0.00635	0.01690	0.07842	0.04622	0.00885	0.00966	0.00683	0.00503	0.00353	0.00155	0.00446	0.00316	0.00337	0.00598

[dist]
# distance from previous block
# <min> <max>
4	9

[block]
# block no. 2 follows, 48 sequences, length 10
# corresponding to MSA columns:
# 66-75
name=unknown_C
#
# <colnr> <probs for GDERKNQSTAVLIFYWHMCP>
#	G	D	E	R	K	N	Q	S	T	A	V	L	I	F	Y	W	H	M	C	P
0	0.01281	0.06190	0.05055	0.00938	0.01197	0.07154	0.00769	0.21604	0.04912	0.05822	0.14662	0.19721	0.03607	0.03962	0.00625	0.00178	0.00466	0.00766	0.00459	0.00633
1	0.01172	0.01303	0.02719	0.01984	0.02414	0.01292	0.63119	0.01550	0.01136	0.01567	0.01014	0.01390	0.00796	0.00692	0.05448	0.00218	0.10685	0.00583	0.00256	0.00662
2	0.01382	0.01158	0.01692	0.23140	0.21015	0.01263	0.06716	0.26258	0.01534	0.02107	0.01103	0.01346	0.00837	0.00534	0.00506	0.00157	0.00602	0.00471	0.07450	0.00730
3	0.00621	0.00462	0.00579	0.00673	0.00733	0.00420	0.00458	0.00719	0.01022	0.01326	0.03336	0.65206	0.19493	0.01542	0.00645	0.00201	0.00290	0.01378	0.00476	0.00420
4	0.01064	0.00778	0.00851	0.00794	0.00906	0.06458	0.00575	0.10538	0.04889	0.01438	0.01307	0.04010	0.01238	0.15152	0.15206	0.25967	0.00644	0.00544	0.07198	0.00443
5	0.01052	0.00797	0.01154	0.02885	0.19321	0.00850	0.00841	0.01301	0.05571	0.07356	0.04919	0.10079	0.01599	0.15510	0.13088	0.00328	0.07537	0.00656	0.04579	0.00578
6	0.62045	0.01401	0.00951	0.00857	0.01159	0.23314	0.00678	0.01660	0.01037	0.02008	0.00737	0.00859	0.00585	0.00491	0.00358	0.00151	0.00546	0.00293	0.00303	0.00567
7	0.22327	0.00609	0.00630	0.00652	0.00769	0.00627	0.00457	0.00947	0.00964	0.01572	0.08837	0.32469	0.08648	0.17155	0.00948	0.00246	0.00355	0.00939	0.00411	0.00438
8	0.11771	0.01118	0.01337	0.21389	0.01878	0.07339	0.04308	0.10063	0.08562	0.01781	0.05816	0.01697	0.07295	0.00687	0.00678	0.00173	0.12628	0.00520	0.00343	0.00616
9	0.01275	0.01526	0.26979	0.01229	0.01688	0.01048	0.09357	0.07176	0.07710	0.13386	0.05376	0.05837	0.04421	0.00724	0.01995	0.00176	0.04145	0.00562	0.00379	0.05011

[dist]
# distance from previous block
# <min> <max>
0	1

[block]
# block no. 3 follows, 48 sequences, length 29
# corresponding to MSA columns:
# 77-105
name=unknown_D
#
# <colnr> <probs for GDERKNQSTAVLIFYWHMCP>
#	G	D	E	R	K	N	Q	S	T	A	V	L	I	F	Y	W	H	M	C	P
0	0.05228	0.11405	0.07417	0.00877	0.01084	0.05204	0.04147	0.01072	0.01075	0.01444	0.07742	0.42047	0.07051	0.01135	0.00562	0.00178	0.00427	0.00994	0.00399	0.00511
1	0.05615	0.45502	0.26123	0.01093	0.01599	0.07218	0.01191	0.01590	0.01068	0.01397	0.00782	0.00920	0.00651	0.00476	0.00427	0.00133	0.02995	0.00316	0.00227	0.00677
2	0.01373	0.61553	0.13731	0.00961	0.01431	0.01755	0.01005	0.01601	0.01081	0.07518	0.00914	0.03434	0.00791	0.00498	0.00377	0.00124	0.00563	0.00346	0.00260	0.00683
3	0.01230	0.11279	0.23784	0.01024	0.01426	0.03971	0.01028	0.05085	0.11614	0.09734	0.05173	0.05510	0.05308	0.07651	0.00673	0.00186	0.00536	0.00557	0.03562	0.00670
4	0.00990	0.06534	0.39991	0.01132	0.01621	0.01004	0.02902	0.01453	0.05356	0.01622	0.04778	0.11102	0.01312	0.00783	0.03490	0.00180	0.00600	0.00553	0.07168	0.07428
5	0.00820	0.00653	0.00757	0.00774	0.00908	0.00672	0.00561	0.01321	0.23015	0.01646	0.11672	0.39234	0.13484	0.01240	0.00605	0.00188	0.00317	0.01094	0.00500	0.00540
6	0.00973	0.00798	0.04339	0.00789	0.00975	0.04293	0.00623	0.08444	0.01268	0.07816	0.07265	0.33485	0.22541	0.01215	0.00599	0.00182	0.00377	0.03012	0.00476	0.00531
7	0.05882	0.21593	0.44870	0.03520	0.01813	0.01313	0.01400	0.01535	0.01059	0.03797	0.01037	0.06765	0.00879	0.01873	0.00487	0.00158	0.00639	0.00437	0.00256	0.00689
8	0.00824	0.01103	0.20385	0.00992	0.01277	0.00704	0.07378	0.01085	0.01089	0.03173	0.08685	0.33376	0.11905	0.04770	0.00685	0.00198	0.00464	0.00973	0.00396	0.00538
9	0.01314	0.21436	0.01351	0.00828	0.01092	0.01022	0.00685	0.06757	0.01232	0.19751	0.02231	0.24766	0.11461	0.00954	0.00551	0.00164	0.02546	0.00791	0.00444	0.00624
10	0.39779	0.05982	0.17446	0.01113	0.02618	0.04209	0.09394	0.05042	0.04644	0.02008	0.02903	0.01101	0.00786	0.00505	0.00419	0.00158	0.00559	0.00379	0.00307	0.00648
11	0.08662	0.06990	0.15308	0.00914	0.01249	0.03074	0.00863	0.13194	0.03289	0.03702	0.15007	0.09000	0.10102	0.00800	0.00506	0.00159	0.00456	0.00652	0.05451	0.00622
12	0.05118	0.23485	0.38983	0.01178	0.01730	0.01414	0.01334	0.08102	0.06598	0.01704	0.01063	0.05216	0.00873	0.00557	0.00451	0.00151	0.00620	0.00423	0.00283	0.00718
13	0.05891	0.12732	0.23387	0.01069	0.01451	0.13023	0.01057	0.04983	0.04675	0.01515	0.01209	0.03626	0.02792	0.09068	0.11135	0.00272	0.00741	0.00469	0.00288	0.00616
14	0.01196	0.01477	0.27931	0.01101	0.01513	0.01015	0.01121	0.07222	0.14471	0.10674	0.05962	0.07426	0.04920	0.01028	0.08094	0.00232	0.02927	0.00593	0.00395	0.00701
15	0.01114	0.00801	0.00931	0.00815	0.01038	0.00836	0.00646	0.22356	0.01449	0.05451	0.06848	0.02779	0.25117	0.01757	0.22826	0.00348	0.00665	0.00706	0.02928	0.00588
16	0.01415	0.07883	0.08527	0.01104	0.01466	0.06481	0.00950	0.12869	0.47808	0.03446	0.01666	0.01588	0.01248	0.00633	0.00498	0.00162	0.00506	0.00503	0.00454	0.00790
17	0.00631	0.00466	0.00591	0.00676	0.00738	0.00425	0.00463	0.00740	0.01055	0.01388	0.09857	0.61988	0.16089	0.01507	0.00642	0.00198	0.00286	0.01349	0.00484	0.00425
18	0.01098	0.18737	0.01311	0.00861	0.01051	0.09549	0.00687	0.04136	0.05051	0.01441	0.14467	0.02129	0.01771	0.17187	0.13632	0.00323	0.05139	0.00562	0.00337	0.00532
19	0.00957	0.00946	0.01755	0.01394	0.01634	0.00965	0.31873	0.01214	0.01119	0.01552	0.13609	0.24243	0.02132	0.00930	0.00785	0.00189	0.12905	0.00871	0.00363	0.00562
20	0.01548	0.01489	0.01480	0.01252	0.01466	0.18098	0.01009	0.23272	0.12167	0.01938	0.01056	0.01223	0.00853	0.00711	0.00929	0.00178	0.29836	0.00446	0.00357	0.00692
21	0.00770	0.00696	0.07367	0.00713	0.00852	0.00537	0.00568	0.00906	0.01014	0.04243	0.05047	0.24631	0.19775	0.23921	0.01176	0.00276	0.00401	0.06250	0.00416	0.00443
22	0.17775	0.22934	0.18998	0.00969	0.01434	0.01317	0.00992	0.07782	0.01182	0.10500	0.01013	0.01094	0.00764	0.00498	0.00404	0.00138	0.00527	0.00354	0.04665	0.06663
23	0.00651	0.00470	0.00619	0.00707	0.00763	0.00438	0.00493	0.00775	0.01076	0.01443	0.14839	0.61735	0.07015	0.01495	0.00648	0.00201	0.00297	0.05414	0.00490	0.00431
24	0.00836	0.00576	0.00696	0.00725	0.00830	0.00559	0.00514	0.08551	0.01147	0.01622	0.02378	0.56258	0.02662	0.01278	0.00578	0.00181	0.00319	0.01137	0.14323	0.04828
25	0.85592	0.00992	0.00754	0.00675	0.00992	0.01151	0.00556	0.01508	0.00873	0.02302	0.00714	0.00834	0.00556	0.00476	0.00318	0.00159	0.00397	0.00278	0.00318	0.00556
26	0.68952	0.00969	0.00841	0.00722	0.01056	0.01072	0.00595	0.01707	0.00992	0.17650	0.00976	0.01016	0.00698	0.00508	0.00357	0.00159	0.00405	0.00325	0.00381	0.00619
27	0.59594	0.00955	0.00890	0.00749	0.01091	0.01027	0.00618	0.01818	0.01059	0.26281	0.01123	0.01118	0.00779	0.00526	0.00379	0.00159	0.00409	0.00352	0.00417	0.00655
28	0.01270	0.01219	0.02083	0.03149	0.78767	0.01219	0.01575	0.01575	0.01168	0.01676	0.00965	0.01270	0.00813	0.00457	0.00508	0.00152	0.00610	0.00457	0.00254	0.00813

[dist]
# distance from previous block
# <min> <max>
0	1

[block]
# block no. 4 follows, 48 sequences, length 31
# corresponding to MSA columns:
# 108-138
name=unknown_E
#
# <colnr> <probs for GDERKNQSTAVLIFYWHMCP>
#	G	D	E	R	K	N	Q	S	T	A	V	L	I	F	Y	W	H	M	C	P
0	0.01121	0.01068	0.01814	0.41448	0.41629	0.01180	0.01501	0.01445	0.01098	0.01496	0.00939	0.01318	0.00749	0.00485	0.00510	0.00162	0.00646	0.00457	0.00241	0.00693
1	0.01270	0.01219	0.02083	0.03149	0.78767	0.01219	0.01575	0.01575	0.01168	0.01676	0.00965	0.01270	0.00813	0.00457	0.00508	0.00152	0.00610	0.00457	0.00254	0.00813
2	0.01229	0.01177	0.02008	0.13824	0.68416	0.01208	0.01554	0.01538	0.01149	0.01626	0.00958	0.01283	0.00795	0.00465	0.00509	0.00155	0.00620	0.00457	0.00250	0.00779
3	0.01270	0.01219	0.02083	0.03149	0.78767	0.01219	0.01575	0.01575	0.01168	0.01676	0.00965	0.01270	0.00813	0.00457	0.00508	0.00152	0.00610	0.00457	0.00254	0.00813
4	0.01122	0.01103	0.01461	0.01192	0.01468	0.10203	0.19083	0.01702	0.20653	0.01886	0.31404	0.02416	0.02544	0.00750	0.00568	0.00164	0.00514	0.00692	0.00445	0.00630
5	0.00763	0.00586	0.00849	0.00832	0.00906	0.00693	0.00638	0.00920	0.00813	0.01171	0.01351	0.02107	0.01306	0.12799	0.65059	0.00742	0.07174	0.00565	0.00275	0.00448
6	0.01328	0.01136	0.01521	0.01856	0.31453	0.01226	0.01106	0.02267	0.43978	0.06033	0.01648	0.01655	0.01258	0.00600	0.00516	0.00165	0.00487	0.00529	0.00424	0.00816
7	0.01271	0.01191	0.01860	0.02641	0.60066	0.01233	0.01391	0.01853	0.19685	0.01790	0.01236	0.01426	0.00995	0.00515	0.00511	0.00158	0.00560	0.00487	0.00319	0.00813
8	0.01064	0.00912	0.01064	0.00760	0.01216	0.00684	0.00608	0.01292	0.01064	0.01672	0.00912	0.01064	0.00760	0.00380	0.00380	0.00076	0.00380	0.00304	0.00304	0.85104
9	0.01270	0.01219	0.02083	0.03149	0.78767	0.01219	0.01575	0.01575	0.01168	0.01676	0.00965	0.01270	0.00813	0.00457	0.00508	0.00152	0.00610	0.00457	0.00254	0.00813
10	0.01270	0.01219	0.02083	0.03149	0.78767	0.01219	0.01575	0.01575	0.01168	0.01676	0.00965	0.01270	0.00813	0.00457	0.00508	0.00152	0.00610	0.00457	0.00254	0.00813
11	0.00929	0.01568	0.31808	0.01307	0.01792	0.00949	0.20271	0.01322	0.01160	0.01576	0.05976	0.02490	0.25133	0.00753	0.00560	0.00168	0.00605	0.00681	0.00325	0.00627
12	0.01270	0.01219	0.02083	0.03149	0.78767	0.01219	0.01575	0.01575	0.01168	0.01676	0.00965	0.01270	0.00813	0.00457	0.00508	0.00152	0.00610	0.00457	0.00254	0.00813
13	0.01123	0.01123	0.01572	0.01347	0.01347	0.01572	0.01123	0.01235	0.00786	0.01235	0.00674	0.01123	0.00674	0.00898	0.01684	0.00225	0.81028	0.00449	0.00225	0.00561
14	0.01270	0.01219	0.02083	0.03149	0.78767	0.01219	0.01575	0.01575	0.01168	0.01676	0.00965	0.01270	0.00813	0.00457	0.00508	0.00152	0.00610	0.00457	0.00254	0.00813
15	0.01359	0.01388	0.01996	0.02898	0.68148	0.12045	0.01494	0.01640	0.01208	0.01618	0.00941	0.01223	0.00792	0.00467	0.00502	0.00150	0.00653	0.00440	0.00255	0.00783
16	0.01259	0.01208	0.02063	0.05956	0.76045	0.01216	0.01569	0.01565	0.01163	0.01663	0.00963	0.01273	0.00808	0.00459	0.00508	0.00153	0.00612	0.00457	0.00253	0.00804
17	0.01270	0.01219	0.02083	0.03149	0.78767	0.01219	0.01575	0.01575	0.01168	0.01676	0.00965	0.01270	0.00813	0.00457	0.00508	0.00152	0.00610	0.00457	0.00254	0.00813
18	0.00726	0.00524	0.00686	0.00646	0.00767	0.00484	0.00484	0.00968	0.01452	0.02058	0.78496	0.03833	0.04841	0.01049	0.00605	0.00161	0.00242	0.00928	0.00565	0.00484
19	0.01270	0.01219	0.02083	0.03149	0.78767	0.01219	0.01575	0.01575	0.01168	0.01676	0.00965	0.01270	0.00813	0.00457	0.00508	0.00152	0.00610	0.00457	0.00254	0.00813
20	0.00625	0.00447	0.00595	0.00714	0.00744	0.00417	0.00476	0.00714	0.00982	0.01310	0.02828	0.81633	0.03394	0.01608	0.00655	0.00208	0.00298	0.01459	0.00476	0.00417
21	0.02275	0.00952	0.01213	0.00938	0.01331	0.03718	0.00771	0.05246	0.01503	0.73425	0.01949	0.01697	0.01233	0.00630	0.00514	0.00158	0.00459	0.00507	0.00617	0.00863
22	0.00712	0.00524	0.00667	0.00631	0.00758	0.00478	0.00473	0.00942	0.01420	0.01980	0.70057	0.03960	0.13328	0.01078	0.00605	0.00163	0.00244	0.00946	0.00555	0.00478
23	0.00625	0.00447	0.00595	0.00714	0.00744	0.00417	0.00476	0.00714	0.00982	0.01310	0.02828	0.81633	0.03394	0.01608	0.00655	0.00208	0.00298	0.01459	0.00476	0.00417
24	0.01270	0.01219	0.02083	0.03149	0.78767	0.01219	0.01575	0.01575	0.01168	0.01676	0.00965	0.01270	0.00813	0.00457	0.00508	0.00152	0.00610	0.00457	0.00254	0.00813
25	0.00742	0.00512	0.00634	0.00634	0.00660	0.00538	0.00404	0.00794	0.00768	0.01050	0.01548	0.02979	0.01701	0.59942	0.24412	0.00590	0.00745	0.00691	0.00301	0.00352
26	0.00733	0.00550	0.00825	0.00825	0.00916	0.00641	0.00641	0.00916	0.00825	0.01191	0.01374	0.02016	0.01283	0.03848	0.79934	0.00825	0.01374	0.00550	0.00275	0.00458
27	0.01270	0.01219	0.02083	0.03149	0.78767	0.01219	0.01575	0.01575	0.01168	0.01676	0.00965	0.01270	0.00813	0.00457	0.00508	0.00152	0.00610	0.00457	0.00254	0.00813
28	0.00726	0.00524	0.00686	0.00646	0.00767	0.00484	0.00484	0.00968	0.01452	0.02058	0.78496	0.03833	0.04841	0.01049	0.00605	0.00161	0.00242	0.00928	0.00565	0.00484
29	0.34066	0.35219	0.16792	0.00912	0.01366	0.01526	0.00950	0.01543	0.00985	0.01714	0.00754	0.00878	0.00617	0.00463	0.00355	0.00139	0.00530	0.00296	0.00257	0.00638
30	0.39108	0.40077	0.05357	0.00815	0.01213	0.01565	0.00778	0.01553	0.00979	0.03701	0.00757	0.00863	0.00628	0.00463	0.00336	0.00135	0.00488	0.00287	0.00274	0.00623

[dist]
# distance from previous block
# <min> <max>
1	2

[block]
# block no. 5 follows, 48 sequences, length 10
# corresponding to MSA columns:
# 141-150
name=unknown_F
#
# <colnr> <probs for GDERKNQSTAVLIFYWHMCP>
#	G	D	E	R	K	N	Q	S	T	A	V	L	I	F	Y	W	H	M	C	P
0	0.01316	0.01325	0.02095	0.02944	0.67840	0.07318	0.06430	0.01616	0.01193	0.01642	0.00957	0.01251	0.00799	0.00461	0.00511	0.00152	0.00651	0.00457	0.00255	0.00788
1	0.00726	0.00524	0.00686	0.00646	0.00767	0.00484	0.00484	0.00968	0.01452	0.02058	0.78496	0.03833	0.04841	0.01049	0.00605	0.00161	0.00242	0.00928	0.00565	0.00484
2	0.00845	0.00639	0.00732	0.00693	0.00809	0.00657	0.00486	0.01253	0.17720	0.01646	0.29243	0.03312	0.07642	0.30598	0.01321	0.00288	0.00372	0.00796	0.00457	0.00489
3	0.01016	0.00960	0.01624	0.68564	0.15336	0.01152	0.01448	0.01352	0.01048	0.01368	0.00920	0.01353	0.00704	0.00504	0.00512	0.00168	0.00672	0.00456	0.00232	0.00608
4	0.00632	0.00452	0.00601	0.00710	0.00746	0.00421	0.00477	0.00731	0.01013	0.01359	0.07833	0.76487	0.03489	0.01571	0.00652	0.00205	0.00294	0.01424	0.00482	0.00421
5	0.00978	0.00887	0.01459	0.28707	0.30239	0.00955	0.01200	0.01231	0.01065	0.01444	0.01497	0.25041	0.01532	0.00816	0.00553	0.00175	0.00543	0.00753	0.00311	0.00614
6	0.01183	0.01131	0.01926	0.25448	0.57144	0.01196	0.01532	0.01499	0.01127	0.01571	0.00950	0.01298	0.00776	0.00473	0.00509	0.00158	0.00631	0.00457	0.00247	0.00743
7	0.01129	0.09955	0.43922	0.01662	0.02301	0.01312	0.29244	0.01623	0.01126	0.01591	0.00943	0.01168	0.00698	0.00463	0.00515	0.00161	0.00777	0.00452	0.00233	0.00724
8	0.00956	0.00478	0.00478	0.00478	0.00598	0.00478	0.00359	0.01196	0.01076	0.01913	0.01674	0.01913	0.01315	0.00598	0.00359	0.00120	0.00239	0.00478	0.84816	0.00478
9	0.01235	0.24333	0.01567	0.00849	0.01281	0.08804	0.00723	0.01436	0.01096	0.01498	0.00844	0.00982	0.00721	0.00411	0.00374	0.00091	0.00481	0.00298	0.00276	0.52701

[dist]
# distance from previous block
# <min> <max>
0	2

[block]
# block no. 6 follows, 48 sequences, length 27
# corresponding to MSA columns:
# 153-179
name=unknown_G
#
# <colnr> <probs for GDERKNQSTAVLIFYWHMCP>
#	G	D	E	R	K	N	Q	S	T	A	V	L	I	F	Y	W	H	M	C	P
0	0.01598	0.01708	0.01312	0.01174	0.01460	0.35495	0.00901	0.07190	0.39789	0.01829	0.01470	0.01441	0.01128	0.00618	0.00496	0.00155	0.00642	0.00464	0.00409	0.00722
1	0.00956	0.00478	0.00478	0.00478	0.00598	0.00478	0.00359	0.01196	0.01076	0.01913	0.01674	0.01913	0.01315	0.00598	0.00359	0.00120	0.00239	0.00478	0.84816	0.00478
2	0.54186	0.00949	0.00908	0.00761	0.01098	0.01014	0.00626	0.03859	0.01122	0.26146	0.04146	0.01244	0.00952	0.00552	0.00396	0.00159	0.00408	0.00382	0.00431	0.00660
3	0.01498	0.01004	0.01271	0.15784	0.01741	0.00966	0.00866	0.15449	0.03327	0.19683	0.01255	0.01329	0.00904	0.00514	0.00464	0.00129	0.00484	0.00417	0.00410	0.32504
4	0.85592	0.00992	0.00754	0.00675	0.00992	0.01151	0.00556	0.01508	0.00873	0.02302	0.00714	0.00834	0.00556	0.00476	0.00318	0.00159	0.00397	0.00278	0.00318	0.00556
5	0.00933	0.00742	0.00864	0.00796	0.00980	0.00782	0.00608	0.01630	0.30191	0.02091	0.49750	0.03111	0.03609	0.00916	0.00574	0.00166	0.00304	0.00797	0.00549	0.00608
6	0.00701	0.00478	0.00573	0.00618	0.00629	0.00467	0.00373	0.00734	0.00835	0.01113	0.02072	0.32806	0.02440	0.51734	0.01875	0.00389	0.00422	0.01014	0.00373	0.00351
7	0.00827	0.00591	0.00827	0.00945	0.01063	0.00591	0.00827	0.01063	0.01181	0.01536	0.02717	0.05788	0.02953	0.01417	0.00709	0.00236	0.00472	0.75313	0.00472	0.00472
8	0.07634	0.00881	0.01163	0.00898	0.01290	0.00780	0.00741	0.02437	0.01430	0.74204	0.01940	0.01688	0.01224	0.00625	0.00503	0.00159	0.00434	0.00501	0.00615	0.00853
9	0.01879	0.01207	0.01821	0.01352	0.01788	0.01190	0.22038	0.27623	0.01718	0.31729	0.01480	0.01470	0.00998	0.00572	0.00540	0.00161	0.00599	0.00523	0.00489	0.00823
10	0.01123	0.01123	0.01572	0.01347	0.01347	0.01572	0.01123	0.01235	0.00786	0.01235	0.00674	0.01123	0.00674	0.00898	0.01684	0.00225	0.81028	0.00449	0.00225	0.00561
11	0.00979	0.01099	0.11596	0.01115	0.07599	0.05547	0.00847	0.01117	0.00877	0.01205	0.01215	0.02247	0.01283	0.41740	0.01820	0.00343	0.18030	0.00583	0.00272	0.00485
12	0.01785	0.21789	0.01753	0.01214	0.01521	0.61037	0.00964	0.01925	0.01354	0.01244	0.00774	0.00901	0.00660	0.00507	0.00430	0.00127	0.00834	0.00317	0.00253	0.00610
13	0.00969	0.00912	0.01539	0.80734	0.03534	0.01140	0.01425	0.01311	0.01026	0.01311	0.00912	0.01368	0.00684	0.00513	0.00513	0.00171	0.00684	0.00456	0.00228	0.00570
14	0.01435	0.31477	0.04569	0.01018	0.01387	0.10877	0.00894	0.12725	0.22027	0.01783	0.01448	0.01447	0.05657	0.00598	0.00446	0.00142	0.00547	0.00443	0.00364	0.00713
15	0.00849	0.00644	0.00894	0.00862	0.00988	0.00745	0.00675	0.06231	0.05602	0.01389	0.01408	0.01956	0.01272	0.03436	0.69691	0.00739	0.01260	0.00546	0.00306	0.00508
16	0.00956	0.00478	0.00478	0.00478	0.00598	0.00478	0.00359	0.01196	0.01076	0.01913	0.01674	0.01913	0.01315	0.00598	0.00359	0.00120	0.00239	0.00478	0.84816	0.00478
17	0.85592	0.00992	0.00754	0.00675	0.00992	0.01151	0.00556	0.01508	0.00873	0.02302	0.00714	0.00834	0.00556	0.00476	0.00318	0.00159	0.00397	0.00278	0.00318	0.00556
18	0.00969	0.00912	0.01539	0.80734	0.03534	0.01140	0.01425	0.01311	0.01026	0.01311	0.00912	0.01368	0.00684	0.00513	0.00513	0.00171	0.00684	0.00456	0.00228	0.00570
19	0.00956	0.00478	0.00478	0.00478	0.00598	0.00478	0.00359	0.01196	0.01076	0.01913	0.01674	0.01913	0.01315	0.00598	0.00359	0.00120	0.00239	0.00478	0.84816	0.00478
20	0.43825	0.01152	0.01237	0.01045	0.01272	0.04938	0.05271	0.06031	0.00984	0.01919	0.00755	0.00990	0.00632	0.00624	0.00804	0.00180	0.27095	0.00367	0.00293	0.00587
21	0.00758	0.00519	0.00673	0.00740	0.00816	0.00497	0.00523	0.00911	0.03420	0.05623	0.05940	0.60817	0.09103	0.01457	0.00661	0.00201	0.01964	0.04430	0.00485	0.00463
22	0.01276	0.01102	0.01160	0.01044	0.01334	0.01276	0.00812	0.02727	0.77840	0.02146	0.02088	0.01914	0.01566	0.00696	0.00522	0.00174	0.00406	0.00580	0.00522	0.00812
23	0.00685	0.00537	0.00704	0.00702	0.00826	0.00556	0.00540	0.00851	0.00981	0.01301	0.06072	0.03192	0.30506	0.02771	0.46737	0.00552	0.00907	0.00766	0.00363	0.00450
24	0.00777	0.00546	0.00673	0.00721	0.00841	0.00509	0.00563	0.00925	0.01105	0.04663	0.03378	0.15955	0.27672	0.11762	0.00905	0.00242	0.00379	0.27477	0.00460	0.00448
25	0.01083	0.00979	0.01347	0.04168	0.30340	0.05179	0.00993	0.05686	0.01174	0.01604	0.01616	0.29407	0.01702	0.00866	0.00541	0.00162	0.00487	0.00782	0.00353	0.11530
26	0.01524	0.01506	0.01752	0.01986	0.30647	0.20659	0.07115	0.07275	0.12159	0.05970	0.01162	0.01301	0.00906	0.00525	0.00503	0.00150	0.00659	0.00454	0.00336	0.03410

[dist]
# distance from previous block
# <min> <max>
0	7

# created by:
# /home/cegg/simao/soft/augustus-3.2.1/scripts/msa2prfl.pl ./align_prep/31507.fa
