[name]
unknown

[dist]
# distance from previous block
# <min> <max>
82	322

[block]
# block no. 0 follows, 45 sequences, length 23
# corresponding to MSA columns:
# 556-578
name=unknown_A
#
# <colnr> <probs for GDERKNQSTAVLIFYWHMCP>
#	G	D	E	R	K	N	Q	S	T	A	V	L	I	F	Y	W	H	M	C	P
0	0.10083	0.01625	0.19332	0.01307	0.04026	0.07644	0.06398	0.16899	0.06592	0.05955	0.06041	0.04495	0.01349	0.00694	0.00536	0.00173	0.00620	0.05090	0.00401	0.00740
1	0.01305	0.01582	0.16473	0.01665	0.08798	0.04293	0.17149	0.10050	0.03624	0.01818	0.01058	0.01354	0.00850	0.02553	0.00838	0.00184	0.16880	0.00493	0.03498	0.05537
2	0.02921	0.04149	0.02552	0.03015	0.17318	0.02402	0.00889	0.01492	0.02257	0.07888	0.01686	0.01782	0.11518	0.00587	0.00475	0.00127	0.00467	0.00490	0.00356	0.37631
3	0.01452	0.01376	0.07451	0.01360	0.01801	0.01307	0.16750	0.17445	0.28055	0.04604	0.01520	0.01556	0.01128	0.00593	0.00541	0.00163	0.00585	0.00533	0.00437	0.11342
4	0.13486	0.02291	0.01411	0.01466	0.17424	0.01228	0.00976	0.18408	0.10818	0.10778	0.05503	0.01767	0.04702	0.00676	0.00562	0.00168	0.03667	0.01428	0.02470	0.00771
5	0.55312	0.01019	0.00927	0.00793	0.01112	0.01132	0.00643	0.07629	0.01061	0.02233	0.00901	0.01129	0.00743	0.03492	0.06357	0.00221	0.03277	0.00354	0.00340	0.11325
6	0.01039	0.00960	0.01361	0.12042	0.26757	0.05528	0.01060	0.01285	0.01165	0.01560	0.08109	0.07119	0.11262	0.01382	0.14938	0.00296	0.00707	0.00678	0.02128	0.00623
7	0.01831	0.01945	0.01667	0.01391	0.01705	0.39251	0.07223	0.24299	0.01715	0.01968	0.01005	0.01171	0.00797	0.00754	0.03975	0.00188	0.07623	0.00431	0.00352	0.00709
8	0.00960	0.01031	0.08366	0.16480	0.04304	0.01087	0.01097	0.01201	0.00959	0.01359	0.01395	0.04930	0.05785	0.01808	0.24931	0.00404	0.22474	0.00580	0.00279	0.00569
9	0.00890	0.08219	0.00987	0.05667	0.01026	0.00755	0.00624	0.00954	0.00864	0.01158	0.01388	0.02457	0.01421	0.22953	0.25791	0.18231	0.00809	0.05100	0.00290	0.00415
10	0.02306	0.01078	0.01348	0.01033	0.01452	0.01033	0.00854	0.23107	0.01812	0.57278	0.01886	0.01677	0.01213	0.00659	0.00539	0.00165	0.00494	0.00524	0.00629	0.00913
11	0.01539	0.01227	0.01718	0.01350	0.01701	0.01320	0.16693	0.22005	0.18741	0.09626	0.03454	0.01872	0.03848	0.02823	0.00740	0.00189	0.07905	0.02009	0.00461	0.00780
12	0.01106	0.04666	0.30288	0.01043	0.01475	0.00888	0.01109	0.01468	0.03030	0.12265	0.04796	0.16157	0.17643	0.00938	0.00569	0.00178	0.00518	0.00788	0.00412	0.00664
13	0.01456	0.01590	0.17598	0.03550	0.01720	0.03872	0.01104	0.26044	0.07995	0.02290	0.01166	0.01255	0.00875	0.00540	0.00487	0.00139	0.00576	0.00419	0.00386	0.26940
14	0.00710	0.00564	0.00644	0.00636	0.00793	0.00485	0.00461	0.00858	0.01196	0.01553	0.15791	0.21574	0.38659	0.05046	0.00722	0.00194	0.00301	0.01104	0.00488	0.08220
15	0.01132	0.12429	0.50247	0.01525	0.08309	0.01287	0.04161	0.01620	0.01162	0.01680	0.05690	0.01302	0.00979	0.00528	0.00495	0.00157	0.00698	0.00428	0.00260	0.05909
16	0.01443	0.09859	0.22583	0.06236	0.03430	0.27426	0.04998	0.01766	0.01314	0.04016	0.07235	0.01576	0.01187	0.00616	0.00515	0.00158	0.00760	0.03901	0.00304	0.00678
17	0.00650	0.00508	0.00591	0.00656	0.00762	0.00449	0.00465	0.00768	0.01127	0.01415	0.04141	0.42684	0.38925	0.01522	0.00662	0.00201	0.00297	0.03233	0.00498	0.00446
18	0.01068	0.00791	0.07168	0.00791	0.01015	0.00637	0.00701	0.02694	0.01286	0.10057	0.12324	0.03512	0.11940	0.00976	0.00560	0.00175	0.00384	0.17857	0.25495	0.00570
19	0.01400	0.01834	0.17663	0.13831	0.28539	0.18371	0.04795	0.04262	0.01294	0.01643	0.00965	0.01228	0.00761	0.00515	0.00522	0.00161	0.00764	0.00439	0.00265	0.00747
20	0.01109	0.02396	0.59536	0.01743	0.09263	0.01233	0.10455	0.01670	0.01172	0.01725	0.04030	0.01302	0.00886	0.00524	0.00531	0.00170	0.00770	0.00454	0.00250	0.00779
21	0.00749	0.00507	0.00595	0.00626	0.00634	0.00499	0.00368	0.00772	0.00842	0.01123	0.02008	0.22798	0.02351	0.61305	0.02221	0.00445	0.00468	0.00967	0.00368	0.00353
22	0.41804	0.18991	0.01517	0.01038	0.06020	0.01520	0.00825	0.19032	0.01349	0.02342	0.00890	0.00996	0.00700	0.00523	0.00395	0.00153	0.00505	0.00347	0.00353	0.00700

[dist]
# distance from previous block
# <min> <max>
0	1

[block]
# block no. 1 follows, 45 sequences, length 207
# corresponding to MSA columns:
# 580-664,715-781,827-881
name=unknown_B
#
# <colnr> <probs for GDERKNQSTAVLIFYWHMCP>
#	G	D	E	R	K	N	Q	S	T	A	V	L	I	F	Y	W	H	M	C	P
0	0.01417	0.06359	0.17823	0.01708	0.13038	0.10265	0.12572	0.08233	0.04910	0.05310	0.02465	0.01431	0.03176	0.00593	0.00624	0.00166	0.06791	0.00492	0.00324	0.02303
1	0.02555	0.60953	0.02356	0.00911	0.01314	0.01837	0.00858	0.09285	0.01234	0.01511	0.01200	0.05832	0.04902	0.02705	0.00462	0.00140	0.00541	0.00436	0.00295	0.00674
2	0.00737	0.00564	0.00650	0.00695	0.00818	0.00531	0.00505	0.00984	0.07327	0.01545	0.06073	0.35058	0.31167	0.01393	0.00638	0.00196	0.00310	0.04973	0.05352	0.00485
3	0.01721	0.11084	0.05547	0.01247	0.01573	0.33539	0.01035	0.13349	0.10384	0.04276	0.03439	0.01274	0.00992	0.00629	0.00602	0.00156	0.07652	0.00430	0.00359	0.00713
4	0.13928	0.01131	0.01588	0.09458	0.04559	0.02679	0.16602	0.07391	0.17843	0.04220	0.02548	0.04029	0.02349	0.05294	0.03875	0.00223	0.00625	0.00579	0.00387	0.00691
5	0.73462	0.00966	0.00760	0.00696	0.00999	0.01101	0.00563	0.01467	0.00944	0.02273	0.01242	0.05840	0.06763	0.00634	0.00376	0.00170	0.00398	0.00428	0.00355	0.00563
6	0.00739	0.06924	0.05300	0.00806	0.00915	0.00615	0.00617	0.00870	0.01039	0.01381	0.02670	0.69928	0.03161	0.01518	0.00648	0.00207	0.00360	0.01364	0.00462	0.00476
7	0.01497	0.03983	0.11858	0.01201	0.01596	0.08910	0.01055	0.16042	0.43310	0.02261	0.01680	0.01619	0.01255	0.00658	0.00528	0.00170	0.00562	0.00521	0.00465	0.00827
8	0.01372	0.15681	0.13816	0.01148	0.01559	0.05025	0.05347	0.16812	0.12334	0.02011	0.07959	0.01750	0.02498	0.07006	0.00682	0.00184	0.00586	0.00525	0.00388	0.03317
9	0.01340	0.01863	0.37104	0.01574	0.13287	0.01158	0.01464	0.12244	0.01440	0.09683	0.12104	0.01667	0.01432	0.00624	0.00538	0.00167	0.00630	0.00518	0.00373	0.00790
10	0.01422	0.01375	0.02906	0.02085	0.02610	0.01280	0.65628	0.01841	0.01304	0.12118	0.01226	0.01500	0.00884	0.00481	0.00621	0.00179	0.00844	0.00621	0.00325	0.00750
11	0.00857	0.00655	0.00900	0.00800	0.00970	0.00635	0.04906	0.05246	0.01436	0.02006	0.49028	0.03532	0.11886	0.01396	0.09994	0.00252	0.00454	0.00877	0.03638	0.00533
12	0.01242	0.01503	0.14396	0.08715	0.26502	0.12466	0.02739	0.01546	0.01236	0.03850	0.05327	0.12931	0.03779	0.00736	0.00554	0.00170	0.00641	0.00646	0.00327	0.00695
13	0.00808	0.00978	0.15377	0.00889	0.01141	0.00642	0.03540	0.01028	0.01125	0.03804	0.03217	0.34599	0.25738	0.03721	0.00693	0.00204	0.00423	0.01105	0.00438	0.00531
14	0.01765	0.02165	0.01429	0.01318	0.01544	0.61573	0.01004	0.01908	0.01409	0.01338	0.01099	0.06010	0.01045	0.00725	0.00627	0.00160	0.07791	0.06188	0.00303	0.00598
15	0.01025	0.01149	0.11895	0.53275	0.04119	0.01101	0.01382	0.03554	0.01126	0.01525	0.01196	0.08337	0.01012	0.00641	0.00535	0.00177	0.00654	0.00559	0.06124	0.00616
16	0.04319	0.11870	0.31908	0.07446	0.07940	0.08300	0.07131	0.01601	0.01197	0.01645	0.07670	0.04332	0.01193	0.00597	0.00511	0.00162	0.00693	0.00497	0.00285	0.00703
17	0.01099	0.00988	0.01555	0.11237	0.38874	0.01024	0.01207	0.01458	0.07727	0.01625	0.01676	0.17682	0.03050	0.05331	0.00696	0.00199	0.00545	0.02989	0.00348	0.00689
18	0.00767	0.00573	0.00849	0.00849	0.00941	0.00664	0.00654	0.00950	0.00859	0.01236	0.01450	0.02176	0.01371	0.07710	0.75364	0.00846	0.01394	0.00585	0.00289	0.00472
19	0.84927	0.01038	0.00789	0.00706	0.01038	0.01204	0.00581	0.01578	0.00914	0.02408	0.00747	0.00872	0.00581	0.00498	0.00332	0.00166	0.00415	0.00291	0.00332	0.00581
20	0.01196	0.01783	0.32778	0.05994	0.11740	0.01109	0.01396	0.07622	0.01248	0.01841	0.00992	0.01182	0.00760	0.00482	0.00480	0.00139	0.00624	0.00393	0.00287	0.27953
21	0.02005	0.02558	0.01521	0.01383	0.01659	0.78980	0.01037	0.02143	0.01521	0.01314	0.00830	0.00968	0.00691	0.00553	0.00484	0.00138	0.00968	0.00346	0.00277	0.00622
22	0.00960	0.00749	0.01003	0.01157	0.13568	0.00759	0.00721	0.01241	0.07461	0.04404	0.14123	0.03234	0.16397	0.18861	0.08148	0.00315	0.02908	0.03016	0.00419	0.00557
23	0.00647	0.00496	0.00593	0.00671	0.00758	0.00442	0.00464	0.00756	0.01101	0.01400	0.03892	0.52306	0.31426	0.01560	0.00666	0.00204	0.00297	0.01378	0.00498	0.00442
24	0.01307	0.13548	0.46473	0.01501	0.02156	0.04222	0.13108	0.01786	0.01197	0.08287	0.01047	0.01198	0.00759	0.00509	0.00507	0.00162	0.00757	0.00428	0.00274	0.00772
25	0.05919	0.08092	0.01802	0.04662	0.45432	0.01204	0.01258	0.01580	0.06479	0.01778	0.08660	0.08067	0.01503	0.00656	0.00528	0.00164	0.00543	0.00594	0.00336	0.00746
26	0.18816	0.30870	0.17896	0.00989	0.01444	0.01494	0.01019	0.05779	0.03644	0.01851	0.07593	0.01299	0.01115	0.00559	0.00420	0.00147	0.00543	0.00400	0.03438	0.00683
27	0.01341	0.15754	0.08379	0.04530	0.33638	0.01434	0.05528	0.07480	0.01256	0.01745	0.00958	0.01206	0.00792	0.00515	0.00573	0.00152	0.05937	0.00432	0.00280	0.08069
28	0.01335	0.01009	0.01449	0.13304	0.17257	0.01104	0.01077	0.08538	0.04775	0.12192	0.17056	0.02083	0.04081	0.00755	0.00726	0.00177	0.11337	0.00612	0.00423	0.00708
29	0.01138	0.17555	0.27220	0.01087	0.01556	0.01194	0.01156	0.01628	0.09296	0.04002	0.14190	0.02098	0.03984	0.00704	0.00512	0.00159	0.00548	0.05064	0.00367	0.06543
30	0.01282	0.01054	0.01204	0.00875	0.01344	0.00888	0.00706	0.14941	0.01370	0.02047	0.01015	0.01145	0.00817	0.00442	0.00423	0.00094	0.00433	0.00348	0.00358	0.69214
31	0.00716	0.00564	0.00660	0.00648	0.00806	0.00487	0.00476	0.00885	0.01256	0.01659	0.25071	0.20986	0.34037	0.01271	0.00624	0.00177	0.00286	0.01101	0.00509	0.07779
32	0.00887	0.00477	0.00684	0.00691	0.00703	0.00475	0.00460	0.00720	0.00750	0.00996	0.01298	0.06529	0.04019	0.08807	0.04365	0.66535	0.00484	0.00583	0.00268	0.00269
33	0.01101	0.00961	0.01482	0.13867	0.31674	0.01004	0.01153	0.07766	0.01244	0.01695	0.01805	0.21338	0.06249	0.01054	0.04990	0.00218	0.00587	0.00784	0.00358	0.00669
34	0.00643	0.00538	0.00560	0.00566	0.00733	0.00455	0.00420	0.00783	0.01226	0.01485	0.09449	0.10616	0.67951	0.01368	0.00638	0.00183	0.00274	0.01152	0.00504	0.00455
35	0.00778	0.00531	0.00637	0.00637	0.00655	0.00548	0.00390	0.00814	0.00796	0.01079	0.01644	0.03251	0.01838	0.66760	0.16952	0.00584	0.00691	0.00742	0.00318	0.00354
36	0.00651	0.00480	0.00609	0.00713	0.00770	0.00439	0.00483	0.00751	0.01061	0.01384	0.03378	0.67996	0.16069	0.01627	0.00677	0.00212	0.00305	0.01460	0.00498	0.00439
37	0.07653	0.01503	0.01665	0.08141	0.01878	0.08324	0.06716	0.50291	0.02058	0.02779	0.01151	0.01253	0.00840	0.00610	0.00557	0.00164	0.02687	0.00468	0.00446	0.00814
38	0.01334	0.01453	0.03032	0.02173	0.02706	0.01384	0.69320	0.08190	0.01376	0.01864	0.01104	0.01434	0.00823	0.00469	0.00625	0.00179	0.00878	0.00620	0.00295	0.00740
39	0.00764	0.00536	0.00693	0.00704	0.00743	0.00570	0.00471	0.00845	0.00833	0.01147	0.01706	0.09715	0.01861	0.45174	0.31280	0.00623	0.00848	0.00768	0.00326	0.00393
40	0.01123	0.00725	0.00922	0.00979	0.07211	0.00759	0.00671	0.01529	0.14171	0.08355	0.01812	0.08097	0.01583	0.05904	0.13776	0.05396	0.00567	0.02515	0.23315	0.00591
41	0.02067	0.01624	0.01565	0.01235	0.01638	0.14192	0.01003	0.57565	0.02274	0.09560	0.01286	0.01283	0.00913	0.00631	0.00529	0.00158	0.00641	0.00466	0.00506	0.00866
42	0.00949	0.00756	0.00889	0.00727	0.01002	0.00618	0.00528	0.01102	0.01022	0.01514	0.03683	0.12698	0.01614	0.22852	0.01087	0.00223	0.00415	0.00629	0.00353	0.47340
43	0.00760	0.00549	0.00718	0.00675	0.00802	0.00506	0.00506	0.01013	0.01519	0.02153	0.77503	0.04010	0.05065	0.01097	0.00633	0.00169	0.00253	0.00971	0.00591	0.00506
44	0.00719	0.00547	0.00661	0.00633	0.00777	0.00489	0.00475	0.00934	0.01424	0.01925	0.54142	0.04385	0.28568	0.01182	0.00634	0.00173	0.00259	0.01023	0.00561	0.00489
45	0.00930	0.00632	0.00782	0.00798	0.00943	0.00603	0.00612	0.06849	0.01298	0.06869	0.09548	0.31441	0.18171	0.02481	0.00689	0.00208	0.00370	0.15734	0.00517	0.00525
46	0.00673	0.00481	0.00644	0.00769	0.00808	0.00452	0.00531	0.00780	0.01046	0.01391	0.02948	0.74153	0.03509	0.01664	0.00690	0.00221	0.00328	0.07973	0.00498	0.00441
47	0.00654	0.00467	0.00623	0.00747	0.00779	0.00436	0.00498	0.00747	0.01028	0.01370	0.02959	0.80785	0.03550	0.01682	0.00685	0.00218	0.00311	0.01526	0.00498	0.00436
48	0.00671	0.00480	0.00612	0.00709	0.00747	0.00449	0.00467	0.00754	0.01007	0.01329	0.02963	0.64187	0.08820	0.12949	0.00972	0.00258	0.00338	0.01391	0.00474	0.00422
49	0.00991	0.00669	0.00802	0.00726	0.00922	0.00632	0.00558	0.03717	0.08040	0.09908	0.42784	0.03807	0.22216	0.01071	0.00613	0.00173	0.00305	0.00919	0.00570	0.00579
50	0.02408	0.00914	0.01246	0.00955	0.01370	0.00789	0.00789	0.02616	0.01536	0.78158	0.02118	0.01827	0.01329	0.00664	0.00540	0.00166	0.00457	0.00540	0.00664	0.00914
51	0.20786	0.00999	0.01180	0.00927	0.01325	0.00968	0.00765	0.09585	0.01494	0.53918	0.01731	0.01561	0.01121	0.00625	0.00493	0.00166	0.00461	0.00479	0.00578	0.00839
52	0.00703	0.00552	0.00638	0.00635	0.00784	0.00492	0.00478	0.00904	0.02435	0.01722	0.31654	0.10421	0.40881	0.01283	0.00641	0.00182	0.00280	0.04304	0.00533	0.00479
53	0.07647	0.00807	0.01047	0.00849	0.01167	0.00729	0.00685	0.02036	0.01488	0.48826	0.25870	0.02451	0.02459	0.00790	0.00555	0.00167	0.00389	0.00659	0.00618	0.00762
54	0.01950	0.01416	0.01514	0.01171	0.01574	0.01563	0.00964	0.69485	0.02402	0.03263	0.01329	0.01351	0.00953	0.00643	0.00523	0.00158	0.00561	0.00485	0.07818	0.00877
55	0.00681	0.00490	0.00617	0.00706	0.00753	0.00459	0.00473	0.00769	0.01017	0.01334	0.03027	0.56534	0.11719	0.14829	0.01021	0.00265	0.00348	0.04067	0.00469	0.00422
56	0.02110	0.00872	0.01152	0.00904	0.01278	0.00766	0.00739	0.04777	0.01535	0.63008	0.06930	0.02293	0.09614	0.00763	0.00555	0.00168	0.00430	0.00626	0.00638	0.00840
57	0.00689	0.00484	0.00622	0.00719	0.00746	0.00460	0.00471	0.00766	0.00979	0.01304	0.02672	0.61261	0.03179	0.19405	0.01144	0.00286	0.00364	0.03577	0.00460	0.00413
58	0.15168	0.04110	0.02098	0.01784	0.10418	0.27814	0.27599	0.01830	0.01286	0.01684	0.00925	0.01160	0.00735	0.00497	0.00513	0.00160	0.00807	0.00452	0.00281	0.00679
59	0.01365	0.02676	0.52981	0.01504	0.02133	0.24968	0.03589	0.01836	0.01255	0.01583	0.00926	0.01091	0.00687	0.00522	0.00505	0.00161	0.00849	0.00387	0.00243	0.00739
60	0.00789	0.00532	0.00675	0.00662	0.00770	0.00494	0.00480	0.00820	0.01046	0.01365	0.14112	0.04443	0.28666	0.01694	0.07554	0.30145	0.00441	0.01930	0.00395	0.02985
61	0.00900	0.00580	0.00758	0.00696	0.00849	0.00529	0.00528	0.01145	0.01512	0.08752	0.68726	0.03855	0.06963	0.01068	0.00625	0.00169	0.00272	0.00938	0.00594	0.00540
62	0.01077	0.02777	0.78354	0.01530	0.02323	0.01247	0.01983	0.01700	0.01133	0.01700	0.00963	0.01133	0.00680	0.00510	0.00510	0.00170	0.00793	0.00397	0.00227	0.00793
63	0.83398	0.01036	0.00797	0.00711	0.01044	0.01197	0.00585	0.01597	0.00925	0.03812	0.00773	0.00890	0.00595	0.00501	0.00336	0.00166	0.00416	0.00295	0.00338	0.00587
64	0.06497	0.00716	0.00865	0.00750	0.01003	0.00655	0.00589	0.01586	0.03606	0.27804	0.23145	0.05521	0.21025	0.00972	0.00576	0.00171	0.00344	0.00816	0.02716	0.00644
65	0.13011	0.00862	0.01003	0.00830	0.01099	0.00851	0.00639	0.10369	0.01362	0.31866	0.08288	0.02277	0.01671	0.22255	0.01107	0.00261	0.00466	0.00601	0.00507	0.00675
66	0.00645	0.00544	0.00559	0.00555	0.00732	0.00458	0.00416	0.00791	0.01249	0.01511	0.11716	0.05065	0.71253	0.01337	0.00634	0.00180	0.00270	0.01119	0.00507	0.00458
67	0.00653	0.00516	0.00582	0.00624	0.00743	0.00452	0.00442	0.00774	0.01152	0.01440	0.07898	0.31867	0.44995	0.04438	0.00731	0.00206	0.00294	0.01251	0.00496	0.00445
68	0.01177	0.00905	0.00986	0.00875	0.01095	0.00960	0.00662	0.20799	0.16857	0.02088	0.07719	0.12237	0.16263	0.13813	0.00932	0.00234	0.00429	0.00837	0.00497	0.00635
69	0.00645	0.00544	0.00559	0.00555	0.00732	0.00458	0.00416	0.00791	0.01249	0.01511	0.11716	0.05065	0.71253	0.01337	0.00634	0.00180	0.00270	0.01119	0.00507	0.00458
70	0.00832	0.00629	0.00780	0.00740	0.00892	0.00615	0.00566	0.01238	0.10977	0.02095	0.59810	0.03940	0.08228	0.01088	0.00629	0.00176	0.00290	0.05354	0.00575	0.00546
71	0.01287	0.01241	0.01121	0.01059	0.01288	0.15582	0.00795	0.02186	0.43544	0.01850	0.02129	0.21806	0.01947	0.00938	0.00570	0.00183	0.00497	0.00791	0.00484	0.00702
72	0.00665	0.00505	0.00610	0.00667	0.00761	0.00454	0.00466	0.00795	0.01160	0.01506	0.14750	0.43096	0.28147	0.02961	0.00699	0.00204	0.00294	0.01301	0.00509	0.00450
73	0.02005	0.02558	0.01521	0.01383	0.01659	0.78980	0.01037	0.02143	0.01521	0.01314	0.00830	0.00968	0.00691	0.00553	0.00484	0.00138	0.00968	0.00346	0.00277	0.00622
74	0.02346	0.01013	0.01307	0.01002	0.01420	0.00937	0.00828	0.15005	0.01703	0.65534	0.01978	0.01736	0.01259	0.00661	0.00539	0.00165	0.00479	0.00530	0.00643	0.00913
75	0.04439	0.00806	0.00874	0.00774	0.01007	0.00835	0.00604	0.13052	0.10889	0.11159	0.02148	0.08952	0.07741	0.00793	0.00488	0.00157	0.00362	0.00649	0.33620	0.00650
76	0.00720	0.00515	0.00698	0.00816	0.00878	0.00492	0.00607	0.00865	0.01107	0.01469	0.05681	0.55910	0.03470	0.01601	0.00700	0.00225	0.00363	0.22927	0.00501	0.00456
77	0.02315	0.00934	0.01243	0.00967	0.01373	0.00837	0.00794	0.02637	0.08094	0.71545	0.02124	0.01842	0.01356	0.00670	0.00540	0.00167	0.00454	0.00546	0.00654	0.00908
78	0.01335	0.01153	0.01214	0.01092	0.01396	0.01335	0.00850	0.02852	0.76817	0.02245	0.02185	0.02003	0.01639	0.00728	0.00546	0.00182	0.00425	0.00607	0.00546	0.00850
79	0.00766	0.00573	0.00850	0.00846	0.00945	0.00657	0.00657	0.00963	0.00920	0.01325	0.08064	0.02274	0.01666	0.03771	0.72180	0.00802	0.01335	0.00610	0.00314	0.00482
80	0.00865	0.00618	0.00865	0.00989	0.01112	0.00618	0.00865	0.01112	0.01236	0.01606	0.02842	0.06055	0.03089	0.01483	0.00741	0.00247	0.00494	0.74174	0.00494	0.00494
81	0.01077	0.02777	0.78354	0.01530	0.02323	0.01247	0.01983	0.01700	0.01133	0.01700	0.00963	0.01133	0.00680	0.00510	0.00510	0.00170	0.00793	0.00397	0.00227	0.00793
82	0.01497	0.01520	0.01954	0.08996	0.50181	0.16531	0.01460	0.08199	0.01382	0.01778	0.00994	0.01263	0.00814	0.00512	0.00523	0.00157	0.00705	0.00453	0.00289	0.00790
83	0.02038	0.01586	0.01604	0.01247	0.01664	0.07700	0.01022	0.70231	0.02446	0.03221	0.01253	0.01264	0.00896	0.00637	0.00533	0.00159	0.00620	0.00473	0.00517	0.00890
84	0.02283	0.01114	0.01370	0.01050	0.01470	0.01086	0.00868	0.27539	0.01872	0.52762	0.01836	0.01644	0.01188	0.00658	0.00539	0.00164	0.00502	0.00521	0.00621	0.00913
85	0.30290	0.01187	0.01234	0.00980	0.01373	0.01273	0.00809	0.31045	0.01712	0.23103	0.01327	0.01292	0.00912	0.00600	0.00468	0.00164	0.00495	0.00433	0.00502	0.00800
86	0.01712	0.34739	0.02023	0.01167	0.01521	0.40641	0.00972	0.01987	0.08008	0.01375	0.00915	0.01016	0.00774	0.00530	0.00432	0.00133	0.00759	0.00345	0.00281	0.00670
87	0.02113	0.00848	0.01151	0.00905	0.01269	0.00738	0.00738	0.02329	0.01533	0.64547	0.15618	0.02218	0.01998	0.00742	0.00557	0.00167	0.00420	0.00617	0.00651	0.00841
88	0.00666	0.00506	0.00617	0.00699	0.00789	0.00458	0.00500	0.00787	0.01112	0.01418	0.03790	0.48592	0.28649	0.01555	0.00673	0.00208	0.00314	0.07721	0.00498	0.00447
89	0.04339	0.03732	0.19687	0.01084	0.01589	0.00949	0.01072	0.02339	0.01410	0.55553	0.01764	0.01607	0.01134	0.00617	0.00521	0.00166	0.00539	0.00491	0.00538	0.00869
90	0.01444	0.01284	0.02077	0.03032	0.68772	0.03639	0.01554	0.01747	0.01259	0.08396	0.01101	0.01361	0.00887	0.00497	0.00531	0.00159	0.00632	0.00480	0.00301	0.00849
91	0.00654	0.00467	0.00623	0.00747	0.00779	0.00436	0.00498	0.00747	0.01028	0.01370	0.02959	0.80785	0.03550	0.01682	0.00685	0.00218	0.00311	0.01526	0.00498	0.00436
92	0.02408	0.00914	0.01246	0.00955	0.01370	0.00789	0.00789	0.02616	0.01536	0.78158	0.02118	0.01827	0.01329	0.00664	0.00540	0.00166	0.00457	0.00540	0.00664	0.00914
93	0.01372	0.12933	0.37543	0.01557	0.04470	0.01441	0.14095	0.14281	0.01401	0.04416	0.01048	0.01204	0.00770	0.00520	0.00515	0.00162	0.00732	0.00444	0.00303	0.00793
94	0.00764	0.00560	0.00741	0.00845	0.00950	0.00537	0.00681	0.00947	0.01170	0.01510	0.03285	0.28698	0.14923	0.01524	0.00707	0.00228	0.00404	0.40558	0.00496	0.00470
95	0.02260	0.01152	0.01393	0.01068	0.01489	0.01143	0.00882	0.32275	0.01935	0.47936	0.01783	0.01609	0.01161	0.00656	0.00539	0.00164	0.00511	0.00517	0.00613	0.00913
96	0.02094	0.01332	0.01494	0.01155	0.01574	0.01421	0.00951	0.52934	0.06577	0.22497	0.01553	0.01468	0.01062	0.00654	0.00538	0.00164	0.00547	0.00505	0.00570	0.00909
97	0.01113	0.00954	0.01113	0.00795	0.01272	0.00716	0.00636	0.01352	0.01113	0.01749	0.00954	0.01113	0.00795	0.00398	0.00398	0.00080	0.00398	0.00318	0.00318	0.84417
98	0.09853	0.01204	0.01913	0.01698	0.12164	0.03576	0.26363	0.01907	0.14647	0.08568	0.06560	0.01820	0.01356	0.00611	0.00556	0.00174	0.00621	0.02819	0.02855	0.00734
99	0.01158	0.00616	0.00651	0.00612	0.00783	0.00629	0.00469	0.01564	0.10699	0.08256	0.01836	0.01987	0.01405	0.00642	0.00410	0.00136	0.00289	0.00517	0.66763	0.00578
100	0.01294	0.08127	0.01385	0.05606	0.06233	0.03831	0.00907	0.02377	0.51063	0.02025	0.06168	0.01957	0.02775	0.00700	0.00526	0.00171	0.00468	0.00581	0.03028	0.00778
101	0.00760	0.00549	0.00718	0.00675	0.00802	0.00506	0.00506	0.01013	0.01519	0.02153	0.77503	0.04010	0.05065	0.01097	0.00633	0.00169	0.00253	0.00971	0.00591	0.00506
102	0.00684	0.00516	0.00632	0.00670	0.00775	0.00465	0.00480	0.00840	0.01237	0.01634	0.26274	0.34528	0.25389	0.01408	0.00656	0.00193	0.00285	0.02343	0.00526	0.00463
103	0.01014	0.00954	0.01610	0.79845	0.03697	0.01193	0.01491	0.01371	0.01073	0.01371	0.00954	0.01431	0.00716	0.00537	0.00537	0.00179	0.00716	0.00477	0.00239	0.00596
104	0.04207	0.19035	0.22426	0.01293	0.01760	0.33526	0.01251	0.07660	0.01386	0.01602	0.00881	0.01012	0.00702	0.00527	0.00461	0.00145	0.00792	0.00356	0.00275	0.00704
105	0.79439	0.01139	0.00837	0.00751	0.01079	0.06352	0.00612	0.01615	0.00954	0.02336	0.00753	0.00878	0.00589	0.00502	0.00342	0.00164	0.00452	0.00294	0.00329	0.00584
106	0.01251	0.01603	0.18078	0.01898	0.11885	0.03373	0.31317	0.04011	0.05576	0.03751	0.05552	0.01720	0.05075	0.00587	0.00597	0.00174	0.01895	0.00590	0.00324	0.00742
107	0.01132	0.01594	0.27992	0.01869	0.27504	0.01050	0.01412	0.01549	0.03446	0.05104	0.07474	0.04486	0.11672	0.00708	0.00551	0.00170	0.00588	0.00615	0.00341	0.00741
108	0.01052	0.00949	0.01173	0.03439	0.01334	0.06919	0.08861	0.05716	0.10723	0.01822	0.16155	0.10231	0.15214	0.01055	0.00625	0.00189	0.00483	0.12997	0.00473	0.00591
109	0.00890	0.00900	0.08037	0.00827	0.01069	0.00762	0.00702	0.01449	0.20113	0.01883	0.26314	0.08924	0.23904	0.01064	0.00604	0.00179	0.00356	0.00911	0.00514	0.00599
110	0.00657	0.00538	0.00580	0.00584	0.00743	0.00461	0.00432	0.00810	0.01257	0.01562	0.17449	0.11477	0.58901	0.01343	0.00639	0.00182	0.00272	0.01139	0.00514	0.00461
111	0.07623	0.30088	0.01719	0.00853	0.01306	0.01305	0.00750	0.03422	0.03448	0.01681	0.00910	0.01035	0.00769	0.00444	0.00382	0.00104	0.00468	0.00318	0.00300	0.43073
112	0.02121	0.01336	0.01503	0.01156	0.01579	0.01421	0.00954	0.54448	0.04162	0.23403	0.01534	0.01451	0.01043	0.00652	0.00538	0.00163	0.00551	0.00502	0.00571	0.00911
113	0.01106	0.01066	0.03900	0.27192	0.22656	0.01151	0.01275	0.01581	0.11587	0.01652	0.07089	0.01803	0.03229	0.00906	0.06742	0.00230	0.05271	0.00554	0.00325	0.00686
114	0.01267	0.33927	0.37798	0.01230	0.01806	0.07617	0.01400	0.01643	0.01141	0.01477	0.00982	0.05629	0.00851	0.00561	0.00452	0.00148	0.00692	0.00415	0.00247	0.00718
115	0.00741	0.00537	0.00699	0.00681	0.00796	0.00495	0.00502	0.00969	0.01443	0.02023	0.65020	0.14491	0.07216	0.01185	0.00640	0.00176	0.00262	0.01052	0.00575	0.00495
116	0.00743	0.00548	0.00694	0.00657	0.00791	0.00499	0.00493	0.00980	0.01479	0.02057	0.67700	0.04167	0.14928	0.01133	0.00633	0.00171	0.00256	0.00993	0.00578	0.00499
117	0.00976	0.00784	0.00941	0.00739	0.01071	0.00629	0.00578	0.01220	0.01267	0.01910	0.29813	0.02237	0.02425	0.00670	0.00485	0.00115	0.00338	0.00571	0.03546	0.49686
118	0.84927	0.01038	0.00789	0.00706	0.01038	0.01204	0.00581	0.01578	0.00914	0.02408	0.00747	0.00872	0.00581	0.00498	0.00332	0.00166	0.00415	0.00291	0.00332	0.00581
119	0.01435	0.81458	0.02813	0.00918	0.01378	0.02124	0.00918	0.01607	0.01091	0.01263	0.00746	0.00861	0.00689	0.00459	0.00344	0.00115	0.00574	0.00287	0.00230	0.00689
120	0.00735	0.00548	0.00683	0.00649	0.00787	0.00496	0.00487	0.00964	0.01460	0.02012	0.63091	0.04241	0.19565	0.01150	0.00633	0.00171	0.00257	0.01003	0.00572	0.00496
121	0.00734	0.00535	0.00691	0.00679	0.00793	0.00491	0.00499	0.00953	0.01418	0.01976	0.60343	0.17045	0.09412	0.01213	0.00642	0.00178	0.00264	0.01075	0.00569	0.00491
122	0.00686	0.00509	0.00630	0.00694	0.00777	0.00467	0.00489	0.00814	0.01138	0.01491	0.13939	0.42920	0.20578	0.06877	0.00808	0.00225	0.00319	0.05695	0.00499	0.00446
123	0.00649	0.00493	0.00599	0.00680	0.00762	0.00443	0.00469	0.00759	0.01099	0.01409	0.04966	0.55083	0.27517	0.01568	0.00668	0.00205	0.00298	0.01390	0.00500	0.00443
124	0.01643	0.01608	0.03612	0.12281	0.13151	0.23631	0.04973	0.07980	0.13999	0.09890	0.01288	0.01402	0.00967	0.00582	0.00527	0.00162	0.00703	0.00474	0.00375	0.00754
125	0.01361	0.01067	0.01172	0.01068	0.01358	0.01201	0.00847	0.02614	0.61327	0.08179	0.02262	0.02500	0.01797	0.00818	0.00570	0.00189	0.00436	0.09874	0.00549	0.00810
126	0.84927	0.01038	0.00789	0.00706	0.01038	0.01204	0.00581	0.01578	0.00914	0.02408	0.00747	0.00872	0.00581	0.00498	0.00332	0.00166	0.00415	0.00291	0.00332	0.00581
127	0.01473	0.63983	0.02441	0.00943	0.01349	0.12135	0.00887	0.01647	0.01151	0.01334	0.00845	0.00975	0.00749	0.00486	0.00366	0.00119	0.00598	0.00313	0.07543	0.00664
128	0.01751	0.01362	0.01427	0.01160	0.01531	0.03003	0.00936	0.45816	0.28846	0.02888	0.01615	0.01563	0.01184	0.00672	0.00533	0.00167	0.00526	0.00525	0.03626	0.00870
129	0.00711	0.00547	0.00650	0.00624	0.00772	0.00486	0.00468	0.00918	0.01404	0.01878	0.49348	0.04461	0.33391	0.01200	0.00634	0.00174	0.00261	0.01034	0.00555	0.00486
130	0.01769	0.01096	0.01288	0.00980	0.01395	0.01042	0.00800	0.27037	0.01746	0.24161	0.07656	0.01613	0.01336	0.00615	0.00505	0.00139	0.00468	0.00491	0.00514	0.25349
131	0.02408	0.00914	0.01246	0.00955	0.01370	0.00789	0.00789	0.02616	0.01536	0.78158	0.02118	0.01827	0.01329	0.00664	0.00540	0.00166	0.00457	0.00540	0.00664	0.00914
132	0.01435	0.81458	0.02813	0.00918	0.01378	0.02124	0.00918	0.01607	0.01091	0.01263	0.00746	0.00861	0.00689	0.00459	0.00344	0.00115	0.00574	0.00287	0.00230	0.00689
133	0.00896	0.00574	0.00771	0.00816	0.00936	0.00540	0.00635	0.01085	0.01258	0.08319	0.20578	0.30556	0.05844	0.01384	0.00676	0.00210	0.00365	0.23511	0.00533	0.00513
134	0.01014	0.00954	0.01610	0.79845	0.03697	0.01193	0.01491	0.01371	0.01073	0.01371	0.00954	0.01431	0.00716	0.00537	0.00537	0.00179	0.00716	0.00477	0.00239	0.00596
135	0.00717	0.00488	0.00621	0.00705	0.00768	0.00458	0.00489	0.00855	0.01111	0.01554	0.11576	0.56709	0.06188	0.01457	0.00638	0.00199	0.00300	0.03159	0.11555	0.00455
136	0.00788	0.00611	0.00664	0.00644	0.00770	0.00592	0.00447	0.01063	0.10381	0.01505	0.13812	0.04051	0.32241	0.28572	0.01342	0.00296	0.00373	0.00925	0.00458	0.00465
137	0.01134	0.15445	0.66191	0.01432	0.02171	0.01388	0.01812	0.01685	0.01126	0.01630	0.00928	0.01089	0.00681	0.00502	0.00483	0.00161	0.00758	0.00379	0.00227	0.00776
138	0.01220	0.00711	0.00900	0.00782	0.01001	0.00670	0.00609	0.05682	0.04958	0.19154	0.49640	0.03332	0.07202	0.00971	0.00603	0.00169	0.00326	0.00838	0.00598	0.00633
139	0.01039	0.00878	0.00940	0.00942	0.03922	0.05183	0.00714	0.07867	0.13216	0.01871	0.11665	0.03920	0.26783	0.01096	0.00614	0.00187	0.00418	0.15505	0.02643	0.00595
140	0.01108	0.09631	0.71773	0.01477	0.02241	0.01323	0.01891	0.01692	0.01130	0.01662	0.00944	0.01110	0.00681	0.00506	0.00496	0.00165	0.00774	0.00387	0.00227	0.00784
141	0.00674	0.00501	0.00632	0.00712	0.00790	0.00458	0.00503	0.00803	0.01134	0.01486	0.11585	0.52490	0.18795	0.01540	0.00673	0.00207	0.00308	0.05751	0.00508	0.00451
142	0.01233	0.01180	0.01997	0.25077	0.53813	0.01265	0.01585	0.01555	0.01165	0.01628	0.00983	0.01352	0.00806	0.00512	0.00578	0.00168	0.03600	0.00478	0.00257	0.00768
143	0.01091	0.00876	0.00936	0.00868	0.01097	0.00958	0.00665	0.02027	0.43483	0.02050	0.11542	0.05651	0.13443	0.00888	0.00552	0.00174	0.00354	0.00748	0.11911	0.00687
144	0.02005	0.02558	0.01521	0.01383	0.01659	0.78980	0.01037	0.02143	0.01521	0.01314	0.00830	0.00968	0.00691	0.00553	0.00484	0.00138	0.00968	0.00346	0.00277	0.00622
145	0.01077	0.02777	0.78354	0.01530	0.02323	0.01247	0.01983	0.01700	0.01133	0.01700	0.00963	0.01133	0.00680	0.00510	0.00510	0.00170	0.00793	0.00397	0.00227	0.00793
146	0.02091	0.01160	0.01372	0.01063	0.01460	0.01177	0.00873	0.37090	0.02001	0.36266	0.08294	0.01763	0.01458	0.00693	0.00547	0.00164	0.00502	0.00551	0.00598	0.00878
147	0.00652	0.00476	0.00614	0.00723	0.00772	0.00438	0.00488	0.00750	0.01051	0.01380	0.03250	0.71889	0.12258	0.01644	0.00679	0.00214	0.00307	0.01480	0.00498	0.00438
148	0.00654	0.00467	0.00623	0.00747	0.00779	0.00436	0.00498	0.00747	0.01028	0.01370	0.02959	0.80785	0.03550	0.01682	0.00685	0.00218	0.00311	0.01526	0.00498	0.00436
149	0.01335	0.01153	0.01214	0.01092	0.01396	0.01335	0.00850	0.02852	0.76817	0.02245	0.02185	0.02003	0.01639	0.00728	0.00546	0.00182	0.00425	0.00607	0.00546	0.00850
150	0.84927	0.01038	0.00789	0.00706	0.01038	0.01204	0.00581	0.01578	0.00914	0.02408	0.00747	0.00872	0.00581	0.00498	0.00332	0.00166	0.00415	0.00291	0.00332	0.00581
151	0.01077	0.02777	0.78354	0.01530	0.02323	0.01247	0.01983	0.01700	0.01133	0.01700	0.00963	0.01133	0.00680	0.00510	0.00510	0.00170	0.00793	0.00397	0.00227	0.00793
152	0.01905	0.01423	0.01538	0.01171	0.01607	0.01526	0.00964	0.65082	0.02318	0.03144	0.01240	0.01263	0.00896	0.00608	0.00517	0.00149	0.00562	0.00459	0.00505	0.13123
153	0.01059	0.02455	0.65327	0.01450	0.02119	0.01221	0.01792	0.01608	0.01138	0.01701	0.07196	0.01372	0.01040	0.00595	0.00629	0.00176	0.07662	0.00450	0.00257	0.00752
154	0.01436	0.64455	0.09187	0.00965	0.01452	0.01874	0.00984	0.01654	0.01121	0.05659	0.00857	0.00957	0.00731	0.00471	0.00374	0.00120	0.00574	0.00313	0.00260	0.06555
155	0.00706	0.00547	0.00643	0.00619	0.00769	0.00484	0.00464	0.00909	0.01393	0.01852	0.46660	0.04505	0.36096	0.01210	0.00634	0.00174	0.00261	0.01040	0.00551	0.00484
156	0.01527	0.01295	0.01959	0.02563	0.50706	0.01363	0.01425	0.17429	0.01481	0.06351	0.01105	0.01335	0.00878	0.00564	0.00640	0.00167	0.07544	0.00482	0.00343	0.00844
157	0.01329	0.01275	0.02179	0.03295	0.77787	0.01275	0.01647	0.01647	0.01222	0.01754	0.01010	0.01329	0.00850	0.00478	0.00531	0.00159	0.00638	0.00478	0.00266	0.00850
158	0.14734	0.03594	0.03367	0.01118	0.01422	0.01386	0.03322	0.05597	0.45892	0.02151	0.01633	0.01619	0.01249	0.00689	0.00648	0.00182	0.09658	0.00521	0.00449	0.00769
159	0.00683	0.00510	0.00638	0.00716	0.00791	0.00474	0.00495	0.00846	0.03440	0.01499	0.11744	0.56964	0.16155	0.01532	0.00666	0.00205	0.00302	0.01369	0.00510	0.00460
160	0.00935	0.00877	0.05687	0.06986	0.05716	0.00796	0.02716	0.03610	0.10369	0.01982	0.39516	0.06051	0.10696	0.00957	0.00601	0.00174	0.00395	0.00840	0.00496	0.00601
161	0.01895	0.01086	0.01208	0.00940	0.01335	0.07410	0.00760	0.09567	0.01495	0.38673	0.01607	0.01540	0.01106	0.00584	0.00485	0.00138	0.00481	0.00460	0.07803	0.21428
162	0.01374	0.21742	0.12095	0.03564	0.16719	0.01354	0.01148	0.08789	0.03600	0.07651	0.07829	0.03943	0.02418	0.00616	0.00491	0.00150	0.00559	0.00504	0.00357	0.05097
163	0.01531	0.68140	0.02595	0.00997	0.01425	0.15097	0.00939	0.01698	0.01163	0.01271	0.00760	0.00879	0.00689	0.00475	0.00368	0.00119	0.00641	0.00297	0.00238	0.00678
164	0.03370	0.00627	0.00807	0.00793	0.00955	0.00596	0.00595	0.00986	0.01014	0.01469	0.02094	0.31814	0.04406	0.02014	0.22979	0.00371	0.00662	0.05093	0.01594	0.17760
165	0.01460	0.24056	0.04031	0.01134	0.01448	0.14885	0.00965	0.07051	0.21757	0.01706	0.01317	0.05897	0.01130	0.00691	0.00630	0.00162	0.10113	0.00494	0.00361	0.00713
166	0.01649	0.01351	0.01310	0.01116	0.01441	0.11849	0.00880	0.19920	0.34981	0.09857	0.08343	0.01850	0.01606	0.00710	0.00542	0.00168	0.00526	0.00567	0.00523	0.00810
167	0.01290	0.00949	0.01131	0.00817	0.01286	0.00726	0.00657	0.01524	0.01171	0.12170	0.01113	0.01210	0.00868	0.00434	0.00417	0.00091	0.00406	0.00348	0.00365	0.73028
168	0.00781	0.00520	0.00585	0.00585	0.00585	0.00520	0.00325	0.00781	0.00781	0.01041	0.01691	0.03513	0.01952	0.81135	0.02732	0.00520	0.00520	0.00781	0.00325	0.00325
169	0.02049	0.01001	0.01240	0.00952	0.01355	0.00926	0.00780	0.16588	0.01638	0.47209	0.01769	0.01639	0.01179	0.00621	0.00507	0.00150	0.00458	0.00496	0.07203	0.12240
170	0.01413	0.08183	0.01392	0.01091	0.01420	0.01436	0.00872	0.09866	0.62986	0.02271	0.01972	0.01834	0.01485	0.00697	0.00528	0.00174	0.00454	0.00567	0.00518	0.00842
171	0.02005	0.02558	0.01521	0.01383	0.01659	0.78980	0.01037	0.02143	0.01521	0.01314	0.00830	0.00968	0.00691	0.00553	0.00484	0.00138	0.00968	0.00346	0.00277	0.00622
172	0.00660	0.00479	0.00626	0.00741	0.00787	0.00444	0.00505	0.00763	0.01051	0.01385	0.03148	0.72095	0.09311	0.01649	0.00683	0.00216	0.00315	0.04205	0.00498	0.00440
173	0.00992	0.00502	0.00508	0.00507	0.00632	0.00501	0.00380	0.01242	0.01140	0.02007	0.04552	0.02076	0.01512	0.00643	0.00385	0.00127	0.00250	0.00518	0.81027	0.00501
174	0.00781	0.00520	0.00585	0.00585	0.00585	0.00520	0.00325	0.00781	0.00781	0.01041	0.01691	0.03513	0.01952	0.81135	0.02732	0.00520	0.00520	0.00781	0.00325	0.00325
175	0.09583	0.00946	0.01219	0.00944	0.01352	0.00858	0.00779	0.05239	0.01519	0.68795	0.01968	0.01724	0.01248	0.00649	0.00522	0.00166	0.00458	0.00516	0.00631	0.00885
176	0.01801	0.01385	0.01476	0.01187	0.01573	0.01553	0.00962	0.51155	0.27756	0.02997	0.01593	0.01531	0.01159	0.00673	0.00540	0.00168	0.00534	0.00525	0.00540	0.00891
177	0.01335	0.01153	0.01214	0.01092	0.01396	0.01335	0.00850	0.02852	0.76817	0.02245	0.02185	0.02003	0.01639	0.00728	0.00546	0.00182	0.00425	0.00607	0.00546	0.00850
178	0.01902	0.01388	0.01412	0.01119	0.01500	0.08121	0.00909	0.49644	0.02130	0.13119	0.01910	0.01846	0.11076	0.00734	0.00546	0.00162	0.00563	0.00565	0.00527	0.00827
179	0.00750	0.00548	0.00704	0.00665	0.00796	0.00502	0.00499	0.00994	0.01496	0.02098	0.71878	0.04100	0.10725	0.01118	0.00633	0.00170	0.00255	0.00983	0.00584	0.00502
180	0.01165	0.00975	0.01067	0.00969	0.01221	0.01091	0.00748	0.02310	0.54614	0.02218	0.24394	0.02595	0.02649	0.00837	0.00572	0.00178	0.00374	0.00714	0.00559	0.00748
181	0.02001	0.02116	0.01489	0.01287	0.01605	0.51837	0.00993	0.20760	0.01760	0.06502	0.01058	0.01139	0.00811	0.00586	0.00497	0.00145	0.00815	0.00398	0.03492	0.00709
182	0.84927	0.01038	0.00789	0.00706	0.01038	0.01204	0.00581	0.01578	0.00914	0.02408	0.00747	0.00872	0.00581	0.00498	0.00332	0.00166	0.00415	0.00291	0.00332	0.00581
183	0.03684	0.01146	0.01281	0.07897	0.01546	0.01278	0.00883	0.38335	0.12070	0.02557	0.01513	0.01848	0.01215	0.07349	0.03026	0.00215	0.00553	0.03248	0.09609	0.00747
184	0.71971	0.01019	0.00861	0.00745	0.01090	0.01139	0.00614	0.01741	0.01011	0.14301	0.00963	0.01022	0.00699	0.00524	0.00365	0.00166	0.00422	0.00330	0.00384	0.00633
185	0.01246	0.01191	0.02029	0.23465	0.58264	0.01254	0.01606	0.01575	0.01183	0.01653	0.00995	0.01356	0.00815	0.00494	0.00533	0.00165	0.00658	0.00478	0.00259	0.00783
186	0.55917	0.00982	0.00927	0.00779	0.01132	0.01050	0.00642	0.01901	0.01120	0.26675	0.01217	0.01213	0.00845	0.00555	0.00400	0.00165	0.00424	0.00377	0.02996	0.00685
187	0.00651	0.00534	0.00574	0.00586	0.00741	0.00457	0.00431	0.00795	0.01231	0.01520	0.13340	0.15023	0.59511	0.01372	0.00641	0.00185	0.00275	0.01166	0.00509	0.00457
188	0.00814	0.00561	0.00735	0.00685	0.00821	0.00516	0.00516	0.01066	0.01520	0.04668	0.75009	0.03937	0.04941	0.01083	0.00630	0.00169	0.00260	0.00957	0.00593	0.00520
189	0.00795	0.00624	0.00727	0.00698	0.00849	0.00615	0.00519	0.01138	0.10882	0.01713	0.27401	0.03862	0.27857	0.09611	0.10055	0.00292	0.00448	0.00912	0.00492	0.00511
190	0.01885	0.01285	0.01319	0.01096	0.01420	0.12178	0.00871	0.23680	0.06982	0.26826	0.01760	0.12277	0.01418	0.00796	0.00596	0.00171	0.03493	0.00632	0.00525	0.00790
191	0.01293	0.01113	0.01175	0.01061	0.01354	0.01278	0.00824	0.02722	0.71784	0.02218	0.05066	0.02171	0.04024	0.00761	0.00552	0.00182	0.00414	0.00636	0.00546	0.00825
192	0.84927	0.01038	0.00789	0.00706	0.01038	0.01204	0.00581	0.01578	0.00914	0.02408	0.00747	0.00872	0.00581	0.00498	0.00332	0.00166	0.00415	0.00291	0.00332	0.00581
193	0.00793	0.00567	0.00783	0.00907	0.00999	0.00556	0.00740	0.00988	0.01165	0.01526	0.02882	0.31436	0.03246	0.01550	0.00722	0.00237	0.00432	0.49500	0.00496	0.00474
194	0.01634	0.14662	0.22975	0.01385	0.01842	0.42870	0.04070	0.01923	0.01339	0.01428	0.00863	0.01015	0.00692	0.00523	0.00475	0.00145	0.00857	0.00362	0.00255	0.00683
195	0.01335	0.01153	0.01214	0.01092	0.01396	0.01335	0.00850	0.02852	0.76817	0.02245	0.02185	0.02003	0.01639	0.00728	0.00546	0.00182	0.00425	0.00607	0.00546	0.00850
196	0.01267	0.01448	0.03167	0.02262	0.02805	0.01357	0.75837	0.01719	0.01267	0.01719	0.01086	0.01448	0.00814	0.00452	0.00633	0.00181	0.00905	0.00633	0.00271	0.00724
197	0.00743	0.00548	0.00694	0.00657	0.00791	0.00499	0.00493	0.00980	0.01479	0.02057	0.67700	0.04167	0.14928	0.01133	0.00633	0.00171	0.00256	0.00993	0.00578	0.00499
198	0.84927	0.01038	0.00789	0.00706	0.01038	0.01204	0.00581	0.01578	0.00914	0.02408	0.00747	0.00872	0.00581	0.00498	0.00332	0.00166	0.00415	0.00291	0.00332	0.00581
199	0.01197	0.01149	0.01909	0.30251	0.41840	0.01292	0.01532	0.01505	0.01119	0.01560	0.00951	0.01346	0.00784	0.00557	0.00688	0.00176	0.10687	0.00477	0.00252	0.00727
200	0.00634	0.00544	0.00544	0.00544	0.00725	0.00453	0.00408	0.00770	0.01224	0.01450	0.05438	0.05166	0.77569	0.01359	0.00634	0.00181	0.00272	0.01133	0.00498	0.00453
201	0.02408	0.00914	0.01246	0.00955	0.01370	0.00789	0.00789	0.02616	0.01536	0.78158	0.02118	0.01827	0.01329	0.00664	0.00540	0.00166	0.00457	0.00540	0.00664	0.00914
202	0.01632	0.01321	0.01968	0.01898	0.20293	0.01377	0.15595	0.27048	0.06813	0.08968	0.01344	0.01575	0.01027	0.00613	0.00607	0.00172	0.03579	0.02920	0.00419	0.00831
203	0.01259	0.01424	0.03035	0.02188	0.02684	0.01382	0.69333	0.01682	0.01228	0.01682	0.01053	0.01424	0.00805	0.00495	0.00732	0.00186	0.07808	0.00619	0.00268	0.00712
204	0.00654	0.00467	0.00623	0.00747	0.00779	0.00436	0.00498	0.00747	0.01028	0.01370	0.02959	0.80785	0.03550	0.01682	0.00685	0.00218	0.00311	0.01526	0.00498	0.00436
205	0.01423	0.01244	0.02098	0.03091	0.71130	0.01233	0.01573	0.01732	0.01250	0.08410	0.01106	0.01372	0.00892	0.00494	0.00532	0.00160	0.00622	0.00484	0.00300	0.00856
206	0.08496	0.01102	0.01734	0.14867	0.45959	0.01156	0.01350	0.04248	0.01194	0.01758	0.01253	0.12112	0.01175	0.00659	0.00536	0.00171	0.00585	0.00604	0.00309	0.00732

[dist]
# distance from previous block
# <min> <max>
0	11

[block]
# block no. 2 follows, 45 sequences, length 6
# corresponding to MSA columns:
# 893-898
name=unknown_C
#
# <colnr> <probs for GDERKNQSTAVLIFYWHMCP>
#	G	D	E	R	K	N	Q	S	T	A	V	L	I	F	Y	W	H	M	C	P
0	0.01987	0.00945	0.01152	0.00916	0.01267	0.00914	0.00746	0.15599	0.05574	0.44484	0.01894	0.01776	0.01280	0.00656	0.00505	0.00157	0.00435	0.00525	0.18368	0.00822
1	0.13086	0.01575	0.01521	0.01241	0.01602	0.17914	0.07059	0.33565	0.08739	0.02468	0.01268	0.05281	0.01013	0.00650	0.00514	0.00163	0.00643	0.00505	0.00431	0.00761
2	0.06118	0.01620	0.15090	0.01829	0.16681	0.07725	0.11586	0.07245	0.01254	0.07094	0.01016	0.01255	0.00795	0.00611	0.00789	0.00179	0.17597	0.00467	0.00306	0.00742
3	0.47540	0.01153	0.01111	0.01001	0.04736	0.01292	0.00770	0.17623	0.10581	0.07850	0.01146	0.01186	0.00845	0.00568	0.00425	0.00167	0.00467	0.00396	0.00422	0.00720
4	0.19649	0.01543	0.01424	0.01142	0.01531	0.11742	0.00929	0.50464	0.02050	0.02904	0.01113	0.01158	0.00813	0.00601	0.00486	0.00159	0.00603	0.00424	0.00459	0.00804
5	0.01364	0.14740	0.02002	0.12688	0.28199	0.12217	0.01320	0.01596	0.01136	0.01461	0.00869	0.01182	0.00752	0.00591	0.00756	0.00168	0.17580	0.00426	0.00251	0.00701

[dist]
# distance from previous block
# <min> <max>
0	1

[block]
# block no. 3 follows, 45 sequences, length 48
# corresponding to MSA columns:
# 900-947
name=unknown_D
#
# <colnr> <probs for GDERKNQSTAVLIFYWHMCP>
#	G	D	E	R	K	N	Q	S	T	A	V	L	I	F	Y	W	H	M	C	P
0	0.07321	0.00649	0.00828	0.00960	0.06203	0.00647	0.00648	0.05153	0.01183	0.01681	0.08824	0.48785	0.05142	0.01372	0.00639	0.00204	0.00370	0.08399	0.00479	0.00515
1	0.01335	0.01153	0.01214	0.01092	0.01396	0.01335	0.00850	0.02852	0.76817	0.02245	0.02185	0.02003	0.01639	0.00728	0.00546	0.00182	0.00425	0.00607	0.00546	0.00850
