[name]
unknown

[dist]
# distance from previous block
# <min> <max>
0	26

[block]
# block no. 0 follows, 36 sequences, length 67
# corresponding to MSA columns:
# 236-259,287-329
name=unknown_A
#
# <colnr> <probs for GDERKNQSTAVLIFYWHMCP>
#	G	D	E	R	K	N	Q	S	T	A	V	L	I	F	Y	W	H	M	C	P
0	0.01308	0.00775	0.01079	0.01141	0.01342	0.00751	0.00989	0.01587	0.01493	0.14195	0.03156	0.06197	0.03240	0.01560	0.00821	0.00271	0.00566	0.58267	0.00607	0.00656
1	0.09355	0.01761	0.01701	0.01366	0.01816	0.10180	0.01107	0.46968	0.11278	0.05966	0.01544	0.01536	0.01118	0.00734	0.00597	0.00188	0.00688	0.00543	0.00575	0.00978
2	0.00840	0.00635	0.00775	0.00740	0.00905	0.00570	0.00555	0.01095	0.01665	0.02264	0.54462	0.05040	0.25451	0.01361	0.00735	0.00200	0.00300	0.01181	0.00655	0.00570
3	0.82504	0.01205	0.00916	0.00819	0.01205	0.01398	0.00675	0.01832	0.01060	0.02795	0.00868	0.01012	0.00675	0.00578	0.00386	0.00193	0.00482	0.00337	0.00386	0.00675
4	0.01049	0.00898	0.00933	0.00878	0.01139	0.00915	0.00672	0.01818	0.28480	0.02066	0.07735	0.04554	0.43901	0.01289	0.00698	0.00210	0.00382	0.01077	0.00604	0.00702
5	0.01292	0.01107	0.01292	0.00923	0.01477	0.00831	0.00738	0.01569	0.01292	0.02030	0.01107	0.01292	0.00923	0.00461	0.00461	0.00092	0.00461	0.00369	0.00369	0.81912
6	0.00792	0.00614	0.00722	0.00737	0.00887	0.00543	0.00537	0.00987	0.01491	0.01949	0.29408	0.21263	0.34727	0.01553	0.00749	0.00215	0.00318	0.01349	0.00616	0.00543
7	0.01542	0.01480	0.02529	0.03824	0.74217	0.01480	0.01912	0.01912	0.01419	0.02036	0.01172	0.01542	0.00987	0.00555	0.00617	0.00185	0.00740	0.00555	0.00308	0.00987
8	0.00758	0.00546	0.00719	0.00857	0.00901	0.00507	0.00574	0.00869	0.01203	0.01595	0.03558	0.74611	0.07126	0.01936	0.00793	0.00251	0.00360	0.01752	0.00578	0.00507
9	0.00772	0.00566	0.00745	0.00858	0.00921	0.00539	0.00590	0.00898	0.01195	0.01584	0.03539	0.61525	0.11245	0.02222	0.09301	0.00334	0.00505	0.01597	0.00551	0.00514
10	0.01093	0.00966	0.01391	0.01274	0.01337	0.01264	0.01030	0.01279	0.00981	0.01469	0.01303	0.01982	0.01240	0.03135	0.44036	0.00688	0.33999	0.00615	0.00308	0.00610
11	0.01250	0.03223	0.74875	0.01776	0.02697	0.01447	0.02302	0.01973	0.01315	0.01973	0.01118	0.01315	0.00789	0.00592	0.00592	0.00197	0.00921	0.00460	0.00263	0.00921
12	0.73390	0.01266	0.01024	0.00889	0.01288	0.01459	0.00733	0.09828	0.01273	0.02924	0.00939	0.01067	0.00719	0.00598	0.00413	0.00192	0.00505	0.00363	0.00413	0.00719
13	0.00746	0.00593	0.00671	0.00733	0.00868	0.00517	0.00519	0.00883	0.01322	0.01643	0.05069	0.36966	0.43796	0.01740	0.00762	0.00229	0.00335	0.01512	0.00578	0.00517
14	0.82504	0.01205	0.00916	0.00819	0.01205	0.01398	0.00675	0.01832	0.01060	0.02795	0.00868	0.01012	0.00675	0.00578	0.00386	0.00193	0.00482	0.00337	0.00386	0.00675
15	0.01363	0.01363	0.01908	0.01636	0.01636	0.01908	0.01363	0.01499	0.00954	0.01499	0.00818	0.01363	0.00818	0.01091	0.02045	0.00273	0.76963	0.00545	0.00273	0.00682
16	0.01316	0.01135	0.01185	0.01085	0.01396	0.01255	0.00839	0.02616	0.52488	0.02341	0.03621	0.03380	0.22618	0.01056	0.00663	0.00211	0.00442	0.00880	0.00618	0.00854
17	0.00809	0.00634	0.00732	0.00708	0.00886	0.00557	0.00531	0.01036	0.01593	0.02093	0.40242	0.05322	0.39778	0.01425	0.00736	0.00203	0.00305	0.01220	0.00632	0.00557
18	0.01937	0.01531	0.01627	0.01346	0.01768	0.01730	0.01080	0.35826	0.39946	0.03230	0.02045	0.01933	0.01504	0.00799	0.00629	0.00200	0.00584	0.00637	0.00629	0.01021
19	0.01126	0.00695	0.00888	0.00806	0.01009	0.00624	0.00616	0.01392	0.01715	0.12383	0.53927	0.04502	0.15408	0.01249	0.00720	0.00198	0.00330	0.01085	0.00682	0.00644
20	0.01250	0.03223	0.74875	0.01776	0.02697	0.01447	0.02302	0.01973	0.01315	0.01973	0.01118	0.01315	0.00789	0.00592	0.00592	0.00197	0.00921	0.00460	0.00263	0.00921
21	0.01244	0.01009	0.01129	0.01089	0.01340	0.01089	0.00856	0.06532	0.32260	0.02243	0.03387	0.14779	0.14703	0.01293	0.00718	0.00230	0.00472	0.14259	0.00604	0.00764
22	0.01511	0.01443	0.02517	0.03502	0.62659	0.01432	0.08615	0.01891	0.01417	0.02050	0.01235	0.01605	0.01022	0.00563	0.00617	0.00185	0.00742	0.00574	0.05474	0.00947
23	0.02293	0.01776	0.01738	0.01395	0.01846	0.11974	0.01127	0.44341	0.12907	0.11651	0.01687	0.01638	0.01204	0.00750	0.00617	0.00188	0.00700	0.00567	0.00600	0.01002
24	0.76485	0.01246	0.00987	0.00865	0.01260	0.01438	0.00713	0.07113	0.01201	0.02880	0.00915	0.01048	0.00704	0.00591	0.00403	0.00192	0.00497	0.00354	0.00403	0.00704
25	0.01144	0.21581	0.14163	0.01125	0.01552	0.01277	0.06331	0.01452	0.01399	0.01806	0.12805	0.07939	0.22999	0.01039	0.00627	0.00189	0.00565	0.00872	0.00438	0.00696
26	0.00870	0.00649	0.00820	0.00899	0.00990	0.00639	0.00626	0.01198	0.09467	0.01860	0.15267	0.56750	0.04166	0.01711	0.00767	0.00239	0.00365	0.01541	0.00603	0.00575
27	0.00889	0.00664	0.00982	0.00977	0.01092	0.00757	0.00757	0.01120	0.01088	0.01566	0.09883	0.02699	0.02049	0.04286	0.67115	0.00910	0.01513	0.00720	0.00374	0.00560
28	0.01177	0.01107	0.01869	0.76606	0.04291	0.01384	0.01730	0.01592	0.01246	0.01592	0.01107	0.01661	0.00831	0.00623	0.00623	0.00208	0.00831	0.00554	0.00277	0.00692
29	0.82504	0.01205	0.00916	0.00819	0.01205	0.01398	0.00675	0.01832	0.01060	0.02795	0.00868	0.01012	0.00675	0.00578	0.00386	0.00193	0.00482	0.00337	0.00386	0.00675
30	0.01396	0.01187	0.01270	0.01153	0.01466	0.01339	0.00892	0.02832	0.57748	0.02523	0.12892	0.02924	0.07760	0.00960	0.00656	0.00209	0.00452	0.00809	0.00637	0.00896
31	0.00759	0.00542	0.00723	0.00868	0.00904	0.00506	0.00578	0.00868	0.01193	0.01591	0.03434	0.77697	0.04121	0.01952	0.00795	0.00253	0.00361	0.01771	0.00578	0.00506
32	0.01399	0.01262	0.13567	0.01151	0.01489	0.00963	0.01020	0.01982	0.16373	0.15890	0.02666	0.34478	0.02597	0.01263	0.00695	0.00223	0.00516	0.01106	0.00574	0.00783
33	0.01574	0.01715	0.01321	0.01212	0.01348	0.32434	0.00873	0.01662	0.01276	0.01385	0.01371	0.02428	0.01433	0.33969	0.01903	0.00368	0.12185	0.00639	0.00338	0.00568
34	0.01954	0.00874	0.01176	0.00966	0.01301	0.00772	0.00772	0.02219	0.01775	0.42935	0.33855	0.03234	0.03448	0.00992	0.00674	0.00194	0.00426	0.00846	0.00734	0.00853
35	0.01250	0.03223	0.74875	0.01776	0.02697	0.01447	0.02302	0.01973	0.01315	0.01973	0.01118	0.01315	0.00789	0.00592	0.00592	0.00197	0.00921	0.00460	0.00263	0.00921
36	0.01666	0.78478	0.03265	0.01066	0.01599	0.02465	0.01066	0.01866	0.01266	0.01466	0.00866	0.00999	0.00800	0.00533	0.00400	0.00133	0.00666	0.00333	0.00267	0.00800
37	0.02278	0.02866	0.01743	0.01584	0.01907	0.70895	0.01190	0.02540	0.06299	0.01594	0.01063	0.01200	0.00872	0.00655	0.00566	0.00164	0.01084	0.00421	0.00341	0.00739
38	0.01004	0.00717	0.01004	0.01147	0.01291	0.00717	0.01004	0.01291	0.01434	0.01865	0.03299	0.07028	0.03586	0.01721	0.00861	0.00287	0.00574	0.70023	0.00574	0.00574
39	0.02327	0.02970	0.01766	0.01605	0.01926	0.75602	0.01204	0.02488	0.01766	0.01525	0.00963	0.01124	0.00803	0.00642	0.00562	0.00161	0.01124	0.00401	0.00321	0.00722
40	0.01113	0.00586	0.00586	0.00586	0.00739	0.00574	0.00440	0.01388	0.01320	0.02250	0.02519	0.02741	0.09828	0.00823	0.00470	0.00153	0.00293	0.00664	0.72351	0.00574
41	0.00800	0.00572	0.00770	0.00915	0.00969	0.00542	0.00650	0.00939	0.01234	0.01637	0.03411	0.65776	0.04031	0.01913	0.00806	0.00259	0.00397	0.13285	0.00578	0.00517
42	0.00775	0.00553	0.00741	0.00885	0.00928	0.00519	0.00605	0.00894	0.01208	0.01608	0.03425	0.73205	0.04087	0.01937	0.00799	0.00255	0.00375	0.06109	0.00578	0.00510
43	0.01392	0.05733	0.43549	0.01732	0.02454	0.01442	0.13729	0.07699	0.01535	0.03893	0.09471	0.01777	0.01435	0.00673	0.00628	0.00196	0.00832	0.00590	0.00362	0.00879
44	0.13225	0.02060	0.01600	0.01403	0.01730	0.33386	0.01097	0.10380	0.14537	0.04555	0.01327	0.01424	0.01037	0.00733	0.00716	0.00190	0.08873	0.00488	0.00430	0.00808
45	0.00958	0.00717	0.00898	0.00839	0.01009	0.00697	0.00633	0.01419	0.09876	0.02511	0.65772	0.04389	0.05427	0.01225	0.00723	0.00198	0.00317	0.01079	0.00680	0.00633
46	0.01871	0.01660	0.01565	0.01338	0.01717	0.12623	0.01053	0.23928	0.36665	0.02839	0.06522	0.02043	0.01736	0.00813	0.00626	0.00195	0.00633	0.00643	0.00587	0.00944
47	0.01083	0.00674	0.00879	0.00826	0.00984	0.00624	0.00614	0.01325	0.01616	0.09895	0.50553	0.09494	0.04799	0.10023	0.01010	0.00249	0.00370	0.03726	0.00648	0.00608
48	0.01234	0.01010	0.01135	0.01038	0.01296	0.01099	0.00797	0.02306	0.39732	0.02537	0.34318	0.03445	0.05354	0.01053	0.00681	0.00204	0.00400	0.00906	0.00656	0.00799
49	0.01451	0.01271	0.01911	0.02412	0.32735	0.01385	0.01475	0.09651	0.01516	0.02111	0.01760	0.03084	0.01714	0.01003	0.00930	0.00229	0.13599	0.20524	0.00414	0.00825
50	0.01411	0.01375	0.02427	0.28350	0.42996	0.01458	0.09288	0.01813	0.01366	0.01881	0.01160	0.01597	0.00930	0.00575	0.00631	0.00195	0.00804	0.00574	0.00298	0.00872
51	0.01746	0.69751	0.03106	0.01108	0.01637	0.02405	0.01080	0.09859	0.01455	0.01746	0.00938	0.01056	0.00829	0.00557	0.00425	0.00139	0.00669	0.00359	0.00307	0.00829
52	0.82504	0.01205	0.00916	0.00819	0.01205	0.01398	0.00675	0.01832	0.01060	0.02795	0.00868	0.01012	0.00675	0.00578	0.00386	0.00193	0.00482	0.00337	0.00386	0.00675
53	0.01464	0.01401	0.02389	0.19286	0.59362	0.01460	0.01874	0.01844	0.01382	0.01941	0.01158	0.01567	0.00954	0.00570	0.00618	0.00190	0.00759	0.00555	0.00302	0.00924
54	0.01506	0.01301	0.02272	0.01700	0.02181	0.01219	0.31346	0.02094	0.11462	0.10434	0.13855	0.02266	0.01978	0.00715	0.00668	0.00188	0.00698	0.00730	0.00482	0.12905
55	0.00901	0.00709	0.00827	0.00820	0.00998	0.00675	0.00619	0.01293	0.09670	0.02084	0.29801	0.13630	0.28408	0.01438	0.00739	0.00215	0.00350	0.05598	0.00623	0.00601
56	0.01648	0.01008	0.01220	0.01062	0.01365	0.00974	0.00815	0.18523	0.01749	0.18046	0.02493	0.34327	0.02463	0.01237	0.00679	0.00206	0.00487	0.01073	0.00607	0.10018
57	0.00759	0.00542	0.00723	0.00868	0.00904	0.00506	0.00578	0.00868	0.01193	0.01591	0.03434	0.77697	0.04121	0.01952	0.00795	0.00253	0.00361	0.01771	0.00578	0.00506
58	0.01250	0.03223	0.74875	0.01776	0.02697	0.01447	0.02302	0.01973	0.01315	0.01973	0.01118	0.01315	0.00789	0.00592	0.00592	0.00197	0.00921	0.00460	0.00263	0.00921
59	0.01390	0.01551	0.03341	0.02426	0.02989	0.01454	0.63836	0.01867	0.01439	0.01950	0.01508	0.10327	0.01307	0.00687	0.00742	0.00215	0.00972	0.00853	0.00345	0.00802
60	0.00923	0.00629	0.00795	0.00754	0.00900	0.00587	0.00565	0.01217	0.01696	0.02472	0.63197	0.04307	0.05242	0.01192	0.00690	0.00188	0.00293	0.01046	0.12719	0.00587
61	0.00892	0.00660	0.00965	0.00965	0.01063	0.00759	0.00733	0.01089	0.00990	0.01419	0.01702	0.02633	0.01638	0.13025	0.67392	0.00956	0.01548	0.00695	0.00339	0.00536
62	0.00759	0.00606	0.00681	0.00716	0.00870	0.00527	0.00517	0.00919	0.01394	0.01749	0.13171	0.26455	0.46142	0.01651	0.00753	0.00221	0.00326	0.01425	0.00591	0.00527
63	0.01177	0.01107	0.01869	0.76606	0.04291	0.01384	0.01730	0.01592	0.01246	0.01592	0.01107	0.01661	0.00831	0.00623	0.00623	0.00208	0.00831	0.00554	0.00277	0.00692
64	0.82504	0.01205	0.00916	0.00819	0.01205	0.01398	0.00675	0.01832	0.01060	0.02795	0.00868	0.01012	0.00675	0.00578	0.00386	0.00193	0.00482	0.00337	0.00386	0.00675
65	0.39866	0.01449	0.01397	0.01126	0.01570	0.01618	0.00929	0.34872	0.01983	0.07893	0.01263	0.01309	0.00910	0.00670	0.00512	0.00190	0.00581	0.00461	0.00522	0.00880
66	0.01856	0.01708	0.02901	0.02114	0.02688	0.01729	0.41567	0.32114	0.02097	0.02825	0.01362	0.01601	0.00994	0.00621	0.00687	0.00200	0.00894	0.00660	0.00447	0.00934

[dist]
# distance from previous block
# <min> <max>
0	8

[block]
# block no. 1 follows, 36 sequences, length 21
# corresponding to MSA columns:
# 338-358
name=unknown_B
#
# <colnr> <probs for GDERKNQSTAVLIFYWHMCP>
#	G	D	E	R	K	N	Q	S	T	A	V	L	I	F	Y	W	H	M	C	P
0	0.00829	0.00635	0.00760	0.00729	0.00899	0.00565	0.00546	0.01074	0.01639	0.02204	0.49441	0.05140	0.30510	0.01384	0.00735	0.00201	0.00302	0.01195	0.00647	0.00565
1	0.01711	0.01394	0.01916	0.27151	0.17657	0.01559	0.01467	0.28861	0.01935	0.02636	0.01336	0.01619	0.01005	0.00664	0.00609	0.00191	0.00718	0.00559	0.06126	0.00887
2	0.00906	0.00604	0.00680	0.00680	0.00680	0.00604	0.00378	0.00906	0.00906	0.01208	0.01963	0.04077	0.02265	0.78103	0.03171	0.00604	0.00604	0.00906	0.00378	0.00378
3	0.00984	0.00698	0.00869	0.00946	0.01104	0.00683	0.00786	0.01282	0.03945	0.01881	0.03662	0.05873	0.17816	0.05387	0.00887	0.00266	0.00481	0.40582	0.11299	0.00570
4	0.00778	0.00633	0.00688	0.00674	0.00867	0.00544	0.00506	0.00974	0.01518	0.01914	0.25465	0.05616	0.54666	0.01492	0.00736	0.00206	0.00309	0.01262	0.00609	0.00544
5	0.00879	0.00593	0.00687	0.00714	0.00721	0.00586	0.00414	0.00899	0.00959	0.01278	0.02232	0.17552	0.02605	0.64165	0.02736	0.00540	0.00560	0.01064	0.00414	0.00401
6	0.01292	0.01107	0.01292	0.00923	0.01477	0.00831	0.00738	0.01569	0.01292	0.02030	0.01107	0.01292	0.00923	0.00461	0.00461	0.00092	0.00461	0.00369	0.00369	0.81912
7	0.01666	0.78478	0.03265	0.01066	0.01599	0.02465	0.01066	0.01866	0.01266	0.01466	0.00866	0.00999	0.00800	0.00533	0.00400	0.00133	0.00666	0.00333	0.00267	0.00800
8	0.01004	0.00717	0.01004	0.01147	0.01291	0.00717	0.01004	0.01291	0.01434	0.01865	0.03299	0.07028	0.03586	0.01721	0.00861	0.00287	0.00574	0.70023	0.00574	0.00574
9	0.00759	0.00542	0.00723	0.00868	0.00904	0.00506	0.00578	0.00868	0.01193	0.01591	0.03434	0.77697	0.04121	0.01952	0.00795	0.00253	0.00361	0.01771	0.00578	0.00506
10	0.01244	0.01176	0.01990	0.63284	0.17090	0.01402	0.01764	0.01651	0.01277	0.01673	0.01119	0.01639	0.00859	0.00611	0.00622	0.00204	0.00814	0.00554	0.00283	0.00746
11	0.01307	0.01315	0.01436	0.01318	0.01432	0.14842	0.01047	0.01490	0.01126	0.01478	0.01263	0.01853	0.01179	0.02770	0.37954	0.00610	0.26063	0.00579	0.00312	0.00627
12	0.02795	0.01060	0.01446	0.01109	0.01591	0.00916	0.00916	0.03036	0.01783	0.74648	0.02458	0.02121	0.01542	0.00771	0.00627	0.00193	0.00530	0.00627	0.00771	0.01060
13	0.01292	0.01107	0.01292	0.00923	0.01477	0.00831	0.00738	0.01569	0.01292	0.02030	0.01107	0.01292	0.00923	0.00461	0.00461	0.00092	0.00461	0.00369	0.00369	0.81912
14	0.00862	0.00654	0.00767	0.00815	0.00959	0.00606	0.00632	0.01030	0.01318	0.01645	0.04395	0.05945	0.35401	0.17523	0.01284	0.00318	0.00462	0.24337	0.00535	0.00511
15	0.00906	0.00604	0.00680	0.00680	0.00680	0.00604	0.00378	0.00906	0.00906	0.01208	0.01963	0.04077	0.02265	0.78103	0.03171	0.00604	0.00604	0.00906	0.00378	0.00378
16	0.01466	0.01403	0.02392	0.18944	0.59690	0.01460	0.01874	0.01846	0.01383	0.01943	0.01159	0.01567	0.00954	0.00569	0.00618	0.00190	0.00759	0.00555	0.00302	0.00926
17	0.00925	0.00742	0.01045	0.01014	0.01195	0.00702	0.06077	0.01226	0.04452	0.01942	0.18902	0.21152	0.19134	0.01518	0.00774	0.00235	0.00444	0.17351	0.00583	0.00589
18	0.02117	0.02012	0.01516	0.01372	0.01693	0.40603	0.01073	0.02389	0.04701	0.17661	0.04733	0.02521	0.01683	0.00885	0.00636	0.00192	0.00842	0.12103	0.00490	0.00777
19	0.01859	0.17333	0.02316	0.06059	0.33805	0.01507	0.01420	0.02159	0.01466	0.20470	0.01431	0.01572	0.01079	0.00605	0.00568	0.00173	0.00663	0.00519	0.00419	0.04577
20	0.02024	0.01738	0.01928	0.05437	0.22228	0.15095	0.01356	0.22737	0.06764	0.10215	0.01586	0.01686	0.02971	0.00699	0.00614	0.00185	0.00749	0.00566	0.00479	0.00942

[dist]
# distance from previous block
# <min> <max>
0	4

[block]
# block no. 2 follows, 36 sequences, length 15
# corresponding to MSA columns:
# 363-377
name=unknown_C
#
# <colnr> <probs for GDERKNQSTAVLIFYWHMCP>
#	G	D	E	R	K	N	Q	S	T	A	V	L	I	F	Y	W	H	M	C	P
0	0.01658	0.01337	0.02297	0.02573	0.32552	0.01351	0.14390	0.01981	0.01418	0.15026	0.01599	0.09045	0.01364	0.00786	0.00823	0.00208	0.09566	0.00718	0.00415	0.00891
1	0.02120	0.01254	0.01709	0.16917	0.09906	0.01304	0.01238	0.13477	0.10068	0.32575	0.01903	0.01891	0.01304	0.00723	0.00625	0.00196	0.00634	0.00603	0.00582	0.00968
2	0.09871	0.00993	0.01360	0.01629	0.20898	0.00952	0.00979	0.01575	0.01521	0.07182	0.28412	0.03110	0.10397	0.00935	0.00636	0.00185	0.00467	0.00810	0.00520	0.07567
3	0.00973	0.00758	0.00909	0.00976	0.01098	0.00789	0.00689	0.01530	0.20674	0.01866	0.03191	0.57274	0.03520	0.01652	0.00752	0.00242	0.00397	0.01482	0.00593	0.00636
4	0.37190	0.01621	0.01258	0.01058	0.01479	0.19281	0.00836	0.03879	0.01351	0.02296	0.00978	0.01134	0.00789	0.00565	0.00457	0.00156	0.00638	0.00368	0.00372	0.24295
5	0.09137	0.00924	0.01390	0.01153	0.01410	0.00885	0.14370	0.01486	0.01286	0.11077	0.06256	0.14491	0.09843	0.21950	0.01357	0.00319	0.00585	0.00969	0.00485	0.00630
6	0.10337	0.00927	0.01152	0.01024	0.01337	0.00898	0.00839	0.02131	0.07061	0.29474	0.18859	0.03646	0.02908	0.01074	0.00676	0.00215	0.00477	0.15506	0.00658	0.00802
7	0.28347	0.01263	0.01619	0.23147	0.02432	0.01454	0.08629	0.02180	0.20675	0.02310	0.01431	0.01627	0.01081	0.00658	0.00559	0.00204	0.00647	0.00542	0.00414	0.00782
8	0.01222	0.01242	0.01370	0.01231	0.01454	0.14354	0.08378	0.01448	0.01467	0.01785	0.11437	0.09758	0.21911	0.01265	0.00855	0.00221	0.08021	0.11471	0.00486	0.00623
9	0.01422	0.01170	0.01835	0.41505	0.16103	0.01249	0.01492	0.01785	0.01338	0.08849	0.01250	0.01613	0.00946	0.00594	0.00591	0.00180	0.00714	0.00525	0.00348	0.16489
10	0.01133	0.01024	0.01646	0.45293	0.12271	0.01169	0.01443	0.01494	0.01360	0.01784	0.10235	0.02829	0.08750	0.00867	0.00665	0.00210	0.00687	0.06069	0.00381	0.00692
11	0.02194	0.01228	0.02036	0.01503	0.02026	0.01082	0.20816	0.02521	0.01638	0.43758	0.04025	0.01974	0.01428	0.00681	0.00641	0.00186	0.00661	0.00642	0.00594	0.10366
12	0.00962	0.00684	0.00911	0.01001	0.01121	0.00674	0.00822	0.01193	0.01377	0.01813	0.11365	0.06180	0.06341	0.15447	0.01258	0.00331	0.00537	0.46894	0.00552	0.00538
13	0.01632	0.01905	0.21448	0.23261	0.02656	0.12514	0.01537	0.02048	0.01496	0.14965	0.09055	0.01886	0.01479	0.00713	0.00618	0.00194	0.00788	0.00579	0.00412	0.00814
14	0.01716	0.01043	0.01241	0.01077	0.01428	0.04773	0.00882	0.02056	0.05284	0.25283	0.11207	0.03500	0.02468	0.01016	0.00665	0.00197	0.00528	0.18543	0.00601	0.16491

[dist]
# distance from previous block
# <min> <max>
0	1

[block]
# block no. 3 follows, 36 sequences, length 9
# corresponding to MSA columns:
# 379-387
name=unknown_D
#
# <colnr> <probs for GDERKNQSTAVLIFYWHMCP>
#	G	D	E	R	K	N	Q	S	T	A	V	L	I	F	Y	W	H	M	C	P
0	0.17648	0.01147	0.01377	0.01273	0.07602	0.01151	0.00919	0.07531	0.07916	0.34830	0.01924	0.02053	0.01407	0.09474	0.00868	0.00240	0.00555	0.00599	0.00590	0.00896
1	0.10274	0.01240	0.01455	0.23770	0.04489	0.07564	0.01154	0.07756	0.01420	0.01947	0.02255	0.07879	0.15331	0.00967	0.00794	0.00211	0.09648	0.00754	0.00405	0.00687
2	0.08992	0.01070	0.01402	0.01137	0.01517	0.00999	0.09148	0.09427	0.01542	0.02259	0.08694	0.08409	0.11875	0.00970	0.00630	0.00183	0.00527	0.07545	0.00485	0.23188
3	0.11424	0.01203	0.01609	0.23612	0.06986	0.01255	0.01203	0.10233	0.01594	0.23730	0.01528	0.01653	0.01070	0.00654	0.00578	0.00185	0.00637	0.00530	0.00488	0.09826
4	0.33217	0.01292	0.01378	0.08279	0.01754	0.01440	0.00970	0.15016	0.05036	0.09058	0.01252	0.01386	0.00937	0.00673	0.00630	0.00189	0.06808	0.00464	0.00455	0.09765
5	0.01525	0.01304	0.01606	0.08474	0.18791	0.09900	0.01236	0.06314	0.05190	0.07427	0.14610	0.03203	0.02415	0.00969	0.00681	0.00208	0.00651	0.14213	0.00496	0.00788
6	0.11684	0.01713	0.01561	0.01467	0.07785	0.20401	0.01056	0.19076	0.01830	0.09320	0.01545	0.10378	0.01337	0.00805	0.00586	0.00181	0.00707	0.00626	0.00478	0.07465
7	0.01175	0.01043	0.01682	0.37816	0.17944	0.01170	0.01423	0.01508	0.01315	0.01762	0.09435	0.02690	0.01815	0.09910	0.00954	0.00255	0.00705	0.06338	0.00365	0.00696
8	0.31574	0.13124	0.07329	0.01009	0.01414	0.01299	0.00916	0.01749	0.01247	0.07950	0.01606	0.10857	0.01521	0.00866	0.00531	0.00193	0.00544	0.08234	0.00430	0.07606

[dist]
# distance from previous block
# <min> <max>
0	26

# created by:
# /home/cegg/simao/soft/augustus-3.2.1/scripts/msa2prfl.pl ./align_prep/31642.fa
