[name]
unknown

[dist]
# distance from previous block
# <min> <max>
0	174

[block]
# block no. 0 follows, 44 sequences, length 48
# corresponding to MSA columns:
# 304-314,323-359
name=unknown_A
#
# <colnr> <probs for GDERKNQSTAVLIFYWHMCP>
#	G	D	E	R	K	N	Q	S	T	A	V	L	I	F	Y	W	H	M	C	P
0	0.00877	0.00638	0.00907	0.05022	0.01249	0.00649	0.00895	0.01127	0.01237	0.01609	0.02793	0.09177	0.03034	0.01466	0.00740	0.00246	0.00505	0.66835	0.00489	0.00505
1	0.01277	0.01225	0.02080	0.19929	0.54066	0.01284	0.04840	0.01678	0.05069	0.01720	0.01078	0.01413	0.00873	0.00511	0.00546	0.00168	0.00666	0.00499	0.00279	0.00801
2	0.01349	0.01295	0.02213	0.03346	0.77440	0.01295	0.01673	0.01673	0.01241	0.01781	0.01025	0.01349	0.00864	0.00486	0.00540	0.00162	0.00648	0.00486	0.00270	0.00864
3	0.01220	0.01150	0.01941	0.15609	0.56739	0.01186	0.01517	0.01525	0.01194	0.01674	0.01237	0.10205	0.01147	0.00632	0.00558	0.00172	0.00624	0.00604	0.00292	0.00774
4	0.00772	0.00557	0.00729	0.00686	0.00814	0.00514	0.00514	0.01029	0.01543	0.02186	0.77152	0.04072	0.05144	0.01115	0.00643	0.00171	0.00257	0.00986	0.00600	0.00514
5	0.01532	0.63830	0.02558	0.00991	0.01440	0.02028	0.00941	0.11750	0.07483	0.01656	0.00952	0.01028	0.00810	0.00514	0.00393	0.00129	0.00573	0.00345	0.00302	0.00744
6	0.18537	0.01440	0.01389	0.04080	0.05074	0.12061	0.00926	0.30059	0.01714	0.04932	0.01080	0.01175	0.00812	0.00560	0.00473	0.00149	0.00588	0.00406	0.00411	0.14134
7	0.01094	0.18359	0.01816	0.55489	0.02982	0.01352	0.01299	0.01399	0.01108	0.01398	0.03847	0.05479	0.01032	0.00609	0.00514	0.00169	0.00657	0.00516	0.00267	0.00614
8	0.00687	0.00542	0.00619	0.00626	0.00769	0.00474	0.00459	0.00855	0.01304	0.01680	0.27214	0.16638	0.43498	0.01350	0.00652	0.00186	0.00277	0.01162	0.00535	0.00474
9	0.01213	0.01156	0.01967	0.35772	0.46078	0.01260	0.01605	0.01554	0.01177	0.01616	0.01001	0.01394	0.00805	0.00511	0.00542	0.00170	0.00681	0.00485	0.00258	0.00754
10	0.04419	0.01141	0.06704	0.01073	0.01403	0.01091	0.04671	0.08120	0.31634	0.10062	0.04800	0.10991	0.09781	0.00875	0.00575	0.00183	0.00465	0.00746	0.00512	0.00753
11	0.00664	0.00474	0.00633	0.00759	0.00791	0.00443	0.00506	0.00759	0.01044	0.01392	0.03005	0.80485	0.03606	0.01708	0.00696	0.00221	0.00316	0.01550	0.00506	0.00443
12	0.00735	0.00544	0.00687	0.00677	0.00799	0.00495	0.00498	0.00949	0.01419	0.01954	0.54670	0.16187	0.15871	0.01248	0.00651	0.00181	0.00269	0.01099	0.00571	0.00495
13	0.01093	0.02820	0.78016	0.01554	0.02360	0.01266	0.02014	0.01727	0.01151	0.01727	0.00978	0.01151	0.00691	0.00518	0.00518	0.00173	0.00806	0.00403	0.00230	0.00806
14	0.01681	0.02125	0.10158	0.01518	0.05582	0.41233	0.01227	0.06633	0.01368	0.01531	0.00865	0.01096	0.00727	0.00660	0.00835	0.00172	0.21229	0.00405	0.00281	0.00673
15	0.01493	0.01318	0.00957	0.00879	0.01087	0.28897	0.00666	0.03838	0.01352	0.05827	0.01445	0.01622	0.01129	0.00611	0.00435	0.00135	0.00540	0.00453	0.46729	0.00587
16	0.00759	0.00600	0.00774	0.09453	0.01118	0.00574	0.00595	0.00988	0.01389	0.01861	0.44970	0.05931	0.26685	0.01146	0.00634	0.00178	0.00317	0.00994	0.00529	0.00506
17	0.01792	0.01432	0.16606	0.01403	0.07632	0.01103	0.06355	0.12226	0.03280	0.32877	0.01668	0.06690	0.01227	0.00686	0.00585	0.00175	0.02353	0.00579	0.00486	0.00845
18	0.01033	0.00824	0.01059	0.04651	0.09686	0.00861	0.00793	0.06246	0.17594	0.03170	0.05034	0.37231	0.07234	0.01182	0.00624	0.00196	0.00413	0.01050	0.00487	0.00632
19	0.47777	0.01268	0.01161	0.17921	0.01760	0.12306	0.00907	0.01615	0.01043	0.01964	0.00813	0.01048	0.00646	0.00560	0.00526	0.00173	0.07250	0.00359	0.00300	0.00600
20	0.01164	0.01769	0.26002	0.01834	0.02384	0.01265	0.39801	0.01633	0.01246	0.01763	0.09535	0.01645	0.01260	0.00581	0.00675	0.00182	0.05644	0.00597	0.00296	0.00724
21	0.01030	0.00969	0.01635	0.79530	0.03755	0.01211	0.01514	0.01393	0.01090	0.01393	0.00969	0.01453	0.00727	0.00545	0.00545	0.00182	0.00727	0.00484	0.00242	0.00606
22	0.08512	0.01139	0.01216	0.00976	0.01318	0.01225	0.00795	0.39330	0.03783	0.12042	0.01514	0.01550	0.01094	0.00642	0.00486	0.00156	0.00474	0.00490	0.22473	0.00788
23	0.00786	0.00557	0.00736	0.00834	0.00906	0.00544	0.00640	0.00936	0.01097	0.01439	0.02771	0.29662	0.05056	0.16839	0.01121	0.00293	0.00441	0.34423	0.00470	0.00449
24	0.00781	0.00524	0.00598	0.00610	0.00613	0.00521	0.00346	0.00790	0.00816	0.01088	0.01835	0.10604	0.02131	0.73602	0.02585	0.00500	0.00509	0.00862	0.00346	0.00341
25	0.00749	0.00535	0.00687	0.00711	0.00795	0.00504	0.00507	0.00917	0.01256	0.01724	0.36829	0.25225	0.06525	0.13844	0.01001	0.00248	0.00335	0.06624	0.00521	0.00463
26	0.00689	0.00550	0.00618	0.00610	0.00766	0.00478	0.00454	0.00866	0.01335	0.01715	0.30139	0.09103	0.48136	0.01307	0.00647	0.00182	0.00272	0.01116	0.00539	0.00478
27	0.00719	0.00555	0.00655	0.00630	0.00782	0.00492	0.00473	0.00926	0.01418	0.01889	0.47337	0.04561	0.35144	0.01225	0.00644	0.00177	0.00265	0.01054	0.00561	0.00492
28	0.84691	0.01054	0.00801	0.00717	0.01054	0.01223	0.00590	0.01603	0.00928	0.02446	0.00759	0.00886	0.00590	0.00506	0.00337	0.00169	0.00422	0.00295	0.00337	0.00590
29	0.01458	0.81168	0.02857	0.00933	0.01399	0.02157	0.00933	0.01632	0.01108	0.01283	0.00758	0.00875	0.00700	0.00466	0.00350	0.00117	0.00583	0.00292	0.00233	0.00700
30	0.01331	0.01700	0.14241	0.20046	0.22835	0.13371	0.15342	0.01710	0.01248	0.01607	0.00991	0.01307	0.00773	0.00511	0.00549	0.00169	0.00794	0.00481	0.00260	0.00735
31	0.61868	0.01159	0.01016	0.00853	0.01217	0.01313	0.00703	0.18858	0.01336	0.05990	0.00948	0.01027	0.00702	0.00548	0.00395	0.00168	0.00465	0.00352	0.00401	0.00684
32	0.01327	0.01150	0.01820	0.40290	0.28872	0.01284	0.01481	0.10788	0.01345	0.04852	0.01078	0.01416	0.00824	0.00543	0.00543	0.00172	0.00673	0.00488	0.00307	0.00748
33	0.01272	0.01771	0.18740	0.01161	0.01462	0.27714	0.01045	0.01509	0.01181	0.01384	0.01377	0.12150	0.01363	0.12121	0.13048	0.00326	0.00867	0.00619	0.00308	0.00583
34	0.01106	0.01155	0.02352	0.01737	0.02144	0.01079	0.49552	0.01492	0.01368	0.01881	0.25598	0.02399	0.04122	0.00693	0.00643	0.00180	0.00691	0.00766	0.00386	0.00658
35	0.00757	0.00557	0.00709	0.00671	0.00806	0.00508	0.00503	0.01001	0.01510	0.02107	0.69152	0.04204	0.13194	0.01144	0.00643	0.00173	0.00259	0.01004	0.00590	0.00508
36	0.01260	0.00779	0.00943	0.00828	0.01051	0.00768	0.00657	0.14537	0.01642	0.12549	0.35864	0.04483	0.05360	0.00968	0.00593	0.00172	0.00367	0.06648	0.09889	0.00639
37	0.02037	0.02598	0.01545	0.01404	0.01685	0.78652	0.01053	0.02177	0.01545	0.01334	0.00843	0.00983	0.00702	0.00562	0.00492	0.00140	0.00983	0.00351	0.00281	0.00632
38	0.00712	0.00495	0.00618	0.00698	0.00718	0.00475	0.00441	0.00772	0.00950	0.01267	0.02526	0.51860	0.03001	0.31157	0.01470	0.00336	0.00395	0.01268	0.00441	0.00401
39	0.00985	0.00887	0.01271	0.01153	0.01201	0.01174	0.00936	0.01142	0.00856	0.01289	0.01090	0.01669	0.01041	0.02528	0.40397	0.00559	0.40486	0.00531	0.00265	0.00541
40	0.00784	0.00565	0.00779	0.00779	0.00843	0.00629	0.00560	0.00911	0.00847	0.01194	0.01549	0.02635	0.01577	0.30618	0.52443	0.00756	0.01138	0.00656	0.00305	0.00433
41	0.00662	0.00483	0.00624	0.00736	0.00785	0.00445	0.00496	0.00762	0.01066	0.01401	0.03286	0.72081	0.11828	0.01671	0.00690	0.00217	0.00312	0.01505	0.00506	0.00445
42	0.00708	0.00533	0.00718	0.00814	0.00843	0.00543	0.00562	0.00804	0.01027	0.01385	0.02817	0.73983	0.03369	0.01646	0.00785	0.00223	0.06837	0.01462	0.00484	0.00455
43	0.01749	0.01826	0.02017	0.01595	0.01955	0.27142	0.20226	0.22973	0.01681	0.02039	0.01027	0.01228	0.00800	0.00611	0.00708	0.00170	0.10681	0.00482	0.00350	0.00739
44	0.01261	0.01290	0.01730	0.55305	0.09143	0.13339	0.04408	0.04299	0.01236	0.01504	0.00972	0.01367	0.00745	0.00544	0.00540	0.00173	0.00764	0.00470	0.00263	0.00647
45	0.00714	0.00527	0.00678	0.00724	0.00814	0.00497	0.00521	0.00871	0.01192	0.01601	0.22676	0.35688	0.15188	0.04271	0.07936	0.00274	0.00415	0.04441	0.00505	0.00467
46	0.04315	0.00904	0.01100	0.00949	0.01158	0.00974	0.03120	0.14097	0.07367	0.07314	0.14530	0.09524	0.10645	0.08330	0.00920	0.00216	0.09293	0.00779	0.03833	0.00631
47	0.16129	0.01465	0.01323	0.02910	0.01512	0.15784	0.00870	0.23182	0.07656	0.05375	0.01155	0.01221	0.00873	0.00565	0.00471	0.00145	0.00585	0.00408	0.00413	0.17958

[dist]
# distance from previous block
# <min> <max>
1	24

[block]
# block no. 1 follows, 44 sequences, length 123
# corresponding to MSA columns:
# 384-395,397-436,452-460,470-531
name=unknown_B
#
# <colnr> <probs for GDERKNQSTAVLIFYWHMCP>
#	G	D	E	R	K	N	Q	S	T	A	V	L	I	F	Y	W	H	M	C	P
0	0.01423	0.01277	0.01862	0.05197	0.45626	0.01354	0.01376	0.10452	0.21711	0.02092	0.01378	0.01533	0.01082	0.00576	0.00545	0.00169	0.00587	0.00522	0.00377	0.00862
1	0.01211	0.00975	0.01240	0.00993	0.01277	0.00985	0.00802	0.01401	0.01069	0.07652	0.01186	0.07882	0.01078	0.00708	0.00856	0.00149	0.24298	0.00497	0.03296	0.42447
2	0.01877	0.03113	0.04922	0.03559	0.08364	0.28173	0.01120	0.25880	0.08609	0.07273	0.01229	0.01292	0.00920	0.00605	0.00523	0.00158	0.00724	0.00450	0.00412	0.00796
3	0.00720	0.00555	0.00657	0.00631	0.00783	0.00492	0.00473	0.00928	0.01420	0.01894	0.47853	0.04553	0.34625	0.01223	0.00644	0.00177	0.00265	0.01053	0.00562	0.00492
4	0.00664	0.00474	0.00633	0.00759	0.00791	0.00443	0.00506	0.00759	0.01044	0.01392	0.03005	0.80485	0.03606	0.01708	0.00696	0.00221	0.00316	0.01550	0.00506	0.00443
5	0.00947	0.00473	0.00710	0.00710	0.00710	0.00473	0.00473	0.00710	0.00710	0.00947	0.00947	0.01657	0.00947	0.01894	0.02131	0.84138	0.00473	0.00473	0.00237	0.00237
6	0.01016	0.00508	0.00508	0.00508	0.00635	0.00508	0.00381	0.01270	0.01143	0.02033	0.01778	0.02033	0.01397	0.00635	0.00381	0.00127	0.00254	0.00508	0.83867	0.00508
7	0.00779	0.00584	0.00876	0.00876	0.00974	0.00681	0.00681	0.00974	0.00876	0.01266	0.01460	0.02142	0.01363	0.04089	0.78680	0.00876	0.01460	0.00584	0.00292	0.00487
8	0.01323	0.01268	0.02165	0.09724	0.71271	0.01288	0.01660	0.01650	0.01229	0.01749	0.01021	0.01358	0.00852	0.00491	0.00540	0.00164	0.00654	0.00486	0.00268	0.00842
9	0.01349	0.01295	0.02213	0.03346	0.77440	0.01295	0.01673	0.01673	0.01241	0.01781	0.01025	0.01349	0.00864	0.00486	0.00540	0.00162	0.00648	0.00486	0.00270	0.00864
10	0.01470	0.17739	0.15232	0.03635	0.32833	0.05572	0.01449	0.10622	0.01379	0.03658	0.01014	0.01210	0.00809	0.00517	0.00496	0.00154	0.00671	0.00427	0.00299	0.00813
11	0.00664	0.00474	0.00633	0.00759	0.00791	0.00443	0.00506	0.00759	0.01044	0.01392	0.03005	0.80485	0.03606	0.01708	0.00696	0.00221	0.00316	0.01550	0.00506	0.00443
12	0.32446	0.30805	0.21702	0.01014	0.01521	0.01576	0.01087	0.01646	0.01052	0.01833	0.00816	0.00951	0.00656	0.00495	0.00389	0.00151	0.00581	0.00322	0.00271	0.00687
13	0.00796	0.00541	0.00639	0.00642	0.00673	0.00534	0.00404	0.00858	0.00951	0.01286	0.14072	0.03855	0.02588	0.61582	0.02268	0.00448	0.00482	0.06620	0.00388	0.00374
14	0.01987	0.01431	0.01536	0.01188	0.01596	0.01575	0.00976	0.68016	0.02419	0.04701	0.01363	0.01407	0.00985	0.02095	0.00575	0.00168	0.00573	0.00498	0.06021	0.00889
15	0.01797	0.01390	0.01481	0.01199	0.01586	0.01562	0.00970	0.47652	0.30982	0.02992	0.01659	0.01588	0.01211	0.00687	0.00549	0.00172	0.00535	0.00539	0.00549	0.00902
16	0.01642	0.01506	0.01640	0.01360	0.01564	0.11777	0.01114	0.30005	0.01593	0.02132	0.00960	0.01210	0.00795	0.00787	0.01141	0.00197	0.39020	0.00466	0.00362	0.00728
17	0.01256	0.01190	0.02081	0.28799	0.37736	0.01282	0.10246	0.01596	0.01184	0.03740	0.01031	0.01405	0.00819	0.00532	0.00618	0.00175	0.04784	0.00505	0.00271	0.00749
18	0.01268	0.01189	0.01981	0.30449	0.47729	0.01283	0.01588	0.04898	0.01247	0.01717	0.01018	0.01385	0.00818	0.00515	0.00542	0.00169	0.00674	0.00486	0.00272	0.00774
19	0.01349	0.01255	0.02070	0.03029	0.67384	0.01261	0.01551	0.05941	0.01341	0.01907	0.06641	0.01547	0.01182	0.00542	0.00548	0.00163	0.00616	0.00523	0.00310	0.00842
20	0.01030	0.00969	0.01635	0.79530	0.03755	0.01211	0.01514	0.01393	0.01090	0.01393	0.00969	0.01453	0.00727	0.00545	0.00545	0.00182	0.00727	0.00484	0.00242	0.00606
21	0.01189	0.00940	0.01589	0.01271	0.01508	0.00950	0.22288	0.03990	0.01129	0.09705	0.01598	0.06004	0.01533	0.25502	0.07541	0.00351	0.06998	0.04963	0.00367	0.00582
22	0.01217	0.01160	0.01974	0.34885	0.46935	0.01261	0.01607	0.01557	0.01179	0.01620	0.01002	0.01392	0.00807	0.00510	0.00542	0.00170	0.00680	0.00485	0.00258	0.00757
23	0.01032	0.01695	0.31197	0.01537	0.02040	0.01058	0.24076	0.01459	0.01191	0.01664	0.03524	0.16914	0.04957	0.00829	0.00611	0.00190	0.00695	0.04323	0.00331	0.00677
24	0.01113	0.00723	0.01107	0.06786	0.01388	0.00701	0.06708	0.01342	0.01266	0.13992	0.08907	0.23672	0.02779	0.01235	0.00672	0.00213	0.00477	0.25835	0.00503	0.00583
25	0.01424	0.01466	0.02110	0.08133	0.59318	0.12370	0.03892	0.01729	0.01276	0.01690	0.00998	0.01308	0.00830	0.00500	0.00536	0.00161	0.00710	0.00471	0.00270	0.00809
26	0.01349	0.01295	0.02213	0.03346	0.77440	0.01295	0.01673	0.01673	0.01241	0.01781	0.01025	0.01349	0.00864	0.00486	0.00540	0.00162	0.00648	0.00486	0.00270	0.00864
27	0.01180	0.01107	0.01889	0.02659	0.54542	0.01094	0.05696	0.01456	0.01196	0.01685	0.01509	0.20503	0.01525	0.00780	0.00584	0.00178	0.00583	0.00752	0.00327	0.00754
28	0.01329	0.00695	0.00834	0.00727	0.00997	0.00595	0.00578	0.01501	0.01368	0.30035	0.05729	0.03985	0.44665	0.01115	0.00612	0.00180	0.00354	0.03490	0.00571	0.00638
29	0.01363	0.01295	0.02242	0.02744	0.49662	0.01301	0.15635	0.08903	0.01351	0.01896	0.01103	0.01431	0.00903	0.00783	0.06766	0.00223	0.00759	0.00524	0.00300	0.00815
30	0.01250	0.01212	0.02116	0.25832	0.50132	0.01277	0.07053	0.01596	0.01200	0.01664	0.01014	0.01389	0.00820	0.00501	0.00549	0.00169	0.00691	0.00497	0.00262	0.00778
31	0.80993	0.01049	0.00822	0.00728	0.01069	0.01204	0.00600	0.01650	0.00956	0.05835	0.00822	0.00929	0.00625	0.00514	0.00347	0.00169	0.00424	0.00307	0.00353	0.00606
32	0.01073	0.00888	0.01106	0.01244	0.11169	0.00946	0.00812	0.05033	0.28610	0.01885	0.04762	0.33980	0.03979	0.01122	0.00614	0.00195	0.00412	0.00996	0.00497	0.00676
33	0.00768	0.00552	0.00732	0.00742	0.00801	0.00592	0.00519	0.00877	0.00876	0.01206	0.01887	0.09328	0.05512	0.33278	0.39198	0.00654	0.00949	0.00772	0.00335	0.00422
34	0.01458	0.81168	0.02857	0.00933	0.01399	0.02157	0.00933	0.01632	0.01108	0.01283	0.00758	0.00875	0.00700	0.00466	0.00350	0.00117	0.00583	0.00292	0.00233	0.00700
35	0.01392	0.03758	0.20066	0.01209	0.01736	0.01128	0.06972	0.06649	0.14294	0.10616	0.01348	0.01405	0.00995	0.00543	0.00500	0.00145	0.00571	0.00454	0.00389	0.25831
36	0.01591	0.01693	0.05067	0.01372	0.01729	0.25398	0.12679	0.04057	0.27496	0.05786	0.03605	0.01608	0.01242	0.00632	0.00543	0.00167	0.00692	0.00528	0.03365	0.00751
37	0.00826	0.00670	0.00774	0.03502	0.00991	0.00659	0.00571	0.01251	0.14336	0.01845	0.28848	0.09693	0.31635	0.01174	0.00629	0.00183	0.00315	0.01008	0.00537	0.00552
38	0.01318	0.51207	0.31599	0.01170	0.01766	0.01816	0.01346	0.01668	0.01124	0.01452	0.00842	0.00980	0.00696	0.00486	0.00414	0.00138	0.00668	0.00334	0.00232	0.00740
39	0.01752	0.41599	0.02208	0.01154	0.01544	0.32444	0.00992	0.09661	0.01435	0.01530	0.00850	0.00963	0.00725	0.00524	0.00427	0.00131	0.00743	0.00336	0.00285	0.00697
40	0.01463	0.01569	0.01292	0.01038	0.01438	0.29234	0.00805	0.01666	0.01276	0.01606	0.00918	0.01078	0.00767	0.00472	0.00462	0.00106	0.02125	0.00336	0.00306	0.52042
41	0.00790	0.00539	0.00650	0.00650	0.00669	0.00559	0.00400	0.00828	0.00809	0.01098	0.01667	0.03287	0.01860	0.65721	0.17727	0.00597	0.00712	0.00752	0.00323	0.00361
42	0.01233	0.32953	0.49109	0.01315	0.01990	0.01609	0.01598	0.01690	0.01134	0.01556	0.00894	0.01045	0.00694	0.00498	0.00453	0.00151	0.00720	0.00360	0.00231	0.00765
43	0.01087	0.00715	0.00886	0.00886	0.01033	0.00714	0.00657	0.12508	0.04006	0.08863	0.02629	0.52404	0.02880	0.01400	0.00659	0.00209	0.00392	0.06962	0.00529	0.00582
44	0.00793	0.00529	0.00595	0.00595	0.00595	0.00529	0.00330	0.00793	0.00793	0.01057	0.01718	0.03568	0.01982	0.80840	0.02775	0.00529	0.00529	0.00793	0.00330	0.00330
45	0.00705	0.00512	0.00669	0.00748	0.00821	0.00476	0.00533	0.00853	0.01188	0.01595	0.19618	0.51222	0.09715	0.01533	0.00685	0.00210	0.00316	0.07609	0.00527	0.00465
46	0.01620	0.01419	0.01747	0.17256	0.23302	0.09458	0.01291	0.24971	0.07199	0.04602	0.01207	0.01385	0.00914	0.00583	0.00539	0.00166	0.00662	0.00485	0.00386	0.00811
47	0.01885	0.01858	0.01503	0.01278	0.01623	0.31556	0.01001	0.29448	0.20045	0.02339	0.01348	0.01358	0.01018	0.00639	0.00527	0.00160	0.00708	0.00467	0.00445	0.00797
48	0.01937	0.01072	0.01272	0.01049	0.01421	0.01101	0.00843	0.07022	0.35116	0.39693	0.02132	0.01904	0.01466	0.00703	0.00551	0.00176	0.00457	0.00575	0.00614	0.00899
49	0.01601	0.31214	0.14394	0.01307	0.01754	0.31733	0.06136	0.01855	0.01293	0.01405	0.00862	0.01024	0.00720	0.00576	0.01855	0.00153	0.00813	0.00361	0.00255	0.00689
50	0.00655	0.00553	0.00567	0.00564	0.00743	0.00465	0.00423	0.00803	0.01268	0.01533	0.11588	0.05147	0.71115	0.01358	0.00644	0.00183	0.00275	0.01137	0.00514	0.00465
51	0.01080	0.01030	0.01664	0.70735	0.08789	0.02813	0.01500	0.01465	0.02918	0.01440	0.01000	0.01450	0.00758	0.00546	0.00544	0.00180	0.00719	0.00485	0.00252	0.00630
52	0.00784	0.00564	0.00773	0.00773	0.00835	0.00625	0.00553	0.00907	0.00846	0.01189	0.01555	0.02664	0.01590	0.32210	0.50868	0.00749	0.01119	0.00661	0.00306	0.00429
53	0.00971	0.00516	0.00540	0.00534	0.00663	0.00507	0.00400	0.01222	0.01201	0.02036	0.12190	0.02412	0.04291	0.00724	0.00425	0.00135	0.00255	0.00594	0.69876	0.00507
54	0.00807	0.00597	0.00802	0.00792	0.00840	0.00674	0.00563	0.00912	0.00847	0.01188	0.01586	0.06189	0.01676	0.35430	0.38720	0.00661	0.06270	0.00706	0.00314	0.00428
55	0.00779	0.00584	0.00876	0.00876	0.00974	0.00681	0.00681	0.00974	0.00876	0.01266	0.01460	0.02142	0.01363	0.04089	0.78680	0.00876	0.01460	0.00584	0.00292	0.00487
56	0.01493	0.01431	0.01997	0.10032	0.54352	0.12592	0.01509	0.01787	0.01293	0.06767	0.01069	0.01339	0.00860	0.00515	0.00534	0.00161	0.00692	0.00470	0.00296	0.00810
57	0.01251	0.36633	0.45579	0.01286	0.01945	0.01651	0.01548	0.01686	0.01132	0.01535	0.00883	0.01032	0.00695	0.00496	0.00445	0.00148	0.00710	0.00355	0.00232	0.00760
58	0.01725	0.01354	0.01440	0.01184	0.01558	0.01528	0.00952	0.40344	0.38407	0.02875	0.01750	0.01661	0.01285	0.00696	0.00550	0.00174	0.00518	0.00552	0.00550	0.00896
59	0.01330	0.01364	0.02506	0.02345	0.23506	0.01436	0.34213	0.05942	0.01251	0.01761	0.01009	0.01367	0.00819	0.00586	0.00857	0.00188	0.17932	0.00554	0.00282	0.00753
60	0.01509	0.01460	0.02179	0.04330	0.37841	0.09435	0.16339	0.08898	0.06309	0.04597	0.01165	0.01397	0.00911	0.00529	0.00558	0.00166	0.00714	0.00515	0.00331	0.00816
61	0.00715	0.00555	0.00650	0.00626	0.00780	0.00490	0.00470	0.00919	0.01409	0.01867	0.45091	0.04598	0.37404	0.01234	0.00644	0.00177	0.00266	0.01060	0.00558	0.00490
62	0.00664	0.00474	0.00633	0.00759	0.00791	0.00443	0.00506	0.00759	0.01044	0.01392	0.03005	0.80485	0.03606	0.01708	0.00696	0.00221	0.00316	0.01550	0.00506	0.00443
63	0.84691	0.01054	0.00801	0.00717	0.01054	0.01223	0.00590	0.01603	0.00928	0.02446	0.00759	0.00886	0.00590	0.00506	0.00337	0.00169	0.00422	0.00295	0.00337	0.00590
64	0.01327	0.01269	0.02169	0.12573	0.29999	0.02621	0.21624	0.07540	0.04514	0.01878	0.01200	0.01566	0.00957	0.00544	0.00563	0.00171	0.00696	0.02126	0.05901	0.00764
65	0.01356	0.01171	0.01233	0.01109	0.01418	0.01356	0.00863	0.02897	0.76455	0.02281	0.02219	0.02034	0.01664	0.00740	0.00555	0.00185	0.00431	0.00616	0.00555	0.00863
66	0.00811	0.00580	0.00744	0.00737	0.00794	0.00628	0.00505	0.00965	0.04094	0.01222	0.03299	0.02912	0.01778	0.43310	0.34603	0.00652	0.00911	0.00702	0.00330	0.00423
67	0.38697	0.01353	0.01247	0.01018	0.01398	0.04932	0.00833	0.36910	0.04405	0.02861	0.01076	0.01132	0.00794	0.00587	0.00451	0.00166	0.00532	0.00402	0.00442	0.00762
68	0.00784	0.00579	0.00740	0.00811	0.00930	0.00550	0.00653	0.00972	0.01219	0.01575	0.10362	0.13829	0.20294	0.07763	0.00872	0.00247	0.00409	0.36440	0.00499	0.00473
69	0.00936	0.00500	0.00537	0.00566	0.00671	0.00493	0.00410	0.01153	0.01120	0.01886	0.02060	0.20030	0.01904	0.00881	0.00453	0.00149	0.00268	0.00747	0.64743	0.00493
70	0.00724	0.00555	0.00663	0.00636	0.00786	0.00494	0.00477	0.00938	0.01432	0.01922	0.50640	0.04507	0.31820	0.01213	0.00643	0.00176	0.00264	0.01047	0.00565	0.00494
71	0.00673	0.00481	0.00643	0.00770	0.00805	0.00451	0.00522	0.00775	0.01053	0.01402	0.03000	0.77328	0.03586	0.01699	0.00698	0.00223	0.00324	0.04616	0.00506	0.00445
72	0.01287	0.01471	0.03217	0.02298	0.02849	0.01379	0.75460	0.01746	0.01287	0.01746	0.01103	0.01471	0.00827	0.00460	0.00643	0.00184	0.00919	0.00643	0.00276	0.00735
73	0.01458	0.81168	0.02857	0.00933	0.01399	0.02157	0.00933	0.01632	0.01108	0.01283	0.00758	0.00875	0.00700	0.00466	0.00350	0.00117	0.00583	0.00292	0.00233	0.00700
74	0.00784	0.00527	0.00606	0.00614	0.00620	0.00528	0.00353	0.00796	0.00812	0.01086	0.01796	0.08670	0.02071	0.73134	0.05020	0.00519	0.00544	0.00837	0.00341	0.00343
75	0.07064	0.02205	0.43473	0.01383	0.02015	0.01427	0.01543	0.30138	0.01679	0.02432	0.01091	0.01194	0.00775	0.00570	0.00516	0.00169	0.00701	0.00429	0.00359	0.00838
76	0.07318	0.00819	0.01104	0.00930	0.01219	0.00807	0.00753	0.01947	0.01254	0.43333	0.01774	0.01878	0.01288	0.01901	0.28727	0.00425	0.02737	0.00543	0.00504	0.00738
77	0.00654	0.00515	0.00591	0.00651	0.00762	0.00452	0.00458	0.00771	0.01148	0.01434	0.04322	0.41120	0.42120	0.01537	0.00669	0.00202	0.00295	0.01341	0.00506	0.00452
78	0.01404	0.01195	0.01260	0.01119	0.01436	0.01378	0.00875	0.07763	0.71510	0.02358	0.02158	0.01986	0.01615	0.00734	0.00554	0.00183	0.00443	0.00608	0.00554	0.00867
79	0.01219	0.00966	0.01140	0.00818	0.01299	0.00732	0.00656	0.01459	0.01159	0.06865	0.01048	0.01179	0.00844	0.00422	0.00413	0.00087	0.00408	0.00338	0.00347	0.78603
80	0.02037	0.02598	0.01545	0.01404	0.01685	0.78652	0.01053	0.02177	0.01545	0.01334	0.00843	0.00983	0.00702	0.00562	0.00492	0.00140	0.00983	0.00351	0.00281	0.00632
81	0.00680	0.00554	0.00602	0.00590	0.00759	0.00476	0.00443	0.00852	0.01328	0.01675	0.25831	0.04914	0.56784	0.01305	0.00644	0.00181	0.00271	0.01104	0.00533	0.00476
82	0.00674	0.00481	0.00644	0.00770	0.00806	0.00451	0.00523	0.00776	0.01053	0.01402	0.02999	0.77142	0.03585	0.01699	0.00698	0.00223	0.00325	0.04797	0.00506	0.00445
83	0.01016	0.00508	0.00508	0.00508	0.00635	0.00508	0.00381	0.01270	0.01143	0.02033	0.01778	0.02033	0.01397	0.00635	0.00381	0.00127	0.00254	0.00508	0.83867	0.00508
84	0.01045	0.00998	0.01727	0.75023	0.03702	0.01221	0.05829	0.01414	0.01102	0.01414	0.00977	0.01454	0.00733	0.00540	0.00551	0.00182	0.00738	0.00494	0.00244	0.00613
85	0.01298	0.00900	0.00956	0.00869	0.01115	0.00993	0.00673	0.02255	0.42478	0.07240	0.02045	0.02022	0.01541	0.00695	0.00488	0.00162	0.00365	0.00570	0.32605	0.00731
86	0.00685	0.00548	0.00612	0.00609	0.00764	0.00475	0.00452	0.00856	0.01318	0.01684	0.27129	0.10828	0.49467	0.01326	0.00648	0.00183	0.00274	0.01132	0.00535	0.00475
87	0.01093	0.02820	0.78016	0.01554	0.02360	0.01266	0.02014	0.01727	0.01151	0.01727	0.00978	0.01151	0.00691	0.00518	0.00518	0.00173	0.00806	0.00403	0.00230	0.00806
88	0.01356	0.01171	0.01233	0.01109	0.01418	0.01356	0.00863	0.02897	0.76455	0.02281	0.02219	0.02034	0.01664	0.00740	0.00555	0.00185	0.00431	0.00616	0.00555	0.00863
89	0.00772	0.00557	0.00729	0.00686	0.00814	0.00514	0.00514	0.01029	0.01543	0.02186	0.77152	0.04072	0.05144	0.01115	0.00643	0.00171	0.00257	0.00986	0.00600	0.00514
90	0.01227	0.01199	0.10552	0.01378	0.07410	0.00957	0.17502	0.06919	0.01384	0.11308	0.04240	0.02891	0.28947	0.00859	0.00602	0.00177	0.00557	0.00772	0.00430	0.00687
91	0.84691	0.01054	0.00801	0.00717	0.01054	0.01223	0.00590	0.01603	0.00928	0.02446	0.00759	0.00886	0.00590	0.00506	0.00337	0.00169	0.00422	0.00295	0.00337	0.00590
92	0.84691	0.01054	0.00801	0.00717	0.01054	0.01223	0.00590	0.01603	0.00928	0.02446	0.00759	0.00886	0.00590	0.00506	0.00337	0.00169	0.00422	0.00295	0.00337	0.00590
93	0.84691	0.01054	0.00801	0.00717	0.01054	0.01223	0.00590	0.01603	0.00928	0.02446	0.00759	0.00886	0.00590	0.00506	0.00337	0.00169	0.00422	0.00295	0.00337	0.00590
94	0.00680	0.00537	0.00616	0.00647	0.00781	0.00472	0.00475	0.00832	0.01240	0.01572	0.16041	0.24104	0.43768	0.01427	0.00662	0.00195	0.00294	0.04668	0.00521	0.00466
95	0.00664	0.00553	0.00580	0.00573	0.00749	0.00469	0.00430	0.00821	0.01289	0.01584	0.16660	0.05064	0.66012	0.01339	0.00644	0.00182	0.00273	0.01125	0.00521	0.00469
96	0.00800	0.00517	0.00560	0.00587	0.00706	0.00479	0.00421	0.00969	0.01148	0.01666	0.05291	0.20548	0.26896	0.04833	0.00655	0.00186	0.00288	0.00975	0.32005	0.00470
97	0.00714	0.00517	0.00596	0.00637	0.00693	0.00484	0.00408	0.00779	0.00986	0.01268	0.03080	0.28674	0.21272	0.35619	0.01576	0.00344	0.00397	0.01125	0.00431	0.00399
98	0.00715	0.00526	0.00677	0.00785	0.00837	0.00510	0.00532	0.00916	0.06590	0.01457	0.02947	0.74715	0.03463	0.01637	0.00685	0.00219	0.00325	0.01481	0.00510	0.00474
99	0.00669	0.00499	0.00625	0.00722	0.00793	0.00455	0.00501	0.00781	0.01099	0.01421	0.03584	0.59794	0.20678	0.01623	0.00686	0.00214	0.00315	0.04586	0.00506	0.00449
100	0.01469	0.05269	0.01903	0.21891	0.02349	0.29242	0.13697	0.01720	0.01256	0.01417	0.01011	0.01316	0.02579	0.00611	0.00712	0.00172	0.12014	0.00470	0.00267	0.00636
101	0.01474	0.01301	0.01813	0.02075	0.30799	0.01393	0.06196	0.15049	0.29594	0.02254	0.01526	0.01606	0.01172	0.00608	0.00553	0.00172	0.00577	0.00546	0.00425	0.00866
102	0.00849	0.00685	0.01085	0.01026	0.01171	0.00657	0.11530	0.01043	0.01141	0.01509	0.05818	0.26062	0.06175	0.13514	0.01020	0.00269	0.00493	0.25011	0.00448	0.00492
103	0.01691	0.18584	0.20632	0.01309	0.01836	0.07638	0.06208	0.22951	0.01632	0.10761	0.01158	0.01226	0.00845	0.00564	0.00500	0.00156	0.00683	0.00433	0.00379	0.00814
104	0.01675	0.11994	0.21535	0.01357	0.01897	0.01613	0.06251	0.40718	0.03482	0.02585	0.01159	0.01239	0.00846	0.00584	0.00520	0.00162	0.00669	0.00456	0.00407	0.00853
105	0.00676	0.00483	0.00643	0.00751	0.00793	0.00451	0.00507	0.00789	0.01098	0.01478	0.11093	0.72149	0.03774	0.01643	0.00690	0.00216	0.00310	0.01488	0.00516	0.00451
106	0.01328	0.01588	0.11053	0.09886	0.36635	0.07449	0.20689	0.01712	0.01253	0.01694	0.01020	0.01339	0.00809	0.00494	0.00561	0.00169	0.00770	0.00506	0.00265	0.00781
107	0.01572	0.33011	0.02607	0.01490	0.01947	0.15829	0.24886	0.09413	0.01395	0.01663	0.00941	0.01131	0.00765	0.00501	0.00490	0.00147	0.00766	0.00436	0.00288	0.00722
108	0.00658	0.00498	0.00608	0.00696	0.00774	0.00448	0.00478	0.00766	0.01105	0.01416	0.03774	0.57487	0.26107	0.01608	0.00680	0.00210	0.00304	0.01428	0.00506	0.00448
109	0.00807	0.00625	0.00929	0.00913	0.01004	0.00748	0.00716	0.00996	0.00873	0.01269	0.01410	0.02078	0.01320	0.03879	0.73535	0.00834	0.06705	0.00577	0.00288	0.00494
110	0.04674	0.10869	0.13380	0.06611	0.03360	0.45666	0.01213	0.05269	0.01425	0.01535	0.00884	0.01047	0.00711	0.00544	0.00482	0.00148	0.00852	0.00368	0.00279	0.00680
111	0.00750	0.00587	0.00691	0.00751	0.00859	0.00568	0.00529	0.01047	0.11042	0.01530	0.03558	0.50504	0.22559	0.01495	0.00664	0.00207	0.00321	0.01323	0.00513	0.00503
112	0.01590	0.01128	0.01246	0.01060	0.01387	0.01237	0.00840	0.16268	0.42710	0.13618	0.08226	0.02041	0.01758	0.00741	0.00553	0.00175	0.00447	0.00610	0.03521	0.00843
113	0.00790	0.00562	0.00765	0.00882	0.00963	0.00550	0.00699	0.00965	0.01143	0.01501	0.02854	0.34566	0.03240	0.06892	0.00866	0.00258	0.00432	0.41111	0.00492	0.00468
114	0.01647	0.50889	0.02349	0.01109	0.01498	0.28236	0.00979	0.01835	0.02695	0.01320	0.00814	0.00942	0.00719	0.00516	0.00437	0.00129	0.02631	0.00323	0.00256	0.00677
115	0.01011	0.00601	0.00739	0.00698	0.00842	0.00586	0.00513	0.01156	0.01074	0.11971	0.02643	0.03176	0.19918	0.20492	0.21168	0.00433	0.00663	0.00756	0.11053	0.00508
116	0.01199	0.01211	0.01773	0.01489	0.01526	0.01650	0.06162	0.01341	0.00865	0.01341	0.00742	0.01211	0.00723	0.00921	0.01712	0.00235	0.74561	0.00488	0.00241	0.00606
117	0.17139	0.01256	0.06054	0.01911	0.30644	0.01206	0.01198	0.08579	0.01339	0.17433	0.01275	0.03829	0.00986	0.00605	0.00564	0.00171	0.04124	0.00492	0.00393	0.00803
118	0.01253	0.01197	0.02040	0.26194	0.55342	0.01270	0.01625	0.01589	0.01196	0.01665	0.01009	0.01381	0.00823	0.00504	0.00541	0.00168	0.00671	0.00485	0.00262	0.00786
119	0.00747	0.00538	0.00736	0.00775	0.00829	0.00573	0.00546	0.00866	0.00908	0.01256	0.01993	0.26439	0.02193	0.21253	0.37130	0.00595	0.00893	0.00928	0.00366	0.00437
120	0.01284	0.01150	0.01375	0.06794	0.20300	0.07583	0.01021	0.05203	0.22413	0.01973	0.07788	0.02138	0.05973	0.00716	0.00541	0.00168	0.00516	0.02099	0.10235	0.00729
121	0.03841	0.01109	0.03618	0.01219	0.02936	0.01108	0.08994	0.16359	0.15365	0.07281	0.01908	0.02772	0.01661	0.00848	0.00587	0.00187	0.00539	0.19370	0.06615	0.03684
122	0.01631	0.01944	0.12130	0.06553	0.01794	0.32903	0.01169	0.09818	0.04081	0.05078	0.01079	0.01314	0.00868	0.02788	0.06145	0.00224	0.09029	0.00440	0.00325	0.00687

[dist]
# distance from previous block
# <min> <max>
2	23

[block]
# block no. 2 follows, 44 sequences, length 46
# corresponding to MSA columns:
# 555-573,577-603
name=unknown_C
#
# <colnr> <probs for GDERKNQSTAVLIFYWHMCP>
#	G	D	E	R	K	N	Q	S	T	A	V	L	I	F	Y	W	H	M	C	P
0	0.12998	0.09620	0.01338	0.00966	0.01284	0.09909	0.00794	0.22729	0.01584	0.08883	0.01289	0.01387	0.00975	0.00612	0.00495	0.00151	0.03323	0.00436	0.20515	0.00712
1	0.01572	0.01723	0.05895	0.01898	0.17049	0.20005	0.14696	0.10874	0.13837	0.01926	0.01211	0.01374	0.00942	0.00582	0.00601	0.00168	0.04021	0.00499	0.00350	0.00778
2	0.00852	0.00572	0.00701	0.00665	0.00821	0.00514	0.00500	0.01066	0.01416	0.06779	0.45668	0.08783	0.22939	0.01165	0.00627	0.00175	0.00279	0.01009	0.04948	0.00522
3	0.01056	0.01338	0.17784	0.01447	0.08883	0.01065	0.09477	0.05846	0.01165	0.01632	0.01751	0.02064	0.11352	0.01708	0.23308	0.00384	0.08168	0.00604	0.00315	0.00652
4	0.01616	0.01628	0.01367	0.01095	0.01501	0.27412	0.00858	0.15652	0.01542	0.01939	0.00990	0.01114	0.00794	0.00505	0.00460	0.00117	0.00638	0.00364	0.00351	0.40057
5	0.01372	0.01523	0.01604	0.52959	0.03051	0.27549	0.01357	0.01660	0.01245	0.01373	0.00926	0.01294	0.00718	0.00551	0.00527	0.00168	0.00814	0.00439	0.00255	0.00615
6	0.00787	0.00550	0.00702	0.00702	0.00739	0.00587	0.00464	0.00862	0.00825	0.01137	0.01620	0.03024	0.01746	0.51561	0.31731	0.00661	0.00884	0.00713	0.00316	0.00390
7	0.01011	0.00958	0.00847	0.00789	0.00995	0.12766	0.00601	0.05714	0.04551	0.01771	0.20788	0.03956	0.39698	0.01123	0.00612	0.00174	0.00412	0.02190	0.00497	0.00545
8	0.01155	0.01433	0.16693	0.12159	0.11867	0.01220	0.05838	0.01642	0.09755	0.01663	0.01132	0.01420	0.00911	0.00868	0.06839	0.00227	0.12324	0.00478	0.00296	0.12081
9	0.01030	0.00969	0.01635	0.79530	0.03755	0.01211	0.01514	0.01393	0.01090	0.01393	0.00969	0.01453	0.00727	0.00545	0.00545	0.00182	0.00727	0.00484	0.00242	0.00606
10	0.00789	0.00530	0.00612	0.00627	0.00635	0.00528	0.00371	0.00808	0.00833	0.01109	0.01863	0.08700	0.02148	0.71534	0.02534	0.00494	0.00513	0.04674	0.00351	0.00347
11	0.00720	0.00534	0.00602	0.00612	0.00701	0.00491	0.00408	0.00817	0.01089	0.01403	0.13467	0.13984	0.29897	0.31220	0.01451	0.00316	0.00373	0.01045	0.00453	0.00417
12	0.00709	0.00529	0.00746	0.06956	0.01049	0.00537	0.00610	0.00839	0.01023	0.01374	0.02625	0.63096	0.03060	0.01957	0.11821	0.00312	0.00512	0.01328	0.00455	0.00462
13	0.02072	0.01527	0.01636	0.01254	0.01691	0.01691	0.01036	0.75622	0.02563	0.03436	0.01309	0.01309	0.00927	0.00654	0.00545	0.00164	0.00600	0.00491	0.00545	0.00927
14	0.00673	0.00478	0.00630	0.00748	0.00778	0.00448	0.00495	0.00761	0.01027	0.01370	0.02921	0.75487	0.03500	0.06849	0.00831	0.00241	0.00330	0.01501	0.00495	0.00436
15	0.01897	0.01627	0.01387	0.01164	0.01493	0.27521	0.00915	0.24148	0.04501	0.15099	0.13071	0.01744	0.01601	0.00701	0.00543	0.00159	0.00648	0.00534	0.00486	0.00761
16	0.01493	0.08717	0.04305	0.13035	0.09384	0.03837	0.06036	0.19427	0.23928	0.02199	0.01413	0.01506	0.01069	0.00610	0.00533	0.00169	0.00611	0.00511	0.00412	0.00808
17	0.03888	0.00774	0.00748	0.00675	0.00872	0.04780	0.00524	0.09188	0.01338	0.08055	0.01678	0.01853	0.01283	0.00632	0.00416	0.00136	0.00350	0.00495	0.61722	0.00594
18	0.03480	0.01357	0.06978	0.27895	0.22109	0.07145	0.03179	0.07772	0.01299	0.02958	0.01038	0.01341	0.00808	0.00538	0.00543	0.00164	0.02097	0.00460	0.02691	0.06149
19	0.01933	0.02432	0.01554	0.09401	0.01897	0.70725	0.01101	0.02097	0.01498	0.01340	0.00856	0.01031	0.00705	0.00560	0.00497	0.00145	0.00957	0.00365	0.00277	0.00629
20	0.01614	0.00778	0.00928	0.00797	0.01069	0.00754	0.00636	0.02042	0.12732	0.31795	0.02140	0.02189	0.03785	0.00716	0.00493	0.00158	0.00372	0.02834	0.33443	0.00725
21	0.00761	0.00562	0.00731	0.00824	0.00932	0.00532	0.00654	0.00942	0.01201	0.01554	0.07111	0.28960	0.17828	0.01525	0.00709	0.00225	0.00388	0.33576	0.00509	0.00476
22	0.00753	0.00550	0.00647	0.00637	0.00736	0.00511	0.00445	0.00893	0.01201	0.01602	0.30543	0.04285	0.21507	0.28313	0.01374	0.00300	0.00366	0.04418	0.00481	0.00438
23	0.00709	0.00547	0.00647	0.00639	0.00780	0.00485	0.00473	0.00901	0.01370	0.01816	0.40547	0.12370	0.34182	0.01283	0.00649	0.00182	0.00271	0.01110	0.00552	0.00485
24	0.01458	0.81168	0.02857	0.00933	0.01399	0.02157	0.00933	0.01632	0.01108	0.01283	0.00758	0.00875	0.00700	0.00466	0.00350	0.00117	0.00583	0.00292	0.00233	0.00700
25	0.01458	0.81168	0.02857	0.00933	0.01399	0.02157	0.00933	0.01632	0.01108	0.01283	0.00758	0.00875	0.00700	0.00466	0.00350	0.00117	0.00583	0.00292	0.00233	0.00700
26	0.01093	0.02820	0.78016	0.01554	0.02360	0.01266	0.02014	0.01727	0.01151	0.01727	0.00978	0.01151	0.00691	0.00518	0.00518	0.00173	0.00806	0.00403	0.00230	0.00806
27	0.00751	0.00536	0.00732	0.00858	0.00928	0.00518	0.00657	0.00909	0.01129	0.01489	0.02957	0.50373	0.03416	0.01626	0.00719	0.00233	0.00392	0.30805	0.00504	0.00467
28	0.02037	0.02598	0.01545	0.01404	0.01685	0.78652	0.01053	0.02177	0.01545	0.01334	0.00843	0.00983	0.00702	0.00562	0.00492	0.00140	0.00983	0.00351	0.00281	0.00632
29	0.00688	0.00554	0.00612	0.00598	0.00763	0.00479	0.00448	0.00866	0.01345	0.01715	0.29870	0.04848	0.52720	0.01290	0.00644	0.00180	0.00270	0.01095	0.00538	0.00479
30	0.00664	0.00474	0.00633	0.00759	0.00791	0.00443	0.00506	0.00759	0.01044	0.01392	0.03005	0.80485	0.03606	0.01708	0.00696	0.00221	0.00316	0.01550	0.00506	0.00443
31	0.01130	0.00969	0.01130	0.00807	0.01292	0.00727	0.00646	0.01373	0.01130	0.01776	0.00969	0.01130	0.00807	0.00404	0.00404	0.00081	0.00404	0.00323	0.00323	0.84173
32	0.00654	0.00514	0.00592	0.00655	0.00763	0.00452	0.00460	0.00771	0.01144	0.01433	0.04274	0.42554	0.40717	0.01543	0.00670	0.00203	0.00296	0.01349	0.00506	0.00452
33	0.01779	0.01745	0.01311	0.01152	0.01440	0.37276	0.00887	0.12124	0.11479	0.07838	0.05323	0.01538	0.01237	0.00646	0.00505	0.00151	0.00681	0.00475	0.11710	0.00703
34	0.10076	0.21020	0.09310	0.01729	0.22671	0.05617	0.01227	0.14924	0.03145	0.03967	0.01026	0.01169	0.00813	0.00531	0.00470	0.00152	0.00623	0.00409	0.00331	0.00791
35	0.16267	0.01500	0.01218	0.01095	0.01309	0.27462	0.00848	0.05546	0.01254	0.06283	0.01210	0.01869	0.01125	0.13194	0.01023	0.00231	0.11459	0.06162	0.00348	0.00596
36	0.12554	0.01029	0.01221	0.01081	0.03434	0.01171	0.00847	0.08652	0.08846	0.06408	0.01770	0.01919	0.11336	0.01083	0.07524	0.00241	0.20727	0.00558	0.00390	0.09209
37	0.05978	0.00745	0.01137	0.01038	0.01219	0.00713	0.12685	0.03673	0.01152	0.01623	0.02431	0.49704	0.04020	0.01308	0.00648	0.00204	0.00446	0.05910	0.00450	0.04917
38	0.01497	0.01589	0.08285	0.01476	0.06862	0.13762	0.05560	0.16685	0.12320	0.02028	0.05825	0.01533	0.01198	0.00810	0.03274	0.00202	0.15451	0.00518	0.00380	0.00743
39	0.09494	0.07121	0.05308	0.00853	0.02860	0.02683	0.00697	0.05019	0.01279	0.01758	0.11342	0.13654	0.28544	0.01115	0.00586	0.00182	0.00407	0.06086	0.00453	0.00557
40	0.01347	0.01209	0.05290	0.08677	0.34220	0.03510	0.01263	0.05562	0.06041	0.08309	0.05364	0.10511	0.01464	0.00703	0.00557	0.00169	0.00573	0.00631	0.00379	0.04221
41	0.01351	0.03231	0.01617	0.01837	0.29588	0.01147	0.01099	0.07219	0.14327	0.04313	0.04900	0.01537	0.01206	0.00554	0.00505	0.00143	0.00513	0.00484	0.00381	0.24047
42	0.01010	0.05909	0.09365	0.01330	0.15066	0.00913	0.00938	0.06819	0.02538	0.01709	0.06043	0.24908	0.15698	0.03140	0.00656	0.00193	0.00467	0.02254	0.00421	0.00622
43	0.01418	0.08814	0.01749	0.03814	0.24352	0.08565	0.02296	0.11098	0.11465	0.01962	0.07450	0.02946	0.02543	0.00645	0.00570	0.00160	0.03386	0.00534	0.00376	0.05856
44	0.06050	0.11925	0.01545	0.07332	0.08767	0.04993	0.03549	0.08166	0.10711	0.05275	0.14461	0.06641	0.01836	0.00725	0.00526	0.00161	0.00517	0.00608	0.00419	0.05795
45	0.07907	0.10250	0.07401	0.03272	0.12218	0.03755	0.02116	0.11239	0.02717	0.01967	0.09068	0.06633	0.01567	0.00731	0.00566	0.00164	0.03346	0.05303	0.00377	0.09403

[dist]
# distance from previous block
# <min> <max>
20	185

[block]
# block no. 3 follows, 44 sequences, length 29
# corresponding to MSA columns:
# 813-841
name=unknown_D
#
# <colnr> <probs for GDERKNQSTAVLIFYWHMCP>
#	G	D	E	R	K	N	Q	S	T	A	V	L	I	F	Y	W	H	M	C	P
0	0.01234	0.04112	0.01628	0.15735	0.14206	0.01164	0.06859	0.08344	0.12673	0.01859	0.01425	0.09615	0.01244	0.00761	0.02732	0.00182	0.00592	0.00596	0.00366	0.14673
1	0.07755	0.01392	0.08094	0.02381	0.01365	0.17527	0.00834	0.04439	0.01326	0.01790	0.11572	0.05498	0.10471	0.00735	0.00509	0.00144	0.00542	0.00583	0.00380	0.22662
2	0.00904	0.00572	0.00713	0.00709	0.00855	0.00510	0.00519	0.01067	0.01289	0.10962	0.22590	0.30672	0.23897	0.01340	0.00650	0.00192	0.00308	0.01173	0.00551	0.00525
3	0.26060	0.05295	0.01305	0.01468	0.19981	0.01125	0.00945	0.01615	0.10514	0.01954	0.01768	0.05527	0.06259	0.00804	0.00521	0.00184	0.00488	0.13130	0.00388	0.00668
4	0.04882	0.01434	0.01806	0.08371	0.40341	0.14521	0.01330	0.04249	0.01328	0.07625	0.01070	0.01294	0.00849	0.00517	0.00512	0.00153	0.00665	0.00445	0.00318	0.08289
5	0.00674	0.00490	0.00637	0.00734	0.00789	0.00452	0.00500	0.00791	0.01115	0.01485	0.11350	0.66059	0.09678	0.01617	0.00686	0.00213	0.00307	0.01456	0.00516	0.00452
6	0.01165	0.00846	0.00998	0.00896	0.01085	0.00890	0.00692	0.19499	0.01527	0.05529	0.13800	0.19516	0.15158	0.06252	0.00855	0.00213	0.06605	0.03365	0.00505	0.00606
7	0.01543	0.03837	0.08022	0.11467	0.12568	0.13543	0.01213	0.19304	0.15265	0.02142	0.04766	0.01515	0.01159	0.00622	0.00534	0.00166	0.00653	0.00500	0.00396	0.00784
8	0.00878	0.00828	0.00761	0.00809	0.00929	0.12302	0.00582	0.01001	0.01190	0.01420	0.03415	0.42122	0.24893	0.01427	0.00653	0.00200	0.00416	0.05223	0.00472	0.00480
9	0.01287	0.00677	0.00731	0.00660	0.00858	0.00687	0.00513	0.06373	0.07165	0.11471	0.01828	0.01964	0.01382	0.00649	0.00426	0.00139	0.00316	0.00520	0.61739	0.00615
10	0.00894	0.00570	0.00713	0.00709	0.00852	0.00509	0.00519	0.01060	0.01300	0.10346	0.25382	0.29941	0.22480	0.01333	0.00650	0.00191	0.00306	0.01168	0.00553	0.00524
11	0.01576	0.01296	0.01479	0.01433	0.10982	0.01452	0.01017	0.25178	0.44282	0.02575	0.01789	0.01725	0.01337	0.00682	0.00550	0.00175	0.00510	0.00561	0.00516	0.00883
12	0.00960	0.00801	0.01099	0.01191	0.11048	0.00872	0.00798	0.01176	0.03590	0.03299	0.08313	0.06879	0.17218	0.08866	0.15315	0.00346	0.14163	0.00764	0.00382	0.02918
13	0.11939	0.57758	0.02390	0.00967	0.01405	0.05504	0.00908	0.10762	0.01285	0.01695	0.00830	0.00934	0.00714	0.00499	0.00379	0.00130	0.00583	0.00319	0.00287	0.00711
14	0.01287	0.01471	0.03217	0.02298	0.02849	0.01379	0.75460	0.01746	0.01287	0.01746	0.01103	0.01471	0.00827	0.00460	0.00643	0.00184	0.00919	0.00643	0.00276	0.00735
15	0.07850	0.00679	0.00868	0.00830	0.01023	0.00630	0.00617	0.01493	0.01217	0.28366	0.02529	0.46604	0.02576	0.01251	0.00616	0.00199	0.00376	0.01099	0.00552	0.00625
16	0.01344	0.07348	0.16673	0.02460	0.35439	0.06907	0.18574	0.01733	0.01247	0.01696	0.01002	0.01280	0.00800	0.00490	0.00543	0.00164	0.00759	0.00483	0.00262	0.00795
17	0.01699	0.00862	0.01061	0.00876	0.01197	0.00806	0.00702	0.06248	0.10145	0.38882	0.12016	0.02860	0.18486	0.00890	0.00582	0.00174	0.00401	0.00739	0.00607	0.00767
18	0.00711	0.00511	0.00660	0.00711	0.00781	0.00475	0.00491	0.00858	0.01209	0.01649	0.29107	0.44245	0.07296	0.07661	0.00837	0.00226	0.00310	0.01275	0.00525	0.00460
19	0.00674	0.00517	0.00630	0.00689	0.00787	0.00473	0.00488	0.00805	0.01141	0.01473	0.09582	0.41475	0.29890	0.01730	0.06760	0.00255	0.00387	0.01288	0.00497	0.00458
20	0.01821	0.01479	0.01582	0.10318	0.12470	0.18085	0.01125	0.13921	0.07583	0.19293	0.01359	0.01436	0.00990	0.00628	0.00609	0.00168	0.05431	0.00481	0.00427	0.00793
