[name]
unknown

[dist]
# distance from previous block
# <min> <max>
0	21

[block]
# block no. 0 follows, 47 sequences, length 53
# corresponding to MSA columns:
# 21-73
name=unknown_A
#
# <colnr> <probs for GDERKNQSTAVLIFYWHMCP>
#	G	D	E	R	K	N	Q	S	T	A	V	L	I	F	Y	W	H	M	C	P
0	0.08117	0.01072	0.01080	0.00964	0.01231	0.08330	0.00766	0.08316	0.26202	0.11409	0.14709	0.02495	0.03316	0.00810	0.00543	0.00173	0.00455	0.08816	0.00503	0.00695
1	0.10129	0.04297	0.00906	0.08145	0.01163	0.00731	0.00647	0.01213	0.01217	0.10217	0.20818	0.03291	0.22733	0.01147	0.05406	0.00212	0.00433	0.06294	0.00457	0.00543
2	0.55408	0.00938	0.00877	0.00910	0.08169	0.01049	0.00630	0.04759	0.00984	0.02109	0.00977	0.01339	0.00845	0.11303	0.00662	0.00203	0.00431	0.00388	0.07458	0.00563
3	0.09733	0.03963	0.08388	0.02500	0.54359	0.01201	0.01409	0.01532	0.01111	0.01699	0.00980	0.01284	0.00824	0.00789	0.07872	0.00218	0.00680	0.00441	0.00262	0.00755
4	0.02041	0.01106	0.01338	0.01075	0.03263	0.01102	0.00858	0.26836	0.08874	0.41582	0.01721	0.01575	0.01151	0.00628	0.00517	0.00157	0.00485	0.00501	0.00569	0.04623
5	0.62480	0.01037	0.00885	0.00834	0.03628	0.04459	0.00643	0.04849	0.01011	0.04001	0.01012	0.01161	0.03366	0.00844	0.07761	0.00223	0.00529	0.00358	0.00336	0.00583
6	0.09953	0.01005	0.01239	0.00929	0.01345	0.00900	0.07081	0.11436	0.01296	0.07806	0.01451	0.01526	0.08036	0.00539	0.00448	0.00120	0.00447	0.00443	0.00376	0.43624
7	0.13633	0.01090	0.01306	0.01012	0.01413	0.04476	0.07149	0.07213	0.08443	0.26744	0.01400	0.01383	0.00990	0.00541	0.00467	0.00142	0.00489	0.00438	0.00449	0.21224
8	0.01954	0.01108	0.01463	0.01116	0.01529	0.01080	0.07891	0.21952	0.08123	0.39232	0.01667	0.01561	0.01121	0.00605	0.00521	0.00156	0.00511	0.00507	0.00541	0.07360
9	0.01325	0.67557	0.02396	0.00875	0.01266	0.01851	0.00832	0.01587	0.07502	0.01286	0.00928	0.01169	0.00861	0.08050	0.00567	0.00154	0.00540	0.00349	0.00257	0.00649
10	0.00733	0.00543	0.00744	0.00903	0.07300	0.00535	0.00549	0.00827	0.00935	0.01265	0.02248	0.46611	0.02613	0.22870	0.08546	0.00342	0.00484	0.01118	0.00401	0.00433
11	0.01012	0.00955	0.01613	0.73237	0.10573	0.01165	0.01460	0.01356	0.01055	0.01365	0.00931	0.01379	0.00706	0.00515	0.00520	0.00172	0.00687	0.00463	0.00234	0.00601
12	0.01045	0.00977	0.01561	0.33423	0.29997	0.01036	0.01268	0.01335	0.01119	0.01507	0.01618	0.01887	0.12741	0.00612	0.00522	0.00159	0.00574	0.00549	0.00286	0.07783
13	0.00770	0.00547	0.00628	0.00602	0.00665	0.00526	0.00374	0.00817	0.00831	0.01120	0.01900	0.03255	0.08877	0.61297	0.08223	0.00464	0.00541	0.00736	0.00328	0.07498
14	0.00828	0.00636	0.00879	0.01047	0.07539	0.00616	0.00797	0.01054	0.01212	0.01574	0.07713	0.05200	0.17292	0.01310	0.00676	0.00216	0.00436	0.50005	0.00467	0.00502
15	0.01122	0.12978	0.55125	0.01555	0.09168	0.01358	0.01690	0.01599	0.01076	0.01564	0.00889	0.01085	0.00678	0.00521	0.00578	0.00162	0.07498	0.00384	0.00224	0.00744
16	0.01260	0.01157	0.01883	0.02763	0.64658	0.01172	0.01418	0.01661	0.07639	0.01764	0.01143	0.01405	0.00937	0.00498	0.00503	0.00153	0.00566	0.00477	0.08151	0.00793
17	0.01019	0.00949	0.01612	0.58656	0.03036	0.01147	0.08646	0.01346	0.01044	0.01414	0.00990	0.01421	0.00762	0.00554	0.00616	0.00173	0.07447	0.00479	0.08107	0.00581
18	0.00746	0.00607	0.00954	0.01080	0.08173	0.00575	0.07028	0.00886	0.01034	0.01393	0.02540	0.67117	0.02975	0.01422	0.00647	0.00203	0.00380	0.01312	0.00444	0.00484
19	0.01217	0.33371	0.02201	0.01212	0.01591	0.01437	0.20769	0.07762	0.01208	0.01538	0.01477	0.06468	0.08190	0.00951	0.08206	0.00215	0.00682	0.00561	0.00305	0.00639
20	0.00692	0.00526	0.00636	0.00618	0.00753	0.00471	0.00460	0.00891	0.01352	0.01822	0.50070	0.09003	0.28447	0.01181	0.00618	0.00171	0.00255	0.01026	0.00539	0.00471
21	0.01032	0.00940	0.01319	0.01309	0.08742	0.01190	0.00955	0.01306	0.08231	0.01354	0.01120	0.01663	0.01050	0.08477	0.22118	0.00400	0.37421	0.00522	0.00281	0.00570
22	0.00634	0.00453	0.00604	0.00725	0.00755	0.00423	0.00483	0.00725	0.00997	0.01329	0.02870	0.81358	0.03444	0.01632	0.00665	0.00211	0.00302	0.01480	0.00483	0.00423
23	0.01929	0.02246	0.01482	0.01305	0.01602	0.62492	0.00997	0.15889	0.04287	0.01677	0.00933	0.01031	0.00742	0.00559	0.00481	0.00140	0.00853	0.00369	0.00324	0.00663
24	0.80259	0.01098	0.00809	0.00725	0.01044	0.05980	0.00591	0.01564	0.00922	0.02271	0.00730	0.00852	0.00571	0.00487	0.00331	0.00159	0.00436	0.00285	0.00319	0.00566
25	0.17314	0.01876	0.01392	0.01253	0.04219	0.41091	0.00946	0.19780	0.01567	0.01965	0.00899	0.01015	0.00708	0.00558	0.00498	0.00148	0.03398	0.00366	0.00337	0.00671
26	0.00983	0.00926	0.01562	0.80447	0.03587	0.01157	0.01446	0.01331	0.01041	0.01331	0.00926	0.01388	0.00694	0.00521	0.00521	0.00174	0.00694	0.00463	0.00231	0.00579
27	0.01097	0.01120	0.01982	0.16280	0.06866	0.01289	0.24649	0.01365	0.01021	0.01432	0.01079	0.09268	0.01002	0.00736	0.00971	0.00195	0.28155	0.00609	0.00267	0.00614
28	0.00686	0.00530	0.00626	0.00602	0.00747	0.00470	0.00451	0.00885	0.01354	0.01804	0.47788	0.04358	0.35478	0.01171	0.00615	0.00169	0.00253	0.01007	0.00536	0.00470
29	0.00725	0.00532	0.00680	0.00643	0.00771	0.00486	0.00482	0.00960	0.01446	0.02022	0.71064	0.03999	0.12066	0.01089	0.00614	0.00165	0.00247	0.00957	0.00565	0.00486
30	0.85377	0.01007	0.00765	0.00685	0.01007	0.01168	0.00564	0.01531	0.00886	0.02336	0.00725	0.00846	0.00564	0.00483	0.00322	0.00161	0.00403	0.00282	0.00322	0.00564
31	0.00873	0.00709	0.00905	0.00799	0.00971	0.03372	0.05198	0.05772	0.01477	0.02021	0.56726	0.06319	0.10772	0.01023	0.00605	0.00166	0.00333	0.00904	0.00529	0.00526
32	0.00657	0.00469	0.00630	0.00751	0.00791	0.00442	0.00523	0.00764	0.01019	0.01355	0.02858	0.73052	0.03395	0.01610	0.00671	0.00215	0.00322	0.09564	0.00483	0.00429
33	0.00983	0.00926	0.01562	0.80447	0.03587	0.01157	0.01446	0.01331	0.01041	0.01331	0.00926	0.01388	0.00694	0.00521	0.00521	0.00174	0.00694	0.00463	0.00231	0.00579
34	0.85377	0.01007	0.00765	0.00685	0.01007	0.01168	0.00564	0.01531	0.00886	0.02336	0.00725	0.00846	0.00564	0.00483	0.00322	0.00161	0.00403	0.00282	0.00322	0.00564
35	0.00744	0.00558	0.00837	0.00837	0.00930	0.00651	0.00651	0.00930	0.00837	0.01209	0.01395	0.02046	0.01302	0.03906	0.79635	0.00837	0.01395	0.00558	0.00279	0.00465
36	0.01392	0.82012	0.02729	0.00891	0.01337	0.02061	0.00891	0.01559	0.01058	0.01225	0.00724	0.00835	0.00668	0.00446	0.00334	0.00111	0.00557	0.00278	0.00223	0.00668
37	0.01348	0.01264	0.01188	0.01072	0.01353	0.11664	0.00828	0.02566	0.62730	0.02053	0.06610	0.01929	0.01671	0.00706	0.00527	0.00170	0.00472	0.00577	0.00498	0.00775
38	0.00757	0.00505	0.00568	0.00568	0.00568	0.00505	0.00316	0.00757	0.00757	0.01010	0.01641	0.03408	0.01893	0.81698	0.02651	0.00505	0.00505	0.00757	0.00316	0.00316
39	0.00839	0.00599	0.00839	0.00959	0.01079	0.00599	0.00839	0.01079	0.01199	0.01558	0.02757	0.05874	0.02997	0.01439	0.00719	0.00240	0.00480	0.74945	0.00480	0.00480
40	0.01945	0.02482	0.01476	0.01342	0.01610	0.79608	0.01006	0.02079	0.01476	0.01275	0.00805	0.00939	0.00671	0.00537	0.00470	0.00134	0.00939	0.00335	0.00268	0.00604
41	0.00643	0.00492	0.00590	0.00642	0.00740	0.00439	0.00452	0.00772	0.01139	0.01472	0.15119	0.41607	0.31156	0.01431	0.00639	0.00191	0.00280	0.01259	0.00497	0.00439
42	0.00737	0.00532	0.00696	0.00655	0.00778	0.00491	0.00491	0.00983	0.01474	0.02088	0.78175	0.03890	0.04914	0.01065	0.00614	0.00164	0.00246	0.00942	0.00573	0.00491
43	0.00634	0.00453	0.00604	0.00725	0.00755	0.00423	0.00483	0.00725	0.00997	0.01329	0.02870	0.81358	0.03444	0.01632	0.00665	0.00211	0.00302	0.01480	0.00483	0.00423
44	0.01320	0.65537	0.18571	0.01014	0.01527	0.01884	0.01106	0.01578	0.01067	0.01313	0.00768	0.00890	0.00667	0.00456	0.00368	0.00123	0.00601	0.00301	0.00222	0.00689
45	0.01945	0.02482	0.01476	0.01342	0.01610	0.79608	0.01006	0.02079	0.01476	0.01275	0.00805	0.00939	0.00671	0.00537	0.00470	0.00134	0.00939	0.00335	0.00268	0.00604
46	0.01674	0.00991	0.01147	0.00974	0.01299	0.01043	0.00774	0.02584	0.43748	0.31472	0.02069	0.01878	0.01459	0.00677	0.00517	0.00167	0.00414	0.00558	0.05730	0.00827
47	0.00754	0.00565	0.00708	0.00727	0.00838	0.00548	0.00534	0.01058	0.08693	0.01764	0.36155	0.30920	0.08357	0.01262	0.00629	0.00186	0.00295	0.04982	0.00527	0.00496
48	0.01057	0.02606	0.73845	0.01533	0.02286	0.01217	0.06991	0.01650	0.01108	0.01650	0.00943	0.01120	0.00669	0.00491	0.00503	0.00166	0.00777	0.00400	0.00223	0.00765
49	0.00668	0.00517	0.00609	0.00613	0.00742	0.00458	0.00449	0.00838	0.01270	0.01668	0.34225	0.17644	0.35887	0.01270	0.00623	0.00177	0.00263	0.01101	0.00520	0.00458
50	0.01173	0.01135	0.04258	0.15519	0.34291	0.04428	0.01240	0.06589	0.04000	0.01782	0.13628	0.06736	0.01647	0.00668	0.00540	0.00163	0.00560	0.00601	0.00345	0.00696
51	0.36966	0.11716	0.01603	0.01759	0.32811	0.01329	0.01046	0.04230	0.01087	0.01964	0.00848	0.01040	0.00696	0.00476	0.00410	0.00152	0.00517	0.00363	0.00290	0.00696
52	0.01336	0.25014	0.27785	0.10012	0.04683	0.12139	0.01342	0.06381	0.03892	0.01564	0.00918	0.01079	0.00720	0.00504	0.00452	0.00146	0.00693	0.00371	0.00260	0.00708

[dist]
# distance from previous block
# <min> <max>
0	10

[block]
# block no. 1 follows, 47 sequences, length 26
# corresponding to MSA columns:
# 84-109
name=unknown_B
#
# <colnr> <probs for GDERKNQSTAVLIFYWHMCP>
#	G	D	E	R	K	N	Q	S	T	A	V	L	I	F	Y	W	H	M	C	P
0	0.06746	0.06215	0.48412	0.01296	0.01882	0.01195	0.05003	0.01714	0.10930	0.01786	0.08776	0.01470	0.01204	0.00573	0.00497	0.00164	0.00641	0.00465	0.00304	0.00727
1	0.01300	0.01476	0.04674	0.09913	0.13558	0.10706	0.40429	0.01767	0.07725	0.01635	0.01087	0.01367	0.00836	0.00487	0.00563	0.00167	0.00786	0.00535	0.00281	0.00708
2	0.01065	0.01093	0.01119	0.12989	0.11144	0.16667	0.00856	0.01316	0.04049	0.01525	0.12812	0.02918	0.28659	0.00878	0.00556	0.00163	0.00512	0.00730	0.00388	0.00563
3	0.01284	0.27408	0.30868	0.04161	0.05247	0.07633	0.01316	0.05315	0.01183	0.01562	0.00874	0.01028	0.00694	0.00478	0.00434	0.00136	0.00658	0.00350	0.00250	0.09121
4	0.00644	0.00511	0.00583	0.00633	0.00757	0.00450	0.00468	0.00773	0.01128	0.01397	0.04260	0.29357	0.46963	0.01430	0.00641	0.00194	0.00297	0.08591	0.00483	0.00438
5	0.85377	0.01007	0.00765	0.00685	0.01007	0.01168	0.00564	0.01531	0.00886	0.02336	0.00725	0.00846	0.00564	0.00483	0.00322	0.00161	0.00403	0.00282	0.00322	0.00564
6	0.00876	0.00703	0.00795	0.00781	0.00956	0.00720	0.00608	0.01403	0.22195	0.01711	0.13806	0.04045	0.25473	0.07983	0.00786	0.00215	0.00365	0.15537	0.00494	0.00550
7	0.00855	0.00666	0.00793	0.00738	0.00904	0.00671	0.00560	0.01372	0.18797	0.02058	0.55399	0.03529	0.09614	0.01002	0.00595	0.00168	0.00285	0.00873	0.00557	0.00563
8	0.00731	0.00532	0.00688	0.00649	0.00774	0.00489	0.00487	0.00972	0.01461	0.02056	0.74744	0.03943	0.08364	0.01077	0.00614	0.00164	0.00247	0.00949	0.00569	0.00489
9	0.00632	0.00526	0.00552	0.00550	0.00715	0.00446	0.00411	0.00777	0.01218	0.01492	0.14556	0.07222	0.66522	0.01296	0.00617	0.00175	0.00263	0.01091	0.00495	0.00446
10	0.00983	0.00926	0.01562	0.80447	0.03587	0.01157	0.01446	0.01331	0.01041	0.01331	0.00926	0.01388	0.00694	0.00521	0.00521	0.00174	0.00694	0.00463	0.00231	0.00579
11	0.85377	0.01007	0.00765	0.00685	0.01007	0.01168	0.00564	0.01531	0.00886	0.02336	0.00725	0.00846	0.00564	0.00483	0.00322	0.00161	0.00403	0.00282	0.00322	0.00564
12	0.01945	0.02482	0.01476	0.01342	0.01610	0.79608	0.01006	0.02079	0.01476	0.01275	0.00805	0.00939	0.00671	0.00537	0.00470	0.00134	0.00939	0.00335	0.00268	0.00604
13	0.02028	0.01381	0.01515	0.01161	0.01576	0.01499	0.00959	0.66601	0.02318	0.13579	0.01360	0.01321	0.00941	0.00628	0.00521	0.00157	0.00555	0.00476	0.00538	0.00886
14	0.00637	0.00528	0.00557	0.00550	0.00716	0.00449	0.00412	0.00789	0.01237	0.01526	0.18059	0.04815	0.65380	0.01274	0.00615	0.00174	0.00261	0.01071	0.00499	0.00449
15	0.01117	0.00876	0.01136	0.00964	0.01201	0.00885	0.08212	0.23773	0.01559	0.02081	0.12835	0.23236	0.16134	0.01054	0.00594	0.00176	0.00425	0.00926	0.02210	0.00604
16	0.00960	0.10162	0.01131	0.00901	0.01072	0.00903	0.00746	0.08593	0.01087	0.01479	0.01541	0.02497	0.01484	0.02742	0.48644	0.00580	0.01055	0.13561	0.00332	0.00533
17	0.00905	0.00452	0.00678	0.00678	0.00678	0.00452	0.00452	0.00678	0.00678	0.00905	0.00905	0.01583	0.00905	0.01809	0.02035	0.84848	0.00452	0.00452	0.00226	0.00226
18	0.01045	0.02694	0.79000	0.01484	0.02254	0.01209	0.01924	0.01649	0.01099	0.01649	0.00935	0.01099	0.00660	0.00495	0.00495	0.00165	0.00770	0.00385	0.00220	0.00770
19	0.00971	0.00485	0.00485	0.00485	0.00607	0.00485	0.00364	0.01213	0.01092	0.01942	0.01699	0.01942	0.01335	0.00607	0.00364	0.00121	0.00243	0.00485	0.84589	0.00485
20	0.00632	0.00463	0.00594	0.00700	0.00749	0.00425	0.00472	0.00728	0.01021	0.01339	0.03179	0.71563	0.13041	0.01591	0.00658	0.00207	0.00297	0.01432	0.00483	0.00425
21	0.01392	0.82012	0.02729	0.00891	0.01337	0.02061	0.00891	0.01559	0.01058	0.01225	0.00724	0.00835	0.00668	0.00446	0.00334	0.00111	0.00557	0.00278	0.00223	0.00668
22	0.01213	0.01160	0.01976	0.22416	0.59824	0.01217	0.01560	0.01532	0.01150	0.01609	0.00966	0.01314	0.00792	0.00478	0.00517	0.00159	0.00637	0.00464	0.00251	0.00764
23	0.00725	0.00532	0.00679	0.00642	0.00771	0.00486	0.00482	0.00959	0.01445	0.02020	0.70899	0.04002	0.12232	0.01090	0.00614	0.00165	0.00247	0.00957	0.00564	0.00486
24	0.01315	0.16164	0.09546	0.17472	0.11831	0.15454	0.01255	0.01625	0.04591	0.01407	0.00890	0.01151	0.00738	0.00573	0.00670	0.00161	0.13843	0.00404	0.00252	0.00660
25	0.00927	0.00824	0.01040	0.00884	0.01156	0.00793	0.08150	0.01466	0.21794	0.01698	0.05628	0.07037	0.33488	0.00949	0.00564	0.00164	0.00383	0.00822	0.00454	0.11781

[dist]
# distance from previous block
# <min> <max>
0	77

# created by:
# /home/cegg/simao/soft/augustus-3.2.1/scripts/msa2prfl.pl ./align_prep/31937.fa
