[name]
unknown

[dist]
# distance from previous block
# <min> <max>
0	78

[block]
# block no. 0 follows, 51 sequences, length 45
# corresponding to MSA columns:
# 78-122
name=unknown_A
#
# <colnr> <probs for GDERKNQSTAVLIFYWHMCP>
#	G	D	E	R	K	N	Q	S	T	A	V	L	I	F	Y	W	H	M	C	P
0	0.01486	0.01060	0.07793	0.01080	0.01434	0.00928	0.10711	0.10980	0.10562	0.27745	0.13492	0.02110	0.01728	0.00689	0.00529	0.00161	0.00481	0.05835	0.00481	0.00715
1	0.06395	0.04519	0.07718	0.01054	0.01349	0.06498	0.10035	0.02623	0.17334	0.03648	0.05185	0.02746	0.10783	0.00816	0.00534	0.00171	0.00503	0.17098	0.00393	0.00600
2	0.01400	0.01165	0.01452	0.12850	0.05031	0.01308	0.06314	0.28586	0.32229	0.02251	0.01436	0.01469	0.01064	0.00587	0.00501	0.00159	0.00519	0.00496	0.00428	0.00757
3	0.01575	0.01887	0.01638	0.08470	0.19084	0.50859	0.06462	0.01775	0.01281	0.01322	0.00822	0.01026	0.00675	0.00484	0.00466	0.00137	0.00796	0.00372	0.00248	0.00620
4	0.01146	0.16330	0.01943	0.26745	0.41613	0.01289	0.01340	0.01424	0.01055	0.01414	0.00864	0.01165	0.00713	0.00451	0.00456	0.00144	0.00595	0.00405	0.00229	0.00679
5	0.01184	0.01135	0.01937	0.11761	0.71170	0.01159	0.01492	0.01480	0.01104	0.01567	0.00919	0.01227	0.00765	0.00444	0.00487	0.00148	0.00592	0.00438	0.00240	0.00753
6	0.00717	0.00547	0.00673	0.00744	0.00820	0.00555	0.00517	0.01049	0.15675	0.01406	0.02574	0.67156	0.02919	0.01374	0.00603	0.00193	0.00305	0.01238	0.00464	0.00471
7	0.01160	0.01326	0.02900	0.02071	0.02568	0.01243	0.77879	0.01574	0.01160	0.01574	0.00994	0.01326	0.00746	0.00414	0.00580	0.00166	0.00829	0.00580	0.00249	0.00663
8	0.01213	0.01177	0.02051	0.02957	0.74846	0.01172	0.06281	0.01512	0.01122	0.01604	0.00929	0.01223	0.00776	0.00436	0.00492	0.00147	0.00599	0.00447	0.00244	0.00771
9	0.00606	0.00506	0.00533	0.00547	0.00706	0.00433	0.00423	0.00743	0.01121	0.01345	0.04694	0.04827	0.70291	0.01258	0.00593	0.00173	0.00273	0.10053	0.00456	0.00419
10	0.00767	0.00558	0.00757	0.00857	0.00976	0.00548	0.00743	0.00981	0.01130	0.01454	0.02882	0.05447	0.11872	0.01344	0.00667	0.00219	0.00428	0.67467	0.00453	0.00448
11	0.01148	0.00980	0.01046	0.00962	0.01210	0.01124	0.00739	0.02381	0.69459	0.01960	0.02085	0.11478	0.01710	0.00771	0.00515	0.00171	0.00376	0.00656	0.00495	0.00733
12	0.01094	0.01220	0.02625	0.01908	0.02349	0.01143	0.68742	0.01469	0.01134	0.01536	0.01197	0.10895	0.01041	0.00547	0.00586	0.00170	0.00764	0.00676	0.00273	0.00632
13	0.01019	0.00873	0.01019	0.00728	0.01165	0.00655	0.00582	0.01237	0.01019	0.01601	0.00873	0.01019	0.00728	0.00364	0.00364	0.00073	0.00364	0.00291	0.00291	0.85734
14	0.00581	0.00498	0.00498	0.00498	0.00664	0.00415	0.00373	0.00705	0.01120	0.01328	0.04978	0.04729	0.79464	0.01245	0.00581	0.00166	0.00249	0.01037	0.00456	0.00415
15	0.01836	0.02342	0.01393	0.01266	0.01519	0.80756	0.00950	0.01962	0.01393	0.01203	0.00760	0.00886	0.00633	0.00506	0.00443	0.00127	0.00886	0.00317	0.00253	0.00570
16	0.01037	0.01130	0.02392	0.01769	0.02164	0.01059	0.60990	0.01380	0.01112	0.01504	0.01368	0.19013	0.01292	0.00660	0.00590	0.00173	0.00710	0.00758	0.00294	0.00605
17	0.00594	0.00498	0.00517	0.00512	0.00672	0.00421	0.00384	0.00731	0.01152	0.01403	0.13762	0.04604	0.70634	0.01216	0.00581	0.00165	0.00247	0.01020	0.00466	0.00421
18	0.00715	0.00476	0.00536	0.00536	0.00536	0.00476	0.00298	0.00715	0.00715	0.00953	0.01548	0.03216	0.01787	0.82729	0.02501	0.00476	0.00476	0.00715	0.00298	0.00298
19	0.00946	0.00898	0.01478	0.71941	0.03134	0.01141	0.01330	0.01247	0.00955	0.01247	0.00846	0.01282	0.00654	0.00535	0.00626	0.00170	0.10372	0.00436	0.00218	0.00545
20	0.00686	0.00471	0.00574	0.00600	0.00617	0.00475	0.00372	0.00727	0.00776	0.01045	0.01789	0.21362	0.02059	0.54642	0.11307	0.00449	0.00531	0.00850	0.00330	0.00338
21	0.00715	0.00476	0.00536	0.00536	0.00536	0.00476	0.00298	0.00715	0.00715	0.00953	0.01548	0.03216	0.01787	0.82729	0.02501	0.00476	0.00476	0.00715	0.00298	0.00298
22	0.01222	0.01056	0.01111	0.01000	0.01278	0.01222	0.00778	0.02611	0.78776	0.02056	0.02000	0.01833	0.01500	0.00667	0.00500	0.00167	0.00389	0.00556	0.00500	0.00778
23	0.07319	0.01683	0.01480	0.01210	0.01547	0.34381	0.07800	0.25566	0.01622	0.11189	0.01045	0.01104	0.00768	0.00533	0.00467	0.00141	0.00686	0.00397	0.00372	0.00690
24	0.17026	0.01116	0.01779	0.08446	0.54019	0.01155	0.06479	0.01482	0.01059	0.01689	0.00881	0.01153	0.00721	0.00444	0.00459	0.00150	0.00568	0.00415	0.00253	0.00707
25	0.01205	0.01256	0.10781	0.01242	0.01608	0.01165	0.15503	0.11755	0.34892	0.01983	0.04859	0.01969	0.01419	0.00662	0.00530	0.00168	0.00531	0.07344	0.00414	0.00715
26	0.00884	0.00780	0.01206	0.45377	0.05578	0.00863	0.01023	0.01168	0.01102	0.01499	0.21148	0.01998	0.02936	0.00631	0.00503	0.00151	0.00500	0.01751	0.00318	0.10585
27	0.00696	0.00502	0.00657	0.00618	0.00734	0.00464	0.00464	0.00927	0.01391	0.01971	0.79405	0.03671	0.04637	0.01005	0.00580	0.00155	0.00232	0.00889	0.00541	0.00464
28	0.01139	0.01469	0.12020	0.01992	0.02516	0.01231	0.68902	0.01572	0.01145	0.01572	0.00981	0.01292	0.00731	0.00420	0.00567	0.00165	0.00816	0.00554	0.00244	0.00670
29	0.00583	0.00489	0.00507	0.00522	0.00670	0.00413	0.00384	0.00703	0.01097	0.01318	0.04687	0.14698	0.69684	0.01282	0.00587	0.00170	0.00254	0.01083	0.00456	0.00413
30	0.00854	0.00427	0.00640	0.00640	0.00640	0.00427	0.00427	0.00640	0.00640	0.00854	0.00854	0.01494	0.00854	0.01707	0.01921	0.85702	0.00427	0.00427	0.00213	0.00213
31	0.00599	0.00428	0.00570	0.00684	0.00713	0.00399	0.00456	0.00684	0.00941	0.01254	0.02709	0.82409	0.03250	0.01540	0.00627	0.00200	0.00285	0.01397	0.00456	0.00399
32	0.00692	0.00507	0.00726	0.00739	0.00807	0.00568	0.00548	0.00830	0.00796	0.01126	0.01515	0.11620	0.01550	0.15235	0.59634	0.00673	0.01069	0.00657	0.00291	0.00413
33	0.01234	0.63421	0.21479	0.00977	0.01472	0.01749	0.01078	0.01492	0.01008	0.01254	0.00732	0.00849	0.00629	0.00432	0.00352	0.00117	0.00574	0.00287	0.00210	0.00654
34	0.01159	0.01265	0.05495	0.02279	0.33627	0.01258	0.29140	0.01473	0.01061	0.01512	0.00895	0.01222	0.00735	0.00510	0.00733	0.00167	0.16058	0.00485	0.00238	0.00689
35	0.01139	0.01082	0.01180	0.01065	0.10603	0.10170	0.00736	0.01355	0.01075	0.01555	0.00866	0.01027	0.00723	0.00390	0.00388	0.00088	0.00452	0.00312	0.00281	0.65514
36	0.01425	0.44138	0.07483	0.01044	0.01396	0.26876	0.00953	0.01599	0.01105	0.01200	0.00735	0.00885	0.00647	0.00564	0.02501	0.00140	0.06172	0.00305	0.00225	0.00607
37	0.00852	0.00680	0.00795	0.00820	0.00964	0.00720	0.00625	0.01423	0.28179	0.01582	0.02650	0.32437	0.09584	0.01173	0.00588	0.00190	0.00350	0.15375	0.00471	0.00543
38	0.01014	0.00914	0.01464	0.52966	0.15854	0.01060	0.01251	0.06602	0.01147	0.01529	0.10304	0.01568	0.01165	0.00551	0.00501	0.00159	0.00584	0.00491	0.00280	0.00596
39	0.00584	0.00487	0.00509	0.00527	0.00671	0.00412	0.00386	0.00702	0.01092	0.01316	0.04625	0.16829	0.67593	0.01291	0.00588	0.00171	0.00255	0.01093	0.00456	0.00412
40	0.01130	0.02341	0.70855	0.01339	0.02024	0.01092	0.01687	0.01655	0.01081	0.10814	0.01007	0.01112	0.00693	0.00484	0.00470	0.00155	0.00690	0.00379	0.00255	0.00739
41	0.86201	0.00950	0.00722	0.00646	0.00950	0.01102	0.00532	0.01445	0.00836	0.02205	0.00684	0.00798	0.00532	0.00456	0.00304	0.00152	0.00380	0.00266	0.00304	0.00532
42	0.01029	0.00937	0.01423	0.25615	0.28130	0.01023	0.01135	0.01515	0.15330	0.01610	0.10756	0.01873	0.06307	0.00615	0.00508	0.00157	0.00506	0.00551	0.00332	0.00648
43	0.00583	0.00490	0.00506	0.00520	0.00670	0.00413	0.00383	0.00703	0.01099	0.01319	0.04710	0.13897	0.70470	0.01279	0.00586	0.00170	0.00253	0.01080	0.00456	0.00413
44	0.00857	0.00770	0.01345	0.20956	0.05089	0.00800	0.15458	0.01106	0.01045	0.01381	0.01834	0.25678	0.01936	0.00980	0.00591	0.00188	0.00531	0.18592	0.00349	0.00513

[dist]
# distance from previous block
# <min> <max>
0	11

[block]
# block no. 1 follows, 51 sequences, length 22
# corresponding to MSA columns:
# 134-155
name=unknown_B
#
# <colnr> <probs for GDERKNQSTAVLIFYWHMCP>
#	G	D	E	R	K	N	Q	S	T	A	V	L	I	F	Y	W	H	M	C	P
0	0.86201	0.00950	0.00722	0.00646	0.00950	0.01102	0.00532	0.01445	0.00836	0.02205	0.00684	0.00798	0.00532	0.00456	0.00304	0.00152	0.00380	0.00266	0.00304	0.00532
1	0.00715	0.00476	0.00536	0.00536	0.00536	0.00476	0.00298	0.00715	0.00715	0.00953	0.01548	0.03216	0.01787	0.82729	0.02501	0.00476	0.00476	0.00715	0.00298	0.00298
2	0.01314	0.83025	0.02575	0.00841	0.01261	0.01945	0.00841	0.01472	0.00999	0.01156	0.00683	0.00788	0.00631	0.00420	0.00315	0.00105	0.00526	0.00263	0.00210	0.00631
3	0.00986	0.02542	0.80183	0.01401	0.02127	0.01141	0.01816	0.01556	0.01038	0.01556	0.00882	0.01038	0.00623	0.00467	0.00467	0.00156	0.00726	0.00363	0.00208	0.00726
4	0.00702	0.00527	0.00790	0.00790	0.00878	0.00614	0.00614	0.00878	0.00790	0.01141	0.01316	0.01931	0.01229	0.03686	0.80782	0.00790	0.01316	0.00527	0.00263	0.00439
5	0.00792	0.00566	0.00792	0.00905	0.01018	0.00566	0.00792	0.01018	0.01131	0.01471	0.02602	0.05543	0.02828	0.01358	0.00679	0.00226	0.00453	0.76356	0.00453	0.00453
6	0.01836	0.02342	0.01393	0.01266	0.01519	0.80756	0.00950	0.01962	0.01393	0.01203	0.00760	0.00886	0.00633	0.00506	0.00443	0.00127	0.00886	0.00317	0.00253	0.00570
7	0.00753	0.00547	0.00741	0.00841	0.00954	0.00536	0.00718	0.00957	0.01115	0.01438	0.02881	0.11424	0.11589	0.01359	0.00664	0.00217	0.00416	0.61953	0.00453	0.00444
8	0.00696	0.00502	0.00657	0.00618	0.00734	0.00464	0.00464	0.00927	0.01391	0.01971	0.79405	0.03671	0.04637	0.01005	0.00580	0.00155	0.00232	0.00889	0.00541	0.00464
9	0.00599	0.00428	0.00570	0.00684	0.00713	0.00399	0.00456	0.00684	0.00941	0.01254	0.02709	0.82409	0.03250	0.01540	0.00627	0.00200	0.00285	0.01397	0.00456	0.00399
10	0.01275	0.73407	0.11850	0.00908	0.01365	0.01849	0.00957	0.01482	0.01003	0.01204	0.00707	0.00818	0.00630	0.00426	0.00333	0.00111	0.00550	0.00275	0.00210	0.00642
11	0.07820	0.39310	0.23564	0.01179	0.01678	0.04717	0.12577	0.01528	0.01036	0.01411	0.00787	0.00941	0.00638	0.00438	0.00400	0.00132	0.00629	0.00340	0.00224	0.00651
12	0.01813	0.00943	0.01152	0.00912	0.01248	0.00930	0.00743	0.21472	0.08101	0.42316	0.13237	0.01857	0.01650	0.00667	0.00507	0.00152	0.00419	0.00545	0.00559	0.00776
13	0.01219	0.01874	0.43101	0.01650	0.17569	0.01147	0.03991	0.06726	0.08046	0.08326	0.01102	0.01216	0.00800	0.00497	0.00481	0.00154	0.00633	0.00419	0.00294	0.00756
14	0.01038	0.02473	0.75506	0.01385	0.02091	0.01164	0.01763	0.06101	0.01113	0.01648	0.00900	0.01046	0.00635	0.00474	0.00468	0.00155	0.00715	0.00368	0.00224	0.00733
15	0.00644	0.00492	0.00591	0.00584	0.00707	0.00439	0.00431	0.00821	0.01243	0.01661	0.44334	0.13449	0.30516	0.01152	0.00586	0.00164	0.00244	0.01001	0.00501	0.00439
16	0.01314	0.01118	0.01388	0.01142	0.01383	0.05917	0.08105	0.30095	0.03086	0.01949	0.01147	0.03063	0.00963	0.01505	0.23378	0.00341	0.12627	0.00492	0.00349	0.00638
17	0.00761	0.00598	0.00810	0.00759	0.00891	0.00584	0.05092	0.01081	0.10020	0.01676	0.37293	0.20182	0.07230	0.07420	0.00733	0.00194	0.00324	0.03394	0.00475	0.00482
18	0.01254	0.01248	0.01929	0.05751	0.70803	0.07350	0.01460	0.01534	0.01135	0.01561	0.00910	0.01194	0.00763	0.00445	0.00483	0.00145	0.00610	0.00428	0.00243	0.00754
19	0.01197	0.01164	0.02005	0.04817	0.68618	0.01190	0.05923	0.01486	0.01096	0.01570	0.00911	0.01217	0.00766	0.00463	0.00559	0.00152	0.05428	0.00446	0.00241	0.00752
20	0.01460	0.07604	0.12937	0.09182	0.14902	0.39669	0.04414	0.01711	0.01220	0.01338	0.00820	0.01015	0.00663	0.00478	0.00455	0.00138	0.00763	0.00362	0.00239	0.00633
21	0.01130	0.01092	0.08177	0.01007	0.02955	0.01070	0.00827	0.07418	0.47996	0.02013	0.14517	0.04656	0.01935	0.02293	0.00552	0.00169	0.00407	0.00613	0.00469	0.00704

[dist]
# distance from previous block
# <min> <max>
0	5

[block]
# block no. 2 follows, 51 sequences, length 20
# corresponding to MSA columns:
# 161-180
name=unknown_C
#
# <colnr> <probs for GDERKNQSTAVLIFYWHMCP>
#	G	D	E	R	K	N	Q	S	T	A	V	L	I	F	Y	W	H	M	C	P
0	0.01019	0.01163	0.11716	0.48385	0.17829	0.01125	0.01396	0.01471	0.08318	0.01437	0.00990	0.01306	0.00754	0.00494	0.00488	0.00160	0.00625	0.00439	0.00248	0.00636
1	0.00986	0.00886	0.01339	0.15213	0.30862	0.00927	0.01039	0.01395	0.11196	0.01657	0.18978	0.02224	0.09871	0.00687	0.00520	0.00156	0.00457	0.00616	0.00361	0.00631
2	0.01261	0.19794	0.14353	0.00952	0.01362	0.01170	0.03089	0.14601	0.01232	0.06752	0.01116	0.01397	0.02252	0.11104	0.00686	0.00168	0.00520	0.00412	0.00317	0.17462
3	0.00637	0.00466	0.00599	0.00638	0.00717	0.00428	0.00451	0.00788	0.01147	0.01560	0.34884	0.41714	0.11579	0.01287	0.00603	0.00177	0.00259	0.01149	0.00492	0.00428
4	0.86201	0.00950	0.00722	0.00646	0.00950	0.01102	0.00532	0.01445	0.00836	0.02205	0.00684	0.00798	0.00532	0.00456	0.00304	0.00152	0.00380	0.00266	0.00304	0.00532
5	0.01078	0.01187	0.09138	0.33139	0.28440	0.01148	0.08631	0.01519	0.07991	0.01502	0.01003	0.01301	0.00777	0.00480	0.00497	0.00158	0.00631	0.00454	0.00254	0.00672
6	0.00595	0.00484	0.00528	0.00548	0.00681	0.00416	0.00399	0.00722	0.01108	0.01373	0.11490	0.20850	0.56527	0.01284	0.00590	0.00172	0.00255	0.01098	0.00464	0.00416
7	0.00632	0.00452	0.00609	0.00723	0.00766	0.00428	0.00514	0.00742	0.00974	0.01292	0.02690	0.69081	0.03177	0.01508	0.00636	0.00204	0.00314	0.14394	0.00456	0.00408
8	0.00599	0.00428	0.00570	0.00684	0.00713	0.00399	0.00456	0.00684	0.00941	0.01254	0.02709	0.82409	0.03250	0.01540	0.00627	0.00200	0.00285	0.01397	0.00456	0.00399
9	0.01156	0.01106	0.01886	0.19414	0.63737	0.01152	0.01478	0.01455	0.01091	0.01532	0.00914	0.01236	0.00753	0.00449	0.00488	0.00150	0.00599	0.00438	0.00238	0.00730
10	0.86201	0.00950	0.00722	0.00646	0.00950	0.01102	0.00532	0.01445	0.00836	0.02205	0.00684	0.00798	0.00532	0.00456	0.00304	0.00152	0.00380	0.00266	0.00304	0.00532
11	0.01122	0.35860	0.48055	0.01169	0.01769	0.01474	0.01412	0.01521	0.01021	0.01391	0.00800	0.00934	0.00626	0.00448	0.00404	0.00135	0.00643	0.00322	0.00209	0.00687
12	0.01609	0.01668	0.01202	0.01080	0.01338	0.43697	0.00823	0.02104	0.23006	0.08533	0.01292	0.01312	0.00987	0.00567	0.00454	0.00139	0.00643	0.00413	0.08492	0.00641
13	0.00627	0.00511	0.00561	0.00580	0.00733	0.00446	0.00456	0.00776	0.01138	0.01392	0.08891	0.04818	0.60931	0.01251	0.00599	0.00176	0.00286	0.14943	0.00461	0.00425
14	0.01429	0.01104	0.01193	0.01004	0.01309	0.01234	0.00799	0.27932	0.42673	0.05419	0.08986	0.01779	0.01559	0.00670	0.00504	0.00158	0.00427	0.00546	0.00505	0.00770
15	0.00599	0.00428	0.00570	0.00684	0.00713	0.00399	0.00456	0.00684	0.00941	0.01254	0.02709	0.82409	0.03250	0.01540	0.00627	0.00200	0.00285	0.01397	0.00456	0.00399
16	0.00581	0.00498	0.00498	0.00498	0.00664	0.00415	0.00373	0.00705	0.01120	0.01328	0.04978	0.04729	0.79464	0.01245	0.00581	0.00166	0.00249	0.01037	0.00456	0.00415
17	0.09099	0.00743	0.00881	0.00857	0.01051	0.00777	0.00716	0.10180	0.06963	0.08966	0.02021	0.03563	0.01963	0.05490	0.00667	0.00205	0.00433	0.38113	0.06757	0.00555
18	0.01465	0.08031	0.29233	0.01063	0.01561	0.01051	0.01119	0.11604	0.01323	0.24378	0.05535	0.01363	0.01053	0.00540	0.00462	0.00142	0.00536	0.00425	0.00386	0.08729
19	0.01574	0.00861	0.01170	0.08489	0.01437	0.00860	0.04997	0.02075	0.19340	0.37678	0.08391	0.01839	0.01499	0.00631	0.00496	0.00155	0.00426	0.00539	0.06814	0.00726

[dist]
# distance from previous block
# <min> <max>
0	44

# created by:
# /home/cegg/simao/soft/augustus-3.2.1/scripts/msa2prfl.pl ./align_prep/31976.fa
