[name]
unknown

[dist]
# distance from previous block
# <min> <max>
0	34

[block]
# block no. 0 follows, 50 sequences, length 44
# corresponding to MSA columns:
# 34-77
name=unknown_A
#
# <colnr> <probs for GDERKNQSTAVLIFYWHMCP>
#	G	D	E	R	K	N	Q	S	T	A	V	L	I	F	Y	W	H	M	C	P
0	0.10885	0.00969	0.01642	0.11744	0.14340	0.00986	0.20306	0.01428	0.01118	0.06806	0.01463	0.02477	0.01345	0.00718	0.00551	0.00179	0.00592	0.21501	0.00336	0.00613
1	0.01080	0.00669	0.00895	0.00788	0.00950	0.00658	0.00601	0.01144	0.00918	0.13046	0.01320	0.05534	0.01231	0.09079	0.10363	0.21768	0.08064	0.04619	0.00331	0.16945
2	0.32380	0.01085	0.01006	0.06178	0.01283	0.08678	0.00702	0.10675	0.06706	0.02050	0.10886	0.01379	0.01225	0.00558	0.00416	0.00141	0.00452	0.00413	0.00363	0.13423
3	0.35639	0.00955	0.01066	0.16406	0.01577	0.01053	0.00795	0.09414	0.03867	0.20708	0.01159	0.01227	0.00816	0.00531	0.00419	0.00156	0.00462	0.00393	0.02705	0.00654
4	0.22323	0.06189	0.00875	0.00711	0.00925	0.00850	0.00568	0.01354	0.12846	0.01944	0.33481	0.02677	0.08622	0.00822	0.00492	0.00159	0.00328	0.03843	0.00449	0.00543
5	0.01862	0.02376	0.01413	0.01284	0.01541	0.80482	0.00963	0.01990	0.01413	0.01220	0.00770	0.00899	0.00642	0.00514	0.00449	0.00128	0.00899	0.00321	0.00257	0.00578
6	0.01433	0.01297	0.02019	0.01521	0.01920	0.01368	0.32360	0.28137	0.16532	0.02206	0.01254	0.01381	0.00931	0.00554	0.00594	0.00164	0.04666	0.00528	0.00385	0.00749
7	0.01067	0.01014	0.01722	0.47678	0.36058	0.01140	0.01447	0.01384	0.01056	0.01426	0.00908	0.01288	0.00718	0.00475	0.00496	0.00158	0.00633	0.00443	0.00232	0.00655
8	0.02216	0.00881	0.01177	0.00902	0.01289	0.00781	0.00745	0.06903	0.01481	0.75168	0.01921	0.01667	0.01211	0.00616	0.00501	0.00154	0.00432	0.00498	0.00610	0.00848
9	0.00690	0.00506	0.00601	0.00606	0.00737	0.00449	0.00449	0.00848	0.01197	0.04098	0.27663	0.19229	0.36161	0.01226	0.00598	0.00173	0.00267	0.03559	0.00495	0.00448
10	0.01012	0.05480	0.77104	0.01400	0.02126	0.01187	0.01806	0.01575	0.01051	0.01564	0.00887	0.01043	0.00632	0.00472	0.00468	0.00156	0.00729	0.00365	0.00211	0.00733
11	0.02229	0.00860	0.01164	0.00892	0.01278	0.00750	0.00737	0.04058	0.01446	0.78062	0.01950	0.01686	0.01225	0.00617	0.00501	0.00154	0.00427	0.00500	0.00614	0.00848
12	0.00924	0.00858	0.01418	0.62394	0.10665	0.01020	0.01267	0.01221	0.01016	0.01313	0.01285	0.07729	0.05615	0.00621	0.00514	0.00167	0.00604	0.00555	0.00257	0.00558
13	0.00950	0.01716	0.41062	0.01372	0.01865	0.00980	0.16107	0.01374	0.01081	0.01528	0.01458	0.12052	0.01386	0.00760	0.00554	0.00178	0.00651	0.13998	0.00294	0.00633
14	0.00941	0.00886	0.01495	0.81285	0.03433	0.01107	0.01384	0.01274	0.00997	0.01274	0.00886	0.01329	0.00664	0.00498	0.00498	0.00166	0.00664	0.00443	0.00221	0.00554
15	0.01194	0.01143	0.01951	0.13802	0.68945	0.01174	0.01510	0.01495	0.01116	0.01580	0.00930	0.01247	0.00772	0.00452	0.00494	0.00151	0.00602	0.00444	0.00243	0.00757
16	0.01551	0.01056	0.01769	0.02092	0.39625	0.01007	0.09998	0.01823	0.01241	0.28555	0.01386	0.01627	0.01044	0.00548	0.00517	0.00157	0.00556	0.04285	0.00386	0.00780
17	0.01419	0.01190	0.16576	0.01193	0.01593	0.00853	0.15052	0.01723	0.01219	0.30524	0.01801	0.09750	0.02677	0.00760	0.00553	0.00173	0.00550	0.11270	0.00432	0.00690
18	0.01539	0.06169	0.16935	0.01337	0.01818	0.01033	0.24275	0.01870	0.01239	0.32292	0.01550	0.01570	0.04890	0.00551	0.00516	0.00157	0.00609	0.00516	0.00396	0.00739
19	0.01707	0.01044	0.01629	0.05489	0.31850	0.01008	0.05273	0.06993	0.01341	0.36396	0.01413	0.01447	0.00983	0.00532	0.00503	0.00153	0.00531	0.00478	0.00427	0.00802
20	0.01466	0.21814	0.15982	0.01056	0.01463	0.01160	0.06068	0.01720	0.01149	0.27432	0.01409	0.10558	0.01150	0.00651	0.00529	0.00153	0.04637	0.00526	0.00379	0.00697
21	0.01308	0.01426	0.26193	0.11606	0.11452	0.00981	0.01240	0.06676	0.01221	0.19391	0.01518	0.08970	0.04517	0.00650	0.00507	0.00161	0.00563	0.00550	0.00363	0.00708
22	0.01306	0.01071	0.05058	0.02189	0.49001	0.00977	0.01217	0.01566	0.01175	0.15975	0.01657	0.06095	0.09250	0.00624	0.00512	0.00155	0.00515	0.00568	0.00348	0.00738
23	0.01596	0.01290	0.09697	0.01779	0.20686	0.04528	0.19585	0.01905	0.01257	0.30593	0.01325	0.01399	0.00924	0.00509	0.00515	0.00155	0.00618	0.00487	0.00382	0.00768
24	0.01137	0.01135	0.10778	0.28394	0.22949	0.01022	0.05919	0.01451	0.01091	0.09656	0.01239	0.10755	0.01067	0.00613	0.00516	0.00163	0.00595	0.00563	0.00298	0.00659
25	0.01327	0.01314	0.20274	0.09525	0.18881	0.00950	0.04087	0.01649	0.01181	0.22403	0.01753	0.01807	0.11412	0.00612	0.00508	0.00157	0.00553	0.00528	0.00364	0.00715
26	0.01140	0.01218	0.16556	0.07532	0.26168	0.00932	0.05073	0.01438	0.01112	0.11455	0.01589	0.17688	0.04457	0.00732	0.00528	0.00165	0.00542	0.00664	0.00337	0.00672
27	0.01075	0.02014	0.54868	0.01396	0.05831	0.01029	0.05360	0.01534	0.01082	0.08254	0.01238	0.11811	0.01048	0.00625	0.00504	0.00163	0.00649	0.00533	0.00283	0.00702
28	0.01268	0.02045	0.52277	0.01427	0.02058	0.01092	0.13799	0.01746	0.01145	0.16716	0.01120	0.01224	0.00768	0.00493	0.00497	0.00159	0.00693	0.00429	0.00296	0.00748
29	0.01215	0.01849	0.42038	0.05234	0.25438	0.01122	0.01581	0.01642	0.01112	0.10738	0.01028	0.01195	0.00752	0.00491	0.00510	0.00156	0.02463	0.00412	0.00270	0.00754
30	0.01581	0.01009	0.05408	0.13016	0.23914	0.00916	0.01098	0.01839	0.01232	0.36169	0.01521	0.05635	0.01143	0.00611	0.00509	0.00159	0.00516	0.02551	0.00422	0.00751
31	0.00853	0.01469	0.37115	0.01051	0.01425	0.00809	0.01122	0.05007	0.01070	0.01508	0.01816	0.40741	0.01946	0.01012	0.00554	0.00179	0.00508	0.00885	0.00348	0.00580
32	0.01253	0.44517	0.08643	0.23337	0.01981	0.10208	0.01096	0.01493	0.01055	0.01240	0.00772	0.00979	0.00646	0.00460	0.00397	0.00130	0.00626	0.00330	0.00220	0.00617
33	0.01188	0.01647	0.30509	0.09447	0.38899	0.01137	0.01578	0.01584	0.01111	0.06777	0.00986	0.01207	0.00750	0.00471	0.00487	0.00154	0.00641	0.00420	0.00256	0.00753
34	0.00937	0.00816	0.01239	0.09447	0.26200	0.02501	0.00958	0.02725	0.00988	0.01365	0.01359	0.12705	0.01341	0.07269	0.27472	0.00399	0.00805	0.00624	0.00290	0.00562
35	0.00866	0.00433	0.00649	0.00649	0.00649	0.00433	0.00433	0.00649	0.00649	0.00866	0.00866	0.01515	0.00866	0.01732	0.01948	0.85498	0.00433	0.00433	0.00216	0.00216
36	0.01079	0.01675	0.33526	0.19797	0.18560	0.01135	0.09947	0.01507	0.01089	0.03499	0.02910	0.01268	0.00803	0.00484	0.00499	0.00159	0.00681	0.00442	0.00244	0.00695
37	0.01333	0.82783	0.02612	0.00853	0.01279	0.01972	0.00853	0.01493	0.01013	0.01173	0.00693	0.00800	0.00640	0.00426	0.00320	0.00107	0.00533	0.00267	0.00213	0.00640
38	0.01523	0.38527	0.11158	0.01106	0.01496	0.35902	0.01017	0.01718	0.01191	0.01241	0.00750	0.00872	0.00640	0.00470	0.00394	0.00122	0.00715	0.00302	0.00232	0.00624
39	0.06982	0.75532	0.02460	0.00849	0.01264	0.03676	0.00835	0.01502	0.01011	0.01245	0.00695	0.00802	0.00633	0.00431	0.00322	0.00110	0.00531	0.00268	0.00221	0.00632
40	0.01228	0.01171	0.01952	0.04557	0.72589	0.01186	0.01477	0.01599	0.06281	0.01651	0.01009	0.01277	0.00836	0.00461	0.00494	0.00150	0.00581	0.00452	0.00264	0.00785
41	0.04123	0.00888	0.01315	0.01674	0.29923	0.00945	0.00979	0.04698	0.01081	0.04800	0.01705	0.27307	0.05042	0.00914	0.00700	0.00177	0.11988	0.00778	0.00351	0.00611
42	0.01259	0.00766	0.00867	0.00771	0.00978	0.06762	0.00592	0.01485	0.03851	0.25531	0.31974	0.13225	0.08012	0.00934	0.00555	0.00161	0.00358	0.00801	0.00529	0.00593
43	0.01459	0.01289	0.01962	0.01701	0.12488	0.10246	0.29626	0.11730	0.01368	0.13151	0.01302	0.09008	0.01072	0.00595	0.00539	0.00160	0.00661	0.00586	0.00358	0.00701

[dist]
# distance from previous block
# <min> <max>
0	1

[block]
# block no. 1 follows, 50 sequences, length 7
# corresponding to MSA columns:
# 79-85
name=unknown_B
#
# <colnr> <probs for GDERKNQSTAVLIFYWHMCP>
#	G	D	E	R	K	N	Q	S	T	A	V	L	I	F	Y	W	H	M	C	P
0	0.01677	0.01030	0.01335	0.32128	0.02154	0.07439	0.01021	0.07852	0.01331	0.36883	0.01389	0.01450	0.00934	0.00561	0.00496	0.00156	0.00566	0.00460	0.00425	0.00712
1	0.01234	0.01184	0.02023	0.03059	0.79373	0.01184	0.01530	0.01530	0.01135	0.01628	0.00938	0.01234	0.00790	0.00444	0.00493	0.00148	0.00592	0.00444	0.00247	0.00790
2	0.00866	0.00885	0.10297	0.00915	0.01167	0.00677	0.08449	0.03344	0.03412	0.05589	0.02979	0.23001	0.27009	0.01099	0.00587	0.00180	0.00420	0.08172	0.00422	0.00529
3	0.01263	0.12199	0.34605	0.01497	0.02059	0.07481	0.24133	0.01675	0.01143	0.07871	0.00981	0.01148	0.00720	0.00467	0.00489	0.00152	0.00729	0.00428	0.00260	0.00702
4	0.00941	0.00886	0.01495	0.81285	0.03433	0.01107	0.01384	0.01274	0.00997	0.01274	0.00886	0.01329	0.00664	0.00498	0.00498	0.00166	0.00664	0.00443	0.00221	0.00554
5	0.01192	0.01142	0.01948	0.14149	0.68607	0.01173	0.01509	0.01493	0.01115	0.01578	0.00930	0.01247	0.00772	0.00452	0.00494	0.00151	0.00602	0.00444	0.00243	0.00756
6	0.01323	0.00769	0.01018	0.06453	0.06802	0.03083	0.00761	0.01555	0.03305	0.28234	0.11052	0.13620	0.07509	0.00922	0.00560	0.00173	0.00419	0.11330	0.00488	0.00626

[dist]
# distance from previous block
# <min> <max>
18	31

[block]
# block no. 2 follows, 50 sequences, length 13
# corresponding to MSA columns:
# 184-196
name=unknown_C
#
# <colnr> <probs for GDERKNQSTAVLIFYWHMCP>
#	G	D	E	R	K	N	Q	S	T	A	V	L	I	F	Y	W	H	M	C	P
0	0.00605	0.00442	0.00570	0.00672	0.00717	0.00407	0.00453	0.00696	0.00975	0.01281	0.03011	0.73309	0.11975	0.01527	0.00631	0.00199	0.00285	0.01375	0.00463	0.00407
1	0.01249	0.00842	0.09202	0.00851	0.01102	0.00674	0.00738	0.01454	0.01087	0.28061	0.04800	0.09285	0.04694	0.07031	0.26165	0.00387	0.00725	0.00633	0.00419	0.00601
2	0.18131	0.05574	0.34005	0.09594	0.01864	0.06269	0.03528	0.01665	0.01083	0.12435	0.00988	0.01109	0.00705	0.00493	0.00442	0.00153	0.00620	0.00374	0.00292	0.00677
3	0.01171	0.02017	0.50861	0.06421	0.12849	0.01121	0.06847	0.01644	0.01108	0.09801	0.01021	0.01182	0.00727	0.00482	0.00489	0.00157	0.00687	0.00412	0.00262	0.00740
4	0.01000	0.02578	0.79900	0.01421	0.02157	0.01158	0.01842	0.01579	0.01052	0.01579	0.00895	0.01052	0.00631	0.00474	0.00474	0.00158	0.00737	0.00368	0.00210	0.00737
5	0.01200	0.27713	0.32309	0.01090	0.01576	0.01266	0.01217	0.01540	0.01097	0.09665	0.01264	0.01880	0.01109	0.00640	0.00467	0.00154	0.00587	0.14260	0.00300	0.00666
6	0.01558	0.01413	0.15066	0.01764	0.23018	0.01171	0.09541	0.19064	0.01464	0.19132	0.01223	0.01308	0.00870	0.00520	0.00503	0.00154	0.00597	0.00461	0.00380	0.00794
7	0.01614	0.01406	0.17035	0.01394	0.10974	0.01140	0.05363	0.18499	0.11071	0.24224	0.01418	0.01405	0.00986	0.00560	0.00500	0.00156	0.00553	0.00469	0.00432	0.00802
8	0.00770	0.00523	0.00668	0.00705	0.00800	0.00497	0.00516	0.00895	0.01063	0.07131	0.08862	0.43174	0.17908	0.03507	0.00707	0.00199	0.03386	0.07769	0.00467	0.00453
9	0.01393	0.00907	0.01418	0.01506	0.21844	0.00851	0.08957	0.01683	0.04408	0.26805	0.12246	0.02234	0.12127	0.00694	0.00532	0.00157	0.00463	0.00626	0.00447	0.00704
10	0.25986	0.01114	0.01179	0.12022	0.01553	0.01265	0.00837	0.35793	0.05119	0.02475	0.01079	0.01184	0.00797	0.00548	0.00432	0.00152	0.00486	0.00403	0.06890	0.00686
11	0.01694	0.02078	0.01343	0.01263	0.03984	0.64370	0.00925	0.01962	0.09504	0.01333	0.01186	0.01264	0.05830	0.00577	0.00466	0.00136	0.00794	0.00398	0.00296	0.00597
12	0.01349	0.01172	0.01644	0.02071	0.40973	0.01248	0.01191	0.17457	0.20206	0.02031	0.01274	0.01410	0.00999	0.00674	0.03925	0.00181	0.00567	0.00478	0.00363	0.00787

[dist]
# distance from previous block
# <min> <max>
2	6

[block]
# block no. 3 follows, 50 sequences, length 20
# corresponding to MSA columns:
# 203-222
name=unknown_D
#
# <colnr> <probs for GDERKNQSTAVLIFYWHMCP>
#	G	D	E	R	K	N	Q	S	T	A	V	L	I	F	Y	W	H	M	C	P
0	0.20713	0.01149	0.01339	0.01655	0.29479	0.09060	0.00983	0.07320	0.05780	0.01841	0.05391	0.01638	0.01157	0.05714	0.00592	0.00175	0.00527	0.04512	0.00328	0.00649
1	0.01684	0.01094	0.01369	0.02739	0.01476	0.03663	0.07519	0.20485	0.13541	0.27328	0.05898	0.01596	0.01267	0.00601	0.00502	0.00150	0.00492	0.00505	0.00489	0.07603
2	0.06494	0.01087	0.01189	0.00973	0.01314	0.01164	0.00781	0.24028	0.30609	0.13685	0.04536	0.01578	0.01277	0.00617	0.00483	0.00151	0.00434	0.00492	0.00491	0.08617
3	0.08825	0.01277	0.01110	0.01026	0.06065	0.23629	0.00741	0.06124	0.01297	0.01728	0.17731	0.01697	0.04128	0.00606	0.00457	0.00127	0.00515	0.00474	0.00355	0.22091
4	0.01364	0.01143	0.01266	0.01197	0.11141	0.08070	0.00835	0.08418	0.20634	0.08663	0.01290	0.01326	0.00985	0.00510	0.00449	0.00125	0.00471	0.00415	0.00385	0.31312
5	0.01234	0.01184	0.02023	0.03059	0.79373	0.01184	0.01530	0.01530	0.01135	0.01628	0.00938	0.01234	0.00790	0.00444	0.00493	0.00148	0.00592	0.00444	0.00247	0.00790
6	0.00661	0.00484	0.00623	0.00648	0.00739	0.00445	0.00469	0.00832	0.01210	0.01655	0.41618	0.32051	0.11771	0.01250	0.00609	0.00177	0.00264	0.03547	0.00506	0.00441
7	0.01268	0.01085	0.01143	0.01020	0.01307	0.01253	0.00796	0.05922	0.75153	0.02131	0.01992	0.01831	0.01492	0.00673	0.00507	0.00168	0.00401	0.00559	0.00507	0.00792
8	0.01062	0.01082	0.02052	0.43492	0.14369	0.01170	0.26654	0.01418	0.01077	0.01433	0.00934	0.01320	0.00713	0.00464	0.00527	0.00164	0.00712	0.00491	0.00235	0.00628
9	0.02097	0.00900	0.01179	0.00915	0.01284	0.00832	0.00754	0.12148	0.01507	0.64824	0.01827	0.01648	0.01184	0.00810	0.05502	0.00194	0.00497	0.00496	0.00580	0.00823
10	0.01090	0.07132	0.44973	0.01651	0.02277	0.01249	0.31370	0.01580	0.01098	0.01560	0.00926	0.01151	0.00681	0.00450	0.00509	0.00159	0.00764	0.00448	0.00227	0.00705
11	0.00639	0.00495	0.00504	0.00511	0.00663	0.00426	0.00380	0.00778	0.01112	0.01415	0.04413	0.09210	0.63230	0.01183	0.00557	0.00163	0.00252	0.00990	0.12652	0.00426
12	0.00863	0.00585	0.00862	0.00836	0.00964	0.00545	0.07154	0.01037	0.03597	0.10324	0.02628	0.58452	0.07546	0.01307	0.00609	0.00191	0.00353	0.01189	0.00464	0.00492
13	0.01143	0.01220	0.02457	0.17691	0.19739	0.01214	0.45958	0.01519	0.01132	0.01541	0.00969	0.01317	0.00746	0.00441	0.00550	0.00163	0.00751	0.00528	0.00245	0.00675
14	0.01083	0.01104	0.01408	0.49472	0.09506	0.14107	0.01211	0.01355	0.01098	0.01328	0.03158	0.04996	0.02899	0.00619	0.00510	0.00163	0.00649	0.04506	0.00266	0.00562
15	0.01160	0.00979	0.01762	0.01379	0.01698	0.00946	0.34035	0.01606	0.12887	0.11635	0.01782	0.24501	0.01658	0.00810	0.00578	0.00176	0.00562	0.00810	0.00398	0.00636
16	0.00783	0.00504	0.00632	0.00677	0.00786	0.00454	0.00489	0.00900	0.01064	0.09389	0.03279	0.48257	0.23462	0.01372	0.00613	0.00190	0.00304	0.05908	0.00478	0.00458
17	0.00878	0.01160	0.22201	0.05631	0.09873	0.00772	0.02541	0.01156	0.01039	0.03836	0.01883	0.36246	0.02012	0.01021	0.00569	0.00183	0.00493	0.07580	0.00358	0.00568
18	0.01347	0.01358	0.22587	0.01228	0.01653	0.00932	0.16716	0.04811	0.01180	0.22959	0.01440	0.06691	0.01172	0.12682	0.00820	0.00209	0.00599	0.00571	0.00372	0.00674
19	0.01736	0.01024	0.01632	0.01745	0.27322	0.00964	0.09016	0.04872	0.01330	0.40323	0.01517	0.01609	0.01073	0.00562	0.00513	0.00156	0.00529	0.02833	0.00447	0.00798

[dist]
# distance from previous block
# <min> <max>
11	27

[block]
# block no. 4 follows, 50 sequences, length 6
# corresponding to MSA columns:
# 250-255
name=unknown_E
#
# <colnr> <probs for GDERKNQSTAVLIFYWHMCP>
#	G	D	E	R	K	N	Q	S	T	A	V	L	I	F	Y	W	H	M	C	P
0	0.20568	0.05249	0.07097	0.00783	0.01117	0.00862	0.00686	0.01488	0.05310	0.13408	0.13210	0.05009	0.06211	0.00655	0.00445	0.00141	0.00389	0.00521	0.00402	0.16449
1	0.01382	0.08403	0.07800	0.01159	0.03196	0.12295	0.03183	0.18567	0.01350	0.06271	0.04799	0.01379	0.01028	0.01145	0.14202	0.00265	0.12145	0.00450	0.00334	0.00648
2	0.00998	0.15780	0.20394	0.00927	0.01250	0.05256	0.02510	0.01244	0.01055	0.01444	0.05741	0.09856	0.05524	0.00827	0.00592	0.07050	0.00497	0.05915	0.12597	0.00544
3	0.11786	0.31776	0.01481	0.00785	0.01087	0.01164	0.00698	0.01295	0.01064	0.04226	0.07332	0.06511	0.05163	0.00738	0.00443	0.00143	0.00430	0.13244	0.00341	0.10292
4	0.00968	0.15278	0.20312	0.12165	0.01612	0.01027	0.01021	0.04132	0.01119	0.01531	0.12543	0.16904	0.01751	0.00752	0.00491	0.00152	0.00500	0.00636	0.00327	0.06780
5	0.00742	0.00559	0.00677	0.00719	0.00816	0.00550	0.00509	0.05285	0.07886	0.01518	0.09053	0.54587	0.12502	0.01348	0.00607	0.00189	0.00304	0.01200	0.00476	0.00471

[dist]
# distance from previous block
# <min> <max>
0	1

[block]
# block no. 5 follows, 50 sequences, length 14
# corresponding to MSA columns:
# 257-270
name=unknown_F
#
# <colnr> <probs for GDERKNQSTAVLIFYWHMCP>
#	G	D	E	R	K	N	Q	S	T	A	V	L	I	F	Y	W	H	M	C	P
0	0.06684	0.16390	0.20347	0.00978	0.01424	0.01146	0.00982	0.04199	0.10784	0.11072	0.04947	0.03570	0.01105	0.00551	0.00437	0.00137	0.00496	0.00430	0.00349	0.13972
1	0.01796	0.12401	0.01562	0.01230	0.01508	0.70693	0.00949	0.01928	0.01363	0.01214	0.00761	0.00886	0.00642	0.00503	0.00433	0.00126	0.00853	0.00314	0.00251	0.00586
2	0.00825	0.00760	0.03808	0.00808	0.04742	0.00617	0.00620	0.01088	0.05412	0.01533	0.06844	0.05749	0.32449	0.00915	0.00524	0.00146	0.00348	0.07800	0.00402	0.24610
3	0.01766	0.02215	0.01427	0.01287	0.01512	0.70637	0.00979	0.01892	0.01332	0.01217	0.00756	0.00923	0.00644	0.00558	0.00597	0.00140	0.10957	0.00335	0.00252	0.00574
4	0.01021	0.00982	0.01399	0.13919	0.01551	0.01330	0.01039	0.01152	0.00796	0.01182	0.00805	0.01399	0.00800	0.10988	0.01567	0.00243	0.58607	0.00473	0.00229	0.00516
5	0.00776	0.00895	0.12300	0.00819	0.01100	0.00621	0.07829	0.01006	0.01154	0.04437	0.09808	0.06843	0.48434	0.01037	0.00571	0.00167	0.00384	0.00891	0.00419	0.00510
6	0.00943	0.01186	0.13617	0.06222	0.05499	0.10236	0.06069	0.01180	0.01088	0.01381	0.02185	0.22387	0.15013	0.00966	0.00609	0.00176	0.04124	0.06236	0.00346	0.00538
7	0.00937	0.00848	0.01373	0.39935	0.19886	0.00945	0.01191	0.01214	0.01059	0.01392	0.01615	0.07294	0.07565	0.00746	0.00542	0.00174	0.00560	0.11853	0.00297	0.00573
8	0.01299	0.17725	0.16751	0.09114	0.03844	0.08309	0.17987	0.01609	0.01127	0.10234	0.01071	0.03672	0.00861	0.03612	0.00555	0.00161	0.00665	0.00461	0.00283	0.00659
9	0.00994	0.02199	0.61920	0.01498	0.06456	0.01097	0.07080	0.01502	0.01064	0.01561	0.01089	0.06019	0.00902	0.00571	0.00502	0.00164	0.00698	0.03739	0.00241	0.00704
10	0.01277	0.01038	0.04093	0.21206	0.04224	0.01036	0.16279	0.07239	0.09156	0.14370	0.01627	0.02042	0.05323	0.00654	0.00541	0.00169	0.00582	0.08098	0.00379	0.00667
11	0.02646	0.00925	0.00889	0.00868	0.01007	0.17168	0.04792	0.01066	0.01113	0.01345	0.05845	0.35194	0.14939	0.04255	0.00654	0.00189	0.00458	0.05781	0.00403	0.00463
12	0.01229	0.09336	0.25969	0.01540	0.11458	0.14070	0.10661	0.05214	0.01194	0.01540	0.01110	0.04280	0.00973	0.00653	0.02172	0.00169	0.00703	0.06791	0.00273	0.00665
13	0.01380	0.00826	0.00949	0.00861	0.01075	0.07159	0.00667	0.01669	0.09034	0.28800	0.01925	0.18877	0.01700	0.01437	0.15979	0.00289	0.00601	0.02679	0.03469	0.00624

[dist]
# distance from previous block
# <min> <max>
3	12

[block]
# block no. 6 follows, 50 sequences, length 16
# corresponding to MSA columns:
# 283-298
name=unknown_G
#
# <colnr> <probs for GDERKNQSTAVLIFYWHMCP>
#	G	D	E	R	K	N	Q	S	T	A	V	L	I	F	Y	W	H	M	C	P
0	0.00717	0.00526	0.00598	0.00576	0.00738	0.00457	0.00439	0.00884	0.01237	0.05566	0.27779	0.04333	0.49537	0.01158	0.00588	0.00166	0.00263	0.03482	0.00497	0.00459
1	0.01535	0.11851	0.01542	0.01222	0.06724	0.17313	0.00930	0.25988	0.13569	0.02001	0.02889	0.01289	0.00982	0.00770	0.05281	0.00185	0.04418	0.00432	0.00372	0.00707
2	0.02065	0.00831	0.01115	0.00872	0.01230	0.00735	0.00714	0.02318	0.05022	0.69737	0.08280	0.01870	0.01531	0.00653	0.00509	0.00155	0.00407	0.00537	0.00606	0.00815
3	0.01667	0.01283	0.01368	0.01101	0.01459	0.01439	0.00892	0.51593	0.28833	0.02774	0.01486	0.01427	0.01082	0.00625	0.00502	0.00156	0.00495	0.00489	0.00502	0.00827
4	0.52042	0.01219	0.01001	0.00858	0.01178	0.09895	0.00693	0.17784	0.07575	0.02305	0.00918	0.00987	0.00697	0.00514	0.00380	0.00152	0.00477	0.00337	0.00359	0.00630
5	0.00622	0.00487	0.00568	0.00613	0.00725	0.00432	0.00450	0.00752	0.01097	0.01385	0.10020	0.31314	0.40913	0.01355	0.00613	0.00184	0.00281	0.07298	0.00469	0.00422
6	0.01348	0.69577	0.05516	0.00890	0.01315	0.01830	0.00882	0.01629	0.07368	0.04447	0.00862	0.00933	0.00736	0.00456	0.00349	0.00116	0.00525	0.00304	0.00254	0.00664
7	0.01329	0.24782	0.36887	0.01226	0.01744	0.23176	0.01326	0.01668	0.01140	0.01367	0.00804	0.00940	0.00637	0.00471	0.00424	0.00136	0.00725	0.00327	0.00224	0.00666
8	0.01505	0.00690	0.00903	0.00746	0.01015	0.00603	0.00596	0.01701	0.01375	0.43452	0.26042	0.02811	0.14732	0.00843	0.00542	0.00157	0.00339	0.00711	0.00571	0.00665
9	0.00603	0.00452	0.00559	0.00645	0.00710	0.00409	0.00441	0.00700	0.01002	0.01292	0.03347	0.62007	0.23060	0.01484	0.00624	0.00194	0.00280	0.01322	0.00463	0.00409
10	0.01765	0.10867	0.06525	0.01054	0.01438	0.08851	0.00915	0.34373	0.01716	0.20172	0.01355	0.06434	0.01036	0.00628	0.00481	0.00148	0.00547	0.00485	0.00449	0.00762
11	0.01792	0.00975	0.01463	0.01108	0.01486	0.00910	0.14844	0.12863	0.01497	0.44440	0.08132	0.01868	0.04947	0.00641	0.00528	0.00157	0.00495	0.00568	0.00520	0.00765
12	0.00645	0.00459	0.00614	0.00725	0.00767	0.00436	0.00512	0.00751	0.00977	0.01296	0.02680	0.66212	0.03164	0.04931	0.00725	0.00219	0.00325	0.13700	0.00455	0.00409
13	0.16493	0.09240	0.08084	0.01035	0.01427	0.01291	0.04462	0.28974	0.06413	0.10675	0.04596	0.01384	0.01046	0.00581	0.00458	0.00152	0.00509	0.02036	0.00416	0.00727
14	0.00982	0.01004	0.00812	0.00790	0.00948	0.21312	0.00581	0.03445	0.01242	0.01444	0.13846	0.21741	0.27801	0.01083	0.00561	0.00164	0.00436	0.00908	0.00423	0.00478
15	0.20727	0.13774	0.04643	0.00857	0.01181	0.01145	0.02248	0.16323	0.03291	0.07629	0.18553	0.01794	0.04601	0.00654	0.00452	0.00148	0.00429	0.00509	0.00412	0.00635

[dist]
# distance from previous block
# <min> <max>
2	11

[block]
# block no. 7 follows, 50 sequences, length 49
# corresponding to MSA columns:
# 310-358
name=unknown_H
#
# <colnr> <probs for GDERKNQSTAVLIFYWHMCP>
#	G	D	E	R	K	N	Q	S	T	A	V	L	I	F	Y	W	H	M	C	P
0	0.01092	0.07743	0.49438	0.01319	0.01892	0.01251	0.05596	0.01813	0.19192	0.01658	0.01145	0.01241	0.00848	0.00527	0.00513	0.00159	0.03138	0.00421	0.00283	0.00733
1	0.01133	0.01081	0.01841	0.30023	0.53197	0.01158	0.01480	0.01441	0.01087	0.01506	0.00920	0.01266	0.00746	0.00463	0.00495	0.00154	0.00617	0.00444	0.00238	0.00708
2	0.01201	0.01049	0.01584	0.50400	0.15828	0.01217	0.01312	0.18188	0.01317	0.01746	0.00963	0.01284	0.00726	0.00511	0.00498	0.00159	0.00627	0.00444	0.00287	0.00658
3	0.00827	0.00592	0.00856	0.00834	0.00982	0.00561	0.04906	0.01054	0.01252	0.05132	0.32280	0.08565	0.07771	0.01155	0.00627	0.00190	0.00371	0.31068	0.00490	0.00487
4	0.01218	0.01169	0.01996	0.07118	0.75433	0.01180	0.01522	0.01516	0.01128	0.01610	0.00935	0.01239	0.00783	0.00447	0.00494	0.00149	0.00596	0.00444	0.00245	0.00777
5	0.01900	0.00830	0.01090	0.00876	0.01209	0.00759	0.00716	0.04193	0.07975	0.58535	0.11005	0.02109	0.01727	0.00702	0.00520	0.00159	0.00404	0.03921	0.00589	0.00782
6	0.02054	0.00855	0.01128	0.00893	0.01251	0.00775	0.00727	0.02377	0.09972	0.67645	0.02008	0.05245	0.01356	0.00665	0.00508	0.00158	0.00415	0.00548	0.00598	0.00822
7	0.00731	0.00518	0.00760	0.00760	0.00831	0.00588	0.00572	0.00847	0.00776	0.01106	0.01301	0.02024	0.01253	0.10622	0.64260	0.10690	0.01152	0.00539	0.00264	0.00405
8	0.01092	0.09431	0.01589	0.15806	0.33100	0.01042	0.01152	0.01337	0.01087	0.04934	0.01428	0.13397	0.01399	0.00740	0.00522	0.00165	0.00531	0.10297	0.00314	0.00638
9	0.06287	0.01014	0.03773	0.01475	0.22033	0.00938	0.00969	0.05334	0.06070	0.39223	0.05529	0.01649	0.01260	0.00592	0.00495	0.00155	0.00471	0.01479	0.00472	0.00784
10	0.00718	0.00511	0.00683	0.00683	0.00731	0.00559	0.00475	0.00814	0.00766	0.01069	0.01444	0.02558	0.01507	0.39997	0.44605	0.00655	0.00943	0.00622	0.00283	0.00379
11	0.01008	0.02111	0.56788	0.01431	0.02045	0.01098	0.13401	0.03332	0.01117	0.01624	0.05392	0.06227	0.01046	0.00565	0.00508	0.00162	0.00693	0.00498	0.00258	0.00694
12	0.01211	0.13204	0.58867	0.01272	0.01920	0.01211	0.01559	0.01681	0.01097	0.12013	0.01011	0.01105	0.00713	0.00486	0.00456	0.00150	0.00667	0.00372	0.00265	0.00739
13	0.01164	0.05162	0.20045	0.20052	0.02199	0.10409	0.14598	0.01583	0.05709	0.04563	0.06389	0.02626	0.02195	0.00554	0.00505	0.00157	0.00668	0.00492	0.00290	0.00640
14	0.01303	0.01436	0.04811	0.01590	0.21521	0.28825	0.01047	0.01474	0.01171	0.01357	0.01242	0.02107	0.01197	0.00836	0.00702	0.10870	0.00657	0.16992	0.00291	0.00568
15	0.00709	0.00505	0.00687	0.00796	0.00866	0.00491	0.00621	0.00861	0.01037	0.01365	0.02636	0.40783	0.03014	0.05480	0.00756	0.00230	0.00382	0.37902	0.00453	0.00426
16	0.01258	0.00916	0.04511	0.00794	0.01204	0.00681	0.00666	0.01483	0.01132	0.18441	0.04634	0.04914	0.01128	0.00509	0.00424	0.00104	0.00388	0.00420	0.00379	0.56015
17	0.00898	0.01252	0.21641	0.25280	0.05552	0.00937	0.05880	0.01279	0.04465	0.01434	0.01792	0.14520	0.11478	0.00762	0.00531	0.00169	0.00565	0.00672	0.00304	0.00588
18	0.00617	0.00451	0.00580	0.00664	0.00720	0.00415	0.00454	0.00726	0.01030	0.01368	0.12162	0.63898	0.12155	0.01462	0.00625	0.00193	0.00279	0.01313	0.00473	0.00415
19	0.01221	0.01171	0.02000	0.06492	0.76041	0.01181	0.01523	0.01518	0.01129	0.01613	0.00935	0.01238	0.00784	0.00446	0.00494	0.00149	0.00595	0.00444	0.00246	0.00779
20	0.01369	0.01614	0.31612	0.01116	0.01572	0.05414	0.01158	0.09772	0.06797	0.18661	0.06822	0.09142	0.01383	0.00675	0.00507	0.00160	0.00557	0.00553	0.00400	0.00717
21	0.01030	0.02365	0.66625	0.01538	0.02235	0.01175	0.14903	0.01582	0.01074	0.01582	0.00914	0.01103	0.00653	0.00464	0.00493	0.00160	0.00755	0.00406	0.00218	0.00726
22	0.01090	0.01134	0.01018	0.00967	0.01093	0.25164	0.00736	0.01232	0.00988	0.01173	0.01187	0.05193	0.01141	0.07268	0.41633	0.00504	0.07212	0.00512	0.00271	0.00483
23	0.01080	0.00956	0.01266	0.01282	0.19507	0.00786	0.00811	0.01319	0.01057	0.01625	0.00898	0.01080	0.00750	0.00387	0.00398	0.00091	0.00421	0.00330	0.00284	0.65670
24	0.20808	0.01631	0.01203	0.01062	0.01354	0.34291	0.00825	0.11526	0.19181	0.01891	0.01097	0.01138	0.00848	0.00550	0.00437	0.00146	0.00622	0.00381	0.00357	0.00652
25	0.00619	0.00442	0.00590	0.00694	0.00725	0.00422	0.00465	0.00707	0.00935	0.01252	0.02608	0.73716	0.03105	0.05305	0.05623	0.00252	0.00362	0.01332	0.00444	0.00403
26	0.01234	0.01184	0.02023	0.03059	0.79373	0.01184	0.01530	0.01530	0.01135	0.01628	0.00938	0.01234	0.00790	0.00444	0.00493	0.00148	0.00592	0.00444	0.00247	0.00790
27	0.00773	0.00651	0.01016	0.37913	0.01980	0.00747	0.00894	0.00976	0.00955	0.01254	0.01749	0.36522	0.01887	0.04020	0.06197	0.00237	0.00542	0.00882	0.00332	0.00473
28	0.01895	0.01396	0.01496	0.01147	0.01546	0.01546	0.00947	0.77711	0.02344	0.03141	0.01197	0.01197	0.00848	0.00598	0.00499	0.00150	0.00548	0.00449	0.00499	0.00848
29	0.01176	0.01345	0.02941	0.02101	0.02605	0.01261	0.77563	0.01597	0.01176	0.01597	0.01008	0.01345	0.00756	0.00420	0.00588	0.00168	0.00840	0.00588	0.00252	0.00672
30	0.00669	0.00488	0.00687	0.00735	0.00792	0.00520	0.00529	0.00795	0.00859	0.01189	0.01944	0.35556	0.02149	0.09355	0.40693	0.00525	0.00828	0.00919	0.00352	0.00416
31	0.00959	0.00856	0.01369	0.01970	0.43075	0.00840	0.01058	0.01174	0.01084	0.01489	0.01964	0.25407	0.08503	0.00919	0.00560	0.00172	0.00463	0.07174	0.00346	0.00618
32	0.01187	0.22927	0.29315	0.01506	0.02060	0.04943	0.28159	0.01581	0.01102	0.01464	0.00877	0.01083	0.00678	0.00444	0.00473	0.00147	0.00728	0.00417	0.00228	0.00682
33	0.00721	0.00549	0.00717	0.04321	0.00994	0.00531	0.00661	0.00907	0.01113	0.01411	0.03285	0.14952	0.25287	0.01328	0.00644	0.00205	0.00386	0.41094	0.00450	0.00445
34	0.00610	0.00459	0.00565	0.00637	0.00711	0.00414	0.00440	0.00718	0.01038	0.01347	0.09080	0.55152	0.24144	0.01439	0.00620	0.00190	0.00275	0.01279	0.00469	0.00414
35	0.01062	0.00861	0.01278	0.01054	0.01243	0.03480	0.16419	0.12194	0.02698	0.01462	0.01247	0.05923	0.01188	0.15576	0.11971	0.20304	0.00671	0.00581	0.00307	0.00481
36	0.01223	0.01174	0.02004	0.05851	0.76663	0.01182	0.01525	0.01521	0.01130	0.01616	0.00936	0.01237	0.00785	0.00446	0.00494	0.00149	0.00595	0.00444	0.00246	0.00781
37	0.01274	0.01108	0.02069	0.06552	0.06067	0.02542	0.40279	0.04368	0.01219	0.13175	0.01431	0.11609	0.01234	0.00648	0.00569	0.00170	0.00660	0.04016	0.00349	0.00659
38	0.00844	0.00472	0.00648	0.00641	0.00672	0.00467	0.00428	0.00773	0.00793	0.03818	0.08971	0.06168	0.01622	0.20641	0.05867	0.45502	0.00464	0.00604	0.00298	0.00305
39	0.05533	0.01148	0.01745	0.11002	0.49270	0.01203	0.01313	0.11655	0.05459	0.05297	0.01059	0.01272	0.00830	0.00491	0.00487	0.00152	0.00566	0.00445	0.00311	0.00762
40	0.01129	0.01045	0.01728	0.02524	0.60868	0.01064	0.01306	0.01384	0.01087	0.01571	0.01193	0.11796	0.01134	0.00620	0.00566	0.00157	0.04912	0.00571	0.04636	0.00710
41	0.01711	0.01083	0.01254	0.04639	0.01426	0.01141	0.00830	0.41330	0.04538	0.21382	0.01758	0.09920	0.05231	0.00735	0.00518	0.00159	0.00476	0.00597	0.00510	0.00765
42	0.01223	0.00887	0.01097	0.00822	0.01216	0.00732	0.03333	0.06960	0.01196	0.12739	0.02416	0.05398	0.05022	0.00536	0.00432	0.00106	0.00395	0.00448	0.00374	0.54666
43	0.01089	0.15964	0.48923	0.01195	0.01756	0.05477	0.01409	0.01506	0.01099	0.03382	0.04731	0.01556	0.04974	0.00581	0.00468	0.00151	0.00642	0.04158	0.00264	0.00672
44	0.01693	0.05791	0.01400	0.05166	0.01544	0.66057	0.00928	0.01830	0.01338	0.01235	0.03577	0.01137	0.00846	0.04734	0.00558	0.00148	0.00826	0.00366	0.00266	0.00562
45	0.00983	0.00971	0.07662	0.00781	0.01187	0.00687	0.00671	0.01211	0.00993	0.01531	0.00977	0.01301	0.00861	0.08504	0.04920	0.00160	0.00464	0.00356	0.00287	0.65495
46	0.05164	0.00743	0.07453	0.04490	0.01110	0.00632	0.00772	0.01036	0.01053	0.01474	0.02310	0.13914	0.06458	0.07501	0.00753	0.00223	0.00444	0.38389	0.05612	0.00470
47	0.04611	0.01981	0.01344	0.01203	0.01448	0.61314	0.04665	0.01778	0.01360	0.01363	0.09493	0.04919	0.01212	0.00610	0.00475	0.00138	0.00777	0.00446	0.00300	0.00561
48	0.01284	0.05669	0.06456	0.05550	0.05449	0.04618	0.36199	0.01695	0.07011	0.10972	0.05191	0.01564	0.01101	0.04233	0.00625	0.00174	0.00670	0.00543	0.00327	0.00672

[dist]
# distance from previous block
# <min> <max>
0	134

# created by:
# /home/cegg/simao/soft/augustus-3.2.1/scripts/msa2prfl.pl ./align_prep/32138.fa
