[name]
unknown

[dist]
# distance from previous block
# <min> <max>
0	442

[block]
# block no. 0 follows, 40 sequences, length 18
# corresponding to MSA columns:
# 447-464
name=unknown_A
#
# <colnr> <probs for GDERKNQSTAVLIFYWHMCP>
#	G	D	E	R	K	N	Q	S	T	A	V	L	I	F	Y	W	H	M	C	P
0	0.01398	0.07077	0.01558	0.07813	0.12062	0.15044	0.01157	0.05745	0.06568	0.01812	0.01926	0.03422	0.01892	0.00998	0.00644	0.00206	0.00677	0.28889	0.00421	0.00691
1	0.08877	0.18038	0.05013	0.05805	0.10555	0.18361	0.01188	0.19039	0.01671	0.04743	0.01076	0.01212	0.00841	0.00588	0.00505	0.00161	0.00727	0.00426	0.00370	0.00806
2	0.06942	0.05850	0.00854	0.00692	0.00894	0.00696	0.00539	0.01075	0.01433	0.01971	0.36005	0.04392	0.34181	0.01214	0.00642	0.00184	0.00319	0.01022	0.00552	0.00544
3	0.00788	0.00561	0.00657	0.00684	0.00734	0.00544	0.00434	0.00850	0.00992	0.01296	0.02816	0.19488	0.15513	0.44205	0.07539	0.00458	0.00542	0.01063	0.00421	0.00414
4	0.00707	0.00512	0.00669	0.00795	0.00840	0.00474	0.00533	0.00811	0.01127	0.01490	0.03382	0.74342	0.08574	0.01799	0.00739	0.00234	0.00335	0.01625	0.00540	0.00474
5	0.10533	0.01848	0.01559	0.04587	0.01781	0.25583	0.01054	0.30059	0.10291	0.05214	0.01304	0.01354	0.00972	0.00656	0.00542	0.00171	0.00730	0.00472	0.00461	0.00829
6	0.01507	0.52077	0.09547	0.01179	0.04616	0.07431	0.01099	0.01754	0.01229	0.01517	0.00882	0.01030	0.00770	0.00501	0.00418	0.00128	0.00650	0.00340	0.00268	0.13057
7	0.01357	0.01266	0.02130	0.40781	0.19169	0.01404	0.12367	0.10960	0.01432	0.01913	0.01115	0.01509	0.00850	0.00569	0.00596	0.00187	0.00770	0.00543	0.00312	0.00771
8	0.00831	0.00623	0.00935	0.00935	0.01038	0.00727	0.00727	0.01038	0.00935	0.01350	0.01558	0.02285	0.01454	0.04361	0.77259	0.00935	0.01558	0.00623	0.00312	0.00519
9	0.00888	0.00767	0.01100	0.31443	0.02087	0.00825	0.00937	0.01166	0.01350	0.01748	0.23303	0.03642	0.26466	0.01040	0.00645	0.00192	0.00480	0.00896	0.00456	0.00569
10	0.01948	0.02349	0.01526	0.01397	0.01686	0.58382	0.01050	0.02374	0.15322	0.01616	0.01314	0.06006	0.01129	0.00709	0.00550	0.00164	0.00895	0.00505	0.00369	0.00708
11	0.00767	0.00544	0.00719	0.00793	0.00833	0.00547	0.00533	0.00866	0.01011	0.01370	0.02530	0.44913	0.02929	0.21265	0.17131	0.00461	0.00645	0.01243	0.00447	0.00453
12	0.01691	0.01787	0.01888	0.17860	0.25705	0.26356	0.01423	0.09437	0.04910	0.01865	0.01107	0.01363	0.00881	0.00589	0.00561	0.00171	0.00810	0.00478	0.00330	0.00790
13	0.00790	0.00611	0.00736	0.00746	0.00891	0.00542	0.00529	0.00931	0.01178	0.01568	0.07317	0.34917	0.22604	0.07879	0.05511	0.00272	0.00426	0.01215	0.00492	0.10842
14	0.01161	0.00753	0.00931	0.05516	0.01131	0.00780	0.00629	0.05386	0.06901	0.09759	0.07103	0.10348	0.02222	0.37210	0.07307	0.00418	0.00596	0.00840	0.00453	0.00557
15	0.08844	0.04911	0.09952	0.04548	0.30152	0.01241	0.01337	0.04457	0.01360	0.11193	0.03960	0.01492	0.01090	0.00569	0.00530	0.00162	0.00608	0.00484	0.00372	0.12737
16	0.10214	0.05401	0.01779	0.02046	0.30616	0.06766	0.04429	0.01769	0.04358	0.05403	0.13473	0.02079	0.01777	0.00698	0.00567	0.00174	0.00598	0.03631	0.00397	0.03827
17	0.36412	0.01551	0.16323	0.01362	0.09317	0.01260	0.04442	0.05005	0.01231	0.06183	0.01036	0.01189	0.00781	0.00540	0.00466	0.00168	0.00589	0.00403	0.00353	0.11388

[dist]
# distance from previous block
# <min> <max>
3	22

[block]
# block no. 1 follows, 40 sequences, length 46
# corresponding to MSA columns:
# 487-515,577-593
name=unknown_B
#
# <colnr> <probs for GDERKNQSTAVLIFYWHMCP>
#	G	D	E	R	K	N	Q	S	T	A	V	L	I	F	Y	W	H	M	C	P
0	0.01063	0.02544	0.18344	0.01157	0.01490	0.00939	0.06116	0.09350	0.01363	0.01856	0.05445	0.29417	0.07222	0.07530	0.00847	0.00236	0.00560	0.03436	0.00444	0.00642
1	0.01135	0.01282	0.10204	0.15153	0.25422	0.01117	0.10150	0.01475	0.01239	0.01704	0.01775	0.20959	0.04102	0.00886	0.00633	0.00197	0.00658	0.00835	0.00350	0.00725
2	0.01447	0.04444	0.01422	0.09779	0.13585	0.09496	0.01018	0.01738	0.05013	0.14886	0.02394	0.17093	0.10888	0.00987	0.00618	0.00191	0.00569	0.03252	0.00464	0.00716
3	0.01351	0.00964	0.01575	0.01216	0.01534	0.00876	0.19752	0.01578	0.01261	0.15888	0.06936	0.02710	0.05599	0.25466	0.01352	0.00295	0.00611	0.00732	0.00436	0.09866
4	0.01130	0.00842	0.01156	0.09320	0.03044	0.04164	0.05697	0.01310	0.01227	0.10550	0.02618	0.37871	0.07679	0.06625	0.00862	0.00237	0.02174	0.02423	0.00480	0.00591
5	0.01472	0.01294	0.01938	0.07617	0.39326	0.07313	0.06351	0.01760	0.01347	0.09739	0.01610	0.13522	0.02596	0.00765	0.00608	0.00185	0.00664	0.00711	0.00376	0.00805
6	0.00766	0.00574	0.00710	0.00715	0.00844	0.00518	0.00522	0.00972	0.01452	0.01965	0.43137	0.21255	0.21646	0.01396	0.00699	0.00198	0.00293	0.01227	0.00594	0.00518
7	0.01370	0.01944	0.19780	0.02072	0.02619	0.06993	0.42043	0.01827	0.01292	0.01761	0.01068	0.01412	0.00823	0.00586	0.00814	0.00198	0.11768	0.00580	0.00278	0.00773
8	0.01375	0.01469	0.07309	0.12897	0.08812	0.01431	0.25758	0.04432	0.26019	0.02057	0.01546	0.01728	0.01163	0.00616	0.00618	0.00193	0.00733	0.00615	0.00394	0.00833
9	0.01105	0.00877	0.01241	0.19234	0.06862	0.00991	0.00956	0.09919	0.01208	0.01640	0.01455	0.02346	0.01375	0.22470	0.25290	0.00520	0.00944	0.00637	0.00341	0.00589
10	0.00761	0.00558	0.00679	0.00718	0.00806	0.00514	0.00495	0.00898	0.01243	0.01649	0.21183	0.31010	0.18727	0.15582	0.01117	0.00274	0.00357	0.02425	0.00531	0.00474
11	0.01805	0.01961	0.01955	0.01602	0.01942	0.32302	0.14835	0.14400	0.06499	0.01951	0.01155	0.01374	0.00924	0.00863	0.04973	0.00221	0.09618	0.00506	0.00362	0.00752
12	0.01269	0.23334	0.57123	0.01482	0.02246	0.01602	0.01844	0.01815	0.01216	0.01716	0.00981	0.01150	0.00739	0.00538	0.00505	0.00168	0.00797	0.00398	0.00246	0.00830
13	0.49136	0.01479	0.01220	0.01027	0.01412	0.10804	0.00834	0.23525	0.01595	0.02781	0.00997	0.01093	0.00752	0.00595	0.00447	0.00175	0.00581	0.00385	0.00419	0.00743
14	0.01037	0.00631	0.00639	0.00611	0.00789	0.00613	0.00466	0.06177	0.01357	0.02083	0.03117	0.03192	0.24767	0.00929	0.00507	0.00157	0.00304	0.00756	0.51312	0.00557
15	0.00718	0.00537	0.00645	0.00725	0.00803	0.00488	0.00490	0.00821	0.01146	0.01470	0.03850	0.48883	0.25006	0.10414	0.00974	0.00261	0.00350	0.01436	0.00519	0.00464
16	0.01164	0.00873	0.01043	0.00907	0.01208	0.00796	0.00696	0.01636	0.14535	0.06877	0.12687	0.19849	0.02497	0.00981	0.00590	0.00167	0.00400	0.03258	0.00507	0.29327
17	0.01205	0.01143	0.01938	0.54733	0.26600	0.01320	0.01668	0.01580	0.01213	0.01616	0.01053	0.01515	0.00821	0.00562	0.00580	0.00187	0.00749	0.00517	0.00268	0.00732
18	0.02050	0.00978	0.01175	0.00941	0.01295	0.00947	0.00764	0.16676	0.01740	0.38429	0.01989	0.01921	0.01365	0.00702	0.00528	0.00165	0.00454	0.00559	0.26473	0.00849
19	0.01533	0.01003	0.01107	0.00935	0.01255	0.01012	0.00747	0.20237	0.10631	0.15210	0.03373	0.03264	0.28529	0.01010	0.00614	0.00185	0.00440	0.02011	0.06142	0.00761
20	0.27069	0.00853	0.00909	0.00855	0.01098	0.00896	0.00679	0.01602	0.07366	0.09173	0.24090	0.09784	0.02875	0.01015	0.00586	0.00198	0.00402	0.09377	0.00534	0.00637
21	0.00934	0.00710	0.00877	0.00909	0.01084	0.00698	0.00750	0.03479	0.07053	0.01918	0.16708	0.05432	0.21195	0.01408	0.00731	0.00227	0.00427	0.34328	0.00561	0.00570
22	0.72227	0.01174	0.00967	0.00835	0.01209	0.01343	0.00688	0.09494	0.01199	0.05190	0.00922	0.01028	0.00695	0.00563	0.00391	0.00179	0.00472	0.00346	0.00396	0.00680
23	0.00947	0.00635	0.00761	0.00742	0.00916	0.00572	0.00551	0.01178	0.03907	0.09238	0.24246	0.21098	0.30284	0.01373	0.00686	0.00200	0.00324	0.01189	0.00588	0.00567
24	0.68127	0.01178	0.00998	0.00854	0.01233	0.01335	0.00704	0.10687	0.01250	0.07753	0.00983	0.01071	0.00729	0.00572	0.00402	0.00179	0.00476	0.00359	0.00412	0.00698
25	0.58252	0.01282	0.01133	0.00944	0.01336	0.01460	0.00778	0.24266	0.01534	0.02939	0.00993	0.01086	0.00742	0.00589	0.00429	0.00178	0.00509	0.00380	0.00429	0.00742
26	0.66373	0.01139	0.00987	0.00843	0.01223	0.01273	0.00695	0.06789	0.01206	0.13375	0.01065	0.01125	0.00772	0.00577	0.00408	0.00180	0.00469	0.00368	0.00427	0.00706
27	0.00790	0.00567	0.00700	0.00709	0.00795	0.00530	0.00486	0.00945	0.01296	0.01766	0.34144	0.20473	0.11580	0.21132	0.01272	0.00292	0.00363	0.01148	0.00535	0.00477
28	0.00729	0.00533	0.00686	0.00770	0.00842	0.00490	0.00531	0.00870	0.01244	0.01664	0.18063	0.55984	0.12137	0.01656	0.00725	0.00221	0.00320	0.01485	0.00560	0.00490
29	0.83671	0.01125	0.00855	0.00765	0.01125	0.01305	0.00630	0.01709	0.00990	0.02609	0.00810	0.00945	0.00630	0.00540	0.00360	0.00180	0.00450	0.00315	0.00360	0.00630
30	0.03203	0.00794	0.00955	0.00848	0.01073	0.00765	0.00643	0.07390	0.05368	0.17523	0.24724	0.11075	0.12035	0.09881	0.00904	0.00232	0.00405	0.00934	0.00588	0.00661
31	0.00750	0.00534	0.00705	0.00805	0.00858	0.00503	0.00556	0.00881	0.01188	0.01601	0.13567	0.58530	0.03937	0.06729	0.00881	0.00252	0.00356	0.06344	0.00542	0.00480
32	0.00777	0.00572	0.00653	0.00658	0.00751	0.00528	0.00440	0.00889	0.01186	0.01547	0.18105	0.12555	0.26094	0.30929	0.01551	0.00337	0.00397	0.01094	0.00489	0.00448
33	0.74559	0.01181	0.00954	0.00829	0.01201	0.01360	0.00683	0.09795	0.01185	0.02727	0.00875	0.00995	0.00670	0.00558	0.00385	0.00179	0.00471	0.00338	0.00385	0.00670
34	0.01973	0.01115	0.01323	0.01075	0.01452	0.01129	0.00867	0.17768	0.17406	0.32747	0.11621	0.02341	0.04879	0.00820	0.00603	0.00183	0.00482	0.00672	0.00646	0.00899
35	0.00846	0.00564	0.00634	0.00634	0.00634	0.00564	0.00352	0.00846	0.00846	0.01128	0.01832	0.03805	0.02114	0.79563	0.02960	0.00564	0.00564	0.00846	0.00352	0.00352
36	0.00833	0.00578	0.00673	0.00698	0.00740	0.00565	0.00452	0.00892	0.00981	0.01280	0.02528	0.08321	0.10604	0.56114	0.02295	0.00465	0.00518	0.10656	0.00408	0.00399
37	0.00844	0.00570	0.00668	0.00668	0.00679	0.00582	0.00394	0.00867	0.00856	0.01152	0.01802	0.03635	0.02040	0.71151	0.11271	0.00605	0.00675	0.00821	0.00348	0.00371
38	0.01678	0.01364	0.01445	0.01230	0.01600	0.01555	0.00977	0.24599	0.52999	0.02806	0.02072	0.01935	0.01537	0.00761	0.00589	0.00190	0.00515	0.00617	0.00589	0.00941
39	0.00889	0.00648	0.00856	0.00957	0.01090	0.00632	0.00809	0.01115	0.01297	0.01663	0.03437	0.06180	0.15044	0.07897	0.00959	0.00280	0.00498	0.54715	0.00521	0.00513
40	0.01549	0.01726	0.02694	0.02689	0.30056	0.15748	0.33160	0.01920	0.01406	0.01794	0.01093	0.01422	0.00872	0.00521	0.00614	0.00179	0.00885	0.00565	0.00293	0.00815
41	0.10582	0.01031	0.01303	0.01005	0.01455	0.00879	0.05707	0.01656	0.01266	0.11121	0.01421	0.01944	0.01209	0.00625	0.00504	0.00138	0.00491	0.09059	0.00412	0.48195
42	0.06207	0.01306	0.01368	0.09729	0.01722	0.08210	0.00962	0.25458	0.11841	0.03771	0.20870	0.02242	0.02215	0.00808	0.00593	0.00180	0.00559	0.00655	0.00526	0.00777
43	0.01994	0.25936	0.02099	0.01303	0.01706	0.34766	0.01080	0.20841	0.01789	0.01991	0.01001	0.01104	0.00811	0.00594	0.00493	0.00149	0.00812	0.00394	0.00358	0.00778
44	0.01016	0.00904	0.00972	0.01008	0.06120	0.05998	0.00703	0.01468	0.13530	0.01988	0.28515	0.04025	0.28085	0.01140	0.00654	0.00188	0.00397	0.02115	0.00549	0.00624
45	0.01714	0.46667	0.02333	0.01047	0.01491	0.10254	0.00946	0.05654	0.01408	0.10828	0.06183	0.01352	0.01178	0.00590	0.00452	0.00138	0.00618	0.00416	0.00363	0.06369

[dist]
# distance from previous block
# <min> <max>
1	9

[block]
# block no. 2 follows, 40 sequences, length 72
# corresponding to MSA columns:
# 603-653,674-694
name=unknown_C
#
# <colnr> <probs for GDERKNQSTAVLIFYWHMCP>
#	G	D	E	R	K	N	Q	S	T	A	V	L	I	F	Y	W	H	M	C	P
0	0.01934	0.01865	0.01599	0.01409	0.05146	0.26992	0.01061	0.28080	0.12174	0.02455	0.01331	0.01393	0.01017	0.00644	0.00545	0.00160	0.00726	0.00476	0.02700	0.08291
1	0.11778	0.00669	0.00832	0.07627	0.01198	0.00679	0.00662	0.01119	0.01147	0.06433	0.02765	0.53671	0.06346	0.01457	0.00665	0.00220	0.00399	0.01289	0.00503	0.00542
2	0.25097	0.01308	0.01311	0.01068	0.01479	0.01426	0.00865	0.26087	0.18888	0.02814	0.01403	0.01420	0.01052	0.00635	0.00499	0.00168	0.00513	0.00469	0.00486	0.13012
3	0.00832	0.00621	0.00789	0.00810	0.00902	0.00647	0.00575	0.01067	0.06257	0.01480	0.05954	0.21838	0.10450	0.19237	0.25309	0.00517	0.00772	0.01010	0.00436	0.00498
4	0.01194	0.01114	0.01870	0.35786	0.34641	0.01223	0.01547	0.01526	0.01226	0.01664	0.01345	0.11716	0.01242	0.00717	0.00600	0.00190	0.00681	0.00667	0.00308	0.00742
5	0.01622	0.03971	0.32064	0.01923	0.15369	0.01318	0.10235	0.06665	0.01450	0.17739	0.01350	0.01468	0.00952	0.00582	0.00577	0.00181	0.00746	0.00512	0.00381	0.00895
6	0.01315	0.01630	0.09861	0.02258	0.02839	0.01395	0.62162	0.01807	0.01379	0.01894	0.06423	0.01734	0.01194	0.00545	0.00674	0.00194	0.00920	0.00689	0.00314	0.00774
7	0.00785	0.00557	0.00729	0.00838	0.00896	0.00535	0.00603	0.00912	0.01131	0.01492	0.03034	0.47387	0.05563	0.14219	0.01111	0.00295	0.00420	0.18516	0.00509	0.00469
8	0.01375	0.01114	0.01828	0.35067	0.29993	0.01208	0.01490	0.01719	0.01302	0.09837	0.04664	0.01713	0.01151	0.00605	0.00576	0.00181	0.00667	0.00550	0.04183	0.00776
9	0.01460	0.04058	0.23533	0.01726	0.05590	0.04809	0.21799	0.06756	0.01439	0.09988	0.01690	0.07192	0.05850	0.00710	0.00612	0.00187	0.00761	0.00660	0.00378	0.00802
10	0.01484	0.11835	0.03234	0.02159	0.02726	0.01536	0.59089	0.01915	0.01368	0.07058	0.01207	0.01514	0.00904	0.00507	0.00638	0.00186	0.00899	0.00630	0.00318	0.00794
11	0.00929	0.00662	0.00846	0.00823	0.00903	0.00718	0.00578	0.06094	0.01030	0.01420	0.01746	0.06485	0.01827	0.37572	0.35093	0.00683	0.00992	0.00763	0.00359	0.00476
12	0.01394	0.01270	0.02083	0.14780	0.35646	0.01354	0.08750	0.06879	0.01371	0.04112	0.01464	0.01768	0.06092	0.00662	0.00724	0.00188	0.08315	0.00586	0.01757	0.00806
13	0.01386	0.07018	0.11481	0.01321	0.01695	0.06926	0.08969	0.16682	0.04792	0.02091	0.01967	0.19025	0.02982	0.01012	0.00636	0.00200	0.00643	0.10000	0.00446	0.00728
14	0.00820	0.00553	0.00642	0.00668	0.00674	0.00546	0.00388	0.00839	0.00897	0.01195	0.02093	0.18136	0.02443	0.64784	0.02538	0.00501	0.00521	0.00999	0.00388	0.00375
15	0.00967	0.00803	0.01216	0.01643	0.24497	0.00773	0.00922	0.01159	0.01263	0.01726	0.13327	0.32722	0.10244	0.01292	0.00747	0.04065	0.00443	0.01111	0.00462	0.00617
16	0.01361	0.01273	0.01959	0.01438	0.01949	0.01155	0.23791	0.06926	0.11060	0.02081	0.01280	0.01460	0.00997	0.00515	0.00543	0.00142	0.00623	0.00506	0.00378	0.40563
17	0.01716	0.22385	0.13110	0.01252	0.01718	0.01708	0.01193	0.27871	0.01738	0.07073	0.01216	0.01358	0.00942	0.00979	0.07556	0.00237	0.06240	0.00465	0.00405	0.00838
18	0.01023	0.00645	0.00804	0.00734	0.00928	0.00574	0.00561	0.01258	0.01565	0.11871	0.47877	0.04358	0.23181	0.01201	0.00673	0.00186	0.00309	0.01036	0.00625	0.00592
19	0.09521	0.01283	0.01953	0.02666	0.49683	0.01299	0.01442	0.02072	0.08728	0.13617	0.01381	0.01549	0.01060	0.00579	0.00558	0.00177	0.00614	0.00523	0.00393	0.00904
20	0.05573	0.01528	0.01692	0.12313	0.11761	0.12364	0.01205	0.24293	0.05236	0.13967	0.01375	0.01477	0.01000	0.00654	0.00602	0.00178	0.02960	0.00506	0.00460	0.00857
21	0.02017	0.01686	0.01626	0.01321	0.01731	0.11638	0.01062	0.47095	0.20370	0.03066	0.01570	0.01541	0.01151	0.00707	0.00577	0.00177	0.00649	0.00537	0.00547	0.00931
22	0.01863	0.00970	0.01132	0.00920	0.01249	0.00959	0.00743	0.19693	0.01771	0.28372	0.05481	0.02165	0.04836	0.00756	0.00537	0.00165	0.00441	0.00606	0.26532	0.00806
23	0.01142	0.01022	0.01631	0.12867	0.34574	0.01071	0.01272	0.01474	0.04340	0.01705	0.03965	0.13236	0.03625	0.04428	0.10791	0.00303	0.00727	0.00752	0.00357	0.00719
24	0.09602	0.02484	0.01587	0.01412	0.01737	0.61222	0.01076	0.10904	0.01719	0.01801	0.00951	0.01081	0.00767	0.00606	0.00516	0.00156	0.00945	0.00387	0.00339	0.00708
25	0.00867	0.00556	0.00650	0.00650	0.00650	0.00556	0.00372	0.00834	0.00834	0.01112	0.01724	0.03537	0.01969	0.69362	0.02869	0.11420	0.00556	0.00801	0.00339	0.00339
26	0.02609	0.00990	0.01350	0.01035	0.01484	0.00855	0.00855	0.02834	0.01664	0.76338	0.02294	0.01979	0.01439	0.00720	0.00585	0.00180	0.00495	0.00585	0.00720	0.00990
27	0.01439	0.01382	0.02360	0.03569	0.75936	0.01382	0.01785	0.01785	0.01324	0.01900	0.01094	0.01439	0.00921	0.00518	0.00576	0.00173	0.00691	0.00518	0.00288	0.00921
28	0.00716	0.00555	0.00627	0.00677	0.00787	0.00494	0.00466	0.00827	0.01184	0.01481	0.04363	0.32595	0.39426	0.11876	0.01007	0.00259	0.00346	0.01335	0.00515	0.00466
29	0.83671	0.01125	0.00855	0.00765	0.01125	0.01305	0.00630	0.01709	0.00990	0.02609	0.00810	0.00945	0.00630	0.00540	0.00360	0.00180	0.00450	0.00315	0.00360	0.00630
30	0.10272	0.00702	0.00738	0.00699	0.00772	0.00735	0.00437	0.06109	0.00995	0.01474	0.01686	0.03313	0.01867	0.65092	0.02499	0.00493	0.00556	0.00763	0.00369	0.00429
31	0.11639	0.00616	0.00704	0.00771	0.00889	0.00600	0.00554	0.00973	0.01187	0.01726	0.09074	0.46797	0.16068	0.01532	0.00681	0.00219	0.00349	0.04592	0.00524	0.00505
32	0.00837	0.00599	0.00814	0.00814	0.00876	0.00661	0.00576	0.00961	0.00899	0.01260	0.01668	0.02897	0.01720	0.34665	0.47319	0.00785	0.01157	0.00713	0.00328	0.00452
33	0.02211	0.01629	0.01745	0.01338	0.01803	0.01803	0.01105	0.73997	0.02734	0.03665	0.01396	0.01396	0.00989	0.00698	0.00582	0.00175	0.00640	0.00524	0.00582	0.00989
34	0.00737	0.00530	0.00654	0.00740	0.00787	0.00496	0.00484	0.00821	0.01079	0.01413	0.03241	0.52061	0.12898	0.19765	0.01248	0.00307	0.00384	0.01410	0.00496	0.00447
35	0.01127	0.00714	0.00917	0.00848	0.01011	0.00729	0.00634	0.03444	0.05276	0.11403	0.16832	0.03164	0.07637	0.17878	0.25248	0.00497	0.00788	0.00790	0.00478	0.00586
36	0.01193	0.08253	0.71537	0.01612	0.02447	0.01415	0.02070	0.01835	0.01225	0.01809	0.01028	0.01208	0.00737	0.00549	0.00540	0.00180	0.00843	0.00422	0.00246	0.00852
37	0.01448	0.04777	0.01002	0.00863	0.01067	0.24782	0.00659	0.01677	0.01353	0.01898	0.01534	0.01760	0.01224	0.00645	0.00442	0.00140	0.00532	0.00479	0.53127	0.00593
38	0.07142	0.00956	0.01020	0.00880	0.01112	0.00996	0.00658	0.24022	0.01613	0.04560	0.04918	0.06636	0.16815	0.24611	0.01313	0.00300	0.00503	0.00820	0.00493	0.00633
39	0.00726	0.00563	0.00653	0.00687	0.00812	0.00499	0.00488	0.00875	0.01295	0.01663	0.17637	0.28469	0.36764	0.05170	0.00810	0.00224	0.00317	0.01312	0.00550	0.00489
40	0.01556	0.10318	0.03114	0.02101	0.02660	0.01483	0.56020	0.01977	0.01389	0.11605	0.01282	0.01551	0.00940	0.00521	0.00638	0.00186	0.00876	0.00631	0.00345	0.00807
41	0.01392	0.01333	0.02274	0.13991	0.65887	0.01369	0.01761	0.01743	0.01302	0.01842	0.01085	0.01455	0.00901	0.00527	0.00577	0.00176	0.00703	0.00518	0.00284	0.00883
42	0.01249	0.01346	0.14158	0.10138	0.13924	0.01040	0.10783	0.01599	0.01336	0.10264	0.02690	0.02822	0.23239	0.00853	0.00625	0.00190	0.00623	0.01979	0.00407	0.00735
43	0.01098	0.01034	0.01744	0.78165	0.04005	0.01292	0.01615	0.01486	0.01163	0.01486	0.01034	0.01550	0.00775	0.00581	0.00581	0.00194	0.00775	0.00517	0.00258	0.00646
44	0.08334	0.00999	0.01315	0.01016	0.01459	0.00886	0.00839	0.02755	0.01617	0.71131	0.02189	0.01906	0.01382	0.00707	0.00569	0.00180	0.00492	0.00566	0.00694	0.00964
45	0.01549	0.01271	0.01718	0.01494	0.06475	0.04738	0.13916	0.07394	0.27798	0.10840	0.14304	0.02255	0.02047	0.00763	0.00619	0.00187	0.00580	0.00689	0.00528	0.00835
46	0.01842	0.04069	0.01697	0.01430	0.03806	0.23274	0.01120	0.25837	0.01765	0.02228	0.01104	0.01308	0.00890	0.00738	0.00881	0.00183	0.20379	0.00472	0.06206	0.00769
47	0.01555	0.79913	0.03047	0.00995	0.01493	0.02301	0.00995	0.01741	0.01182	0.01368	0.00808	0.00933	0.00746	0.00498	0.00373	0.00124	0.00622	0.00311	0.00249	0.00746
48	0.00901	0.00700	0.00778	0.00766	0.00942	0.00661	0.00566	0.10465	0.01459	0.01858	0.08002	0.28540	0.39279	0.01468	0.00691	0.00206	0.00353	0.01262	0.00551	0.00553
49	0.01457	0.01378	0.01422	0.13552	0.05180	0.14081	0.01060	0.10007	0.24630	0.02022	0.01796	0.11904	0.01568	0.01090	0.06011	0.00242	0.00701	0.00695	0.00448	0.00755
50	0.11353	0.02586	0.01559	0.01416	0.01722	0.68676	0.01068	0.02253	0.01574	0.01557	0.00889	0.01037	0.00736	0.00593	0.00506	0.00153	0.00981	0.00368	0.00306	0.00669
51	0.02183	0.01135	0.01372	0.01107	0.01518	0.01135	0.00896	0.11175	0.23597	0.44563	0.02273	0.02030	0.02760	0.00751	0.00588	0.00185	0.00498	0.00610	0.00662	0.00960
52	0.00716	0.00553	0.00654	0.00707	0.00823	0.00491	0.00500	0.00862	0.01279	0.01644	0.14840	0.37688	0.33991	0.01585	0.00711	0.00212	0.00310	0.01389	0.00554	0.00491
53	0.00831	0.00623	0.00935	0.00935	0.01038	0.00727	0.00727	0.01038	0.00935	0.01350	0.01558	0.02285	0.01454	0.04361	0.77259	0.00935	0.01558	0.00623	0.00312	0.00519
54	0.11562	0.01290	0.01471	0.01140	0.01586	0.01329	0.00941	0.34491	0.02066	0.35575	0.01726	0.01602	0.01147	0.00690	0.00558	0.00178	0.00555	0.00527	0.00618	0.00949
55	0.73006	0.01107	0.00920	0.00800	0.01172	0.01245	0.00659	0.01857	0.01078	0.12309	0.01005	0.01081	0.00736	0.00563	0.00389	0.00180	0.00456	0.00350	0.00407	0.00677
56	0.01084	0.00542	0.00542	0.00542	0.00678	0.00542	0.00407	0.01355	0.01220	0.02168	0.01897	0.02168	0.01491	0.00678	0.00407	0.00136	0.00271	0.00542	0.82791	0.00542
57	0.01079	0.00697	0.00847	0.00840	0.01004	0.00672	0.00610	0.01427	0.11371	0.11770	0.09862	0.35912	0.14853	0.05269	0.00796	0.00228	0.00374	0.01210	0.00571	0.00607
58	0.01553	0.01302	0.01375	0.01205	0.01553	0.01496	0.00946	0.13009	0.64792	0.02605	0.02231	0.02061	0.01665	0.00776	0.00590	0.00194	0.00485	0.00639	0.00590	0.00930
59	0.83671	0.01125	0.00855	0.00765	0.01125	0.01305	0.00630	0.01709	0.00990	0.02609	0.00810	0.00945	0.00630	0.00540	0.00360	0.00180	0.00450	0.00315	0.00360	0.00630
60	0.13274	0.01007	0.01284	0.00999	0.01437	0.00914	0.00825	0.02686	0.01576	0.66638	0.02099	0.01843	0.01333	0.00696	0.00555	0.00180	0.00489	0.00549	0.00672	0.00942
61	0.01415	0.00949	0.01077	0.00964	0.01228	0.00985	0.00739	0.07290	0.26306	0.14795	0.05020	0.10010	0.13745	0.09679	0.00888	0.00238	0.00450	0.02904	0.00573	0.00744
62	0.00732	0.00554	0.00682	0.00775	0.00873	0.00504	0.00561	0.00870	0.01210	0.01545	0.04035	0.46444	0.26419	0.01684	0.00733	0.00228	0.00350	0.10777	0.00539	0.00486
63	0.11112	0.01365	0.01567	0.11321	0.01953	0.01488	0.01069	0.42032	0.02118	0.18037	0.01466	0.01485	0.01013	0.00670	0.00558	0.00179	0.00607	0.00512	0.00543	0.00904
64	0.00790	0.00600	0.00822	0.00850	0.00964	0.00632	0.00650	0.00975	0.01086	0.01468	0.04962	0.15312	0.16592	0.03130	0.43171	0.00616	0.01016	0.05439	0.00416	0.00508
65	0.01534	0.01539	0.02175	0.11037	0.55389	0.11369	0.01650	0.04976	0.01411	0.01871	0.01075	0.01398	0.00886	0.00543	0.00570	0.00172	0.00745	0.00499	0.00299	0.00863
66	0.39411	0.01503	0.01514	0.01803	0.24847	0.13594	0.01104	0.06464	0.01313	0.02262	0.00951	0.01146	0.00764	0.00553	0.00469	0.00172	0.00634	0.00402	0.00342	0.00752
67	0.80082	0.01136	0.00920	0.00887	0.04390	0.01308	0.00680	0.01713	0.01004	0.02578	0.00822	0.00966	0.00642	0.00539	0.00369	0.00180	0.00460	0.00324	0.00357	0.00642
68	0.00972	0.00798	0.00944	0.00792	0.01110	0.00639	0.00601	0.01181	0.01256	0.01806	0.10965	0.19013	0.13943	0.00983	0.00568	0.00147	0.00371	0.00848	0.00452	0.42611
69	0.01018	0.00787	0.01014	0.09538	0.01387	0.00727	0.00715	0.04283	0.01171	0.01637	0.01979	0.26034	0.05198	0.04780	0.00910	0.10573	0.00459	0.00864	0.00404	0.26521
70	0.04543	0.01276	0.01503	0.04531	0.01710	0.01317	0.00998	0.36079	0.02083	0.28111	0.01772	0.01945	0.01284	0.00748	0.00585	0.00180	0.00574	0.05580	0.00594	0.04587
71	0.01645	0.01000	0.01261	0.01138	0.01420	0.01032	0.00963	0.19221	0.01740	0.19494	0.04234	0.03960	0.02275	0.01145	0.00744	0.00222	0.03948	0.33220	0.00580	0.00755

[dist]
# distance from previous block
# <min> <max>
0	1

[block]
# block no. 3 follows, 40 sequences, length 20
# corresponding to MSA columns:
# 696-715
name=unknown_D
#
# <colnr> <probs for GDERKNQSTAVLIFYWHMCP>
#	G	D	E	R	K	N	Q	S	T	A	V	L	I	F	Y	W	H	M	C	P
0	0.24587	0.01086	0.01110	0.00928	0.01232	0.01169	0.00728	0.23496	0.01637	0.09049	0.09717	0.02239	0.04417	0.15068	0.00967	0.00249	0.00507	0.00613	0.00495	0.00706
1	0.63487	0.01060	0.00897	0.00795	0.01121	0.01199	0.00645	0.06151	0.01219	0.02625	0.14441	0.01591	0.01535	0.00668	0.00433	0.00180	0.00430	0.00462	0.00425	0.00638
2	0.01296	0.00837	0.01030	0.01196	0.14498	0.00859	0.00748	0.10921	0.01436	0.02315	0.01686	0.01935	0.01322	0.00651	0.00460	0.00147	0.00395	0.00535	0.57063	0.00669
3	0.01903	0.15211	0.01465	0.00936	0.01305	0.01017	0.00782	0.02094	0.01458	0.42588	0.02641	0.12374	0.11909	0.00928	0.00581	0.00179	0.00470	0.00764	0.00586	0.00809
4	0.46344	0.01316	0.01238	0.01008	0.01416	0.01474	0.00832	0.30373	0.01722	0.07671	0.01135	0.01188	0.00823	0.00614	0.00462	0.00178	0.00528	0.00414	0.00470	0.00795
5	0.00846	0.00564	0.00634	0.00634	0.00634	0.00564	0.00352	0.00846	0.00846	0.01128	0.01832	0.03805	0.02114	0.79563	0.02960	0.00564	0.00564	0.00846	0.00352	0.00352
6	0.14584	0.01377	0.14938	0.01107	0.01618	0.01013	0.01056	0.02484	0.01483	0.51672	0.01843	0.01687	0.01190	0.00662	0.00545	0.00181	0.00554	0.00516	0.00579	0.00912
7	0.02609	0.00990	0.01350	0.01035	0.01484	0.00855	0.00855	0.02834	0.01664	0.76338	0.02294	0.01979	0.01439	0.00720	0.00585	0.00180	0.00495	0.00585	0.00720	0.00990
8	0.00941	0.00746	0.01142	0.00964	0.01071	0.00729	0.13702	0.01030	0.00941	0.01261	0.01713	0.03399	0.01890	0.65196	0.02547	0.00497	0.00639	0.00817	0.00342	0.00431
9	0.02189	0.01720	0.01639	0.01314	0.01735	0.15353	0.01060	0.45538	0.08646	0.12643	0.01507	0.01476	0.01072	0.00691	0.00573	0.00173	0.00680	0.00516	0.00549	0.00926
10	0.24026	0.01052	0.01153	0.00955	0.01299	0.01085	0.00762	0.15057	0.01553	0.27664	0.04183	0.06909	0.01491	0.07665	0.02460	0.00233	0.00521	0.00610	0.00542	0.00778
11	0.01304	0.00680	0.00886	0.00825	0.01012	0.00613	0.00608	0.01474	0.01385	0.23559	0.19825	0.26625	0.08010	0.09341	0.00908	0.00238	0.00389	0.01090	0.00597	0.00630
12	0.01154	0.00697	0.00891	0.00889	0.01100	0.00638	0.00739	0.01376	0.01414	0.15281	0.08734	0.05272	0.26063	0.01375	0.00719	0.00223	0.00434	0.31817	0.00577	0.00605
13	0.01083	0.02553	0.62764	0.01503	0.02213	0.01191	0.01856	0.01654	0.01207	0.01777	0.01436	0.15392	0.01302	0.00783	0.00587	0.00194	0.00765	0.00652	0.00299	0.00789
14	0.01320	0.01083	0.01676	0.02208	0.36382	0.01105	0.01269	0.03296	0.04681	0.06665	0.15041	0.02731	0.02156	0.00999	0.04005	0.00225	0.03978	0.09969	0.00431	0.00779
15	0.00757	0.00528	0.00731	0.00829	0.00873	0.00523	0.00572	0.00848	0.01050	0.01419	0.02711	0.58238	0.03159	0.02316	0.15250	0.07318	0.00581	0.01363	0.00473	0.00463
16	0.01597	0.01585	0.02979	0.02152	0.02708	0.01560	0.54313	0.21216	0.01738	0.02346	0.01235	0.01522	0.00911	0.00546	0.00658	0.00190	0.00889	0.00643	0.00371	0.00839
17	0.16135	0.01082	0.01524	0.27012	0.05543	0.01162	0.06570	0.01501	0.01160	0.01826	0.01410	0.01696	0.07270	0.00637	0.00609	0.00171	0.05508	0.00517	0.00323	0.18342
18	0.01757	0.01320	0.01400	0.01148	0.01469	0.03449	0.00898	0.47786	0.04450	0.02848	0.01724	0.11983	0.01572	0.14290	0.01007	0.00249	0.00593	0.00726	0.00530	0.00802
19	0.10063	0.01571	0.01527	0.10272	0.11865	0.22235	0.02366	0.01931	0.12133	0.01792	0.01794	0.01932	0.10707	0.00752	0.00659	0.00183	0.06565	0.00572	0.00370	0.00711

[dist]
# distance from previous block
# <min> <max>
0	51

# created by:
# /home/cegg/simao/soft/augustus-3.2.1/scripts/msa2prfl.pl ./align_prep/32130.fa
