[name]
unknown

[dist]
# distance from previous block
# <min> <max>
0	4

[block]
# block no. 0 follows, 48 sequences, length 60
# corresponding to MSA columns:
# 4-63
name=unknown_A
#
# <colnr> <probs for GDERKNQSTAVLIFYWHMCP>
#	G	D	E	R	K	N	Q	S	T	A	V	L	I	F	Y	W	H	M	C	P
0	0.00819	0.00996	0.17636	0.00911	0.01125	0.00709	0.00854	0.01050	0.00929	0.01298	0.01614	0.02952	0.01647	0.24855	0.24998	0.00471	0.00812	0.15528	0.00312	0.00484
1	0.01442	0.72230	0.02538	0.00927	0.01351	0.08408	0.00891	0.04838	0.01136	0.01299	0.00742	0.00849	0.00668	0.00454	0.00348	0.00113	0.00580	0.00287	0.00236	0.00662
2	0.00983	0.00926	0.01564	0.77221	0.06941	0.01144	0.01432	0.01323	0.01032	0.01328	0.00914	0.01364	0.00690	0.00510	0.00513	0.00170	0.00681	0.00456	0.00229	0.00581
3	0.01005	0.00700	0.00771	0.00693	0.00782	0.00733	0.00454	0.17165	0.01105	0.01477	0.01534	0.02900	0.01652	0.64464	0.02160	0.00424	0.00512	0.00685	0.00354	0.00432
4	0.09231	0.01762	0.01305	0.01157	0.01451	0.38273	0.00892	0.10813	0.26367	0.01866	0.01258	0.01274	0.00970	0.00588	0.00475	0.00151	0.00668	0.00422	0.00382	0.00694
5	0.00606	0.00520	0.00520	0.00520	0.00693	0.00433	0.00390	0.00736	0.01170	0.01386	0.05198	0.04938	0.78558	0.01299	0.00606	0.00173	0.00260	0.01083	0.00476	0.00433
6	0.01110	0.01131	0.01593	0.01345	0.01433	0.06170	0.09706	0.01268	0.00889	0.01281	0.00908	0.04898	0.00884	0.01224	0.11244	0.00287	0.53302	0.00518	0.00249	0.00559
7	0.01997	0.00930	0.01169	0.00916	0.01259	0.00883	0.00736	0.17160	0.01567	0.52218	0.03729	0.01898	0.01355	0.10833	0.00780	0.00200	0.00465	0.00544	0.00568	0.00793
8	0.01211	0.01384	0.03028	0.02163	0.02682	0.01298	0.76903	0.01644	0.01211	0.01644	0.01038	0.01384	0.00779	0.00433	0.00606	0.00173	0.00865	0.00606	0.00260	0.00692
9	0.00625	0.00447	0.00595	0.00714	0.00744	0.00417	0.00476	0.00714	0.00982	0.01310	0.02828	0.81633	0.03394	0.01608	0.00655	0.00208	0.00298	0.01459	0.00476	0.00417
10	0.01086	0.02254	0.55307	0.01683	0.02366	0.01225	0.25497	0.01631	0.01124	0.01631	0.00958	0.01178	0.00690	0.00470	0.00525	0.00166	0.00792	0.00450	0.00230	0.00737
11	0.01142	0.01179	0.01885	0.01523	0.01634	0.01513	0.17428	0.01323	0.00877	0.01323	0.00752	0.01179	0.00696	0.00798	0.01452	0.00213	0.63780	0.00483	0.00232	0.00589
12	0.00625	0.00447	0.00595	0.00714	0.00744	0.00417	0.00476	0.00714	0.00982	0.01310	0.02828	0.81633	0.03394	0.01608	0.00655	0.00208	0.00298	0.01459	0.00476	0.00417
13	0.01192	0.01328	0.02714	0.01987	0.02395	0.01357	0.60598	0.01556	0.01120	0.01556	0.00960	0.01328	0.00756	0.00533	0.00838	0.00184	0.18113	0.00572	0.00252	0.00664
14	0.01951	0.01437	0.01540	0.01181	0.01591	0.01591	0.00975	0.77056	0.02412	0.03234	0.01232	0.01232	0.00873	0.00616	0.00513	0.00154	0.00565	0.00462	0.00513	0.00873
15	0.01270	0.01219	0.02083	0.03149	0.78767	0.01219	0.01575	0.01575	0.01168	0.01676	0.00965	0.01270	0.00813	0.00457	0.00508	0.00152	0.00610	0.00457	0.00254	0.00813
16	0.00733	0.00550	0.00825	0.00825	0.00916	0.00641	0.00641	0.00916	0.00825	0.01191	0.01374	0.02016	0.01283	0.03848	0.79934	0.00825	0.01374	0.00550	0.00275	0.00458
17	0.01187	0.01275	0.02550	0.01971	0.09225	0.01168	0.54868	0.01567	0.01178	0.01652	0.01006	0.01310	0.00778	0.00424	0.00552	0.00152	0.00745	0.00532	0.00268	0.17593
18	0.85592	0.00992	0.00754	0.00675	0.00992	0.01151	0.00556	0.01508	0.00873	0.02302	0.00714	0.00834	0.00556	0.00476	0.00318	0.00159	0.00397	0.00278	0.00318	0.00556
19	0.01450	0.01180	0.01249	0.01070	0.01390	0.01346	0.00848	0.22515	0.56365	0.02432	0.01853	0.01732	0.01377	0.00673	0.00517	0.00168	0.00445	0.00547	0.02020	0.00822
20	0.85592	0.00992	0.00754	0.00675	0.00992	0.01151	0.00556	0.01508	0.00873	0.02302	0.00714	0.00834	0.00556	0.00476	0.00318	0.00159	0.00397	0.00278	0.00318	0.00556
21	0.01373	0.01547	0.01462	0.01291	0.01394	0.29684	0.01032	0.01499	0.01030	0.01238	0.00780	0.01132	0.00724	0.01030	0.08276	0.00245	0.45039	0.00415	0.00243	0.00564
22	0.01684	0.00868	0.01083	0.00867	0.01198	0.00802	0.00705	0.13567	0.01540	0.38437	0.14161	0.02369	0.08252	0.00763	0.00533	0.00155	0.00408	0.03725	0.00555	0.08327
23	0.01471	0.59830	0.02466	0.01064	0.01477	0.16185	0.06773	0.03152	0.01158	0.01290	0.00763	0.00893	0.00672	0.00458	0.00379	0.00120	0.00642	0.00314	0.00237	0.00654
24	0.01306	0.01239	0.01144	0.01036	0.01312	0.12249	0.00799	0.02452	0.60217	0.01953	0.02186	0.02047	0.08358	0.00727	0.00521	0.00168	0.00466	0.00590	0.00482	0.00748
25	0.01406	0.01182	0.01349	0.01334	0.11086	0.01330	0.00939	0.16998	0.53604	0.02298	0.01782	0.01701	0.01337	0.00651	0.00519	0.00167	0.00462	0.00542	0.00487	0.00824
26	0.01065	0.01010	0.01713	0.55938	0.27578	0.01165	0.01473	0.01395	0.01071	0.01428	0.00929	0.01337	0.00725	0.00495	0.00511	0.00165	0.00660	0.00456	0.00236	0.00648
27	0.00948	0.00575	0.00740	0.00728	0.00802	0.00585	0.00514	0.10307	0.01033	0.01425	0.03280	0.25032	0.01746	0.01463	0.01244	0.40094	0.00394	0.00758	0.07942	0.00390
28	0.01078	0.14120	0.68275	0.01378	0.02091	0.01312	0.01749	0.01612	0.01077	0.01565	0.00891	0.01046	0.00651	0.00481	0.00465	0.00155	0.00728	0.00364	0.00217	0.00744
29	0.00891	0.00446	0.00668	0.00668	0.00668	0.00446	0.00446	0.00668	0.00668	0.00891	0.00891	0.01560	0.00891	0.01783	0.02005	0.85071	0.00446	0.00446	0.00223	0.00223
30	0.26912	0.00758	0.00838	0.00760	0.00999	0.00763	0.00589	0.01543	0.02830	0.24250	0.09541	0.24402	0.02023	0.00906	0.00504	0.00173	0.00365	0.00755	0.00484	0.00607
31	0.01085	0.18357	0.01303	0.00894	0.01137	0.01160	0.00714	0.01818	0.36373	0.01676	0.02121	0.24685	0.04780	0.00925	0.00522	0.00170	0.00400	0.00785	0.00442	0.00651
32	0.01887	0.02274	0.01469	0.01307	0.01577	0.67644	0.00995	0.10607	0.01536	0.01481	0.00838	0.00969	0.00686	0.00554	0.00520	0.00139	0.04250	0.00351	0.00291	0.00625
33	0.00606	0.00520	0.00520	0.00520	0.00693	0.00433	0.00390	0.00736	0.01170	0.01386	0.05198	0.04938	0.78558	0.01299	0.00606	0.00173	0.00260	0.01083	0.00476	0.00433
34	0.01056	0.01096	0.02024	0.01582	0.01825	0.01198	0.35476	0.01309	0.01022	0.01437	0.01303	0.18564	0.01307	0.00839	0.00972	0.00198	0.27171	0.00738	0.00295	0.00590
35	0.00996	0.00940	0.01588	0.73762	0.10294	0.01147	0.01438	0.01335	0.01039	0.01344	0.00917	0.01359	0.00696	0.00508	0.00513	0.00169	0.00677	0.00456	0.00230	0.00592
36	0.01372	0.82276	0.02689	0.00878	0.01317	0.02030	0.00878	0.01536	0.01043	0.01207	0.00713	0.00823	0.00658	0.00439	0.00329	0.00110	0.00549	0.00274	0.00219	0.00658
37	0.01276	0.01102	0.01160	0.01044	0.01334	0.01276	0.00812	0.02727	0.77840	0.02146	0.02088	0.01914	0.01566	0.00696	0.00522	0.00174	0.00406	0.00580	0.00522	0.00812
38	0.00986	0.00538	0.00723	0.00757	0.00866	0.00489	0.00536	0.01099	0.01087	0.18052	0.02655	0.64444	0.02937	0.01398	0.00625	0.00198	0.00328	0.01256	0.00510	0.00515
39	0.02243	0.00968	0.01249	0.00958	0.01357	0.00895	0.00791	0.15012	0.01627	0.66387	0.01891	0.01660	0.01203	0.00632	0.00516	0.00158	0.00458	0.00507	0.00615	0.00873
40	0.01951	0.01437	0.01540	0.01181	0.01591	0.01591	0.00975	0.77056	0.02412	0.03234	0.01232	0.01232	0.00873	0.00616	0.00513	0.00154	0.00565	0.00462	0.00513	0.00873
41	0.01293	0.01407	0.01546	0.01342	0.01399	0.18426	0.01094	0.01410	0.00930	0.01239	0.00699	0.01080	0.00671	0.00819	0.01421	0.00205	0.63793	0.00424	0.00233	0.00569
42	0.00844	0.00560	0.00690	0.00640	0.00797	0.00510	0.00486	0.01083	0.02940	0.07883	0.51966	0.03788	0.20209	0.01044	0.00586	0.00162	0.00264	0.00903	0.04132	0.00510
43	0.63641	0.04663	0.00921	0.00763	0.01070	0.01160	0.00642	0.08243	0.01058	0.02240	0.01012	0.01490	0.00889	0.00605	0.00385	0.00166	0.00428	0.09696	0.00350	0.00578
44	0.01123	0.01123	0.01572	0.01347	0.01347	0.01572	0.01123	0.01235	0.00786	0.01235	0.00674	0.01123	0.00674	0.00898	0.01684	0.00225	0.81028	0.00449	0.00225	0.00561
45	0.00791	0.00649	0.01080	0.00974	0.01113	0.00710	0.10174	0.00993	0.00872	0.01239	0.01380	0.03850	0.01302	0.07897	0.63685	0.00710	0.01235	0.00589	0.00280	0.00478
46	0.01832	0.01423	0.01471	0.01157	0.01545	0.05071	0.00944	0.61318	0.12934	0.02952	0.01324	0.01310	0.00958	0.00617	0.00509	0.00154	0.00554	0.00469	0.00498	0.02961
47	0.00969	0.00912	0.01539	0.80734	0.03534	0.01140	0.01425	0.01311	0.01026	0.01311	0.00912	0.01368	0.00684	0.00513	0.00513	0.00171	0.00684	0.00456	0.00228	0.00570
48	0.00657	0.00622	0.06841	0.00774	0.00861	0.00478	0.00589	0.00787	0.00990	0.01335	0.02677	0.75242	0.03176	0.01519	0.00642	0.00205	0.00334	0.01373	0.00456	0.00444
49	0.08866	0.00953	0.01200	0.00928	0.01320	0.00891	0.00766	0.11764	0.01540	0.63518	0.01821	0.01610	0.01164	0.00620	0.00500	0.00158	0.00450	0.00490	0.00595	0.00848
50	0.00746	0.00539	0.00800	0.00800	0.00880	0.00619	0.00611	0.00889	0.00809	0.01158	0.01347	0.02040	0.01278	0.07222	0.70250	0.07494	0.01261	0.00550	0.00272	0.00433
51	0.00737	0.00493	0.00562	0.00572	0.00574	0.00491	0.00324	0.00744	0.00765	0.01020	0.01713	0.09568	0.01987	0.75592	0.02456	0.00475	0.00482	0.00803	0.00324	0.00319
52	0.02142	0.00901	0.01185	0.00918	0.01294	0.00815	0.00755	0.09725	0.01560	0.65531	0.08014	0.01861	0.01514	0.00666	0.00523	0.00159	0.00434	0.00543	0.00618	0.00842
53	0.00655	0.00516	0.00591	0.00584	0.00726	0.00452	0.00433	0.00825	0.01265	0.01642	0.33593	0.10592	0.43848	0.01226	0.00610	0.00171	0.00256	0.01052	0.00511	0.00452
54	0.01389	0.00799	0.00918	0.00787	0.01018	0.06881	0.00615	0.01607	0.01443	0.29347	0.42107	0.02785	0.03101	0.00843	0.00552	0.00156	0.00365	0.00716	0.03939	0.00631
55	0.01007	0.02420	0.69560	0.01464	0.05566	0.01133	0.01762	0.01552	0.01094	0.01608	0.01262	0.01398	0.06839	0.00551	0.00498	0.00163	0.00712	0.00439	0.00239	0.00735
56	0.01830	0.02298	0.01404	0.01292	0.01545	0.73614	0.00978	0.01971	0.01432	0.01278	0.00946	0.01311	0.00843	0.00599	0.00482	0.00140	0.00889	0.06280	0.00281	0.00585
57	0.07792	0.02188	0.56262	0.01310	0.01933	0.01207	0.01556	0.01853	0.17582	0.01791	0.01156	0.01242	0.00840	0.00531	0.00481	0.00165	0.00654	0.00414	0.00290	0.00754
58	0.01530	0.01281	0.01272	0.00997	0.01385	0.10142	0.00799	0.29553	0.08515	0.03843	0.01176	0.01235	0.00896	0.00527	0.00453	0.00124	0.00509	0.00402	0.03853	0.31510
59	0.00909	0.00699	0.00855	0.00953	0.10603	0.00654	0.00624	0.01220	0.09675	0.07729	0.10225	0.05487	0.46291	0.01060	0.00579	0.00169	0.00333	0.00899	0.00474	0.00561

[dist]
# distance from previous block
# <min> <max>
0	1

[block]
# block no. 1 follows, 48 sequences, length 15
# corresponding to MSA columns:
# 65-79
name=unknown_B
#
# <colnr> <probs for GDERKNQSTAVLIFYWHMCP>
#	G	D	E	R	K	N	Q	S	T	A	V	L	I	F	Y	W	H	M	C	P
0	0.00987	0.00916	0.01533	0.56242	0.17781	0.01070	0.01342	0.01292	0.01048	0.01382	0.01149	0.10838	0.01029	0.00632	0.00529	0.00172	0.00624	0.00575	0.00262	0.00599
1	0.00670	0.00579	0.00656	0.00649	0.00779	0.00565	0.00490	0.00792	0.01094	0.01356	0.04286	0.16680	0.57402	0.01301	0.00742	0.00185	0.09814	0.01068	0.00447	0.00446
2	0.01262	0.00997	0.01562	0.54082	0.11892	0.01150	0.01317	0.09214	0.01237	0.10749	0.01082	0.01387	0.00788	0.00531	0.00513	0.00166	0.00634	0.00464	0.00308	0.00665
3	0.00832	0.00621	0.00845	0.00812	0.00877	0.00739	0.00620	0.00982	0.00853	0.01292	0.01394	0.04868	0.01348	0.14224	0.39837	0.00540	0.14192	0.00582	0.14085	0.00455
4	0.00954	0.00880	0.01462	0.67791	0.06577	0.01066	0.01320	0.01282	0.01083	0.01416	0.10086	0.01655	0.01181	0.00574	0.00524	0.00169	0.00628	0.00512	0.00269	0.00571
5	0.00847	0.00491	0.00550	0.00576	0.00652	0.00488	0.00407	0.01004	0.00986	0.01555	0.01901	0.12123	0.01877	0.22810	0.01039	0.00244	0.00340	0.08306	0.43379	0.00425
6	0.00625	0.00447	0.00595	0.00714	0.00744	0.00417	0.00476	0.00714	0.00982	0.01310	0.02828	0.81633	0.03394	0.01608	0.00655	0.00208	0.00298	0.01459	0.00476	0.00417
7	0.03388	0.05406	0.14707	0.01729	0.02223	0.15975	0.40745	0.03823	0.01263	0.04352	0.00992	0.01221	0.00745	0.00473	0.00535	0.00159	0.00810	0.00488	0.00273	0.00691
8	0.01519	0.01604	0.02004	0.07137	0.02071	0.23490	0.28809	0.17796	0.01539	0.01878	0.06209	0.01386	0.01032	0.00546	0.00539	0.00156	0.00763	0.00508	0.00333	0.00681
9	0.06773	0.00598	0.00771	0.00863	0.00991	0.00604	0.00736	0.01067	0.01137	0.01593	0.02598	0.10712	0.05268	0.01306	0.00650	0.00219	0.00431	0.57076	0.06132	0.00473
10	0.01266	0.00840	0.01030	0.00989	0.06534	0.00833	0.00722	0.16050	0.05892	0.14542	0.17851	0.06566	0.17877	0.00937	0.00571	0.00169	0.00393	0.05774	0.00514	0.00650
11	0.01184	0.01118	0.01227	0.13844	0.09141	0.13798	0.00912	0.06474	0.05570	0.01564	0.01465	0.14256	0.03878	0.00800	0.00645	0.03987	0.05307	0.00610	0.05010	0.09211
12	0.01196	0.00919	0.01116	0.06414	0.01395	0.00757	0.00692	0.01499	0.05493	0.09580	0.01093	0.01204	0.00853	0.00433	0.00411	0.00097	0.00409	0.00352	0.00345	0.65743
13	0.03375	0.00916	0.04499	0.00977	0.06534	0.00866	0.00733	0.09172	0.17054	0.01975	0.17960	0.04245	0.16193	0.00842	0.00532	0.00159	0.00379	0.01993	0.05287	0.06306
14	0.19269	0.00778	0.00913	0.00933	0.06214	0.00800	0.00665	0.01510	0.10000	0.13423	0.17835	0.18139	0.02366	0.00912	0.00529	0.00174	0.00369	0.04094	0.00475	0.00603

[dist]
# distance from previous block
# <min> <max>
4	95

# created by:
# /home/cegg/simao/soft/augustus-3.2.1/scripts/msa2prfl.pl ./align_prep/32168.fa
