[name]
unknown

[dist]
# distance from previous block
# <min> <max>
0	70

[block]
# block no. 0 follows, 48 sequences, length 44
# corresponding to MSA columns:
# 71-114
name=unknown_A
#
# <colnr> <probs for GDERKNQSTAVLIFYWHMCP>
#	G	D	E	R	K	N	Q	S	T	A	V	L	I	F	Y	W	H	M	C	P
0	0.00863	0.04139	0.00973	0.04524	0.04306	0.00694	0.00863	0.01098	0.01167	0.01510	0.02608	0.05153	0.06565	0.01291	0.00670	0.00221	0.00480	0.61935	0.00442	0.00497
1	0.15425	0.04696	0.01314	0.00968	0.01362	0.01191	0.00805	0.30799	0.01695	0.30300	0.01396	0.01327	0.00950	0.00580	0.00468	0.00151	0.00481	0.00436	0.00502	0.05155
2	0.01112	0.01142	0.04824	0.33287	0.35289	0.04498	0.01395	0.01425	0.01136	0.01519	0.05118	0.01580	0.04381	0.00551	0.00517	0.00161	0.00624	0.00500	0.00269	0.00672
3	0.01010	0.04458	0.01511	0.66443	0.03108	0.05188	0.01303	0.01318	0.01046	0.01301	0.01091	0.01495	0.03857	0.00689	0.04005	0.00195	0.00704	0.00471	0.00242	0.00565
4	0.04911	0.01147	0.01180	0.01118	0.04445	0.05294	0.00834	0.02513	0.64099	0.02046	0.01886	0.01795	0.01433	0.00807	0.04008	0.00199	0.00483	0.00548	0.00478	0.00774
5	0.04836	0.01137	0.01844	0.02716	0.64832	0.01146	0.01392	0.01545	0.04526	0.01694	0.01297	0.04718	0.04947	0.00558	0.00511	0.00157	0.00561	0.00528	0.00289	0.00766
6	0.04829	0.01197	0.05010	0.02739	0.64869	0.01141	0.01439	0.01503	0.01155	0.01699	0.04464	0.05499	0.01106	0.00545	0.00511	0.00156	0.00574	0.00519	0.00280	0.00765
7	0.00726	0.00524	0.00686	0.00646	0.00767	0.00484	0.00484	0.00968	0.01452	0.02058	0.78496	0.03833	0.04841	0.01049	0.00605	0.00161	0.00242	0.00928	0.00565	0.00484
8	0.85592	0.00992	0.00754	0.00675	0.00992	0.01151	0.00556	0.01508	0.00873	0.02302	0.00714	0.00834	0.00556	0.00476	0.00318	0.00159	0.00397	0.00278	0.00318	0.00556
9	0.00656	0.00487	0.00612	0.00653	0.00742	0.00443	0.00462	0.00805	0.01179	0.01580	0.29148	0.40112	0.18524	0.01357	0.00628	0.00185	0.00271	0.01204	0.00507	0.00443
10	0.01302	0.00902	0.01034	0.00911	0.01172	0.00966	0.00711	0.02199	0.43363	0.15507	0.23279	0.02418	0.02424	0.00783	0.00544	0.00168	0.00366	0.00665	0.00554	0.00732
11	0.85592	0.00992	0.00754	0.00675	0.00992	0.01151	0.00556	0.01508	0.00873	0.02302	0.00714	0.00834	0.00556	0.00476	0.00318	0.00159	0.00397	0.00278	0.00318	0.00556
12	0.01247	0.01196	0.02042	0.08947	0.73145	0.01213	0.01564	0.01555	0.01158	0.01649	0.00961	0.01277	0.00803	0.00461	0.00508	0.00154	0.00615	0.00457	0.00252	0.00795
13	0.00735	0.00543	0.00793	0.00793	0.00873	0.00624	0.00602	0.00896	0.00815	0.01168	0.01403	0.02177	0.01353	0.13222	0.70656	0.00785	0.01269	0.00573	0.00279	0.00440
14	0.85592	0.00992	0.00754	0.00675	0.00992	0.01151	0.00556	0.01508	0.00873	0.02302	0.00714	0.00834	0.00556	0.00476	0.00318	0.00159	0.00397	0.00278	0.00318	0.00556
15	0.01153	0.00973	0.01054	0.00955	0.01207	0.01099	0.00739	0.02332	0.60718	0.02127	0.19215	0.02344	0.02300	0.00775	0.00541	0.00171	0.00369	0.00658	0.00532	0.00739
16	0.00969	0.00912	0.01539	0.80734	0.03534	0.01140	0.01425	0.01311	0.01026	0.01311	0.00912	0.01368	0.00684	0.00513	0.00513	0.00171	0.00684	0.00456	0.00228	0.00570
17	0.00733	0.00550	0.00825	0.00825	0.00916	0.00641	0.00641	0.00916	0.00825	0.01191	0.01374	0.02016	0.01283	0.03848	0.79934	0.00825	0.01374	0.00550	0.00275	0.00458
18	0.85592	0.00992	0.00754	0.00675	0.00992	0.01151	0.00556	0.01508	0.00873	0.02302	0.00714	0.00834	0.00556	0.00476	0.00318	0.00159	0.00397	0.00278	0.00318	0.00556
19	0.02178	0.01073	0.01314	0.01008	0.01409	0.01050	0.00832	0.28866	0.01802	0.52285	0.01744	0.01564	0.01130	0.00628	0.00515	0.00157	0.00482	0.00497	0.00592	0.00873
20	0.01951	0.01437	0.01540	0.01181	0.01591	0.01591	0.00975	0.77056	0.02412	0.03234	0.01232	0.01232	0.00873	0.00616	0.00513	0.00154	0.00565	0.00462	0.00513	0.00873
21	0.00625	0.00447	0.00595	0.00714	0.00744	0.00417	0.00476	0.00714	0.00982	0.01310	0.02828	0.81633	0.03394	0.01608	0.00655	0.00208	0.00298	0.01459	0.00476	0.00417
22	0.00969	0.00912	0.01539	0.80734	0.03534	0.01140	0.01425	0.01311	0.01026	0.01311	0.00912	0.01368	0.00684	0.00513	0.00513	0.00171	0.00684	0.00456	0.00228	0.00570
23	0.01270	0.01219	0.02083	0.03149	0.78767	0.01219	0.01575	0.01575	0.01168	0.01676	0.00965	0.01270	0.00813	0.00457	0.00508	0.00152	0.00610	0.00457	0.00254	0.00813
24	0.01129	0.01228	0.02599	0.01905	0.02348	0.01154	0.62529	0.01525	0.01231	0.01673	0.08534	0.02029	0.01367	0.00583	0.00615	0.00178	0.00769	0.07641	0.00308	0.00652
25	0.01179	0.00639	0.00816	0.00747	0.00964	0.00570	0.00603	0.01375	0.01325	0.24608	0.20515	0.03903	0.24297	0.01068	0.00599	0.00178	0.00349	0.15140	0.00543	0.00583
26	0.01195	0.01143	0.01948	0.22384	0.60116	0.01200	0.01538	0.01509	0.01133	0.01586	0.00952	0.01294	0.00781	0.00471	0.00509	0.00157	0.00628	0.00457	0.00248	0.00753
27	0.01270	0.01219	0.02083	0.03149	0.78767	0.01219	0.01575	0.01575	0.01168	0.01676	0.00965	0.01270	0.00813	0.00457	0.00508	0.00152	0.00610	0.00457	0.00254	0.00813
28	0.00715	0.00589	0.00624	0.00604	0.00771	0.00547	0.00448	0.01009	0.10379	0.01545	0.15159	0.04297	0.52927	0.07219	0.00746	0.00196	0.00293	0.00975	0.00482	0.00477
29	0.00949	0.02219	0.63785	0.01315	0.01930	0.01039	0.01616	0.01445	0.01063	0.01563	0.01297	0.16969	0.01191	0.00708	0.00521	0.00172	0.00667	0.00592	0.00268	0.00691
30	0.00664	0.00491	0.00625	0.00712	0.00772	0.00467	0.00487	0.00837	0.04928	0.01414	0.08621	0.66069	0.09004	0.01497	0.00641	0.00201	0.00296	0.01347	0.00485	0.00443
31	0.00960	0.00835	0.01431	0.01237	0.01464	0.00813	0.22089	0.06803	0.01224	0.01627	0.02167	0.26279	0.02315	0.01136	0.00650	0.00204	0.00539	0.27263	0.00417	0.00548
32	0.01293	0.01346	0.02890	0.02069	0.02579	0.01257	0.71213	0.01708	0.01230	0.07433	0.01112	0.01411	0.00815	0.00448	0.00599	0.00172	0.00833	0.00599	0.00288	0.00706
33	0.01104	0.01097	0.01568	0.10873	0.01610	0.01520	0.01159	0.01244	0.00815	0.01244	0.00702	0.01152	0.00675	0.00852	0.01543	0.00218	0.71388	0.00450	0.00225	0.00562
34	0.01997	0.01157	0.10587	0.01015	0.01443	0.00933	0.00915	0.07994	0.10848	0.54723	0.01841	0.01649	0.01202	0.00623	0.00513	0.00161	0.00481	0.00503	0.00562	0.00852
35	0.01417	0.01220	0.01837	0.02452	0.52350	0.01270	0.01344	0.13123	0.10560	0.05502	0.01181	0.01360	0.00930	0.00529	0.00540	0.00157	0.02594	0.00475	0.00342	0.00818
36	0.00733	0.00550	0.00825	0.00825	0.00916	0.00641	0.00641	0.00916	0.00825	0.01191	0.01374	0.02016	0.01283	0.03848	0.79934	0.00825	0.01374	0.00550	0.00275	0.00458
37	0.07689	0.01029	0.00971	0.00926	0.01118	0.13050	0.00717	0.10796	0.10070	0.01859	0.13336	0.20671	0.02379	0.01014	0.00567	0.00179	0.00466	0.12133	0.00454	0.00575
38	0.00956	0.00478	0.00478	0.00478	0.00598	0.00478	0.00359	0.01196	0.01076	0.01913	0.01674	0.01913	0.01315	0.00598	0.00359	0.00120	0.00239	0.00478	0.84816	0.00478
39	0.01411	0.01066	0.01209	0.00908	0.01333	0.00983	0.00735	0.21721	0.08121	0.07917	0.01183	0.01234	0.00898	0.00489	0.00438	0.00112	0.00436	0.00386	0.00404	0.49017
40	0.00746	0.00497	0.00560	0.00560	0.00560	0.00497	0.00311	0.00746	0.00746	0.00995	0.01617	0.03358	0.01865	0.81967	0.02612	0.00497	0.00497	0.00746	0.00311	0.00311
41	0.00956	0.00478	0.00478	0.00478	0.00598	0.00478	0.00359	0.01196	0.01076	0.01913	0.01674	0.01913	0.01315	0.00598	0.00359	0.00120	0.00239	0.00478	0.84816	0.00478
42	0.83312	0.00978	0.00747	0.00669	0.00982	0.01133	0.00550	0.01500	0.00879	0.02292	0.00740	0.00863	0.00576	0.00480	0.00319	0.00158	0.00393	0.00283	0.02593	0.00554
43	0.01255	0.01204	0.02055	0.07083	0.74953	0.01215	0.01567	0.01561	0.01161	0.01658	0.00962	0.01275	0.00806	0.00460	0.00508	0.00153	0.00613	0.00457	0.00253	0.00800

[dist]
# distance from previous block
# <min> <max>
0	21

[block]
# block no. 1 follows, 48 sequences, length 50
# corresponding to MSA columns:
# 136-185
name=unknown_B
#
# <colnr> <probs for GDERKNQSTAVLIFYWHMCP>
#	G	D	E	R	K	N	Q	S	T	A	V	L	I	F	Y	W	H	M	C	P
0	0.01187	0.15208	0.01356	0.00992	0.01239	0.05642	0.00806	0.01962	0.37997	0.01709	0.01861	0.12999	0.01694	0.00848	0.00585	0.00174	0.04833	0.07809	0.00428	0.00672
1	0.02069	0.01036	0.01266	0.00994	0.01378	0.01023	0.00813	0.19561	0.13097	0.50287	0.01853	0.01654	0.01224	0.00640	0.00516	0.00160	0.00461	0.00513	0.00590	0.00864
2	0.01139	0.00965	0.01038	0.00943	0.01196	0.01086	0.00729	0.02297	0.59712	0.02088	0.16101	0.02431	0.06470	0.00794	0.00542	0.00172	0.00368	0.00671	0.00527	0.00732
3	0.01201	0.01149	0.01958	0.20987	0.61469	0.01201	0.01540	0.01514	0.01136	0.01592	0.00953	0.01292	0.00783	0.00470	0.00509	0.00157	0.00627	0.00457	0.00248	0.00757
4	0.00956	0.00832	0.01391	0.67079	0.03045	0.01022	0.01258	0.01201	0.00965	0.01239	0.00908	0.01401	0.00719	0.00730	0.00768	0.14650	0.00643	0.00454	0.00227	0.00511
5	0.01249	0.01262	0.04256	0.02022	0.25934	0.01262	0.22020	0.02036	0.30536	0.01846	0.01414	0.01543	0.01087	0.00543	0.00540	0.00167	0.00606	0.00543	0.00357	0.00778
6	0.01926	0.00763	0.00991	0.00791	0.01111	0.00677	0.00644	0.02136	0.01359	0.57522	0.01926	0.01793	0.01283	0.00625	0.00472	0.00148	0.00381	0.00505	0.24185	0.00763
7	0.00750	0.00520	0.00664	0.00628	0.00749	0.00484	0.00471	0.00992	0.01414	0.02043	0.70571	0.03635	0.04478	0.01002	0.00580	0.00157	0.00242	0.00882	0.09256	0.00484
8	0.85592	0.00992	0.00754	0.00675	0.00992	0.01151	0.00556	0.01508	0.00873	0.02302	0.00714	0.00834	0.00556	0.00476	0.00318	0.00159	0.00397	0.00278	0.00318	0.00556
9	0.00619	0.00516	0.00540	0.00543	0.00703	0.00437	0.00404	0.00758	0.01187	0.01448	0.12259	0.08997	0.67243	0.01292	0.00609	0.00174	0.00260	0.01088	0.00485	0.00437
10	0.00891	0.00446	0.00668	0.00668	0.00668	0.00446	0.00446	0.00668	0.00668	0.00891	0.00891	0.01560	0.00891	0.01783	0.02005	0.85071	0.00446	0.00446	0.00223	0.00223
11	0.01139	0.01617	0.23569	0.02059	0.21947	0.01242	0.24082	0.01535	0.01096	0.01576	0.00965	0.01278	0.00768	0.00697	0.05109	0.00207	0.09673	0.00484	0.00243	0.00714
12	0.00956	0.00478	0.00478	0.00478	0.00598	0.00478	0.00359	0.01196	0.01076	0.01913	0.01674	0.01913	0.01315	0.00598	0.00359	0.00120	0.00239	0.00478	0.84816	0.00478
13	0.01186	0.01133	0.01930	0.24898	0.57677	0.01197	0.01533	0.01501	0.01128	0.01574	0.00950	0.01297	0.00777	0.00473	0.00509	0.00158	0.00630	0.00457	0.00247	0.00745
14	0.44847	0.01055	0.01251	0.10560	0.23062	0.01171	0.00957	0.05724	0.01066	0.02053	0.00868	0.01075	0.00685	0.00487	0.00406	0.00157	0.00494	0.00365	0.03074	0.00644
15	0.00956	0.00478	0.00478	0.00478	0.00598	0.00478	0.00359	0.01196	0.01076	0.01913	0.01674	0.01913	0.01315	0.00598	0.00359	0.00120	0.00239	0.00478	0.84816	0.00478
16	0.01497	0.01391	0.01830	0.07977	0.45580	0.11228	0.01345	0.17649	0.01465	0.03628	0.01019	0.01236	0.00807	0.00508	0.00504	0.00152	0.00641	0.00443	0.00317	0.00782
17	0.01109	0.01045	0.01767	0.38067	0.40437	0.01148	0.01465	0.01427	0.01105	0.01503	0.01039	0.01567	0.00874	0.00536	0.00521	0.00165	0.00636	0.04648	0.00254	0.00684
18	0.01117	0.01018	0.01535	0.11088	0.38460	0.01068	0.01173	0.01637	0.16759	0.01759	0.11661	0.02018	0.07195	0.00652	0.00531	0.00162	0.00503	0.00590	0.00363	0.00714
19	0.00745	0.00551	0.00713	0.00755	0.00877	0.00524	0.00607	0.00972	0.02563	0.01675	0.28556	0.12755	0.15506	0.01282	0.00649	0.00197	0.00342	0.29754	0.00505	0.00470
20	0.01704	0.00825	0.00995	0.00826	0.01123	0.00808	0.00662	0.04217	0.17179	0.39531	0.01918	0.01814	0.01333	0.00637	0.00473	0.00151	0.00379	0.00517	0.24159	0.00750
21	0.85592	0.00992	0.00754	0.00675	0.00992	0.01151	0.00556	0.01508	0.00873	0.02302	0.00714	0.00834	0.00556	0.00476	0.00318	0.00159	0.00397	0.00278	0.00318	0.00556
22	0.85592	0.00992	0.00754	0.00675	0.00992	0.01151	0.00556	0.01508	0.00873	0.02302	0.00714	0.00834	0.00556	0.00476	0.00318	0.00159	0.00397	0.00278	0.00318	0.00556
23	0.02302	0.00873	0.01191	0.00913	0.01310	0.00754	0.00754	0.02501	0.01469	0.79122	0.02024	0.01746	0.01270	0.00635	0.00516	0.00159	0.00437	0.00516	0.00635	0.00873
24	0.00891	0.00446	0.00668	0.00668	0.00668	0.00446	0.00446	0.00668	0.00668	0.00891	0.00891	0.01560	0.00891	0.01783	0.02005	0.85071	0.00446	0.00446	0.00223	0.00223
25	0.01622	0.01289	0.01533	0.01203	0.01580	0.01406	0.08729	0.46502	0.19859	0.02685	0.01692	0.01668	0.06495	0.00664	0.00531	0.00162	0.00537	0.00548	0.00487	0.00809
26	0.00645	0.00463	0.00602	0.00706	0.00747	0.00434	0.00481	0.00739	0.00988	0.01305	0.02869	0.67290	0.07468	0.07237	0.00793	0.00228	0.00320	0.05806	0.00464	0.00414
27	0.11887	0.01136	0.01555	0.01233	0.01583	0.01212	0.18581	0.14227	0.27127	0.04307	0.10305	0.01760	0.01510	0.00633	0.00524	0.00167	0.00520	0.00567	0.00442	0.00726
28	0.01276	0.01102	0.01160	0.01044	0.01334	0.01276	0.00812	0.02727	0.77840	0.02146	0.02088	0.01914	0.01566	0.00696	0.00522	0.00174	0.00406	0.00580	0.00522	0.00812
29	0.01681	0.01038	0.01222	0.00932	0.01337	0.00975	0.00759	0.21199	0.06951	0.26124	0.03540	0.01454	0.01115	0.00560	0.00473	0.00131	0.00443	0.00447	0.00483	0.29138
30	0.02144	0.00964	0.01227	0.00959	0.01345	0.00910	0.00786	0.11089	0.10326	0.61588	0.01941	0.01707	0.01258	0.00640	0.00516	0.00160	0.00448	0.00517	0.00608	0.00866
31	0.11844	0.00887	0.01141	0.00886	0.01273	0.00800	0.00731	0.02387	0.01400	0.70322	0.01874	0.01642	0.01188	0.00617	0.00493	0.00159	0.00432	0.00489	0.00599	0.00837
32	0.01599	0.00940	0.01074	0.00883	0.01170	0.05248	0.00704	0.16923	0.01632	0.29892	0.26483	0.03688	0.05907	0.00804	0.00547	0.00159	0.00417	0.00668	0.00557	0.00705
33	0.01678	0.01032	0.01191	0.00991	0.01323	0.01090	0.00793	0.13084	0.36108	0.28139	0.07325	0.01896	0.01599	0.00689	0.00525	0.00165	0.00427	0.00566	0.00562	0.00818
34	0.01420	0.00682	0.00886	0.00745	0.01000	0.00598	0.00590	0.01622	0.01410	0.36875	0.31035	0.03080	0.16090	0.00905	0.00565	0.00162	0.00333	0.00768	0.00581	0.00652
35	0.01147	0.01094	0.01861	0.34778	0.48097	0.01187	0.01514	0.01467	0.01110	0.01527	0.00943	0.01310	0.00760	0.00480	0.00510	0.00160	0.00640	0.00457	0.00243	0.00714
36	0.02000	0.01357	0.01490	0.01143	0.01551	0.01472	0.00944	0.66467	0.02278	0.14012	0.01344	0.01305	0.00929	0.00619	0.00514	0.00155	0.00546	0.00470	0.00531	0.00873
37	0.01276	0.01102	0.01160	0.01044	0.01334	0.01276	0.00812	0.02727	0.77840	0.02146	0.02088	0.01914	0.01566	0.00696	0.00522	0.00174	0.00406	0.00580	0.00522	0.00812
38	0.00635	0.00521	0.00559	0.00550	0.00710	0.00445	0.00412	0.00791	0.01237	0.01545	0.22555	0.04676	0.61102	0.01240	0.00606	0.00170	0.00256	0.01046	0.00497	0.00445
39	0.01421	0.12797	0.09974	0.00876	0.01243	0.00980	0.00809	0.10378	0.01389	0.24265	0.06788	0.02488	0.22888	0.00797	0.00516	0.00156	0.00443	0.00641	0.00466	0.00684
40	0.00969	0.00912	0.01539	0.80734	0.03534	0.01140	0.01425	0.01311	0.01026	0.01311	0.00912	0.01368	0.00684	0.00513	0.00513	0.00171	0.00684	0.00456	0.00228	0.00570
41	0.00625	0.00447	0.00595	0.00714	0.00744	0.00417	0.00476	0.00714	0.00982	0.01310	0.02828	0.81633	0.03394	0.01608	0.00655	0.00208	0.00298	0.01459	0.00476	0.00417
42	0.01130	0.01174	0.01440	0.55855	0.02848	0.16680	0.01249	0.01412	0.01088	0.01286	0.00941	0.01355	0.00748	0.00898	0.09601	0.00238	0.00811	0.00442	0.00241	0.00562
43	0.01270	0.01219	0.02083	0.03149	0.78767	0.01219	0.01575	0.01575	0.01168	0.01676	0.00965	0.01270	0.00813	0.00457	0.00508	0.00152	0.00610	0.00457	0.00254	0.00813
44	0.01288	0.01348	0.02898	0.02075	0.02585	0.01259	0.71542	0.01704	0.01229	0.07098	0.01107	0.01410	0.00813	0.00447	0.00599	0.00172	0.00835	0.00599	0.00286	0.00705
45	0.01245	0.01217	0.01666	0.14612	0.31851	0.12654	0.06556	0.01511	0.01196	0.04354	0.01441	0.05171	0.04729	0.00673	0.00542	0.00167	0.00636	0.08807	0.00309	0.00664
46	0.20728	0.01475	0.30823	0.01007	0.01412	0.00954	0.01063	0.01420	0.06460	0.01807	0.10219	0.17348	0.01716	0.00786	0.00497	0.00171	0.00499	0.00646	0.00353	0.00616
47	0.00999	0.02504	0.73762	0.01396	0.02113	0.01138	0.01790	0.01562	0.01089	0.01608	0.01222	0.01355	0.06135	0.00545	0.00496	0.00163	0.00723	0.00429	0.00235	0.00735
48	0.04476	0.01020	0.01232	0.00979	0.01354	0.01016	0.00798	0.15333	0.17216	0.48097	0.01863	0.01666	0.01241	0.00640	0.00511	0.00161	0.00451	0.00513	0.00582	0.00851
49	0.01306	0.01379	0.10200	0.01793	0.09041	0.03742	0.37459	0.03735	0.01250	0.10220	0.06606	0.03702	0.01172	0.00574	0.00632	0.00170	0.05407	0.00583	0.00329	0.00702

[dist]
# distance from previous block
# <min> <max>
0	2

# created by:
# /home/cegg/simao/soft/augustus-3.2.1/scripts/msa2prfl.pl ./align_prep/32173.fa
