[name]
unknown

[dist]
# distance from previous block
# <min> <max>
0	3

[block]
# block no. 0 follows, 47 sequences, length 35
# corresponding to MSA columns:
# 3-37
name=unknown_A
#
# <colnr> <probs for GDERKNQSTAVLIFYWHMCP>
#	G	D	E	R	K	N	Q	S	T	A	V	L	I	F	Y	W	H	M	C	P
0	0.00848	0.00619	0.00856	0.00946	0.01071	0.00642	0.00811	0.01141	0.04950	0.01538	0.02525	0.05115	0.02678	0.01765	0.12315	0.00324	0.00611	0.60299	0.00453	0.00495
1	0.00615	0.00528	0.00528	0.00528	0.00703	0.00440	0.00396	0.00747	0.01187	0.01407	0.05276	0.05012	0.78238	0.01319	0.00615	0.00176	0.00264	0.01099	0.00484	0.00440
2	0.01045	0.02694	0.79000	0.01484	0.02254	0.01209	0.01924	0.01649	0.01099	0.01649	0.00935	0.01099	0.00660	0.00495	0.00495	0.00165	0.00770	0.00385	0.00220	0.00770
3	0.00687	0.00530	0.00627	0.00603	0.00747	0.00470	0.00452	0.00886	0.01356	0.01807	0.48094	0.04353	0.35170	0.01170	0.00615	0.00169	0.00253	0.01007	0.00536	0.00470
4	0.00729	0.00615	0.00642	0.00620	0.00807	0.00571	0.00469	0.01071	0.12443	0.01596	0.12952	0.04435	0.58779	0.01200	0.00603	0.00175	0.00284	0.01006	0.00500	0.00502
5	0.00650	0.00465	0.00618	0.00715	0.00759	0.00433	0.00485	0.00763	0.01067	0.01441	0.13944	0.69966	0.03660	0.01548	0.00657	0.00204	0.00294	0.01401	0.00497	0.00433
6	0.01945	0.02482	0.01476	0.01342	0.01610	0.79608	0.01006	0.02079	0.01476	0.01275	0.00805	0.00939	0.00671	0.00537	0.00470	0.00134	0.00939	0.00335	0.00268	0.00604
7	0.01392	0.82012	0.02729	0.00891	0.01337	0.02061	0.00891	0.01559	0.01058	0.01225	0.00724	0.00835	0.00668	0.00446	0.00334	0.00111	0.00557	0.00278	0.00223	0.00668
8	0.00983	0.00926	0.01562	0.80447	0.03587	0.01157	0.01446	0.01331	0.01041	0.01331	0.00926	0.01388	0.00694	0.00521	0.00521	0.00174	0.00694	0.00463	0.00231	0.00579
9	0.00634	0.00453	0.00604	0.00725	0.00755	0.00423	0.00483	0.00725	0.00997	0.01329	0.02870	0.81358	0.03444	0.01632	0.00665	0.00211	0.00302	0.01480	0.00483	0.00423
10	0.85377	0.01007	0.00765	0.00685	0.01007	0.01168	0.00564	0.01531	0.00886	0.02336	0.00725	0.00846	0.00564	0.00483	0.00322	0.00161	0.00403	0.00282	0.00322	0.00564
11	0.01151	0.01097	0.01865	0.38018	0.44705	0.01201	0.01530	0.01478	0.01121	0.01534	0.00955	0.01334	0.00766	0.00490	0.00518	0.00163	0.00653	0.00463	0.00246	0.00714
12	0.01289	0.01237	0.02114	0.03196	0.78450	0.01237	0.01598	0.01598	0.01186	0.01701	0.00980	0.01289	0.00825	0.00464	0.00516	0.00155	0.00619	0.00464	0.00258	0.00825
13	0.00668	0.00521	0.00521	0.00521	0.00689	0.00446	0.00391	0.00816	0.01173	0.01485	0.04750	0.04560	0.66929	0.01214	0.00579	0.00168	0.00261	0.01009	0.12852	0.00446
14	0.01033	0.00952	0.01562	0.76496	0.03488	0.01180	0.01424	0.05088	0.01111	0.01428	0.00942	0.01382	0.00704	0.00526	0.00521	0.00173	0.00688	0.00463	0.00246	0.00594
15	0.00737	0.00532	0.00696	0.00655	0.00778	0.00491	0.00491	0.00983	0.01474	0.02088	0.78175	0.03890	0.04914	0.01065	0.00614	0.00164	0.00246	0.00942	0.00573	0.00491
16	0.01289	0.01237	0.02114	0.03196	0.78450	0.01237	0.01598	0.01598	0.01186	0.01701	0.00980	0.01289	0.00825	0.00464	0.00516	0.00155	0.00619	0.00464	0.00258	0.00825
17	0.00971	0.00485	0.00485	0.00485	0.00607	0.00485	0.00364	0.01213	0.01092	0.01942	0.01699	0.01942	0.01335	0.00607	0.00364	0.00121	0.00243	0.00485	0.84589	0.00485
18	0.01753	0.02184	0.01348	0.01251	0.01484	0.67963	0.00929	0.01880	0.01405	0.01283	0.01109	0.12765	0.01079	0.00698	0.00498	0.00146	0.00845	0.00504	0.00300	0.00577
19	0.01254	0.01032	0.01172	0.00863	0.01309	0.00891	0.00695	0.15047	0.05138	0.02008	0.01044	0.01154	0.00833	0.00445	0.00417	0.00096	0.00421	0.00352	0.00358	0.65471
20	0.01479	0.70166	0.02557	0.00936	0.01378	0.01995	0.00906	0.12611	0.01263	0.01528	0.00801	0.00896	0.00700	0.00472	0.00362	0.00118	0.00559	0.00306	0.00267	0.00700
21	0.01392	0.82012	0.02729	0.00891	0.01337	0.02061	0.00891	0.01559	0.01058	0.01225	0.00724	0.00835	0.00668	0.00446	0.00334	0.00111	0.00557	0.00278	0.00223	0.00668
22	0.01295	0.01119	0.01178	0.01060	0.01354	0.01295	0.00824	0.02767	0.77509	0.02178	0.02120	0.01943	0.01590	0.00707	0.00530	0.00177	0.00412	0.00589	0.00530	0.00824
23	0.00637	0.00528	0.00557	0.00550	0.00716	0.00449	0.00412	0.00789	0.01237	0.01526	0.18039	0.04815	0.65400	0.01274	0.00615	0.00174	0.00261	0.01072	0.00499	0.00449
24	0.70419	0.00909	0.00737	0.00692	0.00963	0.01037	0.00550	0.01389	0.00906	0.02159	0.01104	0.15058	0.01072	0.00686	0.00383	0.00170	0.00385	0.00494	0.00351	0.00539
25	0.01341	0.70347	0.13945	0.00978	0.01472	0.01935	0.01043	0.01573	0.01064	0.01288	0.00755	0.00874	0.00667	0.00453	0.00358	0.00119	0.00588	0.00294	0.00222	0.00683
26	0.00640	0.00458	0.00609	0.00721	0.00757	0.00427	0.00484	0.00739	0.01023	0.01371	0.06977	0.77133	0.03524	0.01601	0.00662	0.00209	0.00299	0.01451	0.00488	0.00427
27	0.01289	0.01237	0.02114	0.03196	0.78450	0.01237	0.01598	0.01598	0.01186	0.01701	0.00980	0.01289	0.00825	0.00464	0.00516	0.00155	0.00619	0.00464	0.00258	0.00825
28	0.01223	0.01144	0.01926	0.02867	0.67072	0.01144	0.01487	0.01522	0.01188	0.01680	0.01241	0.01963	0.01144	0.00607	0.00546	0.00167	0.00598	0.11417	0.00290	0.00774
29	0.00634	0.00453	0.00604	0.00725	0.00755	0.00423	0.00483	0.00725	0.00997	0.01329	0.02870	0.81358	0.03444	0.01632	0.00665	0.00211	0.00302	0.01480	0.00483	0.00423
30	0.00972	0.00584	0.00771	0.00695	0.00859	0.00532	0.00532	0.01211	0.01477	0.13371	0.66981	0.03579	0.04381	0.01003	0.00601	0.00163	0.00275	0.00880	0.00584	0.00549
31	0.02336	0.00886	0.01209	0.00927	0.01329	0.00765	0.00765	0.02538	0.01491	0.78810	0.02055	0.01773	0.01289	0.00645	0.00524	0.00161	0.00443	0.00524	0.00645	0.00886
32	0.02220	0.00972	0.05342	0.00948	0.01362	0.00781	0.00819	0.02444	0.01469	0.72395	0.04277	0.01800	0.01364	0.00649	0.00525	0.00161	0.00455	0.00529	0.00620	0.00868
33	0.01126	0.01200	0.02470	0.01845	0.02249	0.01162	0.54977	0.01500	0.01204	0.01640	0.05548	0.02203	0.01351	0.00744	0.02914	0.00206	0.05155	0.11553	0.00311	0.00644
34	0.01136	0.00899	0.00961	0.00901	0.01123	0.01012	0.00686	0.02169	0.51619	0.02008	0.02149	0.13621	0.01814	0.00823	0.00518	0.00171	0.00364	0.00700	0.16625	0.00700

[dist]
# distance from previous block
# <min> <max>
0	16

[block]
# block no. 1 follows, 47 sequences, length 7
# corresponding to MSA columns:
# 54-60
name=unknown_B
#
# <colnr> <probs for GDERKNQSTAVLIFYWHMCP>
#	G	D	E	R	K	N	Q	S	T	A	V	L	I	F	Y	W	H	M	C	P
0	0.53222	0.00808	0.00659	0.00609	0.00855	0.00908	0.00488	0.01410	0.00965	0.02186	0.01096	0.01263	0.00858	0.00530	0.00338	0.00146	0.00342	0.00359	0.32424	0.00534
1	0.01172	0.00877	0.00914	0.00841	0.01069	0.00987	0.00649	0.02175	0.48398	0.02088	0.01959	0.01942	0.01493	0.00669	0.00467	0.00156	0.00348	0.00549	0.32553	0.00695
2	0.00979	0.00758	0.01152	0.49985	0.02451	0.00901	0.01034	0.01286	0.01061	0.01563	0.01220	0.01599	0.00938	0.00553	0.00461	0.00154	0.00522	0.00471	0.32368	0.00543
3	0.01304	0.00678	0.00840	0.00714	0.00941	0.00631	0.00558	0.01475	0.01115	0.20456	0.01519	0.01702	0.01162	0.00954	0.06255	0.09375	0.02969	0.00466	0.32484	0.14403
4	0.01591	0.45718	0.07676	0.01050	0.01507	0.01831	0.01002	0.30196	0.01591	0.02039	0.00939	0.01012	0.00750	0.00517	0.00417	0.00132	0.00578	0.00359	0.00336	0.00758
5	0.01136	0.00918	0.01436	0.10271	0.40939	0.00942	0.01112	0.01424	0.01135	0.01754	0.01248	0.01548	0.01005	0.00524	0.00458	0.00144	0.00483	0.00472	0.32381	0.00670
6	0.00753	0.00504	0.00520	0.00532	0.00672	0.00455	0.00393	0.00923	0.01131	0.01602	0.03661	0.11854	0.41092	0.01080	0.00525	0.00159	0.00260	0.00905	0.32524	0.00455

[dist]
# distance from previous block
# <min> <max>
0	2

[block]
# block no. 2 follows, 47 sequences, length 31
# corresponding to MSA columns:
# 63-93
name=unknown_C
#
# <colnr> <probs for GDERKNQSTAVLIFYWHMCP>
#	G	D	E	R	K	N	Q	S	T	A	V	L	I	F	Y	W	H	M	C	P
0	0.01009	0.00802	0.01239	0.44693	0.09991	0.00929	0.01082	0.01316	0.01074	0.01582	0.01202	0.01573	0.00932	0.00545	0.00465	0.00153	0.00528	0.00471	0.29842	0.00570
1	0.00754	0.00510	0.00517	0.00517	0.00656	0.00462	0.00377	0.00912	0.01111	0.01555	0.03658	0.03775	0.43648	0.09069	0.00730	0.00189	0.00280	0.00850	0.29987	0.00443
2	0.01138	0.01082	0.02165	0.01595	0.01979	0.01025	0.49815	0.01509	0.01181	0.01764	0.01280	0.01593	0.00981	0.00498	0.00527	0.00157	0.00655	0.00569	0.29860	0.00626
3	0.01182	0.01128	0.01920	0.30310	0.52174	0.01209	0.01545	0.01504	0.01135	0.01571	0.00961	0.01324	0.00779	0.00484	0.00517	0.00161	0.00645	0.00464	0.00249	0.00738
4	0.00965	0.00713	0.01227	0.28827	0.01903	0.00786	0.08376	0.01006	0.00861	0.01130	0.00927	0.01497	0.00819	0.01221	0.01362	0.46702	0.00580	0.00472	0.00232	0.00397
5	0.00867	0.00745	0.01167	0.28831	0.01906	0.00923	0.00979	0.01103	0.00905	0.01256	0.01159	0.01725	0.01027	0.02420	0.44111	0.00543	0.09046	0.00514	0.00257	0.00515
6	0.01446	0.01203	0.01211	0.01026	0.01332	0.06424	0.00813	0.28269	0.29901	0.02409	0.09654	0.02175	0.10303	0.00772	0.00541	0.00165	0.00470	0.00623	0.00508	0.00754
7	0.01277	0.00678	0.00835	0.00721	0.00967	0.00601	0.00566	0.01515	0.04352	0.28777	0.22502	0.03470	0.29644	0.00994	0.00580	0.00168	0.00328	0.00837	0.00565	0.00625
8	0.00927	0.00744	0.00933	0.00904	0.01061	0.00854	0.00695	0.01554	0.27763	0.01561	0.01796	0.09903	0.01616	0.02557	0.44011	0.00543	0.00941	0.00661	0.00387	0.00587
9	0.01519	0.01674	0.01890	0.02545	0.51480	0.28744	0.01390	0.01767	0.01288	0.01552	0.00918	0.01166	0.00771	0.00489	0.00499	0.00147	0.00731	0.00419	0.00261	0.00747
10	0.01358	0.53619	0.02184	0.00950	0.01343	0.01792	0.00868	0.01983	0.27891	0.01560	0.01214	0.01224	0.00992	0.00537	0.00403	0.00134	0.00506	0.00387	0.00331	0.00723
11	0.01118	0.01064	0.01414	0.01158	0.01321	0.01279	0.00956	0.01274	0.00897	0.01409	0.00769	0.01118	0.00714	0.00727	0.01245	0.00175	0.52540	0.00404	0.00256	0.30162
12	0.01222	0.00654	0.00770	0.00670	0.00925	0.00555	0.00527	0.01381	0.01300	0.28589	0.05696	0.03851	0.49670	0.01077	0.00583	0.00170	0.00326	0.00894	0.00542	0.00597
13	0.01181	0.00896	0.00935	0.00858	0.01092	0.01011	0.00663	0.02222	0.50688	0.02095	0.01972	0.01942	0.01500	0.00671	0.00472	0.00157	0.00353	0.00552	0.30033	0.00705
14	0.00634	0.00453	0.00604	0.00725	0.00755	0.00423	0.00483	0.00725	0.00997	0.01329	0.02870	0.81358	0.03444	0.01632	0.00665	0.00211	0.00302	0.01480	0.00483	0.00423
15	0.01140	0.09610	0.24036	0.29290	0.02713	0.01288	0.19173	0.01560	0.01117	0.03817	0.00972	0.01267	0.00722	0.00490	0.00517	0.00165	0.00738	0.00460	0.00247	0.00680
16	0.01598	0.53739	0.02320	0.00999	0.01434	0.01904	0.00926	0.27937	0.01546	0.01947	0.00909	0.00981	0.00745	0.00509	0.00400	0.00127	0.00563	0.00345	0.00327	0.00745
17	0.00862	0.00687	0.00922	0.00814	0.01037	0.00666	0.00639	0.01064	0.00922	0.01380	0.01230	0.01707	0.01116	0.02670	0.51819	0.00570	0.01041	0.00470	0.00289	0.30094
18	0.01078	0.02148	0.51832	0.01443	0.01943	0.01345	0.01649	0.01510	0.00994	0.01510	0.00846	0.01113	0.00668	0.00641	0.00921	0.00187	0.28840	0.00410	0.00223	0.00699
19	0.01220	0.00653	0.00767	0.00668	0.00923	0.00554	0.00525	0.01376	0.01294	0.28574	0.04145	0.03875	0.51230	0.01082	0.00583	0.00171	0.00327	0.00897	0.00540	0.00596
20	0.01618	0.01087	0.01672	0.03429	0.33088	0.01149	0.01202	0.01847	0.01205	0.28660	0.01291	0.01428	0.00954	0.00627	0.00780	0.00173	0.18134	0.00483	0.00386	0.00786
21	0.01740	0.51150	0.02158	0.00917	0.01342	0.03935	0.00850	0.01918	0.01222	0.28458	0.01193	0.01167	0.00886	0.00518	0.00405	0.00130	0.00528	0.00366	0.00372	0.00743
22	0.56231	0.00965	0.00921	0.00770	0.01120	0.01027	0.00635	0.01884	0.01098	0.29178	0.01192	0.01171	0.00818	0.00540	0.00393	0.00161	0.00417	0.00367	0.00435	0.00677
23	0.01376	0.00713	0.00977	0.00950	0.01174	0.00675	0.00813	0.01633	0.03215	0.28688	0.02495	0.04336	0.02362	0.01142	0.00646	0.00211	0.00465	0.46960	0.00539	0.00631
24	0.28312	0.01243	0.01177	0.00959	0.01323	0.10905	0.00779	0.17740	0.01500	0.29244	0.01312	0.01268	0.00899	0.00576	0.00453	0.00157	0.00520	0.00413	0.00470	0.00750
25	0.01230	0.00613	0.00809	0.00776	0.00952	0.00545	0.00574	0.01364	0.01189	0.28532	0.02823	0.45827	0.10132	0.01254	0.00610	0.00190	0.00348	0.01107	0.00540	0.00587
26	0.01045	0.02694	0.79000	0.01484	0.02254	0.01209	0.01924	0.01649	0.01099	0.01649	0.00935	0.01099	0.00660	0.00495	0.00495	0.00165	0.00770	0.00385	0.00220	0.00770
27	0.00634	0.00453	0.00604	0.00725	0.00755	0.00423	0.00483	0.00725	0.00997	0.01329	0.02870	0.81358	0.03444	0.01632	0.00665	0.00211	0.00302	0.01480	0.00483	0.00423
28	0.01304	0.00668	0.00940	0.00841	0.01034	0.00676	0.00657	0.01477	0.01058	0.28426	0.01651	0.02087	0.01357	0.10583	0.44127	0.00566	0.00971	0.00566	0.00411	0.00598
29	0.00883	0.00762	0.01103	0.01023	0.01083	0.00982	0.00822	0.01043	0.00823	0.01224	0.01145	0.01728	0.01085	0.02855	0.52284	0.00623	0.29246	0.00522	0.00261	0.00502
30	0.01353	0.01575	0.01076	0.01044	0.01220	0.43936	0.00762	0.01472	0.01279	0.01307	0.01975	0.29570	0.09364	0.00999	0.00553	0.00165	0.00648	0.00813	0.00365	0.00524

[dist]
# distance from previous block
# <min> <max>
0	21

# created by:
# /home/cegg/simao/soft/augustus-3.2.1/scripts/msa2prfl.pl ./align_prep/32542.fa
