[name]
unknown

[dist]
# distance from previous block
# <min> <max>
0	0

[block]
# block no. 0 follows, 48 sequences, length 39
# corresponding to MSA columns:
# 0-38
name=unknown_A
#
# <colnr> <probs for GDERKNQSTAVLIFYWHMCP>
#	G	D	E	R	K	N	Q	S	T	A	V	L	I	F	Y	W	H	M	C	P
0	0.00827	0.00591	0.00827	0.00945	0.01063	0.00591	0.00827	0.01063	0.01181	0.01536	0.02717	0.05788	0.02953	0.01417	0.00709	0.00236	0.00472	0.75313	0.00472	0.00472
1	0.00848	0.00929	0.08483	0.06077	0.01418	0.00762	0.17677	0.01061	0.01027	0.01337	0.02462	0.03057	0.24643	0.26583	0.01226	0.00275	0.00544	0.00764	0.00335	0.00491
2	0.01917	0.02445	0.01454	0.01322	0.01586	0.79907	0.00991	0.02049	0.01454	0.01256	0.00793	0.00925	0.00661	0.00529	0.00463	0.00132	0.00925	0.00330	0.00264	0.00595
3	0.01209	0.58180	0.13510	0.00912	0.01355	0.01666	0.00954	0.01435	0.01077	0.01318	0.03866	0.01454	0.10129	0.00569	0.00395	0.00127	0.00534	0.00408	0.00261	0.00640
4	0.01262	0.24044	0.29062	0.01489	0.02061	0.01428	0.25349	0.01662	0.01137	0.06433	0.00971	0.01149	0.00732	0.00466	0.00483	0.00151	0.00714	0.00431	0.00258	0.00717
5	0.58830	0.01064	0.01176	0.01460	0.25676	0.01173	0.00879	0.01529	0.00967	0.02104	0.00794	0.00972	0.00637	0.00470	0.00378	0.00157	0.00464	0.00335	0.00297	0.00637
6	0.01057	0.06094	0.01594	0.14226	0.37446	0.01025	0.01161	0.01339	0.01228	0.01711	0.25548	0.02070	0.02062	0.00652	0.00528	0.00155	0.00501	0.00595	0.00346	0.00661
7	0.00632	0.00475	0.00586	0.00655	0.00733	0.00429	0.00455	0.00750	0.01087	0.01418	0.12410	0.52358	0.23225	0.01461	0.00636	0.00194	0.00281	0.01298	0.00487	0.00429
8	0.00726	0.00524	0.00686	0.00646	0.00767	0.00484	0.00484	0.00968	0.01452	0.02058	0.78496	0.03833	0.04841	0.01049	0.00605	0.00161	0.00242	0.00928	0.00565	0.00484
9	0.01372	0.82276	0.02689	0.00878	0.01317	0.02030	0.00878	0.01536	0.01043	0.01207	0.00713	0.00823	0.00658	0.00439	0.00329	0.00110	0.00549	0.00274	0.00219	0.00658
10	0.00618	0.00474	0.00567	0.00641	0.00725	0.00423	0.00444	0.00723	0.01053	0.01339	0.03722	0.52697	0.31752	0.01491	0.00637	0.00195	0.00283	0.01317	0.00476	0.00423
11	0.00733	0.00550	0.00825	0.00825	0.00916	0.00641	0.00641	0.00916	0.00825	0.01191	0.01374	0.02016	0.01283	0.03848	0.79934	0.00825	0.01374	0.00550	0.00275	0.00458
12	0.00620	0.00520	0.00538	0.00534	0.00701	0.00439	0.00400	0.00762	0.01201	0.01461	0.13421	0.04814	0.70289	0.01271	0.00606	0.00172	0.00258	0.01066	0.00486	0.00439
13	0.01064	0.00912	0.01064	0.00760	0.01216	0.00684	0.00608	0.01292	0.01064	0.01672	0.00912	0.01064	0.00760	0.00380	0.00380	0.00076	0.00380	0.00304	0.00304	0.85104
14	0.00969	0.00912	0.01539	0.80734	0.03534	0.01140	0.01425	0.01311	0.01026	0.01311	0.00912	0.01368	0.00684	0.00513	0.00513	0.00171	0.00684	0.00456	0.00228	0.00570
15	0.01270	0.01219	0.02083	0.03149	0.78767	0.01219	0.01575	0.01575	0.01168	0.01676	0.00965	0.01270	0.00813	0.00457	0.00508	0.00152	0.00610	0.00457	0.00254	0.00813
16	0.00956	0.00478	0.00478	0.00478	0.00598	0.00478	0.00359	0.01196	0.01076	0.01913	0.01674	0.01913	0.01315	0.00598	0.00359	0.00120	0.00239	0.00478	0.84816	0.00478
17	0.01904	0.01401	0.01502	0.01156	0.01551	0.01549	0.00949	0.74083	0.02348	0.03147	0.01247	0.01315	0.00911	0.03785	0.00595	0.00167	0.00562	0.00473	0.00505	0.00851
18	0.10135	0.00884	0.01150	0.00891	0.01280	0.00791	0.00735	0.02407	0.01413	0.71898	0.01901	0.01661	0.01203	0.00620	0.00497	0.00159	0.00433	0.00494	0.00605	0.00843
19	0.01319	0.01123	0.01184	0.01053	0.01351	0.01296	0.00823	0.07443	0.73054	0.02215	0.02034	0.01871	0.01522	0.00691	0.00522	0.00173	0.00416	0.00573	0.00522	0.00816
20	0.10542	0.01574	0.01506	0.01393	0.10774	0.17745	0.01007	0.44615	0.01905	0.02540	0.01055	0.01132	0.00789	0.00564	0.00482	0.00150	0.00627	0.00415	0.00410	0.00775
21	0.00996	0.00940	0.01588	0.73678	0.10376	0.01147	0.01439	0.01335	0.01039	0.01344	0.00917	0.01359	0.00696	0.00508	0.00513	0.00169	0.00677	0.00456	0.00230	0.00592
22	0.00623	0.00456	0.00586	0.00690	0.00738	0.00419	0.00466	0.00717	0.01005	0.01319	0.03120	0.72177	0.12661	0.01570	0.00649	0.00204	0.00293	0.01412	0.00476	0.00419
23	0.00609	0.00508	0.00532	0.00551	0.00701	0.00431	0.00404	0.00733	0.01140	0.01374	0.04819	0.17196	0.66545	0.01349	0.00614	0.00179	0.00266	0.01143	0.00476	0.00431
24	0.01290	0.01015	0.01212	0.00913	0.01296	0.00944	0.00743	0.12520	0.01253	0.07345	0.01006	0.01145	0.00801	0.00503	0.00587	0.00114	0.11410	0.00362	0.00347	0.55194
25	0.02237	0.00978	0.01256	0.00963	0.01362	0.00910	0.00795	0.16366	0.01644	0.65008	0.01877	0.01651	0.01196	0.00632	0.00515	0.00158	0.00460	0.00506	0.00612	0.00873
26	0.01237	0.01195	0.02054	0.05317	0.64841	0.01214	0.06558	0.01564	0.02551	0.01652	0.01038	0.01438	0.00887	0.00508	0.00560	0.00160	0.03227	0.02957	0.00265	0.00778
27	0.01155	0.31801	0.51261	0.01248	0.01890	0.01499	0.01523	0.01593	0.01068	0.01472	0.00845	0.00988	0.00653	0.00470	0.00430	0.00143	0.00682	0.00341	0.00218	0.00722
28	0.01123	0.01123	0.01572	0.01347	0.01347	0.01572	0.01123	0.01235	0.00786	0.01235	0.00674	0.01123	0.00674	0.00898	0.01684	0.00225	0.81028	0.00449	0.00225	0.00561
29	0.85592	0.00992	0.00754	0.00675	0.00992	0.01151	0.00556	0.01508	0.00873	0.02302	0.00714	0.00834	0.00556	0.00476	0.00318	0.00159	0.00397	0.00278	0.00318	0.00556
30	0.02191	0.01006	0.01267	0.00977	0.01373	0.00957	0.00805	0.19067	0.04153	0.59773	0.01850	0.01638	0.01191	0.00633	0.00516	0.00158	0.00464	0.00506	0.00604	0.00871
31	0.00714	0.00524	0.00670	0.00633	0.00759	0.00479	0.00475	0.00946	0.01425	0.01992	0.71319	0.03941	0.12060	0.01074	0.00605	0.00163	0.00244	0.00943	0.00556	0.00479
32	0.01211	0.01384	0.03028	0.02163	0.02682	0.01298	0.76903	0.01644	0.01211	0.01644	0.01038	0.01384	0.00779	0.00433	0.00606	0.00173	0.00865	0.00606	0.00260	0.00692
33	0.00611	0.00520	0.00527	0.00525	0.00696	0.00435	0.00394	0.00746	0.01181	0.01414	0.08203	0.04893	0.75537	0.01289	0.00606	0.00173	0.00259	0.01077	0.00480	0.00435
34	0.01852	0.11980	0.01604	0.01265	0.01554	0.68287	0.00977	0.04182	0.01433	0.01308	0.00796	0.00922	0.00667	0.00521	0.00448	0.00130	0.00870	0.00328	0.00266	0.00611
35	0.00674	0.00522	0.00614	0.00591	0.00735	0.00462	0.00443	0.00868	0.01330	0.01767	0.46777	0.04311	0.36741	0.01157	0.00606	0.00167	0.00250	0.00995	0.00527	0.00462
36	0.70329	0.00970	0.00834	0.00718	0.01050	0.01078	0.00592	0.01690	0.00982	0.16380	0.00954	0.01001	0.00687	0.00505	0.00354	0.00159	0.00404	0.00321	0.00376	0.00614
37	0.00845	0.05816	0.01108	0.00994	0.01151	0.00706	0.08619	0.01060	0.01139	0.01495	0.06260	0.24155	0.02789	0.01283	0.00655	0.00211	0.00462	0.40320	0.00440	0.00494
38	0.00799	0.00601	0.00749	0.00698	0.00842	0.00589	0.00528	0.01202	0.11590	0.02069	0.68356	0.03578	0.04407	0.01002	0.00594	0.00163	0.00264	0.00882	0.00559	0.00528

[dist]
# distance from previous block
# <min> <max>
0	8

[block]
# block no. 1 follows, 48 sequences, length 22
# corresponding to MSA columns:
# 47-68
name=unknown_B
#
# <colnr> <probs for GDERKNQSTAVLIFYWHMCP>
#	G	D	E	R	K	N	Q	S	T	A	V	L	I	F	Y	W	H	M	C	P
0	0.01345	0.59207	0.02353	0.16286	0.01769	0.09090	0.00994	0.01541	0.01078	0.01232	0.00759	0.00937	0.00664	0.00462	0.00377	0.00124	0.00610	0.00315	0.00225	0.00636
1	0.01271	0.08199	0.36095	0.01572	0.14760	0.01281	0.01433	0.06755	0.15972	0.05903	0.01215	0.01299	0.00902	0.00535	0.00488	0.00158	0.00619	0.00435	0.00323	0.00783
2	0.01423	0.02785	0.07477	0.07412	0.07696	0.33700	0.01993	0.02714	0.01195	0.04054	0.01081	0.01645	0.00993	0.16237	0.00961	0.00219	0.05103	0.02447	0.00285	0.00579
3	0.69241	0.00887	0.00724	0.00682	0.00945	0.01010	0.00540	0.01356	0.00894	0.02111	0.01121	0.16382	0.01102	0.00694	0.00382	0.00168	0.00378	0.00505	0.00348	0.00529
4	0.00954	0.00632	0.00842	0.10081	0.01134	0.00631	0.00605	0.03994	0.01304	0.09086	0.44441	0.03156	0.03293	0.16502	0.00969	0.00227	0.00374	0.00781	0.00481	0.00512
5	0.00850	0.00561	0.00772	0.00750	0.00852	0.00603	0.00559	0.00990	0.00883	0.07287	0.01762	0.02508	0.07138	0.20683	0.50713	0.00652	0.01024	0.00630	0.00326	0.00456
6	0.01573	0.01724	0.01329	0.01193	0.01455	0.37218	0.00917	0.03835	0.36420	0.01703	0.01388	0.01397	0.01081	0.00631	0.00570	0.00158	0.05870	0.00455	0.00385	0.00698
7	0.44125	0.01334	0.00927	0.00847	0.01087	0.24687	0.00639	0.01524	0.01023	0.01736	0.00912	0.01347	0.00839	0.16174	0.00803	0.00216	0.00575	0.00384	0.00300	0.00520
8	0.01144	0.01712	0.29640	0.01516	0.07856	0.06205	0.16514	0.05031	0.05530	0.01592	0.01155	0.01640	0.00986	0.16174	0.00923	0.00227	0.00700	0.00514	0.00281	0.00661
9	0.01229	0.01255	0.01072	0.01001	0.01190	0.25784	0.00768	0.03911	0.12585	0.01542	0.11620	0.02059	0.01671	0.03287	0.25171	0.00369	0.00858	0.03694	0.00363	0.00568
10	0.00898	0.01154	0.20124	0.00918	0.01171	0.00838	0.00863	0.01280	0.10526	0.01482	0.11479	0.02625	0.06079	0.27983	0.03422	0.00299	0.05958	0.02016	0.00352	0.00536
11	0.01415	0.01037	0.01132	0.00964	0.01233	0.01143	0.00743	0.21839	0.34665	0.08277	0.04229	0.02061	0.01523	0.16321	0.00924	0.00229	0.00463	0.00587	0.00489	0.00726
12	0.00714	0.00508	0.00639	0.00655	0.00710	0.00509	0.00445	0.00814	0.00941	0.01275	0.12841	0.15506	0.08124	0.34798	0.16702	0.00437	0.00581	0.03026	0.00382	0.00394
13	0.02118	0.00956	0.01221	0.00945	0.01324	0.00895	0.00777	0.16734	0.01649	0.58806	0.07540	0.01802	0.01458	0.00662	0.00522	0.00158	0.00447	0.00536	0.00606	0.00844
14	0.00648	0.00493	0.00552	0.00585	0.00673	0.00445	0.00394	0.00733	0.01007	0.01264	0.03604	0.26312	0.37485	0.22137	0.01136	0.00267	0.00332	0.01103	0.00434	0.00397
15	0.01748	0.01171	0.01288	0.01011	0.01374	0.01236	0.00828	0.50565	0.02024	0.14893	0.02121	0.02027	0.15885	0.00751	0.00532	0.00158	0.00486	0.00590	0.00525	0.00788
16	0.38650	0.01098	0.01190	0.09317	0.06473	0.01247	0.00858	0.17424	0.01242	0.02203	0.00873	0.01048	0.00681	0.00540	0.00524	0.00158	0.07994	0.00365	0.00336	0.07778
17	0.01343	0.07095	0.07894	0.01112	0.05562	0.01097	0.00919	0.06482	0.06381	0.18258	0.02040	0.02090	0.15901	0.01834	0.03391	0.00198	0.16744	0.00583	0.00403	0.00672
18	0.00697	0.00513	0.00659	0.00688	0.00792	0.00474	0.00517	0.00883	0.01253	0.01697	0.38103	0.24483	0.14442	0.01280	0.00633	0.00186	0.00291	0.11434	0.00517	0.00458
19	0.00926	0.00832	0.01351	0.65306	0.02962	0.01016	0.01211	0.01202	0.00972	0.01250	0.01048	0.01751	0.00911	0.16188	0.00917	0.00234	0.00648	0.00512	0.00244	0.00520
20	0.01108	0.01187	0.02342	0.07649	0.02251	0.01233	0.47335	0.01436	0.01105	0.01528	0.04047	0.08245	0.01128	0.00651	0.00810	0.00185	0.16206	0.00649	0.00280	0.00627
21	0.08171	0.00927	0.01304	0.36847	0.13673	0.05129	0.01098	0.01266	0.01080	0.01502	0.07016	0.16913	0.01521	0.00753	0.00527	0.00172	0.00554	0.00662	0.00314	0.00570

[dist]
# distance from previous block
# <min> <max>
0	7

[block]
# block no. 2 follows, 48 sequences, length 17
# corresponding to MSA columns:
# 76-92
name=unknown_C
#
# <colnr> <probs for GDERKNQSTAVLIFYWHMCP>
#	G	D	E	R	K	N	Q	S	T	A	V	L	I	F	Y	W	H	M	C	P
0	0.67112	0.00885	0.00712	0.00650	0.00898	0.01009	0.00502	0.01342	0.00846	0.02017	0.00911	0.01383	0.00841	0.18226	0.00817	0.00233	0.00419	0.00380	0.00316	0.00502
1	0.01164	0.28871	0.36827	0.01242	0.01729	0.01554	0.01388	0.01510	0.01005	0.01401	0.00798	0.01005	0.00658	0.00561	0.00695	0.00158	0.18172	0.00359	0.00219	0.00682
2	0.05168	0.01049	0.01192	0.00946	0.01260	0.01090	0.00749	0.35534	0.01711	0.24951	0.01527	0.01830	0.01193	0.18335	0.00963	0.00230	0.00506	0.00532	0.00497	0.00738
3	0.01205	0.64469	0.02216	0.00800	0.01181	0.01682	0.00772	0.01362	0.01070	0.01246	0.01690	0.01719	0.17626	0.00626	0.00390	0.00124	0.00486	0.00450	0.00275	0.00609
4	0.06972	0.01312	0.18561	0.01038	0.01511	0.00928	0.01010	0.06911	0.01406	0.52549	0.01651	0.01512	0.01065	0.00592	0.00498	0.00159	0.00514	0.00468	0.00515	0.00829
5	0.01188	0.00781	0.00754	0.00704	0.00856	0.09368	0.00523	0.01389	0.03091	0.12187	0.05945	0.02462	0.01668	0.18401	0.00924	0.00220	0.00419	0.05589	0.33014	0.00517
6	0.00680	0.00506	0.00640	0.00692	0.00791	0.00466	0.00517	0.00842	0.01178	0.01557	0.22944	0.32361	0.20069	0.01365	0.00640	0.00193	0.00304	0.13310	0.00499	0.00447
7	0.01967	0.02051	0.01444	0.01246	0.01557	0.54060	0.00962	0.18436	0.01664	0.10333	0.01025	0.01083	0.00775	0.00560	0.00480	0.00140	0.00792	0.00380	0.00360	0.00686
8	0.00897	0.01020	0.09953	0.54460	0.02769	0.00992	0.01252	0.01221	0.01064	0.01362	0.01846	0.02114	0.17642	0.00681	0.00531	0.00171	0.00600	0.00584	0.00281	0.00561
9	0.00624	0.00451	0.00591	0.00702	0.00741	0.00418	0.00471	0.00716	0.00994	0.01315	0.02976	0.76834	0.08096	0.01588	0.00652	0.00206	0.00295	0.01435	0.00476	0.00418
10	0.00735	0.00490	0.00605	0.00668	0.00711	0.00478	0.00458	0.00832	0.00939	0.01300	0.02255	0.33670	0.02556	0.29861	0.01322	0.00305	0.00388	0.12251	0.09782	0.00395
11	0.01243	0.01066	0.01468	0.11031	0.09376	0.04649	0.01083	0.01415	0.00964	0.09937	0.00984	0.01388	0.00851	0.04470	0.05512	0.00242	0.41470	0.00472	0.01771	0.00606
12	0.00995	0.05475	0.43182	0.01445	0.04228	0.01080	0.14553	0.01424	0.01084	0.01542	0.01349	0.18674	0.01275	0.00719	0.00538	0.00172	0.00663	0.00651	0.00282	0.00670
13	0.01224	0.01209	0.11303	0.01908	0.31293	0.01040	0.07722	0.01484	0.01074	0.10085	0.01204	0.01753	0.01059	0.18265	0.01060	0.00237	0.06573	0.00529	0.00302	0.00674
14	0.38178	0.01077	0.01296	0.01396	0.19799	0.02319	0.04955	0.01507	0.02219	0.01940	0.00857	0.01042	0.00694	0.00461	0.00424	0.00141	0.02002	0.00353	0.00297	0.19045
15	0.00686	0.00504	0.00614	0.00677	0.00754	0.00473	0.00488	0.00795	0.01017	0.01305	0.03136	0.30476	0.21790	0.18996	0.01080	0.00268	0.00366	0.15727	0.00440	0.00409
16	0.00707	0.00535	0.00773	0.09647	0.01123	0.00563	0.00652	0.00859	0.00973	0.01306	0.02288	0.47883	0.02589	0.01955	0.17912	0.00341	0.00592	0.08449	0.00404	0.00448

[dist]
# distance from previous block
# <min> <max>
0	74

# created by:
# /home/cegg/simao/soft/augustus-3.2.1/scripts/msa2prfl.pl ./align_prep/32593.fa
