[name]
unknown

[dist]
# distance from previous block
# <min> <max>
0	62

[block]
# block no. 0 follows, 46 sequences, length 31
# corresponding to MSA columns:
# 67-97
name=unknown_A
#
# <colnr> <probs for GDERKNQSTAVLIFYWHMCP>
#	G	D	E	R	K	N	Q	S	T	A	V	L	I	F	Y	W	H	M	C	P
0	0.01436	0.01032	0.01487	0.01783	0.29609	0.01005	0.01066	0.12093	0.01403	0.14916	0.02628	0.12864	0.01486	0.00753	0.00547	0.00164	0.00508	0.05244	0.00422	0.09553
1	0.01664	0.01428	0.01860	0.03689	0.25529	0.09517	0.09374	0.24128	0.07038	0.08638	0.01239	0.01363	0.00927	0.00559	0.00533	0.00160	0.00649	0.00490	0.00395	0.00818
2	0.01117	0.01005	0.01533	0.04105	0.42046	0.00984	0.01145	0.05350	0.01294	0.01780	0.09984	0.02462	0.16883	0.00743	0.00553	0.00161	0.00498	0.02639	0.00364	0.05355
3	0.11454	0.09759	0.09982	0.07238	0.19091	0.06101	0.01138	0.07431	0.01274	0.03853	0.10910	0.01552	0.01323	0.00748	0.04079	0.00189	0.02373	0.00481	0.00334	0.00691
4	0.03542	0.11526	0.08543	0.01914	0.30668	0.13218	0.01244	0.01668	0.04229	0.03242	0.05869	0.01853	0.01296	0.00638	0.00515	0.00160	0.00628	0.08213	0.00319	0.00715
5	0.01123	0.26287	0.38979	0.01210	0.01750	0.01358	0.01399	0.01523	0.01125	0.01524	0.01279	0.02071	0.01180	0.00692	0.00501	0.00167	0.00653	0.16213	0.00280	0.00687
6	0.01361	0.19397	0.38857	0.01384	0.04750	0.15183	0.01457	0.05160	0.04819	0.01617	0.00953	0.01085	0.00735	0.00514	0.00467	0.00150	0.00734	0.00375	0.00263	0.00740
7	0.00703	0.00501	0.00673	0.00789	0.00842	0.00479	0.00575	0.00830	0.01053	0.01394	0.02826	0.58164	0.03306	0.05360	0.00784	0.00236	0.00363	0.20202	0.00482	0.00439
8	0.01709	0.01653	0.01396	0.01202	0.01527	0.25118	0.00940	0.23092	0.33349	0.02245	0.01500	0.01467	0.01131	0.00642	0.00517	0.00160	0.00627	0.00486	0.00455	0.00786
9	0.01087	0.08363	0.69688	0.01431	0.02174	0.01267	0.01817	0.01652	0.01112	0.01645	0.00933	0.01096	0.00675	0.00494	0.00485	0.00159	0.00748	0.00379	0.00228	0.04566
10	0.01409	0.13794	0.43762	0.01230	0.01828	0.01198	0.01421	0.01830	0.01216	0.20317	0.03740	0.03743	0.01051	0.00585	0.00494	0.00160	0.00637	0.00461	0.00348	0.00775
11	0.01261	0.54820	0.19925	0.01036	0.01525	0.01738	0.01118	0.01534	0.01059	0.01340	0.00858	0.01043	0.00747	0.00847	0.08986	0.00206	0.00707	0.00338	0.00232	0.00679
12	0.01241	0.01071	0.04533	0.04245	0.42246	0.00995	0.03193	0.01518	0.01226	0.09936	0.05889	0.10998	0.05155	0.00755	0.00565	0.00172	0.00541	0.04623	0.00369	0.00730
13	0.01669	0.01055	0.01616	0.02020	0.38173	0.01007	0.01156	0.04708	0.01380	0.30749	0.04557	0.01846	0.06392	0.00628	0.00537	0.00161	0.00521	0.00556	0.00447	0.00824
14	0.00825	0.00694	0.01017	0.01294	0.18503	0.00694	0.00779	0.01008	0.01055	0.01418	0.02631	0.19545	0.20944	0.02012	0.24688	0.00387	0.00710	0.00883	0.00375	0.00540
15	0.01299	0.01281	0.02289	0.03095	0.67015	0.01268	0.12616	0.01633	0.01210	0.01722	0.01005	0.01326	0.00832	0.00467	0.00538	0.00160	0.00667	0.00494	0.00263	0.00819
16	0.01075	0.06003	0.75542	0.01482	0.02250	0.01263	0.01910	0.01670	0.01114	0.01656	0.00940	0.01105	0.00670	0.00500	0.00496	0.00165	0.00772	0.00386	0.00223	0.00777
17	0.01247	0.08870	0.59363	0.01435	0.02102	0.14837	0.01710	0.01743	0.01179	0.01575	0.00909	0.01067	0.00672	0.00506	0.00485	0.00158	0.00794	0.00374	0.00232	0.00744
18	0.00655	0.00502	0.00605	0.00681	0.00776	0.00452	0.00489	0.00776	0.01103	0.01400	0.03825	0.45793	0.31536	0.01519	0.00661	0.00204	0.00308	0.07785	0.00490	0.00441
19	0.01258	0.46947	0.36200	0.01170	0.01767	0.01711	0.01366	0.01623	0.01093	0.01433	0.00829	0.00966	0.00675	0.00474	0.00411	0.00137	0.00660	0.00330	0.00225	0.00724
20	0.12978	0.00896	0.06450	0.00878	0.01096	0.00817	0.00710	0.08798	0.07707	0.07583	0.02172	0.43242	0.02293	0.01150	0.00576	0.00192	0.00403	0.00997	0.00468	0.00592
21	0.00656	0.00472	0.00639	0.00748	0.00786	0.00455	0.00509	0.00759	0.00994	0.01336	0.02751	0.72465	0.03259	0.01908	0.09247	0.00284	0.00428	0.01401	0.00468	0.00434
22	0.00716	0.00539	0.00662	0.00631	0.00770	0.00485	0.00473	0.00935	0.01420	0.01938	0.58728	0.04249	0.24219	0.01149	0.00624	0.00170	0.00254	0.00998	0.00558	0.00485
23	0.01325	0.01759	0.28877	0.07035	0.05320	0.08066	0.01307	0.02983	0.21687	0.08907	0.01495	0.06422	0.01174	0.00652	0.00526	0.00171	0.00623	0.00535	0.00376	0.00760
24	0.01111	0.09697	0.14440	0.39416	0.10706	0.01342	0.04351	0.01461	0.01064	0.01437	0.00904	0.01266	0.00713	0.00550	0.00639	0.00172	0.09394	0.00443	0.00236	0.00659
25	0.00757	0.00580	0.00707	0.00763	0.00862	0.00574	0.00542	0.01081	0.12315	0.01572	0.10914	0.51097	0.11474	0.01418	0.00645	0.00201	0.00318	0.03173	0.00507	0.00500
26	0.00880	0.00722	0.01141	0.11049	0.09308	0.00721	0.08594	0.01107	0.01141	0.01603	0.10197	0.29312	0.07739	0.01029	0.00582	0.00179	0.00433	0.00941	0.12784	0.00539
27	0.01602	0.40194	0.07652	0.01073	0.01496	0.12710	0.00993	0.17653	0.01456	0.05226	0.01040	0.04791	0.00886	0.00574	0.00435	0.00137	0.00622	0.00409	0.00329	0.00722
28	0.03539	0.16201	0.18132	0.03830	0.06660	0.02974	0.02089	0.18018	0.08144	0.02011	0.02848	0.04256	0.01027	0.00587	0.00480	0.00150	0.00587	0.00463	0.00351	0.07653
29	0.01243	0.43277	0.14188	0.06975	0.10743	0.03422	0.01142	0.01508	0.01119	0.01398	0.01320	0.01450	0.09116	0.00567	0.00435	0.00139	0.00593	0.00428	0.00260	0.00680
30	0.01015	0.09561	0.01106	0.00830	0.01069	0.00822	0.01598	0.08943	0.01233	0.02896	0.05978	0.37600	0.04021	0.01060	0.00551	0.00162	0.00389	0.00926	0.00430	0.19813

[dist]
# distance from previous block
# <min> <max>
0	4

[block]
# block no. 1 follows, 46 sequences, length 21
# corresponding to MSA columns:
# 102-122
name=unknown_B
#
# <colnr> <probs for GDERKNQSTAVLIFYWHMCP>
#	G	D	E	R	K	N	Q	S	T	A	V	L	I	F	Y	W	H	M	C	P
0	0.01487	0.01129	0.08272	0.00978	0.01316	0.01008	0.00853	0.27465	0.01802	0.15414	0.29944	0.02417	0.03994	0.00806	0.00564	0.00164	0.00448	0.00669	0.00541	0.00730
1	0.01538	0.01758	0.17841	0.07144	0.09200	0.19111	0.13454	0.01875	0.01322	0.15340	0.05366	0.01446	0.01063	0.00561	0.00532	0.00161	0.00730	0.00486	0.00343	0.00729
2	0.01160	0.00825	0.01002	0.00885	0.01118	0.00802	0.00674	0.11967	0.04540	0.08851	0.01988	0.35968	0.02057	0.01043	0.00627	0.00170	0.04783	0.00894	0.00458	0.20188
3	0.01512	0.01085	0.01094	0.00919	0.01216	0.08147	0.00728	0.25743	0.01689	0.15816	0.02855	0.08230	0.26864	0.00937	0.00567	0.00168	0.00468	0.00760	0.00512	0.00688
4	0.00640	0.00477	0.00595	0.00690	0.00755	0.00433	0.00470	0.00741	0.01057	0.01368	0.03476	0.63568	0.20641	0.01583	0.00663	0.00206	0.00298	0.01414	0.00491	0.00433
5	0.08870	0.01341	0.15776	0.01187	0.01538	0.03832	0.10362	0.10286	0.11335	0.01892	0.01747	0.26085	0.01707	0.00898	0.00562	0.00183	0.00548	0.00791	0.00401	0.00659
6	0.01277	0.05020	0.01603	0.01595	0.16626	0.08901	0.09454	0.08714	0.14908	0.01811	0.01715	0.17257	0.01638	0.00839	0.00569	0.00177	0.00572	0.06235	0.00398	0.00694
7	0.00644	0.00460	0.00613	0.00736	0.00767	0.00429	0.00491	0.00736	0.01012	0.01350	0.02914	0.81076	0.03497	0.01656	0.00675	0.00215	0.00307	0.01503	0.00491	0.00429
8	0.01603	0.01352	0.01225	0.01030	0.01322	0.19067	0.00811	0.27266	0.01814	0.09317	0.20936	0.02233	0.08175	0.00786	0.00549	0.00157	0.00546	0.00623	0.00492	0.00695
9	0.09570	0.10646	0.04760	0.09097	0.26338	0.05551	0.04328	0.08543	0.01291	0.01806	0.04093	0.01679	0.08916	0.00607	0.00498	0.00157	0.00586	0.00511	0.00321	0.00703
10	0.01194	0.01624	0.27864	0.01383	0.01727	0.01277	0.06463	0.01508	0.01028	0.08551	0.01144	0.08745	0.01014	0.00792	0.01028	0.00198	0.32942	0.00553	0.00294	0.00672
11	0.01203	0.00640	0.00787	0.00713	0.00935	0.00554	0.00547	0.01362	0.01294	0.26383	0.09749	0.17528	0.33908	0.01153	0.00604	0.00179	0.00332	0.00983	0.00551	0.00594
12	0.01234	0.01038	0.01482	0.01639	0.22306	0.01057	0.07881	0.01891	0.25792	0.08046	0.02469	0.02445	0.18881	0.00763	0.00561	0.00172	0.00487	0.00680	0.00436	0.00741
13	0.01746	0.20001	0.01762	0.04336	0.06949	0.17703	0.00983	0.12210	0.11821	0.15530	0.01286	0.01305	0.00962	0.00573	0.00476	0.00148	0.00618	0.00429	0.00399	0.00764
14	0.08497	0.15158	0.06994	0.01065	0.01473	0.04703	0.00941	0.18915	0.19009	0.15882	0.01442	0.01396	0.01047	0.00601	0.00478	0.00157	0.00533	0.00454	0.00453	0.00800
15	0.08393	0.01246	0.01234	0.01043	0.01352	0.06773	0.00817	0.25327	0.29299	0.06558	0.01607	0.01755	0.01260	0.10070	0.00764	0.00207	0.00519	0.00533	0.00480	0.00762
16	0.42048	0.06836	0.01219	0.00913	0.01265	0.01373	0.00761	0.28818	0.01487	0.02550	0.00986	0.01107	0.00760	0.00823	0.06818	0.00214	0.00565	0.00378	0.00390	0.00691
17	0.09507	0.01567	0.01239	0.01059	0.01366	0.27267	0.00831	0.27092	0.01711	0.02122	0.02009	0.02005	0.18539	0.00753	0.00515	0.00156	0.00617	0.00560	0.00415	0.00668
18	0.00712	0.00545	0.00669	0.00742	0.00865	0.00502	0.00587	0.00876	0.01165	0.01466	0.03860	0.22915	0.33431	0.01456	0.00675	0.00211	0.00357	0.28021	0.00489	0.00457
19	0.01461	0.01197	0.01266	0.01089	0.01414	0.01360	0.00861	0.21312	0.55081	0.02461	0.02064	0.01926	0.04659	0.00723	0.00539	0.00174	0.00453	0.00589	0.00534	0.00836
20	0.01872	0.01412	0.01509	0.01189	0.01587	0.01575	0.00972	0.61809	0.17261	0.03110	0.01444	0.01408	0.01040	0.00651	0.00531	0.00163	0.00549	0.00500	0.00531	0.00887

[dist]
# distance from previous block
# <min> <max>
0	1

[block]
# block no. 2 follows, 46 sequences, length 24
# corresponding to MSA columns:
# 124-147
name=unknown_C
#
# <colnr> <probs for GDERKNQSTAVLIFYWHMCP>
#	G	D	E	R	K	N	Q	S	T	A	V	L	I	F	Y	W	H	M	C	P
0	0.00959	0.00794	0.00949	0.00769	0.01105	0.00621	0.00585	0.01150	0.01071	0.01609	0.01540	0.25417	0.01608	0.00776	0.00478	0.00120	0.00366	0.00675	0.00367	0.59041
1	0.01117	0.01019	0.01677	0.02468	0.54583	0.01012	0.01264	0.01356	0.01124	0.01584	0.01470	0.18832	0.01509	0.07751	0.00744	0.00200	0.00548	0.00721	0.00317	0.00704
2	0.01973	0.01002	0.01248	0.00942	0.01369	0.00893	0.00772	0.13852	0.01554	0.46087	0.01650	0.01527	0.01103	0.00581	0.00494	0.00140	0.00455	0.00464	0.00543	0.23349
3	0.00644	0.00460	0.00613	0.00736	0.00767	0.00429	0.00491	0.00736	0.01012	0.01350	0.02914	0.81076	0.03497	0.01656	0.00675	0.00215	0.00307	0.01503	0.00491	0.00429
4	0.01291	0.01304	0.02420	0.02958	0.56868	0.01279	0.22658	0.01642	0.01216	0.01718	0.01016	0.01342	0.00827	0.00464	0.00552	0.00163	0.00702	0.00514	0.00263	0.00802
5	0.00755	0.00518	0.00618	0.00613	0.00653	0.00503	0.00385	0.00836	0.01005	0.01378	0.24909	0.08440	0.02952	0.52025	0.01937	0.00389	0.00420	0.00871	0.00410	0.00381
6	0.00644	0.00460	0.00613	0.00736	0.00767	0.00429	0.00491	0.00736	0.01012	0.01350	0.02914	0.81076	0.03497	0.01656	0.00675	0.00215	0.00307	0.01503	0.00491	0.00429
7	0.13247	0.00906	0.01281	0.16144	0.24871	0.00949	0.01032	0.01275	0.01134	0.01655	0.02327	0.02714	0.22696	0.00812	0.00542	0.00175	0.00497	0.06782	0.00350	0.00613
8	0.01169	0.01233	0.11133	0.01076	0.01478	0.01023	0.06441	0.08825	0.21409	0.01940	0.01843	0.08644	0.07682	0.00708	0.00519	0.00152	0.00486	0.00607	0.00409	0.23224
9	0.01157	0.01157	0.01619	0.01388	0.01388	0.01619	0.01157	0.01272	0.00810	0.01272	0.00694	0.01157	0.00694	0.00925	0.01735	0.00231	0.80453	0.00463	0.00231	0.00578
10	0.00869	0.00727	0.01094	0.07134	0.17145	0.00764	0.00854	0.01077	0.01035	0.01412	0.05020	0.04951	0.13775	0.07105	0.31240	0.00458	0.00845	0.03616	0.00337	0.00543
11	0.01431	0.19756	0.13253	0.01127	0.01537	0.22358	0.03144	0.02929	0.03752	0.04447	0.09080	0.01390	0.01218	0.00625	0.01864	0.00149	0.00664	0.00427	0.00319	0.10530
12	0.01532	0.01136	0.01288	0.15201	0.01766	0.06902	0.00937	0.10318	0.27619	0.16923	0.09194	0.01881	0.01578	0.00685	0.00538	0.00169	0.00516	0.00565	0.00490	0.00761
13	0.00653	0.00464	0.00611	0.00724	0.00753	0.00436	0.00478	0.00739	0.00994	0.01326	0.02822	0.75342	0.03380	0.07549	0.00824	0.00237	0.00322	0.01449	0.00478	0.00421
14	0.00962	0.09312	0.01162	0.05921	0.07567	0.03425	0.00753	0.01147	0.01174	0.04162	0.14035	0.10386	0.24228	0.01217	0.06166	0.00220	0.06391	0.00814	0.00406	0.00551
15	0.01293	0.33972	0.38286	0.01287	0.01897	0.01553	0.06952	0.01693	0.01133	0.06067	0.00940	0.01073	0.00721	0.00487	0.00448	0.00146	0.00684	0.00373	0.00253	0.00742
16	0.00805	0.00700	0.00926	0.12732	0.01285	0.00789	0.00719	0.00954	0.01016	0.01320	0.02884	0.11205	0.30352	0.10083	0.07377	0.00282	0.14862	0.00859	0.00370	0.00478
17	0.00871	0.00697	0.00984	0.00929	0.00997	0.00864	0.00731	0.01034	0.00856	0.01287	0.01287	0.01942	0.01215	0.08128	0.49197	0.00620	0.20022	0.00549	0.07299	0.00489
18	0.01497	0.14416	0.14123	0.01767	0.18006	0.16896	0.09000	0.05918	0.02993	0.05418	0.01000	0.01177	0.00789	0.00529	0.00548	0.00154	0.04311	0.00424	0.00292	0.00741
19	0.03185	0.09837	0.17040	0.16336	0.06948	0.02522	0.11753	0.07900	0.03880	0.07086	0.01137	0.03892	0.00894	0.00581	0.00578	0.00168	0.04738	0.00493	0.00313	0.00719
20	0.00887	0.00766	0.01046	0.01024	0.01154	0.05570	0.07027	0.01082	0.01077	0.01413	0.02145	0.24275	0.02321	0.01963	0.19947	0.00371	0.03729	0.23307	0.00397	0.00498
21	0.01175	0.00926	0.03375	0.01229	0.13887	0.00844	0.00839	0.03445	0.12135	0.10810	0.10437	0.02876	0.18817	0.00850	0.00558	0.00164	0.00422	0.05855	0.00460	0.10897
22	0.03902	0.05618	0.04369	0.00821	0.01043	0.03132	0.00646	0.12504	0.01227	0.07378	0.01856	0.08748	0.07215	0.30349	0.01317	0.00289	0.00500	0.02881	0.00396	0.05810
23	0.10076	0.13805	0.21118	0.03783	0.28628	0.05689	0.01406	0.04264	0.03444	0.01745	0.00950	0.01145	0.00757	0.00496	0.00468	0.00154	0.00646	0.00400	0.00271	0.00756

[dist]
# distance from previous block
# <min> <max>
4	123

[block]
# block no. 3 follows, 46 sequences, length 31
# corresponding to MSA columns:
# 273-294,310-318
name=unknown_D
#
# <colnr> <probs for GDERKNQSTAVLIFYWHMCP>
#	G	D	E	R	K	N	Q	S	T	A	V	L	I	F	Y	W	H	M	C	P
0	0.41255	0.00976	0.00860	0.00795	0.01052	0.07661	0.00617	0.01529	0.01085	0.13755	0.01657	0.20948	0.04231	0.00839	0.00468	0.00174	0.00432	0.00659	0.00419	0.00587
1	0.12330	0.01818	0.11160	0.10303	0.01812	0.30505	0.01097	0.07402	0.09472	0.04555	0.01134	0.01365	0.00895	0.00594	0.00489	0.00160	0.00713	0.03182	0.00338	0.00677
2	0.01325	0.01241	0.06282	0.01846	0.32252	0.07086	0.01112	0.12258	0.01346	0.01916	0.01241	0.01599	0.01035	0.07532	0.00672	0.00179	0.00560	0.00487	0.19329	0.00703
3	0.01262	0.08160	0.01928	0.29308	0.35292	0.04546	0.01431	0.04890	0.01192	0.01587	0.00943	0.01279	0.00767	0.00523	0.00569	0.00163	0.04734	0.00449	0.00260	0.00718
4	0.08988	0.40963	0.03687	0.04484	0.20300	0.08389	0.01098	0.01658	0.01140	0.03734	0.00857	0.01025	0.00727	0.00478	0.00411	0.00135	0.00606	0.00351	0.00261	0.00707
5	0.00659	0.00507	0.00603	0.00642	0.00751	0.00451	0.00457	0.00802	0.01194	0.01549	0.20229	0.34276	0.33169	0.01405	0.00644	0.00190	0.00279	0.01231	0.00511	0.00451
6	0.01266	0.01165	0.03616	0.01137	0.01443	0.09460	0.12993	0.08988	0.13136	0.07349	0.08883	0.09585	0.16945	0.00875	0.00580	0.00173	0.00528	0.00767	0.00454	0.00658
7	0.01736	0.31733	0.02002	0.01153	0.01521	0.25893	0.00980	0.21899	0.01574	0.01824	0.00903	0.01009	0.00739	0.00552	0.00499	0.00138	0.04449	0.00361	0.00322	0.00713
8	0.00872	0.00490	0.00735	0.00735	0.00761	0.00517	0.00517	0.00761	0.00735	0.01006	0.01060	0.01741	0.01033	0.02443	0.24088	0.60741	0.00732	0.00490	0.00245	0.00299
9	0.85155	0.01022	0.00777	0.00695	0.01022	0.01186	0.00573	0.01554	0.00900	0.02372	0.00736	0.00859	0.00573	0.00491	0.00327	0.00164	0.00409	0.00286	0.00327	0.00573
10	0.01303	0.01432	0.01618	0.01356	0.01540	0.23289	0.14197	0.01478	0.01082	0.01315	0.01012	0.01559	0.00947	0.11454	0.11161	0.00310	0.23605	0.00509	0.00267	0.00565
11	0.01060	0.02735	0.78682	0.01507	0.02288	0.01228	0.01953	0.01674	0.01116	0.01674	0.00949	0.01116	0.00670	0.00502	0.00502	0.00167	0.00781	0.00391	0.00223	0.00781
12	0.00757	0.00558	0.00809	0.00809	0.00890	0.00639	0.00610	0.00918	0.00838	0.01197	0.01453	0.02282	0.01411	0.15437	0.67975	0.00800	0.01282	0.00596	0.00289	0.00450
13	0.00666	0.00502	0.00620	0.00693	0.00782	0.00456	0.00497	0.00797	0.01128	0.01461	0.10352	0.45974	0.24802	0.01497	0.00661	0.00203	0.00306	0.07658	0.00499	0.00445
14	0.01079	0.01001	0.01542	0.35775	0.24137	0.01115	0.01272	0.01552	0.11946	0.01591	0.01749	0.01978	0.11739	0.00653	0.00542	0.00171	0.00581	0.00579	0.00322	0.00674
15	0.01985	0.02226	0.01523	0.01321	0.01636	0.57321	0.01017	0.23124	0.01778	0.01871	0.00945	0.01043	0.00743	0.00570	0.00491	0.00143	0.00848	0.00379	0.00345	0.00694
16	0.00642	0.00467	0.00606	0.00718	0.00762	0.00431	0.00483	0.00738	0.01030	0.01357	0.03134	0.74228	0.10202	0.01628	0.00670	0.00211	0.00303	0.01468	0.00491	0.00431
17	0.08771	0.01071	0.01147	0.00937	0.01262	0.01131	0.00757	0.34374	0.07018	0.10107	0.09149	0.02402	0.17988	0.00822	0.00542	0.00166	0.00445	0.00655	0.00521	0.00733
18	0.37708	0.01192	0.01091	0.00941	0.01275	0.04595	0.00755	0.13999	0.26345	0.05166	0.01340	0.01329	0.00999	0.00597	0.00443	0.00167	0.00464	0.00430	0.00438	0.00725
19	0.01204	0.01766	0.25824	0.02265	0.24045	0.01292	0.29334	0.01651	0.01178	0.01680	0.00996	0.01287	0.00768	0.00489	0.00602	0.00171	0.03930	0.00503	0.00251	0.00764
20	0.00648	0.00509	0.00586	0.00625	0.00743	0.00447	0.00447	0.00781	0.01172	0.01488	0.13775	0.32555	0.41506	0.01421	0.00643	0.00190	0.00280	0.01236	0.00503	0.00447
21	0.08484	0.00710	0.00865	0.00787	0.00998	0.00686	0.00602	0.01549	0.08155	0.21469	0.26704	0.19672	0.05149	0.01020	0.00578	0.00177	0.00343	0.00880	0.00552	0.00621
22	0.10421	0.00861	0.01020	0.04218	0.01230	0.00876	0.00708	0.13231	0.05467	0.21061	0.15524	0.16118	0.05246	0.00912	0.00555	0.00174	0.00407	0.00768	0.00528	0.00676
23	0.01311	0.01644	0.36830	0.01134	0.01611	0.00929	0.01235	0.01671	0.01130	0.21136	0.01410	0.01776	0.01110	0.13472	0.10992	0.00307	0.00737	0.00508	0.00356	0.00701
24	0.00761	0.00544	0.00736	0.00736	0.00791	0.00599	0.00519	0.00871	0.00816	0.01143	0.01520	0.02652	0.01571	0.36182	0.47451	0.00709	0.01040	0.00651	0.00299	0.00409
25	0.01855	0.01449	0.01609	0.01742	0.23346	0.16804	0.01114	0.16135	0.06308	0.22270	0.01371	0.01401	0.00991	0.00580	0.00518	0.00156	0.00624	0.00470	0.00435	0.00821
26	0.01240	0.05842	0.30857	0.01205	0.01637	0.17942	0.01234	0.02843	0.03590	0.03954	0.01644	0.13830	0.05347	0.00807	0.00539	0.00171	0.00664	0.05664	0.00335	0.00656
27	0.00950	0.00825	0.03838	0.12289	0.01385	0.02219	0.00742	0.06965	0.01271	0.03887	0.11568	0.21732	0.19213	0.01044	0.00580	0.00172	0.00414	0.00902	0.00439	0.09567
28	0.01346	0.01384	0.07889	0.02023	0.23659	0.01320	0.19613	0.17008	0.01434	0.01975	0.01413	0.01626	0.07476	0.00622	0.00678	0.00173	0.08716	0.00558	0.00332	0.00756
29	0.09773	0.10444	0.14865	0.01160	0.01580	0.01298	0.07833	0.10396	0.21306	0.04448	0.04790	0.04507	0.04033	0.00663	0.00506	0.00166	0.00543	0.00548	0.00404	0.00737
30	0.03542	0.01975	0.31496	0.23807	0.02581	0.15009	0.11045	0.01659	0.01178	0.01537	0.00932	0.01203	0.00696	0.00510	0.00516	0.00166	0.00794	0.00431	0.00244	0.00682

[dist]
# distance from previous block
# <min> <max>
0	172

[block]
# block no. 4 follows, 46 sequences, length 47
# corresponding to MSA columns:
# 491-537
name=unknown_E
#
# <colnr> <probs for GDERKNQSTAVLIFYWHMCP>
#	G	D	E	R	K	N	Q	S	T	A	V	L	I	F	Y	W	H	M	C	P
0	0.10288	0.01119	0.01343	0.01219	0.08612	0.06182	0.07651	0.02802	0.15094	0.05952	0.05021	0.01750	0.07120	0.00606	0.00489	0.00144	0.00493	0.00512	0.00391	0.23211
1	0.06056	0.03639	0.05657	0.00940	0.01196	0.10348	0.00767	0.07033	0.05509	0.14761	0.07145	0.26593	0.05169	0.00998	0.00563	0.00177	0.00475	0.01872	0.00470	0.00631
2	0.01178	0.00964	0.01059	0.00918	0.01167	0.07402	0.00714	0.04096	0.06274	0.07555	0.11229	0.17304	0.02017	0.00880	0.00644	0.00158	0.07689	0.03797	0.00427	0.24529
3	0.01132	0.05804	0.01120	0.02464	0.01230	0.08644	0.00777	0.01821	0.29897	0.01833	0.14667	0.08119	0.05578	0.00958	0.00580	0.00182	0.00455	0.13616	0.00481	0.00641
4	0.00732	0.00537	0.00631	0.00639	0.00780	0.00474	0.00473	0.00893	0.01252	0.04451	0.23302	0.20372	0.38624	0.01316	0.00635	0.00184	0.00285	0.03426	0.00520	0.00474
5	0.01556	0.07067	0.16774	0.01141	0.01545	0.20286	0.01049	0.11658	0.04790	0.10494	0.04418	0.01528	0.01122	0.08020	0.00693	0.00181	0.00656	0.00461	0.00369	0.06193
6	0.01214	0.21337	0.23192	0.01493	0.01937	0.01564	0.18349	0.01553	0.01057	0.01470	0.00859	0.01131	0.00708	0.00586	0.00807	0.00173	0.21210	0.00436	0.00236	0.00689
7	0.01001	0.00698	0.00806	0.00777	0.00954	0.00679	0.00580	0.11151	0.05762	0.07824	0.03358	0.34001	0.26546	0.01281	0.00621	0.00190	0.00352	0.02348	0.00512	0.00560
8	0.00926	0.00876	0.00890	0.00916	0.00996	0.13433	0.00668	0.01047	0.01042	0.01309	0.02083	0.45346	0.02363	0.01880	0.16621	0.00332	0.07365	0.01037	0.00391	0.00480
9	0.01327	0.06187	0.26878	0.02154	0.29422	0.01305	0.12485	0.06658	0.01276	0.05770	0.01051	0.01261	0.00798	0.00497	0.00522	0.00161	0.00700	0.00461	0.00286	0.00800
10	0.00746	0.00502	0.00646	0.00705	0.00771	0.00465	0.00480	0.00861	0.01096	0.04679	0.15091	0.52474	0.07575	0.10256	0.00879	0.00235	0.00324	0.01271	0.00494	0.00449
11	0.00864	0.00590	0.00741	0.00685	0.00843	0.00547	0.00520	0.01151	0.04818	0.07029	0.60369	0.03865	0.13817	0.01069	0.00614	0.00168	0.00272	0.00933	0.00573	0.00533
12	0.01446	0.11415	0.32122	0.01663	0.13902	0.27505	0.01469	0.01802	0.01253	0.01506	0.00887	0.01061	0.00701	0.00506	0.00478	0.00149	0.00790	0.00374	0.00246	0.00722
13	0.01007	0.03998	0.19249	0.00908	0.01250	0.00816	0.00885	0.03997	0.06267	0.08250	0.04321	0.15741	0.29163	0.01032	0.00577	0.00177	0.00443	0.00868	0.00438	0.00613
14	0.00684	0.00548	0.00620	0.00647	0.00803	0.00484	0.00509	0.00849	0.01224	0.01516	0.10831	0.08364	0.52819	0.01356	0.00649	0.00193	0.00314	0.16634	0.00498	0.00459
15	0.00893	0.00698	0.00829	0.00776	0.00945	0.00715	0.00587	0.01469	0.22035	0.02082	0.50980	0.07253	0.06606	0.01020	0.00603	0.00173	0.00299	0.00891	0.00562	0.00585
16	0.01213	0.09852	0.01377	0.00885	0.01340	0.00951	0.03385	0.03624	0.06481	0.03912	0.01048	0.01167	0.00849	0.00437	0.00412	0.00097	0.00437	0.00352	0.00333	0.61847
17	0.00755	0.00566	0.00850	0.00850	0.00944	0.00661	0.00661	0.00944	0.00850	0.01227	0.01416	0.02077	0.01322	0.03965	0.79326	0.00850	0.01416	0.00566	0.00283	0.00472
18	0.00942	0.00675	0.01078	0.00932	0.01087	0.00694	0.12425	0.02234	0.00976	0.01471	0.01378	0.01948	0.01216	0.07172	0.26822	0.14096	0.00790	0.00550	0.23042	0.00473
19	0.00752	0.00537	0.00657	0.00707	0.00777	0.00518	0.00512	0.00862	0.01018	0.01321	0.04879	0.14843	0.14501	0.33099	0.01479	0.00334	0.00432	0.21938	0.00425	0.00407
20	0.01655	0.01599	0.08837	0.01503	0.04540	0.16172	0.18960	0.11774	0.09165	0.15398	0.01388	0.04248	0.01048	0.00603	0.00546	0.00165	0.00697	0.00536	0.00402	0.00764
21	0.01367	0.01482	0.01675	0.01674	0.13525	0.19234	0.01199	0.01518	0.01028	0.01349	0.00769	0.01134	0.00714	0.00767	0.01258	0.00198	0.49800	0.00436	0.00245	0.00627
22	0.24460	0.01898	0.01321	0.01185	0.01429	0.45832	0.00921	0.01828	0.01227	0.01584	0.00776	0.00960	0.00654	0.00590	0.00634	0.00159	0.13322	0.00345	0.00281	0.00596
23	0.07003	0.00833	0.00944	0.00823	0.01058	0.00860	0.00619	0.01961	0.22869	0.23595	0.01868	0.02253	0.01518	0.22616	0.01092	0.00259	0.00437	0.00595	0.08130	0.00665
24	0.01060	0.02735	0.78682	0.01507	0.02288	0.01228	0.01953	0.01674	0.01116	0.01674	0.00949	0.01116	0.00670	0.00502	0.00502	0.00167	0.00781	0.00391	0.00223	0.00781
25	0.00758	0.00530	0.00677	0.00684	0.00769	0.00545	0.00492	0.00907	0.00997	0.01413	0.11396	0.10120	0.10952	0.18714	0.28678	0.00479	0.00721	0.00796	0.09932	0.00439
26	0.01224	0.39308	0.43540	0.01228	0.01857	0.01628	0.01468	0.01632	0.01097	0.01475	0.00850	0.00992	0.00674	0.00479	0.00427	0.00142	0.00681	0.00341	0.00225	0.00734
27	0.07877	0.00908	0.01197	0.00924	0.01328	0.00804	0.00763	0.02508	0.01472	0.73427	0.01996	0.01737	0.01260	0.00643	0.00518	0.00164	0.00447	0.00515	0.00633	0.00878
28	0.00636	0.00536	0.00550	0.00547	0.00721	0.00451	0.00410	0.00779	0.01230	0.01488	0.11656	0.04989	0.71571	0.01316	0.00625	0.00177	0.00266	0.01102	0.00499	0.00451
29	0.01413	0.81739	0.02770	0.00905	0.01357	0.02092	0.00905	0.01583	0.01074	0.01244	0.00735	0.00848	0.00678	0.00452	0.00339	0.00113	0.00565	0.00283	0.00226	0.00678
30	0.00643	0.00463	0.00610	0.00727	0.00764	0.00430	0.00487	0.00737	0.01021	0.01353	0.03022	0.77704	0.06798	0.01642	0.00673	0.00213	0.00305	0.01486	0.00491	0.00430
31	0.00644	0.00460	0.00613	0.00736	0.00767	0.00429	0.00491	0.00736	0.01012	0.01350	0.02914	0.81076	0.03497	0.01656	0.00675	0.00215	0.00307	0.01503	0.00491	0.00429
32	0.01014	0.00707	0.00784	0.00746	0.00930	0.00707	0.00561	0.09764	0.10543	0.05602	0.03104	0.24280	0.23807	0.01122	0.00572	0.00177	0.00338	0.00958	0.13712	0.00570
33	0.01060	0.02735	0.78682	0.01507	0.02288	0.01228	0.01953	0.01674	0.01116	0.01674	0.00949	0.01116	0.00670	0.00502	0.00502	0.00167	0.00781	0.00391	0.00223	0.00781
34	0.00752	0.00543	0.00712	0.00677	0.00801	0.00503	0.00512	0.01001	0.01486	0.02100	0.75020	0.04025	0.04915	0.01095	0.00628	0.00169	0.00258	0.03726	0.00578	0.00498
35	0.01275	0.50701	0.32594	0.01141	0.01723	0.01752	0.01317	0.01619	0.01091	0.01413	0.00819	0.00953	0.00675	0.00472	0.00403	0.00134	0.00650	0.00325	0.00225	0.00719
36	0.01073	0.01039	0.01854	0.40781	0.20995	0.01138	0.13164	0.01402	0.01117	0.01495	0.01190	0.10131	0.01058	0.00625	0.00558	0.00176	0.00672	0.00608	0.00274	0.00650
37	0.00715	0.00592	0.00650	0.00619	0.00822	0.00498	0.00480	0.00883	0.01222	0.01548	0.11920	0.04566	0.54326	0.01209	0.00606	0.00171	0.00301	0.07690	0.00478	0.10703
38	0.01336	0.02500	0.47433	0.01564	0.02173	0.22608	0.11648	0.01796	0.01238	0.01573	0.00929	0.01113	0.00691	0.00506	0.00512	0.00160	0.00843	0.00408	0.00243	0.00726
39	0.01723	0.24338	0.01832	0.01086	0.01493	0.01664	0.00932	0.37134	0.16458	0.06222	0.01327	0.01311	0.00994	0.00599	0.00477	0.00150	0.00539	0.00447	0.00450	0.00824
40	0.00646	0.00507	0.00585	0.00627	0.00743	0.00446	0.00447	0.00777	0.01164	0.01477	0.12660	0.34196	0.40984	0.01432	0.00644	0.00191	0.00281	0.01247	0.00501	0.00446
41	0.01013	0.00830	0.05362	0.11813	0.01420	0.00807	0.00826	0.03924	0.03974	0.07408	0.05545	0.23928	0.01931	0.01498	0.14014	0.00296	0.05368	0.00800	0.06047	0.03195
42	0.04966	0.05941	0.15852	0.09351	0.01838	0.07131	0.10747	0.05407	0.01223	0.07489	0.01440	0.17708	0.01339	0.00747	0.00533	0.00167	0.00612	0.00654	0.00349	0.06507
43	0.00923	0.00786	0.01232	0.01528	0.21939	0.00867	0.00939	0.01128	0.00963	0.01381	0.01429	0.11412	0.01407	0.02503	0.42425	0.00537	0.07082	0.00647	0.00299	0.00574
44	0.00771	0.00506	0.00620	0.00637	0.00737	0.00475	0.00460	0.00970	0.01252	0.01834	0.34802	0.25052	0.07280	0.01141	0.00576	0.00170	0.00266	0.01004	0.20971	0.00475
45	0.10743	0.47184	0.02241	0.01028	0.01459	0.01766	0.05873	0.13808	0.03723	0.06363	0.00969	0.01048	0.00778	0.00506	0.00405	0.00135	0.00561	0.00362	0.00324	0.00723
46	0.03603	0.19281	0.18647	0.01360	0.08612	0.12577	0.01197	0.09469	0.07545	0.11151	0.01152	0.01214	0.00864	0.00544	0.00470	0.00150	0.00646	0.00407	0.00346	0.00766

[dist]
# distance from previous block
# <min> <max>
0	3

[block]
# block no. 5 follows, 46 sequences, length 54
# corresponding to MSA columns:
# 541-594
name=unknown_F
#
# <colnr> <probs for GDERKNQSTAVLIFYWHMCP>
#	G	D	E	R	K	N	Q	S	T	A	V	L	I	F	Y	W	H	M	C	P
0	0.01487	0.23425	0.15897	0.01749	0.21849	0.16972	0.01315	0.08412	0.01326	0.01646	0.00906	0.01076	0.00739	0.00501	0.00461	0.00143	0.00699	0.00381	0.00271	0.00746
1	0.01496	0.01495	0.01575	0.01311	0.01605	0.23602	0.14392	0.21247	0.01583	0.01918	0.01545	0.22658	0.01517	0.00849	0.00570	0.00171	0.00670	0.00740	0.00398	0.00657
2	0.00811	0.00535	0.00658	0.00659	0.00770	0.00533	0.00498	0.01010	0.01143	0.01679	0.21180	0.03346	0.10430	0.10167	0.14981	0.00324	0.00512	0.07723	0.22574	0.00467
3	0.01210	0.09026	0.29226	0.01504	0.02053	0.01343	0.20797	0.01966	0.21588	0.01786	0.01284	0.01402	0.00962	0.00538	0.00526	0.00166	0.00682	0.00495	0.00322	0.03125
4	0.01017	0.00958	0.01619	0.75574	0.08073	0.01179	0.01477	0.01367	0.01066	0.01373	0.00943	0.01403	0.00713	0.00525	0.00528	0.00175	0.00700	0.00470	0.00237	0.00602
5	0.01054	0.00787	0.00902	0.00783	0.00998	0.00788	0.00611	0.20821	0.01695	0.02290	0.42032	0.03488	0.19621	0.01019	0.00599	0.00167	0.00341	0.00864	0.00548	0.00593
6	0.01130	0.00945	0.00965	0.00853	0.01089	0.05541	0.00663	0.15292	0.16065	0.02130	0.25509	0.03197	0.22561	0.00965	0.00581	0.00169	0.00390	0.00804	0.00521	0.00630
7	0.01274	0.00853	0.00954	0.00901	0.01088	0.05500	0.00670	0.11936	0.06475	0.15593	0.02355	0.45358	0.02439	0.01201	0.00607	0.00190	0.00418	0.01052	0.00516	0.00619
8	0.00755	0.00566	0.00850	0.00850	0.00944	0.00661	0.00661	0.00944	0.00850	0.01227	0.01416	0.02077	0.01322	0.03965	0.79326	0.00850	0.01416	0.00566	0.00283	0.00472
9	0.00649	0.00471	0.00613	0.00716	0.00764	0.00435	0.00484	0.00753	0.01056	0.01402	0.07564	0.70518	0.09431	0.01597	0.00668	0.00209	0.00300	0.01440	0.00496	0.00435
10	0.01076	0.00800	0.01229	0.01064	0.01279	0.00767	0.14184	0.09778	0.01288	0.09165	0.02504	0.43888	0.08346	0.01199	0.00631	0.00194	0.00454	0.01102	0.00471	0.00582
11	0.01914	0.01664	0.01789	0.01398	0.01800	0.21945	0.14499	0.33114	0.01868	0.12930	0.01227	0.01288	0.00881	0.00580	0.00533	0.00157	0.00717	0.00475	0.00432	0.00790
12	0.00679	0.00513	0.00636	0.00711	0.00807	0.00469	0.00525	0.00819	0.01134	0.01460	0.08290	0.40896	0.25888	0.01492	0.00666	0.00206	0.00321	0.13544	0.00496	0.00448
13	0.01880	0.01261	0.01398	0.01119	0.01502	0.01368	0.00909	0.39683	0.24227	0.18353	0.01695	0.01584	0.01193	0.00663	0.00532	0.00166	0.00507	0.00523	0.00557	0.00881
14	0.01559	0.01406	0.01633	0.01341	0.01585	0.19022	0.12531	0.06745	0.01280	0.14304	0.01273	0.08157	0.01106	0.03601	0.00939	0.00194	0.21730	0.00571	0.00362	0.00660
15	0.00756	0.00562	0.00828	0.00828	0.00915	0.00649	0.00634	0.00930	0.00843	0.01211	0.01436	0.02185	0.01369	0.10049	0.73306	0.00823	0.01345	0.00582	0.00286	0.00460
16	0.16805	0.01145	0.01286	0.01003	0.01403	0.01181	0.00829	0.30772	0.01779	0.36187	0.01534	0.01430	0.01022	0.00618	0.00495	0.00162	0.00493	0.00467	0.00548	0.00842
17	0.07037	0.01026	0.01230	0.00960	0.01346	0.00997	0.00789	0.21802	0.01704	0.46850	0.02099	0.01915	0.08403	0.00704	0.00528	0.00164	0.00465	0.00558	0.00586	0.00837
18	0.01823	0.01388	0.01481	0.01179	0.01568	0.01552	0.00960	0.56591	0.22559	0.03031	0.01506	0.01458	0.01091	0.00657	0.00531	0.00164	0.00538	0.00509	0.00531	0.00882
19	0.01284	0.01001	0.01071	0.00958	0.01210	0.07571	0.00739	0.06216	0.21260	0.10349	0.01823	0.15155	0.01622	0.01433	0.15622	0.00295	0.00646	0.00675	0.00444	0.10626
20	0.01241	0.11493	0.42315	0.01266	0.01828	0.04051	0.01424	0.12940	0.03741	0.01892	0.07120	0.03917	0.01181	0.00695	0.02498	0.00178	0.00679	0.00480	0.00320	0.00742
21	0.01060	0.02735	0.78682	0.01507	0.02288	0.01228	0.01953	0.01674	0.01116	0.01674	0.00949	0.01116	0.00670	0.00502	0.00502	0.00167	0.00781	0.00391	0.00223	0.00781
22	0.01211	0.00874	0.01089	0.00970	0.01165	0.01004	0.00773	0.13005	0.13841	0.07186	0.01520	0.01820	0.01248	0.02110	0.34560	0.00464	0.08432	0.00539	0.07548	0.00640
23	0.01045	0.08458	0.01432	0.09269	0.01531	0.00963	0.12261	0.03427	0.04844	0.04256	0.04143	0.11903	0.01536	0.03113	0.21354	0.00353	0.00769	0.00666	0.08098	0.00580
24	0.01066	0.00982	0.01636	0.37754	0.30403	0.01086	0.01380	0.01370	0.01120	0.01508	0.01305	0.09297	0.01217	0.00694	0.00558	0.00179	0.00620	0.06881	0.00290	0.00655
25	0.00698	0.00519	0.00670	0.00718	0.00806	0.00503	0.00524	0.00843	0.01087	0.01447	0.13206	0.31526	0.17337	0.06555	0.14922	0.00335	0.00517	0.06883	0.00456	0.00448
26	0.00776	0.00618	0.00978	0.00973	0.01088	0.00589	0.09728	0.00948	0.01086	0.01441	0.02616	0.48877	0.02995	0.04302	0.00755	0.00228	0.00432	0.20638	0.00457	0.00475
27	0.05304	0.10755	0.10276	0.01356	0.13164	0.03596	0.01040	0.03904	0.14502	0.01858	0.15859	0.02292	0.01928	0.00758	0.00574	0.00170	0.03328	0.08257	0.00396	0.00684
28	0.00729	0.00526	0.00690	0.00678	0.00786	0.00486	0.00497	0.00951	0.01409	0.01981	0.64371	0.17817	0.04720	0.01184	0.00633	0.00175	0.00260	0.01054	0.00566	0.00486
29	0.01413	0.00733	0.00862	0.00744	0.01005	0.00687	0.00587	0.01776	0.11123	0.28861	0.05815	0.02809	0.21701	0.00851	0.00526	0.00161	0.00346	0.00702	0.18627	0.00669
30	0.00728	0.00514	0.00674	0.00710	0.00749	0.00535	0.00479	0.00815	0.00866	0.01185	0.01953	0.25822	0.02194	0.33356	0.26469	0.00532	0.00739	0.00920	0.00359	0.00401
31	0.01438	0.21454	0.24471	0.01250	0.01719	0.13335	0.03448	0.05988	0.07125	0.06183	0.01089	0.03048	0.00870	0.00583	0.00552	0.00155	0.05838	0.00424	0.00307	0.00725
32	0.00849	0.00568	0.00647	0.00641	0.00816	0.00489	0.00483	0.00987	0.01205	0.10729	0.04377	0.19718	0.50993	0.01324	0.00628	0.00186	0.00306	0.04045	0.00510	0.00499
33	0.00644	0.00460	0.00613	0.00736	0.00767	0.00429	0.00491	0.00736	0.01012	0.01350	0.02914	0.81076	0.03497	0.01656	0.00675	0.00215	0.00307	0.01503	0.00491	0.00429
34	0.00866	0.00694	0.01039	0.01405	0.21185	0.00678	0.00814	0.01031	0.01069	0.01467	0.02247	0.41692	0.02536	0.08374	0.00811	0.00227	0.00430	0.09963	0.02936	0.00536
35	0.01379	0.09675	0.08192	0.09800	0.29988	0.03849	0.13630	0.08764	0.04025	0.04094	0.01066	0.01299	0.00832	0.00505	0.00520	0.00159	0.00677	0.00473	0.00301	0.00772
36	0.01374	0.01316	0.01803	0.01433	0.01674	0.14062	0.22535	0.01577	0.01115	0.09374	0.01142	0.01681	0.01008	0.15170	0.01255	0.00244	0.21769	0.00551	0.00308	0.00610
37	0.12670	0.04018	0.09300	0.05683	0.35628	0.05893	0.13629	0.03947	0.01208	0.01796	0.00955	0.01216	0.00762	0.00484	0.00503	0.00161	0.00675	0.00450	0.00274	0.00749
38	0.01172	0.01273	0.06727	0.29661	0.30506	0.01244	0.18607	0.01547	0.01158	0.01585	0.00990	0.01359	0.00773	0.00487	0.00547	0.00169	0.00724	0.00501	0.00251	0.00719
39	0.01092	0.00921	0.01260	0.01115	0.01193	0.01178	0.00900	0.09385	0.00995	0.01447	0.01022	0.01523	0.00949	0.02002	0.27446	0.09489	0.36762	0.00498	0.00281	0.00541
40	0.01189	0.00732	0.00888	0.00791	0.00973	0.00731	0.00589	0.08473	0.07797	0.14953	0.22329	0.07769	0.04937	0.19483	0.05749	0.00289	0.00463	0.00780	0.00500	0.00586
41	0.01238	0.27142	0.40973	0.01216	0.01790	0.01461	0.01403	0.07916	0.01179	0.01609	0.00906	0.01092	0.00715	0.00624	0.00601	0.08139	0.00666	0.00371	0.00251	0.00707
42	0.02002	0.00817	0.01086	0.00869	0.01205	0.00738	0.00708	0.03507	0.01406	0.58263	0.01953	0.01842	0.01310	0.00963	0.08007	0.00223	0.00513	0.00528	0.13260	0.00797
43	0.00742	0.00550	0.00706	0.00781	0.00873	0.00533	0.00582	0.00977	0.05873	0.01559	0.12781	0.43777	0.09817	0.01455	0.00667	0.00209	0.00341	0.16796	0.00505	0.00477
44	0.01168	0.01059	0.01697	0.49565	0.22985	0.01216	0.01424	0.08497	0.01221	0.01626	0.01011	0.01443	0.00801	0.03407	0.00604	0.00181	0.00666	0.00481	0.00273	0.00673
45	0.00694	0.00544	0.00632	0.00626	0.00777	0.00481	0.00480	0.00885	0.01325	0.01723	0.34631	0.04699	0.41861	0.01244	0.00633	0.00179	0.00279	0.07309	0.00528	0.00471
46	0.01916	0.00784	0.01065	0.00887	0.01196	0.00685	0.00702	0.02091	0.01381	0.58146	0.02304	0.22706	0.01886	0.00919	0.00569	0.00177	0.00412	0.00788	0.00611	0.00776
47	0.00655	0.00465	0.00610	0.00723	0.00751	0.00436	0.00476	0.00739	0.00991	0.01322	0.02807	0.74463	0.03362	0.08453	0.00847	0.00240	0.00324	0.01440	0.00476	0.00420
48	0.01179	0.01128	0.01930	0.35182	0.45868	0.01224	0.02851	0.01511	0.01144	0.01570	0.00973	0.01352	0.00782	0.00494	0.00527	0.00165	0.00664	0.00473	0.00251	0.00731
49	0.00653	0.00480	0.00615	0.00718	0.00776	0.00442	0.00496	0.00762	0.01058	0.01386	0.04550	0.65057	0.14268	0.01591	0.00669	0.00210	0.00309	0.05034	0.00492	0.00436
50	0.11843	0.17796	0.01604	0.01103	0.01447	0.41427	0.00887	0.01883	0.01299	0.06053	0.00880	0.00987	0.00716	0.00510	0.00425	0.00130	0.00720	0.00331	0.00297	0.09661
51	0.09331	0.27780	0.08581	0.15046	0.08828	0.09862	0.05815	0.01674	0.01152	0.06079	0.00922	0.01115	0.00732	0.00497	0.00445	0.00147	0.00654	0.00384	0.00273	0.00684
52	0.01191	0.01178	0.10098	0.19820	0.02118	0.01068	0.14087	0.07825	0.03148	0.08403	0.04028	0.02048	0.10630	0.03452	0.05571	0.00228	0.03488	0.00607	0.00356	0.00654
53	0.01640	0.24252	0.13979	0.07844	0.01733	0.17067	0.01097	0.01900	0.01284	0.19783	0.03844	0.01296	0.00982	0.00556	0.00465	0.00146	0.00651	0.00410	0.00350	0.00720

[dist]
# distance from previous block
# <min> <max>
1	26

[block]
# block no. 6 follows, 46 sequences, length 8
# corresponding to MSA columns:
# 621-628
name=unknown_G
#
# <colnr> <probs for GDERKNQSTAVLIFYWHMCP>
#	G	D	E	R	K	N	Q	S	T	A	V	L	I	F	Y	W	H	M	C	P
0	0.00677	0.00532	0.00611	0.00603	0.00749	0.00467	0.00448	0.00856	0.01312	0.01708	0.35091	0.09788	0.42766	0.01254	0.00628	0.00176	0.00263	0.01076	0.00528	0.00467
1	0.01125	0.14079	0.03894	0.05198	0.27962	0.01195	0.08851	0.01367	0.01103	0.01484	0.01490	0.09553	0.05441	0.08360	0.00788	0.00200	0.04002	0.02954	0.00301	0.00655
2	0.01452	0.15390	0.16275	0.09130	0.11043	0.01367	0.05296	0.14742	0.04026	0.10268	0.01244	0.05290	0.00987	0.00595	0.00503	0.00159	0.00617	0.00495	0.00357	0.00765
3	0.00701	0.00520	0.00655	0.00661	0.00771	0.00473	0.00480	0.00892	0.01327	0.01811	0.46958	0.23293	0.16972	0.01267	0.00636	0.00180	0.00267	0.01119	0.00544	0.00473
4	0.00667	0.00512	0.00602	0.00630	0.00741	0.00457	0.00448	0.00808	0.01191	0.01545	0.21320	0.28201	0.34042	0.05469	0.00745	0.00204	0.00288	0.01180	0.00503	0.00447
5	0.01107	0.12846	0.07569	0.05556	0.10589	0.07795	0.08197	0.01296	0.01028	0.01311	0.01277	0.05436	0.01299	0.31012	0.01324	0.00289	0.00631	0.00597	0.00285	0.00553
6	0.04920	0.26648	0.18888	0.05263	0.05950	0.01534	0.05765	0.12259	0.03918	0.01816	0.01004	0.01165	0.00790	0.00527	0.00488	0.00149	0.02947	0.00402	0.04840	0.00727
7	0.00918	0.00494	0.00509	0.00520	0.00640	0.00482	0.00384	0.01139	0.01108	0.01859	0.02185	0.09958	0.08824	0.00786	0.00423	0.00137	0.00254	0.00650	0.68247	0.00482

[dist]
# distance from previous block
# <min> <max>
0	29

[block]
# block no. 7 follows, 46 sequences, length 26
# corresponding to MSA columns:
# 667-692
name=unknown_H
#
# <colnr> <probs for GDERKNQSTAVLIFYWHMCP>
#	G	D	E	R	K	N	Q	S	T	A	V	L	I	F	Y	W	H	M	C	P
0	0.22665	0.03170	0.10445	0.01409	0.14110	0.10329	0.01056	0.11511	0.09417	0.02084	0.01052	0.01168	0.00815	0.00528	0.00452	0.00152	0.00577	0.00396	0.00343	0.08320
1	0.09276	0.48975	0.02138	0.01053	0.04252	0.17325	0.00892	0.01622	0.01143	0.01386	0.00930	0.07100	0.00893	0.00568	0.00399	0.00132	0.00611	0.00396	0.00267	0.00642
2	0.01200	0.00865	0.01108	0.01122	0.10054	0.00810	0.00778	0.06657	0.05789	0.11395	0.02308	0.13609	0.13274	0.00905	0.00577	0.00163	0.02012	0.07707	0.00445	0.19223
3	0.01389	0.01191	0.01075	0.00993	0.01203	0.18765	0.00747	0.17175	0.01491	0.08465	0.02132	0.34090	0.05721	0.01081	0.00585	0.00179	0.00526	0.02119	0.00463	0.00613
4	0.00812	0.00657	0.00739	0.00723	0.00899	0.00644	0.00555	0.01249	0.16288	0.01756	0.21526	0.08747	0.34625	0.01184	0.00619	0.00184	0.00315	0.07419	0.00521	0.00539
5	0.00874	0.00675	0.01050	0.16740	0.01515	0.00697	0.08400	0.01115	0.01142	0.01650	0.13475	0.26364	0.02379	0.00971	0.00560	0.00174	0.00423	0.00882	0.20396	0.00516
6	0.01262	0.01237	0.02193	0.12899	0.59448	0.01256	0.10712	0.01597	0.01190	0.01675	0.00997	0.01336	0.00816	0.00475	0.00536	0.00162	0.00670	0.00490	0.00259	0.00790
7	0.01248	0.01426	0.03119	0.02228	0.02763	0.01337	0.76203	0.01693	0.01248	0.01693	0.01070	0.01426	0.00802	0.00446	0.00624	0.00178	0.00891	0.00624	0.00267	0.00713
8	0.00680	0.00515	0.00634	0.00704	0.00805	0.00469	0.00521	0.00822	0.01146	0.01473	0.09530	0.38250	0.27597	0.01477	0.00664	0.00204	0.00319	0.13243	0.00497	0.00450
9	0.02166	0.00954	0.01222	0.00949	0.01322	0.00886	0.00770	0.13877	0.01595	0.59579	0.01920	0.01872	0.01302	0.08187	0.00733	0.00195	0.00476	0.00545	0.00604	0.00846
10	0.00689	0.00484	0.00623	0.00701	0.00728	0.00473	0.00457	0.00763	0.00929	0.01247	0.02429	0.52144	0.02860	0.24536	0.08081	0.00355	0.00462	0.01213	0.00424	0.00402
11	0.00758	0.00666	0.01001	0.00878	0.01055	0.00605	0.13352	0.00915	0.01099	0.01392	0.03476	0.22084	0.35425	0.13713	0.00958	0.00239	0.00421	0.01069	0.00426	0.00468
12	0.00794	0.00474	0.00560	0.00629	0.00701	0.00457	0.00438	0.00954	0.01054	0.01622	0.02392	0.46385	0.02557	0.01200	0.00541	0.00175	0.00280	0.01060	0.37269	0.00457
13	0.14673	0.01094	0.01136	0.00922	0.01260	0.07088	0.00743	0.16538	0.01531	0.34022	0.01562	0.01568	0.01096	0.03567	0.00555	0.00168	0.00486	0.00472	0.10761	0.00756
14	0.04388	0.01118	0.01578	0.44847	0.09835	0.01306	0.01289	0.19591	0.07347	0.01968	0.01111	0.01390	0.00830	0.00562	0.00521	0.00170	0.00635	0.00475	0.00335	0.00705
15	0.01336	0.01354	0.01772	0.01423	0.01640	0.13080	0.18629	0.10293	0.01208	0.01576	0.01035	0.01596	0.00951	0.14465	0.01304	0.00244	0.26654	0.00536	0.00296	0.00609
16	0.30973	0.01137	0.01129	0.13586	0.01566	0.07286	0.00842	0.14835	0.01279	0.02149	0.01018	0.01221	0.00790	0.00579	0.00523	0.00162	0.06706	0.00399	0.13196	0.00625
