[name]
unknown

[dist]
# distance from previous block
# <min> <max>
0	37

[block]
# block no. 0 follows, 43 sequences, length 23
# corresponding to MSA columns:
# 38-60
name=unknown_A
#
# <colnr> <probs for GDERKNQSTAVLIFYWHMCP>
#	G	D	E	R	K	N	Q	S	T	A	V	L	I	F	Y	W	H	M	C	P
0	0.08736	0.00763	0.00927	0.03503	0.01109	0.03410	0.03791	0.05150	0.01127	0.01595	0.02159	0.33405	0.02403	0.15840	0.06450	0.00317	0.00549	0.07837	0.00426	0.00504
1	0.01080	0.00964	0.01345	0.15446	0.10272	0.02368	0.01032	0.01380	0.06314	0.01575	0.06659	0.02107	0.09355	0.01150	0.07314	0.04625	0.18556	0.00606	0.03804	0.04047
2	0.01253	0.01883	0.32014	0.08808	0.05295	0.08443	0.07296	0.01744	0.05901	0.06274	0.04494	0.07548	0.05208	0.00710	0.00567	0.00178	0.00699	0.00607	0.00343	0.00733
3	0.01246	0.01243	0.01487	0.26748	0.09978	0.14179	0.01173	0.04229	0.01314	0.01676	0.16760	0.01932	0.01716	0.00873	0.03950	0.00209	0.09729	0.00579	0.00345	0.00634
4	0.01450	0.04468	0.01805	0.04920	0.11144	0.10415	0.07022	0.05482	0.01218	0.06352	0.01001	0.01296	0.00835	0.00778	0.03210	0.00200	0.26965	0.00467	0.00310	0.10663
5	0.00720	0.00501	0.00629	0.00714	0.00735	0.00480	0.00453	0.00783	0.00972	0.01297	0.02602	0.53775	0.03094	0.28912	0.01435	0.00333	0.00396	0.01309	0.00453	0.00410
6	0.00800	0.00558	0.00713	0.00713	0.00751	0.00596	0.00472	0.00875	0.00838	0.01155	0.01645	0.03071	0.01773	0.51377	0.31650	0.00672	0.00898	0.00724	0.00321	0.00396
7	0.62306	0.11235	0.01182	0.00856	0.01207	0.12407	0.00711	0.01715	0.01055	0.02176	0.00783	0.00912	0.00630	0.00517	0.00367	0.00161	0.00531	0.00308	0.00321	0.00620
8	0.50628	0.07483	0.01418	0.05747	0.21997	0.01337	0.00979	0.01638	0.01053	0.02148	0.00857	0.01059	0.00692	0.00507	0.00411	0.00166	0.00521	0.00363	0.00310	0.00685
9	0.01843	0.00912	0.01180	0.00969	0.01277	0.00898	0.00774	0.13461	0.01497	0.39576	0.01835	0.02042	0.01371	0.09477	0.19869	0.00383	0.00748	0.00581	0.00535	0.00772
10	0.00730	0.00580	0.00668	0.00708	0.00869	0.00518	0.00565	0.00907	0.01272	0.01574	0.08146	0.08628	0.49179	0.01440	0.00688	0.00208	0.00347	0.21971	0.00518	0.00482
11	0.01529	0.01145	0.01616	0.08073	0.27677	0.01199	0.01184	0.06558	0.21117	0.14755	0.07915	0.01878	0.01532	0.00662	0.00563	0.00174	0.00539	0.00582	0.00462	0.00841
12	0.00939	0.00560	0.00673	0.00722	0.00844	0.00554	0.00581	0.01185	0.01226	0.01891	0.08249	0.09117	0.02488	0.01065	0.00561	0.00183	0.00350	0.25748	0.42554	0.00510
13	0.05045	0.19151	0.15167	0.07292	0.01979	0.26055	0.08891	0.01809	0.01295	0.01545	0.04055	0.01225	0.00909	0.00562	0.00529	0.00156	0.02947	0.00422	0.00277	0.00689
14	0.00663	0.00549	0.00581	0.00599	0.00760	0.00467	0.00439	0.00801	0.01243	0.01512	0.07987	0.17010	0.62594	0.01444	0.00663	0.00192	0.00286	0.01226	0.00518	0.00467
15	0.01148	0.00984	0.01148	0.00820	0.01312	0.00738	0.00656	0.01395	0.01148	0.01805	0.00984	0.01148	0.00820	0.00410	0.00410	0.00082	0.00410	0.00328	0.00328	0.83922
16	0.01487	0.31285	0.09413	0.04792	0.11851	0.13263	0.07389	0.05805	0.01327	0.01634	0.03453	0.01213	0.00912	0.00529	0.00475	0.00145	0.00702	0.00416	0.00286	0.03622
17	0.04245	0.17770	0.10066	0.01141	0.01499	0.18744	0.01007	0.08812	0.11577	0.01744	0.01311	0.05799	0.01153	0.05120	0.07467	0.00242	0.00745	0.00510	0.00352	0.00695
18	0.00782	0.00549	0.00708	0.00726	0.00765	0.00578	0.00484	0.00864	0.00870	0.01195	0.01838	0.13848	0.02028	0.43155	0.28569	0.00615	0.00833	0.00840	0.00347	0.00406
19	0.03972	0.21861	0.07964	0.01221	0.08458	0.01164	0.06616	0.01293	0.01160	0.01536	0.02303	0.21976	0.14581	0.00986	0.00561	0.00177	0.00514	0.02665	0.00372	0.00622
20	0.01481	0.80869	0.02902	0.00948	0.01421	0.02191	0.00948	0.01658	0.01125	0.01303	0.00770	0.00888	0.00711	0.00474	0.00355	0.00118	0.00592	0.00296	0.00237	0.00711
21	0.01128	0.00637	0.00822	0.00800	0.00982	0.00574	0.00617	0.01309	0.01331	0.18798	0.15118	0.24808	0.18165	0.01305	0.00662	0.00201	0.00364	0.11226	0.00568	0.00585
22	0.02046	0.01494	0.01599	0.01232	0.01658	0.01651	0.01016	0.71135	0.02524	0.03411	0.01356	0.01370	0.00968	0.00664	0.00545	0.00164	0.00590	0.00500	0.05159	0.00918

[dist]
# distance from previous block
# <min> <max>
0	13

[block]
# block no. 1 follows, 43 sequences, length 20
# corresponding to MSA columns:
# 74-93
name=unknown_B
#
# <colnr> <probs for GDERKNQSTAVLIFYWHMCP>
#	G	D	E	R	K	N	Q	S	T	A	V	L	I	F	Y	W	H	M	C	P
0	0.04853	0.13178	0.02045	0.14014	0.33286	0.11175	0.02810	0.03724	0.06576	0.01724	0.01053	0.01300	0.00858	0.00533	0.00509	0.00160	0.00683	0.00452	0.00297	0.00771
1	0.00733	0.00547	0.00646	0.00662	0.00751	0.00522	0.00454	0.00840	0.01061	0.01377	0.08721	0.15462	0.26890	0.26364	0.12149	0.00398	0.00532	0.01024	0.00436	0.00432
2	0.00933	0.00806	0.01284	0.47422	0.02637	0.00946	0.01173	0.01212	0.01111	0.01438	0.01754	0.19240	0.01789	0.04050	0.00706	0.00218	0.00606	0.11772	0.00347	0.00553
3	0.00962	0.07846	0.01235	0.00887	0.01191	0.00819	0.07802	0.01243	0.04134	0.01778	0.20539	0.05664	0.23064	0.00926	0.00570	0.00155	0.00404	0.00803	0.00450	0.19528
4	0.00726	0.00564	0.00660	0.00636	0.00792	0.00498	0.00477	0.00933	0.01430	0.01895	0.44791	0.04673	0.37427	0.01254	0.00654	0.00180	0.00270	0.01077	0.00567	0.00498
5	0.01148	0.00984	0.01148	0.00820	0.01312	0.00738	0.00656	0.01395	0.01148	0.01805	0.00984	0.01148	0.00820	0.00410	0.00410	0.00082	0.00410	0.00328	0.00328	0.83922
6	0.01481	0.80869	0.02902	0.00948	0.01421	0.02191	0.00948	0.01658	0.01125	0.01303	0.00770	0.00888	0.00711	0.00474	0.00355	0.00118	0.00592	0.00296	0.00237	0.00711
7	0.01710	0.02069	0.01967	0.01630	0.01911	0.44360	0.17170	0.01919	0.01350	0.01441	0.00884	0.01154	0.00744	0.00638	0.00830	0.00175	0.18666	0.00450	0.00275	0.00657
8	0.01307	0.01494	0.03268	0.02334	0.02894	0.01401	0.75070	0.01774	0.01307	0.01774	0.01120	0.01494	0.00840	0.00467	0.00654	0.00187	0.00934	0.00654	0.00280	0.00747
9	0.01111	0.02865	0.77667	0.01579	0.02397	0.01286	0.02046	0.01754	0.01169	0.01754	0.00994	0.01169	0.00702	0.00526	0.00526	0.00175	0.00818	0.00409	0.00234	0.00818
10	0.01153	0.00648	0.00859	0.00759	0.00955	0.00586	0.00586	0.01404	0.01571	0.18559	0.60590	0.03648	0.04389	0.01035	0.00632	0.00174	0.00307	0.00905	0.00626	0.00614
11	0.00791	0.00553	0.00705	0.00714	0.00750	0.00584	0.00471	0.00866	0.00852	0.01170	0.01746	0.08450	0.01912	0.48774	0.28657	0.00637	0.00848	0.00786	0.00335	0.00398
12	0.00972	0.00647	0.00818	0.00768	0.00936	0.00614	0.00593	0.01299	0.06670	0.08497	0.49501	0.04080	0.10009	0.04225	0.00734	0.00198	0.00328	0.07957	0.00585	0.00570
13	0.01453	0.18280	0.01859	0.04158	0.01564	0.16197	0.01089	0.06684	0.01178	0.01480	0.00872	0.01198	0.00789	0.01007	0.07225	0.00242	0.33369	0.00431	0.00275	0.00650
14	0.04481	0.13200	0.10813	0.01999	0.29486	0.01381	0.01355	0.01533	0.01128	0.01627	0.01157	0.01770	0.01063	0.00956	0.06888	0.00237	0.12394	0.07516	0.00286	0.00729
15	0.01147	0.12613	0.01274	0.07081	0.01276	0.01072	0.00746	0.13490	0.01247	0.01689	0.01561	0.11098	0.01554	0.19248	0.14922	0.00378	0.02198	0.00679	0.06155	0.00574
16	0.19761	0.17274	0.07694	0.01169	0.01597	0.16725	0.02620	0.23154	0.01610	0.02251	0.00975	0.01076	0.00756	0.00561	0.00459	0.00155	0.00667	0.00384	0.00362	0.00750
17	0.07990	0.12336	0.15744	0.06702	0.01881	0.23108	0.03181	0.12692	0.01504	0.05038	0.04121	0.01269	0.00954	0.00583	0.00498	0.00158	0.00739	0.00427	0.00341	0.00733
18	0.01303	0.01238	0.01397	0.14614	0.15825	0.13644	0.01052	0.10797	0.01509	0.01917	0.15394	0.02424	0.12847	0.00791	0.00572	0.00169	0.00583	0.00663	0.02592	0.00669
19	0.01584	0.01296	0.07245	0.01018	0.01361	0.04358	0.00878	0.35950	0.04226	0.02691	0.04266	0.01683	0.01260	0.00663	0.00496	0.00154	0.00503	0.00514	0.29097	0.00756

[dist]
# distance from previous block
# <min> <max>
0	14

[block]
# block no. 2 follows, 43 sequences, length 10
# corresponding to MSA columns:
# 108-117
name=unknown_C
#
# <colnr> <probs for GDERKNQSTAVLIFYWHMCP>
#	G	D	E	R	K	N	Q	S	T	A	V	L	I	F	Y	W	H	M	C	P
0	0.00715	0.00530	0.00639	0.00676	0.00765	0.00484	0.00466	0.00846	0.01190	0.01570	0.20626	0.32240	0.21955	0.13528	0.01003	0.00251	0.00330	0.01223	0.00509	0.00454
1	0.00938	0.00744	0.00786	0.00709	0.00936	0.00705	0.00550	0.14531	0.01547	0.01954	0.13706	0.04445	0.53940	0.01233	0.00636	0.00182	0.00339	0.01025	0.00534	0.00562
2	0.00712	0.00555	0.00597	0.00591	0.00720	0.00494	0.00412	0.00831	0.01181	0.01481	0.14184	0.04712	0.47134	0.22568	0.01234	0.00279	0.00347	0.01049	0.00479	0.00440
3	0.01111	0.02865	0.77667	0.01579	0.02397	0.01286	0.02046	0.01754	0.01169	0.01754	0.00994	0.01169	0.00702	0.00526	0.00526	0.00175	0.00818	0.00409	0.00234	0.00818
4	0.00695	0.00563	0.00617	0.00603	0.00773	0.00485	0.00452	0.00872	0.01357	0.01721	0.27681	0.04960	0.54646	0.01319	0.00654	0.00183	0.00275	0.01117	0.00544	0.00485
5	0.00700	0.00502	0.00666	0.00754	0.00809	0.00467	0.00516	0.00836	0.01180	0.01604	0.20431	0.62254	0.04031	0.01593	0.00694	0.00213	0.00307	0.01439	0.00537	0.00467
6	0.01148	0.12393	0.32160	0.01155	0.01645	0.01127	0.07391	0.01567	0.01172	0.01812	0.01282	0.01497	0.00986	0.00559	0.00461	0.00151	0.00586	0.00455	0.31770	0.00684
7	0.00959	0.00832	0.01306	0.01110	0.01301	0.00895	0.10570	0.01170	0.00967	0.01405	0.01305	0.01978	0.01222	0.10383	0.41039	0.00577	0.10324	0.00574	0.00296	0.11788
8	0.01123	0.01371	0.12114	0.01777	0.09302	0.01122	0.31725	0.01605	0.07537	0.01772	0.05655	0.09171	0.11625	0.00773	0.00624	0.00186	0.00675	0.00772	0.00366	0.00705
9	0.05506	0.22759	0.11959	0.01296	0.03988	0.16459	0.07661	0.04402	0.01321	0.03439	0.07512	0.01412	0.01173	0.00753	0.04407	0.00186	0.00732	0.00452	0.00317	0.04268

[dist]
# distance from previous block
# <min> <max>
4	6

[block]
# block no. 3 follows, 43 sequences, length 18
# corresponding to MSA columns:
# 125-142
name=unknown_D
#
# <colnr> <probs for GDERKNQSTAVLIFYWHMCP>
#	G	D	E	R	K	N	Q	S	T	A	V	L	I	F	Y	W	H	M	C	P
0	0.01439	0.15806	0.23754	0.01526	0.08865	0.11214	0.07842	0.01874	0.06039	0.08159	0.01496	0.01590	0.06809	0.00611	0.00521	0.00163	0.00701	0.00498	0.00331	0.00763
1	0.01521	0.00981	0.01511	0.12787	0.26200	0.00963	0.01131	0.01788	0.01363	0.25037	0.09829	0.05640	0.07321	0.00752	0.00578	0.00175	0.00527	0.00666	0.00461	0.00773
2	0.35579	0.01052	0.01130	0.00909	0.01304	0.01072	0.00750	0.09073	0.01421	0.40216	0.01533	0.01435	0.01019	0.00614	0.00470	0.00171	0.00467	0.00448	0.00535	0.00804
3	0.01208	0.01756	0.26770	0.30399	0.21361	0.04040	0.01717	0.03292	0.01216	0.01669	0.01005	0.01329	0.00764	0.00533	0.00541	0.00175	0.00751	0.00461	0.00257	0.00755
4	0.00875	0.00672	0.00930	0.00999	0.06672	0.00749	0.00652	0.00989	0.00878	0.01235	0.01507	0.02682	0.01574	0.37547	0.32870	0.00627	0.07102	0.00671	0.00308	0.00462
5	0.00761	0.00548	0.00752	0.00789	0.00846	0.00586	0.00558	0.00883	0.00920	0.01274	0.02002	0.25269	0.02195	0.21113	0.38224	0.00614	0.00925	0.00929	0.00369	0.00445
6	0.00805	0.00537	0.00604	0.00604	0.00604	0.00537	0.00336	0.00805	0.00805	0.01074	0.01745	0.03624	0.02013	0.80536	0.02819	0.00537	0.00537	0.00805	0.00336	0.00336
7	0.01354	0.10457	0.06903	0.01314	0.06596	0.17817	0.01050	0.04161	0.03403	0.01569	0.01237	0.01755	0.01109	0.01347	0.14994	0.00304	0.12020	0.05508	0.06458	0.00645
8	0.01428	0.69811	0.13501	0.01037	0.01560	0.02063	0.01103	0.01672	0.01132	0.01367	0.00802	0.00928	0.00709	0.00481	0.00380	0.00127	0.00624	0.00312	0.00236	0.00726
9	0.00673	0.00490	0.00634	0.00749	0.00797	0.00452	0.00504	0.00774	0.01082	0.01422	0.03323	0.72261	0.11403	0.01700	0.00701	0.00221	0.00317	0.01532	0.00514	0.00452
10	0.02189	0.01020	0.01302	0.01044	0.01435	0.00969	0.00866	0.14838	0.04710	0.53003	0.02130	0.02310	0.01524	0.00784	0.00581	0.00181	0.00498	0.09089	0.00638	0.00889
11	0.01462	0.05321	0.15575	0.01982	0.26616	0.08802	0.04331	0.10525	0.01409	0.05088	0.01172	0.01405	0.00924	0.00834	0.06701	0.00219	0.00755	0.00475	0.05617	0.00788
12	0.01232	0.01715	0.36430	0.01149	0.01615	0.00987	0.01253	0.04862	0.04281	0.08758	0.01337	0.01712	0.01071	0.09228	0.00991	0.12076	0.00622	0.00500	0.09511	0.00672
13	0.02069	0.02640	0.01569	0.01427	0.01712	0.78313	0.01070	0.02212	0.01569	0.01355	0.00856	0.00999	0.00713	0.00571	0.00499	0.00143	0.00999	0.00357	0.00285	0.00642
14	0.13676	0.09831	0.28319	0.01253	0.01793	0.05639	0.01301	0.21015	0.06667	0.02293	0.01121	0.01213	0.00832	0.00576	0.00488	0.00165	0.00657	0.00419	0.01944	0.00797
15	0.02241	0.01333	0.01527	0.01171	0.01609	0.01394	0.00967	0.49271	0.02239	0.29969	0.01636	0.01528	0.01095	0.00672	0.00555	0.00168	0.00560	0.00520	0.00601	0.00942
16	0.01044	0.07083	0.03588	0.09130	0.01375	0.00905	0.00779	0.01501	0.15708	0.06478	0.06223	0.26180	0.15578	0.01128	0.00608	0.00191	0.00425	0.00975	0.00480	0.00620
17	0.01462	0.10682	0.31799	0.07488	0.02089	0.09758	0.01491	0.16691	0.01460	0.01944	0.00994	0.01182	0.00758	0.00604	0.00652	0.00172	0.09269	0.00424	0.00307	0.00774

[dist]
# distance from previous block
# <min> <max>
13	19

[block]
# block no. 4 follows, 43 sequences, length 16
# corresponding to MSA columns:
# 186-189,193-204
name=unknown_E
#
# <colnr> <probs for GDERKNQSTAVLIFYWHMCP>
#	G	D	E	R	K	N	Q	S	T	A	V	L	I	F	Y	W	H	M	C	P
0	0.13209	0.10322	0.07680	0.06268	0.06118	0.07488	0.27802	0.01670	0.01215	0.01752	0.01132	0.04221	0.00970	0.00583	0.00540	0.00171	0.00733	0.03758	0.00299	0.04070
1	0.08255	0.00911	0.01193	0.06432	0.09983	0.01062	0.00867	0.04840	0.02351	0.01635	0.01434	0.10658	0.01447	0.18967	0.01342	0.00273	0.18726	0.00671	0.08380	0.00571
2	0.01496	0.01573	0.07469	0.01418	0.08825	0.19521	0.03484	0.06793	0.13063	0.05991	0.09825	0.04622	0.01599	0.03601	0.00696	0.00182	0.04421	0.00583	0.00409	0.04428
3	0.04451	0.00687	0.00865	0.00813	0.01000	0.00695	0.00633	0.01387	0.06637	0.12314	0.17222	0.06980	0.12495	0.01939	0.22801	0.00384	0.00673	0.03244	0.04190	0.00590
4	0.04181	0.00950	0.00974	0.00846	0.01108	0.05198	0.00660	0.14918	0.05311	0.10218	0.16457	0.03406	0.29303	0.03187	0.00660	0.00186	0.00418	0.00837	0.00536	0.00647
5	0.01095	0.00805	0.01034	0.01135	0.09465	0.00812	0.00738	0.12969	0.04097	0.04630	0.10707	0.35312	0.05072	0.08468	0.00839	0.00227	0.00426	0.01064	0.00496	0.00608
6	0.00986	0.00630	0.00746	0.00746	0.00895	0.00611	0.00547	0.01319	0.09844	0.08214	0.12560	0.30301	0.12863	0.01210	0.00605	0.00187	0.00323	0.01056	0.15793	0.00565
7	0.04626	0.00923	0.01214	0.01406	0.18549	0.00946	0.00859	0.09740	0.08114	0.02099	0.27361	0.02849	0.06226	0.11649	0.00890	0.00222	0.00453	0.00746	0.00469	0.00659
8	0.84448	0.01071	0.00814	0.00728	0.01071	0.01242	0.00600	0.01628	0.00943	0.02485	0.00771	0.00900	0.00600	0.00514	0.00343	0.00171	0.00428	0.00300	0.00343	0.00600
9	0.01221	0.01356	0.13962	0.06825	0.09512	0.05908	0.03017	0.01786	0.15789	0.06945	0.12721	0.02549	0.14448	0.00813	0.00581	0.00177	0.00545	0.00690	0.00438	0.00716
10	0.01131	0.01143	0.02292	0.01752	0.02122	0.01086	0.45991	0.01472	0.01217	0.01632	0.01631	0.02916	0.01563	0.14003	0.01038	0.00260	0.00773	0.17014	0.00341	0.00625
11	0.01370	0.13621	0.14138	0.02275	0.28358	0.01452	0.20875	0.01816	0.04835	0.04376	0.01112	0.01350	0.00871	0.00508	0.00544	0.00166	0.00728	0.00501	0.00292	0.00811
12	0.00723	0.00544	0.00669	0.00680	0.00801	0.00490	0.00494	0.00912	0.01361	0.01831	0.39860	0.23565	0.23337	0.01354	0.00667	0.00190	0.00281	0.01189	0.00561	0.00490
13	0.01449	0.10111	0.02098	0.07364	0.21881	0.01390	0.14934	0.10287	0.11043	0.05655	0.01453	0.01620	0.03570	0.00590	0.00547	0.00168	0.00635	0.00546	0.03861	0.00798
14	0.01323	0.01295	0.02290	0.12642	0.59729	0.01315	0.09892	0.01673	0.01247	0.01757	0.01043	0.01398	0.00856	0.00498	0.00561	0.00169	0.00699	0.00511	0.00271	0.00830
15	0.05526	0.09564	0.03958	0.15940	0.12135	0.12671	0.11789	0.12809	0.01439	0.01886	0.01056	0.01321	0.00832	0.00686	0.03572	0.00192	0.00762	0.00470	0.02664	0.00729

[dist]
# distance from previous block
# <min> <max>
0	6

[block]
# block no. 5 follows, 43 sequences, length 16
# corresponding to MSA columns:
# 211-226
name=unknown_F
#
# <colnr> <probs for GDERKNQSTAVLIFYWHMCP>
#	G	D	E	R	K	N	Q	S	T	A	V	L	I	F	Y	W	H	M	C	P
0	0.06630	0.14460	0.02810	0.14496	0.01801	0.05788	0.04037	0.07801	0.04970	0.04295	0.13537	0.02070	0.03289	0.00725	0.00569	0.00167	0.03014	0.04265	0.00392	0.04884
1	0.01221	0.00936	0.01135	0.08424	0.01421	0.06580	0.00820	0.01459	0.04012	0.10232	0.03666	0.02023	0.01348	0.06597	0.23536	0.04410	0.05956	0.02879	0.00363	0.12982
2	0.01247	0.10198	0.37884	0.10481	0.12127	0.05352	0.03167	0.01754	0.04765	0.01658	0.01016	0.01245	0.00782	0.00558	0.00596	0.00172	0.05530	0.00435	0.00261	0.00772
3	0.01400	0.01708	0.08920	0.18573	0.06747	0.23543	0.04676	0.01670	0.01230	0.01490	0.01102	0.01390	0.03845	0.00643	0.00749	0.00173	0.14298	0.00466	0.00276	0.07101
4	0.00751	0.00579	0.00690	0.00691	0.00828	0.00534	0.00507	0.01007	0.05140	0.01834	0.35646	0.19747	0.27371	0.01320	0.00660	0.00189	0.00288	0.01151	0.00558	0.00508
5	0.01121	0.06062	0.01097	0.04879	0.01223	0.06961	0.00703	0.09506	0.01280	0.01702	0.02015	0.24057	0.06400	0.07265	0.06490	0.00248	0.00553	0.00828	0.06114	0.11496
6	0.00725	0.00529	0.00682	0.00716	0.00810	0.00486	0.00510	0.00904	0.01321	0.01806	0.38456	0.37047	0.11118	0.01417	0.00676	0.00197	0.00289	0.01264	0.00560	0.00486
7	0.00871	0.00791	0.04107	0.10485	0.01480	0.00794	0.07643	0.01089	0.00971	0.01345	0.01588	0.10944	0.01585	0.15237	0.37900	0.00581	0.01035	0.00723	0.00317	0.00514
8	0.00724	0.00540	0.00683	0.00767	0.00864	0.00499	0.00572	0.00876	0.01191	0.01544	0.09101	0.41173	0.21192	0.01568	0.00703	0.00218	0.00347	0.16447	0.00520	0.00472
9	0.09728	0.00659	0.00804	0.00767	0.00941	0.00676	0.00588	0.01369	0.01134	0.13858	0.05334	0.15282	0.01873	0.01801	0.21717	0.00366	0.00655	0.00723	0.21149	0.00576
10	0.00941	0.05649	0.00878	0.00723	0.00929	0.08316	0.00559	0.01120	0.01383	0.04109	0.25186	0.04178	0.41698	0.01163	0.00618	0.00174	0.00371	0.00968	0.00508	0.00531
11	0.00730	0.00539	0.00619	0.00633	0.00730	0.00491	0.00432	0.00826	0.01131	0.01454	0.14337	0.16329	0.32023	0.21581	0.01290	0.04517	0.00360	0.01081	0.00469	0.00428
12	0.01139	0.01021	0.01538	0.55281	0.03076	0.01144	0.01294	0.06212	0.01215	0.01644	0.01007	0.01388	0.00771	0.00526	0.00519	0.00159	0.00651	0.00453	0.00286	0.20675
13	0.00732	0.00556	0.00693	0.00735	0.00848	0.00529	0.00550	0.00890	0.01166	0.01516	0.11167	0.22467	0.27131	0.06338	0.12576	0.00330	0.00514	0.10311	0.00481	0.00471
14	0.01173	0.01173	0.08834	0.06293	0.17255	0.00911	0.01051	0.01472	0.01205	0.04379	0.05816	0.07278	0.01314	0.00599	0.00501	0.00134	0.00508	0.00522	0.00346	0.39237
15	0.08399	0.05714	0.39601	0.01503	0.07007	0.01352	0.03085	0.13219	0.05224	0.02092	0.01231	0.01601	0.00980	0.00627	0.00531	0.00177	0.00692	0.05834	0.00334	0.00797

[dist]
# distance from previous block
# <min> <max>
0	10

[block]
# block no. 6 follows, 43 sequences, length 18
# corresponding to MSA columns:
# 237-254
name=unknown_G
#
# <colnr> <probs for GDERKNQSTAVLIFYWHMCP>
#	G	D	E	R	K	N	Q	S	T	A	V	L	I	F	Y	W	H	M	C	P
0	0.01077	0.00993	0.01497	0.05974	0.14224	0.01243	0.01125	0.01275	0.00948	0.01401	0.01068	0.01602	0.00991	0.02015	0.29167	0.00460	0.33535	0.00526	0.00268	0.00612
1	0.01592	0.01799	0.01946	0.14847	0.30674	0.31927	0.05923	0.01862	0.01362	0.01563	0.00963	0.01248	0.00787	0.00532	0.00536	0.00160	0.00823	0.00449	0.00274	0.00733
2	0.02079	0.00946	0.01176	0.00938	0.01302	0.00898	0.00763	0.10085	0.07639	0.49261	0.02029	0.01875	0.01361	0.00681	0.00525	0.00164	0.00443	0.00549	0.16431	0.00856
3	0.01368	0.57160	0.25626	0.01139	0.01718	0.01916	0.01282	0.01687	0.01139	0.01440	0.00838	0.00974	0.00708	0.00490	0.00407	0.00136	0.00661	0.00331	0.00236	0.00743
4	0.00690	0.00553	0.00597	0.00601	0.00748	0.00481	0.00433	0.00828	0.01238	0.01542	0.14690	0.10927	0.53079	0.10057	0.00896	0.00227	0.00309	0.01138	0.00508	0.00459
5	0.00723	0.00520	0.00691	0.00776	0.00845	0.00488	0.00555	0.00876	0.01205	0.01628	0.20098	0.52828	0.05655	0.01566	0.00700	0.00216	0.00327	0.09293	0.00536	0.00474
6	0.00822	0.00589	0.00651	0.00625	0.00816	0.00504	0.00472	0.00987	0.01332	0.07650	0.17152	0.07468	0.56327	0.01312	0.00648	0.00185	0.00294	0.01106	0.00544	0.00514
7	0.01846	0.01422	0.01516	0.01222	0.01619	0.01596	0.00990	0.49486	0.28775	0.03072	0.01659	0.01592	0.01209	0.00696	0.00557	0.00174	0.00548	0.00544	0.00557	0.00919
8	0.00840	0.00551	0.00772	0.00809	0.00864	0.00576	0.00594	0.00894	0.00921	0.01249	0.01831	0.11976	0.01962	0.15803	0.24368	0.21117	0.00773	0.13346	0.00351	0.00402
9	0.01834	0.02149	0.01487	0.01336	0.01598	0.54297	0.01022	0.07867	0.06060	0.01574	0.01044	0.01237	0.00869	0.01024	0.09534	0.00239	0.05427	0.00419	0.00322	0.00661
10	0.10674	0.01249	0.14249	0.00971	0.01277	0.04982	0.00888	0.09907	0.01306	0.01897	0.12314	0.02458	0.09707	0.09925	0.15485	0.00347	0.00719	0.00645	0.00392	0.00607
11	0.01107	0.01177	0.10022	0.12120	0.04137	0.00872	0.00963	0.01420	0.01182	0.01777	0.07121	0.01446	0.01153	0.00505	0.00468	0.00117	0.00500	0.00420	0.00327	0.53163
12	0.01275	0.01151	0.07476	0.04464	0.21894	0.01015	0.01114	0.07794	0.05001	0.06914	0.08109	0.08083	0.01768	0.05284	0.00700	0.00192	0.00539	0.06517	0.00411	0.10300
13	0.11036	0.26312	0.17767	0.01376	0.10420	0.06609	0.02386	0.04256	0.03180	0.03687	0.01037	0.01188	0.00825	0.00531	0.00446	0.00150	0.00627	0.00393	0.07033	0.00738
14	0.07992	0.32454	0.16441	0.01200	0.01664	0.06634	0.07098	0.06116	0.01241	0.01703	0.01044	0.04963	0.00907	0.00593	0.00504	0.00154	0.03487	0.00444	0.04654	0.00708
15	0.20216	0.09728	0.01239	0.00944	0.01239	0.01222	0.00767	0.08114	0.21498	0.06792	0.01830	0.09268	0.02666	0.04873	0.00636	0.00201	0.00468	0.07135	0.00463	0.00700
16	0.09195	0.11622	0.09155	0.01238	0.01614	0.17332	0.07004	0.04241	0.06154	0.11241	0.05780	0.01467	0.01164	0.00638	0.00605	0.00166	0.06926	0.00475	0.03262	0.00720
17	0.16264	0.10711	0.01285	0.07209	0.01377	0.01017	0.06695	0.03902	0.01232	0.01806	0.08854	0.08909	0.24040	0.00924	0.00544	0.00173	0.00454	0.00771	0.00411	0.03422

[dist]
# distance from previous block
# <min> <max>
1	18

[block]
# block no. 7 follows, 43 sequences, length 22
# corresponding to MSA columns:
# 273-294
name=unknown_H
#
# <colnr> <probs for GDERKNQSTAVLIFYWHMCP>
#	G	D	E	R	K	N	Q	S	T	A	V	L	I	F	Y	W	H	M	C	P
0	0.01314	0.01837	0.30433	0.01296	0.01884	0.01214	0.05133	0.12541	0.11916	0.02102	0.01224	0.01330	0.00916	0.00542	0.00509	0.00150	0.00626	0.00443	0.00356	0.24234
1	0.01184	0.19134	0.17620	0.01255	0.01682	0.08949	0.12911	0.01481	0.01215	0.01517	0.01981	0.11391	0.13716	0.02855	0.00608	0.00179	0.00649	0.00694	0.00330	0.00651
2	0.01202	0.15676	0.05820	0.05866	0.07588	0.01146	0.05986	0.08808	0.01298	0.05138	0.02013	0.24572	0.07322	0.03137	0.00658	0.01347	0.00533	0.00839	0.00400	0.00650
3	0.01362	0.19567	0.22882	0.05079	0.05144	0.10894	0.01273	0.05521	0.04169	0.03427	0.08791	0.05072	0.01374	0.00666	0.00542	0.00162	0.02499	0.00516	0.00334	0.00725
4	0.00923	0.00700	0.00793	0.00789	0.00978	0.00683	0.00608	0.01357	0.15832	0.05383	0.07010	0.16359	0.34657	0.01298	0.00654	0.00201	0.00355	0.10309	0.00536	0.00575
5	0.00804	0.00548	0.00629	0.00641	0.00667	0.00542	0.00395	0.00838	0.00882	0.01159	0.02124	0.03996	0.07242	0.67456	0.02472	0.00486	0.00517	0.07875	0.00365	0.00362
6	0.01459	0.08955	0.16099	0.08934	0.17674	0.21394	0.04059	0.01873	0.06822	0.01613	0.01094	0.03406	0.00905	0.00588	0.00558	0.00165	0.02898	0.00469	0.00291	0.00743
7	0.01330	0.11145	0.26681	0.08209	0.04845	0.10132	0.04467	0.01724	0.03244	0.05534	0.04679	0.04889	0.01128	0.00667	0.00663	0.00175	0.08945	0.00512	0.00308	0.00723
8	0.00841	0.00597	0.00728	0.00774	0.00931	0.00543	0.00620	0.01019	0.01255	0.05748	0.04117	0.16456	0.36386	0.01456	0.00695	0.00215	0.00377	0.26212	0.00522	0.00506
9	0.00786	0.00595	0.00703	0.00713	0.00855	0.00553	0.00523	0.01055	0.06710	0.03126	0.24475	0.24863	0.28917	0.01359	0.00662	0.00195	0.00305	0.02539	0.00548	0.00517
10	0.09773	0.01743	0.18265	0.09452	0.15208	0.08133	0.15713	0.05057	0.01255	0.01816	0.00983	0.01265	0.00766	0.00560	0.00651	0.00179	0.07681	0.00474	0.00282	0.00744
11	0.01871	0.01443	0.01503	0.01218	0.01610	0.04452	0.00983	0.44763	0.27625	0.06089	0.01663	0.01592	0.01207	0.00692	0.00555	0.00173	0.00560	0.00539	0.00553	0.00908
12	0.00769	0.00532	0.00605	0.00623	0.00649	0.00516	0.00371	0.00799	0.00895	0.01172	0.02384	0.14796	0.10997	0.59993	0.02263	0.00451	0.00476	0.00958	0.00382	0.00367
13	0.01106	0.01054	0.03071	0.32083	0.13863	0.01131	0.06570	0.01641	0.13062	0.01773	0.12619	0.02169	0.06097	0.00704	0.00582	0.00181	0.00597	0.00639	0.00372	0.00687
14	0.00670	0.00562	0.00582	0.00577	0.00758	0.00474	0.00433	0.00825	0.01299	0.01582	0.14077	0.05188	0.68337	0.01370	0.00654	0.00185	0.00278	0.01149	0.00526	0.00474
15	0.01037	0.00863	0.01035	0.10429	0.05866	0.05684	0.00799	0.01411	0.11514	0.05115	0.10075	0.32175	0.09449	0.01171	0.00629	0.00195	0.00447	0.01031	0.00477	0.00597
16	0.01581	0.55919	0.02564	0.01143	0.01552	0.18253	0.04370	0.01761	0.01211	0.01337	0.00802	0.00959	0.00718	0.00524	0.00487	0.00134	0.05408	0.00337	0.00249	0.00692
17	0.00952	0.11728	0.01130	0.00848	0.01002	0.00917	0.00661	0.01219	0.08433	0.01346	0.01682	0.02347	0.05307	0.15158	0.38544	0.06293	0.00974	0.00611	0.00329	0.00519
18	0.11823	0.10078	0.07214	0.01475	0.09837	0.11524	0.03643	0.26326	0.06968	0.02358	0.01129	0.01235	0.00866	0.00592	0.00533	0.00163	0.02601	0.00442	0.00390	0.00801
19	0.00675	0.00482	0.00643	0.00771	0.00803	0.00450	0.00514	0.00771	0.01060	0.01414	0.03053	0.80175	0.03663	0.01735	0.00707	0.00225	0.00321	0.01574	0.00514	0.00450
20	0.00805	0.00537	0.00604	0.00604	0.00604	0.00537	0.00336	0.00805	0.00805	0.01074	0.01745	0.03624	0.02013	0.80536	0.02819	0.00537	0.00537	0.00805	0.00336	0.00336
21	0.01089	0.00916	0.07230	0.00936	0.03851	0.00747	0.00755	0.05450	0.05105	0.09387	0.33896	0.07888	0.14807	0.01017	0.00612	0.00175	0.00383	0.00875	0.00536	0.04345

[dist]
# distance from previous block
# <min> <max>
0	4

# created by:
# /home/cegg/simao/soft/augustus-3.2.1/scripts/msa2prfl.pl ./align_prep/32865.fa
