[name]
unknown

[dist]
# distance from previous block
# <min> <max>
0	673

[block]
# block no. 0 follows, 44 sequences, length 47
# corresponding to MSA columns:
# 735-781
name=unknown_A
#
# <colnr> <probs for GDERKNQSTAVLIFYWHMCP>
#	G	D	E	R	K	N	Q	S	T	A	V	L	I	F	Y	W	H	M	C	P
0	0.11910	0.01300	0.01520	0.01245	0.01588	0.09224	0.11496	0.18161	0.07758	0.02158	0.01404	0.01975	0.01209	0.00907	0.05214	0.00215	0.03242	0.10187	0.00402	0.08885
1	0.01596	0.12311	0.01507	0.01165	0.01442	0.35658	0.00905	0.06654	0.15305	0.01646	0.01494	0.15094	0.01402	0.00788	0.00524	0.00161	0.00687	0.00611	0.00381	0.00669
2	0.00704	0.00528	0.00649	0.00730	0.00821	0.00486	0.00533	0.00833	0.01124	0.01437	0.03653	0.40156	0.25373	0.06600	0.00823	0.00235	0.00350	0.14019	0.00494	0.00451
3	0.05433	0.00975	0.01487	0.01218	0.01515	0.00970	0.18701	0.06443	0.12736	0.09831	0.06616	0.22907	0.06844	0.00968	0.00612	0.00190	0.00512	0.00895	0.00475	0.00672
4	0.04965	0.06819	0.02410	0.01771	0.04579	0.12123	0.37837	0.08145	0.03796	0.06305	0.01135	0.01345	0.00857	0.00512	0.00558	0.00164	0.00781	0.00524	0.00334	0.05040
5	0.00697	0.00534	0.00641	0.00677	0.00796	0.00478	0.00495	0.00858	0.01259	0.01639	0.22865	0.28278	0.31715	0.01421	0.00666	0.00196	0.00297	0.05485	0.00530	0.00471
6	0.00664	0.00474	0.00633	0.00759	0.00791	0.00443	0.00506	0.00759	0.01044	0.01392	0.03005	0.80485	0.03606	0.01708	0.00696	0.00221	0.00316	0.01550	0.00506	0.00443
7	0.01173	0.05869	0.15614	0.01001	0.01313	0.00898	0.00935	0.06295	0.01257	0.12269	0.10253	0.17257	0.02029	0.01698	0.19240	0.00346	0.00731	0.00755	0.00423	0.00645
8	0.07373	0.06740	0.01526	0.01250	0.05996	0.16074	0.00953	0.19744	0.06814	0.23849	0.01438	0.01420	0.01026	0.00705	0.02525	0.00178	0.00635	0.00465	0.00475	0.00814
9	0.01514	0.01063	0.01138	0.00973	0.01271	0.01172	0.00771	0.20495	0.32696	0.07501	0.01869	0.01842	0.01388	0.00686	0.00505	0.00163	0.00427	0.00551	0.23188	0.00787
10	0.06343	0.00642	0.00827	0.00851	0.00931	0.00692	0.00640	0.00987	0.01148	0.01663	0.20259	0.39464	0.03347	0.01368	0.00810	0.00211	0.10869	0.07972	0.00482	0.00496
11	0.01541	0.50982	0.02252	0.01008	0.01405	0.12003	0.00914	0.01861	0.09038	0.06509	0.04232	0.01392	0.01112	0.00585	0.00429	0.00137	0.00596	0.02969	0.00327	0.00708
12	0.01322	0.01034	0.01212	0.00887	0.01346	0.00867	0.00716	0.09526	0.01305	0.06976	0.01076	0.01200	0.00853	0.00467	0.00474	0.00101	0.03010	0.00361	0.00368	0.66898
13	0.01579	0.01694	0.03891	0.20118	0.02082	0.30233	0.01114	0.15462	0.04190	0.01896	0.11127	0.01608	0.01371	0.00653	0.00538	0.00161	0.00729	0.00504	0.00371	0.00678
14	0.01424	0.06674	0.11820	0.01263	0.01704	0.01243	0.14010	0.22494	0.04283	0.07413	0.02290	0.02292	0.19148	0.00768	0.00570	0.00171	0.00589	0.00659	0.00436	0.00749
15	0.06611	0.15805	0.03960	0.01315	0.06438	0.08808	0.06612	0.22932	0.01613	0.07246	0.01097	0.01196	0.00838	0.00539	0.00479	0.00143	0.00618	0.00418	0.00381	0.12951
16	0.00863	0.00694	0.00826	0.00774	0.00933	0.00718	0.00593	0.03777	0.09076	0.01770	0.24192	0.03675	0.27514	0.04861	0.12379	0.00300	0.05144	0.00887	0.00484	0.00540
17	0.00938	0.00798	0.01232	0.48957	0.02531	0.00947	0.01056	0.01160	0.00975	0.01263	0.01259	0.02272	0.01213	0.31644	0.01409	0.00316	0.00650	0.00604	0.00276	0.00499
18	0.01399	0.06105	0.14880	0.06587	0.11731	0.01184	0.01173	0.14560	0.06406	0.09971	0.13688	0.02097	0.04115	0.00722	0.00555	0.00170	0.00556	0.02902	0.00435	0.00764
19	0.01350	0.02406	0.45256	0.01662	0.02309	0.12724	0.16975	0.07635	0.01349	0.01808	0.01010	0.01205	0.00739	0.00523	0.00542	0.00170	0.00839	0.00452	0.00272	0.00775
20	0.02409	0.00988	0.01302	0.00998	0.01422	0.00890	0.00825	0.09932	0.01660	0.70401	0.02067	0.01801	0.01307	0.00673	0.00548	0.00168	0.00477	0.00543	0.00662	0.00928
21	0.01168	0.02297	0.49045	0.01842	0.02549	0.01310	0.30460	0.01734	0.01204	0.01734	0.01027	0.01275	0.00744	0.00495	0.00567	0.00177	0.00850	0.00496	0.00248	0.00778
22	0.01456	0.01396	0.02147	0.21745	0.07004	0.10208	0.27060	0.09938	0.02372	0.06829	0.01202	0.03985	0.00936	0.00575	0.00578	0.00175	0.00770	0.00566	0.00335	0.00724
23	0.01294	0.06085	0.02714	0.02501	0.28292	0.01352	0.41322	0.01678	0.01259	0.01724	0.01160	0.01668	0.00967	0.00530	0.00597	0.00176	0.00782	0.04851	0.00284	0.00764
24	0.00664	0.00474	0.00633	0.00759	0.00791	0.00443	0.00506	0.00759	0.01044	0.01392	0.03005	0.80485	0.03606	0.01708	0.00696	0.00221	0.00316	0.01550	0.00506	0.00443
25	0.12853	0.01317	0.10807	0.01829	0.19839	0.01147	0.16889	0.01608	0.01230	0.06909	0.11461	0.04795	0.01511	0.00657	0.00616	0.00177	0.04688	0.00596	0.00355	0.00718
26	0.12539	0.01298	0.12936	0.01321	0.01628	0.01183	0.12517	0.01524	0.01108	0.08485	0.03743	0.09063	0.01393	0.00852	0.00885	0.00202	0.21054	0.07261	0.00355	0.00652
27	0.02124	0.00860	0.01174	0.00962	0.01320	0.00756	0.00795	0.02333	0.01488	0.62749	0.02303	0.07057	0.01730	0.00851	0.00585	0.00183	0.00461	0.10787	0.00641	0.00840
28	0.01282	0.01225	0.02115	0.28510	0.37930	0.01304	0.11359	0.06485	0.01284	0.01756	0.01036	0.01398	0.00817	0.00513	0.00556	0.00172	0.00707	0.00507	0.00280	0.00765
29	0.01331	0.16282	0.46983	0.01576	0.09139	0.01381	0.04161	0.01804	0.01200	0.09684	0.01072	0.01206	0.00783	0.00520	0.00498	0.00162	0.00719	0.00414	0.00283	0.00803
30	0.08653	0.01089	0.01431	0.09756	0.01718	0.01183	0.06954	0.12422	0.15647	0.17326	0.11025	0.01887	0.01606	0.00712	0.00635	0.00179	0.05945	0.00582	0.00486	0.00761
31	0.01816	0.17778	0.01979	0.01406	0.01741	0.52978	0.08757	0.01995	0.01408	0.01366	0.00849	0.01020	0.00715	0.00546	0.00525	0.00144	0.03679	0.00374	0.00270	0.00655
32	0.00725	0.00511	0.00609	0.00656	0.00694	0.00487	0.00414	0.00786	0.00965	0.01270	0.05009	0.33567	0.11351	0.38575	0.01658	0.00359	0.00409	0.01133	0.00427	0.00395
33	0.14654	0.00949	0.01070	0.00852	0.01198	0.00904	0.00684	0.09471	0.01381	0.09338	0.19278	0.01885	0.01870	0.00664	0.00534	0.00140	0.03523	0.00522	0.00446	0.30638
34	0.01119	0.11610	0.35098	0.01537	0.02101	0.01264	0.21462	0.01562	0.01183	0.01650	0.04256	0.12079	0.01299	0.00681	0.00560	0.00175	0.00721	0.00633	0.00295	0.00713
35	0.00786	0.00556	0.00735	0.00735	0.00783	0.00605	0.00505	0.00883	0.00834	0.01161	0.01590	0.02859	0.01674	0.42696	0.40499	0.00701	0.00992	0.00689	0.00311	0.00408
36	0.00693	0.00526	0.00599	0.00632	0.00757	0.00466	0.00454	0.00842	0.01217	0.01584	0.14460	0.28009	0.39539	0.01395	0.00643	0.00190	0.00284	0.01208	0.06038	0.00466
37	0.01357	0.01377	0.01376	0.18813	0.09306	0.22031	0.01048	0.06053	0.07513	0.01774	0.14497	0.04058	0.03671	0.00722	0.00548	0.00165	0.00633	0.00594	0.03816	0.00650
38	0.01844	0.01142	0.01730	0.01315	0.01728	0.01101	0.18652	0.19280	0.01672	0.32090	0.01946	0.08189	0.05211	0.00739	0.00587	0.00176	0.00583	0.00670	0.00527	0.00818
39	0.00677	0.00484	0.00647	0.00774	0.00811	0.00454	0.00528	0.00781	0.01056	0.01406	0.02998	0.76079	0.03578	0.01696	0.00699	0.00223	0.00327	0.05830	0.00506	0.00446
40	0.02050	0.01096	0.01288	0.01008	0.01382	0.01107	0.00823	0.31486	0.01879	0.35378	0.01751	0.01713	0.01206	0.03022	0.00589	0.00171	0.00491	0.00527	0.12180	0.00852
41	0.01485	0.27014	0.13101	0.11891	0.02007	0.20034	0.05604	0.06614	0.01321	0.01548	0.00984	0.04215	0.00840	0.00568	0.00478	0.00150	0.00741	0.00432	0.00279	0.00693
42	0.00929	0.01582	0.34657	0.01135	0.01574	0.00876	0.04255	0.01353	0.01341	0.01936	0.37763	0.05692	0.02957	0.00850	0.00590	0.00174	0.00527	0.00739	0.00421	0.00648
43	0.00685	0.00527	0.00583	0.00614	0.00716	0.00472	0.00417	0.00779	0.01085	0.01353	0.03980	0.23769	0.40725	0.20450	0.01166	0.00276	0.00347	0.01166	0.00464	0.00425
44	0.01319	0.14747	0.01170	0.00764	0.00989	0.00913	0.00622	0.01511	0.01214	0.17097	0.09300	0.06812	0.03738	0.07267	0.00728	0.00183	0.04475	0.00626	0.25912	0.00612
45	0.01776	0.06699	0.06481	0.02754	0.18833	0.42086	0.01216	0.02002	0.01422	0.08001	0.03104	0.01236	0.00916	0.00561	0.00505	0.00150	0.00805	0.00417	0.00314	0.00721
46	0.04213	0.01588	0.19748	0.03372	0.01825	0.02412	0.07431	0.12775	0.06073	0.07270	0.01168	0.01299	0.00873	0.00557	0.00583	0.00153	0.05641	0.00442	0.00361	0.22216

[dist]
# distance from previous block
# <min> <max>
0	14

[block]
# block no. 1 follows, 44 sequences, length 21
# corresponding to MSA columns:
# 796-816
name=unknown_B
#
# <colnr> <probs for GDERKNQSTAVLIFYWHMCP>
#	G	D	E	R	K	N	Q	S	T	A	V	L	I	F	Y	W	H	M	C	P
0	0.01368	0.01668	0.15861	0.01695	0.02151	0.06175	0.31048	0.12552	0.01398	0.01923	0.01151	0.03832	0.00919	0.00612	0.00715	0.00180	0.09944	0.00560	0.05517	0.00730
1	0.01688	0.01753	0.16027	0.01452	0.10498	0.21874	0.01173	0.02061	0.06104	0.20367	0.10142	0.01695	0.01452	0.00647	0.00538	0.00162	0.00664	0.00515	0.00421	0.00766
2	0.07683	0.23543	0.04183	0.01253	0.01695	0.10048	0.15115	0.12009	0.01393	0.01847	0.01238	0.01372	0.05527	0.00556	0.00477	0.00144	0.00648	0.00454	0.00326	0.10489
3	0.01142	0.01137	0.10097	0.03738	0.01425	0.00880	0.00858	0.12765	0.01356	0.01948	0.05639	0.19501	0.01686	0.00798	0.00524	0.00145	0.00465	0.00681	0.00401	0.34812
4	0.21462	0.10132	0.01054	0.00841	0.01031	0.05775	0.00657	0.01213	0.01009	0.01600	0.01644	0.25736	0.01746	0.01838	0.21516	0.00367	0.00722	0.00762	0.00362	0.00532
5	0.01506	0.00865	0.01038	0.00890	0.01171	0.00825	0.00694	0.16856	0.01552	0.24632	0.02750	0.23446	0.15363	0.01061	0.00598	0.00180	0.00416	0.00902	0.00556	0.04699
6	0.01091	0.01031	0.01745	0.64998	0.17810	0.01227	0.01544	0.01446	0.01119	0.01467	0.00980	0.01434	0.00753	0.00534	0.00544	0.00178	0.00712	0.00485	0.00248	0.00655
7	0.01244	0.01373	0.02800	0.02059	0.02480	0.01403	0.57230	0.01624	0.01178	0.01638	0.01044	0.01448	0.00831	0.00731	0.04605	0.00228	0.16513	0.00608	0.00269	0.00696
8	0.00685	0.00541	0.00668	0.05578	0.00955	0.00502	0.00532	0.00823	0.01154	0.01468	0.07937	0.40924	0.33328	0.01471	0.00663	0.00201	0.00322	0.01291	0.00495	0.00464
9	0.02446	0.00928	0.01265	0.00970	0.01392	0.00801	0.00801	0.02657	0.01560	0.77817	0.02151	0.01856	0.01350	0.00675	0.00548	0.00169	0.00464	0.00548	0.00675	0.00928
10	0.69003	0.01030	0.00890	0.00765	0.01119	0.01143	0.00631	0.01804	0.01048	0.16823	0.01025	0.01071	0.00735	0.00538	0.00378	0.00169	0.00430	0.00343	0.00402	0.00655
11	0.00692	0.00519	0.00642	0.00686	0.00785	0.00469	0.00486	0.00848	0.01246	0.01655	0.26360	0.38609	0.22122	0.01446	0.00667	0.00197	0.00288	0.01279	0.00535	0.00469
12	0.00872	0.00606	0.00766	0.00825	0.00926	0.00600	0.00589	0.01188	0.11390	0.05736	0.07464	0.57287	0.03292	0.01473	0.00668	0.00212	0.00345	0.04699	0.00528	0.00534
13	0.00696	0.00518	0.00617	0.00681	0.00758	0.00476	0.00468	0.00796	0.01069	0.01367	0.03507	0.38601	0.25354	0.16691	0.01081	0.00271	0.00356	0.05790	0.00472	0.00430
14	0.01349	0.01295	0.02213	0.03346	0.77440	0.01295	0.01673	0.01673	0.01241	0.01781	0.01025	0.01349	0.00864	0.00486	0.00540	0.00162	0.00648	0.00486	0.00270	0.00864
15	0.02037	0.02598	0.01545	0.01404	0.01685	0.78652	0.01053	0.02177	0.01545	0.01334	0.00843	0.00983	0.00702	0.00562	0.00492	0.00140	0.00983	0.00351	0.00281	0.00632
16	0.01782	0.00870	0.01029	0.00838	0.01141	0.00849	0.00676	0.15861	0.01588	0.32632	0.03587	0.01872	0.01376	0.00666	0.00485	0.00152	0.00403	0.00532	0.32905	0.00755
17	0.00747	0.00535	0.00601	0.00602	0.00665	0.00506	0.00381	0.00816	0.01006	0.01310	0.11577	0.07637	0.21465	0.47707	0.01889	0.00385	0.00423	0.00941	0.00415	0.00390
18	0.01577	0.01729	0.23996	0.03782	0.01876	0.01346	0.03902	0.29235	0.10699	0.08503	0.06692	0.01597	0.01265	0.00648	0.00549	0.00171	0.00621	0.00524	0.00449	0.00838
19	0.08033	0.01018	0.01259	0.14890	0.01716	0.01075	0.00887	0.20092	0.01558	0.26122	0.01552	0.01794	0.01157	0.10346	0.00790	0.00211	0.00536	0.00531	0.05688	0.00746
20	0.01359	0.13045	0.02009	0.02352	0.45513	0.06170	0.01317	0.03933	0.05993	0.01789	0.07972	0.01650	0.03399	0.00590	0.00522	0.00157	0.00599	0.00520	0.00327	0.00784

[dist]
# distance from previous block
# <min> <max>
2	84

[block]
# block no. 2 follows, 44 sequences, length 11
# corresponding to MSA columns:
# 901-911
name=unknown_C
#
# <colnr> <probs for GDERKNQSTAVLIFYWHMCP>
#	G	D	E	R	K	N	Q	S	T	A	V	L	I	F	Y	W	H	M	C	P
0	0.01368	0.16859	0.36170	0.01275	0.01853	0.04829	0.03812	0.09495	0.01354	0.07495	0.01535	0.01602	0.08808	0.00625	0.00508	0.00161	0.00673	0.00486	0.00330	0.00762
1	0.01483	0.08337	0.31741	0.01323	0.01902	0.01141	0.10097	0.01892	0.01292	0.21573	0.05802	0.01521	0.01154	0.00573	0.00524	0.00160	0.00644	0.00488	0.00382	0.07970
2	0.01590	0.01266	0.01752	0.10223	0.36819	0.07818	0.01299	0.08466	0.01415	0.15739	0.01384	0.07361	0.01136	0.00640	0.00550	0.00168	0.00622	0.00566	0.00385	0.00803
3	0.01861	0.01020	0.01319	0.17585	0.01882	0.05528	0.00991	0.05904	0.01465	0.41497	0.01894	0.02356	0.01435	0.00769	0.00576	0.00182	0.00563	0.11871	0.00527	0.00776
4	0.10248	0.14449	0.09359	0.19001	0.08228	0.27018	0.01235	0.01768	0.01245	0.01531	0.00877	0.01108	0.00707	0.00527	0.00471	0.00154	0.00758	0.00382	0.00265	0.00668
5	0.01019	0.00835	0.01164	0.04877	0.17387	0.00868	0.00874	0.03267	0.10114	0.01727	0.15137	0.03075	0.05506	0.16416	0.07460	0.00306	0.00569	0.08381	0.00416	0.00604
6	0.00859	0.00495	0.00713	0.00735	0.00756	0.00505	0.00500	0.00766	0.00801	0.01083	0.01450	0.15767	0.01562	0.08482	0.13795	0.49801	0.00603	0.00706	0.00300	0.00319
7	0.01027	0.03010	0.01305	0.15522	0.07173	0.07275	0.06800	0.04099	0.01274	0.01619	0.10415	0.21794	0.14456	0.01023	0.00607	0.00184	0.00523	0.00907	0.00408	0.00578
8	0.01808	0.01737	0.01969	0.01552	0.01954	0.27202	0.22905	0.09917	0.09860	0.13633	0.01323	0.01412	0.00969	0.00579	0.00558	0.00165	0.00783	0.00512	0.00398	0.00765
9	0.00856	0.00639	0.00777	0.00770	0.00887	0.00644	0.00560	0.01237	0.12910	0.01816	0.33533	0.16488	0.03606	0.16120	0.01046	0.00255	0.00363	0.06452	0.00520	0.00521
10	0.01389	0.01018	0.01235	0.07411	0.01550	0.00927	0.00815	0.10130	0.07109	0.11257	0.01392	0.01712	0.01121	0.00586	0.00487	0.00130	0.00470	0.05922	0.00416	0.44924

[dist]
# distance from previous block
# <min> <max>
3	5

[block]
# block no. 3 follows, 44 sequences, length 13
# corresponding to MSA columns:
# 917-929
name=unknown_D
#
# <colnr> <probs for GDERKNQSTAVLIFYWHMCP>
#	G	D	E	R	K	N	Q	S	T	A	V	L	I	F	Y	W	H	M	C	P
0	0.01409	0.01585	0.06716	0.07103	0.01933	0.18118	0.14201	0.07955	0.05569	0.01677	0.01170	0.01648	0.01001	0.00940	0.06236	0.00235	0.16401	0.05111	0.00318	0.00672
1	0.01351	0.06450	0.15930	0.01435	0.11846	0.07440	0.01168	0.01643	0.01179	0.13606	0.01385	0.01845	0.01157	0.01563	0.21201	0.00358	0.04176	0.05221	0.00345	0.00699
2	0.00708	0.00543	0.00658	0.00720	0.00839	0.00493	0.00545	0.00865	0.01206	0.01537	0.10077	0.29554	0.32744	0.01489	0.00683	0.00208	0.00333	0.15818	0.00513	0.00467
3	0.01300	0.01259	0.02189	0.14131	0.62622	0.01288	0.05932	0.01637	0.01222	0.01724	0.01022	0.01371	0.00842	0.00493	0.00546	0.00166	0.00675	0.00495	0.00266	0.00819
4	0.01506	0.01370	0.01293	0.06178	0.01513	0.21976	0.03025	0.14360	0.01578	0.08341	0.14090	0.13155	0.04876	0.00882	0.00617	0.00172	0.03243	0.00719	0.00449	0.00655
5	0.01518	0.01380	0.01910	0.07031	0.06705	0.10505	0.21533	0.20424	0.01599	0.05980	0.01482	0.14572	0.01324	0.00748	0.00591	0.00177	0.00691	0.00695	0.00401	0.00732
6	0.00756	0.00541	0.00732	0.00824	0.00906	0.00517	0.00629	0.00934	0.01213	0.01629	0.17874	0.40935	0.03763	0.01523	0.00704	0.00221	0.00365	0.24935	0.00524	0.00476
7	0.00671	0.00491	0.00630	0.00727	0.00786	0.00451	0.00495	0.00784	0.01110	0.01467	0.09422	0.64706	0.13019	0.01618	0.00685	0.00213	0.00306	0.01453	0.00514	0.00451
8	0.05138	0.01965	0.16752	0.01258	0.01625	0.32633	0.01134	0.01925	0.01363	0.13655	0.05993	0.05707	0.01238	0.00695	0.00616	0.00166	0.06576	0.00505	0.00365	0.00692
9	0.01243	0.00737	0.00919	0.00836	0.01038	0.00707	0.00635	0.11429	0.01510	0.17220	0.24203	0.27552	0.07406	0.01167	0.00628	0.00186	0.00365	0.01019	0.00572	0.00628
10	0.00740	0.00555	0.00701	0.00780	0.00894	0.00516	0.00609	0.00911	0.01206	0.01549	0.08476	0.28371	0.24527	0.01506	0.00698	0.00218	0.00365	0.26394	0.00511	0.00473
11	0.01370	0.06098	0.01738	0.08433	0.32429	0.05734	0.01222	0.15650	0.01452	0.01931	0.01446	0.17211	0.01396	0.00772	0.00558	0.00172	0.00594	0.00681	0.00366	0.00746
12	0.01482	0.01326	0.01777	0.01408	0.01785	0.05707	0.19704	0.15770	0.30213	0.04378	0.09034	0.01894	0.01595	0.00678	0.00580	0.00176	0.00601	0.00619	0.00475	0.00797

[dist]
# distance from previous block
# <min> <max>
5	8

[block]
# block no. 4 follows, 44 sequences, length 36
# corresponding to MSA columns:
# 938-973
name=unknown_E
#
# <colnr> <probs for GDERKNQSTAVLIFYWHMCP>
#	G	D	E	R	K	N	Q	S	T	A	V	L	I	F	Y	W	H	M	C	P
0	0.01100	0.00730	0.00978	0.17256	0.01533	0.00731	0.00767	0.03820	0.01360	0.13425	0.19550	0.06499	0.22841	0.01007	0.00603	0.00180	0.00415	0.03462	0.03151	0.00593
1	0.35203	0.01074	0.00915	0.06629	0.01253	0.12827	0.00699	0.01368	0.01077	0.01813	0.01607	0.29977	0.01717	0.00956	0.00507	0.00185	0.00492	0.00775	0.00383	0.00544
2	0.02011	0.01025	0.01252	0.01026	0.01402	0.01023	0.00826	0.02753	0.31466	0.47655	0.02178	0.01927	0.01475	0.00701	0.00551	0.00175	0.00451	0.00575	0.00627	0.00902
3	0.02126	0.00972	0.01245	0.00974	0.01354	0.00907	0.00797	0.14725	0.01727	0.53647	0.13525	0.02104	0.01861	0.00739	0.00562	0.00168	0.00455	0.00606	0.00641	0.00864
4	0.01016	0.00508	0.00508	0.00508	0.00635	0.00508	0.00381	0.01270	0.01143	0.02033	0.01778	0.02033	0.01397	0.00635	0.00381	0.00127	0.00254	0.00508	0.83867	0.00508
5	0.01335	0.01296	0.02473	0.01836	0.02286	0.01278	0.48233	0.05835	0.11672	0.05698	0.01365	0.01641	0.01040	0.00964	0.10189	0.00267	0.00878	0.00619	0.00351	0.00742
6	0.00737	0.00556	0.00681	0.00650	0.00793	0.00500	0.00487	0.00962	0.01461	0.01992	0.57671	0.04392	0.24746	0.01187	0.00643	0.00175	0.00262	0.01031	0.00575	0.00500
7	0.00799	0.00569	0.00643	0.00634	0.00804	0.00491	0.00472	0.00953	0.01280	0.07175	0.15488	0.16377	0.49676	0.01340	0.00645	0.00187	0.00293	0.01143	0.00533	0.00500
8	0.02193	0.01334	0.01517	0.01163	0.01594	0.01404	0.00961	0.52143	0.02241	0.27371	0.01580	0.01485	0.01063	0.00661	0.00546	0.00165	0.00556	0.00509	0.00587	0.00927
9	0.01043	0.00968	0.01557	0.30393	0.29706	0.01036	0.01281	0.01327	0.01170	0.01549	0.02013	0.08866	0.15299	0.00779	0.00575	0.00178	0.00579	0.00700	0.00324	0.00658
10	0.00647	0.00542	0.00563	0.00580	0.00744	0.00458	0.00427	0.00779	0.01216	0.01462	0.05180	0.15497	0.67189	0.01425	0.00651	0.00189	0.00282	0.01205	0.00506	0.00458
11	0.21523	0.00982	0.01154	0.00925	0.01316	0.00956	0.00758	0.02435	0.09033	0.52547	0.01833	0.01647	0.01204	0.00642	0.00500	0.00170	0.00451	0.00496	0.00584	0.00842
12	0.01130	0.01531	0.21140	0.30373	0.23237	0.01219	0.06181	0.01543	0.01156	0.01604	0.01098	0.05346	0.00907	0.00576	0.00550	0.00176	0.00716	0.00528	0.00262	0.00726
13	0.00676	0.00538	0.00606	0.00622	0.00764	0.00468	0.00454	0.00831	0.01268	0.01610	0.20406	0.19748	0.47311	0.01388	0.00654	0.00189	0.00280	0.01194	0.00526	0.00468
14	0.01093	0.02820	0.78016	0.01554	0.02360	0.01266	0.02014	0.01727	0.01151	0.01727	0.00978	0.01151	0.00691	0.00518	0.00518	0.00173	0.00806	0.00403	0.00230	0.00806
15	0.00672	0.00481	0.00640	0.00754	0.00792	0.00448	0.00507	0.00779	0.01080	0.01450	0.08453	0.74870	0.03719	0.01664	0.00692	0.00218	0.00312	0.01508	0.00513	0.00448
16	0.01524	0.01307	0.05298	0.10699	0.01822	0.01247	0.00996	0.32880	0.04770	0.02450	0.01164	0.01283	0.00877	0.00546	0.00493	0.00137	0.00548	0.00430	0.00412	0.31120
17	0.07136	0.00976	0.01271	0.24816	0.01937	0.03727	0.01015	0.03332	0.05112	0.03996	0.01301	0.07313	0.01132	0.00971	0.05802	0.00231	0.17067	0.00562	0.11703	0.00603
18	0.04266	0.09701	0.02024	0.01872	0.17835	0.39409	0.11355	0.01913	0.01361	0.01514	0.00902	0.01121	0.00750	0.00533	0.00545	0.00153	0.03356	0.00416	0.00274	0.00699
19	0.22290	0.01193	0.01497	0.12322	0.22355	0.01329	0.01126	0.11295	0.17391	0.02212	0.01242	0.01389	0.00956	0.00575	0.00494	0.00171	0.00550	0.00466	0.00379	0.00768
20	0.01229	0.00768	0.00944	0.00840	0.00959	0.00813	0.00605	0.21097	0.01227	0.01641	0.01164	0.01856	0.01101	0.13679	0.01798	0.48461	0.00516	0.00527	0.00335	0.00439
21	0.01387	0.01121	0.01268	0.00929	0.01400	0.00989	0.00752	0.21566	0.01520	0.02228	0.01061	0.01179	0.00840	0.00472	0.00442	0.00103	0.00457	0.00369	0.00383	0.61533
22	0.01141	0.13012	0.68239	0.01473	0.02235	0.01382	0.01874	0.01714	0.01145	0.01669	0.00950	0.01115	0.00692	0.00511	0.00496	0.00165	0.00777	0.00388	0.00231	0.00792
23	0.00721	0.00498	0.00616	0.00687	0.00705	0.00480	0.00429	0.00774	0.00934	0.01245	0.02441	0.46777	0.02894	0.36387	0.01607	0.00356	0.00409	0.01218	0.00429	0.00394
24	0.00721	0.00498	0.00616	0.00687	0.00705	0.00480	0.00429	0.00774	0.00934	0.01245	0.02441	0.46777	0.02894	0.36387	0.01607	0.00356	0.00409	0.01218	0.00429	0.00394
25	0.01351	0.22074	0.05678	0.01104	0.01463	0.01506	0.00988	0.10896	0.01228	0.01730	0.00889	0.01105	0.00764	0.00607	0.00790	0.00148	0.22101	0.00382	0.00300	0.24896
26	0.01082	0.00839	0.01166	0.01431	0.21718	0.00819	0.00848	0.05417	0.01247	0.07208	0.02891	0.03129	0.28931	0.09126	0.11442	0.00303	0.00595	0.00776	0.00410	0.00622
27	0.00668	0.00513	0.00615	0.00693	0.00788	0.00459	0.00491	0.00788	0.01132	0.01436	0.03966	0.47561	0.31875	0.01571	0.00679	0.00209	0.00311	0.05286	0.00506	0.00453
28	0.00689	0.00513	0.00642	0.00696	0.00786	0.00466	0.00489	0.00837	0.01221	0.01625	0.23692	0.44133	0.19258	0.01479	0.00671	0.00200	0.00292	0.01314	0.00532	0.00466
29	0.11784	0.01579	0.05462	0.11845	0.01813	0.22276	0.01043	0.07674	0.16917	0.06394	0.01404	0.01717	0.01124	0.00670	0.00521	0.00172	0.00661	0.05837	0.00396	0.00711
30	0.01166	0.01159	0.01015	0.01050	0.01204	0.21848	0.00817	0.01437	0.06798	0.01529	0.02316	0.25984	0.02503	0.01251	0.00651	0.00208	0.00574	0.27499	0.00447	0.00547
31	0.00878	0.00593	0.00717	0.00677	0.00854	0.00525	0.00522	0.01085	0.01411	0.08666	0.38288	0.04449	0.32772	0.01201	0.00641	0.00181	0.00297	0.05149	0.00565	0.00530
32	0.01261	0.16098	0.08651	0.01168	0.01554	0.09727	0.11052	0.05664	0.12869	0.01713	0.02384	0.02383	0.21688	0.00781	0.00543	0.00165	0.00587	0.00650	0.00384	0.00679
33	0.01591	0.06728	0.33748	0.01359	0.01941	0.07997	0.01429	0.31623	0.01752	0.02361	0.01088	0.01184	0.00792	0.00570	0.00513	0.00160	0.00711	0.00425	0.00365	0.03663
34	0.01761	0.01667	0.01720	0.01827	0.22252	0.27834	0.04892	0.05802	0.01452	0.13386	0.01147	0.01277	0.00877	0.00538	0.00513	0.00146	0.00715	0.00436	0.00357	0.11399
35	0.01692	0.20622	0.05005	0.01444	0.09634	0.22546	0.03577	0.08301	0.12974	0.07341	0.01203	0.01272	0.00937	0.00569	0.00488	0.00151	0.00688	0.00430	0.00360	0.00765

[dist]
# distance from previous block
# <min> <max>
0	46

[block]
# block no. 5 follows, 44 sequences, length 25
# corresponding to MSA columns:
# 1020-1044
name=unknown_F
#
# <colnr> <probs for GDERKNQSTAVLIFYWHMCP>
#	G	D	E	R	K	N	Q	S	T	A	V	L	I	F	Y	W	H	M	C	P
0	0.01252	0.00808	0.01092	0.01156	0.11902	0.00756	0.00752	0.01485	0.03715	0.17812	0.13063	0.11616	0.11013	0.09412	0.00847	0.00208	0.02717	0.00791	0.00478	0.09125
1	0.01145	0.04142	0.15089	0.01041	0.01353	0.12049	0.02160	0.03989	0.01285	0.04221	0.14266	0.02412	0.11769	0.01512	0.17146	0.00316	0.02059	0.00641	0.02794	0.00611
2	0.01441	0.01153	0.03729	0.01230	0.01563	0.01175	0.11401	0.14549	0.17349	0.10773	0.01557	0.01802	0.01228	0.06477	0.12474	0.00302	0.05134	0.00566	0.00433	0.05664
3	0.13097	0.01025	0.01446	0.14342	0.30022	0.01107	0.01127	0.01661	0.09142	0.01921	0.01268	0.01521	0.01003	0.00558	0.00479	0.00161	0.00520	0.00477	0.18416	0.00706
4	0.01105	0.01026	0.01667	0.50122	0.21411	0.01172	0.01425	0.04001	0.01194	0.01568	0.01457	0.01808	0.08533	0.00619	0.00554	0.00176	0.00657	0.00553	0.00286	0.00665
5	0.10388	0.01714	0.01460	0.01197	0.01562	0.22754	0.00957	0.43513	0.02033	0.02674	0.01152	0.01219	0.00859	0.00613	0.00500	0.00156	0.00667	0.00434	0.05361	0.00787
6	0.02219	0.01291	0.01490	0.01142	0.01573	0.01341	0.00944	0.46912	0.02169	0.32703	0.01640	0.01524	0.01093	0.00662	0.00547	0.00166	0.00546	0.00513	0.00596	0.00927
7	0.00845	0.00656	0.00804	0.00857	0.00963	0.00691	0.00611	0.01304	0.19484	0.01596	0.02656	0.53329	0.02903	0.01713	0.08579	0.00279	0.00461	0.01223	0.00496	0.00550
8	0.01109	0.00902	0.01054	0.01090	0.07418	0.00971	0.00771	0.01955	0.36251	0.02071	0.16134	0.02947	0.10299	0.00892	0.00574	0.00179	0.00388	0.05307	0.08989	0.00698
9	0.01228	0.00619	0.00685	0.00637	0.00811	0.00609	0.00487	0.05779	0.01271	0.11863	0.01924	0.09932	0.01588	0.00750	0.00444	0.00144	0.00308	0.00618	0.59723	0.00581
10	0.00673	0.00481	0.00641	0.00753	0.00793	0.00449	0.00507	0.00781	0.01085	0.01457	0.09130	0.74172	0.03733	0.01659	0.00691	0.00217	0.00311	0.01503	0.00514	0.00449
11	0.21135	0.01173	0.01420	0.03863	0.01583	0.01224	0.07003	0.24678	0.01669	0.25921	0.01429	0.01424	0.00981	0.00606	0.00501	0.00167	0.00536	0.00476	0.03403	0.00808
12	0.00779	0.00584	0.00876	0.00876	0.00974	0.00681	0.00681	0.00974	0.00876	0.01266	0.01460	0.02142	0.01363	0.04089	0.78680	0.00876	0.01460	0.00584	0.00292	0.00487
13	0.00685	0.00483	0.00626	0.00732	0.00759	0.00457	0.00477	0.00765	0.01003	0.01337	0.02793	0.67851	0.03339	0.14705	0.01037	0.00272	0.00351	0.01426	0.00477	0.00424
14	0.00993	0.00750	0.00781	0.00746	0.00948	0.00782	0.00566	0.01646	0.27248	0.01900	0.03203	0.07979	0.25821	0.00977	0.00545	0.00171	0.00326	0.00816	0.23190	0.00612
15	0.01093	0.02820	0.78016	0.01554	0.02360	0.01266	0.02014	0.01727	0.01151	0.01727	0.00978	0.01151	0.00691	0.00518	0.00518	0.00173	0.00806	0.00403	0.00230	0.00806
16	0.01406	0.70009	0.13562	0.01021	0.01536	0.02030	0.01087	0.01646	0.01114	0.01346	0.00789	0.00914	0.00698	0.00474	0.00374	0.00125	0.00615	0.00307	0.00233	0.00715
17	0.00935	0.00746	0.00906	0.00856	0.00989	0.00795	0.00651	0.10581	0.01341	0.01795	0.15254	0.27973	0.21117	0.01287	0.00811	0.00199	0.11661	0.01070	0.00489	0.00543
18	0.02055	0.01195	0.01667	0.05750	0.07366	0.01190	0.08557	0.24634	0.01788	0.37584	0.01639	0.01590	0.01097	0.00626	0.00556	0.00169	0.00580	0.00532	0.00541	0.00885
19	0.09982	0.32264	0.01953	0.01066	0.01446	0.09790	0.05027	0.12533	0.04007	0.04457	0.01294	0.03404	0.04557	0.00814	0.05061	0.00190	0.00651	0.00458	0.00347	0.00700
20	0.00726	0.00567	0.00663	0.00681	0.00813	0.00522	0.00494	0.00966	0.05696	0.01687	0.23678	0.26844	0.31937	0.01368	0.00654	0.00192	0.00292	0.01193	0.00534	0.00493
21	0.00901	0.00842	0.10706	0.00799	0.01000	0.00668	0.00714	0.01175	0.01096	0.01715	0.12298	0.02301	0.01848	0.04714	0.27653	0.00413	0.00754	0.00599	0.29270	0.00534
22	0.01405	0.02350	0.35104	0.01420	0.01912	0.30142	0.03921	0.01781	0.01261	0.01510	0.01005	0.01250	0.00802	0.01078	0.12446	0.00268	0.00976	0.00419	0.00260	0.00690
23	0.01418	0.04807	0.46826	0.01529	0.02149	0.22516	0.06283	0.05184	0.01330	0.01685	0.00958	0.01124	0.00713	0.00531	0.00515	0.00163	0.00846	0.00405	0.00261	0.00756
24	0.01381	0.01180	0.01735	0.01472	0.06401	0.01275	0.16391	0.19741	0.12227	0.02165	0.11095	0.01829	0.01532	0.00834	0.00879	0.08706	0.09426	0.00601	0.00415	0.00714

[dist]
# distance from previous block
# <min> <max>
1	4

[block]
# block no. 6 follows, 44 sequences, length 24
# corresponding to MSA columns:
# 1049-1072
name=unknown_G
#
# <colnr> <probs for GDERKNQSTAVLIFYWHMCP>
#	G	D	E	R	K	N	Q	S	T	A	V	L	I	F	Y	W	H	M	C	P
0	0.01394	0.01037	0.01424	0.12197	0.18396	0.01084	0.01051	0.12457	0.10459	0.11729	0.13890	0.02296	0.08714	0.00755	0.00570	0.00172	0.00506	0.00651	0.00466	0.00753
1	0.01396	0.17886	0.03314	0.01045	0.01337	0.10036	0.03789	0.04675	0.01272	0.12891	0.05110	0.07342	0.01574	0.01521	0.17783	0.00322	0.00784	0.06885	0.00391	0.00649
2	0.00813	0.00551	0.00694	0.00700	0.00809	0.00511	0.00499	0.00969	0.01231	0.05701	0.27861	0.25789	0.15210	0.10908	0.05001	0.00267	0.00383	0.01105	0.00514	0.00484
3	0.00720	0.00516	0.00649	0.00733	0.00787	0.00489	0.00508	0.00820	0.01040	0.01360	0.02993	0.44727	0.11624	0.19111	0.01157	0.00289	0.00384	0.11199	0.00467	0.00428
4	0.01741	0.08262	0.01585	0.01170	0.01560	0.01601	0.00960	0.41028	0.31099	0.02802	0.01614	0.01553	0.01193	0.00671	0.00532	0.00168	0.00533	0.00522	0.00522	0.00883
5	0.01314	0.18951	0.17098	0.05991	0.17235	0.03856	0.17770	0.01797	0.07697	0.01664	0.01070	0.01288	0.00844	0.00509	0.00517	0.00161	0.00720	0.00470	0.00279	0.00768
6	0.01458	0.14626	0.11939	0.01004	0.01459	0.01144	0.00939	0.06508	0.07826	0.15671	0.06789	0.04142	0.01356	0.00618	0.00485	0.00141	0.00501	0.00493	0.00419	0.22483
7	0.01311	0.22673	0.16795	0.01364	0.01793	0.12045	0.13563	0.01606	0.01187	0.01478	0.01410	0.01584	0.09495	0.00655	0.00667	0.00165	0.10752	0.00502	0.00278	0.00676
8	0.01103	0.00790	0.00989	0.01102	0.11366	0.00798	0.00714	0.13751	0.01430	0.02064	0.10864	0.19647	0.08706	0.00974	0.00553	0.00169	0.00382	0.00843	0.23144	0.00610
9	0.12999	0.35453	0.08594	0.01125	0.01537	0.29227	0.01022	0.01831	0.01243	0.01498	0.00807	0.00939	0.00685	0.00510	0.00413	0.00137	0.00723	0.00323	0.00264	0.00670
10	0.01144	0.01164	0.01442	0.25875	0.02151	0.15110	0.09534	0.03615	0.01224	0.01485	0.01699	0.29604	0.01769	0.00957	0.00600	0.00188	0.00645	0.00859	0.00357	0.00577
11	0.00668	0.00529	0.00601	0.00634	0.00764	0.00462	0.00456	0.00809	0.01223	0.01545	0.14532	0.28176	0.44785	0.01445	0.00660	0.00194	0.00286	0.01251	0.00519	0.00462
12	0.00664	0.00474	0.00633	0.00759	0.00791	0.00443	0.00506	0.00759	0.01044	0.01392	0.03005	0.80485	0.03606	0.01708	0.00696	0.00221	0.00316	0.01550	0.00506	0.00443
13	0.01434	0.01202	0.01279	0.01103	0.01444	0.01347	0.00868	0.12697	0.59864	0.02395	0.01987	0.01857	0.01490	0.00699	0.00540	0.00173	0.00452	0.00574	0.00533	0.08061
14	0.02277	0.01198	0.01433	0.01098	0.01527	0.01203	0.00907	0.35599	0.02013	0.44235	0.01771	0.01609	0.01159	0.00666	0.00547	0.00166	0.00525	0.00522	0.00616	0.00928
15	0.00699	0.00544	0.00636	0.00635	0.00776	0.00480	0.00468	0.00880	0.01339	0.01754	0.34512	0.15040	0.37651	0.01316	0.00651	0.00184	0.00274	0.01138	0.00545	0.00480
16	0.00897	0.00688	0.00780	0.00708	0.00902	0.00653	0.00544	0.11114	0.01559	0.02063	0.37296	0.04179	0.34250	0.01161	0.00630	0.00176	0.00312	0.00986	0.00554	0.00548
17	0.01442	0.01581	0.02229	0.13068	0.32643	0.18380	0.19332	0.01764	0.01299	0.01621	0.00996	0.01312	0.00800	0.00504	0.00555	0.00165	0.00798	0.00494	0.00270	0.00746
18	0.62951	0.01136	0.00973	0.00827	0.01177	0.01296	0.00680	0.17928	0.01298	0.02647	0.00923	0.01027	0.00699	0.00544	0.00385	0.00166	0.00454	0.00347	0.03879	0.00661
19	0.01022	0.00648	0.00860	0.00900	0.01053	0.00627	0.00730	0.01297	0.05220	0.10694	0.10652	0.21581	0.06085	0.01366	0.00690	0.00220	0.00418	0.34841	0.00537	0.00558
20	0.01143	0.00933	0.01053	0.01158	0.10696	0.07773	0.00770	0.03409	0.11417	0.01738	0.01554	0.01949	0.01315	0.06005	0.22705	0.00375	0.00758	0.00543	0.24098	0.00608
21	0.01245	0.31569	0.18640	0.01034	0.01467	0.01335	0.01075	0.01529	0.01193	0.08067	0.01905	0.05511	0.10065	0.00817	0.00516	0.00167	0.00563	0.12271	0.00356	0.00673
22	0.01300	0.09975	0.24822	0.01108	0.01677	0.01161	0.01145	0.09175	0.03616	0.04389	0.01062	0.01180	0.00817	0.00490	0.00457	0.00127	0.00568	0.00378	0.00327	0.36229
23	0.07673	0.45265	0.06171	0.01021	0.01463	0.12231	0.00956	0.01905	0.01243	0.16008	0.01047	0.01092	0.00816	0.00525	0.00415	0.00136	0.00615	0.00355	0.00331	0.00732

[dist]
# distance from previous block
# <min> <max>
0	2

[block]
# block no. 7 follows, 44 sequences, length 40
# corresponding to MSA columns:
# 1075-1098,1133-1148
name=unknown_H
#
# <colnr> <probs for GDERKNQSTAVLIFYWHMCP>
#	G	D	E	R	K	N	Q	S	T	A	V	L	I	F	Y	W	H	M	C	P
0	0.03601	0.07006	0.17453	0.00946	0.01312	0.00941	0.00913	0.07258	0.04073	0.01857	0.13751	0.12549	0.16654	0.00933	0.00560	0.00168	0.00462	0.00779	0.00425	0.08360
1	0.01391	0.11710	0.12761	0.09635	0.02277	0.01407	0.26694	0.14505	0.01440	0.04909	0.01247	0.07254	0.01028	0.00613	0.00562	0.00172	0.00722	0.00587	0.00340	0.00746
2	0.01340	0.00964	0.01087	0.00937	0.01211	0.01001	0.00733	0.21678	0.15543	0.07992	0.14981	0.13482	0.11847	0.00979	0.00592	0.00177	0.00414	0.00827	0.00548	0.03670
3	0.01321	0.01056	0.01579	0.18503	0.22129	0.01209	0.01214	0.05780	0.01207	0.07851	0.01180	0.01491	0.00935	0.00648	0.00782	0.00177	0.17475	0.00493	0.14270	0.00701
4	0.00991	0.00785	0.01180	0.06557	0.25294	0.00785	0.00913	0.01229	0.01191	0.01740	0.09974	0.22934	0.04660	0.00942	0.00562	0.00173	0.00427	0.00848	0.18206	0.00609
5	0.01995	0.00950	0.01214	0.01007	0.01360	0.00909	0.00826	0.07886	0.12040	0.48956	0.02225	0.05518	0.01679	0.00829	0.00581	0.00183	0.00469	0.09909	0.00620	0.00845
6	0.02112	0.01183	0.01271	0.01024	0.01386	0.12153	0.00823	0.10243	0.01664	0.48117	0.12348	0.01980	0.01740	0.00718	0.00553	0.00164	0.00525	0.00575	0.00593	0.00827
7	0.00860	0.00638	0.00804	0.00867	0.00973	0.00650	0.00665	0.01209	0.11506	0.01615	0.08244	0.27882	0.03081	0.11578	0.00958	0.00262	0.00420	0.26778	0.00496	0.00513
8	0.01248	0.01193	0.01991	0.09933	0.57345	0.01210	0.04116	0.01611	0.04266	0.01734	0.01518	0.01778	0.08466	0.00589	0.00555	0.00168	0.00619	0.00563	0.00303	0.00795
9	0.12097	0.00883	0.00965	0.00815	0.01081	0.00913	0.00650	0.18506	0.01599	0.13015	0.20342	0.02203	0.02112	0.00748	0.00502	0.00158	0.00385	0.00601	0.21751	0.00675
10	0.00729	0.00510	0.00657	0.00750	0.00787	0.00492	0.00512	0.00821	0.01007	0.01337	0.02646	0.49528	0.03108	0.22693	0.01256	0.00307	0.00399	0.11581	0.00459	0.00421
11	0.07220	0.00891	0.01589	0.01300	0.01555	0.00936	0.23614	0.01258	0.01006	0.01501	0.01298	0.01842	0.01141	0.02707	0.48873	0.00611	0.01216	0.00581	0.00290	0.00571
12	0.01426	0.01595	0.01437	0.01287	0.01409	0.30732	0.01011	0.01559	0.01109	0.01299	0.00937	0.01396	0.00884	0.05864	0.13297	0.00317	0.33131	0.00464	0.00268	0.00578
13	0.11924	0.00703	0.00846	0.00811	0.01022	0.00666	0.00629	0.01439	0.01224	0.22746	0.02819	0.29474	0.12826	0.01199	0.00608	0.00198	0.00386	0.09342	0.00531	0.00605
14	0.00716	0.00522	0.00677	0.00776	0.00850	0.00490	0.00568	0.00853	0.01125	0.01473	0.06209	0.49237	0.12923	0.04404	0.00773	0.00232	0.00356	0.16855	0.00503	0.00457
15	0.01085	0.00807	0.00922	0.00810	0.01033	0.00798	0.00615	0.16897	0.01394	0.01923	0.05277	0.12608	0.14965	0.10126	0.10197	0.00286	0.00536	0.00783	0.06692	0.12248
16	0.00793	0.00529	0.00595	0.00595	0.00595	0.00529	0.00330	0.00793	0.00793	0.01057	0.01718	0.03568	0.01982	0.80840	0.02775	0.00529	0.00529	0.00793	0.00330	0.00330
17	0.01353	0.00769	0.00907	0.00771	0.01045	0.00701	0.00611	0.09359	0.01522	0.24567	0.14591	0.03642	0.35856	0.01054	0.00605	0.00175	0.00364	0.00876	0.00575	0.00657
18	0.09562	0.20190	0.17166	0.17539	0.10154	0.04549	0.01336	0.01581	0.01112	0.01581	0.00958	0.01335	0.00807	0.00580	0.00572	0.00167	0.06598	0.03262	0.00262	0.00690
19	0.01622	0.01531	0.03710	0.11744	0.13188	0.09980	0.10766	0.28999	0.01709	0.02244	0.01082	0.01304	0.00829	0.00606	0.00668	0.00173	0.08202	0.00490	0.00366	0.00786
20	0.01877	0.02334	0.01423	0.01301	0.01546	0.68662	0.00961	0.02000	0.01449	0.01299	0.00955	0.01314	0.00866	0.10827	0.00784	0.00190	0.00925	0.00408	0.00287	0.00593
21	0.00805	0.00564	0.00696	0.00729	0.00797	0.00552	0.00528	0.00925	0.01064	0.01409	0.12007	0.04550	0.08377	0.40357	0.01722	0.00372	0.00467	0.23231	0.00431	0.00416
22	0.01667	0.03379	0.17936	0.01834	0.22264	0.01241	0.04248	0.15660	0.01536	0.20051	0.01397	0.04012	0.01039	0.00607	0.00543	0.00168	0.00627	0.00521	0.00416	0.00856
23	0.01314	0.01396	0.01092	0.01024	0.01238	0.28187	0.00767	0.01770	0.17427	0.01727	0.17025	0.12449	0.10486	0.00945	0.00578	0.00171	0.00560	0.00774	0.00456	0.00615
24	0.01285	0.16047	0.18521	0.01595	0.05090	0.01391	0.24989	0.04581	0.03911	0.01750	0.01036	0.01245	0.00807	0.00482	0.00511	0.00150	0.00705	0.00460	0.00287	0.15157
25	0.01568	0.04312	0.01323	0.01061	0.01355	0.04027	0.00863	0.24397	0.12212	0.12023	0.16034	0.04217	0.02096	0.00856	0.00647	0.00179	0.05028	0.06516	0.00529	0.00756
26	0.01154	0.12737	0.62802	0.01530	0.02273	0.01388	0.07378	0.01716	0.01156	0.01671	0.00960	0.01140	0.00702	0.00507	0.00506	0.00166	0.00786	0.00407	0.00234	0.00787
27	0.01030	0.00969	0.01635	0.79530	0.03755	0.01211	0.01514	0.01393	0.01090	0.01393	0.00969	0.01453	0.00727	0.00545	0.00545	0.00182	0.00727	0.00484	0.00242	0.00606
28	0.01402	0.39943	0.11409	0.01129	0.01517	0.12349	0.01079	0.01706	0.05520	0.01473	0.06598	0.01270	0.01090	0.00613	0.00608	0.00150	0.10767	0.00408	0.00286	0.00686
29	0.00957	0.00734	0.01089	0.00949	0.01159	0.00704	0.10143	0.01267	0.06340	0.07210	0.20909	0.13944	0.18719	0.01527	0.11521	0.00282	0.00548	0.00942	0.00485	0.00571
30	0.00647	0.00542	0.00563	0.00579	0.00743	0.00458	0.00426	0.00779	0.01217	0.01462	0.05201	0.14867	0.67805	0.01423	0.00651	0.00189	0.00281	0.01202	0.00506	0.00458
31	0.00777	0.00562	0.00695	0.00710	0.00810	0.00532	0.00527	0.00942	0.01223	0.01637	0.28212	0.06467	0.15129	0.22426	0.01234	0.00286	0.00386	0.16500	0.00491	0.00453
32	0.01198	0.07536	0.17544	0.05183	0.18330	0.01279	0.26888	0.01612	0.01261	0.01757	0.10755	0.01668	0.01346	0.00565	0.00570	0.00170	0.00721	0.00573	0.00302	0.00741
33	0.01562	0.00855	0.01061	0.00914	0.01191	0.00838	0.00716	0.04918	0.17505	0.30548	0.20566	0.12468	0.02616	0.00927	0.00592	0.00179	0.00393	0.00796	0.00604	0.00751
34	0.00697	0.00544	0.00633	0.00633	0.00775	0.00479	0.00466	0.00876	0.01333	0.01742	0.33299	0.15144	0.38786	0.01321	0.00651	0.00184	0.00274	0.01141	0.00543	0.00479
35	0.11591	0.00585	0.00576	0.00577	0.00733	0.00583	0.00433	0.01146	0.01139	0.01903	0.05052	0.11004	0.17826	0.00908	0.00474	0.00156	0.00287	0.00745	0.43781	0.00502
36	0.01295	0.18662	0.22173	0.14282	0.02029	0.05818	0.01291	0.07194	0.05193	0.03766	0.01112	0.01349	0.00880	0.01039	0.11410	0.00259	0.00802	0.00437	0.00297	0.00711
37	0.19363	0.01491	0.01240	0.14164	0.01736	0.28476	0.00924	0.01790	0.01270	0.11369	0.01311	0.12098	0.01165	0.00719	0.00503	0.00168	0.00662	0.00552	0.00368	0.00631
38	0.01166	0.00739	0.00783	0.00728	0.00912	0.00783	0.00556	0.11819	0.11832	0.02181	0.01931	0.11963	0.01651	0.00790	0.00469	0.00152	0.00335	0.00654	0.49947	0.00608
39	0.16277	0.01339	0.01612	0.01929	0.31244	0.11070	0.01151	0.05871	0.01376	0.21128	0.01255	0.01347	0.00921	0.00556	0.00501	0.00162	0.00602	0.00451	0.00400	0.00806

[dist]
# distance from previous block
# <min> <max>
3	6

[block]
# block no. 8 follows, 44 sequences, length 38
# corresponding to MSA columns:
# 1155-1192
name=unknown_I
#
# <colnr> <probs for GDERKNQSTAVLIFYWHMCP>
#	G	D	E	R	K	N	Q	S	T	A	V	L	I	F	Y	W	H	M	C	P
0	0.01157	0.01276	0.11935	0.01220	0.01615	0.02892	0.14906	0.10521	0.03580	0.02818	0.04614	0.14577	0.12945	0.00856	0.00581	0.00169	0.00558	0.00769	0.00405	0.12605
1	0.01460	0.20783	0.16423	0.01139	0.01575	0.03680	0.03250	0.07328	0.13010	0.12472	0.01584	0.12186	0.01357	0.00734	0.00516	0.00166	0.00572	0.00598	0.00408	0.00758
2	0.00741	0.00539	0.00698	0.00695	0.00805	0.00496	0.00507	0.00956	0.01417	0.01972	0.56857	0.20965	0.08796	0.01260	0.00655	0.00183	0.00271	0.01119	0.00574	0.00496
3	0.01355	0.01259	0.02521	0.24419	0.02932	0.01260	0.44980	0.01756	0.01264	0.10961	0.01193	0.01513	0.00862	0.00511	0.00603	0.00181	0.00808	0.00586	0.00315	0.00721
4	0.01205	0.00879	0.01107	0.01170	0.10456	0.00894	0.00801	0.01829	0.23847	0.11104	0.20715	0.03171	0.14351	0.00938	0.00599	0.00181	0.00400	0.05118	0.00534	0.00702
5	0.02350	0.01099	0.01321	0.01030	0.01442	0.05545	0.00843	0.10481	0.03864	0.63054	0.01984	0.01750	0.01275	0.00668	0.00545	0.00167	0.00508	0.00532	0.00634	0.00908
6	0.02433	0.00949	0.01279	0.00980	0.01402	0.00833	0.00810	0.05291	0.01597	0.75132	0.02120	0.01836	0.01334	0.00674	0.00548	0.00169	0.00469	0.00546	0.00670	0.00928
7	0.00954	0.00797	0.00858	0.00841	0.00921	0.09979	0.00603	0.01035	0.00913	0.01177	0.01395	0.02341	0.01405	0.24784	0.38761	0.10889	0.01022	0.00601	0.00295	0.00430
8	0.01218	0.29607	0.52319	0.01342	0.02031	0.01571	0.01645	0.01694	0.01136	0.01575	0.00903	0.01056	0.00694	0.00500	0.00460	0.00153	0.00730	0.00365	0.00231	0.00769
9	0.01036	0.00577	0.00614	0.00584	0.00729	0.00580	0.00444	0.05651	0.01298	0.02143	0.15005	0.02348	0.02028	0.00721	0.00437	0.00137	0.00275	0.00591	0.64267	0.00534
10	0.00664	0.00474	0.00633	0.00759	0.00791	0.00443	0.00506	0.00759	0.01044	0.01392	0.03005	0.80485	0.03606	0.01708	0.00696	0.00221	0.00316	0.01550	0.00506	0.00443
11	0.00745	0.00553	0.00672	0.00644	0.00770	0.00504	0.00469	0.00943	0.01382	0.01885	0.51514	0.04279	0.21257	0.10940	0.00904	0.00218	0.00295	0.01000	0.00546	0.00479
12	0.01599	0.01750	0.02425	0.02065	0.12594	0.21656	0.35689	0.11953	0.01523	0.01874	0.01052	0.01304	0.00813	0.00517	0.00576	0.00167	0.00855	0.00524	0.00313	0.00752
13	0.00714	0.00555	0.00647	0.00693	0.00816	0.00507	0.00511	0.00891	0.03195	0.01513	0.08642	0.26817	0.36380	0.05698	0.00784	0.00221	0.00332	0.10116	0.00503	0.00468
