[name]
unknown

[dist]
# distance from previous block
# <min> <max>
0	61

[block]
# block no. 0 follows, 51 sequences, length 77
# corresponding to MSA columns:
# 62-138
name=unknown_A
#
# <colnr> <probs for GDERKNQSTAVLIFYWHMCP>
#	G	D	E	R	K	N	Q	S	T	A	V	L	I	F	Y	W	H	M	C	P
0	0.00810	0.00587	0.00806	0.00909	0.01029	0.00594	0.00791	0.01087	0.04482	0.01496	0.02576	0.05383	0.02771	0.01328	0.00671	0.00224	0.00450	0.73085	0.00455	0.00467
1	0.05768	0.00940	0.01184	0.00911	0.01291	0.00885	0.00753	0.16201	0.01547	0.62566	0.01746	0.01545	0.01117	0.00598	0.00486	0.00151	0.00439	0.00475	0.00574	0.00823
2	0.01976	0.01040	0.01332	0.01024	0.01407	0.01026	0.04924	0.24965	0.07338	0.47105	0.01666	0.01519	0.01098	0.00597	0.00498	0.00152	0.00475	0.00488	0.00546	0.00823
3	0.00681	0.00585	0.04053	0.00632	0.00779	0.00480	0.00504	0.00898	0.01299	0.01789	0.57433	0.07982	0.18941	0.01057	0.00578	0.00159	0.00259	0.00922	0.00506	0.00462
4	0.01277	0.00933	0.01159	0.00844	0.01271	0.00769	0.03970	0.08368	0.01199	0.13329	0.01064	0.01143	0.00811	0.00423	0.00404	0.00095	0.00408	0.00347	0.00354	0.61830
5	0.04608	0.00682	0.00804	0.00773	0.00950	0.00702	0.00607	0.01432	0.20314	0.06685	0.26554	0.10183	0.09191	0.00998	0.00564	0.00174	0.00331	0.13396	0.00496	0.00556
6	0.01897	0.01374	0.05610	0.01094	0.01494	0.06281	0.00933	0.51628	0.01975	0.20726	0.01314	0.01268	0.00900	0.00582	0.00488	0.00148	0.00544	0.00442	0.00488	0.00813
7	0.01251	0.01912	0.42520	0.01504	0.05375	0.01188	0.16099	0.14434	0.01301	0.06689	0.01033	0.01178	0.00737	0.00487	0.00493	0.00155	0.00681	0.00431	0.01797	0.00737
8	0.00667	0.00451	0.00589	0.00678	0.00732	0.00414	0.00461	0.00760	0.00975	0.04659	0.02852	0.72864	0.09109	0.01476	0.00618	0.00195	0.00288	0.01330	0.00463	0.00419
9	0.05166	0.01062	0.01187	0.00912	0.01302	0.01043	0.00741	0.27333	0.10839	0.12901	0.01249	0.01251	0.00915	0.00514	0.00438	0.00123	0.00434	0.00400	0.00427	0.31761
10	0.01161	0.13274	0.34868	0.01495	0.14257	0.01197	0.05680	0.01614	0.05945	0.05675	0.00992	0.01129	0.00753	0.00462	0.00448	0.00139	0.00605	0.00385	0.00264	0.09657
11	0.05868	0.01298	0.19193	0.00929	0.01267	0.08472	0.02982	0.08403	0.01223	0.10550	0.06166	0.01601	0.01196	0.04966	0.00547	0.00158	0.00494	0.00459	0.23620	0.00608
12	0.01098	0.01708	0.28081	0.01803	0.02344	0.01226	0.48192	0.01544	0.01094	0.01544	0.00936	0.01216	0.00699	0.00459	0.00608	0.00166	0.05876	0.00500	0.00233	0.00676
13	0.01006	0.00933	0.01555	0.38121	0.33120	0.01026	0.01283	0.01305	0.01099	0.01503	0.12922	0.01635	0.01314	0.00549	0.00503	0.00155	0.00562	0.00506	0.00278	0.00625
14	0.01154	0.09986	0.12636	0.01858	0.02376	0.01303	0.60243	0.01561	0.01128	0.01528	0.00948	0.01233	0.00718	0.00422	0.00538	0.00158	0.00784	0.00520	0.00239	0.00667
15	0.00986	0.02542	0.80183	0.01401	0.02127	0.01141	0.01816	0.01556	0.01038	0.01556	0.00882	0.01038	0.00623	0.00467	0.00467	0.00156	0.00726	0.00363	0.00208	0.00726
16	0.00599	0.00428	0.00570	0.00684	0.00713	0.00399	0.00456	0.00684	0.00941	0.01254	0.02709	0.82409	0.03250	0.01540	0.00627	0.00200	0.00285	0.01397	0.00456	0.00399
17	0.00641	0.00468	0.00613	0.00714	0.00778	0.00440	0.00524	0.00764	0.01006	0.01313	0.02951	0.55393	0.12140	0.01463	0.00634	0.00202	0.00320	0.18767	0.00455	0.00413
18	0.00916	0.00458	0.00458	0.00458	0.00573	0.00458	0.00344	0.01145	0.01031	0.01832	0.01603	0.01832	0.01260	0.00573	0.00344	0.00115	0.00229	0.00458	0.85457	0.00458
19	0.01165	0.00947	0.01029	0.00905	0.01157	0.01050	0.00707	0.13671	0.45062	0.02155	0.19648	0.02315	0.06531	0.00765	0.00521	0.00161	0.00369	0.00641	0.00506	0.00695
20	0.00702	0.00527	0.00790	0.00790	0.00878	0.00614	0.00614	0.00878	0.00790	0.01141	0.01316	0.01931	0.01229	0.03686	0.80782	0.00790	0.01316	0.00527	0.00263	0.00439
21	0.02127	0.00960	0.01217	0.00933	0.01316	0.00907	0.00771	0.19780	0.01614	0.62325	0.01764	0.01559	0.01129	0.00604	0.00494	0.00151	0.00446	0.00482	0.00581	0.00836
22	0.01984	0.01049	0.01254	0.00967	0.01339	0.01052	0.00797	0.34741	0.01786	0.42873	0.04231	0.01532	0.01170	0.00613	0.00493	0.00149	0.00461	0.00485	0.02206	0.00816
23	0.00599	0.00428	0.00570	0.00684	0.00713	0.00399	0.00456	0.00684	0.00941	0.01254	0.02709	0.82409	0.03250	0.01540	0.00627	0.00200	0.00285	0.01397	0.00456	0.00399
24	0.00624	0.00514	0.00550	0.00546	0.00700	0.00450	0.00407	0.00808	0.03788	0.01461	0.17814	0.08608	0.59611	0.01199	0.00580	0.00166	0.00253	0.01014	0.00473	0.00435
25	0.00599	0.00428	0.00570	0.00684	0.00713	0.00399	0.00456	0.00684	0.00941	0.01254	0.02709	0.82409	0.03250	0.01540	0.00627	0.00200	0.00285	0.01397	0.00456	0.00399
26	0.01355	0.01031	0.01261	0.01059	0.01251	0.02909	0.00863	0.26634	0.01349	0.08911	0.01128	0.01417	0.00929	0.03084	0.21025	0.00335	0.24003	0.00467	0.00357	0.00634
27	0.01224	0.61023	0.23791	0.00994	0.01498	0.01725	0.01107	0.01495	0.01009	0.01266	0.00738	0.00856	0.00628	0.00433	0.00357	0.00119	0.00580	0.00290	0.00209	0.00657
28	0.08783	0.24473	0.51709	0.01179	0.01783	0.01358	0.01432	0.01523	0.01009	0.01505	0.00810	0.00948	0.00617	0.00453	0.00411	0.00141	0.00640	0.00327	0.00217	0.00682
29	0.40301	0.06385	0.05581	0.01542	0.27172	0.08586	0.00983	0.01521	0.01003	0.01813	0.00781	0.00957	0.00634	0.00453	0.00387	0.00145	0.00522	0.00333	0.00268	0.00634
30	0.00705	0.00506	0.00688	0.00785	0.00868	0.00490	0.00625	0.00876	0.01083	0.01431	0.09655	0.34131	0.05288	0.01391	0.00648	0.00208	0.00364	0.39363	0.00462	0.00432
31	0.01336	0.27402	0.22015	0.01047	0.01541	0.01425	0.01078	0.22386	0.01370	0.01858	0.00899	0.00995	0.00700	0.00470	0.00410	0.00125	0.00557	0.00342	0.00299	0.13747
32	0.00611	0.00499	0.00540	0.00530	0.00682	0.00428	0.00397	0.00764	0.01192	0.01497	0.24637	0.04450	0.59699	0.01181	0.00580	0.00163	0.00244	0.00998	0.00479	0.00428
33	0.01447	0.01214	0.01235	0.01052	0.01364	0.05087	0.00833	0.25418	0.51949	0.02331	0.01693	0.01591	0.01258	0.00636	0.00495	0.00159	0.00458	0.00510	0.00486	0.00785
34	0.01876	0.01197	0.01520	0.01285	0.07992	0.05681	0.08375	0.30154	0.01692	0.32976	0.01415	0.01374	0.00960	0.00563	0.00498	0.00150	0.00544	0.00469	0.00480	0.00799
35	0.01067	0.22589	0.60852	0.01261	0.01911	0.01341	0.01573	0.01535	0.01028	0.01457	0.00832	0.00975	0.00625	0.00455	0.00429	0.00143	0.00676	0.00338	0.00208	0.00702
36	0.01789	0.02236	0.01402	0.01264	0.01505	0.73609	0.00957	0.04003	0.01378	0.01254	0.00764	0.00906	0.00639	0.00531	0.00518	0.00133	0.05954	0.00327	0.00257	0.00575
37	0.00581	0.00498	0.00498	0.00498	0.00664	0.00415	0.00373	0.00705	0.01120	0.01328	0.04978	0.04729	0.79464	0.01245	0.00581	0.00166	0.00249	0.01037	0.00456	0.00415
38	0.01016	0.01003	0.02928	0.01476	0.14762	0.05167	0.18706	0.03028	0.09259	0.01633	0.14383	0.19284	0.03573	0.00811	0.00555	0.00165	0.00509	0.00768	0.00376	0.00600
39	0.01216	0.01168	0.01995	0.03016	0.79664	0.01168	0.01508	0.01508	0.01119	0.01605	0.00924	0.01216	0.00778	0.00438	0.00487	0.00146	0.00584	0.00438	0.00243	0.00778
40	0.00602	0.00438	0.00568	0.00664	0.00709	0.00404	0.00449	0.00699	0.00981	0.01299	0.07024	0.71163	0.10218	0.01484	0.00620	0.00194	0.00279	0.01337	0.00461	0.00404
41	0.00617	0.00495	0.00551	0.00545	0.00688	0.00429	0.00406	0.00773	0.01194	0.01523	0.27915	0.08564	0.52198	0.01186	0.00583	0.00164	0.00246	0.01010	0.00483	0.00429
42	0.01473	0.01285	0.01617	0.01962	0.37127	0.09256	0.01154	0.18635	0.12701	0.06609	0.02559	0.01335	0.00975	0.00532	0.00487	0.00148	0.00561	0.00455	0.00363	0.00768
43	0.01944	0.01072	0.01365	0.01358	0.16916	0.06840	0.00918	0.10342	0.01446	0.50249	0.01567	0.01470	0.01045	0.00565	0.00489	0.00148	0.00499	0.00464	0.00497	0.00805
44	0.01893	0.01049	0.01243	0.00965	0.01324	0.01063	0.00792	0.36900	0.01819	0.36636	0.09656	0.01655	0.01398	0.00641	0.00502	0.00150	0.00455	0.00512	0.00548	0.00797
45	0.47587	0.03740	0.01148	0.01166	0.12327	0.23864	0.00799	0.01602	0.01040	0.01803	0.00740	0.00883	0.00599	0.00467	0.00370	0.00143	0.00558	0.00305	0.00278	0.00581
46	0.26058	0.01429	0.01065	0.00933	0.01215	0.32428	0.00728	0.01791	0.01228	0.18346	0.07036	0.01349	0.03299	0.00572	0.00428	0.00143	0.00573	0.00404	0.00371	0.00603
47	0.01434	0.11584	0.01495	0.01232	0.09271	0.05893	0.00909	0.21658	0.37104	0.02115	0.01444	0.01418	0.01098	0.00584	0.00470	0.00150	0.00493	0.00464	0.00421	0.00762
48	0.00691	0.00505	0.00651	0.00623	0.00742	0.00465	0.00473	0.00914	0.01357	0.01896	0.69881	0.03844	0.10391	0.01040	0.00584	0.00159	0.00244	0.04549	0.00530	0.00459
49	0.00920	0.01684	0.40603	0.01359	0.01842	0.00962	0.18979	0.01322	0.01039	0.01478	0.01407	0.23349	0.01369	0.00748	0.00537	0.00170	0.00629	0.00696	0.00285	0.00622
50	0.01061	0.00891	0.01031	0.00743	0.01171	0.00696	0.00596	0.05226	0.01086	0.01684	0.00904	0.01044	0.00744	0.00380	0.00370	0.00078	0.00370	0.00302	0.02011	0.79611
51	0.00705	0.00515	0.00731	0.00731	0.00799	0.00582	0.00541	0.00840	0.00772	0.01097	0.01370	0.02227	0.01357	0.21908	0.62736	0.00718	0.01123	0.00570	0.00271	0.00406
52	0.00782	0.00602	0.00804	0.09197	0.01140	0.00641	0.00679	0.01093	0.10807	0.01381	0.02207	0.30573	0.02384	0.08748	0.05808	0.00261	0.00464	0.21550	0.00410	0.00470
53	0.01019	0.00873	0.01019	0.00728	0.01165	0.00655	0.00582	0.01237	0.01019	0.01601	0.00873	0.01019	0.00728	0.00364	0.00364	0.00073	0.00364	0.00291	0.00291	0.85734
54	0.28241	0.00742	0.00807	0.00834	0.01026	0.00806	0.00711	0.02928	0.06712	0.01784	0.01912	0.03658	0.01952	0.01002	0.00542	0.00196	0.00427	0.44801	0.00409	0.00510
55	0.00599	0.00428	0.00570	0.00684	0.00713	0.00399	0.00456	0.00684	0.00941	0.01254	0.02709	0.82409	0.03250	0.01540	0.00627	0.00200	0.00285	0.01397	0.00456	0.00399
56	0.00715	0.00476	0.00536	0.00536	0.00536	0.00476	0.00298	0.00715	0.00715	0.00953	0.01548	0.03216	0.01787	0.82729	0.02501	0.00476	0.00476	0.00715	0.00298	0.00298
57	0.01872	0.01303	0.22749	0.01018	0.01493	0.00837	0.01021	0.02166	0.01306	0.58558	0.01650	0.01499	0.01054	0.00570	0.00487	0.00153	0.00502	0.00458	0.00499	0.00806
58	0.01069	0.01050	0.01883	0.40660	0.31151	0.01143	0.13137	0.01397	0.01060	0.01432	0.00911	0.01278	0.00714	0.00460	0.00503	0.00158	0.00656	0.00459	0.00232	0.00649
59	0.02169	0.00844	0.01139	0.00879	0.01255	0.00741	0.00724	0.02403	0.04263	0.77126	0.01941	0.01679	0.01227	0.00610	0.00494	0.00153	0.00417	0.00496	0.00604	0.00834
60	0.00599	0.00428	0.00570	0.00684	0.00713	0.00399	0.00456	0.00684	0.00941	0.01254	0.02709	0.82409	0.03250	0.01540	0.00627	0.00200	0.00285	0.01397	0.00456	0.00399
61	0.01317	0.01247	0.05562	0.09451	0.40733	0.01206	0.14097	0.13261	0.01306	0.05514	0.01017	0.01251	0.00784	0.00471	0.00503	0.00152	0.00623	0.00461	0.00296	0.00747
62	0.68238	0.01052	0.02516	0.00740	0.01047	0.04061	0.00613	0.01645	0.12799	0.02131	0.00893	0.00965	0.00686	0.00491	0.00343	0.00153	0.00408	0.00314	0.00330	0.00575
63	0.01154	0.01120	0.01859	0.02279	0.45103	0.01194	0.10603	0.01525	0.08104	0.01594	0.05906	0.01416	0.01059	0.00562	0.00694	0.00162	0.14189	0.00493	0.00281	0.00704
64	0.01518	0.40947	0.02034	0.01249	0.10126	0.28997	0.00959	0.06446	0.01230	0.01344	0.00768	0.00894	0.00661	0.00463	0.00390	0.00120	0.00657	0.00312	0.00246	0.00639
65	0.00616	0.00486	0.00555	0.00565	0.00692	0.00426	0.00413	0.00763	0.01163	0.01492	0.25126	0.18419	0.45079	0.01231	0.00589	0.00169	0.00251	0.01061	0.00480	0.00426
66	0.11819	0.01621	0.25502	0.01170	0.01643	0.05434	0.05924	0.18850	0.07118	0.14452	0.01175	0.01210	0.00826	0.00529	0.00465	0.00153	0.00584	0.00415	0.00373	0.00736
67	0.15729	0.30354	0.15196	0.00990	0.01433	0.01461	0.02627	0.15550	0.03196	0.07890	0.00945	0.01010	0.00720	0.00486	0.00396	0.00136	0.00533	0.00345	0.00316	0.00688
68	0.00601	0.00442	0.00565	0.00662	0.00714	0.00406	0.00453	0.00697	0.00974	0.01272	0.03053	0.68398	0.14912	0.01489	0.00622	0.00195	0.00284	0.03402	0.00456	0.00403
69	0.00638	0.00464	0.00562	0.00605	0.00665	0.00430	0.00405	0.00733	0.00990	0.01307	0.14605	0.37237	0.17286	0.20545	0.01053	0.00252	0.00315	0.01091	0.00432	0.00388
70	0.06427	0.01143	0.01285	0.01001	0.01369	0.01206	0.00821	0.44141	0.05961	0.26990	0.01444	0.01404	0.01000	0.02849	0.00538	0.00159	0.00484	0.00463	0.00513	0.00802
71	0.27219	0.01591	0.01192	0.01020	0.01330	0.32647	0.00804	0.19502	0.01440	0.07631	0.00920	0.00985	0.00692	0.00518	0.00416	0.00141	0.00620	0.00343	0.00349	0.00639
72	0.01140	0.00572	0.00743	0.00686	0.00854	0.00520	0.00518	0.01319	0.01217	0.24331	0.24107	0.24336	0.02751	0.00970	0.00532	0.00160	0.00300	0.00848	0.13544	0.00553
73	0.54088	0.01070	0.00972	0.00805	0.01140	0.02440	0.00663	0.21270	0.01286	0.10808	0.00948	0.00992	0.00686	0.00508	0.00375	0.00150	0.00434	0.00337	0.00384	0.00644
74	0.04052	0.01005	0.01145	0.00920	0.01227	0.01051	0.00745	0.36990	0.04744	0.17779	0.19937	0.03560	0.03208	0.00721	0.00512	0.00152	0.00423	0.00586	0.00520	0.00721
75	0.37219	0.00831	0.00843	0.00713	0.01000	0.00862	0.00578	0.05931	0.01173	0.23975	0.10428	0.01682	0.05497	0.00620	0.00417	0.00150	0.00365	0.00467	0.06632	0.00615
76	0.28405	0.00967	0.01060	0.00845	0.01196	0.00989	0.00696	0.16688	0.01402	0.38472	0.03665	0.01362	0.01029	0.00569	0.00437	0.00151	0.00425	0.00424	0.00488	0.00730

[dist]
# distance from previous block
# <min> <max>
0	1

[block]
# block no. 1 follows, 51 sequences, length 7
# corresponding to MSA columns:
# 140-146
name=unknown_B
#
# <colnr> <probs for GDERKNQSTAVLIFYWHMCP>
#	G	D	E	R	K	N	Q	S	T	A	V	L	I	F	Y	W	H	M	C	P
0	0.10522	0.00836	0.01066	0.00827	0.01193	0.00743	0.00680	0.02135	0.01316	0.61994	0.05248	0.01620	0.01262	0.00590	0.00468	0.00146	0.00401	0.00472	0.00548	0.07934
1	0.01441	0.00912	0.01089	0.00830	0.01196	0.00821	0.00671	0.17122	0.01434	0.21564	0.12846	0.01608	0.01452	0.00566	0.00454	0.00120	0.00394	0.00461	0.00448	0.34570
2	0.01488	0.00887	0.01078	0.00823	0.01188	0.00786	0.00666	0.13640	0.01401	0.27155	0.12594	0.01637	0.01466	0.00571	0.00457	0.00122	0.00390	0.00467	0.00461	0.32725
3	0.10338	0.00879	0.01042	0.00837	0.01157	0.00857	0.00677	0.13060	0.06616	0.34896	0.16782	0.01867	0.01745	0.00655	0.00483	0.00147	0.00390	0.00531	0.00518	0.06524
4	0.07149	0.00915	0.01143	0.00910	0.01225	0.00918	0.00746	0.13183	0.03757	0.46865	0.09596	0.01705	0.01429	0.00660	0.00585	0.00157	0.07266	0.00509	0.00529	0.00752
5	0.16776	0.00833	0.00955	0.00790	0.01097	0.00826	0.00637	0.01999	0.13927	0.37731	0.06829	0.01673	0.01359	0.00606	0.00447	0.00148	0.00373	0.00480	0.09234	0.03281
6	0.10665	0.01096	0.01856	0.01362	0.01791	0.01030	0.33644	0.06634	0.01258	0.25327	0.01244	0.01333	0.00868	0.00483	0.00497	0.00150	0.00592	0.00482	0.00382	0.09306

[dist]
# distance from previous block
# <min> <max>
14	23

[block]
# block no. 2 follows, 51 sequences, length 16
# corresponding to MSA columns:
# 170-185
name=unknown_C
#
# <colnr> <probs for GDERKNQSTAVLIFYWHMCP>
#	G	D	E	R	K	N	Q	S	T	A	V	L	I	F	Y	W	H	M	C	P
0	0.00943	0.01341	0.28227	0.00998	0.03735	0.00780	0.01002	0.01288	0.01155	0.03693	0.25447	0.01877	0.01927	0.00608	0.00474	0.00131	0.00456	0.00512	0.00347	0.25061
1	0.01042	0.02151	0.59898	0.01367	0.06055	0.01082	0.01563	0.04885	0.01095	0.01634	0.00896	0.01050	0.00657	0.00454	0.00453	0.00142	0.00653	0.00359	0.00235	0.14330
2	0.01019	0.01936	0.51989	0.01159	0.01773	0.00963	0.01375	0.01461	0.01045	0.03828	0.01028	0.01157	0.02942	0.00463	0.00440	0.00131	0.00596	0.00365	0.00251	0.26081
3	0.00986	0.02542	0.80183	0.01401	0.02127	0.01141	0.01816	0.01556	0.01038	0.01556	0.00882	0.01038	0.00623	0.00467	0.00467	0.00156	0.00726	0.00363	0.00208	0.00726
4	0.00986	0.02542	0.80183	0.01401	0.02127	0.01141	0.01816	0.01556	0.01038	0.01556	0.00882	0.01038	0.00623	0.00467	0.00467	0.00156	0.00726	0.00363	0.00208	0.00726
5	0.01000	0.06092	0.76760	0.01376	0.02089	0.01177	0.01773	0.01553	0.01036	0.01539	0.00873	0.01027	0.00623	0.00465	0.00460	0.00153	0.00717	0.00359	0.00208	0.00722
6	0.01087	0.27449	0.56166	0.01227	0.01859	0.01390	0.01514	0.01530	0.01025	0.01432	0.00820	0.00960	0.00625	0.00453	0.00420	0.00140	0.00664	0.00332	0.00208	0.00697
7	0.08918	0.57042	0.08657	0.00875	0.01305	0.01624	0.00877	0.01611	0.01047	0.12828	0.00884	0.00939	0.00707	0.00455	0.00353	0.00120	0.00514	0.00305	0.00277	0.00660
8	0.01314	0.83025	0.02575	0.00841	0.01261	0.01945	0.00841	0.01472	0.00999	0.01156	0.00683	0.00788	0.00631	0.00420	0.00315	0.00105	0.00526	0.00263	0.00210	0.00631
9	0.00723	0.00516	0.00713	0.00826	0.00909	0.00506	0.00672	0.00899	0.01063	0.01394	0.02640	0.32966	0.02979	0.01422	0.00660	0.00217	0.00393	0.49614	0.00454	0.00433
10	0.71494	0.01225	0.14436	0.00776	0.01153	0.01109	0.00754	0.01464	0.00871	0.02093	0.00718	0.00840	0.00548	0.00458	0.00332	0.00153	0.00440	0.00283	0.00287	0.00566
11	0.00711	0.00481	0.00557	0.00550	0.00570	0.00474	0.00326	0.00751	0.00831	0.01129	0.14985	0.03294	0.02279	0.68625	0.02170	0.00421	0.00434	0.00745	0.00340	0.00326
12	0.01649	0.01213	0.01319	0.01054	0.01384	0.01330	0.00852	0.64677	0.02074	0.02779	0.01444	0.15199	0.01252	0.00754	0.00515	0.00156	0.00497	0.00607	0.00485	0.00760
13	0.00617	0.00445	0.00608	0.00702	0.00741	0.00436	0.00483	0.00718	0.00915	0.01235	0.02468	0.68519	0.02901	0.01910	0.14461	0.00301	0.00463	0.01247	0.00423	0.00406
14	0.00687	0.00481	0.00528	0.00528	0.00562	0.00464	0.00313	0.00713	0.00797	0.01029	0.02249	0.03525	0.17652	0.66087	0.02109	0.00413	0.00430	0.00781	0.00330	0.00322
15	0.24910	0.46175	0.01816	0.00793	0.01174	0.01501	0.00735	0.01623	0.01024	0.15054	0.00900	0.00944	0.00705	0.00463	0.00343	0.00126	0.00467	0.00304	0.00305	0.00639

[dist]
# distance from previous block
# <min> <max>
0	150

# created by:
# /home/cegg/simao/soft/augustus-3.2.1/scripts/msa2prfl.pl ./align_prep/33614.fa
