[name]
unknown

[dist]
# distance from previous block
# <min> <max>
12	400

[block]
# block no. 0 follows, 45 sequences, length 11
# corresponding to MSA columns:
# 451-461
name=unknown_A
#
# <colnr> <probs for GDERKNQSTAVLIFYWHMCP>
#	G	D	E	R	K	N	Q	S	T	A	V	L	I	F	Y	W	H	M	C	P
0	0.01482	0.75035	0.02708	0.00956	0.01401	0.08380	0.00928	0.01651	0.01126	0.01267	0.00753	0.00870	0.00689	0.00467	0.00356	0.00117	0.00606	0.00292	0.00233	0.00683
1	0.06106	0.08373	0.39870	0.06706	0.08592	0.01217	0.01504	0.01853	0.01207	0.17875	0.01182	0.01280	0.00830	0.00537	0.00497	0.00164	0.00665	0.00425	0.00330	0.00790
2	0.00769	0.00564	0.00805	0.00802	0.00883	0.00635	0.00599	0.00930	0.00885	0.01260	0.05748	0.02468	0.01660	0.17750	0.60876	0.00762	0.01206	0.00634	0.00311	0.00453
3	0.01403	0.74380	0.09609	0.00973	0.01463	0.02045	0.01014	0.01616	0.01095	0.01302	0.00766	0.00886	0.00688	0.00464	0.00359	0.00120	0.00594	0.00297	0.00229	0.00698
4	0.01556	0.22733	0.08959	0.01072	0.01563	0.01220	0.07702	0.01824	0.01236	0.22052	0.01223	0.01269	0.00900	0.00501	0.00453	0.00130	0.00543	0.00405	0.00374	0.24283
5	0.01600	0.49880	0.08932	0.01041	0.01515	0.01822	0.01017	0.16163	0.03783	0.08190	0.01030	0.01084	0.00815	0.00525	0.00419	0.00135	0.00582	0.00366	0.00335	0.00765
6	0.00727	0.00515	0.00654	0.00738	0.00788	0.00494	0.00517	0.00828	0.01016	0.01334	0.02769	0.41024	0.07994	0.22533	0.01231	0.00301	0.00399	0.15267	0.00452	0.00419
7	0.00643	0.00509	0.00579	0.00635	0.00749	0.00445	0.00448	0.00760	0.01136	0.01414	0.04326	0.39076	0.44377	0.01504	0.00657	0.00198	0.00290	0.01309	0.00498	0.00445
8	0.01483	0.74843	0.02705	0.00957	0.01401	0.08568	0.00928	0.01652	0.01127	0.01267	0.00753	0.00870	0.00689	0.00467	0.00356	0.00117	0.00607	0.00292	0.00234	0.00683
9	0.01405	0.74864	0.09144	0.00970	0.01457	0.02050	0.01008	0.01615	0.01094	0.01300	0.00764	0.00884	0.00688	0.00463	0.00358	0.00119	0.00592	0.00296	0.00229	0.00698
10	0.01441	0.04470	0.45424	0.01313	0.01929	0.01202	0.01493	0.04383	0.12871	0.18107	0.01400	0.01411	0.00973	0.00579	0.00518	0.00169	0.00652	0.00459	0.00379	0.00828

[dist]
# distance from previous block
# <min> <max>
4	9

[block]
# block no. 1 follows, 45 sequences, length 18
# corresponding to MSA columns:
# 471-488
name=unknown_B
#
# <colnr> <probs for GDERKNQSTAVLIFYWHMCP>
#	G	D	E	R	K	N	Q	S	T	A	V	L	I	F	Y	W	H	M	C	P
0	0.01518	0.40240	0.12920	0.01145	0.01585	0.21523	0.01090	0.01912	0.10634	0.01460	0.00977	0.01069	0.00807	0.00524	0.00428	0.00137	0.00687	0.00357	0.00281	0.00707
1	0.01120	0.02868	0.08004	0.00842	0.01177	0.00699	0.00727	0.01338	0.01182	0.13051	0.02399	0.19663	0.14684	0.00935	0.00544	0.00155	0.00410	0.03320	0.00436	0.26445
2	0.01229	0.01590	0.20709	0.11853	0.40764	0.01266	0.01612	0.01777	0.10593	0.01755	0.01138	0.01377	0.00890	0.00524	0.00529	0.00167	0.00659	0.00474	0.00288	0.00805
3	0.02208	0.05778	0.01578	0.01116	0.01549	0.00939	0.10140	0.02444	0.01476	0.64062	0.01908	0.01722	0.01227	0.00626	0.00540	0.00165	0.00520	0.00536	0.00590	0.00877
4	0.01068	0.01009	0.01707	0.66749	0.16372	0.01207	0.01518	0.01419	0.01099	0.01437	0.00964	0.01414	0.00739	0.00527	0.00536	0.00176	0.00702	0.00477	0.00243	0.00640
5	0.01187	0.00949	0.01565	0.70024	0.03407	0.01142	0.01403	0.01526	0.01131	0.10931	0.01099	0.01480	0.00792	0.00553	0.00537	0.00177	0.00683	0.00485	0.00292	0.00636
6	0.02066	0.00923	0.01335	0.20341	0.01942	0.00888	0.00961	0.02310	0.01423	0.59289	0.01832	0.01730	0.01178	0.00633	0.00539	0.00169	0.00520	0.00524	0.00560	0.00836
7	0.02408	0.00914	0.01246	0.00955	0.01370	0.00789	0.00789	0.02616	0.01536	0.78158	0.02118	0.01827	0.01329	0.00664	0.00540	0.00166	0.00457	0.00540	0.00664	0.00914
8	0.01138	0.16238	0.65430	0.01425	0.02162	0.01397	0.01801	0.01684	0.01126	0.01625	0.00926	0.01087	0.00682	0.00501	0.00482	0.00161	0.00756	0.00378	0.00227	0.00775
9	0.01097	0.00835	0.01316	0.50571	0.02686	0.00958	0.01153	0.01375	0.01134	0.10937	0.01777	0.15335	0.07015	0.00810	0.00570	0.00184	0.00581	0.00713	0.00355	0.00598
10	0.01649	0.01118	0.01480	0.19568	0.01946	0.06366	0.01096	0.01857	0.01192	0.29770	0.01294	0.01462	0.00937	0.00718	0.00938	0.00190	0.26818	0.00489	0.00398	0.00712
11	0.00692	0.00529	0.00645	0.00722	0.00830	0.00482	0.00543	0.00835	0.01147	0.01451	0.03874	0.36020	0.31517	0.01517	0.00678	0.00210	0.00336	0.17021	0.00497	0.00455
12	0.01290	0.25475	0.11897	0.17509	0.02342	0.01475	0.21817	0.01635	0.01173	0.06146	0.01152	0.01378	0.03366	0.00522	0.00506	0.00158	0.00704	0.00479	0.00278	0.00698
13	0.01097	0.00757	0.01145	0.30098	0.02004	0.00838	0.00974	0.01336	0.01109	0.12175	0.01799	0.07908	0.03208	0.08822	0.11798	0.00319	0.00689	0.12975	0.00379	0.00568
14	0.01064	0.01340	0.15242	0.32912	0.02788	0.01146	0.20450	0.01473	0.01161	0.01558	0.01312	0.02175	0.01141	0.00672	0.00592	0.00190	0.00740	0.13111	0.00289	0.00646
15	0.01280	0.15836	0.19253	0.21557	0.10878	0.01446	0.01420	0.05883	0.01180	0.04943	0.00965	0.01227	0.00755	0.00572	0.00648	0.00169	0.10570	0.00427	0.00273	0.00717
16	0.01268	0.01182	0.01763	0.27175	0.26851	0.05438	0.05505	0.09939	0.01331	0.01757	0.01267	0.06270	0.01126	0.00663	0.00561	0.00176	0.00661	0.06042	0.00319	0.00706
17	0.01299	0.01644	0.23922	0.01560	0.02073	0.01193	0.25726	0.10927	0.03745	0.06835	0.04377	0.03813	0.03046	0.00759	0.03233	0.00201	0.00734	0.03810	0.00359	0.00743

[dist]
# distance from previous block
# <min> <max>
4	12

[block]
# block no. 2 follows, 45 sequences, length 11
# corresponding to MSA columns:
# 501-511
name=unknown_C
#
# <colnr> <probs for GDERKNQSTAVLIFYWHMCP>
#	G	D	E	R	K	N	Q	S	T	A	V	L	I	F	Y	W	H	M	C	P
0	0.09408	0.01334	0.12671	0.01189	0.01514	0.01234	0.05270	0.17422	0.01413	0.07553	0.08426	0.01937	0.03873	0.03926	0.00876	0.00199	0.16739	0.03927	0.00398	0.00691
1	0.01165	0.01097	0.01717	0.10751	0.34232	0.01257	0.01304	0.01468	0.04077	0.01619	0.08615	0.01635	0.01275	0.00876	0.05212	0.00223	0.21947	0.00535	0.00299	0.00697
2	0.07428	0.01338	0.01715	0.10340	0.08539	0.16901	0.17581	0.01669	0.01205	0.09154	0.01185	0.01594	0.00977	0.08090	0.09707	0.00276	0.00820	0.00516	0.00318	0.00645
3	0.18458	0.14925	0.01974	0.07425	0.21313	0.05660	0.11720	0.01741	0.01180	0.09361	0.01019	0.01210	0.00792	0.00502	0.00472	0.00157	0.00625	0.00428	0.00312	0.00725
4	0.00671	0.00511	0.00581	0.00627	0.00716	0.00461	0.00424	0.00764	0.01061	0.01338	0.03764	0.32626	0.34979	0.17706	0.01080	0.00264	0.00337	0.01206	0.00463	0.00421
5	0.01074	0.00655	0.00844	0.00790	0.00869	0.00693	0.00557	0.09524	0.07688	0.01351	0.01177	0.01829	0.01109	0.09598	0.04475	0.56045	0.00515	0.00516	0.00307	0.00383
6	0.01446	0.01111	0.01721	0.31849	0.20921	0.01207	0.04395	0.08408	0.07374	0.14288	0.01291	0.01505	0.00944	0.00565	0.00541	0.00171	0.00628	0.00505	0.00367	0.00764
7	0.09524	0.01009	0.01561	0.07297	0.18128	0.01053	0.12255	0.01595	0.09612	0.06006	0.01476	0.01905	0.03744	0.10284	0.11946	0.00310	0.00715	0.00572	0.00343	0.00663
8	0.00809	0.00731	0.00709	0.00761	0.00866	0.09432	0.00536	0.00928	0.01163	0.01427	0.07360	0.47148	0.23280	0.01434	0.00646	0.00196	0.00373	0.01255	0.00478	0.00466
9	0.09362	0.01065	0.16535	0.00911	0.01191	0.00736	0.00845	0.01278	0.01149	0.10397	0.08943	0.30421	0.06560	0.04416	0.00677	0.00204	0.00445	0.03836	0.00446	0.00583
10	0.09697	0.34244	0.21141	0.03670	0.06693	0.09086	0.01223	0.01741	0.05172	0.01579	0.00909	0.01049	0.00738	0.00503	0.00427	0.00144	0.00651	0.00356	0.00263	0.00714

[dist]
# distance from previous block
# <min> <max>
2	11

[block]
# block no. 3 follows, 45 sequences, length 16
# corresponding to MSA columns:
# 523-538
name=unknown_D
#
# <colnr> <probs for GDERKNQSTAVLIFYWHMCP>
#	G	D	E	R	K	N	Q	S	T	A	V	L	I	F	Y	W	H	M	C	P
0	0.00946	0.08390	0.13050	0.00887	0.01102	0.00862	0.00792	0.01224	0.06579	0.01374	0.01772	0.03326	0.01855	0.38235	0.01580	0.00345	0.00555	0.16265	0.00353	0.00507
1	0.01362	0.32575	0.36534	0.01277	0.01886	0.01594	0.04703	0.07202	0.01246	0.05610	0.00970	0.01091	0.00740	0.00506	0.00456	0.00149	0.00682	0.00379	0.00275	0.00765
2	0.08869	0.01077	0.01621	0.40326	0.22379	0.01238	0.01348	0.01694	0.12935	0.01703	0.01142	0.01442	0.00883	0.00548	0.00518	0.00173	0.00622	0.00481	0.00302	0.00701
3	0.00779	0.06725	0.07938	0.00718	0.00950	0.00668	0.00630	0.01002	0.01300	0.01703	0.29905	0.07651	0.35809	0.01138	0.00603	0.00173	0.00338	0.00964	0.00486	0.00520
4	0.01341	0.13466	0.01243	0.00868	0.01133	0.05083	0.00697	0.08517	0.04720	0.15976	0.09086	0.19119	0.14618	0.00997	0.00561	0.00171	0.00434	0.00833	0.00489	0.00647
5	0.01310	0.02115	0.47561	0.08214	0.02369	0.01189	0.13759	0.01818	0.01213	0.13624	0.01163	0.01318	0.00806	0.00527	0.00537	0.00172	0.00752	0.00464	0.00303	0.00784
6	0.01343	0.01061	0.01754	0.40543	0.29439	0.01159	0.01436	0.01663	0.01198	0.13507	0.01156	0.01457	0.00859	0.00536	0.00535	0.00170	0.00648	0.00487	0.00315	0.00735
7	0.00818	0.00627	0.00889	0.13860	0.01331	0.00638	0.00726	0.01088	0.01401	0.01938	0.53134	0.03902	0.04035	0.01065	0.00634	0.00183	0.00368	0.12329	0.00517	0.00519
8	0.01476	0.01663	0.28979	0.14394	0.02242	0.01133	0.08838	0.02018	0.09160	0.22589	0.01417	0.01495	0.00977	0.00574	0.00539	0.00173	0.00661	0.00495	0.00386	0.00792
9	0.01306	0.01663	0.20603	0.06605	0.39433	0.01309	0.11134	0.08160	0.01313	0.01859	0.01030	0.01299	0.00803	0.00500	0.00540	0.00166	0.00709	0.00479	0.00279	0.00812
10	0.01024	0.01239	0.13604	0.67606	0.03482	0.01201	0.01568	0.01423	0.01083	0.01423	0.00956	0.01385	0.00710	0.00533	0.00533	0.00178	0.00728	0.00464	0.00237	0.00627
11	0.01067	0.01057	0.01935	0.63641	0.03511	0.01227	0.17019	0.01444	0.01114	0.01444	0.00982	0.01435	0.00736	0.00519	0.00557	0.00179	0.00755	0.00510	0.00245	0.00623
12	0.04847	0.01926	0.40576	0.10445	0.12380	0.01199	0.01574	0.01764	0.10319	0.03722	0.01242	0.05493	0.00987	0.00600	0.00522	0.00173	0.00668	0.00501	0.00302	0.00761
13	0.01392	0.13103	0.01639	0.14153	0.01821	0.19068	0.07504	0.01634	0.01310	0.08573	0.13139	0.02055	0.01656	0.00856	0.04251	0.00195	0.00691	0.05965	0.00364	0.00629
14	0.00826	0.00539	0.00667	0.00694	0.00752	0.00525	0.00464	0.00903	0.00955	0.05289	0.02380	0.24850	0.07756	0.38238	0.07903	0.00405	0.00514	0.05511	0.00411	0.00419
15	0.01194	0.01002	0.01494	0.26530	0.02134	0.01176	0.06091	0.04781	0.06630	0.06772	0.01197	0.01656	0.00998	0.07763	0.07275	0.00268	0.17136	0.00525	0.00320	0.05057

[dist]
# distance from previous block
# <min> <max>
3	10

[block]
# block no. 4 follows, 45 sequences, length 15
# corresponding to MSA columns:
# 549-563
name=unknown_E
#
# <colnr> <probs for GDERKNQSTAVLIFYWHMCP>
#	G	D	E	R	K	N	Q	S	T	A	V	L	I	F	Y	W	H	M	C	P
0	0.14521	0.01140	0.07317	0.00973	0.01326	0.01074	0.00838	0.08563	0.23395	0.18178	0.12359	0.02053	0.04535	0.00729	0.00523	0.00172	0.00445	0.00586	0.00515	0.00760
1	0.11935	0.34421	0.16058	0.01102	0.01528	0.06036	0.01103	0.01693	0.01101	0.08030	0.00902	0.01044	0.00730	0.00563	0.00595	0.00154	0.11668	0.00358	0.00282	0.00696
2	0.01293	0.00940	0.01380	0.12019	0.01704	0.00949	0.11609	0.08412	0.05008	0.15769	0.06963	0.02778	0.24207	0.00861	0.00632	0.00178	0.03430	0.00742	0.00461	0.00666
3	0.00927	0.00772	0.00882	0.00700	0.01025	0.00611	0.00537	0.01118	0.01146	0.01640	0.08704	0.02643	0.21375	0.08169	0.00695	0.00154	0.00364	0.00630	0.00389	0.47521
4	0.01495	0.48002	0.17311	0.01144	0.01627	0.19532	0.01154	0.01748	0.01198	0.01360	0.00808	0.00939	0.00688	0.00491	0.00409	0.00131	0.00707	0.00322	0.00240	0.00694
5	0.00906	0.00556	0.00684	0.00704	0.00825	0.00499	0.00495	0.01017	0.01124	0.12029	0.03369	0.41029	0.22951	0.10159	0.00876	0.00234	0.00344	0.01202	0.00502	0.00495
6	0.01739	0.01608	0.01627	0.05088	0.01754	0.17863	0.05046	0.33693	0.11800	0.02345	0.01210	0.01317	0.00921	0.00658	0.00688	0.00170	0.10803	0.00477	0.00416	0.00777
7	0.01227	0.19901	0.17801	0.03783	0.05898	0.13506	0.01138	0.01520	0.01250	0.01567	0.11867	0.05814	0.01746	0.00765	0.00525	0.00164	0.00624	0.09924	0.00335	0.00645
8	0.00674	0.00487	0.00629	0.00715	0.00768	0.00451	0.00484	0.00788	0.01096	0.01467	0.13421	0.60823	0.08722	0.05830	0.00784	0.00225	0.00312	0.01382	0.00502	0.00441
9	0.01101	0.09486	0.26278	0.01147	0.01569	0.10962	0.04696	0.01482	0.05239	0.01540	0.02216	0.13068	0.17333	0.00861	0.00549	0.00171	0.00603	0.00714	0.00348	0.00640
10	0.13986	0.01714	0.20347	0.01634	0.02180	0.01374	0.30922	0.17605	0.01451	0.02175	0.01049	0.01252	0.00768	0.00514	0.00538	0.00172	0.00737	0.00493	0.00327	0.00759
11	0.02170	0.10607	0.08556	0.01004	0.01459	0.00989	0.00915	0.02412	0.01446	0.62004	0.01849	0.01649	0.01193	0.00626	0.00514	0.00160	0.00502	0.00497	0.00573	0.00876
12	0.01143	0.01061	0.01772	0.13399	0.51270	0.01087	0.01384	0.01420	0.01161	0.01620	0.01412	0.18077	0.01400	0.00740	0.00565	0.00174	0.00580	0.00699	0.00311	0.00728
13	0.01392	0.01123	0.01551	0.01493	0.15277	0.06509	0.11298	0.01700	0.04373	0.15170	0.04467	0.02044	0.12374	0.00657	0.00535	0.00150	0.00541	0.00586	0.00405	0.18358
14	0.00970	0.00556	0.00701	0.00707	0.00836	0.00509	0.00513	0.01137	0.01219	0.12291	0.16348	0.37215	0.09292	0.01241	0.00602	0.00184	0.00308	0.01094	0.13748	0.00527

[dist]
# distance from previous block
# <min> <max>
3	8

[block]
# block no. 5 follows, 45 sequences, length 27
# corresponding to MSA columns:
# 572-598
name=unknown_F
#
# <colnr> <probs for GDERKNQSTAVLIFYWHMCP>
#	G	D	E	R	K	N	Q	S	T	A	V	L	I	F	Y	W	H	M	C	P
0	0.01367	0.01011	0.01146	0.00950	0.01223	0.01073	0.00756	0.34716	0.06292	0.02709	0.39031	0.02675	0.03008	0.00873	0.00585	0.00166	0.00414	0.00731	0.00564	0.00708
1	0.01001	0.01186	0.16745	0.02646	0.01353	0.00882	0.00932	0.01442	0.09756	0.04188	0.21988	0.02640	0.13356	0.00932	0.02703	0.00185	0.06557	0.00688	0.00426	0.10395
2	0.00801	0.00515	0.00629	0.00622	0.00652	0.00504	0.00389	0.00803	0.00912	0.01228	0.14560	0.03297	0.06109	0.47363	0.02141	0.17554	0.00452	0.00767	0.00360	0.00344
3	0.16887	0.50380	0.02196	0.00944	0.01374	0.01861	0.00877	0.16780	0.01351	0.01906	0.00857	0.00950	0.00715	0.00504	0.00381	0.00134	0.00548	0.00328	0.00311	0.00715
4	0.01153	0.08921	0.69630	0.01461	0.02215	0.01300	0.01856	0.01725	0.01144	0.04403	0.00988	0.01137	0.00704	0.00512	0.00498	0.00166	0.00764	0.00393	0.00243	0.00789
5	0.01165	0.01214	0.04705	0.30214	0.17819	0.01335	0.13029	0.01540	0.04323	0.01535	0.00988	0.01375	0.00794	0.00601	0.00800	0.00187	0.16928	0.00503	0.00261	0.00683
6	0.00810	0.00678	0.00933	0.00865	0.00978	0.00754	0.02983	0.00977	0.01031	0.01407	0.10855	0.03063	0.21654	0.08183	0.29832	0.00464	0.12907	0.00766	0.00371	0.00488
7	0.01185	0.01635	0.18244	0.15246	0.02858	0.01307	0.48183	0.01657	0.01207	0.01657	0.01039	0.01381	0.00770	0.00478	0.00592	0.00178	0.00850	0.00559	0.00257	0.00717
8	0.01576	0.01725	0.02508	0.01877	0.02337	0.20088	0.45173	0.14395	0.01541	0.01903	0.01059	0.01306	0.00802	0.00509	0.00581	0.00167	0.00867	0.00539	0.00318	0.00731
9	0.01751	0.00755	0.01004	0.00855	0.01143	0.00659	0.00670	0.01921	0.01368	0.49501	0.02708	0.22880	0.10403	0.01008	0.00588	0.00181	0.00398	0.00864	0.00602	0.00737
10	0.01128	0.00650	0.00800	0.00755	0.00957	0.00586	0.00581	0.01352	0.04523	0.20139	0.11083	0.19738	0.27779	0.01213	0.00626	0.00189	0.00346	0.06420	0.00550	0.00587
11	0.01404	0.47527	0.02131	0.09731	0.01581	0.14795	0.00926	0.01596	0.01172	0.01362	0.01115	0.01267	0.04659	0.00545	0.00407	0.00130	0.00611	0.00381	0.08024	0.00638
12	0.01430	0.01010	0.01232	0.17077	0.01785	0.01132	0.00923	0.03801	0.39108	0.14914	0.01858	0.01842	0.01355	0.00666	0.00525	0.00172	0.00474	0.00555	0.09367	0.00773
13	0.00778	0.00492	0.00564	0.00622	0.00713	0.00463	0.00438	0.00937	0.01097	0.01616	0.02933	0.38964	0.15279	0.01238	0.00562	0.00178	0.00282	0.01082	0.31299	0.00463
14	0.00759	0.00511	0.00592	0.00613	0.00618	0.00506	0.00355	0.00775	0.00822	0.01097	0.01906	0.16593	0.02222	0.67685	0.02386	0.00469	0.00485	0.00907	0.00355	0.00344
15	0.01125	0.01366	0.14783	0.42048	0.27216	0.01228	0.01624	0.01516	0.01131	0.01550	0.00973	0.01348	0.00753	0.00513	0.00530	0.00171	0.00704	0.00464	0.00245	0.00711
16	0.15001	0.00645	0.00793	0.00774	0.00917	0.00716	0.00598	0.01044	0.00974	0.01554	0.10175	0.02454	0.08716	0.06153	0.46437	0.00590	0.00986	0.00632	0.00350	0.00491
17	0.00781	0.00520	0.00585	0.00585	0.00585	0.00520	0.00325	0.00781	0.00781	0.01041	0.01691	0.03513	0.01952	0.81135	0.02732	0.00520	0.00520	0.00781	0.00325	0.00325
18	0.00650	0.00481	0.00608	0.00709	0.00769	0.00439	0.00481	0.00752	0.01064	0.01385	0.03421	0.66666	0.17370	0.01622	0.00676	0.00211	0.00304	0.01453	0.00498	0.00439
19	0.01014	0.00904	0.01518	0.01267	0.01407	0.01049	0.16104	0.01159	0.00903	0.01295	0.01080	0.01678	0.01005	0.04871	0.25143	0.14670	0.23614	0.00546	0.00261	0.00513
20	0.01157	0.10148	0.08857	0.16062	0.27399	0.01252	0.01279	0.01479	0.04303	0.01494	0.01111	0.01665	0.01002	0.14185	0.00965	0.00226	0.05962	0.00505	0.00273	0.00674
21	0.00818	0.00517	0.00571	0.00571	0.00592	0.00517	0.00334	0.00860	0.00839	0.01203	0.01701	0.03257	0.01854	0.67507	0.02333	0.00453	0.00475	0.00733	0.14509	0.00355
22	0.01806	0.05501	0.01809	0.01947	0.29629	0.10407	0.01209	0.23816	0.01688	0.15092	0.01245	0.01335	0.00923	0.00567	0.00519	0.00156	0.00628	0.00465	0.00413	0.00845
23	0.00762	0.00601	0.00833	0.00828	0.00964	0.00530	0.04344	0.00900	0.01059	0.01454	0.02581	0.61533	0.04646	0.01395	0.00633	0.00192	0.00355	0.01267	0.00456	0.14667
24	0.05754	0.04602	0.14668	0.01657	0.16248	0.09027	0.01276	0.21009	0.05008	0.02090	0.01064	0.01267	0.00844	0.02291	0.00710	0.00176	0.10746	0.00448	0.00343	0.00771
25	0.04657	0.24535	0.24129	0.01150	0.01682	0.01474	0.01202	0.12837	0.05101	0.16514	0.01222	0.01244	0.00884	0.00555	0.00468	0.00153	0.00605	0.00412	0.00376	0.00799
26	0.07921	0.04192	0.01225	0.01101	0.06906	0.01032	0.00805	0.18698	0.02951	0.14890	0.01566	0.02259	0.01368	0.12305	0.04346	0.08054	0.00558	0.08725	0.00437	0.00662

[dist]
# distance from previous block
# <min> <max>
0	35

[block]
# block no. 6 follows, 45 sequences, length 28
# corresponding to MSA columns:
# 634-661
name=unknown_G
#
# <colnr> <probs for GDERKNQSTAVLIFYWHMCP>
#	G	D	E	R	K	N	Q	S	T	A	V	L	I	F	Y	W	H	M	C	P
0	0.14470	0.11512	0.07230	0.04169	0.10926	0.01385	0.01036	0.14904	0.11115	0.02074	0.01192	0.03976	0.00984	0.01725	0.01615	0.00175	0.05010	0.00467	0.00362	0.05672
1	0.04507	0.14252	0.06374	0.06467	0.06435	0.10603	0.01061	0.01889	0.06605	0.17505	0.01207	0.01329	0.00920	0.00701	0.02561	0.00181	0.12849	0.00437	0.00360	0.03757
2	0.00979	0.00812	0.01396	0.01226	0.04137	0.00774	0.18525	0.01195	0.01077	0.05503	0.01884	0.29225	0.01965	0.06899	0.15525	0.00336	0.00704	0.00909	0.00381	0.06548
3	0.00793	0.00613	0.00913	0.00898	0.00987	0.00733	0.00703	0.00980	0.00860	0.01249	0.01391	0.02049	0.01301	0.03828	0.74067	0.00823	0.06473	0.00568	0.00284	0.00486
4	0.00767	0.00575	0.00863	0.00863	0.00959	0.00671	0.00671	0.00959	0.00863	0.01246	0.01438	0.02109	0.01342	0.04026	0.79008	0.00863	0.01438	0.00575	0.00288	0.00479
5	0.00738	0.00582	0.00729	0.00842	0.05347	0.00535	0.00585	0.00895	0.01178	0.01505	0.09096	0.21708	0.33995	0.05850	0.00776	0.00218	0.00354	0.14108	0.00481	0.00477
6	0.06601	0.36753	0.10786	0.01369	0.11840	0.08722	0.01127	0.08434	0.01303	0.07139	0.00961	0.01073	0.00769	0.00510	0.00432	0.00140	0.00627	0.00367	0.00303	0.00746
7	0.01227	0.01167	0.01982	0.21458	0.57103	0.01223	0.01565	0.01546	0.01179	0.01648	0.01073	0.04456	0.00924	0.00539	0.00539	0.00166	0.00644	0.00519	0.00268	0.00774
8	0.00641	0.00544	0.00554	0.00551	0.00729	0.00456	0.00413	0.00784	0.01240	0.01489	0.09474	0.05101	0.73508	0.01345	0.00634	0.00181	0.00271	0.01124	0.00504	0.00456
9	0.04125	0.07640	0.40561	0.08445	0.02295	0.01320	0.14688	0.06046	0.03564	0.01773	0.01091	0.04107	0.00851	0.00555	0.00525	0.00170	0.00737	0.00487	0.00278	0.00745
10	0.01308	0.15025	0.14680	0.02078	0.32453	0.01417	0.05324	0.04119	0.12583	0.01796	0.03365	0.01402	0.01036	0.00540	0.00507	0.00159	0.00622	0.00475	0.00313	0.00799
11	0.00854	0.00610	0.00852	0.00976	0.01095	0.00608	0.00846	0.01093	0.01225	0.01594	0.02848	0.10000	0.03114	0.01493	0.00738	0.00246	0.00485	0.70339	0.00494	0.00491
12	0.00778	0.00571	0.00617	0.00591	0.00782	0.00484	0.00448	0.00935	0.01286	0.07027	0.14939	0.04771	0.62323	0.01274	0.00627	0.00178	0.00283	0.01069	0.00523	0.00493
13	0.00976	0.00943	0.01735	0.36311	0.02612	0.01016	0.20871	0.01282	0.01111	0.01463	0.01572	0.24519	0.01566	0.00847	0.00605	0.00191	0.00648	0.00824	0.00323	0.00583
14	0.01529	0.15483	0.35536	0.01346	0.01906	0.19847	0.03820	0.01905	0.01273	0.11037	0.01043	0.01145	0.00769	0.00529	0.00484	0.00153	0.00760	0.00392	0.00295	0.00748
15	0.01361	0.65203	0.18420	0.01045	0.01573	0.01943	0.01138	0.01626	0.01100	0.01353	0.00791	0.00917	0.00687	0.00470	0.00379	0.00126	0.00619	0.00310	0.00229	0.00710
16	0.01436	0.01218	0.01983	0.12646	0.56154	0.01248	0.01506	0.06907	0.01323	0.08725	0.01122	0.01384	0.00881	0.00514	0.00533	0.00163	0.00628	0.00484	0.00317	0.00828
17	0.01475	0.01245	0.01508	0.01369	0.06921	0.06473	0.04937	0.12325	0.20938	0.07621	0.01418	0.01550	0.01102	0.00818	0.03358	0.00204	0.19532	0.00519	0.05944	0.00744
18	0.01404	0.01122	0.01194	0.01017	0.01329	0.01237	0.00806	0.25835	0.35231	0.02465	0.06912	0.02449	0.14987	0.00834	0.00564	0.00174	0.00441	0.00681	0.00537	0.00780
19	0.00658	0.00479	0.00622	0.00735	0.00783	0.00443	0.00500	0.00760	0.01053	0.01385	0.03193	0.71306	0.10651	0.01645	0.00682	0.00215	0.00313	0.03637	0.00498	0.00439
20	0.00880	0.00769	0.01133	0.15484	0.14105	0.00816	0.00902	0.01097	0.01151	0.01536	0.11875	0.15021	0.20065	0.01253	0.06458	0.00235	0.05405	0.00865	0.00393	0.00559
21	0.00736	0.00548	0.00685	0.00650	0.00787	0.00496	0.00488	0.00967	0.01464	0.02020	0.63905	0.04228	0.18746	0.01147	0.00633	0.00171	0.00257	0.01001	0.00573	0.00496
22	0.01844	0.34611	0.02055	0.01062	0.01501	0.01724	0.00943	0.34098	0.01781	0.13726	0.01188	0.01192	0.00882	0.00571	0.00457	0.00143	0.00564	0.00410	0.00428	0.00820
23	0.01612	0.00803	0.01034	0.00869	0.01146	0.00761	0.00686	0.02007	0.13200	0.36692	0.25967	0.02533	0.02534	0.00898	0.00682	0.06188	0.00388	0.00682	0.00592	0.00726
24	0.05883	0.01138	0.01836	0.23122	0.25985	0.01174	0.10992	0.01617	0.06556	0.01717	0.01065	0.01360	0.00842	0.00497	0.00515	0.00157	0.00627	0.00471	0.00291	0.14156
25	0.01174	0.01174	0.01644	0.01409	0.01409	0.01644	0.01174	0.01292	0.00822	0.01292	0.00705	0.01174	0.00705	0.00940	0.01762	0.00235	0.80153	0.00470	0.00235	0.00587
26	0.00656	0.00481	0.00618	0.00726	0.00779	0.00443	0.00495	0.00759	0.01059	0.01387	0.03291	0.68770	0.13541	0.01633	0.00680	0.00214	0.00310	0.03219	0.00498	0.00440
27	0.00836	0.00567	0.00687	0.00720	0.00849	0.00519	0.00544	0.00975	0.01148	0.06895	0.03598	0.20794	0.29837	0.12185	0.00945	0.00248	0.00376	0.17314	0.00486	0.00474

[dist]
# distance from previous block
# <min> <max>
0	1

[block]
# block no. 7 follows, 45 sequences, length 38
# corresponding to MSA columns:
# 663-700
name=unknown_H
#
# <colnr> <probs for GDERKNQSTAVLIFYWHMCP>
#	G	D	E	R	K	N	Q	S	T	A	V	L	I	F	Y	W	H	M	C	P
0	0.01063	0.00723	0.00830	0.00767	0.00869	0.00774	0.00520	0.01416	0.17331	0.08131	0.01789	0.02926	0.01770	0.52797	0.02019	0.00402	0.04262	0.00707	0.00399	0.00503
1	0.00992	0.00882	0.01179	0.01053	0.01059	0.01139	0.00811	0.01071	0.00841	0.01235	0.03884	0.05890	0.01445	0.30051	0.02023	0.00335	0.44683	0.00650	0.00293	0.00482
2	0.01245	0.00931	0.07636	0.00759	0.01013	0.00832	0.00665	0.18364	0.01446	0.02290	0.01576	0.01762	0.01209	0.00620	0.00424	0.00137	0.00376	0.00487	0.57609	0.00620
3	0.01066	0.13736	0.43593	0.01230	0.01795	0.01204	0.01423	0.01495	0.01067	0.01542	0.01033	0.01303	0.00835	0.01255	0.17491	0.00304	0.00866	0.00412	0.00248	0.08102
4	0.01608	0.01880	0.02148	0.02194	0.25187	0.35198	0.20563	0.01882	0.01364	0.01553	0.00951	0.01202	0.00772	0.00504	0.00537	0.00156	0.00851	0.00461	0.00272	0.00718
5	0.00678	0.00490	0.00645	0.00751	0.00805	0.00457	0.00524	0.00798	0.01092	0.01452	0.08536	0.64716	0.07775	0.01604	0.00683	0.00215	0.00320	0.07506	0.00505	0.00447
6	0.00759	0.00520	0.00666	0.00662	0.00761	0.00478	0.00476	0.00863	0.01222	0.01649	0.37071	0.12836	0.19079	0.01388	0.00957	0.18432	0.00310	0.00961	0.00483	0.00428
7	0.01278	0.25692	0.02306	0.07760	0.13130	0.01467	0.18728	0.01684	0.08233	0.01602	0.01180	0.01377	0.03162	0.00512	0.00489	0.00146	0.00630	0.00471	0.00293	0.09860
8	0.00897	0.00490	0.00735	0.00735	0.00755	0.00511	0.00511	0.00755	0.00735	0.01000	0.01042	0.01735	0.01021	0.02333	0.18769	0.66278	0.00677	0.00490	0.00245	0.00286
9	0.00646	0.00500	0.00589	0.00661	0.00756	0.00443	0.00460	0.00757	0.01111	0.01404	0.04012	0.48656	0.34999	0.01545	0.00664	0.00202	0.00295	0.01359	0.00498	0.00443
10	0.01250	0.02532	0.54836	0.01423	0.02045	0.18031	0.01648	0.01735	0.01252	0.01656	0.07701	0.01352	0.01070	0.00571	0.00515	0.00163	0.00783	0.00436	0.00270	0.00731
11	0.01046	0.00584	0.00719	0.00697	0.00803	0.00543	0.00470	0.01125	0.01037	0.16059	0.02483	0.24526	0.09572	0.36118	0.01545	0.00336	0.00427	0.00972	0.00455	0.00482
12	0.01108	0.01074	0.01445	0.20776	0.17186	0.09545	0.01149	0.01354	0.01055	0.01390	0.01108	0.01586	0.00967	0.01830	0.29206	0.00424	0.07426	0.00498	0.00266	0.00607
13	0.01113	0.00954	0.01113	0.00795	0.01272	0.00716	0.00636	0.01352	0.01113	0.01749	0.00954	0.01113	0.00795	0.00398	0.00398	0.00080	0.00398	0.00318	0.00318	0.84417
14	0.01216	0.01341	0.16737	0.01166	0.01535	0.03357	0.07613	0.06168	0.17672	0.07375	0.02144	0.13819	0.07765	0.00881	0.00577	0.00183	0.00538	0.05419	0.03796	0.00699
15	0.14364	0.13804	0.08575	0.01168	0.01658	0.01191	0.15916	0.01589	0.01130	0.05254	0.00970	0.01138	0.00763	0.00456	0.00443	0.00131	0.00568	0.00389	0.00305	0.30188
16	0.00917	0.00606	0.00727	0.00679	0.00857	0.00544	0.00514	0.03219	0.01398	0.09978	0.34169	0.10911	0.31084	0.01186	0.00625	0.00177	0.00297	0.01020	0.00555	0.00536
17	0.00671	0.00495	0.00608	0.00691	0.00754	0.00455	0.00469	0.00767	0.01046	0.01355	0.03339	0.52817	0.19388	0.11226	0.00924	0.00248	0.00334	0.03510	0.00477	0.00428
18	0.08542	0.01836	0.33825	0.01429	0.02041	0.01127	0.18371	0.01601	0.01139	0.01780	0.00970	0.01177	0.00733	0.00466	0.00493	0.00148	0.00680	0.00421	0.00270	0.22951
19	0.00805	0.00538	0.00661	0.00630	0.00760	0.00502	0.00473	0.01052	0.01418	0.02083	0.57262	0.03636	0.08110	0.01009	0.00577	0.00160	0.00254	0.00877	0.18691	0.00502
20	0.00727	0.00511	0.00667	0.00765	0.00809	0.00494	0.00541	0.00834	0.01019	0.01350	0.02659	0.47784	0.03103	0.18861	0.01141	0.00290	0.00396	0.17162	0.00460	0.00425
21	0.05390	0.16539	0.01775	0.01269	0.01490	0.29923	0.01043	0.05209	0.01211	0.01444	0.00788	0.01033	0.00701	0.00676	0.00910	0.00171	0.29143	0.00383	0.00268	0.00634
22	0.01289	0.45468	0.20596	0.08847	0.01997	0.01735	0.10230	0.01620	0.01120	0.01432	0.00858	0.01051	0.00704	0.00478	0.00437	0.00142	0.00679	0.00373	0.00235	0.00709
23	0.01125	0.00560	0.00633	0.00590	0.00750	0.00537	0.00451	0.01370	0.01253	0.11292	0.16583	0.02372	0.02090	0.00722	0.00446	0.00139	0.00276	0.00597	0.57662	0.00552
24	0.01044	0.00595	0.00764	0.00737	0.00899	0.00531	0.00545	0.01210	0.01296	0.17606	0.22674	0.31185	0.16291	0.01261	0.00632	0.00188	0.00320	0.01107	0.00557	0.00557
25	0.01229	0.01052	0.01079	0.01036	0.01254	0.09473	0.00815	0.01983	0.33520	0.05276	0.02151	0.10318	0.01962	0.01346	0.10022	0.00275	0.00610	0.15450	0.00476	0.00672
26	0.01074	0.01142	0.17649	0.00919	0.01229	0.00792	0.00873	0.07889	0.01439	0.08182	0.37878	0.02951	0.05301	0.09367	0.00812	0.00206	0.00445	0.00753	0.00482	0.00617
27	0.00957	0.02096	0.54630	0.01245	0.01845	0.01011	0.01514	0.01445	0.01196	0.01708	0.10990	0.02225	0.15430	0.00738	0.00548	0.00172	0.00632	0.00602	0.00321	0.00696
28	0.01770	0.00790	0.01039	0.00847	0.01160	0.00700	0.00680	0.02026	0.03961	0.48363	0.22185	0.02727	0.09680	0.00847	0.00574	0.00169	0.00385	0.00712	0.00625	0.00760
29	0.01270	0.01258	0.09232	0.08244	0.01777	0.01278	0.08048	0.12745	0.10339	0.04516	0.01251	0.01546	0.01007	0.01357	0.16579	0.00325	0.17669	0.00520	0.00346	0.00692
30	0.01644	0.01089	0.01524	0.33736	0.06472	0.01197	0.01178	0.17968	0.05105	0.22563	0.01401	0.01529	0.00974	0.00600	0.00538	0.00171	0.00601	0.00502	0.00434	0.00776
31	0.01109	0.00844	0.05269	0.00998	0.05160	0.00729	0.00775	0.08688	0.01338	0.11523	0.02997	0.24373	0.19004	0.01212	0.00632	0.00197	0.00425	0.13629	0.00495	0.00601
32	0.01265	0.00903	0.01185	0.12857	0.08059	0.00990	0.00876	0.18538	0.01380	0.05432	0.01407	0.01854	0.01171	0.09090	0.17087	0.00338	0.00715	0.00535	0.15677	0.00638
33	0.01162	0.01146	0.05367	0.01066	0.05418	0.03134	0.00844	0.01443	0.03185	0.01693	0.00958	0.01153	0.00801	0.00487	0.00581	0.00112	0.10034	0.00358	0.00305	0.60755
34	0.01668	0.09796	0.05932	0.10226	0.17195	0.09027	0.01240	0.34155	0.01785	0.02328	0.01079	0.01229	0.00822	0.00564	0.00509	0.00156	0.00659	0.00443	0.00377	0.00808
35	0.00654	0.00467	0.00623	0.00747	0.00779	0.00436	0.00498	0.00747	0.01028	0.01370	0.02959	0.80785	0.03550	0.01682	0.00685	0.00218	0.00311	0.01526	0.00498	0.00436
36	0.00767	0.00575	0.00863	0.00863	0.00959	0.00671	0.00671	0.00959	0.00863	0.01246	0.01438	0.02109	0.01342	0.04026	0.79008	0.00863	0.01438	0.00575	0.00288	0.00479
37	0.06224	0.01503	0.08455	0.08816	0.25208	0.08817	0.01277	0.21962	0.01565	0.05821	0.01127	0.01365	0.00879	0.03935	0.00609	0.00176	0.00651	0.00465	0.00360	0.00784

[dist]
# distance from previous block
# <min> <max>
4	7

[block]
# block no. 8 follows, 45 sequences, length 28
# corresponding to MSA columns:
# 729-756
name=unknown_I
#
# <colnr> <probs for GDERKNQSTAVLIFYWHMCP>
#	G	D	E	R	K	N	Q	S	T	A	V	L	I	F	Y	W	H	M	C	P
0	0.01247	0.01077	0.01609	0.10126	0.34981	0.01127	0.01225	0.11188	0.06327	0.02020	0.15448	0.02248	0.01854	0.00716	0.00569	0.00172	0.00543	0.06389	0.00395	0.00740
1	0.01048	0.00762	0.00904	0.00797	0.00991	0.00775	0.00617	0.15052	0.06560	0.02379	0.54396	0.03267	0.03874	0.00964	0.00596	0.00166	0.00327	0.00831	0.05093	0.00604
2	0.16857	0.00796	0.00988	0.12121	0.01414	0.00806	0.00733	0.01588	0.01295	0.23515	0.20618	0.06690	0.08780	0.00838	0.00540	0.00173	0.00412	0.00696	0.00500	0.00640
3	0.00731	0.00570	0.00802	0.15390	0.01307	0.00585	0.00667	0.00880	0.01064	0.01399	0.06336	0.52476	0.08955	0.05329	0.00752	0.00220	0.00391	0.01236	0.00446	0.00465
4	0.01120	0.00998	0.01293	0.06387	0.12031	0.01140	0.00955	0.05641	0.20725	0.01756	0.02327	0.04457	0.18202	0.01044	0.04657	0.00222	0.15282	0.00688	0.00404	0.00671
5	0.13326	0.39669	0.12834	0.15637	0.01907	0.05851	0.01132	0.01601	0.01091	0.01512	0.00820	0.01012	0.00677	0.00491	0.00409	0.00143	0.00630	0.00341	0.00248	0.00667
6	0.16471	0.00572	0.00705	0.00707	0.00774	0.00599	0.00492	0.00869	0.00786	0.01269	0.01189	0.12856	0.01243	0.01585	0.01568	0.56678	0.00435	0.00586	0.00290	0.00327
7	0.16704	0.12529	0.01297	0.00796	0.01244	0.01008	0.00666	0.01430	0.01073	0.01802	0.00886	0.01032	0.00740	0.00425	0.00378	0.00101	0.00426	0.00309	0.00308	0.56845
8	0.01075	0.00622	0.00855	0.00801	0.00929	0.00650	0.00595	0.01216	0.00964	0.15453	0.01636	0.02454	0.01512	0.25246	0.42848	0.00637	0.00996	0.00627	0.00368	0.00516
9	0.01291	0.01041	0.01295	0.09655	0.11190	0.01121	0.00943	0.24405	0.11361	0.02164	0.02239	0.16702	0.12474	0.00918	0.00579	0.00179	0.00491	0.00785	0.00459	0.00709
10	0.01303	0.12955	0.11866	0.01448	0.05477	0.01438	0.14953	0.02255	0.38443	0.01912	0.01559	0.01590	0.01187	0.00598	0.00528	0.00170	0.00593	0.00532	0.00395	0.00796
11	0.01234	0.01625	0.17284	0.01820	0.02314	0.01360	0.40264	0.01884	0.15210	0.01771	0.01229	0.01463	0.00930	0.00562	0.00704	0.00184	0.08539	0.00566	0.00310	0.00747
12	0.00650	0.00481	0.00608	0.00710	0.00769	0.00439	0.00482	0.00752	0.01064	0.01385	0.03418	0.66760	0.17278	0.01622	0.00676	0.00211	0.00304	0.01453	0.00498	0.00439
13	0.08508	0.00936	0.01420	0.61325	0.03056	0.01139	0.01274	0.04348	0.01122	0.01610	0.01033	0.01436	0.00781	0.00547	0.00502	0.00171	0.00635	0.00463	0.09096	0.00597
14	0.01709	0.13259	0.01935	0.01377	0.01726	0.27319	0.11493	0.21459	0.01615	0.01912	0.01051	0.04344	0.00883	0.00626	0.00607	0.00158	0.06998	0.00472	0.00344	0.00713
15	0.00654	0.00467	0.00623	0.00747	0.00779	0.00436	0.00498	0.00747	0.01028	0.01370	0.02959	0.80785	0.03550	0.01682	0.00685	0.00218	0.00311	0.01526	0.00498	0.00436
16	0.01072	0.01014	0.01716	0.65647	0.17438	0.01208	0.01520	0.01423	0.01101	0.01442	0.00964	0.01412	0.00741	0.00526	0.00536	0.00175	0.00701	0.00477	0.00244	0.00643
17	0.01271	0.00863	0.00924	0.00807	0.01037	0.00929	0.00633	0.19005	0.15548	0.02392	0.12601	0.02123	0.01846	0.00717	0.00482	0.00150	0.00363	0.00584	0.37064	0.00663
18	0.16926	0.01421	0.12361	0.11907	0.01842	0.01357	0.01091	0.19684	0.23785	0.02349	0.01361	0.01420	0.01005	0.00608	0.00498	0.00172	0.00555	0.00471	0.00416	0.00772
19	0.01275	0.08795	0.38966	0.01292	0.01797	0.01326	0.01416	0.15288	0.01295	0.01824	0.00975	0.01214	0.00763	0.00767	0.00852	0.12262	0.08479	0.00420	0.00286	0.00706
20	0.00659	0.00487	0.00618	0.00719	0.00782	0.00446	0.00496	0.00766	0.01072	0.01395	0.03414	0.63760	0.17260	0.01614	0.00678	0.00212	0.00311	0.04369	0.00498	0.00442
21	0.02005	0.02558	0.01521	0.01383	0.01659	0.78980	0.01037	0.02143	0.01521	0.01314	0.00830	0.00968	0.00691	0.00553	0.00484	0.00138	0.00968	0.00346	0.00277	0.00622
22	0.04153	0.01282	0.01583	0.01285	0.01656	0.01419	0.11653	0.21527	0.44392	0.02469	0.01750	0.01703	0.01299	0.00660	0.00550	0.00176	0.00536	0.00569	0.00498	0.00839
23	0.00664	0.00475	0.00635	0.00759	0.00795	0.00445	0.00516	0.00765	0.01038	0.01382	0.02953	0.77104	0.03528	0.01672	0.00688	0.00219	0.00320	0.05105	0.00498	0.00439
24	0.00687	0.00542	0.00619	0.00608	0.00759	0.00474	0.00453	0.00870	0.01336	0.01737	0.35100	0.08353	0.44017	0.01267	0.00636	0.00178	0.00266	0.01085	0.00537	0.00474
25	0.01241	0.01003	0.01494	0.19356	0.29103	0.01078	0.01166	0.10463	0.01311	0.01920	0.01243	0.01549	0.00983	0.00642	0.02495	0.00173	0.00565	0.00487	0.23031	0.00697
26	0.00748	0.00543	0.00704	0.00675	0.00797	0.00500	0.00502	0.00986	0.01476	0.02073	0.69749	0.09063	0.07877	0.01146	0.00637	0.00173	0.00258	0.01013	0.00581	0.00500
27	0.06159	0.01623	0.15706	0.02459	0.01721	0.01477	0.01142	0.39661	0.19794	0.02717	0.01407	0.01409	0.01021	0.00630	0.00523	0.00168	0.00581	0.00486	0.00466	0.00853

[dist]
# distance from previous block
# <min> <max>
0	15

[block]
# block no. 9 follows, 45 sequences, length 26
# corresponding to MSA columns:
# 772-797
name=unknown_J
#
# <colnr> <probs for GDERKNQSTAVLIFYWHMCP>
#	G	D	E	R	K	N	Q	S	T	A	V	L	I	F	Y	W	H	M	C	P
0	0.84927	0.01038	0.00789	0.00706	0.01038	0.01204	0.00581	0.01578	0.00914	0.02408	0.00747	0.00872	0.00581	0.00498	0.00332	0.00166	0.00415	0.00291	0.00332	0.00581
1	0.00705	0.00547	0.00642	0.00618	0.00768	0.00483	0.00463	0.00907	0.01390	0.01845	0.45996	0.04515	0.36764	0.01212	0.00634	0.00174	0.00261	0.01042	0.00550	0.00483
2	0.00799	0.00531	0.00585	0.00571	0.00716	0.00486	0.00428	0.01012	0.01285	0.01863	0.27252	0.03718	0.28413	0.01026	0.00546	0.00158	0.00259	0.00866	0.29001	0.00486
3	0.00959	0.00809	0.00863	0.00803	0.01029	0.00845	0.00616	0.01714	0.34119	0.01909	0.15607	0.03606	0.32921	0.01043	0.00596	0.00180	0.00335	0.00878	0.00534	0.00634
4	0.01100	0.01043	0.01767	0.58755	0.24109	0.01215	0.01534	0.01448	0.01114	0.01477	0.00969	0.01403	0.00753	0.00521	0.00535	0.00174	0.00694	0.00477	0.00246	0.00666
5	0.01014	0.00954	0.01610	0.79845	0.03697	0.01193	0.01491	0.01371	0.01073	0.01371	0.00954	0.01431	0.00716	0.00537	0.00537	0.00179	0.00716	0.00477	0.00239	0.00596
6	0.43310	0.01166	0.01081	0.00928	0.01271	0.01336	0.00750	0.16862	0.23954	0.02555	0.01286	0.01294	0.00964	0.00596	0.00437	0.00170	0.00453	0.00424	0.00437	0.00728
7	0.01489	0.18227	0.01528	0.01003	0.01300	0.07938	0.00833	0.17936	0.01431	0.11169	0.01413	0.07979	0.01231	0.01616	0.22123	0.00348	0.00814	0.00547	0.00393	0.00682
8	0.00741	0.00548	0.00692	0.00656	0.00791	0.00499	0.00492	0.00977	0.01476	0.02048	0.66825	0.04181	0.15809	0.01136	0.00633	0.00171	0.00256	0.00995	0.00577	0.00499
9	0.00669	0.00478	0.00640	0.00765	0.00802	0.00449	0.00524	0.00773	0.01043	0.01387	0.02950	0.75447	0.03517	0.01668	0.00689	0.00220	0.00324	0.06715	0.00498	0.00440
10	0.01165	0.01001	0.01137	0.00865	0.01301	0.00861	0.00686	0.01703	0.18850	0.01865	0.01242	0.01322	0.00993	0.00475	0.00432	0.00104	0.00404	0.00386	0.00371	0.64838
11	0.01263	0.01208	0.02060	0.19283	0.62313	0.01258	0.01615	0.01590	0.01191	0.01674	0.00998	0.01350	0.00822	0.00490	0.00533	0.00163	0.00654	0.00478	0.00260	0.00797
12	0.00725	0.00515	0.00686	0.00782	0.00832	0.00505	0.00561	0.00844	0.01019	0.01358	0.02617	0.47595	0.03031	0.13617	0.07744	0.00324	0.00476	0.15881	0.00454	0.00435
13	0.01125	0.01070	0.01800	0.51045	0.28186	0.01240	0.01529	0.01460	0.01112	0.01495	0.00962	0.01386	0.00760	0.00535	0.00588	0.00175	0.04129	0.00477	0.00247	0.00680
14	0.01010	0.00763	0.00899	0.00834	0.01012	0.00786	0.00630	0.12337	0.12931	0.02157	0.36431	0.20370	0.05461	0.01111	0.00617	0.00181	0.00343	0.00971	0.00553	0.00602
15	0.00748	0.00554	0.00764	0.05947	0.01067	0.00546	0.00669	0.00920	0.01143	0.01511	0.09320	0.43507	0.06564	0.01484	0.00686	0.00218	0.00385	0.23008	0.00488	0.00471
16	0.00768	0.00572	0.00846	0.00846	0.00936	0.00662	0.00650	0.00948	0.00858	0.01234	0.01453	0.02195	0.01379	0.08743	0.74342	0.00842	0.01382	0.00588	0.00290	0.00470
17	0.00711	0.00509	0.00695	0.00811	0.00868	0.00494	0.00595	0.00847	0.01066	0.01418	0.02832	0.58161	0.03299	0.01788	0.05790	0.00267	0.00427	0.18485	0.00484	0.00452
18	0.01249	0.01606	0.19989	0.07858	0.55290	0.01263	0.01716	0.01642	0.01192	0.01716	0.00995	0.01289	0.00802	0.00490	0.00527	0.00163	0.00679	0.00459	0.00255	0.00820
19	0.01001	0.00500	0.00500	0.00500	0.00625	0.00500	0.00375	0.01251	0.01126	0.02001	0.01751	0.02001	0.01376	0.00625	0.00375	0.00125	0.00250	0.00500	0.84115	0.00500
20	0.05398	0.01571	0.01226	0.01074	0.01346	0.31894	0.00829	0.14472	0.04110	0.06149	0.19283	0.02085	0.06813	0.00758	0.00536	0.00156	0.00620	0.00584	0.00442	0.00655
21	0.01541	0.01356	0.01567	0.01770	0.24274	0.10921	0.01105	0.23440	0.09586	0.03808	0.03951	0.11394	0.01417	0.00737	0.00551	0.00167	0.00585	0.00625	0.00424	0.00778
22	0.01001	0.00500	0.00500	0.00500	0.00625	0.00500	0.00375	0.01251	0.01126	0.02001	0.01751	0.02001	0.01376	0.00625	0.00375	0.00125	0.00250	0.00500	0.84115	0.00500
23	0.26248	0.36722	0.06039	0.00855	0.01210	0.01461	0.00794	0.01432	0.01027	0.01652	0.01202	0.16884	0.01229	0.00719	0.00418	0.00154	0.00486	0.00542	0.00314	0.00612
24	0.04967	0.01145	0.01154	0.00999	0.01261	0.09051	0.03641	0.11094	0.27050	0.04592	0.01664	0.01814	0.01304	0.05886	0.00662	0.00184	0.02241	0.00534	0.20060	0.00698
25	0.08392	0.25310	0.01766	0.01059	0.01430	0.04645	0.00900	0.18129	0.27065	0.02151	0.01354	0.01353	0.01051	0.00609	0.00494	0.00156	0.02499	0.00445	0.00414	0.00778

[dist]
# distance from previous block
# <min> <max>
12	29

[block]
# block no. 10 follows, 45 sequences, length 13
# corresponding to MSA columns:
# 830-842
name=unknown_K
#
# <colnr> <probs for GDERKNQSTAVLIFYWHMCP>
#	G	D	E	R	K	N	Q	S	T	A	V	L	I	F	Y	W	H	M	C	P
0	0.01180	0.06827	0.03625	0.00905	0.01293	0.03756	0.00758	0.08441	0.01265	0.01796	0.01385	0.10460	0.01335	0.00690	0.00481	0.00128	0.00462	0.08132	0.00366	0.46714
1	0.01073	0.00861	0.01064	0.07220	0.09173	0.05706	0.00775	0.01302	0.01312	0.07250	0.27210	0.07215	0.08603	0.03755	0.00650	0.00175	0.00434	0.04112	0.00452	0.11658
2	0.01002	0.00866	0.00922	0.00910	0.01010	0.08846	0.00675	0.06884	0.01147	0.01472	0.02125	0.28410	0.04984	0.15380	0.08152	0.00319	0.07825	0.08167	0.00405	0.00497
3	0.01002	0.00841	0.00985	0.00748	0.01134	0.00652	0.00590	0.01233	0.01195	0.01788	0.14706	0.02036	0.09502	0.00619	0.00463	0.00106	0.00359	0.00516	0.00384	0.61140
4	0.16386	0.01124	0.01682	0.30740	0.15380	0.04600	0.11411	0.01504	0.01159	0.01745	0.08244	0.01540	0.01142	0.00562	0.00519	0.00171	0.00641	0.00506	0.00300	0.00647
5	0.01165	0.01094	0.01841	0.29676	0.44665	0.01173	0.01484	0.01491	0.01199	0.01659	0.08290	0.01620	0.01206	0.00558	0.00543	0.00167	0.00628	0.00525	0.00287	0.00729
6	0.01001	0.00500	0.00500	0.00500	0.00625	0.00500	0.00375	0.01251	0.01126	0.02001	0.01751	0.02001	0.01376	0.00625	0.00375	0.00125	0.00250	0.00500	0.84115	0.00500
7	0.05010	0.00927	0.01041	0.00844	0.01203	0.00843	0.00662	0.04882	0.14962	0.06107	0.01883	0.09946	0.08585	0.00713	0.00488	0.00135	0.00394	0.00592	0.00425	0.40359
8	0.01099	0.15761	0.08870	0.01110	0.01301	0.03874	0.00988	0.01281	0.00929	0.01288	0.01025	0.01583	0.00987	0.10092	0.20255	0.00387	0.27857	0.00484	0.00257	0.00572
9	0.01001	0.00500	0.00500	0.00500	0.00625	0.00500	0.00375	0.01251	0.01126	0.02001	0.01751	0.02001	0.01376	0.00625	0.00375	0.00125	0.00250	0.00500	0.84115	0.00500
