[name]
unknown

[dist]
# distance from previous block
# <min> <max>
0	5

[block]
# block no. 0 follows, 42 sequences, length 12
# corresponding to MSA columns:
# 27-38
name=unknown_A
#
# <colnr> <probs for GDERKNQSTAVLIFYWHMCP>
#	G	D	E	R	K	N	Q	S	T	A	V	L	I	F	Y	W	H	M	C	P
0	0.20910	0.01145	0.05356	0.08110	0.01647	0.01204	0.05368	0.08844	0.05396	0.02081	0.05929	0.05026	0.01623	0.00881	0.00732	0.00204	0.10593	0.13893	0.00404	0.00656
1	0.01567	0.28998	0.14357	0.01733	0.18067	0.06089	0.05230	0.04925	0.03474	0.08919	0.01108	0.01244	0.00867	0.00536	0.00490	0.00154	0.00680	0.00429	0.00320	0.00812
2	0.01254	0.08655	0.09149	0.01918	0.18192	0.01260	0.22047	0.05893	0.01382	0.01898	0.11109	0.05180	0.05392	0.00686	0.00589	0.00173	0.00660	0.00663	0.00358	0.03542
3	0.01177	0.00976	0.01347	0.06104	0.17200	0.00996	0.00978	0.12179	0.01408	0.01964	0.09210	0.24923	0.02158	0.00986	0.00670	0.00181	0.04830	0.00857	0.00431	0.11426
4	0.01345	0.01404	0.01903	0.12115	0.15908	0.10319	0.05696	0.01564	0.01086	0.01485	0.00871	0.01289	0.00774	0.00763	0.01214	0.00209	0.40625	0.00490	0.00260	0.00681
5	0.01249	0.01214	0.02135	0.34799	0.39272	0.01309	0.08646	0.01614	0.01221	0.01668	0.01042	0.01450	0.00829	0.00524	0.00570	0.00178	0.00729	0.00516	0.00267	0.00768
6	0.01439	0.01121	0.01592	0.18922	0.12036	0.01303	0.01206	0.10624	0.07993	0.10776	0.01328	0.01612	0.01039	0.01147	0.10688	0.00284	0.15230	0.00533	0.00380	0.00747
7	0.01223	0.01202	0.01653	0.01395	0.01459	0.01599	0.01159	0.01362	0.00901	0.01416	0.00772	0.01223	0.00751	0.00912	0.01664	0.00225	0.69133	0.00472	0.00257	0.11221
8	0.01395	0.01316	0.02000	0.11221	0.35034	0.05749	0.09884	0.10955	0.01444	0.01935	0.01373	0.08686	0.01248	0.00701	0.00594	0.00181	0.00686	0.04469	0.00348	0.00781
9	0.01631	0.01248	0.01971	0.16052	0.26039	0.01271	0.09828	0.13025	0.01520	0.15508	0.01307	0.01502	0.00958	0.00566	0.00566	0.00171	0.00661	0.00523	0.00395	0.05259
10	0.12064	0.01310	0.01921	0.11452	0.45067	0.01391	0.01447	0.14899	0.01469	0.02189	0.01070	0.01337	0.00851	0.00543	0.00532	0.00171	0.00639	0.00477	0.00336	0.00836
11	0.01525	0.01634	0.02014	0.18907	0.22304	0.21002	0.09815	0.06043	0.01376	0.01687	0.00996	0.01317	0.00804	0.00584	0.00670	0.00175	0.07635	0.00484	0.00290	0.00737

[dist]
# distance from previous block
# <min> <max>
19	32

[block]
# block no. 1 follows, 42 sequences, length 34
# corresponding to MSA columns:
# 115-148
name=unknown_B
#
# <colnr> <probs for GDERKNQSTAVLIFYWHMCP>
#	G	D	E	R	K	N	Q	S	T	A	V	L	I	F	Y	W	H	M	C	P
0	0.02525	0.00958	0.01306	0.01001	0.01437	0.00827	0.00827	0.02743	0.01611	0.77102	0.02220	0.01915	0.01393	0.00697	0.00566	0.00174	0.00479	0.00566	0.00697	0.00958
1	0.00818	0.00547	0.00623	0.00623	0.00626	0.00550	0.00352	0.00824	0.00821	0.01098	0.01765	0.03637	0.02026	0.77883	0.05177	0.00557	0.00575	0.00812	0.00340	0.00346
2	0.01838	0.01176	0.01334	0.01119	0.01490	0.01265	0.00893	0.11720	0.43828	0.25618	0.02154	0.01951	0.01524	0.00732	0.00569	0.00183	0.00477	0.00599	0.00610	0.00920
3	0.00818	0.00546	0.00614	0.00614	0.00614	0.00546	0.00341	0.00818	0.00818	0.01091	0.01773	0.03683	0.02046	0.80222	0.02864	0.00546	0.00546	0.00818	0.00341	0.00341
4	0.02139	0.01576	0.01689	0.01295	0.01745	0.01745	0.01070	0.74835	0.02646	0.03547	0.01351	0.01351	0.00957	0.00676	0.00563	0.00169	0.00619	0.00507	0.00563	0.00957
5	0.84197	0.01088	0.00827	0.00740	0.01088	0.01262	0.00609	0.01654	0.00958	0.02525	0.00784	0.00914	0.00609	0.00522	0.00348	0.00174	0.00435	0.00305	0.00348	0.00609
6	0.84197	0.01088	0.00827	0.00740	0.01088	0.01262	0.00609	0.01654	0.00958	0.02525	0.00784	0.00914	0.00609	0.00522	0.00348	0.00174	0.00435	0.00305	0.00348	0.00609
7	0.00796	0.00661	0.00868	0.16811	0.01434	0.00656	0.00700	0.01031	0.01364	0.01774	0.30731	0.04161	0.34652	0.01146	0.00643	0.00185	0.00374	0.00983	0.00502	0.00527
8	0.01290	0.01325	0.01580	0.18038	0.21041	0.16032	0.01217	0.01555	0.01338	0.01695	0.16840	0.02095	0.05190	0.00749	0.00688	0.00177	0.07513	0.00612	0.00354	0.00671
9	0.02187	0.01500	0.01642	0.01259	0.01707	0.01633	0.01040	0.65998	0.02519	0.12563	0.01458	0.01420	0.01010	0.00678	0.00563	0.00170	0.00602	0.00514	0.00579	0.00957
10	0.01493	0.00729	0.00975	0.00826	0.01081	0.00650	0.00650	0.01739	0.01600	0.32425	0.46509	0.03281	0.03731	0.00968	0.00624	0.00176	0.00352	0.00836	0.00651	0.00703
11	0.01269	0.01343	0.02347	0.01826	0.02049	0.01606	0.29883	0.01529	0.01044	0.01529	0.00895	0.01343	0.00784	0.00786	0.01385	0.00224	0.48666	0.00559	0.00261	0.00672
12	0.01063	0.01000	0.01688	0.78870	0.03876	0.01250	0.01563	0.01438	0.01125	0.01438	0.01000	0.01500	0.00750	0.00563	0.00563	0.00188	0.00750	0.00500	0.00250	0.00625
13	0.01124	0.01062	0.01798	0.64969	0.17301	0.01266	0.01593	0.01491	0.01154	0.01512	0.01011	0.01481	0.00776	0.00551	0.00562	0.00184	0.00735	0.00500	0.00255	0.00674
14	0.01038	0.00881	0.01362	0.01810	0.31410	0.00857	0.01003	0.01317	0.01426	0.02026	0.42060	0.03043	0.03355	0.05106	0.00738	0.00193	0.00443	0.00799	0.00467	0.00666
15	0.01328	0.01518	0.03321	0.02372	0.02941	0.01423	0.74668	0.01803	0.01328	0.01803	0.01139	0.01518	0.00854	0.00474	0.00664	0.00190	0.00949	0.00664	0.00285	0.00759
16	0.01179	0.01160	0.01713	0.25396	0.02219	0.01577	0.01334	0.01380	0.00943	0.01380	0.00820	0.01314	0.00742	0.00854	0.01450	0.00228	0.54949	0.00495	0.00247	0.00619
17	0.01610	0.01077	0.01431	0.01183	0.01503	0.01098	0.08868	0.21169	0.11001	0.17796	0.02140	0.24655	0.01944	0.00989	0.00621	0.00193	0.00518	0.00874	0.00549	0.00780
18	0.01000	0.00705	0.00838	0.00821	0.00925	0.00731	0.00573	0.13539	0.01254	0.01703	0.02196	0.32808	0.02432	0.26034	0.08592	0.00376	0.00553	0.01039	0.03368	0.00514
19	0.01289	0.35939	0.45679	0.01331	0.02014	0.01698	0.01604	0.01741	0.01169	0.01587	0.00913	0.01067	0.00717	0.00512	0.00461	0.00154	0.00734	0.00367	0.00239	0.00785
20	0.00859	0.00707	0.01029	0.07297	0.14361	0.00691	0.00804	0.01061	0.01252	0.01688	0.18095	0.34159	0.13276	0.01275	0.00659	0.00199	0.00401	0.01145	0.00479	0.00564
21	0.01367	0.01940	0.40469	0.03803	0.01933	0.01113	0.01453	0.05991	0.05337	0.14590	0.01589	0.10691	0.01321	0.05047	0.00692	0.00204	0.00662	0.00621	0.00391	0.00786
22	0.01516	0.02275	0.47717	0.01431	0.02101	0.01323	0.01637	0.14466	0.07537	0.12569	0.01340	0.01391	0.00930	0.00600	0.00547	0.00177	0.00715	0.00470	0.00384	0.00875
23	0.01276	0.01121	0.01861	0.07833	0.52639	0.01125	0.01425	0.01558	0.01244	0.05170	0.01532	0.17714	0.01493	0.00776	0.00591	0.00182	0.00594	0.00732	0.00346	0.00786
24	0.01279	0.01221	0.02079	0.29366	0.51687	0.01307	0.01671	0.01628	0.01228	0.01701	0.01039	0.01430	0.00843	0.00522	0.00559	0.00174	0.00697	0.00501	0.00269	0.00800
25	0.00906	0.01369	0.28002	0.01083	0.01414	0.00773	0.01088	0.01206	0.01135	0.04106	0.02326	0.49188	0.02571	0.01289	0.00648	0.00209	0.00512	0.01143	0.00427	0.00607
26	0.01149	0.01094	0.01813	0.54917	0.18373	0.01321	0.01559	0.01487	0.01127	0.01510	0.00983	0.01448	0.00778	0.00598	0.00705	0.00190	0.09515	0.00500	0.00255	0.00678
27	0.01191	0.01198	0.14335	0.13086	0.12000	0.00915	0.01141	0.01522	0.01361	0.12137	0.19753	0.02780	0.14559	0.00850	0.00598	0.00179	0.00524	0.00732	0.00446	0.00695
28	0.01266	0.07143	0.14604	0.01123	0.01677	0.02687	0.07089	0.01596	0.01207	0.04438	0.01038	0.01204	0.00824	0.00460	0.00461	0.00116	0.00561	0.00382	0.00318	0.51808
29	0.12590	0.01163	0.01838	0.21359	0.40622	0.01242	0.03119	0.01594	0.01225	0.01867	0.07119	0.01585	0.01176	0.00571	0.00541	0.00174	0.00630	0.00520	0.00309	0.00755
30	0.01017	0.00931	0.00942	0.00872	0.01072	0.06580	0.00672	0.01520	0.18629	0.01842	0.18791	0.03722	0.32491	0.01115	0.00729	0.00189	0.06857	0.00906	0.00514	0.00608
31	0.01114	0.27357	0.01511	0.00835	0.01044	0.05557	0.00671	0.01230	0.01056	0.01301	0.04303	0.04015	0.08554	0.27782	0.08738	0.00354	0.03072	0.00646	0.00328	0.00531
32	0.01393	0.01337	0.02284	0.03454	0.76712	0.01337	0.01727	0.01727	0.01281	0.01839	0.01059	0.01393	0.00891	0.00501	0.00557	0.00167	0.00669	0.00501	0.00279	0.00891
33	0.01449	0.04370	0.32075	0.01456	0.06161	0.01374	0.01431	0.12557	0.22142	0.06712	0.03654	0.01598	0.01211	0.00642	0.00551	0.00178	0.00640	0.00518	0.00418	0.00865

[dist]
# distance from previous block
# <min> <max>
0	3

[block]
# block no. 2 follows, 42 sequences, length 37
# corresponding to MSA columns:
# 152-167,245-256,262-270
name=unknown_C
#
# <colnr> <probs for GDERKNQSTAVLIFYWHMCP>
#	G	D	E	R	K	N	Q	S	T	A	V	L	I	F	Y	W	H	M	C	P
0	0.29842	0.06179	0.01103	0.00794	0.01183	0.01004	0.00654	0.01697	0.01161	0.13155	0.01201	0.01296	0.00912	0.00530	0.00409	0.00137	0.00424	0.00381	0.11327	0.26611
1	0.01556	0.15825	0.24676	0.01343	0.01847	0.16226	0.04228	0.10746	0.01435	0.06058	0.01114	0.01294	0.00869	0.00971	0.09189	0.00242	0.00861	0.00436	0.00323	0.00761
2	0.01204	0.01154	0.04395	0.01979	0.33410	0.04655	0.01155	0.06249	0.01491	0.02049	0.27714	0.02638	0.07922	0.00812	0.00599	0.00172	0.00519	0.00722	0.00433	0.00726
3	0.01621	0.01636	0.05675	0.01129	0.01565	0.21188	0.00933	0.12514	0.06406	0.05513	0.01251	0.01334	0.02377	0.00559	0.00491	0.00131	0.00629	0.00418	0.00386	0.34244
4	0.04097	0.01223	0.01354	0.01010	0.01483	0.01153	0.00821	0.28894	0.03405	0.02507	0.01154	0.01249	0.00893	0.00525	0.00473	0.00121	0.00494	0.00404	0.00425	0.48318
5	0.01167	0.01000	0.01167	0.00834	0.01334	0.00750	0.00667	0.01417	0.01167	0.01834	0.01000	0.01167	0.00834	0.00417	0.00417	0.00083	0.00417	0.00333	0.00333	0.83663
6	0.00738	0.00543	0.00727	0.00785	0.00854	0.00553	0.00555	0.00866	0.01011	0.01363	0.02677	0.37370	0.10194	0.11010	0.27491	0.00491	0.00752	0.01131	0.00427	0.00462
7	0.00790	0.00638	0.00711	0.00681	0.00863	0.00592	0.00514	0.01129	0.09103	0.01883	0.31845	0.04618	0.42074	0.01254	0.00655	0.00185	0.00294	0.01067	0.00564	0.00539
8	0.00784	0.00575	0.00735	0.00695	0.00833	0.00526	0.00521	0.01038	0.01564	0.02189	0.69875	0.04316	0.11893	0.01176	0.00664	0.00178	0.00267	0.01033	0.00611	0.00526
9	0.01453	0.00722	0.00956	0.00814	0.01065	0.00642	0.00640	0.01695	0.01585	0.30932	0.44598	0.03383	0.07185	0.00989	0.00626	0.00177	0.00348	0.00852	0.00644	0.00692
10	0.00743	0.00573	0.00678	0.00652	0.00808	0.00508	0.00489	0.00958	0.01467	0.01957	0.47589	0.04698	0.34323	0.01262	0.00664	0.00182	0.00273	0.01087	0.00580	0.00508
11	0.01314	0.01476	0.03088	0.02242	0.02728	0.01467	0.63987	0.01737	0.01260	0.01737	0.01080	0.01476	0.00837	0.00549	0.00836	0.00198	0.12329	0.00639	0.00279	0.00738
12	0.84197	0.01088	0.00827	0.00740	0.01088	0.01262	0.00609	0.01654	0.00958	0.02525	0.00784	0.00914	0.00609	0.00522	0.00348	0.00174	0.00435	0.00305	0.00348	0.00609
13	0.01435	0.01027	0.01219	0.00887	0.01374	0.00820	0.00715	0.05891	0.01322	0.13681	0.01211	0.01294	0.00928	0.00475	0.00449	0.00102	0.00438	0.00380	0.00403	0.65947
14	0.01415	0.01215	0.01817	0.02307	0.42739	0.01132	0.01280	0.05759	0.01335	0.05819	0.01115	0.01340	0.00901	0.00492	0.00510	0.00139	0.00570	0.00447	0.00335	0.29334
15	0.74727	0.01230	0.00919	0.00816	0.01164	0.07224	0.00664	0.04473	0.01071	0.02475	0.00812	0.00939	0.00632	0.00533	0.00369	0.00172	0.00487	0.00317	0.00352	0.00626
16	0.00796	0.00575	0.00752	0.00708	0.00841	0.00531	0.00531	0.01062	0.01593	0.02257	0.76415	0.04204	0.05310	0.01150	0.00664	0.00177	0.00265	0.01018	0.00619	0.00531
17	0.84197	0.01088	0.00827	0.00740	0.01088	0.01262	0.00609	0.01654	0.00958	0.02525	0.00784	0.00914	0.00609	0.00522	0.00348	0.00174	0.00435	0.00305	0.00348	0.00609
18	0.01393	0.01337	0.02284	0.03454	0.76712	0.01337	0.01727	0.01727	0.01281	0.01839	0.01059	0.01393	0.00891	0.00501	0.00557	0.00167	0.00669	0.00501	0.00279	0.00891
19	0.01817	0.01416	0.01507	0.01230	0.01622	0.01595	0.00992	0.43507	0.34500	0.03027	0.01761	0.01678	0.01289	0.00714	0.00567	0.00178	0.00543	0.00563	0.00567	0.00928
20	0.01326	0.01134	0.01208	0.01108	0.01396	0.01302	0.00853	0.02762	0.67970	0.02259	0.02374	0.10149	0.01925	0.00867	0.00588	0.00195	0.00433	0.00736	0.00567	0.00846
21	0.00695	0.00497	0.00664	0.00795	0.00832	0.00466	0.00539	0.00800	0.01087	0.01448	0.03096	0.76613	0.03701	0.01754	0.00721	0.00230	0.00335	0.04746	0.00522	0.00460
22	0.00689	0.00550	0.00620	0.00670	0.00806	0.00482	0.00491	0.00825	0.01219	0.01505	0.04691	0.28941	0.48405	0.01541	0.00690	0.00207	0.00314	0.06360	0.00522	0.00472
23	0.01273	0.01225	0.02068	0.28966	0.34598	0.01324	0.09412	0.01790	0.10290	0.01760	0.01197	0.01529	0.00939	0.00551	0.00572	0.00179	0.00700	0.00535	0.00305	0.00786
24	0.02026	0.01467	0.01568	0.01215	0.01632	0.01619	0.01000	0.67224	0.02494	0.03397	0.01401	0.01428	0.01007	0.00674	0.00545	0.00165	0.00582	0.00509	0.09133	0.00912
25	0.00687	0.00501	0.00647	0.00757	0.00811	0.00461	0.00512	0.00795	0.01116	0.01471	0.05655	0.69180	0.11925	0.01706	0.00711	0.00223	0.00320	0.01536	0.00525	0.00461
26	0.00928	0.00609	0.00726	0.00678	0.00863	0.00537	0.00515	0.01135	0.01445	0.09684	0.36160	0.05997	0.33649	0.01213	0.00647	0.00182	0.00297	0.01037	0.03148	0.00551
27	0.01348	0.01291	0.02203	0.13779	0.66740	0.01325	0.01705	0.01688	0.01260	0.01784	0.01051	0.01408	0.00872	0.00510	0.00558	0.00170	0.00680	0.00501	0.00275	0.00855
28	0.01228	0.01245	0.01752	0.01472	0.01579	0.06497	0.10057	0.01411	0.00981	0.01419	0.00943	0.01427	0.00874	0.01405	0.13724	0.00335	0.50397	0.00523	0.02114	0.00615
29	0.00805	0.00601	0.00893	0.00893	0.00989	0.00697	0.00689	0.00998	0.00901	0.01298	0.01518	0.02269	0.01432	0.07239	0.75008	0.00890	0.01469	0.00612	0.00303	0.00496
30	0.01473	0.00924	0.01105	0.00944	0.01223	0.00942	0.00743	0.10227	0.19502	0.18878	0.33835	0.02873	0.03095	0.00904	0.00609	0.00179	0.00396	0.00769	0.00619	0.00759
31	0.36692	0.01153	0.01524	0.19679	0.27615	0.01285	0.01212	0.01629	0.01107	0.02039	0.00928	0.01213	0.00738	0.00524	0.00469	0.00175	0.00588	0.00417	0.00302	0.00710
32	0.00911	0.00802	0.01162	0.26806	0.01932	0.00929	0.00959	0.01160	0.01196	0.01594	0.17050	0.02979	0.19068	0.01344	0.09522	0.00275	0.10594	0.00771	0.00391	0.00557
33	0.01886	0.01960	0.01515	0.01310	0.01643	0.38524	0.02441	0.17157	0.16685	0.04561	0.01578	0.01591	0.05293	0.00686	0.00546	0.00164	0.00759	0.00506	0.00429	0.00765
34	0.00714	0.00558	0.00650	0.00683	0.00820	0.00494	0.00506	0.00878	0.01294	0.01655	0.18548	0.23118	0.39777	0.01463	0.00686	0.00202	0.00309	0.06620	0.00541	0.00485
35	0.13040	0.02053	0.01691	0.01419	0.01777	0.42753	0.10343	0.09612	0.04852	0.05762	0.01074	0.01194	0.00828	0.00583	0.00518	0.00161	0.00835	0.00430	0.00359	0.00718
36	0.01442	0.11682	0.27264	0.01172	0.01672	0.05905	0.01227	0.07427	0.01462	0.13588	0.14510	0.02073	0.06750	0.00733	0.00549	0.00168	0.00608	0.00584	0.00423	0.00760

[dist]
# distance from previous block
# <min> <max>
1	2

[block]
# block no. 3 follows, 42 sequences, length 22
# corresponding to MSA columns:
# 273-294
name=unknown_D
#
# <colnr> <probs for GDERKNQSTAVLIFYWHMCP>
#	G	D	E	R	K	N	Q	S	T	A	V	L	I	F	Y	W	H	M	C	P
0	0.01497	0.12294	0.05668	0.14698	0.23778	0.19141	0.11676	0.01808	0.01312	0.01590	0.00978	0.01266	0.00794	0.00525	0.00534	0.00163	0.00799	0.00461	0.00270	0.00749
1	0.75063	0.01089	0.00940	0.07004	0.03646	0.01264	0.00719	0.01639	0.00981	0.02418	0.00809	0.00975	0.00629	0.00525	0.00372	0.00175	0.00467	0.00326	0.00338	0.00619
2	0.01184	0.01016	0.01175	0.00857	0.01343	0.00798	0.00683	0.01534	0.06704	0.01872	0.01096	0.01236	0.00899	0.00443	0.00428	0.00091	0.00419	0.00356	0.00351	0.77514
3	0.00698	0.00571	0.00615	0.00604	0.00780	0.00489	0.00453	0.00871	0.01360	0.01703	0.23216	0.05116	0.58855	0.01357	0.00665	0.00187	0.00280	0.01146	0.00547	0.00489
4	0.01767	0.01391	0.01479	0.01220	0.01603	0.01571	0.00980	0.38674	0.39414	0.02946	0.01824	0.01728	0.01340	0.00720	0.00568	0.00180	0.00532	0.00572	0.00568	0.00924
5	0.00701	0.00543	0.00636	0.00686	0.00803	0.00484	0.00492	0.00840	0.01222	0.01556	0.11544	0.33485	0.36322	0.03967	0.00758	0.00217	0.00317	0.04429	0.00526	0.00472
6	0.00778	0.00569	0.00698	0.00676	0.00785	0.00538	0.00481	0.00954	0.01300	0.01773	0.40037	0.04145	0.17192	0.20122	0.07243	0.00323	0.00433	0.00969	0.00511	0.00474
7	0.01842	0.01281	0.01412	0.01167	0.01549	0.01406	0.00936	0.25972	0.38738	0.16401	0.01977	0.01826	0.01415	0.00723	0.00568	0.00181	0.00507	0.00582	0.00592	0.00924
8	0.01769	0.01458	0.01985	0.02367	0.38979	0.01543	0.01396	0.38525	0.01968	0.02698	0.01206	0.01372	0.00924	0.00589	0.00560	0.00168	0.00644	0.00504	0.00422	0.00924
9	0.01809	0.01712	0.01900	0.02280	0.34817	0.25385	0.03502	0.04446	0.03806	0.13110	0.01225	0.01377	0.00942	0.00569	0.00547	0.00163	0.00749	0.00477	0.00364	0.00824
10	0.08233	0.01329	0.04970	0.03250	0.05366	0.12609	0.12622	0.08242	0.03764	0.01847	0.01819	0.26552	0.01864	0.00987	0.00610	0.00194	0.00628	0.04052	0.00408	0.00653
11	0.01216	0.01157	0.01965	0.43812	0.37735	0.01291	0.01639	0.01572	0.01198	0.01624	0.01027	0.01450	0.00816	0.00534	0.00560	0.00178	0.00712	0.00501	0.00263	0.00749
12	0.01096	0.01035	0.01749	0.71190	0.11293	0.01259	0.01580	0.01467	0.01141	0.01479	0.01006	0.01489	0.00765	0.00556	0.00562	0.00185	0.00742	0.00500	0.00253	0.00652
13	0.00743	0.00553	0.00770	0.00824	0.00905	0.00581	0.00604	0.00896	0.01010	0.01380	0.02549	0.34449	0.09261	0.02953	0.39093	0.00561	0.00909	0.01067	0.00413	0.00481
14	0.01400	0.01209	0.01273	0.01145	0.01463	0.01400	0.00891	0.02990	0.75695	0.02354	0.02291	0.02100	0.01718	0.00764	0.00573	0.00191	0.00445	0.00636	0.00573	0.00891
15	0.00789	0.00542	0.00621	0.00636	0.00660	0.00528	0.00379	0.00824	0.00920	0.01218	0.05481	0.13474	0.08080	0.60851	0.02330	0.00462	0.00486	0.00954	0.00390	0.00374
16	0.00701	0.00572	0.00620	0.00608	0.00782	0.00490	0.00456	0.00877	0.01368	0.01722	0.25027	0.05085	0.57031	0.01350	0.00665	0.00186	0.00280	0.01141	0.00549	0.00490
17	0.01145	0.06354	0.74009	0.01576	0.02392	0.01348	0.02030	0.01778	0.01186	0.01762	0.01000	0.01175	0.00713	0.00532	0.00527	0.00176	0.00822	0.00411	0.00238	0.00827
18	0.00928	0.00569	0.00634	0.00614	0.00759	0.00549	0.00462	0.01221	0.03708	0.02099	0.28741	0.03210	0.11078	0.00919	0.00525	0.00156	0.00272	0.00776	0.42246	0.00533
19	0.18326	0.05261	0.03422	0.01203	0.03905	0.27873	0.00941	0.13310	0.01512	0.02051	0.01094	0.01210	0.02933	0.00573	0.00470	0.00146	0.00683	0.00396	0.00354	0.14336
20	0.13146	0.38624	0.04497	0.01118	0.01534	0.23769	0.00993	0.07551	0.01366	0.01693	0.00859	0.00980	0.00725	0.00532	0.00423	0.00140	0.00706	0.00339	0.00295	0.00708
21	0.01648	0.49810	0.02396	0.01079	0.01522	0.05826	0.00981	0.16585	0.11775	0.01916	0.01110	0.01164	0.00907	0.00564	0.00438	0.00141	0.00604	0.00392	0.00354	0.00789

[dist]
# distance from previous block
# <min> <max>
2	3

[block]
# block no. 4 follows, 42 sequences, length 54
# corresponding to MSA columns:
# 298-349,351,352
name=unknown_E
#
# <colnr> <probs for GDERKNQSTAVLIFYWHMCP>
#	G	D	E	R	K	N	Q	S	T	A	V	L	I	F	Y	W	H	M	C	P
0	0.15662	0.20563	0.02011	0.01282	0.01616	0.08631	0.11591	0.07683	0.01244	0.03337	0.00967	0.01252	0.00823	0.03078	0.03745	0.00212	0.14862	0.00443	0.00312	0.00687
1	0.00907	0.00648	0.00907	0.01036	0.01166	0.00648	0.00907	0.01166	0.01296	0.01684	0.02980	0.06348	0.03239	0.01555	0.00777	0.00259	0.00518	0.72924	0.00518	0.00518
2	0.00681	0.00545	0.00609	0.00648	0.00784	0.00473	0.00465	0.00817	0.01238	0.01543	0.09634	0.29200	0.48358	0.01515	0.00682	0.00202	0.00297	0.01308	0.00529	0.00473
3	0.01505	0.80561	0.02949	0.00963	0.01444	0.02227	0.00963	0.01685	0.01143	0.01324	0.00782	0.00903	0.00722	0.00481	0.00361	0.00120	0.00602	0.00301	0.00241	0.00722
4	0.01045	0.00600	0.00736	0.00693	0.00858	0.00552	0.00522	0.01273	0.01407	0.11292	0.33828	0.11702	0.11231	0.01070	0.00592	0.00172	0.00300	0.00923	0.20633	0.00568
5	0.09403	0.00914	0.01130	0.00899	0.01268	0.00850	0.00735	0.05774	0.01518	0.52454	0.01978	0.01836	0.01313	0.00672	0.00513	0.00166	0.00439	0.00532	0.16761	0.00843
6	0.01393	0.01337	0.02284	0.03454	0.76712	0.01337	0.01727	0.01727	0.01281	0.01839	0.01059	0.01393	0.00891	0.00501	0.00557	0.00167	0.00669	0.00501	0.00279	0.00891
7	0.00717	0.00572	0.00642	0.00624	0.00792	0.00497	0.00468	0.00908	0.01405	0.01810	0.33508	0.04939	0.48496	0.01317	0.00665	0.00185	0.00277	0.01121	0.00561	0.00497
8	0.02514	0.00975	0.01317	0.01010	0.01445	0.00853	0.00834	0.04788	0.01640	0.75015	0.02196	0.01899	0.01381	0.00696	0.00566	0.00174	0.00483	0.00564	0.00693	0.00958
9	0.01505	0.80561	0.02949	0.00963	0.01444	0.02227	0.00963	0.01685	0.01143	0.01324	0.00782	0.00903	0.00722	0.00481	0.00361	0.00120	0.00602	0.00301	0.00241	0.00722
10	0.00676	0.00529	0.00613	0.00680	0.00789	0.00466	0.00477	0.00795	0.01177	0.01477	0.04358	0.43866	0.38900	0.01600	0.00693	0.00210	0.00306	0.01401	0.00522	0.00466
11	0.01213	0.00620	0.00749	0.00679	0.00864	0.00580	0.00522	0.01468	0.01414	0.15374	0.30355	0.02869	0.02909	0.00852	0.00527	0.00156	0.00302	0.00720	0.37224	0.00603
12	0.00680	0.00510	0.00632	0.00730	0.00802	0.00462	0.00498	0.00790	0.01129	0.01458	0.03757	0.61085	0.22069	0.01678	0.00705	0.00219	0.00316	0.01496	0.00522	0.00462
13	0.00706	0.00506	0.00671	0.00770	0.00821	0.00471	0.00524	0.00835	0.01173	0.01589	0.16747	0.65774	0.04018	0.01649	0.00708	0.00219	0.00315	0.01491	0.00540	0.00471
14	0.00788	0.00566	0.00758	0.00811	0.00912	0.00536	0.00619	0.00999	0.01358	0.01859	0.35499	0.28601	0.04307	0.01442	0.00708	0.00213	0.00346	0.18607	0.00564	0.00505
15	0.00677	0.00571	0.00587	0.00583	0.00767	0.00480	0.00437	0.00831	0.01311	0.01587	0.12131	0.05306	0.70012	0.01400	0.00665	0.00189	0.00283	0.01172	0.00531	0.00480
16	0.01505	0.80561	0.02949	0.00963	0.01444	0.02227	0.00963	0.01685	0.01143	0.01324	0.00782	0.00903	0.00722	0.00481	0.00361	0.00120	0.00602	0.00301	0.00241	0.00722
17	0.46732	0.01002	0.00999	0.00831	0.01200	0.01045	0.00683	0.02065	0.01230	0.32093	0.01418	0.01384	0.00971	0.00600	0.00437	0.00172	0.00442	0.00422	0.05533	0.00742
18	0.01876	0.10137	0.05453	0.01328	0.01777	0.04782	0.06137	0.50549	0.02164	0.02865	0.01250	0.01351	0.00934	0.00869	0.05763	0.00214	0.00726	0.00492	0.00465	0.00869
19	0.00811	0.00570	0.00736	0.00732	0.00781	0.00605	0.00494	0.00908	0.00909	0.01260	0.07175	0.03156	0.02041	0.45220	0.31539	0.00656	0.00894	0.00750	0.00346	0.00417
20	0.75791	0.01138	0.00915	0.00797	0.01156	0.01312	0.00657	0.09151	0.01131	0.02630	0.00842	0.00959	0.00645	0.00538	0.00370	0.00174	0.00454	0.00325	0.00370	0.00645
21	0.00784	0.00551	0.00672	0.00689	0.00731	0.00558	0.00444	0.00849	0.00912	0.01219	0.02257	0.13840	0.08893	0.47680	0.17011	0.00540	0.00680	0.00915	0.00374	0.00400
22	0.01129	0.02911	0.77306	0.01604	0.02436	0.01307	0.02079	0.01782	0.01188	0.01782	0.01010	0.01188	0.00713	0.00535	0.00535	0.00178	0.00832	0.00416	0.00238	0.00832
23	0.00802	0.00573	0.00786	0.00916	0.01000	0.00557	0.00724	0.00984	0.01192	0.01567	0.03038	0.41244	0.03468	0.01654	0.00749	0.00245	0.00427	0.39065	0.00520	0.00489
24	0.01129	0.02911	0.77306	0.01604	0.02436	0.01307	0.02079	0.01782	0.01188	0.01782	0.01010	0.01188	0.00713	0.00535	0.00535	0.00178	0.00832	0.00416	0.00238	0.00832
25	0.01400	0.01209	0.01273	0.01145	0.01463	0.01400	0.00891	0.02990	0.75695	0.02354	0.02291	0.02100	0.01718	0.00764	0.00573	0.00191	0.00445	0.00636	0.00573	0.00891
26	0.00738	0.00512	0.00637	0.00716	0.00736	0.00492	0.00450	0.00797	0.00975	0.01300	0.02575	0.49628	0.03057	0.32898	0.01570	0.00354	0.00413	0.01290	0.00450	0.00411
27	0.01129	0.02911	0.77306	0.01604	0.02436	0.01307	0.02079	0.01782	0.01188	0.01782	0.01010	0.01188	0.00713	0.00535	0.00535	0.00178	0.00832	0.00416	0.00238	0.00832
28	0.00818	0.00546	0.00614	0.00614	0.00614	0.00546	0.00341	0.00818	0.00818	0.01091	0.01773	0.03683	0.02046	0.80222	0.02864	0.00546	0.00546	0.00818	0.00341	0.00341
29	0.00772	0.00594	0.00713	0.00748	0.00867	0.00564	0.00535	0.01055	0.07942	0.01737	0.21420	0.37138	0.20929	0.01446	0.00680	0.00204	0.00313	0.01276	0.00551	0.00518
30	0.02115	0.02293	0.01628	0.01395	0.01742	0.51158	0.01081	0.27776	0.01964	0.02140	0.01039	0.01133	0.00807	0.00614	0.00527	0.00153	0.00876	0.00413	0.00386	0.00760
31	0.00701	0.00582	0.00620	0.00640	0.00821	0.00501	0.00499	0.00861	0.01285	0.01545	0.05295	0.05555	0.65563	0.01445	0.00682	0.00200	0.00320	0.11883	0.00522	0.00482
32	0.00748	0.00535	0.00725	0.00855	0.00915	0.00511	0.00631	0.00892	0.01139	0.01507	0.03067	0.59006	0.03585	0.01704	0.00735	0.00237	0.00381	0.21830	0.00521	0.00474
33	0.01492	0.01729	0.02554	0.02087	0.08776	0.21702	0.42143	0.01842	0.01357	0.01648	0.01094	0.01436	0.00873	0.00844	0.07620	0.00241	0.00993	0.00564	0.00287	0.00719
34	0.01237	0.01037	0.01132	0.01027	0.01295	0.01165	0.00793	0.02469	0.55642	0.02328	0.22350	0.02669	0.02690	0.00868	0.00597	0.00187	0.00397	0.00739	0.00585	0.00793
35	0.01231	0.01231	0.01724	0.01477	0.01477	0.01724	0.01231	0.01354	0.00862	0.01354	0.00739	0.01231	0.00739	0.00985	0.01847	0.00246	0.79192	0.00492	0.00246	0.00616
36	0.84197	0.01088	0.00827	0.00740	0.01088	0.01262	0.00609	0.01654	0.00958	0.02525	0.00784	0.00914	0.00609	0.00522	0.00348	0.00174	0.00435	0.00305	0.00348	0.00609
37	0.00818	0.00565	0.00711	0.00777	0.00823	0.00558	0.00550	0.00917	0.01017	0.01343	0.02415	0.20310	0.02756	0.40068	0.01786	0.00393	0.00492	0.22851	0.00432	0.00419
38	0.01176	0.01008	0.01171	0.00845	0.01339	0.00775	0.00675	0.01477	0.04015	0.01854	0.01050	0.01203	0.00867	0.00430	0.00423	0.00087	0.00418	0.00345	0.00343	0.80499
39	0.01209	0.01149	0.01952	0.45513	0.36092	0.01289	0.01636	0.01566	0.01194	0.01615	0.01026	0.01453	0.00813	0.00536	0.00560	0.00179	0.00714	0.00501	0.00263	0.00743
40	0.00772	0.00574	0.00719	0.00682	0.00826	0.00521	0.00512	0.01015	0.01536	0.02120	0.63318	0.04428	0.18492	0.01201	0.00664	0.00179	0.00269	0.01049	0.00602	0.00521
41	0.00756	0.00555	0.00630	0.00659	0.00801	0.00486	0.00476	0.00899	0.01242	0.04012	0.08898	0.28878	0.43371	0.01461	0.00668	0.00199	0.00302	0.01262	0.03956	0.00490
42	0.70893	0.01067	0.00905	0.00783	0.01145	0.01192	0.00645	0.01832	0.01064	0.14674	0.01018	0.01077	0.00737	0.00551	0.00384	0.00174	0.00442	0.00347	0.00405	0.00666
43	0.00787	0.00571	0.00741	0.00707	0.00837	0.00526	0.00527	0.01040	0.01558	0.02193	0.70551	0.07819	0.07651	0.01189	0.00666	0.00180	0.00269	0.01051	0.00612	0.00526
44	0.00767	0.00541	0.00704	0.00728	0.00823	0.00503	0.00521	0.00969	0.01380	0.01941	0.45332	0.32542	0.04530	0.01357	0.00671	0.00194	0.00288	0.01213	0.04491	0.00503
45	0.01429	0.01270	0.01286	0.01158	0.01475	0.04563	0.00899	0.02960	0.72634	0.02314	0.02232	0.02055	0.01677	0.00756	0.00570	0.00189	0.00469	0.00625	0.00561	0.00881
46	0.01341	0.01410	0.01728	0.04385	0.04539	0.11299	0.01245	0.01484	0.00980	0.01379	0.00777	0.01220	0.00743	0.00900	0.01581	0.00228	0.63399	0.00477	0.00253	0.00631
47	0.00744	0.00531	0.00720	0.00850	0.00909	0.00507	0.00624	0.00884	0.01135	0.01502	0.03070	0.60458	0.03595	0.01708	0.00734	0.00237	0.00377	0.20421	0.00521	0.00473
48	0.01454	0.70114	0.12953	0.01049	0.01578	0.02103	0.01113	0.01698	0.01149	0.01386	0.00813	0.00941	0.00721	0.00489	0.00384	0.00128	0.00633	0.00316	0.00240	0.00737
49	0.10001	0.01354	0.01930	0.05420	0.48888	0.04952	0.01433	0.07863	0.04483	0.06630	0.01166	0.01388	0.00920	0.00547	0.00535	0.00169	0.00639	0.00485	0.00346	0.00851
50	0.00793	0.00550	0.00627	0.00627	0.00666	0.00532	0.00381	0.00845	0.00974	0.01294	0.11294	0.07105	0.10775	0.58647	0.02265	0.00448	0.00474	0.00916	0.00402	0.00384
51	0.04412	0.01554	0.12861	0.02531	0.46123	0.04426	0.01524	0.01770	0.03279	0.03620	0.01086	0.01331	0.00875	0.00511	0.00526	0.00158	0.00654	0.00459	0.00301	0.12000
52	0.01567	0.74409	0.02833	0.00985	0.01456	0.05324	0.00963	0.01747	0.01179	0.04101	0.00839	0.00944	0.00747	0.00493	0.00375	0.00123	0.00614	0.00313	0.00259	0.00728
53	0.01914	0.02031	0.01682	0.12731	0.07199	0.39876	0.01195	0.22799	0.01805	0.02037	0.01039	0.01207	0.00806	0.00599	0.00535	0.00159	0.00840	0.00433	0.00361	0.00752

[dist]
# distance from previous block
# <min> <max>
0	83

[block]
# block no. 5 follows, 42 sequences, length 32
# corresponding to MSA columns:
# 436-467
name=unknown_F
#
# <colnr> <probs for GDERKNQSTAVLIFYWHMCP>
#	G	D	E	R	K	N	Q	S	T	A	V	L	I	F	Y	W	H	M	C	P
0	0.01481	0.01380	0.02285	0.03109	0.62117	0.01394	0.06874	0.10808	0.01454	0.02048	0.01101	0.01397	0.00897	0.00521	0.00566	0.00169	0.00683	0.00514	0.00314	0.00890
1	0.01861	0.01358	0.01511	0.01218	0.01606	0.04284	0.03666	0.33781	0.23433	0.13283	0.06593	0.01825	0.01508	0.00724	0.00574	0.00176	0.00553	0.00586	0.00568	0.00892
2	0.00689	0.00534	0.00631	0.00698	0.00806	0.00475	0.00497	0.00819	0.01194	0.01513	0.06925	0.42067	0.35180	0.01587	0.00696	0.00211	0.00314	0.04169	0.00526	0.00470
3	0.01087	0.01025	0.01732	0.73325	0.09231	0.01257	0.01575	0.01459	0.01137	0.01467	0.01005	0.01492	0.00761	0.00558	0.00562	0.00186	0.00744	0.00500	0.00252	0.00645
4	0.01316	0.01259	0.02146	0.20907	0.59856	0.01317	0.01689	0.01660	0.01245	0.01746	0.01045	0.01418	0.00859	0.00516	0.00558	0.00172	0.00687	0.00501	0.00272	0.00830
5	0.01246	0.01010	0.01466	0.37896	0.09179	0.01162	0.01215	0.01874	0.18518	0.06606	0.06016	0.01870	0.01362	0.00656	0.00557	0.00180	0.00585	0.00569	0.07316	0.00718
6	0.01393	0.01337	0.02284	0.03454	0.76712	0.01337	0.01727	0.01727	0.01281	0.01839	0.01059	0.01393	0.00891	0.00501	0.00557	0.00167	0.00669	0.00501	0.00279	0.00891
7	0.01393	0.01337	0.02284	0.03454	0.76712	0.01337	0.01727	0.01727	0.01281	0.01839	0.01059	0.01393	0.00891	0.00501	0.00557	0.00167	0.00669	0.00501	0.00279	0.00891
8	0.01239	0.01396	0.10409	0.12167	0.42870	0.01233	0.08996	0.01615	0.01282	0.01801	0.07360	0.01781	0.04144	0.00599	0.00579	0.00175	0.00677	0.00577	0.00308	0.00793
9	0.00694	0.00504	0.00658	0.00778	0.00828	0.00468	0.00533	0.00804	0.01105	0.01455	0.03310	0.70237	0.09686	0.01725	0.00717	0.00227	0.00332	0.04955	0.00522	0.00461
10	0.01686	0.01688	0.01994	0.02554	0.44332	0.19305	0.01442	0.14341	0.03659	0.02036	0.01099	0.01317	0.00887	0.00557	0.00547	0.00163	0.00735	0.00474	0.00338	0.00847
11	0.01705	0.01697	0.02000	0.02595	0.45873	0.21117	0.01452	0.10283	0.01531	0.04832	0.01088	0.01311	0.00875	0.00549	0.00545	0.00162	0.00745	0.00469	0.00330	0.00840
12	0.01063	0.01000	0.01688	0.78870	0.03876	0.01250	0.01563	0.01438	0.01125	0.01438	0.01000	0.01500	0.00750	0.00563	0.00563	0.00188	0.00750	0.00500	0.00250	0.00625
13	0.00817	0.00551	0.00639	0.00639	0.00648	0.00559	0.00372	0.00835	0.00826	0.01110	0.01750	0.03556	0.01991	0.73654	0.09357	0.00577	0.00629	0.00800	0.00338	0.00355
14	0.01370	0.00856	0.01040	0.00916	0.01082	0.00914	0.00683	0.20715	0.07888	0.03957	0.01270	0.01674	0.01072	0.01410	0.01485	0.47590	0.00508	0.00510	0.04534	0.00525
15	0.01624	0.04236	0.32011	0.01326	0.01900	0.01348	0.01392	0.15305	0.17431	0.15416	0.01550	0.01531	0.01091	0.00636	0.00548	0.00177	0.00643	0.00502	0.00448	0.00886
16	0.01129	0.02911	0.77306	0.01604	0.02436	0.01307	0.02079	0.01782	0.01188	0.01782	0.01010	0.01188	0.00713	0.00535	0.00535	0.00178	0.00832	0.00416	0.00238	0.00832
17	0.00728	0.00568	0.00672	0.00736	0.00871	0.00512	0.00566	0.00887	0.01233	0.01538	0.04388	0.24677	0.40421	0.01542	0.00705	0.00216	0.00351	0.18387	0.00521	0.00481
18	0.00864	0.00605	0.00852	0.00825	0.00949	0.00639	0.00633	0.01082	0.01175	0.04539	0.27367	0.03001	0.04643	0.04865	0.44653	0.00600	0.00987	0.00764	0.00432	0.00525
19	0.01337	0.31750	0.41119	0.01349	0.01976	0.06620	0.01559	0.01756	0.01182	0.01565	0.00903	0.01073	0.00718	0.00539	0.00531	0.00158	0.04482	0.00373	0.00243	0.00769
20	0.84197	0.01088	0.00827	0.00740	0.01088	0.01262	0.00609	0.01654	0.00958	0.02525	0.00784	0.00914	0.00609	0.00522	0.00348	0.00174	0.00435	0.00305	0.00348	0.00609
21	0.02419	0.01128	0.01412	0.01082	0.01522	0.01080	0.00894	0.22625	0.01896	0.56816	0.01981	0.01760	0.01273	0.00691	0.00565	0.00173	0.00518	0.00550	0.00660	0.00958
22	0.01380	0.01324	0.02261	0.06346	0.73919	0.01334	0.01721	0.01716	0.01275	0.01823	0.01056	0.01397	0.00886	0.00504	0.00557	0.00168	0.00672	0.00501	0.00277	0.00881
23	0.00737	0.00554	0.00694	0.00782	0.00886	0.00511	0.00589	0.00892	0.01205	0.01545	0.05961	0.38327	0.24531	0.01597	0.00716	0.00223	0.00360	0.18885	0.00524	0.00479
24	0.00816	0.00549	0.00631	0.00625	0.00642	0.00544	0.00365	0.00849	0.00915	0.01236	0.11039	0.03747	0.02451	0.70406	0.02591	0.00500	0.00511	0.00843	0.00376	0.00365
25	0.00811	0.00574	0.00758	0.00758	0.00807	0.00624	0.00520	0.00911	0.00861	0.01198	0.01642	0.02955	0.01730	0.42626	0.40028	0.00723	0.01021	0.00712	0.00321	0.00421
26	0.00720	0.00504	0.00643	0.00739	0.00764	0.00480	0.00475	0.00793	0.01010	0.01347	0.02756	0.60035	0.03286	0.22178	0.01277	0.00311	0.00384	0.01397	0.00475	0.00427
27	0.01944	0.01593	0.01617	0.01372	0.04967	0.08978	0.01062	0.49237	0.18165	0.03007	0.01494	0.01481	0.01095	0.00678	0.00559	0.00171	0.00622	0.00520	0.00526	0.00911
28	0.80577	0.04568	0.00920	0.00750	0.01104	0.01305	0.00625	0.01656	0.00966	0.02472	0.00784	0.00914	0.00614	0.00521	0.00349	0.00172	0.00443	0.00305	0.00344	0.00614
29	0.00678	0.00540	0.00608	0.00656	0.00784	0.00470	0.00467	0.00808	0.01216	0.01516	0.07366	0.33641	0.46181	0.01543	0.00685	0.00204	0.00300	0.01338	0.00526	0.00470
30	0.01331	0.01473	0.02966	0.08073	0.12080	0.03219	0.55492	0.01759	0.01295	0.01752	0.01096	0.01478	0.00843	0.00508	0.00688	0.00188	0.04106	0.00618	0.00280	0.00757
31	0.01624	0.01868	0.01366	0.01257	0.01477	0.45493	0.00960	0.04597	0.01370	0.01436	0.01103	0.01447	0.00969	0.01851	0.27198	0.00411	0.04204	0.00456	0.00303	0.00611

[dist]
# distance from previous block
# <min> <max>
0	2

[block]
# block no. 6 follows, 42 sequences, length 43
# corresponding to MSA columns:
# 470-512
name=unknown_G
#
# <colnr> <probs for GDERKNQSTAVLIFYWHMCP>
#	G	D	E	R	K	N	Q	S	T	A	V	L	I	F	Y	W	H	M	C	P
0	0.49212	0.04330	0.01214	0.01065	0.03829	0.19463	0.00818	0.06774	0.05215	0.02248	0.00931	0.01046	0.00732	0.00557	0.00420	0.00166	0.00599	0.00356	0.00355	0.00671
1	0.01118	0.01035	0.01725	0.43708	0.26068	0.01170	0.01456	0.01439	0.01150	0.01543	0.01224	0.07379	0.01091	0.04157	0.03241	0.00223	0.00710	0.00599	0.00285	0.00679
2	0.00804	0.00603	0.00904	0.00904	0.01005	0.00703	0.00703	0.01005	0.00904	0.01306	0.01507	0.02211	0.01407	0.04221	0.77992	0.00904	0.01507	0.00603	0.00301	0.00502
3	0.01686	0.01948	0.01873	0.07184	0.28286	0.39140	0.04445	0.01924	0.01419	0.01564	0.01060	0.04875	0.00930	0.00602	0.00545	0.00161	0.00841	0.00491	0.00294	0.00730
4	0.01493	0.01495	0.02143	0.07167	0.60451	0.10831	0.01612	0.04772	0.01368	0.01830	0.01044	0.01350	0.00866	0.00522	0.00552	0.00166	0.00714	0.00484	0.00290	0.00850
5	0.01492	0.01473	0.01450	0.19212	0.02089	0.16907	0.01093	0.05143	0.40690	0.01988	0.01669	0.01713	0.01264	0.00676	0.00557	0.00180	0.00638	0.00544	0.00440	0.00783
6	0.01186	0.14747	0.65972	0.01506	0.02285	0.01447	0.01909	0.01767	0.01181	0.01712	0.00975	0.01145	0.00714	0.00527	0.00508	0.00169	0.00797	0.00398	0.00238	0.00815
7	0.00721	0.00572	0.00647	0.00629	0.00794	0.00499	0.00471	0.00916	0.01414	0.01833	0.35688	0.04902	0.46301	0.01309	0.00665	0.00185	0.00277	0.01116	0.00564	0.00499
8	0.00971	0.00889	0.01231	0.39390	0.02389	0.05880	0.01073	0.01219	0.01166	0.01484	0.06431	0.31387	0.02158	0.01056	0.00624	0.00200	0.00577	0.00941	0.00379	0.00557
9	0.02056	0.02595	0.01639	0.01580	0.06602	0.72994	0.01129	0.02213	0.01574	0.01407	0.00882	0.01039	0.00736	0.00575	0.00511	0.00146	0.00992	0.00371	0.00289	0.00668
10	0.00712	0.00505	0.00658	0.00756	0.00794	0.00475	0.00501	0.00815	0.01096	0.01474	0.09992	0.63401	0.03673	0.11158	0.00972	0.00262	0.00347	0.01450	0.00510	0.00450
11	0.01778	0.00928	0.01066	0.00875	0.01182	0.00933	0.00704	0.18749	0.04415	0.26061	0.01862	0.01869	0.01325	0.00677	0.00493	0.00156	0.00419	0.00538	0.35194	0.00774
12	0.01187	0.01127	0.01913	0.50421	0.31351	0.01283	0.01625	0.01547	0.01184	0.01589	0.01022	0.01460	0.00803	0.00540	0.00561	0.00180	0.00719	0.00501	0.00261	0.00726
13	0.00989	0.00605	0.00771	0.00738	0.00815	0.00618	0.00499	0.01076	0.00951	0.08984	0.04329	0.03108	0.01913	0.48064	0.23575	0.00595	0.00798	0.00739	0.00376	0.00456
14	0.00694	0.00542	0.00625	0.00664	0.00787	0.00478	0.00472	0.00834	0.01242	0.01581	0.14389	0.31091	0.39494	0.03548	0.00740	0.00211	0.00304	0.01298	0.00531	0.00473
15	0.02197	0.01266	0.01465	0.01131	0.01559	0.01299	0.00932	0.41465	0.02147	0.32564	0.01978	0.01838	0.06028	0.00732	0.00571	0.00172	0.00542	0.00574	0.00613	0.00926
16	0.01327	0.00971	0.01122	0.00940	0.01198	0.01011	0.00744	0.30203	0.02009	0.02766	0.46764	0.03077	0.03591	0.00963	0.00624	0.00174	0.00405	0.00816	0.00597	0.00699
17	0.01113	0.01168	0.02331	0.01748	0.02164	0.01087	0.46717	0.01484	0.01340	0.01777	0.08924	0.02968	0.16145	0.00821	0.00675	0.00195	0.00719	0.07582	0.00383	0.00661
18	0.01362	0.01305	0.02228	0.10582	0.69828	0.01329	0.01712	0.01700	0.01267	0.01801	0.01053	0.01403	0.00878	0.00507	0.00558	0.00169	0.00676	0.00501	0.00276	0.00866
19	0.01040	0.00892	0.01275	0.19427	0.12505	0.00883	0.00950	0.01268	0.01090	0.01531	0.01490	0.05682	0.04446	0.16352	0.05972	0.00274	0.00616	0.00604	0.00322	0.23381
20	0.01506	0.01234	0.10142	0.07950	0.01727	0.00945	0.00973	0.01943	0.08914	0.20056	0.01429	0.01476	0.01038	0.00547	0.00496	0.00137	0.00513	0.00445	0.00427	0.38103
21	0.01355	0.01344	0.01379	0.01164	0.01470	0.16005	0.06666	0.06855	0.13241	0.01831	0.01963	0.12300	0.09094	0.00845	0.00643	0.00167	0.05429	0.00693	0.00415	0.17142
22	0.00672	0.00542	0.00599	0.00644	0.00780	0.00469	0.00461	0.00799	0.01211	0.01491	0.04796	0.31340	0.51143	0.01543	0.00684	0.00203	0.00299	0.01331	0.00523	0.00469
23	0.02066	0.01610	0.01831	0.01396	0.01852	0.04419	0.07629	0.65753	0.02491	0.03314	0.01315	0.01354	0.00940	0.00654	0.00570	0.00170	0.00663	0.00516	0.00528	0.00929
24	0.00978	0.00489	0.00733	0.00733	0.00733	0.00489	0.00489	0.00733	0.00733	0.00978	0.00978	0.01711	0.00978	0.01955	0.02199	0.83627	0.00489	0.00489	0.00244	0.00244
25	0.01063	0.01000	0.01688	0.78870	0.03876	0.01250	0.01563	0.01438	0.01125	0.01438	0.01000	0.01500	0.00750	0.00563	0.00563	0.00188	0.00750	0.00500	0.00250	0.00625
26	0.01555	0.09915	0.19873	0.01391	0.01887	0.04080	0.11297	0.20671	0.01617	0.08845	0.01483	0.12111	0.01271	0.00742	0.00569	0.00177	0.00674	0.00636	0.00411	0.00796
27	0.01857	0.01486	0.04813	0.01589	0.02075	0.02987	0.24675	0.28527	0.07481	0.16395	0.01493	0.01553	0.01049	0.00615	0.00595	0.00178	0.00702	0.00572	0.00482	0.00878
28	0.01231	0.01231	0.01724	0.01477	0.01477	0.01724	0.01231	0.01354	0.00862	0.01354	0.00739	0.01231	0.00739	0.00985	0.01847	0.00246	0.79192	0.00492	0.00246	0.00616
29	0.32440	0.00971	0.00963	0.00768	0.01142	0.00915	0.00601	0.01424	0.01040	0.01993	0.01025	0.01417	0.00915	0.11402	0.00727	0.00181	0.00441	0.00389	0.00340	0.40906
30	0.00804	0.00603	0.00904	0.00904	0.01005	0.00703	0.00703	0.01005	0.00904	0.01306	0.01507	0.02211	0.01407	0.04221	0.77992	0.00904	0.01507	0.00603	0.00301	0.00502
31	0.00890	0.00654	0.00736	0.00739	0.00893	0.00635	0.00546	0.05860	0.06722	0.01841	0.10630	0.26559	0.25828	0.01300	0.00633	0.00192	0.00330	0.02571	0.11897	0.00544
32	0.00723	0.00525	0.00682	0.00743	0.00821	0.00484	0.00519	0.00882	0.01270	0.01727	0.28762	0.48723	0.08993	0.01528	0.00696	0.00208	0.00303	0.01371	0.00556	0.00484
33	0.36767	0.01081	0.01097	0.00897	0.01269	0.01144	0.00737	0.14905	0.01477	0.25412	0.01423	0.01411	0.00990	0.00615	0.00457	0.00169	0.00465	0.00441	0.08474	0.00769
34	0.00686	0.00490	0.00653	0.00784	0.00816	0.00457	0.00522	0.00784	0.01077	0.01437	0.03102	0.79855	0.03722	0.01763	0.00718	0.00229	0.00326	0.01600	0.00522	0.00457
35	0.01159	0.01099	0.01862	0.56868	0.25125	0.01276	0.01611	0.01522	0.01171	0.01555	0.01017	0.01469	0.00791	0.00545	0.00561	0.00182	0.00726	0.00501	0.00258	0.00703
36	0.00994	0.00764	0.00953	0.00905	0.01000	0.00859	0.00683	0.07588	0.01217	0.01720	0.07804	0.27404	0.09743	0.06387	0.01070	0.02312	0.16890	0.00982	0.10187	0.00537
37	0.01304	0.39122	0.42631	0.01305	0.01973	0.01736	0.01559	0.01737	0.01167	0.01569	0.00904	0.01055	0.00717	0.00510	0.00454	0.00151	0.00725	0.00362	0.00239	0.00781
38	0.00875	0.00831	0.05784	0.00863	0.01118	0.00655	0.04585	0.01147	0.01397	0.01962	0.40471	0.06627	0.14198	0.01166	0.03910	0.00199	0.00417	0.00894	0.00505	0.12393
39	0.03221	0.22863	0.10993	0.04711	0.04644	0.03020	0.00978	0.04445	0.04007	0.01665	0.05970	0.20243	0.09218	0.00945	0.00550	0.00175	0.00526	0.00787	0.00386	0.00653
40	0.12430	0.17353	0.21633	0.04496	0.01771	0.07539	0.04609	0.06372	0.01277	0.04341	0.01172	0.05448	0.00986	0.02602	0.00543	0.00173	0.00656	0.00480	0.05404	0.00715
41	0.06956	0.16125	0.10617	0.01038	0.01455	0.04002	0.00950	0.13410	0.04098	0.07600	0.03374	0.08786	0.04327	0.03505	0.00589	0.00170	0.00549	0.00577	0.00409	0.11463
42	0.01366	0.08446	0.14366	0.01362	0.10558	0.01160	0.01098	0.08259	0.09705	0.09041	0.04676	0.11662	0.01582	0.04462	0.00656	0.00185	0.00550	0.00649	0.00420	0.09796

[dist]
# distance from previous block
# <min> <max>
0	97

[block]
