[name]
unknown

[dist]
# distance from previous block
# <min> <max>
1	474

[block]
# block no. 0 follows, 44 sequences, length 79
# corresponding to MSA columns:
# 1028-1106
name=unknown_A
#
# <colnr> <probs for GDERKNQSTAVLIFYWHMCP>
#	G	D	E	R	K	N	Q	S	T	A	V	L	I	F	Y	W	H	M	C	P
0	0.01481	0.06902	0.01566	0.26609	0.06440	0.18690	0.01111	0.05719	0.03385	0.08138	0.01146	0.01494	0.00927	0.07165	0.00693	0.00186	0.00692	0.00464	0.00328	0.06866
1	0.14302	0.01273	0.01417	0.01533	0.18537	0.10282	0.00994	0.12001	0.05221	0.17252	0.03542	0.06327	0.03612	0.00689	0.00522	0.00168	0.00557	0.00559	0.00444	0.00769
2	0.01282	0.06299	0.02263	0.02111	0.24076	0.01190	0.29535	0.01594	0.01233	0.06911	0.01568	0.08678	0.05301	0.04650	0.00699	0.00193	0.00679	0.00683	0.00334	0.00723
3	0.01263	0.01247	0.06871	0.01913	0.30473	0.01173	0.01190	0.07712	0.12191	0.01883	0.01610	0.01866	0.07321	0.05981	0.00758	0.00188	0.05330	0.00556	0.00359	0.10115
4	0.01803	0.01107	0.01204	0.07448	0.01494	0.11877	0.00834	0.07081	0.01484	0.35716	0.05245	0.07459	0.06549	0.00953	0.04451	0.00204	0.00580	0.00640	0.03129	0.00742
5	0.12024	0.01115	0.01161	0.01328	0.17229	0.11683	0.00833	0.01422	0.01252	0.05801	0.02743	0.02739	0.30047	0.00845	0.00536	0.00162	0.00493	0.00687	0.00397	0.07506
6	0.07821	0.00902	0.07278	0.01083	0.08486	0.00803	0.00786	0.01255	0.03645	0.04349	0.10252	0.16951	0.02237	0.17189	0.01080	0.00257	0.04415	0.04902	0.05751	0.00558
7	0.08597	0.07876	0.01823	0.05391	0.10869	0.01431	0.08533	0.29146	0.04092	0.14954	0.01314	0.01380	0.00946	0.00588	0.00522	0.00164	0.00600	0.00486	0.00449	0.00836
8	0.08199	0.01669	0.07888	0.07704	0.01840	0.26669	0.12683	0.01634	0.01208	0.01506	0.01140	0.06889	0.01047	0.06423	0.05771	0.00242	0.06039	0.00544	0.00294	0.00611
9	0.04295	0.34394	0.11122	0.01079	0.01503	0.11116	0.01028	0.09312	0.01322	0.01674	0.01175	0.06212	0.01100	0.00661	0.00465	0.00148	0.00621	0.06418	0.00319	0.06035
10	0.01364	0.40299	0.22568	0.07611	0.01861	0.01709	0.01271	0.04152	0.06386	0.04161	0.00999	0.01134	0.00796	0.00534	0.00483	0.00149	0.03117	0.00381	0.00281	0.00743
11	0.01232	0.11368	0.23480	0.01153	0.01580	0.01164	0.07198	0.07577	0.05452	0.06267	0.01602	0.02073	0.06020	0.18755	0.01029	0.00247	0.00622	0.00575	0.01934	0.00672
12	0.05806	0.14512	0.07069	0.03258	0.01672	0.01552	0.05214	0.29598	0.07778	0.06937	0.01248	0.01332	0.00935	0.00622	0.00593	0.00164	0.06469	0.00464	0.03978	0.00798
13	0.20318	0.10254	0.05226	0.01238	0.09570	0.12230	0.00933	0.01788	0.05395	0.11301	0.01320	0.01471	0.03318	0.01101	0.12061	0.00265	0.00719	0.00448	0.00358	0.00687
14	0.01079	0.02547	0.66863	0.01530	0.02264	0.01211	0.06592	0.01670	0.01192	0.01766	0.07260	0.01412	0.01066	0.00563	0.00536	0.00173	0.00768	0.00466	0.00264	0.00777
15	0.01264	0.35937	0.20830	0.01489	0.11815	0.01578	0.07340	0.01602	0.01199	0.01596	0.09436	0.01412	0.01228	0.00554	0.00473	0.00148	0.00637	0.00451	0.00282	0.00729
16	0.01697	0.03783	0.09584	0.01356	0.06195	0.16417	0.01100	0.22884	0.18701	0.06546	0.05186	0.01552	0.01249	0.00650	0.00534	0.00164	0.00636	0.00505	0.00448	0.00812
17	0.01177	0.01161	0.13366	0.05863	0.15865	0.00925	0.01105	0.01567	0.08132	0.10275	0.01910	0.19909	0.01856	0.07517	0.00776	0.00219	0.00540	0.06749	0.00412	0.00679
18	0.00741	0.00541	0.00694	0.00758	0.00852	0.00508	0.00567	0.00905	0.01210	0.01604	0.18928	0.31507	0.14593	0.06554	0.00823	0.00232	0.00353	0.17649	0.00514	0.00467
19	0.01302	0.01460	0.23084	0.03186	0.03654	0.03814	0.01102	0.04457	0.07534	0.15567	0.07392	0.06832	0.16612	0.00850	0.00571	0.00176	0.00536	0.00705	0.00448	0.00718
20	0.01545	0.12801	0.06639	0.01998	0.28922	0.05159	0.07376	0.12244	0.01455	0.09534	0.01423	0.01556	0.05764	0.00587	0.00526	0.00159	0.00638	0.00509	0.00358	0.00804
21	0.01226	0.01247	0.01605	0.01489	0.06266	0.07875	0.01155	0.01368	0.00924	0.01339	0.00829	0.01292	0.00797	0.01243	0.10218	0.00297	0.59496	0.00479	0.00250	0.00604
22	0.00991	0.00699	0.00832	0.00925	0.03338	0.05531	0.00641	0.01122	0.01157	0.09984	0.02699	0.57990	0.03043	0.01464	0.00666	0.00211	0.00401	0.07276	0.00503	0.00527
23	0.01221	0.01378	0.15403	0.07205	0.18223	0.01097	0.15099	0.02986	0.04506	0.06115	0.12487	0.03918	0.01615	0.00649	0.00567	0.00172	0.00621	0.00613	0.05394	0.00732
24	0.01149	0.18029	0.08895	0.01377	0.14441	0.01195	0.01017	0.04606	0.06393	0.01637	0.01573	0.18429	0.02316	0.01138	0.08371	0.00233	0.00618	0.00679	0.00350	0.07555
25	0.01069	0.01015	0.01713	0.68540	0.10625	0.01238	0.02526	0.01421	0.01098	0.01432	0.00967	0.01435	0.00741	0.00553	0.00589	0.00182	0.03494	0.00487	0.00245	0.00631
26	0.01177	0.15630	0.58115	0.01448	0.02157	0.01423	0.04267	0.01787	0.05968	0.01689	0.01026	0.01173	0.00759	0.00522	0.00497	0.00165	0.00749	0.00406	0.00253	0.00789
27	0.01333	0.01393	0.07065	0.03232	0.72634	0.01293	0.01695	0.01677	0.01236	0.01778	0.01022	0.01337	0.00852	0.00488	0.00538	0.00163	0.00658	0.00480	0.00267	0.00860
28	0.01342	0.01084	0.01176	0.01057	0.01327	0.01217	0.00814	0.16732	0.44857	0.02303	0.02202	0.18678	0.01938	0.01917	0.00610	0.00193	0.00441	0.00793	0.00540	0.00779
29	0.01543	0.19563	0.22321	0.02760	0.04445	0.07794	0.01239	0.12677	0.02344	0.09242	0.01096	0.01188	0.00825	0.00534	0.00474	0.00145	0.00649	0.00399	0.00341	0.10420
30	0.01367	0.16845	0.26998	0.01241	0.04877	0.01282	0.01241	0.09822	0.01392	0.10454	0.12697	0.01707	0.01517	0.00845	0.05222	0.00202	0.00651	0.00511	0.00377	0.00752
31	0.01451	0.76048	0.02753	0.00944	0.01400	0.02106	0.00928	0.01713	0.05930	0.01347	0.00851	0.00949	0.00761	0.00484	0.00363	0.00121	0.00573	0.00312	0.00254	0.00710
32	0.00825	0.00835	0.05854	0.07550	0.12406	0.00703	0.00790	0.01024	0.01168	0.01482	0.03669	0.08155	0.43051	0.09124	0.00829	0.00217	0.00430	0.00936	0.00414	0.00540
33	0.01492	0.13392	0.14953	0.01306	0.07768	0.01287	0.03055	0.13227	0.09246	0.12992	0.14055	0.01840	0.01687	0.00672	0.00531	0.00163	0.00551	0.00553	0.00443	0.00786
34	0.00835	0.00624	0.00759	0.00814	0.00911	0.00631	0.00600	0.01147	0.11264	0.01506	0.02805	0.29423	0.08949	0.18253	0.01126	0.00286	0.00418	0.18684	0.00474	0.00492
35	0.00654	0.00549	0.00568	0.00572	0.00744	0.00463	0.00426	0.00798	0.01254	0.01518	0.10354	0.08917	0.68560	0.01379	0.00647	0.00185	0.00277	0.01159	0.00513	0.00463
36	0.01361	0.01233	0.01924	0.24636	0.35556	0.01347	0.04203	0.12823	0.05921	0.01936	0.01119	0.01415	0.00877	0.00555	0.00580	0.00172	0.02736	0.00500	0.00320	0.00787
37	0.01633	0.09572	0.10434	0.01659	0.18100	0.10777	0.01211	0.06976	0.13373	0.14542	0.01403	0.01460	0.01825	0.00609	0.00571	0.00164	0.04005	0.00479	0.00396	0.00811
38	0.14618	0.01265	0.01377	0.01077	0.01480	0.01351	0.00887	0.43416	0.02027	0.20827	0.05206	0.01512	0.01186	0.00660	0.00519	0.00166	0.00524	0.00499	0.00547	0.00856
39	0.00662	0.00482	0.00625	0.00740	0.00786	0.00444	0.00497	0.00761	0.01063	0.01399	0.03243	0.73364	0.10572	0.01677	0.00691	0.00218	0.00312	0.01512	0.00506	0.00444
40	0.04205	0.01183	0.01832	0.08764	0.43533	0.01188	0.01352	0.07490	0.01402	0.21677	0.01327	0.01472	0.00975	0.00553	0.00537	0.00166	0.00596	0.00496	0.00396	0.00855
41	0.28127	0.06721	0.01368	0.01127	0.01447	0.43819	0.00881	0.01998	0.01325	0.07360	0.00908	0.01011	0.00715	0.00547	0.00439	0.00150	0.00743	0.00345	0.00325	0.00645
42	0.02037	0.02598	0.01545	0.01404	0.01685	0.78652	0.01053	0.02177	0.01545	0.01334	0.00843	0.00983	0.00702	0.00562	0.00492	0.00140	0.00983	0.00351	0.00281	0.00632
43	0.00685	0.00501	0.00644	0.00720	0.00790	0.00460	0.00497	0.00820	0.01175	0.01574	0.19421	0.55295	0.12322	0.01542	0.00678	0.00206	0.00299	0.01382	0.00527	0.00460
44	0.00770	0.00561	0.00726	0.00696	0.00828	0.00518	0.00530	0.01018	0.01506	0.02105	0.67908	0.04276	0.09822	0.01156	0.00650	0.00177	0.00273	0.05383	0.00588	0.00510
45	0.13632	0.00592	0.00558	0.00545	0.00696	0.00617	0.00409	0.01289	0.01087	0.02030	0.01621	0.01962	0.01314	0.05956	0.00534	0.00160	0.00298	0.00495	0.65696	0.00509
46	0.02040	0.07142	0.04911	0.01219	0.01653	0.10334	0.01037	0.47958	0.02135	0.14202	0.01331	0.01317	0.00939	0.00628	0.00525	0.00159	0.00631	0.00466	0.00500	0.00873
47	0.01924	0.01373	0.01493	0.01188	0.01589	0.01513	0.00967	0.49267	0.21686	0.10713	0.01631	0.01553	0.01162	0.00679	0.00548	0.00170	0.00542	0.00529	0.00561	0.00910
48	0.00664	0.00474	0.00633	0.00759	0.00791	0.00443	0.00506	0.00759	0.01044	0.01392	0.03005	0.80485	0.03606	0.01708	0.00696	0.00221	0.00316	0.01550	0.00506	0.00443
49	0.01980	0.02491	0.01600	0.01564	0.07924	0.72281	0.01104	0.02135	0.01520	0.01371	0.00858	0.01013	0.00716	0.00556	0.00496	0.00142	0.00956	0.00362	0.00280	0.00651
50	0.08113	0.31681	0.43830	0.01255	0.01897	0.01592	0.01497	0.01681	0.01117	0.01621	0.00879	0.01027	0.00686	0.00498	0.00441	0.00152	0.00692	0.00353	0.00240	0.00749
51	0.07656	0.01283	0.01176	0.01048	0.01292	0.17513	0.00810	0.15708	0.07613	0.06202	0.01468	0.06921	0.01293	0.06417	0.20758	0.00370	0.00845	0.00573	0.00401	0.00653
52	0.01093	0.02820	0.78016	0.01554	0.02360	0.01266	0.02014	0.01727	0.01151	0.01727	0.00978	0.01151	0.00691	0.00518	0.00518	0.00173	0.00806	0.00403	0.00230	0.00806
53	0.00683	0.00558	0.00606	0.00607	0.00777	0.00481	0.00463	0.00851	0.01298	0.01614	0.18459	0.05092	0.59092	0.01340	0.00651	0.00186	0.00288	0.05956	0.00523	0.00473
54	0.01279	0.23874	0.14705	0.01268	0.01699	0.01356	0.14263	0.06488	0.03324	0.05789	0.01516	0.19137	0.01455	0.00786	0.00538	0.00169	0.00610	0.00693	0.00356	0.00698
55	0.02093	0.01006	0.01255	0.01015	0.01400	0.00981	0.00821	0.02735	0.25782	0.53387	0.02173	0.01913	0.01451	0.00696	0.00550	0.00174	0.00453	0.00570	0.00636	0.00907
56	0.00706	0.00492	0.00620	0.00706	0.00727	0.00471	0.00449	0.00770	0.00963	0.01283	0.02588	0.55583	0.03080	0.27327	0.01369	0.00321	0.00385	0.01305	0.00449	0.00406
57	0.01472	0.00907	0.01084	0.00905	0.01184	0.00910	0.00719	0.18387	0.07934	0.18849	0.34515	0.02849	0.06155	0.00896	0.00593	0.00171	0.00395	0.00756	0.00596	0.00724
58	0.10999	0.11304	0.13157	0.01221	0.01620	0.32610	0.01091	0.12325	0.01510	0.01874	0.06575	0.01261	0.01049	0.00592	0.00481	0.00151	0.00738	0.00413	0.00335	0.00695
59	0.01949	0.01042	0.01296	0.01040	0.01393	0.01059	0.00849	0.25657	0.01727	0.36678	0.01725	0.01745	0.01217	0.01440	0.18209	0.00327	0.00733	0.00538	0.00547	0.00828
60	0.00873	0.00624	0.00870	0.00986	0.01112	0.00621	0.00858	0.01124	0.01271	0.01663	0.07059	0.06033	0.03250	0.01484	0.00747	0.00247	0.00488	0.69681	0.00508	0.00503
61	0.01454	0.01376	0.04445	0.06334	0.02130	0.01433	0.27285	0.25495	0.01596	0.02177	0.01256	0.07873	0.01061	0.00707	0.00779	0.00188	0.12665	0.00627	0.00373	0.00747
62	0.00924	0.00655	0.00805	0.00770	0.00852	0.00703	0.00534	0.09234	0.01033	0.01411	0.01666	0.07487	0.01761	0.42223	0.26989	0.00582	0.00826	0.00737	0.00353	0.00455
63	0.00786	0.00554	0.00723	0.00723	0.00767	0.00598	0.00490	0.00875	0.00831	0.01152	0.01601	0.02918	0.01700	0.45887	0.37342	0.00687	0.00953	0.00698	0.00313	0.00402
64	0.00974	0.01293	0.21213	0.01132	0.05928	0.00888	0.01027	0.01528	0.13136	0.02010	0.36209	0.02896	0.07783	0.00878	0.00590	0.00174	0.00453	0.00755	0.00470	0.00663
65	0.00775	0.00534	0.00658	0.00673	0.00697	0.00551	0.00424	0.00827	0.00839	0.01139	0.01808	0.11885	0.02033	0.55762	0.18574	0.00568	0.00702	0.00834	0.00342	0.00376
66	0.01449	0.01571	0.13278	0.01990	0.28740	0.05942	0.01356	0.13626	0.01417	0.03927	0.01047	0.01255	0.00829	0.00553	0.00616	0.00156	0.07162	0.00440	0.00326	0.14320
67	0.04824	0.01311	0.10557	0.01582	0.15725	0.02158	0.08796	0.13653	0.01533	0.12579	0.13550	0.02122	0.07769	0.00714	0.00566	0.00170	0.00565	0.00625	0.00440	0.00761
68	0.79711	0.01147	0.00846	0.00758	0.01092	0.05889	0.00618	0.01637	0.00965	0.02379	0.00764	0.00892	0.00597	0.00509	0.00347	0.00167	0.00456	0.00299	0.00334	0.00593
69	0.01617	0.34231	0.18217	0.01168	0.01680	0.06164	0.01178	0.17470	0.04125	0.07765	0.01084	0.01147	0.00830	0.00548	0.00457	0.00146	0.00642	0.00392	0.00347	0.00790
70	0.00900	0.00722	0.00904	0.00970	0.06055	0.00715	0.00674	0.01343	0.15061	0.01846	0.23653	0.21475	0.12336	0.01173	0.00630	0.00188	0.00355	0.06337	0.00517	0.04145
71	0.00765	0.00557	0.00720	0.00679	0.00811	0.00512	0.00509	0.01017	0.01528	0.02151	0.73581	0.04131	0.08738	0.01128	0.00643	0.00172	0.00258	0.00994	0.00595	0.00512
72	0.01010	0.00820	0.00883	0.00834	0.01056	0.00866	0.00647	0.01780	0.33503	0.01956	0.11642	0.03536	0.25390	0.01023	0.00592	0.00183	0.00354	0.05876	0.07403	0.00646
73	0.01268	0.01551	0.16099	0.09851	0.45383	0.01293	0.07742	0.01748	0.06435	0.01767	0.01101	0.01380	0.00872	0.00513	0.00546	0.00169	0.00691	0.00492	0.00280	0.00818
74	0.01271	0.01580	0.09261	0.02238	0.02810	0.01370	0.69524	0.01745	0.01276	0.01745	0.01093	0.01445	0.00816	0.00464	0.00633	0.00183	0.00910	0.00624	0.00272	0.00741
75	0.77884	0.01181	0.00863	0.00774	0.01106	0.07600	0.00629	0.01650	0.00979	0.02354	0.00766	0.00894	0.00600	0.00511	0.00350	0.00166	0.00468	0.00300	0.00333	0.00594
76	0.01575	0.05163	0.30832	0.01313	0.01869	0.01194	0.06451	0.02245	0.17220	0.24180	0.01585	0.01555	0.01100	0.00605	0.00536	0.00172	0.00624	0.00503	0.00433	0.00844
77	0.01471	0.01528	0.01495	0.01618	0.18592	0.24305	0.01041	0.07709	0.03679	0.01723	0.01439	0.07965	0.05655	0.00694	0.00585	0.00153	0.04595	0.00549	0.00346	0.14860
78	0.84691	0.01054	0.00801	0.00717	0.01054	0.01223	0.00590	0.01603	0.00928	0.02446	0.00759	0.00886	0.00590	0.00506	0.00337	0.00169	0.00422	0.00295	0.00337	0.00590

[dist]
# distance from previous block
# <min> <max>
4	12

[block]
# block no. 1 follows, 44 sequences, length 9
# corresponding to MSA columns:
# 1126-1134
name=unknown_B
#
# <colnr> <probs for GDERKNQSTAVLIFYWHMCP>
#	G	D	E	R	K	N	Q	S	T	A	V	L	I	F	Y	W	H	M	C	P
0	0.00672	0.00553	0.00590	0.00581	0.00753	0.00472	0.00436	0.00835	0.01307	0.01626	0.20905	0.04995	0.61741	0.01324	0.00644	0.00181	0.00272	0.01115	0.00526	0.00472
1	0.01771	0.01782	0.01681	0.01399	0.01661	0.27157	0.04155	0.26554	0.01669	0.02050	0.00973	0.01174	0.00787	0.00703	0.00895	0.00179	0.23882	0.00447	0.00357	0.00725
2	0.01654	0.03747	0.10438	0.03581	0.01695	0.01474	0.01104	0.45137	0.06975	0.02669	0.01310	0.01446	0.00992	0.01130	0.11624	0.00268	0.02992	0.00496	0.00447	0.00821
3	0.84691	0.01054	0.00801	0.00717	0.01054	0.01223	0.00590	0.01603	0.00928	0.02446	0.00759	0.00886	0.00590	0.00506	0.00337	0.00169	0.00422	0.00295	0.00337	0.00590
4	0.01330	0.05688	0.25001	0.01796	0.21278	0.04459	0.01421	0.08410	0.05187	0.04682	0.05358	0.01666	0.05617	0.00645	0.00604	0.00170	0.05047	0.00520	0.00341	0.00779
5	0.00815	0.00526	0.00586	0.00586	0.00599	0.00526	0.00335	0.00841	0.00828	0.01155	0.01724	0.03414	0.01923	0.72802	0.02535	0.00488	0.00501	0.00764	0.08702	0.00348
6	0.14401	0.43797	0.13315	0.01092	0.01580	0.05679	0.05181	0.01741	0.01147	0.06408	0.00902	0.01017	0.00730	0.00498	0.00409	0.00141	0.00622	0.00347	0.00282	0.00711
7	0.00946	0.00596	0.00785	0.00715	0.00875	0.00544	0.00544	0.01199	0.01545	0.10072	0.69332	0.03841	0.04748	0.01069	0.00633	0.00171	0.00279	0.00940	0.00608	0.00558
8	0.00956	0.05339	0.07983	0.00923	0.01122	0.00848	0.00780	0.08807	0.01169	0.01615	0.07174	0.19037	0.02017	0.07535	0.31618	0.00481	0.00867	0.00793	0.00381	0.00556

[dist]
# distance from previous block
# <min> <max>
0	18

[block]
# block no. 2 follows, 44 sequences, length 32
# corresponding to MSA columns:
# 1153-1175,1192-1200
name=unknown_C
#
# <colnr> <probs for GDERKNQSTAVLIFYWHMCP>
#	G	D	E	R	K	N	Q	S	T	A	V	L	I	F	Y	W	H	M	C	P
0	0.00742	0.00556	0.00688	0.00655	0.00796	0.00502	0.00491	0.00971	0.01473	0.02020	0.60440	0.04346	0.21960	0.01177	0.00643	0.00174	0.00262	0.01024	0.00578	0.00502
1	0.01871	0.19950	0.01881	0.01401	0.05937	0.52374	0.01061	0.06646	0.01494	0.01480	0.00864	0.01000	0.00725	0.00542	0.00466	0.00138	0.00851	0.00354	0.00286	0.00679
2	0.29509	0.40927	0.09000	0.00950	0.01394	0.06049	0.00926	0.03158	0.01105	0.01762	0.00795	0.00919	0.00667	0.00494	0.00373	0.00142	0.00572	0.00310	0.00277	0.00673
3	0.01456	0.01593	0.07502	0.02863	0.58469	0.11940	0.01585	0.04877	0.01333	0.01786	0.01009	0.01283	0.00832	0.00506	0.00532	0.00160	0.00703	0.00462	0.00280	0.00830
4	0.01084	0.00984	0.01576	0.13967	0.27706	0.01019	0.05378	0.01441	0.05886	0.01740	0.13481	0.14362	0.01997	0.00811	0.00615	0.00177	0.02597	0.00744	0.00375	0.04058
5	0.00764	0.00557	0.00718	0.00677	0.00810	0.00511	0.00508	0.01013	0.01524	0.02141	0.72647	0.04146	0.09677	0.01131	0.00643	0.00172	0.00258	0.00996	0.00594	0.00511
6	0.01730	0.02017	0.01843	0.02270	0.35468	0.44155	0.01330	0.01952	0.01410	0.01534	0.00924	0.01146	0.00774	0.00528	0.00513	0.00150	0.00834	0.00411	0.00276	0.00735
7	0.01473	0.01175	0.01474	0.01458	0.12762	0.01270	0.04125	0.15279	0.35253	0.06967	0.11046	0.02020	0.01788	0.00717	0.00565	0.00175	0.00495	0.00617	0.00512	0.00830
8	0.00806	0.00581	0.00792	0.00911	0.01014	0.00567	0.00749	0.01007	0.01195	0.01556	0.03061	0.26909	0.07232	0.01556	0.00731	0.00239	0.00438	0.49670	0.00503	0.00483
9	0.28612	0.09737	0.14809	0.06337	0.01611	0.01349	0.01024	0.12241	0.09066	0.02210	0.05186	0.03385	0.01109	0.00616	0.00462	0.00167	0.00542	0.00457	0.00372	0.00709
10	0.03419	0.01412	0.10023	0.18293	0.42456	0.04210	0.05523	0.01616	0.01220	0.01712	0.04222	0.01445	0.00984	0.00530	0.00541	0.00168	0.00685	0.00496	0.00277	0.00768
11	0.84691	0.01054	0.00801	0.00717	0.01054	0.01223	0.00590	0.01603	0.00928	0.02446	0.00759	0.00886	0.00590	0.00506	0.00337	0.00169	0.00422	0.00295	0.00337	0.00590
12	0.01560	0.01252	0.01613	0.04530	0.12623	0.04972	0.08147	0.17787	0.19765	0.09559	0.05904	0.04283	0.01451	0.00685	0.00559	0.00172	0.00567	0.00597	0.03173	0.00805
13	0.02267	0.01215	0.01443	0.01106	0.01535	0.01228	0.00914	0.37635	0.02041	0.42160	0.01747	0.01594	0.01147	0.00665	0.00547	0.00166	0.00529	0.00521	0.00613	0.00927
14	0.00793	0.00529	0.00595	0.00595	0.00595	0.00529	0.00330	0.00793	0.00793	0.01057	0.01718	0.03568	0.01982	0.80840	0.02775	0.00529	0.00529	0.00793	0.00330	0.00330
15	0.84691	0.01054	0.00801	0.00717	0.01054	0.01223	0.00590	0.01603	0.00928	0.02446	0.00759	0.00886	0.00590	0.00506	0.00337	0.00169	0.00422	0.00295	0.00337	0.00590
16	0.01093	0.02820	0.78016	0.01554	0.02360	0.01266	0.02014	0.01727	0.01151	0.01727	0.00978	0.01151	0.00691	0.00518	0.00518	0.00173	0.00806	0.00403	0.00230	0.00806
17	0.01264	0.00671	0.00807	0.00723	0.00968	0.00575	0.00559	0.01422	0.01325	0.27617	0.04037	0.13977	0.41548	0.01182	0.00618	0.00184	0.00346	0.00997	0.00564	0.00618
18	0.02354	0.01075	0.01356	0.01040	0.01465	0.01019	0.00859	0.20552	0.01806	0.59574	0.01944	0.01722	0.01246	0.00670	0.00548	0.00167	0.00497	0.00534	0.00643	0.00928
19	0.00664	0.00474	0.00633	0.00759	0.00791	0.00443	0.00506	0.00759	0.01044	0.01392	0.03005	0.80485	0.03606	0.01708	0.00696	0.00221	0.00316	0.01550	0.00506	0.00443
20	0.00644	0.00552	0.00552	0.00552	0.00736	0.00460	0.00414	0.00782	0.01243	0.01473	0.05523	0.05247	0.77218	0.01381	0.00644	0.00184	0.00276	0.01151	0.00506	0.00460
21	0.01243	0.01282	0.01624	0.06318	0.01582	0.08606	0.01180	0.01382	0.00917	0.01317	0.00773	0.01228	0.00741	0.01020	0.04704	0.00252	0.64519	0.00470	0.00245	0.00596
22	0.01948	0.14656	0.01746	0.01332	0.01641	0.66913	0.01035	0.02093	0.01478	0.01326	0.00830	0.00966	0.00702	0.00547	0.00470	0.00137	0.00922	0.00342	0.00274	0.00642
23	0.01365	0.01145	0.01213	0.01089	0.01391	0.01315	0.00853	0.06663	0.66940	0.02311	0.02175	0.02133	0.01663	0.00756	0.00554	0.00184	0.00436	0.03051	0.03923	0.00840
24	0.01395	0.01346	0.09950	0.01479	0.02012	0.01043	0.29312	0.01756	0.01260	0.13829	0.01209	0.01377	0.00889	0.00480	0.00530	0.00144	0.00651	0.00489	0.00351	0.30498
25	0.01030	0.00969	0.01635	0.79530	0.03755	0.01211	0.01514	0.01393	0.01090	0.01393	0.00969	0.01453	0.00727	0.00545	0.00545	0.00182	0.00727	0.00484	0.00242	0.00606
26	0.01853	0.01418	0.01512	0.01210	0.01607	0.01588	0.00983	0.53318	0.25224	0.03082	0.01588	0.01531	0.01153	0.00681	0.00548	0.00170	0.00548	0.00529	0.00548	0.00907
27	0.02446	0.00928	0.01265	0.00970	0.01392	0.00801	0.00801	0.02657	0.01560	0.77817	0.02151	0.01856	0.01350	0.00675	0.00548	0.00169	0.00464	0.00548	0.00675	0.00928
28	0.01356	0.01171	0.01233	0.01109	0.01418	0.01356	0.00863	0.02897	0.76455	0.02281	0.02219	0.02034	0.01664	0.00740	0.00555	0.00185	0.00431	0.00616	0.00555	0.00863
29	0.00686	0.00554	0.00610	0.00596	0.00762	0.00478	0.00447	0.00863	0.01341	0.01706	0.28928	0.04863	0.53668	0.01294	0.00644	0.00180	0.00270	0.01097	0.00537	0.00478
30	0.01035	0.00928	0.01467	0.09122	0.25891	0.00938	0.05855	0.01383	0.05967	0.01709	0.09209	0.12059	0.11563	0.00944	0.00615	0.00188	0.00519	0.09554	0.00402	0.00654
31	0.01664	0.00809	0.01041	0.00868	0.01160	0.00754	0.00690	0.02052	0.10489	0.38941	0.28863	0.02673	0.02741	0.00838	0.00576	0.00170	0.00378	0.00711	0.03823	0.00757

[dist]
# distance from previous block
# <min> <max>
0	11

[block]
# block no. 3 follows, 44 sequences, length 188
# corresponding to MSA columns:
# 1212-1399
name=unknown_D
#
# <colnr> <probs for GDERKNQSTAVLIFYWHMCP>
#	G	D	E	R	K	N	Q	S	T	A	V	L	I	F	Y	W	H	M	C	P
0	0.15070	0.14392	0.19397	0.01016	0.01439	0.01247	0.01017	0.13008	0.01358	0.02017	0.07376	0.08893	0.10118	0.00780	0.00505	0.00167	0.00528	0.00613	0.00382	0.00678
1	0.05776	0.03791	0.10279	0.01515	0.13893	0.09086	0.01125	0.02340	0.37335	0.05136	0.03107	0.01655	0.01297	0.00640	0.00526	0.00172	0.00567	0.00522	0.00429	0.00810
2	0.01233	0.23317	0.11623	0.01511	0.16997	0.06363	0.03244	0.01508	0.01212	0.01612	0.08559	0.10287	0.01523	0.00688	0.00499	0.00152	0.00577	0.00577	0.03474	0.05044
3	0.70579	0.01012	0.00845	0.00741	0.01070	0.01137	0.00602	0.01685	0.00996	0.11295	0.00974	0.01140	0.00753	0.04716	0.00489	0.00187	0.00432	0.00351	0.00377	0.00617
4	0.21570	0.01081	0.01231	0.03626	0.06626	0.01167	0.00863	0.07933	0.22329	0.21283	0.01621	0.01598	0.01171	0.00812	0.04574	0.00210	0.00528	0.00498	0.00489	0.00791
5	0.00664	0.00474	0.00633	0.00759	0.00791	0.00443	0.00506	0.00759	0.01044	0.01392	0.03005	0.80485	0.03606	0.01708	0.00696	0.00221	0.00316	0.01550	0.00506	0.00443
6	0.00947	0.00473	0.00710	0.00710	0.00710	0.00473	0.00473	0.00710	0.00710	0.00947	0.00947	0.01657	0.00947	0.01894	0.02131	0.84138	0.00473	0.00473	0.00237	0.00237
7	0.80996	0.01049	0.00822	0.00728	0.01069	0.01204	0.00600	0.01650	0.00956	0.05833	0.00822	0.00929	0.00625	0.00514	0.00347	0.00169	0.00424	0.00307	0.00353	0.00606
8	0.00750	0.00540	0.00709	0.00701	0.00810	0.00500	0.00513	0.00974	0.01441	0.02023	0.61966	0.19723	0.04829	0.01236	0.00654	0.00182	0.00269	0.01101	0.00581	0.00500
9	0.18460	0.01447	0.02188	0.01708	0.04066	0.09333	0.37901	0.01954	0.13938	0.01938	0.01192	0.01392	0.00908	0.00528	0.00547	0.00176	0.00734	0.00533	0.00336	0.00720
10	0.01030	0.00969	0.01635	0.79530	0.03755	0.01211	0.01514	0.01393	0.01090	0.01393	0.00969	0.01453	0.00727	0.00545	0.00545	0.00182	0.00727	0.00484	0.00242	0.00606
11	0.01674	0.01304	0.01639	0.01293	0.01640	0.01435	0.09069	0.41973	0.07765	0.05268	0.06898	0.06561	0.01439	0.00770	0.00697	0.00179	0.08475	0.00620	0.00492	0.00808
12	0.01236	0.00972	0.01082	0.00974	0.01233	0.01072	0.00754	0.02318	0.49841	0.06192	0.24929	0.02643	0.02703	0.00850	0.00581	0.00180	0.00380	0.00725	0.00575	0.00761
13	0.00793	0.00529	0.00595	0.00595	0.00595	0.00529	0.00330	0.00793	0.00793	0.01057	0.01718	0.03568	0.01982	0.80840	0.02775	0.00529	0.00529	0.00793	0.00330	0.00330
14	0.01030	0.00969	0.01635	0.79530	0.03755	0.01211	0.01514	0.01393	0.01090	0.01393	0.00969	0.01453	0.00727	0.00545	0.00545	0.00182	0.00727	0.00484	0.00242	0.00606
15	0.01649	0.25298	0.27214	0.01217	0.01777	0.04872	0.03798	0.01994	0.01281	0.24046	0.01258	0.01281	0.00893	0.00549	0.00480	0.00154	0.00651	0.00419	0.00366	0.00800
16	0.01288	0.01107	0.01171	0.01066	0.01354	0.01268	0.00824	0.02690	0.69142	0.02198	0.02408	0.06271	0.05160	0.00819	0.00566	0.00187	0.00418	0.00689	0.00550	0.00823
17	0.00664	0.00474	0.00633	0.00759	0.00791	0.00443	0.00506	0.00759	0.01044	0.01392	0.03005	0.80485	0.03606	0.01708	0.00696	0.00221	0.00316	0.01550	0.00506	0.00443
18	0.01254	0.01180	0.01994	0.15322	0.58433	0.01219	0.01573	0.01577	0.01218	0.01705	0.01192	0.01820	0.01056	0.00592	0.00561	0.00173	0.00647	0.07409	0.00287	0.00788
19	0.01182	0.01261	0.02319	0.09644	0.02355	0.05175	0.41874	0.01523	0.01207	0.01598	0.01418	0.10934	0.01327	0.00758	0.00750	0.00197	0.08253	0.07260	0.00316	0.00649
20	0.00656	0.00505	0.00601	0.00678	0.00769	0.00450	0.00470	0.00768	0.01121	0.01423	0.03989	0.51086	0.32369	0.01580	0.00676	0.00207	0.00301	0.01394	0.00506	0.00450
21	0.02072	0.01527	0.01636	0.01254	0.01691	0.01691	0.01036	0.75622	0.02563	0.03436	0.01309	0.01309	0.00927	0.00654	0.00545	0.00164	0.00600	0.00491	0.00545	0.00927
22	0.01685	0.01570	0.01349	0.01164	0.01460	0.24090	0.00913	0.31707	0.04454	0.02319	0.08106	0.09790	0.03624	0.00838	0.00567	0.00169	0.00636	0.04377	0.00465	0.00720
23	0.01033	0.01064	0.05550	0.75533	0.03683	0.01214	0.01540	0.01410	0.01093	0.01410	0.00969	0.01438	0.00725	0.00544	0.00544	0.00181	0.00731	0.00480	0.00242	0.00616
24	0.01948	0.02449	0.01526	0.01434	0.04223	0.72009	0.01047	0.02101	0.01535	0.01393	0.04761	0.01154	0.00935	0.00588	0.00501	0.00143	0.00934	0.00388	0.00297	0.00634
25	0.00787	0.00552	0.00712	0.00712	0.00753	0.00592	0.00477	0.00868	0.00828	0.01144	0.01610	0.02973	0.01724	0.48833	0.34430	0.00674	0.00917	0.00706	0.00314	0.00396
26	0.01898	0.03124	0.17117	0.01244	0.01696	0.21544	0.01147	0.10446	0.06962	0.25914	0.01444	0.01422	0.01010	0.00667	0.01776	0.00173	0.00701	0.00462	0.00444	0.00809
27	0.01108	0.02716	0.72229	0.01611	0.02397	0.01275	0.07696	0.01728	0.01162	0.01728	0.00988	0.01176	0.00701	0.00513	0.00528	0.00174	0.00814	0.00421	0.00234	0.00800
28	0.02037	0.02598	0.01545	0.01404	0.01685	0.78652	0.01053	0.02177	0.01545	0.01334	0.00843	0.00983	0.00702	0.00562	0.00492	0.00140	0.00983	0.00351	0.00281	0.00632
29	0.01044	0.00989	0.01638	0.72525	0.03546	0.01252	0.01485	0.01386	0.01067	0.01386	0.00946	0.01430	0.00726	0.00582	0.00657	0.00187	0.07823	0.00484	0.00242	0.00605
30	0.01753	0.01427	0.09443	0.01497	0.06984	0.01303	0.12739	0.20989	0.15833	0.19879	0.01591	0.01584	0.01120	0.00619	0.00560	0.00173	0.00611	0.00542	0.00484	0.00869
31	0.00793	0.00529	0.00595	0.00595	0.00595	0.00529	0.00330	0.00793	0.00793	0.01057	0.01718	0.03568	0.01982	0.80840	0.02775	0.00529	0.00529	0.00793	0.00330	0.00330
32	0.00652	0.00520	0.00585	0.00637	0.00759	0.00453	0.00452	0.00773	0.01161	0.01440	0.04490	0.36093	0.47039	0.01515	0.00665	0.00199	0.00293	0.01314	0.00506	0.00453
33	0.01491	0.49050	0.21377	0.01098	0.01639	0.01738	0.01184	0.01823	0.03296	0.11247	0.01033	0.01102	0.00808	0.00514	0.00423	0.00139	0.00619	0.00361	0.00298	0.00760
34	0.04668	0.01298	0.01387	0.01096	0.01462	0.01432	0.00897	0.57237	0.02191	0.03063	0.01373	0.01454	0.01014	0.00825	0.04588	0.00195	0.00583	0.00492	0.13920	0.00825
35	0.00750	0.00540	0.00709	0.00701	0.00810	0.00500	0.00513	0.00974	0.01441	0.02023	0.61966	0.19723	0.04829	0.01236	0.00654	0.00182	0.00269	0.01101	0.00581	0.00500
36	0.01621	0.01438	0.03817	0.01703	0.20539	0.06653	0.01138	0.31163	0.10315	0.02447	0.01489	0.01564	0.04942	0.00627	0.00533	0.00158	0.00590	0.00511	0.00428	0.08322
37	0.00708	0.00550	0.00616	0.00602	0.00739	0.00488	0.00433	0.00863	0.01269	0.01637	0.27947	0.04607	0.42280	0.13731	0.00977	0.00234	0.00310	0.01042	0.00509	0.00457
38	0.00793	0.00529	0.00595	0.00595	0.00595	0.00529	0.00330	0.00793	0.00793	0.01057	0.01718	0.03568	0.01982	0.80840	0.02775	0.00529	0.00529	0.00793	0.00330	0.00330
39	0.04273	0.25590	0.35387	0.01302	0.01908	0.01618	0.03552	0.16830	0.01424	0.01971	0.00977	0.01102	0.00742	0.00529	0.00471	0.00154	0.00688	0.00391	0.00301	0.00790
40	0.18141	0.00839	0.00905	0.00933	0.01133	0.03747	0.00792	0.05911	0.01280	0.01885	0.02524	0.04487	0.09384	0.01200	0.00635	0.00218	0.00489	0.44485	0.00463	0.00548
41	0.00664	0.00474	0.00633	0.00759	0.00791	0.00443	0.00506	0.00759	0.01044	0.01392	0.03005	0.80485	0.03606	0.01708	0.00696	0.00221	0.00316	0.01550	0.00506	0.00443
42	0.01485	0.01292	0.01302	0.01144	0.01467	0.05432	0.00896	0.12399	0.62854	0.02383	0.02028	0.01884	0.01517	0.00719	0.00550	0.00180	0.00482	0.00586	0.00539	0.00859
43	0.01194	0.24367	0.57346	0.01383	0.02095	0.01511	0.01717	0.01701	0.01139	0.01604	0.00918	0.01075	0.00693	0.00504	0.00472	0.00157	0.00744	0.00372	0.00231	0.00777
44	0.05684	0.06299	0.04585	0.01424	0.10349	0.05134	0.07680	0.11661	0.01541	0.35064	0.01517	0.01491	0.01041	0.00589	0.00525	0.00161	0.00586	0.00491	0.00484	0.03692
45	0.01319	0.01502	0.03091	0.02330	0.07490	0.04292	0.68015	0.01758	0.01294	0.01733	0.01088	0.01445	0.00825	0.00465	0.00631	0.00181	0.00904	0.00622	0.00276	0.00739
46	0.01349	0.01295	0.02213	0.03346	0.77440	0.01295	0.01673	0.01673	0.01241	0.01781	0.01025	0.01349	0.00864	0.00486	0.00540	0.00162	0.00648	0.00486	0.00270	0.00864
47	0.01942	0.04951	0.01593	0.04858	0.01756	0.55722	0.01057	0.14385	0.05587	0.01734	0.00995	0.01110	0.00791	0.00582	0.00501	0.00148	0.00865	0.00392	0.00336	0.00694
48	0.00824	0.00571	0.00756	0.00839	0.00948	0.00554	0.00679	0.01040	0.01245	0.01704	0.14513	0.20604	0.05912	0.01394	0.00683	0.00218	0.00393	0.37729	0.08902	0.00491
49	0.00655	0.00537	0.00578	0.00601	0.00752	0.00459	0.00438	0.00790	0.01217	0.01493	0.08679	0.20596	0.58447	0.01434	0.00655	0.00191	0.00283	0.01224	0.00511	0.00459
50	0.01585	0.01179	0.01284	0.01107	0.01446	0.01320	0.00875	0.11237	0.57866	0.12583	0.02105	0.01927	0.01537	0.00721	0.00553	0.00180	0.00455	0.00593	0.00570	0.00879
51	0.05606	0.02499	0.13740	0.01388	0.01765	0.58140	0.01185	0.06526	0.01516	0.01574	0.00889	0.01025	0.00709	0.00558	0.00492	0.00148	0.00906	0.00365	0.00291	0.00676
52	0.02433	0.00948	0.01278	0.00980	0.01402	0.00832	0.00809	0.05144	0.01595	0.75281	0.02122	0.01837	0.01335	0.00674	0.00548	0.00169	0.00469	0.00546	0.00670	0.00928
53	0.00783	0.00490	0.00592	0.00667	0.00723	0.00472	0.00450	0.00914	0.01045	0.01544	0.02499	0.48747	0.02773	0.10211	0.00835	0.00228	0.00322	0.01158	0.25101	0.00450
54	0.00772	0.00557	0.00729	0.00686	0.00814	0.00514	0.00514	0.01029	0.01543	0.02186	0.77152	0.04072	0.05144	0.01115	0.00643	0.00171	0.00257	0.00986	0.00600	0.00514
55	0.00895	0.04002	0.21353	0.17033	0.01822	0.00896	0.01100	0.01236	0.01243	0.01661	0.17655	0.03001	0.24192	0.00897	0.00580	0.00176	0.00515	0.00754	0.00389	0.00600
56	0.01314	0.01859	0.28788	0.01674	0.02246	0.01315	0.27529	0.15172	0.03439	0.02071	0.05165	0.04464	0.01150	0.00604	0.00581	0.00177	0.00751	0.00583	0.00342	0.00776
57	0.01428	0.01439	0.01440	0.09357	0.14060	0.21515	0.01054	0.11118	0.06186	0.01835	0.08459	0.02080	0.10082	0.00859	0.03254	0.00191	0.03025	0.01553	0.00383	0.00681
58	0.00793	0.00529	0.00595	0.00595	0.00595	0.00529	0.00330	0.00793	0.00793	0.01057	0.01718	0.03568	0.01982	0.80840	0.02775	0.00529	0.00529	0.00793	0.00330	0.00330
59	0.01410	0.01265	0.05196	0.02149	0.36239	0.05146	0.05883	0.06758	0.01443	0.09766	0.17244	0.01954	0.01804	0.00653	0.00566	0.00165	0.00585	0.00597	0.00399	0.00778
60	0.01338	0.01206	0.03434	0.01431	0.16972	0.04470	0.00957	0.06229	0.07172	0.04623	0.01136	0.01277	0.00905	0.00482	0.00464	0.00119	0.00507	0.00401	0.00352	0.46524
61	0.63925	0.13961	0.01227	0.00900	0.04570	0.04838	0.00715	0.01636	0.00998	0.02180	0.00775	0.00909	0.00625	0.00501	0.00355	0.00159	0.00483	0.00306	0.00315	0.00622
62	0.01247	0.20327	0.33727	0.01680	0.02316	0.01511	0.28303	0.01712	0.01190	0.01632	0.00973	0.01203	0.00742	0.00485	0.00525	0.00164	0.00796	0.00464	0.00247	0.00756
63	0.01244	0.10317	0.01370	0.05152	0.08524	0.05136	0.00848	0.04522	0.17194	0.04031	0.12903	0.02238	0.09142	0.00736	0.00521	0.00155	0.00466	0.00609	0.05674	0.09218
64	0.00644	0.00552	0.00552	0.00552	0.00736	0.00460	0.00414	0.00782	0.01243	0.01473	0.05523	0.05247	0.77218	0.01381	0.00644	0.00184	0.00276	0.01151	0.00506	0.00460
65	0.00746	0.00556	0.00693	0.00659	0.00798	0.00503	0.00494	0.00978	0.01482	0.02040	0.62481	0.04313	0.19906	0.01169	0.00643	0.00174	0.00261	0.01020	0.00581	0.00503
66	0.01251	0.01199	0.01803	0.20800	0.41503	0.04689	0.01414	0.01702	0.09632	0.01736	0.05261	0.01709	0.03740	0.00595	0.00549	0.00169	0.00624	0.00543	0.00321	0.00760
67	0.01237	0.01829	0.23489	0.02143	0.06068	0.01344	0.52194	0.01738	0.01248	0.01743	0.01066	0.01378	0.00792	0.00477	0.00605	0.00180	0.00876	0.00571	0.00263	0.00760
68	0.67683	0.01221	0.01030	0.01081	0.09905	0.08176	0.00757	0.01662	0.01019	0.02270	0.00797	0.00948	0.00632	0.00509	0.00375	0.00165	0.00498	0.00322	0.00325	0.00626
69	0.01318	0.51211	0.31595	0.01170	0.01766	0.01816	0.01346	0.01668	0.01124	0.01452	0.00842	0.00980	0.00696	0.00486	0.00414	0.00138	0.00668	0.00334	0.00232	0.00740
70	0.01101	0.00791	0.01090	0.01199	0.12762	0.00796	0.00785	0.05899	0.01185	0.09159	0.02286	0.02647	0.16821	0.08222	0.29146	0.00452	0.00827	0.00682	0.00391	0.03760
71	0.84691	0.01054	0.00801	0.00717	0.01054	0.01223	0.00590	0.01603	0.00928	0.02446	0.00759	0.00886	0.00590	0.00506	0.00337	0.00169	0.00422	0.00295	0.00337	0.00590
72	0.01576	0.65076	0.02588	0.01029	0.01458	0.17824	0.00958	0.01744	0.01197	0.01293	0.00775	0.00897	0.00700	0.00486	0.00379	0.00121	0.00665	0.00304	0.00243	0.00686
73	0.00825	0.08664	0.00921	0.00694	0.00864	0.00673	0.00544	0.01059	0.01462	0.02007	0.60647	0.03895	0.13574	0.01082	0.00614	0.00168	0.00292	0.00936	0.00552	0.00526
74	0.00664	0.00474	0.00633	0.00759	0.00791	0.00443	0.00506	0.00759	0.01044	0.01392	0.03005	0.80485	0.03606	0.01708	0.00696	0.00221	0.00316	0.01550	0.00506	0.00443
75	0.00780	0.00578	0.00846	0.00846	0.00933	0.00665	0.00644	0.00954	0.00867	0.01243	0.01488	0.02296	0.01430	0.12384	0.70476	0.00839	0.01360	0.00607	0.00296	0.00470
76	0.00693	0.00565	0.00622	0.00653	0.00819	0.00494	0.00513	0.00853	0.01238	0.01502	0.04888	0.08273	0.59265	0.01419	0.00669	0.00199	0.00324	0.16039	0.00505	0.00468
77	0.00656	0.00521	0.00591	0.00645	0.00765	0.00456	0.00460	0.00779	0.01161	0.01442	0.04440	0.36314	0.45617	0.01518	0.00667	0.00201	0.00296	0.02511	0.00506	0.00454
78	0.01349	0.01295	0.02213	0.03346	0.77440	0.01295	0.01673	0.01673	0.01241	0.01781	0.01025	0.01349	0.00864	0.00486	0.00540	0.00162	0.00648	0.00486	0.00270	0.00864
79	0.01571	0.10717	0.23495	0.01487	0.02027	0.05586	0.13457	0.28430	0.01689	0.02265	0.01078	0.01222	0.00801	0.00568	0.00569	0.00165	0.03246	0.00461	0.00355	0.00811
80	0.84691	0.01054	0.00801	0.00717	0.01054	0.01223	0.00590	0.01603	0.00928	0.02446	0.00759	0.00886	0.00590	0.00506	0.00337	0.00169	0.00422	0.00295	0.00337	0.00590
81	0.01391	0.01381	0.05771	0.08173	0.40129	0.06115	0.01371	0.13563	0.03434	0.01966	0.01602	0.01784	0.09656	0.00634	0.00549	0.00166	0.00627	0.00554	0.00346	0.00790
82	0.05798	0.00858	0.01134	0.00900	0.01258	0.00761	0.00733	0.02276	0.01528	0.58940	0.17450	0.02266	0.02093	0.00757	0.00558	0.00169	0.00420	0.00627	0.00644	0.00828
83	0.10947	0.32197	0.01969	0.03465	0.07551	0.01604	0.04284	0.01969	0.23354	0.01785	0.01338	0.03643	0.01121	0.00611	0.00461	0.00157	0.00535	0.01915	0.00358	0.00736
84	0.00760	0.00557	0.00713	0.00674	0.00807	0.00510	0.00505	0.01007	0.01516	0.02122	0.70727	0.04178	0.11608	0.01138	0.00643	0.00173	0.00259	0.01001	0.00592	0.00510
85	0.00993	0.00743	0.00987	0.01049	0.07800	0.00794	0.00699	0.10679	0.01134	0.01553	0.01769	0.08490	0.05515	0.20470	0.30571	0.04294	0.00867	0.00710	0.00357	0.00526
86	0.00683	0.00554	0.00606	0.00593	0.00760	0.00477	0.00445	0.00858	0.01334	0.01691	0.27397	0.04888	0.55208	0.01299	0.00644	0.00180	0.00270	0.01100	0.00535	0.00477
87	0.07827	0.17663	0.10630	0.01413	0.05995	0.42779	0.03096	0.01937	0.01345	0.01487	0.00853	0.01008	0.00705	0.00527	0.00462	0.00144	0.00823	0.00357	0.00269	0.00678
88	0.27741	0.38951	0.04203	0.04481	0.01465	0.12540	0.00900	0.01692	0.01113	0.01675	0.00786	0.00928	0.00667	0.00497	0.00380	0.00141	0.00601	0.00313	0.00273	0.00655
89	0.01181	0.01733	0.27689	0.05004	0.34989	0.03798	0.01581	0.01591	0.01250	0.01768	0.09923	0.01733	0.04170	0.00608	0.00547	0.00167	0.00657	0.00536	0.00303	0.00771
90	0.01057	0.03982	0.33823	0.09421	0.12985	0.01102	0.01474	0.01478	0.01105	0.01605	0.01204	0.01676	0.01004	0.01296	0.16531	0.00316	0.00860	0.03759	0.04625	0.00696
91	0.00689	0.00554	0.00614	0.00599	0.00764	0.00479	0.00449	0.00869	0.01348	0.01722	0.30567	0.04836	0.52019	0.01288	0.00644	0.00180	0.00270	0.01093	0.00539	0.00479
92	0.01030	0.00969	0.01635	0.79530	0.03755	0.01211	0.01514	0.01393	0.01090	0.01393	0.00969	0.01453	0.00727	0.00545	0.00545	0.00182	0.00727	0.00484	0.00242	0.00606
93	0.01221	0.01039	0.04561	0.05076	0.01384	0.01040	0.00845	0.18691	0.18171	0.02315	0.23066	0.07105	0.07260	0.00940	0.00599	0.00181	0.00442	0.04842	0.00526	0.00696
94	0.00662	0.00482	0.00625	0.00738	0.00785	0.00445	0.00497	0.00761	0.01064	0.01400	0.03258	0.72918	0.11009	0.01675	0.00691	0.00218	0.00312	0.01510	0.00506	0.00445
95	0.01618	0.03444	0.17812	0.05660	0.03471	0.33272	0.06732	0.04390	0.12616	0.04096	0.01161	0.01280	0.00885	0.00574	0.00523	0.00161	0.00803	0.00443	0.00328	0.00734
96	0.01356	0.08689	0.10921	0.04908	0.54036	0.05334	0.01589	0.01726	0.03194	0.01709	0.01016	0.01286	0.00838	0.00500	0.00518	0.00159	0.00674	0.00455	0.00269	0.00823
97	0.84691	0.01054	0.00801	0.00717	0.01054	0.01223	0.00590	0.01603	0.00928	0.02446	0.00759	0.00886	0.00590	0.00506	0.00337	0.00169	0.00422	0.00295	0.00337	0.00590
98	0.01626	0.33858	0.02468	0.01351	0.01809	0.01813	0.16779	0.27352	0.01642	0.02130	0.01021	0.01163	0.00806	0.00547	0.00529	0.00151	0.03378	0.00442	0.00351	0.00783
99	0.01120	0.00655	0.00956	0.00895	0.01059	0.00706	0.00706	0.01318	0.01016	0.16944	0.01602	0.02083	0.01360	0.03390	0.62677	0.00731	0.01256	0.00577	0.00370	0.00577
100	0.00793	0.00529	0.00595	0.00595	0.00595	0.00529	0.00330	0.00793	0.00793	0.01057	0.01718	0.03568	0.01982	0.80840	0.02775	0.00529	0.00529	0.00793	0.00330	0.00330
101	0.84691	0.01054	0.00801	0.00717	0.01054	0.01223	0.00590	0.01603	0.00928	0.02446	0.00759	0.00886	0.00590	0.00506	0.00337	0.00169	0.00422	0.00295	0.00337	0.00590
102	0.01093	0.02820	0.78016	0.01554	0.02360	0.01266	0.02014	0.01727	0.01151	0.01727	0.00978	0.01151	0.00691	0.00518	0.00518	0.00173	0.00806	0.00403	0.00230	0.00806
103	0.01030	0.00969	0.01635	0.79530	0.03755	0.01211	0.01514	0.01393	0.01090	0.01393	0.00969	0.01453	0.00727	0.00545	0.00545	0.00182	0.00727	0.00484	0.00242	0.00606
104	0.02417	0.00975	0.01294	0.00992	0.01415	0.00871	0.00820	0.08347	0.01639	0.72017	0.02085	0.01813	0.01317	0.00673	0.00548	0.00168	0.00475	0.00544	0.00665	0.00928
105	0.00662	0.00482	0.00625	0.00738	0.00785	0.00445	0.00497	0.00761	0.01064	0.01400	0.03258	0.72918	0.11009	0.01675	0.00691	0.00218	0.00312	0.01510	0.00506	0.00445
106	0.00708	0.00506	0.00683	0.00809	0.00860	0.00481	0.00582	0.00835	0.01087	0.01441	0.02981	0.65260	0.03510	0.01667	0.00708	0.00227	0.00354	0.16342	0.00505	0.00455
107	0.00780	0.00578	0.00844	0.00844	0.00930	0.00664	0.00641	0.00953	0.00867	0.01242	0.01490	0.02306	0.01434	0.12925	0.69942	0.00836	0.01353	0.00608	0.00296	0.00469
108	0.01426	0.61611	0.05976	0.01187	0.08987	0.01910	0.01024	0.04413	0.01180	0.01481	0.00879	0.01023	0.00768	0.00488	0.00386	0.00126	0.00579	0.00337	0.05501	0.00717
109	0.01093	0.02820	0.78016	0.01554	0.02360	0.01266	0.02014	0.01727	0.01151	0.01727	0.00978	0.01151	0.00691	0.00518	0.00518	0.00173	0.00806	0.00403	0.00230	0.00806
110	0.01145	0.00982	0.01137	0.00826	0.01300	0.00766	0.00660	0.01468	0.05861	0.01808	0.01047	0.01187	0.00861	0.00425	0.00413	0.00087	0.00405	0.00341	0.00338	0.78941
111	0.01030	0.00969	0.01635	0.79530	0.03755	0.01211	0.01514	0.01393	0.01090	0.01393	0.00969	0.01453	0.00727	0.00545	0.00545	0.00182	0.00727	0.00484	0.00242	0.00606
112	0.02072	0.01527	0.01636	0.01254	0.01691	0.01691	0.01036	0.75622	0.02563	0.03436	0.01309	0.01309	0.00927	0.00654	0.00545	0.00164	0.00600	0.00491	0.00545	0.00927
113	0.02446	0.00928	0.01265	0.00970	0.01392	0.00801	0.00801	0.02657	0.01560	0.77817	0.02151	0.01856	0.01350	0.00675	0.00548	0.00169	0.00464	0.00548	0.00675	0.00928
114	0.01356	0.01171	0.01233	0.01109	0.01418	0.01356	0.00863	0.02897	0.76455	0.02281	0.02219	0.02034	0.01664	0.00740	0.00555	0.00185	0.00431	0.00616	0.00555	0.00863
115	0.00675	0.00553	0.00594	0.00584	0.00755	0.00473	0.00438	0.00841	0.01315	0.01643	0.22649	0.04966	0.59985	0.01317	0.00644	0.00181	0.00272	0.01111	0.00529	0.00473
116	0.00972	0.00925	0.03788	0.03201	0.08111	0.00868	0.07390	0.01502	0.17806	0.01797	0.10486	0.03391	0.32793	0.00975	0.00599	0.00179	0.00428	0.00847	0.03310	0.00632
117	0.02348	0.00950	0.01262	0.00982	0.01394	0.00851	0.00807	0.02678	0.08278	0.71042	0.02157	0.01872	0.01378	0.00681	0.00549	0.00170	0.00461	0.00554	0.00664	0.00922
