[name]
unknown

[dist]
# distance from previous block
# <min> <max>
0	281

[block]
# block no. 0 follows, 39 sequences, length 51
# corresponding to MSA columns:
# 292-309,319-327,329-352
name=unknown_A
#
# <colnr> <probs for GDERKNQSTAVLIFYWHMCP>
#	G	D	E	R	K	N	Q	S	T	A	V	L	I	F	Y	W	H	M	C	P
0	0.09576	0.01402	0.15506	0.01260	0.05262	0.01097	0.01132	0.09326	0.07173	0.13214	0.02465	0.03076	0.12219	0.00951	0.00621	0.00203	0.00570	0.13673	0.00496	0.00778
1	0.04466	0.00923	0.01231	0.01136	0.05637	0.03480	0.08279	0.01500	0.04465	0.09806	0.27398	0.03707	0.23475	0.01061	0.00658	0.00190	0.00451	0.00928	0.00547	0.00659
2	0.01469	0.06084	0.16600	0.04156	0.01818	0.01173	0.08669	0.10245	0.03509	0.13130	0.18862	0.02424	0.04461	0.03925	0.00710	0.00199	0.00608	0.00692	0.00484	0.00782
3	0.01757	0.01985	0.22695	0.04807	0.06710	0.12832	0.01415	0.16705	0.01666	0.13108	0.01358	0.01509	0.01000	0.01028	0.08541	0.00259	0.00862	0.00501	0.00410	0.00851
4	0.08224	0.19697	0.09426	0.01304	0.01755	0.23136	0.04003	0.09478	0.02801	0.10360	0.01232	0.03877	0.00986	0.00642	0.00516	0.00164	0.00756	0.00469	0.00384	0.00789
5	0.20269	0.01525	0.06383	0.05998	0.10407	0.11483	0.01142	0.04605	0.08985	0.10089	0.03620	0.02665	0.01150	0.00699	0.00672	0.00189	0.08422	0.00510	0.00409	0.00777
6	0.04221	0.04264	0.04367	0.01295	0.01627	0.20235	0.05701	0.09468	0.10136	0.07452	0.03712	0.06669	0.03714	0.01198	0.09095	0.00267	0.03539	0.00626	0.00432	0.01983
7	0.01435	0.01668	0.20643	0.01503	0.10414	0.08940	0.02476	0.01845	0.05917	0.12732	0.02185	0.11826	0.09540	0.05315	0.00749	0.00212	0.00649	0.00753	0.00431	0.00764
8	0.16525	0.05905	0.06571	0.00989	0.01358	0.08939	0.00855	0.01938	0.04890	0.20076	0.12331	0.02511	0.13083	0.00847	0.00562	0.00181	0.00524	0.00664	0.00512	0.00739
9	0.10896	0.06273	0.15296	0.04353	0.08894	0.16501	0.01237	0.06692	0.04600	0.04968	0.03475	0.09583	0.03273	0.00769	0.00559	0.00181	0.00697	0.00609	0.00387	0.00758
10	0.01373	0.04743	0.31795	0.01217	0.01718	0.01137	0.01288	0.09158	0.01384	0.10036	0.05809	0.02173	0.01491	0.20054	0.01170	0.00275	0.00677	0.00599	0.00392	0.03509
11	0.11278	0.07568	0.10595	0.04527	0.01802	0.03791	0.04714	0.07005	0.25944	0.11589	0.04146	0.01752	0.01370	0.00689	0.00556	0.00185	0.00597	0.00554	0.00483	0.00854
12	0.06145	0.31539	0.15834	0.01060	0.01478	0.01490	0.01058	0.01569	0.01123	0.04495	0.01219	0.01728	0.01114	0.12887	0.14602	0.00358	0.00825	0.00488	0.00305	0.00682
13	0.01425	0.28949	0.34123	0.01466	0.02105	0.09437	0.07873	0.01849	0.01293	0.01655	0.01173	0.01335	0.03745	0.00579	0.00514	0.00164	0.00799	0.00445	0.00273	0.00794
14	0.01065	0.00643	0.00850	0.00821	0.00981	0.00598	0.00612	0.01272	0.01431	0.12886	0.32037	0.23752	0.09662	0.01670	0.08653	0.00281	0.00467	0.01131	0.00593	0.00596
15	0.01065	0.00671	0.00827	0.00772	0.00981	0.00610	0.00600	0.01272	0.01432	0.13239	0.22217	0.04396	0.33679	0.01700	0.10744	0.00296	0.00505	0.03825	0.00572	0.00598
16	0.00845	0.00634	0.00950	0.00950	0.01056	0.00739	0.00739	0.01056	0.00950	0.01373	0.01584	0.02323	0.01478	0.04435	0.76873	0.00950	0.01584	0.00634	0.00317	0.00528
17	0.01195	0.04853	0.74440	0.01670	0.02535	0.01396	0.02157	0.01870	0.01247	0.01862	0.01056	0.01242	0.00749	0.00561	0.00558	0.00186	0.00868	0.00434	0.00250	0.00871
18	0.01141	0.05216	0.39927	0.11448	0.02261	0.01252	0.01589	0.01790	0.09994	0.01868	0.06075	0.02177	0.11282	0.00756	0.00589	0.00189	0.00693	0.00617	0.00357	0.00779
19	0.00824	0.00604	0.00773	0.00731	0.00876	0.00553	0.00548	0.01091	0.01644	0.02300	0.68784	0.04536	0.12056	0.01236	0.00698	0.00187	0.00281	0.01086	0.00642	0.00553
20	0.01586	0.01550	0.04975	0.02408	0.35366	0.11736	0.06755	0.07449	0.01474	0.05664	0.01272	0.01568	0.01025	0.00980	0.08544	0.00254	0.00834	0.00532	0.05199	0.00833
21	0.00718	0.00525	0.00676	0.00797	0.00851	0.00483	0.00537	0.00826	0.01158	0.01520	0.03583	0.70175	0.12359	0.01811	0.00748	0.00235	0.00338	0.01630	0.00549	0.00483
22	0.05503	0.15354	0.23927	0.08444	0.02123	0.01519	0.06696	0.10997	0.07342	0.02074	0.01548	0.01683	0.06135	0.00658	0.00545	0.00177	0.00690	0.00530	0.03254	0.00801
23	0.01506	0.39160	0.29893	0.01376	0.01997	0.11065	0.04054	0.01885	0.01284	0.01594	0.00935	0.01097	0.00761	0.00539	0.00477	0.00155	0.00788	0.00382	0.00260	0.00794
24	0.00919	0.00555	0.00620	0.00646	0.00701	0.00548	0.00414	0.01035	0.01045	0.01587	0.02149	0.17396	0.02259	0.37057	0.01673	0.00358	0.00425	0.00906	0.29260	0.00449
25	0.01240	0.07070	0.57525	0.01719	0.02463	0.01482	0.09471	0.01828	0.01229	0.01806	0.01035	0.01272	0.00768	0.00596	0.00694	0.00192	0.08051	0.00465	0.00256	0.00838
26	0.00855	0.00593	0.00743	0.00743	0.00776	0.00626	0.00480	0.00923	0.00889	0.01219	0.01774	0.03375	0.01935	0.55294	0.26639	0.00694	0.00897	0.00788	0.00345	0.00413
27	0.01458	0.65368	0.08525	0.01021	0.01524	0.02072	0.01044	0.01682	0.01221	0.01450	0.01381	0.01467	0.08542	0.00614	0.00427	0.00139	0.00616	0.00423	0.00284	0.00741
28	0.01661	0.04654	0.29257	0.01430	0.05614	0.01276	0.01416	0.14565	0.01627	0.16163	0.05739	0.01607	0.01239	0.00639	0.00561	0.00170	0.00660	0.00511	0.00439	0.10771
29	0.01509	0.10726	0.16005	0.01281	0.01710	0.04309	0.02328	0.18083	0.12414	0.03382	0.09974	0.07479	0.01765	0.00826	0.00670	0.00187	0.05428	0.00652	0.00458	0.00814
30	0.01413	0.18915	0.06783	0.01126	0.01532	0.01456	0.04569	0.16691	0.13384	0.02166	0.02607	0.05799	0.19374	0.00900	0.00582	0.00180	0.00550	0.00732	0.00467	0.00773
31	0.01400	0.01546	0.10569	0.15642	0.33470	0.04411	0.06951	0.06851	0.01428	0.01941	0.01327	0.01993	0.01142	0.00672	0.00615	0.00192	0.00753	0.07941	0.00331	0.00825
32	0.01378	0.01181	0.01475	0.01268	0.01598	0.01294	0.09123	0.02618	0.51630	0.04586	0.05627	0.08090	0.05690	0.00896	0.00633	0.00202	0.00504	0.00791	0.00567	0.00851
33	0.00843	0.00576	0.00640	0.00640	0.00661	0.00566	0.00368	0.00859	0.00911	0.01194	0.02294	0.04060	0.09788	0.71100	0.02769	0.00534	0.00545	0.00901	0.00378	0.00373
34	0.00829	0.00598	0.00761	0.00760	0.00836	0.00613	0.00527	0.00958	0.01071	0.01462	0.13139	0.06641	0.10153	0.32518	0.25965	0.00584	0.00815	0.00892	0.00416	0.00462
35	0.00892	0.00703	0.01040	0.01013	0.01108	0.00851	0.00797	0.01094	0.00946	0.01378	0.01500	0.02216	0.01405	0.04080	0.69047	0.00878	0.09579	0.00621	0.00311	0.00540
36	0.01141	0.00901	0.01070	0.00857	0.01251	0.00709	0.00671	0.01366	0.01251	0.04990	0.02066	0.13956	0.09267	0.00839	0.00540	0.00136	0.00417	0.04226	0.00428	0.53920
37	0.01102	0.00551	0.00551	0.00551	0.00689	0.00551	0.00413	0.01378	0.01240	0.02205	0.01929	0.02205	0.01516	0.00689	0.00413	0.00138	0.00276	0.00551	0.82500	0.00551
38	0.01262	0.01083	0.01242	0.00923	0.01421	0.00887	0.00735	0.01728	0.11795	0.02006	0.01247	0.01368	0.01010	0.00491	0.00462	0.00104	0.00442	0.00396	0.00387	0.71013
39	0.01102	0.00551	0.00551	0.00551	0.00689	0.00551	0.00413	0.01378	0.01240	0.02205	0.01929	0.02205	0.01516	0.00689	0.00413	0.00138	0.00276	0.00551	0.82500	0.00551
40	0.83394	0.01144	0.00869	0.00778	0.01144	0.01327	0.00640	0.01738	0.01006	0.02653	0.00823	0.00961	0.00640	0.00549	0.00366	0.00183	0.00457	0.00320	0.00366	0.00640
41	0.01581	0.79572	0.03099	0.01012	0.01518	0.02340	0.01012	0.01771	0.01202	0.01391	0.00822	0.00949	0.00759	0.00506	0.00379	0.00126	0.00632	0.00316	0.00253	0.00759
42	0.00716	0.00553	0.00654	0.00727	0.00834	0.00491	0.00508	0.00846	0.01243	0.01580	0.07260	0.45585	0.33526	0.01680	0.00729	0.00221	0.00323	0.01478	0.00553	0.00491
43	0.00860	0.00573	0.00645	0.00645	0.00645	0.00573	0.00358	0.00860	0.00860	0.01147	0.01863	0.03870	0.02150	0.79217	0.03010	0.00573	0.00573	0.00860	0.00358	0.00358
44	0.01150	0.02803	0.68282	0.01587	0.02384	0.01288	0.02015	0.01794	0.01293	0.01925	0.08806	0.01580	0.01254	0.00629	0.00576	0.00187	0.00812	0.00503	0.00292	0.00841
45	0.00841	0.00624	0.00752	0.00766	0.00870	0.00603	0.00533	0.01108	0.06986	0.01799	0.26277	0.25553	0.12422	0.16790	0.01163	0.00281	0.00373	0.01193	0.00548	0.00519
46	0.01590	0.01293	0.01491	0.01415	0.09270	0.01384	0.01007	0.15502	0.38520	0.04618	0.01872	0.01887	0.01432	0.03167	0.00649	0.00188	0.00526	0.00586	0.00526	0.13078
47	0.00742	0.00543	0.00728	0.03523	0.00971	0.00516	0.00584	0.00869	0.01179	0.01572	0.08183	0.68117	0.06774	0.01750	0.00743	0.00233	0.00353	0.01582	0.00546	0.00493
48	0.05556	0.10778	0.50744	0.01467	0.02195	0.01438	0.01750	0.04454	0.04266	0.10188	0.01231	0.01331	0.00875	0.00589	0.00539	0.00180	0.00762	0.00448	0.00335	0.00872
49	0.10168	0.27517	0.05806	0.01431	0.06429	0.08213	0.07812	0.09729	0.11109	0.04695	0.01222	0.01322	0.00960	0.00592	0.00502	0.00165	0.00677	0.00456	0.00375	0.00819
50	0.00726	0.00536	0.00680	0.00780	0.00850	0.00490	0.00533	0.00851	0.01212	0.01594	0.09562	0.60579	0.15958	0.01741	0.00741	0.00229	0.00331	0.01559	0.00557	0.00490

[dist]
# distance from previous block
# <min> <max>
0	110

[block]
# block no. 1 follows, 39 sequences, length 29
# corresponding to MSA columns:
# 475-503
name=unknown_B
#
# <colnr> <probs for GDERKNQSTAVLIFYWHMCP>
#	G	D	E	R	K	N	Q	S	T	A	V	L	I	F	Y	W	H	M	C	P
0	0.00919	0.00989	0.09837	0.11070	0.01469	0.03295	0.00864	0.01111	0.01100	0.01454	0.02282	0.31594	0.04802	0.21645	0.04627	0.00341	0.00602	0.01064	0.00408	0.00528
1	0.01517	0.03993	0.10908	0.09686	0.30555	0.07596	0.11876	0.07568	0.01474	0.04026	0.01348	0.01607	0.03963	0.00600	0.00594	0.00180	0.00774	0.00555	0.00332	0.00846
2	0.70338	0.01049	0.00836	0.00774	0.01096	0.01194	0.00621	0.01595	0.01037	0.02477	0.01344	0.09623	0.04703	0.00737	0.00425	0.00190	0.00437	0.00514	0.00395	0.00616
3	0.01341	0.04825	0.35787	0.01434	0.03829	0.16882	0.02891	0.01714	0.01243	0.01587	0.01230	0.01876	0.01114	0.20443	0.01172	0.00276	0.00828	0.00536	0.00291	0.00701
4	0.01562	0.18061	0.01556	0.01025	0.01318	0.17461	0.00829	0.01769	0.01522	0.13255	0.24756	0.10013	0.02702	0.00919	0.00584	0.00171	0.00566	0.00747	0.00493	0.00690
5	0.00869	0.01029	0.12703	0.01030	0.05961	0.00711	0.00843	0.01130	0.01347	0.01794	0.19480	0.13196	0.30214	0.06072	0.00819	0.00221	0.00434	0.01062	0.00496	0.00589
6	0.01882	0.00935	0.01184	0.01015	0.01328	0.00888	0.00793	0.10240	0.06374	0.38010	0.02617	0.25765	0.04141	0.01100	0.00647	0.00202	0.00463	0.00945	0.00646	0.00826
7	0.01612	0.01803	0.19647	0.14547	0.08517	0.01528	0.01489	0.28405	0.10200	0.02564	0.01459	0.01593	0.02634	0.00667	0.00587	0.00186	0.00703	0.00539	0.00429	0.00890
8	0.01102	0.00551	0.00551	0.00551	0.00689	0.00551	0.00413	0.01378	0.01240	0.02205	0.01929	0.02205	0.01516	0.00689	0.00413	0.00138	0.00276	0.00551	0.82500	0.00551
9	0.01319	0.01048	0.01236	0.00887	0.01409	0.00794	0.00712	0.01580	0.01257	0.06748	0.01135	0.01278	0.00914	0.00457	0.00448	0.00094	0.00442	0.00366	0.00375	0.77502
10	0.02248	0.01656	0.01775	0.01361	0.01834	0.01834	0.01124	0.73556	0.02780	0.03727	0.01420	0.01420	0.01006	0.00710	0.00592	0.00177	0.00651	0.00532	0.00592	0.01006
11	0.01102	0.00551	0.00551	0.00551	0.00689	0.00551	0.00413	0.01378	0.01240	0.02205	0.01929	0.02205	0.01516	0.00689	0.00413	0.00138	0.00276	0.00551	0.82500	0.00551
12	0.02248	0.01656	0.01775	0.01361	0.01834	0.01834	0.01124	0.73556	0.02780	0.03727	0.01420	0.01420	0.01006	0.00710	0.00592	0.00177	0.00651	0.00532	0.00592	0.01006
13	0.00721	0.00515	0.00686	0.00823	0.00858	0.00480	0.00549	0.00823	0.01132	0.01510	0.03259	0.78831	0.03911	0.01853	0.00755	0.00240	0.00343	0.01681	0.00549	0.00480
14	0.01438	0.01370	0.01952	0.15136	0.33262	0.04726	0.04041	0.02229	0.25484	0.02018	0.01524	0.01715	0.01190	0.00631	0.00594	0.00187	0.00666	0.00573	0.00391	0.00874
15	0.00947	0.00876	0.06737	0.00881	0.01150	0.00669	0.05156	0.01200	0.01449	0.06697	0.24684	0.07702	0.37107	0.01247	0.00684	0.00196	0.00396	0.01077	0.00551	0.00596
16	0.01283	0.01229	0.02190	0.12725	0.37476	0.01243	0.14357	0.01638	0.01321	0.01818	0.01552	0.07465	0.01462	0.00778	0.00651	0.00201	0.00720	0.10761	0.00343	0.00788
17	0.01001	0.00828	0.06597	0.00800	0.01046	0.00622	0.00672	0.01227	0.01432	0.10467	0.21574	0.13897	0.34986	0.01311	0.00683	0.00199	0.00368	0.01121	0.00572	0.00599
18	0.01000	0.10030	0.03904	0.07030	0.03435	0.00963	0.09970	0.01221	0.01222	0.01590	0.03996	0.18103	0.20253	0.10227	0.00915	0.00239	0.00533	0.00977	0.03805	0.00586
19	0.07266	0.00690	0.00947	0.00903	0.01018	0.00729	0.05065	0.01080	0.01003	0.01505	0.01892	0.16035	0.01999	0.24699	0.27900	0.00571	0.00888	0.00858	0.04455	0.00498
20	0.01621	0.09277	0.08951	0.01674	0.11723	0.17112	0.05675	0.08353	0.19163	0.01997	0.01442	0.01682	0.01173	0.06719	0.00752	0.00206	0.00735	0.00539	0.00393	0.00814
21	0.01321	0.05690	0.04653	0.01170	0.01576	0.01102	0.09941	0.14341	0.01485	0.02070	0.01713	0.13738	0.04148	0.07480	0.00778	0.00193	0.00568	0.00711	0.00416	0.26906
22	0.16571	0.01903	0.13817	0.02921	0.05786	0.16815	0.13554	0.09966	0.03143	0.02189	0.06825	0.01520	0.01194	0.00629	0.00560	0.00180	0.00768	0.00520	0.00370	0.00771
23	0.01354	0.32454	0.10796	0.01489	0.01986	0.03033	0.21469	0.01692	0.01279	0.01644	0.03793	0.01832	0.03641	0.00929	0.06458	0.00230	0.00816	0.04058	0.00309	0.00737
24	0.00771	0.00588	0.00868	0.00921	0.00998	0.00549	0.05053	0.00912	0.01190	0.01600	0.08703	0.68293	0.03854	0.01719	0.00747	0.00233	0.00379	0.01573	0.00541	0.00506
25	0.01436	0.18091	0.07124	0.15874	0.12139	0.08815	0.16818	0.01771	0.01281	0.01632	0.01047	0.02769	0.00877	0.00605	0.00678	0.00181	0.07305	0.00520	0.00281	0.00758
26	0.01252	0.01644	0.19932	0.02212	0.27132	0.01237	0.07572	0.01646	0.01270	0.01831	0.01436	0.07873	0.01335	0.00768	0.00705	0.00192	0.06086	0.07322	0.00329	0.08225
27	0.00929	0.00770	0.01242	0.01259	0.06960	0.00802	0.08243	0.01145	0.01079	0.01495	0.02049	0.13865	0.05524	0.09649	0.39138	0.00616	0.01086	0.03215	0.00370	0.00565
28	0.01301	0.01171	0.06640	0.07217	0.03693	0.01094	0.08636	0.06732	0.17821	0.07394	0.08982	0.15678	0.06994	0.01006	0.00654	0.00203	0.00551	0.02969	0.00510	0.00753

[dist]
# distance from previous block
# <min> <max>
0	1187

# created by:
# /home/cegg/simao/soft/augustus-3.2.1/scripts/msa2prfl.pl ./align_prep/34570.fa
