[name]
unknown

[dist]
# distance from previous block
# <min> <max>
59	139

[block]
# block no. 0 follows, 40 sequences, length 6
# corresponding to MSA columns:
# 255-260
name=unknown_A
#
# <colnr> <probs for GDERKNQSTAVLIFYWHMCP>
#	G	D	E	R	K	N	Q	S	T	A	V	L	I	F	Y	W	H	M	C	P
0	0.06327	0.01046	0.01661	0.01379	0.01676	0.01072	0.19075	0.01771	0.10768	0.10134	0.07051	0.14147	0.02184	0.01020	0.00759	0.00214	0.06226	0.12307	0.00479	0.00702
1	0.01202	0.06823	0.10767	0.00918	0.01177	0.00862	0.00804	0.01404	0.01153	0.13067	0.06024	0.02982	0.06836	0.27451	0.13324	0.00425	0.00715	0.03052	0.00416	0.00598
2	0.01286	0.01262	0.16474	0.01142	0.01546	0.00858	0.07780	0.01619	0.01427	0.16990	0.13612	0.03520	0.20435	0.01014	0.00651	0.00196	0.00537	0.08435	0.00508	0.00708
3	0.01269	0.00982	0.01142	0.00900	0.01308	0.00832	0.00705	0.06003	0.06659	0.06507	0.01845	0.12346	0.06261	0.00750	0.00521	0.00133	0.00428	0.00630	0.00440	0.50340
4	0.07461	0.01199	0.01123	0.00978	0.01288	0.13761	0.00766	0.01732	0.07729	0.07739	0.14640	0.02678	0.05944	0.03612	0.00650	0.00177	0.00525	0.07381	0.00469	0.20150
5	0.22152	0.01131	0.01534	0.01318	0.06310	0.01102	0.11897	0.06143	0.01370	0.14062	0.03562	0.04411	0.01331	0.00693	0.00541	0.00174	0.00559	0.06063	0.00441	0.15208

[dist]
# distance from previous block
# <min> <max>
4	64

[block]
# block no. 1 follows, 40 sequences, length 9
# corresponding to MSA columns:
# 335-343
name=unknown_B
#
# <colnr> <probs for GDERKNQSTAVLIFYWHMCP>
#	G	D	E	R	K	N	Q	S	T	A	V	L	I	F	Y	W	H	M	C	P
0	0.00887	0.00617	0.00831	0.00851	0.00936	0.00648	0.00615	0.01021	0.01048	0.05128	0.02502	0.29013	0.08112	0.13903	0.27358	0.00518	0.04028	0.01048	0.00431	0.00505
1	0.01559	0.01513	0.01759	0.01927	0.24876	0.15860	0.04149	0.01922	0.06157	0.05557	0.01182	0.01365	0.00948	0.00531	0.00523	0.00142	0.00660	0.00451	0.00351	0.28570
2	0.28196	0.10789	0.01616	0.01107	0.01545	0.01482	0.05966	0.19084	0.07379	0.06641	0.01206	0.01279	0.00909	0.00586	0.00476	0.00164	0.00554	0.00436	0.00431	0.10156
3	0.22755	0.01497	0.01670	0.01357	0.01717	0.17110	0.15951	0.01826	0.01309	0.06700	0.03633	0.01783	0.03433	0.00691	0.00637	0.00181	0.06218	0.04687	0.00373	0.06471
4	0.29834	0.02847	0.01070	0.00876	0.01200	0.01081	0.00704	0.08438	0.07169	0.08442	0.23436	0.02200	0.02287	0.00772	0.00520	0.00173	0.00422	0.00605	0.00507	0.07418
5	0.01525	0.01547	0.01453	0.01243	0.01481	0.27549	0.09084	0.03557	0.01369	0.06309	0.04977	0.02410	0.07934	0.19213	0.03496	0.00288	0.04918	0.00656	0.00379	0.00612
6	0.06779	0.01292	0.01363	0.01181	0.01395	0.10455	0.00953	0.13745	0.04512	0.06120	0.15584	0.02241	0.01950	0.00908	0.00934	0.00199	0.21011	0.04554	0.04121	0.00703
7	0.05594	0.08986	0.13820	0.01403	0.11225	0.01174	0.01103	0.09696	0.06077	0.01958	0.02066	0.27371	0.05116	0.01035	0.00602	0.00194	0.00544	0.00890	0.00428	0.00718
8	0.37543	0.11266	0.05235	0.10381	0.01769	0.18545	0.01002	0.05025	0.01271	0.02062	0.00894	0.01074	0.00710	0.00561	0.00445	0.00168	0.00674	0.00367	0.00324	0.00683

[dist]
# distance from previous block
# <min> <max>
5	38

[block]
# block no. 2 follows, 40 sequences, length 49
# corresponding to MSA columns:
# 382-430
name=unknown_C
#
# <colnr> <probs for GDERKNQSTAVLIFYWHMCP>
#	G	D	E	R	K	N	Q	S	T	A	V	L	I	F	Y	W	H	M	C	P
0	0.01455	0.01172	0.01199	0.01025	0.01365	0.04898	0.00806	0.13740	0.28270	0.07053	0.02948	0.02801	0.21235	0.00909	0.00597	0.00179	0.00474	0.00740	0.00547	0.08587
1	0.23954	0.17563	0.06553	0.00919	0.01304	0.01276	0.00840	0.05723	0.01331	0.09830	0.06210	0.02417	0.14339	0.00819	0.00512	0.00176	0.00497	0.04605	0.00436	0.00694
2	0.20002	0.08875	0.13414	0.01411	0.01891	0.18501	0.12858	0.02974	0.04990	0.08252	0.01135	0.01266	0.00854	0.00573	0.00514	0.00172	0.00756	0.00448	0.00353	0.00760
3	0.01639	0.27172	0.19954	0.01338	0.01892	0.01589	0.08856	0.09914	0.01460	0.14090	0.01353	0.05901	0.01081	0.00646	0.00528	0.00167	0.00680	0.00526	0.00384	0.00828
4	0.01414	0.01007	0.01147	0.00956	0.01272	0.00995	0.00746	0.18215	0.10248	0.08949	0.13865	0.08334	0.10144	0.05747	0.00744	0.00195	0.00450	0.00778	0.00544	0.14251
5	0.01076	0.00640	0.00873	0.00892	0.01035	0.00621	0.00678	0.01247	0.01205	0.13768	0.02854	0.33602	0.08322	0.02192	0.18920	0.00394	0.00675	0.09915	0.00515	0.00578
6	0.01333	0.09828	0.18265	0.01711	0.02228	0.01413	0.28855	0.09998	0.01425	0.01942	0.01458	0.14133	0.01333	0.00759	0.00652	0.00192	0.02629	0.00728	0.00352	0.00765
7	0.01492	0.05382	0.32841	0.01361	0.01921	0.13636	0.01431	0.17328	0.01635	0.02104	0.01882	0.01940	0.13088	0.00740	0.00569	0.00176	0.00740	0.00567	0.00375	0.00792
8	0.01012	0.00747	0.00853	0.00804	0.00965	0.00739	0.00590	0.12901	0.01484	0.01958	0.16849	0.15015	0.20455	0.18115	0.01171	0.00278	0.00423	0.04562	0.00525	0.00553
9	0.01351	0.01041	0.01833	0.01791	0.16201	0.00980	0.19527	0.01644	0.01386	0.14060	0.12783	0.19527	0.02343	0.01938	0.00689	0.00201	0.00590	0.00910	0.00470	0.00734
10	0.01284	0.01281	0.02422	0.01833	0.02238	0.01255	0.42084	0.08827	0.01414	0.01927	0.01664	0.20424	0.01607	0.00863	0.00750	0.00203	0.05163	0.00884	0.00382	0.03493
11	0.01079	0.00704	0.00886	0.00853	0.01022	0.00645	0.00643	0.01230	0.01152	0.08476	0.02258	0.12704	0.02397	0.28061	0.01453	0.00328	0.00501	0.21096	0.00459	0.14052
12	0.02041	0.02574	0.01940	0.01654	0.02001	0.64803	0.13047	0.02247	0.01603	0.01495	0.00944	0.01134	0.00771	0.00581	0.00551	0.00157	0.01037	0.00426	0.00299	0.00692
13	0.01976	0.01173	0.01377	0.01097	0.01525	0.01163	0.00886	0.13771	0.23250	0.31112	0.01969	0.01817	0.01373	0.00689	0.00561	0.00169	0.00497	0.00557	0.00599	0.14439
14	0.01344	0.01072	0.01185	0.00964	0.01304	0.01057	0.00734	0.13609	0.19314	0.02134	0.01608	0.02090	0.01403	0.19385	0.01096	0.00241	0.00504	0.00569	0.00445	0.29943
15	0.02046	0.01425	0.01771	0.09661	0.12908	0.01532	0.01218	0.44090	0.02186	0.15096	0.01461	0.01514	0.01030	0.00663	0.00581	0.00177	0.00638	0.00532	0.00527	0.00943
16	0.01480	0.01435	0.01650	0.01390	0.01590	0.12639	0.04680	0.13404	0.01356	0.01819	0.01067	0.01452	0.00934	0.01443	0.14889	0.00335	0.31851	0.00511	0.00333	0.05744
17	0.00823	0.00554	0.00641	0.00663	0.00669	0.00549	0.00383	0.00840	0.00890	0.01186	0.02057	0.16169	0.02398	0.66812	0.02596	0.00510	0.00527	0.00978	0.00383	0.00372
18	0.00860	0.00657	0.00798	0.00761	0.00921	0.00629	0.00570	0.01247	0.09231	0.02171	0.52533	0.08903	0.16057	0.01231	0.00680	0.00190	0.00301	0.01075	0.00613	0.00574
19	0.01417	0.01337	0.02293	0.29439	0.23077	0.01432	0.17857	0.12340	0.01486	0.02005	0.01136	0.01501	0.00871	0.00561	0.00604	0.00186	0.00778	0.00556	0.00322	0.00803
20	0.01594	0.01112	0.01273	0.01055	0.01391	0.01140	0.00834	0.26806	0.10794	0.10379	0.14008	0.13478	0.02276	0.00927	0.00607	0.00178	0.00474	0.00779	0.00573	0.10323
21	0.02072	0.01526	0.01642	0.01294	0.01732	0.01693	0.01058	0.56779	0.17286	0.06351	0.01629	0.01576	0.01166	0.00717	0.00584	0.00179	0.00598	0.00553	0.00589	0.00975
22	0.01123	0.00664	0.00881	0.00802	0.00990	0.00606	0.00623	0.01389	0.01630	0.14434	0.59152	0.04092	0.04692	0.01138	0.00676	0.00188	0.00327	0.05327	0.00647	0.00620
23	0.13742	0.01622	0.05610	0.01365	0.06052	0.10196	0.01084	0.31422	0.06447	0.14704	0.01423	0.01427	0.01013	0.00655	0.00543	0.00175	0.00640	0.00489	0.00505	0.00886
24	0.01096	0.00965	0.01228	0.09331	0.10063	0.05597	0.00935	0.01562	0.12166	0.01889	0.23684	0.05309	0.02612	0.01729	0.18854	0.00364	0.00757	0.00753	0.00450	0.00655
25	0.00809	0.00579	0.00748	0.00812	0.00897	0.00552	0.00600	0.00974	0.01253	0.01679	0.19067	0.28550	0.08211	0.14360	0.01105	0.00283	0.00405	0.18100	0.00530	0.00486
26	0.01206	0.01034	0.01206	0.00861	0.01378	0.00775	0.00689	0.01464	0.01206	0.01895	0.01034	0.01206	0.00861	0.00431	0.00431	0.00086	0.00431	0.00345	0.00345	0.83118
27	0.02240	0.01625	0.01592	0.01289	0.01664	0.18121	0.01041	0.26270	0.01936	0.27759	0.01527	0.01506	0.01066	0.00717	0.00709	0.00179	0.08832	0.00510	0.00532	0.00883
28	0.02089	0.01845	0.01659	0.01353	0.01759	0.19692	0.01082	0.46497	0.13110	0.02950	0.01421	0.01428	0.01048	0.00688	0.00570	0.00172	0.00711	0.00508	0.00516	0.00904
29	0.02949	0.12875	0.01979	0.01331	0.01774	0.01458	0.12887	0.16751	0.15079	0.20381	0.05334	0.01778	0.01406	0.00678	0.00573	0.00177	0.00605	0.00582	0.00521	0.00881
30	0.15089	0.01366	0.01698	0.01454	0.05421	0.01502	0.11702	0.18236	0.32397	0.02623	0.01659	0.01674	0.01240	0.00671	0.00565	0.00188	0.00586	0.00569	0.00493	0.00868
31	0.00727	0.00521	0.00692	0.00797	0.00848	0.00485	0.00541	0.00857	0.01201	0.01623	0.15084	0.66909	0.04115	0.01718	0.00733	0.00227	0.00327	0.01555	0.00556	0.00485
32	0.01220	0.01184	0.02088	0.14861	0.28398	0.01257	0.15012	0.01541	0.01220	0.01694	0.01402	0.11090	0.01322	0.00965	0.04906	0.00240	0.08008	0.02538	0.00319	0.00737
33	0.14871	0.01496	0.03009	0.02174	0.02725	0.01443	0.61819	0.01838	0.01310	0.01985	0.01116	0.01466	0.00841	0.00498	0.00633	0.00193	0.00893	0.00625	0.00305	0.00759
34	0.01383	0.01325	0.02259	0.15804	0.64138	0.01367	0.01757	0.01736	0.01298	0.01832	0.01084	0.01457	0.00897	0.00529	0.00577	0.00176	0.00705	0.00518	0.00283	0.00876
35	0.02012	0.01073	0.01305	0.01073	0.01439	0.01070	0.00858	0.14703	0.15712	0.37513	0.06747	0.10144	0.01927	0.00873	0.00608	0.00188	0.00483	0.00729	0.00648	0.00895
36	0.09125	0.01578	0.01674	0.01437	0.01625	0.21728	0.08055	0.01659	0.01156	0.01555	0.00978	0.01382	0.00875	0.01377	0.14038	0.00329	0.30008	0.00491	0.00290	0.00640
37	0.00738	0.00576	0.00659	0.00668	0.00811	0.00508	0.00484	0.00907	0.01361	0.01755	0.25419	0.16841	0.40344	0.05313	0.00808	0.00217	0.00309	0.01225	0.00560	0.00498
38	0.01275	0.01126	0.01237	0.00931	0.01412	0.03536	0.00738	0.01734	0.12081	0.01958	0.01225	0.01342	0.00992	0.00489	0.00458	0.00105	0.00457	0.00392	0.00379	0.68132
39	0.00725	0.00525	0.00685	0.00783	0.00844	0.00485	0.00535	0.00856	0.01210	0.01622	0.14673	0.62780	0.08723	0.01701	0.00730	0.00225	0.00325	0.01532	0.00555	0.00485
40	0.64922	0.01188	0.01027	0.00872	0.01255	0.01341	0.00719	0.12458	0.01303	0.08897	0.01020	0.01097	0.00750	0.00578	0.00411	0.00179	0.00482	0.00368	0.00423	0.00713
41	0.01090	0.00639	0.00842	0.00816	0.00945	0.00626	0.00587	0.01229	0.01149	0.13712	0.07908	0.19885	0.06854	0.20683	0.19871	0.00469	0.00707	0.00965	0.00477	0.00547
42	0.00933	0.00726	0.00853	0.00801	0.00977	0.00725	0.00602	0.01450	0.16429	0.02158	0.45072	0.04076	0.14505	0.06193	0.00815	0.00213	0.00337	0.01934	0.00596	0.00603
43	0.00740	0.00588	0.00669	0.00672	0.00819	0.00541	0.00491	0.00888	0.01219	0.01536	0.09744	0.08395	0.46262	0.10967	0.13511	0.00361	0.00533	0.01092	0.00488	0.00483
44	0.01404	0.01295	0.02230	0.27433	0.02900	0.01389	0.26925	0.05615	0.16652	0.05983	0.01447	0.01701	0.01067	0.00606	0.00621	0.00194	0.00760	0.00610	0.00381	0.00787
45	0.01124	0.00947	0.01119	0.00853	0.01290	0.00726	0.00665	0.01357	0.01191	0.01828	0.01390	0.13995	0.01351	0.00659	0.00482	0.00111	0.00415	0.00559	0.00377	0.69563
46	0.00777	0.00555	0.00753	0.00888	0.00951	0.00531	0.00658	0.00928	0.01181	0.01561	0.03167	0.57517	0.03697	0.01758	0.00760	0.00246	0.00396	0.22647	0.00539	0.00491
47	0.02259	0.01289	0.01510	0.01488	0.13692	0.12179	0.01019	0.02496	0.01579	0.48539	0.01867	0.01765	0.01256	0.00666	0.00563	0.00172	0.00595	0.00540	0.05619	0.00904
48	0.01366	0.01546	0.13764	0.01163	0.01722	0.05345	0.04962	0.09035	0.01400	0.02039	0.01073	0.01240	0.00849	0.00491	0.00485	0.00121	0.00587	0.00397	0.00347	0.52068

[dist]
# distance from previous block
# <min> <max>
0	8

[block]
# block no. 3 follows, 40 sequences, length 10
# corresponding to MSA columns:
# 444-453
name=unknown_D
#
# <colnr> <probs for GDERKNQSTAVLIFYWHMCP>
#	G	D	E	R	K	N	Q	S	T	A	V	L	I	F	Y	W	H	M	C	P
0	0.01232	0.09524	0.61727	0.01547	0.02315	0.01444	0.01911	0.01972	0.09455	0.01866	0.01171	0.01307	0.00854	0.00574	0.00541	0.00180	0.00794	0.00445	0.00285	0.00856
1	0.00742	0.00562	0.00685	0.00717	0.00835	0.00504	0.00514	0.00917	0.01362	0.01804	0.29137	0.31258	0.25855	0.01498	0.00706	0.00206	0.00303	0.01317	0.00575	0.00504
2	0.01533	0.01077	0.01277	0.00932	0.01433	0.00877	0.00753	0.07896	0.01415	0.14869	0.01282	0.01355	0.00972	0.00503	0.00470	0.00110	0.00460	0.00401	0.00429	0.61956
3	0.01318	0.00983	0.01115	0.01010	0.01231	0.01049	0.00761	0.25160	0.11132	0.02377	0.09421	0.30766	0.02670	0.07192	0.00834	0.00231	0.00464	0.01035	0.00556	0.00698
4	0.00920	0.00610	0.00803	0.00757	0.00903	0.00560	0.00566	0.01176	0.01601	0.06684	0.64922	0.10734	0.05102	0.01216	0.00685	0.00187	0.00293	0.01076	0.00636	0.00568
5	0.02177	0.02625	0.01660	0.01478	0.01798	0.67561	0.01121	0.11509	0.01787	0.01711	0.00963	0.01093	0.00780	0.00612	0.00532	0.00153	0.00996	0.00394	0.00336	0.00715
6	0.01084	0.00806	0.00951	0.00856	0.00997	0.00859	0.00613	0.07548	0.06736	0.01640	0.01653	0.02719	0.01642	0.37284	0.13995	0.00469	0.05438	0.00680	0.05501	0.08532
7	0.64393	0.01273	0.01005	0.00866	0.01243	0.07078	0.00703	0.06225	0.01169	0.02515	0.00875	0.01006	0.00684	0.00544	0.00393	0.00168	0.00505	0.00335	0.00368	0.08653
8	0.02067	0.01987	0.01636	0.01371	0.01752	0.29607	0.01081	0.35484	0.14578	0.02628	0.01377	0.01399	0.01034	0.00677	0.00562	0.00169	0.00760	0.00491	0.00479	0.00861
9	0.01636	0.12537	0.25313	0.01443	0.02024	0.01608	0.08417	0.29636	0.01816	0.02506	0.01221	0.01352	0.00903	0.00604	0.00542	0.00170	0.00713	0.00483	0.06211	0.00864

[dist]
# distance from previous block
# <min> <max>
1	2

[block]
# block no. 4 follows, 40 sequences, length 42
# corresponding to MSA columns:
# 456-497
name=unknown_E
#
# <colnr> <probs for GDERKNQSTAVLIFYWHMCP>
#	G	D	E	R	K	N	Q	S	T	A	V	L	I	F	Y	W	H	M	C	P
0	0.00740	0.00577	0.00672	0.00679	0.00826	0.00509	0.00498	0.00926	0.01405	0.01832	0.30734	0.17884	0.37777	0.01430	0.00696	0.00198	0.00295	0.01237	0.00576	0.00509
1	0.01092	0.00870	0.00990	0.00902	0.01127	0.00913	0.00693	0.05399	0.26762	0.02354	0.39607	0.03581	0.11245	0.01057	0.00649	0.00189	0.00358	0.00908	0.00610	0.00692
2	0.01098	0.01034	0.01744	0.78165	0.04005	0.01292	0.01615	0.01486	0.01163	0.01486	0.01034	0.01550	0.00775	0.00581	0.00581	0.00194	0.00775	0.00517	0.00258	0.00646
3	0.01084	0.00542	0.00542	0.00542	0.00678	0.00542	0.00407	0.01355	0.01220	0.02168	0.01897	0.02168	0.01491	0.00678	0.00407	0.00136	0.00271	0.00542	0.82791	0.00542
4	0.01608	0.01409	0.02042	0.02791	0.51535	0.06199	0.01507	0.02137	0.13197	0.09646	0.01410	0.01587	0.01101	0.00588	0.00576	0.00176	0.00656	0.00538	0.00382	0.00912
5	0.01358	0.01305	0.02242	0.20715	0.34190	0.01329	0.14179	0.05169	0.01349	0.01879	0.01102	0.01460	0.00876	0.00527	0.00580	0.00172	0.00730	0.00528	0.00302	0.10007
6	0.01084	0.00542	0.00542	0.00542	0.00678	0.00542	0.00407	0.01355	0.01220	0.02168	0.01897	0.02168	0.01491	0.00678	0.00407	0.00136	0.00271	0.00542	0.82791	0.00542
7	0.01098	0.01034	0.01744	0.78165	0.04005	0.01292	0.01615	0.01486	0.01163	0.01486	0.01034	0.01550	0.00775	0.00581	0.00581	0.00194	0.00775	0.00517	0.00258	0.00646
8	0.01778	0.01175	0.01325	0.01141	0.01504	0.01278	0.00902	0.03017	0.53993	0.23520	0.02346	0.02115	0.01679	0.00769	0.00590	0.00192	0.00470	0.00637	0.00628	0.00940
9	0.00831	0.00623	0.00935	0.00935	0.01038	0.00727	0.00727	0.01038	0.00935	0.01350	0.01558	0.02285	0.01454	0.04361	0.77259	0.00935	0.01558	0.00623	0.00312	0.00519
10	0.00712	0.00587	0.00627	0.00634	0.00811	0.00502	0.00474	0.00875	0.01351	0.01662	0.14055	0.10188	0.60661	0.01465	0.00694	0.00199	0.00301	0.03155	0.00552	0.00498
11	0.02172	0.02772	0.01648	0.01498	0.01798	0.77228	0.01124	0.02322	0.01648	0.01423	0.00899	0.01049	0.00749	0.00599	0.00524	0.00150	0.01049	0.00375	0.00300	0.00674
12	0.01193	0.00983	0.01137	0.00828	0.01306	0.00751	0.00660	0.01453	0.01207	0.01923	0.01123	0.01305	0.00926	0.00456	0.00428	0.00091	0.00414	0.00365	0.08863	0.74586
13	0.00843	0.00576	0.00697	0.00697	0.00718	0.00598	0.00430	0.00886	0.00864	0.01174	0.01775	0.03489	0.01977	0.63895	0.18440	0.00641	0.00771	0.00799	0.00344	0.00387
14	0.00957	0.00625	0.00813	0.00748	0.00913	0.00570	0.00567	0.01221	0.01631	0.08121	0.66366	0.04220	0.08680	0.01166	0.00678	0.00183	0.00293	0.01024	0.00641	0.00581
15	0.01188	0.01317	0.09508	0.48898	0.06319	0.01362	0.04252	0.01756	0.10932	0.01673	0.01201	0.01576	0.00913	0.00630	0.00674	0.00197	0.06048	0.00532	0.00304	0.00720
16	0.00954	0.00661	0.00764	0.00750	0.00816	0.00684	0.00485	0.01184	0.12633	0.01360	0.02098	0.07064	0.06665	0.44216	0.02204	0.15302	0.00508	0.00819	0.00394	0.00440
17	0.01312	0.33002	0.39959	0.09302	0.02268	0.01718	0.01640	0.01765	0.01203	0.01619	0.00950	0.01145	0.00744	0.00534	0.00485	0.00162	0.00757	0.00392	0.00248	0.00793
18	0.15313	0.09208	0.01468	0.07328	0.01629	0.01143	0.00876	0.05481	0.01426	0.32921	0.01514	0.01494	0.01051	0.00600	0.00497	0.00157	0.00518	0.00459	0.00497	0.16421
19	0.49113	0.01285	0.01217	0.01007	0.01379	0.01471	0.00831	0.24163	0.01555	0.06190	0.01056	0.01154	0.00787	0.00630	0.00545	0.00183	0.05835	0.00405	0.00438	0.00758
20	0.51302	0.01144	0.01302	0.19309	0.13680	0.01314	0.01044	0.01669	0.01083	0.02234	0.00907	0.01165	0.00710	0.00546	0.00446	0.00182	0.00564	0.00394	0.00325	0.00680
21	0.01324	0.01208	0.01944	0.46042	0.27098	0.01374	0.01617	0.09075	0.01377	0.01845	0.01091	0.01498	0.00845	0.00573	0.00580	0.00185	0.00734	0.00518	0.00301	0.00771
22	0.01142	0.01010	0.01631	0.15888	0.33514	0.01076	0.01265	0.01400	0.01125	0.01566	0.01319	0.02089	0.01234	0.16781	0.16122	0.00403	0.00852	0.00603	0.00300	0.00681
23	0.01010	0.00505	0.00758	0.00758	0.00758	0.00505	0.00505	0.00758	0.00758	0.01010	0.01010	0.01768	0.01010	0.02020	0.02273	0.83081	0.00505	0.00505	0.00253	0.00253
24	0.09951	0.01508	0.01152	0.01057	0.01327	0.25679	0.00805	0.05139	0.13956	0.01917	0.07307	0.06332	0.19709	0.00940	0.00582	0.00180	0.00600	0.00737	0.00461	0.00663
25	0.01084	0.00542	0.00542	0.00542	0.00678	0.00542	0.00407	0.01355	0.01220	0.02168	0.01897	0.02168	0.01491	0.00678	0.00407	0.00136	0.00271	0.00542	0.82791	0.00542
26	0.02172	0.02772	0.01648	0.01498	0.01798	0.77228	0.01124	0.02322	0.01648	0.01423	0.00899	0.01049	0.00749	0.00599	0.00524	0.00150	0.01049	0.00375	0.00300	0.00674
27	0.00807	0.00600	0.00773	0.00869	0.00988	0.00565	0.00690	0.00998	0.01281	0.01648	0.06482	0.27394	0.20633	0.01622	0.00754	0.00239	0.00411	0.32197	0.00542	0.00507
28	0.01084	0.00542	0.00542	0.00542	0.00678	0.00542	0.00407	0.01355	0.01220	0.02168	0.01897	0.02168	0.01491	0.00678	0.00407	0.00136	0.00271	0.00542	0.82791	0.00542
29	0.30059	0.04142	0.15155	0.01023	0.01407	0.01115	0.00981	0.01634	0.01093	0.09631	0.01249	0.01538	0.01005	0.01798	0.25351	0.00423	0.00896	0.00464	0.00356	0.00678
30	0.01339	0.01279	0.01343	0.01195	0.01357	0.12525	0.00939	0.06330	0.13004	0.01847	0.13947	0.02191	0.01905	0.06373	0.09963	0.00311	0.22436	0.00640	0.00414	0.00663
31	0.01454	0.01064	0.01173	0.00964	0.01285	0.01083	0.00771	0.31852	0.01995	0.05414	0.18556	0.03224	0.23022	0.01010	0.00627	0.00179	0.00450	0.00829	0.00577	0.04470
32	0.02172	0.02772	0.01648	0.01498	0.01798	0.77228	0.01124	0.02322	0.01648	0.01423	0.00899	0.01049	0.00749	0.00599	0.00524	0.00150	0.01049	0.00375	0.00300	0.00674
33	0.01328	0.35078	0.45899	0.01381	0.02090	0.01747	0.01668	0.01800	0.01208	0.01644	0.00946	0.01105	0.00741	0.00530	0.00478	0.00159	0.00760	0.00380	0.00247	0.00812
34	0.01286	0.00964	0.01098	0.01033	0.01276	0.01047	0.00789	0.02257	0.41154	0.08268	0.10154	0.20427	0.02676	0.01098	0.00644	0.00206	0.00418	0.03844	0.00593	0.00768
35	0.01184	0.01060	0.01466	0.06000	0.01705	0.00869	0.09361	0.01467	0.01216	0.01836	0.01202	0.06716	0.01067	0.00544	0.00492	0.00116	0.00511	0.00487	0.00347	0.62353
36	0.05672	0.01601	0.02187	0.01686	0.02121	0.15682	0.29544	0.10066	0.04083	0.10655	0.06158	0.01892	0.01358	0.00668	0.00619	0.00185	0.00791	0.03830	0.00423	0.00781
37	0.01035	0.08964	0.01349	0.27522	0.05511	0.01034	0.00923	0.01204	0.01013	0.01313	0.01416	0.02618	0.01454	0.40377	0.01758	0.00372	0.00649	0.00661	0.00306	0.00522
38	0.00832	0.00617	0.00904	0.00904	0.00997	0.00710	0.00688	0.01019	0.00925	0.01327	0.01586	0.02442	0.01522	0.12131	0.69582	0.00896	0.01455	0.00646	0.00316	0.00502
39	0.04470	0.00770	0.00924	0.00880	0.01020	0.00818	0.00646	0.09476	0.04562	0.04514	0.04718	0.12032	0.02153	0.26881	0.18240	0.00481	0.00740	0.05678	0.00440	0.00556
40	0.01408	0.05164	0.01280	0.06279	0.01441	0.13324	0.00856	0.10230	0.09197	0.02153	0.17775	0.02215	0.02089	0.00798	0.00633	0.00170	0.05526	0.00622	0.18158	0.00680
41	0.16205	0.01106	0.01130	0.00927	0.01287	0.04117	0.00724	0.14012	0.01443	0.05781	0.01665	0.10944	0.05046	0.05808	0.00668	0.00180	0.00489	0.00616	0.00438	0.27411

[dist]
# distance from previous block
# <min> <max>
5	14

[block]
# block no. 5 follows, 40 sequences, length 59
# corresponding to MSA columns:
# 512-570
name=unknown_F
#
# <colnr> <probs for GDERKNQSTAVLIFYWHMCP>
#	G	D	E	R	K	N	Q	S	T	A	V	L	I	F	Y	W	H	M	C	P
0	0.01226	0.01026	0.04131	0.00940	0.01111	0.05850	0.03200	0.10628	0.04094	0.04288	0.01681	0.02912	0.01704	0.47893	0.06522	0.00452	0.00684	0.00721	0.00392	0.00546
1	0.01204	0.01871	0.27000	0.04674	0.02300	0.06554	0.24697	0.01652	0.01324	0.01799	0.08298	0.12754	0.01670	0.00777	0.00634	0.00193	0.00780	0.00744	0.00344	0.00730
2	0.01179	0.04447	0.07020	0.44623	0.09861	0.01225	0.01427	0.01544	0.01193	0.01640	0.01031	0.01411	0.00805	0.00535	0.00535	0.00163	0.00687	0.00462	0.00280	0.19932
3	0.01219	0.00954	0.01144	0.00864	0.01306	0.00745	0.00683	0.01463	0.01238	0.06291	0.05133	0.06973	0.01370	0.00747	0.03632	0.00142	0.00466	0.00499	0.00395	0.64736
4	0.01166	0.03008	0.76550	0.01657	0.02517	0.01351	0.02149	0.01842	0.01228	0.01842	0.01044	0.01228	0.00737	0.00552	0.00552	0.00184	0.00859	0.00430	0.00246	0.00859
5	0.00715	0.00509	0.00673	0.00801	0.00834	0.00477	0.00531	0.00811	0.01101	0.01468	0.03140	0.75599	0.03764	0.05519	0.00848	0.00252	0.00348	0.01615	0.00531	0.00467
6	0.01671	0.01345	0.01412	0.07599	0.09509	0.10539	0.00997	0.28306	0.01837	0.02545	0.01434	0.01619	0.01096	0.00651	0.00518	0.00160	0.00588	0.00510	0.26893	0.00772
7	0.01220	0.00994	0.01286	0.01211	0.05200	0.01057	0.07570	0.02079	0.31967	0.02177	0.09023	0.02875	0.06433	0.00876	0.00596	0.00189	0.00463	0.07199	0.16847	0.00739
8	0.69133	0.01100	0.00943	0.00813	0.01189	0.01224	0.00670	0.01911	0.01111	0.15832	0.01076	0.01130	0.00775	0.00572	0.00400	0.00180	0.00458	0.00363	0.00424	0.00694
9	0.01759	0.01205	0.01365	0.01107	0.01449	0.01276	0.00889	0.42206	0.02213	0.09877	0.20761	0.09017	0.02440	0.00925	0.00623	0.00183	0.00506	0.00764	0.00606	0.00830
10	0.00878	0.00660	0.00824	0.00790	0.00949	0.00636	0.00607	0.01265	0.08242	0.02223	0.56602	0.04448	0.11104	0.01213	0.00688	0.00193	0.00316	0.07171	0.00618	0.00576
11	0.01166	0.03008	0.76550	0.01657	0.02517	0.01351	0.02149	0.01842	0.01228	0.01842	0.01044	0.01228	0.00737	0.00552	0.00552	0.00184	0.00859	0.00430	0.00246	0.00859
12	0.00870	0.00622	0.00772	0.00755	0.00777	0.00677	0.00491	0.00922	0.00867	0.01192	0.01705	0.03322	0.01888	0.58709	0.18425	0.00621	0.05863	0.00777	0.00337	0.00406
13	0.00763	0.00603	0.00696	0.00719	0.00887	0.00537	0.00564	0.00956	0.01379	0.01742	0.18058	0.08200	0.45755	0.01460	0.00712	0.00210	0.00341	0.15352	0.00558	0.00510
14	0.02609	0.00990	0.01350	0.01035	0.01484	0.00855	0.00855	0.02834	0.01664	0.76338	0.02294	0.01979	0.01439	0.00720	0.00585	0.00180	0.00495	0.00585	0.00720	0.00990
15	0.01680	0.01326	0.01458	0.01118	0.01584	0.01325	0.00906	0.33330	0.13059	0.02748	0.01394	0.01435	0.01056	0.00602	0.00521	0.00142	0.00526	0.00470	0.00485	0.34836
16	0.09712	0.01211	0.01418	0.01091	0.01544	0.01193	0.00899	0.25460	0.01904	0.39392	0.01754	0.01626	0.01168	0.00670	0.00549	0.00169	0.00531	0.00518	0.00608	0.08581
17	0.01497	0.68392	0.14058	0.01094	0.01646	0.02159	0.01168	0.01756	0.01189	0.01439	0.00844	0.00977	0.00745	0.00506	0.00400	0.00133	0.00657	0.00329	0.00248	0.00763
18	0.00831	0.00623	0.00935	0.00935	0.01038	0.00727	0.00727	0.01038	0.00935	0.01350	0.01558	0.02285	0.01454	0.04361	0.77259	0.00935	0.01558	0.00623	0.00312	0.00519
19	0.01018	0.00762	0.00997	0.01089	0.01254	0.00793	0.00934	0.01505	0.13060	0.01851	0.02965	0.05860	0.03096	0.01476	0.00770	0.00257	0.00523	0.60648	0.00544	0.00597
20	0.00919	0.00673	0.00782	0.00732	0.00927	0.00625	0.00556	0.01267	0.08318	0.05857	0.37238	0.04519	0.32928	0.01241	0.00672	0.00189	0.00311	0.01061	0.00600	0.00583
21	0.01098	0.01034	0.01744	0.78165	0.04005	0.01292	0.01615	0.01486	0.01163	0.01486	0.01034	0.01550	0.00775	0.00581	0.00581	0.00194	0.00775	0.00517	0.00258	0.00646
22	0.01258	0.01064	0.01234	0.00886	0.01400	0.00828	0.00711	0.05208	0.01285	0.01986	0.01052	0.01216	0.00868	0.00444	0.00438	0.00091	0.00441	0.00354	0.00357	0.78879
23	0.01206	0.01034	0.01206	0.00861	0.01378	0.00775	0.00689	0.01464	0.01206	0.01895	0.01034	0.01206	0.00861	0.00431	0.00431	0.00086	0.00431	0.00345	0.00345	0.83118
24	0.01332	0.01485	0.03200	0.02323	0.02869	0.01396	0.67058	0.01802	0.01369	0.01851	0.01353	0.02032	0.01111	0.00594	0.00697	0.00203	0.00939	0.07308	0.00317	0.00761
25	0.01542	0.01023	0.01240	0.00903	0.01404	0.00794	0.00729	0.01792	0.01316	0.19734	0.01336	0.01391	0.01000	0.00500	0.00468	0.00109	0.00446	0.00402	0.00434	0.63437
26	0.01228	0.01047	0.01218	0.00872	0.01388	0.00798	0.00698	0.03069	0.01240	0.01934	0.01042	0.01210	0.00864	0.00437	0.00434	0.00088	0.00435	0.00348	0.00350	0.81301
27	0.01395	0.00893	0.01076	0.00936	0.01198	0.00903	0.00731	0.07037	0.18814	0.16060	0.39800	0.03193	0.03559	0.00975	0.00638	0.00185	0.00384	0.00836	0.00639	0.00748
28	0.00797	0.00615	0.00854	0.00854	0.00979	0.00672	0.00660	0.00991	0.01026	0.01402	0.02569	0.03057	0.18776	0.03687	0.59394	0.00762	0.01263	0.00764	0.00365	0.00513
29	0.00793	0.00561	0.00739	0.00837	0.00899	0.00539	0.00605	0.00934	0.01175	0.01569	0.09693	0.44000	0.03622	0.13359	0.01083	0.00288	0.00412	0.17894	0.00520	0.00476
30	0.00809	0.00562	0.00631	0.00644	0.00676	0.00544	0.00383	0.00841	0.00942	0.01227	0.02568	0.11071	0.13298	0.60648	0.02414	0.00478	0.00502	0.00978	0.00398	0.00384
31	0.00749	0.00537	0.00711	0.00782	0.00852	0.00499	0.00543	0.00911	0.01302	0.01784	0.28789	0.52747	0.04426	0.01598	0.00722	0.00217	0.00315	0.01441	0.00575	0.00499
32	0.00692	0.00569	0.00610	0.00643	0.00800	0.00486	0.00466	0.00829	0.01274	0.01550	0.05239	0.23451	0.58266	0.01557	0.00701	0.00206	0.00305	0.01331	0.00540	0.00486
33	0.01555	0.79913	0.03047	0.00995	0.01493	0.02301	0.00995	0.01741	0.01182	0.01368	0.00808	0.00933	0.00746	0.00498	0.00373	0.00124	0.00622	0.00311	0.00249	0.00746
34	0.00823	0.00594	0.00777	0.00732	0.00869	0.00549	0.00549	0.01097	0.01646	0.02332	0.75629	0.04344	0.05487	0.01189	0.00686	0.00183	0.00274	0.01052	0.00640	0.00549
35	0.01965	0.01507	0.01607	0.01288	0.01710	0.01689	0.01046	0.51224	0.25907	0.03269	0.01708	0.01645	0.01241	0.00727	0.00585	0.00182	0.00582	0.00567	0.00585	0.00967
36	0.01384	0.00921	0.01190	0.01183	0.08126	0.00914	0.00843	0.15455	0.01760	0.12204	0.31737	0.07846	0.05465	0.01054	0.00656	0.00191	0.00441	0.07324	0.00588	0.00719
37	0.01684	0.01447	0.01427	0.01172	0.01579	0.09822	0.00928	0.19145	0.29669	0.04815	0.01650	0.01624	0.01245	0.00657	0.00543	0.00159	0.00562	0.00516	0.00501	0.20855
38	0.02432	0.01273	0.01525	0.01169	0.01626	0.01276	0.00966	0.34418	0.02139	0.44083	0.01896	0.01720	0.01240	0.00710	0.00583	0.00178	0.00559	0.00558	0.00658	0.00989
39	0.00813	0.00594	0.00763	0.00721	0.00863	0.00544	0.00541	0.01078	0.01622	0.02275	0.70401	0.04438	0.10750	0.01210	0.00686	0.00184	0.00276	0.01065	0.00633	0.00544
40	0.02144	0.02326	0.01801	0.01520	0.01885	0.51941	0.07845	0.13063	0.01787	0.08622	0.01126	0.01234	0.00860	0.00615	0.00553	0.00161	0.00931	0.00445	0.00380	0.00760
41	0.02211	0.01629	0.01745	0.01338	0.01803	0.01803	0.01105	0.73997	0.02734	0.03665	0.01396	0.01396	0.00989	0.00698	0.00582	0.00175	0.00640	0.00524	0.00582	0.00989
42	0.67295	0.01107	0.01031	0.16115	0.01696	0.01302	0.00825	0.01665	0.01024	0.02386	0.00854	0.01065	0.00659	0.00548	0.00404	0.00183	0.00514	0.00355	0.00340	0.00633
43	0.00800	0.00568	0.00762	0.00884	0.00949	0.00549	0.00660	0.00949	0.01166	0.01540	0.03034	0.47122	0.03513	0.08964	0.00969	0.00277	0.00427	0.25864	0.00521	0.00483
44	0.00756	0.00542	0.00717	0.00778	0.00854	0.00504	0.00543	0.00928	0.01332	0.01833	0.32949	0.48447	0.04520	0.01562	0.00719	0.00214	0.00311	0.01406	0.00581	0.00504
45	0.01316	0.30542	0.43140	0.01407	0.02056	0.01733	0.01652	0.01764	0.01180	0.01630	0.00933	0.01126	0.00743	0.00576	0.00614	0.00169	0.07981	0.00394	0.00248	0.00798
46	0.01176	0.00886	0.01042	0.00925	0.01151	0.00919	0.00723	0.14807	0.12805	0.02568	0.48021	0.03567	0.04016	0.01056	0.00657	0.00187	0.00380	0.03812	0.00618	0.00685
47	0.00981	0.00630	0.00823	0.00755	0.00922	0.00575	0.00573	0.01247	0.01637	0.09047	0.66690	0.04169	0.07394	0.01155	0.00677	0.00183	0.00295	0.01015	0.00644	0.00587
48	0.01084	0.00542	0.00542	0.00542	0.00678	0.00542	0.00407	0.01355	0.01220	0.02168	0.01897	0.02168	0.01491	0.00678	0.00407	0.00136	0.00271	0.00542	0.82791	0.00542
49	0.01802	0.01640	0.02132	0.01918	0.13199	0.13201	0.18593	0.23848	0.03937	0.06774	0.01412	0.04062	0.01130	0.00674	0.00610	0.00181	0.00766	0.02844	0.00431	0.00848
50	0.09180	0.01234	0.01318	0.01137	0.01500	0.01378	0.00901	0.09508	0.50489	0.13634	0.02124	0.01958	0.01548	0.00747	0.00569	0.00191	0.00481	0.00603	0.00589	0.00911
51	0.00718	0.00587	0.00616	0.00611	0.00782	0.00505	0.00446	0.00867	0.01320	0.01622	0.13948	0.05279	0.60378	0.08687	0.00898	0.00229	0.00317	0.01171	0.00535	0.00485
52	0.01575	0.01345	0.02085	0.16753	0.45396	0.01418	0.01583	0.15193	0.01573	0.05692	0.01196	0.01477	0.00932	0.00573	0.00578	0.00177	0.00688	0.00522	0.00358	0.00886
53	0.04922	0.16955	0.10477	0.02019	0.26713	0.10499	0.01383	0.07853	0.01466	0.10721	0.01165	0.01312	0.00902	0.00567	0.00521	0.00163	0.00702	0.00451	0.00355	0.00853
54	0.01166	0.00623	0.00837	0.00864	0.00998	0.00564	0.00616	0.01297	0.01246	0.19515	0.02986	0.60587	0.03266	0.01556	0.00704	0.00223	0.00375	0.01396	0.00583	0.00597
55	0.00697	0.00550	0.00629	0.00693	0.00813	0.00482	0.00488	0.00823	0.01226	0.01530	0.04625	0.40274	0.41839	0.01637	0.00713	0.00215	0.00315	0.01428	0.00540	0.00482
56	0.01147	0.01155	0.08276	0.05041	0.12434	0.00940	0.01029	0.04291	0.05643	0.01861	0.01769	0.21656	0.01772	0.00894	0.00579	0.00168	0.00515	0.03251	0.00404	0.27175
57	0.04501	0.04398	0.05009	0.02070	0.25583	0.10264	0.06036	0.19221	0.05461	0.02259	0.01389	0.08602	0.01206	0.00706	0.00579	0.00178	0.00690	0.00608	0.00399	0.00839
58	0.12582	0.27689	0.02018	0.12491	0.01932	0.31385	0.01088	0.01927	0.01336	0.01571	0.00877	0.01070	0.00736	0.00555	0.00461	0.00152	0.00789	0.00367	0.00285	0.00688

[dist]
# distance from previous block
# <min> <max>
4	28

[block]
# block no. 6 follows, 40 sequences, length 23
# corresponding to MSA columns:
# 601-623
name=unknown_G
#
# <colnr> <probs for GDERKNQSTAVLIFYWHMCP>
#	G	D	E	R	K	N	Q	S	T	A	V	L	I	F	Y	W	H	M	C	P
0	0.23280	0.44354	0.05452	0.00938	0.01350	0.01737	0.00886	0.01607	0.01123	0.01736	0.01155	0.11897	0.01149	0.00697	0.00429	0.00158	0.00547	0.00505	0.00319	0.00682
1	0.14711	0.05235	0.12009	0.01198	0.01694	0.06604	0.01092	0.28515	0.05194	0.02624	0.01176	0.01260	0.00884	0.00595	0.00504	0.00159	0.00623	0.00433	0.00425	0.15065
2	0.01098	0.01034	0.01744	0.78165	0.04005	0.01292	0.01615	0.01486	0.01163	0.01486	0.01034	0.01550	0.00775	0.00581	0.00581	0.00194	0.00775	0.00517	0.00258	0.00646
3	0.01752	0.01181	0.01324	0.01144	0.01505	0.01291	0.00903	0.03023	0.55658	0.21840	0.02348	0.02120	0.01687	0.00771	0.00590	0.00193	0.00469	0.00638	0.00625	0.00939
4	0.00880	0.00711	0.01151	0.01129	0.01275	0.00680	0.10929	0.01093	0.01227	0.01626	0.02878	0.43288	0.03259	0.01561	0.00755	0.00241	0.00496	0.25778	0.00504	0.00538
5	0.00745	0.00591	0.00670	0.00650	0.00821	0.00516	0.00488	0.00947	0.01463	0.01896	0.35705	0.05061	0.45682	0.01351	0.00687	0.00191	0.00286	0.01152	0.00583	0.00516
6	0.72117	0.01043	0.00811	0.00734	0.01062	0.01198	0.00599	0.01660	0.01022	0.02547	0.00962	0.01116	0.00750	0.00559	0.00366	0.00174	0.00425	0.00347	0.11892	0.00617
7	0.00695	0.00584	0.00603	0.00610	0.00793	0.00492	0.00453	0.00844	0.01325	0.01599	0.08772	0.10531	0.67743	0.01484	0.00691	0.00198	0.00297	0.01248	0.00544	0.00492
8	0.00855	0.00637	0.00825	0.00911	0.01058	0.00607	0.00765	0.01085	0.01348	0.01726	0.08718	0.08735	0.22707	0.01550	0.00762	0.00242	0.00447	0.45955	0.00544	0.00522
9	0.01446	0.01249	0.01315	0.01183	0.01512	0.01446	0.00920	0.03090	0.74885	0.02433	0.02367	0.02170	0.01775	0.00789	0.00592	0.00197	0.00460	0.00657	0.00592	0.00920
10	0.00839	0.00591	0.00772	0.00772	0.00820	0.00639	0.00524	0.00934	0.00887	0.01230	0.01706	0.03107	0.01811	0.45025	0.37083	0.00734	0.01020	0.00743	0.00334	0.00429
11	0.01555	0.79913	0.03047	0.00995	0.01493	0.02301	0.00995	0.01741	0.01182	0.01368	0.00808	0.00933	0.00746	0.00498	0.00373	0.00124	0.00622	0.00311	0.00249	0.00746
12	0.02032	0.01423	0.01558	0.01248	0.01670	0.01561	0.01014	0.42338	0.24668	0.13455	0.01819	0.01714	0.01293	0.00729	0.00585	0.00182	0.00565	0.00573	0.00604	0.00968
13	0.01945	0.01562	0.01511	0.01255	0.01636	0.12099	0.00997	0.30274	0.27034	0.10333	0.01763	0.01743	0.01304	0.03067	0.00648	0.00191	0.00619	0.00564	0.00553	0.00903
14	0.00755	0.00592	0.00683	0.00660	0.00827	0.00520	0.00495	0.00966	0.01486	0.01951	0.40722	0.04971	0.40632	0.01331	0.00687	0.00190	0.00284	0.01140	0.00590	0.00520
15	0.01210	0.01181	0.01663	0.01444	0.01458	0.01634	0.01196	0.01349	0.00897	0.01393	0.00874	0.01414	0.00860	0.01486	0.12450	0.00350	0.67734	0.00525	0.00262	0.00620
16	0.00839	0.00565	0.00632	0.00632	0.00641	0.00561	0.00356	0.00845	0.00867	0.01147	0.02013	0.03885	0.05385	0.76092	0.02859	0.00547	0.00552	0.00863	0.00361	0.00359
17	0.00831	0.00623	0.00935	0.00935	0.01038	0.00727	0.00727	0.01038	0.00935	0.01350	0.01558	0.02285	0.01454	0.04361	0.77259	0.00935	0.01558	0.00623	0.00312	0.00519
18	0.01803	0.07702	0.04972	0.01649	0.02087	0.28670	0.21991	0.02290	0.11767	0.09411	0.01326	0.01449	0.01001	0.00598	0.00576	0.00172	0.00851	0.00523	0.00376	0.00785
19	0.00815	0.00628	0.00775	0.00813	0.00957	0.00562	0.00587	0.01005	0.03456	0.01604	0.03287	0.48917	0.14601	0.01524	0.00690	0.00210	0.00362	0.06635	0.00514	0.12056
20	0.19019	0.02082	0.01479	0.01290	0.01638	0.40333	0.01002	0.17010	0.07175	0.02206	0.01092	0.01182	0.00850	0.00621	0.00507	0.00165	0.00797	0.00414	0.00392	0.00748
21	0.10447	0.01498	0.01764	0.04332	0.09266	0.01625	0.04407	0.49802	0.02218	0.03131	0.01264	0.01358	0.00926	0.00637	0.00555	0.00172	0.00635	0.00500	0.00493	0.04970
22	0.25864	0.02161	0.11879	0.01269	0.01681	0.36488	0.01104	0.04777	0.01438	0.06959	0.01006	0.01119	0.00768	0.00587	0.00486	0.00166	0.00795	0.00385	0.00348	0.00720

[dist]
# distance from previous block
# <min> <max>
0	8

[block]
# block no. 7 follows, 40 sequences, length 18
# corresponding to MSA columns:
# 648-665
name=unknown_H
#
# <colnr> <probs for GDERKNQSTAVLIFYWHMCP>
#	G	D	E	R	K	N	Q	S	T	A	V	L	I	F	Y	W	H	M	C	P
0	0.05020	0.00938	0.01195	0.14195	0.10255	0.05239	0.00940	0.04407	0.01283	0.01753	0.07765	0.31609	0.02475	0.04176	0.00731	0.00216	0.00525	0.03422	0.00436	0.03419
1	0.06376	0.04428	0.07635	0.07903	0.25442	0.14255	0.03898	0.16138	0.01598	0.02134	0.01076	0.01309	0.00850	0.00595	0.00606	0.00175	0.03934	0.00475	0.00344	0.00829
2	0.01722	0.01804	0.02349	0.10745	0.02520	0.20212	0.28956	0.17562	0.04546	0.02122	0.01185	0.01424	0.00894	0.00584	0.00608	0.00180	0.00880	0.00553	0.00365	0.00790
3	0.01269	0.01108	0.01184	0.01002	0.01346	0.04312	0.00771	0.02041	0.30320	0.01971	0.01729	0.04381	0.01460	0.07232	0.06671	0.00242	0.00564	0.00573	0.00445	0.31380
4	0.01688	0.01623	0.02704	0.02008	0.02489	0.12281	0.45794	0.02058	0.01426	0.14287	0.01294	0.01541	0.00948	0.00583	0.00735	0.00191	0.06581	0.00611	0.00364	0.00792
5	0.00809	0.00597	0.00774	0.00856	0.00974	0.00563	0.00674	0.01008	0.01319	0.01725	0.14431	0.26371	0.17500	0.01579	0.00747	0.00233	0.00396	0.28379	0.00553	0.00511
6	0.00843	0.00642	0.00923	0.13877	0.01462	0.00668	0.00818	0.01032	0.01169	0.01535	0.02733	0.42496	0.03103	0.05659	0.00849	0.00255	0.00477	0.20465	0.00481	0.00512
7	0.00876	0.00618	0.00736	0.00711	0.00867	0.00584	0.00541	0.01189	0.04835	0.02142	0.43736	0.04213	0.17318	0.01156	0.00640	0.00182	0.00298	0.04378	0.14427	0.00553
8	0.00930	0.00709	0.00876	0.00860	0.01023	0.00710	0.00666	0.01414	0.13856	0.02155	0.43157	0.10302	0.07597	0.01249	0.00693	0.00203	0.00352	0.12044	0.00603	0.00600
9	0.01673	0.01236	0.01392	0.01070	0.01496	0.01222	0.00867	0.35409	0.02015	0.06032	0.13800	0.01856	0.01724	0.00696	0.00551	0.00148	0.00505	0.00558	0.00522	0.27228
10	0.15316	0.57709	0.11239	0.01033	0.01550	0.02023	0.01068	0.01748	0.01155	0.01632	0.00836	0.00969	0.00726	0.00511	0.00392	0.00141	0.00621	0.00325	0.00267	0.00740
11	0.00824	0.00663	0.00749	0.00787	0.00933	0.00643	0.00566	0.01203	0.13599	0.01677	0.04104	0.37748	0.31313	0.01513	0.00696	0.00214	0.00341	0.01321	0.00549	0.00555
12	0.15296	0.11214	0.25414	0.01593	0.02177	0.10686	0.19151	0.04641	0.01327	0.01940	0.01005	0.01214	0.00767	0.00540	0.00530	0.00175	0.00807	0.00456	0.00296	0.00772
13	0.01489	0.66983	0.15405	0.01106	0.01665	0.02141	0.01189	0.01758	0.01189	0.01448	0.00848	0.00982	0.00745	0.00507	0.00403	0.00134	0.00662	0.00331	0.00248	0.00765
14	0.00735	0.00554	0.00681	0.00728	0.00835	0.00499	0.00516	0.00898	0.01322	0.01749	0.24544	0.37968	0.23760	0.01547	0.00711	0.00210	0.00308	0.01367	0.00568	0.00499
15	0.00846	0.00564	0.00634	0.00634	0.00634	0.00564	0.00352	0.00846	0.00846	0.01128	0.01832	0.03805	0.02114	0.79563	0.02960	0.00564	0.00564	0.00846	0.00352	0.00352
16	0.00703	0.00529	0.00652	0.00750	0.00828	0.00477	0.00513	0.00816	0.01171	0.01508	0.03932	0.59267	0.23293	0.01727	0.00727	0.00225	0.00326	0.01538	0.00540	0.00477
17	0.01206	0.01034	0.01206	0.00861	0.01378	0.00775	0.00689	0.01464	0.01206	0.01895	0.01034	0.01206	0.00861	0.00431	0.00431	0.00086	0.00431	0.00345	0.00345	0.83118

[dist]
# distance from previous block
# <min> <max>
0	1

[block]
# block no. 8 follows, 40 sequences, length 75
# corresponding to MSA columns:
# 667-702,715-753
name=unknown_I
#
# <colnr> <probs for GDERKNQSTAVLIFYWHMCP>
#	G	D	E	R	K	N	Q	S	T	A	V	L	I	F	Y	W	H	M	C	P
0	0.01613	0.01275	0.01424	0.01054	0.01550	0.01192	0.00858	0.30855	0.01825	0.02612	0.01181	0.01283	0.00913	0.00539	0.00492	0.00122	0.00515	0.00417	0.00441	0.49838
1	0.21830	0.18042	0.27763	0.01263	0.01820	0.13567	0.01331	0.05068	0.01293	0.01950	0.00931	0.01077	0.00725	0.00552	0.00465	0.00165	0.00730	0.00373	0.00298	0.00756
2	0.16445	0.52365	0.10358	0.01057	0.01555	0.06971	0.01060	0.01785	0.01183	0.01647	0.00840	0.00974	0.00724	0.00518	0.00400	0.00142	0.00644	0.00328	0.00272	0.00732
3	0.00714	0.00568	0.00641	0.00670	0.00814	0.00495	0.00485	0.00868	0.01318	0.01664	0.15855	0.25203	0.45609	0.01523	0.00702	0.00205	0.00303	0.01315	0.00555	0.00495
4	0.00731	0.00517	0.00675	0.00785	0.00819	0.00487	0.00518	0.00828	0.01107	0.01483	0.06646	0.66312	0.03718	0.11220	0.01008	0.00273	0.00362	0.01525	0.00522	0.00462
5	0.00787	0.00578	0.00737	0.00729	0.00855	0.00528	0.00535	0.01015	0.01513	0.02091	0.54470	0.18011	0.13319	0.01336	0.00696	0.00194	0.00288	0.01181	0.00610	0.00528
6	0.02068	0.02598	0.01663	0.01501	0.01766	0.68494	0.01141	0.02215	0.01560	0.01420	0.00883	0.01075	0.00751	0.00648	0.00685	0.00162	0.10015	0.00390	0.00294	0.00670
7	0.00881	0.00598	0.00749	0.00738	0.00873	0.00549	0.00536	0.01069	0.01386	0.06226	0.34350	0.19176	0.18208	0.07598	0.04179	0.00258	0.00382	0.01143	0.00569	0.00532
8	0.01673	0.01279	0.05472	0.01613	0.10246	0.01326	0.06514	0.09325	0.01405	0.20217	0.04566	0.01690	0.01220	0.00973	0.04300	0.02885	0.23506	0.00567	0.00428	0.00794
9	0.01296	0.28666	0.52028	0.01436	0.02175	0.01668	0.01764	0.01808	0.01212	0.01684	0.00965	0.01129	0.00740	0.00534	0.00493	0.00164	0.00780	0.00390	0.00247	0.00822
10	0.01823	0.01516	0.01320	0.01115	0.01427	0.19236	0.00880	0.30146	0.01918	0.04951	0.01462	0.01599	0.01114	0.00832	0.03921	0.00191	0.00665	0.00500	0.24624	0.00762
11	0.01525	0.01637	0.12264	0.08029	0.14170	0.01459	0.22692	0.14119	0.11534	0.04641	0.01369	0.01567	0.01018	0.00593	0.00609	0.00187	0.00759	0.00578	0.00386	0.00865
12	0.01759	0.23245	0.14189	0.01486	0.01991	0.23888	0.11723	0.07396	0.01498	0.06133	0.01057	0.01202	0.00824	0.00563	0.00519	0.00159	0.00830	0.00435	0.00322	0.00781
13	0.01474	0.13267	0.15556	0.01486	0.10278	0.01247	0.06968	0.05821	0.01495	0.14024	0.18195	0.02189	0.04038	0.00739	0.00579	0.00174	0.00595	0.00635	0.00447	0.00792
14	0.00721	0.00567	0.00637	0.00666	0.00799	0.00499	0.00473	0.00861	0.01275	0.01608	0.13362	0.24199	0.43328	0.07273	0.00868	0.00232	0.00323	0.01287	0.00538	0.00483
