[name]
unknown

[dist]
# distance from previous block
# <min> <max>
6	1043

[block]
# block no. 0 follows, 41 sequences, length 6
# corresponding to MSA columns:
# 1066-1071
name=unknown_A
#
# <colnr> <probs for GDERKNQSTAVLIFYWHMCP>
#	G	D	E	R	K	N	Q	S	T	A	V	L	I	F	Y	W	H	M	C	P
0	0.11972	0.17173	0.01977	0.18140	0.07103	0.01481	0.10209	0.06083	0.09429	0.01959	0.07984	0.01629	0.01305	0.00618	0.00525	0.00172	0.00623	0.00526	0.00361	0.00729
1	0.01333	0.01039	0.01252	0.01203	0.05600	0.01130	0.00899	0.09959	0.29650	0.05237	0.06359	0.02492	0.01843	0.01536	0.16192	0.00335	0.00699	0.07184	0.00497	0.05559
2	0.15679	0.01437	0.13745	0.01148	0.01555	0.06450	0.09546	0.08483	0.01381	0.08023	0.01376	0.01542	0.01027	0.00601	0.00486	0.00164	0.00579	0.00483	0.25583	0.00712
3	0.00837	0.00686	0.00751	0.00729	0.00919	0.00656	0.00547	0.01260	0.14101	0.01855	0.20947	0.10419	0.41590	0.01296	0.00664	0.00193	0.00317	0.01104	0.00562	0.00567
4	0.01352	0.00831	0.00896	0.00813	0.01043	0.00881	0.00639	0.08505	0.18515	0.07769	0.02017	0.02276	0.01578	0.00744	0.00491	0.00161	0.00373	0.04326	0.46099	0.00691
5	0.00781	0.00587	0.00754	0.00805	0.00920	0.00516	0.00556	0.00907	0.01111	0.01530	0.02785	0.66034	0.03278	0.01556	0.00677	0.00207	0.00348	0.01404	0.00498	0.14746

[dist]
# distance from previous block
# <min> <max>
0	1

[block]
# block no. 1 follows, 41 sequences, length 15
# corresponding to MSA columns:
# 1073-1087
name=unknown_B
#
# <colnr> <probs for GDERKNQSTAVLIFYWHMCP>
#	G	D	E	R	K	N	Q	S	T	A	V	L	I	F	Y	W	H	M	C	P
0	0.01134	0.01072	0.01814	0.66400	0.15639	0.01285	0.01615	0.01509	0.01169	0.01527	0.01026	0.01507	0.00786	0.00562	0.00571	0.00187	0.00749	0.00509	0.00259	0.00679
1	0.02043	0.00976	0.01253	0.00971	0.01378	0.00863	0.00790	0.08489	0.01652	0.47012	0.13188	0.02128	0.01891	0.00730	0.00566	0.00162	0.00456	0.00602	0.00625	0.14228
2	0.01283	0.01165	0.01572	0.01195	0.01659	0.01070	0.12637	0.01982	0.23363	0.02017	0.01431	0.01527	0.01119	0.00538	0.00512	0.00135	0.00520	0.00485	0.00404	0.45386
3	0.00701	0.00521	0.00641	0.00734	0.00803	0.00475	0.00496	0.00805	0.01127	0.01458	0.03690	0.57115	0.20778	0.06762	0.00858	0.00244	0.00336	0.01476	0.00519	0.00461
4	0.01013	0.00726	0.00898	0.00927	0.01051	0.00739	0.00702	0.12804	0.01379	0.01829	0.02660	0.37737	0.02981	0.11479	0.00998	0.00272	0.00460	0.20283	0.00513	0.00548
5	0.01758	0.01427	0.01489	0.01130	0.01598	0.06079	0.00917	0.39374	0.01993	0.02739	0.01193	0.01274	0.00905	0.00570	0.00506	0.00134	0.00568	0.00432	0.00457	0.35456
6	0.00844	0.00729	0.01117	0.01016	0.01210	0.00671	0.12471	0.01046	0.01235	0.01575	0.03664	0.22485	0.28873	0.06290	0.00849	0.00238	0.00469	0.14215	0.00480	0.00525
7	0.00697	0.00498	0.00664	0.00796	0.00830	0.00465	0.00531	0.00796	0.01095	0.01460	0.03153	0.79525	0.03783	0.01792	0.00730	0.00232	0.00332	0.01626	0.00531	0.00465
8	0.15190	0.01486	0.01512	0.01273	0.03651	0.06246	0.01004	0.43791	0.06294	0.02935	0.01344	0.05144	0.01067	0.00730	0.00626	0.00180	0.05660	0.00534	0.00490	0.00844
9	0.00770	0.00583	0.00709	0.00678	0.00830	0.00523	0.00508	0.01002	0.01525	0.02070	0.55036	0.04641	0.26529	0.01253	0.00675	0.00184	0.00276	0.01086	0.00600	0.00523
10	0.16410	0.26586	0.27778	0.01168	0.01748	0.01535	0.01282	0.01915	0.01221	0.13909	0.01111	0.01186	0.00820	0.00551	0.00459	0.00161	0.00641	0.00390	0.00338	0.00790
11	0.01718	0.01444	0.06003	0.02073	0.30619	0.04295	0.01303	0.17298	0.01633	0.12909	0.01288	0.01419	0.00967	0.00567	0.00542	0.00157	0.00623	0.00482	0.00412	0.14249
12	0.59490	0.01553	0.01077	0.00963	0.01304	0.21562	0.00764	0.04270	0.01203	0.02291	0.00839	0.00971	0.00662	0.00552	0.00404	0.00169	0.00605	0.00332	0.00346	0.00643
13	0.01158	0.01589	0.23922	0.01504	0.12684	0.01051	0.01269	0.01685	0.10084	0.01847	0.01531	0.14001	0.01402	0.00736	0.00549	0.00163	0.00576	0.00634	0.00362	0.23254
14	0.01339	0.01148	0.01545	0.01697	0.23762	0.01062	0.01042	0.10293	0.04387	0.02144	0.09807	0.01672	0.01442	0.00581	0.00519	0.00136	0.00508	0.00504	0.00393	0.36019

[dist]
# distance from previous block
# <min> <max>
3	46

[block]
# block no. 2 follows, 41 sequences, length 8
# corresponding to MSA columns:
# 1134-1141
name=unknown_C
#
# <colnr> <probs for GDERKNQSTAVLIFYWHMCP>
#	G	D	E	R	K	N	Q	S	T	A	V	L	I	F	Y	W	H	M	C	P
0	0.22801	0.01227	0.01815	0.12531	0.07030	0.01412	0.16137	0.01730	0.07923	0.01917	0.01074	0.01387	0.00864	0.00752	0.03023	0.00220	0.16636	0.00505	0.00320	0.00697
1	0.01662	0.01074	0.01285	0.00947	0.01432	0.00902	0.00768	0.10371	0.01480	0.21569	0.01382	0.01406	0.01010	0.00529	0.00481	0.00119	0.00464	0.00421	0.00462	0.52236
2	0.22480	0.00698	0.00680	0.00657	0.00749	0.00744	0.00418	0.01053	0.00869	0.01489	0.01540	0.03010	0.01699	0.59224	0.02245	0.00456	0.00525	0.00696	0.00349	0.00418
3	0.01187	0.01086	0.01789	0.18512	0.41491	0.01127	0.01404	0.01518	0.01352	0.01894	0.20588	0.02183	0.02046	0.00695	0.00596	0.00177	0.00590	0.00646	0.00367	0.00754
4	0.02266	0.01763	0.01588	0.01284	0.01691	0.23438	0.01028	0.34921	0.02107	0.22015	0.01462	0.01424	0.01020	0.00664	0.00557	0.00166	0.00708	0.00488	0.00527	0.00883
5	0.01186	0.01017	0.01186	0.00847	0.01356	0.00762	0.00678	0.01440	0.01186	0.01864	0.01017	0.01186	0.00847	0.00424	0.00424	0.00085	0.00424	0.00339	0.00339	0.83395
6	0.00733	0.00549	0.00688	0.00778	0.00873	0.00504	0.00569	0.00879	0.01210	0.01562	0.07284	0.44896	0.22618	0.01639	0.00723	0.00225	0.00349	0.12903	0.00535	0.00483
7	0.01270	0.01289	0.10565	0.01282	0.07673	0.01019	0.04638	0.13194	0.01561	0.02249	0.20627	0.02060	0.02044	0.00685	0.00552	0.00148	0.00516	0.00589	0.00433	0.27608

[dist]
# distance from previous block
# <min> <max>
1	6

[block]
# block no. 3 follows, 41 sequences, length 24
# corresponding to MSA columns:
# 1148-1171
name=unknown_D
#
# <colnr> <probs for GDERKNQSTAVLIFYWHMCP>
#	G	D	E	R	K	N	Q	S	T	A	V	L	I	F	Y	W	H	M	C	P
0	0.01155	0.20271	0.01401	0.00870	0.01118	0.03769	0.00711	0.09165	0.01481	0.01940	0.24126	0.17414	0.09600	0.01058	0.00584	0.00173	0.00433	0.00888	0.03224	0.00619
1	0.01664	0.01307	0.01655	0.05529	0.18901	0.01404	0.01160	0.40022	0.01989	0.02690	0.01626	0.16293	0.01483	0.00851	0.00601	0.00184	0.00591	0.00725	0.00482	0.00844
2	0.01512	0.01941	0.33147	0.03015	0.01911	0.05300	0.01399	0.11105	0.07284	0.13676	0.06134	0.08054	0.01483	0.00750	0.00578	0.00183	0.00662	0.00611	0.00433	0.00821
3	0.01039	0.01718	0.35096	0.16000	0.02184	0.01019	0.01454	0.01450	0.01174	0.04334	0.01759	0.26725	0.01750	0.00960	0.00611	0.00199	0.00650	0.00835	0.00355	0.00686
4	0.01530	0.01086	0.01275	0.01093	0.01369	0.01186	0.00866	0.36628	0.01843	0.05828	0.01797	0.16546	0.01656	0.01907	0.22178	0.00393	0.00819	0.00757	0.00496	0.00747
5	0.00978	0.00885	0.01565	0.07718	0.05009	0.00865	0.20736	0.01211	0.01171	0.01584	0.08992	0.24857	0.02398	0.18032	0.01159	0.00280	0.00597	0.00997	0.00401	0.00564
6	0.01191	0.01500	0.16297	0.41026	0.21888	0.01313	0.05451	0.01621	0.01207	0.01650	0.01041	0.01438	0.00797	0.00546	0.00570	0.00184	0.00768	0.00501	0.00261	0.00751
7	0.01293	0.01563	0.16348	0.02799	0.51443	0.01252	0.01704	0.01684	0.01286	0.01835	0.01347	0.02100	0.01214	0.00670	0.00594	0.00185	0.00689	0.10841	0.00310	0.00840
8	0.01306	0.01106	0.01193	0.01079	0.01367	0.01254	0.00836	0.02666	0.61247	0.02374	0.16382	0.02542	0.02442	0.00851	0.00600	0.00191	0.00418	0.00721	0.00591	0.00836
9	0.00718	0.00514	0.00683	0.00782	0.00834	0.00479	0.00533	0.00850	0.01195	0.01619	0.17049	0.65175	0.04091	0.01673	0.00719	0.00222	0.00320	0.01513	0.00550	0.00479
10	0.68347	0.01201	0.01008	0.00860	0.01233	0.01377	0.00709	0.15552	0.01301	0.02764	0.00906	0.01014	0.00687	0.00561	0.00396	0.00176	0.00478	0.00349	0.00396	0.00687
11	0.01245	0.00647	0.00804	0.00720	0.00917	0.00598	0.00556	0.01504	0.01490	0.17237	0.37628	0.03125	0.03347	0.00917	0.00567	0.00165	0.00312	0.00783	0.26813	0.00625
12	0.01171	0.01080	0.01792	0.31736	0.34185	0.01169	0.01460	0.01514	0.01302	0.01794	0.15346	0.02002	0.01707	0.00659	0.00589	0.00180	0.00633	0.00609	0.00338	0.00732
13	0.00862	0.00697	0.00782	0.00756	0.00940	0.00678	0.00567	0.01323	0.15492	0.01933	0.26873	0.11608	0.32811	0.01266	0.00663	0.00193	0.00319	0.01087	0.00572	0.00579
14	0.01249	0.16193	0.02006	0.37396	0.17739	0.01405	0.01375	0.01566	0.01185	0.01580	0.00986	0.01338	0.00798	0.00522	0.00510	0.00158	0.00668	0.00446	0.00270	0.12608
15	0.01407	0.01335	0.01871	0.34693	0.26576	0.07510	0.01495	0.09684	0.03669	0.01865	0.01104	0.01440	0.00863	0.00567	0.00561	0.00175	0.00722	0.00496	0.00315	0.03652
16	0.04237	0.14997	0.18178	0.01173	0.01609	0.01431	0.01129	0.11373	0.22099	0.02082	0.01689	0.11542	0.01482	0.03722	0.00633	0.00194	0.00577	0.00643	0.00425	0.00785
17	0.34357	0.01213	0.01124	0.00986	0.01302	0.04869	0.00779	0.21545	0.08259	0.02568	0.01547	0.16152	0.01427	0.00839	0.00514	0.00186	0.00501	0.00650	0.00465	0.00715
18	0.01377	0.01054	0.01658	0.07866	0.11220	0.04577	0.14903	0.01614	0.05381	0.10707	0.01423	0.06445	0.01209	0.01050	0.01059	0.23472	0.00635	0.00616	0.03103	0.00631
19	0.01037	0.00832	0.00953	0.00871	0.01091	0.00853	0.00655	0.05566	0.17904	0.01785	0.02675	0.08621	0.17055	0.11862	0.15602	0.00368	0.00636	0.00808	0.00455	0.10369
20	0.06794	0.01480	0.01240	0.01078	0.01347	0.22480	0.00818	0.19018	0.01632	0.09271	0.01536	0.07845	0.01369	0.13742	0.00925	0.00230	0.00651	0.00607	0.07251	0.00686
21	0.01116	0.00997	0.00910	0.00930	0.01063	0.15096	0.00664	0.01353	0.06394	0.04390	0.07734	0.43762	0.04826	0.03269	0.00706	0.00210	0.00475	0.01159	0.04388	0.00558
22	0.03369	0.00972	0.01179	0.04832	0.08176	0.03447	0.00891	0.07559	0.06874	0.09462	0.05085	0.06886	0.16104	0.01042	0.00630	0.00194	0.00496	0.15570	0.00496	0.06737
23	0.04650	0.08730	0.01764	0.01716	0.18080	0.20951	0.04538	0.07656	0.01459	0.05617	0.01680	0.09904	0.07363	0.00778	0.00592	0.00172	0.02608	0.00635	0.00377	0.00731

[dist]
# distance from previous block
# <min> <max>
12	22

[block]
# block no. 4 follows, 41 sequences, length 13
# corresponding to MSA columns:
# 1199-1211
name=unknown_E
#
# <colnr> <probs for GDERKNQSTAVLIFYWHMCP>
#	G	D	E	R	K	N	Q	S	T	A	V	L	I	F	Y	W	H	M	C	P
0	0.04488	0.10409	0.09296	0.01133	0.01551	0.03822	0.10628	0.04863	0.03803	0.05161	0.08328	0.02565	0.19591	0.00808	0.00564	0.00165	0.00551	0.00685	0.00416	0.11176
1	0.01038	0.00993	0.01640	0.01508	0.09187	0.00987	0.18898	0.01361	0.05226	0.01670	0.02683	0.18187	0.19349	0.01150	0.03051	0.00221	0.07439	0.00943	0.00410	0.04060
2	0.01436	0.01233	0.01802	0.08698	0.14958	0.04467	0.12953	0.07774	0.01438	0.08497	0.04126	0.01838	0.07022	0.00623	0.00561	0.00157	0.00621	0.00568	0.00388	0.20840
3	0.01376	0.08588	0.11798	0.01592	0.16626	0.09832	0.01172	0.05569	0.01333	0.01818	0.01202	0.08068	0.01084	0.00616	0.00509	0.00143	0.00621	0.00507	0.00331	0.27216
4	0.01198	0.16714	0.01374	0.00882	0.01099	0.01108	0.00710	0.04328	0.01218	0.07356	0.11337	0.02766	0.10919	0.19175	0.05403	0.00299	0.09166	0.00697	0.00409	0.03842
5	0.01704	0.18766	0.11853	0.01340	0.01771	0.29646	0.05110	0.11550	0.01588	0.01830	0.06663	0.01460	0.03074	0.00635	0.00520	0.00156	0.00785	0.00470	0.00345	0.00735
6	0.01172	0.01275	0.11314	0.07757	0.01731	0.00882	0.00949	0.01492	0.01185	0.01822	0.01018	0.01219	0.00823	0.00453	0.00453	0.00107	0.00509	0.00365	0.00319	0.65157
7	0.00762	0.00567	0.00733	0.00803	0.00900	0.00504	0.00551	0.00882	0.01107	0.01514	0.02868	0.69098	0.03392	0.01610	0.00689	0.00213	0.00344	0.01455	0.00505	0.11502
8	0.00845	0.00704	0.00901	0.01047	0.10883	0.00650	0.00666	0.01106	0.04024	0.01855	0.27475	0.08238	0.37025	0.01228	0.00660	0.00188	0.00343	0.01060	0.00532	0.00572
9	0.00697	0.00498	0.00664	0.00796	0.00830	0.00465	0.00531	0.00796	0.01095	0.01460	0.03153	0.79525	0.03783	0.01792	0.00730	0.00232	0.00332	0.01626	0.00531	0.00465
10	0.00924	0.00711	0.01201	0.01073	0.01214	0.00763	0.10446	0.01067	0.00939	0.01320	0.01383	0.02102	0.01290	0.05907	0.49679	0.17380	0.01215	0.00605	0.00294	0.00487
11	0.01313	0.01928	0.34271	0.01425	0.05242	0.01274	0.01441	0.05859	0.24664	0.05164	0.01947	0.02057	0.07082	0.00734	0.00578	0.00188	0.00634	0.02939	0.00419	0.00840
12	0.01717	0.21588	0.01868	0.01126	0.01574	0.16839	0.00945	0.20350	0.01652	0.02085	0.01025	0.01135	0.00828	0.00541	0.00466	0.00129	0.00646	0.00381	0.00366	0.24738

[dist]
# distance from previous block
# <min> <max>
0	5

[block]
# block no. 5 follows, 41 sequences, length 17
# corresponding to MSA columns:
# 1217-1228,1255-1259
name=unknown_F
#
# <colnr> <probs for GDERKNQSTAVLIFYWHMCP>
#	G	D	E	R	K	N	Q	S	T	A	V	L	I	F	Y	W	H	M	C	P
0	0.08022	0.01551	0.27647	0.01157	0.01562	0.01013	0.03720	0.01416	0.01300	0.01968	0.27736	0.02604	0.06406	0.03844	0.00790	0.00201	0.07293	0.00701	0.00410	0.00659
1	0.01546	0.03426	0.10313	0.01774	0.13648	0.20020	0.08750	0.04534	0.21822	0.01912	0.01491	0.05626	0.01223	0.00677	0.00572	0.00177	0.00730	0.00575	0.00386	0.00801
2	0.01423	0.09252	0.02086	0.07878	0.10125	0.11273	0.17059	0.08033	0.02640	0.01887	0.12196	0.01871	0.03434	0.00701	0.00699	0.00179	0.07574	0.00604	0.00364	0.00723
3	0.01283	0.01231	0.04148	0.04228	0.36562	0.01134	0.01266	0.01757	0.10256	0.01926	0.04766	0.01709	0.03810	0.00584	0.00538	0.00152	0.00558	0.00525	0.00357	0.23210
4	0.01115	0.00666	0.00780	0.00704	0.00939	0.00573	0.00545	0.01303	0.01441	0.18090	0.19400	0.04477	0.45342	0.01230	0.00654	0.00187	0.00329	0.01034	0.00590	0.00601
5	0.01227	0.02216	0.44714	0.01703	0.08877	0.01318	0.06605	0.02037	0.17401	0.01970	0.05287	0.01613	0.01220	0.00620	0.00570	0.00184	0.00722	0.00529	0.00343	0.00843
6	0.01107	0.00807	0.00972	0.00850	0.01055	0.00809	0.00659	0.17071	0.01852	0.02580	0.59751	0.03640	0.04432	0.01064	0.00652	0.00178	0.00348	0.00921	0.00617	0.00634
7	0.01529	0.80242	0.02997	0.00979	0.01468	0.02263	0.00979	0.01713	0.01162	0.01346	0.00795	0.00918	0.00734	0.00489	0.00367	0.00122	0.00612	0.00306	0.00245	0.00734
8	0.01625	0.01343	0.01417	0.01066	0.01542	0.05604	0.00862	0.29842	0.01795	0.02513	0.01148	0.01250	0.00890	0.00535	0.00487	0.00122	0.00539	0.00409	0.00427	0.46585
9	0.00968	0.00753	0.00861	0.00867	0.01072	0.00749	0.00696	0.01469	0.17442	0.04026	0.04023	0.07735	0.33609	0.01331	0.00688	0.00215	0.00402	0.21946	0.00546	0.00602
10	0.00861	0.00662	0.00806	0.00873	0.00974	0.00677	0.00613	0.01300	0.17300	0.01706	0.06675	0.58828	0.03421	0.01539	0.00695	0.00221	0.00355	0.01382	0.00547	0.00565
11	0.01890	0.01189	0.01376	0.01085	0.01515	0.01180	0.00877	0.18707	0.20269	0.25257	0.01805	0.01699	0.01275	0.00658	0.00543	0.00160	0.00497	0.00528	0.00565	0.18927
12	0.01300	0.01317	0.02470	0.24598	0.33253	0.01361	0.23853	0.01695	0.01272	0.01741	0.01084	0.01486	0.00853	0.00519	0.00601	0.00183	0.00790	0.00560	0.00277	0.00788
13	0.00975	0.01132	0.17431	0.00991	0.01190	0.00834	0.00899	0.01097	0.00908	0.01287	0.01302	0.02262	0.01306	0.25586	0.12682	0.21287	0.07469	0.00599	0.00285	0.00478
14	0.01019	0.00739	0.00893	0.00910	0.01035	0.00750	0.00652	0.16849	0.01443	0.01928	0.02765	0.62485	0.03170	0.01551	0.00696	0.00219	0.00397	0.01384	0.00540	0.00575
15	0.01021	0.00922	0.01508	0.61560	0.03267	0.01111	0.01360	0.01378	0.01247	0.01643	0.17372	0.02124	0.01773	0.00702	0.00594	0.00188	0.00655	0.00623	0.00336	0.00615
16	0.01293	0.20005	0.43773	0.01382	0.02033	0.01560	0.01594	0.02057	0.17351	0.01833	0.01258	0.01344	0.00949	0.00582	0.00512	0.00171	0.00707	0.00445	0.00316	0.00833

[dist]
# distance from previous block
# <min> <max>
0	1

[block]
# block no. 6 follows, 41 sequences, length 19
# corresponding to MSA columns:
# 1261-1279
name=unknown_G
#
# <colnr> <probs for GDERKNQSTAVLIFYWHMCP>
#	G	D	E	R	K	N	Q	S	T	A	V	L	I	F	Y	W	H	M	C	P
0	0.01299	0.01378	0.02687	0.01919	0.02476	0.01232	0.51131	0.01709	0.01299	0.01842	0.01113	0.01431	0.00861	0.00464	0.00596	0.00159	0.00794	0.00569	0.00305	0.26737
1	0.01188	0.01083	0.01583	0.54212	0.03169	0.01319	0.01374	0.01957	0.24447	0.01754	0.01429	0.01716	0.01072	0.00636	0.00575	0.00192	0.00665	0.00552	0.00357	0.00720
2	0.01705	0.01867	0.28625	0.01638	0.02262	0.01232	0.21743	0.06051	0.01462	0.25457	0.01468	0.01542	0.00995	0.00586	0.00592	0.00183	0.00754	0.00546	0.00419	0.00872
3	0.57921	0.01688	0.24754	0.01028	0.01537	0.01297	0.01089	0.01722	0.01047	0.02329	0.00869	0.01017	0.00652	0.00535	0.00414	0.00178	0.00569	0.00345	0.00319	0.00690
4	0.01362	0.00707	0.00941	0.00813	0.01045	0.00634	0.00634	0.01616	0.01625	0.25685	0.52845	0.03542	0.04146	0.01024	0.00643	0.00179	0.00338	0.00890	0.00654	0.00676
5	0.01594	0.01811	0.02299	0.03855	0.12300	0.25337	0.28185	0.02092	0.11307	0.01759	0.01261	0.03292	0.01016	0.00592	0.00597	0.00176	0.00859	0.00571	0.00334	0.00763
6	0.01377	0.00686	0.00845	0.00748	0.00887	0.00644	0.00502	0.01446	0.01085	0.24872	0.01945	0.03179	0.01871	0.55012	0.02177	0.00436	0.00533	0.00751	0.00460	0.00544
7	0.01348	0.00712	0.00925	0.00828	0.01066	0.00636	0.00658	0.01577	0.01525	0.25473	0.31090	0.05948	0.15833	0.01133	0.00658	0.00192	0.00371	0.08742	0.00624	0.00663
8	0.01377	0.00686	0.00845	0.00748	0.00887	0.00644	0.00502	0.01446	0.01085	0.24872	0.01945	0.03179	0.01871	0.55012	0.02177	0.00436	0.00533	0.00751	0.00460	0.00544
9	0.01309	0.22443	0.34752	0.01708	0.02377	0.01607	0.24491	0.01793	0.01241	0.01698	0.01008	0.01238	0.00772	0.00510	0.00539	0.00170	0.00822	0.00472	0.00257	0.00793
10	0.01414	0.00869	0.00905	0.00779	0.01014	0.00923	0.00616	0.24302	0.01668	0.02595	0.01711	0.01894	0.01311	0.00673	0.00454	0.00145	0.00381	0.00527	0.57147	0.00671
11	0.01284	0.00647	0.00872	0.00866	0.01028	0.00583	0.00628	0.01422	0.01265	0.25113	0.02871	0.55145	0.03039	0.01451	0.00681	0.00215	0.00381	0.01296	0.00587	0.00624
12	0.01359	0.00988	0.01199	0.01145	0.01391	0.01048	0.00979	0.26761	0.01796	0.02373	0.02450	0.04678	0.02482	0.01268	0.00714	0.00231	0.00563	0.47348	0.00543	0.00682
13	0.57904	0.01622	0.01089	0.00982	0.01317	0.25573	0.00774	0.01873	0.01180	0.02195	0.00824	0.00962	0.00657	0.00550	0.00405	0.00168	0.00630	0.00328	0.00335	0.00633
14	0.00700	0.00507	0.00655	0.00772	0.00818	0.00469	0.00517	0.00800	0.01105	0.01456	0.03338	0.70591	0.10013	0.04337	0.00797	0.00240	0.00336	0.01563	0.00525	0.00462
15	0.01587	0.01367	0.02011	0.17723	0.38519	0.01472	0.01512	0.24533	0.01707	0.02333	0.01158	0.01424	0.00898	0.00578	0.00569	0.00175	0.00680	0.00511	0.00368	0.00873
16	0.03434	0.34280	0.13985	0.01225	0.04242	0.01720	0.01146	0.02204	0.24493	0.05873	0.01402	0.01419	0.01091	0.00602	0.00480	0.00160	0.00590	0.00453	0.00379	0.00822
17	0.00986	0.11863	0.13303	0.00988	0.02784	0.00980	0.00862	0.01188	0.00975	0.01339	0.01440	0.02431	0.01449	0.30873	0.25616	0.00542	0.00919	0.00619	0.00302	0.00543
18	0.01381	0.11142	0.32204	0.03827	0.23208	0.09155	0.07630	0.01826	0.01281	0.01727	0.01010	0.01250	0.00791	0.00528	0.00538	0.00169	0.00799	0.00451	0.00263	0.00821

[dist]
# distance from previous block
# <min> <max>
0	5

[block]
# block no. 7 follows, 41 sequences, length 26
# corresponding to MSA columns:
# 1285-1310
name=unknown_H
#
# <colnr> <probs for GDERKNQSTAVLIFYWHMCP>
#	G	D	E	R	K	N	Q	S	T	A	V	L	I	F	Y	W	H	M	C	P
0	0.00775	0.00554	0.00754	0.00886	0.00953	0.00532	0.00667	0.00932	0.01172	0.01548	0.03109	0.54089	0.03612	0.01718	0.00751	0.00243	0.00400	0.26289	0.00529	0.00486
1	0.02430	0.01192	0.01463	0.01122	0.01569	0.01165	0.00926	0.27723	0.02003	0.51274	0.01949	0.01747	0.01262	0.00701	0.00574	0.00175	0.00536	0.00554	0.00661	0.00973
2	0.01410	0.52665	0.02367	0.00933	0.01429	0.01741	0.00874	0.01618	0.01171	0.01526	0.00872	0.01011	0.00773	0.00466	0.00387	0.00109	0.00546	0.00317	0.00277	0.29507
3	0.01529	0.80242	0.02997	0.00979	0.01468	0.02263	0.00979	0.01713	0.01162	0.01346	0.00795	0.00918	0.00734	0.00489	0.00367	0.00122	0.00612	0.00306	0.00245	0.00734
4	0.01358	0.00987	0.01198	0.01145	0.01390	0.01047	0.00979	0.26678	0.01795	0.02371	0.02452	0.04684	0.02485	0.01269	0.00714	0.00231	0.00562	0.47430	0.00543	0.00682
5	0.55478	0.01279	0.01146	0.00948	0.01339	0.01454	0.00782	0.27002	0.01571	0.02928	0.00997	0.01084	0.00742	0.00585	0.00430	0.00175	0.00508	0.00381	0.00430	0.00742
6	0.00736	0.00528	0.00699	0.00770	0.00838	0.00491	0.00534	0.00895	0.01278	0.01750	0.28520	0.53331	0.04345	0.01575	0.00711	0.00214	0.00310	0.01420	0.00565	0.00491
7	0.55478	0.01279	0.01146	0.00948	0.01339	0.01454	0.00782	0.27002	0.01571	0.02928	0.00997	0.01084	0.00742	0.00585	0.00430	0.00175	0.00508	0.00381	0.00430	0.00742
8	0.01416	0.01359	0.02322	0.03511	0.76330	0.01359	0.01755	0.01755	0.01302	0.01869	0.01076	0.01416	0.00906	0.00510	0.00566	0.00170	0.00680	0.00510	0.00283	0.00906
9	0.01671	0.01750	0.01407	0.01272	0.01585	0.27940	0.00975	0.02776	0.49651	0.02047	0.01825	0.01750	0.01395	0.00711	0.00559	0.00178	0.00654	0.00550	0.00482	0.00821
10	0.01211	0.00882	0.01030	0.00977	0.01158	0.00920	0.00725	0.26425	0.01650	0.02207	0.02533	0.52321	0.02805	0.01407	0.00675	0.00211	0.00435	0.01239	0.00545	0.00641
11	0.01624	0.01955	0.02765	0.02085	0.02564	0.27955	0.48791	0.01989	0.01444	0.01682	0.01062	0.01365	0.00822	0.00519	0.00620	0.00177	0.00988	0.00568	0.00291	0.00734
12	0.02174	0.01602	0.01717	0.01316	0.01774	0.01774	0.01087	0.74423	0.02689	0.03605	0.01373	0.01373	0.00973	0.00687	0.00572	0.00172	0.00629	0.00515	0.00572	0.00973
13	0.00936	0.00805	0.00828	0.00783	0.01021	0.00810	0.00598	0.01593	0.27060	0.01840	0.04588	0.04331	0.50217	0.01214	0.00643	0.00193	0.00346	0.01012	0.00549	0.00630
14	0.01513	0.01241	0.01353	0.01089	0.01507	0.01273	0.00868	0.18852	0.32850	0.02487	0.01653	0.01630	0.01256	0.00633	0.00525	0.00151	0.00483	0.00509	0.00495	0.29634
15	0.00915	0.01413	0.27261	0.01032	0.01421	0.00812	0.01089	0.01306	0.01425	0.02011	0.38439	0.03441	0.12452	0.01002	0.00634	0.00185	0.00482	0.03562	0.00478	0.00639
16	0.00722	0.00549	0.00672	0.00758	0.00861	0.00499	0.00554	0.00861	0.01200	0.01526	0.04054	0.43174	0.28884	0.01642	0.00720	0.00223	0.00345	0.11745	0.00530	0.00480
17	0.00826	0.00563	0.00744	0.00744	0.00844	0.00563	0.00546	0.00861	0.00996	0.01294	0.02839	0.03214	0.27278	0.02546	0.26116	0.27705	0.00760	0.00782	0.00366	0.00415
18	0.01209	0.01005	0.01109	0.01009	0.01267	0.01115	0.00778	0.02357	0.49651	0.02358	0.27982	0.02878	0.03017	0.00913	0.00614	0.00189	0.00389	0.00782	0.00599	0.00778
19	0.01211	0.00882	0.01030	0.00977	0.01158	0.00920	0.00725	0.26425	0.01650	0.02207	0.02533	0.52321	0.02805	0.01407	0.00675	0.00211	0.00435	0.01239	0.00545	0.00641
20	0.00736	0.00528	0.00699	0.00770	0.00838	0.00491	0.00534	0.00895	0.01278	0.01750	0.28520	0.53331	0.04345	0.01575	0.00711	0.00214	0.00310	0.01420	0.00565	0.00491
21	0.01492	0.01678	0.09468	0.02119	0.29294	0.13447	0.01367	0.02278	0.27106	0.01980	0.03060	0.01644	0.01248	0.00632	0.00564	0.00176	0.00665	0.00537	0.00392	0.00853
22	0.01398	0.01467	0.02600	0.01950	0.02432	0.03618	0.46628	0.02265	0.27098	0.02015	0.01557	0.01734	0.01170	0.00588	0.00638	0.00192	0.00788	0.00656	0.00391	0.00815
23	0.76908	0.01245	0.00908	0.00814	0.01163	0.07842	0.00661	0.01733	0.01029	0.02466	0.00804	0.00938	0.00630	0.00536	0.00368	0.00174	0.00493	0.00315	0.00349	0.00623
24	0.00759	0.00595	0.00656	0.00666	0.00795	0.00554	0.00470	0.00927	0.03960	0.01452	0.04098	0.11566	0.42009	0.20495	0.06774	0.00337	0.00458	0.02486	0.00472	0.00467
25	0.01312	0.16301	0.08028	0.01155	0.01407	0.19105	0.00982	0.01523	0.02799	0.01464	0.01684	0.28398	0.01819	0.01040	0.00734	0.00189	0.10251	0.00821	0.00364	0.00624

[dist]
# distance from previous block
# <min> <max>
1	14

[block]
# block no. 8 follows, 41 sequences, length 225
# corresponding to MSA columns:
# 1344-1379,1386-1574
name=unknown_I
#
# <colnr> <probs for GDERKNQSTAVLIFYWHMCP>
#	G	D	E	R	K	N	Q	S	T	A	V	L	I	F	Y	W	H	M	C	P
0	0.01387	0.00713	0.00944	0.00813	0.01052	0.00637	0.00636	0.01636	0.01614	0.26929	0.49011	0.03547	0.06668	0.01027	0.00642	0.00179	0.00342	0.00889	0.00652	0.00681
1	0.01080	0.01017	0.01716	0.78523	0.03940	0.01271	0.01589	0.01461	0.01144	0.01461	0.01017	0.01525	0.00762	0.00572	0.00572	0.00191	0.00762	0.00508	0.00254	0.00635
2	0.01222	0.01161	0.01972	0.46819	0.34536	0.01308	0.01659	0.01586	0.01211	0.01634	0.01042	0.01479	0.00823	0.00546	0.00569	0.00182	0.00727	0.00509	0.00266	0.00750
3	0.01496	0.00659	0.00761	0.00672	0.00894	0.00621	0.00526	0.01750	0.01325	0.23524	0.01978	0.02079	0.01452	0.00678	0.00450	0.00146	0.00330	0.00545	0.59453	0.00659
4	0.01213	0.00645	0.00864	0.00833	0.01000	0.00583	0.00614	0.01391	0.01381	0.21201	0.23075	0.38603	0.03616	0.01339	0.00675	0.00203	0.00355	0.01190	0.00604	0.00617
5	0.00714	0.00581	0.00633	0.00620	0.00796	0.00499	0.00465	0.00895	0.01394	0.01760	0.25936	0.05151	0.55823	0.01369	0.00676	0.00189	0.00284	0.01158	0.00559	0.00499
6	0.00735	0.00547	0.00685	0.00724	0.00828	0.00497	0.00515	0.00908	0.01335	0.01792	0.31246	0.36352	0.18760	0.01488	0.00698	0.00205	0.00300	0.01319	0.00568	0.00497
7	0.01066	0.00533	0.00533	0.00533	0.00666	0.00533	0.00400	0.01333	0.01200	0.02132	0.01866	0.02132	0.01466	0.00666	0.00400	0.00133	0.00267	0.00533	0.83073	0.00533
8	0.01186	0.01017	0.01186	0.00847	0.01356	0.00762	0.00678	0.01440	0.01186	0.01864	0.01017	0.01186	0.00847	0.00424	0.00424	0.00085	0.00424	0.00339	0.00339	0.83395
9	0.02566	0.00973	0.01327	0.01018	0.01460	0.00841	0.00841	0.02788	0.01637	0.76726	0.02257	0.01947	0.01416	0.00708	0.00575	0.00177	0.00487	0.00575	0.00708	0.00973
10	0.02125	0.01578	0.01689	0.01306	0.01755	0.01751	0.01075	0.69762	0.07430	0.03526	0.01436	0.01423	0.01023	0.00692	0.00573	0.00173	0.00618	0.00524	0.00573	0.00968
11	0.00697	0.00498	0.00664	0.00796	0.00830	0.00465	0.00531	0.00796	0.01095	0.01460	0.03153	0.79525	0.03783	0.01792	0.00730	0.00232	0.00332	0.01626	0.00531	0.00465
12	0.00753	0.00582	0.00686	0.00660	0.00820	0.00516	0.00495	0.00970	0.01486	0.01977	0.46316	0.04794	0.35307	0.01287	0.00675	0.00186	0.00278	0.01108	0.00588	0.00516
13	0.02019	0.02390	0.01727	0.01729	0.11639	0.57749	0.01194	0.09370	0.01663	0.01681	0.00954	0.01123	0.00783	0.00600	0.00568	0.00156	0.03206	0.00406	0.00320	0.00725
14	0.02137	0.02726	0.01621	0.01474	0.01768	0.77602	0.01105	0.02284	0.01621	0.01400	0.00884	0.01031	0.00737	0.00589	0.00516	0.00147	0.01031	0.00368	0.00295	0.00663
15	0.00994	0.00497	0.00745	0.00745	0.00745	0.00497	0.00497	0.00745	0.00745	0.00994	0.00994	0.01739	0.00994	0.01987	0.02235	0.83358	0.00497	0.00497	0.00248	0.00248
16	0.01973	0.02291	0.23391	0.01388	0.01885	0.33456	0.01322	0.02291	0.01506	0.23121	0.01319	0.01345	0.00928	0.00610	0.00541	0.00166	0.00821	0.00443	0.00398	0.00805
17	0.01863	0.34760	0.02180	0.01125	0.01575	0.01839	0.00999	0.33224	0.01853	0.09132	0.01217	0.01280	0.00937	0.00800	0.04651	0.00192	0.00658	0.00437	0.00432	0.00847
18	0.01147	0.02959	0.76934	0.01630	0.02476	0.01328	0.02113	0.01811	0.01208	0.01811	0.01026	0.01208	0.00725	0.00543	0.00543	0.00181	0.00845	0.00423	0.00242	0.00845
19	0.00677	0.00576	0.00583	0.00588	0.00775	0.00482	0.00439	0.00820	0.01295	0.01542	0.05686	0.08552	0.73121	0.01463	0.00678	0.00195	0.00291	0.01224	0.00531	0.00482
20	0.01803	0.02157	0.11931	0.01960	0.16448	0.33266	0.10080	0.07179	0.01548	0.06670	0.01097	0.01274	0.00845	0.00570	0.00556	0.00165	0.00867	0.00463	0.00331	0.00789
21	0.01416	0.01359	0.02322	0.03511	0.76330	0.01359	0.01755	0.01755	0.01302	0.01869	0.01076	0.01416	0.00906	0.00510	0.00566	0.00170	0.00680	0.00510	0.00283	0.00906
22	0.00994	0.00497	0.00745	0.00745	0.00745	0.00497	0.00497	0.00745	0.00745	0.00994	0.00994	0.01739	0.00994	0.01987	0.02235	0.83358	0.00497	0.00497	0.00248	0.00248
23	0.00695	0.00506	0.00655	0.00774	0.00824	0.00466	0.00521	0.00799	0.01117	0.01469	0.03427	0.71826	0.11304	0.01756	0.00724	0.00228	0.00327	0.01583	0.00531	0.00466
24	0.01209	0.01202	0.04417	0.11921	0.13729	0.01075	0.12560	0.01529	0.01207	0.01762	0.01153	0.05561	0.00999	0.00568	0.00586	0.00147	0.03832	0.00520	0.00314	0.35708
25	0.63285	0.01468	0.01016	0.00916	0.01248	0.18858	0.00726	0.01802	0.01120	0.02266	0.00838	0.01014	0.00678	0.02262	0.00447	0.00178	0.00581	0.00335	0.00340	0.00624
26	0.01200	0.01139	0.01932	0.51716	0.29810	0.01302	0.01648	0.01566	0.01200	0.01607	0.01038	0.01486	0.00814	0.00550	0.00570	0.00183	0.00733	0.00509	0.00265	0.00732
27	0.01066	0.00533	0.00533	0.00533	0.00666	0.00533	0.00400	0.01333	0.01200	0.02132	0.01866	0.02132	0.01466	0.00666	0.00400	0.00133	0.00267	0.00533	0.83073	0.00533
28	0.10878	0.01563	0.01381	0.01268	0.07347	0.22098	0.00911	0.03506	0.10697	0.01921	0.01134	0.01256	0.00912	0.00538	0.00476	0.00135	0.00621	0.00400	0.00360	0.32599
29	0.00958	0.00555	0.00631	0.00612	0.00746	0.00536	0.00459	0.01226	0.01377	0.02201	0.33240	0.03038	0.03129	0.00879	0.00516	0.00153	0.00268	0.00745	0.48196	0.00536
30	0.01423	0.01229	0.01293	0.01164	0.01487	0.01423	0.00905	0.03039	0.75297	0.02393	0.02328	0.02134	0.01746	0.00776	0.00582	0.00194	0.00453	0.00647	0.00582	0.00905
31	0.01715	0.00794	0.00969	0.00786	0.01108	0.00698	0.00629	0.01961	0.01381	0.33442	0.01897	0.01906	0.01348	0.00646	0.00477	0.00144	0.00384	0.00520	0.35494	0.13699
32	0.00800	0.00584	0.00752	0.00710	0.00849	0.00536	0.00533	0.01062	0.01598	0.02243	0.71248	0.04356	0.10209	0.01188	0.00675	0.00181	0.00271	0.01046	0.00623	0.00536
33	0.02359	0.01756	0.01477	0.01230	0.01611	0.33375	0.00969	0.07251	0.01699	0.40086	0.01618	0.01522	0.01100	0.00656	0.00550	0.00164	0.00726	0.00484	0.00524	0.00842
34	0.01442	0.62676	0.19803	0.01127	0.01697	0.02051	0.01237	0.01735	0.01173	0.01452	0.00848	0.00983	0.00732	0.00502	0.00407	0.00136	0.00665	0.00332	0.00244	0.00759
35	0.09512	0.02061	0.01621	0.07517	0.05909	0.39670	0.01129	0.21962	0.01801	0.02143	0.01031	0.01176	0.00802	0.00605	0.00524	0.00161	0.00827	0.00422	0.00373	0.00755
36	0.04719	0.11470	0.01408	0.00943	0.01308	0.01116	0.00789	0.13962	0.01655	0.32077	0.10322	0.01978	0.01693	0.00716	0.00524	0.00162	0.00466	0.00567	0.13312	0.00811
37	0.01298	0.01239	0.02109	0.29811	0.50949	0.01328	0.01697	0.01652	0.01247	0.01726	0.01055	0.01454	0.00856	0.00531	0.00568	0.00177	0.00709	0.00509	0.00273	0.00811
38	0.01171	0.07704	0.72395	0.01590	0.02414	0.01386	0.02044	0.01805	0.01205	0.01783	0.01012	0.01190	0.00725	0.00540	0.00533	0.00178	0.00831	0.00415	0.00242	0.00839
39	0.01404	0.01347	0.02301	0.06046	0.73884	0.01356	0.01750	0.01745	0.01297	0.01855	0.01074	0.01419	0.00901	0.00512	0.00566	0.00171	0.00682	0.00510	0.00282	0.00897
40	0.00753	0.00582	0.00686	0.00660	0.00820	0.00516	0.00495	0.00970	0.01486	0.01977	0.46316	0.04794	0.35307	0.01287	0.00675	0.00186	0.00278	0.01108	0.00588	0.00516
41	0.00778	0.00582	0.00722	0.00690	0.00836	0.00526	0.00517	0.01017	0.01540	0.02114	0.59286	0.05992	0.20805	0.01242	0.00676	0.00184	0.00275	0.01084	0.00606	0.00526
42	0.02186	0.01584	0.01705	0.01307	0.01765	0.01747	0.01080	0.72342	0.02659	0.05729	0.01399	0.01390	0.00986	0.00687	0.00572	0.00172	0.00625	0.00517	0.00576	0.00973
43	0.01568	0.01300	0.02126	0.02914	0.56480	0.01294	0.03824	0.06777	0.01437	0.10413	0.01337	0.01749	0.01096	0.00601	0.00583	0.00177	0.00655	0.04412	0.00364	0.00893
44	0.00775	0.00531	0.00641	0.00697	0.00711	0.00516	0.00425	0.00817	0.00943	0.01258	0.02373	0.35802	0.02800	0.46856	0.01989	0.00418	0.00460	0.01168	0.00425	0.00397
45	0.01381	0.02397	0.52684	0.01584	0.02302	0.01284	0.09004	0.02055	0.08059	0.11791	0.01322	0.01424	0.00924	0.00580	0.00564	0.00183	0.00774	0.00488	0.00339	0.00860
46	0.83938	0.01106	0.00841	0.00752	0.01106	0.01283	0.00619	0.01681	0.00973	0.02566	0.00796	0.00929	0.00619	0.00531	0.00354	0.00177	0.00442	0.00310	0.00354	0.00619
47	0.00832	0.00555	0.00624	0.00624	0.00624	0.00555	0.00347	0.00832	0.00832	0.01109	0.01802	0.03743	0.02080	0.79898	0.02911	0.00555	0.00555	0.00832	0.00347	0.00347
48	0.01404	0.01347	0.02301	0.06129	0.73803	0.01356	0.01750	0.01745	0.01297	0.01854	0.01074	0.01419	0.00901	0.00512	0.00566	0.00171	0.00682	0.00510	0.00282	0.00897
49	0.00817	0.00613	0.00919	0.00919	0.01021	0.00715	0.00715	0.01021	0.00919	0.01328	0.01532	0.02247	0.01430	0.04290	0.77631	0.00919	0.01532	0.00613	0.00306	0.00511
50	0.01529	0.80242	0.02997	0.00979	0.01468	0.02263	0.00979	0.01713	0.01162	0.01346	0.00795	0.00918	0.00734	0.00489	0.00367	0.00122	0.00612	0.00306	0.00245	0.00734
51	0.01095	0.01038	0.01408	0.29575	0.02278	0.06060	0.05359	0.01513	0.09683	0.01580	0.01985	0.11948	0.09184	0.02882	0.07221	0.00264	0.03732	0.00752	0.00368	0.02076
52	0.01385	0.01442	0.02340	0.04856	0.30776	0.08856	0.24643	0.01786	0.03886	0.01826	0.05328	0.01995	0.01331	0.00639	0.00620	0.00184	0.00766	0.06226	0.00333	0.00781
53	0.02174	0.01602	0.01717	0.01316	0.01774	0.01774	0.01087	0.74423	0.02689	0.03605	0.01373	0.01373	0.00973	0.00687	0.00572	0.00172	0.00629	0.00515	0.00572	0.00973
54	0.01332	0.01284	0.01565	0.36199	0.05174	0.08759	0.01273	0.02158	0.29840	0.01827	0.01504	0.01700	0.01145	0.00664	0.00611	0.00189	0.03091	0.00548	0.00386	0.00751
55	0.00769	0.00583	0.00708	0.00677	0.00830	0.00522	0.00508	0.01001	0.01523	0.02067	0.54733	0.04646	0.26834	0.01254	0.00675	0.00184	0.00276	0.01087	0.00600	0.00522
56	0.00691	0.00522	0.00639	0.00732	0.00813	0.00470	0.00502	0.00804	0.01157	0.01485	0.03937	0.57543	0.25258	0.01690	0.00714	0.00221	0.00319	0.01502	0.00531	0.00470
57	0.00676	0.00579	0.00579	0.00579	0.00773	0.00483	0.00435	0.00821	0.01304	0.01545	0.05794	0.05505	0.76098	0.01449	0.00676	0.00193	0.00290	0.01207	0.00531	0.00483
58	0.01816	0.00972	0.01106	0.00900	0.01217	0.00985	0.00727	0.23235	0.01761	0.23670	0.01832	0.01857	0.01307	0.00684	0.00500	0.00157	0.00436	0.00540	0.35512	0.00787
59	0.02174	0.01602	0.01717	0.01316	0.01774	0.01774	0.01087	0.74423	0.02689	0.03605	0.01373	0.01373	0.00973	0.00687	0.00572	0.00172	0.00629	0.00515	0.00572	0.00973
60	0.00817	0.00613	0.00919	0.00919	0.01021	0.00715	0.00715	0.01021	0.00919	0.01328	0.01532	0.02247	0.01430	0.04290	0.77631	0.00919	0.01532	0.00613	0.00306	0.00511
61	0.01147	0.02959	0.76934	0.01630	0.02476	0.01328	0.02113	0.01811	0.01208	0.01811	0.01026	0.01208	0.00725	0.00543	0.00543	0.00181	0.00845	0.00423	0.00242	0.00845
62	0.01272	0.00934	0.00972	0.00897	0.01140	0.01046	0.00692	0.02317	0.43950	0.02283	0.02133	0.02133	0.01628	0.00730	0.00505	0.00168	0.00374	0.00599	0.35480	0.00748
63	0.00830	0.00562	0.00663	0.00663	0.00677	0.00576	0.00396	0.00857	0.00843	0.01138	0.01766	0.03544	0.01993	0.69814	0.12877	0.00603	0.00685	0.00803	0.00341	0.00368
64	0.01080	0.01017	0.01716	0.78523	0.03940	0.01271	0.01589	0.01461	0.01144	0.01461	0.01017	0.01525	0.00762	0.00572	0.00572	0.00191	0.00762	0.00508	0.00254	0.00635
65	0.03426	0.00631	0.00758	0.00809	0.00974	0.00586	0.00653	0.01062	0.01285	0.04724	0.04114	0.15114	0.33995	0.01483	0.00712	0.00223	0.00397	0.28001	0.00531	0.00521
66	0.01626	0.01875	0.01697	0.01490	0.01614	0.33840	0.01190	0.01760	0.01191	0.01386	0.00807	0.01158	0.00745	0.00827	0.01301	0.00207	0.45930	0.00445	0.00269	0.00642
67	0.01642	0.01538	0.01176	0.01064	0.01307	0.33183	0.00812	0.01853	0.01557	0.11773	0.22279	0.02374	0.02307	0.00808	0.00561	0.00162	0.00628	0.02836	0.11491	0.00648
68	0.04280	0.15892	0.31319	0.01505	0.06444	0.01610	0.01505	0.15217	0.01447	0.04606	0.01054	0.01221	0.00806	0.00618	0.00673	0.00176	0.10042	0.00435	0.00327	0.00824
69	0.01384	0.01193	0.01640	0.20875	0.11516	0.05332	0.06864	0.16229	0.01478	0.03564	0.03001	0.01999	0.02633	0.13406	0.06182	0.00289	0.00749	0.00600	0.00369	0.00698
70	0.00700	0.00509	0.00660	0.00774	0.00826	0.00469	0.00523	0.00810	0.01135	0.01502	0.06391	0.69764	0.10358	0.01735	0.00723	0.00227	0.00326	0.01564	0.00535	0.00469
71	0.01425	0.45761	0.30227	0.01270	0.01892	0.01832	0.03903	0.01798	0.01205	0.04638	0.00953	0.01088	0.00763	0.00518	0.00451	0.00149	0.00705	0.00373	0.00264	0.00786
72	0.45661	0.01234	0.01503	0.01942	0.32957	0.01335	0.01119	0.04707	0.01183	0.02314	0.00938	0.01153	0.00755	0.00528	0.00453	0.00174	0.00550	0.00403	0.00333	0.00755
73	0.01387	0.01015	0.01167	0.00972	0.01243	0.01062	0.00771	0.32107	0.02072	0.02848	0.44446	0.03046	0.03525	0.00965	0.00631	0.00176	0.00422	0.00815	0.00605	0.00723
74	0.01683	0.01328	0.01404	0.01064	0.01533	0.06334	0.00859	0.25905	0.03124	0.07795	0.01240	0.01310	0.00939	0.00549	0.00493	0.00127	0.00538	0.00422	0.00445	0.42908
75	0.00676	0.00579	0.00579	0.00579	0.00773	0.00483	0.00435	0.00821	0.01304	0.01545	0.05794	0.05505	0.76098	0.01449	0.00676	0.00193	0.00290	0.01207	0.00531	0.00483
76	0.01529	0.80242	0.02997	0.00979	0.01468	0.02263	0.00979	0.01713	0.01162	0.01346	0.00795	0.00918	0.00734	0.00489	0.00367	0.00122	0.00612	0.00306	0.00245	0.00734
77	0.00808	0.00584	0.00788	0.00911	0.01004	0.00563	0.00721	0.00993	0.01220	0.01592	0.03263	0.38063	0.08258	0.01663	0.00757	0.00245	0.00427	0.37116	0.00529	0.00497
78	0.00721	0.00573	0.00648	0.00646	0.00805	0.00499	0.00478	0.00902	0.01385	0.01779	0.28306	0.12441	0.46007	0.01392	0.00681	0.00193	0.00287	0.01193	0.00563	0.00499
79	0.00691	0.00580	0.00600	0.00595	0.00782	0.00489	0.00446	0.00850	0.01339	0.01630	0.13740	0.05365	0.68100	0.01417	0.00676	0.00192	0.00287	0.01188	0.00542	0.00489
80	0.01066	0.00533	0.00533	0.00533	0.00666	0.00533	0.00400	0.01333	0.01200	0.02132	0.01866	0.02132	0.01466	0.00666	0.00400	0.00133	0.00267	0.00533	0.83073	0.00533
81	0.01529	0.80242	0.02997	0.00979	0.01468	0.02263	0.00979	0.01713	0.01162	0.01346	0.00795	0.00918	0.00734	0.00489	0.00367	0.00122	0.00612	0.00306	0.00245	0.00734
82	0.01147	0.02959	0.76934	0.01630	0.02476	0.01328	0.02113	0.01811	0.01208	0.01811	0.01026	0.01208	0.00725	0.00543	0.00543	0.00181	0.00845	0.00423	0.00242	0.00845
83	0.02566	0.00973	0.01327	0.01018	0.01460	0.00841	0.00841	0.02788	0.01637	0.76726	0.02257	0.01947	0.01416	0.00708	0.00575	0.00177	0.00487	0.00575	0.00708	0.00973
84	0.01251	0.01251	0.01752	0.01502	0.01502	0.01752	0.01251	0.01377	0.00876	0.01377	0.00751	0.01251	0.00751	0.01001	0.01877	0.00250	0.78851	0.00501	0.00250	0.00626
85	0.01080	0.01017	0.01716	0.78523	0.03940	0.01271	0.01589	0.01461	0.01144	0.01461	0.01017	0.01525	0.00762	0.00572	0.00572	0.00191	0.00762	0.00508	0.00254	0.00635
86	0.00697	0.00498	0.00664	0.00796	0.00830	0.00465	0.00531	0.00796	0.01095	0.01460	0.03153	0.79525	0.03783	0.01792	0.00730	0.00232	0.00332	0.01626	0.00531	0.00465
87	0.01416	0.01359	0.02322	0.03511	0.76330	0.01359	0.01755	0.01755	0.01302	0.01869	0.01076	0.01416	0.00906	0.00510	0.00566	0.00170	0.00680	0.00510	0.00283	0.00906
88	0.02137	0.02726	0.01621	0.01474	0.01768	0.77602	0.01105	0.02284	0.01621	0.01400	0.00884	0.01031	0.00737	0.00589	0.00516	0.00147	0.01031	0.00368	0.00295	0.00663
89	0.01529	0.80242	0.02997	0.00979	0.01468	0.02263	0.00979	0.01713	0.01162	0.01346	0.00795	0.00918	0.00734	0.00489	0.00367	0.00122	0.00612	0.00306	0.00245	0.00734
90	0.01390	0.01333	0.02276	0.09217	0.70823	0.01352	0.01743	0.01733	0.01290	0.01838	0.01071	0.01424	0.00895	0.00514	0.00567	0.00171	0.00686	0.00510	0.00281	0.00885
91	0.01497	0.01212	0.01296	0.01154	0.01486	0.01385	0.00901	0.03023	0.70488	0.07246	0.02323	0.02122	0.01724	0.00772	0.00582	0.00193	0.00455	0.00642	0.00590	0.00910
92	0.01310	0.01265	0.02215	0.10587	0.54945	0.01277	0.08845	0.01646	0.01272	0.01787	0.01268	0.08588	0.01151	0.00630	0.00593	0.00180	0.00684	0.00628	0.00304	0.00825
93	0.01472	0.01253	0.01321	0.01174	0.01506	0.01446	0.00917	0.07700	0.70556	0.02472	0.02266	0.02084	0.01696	0.00770	0.00581	0.00193	0.00464	0.00638	0.00581	0.00910
94	0.01619	0.01050	0.01284	0.01087	0.01382	0.01141	0.00875	0.26293	0.06498	0.15237	0.01656	0.01892	0.01293	0.02220	0.33173	0.00490	0.00975	0.00575	0.00484	0.00773
95	0.01037	0.00870	0.01178	0.01200	0.06147	0.00894	0.05783	0.01640	0.21074	0.01920	0.11839	0.18056	0.10003	0.01198	0.00675	0.00211	0.00455	0.14644	0.00523	0.00655
96	0.02250	0.01295	0.01492	0.01152	0.01583	0.01340	0.00949	0.42552	0.02194	0.31170	0.01740	0.01640	0.01173	0.00693	0.00562	0.00171	0.00552	0.00539	0.06010	0.00944
97	0.00676	0.00579	0.00579	0.00579	0.00773	0.00483	0.00435	0.00821	0.01304	0.01545	0.05794	0.05505	0.76098	0.01449	0.00676	0.00193	0.00290	0.01207	0.00531	0.00483
98	0.01348	0.01210	0.01388	0.01185	0.01451	0.11194	0.07554	0.18746	0.01518	0.01951	0.01862	0.02186	0.09724	0.02267	0.33185	0.00489	0.01056	0.00631	0.00392	0.00662
99	0.04366	0.02173	0.10351	0.01895	0.16653	0.36554	0.05918	0.06845	0.04057	0.04326	0.01080	0.01247	0.00846	0.00577	0.00542	0.00164	0.00854	0.00446	0.00330	0.00776
100	0.00893	0.00650	0.00799	0.00852	0.00952	0.00640	0.00599	0.10618	0.01321	0.01752	0.03088	0.64269	0.08130	0.01622	0.00705	0.00222	0.00369	0.01451	0.00536	0.00534
101	0.01617	0.01215	0.01367	0.01045	0.01505	0.01163	0.00844	0.22918	0.13057	0.08353	0.01419	0.01446	0.01067	0.00576	0.00503	0.00134	0.00493	0.00456	0.00473	0.40348
102	0.02566	0.00973	0.01327	0.01018	0.01460	0.00841	0.00841	0.02788	0.01637	0.76726	0.02257	0.01947	0.01416	0.00708	0.00575	0.00177	0.00487	0.00575	0.00708	0.00973
