[name]
unknown

[dist]
# distance from previous block
# <min> <max>
0	5

[block]
# block no. 0 follows, 42 sequences, length 174
# corresponding to MSA columns:
# 618-624,630-796
name=unknown_A
#
# <colnr> <probs for GDERKNQSTAVLIFYWHMCP>
#	G	D	E	R	K	N	Q	S	T	A	V	L	I	F	Y	W	H	M	C	P
0	0.00792	0.00613	0.00775	0.00814	0.03882	0.00560	0.00592	0.01021	0.01446	0.01937	0.42077	0.04737	0.27404	0.01261	0.00674	0.00191	0.00319	0.09819	0.00563	0.00526
1	0.01374	0.01317	0.02249	0.07868	0.72449	0.01332	0.01718	0.01710	0.01272	0.01815	0.01055	0.01399	0.00883	0.00505	0.00557	0.00168	0.00673	0.00501	0.00277	0.00876
2	0.01049	0.00525	0.00525	0.00525	0.00656	0.00525	0.00393	0.01311	0.01180	0.02098	0.01836	0.02098	0.01442	0.00656	0.00393	0.00131	0.00262	0.00525	0.83346	0.00525
3	0.01228	0.02507	0.57588	0.02004	0.18944	0.01331	0.01961	0.04684	0.01267	0.01865	0.01034	0.01240	0.00762	0.00533	0.00541	0.00175	0.00787	0.00439	0.00260	0.00850
4	0.01502	0.01259	0.01330	0.01166	0.01502	0.01447	0.00915	0.12884	0.65636	0.02518	0.02161	0.01997	0.01613	0.00751	0.00571	0.00188	0.00469	0.00618	0.00571	0.00900
5	0.01393	0.01337	0.02284	0.03454	0.76712	0.01337	0.01727	0.01727	0.01281	0.01839	0.01059	0.01393	0.00891	0.00501	0.00557	0.00167	0.00669	0.00501	0.00279	0.00891
6	0.14448	0.01488	0.01543	0.01205	0.01635	0.01659	0.00993	0.60966	0.05306	0.03345	0.01303	0.01315	0.00935	0.00656	0.00531	0.00171	0.00585	0.00481	0.00531	0.00902
7	0.01620	0.01410	0.02144	0.01623	0.02075	0.01467	0.27695	0.23283	0.19863	0.05438	0.01510	0.01607	0.01113	0.00622	0.00627	0.00180	0.02534	0.00591	0.00453	0.04147
8	0.01063	0.01000	0.01688	0.78870	0.03876	0.01250	0.01563	0.01438	0.01125	0.01438	0.01000	0.01500	0.00750	0.00563	0.00563	0.00188	0.00750	0.00500	0.00250	0.00625
9	0.00933	0.00606	0.00796	0.00731	0.00888	0.00554	0.00554	0.01195	0.01594	0.08183	0.70540	0.04023	0.05000	0.01115	0.00656	0.00177	0.00282	0.00982	0.00626	0.00565
10	0.01393	0.01337	0.02284	0.03454	0.76712	0.01337	0.01727	0.01727	0.01281	0.01839	0.01059	0.01393	0.00891	0.00501	0.00557	0.00167	0.00669	0.00501	0.00279	0.00891
11	0.52506	0.01277	0.01160	0.00954	0.01342	0.01449	0.00787	0.29918	0.01610	0.02920	0.01003	0.01083	0.00744	0.00582	0.00431	0.00172	0.00506	0.00383	0.00431	0.00744
12	0.00707	0.00550	0.00643	0.00666	0.00797	0.00486	0.00482	0.00871	0.01312	0.01700	0.24438	0.25228	0.37226	0.01441	0.00679	0.00197	0.00291	0.01253	0.00549	0.00486
13	0.01998	0.01284	0.01452	0.01147	0.01544	0.01364	0.00935	0.42217	0.10487	0.20121	0.09843	0.01875	0.01617	0.00742	0.00576	0.00173	0.00529	0.00591	0.00601	0.00903
14	0.00818	0.00546	0.00614	0.00614	0.00614	0.00546	0.00341	0.00818	0.00818	0.01091	0.01773	0.03683	0.02046	0.80222	0.02864	0.00546	0.00546	0.00818	0.00341	0.00341
15	0.01231	0.01231	0.01724	0.01477	0.01477	0.01724	0.01231	0.01354	0.00862	0.01354	0.00739	0.01231	0.00739	0.00985	0.01847	0.00246	0.79192	0.00492	0.00246	0.00616
16	0.01167	0.01000	0.01167	0.00834	0.01334	0.00750	0.00667	0.01417	0.01167	0.01834	0.01000	0.01167	0.00834	0.00417	0.00417	0.00083	0.00417	0.00333	0.00333	0.83663
17	0.01503	0.01329	0.01951	0.10876	0.41208	0.01434	0.01453	0.16732	0.10599	0.02186	0.01249	0.01476	0.00984	0.00596	0.00614	0.00176	0.03883	0.00518	0.00368	0.00864
18	0.00685	0.00521	0.00631	0.00709	0.00799	0.00467	0.00491	0.00807	0.01174	0.01509	0.07941	0.51040	0.27963	0.01618	0.00698	0.00213	0.00309	0.01431	0.00528	0.00467
19	0.01489	0.11045	0.03639	0.01515	0.01851	0.20445	0.16787	0.01728	0.01225	0.01527	0.00903	0.01190	0.00770	0.00629	0.00863	0.00170	0.21389	0.00451	0.00276	0.12108
20	0.00861	0.00531	0.00714	0.00764	0.00794	0.00524	0.00529	0.00840	0.00926	0.01227	0.01986	0.19869	0.02236	0.22392	0.01812	0.29613	0.00474	0.13172	0.00376	0.00362
21	0.00743	0.00544	0.00622	0.00647	0.00778	0.00487	0.00468	0.00912	0.01277	0.01712	0.18306	0.24317	0.34383	0.01367	0.00646	0.00190	0.00289	0.01182	0.10641	0.00487
22	0.00685	0.00493	0.00650	0.00775	0.00814	0.00458	0.00519	0.00785	0.01086	0.01440	0.03205	0.76886	0.06625	0.01750	0.00716	0.00227	0.00325	0.01583	0.00522	0.00458
23	0.02078	0.00920	0.01203	0.00966	0.01333	0.00844	0.00782	0.02472	0.10642	0.54590	0.15509	0.02348	0.02134	0.00786	0.00584	0.00177	0.00437	0.00655	0.00668	0.00873
24	0.33913	0.01256	0.01274	0.01018	0.01426	0.01363	0.00840	0.31175	0.01773	0.18861	0.01318	0.01303	0.00916	0.00621	0.00481	0.00172	0.00518	0.00441	0.00509	0.00823
25	0.00716	0.00511	0.00688	0.00818	0.00864	0.00483	0.00575	0.00836	0.01107	0.01471	0.03085	0.69752	0.03656	0.01734	0.00726	0.00233	0.00353	0.11403	0.00522	0.00465
26	0.01231	0.01231	0.01724	0.01477	0.01477	0.01724	0.01231	0.01354	0.00862	0.01354	0.00739	0.01231	0.00739	0.00985	0.01847	0.00246	0.79192	0.00492	0.00246	0.00616
27	0.02079	0.02376	0.01601	0.01403	0.01729	0.57940	0.01075	0.18150	0.05076	0.01894	0.01037	0.01136	0.00819	0.00609	0.00522	0.00152	0.00903	0.00406	0.00362	0.00729
28	0.84197	0.01088	0.00827	0.00740	0.01088	0.01262	0.00609	0.01654	0.00958	0.02525	0.00784	0.00914	0.00609	0.00522	0.00348	0.00174	0.00435	0.00305	0.00348	0.00609
29	0.01150	0.09781	0.12831	0.00937	0.01280	0.00973	0.00875	0.01622	0.11656	0.09138	0.26396	0.03091	0.16170	0.00936	0.00589	0.00175	0.00438	0.00782	0.00503	0.00678
30	0.00665	0.00570	0.00570	0.00570	0.00760	0.00475	0.00428	0.00808	0.01283	0.01520	0.05701	0.05416	0.76483	0.01425	0.00665	0.00190	0.00285	0.01188	0.00523	0.00475
31	0.01328	0.01518	0.03321	0.02372	0.02941	0.01423	0.74668	0.01803	0.01328	0.01803	0.01139	0.01518	0.00854	0.00474	0.00664	0.00190	0.00949	0.00664	0.00285	0.00759
32	0.00732	0.00517	0.00680	0.00792	0.00833	0.00493	0.00546	0.00837	0.01069	0.01420	0.02903	0.60048	0.03430	0.12541	0.01021	0.00276	0.00381	0.10534	0.00497	0.00449
33	0.00978	0.00489	0.00733	0.00733	0.00733	0.00489	0.00489	0.00733	0.00733	0.00978	0.00978	0.01711	0.00978	0.01955	0.02199	0.83627	0.00489	0.00489	0.00244	0.00244
34	0.01584	0.70251	0.02770	0.01027	0.01483	0.12253	0.00979	0.01760	0.01203	0.01331	0.00794	0.00918	0.00723	0.00494	0.00380	0.00124	0.00657	0.00309	0.00247	0.00713
35	0.00804	0.00602	0.00898	0.00898	0.00996	0.00700	0.00695	0.01001	0.00902	0.01301	0.01514	0.02245	0.01422	0.05994	0.76239	0.00896	0.01485	0.00608	0.00302	0.00499
36	0.00971	0.00871	0.01424	0.58379	0.03084	0.01048	0.01302	0.01279	0.01120	0.01446	0.01548	0.19678	0.01515	0.00871	0.00605	0.00199	0.00645	0.03109	0.00321	0.00583
37	0.01060	0.01120	0.00866	0.00830	0.01030	0.20823	0.00619	0.01215	0.01390	0.01568	0.12904	0.08469	0.43658	0.01190	0.00627	0.00179	0.00477	0.00974	0.00473	0.00527
38	0.66257	0.01195	0.01016	0.00861	0.01232	0.01368	0.00710	0.17654	0.01327	0.02748	0.00908	0.01010	0.00685	0.00556	0.00395	0.00173	0.00476	0.00349	0.00395	0.00685
39	0.01436	0.01121	0.01181	0.00988	0.01314	0.01192	0.00789	0.33206	0.15377	0.02548	0.03202	0.03057	0.30264	0.00981	0.00604	0.00181	0.00459	0.00793	0.00549	0.00759
40	0.00686	0.00490	0.00653	0.00784	0.00816	0.00457	0.00522	0.00784	0.01077	0.01437	0.03102	0.79855	0.03722	0.01763	0.00718	0.00229	0.00326	0.01600	0.00522	0.00457
41	0.00718	0.00561	0.00652	0.00653	0.00799	0.00494	0.00480	0.00902	0.01374	0.01792	0.32530	0.15200	0.39101	0.01366	0.00672	0.00190	0.00283	0.01179	0.00560	0.00494
42	0.01460	0.52198	0.22909	0.01182	0.01740	0.09160	0.01276	0.01765	0.01198	0.01453	0.00852	0.00990	0.00720	0.00505	0.00422	0.00138	0.00703	0.00338	0.00245	0.00745
43	0.01206	0.01087	0.01686	0.09647	0.39449	0.01126	0.01282	0.01699	0.11595	0.01981	0.21005	0.02238	0.02152	0.00714	0.00588	0.00175	0.00540	0.00655	0.00406	0.00771
44	0.00818	0.00549	0.00631	0.00631	0.00637	0.00555	0.00362	0.00829	0.00823	0.01104	0.01758	0.03597	0.02009	0.75775	0.07261	0.00567	0.00602	0.00806	0.00339	0.00350
45	0.01250	0.02646	0.63527	0.01731	0.08695	0.01352	0.01951	0.08916	0.01339	0.01959	0.01047	0.01222	0.00752	0.00546	0.00539	0.00176	0.00797	0.00432	0.00273	0.00849
46	0.01108	0.05859	0.65667	0.01499	0.02234	0.01277	0.01879	0.01691	0.01154	0.01710	0.01056	0.01291	0.00791	0.00946	0.09215	0.00257	0.00898	0.00432	0.00245	0.00790
47	0.01231	0.01231	0.01724	0.01477	0.01477	0.01724	0.01231	0.01354	0.00862	0.01354	0.00739	0.01231	0.00739	0.00985	0.01847	0.00246	0.79192	0.00492	0.00246	0.00616
48	0.01168	0.11105	0.69460	0.01536	0.02331	0.01404	0.01961	0.01772	0.01183	0.01734	0.00986	0.01158	0.00714	0.00529	0.00516	0.00172	0.00807	0.00404	0.00238	0.00820
49	0.84197	0.01088	0.00827	0.00740	0.01088	0.01262	0.00609	0.01654	0.00958	0.02525	0.00784	0.00914	0.00609	0.00522	0.00348	0.00174	0.00435	0.00305	0.00348	0.00609
50	0.01167	0.01000	0.01167	0.00834	0.01334	0.00750	0.00667	0.01417	0.01167	0.01834	0.01000	0.01167	0.00834	0.00417	0.00417	0.00083	0.00417	0.00333	0.00333	0.83663
51	0.00796	0.00575	0.00752	0.00708	0.00841	0.00531	0.00531	0.01062	0.01593	0.02257	0.76415	0.04204	0.05310	0.01150	0.00664	0.00177	0.00265	0.01018	0.00619	0.00531
52	0.01063	0.01000	0.01688	0.78870	0.03876	0.01250	0.01563	0.01438	0.01125	0.01438	0.01000	0.01500	0.00750	0.00563	0.00563	0.00188	0.00750	0.00500	0.00250	0.00625
53	0.76023	0.01111	0.00897	0.00783	0.01141	0.01273	0.00645	0.05982	0.01083	0.05664	0.00876	0.00981	0.00662	0.00539	0.00370	0.00174	0.00448	0.00327	0.00375	0.00644
54	0.00707	0.00572	0.00627	0.00614	0.00786	0.00493	0.00460	0.00888	0.01380	0.01752	0.27977	0.05034	0.54063	0.01339	0.00665	0.00186	0.00279	0.01134	0.00553	0.00493
55	0.01452	0.69495	0.02703	0.00965	0.01405	0.02036	0.02634	0.01646	0.01145	0.01409	0.00890	0.01037	0.00794	0.00508	0.00402	0.00126	0.02194	0.00335	0.08122	0.00702
56	0.00818	0.00546	0.00614	0.00614	0.00614	0.00546	0.00341	0.00818	0.00818	0.01091	0.01773	0.03683	0.02046	0.80222	0.02864	0.00546	0.00546	0.00818	0.00341	0.00341
57	0.01231	0.01231	0.01724	0.01477	0.01477	0.01724	0.01231	0.01354	0.00862	0.01354	0.00739	0.01231	0.00739	0.00985	0.01847	0.00246	0.79192	0.00492	0.00246	0.00616
58	0.01691	0.01542	0.11930	0.01247	0.01686	0.07874	0.05848	0.23602	0.04223	0.14027	0.04993	0.07390	0.04492	0.00755	0.00572	0.00171	0.00613	0.00624	0.00480	0.06243
59	0.01327	0.01180	0.09431	0.01026	0.01342	0.01040	0.00894	0.27058	0.01861	0.04081	0.32099	0.11311	0.03022	0.00976	0.00618	0.00180	0.00463	0.00829	0.00549	0.00714
60	0.01328	0.01518	0.03321	0.02372	0.02941	0.01423	0.74668	0.01803	0.01328	0.01803	0.01139	0.01518	0.00854	0.00474	0.00664	0.00190	0.00949	0.00664	0.00285	0.00759
61	0.01167	0.01000	0.01167	0.00834	0.01334	0.00750	0.00667	0.01417	0.01167	0.01834	0.01000	0.01167	0.00834	0.00417	0.00417	0.00083	0.00417	0.00333	0.00333	0.83663
62	0.00682	0.00503	0.00640	0.00749	0.00807	0.00460	0.00507	0.00787	0.01111	0.01450	0.03522	0.67813	0.15493	0.01708	0.00710	0.00222	0.00320	0.01533	0.00522	0.00460
63	0.00818	0.00546	0.00614	0.00614	0.00614	0.00546	0.00341	0.00818	0.00818	0.01091	0.01773	0.03683	0.02046	0.80222	0.02864	0.00546	0.00546	0.00818	0.00341	0.00341
64	0.00865	0.00590	0.00774	0.00720	0.00864	0.00543	0.00543	0.01129	0.01594	0.05230	0.73467	0.04113	0.05154	0.01132	0.00660	0.00177	0.00274	0.01000	0.00623	0.00548
65	0.02107	0.01560	0.01671	0.01288	0.01733	0.01730	0.01062	0.71683	0.05852	0.03494	0.01392	0.01384	0.00990	0.00679	0.00563	0.00170	0.00612	0.00512	0.00563	0.00954
66	0.84197	0.01088	0.00827	0.00740	0.01088	0.01262	0.00609	0.01654	0.00958	0.02525	0.00784	0.00914	0.00609	0.00522	0.00348	0.00174	0.00435	0.00305	0.00348	0.00609
67	0.52655	0.01038	0.01012	0.00841	0.01223	0.01094	0.00694	0.02075	0.01210	0.31327	0.01338	0.01301	0.00912	0.00590	0.00432	0.00174	0.00452	0.00406	0.00483	0.00744
68	0.01505	0.80561	0.02949	0.00963	0.01444	0.02227	0.00963	0.01685	0.01143	0.01324	0.00782	0.00903	0.00722	0.00481	0.00361	0.00120	0.00602	0.00301	0.00241	0.00722
69	0.01505	0.80561	0.02949	0.00963	0.01444	0.02227	0.00963	0.01685	0.01143	0.01324	0.00782	0.00903	0.00722	0.00481	0.00361	0.00120	0.00602	0.00301	0.00241	0.00722
70	0.00946	0.00753	0.01019	0.04378	0.01231	0.00880	0.00782	0.01458	0.17266	0.01541	0.01656	0.02155	0.01446	0.03304	0.57668	0.00717	0.01242	0.00606	0.00359	0.00593
71	0.01097	0.01029	0.01441	0.12078	0.08606	0.06519	0.09920	0.01471	0.09112	0.01637	0.01988	0.31798	0.02055	0.01053	0.00676	0.00199	0.03698	0.00950	0.04046	0.00626
72	0.00730	0.00574	0.00660	0.00644	0.00807	0.00505	0.00486	0.00931	0.01422	0.01854	0.37318	0.04897	0.42715	0.01305	0.00667	0.00186	0.00282	0.02949	0.00566	0.00501
73	0.01217	0.01136	0.01855	0.02713	0.56782	0.01117	0.01398	0.01514	0.01317	0.01838	0.10208	0.02313	0.12753	0.00713	0.00585	0.00172	0.00566	0.00663	0.00353	0.00788
74	0.00773	0.00557	0.00731	0.00724	0.00836	0.00515	0.00529	0.01003	0.01483	0.02082	0.60757	0.20361	0.04971	0.01281	0.00675	0.00188	0.00279	0.01142	0.00599	0.00515
75	0.00978	0.00489	0.00733	0.00733	0.00733	0.00489	0.00489	0.00733	0.00733	0.00978	0.00978	0.01711	0.00978	0.01955	0.02199	0.83627	0.00489	0.00489	0.00244	0.00244
76	0.01949	0.23025	0.01959	0.01308	0.01663	0.51097	0.01053	0.08751	0.01573	0.01562	0.00891	0.01016	0.00745	0.00563	0.00474	0.00141	0.00870	0.00360	0.00302	0.00699
77	0.00749	0.00553	0.00666	0.00703	0.00783	0.00533	0.00486	0.00851	0.01042	0.01348	0.03177	0.21722	0.22686	0.26040	0.12005	0.00410	0.00555	0.04820	0.00436	0.00436
78	0.03461	0.01181	0.01628	0.04814	0.17309	0.01426	0.01190	0.01852	0.19142	0.03619	0.06664	0.01708	0.01349	0.00806	0.01062	0.00205	0.30905	0.00564	0.00372	0.00742
79	0.01031	0.01239	0.12174	0.01471	0.01822	0.00990	0.26023	0.01470	0.08015	0.01693	0.02071	0.35218	0.02147	0.01063	0.00661	0.00205	0.00619	0.01030	0.00407	0.00651
80	0.01227	0.01168	0.01985	0.41285	0.40175	0.01294	0.01645	0.01582	0.01203	0.01638	0.01029	0.01447	0.00821	0.00532	0.00560	0.00177	0.00710	0.00501	0.00264	0.00758
81	0.01359	0.01303	0.02223	0.11177	0.69253	0.01328	0.01710	0.01697	0.01265	0.01798	0.01053	0.01404	0.00877	0.00508	0.00558	0.00169	0.00677	0.00501	0.00276	0.00864
82	0.01085	0.00661	0.00832	0.01022	0.12149	0.00661	0.00652	0.01358	0.01208	0.02013	0.01847	0.02469	0.01561	0.00733	0.00461	0.00151	0.00352	0.08641	0.61567	0.00579
83	0.00743	0.00557	0.00692	0.00724	0.00832	0.00514	0.00518	0.00953	0.03259	0.01793	0.31882	0.34653	0.17927	0.01437	0.00683	0.00200	0.00298	0.01273	0.00561	0.00500
84	0.00817	0.00553	0.00649	0.00649	0.00661	0.00565	0.00385	0.00841	0.00829	0.01117	0.01741	0.03503	0.01968	0.70955	0.12026	0.00589	0.00663	0.00792	0.00336	0.00361
85	0.01758	0.01714	0.01411	0.01320	0.04829	0.30846	0.00973	0.02494	0.30672	0.10331	0.06512	0.01766	0.01496	0.00699	0.00552	0.00169	0.00667	0.00542	0.00468	0.00783
86	0.00723	0.00508	0.00655	0.00757	0.00787	0.00484	0.00499	0.00806	0.01031	0.01373	0.02813	0.60666	0.03345	0.18511	0.01179	0.00297	0.00381	0.04267	0.00483	0.00435
87	0.01179	0.00974	0.04400	0.01046	0.04202	0.00936	0.00798	0.12838	0.15305	0.04680	0.22682	0.19172	0.07296	0.01084	0.00630	0.00190	0.00415	0.00940	0.00548	0.00686
88	0.84197	0.01088	0.00827	0.00740	0.01088	0.01262	0.00609	0.01654	0.00958	0.02525	0.00784	0.00914	0.00609	0.00522	0.00348	0.00174	0.00435	0.00305	0.00348	0.00609
89	0.01231	0.01231	0.01724	0.01477	0.01477	0.01724	0.01231	0.01354	0.00862	0.01354	0.00739	0.01231	0.00739	0.00985	0.01847	0.00246	0.79192	0.00492	0.00246	0.00616
90	0.00798	0.00632	0.00740	0.00841	0.00906	0.03608	0.00578	0.01008	0.06506	0.01505	0.02952	0.69777	0.03449	0.01640	0.00700	0.00223	0.00366	0.02757	0.00517	0.00497
91	0.01505	0.80561	0.02949	0.00963	0.01444	0.02227	0.00963	0.01685	0.01143	0.01324	0.00782	0.00903	0.00722	0.00481	0.00361	0.00120	0.00602	0.00301	0.00241	0.00722
92	0.00804	0.00603	0.00904	0.00904	0.01005	0.00703	0.00703	0.01005	0.00904	0.01306	0.01507	0.02211	0.01407	0.04221	0.77992	0.00904	0.01507	0.00603	0.00301	0.00502
93	0.00696	0.00564	0.00618	0.00620	0.00783	0.00486	0.00459	0.00862	0.01333	0.01676	0.21106	0.11969	0.54071	0.01395	0.00670	0.00191	0.00285	0.01188	0.00544	0.00486
94	0.01063	0.01000	0.01688	0.78870	0.03876	0.01250	0.01563	0.01438	0.01125	0.01438	0.01000	0.01500	0.00750	0.00563	0.00563	0.00188	0.00750	0.00500	0.00250	0.00625
95	0.01381	0.01228	0.01527	0.01750	0.21600	0.01361	0.01104	0.02601	0.54012	0.02196	0.02041	0.01988	0.03258	0.00709	0.00571	0.00184	0.00501	0.00613	0.00493	0.00881
96	0.00870	0.00653	0.00816	0.00761	0.00917	0.00637	0.00575	0.01297	0.10629	0.02269	0.67376	0.03947	0.04872	0.01103	0.00653	0.00179	0.00287	0.00971	0.00614	0.00575
97	0.01183	0.01563	0.16179	0.01857	0.02352	0.01215	0.45611	0.01589	0.01194	0.01647	0.01251	0.01920	0.01083	0.17517	0.01111	0.00264	0.00841	0.00652	0.00288	0.00683
98	0.00818	0.00546	0.00614	0.00614	0.00614	0.00546	0.00341	0.00818	0.00818	0.01091	0.01773	0.03683	0.02046	0.80222	0.02864	0.00546	0.00546	0.00818	0.00341	0.00341
99	0.01231	0.01231	0.01724	0.01477	0.01477	0.01724	0.01231	0.01354	0.00862	0.01354	0.00739	0.01231	0.00739	0.00985	0.01847	0.00246	0.79192	0.00492	0.00246	0.00616
100	0.01154	0.10852	0.08549	0.01400	0.11765	0.01166	0.02382	0.01550	0.09272	0.01687	0.01646	0.18642	0.01639	0.00881	0.00674	0.00176	0.07728	0.03876	0.00372	0.14588
101	0.01380	0.04642	0.22233	0.04544	0.05071	0.16801	0.01253	0.08044	0.09134	0.01916	0.10761	0.02028	0.08353	0.00734	0.00559	0.00171	0.00673	0.00583	0.00386	0.00733
102	0.00837	0.00657	0.00922	0.00918	0.01024	0.02696	0.00713	0.01037	0.00922	0.01308	0.01491	0.02180	0.01389	0.04127	0.75993	0.00885	0.01495	0.00597	0.00301	0.00506
103	0.01167	0.01000	0.01167	0.00834	0.01334	0.00750	0.00667	0.01417	0.01167	0.01834	0.01000	0.01167	0.00834	0.00417	0.00417	0.00083	0.00417	0.00333	0.00333	0.83663
104	0.00978	0.00489	0.00733	0.00733	0.00733	0.00489	0.00489	0.00733	0.00733	0.00978	0.00978	0.01711	0.00978	0.01955	0.02199	0.83627	0.00489	0.00489	0.00244	0.00244
105	0.00688	0.00571	0.00602	0.00594	0.00774	0.00485	0.00446	0.00852	0.01337	0.01650	0.18172	0.05202	0.63931	0.01377	0.00665	0.00188	0.00282	0.01158	0.00540	0.00485
106	0.00713	0.00514	0.00681	0.00799	0.00853	0.00482	0.00561	0.00837	0.01130	0.01500	0.06108	0.65758	0.06737	0.01702	0.00720	0.00228	0.00343	0.09339	0.00526	0.00467
107	0.02139	0.01576	0.01689	0.01295	0.01745	0.01745	0.01070	0.74835	0.02646	0.03547	0.01351	0.01351	0.00957	0.00676	0.00563	0.00169	0.00619	0.00507	0.00563	0.00957
108	0.02309	0.01055	0.01322	0.01026	0.01438	0.01002	0.00844	0.17393	0.03131	0.54750	0.02013	0.01818	0.01314	0.00690	0.00552	0.00170	0.00490	0.00552	0.07211	0.00922
109	0.02139	0.01576	0.01689	0.01295	0.01745	0.01745	0.01070	0.74835	0.02646	0.03547	0.01351	0.01351	0.00957	0.00676	0.00563	0.00169	0.00619	0.00507	0.00563	0.00957
110	0.01505	0.80561	0.02949	0.00963	0.01444	0.02227	0.00963	0.01685	0.01143	0.01324	0.00782	0.00903	0.00722	0.00481	0.00361	0.00120	0.00602	0.00301	0.00241	0.00722
111	0.01505	0.80561	0.02949	0.00963	0.01444	0.02227	0.00963	0.01685	0.01143	0.01324	0.00782	0.00903	0.00722	0.00481	0.00361	0.00120	0.00602	0.00301	0.00241	0.00722
112	0.01328	0.01518	0.03321	0.02372	0.02941	0.01423	0.74668	0.01803	0.01328	0.01803	0.01139	0.01518	0.00854	0.00474	0.00664	0.00190	0.00949	0.00664	0.00285	0.00759
113	0.01431	0.01274	0.01287	0.01159	0.01476	0.04760	0.00899	0.02958	0.72443	0.02311	0.02228	0.02052	0.01674	0.00755	0.00570	0.00189	0.00470	0.00624	0.00560	0.00880
114	0.00808	0.00598	0.00693	0.00687	0.00864	0.00528	0.00536	0.01001	0.01377	0.04850	0.23094	0.05093	0.45268	0.01343	0.00676	0.00196	0.00320	0.10997	0.00554	0.00515
115	0.01063	0.01000	0.01688	0.78870	0.03876	0.01250	0.01563	0.01438	0.01125	0.01438	0.01000	0.01500	0.00750	0.00563	0.00563	0.00188	0.00750	0.00500	0.00250	0.00625
116	0.00668	0.00557	0.00584	0.00605	0.00769	0.00472	0.00443	0.00804	0.01249	0.01507	0.05276	0.17587	0.64587	0.01480	0.00674	0.00196	0.00292	0.01255	0.00523	0.00472
117	0.00978	0.00489	0.00733	0.00733	0.00733	0.00489	0.00489	0.00733	0.00733	0.00978	0.00978	0.01711	0.00978	0.01955	0.02199	0.83627	0.00489	0.00489	0.00244	0.00244
118	0.02102	0.02682	0.01595	0.01450	0.01740	0.77963	0.01087	0.02247	0.01595	0.01377	0.00870	0.01015	0.00725	0.00580	0.00507	0.00145	0.01015	0.00362	0.00290	0.00652
119	0.00978	0.00489	0.00733	0.00733	0.00733	0.00489	0.00489	0.00733	0.00733	0.00978	0.00978	0.01711	0.00978	0.01955	0.02199	0.83627	0.00489	0.00489	0.00244	0.00244
120	0.01328	0.01518	0.03321	0.02372	0.02941	0.01423	0.74668	0.01803	0.01328	0.01803	0.01139	0.01518	0.00854	0.00474	0.00664	0.00190	0.00949	0.00664	0.00285	0.00759
121	0.11342	0.01522	0.01592	0.01233	0.01672	0.01691	0.01018	0.66628	0.02457	0.03432	0.01287	0.01302	0.00918	0.00658	0.00539	0.00169	0.00599	0.00484	0.00539	0.00918
122	0.01063	0.01000	0.01688	0.78870	0.03876	0.01250	0.01563	0.01438	0.01125	0.01438	0.01000	0.01500	0.00750	0.00563	0.00563	0.00188	0.00750	0.00500	0.00250	0.00625
123	0.01474	0.00968	0.01181	0.00979	0.01265	0.00984	0.02385	0.20856	0.07734	0.14094	0.37775	0.02877	0.03182	0.00910	0.00615	0.00176	0.00420	0.00776	0.00605	0.00742
124	0.01049	0.00525	0.00525	0.00525	0.00656	0.00525	0.00393	0.01311	0.01180	0.02098	0.01836	0.02098	0.01442	0.00656	0.00393	0.00131	0.00262	0.00525	0.83346	0.00525
125	0.00674	0.00561	0.00590	0.00612	0.00778	0.00477	0.00453	0.00814	0.01255	0.01513	0.05274	0.15652	0.64594	0.01475	0.00675	0.00197	0.00297	0.03113	0.00522	0.00474
126	0.02345	0.01145	0.01410	0.01092	0.01524	0.01118	0.00898	0.22693	0.06726	0.51890	0.01984	0.01771	0.01294	0.00695	0.00566	0.00174	0.00516	0.00554	0.00652	0.00953
127	0.00746	0.00573	0.00682	0.00655	0.00810	0.00509	0.00491	0.00964	0.01473	0.01972	0.49104	0.04672	0.32798	0.01257	0.00664	0.00182	0.00273	0.01083	0.00582	0.00509
128	0.00681	0.00510	0.00633	0.00731	0.00802	0.00462	0.00499	0.00790	0.01128	0.01457	0.03743	0.61486	0.21677	0.01680	0.00705	0.00219	0.00316	0.01498	0.00522	0.00462
129	0.01472	0.01284	0.01548	0.01299	0.01660	0.01440	0.09185	0.10693	0.59387	0.02422	0.02059	0.01953	0.01538	0.00721	0.00582	0.00188	0.00521	0.00625	0.00539	0.00883
130	0.84197	0.01088	0.00827	0.00740	0.01088	0.01262	0.00609	0.01654	0.00958	0.02525	0.00784	0.00914	0.00609	0.00522	0.00348	0.00174	0.00435	0.00305	0.00348	0.00609
131	0.01231	0.01231	0.01724	0.01477	0.01477	0.01724	0.01231	0.01354	0.00862	0.01354	0.00739	0.01231	0.00739	0.00985	0.01847	0.00246	0.79192	0.00492	0.00246	0.00616
132	0.01918	0.02315	0.01505	0.01374	0.01663	0.60010	0.01042	0.02349	0.15985	0.01579	0.01230	0.01438	0.01018	0.00654	0.00531	0.00158	0.00884	0.03298	0.00354	0.00693
133	0.01231	0.01231	0.01724	0.01477	0.01477	0.01724	0.01231	0.01354	0.00862	0.01354	0.00739	0.01231	0.00739	0.00985	0.01847	0.00246	0.79192	0.00492	0.00246	0.00616
134	0.00804	0.00603	0.00904	0.00904	0.01005	0.00703	0.00703	0.01005	0.00904	0.01306	0.01507	0.02211	0.01407	0.04221	0.77992	0.00904	0.01507	0.00603	0.00301	0.00502
135	0.00796	0.00575	0.00752	0.00708	0.00841	0.00531	0.00531	0.01062	0.01593	0.02257	0.76415	0.04204	0.05310	0.01150	0.00664	0.00177	0.00265	0.01018	0.00619	0.00531
136	0.00907	0.00648	0.00907	0.01036	0.01166	0.00648	0.00907	0.01166	0.01296	0.01684	0.02980	0.06348	0.03239	0.01555	0.00777	0.00259	0.00518	0.72924	0.00518	0.00518
137	0.01357	0.00822	0.00854	0.00742	0.00964	0.00869	0.00584	0.22087	0.01594	0.02507	0.01699	0.01887	0.01305	0.00661	0.00441	0.00142	0.00363	0.00519	0.59954	0.00647
138	0.02430	0.01110	0.01400	0.01074	0.01513	0.01054	0.00887	0.20533	0.01866	0.58950	0.02006	0.01776	0.01285	0.00691	0.00565	0.00173	0.00514	0.00551	0.00664	0.00958
139	0.01016	0.01610	0.28956	0.19603	0.06695	0.01067	0.06202	0.01422	0.01173	0.01616	0.01810	0.17418	0.07345	0.00852	0.00598	0.00192	0.00666	0.00755	0.00326	0.00679
140	0.00818	0.00546	0.00614	0.00614	0.00614	0.00546	0.00341	0.00818	0.00818	0.01091	0.01773	0.03683	0.02046	0.80222	0.02864	0.00546	0.00546	0.00818	0.00341	0.00341
141	0.01231	0.01231	0.01724	0.01477	0.01477	0.01724	0.01231	0.01354	0.00862	0.01354	0.00739	0.01231	0.00739	0.00985	0.01847	0.00246	0.79192	0.00492	0.00246	0.00616
142	0.01168	0.01006	0.01180	0.00849	0.01337	0.00773	0.00680	0.01416	0.01160	0.01822	0.00994	0.01168	0.00831	0.00430	0.00450	0.00087	0.02273	0.00337	0.00331	0.81706
143	0.01406	0.01357	0.01436	0.01440	0.09967	0.12665	0.01013	0.04997	0.29158	0.01932	0.07199	0.01983	0.03083	0.04333	0.02589	0.00220	0.13448	0.00599	0.00430	0.00745
144	0.01108	0.01749	0.29375	0.01770	0.08188	0.01145	0.22701	0.01546	0.01188	0.01685	0.01424	0.11772	0.01302	0.02920	0.08002	0.00266	0.00838	0.01996	0.00305	0.00718
145	0.01570	0.72067	0.02801	0.01016	0.01477	0.10487	0.00976	0.01746	0.01193	0.01330	0.00792	0.00915	0.00722	0.00492	0.00377	0.00123	0.00647	0.00308	0.00246	0.00715
146	0.00712	0.00518	0.00677	0.00779	0.00837	0.00492	0.00542	0.00827	0.01088	0.01437	0.03184	0.59010	0.10699	0.05331	0.06164	0.00287	0.00426	0.06029	0.00499	0.00461
147	0.00713	0.00559	0.00646	0.00652	0.00797	0.00491	0.00478	0.00890	0.01354	0.01757	0.29285	0.17308	0.40287	0.01388	0.00673	0.00192	0.00285	0.01198	0.00555	0.00491
148	0.00876	0.00600	0.00718	0.00679	0.00854	0.00529	0.00512	0.01080	0.01447	0.07850	0.38809	0.07832	0.33628	0.01252	0.00659	0.00184	0.00293	0.01076	0.00582	0.00539
149	0.02109	0.01561	0.01672	0.01289	0.01734	0.01731	0.01062	0.71869	0.05662	0.03497	0.01390	0.01382	0.00988	0.00679	0.00563	0.00170	0.00612	0.00512	0.00563	0.00954
150	0.10056	0.01118	0.01316	0.01028	0.01438	0.01111	0.00846	0.23252	0.01816	0.43702	0.01808	0.01671	0.01197	0.00671	0.00532	0.00170	0.00500	0.00521	0.06351	0.00894
151	0.02139	0.01576	0.01689	0.01295	0.01745	0.01745	0.01070	0.74835	0.02646	0.03547	0.01351	0.01351	0.00957	0.00676	0.00563	0.00169	0.00619	0.00507	0.00563	0.00957
152	0.00716	0.00512	0.00688	0.00818	0.00864	0.00483	0.00575	0.00836	0.01107	0.01471	0.03085	0.69733	0.03656	0.01734	0.00726	0.00233	0.00353	0.11421	0.00522	0.00466
153	0.01505	0.80561	0.02949	0.00963	0.01444	0.02227	0.00963	0.01685	0.01143	0.01324	0.00782	0.00903	0.00722	0.00481	0.00361	0.00120	0.00602	0.00301	0.00241	0.00722
154	0.01339	0.01405	0.02680	0.02655	0.31212	0.01435	0.35455	0.01706	0.01240	0.01749	0.01048	0.01427	0.00851	0.00562	0.00801	0.00190	0.12605	0.00575	0.00277	0.00789
155	0.01502	0.01259	0.01330	0.01166	0.01502	0.01447	0.00915	0.12884	0.65636	0.02518	0.02161	0.01997	0.01613	0.00751	0.00571	0.00188	0.00469	0.00618	0.00571	0.00900
156	0.01172	0.00641	0.00810	0.00779	0.00966	0.00565	0.00578	0.01326	0.01312	0.21387	0.09359	0.33821	0.22379	0.01346	0.00660	0.00200	0.00351	0.01174	0.00576	0.00599
157	0.01063	0.01000	0.01688	0.78870	0.03876	0.01250	0.01563	0.01438	0.01125	0.01438	0.01000	0.01500	0.00750	0.00563	0.00563	0.00188	0.00750	0.00500	0.00250	0.00625
158	0.00730	0.00563	0.00667	0.00662	0.00805	0.00500	0.00489	0.00926	0.01406	0.01862	0.39174	0.13914	0.33601	0.01335	0.00671	0.00189	0.00281	0.01157	0.00569	0.00500
159	0.00978	0.00489	0.00733	0.00733	0.00733	0.00489	0.00489	0.00733	0.00733	0.00978	0.00978	0.01711	0.00978	0.01955	0.02199	0.83627	0.00489	0.00489	0.00244	0.00244
160	0.01505	0.80561	0.02949	0.00963	0.01444	0.02227	0.00963	0.01685	0.01143	0.01324	0.00782	0.00903	0.00722	0.00481	0.00361	0.00120	0.00602	0.00301	0.00241	0.00722
161	0.00858	0.00704	0.00747	0.00715	0.00899	0.00689	0.00526	0.01304	0.17146	0.01723	0.12473	0.04331	0.42172	0.12103	0.00948	0.00238	0.00353	0.01000	0.00519	0.00552
162	0.01627	0.01354	0.01779	0.02075	0.30602	0.01458	0.01262	0.22343	0.25109	0.04167	0.01554	0.01616	0.01181	0.00636	0.00564	0.00175	0.00580	0.00547	0.00459	0.00911
163	0.30083	0.00761	0.00849	0.00828	0.01012	0.00813	0.03514	0.01196	0.01068	0.01906	0.07293	0.31855	0.02283	0.01454	0.08997	0.00274	0.00511	0.00912	0.03855	0.00536
164	0.00686	0.00490	0.00653	0.00784	0.00816	0.00457	0.00522	0.00784	0.01077	0.01437	0.03102	0.79855	0.03722	0.01763	0.00718	0.00229	0.00326	0.01600	0.00522	0.00457
165	0.01078	0.00978	0.01586	0.67141	0.03457	0.01192	0.01430	0.04428	0.01239	0.01614	0.09240	0.01789	0.01256	0.00631	0.00574	0.00186	0.00692	0.00557	0.00303	0.00629
166	0.01129	0.02911	0.77306	0.01604	0.02436	0.01307	0.02079	0.01782	0.01188	0.01782	0.01010	0.01188	0.00713	0.00535	0.00535	0.00178	0.00832	0.00416	0.00238	0.00832
167	0.01353	0.01296	0.02212	0.12651	0.67830	0.01327	0.01707	0.01692	0.01262	0.01790	0.01051	0.01406	0.00874	0.00509	0.00558	0.00170	0.00679	0.00501	0.00275	0.00859
168	0.01796	0.01937	0.01589	0.01565	0.09826	0.36907	0.01107	0.11165	0.19797	0.01938	0.01347	0.01508	0.01080	0.00667	0.00589	0.00168	0.03510	0.02339	0.00396	0.00769
169	0.18675	0.00672	0.00708	0.00667	0.00845	0.00686	0.00512	0.01254	0.01349	0.02272	0.40684	0.02948	0.03291	0.00886	0.00525	0.00164	0.00301	0.00736	0.22279	0.00546
170	0.16940	0.00981	0.01139	0.01188	0.11540	0.00989	0.00813	0.12507	0.01472	0.12491	0.02885	0.02963	0.26896	0.00921	0.00567	0.00182	0.00453	0.03889	0.00486	0.00699
171	0.12688	0.00918	0.01027	0.00904	0.01139	0.00977	0.00713	0.15120	0.01492	0.09027	0.11656	0.14106	0.18378	0.01067	0.00713	0.00192	0.07873	0.00855	0.00508	0.00646
172	0.06997	0.01319	0.01954	0.03364	0.24100	0.03414	0.12498	0.08855	0.09578	0.09415	0.03219	0.01551	0.01103	0.00637	0.00707	0.00183	0.09359	0.00544	0.00389	0.00814
173	0.26320	0.01529	0.01305	0.01089	0.01466	0.16686	0.00874	0.23448	0.04616	0.04411	0.01161	0.01341	0.00910	0.00615	0.00480	0.00160	0.00608	0.02762	0.00422	0.09797

[dist]
# distance from previous block
# <min> <max>
10	76

[block]
# block no. 1 follows, 42 sequences, length 31
# corresponding to MSA columns:
# 907-937
name=unknown_B
#
# <colnr> <probs for GDERKNQSTAVLIFYWHMCP>
#	G	D	E	R	K	N	Q	S	T	A	V	L	I	F	Y	W	H	M	C	P
0	0.06580	0.01319	0.01622	0.09790	0.07645	0.09714	0.07818	0.14022	0.01510	0.17187	0.01359	0.01652	0.01053	0.08386	0.00830	0.00208	0.04185	0.00527	0.00420	0.04171
1	0.01533	0.01774	0.13107	0.01532	0.06215	0.15401	0.03675	0.16895	0.01481	0.01941	0.01152	0.07311	0.01024	0.00780	0.00901	0.00190	0.21541	0.00548	0.00346	0.02653
2	0.08779	0.01416	0.01186	0.01059	0.01312	0.21975	0.00821	0.09679	0.07546	0.04996	0.06817	0.06546	0.17649	0.00917	0.00666	0.00179	0.06661	0.00698	0.00444	0.00655
3	0.01582	0.32773	0.24684	0.01308	0.01833	0.25918	0.01335	0.01892	0.01300	0.01477	0.00878	0.01023	0.00720	0.00528	0.00459	0.00145	0.00801	0.00355	0.00255	0.00733
4	0.00895	0.00703	0.01013	0.09516	0.07182	0.00711	0.00902	0.01139	0.01274	0.01675	0.10092	0.14991	0.10810	0.01341	0.00706	0.00225	0.00480	0.35315	0.00482	0.00547
5	0.05323	0.00640	0.00720	0.00724	0.00794	0.00661	0.00476	0.01106	0.08244	0.01439	0.06468	0.13139	0.02413	0.48991	0.01982	0.00412	0.00484	0.05124	0.00414	0.00445
6	0.48681	0.01056	0.00998	0.00846	0.01203	0.01141	0.00688	0.05416	0.07636	0.14383	0.07034	0.01466	0.01224	0.00621	0.00441	0.00170	0.00438	0.00442	0.00454	0.05662
7	0.01838	0.00801	0.01051	0.00860	0.01154	0.00709	0.00669	0.02018	0.01442	0.47252	0.13556	0.02795	0.06522	0.15552	0.01013	0.00244	0.00448	0.00718	0.00609	0.00751
8	0.01917	0.01671	0.01550	0.01280	0.01662	0.15543	0.01021	0.40672	0.23732	0.02804	0.01537	0.01508	0.01136	0.00684	0.00556	0.00171	0.00641	0.00518	0.00516	0.00882
9	0.01505	0.80561	0.02949	0.00963	0.01444	0.02227	0.00963	0.01685	0.01143	0.01324	0.00782	0.00903	0.00722	0.00481	0.00361	0.00120	0.00602	0.00301	0.00241	0.00722
10	0.01637	0.00761	0.01022	0.00851	0.01131	0.00675	0.00675	0.01880	0.01602	0.38672	0.40316	0.03090	0.03404	0.00930	0.00616	0.00176	0.00369	0.00798	0.00657	0.00739
11	0.00778	0.00631	0.00699	0.00691	0.00862	0.00586	0.00514	0.01101	0.09371	0.01777	0.21939	0.13652	0.42697	0.01328	0.00661	0.00192	0.00303	0.01137	0.00551	0.00531
12	0.01049	0.00525	0.00525	0.00525	0.00656	0.00525	0.00393	0.01311	0.01180	0.02098	0.01836	0.02098	0.01442	0.00656	0.00393	0.00131	0.00262	0.00525	0.83346	0.00525
13	0.01155	0.01052	0.01735	0.02555	0.51170	0.01041	0.01322	0.01410	0.01213	0.01703	0.01746	0.27799	0.01844	0.00926	0.00611	0.00188	0.00553	0.00871	0.00361	0.00745
14	0.00891	0.00695	0.00904	0.00864	0.00886	0.00814	0.00611	0.00962	0.00866	0.01217	0.01624	0.09617	0.01801	0.42572	0.16390	0.00521	0.17216	0.00779	0.00330	0.00439
15	0.01057	0.00972	0.00925	0.00861	0.01066	0.10431	0.00652	0.01557	0.17147	0.01992	0.34543	0.03646	0.20833	0.01062	0.00625	0.00179	0.00402	0.00895	0.00545	0.00609
16	0.00703	0.00502	0.00673	0.00803	0.00843	0.00472	0.00552	0.00813	0.01094	0.01456	0.03092	0.74168	0.03685	0.01747	0.00723	0.00231	0.00341	0.07118	0.00522	0.00462
17	0.01129	0.08703	0.40702	0.01221	0.01767	0.01176	0.01395	0.01737	0.09614	0.01922	0.13106	0.01855	0.01642	0.00668	0.00527	0.00169	0.00608	0.00539	0.10779	0.00743
18	0.84197	0.01088	0.00827	0.00740	0.01088	0.01262	0.00609	0.01654	0.00958	0.02525	0.00784	0.00914	0.00609	0.00522	0.00348	0.00174	0.00435	0.00305	0.00348	0.00609
19	0.01231	0.01231	0.01724	0.01477	0.01477	0.01724	0.01231	0.01354	0.00862	0.01354	0.00739	0.01231	0.00739	0.00985	0.01847	0.00246	0.79192	0.00492	0.00246	0.00616
20	0.01341	0.02631	0.61431	0.01539	0.02291	0.01399	0.01867	0.17119	0.01494	0.02153	0.01082	0.01222	0.00764	0.00564	0.00541	0.00176	0.00787	0.00435	0.00306	0.00858
21	0.01411	0.01276	0.02022	0.24864	0.44389	0.01374	0.01580	0.12693	0.01443	0.01981	0.01086	0.01418	0.00861	0.00545	0.00560	0.00173	0.00685	0.00502	0.00313	0.00825
22	0.84197	0.01088	0.00827	0.00740	0.01088	0.01262	0.00609	0.01654	0.00958	0.02525	0.00784	0.00914	0.00609	0.00522	0.00348	0.00174	0.00435	0.00305	0.00348	0.00609
23	0.00938	0.00609	0.00786	0.00722	0.00886	0.00552	0.00548	0.01189	0.01568	0.08799	0.63811	0.04106	0.11060	0.01134	0.00655	0.00178	0.00286	0.00992	0.00618	0.00564
24	0.02102	0.02682	0.01595	0.01450	0.01740	0.77963	0.01087	0.02247	0.01595	0.01377	0.00870	0.01015	0.00725	0.00580	0.00507	0.00145	0.01015	0.00362	0.00290	0.00652
25	0.00974	0.00517	0.00693	0.00693	0.00750	0.00533	0.00491	0.00957	0.00900	0.01382	0.01329	0.01909	0.01190	0.01886	0.13083	0.44704	0.00571	0.00517	0.26549	0.00372
26	0.01891	0.00784	0.01005	0.00822	0.01132	0.00703	0.00661	0.02128	0.01473	0.46161	0.09243	0.02194	0.01786	0.00727	0.00521	0.00161	0.00390	0.00596	0.26842	0.00780
27	0.01408	0.00892	0.01014	0.00889	0.01183	0.00889	0.00697	0.02078	0.27115	0.21420	0.07846	0.03291	0.26940	0.00991	0.00607	0.00185	0.00389	0.00826	0.00591	0.00747
28	0.00818	0.00546	0.00614	0.00614	0.00614	0.00546	0.00341	0.00818	0.00818	0.01091	0.01773	0.03683	0.02046	0.80222	0.02864	0.00546	0.00546	0.00818	0.00341	0.00341
29	0.01220	0.01213	0.01548	0.01345	0.01362	0.06029	0.01088	0.01326	0.00898	0.01316	0.00903	0.01589	0.00935	0.12937	0.01922	0.00286	0.62708	0.00534	0.00263	0.00576
30	0.13842	0.09922	0.05989	0.01123	0.01449	0.07292	0.00978	0.01548	0.01074	0.01698	0.00854	0.01109	0.00743	0.00633	0.00852	0.00161	0.24603	0.00381	0.00290	0.25457

[dist]
# distance from previous block
# <min> <max>
0	1

[block]
# block no. 2 follows, 42 sequences, length 43
# corresponding to MSA columns:
# 939-981
name=unknown_C
#
# <colnr> <probs for GDERKNQSTAVLIFYWHMCP>
#	G	D	E	R	K	N	Q	S	T	A	V	L	I	F	Y	W	H	M	C	P
0	0.01063	0.00674	0.00871	0.00913	0.01055	0.00664	0.00694	0.01395	0.10289	0.11507	0.02860	0.43560	0.03064	0.01455	0.00694	0.00224	0.00404	0.17473	0.00550	0.00589
1	0.01461	0.01396	0.01310	0.01007	0.01460	0.16062	0.00795	0.09845	0.01418	0.01937	0.01014	0.01158	0.00826	0.00478	0.00451	0.00105	0.00557	0.00359	0.00351	0.58011
2	0.00732	0.00520	0.00608	0.00679	0.00775	0.00473	0.00474	0.00868	0.01156	0.01559	0.03725	0.45321	0.26025	0.01496	0.00654	0.00202	0.00304	0.01314	0.12639	0.00473
3	0.01157	0.00664	0.00788	0.00713	0.00947	0.00571	0.00550	0.01333	0.01397	0.20761	0.14958	0.09261	0.42294	0.01223	0.00643	0.00187	0.00334	0.01033	0.00581	0.00604
4	0.01783	0.00803	0.01012	0.00829	0.01167	0.00687	0.00668	0.01970	0.01480	0.46943	0.03609	0.03312	0.31356	0.00987	0.00606	0.00180	0.00402	0.00814	0.00627	0.00765
5	0.01844	0.01430	0.01523	0.01235	0.01633	0.01607	0.00998	0.46168	0.31794	0.03071	0.01726	0.01650	0.01261	0.00711	0.00567	0.00178	0.00550	0.00558	0.00567	0.00931
6	0.28667	0.01000	0.01153	0.00918	0.01325	0.00966	0.00757	0.02394	0.01402	0.53231	0.01760	0.01595	0.01142	0.00641	0.00496	0.00174	0.00465	0.00482	0.00585	0.00846
7	0.21738	0.01374	0.01430	0.01122	0.01546	0.01502	0.00926	0.47346	0.02099	0.13566	0.01337	0.01326	0.00935	0.00642	0.00512	0.00171	0.00556	0.00467	0.00530	0.00874
8	0.01505	0.80561	0.02949	0.00963	0.01444	0.02227	0.00963	0.01685	0.01143	0.01324	0.00782	0.00903	0.00722	0.00481	0.00361	0.00120	0.00602	0.00301	0.00241	0.00722
9	0.01505	0.80561	0.02949	0.00963	0.01444	0.02227	0.00963	0.01685	0.01143	0.01324	0.00782	0.00903	0.00722	0.00481	0.00361	0.00120	0.00602	0.00301	0.00241	0.00722
10	0.01262	0.01112	0.01823	0.17393	0.47721	0.01160	0.01433	0.01590	0.01231	0.01813	0.01200	0.01552	0.00973	0.00544	0.00526	0.00164	0.00604	0.00506	0.16626	0.00768
11	0.01141	0.00920	0.01031	0.00997	0.01199	0.01010	0.00742	0.07406	0.37335	0.02039	0.02578	0.36307	0.02544	0.01197	0.00636	0.00206	0.00406	0.01051	0.00550	0.00705
12	0.00713	0.00572	0.00637	0.00621	0.00790	0.00496	0.00465	0.00901	0.01396	0.01790	0.31591	0.04972	0.50425	0.01325	0.00665	0.00185	0.00278	0.01125	0.00558	0.00496
13	0.01261	0.01203	0.02046	0.33547	0.47649	0.01302	0.01662	0.01612	0.01219	0.01679	0.01035	0.01436	0.00835	0.00526	0.00559	0.00175	0.00701	0.00501	0.00267	0.00785
14	0.00802	0.00550	0.00686	0.00732	0.00841	0.00494	0.00518	0.00945	0.01243	0.05821	0.15883	0.44927	0.21432	0.01520	0.00688	0.00208	0.00315	0.01346	0.00548	0.00502
15	0.00978	0.00489	0.00733	0.00733	0.00733	0.00489	0.00489	0.00733	0.00733	0.00978	0.00978	0.01711	0.00978	0.01955	0.02199	0.83627	0.00489	0.00489	0.00244	0.00244
16	0.01063	0.01000	0.01688	0.78870	0.03876	0.01250	0.01563	0.01438	0.01125	0.01438	0.01000	0.01500	0.00750	0.00563	0.00563	0.00188	0.00750	0.00500	0.00250	0.00625
17	0.00806	0.00595	0.00865	0.00865	0.00951	0.00682	0.00654	0.00979	0.00893	0.01277	0.01544	0.02413	0.01495	0.14648	0.67684	0.00855	0.01375	0.00633	0.00307	0.00480
18	0.02017	0.02303	0.01568	0.01384	0.01705	0.55101	0.01059	0.14575	0.11470	0.01871	0.01137	0.01213	0.00894	0.00620	0.00525	0.00155	0.00874	0.00423	0.00373	0.00735
19	0.13604	0.33878	0.15935	0.01266	0.01797	0.01752	0.10110	0.12268	0.01364	0.01962	0.00949	0.01096	0.00754	0.00524	0.00457	0.00154	0.00664	0.00396	0.00308	0.00764
20	0.01482	0.05779	0.01325	0.01050	0.01349	0.17317	0.00821	0.13593	0.08257	0.03385	0.07970	0.01860	0.01490	0.07055	0.10131	0.00268	0.00715	0.00533	0.02799	0.12821
21	0.01644	0.01574	0.02010	0.02607	0.46782	0.12631	0.01457	0.16266	0.05753	0.02136	0.01157	0.01369	0.00926	0.00562	0.00552	0.00166	0.00697	0.00490	0.00353	0.00869
22	0.01348	0.00660	0.00781	0.00693	0.00892	0.00607	0.00518	0.01529	0.01268	0.22892	0.06664	0.02962	0.12741	0.16471	0.00983	0.00236	0.00382	0.00719	0.27052	0.00603
23	0.00943	0.00511	0.00767	0.00767	0.00787	0.00531	0.00531	0.00787	0.00767	0.01042	0.01082	0.01809	0.01062	0.02401	0.17120	0.67342	0.00689	0.00511	0.00256	0.00295
24	0.01208	0.02355	0.47784	0.01910	0.02637	0.01353	0.31044	0.01790	0.01244	0.01790	0.01061	0.01320	0.00769	0.00511	0.00586	0.00183	0.00878	0.00515	0.00256	0.00803
25	0.00995	0.00806	0.00917	0.00901	0.01085	0.00855	0.00674	0.01728	0.30970	0.01959	0.15407	0.24974	0.11362	0.01215	0.00647	0.00202	0.00366	0.03731	0.00559	0.00647
26	0.01743	0.49485	0.02409	0.01157	0.01562	0.32447	0.01013	0.01909	0.01324	0.01345	0.00817	0.00947	0.00723	0.00521	0.00419	0.00130	0.00767	0.00325	0.00260	0.00694
27	0.01107	0.00954	0.00992	0.00916	0.01183	0.01031	0.00706	0.02119	0.46003	0.02021	0.03651	0.03423	0.31551	0.01028	0.00610	0.00191	0.00381	0.00856	0.00553	0.00725
28	0.00686	0.00490	0.00653	0.00784	0.00816	0.00457	0.00522	0.00784	0.01077	0.01437	0.03102	0.79855	0.03722	0.01763	0.00718	0.00229	0.00326	0.01600	0.00522	0.00457
29	0.01081	0.01019	0.01722	0.74619	0.07981	0.01255	0.01572	0.01454	0.01134	0.01460	0.01004	0.01494	0.00758	0.00559	0.00562	0.00186	0.00746	0.00500	0.00252	0.00640
30	0.67891	0.10909	0.06822	0.00832	0.01233	0.01383	0.00763	0.01668	0.00998	0.02323	0.00800	0.00933	0.00631	0.00518	0.00364	0.00168	0.00485	0.00313	0.00327	0.00640
31	0.01231	0.01231	0.01724	0.01477	0.01477	0.01724	0.01231	0.01354	0.00862	0.01354	0.00739	0.01231	0.00739	0.00985	0.01847	0.00246	0.79192	0.00492	0.00246	0.00616
32	0.01071	0.01228	0.16080	0.01144	0.04960	0.00937	0.05010	0.06448	0.06685	0.01578	0.01551	0.02617	0.01534	0.41553	0.04943	0.00397	0.00668	0.00671	0.00346	0.00579
33	0.01956	0.21798	0.01927	0.01330	0.01667	0.59373	0.01057	0.02109	0.01484	0.01364	0.00848	0.00987	0.00724	0.00556	0.00472	0.00139	0.00913	0.00347	0.00278	0.00670
34	0.02102	0.02682	0.01595	0.01450	0.01740	0.77963	0.01087	0.02247	0.01595	0.01377	0.00870	0.01015	0.00725	0.00580	0.00507	0.00145	0.01015	0.00362	0.00290	0.00652
