[name]
unknown

[dist]
# distance from previous block
# <min> <max>
0	394

[block]
# block no. 0 follows, 39 sequences, length 62
# corresponding to MSA columns:
# 408-469
name=unknown_A
#
# <colnr> <probs for GDERKNQSTAVLIFYWHMCP>
#	G	D	E	R	K	N	Q	S	T	A	V	L	I	F	Y	W	H	M	C	P
0	0.01536	0.01319	0.06329	0.05352	0.22703	0.01247	0.01254	0.20590	0.01715	0.06095	0.06345	0.02335	0.06922	0.00865	0.00711	0.04873	0.00608	0.05452	0.00448	0.03303
1	0.01590	0.01426	0.06425	0.01235	0.05255	0.10553	0.00975	0.16596	0.06712	0.09842	0.07211	0.06772	0.13970	0.00893	0.00604	0.00177	0.00573	0.00727	0.00506	0.07958
2	0.09568	0.01352	0.10074	0.12467	0.01837	0.05963	0.01129	0.08972	0.01316	0.01917	0.06337	0.06387	0.01469	0.04546	0.12220	0.00327	0.11316	0.00621	0.01515	0.00667
3	0.10795	0.06058	0.07958	0.12892	0.30648	0.11196	0.01472	0.01951	0.05916	0.04044	0.01142	0.01387	0.00904	0.00574	0.00542	0.00176	0.00723	0.00476	0.00325	0.00818
4	0.13804	0.01616	0.14121	0.21198	0.04143	0.01460	0.13948	0.14514	0.05648	0.02265	0.01187	0.01439	0.00878	0.00596	0.00572	0.00190	0.00745	0.00519	0.00361	0.00798
5	0.02143	0.01654	0.01748	0.05697	0.01946	0.05116	0.01145	0.62719	0.06294	0.03436	0.01427	0.01453	0.01023	0.00703	0.00590	0.00179	0.00668	0.00532	0.00561	0.00968
6	0.06556	0.01990	0.01482	0.01286	0.01605	0.38295	0.00994	0.20372	0.01921	0.02283	0.15641	0.01810	0.01764	0.00750	0.00571	0.00167	0.00770	0.00552	0.00450	0.00740
7	0.00764	0.00581	0.00756	0.05150	0.01050	0.00551	0.00613	0.00922	0.01253	0.01639	0.11829	0.47140	0.18648	0.01624	0.00731	0.00225	0.00363	0.05113	0.00544	0.00506
8	0.00808	0.00573	0.00729	0.05108	0.00941	0.00571	0.00522	0.00880	0.01008	0.01340	0.02481	0.39355	0.02910	0.37998	0.01801	0.00394	0.00476	0.01231	0.00443	0.00433
9	0.01317	0.04271	0.01447	0.09852	0.03973	0.04091	0.04281	0.11258	0.01528	0.06156	0.07708	0.03260	0.21328	0.01035	0.00791	0.00202	0.09089	0.07262	0.00466	0.00685
10	0.01803	0.01067	0.01313	0.00987	0.01460	0.00910	0.00801	0.08562	0.01518	0.28229	0.01568	0.01584	0.01130	0.00794	0.04845	0.00179	0.00546	0.00470	0.00505	0.41730
11	0.04100	0.01490	0.01193	0.01078	0.01327	0.26797	0.00819	0.07495	0.02893	0.06635	0.24123	0.07799	0.06776	0.00947	0.00607	0.00176	0.00606	0.00763	0.03709	0.00665
12	0.51795	0.01140	0.01222	0.20386	0.01939	0.01387	0.00980	0.01639	0.01038	0.02203	0.00875	0.01160	0.00696	0.00623	0.00629	0.00196	0.10722	0.00398	0.00326	0.00645
13	0.01524	0.01362	0.01924	0.05880	0.02071	0.04825	0.19606	0.11620	0.25391	0.04735	0.04859	0.02433	0.01680	0.00797	0.00649	0.00202	0.00675	0.08451	0.00490	0.00826
14	0.00995	0.00762	0.00849	0.00804	0.01013	0.00739	0.00607	0.06763	0.10562	0.04036	0.17414	0.15506	0.35044	0.01330	0.00684	0.00201	0.00355	0.01136	0.00583	0.00614
15	0.83394	0.01144	0.00869	0.00778	0.01144	0.01327	0.00640	0.01738	0.01006	0.02653	0.00823	0.00961	0.00640	0.00549	0.00366	0.00183	0.00457	0.00320	0.00366	0.00640
16	0.00880	0.00699	0.01007	0.04364	0.12614	0.00691	0.00778	0.01034	0.01143	0.01533	0.02765	0.42557	0.08479	0.11394	0.05784	0.00312	0.00524	0.02435	0.00459	0.00549
17	0.00786	0.00603	0.00720	0.00691	0.00852	0.00536	0.00518	0.01018	0.01554	0.02087	0.49736	0.04886	0.31238	0.01315	0.00698	0.00191	0.00287	0.01135	0.00614	0.00536
18	0.01140	0.00846	0.00939	0.00859	0.01080	0.00886	0.00660	0.06208	0.22065	0.02372	0.28744	0.03311	0.10659	0.00992	0.00609	0.00182	0.00357	0.00841	0.16567	0.00685
19	0.01458	0.34724	0.13941	0.01333	0.01712	0.01968	0.01303	0.06121	0.01201	0.01623	0.00880	0.01148	0.00779	0.00717	0.00981	0.00187	0.28475	0.00421	0.00276	0.00752
20	0.21487	0.06855	0.10906	0.06841	0.06501	0.28454	0.01200	0.02061	0.01378	0.07761	0.01040	0.01193	0.00800	0.00586	0.00499	0.00170	0.00781	0.00406	0.00340	0.00742
21	0.35722	0.01054	0.01048	0.04962	0.07437	0.05591	0.00780	0.01513	0.01318	0.02299	0.24543	0.02459	0.07526	0.00827	0.00533	0.00183	0.00464	0.00652	0.00453	0.00633
22	0.01250	0.00915	0.01050	0.00849	0.01212	0.00786	0.00667	0.08909	0.01489	0.08682	0.07309	0.07663	0.23602	0.00943	0.00581	0.00154	0.00409	0.00785	0.00500	0.32244
23	0.00903	0.00644	0.00779	0.00806	0.00892	0.00642	0.00584	0.01106	0.04876	0.01555	0.10376	0.04774	0.08414	0.39068	0.01845	0.00400	0.00508	0.20886	0.00469	0.00472
24	0.10428	0.00780	0.00815	0.00724	0.00963	0.00791	0.00569	0.08082	0.01434	0.11934	0.04691	0.02270	0.06148	0.00750	0.00476	0.00158	0.00361	0.00592	0.47376	0.00658
25	0.00788	0.00576	0.00727	0.00825	0.00896	0.00544	0.00565	0.04158	0.01230	0.01620	0.03458	0.67714	0.11166	0.01764	0.00742	0.00233	0.00353	0.01584	0.00551	0.00506
26	0.05346	0.01913	0.15566	0.01334	0.01833	0.12789	0.01231	0.30727	0.03086	0.14631	0.01438	0.01459	0.01015	0.00664	0.00561	0.00175	0.00704	0.00496	0.04134	0.00897
27	0.01272	0.01200	0.01641	0.13476	0.25187	0.07558	0.01313	0.01630	0.04609	0.01830	0.10012	0.02988	0.03137	0.00917	0.00729	0.00205	0.05322	0.15852	0.00399	0.00722
28	0.00997	0.00844	0.01302	0.03679	0.25887	0.00826	0.01019	0.01210	0.01252	0.01706	0.05545	0.39842	0.06514	0.01321	0.00693	0.00215	0.00482	0.05560	0.00460	0.00645
29	0.83394	0.01144	0.00869	0.00778	0.01144	0.01327	0.00640	0.01738	0.01006	0.02653	0.00823	0.00961	0.00640	0.00549	0.00366	0.00183	0.00457	0.00320	0.00366	0.00640
30	0.05239	0.14621	0.01806	0.01317	0.04490	0.07808	0.07570	0.06670	0.28446	0.02095	0.02215	0.02190	0.11515	0.00776	0.00569	0.00181	0.00591	0.00638	0.00459	0.00803
31	0.01349	0.02069	0.31280	0.01881	0.05788	0.01416	0.23653	0.06351	0.12534	0.02073	0.01550	0.01718	0.04288	0.00628	0.00619	0.00192	0.00803	0.00598	0.00354	0.00854
32	0.01399	0.04123	0.01228	0.00990	0.01256	0.01012	0.00797	0.11844	0.01446	0.10414	0.05551	0.07911	0.01703	0.01530	0.14996	0.00318	0.06859	0.02794	0.11740	0.12089
33	0.00860	0.00573	0.00645	0.00645	0.00645	0.00573	0.00358	0.00860	0.00860	0.01147	0.01863	0.03870	0.02150	0.79217	0.03010	0.00573	0.00573	0.00860	0.00358	0.00358
34	0.00733	0.00595	0.00650	0.00647	0.00822	0.00512	0.00481	0.00910	0.01411	0.01775	0.22142	0.09934	0.54419	0.01452	0.00702	0.00199	0.00297	0.01233	0.00573	0.00512
35	0.00946	0.00751	0.00838	0.00799	0.00998	0.00748	0.00603	0.01498	0.18562	0.02085	0.27990	0.08116	0.27635	0.01220	0.00666	0.00195	0.00333	0.01043	0.04350	0.00623
36	0.01312	0.00969	0.01071	0.00948	0.01201	0.01045	0.00738	0.13301	0.24552	0.02586	0.26303	0.02815	0.02873	0.00900	0.00595	0.00180	0.00397	0.00757	0.16712	0.00746
37	0.02276	0.01612	0.01747	0.01340	0.01812	0.01768	0.01107	0.68734	0.02706	0.08653	0.01482	0.01460	0.01037	0.00711	0.00592	0.00178	0.00641	0.00537	0.00601	0.01006
38	0.01414	0.01005	0.01094	0.00991	0.01257	0.04314	0.00761	0.04160	0.25442	0.14440	0.14130	0.14163	0.12174	0.01087	0.00647	0.00198	0.00436	0.00926	0.00603	0.00756
39	0.32871	0.01194	0.01594	0.01940	0.27938	0.01261	0.05588	0.04826	0.01250	0.02223	0.01343	0.12913	0.01271	0.00741	0.00534	0.00190	0.00570	0.00632	0.00373	0.00749
40	0.03860	0.01517	0.01772	0.31082	0.13511	0.17940	0.01413	0.03946	0.01310	0.01642	0.01034	0.01437	0.00849	0.00885	0.05534	0.00238	0.10538	0.00494	0.00293	0.00706
41	0.01853	0.01308	0.01973	0.01508	0.01941	0.01333	0.19560	0.26236	0.01846	0.18440	0.01591	0.01763	0.01166	0.01360	0.14946	0.00329	0.00883	0.00607	0.00495	0.00863
42	0.00855	0.00594	0.00749	0.00749	0.00785	0.00630	0.00488	0.00927	0.00891	0.01224	0.01768	0.03344	0.01922	0.53795	0.28120	0.00702	0.00917	0.00783	0.00344	0.00416
43	0.01289	0.01104	0.01877	0.01459	0.01812	0.02299	0.28588	0.01793	0.09611	0.05288	0.06254	0.02224	0.04421	0.01029	0.07459	0.00249	0.00717	0.00686	0.21133	0.00708
44	0.00824	0.00604	0.00772	0.00730	0.00875	0.00552	0.00547	0.01090	0.01642	0.02297	0.68527	0.04541	0.12316	0.01237	0.00698	0.00187	0.00281	0.01087	0.00641	0.00552
45	0.00828	0.00609	0.00878	0.00898	0.00982	0.00683	0.00669	0.01000	0.00967	0.01368	0.01861	0.13741	0.01910	0.12285	0.57555	0.00805	0.01290	0.00813	0.00356	0.00502
46	0.01502	0.64250	0.17729	0.01147	0.01726	0.02146	0.01247	0.01791	0.01211	0.01488	0.00870	0.01009	0.00757	0.00517	0.00416	0.00139	0.00681	0.00340	0.00252	0.00782
47	0.17591	0.01071	0.01263	0.01025	0.01408	0.01031	0.04549	0.11952	0.01453	0.10614	0.01670	0.15997	0.01538	0.00826	0.00545	0.00168	0.00493	0.02132	0.00470	0.24204
48	0.01324	0.16001	0.09000	0.01282	0.01531	0.01512	0.04037	0.01591	0.04344	0.05932	0.01364	0.09322	0.01329	0.09762	0.01328	0.00251	0.28424	0.00645	0.00342	0.00681
49	0.01722	0.01470	0.02264	0.02654	0.39860	0.04510	0.10492	0.12262	0.01584	0.10502	0.01276	0.01509	0.00984	0.00608	0.00684	0.00184	0.05590	0.00550	0.00385	0.00909
50	0.00747	0.00533	0.00716	0.00853	0.00899	0.00503	0.00595	0.00869	0.01158	0.01539	0.03245	0.70671	0.03854	0.01828	0.00762	0.00244	0.00366	0.09582	0.00548	0.00488
51	0.01149	0.01083	0.01831	0.71016	0.10604	0.01322	0.01658	0.01539	0.01197	0.01549	0.01057	0.01566	0.00802	0.00585	0.00591	0.00195	0.00780	0.00526	0.00266	0.00683
52	0.00999	0.00869	0.01284	0.03783	0.25675	0.00833	0.00973	0.01247	0.01393	0.01878	0.20267	0.13043	0.23180	0.01127	0.00665	0.00193	0.00447	0.01001	0.00480	0.00660
53	0.01709	0.00917	0.01322	0.01405	0.15151	0.00844	0.00916	0.01981	0.01603	0.32423	0.28574	0.02791	0.02863	0.00865	0.00623	0.00181	0.00450	0.00753	0.03815	0.00813
54	0.00852	0.00604	0.00802	0.00802	0.00856	0.00659	0.00554	0.00961	0.00906	0.01263	0.01720	0.03075	0.01805	0.40769	0.40986	0.00767	0.01093	0.00744	0.00337	0.00446
55	0.01266	0.00948	0.01022	0.00897	0.01172	0.00968	0.00702	0.17801	0.12629	0.04729	0.11840	0.05806	0.31342	0.01125	0.00643	0.00191	0.00409	0.00934	0.04872	0.00705
56	0.02248	0.01656	0.01775	0.01361	0.01834	0.01834	0.01124	0.73556	0.02780	0.03727	0.01420	0.01420	0.01006	0.00710	0.00592	0.00177	0.00651	0.00532	0.00592	0.01006
57	0.07439	0.03118	0.17122	0.01277	0.01708	0.05006	0.10091	0.04798	0.01334	0.01934	0.06287	0.21390	0.01907	0.00915	0.00599	0.00183	0.00613	0.00806	0.00401	0.13071
58	0.01110	0.00962	0.01309	0.15404	0.01825	0.00968	0.00942	0.01371	0.01115	0.01655	0.01168	0.01591	0.01011	0.01589	0.21021	0.00354	0.07931	0.00474	0.00317	0.37883
59	0.00854	0.00620	0.00799	0.00855	0.00939	0.00615	0.00611	0.01036	0.03708	0.01501	0.02572	0.34474	0.02903	0.19979	0.10929	0.00404	0.00593	0.11883	0.00467	0.04257
60	0.13358	0.01356	0.08237	0.01468	0.09015	0.01194	0.09204	0.13430	0.02560	0.03310	0.02720	0.12793	0.01409	0.00756	0.00563	0.00174	0.00589	0.00657	0.00415	0.16793
61	0.01434	0.06570	0.33167	0.01499	0.02026	0.06631	0.04839	0.12072	0.01435	0.02012	0.01133	0.01381	0.00883	0.00857	0.04648	0.00227	0.12490	0.00481	0.05419	0.00798

[dist]
# distance from previous block
# <min> <max>
0	1

[block]
# block no. 1 follows, 39 sequences, length 15
# corresponding to MSA columns:
# 471-480,484-488
name=unknown_B
#
# <colnr> <probs for GDERKNQSTAVLIFYWHMCP>
#	G	D	E	R	K	N	Q	S	T	A	V	L	I	F	Y	W	H	M	C	P
0	0.01526	0.34406	0.05911	0.14500	0.12938	0.12184	0.01287	0.01798	0.01290	0.01563	0.00946	0.01183	0.00799	0.00535	0.00480	0.00149	0.00726	0.00400	0.00275	0.07104
1	0.00709	0.00599	0.00613	0.00609	0.00805	0.00503	0.00457	0.00868	0.01371	0.01653	0.10960	0.05600	0.70284	0.01477	0.00699	0.00199	0.00298	0.01235	0.00556	0.00503
2	0.01294	0.01569	0.14318	0.28609	0.33562	0.01376	0.07339	0.01726	0.01278	0.01775	0.01090	0.01477	0.00852	0.00552	0.00592	0.00187	0.00783	0.00525	0.00276	0.00820
3	0.01946	0.02052	0.05425	0.01480	0.03327	0.35164	0.01182	0.11989	0.01627	0.09410	0.01222	0.04841	0.01018	0.00771	0.00834	0.00186	0.15864	0.00516	0.00387	0.00761
4	0.00747	0.00556	0.00702	0.00809	0.00894	0.00511	0.00581	0.00883	0.01211	0.01564	0.03853	0.52805	0.19807	0.01744	0.00751	0.00235	0.00360	0.10945	0.00548	0.00493
5	0.01605	0.00955	0.01190	0.01052	0.01307	0.03826	0.00830	0.02018	0.11659	0.26582	0.06231	0.07751	0.01868	0.01991	0.23961	0.00427	0.04755	0.00711	0.00529	0.00756
6	0.01441	0.00969	0.01093	0.00953	0.01230	0.01013	0.00743	0.10744	0.22940	0.11649	0.18863	0.02938	0.08800	0.03581	0.00689	0.00198	0.00419	0.00775	0.10195	0.00766
7	0.01550	0.10837	0.06665	0.06878	0.08038	0.01366	0.01130	0.06448	0.07515	0.14644	0.01603	0.08315	0.01393	0.07552	0.01002	0.00228	0.12994	0.00644	0.00426	0.00772
8	0.01376	0.01463	0.01355	0.06780	0.04059	0.25404	0.00991	0.01549	0.01208	0.01416	0.01322	0.05511	0.01277	0.09836	0.23844	0.00455	0.10640	0.00599	0.00316	0.00597
9	0.16897	0.06580	0.35186	0.01390	0.01999	0.12992	0.01497	0.09779	0.01454	0.05526	0.01079	0.01204	0.00792	0.00588	0.00516	0.00177	0.00771	0.00418	0.00339	0.00816
10	0.01411	0.01409	0.01197	0.01121	0.01338	0.22769	0.00851	0.01962	0.19355	0.01791	0.07374	0.02336	0.01781	0.06988	0.17992	0.00379	0.00876	0.02944	0.05458	0.00667
11	0.00878	0.00647	0.00825	0.00773	0.00925	0.00616	0.00582	0.01246	0.06329	0.02378	0.70559	0.04276	0.05339	0.01183	0.00691	0.00187	0.00291	0.01044	0.00648	0.00582
12	0.00848	0.00620	0.00883	0.00883	0.00965	0.00702	0.00655	0.01013	0.00930	0.01323	0.01646	0.02666	0.01627	0.21025	0.60487	0.00867	0.01360	0.00684	0.00326	0.00490
13	0.00927	0.00718	0.00860	0.00834	0.00998	0.00716	0.00620	0.01433	0.15686	0.02166	0.41859	0.17206	0.11147	0.01271	0.00689	0.00200	0.00329	0.01116	0.00614	0.00612
14	0.01378	0.00844	0.01013	0.00881	0.01139	0.00806	0.00687	0.13206	0.01736	0.16556	0.27343	0.10992	0.18697	0.01159	0.00666	0.00192	0.00394	0.00988	0.00625	0.00698

[dist]
# distance from previous block
# <min> <max>
10	89

[block]
# block no. 2 follows, 39 sequences, length 32
# corresponding to MSA columns:
# 579-610
name=unknown_C
#
# <colnr> <probs for GDERKNQSTAVLIFYWHMCP>
#	G	D	E	R	K	N	Q	S	T	A	V	L	I	F	Y	W	H	M	C	P
0	0.01352	0.11216	0.19725	0.01444	0.05531	0.01285	0.09380	0.01792	0.05406	0.08012	0.01558	0.09034	0.01329	0.00868	0.03013	0.00208	0.06024	0.00630	0.11432	0.00761
1	0.01326	0.08850	0.06296	0.01387	0.01590	0.01660	0.01214	0.03212	0.01055	0.01589	0.00861	0.01249	0.00796	0.00845	0.01417	0.00210	0.50826	0.00465	0.00281	0.14870
2	0.01549	0.01864	0.19154	0.02197	0.28519	0.09666	0.01543	0.09207	0.05375	0.05387	0.02631	0.06225	0.01232	0.02087	0.00632	0.00189	0.00725	0.00586	0.00373	0.00860
3	0.01351	0.01111	0.05728	0.02475	0.01404	0.01134	0.00940	0.17478	0.03849	0.05867	0.05561	0.02211	0.03866	0.06014	0.25376	0.00455	0.08762	0.00634	0.05083	0.00700
4	0.01794	0.08082	0.08433	0.04672	0.21540	0.24604	0.01354	0.04382	0.05093	0.09493	0.01313	0.01457	0.02046	0.00615	0.00551	0.00168	0.00777	0.00483	0.02319	0.00824
5	0.00724	0.00585	0.00644	0.00661	0.00822	0.00505	0.00484	0.00885	0.01360	0.01701	0.16113	0.18371	0.52046	0.01516	0.00709	0.00205	0.00304	0.01297	0.00565	0.00505
6	0.00910	0.00767	0.01074	0.21302	0.06909	0.00790	0.00886	0.01165	0.01339	0.01760	0.16081	0.09366	0.28862	0.01123	0.00651	0.00195	0.00456	0.00970	0.04810	0.00583
7	0.42990	0.11240	0.01440	0.01052	0.01433	0.20191	0.00861	0.07950	0.01374	0.05408	0.00960	0.01069	0.00751	0.00580	0.00438	0.00168	0.00648	0.00364	0.00371	0.00712
8	0.00789	0.00606	0.00737	0.00808	0.00949	0.00554	0.00633	0.00972	0.01319	0.01667	0.07621	0.22196	0.33876	0.01606	0.00748	0.00231	0.00385	0.23240	0.00552	0.00512
9	0.00832	0.00702	0.04561	0.00834	0.00921	0.00603	0.00608	0.01002	0.03464	0.01504	0.06477	0.40554	0.03182	0.26288	0.01457	0.00341	0.00455	0.05252	0.00480	0.00484
10	0.01027	0.00769	0.00904	0.00833	0.01031	0.00774	0.00638	0.02615	0.12221	0.05935	0.28935	0.04067	0.25953	0.03916	0.04248	0.00243	0.03714	0.00982	0.00574	0.00622
11	0.01075	0.00854	0.00994	0.00953	0.01087	0.04813	0.00723	0.01360	0.06408	0.05597	0.24946	0.19978	0.08094	0.05710	0.00978	0.00234	0.09792	0.05279	0.00534	0.00591
12	0.34179	0.07748	0.01493	0.05146	0.01587	0.01388	0.07194	0.13805	0.02981	0.02361	0.01147	0.02497	0.00937	0.01071	0.08381	0.04442	0.00683	0.00473	0.01788	0.00699
13	0.10073	0.42544	0.13799	0.01305	0.06116	0.06506	0.01210	0.04955	0.05446	0.01793	0.00997	0.01125	0.00826	0.00552	0.00449	0.00153	0.00674	0.00381	0.00304	0.00791
14	0.00955	0.00732	0.01178	0.04941	0.01317	0.00802	0.07106	0.01074	0.00989	0.01369	0.01669	0.09977	0.03934	0.02807	0.34865	0.19759	0.04975	0.00727	0.00327	0.00495
15	0.00721	0.00515	0.00686	0.00823	0.00858	0.00480	0.00549	0.00823	0.01132	0.01510	0.03259	0.78831	0.03911	0.01853	0.00755	0.00240	0.00343	0.01681	0.00549	0.00480
16	0.00750	0.00554	0.00701	0.00764	0.00855	0.00505	0.00535	0.00910	0.01321	0.01768	0.24032	0.45648	0.16260	0.01612	0.00729	0.00218	0.00318	0.01436	0.00578	0.00505
17	0.01734	0.01350	0.01447	0.01233	0.01609	0.01524	0.00978	0.20511	0.52393	0.07194	0.02159	0.02001	0.01587	0.00775	0.00599	0.00194	0.00515	0.00631	0.00607	0.00957
18	0.00879	0.00600	0.00851	0.00851	0.00915	0.00664	0.00615	0.00964	0.00900	0.01264	0.01555	0.02587	0.01556	0.21014	0.47699	0.14484	0.01176	0.00665	0.00316	0.00444
19	0.01953	0.14531	0.01892	0.01265	0.01711	0.01832	0.01061	0.44936	0.19491	0.03042	0.01554	0.01528	0.01154	0.00698	0.00559	0.00174	0.00604	0.00529	0.00538	0.00948
20	0.15900	0.01324	0.01784	0.02165	0.32807	0.01379	0.01289	0.17101	0.02800	0.11785	0.01405	0.01712	0.01106	0.00656	0.00562	0.00184	0.00612	0.04099	0.00442	0.00889
21	0.04283	0.01368	0.06831	0.02208	0.33288	0.01303	0.01355	0.14915	0.01597	0.04239	0.08184	0.06578	0.05739	0.00791	0.00673	0.00188	0.04530	0.00675	0.00420	0.00836
22	0.01192	0.02488	0.55007	0.01551	0.02268	0.01288	0.06120	0.01910	0.08746	0.01937	0.01573	0.01707	0.05695	0.00650	0.00574	0.00187	0.00769	0.00535	0.04970	0.00833
23	0.00731	0.00565	0.00667	0.00717	0.00838	0.00501	0.00509	0.00882	0.01312	0.01689	0.16325	0.36099	0.33850	0.01598	0.00722	0.00214	0.00314	0.01400	0.00566	0.00501
24	0.00902	0.00614	0.00684	0.00660	0.00845	0.00551	0.00500	0.01105	0.01383	0.05595	0.17310	0.04471	0.41824	0.01431	0.04961	0.00228	0.00375	0.01025	0.14989	0.00546
25	0.00954	0.00750	0.00848	0.00813	0.01012	0.00748	0.00624	0.01499	0.17704	0.02097	0.28461	0.05970	0.25522	0.01217	0.00670	0.00197	0.00344	0.05015	0.04933	0.00621
26	0.01125	0.00714	0.00955	0.00904	0.01003	0.00774	0.00660	0.08443	0.05759	0.01495	0.01336	0.01997	0.01235	0.04986	0.22571	0.43863	0.00821	0.00570	0.00333	0.00455
27	0.01589	0.22355	0.19772	0.01380	0.01872	0.22045	0.03639	0.02081	0.10589	0.01684	0.01348	0.01456	0.04262	0.00644	0.00562	0.00167	0.02988	0.00467	0.00325	0.00775
28	0.01349	0.26719	0.02156	0.08238	0.25312	0.05495	0.01218	0.01591	0.01278	0.01612	0.01742	0.10799	0.08630	0.00783	0.00547	0.00170	0.00624	0.00658	0.00334	0.00745
29	0.02782	0.14869	0.10677	0.02700	0.08852	0.06527	0.07087	0.05809	0.01474	0.12205	0.09093	0.08441	0.01789	0.00808	0.00589	0.00182	0.00646	0.04262	0.00432	0.00778
30	0.01729	0.05585	0.05043	0.05519	0.08793	0.13565	0.01187	0.18230	0.14922	0.05393	0.01443	0.01578	0.01116	0.00926	0.05468	0.00230	0.05661	0.00525	0.02250	0.00836
31	0.27411	0.06939	0.01596	0.01535	0.15053	0.13627	0.01040	0.14204	0.01525	0.02337	0.01254	0.01389	0.04383	0.00619	0.00493	0.00168	0.00638	0.00450	0.00382	0.04955

[dist]
# distance from previous block
# <min> <max>
12	137

[block]
# block no. 3 follows, 39 sequences, length 26
# corresponding to MSA columns:
# 765-790
name=unknown_D
#
# <colnr> <probs for GDERKNQSTAVLIFYWHMCP>
#	G	D	E	R	K	N	Q	S	T	A	V	L	I	F	Y	W	H	M	C	P
0	0.17214	0.17128	0.04566	0.01026	0.01371	0.05365	0.00883	0.13075	0.01425	0.02120	0.01611	0.13392	0.04607	0.00914	0.02109	0.00191	0.04004	0.00639	0.04138	0.04223
1	0.01216	0.01082	0.06075	0.00977	0.01292	0.00957	0.00809	0.14886	0.08457	0.02289	0.18715	0.12807	0.09802	0.04485	0.00730	0.00196	0.00454	0.00867	0.00526	0.13378
2	0.01305	0.02328	0.45292	0.01455	0.02066	0.06169	0.01634	0.10585	0.03985	0.02026	0.01558	0.15947	0.01416	0.00835	0.00601	0.00194	0.00745	0.00688	0.00364	0.00806
3	0.00721	0.00585	0.00616	0.00634	0.00788	0.00506	0.00451	0.00847	0.01261	0.01532	0.05139	0.15066	0.57171	0.10847	0.00983	0.00250	0.00338	0.01258	0.00526	0.00480
4	0.01485	0.06297	0.06275	0.08864	0.16527	0.07002	0.01236	0.10847	0.18635	0.02230	0.11181	0.01972	0.01722	0.00720	0.00584	0.00180	0.00618	0.00603	0.02196	0.00827
5	0.01786	0.01220	0.01555	0.01509	0.11631	0.02472	0.04229	0.15141	0.17669	0.18925	0.02163	0.02335	0.05426	0.00797	0.00605	0.00188	0.00557	0.04973	0.05937	0.00882
6	0.01021	0.00637	0.00804	0.00771	0.00942	0.00570	0.00574	0.01228	0.01490	0.11671	0.35453	0.20424	0.19464	0.01347	0.00697	0.00200	0.00327	0.01177	0.00618	0.00588
7	0.00756	0.00576	0.00689	0.00736	0.00849	0.00527	0.00527	0.00900	0.01248	0.01607	0.11532	0.29500	0.30370	0.08616	0.04770	0.00286	0.00414	0.05075	0.00531	0.00490
8	0.01274	0.01221	0.01636	0.01350	0.01507	0.01506	0.01117	0.01443	0.01002	0.01574	0.00858	0.01274	0.00806	0.00857	0.01492	0.00208	0.54912	0.00468	0.00286	0.25211
9	0.01075	0.00891	0.01065	0.00860	0.01239	0.00696	0.00655	0.01290	0.01198	0.01802	0.01711	0.24421	0.01783	0.00861	0.00533	0.00133	0.00410	0.00748	0.00410	0.58218
10	0.01266	0.21025	0.06385	0.01045	0.04495	0.01155	0.00874	0.01510	0.01325	0.07429	0.12498	0.12365	0.08232	0.00878	0.00551	0.00159	0.00485	0.00729	0.00432	0.17162
11	0.54343	0.01214	0.01064	0.00939	0.01303	0.01401	0.00758	0.06813	0.22441	0.02671	0.01322	0.01352	0.01002	0.00633	0.00449	0.00188	0.00473	0.00435	0.00449	0.00750
12	0.00857	0.00624	0.00884	0.00894	0.00979	0.00698	0.00672	0.01026	0.00963	0.01355	0.01768	0.03007	0.01778	0.20645	0.54623	0.00814	0.01280	0.06297	0.00344	0.00492
13	0.04660	0.01085	0.01063	0.01160	0.06995	0.11539	0.00782	0.01563	0.13900	0.01768	0.03081	0.29884	0.17696	0.01261	0.00655	0.00205	0.00491	0.01083	0.00496	0.00635
14	0.02134	0.02696	0.01683	0.06802	0.01984	0.71615	0.01177	0.02303	0.01642	0.01452	0.00924	0.01102	0.00764	0.00608	0.00537	0.00155	0.01047	0.00391	0.00302	0.00684
15	0.01464	0.01405	0.02400	0.03630	0.75528	0.01405	0.01815	0.01815	0.01347	0.01932	0.01112	0.01464	0.00937	0.00527	0.00585	0.00176	0.00703	0.00527	0.00293	0.00937
16	0.01044	0.00656	0.00823	0.00751	0.00946	0.00585	0.00574	0.01287	0.01602	0.11844	0.49895	0.04392	0.20911	0.01212	0.00684	0.00189	0.00313	0.01048	0.00638	0.00603
17	0.00785	0.00561	0.00683	0.00757	0.00862	0.00501	0.00528	0.00908	0.01225	0.04309	0.04136	0.51583	0.27620	0.01693	0.00730	0.00225	0.00335	0.01496	0.00556	0.00506
18	0.00752	0.00580	0.00686	0.00704	0.00842	0.00515	0.00511	0.00934	0.01407	0.01841	0.29069	0.23250	0.33810	0.01486	0.00712	0.00205	0.00303	0.01293	0.00584	0.00515
19	0.33944	0.00858	0.00844	0.00805	0.01040	0.00919	0.00617	0.01536	0.05630	0.06747	0.11557	0.19707	0.03741	0.01022	0.00575	0.01782	0.00395	0.00811	0.06855	0.00616
20	0.01218	0.00971	0.01078	0.00988	0.01157	0.01096	0.00715	0.06292	0.31355	0.01890	0.02065	0.06884	0.01943	0.32832	0.01678	0.00357	0.05563	0.00783	0.00477	0.00662
21	0.01952	0.14029	0.07029	0.01341	0.01775	0.22144	0.01150	0.31217	0.05900	0.02455	0.01300	0.04699	0.01055	0.00696	0.00549	0.00167	0.00753	0.00509	0.00436	0.00845
22	0.01695	0.13536	0.26161	0.01755	0.11721	0.20157	0.01548	0.13040	0.01596	0.01993	0.01053	0.01216	0.00818	0.00584	0.00536	0.00167	0.00830	0.00432	0.00322	0.00840
23	0.40684	0.05190	0.01378	0.01167	0.03391	0.24193	0.00905	0.10731	0.01464	0.04683	0.00979	0.01095	0.00761	0.00590	0.00458	0.00170	0.00680	0.00378	0.00380	0.00723
24	0.01475	0.03935	0.01951	0.02097	0.27165	0.01299	0.10107	0.07468	0.04583	0.06385	0.06489	0.01827	0.01396	0.00680	0.00698	0.00181	0.07647	0.00592	0.13216	0.00810
25	0.00792	0.00879	0.10612	0.00879	0.01072	0.00611	0.00744	0.01003	0.01260	0.01682	0.12423	0.43789	0.18984	0.01527	0.00710	0.00218	0.00396	0.01349	0.00522	0.00546

[dist]
# distance from previous block
# <min> <max>
0	1

[block]
# block no. 4 follows, 39 sequences, length 22
# corresponding to MSA columns:
# 796-804,813-825
name=unknown_E
#
# <colnr> <probs for GDERKNQSTAVLIFYWHMCP>
#	G	D	E	R	K	N	Q	S	T	A	V	L	I	F	Y	W	H	M	C	P
0	0.00718	0.00524	0.00676	0.00798	0.00851	0.00482	0.00538	0.00826	0.01156	0.01519	0.03565	0.70642	0.11902	0.01813	0.00749	0.00236	0.00338	0.01633	0.00549	0.00482
1	0.00847	0.00575	0.00808	0.00842	0.00920	0.00603	0.00614	0.00979	0.01080	0.01532	0.10266	0.24785	0.02592	0.02783	0.31864	0.11052	0.00858	0.00967	0.05548	0.00484
2	0.02209	0.02819	0.01676	0.01524	0.01828	0.76843	0.01143	0.02361	0.01676	0.01447	0.00914	0.01066	0.00762	0.00609	0.00533	0.00152	0.01066	0.00381	0.00305	0.00686
3	0.00724	0.00566	0.00657	0.00707	0.00832	0.00498	0.00502	0.00870	0.01299	0.01652	0.12971	0.35051	0.38352	0.01607	0.00721	0.00214	0.00315	0.01402	0.00561	0.00498
4	0.01689	0.01855	0.01869	0.23638	0.17735	0.30369	0.01432	0.06395	0.01488	0.01707	0.01017	0.01330	0.00822	0.00620	0.00652	0.00178	0.05681	0.00470	0.00305	0.00747
5	0.01656	0.01405	0.01772	0.01994	0.24556	0.01538	0.01254	0.19684	0.34527	0.02608	0.01768	0.01787	0.01343	0.00695	0.00594	0.00187	0.00585	0.00592	0.00503	0.00953
6	0.33677	0.01893	0.24512	0.07337	0.05727	0.05492	0.01340	0.09944	0.01350	0.02341	0.01002	0.01182	0.00749	0.00577	0.00490	0.00183	0.00680	0.00410	0.00340	0.00773
7	0.01429	0.01334	0.02185	0.02739	0.44753	0.01352	0.10440	0.06371	0.10139	0.02110	0.06013	0.05598	0.01476	0.00676	0.00617	0.00186	0.00664	0.00657	0.00384	0.00877
8	0.00855	0.00674	0.00789	0.04917	0.01082	0.00652	0.00615	0.01186	0.08215	0.01817	0.14334	0.17077	0.34222	0.01359	0.00681	0.00204	0.00357	0.04750	0.05651	0.00560
9	0.00757	0.00593	0.00685	0.00679	0.00839	0.00521	0.00503	0.00955	0.01460	0.01903	0.33824	0.12049	0.40293	0.01414	0.00704	0.00198	0.00295	0.01216	0.00590	0.00521
10	0.01188	0.01139	0.01609	0.01411	0.01436	0.01560	0.01164	0.01337	0.00916	0.01411	0.00966	0.01536	0.00941	0.01833	0.19533	0.00421	0.60162	0.00545	0.00272	0.00619
11	0.01280	0.01923	0.28258	0.07575	0.13907	0.01385	0.13191	0.01946	0.11978	0.01907	0.01538	0.01745	0.04998	0.00661	0.00680	0.00195	0.05086	0.00582	0.00334	0.00832
12	0.00826	0.00581	0.00752	0.00777	0.00823	0.00603	0.00521	0.00925	0.00988	0.01356	0.06162	0.18671	0.02501	0.37020	0.24273	0.00596	0.00809	0.00972	0.00401	0.00444
13	0.01665	0.01611	0.06466	0.22642	0.14799	0.12196	0.01406	0.17107	0.05467	0.06163	0.02668	0.01608	0.02291	0.00651	0.00585	0.00182	0.00740	0.00534	0.00397	0.00825
14	0.01576	0.00977	0.01179	0.01148	0.08135	0.01010	0.00796	0.19607	0.01622	0.12075	0.01747	0.02164	0.01417	0.12408	0.05691	0.00272	0.00566	0.00600	0.26278	0.00732
15	0.00943	0.00877	0.04776	0.01092	0.05780	0.00793	0.00807	0.03503	0.01268	0.01707	0.05950	0.30679	0.18848	0.02902	0.00854	0.00221	0.07725	0.05081	0.00479	0.05715
16	0.06561	0.20336	0.04928	0.04372	0.04805	0.13696	0.11415	0.01680	0.01327	0.01705	0.08733	0.01875	0.05217	0.01117	0.09553	0.00259	0.00823	0.00565	0.00340	0.00692
17	0.02776	0.08090	0.05334	0.01271	0.05060	0.06072	0.02595	0.19475	0.17002	0.02460	0.07112	0.01943	0.04066	0.00728	0.00554	0.00169	0.00567	0.00583	0.08193	0.05949
18	0.01446	0.05960	0.01192	0.00956	0.01227	0.08625	0.00744	0.03961	0.05598	0.16218	0.19476	0.16560	0.08624	0.01066	0.00627	0.00184	0.00470	0.00903	0.00557	0.05606
19	0.14070	0.02429	0.01283	0.01117	0.01393	0.16675	0.04415	0.05429	0.06557	0.08691	0.01943	0.14824	0.05558	0.01136	0.05402	0.00236	0.02285	0.00730	0.05143	0.00685
20	0.06395	0.01135	0.01101	0.01138	0.04954	0.13525	0.00793	0.01616	0.09007	0.06398	0.02266	0.34229	0.02385	0.04314	0.00732	0.00216	0.00534	0.03193	0.00481	0.05590
21	0.05418	0.06810	0.01622	0.09279	0.03298	0.28821	0.01093	0.05885	0.07559	0.10505	0.01368	0.01628	0.01086	0.00703	0.00632	0.00177	0.05593	0.03233	0.04542	0.00751

[dist]
# distance from previous block
# <min> <max>
5	107

[block]
# block no. 5 follows, 39 sequences, length 6
# corresponding to MSA columns:
# 963-968
name=unknown_F
#
# <colnr> <probs for GDERKNQSTAVLIFYWHMCP>
#	G	D	E	R	K	N	Q	S	T	A	V	L	I	F	Y	W	H	M	C	P
0	0.01428	0.01160	0.01487	0.01806	0.25002	0.05776	0.01067	0.01923	0.14543	0.10293	0.09615	0.02700	0.11078	0.08513	0.00850	0.00223	0.00555	0.00729	0.00473	0.00779
1	0.01008	0.00737	0.00847	0.00831	0.01017	0.00724	0.00654	0.08248	0.04478	0.02031	0.13678	0.08970	0.24734	0.04487	0.00775	0.00222	0.00401	0.15823	0.09753	0.00583
2	0.01358	0.00861	0.01057	0.00999	0.01245	0.00861	0.00807	0.05172	0.14773	0.15645	0.11262	0.10428	0.11131	0.01229	0.00694	0.00218	0.00453	0.20490	0.00605	0.00713
3	0.01960	0.01308	0.01948	0.01480	0.01944	0.01296	0.19471	0.17694	0.11862	0.26733	0.02084	0.02035	0.05868	0.00725	0.00628	0.00189	0.00644	0.00659	0.00562	0.00912
4	0.05626	0.01149	0.01338	0.04590	0.09805	0.04434	0.00948	0.19937	0.05273	0.05021	0.08211	0.20546	0.05735	0.01023	0.00625	0.00192	0.00527	0.00873	0.00510	0.03637
5	0.06621	0.01229	0.05507	0.04442	0.05670	0.01254	0.00965	0.09747	0.31965	0.04616	0.01886	0.01917	0.01420	0.00710	0.00539	0.00180	0.00493	0.00576	0.19439	0.00823

[dist]
# distance from previous block
# <min> <max>
1	2

[block]
# block no. 6 follows, 39 sequences, length 45
# corresponding to MSA columns:
# 971-990,993-1017
name=unknown_G
#
# <colnr> <probs for GDERKNQSTAVLIFYWHMCP>
#	G	D	E	R	K	N	Q	S	T	A	V	L	I	F	Y	W	H	M	C	P
0	0.01541	0.01663	0.11945	0.02205	0.26310	0.04512	0.04882	0.17030	0.01581	0.02194	0.02959	0.05434	0.01154	0.00738	0.00814	0.00195	0.13040	0.00589	0.00368	0.00848
1	0.01802	0.01828	0.01663	0.03571	0.11484	0.27124	0.01111	0.16727	0.01716	0.02125	0.01089	0.01252	0.00869	0.00569	0.00526	0.00143	0.00741	0.00426	0.00375	0.24860
2	0.15255	0.42454	0.13197	0.04700	0.01734	0.03199	0.01140	0.01888	0.01232	0.08995	0.01018	0.01131	0.00808	0.00549	0.00438	0.00154	0.00641	0.00373	0.00320	0.00774
3	0.01123	0.01512	0.25395	0.01176	0.01634	0.00908	0.06797	0.01512	0.01430	0.08665	0.20541	0.03287	0.21636	0.00976	0.00645	0.00191	0.00554	0.00839	0.00474	0.00704
4	0.00781	0.00584	0.00721	0.00725	0.00854	0.00528	0.00527	0.00987	0.01468	0.01985	0.42440	0.20435	0.21404	0.02936	0.00755	0.00208	0.00303	0.01236	0.00600	0.00524
5	0.17453	0.00878	0.00985	0.00828	0.01146	0.00864	0.00667	0.03740	0.01408	0.32323	0.01862	0.01874	0.01315	0.00778	0.02480	0.00187	0.00446	0.00527	0.29475	0.00764
6	0.00749	0.00598	0.00662	0.00651	0.00819	0.00520	0.00481	0.00931	0.01421	0.01813	0.27049	0.07000	0.48729	0.04983	0.00806	0.00214	0.00307	0.01186	0.00572	0.00510
7	0.43225	0.00914	0.00858	0.00770	0.01060	0.00971	0.00614	0.01554	0.01295	0.08762	0.22510	0.02595	0.11112	0.00865	0.00519	0.00186	0.00392	0.00667	0.00500	0.00632
8	0.01198	0.00983	0.01127	0.01052	0.01271	0.01128	0.00799	0.02201	0.42197	0.01961	0.02083	0.02465	0.01752	0.12410	0.24174	0.00479	0.00822	0.00684	0.00482	0.00734
9	0.05475	0.01455	0.01758	0.08689	0.12786	0.07159	0.05741	0.26042	0.10303	0.04527	0.01512	0.05417	0.01235	0.04407	0.00706	0.00203	0.00672	0.00609	0.00459	0.00845
10	0.01893	0.03536	0.01664	0.01376	0.03798	0.14288	0.04480	0.30474	0.17273	0.04505	0.01581	0.01617	0.01182	0.00690	0.00566	0.00174	0.00659	0.00541	0.08831	0.00873
11	0.50751	0.01817	0.01194	0.01078	0.01419	0.31691	0.00842	0.01989	0.01276	0.02168	0.00860	0.01003	0.00689	0.00573	0.00433	0.00171	0.00702	0.00345	0.00341	0.00659
12	0.01122	0.05474	0.35436	0.16452	0.05347	0.01234	0.01649	0.01596	0.01199	0.01689	0.01339	0.02014	0.01145	0.01314	0.13305	0.00321	0.00926	0.07405	0.00294	0.00739
13	0.00756	0.00571	0.00699	0.00731	0.00850	0.00514	0.00524	0.00936	0.01389	0.01845	0.29929	0.31198	0.24866	0.01520	0.00718	0.00209	0.00308	0.01338	0.00586	0.00514
14	0.04644	0.00842	0.01122	0.01011	0.01221	0.00905	0.00799	0.06981	0.01313	0.18472	0.05688	0.10419	0.01838	0.02504	0.33978	0.00529	0.05849	0.00733	0.00472	0.00680
15	0.00806	0.00661	0.00719	0.00702	0.00893	0.00606	0.00526	0.01131	0.08525	0.01853	0.21108	0.08887	0.48689	0.01384	0.00692	0.00199	0.00314	0.01174	0.00577	0.00554
16	0.00864	0.00601	0.00730	0.00745	0.00881	0.00542	0.00541	0.01031	0.01350	0.05620	0.21335	0.25000	0.26249	0.07371	0.00889	0.00238	0.00349	0.04569	0.00569	0.00526
17	0.01662	0.60676	0.02765	0.01135	0.01572	0.12648	0.01056	0.03591	0.01283	0.01459	0.00846	0.01004	0.00767	0.00568	0.00532	0.00142	0.06934	0.00347	0.00269	0.00746
18	0.00804	0.00658	0.00720	0.00733	0.00908	0.00610	0.00542	0.01124	0.09349	0.01738	0.10214	0.20169	0.45782	0.01475	0.00702	0.00209	0.00331	0.02821	0.00562	0.00549
19	0.01518	0.03965	0.29847	0.07983	0.16117	0.09964	0.01611	0.01950	0.01391	0.10960	0.05816	0.01604	0.01198	0.00626	0.00569	0.00178	0.00752	0.00513	0.02607	0.00832
20	0.01590	0.01547	0.01989	0.18662	0.35941	0.13408	0.01521	0.10781	0.01538	0.02002	0.01144	0.01453	0.00912	0.00584	0.00571	0.00175	0.00753	0.00505	0.04097	0.00828
21	0.01613	0.75628	0.03026	0.01038	0.01534	0.06169	0.01019	0.01801	0.01226	0.01394	0.00827	0.00955	0.00759	0.00511	0.00387	0.00128	0.00655	0.00320	0.00256	0.00755
22	0.01184	0.04741	0.44961	0.01730	0.03930	0.01298	0.16884	0.01729	0.01299	0.01847	0.03889	0.04494	0.05741	0.00702	0.00613	0.00193	0.00806	0.02847	0.00312	0.00799
23	0.00845	0.00650	0.00745	0.00753	0.00906	0.00595	0.00547	0.04705	0.01332	0.01713	0.08804	0.25891	0.32759	0.09038	0.00929	0.00245	0.00374	0.04862	0.00531	0.03775
24	0.00748	0.00550	0.00702	0.00772	0.00856	0.00503	0.00538	0.00904	0.01305	0.01750	0.22684	0.49085	0.14157	0.01634	0.00732	0.00220	0.00320	0.01460	0.00576	0.00503
25	0.22759	0.00800	0.00908	0.00896	0.01074	0.00892	0.00685	0.05659	0.01128	0.01895	0.01827	0.22657	0.01887	0.02475	0.31248	0.00507	0.00891	0.00828	0.00410	0.00574
26	0.15415	0.01700	0.12385	0.01441	0.01953	0.01571	0.11233	0.31081	0.11022	0.04409	0.01381	0.01454	0.01003	0.00645	0.00566	0.00186	0.00673	0.00525	0.00469	0.00888
27	0.01081	0.00893	0.01340	0.03659	0.29044	0.00897	0.00958	0.01233	0.01078	0.01488	0.01696	0.10200	0.01830	0.40050	0.01816	0.00382	0.00605	0.00806	0.00350	0.00596
28	0.01917	0.02118	0.09162	0.05737	0.08417	0.31734	0.09472	0.09880	0.04591	0.09491	0.01244	0.01385	0.00932	0.00615	0.00577	0.00173	0.00868	0.00492	0.00382	0.00814
29	0.00911	0.00808	0.01037	0.00984	0.01070	0.00935	0.00763	0.01048	0.01162	0.01560	0.07423	0.23524	0.27647	0.01421	0.01127	0.00229	0.26236	0.01109	0.00458	0.00547
30	0.01594	0.01268	0.01537	0.01309	0.01554	0.01508	0.01076	0.26691	0.10973	0.04315	0.01577	0.02123	0.01347	0.01365	0.10455	0.00308	0.22270	0.07470	0.00465	0.00793
31	0.01309	0.01012	0.01463	0.01562	0.14726	0.00936	0.04365	0.04442	0.01405	0.07206	0.02011	0.03539	0.01951	0.00969	0.00646	0.00193	0.00567	0.29050	0.00453	0.22195
32	0.01845	0.05851	0.13904	0.01832	0.10559	0.26734	0.12137	0.05017	0.01538	0.11699	0.01221	0.01379	0.00917	0.00661	0.01972	0.00186	0.00880	0.00490	0.00360	0.00818
33	0.01457	0.20815	0.11345	0.01996	0.02588	0.05290	0.44418	0.01884	0.01346	0.01748	0.01077	0.01374	0.00841	0.00513	0.00597	0.00178	0.00898	0.00561	0.00283	0.00791
34	0.24068	0.32795	0.02226	0.08862	0.11589	0.04784	0.04865	0.01773	0.01194	0.01851	0.00907	0.01120	0.00760	0.00533	0.00447	0.00160	0.00645	0.00388	0.00295	0.00739
35	0.11756	0.01251	0.08263	0.03890	0.11321	0.01146	0.06507	0.06787	0.03196	0.05921	0.01497	0.07722	0.01360	0.12189	0.02729	0.00260	0.04680	0.00644	0.04152	0.04732
36	0.01126	0.00736	0.00893	0.00770	0.01037	0.00625	0.00596	0.01359	0.01509	0.12765	0.32571	0.03899	0.24029	0.01093	0.00640	0.00173	0.00344	0.00931	0.00584	0.14320
37	0.01547	0.01232	0.01430	0.06192	0.07235	0.01375	0.01014	0.21238	0.31684	0.02583	0.02009	0.09741	0.01654	0.00842	0.00597	0.00191	0.00526	0.00707	0.07346	0.00858
38	0.01783	0.01118	0.01212	0.00992	0.01320	0.01192	0.00799	0.32545	0.06478	0.10836	0.01784	0.01848	0.01310	0.00710	0.00521	0.00164	0.00473	0.00555	0.33542	0.00819
39	0.00812	0.00592	0.00774	0.00830	0.00942	0.00555	0.00631	0.01021	0.01403	0.01891	0.29868	0.28367	0.11637	0.01533	0.00742	0.00223	0.00359	0.16710	0.00585	0.00525
40	0.01980	0.01617	0.01805	0.04462	0.01925	0.16125	0.10579	0.25870	0.01944	0.15273	0.05372	0.05616	0.01398	0.00754	0.00639	0.00183	0.02493	0.00622	0.00502	0.00843
41	0.00860	0.00573	0.00645	0.00645	0.00645	0.00573	0.00358	0.00860	0.00860	0.01147	0.01863	0.03870	0.02150	0.79217	0.03010	0.00573	0.00573	0.00860	0.00358	0.00358
42	0.00950	0.00748	0.01162	0.14308	0.01614	0.00815	0.05301	0.01229	0.01236	0.01769	0.21007	0.02732	0.02430	0.04258	0.29350	0.00482	0.00910	0.00732	0.08393	0.00573
43	0.01638	0.03392	0.01440	0.03660	0.01610	0.26645	0.00981	0.12328	0.13307	0.01952	0.01539	0.07442	0.01344	0.01463	0.15004	0.00320	0.00910	0.00597	0.00414	0.04014
44	0.01273	0.37269	0.09291	0.01067	0.01446	0.01582	0.01021	0.04365	0.01168	0.01524	0.01176	0.01549	0.01057	0.02099	0.31163	0.00466	0.01039	0.00464	0.00292	0.00687

[dist]
# distance from previous block
# <min> <max>
0	45

[block]
# block no. 7 follows, 39 sequences, length 24
# corresponding to MSA columns:
# 1063-1086
name=unknown_H
#
# <colnr> <probs for GDERKNQSTAVLIFYWHMCP>
#	G	D	E	R	K	N	Q	S	T	A	V	L	I	F	Y	W	H	M	C	P
0	0.01363	0.01188	0.01424	0.12684	0.15112	0.10352	0.01081	0.03811	0.01474	0.07786	0.12459	0.02920	0.13443	0.00892	0.00621	0.00183	0.00591	0.05942	0.00447	0.06226
1	0.01715	0.01607	0.20155	0.01198	0.01696	0.02986	0.01173	0.15384	0.01625	0.19755	0.01626	0.04384	0.01217	0.00925	0.05412	0.00219	0.00672	0.00551	0.08900	0.08801
2	0.00980	0.00668	0.00812	0.00773	0.00958	0.00622	0.00583	0.01266	0.05421	0.08658	0.29592	0.11963	0.27164	0.01531	0.06070	0.00251	0.00415	0.01094	0.00589	0.00590
3	0.00717	0.00555	0.00654	0.00724	0.00834	0.00492	0.00507	0.00849	0.01251	0.01590	0.07994	0.43988	0.34393	0.01670	0.00728	0.00220	0.00321	0.01466	0.00554	0.00492
4	0.00770	0.00562	0.00716	0.00760	0.00852	0.00517	0.00533	0.00942	0.01356	0.01841	0.31646	0.38358	0.12373	0.04952	0.00825	0.00229	0.00323	0.01358	0.00581	0.00507
5	0.01265	0.00950	0.01072	0.00948	0.01193	0.00978	0.00732	0.24073	0.05129	0.02500	0.22161	0.17378	0.16815	0.01206	0.00670	0.00197	0.00421	0.01028	0.00592	0.00691
6	0.79004	0.01136	0.00897	0.00793	0.01164	0.01302	0.00653	0.01801	0.01044	0.06638	0.00906	0.01018	0.00685	0.00559	0.00378	0.00183	0.00460	0.00335	0.00386	0.00660
7	0.07677	0.01094	0.01198	0.01042	0.01380	0.01183	0.00823	0.02724	0.41070	0.20115	0.02205	0.02069	0.01597	0.00751	0.00556	0.00186	0.00448	0.00609	0.12397	0.00876
8	0.01336	0.02144	0.37530	0.04881	0.07797	0.05408	0.03419	0.06488	0.04061	0.04150	0.01364	0.07447	0.01141	0.00958	0.05604	0.00242	0.04302	0.00584	0.00336	0.00809
9	0.01810	0.02032	0.01615	0.01464	0.03190	0.42253	0.04393	0.10564	0.01621	0.01760	0.01341	0.09574	0.01258	0.01096	0.06597	0.00239	0.05678	0.02454	0.00369	0.00695
10	0.83394	0.01144	0.00869	0.00778	0.01144	0.01327	0.00640	0.01738	0.01006	0.02653	0.00823	0.00961	0.00640	0.00549	0.00366	0.00183	0.00457	0.00320	0.00366	0.00640
11	0.01513	0.41920	0.05877	0.02193	0.34151	0.01888	0.01415	0.01795	0.01267	0.01650	0.00960	0.01188	0.00837	0.00518	0.00478	0.00151	0.00674	0.00414	0.00270	0.00842
12	0.00721	0.00565	0.00653	0.00705	0.00831	0.00497	0.00500	0.00864	0.01291	0.01635	0.11474	0.35470	0.39463	0.01615	0.00722	0.00215	0.00315	0.01408	0.00559	0.00497
13	0.00760	0.00568	0.00705	0.00741	0.00854	0.00514	0.00529	0.00940	0.01387	0.01855	0.31068	0.33793	0.21067	0.01527	0.00720	0.00210	0.00309	0.01350	0.00588	0.00514
14	0.00867	0.00622	0.00843	0.00910	0.01029	0.00598	0.00730	0.01111	0.01438	0.01950	0.30441	0.18887	0.04319	0.01513	0.00760	0.00234	0.00408	0.32214	0.00586	0.00538
15	0.00855	0.00556	0.00678	0.00689	0.00760	0.00519	0.00460	0.00821	0.01016	0.01286	0.03082	0.09567	0.26918	0.18670	0.01791	0.30182	0.00440	0.00931	0.00402	0.00379
16	0.01882	0.36010	0.02364	0.01445	0.07419	0.29606	0.01136	0.10525	0.01575	0.01732	0.00950	0.01088	0.00803	0.00570	0.00477	0.00146	0.00800	0.00382	0.00315	0.00775
17	0.01006	0.00950	0.07183	0.01175	0.06938	0.00794	0.00854	0.07761	0.03244	0.01826	0.02590	0.52743	0.02919	0.01428	0.00688	0.00215	0.00452	0.01279	0.00498	0.05457
18	0.01549	0.14659	0.16830	0.02099	0.26543	0.12066	0.01496	0.03895	0.03607	0.04559	0.01265	0.06523	0.01094	0.00652	0.00552	0.00172	0.00736	0.00539	0.00331	0.00834
19	0.15349	0.01962	0.11053	0.01768	0.15945	0.20966	0.01299	0.15739	0.04910	0.02275	0.01134	0.01293	0.00882	0.00685	0.02128	0.00190	0.00776	0.00453	0.00374	0.00819
20	0.19359	0.01163	0.01067	0.00932	0.01212	0.07754	0.00712	0.13632	0.06635	0.07586	0.02315	0.02662	0.14966	0.16339	0.01036	0.00261	0.00541	0.00684	0.00474	0.00671
21	0.01566	0.07541	0.02176	0.20816	0.07756	0.11322	0.17933	0.04504	0.06852	0.07385	0.01311	0.01565	0.00992	0.00597	0.00583	0.00180	0.00777	0.00548	0.04822	0.00774
22	0.00923	0.00657	0.00866	0.00846	0.00959	0.00698	0.00621	0.01180	0.05370	0.03650	0.15448	0.05981	0.05083	0.19642	0.34739	0.00610	0.00938	0.00824	0.00432	0.00531
23	0.00826	0.00598	0.00724	0.00743	0.00786	0.00603	0.00485	0.00900	0.01040	0.01390	0.07752	0.22398	0.10228	0.40386	0.04759	0.00426	0.03986	0.01093	0.00440	0.00436

[dist]
# distance from previous block
# <min> <max>
0	1

[block]
# block no. 8 follows, 39 sequences, length 7
# corresponding to MSA columns:
