[name]
unknown

[dist]
# distance from previous block
# <min> <max>
7	71

[block]
# block no. 0 follows, 48 sequences, length 74
# corresponding to MSA columns:
# 75-148
name=unknown_A
#
# <colnr> <probs for GDERKNQSTAVLIFYWHMCP>
#	G	D	E	R	K	N	Q	S	T	A	V	L	I	F	Y	W	H	M	C	P
0	0.08119	0.21812	0.11239	0.01069	0.01470	0.08091	0.00985	0.12751	0.21678	0.04524	0.01229	0.01250	0.00942	0.00565	0.00470	0.00149	0.02144	0.00412	0.00367	0.00734
1	0.01021	0.00675	0.00827	0.00713	0.00924	0.00627	0.00554	0.07455	0.01418	0.08374	0.43970	0.02860	0.04810	0.00948	0.03219	0.00168	0.00341	0.00721	0.08937	0.11437
2	0.01287	0.22621	0.31940	0.01437	0.07773	0.04928	0.08202	0.04017	0.01158	0.05283	0.00930	0.01088	0.00718	0.00491	0.00496	0.00147	0.03337	0.00386	0.00259	0.03501
3	0.01095	0.22315	0.56492	0.01281	0.01925	0.01362	0.01575	0.01559	0.01068	0.01506	0.00961	0.04903	0.00784	0.00529	0.00456	0.00152	0.00684	0.00405	0.00230	0.00717
4	0.00698	0.00521	0.00649	0.00622	0.00751	0.00471	0.00465	0.00912	0.01379	0.01896	0.60995	0.06603	0.19907	0.01119	0.00607	0.00165	0.00248	0.00977	0.00544	0.00471
5	0.00788	0.00492	0.00657	0.00728	0.00798	0.00453	0.00503	0.00899	0.01061	0.08597	0.08171	0.68635	0.03300	0.01477	0.00638	0.00200	0.00307	0.01333	0.00497	0.00464
6	0.02314	0.02881	0.10583	0.30627	0.26770	0.04983	0.01411	0.01619	0.08239	0.02596	0.01037	0.01316	0.00807	0.00517	0.00523	0.00162	0.02196	0.00448	0.00270	0.00698
7	0.01335	0.01036	0.04878	0.01172	0.01366	0.01131	0.06364	0.03046	0.03789	0.19234	0.03379	0.04289	0.01168	0.04370	0.09110	0.00269	0.32515	0.00547	0.00364	0.00639
8	0.00753	0.00581	0.00797	0.00804	0.00861	0.00653	0.00597	0.00889	0.00947	0.01341	0.09628	0.30217	0.03606	0.07184	0.24708	0.00406	0.11432	0.00913	0.03232	0.00451
9	0.09166	0.13377	0.12474	0.09869	0.15192	0.14436	0.06371	0.06554	0.01242	0.05383	0.00938	0.01120	0.00729	0.00495	0.00462	0.00149	0.00668	0.00395	0.00284	0.00696
10	0.01073	0.00790	0.04644	0.00797	0.01020	0.00709	0.00653	0.04838	0.11705	0.12060	0.51188	0.03057	0.03562	0.00902	0.00573	0.00162	0.00328	0.00781	0.00549	0.00609
11	0.01455	0.43576	0.02063	0.04860	0.01489	0.15164	0.02037	0.06987	0.11156	0.01512	0.00986	0.01084	0.00815	0.00515	0.00423	0.00131	0.01734	0.00359	0.02984	0.00671
12	0.05153	0.00929	0.11349	0.00985	0.06334	0.00691	0.00788	0.01315	0.01133	0.14413	0.07241	0.30281	0.04381	0.00972	0.00541	0.00169	0.00404	0.00848	0.06372	0.05701
13	0.01309	0.29606	0.18737	0.03953	0.07172	0.11855	0.03046	0.01677	0.06205	0.02773	0.04674	0.01201	0.00948	0.00512	0.00438	0.00137	0.00627	0.00389	0.00276	0.04465
14	0.01083	0.00988	0.01402	0.21442	0.22149	0.04462	0.01102	0.04978	0.06436	0.01657	0.13169	0.01963	0.05239	0.00981	0.08535	0.00229	0.02641	0.00571	0.00338	0.00635
15	0.81559	0.01014	0.00792	0.00699	0.01021	0.01172	0.00576	0.05151	0.00947	0.02347	0.00739	0.00853	0.00571	0.00483	0.00327	0.00159	0.00405	0.00287	0.00327	0.00571
16	0.00689	0.00494	0.00641	0.00737	0.00785	0.00473	0.00500	0.04396	0.01051	0.01403	0.02751	0.77756	0.03272	0.01560	0.00648	0.00206	0.00311	0.01411	0.00478	0.00439
17	0.01564	0.11907	0.01580	0.04052	0.06724	0.09069	0.00942	0.33202	0.09661	0.02249	0.02426	0.05130	0.01059	0.00613	0.00482	0.00145	0.00555	0.00479	0.00406	0.07755
18	0.03440	0.16985	0.12313	0.02566	0.14782	0.13972	0.01112	0.05449	0.05913	0.09579	0.01196	0.06293	0.01000	0.00668	0.02434	0.00165	0.00632	0.00466	0.00328	0.00706
19	0.12627	0.06911	0.29005	0.04118	0.11747	0.08333	0.01304	0.09047	0.01245	0.05958	0.00963	0.01102	0.00721	0.00499	0.00455	0.00150	0.00637	0.00379	0.00295	0.04503
20	0.01149	0.04286	0.22054	0.01575	0.03550	0.01134	0.32232	0.01639	0.06449	0.05431	0.13717	0.01737	0.01480	0.00575	0.00554	0.00165	0.00669	0.00579	0.00333	0.00693
21	0.01076	0.00592	0.00768	0.00711	0.00886	0.00528	0.00537	0.01257	0.01308	0.20855	0.32088	0.21780	0.13350	0.01111	0.00595	0.00173	0.00306	0.00971	0.00550	0.00558
22	0.01460	0.08480	0.15469	0.07952	0.01623	0.04327	0.03564	0.04487	0.05447	0.24199	0.04669	0.05505	0.04781	0.00663	0.00501	0.00157	0.00531	0.00546	0.04930	0.00708
23	0.01125	0.10923	0.24493	0.05677	0.21615	0.01255	0.14016	0.01494	0.01099	0.01536	0.01090	0.08392	0.00962	0.00581	0.00553	0.00162	0.03538	0.00528	0.00258	0.00703
24	0.00958	0.00892	0.01448	0.59464	0.02892	0.01131	0.01280	0.01248	0.00967	0.01285	0.00942	0.01422	0.00763	0.01010	0.11288	0.00266	0.11489	0.00468	0.00234	0.00554
25	0.00887	0.00770	0.01126	0.29585	0.08256	0.00858	0.00945	0.01269	0.11302	0.01458	0.02052	0.30352	0.07126	0.00978	0.00571	0.00183	0.00474	0.00874	0.00375	0.00558
26	0.01033	0.01641	0.33806	0.08850	0.12743	0.01042	0.09300	0.01456	0.02229	0.03066	0.01432	0.10707	0.02892	0.00706	0.00546	0.00175	0.00644	0.06760	0.00296	0.00676
27	0.00945	0.00840	0.01376	0.16957	0.15857	0.00896	0.08078	0.01173	0.01071	0.02979	0.05815	0.24750	0.06144	0.01027	0.03348	0.00204	0.06798	0.00822	0.00348	0.00571
28	0.00751	0.00539	0.00694	0.00692	0.00724	0.00588	0.00467	0.00822	0.00789	0.01091	0.01573	0.07880	0.01719	0.47432	0.27890	0.00574	0.04377	0.00714	0.00306	0.00377
29	0.85592	0.00992	0.00754	0.00675	0.00992	0.01151	0.00556	0.01508	0.00873	0.02302	0.00714	0.00834	0.00556	0.00476	0.00318	0.00159	0.00397	0.00278	0.00318	0.00556
30	0.01148	0.00872	0.01198	0.11266	0.13618	0.00847	0.00861	0.08873	0.01203	0.07903	0.01542	0.20334	0.01507	0.06342	0.00659	0.00175	0.00466	0.00683	0.00375	0.20128
31	0.01811	0.02269	0.01470	0.01325	0.01554	0.69462	0.01009	0.01940	0.01365	0.01253	0.00777	0.00952	0.00663	0.00578	0.00625	0.00144	0.11606	0.00346	0.00259	0.00590
32	0.01201	0.02078	0.50907	0.01315	0.01906	0.01181	0.01523	0.11893	0.08824	0.04505	0.01288	0.01662	0.01014	0.00620	0.00517	0.00169	0.00659	0.07656	0.00326	0.00755
33	0.00641	0.00453	0.00591	0.00694	0.00720	0.00428	0.00454	0.00719	0.00951	0.01268	0.02667	0.71195	0.03190	0.12323	0.00916	0.00247	0.00324	0.01364	0.00454	0.00403
34	0.01168	0.09499	0.40308	0.01460	0.08046	0.01150	0.09130	0.01589	0.01137	0.07922	0.03903	0.06467	0.01060	0.00575	0.00499	0.00157	0.00646	0.00496	0.00292	0.04498
35	0.01057	0.01211	0.11977	0.01501	0.11819	0.01102	0.12370	0.04701	0.01211	0.01735	0.23288	0.02023	0.03189	0.00752	0.00826	0.00177	0.19468	0.00613	0.00348	0.00630
36	0.04863	0.03540	0.46031	0.01431	0.07844	0.01146	0.04034	0.01575	0.03592	0.01658	0.00940	0.01118	0.00713	0.00490	0.00524	0.00150	0.04573	0.00383	0.00251	0.15144
37	0.01282	0.01632	0.26255	0.02016	0.32588	0.01167	0.02830	0.05415	0.07543	0.06972	0.01126	0.01282	0.00853	0.00500	0.00497	0.00153	0.00615	0.00439	0.00306	0.06528
38	0.25508	0.01161	0.01743	0.02394	0.53003	0.01203	0.04653	0.01559	0.01085	0.01855	0.00896	0.01150	0.00737	0.00462	0.00458	0.00155	0.00560	0.00412	0.00273	0.00733
39	0.01234	0.01232	0.09224	0.02361	0.50611	0.01087	0.01350	0.01615	0.06560	0.06979	0.01501	0.06761	0.05976	0.00617	0.00523	0.00160	0.00555	0.00567	0.00324	0.00762
40	0.21685	0.01306	0.01325	0.01050	0.01430	0.01463	0.00863	0.53428	0.07889	0.02929	0.01176	0.01191	0.00851	0.00589	0.00468	0.00157	0.00513	0.00428	0.00468	0.00793
41	0.00643	0.00491	0.00604	0.00663	0.00756	0.00452	0.00477	0.00771	0.01078	0.01391	0.08792	0.40632	0.28985	0.01612	0.06213	0.00238	0.00365	0.04937	0.00468	0.00433
42	0.00721	0.00484	0.00647	0.04250	0.00818	0.00477	0.00480	0.00751	0.00890	0.01183	0.03788	0.41488	0.03865	0.19815	0.01337	0.15675	0.00388	0.02191	0.00383	0.00367
43	0.01274	0.01785	0.29057	0.01624	0.05292	0.06186	0.24223	0.05318	0.01218	0.07100	0.02923	0.01376	0.00897	0.03441	0.00682	0.00179	0.05934	0.00492	0.00290	0.00709
44	0.00625	0.00447	0.00595	0.00714	0.00744	0.00417	0.00476	0.00714	0.00982	0.01310	0.02828	0.81633	0.03394	0.01608	0.00655	0.00208	0.00298	0.01459	0.00476	0.00417
45	0.00635	0.00513	0.00530	0.00534	0.00668	0.00445	0.00377	0.00738	0.01080	0.01307	0.04414	0.07150	0.60971	0.17207	0.01003	0.00238	0.00308	0.01029	0.00444	0.00409
46	0.00632	0.00464	0.00589	0.00676	0.00734	0.00426	0.00460	0.00736	0.01039	0.01366	0.08350	0.62655	0.15188	0.03253	0.00686	0.00206	0.00292	0.01348	0.00479	0.00422
47	0.05632	0.02048	0.27363	0.01321	0.01803	0.25121	0.06148	0.10728	0.01402	0.12097	0.01064	0.01149	0.00766	0.00531	0.00486	0.00152	0.00733	0.00402	0.00330	0.00723
48	0.01211	0.01384	0.03028	0.02163	0.02682	0.01298	0.76903	0.01644	0.01211	0.01644	0.01038	0.01384	0.00779	0.00433	0.00606	0.00173	0.00865	0.00606	0.00260	0.00692
49	0.00742	0.00496	0.00561	0.00565	0.00566	0.00495	0.00316	0.00745	0.00754	0.01006	0.01658	0.06004	0.01917	0.79251	0.02545	0.00488	0.00491	0.00770	0.00316	0.00314
50	0.01354	0.52635	0.03984	0.01285	0.01741	0.06742	0.22758	0.01601	0.01118	0.01343	0.00815	0.00995	0.00693	0.00444	0.00420	0.00130	0.00667	0.00375	0.00234	0.00666
51	0.01372	0.82276	0.02689	0.00878	0.01317	0.02030	0.00878	0.01536	0.01043	0.01207	0.00713	0.00823	0.00658	0.00439	0.00329	0.00110	0.00549	0.00274	0.00219	0.00658
52	0.00640	0.00457	0.00612	0.00731	0.00767	0.00429	0.00501	0.00739	0.00997	0.01326	0.02820	0.76200	0.03362	0.01594	0.00659	0.00210	0.00310	0.06749	0.00476	0.00421
53	0.00625	0.00447	0.00595	0.00714	0.00744	0.00417	0.00476	0.00714	0.00982	0.01310	0.02828	0.81633	0.03394	0.01608	0.00655	0.00208	0.00298	0.01459	0.00476	0.00417
54	0.00726	0.00524	0.00686	0.00646	0.00767	0.00484	0.00484	0.00968	0.01452	0.02058	0.78496	0.03833	0.04841	0.01049	0.00605	0.00161	0.00242	0.00928	0.00565	0.00484
55	0.01139	0.01085	0.01846	0.36934	0.46006	0.01185	0.01510	0.01460	0.01106	0.01517	0.00942	0.01313	0.00757	0.00481	0.00510	0.00160	0.00642	0.00457	0.00243	0.00707
56	0.00606	0.00520	0.00520	0.00520	0.00693	0.00433	0.00390	0.00736	0.01170	0.01386	0.05198	0.04938	0.78558	0.01299	0.00606	0.00173	0.00260	0.01083	0.00476	0.00433
57	0.00625	0.00447	0.00595	0.00714	0.00744	0.00417	0.00476	0.00714	0.00982	0.01310	0.02828	0.81633	0.03394	0.01608	0.00655	0.00208	0.00298	0.01459	0.00476	0.00417
58	0.00625	0.00447	0.00595	0.00714	0.00744	0.00417	0.00476	0.00714	0.00982	0.01310	0.02828	0.81633	0.03394	0.01608	0.00655	0.00208	0.00298	0.01459	0.00476	0.00417
59	0.27537	0.00854	0.00902	0.00819	0.01061	0.00902	0.00639	0.14367	0.01272	0.13324	0.01775	0.28431	0.01752	0.00937	0.00507	0.00177	0.00401	0.03279	0.00456	0.00607
60	0.02302	0.00873	0.01191	0.00913	0.01310	0.00754	0.00754	0.02501	0.01469	0.79122	0.02024	0.01746	0.01270	0.00635	0.00516	0.00159	0.00437	0.00516	0.00635	0.00873
61	0.02302	0.00873	0.01191	0.00913	0.01310	0.00754	0.00754	0.02501	0.01469	0.79122	0.02024	0.01746	0.01270	0.00635	0.00516	0.00159	0.00437	0.00516	0.00635	0.00873
62	0.00702	0.00504	0.00607	0.00608	0.00683	0.00472	0.00411	0.00826	0.01111	0.01502	0.31830	0.14236	0.14365	0.28411	0.01288	0.00283	0.00338	0.00960	0.00455	0.00409
63	0.00677	0.00525	0.00621	0.00625	0.00764	0.00469	0.00478	0.00859	0.01268	0.01653	0.32672	0.09013	0.37963	0.01235	0.00620	0.00178	0.00278	0.09136	0.00510	0.00456
64	0.01951	0.01437	0.01540	0.01181	0.01591	0.01591	0.00975	0.77056	0.02412	0.03234	0.01232	0.01232	0.00873	0.00616	0.00513	0.00154	0.00565	0.00462	0.00513	0.00873
65	0.00742	0.00496	0.00561	0.00565	0.00566	0.00495	0.00316	0.00745	0.00754	0.01005	0.01656	0.05917	0.01915	0.79341	0.02548	0.00488	0.00491	0.00769	0.00316	0.00314
66	0.01116	0.00608	0.00758	0.00680	0.00865	0.00542	0.00510	0.01277	0.01261	0.22389	0.24838	0.08798	0.21055	0.11961	0.00856	0.00212	0.00337	0.00866	0.00522	0.00548
67	0.00649	0.00457	0.00588	0.00684	0.00708	0.00433	0.00443	0.00721	0.00936	0.01247	0.02588	0.66103	0.03090	0.17551	0.01043	0.00266	0.00337	0.01317	0.00443	0.00396
68	0.01754	0.00996	0.01174	0.00983	0.01323	0.01033	0.00785	0.02621	0.42256	0.38012	0.02059	0.01836	0.01428	0.00668	0.00519	0.00167	0.00420	0.00550	0.00575	0.00841
69	0.00767	0.00519	0.00650	0.00704	0.00779	0.00501	0.00486	0.00966	0.05910	0.04236	0.10286	0.53103	0.04580	0.07627	0.00768	0.00216	0.00315	0.01189	0.05937	0.00461
70	0.00815	0.00565	0.00692	0.00714	0.00809	0.00554	0.00504	0.01057	0.08479	0.04939	0.13935	0.32419	0.08281	0.17900	0.01031	0.00255	0.00356	0.05761	0.00467	0.00468
71	0.12513	0.43703	0.29091	0.01054	0.01588	0.01621	0.01189	0.01563	0.01034	0.01499	0.00786	0.00915	0.00642	0.00461	0.00383	0.00135	0.00601	0.00311	0.00232	0.00679
72	0.29101	0.06608	0.00971	0.00808	0.01061	0.05898	0.00676	0.01308	0.01105	0.01817	0.10183	0.02763	0.04329	0.00830	0.00488	0.00168	0.00439	0.22040	0.00384	0.09021
73	0.22846	0.01491	0.07616	0.01646	0.18503	0.14579	0.10010	0.03599	0.06638	0.01801	0.00946	0.01135	0.00751	0.00523	0.00539	0.00160	0.05837	0.00410	0.00293	0.00677

[dist]
# distance from previous block
# <min> <max>
0	3

[block]
# block no. 1 follows, 48 sequences, length 114
# corresponding to MSA columns:
# 152-265
name=unknown_B
#
# <colnr> <probs for GDERKNQSTAVLIFYWHMCP>
#	G	D	E	R	K	N	Q	S	T	A	V	L	I	F	Y	W	H	M	C	P
0	0.19848	0.01148	0.17427	0.03867	0.05831	0.00870	0.00912	0.01297	0.01113	0.04424	0.18257	0.02192	0.10148	0.01071	0.09267	0.00235	0.00557	0.00583	0.00366	0.00585
1	0.38289	0.01218	0.08198	0.00918	0.01281	0.06360	0.00814	0.03056	0.01147	0.27414	0.01176	0.01187	0.00819	0.00561	0.00495	0.00161	0.05430	0.00382	0.00407	0.00687
2	0.00626	0.00507	0.00557	0.00574	0.00713	0.00437	0.00419	0.00764	0.01173	0.01464	0.14844	0.19281	0.54200	0.01323	0.00615	0.00178	0.00265	0.01133	0.00489	0.00437
3	0.01606	0.01026	0.01128	0.00926	0.01234	0.01100	0.00745	0.29516	0.17978	0.14930	0.01657	0.01637	0.01199	0.00631	0.00476	0.00150	0.00426	0.00500	0.22377	0.00758
4	0.01814	0.39416	0.01947	0.00933	0.01352	0.01472	0.00843	0.12295	0.01397	0.31871	0.01296	0.01239	0.00926	0.00540	0.00427	0.00135	0.00507	0.00394	0.00422	0.00772
5	0.00744	0.00508	0.00612	0.00612	0.00630	0.00526	0.00376	0.00780	0.00762	0.01034	0.01569	0.03093	0.01750	0.66527	0.17895	0.00562	0.00671	0.00707	0.00304	0.00340
6	0.00642	0.00521	0.00569	0.00557	0.00715	0.00448	0.00418	0.00805	0.01253	0.01585	0.26863	0.04611	0.56770	0.01225	0.00606	0.00170	0.00255	0.01037	0.00503	0.00448
7	0.01029	0.02654	0.79309	0.01462	0.02221	0.01192	0.01896	0.01625	0.01083	0.01625	0.00921	0.01083	0.00650	0.00487	0.00487	0.00162	0.00758	0.00379	0.00217	0.00758
8	0.01064	0.00912	0.01064	0.00760	0.01216	0.00684	0.00608	0.01292	0.01064	0.01672	0.00912	0.01064	0.00760	0.00380	0.00380	0.00076	0.00380	0.00304	0.00304	0.85104
9	0.00643	0.00477	0.00602	0.00682	0.00755	0.00437	0.00480	0.00763	0.01076	0.01409	0.10418	0.54464	0.18639	0.01482	0.00644	0.00199	0.00295	0.05623	0.00484	0.00430
10	0.00726	0.00524	0.00686	0.00646	0.00767	0.00484	0.00484	0.00968	0.01452	0.02058	0.78496	0.03833	0.04841	0.01049	0.00605	0.00161	0.00242	0.00928	0.00565	0.00484
11	0.00606	0.00520	0.00520	0.00520	0.00693	0.00433	0.00390	0.00736	0.01170	0.01386	0.05198	0.04938	0.78558	0.01299	0.00606	0.00173	0.00260	0.01083	0.00476	0.00433
12	0.00656	0.00470	0.00623	0.00693	0.00751	0.00437	0.00479	0.00792	0.01127	0.01540	0.26089	0.57716	0.03839	0.01436	0.00640	0.00194	0.00281	0.01296	0.00504	0.00437
13	0.00706	0.00512	0.00623	0.00671	0.00763	0.00479	0.00496	0.00845	0.01088	0.01436	0.11654	0.23133	0.21373	0.13972	0.00942	0.00241	0.00346	0.16061	0.04233	0.00426
14	0.00606	0.00520	0.00520	0.00520	0.00693	0.00433	0.00390	0.00736	0.01170	0.01386	0.05198	0.04938	0.78558	0.01299	0.00606	0.00173	0.00260	0.01083	0.00476	0.00433
15	0.00625	0.00447	0.00595	0.00714	0.00744	0.00417	0.00476	0.00714	0.00982	0.01310	0.02828	0.81633	0.03394	0.01608	0.00655	0.00208	0.00298	0.01459	0.00476	0.00417
16	0.00645	0.00517	0.00551	0.00545	0.00686	0.00450	0.00393	0.00773	0.01153	0.01434	0.15973	0.04545	0.56376	0.12659	0.00890	0.00217	0.00291	0.01011	0.00467	0.00424
17	0.00728	0.00476	0.00629	0.00718	0.00777	0.00438	0.00490	0.00826	0.01021	0.06130	0.02884	0.73256	0.06625	0.01534	0.00644	0.00204	0.00305	0.01384	0.00486	0.00446
18	0.01917	0.02445	0.01454	0.01322	0.01586	0.79907	0.00991	0.02049	0.01454	0.01256	0.00793	0.00925	0.00661	0.00529	0.00463	0.00132	0.00925	0.00330	0.00264	0.00595
19	0.02302	0.00873	0.01191	0.00913	0.01310	0.00754	0.00754	0.02501	0.01469	0.79122	0.02024	0.01746	0.01270	0.00635	0.00516	0.00159	0.00437	0.00516	0.00635	0.00873
20	0.01696	0.00750	0.00967	0.00795	0.01077	0.00665	0.00622	0.03624	0.01318	0.48872	0.03832	0.07169	0.13323	0.11900	0.00825	0.00210	0.00409	0.00695	0.00553	0.00696
21	0.00726	0.00524	0.00686	0.00646	0.00767	0.00484	0.00484	0.00968	0.01452	0.02058	0.78496	0.03833	0.04841	0.01049	0.00605	0.00161	0.00242	0.00928	0.00565	0.00484
22	0.80414	0.01020	0.00803	0.00706	0.01029	0.01178	0.00582	0.06185	0.00969	0.02360	0.00746	0.00858	0.00575	0.00485	0.00330	0.00158	0.00407	0.00289	0.00330	0.00575
23	0.00719	0.00524	0.00676	0.00638	0.00762	0.00481	0.00478	0.00954	0.01435	0.02016	0.73958	0.03901	0.09405	0.01064	0.00605	0.00162	0.00243	0.00938	0.00559	0.00481
24	0.00957	0.00507	0.00722	0.00700	0.00726	0.00517	0.00478	0.05397	0.00776	0.01036	0.00912	0.01539	0.00890	0.01710	0.01913	0.79814	0.00453	0.00447	0.00241	0.00263
25	0.01211	0.01384	0.03028	0.02163	0.02682	0.01298	0.76903	0.01644	0.01211	0.01644	0.01038	0.01384	0.00779	0.00433	0.00606	0.00173	0.00865	0.00606	0.00260	0.00692
26	0.01029	0.02654	0.79309	0.01462	0.02221	0.01192	0.01896	0.01625	0.01083	0.01625	0.00921	0.01083	0.00650	0.00487	0.00487	0.00162	0.00758	0.00379	0.00217	0.00758
27	0.01593	0.01013	0.01104	0.00901	0.01201	0.01084	0.00727	0.34032	0.10673	0.12444	0.01578	0.01600	0.01149	0.00622	0.00464	0.00146	0.00423	0.00488	0.28022	0.00737
28	0.01877	0.02370	0.01493	0.01435	0.06364	0.75036	0.01028	0.02020	0.01436	0.01282	0.00804	0.00947	0.00670	0.00524	0.00465	0.00133	0.00906	0.00338	0.00264	0.00608
29	0.02302	0.00873	0.01191	0.00913	0.01310	0.00754	0.00754	0.02501	0.01469	0.79122	0.02024	0.01746	0.01270	0.00635	0.00516	0.00159	0.00437	0.00516	0.00635	0.00873
30	0.01029	0.02654	0.79309	0.01462	0.02221	0.01192	0.01896	0.01625	0.01083	0.01625	0.00921	0.01083	0.00650	0.00487	0.00487	0.00162	0.00758	0.00379	0.00217	0.00758
31	0.01325	0.01295	0.02105	0.05623	0.59274	0.04769	0.09826	0.06415	0.01260	0.01740	0.00981	0.01268	0.00801	0.00470	0.00517	0.00155	0.00652	0.00468	0.00271	0.00785
32	0.02166	0.01092	0.01326	0.01017	0.01419	0.01079	0.00840	0.31429	0.01835	0.49676	0.01717	0.01547	0.01116	0.00628	0.00515	0.00157	0.00486	0.00495	0.00588	0.00873
33	0.00625	0.00447	0.00595	0.00714	0.00744	0.00417	0.00476	0.00714	0.00982	0.01310	0.02828	0.81633	0.03394	0.01608	0.00655	0.00208	0.00298	0.01459	0.00476	0.00417
34	0.01057	0.20147	0.49431	0.01199	0.01783	0.01265	0.01440	0.01499	0.01134	0.01601	0.13417	0.01470	0.01330	0.00567	0.00471	0.00150	0.00628	0.00444	0.00274	0.00692
35	0.02302	0.00873	0.01191	0.00913	0.01310	0.00754	0.00754	0.02501	0.01469	0.79122	0.02024	0.01746	0.01270	0.00635	0.00516	0.00159	0.00437	0.00516	0.00635	0.00873
36	0.00625	0.00447	0.00595	0.00714	0.00744	0.00417	0.00476	0.00714	0.00982	0.01310	0.02828	0.81633	0.03394	0.01608	0.00655	0.00208	0.00298	0.01459	0.00476	0.00417
37	0.01270	0.01219	0.02083	0.03149	0.78767	0.01219	0.01575	0.01575	0.01168	0.01676	0.00965	0.01270	0.00813	0.00457	0.00508	0.00152	0.00610	0.00457	0.00254	0.00813
38	0.01165	0.01443	0.13141	0.10662	0.22962	0.01236	0.34873	0.01565	0.01151	0.01602	0.01016	0.01399	0.00804	0.00488	0.00581	0.00168	0.02651	0.02126	0.00252	0.00713
39	0.00625	0.00447	0.00595	0.00714	0.00744	0.00417	0.00476	0.00714	0.00982	0.01310	0.02828	0.81633	0.03394	0.01608	0.00655	0.00208	0.00298	0.01459	0.00476	0.00417
40	0.01211	0.01384	0.03028	0.02163	0.02682	0.01298	0.76903	0.01644	0.01211	0.01644	0.01038	0.01384	0.00779	0.00433	0.00606	0.00173	0.00865	0.00606	0.00260	0.00692
41	0.01113	0.00941	0.01090	0.00783	0.01237	0.00734	0.00628	0.05459	0.01138	0.01758	0.00930	0.01073	0.00766	0.00393	0.00387	0.00080	0.00390	0.00313	0.00316	0.80472
42	0.01414	0.01243	0.07833	0.01372	0.06565	0.01183	0.13242	0.02352	0.41801	0.14650	0.01742	0.01693	0.01268	0.00611	0.00531	0.00169	0.00527	0.00550	0.00456	0.00798
43	0.01003	0.00952	0.01682	0.03176	0.25384	0.00952	0.17859	0.01257	0.01131	0.01575	0.10047	0.24014	0.01960	0.00867	0.00654	0.00178	0.05518	0.00821	0.00349	0.00619
44	0.07086	0.00863	0.01120	0.00876	0.01248	0.00777	0.00720	0.02369	0.03805	0.67409	0.01928	0.01708	0.01240	0.00625	0.00495	0.00157	0.00421	0.00502	0.05824	0.00828
45	0.01208	0.01305	0.10104	0.27780	0.27423	0.03375	0.01394	0.06507	0.12534	0.01709	0.01121	0.01365	0.00864	0.00526	0.00509	0.00162	0.00626	0.00463	0.00298	0.00725
46	0.00781	0.00513	0.00636	0.00606	0.00726	0.00483	0.00454	0.01023	0.01362	0.02023	0.60122	0.03374	0.03998	0.00941	0.00546	0.00151	0.00241	0.00820	0.20715	0.00483
47	0.00685	0.00456	0.00582	0.00672	0.00722	0.00431	0.00458	0.00808	0.01027	0.01454	0.07326	0.63926	0.03147	0.01410	0.00604	0.00191	0.00285	0.01267	0.14119	0.00431
48	0.00969	0.00912	0.01539	0.80734	0.03534	0.01140	0.01425	0.01311	0.01026	0.01311	0.00912	0.01368	0.00684	0.00513	0.00513	0.00171	0.00684	0.00456	0.00228	0.00570
49	0.08598	0.26629	0.07263	0.01013	0.01373	0.22480	0.00902	0.12157	0.01337	0.01715	0.00945	0.01066	0.00764	0.00515	0.00405	0.00131	0.00614	0.00349	0.11098	0.00647
50	0.85592	0.00992	0.00754	0.00675	0.00992	0.01151	0.00556	0.01508	0.00873	0.02302	0.00714	0.00834	0.00556	0.00476	0.00318	0.00159	0.00397	0.00278	0.00318	0.00556
51	0.01177	0.00993	0.03276	0.04030	0.35696	0.00953	0.01079	0.04609	0.05714	0.07975	0.18376	0.02295	0.10204	0.00714	0.00541	0.00159	0.00470	0.00637	0.00400	0.00700
52	0.00891	0.00446	0.00668	0.00668	0.00668	0.00446	0.00446	0.00668	0.00668	0.00891	0.00891	0.01560	0.00891	0.01783	0.02005	0.85071	0.00446	0.00446	0.00223	0.00223
53	0.01157	0.01534	0.25288	0.22307	0.03816	0.01171	0.06014	0.14343	0.05838	0.01858	0.05653	0.01652	0.05912	0.00607	0.00522	0.00165	0.00628	0.00516	0.00327	0.00692
54	0.00927	0.00938	0.09337	0.00830	0.01092	0.00799	0.02397	0.01535	0.24248	0.01775	0.09429	0.06244	0.24896	0.00904	0.00536	0.00165	0.00369	0.00763	0.12217	0.00598
55	0.00659	0.00520	0.00580	0.00583	0.00720	0.00459	0.00432	0.00806	0.01185	0.01501	0.20487	0.07657	0.48108	0.08746	0.00800	0.00206	0.00292	0.05345	0.00480	0.00434
56	0.04435	0.44161	0.06823	0.00936	0.01379	0.01591	0.00891	0.10359	0.06124	0.05057	0.00961	0.01033	0.00779	0.00480	0.00388	0.00121	0.00519	0.00337	0.00307	0.13317
57	0.01962	0.01237	0.01394	0.01088	0.01480	0.01317	0.00893	0.46667	0.11857	0.24288	0.01563	0.01463	0.01073	0.00632	0.00515	0.00158	0.00508	0.00492	0.00548	0.00865
58	0.03313	0.04131	0.17376	0.01742	0.26710	0.01095	0.01243	0.07783	0.02896	0.17573	0.09765	0.01597	0.01327	0.00582	0.00507	0.00156	0.00550	0.00498	0.00385	0.00771
59	0.01186	0.15571	0.17502	0.02890	0.01514	0.08977	0.03623	0.07647	0.05555	0.01522	0.01107	0.01438	0.00944	0.05069	0.20558	0.00334	0.03204	0.00445	0.00285	0.00629
60	0.00627	0.00451	0.00596	0.00707	0.00743	0.00419	0.00474	0.00722	0.01001	0.01333	0.05013	0.77348	0.05497	0.01583	0.00652	0.00206	0.00295	0.01433	0.00479	0.00419
61	0.00864	0.00670	0.00815	0.00759	0.00919	0.00694	0.00578	0.01402	0.20426	0.02013	0.53524	0.03215	0.03752	0.01177	0.06699	0.00216	0.00370	0.00812	0.00532	0.00564
62	0.00840	0.00670	0.00810	0.00681	0.00933	0.00555	0.00528	0.01062	0.01264	0.01814	0.38155	0.02995	0.12613	0.00842	0.00524	0.00133	0.00302	0.02799	0.00454	0.32025
63	0.85592	0.00992	0.00754	0.00675	0.00992	0.01151	0.00556	0.01508	0.00873	0.02302	0.00714	0.00834	0.00556	0.00476	0.00318	0.00159	0.00397	0.00278	0.00318	0.00556
64	0.01372	0.82276	0.02689	0.00878	0.01317	0.02030	0.00878	0.01536	0.01043	0.01207	0.00713	0.00823	0.00658	0.00439	0.00329	0.00110	0.00549	0.00274	0.00219	0.00658
65	0.00624	0.00509	0.00553	0.00567	0.00711	0.00437	0.00416	0.00762	0.01175	0.01458	0.14001	0.17200	0.57167	0.01318	0.00614	0.00177	0.00264	0.01124	0.00488	0.00437
66	0.00668	0.00522	0.00605	0.00585	0.00731	0.00459	0.00438	0.00856	0.01315	0.01732	0.42973	0.04368	0.40568	0.01170	0.00606	0.00167	0.00251	0.01003	0.00522	0.00459
67	0.01192	0.23047	0.27270	0.19534	0.11442	0.01430	0.01424	0.06194	0.01152	0.01549	0.00889	0.01111	0.00693	0.00485	0.00456	0.00149	0.00656	0.00383	0.00243	0.00703
68	0.00673	0.00486	0.00638	0.00695	0.00768	0.00452	0.00495	0.00827	0.01172	0.01599	0.30585	0.46246	0.06602	0.01382	0.00638	0.00191	0.00286	0.05313	0.00508	0.00445
69	0.01327	0.01143	0.01608	0.44808	0.12584	0.02890	0.01298	0.24521	0.01477	0.01945	0.01014	0.01305	0.00758	0.00538	0.00511	0.00163	0.00643	0.00455	0.00319	0.00694
70	0.01077	0.00880	0.00835	0.00766	0.00941	0.10861	0.00583	0.06072	0.09850	0.01999	0.34975	0.02578	0.02764	0.00797	0.00507	0.00148	0.00367	0.00665	0.22778	0.00557
71	0.85592	0.00992	0.00754	0.00675	0.00992	0.01151	0.00556	0.01508	0.00873	0.02302	0.00714	0.00834	0.00556	0.00476	0.00318	0.00159	0.00397	0.00278	0.00318	0.00556
72	0.01610	0.47425	0.02150	0.01072	0.01435	0.36029	0.00927	0.01760	0.01222	0.01228	0.00748	0.00868	0.00660	0.00478	0.00387	0.00120	0.00713	0.00299	0.00239	0.00631
73	0.01237	0.01186	0.02024	0.11576	0.70596	0.01211	0.01558	0.01546	0.01153	0.01637	0.00959	0.01281	0.00799	0.00463	0.00509	0.00154	0.00618	0.00457	0.00251	0.00786
74	0.00873	0.00712	0.00795	0.00741	0.00932	0.00728	0.00565	0.01478	0.26285	0.01902	0.33485	0.03510	0.23982	0.01003	0.00578	0.00169	0.00300	0.00857	0.00527	0.00577
75	0.01064	0.00912	0.01064	0.00760	0.01216	0.00684	0.00608	0.01292	0.01064	0.01672	0.00912	0.01064	0.00760	0.00380	0.00380	0.00076	0.00380	0.00304	0.00304	0.85104
76	0.02267	0.00881	0.01190	0.00917	0.01311	0.00772	0.00756	0.02508	0.04067	0.76503	0.02026	0.01752	0.01280	0.00637	0.00516	0.00159	0.00436	0.00518	0.00631	0.00871
77	0.01372	0.82276	0.02689	0.00878	0.01317	0.02030	0.00878	0.01536	0.01043	0.01207	0.00713	0.00823	0.00658	0.00439	0.00329	0.00110	0.00549	0.00274	0.00219	0.00658
78	0.01214	0.00587	0.00736	0.00683	0.00857	0.00540	0.00516	0.01404	0.01214	0.23274	0.12756	0.22569	0.02326	0.00930	0.00513	0.00159	0.00310	0.00803	0.28037	0.00573
79	0.00969	0.00912	0.01539	0.80734	0.03534	0.01140	0.01425	0.01311	0.01026	0.01311	0.00912	0.01368	0.00684	0.00513	0.00513	0.00171	0.00684	0.00456	0.00228	0.00570
80	0.00661	0.00513	0.00602	0.00598	0.00732	0.00454	0.00442	0.00836	0.01271	0.01672	0.37099	0.13705	0.37121	0.01227	0.00612	0.00172	0.00257	0.01060	0.00515	0.00454
81	0.00752	0.00527	0.00605	0.00584	0.00734	0.00468	0.00438	0.00937	0.01269	0.04489	0.32055	0.07110	0.36661	0.01116	0.00577	0.00164	0.00259	0.00953	0.09831	0.00472
82	0.01358	0.01540	0.17548	0.04944	0.37017	0.03416	0.10900	0.07451	0.01279	0.08026	0.01065	0.01276	0.00809	0.00491	0.00516	0.00158	0.00665	0.00462	0.00297	0.00782
83	0.00621	0.00493	0.00559	0.00601	0.00717	0.00430	0.00428	0.00743	0.01118	0.01402	0.09107	0.33459	0.45716	0.01398	0.00624	0.00186	0.00273	0.01213	0.00482	0.00430
84	0.01008	0.00790	0.01109	0.01371	0.21420	0.00815	0.00796	0.09441	0.01113	0.01559	0.01574	0.15390	0.01617	0.21925	0.12281	0.00343	0.00609	0.00713	0.05572	0.00554
85	0.01768	0.01347	0.01437	0.01144	0.01522	0.01506	0.00931	0.56965	0.22800	0.02940	0.01463	0.01416	0.01060	0.00638	0.00516	0.00159	0.00522	0.00494	0.00516	0.00856
86	0.01485	0.01087	0.01189	0.01032	0.01347	0.01212	0.00813	0.07437	0.60674	0.14662	0.02023	0.01844	0.01474	0.00681	0.00521	0.00170	0.00421	0.00562	0.00540	0.00826
87	0.01820	0.01382	0.01447	0.01148	0.01529	0.04016	0.00935	0.56832	0.18056	0.05324	0.01421	0.01380	0.01023	0.00630	0.00514	0.00158	0.00539	0.00484	0.00511	0.00851
88	0.00640	0.00473	0.00571	0.00641	0.00702	0.00434	0.00428	0.00725	0.00991	0.01278	0.03222	0.49878	0.21864	0.14524	0.00959	0.00246	0.00321	0.01250	0.00450	0.00404
89	0.01210	0.01045	0.01650	0.31550	0.32172	0.01140	0.01321	0.09768	0.01246	0.04464	0.01186	0.08773	0.01027	0.00609	0.00524	0.00165	0.00597	0.00552	0.00307	0.00694
90	0.01017	0.00579	0.00743	0.00668	0.00838	0.00528	0.00513	0.01247	0.01403	0.15237	0.54026	0.03306	0.06720	0.00938	0.00563	0.00157	0.00276	0.00814	0.09880	0.00548
91	0.01029	0.02654	0.79309	0.01462	0.02221	0.01192	0.01896	0.01625	0.01083	0.01625	0.00921	0.01083	0.00650	0.00487	0.00487	0.00162	0.00758	0.00379	0.00217	0.00758
92	0.01200	0.01463	0.07750	0.02119	0.02653	0.01291	0.72260	0.01642	0.01203	0.01642	0.01031	0.01365	0.00771	0.00436	0.00598	0.00172	0.00858	0.00592	0.00257	0.00696
93	0.01951	0.01437	0.01540	0.01181	0.01591	0.01591	0.00975	0.77056	0.02412	0.03234	0.01232	0.01232	0.00873	0.00616	0.00513	0.00154	0.00565	0.00462	0.00513	0.00873
94	0.01086	0.01125	0.02310	0.01766	0.02154	0.01067	0.52094	0.01454	0.01201	0.01608	0.01585	0.02820	0.01488	0.00754	0.00639	0.00194	0.00737	0.24968	0.00329	0.00620
95	0.00625	0.00447	0.00595	0.00714	0.00744	0.00417	0.00476	0.00714	0.00982	0.01310	0.02828	0.81633	0.03394	0.01608	0.00655	0.00208	0.00298	0.01459	0.00476	0.00417
96	0.01276	0.01102	0.01160	0.01044	0.01334	0.01276	0.00812	0.02727	0.77840	0.02146	0.02088	0.01914	0.01566	0.00696	0.00522	0.00174	0.00406	0.00580	0.00522	0.00812
97	0.85592	0.00992	0.00754	0.00675	0.00992	0.01151	0.00556	0.01508	0.00873	0.02302	0.00714	0.00834	0.00556	0.00476	0.00318	0.00159	0.00397	0.00278	0.00318	0.00556
98	0.01029	0.02654	0.79309	0.01462	0.02221	0.01192	0.01896	0.01625	0.01083	0.01625	0.00921	0.01083	0.00650	0.00487	0.00487	0.00162	0.00758	0.00379	0.00217	0.00758
99	0.01951	0.01437	0.01540	0.01181	0.01591	0.01591	0.00975	0.77056	0.02412	0.03234	0.01232	0.01232	0.00873	0.00616	0.00513	0.00154	0.00565	0.00462	0.00513	0.00873
100	0.01052	0.00679	0.00830	0.09521	0.01144	0.00707	0.00616	0.07401	0.06183	0.06706	0.20470	0.07048	0.03799	0.03550	0.00568	0.00163	0.00351	0.00672	0.27984	0.00557
101	0.10836	0.01244	0.01219	0.01015	0.01339	0.09871	0.00809	0.29847	0.10779	0.14810	0.01648	0.08909	0.03990	0.00720	0.00504	0.00161	0.00511	0.00565	0.00481	0.00742
102	0.00715	0.00524	0.00670	0.00634	0.00760	0.00479	0.00475	0.00947	0.01426	0.01995	0.71698	0.03935	0.11678	0.01072	0.00605	0.00162	0.00244	0.00942	0.00557	0.00479
103	0.01201	0.27345	0.01465	0.00853	0.01102	0.04266	0.00706	0.02876	0.07504	0.09970	0.03372	0.23139	0.01739	0.04067	0.07934	0.00230	0.00540	0.00709	0.00384	0.00596
104	0.01270	0.01219	0.02083	0.03149	0.78767	0.01219	0.01575	0.01575	0.01168	0.01676	0.00965	0.01270	0.00813	0.00457	0.00508	0.00152	0.00610	0.00457	0.00254	0.00813
105	0.01153	0.25743	0.03221	0.00903	0.01179	0.01220	0.00779	0.01629	0.18552	0.06276	0.03566	0.03827	0.01299	0.01672	0.26365	0.00366	0.00768	0.00502	0.00349	0.00632
106	0.01771	0.01036	0.01214	0.00986	0.01323	0.01069	0.00798	0.24809	0.16523	0.29997	0.08177	0.03663	0.01592	0.00715	0.00529	0.00163	0.00447	0.02336	0.02050	0.00802
107	0.01192	0.13413	0.52460	0.01551	0.10488	0.07415	0.01630	0.03329	0.01146	0.01581	0.00894	0.01059	0.00675	0.00484	0.00467	0.00152	0.00722	0.00371	0.00232	0.00740
108	0.01537	0.01067	0.03585	0.02844	0.22407	0.00963	0.02337	0.09924	0.01381	0.23760	0.05930	0.01584	0.02749	0.00563	0.00495	0.00141	0.00492	0.00485	0.00421	0.17335
109	0.00646	0.00464	0.00617	0.00733	0.00776	0.00435	0.00510	0.00751	0.01008	0.01335	0.02882	0.71591	0.05442	0.01579	0.00659	0.00210	0.00315	0.09145	0.00476	0.00423
110	0.01231	0.33628	0.09116	0.05868	0.01537	0.01318	0.02963	0.01480	0.01075	0.04544	0.00881	0.01024	0.00725	0.00433	0.00390	0.00109	0.00517	0.00325	0.00269	0.32566
111	0.01420	0.08485	0.07379	0.03072	0.17000	0.00956	0.00974	0.03334	0.01248	0.23990	0.05649	0.08014	0.04660	0.02363	0.00557	0.00163	0.00486	0.03923	0.00420	0.05907
112	0.11659	0.06362	0.01528	0.01167	0.03980	0.03142	0.00937	0.58412	0.03327	0.02892	0.01136	0.01166	0.00828	0.00583	0.00478	0.00152	0.00550	0.00428	0.00459	0.00814
113	0.00972	0.00812	0.05598	0.01152	0.09498	0.00763	0.00859	0.02794	0.01068	0.06254	0.01894	0.14662	0.01945	0.06797	0.15299	0.00333	0.05751	0.20753	0.02249	0.00544

[dist]
# distance from previous block
# <min> <max>
0	1

[block]
# block no. 2 follows, 48 sequences, length 47
# corresponding to MSA columns:
# 267-313
name=unknown_C
#
# <colnr> <probs for GDERKNQSTAVLIFYWHMCP>
#	G	D	E	R	K	N	Q	S	T	A	V	L	I	F	Y	W	H	M	C	P
0	0.05723	0.23556	0.01686	0.01111	0.03214	0.32298	0.00890	0.05279	0.04290	0.01484	0.00892	0.01034	0.00750	0.00607	0.02659	0.00148	0.03678	0.00345	0.02887	0.07469
1	0.00935	0.00557	0.00690	0.00620	0.00778	0.00539	0.06558	0.01177	0.01098	0.01828	0.02042	0.02231	0.10475	0.00668	0.00408	0.00130	0.00292	0.00561	0.67923	0.00490
2	0.01070	0.08663	0.67253	0.01474	0.02189	0.01265	0.07889	0.01620	0.01091	0.01594	0.00914	0.01088	0.00661	0.00479	0.00485	0.00159	0.00751	0.00389	0.00220	0.00745
3	0.00621	0.00513	0.00545	0.00552	0.00706	0.00437	0.00408	0.00758	0.01180	0.01448	0.12570	0.12526	0.63356	0.01304	0.00611	0.00176	0.00262	0.01105	0.00486	0.00437
4	0.01211	0.01384	0.03028	0.02163	0.02682	0.01298	0.76903	0.01644	0.01211	0.01644	0.01038	0.01384	0.00779	0.00433	0.00606	0.00173	0.00865	0.00606	0.00260	0.00692
5	0.01335	0.01126	0.08598	0.01013	0.01307	0.01050	0.00861	0.30693	0.07462	0.06695	0.01805	0.25489	0.01717	0.01170	0.06983	0.00227	0.00549	0.00772	0.00462	0.00687
6	0.01256	0.01258	0.02304	0.02919	0.60986	0.01237	0.19179	0.01591	0.01178	0.01669	0.00982	0.01297	0.00805	0.00451	0.00531	0.00157	0.00669	0.00492	0.00255	0.00785
7	0.01221	0.01163	0.01644	0.31953	0.24652	0.05851	0.01311	0.05934	0.11441	0.01629	0.01077	0.01359	0.00848	0.00559	0.00605	0.00167	0.07136	0.00465	0.00293	0.00691
8	0.01692	0.01986	0.01226	0.01125	0.01355	0.61345	0.00844	0.01849	0.01366	0.01409	0.00999	0.01156	0.00814	0.00545	0.00438	0.00129	0.00765	0.00365	0.20024	0.00568
9	0.00647	0.00512	0.00589	0.00640	0.00766	0.00454	0.00483	0.00783	0.01121	0.01390	0.04170	0.25543	0.46437	0.01401	0.00636	0.00193	0.00304	0.13024	0.00476	0.00435
10	0.00675	0.00453	0.00576	0.00674	0.00721	0.00427	0.00456	0.00788	0.01001	0.01404	0.02710	0.67579	0.04915	0.01446	0.00608	0.00194	0.00288	0.01300	0.13359	0.00427
11	0.00745	0.00504	0.00591	0.00591	0.00602	0.00515	0.00350	0.00766	0.00756	0.01018	0.01588	0.03198	0.01796	0.72660	0.11825	0.00536	0.00602	0.00723	0.00307	0.00328
12	0.10256	0.01301	0.01359	0.01063	0.01436	0.01440	0.00874	0.62202	0.02130	0.03014	0.01222	0.01257	0.00883	0.00600	0.00479	0.00151	0.00517	0.00445	0.08568	0.00803
13	0.16732	0.01359	0.01401	0.01091	0.01485	0.01513	0.00901	0.63705	0.02140	0.03069	0.01140	0.01162	0.00817	0.00591	0.00479	0.00155	0.00535	0.00429	0.00479	0.00817
14	0.01276	0.01102	0.01160	0.01044	0.01334	0.01276	0.00812	0.02727	0.77840	0.02146	0.02088	0.01914	0.01566	0.00696	0.00522	0.00174	0.00406	0.00580	0.00522	0.00812
15	0.01617	0.01096	0.01222	0.01033	0.01365	0.01198	0.00822	0.13347	0.48878	0.20577	0.01950	0.01777	0.01396	0.00670	0.00519	0.00168	0.00436	0.00548	0.00548	0.00835
16	0.00658	0.00522	0.00591	0.00574	0.00725	0.00455	0.00430	0.00836	0.01291	0.01674	0.36594	0.04465	0.46983	0.01192	0.00606	0.00168	0.00252	0.01017	0.00514	0.00455
17	0.01297	0.00724	0.00899	0.00767	0.00995	0.00696	0.00603	0.08755	0.05105	0.21933	0.40164	0.02765	0.03037	0.00839	0.00545	0.00156	0.00330	0.00716	0.09038	0.00636
18	0.01595	0.00987	0.01288	0.13184	0.01611	0.01107	0.00918	0.17104	0.01400	0.24902	0.01371	0.01483	0.00987	0.00660	0.00726	0.00167	0.16598	0.00477	0.12730	0.00707
19	0.85592	0.00992	0.00754	0.00675	0.00992	0.01151	0.00556	0.01508	0.00873	0.02302	0.00714	0.00834	0.00556	0.00476	0.00318	0.00159	0.00397	0.00278	0.00318	0.00556
20	0.01300	0.01163	0.01512	0.37230	0.02406	0.05044	0.01194	0.19513	0.07229	0.01817	0.01029	0.01311	0.00794	0.00624	0.00728	0.00175	0.15490	0.00460	0.00320	0.00660
21	0.09691	0.00681	0.00781	0.00666	0.00912	0.00651	0.00531	0.01732	0.01209	0.31906	0.01717	0.01744	0.01224	0.00600	0.00416	0.00139	0.00331	0.00473	0.43956	0.00639
22	0.00660	0.00522	0.00597	0.00611	0.00742	0.00468	0.00445	0.00848	0.03584	0.01550	0.21809	0.22519	0.41218	0.01294	0.00615	0.00179	0.00269	0.01119	0.00499	0.00453
23	0.22564	0.00902	0.01085	0.00855	0.01233	0.00851	0.00706	0.02259	0.01324	0.60434	0.01706	0.01524	0.01096	0.00596	0.00468	0.00159	0.00427	0.00458	0.00558	0.00796
24	0.00735	0.00518	0.00636	0.00606	0.00735	0.00476	0.00455	0.00960	0.01364	0.01937	0.58057	0.03774	0.15771	0.01034	0.00576	0.00158	0.00244	0.00898	0.10590	0.00476
25	0.00726	0.00524	0.00686	0.00646	0.00767	0.00484	0.00484	0.00968	0.01452	0.02058	0.78496	0.03833	0.04841	0.01049	0.00605	0.00161	0.00242	0.00928	0.00565	0.00484
26	0.00796	0.00628	0.00731	0.00687	0.00851	0.00615	0.00520	0.01230	0.15247	0.01908	0.46534	0.03757	0.22445	0.01047	0.00590	0.00167	0.00276	0.00903	0.00535	0.00531
27	0.05050	0.01277	0.01435	0.11904	0.12079	0.14460	0.01018	0.12752	0.01479	0.31390	0.01362	0.01384	0.00943	0.00568	0.00497	0.00154	0.00593	0.00452	0.00437	0.00765
28	0.01033	0.00883	0.00932	0.00856	0.01098	0.00962	0.00660	0.01994	0.48971	0.01911	0.08887	0.02969	0.24920	0.00904	0.00554	0.00173	0.00350	0.00758	0.00512	0.00673
29	0.85592	0.00992	0.00754	0.00675	0.00992	0.01151	0.00556	0.01508	0.00873	0.02302	0.00714	0.00834	0.00556	0.00476	0.00318	0.00159	0.00397	0.00278	0.00318	0.00556
30	0.00809	0.00585	0.00802	0.00911	0.01033	0.00578	0.00791	0.01037	0.01180	0.01523	0.02918	0.05719	0.09073	0.01408	0.00700	0.00231	0.00455	0.69305	0.00473	0.00469
31	0.01501	0.04811	0.12866	0.08285	0.21325	0.14443	0.09374	0.09050	0.01347	0.10532	0.01070	0.01239	0.00802	0.00510	0.00503	0.00153	0.00691	0.00441	0.00316	0.00742
32	0.01276	0.01102	0.01160	0.01044	0.01334	0.01276	0.00812	0.02727	0.77840	0.02146	0.02088	0.01914	0.01566	0.00696	0.00522	0.00174	0.00406	0.00580	0.00522	0.00812
33	0.01057	0.02460	0.67657	0.01569	0.02291	0.01208	0.13353	0.01628	0.01103	0.01628	0.00939	0.01129	0.00670	0.00479	0.00506	0.00164	0.00775	0.00414	0.00223	0.00748
34	0.00616	0.00520	0.00533	0.00530	0.00699	0.00437	0.00397	0.00755	0.01192	0.01440	0.11131	0.04849	0.72591	0.01279	0.00606	0.00172	0.00258	0.01070	0.00484	0.00437
35	0.85592	0.00992	0.00754	0.00675	0.00992	0.01151	0.00556	0.01508	0.00873	0.02302	0.00714	0.00834	0.00556	0.00476	0.00318	0.00159	0.00397	0.00278	0.00318	0.00556
36	0.01537	0.01167	0.01488	0.01518	0.16721	0.11479	0.07377	0.01843	0.07134	0.23693	0.01695	0.10678	0.04310	0.00728	0.00615	0.00167	0.06103	0.00617	0.00417	0.00714
37	0.00612	0.00520	0.00528	0.00526	0.00697	0.00436	0.00394	0.00747	0.01183	0.01418	0.08647	0.04886	0.75090	0.01288	0.00606	0.00173	0.00259	0.01076	0.00481	0.00436
38	0.01204	0.01363	0.02910	0.02097	0.02574	0.01320	0.70769	0.01611	0.01177	0.01611	0.01009	0.01363	0.00770	0.00470	0.00693	0.00177	0.07354	0.00593	0.00257	0.00681
39	0.01761	0.01115	0.01401	0.01126	0.01393	0.01265	0.00931	0.26158	0.01539	0.27541	0.01332	0.01406	0.00963	0.00859	0.04603	0.00208	0.24704	0.00480	0.00456	0.00760
40	0.02302	0.00873	0.01191	0.00913	0.01310	0.00754	0.00754	0.02501	0.01469	0.79122	0.02024	0.01746	0.01270	0.00635	0.00516	0.00159	0.00437	0.00516	0.00635	0.00873
41	0.00726	0.00524	0.00686	0.00646	0.00767	0.00484	0.00484	0.00968	0.01452	0.02058	0.78496	0.03833	0.04841	0.01049	0.00605	0.00161	0.00242	0.00928	0.00565	0.00484
42	0.00882	0.00979	0.07661	0.01157	0.01408	0.00878	0.17744	0.01123	0.01097	0.01450	0.02714	0.10696	0.26914	0.01023	0.00778	0.00191	0.12801	0.09596	0.00368	0.00540
43	0.01068	0.06119	0.64852	0.04046	0.08988	0.01234	0.03481	0.01607	0.01090	0.01601	0.00917	0.01103	0.00669	0.00482	0.00485	0.00160	0.00736	0.00389	0.00221	0.00751
44	0.02197	0.01042	0.01296	0.00993	0.01394	0.01005	0.00820	0.24872	0.01752	0.56351	0.01787	0.01592	0.01151	0.00629	0.00515	0.00157	0.00475	0.00500	0.00599	0.00873
45	0.31878	0.07363	0.01274	0.01003	0.02630	0.14622	0.00799	0.17523	0.10102	0.06705	0.01073	0.01115	0.00808	0.00545	0.00422	0.00151	0.00539	0.00376	0.00383	0.00688
46	0.01566	0.02061	0.28961	0.01327	0.01814	0.23135	0.04842	0.12558	0.07312	0.09836	0.01139	0.01207	0.00825	0.00546	0.00495	0.00154	0.00722	0.00418	0.00341	0.00742

[dist]
# distance from previous block
# <min> <max>
0	1

[block]
# block no. 3 follows, 48 sequences, length 122
# corresponding to MSA columns:
# 315-436
name=unknown_D
#
# <colnr> <probs for GDERKNQSTAVLIFYWHMCP>
#	G	D	E	R	K	N	Q	S	T	A	V	L	I	F	Y	W	H	M	C	P
0	0.01227	0.14099	0.46829	0.01416	0.02038	0.03551	0.10525	0.09389	0.03155	0.01733	0.00962	0.01112	0.00713	0.00493	0.00481	0.00155	0.00716	0.00403	0.00262	0.00744
1	0.03235	0.38823	0.26565	0.01113	0.01618	0.07564	0.01192	0.01755	0.10882	0.01488	0.00960	0.01053	0.00769	0.00495	0.00414	0.00137	0.00622	0.00351	0.00263	0.00702
2	0.03312	0.07193	0.11325	0.10651	0.05498	0.01263	0.01056	0.05556	0.38197	0.03379	0.02873	0.01658	0.01243	0.00619	0.00498	0.00164	0.00510	0.01907	0.00404	0.02694
3	0.06109	0.30338	0.02426	0.01392	0.01839	0.01536	0.29933	0.06489	0.07247	0.06395	0.01058	0.01206	0.00821	0.00482	0.00472	0.00148	0.00644	0.00452	0.00308	0.00704
