[name]
unknown

[dist]
# distance from previous block
# <min> <max>
49	3200

[block]
# block no. 0 follows, 36 sequences, length 8
# corresponding to MSA columns:
# 4856-4863
name=unknown_A
#
# <colnr> <probs for GDERKNQSTAVLIFYWHMCP>
#	G	D	E	R	K	N	Q	S	T	A	V	L	I	F	Y	W	H	M	C	P
0	0.10125	0.11749	0.01759	0.03961	0.01732	0.14256	0.04746	0.13781	0.06731	0.06410	0.01682	0.14620	0.01540	0.00875	0.00590	0.00188	0.00676	0.00706	0.00464	0.03408
1	0.02008	0.14862	0.08762	0.05031	0.07973	0.12918	0.01309	0.15379	0.04617	0.15100	0.01406	0.01487	0.01042	0.00685	0.00648	0.00182	0.04731	0.00505	0.00450	0.00906
2	0.14093	0.06388	0.04431	0.05117	0.01674	0.01332	0.03225	0.11053	0.08612	0.02278	0.01577	0.01884	0.04716	0.07793	0.00837	0.00210	0.03825	0.00550	0.00421	0.19984
3	0.05827	0.04764	0.01083	0.00945	0.01124	0.00800	0.03910	0.01389	0.03707	0.08252	0.09782	0.38293	0.03140	0.05173	0.00804	0.00236	0.00433	0.01206	0.08513	0.00620
4	0.19765	0.11751	0.03899	0.04582	0.05344	0.09437	0.05569	0.09977	0.01513	0.06417	0.04141	0.08126	0.01353	0.00782	0.00635	0.00192	0.04719	0.00602	0.00419	0.00779
5	0.09666	0.04796	0.05114	0.08648	0.01875	0.18557	0.01137	0.15159	0.01612	0.02166	0.01233	0.01593	0.01026	0.05060	0.05463	0.00260	0.08957	0.00512	0.06417	0.00748
6	0.01471	0.16305	0.09097	0.08159	0.45004	0.01609	0.01698	0.01833	0.01368	0.01871	0.01371	0.01657	0.04707	0.00612	0.00580	0.00179	0.00727	0.00543	0.00308	0.00900
7	0.01005	0.00726	0.00847	0.00862	0.01041	0.00692	0.00638	0.01377	0.10923	0.06510	0.08009	0.30511	0.28237	0.01551	0.00742	0.00227	0.00380	0.04499	0.00604	0.00620

[dist]
# distance from previous block
# <min> <max>
9	25

[block]
# block no. 1 follows, 36 sequences, length 10
# corresponding to MSA columns:
# 4892-4901
name=unknown_B
#
# <colnr> <probs for GDERKNQSTAVLIFYWHMCP>
#	G	D	E	R	K	N	Q	S	T	A	V	L	I	F	Y	W	H	M	C	P
0	0.04743	0.01178	0.07978	0.06207	0.01656	0.01046	0.05931	0.05510	0.07557	0.02203	0.22460	0.03344	0.11552	0.04642	0.00844	0.00221	0.03673	0.03902	0.00507	0.04845
1	0.01674	0.06977	0.08322	0.02157	0.25687	0.01466	0.05081	0.13111	0.05296	0.06384	0.01331	0.01507	0.01031	0.00594	0.00577	0.00167	0.00678	0.00517	0.00406	0.17034
2	0.01374	0.09467	0.04907	0.01056	0.01466	0.01143	0.00883	0.14327	0.01561	0.02187	0.01822	0.23272	0.01848	0.00956	0.00587	0.00165	0.00517	0.00808	0.00460	0.31194
3	0.01333	0.06421	0.01328	0.01090	0.01307	0.01207	0.00859	0.14317	0.10322	0.02180	0.02088	0.20376	0.02023	0.01782	0.14470	0.00354	0.07143	0.00878	0.09804	0.00719
4	0.05994	0.08632	0.07020	0.29562	0.02766	0.04853	0.01403	0.20235	0.01762	0.10010	0.01311	0.01524	0.00951	0.00659	0.00586	0.00190	0.00747	0.00518	0.00425	0.00853
5	0.02368	0.01745	0.01870	0.01434	0.01932	0.01932	0.01184	0.72139	0.02929	0.03927	0.01496	0.01496	0.01060	0.00748	0.00623	0.00187	0.00686	0.00561	0.00623	0.01060
6	0.00981	0.00641	0.00946	0.00936	0.00996	0.00720	0.00690	0.01002	0.00923	0.01298	0.01429	0.02274	0.01383	0.06982	0.41783	0.31801	0.03836	0.00626	0.00310	0.00443
7	0.01828	0.16117	0.23787	0.01635	0.02199	0.32946	0.06946	0.04316	0.01558	0.01757	0.01031	0.01213	0.00817	0.00602	0.00558	0.00171	0.00965	0.00437	0.00303	0.00814
8	0.00832	0.00648	0.00756	0.00814	0.00947	0.00606	0.00588	0.01084	0.06128	0.01724	0.06560	0.34688	0.30285	0.05281	0.00877	0.00251	0.00378	0.06431	0.00576	0.00547
9	0.01454	0.30038	0.01955	0.00969	0.01432	0.01402	0.00846	0.01692	0.01366	0.06726	0.09996	0.05923	0.01694	0.00690	0.00501	0.00136	0.00517	0.00543	0.00407	0.31711

[dist]
# distance from previous block
# <min> <max>
0	6

[block]
# block no. 2 follows, 36 sequences, length 7
# corresponding to MSA columns:
# 4908-4914
name=unknown_C
#
# <colnr> <probs for GDERKNQSTAVLIFYWHMCP>
#	G	D	E	R	K	N	Q	S	T	A	V	L	I	F	Y	W	H	M	C	P
0	0.34389	0.14614	0.04867	0.00929	0.01311	0.01352	0.00824	0.01685	0.01282	0.05763	0.11065	0.02161	0.10079	0.00803	0.00560	0.00184	0.03285	0.00583	0.00435	0.03830
1	0.04072	0.01178	0.01307	0.01111	0.01467	0.01258	0.00885	0.17042	0.24478	0.14829	0.02696	0.02606	0.11756	0.01177	0.06047	0.00255	0.00587	0.00726	0.05640	0.00884
2	0.01827	0.01408	0.01772	0.01491	0.01646	0.07445	0.01229	0.01994	0.01243	0.21319	0.01274	0.01550	0.01013	0.00969	0.01544	0.00242	0.50281	0.00556	0.00412	0.00787
3	0.14996	0.01412	0.11321	0.08739	0.01884	0.01067	0.01042	0.01671	0.01251	0.02107	0.01068	0.01286	0.00853	0.00515	0.00483	0.00135	0.00565	0.00395	0.00348	0.48860
4	0.00805	0.00592	0.00754	0.00802	0.00906	0.00541	0.00568	0.00994	0.01451	0.01965	0.31919	0.38794	0.14346	0.01631	0.00763	0.00224	0.00328	0.01452	0.00621	0.00541
5	0.01093	0.00971	0.01654	0.13573	0.12872	0.01025	0.10732	0.01367	0.01190	0.01633	0.01777	0.14961	0.01778	0.09872	0.22170	0.00477	0.00982	0.00853	0.00364	0.00655
6	0.01642	0.12182	0.01901	0.14241	0.09490	0.20484	0.01218	0.03930	0.09348	0.01898	0.06472	0.01658	0.01335	0.00663	0.00565	0.00167	0.00747	0.00519	0.00380	0.11160

[dist]
# distance from previous block
# <min> <max>
0	18

[block]
# block no. 3 follows, 36 sequences, length 15
# corresponding to MSA columns:
# 4933-4947
name=unknown_D
#
# <colnr> <probs for GDERKNQSTAVLIFYWHMCP>
#	G	D	E	R	K	N	Q	S	T	A	V	L	I	F	Y	W	H	M	C	P
0	0.10355	0.44462	0.16404	0.01361	0.01952	0.05399	0.08739	0.01924	0.01297	0.01764	0.00960	0.01138	0.00800	0.00553	0.00477	0.00161	0.00755	0.00403	0.00286	0.00810
1	0.01185	0.01337	0.09778	0.68499	0.04118	0.01391	0.01792	0.01633	0.01253	0.01633	0.01109	0.01624	0.00826	0.00620	0.00620	0.00207	0.00840	0.00544	0.00275	0.00717
2	0.00750	0.00579	0.00685	0.00769	0.00878	0.00514	0.00535	0.00879	0.01287	0.01629	0.04628	0.47944	0.33103	0.01797	0.00771	0.00235	0.00342	0.01582	0.00578	0.00514
3	0.01715	0.02016	0.02829	0.02127	0.02654	0.24312	0.42431	0.02101	0.01542	0.01854	0.01152	0.01467	0.00899	0.00554	0.00652	0.00182	0.01009	0.00593	0.00323	0.09587
4	0.01188	0.00759	0.00989	0.00934	0.01036	0.00808	0.00671	0.11668	0.01214	0.01646	0.01566	0.08057	0.01567	0.12250	0.17952	0.35324	0.00801	0.00713	0.00375	0.00483
5	0.02604	0.01367	0.01636	0.01254	0.01744	0.01372	0.01036	0.34022	0.02297	0.42936	0.02027	0.01841	0.01326	0.00761	0.00625	0.00190	0.00600	0.00597	0.00705	0.01060
6	0.00889	0.00621	0.00750	0.00746	0.00794	0.00631	0.00478	0.00964	0.01022	0.01379	0.07183	0.03939	0.07679	0.52731	0.17051	0.00625	0.00770	0.00905	0.00405	0.00438
7	0.01200	0.01152	0.02009	0.70849	0.04211	0.01399	0.07195	0.01623	0.01263	0.01623	0.01119	0.01663	0.00839	0.00615	0.00632	0.00208	0.00848	0.00568	0.00280	0.00704
8	0.02010	0.02240	0.02320	0.07691	0.02478	0.35627	0.20733	0.15334	0.01862	0.02110	0.01156	0.01389	0.00892	0.00628	0.00626	0.00183	0.00999	0.00535	0.00373	0.00816
9	0.01210	0.00754	0.00892	0.00819	0.01060	0.00682	0.00627	0.01524	0.06494	0.15371	0.22103	0.09997	0.33405	0.01330	0.00713	0.00207	0.00365	0.01133	0.00645	0.00670
10	0.00940	0.00570	0.00756	0.00788	0.00845	0.00549	0.00539	0.00978	0.01181	0.01666	0.16989	0.25220	0.03119	0.07384	0.01440	0.26108	0.00415	0.01059	0.09008	0.00447
11	0.09610	0.01290	0.06490	0.01496	0.09502	0.03217	0.08487	0.01890	0.03490	0.15191	0.02146	0.13418	0.07203	0.00883	0.00618	0.00189	0.00593	0.00774	0.00479	0.13033
12	0.06593	0.01257	0.16264	0.15216	0.01896	0.00941	0.01127	0.01304	0.01176	0.01695	0.02121	0.31263	0.02298	0.12831	0.01052	0.00282	0.00610	0.01043	0.00413	0.00619
13	0.01926	0.07821	0.02167	0.10191	0.25154	0.04731	0.03970	0.16785	0.04491	0.14472	0.01468	0.01614	0.01088	0.00650	0.00605	0.00186	0.00716	0.00555	0.00458	0.00951
14	0.03901	0.12142	0.13276	0.14616	0.17701	0.13789	0.09211	0.01926	0.01406	0.01797	0.01267	0.01550	0.03535	0.00618	0.00587	0.00184	0.00846	0.00527	0.00306	0.00817

[dist]
# distance from previous block
# <min> <max>
4	10

[block]
# block no. 4 follows, 36 sequences, length 40
# corresponding to MSA columns:
# 4958-4997
name=unknown_E
#
# <colnr> <probs for GDERKNQSTAVLIFYWHMCP>
#	G	D	E	R	K	N	Q	S	T	A	V	L	I	F	Y	W	H	M	C	P
0	0.01591	0.12431	0.15799	0.13554	0.05856	0.07909	0.04115	0.15094	0.01600	0.02099	0.01185	0.01484	0.00942	0.01049	0.08060	0.00269	0.05274	0.00512	0.00350	0.00828
1	0.01259	0.01645	0.19389	0.06812	0.33154	0.01219	0.01631	0.01680	0.01432	0.02032	0.13766	0.05602	0.06105	0.00809	0.00646	0.00196	0.00673	0.00725	0.00386	0.00839
2	0.01330	0.01182	0.04984	0.05932	0.10852	0.01161	0.03668	0.12284	0.11970	0.02089	0.02027	0.16224	0.02001	0.19996	0.01286	0.00308	0.00618	0.00889	0.00466	0.00733
3	0.16243	0.02002	0.25124	0.01293	0.01734	0.15195	0.01281	0.01716	0.01249	0.01840	0.01293	0.08744	0.01180	0.01198	0.05144	0.12362	0.00811	0.00577	0.00332	0.00681
4	0.28302	0.01475	0.01287	0.01087	0.01463	0.13166	0.00863	0.14902	0.01672	0.15956	0.01828	0.01936	0.07345	0.05327	0.00697	0.00212	0.00624	0.00560	0.00507	0.00794
5	0.01446	0.38720	0.41097	0.01441	0.02179	0.01927	0.01719	0.01922	0.01292	0.01734	0.00999	0.01166	0.00794	0.00564	0.00501	0.00167	0.00801	0.00400	0.00265	0.00864
6	0.01387	0.01509	0.13403	0.25294	0.13786	0.01327	0.10021	0.01793	0.01305	0.07912	0.01327	0.01802	0.01052	0.04821	0.06944	0.00289	0.04304	0.00594	0.00335	0.00794
7	0.01286	0.09717	0.68696	0.01715	0.02602	0.01535	0.02195	0.01964	0.01311	0.01929	0.01096	0.01288	0.00790	0.00587	0.00575	0.00192	0.00899	0.00449	0.00263	0.00910
8	0.01195	0.01103	0.01670	0.07431	0.19885	0.01298	0.01269	0.01415	0.01167	0.01662	0.01800	0.16769	0.05130	0.01498	0.09158	0.00317	0.25326	0.00840	0.00363	0.00704
9	0.01488	0.02042	0.33312	0.01399	0.01973	0.01293	0.01490	0.19041	0.01726	0.06660	0.02102	0.15939	0.06899	0.00966	0.00650	0.00206	0.00691	0.00801	0.00464	0.00857
10	0.00823	0.00571	0.00713	0.00791	0.00819	0.00548	0.00502	0.00900	0.01116	0.01496	0.06939	0.45204	0.03510	0.31159	0.01704	0.00385	0.00451	0.01402	0.00507	0.00461
11	0.00971	0.00727	0.00812	0.00865	0.00950	0.05030	0.00609	0.01128	0.01175	0.01649	0.02486	0.34854	0.02701	0.10824	0.16896	0.00426	0.00699	0.01137	0.15531	0.00529
12	0.01782	0.01920	0.01903	0.02115	0.21482	0.29867	0.05336	0.09166	0.01669	0.01950	0.01544	0.15332	0.01495	0.00863	0.00636	0.00190	0.00830	0.00730	0.00395	0.00796
13	0.01312	0.10825	0.61371	0.01776	0.02632	0.01563	0.08185	0.01964	0.01324	0.01923	0.01105	0.01314	0.00804	0.00580	0.00585	0.00192	0.00906	0.00471	0.00268	0.00901
14	0.00785	0.00584	0.00731	0.00798	0.00897	0.00530	0.00559	0.00949	0.01381	0.01833	0.21392	0.44817	0.19049	0.01707	0.00768	0.00230	0.00335	0.01518	0.00605	0.00530
15	0.56052	0.01862	0.24993	0.01131	0.01691	0.01414	0.01205	0.01878	0.01143	0.02528	0.00949	0.01111	0.00712	0.00583	0.00453	0.00194	0.00625	0.00377	0.00346	0.00755
16	0.01091	0.00891	0.01259	0.19221	0.01904	0.01031	0.01008	0.07532	0.01297	0.01753	0.02118	0.30834	0.02274	0.05496	0.11260	0.00358	0.08568	0.01050	0.00435	0.00619
17	0.00906	0.00606	0.00688	0.00688	0.00692	0.00609	0.00389	0.00912	0.00909	0.01215	0.01955	0.04032	0.02246	0.76063	0.05185	0.00615	0.00634	0.00899	0.00376	0.00382
18	0.01831	0.01341	0.01653	0.01379	0.01652	0.01589	0.01127	0.19039	0.14967	0.14129	0.01639	0.01790	0.01259	0.01220	0.07561	0.00291	0.25541	0.00602	0.00510	0.00880
19	0.01821	0.01247	0.01591	0.12293	0.11165	0.08738	0.01236	0.02101	0.01523	0.24850	0.02068	0.03080	0.01771	0.00969	0.00759	0.00219	0.05054	0.18180	0.00517	0.00819
20	0.02468	0.01559	0.07975	0.01314	0.01842	0.01424	0.01158	0.34416	0.02265	0.36169	0.01904	0.01767	0.01257	0.00745	0.00622	0.00191	0.00635	0.00582	0.00660	0.01048
21	0.02316	0.01333	0.01524	0.01190	0.01626	0.01381	0.00976	0.38060	0.02292	0.26964	0.01899	0.01834	0.01305	0.00752	0.00594	0.00182	0.00571	0.00586	0.13632	0.00983
22	0.01485	0.01429	0.01878	0.23083	0.30859	0.12069	0.01488	0.01823	0.01401	0.01891	0.01281	0.01657	0.01029	0.00618	0.00577	0.00180	0.00739	0.00537	0.15183	0.00792
23	0.01284	0.00749	0.00952	0.05216	0.01260	0.00688	0.00701	0.01472	0.01418	0.19508	0.04096	0.18902	0.31846	0.01662	0.07051	0.00281	0.00522	0.01139	0.00588	0.00665
24	0.49257	0.01180	0.01228	0.01169	0.07509	0.01245	0.00859	0.02237	0.01330	0.26527	0.01420	0.01424	0.00988	0.00640	0.00485	0.00192	0.00520	0.00452	0.00507	0.00829
25	0.02586	0.01129	0.01439	0.01115	0.01571	0.01050	0.00917	0.13965	0.01926	0.57083	0.02267	0.02038	0.01470	0.00764	0.00610	0.00188	0.00534	0.00612	0.07719	0.01019
26	0.01108	0.00779	0.00859	0.00826	0.01018	0.00803	0.00621	0.01724	0.18684	0.02305	0.20311	0.09776	0.10375	0.01082	0.00619	0.00190	0.00349	0.00922	0.26982	0.00668
27	0.27787	0.01057	0.01204	0.05524	0.08874	0.01122	0.00883	0.04640	0.05609	0.08593	0.19521	0.02615	0.08474	0.00874	0.00583	0.00196	0.00481	0.00705	0.00518	0.00740
28	0.00759	0.00542	0.00723	0.00868	0.00904	0.00506	0.00578	0.00868	0.01193	0.01591	0.03434	0.77697	0.04121	0.01952	0.00795	0.00253	0.00361	0.01771	0.00578	0.00506
29	0.01081	0.00807	0.00941	0.00901	0.01087	0.00794	0.00670	0.14183	0.01697	0.02253	0.19889	0.30902	0.19412	0.01490	0.00736	0.00218	0.00396	0.01297	0.00611	0.00632
30	0.01199	0.01132	0.01470	0.01483	0.07682	0.08721	0.05071	0.01415	0.01172	0.01570	0.01652	0.08726	0.01646	0.06249	0.31281	0.00559	0.13254	0.04726	0.00356	0.00635
31	0.02107	0.01473	0.01614	0.01289	0.01714	0.01615	0.01049	0.46713	0.12467	0.09533	0.01778	0.01788	0.01292	0.00989	0.04943	0.00235	0.00670	0.00595	0.07156	0.00982
32	0.00825	0.00628	0.00838	0.00923	0.00984	0.00644	0.00660	0.00959	0.01178	0.01580	0.03263	0.53467	0.09451	0.03452	0.09832	0.00347	0.05628	0.04289	0.00525	0.00526
33	0.01033	0.00703	0.00863	0.00826	0.00979	0.00627	0.00563	0.01155	0.01183	0.05916	0.06196	0.31200	0.02863	0.26360	0.01494	0.00331	0.00465	0.01127	0.00491	0.15622
34	0.01717	0.01066	0.01564	0.01284	0.01598	0.01047	0.10941	0.11924	0.01630	0.23046	0.03500	0.24198	0.02238	0.06998	0.00945	0.00247	0.03697	0.00993	0.00577	0.00792
35	0.16810	0.01680	0.06031	0.06620	0.05128	0.09096	0.04212	0.22930	0.05939	0.02609	0.01266	0.01471	0.00980	0.00931	0.05029	0.00244	0.07232	0.00517	0.00431	0.00843
36	0.16705	0.13945	0.06237	0.01555	0.07279	0.32020	0.01218	0.04364	0.01474	0.01889	0.00961	0.01160	0.00802	0.00646	0.00641	0.00177	0.07425	0.00412	0.00326	0.00765
37	0.01114	0.01115	0.04393	0.09220	0.01601	0.09434	0.05427	0.01313	0.01253	0.01563	0.02445	0.20414	0.07482	0.19827	0.03594	0.00340	0.00684	0.07782	0.00430	0.00569
38	0.01649	0.09691	0.20296	0.01793	0.12208	0.07373	0.03764	0.18282	0.05235	0.02391	0.05686	0.05980	0.01433	0.00749	0.00608	0.00188	0.00745	0.00615	0.00421	0.00892
39	0.07736	0.13673	0.09206	0.02453	0.01663	0.04592	0.01096	0.15212	0.05873	0.09661	0.13028	0.04325	0.02029	0.00863	0.00624	0.00191	0.01826	0.04610	0.00509	0.00827

[dist]
# distance from previous block
# <min> <max>
0	54

[block]
# block no. 5 follows, 36 sequences, length 26
# corresponding to MSA columns:
# 5052-5062,5064-5078
name=unknown_F
#
# <colnr> <probs for GDERKNQSTAVLIFYWHMCP>
#	G	D	E	R	K	N	Q	S	T	A	V	L	I	F	Y	W	H	M	C	P
0	0.00943	0.00683	0.00835	0.00797	0.00944	0.00633	0.00557	0.01104	0.01216	0.01734	0.13820	0.17212	0.05818	0.23101	0.09630	0.00391	0.00572	0.00988	0.05754	0.13267
1	0.01632	0.01269	0.01734	0.01993	0.26305	0.02990	0.01195	0.07997	0.01543	0.11468	0.01590	0.09929	0.01386	0.00727	0.00589	0.00165	0.00591	0.00638	0.00444	0.25817
2	0.10139	0.01472	0.01898	0.04828	0.19870	0.05664	0.07401	0.13670	0.07296	0.02392	0.01317	0.01594	0.01060	0.03802	0.00681	0.00191	0.00682	0.00534	0.00409	0.15102
3	0.29875	0.05874	0.00874	0.00696	0.00952	0.00992	0.00561	0.01613	0.01217	0.02434	0.01546	0.01775	0.01220	0.00661	0.00416	0.00161	0.00382	0.00479	0.47645	0.00628
4	0.00902	0.00621	0.00766	0.00766	0.00796	0.00651	0.00486	0.00962	0.00932	0.01272	0.01884	0.03638	0.02074	0.58291	0.22722	0.00711	0.00891	0.00842	0.00366	0.00426
5	0.00825	0.00634	0.00751	0.00743	0.00906	0.00567	0.00558	0.01045	0.01552	0.02047	0.36775	0.08340	0.33506	0.03936	0.00824	0.00223	0.00332	0.05263	0.00621	0.00551
6	0.01490	0.02288	0.32451	0.08745	0.12331	0.03909	0.17737	0.09696	0.01551	0.02154	0.01193	0.01472	0.00885	0.00594	0.00633	0.00197	0.00899	0.00552	0.00324	0.00900
7	0.00821	0.00628	0.00753	0.00736	0.00897	0.00560	0.00547	0.01053	0.01599	0.02141	0.44628	0.10664	0.29847	0.01433	0.00740	0.00205	0.00307	0.01242	0.00640	0.00560
8	0.01749	0.01601	0.01630	0.08069	0.05833	0.11115	0.01161	0.14117	0.42440	0.02562	0.01967	0.01936	0.01482	0.00768	0.00621	0.00199	0.00648	0.00621	0.00543	0.00938
9	0.01433	0.01793	0.18749	0.02347	0.29699	0.01309	0.05653	0.04771	0.01425	0.02097	0.01160	0.01424	0.00924	0.00543	0.00573	0.00163	0.00716	0.00490	0.00329	0.24403
10	0.01437	0.20916	0.32852	0.06919	0.05230	0.01700	0.10512	0.06444	0.01422	0.01940	0.01198	0.04526	0.00979	0.00637	0.00577	0.00185	0.00823	0.00535	0.00310	0.00860
11	0.02041	0.02299	0.08093	0.03814	0.01963	0.35108	0.01240	0.20587	0.09835	0.02294	0.01351	0.01556	0.01075	0.05136	0.00740	0.00203	0.00883	0.00515	0.00431	0.00836
12	0.01157	0.00924	0.01223	0.01142	0.01257	0.01095	0.00885	0.10676	0.01291	0.01812	0.01906	0.20160	0.01989	0.06963	0.28126	0.00538	0.16902	0.00905	0.00421	0.00628
13	0.01434	0.01162	0.01348	0.00974	0.01520	0.00930	0.00783	0.07793	0.01451	0.04527	0.01185	0.01336	0.00955	0.00496	0.00481	0.00104	0.00483	0.00394	0.00404	0.72240
14	0.01343	0.05474	0.01524	0.01392	0.06409	0.01281	0.01031	0.01658	0.07488	0.09046	0.03925	0.20726	0.02033	0.01543	0.08538	0.00310	0.24224	0.00890	0.00450	0.00716
15	0.00783	0.00625	0.00701	0.00699	0.00875	0.00543	0.00518	0.00979	0.01506	0.01926	0.26888	0.11858	0.46865	0.01517	0.00741	0.00210	0.00313	0.01297	0.00612	0.00543
16	0.01144	0.06292	0.01202	0.01031	0.01171	0.09101	0.00794	0.01252	0.01063	0.01378	0.01409	0.02081	0.01319	0.03399	0.46318	0.18319	0.01296	0.00588	0.00314	0.00530
17	0.01506	0.01546	0.02515	0.20589	0.39486	0.07357	0.14165	0.01897	0.01415	0.01883	0.01156	0.01561	0.00928	0.00573	0.00635	0.00193	0.00847	0.00574	0.00303	0.00871
18	0.00838	0.00622	0.00701	0.00689	0.00804	0.00571	0.00467	0.00971	0.01316	0.01715	0.22104	0.04929	0.29457	0.30262	0.01651	0.00355	0.00418	0.01113	0.00531	0.00486
19	0.00890	0.00668	0.01001	0.01001	0.01113	0.00779	0.00779	0.01113	0.01001	0.01446	0.01669	0.02448	0.01558	0.04673	0.75634	0.01001	0.01669	0.00668	0.00334	0.00556
20	0.01519	0.01484	0.02572	0.11784	0.35075	0.01581	0.17266	0.07004	0.01458	0.02041	0.01160	0.01560	0.00942	0.00643	0.00836	0.00205	0.11067	0.00594	0.00324	0.00884
21	0.01328	0.01173	0.01549	0.06682	0.14436	0.00983	0.01013	0.01631	0.01311	0.02001	0.01119	0.01361	0.00928	0.00489	0.00500	0.00117	0.00536	0.00415	0.00352	0.62077
22	0.01542	0.01480	0.02529	0.03824	0.74217	0.01480	0.01912	0.01912	0.01419	0.02036	0.01172	0.01542	0.00987	0.00555	0.00617	0.00185	0.00740	0.00555	0.00308	0.00987
23	0.00906	0.00604	0.00680	0.00680	0.00680	0.00604	0.00378	0.00906	0.00906	0.01208	0.01963	0.04077	0.02265	0.78103	0.03171	0.00604	0.00604	0.00906	0.00378	0.00378
24	0.01687	0.22674	0.18562	0.01719	0.14410	0.01630	0.01438	0.08138	0.01510	0.10045	0.01239	0.01370	0.00951	0.00585	0.00533	0.00162	0.00695	0.00457	0.00374	0.11820
25	0.01616	0.57296	0.02737	0.01104	0.01525	0.06398	0.01036	0.01817	0.01266	0.01567	0.00995	0.01192	0.00890	0.00620	0.00589	0.00151	0.08814	0.00387	0.09241	0.00758

[dist]
# distance from previous block
# <min> <max>
0	11

[block]
# block no. 6 follows, 36 sequences, length 6
# corresponding to MSA columns:
# 5090-5095
name=unknown_G
#
# <colnr> <probs for GDERKNQSTAVLIFYWHMCP>
#	G	D	E	R	K	N	Q	S	T	A	V	L	I	F	Y	W	H	M	C	P
0	0.18701	0.62194	0.02770	0.01014	0.01516	0.02240	0.00984	0.01858	0.01223	0.01746	0.00866	0.01002	0.00773	0.00543	0.00397	0.00146	0.00627	0.00334	0.00292	0.00773
1	0.01064	0.01056	0.06006	0.33861	0.09488	0.01053	0.01344	0.01382	0.01265	0.01680	0.02062	0.27134	0.02154	0.01143	0.00697	0.00226	0.00652	0.06669	0.00403	0.00663
2	0.00937	0.00814	0.01358	0.01186	0.01394	0.00753	0.15445	0.01187	0.01427	0.01925	0.21939	0.34678	0.11568	0.01434	0.00760	0.00224	0.00482	0.01335	0.00552	0.00600
3	0.01202	0.01115	0.00971	0.00937	0.01027	0.16443	0.00630	0.01280	0.01106	0.01321	0.01695	0.03138	0.01819	0.47481	0.16732	0.00588	0.00921	0.00753	0.00357	0.00485
4	0.00891	0.00594	0.00729	0.00756	0.00872	0.00556	0.00544	0.01114	0.01459	0.02109	0.31100	0.27626	0.09565	0.01398	0.00691	0.00205	0.00316	0.01232	0.17687	0.00556
5	0.01370	0.01383	0.01267	0.01162	0.01252	0.19778	0.00848	0.01460	0.01141	0.01375	0.01419	0.02570	0.01502	0.34857	0.07768	0.00445	0.18842	0.00676	0.00335	0.00550

[dist]
# distance from previous block
# <min> <max>
0	15

[block]
# block no. 7 follows, 36 sequences, length 31
# corresponding to MSA columns:
# 5119-5149
name=unknown_H
#
# <colnr> <probs for GDERKNQSTAVLIFYWHMCP>
#	G	D	E	R	K	N	Q	S	T	A	V	L	I	F	Y	W	H	M	C	P
0	0.02043	0.12512	0.02085	0.03401	0.01939	0.23046	0.06493	0.17949	0.01820	0.09846	0.01331	0.04214	0.01075	0.00751	0.00738	0.00186	0.08753	0.00547	0.00432	0.00841
1	0.22757	0.03273	0.01591	0.01612	0.12468	0.27037	0.01103	0.02124	0.01457	0.09827	0.01460	0.01585	0.05513	0.00709	0.00622	0.00185	0.05010	0.00497	0.00397	0.00773
2	0.00825	0.00676	0.00782	0.00754	0.00924	0.00633	0.00571	0.01024	0.01496	0.01937	0.28147	0.07854	0.44348	0.01460	0.00821	0.00211	0.05167	0.01221	0.00595	0.00556
3	0.02068	0.04435	0.01885	0.06445	0.09678	0.21992	0.01258	0.28481	0.08724	0.04250	0.01375	0.01477	0.01043	0.00683	0.00594	0.00178	0.00791	0.00517	0.00469	0.03656
4	0.01101	0.00910	0.01371	0.01222	0.01438	0.01012	0.08362	0.04251	0.11313	0.01790	0.03579	0.02369	0.01632	0.03456	0.52324	0.00754	0.01365	0.00688	0.00394	0.00667
5	0.01810	0.01945	0.01709	0.14971	0.02237	0.29731	0.01255	0.06858	0.20989	0.01979	0.01434	0.01595	0.01123	0.00748	0.00753	0.00196	0.08910	0.00536	0.00412	0.00805
6	0.01342	0.01169	0.05840	0.01129	0.01414	0.01124	0.00940	0.15594	0.17049	0.02371	0.07781	0.11657	0.07377	0.09349	0.00969	0.00264	0.00543	0.12774	0.00565	0.00750
7	0.02454	0.00999	0.01312	0.01032	0.01451	0.00891	0.00843	0.05339	0.01762	0.58279	0.06352	0.02265	0.01773	0.00792	0.00607	0.00186	0.00491	0.00646	0.11554	0.00970
8	0.01338	0.01272	0.02159	0.44557	0.35083	0.01427	0.01810	0.01733	0.01322	0.01787	0.01136	0.01609	0.00899	0.00593	0.00620	0.00198	0.00791	0.00554	0.00291	0.00822
9	0.01511	0.01665	0.10197	0.03607	0.66637	0.01477	0.01953	0.01919	0.01408	0.02029	0.01166	0.01518	0.00966	0.00559	0.00614	0.00186	0.00759	0.00545	0.00304	0.00980
10	0.00847	0.00671	0.00771	0.00781	0.00955	0.00617	0.00588	0.01143	0.06015	0.01944	0.22242	0.15684	0.37405	0.01519	0.00747	0.00219	0.00347	0.06325	0.00608	0.00571
11	0.00890	0.00668	0.01001	0.01001	0.01113	0.00779	0.00779	0.01113	0.01001	0.01446	0.01669	0.02448	0.01558	0.04673	0.75634	0.01001	0.01669	0.00668	0.00334	0.00556
12	0.02263	0.01558	0.01891	0.01444	0.01925	0.03200	0.08583	0.45730	0.02428	0.16252	0.01671	0.01679	0.01167	0.00725	0.00621	0.00187	0.00677	0.00589	0.06416	0.00995
13	0.02327	0.02970	0.01766	0.01605	0.01926	0.75602	0.01204	0.02488	0.01766	0.01525	0.00963	0.01124	0.00803	0.00642	0.00562	0.00161	0.01124	0.00401	0.00321	0.00722
14	0.01666	0.78478	0.03265	0.01066	0.01599	0.02465	0.01066	0.01866	0.01266	0.01466	0.00866	0.00999	0.00800	0.00533	0.00400	0.00133	0.00666	0.00333	0.00267	0.00800
15	0.00951	0.00783	0.01177	0.01112	0.01255	0.00802	0.08362	0.01220	0.05190	0.01643	0.02766	0.33335	0.07377	0.09877	0.14503	0.00416	0.03548	0.04630	0.00477	0.00576
16	0.01586	0.01564	0.02486	0.03700	0.70182	0.05618	0.01873	0.01944	0.01438	0.02007	0.01160	0.01519	0.00977	0.00560	0.00614	0.00184	0.00762	0.00547	0.00309	0.00972
17	0.82504	0.01205	0.00916	0.00819	0.01205	0.01398	0.00675	0.01832	0.01060	0.02795	0.00868	0.01012	0.00675	0.00578	0.00386	0.00193	0.00482	0.00337	0.00386	0.00675
18	0.01426	0.01362	0.02319	0.26974	0.51976	0.01450	0.01854	0.01810	0.01364	0.01894	0.01151	0.01580	0.00937	0.00577	0.00619	0.00192	0.00769	0.00555	0.00298	0.00893
19	0.01609	0.01831	0.02917	0.02316	0.06914	0.16157	0.45077	0.02085	0.04491	0.01919	0.01417	0.02028	0.01176	0.00662	0.00700	0.00205	0.00985	0.06351	0.00350	0.00810
20	0.02094	0.00903	0.01219	0.00993	0.01349	0.00794	0.00796	0.02349	0.01758	0.48339	0.26183	0.05421	0.03065	0.00976	0.00668	0.00196	0.00446	0.00830	0.00737	0.00886
21	0.01138	0.00645	0.00864	0.00902	0.01030	0.00588	0.00640	0.01290	0.01359	0.14803	0.10726	0.56387	0.03844	0.01668	0.00759	0.00236	0.00385	0.01497	0.00624	0.00614
22	0.01565	0.00699	0.00794	0.00711	0.00939	0.00663	0.00554	0.01843	0.01424	0.20190	0.02138	0.02273	0.01583	0.00737	0.00483	0.00157	0.00350	0.00592	0.61604	0.00699
23	0.01704	0.47759	0.14442	0.01289	0.01838	0.05006	0.01306	0.11796	0.01508	0.01899	0.00996	0.01148	0.00836	0.00612	0.00573	0.00161	0.05562	0.00402	0.00319	0.00845
24	0.01904	0.00818	0.01031	0.00862	0.01169	0.00742	0.00687	0.02172	0.01599	0.36979	0.12372	0.02555	0.02175	0.00825	0.00569	0.00175	0.00406	0.00680	0.31469	0.00811
25	0.00756	0.00614	0.00671	0.00695	0.00864	0.00529	0.00507	0.00919	0.01411	0.01751	0.12896	0.20249	0.52725	0.01621	0.00748	0.00217	0.00323	0.01387	0.00590	0.00529
26	0.00962	0.00756	0.01104	0.01038	0.01129	0.00871	0.03434	0.01128	0.00989	0.01409	0.01650	0.02747	0.01651	0.23661	0.46522	0.00796	0.08559	0.00722	0.00339	0.00532
27	0.02042	0.01937	0.04675	0.01613	0.02018	0.22388	0.11277	0.19873	0.01895	0.11228	0.01486	0.04550	0.01196	0.00792	0.00767	0.00198	0.07918	0.02828	0.00463	0.00857
28	0.00946	0.00746	0.01006	0.11922	0.01536	0.00783	0.00858	0.01309	0.08880	0.01754	0.03179	0.40964	0.08218	0.01574	0.00761	0.00245	0.00478	0.13703	0.00540	0.00597
29	0.28856	0.01554	0.01767	0.02219	0.31910	0.11848	0.01293	0.02086	0.01386	0.09914	0.01177	0.01367	0.00915	0.00598	0.00533	0.00185	0.00686	0.00468	0.00385	0.00853
30	0.01603	0.01552	0.03951	0.09697	0.11548	0.14942	0.01178	0.07263	0.17089	0.05029	0.01818	0.09859	0.01619	0.09030	0.00900	0.00241	0.00706	0.00723	0.00454	0.00798

[dist]
# distance from previous block
# <min> <max>
0	40

[block]
# block no. 8 follows, 36 sequences, length 29
# corresponding to MSA columns:
# 5191-5219
name=unknown_I
#
# <colnr> <probs for GDERKNQSTAVLIFYWHMCP>
#	G	D	E	R	K	N	Q	S	T	A	V	L	I	F	Y	W	H	M	C	P
0	0.07779	0.12378	0.01893	0.17088	0.13666	0.11427	0.01267	0.04050	0.01363	0.01797	0.01576	0.01876	0.07728	0.01088	0.07449	0.00261	0.05665	0.00566	0.00339	0.00741
1	0.14474	0.01473	0.01600	0.01402	0.05681	0.01623	0.01080	0.35974	0.15971	0.08393	0.01733	0.01879	0.01308	0.00776	0.00599	0.00197	0.00604	0.03692	0.00580	0.00960
2	0.01668	0.15321	0.02331	0.12095	0.31849	0.10184	0.01519	0.02047	0.05387	0.05855	0.01213	0.01478	0.00985	0.00627	0.00651	0.00183	0.04885	0.00509	0.00340	0.00872
3	0.00887	0.00605	0.00728	0.00745	0.00764	0.00616	0.00455	0.00929	0.00952	0.01285	0.02096	0.12483	0.02388	0.59379	0.12569	0.00616	0.00718	0.00976	0.00395	0.00416
4	0.08165	0.01196	0.01407	0.01107	0.01544	0.01181	0.00908	0.21755	0.01988	0.39868	0.02275	0.02116	0.05680	0.00796	0.00600	0.00188	0.00538	0.00625	0.07101	0.00962
5	0.00781	0.00574	0.00735	0.00839	0.00918	0.00528	0.00586	0.00924	0.01294	0.01705	0.10440	0.55958	0.15010	0.01818	0.00784	0.00243	0.00360	0.05394	0.00588	0.00520
6	0.01292	0.01107	0.01292	0.00923	0.01477	0.00831	0.00738	0.01569	0.01292	0.02030	0.01107	0.01292	0.00923	0.00461	0.00461	0.00092	0.00461	0.00369	0.00369	0.81912
7	0.00851	0.00669	0.00753	0.00727	0.00902	0.00612	0.00535	0.01131	0.05381	0.01993	0.30911	0.05118	0.37976	0.08561	0.00957	0.00242	0.00344	0.01174	0.00603	0.00560
8	0.01958	0.01069	0.01660	0.01276	0.01680	0.00996	0.15957	0.05586	0.01615	0.32109	0.02017	0.02063	0.01410	0.00703	0.00587	0.00181	0.00570	0.00632	0.27076	0.00856
9	0.01798	0.01264	0.01221	0.01037	0.01350	0.08423	0.00820	0.22335	0.08684	0.08782	0.01856	0.01949	0.01388	0.00739	0.00537	0.00169	0.00526	0.00573	0.35736	0.00812
10	0.01172	0.01042	0.01913	0.01515	0.01851	0.00960	0.28231	0.01485	0.01457	0.06267	0.13726	0.21860	0.13445	0.01169	0.00744	0.00218	0.00621	0.01135	0.00504	0.00684
11	0.00919	0.00733	0.00834	0.00792	0.00993	0.00699	0.00599	0.01365	0.11676	0.02192	0.37163	0.04856	0.32193	0.01333	0.00721	0.00204	0.00331	0.01142	0.00636	0.00620
12	0.01666	0.78478	0.03265	0.01066	0.01599	0.02465	0.01066	0.01866	0.01266	0.01466	0.00866	0.00999	0.00800	0.00533	0.00400	0.00133	0.00666	0.00333	0.00267	0.00800
13	0.00897	0.00639	0.00856	0.00856	0.00917	0.00700	0.00598	0.01019	0.00958	0.01339	0.01802	0.03182	0.01877	0.37781	0.42962	0.00822	0.01189	0.00775	0.00354	0.00476
14	0.01472	0.00791	0.01068	0.01054	0.01291	0.00741	0.00888	0.01733	0.01534	0.21963	0.07026	0.07869	0.07296	0.01397	0.00763	0.00245	0.00513	0.37902	0.03751	0.00704
15	0.78098	0.01235	0.00968	0.00853	0.01245	0.01427	0.00703	0.05697	0.01163	0.02858	0.00902	0.01039	0.00696	0.00588	0.00399	0.00192	0.00493	0.00350	0.00399	0.00696
16	0.00975	0.00908	0.04522	0.01137	0.01371	0.00783	0.10263	0.01221	0.01332	0.01715	0.03574	0.08216	0.23016	0.14103	0.01175	0.00302	0.00575	0.23740	0.00494	0.00576
17	0.01293	0.01104	0.01838	0.71169	0.04097	0.01351	0.01672	0.01696	0.01285	0.06853	0.01205	0.01694	0.00882	0.00634	0.00623	0.00207	0.00809	0.00559	0.00312	0.00719
18	0.00828	0.00635	0.00758	0.00727	0.00898	0.00565	0.00545	0.01071	0.01636	0.02194	0.48675	0.05155	0.31282	0.01387	0.00735	0.00201	0.00302	0.01197	0.00646	0.00565
19	0.00838	0.00642	0.00777	0.00796	0.00959	0.00581	0.00617	0.01065	0.01531	0.02004	0.30029	0.10858	0.31715	0.01520	0.00762	0.00222	0.00357	0.13554	0.00617	0.00555
20	0.06131	0.01190	0.01407	0.01121	0.01520	0.01196	0.00911	0.25538	0.02124	0.29429	0.19963	0.02492	0.02425	0.00880	0.00641	0.00192	0.00520	0.00716	0.00681	0.00923
21	0.01250	0.03223	0.74875	0.01776	0.02697	0.01447	0.02302	0.01973	0.01315	0.01973	0.01118	0.01315	0.00789	0.00592	0.00592	0.00197	0.00921	0.00460	0.00263	0.00921
22	0.01292	0.01107	0.01292	0.00923	0.01477	0.00831	0.00738	0.01569	0.01292	0.02030	0.01107	0.01292	0.00923	0.00461	0.00461	0.00092	0.00461	0.00369	0.00369	0.81912
23	0.00759	0.00542	0.00723	0.00868	0.00904	0.00506	0.00578	0.00868	0.01193	0.01591	0.03434	0.77697	0.04121	0.01952	0.00795	0.00253	0.00361	0.01771	0.00578	0.00506
24	0.00894	0.00666	0.00855	0.00923	0.01076	0.00627	0.00754	0.01138	0.01484	0.01936	0.19139	0.11356	0.21425	0.01607	0.00798	0.00246	0.00435	0.33481	0.00599	0.00560
25	0.01403	0.01201	0.01488	0.01072	0.01625	0.00978	0.05037	0.08176	0.01455	0.02205	0.01153	0.01334	0.00937	0.00492	0.00493	0.00108	0.00518	0.00409	0.00390	0.69526
26	0.00751	0.00572	0.00692	0.00788	0.00883	0.00513	0.00543	0.00877	0.01269	0.01622	0.04404	0.53533	0.27659	0.01826	0.00775	0.00239	0.00346	0.01617	0.00578	0.00513
27	0.01870	0.07847	0.10995	0.05886	0.02006	0.13863	0.01267	0.18217	0.17254	0.07821	0.01594	0.01660	0.01194	0.00922	0.04656	0.00231	0.00795	0.00545	0.00477	0.00901
28	0.01359	0.06916	0.28166	0.01474	0.05850	0.07161	0.01429	0.01889	0.07070	0.01932	0.01457	0.09724	0.01289	0.00727	0.00572	0.00171	0.00700	0.00593	0.00361	0.21162

[dist]
# distance from previous block
# <min> <max>
0	2

[block]
# block no. 9 follows, 36 sequences, length 12
# corresponding to MSA columns:
# 5222-5233
name=unknown_J
#
# <colnr> <probs for GDERKNQSTAVLIFYWHMCP>
#	G	D	E	R	K	N	Q	S	T	A	V	L	I	F	Y	W	H	M	C	P
0	0.01345	0.05862	0.10472	0.01145	0.01547	0.01175	0.01019	0.04689	0.22100	0.05305	0.03983	0.13303	0.07417	0.01007	0.00635	0.00196	0.00529	0.05008	0.00518	0.12744
1	0.01301	0.01095	0.01447	0.08234	0.09395	0.00947	0.00963	0.01593	0.01281	0.03830	0.01214	0.01507	0.01010	0.00979	0.09143	0.00220	0.00666	0.00447	0.00361	0.54367
2	0.00982	0.00738	0.00868	0.00816	0.00976	0.00731	0.00596	0.05508	0.05325	0.02029	0.27810	0.04286	0.19541	0.17579	0.09154	0.00369	0.00543	0.01018	0.00554	0.00577
3	0.01549	0.36833	0.02134	0.01094	0.01435	0.11969	0.00924	0.07831	0.01432	0.01694	0.01603	0.18281	0.01692	0.08045	0.00785	0.00212	0.00658	0.00733	0.00385	0.00708
4	0.00818	0.00606	0.00751	0.00772	0.00890	0.00552	0.00549	0.01012	0.01475	0.01990	0.35262	0.26358	0.18756	0.06237	0.00902	0.00241	0.00337	0.01340	0.00614	0.00539
5	0.01191	0.16641	0.15041	0.01342	0.09809	0.01209	0.01127	0.01507	0.01424	0.03996	0.13957	0.06439	0.21904	0.01018	0.00629	0.00189	0.00550	0.00847	0.00450	0.00730
6	0.01659	0.09898	0.12418	0.05049	0.36266	0.01666	0.01677	0.15203	0.06054	0.02343	0.01274	0.01496	0.01004	0.00614	0.00593	0.00184	0.00735	0.00529	0.00376	0.00962
7	0.01396	0.23225	0.32083	0.01361	0.01951	0.01596	0.01492	0.09794	0.01463	0.01982	0.01551	0.16386	0.01483	0.00863	0.00583	0.00190	0.00713	0.00697	0.00368	0.00821
8	0.00821	0.00644	0.00837	0.09494	0.01266	0.00626	0.00671	0.00989	0.01297	0.01678	0.10379	0.38148	0.23010	0.06114	0.00893	0.00251	0.00411	0.01395	0.00542	0.00533
9	0.17061	0.00782	0.00941	0.09545	0.01358	0.00849	0.00733	0.01227	0.01196	0.01890	0.12100	0.20409	0.05321	0.11306	0.12254	0.00383	0.00655	0.00966	0.00459	0.00565
10	0.01382	0.01597	0.20127	0.21591	0.05055	0.01177	0.02970	0.03706	0.01337	0.09263	0.01454	0.02080	0.01208	0.12045	0.00981	0.00250	0.00737	0.02569	0.00370	0.10103
11	0.08903	0.20656	0.08790	0.03638	0.05912	0.12529	0.01235	0.10046	0.05723	0.02066	0.01278	0.01450	0.02831	0.00699	0.00682	0.00182	0.08796	0.00479	0.03297	0.00809

[dist]
# distance from previous block
# <min> <max>
2	12

[block]
# block no. 10 follows, 36 sequences, length 6
# corresponding to MSA columns:
# 5246-5251
name=unknown_K
#
# <colnr> <probs for GDERKNQSTAVLIFYWHMCP>
#	G	D	E	R	K	N	Q	S	T	A	V	L	I	F	Y	W	H	M	C	P
0	0.25537	0.24620	0.12068	0.01331	0.06489	0.06036	0.03383	0.01913	0.01293	0.05653	0.01352	0.01473	0.05290	0.00638	0.00489	0.00175	0.00663	0.00458	0.00353	0.00785
1	0.04131	0.17839	0.04409	0.04046	0.07293	0.07892	0.01100	0.10184	0.01605	0.05810	0.12631	0.06703	0.04551	0.00902	0.00695	0.00190	0.05652	0.03142	0.00452	0.00774
2	0.01605	0.16975	0.08304	0.08749	0.05290	0.03987	0.01210	0.15050	0.05501	0.06411	0.01825	0.13045	0.04289	0.00900	0.00667	0.00194	0.04009	0.00721	0.00447	0.00821
3	0.16370	0.10770	0.11303	0.01329	0.05910	0.04785	0.05398	0.04326	0.01353	0.09412	0.01592	0.01964	0.05045	0.11163	0.00893	0.00235	0.00660	0.00563	0.00399	0.06530
4	0.08227	0.06358	0.08975	0.01383	0.05240	0.09999	0.01145	0.16176	0.04743	0.02311	0.04909	0.02078	0.08043	0.03744	0.00861	0.00210	0.10191	0.00613	0.04004	0.00788
5	0.07002	0.09609	0.20674	0.01595	0.10260	0.01431	0.01395	0.10588	0.01550	0.10083	0.05837	0.05167	0.01419	0.00882	0.03235	0.00217	0.04044	0.00589	0.00424	0.04000

[dist]
# distance from previous block
# <min> <max>
0	111

[block]
# block no. 11 follows, 36 sequences, length 25
# corresponding to MSA columns:
# 5363-5387
name=unknown_L
#
# <colnr> <probs for GDERKNQSTAVLIFYWHMCP>
#	G	D	E	R	K	N	Q	S	T	A	V	L	I	F	Y	W	H	M	C	P
0	0.00885	0.00671	0.00816	0.00875	0.01008	0.00644	0.00660	0.01164	0.06062	0.01798	0.10570	0.25517	0.21691	0.07791	0.00970	0.00270	0.00420	0.17058	0.00575	0.00556
1	0.01387	0.20083	0.01739	0.01252	0.06154	0.01396	0.00953	0.12666	0.08297	0.02123	0.05993	0.24098	0.03590	0.01157	0.00645	0.00204	0.00537	0.06472	0.00501	0.00752
2	0.01882	0.02030	0.27719	0.01425	0.02040	0.01433	0.01467	0.23100	0.07644	0.17104	0.01953	0.01918	0.05919	0.00759	0.00621	0.00195	0.00699	0.00599	0.00522	0.00969
3	0.01259	0.00907	0.01076	0.06979	0.01416	0.00920	0.00805	0.15333	0.01748	0.05143	0.13679	0.08920	0.23776	0.01233	0.00693	0.00208	0.00462	0.07792	0.06969	0.00683
4	0.01159	0.20674	0.26361	0.01229	0.01719	0.01329	0.02708	0.01512	0.01285	0.01708	0.02327	0.22852	0.10597	0.01070	0.00621	0.00199	0.00633	0.00899	0.00390	0.00727
5	0.01458	0.01470	0.01586	0.05415	0.23103	0.18725	0.01151	0.03166	0.01425	0.01755	0.07375	0.11206	0.01954	0.16199	0.01142	0.00272	0.00727	0.00778	0.00393	0.00702
6	0.01292	0.01301	0.15768	0.01139	0.01499	0.00969	0.01076	0.07195	0.01474	0.10573	0.14776	0.02743	0.07112	0.02271	0.27413	0.00484	0.00970	0.00739	0.00474	0.00732
7	0.01824	0.51929	0.02762	0.01243	0.01691	0.16382	0.01125	0.07495	0.01468	0.01674	0.00931	0.01091	0.00822	0.00615	0.00577	0.00154	0.06736	0.00381	0.00306	0.00796
8	0.06669	0.08417	0.01791	0.27955	0.08267	0.01435	0.01286	0.07118	0.01362	0.01915	0.01553	0.06271	0.05851	0.00794	0.00746	0.00196	0.09086	0.00624	0.00359	0.08307
9	0.01387	0.02038	0.32000	0.01785	0.09610	0.01309	0.08223	0.02119	0.13347	0.06848	0.05313	0.02308	0.06831	0.00782	0.00645	0.00204	0.00731	0.03217	0.00422	0.00882
10	0.00933	0.00641	0.00808	0.00866	0.00965	0.00613	0.00600	0.01174	0.05997	0.05152	0.12827	0.49647	0.07744	0.07802	0.00956	0.00266	0.00386	0.01468	0.00589	0.00565
11	0.01311	0.12098	0.01429	0.01037	0.01267	0.03942	0.00831	0.12637	0.01385	0.01879	0.01558	0.02222	0.01427	0.11688	0.36559	0.00612	0.01131	0.00615	0.05714	0.00659
12	0.01543	0.18036	0.17886	0.12590	0.02643	0.07681	0.17446	0.06523	0.01449	0.01879	0.01089	0.01381	0.00853	0.00616	0.00683	0.00190	0.05867	0.00517	0.00306	0.00822
13	0.01673	0.20054	0.03065	0.02304	0.16827	0.01826	0.29849	0.12975	0.01641	0.02180	0.01185	0.01461	0.00937	0.00568	0.00614	0.00183	0.00839	0.00576	0.00351	0.00894
14	0.00818	0.00582	0.00718	0.00802	0.00853	0.00552	0.00533	0.00910	0.01146	0.01501	0.03292	0.42554	0.11230	0.25271	0.01522	0.00358	0.00445	0.05922	0.00516	0.00473
15	0.01220	0.01131	0.01836	0.28597	0.30425	0.01220	0.01506	0.01558	0.01325	0.01772	0.02066	0.02489	0.12886	0.01098	0.06651	0.00265	0.00774	0.02067	0.00349	0.00766
16	0.04691	0.01529	0.05208	0.01837	0.13579	0.11906	0.15622	0.04565	0.01465	0.06667	0.04546	0.02448	0.07231	0.14714	0.01100	0.00266	0.00766	0.00708	0.00404	0.00749
17	0.00866	0.00660	0.00820	0.00908	0.01063	0.00614	0.00739	0.01079	0.01397	0.01757	0.04499	0.16041	0.31265	0.01696	0.00803	0.00252	0.00444	0.33974	0.00576	0.00546
18	0.07617	0.01665	0.01780	0.01372	0.01862	0.01831	0.01133	0.63031	0.02733	0.08487	0.01518	0.01505	0.01066	0.00738	0.00608	0.00188	0.00662	0.00551	0.00617	0.01035
19	0.08186	0.15500	0.06961	0.01969	0.20670	0.07149	0.02534	0.13070	0.08323	0.02269	0.01378	0.01538	0.02978	0.00671	0.00627	0.00183	0.04199	0.00519	0.00391	0.00887
20	0.01405	0.01117	0.01297	0.01163	0.01382	0.04634	0.00914	0.18705	0.07289	0.02135	0.01672	0.02324	0.01486	0.07673	0.34426	0.03674	0.04724	0.02842	0.00433	0.00705
21	0.00881	0.00610	0.00811	0.00907	0.01002	0.00573	0.00670	0.01058	0.01351	0.03770	0.13593	0.47353	0.07617	0.01758	0.00792	0.00248	0.00397	0.15465	0.00598	0.00548
22	0.01929	0.02301	0.01866	0.13754	0.08048	0.46239	0.01370	0.02143	0.01527	0.01572	0.00980	0.01281	0.00824	0.00703	0.00809	0.00188	0.12969	0.00461	0.00305	0.00732
23	0.00836	0.00613	0.00834	0.00900	0.00988	0.00621	0.00659	0.01010	0.01208	0.01641	0.09605	0.33801	0.07932	0.06130	0.24229	0.00497	0.00787	0.06677	0.00503	0.00530
24	0.01591	0.07405	0.01379	0.01067	0.01317	0.09424	0.00845	0.12286	0.04894	0.06891	0.01984	0.05043	0.06204	0.08378	0.00973	0.00225	0.08993	0.00667	0.19711	0.00721

[dist]
# distance from previous block
# <min> <max>
0	19

[block]
# block no. 12 follows, 36 sequences, length 13
# corresponding to MSA columns:
# 5408-5420
name=unknown_M
#
# <colnr> <probs for GDERKNQSTAVLIFYWHMCP>
#	G	D	E	R	K	N	Q	S	T	A	V	L	I	F	Y	W	H	M	C	P
0	0.15471	0.07333	0.03938	0.01038	0.01421	0.01431	0.00886	0.29532	0.01904	0.02958	0.01500	0.01635	0.01138	0.00690	0.00504	0.00171	0.00531	0.00508	0.26597	0.00815
1	0.01051	0.00573	0.00685	0.00711	0.00806	0.00575	0.00509	0.01193	0.01165	0.01878	0.02077	0.16118	0.01958	0.01541	0.06774	0.16164	0.00460	0.00799	0.44460	0.00505
2	0.01163	0.00981	0.01100	0.00852	0.01286	0.00788	0.00673	0.05191	0.01425	0.02016	0.02891	0.02896	0.25660	0.00855	0.00563	0.00137	0.00424	0.00700	0.00454	0.49945
3	0.00819	0.00586	0.00706	0.00760	0.00821	0.00551	0.00496	0.00917	0.01190	0.01571	0.10840	0.34416	0.13933	0.27679	0.01587	0.00360	0.00430	0.01342	0.00522	0.00474
4	0.01402	0.01104	0.01303	0.00936	0.01485	0.00837	0.00751	0.01676	0.01328	0.07340	0.01206	0.01353	0.00968	0.00484	0.00474	0.00100	0.00466	0.00388	0.00399	0.76000
5	0.00909	0.00644	0.00770	0.06621	0.00982	0.00656	0.00497	0.00958	0.00981	0.01287	0.02279	0.06348	0.07768	0.63721	0.02709	0.00532	0.00592	0.00937	0.00392	0.00418
6	0.66140	0.05457	0.07895	0.00937	0.01386	0.01431	0.00859	0.01916	0.01136	0.06800	0.00982	0.01103	0.00742	0.00588	0.00419	0.00190	0.00535	0.00365	0.00390	0.00726
7	0.01772	0.01094	0.01375	0.01169	0.01424	0.01187	0.00938	0.14427	0.01629	0.22291	0.02335	0.09404	0.07343	0.07973	0.01177	0.00256	0.16142	0.05052	0.02221	0.00791
8	0.02284	0.01703	0.01822	0.01416	0.01900	0.01893	0.01164	0.65016	0.10191	0.03790	0.01604	0.01582	0.01147	0.00758	0.00624	0.00190	0.00666	0.00576	0.00624	0.01052
9	0.01890	0.52913	0.02757	0.01249	0.01710	0.27228	0.01113	0.02076	0.01435	0.01486	0.00899	0.01041	0.00801	0.00570	0.00455	0.00142	0.00821	0.00356	0.00285	0.00773
