[name]
unknown

[dist]
# distance from previous block
# <min> <max>
2	1121

[block]
# block no. 0 follows, 40 sequences, length 22
# corresponding to MSA columns:
# 1184-1205
name=unknown_A
#
# <colnr> <probs for GDERKNQSTAVLIFYWHMCP>
#	G	D	E	R	K	N	Q	S	T	A	V	L	I	F	Y	W	H	M	C	P
0	0.08977	0.01165	0.07628	0.09706	0.04924	0.01091	0.01047	0.09301	0.06485	0.18031	0.01697	0.07874	0.01381	0.01499	0.16227	0.00341	0.00778	0.00628	0.00457	0.00763
1	0.01055	0.00816	0.01149	0.07435	0.16371	0.00852	0.00818	0.01264	0.07203	0.01419	0.01598	0.05091	0.01645	0.37935	0.01926	0.11246	0.00583	0.00717	0.00345	0.00530
2	0.00756	0.00543	0.00704	0.00777	0.00830	0.00530	0.00526	0.00865	0.01080	0.01450	0.06731	0.45930	0.07777	0.16467	0.11859	0.00389	0.00544	0.01301	0.00479	0.00462
3	0.04147	0.01026	0.01140	0.01219	0.10465	0.06127	0.00771	0.11670	0.04078	0.04662	0.02106	0.11326	0.07922	0.29142	0.01449	0.00322	0.00566	0.00813	0.00433	0.00617
4	0.01626	0.08342	0.01648	0.14817	0.01927	0.02478	0.01075	0.26390	0.01681	0.08388	0.01401	0.05016	0.01180	0.07211	0.05711	0.00263	0.09067	0.00585	0.00430	0.00762
5	0.01291	0.00949	0.01211	0.09548	0.01543	0.01082	0.00904	0.01848	0.19549	0.10913	0.02308	0.10414	0.08409	0.03900	0.04734	0.00256	0.12548	0.03050	0.04844	0.00697
6	0.00932	0.00728	0.01018	0.18188	0.07803	0.00763	0.00814	0.01130	0.01143	0.01564	0.03591	0.17320	0.13601	0.16884	0.01086	0.00267	0.00494	0.00920	0.11217	0.00538
7	0.00905	0.00554	0.00701	0.00718	0.00772	0.00571	0.00489	0.00976	0.00962	0.01420	0.01816	0.11852	0.01866	0.24712	0.17195	0.14510	0.00666	0.00774	0.18117	0.00425
8	0.19610	0.01953	0.01541	0.01501	0.09295	0.33844	0.01066	0.14726	0.07456	0.02200	0.01103	0.01216	0.00864	0.00610	0.00510	0.00167	0.00765	0.00425	0.00384	0.00765
9	0.01321	0.01186	0.01554	0.12785	0.20125	0.05316	0.01139	0.07741	0.06696	0.02092	0.17243	0.02065	0.01930	0.00695	0.00573	0.00163	0.00565	0.00604	0.00417	0.15792
10	0.01374	0.08395	0.02189	0.29787	0.25979	0.01475	0.08497	0.06699	0.06497	0.01857	0.01164	0.01494	0.00913	0.00568	0.00572	0.00180	0.00723	0.00525	0.00316	0.00798
11	0.01365	0.07975	0.01413	0.01079	0.01398	0.16600	0.00847	0.01663	0.07077	0.01675	0.01473	0.15766	0.01448	0.00812	0.00650	0.00154	0.07629	0.00631	0.00375	0.29971
12	0.08412	0.01227	0.01751	0.01755	0.16816	0.01273	0.10625	0.16130	0.07350	0.04571	0.01518	0.02078	0.01290	0.04450	0.08117	0.00273	0.00727	0.06488	0.00419	0.04730
13	0.01118	0.00970	0.01497	0.01780	0.23699	0.01002	0.04179	0.01479	0.06935	0.01648	0.01447	0.02038	0.01305	0.09240	0.31700	0.00511	0.01001	0.00594	0.00332	0.07524
14	0.11982	0.01423	0.01679	0.27600	0.05485	0.08340	0.04017	0.22371	0.07478	0.02348	0.01210	0.01430	0.00904	0.00621	0.00553	0.00182	0.00700	0.00498	0.00396	0.00782
15	0.01071	0.05225	0.44391	0.01494	0.07750	0.01129	0.01559	0.01520	0.01194	0.01698	0.01791	0.14756	0.06561	0.06415	0.00759	0.00217	0.00689	0.00721	0.00326	0.00734
16	0.01065	0.00989	0.01654	0.71648	0.03739	0.01223	0.01524	0.01429	0.01159	0.01486	0.01217	0.08091	0.01034	0.00686	0.00595	0.00197	0.00738	0.00613	0.00282	0.00631
17	0.00949	0.00715	0.00835	0.00842	0.00957	0.03355	0.00613	0.05984	0.01189	0.01626	0.02473	0.25687	0.08915	0.10793	0.23919	0.00461	0.00764	0.00987	0.08412	0.00524
18	0.00722	0.00579	0.00645	0.00652	0.00813	0.00502	0.00480	0.00893	0.01373	0.01738	0.21923	0.14962	0.49771	0.01452	0.00694	0.00198	0.00295	0.01242	0.00564	0.00502
19	0.01436	0.01364	0.01385	0.01233	0.01423	0.16737	0.00978	0.14490	0.01396	0.01791	0.01245	0.01683	0.01097	0.02307	0.33666	0.00510	0.15724	0.00533	0.00347	0.00657
20	0.00820	0.00708	0.00699	0.00736	0.00854	0.05809	0.00510	0.00930	0.01205	0.01467	0.04022	0.30787	0.34785	0.12750	0.01022	0.00260	0.00400	0.01263	0.00496	0.00477
21	0.01616	0.11900	0.02180	0.08316	0.18617	0.12822	0.07071	0.12779	0.01479	0.01900	0.01015	0.01298	0.00839	0.00649	0.00795	0.00182	0.14952	0.00482	0.00321	0.00786

[dist]
# distance from previous block
# <min> <max>
0	2

[block]
# block no. 1 follows, 40 sequences, length 13
# corresponding to MSA columns:
# 1208-1220
name=unknown_B
#
# <colnr> <probs for GDERKNQSTAVLIFYWHMCP>
#	G	D	E	R	K	N	Q	S	T	A	V	L	I	F	Y	W	H	M	C	P
0	0.83671	0.01125	0.00855	0.00765	0.01125	0.01305	0.00630	0.01709	0.00990	0.02609	0.00810	0.00945	0.00630	0.00540	0.00360	0.00180	0.00450	0.00315	0.00360	0.00630
1	0.27373	0.01304	0.01585	0.32864	0.07813	0.09111	0.04929	0.01678	0.01166	0.01879	0.00947	0.01287	0.00742	0.00583	0.00576	0.00187	0.04561	0.00447	0.00298	0.00670
2	0.01666	0.01340	0.01422	0.01207	0.01565	0.01520	0.00953	0.26037	0.47890	0.02771	0.02026	0.01996	0.01536	0.04522	0.00702	0.00207	0.00524	0.00623	0.00577	0.00916
3	0.01138	0.06395	0.01058	0.00856	0.01045	0.00881	0.00647	0.12091	0.01386	0.05606	0.07345	0.17043	0.14215	0.16343	0.10986	0.00358	0.00601	0.00940	0.00476	0.00588
4	0.09649	0.01043	0.01170	0.00851	0.01352	0.00829	0.00683	0.01489	0.01184	0.01968	0.01011	0.01179	0.00838	0.00442	0.00423	0.00096	0.00433	0.00341	0.00346	0.74672
5	0.01584	0.01565	0.02034	0.20859	0.25953	0.13634	0.07110	0.12646	0.05301	0.02010	0.01164	0.01444	0.00909	0.00585	0.00579	0.00178	0.00772	0.00516	0.00342	0.00814
6	0.01205	0.01078	0.01290	0.06733	0.07195	0.07072	0.00925	0.07981	0.01210	0.01602	0.01701	0.09522	0.05334	0.20657	0.07943	0.00357	0.16502	0.00738	0.00362	0.00592
7	0.00844	0.00568	0.00658	0.00658	0.00666	0.00577	0.00382	0.00861	0.00853	0.01145	0.01811	0.03686	0.02062	0.73648	0.08803	0.00593	0.00642	0.00828	0.00349	0.00365
8	0.01007	0.00919	0.08547	0.00851	0.01087	0.00733	0.00723	0.01411	0.08677	0.01977	0.17332	0.13891	0.02673	0.07163	0.00763	0.00205	0.00406	0.03247	0.20809	0.07578
9	0.01401	0.20508	0.01761	0.01251	0.08965	0.01360	0.00926	0.14830	0.01388	0.01878	0.01181	0.01569	0.01043	0.05403	0.13991	0.07978	0.00751	0.00476	0.00345	0.12995
10	0.02172	0.02772	0.01648	0.01498	0.01798	0.77228	0.01124	0.02322	0.01648	0.01423	0.00899	0.01049	0.00749	0.00599	0.00524	0.00150	0.01049	0.00375	0.00300	0.00674
11	0.23429	0.01058	0.01380	0.07051	0.18313	0.01076	0.01009	0.01928	0.01353	0.23492	0.08782	0.01971	0.05388	0.00702	0.00538	0.00180	0.00516	0.00572	0.00476	0.00785
12	0.00822	0.08700	0.00917	0.00742	0.00919	0.00696	0.00578	0.00992	0.01312	0.01659	0.14941	0.21417	0.35430	0.01420	0.00677	0.00202	0.00355	0.07172	0.00525	0.00525

[dist]
# distance from previous block
# <min> <max>
0	4

[block]
# block no. 2 follows, 40 sequences, length 88
# corresponding to MSA columns:
# 1225-1235,1237-1245,1308-1374,1396
name=unknown_C
#
# <colnr> <probs for GDERKNQSTAVLIFYWHMCP>
#	G	D	E	R	K	N	Q	S	T	A	V	L	I	F	Y	W	H	M	C	P
0	0.01143	0.00986	0.01542	0.17358	0.31121	0.01019	0.01219	0.01453	0.01325	0.01880	0.12774	0.02474	0.10281	0.00763	0.00582	0.00176	0.00541	0.00682	0.11974	0.00708
1	0.02132	0.08927	0.01796	0.01407	0.01774	0.47873	0.01107	0.24166	0.01940	0.02103	0.01043	0.01145	0.00822	0.00621	0.00529	0.00155	0.00888	0.00415	0.00382	0.00776
2	0.01525	0.01499	0.08020	0.01425	0.01855	0.01495	0.11311	0.13301	0.47657	0.02485	0.01944	0.01891	0.01446	0.00714	0.00600	0.00193	0.00594	0.00623	0.00519	0.00906
3	0.01439	0.01382	0.02360	0.03569	0.75936	0.01382	0.01785	0.01785	0.01324	0.01900	0.01094	0.01439	0.00921	0.00518	0.00576	0.00173	0.00691	0.00518	0.00288	0.00921
4	0.00981	0.00654	0.00970	0.00943	0.01076	0.00738	0.00738	0.01190	0.00996	0.07673	0.01620	0.02259	0.01453	0.04054	0.70794	0.00871	0.01468	0.00620	0.00346	0.00559
5	0.01890	0.01868	0.01534	0.01324	0.01664	0.29255	0.01034	0.23906	0.20177	0.02341	0.01470	0.01537	0.01136	0.00993	0.07028	0.00235	0.00822	0.00511	0.00458	0.00817
6	0.00814	0.00637	0.00807	0.00924	0.07127	0.00588	0.00584	0.00973	0.01277	0.01684	0.20580	0.19002	0.26434	0.14687	0.01075	0.00262	0.00377	0.01145	0.00510	0.00513
7	0.07745	0.00593	0.00669	0.00716	0.00799	0.00575	0.00478	0.00913	0.01085	0.01530	0.06429	0.35381	0.14867	0.24021	0.01337	0.00317	0.00402	0.01210	0.00475	0.00458
8	0.01484	0.01279	0.01425	0.01392	0.07802	0.01459	0.01003	0.06513	0.65088	0.02449	0.02211	0.02070	0.01664	0.00762	0.00590	0.00194	0.00489	0.00639	0.00566	0.00924
9	0.00834	0.00559	0.00638	0.00649	0.00652	0.00556	0.00368	0.00843	0.00868	0.01158	0.01948	0.10161	0.02260	0.73008	0.02773	0.00536	0.00545	0.00914	0.00368	0.00362
10	0.00774	0.00644	0.00888	0.00845	0.01009	0.00576	0.06680	0.00954	0.01306	0.01685	0.15505	0.30627	0.33408	0.01467	0.00706	0.00208	0.00364	0.01302	0.00535	0.00518
11	0.01235	0.07684	0.01361	0.00873	0.01388	0.00904	0.00715	0.01488	0.01204	0.01851	0.01015	0.01183	0.00852	0.00436	0.00426	0.00089	0.00447	0.00342	0.00336	0.76173
12	0.00844	0.00658	0.00955	0.01214	0.11451	0.00639	0.00755	0.01013	0.01189	0.01613	0.08060	0.50029	0.05212	0.01764	0.06599	0.00278	0.00489	0.06195	0.00494	0.00549
13	0.00943	0.00700	0.00906	0.00965	0.07167	0.00680	0.00616	0.04476	0.01415	0.01966	0.41163	0.03836	0.06049	0.25057	0.01366	0.00298	0.00416	0.00925	0.00517	0.00539
14	0.00832	0.00697	0.00757	0.00868	0.00924	0.06944	0.00589	0.00937	0.01158	0.01479	0.03011	0.72596	0.03585	0.01719	0.00724	0.00229	0.00397	0.01545	0.00520	0.00489
15	0.07822	0.00631	0.00761	0.00766	0.00836	0.00677	0.00527	0.00992	0.00921	0.01366	0.01786	0.07008	0.01927	0.42302	0.25470	0.00616	0.00848	0.03943	0.00358	0.00441
16	0.01266	0.08004	0.14228	0.01425	0.01847	0.01265	0.16637	0.12203	0.01423	0.01967	0.07550	0.01886	0.01425	0.01773	0.24011	0.00409	0.00997	0.00600	0.00359	0.00723
17	0.01379	0.01542	0.03253	0.02344	0.02910	0.01469	0.67677	0.01966	0.07571	0.01911	0.01277	0.01619	0.00958	0.00515	0.00678	0.00196	0.00937	0.00684	0.00319	0.00796
18	0.00958	0.00750	0.00720	0.00707	0.00732	0.07028	0.00417	0.00970	0.00913	0.01152	0.01754	0.03573	0.01999	0.72905	0.02754	0.00529	0.00605	0.00806	0.00348	0.00379
19	0.01773	0.01250	0.01826	0.23607	0.22771	0.01331	0.01381	0.17727	0.01663	0.18780	0.01411	0.01582	0.01010	0.00620	0.00581	0.00181	0.00660	0.00534	0.00440	0.00873
20	0.01230	0.25055	0.01571	0.00897	0.01153	0.07581	0.00735	0.05179	0.01373	0.01739	0.22814	0.02722	0.05893	0.14175	0.05315	0.00269	0.00587	0.00690	0.00418	0.00606
21	0.00846	0.00564	0.00634	0.00634	0.00634	0.00564	0.00352	0.00846	0.00846	0.01128	0.01832	0.03805	0.02114	0.79563	0.02960	0.00564	0.00564	0.00846	0.00352	0.00352
22	0.00802	0.00575	0.00712	0.00786	0.00857	0.00550	0.00563	0.00919	0.01116	0.01449	0.03150	0.27752	0.13823	0.25632	0.01431	0.00339	0.00448	0.18163	0.00481	0.00453
23	0.02172	0.02772	0.01648	0.01498	0.01798	0.77228	0.01124	0.02322	0.01648	0.01423	0.00899	0.01049	0.00749	0.00599	0.00524	0.00150	0.01049	0.00375	0.00300	0.00674
24	0.00731	0.00516	0.00668	0.00780	0.00809	0.00488	0.00509	0.00816	0.01069	0.01425	0.02976	0.66606	0.03557	0.14793	0.01112	0.00291	0.00375	0.01518	0.00509	0.00452
25	0.00846	0.00564	0.00634	0.00634	0.00634	0.00564	0.00352	0.00846	0.00846	0.01128	0.01832	0.03805	0.02114	0.79563	0.02960	0.00564	0.00564	0.00846	0.00352	0.00352
26	0.00831	0.00623	0.00935	0.00935	0.01038	0.00727	0.00727	0.01038	0.00935	0.01350	0.01558	0.02285	0.01454	0.04361	0.77259	0.00935	0.01558	0.00623	0.00312	0.00519
27	0.00709	0.00506	0.00675	0.00810	0.00843	0.00472	0.00540	0.00810	0.01113	0.01484	0.03205	0.79184	0.03846	0.01822	0.00742	0.00236	0.00337	0.01653	0.00540	0.00472
28	0.01260	0.00721	0.00840	0.00788	0.00991	0.00693	0.00607	0.08281	0.01445	0.12997	0.05135	0.18613	0.14068	0.01115	0.00594	0.00185	0.00372	0.04972	0.25696	0.00628
29	0.00807	0.00604	0.00756	0.00748	0.00899	0.00553	0.00581	0.01050	0.01524	0.02063	0.48227	0.04971	0.21954	0.01318	0.00704	0.00199	0.00318	0.11591	0.00601	0.00533
30	0.02167	0.01271	0.01446	0.01127	0.01539	0.01325	0.00925	0.41362	0.02181	0.25797	0.01746	0.01690	0.01202	0.00702	0.00557	0.00170	0.00541	0.00545	0.12785	0.00923
31	0.00709	0.00506	0.00675	0.00810	0.00843	0.00472	0.00540	0.00810	0.01113	0.01484	0.03205	0.79184	0.03846	0.01822	0.00742	0.00236	0.00337	0.01653	0.00540	0.00472
32	0.01578	0.01006	0.01178	0.01034	0.01295	0.01039	0.00791	0.26003	0.05345	0.14738	0.02321	0.31844	0.02276	0.05739	0.00784	0.00223	0.00485	0.00997	0.00576	0.00748
33	0.01373	0.01569	0.03431	0.02451	0.03039	0.01471	0.73824	0.01863	0.01373	0.01863	0.01176	0.01569	0.00882	0.00490	0.00686	0.00196	0.00980	0.00686	0.00294	0.00784
34	0.00723	0.00537	0.00658	0.00736	0.00813	0.00490	0.00501	0.00838	0.01176	0.01530	0.08542	0.50026	0.20973	0.08501	0.00919	0.00252	0.00343	0.01441	0.00530	0.00471
35	0.00726	0.00585	0.00647	0.00644	0.00813	0.00506	0.00478	0.00906	0.01400	0.01776	0.25023	0.10306	0.51315	0.01418	0.00691	0.00195	0.00292	0.01208	0.00568	0.00506
36	0.01206	0.01034	0.01206	0.00861	0.01378	0.00775	0.00689	0.01464	0.01206	0.01895	0.01034	0.01206	0.00861	0.00431	0.00431	0.00086	0.00431	0.00345	0.00345	0.83118
37	0.01044	0.06965	0.07278	0.00812	0.01104	0.00797	0.00710	0.04594	0.01399	0.08298	0.07986	0.11270	0.43113	0.01236	0.00643	0.00190	0.00404	0.01032	0.00516	0.00610
38	0.00750	0.00524	0.00662	0.00756	0.00780	0.00500	0.00483	0.00821	0.01032	0.01375	0.02786	0.56160	0.03317	0.25567	0.01420	0.00336	0.00407	0.01407	0.00483	0.00436
39	0.01588	0.01650	0.01966	0.36185	0.02976	0.24482	0.13456	0.01908	0.01385	0.07283	0.01113	0.01433	0.00836	0.00582	0.00582	0.00180	0.00871	0.00507	0.00312	0.00704
40	0.01095	0.00886	0.01008	0.00927	0.01152	0.00947	0.00710	0.01974	0.34308	0.02341	0.39683	0.03432	0.07111	0.01024	0.00644	0.00190	0.00358	0.00884	0.00614	0.00712
41	0.55599	0.01765	0.26609	0.01068	0.01598	0.01320	0.01147	0.01754	0.01071	0.02348	0.00889	0.01041	0.00666	0.00544	0.00425	0.00181	0.00589	0.00354	0.00321	0.00708
42	0.01433	0.01111	0.01307	0.01046	0.01419	0.01110	0.00842	0.26013	0.01643	0.02331	0.01317	0.01600	0.01086	0.01722	0.23949	0.00375	0.00846	0.00491	0.00415	0.29945
43	0.01153	0.00730	0.00934	0.00833	0.01075	0.00625	0.00626	0.01363	0.01383	0.13421	0.24681	0.26270	0.03282	0.01135	0.00628	0.00176	0.00364	0.01000	0.00553	0.19769
44	0.00792	0.00572	0.00619	0.00619	0.00686	0.00539	0.00383	0.00842	0.01009	0.01278	0.03213	0.04415	0.27151	0.52994	0.02187	0.00439	0.00472	0.00976	0.00416	0.00400
45	0.01354	0.01152	0.01235	0.01117	0.01417	0.01314	0.00865	0.02795	0.64051	0.02418	0.13204	0.02491	0.02324	0.00848	0.00606	0.00195	0.00433	0.00716	0.00599	0.00865
46	0.00901	0.00701	0.00968	0.00930	0.00987	0.00833	0.00693	0.01033	0.00901	0.01289	0.01524	0.02599	0.01553	0.26837	0.43419	0.00721	0.12635	0.00674	0.00316	0.00486
47	0.00785	0.00567	0.00698	0.00727	0.00812	0.00531	0.00505	0.00930	0.01254	0.01684	0.25370	0.24125	0.14019	0.20151	0.01251	0.00294	0.00377	0.04923	0.00525	0.00473
48	0.11104	0.00941	0.01190	0.00946	0.01320	0.00860	0.00756	0.02418	0.01470	0.57250	0.02066	0.02138	0.01452	0.12363	0.00912	0.00237	0.00500	0.00594	0.00627	0.00857
49	0.01206	0.01034	0.01206	0.00861	0.01378	0.00775	0.00689	0.01464	0.01206	0.01895	0.01034	0.01206	0.00861	0.00431	0.00431	0.00086	0.00431	0.00345	0.00345	0.83118
50	0.00709	0.00506	0.00675	0.00810	0.00843	0.00472	0.00540	0.00810	0.01113	0.01484	0.03205	0.79184	0.03846	0.01822	0.00742	0.00236	0.00337	0.01653	0.00540	0.00472
51	0.01385	0.00843	0.00994	0.00886	0.01143	0.00809	0.00683	0.12214	0.05019	0.18372	0.08668	0.20839	0.23333	0.01221	0.00657	0.00198	0.00406	0.01041	0.00595	0.00694
52	0.00866	0.00558	0.00686	0.00732	0.00768	0.00536	0.00460	0.00922	0.01004	0.04802	0.02471	0.37627	0.02862	0.40910	0.01851	0.00398	0.00459	0.01197	0.00454	0.00436
53	0.00782	0.00593	0.00720	0.00688	0.00843	0.00531	0.00516	0.01017	0.01548	0.02100	0.54328	0.04726	0.26933	0.01276	0.00686	0.00187	0.00281	0.01105	0.00610	0.00531
54	0.00746	0.00595	0.00795	0.00813	0.00937	0.00536	0.04194	0.00898	0.01246	0.01612	0.10874	0.44251	0.27191	0.01581	0.00716	0.00216	0.00350	0.01409	0.00537	0.00501
55	0.01166	0.00744	0.00856	0.00798	0.00914	0.00758	0.00535	0.07354	0.07364	0.08675	0.02056	0.12599	0.02131	0.47859	0.02017	0.00416	0.00522	0.00873	0.01830	0.00532
56	0.00910	0.00621	0.00760	0.00709	0.00887	0.00553	0.00538	0.01141	0.01548	0.07427	0.48765	0.04561	0.26924	0.01243	0.00679	0.00187	0.00296	0.01072	0.00615	0.00563
57	0.01839	0.01287	0.01413	0.01161	0.01532	0.01414	0.00935	0.33738	0.24573	0.10871	0.01848	0.01817	0.01352	0.00919	0.04607	0.00218	0.00582	0.00578	0.08416	0.00901
58	0.00811	0.00607	0.00741	0.00803	0.00915	0.00570	0.00583	0.04725	0.01303	0.01694	0.07895	0.45545	0.21668	0.01619	0.00723	0.00223	0.00358	0.08156	0.00547	0.00515
59	0.08132	0.00801	0.00897	0.00830	0.01069	0.00775	0.00633	0.07789	0.04859	0.14336	0.03599	0.23408	0.28104	0.01260	0.00643	0.00201	0.00390	0.01067	0.00561	0.00645
60	0.01663	0.01806	0.02143	0.02937	0.53291	0.24549	0.01583	0.01949	0.01423	0.01754	0.01034	0.01320	0.00869	0.00543	0.00560	0.00166	0.00800	0.00474	0.00291	0.00846
61	0.01166	0.03008	0.76550	0.01657	0.02517	0.01351	0.02149	0.01842	0.01228	0.01842	0.01044	0.01228	0.00737	0.00552	0.00552	0.00184	0.00859	0.00430	0.00246	0.00859
62	0.20284	0.00899	0.01064	0.00881	0.01216	0.00862	0.00711	0.02051	0.01507	0.37161	0.24360	0.02469	0.02494	0.00823	0.00565	0.00181	0.00417	0.00667	0.00615	0.00774
63	0.00960	0.00709	0.00838	0.00783	0.00965	0.00703	0.00601	0.09435	0.01503	0.02050	0.25517	0.07351	0.24178	0.01734	0.13433	0.00310	0.00539	0.00959	0.06859	0.00574
64	0.01479	0.64944	0.17354	0.01124	0.01692	0.02116	0.01220	0.01761	0.01191	0.01460	0.00854	0.00990	0.00744	0.00508	0.00408	0.00136	0.00668	0.00334	0.00248	0.00768
65	0.01555	0.79913	0.03047	0.00995	0.01493	0.02301	0.00995	0.01741	0.01182	0.01368	0.00808	0.00933	0.00746	0.00498	0.00373	0.00124	0.00622	0.00311	0.00249	0.00746
66	0.00776	0.00581	0.00783	0.00820	0.00910	0.00606	0.00598	0.00927	0.01038	0.01403	0.02722	0.23925	0.14010	0.09660	0.37789	0.00594	0.00938	0.01020	0.00414	0.00488
67	0.01407	0.01438	0.05791	0.07731	0.68406	0.01375	0.01792	0.01770	0.01310	0.01874	0.01088	0.01436	0.00904	0.00523	0.00575	0.00174	0.00704	0.00514	0.00284	0.00903
68	0.01098	0.01034	0.01744	0.78165	0.04005	0.01292	0.01615	0.01486	0.01163	0.01486	0.01034	0.01550	0.00775	0.00581	0.00581	0.00194	0.00775	0.00517	0.00258	0.00646
69	0.00911	0.00690	0.00934	0.00896	0.00939	0.00808	0.00651	0.01003	0.00885	0.01254	0.01520	0.02702	0.01587	0.33063	0.33491	0.04702	0.12500	0.00687	0.00316	0.00458
70	0.00817	0.00662	0.00868	0.04551	0.07267	0.00618	0.00662	0.01024	0.01380	0.01822	0.27073	0.18811	0.29639	0.01327	0.00683	0.00198	0.00352	0.01160	0.00538	0.00549
71	0.01202	0.01140	0.01932	0.55381	0.25976	0.01319	0.01667	0.01577	0.01212	0.01612	0.01052	0.01516	0.00820	0.00562	0.00580	0.00187	0.00749	0.00517	0.00267	0.00730
72	0.01555	0.79913	0.03047	0.00995	0.01493	0.02301	0.00995	0.01741	0.01182	0.01368	0.00808	0.00933	0.00746	0.00498	0.00373	0.00124	0.00622	0.00311	0.00249	0.00746
73	0.01103	0.00984	0.01605	0.24951	0.29134	0.01051	0.01311	0.01384	0.01208	0.01657	0.01746	0.25242	0.01789	0.00940	0.00623	0.00197	0.00595	0.00865	0.02926	0.00690
74	0.01198	0.09176	0.70655	0.01604	0.02435	0.01427	0.02056	0.01834	0.01224	0.01804	0.01025	0.01204	0.00737	0.00548	0.00538	0.00179	0.00840	0.00420	0.00246	0.00850
75	0.01619	0.01323	0.01244	0.01122	0.01327	0.20199	0.00874	0.01791	0.01374	0.17108	0.06658	0.08019	0.03192	0.07541	0.00995	0.00226	0.12141	0.07434	0.05152	0.00660
76	0.02172	0.02772	0.01648	0.01498	0.01798	0.77228	0.01124	0.02322	0.01648	0.01423	0.00899	0.01049	0.00749	0.00599	0.00524	0.00150	0.01049	0.00375	0.00300	0.00674
77	0.05918	0.02209	0.10446	0.05451	0.01940	0.35317	0.01223	0.19398	0.08776	0.02166	0.01177	0.01281	0.00898	0.00632	0.00543	0.00168	0.00829	0.00448	0.00389	0.00791
78	0.01313	0.02027	0.27892	0.02341	0.13122	0.01418	0.39560	0.01845	0.01317	0.01861	0.01120	0.01436	0.00839	0.00515	0.00626	0.00189	0.00899	0.00576	0.00277	0.00829
79	0.09002	0.01139	0.01814	0.02256	0.36798	0.01114	0.10250	0.01502	0.01305	0.01876	0.03819	0.02655	0.22444	0.00803	0.00603	0.00183	0.00583	0.00733	0.00374	0.00746
80	0.00833	0.00614	0.00890	0.00890	0.00979	0.00703	0.00671	0.01010	0.00921	0.01317	0.01598	0.02510	0.01551	0.15485	0.66268	0.00880	0.01411	0.00656	0.00318	0.00495
81	0.01225	0.01457	0.19375	0.08012	0.13093	0.01134	0.01344	0.08403	0.01305	0.03584	0.01400	0.01935	0.01182	0.01730	0.22659	0.00401	0.02329	0.04023	0.04677	0.00732
82	0.01200	0.00966	0.01249	0.14019	0.07895	0.01032	0.00947	0.09218	0.13855	0.04476	0.15342	0.03048	0.18197	0.01126	0.04663	0.00228	0.00542	0.00797	0.00496	0.00705
83	0.00724	0.00532	0.00685	0.00781	0.00843	0.00504	0.00534	0.00837	0.01112	0.01465	0.03354	0.57533	0.13639	0.06109	0.08139	0.00314	0.00460	0.01453	0.00508	0.00473
84	0.01327	0.01118	0.01368	0.01198	0.01468	0.03463	0.07761	0.15125	0.24564	0.02245	0.04864	0.28405	0.02353	0.01106	0.00652	0.00204	0.00512	0.00982	0.00537	0.00746
85	0.01424	0.07811	0.17183	0.06155	0.23441	0.03339	0.09029	0.05886	0.01360	0.03826	0.01093	0.01341	0.00859	0.00542	0.00581	0.00164	0.02752	0.00475	0.00311	0.12426
86	0.01752	0.22423	0.14888	0.01473	0.05727	0.31160	0.01286	0.06202	0.06776	0.01706	0.01045	0.01171	0.00843	0.00580	0.00501	0.00155	0.00822	0.00404	0.00314	0.00773
87	0.75831	0.05065	0.04470	0.00817	0.01207	0.01355	0.00718	0.01717	0.01010	0.02513	0.00820	0.00957	0.00640	0.00538	0.00369	0.00177	0.00477	0.00320	0.00349	0.00646

[dist]
# distance from previous block
# <min> <max>
0	1

[block]
# block no. 3 follows, 40 sequences, length 33
# corresponding to MSA columns:
# 1398-1430
name=unknown_D
#
# <colnr> <probs for GDERKNQSTAVLIFYWHMCP>
#	G	D	E	R	K	N	Q	S	T	A	V	L	I	F	Y	W	H	M	C	P
0	0.00868	0.00616	0.00734	0.00729	0.00837	0.00593	0.00501	0.01024	0.03326	0.03781	0.07942	0.15839	0.18692	0.28866	0.10471	0.00412	0.00557	0.01018	0.00457	0.02736
1	0.01167	0.01469	0.15873	0.02081	0.25240	0.01139	0.12856	0.01553	0.01362	0.01911	0.15817	0.02456	0.10540	0.00775	0.00664	0.00186	0.03064	0.00713	0.00377	0.00758
2	0.01327	0.20555	0.29725	0.05685	0.20528	0.01526	0.01618	0.01750	0.01236	0.01731	0.00999	0.01224	0.00799	0.00521	0.00506	0.00158	0.00716	0.00420	0.00267	0.08710
3	0.00814	0.00638	0.00744	0.00720	0.00893	0.00589	0.00549	0.01126	0.06246	0.02002	0.39170	0.04817	0.33485	0.01298	0.00686	0.00193	0.00307	0.04580	0.00591	0.00549
4	0.01637	0.01303	0.01454	0.07134	0.06723	0.10742	0.01042	0.21004	0.03928	0.09909	0.01509	0.01873	0.01219	0.01791	0.23476	0.00404	0.00955	0.02700	0.00435	0.00763
5	0.02415	0.01302	0.01543	0.01183	0.01640	0.01318	0.00977	0.37563	0.02186	0.40872	0.01856	0.01695	0.01220	0.00709	0.00583	0.00177	0.00566	0.00555	0.00652	0.00989
6	0.01604	0.01770	0.23720	0.01979	0.23992	0.01300	0.01512	0.15165	0.01585	0.11140	0.01362	0.01510	0.01001	0.00602	0.00553	0.00173	0.00664	0.00504	0.08981	0.00884
7	0.01586	0.30984	0.02477	0.07320	0.18530	0.15517	0.07751	0.01929	0.05700	0.01613	0.01031	0.01242	0.00861	0.00543	0.00502	0.00156	0.00748	0.00438	0.00292	0.00779
8	0.00691	0.00575	0.00604	0.00627	0.00795	0.00488	0.00459	0.00830	0.01289	0.01556	0.05432	0.18184	0.63408	0.01532	0.00697	0.00203	0.00302	0.01300	0.00540	0.00488
9	0.01324	0.01616	0.16075	0.16094	0.32756	0.01376	0.06311	0.01955	0.13004	0.01897	0.01282	0.01544	0.00994	0.00577	0.00582	0.00184	0.00719	0.00534	0.00323	0.00851
10	0.00868	0.00628	0.00804	0.00777	0.00910	0.00595	0.00574	0.04618	0.01593	0.02229	0.57567	0.19099	0.04940	0.01291	0.00692	0.00193	0.00305	0.01146	0.00617	0.00555
11	0.83671	0.01125	0.00855	0.00765	0.01125	0.01305	0.00630	0.01709	0.00990	0.02609	0.00810	0.00945	0.00630	0.00540	0.00360	0.00180	0.00450	0.00315	0.00360	0.00630
12	0.01581	0.39506	0.02592	0.01356	0.01771	0.07068	0.12233	0.10798	0.01391	0.01739	0.00978	0.01205	0.00836	0.00785	0.04522	0.00200	0.09945	0.00439	0.00305	0.00753
13	0.00701	0.00573	0.00619	0.00642	0.00803	0.00492	0.00468	0.00849	0.01308	0.01609	0.10420	0.19700	0.56759	0.01520	0.00698	0.00203	0.00301	0.01297	0.00547	0.00492
14	0.00715	0.00586	0.00630	0.00627	0.00804	0.00501	0.00467	0.00884	0.01378	0.01715	0.19304	0.08742	0.58762	0.01434	0.00690	0.00196	0.00293	0.01213	0.00559	0.00501
15	0.01145	0.01351	0.12585	0.01945	0.18529	0.01097	0.16877	0.01585	0.06517	0.01790	0.01917	0.24938	0.01932	0.00976	0.00658	0.00204	0.00648	0.04183	0.00391	0.00731
16	0.00717	0.00562	0.00649	0.00688	0.00819	0.00494	0.00493	0.00869	0.01305	0.01666	0.16390	0.30609	0.39579	0.01546	0.00706	0.00208	0.00306	0.01344	0.00556	0.00494
17	0.04526	0.01912	0.15335	0.08594	0.32922	0.15991	0.01596	0.06133	0.04087	0.01912	0.01096	0.01341	0.00867	0.00566	0.00555	0.00173	0.00777	0.00473	0.00311	0.00833
18	0.01880	0.01315	0.01815	0.05502	0.11204	0.01368	0.09648	0.23732	0.12359	0.18520	0.01671	0.01704	0.01191	0.00662	0.00587	0.00180	0.00618	0.00575	0.04561	0.00907
19	0.15482	0.08374	0.01843	0.01953	0.23797	0.35821	0.01228	0.02012	0.01404	0.01759	0.00935	0.01139	0.00780	0.00557	0.00500	0.00160	0.00807	0.00402	0.00302	0.00746
20	0.01377	0.12954	0.11095	0.02158	0.02762	0.01577	0.55815	0.01843	0.01330	0.01790	0.01110	0.01441	0.00847	0.00498	0.00627	0.00185	0.00916	0.00605	0.00282	0.00787
21	0.01109	0.01045	0.01764	0.75748	0.06337	0.01295	0.01620	0.01495	0.01168	0.01499	0.01036	0.01547	0.00780	0.00579	0.00581	0.00193	0.00772	0.00517	0.00259	0.00655
22	0.01023	0.00641	0.00828	0.00754	0.00934	0.00580	0.00575	0.01279	0.01618	0.11081	0.60251	0.04181	0.11686	0.01160	0.00674	0.00184	0.00303	0.01013	0.00640	0.00596
23	0.01206	0.01034	0.01206	0.00861	0.01378	0.00775	0.00689	0.01464	0.01206	0.01895	0.01034	0.01206	0.00861	0.00431	0.00431	0.00086	0.00431	0.00345	0.00345	0.83118
24	0.02609	0.00990	0.01350	0.01035	0.01484	0.00855	0.00855	0.02834	0.01664	0.76338	0.02294	0.01979	0.01439	0.00720	0.00585	0.00180	0.00495	0.00585	0.00720	0.00990
25	0.01555	0.79913	0.03047	0.00995	0.01493	0.02301	0.00995	0.01741	0.01182	0.01368	0.00808	0.00933	0.00746	0.00498	0.00373	0.00124	0.00622	0.00311	0.00249	0.00746
26	0.00851	0.00563	0.00652	0.00692	0.00817	0.00525	0.00515	0.01050	0.01281	0.01835	0.12111	0.22714	0.20532	0.01300	0.00628	0.00193	0.00318	0.07799	0.25110	0.00513
27	0.00710	0.00568	0.00636	0.00665	0.00811	0.00493	0.00481	0.00862	0.01311	0.01646	0.14149	0.24636	0.47932	0.01527	0.00701	0.00205	0.00303	0.01316	0.00553	0.00493
28	0.00764	0.00530	0.00658	0.00738	0.00758	0.00510	0.00463	0.00824	0.01004	0.01339	0.02645	0.48444	0.03140	0.33525	0.01647	0.00370	0.00430	0.01324	0.00463	0.00423
29	0.00709	0.00506	0.00675	0.00810	0.00843	0.00472	0.00540	0.00810	0.01113	0.01484	0.03205	0.79184	0.03846	0.01822	0.00742	0.00236	0.00337	0.01653	0.00540	0.00472
30	0.01196	0.01136	0.01907	0.54853	0.22627	0.01340	0.01642	0.01559	0.01191	0.01589	0.01036	0.01507	0.00813	0.00587	0.00647	0.00191	0.04678	0.00517	0.00266	0.00717
31	0.01735	0.01740	0.01455	0.01292	0.01625	0.24107	0.00999	0.09563	0.46198	0.02248	0.01837	0.01762	0.01394	0.00724	0.00571	0.00181	0.00653	0.00560	0.00504	0.00853
32	0.01553	0.01357	0.01297	0.01162	0.01439	0.12126	0.00890	0.23017	0.21275	0.02365	0.02123	0.24778	0.02017	0.01044	0.00624	0.00195	0.00560	0.00875	0.00531	0.00771

[dist]
# distance from previous block
# <min> <max>
0	209

[block]
# block no. 4 follows, 40 sequences, length 32
# corresponding to MSA columns:
# 1644-1675
name=unknown_E
#
# <colnr> <probs for GDERKNQSTAVLIFYWHMCP>
#	G	D	E	R	K	N	Q	S	T	A	V	L	I	F	Y	W	H	M	C	P
0	0.01287	0.26810	0.53801	0.01452	0.02200	0.01645	0.01792	0.01811	0.01213	0.01695	0.00971	0.01136	0.00740	0.00535	0.00497	0.00166	0.00786	0.00393	0.00247	0.00824
1	0.01592	0.01171	0.01492	0.01528	0.15714	0.01150	0.01013	0.02364	0.28086	0.15574	0.01758	0.01741	0.01310	0.00630	0.00545	0.00160	0.00503	0.00535	0.00491	0.22644
2	0.02129	0.01821	0.07940	0.01292	0.01718	0.23559	0.01092	0.13462	0.12340	0.26237	0.01651	0.01580	0.01156	0.00677	0.00565	0.00173	0.00706	0.00511	0.00516	0.00876
3	0.52386	0.01757	0.01159	0.01046	0.01383	0.30449	0.00819	0.01945	0.01242	0.02154	0.00844	0.00985	0.00676	0.00563	0.00423	0.00168	0.00680	0.00338	0.00337	0.00647
4	0.01481	0.01013	0.01205	0.01047	0.01316	0.01117	0.00835	0.21589	0.12184	0.08719	0.01731	0.01984	0.01375	0.02117	0.29998	0.00466	0.00913	0.00588	0.09574	0.00749
5	0.01502	0.01126	0.01210	0.01039	0.01341	0.01244	0.00820	0.22368	0.29984	0.02713	0.12565	0.02266	0.02035	0.00800	0.00567	0.00177	0.00448	0.00655	0.16327	0.00814
6	0.00839	0.00589	0.00762	0.00762	0.00806	0.00633	0.00512	0.00928	0.00884	0.01222	0.01715	0.03158	0.01833	0.47553	0.34586	0.00722	0.00987	0.00751	0.00335	0.00423
7	0.00778	0.00593	0.00715	0.00684	0.00841	0.00530	0.00513	0.01011	0.01540	0.02080	0.52574	0.04758	0.28699	0.01283	0.00686	0.00187	0.00281	0.01110	0.00607	0.00530
8	0.01229	0.01167	0.01981	0.49531	0.31617	0.01326	0.01680	0.01601	0.01225	0.01645	0.01057	0.01508	0.00831	0.00557	0.00579	0.00186	0.00743	0.00517	0.00270	0.00752
9	0.01446	0.01249	0.01315	0.01183	0.01512	0.01446	0.00920	0.03090	0.74885	0.02433	0.02367	0.02170	0.01775	0.00789	0.00592	0.00197	0.00460	0.00657	0.00592	0.00920
10	0.01555	0.79913	0.03047	0.00995	0.01493	0.02301	0.00995	0.01741	0.01182	0.01368	0.00808	0.00933	0.00746	0.00498	0.00373	0.00124	0.00622	0.00311	0.00249	0.00746
11	0.01398	0.01497	0.03020	0.02880	0.31021	0.01436	0.46170	0.01833	0.01354	0.01877	0.01145	0.01519	0.00897	0.00501	0.00644	0.00187	0.00869	0.00622	0.00292	0.00837
12	0.00700	0.00538	0.00642	0.00725	0.00821	0.00479	0.00502	0.00819	0.01195	0.01518	0.04236	0.50936	0.31428	0.01688	0.00721	0.00221	0.00321	0.01490	0.00540	0.00479
13	0.01555	0.79913	0.03047	0.00995	0.01493	0.02301	0.00995	0.01741	0.01182	0.01368	0.00808	0.00933	0.00746	0.00498	0.00373	0.00124	0.00622	0.00311	0.00249	0.00746
14	0.83671	0.01125	0.00855	0.00765	0.01125	0.01305	0.00630	0.01709	0.00990	0.02609	0.00810	0.00945	0.00630	0.00540	0.00360	0.00180	0.00450	0.00315	0.00360	0.00630
15	0.01166	0.03008	0.76550	0.01657	0.02517	0.01351	0.02149	0.01842	0.01228	0.01842	0.01044	0.01228	0.00737	0.00552	0.00552	0.00184	0.00859	0.00430	0.00246	0.00859
16	0.01446	0.01249	0.01315	0.01183	0.01512	0.01446	0.00920	0.03090	0.74885	0.02433	0.02367	0.02170	0.01775	0.00789	0.00592	0.00197	0.00460	0.00657	0.00592	0.00920
17	0.01555	0.79913	0.03047	0.00995	0.01493	0.02301	0.00995	0.01741	0.01182	0.01368	0.00808	0.00933	0.00746	0.00498	0.00373	0.00124	0.00622	0.00311	0.00249	0.00746
18	0.01010	0.00505	0.00758	0.00758	0.00758	0.00505	0.00505	0.00758	0.00758	0.01010	0.01010	0.01768	0.01010	0.02020	0.02273	0.83081	0.00505	0.00505	0.00253	0.00253
19	0.01439	0.01382	0.02360	0.03569	0.75936	0.01382	0.01785	0.01785	0.01324	0.01900	0.01094	0.01439	0.00921	0.00518	0.00576	0.00173	0.00691	0.00518	0.00288	0.00921
20	0.00717	0.00551	0.00657	0.00714	0.00825	0.00490	0.00503	0.00861	0.01272	0.01640	0.14676	0.40148	0.31665	0.01597	0.00713	0.00213	0.00312	0.01403	0.00554	0.00490
21	0.01360	0.01301	0.02217	0.20963	0.59164	0.01361	0.01745	0.01715	0.01287	0.01803	0.01080	0.01465	0.00887	0.00533	0.00577	0.00178	0.00711	0.00518	0.00281	0.00857
22	0.01041	0.00922	0.01515	0.38645	0.12387	0.01087	0.01297	0.01354	0.01097	0.01488	0.01243	0.01817	0.01055	0.02024	0.30014	0.00475	0.01064	0.00558	0.00283	0.00634
23	0.02070	0.01007	0.01294	0.00968	0.01444	0.00824	0.00791	0.02308	0.01488	0.47762	0.01810	0.01682	0.01218	0.00609	0.00526	0.00144	0.00470	0.00493	0.00576	0.32516
24	0.00751	0.00579	0.00685	0.00684	0.00831	0.00514	0.00503	0.00948	0.01437	0.01896	0.36448	0.15648	0.34187	0.01397	0.00695	0.00196	0.00292	0.01211	0.00584	0.00514
25	0.13631	0.01498	0.01450	0.01221	0.01492	0.14625	0.00987	0.19399	0.01586	0.08691	0.01197	0.01370	0.00930	0.00737	0.00852	0.00187	0.19981	0.00471	0.08944	0.00749
26	0.00979	0.00733	0.00788	0.00745	0.00957	0.00709	0.00566	0.04369	0.12312	0.04127	0.12329	0.08338	0.39661	0.01219	0.00638	0.00189	0.00337	0.01025	0.09375	0.00601
27	0.01216	0.00986	0.01054	0.00973	0.01175	0.01108	0.00702	0.02229	0.46464	0.01932	0.02162	0.02798	0.01905	0.31027	0.01501	0.00338	0.00500	0.00730	0.00500	0.00702
28	0.01373	0.01569	0.03431	0.02451	0.03039	0.01471	0.73824	0.01863	0.01373	0.01863	0.01176	0.01569	0.00882	0.00490	0.00686	0.00196	0.00980	0.00686	0.00294	0.00784
29	0.01723	0.01773	0.01710	0.16489	0.02154	0.30511	0.04243	0.03965	0.01385	0.08018	0.01076	0.01350	0.00856	0.00703	0.00861	0.00187	0.18597	0.00474	0.03229	0.00696
30	0.00742	0.00529	0.00690	0.00807	0.00851	0.00499	0.00551	0.00848	0.01112	0.01473	0.03142	0.62624	0.06029	0.09850	0.00976	0.00272	0.00377	0.07642	0.00520	0.00466
31	0.04525	0.01645	0.12798	0.02306	0.32466	0.01432	0.05512	0.20340	0.01670	0.05478	0.01206	0.01397	0.00918	0.00572	0.00565	0.00172	0.00687	0.00502	0.00381	0.05427

[dist]
# distance from previous block
# <min> <max>
0	1

[block]
# block no. 5 follows, 40 sequences, length 33
# corresponding to MSA columns:
# 1677-1709
name=unknown_F
#
# <colnr> <probs for GDERKNQSTAVLIFYWHMCP>
#	G	D	E	R	K	N	Q	S	T	A	V	L	I	F	Y	W	H	M	C	P
0	0.01321	0.00790	0.00992	0.00872	0.01142	0.00689	0.00662	0.04575	0.01399	0.18795	0.10624	0.29140	0.07140	0.01140	0.00625	0.00181	0.00396	0.00994	0.00553	0.17970
1	0.06560	0.16084	0.24744	0.02056	0.24096	0.01584	0.05048	0.09710	0.01405	0.02022	0.01047	0.01255	0.00821	0.00545	0.00525	0.00169	0.00723	0.00450	0.00305	0.00854
2	0.01525	0.52959	0.08003	0.01243	0.01737	0.06612	0.09384	0.04839	0.01298	0.01566	0.01033	0.05476	0.00947	0.00590	0.00461	0.00147	0.00690	0.00451	0.00288	0.00749
3	0.00756	0.00582	0.00652	0.00686	0.00809	0.00527	0.00494	0.00879	0.01191	0.01480	0.04285	0.14787	0.41029	0.19246	0.01224	0.00293	0.00390	0.09731	0.00497	0.00462
4	0.00980	0.00615	0.00731	0.00717	0.00809	0.00603	0.00483	0.01177	0.04681	0.05874	0.17173	0.14699	0.02925	0.33640	0.01590	0.00343	0.00425	0.00945	0.11092	0.00498
5	0.04654	0.07565	0.01897	0.11488	0.10060	0.09581	0.05650	0.24188	0.14785	0.02414	0.01357	0.01480	0.01030	0.00636	0.00559	0.00176	0.00687	0.00516	0.00429	0.00848
6	0.00962	0.00593	0.00758	0.00803	0.00928	0.00535	0.00576	0.01100	0.01253	0.11186	0.06408	0.50034	0.17082	0.01582	0.00712	0.00220	0.00354	0.03799	0.00567	0.00548
7	0.01540	0.40573	0.07834	0.01226	0.01673	0.11002	0.06022	0.06650	0.05909	0.01666	0.01149	0.04399	0.01012	0.00875	0.05968	0.00207	0.00762	0.00466	0.00318	0.00748
8	0.17391	0.00965	0.01074	0.00895	0.01248	0.00939	0.00728	0.09993	0.01551	0.30822	0.02936	0.02880	0.21904	0.00923	0.00578	0.00187	0.00448	0.03191	0.00580	0.00767
9	0.00937	0.00756	0.01224	0.01076	0.01258	0.00719	0.13086	0.01182	0.03877	0.01818	0.26342	0.20636	0.07046	0.01346	0.00907	0.10884	0.00462	0.05405	0.00495	0.00543
10	0.01258	0.00650	0.00788	0.00713	0.00881	0.00611	0.00523	0.01460	0.01342	0.16636	0.22600	0.03111	0.02741	0.18721	0.01099	0.00255	0.00383	0.00762	0.24877	0.00589
11	0.01099	0.00955	0.00992	0.00939	0.01081	0.07407	0.00721	0.01430	0.09465	0.01736	0.02778	0.15832	0.18555	0.01124	0.00844	0.00197	0.15254	0.00880	0.18121	0.00590
12	0.00945	0.00602	0.00751	0.00734	0.00883	0.00547	0.00542	0.01158	0.01444	0.08005	0.36417	0.20329	0.15501	0.01286	0.00665	0.00192	0.00309	0.01126	0.08007	0.00558
13	0.01166	0.03008	0.76550	0.01657	0.02517	0.01351	0.02149	0.01842	0.01228	0.01842	0.01044	0.01228	0.00737	0.00552	0.00552	0.00184	0.00859	0.00430	0.00246	0.00859
14	0.08876	0.01352	0.10118	0.01333	0.01835	0.01091	0.14093	0.02178	0.01400	0.33549	0.01564	0.01583	0.01072	0.00615	0.00619	0.00173	0.04279	0.00523	0.00481	0.13267
15	0.01206	0.01034	0.01206	0.00861	0.01378	0.00775	0.00689	0.01464	0.01206	0.01895	0.01034	0.01206	0.00861	0.00431	0.00431	0.00086	0.00431	0.00345	0.00345	0.83118
16	0.01323	0.01301	0.02021	0.32173	0.35990	0.05017	0.01629	0.01650	0.01227	0.01659	0.01023	0.01445	0.00838	0.00604	0.00728	0.00189	0.09630	0.00510	0.00273	0.00770
17	0.01510	0.07276	0.02397	0.02087	0.16515	0.18562	0.26762	0.01839	0.01436	0.01790	0.09572	0.01682	0.01375	0.00598	0.00595	0.00170	0.00811	0.00584	0.00332	0.04105
18	0.01499	0.64036	0.09711	0.01221	0.01761	0.02121	0.09420	0.01764	0.01208	0.01467	0.00872	0.01032	0.00761	0.00502	0.00425	0.00138	0.00684	0.00365	0.00254	0.00761
19	0.00707	0.00577	0.00604	0.00619	0.00775	0.00497	0.00443	0.00833	0.01247	0.01511	0.05129	0.13803	0.59234	0.10274	0.00949	0.00242	0.00330	0.01233	0.00519	0.00473
20	0.00955	0.10885	0.01299	0.09766	0.01436	0.00994	0.00863	0.01180	0.00992	0.01368	0.01401	0.02027	0.01285	0.03432	0.58593	0.00746	0.01348	0.00571	0.00297	0.00563
21	0.01528	0.02028	0.24149	0.05487	0.15951	0.12835	0.01514	0.13935	0.06113	0.02155	0.07542	0.01608	0.01287	0.00648	0.00573	0.00176	0.00741	0.00525	0.00373	0.00832
22	0.10273	0.00634	0.00649	0.00639	0.00725	0.00632	0.00404	0.00942	0.00971	0.01397	0.02636	0.03885	0.18635	0.52823	0.02147	0.00437	0.00490	0.00872	0.00396	0.00415
23	0.01409	0.01910	0.18323	0.01297	0.01661	0.24004	0.01178	0.01960	0.15319	0.01728	0.01757	0.16259	0.01654	0.01115	0.05205	0.00234	0.00773	0.03106	0.00397	0.00711
24	0.70376	0.01057	0.00848	0.00757	0.01103	0.01190	0.00619	0.01662	0.01060	0.05959	0.01460	0.01525	0.09245	0.00655	0.00408	0.00182	0.00434	0.00432	0.00397	0.00631
25	0.01620	0.10408	0.02062	0.08878	0.24047	0.04164	0.04419	0.18407	0.15939	0.02288	0.01369	0.01516	0.01062	0.00617	0.00561	0.00174	0.00659	0.00525	0.00407	0.00877
26	0.00872	0.00663	0.00740	0.00739	0.00858	0.00658	0.00521	0.01143	0.09514	0.01492	0.03321	0.04421	0.25931	0.34398	0.04627	0.00387	0.00501	0.08268	0.00458	0.00487
27	0.01318	0.01077	0.01453	0.01189	0.01498	0.01127	0.11485	0.14186	0.20456	0.02505	0.28048	0.02722	0.02810	0.00864	0.00624	0.00184	0.00488	0.00771	0.06443	0.00753
28	0.00954	0.00694	0.00822	0.00805	0.00920	0.00706	0.00572	0.09245	0.01238	0.01637	0.04180	0.17046	0.14064	0.28072	0.12693	0.00436	0.00628	0.04332	0.00450	0.00505
29	0.00900	0.00674	0.00869	0.00867	0.00963	0.00744	0.00624	0.01222	0.10457	0.01442	0.01928	0.11487	0.01956	0.24918	0.37588	0.00655	0.00995	0.00808	0.00385	0.00518
30	0.05922	0.09928	0.10712	0.06489	0.20721	0.01390	0.01302	0.01568	0.01134	0.01725	0.01113	0.01523	0.00961	0.04184	0.04006	0.00230	0.16173	0.00493	0.09704	0.00721
31	0.01606	0.10392	0.01640	0.01170	0.01539	0.09624	0.07089	0.01987	0.08829	0.17525	0.01527	0.01695	0.01188	0.01452	0.17931	0.00331	0.00841	0.00519	0.00422	0.12692
32	0.06463	0.03065	0.03492	0.01091	0.01396	0.26591	0.00859	0.05877	0.06711	0.01896	0.04628	0.10503	0.04013	0.00792	0.00533	0.00160	0.00631	0.00617	0.09396	0.11287

[dist]
# distance from previous block
# <min> <max>
8	229

[block]
# block no. 6 follows, 40 sequences, length 47
# corresponding to MSA columns:
# 2005-2051
name=unknown_G
#
# <colnr> <probs for GDERKNQSTAVLIFYWHMCP>
#	G	D	E	R	K	N	Q	S	T	A	V	L	I	F	Y	W	H	M	C	P
0	0.08585	0.07539	0.07176	0.03986	0.01701	0.29568	0.01070	0.11324	0.05696	0.04478	0.08518	0.01583	0.01351	0.00837	0.03977	0.00200	0.00786	0.00494	0.00396	0.00734
1	0.07363	0.01023	0.01268	0.10895	0.06929	0.01099	0.00898	0.13861	0.07641	0.09681	0.01583	0.02181	0.01363	0.20465	0.05800	0.00318	0.00635	0.00606	0.02969	0.03423
2	0.09664	0.12278	0.03980	0.10310	0.09900	0.27598	0.01161	0.06632	0.04749	0.01839	0.01080	0.01271	0.00867	0.00588	0.00500	0.00161	0.00756	0.00427	0.05507	0.00732
3	0.01336	0.10168	0.04752	0.05864	0.01447	0.03550	0.00877	0.13726	0.08516	0.04060	0.01792	0.07756	0.04365	0.20593	0.05859	0.00323	0.03241	0.00697	0.00416	0.00663
4	0.07291	0.06997	0.11485	0.07090	0.04118	0.09275	0.01051	0.01587	0.03521	0.03877	0.01387	0.04245	0.01191	0.01797	0.24221	0.00405	0.00938	0.00539	0.08324	0.00657
5	0.12302	0.01695	0.06847	0.03877	0.06253	0.25939	0.01058	0.05562	0.03567	0.01817	0.01646	0.05216	0.06241	0.01188	0.08968	0.00263	0.00824	0.05695	0.00369	0.00673
6	0.01356	0.12166	0.01993	0.01639	0.12857	0.06036	0.15535	0.04700	0.06160	0.04435	0.17645	0.02449	0.08986	0.00780	0.00602	0.00176	0.00612	0.00707	0.00430	0.00738
7	0.01513	0.01277	0.01290	0.03970	0.04294	0.12696	0.00863	0.10574	0.04973	0.07045	0.10082	0.04440	0.01646	0.00706	0.00555	0.00150	0.01866	0.00565	0.09105	0.22388
8	0.00826	0.00662	0.00861	0.00830	0.00953	0.00701	0.00637	0.01019	0.01238	0.01685	0.22864	0.07145	0.23223	0.03651	0.23094	0.00421	0.08249	0.00946	0.00470	0.00526
9	0.00900	0.00730	0.01064	0.24649	0.01833	0.00775	0.00871	0.01201	0.01477	0.02023	0.48196	0.03559	0.08444	0.01019	0.00654	0.00187	0.00430	0.00897	0.00516	0.00575
10	0.01251	0.02505	0.53626	0.02248	0.25203	0.01360	0.02036	0.01824	0.01258	0.01860	0.01059	0.01293	0.00794	0.00542	0.00560	0.00181	0.00807	0.00457	0.00259	0.00878
11	0.10011	0.01293	0.01656	0.01802	0.24492	0.01263	0.01121	0.18954	0.01586	0.02394	0.01116	0.01297	0.00887	0.00533	0.00504	0.00144	0.00563	0.00438	0.00385	0.29561
12	0.00714	0.00510	0.00679	0.00806	0.00845	0.00476	0.00540	0.00823	0.01137	0.01523	0.06456	0.75824	0.03920	0.01793	0.00740	0.00234	0.00335	0.01626	0.00544	0.00476
