[name]
unknown

[dist]
# distance from previous block
# <min> <max>
4	676

[block]
# block no. 0 follows, 52 sequences, length 39
# corresponding to MSA columns:
# 768-806
name=unknown_A
#
# <colnr> <probs for GDERKNQSTAVLIFYWHMCP>
#	G	D	E	R	K	N	Q	S	T	A	V	L	I	F	Y	W	H	M	C	P
0	0.01582	0.03283	0.01487	0.07450	0.01652	0.32412	0.10993	0.09432	0.03926	0.14193	0.03015	0.01442	0.05828	0.00570	0.00482	0.00143	0.00664	0.00459	0.00352	0.00637
1	0.01294	0.01037	0.01265	0.16372	0.11597	0.07156	0.00917	0.11101	0.06433	0.11526	0.05113	0.01603	0.06452	0.00570	0.00469	0.00137	0.00496	0.00474	0.00365	0.15624
2	0.07740	0.00929	0.01151	0.11657	0.08934	0.01009	0.00841	0.16042	0.16309	0.08090	0.14531	0.05344	0.03991	0.00688	0.00495	0.00156	0.00432	0.00578	0.00428	0.00656
3	0.01513	0.01142	0.01624	0.01958	0.39116	0.07209	0.04441	0.04142	0.03076	0.22866	0.01201	0.01299	0.00887	0.00486	0.00474	0.00140	0.00543	0.00436	0.00355	0.07093
4	0.02825	0.01198	0.08849	0.00983	0.01256	0.13230	0.00848	0.08635	0.01250	0.22453	0.04023	0.08047	0.04791	0.02148	0.05885	0.00205	0.08359	0.03989	0.00401	0.00627
5	0.01190	0.37017	0.39590	0.01132	0.01675	0.09093	0.01298	0.01537	0.01040	0.01333	0.00774	0.00904	0.00618	0.00445	0.00394	0.00129	0.00647	0.00311	0.00210	0.00661
6	0.00859	0.00723	0.00922	0.00761	0.01053	0.00587	0.04056	0.01048	0.01018	0.01468	0.01849	0.17876	0.10357	0.00784	0.00474	0.00126	0.00360	0.08170	0.00351	0.47158
7	0.00711	0.00468	0.00533	0.00533	0.00533	0.00468	0.00299	0.00702	0.00702	0.00935	0.01497	0.03098	0.01722	0.79463	0.02442	0.04155	0.00468	0.00692	0.00290	0.00290
8	0.86392	0.00937	0.00712	0.00637	0.00937	0.01087	0.00525	0.01425	0.00825	0.02174	0.00675	0.00787	0.00525	0.00450	0.00300	0.00150	0.00375	0.00262	0.00300	0.00525
9	0.01122	0.01243	0.09463	0.10834	0.51610	0.01123	0.10730	0.01452	0.01087	0.01533	0.00985	0.01398	0.00828	0.00478	0.00498	0.00153	0.00620	0.03889	0.00244	0.00710
10	0.01288	0.00852	0.01034	0.00753	0.01170	0.00662	0.00608	0.01497	0.01098	0.20655	0.01116	0.01161	0.00835	0.00417	0.00390	0.00091	0.00372	0.00336	0.00363	0.65304
11	0.01005	0.00861	0.01005	0.00718	0.01148	0.00646	0.00574	0.01220	0.01005	0.01579	0.00861	0.01005	0.00718	0.00359	0.00359	0.00072	0.00359	0.00287	0.00287	0.85932
12	0.01040	0.00843	0.03406	0.00730	0.01108	0.00632	0.00602	0.01266	0.01102	0.07922	0.15122	0.01527	0.01446	0.00495	0.00411	0.00095	0.00351	0.00411	0.00354	0.61136
13	0.71663	0.15187	0.01029	0.00670	0.00990	0.01231	0.00578	0.01429	0.00852	0.01995	0.00675	0.00786	0.00542	0.00444	0.00302	0.00142	0.00400	0.00262	0.00284	0.00542
14	0.00692	0.00519	0.00779	0.00779	0.00865	0.00606	0.00606	0.00865	0.00779	0.01125	0.01298	0.01904	0.01211	0.03634	0.81049	0.00779	0.01298	0.00519	0.00260	0.00433
15	0.00615	0.00493	0.00549	0.00535	0.00680	0.00427	0.00401	0.00777	0.01204	0.01546	0.32815	0.04274	0.51696	0.01139	0.00572	0.00159	0.00239	0.00968	0.00481	0.00427
16	0.01119	0.00858	0.01017	0.00732	0.01157	0.00652	0.00588	0.01332	0.01042	0.09279	0.00964	0.01068	0.00765	0.00382	0.00371	0.00079	0.00364	0.00307	0.00318	0.77605
17	0.86392	0.00937	0.00712	0.00637	0.00937	0.01087	0.00525	0.01425	0.00825	0.02174	0.00675	0.00787	0.00525	0.00450	0.00300	0.00150	0.00375	0.00262	0.00300	0.00525
18	0.01089	0.01038	0.01767	0.33669	0.50116	0.01122	0.01432	0.01390	0.01051	0.01449	0.00892	0.01235	0.00720	0.00452	0.00482	0.00151	0.00603	0.00431	0.00230	0.00678
19	0.86392	0.00937	0.00712	0.00637	0.00937	0.01087	0.00525	0.01425	0.00825	0.02174	0.00675	0.00787	0.00525	0.00450	0.00300	0.00150	0.00375	0.00262	0.00300	0.00525
20	0.00915	0.00861	0.01453	0.81804	0.03338	0.01077	0.01346	0.01238	0.00969	0.01238	0.00861	0.01292	0.00646	0.00484	0.00484	0.00161	0.00646	0.00431	0.00215	0.00538
21	0.86392	0.00937	0.00712	0.00637	0.00937	0.01087	0.00525	0.01425	0.00825	0.02174	0.00675	0.00787	0.00525	0.00450	0.00300	0.00150	0.00375	0.00262	0.00300	0.00525
22	0.01669	0.00713	0.00963	0.00776	0.01063	0.00626	0.00626	0.01870	0.01382	0.53681	0.28322	0.02319	0.02345	0.00733	0.00516	0.00151	0.00350	0.00619	0.00577	0.00700
23	0.01096	0.00946	0.00991	0.00900	0.01155	0.01068	0.00698	0.02250	0.65575	0.01903	0.02481	0.02302	0.15027	0.00756	0.00507	0.00164	0.00360	0.00630	0.00486	0.00705
24	0.72543	0.01006	0.00834	0.00716	0.01030	0.01155	0.00590	0.14021	0.01063	0.02318	0.00755	0.00849	0.00574	0.00471	0.00330	0.00149	0.00401	0.00291	0.00330	0.00574
25	0.00700	0.00468	0.00530	0.00535	0.00536	0.00466	0.00301	0.00703	0.00715	0.00953	0.01578	0.06755	0.01827	0.79297	0.02383	0.00458	0.00461	0.00735	0.00301	0.00298
26	0.02061	0.01006	0.01237	0.00948	0.01327	0.00981	0.00783	0.28158	0.01690	0.54059	0.01658	0.01484	0.01072	0.00594	0.00486	0.00148	0.00453	0.00470	0.00561	0.00825
27	0.71757	0.01010	0.00841	0.00720	0.01035	0.01159	0.00593	0.14736	0.01076	0.02327	0.00759	0.00852	0.00577	0.00473	0.00332	0.00149	0.00402	0.00293	0.00332	0.00577
28	0.86392	0.00937	0.00712	0.00637	0.00937	0.01087	0.00525	0.01425	0.00825	0.02174	0.00675	0.00787	0.00525	0.00450	0.00300	0.00150	0.00375	0.00262	0.00300	0.00525
29	0.00686	0.00495	0.00648	0.00610	0.00724	0.00457	0.00457	0.00914	0.01372	0.01943	0.79691	0.03620	0.04572	0.00991	0.00572	0.00152	0.00229	0.00876	0.00533	0.00457
30	0.01842	0.01357	0.01454	0.01115	0.01503	0.01503	0.00921	0.78330	0.02278	0.03054	0.01163	0.01163	0.00824	0.00582	0.00485	0.00145	0.00533	0.00436	0.00485	0.00824
31	0.00915	0.00861	0.01453	0.81804	0.03338	0.01077	0.01346	0.01238	0.00969	0.01238	0.00861	0.01292	0.00646	0.00484	0.00484	0.00161	0.00646	0.00431	0.00215	0.00538
32	0.01296	0.83261	0.02539	0.00829	0.01244	0.01917	0.00829	0.01451	0.00985	0.01140	0.00674	0.00777	0.00622	0.00415	0.00311	0.00104	0.00518	0.00259	0.00207	0.00622
33	0.01281	0.79610	0.06062	0.00854	0.01282	0.01882	0.00873	0.01455	0.00986	0.01158	0.00683	0.00788	0.00622	0.00417	0.00318	0.00106	0.00527	0.00264	0.00207	0.00626
34	0.01308	0.01068	0.01243	0.01024	0.01317	0.05587	0.08120	0.19047	0.26846	0.07146	0.12378	0.02076	0.09269	0.00705	0.00514	0.00155	0.00454	0.00599	0.00462	0.00684
35	0.01384	0.00956	0.01079	0.00924	0.01203	0.01041	0.00733	0.09644	0.42528	0.18147	0.05590	0.02012	0.08186	0.00709	0.00541	0.00161	0.03351	0.00576	0.00502	0.00731
36	0.01198	0.42718	0.11967	0.00877	0.01273	0.01421	0.00871	0.07376	0.07105	0.04520	0.01618	0.01624	0.14421	0.00600	0.00410	0.00130	0.00483	0.00449	0.00308	0.00632
37	0.05155	0.32909	0.12199	0.00950	0.01326	0.07548	0.00910	0.04927	0.08534	0.08490	0.01043	0.01159	0.00836	0.00897	0.10954	0.00214	0.00646	0.00366	0.00296	0.00641
38	0.01245	0.01096	0.01312	0.03412	0.26127	0.10618	0.00954	0.06071	0.14959	0.07764	0.05987	0.08124	0.08849	0.00694	0.00503	0.00153	0.00491	0.00597	0.00380	0.00665

[dist]
# distance from previous block
# <min> <max>
7	15

[block]
# block no. 1 follows, 52 sequences, length 54
# corresponding to MSA columns:
# 822-875
name=unknown_B
#
# <colnr> <probs for GDERKNQSTAVLIFYWHMCP>
#	G	D	E	R	K	N	Q	S	T	A	V	L	I	F	Y	W	H	M	C	P
0	0.00785	0.00764	0.09385	0.00735	0.00888	0.00629	0.00600	0.03019	0.00832	0.01176	0.01316	0.02288	0.01344	0.38834	0.27910	0.00496	0.00762	0.00564	0.00277	0.07395
1	0.01296	0.74281	0.02386	0.00843	0.01239	0.01826	0.00823	0.05840	0.01048	0.01249	0.00734	0.00858	0.00664	0.00590	0.04490	0.00141	0.00559	0.00283	0.00226	0.00624
2	0.03581	0.01401	0.20223	0.01532	0.18489	0.01045	0.07452	0.07555	0.07467	0.09025	0.01089	0.01207	0.00814	0.00469	0.00457	0.00137	0.00548	0.00409	0.00315	0.16783
3	0.00702	0.00480	0.00558	0.00555	0.00582	0.00467	0.00332	0.00740	0.00802	0.01089	0.09773	0.09789	0.02145	0.65117	0.02051	0.00402	0.00426	0.00766	0.00332	0.02893
4	0.01390	0.01234	0.01316	0.01129	0.01320	0.12179	0.00909	0.09736	0.24605	0.08952	0.01226	0.01325	0.00960	0.00693	0.00887	0.00173	0.30486	0.00453	0.00366	0.00663
5	0.67709	0.00829	0.00670	0.00623	0.00870	0.00943	0.00495	0.01298	0.00847	0.02006	0.00990	0.09860	0.00911	0.03055	0.00403	0.00162	0.00356	0.00412	0.07064	0.00498
6	0.00757	0.00937	0.18078	0.00833	0.01030	0.00677	0.00768	0.00962	0.00809	0.01157	0.01275	0.02102	0.01251	0.27372	0.39276	0.00547	0.00916	0.00541	0.00258	0.00452
7	0.01813	0.01602	0.01512	0.01211	0.01560	0.28287	0.08056	0.34864	0.01744	0.12948	0.01110	0.01146	0.00800	0.00540	0.00477	0.00141	0.00658	0.00414	0.00399	0.00720
8	0.00972	0.02507	0.80458	0.01381	0.02097	0.01125	0.01790	0.01535	0.01023	0.01535	0.00870	0.01023	0.00614	0.00460	0.00460	0.00153	0.00716	0.00358	0.00205	0.00716
9	0.01683	0.01286	0.01582	0.01229	0.01568	0.10119	0.13332	0.31493	0.01611	0.18657	0.01201	0.01273	0.00863	0.00679	0.03389	0.00175	0.08266	0.00457	0.00411	0.00726
10	0.00590	0.00422	0.00562	0.00675	0.00703	0.00394	0.00450	0.00675	0.00928	0.01237	0.02671	0.82653	0.03205	0.01518	0.00619	0.00197	0.00281	0.01378	0.00450	0.00394
11	0.00705	0.00470	0.00529	0.00529	0.00529	0.00470	0.00294	0.00705	0.00705	0.00940	0.01527	0.03171	0.01762	0.82969	0.02467	0.00470	0.00470	0.00705	0.00294	0.00294
12	0.09253	0.01463	0.01700	0.06063	0.41951	0.24392	0.05288	0.01603	0.01152	0.01504	0.00843	0.01077	0.00696	0.00454	0.00456	0.00141	0.00660	0.00389	0.00247	0.00668
13	0.01321	0.79300	0.02482	0.00850	0.01256	0.05788	0.00834	0.01475	0.01004	0.01142	0.00677	0.00782	0.00622	0.00419	0.00317	0.00105	0.00536	0.00262	0.00209	0.00619
14	0.05972	0.00893	0.01076	0.00866	0.01198	0.00875	0.00703	0.10735	0.14744	0.46234	0.04423	0.01856	0.06895	0.00657	0.00488	0.00153	0.00401	0.00531	0.00541	0.00759
15	0.00987	0.01962	0.53913	0.01408	0.09840	0.01057	0.01485	0.01573	0.09854	0.01644	0.10429	0.01440	0.01201	0.00543	0.00479	0.00154	0.00606	0.00449	0.00280	0.00696
16	0.00683	0.00510	0.00759	0.00769	0.00850	0.00586	0.00591	0.00848	0.00793	0.01135	0.01425	0.09385	0.01396	0.03438	0.73597	0.00725	0.01204	0.00599	0.00277	0.00429
17	0.01259	0.74175	0.11306	0.00891	0.01340	0.01828	0.00937	0.01460	0.00989	0.01185	0.00696	0.00805	0.00621	0.00420	0.00328	0.00109	0.00541	0.00270	0.00207	0.00632
18	0.01083	0.30153	0.53783	0.01192	0.01805	0.01397	0.01461	0.01506	0.01010	0.01400	0.00803	0.00939	0.00617	0.00445	0.00409	0.00136	0.00648	0.00324	0.00206	0.00684
19	0.01134	0.43000	0.41386	0.01104	0.01669	0.01523	0.01308	0.01493	0.01004	0.01337	0.00771	0.00900	0.00618	0.00437	0.00385	0.00128	0.00617	0.00308	0.00206	0.00669
20	0.01296	0.83261	0.02539	0.00829	0.01244	0.01917	0.00829	0.01451	0.00985	0.01140	0.00674	0.00777	0.00622	0.00415	0.00311	0.00104	0.00518	0.00259	0.00207	0.00622
21	0.01016	0.00960	0.01624	0.47591	0.33584	0.01081	0.01369	0.01316	0.01021	0.01375	0.00948	0.04254	0.00788	0.00502	0.00488	0.00156	0.00605	0.00466	0.00234	0.00624
22	0.00919	0.01901	0.52467	0.01285	0.01843	0.00985	0.11434	0.01375	0.01083	0.01550	0.08967	0.01787	0.09947	0.00604	0.00501	0.00157	0.00625	0.01653	0.00273	0.00644
23	0.02174	0.00825	0.01125	0.00862	0.01237	0.00712	0.00712	0.02362	0.01387	0.80282	0.01912	0.01649	0.01200	0.00600	0.00487	0.00150	0.00412	0.00487	0.00600	0.00825
24	0.01266	0.75779	0.09758	0.00880	0.01323	0.01844	0.00918	0.01459	0.00988	0.01177	0.00692	0.00800	0.00621	0.00419	0.00325	0.00108	0.00537	0.00268	0.00207	0.00631
25	0.01196	0.10884	0.16491	0.07126	0.01397	0.00948	0.00900	0.09261	0.01151	0.15479	0.01528	0.19184	0.01437	0.10008	0.00712	0.00192	0.00492	0.00644	0.00368	0.00604
26	0.00656	0.00543	0.00582	0.00563	0.00726	0.00494	0.00425	0.00918	0.08387	0.01516	0.21207	0.04168	0.55841	0.01122	0.00565	0.00161	0.00255	0.00946	0.00472	0.00453
27	0.00692	0.00519	0.00779	0.00779	0.00865	0.00606	0.00606	0.00865	0.00779	0.01125	0.01298	0.01904	0.01211	0.03634	0.81049	0.00779	0.01298	0.00519	0.00260	0.00433
28	0.01149	0.23272	0.43942	0.08658	0.01923	0.01370	0.01401	0.10125	0.01149	0.01575	0.00851	0.01000	0.00643	0.00464	0.00426	0.00140	0.00638	0.00348	0.00238	0.00687
29	0.02572	0.01154	0.01430	0.08717	0.06534	0.09517	0.09593	0.19498	0.07375	0.13296	0.01384	0.01833	0.01128	0.05238	0.00618	0.00175	0.00571	0.08303	0.00393	0.00670
30	0.00600	0.00492	0.00529	0.00520	0.00671	0.00421	0.00390	0.00749	0.01169	0.01463	0.23019	0.04411	0.61544	0.01170	0.00572	0.00161	0.00241	0.00987	0.00470	0.00421
31	0.01232	0.67480	0.17767	0.00937	0.01411	0.01763	0.01017	0.01467	0.00992	0.01217	0.00712	0.00825	0.00620	0.00424	0.00340	0.00113	0.00557	0.00278	0.00207	0.00640
32	0.01402	0.01370	0.16921	0.10289	0.01827	0.05544	0.10565	0.14883	0.01344	0.17418	0.03285	0.02733	0.01064	0.00607	0.00546	0.00159	0.03656	0.05336	0.00368	0.00685
33	0.00950	0.00878	0.01462	0.47916	0.23612	0.00997	0.01246	0.01240	0.01040	0.01397	0.08292	0.06582	0.01203	0.00582	0.00500	0.00158	0.00565	0.00532	0.00266	0.00584
34	0.00734	0.00527	0.00726	0.00835	0.00930	0.00519	0.00699	0.00925	0.01075	0.01401	0.02649	0.22062	0.04875	0.01374	0.00656	0.00216	0.00405	0.58510	0.00447	0.00434
35	0.01341	0.65605	0.02363	0.01100	0.10125	0.01789	0.00913	0.09357	0.01131	0.01387	0.00751	0.00865	0.00659	0.00434	0.00348	0.00112	0.00526	0.00297	0.00239	0.00659
36	0.10661	0.05633	0.21581	0.00980	0.01375	0.00981	0.04715	0.10090	0.03950	0.10317	0.12740	0.01966	0.10707	0.00667	0.00479	0.00152	0.00479	0.01509	0.00381	0.00636
37	0.00915	0.00861	0.01453	0.81804	0.03338	0.01077	0.01346	0.01238	0.00969	0.01238	0.00861	0.01292	0.00646	0.00484	0.00484	0.00161	0.00646	0.00431	0.00215	0.00538
38	0.01019	0.00917	0.01454	0.72726	0.03131	0.01125	0.01298	0.09912	0.01116	0.01442	0.00895	0.01278	0.00666	0.00495	0.00485	0.00160	0.00633	0.00431	0.00246	0.00570
39	0.01140	0.01090	0.01859	0.19559	0.63829	0.01136	0.01457	0.01435	0.01075	0.01511	0.00901	0.01219	0.00742	0.00443	0.00481	0.00148	0.00590	0.00432	0.00235	0.00719
40	0.01577	0.01252	0.01585	0.09080	0.22395	0.01366	0.01108	0.49799	0.02948	0.02482	0.01081	0.01194	0.00802	0.00534	0.00484	0.00147	0.00553	0.00436	0.00395	0.00782
41	0.01072	0.01133	0.01788	0.53252	0.02934	0.10108	0.20076	0.01393	0.01057	0.01309	0.00878	0.01249	0.00665	0.00468	0.00501	0.00158	0.00713	0.00452	0.00226	0.00569
42	0.00951	0.01076	0.10395	0.64654	0.11072	0.01090	0.01410	0.01297	0.00989	0.01307	0.00867	0.01252	0.00655	0.00476	0.00481	0.00159	0.00647	0.00423	0.00217	0.00582
43	0.01002	0.09988	0.73239	0.01330	0.02018	0.01199	0.01701	0.01527	0.01020	0.01498	0.00852	0.01000	0.00615	0.00456	0.00447	0.00149	0.00698	0.00349	0.00205	0.00707
44	0.01336	0.03448	0.01389	0.16946	0.05587	0.17645	0.07228	0.10860	0.01289	0.10307	0.01513	0.10698	0.06266	0.00689	0.00503	0.00154	0.00588	0.02600	0.00350	0.00606
45	0.01175	0.05150	0.01848	0.17311	0.41862	0.03360	0.07550	0.03440	0.08325	0.01549	0.00988	0.01248	0.00795	0.00477	0.00511	0.00150	0.02857	0.00442	0.00263	0.00697
46	0.00588	0.00431	0.00552	0.00649	0.00696	0.00396	0.00438	0.00678	0.00952	0.01247	0.02982	0.71811	0.13846	0.01478	0.00612	0.00192	0.00276	0.01328	0.00450	0.00396
47	0.01081	0.01039	0.01763	0.15171	0.55070	0.01060	0.05091	0.01362	0.01084	0.01496	0.01357	0.01609	0.09633	0.00529	0.00495	0.00150	0.00562	0.00505	0.00260	0.00685
48	0.01195	0.11255	0.50666	0.01298	0.01893	0.03369	0.07329	0.05833	0.03345	0.07931	0.00984	0.01094	0.00708	0.00476	0.00456	0.00147	0.00662	0.00382	0.00265	0.00713
49	0.01013	0.02243	0.64438	0.01622	0.10896	0.01138	0.08834	0.01531	0.01043	0.01542	0.00885	0.01069	0.00642	0.00452	0.00473	0.00153	0.00710	0.00386	0.00212	0.00716
50	0.00701	0.00565	0.00620	0.00582	0.00761	0.00501	0.00449	0.05151	0.01219	0.01557	0.19433	0.04090	0.51942	0.01100	0.00560	0.00158	0.00274	0.04621	0.00459	0.05255
51	0.01411	0.01191	0.08553	0.01051	0.01369	0.07480	0.05904	0.17083	0.14229	0.16657	0.01677	0.18232	0.01455	0.00763	0.00514	0.00160	0.00497	0.00651	0.00440	0.00683
52	0.01165	0.01194	0.05766	0.09255	0.69958	0.01144	0.01491	0.01469	0.01089	0.01553	0.00905	0.01198	0.00750	0.00437	0.00479	0.00146	0.00588	0.00428	0.00236	0.00747
53	0.01063	0.09949	0.01159	0.00901	0.01106	0.00771	0.06918	0.01252	0.01120	0.15027	0.07705	0.18863	0.05919	0.01023	0.00594	0.00179	0.02731	0.22750	0.00430	0.00539

[dist]
# distance from previous block
# <min> <max>
1	3

[block]
# block no. 2 follows, 52 sequences, length 20
# corresponding to MSA columns:
# 879-898
name=unknown_C
#
# <colnr> <probs for GDERKNQSTAVLIFYWHMCP>
#	G	D	E	R	K	N	Q	S	T	A	V	L	I	F	Y	W	H	M	C	P
0	0.01225	0.01118	0.01793	0.19071	0.53736	0.01182	0.01383	0.11554	0.01230	0.01705	0.00934	0.01214	0.00750	0.00462	0.00481	0.00148	0.00585	0.00432	0.00267	0.00728
1	0.01252	0.01136	0.01129	0.00855	0.01254	0.11374	0.00680	0.14292	0.01268	0.01776	0.00897	0.01014	0.00723	0.00415	0.00390	0.00091	0.00456	0.00316	0.00315	0.60367
2	0.01124	0.00959	0.01026	0.00945	0.01187	0.01098	0.00725	0.02325	0.68781	0.01923	0.02064	0.12454	0.01707	0.00771	0.00510	0.00169	0.00370	0.00657	0.00487	0.00718
3	0.00576	0.00479	0.00503	0.00523	0.00663	0.00406	0.00383	0.00692	0.01074	0.01296	0.04516	0.18366	0.66301	0.01278	0.00581	0.00169	0.00252	0.01085	0.00450	0.00406
4	0.01119	0.01201	0.02254	0.01747	0.04550	0.01315	0.44366	0.01461	0.04722	0.01438	0.00902	0.01239	0.00736	0.00579	0.00930	0.00180	0.29886	0.00513	0.00245	0.00619
5	0.01130	0.01582	0.24126	0.12309	0.04973	0.01200	0.37351	0.08381	0.01187	0.01642	0.00948	0.01210	0.00699	0.00449	0.00519	0.00158	0.00733	0.00477	0.00251	0.00675
6	0.01149	0.01286	0.02721	0.01959	0.02432	0.01224	0.72091	0.01633	0.07279	0.01590	0.01058	0.01347	0.00794	0.00428	0.00566	0.00163	0.00783	0.00570	0.00265	0.00663
7	0.00673	0.00457	0.00538	0.00569	0.00577	0.00449	0.00337	0.00696	0.00766	0.01022	0.01843	0.25108	0.02160	0.60489	0.01956	0.00394	0.00418	0.00890	0.00337	0.00321
8	0.05766	0.00997	0.01186	0.00958	0.01255	0.01052	0.00778	0.30318	0.01574	0.30255	0.01559	0.12041	0.01241	0.00729	0.00593	0.00160	0.07753	0.00569	0.00488	0.00727
9	0.04360	0.46948	0.12477	0.00989	0.01443	0.01487	0.07413	0.01528	0.01035	0.08397	0.00855	0.00956	0.00688	0.00432	0.00373	0.00118	0.00538	0.00322	0.00257	0.09382
10	0.00743	0.00470	0.00632	0.00695	0.00764	0.00442	0.00485	0.00849	0.00973	0.08330	0.04803	0.64737	0.04409	0.01593	0.07368	0.00240	0.00376	0.01204	0.00450	0.00438
11	0.01199	0.01151	0.01967	0.02974	0.79946	0.01151	0.01487	0.01487	0.01103	0.01583	0.00912	0.01199	0.00768	0.00432	0.00480	0.00144	0.00576	0.00432	0.00240	0.00768
12	0.01126	0.01009	0.01590	0.33138	0.33651	0.01109	0.01276	0.11445	0.01192	0.01616	0.01064	0.07644	0.00920	0.00558	0.00493	0.00155	0.00574	0.00506	0.00279	0.00657
13	0.16416	0.04309	0.06699	0.07404	0.01556	0.21011	0.00927	0.25299	0.01489	0.09043	0.00982	0.01057	0.00721	0.00518	0.00433	0.00142	0.00600	0.00368	0.00355	0.00670
14	0.00590	0.00422	0.00562	0.00675	0.00703	0.00394	0.00450	0.00675	0.00928	0.01237	0.02671	0.82653	0.03205	0.01518	0.00619	0.00197	0.00281	0.01378	0.00450	0.00394
15	0.07262	0.01302	0.09229	0.01069	0.04069	0.11516	0.00900	0.13758	0.05693	0.38123	0.01429	0.01348	0.00965	0.00558	0.00466	0.00147	0.00524	0.00430	0.00459	0.00755
16	0.01477	0.06698	0.01554	0.01397	0.11808	0.22106	0.07019	0.10127	0.25559	0.05466	0.01263	0.01303	0.00966	0.00541	0.00470	0.00145	0.00597	0.00440	0.00362	0.00704
17	0.00658	0.00481	0.00618	0.00611	0.00714	0.00441	0.00448	0.00850	0.01265	0.01755	0.58634	0.18447	0.11051	0.01110	0.00580	0.00162	0.00240	0.00983	0.00510	0.00441
18	0.01298	0.01113	0.01348	0.01460	0.19288	0.01237	0.00955	0.13562	0.49854	0.02078	0.01610	0.01573	0.01219	0.00595	0.00489	0.00157	0.00450	0.00505	0.00434	0.00776
19	0.00882	0.00705	0.01078	0.01173	0.13887	0.00649	0.07844	0.01067	0.01066	0.06190	0.04667	0.29709	0.15236	0.01014	0.00558	0.00167	0.00397	0.06069	0.00395	0.07247

[dist]
# distance from previous block
# <min> <max>
0	15

[block]
# block no. 3 follows, 52 sequences, length 13
# corresponding to MSA columns:
# 914-926
name=unknown_D
#
# <colnr> <probs for GDERKNQSTAVLIFYWHMCP>
#	G	D	E	R	K	N	Q	S	T	A	V	L	I	F	Y	W	H	M	C	P
0	0.00967	0.05707	0.72009	0.01308	0.01972	0.01114	0.01663	0.01491	0.01044	0.01545	0.06030	0.01183	0.00874	0.00493	0.00462	0.00151	0.00676	0.00388	0.00226	0.00695
1	0.01015	0.11176	0.68558	0.01351	0.02025	0.01215	0.05116	0.01526	0.01024	0.01493	0.00853	0.01009	0.00620	0.00453	0.00449	0.00149	0.00699	0.00357	0.00207	0.00703
2	0.00842	0.00421	0.00631	0.00631	0.00631	0.00421	0.00421	0.00631	0.00631	0.00842	0.00842	0.01473	0.00842	0.01684	0.01894	0.85901	0.00421	0.00421	0.00210	0.00210
3	0.01041	0.19841	0.63732	0.01263	0.01914	0.01295	0.01584	0.01517	0.01015	0.01450	0.00828	0.00970	0.00616	0.00451	0.00428	0.00143	0.00674	0.00337	0.00205	0.00696
4	0.08566	0.01268	0.01541	0.01170	0.01562	0.01361	0.10591	0.55454	0.01936	0.09961	0.01171	0.01196	0.00824	0.00551	0.00481	0.00148	0.00545	0.00444	0.00450	0.00779
5	0.00573	0.00491	0.00491	0.00491	0.00655	0.00409	0.00368	0.00695	0.01105	0.01309	0.04909	0.04664	0.79750	0.01227	0.00573	0.00164	0.00245	0.01023	0.00450	0.00409
6	0.01005	0.00861	0.01005	0.00718	0.01148	0.00646	0.00574	0.01220	0.01005	0.01579	0.00861	0.01005	0.00718	0.00359	0.00359	0.00072	0.00359	0.00287	0.00287	0.85932
7	0.01377	0.17290	0.11425	0.01030	0.01394	0.10846	0.00933	0.15101	0.22009	0.05241	0.04759	0.01365	0.01107	0.00669	0.03234	0.00163	0.00562	0.00432	0.00369	0.00695
8	0.00682	0.00540	0.00631	0.00577	0.00750	0.00462	0.00437	0.00867	0.01221	0.01649	0.40488	0.03700	0.33528	0.01004	0.00545	0.00147	0.00252	0.00860	0.00470	0.11192
9	0.53544	0.00781	0.00711	0.00679	0.00904	0.00860	0.00539	0.01280	0.00903	0.07006	0.01335	0.16267	0.01325	0.04100	0.00494	0.00179	0.00371	0.07858	0.00361	0.00504
10	0.01378	0.57336	0.02349	0.01060	0.01451	0.17384	0.10300	0.01559	0.01080	0.01200	0.00726	0.00861	0.00636	0.00431	0.00368	0.00115	0.00625	0.00308	0.00220	0.00614
11	0.00787	0.00600	0.00845	0.00810	0.00911	0.00698	0.00633	0.05959	0.00906	0.01294	0.05629	0.01943	0.01359	0.05412	0.64904	0.00664	0.05364	0.00534	0.00288	0.00461
12	0.01533	0.01148	0.01291	0.05536	0.01470	0.01286	0.00869	0.47470	0.16796	0.04764	0.01341	0.01402	0.01000	0.00976	0.10622	0.00230	0.00603	0.00469	0.00446	0.00748

[dist]
# distance from previous block
# <min> <max>
4	9

[block]
# block no. 4 follows, 52 sequences, length 18
# corresponding to MSA columns:
# 936-953
name=unknown_E
#
# <colnr> <probs for GDERKNQSTAVLIFYWHMCP>
#	G	D	E	R	K	N	Q	S	T	A	V	L	I	F	Y	W	H	M	C	P
0	0.01146	0.01035	0.03162	0.01235	0.01607	0.02853	0.28560	0.05619	0.01129	0.06242	0.04800	0.03177	0.01010	0.00623	0.00652	0.10312	0.00556	0.00481	0.00305	0.25497
1	0.01133	0.10877	0.02135	0.02066	0.33557	0.01193	0.25119	0.01419	0.01080	0.01485	0.01128	0.03339	0.04581	0.00497	0.00526	0.00146	0.03334	0.00498	0.00255	0.05634
2	0.01016	0.00961	0.01151	0.14470	0.01541	0.12545	0.07881	0.06256	0.04018	0.01429	0.01822	0.23311	0.05047	0.00967	0.00603	0.03199	0.00527	0.12388	0.00358	0.00511
3	0.00758	0.00776	0.08622	0.00913	0.01078	0.00662	0.09832	0.00942	0.00855	0.01193	0.01510	0.16131	0.01569	0.20349	0.32069	0.00475	0.00822	0.00701	0.00293	0.00448
4	0.01135	0.00789	0.00918	0.00835	0.01041	0.00831	0.00638	0.09920	0.27039	0.11211	0.16743	0.22595	0.02398	0.00924	0.00538	0.00167	0.00348	0.00801	0.00502	0.00627
5	0.01076	0.00841	0.01000	0.00739	0.01146	0.00646	0.00597	0.01290	0.01039	0.07276	0.01039	0.01319	0.00877	0.00435	0.00387	0.00087	0.00368	0.04874	0.00319	0.74647
6	0.01531	0.00723	0.00930	0.00771	0.01051	0.00645	0.00613	0.01788	0.06623	0.44814	0.11766	0.10047	0.11126	0.00804	0.00515	0.00154	0.00353	0.00679	0.00538	0.04530
7	0.01105	0.00921	0.01059	0.00765	0.01191	0.00748	0.00616	0.10421	0.01157	0.01755	0.00897	0.01024	0.00730	0.00385	0.00374	0.00081	0.00380	0.00305	0.00311	0.75777
8	0.01226	0.65881	0.19309	0.00948	0.01427	0.01747	0.01036	0.01469	0.00993	0.01225	0.00716	0.00830	0.00620	0.00424	0.00343	0.00114	0.00561	0.00280	0.00207	0.00642
9	0.01490	0.01359	0.06724	0.10997	0.11039	0.05788	0.01103	0.39603	0.05384	0.02227	0.01043	0.01179	0.00784	0.00569	0.00587	0.00154	0.08446	0.00427	0.00366	0.00730
10	0.10855	0.00505	0.00584	0.00631	0.00710	0.00496	0.00436	0.00806	0.00968	0.01426	0.14159	0.46270	0.07986	0.10960	0.00790	0.00215	0.00304	0.01065	0.00426	0.00408
11	0.00679	0.00549	0.00696	0.10275	0.01059	0.00544	0.00577	0.00895	0.05373	0.01354	0.06105	0.30052	0.30328	0.01206	0.00582	0.00180	0.00331	0.08341	0.00427	0.00445
12	0.00944	0.00686	0.01072	0.00970	0.01127	0.00707	0.10089	0.01127	0.01012	0.10678	0.02061	0.21844	0.06675	0.01518	0.14403	0.00291	0.08460	0.15443	0.00387	0.00507
13	0.01576	0.01476	0.11040	0.01473	0.12400	0.05159	0.07131	0.43117	0.03093	0.05125	0.01087	0.01175	0.00795	0.00538	0.00513	0.00149	0.02564	0.00434	0.00385	0.00770
14	0.11609	0.01178	0.10607	0.12425	0.05344	0.02513	0.00975	0.15215	0.08833	0.19832	0.01341	0.05818	0.01013	0.00593	0.00467	0.00154	0.00504	0.00478	0.00401	0.00699
15	0.01010	0.00793	0.01193	0.32874	0.08315	0.00898	0.00977	0.01227	0.01023	0.10654	0.01895	0.09875	0.15735	0.00778	0.00649	0.00169	0.10416	0.00640	0.00329	0.00552
16	0.05637	0.01591	0.01223	0.01184	0.06504	0.41487	0.00853	0.06604	0.05653	0.08983	0.03851	0.09182	0.01201	0.00660	0.00474	0.00145	0.00644	0.03171	0.00349	0.00603
17	0.01336	0.06381	0.11589	0.10779	0.01685	0.24193	0.03759	0.07019	0.01175	0.06347	0.00986	0.03138	0.00813	0.00925	0.10129	0.00223	0.08225	0.00419	0.00279	0.00599

[dist]
# distance from previous block
# <min> <max>
21	163

[block]
# block no. 5 follows, 52 sequences, length 24
# corresponding to MSA columns:
# 1142-1165
name=unknown_F
#
# <colnr> <probs for GDERKNQSTAVLIFYWHMCP>
#	G	D	E	R	K	N	Q	S	T	A	V	L	I	F	Y	W	H	M	C	P
0	0.18634	0.01416	0.07019	0.01040	0.01412	0.08505	0.00893	0.44086	0.08317	0.02513	0.01076	0.01107	0.00786	0.00546	0.00442	0.00147	0.00533	0.00394	0.00407	0.00728
1	0.00906	0.00509	0.00668	0.00696	0.00805	0.00459	0.00495	0.01014	0.01036	0.17054	0.02720	0.59450	0.09675	0.01308	0.00588	0.00184	0.00304	0.01168	0.00480	0.00481
2	0.01566	0.01932	0.01211	0.01134	0.01339	0.64896	0.00839	0.01683	0.01284	0.01196	0.01133	0.17232	0.01140	0.00703	0.00473	0.00139	0.00755	0.00525	0.00290	0.00528
3	0.01056	0.43011	0.19952	0.00903	0.01303	0.01349	0.00952	0.01315	0.01067	0.01397	0.16648	0.06472	0.01570	0.00609	0.00416	0.00131	0.00491	0.00475	0.00287	0.00597
4	0.00636	0.00454	0.00612	0.00714	0.00765	0.00431	0.00517	0.00758	0.00998	0.01332	0.08327	0.61389	0.03223	0.01443	0.00625	0.00199	0.00310	0.16404	0.00455	0.00409
5	0.82036	0.00931	0.00734	0.00649	0.00953	0.01068	0.00535	0.01473	0.00854	0.06214	0.00739	0.00832	0.00560	0.00458	0.00310	0.00150	0.00377	0.00274	0.00315	0.00540
6	0.01021	0.02203	0.63532	0.01475	0.08981	0.01138	0.01636	0.01660	0.10748	0.01600	0.01011	0.01137	0.00735	0.00482	0.00466	0.00154	0.00662	0.00388	0.00244	0.00727
7	0.02174	0.00825	0.01125	0.00862	0.01237	0.00712	0.00712	0.02362	0.01387	0.80282	0.01912	0.01649	0.01200	0.00600	0.00487	0.00150	0.00412	0.00487	0.00600	0.00825
8	0.00976	0.00923	0.01564	0.64914	0.19752	0.01093	0.01376	0.01292	0.00998	0.01312	0.00872	0.01272	0.00672	0.00473	0.00483	0.00158	0.00631	0.00431	0.00221	0.00587
9	0.69474	0.01212	0.00844	0.00760	0.01049	0.17076	0.00607	0.01527	0.00934	0.01977	0.00690	0.00805	0.00545	0.00460	0.00327	0.00145	0.00475	0.00272	0.00290	0.00532
10	0.01598	0.01342	0.06078	0.01031	0.01356	0.18162	0.00851	0.02312	0.35302	0.24268	0.01625	0.01514	0.01162	0.00595	0.00477	0.00151	0.00517	0.00468	0.00454	0.00736
11	0.00963	0.00560	0.00715	0.00639	0.00814	0.00500	0.00492	0.01165	0.01327	0.17499	0.50710	0.03413	0.17391	0.00955	0.00555	0.00154	0.00268	0.00825	0.00532	0.00522
12	0.00590	0.00422	0.00562	0.00675	0.00703	0.00394	0.00450	0.00675	0.00928	0.01237	0.02671	0.82653	0.03205	0.01518	0.00619	0.00197	0.00281	0.01378	0.00450	0.00394
13	0.01615	0.01180	0.01269	0.00998	0.01308	0.01296	0.00796	0.62803	0.01964	0.02631	0.01236	0.01565	0.01012	0.17061	0.00881	0.00210	0.00521	0.00490	0.00447	0.00718
14	0.00893	0.00654	0.00776	0.00733	0.00891	0.00664	0.00550	0.06030	0.16849	0.05073	0.33019	0.21268	0.08624	0.01021	0.00558	0.00165	0.00299	0.00893	0.00500	0.00539
15	0.01132	0.01065	0.01713	0.21719	0.49734	0.01141	0.01346	0.01589	0.12673	0.01566	0.01057	0.01312	0.00844	0.00478	0.00483	0.00151	0.00564	0.00449	0.00272	0.00712
16	0.00590	0.00422	0.00562	0.00675	0.00703	0.00394	0.00450	0.00675	0.00928	0.01237	0.02671	0.82653	0.03205	0.01518	0.00619	0.00197	0.00281	0.01378	0.00450	0.00394
17	0.01296	0.83261	0.02539	0.00829	0.01244	0.01917	0.00829	0.01451	0.00985	0.01140	0.00674	0.00777	0.00622	0.00415	0.00311	0.00104	0.00518	0.00259	0.00207	0.00622
18	0.01307	0.01430	0.23195	0.09193	0.36059	0.01050	0.01402	0.01653	0.01126	0.17281	0.01096	0.01250	0.00801	0.00478	0.00476	0.00149	0.00588	0.00423	0.00300	0.00744
19	0.00986	0.00551	0.00735	0.00691	0.00841	0.00501	0.00524	0.01172	0.01260	0.18542	0.41710	0.21861	0.03454	0.01045	0.00569	0.00165	0.00289	0.04058	0.00524	0.00521
20	0.00960	0.00726	0.00855	0.00835	0.01021	0.00744	0.00693	0.16479	0.06165	0.01763	0.02829	0.07386	0.21246	0.01125	0.00596	0.00188	0.00404	0.34998	0.00458	0.00530
21	0.07665	0.60779	0.02123	0.00822	0.01220	0.01616	0.00784	0.01631	0.01053	0.17046	0.00921	0.00953	0.00730	0.00454	0.00345	0.00116	0.00487	0.00305	0.00293	0.00655
22	0.01719	0.18161	0.01636	0.01117	0.01449	0.36775	0.00909	0.29146	0.01619	0.01845	0.00882	0.00958	0.00695	0.00512	0.00429	0.00128	0.00681	0.00346	0.00325	0.00668
23	0.00887	0.00655	0.00775	0.00707	0.00867	0.00650	0.00538	0.16331	0.01444	0.01966	0.41525	0.16679	0.13021	0.01028	0.00562	0.00160	0.00301	0.00892	0.00499	0.00514

[dist]
# distance from previous block
# <min> <max>
0	4

[block]
# block no. 6 follows, 52 sequences, length 18
# corresponding to MSA columns:
# 1170-1187
name=unknown_G
#
# <colnr> <probs for GDERKNQSTAVLIFYWHMCP>
#	G	D	E	R	K	N	Q	S	T	A	V	L	I	F	Y	W	H	M	C	P
0	0.18163	0.01540	0.20788	0.01079	0.01524	0.01310	0.01049	0.39733	0.06312	0.02445	0.01044	0.01094	0.00753	0.00530	0.00443	0.00149	0.00538	0.00390	0.00380	0.00735
1	0.69648	0.01245	0.16344	0.00783	0.01165	0.01095	0.00773	0.01446	0.00864	0.02049	0.00713	0.00833	0.00542	0.00452	0.00331	0.00151	0.00442	0.00281	0.00281	0.00562
2	0.01346	0.01213	0.02519	0.01811	0.02279	0.01125	0.62999	0.01711	0.01191	0.16985	0.01163	0.01374	0.00826	0.00446	0.00555	0.00161	0.00738	0.00555	0.00315	0.00687
3	0.01249	0.01006	0.01090	0.00942	0.01210	0.01127	0.00742	0.19563	0.46290	0.02245	0.17022	0.02016	0.01936	0.00705	0.00507	0.00158	0.00387	0.00587	0.00499	0.00719
4	0.17518	0.00615	0.00687	0.00638	0.00798	0.00626	0.00489	0.01115	0.05948	0.01994	0.59517	0.02955	0.03593	0.00865	0.00514	0.00153	0.00267	0.00736	0.00485	0.00489
5	0.00619	0.00493	0.00555	0.00540	0.00683	0.00429	0.00405	0.00785	0.01214	0.01570	0.35641	0.04235	0.48855	0.01130	0.00572	0.00159	0.00239	0.00963	0.00484	0.00429
6	0.01296	0.83261	0.02539	0.00829	0.01244	0.01917	0.00829	0.01451	0.00985	0.01140	0.00674	0.00777	0.00622	0.00415	0.00311	0.00104	0.00518	0.00259	0.00207	0.00622
7	0.01308	0.00898	0.01068	0.00781	0.01197	0.00734	0.00632	0.08215	0.01192	0.17136	0.01094	0.01145	0.00822	0.00426	0.00395	0.00094	0.00385	0.00339	0.00366	0.61775
8	0.01536	0.01188	0.01680	0.02143	0.46589	0.05616	0.01207	0.14925	0.01377	0.17241	0.01142	0.01263	0.00854	0.00494	0.00480	0.00144	0.00553	0.00437	0.00353	0.00777
9	0.71768	0.00992	0.00883	0.00877	0.07664	0.01129	0.00641	0.08183	0.00976	0.02202	0.00738	0.00855	0.00572	0.00460	0.00331	0.00149	0.00406	0.00292	0.00311	0.00572
10	0.00692	0.00519	0.00779	0.00779	0.00865	0.00606	0.00606	0.00865	0.00779	0.01125	0.01298	0.01904	0.01211	0.03634	0.81049	0.00779	0.01298	0.00519	0.00260	0.00433
11	0.00590	0.00422	0.00562	0.00675	0.00703	0.00394	0.00450	0.00675	0.00928	0.01237	0.02671	0.82653	0.03205	0.01518	0.00619	0.00197	0.00281	0.01378	0.00450	0.00394
12	0.01315	0.01096	0.01158	0.01008	0.01302	0.01257	0.00794	0.15629	0.65838	0.02204	0.01833	0.01697	0.01366	0.00644	0.00492	0.00161	0.00409	0.00529	0.00492	0.00777
13	0.01549	0.23617	0.01996	0.01261	0.01634	0.25981	0.16047	0.19190	0.01431	0.01672	0.00869	0.00999	0.00691	0.00478	0.00441	0.00131	0.00689	0.00377	0.00291	0.00656
14	0.00590	0.00422	0.00562	0.00675	0.00703	0.00394	0.00450	0.00675	0.00928	0.01237	0.02671	0.82653	0.03205	0.01518	0.00619	0.00197	0.00281	0.01378	0.00450	0.00394
15	0.01712	0.18094	0.01609	0.01155	0.01449	0.58534	0.00914	0.08548	0.01377	0.01341	0.00771	0.00880	0.00641	0.00490	0.00416	0.00122	0.00774	0.00313	0.00262	0.00597
16	0.18306	0.01003	0.01119	0.00915	0.01241	0.01062	0.02234	0.20747	0.15913	0.25158	0.01524	0.06266	0.01139	0.00628	0.00461	0.00155	0.00429	0.00497	0.00477	0.00726
17	0.01207	0.00866	0.01337	0.17174	0.15384	0.00890	0.05656	0.06978	0.01217	0.15130	0.01765	0.02639	0.05803	0.00769	0.00544	0.00172	0.00519	0.20944	0.00382	0.00623

[dist]
# distance from previous block
# <min> <max>
0	63

[block]
# block no. 7 follows, 52 sequences, length 70
# corresponding to MSA columns:
# 1251-1320
name=unknown_H
#
# <colnr> <probs for GDERKNQSTAVLIFYWHMCP>
#	G	D	E	R	K	N	Q	S	T	A	V	L	I	F	Y	W	H	M	C	P
0	0.01667	0.01505	0.01401	0.01146	0.01468	0.21636	0.04155	0.44919	0.06533	0.02309	0.01218	0.07562	0.00997	0.00632	0.00487	0.00146	0.00603	0.00491	0.00412	0.00713
1	0.04882	0.54083	0.06768	0.00860	0.01233	0.07829	0.00829	0.01460	0.01079	0.04640	0.11209	0.01213	0.01165	0.00510	0.00371	0.00119	0.00509	0.00361	0.00274	0.00605
2	0.08306	0.00839	0.01002	0.00829	0.01108	0.00827	0.00656	0.17116	0.02499	0.35534	0.05123	0.14081	0.03329	0.05733	0.00617	0.00176	0.00405	0.00638	0.00504	0.00677
3	0.01344	0.67660	0.07093	0.00918	0.01329	0.12347	0.00901	0.01520	0.01038	0.01170	0.00696	0.00805	0.00622	0.00429	0.00337	0.00109	0.00577	0.00272	0.00213	0.00620
4	0.00822	0.00731	0.05502	0.00685	0.00894	0.00614	0.00571	0.11100	0.01277	0.03214	0.13156	0.11732	0.42492	0.01087	0.00561	0.00165	0.00325	0.04121	0.00453	0.00497
5	0.05556	0.00980	0.01390	0.01050	0.01439	0.00924	0.10999	0.14533	0.01475	0.54020	0.01615	0.01489	0.01049	0.00565	0.00490	0.00151	0.00484	0.00481	0.00521	0.00789
6	0.01296	0.83261	0.02539	0.00829	0.01244	0.01917	0.00829	0.01451	0.00985	0.01140	0.00674	0.00777	0.00622	0.00415	0.00311	0.00104	0.00518	0.00259	0.00207	0.00622
7	0.00614	0.00506	0.00542	0.00549	0.00694	0.00446	0.00405	0.00795	0.04415	0.01395	0.12191	0.14764	0.58549	0.01217	0.00575	0.00167	0.00254	0.01035	0.00460	0.00427
8	0.01367	0.01525	0.01983	0.02269	0.40427	0.24623	0.17655	0.01633	0.01191	0.01460	0.00878	0.01127	0.00719	0.00447	0.00487	0.00142	0.00715	0.00426	0.00244	0.00683
9	0.01199	0.01151	0.01967	0.02974	0.79946	0.01151	0.01487	0.01487	0.01103	0.01583	0.00912	0.01199	0.00768	0.00432	0.00480	0.00144	0.00576	0.00432	0.00240	0.00768
10	0.02126	0.01021	0.01158	0.00913	0.01272	0.11349	0.00742	0.02305	0.01385	0.69806	0.01758	0.01547	0.01123	0.00586	0.00481	0.00147	0.00473	0.00464	0.00553	0.00790
11	0.00915	0.00861	0.01453	0.81804	0.03338	0.01077	0.01346	0.01238	0.00969	0.01238	0.00861	0.01292	0.00646	0.00484	0.00484	0.00161	0.00646	0.00431	0.00215	0.00538
12	0.01414	0.00986	0.01119	0.00986	0.02776	0.01065	0.00758	0.23149	0.30453	0.13840	0.01846	0.16308	0.01556	0.00780	0.00512	0.00162	0.00414	0.00657	0.00494	0.00723
13	0.00590	0.00422	0.00562	0.00675	0.00703	0.00394	0.00450	0.00675	0.00928	0.01237	0.02671	0.82653	0.03205	0.01518	0.00619	0.00197	0.00281	0.01378	0.00450	0.00394
14	0.00616	0.00440	0.00591	0.00704	0.00743	0.00415	0.00494	0.00718	0.00953	0.01265	0.02657	0.72430	0.03150	0.01494	0.00625	0.00200	0.00303	0.11352	0.00449	0.00401
15	0.01189	0.01141	0.01949	0.05729	0.77270	0.01149	0.01482	0.01479	0.01099	0.01571	0.00910	0.01203	0.00763	0.00434	0.00480	0.00145	0.00578	0.00432	0.00239	0.00760
16	0.01842	0.01357	0.01454	0.01115	0.01503	0.01503	0.00921	0.78330	0.02278	0.03054	0.01163	0.01163	0.00824	0.00582	0.00485	0.00145	0.00533	0.00436	0.00485	0.00824
17	0.00665	0.00490	0.00622	0.00598	0.00714	0.00447	0.00445	0.00871	0.01310	0.01817	0.65133	0.08533	0.14447	0.01054	0.00575	0.00157	0.00234	0.00926	0.00517	0.00447
18	0.00668	0.00554	0.00592	0.00572	0.00738	0.00509	0.00432	0.00954	0.09956	0.01524	0.20380	0.04121	0.55034	0.01113	0.00564	0.00161	0.00257	0.00938	0.00473	0.00460
19	0.01639	0.01352	0.01246	0.01032	0.01337	0.18790	0.00819	0.32848	0.11661	0.11201	0.11661	0.01563	0.01403	0.00629	0.00487	0.00145	0.00535	0.00487	0.00454	0.00710
20	0.01205	0.01041	0.01096	0.00986	0.01260	0.01205	0.00767	0.02575	0.79071	0.02027	0.01972	0.01808	0.01479	0.00657	0.00493	0.00164	0.00384	0.00548	0.00493	0.00767
21	0.01810	0.02310	0.01373	0.01248	0.01498	0.81024	0.00936	0.01935	0.01373	0.01186	0.00749	0.00874	0.00624	0.00499	0.00437	0.00125	0.00874	0.00312	0.00250	0.00562
22	0.01057	0.00887	0.01153	0.06391	0.01387	0.00713	0.05323	0.01290	0.01027	0.04892	0.00913	0.01070	0.00734	0.00381	0.00386	0.00087	0.00409	0.00323	0.00293	0.71286
23	0.01398	0.01243	0.01612	0.02052	0.42032	0.13463	0.01175	0.03534	0.03906	0.11938	0.01065	0.01262	0.00846	0.00702	0.05450	0.00186	0.06695	0.00430	0.00303	0.00707
24	0.01160	0.01226	0.01470	0.01269	0.01302	0.12019	0.01044	0.01268	0.00826	0.01169	0.00651	0.01036	0.00635	0.00802	0.01438	0.00200	0.71327	0.00409	0.00217	0.00534
25	0.28765	0.00925	0.01034	0.00822	0.01174	0.00927	0.00678	0.11279	0.01317	0.46217	0.01430	0.01318	0.00941	0.00550	0.00428	0.00149	0.00415	0.00410	0.00491	0.00730
26	0.01124	0.00954	0.01176	0.00850	0.01279	0.00794	0.05309	0.11453	0.01182	0.01773	0.00909	0.01044	0.00733	0.00391	0.00388	0.00087	0.00410	0.00324	0.00311	0.69507
27	0.86392	0.00937	0.00712	0.00637	0.00937	0.01087	0.00525	0.01425	0.00825	0.02174	0.00675	0.00787	0.00525	0.00450	0.00300	0.00150	0.00375	0.00262	0.00300	0.00525
28	0.00842	0.00421	0.00631	0.00631	0.00631	0.00421	0.00421	0.00631	0.00631	0.00842	0.00842	0.01473	0.00842	0.01684	0.01894	0.85901	0.00421	0.00421	0.00210	0.00210
29	0.00575	0.00482	0.00500	0.00515	0.00661	0.00407	0.00379	0.00693	0.01081	0.01300	0.04613	0.14993	0.69612	0.01266	0.00579	0.00168	0.00250	0.01070	0.00450	0.00407
30	0.02174	0.00825	0.01125	0.00862	0.01237	0.00712	0.00712	0.02362	0.01387	0.80282	0.01912	0.01649	0.01200	0.00600	0.00487	0.00150	0.00412	0.00487	0.00600	0.00825
31	0.01978	0.00784	0.01079	0.00851	0.01188	0.00698	0.00698	0.02163	0.01306	0.69798	0.01831	0.01683	0.01201	0.01002	0.11157	0.00233	0.00530	0.00492	0.00555	0.00773
32	0.02174	0.00825	0.01125	0.00862	0.01237	0.00712	0.00712	0.02362	0.01387	0.80282	0.01912	0.01649	0.01200	0.00600	0.00487	0.00150	0.00412	0.00487	0.00600	0.00825
33	0.00915	0.00861	0.01453	0.81804	0.03338	0.01077	0.01346	0.01238	0.00969	0.01238	0.00861	0.01292	0.00646	0.00484	0.00484	0.00161	0.00646	0.00431	0.00215	0.00538
34	0.00630	0.00461	0.00582	0.00633	0.00705	0.00427	0.00447	0.00756	0.01052	0.01401	0.20781	0.41434	0.15118	0.07764	0.00749	0.00205	0.00288	0.05704	0.00457	0.00406
35	0.00972	0.02507	0.80458	0.01381	0.02097	0.01125	0.01790	0.01535	0.01023	0.01535	0.00870	0.01023	0.00614	0.00460	0.00460	0.00153	0.00716	0.00358	0.00205	0.00716
36	0.00947	0.02249	0.69906	0.01316	0.01953	0.01050	0.01657	0.01464	0.01035	0.01524	0.01094	0.01612	0.00902	0.00577	0.00488	0.00163	0.00680	0.10467	0.00237	0.00680
37	0.00672	0.00544	0.00862	0.00840	0.00930	0.00510	0.10731	0.00794	0.00943	0.01257	0.02407	0.63852	0.04490	0.07789	0.00757	0.00213	0.00366	0.01210	0.00410	0.00421
38	0.01896	0.00875	0.04432	0.00857	0.01212	0.00729	0.00729	0.05650	0.01402	0.62393	0.10078	0.01912	0.04255	0.00656	0.00498	0.00151	0.00406	0.00539	0.00566	0.00767
39	0.61357	0.01046	0.01343	0.01050	0.01406	0.01128	0.23332	0.01462	0.00918	0.01992	0.00765	0.00940	0.00587	0.00438	0.00380	0.00154	0.00505	0.00353	0.00284	0.00563
40	0.01063	0.01018	0.01750	0.40386	0.41236	0.01118	0.03725	0.01371	0.01041	0.01418	0.00890	0.01247	0.00709	0.00456	0.00485	0.00153	0.00616	0.00435	0.00228	0.00655
41	0.00776	0.00655	0.00973	0.01326	0.23979	0.00627	0.00754	0.00935	0.01027	0.01373	0.03891	0.40210	0.16108	0.01131	0.00571	0.00176	0.00367	0.04222	0.00390	0.00510
42	0.01322	0.28379	0.11032	0.01375	0.01844	0.01500	0.28013	0.17727	0.01318	0.01732	0.00906	0.01071	0.00703	0.00453	0.00455	0.00139	0.00648	0.00417	0.00279	0.00686
43	0.01475	0.01037	0.01517	0.01816	0.34779	0.01067	0.01081	0.10231	0.06858	0.21615	0.06030	0.01488	0.01154	0.00574	0.00576	0.00153	0.06923	0.00481	0.00391	0.00751
44	0.02164	0.00841	0.01135	0.00870	0.01245	0.00737	0.00719	0.04720	0.01415	0.77884	0.01889	0.01634	0.01188	0.00599	0.00487	0.00150	0.00416	0.00486	0.00596	0.00825
45	0.00999	0.00947	0.01604	0.58654	0.25835	0.01099	0.01387	0.01311	0.01008	0.01339	0.00876	0.01265	0.00682	0.00469	0.00483	0.00156	0.00625	0.00431	0.00223	0.00606
46	0.01015	0.13202	0.70138	0.01308	0.01984	0.01230	0.01663	0.01524	0.01018	0.01482	0.00844	0.00991	0.00615	0.00454	0.00441	0.00147	0.00690	0.00345	0.00205	0.00704
