[name]
unknown

[dist]
# distance from previous block
# <min> <max>
0	942

[block]
# block no. 0 follows, 45 sequences, length 19
# corresponding to MSA columns:
# 946-951,953-965
name=unknown_A
#
# <colnr> <probs for GDERKNQSTAVLIFYWHMCP>
#	G	D	E	R	K	N	Q	S	T	A	V	L	I	F	Y	W	H	M	C	P
0	0.09873	0.01321	0.01154	0.01045	0.01284	0.20354	0.00826	0.14492	0.05132	0.01935	0.08058	0.04194	0.06231	0.01211	0.09680	0.00253	0.03274	0.08648	0.00410	0.00623
1	0.24379	0.07575	0.08063	0.03379	0.01646	0.11242	0.11699	0.02948	0.06333	0.01832	0.01103	0.03305	0.00943	0.00624	0.00569	0.00170	0.06324	0.04229	0.00320	0.03320
2	0.01596	0.01490	0.14193	0.01081	0.01532	0.11276	0.00987	0.05947	0.08549	0.20649	0.05387	0.01519	0.01204	0.00584	0.00497	0.00143	0.00559	0.00460	0.00430	0.21916
3	0.00859	0.00766	0.01188	0.01084	0.04838	0.00741	0.12724	0.01065	0.01160	0.01546	0.12295	0.10971	0.24439	0.07448	0.07463	0.00267	0.04629	0.02911	0.00412	0.03195
4	0.08625	0.54856	0.07924	0.00952	0.01417	0.01749	0.00946	0.01787	0.01157	0.14784	0.01001	0.01050	0.00791	0.00502	0.00390	0.00132	0.00556	0.00339	0.00314	0.00727
5	0.15831	0.01422	0.05304	0.01967	0.02481	0.01327	0.60225	0.01694	0.01201	0.01839	0.01023	0.01337	0.00769	0.00462	0.00577	0.00178	0.00816	0.00566	0.00281	0.00701
6	0.08171	0.09599	0.13067	0.01612	0.20511	0.09044	0.01174	0.01911	0.01274	0.20871	0.01267	0.01352	0.00928	0.00547	0.00480	0.00154	0.00598	0.00436	0.06231	0.00773
7	0.15930	0.01233	0.01825	0.08826	0.38268	0.01307	0.06992	0.09261	0.07672	0.02040	0.01093	0.01320	0.00862	0.00523	0.00507	0.00166	0.00603	0.00469	0.00327	0.00779
8	0.00927	0.00669	0.00806	0.00817	0.00925	0.00679	0.00584	0.13883	0.01262	0.01682	0.02504	0.47084	0.05118	0.13180	0.03617	0.00274	0.00436	0.04572	0.00472	0.00508
9	0.00654	0.00467	0.00623	0.00747	0.00779	0.00436	0.00498	0.00747	0.01028	0.01370	0.02959	0.80785	0.03550	0.01682	0.00685	0.00218	0.00311	0.01526	0.00498	0.00436
10	0.01324	0.28987	0.24732	0.01110	0.01604	0.01448	0.01172	0.01877	0.14373	0.08145	0.08963	0.01542	0.01350	0.00603	0.00475	0.00153	0.00571	0.00466	0.00357	0.00748
11	0.22086	0.02147	0.51055	0.01253	0.01875	0.01203	0.01496	0.01687	0.05134	0.01895	0.01189	0.01308	0.04389	0.00559	0.00473	0.00170	0.00654	0.00417	0.00283	0.00727
12	0.01440	0.00695	0.00865	0.00777	0.01007	0.00641	0.00611	0.04402	0.01328	0.29359	0.02534	0.16264	0.09580	0.00964	0.00549	0.00172	0.00369	0.06392	0.21401	0.00649
13	0.15811	0.00959	0.00977	0.00851	0.01123	0.01015	0.00670	0.26163	0.03974	0.02278	0.02765	0.14096	0.25241	0.00997	0.00554	0.00177	0.00414	0.00810	0.00484	0.00639
14	0.01178	0.00789	0.00873	0.00782	0.00920	0.03207	0.00551	0.12667	0.04810	0.07330	0.03757	0.02701	0.07376	0.34290	0.01728	0.14981	0.00501	0.00672	0.00397	0.00493
15	0.00962	0.06926	0.00942	0.00765	0.00900	0.08592	0.00572	0.01076	0.01207	0.01569	0.33029	0.02945	0.07984	0.08974	0.06537	0.14911	0.00497	0.00733	0.00416	0.00462
16	0.01037	0.00612	0.00796	0.00714	0.00895	0.00552	0.00548	0.01274	0.01500	0.15336	0.58862	0.03718	0.09960	0.01042	0.00617	0.00169	0.00290	0.00908	0.00597	0.00573
17	0.01202	0.01113	0.01846	0.10293	0.57111	0.01136	0.01402	0.01470	0.01131	0.01592	0.01123	0.01719	0.01029	0.14531	0.00915	0.00224	0.00625	0.00531	0.00273	0.00734
18	0.01121	0.02515	0.65087	0.01837	0.15466	0.01252	0.01925	0.01691	0.01149	0.01709	0.00971	0.01167	0.00710	0.00504	0.00514	0.00168	0.00766	0.00411	0.00233	0.00803

[dist]
# distance from previous block
# <min> <max>
0	2

[block]
# block no. 1 follows, 45 sequences, length 138
# corresponding to MSA columns:
# 968-1021,1023-1062,1121-1164
name=unknown_B
#
# <colnr> <probs for GDERKNQSTAVLIFYWHMCP>
#	G	D	E	R	K	N	Q	S	T	A	V	L	I	F	Y	W	H	M	C	P
0	0.00824	0.00607	0.00855	0.12178	0.01210	0.00685	0.00657	0.00983	0.00886	0.01254	0.01472	0.02453	0.01450	0.28024	0.37323	0.00599	0.00951	0.00621	0.06519	0.00448
1	0.00825	0.00610	0.00864	0.00848	0.00947	0.00698	0.00647	0.04247	0.00927	0.01317	0.01460	0.02233	0.01392	0.12657	0.66862	0.00793	0.01296	0.00594	0.00303	0.00481
2	0.00885	0.00647	0.00923	0.01090	0.04493	0.00647	0.00899	0.01136	0.01235	0.01613	0.02761	0.05847	0.02991	0.01439	0.00732	0.00243	0.00501	0.70924	0.00484	0.00510
3	0.04944	0.01194	0.01991	0.20180	0.57950	0.01254	0.01566	0.01583	0.01176	0.01698	0.00986	0.01331	0.00809	0.00492	0.00524	0.00164	0.00645	0.00470	0.00263	0.00782
4	0.01215	0.04799	0.02504	0.24437	0.18622	0.01327	0.35972	0.01601	0.01195	0.01608	0.01018	0.01392	0.00788	0.00482	0.00572	0.00173	0.00781	0.00541	0.00259	0.00713
5	0.02288	0.01017	0.01303	0.00996	0.01417	0.00937	0.00822	0.15259	0.01689	0.61850	0.01923	0.01702	0.01233	0.00649	0.00533	0.00161	0.00477	0.00520	0.00627	0.04595
6	0.00658	0.00506	0.00589	0.00644	0.00749	0.00447	0.00452	0.00761	0.01117	0.01402	0.05238	0.38892	0.39891	0.01522	0.00722	0.03910	0.00298	0.01277	0.00488	0.00437
7	0.01259	0.42693	0.40031	0.01220	0.01844	0.01692	0.01443	0.01653	0.01112	0.01478	0.00853	0.00995	0.00684	0.00484	0.00426	0.00142	0.00682	0.00341	0.00228	0.00740
8	0.01816	0.01682	0.01708	0.01593	0.11102	0.28250	0.09205	0.16671	0.01635	0.12808	0.01314	0.01653	0.01049	0.00640	0.00545	0.00163	0.00735	0.06281	0.00399	0.00751
9	0.28230	0.24518	0.21053	0.01071	0.01548	0.12571	0.01096	0.01698	0.01106	0.01748	0.00813	0.00949	0.00652	0.00498	0.00402	0.00149	0.00635	0.00324	0.00269	0.00671
10	0.07207	0.33252	0.02017	0.01101	0.01509	0.15340	0.00954	0.28824	0.01677	0.02120	0.00959	0.01036	0.00764	0.00546	0.00438	0.00139	0.00639	0.00369	0.00357	0.00752
11	0.00662	0.00482	0.00624	0.00721	0.00776	0.00444	0.00490	0.00775	0.01093	0.01453	0.10346	0.66247	0.10716	0.01595	0.00675	0.00210	0.00302	0.01435	0.00507	0.00444
12	0.16790	0.01016	0.01446	0.48810	0.08770	0.01204	0.01240	0.07322	0.01173	0.01786	0.00986	0.01336	0.00750	0.00538	0.00490	0.00171	0.00620	0.00444	0.04475	0.00634
13	0.01511	0.45855	0.17469	0.01145	0.01637	0.15216	0.01158	0.07626	0.01287	0.01527	0.00847	0.00968	0.00705	0.00500	0.00417	0.00133	0.00687	0.00335	0.00262	0.00716
14	0.01917	0.01108	0.01294	0.01057	0.01430	0.01154	0.00852	0.14943	0.31847	0.35295	0.02006	0.01808	0.01384	0.00687	0.00542	0.00172	0.00466	0.00557	0.00596	0.00888
15	0.00663	0.00481	0.00629	0.00743	0.00791	0.00446	0.00509	0.00767	0.01054	0.01388	0.03150	0.71044	0.09405	0.01646	0.00684	0.00217	0.00317	0.05127	0.00498	0.00440
16	0.01263	0.01197	0.02026	0.08085	0.66835	0.01209	0.01547	0.01579	0.01236	0.01760	0.07080	0.01548	0.01176	0.00531	0.00540	0.00161	0.00612	0.00517	0.00290	0.00806
17	0.01103	0.01071	0.01546	0.12533	0.01682	0.01463	0.01159	0.01263	0.00863	0.01298	0.00828	0.01323	0.00782	0.01251	0.10826	0.00302	0.59405	0.00483	0.00242	0.00576
18	0.28332	0.00924	0.01060	0.00854	0.01220	0.00898	0.00701	0.02161	0.01338	0.48205	0.07671	0.01699	0.01389	0.00646	0.00482	0.00166	0.00427	0.00495	0.00554	0.00776
19	0.01840	0.01367	0.01459	0.01136	0.01531	0.01492	0.00933	0.65265	0.02338	0.03107	0.01881	0.01842	0.11848	0.00746	0.00551	0.00164	0.00545	0.00576	0.00531	0.00847
20	0.02005	0.02558	0.01521	0.01383	0.01659	0.78980	0.01037	0.02143	0.01521	0.01314	0.00830	0.00968	0.00691	0.00553	0.00484	0.00138	0.00968	0.00346	0.00277	0.00622
21	0.00785	0.00582	0.00742	0.00802	0.00931	0.00553	0.00658	0.00987	0.01239	0.01603	0.14063	0.05350	0.22092	0.07313	0.00847	0.00240	0.00406	0.39837	0.00497	0.00473
22	0.00662	0.00512	0.00604	0.00652	0.00760	0.00454	0.00462	0.00798	0.01185	0.01524	0.15447	0.37500	0.34603	0.01458	0.00656	0.00195	0.00286	0.01277	0.00513	0.00454
23	0.08071	0.00934	0.00956	0.00803	0.01063	0.01010	0.00643	0.30429	0.01654	0.02572	0.01491	0.01634	0.01132	0.00623	0.00435	0.00142	0.00396	0.00477	0.44865	0.00668
24	0.01077	0.02777	0.78354	0.01530	0.02323	0.01247	0.01983	0.01700	0.01133	0.01700	0.00963	0.01133	0.00680	0.00510	0.00510	0.00170	0.00793	0.00397	0.00227	0.00793
25	0.00654	0.00467	0.00623	0.00747	0.00779	0.00436	0.00498	0.00747	0.01028	0.01370	0.02959	0.80785	0.03550	0.01682	0.00685	0.00218	0.00311	0.01526	0.00498	0.00436
26	0.01039	0.00980	0.01656	0.73656	0.09687	0.01199	0.01503	0.01394	0.01085	0.01402	0.00959	0.01423	0.00726	0.00532	0.00536	0.00177	0.00709	0.00477	0.00241	0.00617
27	0.01300	0.01123	0.01180	0.01065	0.01362	0.01291	0.00828	0.02748	0.73038	0.02206	0.02347	0.02161	0.05434	0.00760	0.00551	0.00182	0.00417	0.00633	0.00544	0.00830
28	0.01984	0.01475	0.01579	0.01224	0.01643	0.01638	0.01006	0.70083	0.08531	0.03291	0.01361	0.01346	0.00972	0.00651	0.00538	0.00163	0.00577	0.00493	0.00538	0.00908
29	0.01453	0.01412	0.07737	0.01283	0.01603	0.07463	0.08446	0.27835	0.07004	0.02192	0.01545	0.17523	0.01433	0.00858	0.00708	0.00183	0.09473	0.00700	0.00424	0.00723
30	0.00653	0.00471	0.00619	0.00737	0.00776	0.00437	0.00494	0.00749	0.01038	0.01374	0.03083	0.77004	0.07251	0.01666	0.00683	0.00216	0.00309	0.01506	0.00498	0.00437
31	0.01905	0.01436	0.01534	0.01208	0.01613	0.01601	0.00987	0.61906	0.16836	0.03164	0.01461	0.01426	0.01053	0.00661	0.00539	0.00165	0.00559	0.00507	0.00539	0.00901
32	0.01113	0.00954	0.01113	0.00795	0.01272	0.00716	0.00636	0.01352	0.01113	0.01749	0.00954	0.01113	0.00795	0.00398	0.00398	0.00080	0.00398	0.00318	0.00318	0.84417
33	0.01311	0.01206	0.01841	0.02563	0.53627	0.01241	0.01369	0.05520	0.15404	0.01903	0.01593	0.01756	0.07062	0.00603	0.00543	0.00165	0.00567	0.00554	0.00350	0.00822
34	0.01169	0.01134	0.01304	0.05094	0.01398	0.11399	0.00956	0.04226	0.06636	0.01432	0.01137	0.01572	0.01017	0.01986	0.30026	0.00445	0.27688	0.00504	0.00295	0.00584
35	0.00767	0.00575	0.00863	0.00863	0.00959	0.00671	0.00671	0.00959	0.00863	0.01246	0.01438	0.02109	0.01342	0.04026	0.79008	0.00863	0.01438	0.00575	0.00288	0.00479
36	0.00767	0.00575	0.00863	0.00863	0.00959	0.00671	0.00671	0.00959	0.00863	0.01246	0.01438	0.02109	0.01342	0.04026	0.79008	0.00863	0.01438	0.00575	0.00288	0.00479
37	0.01092	0.02671	0.72383	0.01588	0.02362	0.01255	0.07848	0.01702	0.01144	0.01702	0.00973	0.01158	0.00691	0.00505	0.00520	0.00171	0.00802	0.00415	0.00230	0.00788
38	0.00654	0.00467	0.00623	0.00747	0.00779	0.00436	0.00498	0.00747	0.01028	0.01370	0.02959	0.80785	0.03550	0.01682	0.00685	0.00218	0.00311	0.01526	0.00498	0.00436
39	0.00767	0.00575	0.00863	0.00863	0.00959	0.00671	0.00671	0.00959	0.00863	0.01246	0.01438	0.02109	0.01342	0.04026	0.79008	0.00863	0.01438	0.00575	0.00288	0.00479
40	0.00865	0.00618	0.00865	0.00989	0.01112	0.00618	0.00865	0.01112	0.01236	0.01606	0.02842	0.06055	0.03089	0.01483	0.00741	0.00247	0.00494	0.74174	0.00494	0.00494
41	0.00961	0.00871	0.01466	0.07989	0.25543	0.00862	0.09140	0.01188	0.01127	0.01533	0.02088	0.37456	0.05405	0.01063	0.00617	0.00191	0.00509	0.00998	0.00380	0.00612
42	0.00696	0.00546	0.00629	0.00608	0.00763	0.00479	0.00456	0.00889	0.01369	0.01795	0.40797	0.04599	0.41994	0.01231	0.00634	0.00175	0.00263	0.01053	0.00544	0.00479
43	0.00781	0.00520	0.00585	0.00585	0.00585	0.00520	0.00325	0.00781	0.00781	0.01041	0.01691	0.03513	0.01952	0.81135	0.02732	0.00520	0.00520	0.00781	0.00325	0.00325
44	0.01777	0.02206	0.01901	0.01583	0.01899	0.55757	0.17905	0.01985	0.01412	0.01404	0.00878	0.01091	0.00720	0.00559	0.00612	0.00155	0.06820	0.00420	0.00272	0.00643
45	0.01077	0.02777	0.78354	0.01530	0.02323	0.01247	0.01983	0.01700	0.01133	0.01700	0.00963	0.01133	0.00680	0.00510	0.00510	0.00170	0.00793	0.00397	0.00227	0.00793
46	0.00704	0.00503	0.00680	0.00805	0.00858	0.00479	0.00585	0.00834	0.01077	0.01426	0.02931	0.63061	0.03441	0.01635	0.00698	0.00225	0.00355	0.18756	0.00497	0.00450
47	0.01223	0.01567	0.12254	0.07201	0.02743	0.01346	0.58636	0.01676	0.01218	0.01676	0.01046	0.01396	0.00787	0.00486	0.00661	0.00182	0.04334	0.00587	0.00262	0.00718
48	0.01127	0.09738	0.01520	0.01172	0.01269	0.01377	0.00983	0.01276	0.00937	0.03866	0.03804	0.01754	0.03981	0.01454	0.14817	0.00324	0.46481	0.03250	0.00290	0.00579
49	0.00664	0.00471	0.00620	0.00735	0.00763	0.00443	0.00485	0.00750	0.01008	0.01344	0.02858	0.74649	0.03423	0.07991	0.00848	0.00242	0.00328	0.01467	0.00485	0.00427
50	0.01788	0.27023	0.01879	0.01063	0.01471	0.01614	0.00920	0.37537	0.01832	0.11712	0.01340	0.07122	0.01088	0.00664	0.00487	0.00151	0.00548	0.00505	0.00451	0.00806
51	0.03971	0.21618	0.06971	0.01163	0.01551	0.25320	0.01012	0.09875	0.08960	0.11165	0.01156	0.01198	0.00884	0.00575	0.00494	0.00148	0.02437	0.00400	0.00364	0.00738
52	0.00781	0.00520	0.00585	0.00585	0.00585	0.00520	0.00325	0.00781	0.00781	0.01041	0.01691	0.03513	0.01952	0.81135	0.02732	0.00520	0.00520	0.00781	0.00325	0.00325
53	0.00709	0.00547	0.00603	0.00622	0.00741	0.00495	0.00451	0.00822	0.01097	0.01355	0.03966	0.05977	0.44354	0.24023	0.01246	0.00287	0.00375	0.11459	0.00449	0.00422
54	0.32798	0.10153	0.01406	0.01010	0.01385	0.12144	0.00837	0.26398	0.01582	0.06243	0.01007	0.01070	0.00756	0.00558	0.00433	0.00155	0.00569	0.00374	0.00398	0.00725
55	0.01473	0.60711	0.11741	0.01058	0.01532	0.12982	0.01064	0.01695	0.01157	0.01323	0.00784	0.00909	0.00688	0.00479	0.00384	0.00125	0.00657	0.00309	0.00236	0.00692
56	0.01276	0.04399	0.10209	0.04769	0.51869	0.01351	0.05302	0.01604	0.01157	0.01661	0.00960	0.01280	0.00803	0.00538	0.00679	0.00170	0.10455	0.00469	0.00256	0.00793
57	0.01652	0.01448	0.07431	0.01852	0.26051	0.05202	0.01229	0.30488	0.01779	0.08414	0.06286	0.01581	0.02885	0.00624	0.00539	0.00161	0.00600	0.00519	0.00426	0.00833
58	0.01239	0.01184	0.02017	0.25020	0.56760	0.01252	0.01603	0.01569	0.01180	0.01645	0.00994	0.01358	0.00812	0.00495	0.00533	0.00165	0.00660	0.00478	0.00258	0.00778
59	0.01203	0.01167	0.01707	0.13326	0.11612	0.01530	0.01277	0.04176	0.00975	0.01442	0.00803	0.01237	0.00733	0.00809	0.01374	0.00214	0.55056	0.00472	0.00251	0.00635
60	0.37495	0.01262	0.01416	0.01755	0.29161	0.07018	0.01044	0.03796	0.08845	0.02098	0.01010	0.01172	0.00804	0.00522	0.00444	0.00163	0.00543	0.00401	0.00331	0.00719
61	0.01203	0.05196	0.01645	0.24107	0.26500	0.10696	0.01268	0.01478	0.01223	0.01542	0.04396	0.02192	0.07271	0.00702	0.00552	0.00171	0.00639	0.08248	0.00312	0.00660
62	0.01164	0.07456	0.01848	0.16929	0.44550	0.01187	0.01350	0.01452	0.01197	0.01622	0.04922	0.01924	0.10894	0.00629	0.00535	0.00163	0.00583	0.00569	0.00302	0.00724
63	0.00734	0.00535	0.00642	0.00695	0.00773	0.00506	0.00497	0.00840	0.01041	0.01334	0.03153	0.21225	0.21630	0.27067	0.01341	0.00312	0.00407	0.16410	0.00442	0.00417
64	0.03671	0.01116	0.01097	0.00982	0.04034	0.09184	0.00740	0.20358	0.05365	0.07760	0.02673	0.02613	0.25586	0.00846	0.00538	0.00160	0.00470	0.00675	0.07117	0.05017
65	0.01297	0.45077	0.26834	0.01304	0.01881	0.01736	0.11944	0.01653	0.01129	0.01467	0.00864	0.01031	0.00704	0.00474	0.00438	0.00142	0.00691	0.00371	0.00235	0.00727
66	0.00646	0.00498	0.00591	0.00666	0.00757	0.00443	0.00462	0.00757	0.01106	0.01402	0.03951	0.50503	0.33191	0.01553	0.00665	0.00203	0.00296	0.01369	0.00498	0.00443
67	0.00767	0.00575	0.00863	0.00863	0.00959	0.00671	0.00671	0.00959	0.00863	0.01246	0.01438	0.02109	0.01342	0.04026	0.79008	0.00863	0.01438	0.00575	0.00288	0.00479
68	0.01103	0.13986	0.61289	0.01374	0.02066	0.01315	0.01713	0.01632	0.01158	0.01672	0.06979	0.01321	0.01028	0.00549	0.00496	0.00162	0.00719	0.00426	0.00256	0.00756
69	0.01888	0.01428	0.01525	0.01204	0.01606	0.01593	0.00983	0.60130	0.18640	0.03136	0.01483	0.01444	0.01070	0.00663	0.00539	0.00166	0.00555	0.00510	0.00539	0.00899
70	0.00760	0.00549	0.00718	0.00675	0.00802	0.00506	0.00506	0.01013	0.01519	0.02153	0.77503	0.04010	0.05065	0.01097	0.00633	0.00169	0.00253	0.00971	0.00591	0.00506
71	0.01267	0.01448	0.03167	0.02262	0.02805	0.01357	0.75837	0.01719	0.01267	0.01719	0.01086	0.01448	0.00814	0.00452	0.00633	0.00181	0.00905	0.00633	0.00271	0.00724
72	0.01211	0.01282	0.02246	0.01746	0.01961	0.01531	0.30677	0.01461	0.00998	0.01461	0.00855	0.01282	0.00748	0.00747	0.01316	0.00214	0.48838	0.00534	0.00249	0.00641
73	0.02356	0.00998	0.01298	0.00995	0.01412	0.00914	0.00822	0.13084	0.01677	0.67491	0.01999	0.01750	0.01269	0.00662	0.00539	0.00165	0.00476	0.00532	0.00646	0.00913
74	0.58620	0.01047	0.00913	0.00802	0.01130	0.01189	0.00650	0.04620	0.14161	0.07529	0.01147	0.01191	0.00857	0.00560	0.00393	0.00167	0.00420	0.00377	0.03569	0.00660
75	0.01531	0.01759	0.01181	0.01098	0.01283	0.47994	0.00801	0.01650	0.01256	0.01279	0.01142	0.01725	0.01085	0.18848	0.10675	0.00312	0.00891	0.00478	0.04480	0.00533
76	0.00634	0.00544	0.00544	0.00544	0.00725	0.00453	0.00408	0.00770	0.01224	0.01450	0.05438	0.05166	0.77569	0.01359	0.00634	0.00181	0.00272	0.01133	0.00498	0.00453
77	0.00658	0.00519	0.00595	0.00630	0.00754	0.00455	0.00452	0.00797	0.01199	0.01521	0.14665	0.30366	0.42625	0.01431	0.00651	0.00192	0.00283	0.01242	0.00511	0.00455
78	0.01113	0.00954	0.01113	0.00795	0.01272	0.00716	0.00636	0.01352	0.01113	0.01749	0.00954	0.01113	0.00795	0.00398	0.00398	0.00080	0.00398	0.00318	0.00318	0.84417
79	0.01014	0.00954	0.01610	0.79845	0.03697	0.01193	0.01491	0.01371	0.01073	0.01371	0.00954	0.01431	0.00716	0.00537	0.00537	0.00179	0.00716	0.00477	0.00239	0.00596
80	0.00652	0.00473	0.00617	0.00731	0.00774	0.00437	0.00491	0.00749	0.01043	0.01377	0.03155	0.74780	0.09428	0.01656	0.00681	0.00215	0.00308	0.01495	0.00498	0.00437
81	0.00768	0.00569	0.00833	0.00833	0.00918	0.00655	0.00633	0.00939	0.00854	0.01224	0.01465	0.02262	0.01408	0.12423	0.70702	0.00825	0.01338	0.00598	0.00292	0.00463
82	0.00654	0.00467	0.00623	0.00747	0.00779	0.00436	0.00498	0.00747	0.01028	0.01370	0.02959	0.80785	0.03550	0.01682	0.00685	0.00218	0.00311	0.01526	0.00498	0.00436
83	0.00654	0.00467	0.00623	0.00747	0.00779	0.00436	0.00498	0.00747	0.01028	0.01370	0.02959	0.80785	0.03550	0.01682	0.00685	0.00218	0.00311	0.01526	0.00498	0.00436
84	0.00717	0.00593	0.00634	0.00615	0.00795	0.00535	0.00464	0.00988	0.07290	0.01663	0.20588	0.04668	0.56037	0.01253	0.00627	0.00179	0.00280	0.01056	0.00522	0.00496
85	0.00962	0.00788	0.00889	0.00883	0.01091	0.00826	0.00713	0.01634	0.28684	0.01788	0.03437	0.04298	0.26473	0.01169	0.00636	0.00202	0.00398	0.24004	0.00514	0.00610
86	0.01260	0.00678	0.00883	0.00767	0.00988	0.00618	0.00598	0.01542	0.04307	0.24458	0.49379	0.03345	0.07037	0.00968	0.00603	0.00169	0.00320	0.00838	0.00607	0.00636
87	0.73155	0.01020	0.00854	0.00741	0.01085	0.01145	0.00611	0.01726	0.01002	0.13215	0.00943	0.01008	0.00688	0.00522	0.00362	0.00166	0.00421	0.00326	0.00380	0.00629
88	0.01701	0.01049	0.01403	0.26325	0.02135	0.01128	0.01045	0.22025	0.01644	0.25496	0.07108	0.01720	0.01297	0.00649	0.00541	0.00168	0.00556	0.00535	0.02703	0.00770
89	0.01542	0.01480	0.01334	0.01166	0.01334	0.26166	0.00915	0.07152	0.01263	0.07239	0.01113	0.01463	0.00952	0.07099	0.01059	0.00201	0.25771	0.00465	0.11671	0.00614
90	0.00801	0.00560	0.00790	0.00790	0.00883	0.00635	0.00603	0.00987	0.00894	0.01339	0.01501	0.02198	0.01392	0.09268	0.62125	0.00732	0.01200	0.00580	0.12249	0.00471
91	0.00634	0.00544	0.00544	0.00544	0.00725	0.00453	0.00408	0.00770	0.01224	0.01450	0.05438	0.05166	0.77569	0.01359	0.00634	0.00181	0.00272	0.01133	0.00498	0.00453
92	0.01356	0.01188	0.02000	0.17183	0.58097	0.01222	0.01550	0.01674	0.01220	0.07751	0.01087	0.01387	0.00864	0.00504	0.00533	0.00164	0.00638	0.00483	0.00292	0.00809
93	0.07506	0.01902	0.07403	0.01350	0.01761	0.26399	0.07009	0.35781	0.01889	0.02394	0.01064	0.01159	0.00794	0.00580	0.00512	0.00156	0.00740	0.00432	0.00395	0.00773
94	0.19788	0.01102	0.01644	0.10146	0.44901	0.01160	0.01270	0.01506	0.01118	0.01819	0.01158	0.09890	0.01071	0.00620	0.00504	0.00169	0.00561	0.00551	0.00303	0.00720
95	0.01236	0.27360	0.23777	0.01593	0.17714	0.01468	0.01339	0.01682	0.07178	0.01641	0.06252	0.01534	0.01181	0.00580	0.00481	0.00154	0.00613	0.03174	0.00296	0.00746
96	0.01409	0.00861	0.00932	0.00801	0.01064	0.06855	0.00628	0.04156	0.01465	0.27104	0.20641	0.03321	0.26612	0.00979	0.00587	0.00169	0.00395	0.00813	0.00559	0.00648
97	0.01348	0.01147	0.01541	0.03795	0.25949	0.01123	0.01064	0.15919	0.07432	0.02127	0.07212	0.01525	0.01239	0.00556	0.00502	0.00139	0.00511	0.00480	0.00381	0.26011
98	0.02333	0.01034	0.01320	0.01012	0.01430	0.00968	0.00836	0.17612	0.01738	0.62877	0.01948	0.01717	0.01244	0.00660	0.00539	0.00165	0.00484	0.00528	0.00638	0.00913
99	0.01369	0.01186	0.01858	0.10526	0.53957	0.04092	0.01417	0.01670	0.01232	0.07398	0.01154	0.01430	0.00919	0.00516	0.00515	0.00158	0.00606	0.00480	0.08731	0.00785
100	0.01139	0.24208	0.20710	0.07341	0.01681	0.01335	0.01155	0.06439	0.01124	0.01518	0.01075	0.01403	0.00914	0.01636	0.25668	0.00377	0.00918	0.00435	0.00269	0.00655
101	0.00638	0.00544	0.00548	0.00547	0.00727	0.00455	0.00410	0.00777	0.01231	0.01469	0.07351	0.05135	0.75644	0.01353	0.00634	0.00181	0.00271	0.01129	0.00501	0.00455
102	0.00654	0.00467	0.00623	0.00747	0.00779	0.00436	0.00498	0.00747	0.01028	0.01370	0.02959	0.80785	0.03550	0.01682	0.00685	0.00218	0.00311	0.01526	0.00498	0.00436
103	0.01378	0.17071	0.01997	0.15696	0.31313	0.07597	0.01288	0.07219	0.04605	0.01668	0.01036	0.01348	0.00870	0.04031	0.00589	0.00169	0.00647	0.00449	0.00290	0.00738
104	0.01435	0.81458	0.02813	0.00918	0.01378	0.02124	0.00918	0.01607	0.01091	0.01263	0.00746	0.00861	0.00689	0.00459	0.00344	0.00115	0.00574	0.00287	0.00230	0.00689
105	0.00794	0.00584	0.00770	0.00849	0.00976	0.00560	0.00707	0.01012	0.01259	0.01640	0.13951	0.11160	0.16297	0.01421	0.00703	0.00222	0.00408	0.45693	0.00509	0.00485
106	0.01447	0.01209	0.01277	0.01115	0.01439	0.01388	0.00877	0.14474	0.65013	0.02426	0.02042	0.01889	0.01523	0.00715	0.00545	0.00179	0.00451	0.00587	0.00545	0.00860
107	0.01077	0.02777	0.78354	0.01530	0.02323	0.01247	0.01983	0.01700	0.01133	0.01700	0.00963	0.01133	0.00680	0.00510	0.00510	0.00170	0.00793	0.00397	0.00227	0.00793
108	0.00671	0.00479	0.00642	0.00767	0.00805	0.00450	0.00527	0.00776	0.01044	0.01389	0.02949	0.74851	0.03514	0.01666	0.00690	0.00220	0.00326	0.07295	0.00498	0.00441
109	0.01001	0.00500	0.00500	0.00500	0.00625	0.00500	0.00375	0.01251	0.01126	0.02001	0.01751	0.02001	0.01376	0.00625	0.00375	0.00125	0.00250	0.00500	0.84115	0.00500
110	0.01270	0.01216	0.02073	0.17553	0.63987	0.01260	0.01618	0.01596	0.01195	0.01683	0.00999	0.01348	0.00825	0.00489	0.00532	0.00163	0.00652	0.00478	0.00261	0.00803
111	0.84927	0.01038	0.00789	0.00706	0.01038	0.01204	0.00581	0.01578	0.00914	0.02408	0.00747	0.00872	0.00581	0.00498	0.00332	0.00166	0.00415	0.00291	0.00332	0.00581
112	0.00712	0.00547	0.00651	0.00625	0.00773	0.00486	0.00469	0.00921	0.01407	0.01885	0.50066	0.04450	0.32669	0.01197	0.00634	0.00174	0.00260	0.01032	0.00556	0.00486
113	0.01267	0.01448	0.03167	0.02262	0.02805	0.01357	0.75837	0.01719	0.01267	0.01719	0.01086	0.01448	0.00814	0.00452	0.00633	0.00181	0.00905	0.00633	0.00271	0.00724
114	0.01229	0.01265	0.01636	0.01408	0.01426	0.06720	0.01165	0.01348	0.00868	0.01293	0.00713	0.01161	0.00704	0.00914	0.01678	0.00229	0.74955	0.00462	0.00238	0.00590
115	0.01113	0.00954	0.01113	0.00795	0.01272	0.00716	0.00636	0.01352	0.01113	0.01749	0.00954	0.01113	0.00795	0.00398	0.00398	0.00080	0.00398	0.00318	0.00318	0.84417
116	0.00766	0.00554	0.00743	0.00834	0.00933	0.00532	0.00663	0.00956	0.01209	0.01597	0.13718	0.29690	0.08910	0.01483	0.00700	0.00222	0.00385	0.35121	0.00510	0.00474
117	0.01039	0.00980	0.01656	0.73656	0.09687	0.01199	0.01503	0.01394	0.01085	0.01402	0.00959	0.01423	0.00726	0.00532	0.00536	0.00177	0.00709	0.00477	0.00241	0.00617
118	0.84927	0.01038	0.00789	0.00706	0.01038	0.01204	0.00581	0.01578	0.00914	0.02408	0.00747	0.00872	0.00581	0.00498	0.00332	0.00166	0.00415	0.00291	0.00332	0.00581
119	0.00654	0.00467	0.00623	0.00747	0.00779	0.00436	0.00498	0.00747	0.01028	0.01370	0.02959	0.80785	0.03550	0.01682	0.00685	0.00218	0.00311	0.01526	0.00498	0.00436
120	0.00781	0.00520	0.00585	0.00585	0.00585	0.00520	0.00325	0.00781	0.00781	0.01041	0.01691	0.03513	0.01952	0.81135	0.02732	0.00520	0.00520	0.00781	0.00325	0.00325
121	0.00654	0.00467	0.00623	0.00747	0.00779	0.00436	0.00498	0.00747	0.01028	0.01370	0.02959	0.80785	0.03550	0.01682	0.00685	0.00218	0.00311	0.01526	0.00498	0.00436
122	0.01014	0.00954	0.01610	0.79845	0.03697	0.01193	0.01491	0.01371	0.01073	0.01371	0.00954	0.01431	0.00716	0.00537	0.00537	0.00179	0.00716	0.00477	0.00239	0.00596
123	0.00769	0.00566	0.00814	0.00814	0.00893	0.00645	0.00611	0.00927	0.00848	0.01210	0.01482	0.02354	0.01449	0.17513	0.65666	0.00803	0.01277	0.00611	0.00294	0.00452
124	0.00775	0.00544	0.00704	0.00704	0.00745	0.00585	0.00473	0.00857	0.00816	0.01129	0.01583	0.02913	0.01691	0.48178	0.35333	0.00667	0.00913	0.00693	0.00309	0.00391
125	0.00671	0.00479	0.00642	0.00767	0.00805	0.00450	0.00527	0.00776	0.01044	0.01389	0.02949	0.74851	0.03514	0.01666	0.00690	0.00220	0.00326	0.07295	0.00498	0.00441
126	0.00782	0.00651	0.00696	0.00666	0.00858	0.00618	0.00505	0.01184	0.14506	0.01731	0.19462	0.04379	0.49605	0.01196	0.00619	0.00179	0.00295	0.01008	0.00526	0.00533
127	0.01267	0.01448	0.03167	0.02262	0.02805	0.01357	0.75837	0.01719	0.01267	0.01719	0.01086	0.01448	0.00814	0.00452	0.00633	0.00181	0.00905	0.00633	0.00271	0.00724
128	0.00802	0.00611	0.00764	0.00838	0.00976	0.00593	0.00685	0.01079	0.06138	0.01571	0.03536	0.16153	0.23726	0.01428	0.00691	0.00220	0.00402	0.38790	0.00499	0.00498
129	0.01001	0.00500	0.00500	0.00500	0.00625	0.00500	0.00375	0.01251	0.01126	0.02001	0.01751	0.02001	0.01376	0.00625	0.00375	0.00125	0.00250	0.00500	0.84115	0.00500
130	0.01305	0.01252	0.02137	0.08980	0.72284	0.01269	0.01636	0.01627	0.01211	0.01725	0.01006	0.01336	0.00840	0.00483	0.00532	0.00161	0.00643	0.00478	0.00264	0.00831
131	0.01523	0.69333	0.02614	0.00990	0.01421	0.13935	0.00937	0.01690	0.01157	0.01271	0.00759	0.00878	0.00689	0.00474	0.00366	0.00118	0.00635	0.00296	0.00237	0.00679
132	0.01098	0.01014	0.01683	0.33470	0.34016	0.01101	0.01376	0.01421	0.01217	0.01674	0.14999	0.01861	0.01568	0.00615	0.00552	0.00169	0.00598	0.00568	0.00314	0.00686
133	0.00648	0.00492	0.00597	0.00682	0.00761	0.00442	0.00469	0.00755	0.01091	0.01396	0.03755	0.56508	0.27313	0.01578	0.00669	0.00206	0.00299	0.01400	0.00498	0.00442
134	0.01077	0.00915	0.01074	0.00791	0.01233	0.00693	0.00625	0.01304	0.01106	0.01719	0.01113	0.07440	0.01014	0.00500	0.00420	0.00091	0.00391	0.00414	0.00332	0.77748
135	0.08047	0.71139	0.06429	0.00932	0.01398	0.02007	0.00945	0.01610	0.01079	0.01376	0.00757	0.00876	0.00680	0.00465	0.00352	0.00122	0.00572	0.00293	0.00238	0.00686
136	0.05714	0.01233	0.01365	0.01255	0.07101	0.01377	0.00929	0.27809	0.36186	0.02603	0.07297	0.01798	0.01531	0.00697	0.00538	0.00171	0.00485	0.00566	0.00515	0.00833
137	0.51955	0.20270	0.07443	0.00863	0.01270	0.01462	0.00807	0.07504	0.01101	0.02159	0.00807	0.00923	0.00641	0.00502	0.00365	0.00154	0.00497	0.00313	0.00316	0.00650

[dist]
# distance from previous block
# <min> <max>
0	6

[block]
# block no. 2 follows, 45 sequences, length 28
# corresponding to MSA columns:
# 1221-1248
name=unknown_C
#
# <colnr> <probs for GDERKNQSTAVLIFYWHMCP>
#	G	D	E	R	K	N	Q	S	T	A	V	L	I	F	Y	W	H	M	C	P
0	0.55418	0.07368	0.01144	0.00912	0.01238	0.23202	0.00735	0.01740	0.01098	0.02016	0.00771	0.00898	0.00620	0.00511	0.00376	0.00154	0.00583	0.00306	0.00309	0.00601
1	0.49823	0.04622	0.09672	0.00867	0.01255	0.01165	0.00793	0.06503	0.01113	0.07146	0.01071	0.06869	0.00898	0.00599	0.00410	0.00163	0.00470	0.00424	0.00362	0.05775
2	0.51381	0.01554	0.01114	0.01043	0.04107	0.25989	0.00787	0.05401	0.01197	0.02083	0.00810	0.00940	0.00643	0.00522	0.00398	0.00157	0.00608	0.00325	0.00322	0.00621
3	0.31338	0.04205	0.01251	0.01050	0.01376	0.23725	0.00831	0.10831	0.16824	0.02138	0.01130	0.01180	0.00872	0.00577	0.00444	0.00159	0.00603	0.00394	0.00381	0.00691
4	0.00938	0.00690	0.00770	0.00738	0.00903	0.00684	0.00547	0.03123	0.14227	0.05349	0.08012	0.06352	0.28380	0.19396	0.01101	0.00263	0.00391	0.07122	0.00482	0.00533
5	0.01191	0.22474	0.15234	0.01054	0.01394	0.12364	0.00997	0.03769	0.01205	0.01480	0.01720	0.22967	0.03752	0.00931	0.00535	0.00171	0.00585	0.07216	0.00348	0.00614
6	0.01389	0.71442	0.12429	0.00996	0.01498	0.02012	0.01054	0.01619	0.01096	0.01319	0.00774	0.00896	0.00688	0.00466	0.00366	0.00122	0.00602	0.00301	0.00229	0.00702
7	0.02166	0.01171	0.01389	0.01079	0.01490	0.01188	0.00887	0.32034	0.08595	0.41484	0.01792	0.01627	0.01190	0.00662	0.00539	0.00166	0.00508	0.00523	0.00603	0.00908
8	0.00830	0.00561	0.00678	0.00661	0.00661	0.00596	0.00406	0.00807	0.00773	0.01045	0.01517	0.03090	0.01724	0.64647	0.02576	0.11717	0.06357	0.00716	0.00306	0.00332
9	0.01327	0.18187	0.42998	0.01281	0.01871	0.06924	0.01461	0.04045	0.01223	0.08106	0.01165	0.06993	0.00956	0.00606	0.00491	0.00160	0.00691	0.00469	0.00298	0.00748
10	0.00781	0.00520	0.00585	0.00585	0.00585	0.00520	0.00325	0.00781	0.00781	0.01041	0.01691	0.03513	0.01952	0.81135	0.02732	0.00520	0.00520	0.00781	0.00325	0.00325
11	0.00654	0.00467	0.00623	0.00747	0.00779	0.00436	0.00498	0.00747	0.01028	0.01370	0.02959	0.80785	0.03550	0.01682	0.00685	0.00218	0.00311	0.01526	0.00498	0.00436
12	0.00729	0.00524	0.00723	0.00831	0.00897	0.00519	0.00625	0.00879	0.01064	0.01420	0.02722	0.49189	0.03125	0.01939	0.11177	0.00312	0.00514	0.21884	0.00469	0.00458
13	0.09824	0.01453	0.01457	0.01213	0.01567	0.13388	0.06393	0.19597	0.31790	0.05438	0.01542	0.01518	0.01146	0.00636	0.00520	0.00168	0.00583	0.00506	0.00466	0.00796
14	0.02005	0.02558	0.01521	0.01383	0.01659	0.78980	0.01037	0.02143	0.01521	0.01314	0.00830	0.00968	0.00691	0.00553	0.00484	0.00138	0.00968	0.00346	0.00277	0.00622
15	0.00781	0.00520	0.00585	0.00585	0.00585	0.00520	0.00325	0.00781	0.00781	0.01041	0.01691	0.03513	0.01952	0.81135	0.02732	0.00520	0.00520	0.00781	0.00325	0.00325
16	0.01205	0.00900	0.01079	0.01161	0.10803	0.05812	0.00782	0.04695	0.09470	0.07344	0.03925	0.01949	0.01394	0.04157	0.24607	0.00381	0.00766	0.00548	0.18396	0.00627
17	0.01092	0.02669	0.72285	0.01589	0.02362	0.01256	0.07945	0.01702	0.01144	0.01702	0.00973	0.01159	0.00691	0.00505	0.00520	0.00171	0.00802	0.00416	0.00230	0.00788
18	0.02056	0.01409	0.01540	0.01184	0.01604	0.01533	0.00977	0.65541	0.02373	0.12037	0.01397	0.01370	0.00973	0.00646	0.00533	0.00161	0.00566	0.00490	0.02707	0.00902
19	0.01190	0.00762	0.00866	0.00803	0.01016	0.03197	0.00609	0.01548	0.12242	0.18494	0.12713	0.20437	0.21709	0.01127	0.00607	0.00183	0.00364	0.00967	0.00546	0.00620
20	0.01204	0.01111	0.01817	0.46249	0.30481	0.01257	0.01513	0.06948	0.01234	0.01658	0.00999	0.01383	0.00779	0.00523	0.00535	0.00171	0.00678	0.00478	0.00270	0.00712
21	0.00654	0.00467	0.00623	0.00747	0.00779	0.00436	0.00498	0.00747	0.01028	0.01370	0.02959	0.80785	0.03550	0.01682	0.00685	0.00218	0.00311	0.01526	0.00498	0.00436
22	0.00932	0.00466	0.00699	0.00699	0.00699	0.00466	0.00466	0.00699	0.00699	0.00932	0.00932	0.01632	0.00932	0.01865	0.02098	0.84382	0.00466	0.00466	0.00233	0.00233
23	0.01138	0.00955	0.00955	0.00838	0.01060	0.08232	0.00650	0.17994	0.01676	0.02184	0.35899	0.03380	0.20904	0.01005	0.00598	0.00167	0.00402	0.00840	0.00527	0.00597
24	0.01014	0.00954	0.01610	0.79845	0.03697	0.01193	0.01491	0.01371	0.01073	0.01371	0.00954	0.01431	0.00716	0.00537	0.00537	0.00179	0.00716	0.00477	0.00239	0.00596
25	0.00722	0.00516	0.00701	0.00825	0.00886	0.00494	0.00616	0.00865	0.01095	0.01446	0.02921	0.56791	0.03402	0.01618	0.00703	0.00227	0.00370	0.24852	0.00497	0.00455
26	0.07788	0.01821	0.01971	0.01560	0.01946	0.31769	0.25177	0.12442	0.04410	0.01859	0.01166	0.01331	0.03171	0.00561	0.00536	0.00160	0.00811	0.00489	0.00333	0.00697
27	0.01501	0.29761	0.02233	0.06546	0.03672	0.14305	0.12031	0.04918	0.04983	0.04443	0.00972	0.01162	0.00796	0.00564	0.00617	0.00155	0.09935	0.00420	0.00291	0.00695

[dist]
# distance from previous block
# <min> <max>
0	18

[block]
# block no. 3 follows, 45 sequences, length 89
# corresponding to MSA columns:
# 1267-1355
name=unknown_D
#
# <colnr> <probs for GDERKNQSTAVLIFYWHMCP>
#	G	D	E	R	K	N	Q	S	T	A	V	L	I	F	Y	W	H	M	C	P
0	0.01405	0.01526	0.01548	0.15639	0.17074	0.28622	0.03200	0.03698	0.01333	0.01550	0.06428	0.07489	0.01355	0.00812	0.03341	0.00189	0.00748	0.03078	0.00321	0.00643
1	0.01536	0.35649	0.21292	0.01214	0.01708	0.21726	0.01223	0.07110	0.01315	0.01538	0.00861	0.00988	0.00703	0.00509	0.00436	0.00138	0.00732	0.00344	0.00263	0.00714
2	0.01150	0.01134	0.02045	0.43926	0.25455	0.01245	0.14263	0.01513	0.01151	0.01544	0.00993	0.01404	0.00772	0.00505	0.00552	0.00173	0.00725	0.00504	0.00252	0.00693
3	0.01254	0.01163	0.01503	0.04355	0.21472	0.10635	0.07699	0.05993	0.02677	0.05274	0.07060	0.09083	0.15451	0.00846	0.00581	0.00173	0.00566	0.03151	0.00397	0.00667
4	0.01222	0.01159	0.01970	0.23734	0.50360	0.01241	0.03042	0.01526	0.01148	0.01601	0.00981	0.01363	0.00810	0.00562	0.00642	0.03182	0.03973	0.00480	0.00256	0.00746
5	0.00855	0.00730	0.01115	0.28548	0.01904	0.00775	0.05392	0.01077	0.01153	0.01499	0.11699	0.09753	0.22896	0.01023	0.00696	0.05969	0.00480	0.00820	0.03102	0.00511
6	0.01057	0.22217	0.33336	0.01125	0.01589	0.01229	0.01230	0.02882	0.01118	0.01520	0.01533	0.25753	0.01577	0.00863	0.00522	0.00171	0.00584	0.00720	0.00318	0.00658
7	0.01281	0.01255	0.01979	0.21754	0.47372	0.04874	0.04616	0.01694	0.06744	0.01674	0.01077	0.01391	0.00866	0.00513	0.00536	0.00166	0.00668	0.00488	0.00280	0.00772
8	0.01117	0.03946	0.63680	0.01649	0.02392	0.01282	0.15053	0.01702	0.01156	0.01696	0.00981	0.01184	0.00704	0.00499	0.00529	0.00171	0.00809	0.00437	0.00235	0.00779
9	0.01118	0.01060	0.01798	0.54573	0.28157	0.01220	0.01542	0.01463	0.01123	0.01498	0.00972	0.01397	0.00760	0.00517	0.00535	0.00172	0.00690	0.00477	0.00247	0.00680
10	0.00887	0.00757	0.01113	0.01072	0.01174	0.00845	0.06004	0.01065	0.01080	0.01460	0.02452	0.26051	0.08264	0.01331	0.00949	0.00226	0.19168	0.25169	0.00419	0.00512
11	0.01319	0.55984	0.27271	0.01116	0.01684	0.01840	0.01263	0.01637	0.01104	0.01404	0.00817	0.00949	0.00686	0.00476	0.00398	0.00133	0.00645	0.00323	0.00229	0.00723
12	0.00689	0.00494	0.00654	0.00724	0.00786	0.00459	0.00501	0.00835	0.01190	0.01629	0.27569	0.55438	0.04050	0.01489	0.00668	0.00202	0.00292	0.01343	0.00529	0.00459
13	0.31785	0.01091	0.01498	0.25650	0.27185	0.01224	0.01210	0.01538	0.01064	0.01877	0.00897	0.01193	0.00711	0.00503	0.00460	0.00168	0.00580	0.00409	0.00282	0.00675
14	0.00756	0.00552	0.00727	0.00806	0.00911	0.00524	0.00636	0.00945	0.01224	0.01615	0.16509	0.27410	0.12975	0.01457	0.00692	0.00216	0.00370	0.30688	0.00513	0.00474
15	0.00654	0.00467	0.00623	0.00747	0.00779	0.00436	0.00498	0.00747	0.01028	0.01370	0.02959	0.80785	0.03550	0.01682	0.00685	0.00218	0.00311	0.01526	0.00498	0.00436
16	0.00760	0.00549	0.00718	0.00675	0.00802	0.00506	0.00506	0.01013	0.01519	0.02153	0.77503	0.04010	0.05065	0.01097	0.00633	0.00169	0.00253	0.00971	0.00591	0.00506
17	0.78850	0.01072	0.00849	0.00745	0.01084	0.01238	0.00614	0.07034	0.01032	0.02480	0.00787	0.00903	0.00606	0.00509	0.00347	0.00166	0.00428	0.00305	0.00347	0.00606
18	0.02070	0.01209	0.01397	0.01092	0.01490	0.01257	0.00892	0.37655	0.09950	0.32044	0.01716	0.01640	0.01182	0.03110	0.00606	0.00176	0.00519	0.00527	0.00581	0.00889
19	0.01622	0.01798	0.01229	0.01110	0.01381	0.46099	0.00841	0.01876	0.07335	0.06771	0.02143	0.02128	0.19402	0.00765	0.00526	0.00152	0.00704	0.00569	0.00380	0.03169
20	0.00654	0.00467	0.00623	0.00747	0.00779	0.00436	0.00498	0.00747	0.01028	0.01370	0.02959	0.80785	0.03550	0.01682	0.00685	0.00218	0.00311	0.01526	0.00498	0.00436
21	0.00753	0.00544	0.00712	0.00680	0.00801	0.00502	0.00506	0.00997	0.01490	0.02105	0.72976	0.08673	0.04973	0.01133	0.00636	0.00172	0.00257	0.01004	0.00585	0.00502
22	0.01013	0.00921	0.01529	0.74027	0.03472	0.01142	0.01409	0.01363	0.01077	0.01418	0.01013	0.01473	0.00764	0.00543	0.00525	0.00175	0.00681	0.00479	0.06388	0.00589
23	0.00790	0.00592	0.00761	0.00838	0.00979	0.00562	0.00708	0.01005	0.01249	0.01593	0.08143	0.05668	0.25210	0.01423	0.00703	0.00223	0.00414	0.48152	0.00501	0.00483
24	0.02061	0.01238	0.01418	0.01113	0.01518	0.01301	0.00911	0.38372	0.13807	0.29872	0.01725	0.01593	0.01175	0.00665	0.00539	0.00166	0.00517	0.00523	0.00584	0.00903
25	0.01255	0.01413	0.02975	0.02155	0.02629	0.01394	0.66415	0.01665	0.01211	0.01665	0.01038	0.01413	0.00801	0.00514	0.00776	0.00188	0.10905	0.00613	0.00267	0.00707
26	0.00669	0.00478	0.00640	0.00764	0.00802	0.00449	0.00523	0.00773	0.01042	0.01387	0.02951	0.75647	0.03519	0.01668	0.00689	0.00220	0.00324	0.06521	0.00498	0.00440
27	0.01180	0.25571	0.56469	0.01353	0.02049	0.01501	0.01675	0.01673	0.01121	0.01573	0.00900	0.01054	0.00683	0.00495	0.00462	0.00154	0.00730	0.00365	0.00228	0.00763
28	0.73630	0.01072	0.00901	0.03480	0.01184	0.01250	0.00662	0.06678	0.01027	0.02404	0.00790	0.00930	0.00613	0.00524	0.00400	0.00168	0.03028	0.00316	0.00340	0.00605
29	0.00777	0.00561	0.00756	0.00846	0.00949	0.00541	0.00680	0.00976	0.01222	0.01618	0.14724	0.26180	0.08049	0.01470	0.00703	0.00223	0.00393	0.38345	0.00511	0.00478
30	0.01504	0.25123	0.01762	0.01080	0.01444	0.06951	0.00905	0.12070	0.39384	0.02040	0.01547	0.01499	0.01196	0.00625	0.00481	0.00156	0.00528	0.00478	0.00433	0.00795
31	0.01083	0.00906	0.01438	0.08666	0.17293	0.00913	0.10363	0.03927	0.03691	0.04107	0.13096	0.05664	0.10516	0.01018	0.06317	0.00219	0.00572	0.00705	0.08869	0.00639
32	0.01465	0.02067	0.23937	0.01751	0.02292	0.19175	0.30887	0.06350	0.01372	0.04048	0.01036	0.01250	0.00770	0.00510	0.00555	0.00166	0.00855	0.00488	0.00288	0.00737
33	0.00748	0.00538	0.00674	0.00682	0.00740	0.00556	0.00462	0.00836	0.00883	0.01185	0.02193	0.08329	0.11992	0.39783	0.27498	0.00568	0.00776	0.00809	0.00347	0.00400
34	0.00767	0.00575	0.00863	0.00863	0.00959	0.00671	0.00671	0.00959	0.00863	0.01246	0.01438	0.02109	0.01342	0.04026	0.79008	0.00863	0.01438	0.00575	0.00288	0.00479
35	0.01242	0.00946	0.01184	0.04285	0.09552	0.00962	0.03086	0.11225	0.16252	0.09626	0.03104	0.04136	0.30323	0.00922	0.00581	0.00175	0.00439	0.00780	0.00487	0.00693
36	0.01297	0.04704	0.36064	0.01772	0.10432	0.07237	0.15646	0.05687	0.08606	0.01806	0.01110	0.01285	0.00830	0.00525	0.00533	0.00167	0.00757	0.00468	0.00290	0.00782
37	0.01235	0.01554	0.17463	0.07682	0.23716	0.04653	0.08828	0.01882	0.18019	0.01805	0.04135	0.01669	0.03752	0.00598	0.00546	0.00170	0.00643	0.00540	0.00339	0.00771
38	0.01649	0.00748	0.00919	0.00771	0.01049	0.00695	0.00615	0.01964	0.06899	0.37813	0.06798	0.02249	0.06584	0.00728	0.00498	0.00155	0.00362	0.00597	0.28191	0.00718
39	0.00654	0.00467	0.00623	0.00747	0.00779	0.00436	0.00498	0.00747	0.01028	0.01370	0.02959	0.80785	0.03550	0.01682	0.00685	0.00218	0.00311	0.01526	0.00498	0.00436
40	0.01113	0.00954	0.01113	0.00795	0.01272	0.00716	0.00636	0.01352	0.01113	0.01749	0.00954	0.01113	0.00795	0.00398	0.00398	0.00080	0.00398	0.00318	0.00318	0.84417
41	0.01367	0.01109	0.01763	0.17412	0.41589	0.01154	0.01357	0.06719	0.01283	0.09522	0.01257	0.01754	0.01051	0.06476	0.00704	0.00194	0.00616	0.03580	0.00334	0.00759
42	0.00645	0.00503	0.00586	0.00653	0.00754	0.00444	0.00456	0.00758	0.01119	0.01407	0.04112	0.45620	0.37971	0.01532	0.00662	0.00201	0.00293	0.01343	0.00498	0.00444
43	0.00653	0.00473	0.00617	0.00732	0.00775	0.00437	0.00492	0.00749	0.01042	0.01376	0.03140	0.75240	0.08977	0.01658	0.00681	0.00215	0.00309	0.01497	0.00498	0.00437
44	0.01293	0.12273	0.20881	0.01306	0.01724	0.10306	0.11778	0.03621	0.01226	0.07164	0.01469	0.19046	0.01400	0.00792	0.00586	0.00173	0.03267	0.00678	0.00341	0.00675
45	0.01108	0.01636	0.24082	0.01412	0.01832	0.09285	0.17704	0.01480	0.01176	0.01590	0.09112	0.01794	0.03045	0.01384	0.18197	0.00327	0.03328	0.00562	0.00300	0.00646
46	0.00670	0.00520	0.00611	0.00642	0.00761	0.00460	0.00461	0.00820	0.01228	0.01589	0.21550	0.29859	0.36099	0.01404	0.00651	0.00190	0.00281	0.01225	0.00520	0.00460
47	0.04476	0.01162	0.03789	0.01251	0.08490	0.03271	0.00930	0.27585	0.07234	0.08726	0.07693	0.14356	0.01859	0.00881	0.00573	0.00178	0.00506	0.05803	0.00494	0.00743
48	0.11012	0.01486	0.01333	0.01112	0.01463	0.19797	0.00883	0.21793	0.09675	0.20973	0.01478	0.04208	0.01097	0.00657	0.00509	0.00162	0.00601	0.00494	0.00483	0.00784
49	0.00797	0.00571	0.00582	0.00572	0.00742	0.00528	0.00431	0.01064	0.06253	0.01696	0.06677	0.03950	0.46710	0.01084	0.00550	0.00164	0.00275	0.00899	0.25958	0.00496
50	0.01644	0.13073	0.06864	0.10464	0.14684	0.30332	0.01234	0.12362	0.01477	0.01706	0.00936	0.01122	0.00751	0.00536	0.00488	0.00148	0.00764	0.00397	0.00298	0.00719
51	0.01435	0.81458	0.02813	0.00918	0.01378	0.02124	0.00918	0.01607	0.01091	0.01263	0.00746	0.00861	0.00689	0.00459	0.00344	0.00115	0.00574	0.00287	0.00230	0.00689
52	0.10574	0.01206	0.01341	0.01091	0.01415	0.05247	0.06300	0.30757	0.09277	0.02548	0.16738	0.02009	0.04147	0.00824	0.02697	0.00185	0.00538	0.00599	0.01778	0.00727
