[name]
unknown

[dist]
# distance from previous block
# <min> <max>
5	769

[block]
# block no. 0 follows, 50 sequences, length 33
# corresponding to MSA columns:
# 896-928
name=unknown_A
#
# <colnr> <probs for GDERKNQSTAVLIFYWHMCP>
#	G	D	E	R	K	N	Q	S	T	A	V	L	I	F	Y	W	H	M	C	P
0	0.08240	0.00917	0.09370	0.00853	0.02538	0.04724	0.00717	0.02564	0.05003	0.01700	0.23651	0.17654	0.10886	0.01011	0.00555	0.00172	0.00390	0.08099	0.00434	0.00521
1	0.17406	0.01364	0.25550	0.08177	0.10045	0.00956	0.02726	0.01334	0.01103	0.01764	0.18331	0.01863	0.06137	0.00636	0.00480	0.00157	0.00510	0.00526	0.00325	0.00610
2	0.04222	0.00997	0.02385	0.02866	0.31486	0.02527	0.03780	0.05947	0.03144	0.01645	0.06224	0.07403	0.16884	0.00767	0.00620	0.00164	0.07310	0.00654	0.00343	0.00634
3	0.10114	0.20624	0.04499	0.00761	0.01005	0.00936	0.02692	0.01071	0.01044	0.01435	0.05247	0.19844	0.21756	0.00980	0.00505	0.00163	0.00393	0.06052	0.00372	0.00508
4	0.23568	0.08087	0.01452	0.01591	0.28837	0.02927	0.00966	0.01450	0.01036	0.03511	0.04567	0.01194	0.00903	0.00506	0.00495	0.00142	0.06055	0.00388	0.02860	0.09467
5	0.26323	0.01182	0.02514	0.02686	0.20199	0.05798	0.05609	0.11236	0.01232	0.08200	0.00968	0.01105	0.00739	0.00479	0.00430	0.00143	0.00525	0.00382	0.00332	0.09919
6	0.03972	0.11782	0.08422	0.01373	0.11331	0.17446	0.03802	0.13513	0.06296	0.04645	0.01041	0.03063	0.00842	0.00544	0.00505	0.00142	0.04090	0.00414	0.00320	0.06457
7	0.00729	0.00557	0.02437	0.00643	0.00679	0.00530	0.01576	0.00780	0.00819	0.01109	0.06109	0.16776	0.02152	0.58098	0.01992	0.00395	0.03094	0.00835	0.00338	0.00353
8	0.01031	0.01071	0.08240	0.06105	0.12626	0.03774	0.12903	0.01425	0.07745	0.04108	0.28392	0.05175	0.02289	0.00724	0.00566	0.00161	0.01996	0.00663	0.00389	0.00617
9	0.00759	0.00565	0.00721	0.00677	0.00832	0.00495	0.02200	0.00919	0.01132	0.03917	0.24277	0.26693	0.16520	0.05628	0.00678	0.00179	0.00306	0.00969	0.00455	0.12077
10	0.16709	0.03128	0.11528	0.03435	0.07994	0.01153	0.17548	0.08196	0.11637	0.01932	0.03953	0.01375	0.00997	0.00524	0.00467	0.00155	0.00553	0.00465	0.07583	0.00668
11	0.01182	0.05736	0.31273	0.01990	0.34095	0.01174	0.01485	0.03327	0.03922	0.03954	0.00981	0.01165	0.00760	0.00466	0.00470	0.00146	0.00615	0.00403	0.00261	0.06594
12	0.07541	0.19801	0.01659	0.01228	0.05811	0.47869	0.00934	0.04693	0.01306	0.03766	0.00810	0.00925	0.00669	0.00493	0.00417	0.00128	0.00738	0.00323	0.00270	0.00619
13	0.01307	0.00894	0.01073	0.00781	0.01211	0.00706	0.00631	0.03866	0.01155	0.17720	0.01118	0.01175	0.00844	0.00427	0.00400	0.00093	0.00386	0.00342	0.00368	0.65503
14	0.03197	0.16574	0.11974	0.01123	0.04314	0.01182	0.06709	0.11046	0.03629	0.18044	0.01198	0.03032	0.00903	0.00518	0.00447	0.00134	0.00525	0.00422	0.00366	0.14663
15	0.00724	0.00485	0.00553	0.00553	0.00557	0.00488	0.00314	0.00731	0.00728	0.00974	0.01562	0.03213	0.01791	0.79550	0.05440	0.00495	0.00515	0.00718	0.00301	0.00307
16	0.00597	0.00499	0.00520	0.00528	0.00681	0.00422	0.00391	0.00725	0.01134	0.01373	0.08654	0.11726	0.68487	0.01277	0.00593	0.00171	0.00255	0.01077	0.00467	0.00422
17	0.04423	0.05398	0.02112	0.02190	0.35375	0.06848	0.23151	0.01653	0.01172	0.09412	0.01037	0.01267	0.00808	0.00533	0.02301	0.00166	0.00675	0.00469	0.00287	0.00722
18	0.01083	0.07384	0.24634	0.18348	0.18143	0.01206	0.03660	0.02935	0.06480	0.01520	0.00995	0.01257	0.00782	0.00709	0.05688	0.00198	0.03616	0.00427	0.00252	0.00680
19	0.00941	0.00886	0.01495	0.81285	0.03433	0.01107	0.01384	0.01274	0.00997	0.01274	0.00886	0.01329	0.00664	0.00498	0.00498	0.00166	0.00664	0.00443	0.00221	0.00554
20	0.00647	0.00495	0.00605	0.00713	0.00749	0.02929	0.00478	0.00735	0.00969	0.01271	0.02685	0.79596	0.03213	0.01529	0.00630	0.00200	0.00308	0.01382	0.00456	0.00410
21	0.01528	0.09275	0.21558	0.01260	0.04053	0.02309	0.10950	0.09957	0.02961	0.25219	0.01465	0.01473	0.04593	0.00560	0.00491	0.00152	0.00584	0.00474	0.00389	0.00750
22	0.00898	0.00741	0.01124	0.01520	0.28657	0.00718	0.00850	0.01114	0.02764	0.03563	0.13093	0.32204	0.08700	0.01020	0.00569	0.00172	0.00392	0.00927	0.00403	0.00572
23	0.00722	0.00495	0.00605	0.00605	0.00626	0.00516	0.00378	0.00764	0.00743	0.01012	0.01515	0.02954	0.01678	0.63862	0.20975	0.00558	0.00685	0.00680	0.00294	0.00336
24	0.01463	0.10516	0.21687	0.01551	0.11813	0.32896	0.06261	0.05392	0.01273	0.01476	0.00852	0.01014	0.00676	0.00483	0.00459	0.00140	0.00759	0.00367	0.00251	0.00671
25	0.01183	0.06636	0.31363	0.08576	0.07408	0.01160	0.07653	0.01744	0.12872	0.08778	0.05127	0.01417	0.01054	0.00546	0.00515	0.00158	0.02316	0.00463	0.00317	0.00713
26	0.00606	0.00439	0.00573	0.00681	0.00719	0.00406	0.00457	0.00696	0.00967	0.01278	0.02908	0.76747	0.08603	0.01541	0.00633	0.00200	0.00287	0.01391	0.00463	0.00406
27	0.00936	0.00807	0.01297	0.01710	0.31581	0.00859	0.01010	0.01164	0.00970	0.01381	0.01312	0.02074	0.01239	0.02109	0.38115	0.00466	0.02952	0.09156	0.00280	0.00584
28	0.01257	0.02070	0.50362	0.01522	0.09090	0.05004	0.06564	0.01748	0.03483	0.12588	0.01085	0.01196	0.00766	0.00496	0.00487	0.00156	0.00684	0.00412	0.00285	0.00747
29	0.01235	0.01099	0.01859	0.11124	0.58857	0.01107	0.04148	0.01523	0.01142	0.06946	0.01226	0.01471	0.05014	0.00505	0.00503	0.00152	0.00579	0.00486	0.00281	0.00744
30	0.01168	0.01250	0.02526	0.10774	0.24543	0.01223	0.47840	0.01543	0.01146	0.01571	0.00975	0.01311	0.00756	0.00435	0.00552	0.00162	0.00751	0.00532	0.00247	0.00693
31	0.01181	0.05403	0.04929	0.11956	0.23635	0.05240	0.26760	0.01590	0.06532	0.01560	0.01133	0.01389	0.02769	0.00488	0.00513	0.00155	0.00668	0.00498	0.02918	0.00681
32	0.01190	0.03362	0.17886	0.04214	0.18429	0.02889	0.18906	0.01567	0.03663	0.08760	0.01486	0.04593	0.07761	0.00594	0.00547	0.00160	0.02444	0.00553	0.00308	0.00689

[dist]
# distance from previous block
# <min> <max>
12	32

[block]
# block no. 1 follows, 50 sequences, length 11
# corresponding to MSA columns:
# 963-973
name=unknown_B
#
# <colnr> <probs for GDERKNQSTAVLIFYWHMCP>
#	G	D	E	R	K	N	Q	S	T	A	V	L	I	F	Y	W	H	M	C	P
0	0.01217	0.01015	0.01102	0.01008	0.01272	0.01157	0.00802	0.07609	0.61074	0.02066	0.02067	0.02403	0.01686	0.00781	0.00535	0.00177	0.00415	0.12374	0.00499	0.00741
1	0.01463	0.01024	0.01216	0.01197	0.10917	0.01101	0.00840	0.14814	0.33789	0.14334	0.01691	0.01646	0.01241	0.00612	0.00482	0.00154	0.00428	0.00507	0.11780	0.00765
2	0.00982	0.00827	0.00976	0.00721	0.01113	0.00634	0.00572	0.01206	0.01093	0.01683	0.13138	0.01455	0.01359	0.00471	0.00403	0.00087	0.00348	0.00390	0.00335	0.72207
3	0.00938	0.00614	0.00877	0.00834	0.00957	0.00621	0.04190	0.01082	0.00990	0.11699	0.02118	0.21621	0.06228	0.14022	0.16392	0.00355	0.04576	0.11002	0.00399	0.00484
4	0.01179	0.37098	0.10220	0.01118	0.03717	0.06435	0.09139	0.01388	0.01012	0.01261	0.00987	0.01531	0.00945	0.13357	0.00811	0.00192	0.04826	0.03951	0.00247	0.00588
5	0.00614	0.00481	0.00556	0.00590	0.00702	0.00423	0.00422	0.00744	0.01117	0.01425	0.16054	0.31311	0.41135	0.01327	0.00605	0.00178	0.00262	0.01154	0.00476	0.00423
6	0.01326	0.00632	0.00820	0.00742	0.00957	0.00553	0.00566	0.01468	0.01200	0.36068	0.02860	0.31059	0.17511	0.01083	0.00567	0.00174	0.00342	0.00938	0.00531	0.00605
7	0.01283	0.01114	0.07166	0.04197	0.08675	0.07548	0.00899	0.17194	0.02619	0.10368	0.03148	0.23736	0.01678	0.01028	0.04809	0.00201	0.00547	0.02740	0.00413	0.00638
8	0.03772	0.01163	0.05425	0.10873	0.01740	0.06570	0.14256	0.16957	0.03456	0.05832	0.01446	0.17918	0.01326	0.00748	0.00564	0.00167	0.03147	0.00659	0.03349	0.00632
9	0.00650	0.00471	0.00559	0.00592	0.00680	0.00423	0.00412	0.00708	0.00993	0.01254	0.06490	0.27764	0.36532	0.05844	0.00922	0.13560	0.00304	0.01043	0.00419	0.00379
10	0.01555	0.14662	0.05438	0.01175	0.05099	0.06660	0.00982	0.40935	0.01757	0.02287	0.01285	0.01800	0.01103	0.00673	0.00494	0.00154	0.00566	0.12242	0.00404	0.00727

[dist]
# distance from previous block
# <min> <max>
0	3

[block]
# block no. 2 follows, 50 sequences, length 13
# corresponding to MSA columns:
# 977-989
name=unknown_C
#
# <colnr> <probs for GDERKNQSTAVLIFYWHMCP>
#	G	D	E	R	K	N	Q	S	T	A	V	L	I	F	Y	W	H	M	C	P
0	0.01799	0.00887	0.01112	0.00897	0.01213	0.00851	0.00722	0.19324	0.01569	0.44535	0.08412	0.13098	0.01729	0.00780	0.00527	0.00160	0.00418	0.00652	0.00562	0.00754
1	0.01100	0.04203	0.30047	0.05287	0.22705	0.07814	0.06613	0.01461	0.01096	0.01494	0.01158	0.12549	0.01061	0.00618	0.00504	0.00158	0.00646	0.00548	0.00263	0.00675
2	0.11769	0.12005	0.07064	0.01326	0.16537	0.06177	0.00945	0.04410	0.01183	0.20057	0.01369	0.12608	0.01179	0.00655	0.00466	0.00152	0.00505	0.00537	0.00375	0.00684
3	0.01295	0.00815	0.00927	0.00792	0.01032	0.00821	0.00623	0.24682	0.01540	0.13692	0.10091	0.13635	0.14835	0.00888	0.00522	0.00157	0.00370	0.00742	0.11917	0.00624
4	0.00692	0.00636	0.03812	0.00616	0.00823	0.00492	0.00493	0.00866	0.01152	0.01509	0.17784	0.11406	0.43818	0.01089	0.00558	0.00156	0.00289	0.00925	0.00445	0.12442
5	0.00682	0.00498	0.00641	0.00626	0.00736	0.00457	0.00462	0.00887	0.01324	0.01842	0.62204	0.14872	0.10677	0.01116	0.00595	0.00164	0.00244	0.00987	0.00529	0.00457
6	0.02015	0.00894	0.01140	0.00901	0.01260	0.00839	0.00735	0.06817	0.12327	0.60674	0.01914	0.01698	0.01254	0.00623	0.00495	0.00154	0.00418	0.00505	0.04514	0.00822
7	0.01158	0.01385	0.14080	0.08586	0.32859	0.05402	0.12014	0.03713	0.01169	0.01590	0.01175	0.01828	0.01037	0.00590	0.00529	0.00164	0.00652	0.11102	0.00278	0.00689
8	0.00695	0.00530	0.00655	0.00615	0.00760	0.00478	0.00464	0.00900	0.01286	0.01768	0.52185	0.03728	0.22217	0.01218	0.05701	0.00197	0.00317	0.00882	0.00497	0.04908
9	0.12978	0.00892	0.06011	0.14763	0.03906	0.00864	0.00820	0.01444	0.13434	0.07155	0.02066	0.16375	0.11809	0.00841	0.00509	0.00170	0.00430	0.02439	0.02514	0.00581
10	0.00844	0.00708	0.00868	0.00834	0.00973	0.05767	0.00649	0.01074	0.04292	0.01256	0.01364	0.02033	0.01275	0.05348	0.57984	0.00624	0.01106	0.04456	0.00291	0.08254
11	0.05603	0.08917	0.20164	0.04569	0.04150	0.03859	0.00994	0.06365	0.01198	0.10201	0.09226	0.15176	0.03926	0.00753	0.00496	0.00157	0.00501	0.00626	0.00369	0.02753
12	0.01375	0.14387	0.23426	0.01262	0.07438	0.05696	0.03013	0.06691	0.11631	0.12680	0.01315	0.01350	0.03328	0.00541	0.00462	0.00145	0.00574	0.00430	0.00344	0.03911

[dist]
# distance from previous block
# <min> <max>
9	79

[block]
# block no. 3 follows, 50 sequences, length 73
# corresponding to MSA columns:
# 1069-1141
name=unknown_D
#
# <colnr> <probs for GDERKNQSTAVLIFYWHMCP>
#	G	D	E	R	K	N	Q	S	T	A	V	L	I	F	Y	W	H	M	C	P
0	0.12162	0.04643	0.07183	0.01303	0.07064	0.02544	0.13141	0.10604	0.06727	0.06422	0.01169	0.02817	0.02199	0.00655	0.02612	0.00173	0.09629	0.00464	0.02733	0.05757
1	0.13500	0.11324	0.01437	0.01193	0.10313	0.09017	0.04521	0.08914	0.07713	0.12856	0.06037	0.01693	0.06636	0.00619	0.00465	0.00149	0.00506	0.02048	0.00388	0.00671
2	0.02792	0.12666	0.25743	0.02623	0.04684	0.06218	0.12158	0.08048	0.01222	0.03173	0.02845	0.01677	0.03855	0.00593	0.00489	0.00154	0.00631	0.06668	0.03098	0.00662
3	0.16177	0.01524	0.19366	0.03003	0.16954	0.10392	0.01138	0.03073	0.09036	0.04789	0.02746	0.03028	0.02514	0.00547	0.00455	0.00151	0.00570	0.00433	0.00313	0.03792
4	0.07407	0.00749	0.00896	0.00780	0.00948	0.00773	0.00582	0.16294	0.04673	0.02988	0.00995	0.01369	0.00862	0.01201	0.01280	0.47755	0.00444	0.00417	0.00309	0.09278
5	0.00805	0.00768	0.03335	0.09983	0.07860	0.00712	0.09848	0.01057	0.03015	0.01468	0.09334	0.17116	0.26104	0.01012	0.00580	0.00175	0.00431	0.05486	0.00394	0.00518
6	0.00635	0.00457	0.00604	0.00713	0.00752	0.00434	0.00489	0.00757	0.02544	0.01298	0.02704	0.74062	0.03205	0.02997	0.00671	0.00209	0.00306	0.06289	0.00460	0.00414
7	0.00857	0.00438	0.00653	0.00653	0.00656	0.00441	0.00437	0.00660	0.00656	0.00878	0.00897	0.01566	0.00898	0.03417	0.04799	0.80739	0.00467	0.00442	0.00220	0.00226
8	0.01333	0.82783	0.02612	0.00853	0.01279	0.01972	0.00853	0.01493	0.01013	0.01173	0.00693	0.00800	0.00640	0.00426	0.00320	0.00107	0.00533	0.00267	0.00213	0.00640
9	0.00818	0.00536	0.00736	0.00823	0.00923	0.00517	0.00660	0.00990	0.01097	0.06460	0.04291	0.34788	0.02968	0.01391	0.00654	0.00213	0.00387	0.40811	0.00473	0.00463
10	0.06668	0.01519	0.01303	0.06654	0.08442	0.32381	0.00935	0.01862	0.16761	0.04363	0.01165	0.02967	0.00967	0.03988	0.02640	0.00182	0.05809	0.00444	0.00324	0.00625
11	0.00906	0.00859	0.05158	0.51657	0.02527	0.00914	0.01123	0.01218	0.01132	0.03370	0.23922	0.02028	0.01864	0.00653	0.00524	0.00163	0.00536	0.00575	0.00327	0.00545
12	0.01034	0.00886	0.01034	0.00738	0.01181	0.00664	0.00591	0.01255	0.01034	0.01624	0.00886	0.01034	0.00738	0.00369	0.00369	0.00074	0.00369	0.00295	0.00295	0.85530
13	0.00612	0.00436	0.00577	0.00687	0.00715	0.00408	0.00456	0.00695	0.00944	0.01259	0.02696	0.78715	0.03232	0.05093	0.00719	0.00215	0.00298	0.01387	0.00456	0.00400
14	0.00854	0.01722	0.47034	0.01092	0.01576	0.00860	0.01263	0.01241	0.01044	0.01479	0.01932	0.18928	0.13349	0.00823	0.00521	0.00165	0.00549	0.00694	0.00307	0.04566
15	0.63452	0.08572	0.04209	0.00728	0.01067	0.01151	0.00640	0.01574	0.02583	0.08825	0.00865	0.00945	0.00653	0.00481	0.00338	0.00149	0.00413	0.00305	0.02464	0.00587
16	0.01767	0.18875	0.01710	0.01121	0.01488	0.22388	0.00932	0.41677	0.01817	0.02220	0.00978	0.01034	0.00750	0.00540	0.00448	0.00135	0.00637	0.00377	0.00375	0.00733
17	0.00929	0.00465	0.00465	0.00465	0.00581	0.00465	0.00348	0.01161	0.01045	0.01858	0.01626	0.01858	0.01278	0.00581	0.00348	0.00116	0.00232	0.00465	0.85250	0.00465
18	0.01185	0.03616	0.10280	0.08378	0.55043	0.01212	0.04365	0.01560	0.04587	0.01593	0.00967	0.01238	0.00788	0.00471	0.00519	0.00153	0.02601	0.00442	0.00251	0.00752
19	0.00616	0.00466	0.00569	0.00627	0.00711	0.00419	0.00438	0.00736	0.01075	0.01399	0.14429	0.47260	0.26667	0.01392	0.00615	0.00185	0.00270	0.01231	0.00475	0.00419
20	0.01143	0.01924	0.37099	0.08638	0.13333	0.07928	0.19700	0.01585	0.01120	0.01533	0.00916	0.01158	0.00687	0.00462	0.00504	0.00157	0.00748	0.00434	0.00230	0.00700
21	0.00680	0.00472	0.00555	0.00585	0.00619	0.00451	0.00365	0.00717	0.00858	0.01123	0.04253	0.24538	0.13159	0.44026	0.01681	0.03861	0.00391	0.00949	0.00370	0.00347
22	0.00647	0.00496	0.00653	0.00731	0.00769	0.00502	0.00509	0.00739	0.00953	0.01272	0.02758	0.68846	0.09323	0.01478	0.00718	0.00201	0.07241	0.01303	0.00442	0.00418
23	0.07715	0.10780	0.01643	0.01659	0.24692	0.20207	0.01058	0.09898	0.14353	0.01761	0.01064	0.01175	0.00849	0.00516	0.00452	0.00143	0.00605	0.00402	0.00321	0.00710
24	0.00701	0.00495	0.00568	0.00585	0.00634	0.00477	0.00381	0.00759	0.00875	0.01134	0.04246	0.07657	0.16716	0.52623	0.01833	0.00375	0.00422	0.08804	0.00363	0.00350
25	0.01278	0.47457	0.23155	0.01146	0.01646	0.08739	0.07448	0.01569	0.01073	0.01320	0.00780	0.00921	0.00647	0.00446	0.00395	0.00127	0.00646	0.00325	0.00220	0.00663
26	0.01687	0.08507	0.01540	0.01130	0.01457	0.08235	0.00935	0.44511	0.09653	0.05266	0.01161	0.01209	0.00870	0.00619	0.00624	0.00155	0.10822	0.00434	0.00423	0.00762
27	0.01016	0.12764	0.33651	0.01118	0.04762	0.01037	0.01161	0.01364	0.01040	0.01504	0.01178	0.08008	0.03829	0.00557	0.00441	0.00130	0.00541	0.00450	0.00268	0.25182
28	0.02625	0.05956	0.58104	0.01533	0.08659	0.01165	0.07432	0.01523	0.01058	0.01561	0.00992	0.05359	0.00794	0.00522	0.00482	0.00158	0.00692	0.00440	0.00232	0.00711
29	0.40907	0.00902	0.00961	0.00780	0.01130	0.00911	0.00644	0.01984	0.01160	0.43949	0.01379	0.01287	0.00913	0.00546	0.00412	0.00154	0.00406	0.00394	0.00475	0.00706
30	0.01285	0.01260	0.02271	0.02541	0.45792	0.01248	0.26582	0.09603	0.01276	0.01778	0.00988	0.01266	0.00785	0.00453	0.00525	0.00155	0.00670	0.00492	0.00275	0.00757
31	0.06703	0.01187	0.01665	0.01966	0.33248	0.04251	0.01215	0.06199	0.02559	0.01581	0.00838	0.01146	0.00731	0.00637	0.00946	0.00177	0.33595	0.00428	0.00260	0.00670
32	0.00772	0.00563	0.00696	0.00650	0.00794	0.00534	0.00492	0.01089	0.07704	0.03778	0.62053	0.03651	0.13301	0.01011	0.00579	0.00159	0.00255	0.00882	0.00537	0.00500
33	0.00724	0.00488	0.00567	0.00567	0.00575	0.00496	0.00331	0.00740	0.00732	0.00984	0.01549	0.03145	0.01761	0.75419	0.09531	0.00512	0.00560	0.00708	0.00299	0.00315
34	0.00866	0.00433	0.00649	0.00649	0.00649	0.00433	0.00433	0.00649	0.00649	0.00866	0.00866	0.01515	0.00866	0.01732	0.01948	0.85498	0.00433	0.00433	0.00216	0.00216
35	0.01091	0.01091	0.01527	0.01309	0.01309	0.01527	0.01091	0.01200	0.00763	0.01200	0.00654	0.01091	0.00654	0.00872	0.01636	0.00218	0.81570	0.00436	0.00218	0.00545
36	0.01895	0.01396	0.01496	0.01147	0.01546	0.01546	0.00947	0.77711	0.02344	0.03141	0.01197	0.01197	0.00848	0.00598	0.00499	0.00150	0.00548	0.00449	0.00499	0.00848
37	0.01895	0.01396	0.01496	0.01147	0.01546	0.01546	0.00947	0.77711	0.02344	0.03141	0.01197	0.01197	0.00848	0.00598	0.00499	0.00150	0.00548	0.00449	0.00499	0.00848
38	0.02205	0.00899	0.01188	0.00911	0.01298	0.00808	0.00753	0.09410	0.01512	0.72618	0.01895	0.01650	0.01198	0.00615	0.00501	0.00154	0.00436	0.00496	0.00606	0.00848
39	0.01091	0.01091	0.01527	0.01309	0.01309	0.01527	0.01091	0.01200	0.00763	0.01200	0.00654	0.01091	0.00654	0.00872	0.01636	0.00218	0.81570	0.00436	0.00218	0.00545
40	0.00613	0.00504	0.00543	0.00568	0.00715	0.00434	0.00431	0.00745	0.01117	0.01353	0.04545	0.13619	0.62863	0.01308	0.00604	0.00178	0.00278	0.08695	0.00462	0.00423
41	0.00607	0.00434	0.00578	0.00694	0.00723	0.00405	0.00463	0.00694	0.00954	0.01272	0.02747	0.82157	0.03297	0.01562	0.00636	0.00202	0.00289	0.01417	0.00463	0.00405
42	0.86003	0.00964	0.00733	0.00655	0.00964	0.01118	0.00540	0.01465	0.00848	0.02236	0.00694	0.00810	0.00540	0.00463	0.00308	0.00154	0.00386	0.00270	0.00308	0.00540
43	0.01501	0.01300	0.03567	0.01416	0.01817	0.01328	0.25657	0.42566	0.01767	0.02384	0.01211	0.05064	0.00955	0.00801	0.06094	0.00203	0.00689	0.00543	0.00395	0.00740
44	0.01950	0.01044	0.01229	0.00954	0.01317	0.01055	0.00784	0.34794	0.01782	0.38364	0.01598	0.01498	0.01072	0.00605	0.00484	0.00148	0.00457	0.00475	0.09582	0.00807
45	0.00625	0.00456	0.00593	0.00689	0.00743	0.00423	0.00481	0.00734	0.01009	0.01331	0.06529	0.64597	0.11039	0.01491	0.00633	0.00199	0.00296	0.07250	0.00466	0.00414
46	0.01000	0.02578	0.79900	0.01421	0.02157	0.01158	0.01842	0.01579	0.01052	0.01579	0.00895	0.01052	0.00631	0.00474	0.00474	0.00158	0.00737	0.00368	0.00210	0.00737
47	0.01417	0.01274	0.03757	0.04535	0.30777	0.11105	0.04690	0.01937	0.18328	0.12016	0.01320	0.01418	0.01000	0.00534	0.00491	0.00152	0.00570	0.00468	0.03470	0.00744
48	0.00856	0.01077	0.22127	0.00885	0.01150	0.00679	0.00849	0.01168	0.05363	0.05102	0.02145	0.39265	0.05648	0.03060	0.00597	0.00184	0.00421	0.00923	0.07959	0.00541
49	0.00717	0.00501	0.00640	0.00643	0.00677	0.00533	0.00426	0.00785	0.00759	0.01046	0.01516	0.04962	0.01643	0.51033	0.31407	0.00593	0.00794	0.00673	0.00293	0.00358
50	0.86003	0.00964	0.00733	0.00655	0.00964	0.01118	0.00540	0.01465	0.00848	0.02236	0.00694	0.00810	0.00540	0.00463	0.00308	0.00154	0.00386	0.00270	0.00308	0.00540
51	0.38144	0.00912	0.00975	0.00791	0.01137	0.00925	0.00652	0.05142	0.01216	0.41079	0.03523	0.01351	0.01016	0.00561	0.00421	0.00154	0.00408	0.00411	0.00478	0.00705
52	0.00807	0.00689	0.01177	0.01089	0.04781	0.00710	0.14724	0.00993	0.00899	0.01250	0.01519	0.14902	0.01550	0.14486	0.37516	0.00510	0.00913	0.00711	0.00300	0.00475
53	0.00617	0.00448	0.00582	0.00670	0.00721	0.00413	0.00456	0.00723	0.01021	0.01359	0.11422	0.66830	0.09945	0.01476	0.00627	0.00194	0.00280	0.01329	0.00472	0.00413
54	0.04720	0.01038	0.01080	0.00974	0.01249	0.01199	0.00758	0.02531	0.71667	0.02081	0.01955	0.01816	0.01470	0.00663	0.00492	0.00166	0.00387	0.00547	0.04445	0.00764
55	0.00619	0.00506	0.00546	0.00536	0.00691	0.00433	0.00402	0.00773	0.01206	0.01512	0.23887	0.04524	0.60230	0.01200	0.00589	0.00165	0.00248	0.01014	0.00485	0.00433
56	0.86003	0.00964	0.00733	0.00655	0.00964	0.01118	0.00540	0.01465	0.00848	0.02236	0.00694	0.00810	0.00540	0.00463	0.00308	0.00154	0.00386	0.00270	0.00308	0.00540
57	0.01034	0.00886	0.01034	0.00738	0.01181	0.00664	0.00591	0.01255	0.01034	0.01624	0.00886	0.01034	0.00738	0.00369	0.00369	0.00074	0.00369	0.00295	0.00295	0.85530
58	0.02046	0.00875	0.01151	0.00875	0.01269	0.00753	0.00720	0.05104	0.01403	0.65333	0.01778	0.01580	0.01146	0.00580	0.00482	0.00142	0.00421	0.00469	0.00565	0.13307
59	0.00606	0.00439	0.00573	0.00681	0.00720	0.00406	0.00457	0.00696	0.00967	0.01278	0.02907	0.76781	0.08570	0.01541	0.00633	0.00200	0.00287	0.01392	0.00463	0.00406
60	0.01492	0.01419	0.01638	0.05145	0.25129	0.15192	0.04682	0.20492	0.16072	0.01997	0.01179	0.01293	0.00909	0.00539	0.00494	0.00151	0.00613	0.00453	0.00359	0.00751
61	0.01264	0.01824	0.29026	0.01348	0.07768	0.15017	0.04662	0.08283	0.01237	0.01674	0.00919	0.01076	0.00708	0.00464	0.00451	0.00130	0.00643	0.00367	0.01817	0.21322
62	0.86003	0.00964	0.00733	0.00655	0.00964	0.01118	0.00540	0.01465	0.00848	0.02236	0.00694	0.00810	0.00540	0.00463	0.00308	0.00154	0.00386	0.00270	0.00308	0.00540
63	0.00724	0.00485	0.00554	0.00554	0.00558	0.00489	0.00315	0.00732	0.00728	0.00974	0.01561	0.03208	0.01789	0.79236	0.05752	0.00496	0.00518	0.00717	0.00301	0.00308
64	0.00712	0.00534	0.00801	0.00801	0.00890	0.00623	0.00623	0.00890	0.00801	0.01157	0.01335	0.01958	0.01246	0.03738	0.80507	0.00801	0.01335	0.00534	0.00267	0.00445
65	0.00712	0.00534	0.00801	0.00801	0.00890	0.00623	0.00623	0.00890	0.00801	0.01157	0.01335	0.01958	0.01246	0.03738	0.80507	0.00801	0.01335	0.00534	0.00267	0.00445
66	0.01333	0.82783	0.02612	0.00853	0.01279	0.01972	0.00853	0.01493	0.01013	0.01173	0.00693	0.00800	0.00640	0.00426	0.00320	0.00107	0.00533	0.00267	0.00213	0.00640
67	0.01079	0.00666	0.00730	0.00644	0.00848	0.00641	0.00499	0.12426	0.01324	0.11110	0.07620	0.03002	0.30101	0.04679	0.00594	0.00164	0.00321	0.00722	0.22283	0.00544
68	0.00715	0.00523	0.00743	0.00743	0.00813	0.00592	0.00551	0.00853	0.00784	0.01114	0.01388	0.02250	0.01373	0.21369	0.63050	0.00730	0.01144	0.00577	0.00275	0.00413
69	0.00704	0.00520	0.00675	0.00768	0.00853	0.00505	0.00589	0.00906	0.04650	0.01395	0.02910	0.43705	0.10775	0.01425	0.00644	0.00207	0.00350	0.27513	0.00463	0.00443
70	0.73353	0.01075	0.00840	0.06126	0.01177	0.07658	0.00631	0.01496	0.00905	0.02088	0.00713	0.00852	0.00557	0.00469	0.00333	0.00153	0.00447	0.00286	0.00298	0.00544
71	0.01614	0.18779	0.06572	0.01187	0.01532	0.41411	0.03779	0.06299	0.09879	0.03063	0.00959	0.01044	0.00766	0.00515	0.00439	0.00133	0.00725	0.00360	0.00294	0.00648
72	0.01306	0.01310	0.02694	0.01282	0.10915	0.24443	0.02976	0.01440	0.01058	0.06970	0.01113	0.01737	0.01055	0.23464	0.04074	0.00270	0.12567	0.00495	0.00288	0.00543

[dist]
# distance from previous block
# <min> <max>
0	1

[block]
# block no. 4 follows, 50 sequences, length 53
# corresponding to MSA columns:
# 1143-1195
name=unknown_E
#
# <colnr> <probs for GDERKNQSTAVLIFYWHMCP>
#	G	D	E	R	K	N	Q	S	T	A	V	L	I	F	Y	W	H	M	C	P
0	0.01686	0.01185	0.01331	0.01121	0.04467	0.01287	0.00869	0.43323	0.18888	0.12410	0.04025	0.01565	0.01204	0.03602	0.00578	0.00167	0.00488	0.00505	0.00500	0.00800
1	0.00652	0.00490	0.00591	0.00616	0.00715	0.00446	0.00444	0.00793	0.01129	0.01484	0.24859	0.24179	0.26800	0.09020	0.00792	0.00207	0.00291	0.05596	0.00471	0.00422
2	0.03856	0.01282	0.01405	0.04045	0.15556	0.10801	0.00987	0.22786	0.18784	0.03112	0.04638	0.02849	0.02659	0.00630	0.00549	0.00157	0.04278	0.00500	0.00401	0.00728
3	0.01349	0.09467	0.22225	0.01190	0.04338	0.22383	0.01107	0.07561	0.01244	0.01581	0.00865	0.01000	0.00685	0.00461	0.00428	0.00122	0.00646	0.00336	0.00269	0.22740
4	0.06394	0.16609	0.38034	0.01159	0.01700	0.01339	0.01291	0.14709	0.05694	0.04694	0.03226	0.01162	0.00853	0.00518	0.00446	0.00147	0.00601	0.00389	0.00308	0.00726
5	0.01308	0.32827	0.09672	0.01079	0.01395	0.04448	0.01007	0.14178	0.01188	0.01558	0.00915	0.05878	0.00838	0.00643	0.00718	0.00153	0.20851	0.00421	0.00279	0.00644
6	0.00822	0.04436	0.01020	0.00947	0.03532	0.00820	0.00734	0.01002	0.00904	0.01288	0.08575	0.02238	0.01580	0.02589	0.47968	0.00550	0.13052	0.07159	0.00300	0.00484
7	0.08608	0.05541	0.17229	0.01663	0.25211	0.03995	0.01205	0.06102	0.04487	0.16564	0.01144	0.01233	0.00841	0.00502	0.00461	0.00147	0.00561	0.00412	0.00341	0.03753
8	0.04321	0.05630	0.01577	0.14558	0.21894	0.01042	0.07851	0.03193	0.01134	0.08867	0.04184	0.03309	0.06326	0.00588	0.00533	0.00150	0.03887	0.00514	0.03481	0.06964
9	0.00604	0.00487	0.00540	0.00576	0.00702	0.00423	0.00420	0.00725	0.01089	0.01342	0.05563	0.26898	0.53419	0.01348	0.00606	0.00180	0.00270	0.03925	0.00464	0.00418
10	0.00990	0.02077	0.56012	0.04580	0.01905	0.04410	0.01500	0.01523	0.06031	0.01560	0.03545	0.07194	0.05282	0.00626	0.00497	0.00161	0.00646	0.00509	0.00273	0.00677
11	0.01568	0.11882	0.14969	0.01501	0.15648	0.15243	0.03854	0.06976	0.04157	0.17774	0.01143	0.01209	0.00840	0.00513	0.00466	0.00144	0.00627	0.00409	0.00342	0.00736
12	0.01274	0.01467	0.27411	0.01342	0.06738	0.01007	0.10817	0.01628	0.01132	0.17666	0.04804	0.01463	0.01052	0.00632	0.02095	0.00171	0.08767	0.00473	0.09369	0.00689
13	0.01391	0.00658	0.00859	0.00731	0.00946	0.00599	0.00558	0.01545	0.01204	0.36704	0.16053	0.02659	0.08127	0.18243	0.07222	0.00276	0.00460	0.00667	0.00499	0.00599
14	0.01638	0.08784	0.04726	0.01405	0.08768	0.29664	0.07391	0.17430	0.01479	0.07499	0.01049	0.04043	0.00847	0.00562	0.00504	0.00144	0.02616	0.00434	0.00333	0.00685
15	0.01273	0.05006	0.06841	0.16728	0.38217	0.05799	0.01315	0.01656	0.07192	0.07682	0.02830	0.01341	0.00921	0.00504	0.00486	0.00151	0.00593	0.00448	0.00295	0.00721
16	0.00747	0.00509	0.00640	0.00673	0.00787	0.00466	0.00500	0.00891	0.01114	0.06543	0.14083	0.33689	0.24020	0.01403	0.03587	0.00209	0.00337	0.08873	0.00477	0.00455
17	0.00897	0.00644	0.00745	0.00674	0.00860	0.00616	0.00519	0.07566	0.06994	0.06479	0.37820	0.03611	0.28627	0.01015	0.00570	0.00161	0.00290	0.00865	0.00517	0.00531
18	0.01526	0.01231	0.01700	0.02148	0.44231	0.05661	0.01219	0.18996	0.01464	0.12044	0.01272	0.01398	0.03750	0.00536	0.00497	0.00149	0.00565	0.00468	0.00361	0.00785
19	0.01082	0.04619	0.48163	0.01316	0.05372	0.01108	0.03210	0.05743	0.07850	0.03418	0.04478	0.04538	0.03003	0.00585	0.00487	0.00157	0.00612	0.00481	0.03070	0.00707
20	0.01664	0.11835	0.01753	0.01578	0.15578	0.46185	0.06045	0.01849	0.01299	0.06456	0.00885	0.01028	0.00715	0.00491	0.00454	0.00134	0.00764	0.00366	0.00273	0.00647
21	0.01331	0.01056	0.01830	0.01483	0.07133	0.01018	0.30371	0.12528	0.01417	0.14149	0.16692	0.05571	0.01744	0.00649	0.00557	0.00161	0.00571	0.00645	0.00413	0.00681
22	0.01226	0.01324	0.17266	0.06243	0.01601	0.02894	0.02528	0.10816	0.01251	0.07522	0.03917	0.01229	0.00907	0.00474	0.00439	0.00119	0.00507	0.00383	0.00329	0.39024
23	0.00724	0.00485	0.00553	0.00553	0.00557	0.00488	0.00314	0.00731	0.00728	0.00974	0.01562	0.03213	0.01791	0.79551	0.05440	0.00495	0.00515	0.00718	0.00301	0.00307
24	0.01022	0.02232	0.61155	0.06558	0.02274	0.01155	0.13631	0.01553	0.01068	0.01568	0.00928	0.01133	0.00667	0.00469	0.00490	0.00159	0.00737	0.00410	0.02081	0.00709
25	0.01026	0.00972	0.01648	0.58665	0.25392	0.01130	0.01426	0.01348	0.01037	0.01376	0.00901	0.01301	0.00701	0.00483	0.00497	0.00161	0.00644	0.00443	0.00229	0.00622
26	0.00630	0.00450	0.00602	0.00707	0.00749	0.00423	0.00490	0.00739	0.01003	0.01342	0.08290	0.70459	0.03365	0.01508	0.00637	0.00201	0.00299	0.07225	0.00469	0.00414
27	0.00719	0.00691	0.05932	0.00729	0.00923	0.00547	0.04932	0.00958	0.01298	0.01769	0.49124	0.03709	0.24742	0.01016	0.00581	0.00161	0.00307	0.00890	0.00486	0.00486
28	0.00907	0.00467	0.00467	0.00467	0.00587	0.00462	0.00350	0.01132	0.01051	0.01825	0.01850	0.02050	0.06371	0.00625	0.00364	0.00120	0.00234	0.00503	0.79706	0.00462
29	0.01468	0.01241	0.01252	0.01069	0.01384	0.05850	0.00846	0.24754	0.51620	0.02347	0.01712	0.01609	0.01273	0.00644	0.00501	0.00161	0.00469	0.00516	0.00490	0.00794
30	0.01220	0.01170	0.01999	0.06680	0.75858	0.01181	0.01523	0.01518	0.01129	0.01612	0.00935	0.01238	0.00784	0.00447	0.00494	0.00149	0.00596	0.00444	0.00246	0.00779
31	0.01169	0.17076	0.54326	0.01321	0.01954	0.03272	0.06123	0.01626	0.01085	0.06294	0.00927	0.01059	0.00678	0.00472	0.00453	0.00148	0.00690	0.00370	0.00240	0.00718
32	0.01012	0.05493	0.77091	0.01400	0.02125	0.01187	0.01806	0.01575	0.01051	0.01564	0.00887	0.01043	0.00632	0.00472	0.00468	0.00156	0.00729	0.00365	0.00211	0.00733
33	0.01850	0.00763	0.01033	0.00821	0.01139	0.00666	0.00666	0.02054	0.01423	0.60124	0.21416	0.02208	0.02109	0.00718	0.00523	0.00155	0.00376	0.00602	0.00600	0.00753
34	0.00671	0.00499	0.00699	0.00875	0.05902	0.00475	0.00572	0.00788	0.00989	0.01321	0.02616	0.67956	0.03083	0.01467	0.00633	0.00202	0.00329	0.10038	0.00448	0.00436
35	0.01018	0.07759	0.59241	0.04309	0.02103	0.01186	0.08902	0.01518	0.01043	0.01514	0.00920	0.01132	0.00685	0.00680	0.05708	0.00198	0.00769	0.00396	0.00219	0.00698
36	0.00620	0.00443	0.00593	0.00709	0.00743	0.00416	0.00485	0.00716	0.00967	0.01287	0.02740	0.77142	0.03269	0.01549	0.00640	0.00204	0.00300	0.06305	0.00462	0.00408
37	0.00745	0.00507	0.00611	0.00641	0.00671	0.00507	0.00432	0.00805	0.00835	0.01103	0.01848	0.03876	0.02087	0.61397	0.02056	0.00417	0.00477	0.20300	0.00343	0.00343
38	0.01375	0.02342	0.05589	0.02248	0.41412	0.01121	0.16214	0.04479	0.01222	0.13448	0.01142	0.01338	0.00865	0.00479	0.00503	0.00151	0.00603	0.00476	0.04234	0.00758
39	0.00979	0.22348	0.16500	0.01001	0.01290	0.01196	0.00978	0.01220	0.00899	0.01247	0.00993	0.01368	0.00892	0.01871	0.33826	0.00420	0.11753	0.00420	0.00236	0.00565
40	0.01862	0.02376	0.01413	0.01284	0.01541	0.80482	0.00963	0.01990	0.01413	0.01220	0.00770	0.00899	0.00642	0.00514	0.00449	0.00128	0.00899	0.00321	0.00257	0.00578
41	0.01034	0.00886	0.01034	0.00738	0.01181	0.00664	0.00591	0.01255	0.01034	0.01624	0.00886	0.01034	0.00738	0.00369	0.00369	0.00074	0.00369	0.00295	0.00295	0.85530
42	0.00725	0.00483	0.00544	0.00544	0.00544	0.00483	0.00302	0.00725	0.00725	0.00966	0.01571	0.03262	0.01812	0.82483	0.02537	0.00483	0.00483	0.00725	0.00302	0.00302
43	0.01234	0.01184	0.02023	0.03059	0.79373	0.01184	0.01530	0.01530	0.01135	0.01628	0.00938	0.01234	0.00790	0.00444	0.00493	0.00148	0.00592	0.00444	0.00247	0.00790
44	0.00716	0.00583	0.00883	0.03086	0.01003	0.00545	0.08648	0.00912	0.01191	0.01620	0.34836	0.29772	0.11966	0.01149	0.00602	0.00175	0.00331	0.01044	0.00470	0.00467
45	0.01432	0.08129	0.32073	0.01368	0.01916	0.02350	0.16605	0.10153	0.01300	0.18133	0.01158	0.01240	0.00808	0.00504	0.00493	0.00154	0.00657	0.00441	0.00337	0.00750
46	0.00606	0.00438	0.00574	0.00682	0.00720	0.00406	0.00457	0.00695	0.00966	0.01277	0.02898	0.77099	0.08258	0.01542	0.00633	0.00200	0.00287	0.01393	0.00463	0.00406
47	0.00589	0.00505	0.00505	0.00505	0.00673	0.00421	0.00379	0.00715	0.01136	0.01347	0.05049	0.04797	0.79171	0.01262	0.00589	0.00168	0.00252	0.01052	0.00463	0.00421
48	0.01252	0.06433	0.01734	0.19794	0.30168	0.01245	0.03414	0.11823	0.05910	0.03308	0.01118	0.01516	0.00924	0.00566	0.00551	0.00159	0.04321	0.04755	0.00307	0.00702
49	0.01716	0.01350	0.01489	0.07598	0.08845	0.07059	0.01012	0.48845	0.08701	0.06510	0.01230	0.01273	0.00892	0.00578	0.00495	0.00151	0.00567	0.00451	0.00443	0.00795
50	0.01234	0.01184	0.02023	0.03059	0.79373	0.01184	0.01530	0.01530	0.01135	0.01628	0.00938	0.01234	0.00790	0.00444	0.00493	0.00148	0.00592	0.00444	0.00247	0.00790
51	0.00639	0.00504	0.00577	0.00566	0.00706	0.00441	0.00422	0.00810	0.01245	0.01621	0.36475	0.07911	0.43964	0.01173	0.00591	0.00165	0.00247	0.01005	0.00499	0.00441
52	0.01146	0.00900	0.01093	0.05564	0.02829	0.00738	0.00676	0.04860	0.01126	0.07459	0.01117	0.01234	0.03338	0.00436	0.00402	0.00093	0.00399	0.00354	0.00329	0.65905

[dist]
# distance from previous block
# <min> <max>
0	1

[block]
# block no. 5 follows, 50 sequences, length 29
# corresponding to MSA columns:
# 1197-1225
name=unknown_F
#
# <colnr> <probs for GDERKNQSTAVLIFYWHMCP>
#	G	D	E	R	K	N	Q	S	T	A	V	L	I	F	Y	W	H	M	C	P
0	0.01267	0.53790	0.22946	0.01042	0.01549	0.03112	0.03148	0.01546	0.01046	0.03402	0.00795	0.00912	0.00659	0.00444	0.00376	0.00123	0.00595	0.00310	0.00227	0.02709
1	0.47395	0.07395	0.01132	0.00905	0.01191	0.25870	0.00727	0.01637	0.01044	0.03451	0.00743	0.00870	0.00600	0.00501	0.00427	0.00146	0.04814	0.00299	0.00287	0.00566
2	0.22345	0.03061	0.11713	0.01519	0.21129	0.01181	0.03490	0.13954	0.04804	0.05540	0.05826	0.01296	0.01007	0.00530	0.00452	0.00153	0.00521	0.00429	0.00345	0.00706
3	0.01219	0.01215	0.01575	0.07353	0.32450	0.14659	0.06151	0.04853	0.01208	0.01549	0.01337	0.11272	0.01290	0.00701	0.00527	0.00162	0.00604	0.08664	0.02569	0.00642
4	0.01240	0.01071	0.01127	0.01014	0.01296	0.01240	0.00789	0.02649	0.78473	0.02085	0.02029	0.01860	0.01522	0.00676	0.00507	0.00169	0.00394	0.00564	0.00507	0.00789
5	0.01311	0.01046	0.01207	0.01008	0.01296	0.01149	0.04259	0.24917	0.33409	0.02359	0.18752	0.02047	0.01981	0.00715	0.00523	0.00159	0.00423	0.00603	0.02111	0.00725
6	0.00747	0.00499	0.00611	0.00583	0.00704	0.00466	0.00437	0.00975	0.01312	0.01925	0.57131	0.03382	0.08834	0.00938	0.00535	0.00149	0.00236	0.00815	0.19255	0.00466
7	0.00712	0.00534	0.00801	0.00801	0.00890	0.00623	0.00623	0.00890	0.00801	0.01157	0.01335	0.01958	0.01246	0.03738	0.80507	0.00801	0.01335	0.00534	0.00267	0.00445
8	0.01024	0.00950	0.01595	0.55183	0.24813	0.01098	0.01375	0.01341	0.01038	0.01403	0.00937	0.01328	0.00730	0.00487	0.00490	0.00159	0.00623	0.00444	0.04369	0.00616
9	0.00929	0.00465	0.00465	0.00465	0.00581	0.00465	0.00348	0.01161	0.01045	0.01858	0.01626	0.01858	0.01278	0.00581	0.00348	0.00116	0.00232	0.00465	0.85250	0.00465
10	0.86003	0.00964	0.00733	0.00655	0.00964	0.01118	0.00540	0.01465	0.00848	0.02236	0.00694	0.00810	0.00540	0.00463	0.00308	0.00154	0.00386	0.00270	0.00308	0.00540
11	0.01595	0.24435	0.03658	0.03089	0.03603	0.29340	0.02993	0.12521	0.05329	0.04682	0.00941	0.01034	0.00750	0.00503	0.00429	0.00130	0.00665	0.00357	0.00305	0.03643
12	0.00693	0.00470	0.00553	0.00585	0.00593	0.00462	0.00346	0.00716	0.00788	0.01050	0.01893	0.24853	0.02218	0.60337	0.02017	0.00406	0.00430	0.00914	0.00346	0.00330
13	0.00656	0.00508	0.00598	0.00575	0.00714	0.00449	0.00431	0.00845	0.01294	0.01721	0.47545	0.04181	0.36441	0.01123	0.00588	0.00162	0.00243	0.00966	0.00512	0.00449
14	0.01333	0.82783	0.02612	0.00853	0.01279	0.01972	0.00853	0.01493	0.01013	0.01173	0.00693	0.00800	0.00640	0.00426	0.00320	0.00107	0.00533	0.00267	0.00213	0.00640
15	0.00605	0.00444	0.00568	0.00668	0.00716	0.00407	0.00451	0.00697	0.00979	0.01283	0.03065	0.71473	0.13776	0.01520	0.00630	0.00198	0.00284	0.01367	0.00463	0.00407
16	0.00929	0.00465	0.00465	0.00465	0.00581	0.00465	0.00348	0.01161	0.01045	0.01858	0.01626	0.01858	0.01278	0.00581	0.00348	0.00116	0.00232	0.00465	0.85250	0.00465
17	0.00854	0.00737	0.01135	0.38954	0.05657	0.00843	0.01001	0.01166	0.06089	0.01363	0.01727	0.27765	0.01781	0.00932	0.00561	0.00183	0.00503	0.07883	0.00341	0.00523
18	0.86003	0.00964	0.00733	0.00655	0.00964	0.01118	0.00540	0.01465	0.00848	0.02236	0.00694	0.00810	0.00540	0.00463	0.00308	0.00154	0.00386	0.00270	0.00308	0.00540
19	0.01034	0.00886	0.01034	0.00738	0.01181	0.00664	0.00591	0.01255	0.01034	0.01624	0.00886	0.01034	0.00738	0.00369	0.00369	0.00074	0.00369	0.00295	0.00295	0.85530
20	0.01091	0.01091	0.01527	0.01309	0.01309	0.01527	0.01091	0.01200	0.00763	0.01200	0.00654	0.01091	0.00654	0.00872	0.01636	0.00218	0.81570	0.00436	0.00218	0.00545
21	0.00613	0.00483	0.00553	0.00584	0.00700	0.00424	0.00420	0.00744	0.01122	0.01426	0.16010	0.28914	0.43604	0.01318	0.00604	0.00177	0.00261	0.01143	0.00476	0.00424
22	0.01077	0.00960	0.01325	0.03355	0.24503	0.00822	0.00885	0.01320	0.01060	0.01606	0.00960	0.03671	0.00833	0.00432	0.00418	0.00102	0.00440	0.00379	0.00284	0.55567
23	0.01477	0.01383	0.01268	0.01085	0.01311	0.20149	0.00844	0.24731	0.12809	0.01888	0.01201	0.01531	0.01023	0.12727	0.03049	0.00223	0.11812	0.00476	0.00369	0.00642
24	0.01209	0.01018	0.01080	0.00977	0.01247	0.01163	0.00758	0.02487	0.70623	0.03642	0.02190	0.04804	0.05118	0.00733	0.00515	0.00170	0.00385	0.00614	0.00506	0.00760
25	0.61090	0.01045	0.00920	0.00780	0.01108	0.01186	0.00640	0.15903	0.05582	0.06361	0.00930	0.00988	0.00689	0.00508	0.00365	0.00154	0.00419	0.00332	0.00371	0.00628
26	0.01062	0.00906	0.01366	0.01831	0.37088	0.00915	0.01027	0.09205	0.01190	0.01627	0.01792	0.12889	0.09418	0.02872	0.06019	0.03206	0.00544	0.06072	0.00341	0.00628
27	0.00921	0.00572	0.00704	0.00643	0.00801	0.00535	0.00491	0.04399	0.01364	0.09458	0.48518	0.05662	0.10770	0.00943	0.00545	0.00153	0.00270	0.00815	0.11923	0.00516
28	0.01236	0.01168	0.01932	0.08480	0.65739	0.01216	0.01466	0.05150	0.01162	0.01651	0.00930	0.01231	0.00776	0.00480	0.00559	0.00153	0.05210	0.00444	0.00255	0.00761

[dist]
# distance from previous block
# <min> <max>
0	2

[block]
# block no. 6 follows, 50 sequences, length 63
# corresponding to MSA columns:
# 1228-1290
name=unknown_G
#
# <colnr> <probs for GDERKNQSTAVLIFYWHMCP>
#	G	D	E	R	K	N	Q	S	T	A	V	L	I	F	Y	W	H	M	C	P
0	0.02092	0.00984	0.01229	0.00953	0.01334	0.00946	0.00784	0.18995	0.06948	0.57522	0.01802	0.01598	0.01169	0.00617	0.00501	0.00154	0.00449	0.00494	0.00583	0.00844
1	0.00779	0.00571	0.00593	0.00592	0.00608	0.04056	0.00352	0.00794	0.00773	0.00999	0.01578	0.03252	0.01803	0.75549	0.02369	0.00457	0.00501	0.03749	0.00306	0.00321
2	0.01384	0.12308	0.01896	0.06481	0.36011	0.01207	0.07539	0.04561	0.04343	0.13866	0.04723	0.01400	0.01041	0.00512	0.00484	0.00147	0.00556	0.00467	0.00333	0.00743
3	0.00669	0.00505	0.00618	0.00596	0.00724	0.00454	0.00445	0.00867	0.01314	0.01786	0.55208	0.07576	0.25191	0.01111	0.00590	0.00162	0.00242	0.00966	0.00521	0.00454
4	0.01030	0.00910	0.03263	0.00918	0.01126	0.02248	0.00716	0.04589	0.42164	0.01791	0.02257	0.28111	0.03442	0.00994	0.00556	0.00181	0.00385	0.04202	0.00477	0.00640
5	0.01239	0.01169	0.01955	0.09580	0.69430	0.01194	0.01491	0.04963	0.01178	0.01667	0.00945	0.01240	0.00782	0.00456	0.00494	0.00150	0.00596	0.00444	0.00256	0.00772
6	0.01333	0.01457	0.01219	0.01097	0.01230	0.33588	0.00846	0.01442	0.01083	0.03261	0.01282	0.01792	0.07042	0.12983	0.01142	0.00216	0.25213	0.02972	0.00284	0.00518
7	0.01895	0.01396	0.01496	0.01147	0.01546	0.01546	0.00947	0.77711	0.02344	0.03141	0.01197	0.01197	0.00848	0.00598	0.00499	0.00150	0.00548	0.00449	0.00499	0.00848
8	0.07179	0.01132	0.01302	0.01004	0.01392	0.01167	0.00829	0.40405	0.01855	0.36297	0.01500	0.01390	0.00996	0.00598	0.00488	0.00152	0.00485	0.00461	0.00538	0.00829
9	0.01826	0.00852	0.01042	0.00831	0.01149	0.00817	0.00676	0.14210	0.04433	0.45570	0.01763	0.01662	0.01194	0.00607	0.00464	0.00145	0.00396	0.00486	0.21123	0.00753
10	0.00840	0.00739	0.00869	0.00855	0.00962	0.09499	0.00661	0.01012	0.00869	0.01164	0.01272	0.01840	0.01179	0.03380	0.71609	0.00726	0.01287	0.00510	0.00266	0.00460
11	0.00856	0.00437	0.00642	0.00642	0.00642	0.00437	0.00423	0.00655	0.00655	0.00873	0.00917	0.01643	0.00935	0.07628	0.01991	0.79290	0.00437	0.00454	0.00223	0.00223
12	0.00607	0.00434	0.00578	0.00694	0.00723	0.00405	0.00463	0.00694	0.00954	0.01272	0.02747	0.82157	0.03297	0.01562	0.00636	0.00202	0.00289	0.01417	0.00463	0.00405
13	0.65612	0.01069	0.00918	0.00775	0.01105	0.01222	0.00639	0.19951	0.01211	0.02456	0.00816	0.00904	0.00614	0.00496	0.00355	0.00153	0.00425	0.00313	0.00355	0.00614
14	0.01477	0.12554	0.01725	0.07163	0.13423	0.37245	0.08247	0.01687	0.01230	0.01376	0.00898	0.01100	0.00737	0.00488	0.00446	0.00134	0.00718	0.00380	0.08357	0.00615
15	0.01548	0.01321	0.01744	0.01803	0.24861	0.06250	0.09548	0.28676	0.11500	0.05876	0.01215	0.01314	0.00912	0.00538	0.00505	0.00153	0.00590	0.00472	0.00388	0.00787
16	0.04770	0.06291	0.13902	0.01441	0.11017	0.22765	0.04144	0.11625	0.09441	0.01719	0.01055	0.03634	0.00860	0.00567	0.00528	0.00151	0.04664	0.00431	0.00310	0.00684
17	0.07026	0.01745	0.01278	0.01125	0.01389	0.45217	0.00866	0.11161	0.01428	0.11839	0.01144	0.08173	0.00972	0.00641	0.00517	0.00146	0.03896	0.00458	0.00354	0.00628
18	0.01303	0.75691	0.09446	0.00903	0.01357	0.01900	0.00940	0.01500	0.01016	0.01209	0.00711	0.00822	0.00639	0.00431	0.00333	0.00111	0.00551	0.00276	0.00213	0.00648
19	0.01779	0.01287	0.01390	0.01091	0.01465	0.01415	0.00893	0.59861	0.13117	0.07608	0.01489	0.01440	0.03547	0.00632	0.00503	0.00153	0.00509	0.00488	0.00506	0.00825
20	0.00616	0.00440	0.00588	0.00704	0.00737	0.00412	0.00478	0.00709	0.00963	0.01282	0.02742	0.78743	0.03278	0.01553	0.00639	0.00204	0.00297	0.04745	0.00463	0.00407
21	0.01176	0.01345	0.02941	0.02101	0.02605	0.01261	0.77563	0.01597	0.01176	0.01597	0.01008	0.01345	0.00756	0.00420	0.00588	0.00168	0.00840	0.00588	0.00252	0.00672
