[name]
unknown

[dist]
# distance from previous block
# <min> <max>
24	225

[block]
# block no. 0 follows, 42 sequences, length 7
# corresponding to MSA columns:
# 1312-1318
name=unknown_A
#
# <colnr> <probs for GDERKNQSTAVLIFYWHMCP>
#	G	D	E	R	K	N	Q	S	T	A	V	L	I	F	Y	W	H	M	C	P
0	0.01483	0.07389	0.28050	0.01357	0.01892	0.05319	0.07144	0.11218	0.11165	0.09309	0.01611	0.01729	0.05110	0.03968	0.00647	0.00189	0.00681	0.00538	0.00394	0.00805
1	0.09537	0.20162	0.06523	0.02171	0.32491	0.01509	0.10214	0.01803	0.01244	0.07749	0.01066	0.01275	0.00849	0.00513	0.00503	0.00161	0.00658	0.00455	0.00308	0.00810
2	0.19239	0.02009	0.29766	0.01462	0.02036	0.08161	0.13609	0.07960	0.01352	0.07749	0.01090	0.01238	0.00787	0.00550	0.00519	0.00175	0.00738	0.00448	0.00336	0.00776
3	0.17721	0.00936	0.08295	0.00890	0.01117	0.00841	0.00757	0.01312	0.00976	0.08300	0.01359	0.01976	0.01222	0.13066	0.29704	0.09206	0.00896	0.00540	0.00339	0.00547
4	0.01498	0.29031	0.21730	0.01215	0.01719	0.15518	0.01233	0.09824	0.01418	0.01720	0.01434	0.01518	0.08653	0.00633	0.00487	0.00153	0.00706	0.00457	0.00314	0.00738
5	0.09489	0.11019	0.08010	0.11630	0.20746	0.01493	0.07871	0.11556	0.09158	0.02066	0.01162	0.01364	0.00903	0.00560	0.00524	0.00170	0.00656	0.00480	0.00343	0.00802
6	0.01390	0.24950	0.09748	0.05121	0.07933	0.06193	0.01135	0.07954	0.01360	0.05053	0.01565	0.09133	0.01512	0.00835	0.00549	0.00177	0.00621	0.13691	0.00371	0.00709

[dist]
# distance from previous block
# <min> <max>
0	1

[block]
# block no. 1 follows, 42 sequences, length 24
# corresponding to MSA columns:
# 1320-1343
name=unknown_B
#
# <colnr> <probs for GDERKNQSTAVLIFYWHMCP>
#	G	D	E	R	K	N	Q	S	T	A	V	L	I	F	Y	W	H	M	C	P
0	0.06158	0.14437	0.04523	0.08224	0.12098	0.10949	0.05625	0.02002	0.06566	0.16447	0.01318	0.01457	0.00998	0.00825	0.05811	0.00214	0.00723	0.00476	0.00378	0.00771
1	0.06545	0.01200	0.01859	0.01814	0.16606	0.01225	0.17532	0.14900	0.06562	0.04449	0.01703	0.12723	0.01571	0.00830	0.00614	0.00192	0.00625	0.07863	0.00426	0.00761
2	0.06795	0.01406	0.01223	0.01108	0.01405	0.20964	0.00875	0.02231	0.21851	0.15397	0.02206	0.02582	0.08015	0.00855	0.00577	0.00184	0.00595	0.10499	0.00496	0.00736
3	0.18681	0.09154	0.01297	0.00931	0.01280	0.05551	0.02999	0.04401	0.01347	0.25062	0.02281	0.02233	0.15966	0.00985	0.05267	0.00215	0.00558	0.00600	0.00478	0.00714
4	0.01417	0.00937	0.01112	0.00913	0.01241	0.00869	0.00716	0.16541	0.01592	0.14171	0.12277	0.15842	0.06768	0.00915	0.00573	0.00160	0.00424	0.00776	0.00523	0.22233
5	0.01595	0.01943	0.19034	0.01804	0.06757	0.16500	0.21729	0.01965	0.01338	0.12020	0.01159	0.01362	0.00861	0.00593	0.00705	0.00181	0.08843	0.00508	0.00327	0.00775
6	0.01253	0.01420	0.11502	0.01056	0.01363	0.17999	0.00932	0.01495	0.01345	0.06755	0.05553	0.12344	0.16701	0.01050	0.00613	0.00185	0.00584	0.11646	0.00435	0.05769
7	0.01506	0.00918	0.01071	0.00882	0.01226	0.00855	0.00702	0.07346	0.12573	0.23750	0.06869	0.02897	0.22756	0.00892	0.00577	0.00167	0.00409	0.00736	0.00560	0.13307
8	0.00998	0.01112	0.17851	0.00907	0.01210	0.00717	0.00879	0.01288	0.01259	0.06894	0.11592	0.11207	0.17031	0.05915	0.00742	0.00209	0.00456	0.07284	0.11854	0.00595
9	0.01561	0.01527	0.01807	0.01494	0.01674	0.12187	0.06196	0.17953	0.01394	0.01879	0.00921	0.01248	0.00794	0.00825	0.01295	0.00211	0.45513	0.00490	0.00326	0.00707
10	0.12531	0.01081	0.01844	0.01463	0.01792	0.01069	0.30527	0.07726	0.01298	0.01916	0.01839	0.30587	0.01897	0.00978	0.00632	0.00200	0.00618	0.00950	0.00406	0.00643
11	0.01063	0.01000	0.01688	0.78870	0.03876	0.01250	0.01563	0.01438	0.01125	0.01438	0.01000	0.01500	0.00750	0.00563	0.00563	0.00188	0.00750	0.00500	0.00250	0.00625
12	0.00698	0.00524	0.00647	0.00716	0.00806	0.00473	0.00499	0.00834	0.01212	0.01588	0.15377	0.48640	0.22780	0.01579	0.00696	0.00210	0.00306	0.01401	0.00538	0.00473
13	0.00784	0.00678	0.01002	0.00903	0.01089	0.00609	0.10676	0.00979	0.01280	0.01655	0.15871	0.26431	0.33198	0.01348	0.00680	0.00199	0.00385	0.01208	0.00506	0.00518
14	0.00880	0.00608	0.00708	0.00696	0.00838	0.00578	0.00514	0.05527	0.01408	0.01989	0.27857	0.19423	0.18137	0.01204	0.00616	0.00181	0.00303	0.01042	0.16962	0.00529
15	0.01858	0.09189	0.12085	0.01365	0.01783	0.45132	0.01182	0.12055	0.01615	0.01758	0.00957	0.01086	0.00762	0.00567	0.00500	0.00146	0.00859	0.00382	0.00319	0.06400
16	0.00700	0.00543	0.00638	0.00674	0.00797	0.00481	0.00483	0.00853	0.01277	0.01647	0.19810	0.31268	0.35844	0.01485	0.00683	0.00201	0.00295	0.01296	0.00543	0.00481
17	0.06353	0.05447	0.01729	0.01478	0.08186	0.21476	0.01102	0.42465	0.02097	0.02680	0.01145	0.01224	0.00862	0.00619	0.00527	0.00161	0.00716	0.00449	0.00441	0.00843
18	0.01252	0.18926	0.01428	0.00990	0.01216	0.16297	0.00786	0.05842	0.01318	0.01550	0.02187	0.32350	0.06775	0.01141	0.00588	0.00184	0.00552	0.05613	0.00416	0.00591
19	0.00720	0.00504	0.00643	0.00740	0.00764	0.00480	0.00475	0.00793	0.01010	0.01347	0.02757	0.60097	0.03287	0.22114	0.01275	0.00311	0.00383	0.01397	0.00475	0.00427
20	0.00957	0.00862	0.01520	0.18609	0.01996	0.00928	0.15509	0.01253	0.01144	0.01574	0.11725	0.07497	0.01845	0.02070	0.29436	0.00456	0.00976	0.00717	0.00345	0.00582
21	0.01412	0.01209	0.01570	0.08169	0.08600	0.09840	0.11079	0.01923	0.16040	0.11043	0.04057	0.14694	0.01741	0.05164	0.00726	0.00206	0.00611	0.00756	0.00442	0.00719
22	0.17461	0.05757	0.01234	0.17352	0.09334	0.01016	0.00939	0.01321	0.01200	0.01795	0.07430	0.03064	0.18338	0.00913	0.00567	0.00188	0.00501	0.10593	0.00395	0.00600
23	0.05680	0.01726	0.01513	0.01236	0.01627	0.25434	0.00986	0.28254	0.01948	0.23922	0.01425	0.01389	0.00995	0.00645	0.00537	0.00163	0.00696	0.00470	0.00506	0.00847

[dist]
# distance from previous block
# <min> <max>
0	4

[block]
# block no. 2 follows, 42 sequences, length 31
# corresponding to MSA columns:
# 1348-1378
name=unknown_C
#
# <colnr> <probs for GDERKNQSTAVLIFYWHMCP>
#	G	D	E	R	K	N	Q	S	T	A	V	L	I	F	Y	W	H	M	C	P
0	0.05020	0.13323	0.31961	0.01347	0.01932	0.07747	0.01427	0.21877	0.04337	0.04254	0.01130	0.01220	0.00833	0.00582	0.00510	0.00165	0.00716	0.00428	0.00361	0.00832
1	0.01289	0.08801	0.12000	0.01017	0.01333	0.01085	0.00902	0.17543	0.01431	0.05500	0.01802	0.19606	0.01822	0.16560	0.01028	0.00253	0.00549	0.02961	0.00429	0.04090
2	0.00709	0.00512	0.00703	0.00807	0.00853	0.00506	0.00558	0.00827	0.01043	0.01411	0.02788	0.64568	0.03266	0.02247	0.15932	0.00362	0.00559	0.01404	0.00479	0.00466
3	0.02957	0.10481	0.07493	0.01021	0.01474	0.01107	0.00907	0.02180	0.13603	0.27757	0.01626	0.01589	0.01170	0.00746	0.03704	0.00180	0.00543	0.00477	0.00478	0.20508
4	0.01298	0.04575	0.02291	0.13300	0.30320	0.01474	0.15757	0.01607	0.01159	0.01634	0.00975	0.01372	0.00819	0.00624	0.00890	0.00192	0.20172	0.00522	0.00266	0.00753
5	0.01064	0.00817	0.01135	0.01387	0.18921	0.00761	0.00844	0.01307	0.01192	0.01805	0.01867	0.18236	0.01849	0.00894	0.00544	0.00164	0.00429	0.08231	0.21589	0.16965
6	0.00693	0.00509	0.00651	0.00746	0.00811	0.00467	0.00510	0.00814	0.01156	0.01527	0.10491	0.62077	0.14169	0.01657	0.00706	0.00218	0.00315	0.01486	0.00532	0.00467
7	0.00672	0.00567	0.00583	0.00587	0.00767	0.00477	0.00437	0.00818	0.01287	0.01551	0.08889	0.08903	0.69686	0.01428	0.00668	0.00191	0.00286	0.01199	0.00527	0.00477
8	0.01555	0.01468	0.01970	0.17283	0.41458	0.12178	0.01500	0.08795	0.01442	0.05385	0.01103	0.01380	0.00871	0.00550	0.00552	0.00168	0.00720	0.00485	0.00322	0.00816
9	0.01636	0.02400	0.38937	0.01470	0.02085	0.12965	0.01570	0.27945	0.01770	0.02352	0.01111	0.01220	0.00802	0.00592	0.00541	0.00170	0.00783	0.00440	0.00362	0.00850
10	0.01167	0.01000	0.01167	0.00834	0.01334	0.00750	0.00667	0.01417	0.01167	0.01834	0.01000	0.01167	0.00834	0.00417	0.00417	0.00083	0.00417	0.00333	0.00333	0.83663
11	0.00852	0.00588	0.00830	0.00830	0.00936	0.00668	0.00642	0.01065	0.00959	0.01462	0.01572	0.02189	0.01414	0.03519	0.62714	0.00752	0.01262	0.00588	0.16652	0.00507
12	0.00813	0.00601	0.00750	0.00803	0.00894	0.00592	0.00575	0.01093	0.08323	0.01670	0.16995	0.38746	0.06247	0.10591	0.00946	0.00254	0.00370	0.08707	0.00524	0.00506
13	0.01968	0.00950	0.01238	0.01017	0.01362	0.00932	0.00824	0.08188	0.09230	0.45396	0.01988	0.01959	0.01395	0.01538	0.18937	0.00349	0.00731	0.00577	0.00579	0.00843
14	0.00745	0.00536	0.00699	0.00747	0.00814	0.00519	0.00517	0.00883	0.01150	0.01569	0.20217	0.38035	0.06694	0.13240	0.10639	0.00345	0.00489	0.01207	0.00492	0.00464
15	0.01441	0.01276	0.01870	0.01357	0.01864	0.01167	0.20668	0.18940	0.01561	0.02232	0.01121	0.01305	0.00868	0.00494	0.00518	0.00132	0.00608	0.00463	0.00375	0.41739
16	0.02203	0.00968	0.01273	0.00961	0.01412	0.00809	0.00789	0.02428	0.01505	0.59243	0.01931	0.01738	0.01260	0.00630	0.00531	0.00153	0.00464	0.00511	0.00610	0.20580
17	0.00789	0.00549	0.00696	0.00721	0.00754	0.00569	0.00469	0.00859	0.00891	0.01214	0.01967	0.18304	0.02213	0.45356	0.21638	0.00575	0.00748	0.00917	0.00367	0.00405
18	0.01208	0.02359	0.48008	0.01908	0.02636	0.01353	0.30825	0.01790	0.01244	0.01790	0.01061	0.01319	0.00769	0.00511	0.00586	0.00183	0.00878	0.00514	0.00256	0.00803
19	0.01729	0.30389	0.15796	0.01119	0.01626	0.01511	0.01115	0.02218	0.12479	0.24474	0.01485	0.01441	0.01073	0.00599	0.00487	0.00158	0.00583	0.00452	0.00428	0.00839
20	0.02280	0.00904	0.01228	0.00960	0.01352	0.00785	0.00785	0.02505	0.01608	0.66512	0.12718	0.02239	0.01947	0.00761	0.00580	0.00175	0.00449	0.00630	0.00686	0.00897
21	0.00691	0.00571	0.00606	0.00597	0.00776	0.00486	0.00448	0.00858	0.01344	0.01665	0.19623	0.05177	0.62471	0.01371	0.00665	0.00187	0.00281	0.01154	0.00542	0.00486
22	0.11531	0.01333	0.02379	0.06486	0.35281	0.01328	0.26148	0.01777	0.01265	0.05473	0.01104	0.01407	0.00861	0.00507	0.00568	0.00177	0.00730	0.00535	0.00308	0.00802
23	0.01196	0.16733	0.64070	0.01490	0.02259	0.01471	0.01881	0.01765	0.01180	0.01701	0.00969	0.01137	0.00715	0.00525	0.00504	0.00168	0.00791	0.00395	0.00238	0.00812
24	0.00709	0.00532	0.00657	0.00710	0.00808	0.00480	0.00501	0.00860	0.01260	0.01666	0.22383	0.41790	0.22549	0.01522	0.00691	0.00206	0.00301	0.01348	0.00547	0.00480
25	0.00922	0.00509	0.00720	0.00714	0.00751	0.00493	0.00489	0.00787	0.00907	0.01210	0.12104	0.02418	0.08822	0.01790	0.01835	0.63828	0.00438	0.00631	0.00324	0.00307
26	0.01297	0.20009	0.02222	0.30717	0.31952	0.01516	0.01485	0.01610	0.01191	0.01568	0.00971	0.01316	0.00799	0.00519	0.00513	0.00164	0.00683	0.00453	0.00259	0.00753
27	0.05493	0.01551	0.16233	0.01186	0.01590	0.05419	0.01089	0.26056	0.05469	0.08308	0.01762	0.19988	0.01609	0.00899	0.00582	0.00185	0.00585	0.00742	0.00475	0.00777
28	0.01190	0.09131	0.16939	0.16895	0.02520	0.01389	0.24260	0.01578	0.01153	0.01578	0.01089	0.02821	0.00908	0.04510	0.03637	0.00230	0.08657	0.00553	0.00268	0.00695
29	0.19995	0.21940	0.05101	0.19534	0.02073	0.06314	0.04122	0.03711	0.04979	0.05929	0.01035	0.01220	0.00802	0.00549	0.00462	0.00163	0.00636	0.00410	0.00322	0.00703
30	0.10868	0.01524	0.12144	0.01189	0.01657	0.01383	0.01080	0.31295	0.12104	0.17472	0.01609	0.01558	0.02247	0.00667	0.00539	0.00175	0.00573	0.00512	0.00521	0.00885

[dist]
# distance from previous block
# <min> <max>
0	10

[block]
# block no. 3 follows, 42 sequences, length 41
# corresponding to MSA columns:
# 1390-1430
name=unknown_D
#
# <colnr> <probs for GDERKNQSTAVLIFYWHMCP>
#	G	D	E	R	K	N	Q	S	T	A	V	L	I	F	Y	W	H	M	C	P
0	0.01417	0.24228	0.05692	0.01083	0.01460	0.01377	0.05397	0.16261	0.01534	0.06202	0.11151	0.14565	0.01906	0.00830	0.00541	0.00164	0.00534	0.00693	0.00433	0.04533
1	0.14674	0.00831	0.01011	0.00889	0.01133	0.00824	0.07361	0.08637	0.01365	0.01973	0.10149	0.17309	0.29438	0.01148	0.00612	0.00191	0.00411	0.00983	0.00485	0.00575
2	0.01197	0.21946	0.13317	0.00957	0.01371	0.01159	0.00906	0.01436	0.01123	0.04758	0.01375	0.11624	0.01350	0.11726	0.00806	0.00195	0.00538	0.00578	0.00335	0.23300
3	0.01802	0.01260	0.01273	0.01007	0.01407	0.11638	0.00804	0.12845	0.03394	0.22448	0.01489	0.01502	0.01078	0.00589	0.00493	0.00137	0.00530	0.00455	0.09692	0.26158
4	0.01318	0.00951	0.01144	0.00844	0.01297	0.00738	0.00675	0.01565	0.01272	0.12335	0.08891	0.01582	0.01370	0.00531	0.00463	0.00106	0.00410	0.00436	0.00413	0.63660
5	0.01251	0.01192	0.02028	0.35914	0.45363	0.01300	0.01656	0.01603	0.01214	0.01666	0.01033	0.01439	0.00831	0.00528	0.00560	0.00176	0.00704	0.00501	0.00266	0.00777
6	0.00724	0.00552	0.00665	0.00680	0.00807	0.00493	0.00493	0.00905	0.01357	0.01798	0.33778	0.23670	0.29242	0.01399	0.00678	0.00194	0.00288	0.01222	0.00562	0.00493
7	0.84197	0.01088	0.00827	0.00740	0.01088	0.01262	0.00609	0.01654	0.00958	0.02525	0.00784	0.00914	0.00609	0.00522	0.00348	0.00174	0.00435	0.00305	0.00348	0.00609
8	0.00707	0.00560	0.00590	0.00595	0.00730	0.00493	0.00414	0.00817	0.01170	0.01435	0.06792	0.08599	0.52784	0.20449	0.01198	0.00277	0.00349	0.01114	0.00482	0.00444
9	0.01228	0.00855	0.00854	0.00800	0.00991	0.04506	0.00607	0.10675	0.12511	0.02173	0.02006	0.14782	0.01765	0.00853	0.00500	0.00162	0.00381	0.00709	0.43014	0.00628
10	0.84197	0.01088	0.00827	0.00740	0.01088	0.01262	0.00609	0.01654	0.00958	0.02525	0.00784	0.00914	0.00609	0.00522	0.00348	0.00174	0.00435	0.00305	0.00348	0.00609
11	0.00978	0.00489	0.00733	0.00733	0.00733	0.00489	0.00489	0.00733	0.00733	0.00978	0.00978	0.01711	0.00978	0.01955	0.02199	0.83627	0.00489	0.00489	0.00244	0.00244
12	0.00718	0.00503	0.00644	0.00743	0.00767	0.00478	0.00479	0.00792	0.01015	0.01353	0.02781	0.61473	0.03318	0.20697	0.01236	0.00305	0.00379	0.01411	0.00479	0.00429
13	0.84197	0.01088	0.00827	0.00740	0.01088	0.01262	0.00609	0.01654	0.00958	0.02525	0.00784	0.00914	0.00609	0.00522	0.00348	0.00174	0.00435	0.00305	0.00348	0.00609
14	0.01095	0.01052	0.01772	0.66145	0.03552	0.01314	0.05097	0.01446	0.01105	0.01446	0.00977	0.01470	0.00754	0.00607	0.00717	0.00194	0.09868	0.00507	0.00251	0.00631
15	0.01420	0.14559	0.01905	0.01388	0.01515	0.14419	0.01163	0.01557	0.01030	0.01353	0.00768	0.01141	0.00734	0.00835	0.01380	0.00209	0.53293	0.00439	0.00253	0.00639
16	0.01231	0.01231	0.01724	0.01477	0.01477	0.01724	0.01231	0.01354	0.00862	0.01354	0.00739	0.01231	0.00739	0.00985	0.01847	0.00246	0.79192	0.00492	0.00246	0.00616
17	0.00770	0.00555	0.00728	0.00726	0.00835	0.00513	0.00529	0.00995	0.01469	0.02059	0.58723	0.22460	0.04927	0.01298	0.00677	0.00189	0.00280	0.01158	0.00596	0.00513
18	0.01400	0.01209	0.01273	0.01145	0.01463	0.01400	0.00891	0.02990	0.75695	0.02354	0.02291	0.02100	0.01718	0.00764	0.00573	0.00191	0.00445	0.00636	0.00573	0.00891
19	0.01167	0.01000	0.01167	0.00834	0.01334	0.00750	0.00667	0.01417	0.01167	0.01834	0.01000	0.01167	0.00834	0.00417	0.00417	0.00083	0.00417	0.00333	0.00333	0.83663
20	0.04141	0.01004	0.01656	0.75977	0.03773	0.01251	0.01528	0.01446	0.01119	0.01478	0.00992	0.01479	0.00745	0.00561	0.00555	0.00187	0.00739	0.00493	0.00254	0.00625
21	0.84197	0.01088	0.00827	0.00740	0.01088	0.01262	0.00609	0.01654	0.00958	0.02525	0.00784	0.00914	0.00609	0.00522	0.00348	0.00174	0.00435	0.00305	0.00348	0.00609
22	0.00686	0.00490	0.00653	0.00784	0.00816	0.00457	0.00522	0.00784	0.01077	0.01437	0.03102	0.79855	0.03722	0.01763	0.00718	0.00229	0.00326	0.01600	0.00522	0.00457
23	0.01608	0.01611	0.02056	0.01608	0.02017	0.15887	0.26148	0.14199	0.19533	0.02162	0.01445	0.01572	0.01092	0.00609	0.00579	0.00174	0.00742	0.00566	0.05604	0.00789
24	0.02232	0.01427	0.01596	0.01224	0.01671	0.01524	0.01011	0.57438	0.02396	0.21297	0.01561	0.01487	0.01062	0.00681	0.00564	0.00170	0.00585	0.00521	0.00595	0.00957
25	0.08964	0.01637	0.01540	0.05036	0.01744	0.14577	0.01028	0.45186	0.07509	0.02861	0.03603	0.01407	0.01068	0.00662	0.00539	0.00168	0.00654	0.00490	0.00485	0.00841
26	0.01259	0.01236	0.01271	0.05221	0.10208	0.19415	0.01078	0.01505	0.01358	0.01616	0.02151	0.04249	0.02238	0.01149	0.00676	0.00217	0.00667	0.43465	0.00422	0.00599
27	0.00701	0.00568	0.00622	0.00616	0.00784	0.00489	0.00459	0.00875	0.01357	0.01714	0.24494	0.08345	0.54274	0.01367	0.00667	0.00188	0.00282	0.01160	0.00548	0.00489
28	0.02102	0.02682	0.01595	0.01450	0.01740	0.77963	0.01087	0.02247	0.01595	0.01377	0.00870	0.01015	0.00725	0.00580	0.00507	0.00145	0.01015	0.00362	0.00290	0.00652
29	0.01350	0.01240	0.01923	0.15190	0.34564	0.01366	0.04880	0.01957	0.17992	0.03832	0.01329	0.01574	0.01050	0.00623	0.00697	0.00185	0.08546	0.00540	0.00348	0.00815
30	0.00744	0.00532	0.00720	0.00851	0.00909	0.00508	0.00624	0.00885	0.01135	0.01502	0.03069	0.60344	0.03594	0.01708	0.00734	0.00237	0.00377	0.20531	0.00521	0.00473
31	0.00899	0.00671	0.00831	0.00767	0.00930	0.00656	0.00582	0.03967	0.08536	0.02295	0.64955	0.03932	0.06593	0.01104	0.00652	0.00178	0.00296	0.00967	0.00611	0.00579
32	0.01925	0.00782	0.00988	0.00808	0.01119	0.00704	0.00651	0.02161	0.01436	0.46627	0.02064	0.01990	0.01413	0.00680	0.00496	0.00157	0.00391	0.00549	0.34278	0.00782
33	0.00779	0.00575	0.00728	0.00690	0.00830	0.00524	0.00517	0.01028	0.01552	0.02159	0.67009	0.04365	0.14777	0.01187	0.00664	0.00179	0.00268	0.01040	0.00607	0.00524
34	0.01129	0.02911	0.77306	0.01604	0.02436	0.01307	0.02079	0.01782	0.01188	0.01782	0.01010	0.01188	0.00713	0.00535	0.00535	0.00178	0.00832	0.00416	0.00238	0.00832
35	0.84197	0.01088	0.00827	0.00740	0.01088	0.01262	0.00609	0.01654	0.00958	0.02525	0.00784	0.00914	0.00609	0.00522	0.00348	0.00174	0.00435	0.00305	0.00348	0.00609
36	0.00765	0.00574	0.00708	0.00675	0.00821	0.00518	0.00506	0.01001	0.01518	0.02079	0.59350	0.04496	0.22486	0.01217	0.00664	0.00180	0.00270	0.01059	0.00596	0.00518
37	0.00755	0.00574	0.00695	0.00665	0.00815	0.00513	0.00499	0.00982	0.01496	0.02026	0.54227	0.04584	0.27642	0.01237	0.00664	0.00181	0.00272	0.01071	0.00589	0.00513
38	0.02111	0.02415	0.01617	0.01412	0.01741	0.59570	0.01083	0.19764	0.01848	0.01901	0.00986	0.01096	0.00781	0.00603	0.00521	0.00151	0.00919	0.00397	0.00356	0.00726
39	0.01323	0.01325	0.02436	0.15635	0.46893	0.01344	0.19302	0.01698	0.01267	0.01764	0.01068	0.01441	0.00859	0.00505	0.00584	0.00176	0.00750	0.00540	0.00275	0.00816
40	0.01049	0.00525	0.00525	0.00525	0.00656	0.00525	0.00393	0.01311	0.01180	0.02098	0.01836	0.02098	0.01442	0.00656	0.00393	0.00131	0.00262	0.00525	0.83346	0.00525

[dist]
# distance from previous block
# <min> <max>
0	6

[block]
# block no. 4 follows, 42 sequences, length 17
# corresponding to MSA columns:
# 1437-1445,1447-1454
name=unknown_E
#
# <colnr> <probs for GDERKNQSTAVLIFYWHMCP>
#	G	D	E	R	K	N	Q	S	T	A	V	L	I	F	Y	W	H	M	C	P
0	0.01968	0.01491	0.01592	0.01260	0.01680	0.01665	0.01028	0.58191	0.19569	0.03270	0.01569	0.01525	0.01133	0.00696	0.00565	0.00174	0.00579	0.00537	0.00565	0.00942
1	0.13869	0.01016	0.01072	0.00931	0.01248	0.01079	0.00738	0.08248	0.27207	0.14183	0.06324	0.02633	0.17410	0.00868	0.00561	0.00183	0.00421	0.00700	0.00550	0.00759
2	0.00788	0.00575	0.00741	0.00699	0.00836	0.00527	0.00524	0.01046	0.01573	0.02210	0.71921	0.04281	0.09833	0.01168	0.00664	0.00178	0.00267	0.01029	0.00613	0.00527
3	0.01244	0.01249	0.02416	0.13900	0.10522	0.01265	0.38122	0.05298	0.01287	0.01766	0.01197	0.01620	0.00951	0.01111	0.13112	0.00300	0.00945	0.00600	0.02380	0.00715
4	0.01167	0.01000	0.01167	0.00834	0.01334	0.00750	0.00667	0.01417	0.01167	0.01834	0.01000	0.01167	0.00834	0.00417	0.00417	0.00083	0.00417	0.00333	0.00333	0.83663
5	0.01369	0.01313	0.02241	0.08936	0.71418	0.01331	0.01715	0.01706	0.01270	0.01809	0.01054	0.01401	0.00881	0.00506	0.00558	0.00169	0.00674	0.00501	0.00276	0.00872
6	0.00686	0.00490	0.00653	0.00784	0.00816	0.00457	0.00522	0.00784	0.01077	0.01437	0.03102	0.79855	0.03722	0.01763	0.00718	0.00229	0.00326	0.01600	0.00522	0.00457
7	0.01351	0.00945	0.01079	0.00914	0.01170	0.00987	0.00721	0.25126	0.06596	0.04974	0.36589	0.02835	0.03110	0.00902	0.00591	0.00170	0.00398	0.00758	0.10079	0.00704
8	0.01289	0.01327	0.02514	0.20281	0.22243	0.01359	0.33050	0.01790	0.07012	0.01770	0.01175	0.01526	0.00906	0.00524	0.00606	0.00183	0.00791	0.00582	0.00297	0.00773
9	0.02229	0.01433	0.01600	0.01227	0.01674	0.01533	0.01013	0.58134	0.02406	0.20587	0.01552	0.01482	0.01058	0.00680	0.00564	0.00170	0.00587	0.00520	0.00594	0.00957
10	0.00790	0.00575	0.00743	0.00701	0.00837	0.00528	0.00526	0.01050	0.01578	0.02221	0.73015	0.04262	0.08732	0.01164	0.00664	0.00178	0.00266	0.01026	0.00615	0.00528
11	0.00888	0.00727	0.01066	0.01017	0.01098	0.00904	0.00807	0.01074	0.00896	0.01316	0.01356	0.02018	0.01275	0.03584	0.63013	0.00775	0.16789	0.00581	0.00291	0.00525
12	0.00735	0.00573	0.00667	0.00644	0.00803	0.00505	0.00483	0.00943	0.01448	0.01912	0.43353	0.04770	0.38587	0.01279	0.00664	0.00183	0.00275	0.01097	0.00574	0.00505
13	0.49041	0.01427	0.01185	0.00996	0.01369	0.10394	0.00809	0.24505	0.01558	0.02709	0.00970	0.01062	0.00731	0.00577	0.00434	0.00169	0.00560	0.00374	0.00408	0.00723
14	0.01175	0.02618	0.62642	0.01870	0.10403	0.01321	0.08579	0.01778	0.01211	0.01790	0.01027	0.01240	0.00745	0.00526	0.00549	0.00178	0.00825	0.00447	0.00246	0.00832
15	0.10370	0.04965	0.03300	0.00938	0.01315	0.00971	0.00788	0.08339	0.03548	0.20240	0.04909	0.07769	0.04718	0.00792	0.00534	0.00163	0.00463	0.06104	0.00491	0.19285
16	0.01257	0.00925	0.01394	0.01147	0.01395	0.00934	0.12471	0.08023	0.01470	0.12220	0.22981	0.13968	0.08886	0.01032	0.00776	0.00194	0.08863	0.00897	0.00510	0.00657

[dist]
# distance from previous block
# <min> <max>
2	47

[block]
# block no. 5 follows, 42 sequences, length 38
# corresponding to MSA columns:
# 1502-1539
name=unknown_F
#
# <colnr> <probs for GDERKNQSTAVLIFYWHMCP>
#	G	D	E	R	K	N	Q	S	T	A	V	L	I	F	Y	W	H	M	C	P
0	0.13439	0.04468	0.09211	0.16278	0.08885	0.21915	0.01220	0.01696	0.01213	0.01626	0.01038	0.04822	0.00917	0.03882	0.00710	0.00190	0.07059	0.00481	0.00292	0.00659
1	0.08550	0.05151	0.17273	0.01164	0.01651	0.02973	0.01110	0.20908	0.05589	0.13211	0.01453	0.06724	0.01140	0.00675	0.00524	0.00165	0.00584	0.00529	0.00448	0.10178
2	0.01482	0.16431	0.10537	0.04313	0.06077	0.12569	0.14186	0.11525	0.02722	0.01943	0.11448	0.01644	0.01436	0.00627	0.00546	0.00163	0.00711	0.00537	0.00359	0.00744
3	0.08215	0.02397	0.51752	0.01729	0.02452	0.01333	0.20672	0.01777	0.01205	0.01850	0.01024	0.01250	0.00740	0.00518	0.00552	0.00181	0.00828	0.00470	0.00259	0.00794
4	0.01441	0.01219	0.01918	0.16541	0.44079	0.01283	0.01476	0.01977	0.13452	0.08951	0.01359	0.01577	0.01048	0.00574	0.00561	0.00175	0.00629	0.00529	0.00361	0.00849
5	0.01287	0.01115	0.01533	0.01274	0.01572	0.01207	0.14205	0.08896	0.33372	0.02040	0.01855	0.02319	0.01557	0.12645	0.09663	0.00323	0.00690	0.03257	0.00453	0.00736
6	0.00796	0.00575	0.00752	0.00708	0.00841	0.00531	0.00531	0.01062	0.01593	0.02257	0.76415	0.04204	0.05310	0.01150	0.00664	0.00177	0.00265	0.01018	0.00619	0.00531
7	0.01060	0.01451	0.20936	0.01316	0.01564	0.01270	0.01271	0.01346	0.00960	0.01448	0.01069	0.01552	0.00959	0.01966	0.27318	0.00452	0.32655	0.00510	0.00263	0.00633
8	0.00735	0.00543	0.00687	0.00714	0.00819	0.00495	0.00511	0.00920	0.01356	0.01841	0.38489	0.31903	0.16076	0.01417	0.00684	0.00198	0.00291	0.01256	0.00569	0.00495
9	0.01063	0.01000	0.01688	0.78870	0.03876	0.01250	0.01563	0.01438	0.01125	0.01438	0.01000	0.01500	0.00750	0.00563	0.00563	0.00188	0.00750	0.00500	0.00250	0.00625
10	0.13603	0.05783	0.05748	0.01060	0.01514	0.10478	0.04228	0.01910	0.04229	0.15535	0.01220	0.01287	0.00912	0.00530	0.00466	0.00137	0.00564	0.00405	0.00393	0.29999
11	0.01156	0.01107	0.01522	0.01321	0.01321	0.01510	0.01070	0.01257	0.00854	0.01307	0.00927	0.01676	0.00976	0.15375	0.02032	0.00301	0.64910	0.00552	0.00263	0.00566
12	0.00871	0.00705	0.01106	0.21008	0.01745	0.00844	0.00925	0.01117	0.00961	0.01340	0.01377	0.02028	0.01238	0.03277	0.58026	0.00720	0.01312	0.00576	0.00288	0.00534
13	0.01505	0.80561	0.02949	0.00963	0.01444	0.02227	0.00963	0.01685	0.01143	0.01324	0.00782	0.00903	0.00722	0.00481	0.00361	0.00120	0.00602	0.00301	0.00241	0.00722
14	0.00696	0.00543	0.00632	0.00670	0.00794	0.00479	0.00480	0.00845	0.01267	0.01625	0.17634	0.31218	0.38122	0.01493	0.00683	0.00201	0.00296	0.01301	0.00540	0.00479
15	0.01694	0.01299	0.01397	0.01179	0.01544	0.01461	0.00939	0.24028	0.49156	0.07881	0.02010	0.01868	0.01472	0.00733	0.00569	0.00183	0.00499	0.00593	0.00578	0.00915
16	0.01496	0.45780	0.02078	0.00938	0.01295	0.15542	0.00839	0.01691	0.01235	0.01533	0.01070	0.01231	0.00908	0.00544	0.00396	0.00128	0.00589	0.00370	0.21679	0.00659
17	0.00748	0.00516	0.00634	0.00703	0.00721	0.00499	0.00437	0.00800	0.00955	0.01273	0.02474	0.43848	0.02930	0.38851	0.01733	0.00378	0.00430	0.01230	0.00437	0.00402
18	0.04709	0.38039	0.01885	0.00927	0.01266	0.08273	0.00801	0.01703	0.12261	0.01533	0.01840	0.02059	0.12003	0.09668	0.00731	0.00193	0.00556	0.00543	0.00351	0.00658
19	0.01363	0.01306	0.02230	0.10347	0.70055	0.01329	0.01712	0.01701	0.01267	0.01802	0.01053	0.01403	0.00879	0.00507	0.00558	0.00169	0.00676	0.00501	0.00276	0.00867
20	0.01446	0.36081	0.02009	0.01065	0.01455	0.01763	0.00922	0.02417	0.42933	0.01901	0.01628	0.01574	0.01280	0.00640	0.00480	0.00160	0.00514	0.00489	0.00427	0.00817
21	0.01413	0.00846	0.01221	0.25077	0.04676	0.00859	0.00958	0.01649	0.01302	0.25507	0.02591	0.09311	0.17202	0.04043	0.00690	0.00201	0.00518	0.00773	0.00477	0.00683
22	0.01099	0.00972	0.01581	0.16080	0.32120	0.01035	0.01264	0.01385	0.01172	0.01630	0.06076	0.02335	0.01526	0.05321	0.16885	0.00353	0.00813	0.07350	0.00325	0.00677
23	0.01303	0.59935	0.02356	0.00877	0.01277	0.01781	0.00837	0.01488	0.01214	0.01458	0.10029	0.01930	0.12227	0.00694	0.00439	0.00137	0.00518	0.00510	0.00324	0.00665
24	0.01741	0.01602	0.01968	0.01543	0.01964	0.12882	0.19992	0.22901	0.21790	0.05447	0.01513	0.01569	0.01119	0.00634	0.00584	0.00177	0.00711	0.00563	0.00459	0.00843
25	0.40716	0.01303	0.01541	0.01215	0.01627	0.01428	0.14202	0.20669	0.08025	0.02642	0.01127	0.01241	0.00841	0.00574	0.00481	0.00177	0.00577	0.00451	0.00412	0.00751
26	0.22602	0.01041	0.01205	0.22962	0.01969	0.04177	0.00953	0.04391	0.01194	0.04072	0.01331	0.08009	0.01213	0.00719	0.00510	0.00172	0.00552	0.06866	0.00363	0.15702
27	0.01057	0.00890	0.01039	0.00786	0.01197	0.00687	0.00620	0.01297	0.01242	0.01860	0.12468	0.02087	0.10018	0.00637	0.00481	0.00109	0.00380	0.00529	0.00396	0.62220
28	0.01167	0.01000	0.01167	0.00834	0.01334	0.00750	0.00667	0.01417	0.01167	0.01834	0.01000	0.01167	0.00834	0.00417	0.00417	0.00083	0.00417	0.00333	0.00333	0.83663
29	0.01566	0.01454	0.15205	0.01383	0.10083	0.01125	0.01141	0.18235	0.01641	0.13837	0.11030	0.01746	0.01511	0.00644	0.00542	0.00155	0.00556	0.00531	0.00454	0.17161
30	0.01433	0.01561	0.20963	0.15320	0.02101	0.01222	0.01290	0.20742	0.03323	0.08350	0.16075	0.01960	0.01766	0.00716	0.00576	0.00177	0.00613	0.00590	0.00444	0.00779
31	0.01505	0.80561	0.02949	0.00963	0.01444	0.02227	0.00963	0.01685	0.01143	0.01324	0.00782	0.00903	0.00722	0.00481	0.00361	0.00120	0.00602	0.00301	0.00241	0.00722
32	0.13318	0.01078	0.01177	0.00872	0.01345	0.00937	0.00704	0.09735	0.01303	0.02127	0.01008	0.01151	0.00815	0.00461	0.00423	0.00106	0.00442	0.00349	0.00361	0.62286
33	0.01170	0.03590	0.27598	0.01544	0.02043	0.01263	0.18445	0.01831	0.14697	0.01785	0.01455	0.06922	0.01214	0.01079	0.09373	0.00270	0.04015	0.00616	0.00337	0.00751
34	0.84197	0.01088	0.00827	0.00740	0.01088	0.01262	0.00609	0.01654	0.00958	0.02525	0.00784	0.00914	0.00609	0.00522	0.00348	0.00174	0.00435	0.00305	0.00348	0.00609
35	0.01410	0.01616	0.06900	0.08502	0.32548	0.20932	0.01355	0.01689	0.01341	0.01665	0.06303	0.10451	0.01446	0.00717	0.00569	0.00172	0.00709	0.00620	0.00327	0.00730
36	0.00956	0.00847	0.01258	0.15566	0.20930	0.00851	0.00993	0.01219	0.01327	0.01762	0.20392	0.03380	0.26388	0.00965	0.00618	0.00181	0.00464	0.00846	0.00433	0.00623
37	0.00843	0.00609	0.00820	0.00876	0.01005	0.00586	0.00721	0.01092	0.01402	0.01890	0.31859	0.08781	0.07339	0.01400	0.00725	0.00222	0.00400	0.38354	0.00558	0.00519

[dist]
# distance from previous block
# <min> <max>
0	1

[block]
# block no. 6 follows, 42 sequences, length 62
# corresponding to MSA columns:
# 1541-1602
name=unknown_G
#
# <colnr> <probs for GDERKNQSTAVLIFYWHMCP>
#	G	D	E	R	K	N	Q	S	T	A	V	L	I	F	Y	W	H	M	C	P
0	0.01104	0.01451	0.18486	0.55625	0.09477	0.01270	0.01691	0.01538	0.01152	0.01547	0.01007	0.01422	0.00753	0.00551	0.00556	0.00184	0.00762	0.00482	0.00250	0.00693
1	0.01174	0.01200	0.02144	0.01663	0.01919	0.01340	0.30287	0.01468	0.01209	0.01733	0.17660	0.02004	0.01797	0.00819	0.01114	0.00208	0.30586	0.00677	0.00344	0.00654
2	0.01129	0.02911	0.77306	0.01604	0.02436	0.01307	0.02079	0.01782	0.01188	0.01782	0.01010	0.01188	0.00713	0.00535	0.00535	0.00178	0.00832	0.00416	0.00238	0.00832
3	0.00680	0.00559	0.00599	0.00614	0.00776	0.00477	0.00451	0.00827	0.01280	0.01574	0.11677	0.16417	0.59218	0.01451	0.00673	0.00195	0.00289	0.01234	0.00531	0.00477
4	0.84197	0.01088	0.00827	0.00740	0.01088	0.01262	0.00609	0.01654	0.00958	0.02525	0.00784	0.00914	0.00609	0.00522	0.00348	0.00174	0.00435	0.00305	0.00348	0.00609
5	0.00704	0.00505	0.00681	0.00792	0.00831	0.00488	0.00537	0.00810	0.01049	0.01410	0.02873	0.68317	0.03398	0.04725	0.09686	0.00317	0.00470	0.01458	0.00491	0.00458
6	0.01421	0.00883	0.00922	0.00787	0.01027	0.00941	0.00624	0.26381	0.01680	0.02592	0.01671	0.01843	0.01277	0.00662	0.00451	0.00144	0.00384	0.00518	0.55119	0.00672
7	0.01390	0.01307	0.01764	0.13668	0.32774	0.08171	0.01341	0.08558	0.09346	0.01872	0.01259	0.01569	0.01027	0.01117	0.12113	0.00281	0.00809	0.00519	0.00337	0.00778
8	0.00807	0.00589	0.00835	0.00835	0.00911	0.00666	0.00617	0.00960	0.00884	0.01255	0.01571	0.02563	0.01560	0.22404	0.60018	0.00819	0.01277	0.00654	0.00311	0.00464
9	0.01341	0.01284	0.02190	0.15409	0.65166	0.01323	0.01701	0.01681	0.01257	0.01775	0.01049	0.01410	0.00869	0.00511	0.00558	0.00170	0.00682	0.00501	0.00274	0.00849
10	0.01971	0.19886	0.01899	0.01335	0.01675	0.57998	0.01059	0.05160	0.01539	0.01456	0.00871	0.01004	0.00734	0.00562	0.00477	0.00141	0.00907	0.00355	0.00290	0.00681
11	0.01209	0.01121	0.01339	0.01192	0.01319	0.06834	0.00956	0.05498	0.10736	0.01696	0.09883	0.01919	0.01568	0.01733	0.20303	0.00383	0.30720	0.00590	0.00365	0.00634
12	0.01328	0.01518	0.03321	0.02372	0.02941	0.01423	0.74668	0.01803	0.01328	0.01803	0.01139	0.01518	0.00854	0.00474	0.00664	0.00190	0.00949	0.00664	0.00285	0.00759
13	0.01346	0.01250	0.01901	0.14040	0.43992	0.01342	0.01460	0.02051	0.22865	0.01928	0.01408	0.01614	0.01110	0.00587	0.00562	0.00177	0.00616	0.00540	0.00360	0.00851
14	0.00822	0.00557	0.00660	0.00689	0.00711	0.00554	0.00438	0.00868	0.00908	0.01205	0.02049	0.09616	0.02345	0.62812	0.02398	0.00480	0.00526	0.11606	0.00381	0.00376
15	0.00924	0.00709	0.00841	0.00790	0.00948	0.00721	0.00584	0.01441	0.17887	0.02085	0.46010	0.06022	0.06982	0.10496	0.00907	0.00226	0.00341	0.00934	0.00569	0.00584
16	0.00687	0.00543	0.00620	0.00660	0.00789	0.00475	0.00472	0.00829	0.01247	0.01576	0.12942	0.31006	0.43141	0.01510	0.00683	0.00202	0.00297	0.01311	0.00534	0.00475
17	0.01328	0.01518	0.03321	0.02372	0.02941	0.01423	0.74668	0.01803	0.01328	0.01803	0.01139	0.01518	0.00854	0.00474	0.00664	0.00190	0.00949	0.00664	0.00285	0.00759
18	0.01129	0.02911	0.77306	0.01604	0.02436	0.01307	0.02079	0.01782	0.01188	0.01782	0.01010	0.01188	0.00713	0.00535	0.00535	0.00178	0.00832	0.00416	0.00238	0.00832
19	0.01453	0.01002	0.01142	0.01038	0.01315	0.01083	0.00797	0.02455	0.45220	0.16222	0.02457	0.19288	0.02101	0.00972	0.00604	0.00196	0.00425	0.00836	0.00585	0.00807
20	0.01167	0.01000	0.01167	0.00834	0.01334	0.00750	0.00667	0.01417	0.01167	0.01834	0.01000	0.01167	0.00834	0.00417	0.00417	0.00083	0.00417	0.00333	0.00333	0.83663
21	0.01129	0.02911	0.77306	0.01604	0.02436	0.01307	0.02079	0.01782	0.01188	0.01782	0.01010	0.01188	0.00713	0.00535	0.00535	0.00178	0.00832	0.00416	0.00238	0.00832
22	0.01357	0.51016	0.02246	0.01006	0.01386	0.01754	0.00940	0.01765	0.12304	0.01558	0.01494	0.02288	0.01428	0.00761	0.00485	0.00162	0.00560	0.16437	0.00352	0.00702
23	0.02013	0.01032	0.01242	0.00982	0.01367	0.00987	0.00802	0.21030	0.01807	0.41265	0.02766	0.02544	0.17913	0.00853	0.00587	0.00176	0.00472	0.00688	0.00623	0.00851
24	0.01266	0.01041	0.01212	0.00942	0.03319	0.00875	0.00717	0.10841	0.01328	0.01986	0.01119	0.01431	0.00964	0.07874	0.00667	0.00140	0.00462	0.00405	0.00362	0.63050
25	0.01334	0.01092	0.01172	0.01069	0.01358	0.01230	0.00825	0.02638	0.61004	0.05345	0.02584	0.09307	0.06783	0.00894	0.00592	0.00194	0.00426	0.00756	0.00570	0.00827
26	0.84197	0.01088	0.00827	0.00740	0.01088	0.01262	0.00609	0.01654	0.00958	0.02525	0.00784	0.00914	0.00609	0.00522	0.00348	0.00174	0.00435	0.00305	0.00348	0.00609
27	0.01328	0.01518	0.03321	0.02372	0.02941	0.01423	0.74668	0.01803	0.01328	0.01803	0.01139	0.01518	0.00854	0.00474	0.00664	0.00190	0.00949	0.00664	0.00285	0.00759
28	0.00825	0.00589	0.00813	0.00943	0.01036	0.00577	0.00764	0.01024	0.01215	0.01592	0.03025	0.33601	0.03418	0.01632	0.00755	0.00248	0.00447	0.46480	0.00520	0.00496
29	0.01167	0.01000	0.01167	0.00834	0.01334	0.00750	0.00667	0.01417	0.01167	0.01834	0.01000	0.01167	0.00834	0.00417	0.00417	0.00083	0.00417	0.00333	0.00333	0.83663
30	0.01063	0.01000	0.01688	0.78870	0.03876	0.01250	0.01563	0.01438	0.01125	0.01438	0.01000	0.01500	0.00750	0.00563	0.00563	0.00188	0.00750	0.00500	0.00250	0.00625
31	0.01211	0.00808	0.01040	0.00939	0.01091	0.00888	0.00715	0.19776	0.01284	0.01754	0.01266	0.01801	0.01128	0.02452	0.29342	0.32211	0.00893	0.00535	0.00347	0.00520
32	0.00777	0.00574	0.00725	0.00687	0.00829	0.00523	0.00516	0.01024	0.01547	0.02147	0.65891	0.04384	0.15902	0.01191	0.00664	0.00179	0.00268	0.01043	0.00605	0.00523
33	0.01421	0.02570	0.55346	0.01521	0.02235	0.04623	0.01787	0.19957	0.01567	0.02204	0.01089	0.01221	0.00774	0.00572	0.00541	0.00175	0.00787	0.00436	0.00321	0.00855
34	0.00777	0.00574	0.00725	0.00687	0.00829	0.00523	0.00516	0.01024	0.01547	0.02147	0.65891	0.04384	0.15902	0.01191	0.00664	0.00179	0.00268	0.01043	0.00605	0.00523
35	0.00675	0.00558	0.00592	0.00609	0.00773	0.00475	0.00447	0.00818	0.01269	0.01548	0.09152	0.16460	0.61760	0.01461	0.00673	0.00195	0.00290	0.01240	0.00528	0.00475
36	0.01106	0.00644	0.00852	0.00761	0.00948	0.00584	0.00584	0.01363	0.01596	0.15680	0.63108	0.03793	0.04607	0.01069	0.00646	0.00176	0.00304	0.00937	0.00633	0.00608
37	0.01178	0.02565	0.58919	0.01795	0.02561	0.01336	0.20119	0.01787	0.01223	0.01787	0.01042	0.01270	0.00748	0.00520	0.00567	0.00181	0.00861	0.00478	0.00249	0.00814
38	0.01473	0.65713	0.13990	0.01079	0.01605	0.05259	0.01135	0.01723	0.01169	0.01395	0.00820	0.00950	0.00721	0.00494	0.00393	0.00130	0.00653	0.00321	0.00242	0.00736
39	0.01505	0.80561	0.02949	0.00963	0.01444	0.02227	0.00963	0.01685	0.01143	0.01324	0.00782	0.00903	0.00722	0.00481	0.00361	0.00120	0.00602	0.00301	0.00241	0.00722
40	0.00686	0.00490	0.00653	0.00784	0.00816	0.00457	0.00522	0.00784	0.01077	0.01437	0.03102	0.79855	0.03722	0.01763	0.00718	0.00229	0.00326	0.01600	0.00522	0.00457
41	0.00993	0.00536	0.00575	0.00565	0.00697	0.00526	0.00424	0.01256	0.01272	0.02133	0.18356	0.02564	0.02299	0.00765	0.00453	0.00141	0.00263	0.00634	0.65022	0.00526
42	0.01595	0.40748	0.19026	0.01246	0.01750	0.24014	0.01246	0.01870	0.01284	0.01441	0.00858	0.00999	0.00721	0.00522	0.00442	0.00140	0.00773	0.00344	0.00254	0.00726
43	0.00947	0.00818	0.01070	0.08423	0.12249	0.00823	0.00815	0.01382	0.12411	0.01847	0.19796	0.03700	0.31436	0.01050	0.00626	0.00184	0.00404	0.00904	0.00491	0.00624
44	0.00772	0.00574	0.00718	0.00682	0.00826	0.00520	0.00512	0.01014	0.01535	0.02118	0.63133	0.04431	0.18678	0.01202	0.00664	0.00179	0.00269	0.01050	0.00601	0.00520
45	0.01387	0.01354	0.02381	0.03354	0.69851	0.01345	0.08511	0.01734	0.01286	0.01835	0.01066	0.01404	0.00888	0.00499	0.00567	0.00169	0.00695	0.00517	0.00279	0.00879
46	0.01075	0.00630	0.00667	0.00593	0.00806	0.00575	0.00454	0.01335	0.01177	0.02040	0.01651	0.01892	0.01308	0.00603	0.00399	0.00121	0.00296	0.00482	0.64959	0.18940
47	0.84197	0.01088	0.00827	0.00740	0.01088	0.01262	0.00609	0.01654	0.00958	0.02525	0.00784	0.00914	0.00609	0.00522	0.00348	0.00174	0.00435	0.00305	0.00348	0.00609
48	0.01505	0.80561	0.02949	0.00963	0.01444	0.02227	0.00963	0.01685	0.01143	0.01324	0.00782	0.00903	0.00722	0.00481	0.00361	0.00120	0.00602	0.00301	0.00241	0.00722
49	0.01063	0.01000	0.01688	0.78870	0.03876	0.01250	0.01563	0.01438	0.01125	0.01438	0.01000	0.01500	0.00750	0.00563	0.00563	0.00188	0.00750	0.00500	0.00250	0.00625
50	0.00796	0.00575	0.00752	0.00708	0.00841	0.00531	0.00531	0.01062	0.01593	0.02257	0.76415	0.04204	0.05310	0.01150	0.00664	0.00177	0.00265	0.01018	0.00619	0.00531
51	0.01112	0.01050	0.01777	0.67646	0.14716	0.01263	0.01587	0.01481	0.01149	0.01497	0.01009	0.01484	0.00771	0.00554	0.00562	0.00185	0.00738	0.00500	0.00254	0.00665
52	0.00756	0.00574	0.00696	0.00665	0.00816	0.00514	0.00499	0.00983	0.01496	0.02027	0.54387	0.04581	0.27481	0.01236	0.00664	0.00181	0.00272	0.01071	0.00589	0.00514
53	0.00937	0.00508	0.00737	0.00728	0.00757	0.00498	0.00498	0.00806	0.00924	0.01261	0.17687	0.02263	0.01937	0.01777	0.01859	0.65142	0.00439	0.00606	0.00327	0.00308
54	0.84197	0.01088	0.00827	0.00740	0.01088	0.01262	0.00609	0.01654	0.00958	0.02525	0.00784	0.00914	0.00609	0.00522	0.00348	0.00174	0.00435	0.00305	0.00348	0.00609
55	0.00791	0.00575	0.00745	0.00703	0.00838	0.00529	0.00527	0.01052	0.01581	0.02228	0.73657	0.04251	0.08086	0.01161	0.00664	0.00178	0.00266	0.01024	0.00616	0.00529
56	0.00804	0.00603	0.00904	0.00904	0.01005	0.00703	0.00703	0.01005	0.00904	0.01306	0.01507	0.02211	0.01407	0.04221	0.77992	0.00904	0.01507	0.00603	0.00301	0.00502
57	0.01136	0.01075	0.01820	0.62165	0.20010	0.01270	0.01599	0.01502	0.01160	0.01527	0.01013	0.01477	0.00781	0.00549	0.00561	0.00183	0.00732	0.00500	0.00256	0.00684
58	0.01754	0.00939	0.01186	0.00930	0.01347	0.00790	0.00761	0.02038	0.04293	0.36330	0.01985	0.02191	0.04506	0.00703	0.00534	0.00149	0.00450	0.07021	0.00534	0.31559
59	0.13839	0.04479	0.01255	0.10231	0.01577	0.07395	0.00862	0.20304	0.01565	0.05097	0.02127	0.14656	0.12559	0.00913	0.00558	0.00181	0.00536	0.00737	0.00451	0.00678
60	0.07343	0.00857	0.00907	0.00827	0.01060	0.00920	0.00661	0.12572	0.12999	0.04898	0.01903	0.02384	0.01558	0.00771	0.00493	0.00165	0.00393	0.08859	0.39765	0.00666
61	0.58317	0.01067	0.01052	0.18064	0.01732	0.01234	0.00833	0.01633	0.03306	0.02238	0.00891	0.01095	0.00688	0.00532	0.00407	0.00172	0.00504	0.00360	0.00333	0.05542

[dist]
# distance from previous block
# <min> <max>
1	4

[block]
# block no. 7 follows, 42 sequences, length 25
# corresponding to MSA columns:
# 1607-1631
name=unknown_H
#
# <colnr> <probs for GDERKNQSTAVLIFYWHMCP>
#	G	D	E	R	K	N	Q	S	T	A	V	L	I	F	Y	W	H	M	C	P
0	0.02025	0.09135	0.09896	0.01082	0.01536	0.01125	0.00984	0.09393	0.06955	0.43566	0.02004	0.04657	0.03638	0.00722	0.00551	0.00172	0.00530	0.00579	0.00567	0.00882
1	0.10127	0.20690	0.01853	0.01239	0.01606	0.39746	0.01008	0.14196	0.01601	0.01842	0.00921	0.01035	0.00752	0.00567	0.00466	0.00146	0.00794	0.00366	0.00330	0.00716
2	0.13361	0.10835	0.04223	0.01202	0.01586	0.17698	0.01006	0.24179	0.14130	0.02366	0.01232	0.01283	0.00945	0.00631	0.00536	0.00165	0.02968	0.00442	0.00419	0.00792
3	0.01509	0.01023	0.01167	0.01029	0.01335	0.01086	0.00821	0.07540	0.36134	0.16878	0.08089	0.02898	0.09248	0.00913	0.00606	0.00192	0.00443	0.07693	0.00589	0.00806
4	0.12719	0.01808	0.01284	0.01165	0.01451	0.38159	0.00898	0.09437	0.06768	0.01859	0.01782	0.05025	0.10094	0.00793	0.00538	0.00169	0.00717	0.04280	0.00395	0.00659
5	0.01957	0.01619	0.01578	0.01277	0.01677	0.10690	0.01029	0.49003	0.20045	0.03004	0.01519	0.01491	0.01112	0.00685	0.00559	0.00171	0.00624	0.00521	0.00533	0.00905
6	0.70473	0.01170	0.00971	0.00833	0.01198	0.01343	0.00686	0.13894	0.01240	0.02696	0.00879	0.00987	0.00668	0.00548	0.00384	0.00173	0.00466	0.00339	0.00384	0.00668
7	0.00680	0.00539	0.00612	0.00660	0.00786	0.00471	0.00470	0.00813	0.01221	0.01529	0.08681	0.34132	0.44337	0.01540	0.00686	0.00204	0.00300	0.01337	0.00528	0.00471
8	0.54977	0.00902	0.00772	0.00709	0.00954	0.01009	0.00542	0.01395	0.01017	0.02186	0.11580	0.01957	0.01570	0.17381	0.00922	0.00253	0.00435	0.00513	0.00385	0.00542
9	0.01218	0.01159	0.01968	0.43413	0.38120	0.01291	0.01640	0.01574	0.01199	0.01626	0.01028	0.01450	0.00817	0.00534	0.00560	0.00178	0.00712	0.00501	0.00263	0.00750
10	0.11240	0.01061	0.01176	0.00919	0.01308	0.01015	0.00740	0.19557	0.01622	0.06669	0.16999	0.01864	0.01811	0.00663	0.00505	0.00140	0.00441	0.00530	0.00472	0.31269
11	0.00811	0.00564	0.00703	0.00694	0.00742	0.00575	0.00456	0.00908	0.00999	0.01381	0.17425	0.03489	0.02601	0.47914	0.17891	0.00542	0.00685	0.00816	0.00391	0.00414
