[name]
unknown

[dist]
# distance from previous block
# <min> <max>
0	155

[block]
# block no. 0 follows, 44 sequences, length 21
# corresponding to MSA columns:
# 181-201
name=unknown_A
#
# <colnr> <probs for GDERKNQSTAVLIFYWHMCP>
#	G	D	E	R	K	N	Q	S	T	A	V	L	I	F	Y	W	H	M	C	P
0	0.01162	0.01088	0.08217	0.01063	0.01320	0.03639	0.00941	0.07541	0.13872	0.04985	0.07617	0.06222	0.07791	0.01094	0.00698	0.00206	0.04418	0.26994	0.00483	0.00647
1	0.11372	0.07916	0.03303	0.00967	0.01219	0.17157	0.05252	0.01377	0.01263	0.01675	0.12613	0.14922	0.14288	0.00937	0.00546	0.00169	0.00525	0.00775	0.03158	0.00565
2	0.05050	0.24732	0.02083	0.06279	0.13698	0.05339	0.08684	0.12142	0.03880	0.01874	0.06221	0.05296	0.01242	0.00621	0.00500	0.00156	0.00612	0.00521	0.00344	0.00728
3	0.01122	0.01373	0.18980	0.01505	0.17516	0.00953	0.01156	0.02578	0.04812	0.04079	0.04860	0.09538	0.09336	0.00734	0.00536	0.00156	0.00526	0.00633	0.00364	0.19244
4	0.07769	0.01329	0.14154	0.05675	0.01548	0.06879	0.00984	0.05362	0.05069	0.20830	0.12934	0.02325	0.10025	0.00777	0.00551	0.00172	0.00529	0.01896	0.00474	0.00718
5	0.01040	0.01027	0.05156	0.06983	0.36510	0.00942	0.01168	0.01320	0.01266	0.01742	0.15294	0.08309	0.15302	0.00849	0.00587	0.00174	0.00502	0.00765	0.00383	0.00681
6	0.01076	0.02115	0.50771	0.01464	0.07456	0.01109	0.01583	0.05090	0.01260	0.01823	0.10612	0.04983	0.04000	0.03550	0.00629	0.00186	0.00669	0.00571	0.00318	0.00737
7	0.01497	0.49245	0.02365	0.01118	0.01456	0.09859	0.01012	0.06583	0.01187	0.01439	0.00794	0.00989	0.00719	0.00602	0.00711	0.00150	0.18975	0.00354	0.00260	0.00684
8	0.05587	0.01292	0.02864	0.06163	0.06938	0.05864	0.04735	0.19316	0.04542	0.11005	0.01343	0.07789	0.01123	0.00769	0.00821	0.00187	0.17935	0.00573	0.00409	0.00744
9	0.00722	0.00518	0.00618	0.00654	0.00714	0.00486	0.00428	0.00812	0.01054	0.01392	0.12947	0.29548	0.15825	0.30151	0.01431	0.00319	0.00378	0.01132	0.00455	0.00415
10	0.00708	0.00561	0.00642	0.00676	0.00806	0.00513	0.00486	0.00927	0.05662	0.01570	0.12395	0.32634	0.37583	0.01434	0.00658	0.00196	0.00298	0.01248	0.00520	0.00484
11	0.09857	0.01337	0.02550	0.02082	0.11595	0.01305	0.48232	0.06612	0.01312	0.01910	0.01211	0.07173	0.01018	0.00572	0.00597	0.00181	0.00769	0.00644	0.00316	0.00728
12	0.01731	0.10144	0.01530	0.01179	0.01457	0.31756	0.00934	0.09372	0.04578	0.10976	0.05060	0.08958	0.01343	0.00755	0.00635	0.00164	0.07795	0.00552	0.00396	0.00688
13	0.01069	0.00747	0.00900	0.00830	0.01019	0.00751	0.00632	0.08396	0.12046	0.07334	0.37339	0.16429	0.06893	0.01107	0.00626	0.00183	0.00343	0.02165	0.00572	0.00616
14	0.00691	0.00486	0.00625	0.00724	0.00749	0.00461	0.00469	0.00766	0.00991	0.01321	0.02733	0.64261	0.03263	0.18399	0.01134	0.00286	0.00361	0.01390	0.00469	0.00419
15	0.19154	0.01326	0.01916	0.27631	0.08102	0.09793	0.21224	0.01640	0.01170	0.01736	0.00950	0.01277	0.00732	0.00511	0.00521	0.00173	0.00736	0.00472	0.00278	0.00659
16	0.00824	0.00577	0.00674	0.00644	0.00816	0.00504	0.00485	0.01008	0.01362	0.07318	0.31084	0.09369	0.40838	0.01253	0.00640	0.00181	0.00286	0.01072	0.00553	0.00513
17	0.01464	0.01019	0.01133	0.05733	0.01393	0.01125	0.00796	0.14689	0.32287	0.09137	0.01863	0.01859	0.01382	0.00679	0.00505	0.00164	0.00433	0.00552	0.23019	0.00768
18	0.00970	0.00701	0.00767	0.00789	0.00917	0.06222	0.00565	0.01106	0.01224	0.09912	0.11382	0.45605	0.14965	0.01392	0.00651	0.00198	0.00368	0.01226	0.00519	0.00521
19	0.01310	0.13700	0.02093	0.12111	0.39575	0.01318	0.06317	0.01594	0.01202	0.05355	0.01342	0.01652	0.05575	0.03863	0.00616	0.00176	0.00629	0.00522	0.00298	0.00753
20	0.06440	0.04535	0.05563	0.15429	0.36303	0.01254	0.01359	0.07840	0.01301	0.05198	0.01103	0.01362	0.00866	0.00527	0.00506	0.00160	0.00608	0.00461	0.05439	0.03748

[dist]
# distance from previous block
# <min> <max>
23	36

[block]
# block no. 1 follows, 44 sequences, length 22
# corresponding to MSA columns:
# 257-278
name=unknown_B
#
# <colnr> <probs for GDERKNQSTAVLIFYWHMCP>
#	G	D	E	R	K	N	Q	S	T	A	V	L	I	F	Y	W	H	M	C	P
0	0.01215	0.01035	0.01362	0.14022	0.09522	0.06463	0.04031	0.02658	0.14824	0.06392	0.01474	0.01881	0.01227	0.06700	0.24330	0.00408	0.00882	0.00559	0.00358	0.00657
1	0.00686	0.00488	0.00622	0.00721	0.00754	0.00459	0.00471	0.00766	0.01009	0.01337	0.02898	0.63464	0.06798	0.15547	0.01057	0.00273	0.00352	0.01398	0.00475	0.00424
2	0.03696	0.09299	0.02541	0.15035	0.05634	0.08799	0.08339	0.04574	0.07406	0.08926	0.01619	0.18702	0.01508	0.00813	0.00557	0.00177	0.00601	0.00711	0.00389	0.00674
3	0.00887	0.00662	0.00863	0.11477	0.01256	0.00676	0.00674	0.01172	0.06476	0.04075	0.22683	0.10792	0.13365	0.14383	0.00991	0.00247	0.00417	0.07910	0.00475	0.00518
4	0.01430	0.43730	0.19608	0.01148	0.01680	0.01710	0.04084	0.04265	0.06488	0.06334	0.01038	0.01128	0.00823	0.00514	0.00435	0.00140	0.00622	0.00377	0.00298	0.04148
5	0.05545	0.37127	0.04557	0.01073	0.01456	0.22794	0.00948	0.06281	0.01358	0.04678	0.07013	0.01261	0.01104	0.00637	0.01939	0.00151	0.00679	0.00396	0.00319	0.00684
6	0.00676	0.00512	0.00616	0.00677	0.00768	0.00460	0.00470	0.00800	0.01158	0.01499	0.12622	0.43847	0.27581	0.04751	0.00757	0.00216	0.00305	0.01322	0.00510	0.00452
7	0.01165	0.31824	0.23512	0.01202	0.01675	0.01461	0.07143	0.01497	0.01074	0.01440	0.01030	0.01329	0.00880	0.01421	0.20757	0.00335	0.00900	0.00427	0.00251	0.00677
8	0.01280	0.31671	0.11612	0.00995	0.01344	0.08864	0.00918	0.01651	0.11346	0.01422	0.01243	0.01778	0.01163	0.21386	0.01043	0.00242	0.00615	0.00486	0.00306	0.00633
9	0.00688	0.00549	0.00612	0.00606	0.00760	0.00477	0.00449	0.00857	0.01314	0.01679	0.27395	0.09153	0.49078	0.03099	0.00695	0.00190	0.00278	0.01115	0.00531	0.00473
10	0.00875	0.00556	0.00704	0.00724	0.00849	0.00500	0.00521	0.01024	0.01241	0.09843	0.18304	0.41074	0.18906	0.01409	0.00659	0.00198	0.00312	0.01246	0.00543	0.00513
11	0.00791	0.00664	0.00931	0.25015	0.01684	0.00710	0.00785	0.00980	0.01083	0.01376	0.02912	0.20231	0.24863	0.09024	0.06304	0.00273	0.00531	0.00958	0.00393	0.00491
12	0.01497	0.01297	0.07737	0.05377	0.11985	0.01368	0.01220	0.13371	0.01314	0.13231	0.01153	0.01408	0.00908	0.00966	0.06466	0.00242	0.28861	0.00493	0.00360	0.00745
13	0.01256	0.01035	0.01713	0.29275	0.22006	0.01105	0.07233	0.01623	0.04275	0.09864	0.03651	0.01977	0.05061	0.00787	0.03769	0.00206	0.00666	0.03441	0.00348	0.00709
14	0.00741	0.00587	0.00673	0.00678	0.00824	0.00544	0.00498	0.01017	0.07313	0.01722	0.24973	0.20251	0.35546	0.01322	0.00647	0.00188	0.00292	0.01144	0.00537	0.00504
15	0.02980	0.01041	0.01720	0.05432	0.14299	0.01042	0.17065	0.07061	0.01263	0.14362	0.01415	0.01910	0.01176	0.13068	0.13391	0.00338	0.00784	0.00588	0.00371	0.00694
16	0.01315	0.19003	0.01396	0.00884	0.01167	0.01107	0.00733	0.08800	0.06616	0.13059	0.07309	0.12591	0.12139	0.01302	0.09908	0.00252	0.00562	0.00737	0.00457	0.00663
17	0.01052	0.00591	0.00705	0.00696	0.00824	0.00559	0.00494	0.03319	0.01158	0.11975	0.02558	0.29185	0.09031	0.14410	0.00937	0.00238	0.00361	0.00972	0.20413	0.00521
18	0.05139	0.00760	0.00938	0.00843	0.00968	0.00840	0.00646	0.01165	0.01033	0.10207	0.02593	0.03011	0.24681	0.16102	0.03385	0.07003	0.19035	0.00746	0.00395	0.00511
19	0.01171	0.00959	0.01463	0.14684	0.27499	0.00998	0.01133	0.08463	0.01310	0.04869	0.05416	0.25956	0.01923	0.00928	0.00595	0.00184	0.00527	0.00842	0.00397	0.00683
20	0.01375	0.08008	0.09870	0.01565	0.04748	0.02492	0.15244	0.10062	0.05991	0.04283	0.01070	0.01341	0.00867	0.00811	0.03817	0.00216	0.26695	0.00501	0.00317	0.00725
21	0.22865	0.01579	0.01632	0.01993	0.31886	0.20482	0.01182	0.08889	0.01364	0.01999	0.00939	0.01136	0.00760	0.00526	0.00477	0.00158	0.00669	0.00404	0.00316	0.00743

[dist]
# distance from previous block
# <min> <max>
0	5

[block]
# block no. 2 follows, 44 sequences, length 19
# corresponding to MSA columns:
# 284-302
name=unknown_C
#
# <colnr> <probs for GDERKNQSTAVLIFYWHMCP>
#	G	D	E	R	K	N	Q	S	T	A	V	L	I	F	Y	W	H	M	C	P
0	0.01136	0.01148	0.05156	0.12839	0.35652	0.01065	0.06194	0.01451	0.01230	0.01713	0.07141	0.02028	0.10729	0.00643	0.00552	0.00161	0.00582	0.00595	0.00324	0.09660
1	0.01898	0.02276	0.01599	0.01612	0.11162	0.60520	0.01108	0.07119	0.01557	0.01537	0.00984	0.04217	0.00854	0.00604	0.00509	0.00148	0.00888	0.00425	0.00307	0.00674
2	0.01200	0.00711	0.00864	0.00738	0.00981	0.00641	0.00573	0.04567	0.01406	0.13895	0.28773	0.06037	0.02712	0.00823	0.00526	0.00147	0.00331	0.00700	0.19617	0.14759
3	0.00715	0.00499	0.00631	0.00706	0.00730	0.00485	0.00452	0.00781	0.00947	0.01267	0.02473	0.49402	0.02921	0.29877	0.05230	0.00362	0.00447	0.01234	0.00433	0.00405
4	0.01266	0.01120	0.01685	0.14973	0.05388	0.01195	0.15774	0.13978	0.15805	0.02138	0.15597	0.02184	0.05010	0.00721	0.00589	0.00177	0.00578	0.00663	0.00437	0.00722
5	0.01095	0.05054	0.00957	0.00822	0.00958	0.03459	0.00611	0.01268	0.03758	0.10902	0.01793	0.07360	0.01782	0.29601	0.22709	0.00493	0.00776	0.05698	0.00386	0.00517
6	0.00773	0.00626	0.00706	0.00809	0.00861	0.05630	0.00556	0.00876	0.01078	0.01387	0.02798	0.67450	0.03314	0.05134	0.00778	0.00231	0.00381	0.05674	0.00483	0.00454
7	0.01583	0.01167	0.01069	0.00917	0.01184	0.15254	0.00718	0.15724	0.01612	0.14610	0.11042	0.02167	0.07456	0.00747	0.00512	0.00153	0.00491	0.00590	0.22326	0.00677
8	0.01533	0.39863	0.21286	0.01183	0.01719	0.05247	0.01232	0.18616	0.01471	0.01889	0.00943	0.01048	0.00750	0.00527	0.00443	0.00142	0.00660	0.00368	0.00306	0.00775
9	0.01714	0.00990	0.01110	0.00902	0.01217	0.01019	0.00729	0.27851	0.04149	0.20348	0.01938	0.01928	0.05758	0.00699	0.00500	0.00155	0.00432	0.00553	0.27245	0.00763
10	0.01061	0.00708	0.00897	0.00828	0.00955	0.00764	0.00607	0.10679	0.01109	0.06509	0.01581	0.02538	0.01533	0.31558	0.35597	0.00610	0.00942	0.00646	0.00364	0.00515
11	0.07529	0.01242	0.01267	0.01098	0.01323	0.10944	0.00879	0.12491	0.12868	0.06086	0.11382	0.02000	0.04309	0.00817	0.00810	0.00183	0.17796	0.02331	0.03958	0.00685
12	0.01079	0.01023	0.01710	0.65299	0.12868	0.01249	0.01515	0.01423	0.01094	0.01437	0.00961	0.01425	0.00743	0.00562	0.00619	0.00183	0.05443	0.00484	0.00245	0.00637
13	0.06056	0.00717	0.00822	0.00781	0.00946	0.00725	0.00566	0.04735	0.09730	0.12620	0.02282	0.25471	0.04774	0.16919	0.01007	0.00253	0.00403	0.00899	0.09718	0.00576
14	0.01432	0.01201	0.01333	0.06829	0.01573	0.09400	0.06135	0.18081	0.14498	0.06237	0.05981	0.07312	0.11030	0.00821	0.00566	0.00172	0.00539	0.00690	0.05457	0.00711
15	0.04683	0.39212	0.05137	0.01278	0.01689	0.23978	0.10481	0.01792	0.01240	0.01417	0.00832	0.01005	0.00713	0.00517	0.00494	0.00141	0.04087	0.00365	0.00256	0.00680
16	0.04266	0.07079	0.32557	0.04224	0.16717	0.01226	0.01469	0.06057	0.01304	0.10519	0.03889	0.01603	0.05529	0.00606	0.00522	0.00167	0.00643	0.00496	0.00340	0.00787
17	0.01325	0.01062	0.01114	0.01038	0.03698	0.07948	0.00771	0.15476	0.12243	0.07411	0.13782	0.15754	0.12142	0.01005	0.00626	0.00180	0.02397	0.00841	0.00512	0.00675
18	0.10122	0.01035	0.01074	0.00949	0.01189	0.05655	0.00734	0.20155	0.07288	0.06546	0.01701	0.11681	0.02594	0.08529	0.14266	0.00327	0.00670	0.00661	0.04172	0.00654

[dist]
# distance from previous block
# <min> <max>
6	28

[block]
# block no. 3 follows, 44 sequences, length 22
# corresponding to MSA columns:
# 331-352
name=unknown_D
#
# <colnr> <probs for GDERKNQSTAVLIFYWHMCP>
#	G	D	E	R	K	N	Q	S	T	A	V	L	I	F	Y	W	H	M	C	P
0	0.00895	0.00727	0.00944	0.13186	0.03978	0.00753	0.00744	0.06220	0.06564	0.01697	0.09525	0.29667	0.20568	0.01213	0.00630	0.00193	0.00405	0.01063	0.00471	0.00556
1	0.01338	0.15344	0.09452	0.10619	0.11579	0.12125	0.01118	0.01645	0.03785	0.06109	0.04919	0.08037	0.04599	0.00686	0.00512	0.00156	0.00612	0.00561	0.00340	0.06463
2	0.05232	0.10088	0.14540	0.01292	0.01718	0.21804	0.07802	0.09560	0.01442	0.09833	0.01450	0.03916	0.06152	0.00654	0.00542	0.00161	0.02227	0.00507	0.00361	0.00720
3	0.01004	0.00697	0.00954	0.06666	0.08405	0.00671	0.00721	0.01246	0.03854	0.10461	0.18640	0.25260	0.16939	0.01169	0.00627	0.00188	0.00379	0.01030	0.00506	0.00583
4	0.00822	0.00657	0.00742	0.00743	0.00901	0.00642	0.00546	0.02874	0.13951	0.01736	0.14749	0.26543	0.30420	0.01313	0.00642	0.00193	0.00319	0.01138	0.00529	0.00542
5	0.01736	0.05083	0.12724	0.01397	0.01818	0.25611	0.10126	0.11590	0.05775	0.11944	0.01282	0.04296	0.00996	0.00629	0.00565	0.00164	0.02630	0.00499	0.00381	0.00755
6	0.01391	0.11398	0.30704	0.01541	0.11589	0.12293	0.01401	0.01827	0.05140	0.07879	0.04263	0.05827	0.01163	0.00629	0.00517	0.00163	0.00687	0.00504	0.00326	0.00757
7	0.00759	0.00542	0.00626	0.00644	0.00781	0.00479	0.00468	0.00914	0.01242	0.04306	0.16306	0.25705	0.37194	0.01355	0.00638	0.00188	0.00289	0.01172	0.05907	0.00484
8	0.01468	0.05865	0.01934	0.01439	0.01809	0.12644	0.25783	0.10342	0.01454	0.09615	0.01880	0.12957	0.08755	0.00788	0.00590	0.00175	0.00677	0.00731	0.00402	0.00692
9	0.01500	0.22067	0.12790	0.16880	0.04732	0.16253	0.06621	0.06656	0.01327	0.04923	0.00978	0.01179	0.00762	0.00529	0.00488	0.00154	0.00741	0.00413	0.00288	0.00716
10	0.01196	0.01222	0.03959	0.01552	0.01908	0.05444	0.36540	0.01602	0.07523	0.04213	0.05646	0.07214	0.04074	0.14246	0.00985	0.00241	0.00702	0.00734	0.00361	0.00640
11	0.00673	0.00511	0.00597	0.00660	0.00745	0.00460	0.00449	0.00772	0.01087	0.01379	0.03793	0.42086	0.31278	0.11771	0.00944	0.00247	0.00328	0.01301	0.00484	0.00435
12	0.00798	0.00625	0.00750	0.00671	0.00874	0.00536	0.00510	0.01022	0.01396	0.01931	0.45670	0.03886	0.23254	0.01065	0.00603	0.00160	0.00287	0.00918	0.00529	0.14515
13	0.01771	0.07271	0.01697	0.06023	0.14405	0.31491	0.01130	0.13195	0.03663	0.07680	0.01158	0.01380	0.00926	0.00712	0.03156	0.00179	0.00775	0.02288	0.00358	0.00740
14	0.03052	0.01587	0.01337	0.01178	0.01436	0.28656	0.00920	0.19578	0.05800	0.01907	0.01215	0.01467	0.01005	0.01588	0.22281	0.00357	0.03673	0.00471	0.01821	0.00672
15	0.10028	0.00973	0.01137	0.00920	0.01260	0.00972	0.00746	0.15841	0.05896	0.34231	0.11914	0.01985	0.01729	0.00713	0.00523	0.00165	0.00434	0.00571	0.09169	0.00792
16	0.01464	0.00831	0.00995	0.00842	0.01123	0.00789	0.00666	0.12260	0.04589	0.25662	0.17270	0.07431	0.21800	0.00998	0.00599	0.00176	0.00386	0.00838	0.00584	0.00698
17	0.00660	0.00504	0.00607	0.00684	0.00772	0.00451	0.00474	0.00775	0.01128	0.01444	0.06088	0.51823	0.29476	0.01576	0.00676	0.00207	0.00300	0.01393	0.00509	0.00451
18	0.00700	0.00524	0.00683	0.00741	0.00821	0.00519	0.00528	0.00827	0.01023	0.01354	0.03006	0.38627	0.17848	0.06704	0.22994	0.00417	0.00645	0.01152	0.00435	0.00453
19	0.00704	0.00529	0.00662	0.00752	0.00847	0.00487	0.00559	0.00844	0.01145	0.01465	0.03693	0.43444	0.24354	0.01573	0.00693	0.00217	0.00344	0.16723	0.00505	0.00460
20	0.01322	0.01766	0.25683	0.01406	0.01898	0.05596	0.13692	0.17233	0.05017	0.02125	0.10594	0.04977	0.04816	0.00707	0.00573	0.00174	0.00665	0.00618	0.00390	0.00748
21	0.01290	0.04148	0.00893	0.00781	0.00950	0.22165	0.00582	0.01482	0.01214	0.01704	0.01474	0.01868	0.01243	0.09434	0.00674	0.00175	0.00498	0.00488	0.48405	0.00530

[dist]
# distance from previous block
# <min> <max>
0	1

[block]
# block no. 4 follows, 44 sequences, length 7
# corresponding to MSA columns:
# 354-360
name=unknown_E
#
# <colnr> <probs for GDERKNQSTAVLIFYWHMCP>
#	G	D	E	R	K	N	Q	S	T	A	V	L	I	F	Y	W	H	M	C	P
0	0.01202	0.26974	0.08814	0.00914	0.01394	0.01220	0.00857	0.01450	0.01119	0.01588	0.01033	0.06178	0.00943	0.00519	0.00416	0.00110	0.00493	0.00400	0.00297	0.44079
1	0.01019	0.04874	0.28618	0.01091	0.01513	0.00903	0.03558	0.01396	0.01309	0.05931	0.23455	0.03042	0.11894	0.00901	0.00592	0.00179	0.00528	0.08126	0.00424	0.00648
2	0.00746	0.00544	0.00769	0.00807	0.00873	0.00591	0.00587	0.00887	0.00917	0.01279	0.01961	0.26184	0.02119	0.12426	0.45953	0.00636	0.01002	0.00903	0.00362	0.00455
3	0.00933	0.00712	0.00817	0.00683	0.00884	0.00611	0.00462	0.01034	0.00933	0.01356	0.01407	0.02555	0.01494	0.47409	0.01789	0.00342	0.00477	0.00598	0.00327	0.35177
4	0.01507	0.12672	0.33293	0.01377	0.01901	0.29361	0.01417	0.01990	0.08546	0.01581	0.01021	0.01140	0.00790	0.00549	0.00490	0.00155	0.00805	0.00390	0.00280	0.00735
5	0.00784	0.00543	0.00696	0.00730	0.00832	0.00501	0.00531	0.00951	0.01257	0.04331	0.27881	0.33245	0.12652	0.05395	0.00776	0.00216	0.00323	0.07337	0.00534	0.00485
6	0.07200	0.05949	0.16926	0.03706	0.19306	0.04080	0.01277	0.07103	0.15999	0.05823	0.06235	0.01574	0.01255	0.00609	0.00520	0.00167	0.00594	0.00502	0.00381	0.00794

[dist]
# distance from previous block
# <min> <max>
4	22

[block]
# block no. 5 follows, 44 sequences, length 28
# corresponding to MSA columns:
# 398-410,413-427
name=unknown_F
#
# <colnr> <probs for GDERKNQSTAVLIFYWHMCP>
#	G	D	E	R	K	N	Q	S	T	A	V	L	I	F	Y	W	H	M	C	P
0	0.01295	0.05853	0.19852	0.01458	0.09276	0.17193	0.05719	0.01681	0.05126	0.01685	0.07747	0.07542	0.01438	0.00696	0.00571	0.00165	0.03375	0.00570	0.08075	0.00681
1	0.01187	0.00938	0.01569	0.06527	0.01730	0.00926	0.20179	0.01624	0.08895	0.09805	0.15556	0.03253	0.03870	0.00909	0.00637	0.00195	0.00559	0.18273	0.02718	0.00652
2	0.00729	0.00522	0.00611	0.00654	0.00706	0.00494	0.00425	0.00797	0.00980	0.01267	0.02923	0.26503	0.17796	0.37797	0.01638	0.00356	0.00414	0.04567	0.00426	0.00398
3	0.01086	0.00920	0.01051	0.08805	0.01390	0.04308	0.00787	0.08407	0.19992	0.01778	0.02352	0.15215	0.11633	0.03602	0.15815	0.00329	0.00664	0.00801	0.00440	0.00625
4	0.01250	0.24558	0.37603	0.01639	0.07211	0.01541	0.15569	0.01700	0.01171	0.01609	0.00943	0.01147	0.00731	0.00490	0.00496	0.00158	0.00754	0.00422	0.00242	0.00766
5	0.00804	0.00561	0.00663	0.00663	0.00704	0.00567	0.00417	0.00932	0.04508	0.01309	0.11921	0.10613	0.02503	0.54488	0.06708	0.00457	0.00523	0.00868	0.00391	0.00400
6	0.05924	0.00628	0.00761	0.00769	0.00899	0.00608	0.00557	0.04607	0.01225	0.08462	0.12988	0.38487	0.08608	0.08720	0.00838	0.00231	0.00366	0.04292	0.00509	0.00521
7	0.03883	0.01797	0.33567	0.01722	0.18392	0.01166	0.01470	0.05262	0.08566	0.05116	0.04674	0.09289	0.01341	0.00689	0.00546	0.00176	0.00626	0.00588	0.00351	0.00780
8	0.17780	0.06786	0.07747	0.01028	0.04389	0.01066	0.00874	0.12363	0.01362	0.02064	0.05598	0.05237	0.10871	0.00887	0.00539	0.00179	0.00485	0.14477	0.01671	0.04598
9	0.23484	0.01194	0.01254	0.01006	0.01392	0.01281	0.00824	0.30878	0.06968	0.20277	0.01625	0.01563	0.04606	0.00661	0.00497	0.00169	0.00495	0.00493	0.00520	0.00813
10	0.05469	0.00804	0.01058	0.01204	0.14736	0.00855	0.00775	0.01408	0.01183	0.07235	0.08722	0.02134	0.06595	0.00740	0.00643	0.00161	0.10610	0.00579	0.34475	0.00615
11	0.01574	0.01642	0.01338	0.01121	0.01490	0.29100	0.00868	0.07233	0.17896	0.01844	0.01221	0.01288	0.00966	0.00552	0.00479	0.00131	0.00633	0.00409	0.00374	0.29841
12	0.06071	0.01345	0.01414	0.01162	0.01509	0.10878	0.04700	0.26529	0.12090	0.15253	0.04060	0.09555	0.01455	0.00762	0.00553	0.00172	0.00569	0.00621	0.00509	0.00792
13	0.01486	0.01112	0.01325	0.16123	0.01816	0.01231	0.00958	0.31127	0.11529	0.05663	0.07132	0.05726	0.06562	0.00776	0.00559	0.00173	0.00519	0.00639	0.04791	0.00752
14	0.00790	0.00539	0.00647	0.00647	0.00665	0.00557	0.00395	0.00826	0.00808	0.01096	0.01670	0.03304	0.01868	0.66651	0.16808	0.00593	0.00701	0.00754	0.00323	0.00359
15	0.00754	0.00529	0.00680	0.00747	0.00800	0.00510	0.00525	0.00873	0.01080	0.01450	0.12821	0.34851	0.03275	0.23888	0.01285	0.00306	0.00402	0.14323	0.00469	0.00432
16	0.05832	0.01402	0.02070	0.01933	0.17609	0.09021	0.24144	0.09314	0.07789	0.08815	0.01359	0.05832	0.01093	0.00610	0.00568	0.00173	0.00696	0.00588	0.00378	0.00775
17	0.01331	0.01267	0.01927	0.22483	0.36577	0.04235	0.04670	0.06673	0.08262	0.01797	0.01122	0.01421	0.00892	0.00560	0.00605	0.00173	0.04424	0.00499	0.00307	0.00774
18	0.00762	0.00542	0.00710	0.00803	0.00890	0.00512	0.00606	0.00915	0.01150	0.02634	0.06348	0.42197	0.11868	0.04450	0.00778	0.00234	0.00375	0.23251	0.00505	0.00469
19	0.00775	0.00555	0.00680	0.00712	0.00828	0.00511	0.00509	0.00976	0.04060	0.04458	0.20172	0.38696	0.22205	0.01419	0.00660	0.00198	0.00303	0.01252	0.00535	0.00497
20	0.01560	0.29616	0.08780	0.01187	0.01627	0.03704	0.07910	0.14233	0.07830	0.09647	0.01340	0.05902	0.01113	0.01643	0.00522	0.00160	0.00606	0.01474	0.00384	0.00764
21	0.11449	0.03985	0.25957	0.01283	0.06661	0.03603	0.01205	0.01777	0.08630	0.09664	0.11396	0.01770	0.01505	0.03960	0.00673	0.00187	0.04668	0.00524	0.00379	0.00724
22	0.00739	0.00558	0.00699	0.00776	0.00895	0.00518	0.00609	0.00912	0.01208	0.01543	0.07570	0.26213	0.26966	0.01502	0.00697	0.00217	0.00366	0.27029	0.00510	0.00473
23	0.01007	0.01478	0.30275	0.01200	0.01579	0.00873	0.09081	0.01241	0.01040	0.01476	0.08801	0.05735	0.01399	0.01131	0.01136	0.30527	0.00617	0.00572	0.00289	0.00544
24	0.01408	0.07336	0.27970	0.01502	0.02033	0.08942	0.16790	0.09645	0.01390	0.06914	0.01308	0.07193	0.01093	0.00655	0.00557	0.00173	0.00740	0.03264	0.00339	0.00750
25	0.01811	0.02070	0.01831	0.01517	0.01871	0.44684	0.15091	0.11076	0.11357	0.01789	0.01127	0.01251	0.00878	0.00577	0.00535	0.00157	0.00853	0.00458	0.00348	0.00717
26	0.09870	0.60478	0.06339	0.00946	0.01417	0.01899	0.00937	0.04310	0.01146	0.01536	0.00804	0.00924	0.00704	0.00476	0.00368	0.00124	0.00566	0.00307	0.00261	0.06588
27	0.05672	0.05419	0.22708	0.02628	0.17357	0.01218	0.01316	0.07341	0.07556	0.09215	0.03467	0.01406	0.01030	0.00556	0.00503	0.00156	0.00597	0.00456	0.00359	0.11042

[dist]
# distance from previous block
# <min> <max>
3	10

[block]
# block no. 6 follows, 44 sequences, length 52
# corresponding to MSA columns:
# 438-489
name=unknown_G
#
# <colnr> <probs for GDERKNQSTAVLIFYWHMCP>
#	G	D	E	R	K	N	Q	S	T	A	V	L	I	F	Y	W	H	M	C	P
0	0.07224	0.01464	0.05291	0.01539	0.16346	0.18143	0.01045	0.03801	0.15556	0.08458	0.06354	0.09437	0.01542	0.00736	0.00540	0.00170	0.00598	0.00607	0.00415	0.00734
1	0.05621	0.05353	0.10971	0.12106	0.17485	0.01226	0.01219	0.13589	0.03778	0.10137	0.09327	0.01672	0.01361	0.00624	0.00526	0.00166	0.00576	0.00522	0.02974	0.00769
2	0.01061	0.01314	0.24235	0.00976	0.01309	0.00835	0.00967	0.04927	0.03706	0.05844	0.07448	0.02542	0.11467	0.16965	0.01245	0.13020	0.00548	0.00653	0.00366	0.00572
3	0.00794	0.00536	0.00643	0.00663	0.00691	0.00535	0.00424	0.00829	0.00876	0.01159	0.02045	0.08170	0.05812	0.56606	0.06038	0.04736	0.00544	0.08174	0.00360	0.00363
4	0.12285	0.01191	0.01111	0.03183	0.01317	0.11954	0.00789	0.06047	0.27594	0.01944	0.04683	0.02017	0.05054	0.05831	0.12363	0.00298	0.00671	0.00572	0.00426	0.00671
5	0.01354	0.06406	0.03784	0.09553	0.04623	0.11106	0.00919	0.08959	0.01328	0.01824	0.01016	0.01201	0.00818	0.00487	0.00449	0.00118	0.00559	0.00377	0.04433	0.40686
6	0.00845	0.00600	0.00725	0.00694	0.00850	0.00562	0.00519	0.01089	0.04635	0.06006	0.30765	0.08435	0.27959	0.05475	0.08137	0.00264	0.00414	0.00984	0.00523	0.00519
7	0.00723	0.00542	0.00595	0.00591	0.00690	0.00496	0.00395	0.00820	0.01097	0.01399	0.13801	0.05398	0.35377	0.34006	0.01520	0.00324	0.00378	0.00986	0.00447	0.00414
8	0.07648	0.25473	0.14506	0.03081	0.07302	0.12070	0.01175	0.11042	0.09494	0.01863	0.01057	0.01163	0.00836	0.00547	0.00461	0.00151	0.00656	0.00397	0.00323	0.00756
9	0.05943	0.01125	0.04975	0.08740	0.17635	0.02976	0.04840	0.09178	0.05109	0.06328	0.01869	0.15326	0.04994	0.00878	0.00585	0.00186	0.00559	0.07648	0.00409	0.00697
10	0.00751	0.00615	0.00880	0.00853	0.00993	0.00563	0.07606	0.00912	0.01160	0.01494	0.07167	0.34341	0.25988	0.05877	0.00795	0.00224	0.00388	0.08436	0.00479	0.00479
11	0.00969	0.00887	0.05521	0.25968	0.05711	0.00868	0.00970	0.05078	0.01165	0.01581	0.02056	0.14880	0.10031	0.10255	0.00830	0.00223	0.00527	0.03255	0.08665	0.00560
12	0.04029	0.13769	0.21187	0.01263	0.04248	0.13531	0.01190	0.07640	0.01352	0.08338	0.05080	0.05466	0.04664	0.00694	0.00583	0.00164	0.05210	0.00522	0.00352	0.00718
13	0.03829	0.09371	0.01637	0.21974	0.09935	0.20511	0.01134	0.05447	0.01340	0.08183	0.01462	0.01633	0.08038	0.00640	0.00547	0.00162	0.02650	0.00496	0.00334	0.00678
14	0.00982	0.00582	0.00762	0.00796	0.00924	0.00534	0.00591	0.01128	0.01196	0.13460	0.06852	0.42651	0.11661	0.03716	0.00732	0.00219	0.00365	0.11787	0.00532	0.00530
15	0.03261	0.03403	0.01302	0.06145	0.03846	0.24869	0.00893	0.08968	0.10021	0.09288	0.05649	0.05945	0.09355	0.00770	0.00538	0.00164	0.00612	0.00607	0.03681	0.00684
16	0.19966	0.05071	0.01337	0.01166	0.05166	0.09350	0.07833	0.09156	0.01291	0.05632	0.01662	0.26690	0.01687	0.00915	0.00541	0.00181	0.00535	0.00780	0.00409	0.00632
17	0.01116	0.01066	0.01752	0.52967	0.17600	0.01297	0.01496	0.01435	0.01080	0.01455	0.00941	0.01394	0.00751	0.00596	0.00733	0.00187	0.12749	0.00484	0.00247	0.00654
18	0.09886	0.01422	0.01379	0.01300	0.08635	0.14830	0.00935	0.16542	0.18074	0.06490	0.05724	0.01545	0.01265	0.00629	0.00508	0.00157	0.00570	0.00489	0.00442	0.09179
19	0.00729	0.00537	0.00654	0.00714	0.00802	0.00501	0.00517	0.00854	0.01113	0.01436	0.07543	0.28639	0.22257	0.16720	0.01088	0.00273	0.00377	0.14328	0.00477	0.00440
20	0.27013	0.01037	0.01136	0.01275	0.14295	0.03457	0.00841	0.01744	0.17452	0.02109	0.12680	0.02273	0.07388	0.00759	0.00513	0.00176	0.00449	0.04301	0.00430	0.00673
21	0.01342	0.20227	0.26849	0.01181	0.01670	0.01393	0.01244	0.14053	0.01339	0.05624	0.01148	0.01367	0.00913	0.01322	0.17673	0.00313	0.00846	0.00439	0.00320	0.00738
22	0.01147	0.01026	0.01278	0.01431	0.16997	0.06602	0.00917	0.05030	0.04970	0.01683	0.01538	0.13215	0.01491	0.01469	0.16810	0.00305	0.00720	0.03998	0.00360	0.19013
23	0.01367	0.04890	0.01864	0.02243	0.41153	0.01260	0.01284	0.05283	0.04177	0.04443	0.01070	0.01308	0.00881	0.00540	0.00630	0.00152	0.08575	0.00450	0.00315	0.18117
24	0.01570	0.01297	0.01190	0.01053	0.01299	0.18044	0.00806	0.21957	0.01639	0.09998	0.05562	0.17952	0.01890	0.08557	0.00792	0.00210	0.00583	0.04462	0.00473	0.00665
25	0.05842	0.18938	0.05462	0.01081	0.01480	0.07981	0.00951	0.11816	0.05170	0.15310	0.01195	0.01254	0.00904	0.00592	0.00585	0.00150	0.08077	0.00413	0.00392	0.12408
26	0.01259	0.01610	0.30150	0.01169	0.01674	0.00972	0.04847	0.06331	0.01382	0.12517	0.15375	0.02169	0.08481	0.00720	0.00553	0.00164	0.00564	0.00605	0.00416	0.09045
27	0.01298	0.00666	0.00845	0.00764	0.00976	0.00592	0.00577	0.01455	0.01298	0.27782	0.10976	0.18638	0.20804	0.07605	0.02965	0.00232	0.00400	0.00961	0.00554	0.00614
28	0.06140	0.01365	0.01493	0.01762	0.25529	0.17322	0.01075	0.08998	0.01499	0.05804	0.17327	0.02082	0.03787	0.00714	0.00550	0.00163	0.00595	0.02673	0.00406	0.00715
29	0.01706	0.01005	0.01062	0.00941	0.01199	0.12007	0.00721	0.01863	0.01360	0.36976	0.02342	0.22915	0.05430	0.04922	0.00699	0.00199	0.00496	0.02922	0.00543	0.00693
30	0.00667	0.00500	0.00608	0.00691	0.00763	0.00453	0.00469	0.00768	0.01083	0.01392	0.03622	0.54524	0.24002	0.06767	0.00817	0.00231	0.00319	0.01389	0.00495	0.00440
31	0.01281	0.01166	0.01498	0.06170	0.25989	0.04741	0.01119	0.05598	0.26156	0.01969	0.05758	0.02312	0.08679	0.00753	0.00569	0.00177	0.00532	0.04339	0.00427	0.00767
32	0.01125	0.01263	0.13917	0.00950	0.01161	0.08699	0.00806	0.09106	0.01120	0.01465	0.01411	0.02540	0.01459	0.46641	0.01877	0.00376	0.04604	0.00634	0.00327	0.00518
33	0.00758	0.00521	0.00658	0.00736	0.00825	0.00473	0.00519	0.00876	0.01123	0.05171	0.03508	0.56433	0.19584	0.01576	0.00680	0.00212	0.00324	0.05033	0.00514	0.00473
34	0.01442	0.01055	0.01149	0.00982	0.01249	0.01151	0.00765	0.32751	0.15230	0.02511	0.05641	0.13339	0.01800	0.06744	0.00717	0.00198	0.00461	0.00717	0.11373	0.00726
35	0.28515	0.01240	0.01479	0.01160	0.01542	0.01340	0.11657	0.28980	0.03961	0.05246	0.05539	0.01484	0.01125	0.03732	0.00585	0.00184	0.00556	0.00496	0.00438	0.00741
36	0.01087	0.00857	0.01202	0.00993	0.01165	0.00886	0.11924	0.12730	0.01190	0.01621	0.01707	0.02762	0.05342	0.42308	0.04466	0.00382	0.03695	0.00707	0.04459	0.00517
37	0.01389	0.01370	0.02174	0.03235	0.73080	0.05747	0.01637	0.01702	0.01259	0.01755	0.01015	0.01328	0.00854	0.00490	0.00537	0.00161	0.00667	0.00478	0.00270	0.00850
38	0.01167	0.01016	0.01627	0.01215	0.01637	0.00862	0.22118	0.01444	0.01208	0.06922	0.01783	0.09609	0.09387	0.00674	0.00538	0.00142	0.00534	0.00642	0.00372	0.37105
39	0.18184	0.00709	0.00726	0.00726	0.00907	0.00726	0.00541	0.01224	0.10142	0.01821	0.10791	0.25320	0.23856	0.01189	0.00585	0.00190	0.00334	0.01006	0.00487	0.00536
40	0.02067	0.00906	0.01187	0.00942	0.01306	0.00828	0.00766	0.05749	0.06388	0.56363	0.15209	0.02229	0.02013	0.00755	0.00565	0.00170	0.00432	0.00626	0.00648	0.00851
41	0.01471	0.13833	0.19697	0.10907	0.10065	0.05245	0.01279	0.09166	0.01331	0.12067	0.01204	0.01499	0.00951	0.08156	0.00717	0.00195	0.00660	0.00468	0.00341	0.00746
42	0.00710	0.00512	0.00653	0.00725	0.00787	0.00486	0.00500	0.00837	0.01127	0.01532	0.14014	0.53946	0.10584	0.04544	0.00770	0.00218	0.01921	0.01330	0.04348	0.00457
43	0.00801	0.00551	0.00671	0.00686	0.00774	0.00518	0.00481	0.00926	0.01137	0.03840	0.18746	0.17251	0.15241	0.27346	0.01357	0.00306	0.00389	0.08061	0.00473	0.00445
44	0.01194	0.00748	0.00901	0.00835	0.01048	0.00732	0.00637	0.03412	0.15226	0.16631	0.17275	0.20715	0.14706	0.01133	0.00620	0.00188	0.00359	0.02429	0.00567	0.00644
45	0.01422	0.08580	0.17595	0.09978	0.02061	0.26364	0.09097	0.02430	0.01269	0.01490	0.01052	0.01466	0.00888	0.00851	0.06239	0.00217	0.03952	0.04107	0.00274	0.00666
46	0.01563	0.05505	0.01392	0.09493	0.01630	0.26688	0.00921	0.10171	0.08486	0.03747	0.01102	0.01339	0.00898	0.00851	0.00838	0.17573	0.00680	0.00432	0.00335	0.06355
47	0.01176	0.00897	0.01246	0.01373	0.17887	0.00823	0.02688	0.05702	0.01350	0.09190	0.11699	0.10353	0.17193	0.00880	0.00569	0.00161	0.00435	0.00770	0.00447	0.15160
48	0.01313	0.01091	0.05059	0.08915	0.05257	0.01082	0.00920	0.28838	0.01693	0.02304	0.09777	0.15644	0.07037	0.03140	0.00639	0.00186	0.00497	0.00774	0.05148	0.00687
49	0.00955	0.05554	0.08753	0.05030	0.08768	0.00848	0.00853	0.04017	0.01143	0.01538	0.05815	0.14667	0.11117	0.17242	0.04624	0.00282	0.00545	0.04419	0.00380	0.03450
50	0.00853	0.00733	0.04621	0.00770	0.00887	0.00669	0.00581	0.05092	0.01116	0.01504	0.11687	0.16902	0.13032	0.29591	0.05295	0.00346	0.04493	0.00937	0.00420	0.00470
51	0.01062	0.05532	0.25824	0.01367	0.08830	0.00999	0.05469	0.01413	0.01136	0.01650	0.01422	0.18614	0.01387	0.00741	0.00528	0.00156	0.00574	0.00651	0.00321	0.22321

[dist]
# distance from previous block
# <min> <max>
3	233

[block]
# block no. 7 follows, 44 sequences, length 31
# corresponding to MSA columns:
# 728-758
name=unknown_H
#
# <colnr> <probs for GDERKNQSTAVLIFYWHMCP>
#	G	D	E	R	K	N	Q	S	T	A	V	L	I	F	Y	W	H	M	C	P
0	0.06180	0.01177	0.07229	0.01567	0.20170	0.04903	0.04609	0.05905	0.01308	0.04946	0.13942	0.05509	0.04905	0.10411	0.00821	0.00209	0.00547	0.00655	0.00389	0.04618
1	0.01146	0.01354	0.20156	0.01166	0.05295	0.00950	0.01044	0.05050	0.11073	0.05285	0.01689	0.13705	0.01588	0.10290	0.00813	0.00211	0.00538	0.03963	0.00391	0.14292
2	0.10753	0.00787	0.01074	0.05036	0.08081	0.00789	0.05202	0.01258	0.03426	0.06249	0.12376	0.02795	0.18892	0.04963	0.04673	0.11476	0.00498	0.00717	0.00407	0.00549
3	0.06227	0.01368	0.01475	0.04835	0.20599	0.15109	0.01068	0.09353	0.15890	0.02023	0.11333	0.05319	0.01660	0.00707	0.00544	0.00168	0.00586	0.00590	0.00411	0.00737
4	0.06581	0.06201	0.01712	0.01464	0.10782	0.02542	0.04175	0.38207	0.13692	0.07104	0.01387	0.01411	0.01019	0.00619	0.00526	0.00165	0.00579	0.00495	0.00475	0.00864
5	0.01440	0.00994	0.01070	0.00855	0.01177	0.01003	0.00686	0.29388	0.01677	0.02507	0.01425	0.01563	0.01091	0.00592	0.00448	0.00131	0.00417	0.00461	0.34189	0.18885
6	0.84691	0.01054	0.00801	0.00717	0.01054	0.01223	0.00590	0.01603	0.00928	0.02446	0.00759	0.00886	0.00590	0.00506	0.00337	0.00169	0.00422	0.00295	0.00337	0.00590
7	0.00849	0.00568	0.00745	0.00736	0.00842	0.00559	0.00533	0.01009	0.01149	0.06148	0.23152	0.15947	0.09643	0.14848	0.20354	0.00413	0.00623	0.00935	0.00461	0.00486
8	0.01344	0.01428	0.01678	0.04968	0.20417	0.20301	0.11330	0.01660	0.06605	0.01539	0.01594	0.02043	0.07976	0.13700	0.00917	0.00224	0.00703	0.00594	0.00324	0.00654
9	0.00877	0.00770	0.01266	0.30964	0.02112	0.00849	0.07688	0.01113	0.01062	0.01397	0.01953	0.28093	0.05278	0.06041	0.07822	0.00279	0.00642	0.00911	0.00355	0.00530
10	0.01240	0.09700	0.27809	0.01920	0.02546	0.01418	0.43998	0.01729	0.01225	0.01695	0.01028	0.01307	0.00770	0.00479	0.00573	0.00174	0.00849	0.00530	0.00257	0.00755
11	0.00858	0.00980	0.11261	0.01034	0.01288	0.00743	0.09783	0.01202	0.06565	0.01669	0.13514	0.32365	0.14153	0.01195	0.00640	0.00195	0.00448	0.01080	0.00459	0.00569
12	0.07528	0.04026	0.03678	0.01126	0.01407	0.25816	0.00901	0.10005	0.08359	0.08421	0.01588	0.14162	0.01463	0.00932	0.02931	0.00194	0.02290	0.04080	0.00416	0.00675
13	0.01976	0.01479	0.01582	0.01235	0.01654	0.01646	0.01013	0.65850	0.12492	0.03281	0.01431	0.01406	0.01026	0.00666	0.00547	0.00166	0.00577	0.00508	0.00547	0.00919
14	0.00676	0.00494	0.00621	0.00717	0.00771	0.00456	0.00483	0.00772	0.01057	0.01380	0.03286	0.60841	0.14959	0.08456	0.00868	0.00242	0.00331	0.02662	0.00491	0.00437
15	0.00720	0.00500	0.00634	0.00714	0.00750	0.00476	0.00472	0.00784	0.00986	0.01301	0.02724	0.49151	0.07485	0.21547	0.01290	0.04555	0.00384	0.04672	0.00448	0.00408
16	0.84691	0.01054	0.00801	0.00717	0.01054	0.01223	0.00590	0.01603	0.00928	0.02446	0.00759	0.00886	0.00590	0.00506	0.00337	0.00169	0.00422	0.00295	0.00337	0.00590
17	0.07007	0.00964	0.01569	0.62085	0.03225	0.01158	0.05810	0.01418	0.01095	0.01547	0.01036	0.01467	0.00784	0.00545	0.00521	0.00176	0.00674	0.00483	0.07833	0.00604
18	0.00695	0.00514	0.00614	0.00680	0.00751	0.00474	0.00462	0.00790	0.01057	0.01357	0.03428	0.40418	0.23522	0.17893	0.01112	0.00276	0.00358	0.04702	0.00470	0.00427
19	0.00671	0.00508	0.00617	0.00693	0.00775	0.00463	0.00480	0.00781	0.01093	0.01401	0.03696	0.49177	0.26906	0.05513	0.03141	0.00245	0.00351	0.02552	0.00491	0.00445
20	0.09165	0.01490	0.01512	0.01190	0.01601	0.06216	0.00973	0.56008	0.05875	0.08557	0.01339	0.01328	0.00951	0.00642	0.00525	0.00164	0.00590	0.00476	0.00521	0.00877
21	0.01341	0.00953	0.01240	0.04745	0.01444	0.00837	0.04893	0.05090	0.05126	0.14445	0.08514	0.01882	0.04514	0.03980	0.00594	0.00147	0.00455	0.00524	0.00430	0.38847
22	0.01571	0.01467	0.01446	0.01227	0.01573	0.13901	0.04697	0.14692	0.44738	0.02268	0.01730	0.01673	0.01304	0.00667	0.00540	0.00169	0.00572	0.00540	0.00484	0.04741
23	0.01152	0.00882	0.01016	0.00835	0.01160	0.00794	0.00651	0.09368	0.07831	0.05644	0.10214	0.11751	0.12502	0.00844	0.00534	0.00144	0.00386	0.00713	0.00462	0.33117
24	0.00676	0.00516	0.00625	0.00705	0.00800	0.00465	0.00505	0.00800	0.01135	0.01442	0.03915	0.46510	0.30475	0.01571	0.00682	0.00210	0.00318	0.07689	0.00506	0.00454
25	0.01604	0.38268	0.02093	0.01134	0.01492	0.25429	0.00969	0.02023	0.15460	0.01488	0.01058	0.01142	0.00883	0.00570	0.00499	0.00142	0.04353	0.00380	0.00309	0.00705
26	0.14708	0.01741	0.34014	0.01571	0.14001	0.01105	0.01445	0.01550	0.01155	0.01829	0.01424	0.02380	0.01309	0.00756	0.00550	0.00190	0.00642	0.18603	0.00322	0.00705
27	0.01211	0.09071	0.34147	0.01169	0.01786	0.01155	0.01284	0.06840	0.01239	0.01829	0.00978	0.01129	0.00756	0.00476	0.00458	0.00129	0.00606	0.00366	0.00291	0.35079
28	0.01591	0.01343	0.01349	0.01158	0.01435	0.20212	0.07217	0.06386	0.11756	0.15810	0.04938	0.11397	0.01703	0.08072	0.00773	0.00206	0.00616	0.02890	0.00459	0.00686
29	0.00784	0.00665	0.00968	0.01043	0.07894	0.00628	0.05946	0.00961	0.01148	0.01498	0.06522	0.27514	0.28825	0.01685	0.11053	0.00285	0.00525	0.01096	0.00444	0.00517
30	0.01272	0.05739	0.23198	0.05672	0.13104	0.04896	0.04851	0.07069	0.13361	0.01866	0.01577	0.02751	0.06530	0.00643	0.00536	0.00168	0.00640	0.01497	0.00347	0.04282

[dist]
# distance from previous block
# <min> <max>
13	24

[block]
# block no. 8 follows, 44 sequences, length 23
# corresponding to MSA columns:
# 785-807
name=unknown_I
#
# <colnr> <probs for GDERKNQSTAVLIFYWHMCP>
#	G	D	E	R	K	N	Q	S	T	A	V	L	I	F	Y	W	H	M	C	P
0	0.31262	0.01381	0.01296	0.01119	0.01407	0.20384	0.09335	0.01675	0.01183	0.06968	0.01308	0.15087	0.01233	0.00753	0.00538	0.00175	0.03322	0.00594	0.00365	0.00614
1	0.01519	0.01115	0.01724	0.07222	0.39581	0.01119	0.01292	0.08407	0.01420	0.16356	0.04657	0.04098	0.01401	0.00688	0.00569	0.00174	0.00576	0.06864	0.00410	0.00808
2	0.01037	0.00904	0.01455	0.13135	0.31221	0.00932	0.01199	0.01299	0.01180	0.01604	0.01911	0.19728	0.02005	0.01014	0.00628	0.00200	0.00551	0.18978	0.00375	0.00645
3	0.01477	0.23497	0.01789	0.01115	0.01486	0.04085	0.04327	0.02452	0.44463	0.07063	0.01711	0.01638	0.01304	0.00640	0.00499	0.00163	0.00517	0.00514	0.00451	0.00808
4	0.00951	0.00752	0.01078	0.00999	0.01165	0.00756	0.07111	0.01220	0.06314	0.04973	0.05464	0.35970	0.07632	0.01264	0.00755	0.00204	0.07570	0.09144	0.00464	0.06214
5	0.05868	0.01599	0.01645	0.01347	0.01716	0.21269	0.12046	0.12097	0.24210	0.10351	0.01497	0.01506	0.01106	0.00622	0.00539	0.00168	0.00672	0.00512	0.00444	0.00786
6	0.03211	0.01021	0.01411	0.04429	0.01514	0.01128	0.07301	0.17297	0.02386	0.12910	0.02618	0.01911	0.06054	0.01663	0.22035	0.00373	0.11052	0.00582	0.00413	0.00691
7	0.00664	0.00509	0.00609	0.00677	0.00772	0.00454	0.00472	0.00785	0.01150	0.01473	0.08741	0.47453	0.31187	0.01547	0.00673	0.00204	0.00297	0.01364	0.00512	0.00454
8	0.01368	0.01419	0.02151	0.14623	0.36342	0.10348	0.15535	0.01808	0.07745	0.01705	0.01113	0.01405	0.00885	0.00521	0.00556	0.00169	0.00732	0.00511	0.00293	0.00772
9	0.05589	0.01685	0.01703	0.01402	0.01758	0.27520	0.14092	0.14638	0.07023	0.08662	0.01397	0.01823	0.01143	0.00680	0.00558	0.00171	0.00743	0.08279	0.00406	0.00728
10	0.01399	0.01085	0.01173	0.01008	0.01299	0.01189	0.00794	0.26126	0.28372	0.02509	0.11234	0.07393	0.08472	0.00870	0.00571	0.00176	0.00437	0.00721	0.04408	0.00764
11	0.00837	0.00681	0.00965	0.01174	0.14323	0.00675	0.00721	0.01022	0.01131	0.01534	0.13758	0.12349	0.18478	0.09207	0.20273	0.00387	0.00662	0.00882	0.00409	0.00532
12	0.01415	0.01122	0.01536	0.01263	0.01568	0.08319	0.16965	0.04887	0.10292	0.15116	0.11023	0.12755	0.02115	0.02000	0.00644	0.00190	0.00573	0.07045	0.00480	0.00691
13	0.07036	0.01088	0.01155	0.01031	0.01283	0.04694	0.00809	0.20498	0.17632	0.05355	0.06610	0.19207	0.02037	0.00979	0.00629	0.00189	0.03482	0.05071	0.00507	0.00708
14	0.00818	0.00671	0.00956	0.01250	0.16242	0.00635	0.00748	0.00988	0.01167	0.01547	0.07185	0.39587	0.18505	0.01347	0.00655	0.00201	0.00384	0.06112	0.00463	0.00539
15	0.01086	0.01027	0.01737	0.66099	0.16745	0.01226	0.01542	0.01442	0.01117	0.01461	0.00979	0.01435	0.00751	0.00535	0.00544	0.00178	0.00713	0.00485	0.00247	0.00651
16	0.06477	0.01481	0.08194	0.11775	0.06281	0.11226	0.13227	0.06334	0.01196	0.01641	0.01004	0.01464	0.00866	0.08244	0.01020	0.00218	0.17911	0.00503	0.00286	0.00653
17	0.01362	0.60635	0.22555	0.01096	0.01651	0.01924	0.01216	0.01657	0.01119	0.01399	0.00816	0.00947	0.00697	0.00480	0.00394	0.00131	0.00641	0.00321	0.00232	0.00727
18	0.01204	0.01137	0.07277	0.01171	0.01431	0.01133	0.06240	0.08766	0.18859	0.04960	0.02041	0.15835	0.06759	0.01167	0.05837	0.00242	0.12950	0.01872	0.00435	0.00685
19	0.01458	0.19148	0.26353	0.01517	0.02090	0.07418	0.17470	0.14772	0.01450	0.01907	0.01006	0.01176	0.00765	0.00522	0.00512	0.00159	0.00760	0.00443	0.00300	0.00776
20	0.01248	0.01078	0.04682	0.06104	0.01360	0.07929	0.00863	0.10715	0.04083	0.04600	0.04601	0.15477	0.01554	0.01189	0.01124	0.21109	0.10674	0.00682	0.00372	0.00555
21	0.00967	0.00720	0.00873	0.00812	0.00979	0.00740	0.00626	0.09843	0.01342	0.04877	0.14086	0.15049	0.26453	0.01670	0.12897	0.00296	0.05785	0.00950	0.00480	0.00553
22	0.00844	0.00787	0.03720	0.01026	0.01199	0.00744	0.09294	0.01055	0.01148	0.01532	0.07656	0.22862	0.17331	0.01537	0.07801	0.00270	0.07378	0.12859	0.00433	0.00524

[dist]
# distance from previous block
# <min> <max>
3	60

[block]
# block no. 9 follows, 44 sequences, length 34
# corresponding to MSA columns:
# 869-902
name=unknown_J
#
# <colnr> <probs for GDERKNQSTAVLIFYWHMCP>
#	G	D	E	R	K	N	Q	S	T	A	V	L	I	F	Y	W	H	M	C	P
0	0.01196	0.00768	0.00902	0.00833	0.01019	0.04346	0.00628	0.05150	0.03725	0.15965	0.33943	0.23545	0.03506	0.01130	0.00625	0.00183	0.00368	0.00988	0.00570	0.00609
1	0.01310	0.03791	0.18577	0.01669	0.02148	0.17369	0.30870	0.01681	0.01284	0.01596	0.01476	0.08134	0.06254	0.00661	0.00582	0.00174	0.00805	0.00632	0.00301	0.00685
2	0.00723	0.00560	0.00642	0.00672	0.00789	0.00518	0.00478	0.00916	0.04755	0.01519	0.11582	0.25798	0.33893	0.10944	0.00914	0.00237	0.00331	0.03765	0.00497	0.00466
3	0.00787	0.00550	0.00652	0.00660	0.00784	0.00493	0.00469	0.00927	0.01219	0.05471	0.19595	0.23711	0.30235	0.10855	0.00906	0.00231	0.00322	0.01143	0.00514	0.00476
