[name]
unknown

[dist]
# distance from previous block
# <min> <max>
0	817

[block]
# block no. 0 follows, 38 sequences, length 28
# corresponding to MSA columns:
# 844-871
name=unknown_A
#
# <colnr> <probs for GDERKNQSTAVLIFYWHMCP>
#	G	D	E	R	K	N	Q	S	T	A	V	L	I	F	Y	W	H	M	C	P
0	0.01541	0.13185	0.02024	0.02127	0.29133	0.07265	0.01315	0.09097	0.10007	0.02049	0.01631	0.06327	0.01498	0.00804	0.00601	0.00188	0.00659	0.09305	0.00406	0.00838
1	0.01488	0.33702	0.08029	0.01049	0.01501	0.01543	0.00987	0.06875	0.01430	0.07542	0.10374	0.05878	0.01674	0.00873	0.03680	0.00185	0.00608	0.00558	0.00402	0.11623
2	0.01031	0.00864	0.01099	0.01170	0.07347	0.00938	0.00794	0.03984	0.06575	0.01683	0.03020	0.19241	0.19779	0.14276	0.01300	0.00284	0.12879	0.02678	0.00462	0.00595
3	0.16182	0.01178	0.01210	0.01005	0.01286	0.01292	0.00763	0.33266	0.01773	0.02611	0.01505	0.02296	0.01394	0.30013	0.01484	0.00333	0.00597	0.00628	0.00472	0.00710
4	0.01206	0.06658	0.33297	0.05432	0.02044	0.01158	0.01420	0.01649	0.01246	0.01848	0.01233	0.07212	0.01062	0.00623	0.00529	0.00153	0.00660	0.00506	0.00317	0.31747
5	0.18785	0.35519	0.06044	0.00916	0.01293	0.01592	0.00851	0.01601	0.01130	0.01777	0.01149	0.01571	0.01046	0.10466	0.04889	0.00248	0.00624	0.00442	0.09390	0.00666
6	0.83108	0.01163	0.00884	0.00791	0.01163	0.01350	0.00651	0.01768	0.01024	0.02699	0.00838	0.00977	0.00651	0.00558	0.00372	0.00186	0.00465	0.00326	0.00372	0.00651
7	0.00768	0.00571	0.00718	0.00782	0.00883	0.00521	0.00558	0.00934	0.01343	0.01781	0.21456	0.42054	0.19072	0.01639	0.00744	0.00224	0.00333	0.04520	0.00584	0.00515
8	0.00870	0.00602	0.00754	0.00754	0.00787	0.00636	0.00486	0.00937	0.00904	0.01239	0.01806	0.03443	0.01973	0.55549	0.26078	0.00703	0.00906	0.00803	0.00351	0.00419
9	0.00766	0.00612	0.00685	0.00667	0.00846	0.00531	0.00500	0.00969	0.01500	0.01931	0.32818	0.05285	0.47946	0.01409	0.00710	0.00198	0.00297	0.01199	0.00599	0.00531
10	0.02007	0.31518	0.02248	0.01354	0.01741	0.48652	0.01112	0.02177	0.01524	0.01451	0.00895	0.01040	0.00774	0.00580	0.00484	0.00145	0.00919	0.00363	0.00290	0.00725
11	0.00750	0.00536	0.00718	0.00857	0.00899	0.00503	0.00588	0.00867	0.01169	0.01555	0.03306	0.73303	0.03942	0.01869	0.00772	0.00247	0.00364	0.06705	0.00558	0.00493
12	0.01275	0.01077	0.01569	0.04420	0.29197	0.01088	0.01183	0.11268	0.01575	0.02143	0.10930	0.13835	0.10468	0.01038	0.00666	0.00201	0.00548	0.06290	0.00469	0.00760
13	0.01911	0.01636	0.01585	0.01328	0.01724	0.10226	0.01056	0.32203	0.36111	0.02928	0.01857	0.01779	0.01376	0.00755	0.00600	0.00189	0.00623	0.00589	0.00573	0.00953
14	0.00867	0.00590	0.00702	0.00708	0.00725	0.00604	0.00428	0.00902	0.00899	0.01214	0.01913	0.06751	0.02162	0.65060	0.13493	0.00624	0.00721	0.00876	0.00366	0.00394
15	0.01144	0.02370	0.52445	0.01472	0.02119	0.01190	0.01737	0.05524	0.01325	0.01913	0.01673	0.21085	0.01602	0.00917	0.00624	0.00204	0.00738	0.00775	0.00351	0.00794
16	0.02388	0.01455	0.01654	0.01276	0.01746	0.01532	0.01052	0.47495	0.05374	0.27000	0.01787	0.01673	0.01207	0.00733	0.00603	0.00183	0.00606	0.00568	0.00649	0.01020
17	0.01030	0.00653	0.00815	0.00780	0.00874	0.00653	0.00530	0.01192	0.03255	0.07597	0.16558	0.06279	0.02779	0.40630	0.13349	0.00507	0.00662	0.00885	0.00463	0.00507
18	0.18907	0.01578	0.01616	0.01262	0.01721	0.01759	0.01042	0.58431	0.02457	0.03567	0.01320	0.01348	0.00947	0.00688	0.00555	0.00182	0.00622	0.00497	0.00555	0.00947
19	0.00964	0.00938	0.06794	0.03898	0.10235	0.00800	0.00910	0.03935	0.04321	0.01754	0.03000	0.46286	0.10914	0.01446	0.00707	0.00222	0.00463	0.01292	0.00497	0.00624
20	0.04818	0.27290	0.18790	0.05101	0.21220	0.04178	0.07062	0.01853	0.01293	0.01766	0.01009	0.01250	0.00824	0.00541	0.00520	0.00167	0.00758	0.00446	0.00278	0.00836
21	0.01631	0.01070	0.01125	0.00981	0.01224	0.07970	0.00751	0.13123	0.01554	0.16713	0.04842	0.02595	0.01747	0.17497	0.09700	0.00350	0.00687	0.03251	0.12490	0.00696
22	0.00733	0.00524	0.00698	0.00838	0.00873	0.00489	0.00558	0.00838	0.01152	0.01536	0.03316	0.78466	0.03979	0.01885	0.00768	0.00244	0.00349	0.01710	0.00558	0.00489
23	0.01336	0.01390	0.07154	0.02137	0.30613	0.04278	0.03045	0.01657	0.01315	0.01894	0.01461	0.04238	0.03970	0.00668	0.00622	0.00163	0.03784	0.03262	0.03364	0.23650
24	0.01112	0.03463	0.00965	0.00860	0.00989	0.00712	0.00643	0.01227	0.01205	0.08959	0.16785	0.13448	0.02608	0.05455	0.16296	0.16130	0.02528	0.00850	0.05226	0.00537
25	0.01848	0.50569	0.02609	0.01225	0.01662	0.30172	0.01079	0.02027	0.01403	0.01437	0.00871	0.01010	0.00773	0.00554	0.00445	0.00139	0.00809	0.00346	0.00277	0.00744
26	0.03191	0.00883	0.01162	0.04446	0.04036	0.00989	0.00856	0.07207	0.04268	0.09226	0.01660	0.02056	0.01363	0.02250	0.31044	0.00496	0.06548	0.00592	0.17048	0.00678
27	0.01921	0.01811	0.04619	0.01514	0.08650	0.29516	0.01098	0.07806	0.03304	0.16161	0.01759	0.15877	0.01575	0.00884	0.00609	0.00185	0.00744	0.00713	0.00468	0.00786

[dist]
# distance from previous block
# <min> <max>
0	95

[block]
# block no. 1 follows, 38 sequences, length 19
# corresponding to MSA columns:
# 967-985
name=unknown_B
#
# <colnr> <probs for GDERKNQSTAVLIFYWHMCP>
#	G	D	E	R	K	N	Q	S	T	A	V	L	I	F	Y	W	H	M	C	P
0	0.06880	0.06406	0.01692	0.07449	0.10286	0.02740	0.01097	0.20370	0.01662	0.07875	0.01307	0.02779	0.01040	0.00935	0.06313	0.00226	0.04024	0.00507	0.00426	0.15987
1	0.31706	0.06615	0.13636	0.05544	0.10758	0.05115	0.03917	0.04537	0.03659	0.04412	0.01063	0.01255	0.00821	0.00600	0.00559	0.00186	0.04054	0.00436	0.00348	0.00779
2	0.15125	0.07129	0.01720	0.01284	0.01572	0.06163	0.13180	0.06570	0.01297	0.02051	0.01243	0.01633	0.01044	0.05395	0.00921	0.00211	0.14639	0.00529	0.17615	0.00681
3	0.01468	0.01138	0.01798	0.55252	0.09212	0.01321	0.01535	0.07139	0.01411	0.12033	0.01284	0.01644	0.00926	0.00625	0.00601	0.00195	0.00744	0.00545	0.00361	0.00767
4	0.00787	0.00574	0.00686	0.00725	0.00805	0.00532	0.00485	0.00904	0.01216	0.01602	0.15646	0.29911	0.18969	0.22795	0.01375	0.00319	0.00393	0.01281	0.00523	0.00472
5	0.00859	0.00645	0.00967	0.00967	0.01074	0.00752	0.00752	0.01074	0.00967	0.01396	0.01611	0.02363	0.01504	0.04512	0.76474	0.00967	0.01611	0.00645	0.00322	0.00537
6	0.00757	0.00542	0.00720	0.00821	0.00878	0.00505	0.00560	0.00899	0.01266	0.01717	0.18109	0.63155	0.04330	0.01749	0.00756	0.00233	0.00336	0.01581	0.00580	0.00505
7	0.01734	0.01898	0.01791	0.01551	0.01705	0.28183	0.01246	0.08353	0.01373	0.01671	0.00899	0.01246	0.00806	0.00870	0.01343	0.00217	0.43621	0.00479	0.00311	0.00705
8	0.00910	0.00628	0.00748	0.00731	0.00905	0.00553	0.00543	0.01104	0.01469	0.07428	0.27911	0.17411	0.34588	0.01430	0.00712	0.00204	0.00321	0.01235	0.00607	0.00563
9	0.01453	0.01275	0.02009	0.09300	0.35032	0.01330	0.06801	0.13740	0.01546	0.02155	0.01435	0.07692	0.01262	0.01069	0.07966	0.00263	0.00778	0.00654	0.03404	0.00837
10	0.07025	0.01397	0.01888	0.18251	0.22358	0.01522	0.01397	0.28126	0.01877	0.08401	0.01313	0.01508	0.00969	0.00637	0.00586	0.00185	0.00682	0.00530	0.00443	0.00904
11	0.04844	0.01762	0.13189	0.02095	0.25877	0.09863	0.01430	0.09010	0.13667	0.02217	0.06216	0.01854	0.03959	0.00696	0.00592	0.00184	0.00686	0.00582	0.00410	0.00868
12	0.01060	0.00901	0.01398	0.14644	0.21771	0.00925	0.01090	0.01338	0.01387	0.01925	0.26594	0.13426	0.03051	0.06864	0.00845	0.00226	0.00522	0.00913	0.00458	0.00664
13	0.01432	0.14717	0.02046	0.02050	0.26462	0.09364	0.01301	0.01685	0.01351	0.01781	0.11400	0.02144	0.01721	0.00810	0.00822	0.00191	0.13738	0.05868	0.00356	0.00761
14	0.07718	0.08136	0.10803	0.00989	0.01336	0.00967	0.00890	0.01355	0.01210	0.01827	0.09413	0.17835	0.02100	0.01554	0.13518	0.00306	0.00684	0.00771	0.00404	0.18183
15	0.01114	0.03964	0.07984	0.01304	0.07140	0.00964	0.03750	0.04205	0.01341	0.05074	0.12362	0.35721	0.02926	0.01291	0.00809	0.00217	0.07570	0.01122	0.00487	0.00656
16	0.01637	0.15800	0.15230	0.01706	0.07526	0.19105	0.10471	0.08427	0.01508	0.01850	0.01212	0.07060	0.01068	0.00696	0.00631	0.00178	0.04215	0.00558	0.00333	0.00791
17	0.01945	0.07715	0.08459	0.01406	0.08456	0.12164	0.01114	0.02276	0.04059	0.26940	0.01530	0.01534	0.01096	0.00611	0.00541	0.00157	0.00644	0.00479	0.00468	0.18407
18	0.04352	0.07229	0.11588	0.01124	0.04253	0.07930	0.00967	0.01734	0.07969	0.08526	0.08933	0.06039	0.21463	0.00978	0.00606	0.00186	0.00538	0.00797	0.04076	0.00714

[dist]
# distance from previous block
# <min> <max>
5	72

[block]
# block no. 2 follows, 38 sequences, length 8
# corresponding to MSA columns:
# 1061-1068
name=unknown_C
#
# <colnr> <probs for GDERKNQSTAVLIFYWHMCP>
#	G	D	E	R	K	N	Q	S	T	A	V	L	I	F	Y	W	H	M	C	P
0	0.07363	0.15284	0.42936	0.01628	0.04381	0.01533	0.09220	0.01956	0.01297	0.07428	0.01135	0.01300	0.00832	0.00566	0.00544	0.00181	0.00797	0.00458	0.00307	0.00856
1	0.50744	0.01035	0.00894	0.00815	0.01132	0.01153	0.00651	0.01745	0.10689	0.02475	0.09644	0.02275	0.13100	0.00816	0.00493	0.00191	0.00422	0.00602	0.00464	0.00659
2	0.41654	0.00879	0.00852	0.00827	0.01061	0.00969	0.00647	0.01398	0.01178	0.02268	0.14777	0.14944	0.02338	0.01386	0.08861	0.00286	0.00543	0.04082	0.00459	0.00592
3	0.01047	0.07333	0.01007	0.00818	0.00906	0.07080	0.00556	0.01115	0.00989	0.01254	0.01676	0.03168	0.01828	0.52418	0.15863	0.00579	0.00815	0.00747	0.00343	0.00457
4	0.01521	0.01450	0.01816	0.01990	0.25247	0.10385	0.05536	0.08523	0.01511	0.02067	0.01439	0.01646	0.05143	0.00598	0.00551	0.00150	0.00651	0.00517	0.03721	0.25539
5	0.03572	0.19294	0.26739	0.01501	0.02098	0.03104	0.14303	0.03288	0.01373	0.06917	0.04524	0.03736	0.05634	0.00682	0.00571	0.00180	0.00745	0.00583	0.00352	0.00804
6	0.01417	0.10868	0.11210	0.09992	0.24468	0.08283	0.01434	0.05527	0.03729	0.01845	0.01487	0.14216	0.01411	0.00796	0.00593	0.00186	0.00700	0.00686	0.00355	0.00796
7	0.09211	0.01584	0.11528	0.06748	0.47008	0.01383	0.01663	0.04441	0.01360	0.02072	0.01101	0.01399	0.00890	0.00546	0.00561	0.00176	0.00696	0.00491	0.00313	0.06828

[dist]
# distance from previous block
# <min> <max>
2	85

[block]
# block no. 3 follows, 38 sequences, length 14
# corresponding to MSA columns:
# 1179-1186,1196-1201
name=unknown_D
#
# <colnr> <probs for GDERKNQSTAVLIFYWHMCP>
#	G	D	E	R	K	N	Q	S	T	A	V	L	I	F	Y	W	H	M	C	P
0	0.01385	0.14430	0.37928	0.01738	0.08005	0.07983	0.06146	0.01890	0.03285	0.01779	0.01196	0.03928	0.00998	0.00661	0.00629	0.00185	0.04297	0.02421	0.00294	0.00824
1	0.01182	0.07961	0.11348	0.01033	0.01337	0.00931	0.00947	0.01446	0.01240	0.11061	0.02534	0.11772	0.12281	0.02176	0.23949	0.00438	0.00868	0.06396	0.00441	0.00660
2	0.01087	0.01460	0.18071	0.01569	0.04564	0.01060	0.19635	0.01444	0.01279	0.01775	0.07950	0.19236	0.06134	0.07698	0.00942	0.00243	0.03842	0.00935	0.00396	0.00681
3	0.01037	0.01122	0.10667	0.01237	0.01541	0.00885	0.15423	0.01318	0.01226	0.01712	0.07322	0.04233	0.11014	0.11486	0.11169	0.05435	0.00754	0.04346	0.07476	0.00598
4	0.01644	0.06495	0.23111	0.11085	0.02536	0.02909	0.16190	0.09723	0.02745	0.13594	0.01347	0.01521	0.00960	0.00620	0.00639	0.00190	0.02893	0.00544	0.00388	0.00865
5	0.00915	0.00651	0.00960	0.00956	0.01028	0.00749	0.00723	0.01017	0.00942	0.01339	0.01589	0.08726	0.01577	0.03568	0.49934	0.17806	0.06008	0.00703	0.00326	0.00483
6	0.04299	0.02061	0.28081	0.01701	0.02313	0.03773	0.19581	0.14999	0.01605	0.07761	0.01325	0.01627	0.01002	0.06244	0.00787	0.00219	0.00821	0.00567	0.00381	0.00852
7	0.00950	0.01064	0.09886	0.16245	0.05580	0.00874	0.04285	0.01253	0.01336	0.01775	0.14122	0.18081	0.19870	0.01159	0.00678	0.00206	0.00530	0.01024	0.00457	0.00626
8	0.01212	0.01176	0.07906	0.01305	0.01621	0.01077	0.12576	0.12997	0.01471	0.02051	0.12146	0.02397	0.01912	0.06533	0.30264	0.00514	0.01048	0.00698	0.00411	0.00686
9	0.01332	0.24897	0.01628	0.00947	0.01232	0.01277	0.00784	0.10446	0.01478	0.05972	0.08048	0.27346	0.06567	0.01130	0.00598	0.00186	0.00477	0.00950	0.04021	0.00683
10	0.00988	0.00662	0.00821	0.00813	0.00977	0.00581	0.00575	0.01129	0.01238	0.07962	0.06089	0.41189	0.12668	0.09213	0.00929	0.00244	0.00391	0.01263	0.00532	0.11737
11	0.01422	0.01775	0.20335	0.05157	0.11567	0.01340	0.13055	0.11563	0.05214	0.02188	0.01407	0.01913	0.01153	0.00666	0.00608	0.00183	0.00738	0.06583	0.00375	0.12757
12	0.01454	0.08339	0.03972	0.01694	0.02149	0.05710	0.30473	0.02148	0.19149	0.04975	0.02058	0.05408	0.08175	0.00755	0.00643	0.00195	0.00736	0.00735	0.00427	0.00804
13	0.14380	0.04167	0.01129	0.01055	0.02953	0.15570	0.01843	0.01510	0.01335	0.01884	0.07861	0.14191	0.05514	0.05009	0.00725	0.00216	0.00568	0.11009	0.08480	0.00599

[dist]
# distance from previous block
# <min> <max>
0	1

[block]
# block no. 4 follows, 38 sequences, length 6
# corresponding to MSA columns:
# 1203-1208
name=unknown_E
#
# <colnr> <probs for GDERKNQSTAVLIFYWHMCP>
#	G	D	E	R	K	N	Q	S	T	A	V	L	I	F	Y	W	H	M	C	P
0	0.00959	0.00733	0.00975	0.09081	0.01295	0.00813	0.00721	0.01284	0.08549	0.01576	0.10785	0.03051	0.02204	0.27805	0.26971	0.00584	0.00905	0.00767	0.00402	0.00541
1	0.00775	0.00605	0.00709	0.00743	0.00895	0.00539	0.00562	0.00959	0.01396	0.01782	0.18429	0.19082	0.39430	0.01551	0.00736	0.00217	0.00340	0.10148	0.00578	0.00522
2	0.01550	0.01659	0.12359	0.02011	0.22499	0.03751	0.05124	0.16120	0.04071	0.02309	0.01289	0.04004	0.01050	0.00614	0.00570	0.00164	0.00675	0.00532	0.00386	0.19262
3	0.00739	0.00543	0.00694	0.00800	0.00866	0.00497	0.00545	0.00864	0.01225	0.01616	0.09262	0.62626	0.13946	0.01784	0.00755	0.00234	0.00338	0.01601	0.00567	0.00497
4	0.01647	0.22364	0.20295	0.01565	0.07844	0.15797	0.01417	0.09182	0.06704	0.01929	0.01237	0.01549	0.01027	0.00653	0.00539	0.00171	0.00778	0.04129	0.00345	0.00828
5	0.01619	0.45484	0.12314	0.01504	0.06277	0.06667	0.09298	0.07267	0.01411	0.01752	0.00980	0.01153	0.00816	0.00545	0.00485	0.00153	0.00750	0.00414	0.00294	0.00817

[dist]
# distance from previous block
# <min> <max>
2	4

[block]
# block no. 5 follows, 38 sequences, length 12
# corresponding to MSA columns:
# 1215-1226
name=unknown_F
#
# <colnr> <probs for GDERKNQSTAVLIFYWHMCP>
#	G	D	E	R	K	N	Q	S	T	A	V	L	I	F	Y	W	H	M	C	P
0	0.05837	0.11808	0.30868	0.04958	0.09707	0.01418	0.09160	0.01855	0.01324	0.06157	0.05444	0.01522	0.01132	0.00595	0.00558	0.00176	0.00742	0.00505	0.00330	0.05905
1	0.03889	0.01571	0.09997	0.09038	0.04808	0.15064	0.01148	0.04870	0.02935	0.15041	0.04572	0.06098	0.01501	0.00787	0.00615	0.00183	0.02522	0.03536	0.08440	0.03385
2	0.00823	0.00630	0.00762	0.00782	0.00916	0.00591	0.00565	0.01114	0.06418	0.01943	0.29875	0.29455	0.20914	0.01489	0.00723	0.00212	0.00324	0.01311	0.00600	0.00554
3	0.01787	0.01212	0.01861	0.18546	0.18645	0.01236	0.06505	0.10275	0.01608	0.23325	0.01911	0.02020	0.06918	0.00708	0.00618	0.00190	0.00658	0.00627	0.00477	0.00874
4	0.01775	0.04208	0.17750	0.01786	0.10686	0.12517	0.09737	0.07727	0.07789	0.14554	0.01529	0.04654	0.01171	0.00681	0.00600	0.00185	0.00766	0.00580	0.00427	0.00878
5	0.01470	0.00833	0.01105	0.01153	0.09671	0.00742	0.00778	0.01679	0.01491	0.26104	0.09416	0.11060	0.29720	0.01164	0.00668	0.00198	0.00423	0.00994	0.00598	0.00732
6	0.01450	0.00683	0.00800	0.00731	0.00950	0.00632	0.00562	0.01685	0.01380	0.21303	0.02631	0.11369	0.08978	0.00930	0.00537	0.00170	0.00351	0.00775	0.43414	0.00669
7	0.01809	0.02214	0.06133	0.02380	0.23622	0.35861	0.15487	0.02120	0.01528	0.01728	0.01053	0.01318	0.00853	0.00571	0.00592	0.00173	0.00952	0.00497	0.00302	0.00805
8	0.05205	0.01359	0.01590	0.06066	0.03513	0.07329	0.01106	0.18403	0.01648	0.19344	0.01444	0.01628	0.01087	0.01210	0.09672	0.00290	0.17267	0.00544	0.00470	0.00824
9	0.00754	0.00599	0.00678	0.00696	0.00856	0.00524	0.00515	0.00930	0.01406	0.01785	0.20249	0.17758	0.45704	0.01526	0.00724	0.00210	0.00316	0.03671	0.00581	0.00519
10	0.01033	0.00725	0.00794	0.00738	0.00979	0.00654	0.00566	0.01360	0.08548	0.10379	0.12347	0.04875	0.52105	0.01334	0.00689	0.00200	0.00343	0.01116	0.00596	0.00617
11	0.01701	0.14213	0.19737	0.01532	0.02056	0.22069	0.09653	0.09313	0.06070	0.01962	0.01187	0.01344	0.00920	0.00606	0.00548	0.00170	0.00837	0.00472	0.04799	0.00809

[dist]
# distance from previous block
# <min> <max>
0	3

[block]
# block no. 6 follows, 38 sequences, length 9
# corresponding to MSA columns:
# 1230-1238
name=unknown_G
#
# <colnr> <probs for GDERKNQSTAVLIFYWHMCP>
#	G	D	E	R	K	N	Q	S	T	A	V	L	I	F	Y	W	H	M	C	P
0	0.01503	0.01596	0.01702	0.01505	0.01611	0.17647	0.01224	0.01786	0.07427	0.01573	0.01153	0.01782	0.01089	0.00989	0.01460	0.00236	0.48582	0.06124	0.00326	0.00684
1	0.01401	0.01325	0.06404	0.18742	0.33158	0.01263	0.01537	0.05951	0.01424	0.05267	0.01588	0.02190	0.04269	0.00715	0.00614	0.00190	0.00684	0.07222	0.00365	0.05689
2	0.21260	0.01843	0.08488	0.01299	0.01651	0.20075	0.01115	0.12778	0.01510	0.06660	0.01104	0.01342	0.00884	0.03821	0.00855	0.00207	0.13512	0.00457	0.00385	0.00754
3	0.01291	0.01408	0.17871	0.01144	0.01519	0.01035	0.02705	0.09419	0.10138	0.07836	0.02502	0.16054	0.10572	0.12567	0.01006	0.00260	0.00577	0.00888	0.00481	0.00726
4	0.14017	0.01504	0.06181	0.01065	0.01378	0.17970	0.00881	0.10524	0.01632	0.02217	0.18372	0.06398	0.13613	0.00959	0.00600	0.00185	0.00587	0.00760	0.00482	0.00675
5	0.08576	0.01188	0.01651	0.01921	0.26613	0.01181	0.01148	0.10504	0.01550	0.24801	0.01641	0.01976	0.01285	0.12222	0.00946	0.00242	0.00606	0.00591	0.00488	0.00871
6	0.05417	0.28118	0.02325	0.01872	0.22900	0.12508	0.01240	0.04710	0.01425	0.06991	0.01084	0.01249	0.00888	0.00557	0.00497	0.00153	0.00697	0.00424	0.00336	0.06608
7	0.01743	0.08763	0.13346	0.01362	0.01900	0.01340	0.09674	0.05776	0.16398	0.19694	0.01680	0.01675	0.01206	0.00640	0.00571	0.00173	0.00633	0.00544	0.00482	0.12401
8	0.02221	0.20479	0.02005	0.01300	0.04013	0.14277	0.01059	0.19220	0.01850	0.25619	0.01496	0.01461	0.01066	0.00656	0.00540	0.00165	0.00683	0.00482	0.00505	0.00905

[dist]
# distance from previous block
# <min> <max>
0	7

[block]
# block no. 7 follows, 38 sequences, length 23
# corresponding to MSA columns:
# 1246-1254,1261-1274
name=unknown_H
#
# <colnr> <probs for GDERKNQSTAVLIFYWHMCP>
#	G	D	E	R	K	N	Q	S	T	A	V	L	I	F	Y	W	H	M	C	P
0	0.03919	0.01225	0.13615	0.01036	0.01381	0.00926	0.00945	0.10701	0.01439	0.04746	0.02796	0.19484	0.17404	0.01575	0.10144	0.00294	0.00647	0.00934	0.00470	0.06319
1	0.09723	0.01427	0.01148	0.01038	0.01293	0.23561	0.00781	0.04165	0.01513	0.11522	0.12374	0.07702	0.11190	0.08956	0.00854	0.00224	0.00623	0.00761	0.00486	0.00657
2	0.01969	0.01086	0.01597	0.01803	0.23571	0.01013	0.01115	0.02293	0.04217	0.38315	0.09690	0.02386	0.06635	0.00786	0.00620	0.00186	0.00534	0.00681	0.00584	0.00919
3	0.01022	0.00523	0.00777	0.00788	0.00790	0.00520	0.00525	0.00788	0.00811	0.01081	0.01211	0.07440	0.01260	0.02075	0.02235	0.76475	0.00510	0.00609	0.00283	0.00278
4	0.01331	0.01322	0.13956	0.01342	0.09021	0.01028	0.01091	0.06530	0.10703	0.09806	0.27485	0.03009	0.08973	0.00936	0.00644	0.00190	0.00506	0.00800	0.00544	0.00782
5	0.01516	0.10071	0.49676	0.01608	0.02311	0.21119	0.01835	0.02026	0.01379	0.01747	0.01018	0.01193	0.00766	0.00579	0.00547	0.00176	0.00918	0.00418	0.00269	0.00828
6	0.01243	0.15858	0.50591	0.01465	0.02186	0.01461	0.01765	0.01776	0.01229	0.01772	0.01092	0.01328	0.00849	0.00958	0.08331	0.00253	0.00891	0.00438	0.00268	0.06245
7	0.00833	0.00706	0.00922	0.18146	0.01591	0.00704	0.00762	0.01058	0.01364	0.01723	0.15743	0.12200	0.39450	0.01304	0.00692	0.00205	0.00419	0.01119	0.00509	0.00552
8	0.01473	0.01415	0.02213	0.03002	0.53046	0.05302	0.06306	0.05309	0.01419	0.01950	0.01347	0.07303	0.01239	0.05147	0.00755	0.00207	0.00717	0.00646	0.00337	0.00865
9	0.01175	0.01906	0.36132	0.01233	0.01834	0.01016	0.01378	0.01632	0.01360	0.05496	0.12089	0.02320	0.10796	0.00764	0.00583	0.00170	0.00617	0.00627	0.00395	0.18477
10	0.02188	0.01636	0.01750	0.01364	0.01828	0.01819	0.01119	0.64342	0.11747	0.03632	0.01570	0.01545	0.01125	0.00734	0.00603	0.00183	0.00639	0.00559	0.00603	0.01014
11	0.01447	0.01387	0.02367	0.12352	0.66770	0.01418	0.01826	0.01810	0.01350	0.01915	0.01124	0.01502	0.00935	0.00544	0.00596	0.00181	0.00725	0.00536	0.00294	0.00919
12	0.00963	0.00797	0.01166	0.01106	0.01189	0.01000	0.00880	0.01159	0.00956	0.01408	0.01424	0.02125	0.01341	0.03724	0.59510	0.00807	0.18951	0.00618	0.00309	0.00565
13	0.02663	0.01082	0.01432	0.01098	0.01565	0.00970	0.00907	0.09084	0.01819	0.69233	0.02292	0.01995	0.01448	0.00743	0.00605	0.00186	0.00525	0.00599	0.00732	0.01024
14	0.01693	0.04068	0.23066	0.07249	0.27851	0.01342	0.01672	0.05509	0.01474	0.18198	0.01393	0.01540	0.01005	0.00605	0.00585	0.00184	0.00721	0.00519	0.00395	0.00930
15	0.01862	0.24903	0.02124	0.01401	0.04162	0.27159	0.01124	0.06914	0.10605	0.04538	0.01173	0.01292	0.00958	0.00666	0.00660	0.00168	0.08695	0.00442	0.00363	0.00790
16	0.00733	0.00524	0.00698	0.00838	0.00873	0.00489	0.00558	0.00838	0.01152	0.01536	0.03316	0.78466	0.03979	0.01885	0.00768	0.00244	0.00349	0.01710	0.00558	0.00489
17	0.00942	0.01021	0.10106	0.00916	0.01207	0.00734	0.04196	0.01186	0.01300	0.01775	0.17695	0.03750	0.21777	0.18766	0.01194	0.00270	0.00488	0.00894	0.00459	0.11323
18	0.01345	0.01490	0.03189	0.02302	0.02849	0.01396	0.63418	0.01823	0.01457	0.01991	0.10880	0.02000	0.01538	0.00602	0.00710	0.00201	0.00918	0.00760	0.00351	0.00779
19	0.00784	0.00586	0.00728	0.00748	0.00871	0.00530	0.00540	0.00984	0.01462	0.01969	0.37656	0.27057	0.20893	0.01494	0.00727	0.00209	0.00308	0.01317	0.00607	0.00530
20	0.01520	0.11622	0.26315	0.01263	0.01901	0.01352	0.01325	0.11797	0.01504	0.06959	0.01182	0.01300	0.00891	0.00554	0.00512	0.00147	0.00652	0.00424	0.00370	0.28411
21	0.07396	0.11348	0.01821	0.01399	0.01747	0.47599	0.01105	0.09513	0.01681	0.05693	0.01035	0.01163	0.00830	0.00642	0.00594	0.00164	0.04749	0.00410	0.00358	0.00752
22	0.01233	0.00927	0.01077	0.00829	0.01255	0.00724	0.00656	0.01467	0.01343	0.09100	0.05100	0.02648	0.20810	0.00789	0.00541	0.00132	0.00409	0.00649	0.00459	0.49851

[dist]
# distance from previous block
# <min> <max>
0	1

[block]
# block no. 8 follows, 38 sequences, length 35
# corresponding to MSA columns:
# 1276-1279,1284-1314
name=unknown_I
#
# <colnr> <probs for GDERKNQSTAVLIFYWHMCP>
#	G	D	E	R	K	N	Q	S	T	A	V	L	I	F	Y	W	H	M	C	P
0	0.01377	0.01271	0.02059	0.08866	0.28369	0.01282	0.12714	0.07355	0.07302	0.02117	0.08119	0.06220	0.03240	0.00727	0.00628	0.00186	0.00660	0.00695	0.00402	0.06409
1	0.00738	0.00610	0.00647	0.00638	0.00829	0.00519	0.00478	0.00916	0.01435	0.01777	0.19366	0.05539	0.61494	0.01467	0.00711	0.00200	0.00301	0.01235	0.00579	0.00519
2	0.14771	0.01338	0.01804	0.02229	0.34408	0.01394	0.01295	0.18478	0.01690	0.02564	0.09566	0.01729	0.01457	0.00659	0.00568	0.00178	0.00602	0.00559	0.00425	0.04288
3	0.01725	0.01832	0.01493	0.01248	0.01622	0.31492	0.00972	0.09088	0.01551	0.01872	0.01086	0.01306	0.00908	0.00940	0.07412	0.00213	0.04718	0.00422	0.00355	0.29747
4	0.01578	0.05878	0.34967	0.01756	0.10107	0.06128	0.01674	0.16641	0.11257	0.02329	0.01321	0.01433	0.00980	0.00631	0.00575	0.00184	0.00770	0.00496	0.00381	0.00915
5	0.20434	0.12627	0.01716	0.01309	0.01652	0.47494	0.01033	0.02152	0.01465	0.01742	0.00893	0.01051	0.00747	0.00604	0.00523	0.00162	0.03017	0.00369	0.00316	0.00696
6	0.00870	0.00545	0.00714	0.00753	0.00816	0.00509	0.00516	0.00820	0.01041	0.01335	0.03006	0.24506	0.21174	0.01884	0.01475	0.37753	0.00417	0.01053	0.00423	0.00390
7	0.01490	0.01637	0.16346	0.14335	0.19697	0.01379	0.08823	0.05183	0.03867	0.09518	0.04516	0.01678	0.01170	0.00662	0.00722	0.00196	0.06990	0.00571	0.00369	0.00850
8	0.01121	0.00561	0.00561	0.00561	0.00701	0.00561	0.00421	0.01402	0.01262	0.02243	0.01962	0.02243	0.01542	0.00701	0.00421	0.00140	0.00280	0.00561	0.82198	0.00561
9	0.02259	0.04962	0.14630	0.01207	0.01720	0.07236	0.01135	0.02568	0.01618	0.49544	0.05526	0.01904	0.01476	0.00717	0.00589	0.00182	0.00620	0.00570	0.00597	0.00940
10	0.01160	0.20270	0.04022	0.11755	0.04715	0.01248	0.00968	0.01549	0.06328	0.02015	0.35897	0.02837	0.03169	0.00887	0.00599	0.00176	0.00496	0.00750	0.00475	0.00684
11	0.01121	0.00561	0.00561	0.00561	0.00701	0.00561	0.00421	0.01402	0.01262	0.02243	0.01962	0.02243	0.01542	0.00701	0.00421	0.00140	0.00280	0.00561	0.82198	0.00561
12	0.44644	0.01306	0.01576	0.02003	0.31060	0.01417	0.01167	0.06668	0.01287	0.02477	0.00998	0.01216	0.00799	0.00561	0.00478	0.00183	0.00579	0.00425	0.00358	0.00799
13	0.02591	0.01197	0.01504	0.01153	0.01622	0.01142	0.00952	0.21353	0.02012	0.56691	0.02129	0.01889	0.01367	0.00739	0.00604	0.00185	0.00551	0.00588	0.00707	0.01024
14	0.01794	0.01608	0.01809	0.02019	0.23337	0.11786	0.01276	0.15383	0.26578	0.05652	0.01666	0.01709	0.01267	0.00686	0.00595	0.00185	0.00665	0.00569	0.00482	0.00934
15	0.01660	0.01490	0.01902	0.02360	0.34354	0.08938	0.01383	0.02413	0.25043	0.08188	0.01627	0.01733	0.01260	0.00677	0.00660	0.00189	0.04197	0.00573	0.00437	0.00919
16	0.02247	0.02867	0.01705	0.01550	0.01860	0.76443	0.01162	0.02402	0.01705	0.01472	0.00930	0.01085	0.00775	0.00620	0.00542	0.00155	0.01085	0.00387	0.00310	0.00697
17	0.00726	0.00550	0.00671	0.00767	0.00854	0.00495	0.00527	0.00846	0.01220	0.01563	0.04175	0.55986	0.25904	0.01773	0.00750	0.00232	0.00335	0.01574	0.00558	0.00495
18	0.01045	0.00522	0.00784	0.00784	0.00784	0.00522	0.00522	0.00784	0.00784	0.01045	0.01045	0.01829	0.01045	0.02090	0.02351	0.82497	0.00522	0.00522	0.00261	0.00261
19	0.00733	0.00524	0.00698	0.00838	0.00873	0.00489	0.00558	0.00838	0.01152	0.01536	0.03316	0.78466	0.03979	0.01885	0.00768	0.00244	0.00349	0.01710	0.00558	0.00489
20	0.02247	0.02867	0.01705	0.01550	0.01860	0.76443	0.01162	0.02402	0.01705	0.01472	0.00930	0.01085	0.00775	0.00620	0.00542	0.00155	0.01085	0.00387	0.00310	0.00697
21	0.00733	0.00524	0.00698	0.00838	0.00873	0.00489	0.00558	0.00838	0.01152	0.01536	0.03316	0.78466	0.03979	0.01885	0.00768	0.00244	0.00349	0.01710	0.00558	0.00489
22	0.02287	0.01685	0.01805	0.01384	0.01866	0.01866	0.01143	0.73100	0.02828	0.03791	0.01444	0.01444	0.01023	0.00722	0.00602	0.00181	0.00662	0.00542	0.00602	0.01023
23	0.01608	0.79220	0.03152	0.01029	0.01544	0.02380	0.01029	0.01801	0.01222	0.01415	0.00836	0.00965	0.00772	0.00515	0.00386	0.00129	0.00643	0.00322	0.00257	0.00772
24	0.83108	0.01163	0.00884	0.00791	0.01163	0.01350	0.00651	0.01768	0.01024	0.02699	0.00838	0.00977	0.00651	0.00558	0.00372	0.00186	0.00465	0.00326	0.00372	0.00651
25	0.00900	0.00679	0.00944	0.00923	0.00991	0.00788	0.00682	0.01045	0.00936	0.01333	0.01631	0.02745	0.01649	0.26150	0.49007	0.00799	0.07271	0.00703	0.00330	0.00496
26	0.00718	0.00610	0.00619	0.00617	0.00817	0.00511	0.00463	0.00877	0.01388	0.01664	0.09479	0.05726	0.71453	0.01509	0.00711	0.00202	0.00304	0.01261	0.00564	0.00511
27	0.83108	0.01163	0.00884	0.00791	0.01163	0.01350	0.00651	0.01768	0.01024	0.02699	0.00838	0.00977	0.00651	0.00558	0.00372	0.00186	0.00465	0.00326	0.00372	0.00651
28	0.01121	0.00561	0.00561	0.00561	0.00701	0.00561	0.00421	0.01402	0.01262	0.02243	0.01962	0.02243	0.01542	0.00701	0.00421	0.00140	0.00280	0.00561	0.82198	0.00561
29	0.83108	0.01163	0.00884	0.00791	0.01163	0.01350	0.00651	0.01768	0.01024	0.02699	0.00838	0.00977	0.00651	0.00558	0.00372	0.00186	0.00465	0.00326	0.00372	0.00651
30	0.01136	0.01069	0.01804	0.77412	0.04143	0.01337	0.01671	0.01537	0.01203	0.01537	0.01069	0.01604	0.00802	0.00601	0.00601	0.00200	0.00802	0.00535	0.00267	0.00668
31	0.01451	0.01390	0.02372	0.11711	0.67388	0.01419	0.01827	0.01813	0.01352	0.01919	0.01125	0.01501	0.00936	0.00543	0.00596	0.00181	0.00724	0.00536	0.00294	0.00922
32	0.00867	0.00775	0.00766	0.00816	0.00947	0.07338	0.00582	0.01001	0.01281	0.01559	0.04137	0.38345	0.32180	0.01757	0.04532	0.00256	0.00461	0.01360	0.00524	0.00518
33	0.00876	0.00627	0.00878	0.00878	0.00963	0.00705	0.00650	0.01047	0.00961	0.01388	0.01692	0.02704	0.01656	0.20696	0.56479	0.00841	0.01318	0.00691	0.04449	0.00500
34	0.39041	0.12794	0.01533	0.01131	0.01498	0.31807	0.00911	0.02029	0.01327	0.02024	0.00875	0.01019	0.00718	0.00577	0.00443	0.00166	0.00740	0.00350	0.00331	0.00687

[dist]
# distance from previous block
# <min> <max>
0	1

[block]
# block no. 9 follows, 38 sequences, length 7
# corresponding to MSA columns:
# 1317-1323
name=unknown_J
#
# <colnr> <probs for GDERKNQSTAVLIFYWHMCP>
#	G	D	E	R	K	N	Q	S	T	A	V	L	I	F	Y	W	H	M	C	P
0	0.67919	0.01397	0.08110	0.00933	0.01365	0.01401	0.00846	0.08290	0.01212	0.02723	0.00916	0.01048	0.00696	0.00575	0.00412	0.00186	0.00524	0.00357	0.00382	0.00708
1	0.83108	0.01163	0.00884	0.00791	0.01163	0.01350	0.00651	0.01768	0.01024	0.02699	0.00838	0.00977	0.00651	0.00558	0.00372	0.00186	0.00465	0.00326	0.00372	0.00651
2	0.83108	0.01163	0.00884	0.00791	0.01163	0.01350	0.00651	0.01768	0.01024	0.02699	0.00838	0.00977	0.00651	0.00558	0.00372	0.00186	0.00465	0.00326	0.00372	0.00651
3	0.01121	0.00561	0.00561	0.00561	0.00701	0.00561	0.00421	0.01402	0.01262	0.02243	0.01962	0.02243	0.01542	0.00701	0.00421	0.00140	0.00280	0.00561	0.82198	0.00561
4	0.01461	0.00815	0.01088	0.01127	0.06293	0.00777	0.00766	0.01764	0.08265	0.23807	0.02670	0.36187	0.02655	0.08297	0.00899	0.00249	0.00457	0.01123	0.00584	0.00714
5	0.01878	0.46935	0.02540	0.01249	0.01678	0.33697	0.01086	0.02055	0.01426	0.01439	0.00876	0.01016	0.00773	0.00559	0.00452	0.00140	0.00830	0.00349	0.00280	0.00740
6	0.48916	0.01884	0.01231	0.01112	0.01458	0.33102	0.00868	0.02036	0.01312	0.02180	0.00877	0.01023	0.00704	0.00584	0.00444	0.00173	0.00727	0.00352	0.00346	0.00671

[dist]
# distance from previous block
# <min> <max>
1	2

[block]
# block no. 10 follows, 38 sequences, length 12
# corresponding to MSA columns:
# 1327-1331,1340-1346
name=unknown_K
#
# <colnr> <probs for GDERKNQSTAVLIFYWHMCP>
#	G	D	E	R	K	N	Q	S	T	A	V	L	I	F	Y	W	H	M	C	P
0	0.01207	0.03112	0.75741	0.01715	0.02604	0.01397	0.02223	0.01905	0.01270	0.01905	0.01080	0.01270	0.00762	0.00572	0.00572	0.00191	0.00889	0.00445	0.00254	0.00889
1	0.83108	0.01163	0.00884	0.00791	0.01163	0.01350	0.00651	0.01768	0.01024	0.02699	0.00838	0.00977	0.00651	0.00558	0.00372	0.00186	0.00465	0.00326	0.00372	0.00651
2	0.02699	0.01024	0.01396	0.01070	0.01536	0.00884	0.00884	0.02932	0.01722	0.75522	0.02373	0.02048	0.01489	0.00745	0.00605	0.00186	0.00512	0.00605	0.00745	0.01024
3	0.02649	0.01105	0.01446	0.01109	0.01576	0.01004	0.00916	0.11507	0.01857	0.66756	0.02260	0.01974	0.01432	0.00742	0.00605	0.00185	0.00530	0.00597	0.00727	0.01024
4	0.00726	0.00549	0.00671	0.00769	0.00855	0.00494	0.00528	0.00845	0.01218	0.01562	0.04149	0.56670	0.25237	0.01776	0.00751	0.00232	0.00336	0.01578	0.00558	0.00494
5	0.01185	0.01103	0.01883	0.22975	0.30531	0.01159	0.06719	0.01498	0.01270	0.01731	0.01705	0.22130	0.01718	0.00913	0.00652	0.00204	0.00663	0.00863	0.00360	0.00740
6	0.01316	0.01316	0.01843	0.01579	0.01579	0.01843	0.01316	0.01448	0.00921	0.01448	0.00790	0.01316	0.00790	0.01053	0.01974	0.00263	0.77757	0.00526	0.00263	0.00658
7	0.00863	0.00629	0.00888	0.00888	0.00968	0.00709	0.00654	0.01024	0.00943	0.01338	0.01683	0.02762	0.01677	0.23367	0.57856	0.00870	0.01351	0.00703	0.00333	0.00493
8	0.01199	0.01352	0.09459	0.10235	0.15111	0.05782	0.08523	0.01533	0.01186	0.01627	0.01295	0.01813	0.01117	0.02174	0.31266	0.00505	0.04240	0.00578	0.00300	0.00705
9	0.01284	0.08635	0.50985	0.05717	0.02477	0.01397	0.07142	0.01855	0.01301	0.04560	0.01313	0.01831	0.01054	0.00671	0.00594	0.00195	0.00829	0.07020	0.00305	0.00836
10	0.01655	0.01351	0.01504	0.01274	0.01575	0.01577	0.01011	0.24274	0.34339	0.02624	0.01839	0.02016	0.01462	0.08067	0.01040	0.00241	0.12108	0.00632	0.00534	0.00875
11	0.63258	0.01141	0.00952	0.00835	0.01211	0.01272	0.00678	0.01844	0.08417	0.02560	0.01278	0.01365	0.04420	0.00621	0.00420	0.00180	0.00457	0.00410	0.00404	0.08276

[dist]
# distance from previous block
# <min> <max>
0	1

[block]
# block no. 11 follows, 38 sequences, length 14
# corresponding to MSA columns:
# 1348-1352,1355-1363
name=unknown_L
#
# <colnr> <probs for GDERKNQSTAVLIFYWHMCP>
#	G	D	E	R	K	N	Q	S	T	A	V	L	I	F	Y	W	H	M	C	P
0	0.01223	0.08415	0.07194	0.05168	0.33611	0.01214	0.03281	0.01544	0.01387	0.01881	0.11661	0.02700	0.16598	0.00830	0.00616	0.00183	0.00593	0.00736	0.00390	0.00776
1	0.00907	0.00704	0.01051	0.13432	0.01506	0.00819	0.00837	0.01116	0.00990	0.01381	0.01571	0.02505	0.01504	0.16437	0.51643	0.00776	0.01305	0.00665	0.00320	0.00529
2	0.01256	0.01101	0.01325	0.00980	0.01446	0.00937	0.00791	0.01506	0.01205	0.01894	0.01033	0.01256	0.00878	0.00524	0.00644	0.00112	0.10468	0.00378	0.00344	0.71922
3	0.00733	0.00524	0.00698	0.00838	0.00873	0.00489	0.00558	0.00838	0.01152	0.01536	0.03316	0.78466	0.03979	0.01885	0.00768	0.00244	0.00349	0.01710	0.00558	0.00489
4	0.01158	0.00690	0.00862	0.00776	0.00994	0.00611	0.00597	0.01397	0.01618	0.15809	0.42965	0.04384	0.23373	0.01218	0.00690	0.00192	0.00332	0.01047	0.00650	0.00637
5	0.01091	0.00668	0.00881	0.00797	0.00981	0.00609	0.00609	0.01368	0.01705	0.11890	0.65401	0.04177	0.05133	0.01167	0.00696	0.00189	0.00313	0.01025	0.00673	0.00627
6	0.01489	0.01429	0.02442	0.03692	0.75106	0.01429	0.01846	0.01846	0.01370	0.01965	0.01132	0.01489	0.00953	0.00536	0.00596	0.00179	0.00715	0.00536	0.00298	0.00953
7	0.00730	0.00565	0.00665	0.00735	0.00848	0.00501	0.00515	0.00864	0.01275	0.01619	0.08175	0.43322	0.34648	0.01695	0.00740	0.00224	0.00327	0.01488	0.00564	0.00501
8	0.83108	0.01163	0.00884	0.00791	0.01163	0.01350	0.00651	0.01768	0.01024	0.02699	0.00838	0.00977	0.00651	0.00558	0.00372	0.00186	0.00465	0.00326	0.00372	0.00651
9	0.01496	0.01292	0.01360	0.01224	0.01564	0.01496	0.00952	0.03197	0.74019	0.02516	0.02448	0.02244	0.01836	0.00816	0.00612	0.00204	0.00476	0.00680	0.00612	0.00952
10	0.00711	0.00609	0.00609	0.00609	0.00813	0.00508	0.00457	0.00863	0.01371	0.01625	0.06094	0.05789	0.74862	0.01524	0.00711	0.00203	0.00305	0.01270	0.00559	0.00508
11	0.01588	0.01338	0.01412	0.01243	0.01599	0.01539	0.00974	0.11311	0.65756	0.02664	0.02332	0.02152	0.01742	0.00805	0.00611	0.00201	0.00498	0.00664	0.00611	0.00960
12	0.01597	0.01294	0.02004	0.02251	0.31034	0.01230	0.08881	0.02106	0.10815	0.12295	0.01471	0.01624	0.01124	0.00578	0.00577	0.00165	0.00626	0.00542	0.00415	0.19370
13	0.01303	0.25786	0.17059	0.01489	0.11126	0.01535	0.01259	0.01715	0.07005	0.01654	0.01372	0.06107	0.01275	0.09295	0.07205	0.00283	0.02881	0.00575	0.00325	0.00751

[dist]
# distance from previous block
# <min> <max>
0	1

[block]
# block no. 12 follows, 38 sequences, length 8
# corresponding to MSA columns:
# 1365-1372
name=unknown_M
#
# <colnr> <probs for GDERKNQSTAVLIFYWHMCP>
#	G	D	E	R	K	N	Q	S	T	A	V	L	I	F	Y	W	H	M	C	P
0	0.11394	0.02236	0.20918	0.01428	0.01955	0.18396	0.01359	0.25912	0.06468	0.02571	0.01226	0.01314	0.00907	0.00647	0.00554	0.00180	0.00781	0.00465	0.00419	0.00867
1	0.10930	0.01038	0.01344	0.01042	0.01498	0.00932	0.00860	0.02813	0.01650	0.68068	0.02216	0.01938	0.01403	0.00726	0.00581	0.00186	0.00507	0.00576	0.00706	0.00986
2	0.01608	0.79220	0.03152	0.01029	0.01544	0.02380	0.01029	0.01801	0.01222	0.01415	0.00836	0.00965	0.00772	0.00515	0.00386	0.00129	0.00643	0.00322	0.00257	0.00772
3	0.00835	0.00614	0.00781	0.00740	0.00889	0.00561	0.00555	0.01103	0.01664	0.02320	0.66758	0.04645	0.13764	0.01264	0.00710	0.00191	0.00286	0.01109	0.00650	0.00561
4	0.00869	0.00606	0.00770	0.00770	0.00809	0.00645	0.00506	0.00948	0.00909	0.01251	0.01791	0.03361	0.01937	0.51635	0.29943	0.00724	0.00960	0.00791	0.00349	0.00428
5	0.02159	0.01562	0.01669	0.01294	0.01738	0.01723	0.01064	0.65265	0.02657	0.03622	0.01501	0.01532	0.01080	0.00720	0.00582	0.00176	0.00620	0.00544	0.09518	0.00973
6	0.00859	0.00645	0.00967	0.00967	0.01074	0.00752	0.00752	0.01074	0.00967	0.01396	0.01611	0.02363	0.01504	0.04512	0.76474	0.00967	0.01611	0.00645	0.00322	0.00537
7	0.02426	0.20593	0.01836	0.01060	0.01538	0.01259	0.00921	0.02649	0.01597	0.56976	0.01989	0.01777	0.01310	0.00687	0.00550	0.00172	0.00545	0.00534	0.00623	0.00961

[dist]
# distance from previous block
# <min> <max>
0	2

[block]
# block no. 13 follows, 38 sequences, length 53
# corresponding to MSA columns:
# 1375-1399,1402-1429
name=unknown_N
#
# <colnr> <probs for GDERKNQSTAVLIFYWHMCP>
#	G	D	E	R	K	N	Q	S	T	A	V	L	I	F	Y	W	H	M	C	P
0	0.01207	0.03112	0.75741	0.01715	0.02604	0.01397	0.02223	0.01905	0.01270	0.01905	0.01080	0.01270	0.00762	0.00572	0.00572	0.00191	0.00889	0.00445	0.00254	0.00889
1	0.01846	0.50854	0.02615	0.01223	0.01661	0.29896	0.01079	0.02025	0.01402	0.01436	0.00871	0.01010	0.00773	0.00554	0.00444	0.00138	0.00807	0.00346	0.00277	0.00744
2	0.01699	0.47341	0.02413	0.01068	0.01510	0.05654	0.00974	0.15274	0.04467	0.02019	0.01169	0.01281	0.00964	0.00596	0.00448	0.00144	0.00614	0.00412	0.11158	0.00795
3	0.01566	0.01163	0.01292	0.01131	0.01416	0.01260	0.00875	0.34589	0.11454	0.02733	0.02287	0.30058	0.02241	0.01164	0.00658	0.00206	0.00508	0.00993	0.03608	0.00799
4	0.00851	0.00615	0.00804	0.00757	0.00899	0.00568	0.00568	0.01135	0.01703	0.02412	0.74788	0.04494	0.05676	0.01230	0.00710	0.00189	0.00284	0.01088	0.00662	0.00568
5	0.00865	0.00700	0.00760	0.00758	0.00947	0.00654	0.00565	0.04615	0.07096	0.01816	0.07576	0.20437	0.46699	0.01495	0.00712	0.00212	0.00349	0.02607	0.00569	0.00567
6	0.01608	0.79220	0.03152	0.01029	0.01544	0.02380	0.01029	0.01801	0.01222	0.01415	0.00836	0.00965	0.00772	0.00515	0.00386	0.00129	0.00643	0.00322	0.00257	0.00772
7	0.01247	0.01069	0.01247	0.00891	0.01426	0.00802	0.00713	0.01515	0.01247	0.01960	0.01069	0.01247	0.00891	0.00446	0.00446	0.00089	0.00446	0.00356	0.00356	0.82536
8	0.01218	0.01190	0.01367	0.01496	0.11391	0.13352	0.01013	0.01414	0.01159	0.01507	0.01545	0.11534	0.01539	0.03925	0.32739	0.00533	0.11401	0.00711	0.00340	0.00627
9	0.00726	0.00552	0.00668	0.00761	0.00852	0.00495	0.00524	0.00846	0.01226	0.01566	0.04253	0.53954	0.27886	0.01763	0.00749	0.00230	0.00334	0.01562	0.00558	0.00495
10	0.09122	0.13830	0.02850	0.00935	0.01362	0.02554	0.00796	0.04861	0.01435	0.13073	0.09777	0.02155	0.09605	0.00734	0.00522	0.00150	0.00486	0.00576	0.00464	0.24712
11	0.01314	0.21686	0.16866	0.04373	0.10497	0.01468	0.01272	0.04029	0.08456	0.02018	0.19827	0.02146	0.02145	0.00749	0.00567	0.00174	0.00601	0.00616	0.00410	0.00787
12	0.01316	0.01316	0.01843	0.01579	0.01579	0.01843	0.01316	0.01448	0.00921	0.01448	0.00790	0.01316	0.00790	0.01053	0.01974	0.00263	0.77757	0.00526	0.00263	0.00658
13	0.00733	0.00524	0.00698	0.00838	0.00873	0.00489	0.00558	0.00838	0.01152	0.01536	0.03316	0.78466	0.03979	0.01885	0.00768	0.00244	0.00349	0.01710	0.00558	0.00489
14	0.02289	0.01371	0.01752	0.01834	0.20684	0.07066	0.01194	0.13036	0.01794	0.40016	0.01801	0.01738	0.01225	0.00677	0.00597	0.00181	0.00631	0.00561	0.00574	0.00980
15	0.01541	0.01703	0.01691	0.12125	0.03287	0.25435	0.01245	0.01738	0.01304	0.01582	0.08915	0.01631	0.01320	0.00861	0.01163	0.00210	0.32716	0.00544	0.00323	0.00668
16	0.00827	0.00563	0.00670	0.00717	0.00729	0.00551	0.00430	0.00862	0.00968	0.01291	0.02374	0.29074	0.02791	0.52897	0.02288	0.00469	0.00504	0.01157	0.00430	0.00406
17	0.74112	0.01214	0.01178	0.00983	0.01381	0.01368	0.08610	0.01786	0.01067	0.02614	0.00879	0.01048	0.00680	0.00553	0.00409	0.00188	0.00526	0.00368	0.00365	0.00669
18	0.00722	0.00610	0.00624	0.00621	0.00819	0.00512	0.00466	0.00884	0.01397	0.01686	0.11387	0.05690	0.69531	0.01501	0.00711	0.00202	0.00303	0.01256	0.00567	0.00512
19	0.01965	0.10548	0.12248	0.01626	0.05528	0.51950	0.01336	0.02209	0.01549	0.01550	0.00946	0.01127	0.00782	0.00614	0.00586	0.00162	0.03833	0.00401	0.00294	0.00743
20	0.00836	0.00676	0.00752	0.00736	0.00922	0.00628	0.00549	0.01186	0.09121	0.01937	0.25156	0.11110	0.41412	0.01395	0.00705	0.00203	0.00321	0.01192	0.00594	0.00570
21	0.19200	0.01233	0.01951	0.05953	0.02094	0.01280	0.25559	0.04950	0.08050	0.02192	0.03335	0.02745	0.01614	0.00835	0.00643	0.00214	0.00698	0.16303	0.00422	0.00728
22	0.01701	0.01862	0.02269	0.01801	0.02200	0.28275	0.29863	0.03521	0.01528	0.05996	0.01520	0.13695	0.01387	0.00786	0.00651	0.00191	0.00897	0.00744	0.00379	0.00736
23	0.00740	0.00529	0.00704	0.00833	0.00874	0.00493	0.00559	0.00855	0.01184	0.01586	0.07447	0.74190	0.04077	0.01847	0.00764	0.00241	0.00345	0.01674	0.00564	0.00493
24	0.01420	0.02157	0.31057	0.13856	0.06471	0.09681	0.03241	0.07478	0.10178	0.02004	0.01550	0.01715	0.05216	0.00674	0.00593	0.00189	0.00789	0.00547	0.00353	0.00830
25	0.01489	0.01429	0.02442	0.03692	0.75106	0.01429	0.01846	0.01846	0.01370	0.01965	0.01132	0.01489	0.00953	0.00536	0.00596	0.00179	0.00715	0.00536	0.00298	0.00953
26	0.01455	0.01212	0.01272	0.01151	0.01469	0.01393	0.00894	0.02999	0.66007	0.02486	0.02395	0.02244	0.01804	0.00803	0.00591	0.00197	0.00455	0.00667	0.09596	0.00909
27	0.01251	0.11493	0.67748	0.01639	0.02487	0.01505	0.02091	0.01894	0.01265	0.01851	0.01053	0.01236	0.00763	0.00565	0.00551	0.00184	0.00862	0.00431	0.00254	0.00876
