[name]
unknown

[dist]
# distance from previous block
# <min> <max>
4	343

[block]
# block no. 0 follows, 43 sequences, length 15
# corresponding to MSA columns:
# 777-791
name=unknown_A
#
# <colnr> <probs for GDERKNQSTAVLIFYWHMCP>
#	G	D	E	R	K	N	Q	S	T	A	V	L	I	F	Y	W	H	M	C	P
0	0.01481	0.08503	0.01902	0.03164	0.29248	0.11632	0.05645	0.07803	0.04662	0.04471	0.05912	0.05180	0.01291	0.00626	0.00537	0.00158	0.00639	0.00547	0.00358	0.06243
1	0.06296	0.04468	0.00985	0.00811	0.01014	0.00771	0.00628	0.06156	0.01282	0.14731	0.16216	0.07248	0.10385	0.01472	0.08410	0.16854	0.00513	0.00727	0.00466	0.00567
2	0.25788	0.14852	0.08087	0.00876	0.01246	0.01259	0.00803	0.09512	0.05778	0.02081	0.02022	0.02043	0.16755	0.00734	0.00466	0.00164	0.00469	0.00546	0.05860	0.00659
3	0.09391	0.01495	0.01470	0.14701	0.06861	0.18967	0.01063	0.18288	0.04033	0.06623	0.01258	0.06148	0.01029	0.00653	0.00523	0.00164	0.00664	0.00510	0.00393	0.05765
4	0.00739	0.00568	0.00818	0.14241	0.01320	0.00584	0.00690	0.00882	0.01068	0.01414	0.02697	0.66659	0.03161	0.01532	0.00681	0.00218	0.00393	0.01389	0.00468	0.00478
5	0.15454	0.00999	0.01091	0.00805	0.01271	0.00825	0.00647	0.01435	0.01113	0.01921	0.00948	0.01106	0.00782	0.00428	0.00399	0.00097	0.00413	0.00323	0.00331	0.69612
6	0.00814	0.00598	0.00735	0.00726	0.00831	0.00551	0.00486	0.00908	0.00966	0.01343	0.02082	0.31681	0.02375	0.31252	0.07633	0.00370	0.00510	0.00994	0.00398	0.14746
7	0.01822	0.01290	0.01413	0.01162	0.01542	0.01422	0.00934	0.30461	0.36825	0.14112	0.01891	0.01758	0.01357	0.00708	0.00559	0.00177	0.00509	0.00567	0.00578	0.00911
8	0.01451	0.00759	0.00934	0.00832	0.01075	0.00725	0.00643	0.01846	0.12011	0.27346	0.12528	0.15907	0.07172	0.00975	0.00577	0.00178	0.00368	0.00834	0.13140	0.00697
9	0.01424	0.67150	0.02601	0.00926	0.01403	0.01942	0.00898	0.01613	0.01129	0.01389	0.00807	0.00933	0.00730	0.00463	0.00365	0.00112	0.00561	0.00302	0.00253	0.15001
10	0.18556	0.01275	0.01382	0.01080	0.01499	0.01354	0.00892	0.39040	0.01971	0.25309	0.01473	0.01410	0.01002	0.00641	0.00513	0.00169	0.00532	0.00477	0.00551	0.00874
11	0.01094	0.00905	0.01262	0.01073	0.01321	0.00899	0.11878	0.15868	0.04970	0.02017	0.09898	0.26117	0.18081	0.01158	0.00646	0.00193	0.00462	0.01038	0.00498	0.00623
12	0.01572	0.05633	0.16943	0.01486	0.01931	0.17534	0.12406	0.18947	0.01609	0.02043	0.03777	0.01646	0.01103	0.00670	0.00636	0.00175	0.05512	0.05270	0.00358	0.00751
13	0.00920	0.00753	0.01257	0.01078	0.01286	0.00693	0.16758	0.01146	0.01283	0.05216	0.20308	0.32152	0.12422	0.01227	0.00669	0.00197	0.00442	0.01141	0.00494	0.00557
14	0.09232	0.06278	0.01825	0.18318	0.02132	0.01158	0.20903	0.05927	0.01203	0.01718	0.07778	0.01657	0.01209	0.00852	0.00877	0.16829	0.00650	0.00548	0.00314	0.00593

[dist]
# distance from previous block
# <min> <max>
0	2

[block]
# block no. 1 follows, 43 sequences, length 8
# corresponding to MSA columns:
# 794-801
name=unknown_B
#
# <colnr> <probs for GDERKNQSTAVLIFYWHMCP>
#	G	D	E	R	K	N	Q	S	T	A	V	L	I	F	Y	W	H	M	C	P
0	0.01053	0.00960	0.01649	0.01304	0.01592	0.00933	0.25771	0.07777	0.01336	0.01797	0.12412	0.09678	0.12590	0.08196	0.10096	0.00301	0.00697	0.00848	0.00410	0.00602
1	0.18556	0.01095	0.01555	0.38049	0.17915	0.01268	0.01296	0.01700	0.10040	0.01826	0.01103	0.01405	0.00851	0.00557	0.00510	0.00178	0.00621	0.00468	0.00310	0.00697
2	0.48265	0.01258	0.01079	0.07675	0.01465	0.09732	0.00785	0.04068	0.10051	0.02218	0.01012	0.01135	0.00785	0.00547	0.00417	0.00163	0.00523	0.00370	0.00360	0.08093
3	0.00783	0.00533	0.00635	0.00656	0.00670	0.00536	0.00396	0.00816	0.00854	0.01148	0.01936	0.15991	0.02228	0.61061	0.09016	0.00517	0.00584	0.00913	0.00361	0.00368
4	0.01083	0.01025	0.01548	0.50689	0.02908	0.03736	0.01359	0.01380	0.01088	0.01423	0.01182	0.02004	0.01048	0.00863	0.03338	0.00225	0.15048	0.09174	0.00280	0.00598
5	0.01577	0.68104	0.02685	0.01026	0.01469	0.14613	0.00968	0.01749	0.01198	0.01312	0.00784	0.00906	0.00711	0.00490	0.00379	0.00122	0.00659	0.00306	0.00245	0.00700
6	0.00794	0.00582	0.00831	0.00831	0.00909	0.00660	0.00618	0.00951	0.00873	0.01242	0.01538	0.02476	0.01515	0.19963	0.62710	0.00817	0.01288	0.00637	0.00305	0.00462
7	0.13392	0.01414	0.01493	0.01167	0.01589	0.01555	0.00961	0.55346	0.05496	0.10073	0.01372	0.01354	0.00967	0.00650	0.00526	0.00168	0.00564	0.00482	0.00538	0.00892

[dist]
# distance from previous block
# <min> <max>
1	2

[block]
# block no. 2 follows, 43 sequences, length 54
# corresponding to MSA columns:
# 804-822,828-857,887-891
name=unknown_C
#
# <colnr> <probs for GDERKNQSTAVLIFYWHMCP>
#	G	D	E	R	K	N	Q	S	T	A	V	L	I	F	Y	W	H	M	C	P
0	0.00760	0.00547	0.00732	0.00849	0.00924	0.00525	0.00647	0.00916	0.01144	0.01500	0.03100	0.45758	0.07299	0.04164	0.00794	0.00244	0.00398	0.28723	0.00507	0.00470
1	0.01410	0.05229	0.13535	0.06674	0.32581	0.06663	0.01410	0.05987	0.01368	0.06471	0.06737	0.01583	0.02411	0.00586	0.00536	0.00161	0.00646	0.00505	0.00338	0.05168
2	0.00672	0.00492	0.00632	0.00745	0.00796	0.00452	0.00502	0.00774	0.01086	0.01424	0.03374	0.70779	0.12852	0.01693	0.00700	0.00220	0.00316	0.01524	0.00514	0.00452
3	0.01371	0.01316	0.02248	0.03399	0.77081	0.01316	0.01700	0.01700	0.01261	0.01809	0.01042	0.01371	0.00877	0.00493	0.00548	0.00164	0.00658	0.00493	0.00274	0.00877
4	0.01342	0.04806	0.07359	0.01983	0.30172	0.02838	0.05101	0.05839	0.02985	0.06267	0.05959	0.09302	0.01435	0.00673	0.00548	0.00161	0.00580	0.00607	0.00368	0.11676
5	0.05657	0.32242	0.02041	0.01194	0.01566	0.38327	0.00996	0.07364	0.03175	0.01567	0.00887	0.01001	0.00747	0.00542	0.00443	0.00138	0.00776	0.00348	0.00296	0.00694
6	0.01338	0.01185	0.01656	0.01408	0.01450	0.01609	0.01172	0.01468	0.00921	0.08868	0.00871	0.01278	0.00791	0.00941	0.01693	0.00235	0.71699	0.00492	0.00286	0.00639
7	0.01485	0.17661	0.09135	0.03582	0.01528	0.01141	0.02972	0.03391	0.02990	0.20865	0.04604	0.04526	0.01826	0.00891	0.00579	0.00186	0.00554	0.20902	0.00462	0.00718
8	0.01701	0.08235	0.09204	0.01485	0.08094	0.32637	0.01171	0.07125	0.04731	0.05009	0.01067	0.01230	0.00853	0.00623	0.00655	0.00162	0.10177	0.00423	0.04698	0.00719
9	0.01117	0.01045	0.01755	0.46241	0.27874	0.01182	0.01490	0.01446	0.01154	0.01546	0.01208	0.09230	0.01074	0.00651	0.00567	0.00182	0.00670	0.00600	0.00282	0.00686
10	0.01148	0.00984	0.01148	0.00820	0.01312	0.00738	0.00656	0.01395	0.01148	0.01805	0.00984	0.01148	0.00820	0.00410	0.00410	0.00082	0.00410	0.00328	0.00328	0.83922
11	0.00708	0.00524	0.00666	0.00749	0.00832	0.00482	0.00538	0.00850	0.01185	0.01558	0.12969	0.48827	0.17364	0.01575	0.00696	0.00215	0.00326	0.08943	0.00526	0.00469
12	0.00934	0.00481	0.00714	0.00726	0.00730	0.00478	0.00484	0.00726	0.00755	0.01007	0.01169	0.09452	0.01229	0.01905	0.02020	0.75607	0.00465	0.00589	0.00268	0.00261
13	0.00828	0.00582	0.00716	0.00672	0.00833	0.00521	0.00508	0.01053	0.01483	0.05556	0.53359	0.04365	0.25094	0.01187	0.00649	0.00178	0.00277	0.01028	0.00587	0.00527
14	0.00997	0.00519	0.00530	0.00530	0.00639	0.00519	0.00379	0.01215	0.01106	0.01910	0.01797	0.02308	0.01512	0.13111	0.00767	0.00193	0.00302	0.00561	0.70617	0.00488
15	0.05350	0.01204	0.01511	0.01111	0.01590	0.01109	0.09006	0.22115	0.01564	0.02305	0.01086	0.01226	0.00846	0.00493	0.00474	0.00121	0.00525	0.00411	0.00387	0.47567
16	0.01539	0.73127	0.02770	0.00995	0.01450	0.09725	0.00960	0.01713	0.01169	0.01308	0.00778	0.00899	0.00711	0.00483	0.00370	0.00121	0.00633	0.00302	0.00242	0.00704
17	0.84448	0.01071	0.00814	0.00728	0.01071	0.01242	0.00600	0.01628	0.00943	0.02485	0.00771	0.00900	0.00600	0.00514	0.00343	0.00171	0.00428	0.00300	0.00343	0.00600
18	0.00903	0.00646	0.00805	0.00795	0.00886	0.00696	0.00564	0.05351	0.05601	0.01469	0.01869	0.14758	0.01940	0.28151	0.28159	0.00546	0.00814	0.00808	0.04753	0.00486
19	0.00667	0.00540	0.00593	0.00625	0.00767	0.00466	0.00452	0.00802	0.01223	0.01512	0.08655	0.25635	0.53174	0.01479	0.00669	0.00197	0.00291	0.01270	0.00519	0.00466
20	0.00741	0.00557	0.00746	0.00774	0.00865	0.00582	0.00567	0.00887	0.00989	0.01332	0.02629	0.19987	0.16139	0.10666	0.39261	0.00577	0.00909	0.00937	0.00389	0.00464
21	0.00681	0.00495	0.00643	0.00748	0.00800	0.00456	0.00507	0.00792	0.01113	0.01478	0.08468	0.68412	0.10036	0.01664	0.00699	0.00218	0.00314	0.01499	0.00521	0.00456
22	0.01130	0.06988	0.73715	0.01545	0.02345	0.01334	0.01988	0.01749	0.01167	0.01730	0.00982	0.01154	0.00702	0.00523	0.00517	0.00172	0.00807	0.00403	0.00234	0.00813
23	0.01101	0.00931	0.01222	0.01136	0.01375	0.00994	0.07749	0.01911	0.33188	0.01913	0.02629	0.12461	0.06278	0.01115	0.00656	0.00213	0.00485	0.23452	0.00512	0.00679
24	0.09152	0.00643	0.00681	0.00652	0.00709	0.00669	0.00400	0.04821	0.00914	0.01341	0.01627	0.03233	0.01817	0.68395	0.02454	0.00481	0.00530	0.00739	0.00348	0.00394
25	0.01783	0.01731	0.01537	0.04973	0.01704	0.27042	0.01059	0.18147	0.16067	0.06030	0.01286	0.01380	0.00990	0.00694	0.00735	0.00176	0.13018	0.00477	0.00410	0.00762
26	0.01710	0.01337	0.01620	0.01442	0.09568	0.07284	0.07312	0.23420	0.09140	0.12737	0.06801	0.01713	0.02566	0.00650	0.00551	0.00160	0.00584	0.00548	0.00476	0.10382
27	0.05938	0.01049	0.01045	0.00887	0.01158	0.08550	0.00701	0.16609	0.01635	0.15321	0.16123	0.02118	0.01937	0.00736	0.00510	0.00156	0.00449	0.00586	0.23797	0.00694
28	0.01962	0.01512	0.01556	0.01234	0.01627	0.06276	0.01000	0.63400	0.02388	0.03154	0.01471	0.09113	0.01197	0.00765	0.00566	0.00171	0.00605	0.00596	0.00534	0.00875
29	0.01334	0.01243	0.02048	0.23808	0.51900	0.01321	0.01610	0.06805	0.01314	0.01821	0.01046	0.01397	0.00844	0.00522	0.00550	0.00170	0.00676	0.00493	0.00286	0.00811
30	0.01562	0.01387	0.02688	0.01939	0.02464	0.01306	0.52248	0.09169	0.01471	0.13756	0.01300	0.01521	0.00932	0.00518	0.00616	0.00177	0.00802	0.00606	0.00373	0.05168
31	0.02485	0.00943	0.01285	0.00985	0.01414	0.00814	0.00814	0.02699	0.01585	0.77465	0.02185	0.01885	0.01371	0.00685	0.00557	0.00171	0.00471	0.00557	0.00685	0.00943
32	0.01528	0.01284	0.01418	0.01180	0.01488	0.09317	0.08193	0.26206	0.13680	0.02380	0.01735	0.13125	0.01502	0.00803	0.00556	0.00172	0.00558	0.00680	0.13454	0.00742
33	0.01323	0.47569	0.34819	0.01217	0.01838	0.01805	0.01417	0.01699	0.01144	0.01496	0.00866	0.01008	0.00707	0.00496	0.00428	0.00143	0.00689	0.00344	0.00236	0.00757
34	0.00779	0.00526	0.00612	0.00638	0.00645	0.00519	0.00372	0.00798	0.00857	0.01143	0.02012	0.19236	0.02350	0.64466	0.02388	0.00473	0.00493	0.00962	0.00372	0.00359
35	0.00684	0.00498	0.00644	0.00743	0.00800	0.00459	0.00506	0.00801	0.01130	0.01502	0.10599	0.65379	0.10927	0.01643	0.00696	0.00216	0.00311	0.01478	0.00524	0.00459
36	0.00878	0.00680	0.00773	0.00744	0.00916	0.00653	0.00555	0.08595	0.05386	0.01905	0.22005	0.20838	0.31396	0.01299	0.00651	0.00190	0.00327	0.01119	0.00544	0.00547
37	0.01523	0.01241	0.01272	0.01129	0.01452	0.05365	0.00881	0.02880	0.64793	0.09704	0.02174	0.01992	0.01608	0.00735	0.00560	0.00184	0.00471	0.00605	0.00561	0.00871
38	0.00705	0.00571	0.00631	0.00639	0.00809	0.00497	0.00494	0.00879	0.01316	0.01639	0.17394	0.05237	0.55884	0.01372	0.00668	0.00193	0.00305	0.09756	0.00530	0.00482
39	0.02452	0.00995	0.01318	0.01010	0.01440	0.00891	0.00834	0.08905	0.01672	0.71136	0.02112	0.01838	0.01334	0.00684	0.00557	0.00171	0.00483	0.00552	0.00674	0.00942
40	0.01111	0.02865	0.77667	0.01579	0.02397	0.01286	0.02046	0.01754	0.01169	0.01754	0.00994	0.01169	0.00702	0.00526	0.00526	0.00175	0.00818	0.00409	0.00234	0.00818
41	0.01148	0.00984	0.01148	0.00820	0.01312	0.00738	0.00656	0.01395	0.01148	0.01805	0.00984	0.01148	0.00820	0.00410	0.00410	0.00082	0.00410	0.00328	0.00328	0.83922
42	0.00692	0.00546	0.00625	0.00640	0.00780	0.00478	0.00467	0.00855	0.01300	0.01668	0.23602	0.20631	0.42947	0.01402	0.00665	0.00192	0.00284	0.01210	0.00539	0.00478
43	0.01306	0.00780	0.00808	0.00710	0.00919	0.00823	0.00557	0.20146	0.01529	0.02428	0.01685	0.01877	0.01298	0.00650	0.00430	0.00139	0.00348	0.00512	0.62431	0.00625
44	0.01046	0.00984	0.01661	0.79205	0.03814	0.01230	0.01538	0.01415	0.01107	0.01415	0.00984	0.01477	0.00738	0.00554	0.00554	0.00185	0.00738	0.00492	0.00246	0.00615
45	0.15513	0.01026	0.01115	0.00826	0.01290	0.00871	0.00665	0.04906	0.01181	0.02001	0.00964	0.01114	0.00788	0.00440	0.00405	0.00101	0.00423	0.00331	0.00341	0.65697
46	0.01167	0.14673	0.66349	0.01483	0.02249	0.01423	0.01880	0.01739	0.01163	0.01686	0.00960	0.01127	0.00703	0.00518	0.00500	0.00167	0.00784	0.00392	0.00234	0.00802
47	0.00719	0.00513	0.00652	0.00720	0.00768	0.00490	0.00479	0.00819	0.01059	0.01418	0.10146	0.47015	0.08029	0.18988	0.05263	0.00321	0.00421	0.01272	0.00473	0.00436
48	0.00686	0.00554	0.00612	0.00630	0.00785	0.00481	0.00470	0.00842	0.01277	0.01591	0.14786	0.15498	0.53620	0.01418	0.00667	0.00194	0.00294	0.04596	0.00527	0.00475
49	0.01212	0.01212	0.01696	0.01454	0.01454	0.01696	0.01212	0.01333	0.00848	0.01333	0.00727	0.01212	0.00727	0.00969	0.01818	0.00242	0.79523	0.00485	0.00242	0.00606
50	0.01111	0.02865	0.77667	0.01579	0.02397	0.01286	0.02046	0.01754	0.01169	0.01754	0.00994	0.01169	0.00702	0.00526	0.00526	0.00175	0.00818	0.00409	0.00234	0.00818
51	0.00800	0.00560	0.00719	0.00719	0.00759	0.00599	0.00479	0.00879	0.00839	0.01159	0.01640	0.03042	0.01761	0.49814	0.33196	0.00679	0.00918	0.00720	0.00320	0.00399
52	0.01307	0.01494	0.03268	0.02334	0.02894	0.01401	0.75070	0.01774	0.01307	0.01774	0.01120	0.01494	0.00840	0.00467	0.00654	0.00187	0.00934	0.00654	0.00280	0.00747
53	0.00711	0.00528	0.00666	0.00729	0.00822	0.00483	0.00524	0.00866	0.01233	0.01634	0.20535	0.42180	0.18938	0.01514	0.00688	0.00208	0.00312	0.06418	0.00536	0.00474

[dist]
# distance from previous block
# <min> <max>
0	163

[block]
# block no. 3 follows, 43 sequences, length 42
# corresponding to MSA columns:
# 1055-1096
name=unknown_D
#
# <colnr> <probs for GDERKNQSTAVLIFYWHMCP>
#	G	D	E	R	K	N	Q	S	T	A	V	L	I	F	Y	W	H	M	C	P
0	0.01378	0.01190	0.01252	0.01127	0.01440	0.01378	0.00877	0.02943	0.76081	0.02317	0.02254	0.02066	0.01691	0.00751	0.00564	0.00188	0.00438	0.00626	0.00564	0.00877
1	0.00704	0.00563	0.00630	0.00613	0.00778	0.00489	0.00460	0.00891	0.01379	0.01774	0.32897	0.04873	0.49397	0.01299	0.00654	0.00182	0.00273	0.01105	0.00551	0.00489
2	0.00805	0.00537	0.00604	0.00604	0.00604	0.00537	0.00336	0.00805	0.00805	0.01074	0.01745	0.03624	0.02013	0.80536	0.02819	0.00537	0.00537	0.00805	0.00336	0.00336
3	0.02105	0.01551	0.01662	0.01274	0.01717	0.01717	0.01053	0.75235	0.02604	0.03490	0.01330	0.01330	0.00942	0.00665	0.00554	0.00166	0.00609	0.00499	0.00554	0.00942
4	0.00675	0.00482	0.00643	0.00771	0.00803	0.00450	0.00514	0.00771	0.01060	0.01414	0.03053	0.80175	0.03663	0.01735	0.00707	0.00225	0.00321	0.01574	0.00514	0.00450
5	0.00791	0.00593	0.00890	0.00890	0.00989	0.00692	0.00692	0.00989	0.00890	0.01286	0.01483	0.02176	0.01385	0.04154	0.78341	0.00890	0.01483	0.00593	0.00297	0.00494
6	0.02263	0.00992	0.01279	0.01014	0.01419	0.00927	0.00827	0.02748	0.16542	0.62378	0.02199	0.01921	0.01435	0.00699	0.00558	0.00175	0.00465	0.00571	0.00661	0.00929
7	0.14050	0.00961	0.01219	0.00949	0.01365	0.00874	0.00784	0.02548	0.01494	0.66885	0.01985	0.01746	0.01262	0.00661	0.00527	0.00171	0.00465	0.00521	0.00637	0.00894
8	0.00703	0.00555	0.00633	0.00629	0.00782	0.00485	0.00466	0.00882	0.01352	0.01747	0.30729	0.11924	0.44473	0.01337	0.00659	0.00186	0.00277	0.01147	0.00548	0.00485
9	0.02105	0.01551	0.01662	0.01274	0.01717	0.01717	0.01053	0.75235	0.02604	0.03490	0.01330	0.01330	0.00942	0.00665	0.00554	0.00166	0.00609	0.00499	0.00554	0.00942
10	0.00760	0.00560	0.00715	0.00719	0.00843	0.00515	0.00542	0.00979	0.01422	0.01945	0.48825	0.15841	0.14909	0.01298	0.00672	0.00191	0.00296	0.07896	0.00573	0.00503
11	0.84448	0.01071	0.00814	0.00728	0.01071	0.01242	0.00600	0.01628	0.00943	0.02485	0.00771	0.00900	0.00600	0.00514	0.00343	0.00171	0.00428	0.00300	0.00343	0.00600
12	0.00675	0.00520	0.00618	0.00682	0.00783	0.00462	0.00478	0.00802	0.01180	0.01508	0.09721	0.44491	0.32984	0.01556	0.00682	0.00206	0.00300	0.01369	0.00522	0.00462
13	0.01570	0.01267	0.01349	0.01155	0.01494	0.01436	0.00913	0.25524	0.49137	0.02639	0.02005	0.05873	0.01558	0.00775	0.00568	0.00183	0.00486	0.00635	0.00558	0.00875
14	0.00953	0.00558	0.00686	0.00691	0.00809	0.00522	0.00496	0.01131	0.01239	0.08486	0.19804	0.28288	0.06466	0.06982	0.00758	0.00207	0.00320	0.01028	0.20056	0.00519
15	0.01453	0.54544	0.20481	0.01139	0.01682	0.06734	0.01219	0.04445	0.01218	0.01494	0.00849	0.00978	0.00717	0.00499	0.00412	0.00135	0.00672	0.00334	0.00251	0.00741
16	0.01330	0.17709	0.51919	0.01412	0.02108	0.01525	0.01686	0.12692	0.01375	0.01926	0.01001	0.01139	0.00739	0.00537	0.00497	0.00163	0.00744	0.00401	0.00282	0.00816
17	0.00694	0.00513	0.00654	0.00758	0.00829	0.00473	0.00536	0.00815	0.01120	0.01455	0.03515	0.58550	0.17205	0.01652	0.00703	0.00221	0.00333	0.09001	0.00514	0.00459
18	0.00669	0.00505	0.00619	0.00710	0.00787	0.00455	0.00487	0.00778	0.01119	0.01438	0.03796	0.58409	0.24949	0.01638	0.00692	0.00214	0.00309	0.01456	0.00514	0.00455
19	0.01274	0.01292	0.12475	0.05062	0.01471	0.08210	0.00942	0.10622	0.04301	0.08987	0.10838	0.15946	0.14313	0.00993	0.00599	0.00182	0.00522	0.00834	0.00471	0.00666
20	0.01871	0.02228	0.01534	0.08670	0.01869	0.56810	0.01084	0.04918	0.12674	0.01582	0.01094	0.01215	0.00870	0.00600	0.00516	0.00154	0.00877	0.00415	0.00333	0.00685
21	0.00675	0.00482	0.00643	0.00771	0.00803	0.00450	0.00514	0.00771	0.01060	0.01414	0.03053	0.80175	0.03663	0.01735	0.00707	0.00225	0.00321	0.01574	0.00514	0.00450
22	0.08738	0.36702	0.17176	0.01187	0.01666	0.23148	0.01170	0.01829	0.01242	0.01509	0.00838	0.00976	0.00700	0.00515	0.00428	0.00141	0.00736	0.00336	0.00259	0.00703
23	0.01328	0.01273	0.02171	0.13282	0.67530	0.01305	0.01679	0.01663	0.01241	0.01758	0.01034	0.01385	0.00859	0.00501	0.00549	0.00167	0.00668	0.00493	0.00270	0.00843
24	0.00799	0.00540	0.00632	0.00637	0.00648	0.00548	0.00376	0.00821	0.00823	0.01106	0.01769	0.06328	0.02016	0.70450	0.09823	0.00558	0.00618	0.00814	0.00339	0.00355
25	0.02105	0.01551	0.01662	0.01274	0.01717	0.01717	0.01053	0.75235	0.02604	0.03490	0.01330	0.01330	0.00942	0.00665	0.00554	0.00166	0.00609	0.00499	0.00554	0.00942
26	0.01371	0.01316	0.02248	0.03399	0.77081	0.01316	0.01700	0.01700	0.01261	0.01809	0.01042	0.01371	0.00877	0.00493	0.00548	0.00164	0.00658	0.00493	0.00274	0.00877
27	0.02069	0.02640	0.01569	0.01427	0.01712	0.78313	0.01070	0.02212	0.01569	0.01355	0.00856	0.00999	0.00713	0.00571	0.00499	0.00143	0.00999	0.00357	0.00285	0.00642
28	0.01080	0.01282	0.21851	0.01073	0.04729	0.00815	0.01001	0.02694	0.01322	0.09701	0.21852	0.03024	0.15638	0.08234	0.03099	0.00230	0.00524	0.00761	0.00448	0.00643
29	0.00695	0.00524	0.00633	0.00684	0.00780	0.00473	0.00477	0.00830	0.01201	0.01567	0.17049	0.39308	0.26571	0.05598	0.00790	0.00220	0.00309	0.01306	0.00522	0.00463
30	0.01238	0.01038	0.01197	0.00863	0.01350	0.00830	0.00693	0.08319	0.01285	0.01963	0.01017	0.01165	0.00832	0.00434	0.00424	0.00090	0.00429	0.00344	0.00349	0.76140
31	0.05334	0.16193	0.11583	0.01583	0.15862	0.15123	0.01202	0.08255	0.01393	0.07381	0.01044	0.01178	0.00818	0.00528	0.00477	0.00145	0.00670	0.00399	0.00328	0.10503
32	0.01271	0.12986	0.31140	0.01588	0.15114	0.01262	0.01415	0.01741	0.05603	0.07789	0.06327	0.01851	0.08270	0.00659	0.00531	0.00167	0.00623	0.00541	0.00347	0.00776
33	0.00679	0.00485	0.00646	0.00768	0.00804	0.00453	0.00514	0.00782	0.01080	0.01444	0.05847	0.77293	0.03722	0.01712	0.00705	0.00223	0.00319	0.01553	0.00518	0.00453
34	0.00897	0.00835	0.04990	0.01262	0.16205	0.00712	0.00821	0.01171	0.01434	0.01992	0.45662	0.03629	0.16196	0.01018	0.00626	0.00174	0.00373	0.00897	0.00507	0.00600
35	0.01388	0.11569	0.10123	0.01408	0.06353	0.07931	0.09846	0.03882	0.01277	0.08786	0.09057	0.01684	0.01368	0.00974	0.07388	0.00234	0.11448	0.00534	0.04052	0.00699
36	0.01788	0.01795	0.08933	0.01463	0.01892	0.20919	0.14275	0.20347	0.06052	0.10741	0.01381	0.05442	0.01076	0.00655	0.00564	0.00170	0.00745	0.00551	0.00420	0.00790
37	0.00667	0.00562	0.00578	0.00574	0.00756	0.00473	0.00430	0.00818	0.01291	0.01564	0.12285	0.05218	0.70139	0.01377	0.00654	0.00186	0.00279	0.01153	0.00523	0.00473
38	0.01067	0.01038	0.04216	0.18116	0.04458	0.01056	0.08714	0.01734	0.23148	0.01788	0.05283	0.09998	0.15275	0.00889	0.00603	0.00189	0.00530	0.00791	0.00431	0.00676
39	0.08632	0.01430	0.01838	0.15410	0.38885	0.12139	0.01404	0.05867	0.05796	0.01861	0.01071	0.01335	0.00859	0.00541	0.00526	0.00167	0.00684	0.00466	0.00310	0.00780
40	0.01526	0.01189	0.01404	0.01171	0.01423	0.01384	0.00949	0.25800	0.16692	0.06329	0.14860	0.01978	0.01826	0.00841	0.00881	0.00191	0.19673	0.00613	0.00497	0.00772
41	0.09936	0.00921	0.01145	0.00906	0.01282	0.00855	0.00742	0.05980	0.01512	0.55528	0.01954	0.01792	0.01285	0.00662	0.00511	0.00165	0.00442	0.00524	0.13012	0.00847

[dist]
# distance from previous block
# <min> <max>
0	65

[block]
# block no. 4 follows, 43 sequences, length 46
# corresponding to MSA columns:
# 1162-1207
name=unknown_E
#
# <colnr> <probs for GDERKNQSTAVLIFYWHMCP>
#	G	D	E	R	K	N	Q	S	T	A	V	L	I	F	Y	W	H	M	C	P
0	0.01648	0.01869	0.27350	0.01794	0.16894	0.01371	0.03692	0.24720	0.01690	0.11716	0.01260	0.01358	0.00899	0.00581	0.00547	0.00170	0.00682	0.00479	0.00399	0.00882
1	0.02087	0.01238	0.01432	0.01126	0.01523	0.01285	0.00918	0.43317	0.02105	0.28111	0.01792	0.09531	0.01363	0.00781	0.00571	0.00174	0.00534	0.00628	0.00594	0.00892
2	0.00805	0.00537	0.00604	0.00604	0.00604	0.00537	0.00336	0.00805	0.00805	0.01074	0.01745	0.03624	0.02013	0.80536	0.02819	0.00537	0.00537	0.00805	0.00336	0.00336
3	0.84448	0.01071	0.00814	0.00728	0.01071	0.01242	0.00600	0.01628	0.00943	0.02485	0.00771	0.00900	0.00600	0.00514	0.00343	0.00171	0.00428	0.00300	0.00343	0.00600
4	0.01344	0.01296	0.02235	0.09198	0.69073	0.01312	0.04032	0.01680	0.01251	0.01778	0.01040	0.01383	0.00865	0.00497	0.00552	0.00167	0.00673	0.00498	0.00272	0.00853
5	0.01006	0.00610	0.00771	0.00725	0.00899	0.00545	0.00545	0.01206	0.01421	0.13775	0.37523	0.16693	0.19707	0.01220	0.00647	0.00185	0.00308	0.01063	0.00585	0.00565
6	0.01371	0.01316	0.02248	0.03399	0.77081	0.01316	0.01700	0.01700	0.01261	0.01809	0.01042	0.01371	0.00877	0.00493	0.00548	0.00164	0.00658	0.00493	0.00274	0.00877
7	0.00671	0.00495	0.00629	0.00736	0.00794	0.00453	0.00499	0.00775	0.01094	0.01427	0.03478	0.67719	0.15844	0.01680	0.00698	0.00219	0.00315	0.01507	0.00514	0.00453
8	0.00784	0.00566	0.00740	0.00697	0.00827	0.00523	0.00523	0.01045	0.01568	0.02221	0.76789	0.04137	0.05226	0.01132	0.00653	0.00174	0.00261	0.01002	0.00610	0.00523
9	0.00675	0.00482	0.00643	0.00771	0.00803	0.00450	0.00514	0.00771	0.01060	0.01414	0.03053	0.80175	0.03663	0.01735	0.00707	0.00225	0.00321	0.01574	0.00514	0.00450
10	0.01206	0.01241	0.01577	0.53106	0.07583	0.14566	0.01362	0.01505	0.01192	0.01428	0.01176	0.09387	0.01040	0.00673	0.00560	0.00180	0.00736	0.00579	0.00282	0.00619
11	0.01267	0.35888	0.46016	0.01311	0.01984	0.01669	0.01581	0.01713	0.01151	0.01563	0.00899	0.01050	0.00705	0.00504	0.00454	0.00151	0.00723	0.00361	0.00235	0.00773
12	0.15706	0.02078	0.01466	0.07271	0.01768	0.47391	0.01025	0.13651	0.01594	0.01887	0.00927	0.01072	0.00733	0.00575	0.00486	0.00154	0.00822	0.00380	0.00335	0.00681
13	0.04169	0.01150	0.01904	0.30453	0.44409	0.01245	0.01541	0.01575	0.01190	0.01703	0.01048	0.01425	0.00843	0.00523	0.00535	0.00170	0.00660	0.00487	0.04212	0.00756
14	0.00791	0.00593	0.00890	0.00890	0.00989	0.00692	0.00692	0.00989	0.00890	0.01286	0.01483	0.02176	0.01385	0.04154	0.78341	0.00890	0.01483	0.00593	0.00297	0.00494
15	0.00832	0.00553	0.00771	0.00771	0.00820	0.00602	0.00543	0.00878	0.00829	0.01155	0.01448	0.02491	0.01477	0.25881	0.40064	0.18571	0.00993	0.00631	0.00296	0.00394
16	0.00679	0.00562	0.00596	0.00587	0.00763	0.00478	0.00440	0.00843	0.01321	0.01636	0.19301	0.05101	0.63079	0.01351	0.00654	0.00185	0.00277	0.01137	0.00533	0.00478
17	0.01111	0.02865	0.77667	0.01579	0.02397	0.01286	0.02046	0.01754	0.01169	0.01754	0.00994	0.01169	0.00702	0.00526	0.00526	0.00175	0.00818	0.00409	0.00234	0.00818
18	0.02311	0.01221	0.01458	0.01117	0.01553	0.01227	0.00923	0.35869	0.02051	0.43637	0.01794	0.01631	0.01175	0.00676	0.00556	0.00169	0.00534	0.00530	0.00625	0.00942
19	0.01604	0.01140	0.01469	0.01379	0.09532	0.01214	0.05060	0.12623	0.27476	0.16447	0.01803	0.01958	0.01387	0.08697	0.03562	0.00240	0.02496	0.00595	0.00499	0.00818
20	0.01589	0.24957	0.19069	0.01266	0.01728	0.25258	0.01224	0.09278	0.01404	0.01642	0.00959	0.01130	0.00785	0.00818	0.06459	0.00203	0.00839	0.00384	0.00288	0.00721
21	0.01220	0.01234	0.04999	0.36169	0.42363	0.01278	0.01643	0.01579	0.01191	0.01636	0.01015	0.01409	0.00810	0.00521	0.00550	0.00174	0.00699	0.00490	0.00260	0.00761
22	0.01600	0.07575	0.06934	0.01963	0.24536	0.01467	0.08771	0.28220	0.01706	0.03719	0.01204	0.01496	0.00967	0.06543	0.00715	0.00193	0.00661	0.00515	0.00383	0.00831
23	0.01111	0.02865	0.77667	0.01579	0.02397	0.01286	0.02046	0.01754	0.01169	0.01754	0.00994	0.01169	0.00702	0.00526	0.00526	0.00175	0.00818	0.00409	0.00234	0.00818
24	0.00675	0.00482	0.00643	0.00771	0.00803	0.00450	0.00514	0.00771	0.01060	0.01414	0.03053	0.80175	0.03663	0.01735	0.00707	0.00225	0.00321	0.01574	0.00514	0.00450
25	0.01556	0.61667	0.08448	0.01051	0.01546	0.02043	0.01050	0.13911	0.01375	0.01702	0.00880	0.00983	0.00748	0.00510	0.00402	0.00131	0.00613	0.00339	0.00289	0.00757
26	0.00824	0.00650	0.00940	0.00932	0.01004	0.00771	0.00716	0.00988	0.00914	0.01309	0.01683	0.16432	0.01737	0.05384	0.52257	0.00676	0.11191	0.00766	0.00331	0.00496
27	0.00675	0.00482	0.00643	0.00771	0.00803	0.00450	0.00514	0.00771	0.01060	0.01414	0.03053	0.80175	0.03663	0.01735	0.00707	0.00225	0.00321	0.01574	0.00514	0.00450
28	0.00814	0.00517	0.00692	0.00788	0.00850	0.00478	0.00537	0.00919	0.01101	0.07265	0.02986	0.74151	0.03487	0.01654	0.00695	0.00221	0.00333	0.01496	0.00527	0.00488
29	0.01869	0.01596	0.01561	0.05184	0.08754	0.18860	0.01073	0.23742	0.17789	0.11692	0.01483	0.01492	0.01088	0.00643	0.00543	0.00167	0.00655	0.00500	0.00470	0.00838
30	0.01971	0.15659	0.01791	0.01347	0.01664	0.65644	0.01050	0.02119	0.01496	0.01347	0.00842	0.00980	0.00713	0.00555	0.00475	0.00139	0.00931	0.00347	0.00277	0.00653
31	0.01470	0.07625	0.16776	0.01333	0.04434	0.14306	0.06574	0.08549	0.01386	0.04090	0.01028	0.01180	0.00802	0.00504	0.00485	0.00135	0.00672	0.00399	0.00322	0.27930
32	0.00947	0.01055	0.11321	0.17709	0.04166	0.00882	0.01000	0.03566	0.06812	0.01780	0.17272	0.09718	0.19626	0.00980	0.00607	0.00184	0.00484	0.00843	0.00435	0.00613
33	0.00655	0.00561	0.00561	0.00561	0.00748	0.00468	0.00421	0.00795	0.01262	0.01496	0.05610	0.05330	0.76857	0.01403	0.00655	0.00187	0.00281	0.01169	0.00514	0.00468
34	0.01331	0.01174	0.02015	0.31568	0.39363	0.01250	0.05952	0.01674	0.01231	0.07480	0.01113	0.01457	0.00861	0.00529	0.00557	0.00174	0.00690	0.00507	0.00296	0.00776
35	0.05307	0.01901	0.01492	0.01266	0.01607	0.35652	0.00989	0.29384	0.01899	0.08057	0.01274	0.06314	0.01036	0.00688	0.00531	0.00160	0.00746	0.00502	0.00434	0.00763
36	0.02371	0.01125	0.01398	0.01072	0.01505	0.01085	0.00886	0.24475	0.01891	0.55257	0.01928	0.01718	0.01242	0.00679	0.00556	0.00170	0.00513	0.00539	0.00646	0.00942
37	0.01278	0.01006	0.01614	0.65611	0.03411	0.01201	0.01423	0.05073	0.01239	0.11143	0.01153	0.01521	0.00828	0.00576	0.00554	0.00182	0.00698	0.00501	0.00316	0.00672
38	0.00698	0.00547	0.00631	0.00644	0.00783	0.00481	0.00470	0.00866	0.01315	0.01700	0.26694	0.19684	0.40742	0.01386	0.00664	0.00191	0.00283	0.01198	0.00543	0.00481
39	0.01002	0.00782	0.01216	0.01080	0.01252	0.00843	0.09068	0.01255	0.03044	0.06454	0.07892	0.09407	0.07067	0.02310	0.31940	0.00480	0.08703	0.05239	0.00393	0.00570
40	0.06388	0.01446	0.01550	0.06456	0.04396	0.07413	0.01047	0.43338	0.01966	0.02679	0.01236	0.05003	0.00992	0.00697	0.00645	0.00170	0.07461	0.00515	0.00448	0.06155
41	0.07089	0.04198	0.01684	0.08296	0.10648	0.22959	0.04609	0.14535	0.13729	0.05057	0.01254	0.01362	0.00957	0.00598	0.00524	0.00165	0.00705	0.00469	0.00389	0.00773
42	0.01196	0.18942	0.08823	0.07819	0.01615	0.02650	0.04452	0.01651	0.12072	0.04711	0.09445	0.10514	0.07274	0.00805	0.00538	0.00166	0.00526	0.00677	0.00400	0.05725
43	0.01568	0.02766	0.01348	0.01128	0.01395	0.24150	0.04327	0.09892	0.07153	0.05882	0.05651	0.01556	0.01195	0.00948	0.00930	0.20769	0.00651	0.00484	0.00370	0.07837
44	0.03863	0.09628	0.11169	0.01271	0.01647	0.26168	0.04577	0.13001	0.05719	0.01855	0.01271	0.01746	0.01100	0.05829	0.00671	0.00187	0.00738	0.06057	0.02805	0.00700
45	0.03048	0.01612	0.04039	0.11771	0.03849	0.20575	0.11188	0.18065	0.04257	0.05029	0.03237	0.08238	0.01217	0.00697	0.00565	0.00172	0.00727	0.00590	0.00392	0.00730

[dist]
# distance from previous block
# <min> <max>
2	141

[block]
# block no. 5 follows, 43 sequences, length 6
# corresponding to MSA columns:
# 1364-1369
name=unknown_F
#
# <colnr> <probs for GDERKNQSTAVLIFYWHMCP>
#	G	D	E	R	K	N	Q	S	T	A	V	L	I	F	Y	W	H	M	C	P
0	0.16998	0.01772	0.14319	0.03709	0.04741	0.15821	0.10845	0.11088	0.03971	0.04273	0.01078	0.01244	0.00818	0.00646	0.02579	0.00184	0.00737	0.00441	0.00343	0.04393
1	0.01561	0.14651	0.11844	0.01943	0.24294	0.11479	0.07182	0.04839	0.01352	0.10038	0.01206	0.05020	0.00992	0.00590	0.00525	0.00161	0.00696	0.00504	0.00333	0.00791
2	0.07301	0.24453	0.06668	0.01178	0.01578	0.13620	0.04611	0.18992	0.03801	0.02001	0.01243	0.09824	0.01118	0.00687	0.00494	0.00158	0.00645	0.00529	0.00369	0.00732
3	0.01314	0.22056	0.21118	0.01084	0.01535	0.01344	0.01106	0.07892	0.08827	0.06017	0.07543	0.07124	0.04457	0.00728	0.00509	0.00162	0.00553	0.00581	0.05320	0.00733
4	0.00869	0.09425	0.01071	0.00856	0.00982	0.00835	0.00670	0.01037	0.00904	0.01258	0.01442	0.02240	0.01400	0.14586	0.59038	0.00755	0.01251	0.00591	0.00296	0.00496
5	0.01107	0.01259	0.07025	0.00947	0.01164	0.20172	0.00771	0.01335	0.01440	0.01789	0.35055	0.13255	0.10423	0.01048	0.00612	0.00174	0.00501	0.00884	0.00476	0.00561

[dist]
# distance from previous block
# <min> <max>
0	3

[block]
# block no. 6 follows, 43 sequences, length 9
# corresponding to MSA columns:
# 1373-1381
name=unknown_G
#
# <colnr> <probs for GDERKNQSTAVLIFYWHMCP>
#	G	D	E	R	K	N	Q	S	T	A	V	L	I	F	Y	W	H	M	C	P
0	0.01534	0.01333	0.21830	0.01053	0.01482	0.00840	0.01050	0.01871	0.01438	0.31554	0.22893	0.06644	0.02400	0.00826	0.00584	0.00176	0.00498	0.00698	0.00532	0.00764
1	0.01169	0.11599	0.01324	0.00860	0.01260	0.00987	0.00693	0.01561	0.11464	0.01730	0.01317	0.06349	0.01192	0.06523	0.00622	0.00144	0.00442	0.00478	0.00361	0.49924
2	0.01257	0.01047	0.01221	0.11456	0.01640	0.01188	0.00899	0.08947	0.42159	0.02235	0.14786	0.06878	0.02215	0.00840	0.00585	0.00185	0.00457	0.00717	0.00525	0.00762
3	0.01370	0.00985	0.01009	0.00937	0.01137	0.11408	0.00701	0.08447	0.01471	0.16355	0.15909	0.32821	0.02843	0.01161	0.00625	0.00188	0.00460	0.01004	0.00537	0.00631
4	0.01409	0.47548	0.12357	0.01080	0.01510	0.13330	0.01053	0.01632	0.01189	0.01386	0.01128	0.11894	0.01118	0.00670	0.00448	0.00144	0.00646	0.00497	0.00282	0.00679
5	0.01222	0.01086	0.11180	0.00926	0.01234	0.00850	0.00795	0.01675	0.14527	0.12041	0.06422	0.06237	0.01795	0.23717	0.01197	0.00269	0.00501	0.00665	0.00435	0.13224
6	0.01736	0.01617	0.13347	0.01790	0.20123	0.04503	0.01311	0.25006	0.10578	0.12301	0.01411	0.01462	0.01025	0.00611	0.00548	0.00169	0.00631	0.00501	0.00444	0.00887
7	0.12876	0.13208	0.01844	0.01253	0.01604	0.01373	0.16853	0.19253	0.01451	0.02091	0.01377	0.11966	0.01297	0.08292	0.00783	0.00209	0.02555	0.00646	0.00384	0.00686
8	0.00712	0.00522	0.00671	0.00734	0.00803	0.00502	0.00508	0.00834	0.01086	0.01448	0.10037	0.43929	0.13341	0.10224	0.11639	0.00339	0.00493	0.01249	0.00474	0.00453

[dist]
# distance from previous block
# <min> <max>
11	107

[block]
# block no. 7 follows, 43 sequences, length 49
# corresponding to MSA columns:
# 1499-1547
name=unknown_H
#
# <colnr> <probs for GDERKNQSTAVLIFYWHMCP>
#	G	D	E	R	K	N	Q	S	T	A	V	L	I	F	Y	W	H	M	C	P
0	0.01770	0.05706	0.09011	0.01592	0.12358	0.28920	0.01197	0.11831	0.05386	0.08922	0.02383	0.01537	0.01060	0.00643	0.00554	0.00163	0.02002	0.03820	0.00379	0.00767
1	0.10013	0.05412	0.05044	0.01364	0.09703	0.13464	0.01021	0.21022	0.05490	0.08961	0.08451	0.03624	0.01394	0.00675	0.00524	0.00163	0.00602	0.00526	0.00442	0.02103
2	0.05296	0.09097	0.06321	0.06738	0.01814	0.15037	0.05785	0.10027	0.13017	0.19237	0.01448	0.01462	0.01043	0.00613	0.00523	0.00165	0.00654	0.00483	0.00440	0.00799
3	0.01656	0.04213	0.01631	0.02799	0.15568	0.16456	0.03004	0.08565	0.14368	0.10766	0.01370	0.01455	0.01047	0.00684	0.02748	0.00174	0.00658	0.00475	0.00406	0.11956
4	0.01661	0.01451	0.06351	0.03965	0.05175	0.06210	0.01044	0.29632	0.14991	0.06346	0.03391	0.01537	0.01164	0.00731	0.02728	0.00179	0.00606	0.00502	0.00465	0.11868
5	0.01788	0.08856	0.01576	0.17456	0.01965	0.11480	0.01025	0.13519	0.05384	0.22319	0.01426	0.01562	0.01047	0.04324	0.00629	0.00179	0.00629	0.00489	0.00441	0.03905
6	0.01205	0.01902	0.31783	0.04483	0.02131	0.06723	0.15645	0.05014	0.01268	0.01728	0.01393	0.09241	0.01269	0.00767	0.00675	0.00192	0.05809	0.07746	0.00316	0.00711
7	0.00762	0.00565	0.00710	0.00674	0.00814	0.00513	0.00505	0.01003	0.01516	0.02098	0.64697	0.04340	0.17395	0.01178	0.00653	0.00176	0.00265	0.01030	0.00593	0.00513
8	0.00795	0.00580	0.00820	0.00820	0.00895	0.00654	0.00605	0.00944	0.00869	0.01234	0.01547	0.02529	0.01538	0.22768	0.59937	0.00804	0.01253	0.00645	0.00306	0.00456
9	0.02105	0.01551	0.01662	0.01274	0.01717	0.01717	0.01053	0.75235	0.02604	0.03490	0.01330	0.01330	0.00942	0.00665	0.00554	0.00166	0.00609	0.00499	0.00554	0.00942
10	0.00805	0.00537	0.00604	0.00604	0.00604	0.00537	0.00336	0.00805	0.00805	0.01074	0.01745	0.03624	0.02013	0.80536	0.02819	0.00537	0.00537	0.00805	0.00336	0.00336
11	0.01169	0.02462	0.55789	0.01801	0.02543	0.01320	0.23520	0.01760	0.01210	0.01760	0.01031	0.01265	0.00742	0.00509	0.00564	0.00179	0.00852	0.00481	0.00247	0.00797
12	0.00757	0.00561	0.00705	0.00677	0.00813	0.00510	0.00505	0.00990	0.01492	0.02060	0.61269	0.07875	0.17322	0.01206	0.00656	0.00179	0.00267	0.01057	0.00589	0.00510
13	0.01708	0.01842	0.09033	0.06474	0.02028	0.23320	0.12638	0.21474	0.01672	0.04893	0.01136	0.01333	0.00867	0.00841	0.06066	0.00218	0.02858	0.00482	0.00364	0.00753
14	0.15535	0.01262	0.08804	0.01254	0.01659	0.01135	0.19456	0.12741	0.01406	0.07083	0.01334	0.01516	0.00992	0.00572	0.00496	0.00163	0.00576	0.00504	0.22804	0.00708
15	0.01423	0.48756	0.26346	0.01177	0.01757	0.01861	0.01304	0.08674	0.01280	0.01653	0.00894	0.01019	0.00730	0.00508	0.00428	0.00141	0.00665	0.00351	0.00266	0.00767
16	0.01265	0.01196	0.02026	0.20678	0.55365	0.01253	0.01611	0.01599	0.01227	0.01709	0.01150	0.01708	0.00993	0.00574	0.00563	0.00175	0.00667	0.05165	0.00283	0.00793
17	0.00721	0.00562	0.00654	0.00634	0.00790	0.00495	0.00474	0.00922	0.01415	0.01865	0.41896	0.06086	0.38959	0.01271	0.00655	0.00181	0.00271	0.01091	0.00563	0.00495
18	0.09085	0.15946	0.57669	0.01391	0.02105	0.01436	0.01722	0.01726	0.01140	0.01747	0.00935	0.01096	0.00693	0.00516	0.00480	0.00165	0.00743	0.00380	0.00245	0.00779
19	0.01196	0.08751	0.51125	0.01312	0.01947	0.01176	0.01569	0.01671	0.01206	0.08855	0.01690	0.07278	0.08464	0.00710	0.00540	0.00175	0.00678	0.00572	0.00325	0.00760
20	0.00749	0.00551	0.00700	0.00692	0.00813	0.00503	0.00508	0.00966	0.01442	0.01990	0.55038	0.17220	0.14232	0.01270	0.00663	0.00184	0.00274	0.01121	0.00581	0.00503
21	0.01372	0.01294	0.02079	0.03013	0.64231	0.01326	0.01560	0.01911	0.13972	0.01896	0.01248	0.01489	0.01015	0.00537	0.00551	0.00168	0.00621	0.00516	0.00323	0.00877
22	0.01100	0.01249	0.09204	0.36644	0.02965	0.01183	0.22434	0.01504	0.01199	0.01591	0.01355	0.02263	0.01180	0.00692	0.00615	0.00196	0.00763	0.12909	0.00299	0.00654
23	0.01103	0.01824	0.42005	0.01198	0.01718	0.00947	0.01360	0.01535	0.01270	0.09213	0.14398	0.12033	0.07351	0.00859	0.00583	0.00182	0.00590	0.00725	0.00397	0.00709
24	0.02345	0.01167	0.01424	0.01092	0.01526	0.01147	0.00902	0.29466	0.01961	0.50167	0.01869	0.01680	0.01213	0.00678	0.00556	0.00169	0.00522	0.00535	0.00637	0.00942
25	0.00710	0.00508	0.00644	0.00719	0.00769	0.00476	0.00479	0.00815	0.01098	0.01470	0.12950	0.52105	0.08287	0.15020	0.01055	0.00269	0.00347	0.01340	0.00497	0.00441
26	0.01180	0.01636	0.20873	0.01806	0.05767	0.01217	0.33980	0.01753	0.08414	0.01898	0.14048	0.01912	0.01634	0.00623	0.00609	0.00181	0.00731	0.00643	0.00351	0.00745
27	0.01575	0.06914	0.01401	0.01083	0.01421	0.03291	0.00872	0.19576	0.36899	0.07296	0.08950	0.01967	0.01725	0.00735	0.00546	0.00172	0.00482	0.00593	0.03671	0.00831
28	0.00835	0.00596	0.00826	0.00954	0.01056	0.00588	0.00792	0.01048	0.01218	0.01593	0.02964	0.25825	0.03313	0.01584	0.00750	0.00247	0.00460	0.54345	0.00511	0.00494
29	0.09121	0.01258	0.02168	0.15813	0.04127	0.01457	0.27010	0.01538	0.01074	0.01622	0.00923	0.01332	0.00760	0.00664	0.01013	0.00204	0.28459	0.00528	0.00266	0.00663
30	0.01040	0.00972	0.01634	0.72943	0.06203	0.01197	0.01496	0.01395	0.01111	0.01429	0.01082	0.05131	0.00879	0.00607	0.00561	0.00186	0.00716	0.00543	0.00260	0.00617
31	0.01148	0.00984	0.01148	0.00820	0.01312	0.00738	0.00656	0.01395	0.01148	0.01805	0.00984	0.01148	0.00820	0.00410	0.00410	0.00082	0.00410	0.00328	0.00328	0.83922
32	0.00675	0.00482	0.00643	0.00771	0.00803	0.00450	0.00514	0.00771	0.01060	0.01414	0.03053	0.80175	0.03663	0.01735	0.00707	0.00225	0.00321	0.01574	0.00514	0.00450
33	0.00702	0.00503	0.00667	0.00752	0.00809	0.00468	0.00516	0.00840	0.01188	0.01616	0.21563	0.61087	0.04055	0.01584	0.00693	0.00212	0.00306	0.01431	0.00538	0.00468
34	0.01370	0.01170	0.01183	0.01123	0.01366	0.11440	0.00930	0.18782	0.08727	0.02101	0.02337	0.03948	0.05611	0.01118	0.00655	0.00210	0.00582	0.36190	0.00495	0.00662
35	0.01111	0.02865	0.77667	0.01579	0.02397	0.01286	0.02046	0.01754	0.01169	0.01754	0.00994	0.01169	0.00702	0.00526	0.00526	0.00175	0.00818	0.00409	0.00234	0.00818
36	0.00791	0.00593	0.00890	0.00890	0.00989	0.00692	0.00692	0.00989	0.00890	0.01286	0.01483	0.02176	0.01385	0.04154	0.78341	0.00890	0.01483	0.00593	0.00297	0.00494
37	0.01481	0.80869	0.02902	0.00948	0.01421	0.02191	0.00948	0.01658	0.01125	0.01303	0.00770	0.00888	0.00711	0.00474	0.00355	0.00118	0.00592	0.00296	0.00237	0.00711
38	0.00805	0.00537	0.00604	0.00604	0.00604	0.00537	0.00336	0.00805	0.00805	0.01074	0.01745	0.03624	0.02013	0.80536	0.02819	0.00537	0.00537	0.00805	0.00336	0.00336
39	0.01038	0.00937	0.01572	0.71754	0.03521	0.01159	0.01438	0.01349	0.01071	0.01372	0.00982	0.01496	0.00760	0.00684	0.00707	0.08131	0.00714	0.00491	0.00246	0.00580
40	0.01320	0.01176	0.01831	0.44081	0.24610	0.01338	0.01502	0.14038	0.01406	0.01881	0.01060	0.01421	0.00813	0.00555	0.00552	0.00176	0.00693	0.00494	0.00307	0.00746
41	0.01481	0.80869	0.02902	0.00948	0.01421	0.02191	0.00948	0.01658	0.01125	0.01303	0.00770	0.00888	0.00711	0.00474	0.00355	0.00118	0.00592	0.00296	0.00237	0.00711
42	0.01596	0.01457	0.01826	0.05897	0.38678	0.14244	0.01337	0.08829	0.01450	0.09019	0.01437	0.01616	0.05962	0.00622	0.00596	0.00167	0.03590	0.00522	0.00355	0.00800
43	0.01472	0.01418	0.01923	0.08087	0.46255	0.09692	0.01434	0.08812	0.08707	0.01956	0.04015	0.01506	0.01099	0.00572	0.00549	0.00166	0.00660	0.00511	0.00341	0.00826
44	0.01981	0.02370	0.01535	0.01376	0.01677	0.62601	0.01044	0.07723	0.11361	0.01639	0.01073	0.01162	0.00858	0.00601	0.00512	0.00150	0.00897	0.00402	0.00342	0.00695
45	0.01339	0.01070	0.01359	0.01232	0.11581	0.00918	0.00853	0.06263	0.01278	0.07392	0.01092	0.01246	0.00873	0.00477	0.00498	0.00111	0.03227	0.00383	0.00358	0.58450
46	0.01897	0.02021	0.01574	0.01436	0.06489	0.41277	0.01053	0.20564	0.07023	0.02033	0.01098	0.01195	0.00861	0.00587	0.00512	0.00147	0.00783	0.00418	0.00376	0.08655
47	0.00673	0.00487	0.00637	0.00758	0.00800	0.00451	0.00508	0.00773	0.01073	0.01419	0.03217	0.75376	0.08356	0.01714	0.00704	0.00222	0.00319	0.01548	0.00514	0.00451
48	0.01445	0.20638	0.05384	0.01166	0.01549	0.19366	0.07944	0.08796	0.03326	0.01682	0.02018	0.02062	0.17830	0.00730	0.00519	0.00154	0.00651	0.00574	0.00357	0.03809

[dist]
# distance from previous block
# <min> <max>
0	1

[block]
# block no. 8 follows, 43 sequences, length 93
# corresponding to MSA columns:
# 1549-1641
name=unknown_I
#
# <colnr> <probs for GDERKNQSTAVLIFYWHMCP>
#	G	D	E	R	K	N	Q	S	T	A	V	L	I	F	Y	W	H	M	C	P
0	0.00902	0.00521	0.00556	0.00574	0.00697	0.00498	0.00420	0.01116	0.01184	0.01880	0.06875	0.15223	0.13802	0.00966	0.00495	0.00156	0.00272	0.00816	0.52547	0.00498
1	0.01591	0.01134	0.01222	0.01013	0.01319	0.01230	0.00808	0.42803	0.06377	0.02768	0.01899	0.12144	0.04811	0.00840	0.00545	0.00169	0.00475	0.00682	0.17403	0.00765
