[name]
unknown

[dist]
# distance from previous block
# <min> <max>
0	202

[block]
# block no. 0 follows, 47 sequences, length 7
# corresponding to MSA columns:
# 245-251
name=unknown_A
#
# <colnr> <probs for GDERKNQSTAVLIFYWHMCP>
#	G	D	E	R	K	N	Q	S	T	A	V	L	I	F	Y	W	H	M	C	P
0	0.01094	0.05291	0.07991	0.07261	0.09483	0.03980	0.08933	0.06342	0.07745	0.01762	0.14409	0.05511	0.06442	0.00970	0.05282	0.00210	0.00594	0.05681	0.00383	0.00637
1	0.12885	0.01412	0.06455	0.08564	0.20447	0.11011	0.09556	0.07981	0.01285	0.06858	0.01012	0.01205	0.00775	0.00498	0.00483	0.00151	0.00639	0.00426	0.00316	0.08040
2	0.05943	0.07938	0.15558	0.01089	0.01483	0.07839	0.06563	0.09763	0.01342	0.12277	0.10159	0.01848	0.04298	0.07676	0.00687	0.00184	0.00573	0.00532	0.00386	0.03865
3	0.01184	0.23039	0.10021	0.01603	0.19814	0.01374	0.06384	0.01575	0.08686	0.01576	0.06051	0.04838	0.04959	0.00641	0.00571	0.00157	0.05993	0.00530	0.00309	0.00695
4	0.01113	0.06491	0.25190	0.04537	0.01611	0.08137	0.02635	0.08106	0.01286	0.01689	0.08272	0.07643	0.10495	0.00824	0.00583	0.00172	0.03152	0.07078	0.00354	0.00632
5	0.01325	0.10884	0.41574	0.01281	0.01854	0.01371	0.01431	0.23131	0.01459	0.02033	0.01042	0.01196	0.00781	0.00823	0.07365	0.00215	0.00744	0.00412	0.00312	0.00765
6	0.08037	0.00749	0.00913	0.05039	0.06145	0.00761	0.00681	0.01305	0.14407	0.01633	0.02287	0.37168	0.07463	0.01080	0.00561	0.00178	0.00377	0.00949	0.00431	0.09837

[dist]
# distance from previous block
# <min> <max>
5	8

[block]
# block no. 1 follows, 47 sequences, length 6
# corresponding to MSA columns:
# 260-265
name=unknown_B
#
# <colnr> <probs for GDERKNQSTAVLIFYWHMCP>
#	G	D	E	R	K	N	Q	S	T	A	V	L	I	F	Y	W	H	M	C	P
0	0.01283	0.07539	0.16099	0.01949	0.27324	0.01234	0.11488	0.10232	0.01311	0.04673	0.01395	0.06645	0.05272	0.00613	0.00528	0.00161	0.00625	0.00560	0.00321	0.00748
1	0.00799	0.00688	0.00804	0.00984	0.07364	0.07079	0.00621	0.00911	0.01053	0.01356	0.02539	0.67931	0.02993	0.01442	0.00636	0.00200	0.00382	0.01300	0.00447	0.00472
2	0.01169	0.00912	0.06047	0.00944	0.01164	0.00864	0.00789	0.13088	0.04087	0.11066	0.06659	0.19798	0.05940	0.01519	0.13860	0.00295	0.05868	0.04871	0.00448	0.00613
3	0.10107	0.09164	0.24972	0.08313	0.06327	0.07015	0.07334	0.10277	0.01268	0.04179	0.01026	0.03877	0.00815	0.00557	0.00513	0.00160	0.02645	0.00444	0.00298	0.00708
4	0.04340	0.06043	0.11346	0.16424	0.27877	0.05634	0.17758	0.01593	0.01157	0.01594	0.00947	0.01248	0.00747	0.00476	0.00515	0.00160	0.00713	0.00463	0.00251	0.00716
5	0.19088	0.01467	0.10071	0.13032	0.09307	0.13644	0.04642	0.07138	0.03980	0.01792	0.01057	0.06341	0.00901	0.00610	0.00543	0.00166	0.04789	0.00474	0.00308	0.00652

[dist]
# distance from previous block
# <min> <max>
0	2

[block]
# block no. 2 follows, 47 sequences, length 53
# corresponding to MSA columns:
# 285-337
name=unknown_C
#
# <colnr> <probs for GDERKNQSTAVLIFYWHMCP>
#	G	D	E	R	K	N	Q	S	T	A	V	L	I	F	Y	W	H	M	C	P
0	0.02180	0.14778	0.09660	0.08919	0.06844	0.11256	0.11870	0.06536	0.10068	0.01686	0.01056	0.01221	0.00829	0.00504	0.00477	0.00144	0.00652	0.00425	0.00303	0.10592
1	0.01096	0.09397	0.01273	0.01169	0.11112	0.05817	0.00797	0.06388	0.08648	0.01624	0.11481	0.06562	0.06764	0.10336	0.11583	0.00292	0.04040	0.00653	0.00375	0.00592
2	0.01195	0.08150	0.37830	0.01472	0.09460	0.01224	0.03540	0.07522	0.03660	0.05017	0.01255	0.10763	0.01089	0.00667	0.00576	0.00168	0.04827	0.00545	0.00309	0.00729
3	0.01129	0.17881	0.16306	0.01052	0.04461	0.01150	0.00964	0.13413	0.01372	0.01840	0.15220	0.12840	0.08645	0.00832	0.00522	0.00159	0.00487	0.00690	0.00392	0.00644
4	0.01362	0.00700	0.00864	0.00760	0.01006	0.00625	0.00590	0.05415	0.01331	0.31691	0.03296	0.19793	0.28256	0.01086	0.00585	0.00177	0.00358	0.00923	0.00548	0.00634
5	0.01280	0.10026	0.26353	0.01293	0.04248	0.01274	0.07964	0.19985	0.03075	0.02011	0.03948	0.01724	0.10162	0.00635	0.00511	0.00157	0.00604	0.00524	0.01323	0.02906
6	0.09650	0.02408	0.04066	0.01594	0.20950	0.09772	0.01064	0.14372	0.03417	0.18837	0.01403	0.01458	0.04050	0.00601	0.00547	0.00159	0.04006	0.00470	0.00407	0.00769
7	0.01035	0.00809	0.01161	0.06119	0.04851	0.04822	0.09752	0.03178	0.01150	0.09309	0.02210	0.48678	0.02402	0.01181	0.00614	0.00192	0.00465	0.01082	0.00437	0.00553
8	0.00771	0.00655	0.00894	0.05757	0.01076	0.00681	0.04070	0.00942	0.01133	0.01503	0.19646	0.13017	0.27571	0.06397	0.04087	0.00231	0.09731	0.00931	0.00429	0.00478
9	0.04943	0.02888	0.12424	0.08600	0.10803	0.01136	0.01081	0.12610	0.12269	0.08818	0.01394	0.03735	0.01084	0.00801	0.05037	0.00200	0.02163	0.00501	0.08792	0.00723
10	0.04207	0.07629	0.09437	0.10651	0.06520	0.07400	0.01025	0.12368	0.05237	0.01737	0.01165	0.01495	0.00967	0.04471	0.15560	0.00298	0.03236	0.00462	0.05494	0.00642
11	0.05349	0.00598	0.00777	0.00742	0.00847	0.00638	0.00538	0.01074	0.00882	0.09653	0.01521	0.02445	0.01475	0.31462	0.39065	0.00608	0.00918	0.00612	0.00334	0.00462
12	0.00929	0.00653	0.00770	0.00762	0.00897	0.00640	0.00550	0.13113	0.01286	0.04813	0.05112	0.43977	0.16614	0.06416	0.00751	0.00211	0.00356	0.01147	0.00488	0.00515
13	0.01257	0.20214	0.15789	0.01569	0.16211	0.01401	0.07451	0.08522	0.04681	0.01639	0.01058	0.01430	0.00916	0.10218	0.00802	0.00195	0.05202	0.00460	0.00285	0.00699
14	0.01425	0.01261	0.01521	0.29021	0.11750	0.13277	0.01183	0.07981	0.06403	0.10254	0.01272	0.01475	0.03403	0.00608	0.00609	0.00167	0.06888	0.00479	0.00339	0.00684
15	0.01208	0.09230	0.10466	0.00980	0.01227	0.18021	0.00842	0.01394	0.01054	0.06142	0.01238	0.01837	0.01147	0.18285	0.24271	0.00421	0.00895	0.00500	0.00295	0.00547
16	0.01105	0.00899	0.01051	0.00788	0.01197	0.00728	0.00628	0.03774	0.04253	0.04077	0.03813	0.01484	0.05037	0.00647	0.04047	0.00129	0.00430	0.00405	0.00351	0.65159
17	0.01229	0.09069	0.09122	0.21699	0.27199	0.04489	0.02919	0.05953	0.01171	0.01571	0.00965	0.01341	0.00806	0.04779	0.00681	0.00179	0.05422	0.00452	0.00262	0.00693
18	0.01595	0.17764	0.01645	0.04196	0.01503	0.18417	0.02428	0.27321	0.02651	0.02028	0.02742	0.04707	0.01044	0.02282	0.02184	0.00165	0.00635	0.00467	0.05534	0.00691
19	0.01144	0.01327	0.26513	0.00956	0.01374	0.00773	0.00996	0.01454	0.01221	0.17665	0.07086	0.07932	0.24077	0.00873	0.00550	0.00167	0.00474	0.00727	0.00428	0.04263
20	0.03797	0.25803	0.24231	0.13615	0.04494	0.02526	0.03610	0.04938	0.01128	0.01533	0.00972	0.04382	0.00821	0.00648	0.03016	0.00172	0.01743	0.00425	0.00257	0.01887
21	0.20876	0.00834	0.00910	0.00829	0.01062	0.00870	0.00653	0.14603	0.01359	0.11194	0.10007	0.22161	0.04496	0.00983	0.00540	0.00180	0.00398	0.06959	0.00481	0.00605
22	0.00793	0.00621	0.00893	0.00866	0.00936	0.00745	0.00666	0.00946	0.00822	0.01189	0.01341	0.02112	0.01304	0.13508	0.60470	0.00722	0.10760	0.00571	0.00278	0.00458
23	0.01023	0.04612	0.21258	0.01355	0.13799	0.00988	0.01117	0.06361	0.03232	0.01759	0.14770	0.05794	0.13024	0.00915	0.03127	0.00190	0.03017	0.02635	0.00373	0.00650
24	0.00861	0.00618	0.00729	0.01663	0.00858	0.00628	0.00519	0.05571	0.08657	0.01688	0.16592	0.25130	0.07594	0.14286	0.02958	0.00247	0.00375	0.00946	0.09585	0.00496
25	0.00938	0.00622	0.00741	0.04840	0.00907	0.00625	0.00494	0.04271	0.04497	0.07424	0.02233	0.13185	0.11044	0.44001	0.01685	0.00354	0.00454	0.00837	0.00397	0.00451
26	0.10141	0.01030	0.01186	0.00937	0.01306	0.01029	0.00768	0.24724	0.02750	0.37579	0.02086	0.01933	0.10781	0.00709	0.00515	0.00162	0.00456	0.00557	0.00554	0.00797
27	0.01348	0.06363	0.18636	0.02523	0.09028	0.06835	0.04390	0.18969	0.09008	0.02003	0.01379	0.10852	0.01191	0.00682	0.00515	0.00162	0.00597	0.00569	0.04222	0.00729
28	0.00897	0.00591	0.00785	0.00736	0.00848	0.00578	0.04434	0.01096	0.04142	0.05736	0.13955	0.18631	0.02458	0.23817	0.04763	0.00294	0.00433	0.00851	0.14483	0.00472
29	0.00868	0.00675	0.00835	0.00814	0.00904	0.03767	0.00603	0.04979	0.00950	0.01311	0.01523	0.08468	0.01535	0.19856	0.45419	0.00617	0.03074	0.00655	0.02688	0.00461
30	0.08969	0.00669	0.00793	0.00793	0.00972	0.00660	0.00642	0.03664	0.03596	0.08304	0.10554	0.11771	0.17679	0.02881	0.00657	0.00203	0.00387	0.25786	0.00489	0.00531
31	0.01262	0.01721	0.23793	0.05366	0.25031	0.07761	0.08810	0.06385	0.01224	0.01693	0.00989	0.01253	0.00781	0.00637	0.03208	0.00185	0.06081	0.00449	0.02638	0.00734
32	0.00969	0.00944	0.01633	0.22382	0.12321	0.00962	0.18943	0.01268	0.02252	0.01481	0.02279	0.02585	0.22851	0.04994	0.00684	0.00191	0.00589	0.01757	0.00326	0.00590
33	0.28271	0.01212	0.04864	0.17563	0.29322	0.03794	0.04760	0.01545	0.01069	0.01814	0.00883	0.01152	0.00701	0.00484	0.00457	0.00161	0.00594	0.00405	0.00272	0.00677
34	0.01372	0.13147	0.01602	0.08929	0.10909	0.29619	0.03348	0.01566	0.01235	0.01374	0.01329	0.12933	0.01330	0.00759	0.00519	0.00160	0.00682	0.08277	0.00309	0.00602
35	0.00852	0.00625	0.00989	0.00892	0.00998	0.00658	0.07765	0.00926	0.00828	0.01160	0.01241	0.02012	0.01206	0.14111	0.36502	0.22957	0.02258	0.00554	0.00269	0.03196
36	0.04777	0.07003	0.03980	0.18410	0.25949	0.02797	0.01185	0.02998	0.06689	0.03103	0.01398	0.02001	0.03670	0.06066	0.00660	0.00190	0.00580	0.07561	0.00316	0.00667
37	0.12085	0.08848	0.11584	0.08257	0.10701	0.01311	0.11362	0.16968	0.02438	0.01999	0.01172	0.06448	0.01000	0.00613	0.00503	0.00164	0.00609	0.02896	0.00336	0.00708
38	0.02172	0.00984	0.01241	0.00961	0.01350	0.00931	0.00791	0.16925	0.03621	0.58293	0.01882	0.01684	0.01221	0.00640	0.00515	0.00159	0.00458	0.00513	0.04797	0.00865
39	0.00774	0.00611	0.00823	0.14084	0.01287	0.00633	0.00677	0.04842	0.01114	0.01447	0.02826	0.41058	0.17278	0.01478	0.05916	0.00238	0.00454	0.03550	0.00429	0.00481
40	0.01608	0.09442	0.14484	0.08976	0.01817	0.21070	0.01138	0.16853	0.06318	0.08954	0.01185	0.03788	0.00918	0.00593	0.00491	0.00153	0.00678	0.00448	0.00361	0.00726
41	0.01179	0.06291	0.11066	0.00958	0.01192	0.03308	0.00854	0.01383	0.01099	0.14463	0.01855	0.19264	0.02670	0.07858	0.00872	0.00212	0.10064	0.09051	0.05774	0.00586
42	0.00665	0.00482	0.00610	0.00683	0.00749	0.00457	0.00472	0.00779	0.01020	0.01364	0.05153	0.51085	0.16043	0.05409	0.08618	0.00276	0.00410	0.01231	0.04063	0.00430
43	0.00848	0.00615	0.00889	0.00872	0.00918	0.00722	0.00666	0.00901	0.00825	0.01164	0.01381	0.09446	0.01420	0.04119	0.31790	0.23379	0.13757	0.05587	0.00290	0.00411
44	0.24799	0.00912	0.00980	0.00820	0.01140	0.00943	0.00663	0.05098	0.12454	0.31064	0.01608	0.01549	0.01125	0.00602	0.00443	0.00157	0.00400	0.00458	0.14061	0.00724
45	0.05169	0.00842	0.01215	0.27018	0.01961	0.00863	0.00932	0.01823	0.01314	0.36506	0.15067	0.01980	0.01702	0.00671	0.00530	0.00166	0.00489	0.00567	0.00482	0.00702
46	0.00676	0.00528	0.00705	0.10204	0.01083	0.00516	0.00580	0.00811	0.01058	0.01371	0.05616	0.53156	0.18944	0.01414	0.00635	0.00198	0.00339	0.01261	0.00456	0.00447
47	0.00774	0.00580	0.00805	0.00790	0.00848	0.00669	0.00580	0.00898	0.00810	0.01151	0.01423	0.02405	0.01443	0.27661	0.50724	0.00694	0.06421	0.00613	0.00287	0.00426
48	0.00882	0.00749	0.00710	0.00739	0.00843	0.10598	0.00531	0.01021	0.01131	0.01474	0.09416	0.30618	0.12366	0.08686	0.00774	0.00209	0.00396	0.05949	0.12451	0.00457
49	0.01108	0.19910	0.03520	0.00836	0.01075	0.02343	0.00696	0.05008	0.10316	0.04976	0.10410	0.25381	0.02182	0.00934	0.00514	0.00162	0.00406	0.00791	0.08834	0.00598
50	0.03477	0.12833	0.11384	0.02753	0.21212	0.06507	0.04196	0.06025	0.01205	0.01686	0.00915	0.01115	0.00748	0.00477	0.00495	0.00134	0.03439	0.00384	0.00277	0.20738
51	0.15590	0.17234	0.14471	0.09043	0.19563	0.02984	0.01210	0.02589	0.01085	0.01647	0.00982	0.01399	0.00853	0.03150	0.00547	0.00168	0.02255	0.04286	0.00270	0.00674
52	0.04302	0.20927	0.06619	0.01188	0.01536	0.45626	0.01001	0.05828	0.03729	0.01469	0.00877	0.00994	0.00722	0.00523	0.00437	0.00134	0.00770	0.00342	0.02328	0.00647

[dist]
# distance from previous block
# <min> <max>
0	4

[block]
# block no. 3 follows, 47 sequences, length 7
# corresponding to MSA columns:
# 342-348
name=unknown_D
#
# <colnr> <probs for GDERKNQSTAVLIFYWHMCP>
#	G	D	E	R	K	N	Q	S	T	A	V	L	I	F	Y	W	H	M	C	P
0	0.01256	0.09769	0.17034	0.16717	0.27143	0.08351	0.01425	0.05244	0.01208	0.01594	0.01023	0.05048	0.00867	0.00549	0.00497	0.00157	0.00668	0.00467	0.00267	0.00716
1	0.01292	0.10333	0.04183	0.10389	0.15007	0.02928	0.02803	0.13233	0.08605	0.04768	0.04312	0.01781	0.03119	0.01056	0.10814	0.00248	0.00677	0.03391	0.00361	0.00699
2	0.01063	0.11343	0.01082	0.00821	0.01009	0.03256	0.00624	0.05088	0.15376	0.05326	0.04398	0.26832	0.08192	0.12213	0.00846	0.00221	0.00418	0.00882	0.00441	0.00569
3	0.01101	0.00703	0.00887	0.00812	0.01021	0.00668	0.02521	0.04980	0.07551	0.15293	0.15592	0.15439	0.21345	0.01113	0.00606	0.00183	0.00363	0.08707	0.00526	0.00588
4	0.01306	0.10445	0.14851	0.22140	0.16573	0.12298	0.01357	0.07067	0.03753	0.01600	0.00974	0.01224	0.00767	0.00610	0.02758	0.00174	0.00714	0.00419	0.00271	0.00698
5	0.00958	0.00733	0.00926	0.03735	0.04856	0.00752	0.00723	0.13393	0.03734	0.01742	0.02668	0.33053	0.12334	0.01336	0.03057	0.00217	0.00440	0.14329	0.00464	0.00550
6	0.00868	0.00531	0.00689	0.00739	0.00846	0.00483	0.00533	0.00990	0.01104	0.11445	0.03107	0.54363	0.14054	0.01443	0.00643	0.00202	0.00328	0.06637	0.00504	0.00490

[dist]
# distance from previous block
# <min> <max>
0	1

[block]
# block no. 4 follows, 47 sequences, length 31
# corresponding to MSA columns:
# 350-380
name=unknown_E
#
# <colnr> <probs for GDERKNQSTAVLIFYWHMCP>
#	G	D	E	R	K	N	Q	S	T	A	V	L	I	F	Y	W	H	M	C	P
0	0.07269	0.01134	0.01534	0.23477	0.23835	0.07554	0.01198	0.03413	0.03477	0.09459	0.03529	0.03369	0.01031	0.00704	0.03365	0.00189	0.03962	0.00493	0.00324	0.00685
1	0.01185	0.03850	0.12413	0.02545	0.06033	0.03029	0.10958	0.06716	0.01244	0.10835	0.05481	0.25495	0.01865	0.02425	0.03302	0.00205	0.00569	0.00807	0.00401	0.00639
2	0.01120	0.00592	0.00732	0.00666	0.00847	0.00560	0.00517	0.01334	0.01239	0.17344	0.20001	0.02741	0.11305	0.01243	0.10997	0.00241	0.00439	0.00682	0.26840	0.00560
3	0.01068	0.02245	0.55657	0.06034	0.02128	0.06964	0.05303	0.01554	0.01118	0.01566	0.01160	0.10667	0.01000	0.00632	0.00520	0.00169	0.00728	0.00527	0.00258	0.00702
4	0.03358	0.11026	0.56652	0.04186	0.02075	0.05108	0.01659	0.01617	0.01084	0.01564	0.00882	0.01070	0.00662	0.00522	0.00560	0.00162	0.06487	0.00376	0.00226	0.00724
5	0.01452	0.01425	0.03185	0.14737	0.17366	0.19552	0.03717	0.06170	0.08699	0.07306	0.01254	0.06210	0.01038	0.00626	0.00560	0.00162	0.03501	0.00516	0.01829	0.00695
6	0.00861	0.00615	0.00919	0.04395	0.01079	0.00586	0.07519	0.00997	0.01055	0.07125	0.06155	0.38648	0.10129	0.12023	0.03007	0.02466	0.00436	0.01073	0.00434	0.00477
7	0.00686	0.00501	0.00639	0.00665	0.00754	0.00460	0.00472	0.00852	0.01237	0.01690	0.39085	0.33536	0.12060	0.04055	0.00703	0.00195	0.00278	0.01158	0.00521	0.00454
8	0.01519	0.01189	0.07103	0.02413	0.01479	0.03420	0.05703	0.27147	0.01638	0.14540	0.04438	0.07118	0.02662	0.06530	0.00714	0.00198	0.00549	0.10461	0.00469	0.00709
9	0.01171	0.01968	0.36342	0.06360	0.12979	0.04414	0.25971	0.01648	0.01165	0.01630	0.00974	0.01234	0.00727	0.00476	0.00537	0.00166	0.00786	0.00472	0.00242	0.00738
10	0.00814	0.00751	0.06582	0.06857	0.03508	0.00611	0.00683	0.01049	0.01267	0.04454	0.30694	0.07336	0.27755	0.01096	0.01985	0.00181	0.00366	0.00893	0.02593	0.00522
11	0.01086	0.00631	0.00729	0.00701	0.00866	0.00635	0.00546	0.05100	0.06623	0.08938	0.04434	0.11151	0.05529	0.01004	0.03781	0.00187	0.00370	0.08640	0.38493	0.00556
12	0.01063	0.01208	0.11838	0.22673	0.17682	0.01016	0.07270	0.01401	0.01114	0.01583	0.01314	0.01573	0.06555	0.00538	0.00497	0.00148	0.00589	0.00484	0.04842	0.16612
13	0.00626	0.00503	0.00559	0.00598	0.00723	0.00436	0.00428	0.00749	0.01135	0.01406	0.07190	0.30360	0.50635	0.01413	0.00632	0.00187	0.00276	0.01220	0.00487	0.00436
14	0.01080	0.00926	0.01080	0.00771	0.01234	0.00694	0.00617	0.01311	0.01080	0.01697	0.00926	0.01080	0.00771	0.00386	0.00386	0.00077	0.00386	0.00309	0.00309	0.84882
15	0.06247	0.00852	0.01117	0.01103	0.06883	0.00910	0.03573	0.07552	0.09034	0.07952	0.10237	0.24454	0.06265	0.01018	0.00696	0.00186	0.08774	0.02082	0.00452	0.00612
16	0.07128	0.01100	0.07111	0.06917	0.20167	0.01019	0.05454	0.09807	0.01308	0.05621	0.09355	0.10165	0.09253	0.00773	0.00570	0.00169	0.02356	0.00673	0.00383	0.00669
17	0.00740	0.00529	0.00718	0.00738	0.00793	0.00572	0.00526	0.00854	0.00846	0.01172	0.01720	0.12129	0.01840	0.30024	0.40223	0.00621	0.00918	0.04304	0.00325	0.00410
18	0.01214	0.01145	0.01933	0.02890	0.68930	0.01141	0.01462	0.01504	0.01186	0.01692	0.04824	0.07384	0.01216	0.00580	0.00531	0.00159	0.00577	0.00563	0.00290	0.00779
19	0.01519	0.07753	0.23271	0.01177	0.01622	0.11836	0.01160	0.19043	0.01545	0.10878	0.11339	0.01542	0.01351	0.00632	0.00541	0.00156	0.03025	0.00482	0.00392	0.00737
20	0.01249	0.01008	0.01479	0.18122	0.19408	0.06788	0.06069	0.01443	0.01111	0.10296	0.01290	0.05628	0.01135	0.02261	0.02888	0.13396	0.00624	0.04880	0.00319	0.00605
21	0.01019	0.00650	0.00783	0.00760	0.00922	0.00616	0.00561	0.10017	0.01292	0.11875	0.05117	0.41509	0.20251	0.01293	0.00616	0.00189	0.00343	0.01130	0.00512	0.00545
22	0.06040	0.00623	0.00686	0.00672	0.00760	0.00642	0.00452	0.09041	0.01050	0.01534	0.01860	0.22444	0.02023	0.37597	0.01490	0.00324	0.00422	0.00845	0.11057	0.00441
23	0.01056	0.09367	0.03731	0.00997	0.01236	0.03886	0.08408	0.10840	0.01232	0.01633	0.09030	0.08792	0.07098	0.07776	0.22179	0.00371	0.00764	0.00677	0.00363	0.00565
24	0.11226	0.02548	0.01240	0.24238	0.01904	0.01023	0.00903	0.12356	0.01284	0.05354	0.05335	0.04437	0.03119	0.00592	0.00471	0.00144	0.00498	0.00482	0.00357	0.22487
25	0.03286	0.08185	0.31978	0.01209	0.01715	0.08420	0.04419	0.08772	0.01240	0.05332	0.01060	0.01324	0.00846	0.06407	0.04443	0.00204	0.00700	0.00420	0.00297	0.09742
26	0.05510	0.03547	0.07176	0.12887	0.08363	0.11604	0.03394	0.15851	0.01361	0.01797	0.01402	0.12297	0.03906	0.04009	0.00665	0.00182	0.04454	0.00604	0.00345	0.00645
27	0.04391	0.01294	0.18287	0.20622	0.01924	0.03354	0.01115	0.09728	0.01219	0.03687	0.03728	0.04005	0.06953	0.10905	0.02960	0.00231	0.00618	0.04039	0.00335	0.00606
28	0.10198	0.06969	0.17386	0.02332	0.03699	0.01019	0.00960	0.04163	0.08020	0.11908	0.04340	0.03453	0.08976	0.03943	0.06741	0.00224	0.00573	0.00546	0.00382	0.04167
29	0.05499	0.08403	0.10897	0.01272	0.09645	0.10720	0.01003	0.10460	0.03465	0.09736	0.01399	0.12011	0.01247	0.01115	0.10578	0.00246	0.00688	0.00571	0.00366	0.00679
30	0.03314	0.01228	0.12889	0.01247	0.08647	0.06997	0.07065	0.05007	0.03697	0.01540	0.02387	0.04124	0.03279	0.12825	0.06247	0.09343	0.02048	0.00552	0.04871	0.02693

[dist]
# distance from previous block
# <min> <max>
19	132

[block]
# block no. 5 follows, 47 sequences, length 35
# corresponding to MSA columns:
# 528-562
name=unknown_F
#
# <colnr> <probs for GDERKNQSTAVLIFYWHMCP>
#	G	D	E	R	K	N	Q	S	T	A	V	L	I	F	Y	W	H	M	C	P
0	0.01203	0.02616	0.01231	0.01309	0.15726	0.09372	0.00851	0.12789	0.09138	0.01898	0.11900	0.04566	0.21159	0.00840	0.00547	0.00160	0.00473	0.00702	0.00429	0.03092
1	0.01087	0.00746	0.01006	0.07017	0.01277	0.00763	0.03269	0.01541	0.15234	0.12180	0.22171	0.12971	0.04818	0.01094	0.03088	0.00204	0.00431	0.09992	0.00503	0.00607
2	0.01206	0.04214	0.08871	0.19491	0.22085	0.09718	0.01253	0.04411	0.06797	0.01646	0.06508	0.03223	0.04559	0.00643	0.00525	0.00163	0.00615	0.03074	0.00321	0.00678
3	0.04306	0.04804	0.09363	0.01507	0.01873	0.04145	0.30987	0.01472	0.03397	0.01558	0.01260	0.12916	0.01172	0.00801	0.03285	0.00198	0.10714	0.00641	0.00298	0.05302
4	0.28537	0.09493	0.03694	0.00992	0.05220	0.08259	0.00781	0.01659	0.05457	0.11622	0.04168	0.01480	0.03366	0.01060	0.11897	0.00253	0.00630	0.00437	0.00361	0.00634
5	0.11530	0.03704	0.03451	0.10359	0.27032	0.05354	0.10273	0.09215	0.01255	0.01851	0.00979	0.01234	0.00779	0.00510	0.00531	0.00156	0.03649	0.00441	0.03894	0.03802
6	0.06562	0.04066	0.01532	0.03669	0.06254	0.01132	0.13031	0.09060	0.05154	0.05655	0.03674	0.03256	0.01228	0.12778	0.09557	0.00295	0.11570	0.00565	0.00342	0.00619
7	0.01257	0.03698	0.01164	0.05144	0.01326	0.09011	0.00801	0.10112	0.18426	0.06034	0.01894	0.02181	0.09147	0.05621	0.16355	0.00319	0.03779	0.02689	0.00404	0.00637
8	0.01053	0.00763	0.00884	0.00815	0.01023	0.00790	0.00632	0.01705	0.27823	0.07980	0.30122	0.04869	0.11148	0.00953	0.00577	0.00173	0.00334	0.04649	0.03075	0.00630
9	0.01446	0.00799	0.00980	0.00817	0.01113	0.00727	0.00656	0.07929	0.02924	0.26017	0.08323	0.07323	0.04267	0.00776	0.00512	0.00150	0.00387	0.06621	0.12129	0.16104
10	0.00666	0.00498	0.00594	0.00630	0.00718	0.00453	0.00435	0.00787	0.01114	0.01456	0.18171	0.32164	0.26040	0.12751	0.00921	0.00233	0.00308	0.01158	0.00477	0.00426
11	0.02092	0.01049	0.01283	0.01004	0.01391	0.01034	0.00822	0.21612	0.09874	0.49195	0.03815	0.01711	0.01311	0.00657	0.00526	0.00162	0.00468	0.00527	0.00599	0.00869
12	0.01435	0.01605	0.10164	0.09237	0.38524	0.14771	0.01420	0.11069	0.03581	0.01800	0.01007	0.01231	0.00799	0.00512	0.00507	0.00155	0.00685	0.00437	0.00294	0.00767
13	0.01117	0.00942	0.01258	0.16806	0.12790	0.02004	0.00961	0.09775	0.10957	0.01906	0.17117	0.02248	0.08028	0.00750	0.00600	0.00166	0.04798	0.00627	0.06507	0.00643
14	0.01588	0.17503	0.01899	0.01302	0.03932	0.14635	0.13934	0.04069	0.09980	0.15790	0.01307	0.04341	0.01029	0.00590	0.00532	0.00152	0.03247	0.00490	0.00372	0.03309
15	0.00670	0.00492	0.00624	0.00710	0.00780	0.00457	0.00506	0.00789	0.01065	0.01389	0.06517	0.50016	0.16580	0.06002	0.00772	0.00223	0.00328	0.11170	0.00477	0.00430
16	0.03610	0.01767	0.26176	0.11979	0.14815	0.13845	0.01364	0.05511	0.01242	0.01638	0.02880	0.04995	0.06714	0.00629	0.00513	0.00162	0.00672	0.00514	0.00293	0.00682
17	0.01089	0.00935	0.01211	0.00892	0.01308	0.00763	0.06771	0.05237	0.01221	0.01834	0.12178	0.01523	0.01381	0.00501	0.00445	0.00102	0.00415	0.00434	0.00354	0.61404
18	0.85377	0.01007	0.00765	0.00685	0.01007	0.01168	0.00564	0.01531	0.00886	0.02336	0.00725	0.00846	0.00564	0.00483	0.00322	0.00161	0.00403	0.00282	0.00322	0.00564
19	0.01289	0.26357	0.32318	0.01296	0.01856	0.01501	0.09462	0.12461	0.01316	0.01782	0.04970	0.01220	0.00932	0.00522	0.00469	0.00149	0.00661	0.00419	0.00288	0.00734
20	0.00648	0.00479	0.00606	0.00688	0.00757	0.00438	0.00478	0.00766	0.01088	0.01430	0.11200	0.57032	0.17367	0.01509	0.00652	0.00201	0.00294	0.03439	0.00493	0.00435
21	0.00666	0.00510	0.00610	0.00626	0.00745	0.00455	0.00454	0.00829	0.01245	0.01641	0.31815	0.24372	0.31542	0.01305	0.00628	0.00181	0.00267	0.01139	0.00517	0.00455
22	0.00806	0.00599	0.00763	0.00773	0.00811	0.00656	0.00558	0.00901	0.00929	0.01288	0.04316	0.20793	0.03805	0.31907	0.01561	0.00322	0.12088	0.11617	0.05087	0.00417
23	0.01092	0.01077	0.01984	0.28054	0.22077	0.01124	0.21559	0.01439	0.01192	0.01626	0.12199	0.01731	0.01367	0.00563	0.00558	0.00168	0.00659	0.00574	0.00296	0.00662
24	0.01213	0.01741	0.32807	0.01381	0.06659	0.01175	0.05520	0.16129	0.09841	0.02022	0.05967	0.04745	0.07139	0.00677	0.00534	0.00167	0.00602	0.00570	0.00368	0.00743
25	0.01158	0.01222	0.07492	0.17535	0.28842	0.01163	0.12889	0.04407	0.07582	0.01679	0.01287	0.10015	0.01131	0.00626	0.00548	0.00170	0.00631	0.00602	0.00308	0.00713
26	0.01080	0.00926	0.01080	0.00771	0.01234	0.00694	0.00617	0.01311	0.01080	0.01697	0.00926	0.01080	0.00771	0.00386	0.00386	0.00077	0.00386	0.00309	0.00309	0.84882
27	0.00720	0.00515	0.00660	0.00680	0.00732	0.00530	0.00463	0.00815	0.00892	0.01212	0.06041	0.17060	0.07443	0.33845	0.25551	0.00513	0.00710	0.00859	0.00360	0.00398
28	0.01447	0.00782	0.00983	0.00838	0.01101	0.00739	0.00677	0.11511	0.01549	0.28392	0.26333	0.03142	0.10764	0.00929	0.00582	0.00171	0.00383	0.08434	0.00571	0.00672
29	0.01033	0.00616	0.00762	0.00743	0.00887	0.00595	0.00547	0.05424	0.04558	0.11919	0.17182	0.35886	0.02907	0.01140	0.00577	0.00177	0.00321	0.01004	0.13170	0.00550
30	0.01748	0.01075	0.01233	0.01028	0.01375	0.01142	0.00822	0.11239	0.41538	0.29814	0.01996	0.01802	0.01400	0.00675	0.00527	0.00169	0.00442	0.00552	0.00570	0.00854
31	0.01177	0.01070	0.01664	0.01199	0.01672	0.00898	0.22579	0.01511	0.03871	0.04536	0.01047	0.01230	0.00825	0.00422	0.00462	0.00112	0.00531	0.00415	0.00316	0.54463
32	0.00920	0.00957	0.12281	0.00986	0.01115	0.00849	0.00860	0.01001	0.00873	0.01243	0.03754	0.15524	0.01468	0.01432	0.05016	0.28111	0.19985	0.02885	0.00292	0.00450
33	0.01034	0.00829	0.00883	0.03455	0.03968	0.06168	0.00644	0.06785	0.07732	0.05752	0.10594	0.13837	0.27604	0.01042	0.00572	0.00171	0.00388	0.02133	0.05843	0.00565
34	0.00810	0.00613	0.00701	0.00692	0.00815	0.00588	0.00487	0.03558	0.06577	0.01417	0.02756	0.20269	0.19089	0.26635	0.01250	0.00284	0.00393	0.06050	0.00422	0.06594

[dist]
# distance from previous block
# <min> <max>
2	42

[block]
# block no. 6 follows, 47 sequences, length 15
# corresponding to MSA columns:
# 605-619
name=unknown_G
#
# <colnr> <probs for GDERKNQSTAVLIFYWHMCP>
#	G	D	E	R	K	N	Q	S	T	A	V	L	I	F	Y	W	H	M	C	P
0	0.06731	0.03555	0.04921	0.03351	0.01450	0.06610	0.08725	0.04631	0.09973	0.15159	0.01411	0.01714	0.01133	0.07716	0.17845	0.00337	0.03190	0.00518	0.00377	0.00653
1	0.01011	0.05088	0.04057	0.19382	0.01691	0.00978	0.00870	0.05051	0.17394	0.01738	0.11295	0.04765	0.17608	0.00814	0.00538	0.00164	0.00451	0.00686	0.00413	0.06008
2	0.00927	0.00744	0.01138	0.08479	0.04735	0.00799	0.07759	0.05903	0.01069	0.01500	0.08626	0.02253	0.01599	0.16344	0.31322	0.00482	0.00872	0.00613	0.04318	0.00517
3	0.01333	0.01052	0.01227	0.08322	0.01510	0.01161	0.00859	0.27258	0.19170	0.02240	0.05647	0.01842	0.04485	0.01234	0.14149	0.00275	0.00646	0.00551	0.00441	0.06600
4	0.01514	0.01279	0.01239	0.01064	0.01371	0.09056	0.00838	0.23024	0.40901	0.02369	0.01703	0.01651	0.01276	0.00656	0.00503	0.00161	0.00491	0.00519	0.09601	0.00783
5	0.00971	0.00485	0.00485	0.00485	0.00607	0.00485	0.00364	0.01213	0.01092	0.01942	0.01699	0.01942	0.01335	0.00607	0.00364	0.00121	0.00243	0.00485	0.84589	0.00485
6	0.00753	0.00521	0.00647	0.00647	0.00675	0.00548	0.00415	0.00808	0.00781	0.01069	0.01568	0.03005	0.01718	0.58704	0.25406	0.00603	0.00768	0.00698	0.00305	0.00360
7	0.01139	0.01139	0.01595	0.01367	0.01367	0.01595	0.01139	0.01253	0.00798	0.01253	0.00684	0.01139	0.00684	0.00911	0.01709	0.00228	0.80745	0.00456	0.00228	0.00570
8	0.00971	0.00485	0.00485	0.00485	0.00607	0.00485	0.00364	0.01213	0.01092	0.01942	0.01699	0.01942	0.01335	0.00607	0.00364	0.00121	0.00243	0.00485	0.84589	0.00485
9	0.00641	0.00456	0.00602	0.00716	0.00745	0.00428	0.00474	0.00727	0.00984	0.01312	0.02802	0.77034	0.03358	0.06074	0.00775	0.00228	0.00313	0.01440	0.00474	0.00417
10	0.06706	0.01078	0.01657	0.20611	0.21191	0.01148	0.09170	0.12148	0.01327	0.06813	0.01214	0.01598	0.00960	0.00570	0.00512	0.00164	0.00593	0.04022	0.07818	0.00702
11	0.01031	0.01823	0.45133	0.01172	0.01689	0.00977	0.01341	0.01570	0.07967	0.05803	0.14148	0.07044	0.06615	0.00740	0.00538	0.00169	0.00573	0.00617	0.00361	0.00692
12	0.00880	0.00776	0.01208	0.48371	0.02488	0.00897	0.01097	0.01168	0.01133	0.01456	0.10211	0.02846	0.13326	0.00831	0.00573	0.00182	0.00550	0.11132	0.00342	0.00534
13	0.03222	0.05604	0.13077	0.12219	0.07154	0.28006	0.01159	0.08718	0.01347	0.01609	0.01190	0.03773	0.04784	0.00592	0.00488	0.00148	0.00708	0.00451	0.00298	0.05453
14	0.01008	0.11046	0.01321	0.05243	0.06181	0.06004	0.04664	0.01297	0.06750	0.01574	0.17082	0.09117	0.18508	0.00917	0.00643	0.00168	0.06744	0.00761	0.00399	0.00571

[dist]
# distance from previous block
# <min> <max>
1	8

[block]
# block no. 7 follows, 47 sequences, length 39
# corresponding to MSA columns:
# 634-672
name=unknown_H
#
# <colnr> <probs for GDERKNQSTAVLIFYWHMCP>
#	G	D	E	R	K	N	Q	S	T	A	V	L	I	F	Y	W	H	M	C	P
0	0.03113	0.16840	0.20782	0.07314	0.03512	0.16791	0.06831	0.03197	0.03494	0.01508	0.01023	0.01412	0.00868	0.00589	0.00560	0.00159	0.05691	0.05378	0.00270	0.00668
1	0.01153	0.01074	0.01632	0.17230	0.32033	0.01210	0.01271	0.01623	0.13736	0.01641	0.03758	0.01774	0.03556	0.00665	0.00708	0.00177	0.12291	0.03447	0.00319	0.00704
2	0.11128	0.00823	0.00970	0.05826	0.01201	0.00860	0.00677	0.13386	0.01299	0.19005	0.01622	0.09339	0.01382	0.09840	0.08153	0.00261	0.00529	0.00597	0.12476	0.00626
3	0.00725	0.00533	0.00684	0.00679	0.00762	0.00549	0.00485	0.00854	0.00959	0.01302	0.12538	0.03212	0.15100	0.26481	0.32279	0.00533	0.00778	0.00762	0.00365	0.00419
4	0.02103	0.01165	0.01500	0.01137	0.01555	0.01162	0.06693	0.33360	0.01869	0.41420	0.01643	0.01527	0.01083	0.00621	0.00530	0.00160	0.00531	0.00508	0.00564	0.00872
5	0.00971	0.00485	0.00485	0.00485	0.00607	0.00485	0.00364	0.01213	0.01092	0.01942	0.01699	0.01942	0.01335	0.00607	0.00364	0.00121	0.00243	0.00485	0.84589	0.00485
6	0.01155	0.00972	0.01120	0.00813	0.01267	0.00783	0.00652	0.07148	0.03457	0.01833	0.00986	0.01119	0.00804	0.00414	0.00400	0.00086	0.00401	0.00329	0.00331	0.75930
7	0.00828	0.00741	0.03139	0.00929	0.08708	0.03897	0.00635	0.01046	0.01306	0.01766	0.36538	0.08782	0.22901	0.01043	0.00584	0.00166	0.00337	0.00902	0.05234	0.00520
8	0.01648	0.01750	0.01529	0.04133	0.06394	0.34614	0.01058	0.17609	0.01466	0.01714	0.00920	0.01185	0.00778	0.03827	0.00853	0.00177	0.18955	0.00420	0.00313	0.00657
9	0.01080	0.00926	0.01080	0.00771	0.01234	0.00694	0.00617	0.01311	0.01080	0.01697	0.00926	0.01080	0.00771	0.00386	0.00386	0.00077	0.00386	0.00309	0.00309	0.84882
10	0.01130	0.01118	0.01421	0.04268	0.01386	0.08892	0.04667	0.01281	0.00915	0.01300	0.00940	0.01459	0.00888	0.06598	0.11249	0.00302	0.45589	0.00487	0.05566	0.00544
11	0.01276	0.07119	0.25131	0.01181	0.01639	0.01323	0.01171	0.05423	0.44109	0.03675	0.01624	0.01577	0.01206	0.00619	0.00505	0.00167	0.00539	0.00499	0.00416	0.00801
12	0.00971	0.00485	0.00485	0.00485	0.00607	0.00485	0.00364	0.01213	0.01092	0.01942	0.01699	0.01942	0.01335	0.00607	0.00364	0.00121	0.00243	0.00485	0.84589	0.00485
13	0.01189	0.01053	0.01139	0.05470	0.01394	0.06356	0.00731	0.07793	0.08768	0.01791	0.01251	0.08984	0.01110	0.00577	0.00452	0.00116	0.00452	0.00474	0.00358	0.50540
14	0.00827	0.00644	0.00907	0.04062	0.06114	0.00729	0.00654	0.00949	0.00834	0.01173	0.01388	0.02428	0.01427	0.33625	0.35002	0.00587	0.07305	0.00617	0.00286	0.00444
15	0.00771	0.00581	0.00680	0.00648	0.00804	0.00544	0.00487	0.01042	0.06581	0.03740	0.34093	0.04011	0.33425	0.04407	0.05667	0.00225	0.00352	0.00938	0.00508	0.00496
16	0.00757	0.00505	0.00568	0.00568	0.00568	0.00505	0.00316	0.00757	0.00757	0.01010	0.01641	0.03408	0.01893	0.81698	0.02651	0.00505	0.00505	0.00757	0.00316	0.00316
17	0.00971	0.00485	0.00485	0.00485	0.00607	0.00485	0.00364	0.01213	0.01092	0.01942	0.01699	0.01942	0.01335	0.00607	0.00364	0.00121	0.00243	0.00485	0.84589	0.00485
18	0.01849	0.01554	0.01549	0.11192	0.01862	0.13909	0.01050	0.55409	0.02117	0.02719	0.01139	0.01218	0.00828	0.00598	0.00513	0.00155	0.00646	0.00447	0.00445	0.00802
19	0.00959	0.00980	0.16816	0.03466	0.04107	0.00690	0.00845	0.01004	0.03226	0.01148	0.00963	0.01488	0.00875	0.01458	0.03217	0.57130	0.00550	0.00446	0.00237	0.00395
20	0.01231	0.18087	0.31546	0.03266	0.24094	0.04299	0.07207	0.01628	0.01139	0.01561	0.00909	0.01123	0.00720	0.00474	0.00477	0.00151	0.00696	0.00403	0.00237	0.00751
21	0.00971	0.00485	0.00485	0.00485	0.00607	0.00485	0.00364	0.01213	0.01092	0.01942	0.01699	0.01942	0.01335	0.00607	0.00364	0.00121	0.00243	0.00485	0.84589	0.00485
22	0.00698	0.00487	0.00623	0.00706	0.00739	0.00470	0.00477	0.00779	0.00949	0.01260	0.02480	0.47991	0.02913	0.26125	0.01280	0.00305	0.00387	0.10502	0.00432	0.00397
23	0.00921	0.00606	0.00758	0.00771	0.00919	0.00572	0.00596	0.04233	0.02696	0.09187	0.11345	0.27918	0.19191	0.01306	0.00638	0.00197	0.00353	0.16764	0.00511	0.00518
24	0.01350	0.08671	0.04613	0.22532	0.16407	0.16948	0.08688	0.04757	0.01214	0.01498	0.00899	0.01195	0.00727	0.00537	0.00607	0.00161	0.07839	0.00433	0.00257	0.00668
25	0.01844	0.02313	0.01491	0.01345	0.01579	0.69792	0.01023	0.01976	0.01390	0.01272	0.00790	0.00964	0.00672	0.00584	0.00626	0.00146	0.10980	0.00351	0.00263	0.00599
26	0.25921	0.00875	0.00905	0.02095	0.01104	0.00917	0.00658	0.13972	0.01364	0.09563	0.08961	0.02788	0.18512	0.00871	0.00515	0.00173	0.00405	0.09334	0.00461	0.00606
27	0.01500	0.01069	0.01642	0.29904	0.26693	0.02703	0.01287	0.04920	0.01274	0.21997	0.01252	0.01443	0.00901	0.00540	0.00519	0.00163	0.00604	0.00477	0.00362	0.00752
28	0.00759	0.00597	0.00786	0.10698	0.01140	0.00592	0.00608	0.01032	0.04514	0.01795	0.44351	0.12567	0.16416	0.01089	0.00605	0.00173	0.00319	0.00955	0.00503	0.00500
29	0.01139	0.01139	0.01595	0.01367	0.01367	0.01595	0.01139	0.01253	0.00798	0.01253	0.00684	0.01139	0.00684	0.00911	0.01709	0.00228	0.80745	0.00456	0.00228	0.00570
30	0.01502	0.01541	0.21542	0.03291	0.14571	0.01174	0.07339	0.14329	0.05730	0.16819	0.01342	0.01497	0.00982	0.00701	0.03636	0.00191	0.00654	0.01974	0.00387	0.00796
31	0.00937	0.00902	0.11544	0.05026	0.01203	0.00673	0.00776	0.04304	0.01257	0.08287	0.17852	0.22623	0.17515	0.01108	0.00598	0.00181	0.00399	0.03792	0.00467	0.00557
32	0.01045	0.02694	0.79000	0.01484	0.02254	0.01209	0.01924	0.01649	0.01099	0.01649	0.00935	0.01099	0.00660	0.00495	0.00495	0.00165	0.00770	0.00385	0.00220	0.00770
33	0.00971	0.00485	0.00485	0.00485	0.00607	0.00485	0.00364	0.01213	0.01092	0.01942	0.01699	0.01942	0.01335	0.00607	0.00364	0.00121	0.00243	0.00485	0.84589	0.00485
34	0.06473	0.05637	0.27089	0.01245	0.04651	0.03664	0.02391	0.12835	0.10266	0.05939	0.01229	0.04387	0.00960	0.00575	0.00482	0.00152	0.00587	0.00456	0.00353	0.10628
35	0.00866	0.00746	0.00992	0.00958	0.04246	0.02429	0.05412	0.02329	0.01056	0.01423	0.02671	0.14568	0.24736	0.07388	0.09431	0.00278	0.12121	0.00846	0.07008	0.00497
36	0.00654	0.00491	0.00612	0.00700	0.00780	0.00449	0.00503	0.00774	0.01074	0.01378	0.03515	0.51279	0.23862	0.01522	0.00658	0.00205	0.00313	0.10313	0.00483	0.00434
37	0.13458	0.00901	0.00998	0.00779	0.01153	0.00789	0.00624	0.04446	0.01131	0.01842	0.05561	0.04128	0.04117	0.00572	0.00453	0.00115	0.02121	0.02995	0.00351	0.53467
38	0.01067	0.00850	0.01185	0.01497	0.24676	0.00835	0.00891	0.01436	0.10970	0.07503	0.04115	0.07631	0.24243	0.03341	0.00640	0.00186	0.00434	0.07433	0.00429	0.00641

[dist]
# distance from previous block
# <min> <max>
0	1

[block]
# block no. 8 follows, 47 sequences, length 35
# corresponding to MSA columns:
# 675-709
name=unknown_I
#
# <colnr> <probs for GDERKNQSTAVLIFYWHMCP>
#	G	D	E	R	K	N	Q	S	T	A	V	L	I	F	Y	W	H	M	C	P
0	0.00928	0.01839	0.00884	0.00833	0.00970	0.00768	0.00640	0.12056	0.02458	0.01627	0.02650	0.24077	0.17063	0.07727	0.09229	0.00288	0.05919	0.09094	0.00434	0.00517
1	0.03618	0.01005	0.01425	0.01403	0.15749	0.03030	0.05189	0.05895	0.01453	0.41242	0.12733	0.01899	0.01646	0.00653	0.00534	0.00160	0.00491	0.00565	0.00517	0.00792
2	0.01743	0.00913	0.01189	0.01105	0.07695	0.00873	0.00809	0.12884	0.04273	0.39255	0.02244	0.11825	0.07833	0.00840	0.00556	0.00171	0.00445	0.04030	0.00550	0.00767
3	0.01757	0.00919	0.01104	0.00887	0.01170	0.00908	0.00686	0.21438	0.01516	0.35079	0.01716	0.02139	0.01369	0.25569	0.01177	0.00266	0.00496	0.00581	0.00511	0.00711
4	0.01604	0.03789	0.01771	0.10743	0.34251	0.11411	0.01266	0.14645	0.01462	0.12349	0.01136	0.01300	0.00859	0.00531	0.00507	0.00154	0.00635	0.00451	0.00353	0.00783
5	0.01095	0.06236	0.52321	0.01644	0.14124	0.01213	0.01648	0.01662	0.06475	0.01676	0.03503	0.04036	0.00981	0.00559	0.00502	0.00163	0.00677	0.00462	0.00268	0.00756
6	0.01698	0.01168	0.01324	0.01158	0.05284	0.03681	0.00886	0.28044	0.17299	0.17074	0.01569	0.01565	0.01139	0.00746	0.02918	0.00182	0.04856	0.00503	0.08111	0.00795
7	0.29052	0.02592	0.02728	0.01019	0.05934	0.13372	0.00762	0.01543	0.01091	0.09964	0.01437	0.01904	0.05921	0.09256	0.03081	0.00221	0.03815	0.05367	0.00355	0.00585
8	0.00650	0.00469	0.00610	0.00712	0.00756	0.00437	0.00484	0.00751	0.01024	0.01359	0.06013	0.67387	0.07891	0.05191	0.00751	0.00222	0.00313	0.04076	0.00479	0.00424
9	0.10956	0.01442	0.01249	0.01092	0.01386	0.22968	0.00882	0.20633	0.01545	0.04815	0.01362	0.02071	0.01223	0.00743	0.00553	0.00164	0.03252	0.15723	0.00397	0.07544
10	0.00938	0.04040	0.11560	0.00887	0.01161	0.04778	0.00792	0.01271	0.06003	0.01661	0.23600	0.05692	0.06487	0.02427	0.14765	0.00279	0.01560	0.00664	0.00392	0.11042
11	0.01485	0.01068	0.01242	0.01056	0.01332	0.01206	0.00845	0.19693	0.29652	0.12463	0.01663	0.01729	0.01266	0.02334	0.13762	0.00288	0.07144	0.00538	0.00474	0.00760
12	0.04429	0.00744	0.00799	0.00745	0.00890	0.02919	0.00531	0.08148	0.07937	0.05787	0.06498	0.12810	0.12068	0.29005	0.04163	0.00313	0.00468	0.00811	0.00427	0.00508
13	0.00803	0.00539	0.00709	0.00679	0.00803	0.00495	0.00504	0.01024	0.01406	0.05875	0.63387	0.15018	0.04517	0.01126	0.00617	0.00171	0.00264	0.00999	0.00564	0.00502
14	0.00645	0.00463	0.00609	0.00722	0.00759	0.00433	0.00488	0.00740	0.01003	0.01330	0.02907	0.73479	0.05915	0.04243	0.00730	0.00221	0.00314	0.04100	0.00478	0.00422
15	0.00911	0.00829	0.01147	0.01077	0.01090	0.01065	0.00842	0.01014	0.00888	0.01288	0.01673	0.37447	0.01933	0.01237	0.01236	0.00220	0.44336	0.00920	0.00344	0.00503
16	0.00869	0.00592	0.00710	0.00671	0.00825	0.00552	0.00497	0.01134	0.06633	0.08040	0.35279	0.10143	0.23132	0.07658	0.00771	0.00199	0.00304	0.00953	0.00524	0.00514
17	0.00980	0.00588	0.00697	0.00665	0.00759	0.00576	0.00450	0.05301	0.01076	0.08964	0.09757	0.16299	0.02291	0.38352	0.01523	0.00324	0.00413	0.00831	0.09696	0.00458
18	0.00983	0.00926	0.01562	0.80447	0.03587	0.01157	0.01446	0.01331	0.01041	0.01331	0.00926	0.01388	0.00694	0.00521	0.00521	0.00174	0.00694	0.00463	0.00231	0.00579
19	0.01000	0.00726	0.00821	0.00766	0.00944	0.00762	0.00576	0.01621	0.26611	0.04472	0.26902	0.06804	0.06190	0.06515	0.00691	0.00188	0.00329	0.00766	0.12720	0.00596
20	0.00634	0.00453	0.00604	0.00725	0.00755	0.00423	0.00483	0.00725	0.00997	0.01329	0.02870	0.81358	0.03444	0.01632	0.00665	0.00211	0.00302	0.01480	0.00483	0.00423
21	0.00656	0.00545	0.00576	0.00579	0.00741	0.00478	0.00430	0.00849	0.04296	0.01493	0.11558	0.11735	0.61649	0.01299	0.00616	0.00178	0.00272	0.01099	0.00494	0.00458
22	0.01172	0.01151	0.02057	0.30515	0.40852	0.01220	0.12416	0.01513	0.01141	0.01565	0.00971	0.01341	0.00773	0.00481	0.00532	0.00164	0.00683	0.00485	0.00249	0.00720
23	0.06768	0.00818	0.00930	0.00806	0.01063	0.00837	0.00637	0.07943	0.15004	0.21989	0.08069	0.06099	0.01707	0.00730	0.00486	0.00157	0.00368	0.01622	0.23283	0.00684
24	0.22509	0.01052	0.01379	0.21689	0.15383	0.01200	0.01064	0.10196	0.01177	0.06076	0.01009	0.01346	0.00814	0.05690	0.00702	0.00190	0.07112	0.00439	0.00320	0.00653
25	0.00636	0.00477	0.00593	0.00683	0.00753	0.00433	0.00473	0.00742	0.01051	0.01356	0.03470	0.59730	0.22188	0.01547	0.00654	0.00203	0.00298	0.03799	0.00483	0.00429
26	0.01276	0.26012	0.16736	0.01202	0.01622	0.12808	0.11311	0.01608	0.03784	0.01484	0.01102	0.05263	0.00948	0.00681	0.03390	0.00169	0.00678	0.00456	0.08819	0.00650
27	0.01154	0.03989	0.01614	0.36408	0.15678	0.01125	0.05067	0.07542	0.01235	0.04401	0.01492	0.02111	0.05936	0.00675	0.00547	0.00174	0.00614	0.09268	0.00321	0.00647
28	0.12367	0.16201	0.22433	0.03735	0.04121	0.08679	0.07795	0.01618	0.05248	0.01641	0.01315	0.01442	0.07085	0.00566	0.00460	0.00153	0.00621	0.00446	0.03411	0.00664
29	0.01145	0.07283	0.01326	0.01147	0.06625	0.05883	0.03895	0.12464	0.04716	0.01706	0.05747	0.04796	0.09949	0.01626	0.21230	0.00342	0.05827	0.03317	0.00368	0.00607
30	0.04561	0.04084	0.01441	0.07021	0.16918	0.09844	0.07087	0.01489	0.07554	0.01639	0.08378	0.12303	0.01620	0.00928	0.05529	0.00203	0.00599	0.00639	0.04627	0.03536
31	0.05920	0.18908	0.02718	0.05567	0.01382	0.16359	0.00822	0.06109	0.01270	0.06558	0.08927	0.07978	0.01430	0.00829	0.04484	0.00177	0.00597	0.00517	0.02626	0.06821
32	0.01232	0.01094	0.01467	0.16916	0.20092	0.03778	0.01079	0.06829	0.08354	0.03572	0.01312	0.01499	0.04858	0.00553	0.00525	0.00143	0.03051	0.00464	0.00330	0.22853
33	0.01162	0.03799	0.24925	0.14931	0.16998	0.01168	0.03869	0.01733	0.12706	0.04845	0.07630	0.01576	0.01224	0.00576	0.00519	0.00165	0.00614	0.00501	0.00324	0.00733
34	0.01280	0.06716	0.05365	0.02904	0.12936	0.01165	0.05388	0.11668	0.05524	0.06487	0.05262	0.01721	0.04301	0.03875	0.06227	0.00219	0.09394	0.00524	0.02858	0.06185

[dist]
# distance from previous block
# <min> <max>
0	29

[block]
# block no. 9 follows, 47 sequences, length 16
# corresponding to MSA columns:
# 739-754
name=unknown_J
#
# <colnr> <probs for GDERKNQSTAVLIFYWHMCP>
#	G	D	E	R	K	N	Q	S	T	A	V	L	I	F	Y	W	H	M	C	P
0	0.12121	0.21517	0.11956	0.01120	0.01507	0.12613	0.02705	0.09115	0.11112	0.01780	0.01085	0.01310	0.00895	0.00590	0.00521	0.00155	0.05418	0.03471	0.00322	0.00688
1	0.00675	0.00514	0.00626	0.00669	0.00782	0.00465	0.00498	0.00831	0.01190	0.01547	0.19753	0.28727	0.30007	0.01377	0.00643	0.00192	0.00298	0.10253	0.00502	0.00450
