[name]
unknown

[dist]
# distance from previous block
# <min> <max>
1	25

[block]
# block no. 0 follows, 43 sequences, length 13
# corresponding to MSA columns:
# 30-42
name=unknown_A
#
# <colnr> <probs for GDERKNQSTAVLIFYWHMCP>
#	G	D	E	R	K	N	Q	S	T	A	V	L	I	F	Y	W	H	M	C	P
0	0.33199	0.21170	0.22316	0.01007	0.01499	0.01426	0.01072	0.01676	0.01082	0.04032	0.00943	0.01079	0.00733	0.00521	0.00405	0.00156	0.00565	0.00351	0.06077	0.00691
1	0.00673	0.00487	0.00637	0.00757	0.00799	0.00451	0.00508	0.00773	0.01074	0.01420	0.03231	0.74962	0.08760	0.01712	0.00703	0.00222	0.00318	0.01546	0.00514	0.00451
2	0.00957	0.00857	0.10039	0.00925	0.01120	0.00637	0.00801	0.01182	0.01222	0.08508	0.11970	0.35056	0.03129	0.04441	0.00759	0.00226	0.00436	0.16677	0.00500	0.00557
3	0.01319	0.46740	0.35613	0.01224	0.01848	0.01795	0.01428	0.01700	0.01145	0.01500	0.00868	0.01011	0.00707	0.00497	0.00430	0.00143	0.00691	0.00346	0.00236	0.00758
4	0.00850	0.00529	0.00682	0.00682	0.00697	0.00544	0.00433	0.00809	0.00793	0.01073	0.01474	0.02830	0.01607	0.45680	0.14115	0.25227	0.00664	0.00677	0.00302	0.00332
5	0.00696	0.00510	0.00656	0.00750	0.00818	0.00470	0.00524	0.00824	0.01151	0.01521	0.10892	0.58129	0.13639	0.01617	0.00698	0.00216	0.00321	0.05581	0.00524	0.00463
6	0.02105	0.01551	0.01662	0.01274	0.01717	0.01717	0.01053	0.75235	0.02604	0.03490	0.01330	0.01330	0.00942	0.00665	0.00554	0.00166	0.00609	0.00499	0.00554	0.00942
7	0.01400	0.63823	0.19241	0.01086	0.01635	0.01994	0.01188	0.01679	0.01135	0.01402	0.00819	0.00950	0.00709	0.00485	0.00393	0.00131	0.00642	0.00321	0.00236	0.00734
8	0.01524	0.53362	0.02480	0.01095	0.01473	0.02023	0.01015	0.12789	0.01297	0.01642	0.00847	0.01018	0.00749	0.00599	0.00669	0.00150	0.15895	0.00363	0.00286	0.00726
9	0.01728	0.26716	0.07269	0.01170	0.01629	0.01786	0.01062	0.35826	0.13214	0.02498	0.01270	0.01291	0.00966	0.00608	0.00491	0.00155	0.00592	0.00448	0.00433	0.00850
10	0.01285	0.50093	0.19669	0.01083	0.01575	0.01743	0.01158	0.01572	0.01097	0.01403	0.00936	0.01160	0.00817	0.01079	0.12969	0.00256	0.00788	0.00370	0.00246	0.00700
11	0.01498	0.29980	0.26354	0.01225	0.01764	0.09174	0.01294	0.11222	0.01418	0.04802	0.05563	0.01281	0.01036	0.00573	0.00476	0.00151	0.00682	0.00417	0.00322	0.00766
12	0.48900	0.01080	0.06246	0.06520	0.05623	0.01085	0.00777	0.01437	0.00967	0.02011	0.01091	0.04635	0.01020	0.15613	0.00862	0.00243	0.00507	0.00478	0.00330	0.00576

[dist]
# distance from previous block
# <min> <max>
3	38

[block]
# block no. 1 follows, 43 sequences, length 22
# corresponding to MSA columns:
# 81-102
name=unknown_B
#
# <colnr> <probs for GDERKNQSTAVLIFYWHMCP>
#	G	D	E	R	K	N	Q	S	T	A	V	L	I	F	Y	W	H	M	C	P
0	0.01490	0.01491	0.01365	0.05820	0.08450	0.25290	0.01011	0.13391	0.05273	0.01841	0.01730	0.17119	0.01718	0.00941	0.00595	0.00184	0.00666	0.10542	0.00413	0.00667
1	0.01285	0.06487	0.28015	0.10123	0.36677	0.04545	0.01732	0.01709	0.01219	0.01703	0.00996	0.01269	0.00787	0.00513	0.00528	0.00167	0.00731	0.00447	0.00256	0.00812
2	0.01241	0.01183	0.02013	0.33703	0.47792	0.01282	0.01635	0.01586	0.01200	0.01652	0.01019	0.01413	0.00822	0.00518	0.00550	0.00173	0.00690	0.00493	0.00263	0.00773
3	0.00818	0.00537	0.00690	0.00724	0.00794	0.00562	0.00514	0.00969	0.00980	0.01458	0.02008	0.22506	0.02092	0.16343	0.27180	0.00483	0.00737	0.00866	0.19279	0.00460
4	0.04583	0.01232	0.01321	0.01099	0.01441	0.09059	0.00893	0.23147	0.04192	0.26925	0.01714	0.01974	0.01302	0.01222	0.11659	0.00276	0.00710	0.05926	0.00523	0.00802
5	0.05824	0.12446	0.40891	0.01465	0.02090	0.01347	0.12452	0.01793	0.03764	0.06942	0.01201	0.05249	0.00948	0.00590	0.00525	0.00172	0.00723	0.00501	0.00304	0.00774
6	0.01188	0.01210	0.01466	0.05621	0.23837	0.14041	0.04744	0.01424	0.01298	0.01589	0.02529	0.07493	0.20834	0.00938	0.00608	0.00183	0.00599	0.09376	0.00379	0.00644
7	0.01164	0.13996	0.66998	0.01489	0.02258	0.01415	0.01889	0.01740	0.01163	0.01690	0.00962	0.01129	0.00703	0.00519	0.00502	0.00167	0.00786	0.00393	0.00234	0.00803
8	0.01697	0.01294	0.12940	0.01064	0.01542	0.00967	0.00982	0.03550	0.06900	0.30965	0.01536	0.01510	0.01076	0.00593	0.00570	0.00148	0.04510	0.00462	0.00469	0.27226
9	0.00914	0.00736	0.00898	0.00796	0.01061	0.00596	0.00586	0.01086	0.01105	0.01611	0.02007	0.40218	0.02226	0.01065	0.00557	0.00153	0.00366	0.00944	0.00420	0.42654
10	0.00680	0.00536	0.00613	0.00649	0.00777	0.00470	0.00466	0.00823	0.01240	0.01573	0.14935	0.29530	0.42802	0.01472	0.00671	0.00198	0.00291	0.01277	0.00528	0.00470
11	0.01309	0.01273	0.05385	0.01297	0.01659	0.01313	0.11914	0.02568	0.55660	0.02201	0.07559	0.02090	0.01777	0.00726	0.00582	0.00186	0.00518	0.00647	0.00508	0.00828
12	0.00706	0.00509	0.00676	0.00798	0.00852	0.00479	0.00566	0.00828	0.01102	0.01454	0.03163	0.65462	0.07258	0.01688	0.00713	0.00227	0.00347	0.12201	0.00514	0.00460
13	0.01617	0.28966	0.24583	0.01239	0.01803	0.01706	0.01299	0.24756	0.01624	0.05914	0.01082	0.01159	0.00813	0.00560	0.00478	0.00153	0.00659	0.00406	0.00358	0.00827
14	0.01239	0.13371	0.07209	0.01321	0.09556	0.01334	0.01019	0.02056	0.32503	0.01880	0.07015	0.01888	0.01564	0.01202	0.12103	0.00278	0.02730	0.00564	0.00413	0.00758
15	0.05796	0.07076	0.01683	0.03199	0.13976	0.03343	0.02110	0.35873	0.07876	0.02616	0.05911	0.01707	0.05044	0.00680	0.00540	0.00166	0.00573	0.00546	0.00460	0.00827
16	0.00805	0.00537	0.00604	0.00604	0.00604	0.00537	0.00336	0.00805	0.00805	0.01074	0.01745	0.03624	0.02013	0.80536	0.02819	0.00537	0.00537	0.00805	0.00336	0.00336
17	0.01325	0.01119	0.01437	0.01250	0.09606	0.00993	0.04557	0.14509	0.01436	0.02103	0.03343	0.03628	0.01062	0.00527	0.00479	0.00118	0.00491	0.00449	0.00374	0.51194
18	0.01495	0.01479	0.05732	0.18295	0.35281	0.07301	0.03092	0.16906	0.01528	0.02038	0.01075	0.01348	0.00840	0.00548	0.00548	0.00168	0.00705	0.00483	0.00325	0.00813
19	0.01243	0.01041	0.01096	0.00979	0.01266	0.01145	0.00763	0.09762	0.46357	0.02220	0.05678	0.02915	0.21341	0.00926	0.00589	0.00185	0.00409	0.00768	0.00551	0.00764
20	0.00715	0.00536	0.00630	0.00656	0.00755	0.00487	0.00453	0.00844	0.01191	0.01554	0.19509	0.25553	0.27874	0.15466	0.01053	0.00257	0.00333	0.01181	0.00503	0.00451
21	0.01001	0.00771	0.00880	0.00833	0.01044	0.00784	0.00651	0.01613	0.23530	0.04826	0.24695	0.03989	0.23173	0.01119	0.00635	0.00190	0.00354	0.08722	0.00562	0.00627

[dist]
# distance from previous block
# <min> <max>
0	10

[block]
# block no. 2 follows, 43 sequences, length 32
# corresponding to MSA columns:
# 113-144
name=unknown_C
#
# <colnr> <probs for GDERKNQSTAVLIFYWHMCP>
#	G	D	E	R	K	N	Q	S	T	A	V	L	I	F	Y	W	H	M	C	P
0	0.00722	0.00548	0.00653	0.00657	0.00781	0.00492	0.00473	0.00895	0.01322	0.01753	0.34372	0.17851	0.29239	0.06756	0.00811	0.00212	0.00297	0.01146	0.00542	0.00478
1	0.01039	0.00618	0.00794	0.00784	0.00913	0.00583	0.00560	0.01257	0.05057	0.13597	0.20686	0.35754	0.03376	0.11223	0.00927	0.00241	0.00363	0.01130	0.00545	0.00553
2	0.84448	0.01071	0.00814	0.00728	0.01071	0.01242	0.00600	0.01628	0.00943	0.02485	0.00771	0.00900	0.00600	0.00514	0.00343	0.00171	0.00428	0.00300	0.00343	0.00600
3	0.00694	0.00525	0.00641	0.00692	0.00793	0.00472	0.00489	0.00842	0.01238	0.01626	0.20991	0.40461	0.25533	0.01497	0.00679	0.00202	0.00295	0.01322	0.00536	0.00472
4	0.01148	0.00984	0.01148	0.00820	0.01312	0.00738	0.00656	0.01395	0.01148	0.01805	0.00984	0.01148	0.00820	0.00410	0.00410	0.00082	0.00410	0.00328	0.00328	0.83922
5	0.01074	0.01039	0.05847	0.01946	0.34213	0.00923	0.03552	0.01354	0.01243	0.01770	0.07491	0.11782	0.13438	0.00851	0.00574	0.00173	0.00498	0.00769	0.10780	0.00684
6	0.00768	0.00565	0.00718	0.00680	0.00817	0.00516	0.00510	0.01014	0.01530	0.02130	0.67891	0.04286	0.14180	0.01166	0.00653	0.00176	0.00264	0.01022	0.00598	0.00516
7	0.45443	0.01600	0.21064	0.01243	0.08151	0.01300	0.01119	0.06873	0.04974	0.02297	0.00968	0.01101	0.00730	0.00538	0.00435	0.00172	0.00563	0.00376	0.00334	0.00719
8	0.01594	0.01515	0.13971	0.06966	0.15150	0.01260	0.05038	0.20988	0.01610	0.11344	0.01238	0.01367	0.00905	0.00556	0.00531	0.00157	0.00628	0.00470	0.00398	0.14314
9	0.01276	0.37642	0.44334	0.01297	0.01962	0.01690	0.01556	0.01711	0.01150	0.01553	0.00894	0.01044	0.00706	0.00503	0.00450	0.00150	0.00718	0.00359	0.00235	0.00770
10	0.01352	0.01297	0.02214	0.07768	0.72859	0.01311	0.01690	0.01683	0.01252	0.01787	0.01038	0.01377	0.00869	0.00497	0.00549	0.00166	0.00663	0.00493	0.00273	0.00862
11	0.00977	0.00863	0.01229	0.01122	0.01172	0.01126	0.00901	0.01130	0.00867	0.01294	0.01165	0.01834	0.01131	0.07152	0.40258	0.00584	0.35828	0.00558	0.00275	0.00534
12	0.09756	0.24545	0.26896	0.01229	0.01776	0.06877	0.01296	0.13660	0.05710	0.01984	0.01025	0.01128	0.00791	0.00548	0.00464	0.00156	0.00672	0.00390	0.00320	0.00777
13	0.01114	0.01053	0.01783	0.63405	0.19085	0.01248	0.01572	0.01474	0.01139	0.01497	0.00996	0.01455	0.00767	0.00541	0.00553	0.00180	0.00722	0.00492	0.00252	0.00670
14	0.00703	0.00494	0.00634	0.00736	0.00761	0.00468	0.00476	0.00778	0.01006	0.01341	0.02774	0.63888	0.03312	0.18501	0.01156	0.00291	0.00367	0.01411	0.00476	0.00426
15	0.01315	0.00937	0.06656	0.12458	0.03745	0.00839	0.00947	0.01569	0.01312	0.21444	0.16121	0.17621	0.02447	0.00998	0.00685	0.00193	0.05030	0.04522	0.00495	0.00667
16	0.01141	0.12119	0.35983	0.08544	0.16503	0.01285	0.01577	0.01562	0.01160	0.01629	0.01265	0.12383	0.01159	0.00687	0.00536	0.00174	0.00681	0.00583	0.00283	0.00746
17	0.01126	0.00645	0.00829	0.00737	0.00940	0.00576	0.00569	0.01359	0.01524	0.18118	0.49970	0.03841	0.15421	0.01079	0.00633	0.00176	0.00309	0.00933	0.00611	0.00603
18	0.00752	0.00553	0.00711	0.00777	0.00854	0.00534	0.00542	0.00994	0.06430	0.01687	0.22194	0.54925	0.03932	0.01509	0.00683	0.00209	0.00314	0.01359	0.00542	0.00499
19	0.01305	0.09513	0.01955	0.33529	0.28992	0.09554	0.01450	0.01613	0.01228	0.01563	0.03537	0.01418	0.00934	0.00546	0.00529	0.00166	0.00707	0.00475	0.00272	0.00717
20	0.01350	0.01266	0.01996	0.08095	0.55983	0.01323	0.01514	0.01945	0.17169	0.01890	0.01296	0.01526	0.01041	0.00552	0.00552	0.00171	0.00617	0.00522	0.00334	0.00859
21	0.01046	0.00897	0.01229	0.01564	0.23512	0.00895	0.00915	0.06367	0.09103	0.01789	0.02948	0.23063	0.22237	0.01102	0.00620	0.00189	0.00442	0.00972	0.00451	0.00659
22	0.00743	0.00554	0.00651	0.00700	0.00797	0.00515	0.00506	0.00860	0.01107	0.01401	0.03607	0.19213	0.29426	0.22128	0.01250	0.00298	0.00399	0.14939	0.00467	0.00438
23	0.05794	0.01360	0.01094	0.01002	0.01260	0.22656	0.00764	0.03946	0.19134	0.04702	0.06407	0.06611	0.21205	0.00922	0.00569	0.00174	0.00545	0.00735	0.00465	0.00654
24	0.01249	0.01501	0.12721	0.19317	0.32329	0.01315	0.20132	0.01664	0.01227	0.01707	0.01043	0.01397	0.00814	0.00504	0.00573	0.00176	0.00767	0.00522	0.00264	0.00780
25	0.01264	0.16827	0.27459	0.01331	0.01763	0.01584	0.01372	0.01879	0.17015	0.01679	0.01150	0.01318	0.00920	0.00680	0.00839	0.00185	0.21221	0.00454	0.00307	0.00755
26	0.00704	0.00494	0.00634	0.00734	0.00759	0.00469	0.00474	0.00779	0.01004	0.01338	0.02762	0.63172	0.03297	0.19238	0.01176	0.00294	0.00369	0.01404	0.00474	0.00424
27	0.01544	0.01887	0.23202	0.05132	0.14710	0.11315	0.04250	0.15135	0.04060	0.07185	0.01283	0.05512	0.01020	0.00633	0.00551	0.00171	0.00715	0.00525	0.00365	0.00807
28	0.01580	0.01043	0.01620	0.02081	0.35993	0.01008	0.01205	0.01886	0.03808	0.24177	0.01833	0.09070	0.01584	0.00797	0.00592	0.00184	0.00547	0.09720	0.00456	0.00813
29	0.01259	0.01178	0.01985	0.15160	0.55935	0.01217	0.01573	0.01585	0.01238	0.01728	0.01269	0.01997	0.01144	0.00633	0.00576	0.00179	0.00652	0.09601	0.00299	0.00790
30	0.28838	0.10886	0.01356	0.17518	0.01739	0.01167	0.05884	0.01379	0.01109	0.01804	0.02102	0.02217	0.20547	0.00746	0.00492	0.00173	0.00511	0.00591	0.00349	0.00592
31	0.04642	0.00935	0.01066	0.00911	0.01180	0.00964	0.00719	0.24881	0.01702	0.12716	0.11530	0.13102	0.08633	0.01109	0.04535	0.00211	0.00479	0.00776	0.09210	0.00700

[dist]
# distance from previous block
# <min> <max>
2	75

[block]
# block no. 3 follows, 43 sequences, length 12
# corresponding to MSA columns:
# 220-231
name=unknown_D
#
# <colnr> <probs for GDERKNQSTAVLIFYWHMCP>
#	G	D	E	R	K	N	Q	S	T	A	V	L	I	F	Y	W	H	M	C	P
0	0.05668	0.07586	0.01630	0.01254	0.01520	0.16071	0.14590	0.04464	0.01316	0.01685	0.09500	0.16795	0.07254	0.00917	0.00685	0.00182	0.07108	0.00777	0.00384	0.00613
1	0.01176	0.01540	0.26167	0.01452	0.09577	0.01013	0.04279	0.01681	0.09376	0.07557	0.01814	0.17801	0.01702	0.00881	0.00591	0.00187	0.00589	0.06871	0.00396	0.05350
2	0.18927	0.14625	0.07402	0.01125	0.01525	0.32513	0.00965	0.01844	0.01274	0.01680	0.00854	0.00996	0.00704	0.00516	0.00432	0.00138	0.00713	0.00335	0.00292	0.13140
3	0.00776	0.00556	0.00662	0.00705	0.00775	0.00533	0.00495	0.00872	0.01032	0.01329	0.02963	0.14513	0.17864	0.37193	0.01662	0.00364	0.00450	0.16409	0.00433	0.00415
4	0.01268	0.01125	0.01649	0.02078	0.34364	0.01169	0.03587	0.06149	0.19746	0.02030	0.09861	0.11090	0.01881	0.00781	0.00586	0.00179	0.00527	0.00714	0.00427	0.00788
5	0.00676	0.00534	0.00609	0.00648	0.00776	0.00467	0.00464	0.00814	0.01226	0.01546	0.12446	0.30942	0.43920	0.01488	0.00672	0.00199	0.00292	0.01290	0.00525	0.00467
6	0.01382	0.17745	0.30159	0.01318	0.01818	0.01569	0.01397	0.16925	0.01392	0.01930	0.01019	0.01230	0.00810	0.00888	0.06688	0.00227	0.11998	0.00430	0.00307	0.00767
7	0.00806	0.00601	0.00777	0.00861	0.00997	0.00571	0.00717	0.01019	0.01272	0.01629	0.07924	0.11555	0.22853	0.01489	0.00725	0.00230	0.00420	0.44542	0.00517	0.00495
8	0.01161	0.01024	0.01314	0.00938	0.01436	0.00790	0.06459	0.01424	0.01161	0.01802	0.00995	0.01175	0.00822	0.00415	0.00429	0.00090	0.00451	0.00354	0.00324	0.77436
9	0.01053	0.00928	0.01341	0.05445	0.01510	0.00967	0.12472	0.01738	0.24207	0.02029	0.28315	0.02928	0.08586	0.01059	0.04728	0.00220	0.00514	0.00795	0.00499	0.00666
10	0.01648	0.58568	0.02522	0.01084	0.01504	0.23892	0.00983	0.01816	0.01252	0.01318	0.00795	0.00920	0.00711	0.00501	0.00396	0.00125	0.00708	0.00313	0.00251	0.00691
11	0.04494	0.16112	0.47379	0.01427	0.03793	0.05306	0.01622	0.07369	0.01289	0.01815	0.01041	0.01313	0.00818	0.00567	0.00500	0.00166	0.00742	0.03190	0.00277	0.00782

[dist]
# distance from previous block
# <min> <max>
0	1

[block]
# block no. 4 follows, 43 sequences, length 53
# corresponding to MSA columns:
# 238-255,257-290,299
name=unknown_E
#
# <colnr> <probs for GDERKNQSTAVLIFYWHMCP>
#	G	D	E	R	K	N	Q	S	T	A	V	L	I	F	Y	W	H	M	C	P
0	0.01620	0.15545	0.21509	0.01290	0.01770	0.21094	0.01248	0.06508	0.15448	0.06912	0.01258	0.01305	0.00952	0.00590	0.00501	0.00159	0.00719	0.00433	0.00359	0.00782
1	0.47148	0.01471	0.04620	0.01520	0.19367	0.14234	0.01004	0.01749	0.01134	0.02102	0.00860	0.01040	0.00690	0.00519	0.00426	0.00165	0.00596	0.00360	0.00312	0.00683
2	0.04707	0.01522	0.01865	0.01991	0.22183	0.19539	0.12290	0.04578	0.01353	0.01724	0.01339	0.02179	0.01244	0.00745	0.00682	0.00186	0.06749	0.14086	0.00333	0.00704
3	0.01378	0.01190	0.01252	0.01127	0.01440	0.01378	0.00877	0.02943	0.76081	0.02317	0.02254	0.02066	0.01691	0.00751	0.00564	0.00188	0.00438	0.00626	0.00564	0.00877
4	0.01270	0.01194	0.02036	0.08455	0.49760	0.01214	0.08123	0.04655	0.01267	0.01777	0.01267	0.08492	0.01150	0.00862	0.05841	0.00223	0.00713	0.00612	0.00307	0.00785
5	0.84448	0.01071	0.00814	0.00728	0.01071	0.01242	0.00600	0.01628	0.00943	0.02485	0.00771	0.00900	0.00600	0.00514	0.00343	0.00171	0.00428	0.00300	0.00343	0.00600
6	0.00733	0.00548	0.00646	0.00650	0.00757	0.00503	0.00455	0.00878	0.01227	0.01622	0.26916	0.14667	0.26791	0.17897	0.03032	0.00278	0.00363	0.01081	0.00502	0.00456
7	0.16628	0.00789	0.00882	0.00745	0.01033	0.00768	0.00598	0.01922	0.01294	0.32714	0.01774	0.01782	0.01252	0.00638	0.00448	0.00154	0.00375	0.00494	0.35006	0.00704
8	0.00776	0.00535	0.00602	0.00614	0.00639	0.00521	0.00361	0.00801	0.00881	0.01153	0.02313	0.10671	0.10887	0.64262	0.02378	0.00468	0.00488	0.00917	0.00372	0.00361
9	0.00751	0.00542	0.00674	0.00694	0.00781	0.00506	0.00486	0.00903	0.01238	0.01677	0.31612	0.23138	0.12561	0.17475	0.01112	0.00266	0.00345	0.04265	0.00515	0.00459
10	0.01370	0.01179	0.01240	0.01114	0.01426	0.01358	0.00867	0.04097	0.72808	0.02314	0.02330	0.02143	0.03727	0.00768	0.00566	0.00187	0.00437	0.00639	0.00562	0.00867
11	0.00826	0.00535	0.00596	0.00596	0.00608	0.00535	0.00340	0.00849	0.00838	0.01163	0.01751	0.03483	0.01960	0.73310	0.02599	0.00500	0.00512	0.00779	0.07868	0.00352
12	0.09535	0.01713	0.08290	0.01237	0.01642	0.17658	0.01066	0.27563	0.01796	0.17483	0.01284	0.01310	0.00914	0.00641	0.00597	0.00168	0.05376	0.00453	0.00457	0.00816
13	0.01726	0.23384	0.01944	0.01408	0.08402	0.30168	0.01058	0.08591	0.14851	0.01743	0.01142	0.01223	0.00923	0.00578	0.00481	0.00148	0.00723	0.00413	0.00345	0.00750
14	0.01783	0.01456	0.01782	0.06637	0.01934	0.08275	0.11630	0.33483	0.01861	0.09285	0.01239	0.01354	0.00906	0.00601	0.00597	0.00161	0.03987	0.00489	0.00438	0.12102
15	0.00885	0.07826	0.00852	0.00674	0.00743	0.00701	0.00444	0.00928	0.00882	0.01164	0.01722	0.03493	0.01945	0.64575	0.02358	0.00462	0.00536	0.06274	0.00340	0.03195
16	0.01342	0.02178	0.31248	0.01917	0.02536	0.12383	0.36760	0.01829	0.01292	0.01706	0.01035	0.01300	0.00769	0.00504	0.00583	0.00176	0.00899	0.00518	0.00263	0.00759
17	0.02485	0.00943	0.01285	0.00985	0.01414	0.00814	0.00814	0.02699	0.01585	0.77465	0.02185	0.01885	0.01371	0.00685	0.00557	0.00171	0.00471	0.00557	0.00685	0.00943
18	0.01529	0.02169	0.17481	0.01541	0.01978	0.35886	0.16810	0.01848	0.01404	0.01575	0.04572	0.01663	0.07815	0.00639	0.00558	0.00164	0.00852	0.00531	0.00308	0.00680
19	0.01334	0.01535	0.22146	0.08575	0.10185	0.01203	0.01386	0.01841	0.09931	0.11861	0.01527	0.02109	0.01267	0.00771	0.00757	0.00196	0.11944	0.10296	0.00377	0.00758
20	0.02121	0.00864	0.01156	0.00913	0.01285	0.00749	0.00744	0.02334	0.01554	0.61821	0.11193	0.02459	0.08648	0.00802	0.00577	0.00173	0.00430	0.00664	0.00661	0.00851
21	0.01084	0.00653	0.00929	0.00845	0.01019	0.00606	0.06040	0.01303	0.01312	0.12696	0.22530	0.26420	0.03088	0.01103	0.00601	0.00181	0.00359	0.00987	0.17668	0.00576
22	0.01302	0.01294	0.02208	0.02517	0.38948	0.01368	0.15014	0.01600	0.01163	0.01691	0.00978	0.01336	0.00830	0.00592	0.00851	0.00179	0.19047	0.00506	0.00273	0.08302
23	0.01260	0.00874	0.01198	0.01026	0.01190	0.00981	0.03313	0.01420	0.01146	0.17094	0.06773	0.02711	0.17414	0.08526	0.08019	0.00294	0.25005	0.00720	0.00428	0.00611
24	0.00696	0.00511	0.00656	0.00744	0.00814	0.00470	0.00519	0.00828	0.01165	0.01544	0.13337	0.56730	0.13609	0.01601	0.00695	0.00214	0.00316	0.04560	0.00527	0.00465
25	0.02013	0.02296	0.01650	0.01574	0.08531	0.55567	0.01123	0.17211	0.01755	0.01836	0.00970	0.01101	0.00775	0.00583	0.00515	0.00149	0.00888	0.00398	0.00340	0.00725
26	0.16341	0.01385	0.01745	0.02378	0.44376	0.12167	0.01324	0.01699	0.01249	0.01850	0.01175	0.01769	0.01058	0.00622	0.00528	0.00173	0.00649	0.08446	0.00314	0.00754
27	0.01273	0.00712	0.00898	0.00832	0.00983	0.00698	0.00599	0.09362	0.01234	0.17177	0.02079	0.25613	0.02108	0.19341	0.04676	0.09982	0.00502	0.00904	0.00472	0.00557
28	0.01398	0.01170	0.01825	0.09378	0.43987	0.01133	0.01341	0.03628	0.01297	0.08576	0.03234	0.01456	0.01019	0.00521	0.00524	0.00150	0.00585	0.00479	0.00336	0.17962
29	0.00716	0.00499	0.00630	0.00718	0.00740	0.00477	0.00458	0.00782	0.00980	0.01306	0.02639	0.55991	0.03142	0.26630	0.01374	0.00323	0.00389	0.01331	0.00458	0.00414
30	0.01481	0.80869	0.02902	0.00948	0.01421	0.02191	0.00948	0.01658	0.01125	0.01303	0.00770	0.00888	0.00711	0.00474	0.00355	0.00118	0.00592	0.00296	0.00237	0.00711
31	0.02161	0.01077	0.01512	0.01502	0.17027	0.00996	0.01011	0.09045	0.01592	0.51772	0.01818	0.01696	0.01206	0.00632	0.00548	0.00166	0.00520	0.00528	0.00573	0.04619
32	0.01577	0.01438	0.02137	0.02335	0.33126	0.04775	0.13738	0.23129	0.01658	0.02249	0.01203	0.01574	0.00980	0.00607	0.00624	0.00175	0.03717	0.03755	0.00366	0.00837
33	0.01246	0.01207	0.01605	0.01387	0.01451	0.01631	0.01143	0.01665	0.16349	0.01536	0.01042	0.01388	0.00926	0.00924	0.01559	0.00231	0.63228	0.00514	0.00309	0.00662
34	0.01232	0.00907	0.01104	0.04085	0.07182	0.00962	0.00798	0.01987	0.30364	0.08940	0.16289	0.07243	0.07415	0.00882	0.00577	0.00179	0.00403	0.00758	0.07971	0.00721
35	0.00743	0.00514	0.00635	0.00695	0.00715	0.00503	0.00435	0.00797	0.00929	0.01243	0.02349	0.39584	0.02762	0.40057	0.05183	0.00406	0.00478	0.01158	0.00418	0.00396
36	0.01406	0.01441	0.01602	0.12988	0.23628	0.17186	0.01209	0.02021	0.21598	0.01768	0.01733	0.01852	0.07840	0.00669	0.00553	0.00171	0.00647	0.00561	0.00372	0.00754
37	0.02086	0.01019	0.01261	0.01018	0.01405	0.00991	0.00824	0.05741	0.22016	0.50467	0.02317	0.02061	0.04718	0.00734	0.00563	0.00176	0.00460	0.00600	0.00639	0.00904
38	0.01639	0.00942	0.01124	0.00919	0.01216	0.00930	0.00727	0.21617	0.01758	0.24798	0.20911	0.02768	0.09156	0.08000	0.00791	0.00205	0.00445	0.00730	0.00584	0.00740
39	0.00950	0.00770	0.01177	0.01583	0.21630	0.00759	0.00985	0.01172	0.01200	0.01618	0.02460	0.29530	0.02719	0.01317	0.00687	0.00220	0.00487	0.29700	0.00447	0.00590
40	0.00769	0.00554	0.00701	0.00769	0.00851	0.00528	0.00568	0.00910	0.01142	0.01499	0.10252	0.27038	0.13053	0.17813	0.01146	0.00287	0.00406	0.20777	0.00486	0.00452
41	0.01481	0.80869	0.02902	0.00948	0.01421	0.02191	0.00948	0.01658	0.01125	0.01303	0.00770	0.00888	0.00711	0.00474	0.00355	0.00118	0.00592	0.00296	0.00237	0.00711
42	0.01614	0.63186	0.02601	0.01056	0.01487	0.19398	0.00975	0.01783	0.01226	0.01315	0.00789	0.00913	0.00711	0.00496	0.00388	0.00124	0.00684	0.00310	0.00248	0.00695
43	0.00742	0.00556	0.00633	0.00629	0.00726	0.00527	0.00428	0.00842	0.01058	0.01358	0.09132	0.04168	0.32049	0.33415	0.11011	0.00412	0.00529	0.00940	0.00424	0.00422
44	0.01319	0.40169	0.32946	0.01488	0.10635	0.01725	0.01478	0.01702	0.01159	0.01544	0.00892	0.01058	0.00726	0.00497	0.00447	0.00147	0.00691	0.00365	0.00240	0.00774
45	0.01315	0.01643	0.12385	0.22481	0.08936	0.22014	0.01293	0.01607	0.01234	0.01468	0.01225	0.01954	0.01106	0.08033	0.04218	0.00240	0.00807	0.07116	0.00292	0.00635
46	0.00655	0.00561	0.00561	0.00561	0.00748	0.00468	0.00421	0.00795	0.01262	0.01496	0.05610	0.05330	0.76857	0.01403	0.00655	0.00187	0.00281	0.01169	0.00514	0.00468
47	0.00713	0.00554	0.00648	0.00644	0.00789	0.00489	0.00475	0.00900	0.01371	0.01800	0.36087	0.13329	0.37566	0.01324	0.00660	0.00186	0.00277	0.01143	0.00555	0.00489
48	0.09284	0.01913	0.10402	0.01291	0.01723	0.20698	0.01123	0.37985	0.06012	0.02603	0.01173	0.01230	0.00867	0.00616	0.00519	0.00163	0.00705	0.00442	0.00431	0.00819
49	0.01324	0.24302	0.02251	0.33818	0.09379	0.08508	0.09912	0.01625	0.01191	0.01454	0.00932	0.01256	0.00752	0.00517	0.00503	0.00160	0.00735	0.00442	0.00253	0.00684
50	0.13286	0.46823	0.17422	0.01166	0.01697	0.01805	0.07820	0.01683	0.01124	0.01604	0.00846	0.01000	0.00705	0.00489	0.00414	0.00143	0.00644	0.00351	0.00255	0.00719
51	0.01704	0.09481	0.31161	0.01379	0.01909	0.30520	0.01401	0.02054	0.01377	0.12416	0.01092	0.01182	0.00803	0.00561	0.00505	0.00157	0.00817	0.00400	0.00318	0.00760
52	0.01448	0.05659	0.01754	0.07325	0.23477	0.08269	0.01217	0.12838	0.10717	0.01971	0.04751	0.01679	0.04527	0.00694	0.00715	0.00176	0.11105	0.00539	0.00371	0.00768

[dist]
# distance from previous block
# <min> <max>
0	1

[block]
# block no. 5 follows, 43 sequences, length 6
# corresponding to MSA columns:
# 301-306
name=unknown_F
#
# <colnr> <probs for GDERKNQSTAVLIFYWHMCP>
#	G	D	E	R	K	N	Q	S	T	A	V	L	I	F	Y	W	H	M	C	P
0	0.01170	0.00933	0.01228	0.09331	0.11068	0.00923	0.00896	0.01687	0.15862	0.06686	0.14874	0.02606	0.09735	0.00795	0.00564	0.00164	0.00451	0.03880	0.00457	0.16690
1	0.17217	0.01261	0.11595	0.01005	0.01433	0.01014	0.00934	0.10806	0.01322	0.02112	0.01382	0.02158	0.01256	0.00705	0.00503	0.00158	0.00515	0.15124	0.00383	0.29117
2	0.01261	0.00982	0.01238	0.00987	0.01313	0.00962	0.00797	0.01551	0.05526	0.09378	0.01201	0.01431	0.00987	0.01079	0.11396	0.00239	0.15765	0.00435	0.00358	0.43114
3	0.00694	0.00517	0.00610	0.00675	0.00748	0.00472	0.00451	0.00785	0.01073	0.01374	0.03585	0.42546	0.25762	0.16773	0.01097	0.00273	0.00350	0.01302	0.00480	0.00433
4	0.01512	0.01986	0.16330	0.01895	0.19844	0.24783	0.01403	0.01973	0.10773	0.01660	0.01087	0.01285	0.00876	0.00621	0.00705	0.00174	0.11584	0.00451	0.00302	0.00757
5	0.01464	0.01269	0.01234	0.01080	0.01358	0.10958	0.00838	0.21281	0.24403	0.02391	0.16990	0.10280	0.02290	0.00885	0.00586	0.00178	0.00507	0.00733	0.00530	0.00748

[dist]
# distance from previous block
# <min> <max>
0	5

[block]
# block no. 6 follows, 43 sequences, length 9
# corresponding to MSA columns:
# 312-320
name=unknown_G
#
# <colnr> <probs for GDERKNQSTAVLIFYWHMCP>
#	G	D	E	R	K	N	Q	S	T	A	V	L	I	F	Y	W	H	M	C	P
0	0.01016	0.00754	0.00868	0.00809	0.00950	0.00786	0.00577	0.09254	0.13525	0.01910	0.23559	0.12868	0.02977	0.26157	0.01318	0.00296	0.00422	0.00896	0.00498	0.00557
1	0.61745	0.00911	0.00768	0.00740	0.00998	0.01028	0.00577	0.01396	0.00974	0.02195	0.01389	0.22384	0.01430	0.00845	0.00441	0.00186	0.00399	0.00645	0.00389	0.00559
2	0.00805	0.00537	0.00604	0.00604	0.00604	0.00537	0.00336	0.00805	0.00805	0.01074	0.01745	0.03624	0.02013	0.80536	0.02819	0.00537	0.00537	0.00805	0.00336	0.00336
3	0.01525	0.01143	0.01236	0.01065	0.01396	0.01258	0.00841	0.14434	0.46651	0.10518	0.02518	0.02337	0.10984	0.00812	0.00573	0.00182	0.00450	0.00666	0.00569	0.00843
4	0.01046	0.00984	0.01661	0.79205	0.03814	0.01230	0.01538	0.01415	0.01107	0.01415	0.00984	0.01477	0.00738	0.00554	0.00554	0.00185	0.00738	0.00492	0.00246	0.00615
5	0.01313	0.23913	0.42347	0.01625	0.11472	0.07065	0.01633	0.01754	0.01198	0.01609	0.00929	0.01106	0.00727	0.00511	0.00480	0.00156	0.00750	0.00385	0.00243	0.00784
6	0.18862	0.28482	0.04964	0.01692	0.23211	0.11250	0.01149	0.01737	0.01184	0.01720	0.00868	0.01054	0.00735	0.00502	0.00433	0.00148	0.00637	0.00366	0.00276	0.00731
7	0.00714	0.00547	0.00624	0.00631	0.00752	0.00490	0.00445	0.00855	0.01235	0.01595	0.22249	0.15238	0.36623	0.14325	0.01016	0.00246	0.00323	0.01125	0.00509	0.00457
8	0.01175	0.01192	0.01650	0.69427	0.03550	0.10921	0.01479	0.01515	0.01166	0.01408	0.00968	0.01416	0.00735	0.00556	0.00547	0.00179	0.00771	0.00475	0.00251	0.00619

[dist]
# distance from previous block
# <min> <max>
0	1

[block]
# block no. 7 follows, 43 sequences, length 33
# corresponding to MSA columns:
# 322-354
name=unknown_H
#
# <colnr> <probs for GDERKNQSTAVLIFYWHMCP>
#	G	D	E	R	K	N	Q	S	T	A	V	L	I	F	Y	W	H	M	C	P
0	0.01140	0.05202	0.00965	0.00843	0.00914	0.11279	0.00605	0.00995	0.00883	0.01063	0.01018	0.01733	0.01005	0.01642	0.01779	0.64337	0.00559	0.03448	0.00258	0.00333
1	0.00928	0.00481	0.00712	0.00727	0.00731	0.00477	0.00485	0.00727	0.00762	0.01016	0.01210	0.11000	0.01283	0.01902	0.01991	0.73956	0.00462	0.00611	0.00273	0.00265
2	0.00729	0.00526	0.00674	0.00774	0.00824	0.00506	0.00530	0.00877	0.03595	0.01425	0.02948	0.60540	0.05846	0.11029	0.00955	0.00262	0.00363	0.06647	0.00494	0.00456
3	0.00912	0.06594	0.06978	0.01126	0.06649	0.00825	0.00896	0.01153	0.01128	0.01533	0.06143	0.15098	0.04274	0.02057	0.22825	0.00403	0.00780	0.19668	0.00397	0.00561
4	0.27445	0.38386	0.09895	0.00984	0.01449	0.01744	0.00966	0.10392	0.01248	0.01979	0.00860	0.00974	0.00703	0.00515	0.00393	0.00147	0.00567	0.00333	0.00307	0.00715
5	0.01424	0.24669	0.27786	0.01174	0.01763	0.01450	0.01266	0.09380	0.01331	0.07113	0.01046	0.01151	0.00800	0.00514	0.00459	0.00139	0.00627	0.00380	0.00318	0.17208
6	0.01184	0.01158	0.01806	0.55718	0.22354	0.05403	0.01554	0.01530	0.01171	0.01512	0.00992	0.01424	0.00772	0.00539	0.00549	0.00177	0.00732	0.00485	0.00255	0.00683
7	0.12545	0.00677	0.00733	0.00749	0.00920	0.00707	0.00617	0.04326	0.01229	0.02042	0.02030	0.03308	0.01893	0.00931	0.00517	0.00180	0.00382	0.25472	0.40195	0.00543
8	0.01045	0.00969	0.01619	0.59709	0.13302	0.01149	0.01438	0.01377	0.01122	0.01468	0.01238	0.10803	0.01104	0.00686	0.00571	0.00187	0.00678	0.00621	0.00282	0.00631
9	0.01238	0.29624	0.52019	0.01362	0.02062	0.01597	0.01669	0.01721	0.01154	0.01599	0.00917	0.01073	0.00705	0.00508	0.00468	0.00156	0.00741	0.00370	0.00235	0.00782
10	0.01387	0.01613	0.03091	0.02240	0.02771	0.09417	0.67357	0.01820	0.01335	0.01730	0.01093	0.01442	0.00827	0.00478	0.00638	0.00182	0.00940	0.00623	0.00281	0.00736
11	0.00794	0.00537	0.00628	0.00638	0.00647	0.00542	0.00375	0.00816	0.00831	0.01115	0.01826	0.09400	0.02095	0.68938	0.08138	0.00539	0.00589	0.00849	0.00346	0.00356
12	0.00747	0.00565	0.00689	0.00658	0.00805	0.00507	0.00494	0.00974	0.01481	0.02014	0.56474	0.04477	0.25670	0.01209	0.00654	0.00178	0.00267	0.01049	0.00582	0.00507
13	0.00706	0.00563	0.00633	0.00615	0.00780	0.00490	0.00461	0.00895	0.01384	0.01786	0.34072	0.04853	0.48214	0.01295	0.00654	0.00182	0.00273	0.01102	0.00552	0.00490
14	0.01046	0.00984	0.01661	0.79205	0.03814	0.01230	0.01538	0.01415	0.01107	0.01415	0.00984	0.01477	0.00738	0.00554	0.00554	0.00185	0.00738	0.00492	0.00246	0.00615
15	0.00822	0.00638	0.00949	0.00931	0.01023	0.00765	0.00730	0.01014	0.00887	0.01289	0.01429	0.02106	0.01337	0.03923	0.72787	0.00843	0.07148	0.00585	0.00293	0.00503
16	0.11304	0.23899	0.02156	0.01260	0.01722	0.01393	0.18165	0.02063	0.01315	0.29473	0.01371	0.01397	0.00970	0.00554	0.00497	0.00160	0.00609	0.00476	0.00424	0.00791
17	0.05722	0.37163	0.04168	0.01120	0.01560	0.09865	0.01005	0.26232	0.04737	0.02146	0.01032	0.01103	0.00823	0.00562	0.00449	0.00144	0.00632	0.00387	0.00366	0.00785
18	0.01418	0.01540	0.15468	0.07422	0.13407	0.01433	0.07082	0.09327	0.01270	0.08458	0.01063	0.01341	0.00834	0.00692	0.00970	0.00196	0.26503	0.00494	0.00320	0.00761
19	0.01214	0.01003	0.01067	0.00978	0.01202	0.01138	0.00722	0.02333	0.54596	0.01962	0.02109	0.02511	0.01783	0.23523	0.01207	0.00287	0.00466	0.00677	0.00498	0.00722
20	0.01111	0.02865	0.77667	0.01579	0.02397	0.01286	0.02046	0.01754	0.01169	0.01754	0.00994	0.01169	0.00702	0.00526	0.00526	0.00175	0.00818	0.00409	0.00234	0.00818
21	0.00717	0.00563	0.00647	0.00626	0.00786	0.00494	0.00470	0.00915	0.01409	0.01844	0.39749	0.04758	0.42501	0.01273	0.00654	0.00181	0.00271	0.01089	0.00560	0.00494
22	0.01062	0.00993	0.01312	0.01182	0.01230	0.04447	0.00949	0.01204	0.00891	0.01297	0.01087	0.01736	0.01064	0.07911	0.30277	0.00500	0.41497	0.00543	0.00271	0.00546
23	0.01133	0.00650	0.00867	0.00811	0.00882	0.00675	0.00572	0.12493	0.01031	0.01377	0.01092	0.04331	0.01052	0.01719	0.01860	0.67781	0.00496	0.00521	0.00299	0.00358
24	0.00842	0.00610	0.00765	0.00751	0.00765	0.00671	0.00495	0.00876	0.00842	0.01156	0.01709	0.11121	0.01934	0.52241	0.10331	0.03933	0.09418	0.00815	0.00336	0.00390
25	0.01481	0.80869	0.02902	0.00948	0.01421	0.02191	0.00948	0.01658	0.01125	0.01303	0.00770	0.00888	0.00711	0.00474	0.00355	0.00118	0.00592	0.00296	0.00237	0.00711
26	0.01571	0.01142	0.01363	0.01005	0.01478	0.01023	0.03023	0.20782	0.01587	0.11808	0.01230	0.01299	0.00922	0.00513	0.00473	0.00118	0.00486	0.00411	0.00431	0.49334
27	0.00680	0.00517	0.00626	0.00694	0.00788	0.00464	0.00484	0.00809	0.01182	0.01529	0.11925	0.47165	0.28020	0.01560	0.00684	0.00207	0.00301	0.01378	0.00525	0.00464
28	0.01155	0.02489	0.58204	0.01715	0.02429	0.01336	0.16039	0.01729	0.01174	0.01729	0.01000	0.01235	0.00730	0.00545	0.00638	0.00182	0.06175	0.00461	0.00243	0.00790
29	0.01148	0.01091	0.01831	0.53382	0.24599	0.01280	0.01567	0.01492	0.01137	0.01523	0.00987	0.01432	0.00777	0.00559	0.00620	0.00182	0.04958	0.00492	0.00254	0.00690
30	0.01139	0.11198	0.54671	0.01608	0.09927	0.01318	0.01744	0.01653	0.01182	0.01687	0.01381	0.01526	0.07435	0.00594	0.00521	0.00169	0.00729	0.00472	0.00263	0.00782
31	0.01145	0.00931	0.01067	0.00795	0.01227	0.00742	0.00631	0.01464	0.05185	0.01868	0.01166	0.01324	0.00950	0.00461	0.00415	0.00094	0.00391	0.00370	0.11839	0.67935
32	0.01333	0.01608	0.18519	0.07313	0.07283	0.01283	0.20492	0.17913	0.01564	0.02138	0.07310	0.01898	0.07470	0.00661	0.00589	0.00177	0.00698	0.00613	0.00373	0.00765

[dist]
# distance from previous block
# <min> <max>
0	1

[block]
# block no. 8 follows, 43 sequences, length 9
# corresponding to MSA columns:
# 356-364
name=unknown_I
#
# <colnr> <probs for GDERKNQSTAVLIFYWHMCP>
#	G	D	E	R	K	N	Q	S	T	A	V	L	I	F	Y	W	H	M	C	P
0	0.00699	0.00505	0.00667	0.00787	0.00840	0.00473	0.00552	0.00816	0.01097	0.01447	0.03192	0.67152	0.08003	0.01691	0.00710	0.00226	0.00341	0.09831	0.00514	0.00458
1	0.00894	0.00633	0.00758	0.00708	0.00879	0.00591	0.00542	0.01078	0.01358	0.08405	0.28513	0.07634	0.38566	0.01238	0.00720	0.00186	0.05184	0.01035	0.00544	0.00535
2	0.00791	0.00593	0.00890	0.00890	0.00989	0.00692	0.00692	0.00989	0.00890	0.01286	0.01483	0.02176	0.01385	0.04154	0.78341	0.00890	0.01483	0.00593	0.00297	0.00494
3	0.01567	0.34787	0.02009	0.01116	0.01490	0.18057	0.00947	0.02251	0.28940	0.01689	0.01337	0.01347	0.01074	0.00597	0.00463	0.00149	0.00622	0.00431	0.00368	0.00757
4	0.53726	0.01115	0.00976	0.00876	0.01208	0.01292	0.00702	0.02114	0.28731	0.02423	0.01320	0.01331	0.01003	0.00602	0.00424	0.00177	0.00432	0.00421	0.00424	0.00702
5	0.01321	0.01332	0.17154	0.01160	0.01481	0.01068	0.04990	0.10345	0.01242	0.11748	0.01418	0.02057	0.01247	0.21945	0.09701	0.00354	0.09822	0.00585	0.00369	0.00660
6	0.01180	0.01121	0.01904	0.47871	0.34100	0.01266	0.01605	0.01533	0.01171	0.01578	0.01008	0.01433	0.00796	0.00529	0.00551	0.00176	0.00705	0.00493	0.00258	0.00724
7	0.01403	0.02018	0.38872	0.02167	0.29877	0.01230	0.01742	0.01869	0.01263	0.12581	0.01182	0.01346	0.00862	0.00537	0.00539	0.00171	0.00710	0.00461	0.00313	0.00858
8	0.01476	0.01473	0.01726	0.39596	0.13496	0.17724	0.01385	0.13215	0.01463	0.01784	0.01019	0.01337	0.00785	0.00566	0.00541	0.00170	0.00762	0.00465	0.00307	0.00710

[dist]
# distance from previous block
# <min> <max>
2	8

[block]
# block no. 9 follows, 43 sequences, length 92
# corresponding to MSA columns:
# 383-474
name=unknown_J
#
# <colnr> <probs for GDERKNQSTAVLIFYWHMCP>
#	G	D	E	R	K	N	Q	S	T	A	V	L	I	F	Y	W	H	M	C	P
0	0.01249	0.53300	0.02113	0.00830	0.01141	0.01624	0.00738	0.01366	0.01016	0.01224	0.01105	0.01827	0.01158	0.27950	0.01201	0.00262	0.00573	0.00471	0.00271	0.00582
1	0.01459	0.01191	0.01709	0.01320	0.01643	0.01234	0.19455	0.31479	0.01676	0.02250	0.01465	0.04881	0.01339	0.24906	0.01272	0.00286	0.00659	0.00669	0.00417	0.00691
2	0.01655	0.01350	0.01809	0.21339	0.21221	0.01494	0.01337	0.38218	0.01891	0.02547	0.01171	0.01377	0.00875	0.00594	0.00553	0.00170	0.00654	0.00496	0.00406	0.00844
3	0.00784	0.00566	0.00740	0.00697	0.00827	0.00523	0.00523	0.01045	0.01568	0.02221	0.76789	0.04137	0.05226	0.01132	0.00653	0.00174	0.00261	0.01002	0.00610	0.00523
4	0.01251	0.01888	0.24657	0.02117	0.02751	0.01368	0.54076	0.01768	0.01268	0.01768	0.01084	0.01401	0.00800	0.00484	0.00617	0.00183	0.00901	0.00583	0.00267	0.00768
5	0.00962	0.00481	0.00722	0.00722	0.00722	0.00481	0.00481	0.00722	0.00722	0.00962	0.00962	0.01684	0.00962	0.01924	0.02165	0.83886	0.00481	0.00481	0.00241	0.00241
6	0.02105	0.01551	0.01662	0.01274	0.01717	0.01717	0.01053	0.75235	0.02604	0.03490	0.01330	0.01330	0.00942	0.00665	0.00554	0.00166	0.00609	0.00499	0.00554	0.00942
7	0.01542	0.01681	0.01404	0.11418	0.01820	0.32564	0.00958	0.03613	0.03645	0.01627	0.00979	0.01163	0.00795	0.00511	0.00474	0.00126	0.00700	0.00375	0.00313	0.34292
8	0.01458	0.01601	0.02316	0.01803	0.02191	0.18358	0.37491	0.06595	0.01416	0.01748	0.01330	0.02089	0.01174	0.00700	0.00706	0.00190	0.06022	0.11791	0.00332	0.00691
9	0.84448	0.01071	0.00814	0.00728	0.01071	0.01242	0.00600	0.01628	0.00943	0.02485	0.00771	0.00900	0.00600	0.00514	0.00343	0.00171	0.00428	0.00300	0.00343	0.00600
10	0.02011	0.01481	0.01595	0.01241	0.01657	0.01634	0.01017	0.70345	0.02503	0.03354	0.01443	0.06507	0.01121	0.00735	0.00564	0.00170	0.00591	0.00569	0.00551	0.00910
11	0.00793	0.00585	0.00847	0.00847	0.00932	0.00669	0.00639	0.00962	0.00877	0.01254	0.01522	0.02392	0.01478	0.15554	0.67070	0.00837	0.01342	0.00625	0.00302	0.00471
12	0.00675	0.00482	0.00643	0.00771	0.00803	0.00450	0.00514	0.00771	0.01060	0.01414	0.03053	0.80175	0.03663	0.01735	0.00707	0.00225	0.00321	0.01574	0.00514	0.00450
13	0.01303	0.00681	0.00907	0.00785	0.01006	0.00611	0.00611	0.01550	0.01573	0.25169	0.54037	0.03450	0.04050	0.00996	0.00624	0.00173	0.00325	0.00866	0.00633	0.00651
14	0.01459	0.01131	0.01228	0.01042	0.01330	0.01250	0.00811	0.27175	0.29342	0.02541	0.13477	0.02341	0.02027	0.11294	0.00871	0.00224	0.00482	0.00664	0.00537	0.00773
15	0.00801	0.00553	0.00686	0.00686	0.00715	0.00582	0.00438	0.00858	0.00830	0.01135	0.01670	0.03208	0.01833	0.58576	0.24532	0.00638	0.00809	0.00744	0.00324	0.00381
16	0.01215	0.01198	0.01778	0.12002	0.13542	0.01576	0.01331	0.01401	0.00947	0.01418	0.00810	0.01271	0.00752	0.00840	0.01453	0.00223	0.56860	0.00487	0.00248	0.00649
17	0.01411	0.01529	0.01584	0.40494	0.07627	0.27623	0.01293	0.01645	0.01241	0.01380	0.00942	0.01324	0.00759	0.00679	0.00679	0.07678	0.00799	0.00445	0.00261	0.00608
18	0.01245	0.01069	0.01545	0.01240	0.06531	0.00878	0.12231	0.01530	0.01207	0.05631	0.01146	0.01453	0.00947	0.00482	0.00478	0.00115	0.00514	0.03249	0.00342	0.58166
19	0.84448	0.01071	0.00814	0.00728	0.01071	0.01242	0.00600	0.01628	0.00943	0.02485	0.00771	0.00900	0.00600	0.00514	0.00343	0.00171	0.00428	0.00300	0.00343	0.00600
20	0.00678	0.00562	0.00594	0.00586	0.00763	0.00478	0.00440	0.00841	0.01319	0.01630	0.18779	0.05109	0.63605	0.01353	0.00654	0.00185	0.00277	0.01138	0.00532	0.00478
21	0.02323	0.00900	0.01214	0.00943	0.01340	0.00783	0.00775	0.02542	0.01557	0.69579	0.05070	0.01985	0.01524	0.00700	0.00550	0.00169	0.00449	0.00572	0.06128	0.00898
22	0.00675	0.00482	0.00643	0.00771	0.00803	0.00450	0.00514	0.00771	0.01060	0.01414	0.03053	0.80175	0.03663	0.01735	0.00707	0.00225	0.00321	0.01574	0.00514	0.00450
23	0.00902	0.00521	0.00781	0.00781	0.00816	0.00556	0.00556	0.00816	0.00781	0.01076	0.01146	0.01857	0.01111	0.02711	0.29068	0.54575	0.00835	0.00521	0.00260	0.00330
24	0.62130	0.01071	0.00964	0.00815	0.01182	0.01177	0.00672	0.06062	0.01176	0.18657	0.01107	0.01136	0.00785	0.00560	0.00401	0.00171	0.00448	0.00366	0.00428	0.00693
25	0.84448	0.01071	0.00814	0.00728	0.01071	0.01242	0.00600	0.01628	0.00943	0.02485	0.00771	0.00900	0.00600	0.00514	0.00343	0.00171	0.00428	0.00300	0.00343	0.00600
26	0.01479	0.53907	0.08856	0.01045	0.01526	0.11468	0.01018	0.01701	0.01188	0.01414	0.00828	0.00960	0.00725	0.00482	0.00395	0.00122	0.00638	0.00318	0.00255	0.11676
27	0.01863	0.11498	0.04862	0.01529	0.06727	0.40126	0.05886	0.16337	0.02856	0.01854	0.00995	0.01130	0.00792	0.00567	0.00508	0.00151	0.00832	0.00412	0.00333	0.00742
28	0.00830	0.00528	0.00622	0.00622	0.00622	0.00528	0.00358	0.00792	0.00792	0.01057	0.01624	0.03325	0.01851	0.68399	0.02718	0.13406	0.00528	0.00755	0.00321	0.00321
29	0.01198	0.14869	0.63818	0.01472	0.02226	0.01439	0.01846	0.03968	0.01206	0.01737	0.00970	0.01131	0.00710	0.00522	0.00501	0.00166	0.00777	0.00394	0.00244	0.00806
30	0.01168	0.01074	0.01768	0.07624	0.50360	0.01073	0.01354	0.01438	0.01197	0.01685	0.01535	0.20952	0.01558	0.00803	0.00583	0.00178	0.00570	0.00756	0.00334	0.03993
31	0.01132	0.01030	0.01697	0.02497	0.50904	0.01019	0.01293	0.01381	0.01192	0.01674	0.01732	0.28415	0.01833	0.00920	0.00603	0.00185	0.00542	0.00864	0.00356	0.00731
32	0.00715	0.00563	0.00645	0.00625	0.00785	0.00493	0.00468	0.00912	0.01405	0.01836	0.38977	0.04771	0.43278	0.01276	0.00654	0.00181	0.00272	0.01090	0.00559	0.00493
33	0.01046	0.00984	0.01661	0.79205	0.03814	0.01230	0.01538	0.01415	0.01107	0.01415	0.00984	0.01477	0.00738	0.00554	0.00554	0.00185	0.00738	0.00492	0.00246	0.00615
34	0.00779	0.00521	0.00626	0.00670	0.00695	0.00515	0.00420	0.00839	0.00923	0.01267	0.02186	0.28425	0.02510	0.45517	0.04630	0.00416	0.00482	0.02321	0.05864	0.00393
35	0.01178	0.02394	0.52134	0.01838	0.02568	0.01325	0.27107	0.01761	0.01217	0.01761	0.01037	0.01281	0.00749	0.00506	0.00570	0.00179	0.00858	0.00493	0.00250	0.00794
36	0.01212	0.01212	0.01696	0.01454	0.01454	0.01696	0.01212	0.01333	0.00848	0.01333	0.00727	0.01212	0.00727	0.00969	0.01818	0.00242	0.79523	0.00485	0.00242	0.00606
37	0.01374	0.01359	0.02126	0.13259	0.62478	0.06361	0.01637	0.01696	0.01261	0.01728	0.01022	0.01360	0.00848	0.00506	0.00546	0.00166	0.00691	0.00484	0.00271	0.00827
38	0.05868	0.25964	0.01968	0.01198	0.01595	0.26566	0.01005	0.25776	0.01741	0.02089	0.00980	0.01068	0.00781	0.00569	0.00466	0.00144	0.00721	0.00382	0.00361	0.00758
39	0.00784	0.00566	0.00740	0.00697	0.00827	0.00523	0.00523	0.01045	0.01568	0.02221	0.76789	0.04137	0.05226	0.01132	0.00653	0.00174	0.00261	0.01002	0.00610	0.00523
40	0.01371	0.01324	0.02312	0.03098	0.62297	0.01318	0.11303	0.04306	0.01301	0.01842	0.01084	0.01454	0.00909	0.02924	0.00631	0.00179	0.00689	0.00524	0.00287	0.00846
