[name]
unknown

[dist]
# distance from previous block
# <min> <max>
0	0

[block]
# block no. 0 follows, 43 sequences, length 36
# corresponding to MSA columns:
# 0-35
name=unknown_A
#
# <colnr> <probs for GDERKNQSTAVLIFYWHMCP>
#	G	D	E	R	K	N	Q	S	T	A	V	L	I	F	Y	W	H	M	C	P
0	0.00892	0.00637	0.00892	0.01020	0.01147	0.00637	0.00892	0.01147	0.01275	0.01657	0.02932	0.06247	0.03187	0.01530	0.00765	0.00255	0.00510	0.73354	0.00510	0.00510
1	0.01887	0.01243	0.01417	0.01076	0.01517	0.01235	0.00882	0.38543	0.01982	0.18221	0.04358	0.01507	0.01166	0.00622	0.00522	0.00146	0.00516	0.00487	0.00525	0.22148
2	0.00784	0.00566	0.00740	0.00697	0.00827	0.00523	0.00523	0.01045	0.01568	0.02221	0.76789	0.04137	0.05226	0.01132	0.00653	0.00174	0.00261	0.01002	0.00610	0.00523
3	0.00678	0.00507	0.00630	0.00714	0.00791	0.00459	0.00492	0.00797	0.01146	0.01492	0.08974	0.56358	0.21728	0.01610	0.00690	0.00212	0.00307	0.01434	0.00521	0.00459
4	0.84448	0.01071	0.00814	0.00728	0.01071	0.01242	0.00600	0.01628	0.00943	0.02485	0.00771	0.00900	0.00600	0.00514	0.00343	0.00171	0.00428	0.00300	0.00343	0.00600
5	0.00674	0.00554	0.00580	0.00586	0.00746	0.00474	0.00427	0.00808	0.01233	0.01502	0.09238	0.10247	0.62383	0.07091	0.00813	0.00214	0.00301	0.01161	0.00507	0.00460
6	0.01481	0.80869	0.02902	0.00948	0.01421	0.02191	0.00948	0.01658	0.01125	0.01303	0.00770	0.00888	0.00711	0.00474	0.00355	0.00118	0.00592	0.00296	0.00237	0.00711
7	0.00670	0.00543	0.00594	0.00620	0.00767	0.00468	0.00450	0.00810	0.01241	0.01536	0.10814	0.22284	0.54359	0.01456	0.00666	0.00195	0.00288	0.01248	0.00522	0.00468
8	0.84448	0.01071	0.00814	0.00728	0.01071	0.01242	0.00600	0.01628	0.00943	0.02485	0.00771	0.00900	0.00600	0.00514	0.00343	0.00171	0.00428	0.00300	0.00343	0.00600
9	0.01873	0.08435	0.01637	0.01268	0.01627	0.29222	0.01010	0.26215	0.19043	0.02271	0.01326	0.01344	0.01013	0.00635	0.00520	0.00159	0.00709	0.00460	0.00433	0.00800
10	0.05630	0.17217	0.13663	0.01062	0.01442	0.01211	0.04915	0.11395	0.01352	0.04086	0.02141	0.19741	0.12097	0.00934	0.00553	0.00176	0.00531	0.00782	0.00403	0.00669
11	0.01954	0.02263	0.01525	0.01357	0.01666	0.56185	0.01035	0.10755	0.14569	0.01768	0.01152	0.01221	0.00909	0.00613	0.00517	0.00153	0.00857	0.00420	0.00364	0.00717
12	0.02171	0.01378	0.01543	0.01186	0.01617	0.01469	0.00978	0.55845	0.02322	0.21364	0.01549	0.01482	0.01058	0.00669	0.00551	0.00167	0.00567	0.00513	0.02640	0.00931
13	0.00936	0.00726	0.00871	0.00807	0.00984	0.00741	0.00613	0.01531	0.20625	0.02245	0.57726	0.03607	0.04322	0.01035	0.00630	0.00178	0.00307	0.00906	0.00598	0.00613
14	0.00787	0.00572	0.00748	0.00742	0.00870	0.00533	0.00572	0.01031	0.01478	0.02050	0.57471	0.08603	0.08996	0.01241	0.00673	0.00190	0.00303	0.12041	0.00584	0.00514
15	0.02485	0.00943	0.01285	0.00985	0.01414	0.00814	0.00814	0.02699	0.01585	0.77465	0.02185	0.01885	0.01371	0.00685	0.00557	0.00171	0.00471	0.00557	0.00685	0.00943
16	0.01539	0.01154	0.01257	0.01106	0.01436	0.01295	0.00867	0.02907	0.65203	0.13290	0.02244	0.02040	0.01644	0.00742	0.00563	0.00185	0.00443	0.00616	0.00581	0.00886
17	0.00676	0.00562	0.00590	0.00583	0.00761	0.00477	0.00437	0.00836	0.01312	0.01614	0.17208	0.05136	0.65186	0.01359	0.00654	0.00185	0.00277	0.01142	0.00530	0.00477
18	0.01834	0.01994	0.01929	0.01569	0.01922	0.39821	0.17901	0.11465	0.01589	0.06158	0.01118	0.03731	0.00904	0.00624	0.00622	0.00165	0.05091	0.00500	0.00347	0.00714
19	0.01227	0.01170	0.01989	0.36869	0.44733	0.01278	0.01628	0.01574	0.01193	0.01635	0.01016	0.01417	0.00816	0.00520	0.00551	0.00173	0.00693	0.00493	0.00262	0.00762
20	0.84448	0.01071	0.00814	0.00728	0.01071	0.01242	0.00600	0.01628	0.00943	0.02485	0.00771	0.00900	0.00600	0.00514	0.00343	0.00171	0.00428	0.00300	0.00343	0.00600
21	0.02258	0.01075	0.01339	0.01052	0.01465	0.01040	0.00861	0.13997	0.13068	0.54556	0.02063	0.01826	0.01353	0.00692	0.00557	0.00173	0.00488	0.00558	0.00647	0.00932
22	0.00704	0.00563	0.00630	0.00613	0.00779	0.00489	0.00460	0.00891	0.01380	0.01775	0.32989	0.04871	0.49305	0.01299	0.00654	0.00182	0.00273	0.01105	0.00551	0.00489
23	0.01772	0.19221	0.01863	0.01251	0.01621	0.29262	0.03715	0.17149	0.12526	0.01943	0.01306	0.01361	0.03439	0.00619	0.00499	0.00152	0.00722	0.00450	0.00378	0.00751
24	0.00705	0.00563	0.00630	0.00614	0.00779	0.00489	0.00460	0.00892	0.01380	0.01777	0.33149	0.04868	0.49143	0.01298	0.00654	0.00182	0.00273	0.01104	0.00551	0.00489
25	0.00784	0.00566	0.00740	0.00697	0.00827	0.00523	0.00523	0.01045	0.01568	0.02221	0.76789	0.04137	0.05226	0.01132	0.00653	0.00174	0.00261	0.01002	0.00610	0.00523
26	0.01014	0.00895	0.01323	0.44233	0.02591	0.01059	0.01150	0.01542	0.15415	0.01587	0.01756	0.21717	0.01668	0.00894	0.00595	0.00196	0.00574	0.00795	0.00375	0.00623
27	0.01901	0.02243	0.01495	0.01348	0.01646	0.56542	0.01022	0.05205	0.19835	0.01673	0.01216	0.01273	0.00961	0.00619	0.00517	0.00155	0.00847	0.00428	0.00364	0.00711
28	0.01308	0.44399	0.37857	0.01243	0.01878	0.01768	0.01461	0.01703	0.01146	0.01514	0.00875	0.01020	0.00706	0.00498	0.00435	0.00145	0.00698	0.00349	0.00235	0.00761
29	0.00726	0.00546	0.00676	0.00715	0.00819	0.00504	0.00509	0.00928	0.03454	0.01717	0.27319	0.38330	0.18824	0.01445	0.00675	0.00200	0.00297	0.01281	0.00546	0.00489
30	0.02126	0.01519	0.01642	0.01259	0.01701	0.01669	0.01040	0.71346	0.02549	0.07456	0.01376	0.01359	0.00965	0.00666	0.00554	0.00166	0.00602	0.00502	0.00561	0.00942
31	0.01280	0.18534	0.43192	0.01592	0.02269	0.01480	0.17763	0.01773	0.01206	0.04453	0.01019	0.01209	0.00758	0.00508	0.00520	0.00166	0.00784	0.00445	0.00261	0.00785
32	0.01046	0.00984	0.01661	0.79205	0.03814	0.01230	0.01538	0.01415	0.01107	0.01415	0.00984	0.01477	0.00738	0.00554	0.00554	0.00185	0.00738	0.00492	0.00246	0.00615
33	0.00844	0.00658	0.00892	0.00887	0.01006	0.00682	0.03343	0.01203	0.11605	0.01635	0.13685	0.34720	0.02957	0.05060	0.17756	0.00368	0.00614	0.01076	0.00472	0.00537
34	0.01378	0.01190	0.01252	0.01127	0.01440	0.01378	0.00877	0.02943	0.76081	0.02317	0.02254	0.02066	0.01691	0.00751	0.00564	0.00188	0.00438	0.00626	0.00564	0.00877
35	0.01148	0.00984	0.01148	0.00820	0.01312	0.00738	0.00656	0.01395	0.01148	0.01805	0.00984	0.01148	0.00820	0.00410	0.00410	0.00082	0.00410	0.00328	0.00328	0.83922

[dist]
# distance from previous block
# <min> <max>
0	3

[block]
# block no. 1 follows, 43 sequences, length 40
# corresponding to MSA columns:
# 39-78
name=unknown_B
#
# <colnr> <probs for GDERKNQSTAVLIFYWHMCP>
#	G	D	E	R	K	N	Q	S	T	A	V	L	I	F	Y	W	H	M	C	P
0	0.01372	0.01113	0.01189	0.01036	0.01338	0.01237	0.00814	0.16946	0.43675	0.02444	0.10342	0.02508	0.10429	0.00846	0.00578	0.00181	0.00433	0.00700	0.02019	0.00799
1	0.00801	0.00512	0.00620	0.00700	0.00782	0.00488	0.00502	0.00964	0.01126	0.01640	0.02861	0.44054	0.08589	0.01360	0.00611	0.00196	0.00316	0.07631	0.25771	0.00477
2	0.00945	0.00597	0.00776	0.00726	0.00882	0.00542	0.00546	0.01176	0.01497	0.10067	0.56673	0.11832	0.09273	0.01165	0.00649	0.00180	0.00291	0.01024	0.00602	0.00556
3	0.38103	0.01176	0.01150	0.00958	0.01317	0.01300	0.00778	0.25998	0.05437	0.10336	0.01355	0.07449	0.01088	0.00690	0.00474	0.00175	0.00485	0.00509	0.00472	0.00750
4	0.00800	0.00557	0.00704	0.00704	0.00738	0.00591	0.00460	0.00869	0.00835	0.01148	0.01654	0.03119	0.01794	0.53913	0.29142	0.00660	0.00867	0.00731	0.00322	0.00391
5	0.09382	0.01146	0.01215	0.01071	0.01402	0.01291	0.00842	0.02787	0.59243	0.12147	0.02105	0.01932	0.01546	0.00720	0.00542	0.00184	0.00442	0.00586	0.00559	0.00859
6	0.01269	0.12625	0.40344	0.01721	0.08035	0.01423	0.15246	0.05509	0.01269	0.01795	0.01008	0.01215	0.00761	0.00507	0.00524	0.00164	0.00766	0.00446	0.00267	0.05106
7	0.07802	0.08576	0.03885	0.07998	0.32628	0.01251	0.01232	0.05250	0.05968	0.01813	0.01384	0.12220	0.01293	0.00916	0.05237	0.00216	0.00632	0.00621	0.00339	0.00739
8	0.01228	0.02039	0.33858	0.16142	0.02652	0.07282	0.19325	0.01698	0.01196	0.01632	0.00991	0.01294	0.00745	0.00555	0.00662	0.00183	0.07047	0.00485	0.00252	0.00733
9	0.01046	0.00984	0.01661	0.79205	0.03814	0.01230	0.01538	0.01415	0.01107	0.01415	0.00984	0.01477	0.00738	0.00554	0.00554	0.00185	0.00738	0.00492	0.00246	0.00615
10	0.00683	0.00497	0.00645	0.00746	0.00801	0.00458	0.00507	0.00799	0.01125	0.01496	0.10178	0.66636	0.10085	0.01650	0.00697	0.00217	0.00312	0.01486	0.00523	0.00458
11	0.00793	0.00610	0.00681	0.00697	0.00820	0.00583	0.00506	0.01016	0.06891	0.01451	0.03646	0.08457	0.33577	0.25441	0.01325	0.00306	0.00407	0.11866	0.00463	0.00464
12	0.84448	0.01071	0.00814	0.00728	0.01071	0.01242	0.00600	0.01628	0.00943	0.02485	0.00771	0.00900	0.00600	0.00514	0.00343	0.00171	0.00428	0.00300	0.00343	0.00600
13	0.01427	0.69584	0.13719	0.01039	0.01563	0.02060	0.01107	0.01672	0.01132	0.01368	0.00802	0.00929	0.00709	0.00481	0.00380	0.00127	0.00625	0.00313	0.00236	0.00726
14	0.01552	0.01592	0.02086	0.07639	0.02142	0.18078	0.23586	0.08275	0.01375	0.05501	0.01037	0.01312	0.00816	0.00622	0.00816	0.00179	0.16585	0.00504	0.00319	0.05984
15	0.02436	0.01021	0.01334	0.01023	0.01453	0.00931	0.00845	0.12056	0.01717	0.67923	0.02075	0.01813	0.01316	0.00683	0.00557	0.00171	0.00489	0.00549	0.00669	0.00942
16	0.01140	0.00915	0.01135	0.01055	0.01238	0.08052	0.08341	0.01448	0.09142	0.09681	0.02468	0.47894	0.02638	0.01277	0.00651	0.00204	0.00477	0.01155	0.00492	0.00597
17	0.01966	0.01144	0.01351	0.01051	0.01476	0.01119	0.00855	0.20932	0.13533	0.32808	0.01757	0.01636	0.01211	0.00640	0.00530	0.00156	0.00490	0.00511	0.00567	0.16267
18	0.01269	0.01445	0.08378	0.02599	0.33746	0.01281	0.32844	0.01662	0.01258	0.01759	0.01230	0.07618	0.01068	0.00583	0.00604	0.00180	0.00761	0.00640	0.00292	0.00784
19	0.00757	0.00561	0.00717	0.00769	0.00884	0.00521	0.00591	0.00950	0.01304	0.01730	0.25480	0.24551	0.18500	0.01439	0.00695	0.00210	0.00342	0.18967	0.00542	0.00490
20	0.01153	0.01061	0.01724	0.08537	0.48122	0.01062	0.01318	0.01452	0.01310	0.01827	0.16516	0.02346	0.09781	0.00721	0.00581	0.00170	0.00546	0.00666	0.00364	0.00743
21	0.02049	0.01523	0.01630	0.01263	0.01696	0.01691	0.01039	0.69654	0.08276	0.03400	0.01401	0.01387	0.01000	0.00672	0.00555	0.00168	0.00596	0.00508	0.00555	0.00937
22	0.02009	0.02549	0.01703	0.01498	0.01805	0.72252	0.06902	0.02177	0.01549	0.01388	0.00877	0.01038	0.00723	0.00563	0.00512	0.00146	0.00994	0.00380	0.00285	0.00650
23	0.01146	0.00634	0.00820	0.00760	0.00879	0.00636	0.00536	0.01256	0.00999	0.16469	0.01760	0.02801	0.01681	0.39564	0.24031	0.00550	0.00786	0.00684	0.03499	0.00510
24	0.01327	0.01242	0.01986	0.29666	0.44337	0.02693	0.01582	0.07286	0.01317	0.01793	0.01041	0.01398	0.00831	0.00529	0.00550	0.00171	0.00688	0.00491	0.00286	0.00787
25	0.02104	0.02450	0.01552	0.01384	0.01689	0.68258	0.01049	0.06013	0.01624	0.07463	0.00985	0.01086	0.00777	0.00585	0.00507	0.00146	0.00937	0.00380	0.00331	0.00681
26	0.01465	0.01194	0.01259	0.01102	0.01421	0.01363	0.00866	0.14220	0.58583	0.02482	0.02073	0.01950	0.01551	0.00729	0.00548	0.00180	0.00451	0.00597	0.07107	0.00859
27	0.01032	0.00516	0.00516	0.00516	0.00645	0.00516	0.00387	0.01290	0.01161	0.02065	0.01807	0.02065	0.01420	0.00645	0.00387	0.00129	0.00258	0.00516	0.83611	0.00516
28	0.01054	0.00993	0.01676	0.77332	0.05625	0.01233	0.01542	0.01422	0.01111	0.01425	0.00986	0.01474	0.00742	0.00552	0.00554	0.00184	0.00736	0.00492	0.00247	0.00622
29	0.30929	0.01563	0.01146	0.01048	0.01316	0.29950	0.00814	0.04446	0.01227	0.01819	0.00991	0.01252	0.00839	0.01395	0.18721	0.00329	0.00896	0.00397	0.00318	0.00604
30	0.00768	0.00562	0.00657	0.00695	0.00783	0.00531	0.00498	0.00875	0.01068	0.01357	0.03286	0.10630	0.25246	0.32967	0.01545	0.00344	0.00436	0.16887	0.00442	0.00423
31	0.01177	0.01070	0.01770	0.06447	0.50271	0.01078	0.01391	0.01463	0.01226	0.01708	0.01631	0.13663	0.01642	0.00842	0.00606	0.00189	0.00589	0.12148	0.00345	0.00744
32	0.01982	0.02291	0.01542	0.01349	0.01674	0.57468	0.01031	0.13719	0.05427	0.01769	0.01009	0.01114	0.00805	0.00584	0.00506	0.00145	0.00872	0.00391	0.00344	0.05979
33	0.00703	0.00513	0.00665	0.00749	0.00820	0.00474	0.00526	0.00842	0.01182	0.01578	0.16430	0.55137	0.11424	0.01583	0.00695	0.00214	0.00316	0.05149	0.00531	0.00468
34	0.00683	0.00516	0.00634	0.00718	0.00805	0.00467	0.00505	0.00806	0.01149	0.01478	0.06269	0.51392	0.25756	0.01605	0.00692	0.00213	0.00316	0.05018	0.00517	0.00461
35	0.84448	0.01071	0.00814	0.00728	0.01071	0.01242	0.00600	0.01628	0.00943	0.02485	0.00771	0.00900	0.00600	0.00514	0.00343	0.00171	0.00428	0.00300	0.00343	0.00600
36	0.01080	0.01284	0.15204	0.07219	0.26572	0.01017	0.01319	0.01478	0.05079	0.01741	0.07105	0.15728	0.01958	0.00906	0.00607	0.00191	0.00576	0.09855	0.00375	0.00704
37	0.01119	0.00885	0.01025	0.01108	0.08894	0.05433	0.00738	0.03935	0.09254	0.07727	0.11090	0.25513	0.16432	0.01147	0.00622	0.00187	0.00419	0.00998	0.00501	0.02974
38	0.20285	0.00976	0.00949	0.00854	0.01097	0.06835	0.00654	0.03895	0.03725	0.07622	0.03145	0.10946	0.06729	0.11384	0.04746	0.00255	0.02099	0.03368	0.00414	0.10022
39	0.10346	0.07718	0.10781	0.11459	0.06734	0.12854	0.05002	0.12965	0.09958	0.04074	0.02281	0.01352	0.00949	0.00586	0.00512	0.00167	0.00680	0.00461	0.00363	0.00759

[dist]
# distance from previous block
# <min> <max>
4	12

[block]
# block no. 2 follows, 43 sequences, length 10
# corresponding to MSA columns:
# 91-100
name=unknown_C
#
# <colnr> <probs for GDERKNQSTAVLIFYWHMCP>
#	G	D	E	R	K	N	Q	S	T	A	V	L	I	F	Y	W	H	M	C	P
0	0.06033	0.00782	0.01067	0.05949	0.15605	0.00787	0.00841	0.01219	0.05395	0.01705	0.08559	0.24121	0.17309	0.01167	0.00627	0.00197	0.00427	0.07166	0.00452	0.00589
1	0.01234	0.28931	0.52684	0.01368	0.02071	0.01589	0.01679	0.01722	0.01155	0.01603	0.00919	0.01075	0.00705	0.00509	0.00469	0.00156	0.00743	0.00371	0.00235	0.00782
2	0.00996	0.09553	0.03797	0.08102	0.15977	0.00959	0.03274	0.01232	0.01208	0.01606	0.10454	0.18884	0.10115	0.04083	0.00692	0.00201	0.00500	0.07357	0.00402	0.00607
3	0.05393	0.06234	0.05104	0.01139	0.05845	0.09067	0.00858	0.08035	0.03159	0.01618	0.01512	0.06769	0.01537	0.23725	0.05106	0.00320	0.07021	0.06619	0.00356	0.00582
4	0.00888	0.01297	0.25648	0.01004	0.01295	0.00794	0.00993	0.01151	0.00995	0.01401	0.01708	0.13516	0.01791	0.28852	0.12259	0.00411	0.00729	0.04397	0.00331	0.00539
5	0.02158	0.01456	0.01649	0.01269	0.01705	0.06683	0.05410	0.46119	0.02179	0.23375	0.01518	0.01468	0.01037	0.00652	0.00557	0.00167	0.00618	0.00514	0.00555	0.00910
6	0.01027	0.00764	0.00936	0.00890	0.01050	0.00795	0.00659	0.14106	0.04204	0.01782	0.02088	0.32549	0.02226	0.09128	0.18972	0.00387	0.00674	0.00962	0.00443	0.06358
7	0.26749	0.01366	0.01328	0.01111	0.01464	0.15378	0.07363	0.02178	0.14501	0.17149	0.01413	0.01431	0.01029	0.00603	0.00483	0.00168	0.00580	0.00461	0.04511	0.00734
8	0.10680	0.15384	0.12228	0.01199	0.01647	0.25038	0.02828	0.06395	0.01377	0.06918	0.00993	0.01104	0.00774	0.00533	0.00462	0.00143	0.00709	0.00373	0.00325	0.10889
9	0.00719	0.00540	0.00653	0.00725	0.00819	0.00497	0.00525	0.00845	0.01131	0.01441	0.03705	0.34891	0.27007	0.10834	0.00947	0.00254	0.00364	0.13160	0.00493	0.00452

[dist]
# distance from previous block
# <min> <max>
0	1

[block]
# block no. 3 follows, 43 sequences, length 20
# corresponding to MSA columns:
# 102-121
name=unknown_D
#
# <colnr> <probs for GDERKNQSTAVLIFYWHMCP>
#	G	D	E	R	K	N	Q	S	T	A	V	L	I	F	Y	W	H	M	C	P
0	0.01381	0.06666	0.05259	0.01261	0.10622	0.01101	0.00931	0.13228	0.10030	0.09445	0.21441	0.02355	0.05922	0.00775	0.00559	0.00163	0.00469	0.00652	0.00490	0.07250
1	0.03299	0.01004	0.08642	0.00968	0.01261	0.00813	0.04339	0.03088	0.10881	0.01892	0.17381	0.22932	0.05407	0.01012	0.00592	0.00175	0.00426	0.00892	0.00466	0.14531
2	0.01388	0.17873	0.01277	0.00783	0.01060	0.06432	0.00652	0.08169	0.01336	0.06398	0.01457	0.01617	0.01143	0.00596	0.00414	0.00131	0.00433	0.00450	0.43488	0.04903
3	0.01247	0.07308	0.42223	0.01452	0.07215	0.01250	0.01524	0.07934	0.01290	0.01889	0.01009	0.01173	0.00764	0.00504	0.00490	0.00147	0.00674	0.00395	0.00287	0.21223
4	0.06467	0.11340	0.01728	0.01562	0.12577	0.33401	0.01099	0.01770	0.01252	0.01471	0.00919	0.01197	0.00807	0.01002	0.09348	0.00243	0.12470	0.00411	0.00276	0.00661
5	0.56529	0.01603	0.01070	0.00965	0.01288	0.27363	0.00759	0.01826	0.01155	0.02102	0.00800	0.00933	0.00638	0.00533	0.00396	0.00162	0.00622	0.00319	0.00323	0.00614
6	0.00991	0.00998	0.05505	0.06474	0.01401	0.06850	0.04837	0.01303	0.04965	0.01602	0.17220	0.04567	0.04410	0.05633	0.27486	0.00441	0.03675	0.00697	0.00379	0.00566
7	0.06729	0.00605	0.00755	0.00791	0.00921	0.00575	0.00589	0.01105	0.01221	0.08951	0.14123	0.40927	0.09097	0.01408	0.00662	0.00209	0.00354	0.09920	0.00533	0.00527
8	0.61184	0.01086	0.00961	0.00819	0.01171	0.01213	0.00672	0.10518	0.01245	0.10476	0.05338	0.01240	0.00987	0.00586	0.00408	0.00171	0.00445	0.00391	0.00419	0.00672
9	0.00794	0.00584	0.00840	0.00840	0.00922	0.00665	0.00630	0.00957	0.00875	0.01249	0.01529	0.02428	0.01494	0.17461	0.65184	0.00829	0.01319	0.00630	0.00303	0.00467
10	0.02992	0.03267	0.12852	0.18565	0.14463	0.13065	0.21328	0.03785	0.01303	0.01689	0.01013	0.01322	0.00781	0.00520	0.00560	0.00172	0.00817	0.00496	0.00274	0.00735
11	0.00799	0.00561	0.00708	0.00671	0.00805	0.00518	0.00503	0.01052	0.01510	0.02159	0.65088	0.04021	0.09576	0.01104	0.00628	0.00171	0.00262	0.00967	0.08379	0.00518
12	0.01479	0.02697	0.20297	0.03679	0.06208	0.05042	0.09464	0.01949	0.07970	0.16613	0.01533	0.01994	0.01224	0.00726	0.00704	0.00190	0.08584	0.08484	0.00394	0.00772
13	0.00982	0.00907	0.00950	0.00929	0.01069	0.12695	0.00717	0.01176	0.01123	0.01440	0.10539	0.02676	0.08257	0.02893	0.47082	0.00602	0.01119	0.03967	0.00360	0.00519
14	0.19463	0.01153	0.01585	0.12902	0.30936	0.01241	0.01205	0.07821	0.04894	0.06167	0.01172	0.01390	0.00906	0.00554	0.00495	0.00168	0.00567	0.00463	0.06153	0.00764
15	0.32963	0.06076	0.01516	0.01367	0.11703	0.10811	0.04686	0.13492	0.01378	0.02246	0.00945	0.01097	0.00746	0.00528	0.00447	0.00155	0.00592	0.00385	0.00349	0.08517
16	0.01406	0.02191	0.39635	0.02006	0.20995	0.07287	0.05400	0.06660	0.01349	0.06300	0.01094	0.01275	0.00809	0.00537	0.00540	0.00170	0.00764	0.00453	0.00298	0.00831
17	0.01194	0.01465	0.16907	0.01910	0.25235	0.01108	0.07051	0.01683	0.07957	0.01888	0.10479	0.01781	0.01474	0.00601	0.00545	0.00158	0.00596	0.01722	0.00347	0.15899
18	0.01076	0.01150	0.12581	0.06695	0.05930	0.00940	0.06783	0.06232	0.03999	0.03837	0.18980	0.08088	0.03469	0.01330	0.10798	0.00279	0.00669	0.06090	0.00424	0.00651
19	0.01305	0.15833	0.10628	0.02688	0.03540	0.10690	0.02922	0.06823	0.10533	0.01886	0.17069	0.02351	0.05791	0.00784	0.00549	0.00167	0.00576	0.04761	0.00413	0.00692

[dist]
# distance from previous block
# <min> <max>
0	2

[block]
# block no. 4 follows, 43 sequences, length 78
# corresponding to MSA columns:
# 124-186,210-216,218-225
name=unknown_E
#
# <colnr> <probs for GDERKNQSTAVLIFYWHMCP>
#	G	D	E	R	K	N	Q	S	T	A	V	L	I	F	Y	W	H	M	C	P
0	0.03070	0.00790	0.01037	0.00881	0.01165	0.00719	0.00693	0.01973	0.05300	0.41340	0.21800	0.14170	0.02725	0.00960	0.00601	0.00181	0.00392	0.00825	0.00628	0.00750
1	0.01008	0.01108	0.12873	0.00988	0.01269	0.00899	0.00882	0.01708	0.24277	0.02058	0.30341	0.12297	0.03169	0.01009	0.00617	0.00188	0.00419	0.03700	0.00522	0.00668
2	0.01396	0.01162	0.01758	0.43061	0.11219	0.01322	0.05233	0.18613	0.01502	0.04913	0.01152	0.01467	0.00853	0.00576	0.00553	0.00176	0.00683	0.00506	0.03120	0.00736
3	0.00970	0.00610	0.00786	0.00717	0.00888	0.00551	0.00547	0.01214	0.01539	0.10960	0.60928	0.03993	0.11944	0.01107	0.00642	0.00175	0.00288	0.00966	0.00609	0.00566
4	0.00944	0.00621	0.00790	0.00810	0.00936	0.00616	0.00588	0.01221	0.08200	0.08574	0.06680	0.39882	0.09021	0.03079	0.12301	0.00312	0.00515	0.01133	0.03230	0.00548
5	0.02082	0.01059	0.01295	0.01018	0.01405	0.01031	0.00832	0.21854	0.04713	0.43600	0.09366	0.02138	0.05502	0.00762	0.00571	0.00172	0.00477	0.00618	0.00630	0.00875
6	0.26507	0.01067	0.01131	0.00943	0.01308	0.01126	0.00764	0.08400	0.18272	0.28019	0.01888	0.01767	0.05135	0.00685	0.00500	0.00175	0.00453	0.00523	0.00536	0.00801
7	0.00755	0.00538	0.00717	0.00762	0.00807	0.00561	0.00522	0.00858	0.00923	0.01265	0.02104	0.29499	0.02362	0.26635	0.28533	0.00553	0.00794	0.00996	0.00383	0.00431
8	0.00677	0.00492	0.00639	0.00750	0.00799	0.00454	0.00506	0.00783	0.01097	0.01450	0.05931	0.70726	0.10288	0.01684	0.00700	0.00220	0.00315	0.01517	0.00518	0.00454
9	0.07467	0.01233	0.01390	0.05501	0.12779	0.06333	0.00982	0.19852	0.15609	0.02187	0.01555	0.08281	0.01373	0.09545	0.02214	0.00229	0.01680	0.00623	0.00429	0.00738
10	0.01123	0.00881	0.01290	0.13046	0.15725	0.00975	0.00958	0.04327	0.01069	0.05424	0.01376	0.02261	0.01323	0.27410	0.13289	0.00408	0.07593	0.00614	0.00324	0.00584
11	0.00675	0.00482	0.00643	0.00771	0.00803	0.00450	0.00514	0.00771	0.01060	0.01414	0.03053	0.80175	0.03663	0.01735	0.00707	0.00225	0.00321	0.01574	0.00514	0.00450
12	0.01247	0.01066	0.01345	0.11012	0.17855	0.04073	0.01010	0.06971	0.15332	0.05828	0.02759	0.02758	0.24729	0.00858	0.00584	0.00178	0.00509	0.00727	0.00442	0.00716
13	0.01312	0.11231	0.25703	0.09780	0.18282	0.01447	0.15489	0.07024	0.01307	0.01808	0.01025	0.01282	0.00787	0.00515	0.00539	0.00169	0.00756	0.00475	0.00276	0.00793
14	0.00987	0.00880	0.00896	0.00951	0.01076	0.12175	0.00744	0.01183	0.01315	0.01651	0.16581	0.25575	0.03334	0.01368	0.00688	0.00215	0.00484	0.28885	0.00496	0.00515
15	0.09147	0.01021	0.01260	0.01000	0.01405	0.00980	0.00818	0.06355	0.12720	0.56186	0.02033	0.01801	0.01332	0.00680	0.00540	0.00174	0.00470	0.00543	0.00632	0.00904
16	0.01194	0.09854	0.66967	0.01514	0.02274	0.05406	0.01896	0.01769	0.01186	0.01693	0.00967	0.01135	0.00703	0.00524	0.00509	0.00169	0.00808	0.00396	0.00237	0.00800
17	0.08649	0.01313	0.01912	0.11158	0.47892	0.04296	0.01446	0.10484	0.01399	0.02022	0.03524	0.01413	0.00982	0.00546	0.00533	0.00167	0.00641	0.00489	0.00322	0.00811
18	0.01235	0.00952	0.01139	0.01016	0.01223	0.03588	0.00803	0.23646	0.01432	0.01953	0.01424	0.01925	0.01248	0.05431	0.49612	0.00633	0.01171	0.00563	0.00376	0.00631
19	0.01012	0.00847	0.00920	0.00892	0.01103	0.00905	0.00673	0.01830	0.37129	0.01876	0.03360	0.20425	0.22548	0.01167	0.00625	0.00198	0.00371	0.02919	0.00538	0.00661
20	0.49774	0.01324	0.01427	0.03895	0.07439	0.10371	0.12340	0.01702	0.01115	0.02125	0.00935	0.01237	0.00763	0.00547	0.00447	0.00173	0.00605	0.02811	0.00323	0.00647
21	0.16552	0.01187	0.01897	0.04803	0.36972	0.01200	0.12281	0.01718	0.01220	0.08125	0.01203	0.04004	0.00978	0.00560	0.00524	0.00170	0.00612	0.00524	0.04698	0.00771
22	0.01209	0.01565	0.25192	0.01312	0.04248	0.01018	0.08339	0.07684	0.01376	0.05910	0.13180	0.08857	0.01774	0.00723	0.00559	0.00163	0.00585	0.00635	0.00391	0.15279
23	0.00990	0.00644	0.00630	0.00612	0.00755	0.04592	0.00459	0.01232	0.01291	0.02011	0.20281	0.02824	0.09536	0.00832	0.00483	0.00146	0.00300	0.00688	0.51175	0.00520
24	0.04188	0.01378	0.01690	0.34896	0.14578	0.11530	0.01340	0.15533	0.06024	0.01950	0.01112	0.01386	0.00849	0.00578	0.00539	0.00172	0.00707	0.00478	0.00336	0.00737
25	0.01174	0.14472	0.63574	0.01514	0.02271	0.01426	0.04745	0.01740	0.01168	0.01687	0.00965	0.01140	0.00708	0.00516	0.00506	0.00167	0.00789	0.00402	0.00236	0.00800
26	0.00806	0.00567	0.00690	0.00682	0.00826	0.00505	0.00502	0.00992	0.01366	0.05668	0.34761	0.19741	0.28211	0.01320	0.00660	0.00188	0.00290	0.01149	0.00563	0.00511
27	0.00784	0.00566	0.00740	0.00697	0.00827	0.00523	0.00523	0.01045	0.01568	0.02221	0.76789	0.04137	0.05226	0.01132	0.00653	0.00174	0.00261	0.01002	0.00610	0.00523
28	0.00708	0.00536	0.00650	0.00712	0.00813	0.00487	0.00515	0.00847	0.01187	0.01529	0.11135	0.36255	0.27870	0.05573	0.00798	0.00226	0.00333	0.08848	0.00514	0.00463
29	0.02203	0.01412	0.01562	0.01202	0.01638	0.02860	0.00991	0.55032	0.02320	0.22716	0.01544	0.01468	0.01049	0.00669	0.00554	0.00167	0.00580	0.00511	0.00583	0.00937
30	0.00872	0.00608	0.00785	0.00768	0.00882	0.00676	0.00596	0.01074	0.01024	0.01554	0.02145	0.02547	0.12631	0.02470	0.38052	0.00512	0.06363	0.00649	0.25287	0.00505
31	0.01148	0.00984	0.01148	0.00820	0.01312	0.00738	0.00656	0.01395	0.01148	0.01805	0.00984	0.01148	0.00820	0.00410	0.00410	0.00082	0.00410	0.00328	0.00328	0.83922
32	0.23135	0.01147	0.01194	0.00915	0.01354	0.01117	0.00746	0.19955	0.01473	0.04885	0.01055	0.01153	0.00811	0.00510	0.00433	0.00129	0.00467	0.00371	0.00400	0.38749
33	0.01108	0.00799	0.00949	0.00901	0.01004	0.04723	0.00660	0.02527	0.16817	0.01371	0.01307	0.01782	0.01159	0.01888	0.13090	0.45379	0.03231	0.00523	0.00325	0.00457
34	0.00810	0.00558	0.00712	0.00712	0.00757	0.00597	0.00478	0.00900	0.00855	0.01203	0.01645	0.02983	0.01739	0.46836	0.32346	0.00657	0.00895	0.00709	0.04201	0.00406
35	0.01510	0.13151	0.01677	0.15859	0.01953	0.01555	0.01055	0.20299	0.32611	0.02285	0.01565	0.01597	0.01180	0.00651	0.00528	0.00172	0.00560	0.00520	0.00453	0.00819
36	0.01642	0.21593	0.24512	0.01356	0.01846	0.37039	0.01331	0.01942	0.01343	0.01461	0.00876	0.01023	0.00709	0.00534	0.00473	0.00147	0.00847	0.00358	0.00258	0.00711
37	0.01485	0.01008	0.01066	0.00931	0.01184	0.08303	0.00734	0.14761	0.01580	0.16285	0.13682	0.06503	0.06999	0.01232	0.08699	0.00245	0.00576	0.03541	0.10510	0.00677
38	0.01601	0.01585	0.02655	0.01962	0.02442	0.13518	0.50021	0.01968	0.01377	0.13009	0.01226	0.01465	0.00896	0.00531	0.00650	0.00179	0.03231	0.00587	0.00340	0.00755
39	0.01201	0.01141	0.01909	0.28788	0.45938	0.01216	0.01538	0.01528	0.01209	0.01650	0.01404	0.01737	0.07177	0.00590	0.00559	0.00173	0.00654	0.00549	0.00285	0.00754
40	0.01446	0.02165	0.34243	0.01638	0.02235	0.08315	0.17307	0.15781	0.06244	0.02079	0.01147	0.01311	0.00841	0.00566	0.00583	0.00175	0.02293	0.00489	0.00330	0.00810
41	0.01582	0.01027	0.01020	0.00909	0.01142	0.12331	0.00709	0.05607	0.01381	0.21975	0.01858	0.10103	0.01546	0.00979	0.04534	0.00201	0.02976	0.03036	0.26420	0.00665
42	0.00704	0.00504	0.00671	0.00767	0.00821	0.00471	0.00530	0.00837	0.01164	0.01575	0.16961	0.62976	0.03940	0.01613	0.00699	0.00217	0.00317	0.04235	0.00532	0.00466
43	0.01051	0.00689	0.00937	0.03610	0.06958	0.00665	0.00701	0.04953	0.01298	0.10458	0.12376	0.41811	0.06123	0.01294	0.00646	0.00199	0.00385	0.02170	0.03094	0.00584
44	0.01916	0.22996	0.01684	0.00977	0.01375	0.06121	0.00838	0.04439	0.05274	0.37181	0.04819	0.01884	0.06768	0.00692	0.00509	0.00157	0.00519	0.00536	0.00511	0.00806
45	0.02371	0.00984	0.01285	0.00992	0.01406	0.00893	0.00817	0.10210	0.01670	0.65876	0.02076	0.01836	0.01329	0.00681	0.00548	0.00169	0.00475	0.00549	0.04912	0.00921
46	0.01697	0.00929	0.01138	0.00970	0.01274	0.00924	0.00763	0.08219	0.18709	0.32469	0.12434	0.13891	0.02277	0.00917	0.00594	0.00183	0.00424	0.00781	0.00611	0.00796
47	0.01233	0.01328	0.07098	0.20782	0.25923	0.01320	0.15387	0.01687	0.06613	0.01696	0.01174	0.01631	0.00961	0.00604	0.00684	0.00186	0.07311	0.03341	0.00293	0.00749
48	0.01199	0.00675	0.00777	0.00687	0.00946	0.00571	0.00538	0.01362	0.01358	0.24111	0.04591	0.04304	0.54385	0.01189	0.00625	0.00182	0.00337	0.00987	0.00565	0.00609
49	0.01776	0.00805	0.01007	0.00828	0.01157	0.00708	0.00666	0.02022	0.04330	0.45902	0.03231	0.02978	0.24926	0.00909	0.00576	0.00174	0.00396	0.00748	0.06098	0.00764
50	0.58759	0.01560	0.01050	0.00946	0.01271	0.25276	0.00746	0.01810	0.01138	0.02133	0.00798	0.00931	0.00635	0.00532	0.00392	0.00162	0.00606	0.00318	0.00325	0.00613
51	0.00994	0.00661	0.00821	0.00800	0.00948	0.00634	0.00588	0.08788	0.01432	0.07720	0.25210	0.36781	0.09792	0.01333	0.00659	0.00196	0.00341	0.01178	0.00560	0.00562
52	0.01827	0.06237	0.01839	0.01716	0.13311	0.43827	0.06013	0.09759	0.04498	0.01727	0.01006	0.01164	0.00813	0.00559	0.00515	0.00150	0.00839	0.00419	0.00321	0.03461
53	0.01206	0.00589	0.00660	0.00609	0.00787	0.00560	0.00468	0.01452	0.01276	0.13478	0.10352	0.02429	0.05578	0.00743	0.00456	0.00143	0.00292	0.00608	0.57735	0.00579
54	0.00675	0.00482	0.00643	0.00771	0.00803	0.00450	0.00514	0.00771	0.01060	0.01414	0.03053	0.80175	0.03663	0.01735	0.00707	0.00225	0.00321	0.01574	0.00514	0.00450
55	0.01198	0.01207	0.01720	0.61697	0.12154	0.09801	0.01505	0.01537	0.01177	0.01455	0.00977	0.01411	0.00752	0.00549	0.00547	0.00178	0.00758	0.00477	0.00254	0.00649
56	0.00697	0.00532	0.00641	0.00678	0.00791	0.00475	0.00484	0.00853	0.01266	0.01658	0.23688	0.33897	0.29421	0.01459	0.00674	0.00198	0.00291	0.01281	0.00540	0.00475
57	0.00712	0.00574	0.00643	0.00671	0.00836	0.00505	0.00526	0.00882	0.01277	0.01573	0.09667	0.08327	0.54429	0.01423	0.00679	0.00201	0.00327	0.15749	0.00520	0.00479
58	0.02029	0.10580	0.01781	0.01269	0.01684	0.17236	0.01045	0.52319	0.02231	0.02816	0.01172	0.01214	0.00870	0.00625	0.00521	0.00156	0.00686	0.00447	0.00465	0.00856
59	0.01296	0.41898	0.40255	0.01263	0.01909	0.01739	0.01497	0.01706	0.01147	0.01528	0.00882	0.01029	0.00706	0.00500	0.00441	0.00147	0.00705	0.00353	0.00235	0.00765
60	0.16933	0.05869	0.12629	0.01116	0.01455	0.25137	0.01012	0.01702	0.01269	0.01759	0.01353	0.02108	0.01235	0.00738	0.00504	0.00171	0.00670	0.14132	0.09582	0.00625
61	0.01581	0.01118	0.01235	0.01059	0.01371	0.01226	0.00826	0.13429	0.43318	0.14064	0.04360	0.02155	0.01672	0.09081	0.00800	0.00218	0.00474	0.00627	0.00559	0.00829
62	0.02485	0.00943	0.01285	0.00985	0.01414	0.00814	0.00814	0.02699	0.01585	0.77465	0.02185	0.01885	0.01371	0.00685	0.00557	0.00171	0.00471	0.00557	0.00685	0.00943
63	0.00922	0.00701	0.00877	0.00878	0.01037	0.00714	0.00699	0.01419	0.15504	0.02029	0.36882	0.08362	0.03870	0.01210	0.00672	0.00203	0.00372	0.22500	0.00566	0.00582
64	0.02307	0.00890	0.01191	0.00928	0.01320	0.00778	0.00762	0.02527	0.01533	0.68236	0.02139	0.01907	0.01377	0.00681	0.00536	0.00166	0.00445	0.00552	0.10836	0.00890
65	0.00704	0.00503	0.00676	0.00805	0.00850	0.00475	0.00565	0.00822	0.01089	0.01447	0.03036	0.70157	0.03599	0.01707	0.00715	0.00229	0.00347	0.11301	0.00514	0.00458
66	0.01481	0.80869	0.02902	0.00948	0.01421	0.02191	0.00948	0.01658	0.01125	0.01303	0.00770	0.00888	0.00711	0.00474	0.00355	0.00118	0.00592	0.00296	0.00237	0.00711
67	0.00791	0.00593	0.00890	0.00890	0.00989	0.00692	0.00692	0.00989	0.00890	0.01286	0.01483	0.02176	0.01385	0.04154	0.78341	0.00890	0.01483	0.00593	0.00297	0.00494
68	0.84448	0.01071	0.00814	0.00728	0.01071	0.01242	0.00600	0.01628	0.00943	0.02485	0.00771	0.00900	0.00600	0.00514	0.00343	0.00171	0.00428	0.00300	0.00343	0.00600
69	0.00838	0.00613	0.00818	0.00907	0.01041	0.00593	0.00768	0.01071	0.01299	0.01688	0.11539	0.08301	0.14442	0.01473	0.00734	0.00235	0.00442	0.52173	0.00522	0.00503
70	0.00815	0.00617	0.00890	0.00877	0.00956	0.00722	0.00666	0.00980	0.00875	0.01256	0.01483	0.02342	0.01444	0.15405	0.63040	0.00803	0.05434	0.00619	0.00300	0.00477
71	0.01046	0.00984	0.01661	0.79205	0.03814	0.01230	0.01538	0.01415	0.01107	0.01415	0.00984	0.01477	0.00738	0.00554	0.00554	0.00185	0.00738	0.00492	0.00246	0.00615
72	0.01038	0.00797	0.01073	0.15697	0.01616	0.00854	0.00903	0.12172	0.01430	0.01893	0.10648	0.19363	0.05359	0.01209	0.00665	0.00211	0.00494	0.23515	0.00479	0.00582
73	0.01490	0.01471	0.02254	0.02838	0.51754	0.07813	0.11230	0.09041	0.01416	0.01922	0.01058	0.01348	0.00862	0.00525	0.00589	0.00168	0.02576	0.00503	0.00303	0.00840
74	0.01315	0.02018	0.29787	0.01718	0.02242	0.07825	0.23454	0.06542	0.01292	0.01767	0.01155	0.01408	0.03303	0.00619	0.00768	0.00186	0.13051	0.00521	0.00284	0.00746
75	0.00767	0.00521	0.00616	0.00654	0.00663	0.00511	0.00389	0.00795	0.00881	0.01175	0.02134	0.26413	0.02505	0.57078	0.02190	0.00444	0.00473	0.01034	0.00389	0.00370
76	0.07421	0.01612	0.01652	0.01708	0.18826	0.19275	0.01133	0.23821	0.01768	0.15565	0.01267	0.01331	0.00927	0.00597	0.00527	0.00162	0.00675	0.00462	0.00437	0.00835
77	0.01521	0.36220	0.26510	0.01202	0.01767	0.07249	0.01293	0.05675	0.01292	0.08620	0.01015	0.01110	0.00784	0.00525	0.00451	0.00145	0.00679	0.00372	0.00300	0.03268

[dist]
# distance from previous block
# <min> <max>
0	1

[block]
# block no. 5 follows, 43 sequences, length 56
# corresponding to MSA columns:
# 227-282
name=unknown_F
#
# <colnr> <probs for GDERKNQSTAVLIFYWHMCP>
#	G	D	E	R	K	N	Q	S	T	A	V	L	I	F	Y	W	H	M	C	P
0	0.01460	0.07680	0.09919	0.08888	0.14740	0.10840	0.01214	0.03111	0.16559	0.08377	0.07932	0.01697	0.01396	0.00653	0.00578	0.00170	0.03094	0.00529	0.00393	0.00771
1	0.25808	0.01198	0.01180	0.01023	0.05122	0.09367	0.00769	0.01831	0.01228	0.17297	0.01155	0.01220	0.00859	0.00518	0.00437	0.00137	0.00504	0.00378	0.00397	0.29572
2	0.01434	0.01177	0.01348	0.01147	0.01406	0.01370	0.00919	0.21537	0.29703	0.02437	0.15206	0.02093	0.01959	0.00836	0.00800	0.00189	0.14510	0.00635	0.00512	0.00782
3	0.00971	0.00872	0.00853	0.00815	0.01015	0.06755	0.00613	0.01483	0.19844	0.01821	0.18004	0.11241	0.31275	0.01157	0.00625	0.00185	0.00376	0.00978	0.00527	0.00591
4	0.00826	0.00570	0.00748	0.00713	0.00843	0.00525	0.00531	0.01070	0.01519	0.04499	0.67273	0.11470	0.04953	0.01177	0.00655	0.00179	0.00274	0.01043	0.00603	0.00529
5	0.04559	0.00870	0.01161	0.00919	0.01285	0.00767	0.00748	0.02331	0.01563	0.59965	0.17299	0.02313	0.02131	0.00771	0.00570	0.00172	0.00427	0.00640	0.00660	0.00847
6	0.00762	0.00522	0.00614	0.00651	0.00667	0.00509	0.00390	0.00795	0.00896	0.01187	0.02262	0.25833	0.05180	0.54894	0.02130	0.00434	0.00465	0.01041	0.00394	0.00373
7	0.00770	0.00566	0.00721	0.00682	0.00819	0.00517	0.00511	0.01018	0.01534	0.02142	0.69047	0.04267	0.13017	0.01162	0.00653	0.00176	0.00263	0.01020	0.00599	0.00517
8	0.13898	0.01826	0.01335	0.01217	0.01503	0.38898	0.00962	0.13527	0.01582	0.01923	0.01345	0.02114	0.01241	0.00774	0.00540	0.00174	0.00753	0.15351	0.00383	0.00656
9	0.00760	0.00554	0.00602	0.00590	0.00751	0.00492	0.00442	0.00956	0.01327	0.01800	0.24346	0.04395	0.43217	0.01187	0.00604	0.00173	0.00271	0.01001	0.16040	0.00492
10	0.84448	0.01071	0.00814	0.00728	0.01071	0.01242	0.00600	0.01628	0.00943	0.02485	0.00771	0.00900	0.00600	0.00514	0.00343	0.00171	0.00428	0.00300	0.00343	0.00600
11	0.01327	0.00981	0.01385	0.01202	0.01311	0.01239	0.00986	0.01487	0.00998	0.15519	0.01219	0.01618	0.01039	0.01844	0.23885	0.00418	0.42034	0.00530	0.00341	0.00636
12	0.17554	0.01237	0.01355	0.01067	0.01480	0.01306	0.00878	0.33204	0.05807	0.28234	0.01563	0.01476	0.01062	0.00648	0.00516	0.00170	0.00520	0.00488	0.00560	0.00875
13	0.01532	0.01593	0.01424	0.01262	0.01457	0.27332	0.00995	0.10108	0.07454	0.01682	0.01140	0.01431	0.00971	0.01366	0.15353	0.00313	0.20410	0.00476	0.03048	0.00655
14	0.01595	0.01036	0.01171	0.01007	0.01299	0.01111	0.00774	0.08105	0.38318	0.20344	0.02071	0.02256	0.01615	0.15610	0.00982	0.00247	0.00478	0.00633	0.00550	0.00797
15	0.01421	0.01010	0.01093	0.00932	0.01178	0.01107	0.00719	0.28608	0.13185	0.02389	0.01667	0.02093	0.01394	0.15814	0.06344	0.00281	0.00552	0.00586	0.18934	0.00693
16	0.01228	0.00700	0.00882	0.00783	0.01001	0.00651	0.00605	0.01562	0.07305	0.20136	0.41104	0.06251	0.10900	0.01029	0.00617	0.00176	0.00329	0.00888	0.03211	0.00642
17	0.02943	0.00864	0.00958	0.00811	0.01080	0.00886	0.00645	0.15522	0.07715	0.18282	0.01818	0.01871	0.01329	0.00664	0.00468	0.00150	0.00386	0.00527	0.42363	0.00717
18	0.00694	0.00560	0.00618	0.00609	0.00774	0.00483	0.00455	0.00869	0.01347	0.01711	0.26935	0.07684	0.52650	0.01333	0.00656	0.00185	0.00276	0.01133	0.00543	0.00483
19	0.01582	0.00768	0.00993	0.00829	0.01100	0.00704	0.00658	0.05493	0.01589	0.33625	0.34931	0.02865	0.03050	0.00877	0.00583	0.00168	0.00366	0.00746	0.08353	0.00718
20	0.01531	0.24534	0.02046	0.27215	0.13365	0.01476	0.01235	0.05474	0.01296	0.15064	0.01161	0.01353	0.00873	0.00550	0.00495	0.00159	0.00630	0.00447	0.00341	0.00757
21	0.00805	0.00537	0.00604	0.00604	0.00604	0.00537	0.00336	0.00805	0.00805	0.01074	0.01745	0.03624	0.02013	0.80536	0.02819	0.00537	0.00537	0.00805	0.00336	0.00336
22	0.00965	0.00695	0.00847	0.00817	0.00915	0.00763	0.00575	0.01341	0.18642	0.01399	0.01664	0.02565	0.01600	0.29457	0.20169	0.15355	0.00729	0.00655	0.00363	0.00485
23	0.01954	0.01340	0.01854	0.01796	0.19307	0.01370	0.08024	0.33252	0.01917	0.21322	0.01456	0.01493	0.01024	0.00612	0.00563	0.00169	0.00617	0.00526	0.00496	0.00909
24	0.17256	0.15977	0.05199	0.01173	0.01559	0.27942	0.00992	0.16181	0.05465	0.02040	0.00997	0.01089	0.00787	0.00569	0.00460	0.00152	0.00707	0.00379	0.00352	0.00725
25	0.05406	0.01147	0.01854	0.21641	0.40640	0.01274	0.01465	0.01525	0.01132	0.01651	0.01021	0.01428	0.00859	0.00883	0.07569	0.00242	0.08766	0.00491	0.00269	0.00737
26	0.00967	0.00544	0.00629	0.00638	0.00740	0.00527	0.00452	0.01144	0.01138	0.05553	0.09059	0.17639	0.02369	0.15832	0.00948	0.00234	0.00341	0.03196	0.37559	0.00492
27	0.01173	0.10710	0.40489	0.15187	0.02293	0.07269	0.01570	0.01630	0.01234	0.01672	0.10433	0.01551	0.01276	0.00605	0.00526	0.00168	0.00724	0.00482	0.00287	0.00720
28	0.00675	0.00558	0.00593	0.00593	0.00763	0.00475	0.00441	0.00832	0.01298	0.01602	0.16336	0.09077	0.62086	0.01379	0.00657	0.00187	0.00280	0.01165	0.00529	0.00475
29	0.00704	0.00529	0.00764	0.00844	0.00900	0.00494	0.03975	0.00818	0.01072	0.01431	0.02963	0.76523	0.03532	0.01676	0.00704	0.00223	0.00350	0.01532	0.00503	0.00464
30	0.02070	0.01148	0.01328	0.01039	0.01424	0.01175	0.00851	0.35468	0.01978	0.31228	0.01733	0.01662	0.01184	0.00669	0.00527	0.00162	0.00499	0.00524	0.14460	0.00871
31	0.01293	0.25067	0.30836	0.01407	0.04589	0.01597	0.05125	0.01923	0.15121	0.01706	0.01157	0.01281	0.00903	0.00574	0.00564	0.00165	0.05169	0.00436	0.00300	0.00784
32	0.00741	0.00556	0.00687	0.00672	0.00806	0.00502	0.00497	0.00956	0.01441	0.01961	0.51867	0.12345	0.22416	0.01261	0.00659	0.00183	0.00272	0.01102	0.00577	0.00502
33	0.01910	0.01148	0.01359	0.01087	0.01441	0.01208	0.00883	0.36792	0.01904	0.24526	0.01627	0.01756	0.01199	0.05029	0.15169	0.00320	0.00729	0.00548	0.00534	0.00830
34	0.01368	0.48888	0.16571	0.14307	0.02022	0.05693	0.01258	0.01663	0.01153	0.01409	0.00852	0.01046	0.00714	0.00502	0.00428	0.00141	0.00680	0.00353	0.00240	0.00711
35	0.01448	0.01356	0.01572	0.25197	0.08486	0.14063	0.03805	0.09732	0.07829	0.03958	0.01203	0.01430	0.00923	0.00569	0.00521	0.00158	0.00664	0.00470	0.05453	0.11164
36	0.01480	0.23473	0.15478	0.09892	0.07799	0.19332	0.01283	0.03812	0.06482	0.01575	0.01018	0.01206	0.00824	0.00674	0.03307	0.00179	0.00770	0.00406	0.00285	0.00726
37	0.00680	0.00502	0.00636	0.00729	0.00796	0.00459	0.00498	0.00797	0.01135	0.01491	0.09233	0.61185	0.16574	0.01630	0.00694	0.00214	0.00310	0.01459	0.00522	0.00459
38	0.69090	0.01161	0.00972	0.00830	0.01192	0.01331	0.00684	0.15357	0.01252	0.02672	0.00875	0.00980	0.00664	0.00542	0.00382	0.00170	0.00462	0.00337	0.00382	0.00664
39	0.80146	0.01064	0.00839	0.00742	0.01089	0.01220	0.00611	0.01684	0.00976	0.06421	0.00845	0.00951	0.00640	0.00523	0.00354	0.00171	0.00431	0.00313	0.00361	0.00618
40	0.01046	0.00984	0.01661	0.79205	0.03814	0.01230	0.01538	0.01415	0.01107	0.01415	0.00984	0.01477	0.00738	0.00554	0.00554	0.00185	0.00738	0.00492	0.00246	0.00615
41	0.01647	0.19932	0.01708	0.01176	0.01473	0.36844	0.00940	0.07525	0.04139	0.01545	0.01219	0.09754	0.01146	0.01007	0.07401	0.00216	0.00825	0.00517	0.00331	0.00656
42	0.00754	0.00565	0.00706	0.00788	0.00901	0.00528	0.00613	0.00916	0.01187	0.01509	0.03724	0.26456	0.25826	0.05696	0.00823	0.00241	0.00388	0.27405	0.00503	0.00471
43	0.01424	0.69732	0.09409	0.00981	0.01467	0.02023	0.01016	0.01648	0.01131	0.01383	0.00844	0.00975	0.00747	0.00487	0.00372	0.00124	0.00595	0.00318	0.04613	0.00710
44	0.01370	0.01431	0.01238	0.03278	0.01376	0.29462	0.00897	0.01541	0.01181	0.03604	0.01265	0.05529	0.01161	0.02024	0.29871	0.00440	0.09892	0.00537	0.03327	0.00577
45	0.01151	0.01738	0.36995	0.01383	0.07578	0.00970	0.01388	0.01555	0.01225	0.09908	0.02062	0.13958	0.08581	0.00905	0.00594	0.00191	0.00612	0.08105	0.00382	0.00717
46	0.00666	0.00518	0.00606	0.00676	0.00778	0.00458	0.00472	0.00782	0.01152	0.01451	0.04210	0.46316	0.36775	0.01585	0.00683	0.00208	0.00303	0.01391	0.00514	0.00458
47	0.00955	0.00636	0.00803	0.00837	0.01015	0.00588	0.00699	0.01164	0.01310	0.08952	0.06258	0.05418	0.30277	0.01388	0.00700	0.00219	0.00413	0.37299	0.00532	0.00537
48	0.01434	0.01838	0.19982	0.07734	0.36122	0.11317	0.05045	0.04463	0.01329	0.04013	0.01050	0.01301	0.00820	0.00526	0.00542	0.00167	0.00751	0.00465	0.00287	0.00813
49	0.00976	0.01011	0.07943	0.01104	0.01212	0.01084	0.00936	0.01149	0.00884	0.01305	0.01212	0.02004	0.01200	0.16913	0.29325	0.00524	0.29830	0.00577	0.00278	0.00534
50	0.00964	0.00615	0.00748	0.00743	0.00886	0.00571	0.00565	0.01112	0.01199	0.09739	0.09048	0.04621	0.24296	0.23060	0.01265	0.00297	0.00427	0.18855	0.00490	0.00498
51	0.02167	0.01258	0.01269	0.01043	0.01406	0.15883	0.00832	0.02503	0.08798	0.48689	0.01900	0.01747	0.01279	0.00666	0.00531	0.00164	0.00552	0.00521	0.07952	0.00840
