[name]
unknown

[dist]
# distance from previous block
# <min> <max>
23	903

[block]
# block no. 0 follows, 44 sequences, length 42
# corresponding to MSA columns:
# 914-955
name=unknown_A
#
# <colnr> <probs for GDERKNQSTAVLIFYWHMCP>
#	G	D	E	R	K	N	Q	S	T	A	V	L	I	F	Y	W	H	M	C	P
0	0.00719	0.00550	0.00676	0.00707	0.00829	0.00484	0.00500	0.00861	0.01168	0.01561	0.14082	0.45271	0.19907	0.01427	0.00649	0.00193	0.00307	0.01264	0.00502	0.08342
1	0.76776	0.01007	0.00778	0.00701	0.01024	0.01151	0.00574	0.01525	0.00957	0.02354	0.01208	0.01296	0.07807	0.00588	0.00366	0.00170	0.00408	0.00376	0.00353	0.00578
2	0.00682	0.00545	0.00610	0.00612	0.00764	0.00473	0.00452	0.00848	0.01304	0.01662	0.25126	0.13119	0.49196	0.01343	0.00650	0.00185	0.00275	0.01148	0.00532	0.00473
3	0.01551	0.73612	0.02707	0.00936	0.01399	0.02029	0.00920	0.01729	0.01150	0.08490	0.00889	0.00967	0.00761	0.00486	0.00369	0.00122	0.00572	0.00316	0.00275	0.00721
4	0.00898	0.00599	0.00743	0.00744	0.00815	0.00602	0.00508	0.07819	0.01057	0.01401	0.02188	0.25624	0.08487	0.20596	0.05751	0.19937	0.00489	0.00932	0.00393	0.00417
5	0.76946	0.01042	0.00845	0.00741	0.01086	0.01183	0.00610	0.01702	0.00987	0.09544	0.00890	0.00977	0.00662	0.00522	0.00357	0.00169	0.00426	0.00319	0.00369	0.00622
6	0.01696	0.02166	0.19358	0.01339	0.01760	0.32794	0.01222	0.21410	0.01676	0.01989	0.01202	0.08596	0.01033	0.00684	0.00531	0.00162	0.00777	0.00513	0.00360	0.00733
7	0.01104	0.13529	0.60243	0.01392	0.02078	0.01313	0.01721	0.01622	0.01135	0.01633	0.01138	0.08583	0.00966	0.00623	0.00511	0.00169	0.00729	0.00495	0.00257	0.00757
8	0.01007	0.00929	0.01089	0.00983	0.01114	0.11570	0.07650	0.01150	0.00978	0.01246	0.01432	0.02426	0.01442	0.30684	0.33297	0.00584	0.01010	0.00632	0.00303	0.00475
9	0.01013	0.00793	0.00883	0.00791	0.01011	0.00799	0.00612	0.12448	0.12730	0.02158	0.31488	0.03733	0.27258	0.01076	0.00616	0.00176	0.00341	0.00910	0.00555	0.00611
10	0.01272	0.01756	0.25107	0.02805	0.54763	0.01287	0.01776	0.01689	0.01214	0.01765	0.01011	0.01289	0.00811	0.00495	0.00533	0.00165	0.00695	0.00461	0.00258	0.00846
11	0.00983	0.00604	0.00796	0.00722	0.00887	0.00551	0.00551	0.01234	0.01545	0.11735	0.67683	0.03792	0.04665	0.01059	0.00631	0.00171	0.00283	0.00931	0.00610	0.00567
12	0.02285	0.01187	0.01426	0.01093	0.01521	0.01186	0.00903	0.34195	0.01994	0.45667	0.01787	0.01619	0.01167	0.00666	0.00547	0.00166	0.00523	0.00523	0.00619	0.00928
13	0.00778	0.00620	0.00672	0.00662	0.00833	0.00565	0.00492	0.07162	0.01335	0.01670	0.09344	0.19797	0.51379	0.01367	0.00646	0.00189	0.00310	0.01163	0.00516	0.00500
14	0.11750	0.00734	0.00854	0.00756	0.00990	0.00709	0.00591	0.01517	0.06322	0.17355	0.37493	0.03253	0.13631	0.00962	0.00580	0.00173	0.00334	0.00809	0.00566	0.00622
15	0.01601	0.00971	0.01201	0.11886	0.01544	0.01019	0.00812	0.22372	0.01525	0.21084	0.01607	0.02207	0.01351	0.26939	0.01277	0.00287	0.00560	0.00603	0.00465	0.00687
16	0.01287	0.00963	0.01315	0.26646	0.02114	0.00896	0.00953	0.01565	0.01179	0.12635	0.01140	0.01341	0.00859	0.00489	0.00471	0.00127	0.00518	0.00408	0.00347	0.44745
17	0.84691	0.01054	0.00801	0.00717	0.01054	0.01223	0.00590	0.01603	0.00928	0.02446	0.00759	0.00886	0.00590	0.00506	0.00337	0.00169	0.00422	0.00295	0.00337	0.00590
18	0.01180	0.01137	0.01803	0.24203	0.26607	0.01378	0.01418	0.01438	0.01040	0.01485	0.00918	0.01356	0.00793	0.00815	0.04176	0.00224	0.28610	0.00486	0.00252	0.00681
19	0.36314	0.01097	0.01375	0.13465	0.23109	0.01170	0.01045	0.01557	0.01070	0.02001	0.00897	0.01139	0.00720	0.00491	0.00436	0.00156	0.00529	0.00382	0.00302	0.12743
20	0.00879	0.00693	0.00800	0.00712	0.00935	0.00591	0.00533	0.01028	0.01081	0.01478	0.02584	0.03554	0.20456	0.23406	0.01180	0.00257	0.00421	0.11135	0.00396	0.27881
21	0.01542	0.28365	0.26891	0.01289	0.01812	0.23331	0.01326	0.06651	0.01340	0.01582	0.00890	0.01023	0.00712	0.00522	0.00457	0.00145	0.00769	0.00358	0.00266	0.00730
22	0.00660	0.00554	0.00577	0.00590	0.00764	0.00470	0.00448	0.00804	0.01235	0.01480	0.05245	0.08450	0.69301	0.01403	0.00654	0.00190	0.00293	0.05912	0.00506	0.00462
23	0.00683	0.00497	0.00644	0.00726	0.00790	0.00458	0.00499	0.00813	0.01158	0.01552	0.17484	0.59033	0.10519	0.01564	0.00681	0.00208	0.00301	0.01406	0.00524	0.00458
24	0.00663	0.00477	0.00630	0.00752	0.00789	0.00443	0.00503	0.00760	0.01051	0.01395	0.03097	0.77731	0.06300	0.01696	0.00694	0.00220	0.00315	0.01535	0.00506	0.00443
25	0.01963	0.02396	0.01514	0.01366	0.01656	0.66905	0.01032	0.05326	0.09854	0.01527	0.01014	0.01113	0.00818	0.00585	0.00501	0.00146	0.00906	0.00386	0.00322	0.00670
26	0.12196	0.15782	0.01671	0.01157	0.01503	0.24834	0.00949	0.17214	0.06417	0.04684	0.01044	0.01136	0.00823	0.00595	0.00547	0.00153	0.05847	0.00394	0.00364	0.02688
27	0.01528	0.01331	0.02135	0.01625	0.02036	0.01399	0.30809	0.14373	0.21114	0.08728	0.01487	0.01601	0.01098	0.00626	0.00693	0.00184	0.07415	0.00589	0.00425	0.00805
28	0.29165	0.01372	0.01362	0.01078	0.01482	0.01537	0.00890	0.51349	0.02027	0.03111	0.01129	0.01170	0.00817	0.00606	0.00477	0.00165	0.00541	0.00427	0.00477	0.00817
29	0.01604	0.01417	0.02205	0.02358	0.34155	0.01459	0.16552	0.29028	0.01739	0.02386	0.01146	0.01359	0.00880	0.00543	0.00563	0.00167	0.00686	0.00520	0.00373	0.00861
30	0.01030	0.00969	0.01635	0.79530	0.03755	0.01211	0.01514	0.01393	0.01090	0.01393	0.00969	0.01453	0.00727	0.00545	0.00545	0.00182	0.00727	0.00484	0.00242	0.00606
31	0.01349	0.01295	0.02213	0.03346	0.77440	0.01295	0.01673	0.01673	0.01241	0.01781	0.01025	0.01349	0.00864	0.00486	0.00540	0.00162	0.00648	0.00486	0.00270	0.00864
32	0.00995	0.00783	0.00832	0.00772	0.00940	0.00820	0.00551	0.06277	0.22519	0.01677	0.02903	0.03456	0.22964	0.30529	0.01400	0.00310	0.00435	0.00824	0.00458	0.00557
33	0.01385	0.01281	0.07778	0.06247	0.01617	0.06047	0.02896	0.10171	0.20179	0.08449	0.05432	0.09116	0.01555	0.00870	0.03132	0.00194	0.03809	0.00625	0.00445	0.08771
34	0.01867	0.02256	0.01485	0.01345	0.01622	0.60087	0.01019	0.02294	0.16864	0.01527	0.01120	0.01206	0.00900	0.00612	0.00551	0.00153	0.03668	0.00410	0.00335	0.00678
35	0.04645	0.00907	0.01184	0.00932	0.01303	0.00822	0.00761	0.06969	0.01602	0.58053	0.14709	0.02165	0.01940	0.00743	0.00558	0.00169	0.00436	0.00611	0.00644	0.00848
36	0.00776	0.00585	0.00706	0.00683	0.00826	0.00538	0.00508	0.03977	0.01438	0.01941	0.45011	0.14422	0.24079	0.01246	0.00646	0.00181	0.00284	0.01085	0.00560	0.00507
37	0.01857	0.01331	0.01430	0.01152	0.01508	0.06404	0.00936	0.46557	0.02030	0.12276	0.01415	0.01525	0.01054	0.01342	0.16275	0.00306	0.00781	0.00508	0.00493	0.00819
38	0.00747	0.00509	0.00608	0.00653	0.00664	0.00498	0.00392	0.00781	0.00881	0.01175	0.02171	0.30671	0.02554	0.52956	0.02042	0.00420	0.00454	0.01060	0.00392	0.00370
39	0.08352	0.12689	0.03963	0.01020	0.01401	0.01261	0.00879	0.23836	0.01674	0.23480	0.04788	0.08361	0.01471	0.00760	0.00526	0.00168	0.00510	0.03566	0.00507	0.00788
40	0.32232	0.15011	0.07817	0.01026	0.01443	0.06411	0.00924	0.19995	0.06700	0.02351	0.01020	0.01097	0.00782	0.00557	0.00431	0.00158	0.00561	0.00378	0.00374	0.00731
41	0.01477	0.11670	0.17027	0.02021	0.29987	0.01431	0.01422	0.12181	0.09399	0.06379	0.01214	0.01347	0.00931	0.00551	0.00514	0.00161	0.00630	0.00463	0.00349	0.00844

[dist]
# distance from previous block
# <min> <max>
0	4

[block]
# block no. 1 follows, 44 sequences, length 24
# corresponding to MSA columns:
# 960-982,987
name=unknown_B
#
# <colnr> <probs for GDERKNQSTAVLIFYWHMCP>
#	G	D	E	R	K	N	Q	S	T	A	V	L	I	F	Y	W	H	M	C	P
0	0.01120	0.00933	0.01179	0.01315	0.13961	0.00995	0.00849	0.03456	0.30224	0.02016	0.20371	0.07622	0.02558	0.07949	0.00784	0.00212	0.00432	0.02834	0.00493	0.00695
1	0.01028	0.00929	0.01537	0.72638	0.03483	0.01150	0.01415	0.01382	0.01095	0.01449	0.01040	0.01504	0.00785	0.00553	0.00531	0.00177	0.00686	0.00487	0.07535	0.00597
2	0.01381	0.05114	0.10392	0.01041	0.01373	0.03001	0.00907	0.13566	0.17574	0.11264	0.02180	0.19216	0.06541	0.03129	0.00634	0.00191	0.00496	0.00784	0.00487	0.00728
3	0.00774	0.00535	0.00670	0.00702	0.00733	0.00546	0.00462	0.00842	0.00887	0.01195	0.01995	0.17410	0.02259	0.47849	0.14852	0.00510	0.00643	0.06378	0.00369	0.00390
4	0.32975	0.43847	0.01937	0.00866	0.01270	0.01733	0.00797	0.01731	0.07611	0.01810	0.00886	0.00980	0.00742	0.00505	0.00363	0.00142	0.00509	0.00321	0.00301	0.00673
5	0.01253	0.20565	0.40012	0.04588	0.08484	0.01477	0.11111	0.01712	0.01173	0.03389	0.00974	0.01172	0.00741	0.00501	0.00499	0.00160	0.00745	0.00421	0.00251	0.00772
6	0.01258	0.27601	0.38514	0.01642	0.11722	0.01564	0.07239	0.01691	0.01159	0.01593	0.00923	0.01112	0.00726	0.00493	0.00477	0.00154	0.00723	0.00396	0.00240	0.00774
7	0.16276	0.00988	0.01211	0.00946	0.01354	0.00930	0.00781	0.07230	0.01519	0.60278	0.01862	0.01657	0.01194	0.00645	0.00513	0.00168	0.00466	0.00502	0.00610	0.00871
8	0.04734	0.01029	0.01361	0.01519	0.19470	0.04447	0.00963	0.07927	0.01401	0.25519	0.04406	0.15211	0.01661	0.01070	0.06537	0.00229	0.00585	0.00700	0.00476	0.00755
9	0.07519	0.00932	0.01069	0.00880	0.01218	0.00903	0.00708	0.10889	0.10077	0.30266	0.04194	0.02657	0.21526	0.00854	0.00556	0.00171	0.00418	0.00691	0.00562	0.03911
10	0.01288	0.01206	0.01766	0.01530	0.07169	0.10282	0.21995	0.06721	0.01244	0.05310	0.01297	0.01797	0.01114	0.08110	0.26196	0.00428	0.01007	0.00574	0.00324	0.00642
11	0.01659	0.01093	0.01399	0.01149	0.01477	0.01122	0.06559	0.31983	0.01838	0.16692	0.05896	0.13193	0.01888	0.00928	0.00607	0.00186	0.00528	0.10496	0.00541	0.00767
12	0.06951	0.00957	0.01103	0.00960	0.01210	0.01039	0.00759	0.11137	0.19093	0.12730	0.16826	0.08629	0.07515	0.00918	0.00681	0.00184	0.07328	0.00741	0.00530	0.00709
13	0.01262	0.01192	0.02019	0.15289	0.59882	0.01231	0.01587	0.01587	0.01218	0.01708	0.01159	0.01733	0.01016	0.00573	0.00557	0.00172	0.00649	0.06088	0.00283	0.00795
14	0.01448	0.11091	0.01815	0.05473	0.17326	0.14675	0.04333	0.09448	0.06766	0.01709	0.01118	0.01440	0.00953	0.04545	0.07644	0.00244	0.08468	0.00478	0.00317	0.00709
15	0.01130	0.00969	0.01130	0.00807	0.01292	0.00727	0.00646	0.01373	0.01130	0.01776	0.00969	0.01130	0.00807	0.00404	0.00404	0.00081	0.00404	0.00323	0.00323	0.84173
16	0.07743	0.21637	0.01903	0.01194	0.01513	0.04380	0.10923	0.10977	0.02875	0.03692	0.01501	0.09471	0.06469	0.00770	0.00700	0.00173	0.12455	0.00596	0.00354	0.00673
17	0.01075	0.01019	0.01493	0.18732	0.23282	0.05907	0.03134	0.01315	0.01125	0.01494	0.01585	0.23929	0.01634	0.01149	0.06619	0.00241	0.04516	0.00791	0.00332	0.00628
18	0.01142	0.00946	0.01048	0.00954	0.01196	0.01047	0.00735	0.02211	0.48967	0.02246	0.29715	0.02782	0.02941	0.00877	0.00587	0.00180	0.00368	0.00752	0.00571	0.00735
19	0.00718	0.00525	0.00636	0.00670	0.00742	0.00499	0.00453	0.00821	0.01054	0.01388	0.10894	0.27499	0.19089	0.24152	0.08068	0.00352	0.00461	0.01105	0.00448	0.00426
20	0.00958	0.00901	0.01497	0.01344	0.04293	0.00976	0.16743	0.01155	0.01077	0.01480	0.02136	0.33413	0.06885	0.01186	0.00937	0.00214	0.19308	0.04552	0.00384	0.00562
21	0.01526	0.01525	0.01632	0.07352	0.15069	0.23330	0.01188	0.01719	0.01194	0.08076	0.01007	0.01310	0.00844	0.00945	0.06878	0.00236	0.24738	0.00458	0.00299	0.00675
22	0.07141	0.01192	0.01293	0.01031	0.01386	0.01259	0.00827	0.43358	0.01941	0.09289	0.01758	0.06780	0.06566	0.06876	0.00709	0.00191	0.00516	0.00608	0.00505	0.06772
23	0.02052	0.01742	0.01406	0.01170	0.01537	0.36141	0.00915	0.08631	0.01583	0.26498	0.01326	0.01316	0.00947	0.00586	0.00503	0.00144	0.00703	0.00424	0.00438	0.11938

[dist]
# distance from previous block
# <min> <max>
18	60

[block]
# block no. 2 follows, 44 sequences, length 14
# corresponding to MSA columns:
# 1060-1073
name=unknown_C
#
# <colnr> <probs for GDERKNQSTAVLIFYWHMCP>
#	G	D	E	R	K	N	Q	S	T	A	V	L	I	F	Y	W	H	M	C	P
0	0.00983	0.03098	0.00851	0.00773	0.00902	0.00668	0.00551	0.05555	0.01103	0.07376	0.02262	0.27896	0.06502	0.23215	0.11741	0.00374	0.00567	0.00956	0.00429	0.04199
1	0.04764	0.07878	0.03584	0.09732	0.01697	0.07345	0.00944	0.08371	0.08085	0.15092	0.01268	0.01351	0.00947	0.00572	0.00546	0.00146	0.04689	0.00430	0.00398	0.22163
2	0.01410	0.03281	0.03915	0.04308	0.06823	0.01175	0.00946	0.18634	0.08908	0.07460	0.01542	0.01762	0.05977	0.01118	0.04454	0.16865	0.09821	0.00541	0.00394	0.00668
3	0.03520	0.36627	0.05340	0.07578	0.25691	0.01593	0.01211	0.01593	0.01153	0.03475	0.01067	0.06905	0.00979	0.00577	0.00461	0.00148	0.00597	0.00470	0.00279	0.00733
4	0.00759	0.00565	0.00833	0.00856	0.00941	0.00639	0.00651	0.00936	0.00906	0.01288	0.01732	0.15928	0.01758	0.03670	0.64956	0.00761	0.01259	0.00754	0.00330	0.00479
5	0.01060	0.00765	0.00885	0.00832	0.00955	0.04172	0.00600	0.04259	0.07620	0.06741	0.01642	0.02583	0.01583	0.33156	0.30166	0.00569	0.00881	0.00652	0.00367	0.00514
6	0.04095	0.09254	0.01361	0.00878	0.01346	0.00999	0.00727	0.09503	0.01308	0.07579	0.01065	0.01169	0.00843	0.00461	0.00422	0.00103	0.00448	0.00354	0.00364	0.57721
7	0.00805	0.00597	0.00891	0.00883	0.00970	0.00700	0.00684	0.00966	0.00863	0.01244	0.01398	0.02074	0.01311	0.03823	0.70502	0.06921	0.04039	0.00572	0.00286	0.00472
8	0.01212	0.30182	0.23129	0.10501	0.06938	0.01506	0.06867	0.01575	0.01188	0.01585	0.09350	0.01448	0.01213	0.00562	0.00486	0.00154	0.00654	0.00461	0.00280	0.00711
9	0.00911	0.00616	0.00783	0.00775	0.00886	0.00636	0.00557	0.01136	0.06623	0.06914	0.02361	0.17045	0.10347	0.21469	0.25921	0.00493	0.00746	0.00873	0.00411	0.00498
10	0.16087	0.07072	0.09704	0.00979	0.01285	0.03504	0.05664	0.01420	0.01195	0.06631	0.20954	0.02188	0.02059	0.05364	0.13336	0.00299	0.00661	0.00600	0.00394	0.00605
11	0.01166	0.06020	0.01185	0.01062	0.06773	0.00892	0.00784	0.01455	0.04693	0.12289	0.37006	0.03136	0.04963	0.00967	0.00735	0.00181	0.09180	0.06371	0.00510	0.00631
12	0.01634	0.50285	0.08063	0.01087	0.01552	0.10439	0.01040	0.14255	0.01422	0.04405	0.00926	0.01016	0.00761	0.00520	0.00418	0.00133	0.00643	0.00349	0.00307	0.00747
13	0.12886	0.03340	0.06421	0.07044	0.14567	0.11805	0.01182	0.03079	0.01142	0.04748	0.00915	0.01181	0.00757	0.00635	0.00824	0.00176	0.21813	0.00420	0.00293	0.06771

[dist]
# distance from previous block
# <min> <max>
2	7

[block]
# block no. 3 follows, 44 sequences, length 29
# corresponding to MSA columns:
# 1081-1109
name=unknown_D
#
# <colnr> <probs for GDERKNQSTAVLIFYWHMCP>
#	G	D	E	R	K	N	Q	S	T	A	V	L	I	F	Y	W	H	M	C	P
0	0.01180	0.01160	0.01731	0.02229	0.39442	0.07410	0.07915	0.01436	0.01241	0.01652	0.04842	0.18334	0.07401	0.00839	0.00590	0.00177	0.00586	0.00783	0.00352	0.00700
1	0.01091	0.00760	0.00918	0.09947	0.01289	0.04886	0.00702	0.01293	0.01326	0.13468	0.21275	0.18795	0.16499	0.01135	0.00624	0.00186	0.00410	0.04314	0.00512	0.00571
2	0.07011	0.00958	0.01353	0.20026	0.19655	0.01026	0.01068	0.08039	0.03433	0.01821	0.05704	0.11583	0.14423	0.00852	0.00569	0.00179	0.00518	0.00741	0.00386	0.00653
3	0.01449	0.38387	0.11578	0.01631	0.19046	0.10763	0.01244	0.01807	0.06531	0.01528	0.00960	0.01112	0.00805	0.00508	0.00445	0.00141	0.00661	0.00380	0.00270	0.00754
4	0.28666	0.18784	0.10321	0.01099	0.01519	0.14264	0.04065	0.05387	0.08025	0.01934	0.00970	0.01078	0.00767	0.00534	0.00428	0.00155	0.00623	0.00369	0.00321	0.00692
5	0.16315	0.01075	0.08028	0.01044	0.01278	0.01054	0.00922	0.07755	0.02797	0.04428	0.07253	0.12076	0.01963	0.01019	0.00790	0.00206	0.14042	0.16924	0.00421	0.00614
6	0.15277	0.00809	0.00884	0.00855	0.01043	0.03364	0.00681	0.07883	0.01281	0.01908	0.14256	0.08626	0.09279	0.01691	0.16445	0.00331	0.00634	0.13759	0.00444	0.00551
7	0.00724	0.00535	0.00685	0.00746	0.00845	0.00496	0.00555	0.00895	0.01242	0.01648	0.22193	0.35025	0.17046	0.01465	0.00683	0.00207	0.00326	0.13680	0.00529	0.00474
8	0.16235	0.01191	0.01355	0.01281	0.11534	0.01229	0.00902	0.29533	0.01689	0.02544	0.07165	0.01572	0.04110	0.00621	0.00492	0.00150	0.00498	0.00487	0.00431	0.16981
9	0.09118	0.00948	0.01100	0.00898	0.01226	0.00920	0.00718	0.17356	0.01601	0.22510	0.14949	0.08911	0.06121	0.00827	0.00546	0.00163	0.00423	0.00682	0.00539	0.10443
10	0.08662	0.02660	0.71025	0.01478	0.02241	0.01262	0.01885	0.01715	0.01131	0.01792	0.00959	0.01127	0.00682	0.00517	0.00502	0.00172	0.00771	0.00393	0.00240	0.00786
11	0.01102	0.02370	0.60657	0.01417	0.02080	0.01174	0.01723	0.06774	0.01240	0.01802	0.01312	0.11162	0.01145	0.00706	0.00549	0.00181	0.00721	0.02830	0.00295	0.00760
12	0.00996	0.00587	0.00759	0.00744	0.00893	0.00528	0.00547	0.01168	0.01315	0.14543	0.26674	0.33199	0.13323	0.01303	0.00647	0.00192	0.00317	0.01150	0.00564	0.00550
13	0.01678	0.01349	0.01279	0.01125	0.01441	0.15134	0.00882	0.03649	0.41923	0.17485	0.01938	0.01922	0.01449	0.00826	0.03125	0.00198	0.00576	0.02688	0.00520	0.00813
14	0.27606	0.00954	0.01083	0.00887	0.01248	0.00941	0.00721	0.05655	0.01367	0.44114	0.01759	0.08649	0.01300	0.00715	0.00497	0.00173	0.00444	0.00558	0.00549	0.00780
15	0.01594	0.01584	0.01605	0.01374	0.01522	0.22209	0.01112	0.09061	0.01248	0.06899	0.00910	0.01195	0.00778	0.00800	0.01231	0.00200	0.45255	0.00450	0.00311	0.00662
16	0.00768	0.00559	0.00689	0.00701	0.00785	0.00557	0.00502	0.00886	0.01016	0.01339	0.07911	0.03985	0.18193	0.32652	0.17625	0.00468	0.00645	0.09895	0.00400	0.00424
17	0.00703	0.00491	0.00621	0.00710	0.00732	0.00469	0.00453	0.00769	0.00968	0.01291	0.02618	0.57341	0.03117	0.25519	0.01321	0.00314	0.00380	0.01322	0.00453	0.00409
18	0.17689	0.20218	0.01706	0.01087	0.01457	0.17887	0.00914	0.17578	0.01509	0.09861	0.01035	0.01108	0.00795	0.00579	0.00508	0.00153	0.04425	0.00383	0.00375	0.00731
19	0.00986	0.00724	0.01008	0.00937	0.01016	0.00864	0.00720	0.01123	0.00897	0.06602	0.01409	0.02235	0.01362	0.20030	0.40421	0.00617	0.17622	0.00605	0.00316	0.00506
20	0.00671	0.00535	0.00602	0.00624	0.00763	0.00466	0.00453	0.00820	0.01248	0.01577	0.17342	0.22616	0.47540	0.01411	0.00656	0.00191	0.00282	0.01215	0.00522	0.00466
21	0.01233	0.01177	0.02003	0.30978	0.50714	0.01265	0.01615	0.01572	0.01187	0.01640	0.01005	0.01387	0.00814	0.00507	0.00542	0.00169	0.00676	0.00485	0.00260	0.00770
22	0.03742	0.13422	0.02030	0.15334	0.27996	0.03567	0.06505	0.04742	0.03066	0.05332	0.01130	0.01503	0.00934	0.00669	0.02819	0.00186	0.02969	0.03001	0.00308	0.00746
23	0.00843	0.00557	0.00727	0.00787	0.00897	0.00516	0.00591	0.01002	0.01209	0.06909	0.12093	0.40777	0.13389	0.01480	0.00684	0.00213	0.00352	0.15946	0.00528	0.00500
24	0.01904	0.00890	0.01142	0.00922	0.01263	0.00826	0.00744	0.06246	0.08381	0.47972	0.18398	0.02437	0.04797	0.00799	0.00572	0.00171	0.00417	0.00666	0.00635	0.00817
25	0.01130	0.01137	0.14190	0.08126	0.01549	0.00923	0.00988	0.03560	0.13290	0.09422	0.07726	0.12317	0.04967	0.01531	0.16303	0.00323	0.00702	0.00723	0.00425	0.00664
26	0.08114	0.15015	0.08869	0.01342	0.01778	0.17740	0.12586	0.10091	0.10410	0.07222	0.01182	0.01271	0.00896	0.00561	0.00499	0.00158	0.00702	0.00448	0.00361	0.00753
27	0.01678	0.01195	0.01599	0.01707	0.21098	0.04452	0.01111	0.11952	0.01391	0.21508	0.01345	0.01627	0.01061	0.07935	0.01008	0.00212	0.17411	0.00523	0.00412	0.00774
28	0.01327	0.00724	0.00926	0.00876	0.01064	0.00688	0.00650	0.10000	0.01365	0.23022	0.02568	0.49264	0.02663	0.01296	0.00637	0.00200	0.00391	0.01146	0.00558	0.00635

[dist]
# distance from previous block
# <min> <max>
3	21

[block]
# block no. 4 follows, 44 sequences, length 51
# corresponding to MSA columns:
# 1131-1154,1160-1186
name=unknown_E
#
# <colnr> <probs for GDERKNQSTAVLIFYWHMCP>
#	G	D	E	R	K	N	Q	S	T	A	V	L	I	F	Y	W	H	M	C	P
0	0.16470	0.01394	0.09600	0.01000	0.01370	0.11622	0.00874	0.10275	0.06460	0.07790	0.06140	0.04994	0.10324	0.00738	0.00508	0.00161	0.00533	0.00572	0.00423	0.08750
1	0.01805	0.16607	0.07491	0.01472	0.09075	0.27802	0.01157	0.24475	0.01718	0.02040	0.00998	0.01111	0.00785	0.00562	0.00489	0.00148	0.00747	0.00400	0.00348	0.00770
2	0.01215	0.05487	0.06534	0.01026	0.04913	0.09489	0.00806	0.01527	0.05544	0.10866	0.30914	0.09643	0.07957	0.00941	0.00585	0.00170	0.00455	0.00799	0.00494	0.00634
3	0.05749	0.15431	0.08721	0.01197	0.01573	0.13692	0.01059	0.15118	0.14600	0.07220	0.01236	0.01299	0.00949	0.00636	0.00626	0.00165	0.09134	0.00441	0.00388	0.00767
4	0.00880	0.00589	0.00687	0.00676	0.00853	0.00514	0.00514	0.01042	0.01288	0.10084	0.13602	0.15698	0.44113	0.01324	0.00648	0.00191	0.00315	0.05926	0.00537	0.00519
5	0.49051	0.01156	0.09458	0.00873	0.01209	0.01081	0.00790	0.06006	0.01115	0.03242	0.01441	0.11009	0.03581	0.00778	0.00463	0.00183	0.00466	0.07104	0.00383	0.00610
6	0.01653	0.00712	0.00894	0.00749	0.01015	0.00646	0.00597	0.01887	0.01394	0.37587	0.12355	0.02231	0.01892	0.00720	0.00496	0.00153	0.00353	0.00593	0.33370	0.00706
7	0.00764	0.00557	0.00718	0.00678	0.00810	0.00511	0.00508	0.01014	0.01525	0.02142	0.72755	0.04144	0.09568	0.01131	0.00643	0.00172	0.00258	0.00996	0.00594	0.00511
8	0.00675	0.00556	0.00610	0.00605	0.00772	0.00492	0.00456	0.00834	0.01239	0.01537	0.13842	0.04756	0.59923	0.01650	0.09355	0.00260	0.00406	0.01067	0.00494	0.00470
9	0.02155	0.01292	0.01479	0.01145	0.01567	0.01356	0.00942	0.45075	0.07189	0.29503	0.01666	0.01550	0.01125	0.00667	0.00547	0.00167	0.00541	0.00519	0.00591	0.00923
10	0.00710	0.00555	0.00643	0.00621	0.00777	0.00488	0.00466	0.00909	0.01397	0.01840	0.42355	0.04643	0.40157	0.01244	0.00644	0.00178	0.00266	0.01066	0.00555	0.00488
11	0.01130	0.00969	0.01130	0.00807	0.01292	0.00727	0.00646	0.01373	0.01130	0.01776	0.00969	0.01130	0.00807	0.00404	0.00404	0.00081	0.00404	0.00323	0.00323	0.84173
12	0.01003	0.00571	0.00611	0.00566	0.00738	0.00536	0.00429	0.01256	0.01186	0.02018	0.10091	0.02147	0.01742	0.00660	0.00413	0.00126	0.00273	0.00538	0.64080	0.11016
13	0.01702	0.06904	0.01591	0.16749	0.02027	0.48942	0.01104	0.02032	0.08927	0.01459	0.02944	0.01253	0.00916	0.00585	0.00504	0.00152	0.00834	0.00417	0.00306	0.00651
14	0.00784	0.00564	0.00773	0.00773	0.00834	0.00625	0.00552	0.00907	0.00846	0.01189	0.01555	0.02666	0.01590	0.32290	0.50789	0.00748	0.01118	0.00661	0.00306	0.00429
15	0.01559	0.10256	0.01556	0.01183	0.04161	0.06188	0.00926	0.20745	0.32253	0.02317	0.01535	0.01514	0.01171	0.00623	0.00505	0.00155	0.00529	0.00489	0.00459	0.11877
16	0.01230	0.01372	0.02956	0.02139	0.02640	0.01301	0.67112	0.01660	0.01241	0.01693	0.01143	0.01546	0.00887	0.00865	0.09355	0.00261	0.00980	0.00637	0.00278	0.00708
17	0.01240	0.06187	0.01697	0.56004	0.03098	0.14622	0.01377	0.01537	0.01152	0.01371	0.00917	0.01319	0.00720	0.00571	0.00608	0.00174	0.06092	0.00449	0.00248	0.00615
18	0.01307	0.01413	0.02890	0.02640	0.27165	0.01352	0.51406	0.01722	0.01272	0.01758	0.01078	0.01431	0.00839	0.00468	0.00610	0.00177	0.00831	0.00592	0.00274	0.00777
19	0.01114	0.01055	0.01788	0.59371	0.23253	0.01233	0.01556	0.01467	0.01130	0.01496	0.00984	0.01426	0.00763	0.00529	0.00544	0.00176	0.00706	0.00485	0.00250	0.00674
20	0.01276	0.01545	0.14629	0.15007	0.18321	0.01291	0.33115	0.01709	0.01235	0.04925	0.01090	0.01408	0.00819	0.00497	0.00582	0.00177	0.00794	0.00542	0.00279	0.00760
21	0.02236	0.01069	0.01380	0.01075	0.01452	0.01065	0.00889	0.16149	0.01667	0.55370	0.01833	0.01679	0.01200	0.00702	0.00686	0.00176	0.09350	0.00530	0.00602	0.00891
22	0.00659	0.00494	0.00612	0.00707	0.00777	0.00447	0.00483	0.00765	0.01094	0.01412	0.03637	0.61591	0.22091	0.01626	0.00683	0.00212	0.00306	0.01450	0.00506	0.00447
23	0.00869	0.00693	0.01026	0.16462	0.06147	0.00703	0.02614	0.01097	0.01259	0.03640	0.24926	0.23813	0.12376	0.01128	0.00629	0.00188	0.00414	0.01008	0.00466	0.00544
24	0.01391	0.27228	0.01883	0.01122	0.01413	0.21829	0.09120	0.01546	0.01153	0.01290	0.01095	0.01710	0.01070	0.20883	0.04891	0.00271	0.00756	0.00487	0.00278	0.00582
25	0.02177	0.00989	0.01264	0.01000	0.01381	0.00928	0.00812	0.16087	0.01690	0.55379	0.02089	0.10531	0.01522	0.00786	0.00564	0.00174	0.00473	0.00649	0.00632	0.00874
26	0.01868	0.01030	0.01229	0.00992	0.01337	0.01036	0.00801	0.22855	0.08889	0.32584	0.11575	0.05355	0.01847	0.00773	0.00557	0.00169	0.00455	0.00635	0.05188	0.00825
27	0.01270	0.02272	0.49431	0.01995	0.22152	0.01321	0.01815	0.09961	0.01333	0.01932	0.01028	0.01221	0.00763	0.00525	0.00527	0.00169	0.00741	0.00435	0.00276	0.00835
28	0.01168	0.00892	0.00930	0.00796	0.01065	0.00895	0.00631	0.27084	0.01700	0.02196	0.03814	0.03667	0.45783	0.01080	0.00593	0.00173	0.00388	0.00880	0.05637	0.00627
29	0.02239	0.00919	0.01226	0.00954	0.01344	0.00818	0.00782	0.06491	0.01614	0.65281	0.10477	0.02073	0.01750	0.00723	0.00559	0.00169	0.00448	0.00594	0.00659	0.00882
30	0.80589	0.05003	0.00903	0.00728	0.01071	0.01269	0.00607	0.01604	0.00937	0.02389	0.00759	0.00885	0.00596	0.00504	0.00338	0.00166	0.00430	0.00295	0.00332	0.00596
31	0.00725	0.00536	0.00697	0.00781	0.00866	0.00516	0.00582	0.00868	0.01095	0.01429	0.03201	0.39140	0.16292	0.05235	0.09493	0.00307	0.00486	0.16820	0.00474	0.00459
32	0.01338	0.01873	0.21866	0.12556	0.16902	0.17629	0.01463	0.01766	0.06289	0.01599	0.01122	0.05169	0.00943	0.00630	0.00625	0.00173	0.06552	0.00496	0.00286	0.00723
33	0.00947	0.00654	0.00820	0.00792	0.00954	0.00619	0.00582	0.01280	0.09678	0.07404	0.28142	0.33258	0.03523	0.01214	0.00627	0.00185	0.00327	0.01079	0.00541	0.07374
34	0.00964	0.00576	0.00732	0.00727	0.00853	0.00524	0.00517	0.01105	0.01224	0.12806	0.19330	0.32643	0.12999	0.11320	0.00917	0.00236	0.00347	0.01131	0.00530	0.00518
35	0.53721	0.13336	0.01272	0.00928	0.04935	0.01312	0.00736	0.02996	0.01096	0.13925	0.00997	0.01064	0.00744	0.00528	0.00385	0.00160	0.00467	0.00346	0.00374	0.00678
36	0.00728	0.00538	0.00664	0.00735	0.00814	0.00509	0.00520	0.00888	0.03420	0.01457	0.06914	0.42438	0.16744	0.11737	0.00953	0.00254	0.00358	0.09385	0.00489	0.00455
37	0.00826	0.00710	0.00784	0.00735	0.00880	0.04621	0.00560	0.01027	0.01387	0.01834	0.43102	0.04089	0.28958	0.01164	0.00724	0.00179	0.06418	0.00970	0.00524	0.00508
38	0.01555	0.01738	0.01602	0.01368	0.01565	0.31595	0.03129	0.04827	0.01231	0.01475	0.00829	0.01117	0.00733	0.00713	0.01044	0.00178	0.34648	0.00416	0.00279	0.09958
39	0.48653	0.01127	0.01129	0.00954	0.01246	0.01323	0.00789	0.10959	0.01185	0.10760	0.00975	0.01108	0.00742	0.00632	0.00674	0.00182	0.16125	0.00384	0.00382	0.00672
40	0.04534	0.00747	0.00837	0.00747	0.00977	0.00700	0.00573	0.10606	0.01441	0.03972	0.20848	0.13177	0.27294	0.01101	0.00595	0.00171	0.00344	0.00932	0.00510	0.09894
41	0.11890	0.01048	0.01134	0.01007	0.01305	0.01155	0.00808	0.09963	0.36030	0.09637	0.09561	0.02461	0.01937	0.00818	0.00557	0.00185	0.00441	0.08760	0.00537	0.00766
42	0.02306	0.00959	0.01261	0.00988	0.01395	0.00873	0.00809	0.02688	0.11186	0.68109	0.02160	0.01879	0.01390	0.00683	0.00549	0.00171	0.00460	0.00557	0.00659	0.00919
43	0.02446	0.00928	0.01265	0.00970	0.01392	0.00801	0.00801	0.02657	0.01560	0.77817	0.02151	0.01856	0.01350	0.00675	0.00548	0.00169	0.00464	0.00548	0.00675	0.00928
44	0.05886	0.01022	0.01300	0.01001	0.01421	0.00950	0.00827	0.13373	0.01681	0.63644	0.01967	0.01734	0.01255	0.00665	0.00539	0.00168	0.00482	0.00529	0.00641	0.00913
45	0.00792	0.00599	0.00699	0.00692	0.00832	0.00568	0.00506	0.01055	0.09228	0.01653	0.21545	0.14499	0.31921	0.01359	0.00831	0.10895	0.00319	0.01022	0.00500	0.00485
46	0.01225	0.01033	0.01713	0.01382	0.01584	0.01150	0.19682	0.01439	0.01107	0.10012	0.06519	0.09670	0.01603	0.09289	0.01249	0.00242	0.27163	0.02958	0.00365	0.00617
47	0.06548	0.01590	0.01770	0.13007	0.02002	0.23643	0.10490	0.01645	0.01139	0.01454	0.00841	0.01187	0.00720	0.00692	0.01000	0.00191	0.30744	0.00452	0.00262	0.00625
48	0.04165	0.01066	0.01261	0.01007	0.01363	0.01079	0.00817	0.25977	0.06821	0.31199	0.17144	0.02116	0.01987	0.00758	0.00561	0.00169	0.00463	0.00616	0.00600	0.00830
49	0.00930	0.00814	0.00929	0.00914	0.00976	0.05517	0.00663	0.01117	0.06311	0.01369	0.02221	0.33750	0.06415	0.17926	0.01328	0.00280	0.16630	0.01012	0.00405	0.00493
50	0.01366	0.61464	0.21759	0.01089	0.01641	0.01933	0.01205	0.01656	0.01119	0.01394	0.00813	0.00944	0.00697	0.00479	0.00392	0.00131	0.00639	0.00320	0.00232	0.00726

[dist]
# distance from previous block
# <min> <max>
5	42

[block]
# block no. 5 follows, 44 sequences, length 26
# corresponding to MSA columns:
# 1241-1265,1278
name=unknown_F
#
# <colnr> <probs for GDERKNQSTAVLIFYWHMCP>
#	G	D	E	R	K	N	Q	S	T	A	V	L	I	F	Y	W	H	M	C	P
0	0.01509	0.01179	0.01789	0.07224	0.41982	0.01201	0.01314	0.13824	0.01523	0.11163	0.10419	0.01739	0.01442	0.00616	0.00555	0.00165	0.00576	0.00555	0.00402	0.00823
1	0.01160	0.06795	0.01407	0.03924	0.17651	0.01144	0.00964	0.01903	0.31602	0.01827	0.02035	0.23509	0.01931	0.00927	0.00575	0.00185	0.00466	0.00819	0.00447	0.00727
2	0.01097	0.00947	0.01278	0.01590	0.24454	0.00982	0.00923	0.01669	0.22021	0.01794	0.10115	0.04324	0.10888	0.14423	0.00951	0.00236	0.00475	0.00729	0.00427	0.00679
3	0.00733	0.00527	0.00709	0.00830	0.00898	0.00503	0.00623	0.00880	0.01120	0.01473	0.03071	0.53329	0.06509	0.01629	0.00712	0.00229	0.00375	0.24883	0.00505	0.00463
4	0.00776	0.00554	0.00748	0.00757	0.00812	0.00604	0.00531	0.00887	0.00856	0.01193	0.01673	0.08378	0.01768	0.34041	0.43237	0.00692	0.01012	0.00736	0.00323	0.00422
5	0.00747	0.00533	0.00746	0.00794	0.00869	0.00564	0.00582	0.00909	0.01000	0.01419	0.06560	0.34020	0.02497	0.02730	0.37525	0.00522	0.00849	0.00995	0.05668	0.00472
6	0.01500	0.75475	0.02762	0.00967	0.01420	0.07700	0.00942	0.01672	0.01139	0.01286	0.00764	0.00882	0.00700	0.00473	0.00360	0.00118	0.00612	0.00296	0.00237	0.00695
7	0.00760	0.00558	0.00721	0.00744	0.00864	0.00519	0.00573	0.00976	0.01371	0.01862	0.41796	0.16332	0.13718	0.01318	0.00673	0.00197	0.00318	0.15651	0.00554	0.00494
8	0.84691	0.01054	0.00801	0.00717	0.01054	0.01223	0.00590	0.01603	0.00928	0.02446	0.00759	0.00886	0.00590	0.00506	0.00337	0.00169	0.00422	0.00295	0.00337	0.00590
9	0.02157	0.01391	0.01552	0.01190	0.01623	0.01489	0.00983	0.59113	0.02336	0.20265	0.01499	0.01433	0.01023	0.00659	0.00546	0.00165	0.00569	0.00504	0.00575	0.00927
10	0.01805	0.01459	0.01704	0.01856	0.25059	0.11002	0.01175	0.30428	0.01802	0.11071	0.01277	0.01440	0.00975	0.03168	0.03156	0.00195	0.00673	0.00491	0.00427	0.00838
11	0.24330	0.06707	0.01356	0.01094	0.01391	0.22760	0.00875	0.02075	0.15647	0.08601	0.01181	0.01251	0.00915	0.00626	0.00594	0.00168	0.08947	0.00414	0.00376	0.00692
12	0.01187	0.00706	0.00836	0.00750	0.00987	0.00647	0.00580	0.01510	0.09277	0.20469	0.17470	0.08083	0.33122	0.01109	0.00614	0.00180	0.00337	0.00938	0.00570	0.00627
13	0.01855	0.22057	0.01983	0.01311	0.01680	0.42038	0.05199	0.14509	0.01594	0.01702	0.00915	0.01039	0.00747	0.00548	0.00474	0.00141	0.00814	0.00376	0.00314	0.00705
14	0.01230	0.00729	0.00914	0.00791	0.01003	0.00693	0.00611	0.09168	0.01600	0.16865	0.47936	0.03360	0.06080	0.05680	0.00740	0.00192	0.00350	0.00843	0.00590	0.00625
15	0.54940	0.00949	0.00818	0.00720	0.01021	0.01058	0.00585	0.05958	0.01119	0.07872	0.01123	0.01240	0.00848	0.00556	0.00375	0.00159	0.00397	0.00373	0.19273	0.00616
16	0.00804	0.00565	0.00680	0.00661	0.00815	0.00501	0.00492	0.00993	0.01366	0.06063	0.36382	0.14420	0.31718	0.01267	0.00645	0.00183	0.00284	0.01097	0.00557	0.00508
17	0.03696	0.00696	0.00901	0.00775	0.01012	0.00628	0.00607	0.01581	0.01513	0.27769	0.45074	0.03306	0.08276	0.00965	0.00602	0.00171	0.00333	0.00829	0.00612	0.00653
18	0.01308	0.07005	0.34553	0.10894	0.02148	0.01410	0.01479	0.12609	0.16736	0.02004	0.01256	0.01375	0.00930	0.00598	0.00565	0.00174	0.03351	0.00465	0.00344	0.00797
19	0.00887	0.00576	0.00659	0.00630	0.00741	0.00534	0.00425	0.00977	0.01068	0.08043	0.08482	0.03967	0.27320	0.38813	0.04281	0.00367	0.00450	0.00898	0.00438	0.00445
20	0.01655	0.01601	0.06494	0.03784	0.15937	0.09705	0.15973	0.28141	0.02957	0.04069	0.01185	0.01400	0.00906	0.02965	0.00623	0.00177	0.00720	0.00512	0.00383	0.00812
21	0.01014	0.00895	0.00997	0.00851	0.01092	0.06390	0.00655	0.01217	0.01220	0.01724	0.23403	0.06741	0.04430	0.04584	0.07204	0.00220	0.06630	0.00664	0.00407	0.29662
22	0.00976	0.00695	0.00867	0.00739	0.00979	0.00601	0.00569	0.01249	0.02972	0.06973	0.49662	0.03201	0.06112	0.00912	0.00576	0.00150	0.00311	0.00792	0.00533	0.21130
23	0.01410	0.04270	0.30444	0.01346	0.01907	0.14392	0.06020	0.11781	0.01422	0.01902	0.02708	0.01218	0.00857	0.00529	0.00500	0.00146	0.00715	0.00415	0.00312	0.17705
24	0.01388	0.01108	0.01328	0.04024	0.17586	0.09780	0.00953	0.01747	0.09032	0.14034	0.13213	0.11442	0.04429	0.00826	0.00589	0.00170	0.01856	0.00709	0.00453	0.05333
25	0.03968	0.29045	0.04386	0.01327	0.10267	0.11513	0.01021	0.04481	0.18475	0.01740	0.01178	0.01255	0.00953	0.00547	0.00453	0.00142	0.00595	0.00409	0.00338	0.07904

[dist]
# distance from previous block
# <min> <max>
0	16

[block]
# block no. 6 follows, 44 sequences, length 17
# corresponding to MSA columns:
# 1295-1311
name=unknown_G
#
# <colnr> <probs for GDERKNQSTAVLIFYWHMCP>
#	G	D	E	R	K	N	Q	S	T	A	V	L	I	F	Y	W	H	M	C	P
0	0.13608	0.01357	0.01658	0.01975	0.31953	0.07226	0.01179	0.15771	0.07525	0.05272	0.01164	0.01307	0.00904	0.00549	0.00500	0.00158	0.00590	0.00451	0.00375	0.06478
1	0.01132	0.01025	0.01253	0.04050	0.19416	0.08119	0.00916	0.06581	0.03799	0.01914	0.25237	0.11523	0.09068	0.00924	0.00592	0.00171	0.00475	0.00807	0.00449	0.02548
2	0.07128	0.04284	0.21447	0.20540	0.08620	0.01347	0.14796	0.06897	0.04289	0.01822	0.01046	0.01318	0.00788	0.00539	0.00569	0.00175	0.02893	0.00478	0.00288	0.00736
3	0.01332	0.03932	0.06756	0.01047	0.01351	0.06621	0.00883	0.17172	0.20616	0.02244	0.20005	0.02408	0.06760	0.03018	0.00668	0.00182	0.03128	0.00667	0.00491	0.00718
4	0.01061	0.00943	0.01282	0.23102	0.01930	0.01051	0.00981	0.01486	0.11843	0.01647	0.06536	0.11522	0.01538	0.00790	0.00735	0.00173	0.12948	0.00634	0.00362	0.19437
5	0.01404	0.01246	0.01922	0.02971	0.07939	0.01337	0.21022	0.22661	0.06823	0.02146	0.01419	0.09819	0.01236	0.00981	0.06335	0.00236	0.08707	0.00657	0.00393	0.00744
6	0.00709	0.00555	0.00642	0.00620	0.00776	0.00488	0.00465	0.00908	0.01396	0.01837	0.42082	0.04647	0.40432	0.01245	0.00644	0.00178	0.00266	0.01067	0.00554	0.00488
7	0.01532	0.01578	0.01983	0.17789	0.14860	0.18584	0.15357	0.12706	0.06802	0.01875	0.01114	0.01355	0.00859	0.00553	0.00552	0.00167	0.00768	0.00495	0.00328	0.00744
8	0.00911	0.00723	0.01000	0.00937	0.01113	0.00722	0.05736	0.01366	0.13007	0.01982	0.37793	0.10524	0.03741	0.01148	0.00658	0.00196	0.00388	0.16938	0.00542	0.00575
9	0.00751	0.00583	0.00828	0.06390	0.01084	0.00634	0.00663	0.00888	0.00997	0.01360	0.02374	0.52780	0.02726	0.02076	0.17243	0.00358	0.06174	0.01195	0.00423	0.00474
10	0.26626	0.01157	0.01247	0.00986	0.01388	0.01211	0.00814	0.25711	0.01695	0.31729	0.01470	0.01394	0.00990	0.00618	0.00485	0.00167	0.00495	0.00455	0.00534	0.00828
11	0.01016	0.00508	0.00508	0.00508	0.00635	0.00508	0.00381	0.01270	0.01143	0.02033	0.01778	0.02033	0.01397	0.00635	0.00381	0.00127	0.00254	0.00508	0.83867	0.00508
12	0.01132	0.01675	0.32413	0.01195	0.01634	0.01098	0.01267	0.12596	0.01438	0.02058	0.23697	0.02114	0.02098	0.00992	0.05964	0.00224	0.06704	0.00608	0.00393	0.00700
13	0.01410	0.01073	0.01220	0.01061	0.01333	0.01199	0.00850	0.17440	0.31657	0.06537	0.15030	0.02486	0.02144	0.00855	0.00664	0.00185	0.05832	0.06238	0.02020	0.00767
14	0.01007	0.01075	0.06897	0.03466	0.01282	0.10161	0.03577	0.01375	0.09591	0.01663	0.15480	0.22766	0.08551	0.01359	0.07373	0.00247	0.00572	0.02540	0.00444	0.00575
15	0.01279	0.07095	0.25632	0.04107	0.03595	0.01245	0.09525	0.10338	0.06618	0.03564	0.01186	0.01418	0.00925	0.03040	0.06464	0.00220	0.00725	0.00469	0.00327	0.12228
16	0.39586	0.06769	0.01232	0.01010	0.01318	0.32958	0.00797	0.01799	0.01236	0.01898	0.06184	0.01150	0.00965	0.00569	0.00423	0.00154	0.00650	0.00367	0.00326	0.00609

[dist]
# distance from previous block
# <min> <max>
0	13

[block]
# block no. 7 follows, 44 sequences, length 22
# corresponding to MSA columns:
# 1325-1346
name=unknown_H
#
# <colnr> <probs for GDERKNQSTAVLIFYWHMCP>
#	G	D	E	R	K	N	Q	S	T	A	V	L	I	F	Y	W	H	M	C	P
0	0.10352	0.01183	0.01162	0.01091	0.06388	0.11508	0.00796	0.17442	0.01617	0.10029	0.14853	0.02545	0.17135	0.00842	0.00552	0.00167	0.00499	0.00674	0.00483	0.00683
1	0.61126	0.01189	0.01039	0.00870	0.01236	0.01356	0.00718	0.22715	0.01394	0.02728	0.00916	0.01006	0.00686	0.00548	0.00397	0.00167	0.00473	0.00351	0.00397	0.00686
2	0.69340	0.01097	0.00929	0.00796	0.01150	0.01243	0.00656	0.09892	0.01157	0.08227	0.00925	0.01006	0.00685	0.00535	0.00376	0.00168	0.00445	0.00336	0.00386	0.00653
3	0.01234	0.01272	0.01365	0.17328	0.01818	0.18063	0.01045	0.01518	0.06115	0.01378	0.01123	0.01584	0.00989	0.04370	0.20960	0.00376	0.18091	0.00499	0.00287	0.00586
4	0.01191	0.07116	0.01782	0.01799	0.21456	0.04125	0.09839	0.01407	0.01120	0.03901	0.01502	0.21654	0.01544	0.00980	0.02672	0.00208	0.15948	0.00761	0.00336	0.00661
5	0.01231	0.00754	0.00982	0.00878	0.01059	0.00775	0.00693	0.01399	0.01253	0.21140	0.12518	0.13469	0.21148	0.01231	0.03559	0.00219	0.14279	0.02296	0.00507	0.00611
6	0.01458	0.81168	0.02857	0.00933	0.01399	0.02157	0.00933	0.01632	0.01108	0.01283	0.00758	0.00875	0.00700	0.00466	0.00350	0.00117	0.00583	0.00292	0.00233	0.00700
7	0.00829	0.00717	0.01075	0.00964	0.01156	0.00679	0.11500	0.01087	0.03883	0.01657	0.15549	0.19151	0.26428	0.01250	0.00690	0.00199	0.02223	0.09952	0.00483	0.00528
8	0.04634	0.00714	0.00939	0.00869	0.01099	0.00651	0.00680	0.01653	0.01308	0.33866	0.04702	0.29319	0.05319	0.01169	0.00624	0.00198	0.00404	0.10613	0.00573	0.00664
9	0.00657	0.00503	0.00604	0.00685	0.00771	0.00449	0.00473	0.00768	0.01115	0.01421	0.03913	0.53357	0.30147	0.01590	0.00677	0.00208	0.00302	0.01406	0.00506	0.00449
10	0.02149	0.00980	0.01253	0.00984	0.01369	0.00919	0.00804	0.12186	0.05902	0.55297	0.10361	0.02039	0.01732	0.00724	0.00559	0.00169	0.00457	0.00593	0.00643	0.00878
11	0.01197	0.22571	0.43481	0.10111	0.02313	0.01499	0.08360	0.01667	0.01146	0.01578	0.00932	0.01143	0.00709	0.00502	0.00489	0.00160	0.00750	0.00405	0.00236	0.00750
12	0.01068	0.02367	0.01307	0.01310	0.09060	0.05156	0.00935	0.03516	0.01061	0.01450	0.01838	0.16389	0.09855	0.02693	0.10969	0.00297	0.29051	0.00759	0.00341	0.00577
13	0.00727	0.00531	0.00695	0.00789	0.00872	0.00499	0.00590	0.00883	0.01172	0.01544	0.10905	0.44952	0.12359	0.01557	0.00699	0.00219	0.00352	0.19673	0.00515	0.00467
14	0.00937	0.00839	0.01325	0.53353	0.02802	0.00984	0.01208	0.01247	0.01165	0.01491	0.07579	0.02725	0.12499	0.00817	0.00590	0.00189	0.00601	0.08748	0.00337	0.00566
15	0.08726	0.03970	0.23830	0.04914	0.29841	0.06434	0.01520	0.07323	0.03399	0.03527	0.01046	0.01245	0.00807	0.00527	0.00508	0.00165	0.00683	0.00436	0.00300	0.00800
16	0.01226	0.01105	0.07275	0.23059	0.25020	0.01024	0.01266	0.01525	0.01220	0.10935	0.03666	0.04293	0.12069	0.03222	0.00632	0.00185	0.00583	0.00633	0.00359	0.00702
17	0.00755	0.00535	0.00584	0.00584	0.00631	0.00511	0.00352	0.00790	0.00908	0.01164	0.02696	0.03999	0.21315	0.60422	0.02227	0.00440	0.00464	0.00885	0.00376	0.00364
18	0.01132	0.02174	0.49818	0.08808	0.14922	0.01213	0.04573	0.01654	0.01165	0.01729	0.01050	0.01290	0.00781	0.00522	0.00518	0.00169	0.00735	0.00441	0.06533	0.00772
19	0.06002	0.01853	0.32235	0.06556	0.22722	0.01278	0.01575	0.05626	0.09753	0.05466	0.01190	0.01349	0.00887	0.00549	0.00522	0.00171	0.00667	0.00460	0.00321	0.00816
20	0.10785	0.03408	0.06084	0.11773	0.36714	0.01189	0.01340	0.01850	0.01250	0.18617	0.01228	0.01399	0.00910	0.00538	0.00513	0.00166	0.00599	0.00468	0.00360	0.00808
21	0.01371	0.01335	0.01299	0.01125	0.01350	0.17641	0.00882	0.09792	0.08102	0.01682	0.01190	0.01567	0.01043	0.06678	0.15647	0.00321	0.15319	0.00483	0.00339	0.12833

[dist]
# distance from previous block
# <min> <max>
1	6

[block]
# block no. 8 follows, 44 sequences, length 39
# corresponding to MSA columns:
# 1353-1391
name=unknown_I
#
# <colnr> <probs for GDERKNQSTAVLIFYWHMCP>
#	G	D	E	R	K	N	Q	S	T	A	V	L	I	F	Y	W	H	M	C	P
0	0.15336	0.01113	0.06010	0.01694	0.25925	0.01039	0.02800	0.06786	0.01329	0.04469	0.15689	0.08597	0.05455	0.00771	0.00545	0.00172	0.00498	0.00669	0.00405	0.00698
1	0.01359	0.04461	0.03519	0.01031	0.02320	0.04692	0.00814	0.28469	0.03460	0.03853	0.05907	0.27730	0.07982	0.01063	0.00596	0.00182	0.00482	0.00901	0.00496	0.00682
2	0.00839	0.06421	0.00905	0.00788	0.00983	0.00663	0.00638	0.01018	0.01183	0.01529	0.03317	0.19528	0.25362	0.01292	0.00635	0.00193	0.00390	0.22701	0.00462	0.11156
3	0.01060	0.01160	0.11966	0.06713	0.01615	0.00885	0.06286	0.06582	0.01217	0.01741	0.02743	0.16191	0.03836	0.01044	0.07079	0.00212	0.00600	0.00667	0.00358	0.28047
4	0.11974	0.22240	0.04456	0.01317	0.03941	0.16005	0.13355	0.04958	0.01293	0.05863	0.01289	0.01416	0.06271	0.00590	0.00516	0.00155	0.02889	0.00461	0.00321	0.00690
5	0.01322	0.23283	0.01653	0.01041	0.01308	0.18036	0.00863	0.01551	0.04339	0.01457	0.07432	0.05020	0.03635	0.01153	0.10777	0.00245	0.09414	0.00516	0.00322	0.06633
