[name]
unknown

[dist]
# distance from previous block
# <min> <max>
3	652

[block]
# block no. 0 follows, 40 sequences, length 6
# corresponding to MSA columns:
# 680-685
name=unknown_A
#
# <colnr> <probs for GDERKNQSTAVLIFYWHMCP>
#	G	D	E	R	K	N	Q	S	T	A	V	L	I	F	Y	W	H	M	C	P
0	0.12566	0.01099	0.01306	0.01193	0.07411	0.01107	0.00876	0.13352	0.08888	0.25467	0.08214	0.01903	0.01579	0.00704	0.00541	0.00171	0.00484	0.00565	0.06713	0.05861
1	0.01054	0.00728	0.00903	0.00837	0.00959	0.00756	0.00592	0.05896	0.07373	0.01484	0.01525	0.02481	0.01501	0.26706	0.17220	0.21088	0.00735	0.00638	0.00354	0.07168
2	0.01622	0.01667	0.01731	0.12793	0.10336	0.24885	0.07411	0.04605	0.09798	0.05472	0.01631	0.01775	0.07032	0.00669	0.00572	0.00170	0.00753	0.00553	0.00378	0.06145
3	0.23432	0.00772	0.00769	0.00740	0.00932	0.00789	0.00537	0.01230	0.04564	0.01854	0.06950	0.17131	0.14803	0.17001	0.01049	0.00266	0.00414	0.00890	0.00450	0.05425
4	0.04095	0.01147	0.01514	0.14552	0.10194	0.01174	0.01081	0.09959	0.06941	0.12948	0.01552	0.01683	0.04237	0.00650	0.00623	0.00164	0.05304	0.00519	0.00427	0.21235
5	0.05443	0.00951	0.01231	0.20552	0.01918	0.00990	0.00927	0.03876	0.10296	0.14539	0.05345	0.05615	0.09253	0.06695	0.00756	0.00208	0.00525	0.00687	0.00467	0.09726

[dist]
# distance from previous block
# <min> <max>
7	73

[block]
# block no. 1 follows, 40 sequences, length 7
# corresponding to MSA columns:
# 762-768
name=unknown_B
#
# <colnr> <probs for GDERKNQSTAVLIFYWHMCP>
#	G	D	E	R	K	N	Q	S	T	A	V	L	I	F	Y	W	H	M	C	P
0	0.10722	0.09969	0.08083	0.08912	0.06479	0.22018	0.01109	0.04790	0.01385	0.01842	0.04222	0.03911	0.01115	0.00631	0.00503	0.00159	0.00698	0.00474	0.05712	0.07267
1	0.01247	0.01184	0.01625	0.12661	0.30058	0.06542	0.01244	0.01650	0.08186	0.01799	0.05590	0.13310	0.06169	0.00837	0.00603	0.00183	0.00595	0.00748	0.00387	0.05383
2	0.01385	0.08967	0.01454	0.08995	0.01649	0.06106	0.00936	0.10185	0.28261	0.02230	0.16709	0.06694	0.02286	0.00857	0.00591	0.00183	0.00521	0.00713	0.00511	0.00766
3	0.06267	0.07780	0.03609	0.05988	0.01321	0.01087	0.00810	0.09480	0.01195	0.05263	0.01467	0.09421	0.01444	0.16932	0.01457	0.14305	0.08254	0.00662	0.02690	0.00569
4	0.13327	0.09158	0.01159	0.00846	0.01125	0.00972	0.00667	0.05675	0.01325	0.20427	0.02503	0.12548	0.13672	0.12992	0.00930	0.00242	0.00468	0.00796	0.00502	0.00667
5	0.01406	0.01184	0.06608	0.01597	0.17234	0.01093	0.01072	0.19751	0.01601	0.07019	0.02028	0.29173	0.02051	0.04513	0.00740	0.00214	0.00546	0.00935	0.00480	0.00754
6	0.01417	0.01303	0.02048	0.07904	0.34130	0.01255	0.09444	0.08819	0.01424	0.02039	0.01112	0.01392	0.00896	0.00513	0.00548	0.00153	0.00651	0.00488	0.00331	0.24135

[dist]
# distance from previous block
# <min> <max>
19	48

[block]
# block no. 2 follows, 40 sequences, length 59
# corresponding to MSA columns:
# 817-854,858-878
name=unknown_C
#
# <colnr> <probs for GDERKNQSTAVLIFYWHMCP>
#	G	D	E	R	K	N	Q	S	T	A	V	L	I	F	Y	W	H	M	C	P
0	0.12764	0.04665	0.32972	0.01426	0.02016	0.03996	0.03399	0.04524	0.04656	0.11826	0.01536	0.05901	0.01228	0.00770	0.00610	0.00210	0.00731	0.00571	0.00439	0.05760
1	0.15937	0.32814	0.02190	0.04549	0.01747	0.01768	0.03587	0.11062	0.01515	0.09780	0.01266	0.01434	0.01020	0.00673	0.00527	0.00183	0.00642	0.00455	0.00433	0.08418
2	0.07187	0.01294	0.07851	0.01241	0.03843	0.03767	0.03483	0.01779	0.06535	0.08864	0.05489	0.03298	0.12503	0.01024	0.00672	0.00214	0.00583	0.13318	0.00518	0.16536
3	0.10173	0.05870	0.06736	0.01606	0.10708	0.04099	0.10554	0.22894	0.03845	0.05112	0.03393	0.01464	0.01065	0.00605	0.00543	0.00168	0.00650	0.00507	0.02739	0.07270
4	0.04249	0.03608	0.04127	0.01108	0.01476	0.01275	0.00932	0.32431	0.02009	0.15469	0.17049	0.04876	0.04530	0.00862	0.00642	0.00182	0.03083	0.00689	0.00575	0.00829
5	0.01788	0.24510	0.14076	0.01443	0.10185	0.04159	0.01227	0.06687	0.03993	0.21385	0.04159	0.01516	0.01175	0.00619	0.00518	0.00163	0.00632	0.00481	0.00426	0.00860
6	0.04767	0.08903	0.01461	0.01047	0.01405	0.01255	0.00859	0.25026	0.05108	0.19348	0.17223	0.07162	0.02215	0.00857	0.00586	0.00178	0.00494	0.00699	0.00582	0.00823
7	0.06941	0.01528	0.08244	0.01296	0.01762	0.01473	0.05344	0.34156	0.14424	0.05343	0.01483	0.01535	0.01095	0.00814	0.03923	0.00206	0.00652	0.00524	0.00493	0.08763
8	0.17247	0.08045	0.03994	0.00962	0.01431	0.06550	0.00819	0.01880	0.01286	0.16618	0.01211	0.01275	0.00909	0.00531	0.00454	0.00134	0.00523	0.00388	0.00406	0.35338
9	0.03946	0.01602	0.29772	0.03662	0.01682	0.00939	0.01225	0.01556	0.01416	0.07395	0.30997	0.02615	0.04222	0.00831	0.00598	0.00178	0.00546	0.00699	0.00453	0.05666
10	0.01204	0.02603	0.58268	0.01787	0.04770	0.01346	0.12683	0.01862	0.03843	0.01883	0.03577	0.01421	0.00957	0.00571	0.00579	0.00186	0.00839	0.00499	0.00279	0.00842
11	0.01362	0.01209	0.01727	0.09613	0.32899	0.01283	0.01296	0.08310	0.18346	0.02138	0.07201	0.02209	0.08392	0.00739	0.00599	0.00183	0.00575	0.00655	0.00429	0.00833
12	0.00835	0.00604	0.00839	0.00839	0.00910	0.00675	0.00608	0.00977	0.00906	0.01279	0.01645	0.02768	0.01664	0.28253	0.53654	0.00817	0.01242	0.00694	0.00324	0.00466
13	0.01624	0.01781	0.01417	0.01167	0.01565	0.32924	0.00903	0.01893	0.04613	0.01703	0.01026	0.01185	0.00851	0.00538	0.00531	0.00124	0.03521	0.00377	0.00333	0.41925
14	0.00846	0.00564	0.00634	0.00634	0.00634	0.00564	0.00352	0.00846	0.00846	0.01128	0.01832	0.03805	0.02114	0.79563	0.02960	0.00564	0.00564	0.00846	0.00352	0.00352
15	0.01394	0.01472	0.02917	0.05131	0.34744	0.01427	0.40427	0.01818	0.01345	0.01868	0.01136	0.01512	0.00896	0.00505	0.00635	0.00186	0.00849	0.00608	0.00290	0.00840
16	0.02609	0.00990	0.01350	0.01035	0.01484	0.00855	0.00855	0.02834	0.01664	0.76338	0.02294	0.01979	0.01439	0.00720	0.00585	0.00180	0.00495	0.00585	0.00720	0.00990
17	0.01166	0.03008	0.76550	0.01657	0.02517	0.01351	0.02149	0.01842	0.01228	0.01842	0.01044	0.01228	0.00737	0.00552	0.00552	0.00184	0.00859	0.00430	0.00246	0.00859
18	0.00823	0.00594	0.00777	0.00732	0.00869	0.00549	0.00549	0.01097	0.01646	0.02332	0.75629	0.04344	0.05487	0.01189	0.00686	0.00183	0.00274	0.01052	0.00640	0.00549
19	0.01991	0.02094	0.01861	0.01997	0.21241	0.36654	0.01292	0.21838	0.01861	0.02163	0.01086	0.01246	0.00860	0.00605	0.00554	0.00163	0.00843	0.00453	0.00374	0.00825
20	0.01256	0.01195	0.02030	0.43589	0.37346	0.01334	0.01694	0.01624	0.01238	0.01678	0.01062	0.01499	0.00843	0.00552	0.00579	0.00184	0.00736	0.00517	0.00272	0.00774
21	0.00823	0.00594	0.00777	0.00732	0.00869	0.00549	0.00549	0.01097	0.01646	0.02332	0.75629	0.04344	0.05487	0.01189	0.00686	0.00183	0.00274	0.01052	0.00640	0.00549
22	0.00877	0.00627	0.00868	0.01002	0.01110	0.00618	0.00833	0.01101	0.01280	0.01673	0.03112	0.25604	0.03478	0.01663	0.00787	0.00259	0.00484	0.53569	0.00537	0.00519
23	0.01555	0.79913	0.03047	0.00995	0.01493	0.02301	0.00995	0.01741	0.01182	0.01368	0.00808	0.00933	0.00746	0.00498	0.00373	0.00124	0.00622	0.00311	0.00249	0.00746
24	0.00687	0.00589	0.00589	0.00589	0.00785	0.00491	0.00442	0.00835	0.01325	0.01571	0.05891	0.05596	0.75700	0.01473	0.00687	0.00196	0.00295	0.01227	0.00540	0.00491
25	0.00687	0.00589	0.00589	0.00589	0.00785	0.00491	0.00442	0.00835	0.01325	0.01571	0.05891	0.05596	0.75700	0.01473	0.00687	0.00196	0.00295	0.01227	0.00540	0.00491
26	0.00823	0.00594	0.00777	0.00732	0.00869	0.00549	0.00549	0.01097	0.01646	0.02332	0.75629	0.04344	0.05487	0.01189	0.00686	0.00183	0.00274	0.01052	0.00640	0.00549
27	0.02085	0.02625	0.01661	0.01501	0.01771	0.69875	0.01138	0.02232	0.01574	0.01421	0.00886	0.01070	0.00750	0.00640	0.00659	0.00160	0.08597	0.00388	0.00295	0.00670
28	0.02211	0.01629	0.01745	0.01338	0.01803	0.01803	0.01105	0.73997	0.02734	0.03665	0.01396	0.01396	0.00989	0.00698	0.00582	0.00175	0.00640	0.00524	0.00582	0.00989
29	0.00709	0.00506	0.00675	0.00810	0.00843	0.00472	0.00540	0.00810	0.01113	0.01484	0.03205	0.79184	0.03846	0.01822	0.00742	0.00236	0.00337	0.01653	0.00540	0.00472
30	0.00831	0.00623	0.00935	0.00935	0.01038	0.00727	0.00727	0.01038	0.00935	0.01350	0.01558	0.02285	0.01454	0.04361	0.77259	0.00935	0.01558	0.00623	0.00312	0.00519
31	0.01446	0.01249	0.01315	0.01183	0.01512	0.01446	0.00920	0.03090	0.74885	0.02433	0.02367	0.02170	0.01775	0.00789	0.00592	0.00197	0.00460	0.00657	0.00592	0.00920
32	0.01555	0.79913	0.03047	0.00995	0.01493	0.02301	0.00995	0.01741	0.01182	0.01368	0.00808	0.00933	0.00746	0.00498	0.00373	0.00124	0.00622	0.00311	0.00249	0.00746
33	0.01304	0.01244	0.02117	0.33045	0.47513	0.01346	0.01718	0.01667	0.01260	0.01736	0.01070	0.01483	0.00863	0.00543	0.00578	0.00181	0.00724	0.00518	0.00276	0.00812
34	0.01555	0.79913	0.03047	0.00995	0.01493	0.02301	0.00995	0.01741	0.01182	0.01368	0.00808	0.00933	0.00746	0.00498	0.00373	0.00124	0.00622	0.00311	0.00249	0.00746
35	0.00786	0.00593	0.00726	0.00693	0.00846	0.00533	0.00519	0.01025	0.01558	0.02123	0.56503	0.04687	0.24742	0.01267	0.00686	0.00187	0.00280	0.01100	0.00613	0.00533
36	0.00846	0.00564	0.00634	0.00634	0.00634	0.00564	0.00352	0.00846	0.00846	0.01128	0.01832	0.03805	0.02114	0.79563	0.02960	0.00564	0.00564	0.00846	0.00352	0.00352
37	0.00709	0.00506	0.00675	0.00810	0.00843	0.00472	0.00540	0.00810	0.01113	0.01484	0.03205	0.79184	0.03846	0.01822	0.00742	0.00236	0.00337	0.01653	0.00540	0.00472
38	0.01098	0.01034	0.01744	0.78165	0.04005	0.01292	0.01615	0.01486	0.01163	0.01486	0.01034	0.01550	0.00775	0.00581	0.00581	0.00194	0.00775	0.00517	0.00258	0.00646
39	0.01166	0.03008	0.76550	0.01657	0.02517	0.01351	0.02149	0.01842	0.01228	0.01842	0.01044	0.01228	0.00737	0.00552	0.00552	0.00184	0.00859	0.00430	0.00246	0.00859
40	0.00709	0.00506	0.00675	0.00810	0.00843	0.00472	0.00540	0.00810	0.01113	0.01484	0.03205	0.79184	0.03846	0.01822	0.00742	0.00236	0.00337	0.01653	0.00540	0.00472
41	0.00735	0.00591	0.00655	0.00639	0.00815	0.00511	0.00479	0.00927	0.01438	0.01839	0.30462	0.05155	0.50961	0.01373	0.00687	0.00192	0.00287	0.01165	0.00575	0.00511
42	0.02211	0.01629	0.01745	0.01338	0.01803	0.01803	0.01105	0.73997	0.02734	0.03665	0.01396	0.01396	0.00989	0.00698	0.00582	0.00175	0.00640	0.00524	0.00582	0.00989
43	0.02172	0.02772	0.01648	0.01498	0.01798	0.77228	0.01124	0.02322	0.01648	0.01423	0.00899	0.01049	0.00749	0.00599	0.00524	0.00150	0.01049	0.00375	0.00300	0.00674
44	0.02570	0.01052	0.01388	0.01064	0.01516	0.00948	0.00879	0.09802	0.01769	0.69223	0.02206	0.01922	0.01395	0.00718	0.00584	0.00179	0.00509	0.00579	0.00706	0.00990
45	0.02442	0.01258	0.01516	0.01162	0.01618	0.01253	0.00960	0.32697	0.02113	0.45841	0.01917	0.01735	0.01250	0.00711	0.00584	0.00178	0.00556	0.00559	0.00662	0.00989
46	0.01555	0.79913	0.03047	0.00995	0.01493	0.02301	0.00995	0.01741	0.01182	0.01368	0.00808	0.00933	0.00746	0.00498	0.00373	0.00124	0.00622	0.00311	0.00249	0.00746
47	0.02609	0.00990	0.01350	0.01035	0.01484	0.00855	0.00855	0.02834	0.01664	0.76338	0.02294	0.01979	0.01439	0.00720	0.00585	0.00180	0.00495	0.00585	0.00720	0.00990
48	0.01109	0.00670	0.00739	0.00729	0.00875	0.00682	0.00539	0.10518	0.01380	0.02143	0.02249	0.26569	0.02175	0.01044	0.00536	0.00173	0.00340	0.00893	0.46059	0.00577
49	0.01555	0.79913	0.03047	0.00995	0.01493	0.02301	0.00995	0.01741	0.01182	0.01368	0.00808	0.00933	0.00746	0.00498	0.00373	0.00124	0.00622	0.00311	0.00249	0.00746
50	0.01439	0.01382	0.02360	0.03569	0.75936	0.01382	0.01785	0.01785	0.01324	0.01900	0.01094	0.01439	0.00921	0.00518	0.00576	0.00173	0.00691	0.00518	0.00288	0.00921
51	0.01331	0.01271	0.02164	0.27300	0.53053	0.01353	0.01731	0.01690	0.01273	0.01768	0.01075	0.01475	0.00875	0.00538	0.00578	0.00179	0.00718	0.00518	0.00278	0.00834
52	0.01098	0.01034	0.01744	0.78165	0.04005	0.01292	0.01615	0.01486	0.01163	0.01486	0.01034	0.01550	0.00775	0.00581	0.00581	0.00194	0.00775	0.00517	0.00258	0.00646
53	0.00750	0.00596	0.00682	0.00711	0.00874	0.00528	0.00550	0.00931	0.01351	0.01694	0.14484	0.12345	0.47247	0.01490	0.00712	0.00211	0.00337	0.13448	0.00553	0.00505
54	0.05809	0.00933	0.01286	0.01389	0.13132	0.04156	0.09125	0.01220	0.01276	0.01705	0.04856	0.23270	0.27169	0.01200	0.00657	0.00200	0.00489	0.01069	0.00453	0.00606
55	0.01342	0.00683	0.00921	0.00908	0.01092	0.00620	0.00688	0.01505	0.01324	0.25332	0.02977	0.43157	0.05098	0.01433	0.00698	0.00221	0.00412	0.10345	0.00597	0.00646
56	0.04184	0.23724	0.37829	0.01569	0.02248	0.01650	0.14169	0.04979	0.01298	0.01822	0.01010	0.01204	0.00772	0.00533	0.00521	0.00169	0.00792	0.00442	0.00274	0.00813
57	0.01708	0.01905	0.01861	0.01710	0.11378	0.33075	0.10809	0.05101	0.01496	0.01771	0.01020	0.01227	0.00830	0.00532	0.00529	0.00143	0.00806	0.00433	0.00322	0.23344
58	0.01403	0.16406	0.39623	0.01588	0.02237	0.13009	0.11314	0.01873	0.01317	0.01714	0.03646	0.01304	0.00928	0.00564	0.00539	0.00170	0.00841	0.00457	0.00275	0.00790

[dist]
# distance from previous block
# <min> <max>
0	65

[block]
# block no. 3 follows, 40 sequences, length 55
# corresponding to MSA columns:
# 944-998
name=unknown_D
#
# <colnr> <probs for GDERKNQSTAVLIFYWHMCP>
#	G	D	E	R	K	N	Q	S	T	A	V	L	I	F	Y	W	H	M	C	P
0	0.14659	0.21001	0.01943	0.01244	0.04213	0.10492	0.08815	0.04241	0.01305	0.04617	0.01109	0.04972	0.00958	0.00582	0.00475	0.00147	0.00629	0.00457	0.00342	0.17798
1	0.01416	0.08410	0.14991	0.12859	0.21904	0.08711	0.09525	0.05167	0.01387	0.01840	0.04669	0.01483	0.01056	0.00574	0.00563	0.00171	0.00761	0.00510	0.00308	0.03696
2	0.01076	0.01588	0.25020	0.01514	0.09992	0.01018	0.09281	0.02965	0.01376	0.01909	0.14453	0.02812	0.18871	0.00856	0.00618	0.00182	0.00602	0.00752	0.00400	0.04713
3	0.01615	0.01082	0.01689	0.01980	0.28854	0.01053	0.05593	0.03792	0.03908	0.20492	0.01563	0.02014	0.01279	0.13236	0.01128	0.08311	0.00612	0.00601	0.00422	0.00777
4	0.01231	0.01101	0.01754	0.14296	0.33590	0.02583	0.05720	0.01478	0.01164	0.02977	0.01340	0.02210	0.01276	0.25334	0.01331	0.00300	0.00685	0.00630	0.00312	0.00687
5	0.47970	0.00891	0.00843	0.05554	0.01198	0.00997	0.00657	0.01364	0.01046	0.02125	0.01707	0.29849	0.01825	0.01015	0.00515	0.00202	0.00428	0.00821	0.00420	0.00573
6	0.24343	0.01105	0.01071	0.00902	0.01239	0.01180	0.00728	0.26864	0.01728	0.02598	0.02891	0.02820	0.28454	0.00940	0.00559	0.00184	0.00460	0.00725	0.00505	0.00705
7	0.00687	0.00589	0.00589	0.00589	0.00785	0.00491	0.00442	0.00835	0.01325	0.01571	0.05891	0.05596	0.75700	0.01473	0.00687	0.00196	0.00295	0.01227	0.00540	0.00491
8	0.01224	0.01162	0.01972	0.50643	0.30544	0.01325	0.01678	0.01596	0.01222	0.01639	0.01056	0.01509	0.00829	0.00558	0.00579	0.00186	0.00744	0.00517	0.00269	0.00748
9	0.00730	0.00591	0.00649	0.00634	0.00812	0.00509	0.00476	0.00918	0.01427	0.01812	0.28016	0.05199	0.53424	0.01383	0.00687	0.00192	0.00288	0.01172	0.00572	0.00509
10	0.01140	0.01024	0.01629	0.16842	0.31859	0.01086	0.01298	0.01468	0.03388	0.01668	0.01841	0.02486	0.08713	0.05145	0.12913	0.00326	0.00782	0.05343	0.00340	0.00708
11	0.01651	0.01020	0.01251	0.00916	0.01412	0.00800	0.00742	0.01899	0.01351	0.25513	0.01434	0.01451	0.01045	0.00522	0.00480	0.00116	0.00451	0.00421	0.00464	0.57062
12	0.01637	0.69680	0.02862	0.01062	0.01533	0.12241	0.01012	0.01818	0.01243	0.01375	0.00820	0.00948	0.00747	0.00511	0.00393	0.00128	0.00679	0.00319	0.00256	0.00737
13	0.01385	0.01327	0.02263	0.15374	0.64553	0.01367	0.01758	0.01737	0.01299	0.01834	0.01084	0.01457	0.00898	0.00528	0.00577	0.00176	0.00704	0.00518	0.00283	0.00878
14	0.01327	0.05098	0.51460	0.01733	0.10378	0.04071	0.01818	0.04323	0.01355	0.05527	0.06497	0.01502	0.01144	0.00608	0.00560	0.00179	0.00772	0.00489	0.00315	0.00844
15	0.01560	0.01153	0.01705	0.04279	0.29884	0.01212	0.01246	0.03278	0.11164	0.16507	0.04384	0.09598	0.01579	0.00807	0.00741	0.00193	0.08737	0.00683	0.00452	0.00839
16	0.14866	0.01880	0.01795	0.02129	0.29045	0.29460	0.01287	0.09354	0.01535	0.02017	0.01007	0.01212	0.00818	0.00570	0.00523	0.00166	0.00780	0.00433	0.00334	0.00790
17	0.01409	0.01217	0.01279	0.01154	0.01477	0.01400	0.00897	0.02980	0.71289	0.02390	0.02539	0.02337	0.05388	0.00822	0.00596	0.00197	0.00452	0.00685	0.00589	0.00899
18	0.00709	0.00506	0.00675	0.00810	0.00843	0.00472	0.00540	0.00810	0.01113	0.01484	0.03205	0.79184	0.03846	0.01822	0.00742	0.00236	0.00337	0.01653	0.00540	0.00472
19	0.01456	0.01244	0.01310	0.01170	0.01501	0.01430	0.00913	0.06354	0.68957	0.02461	0.02442	0.02251	0.04279	0.00808	0.00595	0.00196	0.00463	0.00671	0.00589	0.00909
20	0.00701	0.00590	0.00607	0.00603	0.00794	0.00497	0.00452	0.00860	0.01357	0.01645	0.12681	0.05475	0.68864	0.01445	0.00687	0.00195	0.00293	0.01210	0.00550	0.00497
21	0.01240	0.02333	0.48763	0.01459	0.02118	0.01348	0.01677	0.02214	0.25511	0.02026	0.01670	0.01710	0.04028	0.00667	0.00571	0.00189	0.00706	0.00536	0.00371	0.00865
22	0.01555	0.79913	0.03047	0.00995	0.01493	0.02301	0.00995	0.01741	0.01182	0.01368	0.00808	0.00933	0.00746	0.00498	0.00373	0.00124	0.00622	0.00311	0.00249	0.00746
23	0.01783	0.51451	0.02531	0.01181	0.01605	0.29946	0.01042	0.01956	0.01354	0.01388	0.00842	0.00976	0.00747	0.00535	0.00429	0.00134	0.00779	0.00334	0.00268	0.00720
24	0.83671	0.01125	0.00855	0.00765	0.01125	0.01305	0.00630	0.01709	0.00990	0.02609	0.00810	0.00945	0.00630	0.00540	0.00360	0.00180	0.00450	0.00315	0.00360	0.00630
25	0.00687	0.00589	0.00589	0.00589	0.00785	0.00491	0.00442	0.00835	0.01325	0.01571	0.05891	0.05596	0.75700	0.01473	0.00687	0.00196	0.00295	0.01227	0.00540	0.00491
26	0.83671	0.01125	0.00855	0.00765	0.01125	0.01305	0.00630	0.01709	0.00990	0.02609	0.00810	0.00945	0.00630	0.00540	0.00360	0.00180	0.00450	0.00315	0.00360	0.00630
27	0.00937	0.00669	0.00937	0.01071	0.01205	0.00669	0.00937	0.01205	0.01339	0.01740	0.03079	0.06560	0.03347	0.01606	0.00803	0.00268	0.00535	0.72021	0.00535	0.00535
28	0.01718	0.30460	0.02080	0.01171	0.01594	0.06522	0.01006	0.19899	0.25517	0.02279	0.01464	0.01455	0.01140	0.00647	0.00504	0.00162	0.00600	0.00479	0.00445	0.00858
29	0.01448	0.01216	0.02022	0.18496	0.48146	0.01254	0.01580	0.01785	0.01338	0.09435	0.04034	0.01801	0.01197	0.00614	0.00590	0.00181	0.00667	0.03002	0.00348	0.00844
30	0.01791	0.12899	0.12483	0.01494	0.01967	0.23115	0.12748	0.07067	0.03611	0.11441	0.01240	0.01378	0.00938	0.00776	0.04351	0.00204	0.00860	0.00481	0.00367	0.00789
31	0.01166	0.03008	0.76550	0.01657	0.02517	0.01351	0.02149	0.01842	0.01228	0.01842	0.01044	0.01228	0.00737	0.00552	0.00552	0.00184	0.00859	0.00430	0.00246	0.00859
32	0.00709	0.00506	0.00675	0.00810	0.00843	0.00472	0.00540	0.00810	0.01113	0.01484	0.03205	0.79184	0.03846	0.01822	0.00742	0.00236	0.00337	0.01653	0.00540	0.00472
33	0.00832	0.00727	0.00916	0.01122	0.13845	0.00652	0.00686	0.01027	0.01359	0.01708	0.12375	0.04743	0.55346	0.01277	0.00668	0.00191	0.00361	0.01086	0.00507	0.00572
34	0.01915	0.14670	0.01905	0.01556	0.08051	0.45500	0.01142	0.05615	0.09064	0.01663	0.01071	0.01201	0.00880	0.00611	0.00551	0.00157	0.02952	0.00416	0.00332	0.00746
35	0.02073	0.02606	0.01663	0.01501	0.01768	0.68919	0.01140	0.02220	0.01565	0.01421	0.00884	0.01073	0.00751	0.00645	0.00677	0.00161	0.09579	0.00389	0.00295	0.00670
36	0.00708	0.00509	0.00672	0.00802	0.00841	0.00473	0.00536	0.00811	0.01121	0.01488	0.03300	0.76594	0.06375	0.01810	0.00740	0.00235	0.00336	0.01638	0.00540	0.00473
37	0.83671	0.01125	0.00855	0.00765	0.01125	0.01305	0.00630	0.01709	0.00990	0.02609	0.00810	0.00945	0.00630	0.00540	0.00360	0.00180	0.00450	0.00315	0.00360	0.00630
38	0.01446	0.01249	0.01315	0.01183	0.01512	0.01446	0.00920	0.03090	0.74885	0.02433	0.02367	0.02170	0.01775	0.00789	0.00592	0.00197	0.00460	0.00657	0.00592	0.00920
39	0.00687	0.00589	0.00589	0.00589	0.00785	0.00491	0.00442	0.00835	0.01325	0.01571	0.05891	0.05596	0.75700	0.01473	0.00687	0.00196	0.00295	0.01227	0.00540	0.00491
40	0.02609	0.00990	0.01350	0.01035	0.01484	0.00855	0.00855	0.02834	0.01664	0.76338	0.02294	0.01979	0.01439	0.00720	0.00585	0.00180	0.00495	0.00585	0.00720	0.00990
41	0.01308	0.02020	0.26375	0.02202	0.02875	0.01433	0.51333	0.01856	0.01327	0.01856	0.01135	0.01462	0.00837	0.00510	0.00644	0.00192	0.00942	0.00606	0.00279	0.00808
42	0.02211	0.01629	0.01745	0.01338	0.01803	0.01803	0.01105	0.73997	0.02734	0.03665	0.01396	0.01396	0.00989	0.00698	0.00582	0.00175	0.00640	0.00524	0.00582	0.00989
43	0.83671	0.01125	0.00855	0.00765	0.01125	0.01305	0.00630	0.01709	0.00990	0.02609	0.00810	0.00945	0.00630	0.00540	0.00360	0.00180	0.00450	0.00315	0.00360	0.00630
44	0.01446	0.01249	0.01315	0.01183	0.01512	0.01446	0.00920	0.03090	0.74885	0.02433	0.02367	0.02170	0.01775	0.00789	0.00592	0.00197	0.00460	0.00657	0.00592	0.00920
45	0.02045	0.00873	0.01218	0.01003	0.01343	0.00814	0.00814	0.02264	0.01433	0.52547	0.02061	0.02076	0.01444	0.01875	0.24910	0.00419	0.00832	0.00597	0.00590	0.00840
46	0.01385	0.01327	0.02263	0.15374	0.64553	0.01367	0.01758	0.01737	0.01299	0.01834	0.01084	0.01457	0.00898	0.00528	0.00577	0.00176	0.00704	0.00518	0.00283	0.00878
47	0.00846	0.00564	0.00634	0.00634	0.00634	0.00564	0.00352	0.00846	0.00846	0.01128	0.01832	0.03805	0.02114	0.79563	0.02960	0.00564	0.00564	0.00846	0.00352	0.00352
48	0.01011	0.00583	0.00782	0.00845	0.00945	0.00533	0.00590	0.01132	0.01201	0.13388	0.03060	0.66906	0.03463	0.01647	0.00717	0.00227	0.00362	0.01483	0.00568	0.00555
49	0.01395	0.01574	0.08610	0.03036	0.45256	0.01410	0.26377	0.01816	0.01333	0.01883	0.01118	0.01467	0.00893	0.00511	0.00612	0.00182	0.00803	0.00568	0.00287	0.00870
50	0.01366	0.01550	0.03330	0.02394	0.02946	0.01490	0.69350	0.01834	0.01343	0.01834	0.01151	0.01550	0.00875	0.00523	0.00762	0.00200	0.05760	0.00675	0.00292	0.00775
51	0.00707	0.00553	0.00648	0.00708	0.00824	0.00493	0.00501	0.00840	0.01226	0.01551	0.07033	0.39025	0.37597	0.01729	0.03550	0.00241	0.00360	0.01393	0.00535	0.00486
52	0.01277	0.05053	0.47959	0.05567	0.10768	0.01419	0.13404	0.04435	0.01311	0.01885	0.01075	0.01317	0.00792	0.00544	0.00573	0.00183	0.00840	0.00484	0.00271	0.00845
53	0.03818	0.02216	0.40553	0.01720	0.05773	0.01375	0.13180	0.08903	0.07468	0.04847	0.01405	0.01546	0.03315	0.00610	0.00581	0.00186	0.00773	0.00530	0.00347	0.00854
54	0.42801	0.01357	0.05170	0.01395	0.05325	0.01373	0.17041	0.05429	0.08761	0.04590	0.01147	0.01298	0.00863	0.00567	0.00493	0.00185	0.00610	0.00466	0.00382	0.00747

[dist]
# distance from previous block
# <min> <max>
0	16

[block]
# block no. 4 follows, 40 sequences, length 29
# corresponding to MSA columns:
# 1122-1150
name=unknown_E
#
# <colnr> <probs for GDERKNQSTAVLIFYWHMCP>
#	G	D	E	R	K	N	Q	S	T	A	V	L	I	F	Y	W	H	M	C	P
0	0.09931	0.11289	0.04103	0.01231	0.01681	0.04318	0.09985	0.09983	0.01563	0.33633	0.01610	0.01662	0.01140	0.04511	0.00662	0.00192	0.00619	0.00530	0.00508	0.00850
1	0.01801	0.41705	0.08738	0.01173	0.03660	0.04182	0.01085	0.04364	0.06744	0.19407	0.01325	0.01329	0.00998	0.00586	0.00472	0.00152	0.00617	0.00426	0.00399	0.00837
2	0.02232	0.01807	0.01697	0.01347	0.01779	0.16583	0.01091	0.54688	0.02442	0.08532	0.01364	0.01370	0.00975	0.00680	0.00571	0.00170	0.00710	0.00499	0.00536	0.00927
3	0.02108	0.11334	0.01822	0.01415	0.01764	0.56436	0.01106	0.13939	0.01772	0.01782	0.00970	0.01092	0.00788	0.00604	0.00517	0.00151	0.00934	0.00392	0.00340	0.00734
4	0.00709	0.00506	0.00675	0.00810	0.00843	0.00472	0.00540	0.00810	0.01113	0.01484	0.03205	0.79184	0.03846	0.01822	0.00742	0.00236	0.00337	0.01653	0.00540	0.00472
5	0.00687	0.00589	0.00589	0.00589	0.00785	0.00491	0.00442	0.00835	0.01325	0.01571	0.05891	0.05596	0.75700	0.01473	0.00687	0.00196	0.00295	0.01227	0.00540	0.00491
6	0.83671	0.01125	0.00855	0.00765	0.01125	0.01305	0.00630	0.01709	0.00990	0.02609	0.00810	0.00945	0.00630	0.00540	0.00360	0.00180	0.00450	0.00315	0.00360	0.00630
7	0.01373	0.01569	0.03431	0.02451	0.03039	0.01471	0.73824	0.01863	0.01373	0.01863	0.01176	0.01569	0.00882	0.00490	0.00686	0.00196	0.00980	0.00686	0.00294	0.00784
8	0.00846	0.00564	0.00634	0.00634	0.00634	0.00564	0.00352	0.00846	0.00846	0.01128	0.01832	0.03805	0.02114	0.79563	0.02960	0.00564	0.00564	0.00846	0.00352	0.00352
9	0.83671	0.01125	0.00855	0.00765	0.01125	0.01305	0.00630	0.01709	0.00990	0.02609	0.00810	0.00945	0.00630	0.00540	0.00360	0.00180	0.00450	0.00315	0.00360	0.00630
10	0.00823	0.00594	0.00777	0.00732	0.00869	0.00549	0.00549	0.01097	0.01646	0.02332	0.75629	0.04344	0.05487	0.01189	0.00686	0.00183	0.00274	0.01052	0.00640	0.00549
11	0.83671	0.01125	0.00855	0.00765	0.01125	0.01305	0.00630	0.01709	0.00990	0.02609	0.00810	0.00945	0.00630	0.00540	0.00360	0.00180	0.00450	0.00315	0.00360	0.00630
12	0.00846	0.00564	0.00634	0.00634	0.00634	0.00564	0.00352	0.00846	0.00846	0.01128	0.01832	0.03805	0.02114	0.79563	0.02960	0.00564	0.00564	0.00846	0.00352	0.00352
13	0.00831	0.00623	0.00935	0.00935	0.01038	0.00727	0.00727	0.01038	0.00935	0.01350	0.01558	0.02285	0.01454	0.04361	0.77259	0.00935	0.01558	0.00623	0.00312	0.00519
14	0.02211	0.01629	0.01745	0.01338	0.01803	0.01803	0.01105	0.73997	0.02734	0.03665	0.01396	0.01396	0.00989	0.00698	0.00582	0.00175	0.00640	0.00524	0.00582	0.00989
15	0.02403	0.01320	0.01554	0.01191	0.01649	0.01345	0.00984	0.39577	0.02217	0.38815	0.01831	0.01678	0.01207	0.00709	0.00583	0.00177	0.00570	0.00553	0.00648	0.00989
16	0.00844	0.00569	0.00662	0.00662	0.00671	0.00579	0.00387	0.00863	0.00854	0.01148	0.01807	0.03666	0.02054	0.72665	0.09775	0.00598	0.00655	0.00825	0.00349	0.00368
17	0.00709	0.00506	0.00675	0.00810	0.00843	0.00472	0.00540	0.00810	0.01113	0.01484	0.03205	0.79184	0.03846	0.01822	0.00742	0.00236	0.00337	0.01653	0.00540	0.00472
18	0.00823	0.00594	0.00777	0.00732	0.00869	0.00549	0.00549	0.01097	0.01646	0.02332	0.75629	0.04344	0.05487	0.01189	0.00686	0.00183	0.00274	0.01052	0.00640	0.00549
19	0.02383	0.01353	0.01574	0.01207	0.01666	0.01393	0.00997	0.43231	0.02272	0.35084	0.01784	0.01648	0.01184	0.00707	0.00583	0.00177	0.00577	0.00550	0.00641	0.00989
20	0.01840	0.22069	0.08766	0.01632	0.10607	0.42551	0.01261	0.02069	0.01454	0.01503	0.00912	0.01082	0.00768	0.00560	0.00495	0.00149	0.00882	0.00381	0.00281	0.00738
21	0.01489	0.01277	0.02094	0.16134	0.51881	0.01321	0.01615	0.01912	0.05937	0.08765	0.01274	0.01554	0.00997	0.00565	0.00579	0.00179	0.00673	0.00533	0.00342	0.00880
22	0.00823	0.00594	0.00777	0.00732	0.00869	0.00549	0.00549	0.01097	0.01646	0.02332	0.75629	0.04344	0.05487	0.01189	0.00686	0.00183	0.00274	0.01052	0.00640	0.00549
23	0.01185	0.06790	0.72935	0.01625	0.02467	0.01397	0.02092	0.01837	0.01225	0.01818	0.01032	0.01213	0.00737	0.00550	0.00544	0.00181	0.00848	0.00424	0.00246	0.00854
24	0.00823	0.00594	0.00777	0.00732	0.00869	0.00549	0.00549	0.01097	0.01646	0.02332	0.75629	0.04344	0.05487	0.01189	0.00686	0.00183	0.00274	0.01052	0.00640	0.00549
25	0.00827	0.00592	0.00764	0.00762	0.00826	0.00627	0.00526	0.00936	0.00950	0.01301	0.04841	0.03315	0.07496	0.38776	0.34239	0.00679	0.00954	0.00788	0.00360	0.00441
26	0.01886	0.01468	0.01563	0.01272	0.01680	0.01652	0.01027	0.43890	0.33369	0.03142	0.01808	0.01725	0.01323	0.00737	0.00586	0.00184	0.00564	0.00580	0.00586	0.00960
27	0.01524	0.01283	0.01969	0.21551	0.37426	0.01376	0.01520	0.10095	0.08290	0.07276	0.01315	0.01568	0.01008	0.00594	0.00580	0.00181	0.00671	0.00536	0.00372	0.00865
28	0.01857	0.01211	0.01848	0.10875	0.33402	0.01197	0.01348	0.07568	0.01526	0.27873	0.01525	0.01627	0.01088	0.00606	0.00574	0.00174	0.00618	0.00535	0.00459	0.04087

[dist]
# distance from previous block
# <min> <max>
0	51

[block]
# block no. 5 follows, 40 sequences, length 20
# corresponding to MSA columns:
# 1202-1221
name=unknown_F
#
# <colnr> <probs for GDERKNQSTAVLIFYWHMCP>
#	G	D	E	R	K	N	Q	S	T	A	V	L	I	F	Y	W	H	M	C	P
0	0.04068	0.13636	0.33554	0.01281	0.01829	0.08106	0.01386	0.01865	0.04180	0.09109	0.07263	0.04951	0.01419	0.04139	0.00646	0.00191	0.00695	0.00548	0.00364	0.00770
1	0.29464	0.14960	0.01535	0.10829	0.04179	0.11205	0.00923	0.01678	0.01178	0.01907	0.01046	0.06248	0.00936	0.00615	0.00453	0.00159	0.00597	0.00447	0.00327	0.11313
2	0.04079	0.01775	0.25861	0.06550	0.05538	0.01214	0.11735	0.04060	0.07441	0.04355	0.01481	0.01640	0.05005	0.00600	0.00558	0.00169	0.00686	0.00527	0.00349	0.16378
3	0.00742	0.00586	0.00669	0.00660	0.00822	0.00513	0.00491	0.00937	0.01438	0.01866	0.33307	0.09959	0.43175	0.01383	0.00690	0.00194	0.00289	0.01186	0.00580	0.00513
4	0.00934	0.00630	0.00874	0.00850	0.00882	0.00709	0.00603	0.00929	0.00849	0.01184	0.01383	0.02442	0.01428	0.24009	0.25582	0.27225	0.08155	0.00636	0.00298	0.00398
5	0.01212	0.01149	0.01949	0.53328	0.27955	0.01322	0.01671	0.01585	0.01217	0.01624	0.01054	0.01513	0.00824	0.00560	0.00580	0.00187	0.00747	0.00517	0.00268	0.00738
6	0.01010	0.00505	0.00758	0.00758	0.00758	0.00505	0.00505	0.00758	0.00758	0.01010	0.01010	0.01768	0.01010	0.02020	0.02273	0.83081	0.00505	0.00505	0.00253	0.00253
7	0.01454	0.01193	0.01628	0.08235	0.26147	0.01272	0.01162	0.20213	0.06404	0.02153	0.01445	0.02108	0.01297	0.21389	0.01206	0.00279	0.00636	0.00615	0.00398	0.00766
8	0.02211	0.01629	0.01745	0.01338	0.01803	0.01803	0.01105	0.73997	0.02734	0.03665	0.01396	0.01396	0.00989	0.00698	0.00582	0.00175	0.00640	0.00524	0.00582	0.00989
9	0.01639	0.47807	0.04955	0.01126	0.01588	0.06138	0.01041	0.11371	0.15625	0.01889	0.01198	0.01248	0.00976	0.00587	0.00457	0.00148	0.00624	0.00413	0.00361	0.00811
10	0.01223	0.00842	0.00930	0.00880	0.01072	0.00893	0.00661	0.14972	0.12854	0.02257	0.02317	0.27984	0.02235	0.01084	0.00581	0.00186	0.00391	0.00931	0.27045	0.00660
11	0.28329	0.01922	0.01451	0.01447	0.09431	0.35669	0.01018	0.05659	0.04313	0.04327	0.01016	0.01146	0.00802	0.00588	0.00484	0.00166	0.00757	0.00395	0.00356	0.00721
12	0.57166	0.01268	0.01685	0.01308	0.01741	0.01358	0.24202	0.01759	0.01113	0.02369	0.00928	0.01146	0.00711	0.00524	0.00465	0.00185	0.00621	0.00434	0.00339	0.00680
13	0.01716	0.01383	0.01467	0.01238	0.01615	0.01572	0.00986	0.28105	0.49431	0.02867	0.02024	0.01897	0.01498	0.00757	0.00588	0.00189	0.00524	0.00610	0.00588	0.00945
14	0.00844	0.00570	0.00664	0.00664	0.00675	0.00580	0.00390	0.00865	0.00855	0.01150	0.01805	0.03652	0.02048	0.71997	0.10435	0.00601	0.00664	0.00823	0.00348	0.00369
15	0.01779	0.01453	0.01595	0.01322	0.01700	0.07555	0.05811	0.30707	0.22684	0.05869	0.01939	0.02290	0.03077	0.00821	0.00614	0.00191	0.00619	0.08562	0.00543	0.00869
16	0.00773	0.00569	0.00724	0.00734	0.00851	0.00520	0.00532	0.00982	0.01455	0.01994	0.46138	0.25409	0.14359	0.01403	0.00702	0.00200	0.00295	0.01243	0.00599	0.00520
17	0.19314	0.02029	0.16049	0.01390	0.01847	0.24169	0.07395	0.04662	0.01411	0.11429	0.01121	0.01246	0.00830	0.00605	0.00579	0.00176	0.04185	0.00437	0.00363	0.00760
18	0.01241	0.01992	0.31570	0.18758	0.12450	0.01373	0.20739	0.01762	0.01264	0.01777	0.01083	0.01414	0.00807	0.00538	0.00597	0.00188	0.00851	0.00527	0.00267	0.00801
19	0.00793	0.00634	0.00846	0.00788	0.00956	0.00570	0.04519	0.01013	0.01454	0.01940	0.38695	0.14282	0.28689	0.01328	0.00694	0.00195	0.00328	0.01169	0.00575	0.00532

[dist]
# distance from previous block
# <min> <max>
4	58

[block]
# block no. 6 follows, 40 sequences, length 62
# corresponding to MSA columns:
# 1281-1342
name=unknown_G
#
# <colnr> <probs for GDERKNQSTAVLIFYWHMCP>
#	G	D	E	R	K	N	Q	S	T	A	V	L	I	F	Y	W	H	M	C	P
0	0.01076	0.02125	0.45640	0.01498	0.02105	0.01125	0.10688	0.01588	0.01290	0.01858	0.11449	0.11547	0.03857	0.00814	0.00615	0.00192	0.00715	0.00720	0.00349	0.00750
1	0.01274	0.01650	0.16896	0.01530	0.01945	0.10503	0.18228	0.05957	0.01293	0.01718	0.01274	0.01698	0.01060	0.02002	0.29771	0.00468	0.01164	0.00562	0.00309	0.00697
2	0.01305	0.18289	0.29200	0.01745	0.13392	0.03747	0.07126	0.03865	0.01287	0.01747	0.01315	0.11906	0.01212	0.00711	0.00555	0.00177	0.00721	0.00607	0.00309	0.00785
3	0.03836	0.33085	0.04761	0.05650	0.07119	0.01696	0.06715	0.13274	0.01475	0.01969	0.04816	0.03772	0.01151	0.00608	0.00495	0.00152	0.00626	0.00487	0.00349	0.07964
4	0.03498	0.00977	0.07055	0.03463	0.03841	0.00810	0.12452	0.01157	0.01178	0.01567	0.03097	0.10243	0.27063	0.19646	0.01202	0.00284	0.00549	0.00952	0.00411	0.00556
5	0.01300	0.10722	0.05612	0.01996	0.28429	0.03578	0.02636	0.01605	0.01295	0.01779	0.01511	0.02526	0.01447	0.00761	0.00578	0.00174	0.00624	0.17359	0.00350	0.15717
6	0.08575	0.01020	0.01305	0.01433	0.15018	0.01075	0.00912	0.11655	0.12549	0.01973	0.01381	0.05495	0.01209	0.01148	0.01126	0.27782	0.00534	0.00566	0.00385	0.04859
7	0.05935	0.01346	0.01413	0.01150	0.01527	0.01499	0.00930	0.42132	0.19870	0.03085	0.01678	0.01678	0.01238	0.00709	0.00546	0.00174	0.00531	0.00548	0.13122	0.00886
8	0.83671	0.01125	0.00855	0.00765	0.01125	0.01305	0.00630	0.01709	0.00990	0.02609	0.00810	0.00945	0.00630	0.00540	0.00360	0.00180	0.00450	0.00315	0.00360	0.00630
9	0.01446	0.01249	0.01315	0.01183	0.01512	0.01446	0.00920	0.03090	0.74885	0.02433	0.02367	0.02170	0.01775	0.00789	0.00592	0.00197	0.00460	0.00657	0.00592	0.00920
10	0.01228	0.01166	0.01979	0.49779	0.31377	0.01326	0.01680	0.01600	0.01224	0.01643	0.01057	0.01508	0.00831	0.00557	0.00579	0.00186	0.00743	0.00517	0.00270	0.00751
11	0.00732	0.00591	0.00652	0.00637	0.00813	0.00510	0.00477	0.00922	0.01432	0.01824	0.29111	0.05179	0.52321	0.01378	0.00687	0.00192	0.00288	0.01169	0.00573	0.00510
12	0.00799	0.00593	0.00744	0.00706	0.00854	0.00539	0.00530	0.01051	0.01590	0.02198	0.63346	0.04564	0.17853	0.01239	0.00686	0.00185	0.00278	0.01083	0.00623	0.00539
13	0.00709	0.00506	0.00675	0.00810	0.00843	0.00472	0.00540	0.00810	0.01113	0.01484	0.03205	0.79184	0.03846	0.01822	0.00742	0.00236	0.00337	0.01653	0.00540	0.00472
14	0.01239	0.01223	0.01717	0.01482	0.01490	0.01701	0.01231	0.01372	0.00894	0.01396	0.00824	0.01349	0.00816	0.01272	0.07630	0.00306	0.72656	0.00518	0.00259	0.00627
15	0.00705	0.00520	0.00661	0.00774	0.00834	0.00475	0.00524	0.00814	0.01148	0.01499	0.03644	0.67153	0.15593	0.01765	0.00733	0.00230	0.00330	0.01584	0.00540	0.00475
16	0.01360	0.01301	0.02218	0.20849	0.59273	0.01361	0.01745	0.01715	0.01287	0.01804	0.01080	0.01465	0.00887	0.00533	0.00577	0.00178	0.00710	0.00518	0.00281	0.00857
17	0.01178	0.02442	0.54964	0.01429	0.02191	0.01186	0.01730	0.01734	0.01221	0.01857	0.01041	0.01221	0.00772	0.00518	0.00518	0.00156	0.00737	0.00405	0.00274	0.24427
18	0.01277	0.24919	0.55609	0.01469	0.02225	0.01621	0.01820	0.01813	0.01215	0.01707	0.00977	0.01144	0.00739	0.00537	0.00501	0.00167	0.00792	0.00396	0.00246	0.00827
19	0.01370	0.00818	0.00847	0.00744	0.00963	0.00862	0.00584	0.19786	0.01604	0.02548	0.01770	0.01972	0.01363	0.00683	0.00451	0.00145	0.00365	0.00537	0.61932	0.00655
20	0.01555	0.79913	0.03047	0.00995	0.01493	0.02301	0.00995	0.01741	0.01182	0.01368	0.00808	0.00933	0.00746	0.00498	0.00373	0.00124	0.00622	0.00311	0.00249	0.00746
21	0.01387	0.46795	0.34700	0.01280	0.01934	0.01892	0.01492	0.01784	0.01201	0.01572	0.00910	0.01060	0.00742	0.00521	0.00450	0.00150	0.00724	0.00362	0.00247	0.00795
22	0.00831	0.00623	0.00935	0.00935	0.01038	0.00727	0.00727	0.01038	0.00935	0.01350	0.01558	0.02285	0.01454	0.04361	0.77259	0.00935	0.01558	0.00623	0.00312	0.00519
23	0.00709	0.00506	0.00675	0.00810	0.00843	0.00472	0.00540	0.00810	0.01113	0.01484	0.03205	0.79184	0.03846	0.01822	0.00742	0.00236	0.00337	0.01653	0.00540	0.00472
24	0.01166	0.03008	0.76550	0.01657	0.02517	0.01351	0.02149	0.01842	0.01228	0.01842	0.01044	0.01228	0.00737	0.00552	0.00552	0.00184	0.00859	0.00430	0.00246	0.00859
25	0.01555	0.79913	0.03047	0.00995	0.01493	0.02301	0.00995	0.01741	0.01182	0.01368	0.00808	0.00933	0.00746	0.00498	0.00373	0.00124	0.00622	0.00311	0.00249	0.00746
26	0.00831	0.00623	0.00935	0.00935	0.01038	0.00727	0.00727	0.01038	0.00935	0.01350	0.01558	0.02285	0.01454	0.04361	0.77259	0.00935	0.01558	0.00623	0.00312	0.00519
27	0.01396	0.01338	0.02283	0.12938	0.66902	0.01370	0.01763	0.01747	0.01304	0.01848	0.01086	0.01453	0.00903	0.00526	0.00576	0.00175	0.00701	0.00518	0.00284	0.00887
28	0.00707	0.00513	0.00667	0.00790	0.00838	0.00474	0.00531	0.00812	0.01132	0.01492	0.03444	0.72652	0.10224	0.01791	0.00737	0.00233	0.00334	0.01615	0.00540	0.00474
29	0.01413	0.01355	0.02313	0.09352	0.70359	0.01375	0.01772	0.01762	0.01312	0.01868	0.01089	0.01448	0.00910	0.00523	0.00576	0.00174	0.00697	0.00518	0.00286	0.00900
30	0.01188	0.07311	0.72438	0.01620	0.02460	0.01404	0.02084	0.01836	0.01225	0.01815	0.01030	0.01211	0.00737	0.00549	0.00542	0.00181	0.00846	0.00423	0.00246	0.00853
31	0.00709	0.00506	0.00675	0.00810	0.00843	0.00472	0.00540	0.00810	0.01113	0.01484	0.03205	0.79184	0.03846	0.01822	0.00742	0.00236	0.00337	0.01653	0.00540	0.00472
32	0.00734	0.00562	0.00679	0.00753	0.00866	0.00507	0.00551	0.00883	0.01251	0.01596	0.08264	0.38261	0.31220	0.01628	0.00726	0.00222	0.00341	0.09920	0.00545	0.00491
33	0.01290	0.01229	0.02091	0.36237	0.44435	0.01342	0.01710	0.01654	0.01253	0.01719	0.01067	0.01488	0.00857	0.00546	0.00578	0.00182	0.00728	0.00518	0.00275	0.00801
34	0.01439	0.01382	0.02360	0.03569	0.75936	0.01382	0.01785	0.01785	0.01324	0.01900	0.01094	0.01439	0.00921	0.00518	0.00576	0.00173	0.00691	0.00518	0.00288	0.00921
35	0.00832	0.00618	0.00911	0.00911	0.01007	0.00714	0.00698	0.01023	0.00928	0.01333	0.01579	0.02402	0.01505	0.10191	0.71499	0.00906	0.01481	0.00640	0.00315	0.00506
36	0.02211	0.01629	0.01745	0.01338	0.01803	0.01803	0.01105	0.73997	0.02734	0.03665	0.01396	0.01396	0.00989	0.00698	0.00582	0.00175	0.00640	0.00524	0.00582	0.00989
37	0.01166	0.03008	0.76550	0.01657	0.02517	0.01351	0.02149	0.01842	0.01228	0.01842	0.01044	0.01228	0.00737	0.00552	0.00552	0.00184	0.00859	0.00430	0.00246	0.00859
38	0.00846	0.00564	0.00634	0.00634	0.00634	0.00564	0.00352	0.00846	0.00846	0.01128	0.01832	0.03805	0.02114	0.79563	0.02960	0.00564	0.00564	0.00846	0.00352	0.00352
39	0.00721	0.00575	0.00647	0.00661	0.00815	0.00500	0.00483	0.00888	0.01358	0.01724	0.20912	0.18677	0.47042	0.01473	0.00697	0.00201	0.00298	0.01266	0.00562	0.00500
40	0.01411	0.01326	0.02223	0.20592	0.34402	0.01371	0.12498	0.09212	0.01431	0.01980	0.01119	0.01463	0.00883	0.00541	0.00583	0.00175	0.00729	0.00530	0.00317	0.07215
41	0.00821	0.00561	0.00666	0.00678	0.00709	0.00547	0.00416	0.00886	0.01032	0.01400	0.15437	0.15318	0.02989	0.53563	0.02211	0.00445	0.00477	0.01005	0.00433	0.00406
42	0.01206	0.01034	0.01206	0.00861	0.01378	0.00775	0.00689	0.01464	0.01206	0.01895	0.01034	0.01206	0.00861	0.00431	0.00431	0.00086	0.00431	0.00345	0.00345	0.83118
43	0.00687	0.00589	0.00589	0.00589	0.00785	0.00491	0.00442	0.00835	0.01325	0.01571	0.05891	0.05596	0.75700	0.01473	0.00687	0.00196	0.00295	0.01227	0.00540	0.00491
44	0.01167	0.01880	0.30526	0.01715	0.02233	0.01304	0.22276	0.01624	0.01166	0.01690	0.01157	0.01556	0.00934	0.01401	0.17070	0.00356	0.10379	0.00554	0.00275	0.00739
45	0.00724	0.00571	0.00653	0.00674	0.00819	0.00500	0.00490	0.00891	0.01352	0.01731	0.21754	0.22346	0.42457	0.01487	0.00700	0.00202	0.00300	0.01284	0.00564	0.00500
46	0.00955	0.00505	0.00743	0.00767	0.00773	0.00499	0.00511	0.00767	0.00822	0.01096	0.01409	0.15821	0.01525	0.01984	0.01995	0.68042	0.00475	0.00713	0.00305	0.00292
47	0.12705	0.01234	0.01330	0.01073	0.01430	0.01332	0.00870	0.40042	0.02138	0.06635	0.22629	0.02208	0.02251	0.00819	0.00582	0.00178	0.00503	0.00650	0.00575	0.00815
48	0.01166	0.03008	0.76550	0.01657	0.02517	0.01351	0.02149	0.01842	0.01228	0.01842	0.01044	0.01228	0.00737	0.00552	0.00552	0.00184	0.00859	0.00430	0.00246	0.00859
49	0.01301	0.01241	0.02111	0.33772	0.46812	0.01345	0.01716	0.01664	0.01259	0.01732	0.01069	0.01484	0.00862	0.00544	0.00578	0.00181	0.00725	0.00518	0.00276	0.00810
50	0.00728	0.00591	0.00645	0.00632	0.00810	0.00508	0.00474	0.00913	0.01421	0.01798	0.26669	0.05223	0.54780	0.01388	0.00687	0.00192	0.00289	0.01175	0.00570	0.00508
51	0.01334	0.36126	0.44897	0.01372	0.02076	0.01760	0.01652	0.01798	0.01208	0.01638	0.00942	0.01101	0.00741	0.00529	0.00475	0.00158	0.00757	0.00379	0.00247	0.00811
52	0.00831	0.00623	0.00935	0.00935	0.01038	0.00727	0.00727	0.01038	0.00935	0.01350	0.01558	0.02285	0.01454	0.04361	0.77259	0.00935	0.01558	0.00623	0.00312	0.00519
53	0.01186	0.06861	0.72867	0.01624	0.02466	0.01398	0.02091	0.01837	0.01225	0.01818	0.01032	0.01213	0.00737	0.00550	0.00543	0.00181	0.00848	0.00424	0.00246	0.00854
54	0.01098	0.01034	0.01744	0.78165	0.04005	0.01292	0.01615	0.01486	0.01163	0.01486	0.01034	0.01550	0.00775	0.00581	0.00581	0.00194	0.00775	0.00517	0.00258	0.00646
55	0.00823	0.00594	0.00777	0.00732	0.00869	0.00549	0.00549	0.01097	0.01646	0.02332	0.75629	0.04344	0.05487	0.01189	0.00686	0.00183	0.00274	0.01052	0.00640	0.00549
56	0.01315	0.01030	0.01217	0.00875	0.01386	0.00781	0.00702	0.01570	0.01241	0.07666	0.01131	0.01266	0.00906	0.00453	0.00443	0.00093	0.00436	0.00363	0.00374	0.76751
57	0.01508	0.70665	0.11886	0.01075	0.01616	0.02187	0.01134	0.01753	0.01187	0.01425	0.00837	0.00968	0.00745	0.00504	0.00395	0.00132	0.00650	0.00325	0.00248	0.00760
