[name]
unknown

[dist]
# distance from previous block
# <min> <max>
0	254

[block]
# block no. 0 follows, 47 sequences, length 18
# corresponding to MSA columns:
# 286-303
name=unknown_A
#
# <colnr> <probs for GDERKNQSTAVLIFYWHMCP>
#	G	D	E	R	K	N	Q	S	T	A	V	L	I	F	Y	W	H	M	C	P
0	0.07479	0.05235	0.04717	0.10840	0.03633	0.14802	0.03665	0.11193	0.01290	0.01687	0.01475	0.17535	0.01459	0.01062	0.06463	0.00221	0.00661	0.05629	0.00354	0.00600
1	0.02900	0.15105	0.11772	0.08578	0.04418	0.07037	0.01016	0.03681	0.04176	0.06764	0.07530	0.07683	0.03816	0.00732	0.00564	0.00161	0.04797	0.04027	0.01733	0.03509
2	0.02905	0.05656	0.13580	0.01888	0.29933	0.06958	0.03960	0.07739	0.01244	0.01699	0.03376	0.10095	0.01255	0.06649	0.00677	0.00186	0.00611	0.00580	0.00312	0.00697
3	0.06271	0.05989	0.08569	0.04034	0.11907	0.14237	0.01015	0.07967	0.07474	0.01738	0.03570	0.06649	0.05280	0.02154	0.00576	0.00160	0.03549	0.00529	0.00341	0.07990
4	0.03899	0.16388	0.12728	0.06364	0.03590	0.07997	0.00946	0.01257	0.01075	0.01405	0.01693	0.31992	0.01835	0.00975	0.00558	0.00175	0.02158	0.04055	0.00343	0.00568
5	0.00855	0.08871	0.10809	0.00919	0.03441	0.00811	0.02416	0.01041	0.00953	0.01294	0.03907	0.11132	0.07320	0.21927	0.21615	0.00425	0.00739	0.00710	0.00320	0.00496
6	0.00876	0.00927	0.06833	0.00846	0.00995	0.11254	0.00669	0.01061	0.01219	0.01583	0.25891	0.40091	0.03309	0.01218	0.00609	0.00183	0.00407	0.01072	0.00462	0.00496
7	0.10238	0.09945	0.05516	0.00886	0.01183	0.04037	0.00749	0.06927	0.07595	0.18009	0.11920	0.10664	0.03075	0.06211	0.00650	0.00185	0.00455	0.00644	0.00456	0.00656
8	0.07664	0.10061	0.01530	0.04275	0.13938	0.18608	0.00991	0.01707	0.06684	0.08125	0.01328	0.08277	0.03448	0.00697	0.00635	0.00163	0.10350	0.00523	0.00336	0.00658
9	0.07250	0.12562	0.07542	0.05315	0.03563	0.00900	0.00746	0.01119	0.00972	0.01387	0.01601	0.18847	0.01732	0.21879	0.01064	0.00254	0.00488	0.05693	0.00334	0.06754
10	0.08333	0.00821	0.02735	0.06935	0.07036	0.00884	0.00811	0.01431	0.12635	0.05563	0.01423	0.01877	0.01226	0.07585	0.37825	0.00505	0.00925	0.00532	0.00336	0.00583
11	0.01233	0.57380	0.02185	0.06198	0.01390	0.01680	0.00850	0.01500	0.06729	0.01327	0.01397	0.07354	0.07688	0.00635	0.00410	0.00133	0.00511	0.00475	0.00288	0.00636
12	0.00923	0.03441	0.05692	0.01280	0.18539	0.05065	0.00828	0.01145	0.01240	0.01613	0.19812	0.04688	0.29018	0.03691	0.00639	0.00175	0.00425	0.00806	0.00411	0.00570
13	0.07369	0.01148	0.09824	0.08344	0.01628	0.01147	0.08471	0.01385	0.01043	0.07266	0.10061	0.01871	0.01396	0.06827	0.01079	0.00215	0.26775	0.03230	0.00325	0.00597
14	0.00768	0.00570	0.00764	0.00779	0.00825	0.00629	0.00564	0.00875	0.00867	0.01197	0.01797	0.16148	0.01970	0.29233	0.27392	0.00520	0.06777	0.07566	0.00340	0.00417
15	0.01132	0.07291	0.37607	0.06706	0.17110	0.01350	0.01596	0.01530	0.01047	0.01528	0.00876	0.01146	0.00700	0.00575	0.00745	0.00173	0.17526	0.00413	0.00230	0.00720
16	0.06301	0.22269	0.16201	0.01748	0.17246	0.08926	0.15812	0.02860	0.01176	0.01586	0.00893	0.01101	0.00719	0.00471	0.00469	0.00148	0.00697	0.00408	0.00252	0.00716
17	0.01190	0.24301	0.36040	0.01260	0.01815	0.01399	0.07882	0.07109	0.01244	0.01707	0.10182	0.01399	0.01201	0.00554	0.00477	0.00150	0.00642	0.00448	0.00289	0.00711

[dist]
# distance from previous block
# <min> <max>
0	17

[block]
# block no. 1 follows, 47 sequences, length 6
# corresponding to MSA columns:
# 321-326
name=unknown_B
#
# <colnr> <probs for GDERKNQSTAVLIFYWHMCP>
#	G	D	E	R	K	N	Q	S	T	A	V	L	I	F	Y	W	H	M	C	P
0	0.01124	0.08424	0.07543	0.08654	0.20300	0.08497	0.01050	0.01370	0.01183	0.03414	0.08472	0.13366	0.08574	0.00777	0.00527	0.00158	0.00535	0.00669	0.00344	0.05021
1	0.01230	0.00998	0.01577	0.14165	0.39090	0.01026	0.01214	0.04018	0.01202	0.08612	0.01598	0.01831	0.09033	0.00862	0.06745	0.00212	0.00617	0.00544	0.04716	0.00708
2	0.01592	0.08351	0.11356	0.08610	0.08760	0.20805	0.01168	0.20336	0.04048	0.04167	0.01038	0.01165	0.00792	0.00538	0.00482	0.00146	0.00683	0.00406	0.00338	0.05218
3	0.01156	0.11037	0.01028	0.00744	0.00963	0.00764	0.00585	0.04016	0.01242	0.18002	0.10250	0.20910	0.20557	0.05545	0.00681	0.00189	0.00371	0.00901	0.00485	0.00575
4	0.00864	0.00693	0.00946	0.09441	0.08975	0.00677	0.00720	0.04630	0.01111	0.01515	0.02320	0.39952	0.09165	0.04093	0.00656	0.00189	0.00400	0.01002	0.02762	0.09888
5	0.01107	0.04998	0.27784	0.08172	0.01829	0.01037	0.03639	0.01536	0.04967	0.04198	0.03060	0.01302	0.00913	0.00665	0.04318	0.00171	0.02589	0.00410	0.00292	0.27011

[dist]
# distance from previous block
# <min> <max>
0	62

[block]
# block no. 2 follows, 47 sequences, length 14
# corresponding to MSA columns:
# 426-439
name=unknown_C
#
# <colnr> <probs for GDERKNQSTAVLIFYWHMCP>
#	G	D	E	R	K	N	Q	S	T	A	V	L	I	F	Y	W	H	M	C	P
0	0.06950	0.15856	0.09240	0.01136	0.05585	0.07798	0.02662	0.03130	0.06311	0.08157	0.01293	0.03849	0.02163	0.01432	0.20534	0.00325	0.02127	0.00480	0.00325	0.00645
1	0.01142	0.07015	0.02914	0.17422	0.06145	0.01020	0.06083	0.01555	0.10609	0.08943	0.01574	0.01827	0.05214	0.01376	0.18897	0.00318	0.00744	0.00537	0.06032	0.00632
2	0.00750	0.00595	0.00807	0.19416	0.01397	0.00612	0.00677	0.00940	0.01114	0.01476	0.10214	0.27301	0.23370	0.01142	0.00587	0.00180	0.00373	0.00999	0.07573	0.00476
3	0.00699	0.00494	0.00572	0.00607	0.00644	0.00471	0.00377	0.00746	0.00897	0.01167	0.02591	0.26190	0.14835	0.45413	0.01744	0.00366	0.00407	0.01022	0.00392	0.00367
4	0.03693	0.00908	0.01113	0.06199	0.15700	0.08260	0.00832	0.01380	0.01196	0.11804	0.08540	0.26385	0.03663	0.00940	0.00552	0.00171	0.00458	0.00824	0.06778	0.00602
5	0.00949	0.00722	0.00782	0.00735	0.00943	0.00712	0.00558	0.06437	0.16932	0.06109	0.03809	0.15360	0.41642	0.01154	0.00594	0.00179	0.00331	0.00975	0.00505	0.00572
6	0.00723	0.00543	0.00769	0.00780	0.00869	0.00601	0.00590	0.00883	0.00879	0.01225	0.01910	0.09156	0.08919	0.08717	0.60137	0.00698	0.01133	0.00702	0.00318	0.00449
7	0.01068	0.01982	0.49449	0.08170	0.07286	0.01079	0.01588	0.01563	0.02784	0.04818	0.01315	0.07062	0.01133	0.00673	0.00533	0.00175	0.00672	0.07648	0.00291	0.00712
8	0.01022	0.00943	0.01447	0.54157	0.08934	0.01117	0.01260	0.01523	0.13132	0.01501	0.01532	0.01812	0.08219	0.00621	0.00531	0.00173	0.00603	0.00543	0.00305	0.00624
9	0.01901	0.00796	0.01036	0.00826	0.01171	0.00683	0.00672	0.02085	0.01414	0.59237	0.02869	0.02592	0.20748	0.00815	0.00547	0.00165	0.00398	0.00669	0.00604	0.00773
10	0.00684	0.00503	0.00645	0.00713	0.00783	0.00476	0.00495	0.00870	0.04385	0.01536	0.19405	0.56849	0.07805	0.01451	0.00645	0.00198	0.00292	0.01304	0.00505	0.00456
11	0.01389	0.01415	0.06114	0.19222	0.34203	0.08820	0.04629	0.14550	0.01397	0.01849	0.00999	0.01265	0.00782	0.00512	0.00516	0.00159	0.00677	0.00454	0.00297	0.00753
12	0.07977	0.00842	0.01082	0.03223	0.06401	0.00955	0.00787	0.12321	0.01150	0.03396	0.01611	0.02027	0.08499	0.06488	0.32785	0.00461	0.08518	0.00566	0.00341	0.00572
13	0.00846	0.00624	0.00720	0.00713	0.00816	0.00628	0.00501	0.06095	0.07596	0.01528	0.10527	0.18393	0.12785	0.29313	0.01328	0.00299	0.00401	0.05981	0.00441	0.00464

[dist]
# distance from previous block
# <min> <max>
0	1

[block]
# block no. 3 follows, 47 sequences, length 21
# corresponding to MSA columns:
# 441-461
name=unknown_D
#
# <colnr> <probs for GDERKNQSTAVLIFYWHMCP>
#	G	D	E	R	K	N	Q	S	T	A	V	L	I	F	Y	W	H	M	C	P
0	0.01063	0.00926	0.01163	0.14556	0.01641	0.00774	0.00761	0.01315	0.01073	0.01634	0.00926	0.01133	0.00758	0.00409	0.00409	0.00094	0.00439	0.00335	0.00295	0.70296
1	0.16767	0.00776	0.00955	0.16396	0.01463	0.00871	0.00761	0.08532	0.01097	0.01677	0.01616	0.19840	0.01669	0.10373	0.09584	0.00294	0.00581	0.05861	0.00366	0.00522
2	0.01630	0.01207	0.01311	0.01038	0.01380	0.01305	0.00845	0.56127	0.02156	0.02891	0.14956	0.02078	0.09203	0.00770	0.00546	0.00160	0.00486	0.00613	0.00526	0.00773
3	0.00833	0.00625	0.00866	0.08629	0.01132	0.00701	0.00656	0.05481	0.00955	0.01315	0.01561	0.11174	0.01591	0.20561	0.40907	0.00586	0.00954	0.00692	0.00320	0.00463
4	0.01419	0.09234	0.02079	0.02624	0.57559	0.01384	0.01423	0.14590	0.01392	0.01928	0.01001	0.01238	0.00820	0.00490	0.00499	0.00151	0.00605	0.00447	0.00300	0.00820
5	0.00643	0.00493	0.00589	0.00640	0.00739	0.00440	0.00452	0.00772	0.01141	0.01473	0.15161	0.40891	0.31838	0.01428	0.00639	0.00191	0.00279	0.01255	0.00497	0.00440
6	0.00905	0.00452	0.00678	0.00678	0.00678	0.00452	0.00452	0.00678	0.00678	0.00905	0.00905	0.01583	0.00905	0.01809	0.02035	0.84848	0.00452	0.00452	0.00226	0.00226
7	0.00889	0.00764	0.00902	0.07442	0.01160	0.08417	0.00701	0.01057	0.01012	0.01330	0.10381	0.06985	0.01883	0.09138	0.36778	0.03644	0.00923	0.05790	0.00335	0.00468
8	0.06968	0.01339	0.14703	0.11392	0.01705	0.08634	0.03088	0.02660	0.01072	0.06721	0.01198	0.07976	0.01052	0.01096	0.10264	0.00257	0.14587	0.00529	0.04151	0.00610
9	0.00744	0.00554	0.00815	0.00812	0.00903	0.00633	0.00625	0.00926	0.00877	0.01261	0.06724	0.02236	0.01579	0.07261	0.70646	0.00775	0.01275	0.00594	0.00301	0.00460
10	0.00635	0.00470	0.00594	0.00686	0.00747	0.00429	0.00468	0.00740	0.01052	0.01375	0.06394	0.64087	0.17321	0.01551	0.00654	0.00203	0.00293	0.01388	0.00487	0.00429
11	0.01279	0.01138	0.01757	0.15241	0.34065	0.01173	0.05776	0.14453	0.01357	0.01880	0.01173	0.07926	0.01023	0.00589	0.00523	0.00156	0.00590	0.00543	0.00323	0.09035
12	0.01110	0.37688	0.23480	0.00985	0.01403	0.01392	0.01040	0.01364	0.01012	0.01317	0.01153	0.09288	0.01151	0.14634	0.00812	0.00204	0.00582	0.00509	0.00264	0.00611
13	0.01053	0.00870	0.01130	0.25487	0.01851	0.03183	0.00926	0.13924	0.03067	0.01762	0.07258	0.20481	0.06357	0.00986	0.00587	0.00185	0.00505	0.09400	0.00412	0.00576
14	0.00794	0.06546	0.14329	0.00777	0.01048	0.00706	0.00736	0.01057	0.01277	0.01716	0.34336	0.05694	0.27003	0.01019	0.00576	0.00165	0.00365	0.00864	0.00457	0.00534
15	0.01334	0.11285	0.44842	0.06733	0.01977	0.01175	0.01462	0.01762	0.01168	0.17802	0.01234	0.04895	0.00923	0.00574	0.00492	0.00161	0.00650	0.00457	0.00322	0.00753
16	0.01089	0.09047	0.03335	0.00959	0.01172	0.02953	0.03575	0.03988	0.02865	0.09212	0.01796	0.12379	0.01751	0.01990	0.27520	0.00407	0.00810	0.14198	0.00384	0.00570
17	0.00860	0.01132	0.21910	0.00868	0.01179	0.00690	0.00862	0.02879	0.01171	0.04440	0.07304	0.21008	0.26563	0.01069	0.00573	0.00176	0.00422	0.00911	0.05424	0.00558
18	0.02626	0.09453	0.06228	0.04085	0.07441	0.14877	0.03991	0.20539	0.07293	0.06193	0.06472	0.01409	0.01141	0.00590	0.00508	0.00149	0.01576	0.00462	0.00385	0.04582
19	0.13968	0.14515	0.11575	0.04945	0.03768	0.04733	0.00860	0.05391	0.01084	0.07183	0.01173	0.01737	0.01065	0.22558	0.01028	0.00245	0.00558	0.00474	0.02552	0.00590
20	0.00970	0.03014	0.02993	0.03517	0.01113	0.00740	0.00685	0.06055	0.04268	0.04493	0.07939	0.13554	0.14823	0.07823	0.00775	0.00203	0.01922	0.13629	0.00436	0.11045

[dist]
# distance from previous block
# <min> <max>
0	47

[block]
# block no. 4 follows, 47 sequences, length 19
# corresponding to MSA columns:
# 509-527
name=unknown_E
#
# <colnr> <probs for GDERKNQSTAVLIFYWHMCP>
#	G	D	E	R	K	N	Q	S	T	A	V	L	I	F	Y	W	H	M	C	P
0	0.02945	0.00906	0.09096	0.00878	0.01088	0.03597	0.00748	0.01208	0.06237	0.03788	0.07832	0.15160	0.06444	0.03876	0.29804	0.00425	0.00794	0.00733	0.00372	0.04068
1	0.08126	0.21707	0.17909	0.04198	0.08992	0.08238	0.01159	0.11598	0.01319	0.05379	0.03380	0.02686	0.02086	0.00558	0.00455	0.00148	0.00612	0.00421	0.00316	0.00713
2	0.04444	0.11865	0.14944	0.09886	0.11454	0.20555	0.04956	0.03672	0.01218	0.04742	0.00939	0.01178	0.00755	0.02521	0.00590	0.00162	0.04763	0.00406	0.00272	0.00679
3	0.04763	0.08401	0.17788	0.06543	0.18063	0.03122	0.01203	0.05063	0.01198	0.04957	0.03464	0.01241	0.00895	0.00491	0.00459	0.00136	0.00571	0.00401	0.00299	0.20939
4	0.05352	0.03875	0.14983	0.06462	0.13405	0.01032	0.03475	0.06258	0.01236	0.15357	0.01538	0.11408	0.03983	0.00696	0.00544	0.00163	0.02512	0.00589	0.00376	0.06757
5	0.01069	0.01156	0.13517	0.02638	0.04118	0.06269	0.02693	0.04020	0.01234	0.07001	0.12063	0.16750	0.11512	0.03797	0.00627	0.00175	0.00479	0.00771	0.00407	0.09704
6	0.11368	0.00672	0.00847	0.00818	0.00942	0.00766	0.00626	0.05520	0.00967	0.01497	0.03751	0.10379	0.01549	0.09691	0.44699	0.00574	0.03873	0.00641	0.00331	0.00490
7	0.01226	0.12535	0.21730	0.01307	0.10286	0.01113	0.01138	0.09198	0.01253	0.08786	0.01579	0.20375	0.01517	0.00875	0.01916	0.00181	0.00562	0.03368	0.00368	0.00687
8	0.01189	0.22036	0.16729	0.16256	0.07867	0.01278	0.03878	0.01482	0.01063	0.06926	0.01074	0.01471	0.00907	0.09320	0.06234	0.00235	0.00685	0.00448	0.00272	0.00648
9	0.00908	0.00626	0.00740	0.00714	0.00882	0.00595	0.00533	0.01246	0.11520	0.09199	0.21585	0.21601	0.25484	0.01181	0.00606	0.00180	0.00306	0.01024	0.00527	0.00544
10	0.01747	0.02256	0.09631	0.01293	0.01635	0.56845	0.01065	0.05296	0.07617	0.01500	0.00952	0.01059	0.00759	0.00541	0.00474	0.00138	0.00829	0.00365	0.00298	0.05699
11	0.01456	0.01246	0.07708	0.10919	0.12241	0.06675	0.03717	0.13641	0.04197	0.15317	0.04904	0.07799	0.04913	0.02216	0.00578	0.00171	0.00568	0.00602	0.00414	0.00719
12	0.01056	0.00869	0.10499	0.00773	0.01048	0.00617	0.00694	0.01295	0.01321	0.17339	0.26732	0.05817	0.27863	0.01010	0.00583	0.00169	0.00359	0.00856	0.00511	0.00587
13	0.00753	0.00520	0.00646	0.00646	0.00673	0.00547	0.00413	0.00807	0.00780	0.01068	0.01569	0.03013	0.01722	0.59118	0.24997	0.00601	0.00763	0.00699	0.00305	0.00359
14	0.01107	0.10608	0.60174	0.09769	0.02278	0.04161	0.01734	0.01622	0.01103	0.01558	0.00907	0.01097	0.00665	0.00494	0.00480	0.00159	0.00746	0.00380	0.00223	0.00733
15	0.01361	0.01376	0.02901	0.31115	0.18103	0.15621	0.06216	0.05909	0.06746	0.04092	0.01063	0.01327	0.00817	0.00529	0.00517	0.00161	0.00702	0.00460	0.00296	0.00689
16	0.10241	0.00750	0.00784	0.00679	0.00907	0.00776	0.00539	0.13540	0.01341	0.12390	0.01571	0.01692	0.01175	0.00602	0.00406	0.00136	0.00339	0.00466	0.51056	0.00611
17	0.00654	0.00477	0.00620	0.00727	0.00784	0.00444	0.00511	0.00765	0.01040	0.01362	0.03134	0.64635	0.11960	0.01575	0.00665	0.00210	0.00317	0.09206	0.00483	0.00431
18	0.00887	0.00696	0.00908	0.01024	0.10525	0.00675	0.00662	0.08955	0.01359	0.01833	0.26350	0.24282	0.17533	0.01144	0.00606	0.00177	0.00345	0.01007	0.00487	0.00546

[dist]
# distance from previous block
# <min> <max>
0	1

[block]
# block no. 5 follows, 47 sequences, length 16
# corresponding to MSA columns:
# 529-544
name=unknown_F
#
# <colnr> <probs for GDERKNQSTAVLIFYWHMCP>
#	G	D	E	R	K	N	Q	S	T	A	V	L	I	F	Y	W	H	M	C	P
0	0.01087	0.00981	0.00938	0.00946	0.01092	0.15018	0.00725	0.10036	0.01330	0.01647	0.06430	0.34753	0.02611	0.01236	0.00623	0.00195	0.00490	0.18883	0.00453	0.00528
1	0.01095	0.00847	0.01030	0.10405	0.01347	0.04083	0.00768	0.16385	0.01245	0.01725	0.01394	0.04933	0.01243	0.07056	0.33692	0.00462	0.00892	0.00559	0.10279	0.00561
2	0.05091	0.01335	0.01573	0.20869	0.17592	0.17096	0.01198	0.01718	0.01183	0.13279	0.01039	0.01274	0.00800	0.00590	0.00685	0.00168	0.13083	0.00438	0.00311	0.00679
3	0.00998	0.10466	0.10400	0.00910	0.01138	0.00871	0.00824	0.01262	0.04303	0.05640	0.01767	0.03154	0.01772	0.19375	0.13647	0.00363	0.00670	0.21545	0.00361	0.00535
4	0.01018	0.00871	0.01175	0.01247	0.16619	0.00743	0.00793	0.01250	0.01144	0.01695	0.10499	0.11135	0.01689	0.00675	0.00486	0.00126	0.00410	0.03754	0.00358	0.44313
5	0.02997	0.11011	0.09752	0.01661	0.21691	0.10671	0.01174	0.10677	0.06144	0.17374	0.01239	0.01300	0.00915	0.00544	0.00487	0.00151	0.00608	0.00436	0.00378	0.00789
6	0.00780	0.00549	0.00609	0.00600	0.00762	0.00475	0.00443	0.00910	0.01170	0.07848	0.07258	0.13604	0.53123	0.07179	0.00765	0.00204	0.00304	0.02461	0.00488	0.00469
7	0.00847	0.00534	0.00815	0.07388	0.01021	0.00590	0.00614	0.00833	0.00772	0.01061	0.01101	0.01750	0.01045	0.02533	0.32687	0.44472	0.00846	0.00495	0.00248	0.00350
8	0.00677	0.00531	0.00695	0.08946	0.01053	0.00514	0.00579	0.00814	0.01066	0.01364	0.03330	0.47606	0.23902	0.01419	0.00639	0.00199	0.00342	0.05419	0.00457	0.00447
9	0.00795	0.00826	0.10177	0.10278	0.01352	0.00663	0.00863	0.01019	0.01068	0.01430	0.03919	0.33162	0.02581	0.06749	0.00778	0.00229	0.00469	0.22739	0.00411	0.00494
10	0.00809	0.00657	0.00835	0.00832	0.00923	0.05091	0.00629	0.00968	0.00871	0.01196	0.01448	0.05356	0.01416	0.11879	0.63773	0.00736	0.01230	0.00604	0.00291	0.00455
11	0.14124	0.00933	0.00882	0.00811	0.01041	0.10023	0.00621	0.01535	0.07578	0.15824	0.08461	0.16960	0.17258	0.00962	0.00538	0.00172	0.00416	0.00794	0.00474	0.00593
12	0.01539	0.07557	0.03859	0.11325	0.06553	0.06721	0.29443	0.07710	0.01352	0.16982	0.01202	0.01374	0.00866	0.00514	0.00538	0.00162	0.00708	0.00508	0.00351	0.00737
13	0.00761	0.00525	0.00655	0.00665	0.00697	0.00547	0.00439	0.00825	0.00813	0.01103	0.01675	0.03290	0.01845	0.56513	0.20795	0.00562	0.00714	0.06892	0.00321	0.00365
14	0.00796	0.00574	0.00719	0.00782	0.00858	0.00566	0.00544	0.09828	0.01171	0.01563	0.02676	0.71762	0.03138	0.01511	0.00647	0.00205	0.00335	0.01359	0.00488	0.00478
15	0.00969	0.00846	0.01457	0.23339	0.10982	0.00905	0.12796	0.01189	0.00993	0.01359	0.01264	0.06853	0.01186	0.12768	0.09913	0.07350	0.00701	0.00605	0.03993	0.00533

[dist]
# distance from previous block
# <min> <max>
0	1

[block]
# block no. 6 follows, 47 sequences, length 54
# corresponding to MSA columns:
# 546-599
name=unknown_G
#
# <colnr> <probs for GDERKNQSTAVLIFYWHMCP>
#	G	D	E	R	K	N	Q	S	T	A	V	L	I	F	Y	W	H	M	C	P
0	0.01018	0.00880	0.01243	0.04573	0.09526	0.00916	0.08036	0.08918	0.09375	0.01722	0.06485	0.12273	0.18818	0.05114	0.05021	0.00230	0.04038	0.00803	0.00410	0.00600
1	0.01175	0.01299	0.02741	0.19395	0.02912	0.01282	0.60048	0.01594	0.01188	0.01594	0.01025	0.01401	0.00769	0.00457	0.00594	0.00175	0.00838	0.00581	0.00256	0.00675
2	0.05739	0.01348	0.01641	0.29895	0.07191	0.19854	0.11290	0.01517	0.01154	0.01436	0.01092	0.09351	0.00981	0.00640	0.00584	0.00169	0.04694	0.00546	0.00276	0.00600
3	0.01114	0.05996	0.09314	0.16756	0.11501	0.10694	0.04987	0.01360	0.01115	0.01433	0.01391	0.13700	0.01354	0.00835	0.00634	0.05674	0.00611	0.06709	0.04238	0.00585
4	0.00657	0.00516	0.00581	0.00589	0.00719	0.00454	0.00425	0.00800	0.01197	0.01528	0.21798	0.15763	0.44854	0.06845	0.00763	0.00201	0.00282	0.01094	0.00493	0.00441
5	0.01302	0.01188	0.01614	0.01579	0.14284	0.01297	0.11820	0.04291	0.52065	0.02054	0.01756	0.01740	0.01331	0.00626	0.00539	0.00172	0.00517	0.00569	0.00447	0.00808
6	0.05785	0.01331	0.01800	0.25639	0.38437	0.13486	0.03054	0.01592	0.01173	0.01558	0.00924	0.01243	0.00747	0.00493	0.00502	0.00158	0.00685	0.00437	0.00255	0.00701
7	0.01083	0.00836	0.00910	0.00814	0.01052	0.00873	0.00633	0.09267	0.27285	0.04988	0.17104	0.03174	0.25765	0.00949	0.00566	0.00170	0.00349	0.00794	0.02745	0.00644
8	0.00983	0.00926	0.01562	0.80447	0.03587	0.01157	0.01446	0.01331	0.01041	0.01331	0.00926	0.01388	0.00694	0.00521	0.00521	0.00174	0.00694	0.00463	0.00231	0.00579
9	0.00954	0.01098	0.11018	0.41423	0.05119	0.01050	0.05662	0.01266	0.01036	0.01390	0.01344	0.14976	0.02543	0.02897	0.00683	0.00191	0.05836	0.00653	0.00282	0.00581
10	0.01023	0.00795	0.04978	0.00795	0.01022	0.00698	0.00649	0.01466	0.15795	0.11623	0.19451	0.13544	0.22167	0.01061	0.00590	0.00177	0.00348	0.02703	0.00518	0.00598
11	0.00736	0.00509	0.00633	0.00651	0.00676	0.00526	0.00415	0.00791	0.00810	0.01101	0.01765	0.14437	0.01987	0.52683	0.19555	0.00536	0.00674	0.00818	0.00332	0.00365
12	0.01563	0.57474	0.02342	0.01030	0.01421	0.25986	0.00927	0.01720	0.01187	0.01240	0.00749	0.00867	0.00669	0.00474	0.00376	0.00118	0.00675	0.00296	0.00237	0.00648
13	0.01124	0.05220	0.01544	0.35933	0.15214	0.01035	0.04164	0.01391	0.01108	0.08830	0.01441	0.17976	0.01346	0.00746	0.00544	0.00174	0.00576	0.00676	0.00329	0.00627
14	0.02121	0.01075	0.01310	0.01011	0.01404	0.01060	0.00832	0.29410	0.01838	0.47271	0.05823	0.01696	0.01336	0.00660	0.00528	0.00160	0.00480	0.00526	0.00596	0.00865
15	0.00637	0.00455	0.00607	0.00723	0.00756	0.00425	0.00484	0.00732	0.01010	0.01350	0.04873	0.79298	0.03483	0.01616	0.00663	0.00210	0.00301	0.01466	0.00486	0.00425
16	0.01048	0.01047	0.02028	0.13528	0.09957	0.01032	0.35796	0.01371	0.01143	0.01566	0.01564	0.16436	0.04196	0.00719	0.00584	0.00176	0.00653	0.00747	0.05788	0.00620
17	0.01956	0.02021	0.01454	0.01254	0.01571	0.49965	0.00970	0.19294	0.05756	0.09219	0.01097	0.01144	0.00828	0.00576	0.00490	0.00144	0.00779	0.00398	0.00376	0.00707
18	0.00665	0.00493	0.00622	0.00675	0.00760	0.00450	0.00478	0.00811	0.01172	0.01563	0.24554	0.43512	0.17688	0.01409	0.00643	0.00192	0.00283	0.03075	0.00509	0.00447
19	0.01475	0.06123	0.01148	0.00823	0.01172	0.00836	0.00666	0.04874	0.04497	0.25076	0.01467	0.01605	0.01118	0.05580	0.06397	0.00198	0.00492	0.00452	0.08076	0.27926
20	0.00645	0.00506	0.00584	0.00613	0.00734	0.00445	0.00441	0.00786	0.01184	0.01516	0.18775	0.28348	0.40837	0.01366	0.00630	0.00184	0.00272	0.01186	0.00501	0.00445
21	0.01470	0.01699	0.09167	0.01190	0.01524	0.25448	0.00992	0.02442	0.46297	0.01846	0.01594	0.01548	0.01212	0.00633	0.00508	0.00162	0.00611	0.00490	0.00418	0.00751
22	0.01278	0.01408	0.02975	0.02130	0.02650	0.01336	0.71647	0.06546	0.01308	0.01773	0.01066	0.01395	0.00796	0.00451	0.00608	0.00174	0.00858	0.00605	0.00280	0.00714
23	0.01147	0.01163	0.01728	0.01442	0.01489	0.01570	0.07942	0.01291	0.00836	0.01291	0.00717	0.01163	0.00693	0.00869	0.01610	0.00223	0.73541	0.00470	0.00231	0.00582
24	0.01295	0.22337	0.27451	0.01250	0.01669	0.07268	0.01300	0.03793	0.01099	0.04440	0.00908	0.01182	0.00759	0.00622	0.00760	0.00166	0.20491	0.02269	0.00258	0.00683
25	0.01078	0.23614	0.01607	0.02898	0.09062	0.01124	0.05517	0.01299	0.03353	0.04807	0.02040	0.23195	0.09569	0.00946	0.00567	0.00170	0.02663	0.05526	0.00369	0.00595
26	0.00641	0.00502	0.00580	0.00617	0.00733	0.00442	0.00441	0.00776	0.01164	0.01484	0.15569	0.31735	0.40685	0.01390	0.00633	0.00187	0.00275	0.01209	0.00497	0.00442
27	0.00905	0.00452	0.00678	0.00678	0.00678	0.00452	0.00452	0.00678	0.00678	0.00905	0.00905	0.01583	0.00905	0.01809	0.02035	0.84848	0.00452	0.00452	0.00226	0.00226
28	0.01283	0.13195	0.31107	0.04766	0.03754	0.13152	0.03218	0.05621	0.01214	0.01601	0.00919	0.01099	0.00721	0.00593	0.02978	0.00161	0.00713	0.00372	0.00261	0.13270
29	0.03331	0.03195	0.13473	0.12574	0.03275	0.01037	0.06570	0.06255	0.01108	0.05701	0.01177	0.01529	0.00956	0.01538	0.23772	0.00361	0.05707	0.00481	0.05286	0.02673
30	0.00894	0.00793	0.01432	0.01200	0.01420	0.00817	0.21693	0.01156	0.01003	0.01408	0.01566	0.02323	0.03732	0.02482	0.44206	0.00544	0.01078	0.07720	0.04003	0.00532
31	0.00724	0.00500	0.00649	0.00738	0.00815	0.00463	0.00531	0.00845	0.01070	0.04261	0.03163	0.57082	0.13838	0.01524	0.00660	0.00209	0.00327	0.11662	0.00489	0.00451
32	0.01191	0.15101	0.17362	0.05342	0.26090	0.02556	0.10651	0.01550	0.02430	0.01564	0.01088	0.07079	0.00957	0.00554	0.00498	0.00154	0.00642	0.00504	0.00268	0.04420
33	0.00752	0.00524	0.00667	0.00667	0.00701	0.00559	0.00439	0.00821	0.00787	0.01083	0.01550	0.02907	0.01676	0.53062	0.30989	0.00627	0.00833	0.00684	0.00302	0.00371
34	0.00959	0.00892	0.00819	0.00772	0.00925	0.14288	0.00572	0.03368	0.01394	0.01774	0.42285	0.08794	0.15460	0.04580	0.00679	0.00179	0.00394	0.00876	0.00487	0.00502
35	0.01251	0.03796	0.12970	0.05534	0.33524	0.04934	0.03430	0.06437	0.06212	0.01744	0.01288	0.01912	0.01134	0.00646	0.00567	0.00170	0.02610	0.10788	0.00315	0.00737
36	0.01357	0.03801	0.33836	0.01922	0.26134	0.02599	0.01550	0.07027	0.01256	0.10149	0.01074	0.01236	0.00798	0.00530	0.00560	0.00162	0.04484	0.00431	0.00301	0.00793
37	0.00992	0.00661	0.00796	0.00791	0.04276	0.00621	0.00576	0.05191	0.03189	0.09621	0.21063	0.03696	0.28893	0.03410	0.00637	0.00178	0.00333	0.05950	0.08574	0.00551
38	0.18689	0.21660	0.03029	0.08473	0.10254	0.18860	0.03451	0.01727	0.01166	0.07019	0.00897	0.01051	0.00715	0.00497	0.00424	0.00144	0.00636	0.00359	0.00289	0.00660
39	0.01099	0.00985	0.00905	0.00833	0.01028	0.13690	0.00627	0.11966	0.01426	0.01819	0.17986	0.18895	0.16503	0.01023	0.00564	0.00164	0.00428	0.00861	0.04950	0.04249
40	0.01029	0.00857	0.01236	0.01490	0.24876	0.00775	0.00868	0.01251	0.01156	0.03603	0.13134	0.16613	0.01971	0.03784	0.00600	0.00157	0.00427	0.00693	0.00374	0.25106
41	0.00955	0.01407	0.28186	0.01008	0.01431	0.00828	0.01039	0.05253	0.01176	0.01688	0.07368	0.20421	0.06706	0.00840	0.00528	0.00156	0.00492	0.00717	0.00361	0.19438
42	0.00851	0.00694	0.00779	0.00780	0.00948	0.00710	0.00589	0.01394	0.24184	0.01678	0.08271	0.22610	0.26020	0.01203	0.00610	0.00189	0.00334	0.07094	0.00503	0.00558
43	0.18959	0.01513	0.01216	0.01047	0.01363	0.25381	0.00823	0.14502	0.13087	0.10847	0.01253	0.01273	0.00931	0.00582	0.00458	0.00152	0.00594	0.00415	0.04902	0.00702
44	0.00806	0.00674	0.01013	0.06483	0.10235	0.00688	0.03553	0.01018	0.01104	0.01500	0.15985	0.10385	0.16866	0.01913	0.24981	0.00378	0.00707	0.00804	0.00385	0.00520
45	0.01520	0.01604	0.25266	0.13246	0.01952	0.06191	0.01239	0.13407	0.01411	0.19090	0.01297	0.01388	0.00906	0.00566	0.00495	0.00158	0.00615	0.00447	0.08457	0.00746
46	0.00716	0.00529	0.00715	0.00712	0.00817	0.00527	0.00533	0.00914	0.01191	0.01664	0.38933	0.14229	0.08648	0.02038	0.25002	0.00379	0.00609	0.00910	0.00464	0.00470
47	0.00776	0.00587	0.00732	0.00727	0.00846	0.00600	0.00539	0.06054	0.01089	0.01445	0.05896	0.17237	0.22406	0.09580	0.28567	0.00443	0.00711	0.00896	0.00403	0.00467
48	0.01118	0.01054	0.01766	0.41003	0.36500	0.01159	0.01465	0.01441	0.01111	0.01515	0.01003	0.01465	0.00823	0.00518	0.00519	0.00164	0.00643	0.02653	0.00253	0.03828
49	0.00983	0.00926	0.01562	0.80447	0.03587	0.01157	0.01446	0.01331	0.01041	0.01331	0.00926	0.01388	0.00694	0.00521	0.00521	0.00174	0.00694	0.00463	0.00231	0.00579
50	0.00796	0.00516	0.00694	0.00707	0.00779	0.00558	0.00517	0.00923	0.00881	0.01320	0.01590	0.10251	0.01559	0.11848	0.38845	0.08643	0.00852	0.00650	0.17647	0.00425
51	0.00666	0.00521	0.00604	0.00602	0.00739	0.00458	0.00444	0.00839	0.01279	0.01671	0.34209	0.13653	0.39942	0.01254	0.00621	0.00175	0.00261	0.01081	0.00520	0.00458
52	0.01066	0.00970	0.01535	0.01302	0.01584	0.00995	0.21746	0.01728	0.24737	0.01759	0.02179	0.08599	0.04433	0.00946	0.00625	0.00199	0.00550	0.23971	0.00436	0.00642
53	0.00663	0.00512	0.00610	0.04122	0.00828	0.00475	0.00463	0.00766	0.01034	0.01307	0.03530	0.34709	0.32613	0.14788	0.00970	0.00245	0.00338	0.01165	0.00444	0.00419

[dist]
# distance from previous block
# <min> <max>
0	1

[block]
# block no. 7 follows, 47 sequences, length 13
# corresponding to MSA columns:
# 601-613
name=unknown_H
#
# <colnr> <probs for GDERKNQSTAVLIFYWHMCP>
#	G	D	E	R	K	N	Q	S	T	A	V	L	I	F	Y	W	H	M	C	P
0	0.00924	0.01036	0.11496	0.01351	0.13448	0.03116	0.03701	0.01172	0.00985	0.01380	0.01448	0.10833	0.01421	0.06321	0.33914	0.00472	0.02847	0.03270	0.00298	0.00566
1	0.01065	0.00915	0.01135	0.00976	0.08079	0.00723	0.00692	0.01305	0.01128	0.01736	0.08472	0.01373	0.01181	0.00459	0.00420	0.00093	0.00393	0.00384	0.00330	0.69143
2	0.01362	0.10319	0.47306	0.01372	0.01963	0.20766	0.01535	0.06598	0.01276	0.01620	0.00902	0.01044	0.00678	0.00509	0.00474	0.00151	0.00778	0.00368	0.00252	0.00726
3	0.09443	0.01218	0.04468	0.13789	0.12610	0.06139	0.10471	0.08234	0.06057	0.01729	0.01088	0.01425	0.00891	0.03057	0.10867	0.00264	0.06808	0.00481	0.00303	0.00657
4	0.07253	0.00769	0.01001	0.19210	0.07763	0.00813	0.00804	0.01239	0.08361	0.01668	0.15277	0.03088	0.28974	0.00903	0.00555	0.00171	0.00413	0.00766	0.00414	0.00557
5	0.08518	0.12399	0.36042	0.08830	0.01795	0.01138	0.01270	0.01403	0.01111	0.01617	0.07281	0.01900	0.13334	0.00663	0.00489	0.00160	0.00582	0.00524	0.00299	0.00646
6	0.01114	0.10087	0.13430	0.01005	0.01287	0.01086	0.00925	0.08034	0.08619	0.04525	0.06948	0.11014	0.05909	0.07053	0.03065	0.00221	0.09176	0.05497	0.00387	0.00620
7	0.00701	0.00497	0.00654	0.00706	0.00744	0.00508	0.00476	0.00789	0.00882	0.01200	0.02106	0.36659	0.02406	0.26715	0.22043	0.00466	0.00652	0.01017	0.00378	0.00401
8	0.04719	0.00584	0.00705	0.00673	0.00808	0.00579	0.00494	0.01009	0.01024	0.08091	0.08158	0.03267	0.23666	0.20662	0.22840	0.00432	0.00652	0.00771	0.00401	0.00466
9	0.01422	0.10809	0.12138	0.04257	0.08476	0.15456	0.10567	0.08372	0.03163	0.07430	0.01303	0.11848	0.01154	0.00667	0.00517	0.00159	0.00661	0.00571	0.00339	0.00692
10	0.01017	0.00901	0.07946	0.00958	0.01100	0.00882	0.00807	0.01180	0.00926	0.08813	0.01524	0.05461	0.03518	0.19742	0.21204	0.00429	0.19444	0.03296	0.00327	0.00522
11	0.00660	0.00478	0.00659	0.00751	0.00796	0.00476	0.00522	0.00773	0.00960	0.01301	0.02526	0.62862	0.02945	0.02162	0.19081	0.00357	0.00557	0.01265	0.00436	0.00433
12	0.01037	0.00929	0.01478	0.05740	0.22153	0.00917	0.11216	0.07772	0.01301	0.01755	0.11800	0.15028	0.14899	0.00885	0.00583	0.00172	0.00496	0.00815	0.00394	0.00629

[dist]
# distance from previous block
# <min> <max>
3	5

[block]
# block no. 8 follows, 47 sequences, length 17
# corresponding to MSA columns:
# 620-636
name=unknown_I
#
# <colnr> <probs for GDERKNQSTAVLIFYWHMCP>
#	G	D	E	R	K	N	Q	S	T	A	V	L	I	F	Y	W	H	M	C	P
0	0.01075	0.03413	0.01500	0.25435	0.02127	0.03412	0.10891	0.06938	0.01235	0.01599	0.01664	0.03080	0.01616	0.00945	0.02173	0.00209	0.02660	0.29093	0.00354	0.00581
1	0.00838	0.00683	0.03865	0.00861	0.00966	0.00734	0.00699	0.01004	0.00860	0.01293	0.01298	0.01863	0.01183	0.02888	0.52368	0.07742	0.09423	0.00523	0.10437	0.00470
2	0.01277	0.33369	0.14535	0.05328	0.25916	0.01559	0.01299	0.01677	0.07547	0.01528	0.00965	0.01139	0.00795	0.00485	0.00442	0.00142	0.00604	0.00388	0.00260	0.00743
3	0.01184	0.11687	0.37921	0.01416	0.01880	0.06558	0.06339	0.01556	0.01042	0.01463	0.00837	0.01088	0.00677	0.00606	0.00826	0.00175	0.23427	0.00404	0.00228	0.00686
4	0.09169	0.00848	0.01083	0.00853	0.01215	0.00765	0.00700	0.02292	0.01391	0.63041	0.01899	0.01715	0.01234	0.00626	0.00487	0.00156	0.00415	0.00499	0.10800	0.00810
5	0.01232	0.00635	0.00811	0.00773	0.00962	0.00582	0.00599	0.03034	0.01235	0.24516	0.02742	0.27864	0.11717	0.01136	0.00586	0.00184	0.00361	0.10287	0.10155	0.00587
6	0.01386	0.11131	0.03982	0.08515	0.14291	0.10596	0.06700	0.18110	0.01491	0.01911	0.07003	0.01734	0.08105	0.00634	0.00510	0.00153	0.00603	0.00529	0.01919	0.00695
7	0.01055	0.00949	0.01443	0.05170	0.07097	0.00997	0.15315	0.01691	0.24089	0.01828	0.14992	0.11084	0.03529	0.00878	0.02351	0.00190	0.02284	0.00742	0.03665	0.00652
8	0.00671	0.00469	0.00593	0.00678	0.00699	0.00448	0.00433	0.00735	0.00925	0.01234	0.02501	0.57977	0.02979	0.25648	0.01260	0.00299	0.00363	0.01264	0.00433	0.00391
9	0.01195	0.00664	0.00795	0.00712	0.00876	0.00649	0.00521	0.07613	0.01188	0.17304	0.05757	0.07444	0.07331	0.25323	0.07076	0.00312	0.00481	0.00706	0.13512	0.00541
10	0.04360	0.08267	0.21695	0.03425	0.04879	0.01033	0.07447	0.01443	0.01039	0.09072	0.01215	0.01620	0.01014	0.07615	0.23215	0.00378	0.00864	0.00488	0.00296	0.00635
11	0.00667	0.00511	0.00615	0.00657	0.00770	0.00459	0.00484	0.00818	0.01185	0.01535	0.19168	0.29591	0.32194	0.01379	0.00641	0.00191	0.00292	0.07894	0.00501	0.00448
12	0.00842	0.00519	0.00662	0.00689	0.00791	0.00478	0.00489	0.00989	0.01160	0.08595	0.18990	0.42819	0.08978	0.03607	0.00669	0.00195	0.00301	0.01144	0.07601	0.00483
13	0.01641	0.04328	0.03625	0.01166	0.01446	0.37314	0.00917	0.22108	0.01618	0.01842	0.01352	0.17558	0.01299	0.00782	0.00520	0.00156	0.00691	0.00607	0.00379	0.00650
14	0.01373	0.36279	0.05637	0.01071	0.06868	0.06536	0.00895	0.12744	0.01318	0.01724	0.01279	0.01392	0.05542	0.00563	0.00414	0.00131	0.00528	0.00414	0.14623	0.00668
15	0.05018	0.27506	0.17622	0.01366	0.10896	0.01539	0.01193	0.11233	0.01239	0.03868	0.00908	0.01068	0.00733	0.00533	0.00563	0.00147	0.08910	0.00374	0.00286	0.04999
16	0.01437	0.14386	0.22273	0.01337	0.06117	0.15691	0.01223	0.10266	0.18757	0.01819	0.01186	0.01249	0.00910	0.00556	0.00477	0.00152	0.00655	0.00420	0.00335	0.00752

[dist]
# distance from previous block
# <min> <max>
4	12

[block]
# block no. 9 follows, 47 sequences, length 7
# corresponding to MSA columns:
# 649-655
name=unknown_J
#
# <colnr> <probs for GDERKNQSTAVLIFYWHMCP>
#	G	D	E	R	K	N	Q	S	T	A	V	L	I	F	Y	W	H	M	C	P
0	0.01231	0.01253	0.05840	0.11280	0.28825	0.07517	0.08213	0.07592	0.01255	0.01668	0.05924	0.01702	0.03713	0.05543	0.00756	0.05557	0.00630	0.00531	0.00304	0.00666
1	0.01566	0.01239	0.01334	0.01074	0.01451	0.01340	0.00864	0.35587	0.31433	0.02593	0.01535	0.01492	0.01141	0.00618	0.00502	0.00151	0.00480	0.00489	0.00490	0.14621
2	0.01045	0.00950	0.01580	0.12661	0.26200	0.00967	0.11209	0.04400	0.01131	0.01533	0.01643	0.14954	0.05760	0.12629	0.00873	0.00222	0.00573	0.00730	0.00324	0.00615
3	0.00928	0.01081	0.12631	0.19142	0.01823	0.01053	0.01125	0.01197	0.00913	0.01311	0.01066	0.01560	0.00935	0.01985	0.33095	0.00455	0.18404	0.00489	0.00248	0.00558
4	0.27431	0.36484	0.11139	0.01043	0.01490	0.04531	0.08414	0.01592	0.01042	0.01666	0.00785	0.00930	0.00647	0.00466	0.00382	0.00140	0.00580	0.00328	0.00259	0.00649
5	0.00775	0.13835	0.00970	0.00753	0.00874	0.00715	0.00572	0.00896	0.01031	0.01329	0.02679	0.52234	0.10195	0.01499	0.04251	0.00222	0.00402	0.05867	0.00431	0.00470
6	0.00891	0.00611	0.00942	0.01101	0.12174	0.00646	0.00687	0.00914	0.00818	0.01144	0.01147	0.01828	0.01105	0.07335	0.31357	0.35281	0.00838	0.00513	0.00256	0.00410

[dist]
# distance from previous block
# <min> <max>
1	39

[block]
# block no. 10 follows, 47 sequences, length 9
# corresponding to MSA columns:
# 695-703
name=unknown_K
#
# <colnr> <probs for GDERKNQSTAVLIFYWHMCP>
#	G	D	E	R	K	N	Q	S	T	A	V	L	I	F	Y	W	H	M	C	P
0	0.01205	0.22959	0.48557	0.01321	0.01956	0.01460	0.04231	0.05901	0.04795	0.01657	0.00959	0.01091	0.00723	0.00497	0.00461	0.00152	0.00691	0.00380	0.00254	0.00750
1	0.00643	0.00489	0.00596	0.00676	0.00762	0.00442	0.00480	0.00759	0.01076	0.01372	0.03674	0.50002	0.28667	0.01512	0.00652	0.00202	0.00302	0.06779	0.00483	0.00433
2	0.00834	0.00502	0.00556	0.00562	0.00653	0.00500	0.00395	0.00991	0.00990	0.01539	0.02150	0.06373	0.11150	0.20575	0.10057	0.00306	0.00443	0.00682	0.40308	0.00434
3	0.04589	0.13473	0.10912	0.03456	0.13748	0.15489	0.12228	0.01560	0.01163	0.01499	0.05298	0.01482	0.01063	0.08286	0.00736	0.00186	0.03440	0.00474	0.00275	0.00645
4	0.00634	0.00453	0.00604	0.00725	0.00755	0.00423	0.00483	0.00725	0.00997	0.01329	0.02870	0.81358	0.03444	0.01632	0.00665	0.00211	0.00302	0.01480	0.00483	0.00423
5	0.00670	0.00515	0.00597	0.00603	0.00722	0.00459	0.00432	0.00818	0.01205	0.01570	0.27360	0.16894	0.35856	0.08969	0.00817	0.00209	0.00287	0.01079	0.00496	0.00441
6	0.01470	0.01226	0.01214	0.15015	0.01670	0.16610	0.00891	0.14733	0.08724	0.09722	0.01530	0.11408	0.01295	0.00722	0.00509	0.00160	0.00562	0.00587	0.11294	0.00660
7	0.01582	0.11707	0.05335	0.03006	0.03339	0.01274	0.08148	0.24598	0.05175	0.15564	0.06647	0.04531	0.01326	0.00809	0.04431	0.00191	0.00591	0.00543	0.00443	0.00758
8	0.01171	0.01096	0.01379	0.11950	0.10404	0.06248	0.01026	0.09826	0.04232	0.01651	0.05761	0.02035	0.13971	0.00886	0.02650	0.00198	0.23962	0.00592	0.00342	0.00620

[dist]
# distance from previous block
# <min> <max>
8	50

[block]
# block no. 11 follows, 47 sequences, length 6
# corresponding to MSA columns:
# 765-770
name=unknown_L
#
# <colnr> <probs for GDERKNQSTAVLIFYWHMCP>
#	G	D	E	R	K	N	Q	S	T	A	V	L	I	F	Y	W	H	M	C	P
0	0.01217	0.14922	0.22548	0.13291	0.03929	0.01248	0.04955	0.01619	0.04991	0.09306	0.08373	0.01594	0.03205	0.00615	0.00578	0.00162	0.05942	0.00492	0.00324	0.00688
1	0.01010	0.14223	0.01126	0.00796	0.01009	0.08662	0.00630	0.03671	0.07933	0.01639	0.20427	0.15090	0.19814	0.01011	0.00552	0.00163	0.00403	0.00846	0.00446	0.00551
2	0.00841	0.00949	0.10071	0.01046	0.01300	0.00751	0.13203	0.01194	0.08658	0.01522	0.02782	0.34952	0.18312	0.01147	0.00613	0.00189	0.00454	0.01043	0.00421	0.00552
3	0.01085	0.01036	0.01759	0.33368	0.24627	0.01164	0.08702	0.01368	0.01045	0.01427	0.01012	0.01569	0.00878	0.09874	0.00891	0.00212	0.08589	0.00511	0.00252	0.00631
4	0.01335	0.01682	0.20351	0.02198	0.36151	0.07240	0.05190	0.10617	0.03662	0.01844	0.01098	0.04272	0.00902	0.00547	0.00519	0.00160	0.00668	0.00486	0.00298	0.00781
5	0.37446	0.01307	0.00943	0.00873	0.01130	0.23766	0.00684	0.01516	0.01171	0.01845	0.09009	0.01986	0.10120	0.00716	0.00454	0.00160	0.00532	0.05434	0.00360	0.00548

[dist]
# distance from previous block
# <min> <max>
0	2

[block]
# block no. 12 follows, 47 sequences, length 63
# corresponding to MSA columns:
# 773-835
name=unknown_M
#
# <colnr> <probs for GDERKNQSTAVLIFYWHMCP>
#	G	D	E	R	K	N	Q	S	T	A	V	L	I	F	Y	W	H	M	C	P
0	0.05303	0.00662	0.00766	0.00860	0.08322	0.00620	0.00568	0.02917	0.03958	0.01617	0.10884	0.10505	0.48828	0.01154	0.00589	0.00174	0.00321	0.00977	0.00464	0.00512
1	0.08958	0.07800	0.01241	0.00901	0.01201	0.02930	0.00715	0.24955	0.01496	0.15889	0.01430	0.05007	0.01228	0.18534	0.00956	0.00228	0.00506	0.00540	0.00437	0.05048
2	0.01108	0.01067	0.01812	0.21587	0.42746	0.01103	0.07022	0.01410	0.01154	0.01564	0.01619	0.01883	0.12458	0.00605	0.00539	0.00164	0.00603	0.00571	0.00286	0.00697
3	0.00979	0.00900	0.00892	0.07853	0.01121	0.14304	0.00633	0.01087	0.00930	0.01142	0.01361	0.02405	0.01403	0.37797	0.24507	0.00508	0.00856	0.00600	0.00289	0.00432
4	0.01284	0.01174	0.07771	0.13043	0.01731	0.01192	0.01013	0.23680	0.17493	0.02077	0.01396	0.01612	0.01095	0.01474	0.21226	0.00342	0.00789	0.00509	0.00391	0.00707
5	0.01168	0.36073	0.22104	0.01031	0.01461	0.01420	0.01073	0.07044	0.01159	0.01515	0.01322	0.19809	0.01333	0.00750	0.00468	0.00152	0.00554	0.00602	0.00306	0.00654
6	0.01550	0.01530	0.05693	0.01429	0.01821	0.17077	0.23036	0.12053	0.12945	0.08547	0.01325	0.01432	0.00981	0.00559	0.00525	0.00158	0.00683	0.00504	0.07425	0.00726
7	0.00856	0.00557	0.00695	0.00646	0.00782	0.00509	0.00474	0.01045	0.01326	0.08246	0.49721	0.03803	0.14766	0.13219	0.00914	0.00217	0.00304	0.00902	0.00527	0.00490
8	0.32707	0.01030	0.01061	0.00890	0.01236	0.01110	0.00722	0.07222	0.21227	0.25425	0.01526	0.01440	0.01073	0.00600	0.00451	0.00165	0.00429	0.00448	0.00487	0.00751
9	0.01539	0.08253	0.13407	0.07086	0.06679	0.01421	0.06634	0.34289	0.05473	0.04547	0.04712	0.01387	0.01040	0.00584	0.00513	0.00158	0.00608	0.00479	0.00401	0.00790
10	0.00644	0.00489	0.00593	0.00651	0.00742	0.00439	0.00456	0.00771	0.01130	0.01469	0.14997	0.45028	0.27819	0.01445	0.00641	0.00193	0.00281	0.01276	0.00497	0.00439
11	0.00837	0.00492	0.00723	0.00716	0.00759	0.00510	0.00510	0.00790	0.00840	0.01163	0.12679	0.02052	0.01613	0.02246	0.22130	0.50098	0.00668	0.00554	0.00292	0.00329
12	0.00845	0.00553	0.00598	0.00589	0.00734	0.00544	0.00444	0.01138	0.06715	0.01741	0.09147	0.04846	0.23966	0.01158	0.07109	0.00207	0.00359	0.00738	0.38074	0.00494
13	0.07572	0.00925	0.01127	0.01205	0.12747	0.00953	0.00799	0.19352	0.04951	0.07012	0.02336	0.22865	0.14077	0.00971	0.00559	0.00175	0.00430	0.00830	0.00459	0.00656
14	0.00650	0.00465	0.00618	0.00715	0.00759	0.00433	0.00485	0.00764	0.01069	0.01444	0.14220	0.69682	0.03666	0.01546	0.00657	0.00204	0.00294	0.01399	0.00497	0.00433
15	0.02204	0.00882	0.01166	0.00904	0.01284	0.00786	0.00743	0.06277	0.01507	0.68458	0.01983	0.01760	0.01272	0.00640	0.00510	0.00158	0.00433	0.00518	0.07662	0.00853
16	0.11757	0.14878	0.15676	0.01209	0.01642	0.21924	0.05135	0.16254	0.01433	0.01891	0.00930	0.01053	0.00722	0.00522	0.00449	0.00145	0.00688	0.00374	0.02621	0.00696
17	0.01072	0.01053	0.01021	0.00929	0.01094	0.14486	0.00728	0.06689	0.02382	0.01486	0.04349	0.02747	0.28773	0.01527	0.15395	0.00298	0.14366	0.00699	0.00370	0.00535
18	0.00773	0.00562	0.00739	0.00726	0.00766	0.00627	0.00504	0.00858	0.00793	0.01108	0.01483	0.02704	0.01575	0.44159	0.35343	0.00631	0.05304	0.00656	0.00295	0.00393
19	0.00938	0.00639	0.00787	0.00759	0.00933	0.00606	0.00607	0.06751	0.01392	0.07491	0.27805	0.07674	0.21943	0.01176	0.00628	0.00186	0.00347	0.18283	0.00527	0.00532
20	0.01035	0.00820	0.01309	0.24661	0.17846	0.00897	0.01062	0.01288	0.01071	0.07246	0.05196	0.09406	0.02693	0.01550	0.21245	0.00345	0.00776	0.00624	0.00326	0.00602
21	0.04780	0.05935	0.16975	0.13890	0.01738	0.00915	0.07334	0.01195	0.01066	0.01490	0.03453	0.30456	0.03984	0.00971	0.00567	0.00184	0.00532	0.03618	0.00350	0.00567
22	0.66581	0.01100	0.00886	0.00771	0.01101	0.07012	0.00628	0.01724	0.01022	0.13783	0.00931	0.00993	0.00681	0.00512	0.00364	0.00159	0.00449	0.00322	0.00367	0.00616
23	0.01215	0.12584	0.11713	0.22158	0.02371	0.12489	0.19784	0.01540	0.01156	0.01431	0.01081	0.08102	0.00943	0.00585	0.00520	0.00162	0.00731	0.00534	0.00264	0.00636
24	0.00792	0.00471	0.00651	0.00697	0.00724	0.00457	0.00477	0.00731	0.00845	0.01115	0.01918	0.26514	0.05883	0.07716	0.01496	0.42222	0.00403	0.06221	0.00343	0.00322
