[name]
unknown

[dist]
# distance from previous block
# <min> <max>
0	42

[block]
# block no. 0 follows, 43 sequences, length 27
# corresponding to MSA columns:
# 155-181
name=unknown_A
#
# <colnr> <probs for GDERKNQSTAVLIFYWHMCP>
#	G	D	E	R	K	N	Q	S	T	A	V	L	I	F	Y	W	H	M	C	P
0	0.00817	0.00567	0.00760	0.00874	0.00967	0.00553	0.00698	0.01010	0.01185	0.01597	0.02949	0.33441	0.05034	0.01530	0.00709	0.00232	0.00413	0.38739	0.07437	0.00487
1	0.01249	0.01288	0.08012	0.08296	0.34779	0.02708	0.02821	0.09631	0.01395	0.01885	0.02108	0.02259	0.17969	0.00729	0.00569	0.00172	0.00591	0.00640	0.02148	0.00751
2	0.07579	0.28984	0.11312	0.13551	0.14643	0.09013	0.01288	0.04769	0.01242	0.01644	0.00908	0.01124	0.00744	0.00516	0.00460	0.00152	0.00681	0.00388	0.00270	0.00732
3	0.01520	0.01747	0.06161	0.01383	0.01714	0.30278	0.15063	0.05621	0.01400	0.04340	0.01703	0.01989	0.10856	0.07478	0.03721	0.00225	0.03225	0.00588	0.00343	0.00644
4	0.17190	0.01454	0.01802	0.02317	0.41359	0.10526	0.01316	0.11342	0.01399	0.02086	0.00996	0.01227	0.00809	0.00545	0.00548	0.00166	0.03357	0.00441	0.00324	0.00796
5	0.04439	0.00655	0.00831	0.00976	0.07180	0.00661	0.00605	0.01093	0.07598	0.01517	0.04932	0.42200	0.02780	0.20558	0.01175	0.00288	0.00414	0.01140	0.00451	0.00504
6	0.01993	0.13654	0.10410	0.01210	0.01669	0.14959	0.01090	0.23609	0.01764	0.22315	0.01352	0.01335	0.00954	0.00609	0.00512	0.00157	0.00662	0.00449	0.00458	0.00841
7	0.01620	0.29391	0.02349	0.01626	0.12088	0.19630	0.10778	0.07977	0.04120	0.01666	0.00973	0.01149	0.00807	0.00539	0.00523	0.00150	0.03153	0.00419	0.00297	0.00744
8	0.01077	0.00985	0.00881	0.00885	0.00998	0.17159	0.00623	0.01201	0.01220	0.04080	0.13752	0.33917	0.02855	0.13759	0.03811	0.00271	0.00538	0.01034	0.00450	0.00503
9	0.66622	0.01044	0.00865	0.00778	0.01099	0.01200	0.00630	0.01751	0.10812	0.02441	0.07300	0.01322	0.01128	0.00597	0.00397	0.00174	0.00416	0.00401	0.00394	0.00630
10	0.00788	0.00532	0.00620	0.00637	0.00645	0.00531	0.00372	0.00808	0.00842	0.01126	0.01906	0.13572	0.02205	0.67364	0.05387	0.00509	0.00544	0.00898	0.00357	0.00356
11	0.05457	0.05345	0.06641	0.11286	0.04152	0.50318	0.01185	0.06368	0.01492	0.01577	0.00908	0.01092	0.00729	0.00563	0.00500	0.00152	0.00880	0.00385	0.00293	0.00676
12	0.00795	0.00577	0.00809	0.00809	0.00880	0.00648	0.00592	0.00937	0.00866	0.01226	0.01557	0.02585	0.01562	0.25721	0.57017	0.00790	0.01216	0.00653	0.00308	0.00450
13	0.02069	0.02640	0.01569	0.01427	0.01712	0.78313	0.01070	0.02212	0.01569	0.01355	0.00856	0.00999	0.00713	0.00571	0.00499	0.00143	0.00999	0.00357	0.00285	0.00642
14	0.00784	0.00566	0.00740	0.00697	0.00827	0.00523	0.00523	0.01045	0.01568	0.02221	0.76789	0.04137	0.05226	0.01132	0.00653	0.00174	0.00261	0.01002	0.00610	0.00523
15	0.00686	0.00553	0.00611	0.00616	0.00772	0.00478	0.00455	0.00847	0.01305	0.01646	0.21030	0.14110	0.52184	0.01383	0.00661	0.00189	0.00281	0.01181	0.00535	0.00478
16	0.02041	0.01218	0.01402	0.01123	0.01523	0.01279	0.00912	0.27142	0.23205	0.31144	0.01917	0.01750	0.01318	0.00697	0.00558	0.00174	0.00508	0.00557	0.00606	0.00923
17	0.00667	0.00562	0.00578	0.00574	0.00755	0.00473	0.00430	0.00818	0.01291	0.01563	0.12187	0.05220	0.70239	0.01378	0.00654	0.00186	0.00279	0.01153	0.00523	0.00473
18	0.00675	0.00482	0.00643	0.00771	0.00803	0.00450	0.00514	0.00771	0.01060	0.01414	0.03053	0.80175	0.03663	0.01735	0.00707	0.00225	0.00321	0.01574	0.00514	0.00450
19	0.84448	0.01071	0.00814	0.00728	0.01071	0.01242	0.00600	0.01628	0.00943	0.02485	0.00771	0.00900	0.00600	0.00514	0.00343	0.00171	0.00428	0.00300	0.00343	0.00600
20	0.01834	0.01290	0.01373	0.01083	0.01447	0.01414	0.00885	0.56551	0.02239	0.03130	0.01450	0.01515	0.01063	0.00660	0.00512	0.00157	0.00521	0.00503	0.21540	0.00834
21	0.01307	0.01494	0.03268	0.02334	0.02894	0.01401	0.75070	0.01774	0.01307	0.01774	0.01120	0.01494	0.00840	0.00467	0.00654	0.00187	0.00934	0.00654	0.00280	0.00747
22	0.02105	0.01551	0.01662	0.01274	0.01717	0.01717	0.01053	0.75235	0.02604	0.03490	0.01330	0.01330	0.00942	0.00665	0.00554	0.00166	0.00609	0.00499	0.00554	0.00942
23	0.01950	0.01474	0.01574	0.01243	0.01658	0.01645	0.01015	0.59765	0.18328	0.03239	0.01528	0.01487	0.01102	0.00683	0.00556	0.00171	0.00573	0.00526	0.00556	0.00928
24	0.84448	0.01071	0.00814	0.00728	0.01071	0.01242	0.00600	0.01628	0.00943	0.02485	0.00771	0.00900	0.00600	0.00514	0.00343	0.00171	0.00428	0.00300	0.00343	0.00600
25	0.01371	0.01316	0.02248	0.03399	0.77081	0.01316	0.01700	0.01700	0.01261	0.01809	0.01042	0.01371	0.00877	0.00493	0.00548	0.00164	0.00658	0.00493	0.00274	0.00877
26	0.02105	0.01551	0.01662	0.01274	0.01717	0.01717	0.01053	0.75235	0.02604	0.03490	0.01330	0.01330	0.00942	0.00665	0.00554	0.00166	0.00609	0.00499	0.00554	0.00942

[dist]
# distance from previous block
# <min> <max>
0	12

[block]
# block no. 1 follows, 43 sequences, length 17
# corresponding to MSA columns:
# 194-210
name=unknown_B
#
# <colnr> <probs for GDERKNQSTAVLIFYWHMCP>
#	G	D	E	R	K	N	Q	S	T	A	V	L	I	F	Y	W	H	M	C	P
0	0.01467	0.01230	0.01381	0.01186	0.01450	0.01457	0.00942	0.17954	0.41891	0.02309	0.01744	0.01849	0.01374	0.05724	0.00932	0.00215	0.15015	0.00584	0.00488	0.00807
1	0.00683	0.00485	0.00640	0.00761	0.00791	0.00455	0.00503	0.00773	0.01045	0.01393	0.02971	0.75425	0.03561	0.06625	0.00838	0.00244	0.00335	0.01527	0.00503	0.00443
2	0.00723	0.00516	0.00697	0.00826	0.00879	0.00491	0.00597	0.00854	0.01107	0.01467	0.03026	0.63963	0.03559	0.01690	0.00720	0.00232	0.00363	0.17315	0.00513	0.00463
3	0.02069	0.02640	0.01569	0.01427	0.01712	0.78313	0.01070	0.02212	0.01569	0.01355	0.00856	0.00999	0.00713	0.00571	0.00499	0.00143	0.00999	0.00357	0.00285	0.00642
4	0.02020	0.01606	0.01470	0.01219	0.01567	0.21896	0.00968	0.27357	0.06413	0.19628	0.01527	0.05837	0.01169	0.00723	0.00602	0.00169	0.03973	0.00542	0.00498	0.00816
5	0.00688	0.00492	0.00654	0.00762	0.00806	0.00458	0.00515	0.00804	0.01120	0.01509	0.11779	0.71176	0.03848	0.01664	0.00701	0.00219	0.00314	0.01507	0.00525	0.00458
6	0.00805	0.00537	0.00604	0.00604	0.00604	0.00537	0.00336	0.00805	0.00805	0.01074	0.01745	0.03624	0.02013	0.80536	0.02819	0.00537	0.00537	0.00805	0.00336	0.00336
7	0.36634	0.04285	0.01531	0.01764	0.26619	0.12467	0.01076	0.06348	0.01250	0.02116	0.00909	0.01098	0.00734	0.00523	0.00448	0.00163	0.00605	0.00385	0.00321	0.00724
8	0.01293	0.00915	0.00998	0.00914	0.01157	0.00992	0.00702	0.06676	0.35238	0.07672	0.02368	0.13378	0.05442	0.00890	0.00549	0.00178	0.00388	0.00751	0.18774	0.00726
9	0.01798	0.04204	0.01753	0.01539	0.09158	0.17816	0.03660	0.33421	0.01836	0.02360	0.01106	0.01269	0.00864	0.00660	0.00721	0.00170	0.12516	0.00466	0.03895	0.00790
10	0.00805	0.00537	0.00604	0.00604	0.00604	0.00537	0.00336	0.00805	0.00805	0.01074	0.01745	0.03624	0.02013	0.80536	0.02819	0.00537	0.00537	0.00805	0.00336	0.00336
11	0.01365	0.28531	0.06792	0.01969	0.12432	0.01652	0.36195	0.01724	0.01232	0.01618	0.00984	0.01255	0.00794	0.00476	0.00531	0.00160	0.00774	0.00498	0.00262	0.00756
12	0.00865	0.00651	0.00810	0.00755	0.00911	0.00639	0.00571	0.01303	0.11694	0.02234	0.66660	0.03856	0.04745	0.01080	0.00641	0.00176	0.00285	0.00951	0.00603	0.00571
13	0.00861	0.00615	0.00856	0.00984	0.01098	0.00610	0.00838	0.01093	0.01244	0.01622	0.02950	0.16888	0.03256	0.01559	0.00757	0.00251	0.00483	0.63022	0.00511	0.00501
14	0.01682	0.54157	0.02447	0.01111	0.01521	0.28184	0.00989	0.01847	0.01277	0.01321	0.00799	0.00926	0.00712	0.00507	0.00405	0.00127	0.00731	0.00317	0.00253	0.00687
15	0.01680	0.01248	0.01502	0.01489	0.12354	0.04990	0.01046	0.06990	0.30628	0.18867	0.01738	0.01716	0.01281	0.00714	0.00722	0.00184	0.10957	0.00552	0.00493	0.00848
16	0.01232	0.01074	0.01642	0.02087	0.35590	0.01075	0.04537	0.11404	0.01450	0.01988	0.09129	0.12431	0.08778	0.00871	0.00605	0.00181	0.00540	0.04240	0.00409	0.00735

[dist]
# distance from previous block
# <min> <max>
0	1

[block]
# block no. 2 follows, 43 sequences, length 17
# corresponding to MSA columns:
# 212-228
name=unknown_C
#
# <colnr> <probs for GDERKNQSTAVLIFYWHMCP>
#	G	D	E	R	K	N	Q	S	T	A	V	L	I	F	Y	W	H	M	C	P
0	0.01223	0.01064	0.01621	0.04043	0.16768	0.01134	0.09968	0.14436	0.01388	0.01904	0.01779	0.27664	0.01845	0.01014	0.00763	0.00199	0.09459	0.02637	0.00406	0.00684
1	0.84448	0.01071	0.00814	0.00728	0.01071	0.01242	0.00600	0.01628	0.00943	0.02485	0.00771	0.00900	0.00600	0.00514	0.00343	0.00171	0.00428	0.00300	0.00343	0.00600
2	0.01092	0.01036	0.01467	0.01293	0.01322	0.01410	0.01064	0.01235	0.00860	0.01319	0.00942	0.01486	0.00914	0.01876	0.23616	0.00427	0.57293	0.00516	0.00258	0.00574
3	0.01914	0.01367	0.01458	0.01139	0.01526	0.01503	0.00934	0.62062	0.02347	0.03236	0.01415	0.01461	0.01027	0.00661	0.00524	0.00160	0.00547	0.00502	0.15350	0.00866
4	0.01307	0.01494	0.03268	0.02334	0.02894	0.01401	0.75070	0.01774	0.01307	0.01774	0.01120	0.01494	0.00840	0.00467	0.00654	0.00187	0.00934	0.00654	0.00280	0.00747
5	0.01378	0.01190	0.01252	0.01127	0.01440	0.01378	0.00877	0.02943	0.76081	0.02317	0.02254	0.02066	0.01691	0.00751	0.00564	0.00188	0.00438	0.00626	0.00564	0.00877
6	0.01378	0.01190	0.01252	0.01127	0.01440	0.01378	0.00877	0.02943	0.76081	0.02317	0.02254	0.02066	0.01691	0.00751	0.00564	0.00188	0.00438	0.00626	0.00564	0.00877
7	0.01355	0.01360	0.02498	0.03138	0.58872	0.01337	0.19708	0.01718	0.01272	0.01801	0.01061	0.01401	0.00868	0.00487	0.00574	0.00170	0.00726	0.00533	0.00276	0.00845
8	0.84448	0.01071	0.00814	0.00728	0.01071	0.01242	0.00600	0.01628	0.00943	0.02485	0.00771	0.00900	0.00600	0.00514	0.00343	0.00171	0.00428	0.00300	0.00343	0.00600
9	0.00675	0.00501	0.00631	0.00728	0.00794	0.00456	0.00496	0.00787	0.01119	0.01462	0.06454	0.62704	0.17878	0.01647	0.00695	0.00216	0.00311	0.01473	0.00518	0.00456
10	0.00962	0.00481	0.00722	0.00722	0.00722	0.00481	0.00481	0.00722	0.00722	0.00962	0.00962	0.01684	0.00962	0.01924	0.02165	0.83886	0.00481	0.00481	0.00241	0.00241
11	0.12095	0.00623	0.00730	0.00759	0.00898	0.00601	0.00547	0.01107	0.01159	0.09402	0.08608	0.47658	0.10997	0.01382	0.00633	0.00204	0.00342	0.01212	0.00516	0.00528
12	0.28494	0.01330	0.01349	0.01068	0.01477	0.01465	0.00881	0.43630	0.01959	0.11382	0.01246	0.01254	0.00880	0.00619	0.00487	0.00168	0.00536	0.00442	0.00501	0.00832
13	0.00943	0.00721	0.01001	0.18008	0.01549	0.00808	0.00796	0.06797	0.01120	0.01538	0.01836	0.15198	0.04530	0.12921	0.23730	0.00442	0.00801	0.00772	0.05963	0.00527
14	0.09692	0.42317	0.05327	0.00941	0.01315	0.09558	0.00869	0.01554	0.01232	0.01611	0.13718	0.04138	0.04426	0.00675	0.00449	0.00144	0.00552	0.00499	0.00334	0.00648
15	0.08723	0.01132	0.01350	0.01601	0.20125	0.06768	0.01005	0.01823	0.21394	0.01849	0.01848	0.12608	0.03825	0.01111	0.06641	0.00241	0.02950	0.03886	0.00410	0.00711
16	0.01041	0.00985	0.06201	0.01076	0.06999	0.03309	0.03193	0.05809	0.01133	0.01552	0.01762	0.15264	0.03862	0.30034	0.01387	0.00299	0.00534	0.00773	0.00368	0.14421

[dist]
# distance from previous block
# <min> <max>
1	38

[block]
# block no. 3 follows, 43 sequences, length 74
# corresponding to MSA columns:
# 272-345
name=unknown_D
#
# <colnr> <probs for GDERKNQSTAVLIFYWHMCP>
#	G	D	E	R	K	N	Q	S	T	A	V	L	I	F	Y	W	H	M	C	P
0	0.10059	0.01182	0.03701	0.03979	0.07916	0.06142	0.05204	0.17045	0.01471	0.04159	0.07159	0.12832	0.01706	0.10489	0.00831	0.00218	0.00562	0.00694	0.00420	0.04234
1	0.04153	0.04432	0.01431	0.01291	0.07458	0.18629	0.05560	0.04499	0.04544	0.09189	0.13696	0.03544	0.08498	0.04173	0.00718	0.00187	0.04090	0.02817	0.00427	0.00664
2	0.01768	0.01760	0.01637	0.15222	0.10065	0.29362	0.01180	0.20966	0.02913	0.04115	0.03125	0.01338	0.00952	0.00601	0.00533	0.00159	0.00758	0.00458	0.00372	0.02713
3	0.01305	0.00949	0.01131	0.00827	0.01287	0.00733	0.00663	0.01548	0.01219	0.11613	0.03630	0.01373	0.01055	0.00477	0.00436	0.00098	0.00408	0.00386	0.03279	0.67581
4	0.01095	0.00872	0.00947	0.00879	0.01105	0.00938	0.00672	0.04451	0.35445	0.02110	0.15213	0.09198	0.14689	0.00987	0.00587	0.00182	0.00362	0.00838	0.08747	0.00683
5	0.00683	0.00492	0.00648	0.00758	0.00804	0.00457	0.00512	0.00795	0.01110	0.01485	0.09412	0.71272	0.06173	0.01673	0.00701	0.00219	0.00315	0.01513	0.00522	0.00457
6	0.00704	0.00560	0.00632	0.00621	0.00780	0.00488	0.00463	0.00889	0.01370	0.01768	0.32552	0.07793	0.46792	0.01313	0.00656	0.00184	0.00275	0.01121	0.00551	0.00488
7	0.00752	0.00507	0.00652	0.00707	0.00764	0.00473	0.00479	0.00795	0.01051	0.01386	0.10182	0.38817	0.14375	0.08370	0.01168	0.17132	0.00360	0.01169	0.00453	0.00408
8	0.01481	0.80869	0.02902	0.00948	0.01421	0.02191	0.00948	0.01658	0.01125	0.01303	0.00770	0.00888	0.00711	0.00474	0.00355	0.00118	0.00592	0.00296	0.00237	0.00711
9	0.00896	0.00650	0.00819	0.00746	0.00903	0.00624	0.00568	0.07360	0.01656	0.02329	0.70366	0.03898	0.04861	0.01092	0.00645	0.00174	0.00291	0.00959	0.00605	0.00558
10	0.01111	0.02865	0.77667	0.01579	0.02397	0.01286	0.02046	0.01754	0.01169	0.01754	0.00994	0.01169	0.00702	0.00526	0.00526	0.00175	0.00818	0.00409	0.00234	0.00818
11	0.84448	0.01071	0.00814	0.00728	0.01071	0.01242	0.00600	0.01628	0.00943	0.02485	0.00771	0.00900	0.00600	0.00514	0.00343	0.00171	0.00428	0.00300	0.00343	0.00600
12	0.01358	0.01344	0.01168	0.01087	0.01342	0.17905	0.00823	0.02267	0.41963	0.01900	0.02393	0.13110	0.09166	0.00914	0.00579	0.00183	0.00528	0.00754	0.00491	0.00725
13	0.01481	0.80869	0.02902	0.00948	0.01421	0.02191	0.00948	0.01658	0.01125	0.01303	0.00770	0.00888	0.00711	0.00474	0.00355	0.00118	0.00592	0.00296	0.00237	0.00711
14	0.02105	0.01551	0.01662	0.01274	0.01717	0.01717	0.01053	0.75235	0.02604	0.03490	0.01330	0.01330	0.00942	0.00665	0.00554	0.00166	0.00609	0.00499	0.00554	0.00942
15	0.01075	0.00989	0.01644	0.39073	0.26690	0.01100	0.01383	0.01376	0.01147	0.01541	0.01420	0.17331	0.01373	0.00773	0.00583	0.00186	0.00628	0.00711	0.00309	0.00666
16	0.01111	0.02865	0.77667	0.01579	0.02397	0.01286	0.02046	0.01754	0.01169	0.01754	0.00994	0.01169	0.00702	0.00526	0.00526	0.00175	0.00818	0.00409	0.00234	0.00818
17	0.01046	0.00984	0.01661	0.79205	0.03814	0.01230	0.01538	0.01415	0.01107	0.01415	0.00984	0.01477	0.00738	0.00554	0.00554	0.00185	0.00738	0.00492	0.00246	0.00615
18	0.84448	0.01071	0.00814	0.00728	0.01071	0.01242	0.00600	0.01628	0.00943	0.02485	0.00771	0.00900	0.00600	0.00514	0.00343	0.00171	0.00428	0.00300	0.00343	0.00600
19	0.01255	0.33187	0.48604	0.01333	0.02018	0.01638	0.01619	0.01717	0.01152	0.01579	0.00907	0.01060	0.00705	0.00506	0.00460	0.00153	0.00731	0.00365	0.00235	0.00777
20	0.21416	0.25541	0.01802	0.12024	0.01767	0.26228	0.00987	0.01794	0.01222	0.01618	0.00828	0.01009	0.00689	0.00526	0.00426	0.00148	0.00704	0.00344	0.00279	0.00649
21	0.01046	0.00984	0.01661	0.79205	0.03814	0.01230	0.01538	0.01415	0.01107	0.01415	0.00984	0.01477	0.00738	0.00554	0.00554	0.00185	0.00738	0.00492	0.00246	0.00615
22	0.01046	0.00780	0.01348	0.01171	0.01377	0.00721	0.18358	0.01245	0.01183	0.10741	0.02486	0.51869	0.02710	0.01305	0.00676	0.00209	0.00486	0.01231	0.00479	0.00581
23	0.01378	0.01190	0.01252	0.01127	0.01440	0.01378	0.00877	0.02943	0.76081	0.02317	0.02254	0.02066	0.01691	0.00751	0.00564	0.00188	0.00438	0.00626	0.00564	0.00877
24	0.00803	0.00545	0.00644	0.00644	0.00658	0.00559	0.00386	0.00831	0.00817	0.01104	0.01708	0.03421	0.01925	0.69824	0.13411	0.00586	0.00670	0.00776	0.00330	0.00358
25	0.01111	0.02865	0.77667	0.01579	0.02397	0.01286	0.02046	0.01754	0.01169	0.01754	0.00994	0.01169	0.00702	0.00526	0.00526	0.00175	0.00818	0.00409	0.00234	0.00818
26	0.01413	0.01552	0.01619	0.01416	0.01496	0.21697	0.01146	0.01544	0.01039	0.01336	0.00802	0.01208	0.00759	0.01038	0.05638	0.00252	0.54720	0.00457	0.00257	0.00609
27	0.01012	0.00922	0.01513	0.68182	0.03364	0.01133	0.01369	0.01330	0.01065	0.01367	0.01091	0.01778	0.00917	0.11771	0.00871	0.00234	0.00710	0.00536	0.00259	0.00576
28	0.02000	0.01286	0.01438	0.01122	0.01500	0.01370	0.00904	0.50152	0.02146	0.18087	0.01561	0.01764	0.01179	0.11871	0.00872	0.00219	0.00571	0.00553	0.00550	0.00857
29	0.02353	0.01153	0.01416	0.01085	0.01519	0.01127	0.00897	0.27834	0.01938	0.51832	0.01889	0.01693	0.01222	0.00678	0.00556	0.00170	0.00519	0.00537	0.00640	0.00942
30	0.00675	0.00482	0.00643	0.00771	0.00803	0.00450	0.00514	0.00771	0.01060	0.01414	0.03053	0.80175	0.03663	0.01735	0.00707	0.00225	0.00321	0.01574	0.00514	0.00450
31	0.00784	0.00533	0.00633	0.00653	0.00666	0.00536	0.00392	0.00815	0.00851	0.01143	0.01925	0.15268	0.02216	0.62291	0.08565	0.00517	0.00580	0.00906	0.00360	0.00366
32	0.01912	0.01132	0.01269	0.01005	0.01361	0.01184	0.00820	0.38341	0.01979	0.20782	0.01660	0.01657	0.01171	0.00665	0.00511	0.00158	0.00483	0.00517	0.22566	0.00829
33	0.00675	0.00482	0.00643	0.00771	0.00803	0.00450	0.00514	0.00771	0.01060	0.01414	0.03053	0.80175	0.03663	0.01735	0.00707	0.00225	0.00321	0.01574	0.00514	0.00450
34	0.02438	0.00953	0.01284	0.00991	0.01415	0.00838	0.00817	0.02709	0.04726	0.74297	0.02188	0.01893	0.01384	0.00688	0.00557	0.00172	0.00470	0.00560	0.00680	0.00940
35	0.00679	0.00504	0.00634	0.00723	0.00794	0.00459	0.00496	0.00798	0.01141	0.01494	0.09385	0.59230	0.18398	0.01621	0.00692	0.00213	0.00308	0.01448	0.00522	0.00459
36	0.02231	0.01230	0.01449	0.01124	0.01550	0.01256	0.00924	0.34680	0.07846	0.39006	0.01813	0.01654	0.01207	0.00682	0.00556	0.00170	0.00530	0.00537	0.00618	0.00937
37	0.01481	0.80869	0.02902	0.00948	0.01421	0.02191	0.00948	0.01658	0.01125	0.01303	0.00770	0.00888	0.00711	0.00474	0.00355	0.00118	0.00592	0.00296	0.00237	0.00711
38	0.01011	0.00520	0.00535	0.00532	0.00661	0.00517	0.00399	0.01270	0.01196	0.02078	0.08189	0.02241	0.01744	0.00687	0.00410	0.00133	0.00258	0.00558	0.76546	0.00517
39	0.00754	0.00545	0.00717	0.00756	0.00855	0.00509	0.00560	0.00952	0.01343	0.01841	0.39160	0.30897	0.07454	0.01402	0.00686	0.00202	0.00313	0.10000	0.00560	0.00493
40	0.00711	0.00553	0.00601	0.00613	0.00771	0.00483	0.00458	0.00875	0.01272	0.01628	0.13754	0.12609	0.51829	0.01349	0.00643	0.00187	0.00289	0.03888	0.07009	0.00478
41	0.00731	0.00548	0.00678	0.00680	0.00804	0.00495	0.00497	0.00931	0.01393	0.01887	0.45114	0.19770	0.21805	0.01318	0.00664	0.00187	0.00278	0.01157	0.00568	0.00495
42	0.02069	0.02640	0.01569	0.01427	0.01712	0.78313	0.01070	0.02212	0.01569	0.01355	0.00856	0.00999	0.00713	0.00571	0.00499	0.00143	0.00999	0.00357	0.00285	0.00642
43	0.00678	0.00520	0.00622	0.00686	0.00785	0.00464	0.00480	0.00807	0.01186	0.01524	0.11274	0.44834	0.31047	0.01552	0.00682	0.00206	0.00300	0.01367	0.00524	0.00464
44	0.01159	0.00774	0.00936	0.00825	0.00980	0.03623	0.00597	0.08527	0.01032	0.01405	0.01000	0.01513	0.00922	0.01438	0.01582	0.55224	0.00500	0.00447	0.00292	0.17222
45	0.00802	0.00560	0.00788	0.00814	0.00903	0.00619	0.00614	0.00987	0.00963	0.01421	0.01846	0.17908	0.01849	0.03173	0.51735	0.00649	0.01077	0.00781	0.12025	0.00489
46	0.01426	0.01351	0.01494	0.01326	0.01459	0.13866	0.01093	0.08976	0.01258	0.04587	0.01311	0.02232	0.01268	0.00976	0.01214	0.00218	0.39773	0.15180	0.00352	0.00640
47	0.02151	0.01686	0.01591	0.01265	0.01674	0.17055	0.01023	0.50319	0.02252	0.13434	0.01354	0.01341	0.00956	0.00649	0.00543	0.00162	0.00669	0.00478	0.00518	0.00881
48	0.00688	0.00491	0.00657	0.00786	0.00823	0.00461	0.00536	0.00793	0.01073	0.01428	0.03045	0.75834	0.03635	0.01723	0.00710	0.00227	0.00332	0.05789	0.00514	0.00453
49	0.67677	0.01095	0.00902	0.00809	0.01146	0.01270	0.00656	0.01893	0.16113	0.02451	0.01071	0.01135	0.00820	0.00562	0.00387	0.00175	0.00430	0.00366	0.00387	0.00656
50	0.01784	0.02049	0.01358	0.01239	0.01508	0.51869	0.00935	0.02230	0.16556	0.01649	0.01272	0.01364	0.01010	0.00618	0.00497	0.00150	0.00782	0.00433	0.12028	0.00672
51	0.00839	0.00632	0.00812	0.00808	0.00832	0.00706	0.00560	0.00909	0.00892	0.01227	0.01878	0.18269	0.02130	0.41274	0.11354	0.00465	0.11686	0.03945	0.00360	0.00423
52	0.01524	0.01263	0.01335	0.01157	0.01496	0.01446	0.00912	0.17538	0.61246	0.02554	0.02068	0.01918	0.01539	0.00734	0.00562	0.00183	0.00473	0.00600	0.00562	0.00890
53	0.28434	0.01144	0.01235	0.00980	0.01385	0.01188	0.00809	0.21441	0.01649	0.34175	0.01511	0.01426	0.01013	0.00626	0.00488	0.00170	0.00494	0.00460	0.00542	0.00833
54	0.02105	0.01551	0.01662	0.01274	0.01717	0.01717	0.01053	0.75235	0.02604	0.03490	0.01330	0.01330	0.00942	0.00665	0.00554	0.00166	0.00609	0.00499	0.00554	0.00942
55	0.21745	0.02265	0.01389	0.01260	0.01559	0.59905	0.00958	0.02072	0.01420	0.01625	0.00836	0.00975	0.00686	0.00557	0.00462	0.00150	0.00863	0.00343	0.00299	0.00632
56	0.00796	0.00574	0.00792	0.00792	0.00857	0.00639	0.00570	0.00926	0.00861	0.01213	0.01573	0.02671	0.01600	0.30287	0.52502	0.00769	0.01160	0.00666	0.00310	0.00440
57	0.77443	0.01042	0.00822	0.00730	0.01068	0.01194	0.00600	0.01659	0.00979	0.05658	0.00875	0.00991	0.00667	0.00527	0.00354	0.00170	0.00423	0.00320	0.03868	0.00611
58	0.00675	0.00482	0.00643	0.00771	0.00803	0.00450	0.00514	0.00771	0.01060	0.01414	0.03053	0.80175	0.03663	0.01735	0.00707	0.00225	0.00321	0.01574	0.00514	0.00450
59	0.00675	0.00482	0.00643	0.00771	0.00803	0.00450	0.00514	0.00771	0.01060	0.01414	0.03053	0.80175	0.03663	0.01735	0.00707	0.00225	0.00321	0.01574	0.00514	0.00450
60	0.01359	0.01304	0.02228	0.06035	0.74534	0.01313	0.01694	0.01690	0.01256	0.01796	0.01040	0.01374	0.00872	0.00496	0.00548	0.00165	0.00661	0.00493	0.00273	0.00868
61	0.01330	0.01140	0.01211	0.01092	0.01391	0.01309	0.00848	0.02790	0.70092	0.02309	0.08245	0.02233	0.01975	0.00782	0.00571	0.00187	0.00424	0.00656	0.00567	0.00848
62	0.00758	0.00565	0.00704	0.00669	0.00811	0.00511	0.00502	0.00995	0.01506	0.02075	0.62419	0.04378	0.19688	0.01187	0.00653	0.00177	0.00265	0.01035	0.00590	0.00511
63	0.00820	0.00598	0.00798	0.00884	0.01008	0.00576	0.00732	0.01043	0.01292	0.01694	0.14528	0.14797	0.12583	0.01479	0.00727	0.00231	0.00421	0.44762	0.00526	0.00499
64	0.01304	0.02819	0.62303	0.01548	0.02259	0.16838	0.01849	0.01846	0.01250	0.01673	0.00966	0.01135	0.00704	0.00535	0.00521	0.00169	0.00855	0.00399	0.00244	0.00783
65	0.01726	0.00859	0.01103	0.00900	0.01205	0.00802	0.00721	0.10820	0.01702	0.36940	0.33349	0.02761	0.02934	0.00870	0.00597	0.00172	0.00400	0.00736	0.00638	0.00766
66	0.01781	0.02096	0.01408	0.01286	0.01493	0.56835	0.00962	0.01845	0.01344	0.01274	0.00868	0.01153	0.00765	0.00874	0.00935	0.17058	0.06802	0.00391	0.00273	0.00558
67	0.00701	0.00493	0.00635	0.00737	0.00763	0.00467	0.00478	0.00778	0.01009	0.01345	0.02789	0.64720	0.03330	0.17645	0.01133	0.00288	0.00365	0.01419	0.00478	0.00427
68	0.01329	0.06933	0.58244	0.01495	0.02206	0.07579	0.01787	0.10715	0.01373	0.01908	0.01011	0.01160	0.00732	0.00544	0.00518	0.00169	0.00795	0.00410	0.00277	0.00813
69	0.00675	0.00482	0.00643	0.00771	0.00803	0.00450	0.00514	0.00771	0.01060	0.01414	0.03053	0.80175	0.03663	0.01735	0.00707	0.00225	0.00321	0.01574	0.00514	0.00450
70	0.00971	0.00715	0.00996	0.01225	0.16137	0.00710	0.00688	0.01090	0.01021	0.03847	0.08092	0.05873	0.02119	0.45570	0.05123	0.00411	0.00567	0.03977	0.00370	0.00499
71	0.01291	0.07997	0.07633	0.01363	0.01694	0.03817	0.19110	0.04336	0.01241	0.09080	0.01640	0.11658	0.01562	0.07397	0.04155	0.00250	0.06626	0.08115	0.00378	0.00658
72	0.05093	0.11158	0.08584	0.06634	0.02342	0.01494	0.34959	0.09402	0.05761	0.04374	0.01151	0.01385	0.00870	0.00544	0.00614	0.00176	0.03833	0.00537	0.00328	0.00762
73	0.01459	0.23836	0.13442	0.01474	0.01942	0.13924	0.17714	0.04244	0.07208	0.01650	0.01120	0.01428	0.00929	0.00587	0.00566	0.00163	0.03758	0.03522	0.00302	0.00732

[dist]
# distance from previous block
# <min> <max>
0	5

[block]
# block no. 4 follows, 43 sequences, length 22
# corresponding to MSA columns:
# 359-380
name=unknown_E
#
# <colnr> <probs for GDERKNQSTAVLIFYWHMCP>
#	G	D	E	R	K	N	Q	S	T	A	V	L	I	F	Y	W	H	M	C	P
0	0.11558	0.10026	0.10840	0.08719	0.16596	0.01325	0.06509	0.09987	0.02940	0.01998	0.05695	0.01677	0.06041	0.00620	0.00517	0.00165	0.00603	0.00521	0.00346	0.03316
1	0.04560	0.11886	0.13928	0.01333	0.01734	0.41580	0.03876	0.05135	0.01456	0.01627	0.05408	0.01250	0.01004	0.00585	0.00496	0.00150	0.00822	0.00414	0.02072	0.00685
2	0.01376	0.03961	0.05854	0.09160	0.01640	0.07811	0.06226	0.09624	0.09072	0.07385	0.01975	0.02070	0.10440	0.00719	0.00550	0.00165	0.02085	0.00588	0.18610	0.00688
3	0.01116	0.00937	0.01167	0.07363	0.04583	0.00841	0.00777	0.01503	0.08889	0.01780	0.01289	0.04341	0.01098	0.00866	0.07587	0.00187	0.00536	0.00461	0.05275	0.49407
4	0.01337	0.01282	0.02188	0.11169	0.69572	0.01307	0.01683	0.01671	0.01245	0.01769	0.01036	0.01382	0.00863	0.00500	0.00549	0.00167	0.00666	0.00493	0.00271	0.00850
5	0.01378	0.01190	0.01252	0.01127	0.01440	0.01378	0.00877	0.02943	0.76081	0.02317	0.02254	0.02066	0.01691	0.00751	0.00564	0.00188	0.00438	0.00626	0.00564	0.00877
6	0.00842	0.00695	0.00757	0.00736	0.00924	0.00681	0.00552	0.01320	0.18268	0.01791	0.16188	0.13030	0.39646	0.01249	0.00640	0.00189	0.00318	0.01065	0.00541	0.00567
7	0.00673	0.00488	0.00637	0.00756	0.00799	0.00451	0.00507	0.00773	0.01075	0.01420	0.03236	0.74793	0.08926	0.01711	0.00703	0.00222	0.00318	0.01545	0.00514	0.00451
8	0.00729	0.00503	0.00633	0.00728	0.00781	0.00474	0.00496	0.00842	0.01070	0.01460	0.02992	0.56941	0.08540	0.08999	0.00874	0.00244	0.00341	0.04624	0.08280	0.00449
9	0.00805	0.00537	0.00604	0.00604	0.00604	0.00537	0.00336	0.00805	0.00805	0.01074	0.01745	0.03624	0.02013	0.80536	0.02819	0.00537	0.00537	0.00805	0.00336	0.00336
10	0.01579	0.00892	0.01028	0.00890	0.01176	0.00920	0.00701	0.02301	0.28642	0.24741	0.06344	0.02129	0.01720	0.00724	0.00517	0.00166	0.00388	0.00596	0.23770	0.00776
11	0.00749	0.00565	0.00692	0.00660	0.00806	0.00508	0.00495	0.00978	0.01486	0.02026	0.57628	0.04458	0.24508	0.01205	0.00654	0.00178	0.00266	0.01047	0.00584	0.00508
12	0.01046	0.00984	0.01661	0.79205	0.03814	0.01230	0.01538	0.01415	0.01107	0.01415	0.00984	0.01477	0.00738	0.00554	0.00554	0.00185	0.00738	0.00492	0.00246	0.00615
13	0.01481	0.80869	0.02902	0.00948	0.01421	0.02191	0.00948	0.01658	0.01125	0.01303	0.00770	0.00888	0.00711	0.00474	0.00355	0.00118	0.00592	0.00296	0.00237	0.00711
14	0.00906	0.00500	0.00704	0.00699	0.00736	0.00484	0.00478	0.00764	0.00876	0.01158	0.09393	0.02387	0.10762	0.01778	0.01822	0.64891	0.00434	0.00620	0.00313	0.00298
15	0.01477	0.00901	0.01032	0.00879	0.01093	0.00931	0.00642	0.16159	0.10602	0.17343	0.01816	0.02623	0.01630	0.38574	0.01630	0.00346	0.00526	0.00672	0.00478	0.00646
16	0.01063	0.01685	0.32586	0.01274	0.07086	0.00958	0.01262	0.01464	0.01166	0.01732	0.01631	0.01789	0.10212	0.00794	0.04561	0.00184	0.00628	0.00501	0.04593	0.24830
17	0.07450	0.06352	0.27972	0.01277	0.01778	0.13679	0.01295	0.15583	0.07198	0.02134	0.08871	0.01509	0.01280	0.00635	0.00520	0.00166	0.00682	0.00481	0.00374	0.00766
18	0.00916	0.18764	0.01162	0.00769	0.00916	0.00891	0.00591	0.01023	0.01042	0.01323	0.02378	0.25613	0.09156	0.24201	0.01239	0.00291	0.00461	0.08382	0.00399	0.00484
19	0.01912	0.01252	0.01389	0.01308	0.09262	0.10574	0.00938	0.09213	0.14626	0.32474	0.07302	0.01968	0.03821	0.00715	0.00560	0.00170	0.00542	0.00583	0.00549	0.00843
20	0.01359	0.10978	0.01666	0.01065	0.01555	0.01143	0.08467	0.13272	0.01395	0.02009	0.01027	0.01181	0.00828	0.00465	0.00452	0.00111	0.00519	0.00385	0.00348	0.51776
21	0.00812	0.01291	0.25971	0.00972	0.01311	0.00731	0.00990	0.01102	0.01159	0.01551	0.03167	0.30984	0.25362	0.01234	0.00631	0.00197	0.00472	0.01065	0.00422	0.00577

[dist]
# distance from previous block
# <min> <max>
0	15

[block]
# block no. 5 follows, 43 sequences, length 23
# corresponding to MSA columns:
# 396,397,402-422
name=unknown_F
#
# <colnr> <probs for GDERKNQSTAVLIFYWHMCP>
#	G	D	E	R	K	N	Q	S	T	A	V	L	I	F	Y	W	H	M	C	P
0	0.00805	0.00590	0.00770	0.00791	0.00928	0.00555	0.00638	0.01049	0.01428	0.01935	0.42287	0.05017	0.13530	0.01304	0.00692	0.00204	0.00350	0.26052	0.00563	0.00511
1	0.01091	0.00998	0.01650	0.24831	0.35437	0.01061	0.01338	0.01370	0.01163	0.01589	0.01559	0.22328	0.01576	0.00841	0.00592	0.00186	0.00592	0.00780	0.00330	0.00687
2	0.18201	0.10731	0.28792	0.01370	0.03431	0.15875	0.05530	0.06822	0.01302	0.01898	0.00930	0.01086	0.00712	0.00532	0.00475	0.00162	0.00738	0.00387	0.00291	0.00735
3	0.01332	0.01350	0.01855	0.18893	0.40982	0.12542	0.01448	0.01626	0.01228	0.01594	0.01057	0.01439	0.00887	0.00973	0.10214	0.00256	0.00828	0.00486	0.00273	0.00739
4	0.00865	0.00762	0.01038	0.01336	0.21031	0.00702	0.00777	0.01075	0.01311	0.01695	0.15797	0.04088	0.45208	0.01118	0.00626	0.00179	0.00378	0.00963	0.00466	0.00585
5	0.00901	0.00785	0.07448	0.00787	0.00999	0.00592	0.00666	0.01139	0.01376	0.07698	0.34086	0.15535	0.20889	0.01213	0.00647	0.00188	0.00349	0.03602	0.00543	0.00557
6	0.01419	0.08824	0.20424	0.08839	0.06624	0.25973	0.01294	0.01788	0.03900	0.01649	0.12619	0.01619	0.01449	0.00637	0.00528	0.00160	0.00741	0.00494	0.00323	0.00693
7	0.05273	0.14137	0.33474	0.01761	0.07461	0.05686	0.21124	0.01760	0.01217	0.01708	0.00979	0.01205	0.00748	0.00502	0.00525	0.00167	0.00795	0.00455	0.00257	0.00767
8	0.00799	0.00623	0.00845	0.00837	0.00967	0.00688	0.00648	0.01069	0.05582	0.01392	0.02373	0.02813	0.16811	0.03383	0.57706	0.00703	0.01174	0.00713	0.00357	0.00512
9	0.00742	0.00554	0.00699	0.00754	0.00868	0.00511	0.00572	0.00923	0.01280	0.01685	0.21969	0.27858	0.21601	0.01462	0.00693	0.00209	0.00336	0.16261	0.00537	0.00485
10	0.01722	0.17400	0.07768	0.03614	0.01777	0.30255	0.04636	0.14638	0.06735	0.01835	0.01124	0.03996	0.00931	0.00613	0.00504	0.00154	0.00765	0.00454	0.00344	0.00734
11	0.08193	0.01066	0.01536	0.09583	0.31244	0.01123	0.01168	0.10605	0.03961	0.01949	0.01626	0.22287	0.01617	0.00861	0.00575	0.00184	0.00544	0.00770	0.00386	0.00723
12	0.00660	0.00540	0.00583	0.00617	0.00763	0.00463	0.00446	0.00789	0.01209	0.01474	0.04931	0.25205	0.57420	0.01491	0.00668	0.00197	0.00291	0.01277	0.00514	0.00463
13	0.00962	0.00481	0.00722	0.00722	0.00722	0.00481	0.00481	0.00722	0.00722	0.00962	0.00962	0.01684	0.00962	0.01924	0.02165	0.83886	0.00481	0.00481	0.00241	0.00241
14	0.04944	0.10547	0.01884	0.12430	0.17014	0.24167	0.04845	0.07701	0.03528	0.04335	0.01056	0.01259	0.00836	0.00553	0.00507	0.00157	0.00741	0.00438	0.02323	0.00734
15	0.01274	0.08164	0.52416	0.01633	0.02328	0.09989	0.13077	0.01801	0.01232	0.01680	0.00982	0.01180	0.00725	0.00518	0.00531	0.00169	0.00840	0.00433	0.00247	0.00780
16	0.00734	0.00573	0.00676	0.00712	0.00862	0.00516	0.00559	0.00917	0.01294	0.01639	0.15663	0.12154	0.41325	0.01422	0.00686	0.00205	0.00337	0.18712	0.00528	0.00485
17	0.01555	0.01331	0.06232	0.02074	0.31025	0.03973	0.04431	0.10922	0.04091	0.13571	0.01500	0.10261	0.01277	0.00719	0.00631	0.00178	0.04380	0.00626	0.00406	0.00817
18	0.01331	0.01554	0.13834	0.03120	0.65608	0.01311	0.01753	0.01708	0.01247	0.01801	0.01034	0.01340	0.00850	0.00498	0.00545	0.00166	0.00683	0.00481	0.00268	0.00868
19	0.01314	0.01296	0.09804	0.00986	0.01506	0.00974	0.00882	0.14556	0.01409	0.02099	0.01047	0.01183	0.00829	0.00468	0.00449	0.00107	0.00491	0.00368	0.00358	0.59876
20	0.03506	0.10427	0.08979	0.01475	0.07710	0.12643	0.12436	0.03637	0.01383	0.19553	0.02679	0.01398	0.00999	0.00554	0.00517	0.00153	0.00672	0.00469	0.00386	0.10422
21	0.05528	0.04011	0.13391	0.19154	0.11976	0.15021	0.01359	0.13540	0.01487	0.07777	0.01102	0.01295	0.00820	0.00568	0.00524	0.00167	0.00726	0.00447	0.00342	0.00765
22	0.01546	0.01074	0.01096	0.00947	0.01174	0.09553	0.00705	0.16729	0.03184	0.16808	0.05800	0.09197	0.01817	0.24782	0.02875	0.00297	0.00574	0.00713	0.00479	0.00650

[dist]
# distance from previous block
# <min> <max>
2	16

[block]
# block no. 6 follows, 43 sequences, length 36
# corresponding to MSA columns:
# 439-474
name=unknown_G
#
# <colnr> <probs for GDERKNQSTAVLIFYWHMCP>
#	G	D	E	R	K	N	Q	S	T	A	V	L	I	F	Y	W	H	M	C	P
0	0.01654	0.04207	0.01231	0.04298	0.01382	0.04456	0.00813	0.15380	0.01614	0.26330	0.08365	0.13320	0.08154	0.00956	0.00595	0.00182	0.00486	0.05288	0.00551	0.00737
1	0.12328	0.02850	0.01553	0.01430	0.09603	0.18896	0.01041	0.30982	0.04341	0.07234	0.01251	0.01422	0.00964	0.00636	0.00519	0.00165	0.00662	0.02882	0.00439	0.00804
2	0.00952	0.00646	0.00763	0.00704	0.00900	0.00564	0.00529	0.01116	0.01253	0.08966	0.15586	0.07279	0.28930	0.13406	0.00961	0.00232	0.00369	0.06364	0.00498	0.09983
3	0.05346	0.09289	0.22542	0.01307	0.01782	0.17510	0.02937	0.17372	0.01527	0.04237	0.01100	0.01273	0.00852	0.00975	0.09344	0.00242	0.00841	0.00433	0.00339	0.00753
4	0.01688	0.48419	0.05692	0.01126	0.01572	0.17437	0.01038	0.14068	0.01464	0.01699	0.00891	0.00997	0.00749	0.00528	0.00425	0.00134	0.00687	0.00347	0.00300	0.00740
5	0.00721	0.00545	0.00665	0.00693	0.00790	0.00523	0.00489	0.00847	0.01089	0.01420	0.08897	0.22262	0.26899	0.15088	0.16136	0.00390	0.00565	0.01081	0.00450	0.00451
6	0.00805	0.00537	0.00604	0.00604	0.00604	0.00537	0.00336	0.00805	0.00805	0.01074	0.01745	0.03624	0.02013	0.80536	0.02819	0.00537	0.00537	0.00805	0.00336	0.00336
7	0.01127	0.17333	0.19727	0.10221	0.01773	0.04451	0.01150	0.01559	0.08450	0.01576	0.02267	0.02325	0.20826	0.00792	0.00588	0.00171	0.04031	0.00618	0.00344	0.00670
8	0.00716	0.00559	0.00621	0.00608	0.00749	0.00495	0.00438	0.00870	0.01281	0.01645	0.26044	0.04712	0.44038	0.13640	0.00991	0.00238	0.00315	0.01063	0.00515	0.00463
9	0.01162	0.05570	0.42975	0.18265	0.12968	0.01326	0.06725	0.01672	0.01176	0.01672	0.00997	0.01271	0.00743	0.00521	0.00536	0.00174	0.00777	0.00450	0.00245	0.00774
10	0.00760	0.00556	0.00714	0.00694	0.00818	0.00509	0.00513	0.00992	0.01483	0.02066	0.62266	0.13141	0.10968	0.01225	0.00660	0.00181	0.00270	0.01083	0.00591	0.00509
11	0.00794	0.00563	0.00730	0.00716	0.00787	0.00576	0.00499	0.00937	0.01081	0.01513	0.26443	0.03382	0.02895	0.32605	0.23580	0.00518	0.00715	0.00810	0.00415	0.00442
12	0.84448	0.01071	0.00814	0.00728	0.01071	0.01242	0.00600	0.01628	0.00943	0.02485	0.00771	0.00900	0.00600	0.00514	0.00343	0.00171	0.00428	0.00300	0.00343	0.00600
13	0.00695	0.00508	0.00619	0.00699	0.00755	0.00469	0.00463	0.00782	0.01053	0.01367	0.03319	0.51153	0.17895	0.16243	0.01087	0.00275	0.00353	0.01352	0.00481	0.00432
14	0.01950	0.01462	0.01445	0.01129	0.01556	0.13608	0.00910	0.30503	0.01874	0.18323	0.01351	0.01350	0.00966	0.00593	0.00511	0.00143	0.00595	0.00447	0.00484	0.20799
15	0.01570	0.01580	0.01663	0.01413	0.01561	0.17849	0.01150	0.16195	0.01349	0.01766	0.00874	0.01190	0.00767	0.00825	0.01289	0.00206	0.47300	0.00460	0.00313	0.00680
16	0.19123	0.00966	0.01283	0.01407	0.17173	0.00958	0.00911	0.01899	0.01263	0.30661	0.01685	0.10440	0.01365	0.01025	0.07187	0.00238	0.00571	0.00608	0.00474	0.00763
17	0.00785	0.00626	0.00715	0.00674	0.00862	0.00530	0.00486	0.00931	0.01170	0.01552	0.09567	0.20236	0.31681	0.10242	0.00863	0.00213	0.00343	0.01034	0.00465	0.17028
18	0.01216	0.00964	0.00947	0.00889	0.01118	0.09492	0.00692	0.04746	0.10801	0.10547	0.06508	0.11171	0.28217	0.01146	0.00627	0.00190	0.00447	0.09139	0.00520	0.00620
19	0.01606	0.17520	0.02180	0.01973	0.24625	0.16815	0.07329	0.03643	0.01307	0.07075	0.01010	0.01228	0.00828	0.00577	0.00658	0.00162	0.09957	0.00444	0.00302	0.00761
20	0.01324	0.01223	0.01529	0.01760	0.26910	0.07629	0.01050	0.04916	0.04521	0.01827	0.01143	0.01431	0.00965	0.03938	0.03304	0.00172	0.00592	0.00443	0.03369	0.31952
21	0.01303	0.21224	0.40009	0.01547	0.08447	0.01454	0.05841	0.01768	0.02292	0.06052	0.04332	0.01321	0.00976	0.00546	0.00502	0.00161	0.00707	0.00441	0.00288	0.00789
22	0.17697	0.07087	0.32858	0.04706	0.01959	0.01266	0.09722	0.04899	0.01194	0.01897	0.01321	0.07728	0.04093	0.00655	0.00515	0.00177	0.00664	0.00541	0.00310	0.00712
23	0.00805	0.00537	0.00604	0.00604	0.00604	0.00537	0.00336	0.00805	0.00805	0.01074	0.01745	0.03624	0.02013	0.80536	0.02819	0.00537	0.00537	0.00805	0.00336	0.00336
24	0.01305	0.06971	0.25207	0.01517	0.13257	0.07788	0.01285	0.01632	0.01241	0.10477	0.01721	0.20086	0.03480	0.00849	0.00566	0.00179	0.00622	0.00723	0.00371	0.00723
25	0.01390	0.01422	0.08567	0.08422	0.30835	0.06212	0.11537	0.04733	0.01348	0.07451	0.01606	0.01950	0.07484	0.00648	0.00578	0.00175	0.00684	0.03842	0.00344	0.00774
26	0.03904	0.59362	0.05542	0.00948	0.01385	0.01842	0.00926	0.01691	0.04210	0.04956	0.09492	0.01360	0.01287	0.00572	0.00413	0.00134	0.00548	0.00406	0.00316	0.00708
27	0.00943	0.00631	0.00789	0.00726	0.00896	0.00583	0.00551	0.04242	0.01546	0.07779	0.54371	0.07329	0.15195	0.01145	0.00644	0.00178	0.00297	0.00996	0.00595	0.00560
28	0.05320	0.01700	0.18410	0.04560	0.12603	0.12328	0.03850	0.07613	0.01400	0.13319	0.01486	0.04961	0.04240	0.00666	0.00571	0.00171	0.02640	0.00538	0.02860	0.00764
29	0.05086	0.01691	0.11150	0.17792	0.11350	0.20121	0.01290	0.07129	0.01435	0.13246	0.03693	0.01424	0.00999	0.00593	0.00531	0.00166	0.00724	0.00468	0.00362	0.00749
30	0.00694	0.00514	0.00627	0.00695	0.00769	0.00470	0.00472	0.00803	0.01121	0.01460	0.09586	0.46993	0.21156	0.10834	0.00937	0.00248	0.00332	0.01340	0.00501	0.00447
31	0.01073	0.01012	0.01709	0.72962	0.09849	0.01238	0.01551	0.01438	0.01120	0.01448	0.00989	0.01468	0.00750	0.00549	0.00553	0.00183	0.00732	0.00492	0.00248	0.00637
32	0.01430	0.07775	0.10143	0.05017	0.12723	0.14472	0.06346	0.10256	0.04565	0.01790	0.01265	0.05827	0.01117	0.00938	0.06191	0.00225	0.05587	0.03275	0.00335	0.00724
33	0.01348	0.17044	0.07573	0.12316	0.21996	0.01341	0.01252	0.01786	0.09881	0.08141	0.01455	0.08496	0.01271	0.00690	0.00533	0.00171	0.00592	0.02998	0.00358	0.00760
34	0.00905	0.00481	0.00706	0.00731	0.00738	0.00475	0.00488	0.00731	0.00789	0.01052	0.01377	0.17272	0.01498	0.01886	0.01875	0.67271	0.00449	0.00698	0.00295	0.00282
35	0.01242	0.01223	0.10464	0.03647	0.01431	0.07714	0.04339	0.04278	0.08877	0.10351	0.03765	0.08754	0.19361	0.07777	0.00792	0.00215	0.00541	0.04128	0.00452	0.00647

[dist]
# distance from previous block
# <min> <max>
0	1

[block]
# block no. 7 follows, 43 sequences, length 66
# corresponding to MSA columns:
# 476-541
name=unknown_H
#
# <colnr> <probs for GDERKNQSTAVLIFYWHMCP>
#	G	D	E	R	K	N	Q	S	T	A	V	L	I	F	Y	W	H	M	C	P
0	0.01578	0.02047	0.29404	0.01477	0.04582	0.09672	0.03422	0.25019	0.01647	0.04553	0.01145	0.01361	0.00874	0.04449	0.00737	0.00191	0.06204	0.00470	0.00363	0.00805
1	0.00681	0.00519	0.00606	0.00670	0.00759	0.00466	0.00458	0.00784	0.01112	0.01409	0.03915	0.42216	0.32303	0.10339	0.00920	0.00245	0.00329	0.01329	0.00494	0.00444
2	0.01145	0.00983	0.01483	0.43317	0.09363	0.01132	0.01250	0.12039	0.01328	0.01752	0.01509	0.19287	0.01443	0.00832	0.00588	0.00189	0.00618	0.00739	0.00354	0.00649
3	0.01148	0.00984	0.01148	0.00820	0.01312	0.00738	0.00656	0.01395	0.01148	0.01805	0.00984	0.01148	0.00820	0.00410	0.00410	0.00082	0.00410	0.00328	0.00328	0.83922
4	0.01350	0.01198	0.04008	0.04338	0.27424	0.01153	0.05817	0.15054	0.03639	0.03956	0.04874	0.11300	0.04813	0.00751	0.00573	0.00170	0.00567	0.00677	0.00401	0.07938
5	0.01560	0.12930	0.06660	0.05443	0.15785	0.07145	0.12409	0.20856	0.03821	0.02107	0.01178	0.04266	0.00963	0.00603	0.00559	0.00166	0.01874	0.00520	0.00357	0.00797
6	0.00791	0.00593	0.00890	0.00890	0.00989	0.00692	0.00692	0.00989	0.00890	0.01286	0.01483	0.02176	0.01385	0.04154	0.78341	0.00890	0.01483	0.00593	0.00297	0.00494
7	0.01977	0.01488	0.01590	0.01248	0.01669	0.01658	0.01022	0.62494	0.15554	0.03284	0.01493	0.01460	0.01074	0.00680	0.00556	0.00170	0.00579	0.00521	0.00556	0.00930
8	0.01046	0.00984	0.01661	0.79205	0.03814	0.01230	0.01538	0.01415	0.01107	0.01415	0.00984	0.01477	0.00738	0.00554	0.00554	0.00185	0.00738	0.00492	0.00246	0.00615
9	0.08561	0.01640	0.01635	0.16335	0.09466	0.28643	0.05088	0.01855	0.01303	0.08682	0.01093	0.03904	0.00894	0.00636	0.00643	0.00172	0.07970	0.00478	0.00323	0.00681
10	0.00706	0.00563	0.00633	0.00615	0.00780	0.00489	0.00461	0.00895	0.01384	0.01785	0.34001	0.04854	0.48286	0.01295	0.00654	0.00182	0.00273	0.01102	0.00552	0.00489
11	0.01148	0.00984	0.01148	0.00820	0.01312	0.00738	0.00656	0.01395	0.01148	0.01805	0.00984	0.01148	0.00820	0.00410	0.00410	0.00082	0.00410	0.00328	0.00328	0.83922
12	0.01993	0.01337	0.01414	0.01143	0.01510	0.07708	0.00917	0.40294	0.02041	0.21555	0.01751	0.12729	0.01420	0.00815	0.00572	0.00174	0.00566	0.00655	0.00559	0.00847
13	0.01428	0.69702	0.13606	0.01038	0.01561	0.02062	0.01105	0.01672	0.01132	0.01368	0.00802	0.00929	0.00709	0.00481	0.00380	0.00127	0.00625	0.00312	0.00236	0.00726
14	0.84448	0.01071	0.00814	0.00728	0.01071	0.01242	0.00600	0.01628	0.00943	0.02485	0.00771	0.00900	0.00600	0.00514	0.00343	0.00171	0.00428	0.00300	0.00343	0.00600
15	0.00793	0.00532	0.00608	0.00620	0.00623	0.00529	0.00353	0.00802	0.00830	0.01106	0.01869	0.10909	0.02170	0.73038	0.02618	0.00507	0.00516	0.00879	0.00353	0.00346
16	0.14917	0.01041	0.08321	0.00902	0.01243	0.00855	0.00773	0.01946	0.01241	0.38472	0.01733	0.02113	0.01352	0.21421	0.01109	0.00267	0.00515	0.00567	0.00497	0.00718
