[name]
unknown

[dist]
# distance from previous block
# <min> <max>
0	5

[block]
# block no. 0 follows, 42 sequences, length 43
# corresponding to MSA columns:
# 150-167,169-193
name=unknown_A
#
# <colnr> <probs for GDERKNQSTAVLIFYWHMCP>
#	G	D	E	R	K	N	Q	S	T	A	V	L	I	F	Y	W	H	M	C	P
0	0.01091	0.05283	0.01094	0.01049	0.01233	0.00822	0.00918	0.06468	0.01395	0.04725	0.02710	0.05512	0.02862	0.01398	0.00730	0.00242	0.00529	0.60849	0.00512	0.00578
1	0.48106	0.01197	0.01431	0.01412	0.12957	0.01323	0.07965	0.05845	0.01171	0.06845	0.00976	0.01153	0.00752	0.00566	0.00542	0.00179	0.06104	0.00410	0.00357	0.00708
2	0.01287	0.01187	0.01893	0.31026	0.30906	0.01306	0.04320	0.05932	0.09657	0.01860	0.04232	0.01628	0.01112	0.00589	0.00570	0.00179	0.00666	0.00543	0.00331	0.00776
3	0.01383	0.01372	0.02127	0.16977	0.58195	0.06759	0.01652	0.01712	0.01275	0.01733	0.01035	0.01386	0.00854	0.00518	0.00555	0.00169	0.00708	0.00491	0.00274	0.00826
4	0.01453	0.01212	0.01845	0.05564	0.44855	0.01247	0.01370	0.04161	0.15129	0.08573	0.07556	0.01802	0.01446	0.00628	0.00570	0.00174	0.00580	0.00574	0.00405	0.00859
5	0.01382	0.01326	0.02265	0.05898	0.74352	0.01334	0.01722	0.01718	0.01276	0.01826	0.01057	0.01396	0.00887	0.00503	0.00557	0.00168	0.00671	0.00501	0.00278	0.00883
6	0.01070	0.00894	0.01135	0.01175	0.08360	0.00972	0.00815	0.01731	0.24460	0.02122	0.35467	0.07620	0.03296	0.00992	0.00727	0.00189	0.06917	0.00842	0.00535	0.00680
7	0.79247	0.01080	0.00856	0.00756	0.01109	0.01236	0.00623	0.01720	0.00997	0.07045	0.00871	0.00975	0.00657	0.00533	0.00361	0.00174	0.00438	0.00321	0.00369	0.00631
8	0.01393	0.01337	0.02284	0.03454	0.76712	0.01337	0.01727	0.01727	0.01281	0.01839	0.01059	0.01393	0.00891	0.00501	0.00557	0.00167	0.00669	0.00501	0.00279	0.00891
9	0.07291	0.14467	0.44092	0.01466	0.02121	0.08105	0.06791	0.06227	0.01298	0.01839	0.00977	0.01143	0.00733	0.00534	0.00503	0.00166	0.00779	0.00409	0.00274	0.00786
10	0.01063	0.01000	0.01688	0.78870	0.03876	0.01250	0.01563	0.01438	0.01125	0.01438	0.01000	0.01500	0.00750	0.00563	0.00563	0.00188	0.00750	0.00500	0.00250	0.00625
11	0.00782	0.00666	0.00960	0.01026	0.06403	0.00607	0.06729	0.00945	0.01191	0.01527	0.03777	0.39546	0.30835	0.01438	0.00682	0.00206	0.00387	0.01287	0.00485	0.00520
12	0.01505	0.80561	0.02949	0.00963	0.01444	0.02227	0.00963	0.01685	0.01143	0.01324	0.00782	0.00903	0.00722	0.00481	0.00361	0.00120	0.00602	0.00301	0.00241	0.00722
13	0.01331	0.01278	0.02154	0.14747	0.60285	0.01352	0.01667	0.01657	0.01228	0.01743	0.01027	0.01398	0.00859	0.00545	0.00650	0.00176	0.06301	0.00501	0.00272	0.00831
14	0.00807	0.00592	0.00846	0.00846	0.00927	0.00672	0.00631	0.00968	0.00887	0.01264	0.01560	0.02504	0.01534	0.19370	0.63017	0.00833	0.01316	0.00646	0.00309	0.00470
15	0.00804	0.00603	0.00904	0.00904	0.01005	0.00703	0.00703	0.01005	0.00904	0.01306	0.01507	0.02211	0.01407	0.04221	0.77992	0.00904	0.01507	0.00603	0.00301	0.00502
16	0.01372	0.01411	0.01851	0.02175	0.29963	0.11569	0.01356	0.01585	0.01121	0.01537	0.00941	0.01345	0.00850	0.01017	0.07504	0.00258	0.32673	0.00488	0.00269	0.00716
17	0.00686	0.00490	0.00653	0.00784	0.00816	0.00457	0.00522	0.00784	0.01077	0.01437	0.03102	0.79855	0.03722	0.01763	0.00718	0.00229	0.00326	0.01600	0.00522	0.00457
18	0.02525	0.00958	0.01306	0.01001	0.01437	0.00827	0.00827	0.02743	0.01611	0.77102	0.02220	0.01915	0.01393	0.00697	0.00566	0.00174	0.00479	0.00566	0.00697	0.00958
19	0.01393	0.01337	0.02284	0.03454	0.76712	0.01337	0.01727	0.01727	0.01281	0.01839	0.01059	0.01393	0.00891	0.00501	0.00557	0.00167	0.00669	0.00501	0.00279	0.00891
20	0.01427	0.02257	0.43321	0.01522	0.02173	0.01435	0.06868	0.19846	0.11513	0.02292	0.01274	0.01374	0.00917	0.00595	0.00556	0.00178	0.00736	0.00485	0.00365	0.00865
21	0.01769	0.01270	0.02355	0.01740	0.02186	0.01236	0.37399	0.02102	0.01376	0.30260	0.01497	0.01632	0.01043	0.00623	0.00777	0.00191	0.10687	0.00605	0.00436	0.00816
22	0.84197	0.01088	0.00827	0.00740	0.01088	0.01262	0.00609	0.01654	0.00958	0.02525	0.00784	0.00914	0.00609	0.00522	0.00348	0.00174	0.00435	0.00305	0.00348	0.00609
23	0.00806	0.00595	0.00862	0.00862	0.00948	0.00680	0.00650	0.00978	0.00892	0.01275	0.01546	0.02427	0.01501	0.15371	0.66970	0.00852	0.01366	0.00635	0.00307	0.00479
24	0.01063	0.01000	0.01688	0.78870	0.03876	0.01250	0.01563	0.01438	0.01125	0.01438	0.01000	0.01500	0.00750	0.00563	0.00563	0.00188	0.00750	0.00500	0.00250	0.00625
25	0.02476	0.01036	0.01355	0.01038	0.01476	0.00943	0.00858	0.11879	0.01742	0.67780	0.02110	0.01844	0.01338	0.00694	0.00566	0.00173	0.00497	0.00558	0.00680	0.00958
26	0.01063	0.01000	0.01688	0.78870	0.03876	0.01250	0.01563	0.01438	0.01125	0.01438	0.01000	0.01500	0.00750	0.00563	0.00563	0.00188	0.00750	0.00500	0.00250	0.00625
27	0.02139	0.01576	0.01689	0.01295	0.01745	0.01745	0.01070	0.74835	0.02646	0.03547	0.01351	0.01351	0.00957	0.00676	0.00563	0.00169	0.00619	0.00507	0.00563	0.00957
28	0.02525	0.00958	0.01306	0.01001	0.01437	0.00827	0.00827	0.02743	0.01611	0.77102	0.02220	0.01915	0.01393	0.00697	0.00566	0.00174	0.00479	0.00566	0.00697	0.00958
29	0.00818	0.00549	0.00631	0.00631	0.00637	0.00555	0.00363	0.00830	0.00824	0.01104	0.01757	0.03594	0.02007	0.75616	0.07418	0.00567	0.00604	0.00805	0.00339	0.00351
30	0.01393	0.01337	0.02284	0.03454	0.76712	0.01337	0.01727	0.01727	0.01281	0.01839	0.01059	0.01393	0.00891	0.00501	0.00557	0.00167	0.00669	0.00501	0.00279	0.00891
31	0.00681	0.00507	0.00636	0.00739	0.00804	0.00461	0.00503	0.00789	0.01121	0.01454	0.03647	0.64240	0.18985	0.01692	0.00707	0.00220	0.00318	0.01513	0.00522	0.00461
32	0.00721	0.00601	0.00636	0.00651	0.00821	0.00538	0.00478	0.00959	0.06570	0.01565	0.04978	0.18881	0.57740	0.01440	0.00668	0.00197	0.00304	0.01224	0.00526	0.00502
33	0.01328	0.01518	0.03321	0.02372	0.02941	0.01423	0.74668	0.01803	0.01328	0.01803	0.01139	0.01518	0.00854	0.00474	0.00664	0.00190	0.00949	0.00664	0.00285	0.00759
34	0.00677	0.00525	0.00617	0.00690	0.00792	0.00465	0.00481	0.00794	0.01168	0.01473	0.04244	0.47155	0.35685	0.01615	0.00695	0.00212	0.00308	0.01419	0.00522	0.00465
35	0.08274	0.01121	0.01367	0.01056	0.01488	0.01087	0.00872	0.20602	0.01822	0.53464	0.01901	0.01703	0.01229	0.00679	0.00550	0.00173	0.00511	0.00532	0.00638	0.00933
36	0.01402	0.01451	0.02824	0.04274	0.27490	0.01414	0.43517	0.06996	0.01403	0.01932	0.01124	0.01464	0.00872	0.00500	0.00619	0.00181	0.00827	0.00595	0.00302	0.00815
37	0.01325	0.01268	0.02162	0.18976	0.61721	0.01319	0.01693	0.01668	0.01249	0.01756	0.01047	0.01415	0.00862	0.00514	0.00558	0.00171	0.00685	0.00501	0.00273	0.00837
38	0.00812	0.00569	0.00734	0.00734	0.00776	0.00611	0.00491	0.00896	0.00854	0.01180	0.01663	0.03073	0.01781	0.48740	0.33984	0.00694	0.00944	0.00729	0.00325	0.00408
39	0.01979	0.09760	0.01728	0.04144	0.01779	0.65563	0.01098	0.02135	0.01511	0.01374	0.00862	0.01029	0.00726	0.00585	0.00543	0.00148	0.03732	0.00366	0.00282	0.00657
40	0.00683	0.00550	0.00601	0.00630	0.00772	0.00477	0.00452	0.00816	0.01231	0.01522	0.08655	0.23012	0.52398	0.04667	0.00766	0.00213	0.00304	0.01262	0.00520	0.00468
41	0.00818	0.00546	0.00614	0.00614	0.00614	0.00546	0.00341	0.00818	0.00818	0.01091	0.01773	0.03683	0.02046	0.80222	0.02864	0.00546	0.00546	0.00818	0.00341	0.00341
42	0.01321	0.07313	0.16965	0.07243	0.38989	0.01404	0.12162	0.01777	0.04142	0.01781	0.01085	0.01370	0.00863	0.00516	0.00555	0.00171	0.00732	0.00499	0.00278	0.00833

[dist]
# distance from previous block
# <min> <max>
0	1

[block]
# block no. 1 follows, 42 sequences, length 41
# corresponding to MSA columns:
# 196-198,209-226,236-239,272-287
name=unknown_B
#
# <colnr> <probs for GDERKNQSTAVLIFYWHMCP>
#	G	D	E	R	K	N	Q	S	T	A	V	L	I	F	Y	W	H	M	C	P
0	0.04949	0.21517	0.10136	0.01371	0.03774	0.43498	0.01164	0.04601	0.01445	0.01542	0.00883	0.01025	0.00731	0.00550	0.00472	0.00145	0.00849	0.00360	0.00284	0.00705
1	0.01604	0.00701	0.00858	0.00733	0.00984	0.00645	0.00580	0.01849	0.01395	0.31735	0.10084	0.02255	0.01843	0.00726	0.00491	0.00153	0.00348	0.00594	0.41727	0.00696
2	0.01940	0.02130	0.03811	0.06130	0.05480	0.43920	0.08579	0.12187	0.01661	0.07319	0.01083	0.01229	0.00828	0.00585	0.00542	0.00159	0.00878	0.00444	0.00353	0.00742
3	0.00924	0.00718	0.00817	0.03045	0.01000	0.00702	0.00575	0.08495	0.05497	0.01957	0.27207	0.04133	0.31645	0.09754	0.00885	0.00222	0.00363	0.00974	0.00533	0.00554
4	0.00809	0.00539	0.00698	0.00761	0.00850	0.00492	0.00531	0.00945	0.01212	0.06014	0.14805	0.55361	0.11733	0.01568	0.00695	0.00213	0.00321	0.01403	0.00548	0.00500
5	0.00726	0.00572	0.00654	0.00634	0.00797	0.00501	0.00475	0.00925	0.01426	0.01860	0.38363	0.04856	0.43610	0.01298	0.00664	0.00184	0.00276	0.01109	0.00567	0.00501
6	0.01505	0.80561	0.02949	0.00963	0.01444	0.02227	0.00963	0.01685	0.01143	0.01324	0.00782	0.00903	0.00722	0.00481	0.00361	0.00120	0.00602	0.00301	0.00241	0.00722
7	0.00686	0.00490	0.00653	0.00784	0.00816	0.00457	0.00522	0.00784	0.01077	0.01437	0.03102	0.79855	0.03722	0.01763	0.00718	0.00229	0.00326	0.01600	0.00522	0.00457
8	0.01049	0.00525	0.00525	0.00525	0.00656	0.00525	0.00393	0.01311	0.01180	0.02098	0.01836	0.02098	0.01442	0.00656	0.00393	0.00131	0.00262	0.00525	0.83346	0.00525
9	0.02525	0.00958	0.01306	0.01001	0.01437	0.00827	0.00827	0.02743	0.01611	0.77102	0.02220	0.01915	0.01393	0.00697	0.00566	0.00174	0.00479	0.00566	0.00697	0.00958
10	0.02525	0.00958	0.01306	0.01001	0.01437	0.00827	0.00827	0.02743	0.01611	0.77102	0.02220	0.01915	0.01393	0.00697	0.00566	0.00174	0.00479	0.00566	0.00697	0.00958
11	0.01167	0.01000	0.01167	0.00834	0.01334	0.00750	0.00667	0.01417	0.01167	0.01834	0.01000	0.01167	0.00834	0.00417	0.00417	0.00083	0.00417	0.00333	0.00333	0.83663
12	0.84197	0.01088	0.00827	0.00740	0.01088	0.01262	0.00609	0.01654	0.00958	0.02525	0.00784	0.00914	0.00609	0.00522	0.00348	0.00174	0.00435	0.00305	0.00348	0.00609
13	0.84197	0.01088	0.00827	0.00740	0.01088	0.01262	0.00609	0.01654	0.00958	0.02525	0.00784	0.00914	0.00609	0.00522	0.00348	0.00174	0.00435	0.00305	0.00348	0.00609
14	0.00978	0.00489	0.00733	0.00733	0.00733	0.00489	0.00489	0.00733	0.00733	0.00978	0.00978	0.01711	0.00978	0.01955	0.02199	0.83627	0.00489	0.00489	0.00244	0.00244
15	0.00710	0.00507	0.00681	0.00811	0.00854	0.00478	0.00564	0.00825	0.01101	0.01463	0.03088	0.71875	0.03670	0.01740	0.00725	0.00232	0.00347	0.09343	0.00522	0.00464
16	0.01328	0.01518	0.03321	0.02372	0.02941	0.01423	0.74668	0.01803	0.01328	0.01803	0.01139	0.01518	0.00854	0.00474	0.00664	0.00190	0.00949	0.00664	0.00285	0.00759
17	0.00796	0.00575	0.00752	0.00708	0.00841	0.00531	0.00531	0.01062	0.01593	0.02257	0.76415	0.04204	0.05310	0.01150	0.00664	0.00177	0.00265	0.01018	0.00619	0.00531
18	0.02438	0.00932	0.01260	0.00973	0.01391	0.00809	0.00802	0.02659	0.01585	0.72700	0.02198	0.01926	0.01396	0.00694	0.00556	0.00172	0.00466	0.00564	0.05547	0.00932
19	0.01480	0.00970	0.01375	0.09776	0.11182	0.01037	0.01012	0.13369	0.01403	0.17537	0.01518	0.01830	0.01195	0.02045	0.31140	0.00462	0.00961	0.00556	0.00417	0.00733
20	0.01358	0.04097	0.02279	0.17210	0.49339	0.04623	0.09561	0.01702	0.01266	0.01723	0.01039	0.01393	0.00848	0.00513	0.00561	0.00171	0.00727	0.00506	0.00273	0.00811
21	0.01793	0.01902	0.01712	0.01463	0.01696	0.37403	0.06141	0.02012	0.03913	0.09653	0.01042	0.01254	0.00845	0.00721	0.00953	0.00185	0.25838	0.00456	0.00330	0.00689
22	0.00881	0.00601	0.00803	0.00897	0.01013	0.00591	0.00743	0.01118	0.01281	0.01764	0.10820	0.16228	0.03299	0.01424	0.00706	0.00229	0.00430	0.45318	0.11341	0.00512
23	0.12017	0.01327	0.01415	0.01371	0.13608	0.09868	0.00927	0.10288	0.01383	0.02073	0.01009	0.01176	0.00817	0.00493	0.00458	0.00126	0.00552	0.00381	0.00349	0.40363
24	0.00996	0.00841	0.01296	0.10188	0.22759	0.00846	0.01022	0.01279	0.01379	0.01911	0.31925	0.07820	0.05698	0.00990	0.00638	0.00188	0.00465	0.08660	0.00462	0.00636
25	0.02146	0.01550	0.01731	0.01374	0.03280	0.10550	0.07011	0.41559	0.02139	0.20698	0.01479	0.01460	0.01024	0.00649	0.00565	0.00169	0.00661	0.00516	0.00534	0.00904
26	0.10993	0.01496	0.01565	0.01224	0.01653	0.01667	0.01007	0.61613	0.07829	0.03348	0.01359	0.01359	0.00975	0.00665	0.00540	0.00171	0.00587	0.00494	0.00540	0.00914
27	0.01272	0.01124	0.01353	0.01409	0.10963	0.01286	0.00974	0.02321	0.46869	0.02047	0.02235	0.09362	0.05959	0.00885	0.00728	0.00197	0.09002	0.00725	0.00492	0.00797
28	0.00687	0.00571	0.00601	0.00593	0.00774	0.00484	0.00445	0.00850	0.01335	0.01643	0.17527	0.05213	0.64580	0.01379	0.00665	0.00188	0.00282	0.01159	0.00539	0.00484
29	0.00703	0.00568	0.00604	0.00597	0.00757	0.00492	0.00435	0.00850	0.01283	0.01593	0.16716	0.05032	0.56887	0.09935	0.00904	0.00227	0.00310	0.01120	0.00519	0.00470
30	0.84197	0.01088	0.00827	0.00740	0.01088	0.01262	0.00609	0.01654	0.00958	0.02525	0.00784	0.00914	0.00609	0.00522	0.00348	0.00174	0.00435	0.00305	0.00348	0.00609
31	0.00793	0.00575	0.00747	0.00704	0.00838	0.00529	0.00528	0.01055	0.01584	0.02235	0.74345	0.04239	0.07393	0.01159	0.00664	0.00177	0.00266	0.01023	0.00617	0.00529
32	0.01505	0.80561	0.02949	0.00963	0.01444	0.02227	0.00963	0.01685	0.01143	0.01324	0.00782	0.00903	0.00722	0.00481	0.00361	0.00120	0.00602	0.00301	0.00241	0.00722
33	0.00686	0.00490	0.00653	0.00784	0.00816	0.00457	0.00522	0.00784	0.01077	0.01437	0.03102	0.79855	0.03722	0.01763	0.00718	0.00229	0.00326	0.01600	0.00522	0.00457
34	0.00956	0.03451	0.00847	0.00732	0.00894	0.00614	0.00569	0.01215	0.01518	0.06569	0.57419	0.03835	0.04388	0.01067	0.00624	0.00174	0.00303	0.04678	0.09586	0.00561
35	0.01324	0.01041	0.01261	0.00910	0.01405	0.00826	0.02622	0.05401	0.01282	0.07552	0.01114	0.01242	0.00882	0.00453	0.00442	0.00097	0.00446	0.00369	0.00371	0.70960
36	0.00665	0.00570	0.00570	0.00570	0.00760	0.00475	0.00428	0.00808	0.01283	0.01520	0.05701	0.05416	0.76483	0.01425	0.00665	0.00190	0.00285	0.01188	0.00523	0.00475
37	0.01387	0.01226	0.02012	0.37010	0.21597	0.01347	0.09966	0.12176	0.01425	0.04756	0.01128	0.01470	0.00852	0.00558	0.00573	0.00179	0.00724	0.00523	0.00323	0.00768
38	0.07516	0.01170	0.01610	0.01886	0.31104	0.01073	0.01103	0.05432	0.01275	0.01978	0.01026	0.01247	0.00846	0.00472	0.00475	0.00128	0.00528	0.00407	0.00325	0.40401
39	0.00665	0.00570	0.00570	0.00570	0.00760	0.00475	0.00428	0.00808	0.01283	0.01520	0.05701	0.05416	0.76483	0.01425	0.00665	0.00190	0.00285	0.01188	0.00523	0.00475
40	0.01365	0.32536	0.02326	0.11980	0.27867	0.01602	0.01269	0.01633	0.01192	0.01582	0.00934	0.01185	0.00799	0.00491	0.00463	0.00141	0.00621	0.00401	0.00267	0.11348

[dist]
# distance from previous block
# <min> <max>
0	1

[block]
# block no. 2 follows, 42 sequences, length 22
# corresponding to MSA columns:
# 289-310
name=unknown_C
#
# <colnr> <probs for GDERKNQSTAVLIFYWHMCP>
#	G	D	E	R	K	N	Q	S	T	A	V	L	I	F	Y	W	H	M	C	P
0	0.49877	0.01755	0.01148	0.01037	0.01361	0.33327	0.00809	0.01902	0.01224	0.02045	0.00820	0.00956	0.00658	0.00546	0.00415	0.00162	0.00678	0.00329	0.00324	0.00627
1	0.00826	0.00569	0.00726	0.00687	0.00819	0.00530	0.00515	0.01091	0.01545	0.02238	0.67806	0.03961	0.04864	0.01093	0.00633	0.00172	0.00265	0.00961	0.10168	0.00530
2	0.00944	0.00918	0.03793	0.00975	0.01256	0.00843	0.09483	0.01497	0.19304	0.01787	0.06463	0.07107	0.41152	0.01125	0.00640	0.00191	0.00424	0.00976	0.00499	0.00623
3	0.07938	0.01199	0.01237	0.01113	0.01434	0.01389	0.00869	0.02885	0.69794	0.02368	0.02172	0.02006	0.01630	0.00744	0.00555	0.00190	0.00445	0.00610	0.00555	0.00869
4	0.00733	0.00545	0.00603	0.00627	0.00709	0.00501	0.00409	0.00808	0.01051	0.01326	0.03586	0.18228	0.32126	0.34435	0.01594	0.00346	0.00402	0.01108	0.00447	0.00416
5	0.01354	0.01377	0.02525	0.05749	0.32006	0.01378	0.31312	0.01942	0.12824	0.01887	0.01280	0.01558	0.00998	0.00534	0.00603	0.00181	0.00752	0.00589	0.00325	0.00826
6	0.14621	0.01088	0.01176	0.00963	0.01302	0.01146	0.00778	0.28571	0.01768	0.18802	0.01675	0.07574	0.01300	0.00736	0.00511	0.00168	0.00471	0.00575	0.15989	0.00784
7	0.01505	0.80561	0.02949	0.00963	0.01444	0.02227	0.00963	0.01685	0.01143	0.01324	0.00782	0.00903	0.00722	0.00481	0.00361	0.00120	0.00602	0.00301	0.00241	0.00722
8	0.00665	0.00570	0.00570	0.00570	0.00760	0.00475	0.00428	0.00808	0.01283	0.01520	0.05701	0.05416	0.76483	0.01425	0.00665	0.00190	0.00285	0.01188	0.00523	0.00475
9	0.01327	0.01164	0.01362	0.17874	0.01983	0.01368	0.01035	0.02656	0.59645	0.02157	0.02013	0.01971	0.01510	0.00720	0.00570	0.00190	0.00511	0.00607	0.00503	0.00834
10	0.01475	0.01224	0.01302	0.01147	0.01470	0.01398	0.00897	0.14322	0.59569	0.02489	0.02189	0.06639	0.01717	0.00809	0.00580	0.00190	0.00466	0.00673	0.00568	0.00875
11	0.04808	0.01303	0.08837	0.01219	0.01669	0.01110	0.11777	0.14706	0.06442	0.09278	0.10065	0.01964	0.05843	0.00677	0.00554	0.00159	0.00555	0.00588	0.00451	0.17993
12	0.01454	0.16162	0.08352	0.18747	0.12042	0.01373	0.10775	0.03039	0.01265	0.13294	0.01220	0.01467	0.00927	0.00829	0.06483	0.00224	0.00758	0.00495	0.00334	0.00760
13	0.01183	0.00599	0.00629	0.00598	0.00764	0.00600	0.00457	0.01522	0.05677	0.07874	0.01893	0.02084	0.01455	0.00665	0.00417	0.00138	0.00290	0.00534	0.72039	0.00580
14	0.01200	0.01035	0.07272	0.19100	0.12027	0.00927	0.01085	0.01474	0.01277	0.13282	0.04224	0.05209	0.25425	0.00911	0.00638	0.00186	0.02860	0.00768	0.00425	0.00674
15	0.01687	0.01411	0.01834	0.14316	0.28890	0.10623	0.01360	0.11406	0.01491	0.13566	0.01220	0.01427	0.00923	0.00611	0.00653	0.00175	0.06719	0.00494	0.00375	0.00818
16	0.01088	0.00990	0.01634	0.09397	0.26362	0.01007	0.09029	0.01452	0.06916	0.01689	0.01949	0.29002	0.02022	0.01008	0.00636	0.00199	0.00564	0.03977	0.00394	0.00684
17	0.00671	0.00547	0.00594	0.00631	0.00776	0.00470	0.00455	0.00801	0.01224	0.01496	0.04954	0.26800	0.55582	0.01522	0.00680	0.00201	0.00297	0.01306	0.00523	0.00470
18	0.01278	0.01216	0.01582	0.20985	0.23418	0.09803	0.01243	0.05298	0.05775	0.01721	0.03581	0.10935	0.01508	0.05318	0.00717	0.00204	0.00648	0.03720	0.00356	0.00694
19	0.01678	0.13043	0.08111	0.02029	0.23086	0.27858	0.07571	0.06957	0.01461	0.01718	0.00978	0.01186	0.00798	0.00538	0.00520	0.00156	0.00812	0.00433	0.00294	0.00774
20	0.01082	0.01040	0.05550	0.07029	0.01493	0.05817	0.07593	0.01298	0.01235	0.07481	0.03082	0.17793	0.27218	0.01130	0.00758	0.00198	0.08223	0.00951	0.00435	0.00593
21	0.00730	0.00555	0.00680	0.00738	0.00855	0.00504	0.00551	0.00894	0.01261	0.01631	0.15329	0.31281	0.28723	0.01520	0.00701	0.00212	0.00333	0.12479	0.00537	0.00484

[dist]
# distance from previous block
# <min> <max>
0	5

[block]
# block no. 3 follows, 42 sequences, length 97
# corresponding to MSA columns:
# 316-348,355-418
name=unknown_D
#
# <colnr> <probs for GDERKNQSTAVLIFYWHMCP>
#	G	D	E	R	K	N	Q	S	T	A	V	L	I	F	Y	W	H	M	C	P
0	0.01479	0.01658	0.06486	0.05114	0.46258	0.15368	0.07073	0.01804	0.01325	0.01735	0.01022	0.01311	0.00840	0.00513	0.00547	0.00161	0.00750	0.00473	0.00281	0.05804
1	0.35587	0.05993	0.01107	0.00925	0.01189	0.13977	0.00738	0.04151	0.01169	0.01948	0.03463	0.01969	0.01263	0.08583	0.08508	0.00283	0.00671	0.07528	0.00359	0.00588
2	0.14030	0.10527	0.23169	0.01085	0.01532	0.01169	0.01118	0.01731	0.03304	0.13094	0.01690	0.08226	0.05160	0.00764	0.00564	0.00178	0.03597	0.02964	0.05380	0.00719
3	0.01382	0.01841	0.24379	0.02449	0.39906	0.03853	0.01671	0.07804	0.01368	0.01948	0.01057	0.01298	0.00834	0.00522	0.00538	0.00163	0.00704	0.00458	0.00295	0.07530
4	0.01681	0.00771	0.01036	0.00858	0.01146	0.00683	0.00683	0.01922	0.01602	0.40568	0.38436	0.03032	0.03305	0.00918	0.00614	0.00176	0.00375	0.00786	0.00659	0.00749
5	0.01482	0.75891	0.07421	0.01001	0.01504	0.02171	0.01030	0.01691	0.01146	0.01352	0.00796	0.00920	0.00722	0.00485	0.00372	0.00124	0.00616	0.00308	0.00241	0.00729
6	0.00769	0.00554	0.00728	0.00727	0.00835	0.00513	0.00529	0.00993	0.01464	0.02052	0.58137	0.23065	0.04914	0.01303	0.00677	0.00190	0.00281	0.01163	0.00595	0.00513
7	0.00739	0.00572	0.00666	0.00643	0.00796	0.00507	0.00477	0.00939	0.01424	0.01883	0.41946	0.04725	0.36970	0.04332	0.00749	0.00197	0.00285	0.01086	0.00565	0.00499
8	0.00686	0.00490	0.00653	0.00784	0.00816	0.00457	0.00522	0.00784	0.01077	0.01437	0.03102	0.79855	0.03722	0.01763	0.00718	0.00229	0.00326	0.01600	0.00522	0.00457
9	0.01581	0.01814	0.01672	0.01466	0.01583	0.32361	0.01173	0.01713	0.01156	0.01364	0.00791	0.01144	0.00733	0.00822	0.01309	0.00206	0.47776	0.00440	0.00264	0.00630
10	0.01505	0.80561	0.02949	0.00963	0.01444	0.02227	0.00963	0.01685	0.01143	0.01324	0.00782	0.00903	0.00722	0.00481	0.00361	0.00120	0.00602	0.00301	0.00241	0.00722
11	0.84197	0.01088	0.00827	0.00740	0.01088	0.01262	0.00609	0.01654	0.00958	0.02525	0.00784	0.00914	0.00609	0.00522	0.00348	0.00174	0.00435	0.00305	0.00348	0.00609
12	0.02411	0.01140	0.01419	0.01088	0.01528	0.01098	0.00899	0.23995	0.01916	0.55418	0.01964	0.01749	0.01265	0.00690	0.00565	0.00173	0.00520	0.00548	0.00657	0.00958
13	0.01167	0.01000	0.01167	0.00834	0.01334	0.00750	0.00667	0.01417	0.01167	0.01834	0.01000	0.01167	0.00834	0.00417	0.00417	0.00083	0.00417	0.00333	0.00333	0.83663
14	0.02102	0.02682	0.01595	0.01450	0.01740	0.77963	0.01087	0.02247	0.01595	0.01377	0.00870	0.01015	0.00725	0.00580	0.00507	0.00145	0.01015	0.00362	0.00290	0.00652
15	0.00832	0.00598	0.00802	0.00813	0.00945	0.00568	0.00651	0.01095	0.01498	0.02073	0.52874	0.04891	0.04646	0.01280	0.00700	0.00203	0.00347	0.24068	0.00587	0.00527
16	0.84197	0.01088	0.00827	0.00740	0.01088	0.01262	0.00609	0.01654	0.00958	0.02525	0.00784	0.00914	0.00609	0.00522	0.00348	0.00174	0.00435	0.00305	0.00348	0.00609
17	0.01562	0.01121	0.01231	0.01080	0.01401	0.01242	0.00854	0.07992	0.50891	0.12809	0.02201	0.02183	0.01653	0.00769	0.00564	0.00185	0.00450	0.03404	0.07549	0.00860
18	0.01691	0.19347	0.01781	0.01197	0.01563	0.19729	0.00978	0.12455	0.31417	0.02058	0.01488	0.01472	0.01155	0.00645	0.00509	0.00161	0.00639	0.00479	0.00430	0.00806
19	0.00908	0.00535	0.00802	0.00802	0.00842	0.00575	0.00575	0.00842	0.00802	0.01110	0.01190	0.01912	0.01150	0.02866	0.32657	0.50384	0.00898	0.00535	0.00267	0.00348
20	0.02075	0.08322	0.01757	0.01323	0.01719	0.28787	0.01067	0.43233	0.02153	0.02599	0.01135	0.01196	0.00856	0.00626	0.00527	0.00157	0.00758	0.00439	0.00440	0.00830
21	0.00873	0.00702	0.01059	0.05709	0.11749	0.00740	0.00832	0.01089	0.01117	0.01553	0.11294	0.18885	0.05222	0.02409	0.31732	0.00482	0.00869	0.02731	0.00396	0.00558
22	0.01505	0.80561	0.02949	0.00963	0.01444	0.02227	0.00963	0.01685	0.01143	0.01324	0.00782	0.00903	0.00722	0.00481	0.00361	0.00120	0.00602	0.00301	0.00241	0.00722
23	0.02370	0.01206	0.01460	0.01119	0.01561	0.01196	0.00925	0.31714	0.02027	0.47543	0.01871	0.01689	0.01218	0.00688	0.00565	0.00172	0.00535	0.00542	0.00643	0.00957
24	0.00815	0.00559	0.00682	0.00682	0.00706	0.00583	0.00426	0.00862	0.00839	0.01142	0.01711	0.03336	0.01896	0.62342	0.20539	0.00630	0.00772	0.00768	0.00332	0.00379
25	0.01827	0.02194	0.01408	0.01274	0.01551	0.57836	0.00962	0.06509	0.01617	0.01585	0.06111	0.01836	0.11488	0.00737	0.00542	0.00155	0.00844	0.00525	0.00359	0.00640
26	0.01328	0.01518	0.03321	0.02372	0.02941	0.01423	0.74668	0.01803	0.01328	0.01803	0.01139	0.01518	0.00854	0.00474	0.00664	0.00190	0.00949	0.00664	0.00285	0.00759
27	0.02102	0.02682	0.01595	0.01450	0.01740	0.77963	0.01087	0.02247	0.01595	0.01377	0.00870	0.01015	0.00725	0.00580	0.00507	0.00145	0.01015	0.00362	0.00290	0.00652
28	0.00889	0.05750	0.11554	0.00900	0.01179	0.00772	0.04073	0.01193	0.01450	0.02001	0.47164	0.03655	0.15180	0.01037	0.00628	0.00176	0.00398	0.00902	0.00514	0.00586
29	0.00686	0.00490	0.00653	0.00784	0.00816	0.00457	0.00522	0.00784	0.01077	0.01437	0.03102	0.79855	0.03722	0.01763	0.00718	0.00229	0.00326	0.01600	0.00522	0.00457
30	0.00796	0.00575	0.00752	0.00708	0.00841	0.00531	0.00531	0.01062	0.01593	0.02257	0.76415	0.04204	0.05310	0.01150	0.00664	0.00177	0.00265	0.01018	0.00619	0.00531
31	0.00688	0.00495	0.00654	0.00774	0.00815	0.00460	0.00520	0.00793	0.01100	0.01465	0.05490	0.75132	0.06063	0.01733	0.00715	0.00226	0.00323	0.01569	0.00525	0.00460
32	0.01716	0.03866	0.07629	0.01460	0.06167	0.23067	0.01167	0.20539	0.05968	0.02088	0.01133	0.01304	0.00898	0.00681	0.00757	0.00174	0.14619	0.00459	0.05548	0.00760
33	0.02293	0.01329	0.01536	0.01177	0.01622	0.01378	0.00973	0.46015	0.02232	0.32951	0.01699	0.01577	0.01131	0.00684	0.00564	0.00171	0.00563	0.00530	0.00616	0.00957
34	0.01503	0.00785	0.00942	0.00814	0.01104	0.00712	0.00640	0.01825	0.09029	0.32029	0.03666	0.08035	0.31744	0.01059	0.00610	0.00184	0.00381	0.00884	0.03341	0.00712
35	0.01438	0.01483	0.06293	0.05497	0.59506	0.04801	0.01654	0.06127	0.01351	0.01886	0.01051	0.01359	0.00868	0.00538	0.00604	0.00171	0.03730	0.00490	0.00292	0.00862
36	0.00686	0.00520	0.00635	0.00724	0.00810	0.00469	0.00505	0.00804	0.01150	0.01471	0.03922	0.53801	0.26793	0.01649	0.00703	0.00217	0.00320	0.03832	0.00522	0.00465
37	0.02525	0.00958	0.01306	0.01001	0.01437	0.00827	0.00827	0.02743	0.01611	0.77102	0.02220	0.01915	0.01393	0.00697	0.00566	0.00174	0.00479	0.00566	0.00697	0.00958
38	0.01295	0.00933	0.00949	0.00866	0.01051	0.08650	0.00675	0.09886	0.01328	0.05535	0.01573	0.01891	0.01276	0.01603	0.20913	0.00347	0.03630	0.00527	0.36467	0.00606
39	0.01282	0.09011	0.07848	0.01571	0.12468	0.07084	0.10245	0.07727	0.06113	0.01797	0.02059	0.12802	0.12101	0.00866	0.00647	0.00182	0.04363	0.00744	0.00383	0.00708
40	0.00755	0.00546	0.00640	0.00663	0.00728	0.00521	0.00433	0.00840	0.01039	0.01360	0.08805	0.19094	0.19140	0.36352	0.06295	0.00396	0.00480	0.01058	0.00437	0.00419
41	0.00686	0.00490	0.00653	0.00784	0.00816	0.00457	0.00522	0.00784	0.01077	0.01437	0.03102	0.79855	0.03722	0.01763	0.00718	0.00229	0.00326	0.01600	0.00522	0.00457
42	0.01396	0.01170	0.01883	0.24501	0.40112	0.01245	0.01484	0.01835	0.07558	0.08910	0.01279	0.01554	0.00985	0.00564	0.00556	0.00175	0.00643	0.00519	0.02821	0.00811
43	0.01394	0.01168	0.01849	0.11701	0.43582	0.01136	0.01376	0.01699	0.01265	0.08912	0.01211	0.03759	0.00995	0.00548	0.00536	0.00155	0.00600	0.00507	0.00333	0.17273
44	0.53061	0.01338	0.01180	0.09125	0.06575	0.12518	0.00890	0.01706	0.01084	0.02128	0.00834	0.01041	0.00668	0.00561	0.00498	0.00175	0.05305	0.00358	0.00319	0.00637
45	0.76455	0.01076	0.00873	0.00765	0.01121	0.01221	0.00630	0.01757	0.01020	0.09594	0.00920	0.01009	0.00684	0.00539	0.00369	0.00174	0.00439	0.00329	0.00381	0.00642
46	0.00877	0.00802	0.00754	0.00729	0.00940	0.05291	0.00549	0.01263	0.13904	0.01650	0.04732	0.07468	0.56442	0.01275	0.00642	0.00189	0.00358	0.01061	0.00517	0.00555
47	0.00818	0.00548	0.00627	0.00627	0.00631	0.00553	0.00357	0.00827	0.00822	0.01101	0.01761	0.03617	0.02017	0.76821	0.06226	0.00562	0.00589	0.00809	0.00339	0.00348
48	0.00736	0.00573	0.00669	0.00645	0.00804	0.00505	0.00483	0.00945	0.01450	0.01918	0.43911	0.04761	0.38025	0.01277	0.00664	0.00183	0.00274	0.01096	0.00575	0.00505
49	0.01498	0.01258	0.01328	0.01165	0.01501	0.01446	0.00915	0.12580	0.65945	0.02513	0.02165	0.02000	0.01616	0.00752	0.00571	0.00188	0.00469	0.00619	0.00571	0.00900
50	0.01393	0.01337	0.02284	0.03454	0.76712	0.01337	0.01727	0.01727	0.01281	0.01839	0.01059	0.01393	0.00891	0.00501	0.00557	0.00167	0.00669	0.00501	0.00279	0.00891
51	0.00768	0.00574	0.00712	0.00678	0.00823	0.00519	0.00508	0.01006	0.01525	0.02095	0.60841	0.04471	0.20985	0.01211	0.00664	0.00180	0.00270	0.01055	0.00598	0.00519
52	0.00818	0.00546	0.00614	0.00614	0.00614	0.00546	0.00341	0.00818	0.00818	0.01091	0.01773	0.03683	0.02046	0.80222	0.02864	0.00546	0.00546	0.00818	0.00341	0.00341
53	0.01063	0.01000	0.01688	0.78870	0.03876	0.01250	0.01563	0.01438	0.01125	0.01438	0.01000	0.01500	0.00750	0.00563	0.00563	0.00188	0.00750	0.00500	0.00250	0.00625
54	0.02124	0.02021	0.01651	0.01357	0.01743	0.32374	0.01077	0.45665	0.02224	0.02675	0.01158	0.01216	0.00864	0.00637	0.00541	0.00159	0.00778	0.00449	0.00453	0.00835
55	0.04342	0.01857	0.31866	0.01283	0.01850	0.01230	0.01355	0.15441	0.07568	0.20438	0.05996	0.01640	0.01276	0.00655	0.00552	0.00176	0.00629	0.00519	0.00462	0.00865
56	0.01354	0.49357	0.32830	0.01221	0.01843	0.01857	0.01412	0.01724	0.01161	0.01508	0.00874	0.01017	0.00718	0.00503	0.00431	0.00144	0.00694	0.00347	0.00239	0.00766
57	0.00804	0.00603	0.00904	0.00904	0.01005	0.00703	0.00703	0.01005	0.00904	0.01306	0.01507	0.02211	0.01407	0.04221	0.77992	0.00904	0.01507	0.00603	0.00301	0.00502
58	0.01578	0.01414	0.01155	0.01023	0.01295	0.26215	0.00786	0.05090	0.06033	0.14101	0.16313	0.02785	0.18089	0.00903	0.00587	0.00169	0.00578	0.00719	0.00497	0.00669
59	0.02142	0.01485	0.01677	0.01388	0.06215	0.01606	0.01079	0.61447	0.02435	0.12618	0.01442	0.01424	0.01007	0.00668	0.00563	0.00169	0.00605	0.00514	0.00563	0.00953
60	0.00695	0.00497	0.00661	0.00778	0.00818	0.00463	0.00523	0.00806	0.01119	0.01503	0.09000	0.73769	0.03850	0.01714	0.00714	0.00224	0.00322	0.01553	0.00530	0.00463
61	0.00679	0.00546	0.00606	0.00643	0.00782	0.00473	0.00462	0.00815	0.01238	0.01538	0.09036	0.27974	0.50212	0.01512	0.00681	0.00201	0.00297	0.01303	0.00528	0.00473
62	0.00931	0.00511	0.00752	0.00755	0.00773	0.00526	0.00516	0.00784	0.00776	0.01051	0.01174	0.04191	0.01192	0.07027	0.14581	0.62679	0.00654	0.00560	0.00268	0.00299
63	0.00833	0.00607	0.00793	0.00774	0.00912	0.00577	0.00603	0.01139	0.03878	0.02168	0.62322	0.04481	0.04865	0.01203	0.00679	0.00191	0.00312	0.12520	0.00602	0.00540
64	0.00722	0.00512	0.00675	0.00792	0.00831	0.00486	0.00542	0.00826	0.01072	0.01426	0.02950	0.64387	0.03497	0.09972	0.00949	0.00265	0.00369	0.08774	0.00503	0.00451
65	0.12454	0.02071	0.32299	0.01575	0.02184	0.03835	0.16734	0.18281	0.01529	0.02271	0.01079	0.01252	0.00784	0.00554	0.00542	0.00177	0.00761	0.00472	0.00337	0.00810
66	0.01446	0.01586	0.05683	0.02602	0.38087	0.09977	0.18858	0.01964	0.10605	0.01840	0.01208	0.01459	0.00959	0.00538	0.00578	0.00173	0.00753	0.00537	0.00316	0.00830
67	0.00755	0.00496	0.00628	0.00734	0.00785	0.00470	0.00498	0.00885	0.01097	0.01563	0.02859	0.64956	0.03285	0.01551	0.00656	0.00210	0.00314	0.01394	0.16392	0.00470
68	0.00818	0.00546	0.00614	0.00614	0.00614	0.00546	0.00341	0.00818	0.00818	0.01091	0.01773	0.03683	0.02046	0.80222	0.02864	0.00546	0.00546	0.00818	0.00341	0.00341
69	0.26574	0.13644	0.13976	0.01284	0.07801	0.05634	0.01106	0.04042	0.06577	0.09301	0.01111	0.01212	0.00845	0.00579	0.00517	0.00169	0.04111	0.00405	0.00356	0.00753
70	0.01201	0.09217	0.15065	0.24519	0.06965	0.01354	0.13264	0.01773	0.11509	0.01723	0.03596	0.01721	0.04422	0.00615	0.00563	0.00179	0.00700	0.00557	0.00322	0.00735
71	0.00793	0.00575	0.00747	0.00704	0.00838	0.00529	0.00528	0.01055	0.01584	0.02236	0.74414	0.04238	0.07324	0.01158	0.00664	0.00177	0.00266	0.01023	0.00617	0.00529
72	0.01342	0.11214	0.05142	0.07265	0.55679	0.01393	0.01564	0.01667	0.01270	0.01774	0.05551	0.01499	0.01121	0.00543	0.00539	0.00164	0.00647	0.00504	0.00291	0.00831
73	0.01674	0.00994	0.01368	0.01136	0.01339	0.01131	0.00933	0.01863	0.01306	0.32321	0.15841	0.02079	0.01881	0.00899	0.01099	0.00204	0.32070	0.00623	0.00501	0.00738
74	0.01116	0.00954	0.01006	0.00930	0.01193	0.01034	0.00719	0.02133	0.45809	0.02061	0.07358	0.03385	0.26640	0.01017	0.00612	0.00191	0.00384	0.02173	0.00558	0.00727
75	0.01393	0.01337	0.02284	0.03454	0.76712	0.01337	0.01727	0.01727	0.01281	0.01839	0.01059	0.01393	0.00891	0.00501	0.00557	0.00167	0.00669	0.00501	0.00279	0.00891
76	0.01167	0.01000	0.01167	0.00834	0.01334	0.00750	0.00667	0.01417	0.01167	0.01834	0.01000	0.01167	0.00834	0.00417	0.00417	0.00083	0.00417	0.00333	0.00333	0.83663
77	0.01335	0.01318	0.02437	0.32963	0.03150	0.01399	0.35035	0.11833	0.01430	0.01899	0.01113	0.01488	0.00827	0.00538	0.00609	0.00186	0.00823	0.00576	0.00310	0.00733
78	0.02202	0.01475	0.01626	0.01247	0.01695	0.01595	0.01030	0.63055	0.02477	0.15566	0.01493	0.01443	0.01028	0.00679	0.00563	0.00170	0.00596	0.00516	0.00585	0.00957
79	0.02139	0.01576	0.01689	0.01295	0.01745	0.01745	0.01070	0.74835	0.02646	0.03547	0.01351	0.01351	0.00957	0.00676	0.00563	0.00169	0.00619	0.00507	0.00563	0.00957
80	0.01063	0.01000	0.01688	0.78870	0.03876	0.01250	0.01563	0.01438	0.01125	0.01438	0.01000	0.01500	0.00750	0.00563	0.00563	0.00188	0.00750	0.00500	0.00250	0.00625
81	0.01674	0.09414	0.29850	0.01368	0.01891	0.29542	0.01384	0.02021	0.01391	0.10974	0.01299	0.01379	0.04194	0.00607	0.00519	0.00161	0.00810	0.00439	0.00327	0.00756
82	0.00751	0.00575	0.00689	0.00666	0.00820	0.00514	0.00503	0.00970	0.01469	0.01966	0.47919	0.04718	0.31774	0.01265	0.00668	0.00184	0.00280	0.03179	0.00580	0.00510
83	0.02139	0.01576	0.01689	0.01295	0.01745	0.01745	0.01070	0.74835	0.02646	0.03547	0.01351	0.01351	0.00957	0.00676	0.00563	0.00169	0.00619	0.00507	0.00563	0.00957
84	0.02370	0.01206	0.01460	0.01119	0.01561	0.01196	0.00925	0.31714	0.02027	0.47543	0.01871	0.01689	0.01218	0.00688	0.00565	0.00172	0.00535	0.00542	0.00643	0.00957
85	0.01129	0.02911	0.77306	0.01604	0.02436	0.01307	0.02079	0.01782	0.01188	0.01782	0.01010	0.01188	0.00713	0.00535	0.00535	0.00178	0.00832	0.00416	0.00238	0.00832
86	0.00665	0.00570	0.00570	0.00570	0.00760	0.00475	0.00428	0.00808	0.01283	0.01520	0.05701	0.05416	0.76483	0.01425	0.00665	0.00190	0.00285	0.01188	0.00523	0.00475
87	0.00813	0.00569	0.00731	0.00731	0.00771	0.00609	0.00487	0.00893	0.00853	0.01178	0.01666	0.03091	0.01789	0.49680	0.33055	0.00690	0.00932	0.00732	0.00325	0.00406
88	0.01064	0.00602	0.00799	0.00801	0.00939	0.00546	0.00580	0.01226	0.01309	0.16133	0.20484	0.44716	0.05778	0.01403	0.00675	0.00205	0.00340	0.01251	0.00579	0.00571
89	0.00754	0.00574	0.00693	0.00663	0.00814	0.00513	0.00497	0.00979	0.01492	0.02017	0.53351	0.04599	0.28524	0.01240	0.00664	0.00181	0.00272	0.01073	0.00588	0.00513
90	0.24592	0.00735	0.00704	0.00643	0.00872	0.00768	0.00507	0.01581	0.01170	0.11283	0.01587	0.01743	0.01202	0.00623	0.00402	0.00148	0.00337	0.00468	0.50035	0.00601
91	0.00808	0.00661	0.00937	0.10753	0.08702	0.00655	0.00769	0.00981	0.01156	0.01505	0.03178	0.43398	0.18339	0.01408	0.00674	0.00211	0.00413	0.04459	0.00464	0.00527
92	0.42708	0.06318	0.01297	0.04534	0.01495	0.32140	0.00865	0.01885	0.01232	0.01946	0.00828	0.00980	0.00669	0.00545	0.00423	0.00160	0.00692	0.00336	0.00314	0.00634
93	0.00816	0.00556	0.00667	0.00667	0.00685	0.00574	0.00407	0.00853	0.00834	0.01131	0.01725	0.03413	0.01929	0.66315	0.16612	0.00611	0.00722	0.00779	0.00334	0.00371
94	0.01090	0.00970	0.01564	0.13073	0.35914	0.00996	0.01230	0.02728	0.01207	0.01661	0.01838	0.31433	0.01956	0.00996	0.00620	0.00194	0.00548	0.00922	0.00373	0.00689
95	0.16956	0.01396	0.01474	0.01476	0.13762	0.10319	0.01015	0.17312	0.09965	0.17258	0.01430	0.01448	0.01036	0.00622	0.00515	0.00170	0.00587	0.00479	0.01950	0.00832
96	0.01306	0.01164	0.01235	0.01195	0.08660	0.11420	0.00824	0.03630	0.05039	0.05605	0.01710	0.16518	0.04165	0.00892	0.02793	0.00168	0.00544	0.00667	0.00401	0.32063

[dist]
# distance from previous block
# <min> <max>
0	1

[block]
# block no. 4 follows, 42 sequences, length 18
# corresponding to MSA columns:
# 420-437
name=unknown_E
#
# <colnr> <probs for GDERKNQSTAVLIFYWHMCP>
#	G	D	E	R	K	N	Q	S	T	A	V	L	I	F	Y	W	H	M	C	P
0	0.07309	0.01075	0.01619	0.02173	0.39904	0.01077	0.01191	0.05393	0.01372	0.07190	0.14635	0.07696	0.01946	0.04176	0.00673	0.00191	0.00535	0.00677	0.00408	0.00760
1	0.00705	0.00544	0.00636	0.00669	0.00789	0.00484	0.00476	0.00852	0.01261	0.01626	0.19173	0.29196	0.35329	0.04687	0.00772	0.00214	0.00305	0.01271	0.00535	0.00475
2	0.01485	0.76527	0.06812	0.00996	0.01496	0.02179	0.01021	0.01690	0.01146	0.01348	0.00794	0.00918	0.00722	0.00484	0.00370	0.00123	0.00614	0.00307	0.00241	0.00728
3	0.01438	0.01481	0.11393	0.01835	0.23130	0.01224	0.04007	0.17101	0.01521	0.02190	0.01098	0.01286	0.00862	0.00513	0.00512	0.00141	0.00604	0.00441	0.00352	0.28870
4	0.01341	0.01183	0.01991	0.32238	0.43799	0.01270	0.01605	0.01683	0.01243	0.06642	0.01113	0.01469	0.00870	0.00538	0.00560	0.00175	0.00687	0.00505	0.00295	0.00794
5	0.00714	0.00513	0.00670	0.00769	0.00814	0.00492	0.00520	0.00815	0.01050	0.01398	0.02960	0.59707	0.07148	0.10607	0.07187	0.00317	0.00448	0.02938	0.00484	0.00450
6	0.00818	0.00546	0.00614	0.00614	0.00614	0.00546	0.00341	0.00818	0.00818	0.01091	0.01773	0.03683	0.02046	0.80222	0.02864	0.00546	0.00546	0.00818	0.00341	0.00341
7	0.01645	0.55957	0.06281	0.01124	0.01572	0.22358	0.01052	0.01840	0.01266	0.01361	0.00817	0.00947	0.00722	0.00510	0.00409	0.00130	0.00723	0.00323	0.00254	0.00709
8	0.01134	0.00750	0.00944	0.00803	0.01065	0.00685	0.00622	0.01349	0.01125	0.09288	0.04680	0.02024	0.01441	0.07863	0.24119	0.00388	0.00734	0.00534	0.12909	0.27544
9	0.01432	0.13012	0.11090	0.05701	0.22854	0.03688	0.01331	0.06933	0.24319	0.01996	0.01404	0.01507	0.01093	0.00600	0.00530	0.00170	0.00620	0.00500	0.00377	0.00844
10	0.01004	0.00887	0.01169	0.01185	0.06079	0.04987	0.00856	0.01168	0.00945	0.01327	0.01315	0.02080	0.01279	0.13190	0.42501	0.00627	0.17981	0.00589	0.00293	0.00539
11	0.00846	0.00593	0.00731	0.00686	0.00849	0.00531	0.00518	0.01077	0.01511	0.05740	0.53940	0.04414	0.24066	0.01201	0.00659	0.00180	0.00281	0.01041	0.00597	0.00537
12	0.00818	0.00546	0.00614	0.00614	0.00614	0.00546	0.00341	0.00818	0.00818	0.01091	0.01773	0.03683	0.02046	0.80222	0.02864	0.00546	0.00546	0.00818	0.00341	0.00341
13	0.01408	0.01202	0.01744	0.01453	0.04943	0.01251	0.17614	0.26166	0.05302	0.02300	0.02153	0.16060	0.10628	0.00927	0.00681	0.00191	0.03946	0.00827	0.00462	0.00743
14	0.01905	0.06767	0.11528	0.01450	0.01930	0.17715	0.10559	0.28052	0.01858	0.10964	0.01244	0.01318	0.00899	0.00602	0.00548	0.00165	0.00755	0.00479	0.00424	0.00837
15	0.05863	0.06092	0.06361	0.05063	0.08220	0.06078	0.25744	0.10611	0.01485	0.07620	0.05171	0.01788	0.06069	0.00630	0.00580	0.00175	0.00715	0.00596	0.00378	0.00760
16	0.19003	0.08124	0.08161	0.06696	0.06065	0.07559	0.00886	0.05289	0.01122	0.01706	0.01208	0.01975	0.01169	0.27416	0.01268	0.00293	0.00618	0.00530	0.00321	0.00589
17	0.09043	0.18755	0.12326	0.06616	0.19900	0.01432	0.08529	0.01666	0.03838	0.01774	0.05157	0.04887	0.01221	0.00622	0.00520	0.00168	0.00640	0.01846	0.00314	0.00745

[dist]
# distance from previous block
# <min> <max>
14	64

[block]
# block no. 5 follows, 42 sequences, length 13
# corresponding to MSA columns:
# 540-552
name=unknown_F
#
# <colnr> <probs for GDERKNQSTAVLIFYWHMCP>
#	G	D	E	R	K	N	Q	S	T	A	V	L	I	F	Y	W	H	M	C	P
0	0.00835	0.11356	0.00991	0.00786	0.00923	0.00730	0.00600	0.00989	0.01210	0.01581	0.15361	0.38954	0.12466	0.03530	0.00717	0.00212	0.00371	0.07384	0.00495	0.00510
1	0.01408	0.01281	0.02048	0.22866	0.47545	0.01370	0.01595	0.11537	0.01425	0.01965	0.01083	0.01415	0.00863	0.00541	0.00559	0.00173	0.00683	0.00502	0.00310	0.00831
2	0.06515	0.01690	0.24852	0.14365	0.02209	0.03354	0.08067	0.13110	0.01410	0.01983	0.01594	0.11287	0.05633	0.00762	0.00574	0.00185	0.00680	0.00651	0.00356	0.00723
3	0.01269	0.01124	0.01887	0.16787	0.39259	0.01142	0.06741	0.01587	0.01297	0.06219	0.06929	0.02110	0.09846	0.00674	0.00586	0.00176	0.00621	0.00632	0.00350	0.00763
4	0.13824	0.01537	0.17357	0.01973	0.26356	0.01219	0.05719	0.06140	0.01319	0.10587	0.01330	0.07805	0.01104	0.00646	0.00542	0.00178	0.00631	0.00562	0.00366	0.00805
5	0.01334	0.01526	0.12386	0.08598	0.61459	0.01327	0.01763	0.01714	0.01258	0.01802	0.01048	0.01373	0.00857	0.00510	0.00554	0.00170	0.00696	0.00490	0.00271	0.00864
6	0.01295	0.01425	0.11930	0.30371	0.21120	0.06676	0.01481	0.01687	0.02999	0.06183	0.06552	0.01717	0.02912	0.00619	0.00563	0.00177	0.00692	0.00539	0.00325	0.00737
7	0.01762	0.12773	0.01854	0.06160	0.07146	0.44867	0.01169	0.01936	0.01360	0.01403	0.00857	0.01092	0.00740	0.00628	0.00719	0.00163	0.14033	0.00394	0.00273	0.00671
8	0.01103	0.01291	0.11970	0.61279	0.10580	0.01266	0.01648	0.01512	0.01149	0.01522	0.01007	0.01448	0.00759	0.00553	0.00558	0.00184	0.00753	0.00489	0.00251	0.00678
9	0.06487	0.11170	0.17612	0.01640	0.02151	0.24683	0.22193	0.04472	0.01384	0.01719	0.00977	0.01186	0.00760	0.00529	0.00533	0.00164	0.00863	0.00454	0.00285	0.00735
10	0.84197	0.01088	0.00827	0.00740	0.01088	0.01262	0.00609	0.01654	0.00958	0.02525	0.00784	0.00914	0.00609	0.00522	0.00348	0.00174	0.00435	0.00305	0.00348	0.00609
11	0.00921	0.14016	0.01247	0.00914	0.01079	0.00959	0.00747	0.01119	0.00945	0.01309	0.01386	0.01991	0.01292	0.03593	0.64969	0.00773	0.01355	0.00552	0.00291	0.00539
12	0.01414	0.16278	0.28660	0.01275	0.01778	0.14044	0.01317	0.11234	0.01429	0.01810	0.01463	0.10830	0.04671	0.00741	0.00531	0.00168	0.00706	0.00577	0.00337	0.00737

[dist]
# distance from previous block
# <min> <max>
1	3

[block]
# block no. 6 follows, 42 sequences, length 33
# corresponding to MSA columns:
# 559-591
name=unknown_G
#
# <colnr> <probs for GDERKNQSTAVLIFYWHMCP>
#	G	D	E	R	K	N	Q	S	T	A	V	L	I	F	Y	W	H	M	C	P
