[name]
unknown

[dist]
# distance from previous block
# <min> <max>
6	114

[block]
# block no. 0 follows, 33 sequences, length 82
# corresponding to MSA columns:
# 116-197
name=unknown_A
#
# <colnr> <probs for GDERKNQSTAVLIFYWHMCP>
#	G	D	E	R	K	N	Q	S	T	A	V	L	I	F	Y	W	H	M	C	P
0	0.01403	0.01329	0.01690	0.36019	0.07056	0.08057	0.01385	0.02038	0.15435	0.01925	0.05801	0.02335	0.01613	0.10029	0.00989	0.00264	0.00766	0.00684	0.00413	0.00768
1	0.00861	0.00650	0.00778	0.00784	0.00927	0.00586	0.00563	0.01065	0.01566	0.02081	0.33229	0.18284	0.26875	0.07577	0.00993	0.00257	0.00357	0.01359	0.00642	0.00567
2	0.02620	0.01655	0.01859	0.01425	0.01947	0.01762	0.01177	0.53008	0.02780	0.22149	0.01846	0.01753	0.01252	0.00797	0.00659	0.00199	0.00682	0.00611	0.00699	0.01120
3	0.00904	0.00642	0.00854	0.00901	0.00955	0.00673	0.00616	0.01023	0.01086	0.01490	0.02437	0.25712	0.02724	0.28185	0.28057	0.00676	0.00964	0.01146	0.00447	0.00508
4	0.01348	0.00734	0.00929	0.00887	0.01045	0.00675	0.00621	0.01485	0.01392	0.17831	0.10797	0.25044	0.07878	0.24480	0.01554	0.00356	0.00489	0.01212	0.00605	0.00637
5	0.00901	0.00606	0.00767	0.00848	0.00874	0.00588	0.00546	0.00947	0.01123	0.01495	0.02824	0.39611	0.03317	0.30962	0.01951	0.06812	0.00506	0.04355	0.00503	0.00466
6	0.02154	0.01806	0.01493	0.01298	0.01664	0.25658	0.01008	0.07178	0.14499	0.18270	0.02288	0.02232	0.07037	0.00844	0.00627	0.00191	0.00728	0.00645	0.09494	0.00885
7	0.01317	0.00712	0.00940	0.00943	0.01092	0.00652	0.00667	0.01465	0.01412	0.17868	0.08669	0.45205	0.03647	0.10838	0.01101	0.00293	0.00448	0.01433	0.00640	0.00657
8	0.07969	0.01202	0.01339	0.01165	0.01500	0.01278	0.00921	0.21600	0.12721	0.11059	0.08260	0.15738	0.03799	0.01128	0.00688	0.00219	0.00531	0.03821	0.04186	0.00875
9	0.01042	0.00819	0.00951	0.00963	0.01128	0.00837	0.00694	0.01632	0.19131	0.02108	0.15733	0.31559	0.13117	0.06029	0.00927	0.00262	0.00413	0.01349	0.00633	0.00673
10	0.00909	0.00624	0.00759	0.00805	0.00826	0.00622	0.00496	0.00962	0.01056	0.01418	0.02517	0.25861	0.02924	0.48657	0.08227	0.00560	0.00651	0.01212	0.00459	0.00455
11	0.01023	0.00730	0.00842	0.00835	0.01024	0.00682	0.00617	0.01369	0.07628	0.05415	0.19224	0.20787	0.29046	0.01519	0.00756	0.00224	0.00364	0.01312	0.05963	0.00638
12	0.00986	0.00722	0.00884	0.00878	0.01028	0.00693	0.00635	0.01352	0.08033	0.03555	0.35168	0.22667	0.12683	0.06532	0.00952	0.00254	0.00377	0.01317	0.00658	0.00625
13	0.01554	0.01776	0.03885	0.02775	0.03441	0.01665	0.70366	0.02109	0.01554	0.02109	0.01332	0.01776	0.00999	0.00555	0.00777	0.00222	0.01110	0.00777	0.00333	0.00888
14	0.01870	0.01628	0.03352	0.02412	0.03043	0.01507	0.54688	0.02357	0.01628	0.18172	0.01618	0.01881	0.01141	0.00614	0.00751	0.00218	0.00986	0.00751	0.00442	0.00940
15	0.00959	0.00719	0.00905	0.00938	0.01081	0.00699	0.00701	0.01339	0.08024	0.02198	0.30670	0.27776	0.10097	0.01614	0.00803	0.00241	0.00390	0.09561	0.00660	0.00626
16	0.58457	0.01085	0.00902	0.00843	0.01168	0.01213	0.00667	0.01644	0.01168	0.02571	0.01950	0.08774	0.10676	0.00987	0.00627	0.05049	0.00478	0.00647	0.00446	0.00650
17	0.00884	0.00656	0.00838	0.00958	0.01048	0.00632	0.00687	0.01132	0.05490	0.01792	0.03833	0.56353	0.10417	0.01924	0.00834	0.00265	0.00416	0.10650	0.00614	0.00576
18	0.00926	0.00680	0.00982	0.01049	0.01152	0.00736	0.00810	0.01142	0.01192	0.01647	0.02556	0.22695	0.02733	0.03633	0.42062	0.00718	0.01197	0.13049	0.00465	0.00577
19	0.01066	0.00919	0.01152	0.01143	0.01245	0.05771	0.00874	0.01259	0.01152	0.01574	0.02035	0.19049	0.02117	0.03582	0.44730	0.00734	0.09656	0.00936	0.00403	0.00602
20	0.00972	0.00721	0.00958	0.00935	0.01052	0.00771	0.00707	0.01059	0.01157	0.01530	0.03197	0.03621	0.25233	0.02941	0.27690	0.18742	0.06884	0.00894	0.00419	0.00519
21	0.00905	0.00655	0.00876	0.01016	0.01115	0.00626	0.00784	0.01100	0.01383	0.01805	0.03812	0.42991	0.09537	0.01933	0.00863	0.00278	0.00469	0.28678	0.00609	0.00565
22	0.12382	0.00811	0.00985	0.00928	0.01099	0.00869	0.00685	0.01473	0.01147	0.10413	0.01854	0.02854	0.01743	0.25595	0.31167	0.00679	0.01055	0.00725	0.02922	0.00613
23	0.01659	0.08850	0.15385	0.06911	0.12944	0.10403	0.07855	0.02037	0.01469	0.07531	0.01506	0.06278	0.01318	0.00834	0.00811	0.00214	0.08536	0.04217	0.00380	0.00863
24	0.01361	0.07680	0.01467	0.01175	0.01415	0.04631	0.00947	0.13667	0.01483	0.02001	0.01622	0.02209	0.01445	0.03619	0.51283	0.00783	0.01459	0.00641	0.00400	0.00713
25	0.02203	0.02208	0.02213	0.01776	0.02244	0.26130	0.13536	0.26617	0.11568	0.02748	0.01494	0.01601	0.01126	0.00725	0.00659	0.00196	0.00921	0.00589	0.00495	0.00948
26	0.01389	0.01135	0.01618	0.02062	0.25221	0.01153	0.01188	0.13689	0.01654	0.02260	0.02393	0.34826	0.02581	0.04649	0.00856	0.00247	0.00588	0.01172	0.00514	0.00803
27	0.01309	0.00782	0.01001	0.00969	0.01125	0.00744	0.00688	0.06765	0.01387	0.10485	0.02600	0.36684	0.02801	0.09074	0.01337	0.14627	0.00496	0.01214	0.00548	0.05365
28	0.01020	0.00660	0.00755	0.00771	0.00907	0.00603	0.00533	0.01157	0.01327	0.06465	0.04063	0.23442	0.26286	0.18601	0.01332	0.00319	0.00427	0.01283	0.09491	0.00559
29	0.00802	0.00573	0.00764	0.00917	0.00955	0.00535	0.00611	0.00917	0.01260	0.01681	0.03628	0.76434	0.04354	0.02062	0.00840	0.00267	0.00382	0.01872	0.00611	0.00535
30	0.01131	0.00704	0.00949	0.00982	0.01133	0.00677	0.00743	0.01330	0.01404	0.10492	0.08810	0.32963	0.09887	0.02297	0.13888	0.00396	0.00670	0.10309	0.00598	0.00634
31	0.00843	0.00600	0.00754	0.00850	0.00899	0.00565	0.00556	0.00947	0.01244	0.01653	0.07562	0.51245	0.08542	0.18892	0.01400	0.00345	0.00432	0.01593	0.00570	0.00511
32	0.12495	0.00897	0.01001	0.00920	0.01181	0.00904	0.00706	0.04737	0.05626	0.16523	0.06582	0.19046	0.02409	0.01091	0.00618	0.00205	0.00432	0.00913	0.22958	0.00757
33	0.01121	0.00771	0.00890	0.00842	0.01065	0.00721	0.00637	0.01513	0.08702	0.08141	0.24729	0.10767	0.30090	0.01402	0.00743	0.00216	0.00367	0.01199	0.05411	0.00673
34	0.19170	0.00821	0.00851	0.00814	0.00964	0.00846	0.00549	0.01242	0.01066	0.01784	0.01896	0.11287	0.02075	0.40958	0.06387	0.00481	0.00635	0.00864	0.00421	0.06889
35	0.01760	0.77260	0.03450	0.01126	0.01690	0.02605	0.01126	0.01971	0.01338	0.01549	0.00915	0.01056	0.00845	0.00563	0.00422	0.00141	0.00704	0.00352	0.00282	0.00845
36	0.08520	0.00776	0.00874	0.00805	0.01050	0.00712	0.00619	0.01405	0.01651	0.10194	0.31506	0.04837	0.31940	0.01349	0.00730	0.00213	0.00366	0.01135	0.00660	0.00659
37	0.00965	0.00736	0.00949	0.00900	0.01079	0.00709	0.00668	0.01175	0.01317	0.01843	0.16419	0.10345	0.11265	0.11742	0.25703	0.00538	0.00871	0.00979	0.00491	0.11305
38	0.00891	0.00637	0.00718	0.00743	0.00899	0.00573	0.00540	0.01097	0.01491	0.02033	0.17090	0.21224	0.32481	0.01538	0.00735	0.00217	0.00336	0.01324	0.14859	0.00573
39	0.00872	0.00605	0.00754	0.00833	0.00863	0.00581	0.00528	0.00954	0.01181	0.01585	0.07589	0.43265	0.03705	0.31482	0.01825	0.00409	0.00478	0.01466	0.00535	0.00487
40	0.00875	0.00637	0.00758	0.00835	0.00950	0.00588	0.00602	0.01031	0.01345	0.01757	0.04300	0.32052	0.25447	0.10163	0.01085	0.00292	0.00420	0.10423	0.05900	0.00541
41	0.01900	0.02075	0.01889	0.01639	0.01886	0.30960	0.05368	0.10350	0.01677	0.01952	0.01425	0.11783	0.01381	0.01007	0.01078	0.00222	0.21527	0.00709	0.00401	0.00771
42	0.00969	0.00617	0.00749	0.00771	0.00776	0.00612	0.00459	0.00934	0.00982	0.01309	0.02125	0.13952	0.02444	0.53159	0.02862	0.14867	0.00591	0.01016	0.00408	0.00398
43	0.01067	0.00707	0.00824	0.00844	0.00976	0.00693	0.00602	0.06645	0.01503	0.02160	0.10910	0.33222	0.09097	0.06554	0.00887	0.00248	0.00395	0.01275	0.20788	0.00603
44	0.01190	0.00837	0.00960	0.00923	0.01030	0.00861	0.00618	0.13558	0.01437	0.01920	0.02459	0.25836	0.02761	0.40239	0.02096	0.00445	0.00576	0.01170	0.00511	0.00571
45	0.01998	0.02286	0.01798	0.18226	0.02493	0.42875	0.01340	0.07629	0.01738	0.01818	0.01190	0.01522	0.00976	0.01215	0.09822	0.00294	0.01153	0.00509	0.00356	0.00762
46	0.01915	0.01991	0.01773	0.18180	0.02482	0.27263	0.01317	0.10856	0.19804	0.02227	0.01579	0.01748	0.01220	0.00919	0.03685	0.00235	0.00913	0.00575	0.00453	0.00864
47	0.02087	0.01622	0.01863	0.01486	0.01853	0.01877	0.01224	0.47246	0.02486	0.03401	0.09320	0.01921	0.01630	0.00934	0.01011	0.00219	0.17607	0.00656	0.00582	0.00974
48	0.01793	0.02025	0.18565	0.01875	0.02542	0.07130	0.24567	0.02264	0.01568	0.14955	0.01473	0.01653	0.01060	0.00616	0.00656	0.00189	0.00875	0.00594	0.00419	0.15183
49	0.02083	0.11252	0.12139	0.01952	0.14658	0.08511	0.01510	0.28882	0.02140	0.07052	0.01431	0.02918	0.01100	0.00719	0.00622	0.00191	0.00793	0.00560	0.00480	0.01008
50	0.01306	0.01177	0.01107	0.01102	0.01239	0.14219	0.00815	0.04353	0.01375	0.01679	0.02252	0.10092	0.02418	0.27190	0.11833	0.00488	0.00870	0.15450	0.00455	0.00579
51	0.05670	0.01300	0.01523	0.01200	0.01656	0.01297	0.00981	0.26423	0.02234	0.33393	0.07267	0.02595	0.09622	0.00928	0.00671	0.00204	0.00574	0.00741	0.00714	0.01007
52	0.16932	0.01161	0.01436	0.01123	0.01615	0.01078	0.00928	0.04251	0.01771	0.59403	0.02279	0.02020	0.01457	0.00778	0.00617	0.00204	0.00554	0.00606	0.00739	0.01048
53	0.00926	0.00728	0.00850	0.00862	0.01041	0.00686	0.00648	0.01290	0.08014	0.02103	0.23605	0.18377	0.29938	0.01591	0.00789	0.00233	0.00375	0.06679	0.00648	0.00619
54	0.01775	0.01637	0.07971	0.15951	0.39049	0.01552	0.01819	0.11244	0.01707	0.08877	0.01393	0.01683	0.01061	0.00651	0.00653	0.00202	0.00786	0.00586	0.00406	0.00999
55	0.81514	0.01273	0.00968	0.00866	0.01273	0.01477	0.00713	0.01935	0.01120	0.02954	0.00917	0.01069	0.00713	0.00611	0.00407	0.00204	0.00509	0.00356	0.00407	0.00713
56	0.57919	0.01283	0.01170	0.00984	0.01423	0.01407	0.00811	0.07544	0.01443	0.18664	0.01342	0.01369	0.00948	0.00670	0.00483	0.00203	0.00537	0.00443	0.00517	0.00835
57	0.01664	0.01690	0.01522	0.01562	0.07519	0.20489	0.01086	0.02564	0.31524	0.02161	0.02337	0.18766	0.02153	0.01075	0.00687	0.00217	0.00687	0.00902	0.00541	0.00854
58	0.01301	0.00876	0.01353	0.01102	0.01371	0.00851	0.16253	0.01664	0.01420	0.02376	0.01963	0.02301	0.01532	0.00719	0.00532	0.00169	0.00488	0.00650	0.62404	0.00676
59	0.01144	0.00572	0.00858	0.00858	0.00858	0.00572	0.00572	0.00858	0.00858	0.01144	0.01144	0.02001	0.01144	0.02287	0.02573	0.80846	0.00572	0.00572	0.00286	0.00286
60	0.00875	0.00648	0.00766	0.00772	0.00893	0.00594	0.00536	0.01046	0.01466	0.01946	0.27758	0.15995	0.23575	0.18604	0.01368	0.00318	0.00402	0.01296	0.00602	0.00540
61	0.00909	0.00609	0.00807	0.00879	0.00953	0.00571	0.00617	0.00978	0.01297	0.01721	0.12968	0.37277	0.11997	0.01952	0.01219	0.18459	0.00422	0.05315	0.00553	0.00497
62	0.00940	0.00705	0.01058	0.01058	0.01176	0.00823	0.00823	0.01176	0.01058	0.01528	0.01763	0.02586	0.01646	0.04937	0.74255	0.01058	0.01763	0.00705	0.00353	0.00588
63	0.01828	0.10513	0.01687	0.01169	0.01552	0.01464	0.00965	0.29489	0.02299	0.08722	0.29542	0.02886	0.03137	0.00984	0.00677	0.00195	0.00546	0.00805	0.00651	0.00889
64	0.01016	0.00723	0.01103	0.14189	0.01641	0.00806	0.00889	0.01124	0.01098	0.01490	0.01918	0.18969	0.01990	0.02835	0.25884	0.21525	0.00983	0.00913	0.00383	0.00523
65	0.06607	0.01258	0.01410	0.01178	0.01554	0.01310	0.00963	0.30253	0.02246	0.11694	0.13794	0.03448	0.11811	0.01103	0.00707	0.00215	0.00561	0.08345	0.00661	0.00884
66	0.00840	0.00637	0.00784	0.00886	0.01006	0.00581	0.00654	0.01006	0.01386	0.01765	0.04623	0.40636	0.27107	0.01887	0.00832	0.00259	0.00406	0.13542	0.00610	0.00555
67	0.02015	0.01562	0.01672	0.01398	0.01833	0.01760	0.01117	0.28471	0.43112	0.06253	0.02267	0.02121	0.01662	0.00852	0.00665	0.00213	0.00598	0.00684	0.00672	0.01074
68	0.00867	0.00642	0.00788	0.00813	0.00935	0.00587	0.00577	0.01061	0.01520	0.02036	0.30661	0.24938	0.19818	0.09264	0.01057	0.00272	0.00374	0.02595	0.00633	0.00560
69	0.01629	0.01564	0.02672	0.04041	0.72757	0.01564	0.02020	0.02020	0.01499	0.02151	0.01238	0.01629	0.01043	0.00587	0.00652	0.00196	0.00782	0.00587	0.00326	0.01043
70	0.00986	0.00753	0.00939	0.00942	0.01118	0.00739	0.00736	0.01395	0.08056	0.02225	0.31558	0.09475	0.16854	0.01778	0.06631	0.00300	0.00509	0.13728	0.00641	0.00638
71	0.00842	0.00662	0.00764	0.00786	0.00948	0.00591	0.00571	0.01071	0.03092	0.01996	0.22624	0.23435	0.36923	0.01667	0.00791	0.00230	0.00344	0.01445	0.00642	0.00578
72	0.00919	0.00647	0.00756	0.00752	0.00821	0.00618	0.00481	0.01026	0.01274	0.01711	0.20716	0.08996	0.12154	0.43818	0.02225	0.00455	0.00502	0.01125	0.00521	0.00483
73	0.00932	0.00653	0.00838	0.00934	0.00999	0.00637	0.00674	0.01071	0.01254	0.01657	0.04646	0.29621	0.04675	0.26437	0.01680	0.00397	0.00530	0.21308	0.00543	0.00514
74	0.00943	0.00681	0.00929	0.00917	0.01013	0.00729	0.00667	0.01134	0.01214	0.01714	0.17804	0.03562	0.02872	0.22872	0.39176	0.00756	0.01142	0.00881	0.00449	0.00546
75	0.00996	0.00635	0.00810	0.00810	0.00831	0.00656	0.00513	0.00974	0.00953	0.01291	0.01809	0.03480	0.01978	0.47210	0.15799	0.18833	0.00824	0.00825	0.00365	0.00407
76	0.00958	0.00731	0.00911	0.00873	0.00969	0.00765	0.00624	0.01114	0.01309	0.01783	0.21075	0.04339	0.15632	0.27215	0.11970	0.00480	0.07179	0.01027	0.00506	0.00539
77	0.01768	0.01024	0.01502	0.01669	0.17432	0.00950	0.01053	0.02078	0.01788	0.26201	0.32915	0.03277	0.03507	0.00996	0.00710	0.00203	0.00501	0.00877	0.00665	0.00884
78	0.01211	0.00816	0.00955	0.00872	0.01008	0.00806	0.00583	0.07195	0.01252	0.05021	0.02051	0.08362	0.02187	0.48965	0.08191	0.00538	0.00701	0.00900	0.00451	0.07935
79	0.11604	0.08785	0.01710	0.01351	0.04578	0.21386	0.01014	0.12851	0.01696	0.02245	0.01263	0.01691	0.01112	0.10831	0.00918	0.00226	0.00772	0.00508	0.00409	0.15050
80	0.08082	0.27556	0.23662	0.01409	0.02041	0.05328	0.01483	0.14420	0.01710	0.02358	0.05305	0.01484	0.01195	0.00678	0.00553	0.00182	0.00772	0.00489	0.00387	0.00905
81	0.01600	0.17394	0.04852	0.01405	0.05831	0.14335	0.01095	0.04153	0.10831	0.01899	0.01662	0.08687	0.01547	0.06332	0.08990	0.00308	0.00848	0.00667	0.00413	0.07153

[dist]
# distance from previous block
# <min> <max>
2	56

[block]
# block no. 1 follows, 33 sequences, length 12
# corresponding to MSA columns:
# 280-291
name=unknown_B
#
# <colnr> <probs for GDERKNQSTAVLIFYWHMCP>
#	G	D	E	R	K	N	Q	S	T	A	V	L	I	F	Y	W	H	M	C	P
0	0.01171	0.00915	0.01111	0.01224	0.09076	0.00900	0.00774	0.11159	0.01558	0.02025	0.03674	0.16928	0.25172	0.19736	0.01382	0.00325	0.00523	0.01164	0.00535	0.00650
1	0.11991	0.18266	0.19447	0.06133	0.02204	0.01679	0.06855	0.07412	0.01488	0.07769	0.01309	0.01546	0.01013	0.01118	0.08819	0.00289	0.00896	0.00516	0.00382	0.00870
2	0.13410	0.14782	0.07497	0.09295	0.05242	0.06883	0.01298	0.14486	0.01677	0.06893	0.01369	0.05825	0.01145	0.00786	0.00703	0.00201	0.06638	0.00574	0.00429	0.00866
3	0.01464	0.05906	0.01403	0.01122	0.01480	0.01140	0.00891	0.06368	0.16647	0.06910	0.02409	0.19605	0.02316	0.01123	0.00671	0.00201	0.00516	0.07951	0.00562	0.21312
4	0.01659	0.02868	0.01435	0.02816	0.02933	0.10819	0.00945	0.07416	0.08139	0.04714	0.01604	0.01802	0.01268	0.00734	0.00700	0.00170	0.07949	0.00539	0.22212	0.19276
5	0.37354	0.01189	0.01335	0.04193	0.11125	0.01338	0.01003	0.01983	0.09186	0.04835	0.01422	0.01718	0.01157	0.01647	0.17525	0.00402	0.00852	0.00531	0.00423	0.00781
6	0.08277	0.25661	0.02108	0.01174	0.01673	0.01752	0.01016	0.07911	0.16795	0.16015	0.01703	0.01665	0.01275	0.00696	0.00547	0.00175	0.00599	0.00520	0.00520	0.09917
7	0.01234	0.00852	0.01078	0.00996	0.01209	0.00872	0.00770	0.10095	0.01660	0.06906	0.20818	0.09767	0.13317	0.02498	0.24309	0.00486	0.00855	0.01010	0.00577	0.00690
8	0.01066	0.00810	0.01008	0.00982	0.01122	0.00879	0.00715	0.01565	0.14792	0.01915	0.14661	0.09203	0.02910	0.19888	0.24905	0.00587	0.00898	0.00949	0.00511	0.00634
9	0.01696	0.02804	0.33879	0.01611	0.02291	0.24676	0.01679	0.02161	0.01537	0.01947	0.01126	0.01319	0.00871	0.00611	0.00583	0.00170	0.00930	0.00444	0.00323	0.19342
10	0.01391	0.01179	0.01611	0.01966	0.24176	0.01193	0.01168	0.09915	0.09630	0.02509	0.20703	0.03465	0.16263	0.01048	0.00711	0.00207	0.00539	0.00914	0.00561	0.00850
11	0.08165	0.01221	0.01322	0.01119	0.01457	0.01302	0.00886	0.30945	0.02106	0.08644	0.02130	0.16225	0.01879	0.01018	0.00630	0.00202	0.00535	0.00831	0.18522	0.00861

[dist]
# distance from previous block
# <min> <max>
3	6

[block]
# block no. 2 follows, 33 sequences, length 23
# corresponding to MSA columns:
# 298-320
name=unknown_C
#
# <colnr> <probs for GDERKNQSTAVLIFYWHMCP>
#	G	D	E	R	K	N	Q	S	T	A	V	L	I	F	Y	W	H	M	C	P
0	0.01685	0.01362	0.01370	0.01189	0.01468	0.08678	0.00905	0.28551	0.02122	0.02779	0.15776	0.16065	0.02834	0.10923	0.01055	0.00266	0.00618	0.00970	0.00597	0.00787
1	0.00952	0.00625	0.00803	0.00897	0.00991	0.00570	0.00616	0.01080	0.01327	0.06648	0.03909	0.60406	0.12898	0.03836	0.00884	0.00267	0.00395	0.01702	0.00620	0.00575
2	0.14393	0.01490	0.01586	0.01309	0.01753	0.01638	0.01069	0.30653	0.19283	0.12164	0.01999	0.02179	0.01512	0.00858	0.00639	0.00212	0.00613	0.05004	0.00639	0.01005
3	0.01641	0.01216	0.01348	0.01109	0.01536	0.01206	0.00876	0.07219	0.27840	0.08524	0.02207	0.02181	0.04122	0.00766	0.00590	0.00172	0.00494	0.00624	0.10629	0.25699
4	0.01734	0.00927	0.01175	0.01080	0.01354	0.00894	0.00818	0.02224	0.14215	0.27666	0.06411	0.32911	0.03040	0.01368	0.00742	0.00234	0.00468	0.01200	0.00701	0.00841
5	0.00824	0.00656	0.00739	0.00745	0.00924	0.00571	0.00549	0.01024	0.01570	0.02006	0.24632	0.15191	0.44984	0.01630	0.00786	0.00224	0.00333	0.01397	0.00643	0.00571
6	0.00940	0.00705	0.01058	0.01058	0.01176	0.00823	0.00823	0.01176	0.01058	0.01528	0.01763	0.02586	0.01646	0.04937	0.74255	0.01058	0.01763	0.00705	0.00353	0.00588
7	0.01759	0.01102	0.01273	0.01106	0.01461	0.01124	0.00869	0.02666	0.30461	0.22248	0.12568	0.03410	0.14974	0.01068	0.00701	0.00216	0.00471	0.00895	0.00707	0.00922
8	0.01664	0.00834	0.01100	0.01038	0.01271	0.00765	0.00772	0.05171	0.01576	0.27692	0.03155	0.45900	0.03209	0.01548	0.00767	0.00241	0.00463	0.01371	0.00687	0.00775
9	0.00887	0.00650	0.00846	0.00979	0.01052	0.00634	0.00691	0.01140	0.05999	0.01785	0.03549	0.63635	0.04133	0.01956	0.00837	0.00268	0.00417	0.09350	0.00614	0.00577
10	0.12363	0.01630	0.01735	0.01357	0.01841	0.01782	0.01116	0.51451	0.02660	0.09712	0.06499	0.01804	0.01465	0.00808	0.00635	0.00200	0.00655	0.00610	0.00645	0.01034
11	0.00926	0.00652	0.00756	0.00742	0.00815	0.00622	0.00474	0.01035	0.01281	0.01722	0.22181	0.04749	0.12844	0.45861	0.02293	0.00463	0.00507	0.01080	0.00518	0.00482
12	0.01417	0.01480	0.05712	0.45802	0.26568	0.04149	0.01900	0.01846	0.01399	0.01852	0.01187	0.01676	0.00928	0.00634	0.00652	0.00209	0.00862	0.00575	0.00304	0.00846
13	0.02768	0.01418	0.01712	0.01312	0.01829	0.01409	0.01084	0.30898	0.02382	0.44820	0.02179	0.01969	0.01420	0.00805	0.00661	0.00201	0.00628	0.00634	0.00751	0.01120
14	0.15917	0.00991	0.01207	0.01119	0.01367	0.01093	0.00903	0.07445	0.01416	0.11316	0.02004	0.07860	0.01850	0.02497	0.27369	0.00533	0.04687	0.09202	0.00495	0.00729
15	0.01492	0.01876	0.21951	0.03958	0.29675	0.01310	0.01725	0.01959	0.01483	0.05633	0.06105	0.01835	0.01389	0.00660	0.00620	0.00185	0.00726	0.00579	0.05582	0.11257
16	0.01540	0.01685	0.03345	0.02465	0.02986	0.01726	0.52075	0.02131	0.07353	0.02068	0.01361	0.01773	0.01060	0.00691	0.01018	0.00234	0.14527	0.00738	0.00353	0.00871
17	0.00802	0.00573	0.00764	0.00917	0.00955	0.00535	0.00611	0.00917	0.01260	0.01681	0.03628	0.76434	0.04354	0.02062	0.00840	0.00267	0.00382	0.01872	0.00611	0.00535
18	0.00940	0.00693	0.00995	0.00985	0.01100	0.00768	0.00748	0.01170	0.01207	0.01724	0.15573	0.03186	0.02600	0.10295	0.53946	0.00857	0.01385	0.00821	0.00429	0.00578
19	0.48566	0.01411	0.06463	0.01029	0.01540	0.01301	0.02887	0.01865	0.01228	0.02616	0.01026	0.01205	0.00811	0.00572	0.00459	0.00172	0.00554	0.00389	0.00390	0.25515
20	0.29354	0.27556	0.08003	0.01208	0.01723	0.09531	0.01123	0.10879	0.01549	0.02418	0.01034	0.01169	0.00834	0.00626	0.00482	0.00178	0.00712	0.00403	0.00379	0.00837
21	0.01173	0.09391	0.23614	0.01224	0.01721	0.01131	0.01271	0.01577	0.01477	0.02067	0.15944	0.11392	0.08537	0.01073	0.00673	0.00201	0.00608	0.05375	0.00468	0.11083
22	0.01745	0.01437	0.01338	0.01169	0.01511	0.12797	0.00932	0.20735	0.02036	0.08672	0.03661	0.03955	0.27742	0.01208	0.00719	0.00214	0.00627	0.08105	0.00598	0.00800

[dist]
# distance from previous block
# <min> <max>
0	1

[block]
# block no. 3 follows, 33 sequences, length 28
# corresponding to MSA columns:
# 322-349
name=unknown_D
#
# <colnr> <probs for GDERKNQSTAVLIFYWHMCP>
#	G	D	E	R	K	N	Q	S	T	A	V	L	I	F	Y	W	H	M	C	P
0	0.01481	0.01248	0.01744	0.01425	0.01758	0.01348	0.13204	0.07619	0.22269	0.02560	0.13397	0.02552	0.02262	0.00892	0.00800	0.00209	0.07371	0.00765	0.14620	0.02476
1	0.00800	0.00643	0.00693	0.00728	0.00888	0.00558	0.00516	0.00940	0.01397	0.01711	0.05569	0.21918	0.50820	0.08563	0.01025	0.00270	0.00372	0.01459	0.00592	0.00537
2	0.02387	0.01787	0.01911	0.01491	0.01998	0.01988	0.01223	0.61601	0.12245	0.03963	0.01727	0.01698	0.01238	0.00804	0.00660	0.00201	0.00697	0.00613	0.00660	0.01109
3	0.02035	0.02101	0.01648	0.01450	0.01823	0.30200	0.01120	0.14719	0.25728	0.02461	0.02193	0.02154	0.07776	0.00861	0.00648	0.00198	0.00802	0.00650	0.00532	0.00902
4	0.01360	0.10091	0.67116	0.01808	0.02744	0.01626	0.02314	0.02075	0.01385	0.02036	0.01157	0.01360	0.00835	0.00620	0.00607	0.00202	0.00949	0.00474	0.00278	0.00961
5	0.12192	0.01458	0.02072	0.15138	0.22121	0.01592	0.04404	0.14813	0.01726	0.10660	0.01381	0.01633	0.01038	0.00706	0.00738	0.00210	0.06158	0.00574	0.00446	0.00939
6	0.00869	0.00651	0.00815	0.00920	0.01039	0.00603	0.00694	0.01045	0.01389	0.01775	0.04415	0.36100	0.23548	0.03857	0.00907	0.00274	0.00435	0.19503	0.00604	0.00556
7	0.00890	0.00625	0.00771	0.00854	0.00901	0.00601	0.00569	0.00983	0.01185	0.01559	0.03206	0.35815	0.08118	0.31473	0.01832	0.00414	0.00504	0.08681	0.00527	0.00490
8	0.01327	0.01287	0.01794	0.01585	0.01591	0.01754	0.01293	0.01466	0.01053	0.01601	0.01354	0.14731	0.01483	0.01314	0.01926	0.00284	0.62318	0.00806	0.00345	0.00687
9	0.02050	0.02064	0.01767	0.01655	0.06315	0.25750	0.01213	0.14016	0.32963	0.02564	0.01860	0.01842	0.01420	0.00786	0.00642	0.00200	0.00791	0.00604	0.00537	0.00962
10	0.01909	0.61509	0.03113	0.01247	0.01763	0.17823	0.01157	0.02111	0.01450	0.01562	0.00937	0.01084	0.00846	0.00588	0.00459	0.00147	0.00807	0.00367	0.00294	0.00827
11	0.01100	0.00650	0.00839	0.00918	0.01032	0.00612	0.00665	0.01282	0.01366	0.08324	0.03257	0.49128	0.03574	0.01694	0.00764	0.00245	0.00409	0.08742	0.14790	0.00609
12	0.00844	0.00672	0.00758	0.00744	0.00939	0.00586	0.00563	0.01068	0.01635	0.02102	0.30832	0.05847	0.45849	0.01553	0.00782	0.00219	0.00334	0.03439	0.00653	0.00581
13	0.01255	0.00938	0.01083	0.01074	0.01293	0.00982	0.00803	0.02037	0.27205	0.06567	0.03575	0.32324	0.11544	0.01493	0.00763	0.00244	0.00451	0.04960	0.00645	0.00764
14	0.01440	0.01440	0.02016	0.01728	0.01728	0.02016	0.01440	0.01584	0.01008	0.01584	0.00864	0.01440	0.00864	0.01152	0.02160	0.00288	0.75659	0.00576	0.00288	0.00720
15	0.00932	0.00673	0.00880	0.00828	0.00984	0.00621	0.00621	0.01242	0.01863	0.02640	0.72410	0.04918	0.06212	0.01346	0.00776	0.00207	0.00311	0.01191	0.00725	0.00621
16	0.01170	0.00836	0.01027	0.00968	0.01158	0.00831	0.00724	0.08877	0.06549	0.04415	0.40797	0.22415	0.04786	0.01423	0.00770	0.00222	0.00394	0.01254	0.00687	0.00695
17	0.00803	0.00614	0.00723	0.00805	0.00913	0.00550	0.00553	0.00930	0.01335	0.01692	0.04721	0.43956	0.31060	0.06954	0.00985	0.00275	0.00380	0.01620	0.00597	0.00534
18	0.01760	0.77260	0.03450	0.01126	0.01690	0.02605	0.01126	0.01971	0.01338	0.01549	0.00915	0.01056	0.00845	0.00563	0.00422	0.00141	0.00704	0.00352	0.00282	0.00845
19	0.00830	0.00584	0.00756	0.00881	0.00913	0.00553	0.00573	0.00924	0.01207	0.01609	0.03353	0.63652	0.04007	0.15319	0.01285	0.00333	0.00427	0.01710	0.00573	0.00511
20	0.00853	0.00639	0.00704	0.00731	0.00833	0.00585	0.00480	0.00945	0.01244	0.01563	0.04324	0.17865	0.32897	0.31356	0.01802	0.00394	0.00462	0.01304	0.00528	0.00490
21	0.01760	0.77260	0.03450	0.01126	0.01690	0.02605	0.01126	0.01971	0.01338	0.01549	0.00915	0.01056	0.00845	0.00563	0.00422	0.00141	0.00704	0.00352	0.00282	0.00845
22	0.08268	0.00742	0.00823	0.00823	0.01035	0.00686	0.00629	0.01242	0.01495	0.06446	0.13078	0.17407	0.36298	0.01559	0.00758	0.00232	0.00392	0.06854	0.00619	0.00614
23	0.06012	0.00771	0.00843	0.00826	0.00961	0.00778	0.00565	0.01349	0.09342	0.01892	0.14103	0.11239	0.15360	0.31119	0.01762	0.00387	0.00487	0.01095	0.00539	0.00568
24	0.01783	0.17270	0.28259	0.01366	0.01999	0.01448	0.01482	0.02226	0.01589	0.21111	0.13082	0.02124	0.01923	0.00781	0.00619	0.00193	0.00700	0.00621	0.00495	0.00929
25	0.01546	0.00947	0.01528	0.01339	0.01625	0.00873	0.12121	0.01803	0.01520	0.20953	0.02954	0.32301	0.02980	0.01441	0.00794	0.00249	0.00587	0.13057	0.00620	0.00761
26	0.00942	0.00622	0.00747	0.00822	0.00893	0.00599	0.00563	0.01081	0.01241	0.01743	0.03142	0.32826	0.07867	0.21812	0.01448	0.00347	0.00456	0.07724	0.14606	0.00520
27	0.01274	0.01195	0.01586	0.01340	0.01486	0.07720	0.12058	0.01420	0.01152	0.01512	0.01626	0.03002	0.01711	0.39763	0.06898	0.00493	0.14028	0.00797	0.00360	0.00580

[dist]
# distance from previous block
# <min> <max>
0	1

[block]
# block no. 4 follows, 33 sequences, length 40
# corresponding to MSA columns:
# 351-390
name=unknown_E
#
# <colnr> <probs for GDERKNQSTAVLIFYWHMCP>
#	G	D	E	R	K	N	Q	S	T	A	V	L	I	F	Y	W	H	M	C	P
0	0.01015	0.00839	0.01191	0.01173	0.01235	0.01015	0.00901	0.01187	0.01114	0.01593	0.02174	0.27192	0.02369	0.03052	0.32055	0.00605	0.19197	0.01067	0.00424	0.00602
1	0.01373	0.01528	0.18644	0.01238	0.01639	0.01075	0.01178	0.12984	0.01772	0.06684	0.19096	0.22623	0.03203	0.02931	0.00788	0.00232	0.00581	0.01068	0.00573	0.00791
2	0.01701	0.01458	0.02466	0.07191	0.26196	0.01469	0.18179	0.02381	0.14282	0.10556	0.05930	0.02091	0.01575	0.00711	0.00694	0.00210	0.00766	0.00706	0.00469	0.00969
3	0.00934	0.00653	0.00829	0.00889	0.01016	0.00650	0.00672	0.01144	0.01310	0.01828	0.03506	0.23925	0.16470	0.02436	0.18556	0.00436	0.00723	0.09631	0.13820	0.00574
4	0.01677	0.01355	0.01533	0.01123	0.01692	0.01197	0.00909	0.20548	0.01839	0.02695	0.01283	0.01424	0.01015	0.00571	0.00534	0.00125	0.00552	0.00446	0.00464	0.59020
5	0.01588	0.01077	0.01457	0.01505	0.09938	0.01147	0.01045	0.06929	0.09691	0.14950	0.02383	0.11092	0.05830	0.02140	0.20959	0.00453	0.05607	0.00846	0.00533	0.00831
6	0.01857	0.01089	0.01279	0.01068	0.01435	0.01054	0.00863	0.18517	0.02037	0.23071	0.11103	0.03916	0.23561	0.01184	0.00723	0.00214	0.00507	0.04965	0.00693	0.00865
7	0.00850	0.00650	0.00737	0.00745	0.00885	0.00584	0.00522	0.01009	0.01443	0.01858	0.19892	0.14869	0.35201	0.16310	0.01288	0.00306	0.00394	0.01325	0.00595	0.00537
8	0.01417	0.01566	0.11388	0.03310	0.19913	0.04861	0.01398	0.09655	0.01583	0.02136	0.02326	0.16472	0.09558	0.01330	0.05405	0.00273	0.05231	0.00907	0.00444	0.00824
9	0.01611	0.01876	0.05431	0.01605	0.01951	0.22906	0.13341	0.04630	0.01604	0.01903	0.06064	0.02620	0.14713	0.01247	0.06208	0.00273	0.10099	0.00758	0.00415	0.00745
10	0.01750	0.06453	0.05145	0.07087	0.02353	0.17549	0.14078	0.02605	0.25129	0.02107	0.01634	0.01787	0.01270	0.00759	0.00785	0.00211	0.07354	0.00620	0.00436	0.00888
11	0.02289	0.07189	0.01929	0.01557	0.01961	0.40188	0.01220	0.19186	0.13708	0.02412	0.01424	0.01485	0.01107	0.00734	0.00611	0.00183	0.00934	0.00514	0.00468	0.00901
12	0.01395	0.01063	0.01217	0.01066	0.01314	0.01129	0.00791	0.13832	0.14184	0.02196	0.01936	0.02830	0.01797	0.27217	0.15899	0.00507	0.00835	0.00743	0.00484	0.09563
13	0.01072	0.00590	0.00820	0.00820	0.00864	0.00569	0.00558	0.00875	0.00983	0.01267	0.02221	0.02846	0.15055	0.02166	0.02223	0.65126	0.00525	0.00731	0.00349	0.00338
14	0.00886	0.00711	0.00804	0.00844	0.01025	0.00656	0.00637	0.01185	0.06541	0.01880	0.07527	0.21972	0.41335	0.01708	0.00800	0.00242	0.00391	0.09643	0.00619	0.00595
15	0.01359	0.06997	0.10852	0.14537	0.26128	0.01466	0.01649	0.01738	0.01307	0.01837	0.01301	0.01800	0.01111	0.01689	0.18551	0.00412	0.05527	0.00585	0.00315	0.00839
16	0.01253	0.00746	0.00919	0.00902	0.01126	0.00661	0.00696	0.01450	0.01541	0.15752	0.08000	0.21541	0.30870	0.01595	0.00787	0.00239	0.00424	0.10173	0.00656	0.00671
17	0.00900	0.00662	0.00840	0.00874	0.00995	0.00653	0.00644	0.01086	0.01323	0.01778	0.11638	0.17689	0.18647	0.11685	0.18901	0.00486	0.00744	0.06623	0.03277	0.00554
18	0.28693	0.01094	0.01112	0.00948	0.01297	0.01154	0.00763	0.11007	0.01685	0.14914	0.13405	0.02245	0.02026	0.00822	0.00555	0.00194	0.00474	0.00628	0.16183	0.00801
19	0.81514	0.01273	0.00968	0.00866	0.01273	0.01477	0.00713	0.01935	0.01120	0.02954	0.00917	0.01069	0.00713	0.00611	0.00407	0.00204	0.00509	0.00356	0.00407	0.00713
20	0.00898	0.00680	0.00833	0.00820	0.00996	0.00616	0.00632	0.01162	0.01711	0.02295	0.44114	0.05641	0.26803	0.01499	0.00792	0.00222	0.00350	0.08663	0.00676	0.00599
21	0.00862	0.00631	0.00809	0.00847	0.00961	0.00579	0.00604	0.01076	0.01577	0.02152	0.36991	0.34357	0.12766	0.01675	0.00803	0.00233	0.00342	0.01491	0.00666	0.00579
22	0.00794	0.00640	0.00708	0.00749	0.00914	0.00554	0.00540	0.00954	0.01452	0.01801	0.09711	0.26680	0.48673	0.01763	0.00796	0.00235	0.00346	0.01518	0.00618	0.00554
23	0.02277	0.01518	0.01638	0.01298	0.01769	0.04760	0.01054	0.33433	0.08410	0.20397	0.02436	0.02312	0.09178	0.00879	0.00660	0.00197	0.00630	0.00691	0.00662	0.05801
24	0.00961	0.00722	0.00827	0.00862	0.00964	0.00719	0.00577	0.01277	0.10497	0.01703	0.03506	0.30213	0.15179	0.27044	0.01653	0.00379	0.00478	0.01331	0.00547	0.00560
25	0.07898	0.01329	0.01505	0.01213	0.01627	0.01389	0.00982	0.29377	0.06677	0.19206	0.18987	0.02556	0.02494	0.00924	0.00670	0.00203	0.00559	0.00746	0.00692	0.00965
26	0.00847	0.00616	0.00773	0.00840	0.00925	0.00570	0.00574	0.01002	0.01398	0.01871	0.19979	0.41963	0.13571	0.10585	0.01111	0.00291	0.00389	0.01541	0.00613	0.00542
27	0.00952	0.00661	0.00833	0.00833	0.00872	0.00700	0.00542	0.01031	0.00991	0.01361	0.01970	0.03728	0.02141	0.52628	0.27242	0.00780	0.01017	0.00872	0.00383	0.00463
28	0.00840	0.00589	0.00753	0.00869	0.00897	0.00560	0.00560	0.00927	0.01187	0.01583	0.03252	0.58964	0.03879	0.20180	0.01448	0.00357	0.00444	0.01650	0.00560	0.00502
29	0.01784	0.02012	0.01966	0.01717	0.01832	0.26346	0.01384	0.01936	0.01297	0.01593	0.00916	0.01355	0.00859	0.00993	0.01632	0.00248	0.50566	0.00525	0.00305	0.00735
30	0.31522	0.01317	0.01411	0.01127	0.01602	0.01363	0.00930	0.15877	0.01842	0.34118	0.01786	0.01685	0.01196	0.00736	0.00568	0.00203	0.00574	0.00537	0.00636	0.00972
31	0.00907	0.00673	0.00987	0.01024	0.01122	0.00753	0.00772	0.01113	0.01107	0.01565	0.02215	0.20473	0.02302	0.04241	0.56473	0.00867	0.01429	0.00988	0.00415	0.00575
32	0.02503	0.01844	0.01976	0.01515	0.02042	0.02042	0.01251	0.70562	0.03095	0.04149	0.01581	0.01581	0.01120	0.00790	0.00659	0.00198	0.00724	0.00593	0.00659	0.01120
33	0.00957	0.00638	0.00718	0.00718	0.00718	0.00638	0.00399	0.00957	0.00957	0.01276	0.02074	0.04308	0.02393	0.76864	0.03351	0.00638	0.00638	0.00957	0.00399	0.00399
34	0.01365	0.01170	0.01365	0.00975	0.01560	0.00878	0.00780	0.01658	0.01365	0.02145	0.01170	0.01365	0.00975	0.00488	0.00488	0.00098	0.00488	0.00390	0.00390	0.80888
35	0.01466	0.01212	0.01416	0.15570	0.02059	0.01330	0.01060	0.17430	0.18796	0.02531	0.03481	0.03429	0.25336	0.01085	0.00701	0.00216	0.00573	0.00896	0.00574	0.00835
36	0.01506	0.01020	0.01179	0.01052	0.01358	0.01008	0.00856	0.18170	0.01974	0.10275	0.12056	0.04785	0.26339	0.01354	0.00762	0.00228	0.00503	0.14145	0.00657	0.00771
37	0.39485	0.01577	0.01504	0.01211	0.01682	0.01777	0.00999	0.38440	0.02171	0.03589	0.01270	0.01341	0.00929	0.00706	0.00541	0.00200	0.00624	0.00482	0.00541	0.00929
38	0.25186	0.01456	0.06365	0.01074	0.01450	0.10050	0.00907	0.05705	0.01533	0.10599	0.02784	0.10792	0.17526	0.01054	0.00622	0.00211	0.00590	0.00824	0.00520	0.00753
39	0.10173	0.01379	0.10781	0.09796	0.01884	0.01192	0.01123	0.10145	0.06823	0.02629	0.27309	0.02945	0.05360	0.00957	0.00666	0.00203	0.00562	0.00797	0.00548	0.04730

[dist]
# distance from previous block
# <min> <max>
4	46

[block]
# block no. 5 follows, 33 sequences, length 82
# corresponding to MSA columns:
# 443-524
name=unknown_F
#
# <colnr> <probs for GDERKNQSTAVLIFYWHMCP>
#	G	D	E	R	K	N	Q	S	T	A	V	L	I	F	Y	W	H	M	C	P
0	0.07872	0.02102	0.02032	0.01685	0.02069	0.30998	0.13349	0.10400	0.01772	0.05485	0.01417	0.06093	0.01209	0.01093	0.06182	0.00263	0.04119	0.00629	0.00419	0.00812
1	0.01089	0.00917	0.01357	0.14367	0.10056	0.01020	0.01082	0.01384	0.04562	0.01736	0.02352	0.32324	0.02547	0.06613	0.09657	0.00366	0.06299	0.01152	0.00457	0.00664
2	0.05636	0.46727	0.03052	0.01568	0.07197	0.02277	0.08222	0.14401	0.01679	0.02187	0.01102	0.01267	0.00919	0.00607	0.00517	0.00166	0.00745	0.00456	0.00364	0.00907
3	0.19425	0.01020	0.01121	0.01045	0.01325	0.01062	0.00796	0.06969	0.09673	0.15217	0.02576	0.32073	0.02538	0.01283	0.00678	0.00231	0.00484	0.01089	0.00613	0.00783
4	0.67215	0.01376	0.01150	0.00983	0.01412	0.01579	0.00810	0.14355	0.01478	0.03170	0.01037	0.01162	0.00787	0.00644	0.00453	0.00203	0.00548	0.00399	0.00453	0.00787
5	0.01760	0.77260	0.03450	0.01126	0.01690	0.02605	0.01126	0.01971	0.01338	0.01549	0.00915	0.01056	0.00845	0.00563	0.00422	0.00141	0.00704	0.00352	0.00282	0.00845
6	0.00835	0.00675	0.00746	0.00745	0.00946	0.00586	0.00570	0.01046	0.01588	0.01997	0.22014	0.06080	0.51743	0.01602	0.00787	0.00225	0.00348	0.06253	0.00638	0.00575
7	0.00988	0.00773	0.01210	0.01128	0.01267	0.00854	0.05856	0.01208	0.01078	0.01530	0.01783	0.02809	0.01721	0.16403	0.57244	0.00928	0.01531	0.00752	0.00359	0.00579
8	0.00990	0.00732	0.00883	0.00897	0.01010	0.00750	0.00649	0.01248	0.06343	0.01632	0.03102	0.04728	0.14785	0.32751	0.15134	0.00556	0.00774	0.12012	0.00482	0.00542
9	0.01331	0.00816	0.00893	0.00835	0.01042	0.00840	0.00652	0.09610	0.04995	0.02663	0.14561	0.03150	0.02586	0.00955	0.00582	0.00182	0.00388	0.05687	0.47537	0.00694
10	0.01391	0.01321	0.02242	0.47926	0.30731	0.01502	0.01902	0.01812	0.01386	0.01862	0.01196	0.01707	0.00941	0.00631	0.00656	0.00210	0.00841	0.00586	0.00305	0.00851
11	0.01629	0.01564	0.02672	0.04041	0.72757	0.01564	0.02020	0.02020	0.01499	0.02151	0.01238	0.01629	0.01043	0.00587	0.00652	0.00196	0.00782	0.00587	0.00326	0.01043
12	0.01350	0.01307	0.01843	0.01607	0.01628	0.01800	0.01329	0.01510	0.01017	0.01574	0.01027	0.01648	0.01006	0.01837	0.15208	0.00427	0.62285	0.00600	0.00300	0.00696
13	0.02942	0.01139	0.01539	0.01180	0.01690	0.00995	0.00975	0.04933	0.01915	0.71444	0.02571	0.02224	0.01617	0.00814	0.00662	0.00204	0.00564	0.00660	0.00811	0.01120
14	0.02940	0.01142	0.01541	0.01182	0.01691	0.01000	0.00976	0.05213	0.01920	0.71158	0.02567	0.02221	0.01614	0.00814	0.00662	0.00204	0.00565	0.00660	0.00810	0.01120
15	0.00905	0.00656	0.00819	0.00863	0.01003	0.00596	0.00639	0.01110	0.01532	0.03540	0.23853	0.29771	0.22095	0.01708	0.00810	0.00241	0.00376	0.08252	0.00647	0.00584
16	0.00862	0.00659	0.00791	0.00781	0.00947	0.00588	0.00577	0.01099	0.01664	0.02222	0.41055	0.13758	0.29522	0.01543	0.00784	0.00219	0.00327	0.01341	0.00671	0.00588
17	0.81514	0.01273	0.00968	0.00866	0.01273	0.01477	0.00713	0.01935	0.01120	0.02954	0.00917	0.01069	0.00713	0.00611	0.00407	0.00204	0.00509	0.00356	0.00407	0.00713
18	0.00807	0.00668	0.00707	0.00698	0.00907	0.00568	0.00523	0.01001	0.01569	0.01942	0.19156	0.06066	0.59901	0.01606	0.00778	0.00219	0.00329	0.01352	0.00633	0.00568
19	0.00929	0.00646	0.00680	0.00680	0.00796	0.00601	0.00450	0.01047	0.01247	0.01673	0.03951	0.04827	0.30732	0.33869	0.01833	0.00390	0.00460	0.01076	0.13615	0.00498
20	0.00856	0.00606	0.00762	0.00845	0.00895	0.00573	0.00554	0.00968	0.01267	0.01699	0.11780	0.46428	0.06907	0.20984	0.01468	0.00352	0.00436	0.01536	0.00571	0.00512
21	0.00904	0.00672	0.00842	0.00799	0.00967	0.00609	0.00599	0.01189	0.01798	0.02485	0.60573	0.05173	0.18145	0.01404	0.00777	0.00210	0.00315	0.01226	0.00704	0.00609
22	0.01760	0.77260	0.03450	0.01126	0.01690	0.02605	0.01126	0.01971	0.01338	0.01549	0.00915	0.01056	0.00845	0.00563	0.00422	0.00141	0.00704	0.00352	0.00282	0.00845
23	0.00814	0.00654	0.00729	0.00758	0.00933	0.00568	0.00560	0.00995	0.01503	0.01879	0.14496	0.19511	0.48141	0.01707	0.00795	0.00232	0.00351	0.04186	0.00626	0.00562
24	0.01365	0.01170	0.01365	0.00975	0.01560	0.00878	0.00780	0.01658	0.01365	0.02145	0.01170	0.01365	0.00975	0.00488	0.00488	0.00098	0.00488	0.00390	0.00390	0.80888
25	0.00905	0.00616	0.00734	0.00786	0.00798	0.00603	0.00471	0.00944	0.01060	0.01414	0.02602	0.28811	0.03060	0.51452	0.02498	0.00512	0.00551	0.01268	0.00471	0.00445
26	0.06073	0.00845	0.01116	0.01107	0.01348	0.00803	0.00902	0.01817	0.01536	0.22510	0.03120	0.22770	0.03133	0.01522	0.00792	0.00260	0.00532	0.28413	0.00656	0.00743
27	0.01213	0.00751	0.00828	0.00760	0.01034	0.00637	0.00587	0.01403	0.01568	0.15379	0.05682	0.05374	0.55681	0.01463	0.00741	0.00216	0.00375	0.01215	0.04429	0.00666
28	0.00845	0.00596	0.00769	0.00870	0.00915	0.00564	0.00574	0.00962	0.01276	0.01719	0.11366	0.55044	0.04216	0.15516	0.01287	0.00327	0.00420	0.01627	0.00586	0.00520
29	0.01243	0.01170	0.01975	0.75282	0.04534	0.01463	0.01828	0.01682	0.01316	0.01682	0.01170	0.01755	0.00878	0.00658	0.00658	0.00219	0.00878	0.00585	0.00293	0.00731
30	0.01117	0.00842	0.00946	0.00932	0.01069	0.00874	0.00641	0.05675	0.14460	0.01895	0.03083	0.23882	0.10379	0.29228	0.01714	0.00386	0.00518	0.01194	0.00547	0.00618
31	0.00943	0.00684	0.00945	0.00936	0.01032	0.00743	0.00686	0.01136	0.01180	0.01670	0.14623	0.03417	0.02649	0.21352	0.44135	0.00804	0.01234	0.00853	0.00431	0.00549
32	0.01278	0.00923	0.01023	0.00958	0.01152	0.00955	0.00682	0.06103	0.18031	0.05999	0.03220	0.13017	0.14752	0.27081	0.01624	0.00367	0.00526	0.01058	0.00567	0.00683
33	0.01005	0.00572	0.00820	0.00882	0.00897	0.00557	0.00588	0.00882	0.01021	0.01362	0.02152	0.32215	0.02447	0.02196	0.01870	0.48137	0.00495	0.01099	0.00418	0.00387
34	0.02110	0.01003	0.01306	0.01123	0.01472	0.00935	0.00890	0.06732	0.05442	0.39600	0.07354	0.19925	0.02678	0.01203	0.00726	0.00225	0.00514	0.05113	0.00731	0.00916
35	0.01251	0.00956	0.01190	0.01119	0.01262	0.01081	0.00853	0.10095	0.06594	0.01948	0.02125	0.07909	0.02159	0.23296	0.19066	0.00553	0.08501	0.08928	0.00467	0.00648
36	0.00921	0.00659	0.00893	0.00920	0.00985	0.00710	0.00645	0.01057	0.01061	0.01473	0.02203	0.16518	0.02382	0.28108	0.37614	0.00777	0.01143	0.00999	0.00415	0.00516
37	0.01361	0.00921	0.01109	0.00897	0.01225	0.00774	0.00661	0.01564	0.01387	0.10483	0.13398	0.02945	0.02348	0.23706	0.01420	0.00291	0.00512	0.00726	0.00499	0.33772
38	0.01974	0.01708	0.01772	0.01692	0.10276	0.11376	0.01201	0.30030	0.13743	0.03074	0.14099	0.02264	0.02115	0.00865	0.00672	0.00199	0.00687	0.00699	0.00589	0.00962
39	0.01640	0.01736	0.01503	0.01363	0.01557	0.26324	0.01049	0.06007	0.01476	0.01722	0.01729	0.02289	0.06542	0.09586	0.18651	0.00455	0.14654	0.00655	0.00379	0.00683
40	0.01393	0.01536	0.18293	0.01173	0.01672	0.01017	0.01146	0.01938	0.08662	0.10773	0.18552	0.03081	0.12130	0.00959	0.00666	0.00191	0.00553	0.00802	0.00550	0.14913
41	0.34434	0.01238	0.01389	0.01233	0.01429	0.01549	0.01018	0.01675	0.01188	0.02300	0.09621	0.02070	0.01621	0.00993	0.01194	0.00244	0.30996	0.04700	0.00409	0.00698
42	0.00946	0.00633	0.00721	0.00733	0.00735	0.00631	0.00414	0.00954	0.00980	0.01306	0.02188	0.09600	0.02537	0.71376	0.03167	0.00611	0.00619	0.01024	0.00414	0.00409
43	0.11907	0.01935	0.02523	0.01928	0.02453	0.14471	0.27705	0.18487	0.05858	0.02648	0.01356	0.01567	0.01022	0.00657	0.00658	0.00202	0.00910	0.00608	0.00441	0.02663
44	0.01365	0.01170	0.01365	0.00975	0.01560	0.00878	0.00780	0.01658	0.01365	0.02145	0.01170	0.01365	0.00975	0.00488	0.00488	0.00098	0.00488	0.00390	0.00390	0.80888
45	0.00927	0.00600	0.00761	0.00823	0.00839	0.00585	0.00515	0.00923	0.01063	0.01417	0.02541	0.33180	0.02970	0.33386	0.02195	0.14592	0.00523	0.01261	0.00465	0.00434
46	0.00817	0.00603	0.00769	0.00894	0.00973	0.00555	0.00625	0.00954	0.01321	0.01719	0.04153	0.59044	0.16295	0.01975	0.00834	0.00262	0.00390	0.06662	0.00611	0.00544
47	0.00860	0.00652	0.00775	0.00846	0.00973	0.00596	0.00622	0.01017	0.01373	0.01739	0.05909	0.27114	0.30406	0.10879	0.01130	0.00300	0.00432	0.13248	0.00587	0.00541
48	0.01629	0.01564	0.02672	0.04041	0.72757	0.01564	0.02020	0.02020	0.01499	0.02151	0.01238	0.01629	0.01043	0.00587	0.00652	0.00196	0.00782	0.00587	0.00326	0.01043
49	0.02459	0.03138	0.01866	0.01696	0.02035	0.74221	0.01272	0.02629	0.01866	0.01611	0.01018	0.01187	0.00848	0.00678	0.00594	0.00170	0.01187	0.00424	0.00339	0.00763
50	0.00819	0.00661	0.00729	0.00727	0.00918	0.00571	0.00539	0.01019	0.01576	0.01992	0.23267	0.11186	0.50461	0.01614	0.00782	0.00222	0.00331	0.01374	0.00640	0.00571
