[name]
unknown

[dist]
# distance from previous block
# <min> <max>
18	1078

[block]
# block no. 0 follows, 39 sequences, length 10
# corresponding to MSA columns:
# 1265-1274
name=unknown_A
#
# <colnr> <probs for GDERKNQSTAVLIFYWHMCP>
#	G	D	E	R	K	N	Q	S	T	A	V	L	I	F	Y	W	H	M	C	P
0	0.01350	0.04498	0.20173	0.24141	0.07555	0.07328	0.01471	0.04528	0.05203	0.05227	0.01612	0.01916	0.06742	0.04937	0.00712	0.00206	0.00735	0.00570	0.00345	0.00752
1	0.01314	0.07567	0.24422	0.02009	0.24016	0.01357	0.01552	0.07232	0.01420	0.01987	0.07143	0.02095	0.07214	0.00746	0.00661	0.00186	0.04767	0.03141	0.00355	0.00817
2	0.04669	0.01393	0.07100	0.07345	0.05231	0.11255	0.01019	0.08705	0.06356	0.07921	0.11556	0.02684	0.14057	0.00873	0.00602	0.00181	0.00586	0.02665	0.00474	0.05328
3	0.10854	0.07486	0.10249	0.01355	0.09843	0.06407	0.01051	0.01894	0.13538	0.05151	0.07028	0.02070	0.04396	0.07189	0.04771	0.00247	0.00642	0.00584	0.00410	0.04836
4	0.03942	0.09958	0.11831	0.01643	0.07859	0.22585	0.08245	0.13058	0.01655	0.09073	0.01183	0.01309	0.00892	0.00595	0.00549	0.00166	0.00806	0.00465	0.00379	0.03809
5	0.01594	0.20058	0.14815	0.01315	0.05643	0.07503	0.01168	0.13309	0.01538	0.08775	0.01676	0.09917	0.04766	0.04581	0.00671	0.00192	0.00655	0.00631	0.00408	0.00784
6	0.13607	0.05225	0.01390	0.01437	0.14545	0.07221	0.00935	0.08109	0.03476	0.02026	0.05935	0.11838	0.06758	0.06979	0.00821	0.00217	0.04305	0.00731	0.03758	0.00685
7	0.04871	0.01656	0.11333	0.01820	0.19816	0.13775	0.01281	0.06316	0.03558	0.07921	0.09670	0.05648	0.04616	0.00784	0.00654	0.00184	0.04254	0.00637	0.00415	0.00790
8	0.01511	0.07407	0.01850	0.01821	0.20009	0.07344	0.07110	0.09216	0.09271	0.05602	0.05795	0.07650	0.03713	0.05018	0.00725	0.00199	0.00632	0.00680	0.00428	0.04019
9	0.01482	0.01743	0.13136	0.03418	0.19316	0.13349	0.01318	0.08164	0.08697	0.02045	0.05746	0.01907	0.06998	0.00694	0.00575	0.00170	0.00678	0.00572	0.00390	0.09602

[dist]
# distance from previous block
# <min> <max>
0	1

[block]
# block no. 1 follows, 39 sequences, length 18
# corresponding to MSA columns:
# 1276-1293
name=unknown_B
#
# <colnr> <probs for GDERKNQSTAVLIFYWHMCP>
#	G	D	E	R	K	N	Q	S	T	A	V	L	I	F	Y	W	H	M	C	P
0	0.06970	0.01506	0.09619	0.13334	0.21395	0.08512	0.05181	0.06247	0.01441	0.02050	0.09478	0.01787	0.01433	0.00651	0.00568	0.00178	0.00679	0.00562	0.07647	0.00764
1	0.01798	0.05914	0.01809	0.06816	0.19897	0.10567	0.01213	0.18750	0.01763	0.11961	0.06960	0.04319	0.01431	0.00704	0.00580	0.00173	0.00657	0.00582	0.00456	0.03653
2	0.01392	0.01658	0.21152	0.01845	0.20428	0.05089	0.01406	0.05023	0.01402	0.09054	0.06309	0.07872	0.04262	0.01126	0.07950	0.00258	0.00757	0.00661	0.00393	0.01964
3	0.01558	0.05863	0.02008	0.10799	0.33004	0.05485	0.01418	0.16469	0.01633	0.02193	0.06558	0.01733	0.03241	0.00677	0.00655	0.00180	0.04737	0.00566	0.00380	0.00842
4	0.12947	0.01171	0.05419	0.05888	0.20868	0.01115	0.01132	0.08950	0.01420	0.09764	0.03698	0.21491	0.01827	0.00935	0.00602	0.00196	0.00552	0.00813	0.00451	0.00763
5	0.01607	0.01698	0.09096	0.01707	0.15702	0.14123	0.01227	0.17322	0.12117	0.02333	0.10229	0.02100	0.06620	0.00768	0.00599	0.00180	0.00661	0.00626	0.00457	0.00829
6	0.03836	0.07151	0.17492	0.09269	0.21052	0.07745	0.01470	0.08396	0.05592	0.01970	0.02976	0.01674	0.02173	0.05874	0.00724	0.00204	0.00723	0.00529	0.00343	0.00807
7	0.01490	0.16393	0.20417	0.01882	0.20848	0.05624	0.01462	0.03873	0.06503	0.06339	0.08345	0.01660	0.01389	0.00638	0.00551	0.00171	0.00681	0.00524	0.00366	0.00844
8	0.06197	0.23404	0.06940	0.01187	0.01592	0.23066	0.04833	0.01765	0.01393	0.01662	0.06668	0.01941	0.11357	0.00722	0.00521	0.00157	0.00703	0.00545	0.00349	0.04996
9	0.01405	0.10225	0.21754	0.02216	0.25275	0.08692	0.10299	0.01819	0.01375	0.01851	0.08357	0.01621	0.01304	0.00606	0.00577	0.00175	0.00769	0.00541	0.00314	0.00823
10	0.01250	0.01007	0.01168	0.01060	0.05472	0.00952	0.00766	0.14718	0.06536	0.02192	0.08043	0.07938	0.17478	0.05030	0.00718	0.00184	0.00454	0.00779	0.00488	0.23768
11	0.09053	0.01608	0.05769	0.03925	0.30334	0.08711	0.01385	0.17119	0.05838	0.08656	0.01306	0.01452	0.00989	0.00612	0.00563	0.00178	0.00686	0.00505	0.00415	0.00897
12	0.01494	0.01489	0.01657	0.01989	0.27031	0.16725	0.01189	0.05341	0.10390	0.02059	0.16002	0.02185	0.04467	0.00749	0.00596	0.00173	0.00637	0.00637	0.00429	0.04762
13	0.66668	0.01191	0.01006	0.00872	0.01250	0.01359	0.00715	0.08266	0.06193	0.06322	0.01058	0.01138	0.00792	0.00589	0.00413	0.00184	0.00478	0.00376	0.00420	0.00711
14	0.18858	0.01624	0.01534	0.01240	0.01661	0.08919	0.01007	0.44744	0.09616	0.03159	0.01349	0.01372	0.00989	0.00677	0.00541	0.00179	0.00632	0.00488	0.00519	0.00893
15	0.00733	0.00520	0.00683	0.00808	0.00839	0.00489	0.00532	0.00827	0.01108	0.01477	0.03136	0.72176	0.03755	0.08721	0.00955	0.00270	0.00364	0.01608	0.00532	0.00470
16	0.00860	0.00573	0.00645	0.00645	0.00645	0.00573	0.00358	0.00860	0.00860	0.01147	0.01863	0.03870	0.02150	0.79217	0.03010	0.00573	0.00573	0.00860	0.00358	0.00358
17	0.02300	0.02145	0.01652	0.01390	0.01773	0.40660	0.01088	0.23959	0.02013	0.15397	0.01319	0.01342	0.00960	0.00662	0.00562	0.00165	0.00841	0.00465	0.00467	0.00839

[dist]
# distance from previous block
# <min> <max>
4	7

[block]
# block no. 2 follows, 39 sequences, length 20
# corresponding to MSA columns:
# 1310-1329
name=unknown_C
#
# <colnr> <probs for GDERKNQSTAVLIFYWHMCP>
#	G	D	E	R	K	N	Q	S	T	A	V	L	I	F	Y	W	H	M	C	P
0	0.01363	0.27090	0.30536	0.01310	0.01872	0.05955	0.01426	0.01879	0.08052	0.01746	0.05598	0.01599	0.04180	0.00667	0.00584	0.00171	0.04372	0.00490	0.00323	0.00788
1	0.20030	0.01364	0.01705	0.01939	0.26993	0.01416	0.01190	0.21967	0.01656	0.02599	0.01125	0.01303	0.00881	0.00570	0.00516	0.00165	0.00593	0.00456	0.00402	0.13130
2	0.01703	0.05433	0.01431	0.01149	0.01468	0.23766	0.00906	0.23776	0.01925	0.02335	0.13093	0.02459	0.13629	0.00872	0.00591	0.00171	0.00649	0.00674	0.03237	0.00734
3	0.01940	0.17653	0.17563	0.01304	0.01832	0.12978	0.01261	0.17619	0.01723	0.16832	0.01340	0.01371	0.00967	0.00626	0.00530	0.00166	0.00719	0.00459	0.02246	0.00870
4	0.01655	0.70539	0.02931	0.01072	0.01554	0.11108	0.01027	0.01840	0.01257	0.01398	0.00833	0.00963	0.00759	0.00518	0.00398	0.00130	0.00684	0.00324	0.00259	0.00750
5	0.00729	0.00566	0.00668	0.00737	0.00856	0.00504	0.00531	0.00870	0.01261	0.01593	0.06699	0.38966	0.36021	0.01659	0.00732	0.00222	0.00335	0.06004	0.00552	0.00495
6	0.01566	0.01173	0.01587	0.08355	0.06126	0.01247	0.07500	0.15347	0.19490	0.11122	0.02085	0.15783	0.01822	0.00930	0.00640	0.00202	0.00576	0.03095	0.00528	0.00825
7	0.02248	0.01656	0.01775	0.01361	0.01834	0.01834	0.01124	0.73556	0.02780	0.03727	0.01420	0.01420	0.01006	0.00710	0.00592	0.00177	0.00651	0.00532	0.00592	0.01006
8	0.01423	0.01067	0.01262	0.00913	0.01429	0.00834	0.00734	0.04145	0.01333	0.10375	0.01209	0.01322	0.00947	0.00481	0.00461	0.00102	0.00453	0.00384	0.00402	0.70725
9	0.01353	0.01131	0.05166	0.10086	0.30932	0.01059	0.01312	0.01638	0.01293	0.10447	0.01787	0.09105	0.01698	0.09903	0.00911	0.00244	0.00630	0.10150	0.00402	0.00755
10	0.00858	0.00580	0.00681	0.00681	0.00693	0.00593	0.00403	0.00883	0.00871	0.01173	0.01830	0.03688	0.02071	0.70415	0.11703	0.00618	0.00692	0.00833	0.00353	0.00378
11	0.01777	0.55627	0.02655	0.01172	0.01615	0.25583	0.01053	0.01955	0.01350	0.01409	0.00851	0.00985	0.00760	0.00538	0.00427	0.00135	0.00768	0.00336	0.00269	0.00736
12	0.01226	0.01051	0.01226	0.00876	0.01401	0.00788	0.00701	0.01489	0.01226	0.01927	0.01051	0.01226	0.00876	0.00438	0.00438	0.00088	0.00438	0.00350	0.00350	0.82832
13	0.01926	0.01028	0.01279	0.05466	0.01510	0.01022	0.00854	0.18686	0.01835	0.31750	0.15057	0.02380	0.02091	0.04247	0.00702	0.00196	0.00497	0.00669	0.07968	0.00836
14	0.01399	0.01271	0.01503	0.01709	0.17392	0.13105	0.01098	0.01586	0.01260	0.07919	0.01776	0.24158	0.01825	0.01255	0.05010	0.00249	0.15539	0.00852	0.00402	0.00691
15	0.00812	0.00569	0.00658	0.00679	0.00723	0.00546	0.00421	0.00874	0.01042	0.01375	0.08918	0.17278	0.12516	0.48644	0.02109	0.00432	0.00471	0.01073	0.00442	0.00416
16	0.01766	0.41185	0.02468	0.01251	0.01708	0.21526	0.05177	0.08558	0.01485	0.01697	0.00942	0.01084	0.00800	0.00546	0.00462	0.00139	0.00752	0.00378	0.00309	0.07769
17	0.00996	0.00860	0.01176	0.01460	0.19671	0.00810	0.00865	0.01313	0.05636	0.01899	0.17885	0.10158	0.28043	0.01125	0.00654	0.00188	0.00418	0.00983	0.00497	0.05363
18	0.01965	0.06435	0.11693	0.01506	0.06855	0.15949	0.01249	0.22162	0.11227	0.12924	0.01476	0.01491	0.01074	0.00662	0.00565	0.00175	0.00718	0.00504	0.00472	0.00899
19	0.01785	0.12603	0.01957	0.01786	0.18088	0.23437	0.01197	0.08163	0.05722	0.05389	0.01154	0.01306	0.00929	0.00594	0.00569	0.00156	0.03248	0.00445	0.00361	0.11110

[dist]
# distance from previous block
# <min> <max>
3	79

[block]
# block no. 3 follows, 39 sequences, length 22
# corresponding to MSA columns:
# 1409-1430
name=unknown_D
#
# <colnr> <probs for GDERKNQSTAVLIFYWHMCP>
#	G	D	E	R	K	N	Q	S	T	A	V	L	I	F	Y	W	H	M	C	P
0	0.04979	0.07921	0.01597	0.01405	0.11301	0.04682	0.05277	0.10761	0.01419	0.09302	0.01585	0.08990	0.01488	0.17739	0.01091	0.00257	0.00608	0.00672	0.00418	0.08507
1	0.08304	0.01607	0.01907	0.11115	0.24741	0.15130	0.05694	0.15545	0.01630	0.02209	0.01158	0.01408	0.00909	0.00594	0.00557	0.00174	0.00741	0.00496	0.05264	0.00816
2	0.17523	0.28991	0.01950	0.01080	0.01516	0.18051	0.00925	0.07002	0.01385	0.01905	0.00924	0.01057	0.00774	0.00540	0.00435	0.00140	0.00662	0.00352	0.00327	0.14462
3	0.02190	0.01621	0.01689	0.01304	0.01770	0.06145	0.01068	0.57366	0.02492	0.09272	0.01432	0.01430	0.01017	0.00682	0.00575	0.00169	0.00645	0.00513	0.00565	0.08055
4	0.00730	0.00559	0.00643	0.00702	0.00804	0.00501	0.00480	0.00839	0.01190	0.01499	0.04264	0.36914	0.34808	0.12035	0.01032	0.00267	0.00355	0.01383	0.00524	0.00472
5	0.00875	0.00669	0.00924	0.01110	0.07735	0.00663	0.00712	0.04338	0.01215	0.01638	0.02887	0.54620	0.06582	0.02001	0.10742	0.00323	0.00551	0.01364	0.00497	0.00554
6	0.00860	0.00573	0.00645	0.00645	0.00645	0.00573	0.00358	0.00860	0.00860	0.01147	0.01863	0.03870	0.02150	0.79217	0.03010	0.00573	0.00573	0.00860	0.00358	0.00358
7	0.01744	0.01779	0.14104	0.01551	0.08552	0.05059	0.01286	0.32906	0.16916	0.02762	0.01787	0.01798	0.05605	0.00730	0.00592	0.00184	0.00654	0.00580	0.00493	0.00918
8	0.01035	0.00667	0.00782	0.00750	0.00854	0.00655	0.00499	0.01246	0.07047	0.07936	0.11360	0.10906	0.08793	0.42728	0.01917	0.00399	0.00478	0.00958	0.00480	0.00509
9	0.00753	0.00538	0.00720	0.00840	0.00894	0.00506	0.00587	0.00888	0.01205	0.01615	0.10074	0.65191	0.04023	0.01772	0.00755	0.00238	0.00355	0.07994	0.00558	0.00494
10	0.01951	0.01190	0.01382	0.01127	0.01507	0.01240	0.00907	0.22146	0.20664	0.25544	0.13632	0.02280	0.02076	0.00819	0.00612	0.00186	0.00499	0.00672	0.00647	0.00917
11	0.05024	0.27022	0.20348	0.01356	0.01882	0.24597	0.01335	0.08784	0.01499	0.01799	0.00965	0.01103	0.00776	0.00572	0.00490	0.00156	0.00818	0.00386	0.00305	0.00784
12	0.01654	0.00880	0.01074	0.00912	0.01229	0.00824	0.00722	0.02114	0.13801	0.32358	0.16176	0.03373	0.20336	0.01016	0.00640	0.00191	0.00408	0.00851	0.00651	0.00791
13	0.00796	0.00536	0.00678	0.00754	0.00773	0.00517	0.00476	0.00833	0.01004	0.01338	0.02569	0.45229	0.03035	0.30122	0.01704	0.07035	0.00441	0.01287	0.00456	0.00418
14	0.08351	0.15667	0.02521	0.01797	0.06538	0.18002	0.25045	0.11552	0.01573	0.02017	0.01064	0.01283	0.00839	0.00558	0.00558	0.00171	0.00840	0.00499	0.00336	0.00790
15	0.01512	0.01433	0.06752	0.10282	0.31454	0.01341	0.15676	0.08360	0.01477	0.07993	0.01400	0.07086	0.01165	0.00659	0.00620	0.00189	0.00733	0.00644	0.00369	0.00856
16	0.01069	0.00837	0.00895	0.00794	0.01045	0.00808	0.00619	0.17188	0.01723	0.02204	0.16517	0.04521	0.47009	0.01273	0.00675	0.00192	0.00375	0.01058	0.00576	0.00623
17	0.01299	0.24838	0.55358	0.01494	0.02263	0.01649	0.01851	0.01844	0.01235	0.01736	0.00993	0.01163	0.00752	0.00546	0.00510	0.00170	0.00805	0.00403	0.00251	0.00841
18	0.01442	0.31494	0.32569	0.01529	0.02195	0.01788	0.12238	0.06987	0.01363	0.01828	0.01017	0.01200	0.00793	0.00542	0.00516	0.00166	0.00785	0.00437	0.00283	0.00829
19	0.00865	0.00595	0.00768	0.00851	0.00963	0.00551	0.00639	0.01029	0.01274	0.05094	0.07028	0.42365	0.16427	0.01658	0.00749	0.00235	0.00386	0.17437	0.00561	0.00526
20	0.01248	0.01119	0.01765	0.02452	0.43977	0.01167	0.01285	0.01463	0.01145	0.01625	0.01330	0.02245	0.01324	0.26639	0.01512	0.00315	0.07720	0.00636	0.00311	0.00719
21	0.33999	0.01068	0.01075	0.05704	0.07296	0.05575	0.00804	0.01724	0.01191	0.08567	0.01314	0.01539	0.01024	0.00955	0.07414	0.00241	0.00600	0.00457	0.18784	0.00669

[dist]
# distance from previous block
# <min> <max>
0	1

[block]
# block no. 4 follows, 39 sequences, length 28
# corresponding to MSA columns:
# 1432-1459
name=unknown_E
#
# <colnr> <probs for GDERKNQSTAVLIFYWHMCP>
#	G	D	E	R	K	N	Q	S	T	A	V	L	I	F	Y	W	H	M	C	P
0	0.08333	0.01537	0.01614	0.01283	0.01719	0.01719	0.01048	0.53386	0.17548	0.03384	0.01579	0.01548	0.01144	0.00717	0.00576	0.00183	0.00598	0.00544	0.00576	0.00963
1	0.83394	0.01144	0.00869	0.00778	0.01144	0.01327	0.00640	0.01738	0.01006	0.02653	0.00823	0.00961	0.00640	0.00549	0.00366	0.00183	0.00457	0.00320	0.00366	0.00640
2	0.01857	0.01276	0.01578	0.01581	0.13766	0.01354	0.01086	0.14769	0.31037	0.19678	0.04266	0.01974	0.01564	0.00737	0.00599	0.00188	0.00540	0.00617	0.00581	0.00953
3	0.83394	0.01144	0.00869	0.00778	0.01144	0.01327	0.00640	0.01738	0.01006	0.02653	0.00823	0.00961	0.00640	0.00549	0.00366	0.00183	0.00457	0.00320	0.00366	0.00640
4	0.02248	0.01656	0.01775	0.01361	0.01834	0.01834	0.01124	0.73556	0.02780	0.03727	0.01420	0.01420	0.01006	0.00710	0.00592	0.00177	0.00651	0.00532	0.00592	0.01006
5	0.01598	0.01427	0.02040	0.22310	0.38639	0.08134	0.01579	0.07395	0.01472	0.07973	0.01202	0.01499	0.00931	0.00582	0.00584	0.00180	0.00737	0.00519	0.00345	0.00853
6	0.01437	0.01378	0.02352	0.09339	0.70027	0.01398	0.01802	0.01792	0.01334	0.01900	0.01108	0.01472	0.00925	0.00532	0.00586	0.00177	0.00709	0.00527	0.00290	0.00915
7	0.10364	0.01890	0.01698	0.01866	0.19973	0.30647	0.01194	0.13785	0.01644	0.02081	0.01120	0.01375	0.00922	0.03108	0.03160	0.00204	0.00822	0.00464	0.02906	0.00777
8	0.01026	0.00845	0.01428	0.01161	0.01414	0.00795	0.18644	0.01359	0.01517	0.02198	0.41200	0.03439	0.03630	0.00963	0.00655	0.00185	0.00468	0.03985	0.14472	0.00616
9	0.01635	0.00963	0.01131	0.00979	0.01276	0.00957	0.00759	0.11902	0.13765	0.24017	0.02964	0.15378	0.14454	0.06052	0.00793	0.00222	0.00461	0.00906	0.00606	0.00780
10	0.00939	0.00761	0.00854	0.00829	0.01022	0.00764	0.00620	0.01510	0.20380	0.02012	0.22600	0.16071	0.26776	0.01299	0.00682	0.00203	0.00345	0.01120	0.00589	0.00625
11	0.00726	0.00577	0.00653	0.00683	0.00828	0.00503	0.00494	0.00883	0.01339	0.01694	0.16004	0.25631	0.44795	0.01551	0.00714	0.00209	0.00308	0.01340	0.00565	0.00503
12	0.00721	0.00515	0.00686	0.00823	0.00858	0.00480	0.00549	0.00823	0.01132	0.01510	0.03259	0.78831	0.03911	0.01853	0.00755	0.00240	0.00343	0.01681	0.00549	0.00480
13	0.02206	0.01395	0.01573	0.01242	0.01683	0.01488	0.01014	0.39382	0.16934	0.23877	0.01877	0.01746	0.01296	0.00735	0.00595	0.00184	0.00572	0.00578	0.00633	0.00992
14	0.02209	0.02819	0.01676	0.01524	0.01828	0.76843	0.01143	0.02361	0.01676	0.01447	0.00914	0.01066	0.00762	0.00609	0.00533	0.00152	0.01066	0.00381	0.00305	0.00686
15	0.00792	0.00565	0.00702	0.00734	0.00806	0.00531	0.00495	0.00929	0.01252	0.01698	0.26157	0.29785	0.09602	0.21704	0.01318	0.00306	0.00379	0.01238	0.00532	0.00475
16	0.00859	0.00578	0.00667	0.00667	0.00675	0.00585	0.00386	0.00874	0.00867	0.01163	0.01843	0.03757	0.02101	0.73742	0.08417	0.00601	0.00647	0.00843	0.00355	0.00371
17	0.01117	0.01051	0.01774	0.77795	0.04073	0.01314	0.01642	0.01511	0.01182	0.01511	0.01051	0.01577	0.00788	0.00591	0.00591	0.00197	0.00788	0.00526	0.00263	0.00657
18	0.00840	0.00630	0.00786	0.00789	0.00925	0.00598	0.00584	0.01155	0.06291	0.02063	0.42663	0.21579	0.13185	0.01382	0.00709	0.00205	0.00320	0.04129	0.00608	0.00558
19	0.00715	0.00536	0.00664	0.00767	0.00843	0.00485	0.00524	0.00830	0.01187	0.01532	0.03947	0.60413	0.21885	0.01763	0.00741	0.00230	0.00332	0.01572	0.00549	0.00485
20	0.00703	0.00585	0.00614	0.00636	0.00809	0.00496	0.00466	0.00844	0.01312	0.01583	0.05536	0.17879	0.63394	0.01557	0.00708	0.00206	0.00307	0.01320	0.00549	0.00496
21	0.00899	0.00703	0.01050	0.00993	0.01092	0.00806	0.03714	0.01076	0.00949	0.01354	0.01572	0.02529	0.01541	0.18593	0.54663	0.00803	0.06158	0.00673	0.00321	0.00514
22	0.01111	0.00939	0.01307	0.01187	0.01287	0.01189	0.00957	0.07112	0.01085	0.01582	0.01299	0.01903	0.01204	0.02987	0.45430	0.00655	0.27253	0.00586	0.00320	0.00607
23	0.02124	0.01775	0.01683	0.01497	0.07194	0.23353	0.03494	0.27439	0.01999	0.14778	0.01436	0.01489	0.01044	0.00662	0.00564	0.00168	0.00732	0.00505	0.07202	0.00863
24	0.01226	0.01051	0.01226	0.00876	0.01401	0.00788	0.00701	0.01489	0.01226	0.01927	0.01051	0.01226	0.00876	0.00438	0.00438	0.00088	0.00438	0.00350	0.00350	0.82832
25	0.01995	0.01843	0.01808	0.01621	0.08443	0.25687	0.07025	0.17752	0.08826	0.11161	0.01389	0.01457	0.01035	0.00635	0.00571	0.00167	0.00767	0.00504	0.00449	0.06863
26	0.01502	0.60063	0.02616	0.01022	0.01469	0.02049	0.00962	0.01946	0.13448	0.01652	0.07174	0.01442	0.01328	0.00613	0.00443	0.00144	0.00576	0.00437	0.00344	0.00772
27	0.00770	0.00536	0.00688	0.00778	0.00846	0.00500	0.00535	0.00917	0.01239	0.01710	0.14968	0.57250	0.07122	0.01637	0.00715	0.00221	0.00325	0.01470	0.07271	0.00500

[dist]
# distance from previous block
# <min> <max>
0	44

[block]
# block no. 5 follows, 39 sequences, length 44
# corresponding to MSA columns:
# 1504-1547
name=unknown_F
#
# <colnr> <probs for GDERKNQSTAVLIFYWHMCP>
#	G	D	E	R	K	N	Q	S	T	A	V	L	I	F	Y	W	H	M	C	P
0	0.07225	0.00683	0.00703	0.00678	0.00875	0.00644	0.00520	0.00969	0.01316	0.01719	0.09691	0.04983	0.60650	0.01378	0.00745	0.00201	0.04850	0.01121	0.00524	0.00523
1	0.01378	0.06513	0.01528	0.01273	0.10455	0.01027	0.00903	0.01635	0.01247	0.07642	0.01153	0.01351	0.00943	0.00688	0.03995	0.00156	0.04502	0.00410	0.00360	0.52840
2	0.02474	0.01089	0.01403	0.01084	0.01525	0.01010	0.00892	0.14472	0.01872	0.59435	0.06688	0.02063	0.01643	0.00758	0.00601	0.00182	0.00514	0.00614	0.00704	0.00979
3	0.01044	0.00723	0.00885	0.00826	0.01024	0.00695	0.00639	0.01471	0.10600	0.07992	0.44964	0.04305	0.15355	0.01195	0.00686	0.00196	0.00341	0.05802	0.00628	0.00630
4	0.00845	0.00634	0.00950	0.00950	0.01056	0.00739	0.00739	0.01056	0.00950	0.01373	0.01584	0.02323	0.01478	0.04435	0.76873	0.00950	0.01584	0.00634	0.00317	0.00528
5	0.00716	0.00581	0.00620	0.00646	0.00798	0.00501	0.00461	0.00845	0.01268	0.01545	0.05139	0.19702	0.55742	0.07659	0.00891	0.00237	0.00329	0.01301	0.00534	0.00485
6	0.01108	0.00766	0.00855	0.00862	0.01034	0.00816	0.00658	0.01748	0.22331	0.02080	0.02498	0.19314	0.02342	0.01086	0.00590	0.00194	0.00378	0.09276	0.31419	0.00646
7	0.00830	0.00672	0.01060	0.01049	0.01173	0.00630	0.09615	0.01003	0.01202	0.01592	0.03128	0.57281	0.07119	0.01642	0.00752	0.00237	0.00445	0.09525	0.00518	0.00528
8	0.02140	0.02706	0.01682	0.06382	0.01971	0.72032	0.01174	0.02307	0.01644	0.01451	0.00923	0.01099	0.00763	0.00608	0.00537	0.00155	0.01049	0.00390	0.00302	0.00684
9	0.01336	0.01275	0.02169	0.30975	0.49182	0.01371	0.01751	0.01703	0.01286	0.01777	0.01090	0.01505	0.00882	0.00551	0.00588	0.00184	0.00734	0.00526	0.00282	0.00834
10	0.00776	0.00593	0.00712	0.00702	0.00851	0.00529	0.00519	0.00990	0.01500	0.02005	0.43021	0.12955	0.29941	0.01381	0.00704	0.00197	0.00293	0.01199	0.00604	0.00529
11	0.02193	0.01026	0.01300	0.01047	0.01430	0.00983	0.00861	0.14850	0.01766	0.45909	0.02134	0.02246	0.01514	0.01010	0.05314	0.00230	0.00574	0.05101	0.09613	0.00897
12	0.01435	0.01045	0.01248	0.00902	0.01417	0.00800	0.00725	0.01693	0.01295	0.12761	0.01239	0.01341	0.00962	0.00481	0.00461	0.00102	0.00448	0.00386	0.00406	0.70854
13	0.01479	0.59702	0.22071	0.01187	0.01788	0.02089	0.01317	0.01797	0.01214	0.01516	0.00884	0.01027	0.00756	0.00520	0.00427	0.00142	0.00695	0.00348	0.00252	0.00789
14	0.00846	0.00629	0.00926	0.00926	0.01024	0.00726	0.00709	0.01041	0.00943	0.01355	0.01606	0.02445	0.01531	0.10298	0.71082	0.00921	0.01505	0.00651	0.00320	0.00515
15	0.01062	0.01871	0.36241	0.01438	0.01946	0.01074	0.09546	0.01581	0.05887	0.01784	0.01947	0.29060	0.01963	0.01031	0.00649	0.00208	0.00672	0.00926	0.00385	0.00729
16	0.31058	0.02132	0.01397	0.01246	0.01585	0.44092	0.00963	0.07758	0.01525	0.02056	0.00922	0.01057	0.00738	0.00596	0.00478	0.00165	0.00817	0.00371	0.00349	0.00695
17	0.01015	0.01109	0.10147	0.09415	0.06753	0.00913	0.05216	0.01465	0.07230	0.02064	0.33762	0.03368	0.13181	0.00985	0.00655	0.00190	0.00493	0.00870	0.00499	0.00668
18	0.01196	0.02993	0.72882	0.01722	0.02583	0.01379	0.05389	0.01874	0.01255	0.01874	0.01067	0.01264	0.00756	0.00559	0.00568	0.00188	0.00880	0.00449	0.00252	0.00871
19	0.01514	0.00866	0.01046	0.00921	0.01171	0.00842	0.00698	0.09924	0.07268	0.22377	0.10234	0.17272	0.10682	0.11264	0.00961	0.00247	0.00451	0.00954	0.00594	0.00715
20	0.83394	0.01144	0.00869	0.00778	0.01144	0.01327	0.00640	0.01738	0.01006	0.02653	0.00823	0.00961	0.00640	0.00549	0.00366	0.00183	0.00457	0.00320	0.00366	0.00640
21	0.00831	0.00604	0.00782	0.00737	0.00880	0.00555	0.00553	0.01104	0.01659	0.02337	0.72088	0.04475	0.08730	0.01222	0.00698	0.00187	0.00280	0.01078	0.00646	0.00555
22	0.83394	0.01144	0.00869	0.00778	0.01144	0.01327	0.00640	0.01738	0.01006	0.02653	0.00823	0.00961	0.00640	0.00549	0.00366	0.00183	0.00457	0.00320	0.00366	0.00640
23	0.01377	0.40017	0.40866	0.01360	0.02056	0.01840	0.01618	0.01824	0.01226	0.01640	0.00946	0.01104	0.00754	0.00535	0.00474	0.00158	0.00757	0.00379	0.00251	0.00818
24	0.02261	0.01298	0.01530	0.01197	0.01623	0.01346	0.00983	0.33780	0.07092	0.33223	0.05606	0.01866	0.01475	0.00761	0.00640	0.00184	0.02930	0.00594	0.00643	0.00967
25	0.00733	0.00541	0.00689	0.00802	0.00872	0.00497	0.00559	0.00855	0.01186	0.01543	0.03732	0.61046	0.16446	0.01775	0.00749	0.00235	0.00349	0.06355	0.00549	0.00488
26	0.00730	0.00585	0.00652	0.00668	0.00826	0.00507	0.00488	0.00896	0.01372	0.01731	0.18859	0.18779	0.48816	0.01507	0.00709	0.00204	0.00304	0.01293	0.00569	0.00507
27	0.00723	0.00559	0.00662	0.00741	0.00851	0.00499	0.00527	0.00855	0.01237	0.01561	0.04427	0.43715	0.34564	0.01689	0.00734	0.00224	0.00335	0.05058	0.00549	0.00492
28	0.01416	0.01357	0.02315	0.13770	0.65759	0.01393	0.01791	0.01773	0.01324	0.01874	0.01104	0.01479	0.00916	0.00536	0.00586	0.00179	0.00714	0.00527	0.00289	0.00898
29	0.01983	0.01093	0.01274	0.01051	0.01419	0.01122	0.00844	0.12585	0.22735	0.31675	0.02155	0.02019	0.01507	0.00742	0.00564	0.00179	0.00474	0.00600	0.15074	0.00906
30	0.00904	0.00663	0.00885	0.00998	0.01143	0.00645	0.00856	0.01151	0.01355	0.01734	0.03637	0.07913	0.16072	0.01614	0.00795	0.00259	0.00497	0.57798	0.00545	0.00535
31	0.02434	0.01357	0.01590	0.01219	0.01685	0.01390	0.01007	0.41041	0.02280	0.36949	0.01840	0.01693	0.01217	0.00720	0.00593	0.00180	0.00583	0.00561	0.00656	0.01006
32	0.01244	0.08883	0.62166	0.01775	0.05798	0.01459	0.06916	0.01864	0.01259	0.01839	0.01054	0.01258	0.00768	0.00552	0.00558	0.00183	0.00856	0.00449	0.00255	0.00863
33	0.02210	0.01186	0.01423	0.01135	0.01552	0.01196	0.00923	0.19313	0.16529	0.39823	0.06637	0.02062	0.01680	0.00770	0.00602	0.00185	0.00517	0.00624	0.00668	0.00964
34	0.00998	0.00743	0.01028	0.00989	0.01133	0.00848	0.00771	0.09330	0.01171	0.01650	0.01669	0.06946	0.01575	0.03850	0.63450	0.00818	0.01401	0.00687	0.00363	0.00580
35	0.31148	0.06819	0.01518	0.01109	0.01545	0.01627	0.00928	0.38495	0.01970	0.07782	0.01224	0.01261	0.00888	0.00640	0.00497	0.00176	0.00571	0.00446	0.00497	0.00859
36	0.01362	0.01175	0.01968	0.45121	0.29556	0.01312	0.01644	0.01728	0.01281	0.07497	0.01174	0.01570	0.00895	0.00579	0.00589	0.00188	0.00735	0.00531	0.00310	0.00785
37	0.01929	0.01498	0.01595	0.01296	0.01712	0.01685	0.01047	0.44673	0.32183	0.03213	0.01825	0.01742	0.01334	0.00748	0.00596	0.00187	0.00576	0.00588	0.00596	0.00977
38	0.01217	0.09096	0.70388	0.01632	0.02477	0.01450	0.02092	0.01865	0.01245	0.01835	0.01042	0.01225	0.00750	0.00557	0.00547	0.00182	0.00855	0.00427	0.00250	0.00865
39	0.03112	0.01451	0.02013	0.02256	0.30379	0.06059	0.05816	0.15007	0.02807	0.18062	0.01417	0.01550	0.01048	0.00644	0.00676	0.00183	0.05616	0.00543	0.00446	0.00917
40	0.02011	0.01815	0.01844	0.06845	0.05347	0.20786	0.05783	0.30805	0.04917	0.07520	0.01301	0.01418	0.00968	0.00679	0.00662	0.00180	0.05292	0.00512	0.00454	0.00860
41	0.00714	0.00579	0.00633	0.00664	0.00819	0.00499	0.00481	0.00861	0.01317	0.01629	0.10027	0.23555	0.53031	0.01565	0.00713	0.00209	0.00309	0.01342	0.00556	0.00499
42	0.01464	0.01405	0.02400	0.03630	0.75528	0.01405	0.01815	0.01815	0.01347	0.01932	0.01112	0.01464	0.00937	0.00527	0.00585	0.00176	0.00703	0.00527	0.00293	0.00937
43	0.01586	0.01892	0.23993	0.02539	0.38027	0.01407	0.01753	0.11347	0.01535	0.08439	0.01241	0.01441	0.00935	0.00579	0.00580	0.00180	0.00729	0.00507	0.00357	0.00933

[dist]
# distance from previous block
# <min> <max>
1	16

[block]
# block no. 6 follows, 39 sequences, length 90
# corresponding to MSA columns:
# 1564-1653
name=unknown_G
#
# <colnr> <probs for GDERKNQSTAVLIFYWHMCP>
#	G	D	E	R	K	N	Q	S	T	A	V	L	I	F	Y	W	H	M	C	P
0	0.01017	0.00736	0.00902	0.00931	0.01055	0.00742	0.00673	0.14288	0.01466	0.01962	0.05538	0.58756	0.03414	0.01609	0.00725	0.00228	0.00406	0.04410	0.00560	0.00583
1	0.16593	0.01369	0.02370	0.08897	0.09554	0.01392	0.33912	0.05410	0.04699	0.04840	0.04353	0.01618	0.01109	0.00582	0.00603	0.00192	0.00760	0.00598	0.00366	0.00783
2	0.01455	0.01433	0.02531	0.09634	0.34124	0.01504	0.21806	0.07458	0.01408	0.01966	0.01115	0.01488	0.00899	0.00599	0.00777	0.00194	0.09880	0.00574	0.00312	0.00844
3	0.00889	0.00765	0.01045	0.00958	0.01089	0.00825	0.04599	0.01053	0.01151	0.01531	0.07210	0.10513	0.27271	0.10111	0.15136	0.00390	0.13531	0.00973	0.00430	0.00532
4	0.01193	0.03008	0.73622	0.01714	0.02578	0.01378	0.04664	0.01874	0.01254	0.01874	0.01066	0.01261	0.00754	0.00560	0.00567	0.00188	0.00878	0.00446	0.00251	0.00871
5	0.01581	0.79572	0.03099	0.01012	0.01518	0.02340	0.01012	0.01771	0.01202	0.01391	0.00822	0.00949	0.00759	0.00506	0.00379	0.00126	0.00632	0.00316	0.00253	0.00759
6	0.00721	0.00515	0.00686	0.00823	0.00858	0.00480	0.00549	0.00823	0.01132	0.01510	0.03259	0.78831	0.03911	0.01853	0.00755	0.00240	0.00343	0.01681	0.00549	0.00480
7	0.83394	0.01144	0.00869	0.00778	0.01144	0.01327	0.00640	0.01738	0.01006	0.02653	0.00823	0.00961	0.00640	0.00549	0.00366	0.00183	0.00457	0.00320	0.00366	0.00640
8	0.00978	0.01187	0.14862	0.01253	0.09616	0.00840	0.01004	0.05105	0.01376	0.01822	0.06547	0.19372	0.28695	0.01240	0.00671	0.00204	0.00487	0.03624	0.00471	0.00645
9	0.00758	0.00601	0.00681	0.00661	0.00835	0.00524	0.00496	0.00963	0.01488	0.01929	0.35649	0.05146	0.45423	0.01374	0.00698	0.00194	0.00291	0.01172	0.00593	0.00524
10	0.06078	0.01012	0.01351	0.01041	0.01494	0.00889	0.00859	0.02834	0.01664	0.72829	0.02269	0.01968	0.01429	0.00724	0.00585	0.00183	0.00501	0.00583	0.00716	0.00991
11	0.04618	0.02243	0.42180	0.01441	0.02125	0.01327	0.01622	0.14546	0.01615	0.20479	0.01429	0.01457	0.00966	0.00629	0.00568	0.00184	0.00729	0.00488	0.00432	0.00921
12	0.01712	0.01371	0.01602	0.01359	0.02996	0.13003	0.09439	0.12379	0.01618	0.16522	0.02217	0.11535	0.09405	0.00964	0.00760	0.00199	0.07699	0.03970	0.00492	0.00759
13	0.01713	0.01171	0.01253	0.01032	0.01350	0.01268	0.00826	0.42006	0.02098	0.02999	0.01763	0.08734	0.01446	0.00807	0.00545	0.00169	0.00493	0.00643	0.28881	0.00801
14	0.02029	0.01666	0.01807	0.07672	0.09760	0.08552	0.01229	0.49898	0.06375	0.03085	0.01367	0.01448	0.01003	0.00677	0.00586	0.00178	0.00695	0.00525	0.00508	0.00938
15	0.01224	0.00748	0.00889	0.00981	0.08708	0.00773	0.00652	0.07966	0.01369	0.02249	0.01769	0.02065	0.01405	0.00971	0.06516	0.00210	0.00459	0.00553	0.59862	0.00631
16	0.01503	0.01298	0.01996	0.13281	0.27551	0.01380	0.08969	0.02296	0.25167	0.07917	0.01631	0.01779	0.01236	0.00639	0.00604	0.00190	0.00654	0.00596	0.00425	0.00887
17	0.01277	0.00949	0.01134	0.01087	0.01316	0.01002	0.00901	0.17862	0.09408	0.02303	0.09271	0.04602	0.05773	0.05591	0.00849	0.00249	0.00528	0.34657	0.00561	0.00680
18	0.01212	0.01210	0.02213	0.53199	0.03667	0.01372	0.20991	0.01705	0.05302	0.01668	0.01166	0.01617	0.00874	0.00578	0.00621	0.00198	0.00827	0.00580	0.00291	0.00710
19	0.01235	0.01029	0.01133	0.01065	0.01313	0.01149	0.00807	0.02403	0.49910	0.02265	0.12302	0.17999	0.02735	0.01069	0.00645	0.00207	0.00418	0.00927	0.00598	0.00793
20	0.00712	0.00549	0.00650	0.00731	0.00833	0.00488	0.00508	0.00834	0.01221	0.01546	0.04385	0.48686	0.33329	0.01706	0.00732	0.00223	0.00325	0.01503	0.00549	0.00488
21	0.01005	0.00616	0.00753	0.00724	0.00805	0.00588	0.00474	0.01108	0.01174	0.08306	0.21386	0.10372	0.03146	0.44752	0.01984	0.00407	0.00469	0.00963	0.00486	0.00481
22	0.01273	0.01533	0.15514	0.09019	0.19096	0.01127	0.05258	0.01659	0.01263	0.01877	0.01075	0.01338	0.00859	0.00499	0.00524	0.00143	0.00643	0.00443	0.00307	0.36549
23	0.00947	0.00755	0.00928	0.00847	0.01102	0.00618	0.00617	0.01122	0.01174	0.01697	0.02269	0.44021	0.02550	0.01218	0.00613	0.00172	0.00386	0.01084	0.00460	0.37420
24	0.01303	0.01038	0.01318	0.00960	0.01451	0.00817	0.05353	0.01580	0.01264	0.05959	0.01210	0.01382	0.00967	0.00481	0.00461	0.00105	0.00463	0.00404	0.07842	0.65643
25	0.01227	0.18653	0.09817	0.52858	0.03349	0.01547	0.01559	0.01606	0.01194	0.01522	0.01001	0.01403	0.00778	0.00569	0.00541	0.00180	0.00763	0.00470	0.00259	0.00702
26	0.00928	0.00836	0.00824	0.00921	0.00993	0.11117	0.00632	0.01038	0.01208	0.01501	0.02933	0.67999	0.03473	0.01680	0.00724	0.00228	0.00444	0.01500	0.00515	0.00509
27	0.01542	0.01305	0.01377	0.01218	0.01565	0.01504	0.00953	0.09549	0.67937	0.02588	0.02317	0.02135	0.01732	0.00794	0.00601	0.00198	0.00485	0.00656	0.00601	0.00942
28	0.00705	0.00599	0.00607	0.00605	0.00802	0.00502	0.00454	0.00860	0.01361	0.01629	0.08838	0.05639	0.72421	0.01486	0.00699	0.00199	0.00299	0.01241	0.00553	0.00502
29	0.01469	0.10676	0.05857	0.05000	0.02274	0.01642	0.27247	0.11350	0.05040	0.01992	0.01254	0.01732	0.01044	0.00718	0.00882	0.00203	0.15989	0.04502	0.00349	0.00782
30	0.25945	0.09752	0.07629	0.08184	0.01911	0.01617	0.05095	0.27510	0.01719	0.02677	0.01112	0.01279	0.00841	0.01693	0.00539	0.00183	0.00640	0.00452	0.00413	0.00809
31	0.00862	0.00641	0.00807	0.00759	0.00914	0.00604	0.00571	0.01209	0.05685	0.02322	0.66226	0.04386	0.10359	0.01207	0.00692	0.00188	0.00291	0.01060	0.00641	0.00575
32	0.00839	0.00580	0.00695	0.00705	0.00734	0.00589	0.00438	0.00888	0.00918	0.01231	0.02114	0.09517	0.05491	0.57770	0.14514	0.00591	0.00704	0.00905	0.00375	0.00401
33	0.06260	0.06804	0.01655	0.01463	0.07530	0.30582	0.01063	0.17971	0.01713	0.02055	0.01416	0.05810	0.04132	0.04123	0.01738	0.00199	0.03794	0.00556	0.00392	0.00743
34	0.01340	0.07157	0.32125	0.08812	0.06639	0.05206	0.17707	0.01900	0.05243	0.01801	0.01126	0.01394	0.00856	0.00590	0.00670	0.00190	0.05629	0.00515	0.00287	0.00813
35	0.00813	0.00568	0.00725	0.00806	0.00853	0.00550	0.00556	0.00922	0.01117	0.01490	0.07333	0.37418	0.03357	0.26971	0.01496	0.00351	0.00448	0.13277	0.00493	0.00456
36	0.01223	0.01150	0.01994	0.20025	0.34615	0.01219	0.08019	0.01558	0.01228	0.01705	0.01309	0.05851	0.01160	0.01333	0.14699	0.00329	0.00893	0.00624	0.00305	0.00759
37	0.02061	0.05778	0.01868	0.05501	0.01945	0.02606	0.07644	0.37620	0.08277	0.16713	0.01604	0.01606	0.01130	0.00683	0.00587	0.00180	0.00644	0.00557	0.02064	0.00936
38	0.00704	0.00580	0.00619	0.00651	0.00812	0.00495	0.00472	0.00843	0.01298	0.01577	0.05363	0.22515	0.58870	0.01579	0.00712	0.00209	0.00310	0.01348	0.00549	0.00495
39	0.02088	0.01111	0.01367	0.01049	0.01514	0.01005	0.00854	0.09468	0.09336	0.40285	0.01891	0.01754	0.01289	0.00655	0.00551	0.00157	0.00496	0.00528	0.00597	0.24007
40	0.01837	0.04766	0.09569	0.05245	0.05049	0.25793	0.05753	0.07105	0.09126	0.11422	0.01411	0.01510	0.01052	0.00638	0.00556	0.00171	0.00772	0.00499	0.06923	0.00803
41	0.01024	0.00842	0.07843	0.00809	0.01039	0.00632	0.00691	0.01261	0.01322	0.08266	0.08581	0.20340	0.22974	0.01236	0.00634	0.00195	0.00384	0.03615	0.17725	0.00591
42	0.01779	0.01556	0.05205	0.01294	0.01649	0.08365	0.01082	0.27671	0.16739	0.07242	0.04515	0.01946	0.06114	0.00827	0.00780	0.00193	0.11061	0.00610	0.00514	0.00858
43	0.83394	0.01144	0.00869	0.00778	0.01144	0.01327	0.00640	0.01738	0.01006	0.02653	0.00823	0.00961	0.00640	0.00549	0.00366	0.00183	0.00457	0.00320	0.00366	0.00640
44	0.01743	0.01588	0.02167	0.02825	0.48957	0.07513	0.01567	0.22030	0.01776	0.02398	0.01183	0.01420	0.00942	0.00585	0.00583	0.00174	0.00717	0.00517	0.00378	0.00936
45	0.02026	0.11439	0.02150	0.01600	0.01996	0.47263	0.14447	0.02253	0.01570	0.08301	0.01085	0.01236	0.00850	0.00588	0.00551	0.00161	0.00951	0.00451	0.00336	0.00744
46	0.02317	0.01546	0.01706	0.01308	0.01779	0.01670	0.01081	0.61516	0.02595	0.16028	0.01575	0.01521	0.01084	0.00714	0.00592	0.00178	0.00626	0.00543	0.00616	0.01006
47	0.01438	0.01599	0.02888	0.02135	0.02640	0.09239	0.53795	0.04352	0.01483	0.01917	0.04797	0.02061	0.03935	0.00642	0.00683	0.00197	0.00912	0.04184	0.00347	0.00759
48	0.01459	0.01676	0.05957	0.01979	0.02459	0.12130	0.42698	0.04269	0.05086	0.01937	0.06074	0.02169	0.01444	0.00687	0.00671	0.00197	0.00877	0.07104	0.00367	0.00761
49	0.01386	0.01243	0.01870	0.23244	0.28870	0.03817	0.01467	0.05616	0.01328	0.04929	0.01341	0.09633	0.01209	0.00771	0.00776	0.00199	0.10539	0.00645	0.00343	0.00773
50	0.01464	0.01405	0.02400	0.03630	0.75528	0.01405	0.01815	0.01815	0.01347	0.01932	0.01112	0.01464	0.00937	0.00527	0.00585	0.00176	0.00703	0.00527	0.00293	0.00937
51	0.01248	0.01171	0.01938	0.40635	0.31829	0.01311	0.01615	0.01673	0.04851	0.01724	0.01264	0.05845	0.01070	0.00646	0.00599	0.00191	0.00714	0.00597	0.00307	0.00771
52	0.08888	0.35625	0.30541	0.01299	0.01896	0.05225	0.01445	0.01815	0.01207	0.01694	0.00915	0.01088	0.00745	0.00564	0.00539	0.00163	0.04926	0.00376	0.00265	0.00783
53	0.04626	0.00757	0.01014	0.01253	0.14655	0.00716	0.00760	0.01134	0.01375	0.01897	0.22917	0.19595	0.24537	0.01272	0.00674	0.00199	0.00385	0.01115	0.00521	0.00598
54	0.00701	0.00589	0.00609	0.00625	0.00806	0.00497	0.00461	0.00846	0.01323	0.01587	0.05670	0.14278	0.66908	0.01539	0.00705	0.00204	0.00305	0.01299	0.00549	0.00497
55	0.05974	0.01351	0.02201	0.10088	0.60896	0.01396	0.01687	0.01855	0.05273	0.01963	0.01161	0.01486	0.00954	0.00549	0.00575	0.00179	0.00684	0.00523	0.00311	0.00895
56	0.01346	0.01461	0.08943	0.23280	0.49786	0.01378	0.01802	0.01739	0.01294	0.01814	0.01091	0.01474	0.00880	0.00547	0.00585	0.00182	0.00741	0.00518	0.00281	0.00856
57	0.00731	0.00528	0.00695	0.00824	0.00873	0.00491	0.00563	0.00845	0.01155	0.01527	0.03405	0.71225	0.07842	0.01822	0.00755	0.00240	0.00351	0.05096	0.00549	0.00485
58	0.00739	0.00528	0.00707	0.00845	0.00887	0.00496	0.00581	0.00855	0.01150	0.01530	0.03249	0.73103	0.03871	0.01835	0.00760	0.00243	0.00359	0.07226	0.00549	0.00485
59	0.00955	0.00673	0.00819	0.00753	0.00938	0.00621	0.00573	0.04697	0.01650	0.05580	0.51369	0.04472	0.22200	0.01233	0.00688	0.00189	0.00312	0.01065	0.00627	0.00586
60	0.07287	0.01336	0.01469	0.01163	0.01581	0.01429	0.00951	0.39504	0.09222	0.19607	0.01731	0.01674	0.01211	0.00712	0.00562	0.00178	0.00552	0.00548	0.08351	0.00933
61	0.20742	0.01037	0.01260	0.00991	0.01428	0.00972	0.00818	0.02626	0.01539	0.59519	0.01995	0.01777	0.01279	0.00691	0.00543	0.00183	0.00493	0.00533	0.00650	0.00924
62	0.01461	0.01413	0.02445	0.03583	0.72549	0.01409	0.04758	0.01818	0.01349	0.01930	0.01116	0.01469	0.00935	0.00526	0.00590	0.00177	0.00715	0.00534	0.00293	0.00931
63	0.14079	0.01362	0.01999	0.02146	0.25849	0.02773	0.14544	0.02127	0.19500	0.02157	0.01466	0.01634	0.02122	0.00604	0.00569	0.00183	0.00648	0.00560	0.00389	0.05291
64	0.02895	0.06550	0.04364	0.01389	0.05048	0.04764	0.04047	0.42326	0.04188	0.02901	0.06227	0.05982	0.05077	0.00802	0.00597	0.00180	0.00627	0.00647	0.00517	0.00872
65	0.01186	0.03059	0.76153	0.01686	0.02560	0.01373	0.02185	0.01873	0.01249	0.01873	0.01061	0.01249	0.00749	0.00562	0.00562	0.00187	0.00874	0.00437	0.00250	0.00874
66	0.01973	0.00998	0.01265	0.00991	0.01389	0.00899	0.00802	0.10549	0.01744	0.39349	0.18584	0.02368	0.02255	0.00792	0.00594	0.00168	0.00460	0.00658	0.00638	0.13524
67	0.01432	0.01373	0.02343	0.10378	0.69026	0.01397	0.01799	0.01787	0.01332	0.01894	0.01107	0.01474	0.00923	0.00533	0.00586	0.00178	0.00710	0.00527	0.00290	0.00911
68	0.00847	0.00623	0.00898	0.00898	0.00986	0.00711	0.00674	0.01023	0.00935	0.01334	0.01632	0.02587	0.01593	0.17175	0.64290	0.00886	0.01412	0.00672	0.00324	0.00499
69	0.00699	0.00599	0.00599	0.00599	0.00799	0.00499	0.00449	0.00849	0.01348	0.01598	0.05991	0.05691	0.75288	0.01498	0.00699	0.00200	0.00300	0.01248	0.00549	0.00499
70	0.00841	0.00663	0.00765	0.00729	0.00910	0.00618	0.00550	0.01196	0.08169	0.02078	0.41490	0.04715	0.32527	0.01285	0.00689	0.00193	0.00304	0.01103	0.00607	0.00569
71	0.01117	0.01051	0.01774	0.77795	0.04073	0.01314	0.01642	0.01511	0.01182	0.01511	0.01051	0.01577	0.00788	0.00591	0.00591	0.00197	0.00788	0.00526	0.00263	0.00657
72	0.00950	0.00638	0.00724	0.00705	0.00747	0.00651	0.00433	0.05381	0.01015	0.01386	0.01905	0.07641	0.02119	0.63584	0.05304	0.00523	0.00588	0.00861	0.04425	0.00421
73	0.00721	0.00515	0.00686	0.00823	0.00858	0.00480	0.00549	0.00823	0.01132	0.01510	0.03259	0.78831	0.03911	0.01853	0.00755	0.00240	0.00343	0.01681	0.00549	0.00480
74	0.01396	0.01595	0.03490	0.02493	0.03091	0.01496	0.73380	0.01894	0.01396	0.01894	0.01196	0.01595	0.00897	0.00499	0.00698	0.00199	0.00997	0.00698	0.00299	0.00798
75	0.16544	0.01512	0.03005	0.02176	0.02731	0.01464	0.59942	0.01866	0.01324	0.02035	0.01128	0.01478	0.00850	0.00508	0.00637	0.00196	0.00897	0.00628	0.00311	0.00769
76	0.01218	0.01158	0.01941	0.54092	0.22795	0.01365	0.01669	0.01586	0.01211	0.01617	0.01052	0.01532	0.00827	0.00598	0.00663	0.00195	0.04955	0.00525	0.00270	0.00730
77	0.00768	0.00548	0.00740	0.00877	0.00933	0.00521	0.00631	0.00905	0.01179	0.01563	0.03233	0.64150	0.03808	0.01808	0.00767	0.00247	0.00384	0.15895	0.00548	0.00493
78	0.01117	0.01051	0.01774	0.77795	0.04073	0.01314	0.01642	0.01511	0.01182	0.01511	0.01051	0.01577	0.00788	0.00591	0.00591	0.00197	0.00788	0.00526	0.00263	0.00657
79	0.00816	0.00679	0.00722	0.00698	0.00902	0.00625	0.00527	0.01169	0.09994	0.01849	0.18840	0.05038	0.53298	0.01361	0.00687	0.00197	0.00315	0.01146	0.00575	0.00562
80	0.83394	0.01144	0.00869	0.00778	0.01144	0.01327	0.00640	0.01738	0.01006	0.02653	0.00823	0.00961	0.00640	0.00549	0.00366	0.00183	0.00457	0.00320	0.00366	0.00640
81	0.01036	0.00645	0.00783	0.00722	0.00915	0.00577	0.00551	0.01272	0.01545	0.10776	0.40530	0.04292	0.24323	0.01187	0.00660	0.00185	0.00311	0.01017	0.08079	0.00594
82	0.23721	0.01945	0.01813	0.01475	0.01880	0.29816	0.14350	0.14414	0.01636	0.02246	0.01029	0.01197	0.00797	0.00590	0.00529	0.00174	0.00819	0.00449	0.00370	0.00750
83	0.01505	0.01189	0.01618	0.01287	0.01640	0.01222	0.14199	0.23178	0.10325	0.06022	0.02482	0.07324	0.13984	0.08029	0.00856	0.00227	0.00590	0.00805	0.02749	0.00770
84	0.02139	0.01323	0.01348	0.01099	0.01500	0.14247	0.00875	0.02508	0.09292	0.41008	0.05080	0.02049	0.04825	0.00741	0.00577	0.00170	0.00573	0.00588	0.00592	0.09465
85	0.01556	0.01313	0.01385	0.01221	0.01570	0.01511	0.00957	0.10849	0.66614	0.02611	0.02299	0.02120	0.01718	0.00792	0.00601	0.00198	0.00488	0.00654	0.00601	0.00944
86	0.00794	0.00595	0.00736	0.00718	0.00861	0.00537	0.00532	0.01027	0.01547	0.02111	0.52412	0.11745	0.21537	0.01337	0.00703	0.00194	0.00290	0.01169	0.00618	0.00537
87	0.00813	0.00588	0.00781	0.00808	0.00877	0.00613	0.00567	0.00945	0.01034	0.01418	0.07039	0.19617	0.06543	0.23715	0.31282	0.00604	0.00887	0.00984	0.00413	0.00472
88	0.01460	0.01692	0.03346	0.02416	0.02991	0.07476	0.67646	0.01931	0.01418	0.01859	0.01174	0.01553	0.00887	0.00507	0.00685	0.00196	0.01003	0.00673	0.00300	0.00789
89	0.02059	0.00978	0.01200	0.00962	0.01319	0.00935	0.00780	0.14662	0.01775	0.39643	0.08712	0.02173	0.01771	0.00762	0.00562	0.00172	0.00456	0.00617	0.19603	0.00860

[dist]
# distance from previous block
# <min> <max>
0	10

[block]
# block no. 7 follows, 39 sequences, length 6
# corresponding to MSA columns:
# 1664-1669
name=unknown_H
#
# <colnr> <probs for GDERKNQSTAVLIFYWHMCP>
#	G	D	E	R	K	N	Q	S	T	A	V	L	I	F	Y	W	H	M	C	P
