[name]
unknown

[dist]
# distance from previous block
# <min> <max>
3	102

[block]
# block no. 0 follows, 39 sequences, length 6
# corresponding to MSA columns:
# 1664-1669
name=unknown_A
#
# <colnr> <probs for GDERKNQSTAVLIFYWHMCP>
#	G	D	E	R	K	N	Q	S	T	A	V	L	I	F	Y	W	H	M	C	P
0	0.15599	0.06733	0.11111	0.01353	0.04144	0.13797	0.08730	0.05035	0.04242	0.05092	0.09244	0.05778	0.05216	0.00759	0.00562	0.00181	0.00667	0.00620	0.00407	0.00731
1	0.01351	0.06140	0.06374	0.01165	0.05298	0.07870	0.00908	0.06779	0.09841	0.08431	0.08650	0.18135	0.14490	0.01085	0.00632	0.00193	0.00520	0.00916	0.00508	0.00713
2	0.01500	0.10720	0.01797	0.11640	0.15604	0.16744	0.01174	0.05340	0.05487	0.01813	0.05069	0.01748	0.04950	0.00814	0.03790	0.00194	0.00730	0.00529	0.00357	0.10001
3	0.01481	0.09429	0.03309	0.13789	0.04378	0.07539	0.05301	0.06247	0.03266	0.11035	0.14124	0.02292	0.05912	0.02969	0.02390	0.00210	0.04505	0.00656	0.00440	0.00727
4	0.06945	0.04748	0.01667	0.09704	0.17529	0.16991	0.03283	0.01839	0.01379	0.11425	0.04190	0.07349	0.03991	0.00824	0.00679	0.05034	0.00684	0.00617	0.00392	0.00730
5	0.06325	0.01211	0.01492	0.01730	0.21232	0.06586	0.01061	0.06782	0.14863	0.06639	0.06222	0.01840	0.01427	0.00990	0.00959	0.18333	0.00586	0.00567	0.00418	0.00736

[dist]
# distance from previous block
# <min> <max>
0	4

[block]
# block no. 1 follows, 39 sequences, length 6
# corresponding to MSA columns:
# 1674-1679
name=unknown_B
#
# <colnr> <probs for GDERKNQSTAVLIFYWHMCP>
#	G	D	E	R	K	N	Q	S	T	A	V	L	I	F	Y	W	H	M	C	P
0	0.01599	0.01384	0.05078	0.01248	0.05937	0.09313	0.00941	0.15816	0.07277	0.08685	0.01606	0.06838	0.01412	0.13376	0.00955	0.00228	0.00609	0.00619	0.00452	0.16626
1	0.02012	0.01663	0.07802	0.07818	0.15288	0.14129	0.01295	0.12624	0.04752	0.24407	0.01536	0.01578	0.01085	0.00649	0.00579	0.00178	0.00708	0.00522	0.00477	0.00898
2	0.21746	0.07926	0.07722	0.04712	0.15149	0.08451	0.04763	0.04594	0.01351	0.12722	0.01168	0.01325	0.00881	0.00604	0.00582	0.00179	0.04490	0.00456	0.00377	0.00802
3	0.09769	0.04812	0.01368	0.01142	0.01438	0.30399	0.00891	0.05440	0.04454	0.05297	0.07601	0.01910	0.07235	0.00757	0.00602	0.00166	0.04538	0.00545	0.06938	0.04697
4	0.05878	0.11038	0.04653	0.16081	0.07878	0.01314	0.01123	0.06348	0.11692	0.11632	0.11518	0.05071	0.01804	0.00761	0.00574	0.00183	0.00570	0.00634	0.00461	0.00785
5	0.10464	0.15825	0.06628	0.04378	0.01863	0.21351	0.08213	0.09909	0.01533	0.04940	0.04704	0.01421	0.01088	0.00803	0.04276	0.00204	0.00812	0.00475	0.00363	0.00750

[dist]
# distance from previous block
# <min> <max>
0	1

[block]
# block no. 2 follows, 39 sequences, length 36
# corresponding to MSA columns:
# 1681-1716
name=unknown_C
#
# <colnr> <probs for GDERKNQSTAVLIFYWHMCP>
#	G	D	E	R	K	N	Q	S	T	A	V	L	I	F	Y	W	H	M	C	P
0	0.03683	0.07665	0.05425	0.00982	0.01287	0.01050	0.00829	0.16776	0.01604	0.08820	0.03000	0.22429	0.18793	0.01193	0.00642	0.00199	0.00480	0.03920	0.00528	0.00698
1	0.20299	0.13162	0.04554	0.01256	0.01685	0.15733	0.05119	0.23462	0.01756	0.02481	0.04477	0.01323	0.01037	0.00630	0.00509	0.00169	0.00693	0.00455	0.00411	0.00790
2	0.03607	0.01063	0.01221	0.00953	0.01371	0.00969	0.00766	0.14498	0.04388	0.15749	0.06655	0.02331	0.13044	0.00770	0.00555	0.00151	0.00458	0.00623	0.00522	0.30308
3	0.01442	0.01252	0.09518	0.01755	0.21408	0.01059	0.01203	0.08828	0.01587	0.12568	0.19060	0.02747	0.04945	0.01022	0.04047	0.00223	0.00603	0.05446	0.00491	0.00797
4	0.00763	0.00571	0.00688	0.00716	0.00838	0.00511	0.00513	0.00911	0.01340	0.01752	0.24098	0.26654	0.30422	0.01556	0.00812	0.05199	0.00320	0.01282	0.00560	0.00495
5	0.16480	0.01546	0.01592	0.01250	0.01697	0.01725	0.01029	0.57170	0.06289	0.03471	0.01368	0.01381	0.00984	0.00687	0.00552	0.00180	0.00607	0.00502	0.00552	0.00938
6	0.01345	0.10282	0.26584	0.01374	0.01871	0.01355	0.09927	0.13689	0.01415	0.01940	0.01328	0.01994	0.01189	0.21790	0.01224	0.00285	0.00744	0.00585	0.00343	0.00735
7	0.01327	0.22246	0.02049	0.27180	0.06962	0.01509	0.04465	0.08664	0.01369	0.01765	0.04605	0.09010	0.01391	0.04253	0.00668	0.00195	0.00662	0.00628	0.00345	0.00708
8	0.00759	0.00590	0.00696	0.00763	0.00876	0.00546	0.00536	0.00974	0.05351	0.01627	0.06825	0.45973	0.29042	0.01645	0.00724	0.00222	0.00332	0.01449	0.00556	0.00515
9	0.01216	0.01047	0.01656	0.08777	0.22762	0.01112	0.05559	0.07534	0.02407	0.01894	0.06451	0.02423	0.01641	0.01900	0.24109	0.00428	0.00949	0.07039	0.00374	0.00722
10	0.01618	0.14907	0.19922	0.05770	0.02365	0.25389	0.18227	0.01996	0.01407	0.01646	0.01007	0.01241	0.00791	0.00555	0.00557	0.00170	0.00920	0.00465	0.00280	0.00767
11	0.01019	0.04670	0.08697	0.01357	0.09161	0.00967	0.05475	0.01300	0.01334	0.01872	0.25496	0.18761	0.04131	0.01303	0.05057	0.00244	0.07103	0.00953	0.00459	0.00642
12	0.00836	0.00566	0.00708	0.00783	0.00884	0.00509	0.00544	0.00958	0.01220	0.06166	0.03873	0.56084	0.21289	0.01696	0.00731	0.00227	0.00342	0.01507	0.00560	0.00518
13	0.07153	0.01174	0.01517	0.10402	0.11346	0.01295	0.01103	0.09780	0.15941	0.15887	0.04938	0.01850	0.01405	0.00734	0.00694	0.00191	0.07572	0.00579	0.05601	0.00837
14	0.01464	0.19759	0.09609	0.12290	0.06679	0.01744	0.03953	0.06503	0.01254	0.05012	0.01003	0.01310	0.00832	0.00715	0.00969	0.00196	0.25167	0.00475	0.00304	0.00761
15	0.01340	0.00758	0.01015	0.00989	0.05687	0.00683	0.00704	0.01583	0.01586	0.22035	0.37495	0.07138	0.14367	0.01109	0.00666	0.00189	0.00372	0.00962	0.00631	0.00690
16	0.01393	0.27564	0.01865	0.01013	0.01411	0.01453	0.00878	0.12040	0.01372	0.01861	0.01172	0.01457	0.01018	0.01579	0.21058	0.00347	0.00844	0.00442	0.00344	0.20890
17	0.00930	0.00711	0.00845	0.00847	0.00996	0.00704	0.00618	0.05578	0.10204	0.02000	0.22490	0.34480	0.14454	0.01435	0.00703	0.00211	0.00353	0.01265	0.00585	0.00590
18	0.01405	0.13533	0.04336	0.07401	0.01664	0.01295	0.00943	0.13751	0.08555	0.02237	0.11937	0.01843	0.01663	0.00669	0.00524	0.00149	0.00522	0.00536	0.04123	0.22913
19	0.01117	0.16552	0.25357	0.01090	0.01546	0.01157	0.01159	0.01477	0.01363	0.04025	0.20008	0.07841	0.13144	0.00938	0.00594	0.00181	0.00551	0.00776	0.00427	0.00697
20	0.02083	0.00995	0.01195	0.00957	0.01317	0.00965	0.00777	0.16749	0.01771	0.38061	0.02021	0.01953	0.01387	0.00714	0.00537	0.00168	0.00461	0.00568	0.26458	0.00863
21	0.00718	0.00554	0.00656	0.00726	0.00835	0.00492	0.00508	0.00849	0.01250	0.01592	0.08226	0.44568	0.33566	0.01671	0.00729	0.00221	0.00322	0.01469	0.00554	0.00492
22	0.01538	0.09484	0.39907	0.01609	0.02273	0.11216	0.10070	0.02099	0.05476	0.09013	0.01236	0.01367	0.00898	0.00586	0.00563	0.00179	0.00833	0.00478	0.00330	0.00847
23	0.01276	0.01064	0.01490	0.06151	0.26224	0.01137	0.01126	0.01946	0.21208	0.02037	0.01827	0.08398	0.01560	0.00992	0.05323	0.00230	0.00587	0.00674	0.15967	0.00784
24	0.00884	0.00605	0.00768	0.00804	0.00935	0.00576	0.00631	0.01129	0.01429	0.02014	0.29747	0.13712	0.10037	0.01343	0.00692	0.00209	0.00360	0.20087	0.13498	0.00539
25	0.01313	0.00965	0.01487	0.02009	0.32803	0.00940	0.01093	0.01533	0.01259	0.10610	0.01954	0.21383	0.01954	0.11962	0.00960	0.00246	0.00544	0.00874	0.05386	0.00726
26	0.01517	0.02040	0.30916	0.14389	0.13688	0.04079	0.06069	0.09145	0.01475	0.09259	0.01231	0.01441	0.00889	0.00591	0.00584	0.00185	0.00789	0.00504	0.00345	0.00863
27	0.83394	0.01144	0.00869	0.00778	0.01144	0.01327	0.00640	0.01738	0.01006	0.02653	0.00823	0.00961	0.00640	0.00549	0.00366	0.00183	0.00457	0.00320	0.00366	0.00640
28	0.12363	0.27031	0.22119	0.01239	0.01816	0.01742	0.01294	0.16980	0.01554	0.07174	0.01114	0.01202	0.00840	0.00585	0.00486	0.00165	0.00670	0.00414	0.00370	0.00843
29	0.00851	0.00608	0.00850	0.00861	0.00948	0.00672	0.00638	0.01029	0.01004	0.01448	0.05189	0.09525	0.01987	0.14787	0.51068	0.00747	0.01185	0.00776	0.05325	0.00502
30	0.00755	0.00541	0.00718	0.00811	0.00873	0.00504	0.00561	0.00905	0.01271	0.01727	0.20883	0.58814	0.04308	0.01690	0.00742	0.00228	0.00332	0.03263	0.00574	0.00501
31	0.01014	0.00859	0.01341	0.15412	0.12623	0.00976	0.01103	0.01268	0.01120	0.01549	0.01754	0.11703	0.01754	0.02276	0.28211	0.00484	0.06163	0.09417	0.00355	0.00616
32	0.01464	0.01405	0.02400	0.03630	0.75528	0.01405	0.01815	0.01815	0.01347	0.01932	0.01112	0.01464	0.00937	0.00527	0.00585	0.00176	0.00703	0.00527	0.00293	0.00937
33	0.00998	0.00533	0.00799	0.00799	0.00815	0.00549	0.00549	0.00815	0.00799	0.01082	0.01115	0.01880	0.01098	0.02430	0.14060	0.69898	0.00682	0.00533	0.00266	0.00300
34	0.01461	0.01474	0.01504	0.23643	0.09685	0.21476	0.01155	0.01744	0.01350	0.01727	0.01179	0.01486	0.00941	0.00583	0.00519	0.00155	0.00707	0.00464	0.15126	0.13622
35	0.01479	0.01458	0.01872	0.43824	0.16358	0.13061	0.01537	0.09998	0.01472	0.01832	0.01083	0.01459	0.00836	0.00596	0.00581	0.00184	0.00800	0.00504	0.00313	0.00752

[dist]
# distance from previous block
# <min> <max>
8	46

[block]
# block no. 3 follows, 39 sequences, length 6
# corresponding to MSA columns:
# 1765-1770
name=unknown_D
#
# <colnr> <probs for GDERKNQSTAVLIFYWHMCP>
#	G	D	E	R	K	N	Q	S	T	A	V	L	I	F	Y	W	H	M	C	P
0	0.01142	0.01036	0.01717	0.30188	0.26980	0.01153	0.01416	0.01459	0.01182	0.01621	0.01360	0.07684	0.01232	0.01514	0.17403	0.00359	0.00901	0.00639	0.00307	0.00708
1	0.01078	0.00921	0.00862	0.00832	0.00907	0.10437	0.00542	0.01248	0.06620	0.01310	0.01755	0.03224	0.01877	0.55441	0.10096	0.00530	0.00732	0.00761	0.00366	0.00462
2	0.00857	0.00577	0.00663	0.00657	0.00675	0.00571	0.00383	0.00892	0.00961	0.01299	0.10966	0.03938	0.02576	0.69536	0.02723	0.00525	0.00537	0.00886	0.00395	0.00383
3	0.01017	0.01019	0.10775	0.07070	0.04903	0.00858	0.04306	0.01178	0.00989	0.01388	0.01284	0.01957	0.01173	0.05304	0.29709	0.24670	0.01014	0.00571	0.00286	0.00528
4	0.00775	0.00576	0.00712	0.00730	0.00846	0.00524	0.00521	0.00961	0.01408	0.01896	0.35912	0.25742	0.20288	0.05370	0.00830	0.00224	0.00316	0.01272	0.00585	0.00513
5	0.01697	0.56687	0.02627	0.01058	0.01531	0.02103	0.00995	0.17785	0.01557	0.01970	0.01032	0.01141	0.00866	0.00564	0.00429	0.00139	0.00612	0.00381	0.06027	0.00800

[dist]
# distance from previous block
# <min> <max>
5	87

[block]
# block no. 4 follows, 39 sequences, length 23
# corresponding to MSA columns:
# 1861-1883
name=unknown_E
#
# <colnr> <probs for GDERKNQSTAVLIFYWHMCP>
#	G	D	E	R	K	N	Q	S	T	A	V	L	I	F	Y	W	H	M	C	P
0	0.01548	0.01306	0.01410	0.01308	0.06366	0.08704	0.03284	0.14375	0.22961	0.06696	0.13795	0.02661	0.11252	0.00886	0.00622	0.00187	0.00543	0.00739	0.00549	0.00809
1	0.00774	0.00552	0.00655	0.00714	0.00761	0.00521	0.00455	0.00843	0.01056	0.01376	0.03134	0.36251	0.14836	0.33425	0.01668	0.00370	0.00430	0.01275	0.00471	0.00434
2	0.01229	0.00850	0.01098	0.00913	0.01230	0.00765	0.00715	0.01451	0.01152	0.10839	0.01473	0.01926	0.01268	0.07067	0.30845	0.00472	0.00908	0.00525	0.00385	0.34890
3	0.00740	0.00552	0.00690	0.00772	0.00862	0.00503	0.00543	0.00883	0.01262	0.01654	0.13384	0.49537	0.20403	0.01678	0.00737	0.00225	0.00332	0.04183	0.00562	0.00497
4	0.08945	0.05825	0.00898	0.00738	0.00932	0.05581	0.00573	0.01556	0.06040	0.02043	0.01640	0.01910	0.01318	0.00916	0.03508	0.06534	0.00446	0.00512	0.49503	0.00583
5	0.08586	0.39679	0.05312	0.01552	0.14294	0.01825	0.04043	0.06478	0.01376	0.10230	0.01105	0.01226	0.00880	0.00554	0.00471	0.00155	0.00640	0.00418	0.00347	0.00829
6	0.00767	0.00578	0.00711	0.00735	0.00860	0.00522	0.00534	0.00959	0.01418	0.01892	0.33426	0.26801	0.24169	0.01487	0.00717	0.00208	0.00309	0.02798	0.00591	0.00519
7	0.01309	0.12783	0.07222	0.04400	0.07246	0.09026	0.10593	0.06278	0.01417	0.01762	0.02500	0.07395	0.20880	0.00908	0.00656	0.00185	0.03590	0.00763	0.00388	0.00699
8	0.01404	0.01221	0.01767	0.16825	0.20367	0.01373	0.02648	0.15341	0.04911	0.02142	0.06744	0.09378	0.01570	0.00833	0.00790	0.00200	0.10610	0.00690	0.00405	0.00783
9	0.00699	0.00599	0.00599	0.00599	0.00799	0.00499	0.00449	0.00849	0.01348	0.01598	0.05991	0.05691	0.75288	0.01498	0.00699	0.00200	0.00300	0.01248	0.00549	0.00499
10	0.01057	0.00768	0.01015	0.10439	0.01401	0.00835	0.00790	0.01331	0.05858	0.07019	0.02812	0.32769	0.12049	0.01293	0.00806	0.00215	0.09227	0.01094	0.08624	0.00598
11	0.01311	0.22022	0.02012	0.25006	0.09611	0.01426	0.01186	0.01603	0.01218	0.01656	0.00996	0.01284	0.00824	0.00512	0.00484	0.00141	0.00625	0.00413	0.00292	0.27379
12	0.66684	0.01162	0.01002	0.00857	0.01243	0.01302	0.00706	0.07080	0.01227	0.12577	0.01069	0.01135	0.00777	0.00585	0.00413	0.00183	0.00478	0.00372	0.00431	0.00716
13	0.01830	0.26176	0.16733	0.01332	0.01878	0.09339	0.01299	0.30234	0.01882	0.02415	0.01114	0.01205	0.00855	0.00608	0.00514	0.00161	0.00730	0.00432	0.00391	0.00872
14	0.01314	0.27889	0.52446	0.01467	0.02221	0.01687	0.01804	0.01840	0.01233	0.01717	0.00984	0.01151	0.00752	0.00544	0.00503	0.00168	0.00796	0.00398	0.00251	0.00837
15	0.01499	0.01050	0.01187	0.01017	0.01303	0.01107	0.00798	0.25319	0.11550	0.07368	0.20458	0.11336	0.06074	0.01013	0.00631	0.00189	0.00449	0.00853	0.06029	0.00772
16	0.01477	0.32691	0.01984	0.01069	0.02582	0.01652	0.00909	0.13907	0.13862	0.02032	0.02090	0.07539	0.11464	0.00822	0.00529	0.00165	0.00535	0.00644	0.00435	0.03611
17	0.01030	0.00717	0.00831	0.00780	0.00854	0.00755	0.00511	0.09907	0.01112	0.01501	0.01766	0.03333	0.01907	0.58227	0.13823	0.00581	0.00735	0.00785	0.00381	0.00464
18	0.11928	0.00864	0.00823	0.00796	0.00882	0.08237	0.00531	0.01122	0.00950	0.01369	0.01451	0.02697	0.01548	0.40780	0.07617	0.16327	0.00668	0.00658	0.00331	0.00421
19	0.01461	0.25638	0.02342	0.26678	0.22111	0.09146	0.01444	0.01757	0.01281	0.01580	0.00983	0.01301	0.00816	0.00549	0.00518	0.00165	0.00745	0.00447	0.00272	0.00766
20	0.01873	0.01856	0.01970	0.02317	0.31339	0.25583	0.01403	0.11705	0.01634	0.06875	0.01145	0.01354	0.00912	0.00631	0.00676	0.00175	0.06855	0.00485	0.00363	0.00848
21	0.01489	0.01495	0.02240	0.13864	0.58157	0.08873	0.01724	0.01826	0.01356	0.01825	0.01084	0.01440	0.00898	0.00544	0.00581	0.00176	0.00751	0.00512	0.00290	0.00872
22	0.01624	0.08183	0.24154	0.01482	0.06473	0.16676	0.01360	0.04800	0.07711	0.08786	0.01322	0.01550	0.01041	0.06282	0.00720	0.00197	0.00756	0.00485	0.00367	0.06031

[dist]
# distance from previous block
# <min> <max>
2	9

[block]
# block no. 5 follows, 39 sequences, length 8
# corresponding to MSA columns:
# 1893-1900
name=unknown_F
#
# <colnr> <probs for GDERKNQSTAVLIFYWHMCP>
#	G	D	E	R	K	N	Q	S	T	A	V	L	I	F	Y	W	H	M	C	P
0	0.01700	0.05842	0.11072	0.07025	0.06200	0.27167	0.01254	0.09188	0.06078	0.05032	0.01488	0.08374	0.01321	0.00788	0.00585	0.00182	0.00783	0.04769	0.00392	0.00761
1	0.01159	0.01065	0.01503	0.02002	0.30430	0.05386	0.01122	0.01375	0.01268	0.01726	0.08913	0.26643	0.02391	0.06108	0.00894	0.00227	0.05734	0.00961	0.00412	0.00683
2	0.12485	0.01163	0.01496	0.01208	0.01546	0.01209	0.10345	0.24468	0.01746	0.09582	0.07355	0.14129	0.01895	0.07698	0.00820	0.00227	0.00573	0.00783	0.00514	0.00756
3	0.00814	0.00836	0.06444	0.00749	0.01000	0.00646	0.00634	0.01136	0.06690	0.01805	0.16381	0.04897	0.53177	0.01330	0.00681	0.00197	0.00352	0.01116	0.00546	0.00569
4	0.01038	0.01933	0.41953	0.01214	0.01692	0.01011	0.01358	0.01414	0.01073	0.01544	0.01425	0.02436	0.01384	0.36187	0.01671	0.00362	0.00738	0.00629	0.00299	0.00640
5	0.00736	0.00583	0.00662	0.00679	0.00831	0.00509	0.00495	0.00906	0.01380	0.01762	0.21726	0.20408	0.44223	0.01503	0.00710	0.00205	0.00304	0.01295	0.00573	0.00509
6	0.00781	0.00624	0.00783	0.08085	0.01149	0.00588	0.00616	0.00977	0.01368	0.01774	0.23224	0.22109	0.32940	0.01418	0.00701	0.00205	0.00351	0.01233	0.00549	0.00525
7	0.09831	0.01563	0.01488	0.01212	0.01599	0.12465	0.00974	0.37329	0.05269	0.09515	0.11217	0.01809	0.01618	0.00752	0.00576	0.00177	0.00623	0.00573	0.00549	0.00862

[dist]
# distance from previous block
# <min> <max>
1	5

[block]
# block no. 6 follows, 39 sequences, length 33
# corresponding to MSA columns:
# 1906-1938
name=unknown_G
#
# <colnr> <probs for GDERKNQSTAVLIFYWHMCP>
#	G	D	E	R	K	N	Q	S	T	A	V	L	I	F	Y	W	H	M	C	P
0	0.01201	0.01029	0.01524	0.34289	0.11629	0.01160	0.01240	0.07843	0.06161	0.01986	0.17778	0.02385	0.02057	0.06310	0.00786	0.00217	0.00616	0.00681	0.00411	0.00697
1	0.05765	0.01681	0.01506	0.01305	0.03048	0.18720	0.01009	0.28238	0.18026	0.02681	0.10395	0.01853	0.01659	0.00756	0.00582	0.00178	0.00653	0.00582	0.00519	0.00844
2	0.00729	0.00521	0.00694	0.00817	0.00860	0.00486	0.00550	0.00845	0.01173	0.01574	0.08643	0.73263	0.04036	0.01805	0.00751	0.00236	0.00338	0.01635	0.00557	0.00486
3	0.01152	0.01111	0.01917	0.48422	0.05431	0.01335	0.10390	0.01506	0.01154	0.01545	0.01098	0.01625	0.00882	0.01064	0.09342	0.00289	0.10239	0.00558	0.00274	0.00667
4	0.00730	0.00553	0.00673	0.00743	0.00843	0.00497	0.00519	0.00871	0.01272	0.01653	0.13836	0.46050	0.26310	0.01655	0.00730	0.00220	0.00321	0.01464	0.00563	0.00497
5	0.05412	0.01036	0.01236	0.01041	0.01382	0.01043	0.00817	0.07084	0.20509	0.35171	0.02279	0.09711	0.01789	0.07740	0.00814	0.00227	0.00492	0.00729	0.00623	0.00864
6	0.01569	0.00762	0.00896	0.00775	0.00993	0.00733	0.00579	0.06346	0.01374	0.23692	0.01998	0.02530	0.01632	0.21103	0.01153	0.00267	0.00444	0.00643	0.31848	0.00664
7	0.01580	0.04840	0.05155	0.08022	0.06542	0.01249	0.04152	0.19212	0.04285	0.12437	0.01932	0.21630	0.01793	0.00976	0.00673	0.00199	0.03198	0.00835	0.00497	0.00793
8	0.01883	0.31592	0.02194	0.01255	0.01674	0.23803	0.01063	0.16492	0.11057	0.02014	0.01172	0.01239	0.00943	0.00615	0.00495	0.00154	0.00741	0.00424	0.00381	0.00810
9	0.01154	0.01584	0.23121	0.01404	0.09191	0.01089	0.01242	0.06214	0.07786	0.01941	0.02642	0.08324	0.20489	0.00936	0.00659	0.00188	0.03366	0.00772	0.00416	0.07482
10	0.01381	0.01952	0.21660	0.14955	0.09559	0.08936	0.20321	0.01928	0.06451	0.01801	0.01166	0.01466	0.00888	0.00591	0.00668	0.00192	0.04444	0.00543	0.00299	0.00798
11	0.01416	0.08013	0.31684	0.21313	0.02626	0.01468	0.01671	0.07176	0.01346	0.08226	0.01148	0.01394	0.00844	0.00638	0.00699	0.00191	0.08540	0.00479	0.00321	0.00807
12	0.01429	0.00676	0.00935	0.00849	0.00991	0.00645	0.00617	0.01408	0.04441	0.19679	0.01735	0.02121	0.05966	0.01633	0.01703	0.53189	0.00495	0.00588	0.00409	0.00489
13	0.07362	0.06150	0.01790	0.06827	0.39001	0.01182	0.01293	0.01497	0.01239	0.01802	0.01699	0.24131	0.01768	0.00921	0.00606	0.00193	0.00579	0.00837	0.00369	0.00752
14	0.00823	0.00584	0.00784	0.00907	0.00977	0.00566	0.00684	0.00980	0.01193	0.01573	0.03073	0.43943	0.03544	0.09391	0.01001	0.00285	0.00443	0.28228	0.00528	0.00493
15	0.01027	0.00514	0.00770	0.00770	0.00770	0.00514	0.00514	0.00770	0.00770	0.01027	0.01027	0.01798	0.01027	0.02054	0.02311	0.82794	0.00514	0.00514	0.00257	0.00257
16	0.00779	0.00601	0.00726	0.00801	0.00940	0.00548	0.00623	0.00953	0.01296	0.01625	0.04440	0.24980	0.35607	0.01630	0.00748	0.00232	0.00383	0.22033	0.00548	0.00508
17	0.01564	0.01128	0.01431	0.01515	0.15786	0.01176	0.00964	0.20787	0.08083	0.09143	0.08916	0.02484	0.01853	0.21128	0.01230	0.00283	0.00574	0.00687	0.00492	0.00774
18	0.83394	0.01144	0.00869	0.00778	0.01144	0.01327	0.00640	0.01738	0.01006	0.02653	0.00823	0.00961	0.00640	0.00549	0.00366	0.00183	0.00457	0.00320	0.00366	0.00640
19	0.00738	0.00540	0.00698	0.00817	0.00882	0.00500	0.00571	0.00862	0.01181	0.01544	0.03610	0.62799	0.13331	0.01786	0.00753	0.00238	0.00355	0.07756	0.00549	0.00488
20	0.00826	0.00598	0.00836	0.00924	0.01005	0.00617	0.00704	0.01002	0.01122	0.01518	0.02639	0.32738	0.02939	0.06184	0.24630	0.00486	0.00793	0.19466	0.00467	0.00506
21	0.00905	0.00721	0.00991	0.00961	0.01026	0.00834	0.00724	0.01066	0.01101	0.01567	0.15513	0.17676	0.02671	0.12072	0.24547	0.00493	0.15261	0.00926	0.00419	0.00525
22	0.08412	0.00809	0.00976	0.00897	0.01122	0.00840	0.00703	0.08422	0.01335	0.11130	0.02747	0.08585	0.18735	0.02385	0.29635	0.00483	0.00866	0.00813	0.00472	0.00635
23	0.01782	0.01282	0.02006	0.01575	0.01858	0.01457	0.15460	0.05421	0.01337	0.24767	0.01374	0.01583	0.01025	0.00819	0.01212	0.00220	0.35011	0.00578	0.00430	0.00806
24	0.01415	0.10585	0.07232	0.17255	0.10181	0.01188	0.01200	0.01714	0.01249	0.15403	0.01606	0.01904	0.04089	0.01633	0.20384	0.00379	0.00900	0.00564	0.00377	0.00742
25	0.01109	0.00984	0.01520	0.01925	0.26027	0.01081	0.01166	0.01336	0.01158	0.01636	0.01886	0.16607	0.04290	0.01731	0.15362	0.00358	0.13816	0.06963	0.00370	0.00676
26	0.02126	0.00940	0.01226	0.01007	0.01353	0.00860	0.00795	0.08553	0.01623	0.50238	0.02393	0.16491	0.01932	0.06621	0.00799	0.00221	0.00491	0.00812	0.00658	0.00861
27	0.04893	0.00912	0.01400	0.21674	0.05444	0.00965	0.08095	0.04235	0.01359	0.03333	0.13520	0.17431	0.07615	0.00999	0.00637	0.00198	0.00547	0.00899	0.05207	0.00636
28	0.11734	0.08402	0.01751	0.09053	0.08389	0.35702	0.01163	0.08059	0.07016	0.01903	0.01080	0.01244	0.00863	0.00607	0.00521	0.00166	0.00819	0.00429	0.00349	0.00751
29	0.01367	0.02113	0.36906	0.02169	0.21374	0.01297	0.10462	0.01878	0.01357	0.07470	0.06814	0.01644	0.01236	0.00607	0.00597	0.00185	0.00771	0.00552	0.00333	0.00867
30	0.17434	0.00956	0.01272	0.07162	0.15179	0.01052	0.00972	0.05777	0.01183	0.01893	0.01509	0.11084	0.01453	0.05294	0.24757	0.00448	0.00887	0.00673	0.00365	0.00652
31	0.02051	0.01228	0.01365	0.01125	0.01492	0.05365	0.00906	0.24618	0.05935	0.28841	0.02070	0.09583	0.01635	0.00871	0.00603	0.00187	0.00548	0.03951	0.06748	0.00877
32	0.15452	0.01133	0.03163	0.12172	0.08045	0.03659	0.00968	0.13059	0.01541	0.02248	0.12570	0.06277	0.15588	0.00915	0.00592	0.00189	0.00528	0.00752	0.00460	0.00689

[dist]
# distance from previous block
# <min> <max>
1	15

[block]
# block no. 7 follows, 39 sequences, length 14
# corresponding to MSA columns:
# 1954-1967
name=unknown_H
#
# <colnr> <probs for GDERKNQSTAVLIFYWHMCP>
#	G	D	E	R	K	N	Q	S	T	A	V	L	I	F	Y	W	H	M	C	P
0	0.13359	0.00735	0.00779	0.00764	0.00964	0.00756	0.00585	0.01240	0.07095	0.01807	0.03556	0.09037	0.33072	0.01908	0.16932	0.00357	0.00614	0.00922	0.04953	0.00564
1	0.01653	0.01585	0.16367	0.01472	0.07917	0.01324	0.01245	0.02725	0.38978	0.17210	0.02015	0.01914	0.01453	0.00717	0.00591	0.00192	0.00576	0.00596	0.00532	0.00938
2	0.04886	0.02115	0.01667	0.01418	0.01749	0.38587	0.01116	0.22043	0.01872	0.08135	0.01150	0.01264	0.00884	0.00695	0.00713	0.00175	0.09867	0.00454	0.00416	0.00794
3	0.01907	0.29008	0.02158	0.01242	0.01667	0.16904	0.01061	0.29081	0.01877	0.02288	0.01122	0.01250	0.00905	0.00886	0.05988	0.00210	0.00794	0.00434	0.00396	0.00821
4	0.01245	0.05570	0.10635	0.03269	0.14562	0.04976	0.01112	0.04397	0.05734	0.01746	0.01505	0.08121	0.01428	0.13047	0.09824	0.00320	0.00746	0.00640	0.00357	0.10765
5	0.01069	0.01043	0.01083	0.01282	0.12342	0.12501	0.00804	0.01248	0.01366	0.01671	0.10062	0.25388	0.25303	0.01288	0.00672	0.00199	0.00491	0.01113	0.00482	0.00595
6	0.01067	0.00814	0.00999	0.09796	0.01374	0.00866	0.00747	0.12048	0.01391	0.01859	0.02909	0.03287	0.24089	0.10069	0.19065	0.00409	0.00743	0.00812	0.07067	0.00591
7	0.01800	0.23443	0.01845	0.10012	0.01752	0.12217	0.00988	0.02013	0.01424	0.23448	0.04747	0.10779	0.01550	0.00788	0.00548	0.00171	0.00626	0.00627	0.00455	0.00768
8	0.01617	0.01965	0.12626	0.01643	0.02140	0.19369	0.20564	0.12300	0.05364	0.02057	0.01594	0.01741	0.07119	0.00659	0.00600	0.00175	0.00821	0.00581	0.00376	0.06689
9	0.00908	0.00562	0.00794	0.00808	0.00844	0.00592	0.00558	0.00881	0.00880	0.01206	0.01583	0.10119	0.01670	0.17322	0.25435	0.33559	0.00840	0.00734	0.00324	0.00383
10	0.00955	0.01052	0.09848	0.01070	0.01265	0.00901	0.06657	0.01139	0.01092	0.01476	0.02576	0.14147	0.16530	0.25180	0.01590	0.00328	0.12319	0.00941	0.00391	0.00543
11	0.01707	0.01204	0.01393	0.01253	0.05460	0.07372	0.04564	0.14280	0.07583	0.20062	0.02777	0.11483	0.16318	0.00984	0.00634	0.00191	0.00549	0.00831	0.00558	0.00797
12	0.02130	0.01458	0.01519	0.01209	0.01615	0.07712	0.00980	0.40261	0.05078	0.18653	0.06879	0.01808	0.01470	0.00744	0.00584	0.00176	0.00598	0.00578	0.05631	0.00917
13	0.20975	0.14991	0.16253	0.05299	0.06369	0.06864	0.06786	0.01745	0.01202	0.01909	0.01054	0.01311	0.00851	0.00877	0.06863	0.00235	0.00770	0.00437	0.04483	0.00726

[dist]
# distance from previous block
# <min> <max>
3	8

[block]
# block no. 8 follows, 39 sequences, length 19
# corresponding to MSA columns:
# 1976-1994
name=unknown_I
#
# <colnr> <probs for GDERKNQSTAVLIFYWHMCP>
#	G	D	E	R	K	N	Q	S	T	A	V	L	I	F	Y	W	H	M	C	P
0	0.04809	0.22023	0.01710	0.00989	0.01372	0.01350	0.05196	0.14598	0.01553	0.02017	0.02956	0.02916	0.29475	0.00922	0.00564	0.00168	0.00511	0.00740	0.00443	0.05688
1	0.29075	0.05107	0.01249	0.00977	0.01335	0.13972	0.00786	0.01719	0.01205	0.02055	0.01005	0.01196	0.00826	0.00576	0.00535	0.00150	0.06240	0.00375	0.08288	0.23330
2	0.01681	0.13562	0.05541	0.06302	0.10361	0.01535	0.10865	0.15249	0.11653	0.10536	0.05686	0.01723	0.01343	0.00659	0.00579	0.00178	0.00656	0.00572	0.00451	0.00869
3	0.00784	0.00572	0.00637	0.00660	0.00731	0.00534	0.00420	0.00850	0.01064	0.01354	0.03435	0.17151	0.26116	0.40968	0.01880	0.00396	0.00446	0.01125	0.00452	0.00425
4	0.01727	0.16819	0.05351	0.01856	0.17891	0.08076	0.05463	0.19631	0.13260	0.02307	0.01322	0.01435	0.01031	0.00618	0.00551	0.00170	0.00694	0.00504	0.00407	0.00887
5	0.01477	0.01158	0.01453	0.01200	0.01479	0.01240	0.07707	0.29829	0.05486	0.02406	0.02092	0.15288	0.06259	0.15379	0.01141	0.00269	0.04059	0.00853	0.00497	0.00727
6	0.01562	0.01312	0.01860	0.12850	0.31183	0.01405	0.01380	0.21498	0.06202	0.02449	0.07811	0.01802	0.01419	0.00669	0.00592	0.00180	0.00632	0.00586	0.03741	0.00868
7	0.01503	0.01714	0.15625	0.01814	0.10186	0.06904	0.13564	0.02087	0.13396	0.09035	0.01518	0.06269	0.01236	0.00751	0.00800	0.00200	0.11557	0.00627	0.00391	0.00822
8	0.00735	0.00536	0.00667	0.00763	0.00821	0.00495	0.00508	0.00832	0.01133	0.01478	0.03532	0.57137	0.15475	0.11716	0.01035	0.00276	0.00365	0.01504	0.00525	0.00468
9	0.01236	0.01160	0.05820	0.01708	0.17705	0.01164	0.01194	0.09713	0.01398	0.01943	0.05751	0.02937	0.06218	0.01581	0.13746	0.00339	0.11606	0.13664	0.00405	0.00713
10	0.05624	0.01220	0.05712	0.23061	0.11387	0.01180	0.12586	0.05230	0.01378	0.07312	0.02056	0.02264	0.13518	0.00739	0.00605	0.00189	0.00666	0.00666	0.03871	0.00736
11	0.00891	0.01241	0.21494	0.00991	0.01303	0.00743	0.00971	0.01192	0.01251	0.01755	0.08261	0.32164	0.15014	0.01277	0.00655	0.00205	0.00471	0.01110	0.08406	0.00605
12	0.00791	0.00595	0.00741	0.00840	0.00918	0.00577	0.00577	0.01048	0.08185	0.01610	0.03418	0.65054	0.09981	0.01721	0.00735	0.00233	0.00351	0.01546	0.00554	0.00526
13	0.01549	0.01772	0.13592	0.25302	0.21883	0.13252	0.01618	0.06256	0.01441	0.06122	0.01144	0.01431	0.00869	0.00588	0.00576	0.00181	0.00798	0.00494	0.00322	0.00810
14	0.01578	0.09132	0.07501	0.24427	0.20521	0.06148	0.01514	0.18281	0.01627	0.02135	0.01121	0.01397	0.00867	0.00594	0.00564	0.00177	0.00744	0.00492	0.00346	0.00833
15	0.01059	0.05160	0.01436	0.01811	0.26433	0.00947	0.01026	0.01330	0.04881	0.01696	0.02351	0.44327	0.02618	0.01274	0.00669	0.00210	0.00488	0.01162	0.00448	0.00674
16	0.06333	0.06125	0.05863	0.10959	0.02197	0.29272	0.14436	0.01871	0.01362	0.01615	0.01086	0.01422	0.00895	0.01178	0.12581	0.00294	0.01032	0.00493	0.00298	0.00689
17	0.01231	0.01256	0.01028	0.00998	0.01196	0.21661	0.00766	0.01481	0.04733	0.01716	0.14524	0.04104	0.21854	0.06898	0.00840	0.00225	0.00581	0.13846	0.00485	0.00578
18	0.10597	0.01174	0.01495	0.04607	0.01668	0.01213	0.07756	0.22543	0.01670	0.02465	0.08860	0.01818	0.01471	0.01299	0.13474	0.00296	0.00749	0.00563	0.00439	0.15841

[dist]
# distance from previous block
# <min> <max>
0	25

[block]
# block no. 9 follows, 39 sequences, length 12
# corresponding to MSA columns:
# 2020-2031
name=unknown_J
#
# <colnr> <probs for GDERKNQSTAVLIFYWHMCP>
#	G	D	E	R	K	N	Q	S	T	A	V	L	I	F	Y	W	H	M	C	P
0	0.01400	0.09559	0.05176	0.01109	0.01418	0.01140	0.05143	0.12887	0.01612	0.10631	0.19628	0.15620	0.05676	0.01038	0.00709	0.00193	0.04941	0.00876	0.00523	0.00721
1	0.06483	0.19118	0.01911	0.01284	0.01677	0.28408	0.01049	0.17430	0.13281	0.02148	0.01232	0.01290	0.00971	0.00635	0.00513	0.00161	0.00754	0.00441	0.00405	0.00807
2	0.05481	0.00845	0.01118	0.01310	0.13176	0.00823	0.00855	0.05601	0.01425	0.01998	0.15133	0.18354	0.13541	0.01226	0.00672	0.00205	0.00447	0.12313	0.00506	0.04971
3	0.01519	0.21761	0.02094	0.14301	0.10740	0.01574	0.04219	0.11583	0.06557	0.06155	0.01301	0.01556	0.01043	0.01158	0.11683	0.00283	0.00805	0.00509	0.00369	0.00791
4	0.08500	0.09422	0.10516	0.01199	0.01527	0.01169	0.09370	0.01384	0.01130	0.01651	0.01971	0.02302	0.12950	0.02014	0.25881	0.00442	0.06949	0.00645	0.00337	0.00640
5	0.01026	0.00719	0.00987	0.00948	0.01099	0.00700	0.04471	0.01349	0.08112	0.07012	0.19738	0.29544	0.03527	0.10424	0.00981	0.00259	0.00430	0.07535	0.00555	0.00586
6	0.01134	0.01271	0.13687	0.01113	0.01407	0.06184	0.03503	0.01458	0.01434	0.05850	0.35068	0.02911	0.03118	0.01516	0.12942	0.00311	0.05191	0.00776	0.00475	0.00652
7	0.01444	0.01732	0.24687	0.01492	0.01943	0.01310	0.10276	0.01930	0.06366	0.12590	0.01400	0.01619	0.01056	0.00899	0.04635	0.00238	0.17255	0.00546	0.07790	0.00793
8	0.00844	0.00631	0.00894	0.01050	0.05980	0.00645	0.00699	0.00996	0.01082	0.01477	0.02457	0.36145	0.02762	0.12533	0.22091	0.00478	0.00759	0.07521	0.00442	0.00514
9	0.00827	0.00565	0.00681	0.00730	0.00751	0.00555	0.00459	0.00878	0.00977	0.01299	0.02361	0.25512	0.02750	0.51098	0.02196	0.00455	0.00505	0.06567	0.00427	0.00408
10	0.06374	0.01506	0.11742	0.05501	0.02055	0.01328	0.17074	0.18373	0.06622	0.06304	0.05716	0.04353	0.01400	0.00700	0.00594	0.00186	0.00666	0.00627	0.08068	0.00812
11	0.01302	0.14976	0.17655	0.01322	0.08035	0.01266	0.01166	0.01822	0.11355	0.07582	0.08831	0.02468	0.13397	0.01032	0.05075	0.00224	0.00629	0.00667	0.00428	0.00769

[dist]
# distance from previous block
# <min> <max>
2	13

[block]
# block no. 10 follows, 39 sequences, length 28
# corresponding to MSA columns:
# 2045-2072
name=unknown_K
#
# <colnr> <probs for GDERKNQSTAVLIFYWHMCP>
#	G	D	E	R	K	N	Q	S	T	A	V	L	I	F	Y	W	H	M	C	P
0	0.06151	0.01792	0.01398	0.06924	0.01717	0.33852	0.00990	0.04092	0.13968	0.06975	0.09869	0.02031	0.06232	0.00771	0.00575	0.00175	0.00726	0.00587	0.00446	0.00728
1	0.01804	0.01513	0.01676	0.01772	0.18151	0.11154	0.01177	0.25196	0.10006	0.07162	0.01830	0.02120	0.05249	0.00773	0.00600	0.00183	0.00650	0.05442	0.02673	0.00870
2	0.34087	0.00962	0.01023	0.00908	0.01223	0.00996	0.00743	0.03174	0.01326	0.23252	0.06425	0.02656	0.01766	0.06227	0.00714	0.00225	0.00485	0.12577	0.00522	0.00710
3	0.01221	0.00834	0.01046	0.08993	0.01410	0.00837	0.00764	0.05455	0.09778	0.11726	0.31988	0.03651	0.17789	0.01067	0.00657	0.00191	0.00407	0.00912	0.00591	0.00681
4	0.01053	0.00923	0.01374	0.09206	0.24748	0.00935	0.01068	0.01398	0.06732	0.01784	0.07356	0.24749	0.14020	0.01136	0.00661	0.00203	0.00498	0.01021	0.00451	0.00683
5	0.10249	0.16918	0.10226	0.19701	0.07798	0.22497	0.01349	0.01884	0.01324	0.01663	0.00951	0.01204	0.00766	0.00567	0.00507	0.00167	0.00804	0.00414	0.00284	0.00728
6	0.00783	0.00582	0.00757	0.00798	0.00883	0.00590	0.00567	0.00916	0.01065	0.01420	0.02951	0.26292	0.15994	0.15045	0.27992	0.00537	0.00810	0.01100	0.00437	0.00481
7	0.01003	0.00788	0.01091	0.01151	0.06417	0.00782	0.04623	0.03153	0.09466	0.03774	0.07637	0.36781	0.11155	0.03406	0.04409	0.00260	0.00490	0.02478	0.00520	0.00616
8	0.19898	0.12081	0.36892	0.01285	0.01926	0.01399	0.01459	0.02006	0.01266	0.14902	0.01199	0.01279	0.00851	0.00581	0.00500	0.00178	0.00685	0.00423	0.00360	0.00830
9	0.00954	0.00699	0.00812	0.00799	0.00875	0.00747	0.00527	0.01283	0.13727	0.01437	0.02019	0.08769	0.02121	0.49262	0.12992	0.00538	0.00683	0.00854	0.00409	0.00492
10	0.01196	0.01100	0.01676	0.60648	0.03505	0.01349	0.01484	0.01876	0.17588	0.01727	0.01355	0.01718	0.01016	0.00639	0.00594	0.00198	0.00717	0.00558	0.00339	0.00719
11	0.01590	0.02287	0.24597	0.02208	0.18775	0.19343	0.14568	0.06150	0.01487	0.01897	0.01083	0.01326	0.00836	0.00563	0.00586	0.00178	0.00890	0.00496	0.00301	0.00837
12	0.01225	0.01162	0.06556	0.01230	0.06417	0.04726	0.00964	0.13927	0.05083	0.02068	0.03060	0.15551	0.18590	0.01232	0.00683	0.00212	0.00534	0.15591	0.00507	0.00681
13	0.00960	0.00677	0.00842	0.00869	0.00980	0.00676	0.00626	0.06439	0.06554	0.01742	0.07868	0.37983	0.10092	0.01636	0.00997	0.14623	0.00407	0.04991	0.00512	0.00524
14	0.01504	0.01956	0.18089	0.05415	0.01846	0.21749	0.01226	0.11327	0.06774	0.01948	0.02061	0.10935	0.10915	0.00885	0.00603	0.00186	0.00727	0.00706	0.00410	0.00738
15	0.01614	0.01811	0.13774	0.03963	0.01998	0.12167	0.08461	0.07187	0.01342	0.08990	0.01091	0.01373	0.00866	0.00779	0.01127	0.00211	0.31628	0.00512	0.00339	0.00766
16	0.09083	0.00915	0.01231	0.11027	0.15928	0.00945	0.00960	0.06188	0.01330	0.01876	0.02810	0.24727	0.18399	0.01150	0.00640	0.00203	0.00492	0.01002	0.00448	0.00648
17	0.00775	0.00538	0.00670	0.00754	0.00775	0.00517	0.00475	0.00838	0.01026	0.01368	0.02715	0.49591	0.03224	0.32030	0.01634	0.00370	0.00433	0.01361	0.00475	0.00433
18	0.01184	0.00904	0.00989	0.00872	0.01126	0.00903	0.00678	0.22417	0.01806	0.02352	0.16269	0.11648	0.34043	0.01251	0.00673	0.00195	0.00404	0.01050	0.00579	0.00657
19	0.01456	0.07378	0.07751	0.09867	0.06555	0.18280	0.20989	0.01775	0.01343	0.01638	0.01316	0.11367	0.01219	0.00749	0.00696	0.00190	0.05725	0.00668	0.00319	0.00718
20	0.06454	0.01187	0.01348	0.09767	0.06430	0.08676	0.01005	0.01615	0.05553	0.01817	0.01597	0.07991	0.01537	0.00854	0.00674	0.00179	0.06178	0.12344	0.00389	0.24404
21	0.01171	0.13760	0.11193	0.01191	0.01452	0.01355	0.01066	0.01630	0.13294	0.01679	0.01889	0.26273	0.01947	0.01113	0.00910	0.00213	0.17895	0.00874	0.00407	0.00689
22	0.01260	0.00970	0.01073	0.01065	0.05442	0.04908	0.00771	0.13683	0.01643	0.07158	0.11166	0.13610	0.27369	0.01231	0.00673	0.00200	0.00459	0.06103	0.00552	0.00663
23	0.01586	0.19824	0.02285	0.07010	0.06675	0.01721	0.12367	0.16938	0.13138	0.02192	0.01402	0.01727	0.01143	0.00688	0.00649	0.00183	0.05187	0.04050	0.00404	0.00831
24	0.07367	0.11142	0.01254	0.00934	0.01188	0.06511	0.00739	0.06045	0.06701	0.05810	0.06791	0.15656	0.14958	0.03315	0.08727	0.00278	0.00604	0.00863	0.00473	0.00648
25	0.01154	0.19054	0.05824	0.06876	0.07139	0.01338	0.05243	0.01404	0.01115	0.01508	0.01430	0.11595	0.01402	0.01892	0.23088	0.00411	0.07888	0.00663	0.00317	0.00659
26	0.00996	0.00740	0.00957	0.11870	0.04826	0.00786	0.00684	0.04647	0.01088	0.01472	0.01973	0.03243	0.07040	0.45436	0.06776	0.00453	0.00641	0.00776	0.05106	0.00493
27	0.07415	0.21477	0.06394	0.01566	0.11266	0.17336	0.01205	0.09404	0.03467	0.07735	0.01113	0.01250	0.00884	0.00623	0.00609	0.00167	0.06489	0.00433	0.00359	0.00807

[dist]
# distance from previous block
# <min> <max>
4	18

[block]
# block no. 11 follows, 39 sequences, length 32
# corresponding to MSA columns:
# 2091-2122
name=unknown_L
#
# <colnr> <probs for GDERKNQSTAVLIFYWHMCP>
#	G	D	E	R	K	N	Q	S	T	A	V	L	I	F	Y	W	H	M	C	P
0	0.01149	0.01167	0.06393	0.01514	0.15421	0.05261	0.02392	0.03229	0.01309	0.01784	0.02210	0.25115	0.07167	0.01057	0.00627	0.00185	0.00539	0.05536	0.00421	0.17525
1	0.07412	0.28029	0.04152	0.01486	0.07395	0.18935	0.05664	0.03314	0.10410	0.01755	0.01099	0.01249	0.00908	0.00607	0.00578	0.00164	0.05309	0.00434	0.00328	0.00773
2	0.01263	0.01256	0.13493	0.01040	0.01386	0.00993	0.00945	0.10268	0.12675	0.07073	0.18883	0.07933	0.11926	0.04945	0.00753	0.00211	0.00487	0.00845	0.02897	0.00728
3	0.03277	0.20260	0.05857	0.01310	0.01752	0.22684	0.04357	0.09584	0.10940	0.08301	0.01284	0.01343	0.00990	0.00613	0.00518	0.00159	0.00739	0.00451	0.00397	0.05185
4	0.00995	0.00675	0.00844	0.00809	0.00949	0.00719	0.00614	0.06192	0.01249	0.01845	0.10506	0.02837	0.06836	0.09573	0.32754	0.00531	0.00879	0.00719	0.19920	0.00553
5	0.01025	0.01199	0.10087	0.08832	0.04995	0.06167	0.05199	0.01318	0.01368	0.01716	0.07956	0.04059	0.31463	0.01133	0.00672	0.00203	0.00563	0.10980	0.00447	0.00620
6	0.01429	0.32879	0.01997	0.05485	0.01544	0.01611	0.00943	0.14138	0.05255	0.02013	0.12415	0.05551	0.01815	0.01173	0.09081	0.00250	0.00676	0.00599	0.00412	0.00736
7	0.01578	0.01564	0.13934	0.01726	0.17271	0.06628	0.01266	0.14448	0.01555	0.10634	0.01595	0.09251	0.01403	0.08082	0.06165	0.00273	0.00740	0.00660	0.00423	0.00803
8	0.01445	0.01753	0.11462	0.20032	0.28361	0.12668	0.08255	0.01820	0.01327	0.01725	0.01052	0.01407	0.00841	0.00582	0.00657	0.00185	0.04840	0.00509	0.00281	0.00799
9	0.19063	0.01491	0.01933	0.10148	0.32900	0.10282	0.05551	0.03969	0.01316	0.02008	0.01016	0.01317	0.00828	0.00581	0.00618	0.00183	0.05214	0.00475	0.00314	0.00792
10	0.01182	0.11990	0.10196	0.01220	0.09442	0.01048	0.00913	0.01372	0.01075	0.06294	0.01533	0.02554	0.01520	0.34900	0.11956	0.00447	0.00764	0.00649	0.00342	0.00605
11	0.04460	0.00717	0.00919	0.19013	0.01609	0.00731	0.00766	0.01062	0.01283	0.01668	0.09384	0.16398	0.37296	0.01277	0.00668	0.00204	0.00428	0.01093	0.00481	0.00544
12	0.01252	0.01616	0.15572	0.13960	0.02006	0.14210	0.04457	0.01590	0.04753	0.01566	0.01809	0.07546	0.08219	0.10589	0.01042	0.04639	0.03506	0.00688	0.00344	0.00637
13	0.01016	0.00624	0.00754	0.00729	0.00819	0.00595	0.00486	0.01114	0.01149	0.08699	0.14487	0.08035	0.07935	0.45365	0.02005	0.00413	0.00485	0.04337	0.00476	0.00480
14	0.00735	0.00534	0.00694	0.00801	0.00855	0.00505	0.00542	0.00844	0.01126	0.01489	0.03333	0.62365	0.10584	0.06120	0.06208	0.00304	0.00438	0.01522	0.00523	0.00479
15	0.01082	0.23558	0.01709	0.05636	0.04681	0.01219	0.05323	0.01302	0.01253	0.01561	0.05550	0.03098	0.28151	0.01468	0.11659	0.00286	0.00672	0.00774	0.00390	0.00628
16	0.01387	0.39498	0.22513	0.01162	0.01773	0.01696	0.01255	0.01729	0.01220	0.01654	0.00943	0.01098	0.00785	0.00504	0.00443	0.00133	0.00650	0.00357	0.00276	0.20922
17	0.00947	0.00892	0.08152	0.00879	0.01094	0.00715	0.00747	0.05293	0.01430	0.01964	0.31872	0.07178	0.15167	0.01674	0.09919	0.09542	0.00546	0.00921	0.00503	0.00564
18	0.01118	0.01137	0.02290	0.01785	0.02145	0.01068	0.41775	0.01456	0.01296	0.01744	0.02084	0.30404	0.02173	0.01072	0.00727	0.00219	0.00726	0.05711	0.00407	0.00664
19	0.14566	0.01289	0.05577	0.01312	0.10362	0.05229	0.00953	0.07744	0.20204	0.02374	0.01631	0.01737	0.01255	0.00666	0.00504	0.00173	0.00513	0.00524	0.22613	0.00773
20	0.01263	0.09077	0.26029	0.01411	0.01927	0.05110	0.11112	0.01686	0.01392	0.04311	0.15168	0.02502	0.02011	0.00794	0.00611	0.00185	0.00691	0.08820	0.00390	0.05510
21	0.24691	0.23413	0.14013	0.01307	0.01825	0.01661	0.12321	0.01964	0.10112	0.02037	0.01112	0.01254	0.00873	0.00562	0.00481	0.00173	0.00658	0.00439	0.00334	0.00771
22	0.01446	0.02124	0.34192	0.02089	0.23010	0.01391	0.01732	0.13711	0.01528	0.02204	0.01134	0.01335	0.00860	0.00562	0.00559	0.00171	0.00738	0.00468	0.00330	0.10415
23	0.01551	0.03460	0.07960	0.00928	0.01270	0.00970	0.00822	0.14192	0.01599	0.14142	0.06554	0.02018	0.01563	0.00813	0.02706	0.00180	0.00488	0.00565	0.33851	0.04368
24	0.01443	0.02086	0.35629	0.01621	0.05877	0.06078	0.10058	0.01906	0.01382	0.12905	0.01934	0.02159	0.09858	0.00737	0.00609	0.00190	0.00755	0.03573	0.00382	0.00817
25	0.01448	0.19132	0.29961	0.10033	0.07074	0.01602	0.01567	0.06654	0.10227	0.05032	0.01251	0.01393	0.00943	0.00596	0.00535	0.00175	0.00721	0.00467	0.00340	0.00850
26	0.00885	0.00730	0.00954	0.16719	0.01554	0.02720	0.00793	0.01082	0.01246	0.01606	0.11015	0.27389	0.14637	0.08724	0.00918	0.00251	0.00480	0.07293	0.00476	0.00528
27	0.00895	0.01218	0.18737	0.01009	0.01325	0.00775	0.04107	0.01162	0.01209	0.01592	0.03310	0.13202	0.27062	0.15834	0.01114	0.00276	0.00540	0.05626	0.00431	0.00576
28	0.01066	0.01128	0.13390	0.00981	0.01215	0.00895	0.00855	0.09508	0.01185	0.01640	0.01723	0.02788	0.03710	0.34733	0.22099	0.00554	0.00896	0.00702	0.00362	0.00569
29	0.01564	0.11598	0.14132	0.05146	0.09939	0.22512	0.01287	0.07412	0.03395	0.01775	0.01425	0.10379	0.02547	0.02318	0.01892	0.00195	0.00782	0.00604	0.00350	0.00748
30	0.02261	0.03091	0.00925	0.00824	0.01029	0.06503	0.00631	0.01272	0.01467	0.07047	0.27666	0.13244	0.23284	0.01248	0.00667	0.00192	0.00399	0.04157	0.00559	0.03535
31	0.01273	0.01200	0.06523	0.07553	0.01575	0.09694	0.03027	0.01605	0.03687	0.08750	0.33440	0.02836	0.03018	0.01234	0.07295	0.00254	0.05114	0.00763	0.00494	0.00665

[dist]
# distance from previous block
# <min> <max>
11	311

[block]
# block no. 12 follows, 39 sequences, length 32
# corresponding to MSA columns:
# 2473-2504
name=unknown_M
#
# <colnr> <probs for GDERKNQSTAVLIFYWHMCP>
#	G	D	E	R	K	N	Q	S	T	A	V	L	I	F	Y	W	H	M	C	P
0	0.06692	0.01306	0.01293	0.12332	0.06617	0.15934	0.00971	0.02814	0.12275	0.02001	0.20367	0.02697	0.10579	0.00878	0.00605	0.00184	0.00583	0.00723	0.00464	0.00684
1	0.16508	0.01172	0.01626	0.22851	0.08419	0.02427	0.05545	0.06259	0.01313	0.02035	0.11661	0.01798	0.01481	0.00743	0.00795	0.00200	0.13539	0.00573	0.00364	0.00693
