[name]
unknown

[dist]
# distance from previous block
# <min> <max>
0	113

[block]
# block no. 0 follows, 45 sequences, length 17
# corresponding to MSA columns:
# 153-169
name=unknown_A
#
# <colnr> <probs for GDERKNQSTAVLIFYWHMCP>
#	G	D	E	R	K	N	Q	S	T	A	V	L	I	F	Y	W	H	M	C	P
0	0.06623	0.00684	0.00869	0.00817	0.00931	0.00711	0.00610	0.10849	0.01070	0.05055	0.01316	0.02231	0.01264	0.05037	0.01547	0.48652	0.00485	0.10492	0.00339	0.00417
1	0.14217	0.01142	0.04682	0.01761	0.21428	0.01056	0.17287	0.01513	0.01176	0.04752	0.08206	0.05581	0.01391	0.05054	0.00648	0.00182	0.00580	0.00581	0.00341	0.08422
2	0.08632	0.06075	0.01080	0.00806	0.01129	0.00802	0.00645	0.01464	0.01137	0.15773	0.01692	0.12734	0.04674	0.01100	0.09379	0.00219	0.00518	0.00594	0.02804	0.28739
3	0.09431	0.38779	0.02065	0.06222	0.01604	0.24440	0.00968	0.08070	0.01321	0.01572	0.00831	0.00967	0.00700	0.00511	0.00413	0.00135	0.00685	0.00334	0.00280	0.00672
4	0.06596	0.05698	0.16964	0.15289	0.01876	0.01029	0.05126	0.01449	0.01169	0.08412	0.08209	0.08653	0.08626	0.00763	0.00583	0.00172	0.03592	0.00638	0.00362	0.04795
5	0.01456	0.06522	0.06516	0.01777	0.21206	0.05474	0.11203	0.01815	0.05609	0.15755	0.01535	0.08078	0.01309	0.00687	0.00552	0.00169	0.00607	0.05389	0.00387	0.03952
6	0.01027	0.00795	0.01065	0.05475	0.07746	0.00852	0.00788	0.01267	0.04560	0.08737	0.12925	0.11066	0.25282	0.01068	0.00811	0.00189	0.14452	0.00863	0.00447	0.00585
7	0.00860	0.00664	0.00981	0.00903	0.01055	0.00710	0.07007	0.01148	0.05638	0.01474	0.01939	0.06586	0.08155	0.04771	0.43150	0.00554	0.00973	0.00677	0.12237	0.00517
8	0.01570	0.04761	0.01942	0.04345	0.22217	0.07131	0.15752	0.08659	0.01414	0.16578	0.01540	0.05861	0.04481	0.00636	0.00555	0.00166	0.00642	0.00588	0.00390	0.00771
9	0.01165	0.02041	0.41953	0.07357	0.05076	0.01280	0.13829	0.01911	0.16513	0.01792	0.01232	0.01390	0.00905	0.00546	0.00540	0.00175	0.00725	0.00487	0.00301	0.00781
10	0.00663	0.00519	0.00602	0.00636	0.00757	0.00457	0.00456	0.00806	0.01210	0.01548	0.17412	0.30619	0.39560	0.01422	0.00651	0.00192	0.00282	0.01237	0.00515	0.00457
11	0.00924	0.00631	0.00754	0.00749	0.00889	0.01917	0.00547	0.05063	0.01314	0.08229	0.21313	0.36533	0.16436	0.01321	0.00640	0.00191	0.00329	0.01162	0.00533	0.00526
12	0.11592	0.05681	0.23939	0.01374	0.06735	0.05588	0.05307	0.11160	0.01410	0.20317	0.01247	0.01295	0.00873	0.00557	0.00498	0.00163	0.00637	0.00439	0.00391	0.00797
13	0.01096	0.00613	0.00791	0.00737	0.00916	0.00547	0.00555	0.01284	0.01366	0.19362	0.32174	0.21376	0.14718	0.01172	0.00624	0.00181	0.00316	0.01024	0.00573	0.00576
14	0.00687	0.00481	0.00613	0.00705	0.00728	0.00458	0.00453	0.00756	0.00963	0.01284	0.02627	0.60559	0.03132	0.22479	0.01221	0.00297	0.00366	0.01331	0.00453	0.00407
15	0.05425	0.06102	0.28772	0.12424	0.06397	0.01306	0.04730	0.10725	0.08103	0.09129	0.01205	0.01334	0.00871	0.00556	0.00512	0.00168	0.00660	0.00455	0.00345	0.00781
16	0.01409	0.01261	0.01773	0.05720	0.21913	0.05423	0.11724	0.22918	0.01586	0.02104	0.01643	0.12370	0.06231	0.00751	0.00573	0.00172	0.00616	0.00680	0.00391	0.00743

[dist]
# distance from previous block
# <min> <max>
0	1

[block]
# block no. 1 follows, 45 sequences, length 21
# corresponding to MSA columns:
# 171-191
name=unknown_B
#
# <colnr> <probs for GDERKNQSTAVLIFYWHMCP>
#	G	D	E	R	K	N	Q	S	T	A	V	L	I	F	Y	W	H	M	C	P
0	0.01861	0.00956	0.01137	0.00908	0.01239	0.00946	0.00737	0.22673	0.01716	0.34162	0.07230	0.01874	0.01493	0.00681	0.00508	0.00155	0.00432	0.00546	0.19958	0.00788
1	0.19450	0.20963	0.14020	0.01197	0.01639	0.17430	0.07198	0.03790	0.06654	0.01754	0.00944	0.01070	0.00749	0.00519	0.00440	0.00151	0.00673	0.00374	0.00295	0.00689
2	0.01738	0.01546	0.01783	0.12471	0.13289	0.12913	0.06062	0.38969	0.01901	0.02451	0.01120	0.01277	0.00837	0.00579	0.00535	0.00161	0.00691	0.00471	0.00400	0.00805
3	0.19237	0.01195	0.01237	0.01000	0.01380	0.01280	0.00809	0.28742	0.16564	0.05910	0.01381	0.03517	0.01058	0.00620	0.00478	0.00155	0.00477	0.00472	0.00465	0.14024
4	0.01691	0.50780	0.02298	0.01052	0.01463	0.19788	0.00943	0.07187	0.01331	0.07751	0.00918	0.00996	0.00758	0.00511	0.00407	0.00128	0.00657	0.00336	0.00298	0.00708
5	0.01701	0.01807	0.01390	0.01215	0.01536	0.36015	0.00936	0.11171	0.28054	0.01925	0.01371	0.01382	0.01059	0.00613	0.00505	0.00152	0.00685	0.00452	0.00406	0.07627
6	0.08406	0.12415	0.14820	0.01297	0.01760	0.07113	0.11561	0.14454	0.08024	0.08827	0.02825	0.01493	0.01044	0.00597	0.00509	0.00163	0.00644	0.02908	0.00381	0.00760
7	0.00981	0.00761	0.00889	0.00806	0.01000	0.00783	0.00619	0.06835	0.19448	0.02220	0.49678	0.03409	0.08437	0.00993	0.00606	0.00172	0.00319	0.00859	0.00571	0.00614
8	0.01267	0.01448	0.03167	0.02262	0.02805	0.01357	0.75837	0.01719	0.01267	0.01719	0.01086	0.01448	0.00814	0.00452	0.00633	0.00181	0.00905	0.00633	0.00271	0.00724
9	0.01064	0.01047	0.01887	0.07574	0.23095	0.01019	0.23283	0.01383	0.02383	0.01651	0.06192	0.11663	0.13780	0.00799	0.00603	0.00179	0.00600	0.00784	0.00353	0.00662
10	0.01119	0.12725	0.19868	0.07949	0.02118	0.01276	0.24486	0.01487	0.01094	0.01498	0.01083	0.01526	0.00910	0.06793	0.11642	0.00290	0.02705	0.00516	0.00258	0.00659
11	0.00775	0.00537	0.00707	0.00701	0.00810	0.00496	0.00512	0.00986	0.01395	0.03884	0.56707	0.23402	0.04586	0.01234	0.00644	0.00181	0.00273	0.01100	0.00569	0.00499
12	0.01819	0.01285	0.01351	0.01132	0.01453	0.10077	0.00905	0.11760	0.28045	0.25830	0.01753	0.01660	0.01252	0.00698	0.00654	0.00175	0.08278	0.00527	0.00521	0.00826
13	0.01418	0.13093	0.24556	0.04455	0.18889	0.11413	0.09636	0.01790	0.01239	0.07114	0.01022	0.01212	0.00783	0.00507	0.00505	0.00157	0.00736	0.00432	0.00279	0.00764
14	0.01647	0.01026	0.01092	0.00919	0.01190	0.09167	0.00710	0.09600	0.06177	0.29022	0.17463	0.02461	0.04042	0.12030	0.00863	0.00214	0.00486	0.00655	0.00535	0.00700
15	0.00678	0.00492	0.00614	0.00690	0.00745	0.00456	0.00462	0.00777	0.01060	0.01399	0.09254	0.52841	0.13812	0.12941	0.00966	0.00252	0.00331	0.01319	0.00481	0.00428
16	0.01606	0.04879	0.02035	0.01911	0.19479	0.16219	0.17960	0.07356	0.12029	0.09264	0.01274	0.01407	0.00967	0.00551	0.00541	0.00162	0.00708	0.00504	0.00365	0.00782
17	0.01472	0.19706	0.01841	0.04302	0.04113	0.01373	0.08704	0.10728	0.09915	0.12260	0.04758	0.02001	0.03992	0.00716	0.00606	0.00169	0.05622	0.06576	0.00414	0.00732
18	0.00712	0.00498	0.00600	0.00656	0.00684	0.00477	0.00410	0.00765	0.00925	0.01221	0.02541	0.38930	0.08143	0.39079	0.01646	0.00358	0.00407	0.01147	0.00417	0.00385
19	0.01470	0.05347	0.20483	0.01309	0.01721	0.30257	0.05846	0.04656	0.01389	0.04144	0.05825	0.01929	0.05932	0.00697	0.00537	0.00163	0.00749	0.06541	0.00335	0.00667
20	0.01551	0.01851	0.24902	0.01342	0.01830	0.13259	0.08218	0.12002	0.07545	0.13205	0.01530	0.04973	0.04043	0.00655	0.00541	0.00168	0.00682	0.00539	0.00394	0.00770

[dist]
# distance from previous block
# <min> <max>
0	1

[block]
# block no. 2 follows, 45 sequences, length 13
# corresponding to MSA columns:
# 193-205
name=unknown_C
#
# <colnr> <probs for GDERKNQSTAVLIFYWHMCP>
#	G	D	E	R	K	N	Q	S	T	A	V	L	I	F	Y	W	H	M	C	P
0	0.00882	0.00863	0.07088	0.10663	0.01456	0.00744	0.05429	0.04055	0.01301	0.01754	0.21615	0.13283	0.15373	0.01079	0.00622	0.00188	0.00447	0.10148	0.02461	0.00550
1	0.01372	0.01103	0.01272	0.12062	0.04312	0.07393	0.00864	0.07014	0.02972	0.10711	0.05669	0.03449	0.01186	0.00563	0.00480	0.00128	0.00509	0.00461	0.00383	0.38098
2	0.01292	0.52061	0.10071	0.01143	0.06414	0.01740	0.01043	0.01521	0.01066	0.01370	0.00893	0.01109	0.00792	0.00856	0.08287	0.00205	0.05452	0.00359	0.03650	0.00675
3	0.13590	0.00987	0.01172	0.00931	0.01295	0.00968	0.00761	0.15921	0.01631	0.42440	0.12903	0.01916	0.01699	0.00701	0.00524	0.00166	0.00446	0.00558	0.00584	0.00807
4	0.01399	0.00814	0.01020	0.00829	0.01135	0.00739	0.00661	0.07247	0.01388	0.22122	0.17651	0.02129	0.01968	0.01110	0.10369	0.00230	0.00516	0.00575	0.07461	0.20637
5	0.00966	0.00580	0.00692	0.00699	0.00835	0.00543	0.00509	0.04247	0.01217	0.09421	0.06080	0.36757	0.15178	0.01231	0.00587	0.00182	0.00316	0.01074	0.18361	0.00524
6	0.00805	0.00647	0.00929	0.00899	0.00991	0.00771	0.00708	0.00981	0.00894	0.01273	0.01751	0.02301	0.08989	0.03368	0.61359	0.00715	0.11208	0.00618	0.00302	0.00490
7	0.00755	0.00567	0.00819	0.00815	0.00882	0.00571	0.04993	0.00864	0.00929	0.01262	0.02109	0.34295	0.02389	0.26388	0.19395	0.00457	0.00671	0.01026	0.00383	0.00429
8	0.01339	0.00719	0.00919	0.00868	0.01068	0.00689	0.00648	0.01685	0.12633	0.26983	0.02563	0.42697	0.02525	0.01200	0.00616	0.00195	0.00377	0.01060	0.00561	0.00657
9	0.01278	0.01661	0.31292	0.01269	0.01693	0.01147	0.03120	0.01760	0.08800	0.13151	0.01458	0.09727	0.01213	0.00762	0.00768	0.00186	0.15495	0.00582	0.03909	0.00727
10	0.01047	0.00627	0.00725	0.00654	0.00879	0.00535	0.00507	0.01215	0.01335	0.18600	0.14992	0.04259	0.50269	0.01168	0.00613	0.00176	0.00310	0.00978	0.00549	0.00563
11	0.01182	0.00723	0.00858	0.00789	0.00927	0.00724	0.00553	0.13467	0.01243	0.12330	0.02035	0.24276	0.02135	0.34573	0.01496	0.00328	0.00465	0.00904	0.00456	0.00536
12	0.11831	0.00834	0.00973	0.00907	0.01131	0.00853	0.00714	0.15489	0.01415	0.14781	0.02205	0.30709	0.02233	0.01135	0.00597	0.00197	0.00430	0.12420	0.00512	0.00634

[dist]
# distance from previous block
# <min> <max>
0	2

[block]
# block no. 3 follows, 45 sequences, length 23
# corresponding to MSA columns:
# 208-230
name=unknown_D
#
# <colnr> <probs for GDERKNQSTAVLIFYWHMCP>
#	G	D	E	R	K	N	Q	S	T	A	V	L	I	F	Y	W	H	M	C	P
0	0.05075	0.01351	0.01521	0.01590	0.18303	0.14422	0.05823	0.08043	0.12934	0.05094	0.01311	0.01441	0.01017	0.00561	0.00492	0.00149	0.00585	0.00468	0.11053	0.08768
1	0.08041	0.01480	0.09332	0.06575	0.02063	0.07445	0.22641	0.11071	0.06326	0.17685	0.01327	0.01428	0.00938	0.00560	0.00543	0.00170	0.00688	0.00512	0.00401	0.00774
2	0.01063	0.01721	0.33199	0.01130	0.01596	0.07367	0.01189	0.01411	0.01088	0.01535	0.01246	0.08326	0.01152	0.09529	0.08386	0.00257	0.00717	0.00532	0.00290	0.18265
3	0.05720	0.01604	0.04896	0.01418	0.10118	0.17136	0.01054	0.26934	0.10069	0.08916	0.01275	0.01316	0.00944	0.00591	0.00508	0.00155	0.00632	0.00450	0.00429	0.05836
4	0.01241	0.01284	0.06071	0.01008	0.01236	0.16514	0.00801	0.10136	0.03632	0.01666	0.05714	0.17931	0.01788	0.14186	0.00984	0.00225	0.05388	0.00725	0.00385	0.09084
5	0.01300	0.43659	0.11417	0.01165	0.01502	0.01849	0.01136	0.01507	0.01001	0.01325	0.00757	0.01004	0.00693	0.00635	0.00866	0.00164	0.28757	0.00365	0.00231	0.00665
6	0.00925	0.00694	0.00846	0.00787	0.00956	0.00695	0.00609	0.07081	0.10004	0.02174	0.53123	0.05993	0.06402	0.01074	0.00625	0.00177	0.00319	0.06373	0.00569	0.00572
7	0.01053	0.00995	0.01682	0.70209	0.13023	0.01203	0.01510	0.01406	0.01092	0.01420	0.00961	0.01418	0.00733	0.00529	0.00536	0.00176	0.00706	0.00477	0.00242	0.00628
8	0.01267	0.01448	0.03167	0.02262	0.02805	0.01357	0.75837	0.01719	0.01267	0.01719	0.01086	0.01448	0.00814	0.00452	0.00633	0.00181	0.00905	0.00633	0.00271	0.00724
9	0.00813	0.00613	0.00871	0.11171	0.01287	0.00624	0.00761	0.01052	0.01281	0.01730	0.28932	0.16884	0.03550	0.01255	0.00667	0.00206	0.00409	0.26897	0.00495	0.00502
10	0.17201	0.00995	0.01200	0.00938	0.01340	0.00952	0.00775	0.09797	0.01524	0.57037	0.01788	0.01601	0.01153	0.00633	0.00502	0.00166	0.00463	0.00489	0.00592	0.00854
11	0.55333	0.00893	0.00810	0.00747	0.01022	0.00977	0.00589	0.01522	0.01019	0.11834	0.01423	0.19077	0.01348	0.00787	0.00439	0.00178	0.00397	0.00602	0.00412	0.00591
12	0.00652	0.00475	0.00615	0.00726	0.00773	0.00438	0.00489	0.00750	0.01048	0.01379	0.03218	0.72869	0.11298	0.01648	0.00680	0.00214	0.00307	0.01485	0.00498	0.00438
13	0.00902	0.00652	0.00770	0.00805	0.00919	0.00673	0.00575	0.06193	0.13468	0.01728	0.02567	0.52599	0.02785	0.01322	0.00613	0.00196	0.00341	0.01176	0.11173	0.00543
14	0.00654	0.00467	0.00623	0.00747	0.00779	0.00436	0.00498	0.00747	0.01028	0.01370	0.02959	0.80785	0.03550	0.01682	0.00685	0.00218	0.00311	0.01526	0.00498	0.00436
15	0.01329	0.01275	0.02179	0.03295	0.77787	0.01275	0.01647	0.01647	0.01222	0.01754	0.01010	0.01329	0.00850	0.00478	0.00531	0.00159	0.00638	0.00478	0.00266	0.00850
16	0.01749	0.01901	0.01609	0.14672	0.09875	0.40148	0.01166	0.16035	0.04577	0.01799	0.01010	0.01185	0.00791	0.00567	0.00510	0.00153	0.00798	0.00418	0.00329	0.00706
17	0.06581	0.01093	0.01133	0.00984	0.01245	0.10932	0.00780	0.13981	0.04029	0.16755	0.06376	0.01813	0.01391	0.01748	0.25783	0.00385	0.00837	0.00531	0.02946	0.00675
18	0.00663	0.00518	0.00604	0.00660	0.00775	0.00459	0.00478	0.00795	0.01160	0.01462	0.07708	0.35451	0.39663	0.01484	0.00662	0.00200	0.00301	0.06002	0.00503	0.00451
19	0.01368	0.01474	0.01571	0.01310	0.01596	0.27116	0.18003	0.05438	0.01389	0.03517	0.05826	0.16215	0.11113	0.00870	0.00585	0.00171	0.00679	0.00768	0.00383	0.00607
20	0.01374	0.01321	0.02097	0.10080	0.06799	0.06279	0.30136	0.17983	0.01541	0.02036	0.07612	0.07504	0.01379	0.00657	0.00590	0.00174	0.00705	0.00650	0.00370	0.00714
21	0.01338	0.01348	0.04911	0.08704	0.34054	0.07649	0.08208	0.09562	0.01319	0.01777	0.01093	0.01477	0.00918	0.05190	0.06637	0.00232	0.00743	0.00496	0.00300	0.04043
22	0.12312	0.01270	0.01418	0.03897	0.01490	0.18193	0.13106	0.06208	0.01137	0.01524	0.00928	0.01312	0.00798	0.01011	0.01104	0.29962	0.03089	0.00446	0.00282	0.00513

[dist]
# distance from previous block
# <min> <max>
1	33

[block]
# block no. 4 follows, 45 sequences, length 34
# corresponding to MSA columns:
# 264-297
name=unknown_E
#
# <colnr> <probs for GDERKNQSTAVLIFYWHMCP>
#	G	D	E	R	K	N	Q	S	T	A	V	L	I	F	Y	W	H	M	C	P
0	0.05215	0.21937	0.18028	0.01232	0.01688	0.09343	0.10206	0.04337	0.01232	0.10376	0.01174	0.04184	0.00983	0.07054	0.00662	0.00183	0.00667	0.00478	0.00322	0.00699
1	0.00903	0.00757	0.04567	0.00791	0.00997	0.00650	0.03270	0.05663	0.01311	0.05307	0.21474	0.08808	0.27937	0.07286	0.07615	0.00263	0.00466	0.00924	0.00479	0.00534
2	0.01100	0.00904	0.01396	0.06703	0.15844	0.00905	0.09383	0.07308	0.04005	0.05301	0.04963	0.26269	0.08612	0.03955	0.00686	0.00198	0.00503	0.00911	0.00421	0.00633
3	0.01323	0.06188	0.15946	0.06502	0.16084	0.10266	0.04863	0.11262	0.03960	0.01807	0.01385	0.13092	0.01282	0.00732	0.00547	0.00171	0.00653	0.02876	0.00342	0.00718
4	0.06033	0.00756	0.01150	0.00998	0.01189	0.00790	0.11807	0.01080	0.01071	0.01518	0.08356	0.06319	0.20139	0.02098	0.28881	0.00429	0.05724	0.00770	0.00370	0.00523
5	0.00725	0.00534	0.00605	0.00636	0.00775	0.00463	0.00458	0.00849	0.01168	0.05019	0.04390	0.32214	0.47365	0.01443	0.00648	0.00194	0.00295	0.01246	0.00506	0.00469
6	0.01189	0.01116	0.01881	0.14551	0.55335	0.01155	0.01467	0.01487	0.01161	0.01632	0.01191	0.08051	0.01087	0.00807	0.05398	0.00211	0.00672	0.00572	0.00282	0.00754
7	0.01573	0.06627	0.01573	0.01278	0.05117	0.32569	0.06421	0.05895	0.01405	0.04248	0.03483	0.01427	0.05332	0.00571	0.00486	0.00133	0.00689	0.00441	0.00332	0.20400
8	0.22532	0.01624	0.24390	0.07474	0.01760	0.06860	0.03767	0.01659	0.07719	0.01874	0.04741	0.07012	0.01164	0.00636	0.00485	0.00168	0.00596	0.00503	0.00329	0.04707
9	0.00909	0.00628	0.00737	0.00723	0.00883	0.00583	0.00533	0.07490	0.01323	0.07329	0.12111	0.31858	0.30198	0.01333	0.00637	0.00190	0.00326	0.01157	0.00524	0.00527
10	0.00715	0.00511	0.00632	0.00686	0.00744	0.00483	0.00465	0.00817	0.01057	0.01402	0.12334	0.35905	0.11663	0.23752	0.01248	0.00294	0.00370	0.06041	0.00461	0.00420
11	0.01539	0.01376	0.01812	0.14642	0.24807	0.13786	0.08516	0.07292	0.03629	0.11472	0.01270	0.05211	0.01019	0.00599	0.00544	0.00166	0.00681	0.00534	0.00354	0.00753
12	0.12131	0.00795	0.00949	0.00834	0.01100	0.00758	0.00649	0.06675	0.01338	0.32104	0.02513	0.25385	0.10512	0.01022	0.00567	0.00183	0.00397	0.00863	0.00546	0.00678
13	0.00679	0.00518	0.00624	0.00655	0.00767	0.00463	0.00470	0.00835	0.01243	0.01633	0.26265	0.31555	0.29561	0.01394	0.00652	0.00191	0.00280	0.01223	0.00526	0.00463
14	0.10478	0.02042	0.25041	0.01494	0.01978	0.22567	0.17000	0.01805	0.03962	0.01665	0.01005	0.01222	0.00779	0.00750	0.05739	0.00210	0.00853	0.00441	0.00277	0.00690
15	0.01108	0.38675	0.14401	0.00907	0.01294	0.01364	0.00916	0.01343	0.01112	0.01429	0.01909	0.13194	0.13282	0.00797	0.00469	0.00150	0.00503	0.00632	0.05897	0.00620
16	0.01445	0.09483	0.18833	0.06721	0.05314	0.15130	0.04817	0.13230	0.01418	0.01850	0.01003	0.01174	0.00777	0.00518	0.00481	0.00143	0.00686	0.00403	0.03245	0.13329
17	0.01370	0.24483	0.17893	0.01184	0.01641	0.07125	0.07611	0.09695	0.01396	0.05483	0.13220	0.01695	0.03729	0.00634	0.00499	0.00152	0.00614	0.00511	0.00356	0.00708
18	0.01314	0.01090	0.01653	0.21201	0.31376	0.01142	0.01270	0.10956	0.01386	0.06599	0.06621	0.01809	0.06250	0.00623	0.00542	0.00163	0.00578	0.00552	0.00358	0.04518
19	0.04205	0.06665	0.30791	0.01370	0.06923	0.02802	0.04652	0.09614	0.02896	0.01860	0.04920	0.14128	0.01414	0.00733	0.00532	0.00168	0.00612	0.00620	0.00342	0.04753
20	0.00680	0.00525	0.00621	0.00640	0.00764	0.00466	0.00464	0.00843	0.01268	0.01658	0.28244	0.24742	0.34436	0.01359	0.00647	0.00187	0.00276	0.01184	0.00529	0.00466
21	0.01014	0.00954	0.01610	0.79845	0.03697	0.01193	0.01491	0.01371	0.01073	0.01371	0.00954	0.01431	0.00716	0.00537	0.00537	0.00179	0.00716	0.00477	0.00239	0.00596
22	0.01914	0.01775	0.01609	0.01318	0.01685	0.28583	0.06315	0.29434	0.11425	0.08662	0.01297	0.01324	0.00955	0.00611	0.00527	0.00158	0.00713	0.00466	0.00439	0.00790
23	0.01502	0.00908	0.01094	0.00967	0.01251	0.00935	0.00775	0.02241	0.31279	0.25220	0.14953	0.02822	0.02313	0.00871	0.00585	0.00184	0.00415	0.10339	0.00583	0.00764
24	0.01745	0.00856	0.01072	0.00870	0.01168	0.00803	0.00687	0.11994	0.01551	0.39739	0.15386	0.02572	0.07083	0.10992	0.00840	0.00212	0.00435	0.00678	0.00580	0.00737
25	0.64919	0.01084	0.00946	0.00802	0.01156	0.01216	0.00661	0.11254	0.01191	0.11127	0.00972	0.01034	0.00709	0.00536	0.00382	0.00165	0.00442	0.00344	0.00396	0.00662
26	0.01927	0.01447	0.01547	0.01212	0.01621	0.01612	0.00993	0.64218	0.14488	0.03200	0.01433	0.01404	0.01030	0.00658	0.00538	0.00164	0.00564	0.00503	0.00538	0.00903
27	0.01366	0.00666	0.00828	0.00723	0.00959	0.00592	0.00565	0.01568	0.01362	0.29476	0.16951	0.08220	0.18040	0.00951	0.00558	0.00166	0.00334	0.00803	0.15233	0.00637
28	0.00718	0.00548	0.00663	0.00649	0.00775	0.00518	0.00477	0.00885	0.01199	0.01591	0.27795	0.04028	0.30556	0.11873	0.15011	0.00343	0.00507	0.00935	0.00469	0.00459
29	0.01148	0.00943	0.01045	0.00944	0.01186	0.01041	0.00729	0.04740	0.46445	0.02251	0.29927	0.02718	0.02877	0.00861	0.00578	0.00176	0.00367	0.00737	0.00562	0.00725
30	0.01730	0.01207	0.01259	0.01062	0.01395	0.06920	0.00849	0.18242	0.29787	0.19229	0.01867	0.01881	0.01376	0.00702	0.00532	0.00169	0.00496	0.03197	0.07281	0.00820
31	0.00668	0.00502	0.00589	0.00650	0.00729	0.00456	0.00439	0.00761	0.01056	0.01345	0.03617	0.42020	0.29056	0.14365	0.00997	0.00254	0.00331	0.01269	0.00470	0.00424
32	0.00708	0.00506	0.00639	0.00688	0.00743	0.00484	0.00462	0.00816	0.01057	0.01423	0.15495	0.38638	0.08750	0.20796	0.06008	0.00319	0.00418	0.01164	0.00460	0.00425
33	0.06857	0.01459	0.01232	0.01066	0.01374	0.22492	0.00834	0.13379	0.19250	0.11729	0.01760	0.01729	0.06198	0.00679	0.00505	0.00159	0.00578	0.00514	0.07473	0.00733

[dist]
# distance from previous block
# <min> <max>
5	7

[block]
# block no. 5 follows, 45 sequences, length 10
# corresponding to MSA columns:
# 306-315
name=unknown_F
#
# <colnr> <probs for GDERKNQSTAVLIFYWHMCP>
#	G	D	E	R	K	N	Q	S	T	A	V	L	I	F	Y	W	H	M	C	P
0	0.01389	0.11339	0.05519	0.04544	0.15384	0.12794	0.10120	0.04415	0.03040	0.06993	0.01411	0.15492	0.01322	0.00742	0.00579	0.00168	0.03064	0.00644	0.00346	0.00693
1	0.00996	0.00595	0.00792	0.00779	0.00840	0.00607	0.00544	0.10065	0.01014	0.01354	0.01518	0.22745	0.01630	0.01664	0.01526	0.51426	0.00440	0.00752	0.00342	0.00372
2	0.01234	0.01072	0.01449	0.01294	0.10916	0.00971	0.07446	0.09357	0.07455	0.01999	0.08614	0.01544	0.01303	0.00534	0.00485	0.00124	0.00481	0.00471	0.00376	0.42878
3	0.01136	0.09138	0.44593	0.01380	0.01970	0.01206	0.09465	0.01656	0.04212	0.04573	0.10577	0.01603	0.01331	0.00740	0.03957	0.00197	0.00720	0.00505	0.00309	0.00734
4	0.08774	0.00897	0.01069	0.00878	0.01180	0.00876	0.00692	0.13791	0.01471	0.37318	0.01862	0.08856	0.01477	0.10729	0.00794	0.00211	0.00453	0.00624	0.07313	0.00737
5	0.00792	0.00619	0.00748	0.00777	0.00910	0.00583	0.00550	0.01084	0.10470	0.01532	0.02857	0.54142	0.10058	0.01377	0.00628	0.00193	0.00332	0.01228	0.00482	0.10636
6	0.06916	0.01187	0.07878	0.09047	0.01851	0.01193	0.14680	0.05374	0.01129	0.09454	0.01153	0.01496	0.00925	0.01356	0.17391	0.00332	0.17151	0.00512	0.00319	0.00657
7	0.01244	0.01329	0.01490	0.21355	0.02044	0.20954	0.07648	0.01534	0.04870	0.01406	0.01276	0.10995	0.01188	0.01184	0.11095	0.00270	0.08619	0.00603	0.00304	0.00591
8	0.00654	0.00467	0.00623	0.00747	0.00779	0.00436	0.00498	0.00747	0.01028	0.01370	0.02959	0.80785	0.03550	0.01682	0.00685	0.00218	0.00311	0.01526	0.00498	0.00436
9	0.00983	0.00761	0.00840	0.00848	0.00959	0.04526	0.00599	0.14288	0.01292	0.01691	0.02412	0.53933	0.02758	0.10386	0.00879	0.00238	0.00417	0.01197	0.00475	0.00518

[dist]
# distance from previous block
# <min> <max>
0	1

[block]
# block no. 6 follows, 45 sequences, length 7
# corresponding to MSA columns:
# 317-323
name=unknown_G
#
# <colnr> <probs for GDERKNQSTAVLIFYWHMCP>
#	G	D	E	R	K	N	Q	S	T	A	V	L	I	F	Y	W	H	M	C	P
0	0.00662	0.00497	0.00614	0.00686	0.00768	0.00449	0.00476	0.00786	0.01139	0.01487	0.12750	0.51713	0.22971	0.01526	0.00666	0.00202	0.00294	0.01356	0.00510	0.00449
1	0.00845	0.00809	0.10195	0.00806	0.01003	0.00571	0.00682	0.01031	0.01155	0.07513	0.07314	0.42279	0.21052	0.01348	0.00637	0.00196	0.00369	0.01184	0.00483	0.00525
2	0.01529	0.23250	0.13764	0.01323	0.05887	0.01631	0.04079	0.24007	0.15426	0.02187	0.01233	0.01289	0.00942	0.00572	0.00486	0.00154	0.00602	0.00445	0.00382	0.00811
3	0.01404	0.11501	0.13367	0.14487	0.07225	0.11186	0.01163	0.04588	0.01294	0.11010	0.04460	0.05060	0.01248	0.00663	0.00512	0.00162	0.00625	0.03921	0.05434	0.00690
4	0.15602	0.01270	0.06598	0.00972	0.01381	0.05792	0.00838	0.18271	0.01463	0.11575	0.01195	0.01284	0.00892	0.00689	0.03849	0.00169	0.00550	0.00406	0.05028	0.22175
5	0.01659	0.01732	0.01522	0.14380	0.01963	0.34935	0.04483	0.07213	0.10130	0.06247	0.01141	0.01276	0.00875	0.00562	0.00505	0.00149	0.00742	0.00429	0.00347	0.09709
6	0.04771	0.11546	0.06632	0.01075	0.01428	0.31799	0.00900	0.06106	0.01349	0.01572	0.01473	0.01624	0.10200	0.03948	0.00564	0.00152	0.00673	0.00458	0.00321	0.13410

[dist]
# distance from previous block
# <min> <max>
0	9

[block]
# block no. 7 follows, 45 sequences, length 21
# corresponding to MSA columns:
# 333-353
name=unknown_H
#
# <colnr> <probs for GDERKNQSTAVLIFYWHMCP>
#	G	D	E	R	K	N	Q	S	T	A	V	L	I	F	Y	W	H	M	C	P
0	0.01236	0.43986	0.14322	0.00926	0.01360	0.01492	0.00951	0.01468	0.01137	0.05621	0.01882	0.01972	0.16929	0.03998	0.00541	0.00157	0.00537	0.00517	0.00314	0.00654
1	0.00880	0.00651	0.00790	0.00717	0.00884	0.00624	0.00548	0.09069	0.01586	0.02187	0.59204	0.03878	0.14754	0.01085	0.00623	0.00170	0.00292	0.00941	0.00572	0.00543
2	0.01061	0.00660	0.00909	0.12318	0.01316	0.00640	0.00689	0.01283	0.01345	0.15449	0.32808	0.15936	0.11334	0.01062	0.00611	0.00179	0.00369	0.00930	0.00527	0.00575
3	0.01391	0.42575	0.25867	0.01243	0.01809	0.01666	0.08695	0.01732	0.01159	0.07936	0.00962	0.01085	0.00753	0.00491	0.00440	0.00143	0.00664	0.00376	0.00270	0.00743
4	0.38904	0.01154	0.01048	0.00917	0.01249	0.06134	0.00732	0.02201	0.26337	0.14122	0.01446	0.01404	0.01057	0.00604	0.00446	0.00170	0.00460	0.00438	0.00452	0.00725
5	0.02131	0.00895	0.01175	0.00920	0.01298	0.00797	0.00753	0.06878	0.01570	0.62236	0.07146	0.02215	0.07980	0.00749	0.00554	0.00167	0.00436	0.00614	0.00638	0.00849
6	0.08002	0.00666	0.00747	0.00719	0.00838	0.00675	0.00496	0.05687	0.04214	0.06344	0.06781	0.20539	0.07085	0.33192	0.01445	0.00321	0.00429	0.00901	0.00435	0.00486
7	0.08827	0.09993	0.12244	0.17122	0.01941	0.01324	0.01116	0.23423	0.01540	0.02172	0.08964	0.06387	0.01373	0.00681	0.00513	0.00166	0.00575	0.00546	0.00384	0.00707
8	0.01729	0.00987	0.01150	0.00973	0.01302	0.01026	0.00774	0.02585	0.38492	0.32631	0.02111	0.01932	0.01486	0.00692	0.00525	0.00170	0.00419	0.00569	0.09610	0.00838
9	0.00661	0.00487	0.00604	0.00692	0.00751	0.00447	0.00465	0.00755	0.01047	0.01359	0.03357	0.58854	0.18494	0.08326	0.00848	0.00236	0.00321	0.01383	0.00484	0.00430
10	0.01093	0.00909	0.03084	0.01030	0.07541	0.00868	0.00741	0.20805	0.01567	0.02056	0.11055	0.14905	0.30027	0.01094	0.00604	0.00178	0.00405	0.00928	0.00491	0.00621
11	0.01000	0.00871	0.01339	0.01857	0.33393	0.00850	0.01079	0.01245	0.01214	0.01622	0.02604	0.08635	0.17346	0.01046	0.00627	0.00195	0.00498	0.23546	0.00399	0.00633
12	0.00642	0.00533	0.00562	0.00579	0.00736	0.00453	0.00425	0.00776	0.01206	0.01465	0.07847	0.16196	0.63939	0.01397	0.00642	0.00186	0.00277	0.01184	0.00502	0.00453
13	0.00939	0.00616	0.00723	0.00696	0.00860	0.00584	0.00521	0.01254	0.08445	0.08265	0.24515	0.16374	0.20696	0.01121	0.00591	0.00175	0.00300	0.00967	0.11810	0.00548
14	0.01077	0.02777	0.78354	0.01530	0.02323	0.01247	0.01983	0.01700	0.01133	0.01700	0.00963	0.01133	0.00680	0.00510	0.00510	0.00170	0.00793	0.00397	0.00227	0.00793
15	0.01435	0.81458	0.02813	0.00918	0.01378	0.02124	0.00918	0.01607	0.01091	0.01263	0.00746	0.00861	0.00689	0.00459	0.00344	0.00115	0.00574	0.00287	0.00230	0.00689
16	0.01287	0.01628	0.31677	0.01194	0.01665	0.01026	0.01270	0.09478	0.05970	0.12208	0.01961	0.05669	0.06186	0.00853	0.00580	0.00187	0.00593	0.15417	0.00419	0.00730
17	0.00807	0.00574	0.00695	0.00746	0.00845	0.00552	0.00520	0.01051	0.08814	0.04846	0.03172	0.51064	0.15641	0.07045	0.00799	0.00227	0.00337	0.01270	0.00498	0.00495
18	0.01415	0.01301	0.16139	0.01164	0.01587	0.00964	0.08098	0.11472	0.01435	0.18428	0.02113	0.06246	0.09855	0.00830	0.00577	0.00177	0.00555	0.10607	0.00453	0.06585
19	0.09681	0.01694	0.02894	0.01130	0.01448	0.31571	0.00897	0.19151	0.01602	0.08062	0.01206	0.01505	0.00984	0.05573	0.00627	0.00174	0.00686	0.03261	0.03710	0.04144
20	0.13655	0.04375	0.06035	0.17041	0.01755	0.09468	0.00970	0.10121	0.01296	0.01857	0.04390	0.10391	0.01449	0.00866	0.02626	0.00192	0.00593	0.06784	0.05524	0.00611

[dist]
# distance from previous block
# <min> <max>
0	67

[block]
# block no. 8 follows, 45 sequences, length 26
# corresponding to MSA columns:
# 421-446
name=unknown_I
#
# <colnr> <probs for GDERKNQSTAVLIFYWHMCP>
#	G	D	E	R	K	N	Q	S	T	A	V	L	I	F	Y	W	H	M	C	P
0	0.01641	0.01316	0.05723	0.01293	0.07075	0.11009	0.07079	0.10330	0.03279	0.21606	0.13740	0.01833	0.01644	0.00652	0.00538	0.00155	0.00566	0.00552	0.00464	0.09506
1	0.08660	0.13242	0.03359	0.08851	0.01591	0.07343	0.04285	0.01771	0.05627	0.18369	0.01713	0.09164	0.02302	0.00798	0.00533	0.00175	0.00554	0.10564	0.00422	0.00676
2	0.01309	0.20657	0.10792	0.01026	0.01363	0.04612	0.00925	0.14481	0.11093	0.01792	0.01475	0.14038	0.01394	0.05314	0.00754	0.06775	0.00548	0.00617	0.00374	0.00662
3	0.01296	0.05704	0.19894	0.07394	0.05965	0.01159	0.01159	0.15292	0.05730	0.05366	0.04394	0.05276	0.07038	0.00677	0.00520	0.00157	0.00561	0.00555	0.00383	0.11478
4	0.01184	0.01164	0.07143	0.07774	0.01432	0.10955	0.00874	0.07063	0.01301	0.06026	0.12373	0.17694	0.05879	0.05284	0.00783	0.00195	0.06755	0.00775	0.00412	0.04934
5	0.00805	0.00579	0.00751	0.00856	0.06713	0.00587	0.00497	0.00867	0.00860	0.01168	0.01778	0.13714	0.02005	0.54071	0.12063	0.00495	0.00619	0.00832	0.00339	0.00401
6	0.00976	0.00619	0.00753	0.00756	0.00879	0.00599	0.00543	0.01202	0.07595	0.10630	0.02781	0.26429	0.12640	0.22299	0.01193	0.00286	0.00407	0.08430	0.00477	0.00508
7	0.01379	0.18380	0.02203	0.01449	0.01838	0.18062	0.26466	0.01704	0.04627	0.01578	0.07686	0.05969	0.01319	0.00611	0.00529	0.00154	0.00715	0.00563	0.00318	0.04448
8	0.00890	0.00570	0.00718	0.00705	0.00765	0.00584	0.00478	0.00986	0.02999	0.04990	0.05887	0.03152	0.01956	0.45503	0.16093	0.07408	0.00660	0.04891	0.00358	0.00409
9	0.01207	0.00751	0.00861	0.00776	0.00973	0.00757	0.00595	0.17077	0.01506	0.08415	0.14578	0.18614	0.06353	0.00967	0.00543	0.00165	0.00354	0.00823	0.24077	0.00607
10	0.01322	0.01279	0.01803	0.18587	0.29902	0.09548	0.07427	0.01782	0.11089	0.04281	0.02866	0.03522	0.03013	0.00600	0.00546	0.00168	0.00653	0.00547	0.00330	0.00737
11	0.03196	0.01384	0.01868	0.01742	0.15138	0.08838	0.17203	0.16775	0.14295	0.05556	0.07304	0.01648	0.01319	0.00613	0.00557	0.00167	0.00640	0.00559	0.00414	0.00784
12	0.01105	0.07577	0.17211	0.01491	0.01897	0.01243	0.25364	0.01505	0.05045	0.01576	0.01670	0.07887	0.09354	0.02781	0.00796	0.00193	0.11670	0.00662	0.00312	0.00661
13	0.00682	0.00490	0.00603	0.00682	0.00726	0.00458	0.00445	0.00758	0.00995	0.01302	0.02985	0.52385	0.12966	0.20550	0.01166	0.00285	0.00356	0.01297	0.00457	0.00412
14	0.00776	0.00566	0.00708	0.00760	0.00847	0.00544	0.00533	0.06687	0.01229	0.01645	0.13546	0.57928	0.09215	0.01493	0.00662	0.00204	0.00322	0.01336	0.00514	0.00485
15	0.01106	0.01111	0.06400	0.07222	0.01684	0.00880	0.09768	0.01472	0.05084	0.01769	0.06885	0.01447	0.01154	0.00493	0.00470	0.00117	0.00499	0.00438	0.00333	0.51668
16	0.01378	0.01322	0.01837	0.20868	0.39340	0.09393	0.01431	0.09966	0.01365	0.01792	0.01113	0.01580	0.00936	0.00576	0.00540	0.00167	0.00677	0.04662	0.00304	0.00753
17	0.00659	0.00490	0.00614	0.00699	0.00769	0.00446	0.00480	0.00775	0.01111	0.01454	0.09895	0.58333	0.19188	0.01564	0.00670	0.00206	0.00298	0.01396	0.00506	0.00446
18	0.00738	0.00509	0.00591	0.00622	0.00644	0.00494	0.00374	0.00772	0.00876	0.01154	0.02297	0.22690	0.08275	0.55295	0.02063	0.00419	0.00449	0.00992	0.00381	0.00363
19	0.01285	0.01444	0.14654	0.09710	0.06278	0.01197	0.28206	0.05300	0.08641	0.07662	0.01427	0.09187	0.01175	0.00644	0.00583	0.00179	0.00699	0.00640	0.00352	0.00737
20	0.00792	0.00789	0.07172	0.00855	0.01032	0.00651	0.03917	0.01075	0.07018	0.01497	0.06775	0.30452	0.18223	0.08612	0.08344	0.00288	0.00501	0.01054	0.00439	0.00512
21	0.09041	0.00979	0.01116	0.00899	0.01236	0.00992	0.00731	0.20197	0.04594	0.32046	0.01711	0.01662	0.01186	0.00638	0.00482	0.00156	0.00435	0.00498	0.20619	0.00783
22	0.01608	0.01311	0.05688	0.01195	0.01558	0.05641	0.06679	0.20075	0.23801	0.14014	0.01821	0.11129	0.01475	0.00770	0.00561	0.00176	0.00545	0.00653	0.00502	0.00799
23	0.07755	0.01144	0.01418	0.05887	0.20427	0.05464	0.01005	0.07417	0.04623	0.04704	0.01252	0.04836	0.01085	0.00597	0.00491	0.00144	0.00529	0.04351	0.00356	0.26515
24	0.03551	0.05905	0.07702	0.01567	0.11904	0.05278	0.14852	0.11193	0.01426	0.09709	0.04093	0.01976	0.04588	0.00660	0.00548	0.00164	0.00623	0.06862	0.00384	0.07014
25	0.09199	0.05657	0.15585	0.01127	0.01529	0.07275	0.01059	0.04351	0.01151	0.07034	0.00959	0.01138	0.00763	0.00581	0.00708	0.00151	0.16715	0.00383	0.00310	0.24323

[dist]
# distance from previous block
# <min> <max>
1	17

[block]
# block no. 9 follows, 45 sequences, length 12
# corresponding to MSA columns:
# 504-515
name=unknown_J
#
# <colnr> <probs for GDERKNQSTAVLIFYWHMCP>
#	G	D	E	R	K	N	Q	S	T	A	V	L	I	F	Y	W	H	M	C	P
0	0.01402	0.01096	0.01657	0.03955	0.21529	0.01151	0.08483	0.11223	0.06465	0.11668	0.01611	0.16420	0.01461	0.00812	0.00694	0.00183	0.08330	0.00708	0.00411	0.00743
1	0.00911	0.00780	0.01099	0.04894	0.01244	0.00885	0.05301	0.01258	0.11718	0.01463	0.02063	0.25764	0.05734	0.07087	0.15221	0.00347	0.12407	0.00890	0.00389	0.00544
2	0.01815	0.01228	0.12176	0.06146	0.01627	0.00970	0.00993	0.12863	0.01553	0.38740	0.06417	0.01883	0.05136	0.00677	0.00537	0.00163	0.00516	0.00550	0.00524	0.05484
3	0.00994	0.00590	0.00745	0.00708	0.00839	0.00556	0.00507	0.01128	0.01144	0.13524	0.16659	0.13879	0.13353	0.22474	0.10168	0.00349	0.00502	0.00906	0.00472	0.00503
4	0.01312	0.01524	0.18592	0.01336	0.08943	0.10680	0.01116	0.05339	0.11433	0.08088	0.06635	0.06903	0.01512	0.05520	0.08436	0.00257	0.00693	0.00594	0.00385	0.00701
5	0.01224	0.00775	0.00803	0.00714	0.00923	0.00820	0.00558	0.16816	0.08918	0.02274	0.01948	0.02068	0.06457	0.00689	0.00443	0.00142	0.00339	0.00550	0.52923	0.00617
6	0.00857	0.00734	0.01127	0.21097	0.14519	0.00770	0.00934	0.01059	0.01091	0.01443	0.02366	0.39970	0.09612	0.01158	0.00617	0.00195	0.00465	0.01046	0.00394	0.00548
7	0.08142	0.13124	0.06469	0.00949	0.01244	0.09482	0.00825	0.07011	0.08710	0.01817	0.10774	0.07381	0.12609	0.00897	0.00540	0.00171	0.00501	0.08312	0.00420	0.00622
8	0.00747	0.00578	0.00774	0.00837	0.00894	0.00592	0.00603	0.00861	0.01024	0.01397	0.02609	0.63206	0.03076	0.01525	0.00791	0.00215	0.08928	0.06280	0.00461	0.04605
9	0.00815	0.00572	0.00712	0.00719	0.00791	0.00595	0.00498	0.04484	0.00985	0.01357	0.02095	0.18995	0.06638	0.30228	0.22971	0.00492	0.00703	0.00869	0.05043	0.00437
10	0.01474	0.00920	0.01063	0.00889	0.01185	0.00922	0.00708	0.17705	0.11791	0.20248	0.17145	0.02896	0.18951	0.00906	0.00579	0.00171	0.00401	0.00751	0.00570	0.00724
11	0.01278	0.01048	0.01560	0.01289	0.01581	0.04094	0.19869	0.08581	0.12057	0.09389	0.02040	0.26129	0.01972	0.00978	0.00620	0.00192	0.00557	0.05637	0.00458	0.00671

[dist]
# distance from previous block
# <min> <max>
0	1

[block]
# block no. 10 follows, 45 sequences, length 51
# corresponding to MSA columns:
# 517-531,538-550,602-624
name=unknown_K
#
# <colnr> <probs for GDERKNQSTAVLIFYWHMCP>
#	G	D	E	R	K	N	Q	S	T	A	V	L	I	F	Y	W	H	M	C	P
0	0.01582	0.25956	0.07130	0.08566	0.01691	0.08746	0.01043	0.11842	0.01361	0.13477	0.01135	0.01282	0.00881	0.00886	0.07670	0.00216	0.05048	0.00420	0.00349	0.00722
1	0.01522	0.01357	0.01694	0.11048	0.01897	0.06830	0.07671	0.28432	0.04945	0.02176	0.04393	0.01417	0.01021	0.00711	0.00878	0.00185	0.22205	0.00509	0.00380	0.00728
2	0.09324	0.01004	0.01088	0.03332	0.08911	0.09616	0.00790	0.04220	0.01292	0.19128	0.01759	0.13316	0.01536	0.00798	0.00512	0.00166	0.00480	0.04664	0.17407	0.00658
3	0.00934	0.00746	0.04948	0.00711	0.00814	0.02810	0.00508	0.03392	0.00991	0.04642	0.04533	0.11155	0.04629	0.51058	0.01920	0.00391	0.00496	0.00811	0.04077	0.00434
4	0.02964	0.00894	0.01013	0.00866	0.01140	0.00908	0.00679	0.15390	0.13125	0.18835	0.06661	0.07290	0.14803	0.04426	0.00648	0.00185	0.00407	0.00728	0.08334	0.00703
5	0.01363	0.01190	0.05074	0.01179	0.06351	0.04527	0.00900	0.13333	0.22714	0.06243	0.02415	0.10500	0.01463	0.00962	0.05932	0.00208	0.00559	0.00613	0.00446	0.14027
6	0.21033	0.07264	0.13750	0.01322	0.04962	0.18494	0.06732	0.06709	0.06755	0.04348	0.01019	0.01146	0.00784	0.00550	0.00504	0.00161	0.03036	0.00402	0.00325	0.00706
7	0.18187	0.01378	0.15677	0.01051	0.01442	0.08035	0.05020	0.01549	0.01145	0.08470	0.04782	0.01701	0.06328	0.01152	0.12926	0.00268	0.00710	0.00492	0.00347	0.09339
8	0.00941	0.00606	0.00739	0.00715	0.00876	0.00545	0.00521	0.01133	0.03708	0.11209	0.15478	0.28034	0.21450	0.06465	0.00760	0.00206	0.00332	0.01075	0.00516	0.04691
9	0.00859	0.00538	0.00650	0.00651	0.00698	0.00520	0.00409	0.00918	0.00956	0.06252	0.09827	0.18940	0.02554	0.51672	0.01961	0.00400	0.00447	0.00934	0.00410	0.00405
10	0.04437	0.10257	0.20193	0.01294	0.01701	0.20724	0.01231	0.09840	0.06550	0.05541	0.01039	0.01172	0.00807	0.00615	0.00670	0.00165	0.12308	0.00411	0.00321	0.00725
11	0.01447	0.33430	0.19150	0.01198	0.01687	0.01656	0.04424	0.10668	0.09575	0.05886	0.01103	0.01192	0.00858	0.00559	0.00527	0.00152	0.04987	0.00408	0.00326	0.00764
12	0.00823	0.00624	0.00856	0.00863	0.00923	0.00712	0.00655	0.00963	0.00923	0.01299	0.01815	0.13858	0.01938	0.18396	0.30392	0.00522	0.10364	0.10780	0.02836	0.00458
13	0.00781	0.00520	0.00585	0.00585	0.00585	0.00520	0.00325	0.00781	0.00781	0.01041	0.01691	0.03513	0.01952	0.81135	0.02732	0.00520	0.00520	0.00781	0.00325	0.00325
14	0.11232	0.05590	0.06520	0.00913	0.01350	0.03682	0.00791	0.05129	0.08090	0.05922	0.04431	0.01319	0.01048	0.00512	0.00435	0.00122	0.00465	0.00393	0.00368	0.41686
15	0.01297	0.05193	0.02337	0.03389	0.02162	0.01203	0.43387	0.01782	0.09929	0.08410	0.01510	0.11321	0.01284	0.00655	0.00597	0.00178	0.00699	0.00701	0.00364	0.03601
16	0.00748	0.00533	0.00710	0.00733	0.00784	0.00562	0.00507	0.00857	0.00904	0.01250	0.06011	0.18640	0.02205	0.30114	0.32401	0.00575	0.00827	0.00861	0.00360	0.00419
17	0.00932	0.00466	0.00699	0.00699	0.00699	0.00466	0.00466	0.00699	0.00699	0.00932	0.00932	0.01632	0.00932	0.01865	0.02098	0.84382	0.00466	0.00466	0.00233	0.00233
18	0.10734	0.07216	0.17409	0.01456	0.01921	0.24683	0.15832	0.07995	0.04655	0.01800	0.00989	0.01150	0.00760	0.00528	0.00500	0.00158	0.00779	0.00425	0.00302	0.00711
19	0.00879	0.00572	0.00682	0.00704	0.00825	0.00549	0.00508	0.01953	0.06119	0.05497	0.12550	0.36505	0.12201	0.01240	0.00595	0.00184	0.00305	0.01089	0.16527	0.00516
20	0.00667	0.00490	0.00630	0.00736	0.00796	0.00452	0.00513	0.00779	0.01072	0.01400	0.03310	0.64077	0.14284	0.01620	0.00682	0.00215	0.00320	0.07015	0.00498	0.00443
21	0.84927	0.01038	0.00789	0.00706	0.01038	0.01204	0.00581	0.01578	0.00914	0.02408	0.00747	0.00872	0.00581	0.00498	0.00332	0.00166	0.00415	0.00291	0.00332	0.00581
22	0.04368	0.00957	0.01308	0.08900	0.01550	0.01008	0.10015	0.20023	0.01464	0.01987	0.07237	0.05208	0.15279	0.08028	0.09997	0.00285	0.00639	0.00716	0.00415	0.00617
23	0.00799	0.00538	0.00686	0.00746	0.00853	0.00492	0.00549	0.00940	0.01160	0.06475	0.07912	0.44806	0.19083	0.01485	0.00669	0.00208	0.00334	0.11267	0.00514	0.00483
24	0.02267	0.00915	0.01223	0.00956	0.01346	0.00813	0.00782	0.06517	0.01556	0.68767	0.02130	0.07231	0.01459	0.00733	0.00550	0.00169	0.00454	0.00605	0.00646	0.00881
25	0.01561	0.01281	0.01676	0.01497	0.08550	0.06635	0.11311	0.13407	0.17537	0.12438	0.01539	0.06688	0.01234	0.00724	0.00722	0.00181	0.11217	0.00594	0.00434	0.00773
26	0.01276	0.06145	0.26644	0.01328	0.01792	0.09628	0.10587	0.06121	0.04180	0.05486	0.01756	0.07223	0.10495	0.00734	0.00601	0.00172	0.04182	0.00608	0.00343	0.00700
27	0.01427	0.12430	0.22110	0.09511	0.02096	0.06687	0.10892	0.11122	0.01368	0.07256	0.01063	0.01224	0.00791	0.00518	0.00499	0.00152	0.00692	0.00430	0.00317	0.09416
28	0.01685	0.39936	0.06356	0.01166	0.01563	0.35866	0.01032	0.04172	0.01327	0.01375	0.00812	0.00936	0.00697	0.00509	0.00421	0.00130	0.00760	0.00325	0.00260	0.00672
29	0.01256	0.06512	0.01312	0.05560	0.03953	0.01003	0.00819	0.07297	0.10669	0.05939	0.01337	0.01657	0.01110	0.00922	0.08606	0.00204	0.00570	0.04451	0.00376	0.36446
30	0.01439	0.03864	0.09207	0.01773	0.12751	0.09273	0.23069	0.10227	0.01354	0.06743	0.01128	0.01402	0.00882	0.00878	0.06088	0.07598	0.00786	0.00507	0.00320	0.00711
31	0.00937	0.00755	0.00781	0.00750	0.00938	0.05699	0.00579	0.01237	0.07978	0.05913	0.22487	0.06468	0.34271	0.01168	0.00623	0.00182	0.00358	0.07814	0.00520	0.00541
32	0.01041	0.00960	0.01593	0.28483	0.19242	0.01047	0.07758	0.01421	0.06823	0.01545	0.01511	0.17577	0.01442	0.01003	0.05975	0.00230	0.00661	0.00720	0.00327	0.00643
33	0.01119	0.01041	0.01726	0.18921	0.45902	0.01082	0.01367	0.01401	0.01160	0.01597	0.01544	0.13963	0.05433	0.00727	0.00562	0.00174	0.00583	0.00677	0.00309	0.00710
34	0.01059	0.00591	0.00683	0.00652	0.00793	0.00557	0.00464	0.01237	0.03412	0.13250	0.02616	0.14355	0.14952	0.20807	0.01078	0.00254	0.00367	0.00837	0.21525	0.00514
35	0.00868	0.00635	0.00787	0.00717	0.00875	0.00608	0.00546	0.07811	0.01590	0.02216	0.65617	0.03842	0.09677	0.01074	0.00624	0.00169	0.00285	0.00938	0.00580	0.00540
36	0.00695	0.00527	0.00641	0.00653	0.00773	0.00473	0.00474	0.00873	0.01307	0.01744	0.36953	0.23268	0.27024	0.01322	0.00646	0.00185	0.00273	0.01157	0.00540	0.00473
37	0.01242	0.01158	0.01883	0.02198	0.35201	0.01178	0.13284	0.05235	0.13018	0.01865	0.04110	0.02061	0.05452	0.00824	0.04471	0.00208	0.00644	0.04848	0.00361	0.00761
38	0.46500	0.00953	0.00856	0.00741	0.01039	0.01056	0.00601	0.11541	0.01227	0.07670	0.01173	0.01285	0.00882	0.00562	0.00385	0.00155	0.00399	0.00388	0.21959	0.00628
39	0.00773	0.00577	0.00729	0.00799	0.00927	0.00546	0.00654	0.00962	0.01205	0.01536	0.07204	0.09624	0.25649	0.06633	0.00831	0.00240	0.00407	0.39745	0.00489	0.00468
40	0.00961	0.00767	0.00898	0.00862	0.01032	0.00818	0.00656	0.06270	0.19932	0.01858	0.15282	0.20866	0.14085	0.01360	0.06055	0.00238	0.03205	0.03757	0.00504	0.00594
41	0.01180	0.01339	0.13068	0.15498	0.07374	0.03787	0.16950	0.01641	0.08099	0.06636	0.03331	0.02190	0.14425	0.00700	0.00573	0.00176	0.00639	0.01350	0.00357	0.00687
42	0.00811	0.00654	0.00737	0.00707	0.00881	0.00636	0.00532	0.01244	0.15401	0.01846	0.30627	0.09387	0.32181	0.01170	0.00621	0.00179	0.00296	0.01004	0.00541	0.00545
43	0.00918	0.00622	0.00793	0.00806	0.00894	0.00646	0.00578	0.01201	0.16317	0.01469	0.09016	0.23839	0.02297	0.01492	0.01186	0.31802	0.00397	0.04857	0.00417	0.00453
