[name]
unknown

[dist]
# distance from previous block
# <min> <max>
4	86

[block]
# block no. 0 follows, 51 sequences, length 17
# corresponding to MSA columns:
# 88-104
name=unknown_A
#
# <colnr> <probs for GDERKNQSTAVLIFYWHMCP>
#	G	D	E	R	K	N	Q	S	T	A	V	L	I	F	Y	W	H	M	C	P
0	0.01405	0.25557	0.14023	0.01118	0.04578	0.11438	0.01012	0.13635	0.08155	0.04509	0.00992	0.01066	0.00776	0.00488	0.00417	0.00128	0.00575	0.00357	0.00309	0.09463
1	0.00735	0.00599	0.00918	0.00861	0.00983	0.00614	0.08654	0.00955	0.04815	0.01299	0.04774	0.28815	0.06778	0.06868	0.29494	0.00419	0.00725	0.00877	0.00361	0.00457
2	0.52555	0.14033	0.01209	0.00929	0.05714	0.15789	0.00714	0.01547	0.00980	0.01823	0.00712	0.00837	0.00580	0.00459	0.00342	0.00140	0.00507	0.00285	0.00277	0.00569
3	0.00659	0.00488	0.00548	0.00544	0.00628	0.00449	0.00364	0.00753	0.01003	0.01302	0.18489	0.06645	0.30086	0.34374	0.01364	0.00291	0.00339	0.00889	0.00409	0.00376
4	0.04414	0.07211	0.01895	0.01638	0.15453	0.13458	0.20667	0.16243	0.01413	0.04954	0.06964	0.01347	0.01051	0.00521	0.00493	0.00147	0.00640	0.00475	0.00331	0.00687
5	0.01571	0.13360	0.22568	0.01178	0.01627	0.21702	0.01145	0.21901	0.01486	0.07541	0.00978	0.01048	0.00726	0.00513	0.00448	0.00139	0.00668	0.00368	0.00324	0.00710
6	0.15540	0.01604	0.21506	0.01297	0.09603	0.07910	0.01130	0.23122	0.01441	0.10770	0.01044	0.01114	0.00750	0.00516	0.00450	0.00149	0.00582	0.00388	0.00355	0.00729
7	0.01722	0.01223	0.01244	0.00989	0.01318	0.07283	0.00803	0.50043	0.01908	0.10638	0.01305	0.01330	0.00939	0.00582	0.00460	0.00140	0.00496	0.00441	0.16391	0.00745
8	0.00715	0.00476	0.00536	0.00536	0.00536	0.00476	0.00298	0.00715	0.00715	0.00953	0.01548	0.03216	0.01787	0.82729	0.02501	0.00476	0.00476	0.00715	0.00298	0.00298
9	0.00986	0.00933	0.01579	0.65647	0.18830	0.01107	0.01394	0.01307	0.01010	0.01326	0.00884	0.01291	0.00680	0.00480	0.00490	0.00160	0.00641	0.00437	0.00223	0.00593
10	0.00685	0.00464	0.00545	0.00574	0.00581	0.00457	0.00338	0.00707	0.00773	0.01030	0.01845	0.23486	0.02161	0.61949	0.02022	0.00406	0.00427	0.00889	0.00338	0.00324
11	0.60303	0.12997	0.05713	0.00782	0.01123	0.09431	0.00695	0.01508	0.00929	0.01913	0.00703	0.00820	0.00562	0.00457	0.00330	0.00143	0.00473	0.00277	0.00280	0.00562
12	0.01541	0.01612	0.01205	0.01073	0.01318	0.40419	0.00818	0.14873	0.08026	0.04061	0.10295	0.09761	0.01493	0.00702	0.00493	0.00145	0.00633	0.00541	0.00380	0.00611
13	0.00715	0.00533	0.00673	0.00681	0.00783	0.00519	0.00493	0.01015	0.09203	0.01726	0.44238	0.31398	0.03822	0.01160	0.00588	0.00172	0.00267	0.01035	0.00507	0.00473
14	0.01721	0.01101	0.01242	0.01008	0.01354	0.01181	0.00815	0.27969	0.30857	0.24717	0.01706	0.01567	0.01195	0.00624	0.00496	0.00156	0.00448	0.00500	0.00528	0.00814
15	0.00633	0.00477	0.00572	0.00613	0.00704	0.00434	0.00438	0.00755	0.01058	0.01371	0.14806	0.31022	0.28633	0.09712	0.00801	0.00212	0.00297	0.06601	0.00452	0.00407
16	0.18472	0.14124	0.46603	0.01155	0.01696	0.01280	0.01354	0.01494	0.00970	0.01602	0.00795	0.00954	0.00607	0.00486	0.00495	0.00152	0.06544	0.00333	0.00228	0.00659

[dist]
# distance from previous block
# <min> <max>
0	1

[block]
# block no. 1 follows, 51 sequences, length 14
# corresponding to MSA columns:
# 106-119
name=unknown_B
#
# <colnr> <probs for GDERKNQSTAVLIFYWHMCP>
#	G	D	E	R	K	N	Q	S	T	A	V	L	I	F	Y	W	H	M	C	P
0	0.07652	0.76896	0.02437	0.00826	0.01238	0.01882	0.00818	0.01470	0.00986	0.01234	0.00683	0.00789	0.00623	0.00423	0.00314	0.00109	0.00515	0.00263	0.00217	0.00623
1	0.01134	0.01059	0.01756	0.34739	0.44655	0.01156	0.01420	0.05421	0.01126	0.01542	0.00917	0.01252	0.00731	0.00468	0.00489	0.00153	0.00610	0.00438	0.00246	0.00687
2	0.00908	0.00824	0.00893	0.00843	0.00909	0.10793	0.00623	0.01007	0.00835	0.01092	0.01219	0.02096	0.01249	0.29327	0.32010	0.00511	0.13624	0.00548	0.00266	0.00424
3	0.00628	0.00480	0.00576	0.00594	0.00703	0.00428	0.00430	0.00780	0.01168	0.01541	0.31397	0.26318	0.30699	0.01241	0.00594	0.00171	0.00253	0.01085	0.00487	0.00428
4	0.09720	0.00587	0.00615	0.00571	0.00726	0.00603	0.00439	0.06647	0.01205	0.02001	0.23486	0.02199	0.02109	0.00684	0.00417	0.00132	0.00268	0.00559	0.46538	0.00494
5	0.00659	0.00494	0.00611	0.00597	0.00716	0.00446	0.00442	0.00851	0.01282	0.01747	0.54168	0.11958	0.21994	0.01115	0.00585	0.00162	0.00241	0.00975	0.00513	0.00446
6	0.01116	0.01066	0.01814	0.30261	0.53201	0.01141	0.01458	0.01421	0.01072	0.01484	0.00907	0.01249	0.00736	0.00456	0.00488	0.00152	0.00609	0.00437	0.00235	0.00698
7	0.01218	0.28897	0.46531	0.01162	0.01753	0.01363	0.01383	0.01614	0.01062	0.09434	0.00924	0.01020	0.00686	0.00466	0.00420	0.00139	0.00629	0.00343	0.00249	0.00706
8	0.07716	0.01288	0.01290	0.01066	0.01375	0.17648	0.07959	0.12148	0.19136	0.04106	0.11314	0.01572	0.01405	0.00595	0.00476	0.00143	0.00531	0.00485	0.00396	0.09349
9	0.01087	0.16600	0.27349	0.01107	0.05557	0.01126	0.01093	0.09250	0.01245	0.01743	0.18822	0.01615	0.01582	0.00582	0.00458	0.00136	0.00513	0.00469	0.00324	0.09342
10	0.21634	0.01383	0.04147	0.00976	0.01276	0.19343	0.00794	0.15628	0.17724	0.02057	0.09197	0.01411	0.01241	0.00593	0.00446	0.00149	0.00525	0.00439	0.00388	0.00648
11	0.01665	0.24620	0.11298	0.01060	0.01469	0.18554	0.00976	0.15552	0.01406	0.17357	0.01065	0.01087	0.00784	0.00513	0.00429	0.00133	0.00609	0.00365	0.00350	0.00707
12	0.10195	0.08054	0.23864	0.01274	0.01721	0.26013	0.08996	0.11319	0.01297	0.01680	0.00858	0.00995	0.00657	0.00485	0.00446	0.00142	0.00712	0.00363	0.00272	0.00658
13	0.09685	0.09112	0.00985	0.00800	0.00971	0.00886	0.00615	0.01308	0.17254	0.01525	0.01961	0.37922	0.03474	0.01021	0.00584	0.00172	0.05530	0.00863	0.00401	0.04931

[dist]
# distance from previous block
# <min> <max>
0	3

[block]
# block no. 2 follows, 51 sequences, length 9
# corresponding to MSA columns:
# 123-131
name=unknown_C
#
# <colnr> <probs for GDERKNQSTAVLIFYWHMCP>
#	G	D	E	R	K	N	Q	S	T	A	V	L	I	F	Y	W	H	M	C	P
0	0.01059	0.00977	0.01584	0.01249	0.01516	0.03874	0.27717	0.08302	0.06502	0.01545	0.01266	0.01785	0.01102	0.13142	0.21436	0.00365	0.00818	0.00555	0.04642	0.00563
1	0.00659	0.00491	0.00577	0.00567	0.00668	0.00448	0.00399	0.00799	0.01137	0.01512	0.35317	0.08141	0.27218	0.18755	0.00997	0.00230	0.00293	0.00925	0.00458	0.00409
2	0.04681	0.00598	0.00737	0.00664	0.00811	0.00570	0.00487	0.03577	0.01216	0.15368	0.37740	0.07025	0.03000	0.20203	0.01006	0.00232	0.00341	0.00764	0.00479	0.00501
3	0.01189	0.00896	0.00976	0.00812	0.01069	0.00927	0.00648	0.35691	0.01721	0.02276	0.20518	0.02880	0.26590	0.00893	0.00540	0.00155	0.00377	0.00734	0.00492	0.00616
4	0.00614	0.00475	0.00563	0.00610	0.00713	0.00424	0.00442	0.00742	0.01083	0.01384	0.12804	0.35090	0.36100	0.01338	0.00605	0.00181	0.00273	0.05677	0.00466	0.00417
5	0.01686	0.31883	0.01811	0.01053	0.01396	0.34801	0.00883	0.09708	0.01344	0.09883	0.00902	0.00965	0.00716	0.00494	0.00406	0.00124	0.00667	0.00329	0.00300	0.00649
6	0.00785	0.00614	0.00749	0.00737	0.00897	0.00579	0.00558	0.01106	0.11103	0.01565	0.15220	0.30510	0.08117	0.01110	0.00566	0.00169	0.00322	0.11066	0.00450	0.13776
7	0.01039	0.00953	0.01548	0.16205	0.18631	0.01069	0.09774	0.07044	0.01062	0.01476	0.01134	0.08703	0.01042	0.01198	0.15049	0.00282	0.12362	0.00556	0.00277	0.00598
8	0.01462	0.12759	0.24612	0.01297	0.06280	0.25598	0.01192	0.06685	0.07154	0.07002	0.00998	0.01083	0.00758	0.00504	0.00447	0.00140	0.00681	0.00369	0.00292	0.00687

[dist]
# distance from previous block
# <min> <max>
0	30

[block]
# block no. 3 follows, 51 sequences, length 29
# corresponding to MSA columns:
# 162-190
name=unknown_D
#
# <colnr> <probs for GDERKNQSTAVLIFYWHMCP>
#	G	D	E	R	K	N	Q	S	T	A	V	L	I	F	Y	W	H	M	C	P
0	0.06359	0.01253	0.01507	0.01726	0.27738	0.16033	0.06707	0.09489	0.01197	0.01591	0.01028	0.01440	0.00906	0.09742	0.10931	0.00262	0.00724	0.00457	0.00284	0.00627
1	0.07328	0.06105	0.06175	0.00947	0.01231	0.10701	0.00806	0.18126	0.09130	0.03806	0.14005	0.02037	0.09950	0.00729	0.00550	0.00154	0.04863	0.02323	0.00406	0.00627
2	0.01049	0.00990	0.09232	0.00826	0.01074	0.02964	0.00710	0.20983	0.01475	0.01993	0.29879	0.02745	0.11950	0.11035	0.00781	0.00194	0.00414	0.00699	0.00445	0.00564
3	0.01362	0.01214	0.01206	0.09491	0.01519	0.11136	0.00852	0.22574	0.30406	0.02055	0.01879	0.01848	0.10947	0.00680	0.00500	0.00156	0.00503	0.00543	0.00432	0.00697
4	0.00992	0.00938	0.01589	0.64258	0.20179	0.01109	0.01396	0.01311	0.01013	0.01333	0.00885	0.01290	0.00682	0.00480	0.00490	0.00160	0.00639	0.00437	0.00224	0.00597
5	0.01249	0.01153	0.01876	0.12494	0.62034	0.01196	0.01430	0.09538	0.01228	0.01720	0.00945	0.01224	0.00769	0.00460	0.00488	0.00148	0.00588	0.00438	0.00266	0.00756
6	0.00978	0.00834	0.01017	0.00812	0.01125	0.00770	0.00647	0.01302	0.09142	0.01520	0.01069	0.01302	0.00909	0.01136	0.17501	0.00245	0.06656	0.00379	0.00302	0.52356
7	0.00875	0.00703	0.00894	0.09360	0.01274	0.00752	0.00784	0.01370	0.19376	0.01564	0.02645	0.04099	0.14104	0.01086	0.00602	0.00196	0.00428	0.38916	0.00440	0.00533
8	0.01203	0.01205	0.02208	0.02794	0.61531	0.01185	0.19471	0.01524	0.01129	0.01598	0.00941	0.01242	0.00771	0.00432	0.00508	0.00151	0.00641	0.00471	0.00245	0.00751
9	0.02205	0.00836	0.01140	0.00874	0.01254	0.00722	0.00722	0.02395	0.01407	0.80004	0.01939	0.01673	0.01216	0.00608	0.00494	0.00152	0.00418	0.00494	0.00608	0.00836
10	0.01045	0.16993	0.66248	0.01300	0.01972	0.01286	0.01641	0.01541	0.01031	0.01484	0.00846	0.00993	0.00624	0.00459	0.00440	0.00147	0.00690	0.00345	0.00208	0.00709
11	0.10883	0.01122	0.01266	0.00980	0.01359	0.01168	0.00809	0.40561	0.01804	0.32896	0.01423	0.01331	0.00952	0.00583	0.00473	0.00150	0.00476	0.00444	0.00517	0.00804
12	0.01651	0.00768	0.00998	0.00816	0.01108	0.00710	0.00655	0.02001	0.10935	0.48045	0.24139	0.02265	0.02231	0.00729	0.00519	0.00155	0.00361	0.00615	0.00576	0.00722
13	0.00610	0.00480	0.00555	0.00608	0.00719	0.00425	0.00447	0.00731	0.01057	0.01316	0.03910	0.32801	0.43933	0.01363	0.00608	0.00184	0.00283	0.09101	0.00456	0.00413
14	0.00786	0.00666	0.00889	0.01009	0.09192	0.00687	0.00731	0.00962	0.01077	0.01389	0.03154	0.04183	0.33874	0.01151	0.00737	0.00192	0.10760	0.27679	0.00402	0.00482
15	0.01218	0.01313	0.01484	0.01286	0.01333	0.16413	0.01052	0.01329	0.00873	0.01186	0.00667	0.01040	0.00643	0.00794	0.01393	0.00198	0.66604	0.00409	0.00222	0.00544
16	0.01019	0.00873	0.01019	0.00728	0.01165	0.00655	0.00582	0.01237	0.01019	0.01601	0.00873	0.01019	0.00728	0.00364	0.00364	0.00073	0.00364	0.00291	0.00291	0.85734
17	0.01420	0.01504	0.01229	0.03421	0.03332	0.31801	0.00861	0.08527	0.24734	0.01647	0.01578	0.05895	0.06669	0.00685	0.00542	0.00153	0.04472	0.00521	0.00371	0.00638
18	0.01143	0.36786	0.40835	0.01268	0.06088	0.01488	0.03221	0.01518	0.01028	0.01389	0.00802	0.00948	0.00638	0.00444	0.00406	0.00134	0.00635	0.00330	0.00212	0.00687
19	0.01152	0.09716	0.01297	0.03140	0.07614	0.10867	0.00744	0.01388	0.03254	0.01499	0.03330	0.01177	0.00884	0.03039	0.00460	0.00109	0.00472	0.00346	0.00286	0.49225
20	0.00601	0.00499	0.00525	0.00519	0.00676	0.00423	0.00389	0.00744	0.01167	0.01439	0.17907	0.04546	0.66466	0.01203	0.00581	0.00164	0.00246	0.01011	0.00471	0.00423
21	0.00615	0.00463	0.00570	0.00620	0.00704	0.00417	0.00436	0.00743	0.01086	0.01429	0.19957	0.44652	0.23830	0.01345	0.00605	0.00181	0.00264	0.01191	0.00475	0.00417
22	0.02016	0.00795	0.01080	0.00842	0.01189	0.00690	0.00690	0.02211	0.01405	0.70244	0.11628	0.01923	0.01644	0.00658	0.00505	0.00152	0.00395	0.00544	0.00600	0.00790
23	0.00611	0.00437	0.00581	0.00676	0.00715	0.00407	0.00457	0.00715	0.00997	0.01344	0.12301	0.72561	0.03424	0.01473	0.00621	0.00194	0.00278	0.01333	0.00467	0.00407
24	0.01001	0.00948	0.01606	0.61613	0.22748	0.01111	0.01401	0.01320	0.01017	0.01344	0.00886	0.01286	0.00686	0.00478	0.00490	0.00159	0.00637	0.00437	0.00225	0.00605
25	0.45622	0.00895	0.00924	0.00756	0.01097	0.00919	0.00624	0.01904	0.01112	0.39790	0.01290	0.01221	0.00863	0.00530	0.00396	0.00152	0.00399	0.00376	0.00451	0.00679
26	0.01256	0.01089	0.01556	0.07460	0.27747	0.01172	0.05226	0.16753	0.17804	0.01929	0.03200	0.01489	0.01076	0.00875	0.08957	0.00221	0.00621	0.00492	0.00355	0.00723
27	0.01079	0.00839	0.00836	0.00772	0.00975	0.09083	0.00594	0.05453	0.09578	0.11524	0.05403	0.11643	0.29970	0.01190	0.06258	0.00209	0.00454	0.03140	0.00450	0.00549
28	0.03421	0.19549	0.33665	0.01741	0.24117	0.03793	0.04110	0.01534	0.01062	0.01490	0.00846	0.01034	0.00671	0.00448	0.00438	0.00141	0.00641	0.00366	0.00224	0.00708

[dist]
# distance from previous block
# <min> <max>
0	18

[block]
# block no. 4 follows, 51 sequences, length 12
# corresponding to MSA columns:
# 209-220
name=unknown_E
#
# <colnr> <probs for GDERKNQSTAVLIFYWHMCP>
#	G	D	E	R	K	N	Q	S	T	A	V	L	I	F	Y	W	H	M	C	P
0	0.12335	0.01689	0.01242	0.01086	0.01376	0.42101	0.00847	0.11290	0.04750	0.13319	0.01115	0.01283	0.00870	0.00572	0.00453	0.00142	0.00670	0.03858	0.00361	0.00641
1	0.38399	0.01195	0.01286	0.01056	0.01386	0.08669	0.13445	0.06575	0.19880	0.02026	0.01092	0.01168	0.00830	0.00513	0.00422	0.00155	0.00514	0.00404	0.00349	0.00636
2	0.00876	0.00779	0.01253	0.01036	0.01217	0.00839	0.17158	0.01090	0.00989	0.01417	0.04476	0.02273	0.17510	0.01379	0.17056	0.00293	0.15368	0.00628	0.13858	0.00504
3	0.00928	0.00680	0.00780	0.00738	0.00856	0.00715	0.00529	0.11386	0.11751	0.01591	0.10824	0.13459	0.02228	0.33669	0.01339	0.00296	0.00418	0.06919	0.00413	0.00481
4	0.00638	0.00483	0.00589	0.00599	0.00708	0.00434	0.00435	0.00803	0.01203	0.01609	0.39043	0.23020	0.26235	0.01204	0.00591	0.00169	0.00250	0.01055	0.00496	0.00434
5	0.01160	0.01326	0.02900	0.02071	0.02568	0.01243	0.77879	0.01574	0.01160	0.01574	0.00994	0.01326	0.00746	0.00414	0.00580	0.00166	0.00829	0.00580	0.00249	0.00663
6	0.00675	0.00502	0.00629	0.00597	0.00722	0.00455	0.00448	0.00888	0.01343	0.01856	0.66154	0.03859	0.17959	0.01047	0.00580	0.00157	0.00235	0.00915	0.00526	0.00455
7	0.00680	0.00469	0.00576	0.00608	0.00626	0.00471	0.00380	0.00725	0.00788	0.01060	0.01850	0.25507	0.02136	0.50420	0.11181	0.00435	0.00521	0.00886	0.00339	0.00343
8	0.04716	0.05931	0.01382	0.01184	0.01397	0.57369	0.00911	0.01721	0.01233	0.01238	0.00877	0.06749	0.00818	0.00623	0.00605	0.00144	0.11881	0.00405	0.00262	0.00555
9	0.00593	0.00450	0.00548	0.00626	0.00697	0.00404	0.00430	0.00691	0.00997	0.01277	0.03420	0.58056	0.27143	0.01447	0.00613	0.00189	0.00274	0.01284	0.00456	0.00404
10	0.04109	0.13220	0.53817	0.01262	0.01854	0.01220	0.04766	0.01544	0.04819	0.01520	0.00938	0.01110	0.00712	0.00698	0.06205	0.00195	0.00716	0.00376	0.00231	0.00685
11	0.01395	0.01203	0.01204	0.01044	0.01344	0.06247	0.00821	0.18243	0.58057	0.02219	0.01752	0.01639	0.01308	0.00641	0.00495	0.00160	0.00452	0.00517	0.00483	0.00777

[dist]
# distance from previous block
# <min> <max>
0	2

[block]
# block no. 5 follows, 51 sequences, length 6
# corresponding to MSA columns:
# 223-228
name=unknown_F
#
# <colnr> <probs for GDERKNQSTAVLIFYWHMCP>
#	G	D	E	R	K	N	Q	S	T	A	V	L	I	F	Y	W	H	M	C	P
0	0.01223	0.01271	0.01703	0.30680	0.38662	0.15227	0.01358	0.01499	0.01119	0.01410	0.00877	0.01191	0.00709	0.00469	0.00481	0.00149	0.00663	0.00416	0.00236	0.00659
1	0.00644	0.00474	0.00581	0.00648	0.00717	0.00442	0.00460	0.00745	0.00972	0.01251	0.03019	0.38465	0.20804	0.15812	0.00956	0.00245	0.00336	0.12608	0.00428	0.00393
2	0.47131	0.00916	0.00835	0.00712	0.00999	0.01015	0.00580	0.15013	0.01183	0.08505	0.01060	0.01147	0.00789	0.00516	0.00361	0.00144	0.00381	0.00355	0.17765	0.00595
3	0.01378	0.01067	0.06825	0.00985	0.01291	0.01052	0.00837	0.17503	0.26290	0.14955	0.01580	0.01639	0.01190	0.01339	0.19438	0.00307	0.00668	0.00502	0.00439	0.00716
4	0.01105	0.00715	0.00951	0.00868	0.00989	0.00800	0.00666	0.01325	0.07162	0.17313	0.01680	0.18322	0.01620	0.12495	0.15226	0.00332	0.16799	0.00706	0.00387	0.00540
5	0.01283	0.01315	0.01880	0.01432	0.01804	0.17260	0.34803	0.01558	0.01202	0.07166	0.05800	0.07479	0.01175	0.00560	0.00518	0.00145	0.00666	0.00558	0.00315	0.13082

[dist]
# distance from previous block
# <min> <max>
0	1

[block]
# block no. 6 follows, 51 sequences, length 31
# corresponding to MSA columns:
# 230-260
name=unknown_G
#
# <colnr> <probs for GDERKNQSTAVLIFYWHMCP>
#	G	D	E	R	K	N	Q	S	T	A	V	L	I	F	Y	W	H	M	C	P
0	0.00693	0.00480	0.00602	0.00661	0.00696	0.00470	0.00453	0.00773	0.00890	0.01182	0.04258	0.28782	0.02541	0.38149	0.01483	0.00329	0.00404	0.16401	0.00386	0.00366
1	0.01542	0.14320	0.04121	0.01217	0.07581	0.26820	0.00938	0.16293	0.04173	0.04169	0.00994	0.01169	0.00808	0.00518	0.00437	0.00128	0.00625	0.02582	0.00320	0.11244
2	0.04600	0.08678	0.61931	0.01401	0.02060	0.01215	0.10356	0.01547	0.01040	0.01554	0.00871	0.01041	0.00633	0.00457	0.00461	0.00153	0.00708	0.00376	0.00216	0.00703
3	0.01325	0.07581	0.01471	0.04070	0.07554	0.07080	0.05236	0.21621	0.03346	0.03908	0.01075	0.01295	0.00871	0.01135	0.16167	0.00264	0.04258	0.00428	0.00331	0.10984
4	0.00663	0.00513	0.00612	0.00620	0.00758	0.00462	0.00487	0.00846	0.01219	0.01585	0.31108	0.04510	0.37786	0.01181	0.00599	0.00174	0.00283	0.15669	0.00486	0.00440
5	0.01032	0.00972	0.00843	0.00777	0.00942	0.19125	0.00586	0.05478	0.01383	0.01779	0.43146	0.04780	0.08841	0.00863	0.00526	0.00147	0.00403	0.00721	0.07153	0.00503
6	0.00705	0.00516	0.00735	0.00735	0.00804	0.00585	0.00546	0.00843	0.00774	0.01101	0.01366	0.02206	0.01348	0.20613	0.64018	0.00723	0.01136	0.00567	0.00271	0.00409
7	0.00854	0.00427	0.00640	0.00640	0.00640	0.00427	0.00427	0.00640	0.00640	0.00854	0.00854	0.01494	0.00854	0.01707	0.01921	0.85702	0.00427	0.00427	0.00213	0.00213
8	0.01111	0.01065	0.01690	0.43185	0.35289	0.03972	0.01397	0.03803	0.01096	0.01459	0.00900	0.01252	0.00712	0.00473	0.00488	0.00154	0.00630	0.00433	0.00239	0.00654
9	0.00854	0.00427	0.00640	0.00640	0.00640	0.00427	0.00427	0.00640	0.00640	0.00854	0.00854	0.01494	0.00854	0.01707	0.01921	0.85702	0.00427	0.00427	0.00213	0.00213
10	0.00614	0.00476	0.00559	0.00587	0.00696	0.00421	0.00422	0.00751	0.01126	0.01456	0.21878	0.29752	0.36934	0.01284	0.00596	0.00174	0.00257	0.01119	0.00476	0.00421
11	0.09230	0.01515	0.01297	0.01091	0.01387	0.27431	0.00866	0.21085	0.07964	0.15175	0.01152	0.01179	0.00847	0.00581	0.00549	0.00149	0.07011	0.00403	0.00395	0.00693
12	0.01408	0.07903	0.01412	0.01100	0.04659	0.26809	0.03316	0.08878	0.04361	0.01597	0.00902	0.01024	0.00733	0.00453	0.00415	0.00110	0.00588	0.00338	0.00297	0.33699
13	0.01179	0.27564	0.01779	0.28136	0.06256	0.04048	0.01056	0.04605	0.12580	0.01438	0.01045	0.01339	0.00863	0.00538	0.00473	0.00146	0.02944	0.03104	0.00279	0.00629
14	0.01013	0.03819	0.15836	0.01002	0.04034	0.00961	0.00884	0.07606	0.24488	0.01803	0.11505	0.10676	0.12692	0.00821	0.00521	0.00162	0.00426	0.00693	0.00420	0.00639
15	0.00594	0.00445	0.00552	0.00638	0.00701	0.00403	0.00436	0.00689	0.00986	0.01273	0.03274	0.63052	0.22242	0.01466	0.00616	0.00191	0.00276	0.01307	0.00456	0.00403
16	0.07179	0.00775	0.01015	0.00808	0.01129	0.00693	0.00657	0.02035	0.01368	0.59142	0.17712	0.02027	0.01873	0.00680	0.00500	0.00153	0.00378	0.00561	0.00575	0.00741
17	0.00603	0.00474	0.00538	0.00573	0.00681	0.00417	0.00406	0.00718	0.01067	0.01345	0.10706	0.30685	0.43920	0.04735	0.00677	0.00189	0.00269	0.01131	0.00457	0.00409
18	0.00667	0.00501	0.00617	0.00588	0.00717	0.00452	0.00441	0.00872	0.01323	0.01810	0.60835	0.03935	0.23307	0.01065	0.00580	0.00157	0.00236	0.00926	0.00520	0.00452
19	0.10425	0.00921	0.00935	0.00837	0.01086	0.01043	0.00655	0.08061	0.44915	0.02098	0.01694	0.01669	0.01283	0.00614	0.00439	0.00151	0.00360	0.00491	0.21648	0.00676
20	0.07876	0.42828	0.30882	0.01039	0.01556	0.01546	0.01172	0.01558	0.04935	0.01431	0.00823	0.00934	0.00664	0.00453	0.00379	0.00130	0.00581	0.00315	0.00231	0.00665
21	0.01246	0.01320	0.07824	0.16049	0.36232	0.09636	0.01300	0.01729	0.14167	0.04041	0.01107	0.01301	0.00864	0.00501	0.00484	0.00151	0.00602	0.00440	0.00292	0.00713
22	0.07070	0.01436	0.07426	0.01048	0.01365	0.20905	0.00882	0.16080	0.05217	0.19458	0.01282	0.04204	0.00992	0.03394	0.03677	0.00185	0.03846	0.00456	0.00397	0.00678
23	0.00666	0.00501	0.00616	0.00587	0.00716	0.00451	0.00440	0.00870	0.01321	0.01804	0.60133	0.03945	0.24012	0.01067	0.00580	0.00158	0.00236	0.00927	0.00519	0.00451
24	0.00717	0.00515	0.00767	0.00767	0.00843	0.00592	0.00586	0.00849	0.00773	0.01107	0.01280	0.01932	0.01211	0.06122	0.70640	0.08899	0.01203	0.00523	0.00260	0.00413
25	0.01075	0.01075	0.01505	0.01290	0.01290	0.01505	0.01075	0.01183	0.00753	0.01183	0.00645	0.01075	0.00645	0.00860	0.01613	0.00215	0.81830	0.00430	0.00215	0.00538
26	0.00854	0.00427	0.00640	0.00640	0.00640	0.00427	0.00427	0.00640	0.00640	0.00854	0.00854	0.01494	0.00854	0.01707	0.01921	0.85702	0.00427	0.00427	0.00213	0.00213
27	0.01385	0.10003	0.04363	0.01045	0.01344	0.25053	0.00854	0.02070	0.33482	0.03530	0.04664	0.01583	0.01257	0.00611	0.00467	0.00145	0.00561	0.03153	0.00379	0.04052
28	0.00620	0.00489	0.00559	0.00564	0.00693	0.00428	0.00415	0.00772	0.01178	0.01520	0.28147	0.16221	0.44220	0.01214	0.00587	0.00167	0.00249	0.01045	0.00483	0.00428
29	0.38705	0.21562	0.06433	0.11261	0.01472	0.04861	0.00837	0.03463	0.00998	0.05402	0.00796	0.00932	0.00623	0.00465	0.00361	0.00141	0.00503	0.00311	0.00280	0.00595
30	0.04986	0.03682	0.17180	0.04224	0.07269	0.01040	0.01003	0.20996	0.01393	0.03936	0.03163	0.02040	0.14897	0.00687	0.00490	0.00151	0.00499	0.04631	0.00368	0.07365

[dist]
# distance from previous block
# <min> <max>
0	36

[block]
# block no. 7 follows, 51 sequences, length 12
# corresponding to MSA columns:
# 297-308
name=unknown_H
#
# <colnr> <probs for GDERKNQSTAVLIFYWHMCP>
#	G	D	E	R	K	N	Q	S	T	A	V	L	I	F	Y	W	H	M	C	P
0	0.01132	0.11403	0.26059	0.01053	0.01457	0.07947	0.01062	0.06548	0.17475	0.01665	0.06588	0.06043	0.06454	0.02360	0.00521	0.00158	0.00540	0.00535	0.00345	0.00655
1	0.00897	0.00744	0.00889	0.00715	0.01033	0.00581	0.00546	0.01077	0.00996	0.01501	0.01407	0.24674	0.01461	0.00706	0.00440	0.00110	0.00341	0.00613	0.00339	0.60932
2	0.01024	0.00995	0.04587	0.09395	0.15312	0.00988	0.10114	0.01636	0.23631	0.01724	0.14210	0.06446	0.03953	0.00711	0.00533	0.00164	0.00483	0.03061	0.00387	0.00647
3	0.00973	0.00876	0.01436	0.07321	0.44733	0.00886	0.01109	0.01199	0.01051	0.01469	0.04326	0.24641	0.01645	0.00958	0.04976	0.00198	0.00531	0.00734	0.00315	0.00624
4	0.00677	0.00515	0.00631	0.00640	0.00773	0.00469	0.00506	0.00869	0.01237	0.01630	0.35760	0.04468	0.30674	0.01169	0.00602	0.00175	0.00288	0.17980	0.00491	0.00444
5	0.00762	0.00478	0.00536	0.00543	0.00575	0.00478	0.00339	0.00825	0.00808	0.01171	0.01628	0.03074	0.01743	0.60227	0.01930	0.00384	0.00423	0.05515	0.18220	0.00341
6	0.03640	0.04204	0.57826	0.06456	0.02037	0.05324	0.01568	0.05998	0.01140	0.06001	0.00940	0.01078	0.00668	0.00484	0.00462	0.00153	0.00687	0.00372	0.00252	0.00711
7	0.00982	0.00919	0.01544	0.51408	0.25313	0.01051	0.01324	0.01277	0.01018	0.01357	0.01054	0.08619	0.00926	0.00571	0.00502	0.00162	0.00601	0.00524	0.00247	0.00600
8	0.01663	0.01428	0.22884	0.01071	0.01531	0.01047	0.01060	0.18559	0.08488	0.31982	0.01478	0.01411	0.00998	0.00570	0.00481	0.00152	0.00520	0.00451	0.03437	0.00787
9	0.61484	0.01059	0.01355	0.01060	0.01421	0.01143	0.23012	0.01482	0.00930	0.02022	0.00774	0.00952	0.00594	0.00444	0.00384	0.00156	0.00510	0.00357	0.00288	0.00570
10	0.00958	0.00967	0.05681	0.23773	0.31570	0.00934	0.01170	0.01243	0.01120	0.01526	0.13644	0.02089	0.11986	0.00651	0.00514	0.00155	0.00511	0.00585	0.00310	0.00614
11	0.00632	0.00445	0.00557	0.00632	0.00659	0.00422	0.00406	0.00694	0.00884	0.01170	0.02482	0.55605	0.06541	0.25122	0.01170	0.00278	0.00339	0.01181	0.00410	0.00370

[dist]
# distance from previous block
# <min> <max>
0	1

[block]
# block no. 8 follows, 51 sequences, length 14
# corresponding to MSA columns:
# 310-323
name=unknown_I
#
# <colnr> <probs for GDERKNQSTAVLIFYWHMCP>
#	G	D	E	R	K	N	Q	S	T	A	V	L	I	F	Y	W	H	M	C	P
0	0.01491	0.39502	0.19303	0.00998	0.01475	0.01455	0.01038	0.08534	0.01216	0.19116	0.01053	0.01077	0.00779	0.00488	0.00405	0.00131	0.00547	0.00353	0.00324	0.00716
1	0.01487	0.10854	0.10548	0.01253	0.01667	0.21188	0.12168	0.20413	0.03715	0.01823	0.00950	0.01070	0.00733	0.00489	0.00456	0.00134	0.00665	0.00389	0.00312	0.09684
2	0.12942	0.08815	0.01408	0.01046	0.01389	0.23760	0.00850	0.29851	0.01623	0.12243	0.01050	0.01076	0.00770	0.00536	0.00438	0.00139	0.00600	0.00374	0.00390	0.00703
3	0.01208	0.00962	0.01045	0.00902	0.01163	0.01055	0.00710	0.20910	0.35361	0.02232	0.19435	0.02341	0.09001	0.00775	0.00523	0.00159	0.00379	0.00645	0.00503	0.00689
4	0.01176	0.01281	0.02645	0.02337	0.24267	0.01222	0.56385	0.01556	0.01148	0.01583	0.00975	0.01295	0.00755	0.00421	0.00554	0.00160	0.00760	0.00540	0.00247	0.00695
5	0.00604	0.00483	0.00540	0.00559	0.00686	0.00419	0.00407	0.00737	0.01125	0.01418	0.16777	0.21647	0.50329	0.01270	0.00591	0.00171	0.00254	0.01092	0.00470	0.00419
6	0.00635	0.00482	0.00585	0.00597	0.00707	0.00432	0.00433	0.00797	0.01194	0.01590	0.36884	0.23681	0.27769	0.01214	0.00592	0.00169	0.00251	0.01062	0.00493	0.00432
7	0.37593	0.04081	0.01021	0.00855	0.01083	0.08213	0.00692	0.09058	0.01019	0.01801	0.00892	0.01168	0.00764	0.02803	0.18174	0.00300	0.09268	0.00371	0.00297	0.00545
8	0.00702	0.00527	0.00790	0.00790	0.00878	0.00614	0.00614	0.00878	0.00790	0.01141	0.01316	0.01931	0.01229	0.03686	0.80782	0.00790	0.01316	0.00527	0.00263	0.00439
9	0.06743	0.02985	0.01533	0.01131	0.01530	0.01119	0.12734	0.27293	0.01626	0.36047	0.01440	0.01385	0.00964	0.00559	0.00492	0.00152	0.00523	0.00472	0.00487	0.00787
10	0.01277	0.00932	0.01025	0.00885	0.01143	0.01019	0.00697	0.16654	0.35701	0.07309	0.16523	0.02046	0.01924	0.00702	0.00496	0.00154	0.00373	0.00582	0.09860	0.00698
11	0.01359	0.75993	0.02472	0.00878	0.01284	0.08814	0.00850	0.01514	0.01033	0.01160	0.00690	0.00797	0.00631	0.00428	0.00326	0.00107	0.00557	0.00267	0.00214	0.00625
12	0.01421	0.14065	0.01842	0.04357	0.40281	0.01285	0.01178	0.15637	0.01344	0.09609	0.01164	0.01304	0.03344	0.00508	0.00464	0.00142	0.00541	0.00436	0.00326	0.00753
13	0.03364	0.35180	0.20385	0.01026	0.01487	0.04139	0.03252	0.04836	0.05867	0.04175	0.00978	0.03991	0.00817	0.00500	0.00404	0.00128	0.00556	0.00375	0.00274	0.08266

[dist]
# distance from previous block
# <min> <max>
0	2

[block]
# block no. 9 follows, 51 sequences, length 11
# corresponding to MSA columns:
# 326-336
name=unknown_J
#
# <colnr> <probs for GDERKNQSTAVLIFYWHMCP>
#	G	D	E	R	K	N	Q	S	T	A	V	L	I	F	Y	W	H	M	C	P
0	0.05766	0.00973	0.01304	0.04680	0.01447	0.08869	0.15772	0.03005	0.01120	0.03880	0.01646	0.08890	0.02906	0.06122	0.00672	0.00189	0.00550	0.21393	0.00351	0.10464
1	0.01094	0.01037	0.01772	0.15972	0.54919	0.01068	0.03994	0.01372	0.01077	0.01504	0.01126	0.10704	0.01045	0.00575	0.00507	0.00156	0.00569	0.00554	0.00264	0.00691
2	0.00854	0.00427	0.00640	0.00640	0.00640	0.00427	0.00427	0.00640	0.00640	0.00854	0.00854	0.01494	0.00854	0.01707	0.01921	0.85702	0.00427	0.00427	0.00213	0.00213
3	0.01128	0.00562	0.00603	0.00550	0.00714	0.00558	0.00426	0.06267	0.01157	0.11030	0.01615	0.01771	0.01227	0.00578	0.00371	0.00121	0.00271	0.00461	0.70064	0.00527
4	0.00650	0.00488	0.00599	0.00651	0.00747	0.00449	0.00485	0.00788	0.01077	0.01393	0.13524	0.28636	0.26494	0.06599	0.00738	0.00206	0.00311	0.15293	0.00457	0.00416
5	0.00616	0.00452	0.00579	0.00648	0.00711	0.00414	0.00447	0.00736	0.01055	0.01409	0.18612	0.56687	0.13035	0.01394	0.00612	0.00186	0.00270	0.01249	0.00473	0.00414
6	0.01095	0.00684	0.00790	0.00749	0.00924	0.00718	0.00585	0.01598	0.21630	0.10818	0.01897	0.02598	0.01640	0.09958	0.04279	0.00222	0.00407	0.13335	0.25506	0.00567
7	0.86201	0.00950	0.00722	0.00646	0.00950	0.01102	0.00532	0.01445	0.00836	0.02205	0.00684	0.00798	0.00532	0.00456	0.00304	0.00152	0.00380	0.00266	0.00304	0.00532
8	0.00589	0.00486	0.00517	0.00535	0.00675	0.00414	0.00391	0.00712	0.01102	0.01345	0.08000	0.17797	0.63172	0.01283	0.00589	0.00171	0.00254	0.01091	0.00460	0.00414
9	0.01299	0.00936	0.01089	0.00920	0.01161	0.01043	0.00741	0.38795	0.01564	0.02179	0.01282	0.01551	0.01039	0.01816	0.32318	0.00399	0.00813	0.00478	0.09943	0.00636
10	0.01296	0.01041	0.01134	0.00954	0.01262	0.01115	0.00751	0.23269	0.35161	0.02177	0.01663	0.10909	0.01388	0.00696	0.00490	0.00149	0.00415	0.00577	0.00457	0.15095

[dist]
# distance from previous block
# <min> <max>
0	9

[block]
# block no. 10 follows, 51 sequences, length 37
# corresponding to MSA columns:
# 346-382
name=unknown_K
#
# <colnr> <probs for GDERKNQSTAVLIFYWHMCP>
#	G	D	E	R	K	N	Q	S	T	A	V	L	I	F	Y	W	H	M	C	P
0	0.01360	0.70290	0.02378	0.00883	0.01287	0.04548	0.00846	0.06226	0.05855	0.01331	0.00797	0.00880	0.00696	0.00449	0.00342	0.00112	0.00530	0.00293	0.00247	0.00650
1	0.34512	0.01278	0.08358	0.01457	0.01897	0.01179	0.41318	0.01522	0.01023	0.01820	0.00863	0.01095	0.00652	0.00435	0.00462	0.00160	0.00644	0.00439	0.00267	0.00617
2	0.71286	0.01026	0.00855	0.00732	0.01052	0.01177	0.00603	0.14988	0.01097	0.02363	0.00772	0.00866	0.00586	0.00480	0.00337	0.00151	0.00409	0.00297	0.00337	0.00586
3	0.01238	0.00984	0.01506	0.08535	0.42533	0.03188	0.01131	0.01489	0.01191	0.13434	0.10722	0.01908	0.08774	0.00614	0.00507	0.00151	0.00500	0.00553	0.00352	0.00691
4	0.01504	0.01172	0.01257	0.01035	0.01357	0.01312	0.00831	0.40382	0.34018	0.02572	0.07910	0.01655	0.01422	0.00656	0.00502	0.00156	0.00452	0.00526	0.00499	0.00781
5	0.00623	0.00499	0.00557	0.00542	0.00690	0.00433	0.00407	0.00787	0.01220	0.01565	0.32442	0.04339	0.51853	0.01156	0.00580	0.00162	0.00243	0.00982	0.00488	0.00433
6	0.01233	0.55250	0.10382	0.07831	0.13766	0.01671	0.01088	0.01468	0.01020	0.01276	0.00757	0.00923	0.00655	0.00434	0.00372	0.00121	0.00566	0.00315	0.00216	0.00657
7	0.86201	0.00950	0.00722	0.00646	0.00950	0.01102	0.00532	0.01445	0.00836	0.02205	0.00684	0.00798	0.00532	0.00456	0.00304	0.00152	0.00380	0.00266	0.00304	0.00532
8	0.01382	0.01021	0.01434	0.01135	0.01427	0.01090	0.12819	0.28265	0.01496	0.11271	0.06043	0.01660	0.03137	0.01314	0.18474	0.00299	0.06137	0.00530	0.00400	0.00668
9	0.00672	0.00505	0.00639	0.00719	0.00823	0.00472	0.00568	0.00827	0.01072	0.01364	0.03340	0.27970	0.25753	0.01378	0.00634	0.00200	0.00343	0.31841	0.00455	0.00426
10	0.01160	0.01326	0.02900	0.02071	0.02568	0.01243	0.77879	0.01574	0.01160	0.01574	0.00994	0.01326	0.00746	0.00414	0.00580	0.00166	0.00829	0.00580	0.00249	0.00663
11	0.00599	0.00428	0.00570	0.00684	0.00713	0.00399	0.00456	0.00684	0.00941	0.01254	0.02709	0.82409	0.03250	0.01540	0.00627	0.00200	0.00285	0.01397	0.00456	0.00399
12	0.00704	0.00519	0.00750	0.00750	0.00824	0.00593	0.00565	0.00852	0.00778	0.01111	0.01353	0.02131	0.01316	0.16028	0.68559	0.00741	0.01185	0.00556	0.00269	0.00417
13	0.01868	0.01376	0.01475	0.01131	0.01524	0.01524	0.00934	0.78025	0.02311	0.03097	0.01180	0.01180	0.00836	0.00590	0.00492	0.00147	0.00541	0.00442	0.00492	0.00836
14	0.00963	0.00617	0.00724	0.00709	0.00856	0.00633	0.00552	0.01374	0.15049	0.06494	0.13778	0.05977	0.02244	0.07560	0.00670	0.00187	0.00336	0.15680	0.25074	0.00523
15	0.01030	0.13381	0.69732	0.01325	0.02010	0.01249	0.01684	0.01545	0.01032	0.01502	0.00855	0.01004	0.00624	0.00461	0.00446	0.00149	0.00699	0.00350	0.00208	0.00713
16	0.01024	0.00946	0.01575	0.14978	0.48861	0.00974	0.01237	0.01273	0.01055	0.01467	0.01338	0.20410	0.01343	0.00707	0.00521	0.00161	0.00525	0.00664	0.00290	0.00652
17	0.01162	0.01156	0.01756	0.31501	0.45475	0.07641	0.01410	0.01453	0.01092	0.01445	0.00892	0.01224	0.00722	0.00463	0.00485	0.00151	0.00634	0.00428	0.00235	0.00677
18	0.01014	0.01031	0.02016	0.01897	0.20248	0.00984	0.37437	0.01307	0.01090	0.01493	0.01472	0.23389	0.01471	0.00742	0.00572	0.00171	0.00616	0.02126	0.00307	0.00615
19	0.01182	0.01224	0.02192	0.01663	0.01941	0.01377	0.39036	0.07653	0.01081	0.01533	0.00861	0.01208	0.00710	0.00618	0.01011	0.00185	0.35143	0.00505	0.00254	0.00624
20	0.01160	0.01326	0.02900	0.02071	0.02568	0.01243	0.77879	0.01574	0.01160	0.01574	0.00994	0.01326	0.00746	0.00414	0.00580	0.00166	0.00829	0.00580	0.00249	0.00663
21	0.00878	0.00788	0.01233	0.01057	0.01259	0.00788	0.18798	0.01326	0.18253	0.01488	0.02205	0.33662	0.07302	0.07692	0.00738	0.00205	0.00450	0.00937	0.00404	0.00538
22	0.00607	0.00461	0.00538	0.00593	0.00670	0.00416	0.00403	0.00696	0.00980	0.01242	0.03426	0.41953	0.32366	0.12274	0.00860	0.00224	0.00297	0.01167	0.00435	0.00392
23	0.00986	0.02542	0.80183	0.01401	0.02127	0.01141	0.01816	0.01556	0.01038	0.01556	0.00882	0.01038	0.00623	0.00467	0.00467	0.00156	0.00726	0.00363	0.00208	0.00726
24	0.86201	0.00950	0.00722	0.00646	0.00950	0.01102	0.00532	0.01445	0.00836	0.02205	0.00684	0.00798	0.00532	0.00456	0.00304	0.00152	0.00380	0.00266	0.00304	0.00532
25	0.00796	0.00634	0.00846	0.00795	0.00823	0.00763	0.00582	0.00877	0.00748	0.01067	0.01261	0.02301	0.01339	0.38237	0.27202	0.00514	0.19961	0.00588	0.00267	0.00399
26	0.01599	0.00854	0.01014	0.00822	0.01135	0.00818	0.00664	0.15860	0.07270	0.37237	0.02683	0.02479	0.23814	0.00793	0.00519	0.00156	0.00390	0.00646	0.00535	0.00710
27	0.66359	0.00923	0.00821	0.00700	0.01022	0.01013	0.00577	0.01669	0.00971	0.20582	0.00981	0.01005	0.00694	0.00492	0.00349	0.00152	0.00389	0.00320	0.00376	0.00604
28	0.01152	0.00844	0.00774	0.00708	0.00894	0.08354	0.00544	0.08388	0.17372	0.01932	0.01568	0.01684	0.01212	0.00587	0.00399	0.00129	0.00353	0.00463	0.52072	0.00569
29	0.00715	0.00476	0.00536	0.00536	0.00536	0.00476	0.00298	0.00715	0.00715	0.00953	0.01548	0.03216	0.01787	0.82729	0.02501	0.00476	0.00476	0.00715	0.00298	0.00298
30	0.74892	0.01066	0.00805	0.00717	0.01019	0.06843	0.00582	0.03806	0.03422	0.02155	0.00747	0.00849	0.00580	0.00471	0.00326	0.00151	0.00422	0.00284	0.00312	0.00552
31	0.09640	0.01623	0.18356	0.07363	0.04101	0.09368	0.13355	0.24976	0.03102	0.02047	0.00983	0.01130	0.00725	0.00504	0.00477	0.00152	0.00652	0.00419	0.00323	0.00704
32	0.00630	0.00454	0.00552	0.00613	0.00658	0.00424	0.00401	0.00703	0.00920	0.01205	0.05033	0.46599	0.14627	0.23521	0.01127	0.00268	0.00330	0.01141	0.00416	0.00376
33	0.00719	0.00582	0.00787	0.19716	0.01326	0.00590	0.00638	0.00895	0.01127	0.01458	0.25264	0.03349	0.32692	0.01035	0.00669	0.07149	0.00355	0.00802	0.00405	0.00444
34	0.00910	0.00586	0.00697	0.00659	0.00789	0.00566	0.00475	0.01153	0.08711	0.10591	0.18709	0.08179	0.14766	0.26008	0.01158	0.00262	0.00361	0.04499	0.00447	0.00475
35	0.01427	0.59934	0.06009	0.00944	0.01364	0.06580	0.00910	0.15001	0.01255	0.01520	0.00785	0.00875	0.00667	0.00458	0.00361	0.00116	0.00560	0.00302	0.00262	0.00668
36	0.01401	0.14674	0.20187	0.01292	0.07415	0.30418	0.01133	0.03836	0.03395	0.01430	0.00848	0.00981	0.00682	0.00470	0.00426	0.00127	0.00688	0.00336	0.00253	0.10008

[dist]
# distance from previous block
# <min> <max>
1	8

[block]
# block no. 11 follows, 51 sequences, length 16
# corresponding to MSA columns:
# 391-406
name=unknown_L
#
# <colnr> <probs for GDERKNQSTAVLIFYWHMCP>
#	G	D	E	R	K	N	Q	S	T	A	V	L	I	F	Y	W	H	M	C	P
0	0.18336	0.29316	0.07716	0.01254	0.10952	0.01466	0.06503	0.08802	0.01117	0.04051	0.00833	0.00982	0.00675	0.00482	0.00468	0.00140	0.05624	0.00350	0.00275	0.00658
1	0.01040	0.00881	0.01193	0.01340	0.20420	0.00832	0.00847	0.01392	0.10148	0.03903	0.01687	0.07482	0.08092	0.00692	0.00523	0.00140	0.03193	0.07617	0.00351	0.28229
2	0.01328	0.01135	0.01753	0.01815	0.25128	0.01174	0.16444	0.05103	0.29383	0.09307	0.01436	0.01504	0.01078	0.00539	0.00511	0.00158	0.00545	0.00515	0.00382	0.00763
3	0.10087	0.01106	0.01137	0.06663	0.01399	0.08212	0.00730	0.15071	0.01263	0.01870	0.00898	0.01034	0.00713	0.00436	0.00397	0.00106	0.00466	0.00328	0.00320	0.47764
4	0.00630	0.00460	0.00585	0.00643	0.00710	0.00424	0.00447	0.00753	0.01060	0.01418	0.20631	0.48327	0.13207	0.05634	0.00710	0.00200	0.00282	0.03000	0.00467	0.00412
5	0.00646	0.00467	0.00560	0.00594	0.00654	0.00436	0.00394	0.00736	0.00977	0.01291	0.14903	0.31603	0.17292	0.25828	0.01175	0.00269	0.00327	0.01044	0.00422	0.00382
6	0.00886	0.00518	0.00546	0.00522	0.00659	0.00509	0.00396	0.05084	0.01163	0.01847	0.13474	0.02478	0.12807	0.00732	0.00420	0.00129	0.00249	0.00602	0.56504	0.00473
7	0.00715	0.00476	0.00536	0.00536	0.00536	0.00476	0.00298	0.00715	0.00715	0.00953	0.01548	0.03216	0.01787	0.82729	0.02501	0.00476	0.00476	0.00715	0.00298	0.00298
8	0.00940	0.00589	0.00657	0.00606	0.00779	0.00565	0.00463	0.03610	0.07422	0.08708	0.18919	0.03029	0.24132	0.02377	0.00531	0.00153	0.00279	0.00728	0.24998	0.00515
9	0.00986	0.02542	0.80183	0.01401	0.02127	0.01141	0.01816	0.01556	0.01038	0.01556	0.00882	0.01038	0.00623	0.00467	0.00467	0.00156	0.00726	0.00363	0.00208	0.00726
10	0.01223	0.01225	0.01832	0.04530	0.55127	0.06972	0.01371	0.01464	0.01056	0.01476	0.00851	0.01164	0.00736	0.00536	0.00727	0.00160	0.18180	0.00427	0.00237	0.00705
11	0.01216	0.01168	0.01995	0.03016	0.79664	0.01168	0.01508	0.01508	0.01119	0.01605	0.00924	0.01216	0.00778	0.00438	0.00487	0.00146	0.00584	0.00438	0.00243	0.00778
12	0.01143	0.01158	0.01856	0.28117	0.31558	0.06683	0.13423	0.01449	0.01093	0.01458	0.00904	0.01227	0.00719	0.00451	0.00491	0.00148	0.00651	0.00441	0.00240	0.06790
13	0.31048	0.12343	0.08837	0.01003	0.01346	0.32479	0.00872	0.04273	0.01145	0.01644	0.00749	0.00867	0.00604	0.00477	0.00382	0.00136	0.00636	0.00301	0.00269	0.00589
14	0.11166	0.01263	0.01382	0.01107	0.01442	0.06583	0.05665	0.34570	0.14530	0.10102	0.01262	0.01277	0.00918	0.00591	0.00547	0.00156	0.05814	0.00446	0.00435	0.00744
15	0.07372	0.01131	0.01276	0.01035	0.01347	0.09042	0.08031	0.10196	0.15121	0.03373	0.01272	0.08766	0.01095	0.00618	0.00541	0.00141	0.06147	0.00500	0.00361	0.22635

[dist]
# distance from previous block
# <min> <max>
0	1

[block]
# block no. 12 follows, 51 sequences, length 12
# corresponding to MSA columns:
# 408-419
name=unknown_M
#
# <colnr> <probs for GDERKNQSTAVLIFYWHMCP>
#	G	D	E	R	K	N	Q	S	T	A	V	L	I	F	Y	W	H	M	C	P
0	0.01281	0.00880	0.00985	0.00838	0.01061	0.00925	0.00649	0.29625	0.05271	0.08537	0.01972	0.02609	0.11100	0.22837	0.02960	0.00261	0.00481	0.06696	0.00437	0.00596
1	0.01113	0.01062	0.01809	0.31095	0.52391	0.01141	0.01457	0.01418	0.01070	0.01480	0.00906	0.01250	0.00734	0.00457	0.00488	0.00152	0.00609	0.00437	0.00234	0.00695
2	0.00597	0.00435	0.00562	0.00664	0.00707	0.00401	0.00447	0.00687	0.00960	0.01262	0.02957	0.73904	0.11594	0.01507	0.00622	0.00196	0.00281	0.01358	0.00456	0.00401
3	0.01045	0.01031	0.01448	0.01250	0.01257	0.01434	0.01038	0.01158	0.00756	0.01179	0.00699	0.01144	0.00692	0.01087	0.07968	0.00261	0.75366	0.00438	0.00219	0.00530
4	0.00647	0.00467	0.00576	0.00613	0.00701	0.00426	0.00435	0.00796	0.01123	0.01533	0.27264	0.37392	0.18002	0.01250	0.00584	0.00173	0.00258	0.01105	0.06228	0.00426
5	0.00828	0.00653	0.00986	0.24430	0.01698	0.00715	0.00947	0.01084	0.01098	0.01427	0.05014	0.04237	0.02263	0.01091	0.00620	0.00205	0.00503	0.51333	0.00388	0.00480
6	0.01285	0.75866	0.09478	0.00891	0.01338	0.01873	0.00928	0.01479	0.01002	0.01192	0.00701	0.00810	0.00630	0.00425	0.00329	0.00110	0.00543	0.00272	0.00210	0.00639
7	0.00602	0.00487	0.00520	0.00532	0.00663	0.00421	0.00382	0.00716	0.01077	0.01322	0.08631	0.14483	0.58523	0.08516	0.00758	0.00197	0.00273	0.01046	0.00447	0.00405
8	0.08048	0.00772	0.00933	0.00850	0.01040	0.03129	0.00673	0.07787	0.07954	0.11576	0.01378	0.01703	0.01144	0.02407	0.47709	0.00527	0.00965	0.00491	0.00351	0.00565
9	0.09735	0.01163	0.01154	0.00943	0.01289	0.08426	0.00752	0.16842	0.23792	0.10620	0.01346	0.01323	0.00998	0.00544	0.00444	0.00136	0.00461	0.00419	0.00423	0.19189
10	0.01495	0.01374	0.01699	0.01664	0.18561	0.16505	0.14163	0.18071	0.04761	0.08127	0.01232	0.07851	0.01025	0.00593	0.00508	0.00152	0.00629	0.00528	0.00357	0.00704
11	0.04594	0.01054	0.01606	0.46446	0.27501	0.04538	0.01341	0.04490	0.01092	0.01479	0.00890	0.01236	0.00696	0.00477	0.00480	0.00155	0.00626	0.00425	0.00242	0.00632

[dist]
# distance from previous block
# <min> <max>
3	25

[block]
# block no. 13 follows, 51 sequences, length 12
# corresponding to MSA columns:
# 445-456
name=unknown_N
#
# <colnr> <probs for GDERKNQSTAVLIFYWHMCP>
#	G	D	E	R	K	N	Q	S	T	A	V	L	I	F	Y	W	H	M	C	P
0	0.02660	0.01152	0.01444	0.01335	0.11999	0.08173	0.09837	0.08794	0.16460	0.07869	0.06653	0.01474	0.01195	0.00537	0.00475	0.00137	0.00511	0.00469	0.00378	0.18448
1	0.01116	0.05969	0.06620	0.01037	0.07233	0.00960	0.00804	0.01729	0.26914	0.06398	0.05560	0.02067	0.05301	0.06496	0.00623	0.00168	0.00428	0.04916	0.00396	0.15265
2	0.01054	0.00822	0.00961	0.00709	0.01106	0.00629	0.00566	0.01257	0.01062	0.07610	0.01489	0.01552	0.10996	0.00497	0.00402	0.00091	0.00353	0.00404	0.00337	0.68103
