[name]
unknown

[dist]
# distance from previous block
# <min> <max>
2	227

[block]
# block no. 0 follows, 47 sequences, length 181
# corresponding to MSA columns:
# 242-422
name=unknown_A
#
# <colnr> <probs for GDERKNQSTAVLIFYWHMCP>
#	G	D	E	R	K	N	Q	S	T	A	V	L	I	F	Y	W	H	M	C	P
0	0.06990	0.01577	0.01324	0.05762	0.01569	0.32157	0.02875	0.08319	0.07933	0.08297	0.03104	0.01727	0.01158	0.00652	0.00503	0.00154	0.00666	0.07846	0.00377	0.07009
1	0.03663	0.05900	0.01203	0.06835	0.01398	0.15774	0.00796	0.12592	0.03332	0.09849	0.02354	0.02509	0.21683	0.00812	0.00526	0.00158	0.00531	0.04979	0.00420	0.04687
2	0.12268	0.05288	0.08190	0.01061	0.01371	0.17734	0.00939	0.08724	0.01328	0.05224	0.01544	0.02622	0.01469	0.00821	0.00531	0.00174	0.00600	0.24701	0.00381	0.05033
3	0.10644	0.01297	0.01478	0.09258	0.01662	0.13408	0.05393	0.03538	0.04787	0.07564	0.00962	0.01203	0.00778	0.00661	0.00900	0.00176	0.28463	0.00429	0.00308	0.07091
4	0.01262	0.01037	0.01461	0.01088	0.01499	0.03024	0.15575	0.07034	0.01304	0.09354	0.08412	0.01726	0.06119	0.00564	0.00492	0.00126	0.00497	0.00510	0.00382	0.38533
5	0.01430	0.01157	0.01188	0.01012	0.01287	0.07330	0.00799	0.33055	0.13278	0.02451	0.19156	0.09811	0.02199	0.00849	0.00559	0.00167	0.00474	0.02578	0.00510	0.00709
6	0.00815	0.00609	0.00815	0.00732	0.00822	0.00596	0.05227	0.00893	0.00829	0.01145	0.01500	0.02856	0.01629	0.56988	0.14323	0.00497	0.00656	0.00676	0.00306	0.08087
7	0.01403	0.01157	0.01165	0.00965	0.01248	0.09633	0.00764	0.31511	0.03726	0.02455	0.32052	0.02281	0.02488	0.00778	0.00544	0.00152	0.00466	0.00637	0.00501	0.06074
8	0.01756	0.01348	0.01437	0.01153	0.01530	0.01511	0.00936	0.52579	0.26947	0.02922	0.01534	0.01476	0.01115	0.00652	0.00524	0.00163	0.00521	0.00508	0.00524	0.00866
9	0.02059	0.00895	0.01180	0.00892	0.01308	0.00750	0.00733	0.02267	0.01400	0.61777	0.01805	0.01620	0.01175	0.00587	0.00493	0.00143	0.00430	0.00476	0.00570	0.19440
10	0.01980	0.01459	0.01563	0.01198	0.01615	0.01615	0.00990	0.76713	0.02448	0.03282	0.01250	0.01250	0.00886	0.00625	0.00521	0.00156	0.00573	0.00469	0.00521	0.00886
11	0.00634	0.00453	0.00604	0.00725	0.00755	0.00423	0.00483	0.00725	0.00997	0.01329	0.02870	0.81358	0.03444	0.01632	0.00665	0.00211	0.00302	0.01480	0.00483	0.00423
12	0.00744	0.00558	0.00837	0.00837	0.00930	0.00651	0.00651	0.00930	0.00837	0.01209	0.01395	0.02046	0.01302	0.03906	0.79635	0.00837	0.01395	0.00558	0.00279	0.00465
13	0.00725	0.00532	0.00680	0.00643	0.00771	0.00486	0.00482	0.00960	0.01446	0.02022	0.71052	0.04000	0.12078	0.01089	0.00614	0.00165	0.00247	0.00957	0.00565	0.00486
14	0.85377	0.01007	0.00765	0.00685	0.01007	0.01168	0.00564	0.01531	0.00886	0.02336	0.00725	0.00846	0.00564	0.00483	0.00322	0.00161	0.00403	0.00282	0.00322	0.00564
15	0.01422	0.77757	0.02662	0.00915	0.01351	0.06209	0.00897	0.01587	0.01080	0.01228	0.00728	0.00841	0.00668	0.00450	0.00341	0.00113	0.00577	0.00282	0.00225	0.00665
16	0.00634	0.00453	0.00604	0.00725	0.00755	0.00423	0.00483	0.00725	0.00997	0.01329	0.02870	0.81358	0.03444	0.01632	0.00665	0.00211	0.00302	0.01480	0.00483	0.00423
17	0.01449	0.13955	0.01761	0.01337	0.05219	0.19810	0.07300	0.13210	0.01334	0.01635	0.01129	0.11270	0.01076	0.00737	0.00739	0.00167	0.16359	0.00546	0.00319	0.00647
18	0.01198	0.01546	0.26718	0.01157	0.01721	0.00930	0.08483	0.01568	0.01138	0.08721	0.01044	0.01181	0.00784	0.00450	0.00456	0.00123	0.00564	0.00383	0.00306	0.41527
19	0.01321	0.65702	0.18412	0.01013	0.01525	0.01886	0.01103	0.01578	0.01067	0.01312	0.00767	0.00890	0.00667	0.00456	0.00367	0.00122	0.00601	0.00300	0.00222	0.00689
20	0.00737	0.00532	0.00696	0.00655	0.00778	0.00491	0.00491	0.00983	0.01474	0.02088	0.78175	0.03890	0.04914	0.01065	0.00614	0.00164	0.00246	0.00942	0.00573	0.00491
21	0.01295	0.01119	0.01178	0.01060	0.01354	0.01295	0.00824	0.02767	0.77509	0.02178	0.02120	0.01943	0.01590	0.00707	0.00530	0.00177	0.00412	0.00589	0.00530	0.00824
22	0.01045	0.02694	0.79000	0.01484	0.02254	0.01209	0.01924	0.01649	0.01099	0.01649	0.00935	0.01099	0.00660	0.00495	0.00495	0.00165	0.00770	0.00385	0.00220	0.00770
23	0.02175	0.00922	0.01204	0.00947	0.01333	0.00847	0.00775	0.02573	0.13251	0.66955	0.02065	0.01799	0.01336	0.00654	0.00525	0.00164	0.00438	0.00534	0.00627	0.00877
24	0.00771	0.00564	0.00744	0.00785	0.00912	0.00537	0.00646	0.01000	0.01308	0.01752	0.33283	0.04974	0.12968	0.01274	0.00664	0.00202	0.00359	0.36262	0.00518	0.00479
25	0.00634	0.00453	0.00604	0.00725	0.00755	0.00423	0.00483	0.00725	0.00997	0.01329	0.02870	0.81358	0.03444	0.01632	0.00665	0.00211	0.00302	0.01480	0.00483	0.00423
26	0.00747	0.00546	0.00778	0.00778	0.00850	0.00619	0.00577	0.00892	0.00819	0.01165	0.01449	0.02347	0.01433	0.21089	0.62629	0.00764	0.01198	0.00602	0.00287	0.00432
27	0.01045	0.02694	0.79000	0.01484	0.02254	0.01209	0.01924	0.01649	0.01099	0.01649	0.00935	0.01099	0.00660	0.00495	0.00495	0.00165	0.00770	0.00385	0.00220	0.00770
28	0.00671	0.00530	0.00604	0.00586	0.00737	0.00463	0.00439	0.00854	0.01318	0.01717	0.38436	0.04501	0.44884	0.01203	0.00615	0.00170	0.00256	0.01028	0.00524	0.00463
29	0.00757	0.00505	0.00568	0.00568	0.00568	0.00505	0.00316	0.00757	0.00757	0.01010	0.01641	0.03408	0.01893	0.81698	0.02651	0.00505	0.00505	0.00757	0.00316	0.00316
30	0.01945	0.02482	0.01476	0.01342	0.01610	0.79608	0.01006	0.02079	0.01476	0.01275	0.00805	0.00939	0.00671	0.00537	0.00470	0.00134	0.00939	0.00335	0.00268	0.00604
31	0.07832	0.01227	0.01296	0.01078	0.01427	0.01379	0.00865	0.30866	0.39072	0.06785	0.01681	0.01588	0.01229	0.00656	0.00511	0.00167	0.00475	0.00517	0.00517	0.00832
32	0.00720	0.00532	0.00672	0.00637	0.00767	0.00484	0.00478	0.00949	0.01433	0.01992	0.67861	0.04049	0.15288	0.01101	0.00614	0.00165	0.00248	0.00964	0.00561	0.00484
33	0.72530	0.00988	0.00834	0.00722	0.01057	0.01106	0.00595	0.01687	0.00980	0.14167	0.00931	0.00989	0.00676	0.00508	0.00353	0.00161	0.00409	0.00319	0.00372	0.00614
34	0.01046	0.00935	0.01189	0.00948	0.01207	0.00957	0.00768	0.01242	0.01049	0.01613	0.12797	0.01534	0.01384	0.00662	0.00853	0.00140	0.26592	0.00455	0.00323	0.44309
35	0.00737	0.00532	0.00696	0.00655	0.00778	0.00491	0.00491	0.00983	0.01474	0.02088	0.78175	0.03890	0.04914	0.01065	0.00614	0.00164	0.00246	0.00942	0.00573	0.00491
36	0.01820	0.01155	0.01310	0.01059	0.01416	0.01228	0.00855	0.34882	0.18663	0.22920	0.01780	0.07683	0.01344	0.00725	0.00535	0.00166	0.00482	0.00587	0.00553	0.00837
37	0.01980	0.01459	0.01563	0.01198	0.01615	0.01615	0.00990	0.76713	0.02448	0.03282	0.01250	0.01250	0.00886	0.00625	0.00521	0.00156	0.00573	0.00469	0.00521	0.00886
38	0.00634	0.00528	0.00554	0.00547	0.00715	0.00448	0.00410	0.00784	0.01231	0.01512	0.16553	0.04838	0.66895	0.01280	0.00615	0.00174	0.00261	0.01075	0.00497	0.00448
39	0.00983	0.00926	0.01562	0.80447	0.03587	0.01157	0.01446	0.01331	0.01041	0.01331	0.00926	0.01388	0.00694	0.00521	0.00521	0.00174	0.00694	0.00463	0.00231	0.00579
40	0.00718	0.00532	0.00670	0.00635	0.00766	0.00483	0.00477	0.00946	0.01430	0.01983	0.66897	0.04064	0.16257	0.01104	0.00614	0.00166	0.00248	0.00966	0.00559	0.00483
41	0.00971	0.00485	0.00485	0.00485	0.00607	0.00485	0.00364	0.01213	0.01092	0.01942	0.01699	0.01942	0.01335	0.00607	0.00364	0.00121	0.00243	0.00485	0.84589	0.00485
42	0.00983	0.00926	0.01562	0.80447	0.03587	0.01157	0.01446	0.01331	0.01041	0.01331	0.00926	0.01388	0.00694	0.00521	0.00521	0.00174	0.00694	0.00463	0.00231	0.00579
43	0.01392	0.82012	0.02729	0.00891	0.01337	0.02061	0.00891	0.01559	0.01058	0.01225	0.00724	0.00835	0.00668	0.00446	0.00334	0.00111	0.00557	0.00278	0.00223	0.00668
44	0.01933	0.01320	0.01451	0.01136	0.01532	0.01436	0.00931	0.54285	0.13419	0.14803	0.01503	0.01434	0.01052	0.00640	0.00523	0.00160	0.00529	0.00495	0.00541	0.00877
45	0.00704	0.00515	0.00661	0.00657	0.00766	0.00472	0.00480	0.00906	0.01347	0.01864	0.55436	0.20127	0.11710	0.01207	0.00625	0.00175	0.00259	0.01069	0.00546	0.00472
46	0.01348	0.01145	0.01207	0.01070	0.01374	0.01320	0.00837	0.08487	0.71702	0.02264	0.02052	0.01889	0.01535	0.00700	0.00529	0.00175	0.00425	0.00579	0.00529	0.00829
47	0.00983	0.00926	0.01562	0.80447	0.03587	0.01157	0.01446	0.01331	0.01041	0.01331	0.00926	0.01388	0.00694	0.00521	0.00521	0.00174	0.00694	0.00463	0.00231	0.00579
48	0.01180	0.01127	0.01918	0.30660	0.51835	0.01209	0.01544	0.01503	0.01134	0.01570	0.00960	0.01324	0.00778	0.00484	0.00517	0.00161	0.00646	0.00464	0.00248	0.00737
49	0.01980	0.01459	0.01563	0.01198	0.01615	0.01615	0.00990	0.76713	0.02448	0.03282	0.01250	0.01250	0.00886	0.00625	0.00521	0.00156	0.00573	0.00469	0.00521	0.00886
50	0.00634	0.00453	0.00604	0.00725	0.00755	0.00423	0.00483	0.00725	0.00997	0.01329	0.02870	0.81358	0.03444	0.01632	0.00665	0.00211	0.00302	0.01480	0.00483	0.00423
51	0.85377	0.01007	0.00765	0.00685	0.01007	0.01168	0.00564	0.01531	0.00886	0.02336	0.00725	0.00846	0.00564	0.00483	0.00322	0.00161	0.00403	0.00282	0.00322	0.00564
52	0.00744	0.00558	0.00837	0.00837	0.00930	0.00651	0.00651	0.00930	0.00837	0.01209	0.01395	0.02046	0.01302	0.03906	0.79635	0.00837	0.01395	0.00558	0.00279	0.00465
53	0.02336	0.00886	0.01209	0.00927	0.01329	0.00765	0.00765	0.02538	0.01491	0.78810	0.02055	0.01773	0.01289	0.00645	0.00524	0.00161	0.00443	0.00524	0.00645	0.00886
54	0.00744	0.00558	0.00837	0.00837	0.00930	0.00651	0.00651	0.00930	0.00837	0.01209	0.01395	0.02046	0.01302	0.03906	0.79635	0.00837	0.01395	0.00558	0.00279	0.00465
55	0.00737	0.00532	0.00696	0.00655	0.00778	0.00491	0.00491	0.00983	0.01474	0.02088	0.78175	0.03890	0.04914	0.01065	0.00614	0.00164	0.00246	0.00942	0.00573	0.00491
56	0.01945	0.02482	0.01476	0.01342	0.01610	0.79608	0.01006	0.02079	0.01476	0.01275	0.00805	0.00939	0.00671	0.00537	0.00470	0.00134	0.00939	0.00335	0.00268	0.00604
57	0.00744	0.00558	0.00837	0.00837	0.00930	0.00651	0.00651	0.00930	0.00837	0.01209	0.01395	0.02046	0.01302	0.03906	0.79635	0.00837	0.01395	0.00558	0.00279	0.00465
58	0.01191	0.01270	0.01726	0.01422	0.01602	0.13381	0.17664	0.01397	0.01007	0.01338	0.00951	0.01379	0.00850	0.01450	0.19510	0.00344	0.32190	0.00496	0.00254	0.00580
59	0.06839	0.01869	0.01439	0.01218	0.01551	0.37763	0.00955	0.30512	0.07187	0.04134	0.01094	0.01144	0.00827	0.00582	0.00486	0.00148	0.00718	0.00406	0.00396	0.00731
60	0.00756	0.00565	0.00686	0.00704	0.00807	0.00547	0.00500	0.02893	0.06866	0.01654	0.25526	0.34699	0.12773	0.07609	0.00786	0.00212	0.00311	0.01123	0.00502	0.00479
61	0.04081	0.01214	0.02011	0.01489	0.01934	0.06061	0.33205	0.02109	0.01361	0.38772	0.01510	0.01537	0.01016	0.00545	0.00554	0.00166	0.00660	0.00544	0.00449	0.00781
62	0.01392	0.82012	0.02729	0.00891	0.01337	0.02061	0.00891	0.01559	0.01058	0.01225	0.00724	0.00835	0.00668	0.00446	0.00334	0.00111	0.00557	0.00278	0.00223	0.00668
63	0.02336	0.00886	0.01209	0.00927	0.01329	0.00765	0.00765	0.02538	0.01491	0.78810	0.02055	0.01773	0.01289	0.00645	0.00524	0.00161	0.00443	0.00524	0.00645	0.00886
64	0.01045	0.02548	0.72119	0.06559	0.02351	0.01209	0.03783	0.01629	0.01099	0.01629	0.00937	0.01126	0.00665	0.00495	0.00499	0.00166	0.00768	0.00396	0.00222	0.00756
65	0.01177	0.00964	0.03434	0.61853	0.03069	0.01095	0.01312	0.01562	0.04780	0.11881	0.03102	0.01523	0.00924	0.00560	0.00523	0.00172	0.00637	0.00487	0.00310	0.00635
66	0.02276	0.00983	0.01268	0.00972	0.01377	0.00909	0.00803	0.15035	0.01652	0.66085	0.01919	0.01685	0.01221	0.00641	0.00523	0.00160	0.00465	0.00514	0.00624	0.00886
67	0.00634	0.00453	0.00604	0.00725	0.00755	0.00423	0.00483	0.00725	0.00997	0.01329	0.02870	0.81358	0.03444	0.01632	0.00665	0.00211	0.00302	0.01480	0.00483	0.00423
68	0.01289	0.58372	0.25460	0.01068	0.01610	0.01807	0.01199	0.01586	0.01070	0.01352	0.00787	0.00914	0.00666	0.00460	0.00382	0.00127	0.00620	0.00310	0.00222	0.00699
69	0.01502	0.01106	0.01149	0.01002	0.01302	0.05161	0.00787	0.06666	0.49372	0.14565	0.01950	0.01825	0.01429	0.00673	0.00508	0.00165	0.00436	0.00548	0.09061	0.00792
70	0.00634	0.00453	0.00604	0.00725	0.00755	0.00423	0.00483	0.00725	0.00997	0.01329	0.02870	0.81358	0.03444	0.01632	0.00665	0.00211	0.00302	0.01480	0.00483	0.00423
71	0.01903	0.02402	0.01517	0.01460	0.06531	0.74589	0.01044	0.02049	0.01457	0.01302	0.00816	0.00962	0.00681	0.00532	0.00473	0.00135	0.00919	0.00344	0.00268	0.00618
72	0.00747	0.00547	0.00781	0.00781	0.00855	0.00621	0.00582	0.00894	0.00820	0.01168	0.01446	0.02327	0.01424	0.19982	0.63725	0.00768	0.01211	0.00599	0.00287	0.00434
73	0.01206	0.01061	0.01045	0.00950	0.01218	0.06096	0.00734	0.02244	0.52728	0.04010	0.02772	0.02592	0.19458	0.00837	0.00546	0.00173	0.00412	0.00690	0.00505	0.00722
74	0.01286	0.10224	0.16144	0.01039	0.01362	0.26610	0.00954	0.01541	0.01258	0.01552	0.10752	0.07431	0.03431	0.00694	0.00479	0.00146	0.00610	0.00539	0.13357	0.00593
75	0.00615	0.00528	0.00528	0.00528	0.00703	0.00440	0.00396	0.00747	0.01187	0.01407	0.05276	0.05012	0.78238	0.01319	0.00615	0.00176	0.00264	0.01099	0.00484	0.00440
76	0.01191	0.01110	0.01870	0.22522	0.54569	0.01169	0.01481	0.01506	0.01143	0.01623	0.01012	0.01356	0.00825	0.00487	0.00507	0.00157	0.00614	0.00465	0.05652	0.00741
77	0.80092	0.01036	0.00816	0.00717	0.01046	0.01197	0.00591	0.06295	0.00985	0.02396	0.00758	0.00872	0.00584	0.00492	0.00335	0.00161	0.00414	0.00294	0.00335	0.00584
78	0.01169	0.01249	0.02411	0.16132	0.07425	0.01345	0.41470	0.01511	0.01097	0.01517	0.00943	0.01335	0.00751	0.00560	0.00835	0.00186	0.18613	0.00542	0.00249	0.00658
79	0.01089	0.00956	0.01207	0.00862	0.01329	0.00734	0.05480	0.01334	0.01089	0.01695	0.00934	0.01101	0.00773	0.00389	0.00400	0.00083	0.00417	0.00328	0.00306	0.79491
80	0.01583	0.00744	0.00900	0.00761	0.01026	0.00713	0.00605	0.01971	0.11417	0.34867	0.06804	0.01994	0.01578	0.00665	0.00470	0.00148	0.00351	0.00545	0.32154	0.00702
81	0.00983	0.00926	0.01562	0.80447	0.03587	0.01157	0.01446	0.01331	0.01041	0.01331	0.00926	0.01388	0.00694	0.00521	0.00521	0.00174	0.00694	0.00463	0.00231	0.00579
82	0.00621	0.00506	0.00550	0.00586	0.00719	0.00435	0.00422	0.00741	0.01131	0.01384	0.04563	0.27640	0.56071	0.01412	0.00630	0.00186	0.00275	0.01212	0.00484	0.00435
83	0.00839	0.00599	0.00839	0.00959	0.01079	0.00599	0.00839	0.01079	0.01199	0.01558	0.02757	0.05874	0.02997	0.01439	0.00719	0.00240	0.00480	0.74945	0.00480	0.00480
84	0.00905	0.00452	0.00678	0.00678	0.00678	0.00452	0.00452	0.00678	0.00678	0.00905	0.00905	0.01583	0.00905	0.01809	0.02035	0.84848	0.00452	0.00452	0.00226	0.00226
85	0.01699	0.01188	0.01263	0.01000	0.01335	0.01301	0.00816	0.55733	0.02072	0.02910	0.01375	0.01442	0.01010	0.00620	0.00477	0.00147	0.00481	0.00473	0.23882	0.00774
86	0.01184	0.05197	0.05765	0.01329	0.01483	0.11730	0.08420	0.01357	0.00989	0.01328	0.01089	0.13532	0.01117	0.00882	0.01145	0.00199	0.41795	0.00602	0.00276	0.00580
87	0.00993	0.00936	0.01580	0.77911	0.06044	0.01160	0.01451	0.01339	0.01046	0.01343	0.00927	0.01385	0.00698	0.00519	0.00520	0.00173	0.00692	0.00463	0.00232	0.00587
88	0.01392	0.82012	0.02729	0.00891	0.01337	0.02061	0.00891	0.01559	0.01058	0.01225	0.00724	0.00835	0.00668	0.00446	0.00334	0.00111	0.00557	0.00278	0.00223	0.00668
89	0.01080	0.00926	0.01080	0.00771	0.01234	0.00694	0.00617	0.01311	0.01080	0.01697	0.00926	0.01080	0.00771	0.00386	0.00386	0.00077	0.00386	0.00309	0.00309	0.84882
90	0.01964	0.01335	0.01468	0.01142	0.01544	0.01450	0.00938	0.57546	0.10109	0.14851	0.01465	0.01403	0.01021	0.00637	0.00522	0.00159	0.00536	0.00490	0.00541	0.00879
91	0.00846	0.00610	0.00752	0.00794	0.00883	0.00610	0.00557	0.12481	0.01215	0.01623	0.02586	0.66825	0.03006	0.03675	0.00697	0.00211	0.00350	0.01304	0.00485	0.00492
92	0.00983	0.00926	0.01562	0.80447	0.03587	0.01157	0.01446	0.01331	0.01041	0.01331	0.00926	0.01388	0.00694	0.00521	0.00521	0.00174	0.00694	0.00463	0.00231	0.00579
93	0.01219	0.01166	0.01987	0.20967	0.61229	0.01219	0.01563	0.01537	0.01153	0.01616	0.00967	0.01312	0.00795	0.00477	0.00517	0.00159	0.00636	0.00464	0.00252	0.00768
94	0.01974	0.01617	0.01549	0.01220	0.01614	0.13680	0.00992	0.65167	0.02298	0.02971	0.01181	0.01202	0.00852	0.00611	0.00513	0.00153	0.00630	0.00448	0.00482	0.00842
95	0.72470	0.01235	0.00875	0.00786	0.01100	0.13303	0.00632	0.01616	0.00977	0.02172	0.00737	0.00860	0.00581	0.00492	0.00345	0.00157	0.00486	0.00290	0.00314	0.00570
96	0.01815	0.08720	0.06316	0.01062	0.01443	0.12533	0.00907	0.04143	0.22502	0.32559	0.01679	0.01558	0.01176	0.00618	0.00498	0.00157	0.00541	0.00482	0.00490	0.00801
97	0.85377	0.01007	0.00765	0.00685	0.01007	0.01168	0.00564	0.01531	0.00886	0.02336	0.00725	0.00846	0.00564	0.00483	0.00322	0.00161	0.00403	0.00282	0.00322	0.00564
98	0.01945	0.02482	0.01476	0.01342	0.01610	0.79608	0.01006	0.02079	0.01476	0.01275	0.00805	0.00939	0.00671	0.00537	0.00470	0.00134	0.00939	0.00335	0.00268	0.00604
99	0.00654	0.00529	0.00581	0.00568	0.00727	0.00456	0.00426	0.00822	0.01278	0.01622	0.28344	0.04657	0.55035	0.01238	0.00615	0.00172	0.00258	0.01049	0.00512	0.00456
100	0.00757	0.00505	0.00568	0.00568	0.00568	0.00505	0.00316	0.00757	0.00757	0.01010	0.01641	0.03408	0.01893	0.81698	0.02651	0.00505	0.00505	0.00757	0.00316	0.00316
101	0.00729	0.00532	0.00685	0.00647	0.00773	0.00488	0.00485	0.00968	0.01456	0.02045	0.73507	0.03962	0.09609	0.01081	0.00614	0.00165	0.00247	0.00952	0.00568	0.00488
102	0.01289	0.01237	0.02114	0.03196	0.78450	0.01237	0.01598	0.01598	0.01186	0.01701	0.00980	0.01289	0.00825	0.00464	0.00516	0.00155	0.00619	0.00464	0.00258	0.00825
103	0.01945	0.02482	0.01476	0.01342	0.01610	0.79608	0.01006	0.02079	0.01476	0.01275	0.00805	0.00939	0.00671	0.00537	0.00470	0.00134	0.00939	0.00335	0.00268	0.00604
104	0.00633	0.00458	0.00599	0.00712	0.00752	0.00424	0.00478	0.00727	0.01009	0.01334	0.03024	0.76469	0.08234	0.01611	0.00662	0.00209	0.00300	0.01456	0.00483	0.00424
105	0.01392	0.82012	0.02729	0.00891	0.01337	0.02061	0.00891	0.01559	0.01058	0.01225	0.00724	0.00835	0.00668	0.00446	0.00334	0.00111	0.00557	0.00278	0.00223	0.00668
106	0.01228	0.01284	0.06955	0.14597	0.62415	0.01224	0.01596	0.01562	0.01159	0.01643	0.00969	0.01292	0.00795	0.00474	0.00515	0.00158	0.00640	0.00459	0.00251	0.00785
107	0.01967	0.01512	0.01475	0.01174	0.01558	0.13035	0.00951	0.50578	0.07937	0.12483	0.01353	0.01324	0.00959	0.00621	0.00514	0.00155	0.00598	0.00465	0.00500	0.00839
108	0.00615	0.00528	0.00528	0.00528	0.00703	0.00440	0.00396	0.00747	0.01187	0.01407	0.05276	0.05012	0.78238	0.01319	0.00615	0.00176	0.00264	0.01099	0.00484	0.00440
109	0.01392	0.82012	0.02729	0.00891	0.01337	0.02061	0.00891	0.01559	0.01058	0.01225	0.00724	0.00835	0.00668	0.00446	0.00334	0.00111	0.00557	0.00278	0.00223	0.00668
110	0.01752	0.02076	0.01387	0.01258	0.01534	0.56268	0.00952	0.02284	0.24136	0.01544	0.01197	0.01238	0.00945	0.00587	0.00488	0.00147	0.00782	0.00411	0.00346	0.00669
111	0.01289	0.01237	0.02114	0.03196	0.78450	0.01237	0.01598	0.01598	0.01186	0.01701	0.00980	0.01289	0.00825	0.00464	0.00516	0.00155	0.00619	0.00464	0.00258	0.00825
112	0.02134	0.00968	0.01230	0.00969	0.01355	0.00918	0.00792	0.08088	0.14445	0.60212	0.02006	0.01763	0.01310	0.00654	0.00525	0.00163	0.00448	0.00531	0.00616	0.00876
113	0.00639	0.00455	0.00603	0.00720	0.00749	0.00426	0.00478	0.00726	0.00989	0.01319	0.02830	0.78800	0.03393	0.04259	0.00730	0.00221	0.00309	0.01457	0.00478	0.00419
114	0.00750	0.00532	0.00708	0.00708	0.00756	0.00581	0.00490	0.00847	0.00799	0.01113	0.01513	0.02701	0.01586	0.41330	0.42599	0.00677	0.00967	0.00654	0.00297	0.00393
115	0.01392	0.82012	0.02729	0.00891	0.01337	0.02061	0.00891	0.01559	0.01058	0.01225	0.00724	0.00835	0.00668	0.00446	0.00334	0.00111	0.00557	0.00278	0.00223	0.00668
116	0.01362	0.01104	0.01180	0.01051	0.01353	0.01261	0.00821	0.02753	0.72641	0.07086	0.02115	0.01932	0.01570	0.00703	0.00529	0.00176	0.00414	0.00585	0.00537	0.00828
117	0.00757	0.00505	0.00568	0.00568	0.00568	0.00505	0.00316	0.00757	0.00757	0.01010	0.01641	0.03408	0.01893	0.81698	0.02651	0.00505	0.00505	0.00757	0.00316	0.00316
118	0.01989	0.01444	0.01554	0.01191	0.01608	0.01593	0.00984	0.74787	0.02424	0.05243	0.01271	0.01264	0.00896	0.00626	0.00521	0.00156	0.00570	0.00470	0.00524	0.00886
119	0.00848	0.00692	0.00943	0.00955	0.01035	0.00772	0.00762	0.01002	0.01022	0.01410	0.02197	0.32810	0.02481	0.01320	0.00909	0.00216	0.19189	0.25143	0.00411	0.05884
120	0.00756	0.00508	0.00585	0.00585	0.00591	0.00514	0.00337	0.00768	0.00762	0.01023	0.01625	0.03321	0.01855	0.76717	0.07580	0.00526	0.00562	0.00745	0.00313	0.00325
121	0.85377	0.01007	0.00765	0.00685	0.01007	0.01168	0.00564	0.01531	0.00886	0.02336	0.00725	0.00846	0.00564	0.00483	0.00322	0.00161	0.00403	0.00282	0.00322	0.00564
122	0.01724	0.02073	0.01498	0.01300	0.01608	0.56205	0.05780	0.02059	0.11104	0.01460	0.01001	0.01112	0.00806	0.00536	0.00478	0.00136	0.00809	0.00383	0.00306	0.09622
123	0.00615	0.00528	0.00528	0.00528	0.00703	0.00440	0.00396	0.00747	0.01187	0.01407	0.05276	0.05012	0.78238	0.01319	0.00615	0.00176	0.00264	0.01099	0.00484	0.00440
124	0.00666	0.00476	0.00641	0.00761	0.00805	0.00450	0.00538	0.00780	0.01028	0.01365	0.02853	0.69681	0.03375	0.01602	0.00673	0.00216	0.00330	0.12845	0.00483	0.00432
125	0.01980	0.01459	0.01563	0.01198	0.01615	0.01615	0.00990	0.76713	0.02448	0.03282	0.01250	0.01250	0.00886	0.00625	0.00521	0.00156	0.00573	0.00469	0.00521	0.00886
126	0.00971	0.00485	0.00485	0.00485	0.00607	0.00485	0.00364	0.01213	0.01092	0.01942	0.01699	0.01942	0.01335	0.00607	0.00364	0.00121	0.00243	0.00485	0.84589	0.00485
127	0.01289	0.01237	0.02114	0.03196	0.78450	0.01237	0.01598	0.01598	0.01186	0.01701	0.00980	0.01289	0.00825	0.00464	0.00516	0.00155	0.00619	0.00464	0.00258	0.00825
128	0.00718	0.00532	0.00670	0.00635	0.00766	0.00483	0.00477	0.00946	0.01430	0.01983	0.66897	0.04064	0.16257	0.01104	0.00614	0.00166	0.00248	0.00966	0.00559	0.00483
129	0.10450	0.00898	0.01165	0.00903	0.01298	0.00805	0.00746	0.02440	0.01431	0.71338	0.01925	0.01682	0.01218	0.00629	0.00504	0.00161	0.00439	0.00500	0.00613	0.00855
130	0.01043	0.00857	0.00961	0.00894	0.01113	0.00936	0.00696	0.01951	0.42885	0.02060	0.26873	0.03047	0.06722	0.00913	0.00577	0.00178	0.00356	0.06734	0.00537	0.00669
131	0.01392	0.82012	0.02729	0.00891	0.01337	0.02061	0.00891	0.01559	0.01058	0.01225	0.00724	0.00835	0.00668	0.00446	0.00334	0.00111	0.00557	0.00278	0.00223	0.00668
132	0.01312	0.05249	0.48315	0.01283	0.01886	0.01203	0.01484	0.14302	0.01397	0.09375	0.08141	0.01434	0.01147	0.00581	0.00507	0.00161	0.00649	0.00459	0.00344	0.00771
133	0.01194	0.01206	0.13000	0.00940	0.01190	0.08073	0.00802	0.09626	0.08054	0.07284	0.01642	0.12226	0.01605	0.29384	0.01284	0.00288	0.00554	0.00689	0.00384	0.00576
134	0.77225	0.01151	0.00835	0.00749	0.01066	0.08833	0.00607	0.01584	0.00944	0.02233	0.00733	0.00855	0.00574	0.00489	0.00337	0.00159	0.00455	0.00287	0.00317	0.00568
135	0.01440	0.01366	0.01773	0.14882	0.34000	0.16083	0.04227	0.01702	0.01236	0.09236	0.03564	0.01368	0.00945	0.00550	0.00586	0.00160	0.05394	0.00466	0.00303	0.00718
136	0.01980	0.01459	0.01563	0.01198	0.01615	0.01615	0.00990	0.76713	0.02448	0.03282	0.01250	0.01250	0.00886	0.00625	0.00521	0.00156	0.00573	0.00469	0.00521	0.00886
137	0.01152	0.01080	0.01816	0.11853	0.57670	0.01102	0.01408	0.01432	0.01140	0.01600	0.01266	0.13687	0.01215	0.00651	0.00539	0.00166	0.00579	0.00621	0.00290	0.00734
138	0.51885	0.01227	0.01078	0.06789	0.01397	0.07292	0.00770	0.20332	0.01333	0.02416	0.00877	0.00994	0.00662	0.00526	0.00398	0.00159	0.00508	0.00346	0.00361	0.00648
139	0.00744	0.00558	0.00837	0.00837	0.00930	0.00651	0.00651	0.00930	0.00837	0.01209	0.01395	0.02046	0.01302	0.03906	0.79635	0.00837	0.01395	0.00558	0.00279	0.00465
140	0.85377	0.01007	0.00765	0.00685	0.01007	0.01168	0.00564	0.01531	0.00886	0.02336	0.00725	0.00846	0.00564	0.00483	0.00322	0.00161	0.00403	0.00282	0.00322	0.00564
141	0.00757	0.00505	0.00568	0.00568	0.00568	0.00505	0.00316	0.00757	0.00757	0.01010	0.01641	0.03408	0.01893	0.81698	0.02651	0.00505	0.00505	0.00757	0.00316	0.00316
142	0.00718	0.00532	0.00670	0.00635	0.00766	0.00483	0.00477	0.00946	0.01430	0.01983	0.66897	0.04064	0.16257	0.01104	0.00614	0.00166	0.00248	0.00966	0.00559	0.00483
143	0.01139	0.01139	0.01595	0.01367	0.01367	0.01595	0.01139	0.01253	0.00798	0.01253	0.00684	0.01139	0.00684	0.00911	0.01709	0.00228	0.80745	0.00456	0.00228	0.00570
144	0.00747	0.00546	0.00778	0.00778	0.00851	0.00619	0.00578	0.00892	0.00820	0.01165	0.01449	0.02344	0.01431	0.20922	0.62795	0.00764	0.01200	0.00602	0.00287	0.00432
145	0.01112	0.12235	0.61778	0.01369	0.02050	0.01322	0.01686	0.01752	0.08845	0.01651	0.01029	0.01153	0.00755	0.00510	0.00479	0.00160	0.00707	0.00392	0.00252	0.00763
146	0.01480	0.27790	0.01837	0.01114	0.01420	0.15053	0.00942	0.09169	0.20394	0.01676	0.01132	0.01218	0.00923	0.00616	0.00637	0.00154	0.12993	0.00412	0.00337	0.00702
147	0.01165	0.02417	0.66958	0.01388	0.02105	0.01136	0.01735	0.01709	0.01134	0.08699	0.01036	0.01160	0.00724	0.00502	0.00490	0.00159	0.00715	0.00393	0.00264	0.06111
148	0.01285	0.09645	0.59452	0.01340	0.02021	0.01215	0.01642	0.01785	0.01159	0.14091	0.01096	0.01184	0.00762	0.00514	0.00485	0.00159	0.00697	0.00398	0.00289	0.00779
149	0.01977	0.01524	0.01557	0.01207	0.01615	0.06609	0.00991	0.71934	0.02386	0.03153	0.01222	0.01230	0.00872	0.00619	0.00518	0.00155	0.00596	0.00460	0.00505	0.00868
150	0.04446	0.00889	0.01197	0.00920	0.01321	0.00776	0.00760	0.02512	0.01475	0.76868	0.02021	0.01749	0.01271	0.00640	0.00519	0.00161	0.00442	0.00518	0.00636	0.00878
151	0.01206	0.01145	0.01903	0.24155	0.53069	0.01219	0.01507	0.01600	0.06034	0.01631	0.01038	0.01358	0.00838	0.00495	0.00518	0.00161	0.00626	0.00472	0.00268	0.00758
152	0.01197	0.02327	0.56898	0.06465	0.02169	0.05049	0.01669	0.11168	0.02822	0.01822	0.01102	0.01246	0.02680	0.00540	0.00502	0.00163	0.00728	0.00420	0.00274	0.00757
153	0.02336	0.00886	0.01209	0.00927	0.01329	0.00765	0.00765	0.02538	0.01491	0.78810	0.02055	0.01773	0.01289	0.00645	0.00524	0.00161	0.00443	0.00524	0.00645	0.00886
154	0.00615	0.00528	0.00528	0.00528	0.00703	0.00440	0.00396	0.00747	0.01187	0.01407	0.05276	0.05012	0.78238	0.01319	0.00615	0.00176	0.00264	0.01099	0.00484	0.00440
155	0.01318	0.07025	0.55983	0.01358	0.02023	0.01286	0.01621	0.13380	0.01339	0.08317	0.01065	0.01164	0.00748	0.00525	0.00492	0.00160	0.00699	0.00403	0.00302	0.00791
156	0.01248	0.06362	0.02068	0.14999	0.61930	0.01278	0.01529	0.01554	0.01155	0.01613	0.00955	0.01275	0.00795	0.00472	0.00505	0.00155	0.00626	0.00452	0.00251	0.00777
157	0.00824	0.00543	0.00715	0.00683	0.00810	0.00498	0.00508	0.01042	0.01401	0.06884	0.61651	0.15739	0.04454	0.01125	0.00616	0.00171	0.00267	0.00998	0.00564	0.00506
158	0.01945	0.02482	0.01476	0.01342	0.01610	0.79608	0.01006	0.02079	0.01476	0.01275	0.00805	0.00939	0.00671	0.00537	0.00470	0.00134	0.00939	0.00335	0.00268	0.00604
159	0.85377	0.01007	0.00765	0.00685	0.01007	0.01168	0.00564	0.01531	0.00886	0.02336	0.00725	0.00846	0.00564	0.00483	0.00322	0.00161	0.00403	0.00282	0.00322	0.00564
160	0.00933	0.00608	0.00813	0.00862	0.01016	0.00580	0.00732	0.01154	0.01252	0.08646	0.10862	0.05168	0.14046	0.01310	0.00675	0.00215	0.00420	0.49691	0.00505	0.00512
161	0.00890	0.00858	0.01624	0.01307	0.01562	0.00799	0.31707	0.01146	0.01164	0.01568	0.11626	0.34082	0.07277	0.01052	0.00635	0.00189	0.00529	0.01034	0.00404	0.00547
162	0.00629	0.00487	0.00574	0.00639	0.00734	0.00432	0.00446	0.00742	0.01091	0.01383	0.05966	0.46599	0.35453	0.01482	0.00642	0.00195	0.00284	0.01303	0.00486	0.00432
163	0.85377	0.01007	0.00765	0.00685	0.01007	0.01168	0.00564	0.01531	0.00886	0.02336	0.00725	0.00846	0.00564	0.00483	0.00322	0.00161	0.00403	0.00282	0.00322	0.00564
164	0.31360	0.13930	0.01447	0.00993	0.01356	0.14431	0.00827	0.26164	0.01520	0.02297	0.00910	0.00992	0.00703	0.00533	0.00413	0.00147	0.00571	0.00351	0.00363	0.00692
165	0.01312	0.01212	0.01973	0.14944	0.59075	0.01263	0.01513	0.09176	0.01292	0.01804	0.00999	0.01300	0.00811	0.00489	0.00517	0.00158	0.00626	0.00464	0.00280	0.00793
166	0.01432	0.01530	0.01600	0.05367	0.13089	0.24400	0.08673	0.01984	0.20401	0.01673	0.01210	0.01334	0.00953	0.00534	0.00496	0.00145	0.00656	0.00448	0.00336	0.13738
167	0.00710	0.00531	0.00659	0.00627	0.00762	0.00480	0.00470	0.00931	0.01411	0.01939	0.62229	0.04135	0.20953	0.01120	0.00614	0.00166	0.00250	0.00976	0.00554	0.00480
168	0.00934	0.00896	0.09277	0.00928	0.01126	0.00820	0.00800	0.10607	0.01062	0.01501	0.01349	0.01965	0.01233	0.10082	0.54234	0.00649	0.01144	0.00546	0.00307	0.00538
169	0.00737	0.00532	0.00696	0.00655	0.00778	0.00491	0.00491	0.00983	0.01474	0.02088	0.78175	0.03890	0.04914	0.01065	0.00614	0.00164	0.00246	0.00942	0.00573	0.00491
170	0.60616	0.00990	0.00909	0.00766	0.01113	0.01076	0.00631	0.04265	0.01098	0.22649	0.01095	0.01105	0.00767	0.00531	0.00382	0.00161	0.00419	0.00352	0.00414	0.00660
171	0.01123	0.01012	0.01332	0.01253	0.13203	0.00940	0.00862	0.01345	0.01046	0.01618	0.00891	0.01123	0.00764	0.00492	0.00643	0.00116	0.14818	0.00359	0.00286	0.56774
172	0.00757	0.00505	0.00568	0.00568	0.00568	0.00505	0.00316	0.00757	0.00757	0.01010	0.01641	0.03408	0.01893	0.81698	0.02651	0.00505	0.00505	0.00757	0.00316	0.00316
173	0.00738	0.00655	0.00967	0.00838	0.01038	0.00584	0.12209	0.00936	0.01230	0.01581	0.19634	0.13974	0.41291	0.01169	0.00621	0.00178	0.00360	0.01040	0.00468	0.00489
174	0.01159	0.01095	0.01775	0.34096	0.36990	0.01228	0.01439	0.01588	0.08566	0.01577	0.01055	0.01386	0.00840	0.00532	0.00576	0.00168	0.04470	0.00475	0.00272	0.00713
175	0.01154	0.01100	0.01870	0.37275	0.45424	0.01202	0.01531	0.01480	0.01122	0.01538	0.00956	0.01333	0.00767	0.00489	0.00518	0.00163	0.00652	0.00463	0.00246	0.00716
176	0.01936	0.01331	0.01584	0.01223	0.01621	0.07458	0.09007	0.38538	0.01898	0.23839	0.01424	0.01426	0.00991	0.00761	0.04320	0.00191	0.00638	0.00493	0.00496	0.00824
177	0.01091	0.13204	0.68893	0.01406	0.02132	0.01322	0.01787	0.01637	0.01094	0.01593	0.00907	0.01064	0.00661	0.00488	0.00473	0.00158	0.00741	0.00371	0.00220	0.00756
178	0.00983	0.00926	0.01562	0.80447	0.03587	0.01157	0.01446	0.01331	0.01041	0.01331	0.00926	0.01388	0.00694	0.00521	0.00521	0.00174	0.00694	0.00463	0.00231	0.00579
179	0.01450	0.13899	0.20387	0.00980	0.01388	0.01024	0.00976	0.01751	0.03191	0.26528	0.08667	0.01918	0.01480	0.13157	0.00825	0.00208	0.00531	0.00529	0.00414	0.00697
180	0.05885	0.01431	0.01350	0.01124	0.01472	0.12623	0.00895	0.31870	0.28609	0.04379	0.01476	0.01437	0.01093	0.00627	0.00502	0.00158	0.00551	0.00479	0.00474	0.03564

[dist]
# distance from previous block
# <min> <max>
0	8

[block]
# block no. 1 follows, 47 sequences, length 18
# corresponding to MSA columns:
# 433-450
name=unknown_B
#
# <colnr> <probs for GDERKNQSTAVLIFYWHMCP>
#	G	D	E	R	K	N	Q	S	T	A	V	L	I	F	Y	W	H	M	C	P
0	0.03195	0.35325	0.24428	0.01074	0.01560	0.03971	0.01144	0.07316	0.05373	0.01671	0.06301	0.01261	0.01050	0.00540	0.00430	0.00140	0.00587	0.00396	0.03538	0.00699
1	0.01504	0.11098	0.11404	0.01383	0.10707	0.08114	0.01102	0.07685	0.23680	0.11557	0.01402	0.01422	0.01052	0.00602	0.00558	0.00160	0.04930	0.00465	0.00396	0.00778
2	0.01159	0.01022	0.01606	0.16902	0.38347	0.01075	0.01245	0.01599	0.10332	0.03996	0.15657	0.01889	0.01674	0.00622	0.00537	0.00163	0.00533	0.00570	0.00356	0.00718
3	0.00753	0.00523	0.00658	0.00658	0.00689	0.00554	0.00427	0.00815	0.00784	0.01076	0.01559	0.02954	0.01696	0.55790	0.28289	0.00615	0.00801	0.00691	0.00303	0.00365
4	0.01295	0.01119	0.01178	0.01060	0.01354	0.01295	0.00824	0.02767	0.77509	0.02178	0.02120	0.01943	0.01590	0.00707	0.00530	0.00177	0.00412	0.00589	0.00530	0.00824
5	0.01945	0.02482	0.01476	0.01342	0.01610	0.79608	0.01006	0.02079	0.01476	0.01275	0.00805	0.00939	0.00671	0.00537	0.00470	0.00134	0.00939	0.00335	0.00268	0.00604
6	0.00684	0.00492	0.00649	0.00691	0.00766	0.00456	0.00487	0.00850	0.01228	0.01698	0.39400	0.43779	0.04157	0.01357	0.00640	0.00188	0.00275	0.01219	0.00527	0.00456
7	0.00744	0.00558	0.00837	0.00837	0.00930	0.00651	0.00651	0.00930	0.00837	0.01209	0.01395	0.02046	0.01302	0.03906	0.79635	0.00837	0.01395	0.00558	0.00279	0.00465
8	0.00691	0.00520	0.00640	0.00632	0.00756	0.00468	0.00466	0.00886	0.01333	0.01807	0.48895	0.15132	0.23445	0.01210	0.00622	0.00174	0.00258	0.01058	0.00538	0.00468
9	0.01214	0.01161	0.01978	0.22189	0.60044	0.01218	0.01561	0.01532	0.01150	0.01610	0.00966	0.01313	0.00793	0.00478	0.00517	0.00159	0.00637	0.00464	0.00251	0.00764
10	0.01849	0.02322	0.01490	0.01345	0.01581	0.70296	0.01022	0.01981	0.01395	0.01272	0.00790	0.00963	0.00672	0.00581	0.00618	0.00145	0.10465	0.00350	0.00263	0.00600
11	0.00715	0.00513	0.00592	0.00622	0.00681	0.00488	0.00414	0.00784	0.00940	0.01207	0.02799	0.15031	0.20439	0.42763	0.01681	0.00357	0.00416	0.08783	0.00397	0.00378
12	0.01080	0.00926	0.01080	0.00771	0.01234	0.00694	0.00617	0.01311	0.01080	0.01697	0.00926	0.01080	0.00771	0.00386	0.00386	0.00077	0.00386	0.00309	0.00309	0.84882
13	0.01558	0.28973	0.05404	0.08860	0.14389	0.01454	0.01085	0.12002	0.01362	0.16051	0.03366	0.01294	0.00965	0.00537	0.00458	0.00144	0.00562	0.00422	0.00359	0.00755
14	0.05368	0.08989	0.01274	0.00933	0.01244	0.03471	0.00762	0.22804	0.18993	0.08404	0.05564	0.01651	0.01333	0.00638	0.00470	0.00150	0.00448	0.00498	0.16275	0.00732
15	0.00847	0.00474	0.00680	0.00674	0.00709	0.00461	0.00464	0.00762	0.00907	0.01243	0.21784	0.05868	0.02100	0.01601	0.01590	0.58177	0.00390	0.00631	0.00331	0.00307
16	0.09182	0.07477	0.17688	0.01190	0.01620	0.05358	0.05178	0.08958	0.33916	0.02039	0.01435	0.01439	0.01077	0.00592	0.00490	0.00164	0.00564	0.00472	0.00394	0.00765
17	0.01190	0.23011	0.52098	0.01298	0.01946	0.01452	0.01563	0.05199	0.04693	0.01641	0.00950	0.01078	0.00716	0.00498	0.00456	0.00151	0.00689	0.00371	0.00249	0.00751

[dist]
# distance from previous block
# <min> <max>
0	1

[block]
# block no. 2 follows, 47 sequences, length 51
# corresponding to MSA columns:
# 452-502
name=unknown_C
#
# <colnr> <probs for GDERKNQSTAVLIFYWHMCP>
#	G	D	E	R	K	N	Q	S	T	A	V	L	I	F	Y	W	H	M	C	P
0	0.01473	0.18761	0.30773	0.01173	0.01700	0.04828	0.01251	0.03524	0.12568	0.17088	0.01291	0.01300	0.00931	0.00550	0.00471	0.00153	0.00610	0.00420	0.00360	0.00775
1	0.01357	0.08859	0.04554	0.09479	0.04473	0.01212	0.00998	0.03837	0.05997	0.17308	0.01565	0.08441	0.05403	0.00800	0.00854	0.00182	0.23051	0.00583	0.00378	0.00668
2	0.00634	0.00453	0.00604	0.00725	0.00755	0.00423	0.00483	0.00725	0.00997	0.01329	0.02870	0.81358	0.03444	0.01632	0.00665	0.00211	0.00302	0.01480	0.00483	0.00423
3	0.01056	0.01000	0.01668	0.38340	0.22030	0.01165	0.04336	0.01346	0.01037	0.01419	0.01030	0.04431	0.00887	0.00883	0.07477	0.00234	0.10264	0.00515	0.00253	0.00629
4	0.01168	0.03719	0.19752	0.01757	0.08734	0.01189	0.32734	0.01653	0.06029	0.01687	0.01085	0.02480	0.00848	0.00480	0.00529	0.00154	0.00704	0.00502	0.00280	0.14518
5	0.00809	0.00675	0.00708	0.00734	0.00840	0.04932	0.00513	0.01078	0.10598	0.01442	0.07036	0.35754	0.18087	0.13246	0.00919	0.00237	0.00370	0.01092	0.00457	0.00474
6	0.00718	0.00488	0.00580	0.00619	0.00629	0.00478	0.00370	0.00747	0.00835	0.01113	0.02039	0.28633	0.02395	0.55789	0.02008	0.00410	0.00439	0.00991	0.00370	0.00350
7	0.14213	0.04004	0.20933	0.01160	0.01634	0.06291	0.01130	0.32304	0.01678	0.07964	0.03155	0.01228	0.00897	0.00573	0.00479	0.00157	0.00602	0.00422	0.00401	0.00774
8	0.01154	0.00988	0.01421	0.04642	0.28300	0.00881	0.00983	0.01418	0.01175	0.04449	0.09834	0.01511	0.01280	0.00505	0.00467	0.00121	0.00465	0.00449	0.00330	0.39627
9	0.00748	0.00541	0.00750	0.00750	0.00812	0.00603	0.00542	0.00874	0.00811	0.01144	0.01475	0.02489	0.01494	0.29193	0.54610	0.00729	0.01106	0.00623	0.00291	0.00416
10	0.85377	0.01007	0.00765	0.00685	0.01007	0.01168	0.00564	0.01531	0.00886	0.02336	0.00725	0.00846	0.00564	0.00483	0.00322	0.00161	0.00403	0.00282	0.00322	0.00564
11	0.01243	0.04730	0.48713	0.01671	0.13514	0.04453	0.03696	0.07548	0.01245	0.03813	0.00987	0.01150	0.00727	0.00499	0.00494	0.00157	0.00711	0.00405	0.00267	0.03977
12	0.00615	0.00528	0.00528	0.00528	0.00703	0.00440	0.00396	0.00747	0.01187	0.01407	0.05276	0.05012	0.78238	0.01319	0.00615	0.00176	0.00264	0.01099	0.00484	0.00440
13	0.01398	0.01170	0.01235	0.01081	0.01393	0.01343	0.00849	0.13846	0.66263	0.02344	0.01989	0.01839	0.01484	0.00694	0.00529	0.00174	0.00436	0.00571	0.00529	0.00833
14	0.01980	0.01459	0.01563	0.01198	0.01615	0.01615	0.00990	0.76713	0.02448	0.03282	0.01250	0.01250	0.00886	0.00625	0.00521	0.00156	0.00573	0.00469	0.00521	0.00886
15	0.00752	0.00536	0.00733	0.00849	0.00927	0.00524	0.00674	0.00922	0.01100	0.01444	0.02761	0.36615	0.03138	0.04569	0.00770	0.00238	0.00408	0.42114	0.00475	0.00450
16	0.00777	0.00546	0.00677	0.00693	0.00829	0.00500	0.00539	0.00969	0.01266	0.04398	0.27673	0.13773	0.24693	0.01248	0.00629	0.00187	0.00312	0.16097	0.03715	0.00480
17	0.00698	0.00504	0.00663	0.00696	0.00783	0.00469	0.00505	0.00879	0.01261	0.01738	0.41953	0.34858	0.06320	0.01318	0.00640	0.00187	0.00282	0.05255	0.00530	0.00462
18	0.01226	0.01207	0.02160	0.16762	0.53812	0.01235	0.12802	0.01561	0.01167	0.01631	0.00981	0.01324	0.00796	0.00470	0.00531	0.00161	0.00671	0.00486	0.00254	0.00763
19	0.01459	0.01491	0.13214	0.01613	0.12757	0.01345	0.10681	0.27994	0.14651	0.02313	0.01384	0.01663	0.01085	0.00625	0.00542	0.00169	0.00614	0.05196	0.00405	0.00801
20	0.01392	0.82012	0.02729	0.00891	0.01337	0.02061	0.00891	0.01559	0.01058	0.01225	0.00724	0.00835	0.00668	0.00446	0.00334	0.00111	0.00557	0.00278	0.00223	0.00668
21	0.04167	0.09375	0.01484	0.01081	0.01457	0.26242	0.00871	0.19075	0.01567	0.11939	0.01083	0.01134	0.00817	0.00531	0.00455	0.00130	0.00630	0.00378	0.00380	0.17202
22	0.01253	0.01194	0.02030	0.03060	0.74152	0.01192	0.01537	0.01550	0.01175	0.01681	0.01084	0.05718	0.00970	0.00529	0.00524	0.00158	0.00601	0.00520	0.00270	0.00803
23	0.61926	0.01422	0.00965	0.00869	0.01177	0.23216	0.00688	0.01685	0.01052	0.02038	0.00748	0.00872	0.00594	0.00498	0.00364	0.00154	0.00554	0.00297	0.00307	0.00575
24	0.00983	0.00926	0.01562	0.80447	0.03587	0.01157	0.01446	0.01331	0.01041	0.01331	0.00926	0.01388	0.00694	0.00521	0.00521	0.00174	0.00694	0.00463	0.00231	0.00579
25	0.01125	0.01011	0.01540	0.15835	0.32861	0.00997	0.01158	0.04439	0.01161	0.01650	0.01221	0.11950	0.01141	0.00617	0.00505	0.00147	0.00531	0.00562	0.00306	0.21243
26	0.00806	0.00543	0.00608	0.00593	0.00610	0.00549	0.00342	0.03783	0.00825	0.01100	0.01625	0.03322	0.01853	0.78468	0.02566	0.00491	0.00508	0.00746	0.00324	0.00338
27	0.14394	0.00792	0.00939	0.00766	0.01078	0.00747	0.00622	0.02015	0.01288	0.45746	0.01755	0.01681	0.01193	0.00610	0.00449	0.00150	0.00381	0.00477	0.24191	0.00725
28	0.00757	0.00505	0.00568	0.00568	0.00568	0.00505	0.00316	0.00757	0.00757	0.01010	0.01641	0.03408	0.01893	0.81698	0.02651	0.00505	0.00505	0.00757	0.00316	0.00316
29	0.00767	0.00518	0.00594	0.00575	0.00712	0.00476	0.00431	0.00981	0.01293	0.01863	0.37791	0.03672	0.23899	0.01011	0.00547	0.00156	0.00250	0.00862	0.23127	0.00476
30	0.01945	0.02482	0.01476	0.01342	0.01610	0.79608	0.01006	0.02079	0.01476	0.01275	0.00805	0.00939	0.00671	0.00537	0.00470	0.00134	0.00939	0.00335	0.00268	0.00604
31	0.00749	0.00537	0.00733	0.00733	0.00790	0.00594	0.00521	0.00863	0.00806	0.01132	0.01490	0.02574	0.01531	0.34045	0.49808	0.00708	0.01050	0.00635	0.00293	0.00407
32	0.01883	0.01369	0.18057	0.01257	0.07720	0.01004	0.01104	0.12061	0.01509	0.43877	0.03749	0.01579	0.01164	0.00607	0.00519	0.00161	0.00539	0.00493	0.00504	0.00845
33	0.01351	0.40948	0.28919	0.01189	0.01731	0.08995	0.03655	0.03922	0.01165	0.02606	0.00850	0.00981	0.00685	0.00479	0.00420	0.00136	0.00675	0.00341	0.00243	0.00708
34	0.01510	0.01140	0.01329	0.01069	0.01364	0.05477	0.00870	0.10173	0.08643	0.16801	0.01226	0.01325	0.00935	0.00644	0.00802	0.00156	0.22047	0.00437	0.00395	0.23660
35	0.01471	0.23644	0.29940	0.01207	0.01745	0.05845	0.01284	0.18006	0.04550	0.06091	0.01048	0.01123	0.00784	0.00529	0.00459	0.00147	0.00647	0.00388	0.00324	0.00767
36	0.01597	0.01203	0.04473	0.01094	0.01433	0.01225	0.00937	0.44689	0.03692	0.07339	0.07792	0.02522	0.01705	0.00837	0.00571	0.00176	0.00523	0.16921	0.00511	0.00758
37	0.02336	0.00886	0.01209	0.00927	0.01329	0.00765	0.00765	0.02538	0.01491	0.78810	0.02055	0.01773	0.01289	0.00645	0.00524	0.00161	0.00443	0.00524	0.00645	0.00886
38	0.01276	0.01242	0.02037	0.11216	0.68353	0.03546	0.01565	0.01584	0.01179	0.01650	0.00969	0.01289	0.00807	0.00472	0.00515	0.00156	0.00636	0.00460	0.00255	0.00793
39	0.01923	0.01647	0.12964	0.01323	0.06521	0.23045	0.04161	0.02182	0.01398	0.37488	0.01428	0.01392	0.00972	0.00572	0.00507	0.00154	0.00660	0.00450	0.00435	0.00778
40	0.02037	0.00808	0.01077	0.00849	0.01194	0.00708	0.00693	0.02247	0.01439	0.63007	0.08099	0.01963	0.01585	0.00673	0.00511	0.00156	0.00402	0.00552	0.11195	0.00804
