[name]
unknown

[dist]
# distance from previous block
# <min> <max>
0	8

[block]
# block no. 0 follows, 39 sequences, length 36
# corresponding to MSA columns:
# 8-43
name=unknown_A
#
# <colnr> <probs for GDERKNQSTAVLIFYWHMCP>
#	G	D	E	R	K	N	Q	S	T	A	V	L	I	F	Y	W	H	M	C	P
0	0.08292	0.01009	0.03777	0.01394	0.09564	0.00941	0.05295	0.01570	0.06151	0.03976	0.05533	0.04046	0.05641	0.01098	0.00670	0.00215	0.00553	0.31412	0.00472	0.08389
1	0.01814	0.01236	0.01489	0.13237	0.01974	0.01345	0.01055	0.16918	0.28366	0.18851	0.03132	0.01905	0.01436	0.00728	0.00592	0.00187	0.00559	0.00597	0.00567	0.04012
2	0.01301	0.00795	0.00977	0.00868	0.01061	0.00795	0.00650	0.01639	0.09583	0.17186	0.23065	0.03501	0.10820	0.19173	0.01274	0.00283	0.04958	0.00865	0.00560	0.00646
3	0.01467	0.01459	0.01501	0.01501	0.10106	0.17755	0.04250	0.07345	0.15351	0.02052	0.13685	0.08950	0.06398	0.00916	0.00688	0.00189	0.04418	0.00759	0.00470	0.00740
4	0.00834	0.00640	0.00928	0.18508	0.01587	0.00676	0.00792	0.01014	0.01150	0.01551	0.02673	0.56515	0.03051	0.01494	0.00697	0.00224	0.00441	0.01348	0.05349	0.00525
5	0.01032	0.00893	0.01222	0.05604	0.04766	0.00975	0.03788	0.01486	0.11922	0.01970	0.27313	0.03327	0.14818	0.01337	0.06913	0.00261	0.10368	0.00864	0.00497	0.00645
6	0.01418	0.00780	0.00925	0.00810	0.01046	0.00763	0.00632	0.07140	0.05665	0.16550	0.26564	0.02850	0.02846	0.00879	0.00567	0.00169	0.00360	0.00738	0.28599	0.00697
7	0.11746	0.00973	0.00930	0.03705	0.01161	0.05957	0.00671	0.07914	0.09057	0.02366	0.10702	0.02151	0.01813	0.00740	0.00492	0.00163	0.00424	0.00584	0.37796	0.00656
8	0.01562	0.01598	0.02284	0.04974	0.63468	0.12126	0.01716	0.01886	0.01390	0.01854	0.01083	0.01410	0.00909	0.00540	0.00578	0.00173	0.00756	0.00506	0.00294	0.00895
9	0.00731	0.00522	0.00695	0.00817	0.00860	0.00487	0.00550	0.00849	0.01179	0.01584	0.09508	0.72369	0.04056	0.01797	0.00750	0.00235	0.00338	0.01628	0.00558	0.00487
10	0.01344	0.01272	0.02031	0.01456	0.02003	0.01091	0.25535	0.05831	0.01375	0.02021	0.01122	0.01364	0.00891	0.00474	0.00536	0.00131	0.00641	0.00480	0.00347	0.50056
11	0.02066	0.10356	0.15171	0.01319	0.01864	0.01614	0.01251	0.38636	0.02114	0.17614	0.01473	0.01456	0.01024	0.00665	0.00564	0.00175	0.00659	0.00504	0.00521	0.00955
12	0.01324	0.01935	0.24125	0.05055	0.08964	0.01403	0.36412	0.01900	0.04685	0.01905	0.01192	0.01490	0.00894	0.00533	0.00625	0.00187	0.00872	0.00580	0.00300	0.05617
13	0.09604	0.15110	0.29523	0.01320	0.01935	0.01551	0.01414	0.17094	0.01608	0.13611	0.01269	0.01324	0.00904	0.00608	0.00524	0.00174	0.00690	0.00450	0.00407	0.00880
14	0.03863	0.00546	0.00702	0.00815	0.00871	0.00519	0.00553	0.00883	0.01174	0.01626	0.09286	0.69553	0.03929	0.01749	0.00735	0.00233	0.00342	0.01578	0.00551	0.00493
15	0.02450	0.01152	0.01441	0.01124	0.01571	0.01108	0.00922	0.15578	0.09900	0.54906	0.02178	0.01928	0.01419	0.00736	0.00595	0.00184	0.00526	0.00592	0.00692	0.00999
16	0.00900	0.00644	0.00826	0.00846	0.00921	0.00676	0.00589	0.05738	0.01108	0.01510	0.02226	0.28828	0.02472	0.24989	0.24403	0.00547	0.00805	0.01050	0.00426	0.00494
17	0.01494	0.01282	0.01350	0.01208	0.01546	0.01482	0.00942	0.05205	0.72359	0.02511	0.02378	0.02183	0.01782	0.00800	0.00601	0.00200	0.00473	0.00665	0.00601	0.00938
18	0.02155	0.02728	0.01684	0.01525	0.01812	0.72387	0.01152	0.02306	0.01630	0.01446	0.00906	0.01080	0.00763	0.00635	0.00617	0.00159	0.05643	0.00389	0.00302	0.00683
19	0.00904	0.00564	0.00652	0.00679	0.00767	0.00561	0.00470	0.01063	0.01106	0.01668	0.02507	0.17572	0.09046	0.19539	0.10551	0.00364	0.00521	0.00914	0.30065	0.00485
20	0.29857	0.00974	0.01086	0.00898	0.01261	0.00964	0.00730	0.02144	0.01455	0.36433	0.16171	0.02127	0.01993	0.00763	0.00537	0.00184	0.00443	0.00595	0.00591	0.00793
21	0.00850	0.00615	0.00855	0.00855	0.00928	0.00687	0.00620	0.00995	0.00922	0.01302	0.01671	0.02806	0.01688	0.27772	0.53823	0.00833	0.01269	0.00704	0.00330	0.00475
22	0.00790	0.00603	0.00725	0.00695	0.00855	0.00538	0.00521	0.01025	0.01563	0.02107	0.51585	0.04852	0.29375	0.01308	0.00698	0.00191	0.00286	0.01130	0.00616	0.00538
23	0.01982	0.09054	0.01837	0.01466	0.01749	0.47176	0.01158	0.10403	0.01614	0.01703	0.00938	0.01141	0.00793	0.00694	0.00798	0.00174	0.15853	0.00419	0.00325	0.00722
24	0.01600	0.01486	0.08071	0.06872	0.04675	0.06199	0.05387	0.21233	0.01692	0.05738	0.01491	0.01706	0.04689	0.00744	0.00680	0.05652	0.00646	0.01582	0.00417	0.19439
25	0.19417	0.06411	0.17309	0.08653	0.08433	0.06475	0.04050	0.13934	0.01509	0.04449	0.02277	0.01386	0.02044	0.00610	0.00527	0.00179	0.00697	0.00469	0.00368	0.00802
26	0.00818	0.00603	0.00772	0.00824	0.00918	0.00583	0.00581	0.01102	0.06873	0.01886	0.28540	0.46821	0.04340	0.01546	0.00723	0.00218	0.00330	0.01389	0.00589	0.00542
27	0.00884	0.00691	0.01025	0.01003	0.01099	0.00832	0.00787	0.01088	0.00947	0.01377	0.01514	0.02234	0.01417	0.04140	0.70366	0.00890	0.08232	0.00624	0.00312	0.00538
28	0.01861	0.02119	0.14258	0.01761	0.13168	0.26847	0.01358	0.11312	0.08551	0.08950	0.01368	0.03415	0.01063	0.00663	0.00571	0.00175	0.00798	0.00513	0.00404	0.00845
29	0.01900	0.01812	0.06008	0.01449	0.04214	0.19709	0.04435	0.25641	0.11532	0.07457	0.05893	0.04346	0.01433	0.00744	0.00594	0.00179	0.00715	0.00591	0.00492	0.00855
30	0.00720	0.00518	0.00682	0.00814	0.00855	0.00481	0.00545	0.00825	0.01142	0.01513	0.03378	0.75643	0.07022	0.01837	0.00752	0.00238	0.00341	0.01662	0.00549	0.00481
31	0.01325	0.01452	0.08453	0.14694	0.45218	0.04737	0.01624	0.01675	0.01315	0.01791	0.01539	0.06238	0.06004	0.00686	0.00599	0.00184	0.00700	0.00627	0.00317	0.00820
32	0.01605	0.01443	0.01957	0.09150	0.22743	0.09551	0.10128	0.08714	0.08165	0.07561	0.01397	0.01750	0.01127	0.07426	0.00801	0.00212	0.00722	0.00571	0.00390	0.04587
33	0.01624	0.01617	0.04414	0.05041	0.07632	0.15053	0.01182	0.17141	0.12778	0.02148	0.01519	0.10244	0.01348	0.00868	0.00840	0.00199	0.14488	0.00649	0.00426	0.00787
34	0.05455	0.01171	0.01344	0.07731	0.01653	0.01246	0.00926	0.31339	0.04801	0.11747	0.08312	0.07522	0.12354	0.00929	0.00617	0.00189	0.00527	0.00759	0.00566	0.00811
35	0.06432	0.01356	0.01638	0.03682	0.25022	0.09622	0.01153	0.08031	0.04232	0.11686	0.01451	0.04590	0.01222	0.07903	0.00784	0.00206	0.00639	0.00569	0.00414	0.09368

[dist]
# distance from previous block
# <min> <max>
12	44

[block]
# block no. 1 follows, 39 sequences, length 39
# corresponding to MSA columns:
# 96-134
name=unknown_B
#
# <colnr> <probs for GDERKNQSTAVLIFYWHMCP>
#	G	D	E	R	K	N	Q	S	T	A	V	L	I	F	Y	W	H	M	C	P
0	0.01280	0.00685	0.00878	0.00819	0.01010	0.00614	0.00604	0.01450	0.01400	0.21834	0.18393	0.24491	0.13275	0.09366	0.00925	0.00242	0.00391	0.01113	0.00600	0.00629
1	0.01214	0.01441	0.14551	0.21544	0.29354	0.01218	0.01641	0.01611	0.01284	0.01773	0.01515	0.04859	0.01400	0.00788	0.00629	0.00202	0.00714	0.13158	0.00331	0.00771
2	0.24053	0.01052	0.01220	0.00994	0.01348	0.01070	0.04010	0.06347	0.01288	0.06833	0.06519	0.01767	0.04101	0.01140	0.10177	0.00261	0.05157	0.00515	0.00412	0.21735
3	0.01482	0.38131	0.11198	0.01314	0.01676	0.07471	0.01257	0.01707	0.01140	0.01463	0.00841	0.01111	0.00764	0.00701	0.00947	0.00181	0.27226	0.00404	0.00258	0.00729
4	0.21512	0.10956	0.16242	0.01070	0.01609	0.05523	0.01047	0.01745	0.01211	0.03925	0.00995	0.01144	0.00788	0.00515	0.00447	0.00142	0.00590	0.00364	0.00330	0.29845
5	0.01545	0.01269	0.01393	0.14407	0.06761	0.14421	0.01049	0.05187	0.06474	0.13527	0.01864	0.17915	0.01708	0.01282	0.08236	0.00269	0.00744	0.00775	0.00451	0.00722
6	0.01234	0.00679	0.00824	0.00761	0.00980	0.00600	0.00579	0.01429	0.01439	0.19536	0.15614	0.15499	0.27618	0.01238	0.00653	0.00193	0.00349	0.01057	0.09085	0.00633
7	0.38919	0.01338	0.02959	0.01294	0.01741	0.01395	0.16027	0.12123	0.06500	0.10539	0.01263	0.01363	0.00917	0.00599	0.00512	0.00187	0.00611	0.00485	0.00438	0.00789
8	0.01586	0.08867	0.07407	0.13917	0.18803	0.08089	0.01381	0.01979	0.06180	0.11197	0.01256	0.01470	0.00971	0.00639	0.00701	0.00180	0.09067	0.00494	0.00358	0.05456
9	0.19566	0.22414	0.07022	0.06414	0.06843	0.20878	0.01117	0.01855	0.01288	0.01768	0.01034	0.05418	0.00923	0.00628	0.00478	0.00164	0.00721	0.00447	0.00311	0.00712
10	0.01336	0.32111	0.48414	0.01430	0.02164	0.01740	0.01740	0.01834	0.01231	0.01690	0.00970	0.01135	0.00753	0.00541	0.00493	0.00164	0.00782	0.00391	0.00251	0.00830
11	0.00710	0.00593	0.00619	0.00626	0.00809	0.00502	0.00464	0.00865	0.01354	0.01645	0.10577	0.11092	0.65107	0.01504	0.00703	0.00202	0.00301	0.01268	0.00556	0.00502
12	0.18954	0.00883	0.01020	0.00866	0.01149	0.00858	0.00657	0.01948	0.01280	0.34993	0.01937	0.06811	0.01629	0.23040	0.01242	0.00297	0.00504	0.00676	0.00538	0.00715
13	0.00745	0.00544	0.00706	0.00827	0.00893	0.00506	0.00584	0.00873	0.01185	0.01551	0.03581	0.61469	0.12634	0.01784	0.00755	0.00239	0.00361	0.09726	0.00548	0.00490
14	0.07611	0.02586	0.01633	0.01457	0.01783	0.64033	0.01107	0.09713	0.01746	0.01764	0.00961	0.01096	0.00779	0.00616	0.00528	0.00157	0.00983	0.00393	0.00339	0.00716
15	0.07029	0.01294	0.01460	0.14293	0.01986	0.01480	0.01062	0.22066	0.33188	0.02618	0.01997	0.01993	0.05427	0.00763	0.00587	0.00192	0.00563	0.00616	0.00522	0.00864
16	0.01037	0.00545	0.00574	0.00598	0.00718	0.00539	0.00437	0.01283	0.01222	0.02086	0.02157	0.15318	0.01926	0.00888	0.00472	0.00155	0.00287	0.00745	0.68475	0.00539
17	0.01552	0.01244	0.02114	0.01632	0.01953	0.01340	0.24636	0.01826	0.01293	0.17942	0.01896	0.02091	0.10133	0.00850	0.01087	0.00215	0.26343	0.00683	0.00411	0.00757
18	0.01117	0.01051	0.01774	0.77795	0.04073	0.01314	0.01642	0.01511	0.01182	0.01511	0.01051	0.01577	0.00788	0.00591	0.00591	0.00197	0.00788	0.00526	0.00263	0.00657
19	0.01293	0.06138	0.43604	0.01888	0.02617	0.01467	0.25618	0.01959	0.06163	0.01897	0.01184	0.01413	0.00869	0.00554	0.00601	0.00189	0.00876	0.00533	0.00290	0.00847
20	0.01191	0.00849	0.00967	0.00901	0.01042	0.00885	0.00632	0.20669	0.01477	0.01975	0.02220	0.28865	0.02441	0.31325	0.01579	0.00351	0.00516	0.01052	0.00487	0.00577
21	0.01818	0.01050	0.01227	0.01015	0.01364	0.01037	0.00811	0.21766	0.05354	0.26945	0.03027	0.11396	0.18549	0.01032	0.00636	0.00193	0.00478	0.00854	0.00624	0.00827
22	0.01472	0.01306	0.01926	0.40605	0.24196	0.05632	0.01571	0.08330	0.01434	0.06183	0.01170	0.01526	0.00889	0.00593	0.00587	0.00186	0.00750	0.00522	0.00331	0.00792
23	0.00927	0.00629	0.00728	0.00707	0.00896	0.00545	0.00528	0.01103	0.01414	0.09280	0.18650	0.16080	0.43516	0.01417	0.00696	0.00201	0.00323	0.01212	0.00587	0.00559
24	0.01623	0.01818	0.15424	0.02021	0.02631	0.01501	0.41246	0.16768	0.01677	0.07394	0.01298	0.01529	0.00934	0.00569	0.00646	0.00192	0.00870	0.00612	0.00381	0.00868
25	0.00908	0.00667	0.00817	0.00839	0.00962	0.00646	0.00602	0.08750	0.01453	0.01947	0.19016	0.45937	0.12109	0.01549	0.00718	0.00217	0.00357	0.01375	0.00576	0.00556
26	0.37935	0.01202	0.01564	0.20517	0.24842	0.01348	0.01249	0.01706	0.01155	0.02151	0.00968	0.01267	0.00768	0.00553	0.00489	0.00184	0.00614	0.00434	0.00318	0.00736
27	0.01269	0.19096	0.60841	0.01544	0.02341	0.01576	0.01939	0.01851	0.01239	0.01772	0.01011	0.01186	0.00751	0.00550	0.00524	0.00175	0.00823	0.00412	0.00250	0.00850
28	0.01496	0.01381	0.11056	0.11960	0.05031	0.01262	0.01184	0.10374	0.24261	0.10155	0.08204	0.06454	0.01807	0.00806	0.00607	0.00193	0.00573	0.00681	0.01675	0.00840
29	0.00780	0.00592	0.00718	0.00708	0.00854	0.00530	0.00523	0.00997	0.01507	0.02025	0.44811	0.13658	0.27393	0.01377	0.00705	0.00197	0.00293	0.01199	0.00607	0.00530
30	0.01475	0.02012	0.27280	0.01630	0.04030	0.06189	0.10146	0.06198	0.16499	0.05725	0.03778	0.01636	0.01198	0.00693	0.00736	0.00196	0.08785	0.00557	0.00390	0.00848
31	0.00753	0.00581	0.00687	0.00703	0.00843	0.00516	0.00511	0.00938	0.01414	0.01852	0.29977	0.22267	0.33875	0.01478	0.00711	0.00204	0.00302	0.01285	0.00585	0.00516
32	0.01796	0.01966	0.09797	0.17585	0.06672	0.22400	0.01382	0.22819	0.05942	0.02255	0.01202	0.01383	0.00906	0.00636	0.00572	0.00177	0.00812	0.00486	0.00389	0.00822
33	0.01108	0.00787	0.00953	0.05065	0.01243	0.00670	0.00654	0.01318	0.01350	0.10358	0.09667	0.11598	0.28279	0.01080	0.00615	0.00170	0.00391	0.00916	0.00508	0.23267
34	0.01057	0.01040	0.13776	0.00930	0.01177	0.00710	0.00820	0.01285	0.01262	0.09690	0.14667	0.23723	0.08208	0.17591	0.01163	0.00283	0.00486	0.01044	0.00494	0.00594
35	0.01655	0.23502	0.05273	0.01191	0.01639	0.03577	0.06309	0.15669	0.06264	0.09749	0.09534	0.01911	0.05069	0.00711	0.00545	0.00163	0.00596	0.00572	0.00457	0.05613
36	0.10220	0.09371	0.06361	0.07455	0.16462	0.01313	0.01151	0.09082	0.06436	0.02072	0.01504	0.13863	0.01404	0.00776	0.00552	0.00176	0.00576	0.00654	0.00392	0.10181
37	0.11700	0.01919	0.31299	0.01342	0.01894	0.04546	0.08690	0.01647	0.01182	0.01840	0.01174	0.01684	0.01010	0.13998	0.00949	0.00237	0.00724	0.00505	0.00306	0.13352
38	0.15345	0.01548	0.01553	0.10886	0.01944	0.16862	0.06025	0.14978	0.09205	0.05938	0.03790	0.06657	0.01306	0.00736	0.00565	0.00184	0.00687	0.00587	0.00441	0.00764

[dist]
# distance from previous block
# <min> <max>
2	14

[block]
# block no. 2 follows, 39 sequences, length 17
# corresponding to MSA columns:
# 149-165
name=unknown_C
#
# <colnr> <probs for GDERKNQSTAVLIFYWHMCP>
#	G	D	E	R	K	N	Q	S	T	A	V	L	I	F	Y	W	H	M	C	P
0	0.01327	0.01099	0.06222	0.04902	0.01660	0.00867	0.09446	0.01617	0.01360	0.13932	0.06891	0.08935	0.12243	0.00832	0.00591	0.00164	0.00522	0.00735	0.00461	0.26194
1	0.01817	0.00825	0.01052	0.00878	0.01210	0.00711	0.00699	0.02013	0.01542	0.43874	0.06502	0.08613	0.25589	0.01075	0.00644	0.00192	0.00417	0.00900	0.00657	0.00789
2	0.42630	0.30636	0.06517	0.00940	0.01396	0.01681	0.00892	0.01828	0.01137	0.06574	0.00930	0.01038	0.00742	0.00545	0.00397	0.00162	0.00552	0.00343	0.00338	0.00722
3	0.01625	0.01314	0.01454	0.16213	0.02002	0.07790	0.01057	0.23894	0.11523	0.06933	0.10594	0.05334	0.06015	0.00843	0.00613	0.00187	0.00603	0.00692	0.00515	0.00797
4	0.00750	0.00594	0.00683	0.00733	0.00883	0.00526	0.00556	0.00914	0.01315	0.01636	0.07687	0.21984	0.45231	0.01587	0.00730	0.00220	0.00348	0.12567	0.00552	0.00505
5	0.01317	0.19885	0.04401	0.05860	0.01730	0.06143	0.12470	0.01593	0.01400	0.06472	0.17841	0.10238	0.06498	0.00883	0.00600	0.00179	0.00602	0.00775	0.00429	0.00686
6	0.00777	0.00561	0.00682	0.00726	0.00796	0.00523	0.00484	0.00893	0.01195	0.01590	0.17086	0.33207	0.14563	0.22612	0.01346	0.00314	0.00387	0.01276	0.00517	0.00465
7	0.01277	0.02705	0.59173	0.01746	0.02510	0.01441	0.09802	0.05973	0.01331	0.01953	0.01078	0.01299	0.00782	0.00594	0.00667	0.00193	0.05866	0.00476	0.00275	0.00859
8	0.00951	0.00630	0.00808	0.00753	0.00919	0.00572	0.00568	0.01206	0.01621	0.07652	0.59730	0.06919	0.12962	0.01228	0.00692	0.00189	0.00300	0.01075	0.00642	0.00582
9	0.02007	0.08708	0.09500	0.01385	0.01855	0.17372	0.01212	0.39221	0.08356	0.02755	0.01310	0.01355	0.00975	0.00664	0.00559	0.00171	0.00743	0.00484	0.00469	0.00899
10	0.00969	0.00758	0.00941	0.00958	0.01079	0.00823	0.00711	0.01451	0.17295	0.01756	0.08022	0.30260	0.02921	0.08642	0.10726	0.00351	0.04073	0.07160	0.00508	0.00595
11	0.00857	0.00587	0.00712	0.00712	0.00736	0.00610	0.00442	0.00903	0.00880	0.01197	0.01802	0.03529	0.02002	0.62736	0.19288	0.00656	0.00796	0.00810	0.00349	0.00396
12	0.00982	0.00808	0.01162	0.07719	0.14435	0.00808	0.00886	0.01328	0.05660	0.02046	0.36217	0.15489	0.07860	0.01132	0.00672	0.00195	0.00419	0.01013	0.00530	0.00640
13	0.09951	0.01424	0.08289	0.02465	0.42242	0.01240	0.01450	0.01849	0.01313	0.08500	0.01175	0.01400	0.00926	0.00535	0.00536	0.00163	0.00629	0.00473	0.00345	0.15096
14	0.01460	0.01234	0.01675	0.01241	0.01726	0.01132	0.13364	0.15974	0.05190	0.02331	0.01292	0.01461	0.01006	0.00542	0.00520	0.00135	0.00565	0.00480	0.07464	0.41208
15	0.01746	0.23014	0.11019	0.01572	0.10138	0.09970	0.04025	0.19569	0.01721	0.05225	0.05628	0.01450	0.01166	0.00628	0.00534	0.00163	0.00708	0.00487	0.00392	0.00845
16	0.01472	0.01541	0.09725	0.23080	0.28221	0.01462	0.09063	0.14398	0.01550	0.02124	0.01153	0.01478	0.00885	0.00577	0.00597	0.00185	0.00765	0.00536	0.00334	0.00852

[dist]
# distance from previous block
# <min> <max>
1	15

[block]
# block no. 3 follows, 39 sequences, length 32
# corresponding to MSA columns:
# 181-212
name=unknown_D
#
# <colnr> <probs for GDERKNQSTAVLIFYWHMCP>
#	G	D	E	R	K	N	Q	S	T	A	V	L	I	F	Y	W	H	M	C	P
0	0.00806	0.00668	0.00789	0.00780	0.00935	0.00630	0.00578	0.00955	0.01248	0.01620	0.07605	0.28222	0.36760	0.01470	0.00799	0.00208	0.06825	0.01242	0.00513	0.07349
1	0.01174	0.01476	0.25075	0.01098	0.01497	0.00913	0.01109	0.06418	0.01382	0.08080	0.08568	0.18094	0.10207	0.07547	0.00829	0.00228	0.00554	0.00892	0.04168	0.00689
2	0.00809	0.00577	0.00734	0.00806	0.00910	0.00540	0.00601	0.00995	0.01318	0.01785	0.17510	0.35275	0.14364	0.01557	0.00724	0.00223	0.00357	0.14293	0.06107	0.00515
3	0.02754	0.20758	0.20587	0.01862	0.16956	0.07977	0.03072	0.01908	0.06199	0.01733	0.01058	0.01278	0.00867	0.00616	0.00687	0.00177	0.09953	0.00451	0.00292	0.00815
4	0.12445	0.35460	0.10133	0.04785	0.01533	0.01631	0.00985	0.01674	0.06062	0.01645	0.01177	0.01688	0.01094	0.16407	0.00953	0.00239	0.00620	0.00474	0.00313	0.00682
5	0.01343	0.35671	0.29545	0.01326	0.01934	0.03640	0.06274	0.01730	0.01260	0.01626	0.01504	0.01625	0.08942	0.00637	0.00507	0.00162	0.00720	0.00490	0.00289	0.00773
6	0.01340	0.13816	0.06998	0.08535	0.23446	0.04808	0.02230	0.04126	0.01385	0.01860	0.13325	0.02070	0.04495	0.00749	0.00690	0.00181	0.07109	0.01716	0.00361	0.00760
7	0.00738	0.00541	0.00672	0.00759	0.00825	0.00498	0.00511	0.00848	0.01171	0.01533	0.07517	0.53342	0.16704	0.10242	0.00989	0.00266	0.00357	0.01480	0.00534	0.00475
8	0.01077	0.04420	0.55753	0.01402	0.02101	0.01184	0.01729	0.01619	0.01272	0.01793	0.02264	0.02330	0.19025	0.00790	0.00591	0.00189	0.00727	0.00633	0.00323	0.00779
9	0.05826	0.08798	0.27203	0.01243	0.01822	0.02473	0.04018	0.01755	0.02379	0.06899	0.04553	0.01838	0.04254	0.00653	0.00535	0.00161	0.00636	0.03685	0.00364	0.20905
10	0.15763	0.08590	0.10286	0.09473	0.01704	0.01116	0.05852	0.01524	0.01291	0.05867	0.17885	0.08411	0.03466	0.05484	0.00717	0.00209	0.00554	0.00720	0.00426	0.00661
11	0.00840	0.00576	0.00686	0.00705	0.00771	0.00553	0.00469	0.00958	0.01160	0.01592	0.17295	0.16089	0.09491	0.35356	0.01702	0.00366	0.00432	0.04482	0.06025	0.00452
12	0.01160	0.01075	0.01756	0.28343	0.32717	0.01149	0.01434	0.01470	0.01261	0.01694	0.01917	0.12447	0.09446	0.00835	0.00623	0.00194	0.00639	0.00762	0.00345	0.00731
13	0.01597	0.01735	0.16474	0.05932	0.22257	0.01453	0.11293	0.14363	0.09841	0.07089	0.01389	0.01558	0.01032	0.00609	0.00600	0.00186	0.00731	0.00554	0.00399	0.00908
14	0.01545	0.01274	0.01576	0.01318	0.01611	0.07766	0.09725	0.18525	0.07454	0.07497	0.01784	0.13818	0.01618	0.03427	0.13656	0.00335	0.05100	0.00759	0.00465	0.00749
15	0.00802	0.00561	0.00669	0.00722	0.00758	0.00540	0.00458	0.00863	0.01019	0.01339	0.02769	0.29709	0.09396	0.42328	0.01934	0.00412	0.00469	0.04382	0.00449	0.00421
16	0.01189	0.01192	0.04750	0.11361	0.01556	0.14252	0.00871	0.04612	0.01367	0.01744	0.02561	0.23282	0.13377	0.01100	0.00612	0.00190	0.00554	0.00928	0.13904	0.00598
17	0.26864	0.02033	0.07599	0.07745	0.01822	0.35285	0.01102	0.01964	0.01330	0.01843	0.00908	0.01127	0.00735	0.00652	0.00608	0.02999	0.04012	0.00389	0.00312	0.00669
18	0.01341	0.01432	0.02581	0.01984	0.02258	0.01666	0.34359	0.01639	0.01130	0.01639	0.00969	0.01432	0.00832	0.00789	0.01371	0.00232	0.42752	0.00600	0.00277	0.00716
19	0.00856	0.00703	0.00762	0.00734	0.00895	0.03990	0.00549	0.01070	0.01511	0.01981	0.41920	0.04751	0.29429	0.05148	0.00808	0.00211	0.00344	0.03222	0.00582	0.00533
20	0.00771	0.00542	0.00692	0.00769	0.00811	0.00514	0.00505	0.00875	0.01147	0.01550	0.13512	0.50050	0.03738	0.20165	0.01283	0.00311	0.00388	0.01396	0.00519	0.00463
21	0.01500	0.01239	0.01443	0.01262	0.01508	0.01495	0.01009	0.04986	0.44383	0.06473	0.01906	0.01923	0.01467	0.00852	0.00952	0.00211	0.21370	0.00613	0.04562	0.00846
22	0.01245	0.01280	0.04730	0.02032	0.21829	0.04804	0.16014	0.01710	0.09372	0.01902	0.08766	0.19704	0.02135	0.00928	0.00657	0.00198	0.00638	0.00885	0.00420	0.00752
23	0.42673	0.01289	0.01444	0.01190	0.01545	0.01483	0.08799	0.10026	0.12733	0.02517	0.01174	0.01317	0.00908	0.00659	0.00652	0.00196	0.09777	0.00464	0.00408	0.00746
24	0.01396	0.01595	0.03490	0.02493	0.03091	0.01496	0.73380	0.01894	0.01396	0.01894	0.01196	0.01595	0.00897	0.00499	0.00698	0.00199	0.00997	0.00698	0.00299	0.00798
25	0.03762	0.01019	0.01198	0.01275	0.11241	0.01059	0.00853	0.15860	0.12337	0.02282	0.03006	0.11267	0.21693	0.01031	0.00614	0.00189	0.00456	0.00868	0.09259	0.00731
26	0.00768	0.00578	0.00714	0.00747	0.00868	0.00523	0.00544	0.00956	0.01400	0.01863	0.30547	0.28784	0.23345	0.01511	0.00722	0.00211	0.00317	0.04499	0.00586	0.00517
27	0.02167	0.01108	0.01383	0.01041	0.01521	0.00975	0.00853	0.12034	0.01699	0.43767	0.01822	0.01695	0.01224	0.00640	0.00547	0.00153	0.00503	0.00512	0.00598	0.25759
28	0.00816	0.00615	0.00828	0.08080	0.01169	0.00629	0.00660	0.00965	0.01120	0.01480	0.05048	0.32464	0.11156	0.15725	0.11446	0.00387	0.00601	0.05859	0.00459	0.00491
29	0.01146	0.01007	0.01619	0.08266	0.36504	0.01034	0.01248	0.01395	0.01191	0.01657	0.01688	0.14448	0.01727	0.11878	0.09321	0.00331	0.00725	0.03759	0.00353	0.00702
30	0.00951	0.00733	0.01064	0.00987	0.01108	0.00789	0.06705	0.01141	0.01105	0.01617	0.02272	0.21724	0.07014	0.08133	0.17096	0.00393	0.09197	0.00933	0.16498	0.00541
31	0.14735	0.13941	0.11224	0.01864	0.19813	0.20330	0.01347	0.01913	0.01310	0.01802	0.00943	0.01167	0.00784	0.00586	0.00594	0.00171	0.05998	0.00413	0.00294	0.00772

[dist]
# distance from previous block
# <min> <max>
0	2

[block]
# block no. 4 follows, 39 sequences, length 15
# corresponding to MSA columns:
# 215-229
name=unknown_E
#
# <colnr> <probs for GDERKNQSTAVLIFYWHMCP>
#	G	D	E	R	K	N	Q	S	T	A	V	L	I	F	Y	W	H	M	C	P
0	0.12955	0.35872	0.02346	0.12212	0.16343	0.08218	0.01216	0.01789	0.01241	0.01695	0.00919	0.01149	0.00782	0.00537	0.00460	0.00156	0.00680	0.00393	0.00282	0.00757
1	0.00983	0.01093	0.09002	0.01180	0.01498	0.00883	0.13885	0.01430	0.09631	0.01854	0.11899	0.17508	0.24389	0.01174	0.00684	0.00204	0.00509	0.01059	0.00491	0.00645
2	0.01247	0.00960	0.01516	0.01295	0.01563	0.00945	0.16800	0.01758	0.15552	0.10656	0.02526	0.37623	0.02541	0.01214	0.00693	0.00217	0.00531	0.01136	0.00526	0.00702
3	0.00739	0.00536	0.00685	0.00795	0.00850	0.00499	0.00540	0.00847	0.01146	0.01503	0.03459	0.61205	0.12002	0.07950	0.00930	0.00263	0.00365	0.04675	0.00534	0.00476
4	0.01268	0.01187	0.01994	0.22202	0.46546	0.01249	0.01589	0.01595	0.01274	0.01764	0.01404	0.12580	0.01325	0.00733	0.00611	0.00190	0.00673	0.00692	0.00322	0.00800
5	0.00865	0.00542	0.00668	0.00761	0.00838	0.00522	0.00543	0.01039	0.01188	0.01757	0.02820	0.47485	0.03095	0.01459	0.00651	0.00210	0.00340	0.07855	0.26852	0.00509
6	0.01186	0.01024	0.01293	0.15469	0.06685	0.01138	0.00993	0.02071	0.32575	0.02142	0.17908	0.02888	0.10352	0.00907	0.00630	0.00195	0.00485	0.00781	0.00523	0.00756
7	0.00810	0.00603	0.00753	0.00716	0.00867	0.00547	0.00537	0.01064	0.01611	0.02222	0.61811	0.04664	0.19078	0.01265	0.00698	0.00189	0.00283	0.01104	0.00631	0.00547
8	0.01432	0.01294	0.01908	0.02573	0.44649	0.01346	0.01411	0.06764	0.18781	0.02137	0.01850	0.05894	0.05865	0.00732	0.00605	0.00186	0.00600	0.00665	0.00415	0.00891
9	0.10453	0.31830	0.11210	0.01571	0.10933	0.10365	0.04985	0.05229	0.01327	0.01797	0.00943	0.01136	0.00787	0.00568	0.00549	0.00162	0.04674	0.00405	0.00294	0.00782
10	0.00768	0.00590	0.00713	0.00786	0.00916	0.00536	0.00597	0.00934	0.01294	0.01637	0.07158	0.29366	0.33698	0.01631	0.00743	0.00228	0.00367	0.16980	0.00552	0.00505
11	0.01203	0.01065	0.05193	0.01781	0.24996	0.00973	0.01070	0.04508	0.05798	0.05519	0.02424	0.21724	0.10060	0.09895	0.00915	0.00242	0.00535	0.00942	0.00444	0.00712
12	0.01735	0.01262	0.01417	0.01099	0.01558	0.01238	0.00887	0.24044	0.15309	0.10953	0.01672	0.01657	0.02844	0.00646	0.00539	0.00149	0.00513	0.00513	0.00519	0.31445
13	0.01702	0.01306	0.08751	0.01083	0.01414	0.09467	0.00913	0.05371	0.05982	0.25630	0.08915	0.13268	0.02130	0.10266	0.00905	0.00236	0.00574	0.00788	0.00542	0.00758
14	0.05557	0.14809	0.22791	0.06331	0.05708	0.01566	0.14826	0.12345	0.01510	0.02123	0.05994	0.01514	0.01141	0.00605	0.00563	0.00178	0.00750	0.00525	0.00345	0.00817

[dist]
# distance from previous block
# <min> <max>
3	53

[block]
# block no. 5 follows, 39 sequences, length 14
# corresponding to MSA columns:
# 283-296
name=unknown_F
#
# <colnr> <probs for GDERKNQSTAVLIFYWHMCP>
#	G	D	E	R	K	N	Q	S	T	A	V	L	I	F	Y	W	H	M	C	P
0	0.05853	0.07188	0.04789	0.04001	0.05954	0.05740	0.00970	0.14257	0.04652	0.06503	0.03864	0.09295	0.04868	0.06934	0.04630	0.00248	0.01885	0.01726	0.00442	0.06201
1	0.09978	0.12601	0.07694	0.07995	0.01890	0.18647	0.01123	0.14954	0.02766	0.05152	0.01215	0.01337	0.02468	0.00611	0.00510	0.00159	0.00715	0.00440	0.00380	0.09365
2	0.01083	0.00901	0.02380	0.10503	0.11156	0.02438	0.00951	0.01414	0.06355	0.04709	0.09780	0.16534	0.09574	0.07237	0.05435	0.00280	0.00583	0.07587	0.00464	0.00634
3	0.04275	0.02501	0.01254	0.01118	0.01320	0.09591	0.03657	0.15400	0.01534	0.02031	0.06521	0.34560	0.02483	0.01425	0.05019	0.00250	0.04893	0.01037	0.00485	0.00646
4	0.03601	0.10294	0.21570	0.01421	0.04486	0.01355	0.04392	0.14615	0.04509	0.02156	0.01775	0.07248	0.01666	0.00918	0.00622	0.00203	0.00669	0.17301	0.00420	0.00779
5	0.01166	0.01068	0.01710	0.34063	0.20363	0.01249	0.01394	0.01449	0.01126	0.01541	0.01187	0.01892	0.01065	0.11914	0.06847	0.00309	0.10118	0.00580	0.00287	0.00672
6	0.45882	0.00989	0.00958	0.00837	0.01156	0.01049	0.00658	0.01856	0.01177	0.21392	0.01535	0.07819	0.01298	0.10181	0.00775	0.00235	0.00474	0.00565	0.00475	0.00689
7	0.01014	0.00978	0.05707	0.11752	0.01702	0.00878	0.08736	0.06961	0.01378	0.01816	0.03196	0.22608	0.24048	0.01190	0.00666	0.00204	0.00516	0.01054	0.04984	0.00615
8	0.00738	0.00544	0.00691	0.00773	0.00853	0.00497	0.00535	0.00880	0.01265	0.01679	0.16694	0.53630	0.15690	0.01679	0.00735	0.00224	0.00325	0.01501	0.00567	0.00497
9	0.09823	0.00982	0.01082	0.00943	0.01186	0.01044	0.02615	0.11726	0.16706	0.05444	0.06285	0.02982	0.10696	0.24427	0.01319	0.00306	0.00509	0.00760	0.00497	0.00668
10	0.01535	0.17722	0.41789	0.01587	0.06129	0.11762	0.01689	0.01997	0.01338	0.07655	0.01099	0.01238	0.00820	0.00569	0.00526	0.00170	0.00814	0.00423	0.00299	0.00840
11	0.06916	0.07815	0.05890	0.01657	0.10858	0.29751	0.01236	0.24708	0.01887	0.02320	0.01094	0.01222	0.00852	0.00617	0.00538	0.00165	0.00811	0.00441	0.00391	0.00831
12	0.01549	0.01309	0.01381	0.01219	0.01568	0.01508	0.00955	0.10251	0.67223	0.02600	0.02307	0.02127	0.01725	0.00793	0.00601	0.00198	0.00486	0.00655	0.00601	0.00943
13	0.01432	0.02234	0.33248	0.01947	0.13557	0.09959	0.09506	0.07744	0.01475	0.02010	0.07023	0.01568	0.01205	0.00638	0.00646	0.00185	0.03930	0.00535	0.00329	0.00830

[dist]
# distance from previous block
# <min> <max>
8	22

[block]
# block no. 6 follows, 39 sequences, length 137
# corresponding to MSA columns:
# 342-452,494-519
name=unknown_G
#
# <colnr> <probs for GDERKNQSTAVLIFYWHMCP>
#	G	D	E	R	K	N	Q	S	T	A	V	L	I	F	Y	W	H	M	C	P
0	0.08276	0.06584	0.02137	0.02278	0.31152	0.09373	0.09484	0.06021	0.04166	0.08230	0.01223	0.01419	0.00955	0.00565	0.00554	0.00170	0.00706	0.00501	0.00367	0.05838
1	0.01555	0.01301	0.02165	0.10755	0.22090	0.01271	0.17593	0.08570	0.01510	0.10382	0.04607	0.01663	0.01177	0.00586	0.00598	0.00173	0.00696	0.00573	0.00392	0.12343
2	0.13396	0.01996	0.01421	0.01250	0.01593	0.39844	0.00957	0.06848	0.07668	0.01926	0.01211	0.05561	0.01041	0.00669	0.00518	0.00158	0.00773	0.00475	0.00377	0.12316
3	0.00759	0.00665	0.00847	0.00791	0.00994	0.00576	0.06346	0.00929	0.01314	0.01606	0.05124	0.18237	0.56726	0.01480	0.00709	0.00207	0.00363	0.01280	0.00529	0.00520
4	0.00768	0.00578	0.00655	0.00673	0.00778	0.00525	0.00457	0.00885	0.01218	0.01564	0.14118	0.18029	0.32044	0.23492	0.01362	0.00311	0.00382	0.01190	0.00510	0.00464
5	0.08095	0.01302	0.02005	0.09065	0.46506	0.01369	0.01513	0.01928	0.07420	0.06462	0.01246	0.01512	0.00994	0.00596	0.00642	0.00183	0.05000	0.00520	0.00348	0.03296
6	0.01603	0.01536	0.01461	0.01189	0.01551	0.16641	0.00946	0.15663	0.04871	0.02106	0.01515	0.01645	0.06904	0.00711	0.00726	0.00156	0.11481	0.00502	0.00402	0.28390
7	0.02059	0.15895	0.01910	0.01399	0.01725	0.51464	0.01111	0.02222	0.01530	0.07440	0.01001	0.01141	0.00819	0.00637	0.00630	0.00159	0.07412	0.00398	0.00326	0.00721
8	0.00972	0.00661	0.00736	0.00703	0.00741	0.00675	0.00420	0.06720	0.01015	0.01355	0.01828	0.03672	0.02058	0.72888	0.02815	0.00541	0.00580	0.00834	0.00377	0.00411
9	0.02071	0.02270	0.01742	0.01719	0.11423	0.46655	0.01194	0.18278	0.01862	0.02058	0.01099	0.01249	0.00873	0.00625	0.00548	0.00160	0.00890	0.00442	0.04056	0.00785
10	0.00860	0.00573	0.00645	0.00645	0.00645	0.00573	0.00358	0.00860	0.00860	0.01147	0.01863	0.03870	0.02150	0.79217	0.03010	0.00573	0.00573	0.00860	0.00358	0.00358
11	0.01242	0.02613	0.55289	0.01819	0.08536	0.05551	0.06283	0.01812	0.01280	0.01826	0.01243	0.07531	0.01029	0.00662	0.00586	0.00189	0.00835	0.00558	0.00284	0.00832
12	0.01258	0.13677	0.61444	0.01709	0.06841	0.01511	0.01998	0.01855	0.01248	0.01809	0.01031	0.01220	0.00762	0.00552	0.00538	0.00178	0.00830	0.00426	0.00253	0.00862
13	0.00733	0.00537	0.00691	0.00809	0.00873	0.00496	0.00561	0.00853	0.01177	0.01539	0.03634	0.63900	0.13877	0.01789	0.00751	0.00237	0.00350	0.06157	0.00549	0.00487
14	0.83394	0.01144	0.00869	0.00778	0.01144	0.01327	0.00640	0.01738	0.01006	0.02653	0.00823	0.00961	0.00640	0.00549	0.00366	0.00183	0.00457	0.00320	0.00366	0.00640
15	0.00699	0.00599	0.00599	0.00599	0.00799	0.00499	0.00449	0.00849	0.01348	0.01598	0.05991	0.05691	0.75288	0.01498	0.00699	0.00200	0.00300	0.01248	0.00549	0.00499
16	0.83394	0.01144	0.00869	0.00778	0.01144	0.01327	0.00640	0.01738	0.01006	0.02653	0.00823	0.00961	0.00640	0.00549	0.00366	0.00183	0.00457	0.00320	0.00366	0.00640
17	0.51273	0.01089	0.01069	0.00887	0.01289	0.01145	0.00731	0.02193	0.01279	0.31807	0.01424	0.01379	0.00968	0.00622	0.00457	0.00183	0.00476	0.00429	0.00512	0.00786
18	0.00721	0.00515	0.00686	0.00823	0.00858	0.00480	0.00549	0.00823	0.01132	0.01510	0.03259	0.78831	0.03911	0.01853	0.00755	0.00240	0.00343	0.01681	0.00549	0.00480
19	0.01603	0.66827	0.08866	0.01110	0.01628	0.08647	0.01118	0.01830	0.01246	0.01435	0.00849	0.00983	0.00758	0.00519	0.00407	0.00134	0.00689	0.00331	0.00257	0.00762
20	0.01467	0.13150	0.34507	0.06552	0.16529	0.11006	0.01739	0.05104	0.01379	0.01825	0.01035	0.01253	0.00802	0.00562	0.00541	0.00172	0.00816	0.00440	0.00282	0.00839
21	0.01199	0.02970	0.71744	0.01735	0.02592	0.01381	0.06505	0.01874	0.01257	0.01874	0.01069	0.01270	0.00758	0.00558	0.00570	0.00188	0.00881	0.00453	0.00253	0.00869
22	0.00860	0.00573	0.00645	0.00645	0.00645	0.00573	0.00358	0.00860	0.00860	0.01147	0.01863	0.03870	0.02150	0.79217	0.03010	0.00573	0.00573	0.00860	0.00358	0.00358
23	0.01928	0.04988	0.02037	0.02377	0.37006	0.07721	0.01395	0.14583	0.01693	0.18376	0.01403	0.01520	0.01041	0.00610	0.00575	0.00173	0.00677	0.00521	0.00440	0.00935
24	0.01343	0.13829	0.16236	0.01167	0.01606	0.01394	0.01113	0.02269	0.32453	0.04542	0.10413	0.02320	0.07251	0.00803	0.00577	0.00184	0.00541	0.00653	0.00483	0.00823
25	0.00699	0.00599	0.00599	0.00599	0.00799	0.00499	0.00449	0.00849	0.01348	0.01598	0.05991	0.05691	0.75288	0.01498	0.00699	0.00200	0.00300	0.01248	0.00549	0.00499
26	0.00849	0.00569	0.00648	0.00659	0.00662	0.00566	0.00374	0.00857	0.00882	0.01176	0.01976	0.09912	0.02292	0.72981	0.02828	0.00546	0.00555	0.00926	0.00374	0.00368
27	0.01117	0.01051	0.01774	0.77795	0.04073	0.01314	0.01642	0.01511	0.01182	0.01511	0.01051	0.01577	0.00788	0.00591	0.00591	0.00197	0.00788	0.00526	0.00263	0.00657
28	0.01117	0.01051	0.01774	0.77795	0.04073	0.01314	0.01642	0.01511	0.01182	0.01511	0.01051	0.01577	0.00788	0.00591	0.00591	0.00197	0.00788	0.00526	0.00263	0.00657
29	0.02037	0.01079	0.01311	0.01088	0.01470	0.01083	0.00871	0.02843	0.30639	0.40782	0.08237	0.02284	0.01931	0.00798	0.00606	0.00190	0.00471	0.00662	0.00674	0.00942
30	0.00860	0.00573	0.00645	0.00645	0.00645	0.00573	0.00358	0.00860	0.00860	0.01147	0.01863	0.03870	0.02150	0.79217	0.03010	0.00573	0.00573	0.00860	0.00358	0.00358
31	0.02487	0.01016	0.01345	0.01041	0.01479	0.00902	0.00857	0.07027	0.01743	0.66047	0.04594	0.02213	0.04871	0.00779	0.00602	0.00183	0.00496	0.00634	0.00713	0.00970
32	0.02248	0.01656	0.01775	0.01361	0.01834	0.01834	0.01124	0.73556	0.02780	0.03727	0.01420	0.01420	0.01006	0.00710	0.00592	0.00177	0.00651	0.00532	0.00592	0.01006
33	0.01117	0.01051	0.01774	0.77795	0.04073	0.01314	0.01642	0.01511	0.01182	0.01511	0.01051	0.01577	0.00788	0.00591	0.00591	0.00197	0.00788	0.00526	0.00263	0.00657
34	0.00782	0.00637	0.00699	0.00695	0.00883	0.00569	0.00534	0.01036	0.04695	0.01806	0.19497	0.05358	0.52201	0.01420	0.00704	0.00203	0.00323	0.06853	0.00572	0.00534
35	0.00817	0.00609	0.00827	0.00838	0.00933	0.00656	0.00617	0.00974	0.01005	0.01376	0.02385	0.09231	0.12131	0.16823	0.47219	0.00722	0.01128	0.00844	0.00375	0.00491
36	0.01226	0.01051	0.01226	0.00876	0.01401	0.00788	0.00701	0.01489	0.01226	0.01927	0.01051	0.01226	0.00876	0.00438	0.00438	0.00088	0.00438	0.00350	0.00350	0.82832
37	0.01591	0.01747	0.01496	0.07382	0.01815	0.31095	0.03233	0.01821	0.01403	0.01683	0.01100	0.04685	0.00960	0.00584	0.00511	0.00133	0.00730	0.00447	0.00332	0.37251
38	0.07846	0.01255	0.13419	0.01333	0.07663	0.01049	0.01112	0.03650	0.01194	0.07984	0.03495	0.01983	0.01331	0.02189	0.30999	0.00491	0.05713	0.02545	0.00364	0.04384
39	0.00718	0.00570	0.00646	0.00690	0.00827	0.00498	0.00494	0.00863	0.01300	0.01633	0.10971	0.31235	0.44273	0.01597	0.00718	0.00213	0.00313	0.01385	0.00558	0.00498
40	0.00889	0.00604	0.00726	0.00740	0.00892	0.00533	0.00537	0.01052	0.01360	0.07699	0.17270	0.30590	0.31913	0.01507	0.00710	0.00210	0.00327	0.01314	0.00582	0.00544
41	0.01561	0.01558	0.06847	0.06385	0.49583	0.05604	0.09821	0.01931	0.01385	0.07843	0.01203	0.01493	0.00947	0.00550	0.00595	0.00179	0.00755	0.00538	0.00326	0.00896
42	0.01299	0.02270	0.36980	0.02121	0.02846	0.01439	0.40566	0.01884	0.01328	0.01884	0.01134	0.01435	0.00829	0.00528	0.00635	0.00194	0.00940	0.00578	0.00276	0.00833
43	0.00747	0.00533	0.00716	0.00854	0.00899	0.00503	0.00595	0.00869	0.01158	0.01539	0.03245	0.70658	0.03854	0.01828	0.00762	0.00244	0.00366	0.09594	0.00548	0.00488
44	0.81673	0.01155	0.00888	0.00790	0.01158	0.01337	0.00651	0.03261	0.01044	0.02676	0.00836	0.00970	0.00648	0.00552	0.00371	0.00183	0.00462	0.00325	0.00371	0.00648
45	0.00700	0.00594	0.00604	0.00613	0.00802	0.00498	0.00455	0.00847	0.01335	0.01592	0.05825	0.10129	0.70957	0.01519	0.00702	0.00202	0.00302	0.01274	0.00549	0.00498
46	0.01611	0.01467	0.02329	0.02947	0.49999	0.01525	0.07647	0.16689	0.01624	0.02273	0.01164	0.01456	0.00939	0.00591	0.00672	0.00183	0.05066	0.00542	0.00353	0.00923
47	0.01294	0.01294	0.01811	0.01553	0.01553	0.01811	0.01294	0.01423	0.00906	0.01423	0.00776	0.01294	0.00776	0.01035	0.01941	0.00259	0.78134	0.00518	0.00259	0.00647
48	0.00837	0.00604	0.00790	0.00744	0.00883	0.00558	0.00558	0.01116	0.01674	0.02371	0.75216	0.04417	0.05580	0.01209	0.00697	0.00186	0.00279	0.01069	0.00651	0.00558
49	0.01424	0.01365	0.02329	0.12030	0.67435	0.01395	0.01795	0.01781	0.01328	0.01884	0.01105	0.01476	0.00920	0.00534	0.00586	0.00178	0.00712	0.00527	0.00289	0.00905
50	0.83394	0.01144	0.00869	0.00778	0.01144	0.01327	0.00640	0.01738	0.01006	0.02653	0.00823	0.00961	0.00640	0.00549	0.00366	0.00183	0.00457	0.00320	0.00366	0.00640
51	0.00816	0.00589	0.00793	0.00922	0.01008	0.00565	0.00712	0.00992	0.01240	0.01623	0.03358	0.44694	0.07672	0.01742	0.00778	0.00251	0.00425	0.30767	0.00547	0.00508
52	0.00723	0.00569	0.00657	0.00721	0.00849	0.00502	0.00521	0.00861	0.01260	0.01572	0.04690	0.35937	0.41468	0.01652	0.00729	0.00221	0.00332	0.05692	0.00549	0.00494
53	0.00721	0.00515	0.00686	0.00823	0.00858	0.00480	0.00549	0.00823	0.01132	0.01510	0.03259	0.78831	0.03911	0.01853	0.00755	0.00240	0.00343	0.01681	0.00549	0.00480
54	0.00882	0.00689	0.01023	0.01001	0.01098	0.00829	0.00786	0.01087	0.00947	0.01377	0.01516	0.02237	0.01420	0.04150	0.70586	0.00892	0.08007	0.00624	0.00312	0.00538
55	0.83394	0.01144	0.00869	0.00778	0.01144	0.01327	0.00640	0.01738	0.01006	0.02653	0.00823	0.00961	0.00640	0.00549	0.00366	0.00183	0.00457	0.00320	0.00366	0.00640
56	0.01226	0.01051	0.01226	0.00876	0.01401	0.00788	0.00701	0.01489	0.01226	0.01927	0.01051	0.01226	0.00876	0.00438	0.00438	0.00088	0.00438	0.00350	0.00350	0.82832
57	0.01226	0.01051	0.01226	0.00876	0.01401	0.00788	0.00701	0.01489	0.01226	0.01927	0.01051	0.01226	0.00876	0.00438	0.00438	0.00088	0.00438	0.00350	0.00350	0.82832
58	0.83394	0.01144	0.00869	0.00778	0.01144	0.01327	0.00640	0.01738	0.01006	0.02653	0.00823	0.00961	0.00640	0.00549	0.00366	0.00183	0.00457	0.00320	0.00366	0.00640
59	0.01471	0.01270	0.01337	0.01203	0.01538	0.01471	0.00936	0.03142	0.74459	0.02474	0.02407	0.02206	0.01805	0.00802	0.00602	0.00201	0.00468	0.00669	0.00602	0.00936
60	0.83394	0.01144	0.00869	0.00778	0.01144	0.01327	0.00640	0.01738	0.01006	0.02653	0.00823	0.00961	0.00640	0.00549	0.00366	0.00183	0.00457	0.00320	0.00366	0.00640
61	0.01464	0.01405	0.02400	0.03630	0.75528	0.01405	0.01815	0.01815	0.01347	0.01932	0.01112	0.01464	0.00937	0.00527	0.00585	0.00176	0.00703	0.00527	0.00293	0.00937
62	0.01471	0.01270	0.01337	0.01203	0.01538	0.01471	0.00936	0.03142	0.74459	0.02474	0.02407	0.02206	0.01805	0.00802	0.00602	0.00201	0.00468	0.00669	0.00602	0.00936
63	0.00721	0.00515	0.00686	0.00823	0.00858	0.00480	0.00549	0.00823	0.01132	0.01510	0.03259	0.78831	0.03911	0.01853	0.00755	0.00240	0.00343	0.01681	0.00549	0.00480
64	0.00699	0.00599	0.00599	0.00599	0.00799	0.00499	0.00449	0.00849	0.01348	0.01598	0.05991	0.05691	0.75288	0.01498	0.00699	0.00200	0.00300	0.01248	0.00549	0.00499
65	0.02653	0.01006	0.01372	0.01052	0.01510	0.00869	0.00869	0.02882	0.01693	0.75937	0.02333	0.02013	0.01464	0.00732	0.00595	0.00183	0.00503	0.00595	0.00732	0.01006
66	0.01117	0.01051	0.01774	0.77795	0.04073	0.01314	0.01642	0.01511	0.01182	0.01511	0.01051	0.01577	0.00788	0.00591	0.00591	0.00197	0.00788	0.00526	0.00263	0.00657
67	0.01396	0.01595	0.03490	0.02493	0.03091	0.01496	0.73380	0.01894	0.01396	0.01894	0.01196	0.01595	0.00897	0.00499	0.00698	0.00199	0.00997	0.00698	0.00299	0.00798
68	0.00702	0.00587	0.00612	0.00632	0.00807	0.00496	0.00464	0.00845	0.01317	0.01585	0.05593	0.16336	0.64900	0.01549	0.00707	0.00206	0.00306	0.01311	0.00549	0.00496
69	0.55242	0.01231	0.01128	0.00937	0.01338	0.01368	0.00773	0.16804	0.01471	0.13142	0.01159	0.01203	0.00832	0.00608	0.00445	0.00182	0.00504	0.00403	0.00464	0.00768
70	0.01383	0.01312	0.02224	0.07904	0.65173	0.01325	0.01702	0.01717	0.01319	0.01872	0.01282	0.07707	0.01168	0.00638	0.00599	0.00182	0.00679	0.00620	0.00312	0.00883
71	0.01758	0.01092	0.01256	0.01064	0.01404	0.01149	0.00844	0.10622	0.30725	0.22285	0.12436	0.02375	0.02129	0.00821	0.00597	0.00186	0.00456	0.00680	0.07244	0.00879
72	0.00721	0.00515	0.00686	0.00823	0.00858	0.00480	0.00549	0.00823	0.01132	0.01510	0.03259	0.78831	0.03911	0.01853	0.00755	0.00240	0.00343	0.01681	0.00549	0.00480
73	0.01862	0.02212	0.01843	0.10587	0.16856	0.47095	0.01346	0.02080	0.01492	0.01550	0.00958	0.01222	0.00801	0.00625	0.00664	0.00171	0.07174	0.00438	0.00294	0.00730
74	0.02331	0.00912	0.01202	0.00948	0.01339	0.00803	0.00775	0.02570	0.01599	0.60634	0.02249	0.02053	0.01475	0.00723	0.00557	0.00174	0.00456	0.00586	0.17703	0.00912
75	0.01290	0.01153	0.01776	0.61944	0.03590	0.01420	0.01546	0.11781	0.01392	0.01821	0.01086	0.01536	0.00819	0.00637	0.00679	0.00198	0.05790	0.00526	0.00309	0.00706
76	0.01252	0.04229	0.59400	0.02076	0.17684	0.01399	0.02085	0.01859	0.01268	0.01876	0.01067	0.01287	0.00788	0.00553	0.00563	0.00184	0.00834	0.00453	0.00259	0.00885
77	0.01208	0.01031	0.01206	0.00874	0.01381	0.00777	0.00695	0.01464	0.01223	0.01912	0.01133	0.04107	0.00989	0.00490	0.00450	0.00093	0.00434	0.00400	0.00358	0.79775
78	0.01389	0.01314	0.02213	0.03299	0.67071	0.01308	0.01670	0.01728	0.01375	0.01960	0.07564	0.01834	0.03417	0.00612	0.00598	0.00177	0.00655	0.00593	0.00330	0.00892
79	0.00783	0.00665	0.00683	0.00667	0.00876	0.00598	0.00503	0.01089	0.08514	0.01730	0.09841	0.05273	0.63875	0.01412	0.00689	0.00199	0.00315	0.01181	0.00560	0.00546
80	0.00782	0.00602	0.00714	0.00686	0.00850	0.00535	0.00515	0.01010	0.01544	0.02064	0.47676	0.04924	0.33311	0.01324	0.00698	0.00191	0.00287	0.01141	0.00610	0.00535
