[name]
unknown

[dist]
# distance from previous block
# <min> <max>
6	36

[block]
# block no. 0 follows, 42 sequences, length 48
# corresponding to MSA columns:
# 170-217
name=unknown_A
#
# <colnr> <probs for GDERKNQSTAVLIFYWHMCP>
#	G	D	E	R	K	N	Q	S	T	A	V	L	I	F	Y	W	H	M	C	P
0	0.12132	0.36308	0.02156	0.21823	0.05177	0.03938	0.01122	0.08410	0.01272	0.01738	0.00907	0.01128	0.00744	0.00530	0.00444	0.00152	0.00636	0.00384	0.00290	0.00709
1	0.01416	0.16477	0.19500	0.01525	0.13067	0.10471	0.01256	0.01813	0.06781	0.07066	0.01374	0.07989	0.01220	0.06837	0.00704	0.00195	0.00667	0.00558	0.00340	0.00743
2	0.14079	0.19587	0.08123	0.02149	0.35527	0.08278	0.01354	0.01757	0.01221	0.01781	0.00933	0.01159	0.00781	0.00510	0.00474	0.00156	0.00661	0.00407	0.00278	0.00784
3	0.11243	0.01218	0.01658	0.01270	0.01670	0.05513	0.18099	0.09728	0.02497	0.12548	0.07939	0.01804	0.01395	0.06523	0.00715	0.00189	0.00606	0.00561	0.00426	0.14397
4	0.01440	0.01048	0.01239	0.01026	0.01292	0.07647	0.07520	0.10969	0.01442	0.14437	0.07051	0.08114	0.07474	0.17706	0.01068	0.00250	0.00549	0.00742	0.04052	0.04932
5	0.01028	0.00795	0.01065	0.01225	0.13125	0.00778	0.00795	0.07634	0.01452	0.03016	0.24862	0.06628	0.15061	0.08449	0.00859	0.00225	0.00433	0.11467	0.00501	0.00601
6	0.01910	0.02014	0.01505	0.01280	0.01641	0.41758	0.00990	0.15825	0.08590	0.04470	0.01157	0.01233	0.00900	0.00593	0.00511	0.00145	0.00775	0.00417	0.00388	0.13897
7	0.07217	0.00980	0.01134	0.00852	0.01299	0.00808	0.00682	0.01636	0.04457	0.11021	0.06643	0.01499	0.01247	0.00526	0.00455	0.00112	0.00416	0.00422	0.00409	0.58185
8	0.01082	0.00847	0.01138	0.01023	0.01090	0.01036	0.00792	0.01197	0.00944	0.06765	0.01654	0.02457	0.06916	0.23045	0.17779	0.00455	0.30251	0.00660	0.00336	0.00532
9	0.01377	0.17809	0.17677	0.01085	0.01496	0.05749	0.01056	0.08038	0.01398	0.10324	0.07793	0.15601	0.06572	0.00880	0.00554	0.00173	0.00567	0.00720	0.00421	0.00711
10	0.37865	0.01312	0.00939	0.00865	0.01130	0.20115	0.00674	0.01682	0.01174	0.02074	0.01119	0.01313	0.00896	0.00725	0.03593	0.00185	0.00577	0.00391	0.22778	0.00593
11	0.01447	0.68727	0.14281	0.01061	0.01595	0.02087	0.01133	0.01700	0.01150	0.01394	0.00817	0.00946	0.00721	0.00490	0.00388	0.00129	0.00637	0.00318	0.00240	0.00739
12	0.01393	0.01337	0.02284	0.03454	0.76712	0.01337	0.01727	0.01727	0.01281	0.01839	0.01059	0.01393	0.00891	0.00501	0.00557	0.00167	0.00669	0.00501	0.00279	0.00891
13	0.04390	0.01573	0.01423	0.01168	0.01549	0.24677	0.00929	0.13496	0.01746	0.38359	0.03950	0.01598	0.01223	0.00667	0.00545	0.00164	0.00657	0.00502	0.00540	0.00841
14	0.02078	0.01467	0.01680	0.01591	0.14019	0.07126	0.01119	0.38742	0.04373	0.19820	0.01494	0.01485	0.01052	0.00647	0.00559	0.00169	0.00619	0.00513	0.00527	0.00922
15	0.00709	0.00572	0.00632	0.00617	0.00787	0.00494	0.00462	0.00894	0.01387	0.01769	0.29574	0.05007	0.52456	0.01332	0.00665	0.00186	0.00278	0.01130	0.00555	0.00494
16	0.00696	0.00494	0.00650	0.00770	0.00800	0.00464	0.00508	0.00786	0.01057	0.01409	0.02996	0.73793	0.03589	0.08007	0.00889	0.00254	0.00344	0.01538	0.00508	0.00448
17	0.01281	0.01435	0.03094	0.02225	0.02756	0.01345	0.68135	0.01737	0.01352	0.01843	0.07771	0.01755	0.01247	0.00534	0.00664	0.00189	0.00889	0.00695	0.00314	0.00739
18	0.08494	0.12286	0.61436	0.01449	0.02195	0.01416	0.01813	0.01759	0.01162	0.01791	0.00962	0.01129	0.00705	0.00527	0.00497	0.00171	0.00769	0.00392	0.00248	0.00799
19	0.01702	0.01080	0.01242	0.01066	0.01405	0.01152	0.00842	0.02760	0.46716	0.25635	0.08168	0.02210	0.01903	0.00773	0.00578	0.00185	0.00441	0.00645	0.00615	0.00883
20	0.01167	0.01107	0.01876	0.55047	0.26883	0.01278	0.01615	0.01529	0.01175	0.01564	0.01019	0.01466	0.00795	0.00543	0.00561	0.00181	0.00724	0.00501	0.00259	0.00709
21	0.01189	0.00774	0.00853	0.00767	0.00975	0.05541	0.00589	0.01416	0.01505	0.15468	0.39135	0.03619	0.16611	0.01038	0.00613	0.00173	0.00355	0.00881	0.07895	0.00605
22	0.00818	0.00546	0.00614	0.00614	0.00614	0.00546	0.00341	0.00818	0.00818	0.01091	0.01773	0.03683	0.02046	0.80222	0.02864	0.00546	0.00546	0.00818	0.00341	0.00341
23	0.02042	0.01596	0.01683	0.08140	0.01933	0.06591	0.01114	0.63711	0.02445	0.03222	0.01289	0.01343	0.00924	0.00659	0.00559	0.00169	0.00656	0.00497	0.00518	0.00908
24	0.01535	0.01851	0.21160	0.02301	0.31643	0.03892	0.06307	0.20430	0.01619	0.02243	0.01120	0.01326	0.00855	0.00555	0.00558	0.00171	0.00726	0.00487	0.00342	0.00877
25	0.01286	0.00812	0.01028	0.00917	0.01134	0.00832	0.00716	0.14667	0.01522	0.13505	0.18911	0.12779	0.05347	0.01916	0.21545	0.00379	0.00707	0.00827	0.00519	0.00654
26	0.01156	0.00998	0.01184	0.00869	0.01326	0.00798	0.00695	0.01394	0.01147	0.01794	0.01049	0.03548	0.00915	0.00490	0.00509	0.00097	0.04986	0.00381	0.00334	0.76329
27	0.00679	0.00514	0.00628	0.00718	0.00799	0.00463	0.00493	0.00791	0.01141	0.01462	0.03901	0.56976	0.26085	0.01659	0.00702	0.00217	0.00314	0.01473	0.00522	0.00463
28	0.02078	0.05872	0.01650	0.01430	0.01728	0.74861	0.01082	0.02224	0.01576	0.01375	0.00866	0.01010	0.00725	0.00576	0.00501	0.00144	0.00998	0.00360	0.00288	0.00655
29	0.01603	0.01238	0.01345	0.01080	0.01456	0.01309	0.00869	0.37653	0.15437	0.02785	0.09753	0.02125	0.08286	0.00774	0.00565	0.00164	0.00494	0.00622	0.00536	0.11907
30	0.01343	0.01357	0.02525	0.10329	0.48574	0.01354	0.22671	0.01721	0.01280	0.01790	0.01076	0.01439	0.00867	0.00499	0.00588	0.00176	0.00757	0.00548	0.00278	0.00828
31	0.01331	0.01262	0.02141	0.03219	0.70024	0.01260	0.01621	0.01644	0.01263	0.01803	0.01239	0.08307	0.01141	0.00613	0.00571	0.00173	0.00638	0.00598	0.00300	0.00853
32	0.01049	0.00525	0.00525	0.00525	0.00656	0.00525	0.00393	0.01311	0.01180	0.02098	0.01836	0.02098	0.01442	0.00656	0.00393	0.00131	0.00262	0.00525	0.83346	0.00525
33	0.01281	0.00775	0.00984	0.01035	0.07678	0.00750	0.00721	0.08207	0.01414	0.14029	0.05397	0.17011	0.11538	0.01047	0.00589	0.00183	0.00403	0.07176	0.19133	0.00648
34	0.01542	0.01564	0.07701	0.01956	0.12200	0.08182	0.27802	0.02141	0.15002	0.10710	0.01417	0.01574	0.01055	0.00592	0.00646	0.00183	0.03965	0.00574	0.00381	0.00814
35	0.01092	0.00710	0.00814	0.00738	0.00964	0.00647	0.00568	0.07655	0.01486	0.12909	0.16464	0.10370	0.40969	0.01233	0.00646	0.00187	0.00343	0.01041	0.00568	0.00596
36	0.00681	0.00509	0.00633	0.00733	0.00803	0.00461	0.00500	0.00789	0.01127	0.01457	0.03724	0.62047	0.21128	0.01682	0.00706	0.00219	0.00317	0.01501	0.00522	0.00461
37	0.01347	0.01153	0.01227	0.01107	0.01409	0.01323	0.00859	0.02820	0.69166	0.02346	0.08822	0.02285	0.02034	0.00798	0.00581	0.00190	0.00430	0.00670	0.00577	0.00859
38	0.01366	0.01310	0.02236	0.09562	0.70813	0.01330	0.01714	0.01704	0.01269	0.01806	0.01054	0.01402	0.00880	0.00506	0.00558	0.00169	0.00675	0.00501	0.00276	0.00870
39	0.00685	0.00571	0.00598	0.00591	0.00772	0.00484	0.00443	0.00846	0.01330	0.01632	0.16477	0.05231	0.65637	0.01383	0.00665	0.00188	0.00282	0.01162	0.00537	0.00484
40	0.00686	0.00490	0.00653	0.00784	0.00816	0.00457	0.00522	0.00784	0.01077	0.01437	0.03102	0.79855	0.03722	0.01763	0.00718	0.00229	0.00326	0.01600	0.00522	0.00457
41	0.01188	0.00970	0.01078	0.00986	0.01148	0.07721	0.00765	0.13008	0.01264	0.01740	0.01435	0.02022	0.01292	0.09443	0.39018	0.00564	0.06089	0.00570	0.09116	0.00584
42	0.00745	0.00533	0.00719	0.00837	0.00899	0.00507	0.00612	0.00892	0.01165	0.01553	0.08377	0.57331	0.03725	0.01670	0.00728	0.00232	0.00367	0.18103	0.00528	0.00477
43	0.00674	0.00537	0.00604	0.00658	0.00783	0.00468	0.00467	0.00798	0.01198	0.01486	0.04626	0.36195	0.46398	0.01565	0.00687	0.00206	0.00302	0.01358	0.00523	0.00468
44	0.02035	0.02307	0.01565	0.01376	0.01688	0.56138	0.01051	0.16981	0.04820	0.01842	0.01031	0.01156	0.00823	0.00663	0.00591	0.03571	0.00889	0.00408	0.00355	0.00707
45	0.01624	0.01397	0.01730	0.01960	0.27374	0.08117	0.02496	0.24869	0.01696	0.02346	0.01238	0.01450	0.00974	0.00623	0.00623	0.00166	0.06303	0.00497	0.13706	0.00810
46	0.62553	0.01337	0.01038	0.00920	0.01250	0.14041	0.03005	0.01716	0.01072	0.02233	0.00856	0.01033	0.00688	0.00768	0.05366	0.00217	0.00617	0.00345	0.00334	0.00614
47	0.01375	0.08040	0.36539	0.10989	0.08154	0.07452	0.01616	0.04523	0.01277	0.06945	0.01087	0.01301	0.00815	0.00700	0.03286	0.00199	0.04184	0.00444	0.00293	0.00781

[dist]
# distance from previous block
# <min> <max>
0	1

[block]
# block no. 1 follows, 42 sequences, length 110
# corresponding to MSA columns:
# 219,229-269,282-294,301-338,366-382
name=unknown_B
#
# <colnr> <probs for GDERKNQSTAVLIFYWHMCP>
#	G	D	E	R	K	N	Q	S	T	A	V	L	I	F	Y	W	H	M	C	P
0	0.01371	0.01375	0.07759	0.05452	0.19192	0.05159	0.01151	0.13298	0.06598	0.02055	0.01618	0.04794	0.07174	0.00663	0.00537	0.00155	0.00577	0.00557	0.00382	0.20131
1	0.00697	0.00494	0.00650	0.00770	0.00800	0.00464	0.00507	0.00786	0.01056	0.01408	0.02992	0.73591	0.03584	0.08215	0.00895	0.00255	0.00345	0.01536	0.00507	0.00448
2	0.01446	0.01232	0.01299	0.01155	0.01481	0.01422	0.00902	0.07514	0.71096	0.02429	0.02231	0.02053	0.01670	0.00758	0.00572	0.00189	0.00456	0.00628	0.00572	0.00895
3	0.01576	0.12303	0.27322	0.01308	0.01883	0.02827	0.01349	0.27724	0.07340	0.02388	0.01195	0.01273	0.00887	0.00586	0.00514	0.00160	0.00665	0.00442	0.00388	0.07869
4	0.01660	0.01270	0.02172	0.01617	0.02068	0.01234	0.32884	0.13808	0.06318	0.18620	0.10726	0.01944	0.01590	0.00657	0.00621	0.00181	0.00677	0.00659	0.00479	0.00815
5	0.01129	0.02911	0.77306	0.01604	0.02436	0.01307	0.02079	0.01782	0.01188	0.01782	0.01010	0.01188	0.00713	0.00535	0.00535	0.00178	0.00832	0.00416	0.00238	0.00832
6	0.01457	0.00922	0.01019	0.00887	0.01133	0.00989	0.00691	0.16199	0.18830	0.08464	0.01766	0.01886	0.01346	0.00858	0.00719	0.11080	0.00423	0.00546	0.30092	0.00694
7	0.01649	0.01333	0.01413	0.01196	0.01558	0.01516	0.00951	0.27216	0.51063	0.02756	0.01974	0.01847	0.01461	0.00734	0.00569	0.00183	0.00504	0.00593	0.00569	0.00913
8	0.04057	0.47439	0.18621	0.01126	0.01650	0.01853	0.01180	0.01933	0.14141	0.01641	0.01094	0.01173	0.00890	0.00543	0.00435	0.00147	0.00619	0.00384	0.00301	0.00772
9	0.00705	0.00551	0.00639	0.00661	0.00796	0.00485	0.00479	0.00868	0.01311	0.01691	0.23478	0.24165	0.39286	0.01440	0.00678	0.00196	0.00291	0.01249	0.00548	0.00485
10	0.00818	0.00546	0.00614	0.00614	0.00614	0.00546	0.00341	0.00818	0.00818	0.01091	0.01773	0.03683	0.02046	0.80222	0.02864	0.00546	0.00546	0.00818	0.00341	0.00341
11	0.00818	0.00546	0.00614	0.00614	0.00614	0.00546	0.00341	0.00818	0.00818	0.01091	0.01773	0.03683	0.02046	0.80222	0.02864	0.00546	0.00546	0.00818	0.00341	0.00341
12	0.54895	0.01382	0.01125	0.00955	0.01322	0.09668	0.00776	0.19942	0.01447	0.02655	0.00934	0.01034	0.00708	0.00567	0.00419	0.00170	0.00544	0.00361	0.00395	0.00701
13	0.00954	0.00622	0.00734	0.00678	0.00878	0.00542	0.00518	0.01153	0.01444	0.11477	0.32419	0.04502	0.39532	0.01226	0.00652	0.00183	0.00302	0.01043	0.00582	0.00558
14	0.01400	0.01209	0.01273	0.01145	0.01463	0.01400	0.00891	0.02990	0.75695	0.02354	0.02291	0.02100	0.01718	0.00764	0.00573	0.00191	0.00445	0.00636	0.00573	0.00891
15	0.01181	0.01121	0.01901	0.51943	0.29882	0.01281	0.01622	0.01541	0.01181	0.01581	0.01021	0.01462	0.00801	0.00541	0.00561	0.00180	0.00721	0.00501	0.00260	0.00720
16	0.00686	0.00490	0.00653	0.00784	0.00816	0.00457	0.00522	0.00784	0.01077	0.01437	0.03102	0.79855	0.03722	0.01763	0.00718	0.00229	0.00326	0.01600	0.00522	0.00457
17	0.00818	0.00546	0.00614	0.00614	0.00614	0.00546	0.00341	0.00818	0.00818	0.01091	0.01773	0.03683	0.02046	0.80222	0.02864	0.00546	0.00546	0.00818	0.00341	0.00341
18	0.01261	0.01989	0.28315	0.02112	0.02770	0.01384	0.50145	0.01796	0.01281	0.01796	0.01095	0.01407	0.00806	0.00495	0.00620	0.00186	0.00909	0.00580	0.00269	0.00784
19	0.02176	0.01518	0.01653	0.01267	0.01716	0.01658	0.01047	0.67984	0.02548	0.10537	0.01434	0.01405	0.00998	0.00678	0.00563	0.00169	0.00606	0.00512	0.00576	0.00957
20	0.02001	0.12425	0.01846	0.01402	0.01749	0.55002	0.03875	0.12042	0.01670	0.01682	0.00934	0.01066	0.00761	0.00576	0.00502	0.00147	0.00906	0.00386	0.00321	0.00707
21	0.01764	0.46758	0.02361	0.01174	0.01573	0.35100	0.01017	0.01929	0.01339	0.01347	0.00820	0.00951	0.00723	0.00524	0.00425	0.00131	0.00781	0.00328	0.00262	0.00692
22	0.01180	0.08417	0.59887	0.01605	0.02322	0.01418	0.07516	0.01741	0.01169	0.01715	0.00981	0.01196	0.00727	0.00563	0.00640	0.00180	0.07267	0.00433	0.00242	0.00800
23	0.01199	0.07203	0.01856	0.58286	0.03325	0.01380	0.05381	0.07499	0.01256	0.01621	0.01089	0.01499	0.02035	0.00591	0.00600	0.00183	0.03550	0.00505	0.00281	0.00664
24	0.00686	0.00490	0.00653	0.00784	0.00816	0.00457	0.00522	0.00784	0.01077	0.01437	0.03102	0.79855	0.03722	0.01763	0.00718	0.00229	0.00326	0.01600	0.00522	0.00457
25	0.01063	0.01000	0.01688	0.78870	0.03876	0.01250	0.01563	0.01438	0.01125	0.01438	0.01000	0.01500	0.00750	0.00563	0.00563	0.00188	0.00750	0.00500	0.00250	0.00625
26	0.01090	0.01028	0.01737	0.72668	0.09865	0.01257	0.01576	0.01462	0.01138	0.01471	0.01005	0.01492	0.00762	0.00558	0.00562	0.00186	0.00743	0.00500	0.00252	0.00647
27	0.00773	0.00552	0.00753	0.00883	0.00954	0.00532	0.00673	0.00934	0.01163	0.01534	0.03054	0.50968	0.03532	0.01681	0.00741	0.00241	0.00402	0.29629	0.00521	0.00481
28	0.00745	0.00574	0.00684	0.00682	0.00833	0.00513	0.00519	0.00950	0.01412	0.01860	0.37122	0.08955	0.34552	0.01331	0.00677	0.00192	0.00298	0.07033	0.00566	0.00503
29	0.00804	0.00603	0.00904	0.00904	0.01005	0.00703	0.00703	0.01005	0.00904	0.01306	0.01507	0.02211	0.01407	0.04221	0.77992	0.00904	0.01507	0.00603	0.00301	0.00502
30	0.00724	0.00517	0.00697	0.00828	0.00877	0.00490	0.00589	0.00850	0.01115	0.01480	0.03080	0.67043	0.03638	0.01727	0.00729	0.00234	0.00360	0.14031	0.00522	0.00468
31	0.00928	0.00602	0.00780	0.00812	0.00919	0.00570	0.00577	0.04978	0.01309	0.07546	0.18091	0.53994	0.03722	0.01496	0.00687	0.00210	0.00341	0.01341	0.00558	0.00538
32	0.00669	0.00556	0.00585	0.00607	0.00770	0.00472	0.00444	0.00803	0.01247	0.01506	0.05248	0.18390	0.63802	0.01484	0.00674	0.00197	0.00292	0.01260	0.00523	0.00472
33	0.01393	0.01337	0.02284	0.03454	0.76712	0.01337	0.01727	0.01727	0.01281	0.01839	0.01059	0.01393	0.00891	0.00501	0.00557	0.00167	0.00669	0.00501	0.00279	0.00891
34	0.01864	0.01968	0.14784	0.01348	0.01806	0.17284	0.01215	0.42491	0.02077	0.02660	0.01303	0.06196	0.01041	0.00700	0.00556	0.00169	0.00719	0.00530	0.00447	0.00841
35	0.00681	0.00507	0.00636	0.00739	0.00804	0.00461	0.00502	0.00789	0.01121	0.01454	0.03648	0.64206	0.19018	0.01692	0.00707	0.00220	0.00318	0.01513	0.00522	0.00461
36	0.01331	0.01150	0.01518	0.10147	0.14212	0.01102	0.01035	0.11625	0.01367	0.01997	0.01042	0.01271	0.00845	0.00519	0.00566	0.00131	0.05443	0.00414	0.00341	0.43943
37	0.00916	0.00602	0.00790	0.00728	0.00882	0.00551	0.00551	0.01178	0.01594	0.07419	0.71297	0.04046	0.05040	0.01119	0.00657	0.00177	0.00280	0.00987	0.00625	0.00560
38	0.02026	0.05216	0.01831	0.01471	0.01839	0.46847	0.08443	0.19137	0.01797	0.04645	0.01054	0.01172	0.00816	0.00592	0.00533	0.00155	0.00881	0.00431	0.00366	0.00748
39	0.01224	0.07007	0.59875	0.01493	0.02220	0.01387	0.01816	0.04569	0.11547	0.01899	0.01187	0.01304	0.00861	0.00568	0.00531	0.00176	0.00758	0.00443	0.00296	0.00838
40	0.01783	0.01236	0.01682	0.01918	0.27257	0.01277	0.01184	0.11894	0.21656	0.21508	0.01728	0.01712	0.01252	0.00645	0.00564	0.00176	0.00553	0.00555	0.00502	0.00917
41	0.01129	0.02911	0.77306	0.01604	0.02436	0.01307	0.02079	0.01782	0.01188	0.01782	0.01010	0.01188	0.00713	0.00535	0.00535	0.00178	0.00832	0.00416	0.00238	0.00832
42	0.09564	0.00785	0.00873	0.00761	0.01028	0.00741	0.00600	0.07424	0.01488	0.17413	0.17471	0.03685	0.33862	0.01072	0.00604	0.00181	0.00364	0.00884	0.00562	0.00638
43	0.00807	0.00541	0.00617	0.00628	0.00630	0.00538	0.00356	0.00816	0.00840	0.01120	0.01882	0.09947	0.02184	0.73770	0.02688	0.00520	0.00528	0.00883	0.00356	0.00351
44	0.00693	0.00571	0.00609	0.00599	0.00777	0.00487	0.00450	0.00862	0.01349	0.01677	0.20767	0.05158	0.61319	0.01367	0.00665	0.00187	0.00281	0.01151	0.00543	0.00487
45	0.00796	0.00575	0.00752	0.00708	0.00841	0.00531	0.00531	0.01062	0.01593	0.02257	0.76415	0.04204	0.05310	0.01150	0.00664	0.00177	0.00265	0.01018	0.00619	0.00531
46	0.01304	0.01125	0.01181	0.01070	0.01371	0.01279	0.00830	0.02705	0.65960	0.02245	0.02737	0.02534	0.11499	0.00850	0.00585	0.00191	0.00424	0.00708	0.00566	0.00836
47	0.02139	0.01576	0.01689	0.01295	0.01745	0.01745	0.01070	0.74835	0.02646	0.03547	0.01351	0.01351	0.00957	0.00676	0.00563	0.00169	0.00619	0.00507	0.00563	0.00957
48	0.02139	0.01576	0.01689	0.01295	0.01745	0.01745	0.01070	0.74835	0.02646	0.03547	0.01351	0.01351	0.00957	0.00676	0.00563	0.00169	0.00619	0.00507	0.00563	0.00957
49	0.00686	0.00490	0.00653	0.00784	0.00816	0.00457	0.00522	0.00784	0.01077	0.01437	0.03102	0.79855	0.03722	0.01763	0.00718	0.00229	0.00326	0.01600	0.00522	0.00457
50	0.01304	0.01125	0.01181	0.01070	0.01371	0.01279	0.00830	0.02705	0.65960	0.02245	0.02737	0.02534	0.11499	0.00850	0.00585	0.00191	0.00424	0.00708	0.00566	0.00836
51	0.01393	0.01337	0.02284	0.03454	0.76712	0.01337	0.01727	0.01727	0.01281	0.01839	0.01059	0.01393	0.00891	0.00501	0.00557	0.00167	0.00669	0.00501	0.00279	0.00891
52	0.01505	0.80561	0.02949	0.00963	0.01444	0.02227	0.00963	0.01685	0.01143	0.01324	0.00782	0.00903	0.00722	0.00481	0.00361	0.00120	0.00602	0.00301	0.00241	0.00722
53	0.00849	0.00624	0.00829	0.00924	0.01060	0.00603	0.00784	0.01083	0.01306	0.01686	0.08522	0.08680	0.16130	0.01512	0.00748	0.00240	0.00453	0.52932	0.00526	0.00509
54	0.01980	0.02425	0.01539	0.01397	0.01692	0.64618	0.01053	0.02377	0.14510	0.01548	0.01117	0.01204	0.00898	0.00612	0.00519	0.00153	0.00916	0.00410	0.00339	0.00694
55	0.02139	0.01576	0.01689	0.01295	0.01745	0.01745	0.01070	0.74835	0.02646	0.03547	0.01351	0.01351	0.00957	0.00676	0.00563	0.00169	0.00619	0.00507	0.00563	0.00957
56	0.08139	0.01618	0.01531	0.01229	0.01635	0.23534	0.05558	0.14830	0.01664	0.22545	0.01348	0.01362	0.00960	0.00597	0.00520	0.00154	0.00678	0.00454	0.00458	0.11186
57	0.02109	0.02489	0.01611	0.01423	0.01741	0.64679	0.01084	0.14899	0.01778	0.01755	0.00954	0.01073	0.00765	0.00597	0.00517	0.00149	0.00946	0.00388	0.00338	0.00706
58	0.04328	0.50809	0.02334	0.01036	0.01407	0.01814	0.03390	0.01655	0.07228	0.01475	0.01121	0.05828	0.01048	0.00971	0.07888	0.00220	0.06003	0.00459	0.00296	0.00689
59	0.00968	0.00612	0.00744	0.08521	0.03755	0.00618	0.00585	0.01223	0.01240	0.01944	0.11784	0.05672	0.11538	0.00845	0.00498	0.00155	0.00332	0.00710	0.47717	0.00540
60	0.00878	0.00712	0.01047	0.01004	0.01087	0.00881	0.00795	0.01066	0.00897	0.01315	0.01373	0.02040	0.01290	0.03657	0.64720	0.00790	0.15047	0.00584	0.00292	0.00522
61	0.01090	0.01028	0.01737	0.72668	0.09865	0.01257	0.01576	0.01462	0.01138	0.01471	0.01005	0.01492	0.00762	0.00558	0.00562	0.00186	0.00743	0.00500	0.00252	0.00647
62	0.13825	0.00976	0.01240	0.00965	0.01388	0.00887	0.00797	0.02592	0.01520	0.66783	0.02021	0.01777	0.01285	0.00672	0.00536	0.00174	0.00473	0.00530	0.00648	0.00910
63	0.02102	0.02682	0.01595	0.01450	0.01740	0.77963	0.01087	0.02247	0.01595	0.01377	0.00870	0.01015	0.00725	0.00580	0.00507	0.00145	0.01015	0.00362	0.00290	0.00652
64	0.02468	0.01049	0.01363	0.01045	0.01482	0.00963	0.00863	0.13383	0.01764	0.66246	0.02092	0.01832	0.01329	0.00693	0.00565	0.00173	0.00500	0.00557	0.00677	0.00958
65	0.00699	0.00564	0.00624	0.00642	0.00800	0.00490	0.00480	0.00858	0.01299	0.01618	0.14843	0.15040	0.53338	0.01439	0.00678	0.00197	0.00300	0.05073	0.00536	0.00483
66	0.01076	0.01014	0.01712	0.75875	0.06768	0.01254	0.01569	0.01449	0.01131	0.01454	0.01003	0.01496	0.00756	0.00560	0.00562	0.00187	0.00747	0.00500	0.00251	0.00636
67	0.01251	0.00784	0.00973	0.00847	0.01074	0.00765	0.00659	0.08501	0.07790	0.14405	0.51273	0.03392	0.03972	0.01001	0.00631	0.00177	0.00348	0.00865	0.00623	0.00670
68	0.00715	0.00533	0.00673	0.00773	0.00857	0.00491	0.00560	0.00848	0.01159	0.01494	0.03685	0.51234	0.20492	0.01653	0.00715	0.00224	0.00347	0.12554	0.00522	0.00471
69	0.08608	0.01267	0.01320	0.01052	0.01413	0.01394	0.00859	0.50025	0.02132	0.03092	0.01428	0.01506	0.01053	0.00658	0.00502	0.00160	0.00513	0.00495	0.21705	0.00818
70	0.01180	0.01055	0.01755	0.15602	0.32149	0.01098	0.07484	0.03835	0.01230	0.01734	0.01441	0.11646	0.01343	0.03481	0.05524	0.00236	0.00677	0.00674	0.07149	0.00708
71	0.00743	0.00627	0.00652	0.00641	0.00837	0.00562	0.00487	0.01020	0.07609	0.01646	0.10214	0.05077	0.63203	0.01354	0.00660	0.00191	0.00304	0.03124	0.00533	0.00515
72	0.00985	0.00633	0.00772	0.00734	0.00928	0.00563	0.00577	0.01195	0.01435	0.11684	0.29392	0.04657	0.32660	0.01251	0.00666	0.00192	0.00333	0.10202	0.00578	0.00563
73	0.01465	0.60301	0.02760	0.04018	0.18347	0.01997	0.01153	0.01687	0.01174	0.01443	0.00851	0.01031	0.00761	0.00489	0.00411	0.00133	0.00622	0.00352	0.00249	0.00757
74	0.22671	0.01222	0.01206	0.01018	0.01351	0.06924	0.00816	0.19939	0.06774	0.09873	0.01341	0.01512	0.01043	0.02751	0.14369	0.00304	0.00722	0.00473	0.00439	0.05252
75	0.02013	0.01390	0.01415	0.01149	0.01531	0.11056	0.00921	0.28064	0.10046	0.24331	0.03024	0.05559	0.02772	0.00747	0.00564	0.00171	0.00577	0.00589	0.00559	0.03523
76	0.00885	0.00653	0.00858	0.00934	0.01066	0.00653	0.00764	0.01224	0.07426	0.01787	0.15076	0.17821	0.05919	0.01454	0.00728	0.00233	0.00431	0.41007	0.00540	0.00539
77	0.01993	0.00933	0.01182	0.00942	0.01305	0.00857	0.00765	0.11456	0.01697	0.47472	0.12830	0.02618	0.11703	0.00852	0.00592	0.00176	0.00442	0.00702	0.00646	0.00835
78	0.11218	0.01272	0.01324	0.01078	0.01468	0.05379	0.00869	0.21689	0.17910	0.20988	0.01831	0.01736	0.04170	0.00691	0.00533	0.00170	0.00521	0.00535	0.00543	0.06075
79	0.01328	0.01518	0.03321	0.02372	0.02941	0.01423	0.74668	0.01803	0.01328	0.01803	0.01139	0.01518	0.00854	0.00474	0.00664	0.00190	0.00949	0.00664	0.00285	0.00759
80	0.00685	0.00571	0.00597	0.00591	0.00772	0.00483	0.00443	0.00845	0.01329	0.01630	0.16192	0.05236	0.65924	0.01384	0.00665	0.00188	0.00282	0.01162	0.00537	0.00483
81	0.01160	0.09296	0.71192	0.01551	0.02354	0.01383	0.01987	0.01774	0.01184	0.01745	0.00991	0.01165	0.00714	0.00530	0.00520	0.00173	0.00813	0.00406	0.00238	0.00823
82	0.01075	0.01013	0.01710	0.76045	0.06604	0.01254	0.01569	0.01449	0.01131	0.01453	0.01002	0.01496	0.00755	0.00560	0.00562	0.00187	0.00747	0.00500	0.00251	0.00635
83	0.00839	0.00655	0.00972	0.00952	0.01044	0.00787	0.00747	0.01034	0.00901	0.01310	0.01444	0.02130	0.01352	0.03955	0.71731	0.00850	0.07896	0.00594	0.00297	0.00512
84	0.00683	0.00500	0.00642	0.00756	0.00809	0.00459	0.00510	0.00787	0.01104	0.01447	0.03434	0.70328	0.13035	0.01720	0.00711	0.00224	0.00321	0.01547	0.00522	0.00459
85	0.01393	0.01337	0.02284	0.03454	0.76712	0.01337	0.01727	0.01727	0.01281	0.01839	0.01059	0.01393	0.00891	0.00501	0.00557	0.00167	0.00669	0.00501	0.00279	0.00891
86	0.01778	0.01330	0.01436	0.01191	0.01570	0.01486	0.00955	0.30733	0.41375	0.08962	0.01922	0.01795	0.01397	0.00724	0.00568	0.00181	0.00515	0.00580	0.00579	0.00922
87	0.02372	0.01203	0.01458	0.01118	0.01559	0.01191	0.00923	0.31295	0.02021	0.47970	0.01876	0.01692	0.01220	0.00688	0.00565	0.00172	0.00534	0.00542	0.00644	0.00957
88	0.00686	0.00550	0.00613	0.00641	0.00784	0.00477	0.00464	0.00831	0.01267	0.01585	0.13328	0.24300	0.49541	0.01479	0.00679	0.00198	0.00293	0.01273	0.00534	0.00477
89	0.00787	0.00568	0.00744	0.00714	0.00839	0.00525	0.00530	0.01039	0.01551	0.02189	0.70386	0.10425	0.05179	0.01201	0.00668	0.00181	0.00271	0.01066	0.00612	0.00525
90	0.01505	0.80561	0.02949	0.00963	0.01444	0.02227	0.00963	0.01685	0.01143	0.01324	0.00782	0.00903	0.00722	0.00481	0.00361	0.00120	0.00602	0.00301	0.00241	0.00722
91	0.04042	0.01301	0.02079	0.20111	0.55357	0.04024	0.01631	0.01679	0.01247	0.01755	0.01030	0.01388	0.00845	0.00519	0.00550	0.00171	0.00691	0.00490	0.00275	0.00814
92	0.01871	0.18951	0.04510	0.01440	0.01815	0.52271	0.08086	0.02072	0.01461	0.01420	0.00882	0.01045	0.00736	0.00548	0.00492	0.00145	0.00916	0.00380	0.00277	0.00683
93	0.01520	0.01177	0.01390	0.01042	0.01510	0.01085	0.03414	0.19554	0.08918	0.07148	0.01297	0.01364	0.00988	0.00534	0.00486	0.00124	0.00492	0.00432	0.00435	0.47091
94	0.00815	0.00560	0.00688	0.00688	0.00714	0.00586	0.00434	0.00866	0.00840	0.01146	0.01705	0.03307	0.01883	0.60796	0.22067	0.00637	0.00791	0.00763	0.00331	0.00382
95	0.00791	0.00575	0.00745	0.00703	0.00838	0.00529	0.00527	0.01052	0.01581	0.02229	0.73718	0.04250	0.08024	0.01161	0.00664	0.00177	0.00266	0.01024	0.00616	0.00529
96	0.02056	0.01233	0.01472	0.01284	0.07676	0.01275	0.00963	0.37416	0.02030	0.25664	0.01654	0.01622	0.01147	0.00665	0.00542	0.00166	0.00535	0.00527	0.11176	0.00896
97	0.01933	0.01384	0.01476	0.01156	0.01548	0.01523	0.00947	0.60512	0.03759	0.03269	0.01454	0.01497	0.01057	0.00674	0.00533	0.00163	0.00553	0.00512	0.15172	0.00879
98	0.01991	0.01433	0.01530	0.01190	0.01597	0.01579	0.00978	0.64831	0.02447	0.03350	0.01417	0.01453	0.01023	0.00673	0.00540	0.00164	0.00571	0.00509	0.11827	0.00898
99	0.08527	0.01064	0.01305	0.01030	0.01446	0.01029	0.00844	0.10178	0.11122	0.54277	0.02030	0.01805	0.01330	0.00690	0.00550	0.00176	0.00486	0.00549	0.00640	0.00923
100	0.00682	0.00504	0.00638	0.00745	0.00806	0.00460	0.00505	0.00788	0.01115	0.01452	0.03572	0.66385	0.16889	0.01702	0.00709	0.00222	0.00319	0.01525	0.00522	0.00460
101	0.00703	0.00520	0.00659	0.00743	0.00820	0.00476	0.00518	0.00836	0.01189	0.01570	0.13533	0.54543	0.16600	0.01615	0.00703	0.00216	0.00316	0.03432	0.00536	0.00472
102	0.01225	0.00609	0.00653	0.00607	0.00773	0.00603	0.00460	0.04230	0.01258	0.09611	0.01852	0.02145	0.01455	0.05356	0.00563	0.00161	0.00314	0.00545	0.67007	0.00574
103	0.63014	0.01010	0.00823	0.00733	0.01046	0.01151	0.00597	0.06196	0.01107	0.02507	0.01022	0.01170	0.00792	0.00558	0.00370	0.00166	0.00414	0.00360	0.16350	0.00615
104	0.00691	0.00543	0.00647	0.00698	0.00814	0.00498	0.00501	0.00824	0.01152	0.01459	0.04125	0.34414	0.37907	0.01924	0.10803	0.00299	0.00461	0.01274	0.00494	0.00472
105	0.12373	0.02144	0.01519	0.11271	0.01908	0.52088	0.01099	0.01995	0.01393	0.01530	0.00865	0.01082	0.00715	0.00604	0.00604	0.00162	0.07336	0.00383	0.00289	0.00640
106	0.00717	0.00527	0.00679	0.00779	0.00854	0.00489	0.00558	0.00852	0.01167	0.01529	0.07806	0.54755	0.14756	0.01649	0.00715	0.00224	0.00341	0.10605	0.00528	0.00472
107	0.01107	0.00724	0.00887	0.00814	0.00926	0.00768	0.00574	0.09669	0.01116	0.07292	0.01671	0.02847	0.01679	0.43498	0.22183	0.00563	0.02091	0.00700	0.00382	0.00507
108	0.01217	0.01142	0.07341	0.03993	0.01368	0.07159	0.00876	0.06098	0.06301	0.07504	0.02273	0.24104	0.08285	0.05537	0.00834	0.00214	0.06472	0.03307	0.00447	0.05529
109	0.01643	0.01719	0.01796	0.19034	0.04754	0.27477	0.10585	0.08057	0.11779	0.04497	0.01301	0.01481	0.02139	0.00611	0.00560	0.00171	0.00793	0.00507	0.00360	0.00734

[dist]
# distance from previous block
# <min> <max>
0	1

[block]
# block no. 2 follows, 42 sequences, length 19
# corresponding to MSA columns:
# 384-402
name=unknown_C
#
# <colnr> <probs for GDERKNQSTAVLIFYWHMCP>
#	G	D	E	R	K	N	Q	S	T	A	V	L	I	F	Y	W	H	M	C	P
0	0.01818	0.01316	0.01419	0.01195	0.01510	0.08510	0.00978	0.32410	0.01880	0.14992	0.01720	0.04802	0.01456	0.01074	0.05313	0.00233	0.06521	0.11549	0.00512	0.00793
1	0.07666	0.01132	0.01346	0.01038	0.01429	0.01125	0.06725	0.26138	0.01674	0.02524	0.02839	0.01499	0.01082	0.00582	0.00481	0.00140	0.00493	0.00471	0.18129	0.23486
2	0.01364	0.45061	0.25498	0.01371	0.01972	0.01826	0.12501	0.01732	0.01185	0.01535	0.00905	0.01083	0.00739	0.00496	0.00460	0.00148	0.00724	0.00391	0.00246	0.00761
3	0.00832	0.00621	0.00722	0.00719	0.00899	0.00563	0.00566	0.01075	0.03900	0.04580	0.21023	0.05060	0.42136	0.01336	0.00678	0.00199	0.00334	0.13680	0.00552	0.00528
4	0.00858	0.00631	0.00785	0.00723	0.00908	0.00551	0.00542	0.01083	0.01431	0.03848	0.46002	0.13176	0.13949	0.01153	0.00635	0.00172	0.00301	0.01009	0.00558	0.11686
5	0.01248	0.01190	0.02023	0.36442	0.44852	0.01299	0.01655	0.01601	0.01213	0.01663	0.01033	0.01440	0.00830	0.00528	0.00560	0.00176	0.00704	0.00501	0.00266	0.00775
6	0.01151	0.01090	0.01847	0.58733	0.23324	0.01273	0.01607	0.01515	0.01167	0.01545	0.01016	0.01472	0.00788	0.00546	0.00561	0.00182	0.00728	0.00500	0.00258	0.00696
7	0.00978	0.00489	0.00733	0.00733	0.00733	0.00489	0.00489	0.00733	0.00733	0.00978	0.00978	0.01711	0.00978	0.01955	0.02199	0.83627	0.00489	0.00489	0.00244	0.00244
8	0.05209	0.00638	0.00710	0.00700	0.00853	0.00613	0.00511	0.01104	0.07353	0.01812	0.25614	0.14383	0.28638	0.08350	0.00845	0.00222	0.00329	0.01067	0.00530	0.00518
9	0.14119	0.02001	0.01520	0.01308	0.01617	0.38466	0.01028	0.21073	0.01697	0.02112	0.00969	0.01111	0.00770	0.00640	0.00643	0.00166	0.09267	0.00406	0.00365	0.00722
10	0.01129	0.02911	0.77306	0.01604	0.02436	0.01307	0.02079	0.01782	0.01188	0.01782	0.01010	0.01188	0.00713	0.00535	0.00535	0.00178	0.00832	0.00416	0.00238	0.00832
11	0.01161	0.00662	0.00818	0.00733	0.00955	0.00580	0.00566	0.01367	0.01471	0.19916	0.31495	0.06695	0.29071	0.01158	0.00643	0.00183	0.00326	0.00989	0.00601	0.00611
12	0.04580	0.01366	0.01789	0.01394	0.01809	0.01464	0.13458	0.33572	0.15215	0.11276	0.01606	0.01753	0.01195	0.00699	0.00627	0.00183	0.03267	0.03362	0.00513	0.00872
13	0.05758	0.02147	0.41029	0.01386	0.01994	0.01396	0.01524	0.13070	0.21851	0.02243	0.01401	0.01448	0.01020	0.00618	0.00539	0.00180	0.00673	0.00484	0.00384	0.00855
14	0.01049	0.00525	0.00525	0.00525	0.00656	0.00525	0.00393	0.01311	0.01180	0.02098	0.01836	0.02098	0.01442	0.00656	0.00393	0.00131	0.00262	0.00525	0.83346	0.00525
15	0.00719	0.00565	0.00654	0.00689	0.00822	0.00508	0.00502	0.00908	0.03163	0.01636	0.15728	0.28281	0.38372	0.01475	0.00683	0.00202	0.00307	0.03758	0.00539	0.00490
16	0.01664	0.01786	0.01835	0.01623	0.07393	0.29401	0.14807	0.10927	0.10028	0.01836	0.01256	0.01612	0.01055	0.09692	0.00851	0.00211	0.02413	0.00533	0.00359	0.00719
17	0.08053	0.01846	0.01744	0.01420	0.01783	0.27100	0.09436	0.30225	0.01867	0.02354	0.01154	0.04034	0.00929	0.00665	0.00614	0.00170	0.04930	0.00500	0.00406	0.00771
18	0.01409	0.01314	0.01886	0.12665	0.34844	0.04378	0.01420	0.10026	0.06638	0.01903	0.01184	0.04224	0.01008	0.00677	0.00779	0.00186	0.13790	0.00544	0.00332	0.00792

[dist]
# distance from previous block
# <min> <max>
0	36

[block]
# block no. 3 follows, 42 sequences, length 31
# corresponding to MSA columns:
# 439-469
name=unknown_D
#
# <colnr> <probs for GDERKNQSTAVLIFYWHMCP>
#	G	D	E	R	K	N	Q	S	T	A	V	L	I	F	Y	W	H	M	C	P
0	0.01942	0.11945	0.01740	0.01307	0.01620	0.38390	0.01046	0.09145	0.05037	0.11059	0.01124	0.01223	0.00879	0.00650	0.00671	0.00163	0.10534	0.00423	0.00369	0.00735
1	0.11713	0.01411	0.14324	0.01244	0.05544	0.01050	0.06596	0.02713	0.01181	0.03406	0.01006	0.01197	0.00798	0.00493	0.00522	0.00134	0.03971	0.00392	0.00319	0.41985
2	0.00870	0.00634	0.00856	0.00959	0.01096	0.00619	0.00825	0.01116	0.01312	0.01699	0.07774	0.06103	0.12386	0.01514	0.00757	0.00246	0.00474	0.59722	0.00525	0.00514
3	0.00840	0.00592	0.00726	0.00682	0.00846	0.00529	0.00515	0.01068	0.01505	0.05567	0.52573	0.04445	0.25609	0.01208	0.00660	0.00181	0.00281	0.01045	0.00595	0.00535
4	0.01305	0.01461	0.03124	0.09773	0.05861	0.01403	0.64837	0.01765	0.01307	0.01769	0.01122	0.01512	0.00845	0.00484	0.00650	0.00189	0.00919	0.00642	0.00281	0.00751
5	0.00954	0.00589	0.00738	0.00720	0.00786	0.00591	0.00474	0.01031	0.00963	0.07903	0.05522	0.09659	0.02172	0.48927	0.16084	0.00534	0.00683	0.00832	0.00394	0.00444
6	0.01231	0.01231	0.01724	0.01477	0.01477	0.01724	0.01231	0.01354	0.00862	0.01354	0.00739	0.01231	0.00739	0.00985	0.01847	0.00246	0.79192	0.00492	0.00246	0.00616
7	0.15852	0.00979	0.01228	0.00959	0.01380	0.00898	0.00792	0.02565	0.01504	0.64932	0.01986	0.01752	0.01265	0.00668	0.00530	0.00174	0.00472	0.00523	0.00640	0.00901
8	0.00897	0.00709	0.00832	0.00878	0.01005	0.00739	0.00626	0.01442	0.23307	0.01715	0.03021	0.52107	0.07618	0.01445	0.00672	0.00215	0.00359	0.01287	0.00537	0.00587
9	0.01097	0.00844	0.00956	0.00899	0.01115	0.00888	0.00680	0.01869	0.32383	0.05722	0.20386	0.15722	0.12938	0.01104	0.00630	0.00193	0.00364	0.00954	0.00575	0.00682
10	0.00722	0.00516	0.00694	0.00825	0.00873	0.00488	0.00585	0.00846	0.01113	0.01477	0.03082	0.67860	0.03643	0.01729	0.00728	0.00234	0.00358	0.13238	0.00522	0.00467
11	0.00740	0.00529	0.00714	0.00835	0.00894	0.00503	0.00607	0.00881	0.01150	0.01531	0.06657	0.60032	0.03694	0.01687	0.00729	0.00233	0.00366	0.17219	0.00526	0.00474
12	0.00983	0.00686	0.00829	0.00782	0.00830	0.00793	0.00566	0.01108	0.00970	0.01522	0.01642	0.06867	0.01640	0.30393	0.01651	0.00316	0.17778	0.00687	0.29483	0.00473
13	0.01456	0.01317	0.10979	0.04149	0.05859	0.01154	0.04516	0.23476	0.05292	0.08858	0.02080	0.20009	0.06498	0.00943	0.00607	0.00188	0.00558	0.00813	0.00481	0.00765
14	0.00819	0.00578	0.00662	0.00670	0.00832	0.00501	0.00491	0.00967	0.01281	0.07127	0.11101	0.24466	0.45602	0.01435	0.00672	0.00198	0.00308	0.01234	0.00544	0.00511
15	0.01234	0.01175	0.01998	0.39670	0.41734	0.01295	0.01648	0.01588	0.01206	0.01646	0.01031	0.01444	0.00824	0.00531	0.00560	0.00177	0.00708	0.00501	0.00265	0.00764
16	0.06061	0.01146	0.01261	0.01101	0.01344	0.10864	0.05347	0.14931	0.01430	0.07554	0.01655	0.14460	0.01546	0.04240	0.20073	0.00374	0.01978	0.00704	0.03280	0.00651
17	0.09546	0.02063	0.01952	0.01577	0.01967	0.39252	0.18627	0.14748	0.01655	0.01964	0.01010	0.01184	0.00786	0.00566	0.00540	0.00163	0.00876	0.00454	0.00342	0.00727
18	0.01505	0.80561	0.02949	0.00963	0.01444	0.02227	0.00963	0.01685	0.01143	0.01324	0.00782	0.00903	0.00722	0.00481	0.00361	0.00120	0.00602	0.00301	0.00241	0.00722
19	0.01262	0.01179	0.01950	0.25925	0.45767	0.01234	0.01543	0.01599	0.01221	0.01726	0.01063	0.01431	0.00863	0.00518	0.00541	0.00165	0.00658	0.00488	0.03141	0.07726
20	0.00877	0.00796	0.01447	0.01257	0.01449	0.00745	0.22599	0.01087	0.01152	0.01546	0.02517	0.56530	0.02868	0.01379	0.00702	0.00217	0.00512	0.01321	0.00452	0.00547
21	0.04638	0.01148	0.01388	0.01083	0.01498	0.01135	0.00887	0.27459	0.01919	0.45341	0.01929	0.06073	0.01351	0.00744	0.00567	0.00175	0.00517	0.00596	0.00631	0.00919
22	0.00773	0.00591	0.00720	0.00801	0.00890	0.00579	0.00556	0.01065	0.10527	0.01564	0.03349	0.60020	0.13260	0.01591	0.00693	0.00219	0.00336	0.01423	0.00529	0.00514
23	0.01131	0.01677	0.24599	0.28477	0.02863	0.01302	0.16974	0.01575	0.01172	0.01615	0.01273	0.01607	0.05017	0.00621	0.00694	0.00191	0.07691	0.00547	0.00269	0.00706
24	0.01393	0.01337	0.02284	0.03454	0.76712	0.01337	0.01727	0.01727	0.01281	0.01839	0.01059	0.01393	0.00891	0.00501	0.00557	0.00167	0.00669	0.00501	0.00279	0.00891
25	0.00997	0.00764	0.00846	0.00805	0.00997	0.00749	0.00603	0.17125	0.01511	0.01938	0.03822	0.30867	0.34073	0.01379	0.00661	0.00199	0.00373	0.01183	0.00531	0.00575
26	0.00816	0.00578	0.00686	0.00680	0.00835	0.00509	0.00502	0.00993	0.01361	0.05989	0.27711	0.19217	0.35343	0.01361	0.00669	0.00192	0.00298	0.01178	0.00563	0.00517
27	0.01759	0.01601	0.10974	0.01254	0.04171	0.10507	0.01068	0.28963	0.08488	0.08997	0.01483	0.01537	0.01086	0.00647	0.00524	0.00163	0.00606	0.00498	0.14853	0.00821
28	0.01479	0.01652	0.18099	0.01281	0.01710	0.05307	0.01214	0.21468	0.21771	0.02367	0.01816	0.02453	0.01532	0.00831	0.00597	0.00193	0.00620	0.14326	0.00471	0.00812
29	0.00734	0.00526	0.00722	0.00805	0.00864	0.00530	0.00568	0.00873	0.01060	0.01463	0.06444	0.52685	0.03113	0.02364	0.21607	0.00406	0.00641	0.01269	0.02850	0.00475
30	0.04391	0.04385	0.08595	0.09749	0.01679	0.10406	0.01009	0.13677	0.06200	0.03427	0.04446	0.20781	0.01786	0.01144	0.05576	0.00231	0.00653	0.00767	0.00422	0.00677

[dist]
# distance from previous block
# <min> <max>
1	6

[block]
# block no. 4 follows, 42 sequences, length 18
# corresponding to MSA columns:
# 480-497
name=unknown_E
#
# <colnr> <probs for GDERKNQSTAVLIFYWHMCP>
#	G	D	E	R	K	N	Q	S	T	A	V	L	I	F	Y	W	H	M	C	P
0	0.01481	0.09981	0.01761	0.09779	0.18516	0.01397	0.01184	0.23252	0.05967	0.02271	0.05773	0.03578	0.01540	0.00772	0.00577	0.00180	0.00593	0.10183	0.00428	0.00786
1	0.42707	0.01451	0.01253	0.01037	0.01420	0.09488	0.00844	0.31051	0.01701	0.02814	0.01020	0.01100	0.00761	0.00590	0.00451	0.00169	0.00570	0.00392	0.00428	0.00753
2	0.01442	0.01399	0.09433	0.01124	0.01539	0.06253	0.03395	0.19154	0.07057	0.04270	0.06593	0.07376	0.01498	0.04268	0.00643	0.00170	0.00560	0.00587	0.00435	0.22804
3	0.00945	0.00844	0.01021	0.00991	0.01078	0.05996	0.00754	0.01093	0.01066	0.01448	0.06520	0.28782	0.05328	0.02040	0.20135	0.00385	0.17136	0.00946	0.00394	0.03096
4	0.01902	0.01021	0.01247	0.01009	0.01362	0.01011	0.00814	0.16194	0.11672	0.35785	0.19188	0.02360	0.02257	0.00806	0.00589	0.00176	0.00452	0.00668	0.00637	0.00850
5	0.01397	0.11646	0.35196	0.01426	0.01988	0.20359	0.06375	0.03146	0.01330	0.01634	0.01464	0.01588	0.08811	0.00633	0.00531	0.00165	0.00796	0.00490	0.00291	0.00734
6	0.01049	0.00525	0.00525	0.00525	0.00656	0.00525	0.00393	0.01311	0.01180	0.02098	0.01836	0.02098	0.01442	0.00656	0.00393	0.00131	0.00262	0.00525	0.83346	0.00525
7	0.00763	0.00560	0.00752	0.00778	0.00834	0.00532	0.03514	0.00854	0.01039	0.01385	0.06873	0.43163	0.06393	0.28237	0.01438	0.00330	0.00421	0.01245	0.00457	0.00435
8	0.00727	0.00545	0.00684	0.00772	0.00869	0.00502	0.00571	0.00875	0.01195	0.01541	0.06878	0.42881	0.22939	0.01608	0.00713	0.00222	0.00350	0.15125	0.00526	0.00477
9	0.00670	0.00552	0.00589	0.00618	0.00773	0.00471	0.00449	0.00802	0.01237	0.01502	0.05120	0.22041	0.60234	0.01501	0.00677	0.00199	0.00294	0.01280	0.00523	0.00471
10	0.01162	0.01102	0.01868	0.56084	0.25882	0.01277	0.01613	0.01525	0.01172	0.01559	0.01018	0.01468	0.00793	0.00544	0.00561	0.00181	0.00726	0.00501	0.00259	0.00706
11	0.00918	0.00754	0.01248	0.01066	0.01221	0.00777	0.14725	0.01101	0.00964	0.01352	0.01545	0.02610	0.01535	0.31039	0.33037	0.00609	0.01005	0.00690	0.03310	0.00494
12	0.01294	0.00738	0.00958	0.00894	0.01112	0.00706	0.00713	0.02831	0.06589	0.20686	0.20676	0.11706	0.08058	0.01337	0.05073	0.00241	0.00464	0.14688	0.00580	0.00654
13	0.01602	0.01084	0.01470	0.04799	0.20582	0.01098	0.01042	0.16555	0.04418	0.17126	0.11319	0.02217	0.07184	0.00748	0.00571	0.00171	0.00510	0.00638	0.06061	0.00806
14	0.01602	0.11965	0.03644	0.01115	0.01398	0.19027	0.00921	0.05765	0.01337	0.14411	0.01427	0.06773	0.01223	0.01503	0.17723	0.00329	0.05940	0.00547	0.02667	0.00683
15	0.01141	0.01185	0.00960	0.00987	0.01123	0.24264	0.00717	0.01278	0.01297	0.01489	0.06784	0.40494	0.08208	0.01325	0.00651	0.00199	0.00545	0.06369	0.00456	0.00527
16	0.00978	0.00794	0.00791	0.00765	0.00890	0.05830	0.00529	0.08798	0.01242	0.01557	0.02985	0.19183	0.22036	0.29450	0.01439	0.00319	0.00471	0.01012	0.00447	0.00487
17	0.08926	0.00946	0.03390	0.00934	0.01107	0.04181	0.00721	0.06458	0.10361	0.01703	0.01743	0.13528	0.01733	0.17847	0.20873	0.00447	0.03392	0.00741	0.00394	0.00574

[dist]
# distance from previous block
# <min> <max>
3	101

[block]
# block no. 5 follows, 42 sequences, length 11
# corresponding to MSA columns:
# 604-614
name=unknown_F
#
# <colnr> <probs for GDERKNQSTAVLIFYWHMCP>
#	G	D	E	R	K	N	Q	S	T	A	V	L	I	F	Y	W	H	M	C	P
0	0.01106	0.00627	0.00700	0.00670	0.00839	0.00608	0.00501	0.01417	0.06791	0.09667	0.07260	0.11330	0.12924	0.04198	0.00618	0.00179	0.00320	0.00795	0.38875	0.00575
1	0.00929	0.00655	0.00846	0.00970	0.08633	0.00607	0.00602	0.01066	0.01184	0.07134	0.09703	0.20986	0.23814	0.18973	0.01151	0.00274	0.00405	0.01066	0.00478	0.00525
2	0.01393	0.42197	0.15435	0.01060	0.01571	0.07151	0.01080	0.01672	0.01190	0.01547	0.00933	0.01082	0.00785	0.00497	0.00414	0.00126	0.00618	0.00345	0.05442	0.15460
3	0.05929	0.00593	0.00714	0.00725	0.00829	0.00613	0.00522	0.00974	0.01028	0.01499	0.05723	0.13764	0.13975	0.18094	0.25078	0.00482	0.00729	0.00871	0.07390	0.00469
4	0.00714	0.00523	0.00656	0.00738	0.00807	0.00483	0.00509	0.00833	0.01143	0.01503	0.09838	0.50654	0.15693	0.08695	0.00900	0.00248	0.00343	0.04745	0.00514	0.00459
5	0.01454	0.01659	0.13199	0.02107	0.29085	0.13501	0.01414	0.01742	0.01260	0.07251	0.01272	0.09412	0.01145	0.00734	0.00751	0.00184	0.12156	0.00583	0.00326	0.00764
6	0.01766	0.01548	0.01597	0.04801	0.15008	0.17228	0.01117	0.21131	0.12572	0.08822	0.01601	0.05808	0.03053	0.00712	0.00563	0.00172	0.00654	0.00576	0.00453	0.00820
7	0.14966	0.00758	0.00803	0.00764	0.00959	0.00827	0.00607	0.06690	0.05385	0.02110	0.01695	0.02249	0.01439	0.01355	0.14230	0.00293	0.00571	0.07013	0.36699	0.00586
8	0.00702	0.00509	0.00667	0.00787	0.00840	0.00474	0.00546	0.00816	0.01111	0.01463	0.03298	0.68078	0.09441	0.01720	0.00719	0.00228	0.00339	0.07278	0.00522	0.00463
