[name]
unknown

[dist]
# distance from previous block
# <min> <max>
0	205

[block]
# block no. 0 follows, 46 sequences, length 122
# corresponding to MSA columns:
# 506-627
name=unknown_A
#
# <colnr> <probs for GDERKNQSTAVLIFYWHMCP>
#	G	D	E	R	K	N	Q	S	T	A	V	L	I	F	Y	W	H	M	C	P
0	0.01623	0.01402	0.09797	0.01502	0.11237	0.01305	0.05816	0.37112	0.01822	0.08525	0.01449	0.01920	0.01173	0.00784	0.02697	0.00190	0.00628	0.09768	0.00445	0.00804
1	0.01028	0.04995	0.28219	0.01260	0.02816	0.02775	0.08760	0.04476	0.06729	0.01641	0.01751	0.29682	0.01772	0.00927	0.00572	0.00183	0.00581	0.00824	0.00360	0.00651
2	0.06284	0.01196	0.07243	0.18894	0.14400	0.01101	0.06578	0.09386	0.01295	0.05772	0.05252	0.01421	0.01024	0.00529	0.00498	0.00149	0.00580	0.00463	0.00333	0.17599
3	0.01050	0.16634	0.11571	0.01193	0.10733	0.01013	0.00933	0.01280	0.01088	0.03431	0.01641	0.29603	0.01735	0.00885	0.00517	0.00157	0.00477	0.00767	0.00350	0.14943
4	0.01294	0.01226	0.01424	0.06114	0.17466	0.14603	0.04515	0.05633	0.08808	0.03777	0.01586	0.19516	0.01520	0.00813	0.00581	0.00170	0.02910	0.00702	0.04534	0.02809
5	0.00662	0.00483	0.00630	0.00718	0.00770	0.00462	0.00491	0.00764	0.01001	0.01326	0.02940	0.59379	0.11296	0.06385	0.09753	0.00300	0.00441	0.01312	0.00457	0.00430
6	0.01000	0.00642	0.00876	0.00947	0.07662	0.00601	0.00639	0.01183	0.01232	0.13402	0.19795	0.21381	0.16844	0.01473	0.09589	0.00257	0.00463	0.00961	0.00493	0.00561
7	0.06186	0.01954	0.31133	0.01598	0.10188	0.13982	0.09931	0.01773	0.04709	0.05746	0.03230	0.05035	0.01026	0.00586	0.00519	0.00165	0.00713	0.00496	0.00306	0.00724
8	0.01590	0.01903	0.01421	0.06443	0.01652	0.52040	0.05438	0.01761	0.01336	0.01340	0.01152	0.10268	0.01081	0.00947	0.06974	0.00208	0.00879	0.00521	0.02466	0.00582
9	0.01166	0.01082	0.01780	0.48761	0.29352	0.01231	0.01494	0.05929	0.01193	0.01600	0.00978	0.01366	0.00762	0.00515	0.00527	0.00168	0.00671	0.00471	0.00262	0.00693
10	0.10637	0.01305	0.10803	0.01092	0.01469	0.02809	0.05152	0.12635	0.24120	0.04092	0.05173	0.05630	0.02860	0.02846	0.00571	0.00174	0.00509	0.00569	0.00432	0.07120
11	0.01508	0.07281	0.02097	0.06590	0.25849	0.09166	0.16901	0.05716	0.01321	0.11523	0.02724	0.01379	0.00939	0.00540	0.00582	0.00162	0.04144	0.00494	0.00330	0.00755
12	0.00787	0.00483	0.00574	0.00629	0.00705	0.00463	0.00439	0.00951	0.01093	0.01653	0.09833	0.39917	0.04034	0.03533	0.00612	0.00183	0.00284	0.01038	0.32332	0.00457
13	0.01114	0.15644	0.61621	0.01349	0.02037	0.01328	0.01688	0.01634	0.01109	0.01620	0.00958	0.01121	0.00711	0.00501	0.00468	0.00156	0.00715	0.00379	0.05100	0.00748
14	0.01908	0.02298	0.01604	0.03701	0.01759	0.64096	0.05390	0.10095	0.01578	0.01539	0.00884	0.01028	0.00712	0.00548	0.00492	0.00142	0.00902	0.00375	0.00299	0.00649
15	0.00644	0.00460	0.00613	0.00736	0.00767	0.00429	0.00491	0.00736	0.01012	0.01350	0.02914	0.81076	0.03497	0.01656	0.00675	0.00215	0.00307	0.01503	0.00491	0.00429
16	0.00851	0.00531	0.00681	0.00720	0.00828	0.00480	0.00510	0.00980	0.01153	0.10324	0.11251	0.51426	0.15402	0.01428	0.00645	0.00198	0.00311	0.01270	0.00519	0.00494
17	0.01259	0.01206	0.02057	0.15403	0.66348	0.01243	0.01598	0.01579	0.01181	0.01668	0.00986	0.01324	0.00816	0.00480	0.00524	0.00160	0.00640	0.00471	0.00257	0.00798
18	0.01016	0.00958	0.01618	0.75693	0.07958	0.01179	0.01477	0.01366	0.01066	0.01373	0.00943	0.01404	0.00712	0.00525	0.00528	0.00175	0.00700	0.00470	0.00236	0.00602
19	0.01094	0.01037	0.01759	0.56370	0.26672	0.01200	0.01516	0.01435	0.01102	0.01467	0.00957	0.01378	0.00746	0.00511	0.00527	0.00170	0.00681	0.00470	0.00243	0.00665
20	0.00741	0.00501	0.00585	0.00612	0.00619	0.00494	0.00358	0.00761	0.00823	0.01097	0.01944	0.20788	0.02273	0.63613	0.02241	0.00446	0.00467	0.00933	0.00358	0.00345
21	0.00769	0.00513	0.00577	0.00577	0.00577	0.00513	0.00320	0.00769	0.00769	0.01025	0.01666	0.03460	0.01922	0.81421	0.02691	0.00513	0.00513	0.00769	0.00320	0.00320
22	0.00735	0.00557	0.00775	0.00767	0.00879	0.00597	0.00590	0.00928	0.01032	0.01437	0.17445	0.02892	0.13163	0.03001	0.52002	0.00614	0.01014	0.00725	0.00374	0.00474
23	0.01327	0.00904	0.01023	0.00902	0.01177	0.00948	0.00705	0.02164	0.38874	0.17003	0.14067	0.02732	0.14186	0.00859	0.00563	0.00174	0.00375	0.00721	0.00560	0.00736
24	0.01674	0.01855	0.01369	0.01145	0.01502	0.43304	0.00882	0.10166	0.01469	0.01671	0.00910	0.01038	0.00741	0.00502	0.00453	0.00119	0.00717	0.00346	0.00315	0.29822
25	0.02048	0.01419	0.01548	0.01187	0.01609	0.01548	0.00981	0.68502	0.02382	0.11337	0.01356	0.01326	0.00943	0.00637	0.00529	0.00159	0.00568	0.00482	0.00542	0.00899
26	0.00767	0.00519	0.00608	0.00608	0.00618	0.00529	0.00359	0.00789	0.00778	0.01048	0.01637	0.03302	0.01854	0.72587	0.11431	0.00551	0.00616	0.00746	0.00316	0.00338
27	0.01077	0.06494	0.75069	0.01478	0.02244	0.01269	0.01903	0.01670	0.01114	0.01654	0.00939	0.01103	0.00670	0.00500	0.00495	0.00165	0.00771	0.00386	0.00223	0.00776
28	0.00626	0.00531	0.00540	0.00546	0.00717	0.00445	0.00406	0.00757	0.01195	0.01424	0.05223	0.09204	0.73878	0.01356	0.00628	0.00180	0.00270	0.01137	0.00491	0.00445
29	0.00755	0.00566	0.00850	0.00850	0.00944	0.00661	0.00661	0.00944	0.00850	0.01227	0.01416	0.02077	0.01322	0.03965	0.79326	0.00850	0.01416	0.00566	0.00283	0.00472
30	0.85155	0.01022	0.00777	0.00695	0.01022	0.01186	0.00573	0.01554	0.00900	0.02372	0.00736	0.00859	0.00573	0.00491	0.00327	0.00164	0.00409	0.00286	0.00327	0.00573
31	0.80185	0.01050	0.00825	0.00726	0.01059	0.01213	0.00598	0.06026	0.00994	0.02429	0.00768	0.00883	0.00592	0.00499	0.00339	0.00163	0.00419	0.00298	0.00339	0.00592
32	0.01543	0.00968	0.01139	0.00937	0.01233	0.00994	0.00749	0.23792	0.10891	0.19172	0.29604	0.02451	0.02572	0.00812	0.00565	0.00165	0.00412	0.00679	0.00577	0.00745
33	0.13902	0.01173	0.01322	0.01028	0.01431	0.01215	0.00849	0.34986	0.01856	0.34581	0.01535	0.01433	0.01024	0.00623	0.00502	0.00161	0.00502	0.00472	0.00553	0.00853
34	0.85155	0.01022	0.00777	0.00695	0.01022	0.01186	0.00573	0.01554	0.00900	0.02372	0.00736	0.00859	0.00573	0.00491	0.00327	0.00164	0.00409	0.00286	0.00327	0.00573
35	0.00650	0.00463	0.00612	0.00728	0.00757	0.00434	0.00482	0.00738	0.01000	0.01333	0.02852	0.77230	0.03418	0.05608	0.00775	0.00229	0.00317	0.01467	0.00482	0.00424
36	0.00727	0.00536	0.00656	0.00656	0.00734	0.00544	0.00454	0.00824	0.00910	0.01197	0.02550	0.03431	0.21619	0.34954	0.27380	0.00536	0.00746	0.00793	0.00353	0.00403
37	0.01413	0.81739	0.02770	0.00905	0.01357	0.02092	0.00905	0.01583	0.01074	0.01244	0.00735	0.00848	0.00678	0.00452	0.00339	0.00113	0.00565	0.00283	0.00226	0.00678
38	0.00755	0.00550	0.00775	0.00779	0.00848	0.00617	0.00571	0.00894	0.00834	0.01181	0.01522	0.04730	0.01534	0.23100	0.58027	0.00747	0.01160	0.00644	0.00298	0.00433
39	0.85155	0.01022	0.00777	0.00695	0.01022	0.01186	0.00573	0.01554	0.00900	0.02372	0.00736	0.00859	0.00573	0.00491	0.00327	0.00164	0.00409	0.00286	0.00327	0.00573
40	0.01096	0.00940	0.01096	0.00783	0.01253	0.00705	0.00626	0.01331	0.01096	0.01723	0.00940	0.01096	0.00783	0.00392	0.00392	0.00078	0.00392	0.00313	0.00313	0.84653
41	0.01474	0.01227	0.01295	0.00972	0.01413	0.05736	0.00785	0.28122	0.01615	0.02271	0.01050	0.01149	0.00818	0.00487	0.00446	0.00110	0.00493	0.00373	0.00388	0.49775
42	0.85155	0.01022	0.00777	0.00695	0.01022	0.01186	0.00573	0.01554	0.00900	0.02372	0.00736	0.00859	0.00573	0.00491	0.00327	0.00164	0.00409	0.00286	0.00327	0.00573
43	0.01036	0.00542	0.00547	0.00529	0.00667	0.00550	0.00401	0.04954	0.01177	0.02038	0.01702	0.01936	0.01332	0.00617	0.00377	0.00125	0.00263	0.00492	0.80203	0.00513
44	0.01756	0.00743	0.01008	0.00868	0.01142	0.00653	0.00675	0.01920	0.01335	0.50993	0.02381	0.30057	0.02088	0.01011	0.00583	0.00182	0.00399	0.00878	0.00596	0.00732
45	0.00650	0.00465	0.00619	0.00732	0.00768	0.00434	0.00491	0.00752	0.01041	0.01396	0.07393	0.76465	0.03586	0.01622	0.00672	0.00212	0.00303	0.01470	0.00496	0.00434
46	0.01305	0.01265	0.02194	0.03195	0.74389	0.01260	0.05318	0.01626	0.01206	0.01725	0.00998	0.01314	0.00836	0.00470	0.00528	0.00158	0.00641	0.00479	0.00262	0.00831
47	0.01842	0.05359	0.01438	0.01101	0.01449	0.12761	0.00895	0.36798	0.01862	0.15678	0.03301	0.01469	0.01090	0.00987	0.09033	0.00228	0.00685	0.00479	0.02767	0.00779
48	0.01261	0.02369	0.61597	0.01486	0.02194	0.01173	0.07827	0.01803	0.01183	0.12523	0.01119	0.01238	0.00771	0.00519	0.00516	0.00168	0.00743	0.00430	0.00288	0.00792
49	0.00663	0.00491	0.00619	0.00685	0.00762	0.00447	0.00476	0.00796	0.01151	0.01529	0.19465	0.50822	0.17203	0.01475	0.00655	0.00198	0.00287	0.01316	0.00510	0.00447
50	0.01040	0.02622	0.74814	0.01469	0.02213	0.01188	0.01881	0.01628	0.01111	0.01658	0.01046	0.05078	0.00810	0.00559	0.00511	0.00170	0.00758	0.00446	0.00236	0.00764
51	0.05781	0.04611	0.01865	0.14175	0.21817	0.18859	0.09780	0.08698	0.06174	0.01761	0.01030	0.01256	0.00813	0.00525	0.00509	0.00158	0.00712	0.00451	0.00305	0.00720
52	0.00700	0.00528	0.00764	0.00811	0.00870	0.00498	0.05004	0.00805	0.01001	0.01335	0.02647	0.65071	0.03131	0.11432	0.00922	0.00250	0.00371	0.02971	0.00456	0.00434
53	0.00918	0.00459	0.00689	0.00689	0.00689	0.00459	0.00459	0.00689	0.00689	0.00918	0.00918	0.01607	0.00918	0.01837	0.02066	0.84619	0.00459	0.00459	0.00230	0.00230
54	0.00998	0.00940	0.01586	0.80150	0.03641	0.01175	0.01468	0.01351	0.01057	0.01351	0.00940	0.01409	0.00705	0.00529	0.00529	0.00176	0.00705	0.00470	0.00235	0.00587
55	0.01142	0.01396	0.17769	0.11423	0.08867	0.02364	0.13509	0.03658	0.01119	0.03678	0.01109	0.01455	0.00888	0.01088	0.12697	0.00277	0.09951	0.00494	0.06453	0.00663
56	0.01134	0.01119	0.01559	0.01341	0.01341	0.01555	0.01108	0.01243	0.00807	0.01258	0.00750	0.01290	0.00765	0.05591	0.01790	0.00248	0.75820	0.00480	0.00236	0.00563
57	0.00768	0.00514	0.00583	0.00583	0.00585	0.00516	0.00328	0.00773	0.00771	0.01030	0.01660	0.03427	0.01908	0.79583	0.04509	0.00521	0.00534	0.00764	0.00319	0.00324
58	0.00697	0.00550	0.00630	0.00608	0.00763	0.00489	0.00456	0.00914	0.02944	0.01768	0.39206	0.04489	0.42179	0.01205	0.00622	0.00173	0.00262	0.01030	0.00535	0.00479
59	0.00705	0.00509	0.00647	0.00684	0.00747	0.00499	0.00468	0.00817	0.01015	0.01366	0.13090	0.30426	0.10946	0.21406	0.13868	0.00379	0.00524	0.01054	0.00428	0.00421
60	0.01133	0.00928	0.09973	0.00929	0.01128	0.00814	0.00799	0.01322	0.00981	0.15127	0.01468	0.02142	0.01319	0.21038	0.27751	0.00485	0.09573	0.00575	0.01953	0.00561
61	0.01291	0.54310	0.29126	0.01114	0.01680	0.01792	0.01269	0.01615	0.01089	0.01393	0.00809	0.00941	0.00675	0.00470	0.00396	0.00132	0.00640	0.00320	0.00225	0.00714
62	0.01183	0.30164	0.52326	0.01298	0.01965	0.01528	0.01589	0.01643	0.01102	0.01525	0.00875	0.01023	0.00673	0.00485	0.00446	0.00149	0.00706	0.00353	0.00224	0.00746
63	0.00839	0.00600	0.00838	0.00959	0.01076	0.00598	0.00830	0.01074	0.01205	0.01568	0.02806	0.10453	0.03070	0.01472	0.00727	0.00242	0.00476	0.70197	0.00487	0.00483
64	0.00669	0.00476	0.00631	0.00747	0.00783	0.00449	0.00511	0.00768	0.01015	0.01350	0.02832	0.70305	0.03367	0.06263	0.00796	0.00234	0.00334	0.07561	0.00481	0.00428
65	0.01070	0.02670	0.74938	0.01543	0.02312	0.01233	0.05632	0.01675	0.01123	0.01675	0.00955	0.01131	0.00676	0.00499	0.00508	0.00168	0.00787	0.00402	0.00225	0.00778
66	0.00680	0.00542	0.00613	0.00607	0.00764	0.00474	0.00463	0.00860	0.01302	0.01667	0.29116	0.04769	0.48955	0.01262	0.00631	0.00179	0.00276	0.05855	0.00521	0.00466
67	0.01701	0.01257	0.01438	0.02969	0.09763	0.01373	0.00963	0.50033	0.05778	0.02825	0.01355	0.01433	0.01003	0.00616	0.00501	0.00154	0.00523	0.00484	0.15019	0.00812
68	0.45951	0.00904	0.00825	0.00722	0.01013	0.00991	0.00583	0.04571	0.05513	0.12484	0.01255	0.01330	0.00930	0.00561	0.00385	0.00155	0.00383	0.00394	0.20424	0.00625
69	0.01468	0.01143	0.01256	0.01015	0.01397	0.01180	0.00810	0.18816	0.34117	0.06742	0.01601	0.01552	0.01196	0.00601	0.00493	0.00145	0.00449	0.00484	0.00478	0.25057
70	0.01095	0.00663	0.00607	0.00581	0.00728	0.05260	0.00440	0.05007	0.01200	0.01998	0.01648	0.01875	0.01292	0.00613	0.00384	0.00126	0.00305	0.00483	0.75176	0.00520
71	0.00646	0.00506	0.00586	0.00631	0.00744	0.00445	0.00449	0.00776	0.01160	0.01474	0.12492	0.35746	0.39587	0.01439	0.00645	0.00192	0.00281	0.01255	0.00501	0.00445
72	0.01315	0.01136	0.01195	0.01076	0.01375	0.01315	0.00837	0.02809	0.77168	0.02211	0.02152	0.01972	0.01614	0.00717	0.00538	0.00179	0.00418	0.00598	0.00538	0.00837
73	0.01096	0.00940	0.01096	0.00783	0.01253	0.00705	0.00626	0.01331	0.01096	0.01723	0.00940	0.01096	0.00783	0.00392	0.00392	0.00078	0.00392	0.00313	0.00313	0.84653
74	0.00866	0.00726	0.01048	0.00984	0.01048	0.00917	0.00780	0.01026	0.00835	0.01230	0.01230	0.01893	0.01179	0.06967	0.54214	0.00663	0.23084	0.00548	0.00271	0.00494
75	0.01700	0.01586	0.01434	0.01180	0.01521	0.28210	0.06397	0.18038	0.04123	0.10705	0.03309	0.01757	0.10208	0.00671	0.00522	0.00150	0.00654	0.00525	0.00416	0.06896
76	0.00827	0.00591	0.00758	0.00690	0.00850	0.00540	0.00523	0.01107	0.03406	0.04067	0.68911	0.03656	0.04531	0.01015	0.00604	0.00161	0.00268	0.00894	0.00565	0.06035
77	0.00644	0.00460	0.00613	0.00736	0.00767	0.00429	0.00491	0.00736	0.01012	0.01350	0.02914	0.81076	0.03497	0.01656	0.00675	0.00215	0.00307	0.01503	0.00491	0.00429
78	0.01308	0.01256	0.02146	0.03245	0.78123	0.01256	0.01622	0.01622	0.01204	0.01727	0.00994	0.01308	0.00837	0.00471	0.00523	0.00157	0.00628	0.00471	0.00262	0.00837
79	0.01832	0.01071	0.01248	0.01033	0.01391	0.01121	0.00829	0.10146	0.37665	0.34540	0.02035	0.01828	0.01413	0.00682	0.00534	0.00171	0.00448	0.00557	0.00586	0.00870
80	0.02010	0.01481	0.01587	0.01216	0.01639	0.01639	0.01005	0.76360	0.02486	0.03332	0.01269	0.01269	0.00899	0.00635	0.00529	0.00159	0.00582	0.00476	0.00529	0.00899
81	0.85155	0.01022	0.00777	0.00695	0.01022	0.01186	0.00573	0.01554	0.00900	0.02372	0.00736	0.00859	0.00573	0.00491	0.00327	0.00164	0.00409	0.00286	0.00327	0.00573
82	0.01157	0.01157	0.01619	0.01388	0.01388	0.01619	0.01157	0.01272	0.00810	0.01272	0.00694	0.01157	0.00694	0.00925	0.01735	0.00231	0.80453	0.00463	0.00231	0.00578
83	0.00745	0.00540	0.00702	0.00662	0.00788	0.00497	0.00496	0.00992	0.01489	0.02102	0.75993	0.03978	0.06850	0.01087	0.00624	0.00167	0.00250	0.00960	0.00580	0.00497
84	0.06267	0.77061	0.02655	0.00892	0.01337	0.02039	0.00885	0.01581	0.01064	0.01309	0.00735	0.00849	0.00672	0.00455	0.00339	0.00116	0.00556	0.00283	0.00232	0.00672
85	0.01016	0.00958	0.01618	0.75693	0.07958	0.01179	0.01477	0.01366	0.01066	0.01373	0.00943	0.01404	0.00712	0.00525	0.00528	0.00175	0.00700	0.00470	0.00236	0.00602
86	0.00769	0.00513	0.00577	0.00577	0.00577	0.00513	0.00320	0.00769	0.00769	0.01025	0.01666	0.03460	0.01922	0.81421	0.02691	0.00513	0.00513	0.00769	0.00320	0.00320
87	0.01311	0.01153	0.01310	0.01145	0.01458	0.01316	0.05342	0.02742	0.72630	0.02180	0.02087	0.01940	0.01565	0.00701	0.00543	0.00179	0.00447	0.00599	0.00522	0.00829
88	0.01413	0.81739	0.02770	0.00905	0.01357	0.02092	0.00905	0.01583	0.01074	0.01244	0.00735	0.00848	0.00678	0.00452	0.00339	0.00113	0.00565	0.00283	0.00226	0.00678
89	0.00722	0.00513	0.00652	0.00735	0.00779	0.00495	0.00490	0.04111	0.01044	0.01392	0.02665	0.66621	0.03160	0.12811	0.00951	0.00254	0.00348	0.01354	0.00469	0.00435
90	0.00852	0.00608	0.00852	0.00974	0.01095	0.00608	0.00852	0.01095	0.01217	0.01582	0.02799	0.05963	0.03042	0.01460	0.00730	0.00243	0.00487	0.74565	0.00487	0.00487
91	0.00697	0.00533	0.00604	0.00590	0.00740	0.00470	0.00441	0.00884	0.01314	0.01741	0.34685	0.05971	0.42058	0.01197	0.00610	0.00171	0.00260	0.01021	0.05541	0.00470
92	0.01207	0.01281	0.08620	0.22641	0.36295	0.01244	0.01451	0.01799	0.16709	0.01724	0.01213	0.01453	0.00947	0.00539	0.00526	0.00167	0.00619	0.00489	0.00308	0.00767
93	0.01470	0.73730	0.02642	0.00951	0.01385	0.09897	0.00916	0.01636	0.01117	0.01249	0.00743	0.00859	0.00679	0.00462	0.00353	0.00115	0.00605	0.00289	0.00231	0.00672
94	0.01065	0.00937	0.09377	0.00902	0.01152	0.00773	0.00781	0.03911	0.13880	0.09522	0.25911	0.15699	0.05843	0.01035	0.00601	0.00183	0.00395	0.06894	0.00515	0.00624
95	0.00980	0.00765	0.01041	0.01154	0.13759	0.00752	0.00741	0.09555	0.01552	0.02175	0.54856	0.03234	0.05446	0.00935	0.00596	0.00164	0.00350	0.00825	0.00521	0.00599
96	0.01421	0.01359	0.01244	0.01122	0.01417	0.13909	0.00867	0.02696	0.64948	0.02063	0.01936	0.01808	0.01463	0.00689	0.00528	0.00172	0.00505	0.00556	0.00495	0.00801
97	0.32233	0.01463	0.01477	0.01591	0.18879	0.20479	0.07093	0.03125	0.01194	0.01876	0.00972	0.01334	0.00828	0.00555	0.00460	0.00161	0.00640	0.04678	0.00307	0.00655
98	0.01290	0.54061	0.29364	0.01116	0.01683	0.01789	0.01272	0.01615	0.01089	0.01395	0.00810	0.00942	0.00675	0.00470	0.00396	0.00132	0.00641	0.00321	0.00225	0.00714
99	0.00938	0.00502	0.00537	0.00537	0.00643	0.00511	0.00392	0.01151	0.01045	0.01791	0.01688	0.02152	0.01417	0.10238	0.08213	0.00238	0.00389	0.00532	0.66616	0.00471
100	0.00742	0.00543	0.00771	0.00789	0.00859	0.00604	0.00581	0.00886	0.00859	0.01211	0.01668	0.13459	0.01727	0.16344	0.55649	0.00705	0.01111	0.00732	0.00319	0.00441
101	0.00998	0.00940	0.01586	0.80150	0.03641	0.01175	0.01468	0.01351	0.01057	0.01351	0.00940	0.01409	0.00705	0.00529	0.00529	0.00176	0.00705	0.00470	0.00235	0.00587
102	0.02372	0.00900	0.01227	0.00941	0.01350	0.00777	0.00777	0.02576	0.01513	0.78489	0.02086	0.01799	0.01309	0.00654	0.00532	0.00164	0.00450	0.00532	0.00654	0.00900
103	0.01413	0.81739	0.02770	0.00905	0.01357	0.02092	0.00905	0.01583	0.01074	0.01244	0.00735	0.00848	0.00678	0.00452	0.00339	0.00113	0.00565	0.00283	0.00226	0.00678
104	0.01349	0.01269	0.02113	0.03127	0.73690	0.01278	0.01587	0.05954	0.01278	0.01820	0.01010	0.01306	0.00841	0.00481	0.00524	0.00157	0.00625	0.00471	0.00277	0.00841
105	0.00747	0.00562	0.00814	0.00809	0.00912	0.00629	0.00626	0.00939	0.00947	0.01344	0.10590	0.02476	0.06329	0.03471	0.65417	0.00730	0.01211	0.00645	0.00331	0.00474
106	0.00687	0.00499	0.00607	0.00673	0.00766	0.00446	0.00469	0.00800	0.01103	0.03464	0.05750	0.51717	0.28081	0.01509	0.00653	0.00200	0.00296	0.01334	0.00498	0.00449
107	0.07587	0.02062	0.44703	0.01321	0.01930	0.01246	0.03364	0.17130	0.01423	0.10798	0.01147	0.01264	0.00812	0.02252	0.00547	0.00172	0.00672	0.00430	0.00346	0.00792
108	0.01181	0.29841	0.52637	0.01300	0.01969	0.01524	0.01593	0.01643	0.01102	0.01527	0.00875	0.01024	0.00673	0.00485	0.00446	0.00149	0.00707	0.00354	0.00224	0.00746
109	0.00826	0.00598	0.00841	0.00980	0.09581	0.00602	0.00616	0.00942	0.01005	0.01403	0.10862	0.14484	0.08574	0.12507	0.17982	0.10937	0.00615	0.00798	0.05389	0.00459
110	0.00740	0.00519	0.00624	0.00662	0.00773	0.00463	0.00468	0.00864	0.01145	0.05403	0.10664	0.39622	0.30505	0.04129	0.00713	0.00204	0.00302	0.01237	0.00502	0.00462
111	0.01565	0.22186	0.10807	0.03709	0.08451	0.06097	0.01122	0.20374	0.12939	0.05975	0.01209	0.01266	0.00920	0.00563	0.00475	0.00150	0.00599	0.00429	0.00376	0.00788
112	0.01682	0.01829	0.10349	0.02986	0.16231	0.29108	0.01184	0.13662	0.03595	0.07486	0.01126	0.01251	0.00858	0.00557	0.00497	0.00150	0.00713	0.00425	0.05573	0.00739
113	0.01061	0.01039	0.07365	0.28770	0.21325	0.00996	0.01233	0.01361	0.01138	0.04768	0.09004	0.03644	0.04977	0.05528	0.05378	0.00230	0.00638	0.00590	0.00318	0.00637
114	0.00737	0.00543	0.00678	0.00762	0.03397	0.00490	0.00525	0.00877	0.01158	0.04032	0.10669	0.38332	0.29520	0.01409	0.00645	0.00195	0.00312	0.04749	0.00497	0.00474
115	0.06384	0.06706	0.24207	0.01520	0.10586	0.13327	0.04364	0.16612	0.01480	0.06140	0.03128	0.01239	0.00889	0.00550	0.00496	0.00156	0.00688	0.00429	0.00337	0.00763
116	0.01388	0.06585	0.32393	0.01373	0.07737	0.02908	0.01330	0.11758	0.08020	0.10347	0.01327	0.04048	0.01013	0.00683	0.02494	0.00179	0.00639	0.00482	0.04522	0.00775
117	0.05178	0.00968	0.01375	0.07135	0.26403	0.04910	0.03548	0.01379	0.01189	0.07366	0.05302	0.20216	0.07475	0.00904	0.00573	0.00178	0.00511	0.04362	0.00388	0.00642
118	0.01378	0.03717	0.15838	0.05641	0.29543	0.01356	0.10140	0.15788	0.07746	0.02026	0.01134	0.01328	0.00869	0.00527	0.00529	0.00163	0.00662	0.00481	0.00327	0.00809
119	0.24796	0.03891	0.05131	0.01734	0.25488	0.11095	0.04907	0.06579	0.03308	0.01966	0.00987	0.01176	0.00786	0.00512	0.00453	0.00155	0.00595	0.00406	0.05331	0.00705
120	0.03103	0.01534	0.08772	0.01789	0.21298	0.16224	0.10219	0.04895	0.03364	0.01711	0.04479	0.01694	0.06656	0.00611	0.00556	0.00156	0.02676	0.01926	0.00319	0.08020
121	0.05559	0.03551	0.04932	0.01486	0.15210	0.13431	0.05542	0.10213	0.07845	0.03963	0.02737	0.01654	0.07127	0.02641	0.00555	0.00157	0.00592	0.00501	0.00361	0.11943

[dist]
# distance from previous block
# <min> <max>
1	76

[block]
# block no. 1 follows, 46 sequences, length 57
# corresponding to MSA columns:
# 706-762
name=unknown_B
#
# <colnr> <probs for GDERKNQSTAVLIFYWHMCP>
#	G	D	E	R	K	N	Q	S	T	A	V	L	I	F	Y	W	H	M	C	P
0	0.03064	0.06711	0.16202	0.05795	0.03871	0.01028	0.09113	0.01548	0.03916	0.11998	0.04021	0.16701	0.01646	0.00841	0.00613	0.00180	0.04105	0.05944	0.00384	0.02319
1	0.09897	0.10425	0.28000	0.03394	0.01776	0.01340	0.04958	0.10723	0.15644	0.01981	0.02272	0.05069	0.01064	0.00612	0.00493	0.00165	0.00601	0.00491	0.00350	0.00744
2	0.01113	0.00727	0.00994	0.09465	0.08797	0.00705	0.00748	0.01348	0.02963	0.15499	0.09695	0.11612	0.21820	0.01124	0.04769	0.00207	0.00451	0.00817	0.05197	0.01949
3	0.01484	0.16533	0.25670	0.01402	0.01932	0.06937	0.12787	0.16110	0.01433	0.06614	0.01042	0.01176	0.00777	0.00536	0.00537	0.00157	0.03357	0.00431	0.00320	0.00763
4	0.01148	0.05520	0.53005	0.10892	0.08155	0.02353	0.04619	0.01656	0.01132	0.03951	0.00976	0.01185	0.00712	0.00511	0.00526	0.00166	0.02080	0.00415	0.00243	0.00754
5	0.02323	0.00506	0.00632	0.00722	0.00801	0.00471	0.00518	0.00806	0.01085	0.01431	0.05069	0.53242	0.18548	0.01532	0.00663	0.00209	0.00321	0.10188	0.00489	0.00444
6	0.02819	0.04610	0.44509	0.04712	0.02012	0.01119	0.06590	0.03269	0.01184	0.07374	0.01323	0.04787	0.01113	0.00662	0.00535	0.00174	0.00678	0.08939	0.00311	0.03280
7	0.02662	0.00872	0.01271	0.10926	0.11575	0.00905	0.04927	0.08201	0.06081	0.08076	0.02005	0.28401	0.02026	0.01022	0.00600	0.00191	0.00493	0.08696	0.00434	0.00633
8	0.00650	0.00498	0.00596	0.00652	0.00750	0.00444	0.00458	0.00776	0.01144	0.01473	0.12962	0.43118	0.31646	0.01467	0.00650	0.00195	0.00285	0.01291	0.00502	0.00444
9	0.06861	0.00790	0.01118	0.20031	0.04026	0.00841	0.04326	0.06833	0.01233	0.03822	0.11237	0.25791	0.08984	0.01007	0.00583	0.00184	0.00461	0.00891	0.00419	0.00562
10	0.01128	0.01142	0.05359	0.42761	0.05067	0.09076	0.01193	0.04584	0.01240	0.03881	0.07829	0.02038	0.11168	0.00686	0.00542	0.00169	0.00624	0.00579	0.00326	0.00605
11	0.01178	0.01137	0.02007	0.17616	0.26974	0.01173	0.20148	0.04727	0.05278	0.01708	0.03170	0.09958	0.01232	0.00637	0.00569	0.00174	0.00653	0.00638	0.00316	0.00708
12	0.01225	0.00624	0.00830	0.00776	0.00958	0.00559	0.00581	0.01393	0.01300	0.26362	0.21009	0.33535	0.06329	0.01180	0.00614	0.00185	0.00337	0.01041	0.00566	0.00598
13	0.32332	0.43614	0.04239	0.00850	0.01266	0.01658	0.00805	0.03861	0.01055	0.01758	0.00767	0.00884	0.00650	0.00471	0.00348	0.00133	0.00507	0.00295	0.00276	0.04230
14	0.32403	0.03549	0.01154	0.00934	0.01270	0.13357	0.00754	0.13348	0.03561	0.16836	0.03731	0.01298	0.00993	0.00583	0.00439	0.00156	0.00521	0.00411	0.04006	0.00696
15	0.00781	0.00561	0.00782	0.00877	0.00967	0.00570	0.00708	0.00968	0.01084	0.01440	0.02539	0.23457	0.02807	0.05351	0.14396	0.00353	0.00605	0.40845	0.00445	0.00463
16	0.04054	0.04058	0.01501	0.01223	0.01569	0.29881	0.00968	0.32838	0.14619	0.02316	0.01224	0.01250	0.00925	0.00607	0.00501	0.00153	0.00685	0.00437	0.00423	0.00769
17	0.03289	0.01420	0.18802	0.01328	0.01783	0.01054	0.18240	0.10991	0.01410	0.14975	0.08573	0.08225	0.04836	0.00713	0.00563	0.00171	0.00601	0.00648	0.00415	0.01962
18	0.01277	0.21172	0.33858	0.01484	0.04181	0.03381	0.15451	0.02720	0.03173	0.04336	0.00994	0.01160	0.00756	0.00489	0.00485	0.00152	0.00713	0.00419	0.00265	0.03533
19	0.01180	0.14088	0.60641	0.01426	0.02131	0.01338	0.05141	0.01703	0.01134	0.05123	0.00975	0.01123	0.00706	0.00499	0.00485	0.00160	0.00740	0.00392	0.00245	0.00769
20	0.00708	0.00551	0.00657	0.00702	0.00843	0.00499	0.00557	0.00883	0.01220	0.01538	0.11795	0.12761	0.40280	0.01381	0.00662	0.00201	0.00336	0.23464	0.00499	0.00462
21	0.04887	0.07636	0.15026	0.10260	0.38849	0.01269	0.04904	0.01678	0.01178	0.07874	0.01042	0.01277	0.00808	0.00495	0.00503	0.00159	0.00645	0.00447	0.00284	0.00778
22	0.03114	0.17870	0.25147	0.10162	0.03699	0.06453	0.06340	0.05859	0.01269	0.10752	0.03788	0.01295	0.00929	0.00539	0.00485	0.00155	0.00668	0.00431	0.00315	0.00731
23	0.01000	0.00636	0.00763	0.00701	0.00842	0.00620	0.00513	0.04384	0.01222	0.10675	0.19385	0.08413	0.18415	0.20089	0.01137	0.00254	0.04023	0.00859	0.05561	0.00509
24	0.00675	0.00522	0.00599	0.00636	0.00745	0.00476	0.00456	0.00789	0.01076	0.01349	0.03835	0.22141	0.39672	0.13913	0.05030	0.00278	0.00390	0.06536	0.00454	0.00427
25	0.01381	0.06485	0.13776	0.06335	0.25611	0.14913	0.06162	0.01717	0.03000	0.06236	0.01262	0.04862	0.02647	0.00604	0.00523	0.00161	0.00685	0.02610	0.00306	0.00725
26	0.01245	0.05191	0.23300	0.07977	0.31595	0.01310	0.12687	0.05075	0.03376	0.01746	0.01023	0.01277	0.00794	0.00494	0.00525	0.00163	0.00704	0.00467	0.00268	0.00781
27	0.00871	0.00760	0.00876	0.00877	0.00980	0.09120	0.00663	0.01037	0.00954	0.01265	0.03190	0.13285	0.01656	0.05337	0.55827	0.00658	0.01158	0.00689	0.00319	0.00478
28	0.05395	0.14466	0.19317	0.02952	0.06557	0.19506	0.11112	0.06306	0.01304	0.05153	0.00959	0.01124	0.00741	0.00519	0.00511	0.00153	0.02515	0.00408	0.00287	0.00715
29	0.00767	0.00561	0.00616	0.00589	0.00772	0.00479	0.00446	0.00928	0.01284	0.06722	0.19768	0.04638	0.58068	0.01241	0.00618	0.00175	0.00276	0.01044	0.00520	0.00487
30	0.01214	0.01144	0.01880	0.07360	0.60588	0.01161	0.01435	0.01574	0.05469	0.01693	0.01405	0.06386	0.05144	0.00606	0.00539	0.00164	0.00582	0.00575	0.00302	0.00777
31	0.01957	0.01425	0.01541	0.01178	0.01603	0.01548	0.00971	0.68847	0.02358	0.05518	0.01271	0.01273	0.00903	0.00618	0.00519	0.00153	0.00564	0.00466	0.00518	0.06767
32	0.01096	0.00940	0.01096	0.00783	0.01253	0.00705	0.00626	0.01331	0.01096	0.01723	0.00940	0.01096	0.00783	0.00392	0.00392	0.00078	0.00392	0.00313	0.00313	0.84653
33	0.03241	0.04769	0.15158	0.01152	0.01568	0.01108	0.06569	0.17851	0.04738	0.19460	0.04059	0.11556	0.03426	0.00769	0.00547	0.00171	0.00545	0.02096	0.00462	0.00756
34	0.56161	0.01109	0.01190	0.01420	0.22186	0.02682	0.00880	0.01638	0.01027	0.06233	0.00880	0.01034	0.00686	0.00495	0.00395	0.00161	0.00482	0.00351	0.00326	0.00663
35	0.07792	0.07204	0.01510	0.01261	0.01557	0.64305	0.00968	0.02068	0.01431	0.06043	0.00883	0.00991	0.00711	0.00542	0.00461	0.00138	0.00861	0.00345	0.00297	0.00631
36	0.01293	0.30369	0.27115	0.01294	0.05810	0.08567	0.03756	0.01631	0.01142	0.01497	0.00866	0.01024	0.00703	0.00469	0.00432	0.00132	0.00660	0.00349	0.00245	0.12646
37	0.00712	0.00473	0.00614	0.00689	0.00708	0.00455	0.00443	0.00738	0.00907	0.01210	0.02332	0.50727	0.02755	0.22198	0.01375	0.11319	0.00380	0.01178	0.00413	0.00375
38	0.01858	0.01368	0.01481	0.01150	0.01537	0.01502	0.00944	0.67283	0.02366	0.03186	0.10493	0.01592	0.01392	0.00688	0.00540	0.00160	0.00542	0.00534	0.00535	0.00851
39	0.11483	0.23876	0.11521	0.01593	0.20364	0.06188	0.01179	0.03692	0.01151	0.05145	0.00934	0.01126	0.00767	0.00662	0.03855	0.00179	0.04903	0.00385	0.00280	0.00716
40	0.01096	0.00940	0.01096	0.00783	0.01253	0.00705	0.00626	0.01331	0.01096	0.01723	0.00940	0.01096	0.00783	0.00392	0.00392	0.00078	0.00392	0.00313	0.00313	0.84653
41	0.00772	0.00524	0.00638	0.00638	0.00663	0.00547	0.00401	0.00824	0.00798	0.01101	0.01609	0.03092	0.01765	0.60932	0.20495	0.00579	0.00715	0.00713	0.02833	0.00361
42	0.01096	0.00940	0.01096	0.00783	0.01253	0.00705	0.00626	0.01331	0.01096	0.01723	0.00940	0.01096	0.00783	0.00392	0.00392	0.00078	0.00392	0.00313	0.00313	0.84653
43	0.00769	0.00513	0.00577	0.00577	0.00577	0.00513	0.00320	0.00769	0.00769	0.01025	0.01666	0.03460	0.01922	0.81421	0.02691	0.00513	0.00513	0.00769	0.00320	0.00320
44	0.01975	0.02520	0.01498	0.01362	0.01634	0.79299	0.01021	0.02111	0.01498	0.01294	0.00817	0.00953	0.00681	0.00545	0.00477	0.00136	0.00953	0.00340	0.00272	0.00613
45	0.00644	0.00460	0.00613	0.00736	0.00767	0.00429	0.00491	0.00736	0.01012	0.01350	0.02914	0.81076	0.03497	0.01656	0.00675	0.00215	0.00307	0.01503	0.00491	0.00429
46	0.00852	0.00608	0.00852	0.00974	0.01095	0.00608	0.00852	0.01095	0.01217	0.01582	0.02799	0.05963	0.03042	0.01460	0.00730	0.00243	0.00487	0.74565	0.00487	0.00487
47	0.00769	0.00513	0.00577	0.00577	0.00577	0.00513	0.00320	0.00769	0.00769	0.01025	0.01666	0.03460	0.01922	0.81421	0.02691	0.00513	0.00513	0.00769	0.00320	0.00320
48	0.13624	0.01451	0.12368	0.07166	0.06783	0.01264	0.28012	0.11256	0.01349	0.09997	0.01123	0.01313	0.00812	0.00513	0.00530	0.00169	0.00692	0.00495	0.00341	0.00744
49	0.01159	0.00977	0.01060	0.00987	0.01228	0.01104	0.00753	0.02322	0.58589	0.02058	0.07946	0.15535	0.02186	0.00904	0.00568	0.00184	0.00387	0.00778	0.00533	0.00742
50	0.01346	0.01292	0.01859	0.11239	0.42317	0.07405	0.05346	0.05635	0.11238	0.01805	0.01175	0.01411	0.00935	0.00529	0.00521	0.00160	0.00630	0.00487	0.03895	0.00773
51	0.00626	0.00532	0.00539	0.00545	0.00716	0.00446	0.00406	0.00758	0.01196	0.01425	0.05244	0.08561	0.74507	0.01353	0.00627	0.00180	0.00270	0.01133	0.00491	0.00446
52	0.85155	0.01022	0.00777	0.00695	0.01022	0.01186	0.00573	0.01554	0.00900	0.02372	0.00736	0.00859	0.00573	0.00491	0.00327	0.00164	0.00409	0.00286	0.00327	0.00573
53	0.01096	0.00940	0.01096	0.00783	0.01253	0.00705	0.00626	0.01331	0.01096	0.01723	0.00940	0.01096	0.00783	0.00392	0.00392	0.00078	0.00392	0.00313	0.00313	0.84653
54	0.01346	0.01268	0.02116	0.03137	0.74045	0.01277	0.01590	0.05607	0.01272	0.01813	0.01009	0.01306	0.00841	0.00480	0.00524	0.00157	0.00626	0.00471	0.00276	0.00841
55	0.07374	0.23306	0.22372	0.01428	0.05397	0.01524	0.13626	0.05934	0.07634	0.01737	0.01007	0.01168	0.00789	0.00521	0.00524	0.00157	0.04062	0.00422	0.00285	0.00733
56	0.01290	0.25913	0.21380	0.03197	0.03964	0.04410	0.01154	0.11499	0.05154	0.01803	0.09742	0.05688	0.01393	0.00643	0.00481	0.00152	0.00586	0.00505	0.00338	0.00708

[dist]
# distance from previous block
# <min> <max>
0	63

[block]
# block no. 2 follows, 46 sequences, length 71
# corresponding to MSA columns:
# 830-900
name=unknown_C
#
# <colnr> <probs for GDERKNQSTAVLIFYWHMCP>
#	G	D	E	R	K	N	Q	S	T	A	V	L	I	F	Y	W	H	M	C	P
0	0.06429	0.03653	0.01333	0.09250	0.11486	0.08621	0.05001	0.01529	0.04397	0.10722	0.05179	0.15464	0.05159	0.02335	0.00600	0.00184	0.00536	0.07090	0.00405	0.00629
1	0.04835	0.08147	0.12997	0.01189	0.01591	0.24443	0.01063	0.21728	0.03109	0.08142	0.01180	0.03791	0.00921	0.00604	0.00486	0.00151	0.00678	0.00442	0.03769	0.00734
2	0.19470	0.01646	0.01346	0.01122	0.01469	0.24074	0.00894	0.34930	0.03480	0.02468	0.01060	0.01129	0.00798	0.00579	0.00466	0.00152	0.00639	0.00400	0.03145	0.00732
3	0.00826	0.00687	0.00943	0.12044	0.05115	0.00692	0.02324	0.01149	0.06830	0.01767	0.33113	0.09727	0.20670	0.01039	0.00603	0.00175	0.00368	0.00911	0.00479	0.00540
4	0.34045	0.00913	0.01005	0.00820	0.01171	0.00908	0.00672	0.02035	0.01276	0.42059	0.08676	0.01639	0.01371	0.00631	0.00462	0.00164	0.00415	0.00477	0.00522	0.00736
5	0.00762	0.00538	0.00706	0.00706	0.00751	0.00583	0.00482	0.00852	0.00807	0.01121	0.01547	0.02802	0.01636	0.44581	0.39140	0.00673	0.00942	0.00673	0.00303	0.00392
6	0.00660	0.00472	0.00632	0.00755	0.00793	0.00443	0.00519	0.00764	0.01028	0.01368	0.02905	0.75166	0.03461	0.01641	0.00679	0.00217	0.00321	0.07251	0.00490	0.00434
7	0.00998	0.00940	0.01586	0.80150	0.03641	0.01175	0.01468	0.01351	0.01057	0.01351	0.00940	0.01409	0.00705	0.00529	0.00529	0.00176	0.00705	0.00470	0.00235	0.00587
8	0.01096	0.00940	0.01096	0.00783	0.01253	0.00705	0.00626	0.01331	0.01096	0.01723	0.00940	0.01096	0.00783	0.00392	0.00392	0.00078	0.00392	0.00313	0.00313	0.84653
9	0.01060	0.02735	0.78682	0.01507	0.02288	0.01228	0.01953	0.01674	0.01116	0.01674	0.00949	0.01116	0.00670	0.00502	0.00502	0.00167	0.00781	0.00391	0.00223	0.00781
10	0.01315	0.01136	0.01195	0.01076	0.01375	0.01315	0.00837	0.02809	0.77168	0.02211	0.02152	0.01972	0.01614	0.00717	0.00538	0.00179	0.00418	0.00598	0.00538	0.00837
11	0.02372	0.00900	0.01227	0.00941	0.01350	0.00777	0.00777	0.02576	0.01513	0.78489	0.02086	0.01799	0.01309	0.00654	0.00532	0.00164	0.00450	0.00532	0.00654	0.00900
12	0.01248	0.01426	0.03119	0.02228	0.02763	0.01337	0.76203	0.01693	0.01248	0.01693	0.01070	0.01426	0.00802	0.00446	0.00624	0.00178	0.00891	0.00624	0.00267	0.00713
13	0.79877	0.01051	0.00828	0.00728	0.01062	0.01215	0.00600	0.06303	0.01000	0.02433	0.00770	0.00885	0.00593	0.00500	0.00340	0.00163	0.00420	0.00298	0.00340	0.00593
14	0.00639	0.00540	0.00556	0.00563	0.00738	0.00457	0.00430	0.00780	0.01206	0.01438	0.05193	0.05143	0.73156	0.01347	0.00631	0.00183	0.00282	0.05778	0.00491	0.00449
15	0.00769	0.00513	0.00577	0.00577	0.00577	0.00513	0.00320	0.00769	0.00769	0.01025	0.01666	0.03460	0.01922	0.81421	0.02691	0.00513	0.00513	0.00769	0.00320	0.00320
16	0.00764	0.00557	0.00720	0.00681	0.00808	0.00523	0.00510	0.01049	0.03949	0.02099	0.73093	0.06235	0.04833	0.01086	0.00622	0.00168	0.00257	0.00961	0.00578	0.00508
17	0.01975	0.02520	0.01498	0.01362	0.01634	0.79299	0.01021	0.02111	0.01498	0.01294	0.00817	0.00953	0.00681	0.00545	0.00477	0.00136	0.00953	0.00340	0.00272	0.00613
18	0.00769	0.00513	0.00577	0.00577	0.00577	0.00513	0.00320	0.00769	0.00769	0.01025	0.01666	0.03460	0.01922	0.81421	0.02691	0.00513	0.00513	0.00769	0.00320	0.00320
19	0.04820	0.01212	0.01725	0.30848	0.33316	0.08450	0.01382	0.01626	0.02732	0.05576	0.02703	0.01390	0.00894	0.00528	0.00516	0.00163	0.00655	0.00467	0.00289	0.00710
20	0.01124	0.01068	0.01813	0.48959	0.33850	0.01208	0.01531	0.01461	0.01117	0.01503	0.00962	0.01368	0.00759	0.00505	0.00526	0.00168	0.00674	0.00470	0.00246	0.00689
21	0.00644	0.00460	0.00613	0.00736	0.00767	0.00429	0.00491	0.00736	0.01012	0.01350	0.02914	0.81076	0.03497	0.01656	0.00675	0.00215	0.00307	0.01503	0.00491	0.00429
22	0.00663	0.00479	0.00644	0.00742	0.00786	0.00466	0.00508	0.00768	0.00988	0.01325	0.02742	0.64999	0.05564	0.04180	0.12138	0.00314	0.00472	0.01334	0.00456	0.00433
23	0.01105	0.12831	0.68980	0.01430	0.02169	0.01338	0.01819	0.01663	0.01111	0.01619	0.00921	0.01082	0.00671	0.00496	0.00481	0.00160	0.00754	0.00377	0.00224	0.00768
24	0.00946	0.00737	0.01148	0.01004	0.01168	0.00792	0.10088	0.06318	0.01016	0.03249	0.01420	0.02165	0.01328	0.16263	0.49166	0.00644	0.01117	0.00601	0.00314	0.00517
25	0.01940	0.02393	0.01480	0.01331	0.01609	0.71968	0.01004	0.06790	0.01561	0.01448	0.03193	0.01065	0.00826	0.00567	0.00484	0.00139	0.00908	0.00368	0.00298	0.00628
26	0.74743	0.01144	0.00873	0.00769	0.01099	0.06036	0.00628	0.06337	0.01037	0.02366	0.00775	0.00891	0.00600	0.00503	0.00349	0.00162	0.00454	0.00302	0.00337	0.00596
27	0.69896	0.01079	0.00991	0.01032	0.10240	0.01223	0.00725	0.06311	0.01037	0.02356	0.00801	0.00938	0.00625	0.00498	0.00363	0.00162	0.00446	0.00320	0.00332	0.00625
28	0.01236	0.01182	0.02014	0.21292	0.60645	0.01237	0.01586	0.01559	0.01169	0.01639	0.00982	0.01332	0.00806	0.00485	0.00525	0.00162	0.00646	0.00471	0.00255	0.00779
29	0.00818	0.00610	0.00791	0.00873	0.00996	0.00607	0.00712	0.01122	0.07477	0.01592	0.06332	0.21615	0.10648	0.01412	0.00687	0.00222	0.00410	0.42080	0.00496	0.00500
30	0.01096	0.00940	0.01096	0.00783	0.01253	0.00705	0.00626	0.01331	0.01096	0.01723	0.00940	0.01096	0.00783	0.00392	0.00392	0.00078	0.00392	0.00313	0.00313	0.84653
31	0.00765	0.00511	0.00578	0.00581	0.00582	0.00510	0.00325	0.00768	0.00776	0.01034	0.01701	0.05626	0.01966	0.79195	0.02634	0.00504	0.00507	0.00789	0.00325	0.00323
32	0.09328	0.00956	0.01217	0.00942	0.01345	0.00879	0.00778	0.08296	0.01538	0.66154	0.01908	0.01678	0.01214	0.00639	0.00514	0.00163	0.00457	0.00507	0.00617	0.00872
33	0.36712	0.00913	0.00982	0.00807	0.01153	0.00919	0.00661	0.01996	0.01247	0.39026	0.07476	0.01580	0.01292	0.00619	0.00450	0.00163	0.00412	0.00462	0.02408	0.00723
34	0.02372	0.00900	0.01227	0.00941	0.01350	0.00777	0.00777	0.02576	0.01513	0.78489	0.02086	0.01799	0.01309	0.00654	0.00532	0.00164	0.00450	0.00532	0.00654	0.00900
35	0.01232	0.01368	0.02957	0.02121	0.02630	0.01285	0.71523	0.01665	0.01239	0.01711	0.01110	0.01460	0.00836	0.00456	0.00608	0.00175	0.00851	0.00616	0.05457	0.00699
36	0.00637	0.00518	0.00564	0.00590	0.00731	0.00446	0.00428	0.00768	0.01178	0.01453	0.09263	0.22634	0.56156	0.01397	0.00636	0.00186	0.00276	0.01196	0.00496	0.00446
37	0.85155	0.01022	0.00777	0.00695	0.01022	0.01186	0.00573	0.01554	0.00900	0.02372	0.00736	0.00859	0.00573	0.00491	0.00327	0.00164	0.00409	0.00286	0.00327	0.00573
38	0.00685	0.00502	0.00649	0.00757	0.00804	0.00484	0.00512	0.00864	0.05713	0.01403	0.02867	0.76194	0.03380	0.01598	0.00666	0.00213	0.00314	0.01447	0.00494	0.00455
39	0.80023	0.01051	0.00827	0.00727	0.01060	0.01214	0.00599	0.06171	0.00998	0.02431	0.00769	0.00884	0.00593	0.00500	0.00340	0.00163	0.00420	0.00298	0.00340	0.00593
40	0.00769	0.00513	0.00577	0.00577	0.00577	0.00513	0.00320	0.00769	0.00769	0.01025	0.01666	0.03460	0.01922	0.81421	0.02691	0.00513	0.00513	0.00769	0.00320	0.00320
41	0.00998	0.00940	0.01586	0.80150	0.03641	0.01175	0.01468	0.01351	0.01057	0.01351	0.00940	0.01409	0.00705	0.00529	0.00529	0.00176	0.00705	0.00470	0.00235	0.00587
42	0.01975	0.02520	0.01498	0.01362	0.01634	0.79299	0.01021	0.02111	0.01498	0.01294	0.00817	0.00953	0.00681	0.00545	0.00477	0.00136	0.00953	0.00340	0.00272	0.00613
43	0.01060	0.02735	0.78682	0.01507	0.02288	0.01228	0.01953	0.01674	0.01116	0.01674	0.00949	0.01116	0.00670	0.00502	0.00502	0.00167	0.00781	0.00391	0.00223	0.00781
44	0.00625	0.00536	0.00536	0.00536	0.00714	0.00446	0.00402	0.00759	0.01205	0.01428	0.05355	0.05088	0.77909	0.01339	0.00625	0.00179	0.00268	0.01116	0.00491	0.00446
45	0.02129	0.01289	0.01468	0.01125	0.01544	0.01355	0.00930	0.52030	0.02165	0.28115	0.01538	0.01444	0.01034	0.00641	0.00530	0.00160	0.00538	0.00494	0.00570	0.00899
46	0.01096	0.00940	0.01096	0.00783	0.01253	0.00705	0.00626	0.01331	0.01096	0.01723	0.00940	0.01096	0.00783	0.00392	0.00392	0.00078	0.00392	0.00313	0.00313	0.84653
47	0.00998	0.00940	0.01586	0.80150	0.03641	0.01175	0.01468	0.01351	0.01057	0.01351	0.00940	0.01409	0.00705	0.00529	0.00529	0.00176	0.00705	0.00470	0.00235	0.00587
48	0.07255	0.02425	0.01452	0.01320	0.01595	0.74340	0.00993	0.02076	0.01460	0.01362	0.00812	0.00947	0.00674	0.00541	0.00467	0.00138	0.00919	0.00337	0.00276	0.00610
49	0.85155	0.01022	0.00777	0.00695	0.01022	0.01186	0.00573	0.01554	0.00900	0.02372	0.00736	0.00859	0.00573	0.00491	0.00327	0.00164	0.00409	0.00286	0.00327	0.00573
50	0.00644	0.00460	0.00613	0.00736	0.00767	0.00429	0.00491	0.00736	0.01012	0.01350	0.02914	0.81076	0.03497	0.01656	0.00675	0.00215	0.00307	0.01503	0.00491	0.00429
51	0.00644	0.00460	0.00613	0.00736	0.00767	0.00429	0.00491	0.00736	0.01012	0.01350	0.02914	0.81076	0.03497	0.01656	0.00675	0.00215	0.00307	0.01503	0.00491	0.00429
52	0.00998	0.00940	0.01586	0.80150	0.03641	0.01175	0.01468	0.01351	0.01057	0.01351	0.00940	0.01409	0.00705	0.00529	0.00529	0.00176	0.00705	0.00470	0.00235	0.00587
53	0.00784	0.00578	0.00738	0.00691	0.00827	0.00551	0.00520	0.01113	0.06300	0.02126	0.73040	0.03823	0.04774	0.01058	0.00618	0.00167	0.00260	0.00933	0.00579	0.00520
54	0.00998	0.00940	0.01586	0.80150	0.03641	0.01175	0.01468	0.01351	0.01057	0.01351	0.00940	0.01409	0.00705	0.00529	0.00529	0.00176	0.00705	0.00470	0.00235	0.00587
55	0.01060	0.02735	0.78682	0.01507	0.02288	0.01228	0.01953	0.01674	0.01116	0.01674	0.00949	0.01116	0.00670	0.00502	0.00502	0.00167	0.00781	0.00391	0.00223	0.00781
56	0.00769	0.00513	0.00577	0.00577	0.00577	0.00513	0.00320	0.00769	0.00769	0.01025	0.01666	0.03460	0.01922	0.81421	0.02691	0.00513	0.00513	0.00769	0.00320	0.00320
57	0.01084	0.01512	0.22156	0.01530	0.02008	0.01064	0.29914	0.01519	0.05261	0.01624	0.01324	0.12167	0.01183	0.00722	0.00662	0.05530	0.00680	0.00639	0.00303	0.09115
58	0.00852	0.00608	0.00852	0.00974	0.01095	0.00608	0.00852	0.01095	0.01217	0.01582	0.02799	0.05963	0.03042	0.01460	0.00730	0.00243	0.00487	0.74565	0.00487	0.00487
59	0.21263	0.00928	0.01124	0.00885	0.01275	0.00870	0.00730	0.02343	0.01373	0.61120	0.01778	0.01585	0.01141	0.00617	0.00485	0.00164	0.00441	0.00476	0.00580	0.00825
60	0.01060	0.02735	0.78682	0.01507	0.02288	0.01228	0.01953	0.01674	0.01116	0.01674	0.00949	0.01116	0.00670	0.00502	0.00502	0.00167	0.00781	0.00391	0.00223	0.00781
