[name]
unknown

[dist]
# distance from previous block
# <min> <max>
0	743

[block]
# block no. 0 follows, 40 sequences, length 22
# corresponding to MSA columns:
# 773-794
name=unknown_A
#
# <colnr> <probs for GDERKNQSTAVLIFYWHMCP>
#	G	D	E	R	K	N	Q	S	T	A	V	L	I	F	Y	W	H	M	C	P
0	0.01624	0.01464	0.18241	0.01202	0.01643	0.01117	0.01157	0.13799	0.06816	0.20746	0.01891	0.02159	0.03956	0.01484	0.15898	0.00337	0.00806	0.04358	0.00483	0.00820
1	0.01505	0.06015	0.40166	0.01864	0.12750	0.04840	0.06602	0.10659	0.01479	0.06995	0.01168	0.01329	0.00851	0.00572	0.00561	0.00178	0.00790	0.00473	0.00330	0.00874
2	0.01409	0.01614	0.24345	0.01417	0.09235	0.01106	0.01270	0.08339	0.08222	0.12087	0.07151	0.05046	0.09805	0.00806	0.00588	0.00183	0.00580	0.00672	0.05320	0.00805
3	0.00801	0.00543	0.00710	0.00795	0.00870	0.00499	0.00548	0.00931	0.01215	0.04734	0.12120	0.61974	0.08732	0.01676	0.00725	0.00225	0.00333	0.01507	0.00560	0.00505
4	0.00964	0.00731	0.01008	0.01211	0.12815	0.00758	0.00728	0.01186	0.04354	0.01519	0.01980	0.12023	0.04367	0.25676	0.20001	0.00483	0.00758	0.00813	0.08078	0.00546
5	0.01396	0.12065	0.17283	0.06097	0.33385	0.02761	0.04601	0.01770	0.01304	0.05703	0.01483	0.01688	0.06744	0.00611	0.00557	0.00172	0.00697	0.00536	0.00316	0.00831
6	0.01405	0.01670	0.23225	0.11040	0.14919	0.01240	0.01483	0.13197	0.01489	0.06998	0.01528	0.07053	0.01333	0.04496	0.00713	0.00209	0.00687	0.06129	0.00387	0.00799
7	0.00724	0.00512	0.00670	0.00791	0.00821	0.00482	0.00519	0.00814	0.01084	0.01445	0.03055	0.70933	0.03657	0.10331	0.00985	0.00272	0.00362	0.01565	0.00519	0.00459
8	0.01486	0.13958	0.02430	0.13384	0.29168	0.01597	0.12638	0.10507	0.02919	0.01955	0.01102	0.01398	0.00886	0.00565	0.00611	0.00175	0.03559	0.00514	0.00319	0.00830
9	0.05333	0.02009	0.27461	0.09922	0.12271	0.08145	0.01561	0.13458	0.01553	0.11008	0.01232	0.01379	0.00886	0.00598	0.00556	0.00178	0.00747	0.00474	0.00373	0.00854
10	0.01022	0.00630	0.00831	0.00890	0.01002	0.00597	0.00648	0.04206	0.01274	0.10362	0.03007	0.58162	0.03383	0.01619	0.00724	0.00231	0.00392	0.09896	0.00562	0.00562
11	0.38408	0.01534	0.01375	0.01344	0.09899	0.14668	0.00957	0.16330	0.01536	0.07445	0.01074	0.01178	0.00809	0.00591	0.00472	0.00173	0.00623	0.00408	0.00409	0.00766
12	0.00712	0.00579	0.00622	0.00632	0.00795	0.00498	0.00461	0.00862	0.01317	0.01628	0.13252	0.13718	0.56537	0.04801	0.00790	0.00215	0.00309	0.01240	0.00543	0.00489
13	0.01657	0.13556	0.01932	0.12864	0.05178	0.22154	0.06629	0.10828	0.05436	0.03716	0.01352	0.06630	0.01183	0.00717	0.00562	0.00174	0.00759	0.03561	0.00372	0.00740
14	0.00835	0.00607	0.00853	0.00853	0.00929	0.00683	0.00625	0.00986	0.00910	0.01290	0.01632	0.02697	0.01633	0.24776	0.57089	0.00834	0.01288	0.00683	0.00323	0.00474
15	0.01429	0.07456	0.02049	0.13437	0.39652	0.01444	0.01463	0.07533	0.12347	0.01998	0.01367	0.04865	0.01145	0.00636	0.00571	0.00178	0.00644	0.00572	0.00360	0.00854
16	0.01270	0.02032	0.41880	0.01606	0.10916	0.01114	0.01593	0.01764	0.01383	0.09770	0.18704	0.02064	0.01949	0.00715	0.00590	0.00182	0.00663	0.00603	0.00393	0.00808
17	0.00913	0.00731	0.00978	0.00912	0.00989	0.00838	0.00691	0.01082	0.01158	0.01645	0.25728	0.03210	0.06278	0.17531	0.18736	0.00444	0.16380	0.00812	0.00426	0.00518
18	0.01369	0.10736	0.02112	0.17573	0.40707	0.01389	0.01489	0.01728	0.03523	0.04357	0.04297	0.01608	0.01136	0.00775	0.04618	0.00213	0.00714	0.00527	0.00318	0.00811
19	0.01272	0.01272	0.01781	0.01527	0.01527	0.01781	0.01272	0.01399	0.00891	0.01399	0.00763	0.01272	0.00763	0.01018	0.01908	0.00254	0.78499	0.00509	0.00254	0.00636
20	0.18901	0.10563	0.01483	0.06124	0.01561	0.01127	0.05527	0.01657	0.01271	0.09498	0.10190	0.01903	0.01541	0.00659	0.00501	0.00156	0.00510	0.04273	0.00411	0.22144
21	0.01539	0.01208	0.01698	0.07144	0.30979	0.04694	0.01226	0.04821	0.01428	0.13574	0.05702	0.06298	0.02667	0.00682	0.00570	0.00165	0.00588	0.00603	0.00415	0.13996

[dist]
# distance from previous block
# <min> <max>
0	1

[block]
# block no. 1 follows, 40 sequences, length 12
# corresponding to MSA columns:
# 796-807
name=unknown_B
#
# <colnr> <probs for GDERKNQSTAVLIFYWHMCP>
#	G	D	E	R	K	N	Q	S	T	A	V	L	I	F	Y	W	H	M	C	P
0	0.01537	0.00846	0.01070	0.00963	0.01225	0.00823	0.00755	0.02029	0.15680	0.27154	0.18520	0.15865	0.02950	0.01094	0.00653	0.00201	0.00417	0.06831	0.00632	0.00755
1	0.05546	0.05156	0.01253	0.01011	0.01338	0.11941	0.00821	0.01734	0.05881	0.08476	0.05784	0.02645	0.05495	0.00835	0.00591	0.00166	0.02613	0.12909	0.03661	0.22144
2	0.01852	0.01531	0.01411	0.01212	0.01564	0.16008	0.00952	0.14906	0.34182	0.12402	0.01880	0.01795	0.01381	0.00721	0.00565	0.00178	0.00598	0.00563	0.05427	0.00871
3	0.00899	0.00677	0.00818	0.00796	0.00972	0.00640	0.00630	0.05950	0.01566	0.02085	0.36226	0.04940	0.25304	0.01319	0.00702	0.00203	0.00355	0.14772	0.00587	0.00559
4	0.01352	0.02015	0.29040	0.02620	0.40070	0.05279	0.04368	0.01809	0.01321	0.01870	0.04033	0.01463	0.01026	0.00560	0.00573	0.00177	0.00764	0.00506	0.00287	0.00866
5	0.01545	0.33694	0.19463	0.01397	0.01969	0.01792	0.11082	0.09844	0.07571	0.04743	0.01163	0.01280	0.00902	0.00564	0.00505	0.00161	0.00708	0.00451	0.00337	0.00828
6	0.01103	0.00743	0.00933	0.00955	0.01115	0.00735	0.00743	0.10933	0.01448	0.06898	0.03058	0.37526	0.08341	0.01510	0.00723	0.00230	0.00442	0.21413	0.00556	0.00596
7	0.04671	0.00584	0.00722	0.00772	0.00881	0.00545	0.00547	0.00999	0.01273	0.04723	0.19333	0.46948	0.12779	0.01536	0.00699	0.00215	0.00330	0.01363	0.00561	0.00519
8	0.06988	0.17564	0.23878	0.01494	0.05767	0.19390	0.04232	0.02052	0.04226	0.07664	0.01107	0.01230	0.00846	0.00570	0.00509	0.00164	0.00782	0.00422	0.00322	0.00792
9	0.01263	0.07585	0.09094	0.01023	0.01324	0.00932	0.00925	0.01654	0.07522	0.13525	0.14128	0.08994	0.06408	0.01323	0.05808	0.00253	0.00564	0.16476	0.00517	0.00685
10	0.01275	0.01310	0.01104	0.01010	0.01255	0.23005	0.00748	0.01458	0.01382	0.01708	0.14247	0.24974	0.02501	0.01023	0.00594	0.00166	0.00557	0.00864	0.00440	0.20379
11	0.15040	0.04988	0.01221	0.07605	0.09516	0.01015	0.00849	0.05999	0.03270	0.01950	0.05930	0.22755	0.08154	0.02910	0.00638	0.00197	0.00474	0.00865	0.00435	0.06189

[dist]
# distance from previous block
# <min> <max>
2	6

[block]
# block no. 2 follows, 40 sequences, length 14
# corresponding to MSA columns:
# 814-827
name=unknown_C
#
# <colnr> <probs for GDERKNQSTAVLIFYWHMCP>
#	G	D	E	R	K	N	Q	S	T	A	V	L	I	F	Y	W	H	M	C	P
0	0.10786	0.05229	0.04734	0.01469	0.11031	0.13629	0.01071	0.20472	0.01634	0.05870	0.01249	0.01531	0.01017	0.05296	0.10244	0.00283	0.00798	0.00490	0.00399	0.02768
1	0.08894	0.21872	0.09724	0.01378	0.10084	0.03382	0.01109	0.02056	0.21565	0.01922	0.01693	0.01738	0.06747	0.00673	0.00531	0.00168	0.01929	0.00519	0.00385	0.03631
2	0.09689	0.17733	0.01600	0.04847	0.01508	0.22768	0.02492	0.01624	0.01300	0.01593	0.01826	0.11424	0.10527	0.00951	0.03169	0.00191	0.00687	0.00642	0.00356	0.05074
3	0.00781	0.00580	0.00652	0.00641	0.00746	0.00533	0.00432	0.00902	0.01215	0.01580	0.20952	0.04599	0.30249	0.31855	0.01573	0.00336	0.00395	0.01037	0.00491	0.00451
4	0.01159	0.00656	0.00788	0.00735	0.00943	0.00580	0.00558	0.01351	0.01408	0.17360	0.16424	0.15508	0.28781	0.01232	0.00643	0.00190	0.00337	0.01052	0.09688	0.00608
5	0.04923	0.01307	0.02169	0.12858	0.59938	0.01341	0.01669	0.01795	0.01306	0.05526	0.01133	0.01459	0.00916	0.00537	0.00568	0.00176	0.00682	0.00513	0.00308	0.00877
6	0.02172	0.02772	0.01648	0.01498	0.01798	0.77228	0.01124	0.02322	0.01648	0.01423	0.00899	0.01049	0.00749	0.00599	0.00524	0.00150	0.01049	0.00375	0.00300	0.00674
7	0.00706	0.00515	0.00665	0.00785	0.00837	0.00474	0.00529	0.00812	0.01137	0.01494	0.03506	0.70947	0.11889	0.01783	0.00736	0.00232	0.00333	0.01606	0.00540	0.00474
8	0.00860	0.00551	0.00662	0.00675	0.00698	0.00542	0.00414	0.00878	0.00955	0.01313	0.08004	0.13010	0.02440	0.49375	0.02270	0.10783	0.00488	0.00906	0.04796	0.00381
9	0.00735	0.00537	0.00697	0.00815	0.00882	0.00500	0.00578	0.00863	0.01169	0.01528	0.03528	0.60628	0.12841	0.01750	0.00743	0.00235	0.00357	0.10590	0.00539	0.00483
10	0.01284	0.01207	0.02034	0.16691	0.53349	0.01249	0.01595	0.01606	0.01268	0.01772	0.01353	0.11392	0.01268	0.00696	0.00598	0.00185	0.00661	0.00663	0.00315	0.00814
11	0.01609	0.63526	0.02731	0.01027	0.01522	0.02112	0.00984	0.10827	0.01379	0.01701	0.00901	0.01014	0.00786	0.00517	0.00404	0.00128	0.00608	0.00341	0.00299	0.07583
12	0.01545	0.01630	0.11523	0.02926	0.53322	0.01454	0.01707	0.14880	0.01568	0.02212	0.01142	0.01405	0.00910	0.00555	0.00574	0.00174	0.00703	0.00508	0.00336	0.00926
13	0.12057	0.01462	0.01860	0.02319	0.37618	0.07666	0.01339	0.17257	0.01641	0.05807	0.04607	0.01495	0.01120	0.00606	0.00551	0.00173	0.00651	0.00510	0.00397	0.00864

[dist]
# distance from previous block
# <min> <max>
0	1

[block]
# block no. 3 follows, 40 sequences, length 25
# corresponding to MSA columns:
# 829-853
name=unknown_D
#
# <colnr> <probs for GDERKNQSTAVLIFYWHMCP>
#	G	D	E	R	K	N	Q	S	T	A	V	L	I	F	Y	W	H	M	C	P
0	0.14192	0.07213	0.09059	0.02769	0.52085	0.01434	0.01582	0.01775	0.01253	0.01966	0.01024	0.01306	0.00846	0.00523	0.00525	0.00171	0.00664	0.00463	0.00292	0.00857
1	0.19883	0.01680	0.01485	0.16224	0.08529	0.26245	0.01116	0.08730	0.01460	0.01966	0.01333	0.01521	0.06225	0.00649	0.00521	0.00173	0.00737	0.00478	0.00349	0.00697
2	0.00896	0.00592	0.00810	0.00838	0.00923	0.00619	0.00604	0.01044	0.01030	0.05222	0.02180	0.27159	0.02318	0.14008	0.34412	0.00580	0.00907	0.00980	0.04373	0.00505
3	0.00841	0.00582	0.00725	0.00725	0.00756	0.00613	0.00465	0.00904	0.00872	0.01194	0.01750	0.03348	0.01915	0.56929	0.25322	0.00675	0.00863	0.00779	0.00340	0.00403
4	0.00763	0.00536	0.00689	0.00769	0.00799	0.00527	0.00502	0.00844	0.01013	0.01361	0.02613	0.48052	0.03066	0.25962	0.09365	0.00409	0.00534	0.01298	0.00459	0.00440
5	0.00735	0.00551	0.00671	0.00722	0.00821	0.00499	0.00504	0.00880	0.01269	0.01668	0.19305	0.38680	0.23669	0.06222	0.00847	0.00233	0.00326	0.01361	0.00550	0.00487
6	0.01328	0.00932	0.00999	0.00901	0.01140	0.01014	0.00696	0.13955	0.23215	0.02444	0.06764	0.09323	0.01963	0.00853	0.00539	0.00173	0.00395	0.00708	0.31937	0.00722
7	0.01937	0.01027	0.01256	0.01045	0.01407	0.01024	0.00835	0.02679	0.27987	0.39229	0.12763	0.02384	0.02137	0.00811	0.00602	0.00187	0.00451	0.00677	0.00662	0.00902
8	0.01031	0.00705	0.00947	0.00925	0.01016	0.00750	0.00684	0.01179	0.01228	0.09393	0.17601	0.38302	0.03322	0.06074	0.01039	0.00242	0.13298	0.01180	0.00521	0.00562
9	0.01678	0.01913	0.01641	0.01454	0.01610	0.35965	0.01145	0.01887	0.05635	0.01452	0.00933	0.01249	0.00830	0.00865	0.01220	0.04425	0.34697	0.00457	0.00295	0.00651
10	0.06341	0.37971	0.06743	0.01012	0.01361	0.08592	0.00920	0.03656	0.01140	0.01442	0.00907	0.01218	0.00822	0.00958	0.00952	0.24070	0.00633	0.00387	0.00271	0.00605
11	0.01616	0.01385	0.01810	0.02128	0.29960	0.01502	0.01292	0.18538	0.30606	0.02507	0.01663	0.01717	0.01273	0.00665	0.00583	0.00183	0.00589	0.00574	0.00474	0.00936
12	0.01372	0.08740	0.08103	0.01701	0.19879	0.06795	0.01172	0.01941	0.15833	0.01908	0.03451	0.01739	0.05232	0.00628	0.00531	0.00154	0.00589	0.00522	0.00377	0.19333
13	0.01039	0.00842	0.00954	0.00896	0.01107	0.00885	0.00679	0.01817	0.30158	0.02201	0.31862	0.10027	0.12953	0.01123	0.00654	0.00195	0.00355	0.00972	0.00600	0.00680
14	0.01510	0.42583	0.02400	0.01434	0.13821	0.08203	0.01068	0.01736	0.01250	0.01579	0.00914	0.01088	0.00801	0.00495	0.00433	0.00126	0.00627	0.00358	0.00281	0.19293
15	0.00800	0.00554	0.00735	0.00839	0.00899	0.00531	0.00608	0.00903	0.01122	0.01476	0.02999	0.44823	0.06990	0.08907	0.01088	0.07345	0.00417	0.18010	0.00497	0.00458
16	0.01439	0.01382	0.02360	0.03569	0.75936	0.01382	0.01785	0.01785	0.01324	0.01900	0.01094	0.01439	0.00921	0.00518	0.00576	0.00173	0.00691	0.00518	0.00288	0.00921
17	0.20059	0.01624	0.01263	0.01207	0.04414	0.29285	0.00886	0.05406	0.01361	0.01843	0.04834	0.01739	0.03953	0.06189	0.11310	0.00300	0.02829	0.00507	0.00356	0.00635
18	0.00720	0.00518	0.00682	0.00793	0.00844	0.00481	0.00537	0.00841	0.01177	0.01576	0.10825	0.68575	0.06791	0.01743	0.00734	0.00229	0.00329	0.01574	0.00550	0.00481
19	0.21072	0.01258	0.01366	0.07690	0.01700	0.01396	0.00984	0.34661	0.01891	0.06255	0.01541	0.02148	0.01284	0.00793	0.00560	0.00191	0.00576	0.11580	0.02259	0.00795
20	0.01571	0.01521	0.01922	0.02167	0.28263	0.13169	0.08003	0.06723	0.13405	0.04023	0.01463	0.04817	0.01225	0.00664	0.00583	0.00174	0.00690	0.02393	0.00391	0.06835
21	0.01073	0.00971	0.01564	0.05226	0.13133	0.00932	0.15124	0.01424	0.05653	0.03969	0.06234	0.09838	0.28536	0.01048	0.00664	0.00197	0.00538	0.02760	0.00452	0.00664
22	0.00746	0.00525	0.00676	0.00768	0.00805	0.00497	0.00504	0.00843	0.01110	0.01493	0.09586	0.57653	0.03660	0.16884	0.01168	0.00295	0.00376	0.01441	0.00513	0.00456
23	0.26284	0.01506	0.01747	0.02138	0.32268	0.13530	0.03490	0.01900	0.01282	0.06451	0.01040	0.01258	0.00830	0.00566	0.00554	0.00175	0.03417	0.00443	0.00336	0.00784
24	0.01344	0.00899	0.01050	0.00935	0.01191	0.00936	0.00725	0.02133	0.29549	0.13290	0.31486	0.03007	0.03182	0.00930	0.00615	0.00184	0.00378	0.00795	0.06617	0.00755

[dist]
# distance from previous block
# <min> <max>
0	2

[block]
# block no. 4 follows, 40 sequences, length 46
# corresponding to MSA columns:
# 856-901
name=unknown_E
#
# <colnr> <probs for GDERKNQSTAVLIFYWHMCP>
#	G	D	E	R	K	N	Q	S	T	A	V	L	I	F	Y	W	H	M	C	P
0	0.08494	0.01749	0.01866	0.01680	0.10160	0.20547	0.10875	0.19901	0.06626	0.06705	0.01260	0.01377	0.00950	0.00607	0.00556	0.00169	0.00748	0.00494	0.00419	0.04817
1	0.01838	0.02110	0.01961	0.02203	0.25972	0.40610	0.04045	0.05338	0.01525	0.01695	0.00985	0.01228	0.00822	0.00605	0.00653	0.00168	0.06717	0.00450	0.00305	0.00770
2	0.00709	0.00506	0.00675	0.00810	0.00843	0.00472	0.00540	0.00810	0.01113	0.01484	0.03205	0.79184	0.03846	0.01822	0.00742	0.00236	0.00337	0.01653	0.00540	0.00472
3	0.01113	0.01054	0.01747	0.71731	0.03797	0.01333	0.01586	0.01479	0.01140	0.01479	0.01011	0.01527	0.00774	0.00618	0.00693	0.00199	0.07300	0.00516	0.00258	0.00645
4	0.00832	0.00574	0.00715	0.00780	0.00819	0.00565	0.00535	0.00920	0.01028	0.01360	0.02468	0.23477	0.02837	0.41866	0.01900	0.00412	0.00500	0.17545	0.00442	0.00425
5	0.17806	0.00863	0.01031	0.00865	0.01176	0.00825	0.00692	0.01942	0.01525	0.33269	0.30363	0.02691	0.02846	0.00866	0.00580	0.00181	0.00401	0.00712	0.00618	0.00749
6	0.01540	0.58979	0.09842	0.01046	0.01578	0.01953	0.01064	0.01785	0.01217	0.05906	0.00944	0.01054	0.00799	0.00508	0.00409	0.00129	0.00616	0.00342	0.00287	0.10000
7	0.01211	0.16255	0.60101	0.01491	0.02255	0.01474	0.01865	0.01775	0.01224	0.01746	0.01237	0.01388	0.04367	0.00587	0.00528	0.00174	0.00791	0.00448	0.00260	0.00822
8	0.10013	0.17794	0.20120	0.01722	0.16454	0.11990	0.01398	0.05295	0.01360	0.01885	0.04832	0.01326	0.01024	0.00587	0.00527	0.00165	0.01970	0.00442	0.00311	0.00786
9	0.01480	0.04340	0.04851	0.01095	0.01366	0.26076	0.00883	0.02958	0.06223	0.06144	0.09084	0.08731	0.09869	0.01090	0.04296	0.00212	0.00681	0.03349	0.06616	0.00655
10	0.00759	0.00543	0.00731	0.00857	0.00916	0.00515	0.00618	0.00902	0.01185	0.01578	0.06926	0.61080	0.03833	0.01747	0.00751	0.00240	0.00373	0.15414	0.00544	0.00489
11	0.09260	0.01938	0.23740	0.01952	0.22121	0.11591	0.01500	0.01954	0.07226	0.04860	0.01214	0.01426	0.00948	0.00881	0.06726	0.00237	0.00810	0.00476	0.00328	0.00812
12	0.05026	0.08931	0.06889	0.01287	0.01708	0.22609	0.01097	0.19856	0.06107	0.12951	0.01309	0.01347	0.00968	0.00646	0.00579	0.00165	0.03503	0.00458	0.00441	0.04124
13	0.01095	0.00909	0.01009	0.01039	0.04552	0.03514	0.00769	0.09578	0.11178	0.01950	0.03638	0.14769	0.28288	0.01294	0.00681	0.00210	0.00450	0.13912	0.00531	0.00636
14	0.00721	0.00516	0.00686	0.00801	0.00846	0.00481	0.00541	0.00842	0.01173	0.01579	0.11319	0.70799	0.04030	0.01751	0.00736	0.00230	0.00330	0.01586	0.00551	0.00481
15	0.31691	0.13241	0.01606	0.01334	0.08495	0.27022	0.00974	0.01893	0.01272	0.01894	0.00935	0.03310	0.00812	0.00602	0.00492	0.00165	0.02860	0.00398	0.00319	0.00685
16	0.00836	0.00620	0.00788	0.00791	0.00926	0.00589	0.00599	0.01137	0.05045	0.02070	0.46397	0.16315	0.11072	0.01341	0.00703	0.00203	0.00324	0.09094	0.00601	0.00548
17	0.01275	0.01226	0.06003	0.01722	0.18008	0.05545	0.07851	0.07536	0.01368	0.04792	0.03023	0.19837	0.05383	0.04858	0.07400	0.00276	0.01935	0.00852	0.00409	0.00703
18	0.01194	0.01079	0.01540	0.23537	0.05220	0.00991	0.05326	0.01507	0.01208	0.01774	0.01044	0.01337	0.00840	0.00482	0.00495	0.00127	0.00574	0.00422	0.00314	0.50988
19	0.83671	0.01125	0.00855	0.00765	0.01125	0.01305	0.00630	0.01709	0.00990	0.02609	0.00810	0.00945	0.00630	0.00540	0.00360	0.00180	0.00450	0.00315	0.00360	0.00630
20	0.01626	0.01065	0.01188	0.00985	0.01250	0.01181	0.00797	0.29190	0.01787	0.07039	0.01602	0.01762	0.01214	0.00726	0.00652	0.00166	0.09190	0.00534	0.37294	0.00750
21	0.00746	0.00535	0.00709	0.00784	0.00852	0.00498	0.00543	0.00905	0.01289	0.01765	0.27145	0.54445	0.04389	0.01613	0.00724	0.00219	0.00317	0.01454	0.00573	0.00498
22	0.01685	0.01498	0.01441	0.01250	0.01604	0.10010	0.00981	0.17586	0.51841	0.02573	0.02003	0.01885	0.01498	0.00749	0.00582	0.00187	0.00563	0.00598	0.00557	0.00907
23	0.01206	0.01034	0.01206	0.00861	0.01378	0.00775	0.00689	0.01464	0.01206	0.01895	0.01034	0.01206	0.00861	0.00431	0.00431	0.00086	0.00431	0.00345	0.00345	0.83118
24	0.00766	0.00530	0.00658	0.00736	0.00755	0.00511	0.00461	0.00825	0.01001	0.01334	0.02627	0.47453	0.03117	0.34547	0.01676	0.00374	0.00433	0.01313	0.00461	0.00422
25	0.02435	0.01130	0.01411	0.01088	0.01526	0.01080	0.00897	0.20805	0.01914	0.54337	0.02047	0.01841	0.01328	0.00712	0.00575	0.00176	0.00521	0.00567	0.04641	0.00968
26	0.00763	0.00567	0.00719	0.00789	0.00893	0.00522	0.00584	0.00934	0.01299	0.01711	0.18102	0.37496	0.19134	0.01589	0.00729	0.00222	0.00347	0.12540	0.00559	0.00501
27	0.01150	0.00980	0.01465	0.01857	0.27075	0.00968	0.03103	0.07182	0.01455	0.01967	0.10777	0.11581	0.13672	0.01081	0.00666	0.00201	0.00523	0.13135	0.00460	0.00701
28	0.01840	0.02030	0.01440	0.05250	0.01667	0.45895	0.00990	0.11582	0.01619	0.01749	0.01179	0.01563	0.01019	0.09647	0.03448	0.00228	0.00882	0.00477	0.06834	0.00663
29	0.01499	0.66353	0.12544	0.01199	0.05029	0.02136	0.01181	0.01756	0.01194	0.01454	0.00852	0.00994	0.00753	0.00506	0.00406	0.00134	0.00656	0.00336	0.00250	0.00769
30	0.01523	0.01562	0.06358	0.02472	0.35567	0.07501	0.10541	0.02200	0.19255	0.04959	0.01443	0.01611	0.01120	0.00597	0.00588	0.00181	0.00702	0.00559	0.00378	0.00883
31	0.01491	0.12794	0.22705	0.06327	0.15085	0.10829	0.05235	0.08653	0.01436	0.01914	0.01111	0.01331	0.00866	0.00567	0.00528	0.00166	0.00753	0.00458	0.06950	0.00802
32	0.07136	0.02257	0.04118	0.01830	0.16414	0.48882	0.01235	0.02203	0.01531	0.07645	0.01049	0.01200	0.00831	0.00588	0.00530	0.00160	0.00890	0.00418	0.00333	0.00752
33	0.06322	0.01774	0.28401	0.01458	0.10543	0.07161	0.01315	0.01570	0.01324	0.04008	0.09672	0.07334	0.15021	0.00869	0.00592	0.00185	0.00623	0.00719	0.00388	0.00718
34	0.00810	0.00594	0.00759	0.00718	0.00861	0.00543	0.00539	0.01072	0.01616	0.02260	0.69023	0.04463	0.12138	0.01216	0.00686	0.00184	0.00276	0.01068	0.00631	0.00543
35	0.01386	0.05293	0.08403	0.08069	0.36223	0.01444	0.16215	0.01963	0.11505	0.01906	0.01265	0.01533	0.00998	0.00556	0.00589	0.00181	0.00734	0.00554	0.00324	0.00860
36	0.00785	0.00557	0.00722	0.00766	0.00840	0.00525	0.00535	0.00948	0.01295	0.01779	0.31585	0.35072	0.04216	0.12963	0.01048	0.00265	0.00355	0.04704	0.00552	0.00488
37	0.00791	0.00572	0.00786	0.00824	0.00895	0.00595	0.00589	0.00946	0.01087	0.01510	0.13064	0.28197	0.02927	0.13007	0.30850	0.00544	0.00834	0.01056	0.00441	0.00486
38	0.00812	0.00553	0.00664	0.00710	0.00728	0.00544	0.00441	0.00857	0.00951	0.01266	0.02299	0.25558	0.02683	0.52687	0.02197	0.00452	0.00497	0.05285	0.00417	0.00398
39	0.01555	0.79913	0.03047	0.00995	0.01493	0.02301	0.00995	0.01741	0.01182	0.01368	0.00808	0.00933	0.00746	0.00498	0.00373	0.00124	0.00622	0.00311	0.00249	0.00746
40	0.01459	0.03773	0.48689	0.04541	0.02257	0.01361	0.01725	0.14715	0.01535	0.08634	0.01445	0.01542	0.04458	0.00638	0.00565	0.00182	0.00754	0.00500	0.00362	0.00866
41	0.01346	0.07536	0.22257	0.21504	0.21355	0.01355	0.01628	0.04077	0.01302	0.05416	0.01161	0.01442	0.00883	0.00568	0.00546	0.00176	0.00716	0.00483	0.05447	0.00803
42	0.00711	0.00538	0.00657	0.00744	0.00834	0.00485	0.00518	0.00836	0.01202	0.01547	0.06621	0.52366	0.26055	0.01687	0.00724	0.00223	0.00326	0.02901	0.00543	0.00482
43	0.01377	0.01417	0.06111	0.13896	0.62086	0.01368	0.01780	0.01746	0.01297	0.01839	0.01083	0.01444	0.00891	0.00529	0.00575	0.00176	0.00711	0.00513	0.00282	0.00879
44	0.13871	0.21854	0.15787	0.01274	0.01745	0.26658	0.01200	0.05532	0.04028	0.01808	0.00967	0.01095	0.00777	0.00568	0.00472	0.00157	0.00777	0.00377	0.00310	0.00744
45	0.01452	0.01168	0.01649	0.04597	0.21361	0.01222	0.03977	0.21662	0.01714	0.02329	0.01896	0.03238	0.01795	0.00952	0.00655	0.00206	0.00622	0.25320	0.03406	0.00778

[dist]
# distance from previous block
# <min> <max>
0	3

[block]
# block no. 5 follows, 40 sequences, length 42
# corresponding to MSA columns:
# 905-946
name=unknown_F
#
# <colnr> <probs for GDERKNQSTAVLIFYWHMCP>
#	G	D	E	R	K	N	Q	S	T	A	V	L	I	F	Y	W	H	M	C	P
0	0.01338	0.08666	0.35909	0.01754	0.12983	0.04702	0.04392	0.06223	0.01374	0.01928	0.04210	0.01547	0.01079	0.00600	0.00548	0.00169	0.00738	0.02743	0.00312	0.08784
1	0.00780	0.00594	0.00718	0.00698	0.00853	0.00532	0.00527	0.01008	0.01517	0.02040	0.48277	0.06352	0.28765	0.01311	0.00692	0.00192	0.00292	0.03724	0.00601	0.00527
2	0.00770	0.00577	0.00682	0.00713	0.00824	0.00529	0.00512	0.00915	0.01252	0.01620	0.16458	0.19146	0.28652	0.16259	0.01139	0.00278	0.00374	0.08304	0.00521	0.00476
3	0.01108	0.00664	0.00829	0.00747	0.00957	0.00588	0.00575	0.01339	0.01562	0.15468	0.43351	0.04260	0.23942	0.01182	0.00668	0.00186	0.00320	0.01015	0.00627	0.00612
4	0.01272	0.01272	0.01781	0.01527	0.01527	0.01781	0.01272	0.01399	0.00891	0.01399	0.00763	0.01272	0.00763	0.01018	0.01908	0.00254	0.78499	0.00509	0.00254	0.00636
5	0.01347	0.01029	0.01220	0.00879	0.01389	0.00783	0.00706	0.01602	0.01252	0.09359	0.01160	0.01283	0.00919	0.00460	0.00446	0.00096	0.00437	0.00369	0.00382	0.74883
6	0.00781	0.00553	0.00731	0.00848	0.00901	0.00531	0.00608	0.00908	0.01130	0.01497	0.02990	0.51810	0.03494	0.12283	0.01057	0.00288	0.00415	0.18192	0.00513	0.00471
7	0.01267	0.01193	0.01580	0.01372	0.01439	0.01598	0.01128	0.01638	0.12320	0.01620	0.01257	0.01614	0.03361	0.00972	0.01557	0.00235	0.58253	0.00557	0.06369	0.00668
8	0.02092	0.02608	0.01567	0.01428	0.01716	0.71604	0.01071	0.02251	0.01617	0.01478	0.00972	0.01131	0.00803	0.00605	0.00516	0.00149	0.00992	0.00387	0.06350	0.00664
9	0.01170	0.09775	0.04482	0.01185	0.06999	0.01111	0.00886	0.01677	0.16644	0.04341	0.01657	0.02224	0.01473	0.14204	0.29068	0.00513	0.00933	0.00612	0.00380	0.00666
10	0.01697	0.01935	0.25723	0.07105	0.02216	0.01491	0.05938	0.28501	0.09204	0.08309	0.01410	0.01487	0.01000	0.00641	0.00580	0.00183	0.00712	0.00521	0.00444	0.00903
11	0.01992	0.01469	0.01567	0.01239	0.01653	0.01630	0.01011	0.56823	0.12900	0.03344	0.01583	0.01582	0.01150	0.00709	0.00566	0.00174	0.00578	0.00544	0.08549	0.00936
12	0.00740	0.00551	0.00660	0.00710	0.00800	0.00503	0.00486	0.00865	0.01214	0.01584	0.14706	0.36146	0.23958	0.13093	0.01045	0.00265	0.00349	0.01324	0.00527	0.00471
13	0.04656	0.01219	0.12800	0.01240	0.06843	0.01026	0.01034	0.12105	0.01388	0.04711	0.07379	0.02015	0.01527	0.02038	0.28700	0.00452	0.00935	0.00583	0.08652	0.00697
14	0.00770	0.00599	0.00711	0.00759	0.00910	0.00541	0.00594	0.00956	0.01338	0.01691	0.12957	0.15646	0.39312	0.01521	0.00724	0.00218	0.00359	0.19336	0.00551	0.00507
15	0.01809	0.01467	0.04400	0.02138	0.29109	0.04349	0.01355	0.19079	0.07075	0.13951	0.01407	0.01530	0.01054	0.00663	0.00700	0.00183	0.07850	0.00531	0.00443	0.00910
16	0.04128	0.01008	0.01334	0.02360	0.05866	0.01020	0.06075	0.02014	0.22449	0.11654	0.05561	0.07363	0.08854	0.00970	0.00632	0.00198	0.00499	0.11502	0.00527	0.05987
17	0.01590	0.11574	0.23378	0.08651	0.07667	0.11665	0.02519	0.06488	0.08401	0.09153	0.01360	0.01473	0.02337	0.00616	0.00544	0.00173	0.00740	0.00484	0.00364	0.00824
18	0.01555	0.79913	0.03047	0.00995	0.01493	0.02301	0.00995	0.01741	0.01182	0.01368	0.00808	0.00933	0.00746	0.00498	0.00373	0.00124	0.00622	0.00311	0.00249	0.00746
19	0.00782	0.00578	0.00739	0.00792	0.00905	0.00535	0.00595	0.00977	0.01363	0.01820	0.27278	0.29510	0.16619	0.01518	0.00725	0.00217	0.00344	0.13620	0.00572	0.00511
20	0.00833	0.00654	0.00764	0.00763	0.00927	0.00620	0.00577	0.01180	0.09023	0.01917	0.28417	0.14644	0.29602	0.01363	0.00693	0.00202	0.00328	0.06358	0.00579	0.00556
21	0.01511	0.01371	0.02179	0.13627	0.54452	0.01434	0.01656	0.12899	0.01519	0.02115	0.01132	0.01448	0.00911	0.00555	0.00577	0.00176	0.00695	0.00519	0.00329	0.00893
22	0.00843	0.00573	0.00680	0.00680	0.00696	0.00589	0.00409	0.00875	0.00859	0.01161	0.01791	0.03575	0.02014	0.68155	0.14231	0.00620	0.00715	0.00812	0.00346	0.00378
23	0.00980	0.00563	0.00684	0.00712	0.00826	0.00534	0.00511	0.01180	0.01273	0.06414	0.14562	0.33947	0.03105	0.01231	0.00600	0.00187	0.00312	0.01082	0.30755	0.00542
24	0.01322	0.11132	0.36306	0.07185	0.04570	0.01445	0.05398	0.09856	0.05883	0.01983	0.01509	0.01758	0.05570	0.00665	0.00564	0.00181	0.00733	0.02789	0.00337	0.00814
25	0.01464	0.07201	0.14923	0.01147	0.01544	0.01254	0.01063	0.26841	0.01737	0.05012	0.02038	0.20195	0.05980	0.02195	0.01793	0.00205	0.00581	0.00810	0.03253	0.00764
26	0.01271	0.01155	0.01303	0.03347	0.06169	0.10699	0.00950	0.01465	0.01154	0.01671	0.04408	0.02029	0.01369	0.06513	0.02744	0.00237	0.27670	0.03294	0.21947	0.00605
27	0.38592	0.02008	0.04419	0.01231	0.03462	0.38115	0.00962	0.02014	0.01327	0.01984	0.00870	0.01020	0.00700	0.00569	0.00453	0.00165	0.00763	0.00354	0.00324	0.00668
28	0.01215	0.01183	0.01695	0.01692	0.12391	0.01527	0.01227	0.01386	0.01043	0.01550	0.06175	0.01883	0.07761	0.00996	0.01523	0.00233	0.54941	0.00610	0.00310	0.00660
29	0.01776	0.01637	0.17761	0.01666	0.14418	0.01298	0.01335	0.13479	0.14450	0.20357	0.01642	0.01636	0.01165	0.00646	0.00571	0.00178	0.00620	0.00533	0.00485	0.04345
30	0.01035	0.00866	0.01007	0.00785	0.01169	0.00678	0.00615	0.01275	0.01312	0.01916	0.16054	0.02635	0.15982	0.00772	0.00528	0.00125	0.00375	0.00646	0.00438	0.51786
31	0.01338	0.04556	0.31614	0.01600	0.09255	0.07951	0.01496	0.02125	0.21330	0.01921	0.01734	0.01802	0.06538	0.00700	0.00616	0.00185	0.03487	0.00553	0.00371	0.00827
32	0.00879	0.00567	0.00743	0.00743	0.00771	0.00595	0.00488	0.00878	0.00850	0.01161	0.01573	0.02936	0.01688	0.41814	0.22875	0.19217	0.00819	0.00709	0.00319	0.00375
33	0.00760	0.00590	0.00665	0.00657	0.00805	0.00526	0.00480	0.00927	0.01348	0.01732	0.25297	0.05011	0.41573	0.12913	0.01027	0.00250	0.00338	0.04071	0.00541	0.00489
34	0.01780	0.19861	0.02163	0.01428	0.03159	0.18664	0.10560	0.10074	0.01527	0.09436	0.03831	0.01380	0.01045	0.00640	0.00665	0.00165	0.08566	0.00478	0.00371	0.04205
35	0.00913	0.00646	0.00732	0.00746	0.00903	0.00630	0.00570	0.01262	0.08684	0.01895	0.12782	0.12411	0.22600	0.03278	0.00693	0.00204	0.00347	0.10526	0.19623	0.00554
36	0.01423	0.09171	0.24715	0.01694	0.08423	0.07424	0.13041	0.04426	0.04250	0.04581	0.01322	0.01749	0.01076	0.00633	0.00567	0.00175	0.00752	0.05730	0.02988	0.05861
37	0.15502	0.12907	0.37070	0.01333	0.01950	0.12619	0.01474	0.01849	0.01241	0.01851	0.00950	0.01111	0.00731	0.00541	0.00482	0.00163	0.00754	0.00380	0.00281	0.06811
38	0.08659	0.08719	0.15774	0.01209	0.01626	0.05407	0.04128	0.13773	0.01509	0.07832	0.01853	0.16144	0.03926	0.00923	0.00588	0.00191	0.00615	0.05945	0.00439	0.00741
39	0.01376	0.10401	0.16642	0.03219	0.23095	0.02515	0.08894	0.06904	0.05615	0.02986	0.04599	0.04535	0.05321	0.00680	0.00577	0.00178	0.00681	0.00604	0.00357	0.00818
40	0.01570	0.20680	0.11509	0.01360	0.07368	0.08148	0.01151	0.06710	0.17984	0.07064	0.01663	0.01789	0.04063	0.00685	0.00528	0.00169	0.00623	0.02550	0.03572	0.00816
41	0.01459	0.01307	0.06447	0.01807	0.18939	0.05292	0.07875	0.06958	0.08559	0.10611	0.01940	0.19773	0.01817	0.00930	0.00632	0.00196	0.00611	0.03607	0.00455	0.00785

[dist]
# distance from previous block
# <min> <max>
2	64

[block]
# block no. 6 follows, 40 sequences, length 258
# corresponding to MSA columns:
# 1017-1208,1221-1284,1302,1303
name=unknown_G
#
# <colnr> <probs for GDERKNQSTAVLIFYWHMCP>
#	G	D	E	R	K	N	Q	S	T	A	V	L	I	F	Y	W	H	M	C	P
0	0.15772	0.02908	0.11317	0.01725	0.17427	0.02633	0.07100	0.07224	0.03389	0.14142	0.07927	0.01699	0.01365	0.00712	0.02038	0.00194	0.00638	0.00543	0.00426	0.00819
1	0.01445	0.01491	0.08411	0.04796	0.26029	0.08231	0.04060	0.04183	0.03823	0.05803	0.01511	0.01723	0.05948	0.02261	0.00602	0.00166	0.00650	0.00530	0.00357	0.17979
2	0.01576	0.31441	0.20977	0.01371	0.07815	0.01579	0.01293	0.01980	0.04812	0.14596	0.06220	0.01516	0.01243	0.00611	0.00503	0.00160	0.00635	0.00471	0.00375	0.00826
3	0.08343	0.21921	0.16995	0.01452	0.08533	0.12481	0.01274	0.10764	0.04049	0.04836	0.01113	0.01236	0.00867	0.00577	0.00491	0.00160	0.00703	0.00419	0.02980	0.00804
4	0.09252	0.01396	0.01827	0.01889	0.21507	0.06865	0.07944	0.13198	0.04161	0.12899	0.03699	0.01543	0.01131	0.00612	0.00580	0.00170	0.02056	0.00521	0.00430	0.08320
5	0.03192	0.13600	0.02263	0.01923	0.19631	0.01483	0.14338	0.15260	0.01607	0.11437	0.03275	0.02960	0.01132	0.00607	0.00561	0.00168	0.00664	0.00549	0.00409	0.04941
6	0.05388	0.14277	0.11334	0.02310	0.32347	0.04484	0.07192	0.06648	0.03310	0.01927	0.01065	0.01312	0.00867	0.00565	0.00604	0.00172	0.04572	0.00476	0.00307	0.00842
7	0.15839	0.29147	0.16705	0.01304	0.01826	0.13533	0.08444	0.01850	0.01250	0.01749	0.00912	0.01082	0.00741	0.00529	0.00462	0.00156	0.00735	0.00383	0.00283	0.03070
8	0.12842	0.01768	0.23511	0.01221	0.01710	0.05461	0.01217	0.18089	0.01591	0.10384	0.01548	0.08131	0.02544	0.00816	0.02156	0.00197	0.00653	0.00578	0.04784	0.00797
9	0.02044	0.02088	0.01533	0.01341	0.01631	0.46061	0.01038	0.08796	0.01635	0.11297	0.01199	0.01323	0.00927	0.00673	0.00666	0.00165	0.08646	0.00444	0.07765	0.00728
10	0.05415	0.00688	0.00739	0.00758	0.00937	0.00665	0.00567	0.01189	0.10686	0.01728	0.04334	0.22848	0.40204	0.01426	0.00677	0.00210	0.00349	0.05491	0.00536	0.00552
11	0.00709	0.00506	0.00675	0.00810	0.00843	0.00472	0.00540	0.00810	0.01113	0.01484	0.03205	0.79184	0.03846	0.01822	0.00742	0.00236	0.00337	0.01653	0.00540	0.00472
12	0.83671	0.01125	0.00855	0.00765	0.01125	0.01305	0.00630	0.01709	0.00990	0.02609	0.00810	0.00945	0.00630	0.00540	0.00360	0.00180	0.00450	0.00315	0.00360	0.00630
13	0.00721	0.00592	0.00635	0.00630	0.00813	0.00507	0.00476	0.00896	0.01389	0.01726	0.19575	0.05375	0.59931	0.01420	0.00690	0.00196	0.00297	0.03068	0.00560	0.00503
14	0.01438	0.01285	0.01290	0.01165	0.01479	0.05589	0.00902	0.02895	0.65409	0.02354	0.06293	0.02293	0.03396	0.00814	0.00595	0.00194	0.00480	0.00674	0.00577	0.00878
15	0.01907	0.01042	0.01261	0.01012	0.01361	0.01030	0.00818	0.23158	0.01949	0.30169	0.22533	0.02480	0.02443	0.00842	0.00602	0.00177	0.00463	0.00695	0.05216	0.00841
16	0.01495	0.09389	0.02366	0.03114	0.61373	0.06553	0.01646	0.01805	0.01319	0.01800	0.01043	0.01357	0.00888	0.00536	0.00590	0.00169	0.02908	0.00487	0.00284	0.00879
17	0.01439	0.01382	0.02360	0.03569	0.75936	0.01382	0.01785	0.01785	0.01324	0.01900	0.01094	0.01439	0.00921	0.00518	0.00576	0.00173	0.00691	0.00518	0.00288	0.00921
18	0.01465	0.06731	0.22373	0.01187	0.01666	0.01210	0.01190	0.12007	0.10839	0.12441	0.02368	0.06932	0.12854	0.00877	0.00595	0.00188	0.00582	0.03215	0.00476	0.00805
19	0.01371	0.03281	0.26347	0.01384	0.01901	0.01272	0.07944	0.02270	0.27035	0.08480	0.10868	0.02033	0.01762	0.00721	0.00594	0.00188	0.00623	0.00621	0.00460	0.00844
20	0.02104	0.02487	0.01586	0.01415	0.01724	0.63188	0.01074	0.10731	0.01748	0.01738	0.01024	0.01165	0.00827	0.00616	0.00523	0.00152	0.00948	0.00403	0.05844	0.00703
21	0.00846	0.00564	0.00634	0.00634	0.00634	0.00564	0.00352	0.00846	0.00846	0.01128	0.01832	0.03805	0.02114	0.79563	0.02960	0.00564	0.00564	0.00846	0.00352	0.00352
22	0.02226	0.01281	0.01505	0.01144	0.01611	0.01266	0.00942	0.34338	0.02074	0.33035	0.01709	0.01606	0.01154	0.00668	0.00561	0.00164	0.00550	0.00522	0.00603	0.13042
23	0.01325	0.34405	0.46542	0.01387	0.02099	0.01739	0.01678	0.01801	0.01209	0.01648	0.00948	0.01107	0.00741	0.00530	0.00479	0.00160	0.00762	0.00381	0.00247	0.00813
24	0.01010	0.00505	0.00758	0.00758	0.00758	0.00505	0.00505	0.00758	0.00758	0.01010	0.01010	0.01768	0.01010	0.02020	0.02273	0.83081	0.00505	0.00505	0.00253	0.00253
25	0.00831	0.00621	0.00923	0.00923	0.01023	0.00721	0.00713	0.01031	0.00931	0.01341	0.01568	0.02343	0.01479	0.07242	0.74413	0.00920	0.01520	0.00632	0.00313	0.00513
26	0.01605	0.01279	0.01365	0.01183	0.01536	0.01448	0.00933	0.14892	0.56966	0.06114	0.02313	0.02141	0.03993	0.00792	0.00593	0.00193	0.00487	0.00650	0.00594	0.00921
27	0.01373	0.01569	0.03431	0.02451	0.03039	0.01471	0.73824	0.01863	0.01373	0.01863	0.01176	0.01569	0.00882	0.00490	0.00686	0.00196	0.00980	0.00686	0.00294	0.00784
28	0.01152	0.00682	0.00892	0.00797	0.00994	0.00627	0.00613	0.01456	0.03720	0.15232	0.60776	0.03870	0.04677	0.01096	0.00666	0.00183	0.00318	0.00959	0.00653	0.00636
29	0.00687	0.00589	0.00589	0.00589	0.00785	0.00491	0.00442	0.00835	0.01325	0.01571	0.05891	0.05596	0.75700	0.01473	0.00687	0.00196	0.00295	0.01227	0.00540	0.00491
30	0.00831	0.00621	0.00775	0.00748	0.00892	0.00584	0.00556	0.01149	0.05624	0.02165	0.56306	0.11913	0.13119	0.01263	0.00686	0.00191	0.00293	0.01110	0.00616	0.00555
31	0.01270	0.01209	0.02054	0.40656	0.40174	0.01337	0.01700	0.01636	0.01244	0.01694	0.01064	0.01495	0.00849	0.00550	0.00579	0.00183	0.00733	0.00517	0.00273	0.00784
32	0.27350	0.01473	0.01470	0.01161	0.01594	0.01649	0.00959	0.51688	0.02196	0.03339	0.01215	0.01257	0.00878	0.00649	0.00513	0.00176	0.00581	0.00459	0.00513	0.00878
33	0.09471	0.07091	0.64868	0.01531	0.02320	0.01399	0.01932	0.01823	0.01201	0.01892	0.01007	0.01183	0.00726	0.00548	0.00523	0.00180	0.00805	0.00412	0.00257	0.00830
34	0.00803	0.00574	0.00783	0.00918	0.00993	0.00554	0.00704	0.00973	0.01207	0.01590	0.03153	0.49100	0.03639	0.01733	0.00767	0.00249	0.00419	0.30802	0.00538	0.00498
35	0.00723	0.00590	0.00638	0.00626	0.00807	0.00506	0.00470	0.00903	0.01409	0.01770	0.24136	0.05269	0.57330	0.01398	0.00687	0.00193	0.00289	0.01181	0.00566	0.00506
36	0.01226	0.14737	0.65340	0.01556	0.02361	0.01495	0.01973	0.01826	0.01221	0.01769	0.01008	0.01183	0.00738	0.00544	0.00525	0.00175	0.00823	0.00412	0.00246	0.00842
37	0.00831	0.00623	0.00935	0.00935	0.01038	0.00727	0.00727	0.01038	0.00935	0.01350	0.01558	0.02285	0.01454	0.04361	0.77259	0.00935	0.01558	0.00623	0.00312	0.00519
38	0.00831	0.00623	0.00935	0.00935	0.01038	0.00727	0.00727	0.01038	0.00935	0.01350	0.01558	0.02285	0.01454	0.04361	0.77259	0.00935	0.01558	0.00623	0.00312	0.00519
39	0.01555	0.79913	0.03047	0.00995	0.01493	0.02301	0.00995	0.01741	0.01182	0.01368	0.00808	0.00933	0.00746	0.00498	0.00373	0.00124	0.00622	0.00311	0.00249	0.00746
40	0.00709	0.00590	0.00619	0.00611	0.00798	0.00500	0.00459	0.00876	0.01376	0.01690	0.16798	0.05401	0.64718	0.01428	0.00687	0.00194	0.00291	0.01200	0.00556	0.00500
41	0.02211	0.01629	0.01745	0.01338	0.01803	0.01803	0.01105	0.73997	0.02734	0.03665	0.01396	0.01396	0.00989	0.00698	0.00582	0.00175	0.00640	0.00524	0.00582	0.00989
42	0.83671	0.01125	0.00855	0.00765	0.01125	0.01305	0.00630	0.01709	0.00990	0.02609	0.00810	0.00945	0.00630	0.00540	0.00360	0.00180	0.00450	0.00315	0.00360	0.00630
43	0.01084	0.00542	0.00542	0.00542	0.00678	0.00542	0.00407	0.01355	0.01220	0.02168	0.01897	0.02168	0.01491	0.00678	0.00407	0.00136	0.00271	0.00542	0.82791	0.00542
44	0.00831	0.00623	0.00935	0.00935	0.01038	0.00727	0.00727	0.01038	0.00935	0.01350	0.01558	0.02285	0.01454	0.04361	0.77259	0.00935	0.01558	0.00623	0.00312	0.00519
45	0.00687	0.00589	0.00589	0.00589	0.00785	0.00491	0.00442	0.00835	0.01325	0.01571	0.05891	0.05596	0.75700	0.01473	0.00687	0.00196	0.00295	0.01227	0.00540	0.00491
46	0.00737	0.00541	0.00704	0.00803	0.00869	0.00516	0.00563	0.00861	0.01126	0.01484	0.03324	0.54748	0.12721	0.04997	0.08505	0.00316	0.00475	0.05723	0.00509	0.00479
47	0.01026	0.00935	0.01545	0.63770	0.03417	0.01139	0.01415	0.01360	0.01154	0.01486	0.01438	0.15997	0.01347	0.00812	0.00611	0.00202	0.00694	0.00728	0.00311	0.00614
48	0.01206	0.01034	0.01206	0.00861	0.01378	0.00775	0.00689	0.01464	0.01206	0.01895	0.01034	0.01206	0.00861	0.00431	0.00431	0.00086	0.00431	0.00345	0.00345	0.83118
49	0.05139	0.00967	0.01153	0.00971	0.01233	0.05073	0.00748	0.09085	0.01386	0.32220	0.01561	0.01744	0.01154	0.01217	0.01238	0.32894	0.00542	0.00525	0.00484	0.00667
50	0.02324	0.01448	0.01633	0.01252	0.01713	0.01534	0.01034	0.53825	0.02431	0.24264	0.01651	0.01561	0.01117	0.00704	0.00583	0.00176	0.00599	0.00541	0.00621	0.00989
51	0.00831	0.00621	0.00924	0.00924	0.01025	0.00721	0.00714	0.01032	0.00932	0.01342	0.01567	0.02336	0.01476	0.06921	0.74730	0.00922	0.01524	0.00631	0.00313	0.00514
52	0.00882	0.00673	0.00959	0.10749	0.01294	0.00772	0.00728	0.01040	0.00932	0.01293	0.01563	0.02681	0.01573	0.29384	0.40145	0.00695	0.03156	0.00682	0.00317	0.00482
53	0.00722	0.00598	0.00638	0.00651	0.00837	0.00514	0.00503	0.00889	0.01342	0.01626	0.08876	0.05647	0.64146	0.01474	0.00700	0.00204	0.00321	0.09268	0.00544	0.00499
54	0.01010	0.00505	0.00758	0.00758	0.00758	0.00505	0.00505	0.00758	0.00758	0.01010	0.01010	0.01768	0.01010	0.02020	0.02273	0.83081	0.00505	0.00505	0.00253	0.00253
55	0.01166	0.03008	0.76550	0.01657	0.02517	0.01351	0.02149	0.01842	0.01228	0.01842	0.01044	0.01228	0.00737	0.00552	0.00552	0.00184	0.00859	0.00430	0.00246	0.00859
56	0.01334	0.00885	0.00921	0.00881	0.03011	0.05037	0.00651	0.01868	0.16205	0.09714	0.11464	0.02475	0.04836	0.00791	0.00519	0.00163	0.00388	0.00651	0.37526	0.00680
57	0.00787	0.00581	0.00688	0.00675	0.00789	0.00533	0.00473	0.00953	0.01341	0.01798	0.35835	0.08561	0.22776	0.20235	0.01239	0.00281	0.00353	0.01080	0.00539	0.00482
58	0.01415	0.01613	0.03275	0.02481	0.07851	0.05055	0.65565	0.01879	0.01382	0.01844	0.01158	0.01535	0.00879	0.00497	0.00671	0.00192	0.00964	0.00660	0.00294	0.00788
59	0.01838	0.01580	0.04474	0.10120	0.07893	0.10903	0.09387	0.20075	0.12475	0.13074	0.01505	0.01584	0.01089	0.00647	0.00587	0.00180	0.00709	0.00547	0.00465	0.00869
60	0.00913	0.00614	0.00804	0.00880	0.05734	0.00615	0.00517	0.00928	0.00947	0.01291	0.09055	0.03238	0.02132	0.47773	0.06571	0.15875	0.00587	0.00769	0.00356	0.00401
61	0.00834	0.00559	0.00638	0.00649	0.00652	0.00556	0.00368	0.00843	0.00868	0.01157	0.01946	0.10046	0.02258	0.73127	0.02776	0.00537	0.00545	0.00913	0.00368	0.00362
62	0.01928	0.33329	0.02202	0.01299	0.01677	0.47548	0.01073	0.02092	0.01463	0.01401	0.00863	0.01003	0.00748	0.00559	0.00464	0.00140	0.00880	0.00349	0.00279	0.00703
63	0.04734	0.13861	0.07278	0.02348	0.30961	0.13520	0.12900	0.01912	0.01353	0.04293	0.01059	0.01305	0.00855	0.00533	0.00544	0.00167	0.00778	0.00479	0.00299	0.00820
64	0.08177	0.02140	0.38173	0.01775	0.14449	0.03834	0.01645	0.07561	0.01382	0.09136	0.01204	0.01378	0.00886	0.00786	0.04806	0.00221	0.00791	0.00466	0.00339	0.00849
65	0.00695	0.00580	0.00600	0.00613	0.00786	0.00492	0.00449	0.00832	0.01287	0.01546	0.05471	0.13109	0.65698	0.04272	0.00773	0.00213	0.00308	0.01258	0.00533	0.00484
66	0.01436	0.01392	0.02420	0.03507	0.71886	0.01387	0.05787	0.01789	0.01327	0.01898	0.01098	0.01446	0.00919	0.00517	0.00582	0.00174	0.00707	0.00527	0.00288	0.00914
67	0.01448	0.01587	0.06772	0.12734	0.49928	0.08965	0.06585	0.01809	0.01333	0.01793	0.01069	0.01410	0.00871	0.00535	0.00577	0.00175	0.00767	0.00510	0.00283	0.00848
68	0.00887	0.00918	0.08619	0.06403	0.03946	0.00782	0.03499	0.01120	0.01130	0.01547	0.02350	0.39744	0.02604	0.01868	0.12656	0.00337	0.03175	0.07420	0.00429	0.00568
69	0.44216	0.25116	0.01658	0.00967	0.01357	0.15356	0.00829	0.01830	0.01167	0.02021	0.00825	0.00960	0.00686	0.00538	0.00394	0.00158	0.00610	0.00325	0.00316	0.00673
70	0.00823	0.00594	0.00777	0.00732	0.00869	0.00549	0.00549	0.01097	0.01646	0.02332	0.75629	0.04344	0.05487	0.01189	0.00686	0.00183	0.00274	0.01052	0.00640	0.00549
71	0.01241	0.09308	0.55506	0.01761	0.02534	0.01456	0.16504	0.01837	0.01253	0.01805	0.01050	0.01271	0.00767	0.00535	0.00564	0.00181	0.00863	0.00471	0.00256	0.00835
72	0.02172	0.02772	0.01648	0.01498	0.01798	0.77228	0.01124	0.02322	0.01648	0.01423	0.00899	0.01049	0.00749	0.00599	0.00524	0.00150	0.01049	0.00375	0.00300	0.00674
