[name]
unknown

[dist]
# distance from previous block
# <min> <max>
5	47

[block]
# block no. 0 follows, 41 sequences, length 14
# corresponding to MSA columns:
# 51-64
name=unknown_A
#
# <colnr> <probs for GDERKNQSTAVLIFYWHMCP>
#	G	D	E	R	K	N	Q	S	T	A	V	L	I	F	Y	W	H	M	C	P
0	0.08242	0.01101	0.01384	0.01232	0.03696	0.01328	0.00970	0.10368	0.05118	0.06160	0.16127	0.02155	0.05865	0.00938	0.01110	0.00208	0.32240	0.00642	0.00431	0.00685
1	0.00710	0.00507	0.00679	0.00812	0.00851	0.00476	0.00554	0.00820	0.01108	0.01475	0.03145	0.75128	0.03754	0.01779	0.00734	0.00234	0.00344	0.05890	0.00531	0.00468
2	0.01416	0.01359	0.02322	0.03511	0.76330	0.01359	0.01755	0.01755	0.01302	0.01869	0.01076	0.01416	0.00906	0.00510	0.00566	0.00170	0.00680	0.00510	0.00283	0.00906
3	0.01350	0.01543	0.03375	0.02411	0.02989	0.01446	0.74253	0.01832	0.01350	0.01832	0.01157	0.01543	0.00868	0.00482	0.00675	0.00193	0.00964	0.00675	0.00289	0.00771
4	0.01324	0.01247	0.02140	0.22775	0.31208	0.01309	0.13785	0.07867	0.01417	0.01944	0.08174	0.01732	0.01291	0.00599	0.00597	0.00180	0.00707	0.00587	0.00334	0.00783
5	0.01978	0.02462	0.01644	0.01479	0.01721	0.64031	0.01131	0.02122	0.01488	0.01396	0.00860	0.01071	0.00739	0.00663	0.00759	0.00166	0.14955	0.00392	0.00287	0.00656
6	0.01416	0.01359	0.02322	0.03511	0.76330	0.01359	0.01755	0.01755	0.01302	0.01869	0.01076	0.01416	0.00906	0.00510	0.00566	0.00170	0.00680	0.00510	0.00283	0.00906
7	0.01275	0.01116	0.01672	0.01352	0.05534	0.01039	0.13458	0.01547	0.01217	0.05922	0.04816	0.04444	0.01205	0.00627	0.00720	0.00147	0.12045	0.00525	0.00356	0.40981
8	0.00943	0.00645	0.00730	0.00696	0.00739	0.00664	0.00426	0.06991	0.00991	0.01328	0.01753	0.03472	0.01955	0.69587	0.06363	0.00540	0.00609	0.00795	0.00363	0.00407
9	0.01416	0.01359	0.02322	0.03511	0.76330	0.01359	0.01755	0.01755	0.01302	0.01869	0.01076	0.01416	0.00906	0.00510	0.00566	0.00170	0.00680	0.00510	0.00283	0.00906
10	0.13190	0.01546	0.01949	0.02612	0.47203	0.13633	0.01441	0.04471	0.01336	0.01930	0.01000	0.01275	0.00833	0.00557	0.00595	0.00171	0.04680	0.00458	0.00304	0.00815
11	0.15061	0.01300	0.01325	0.04693	0.11766	0.11278	0.00947	0.17405	0.01567	0.04612	0.01814	0.09349	0.08241	0.00797	0.00539	0.00175	0.00570	0.00637	0.07206	0.00719
12	0.01575	0.01374	0.02044	0.02713	0.50460	0.01423	0.01488	0.19995	0.04866	0.02349	0.05118	0.01585	0.01194	0.00600	0.00574	0.00172	0.00636	0.00544	0.00387	0.00904
13	0.22205	0.01595	0.01414	0.01168	0.01557	0.15011	0.00939	0.31404	0.08849	0.08571	0.01304	0.01320	0.00952	0.00641	0.00510	0.00171	0.00627	0.00456	0.00481	0.00825

[dist]
# distance from previous block
# <min> <max>
7	18

[block]
# block no. 1 follows, 41 sequences, length 17
# corresponding to MSA columns:
# 83-99
name=unknown_B
#
# <colnr> <probs for GDERKNQSTAVLIFYWHMCP>
#	G	D	E	R	K	N	Q	S	T	A	V	L	I	F	Y	W	H	M	C	P
0	0.01660	0.08175	0.01689	0.04559	0.20226	0.18570	0.01114	0.07991	0.04090	0.08542	0.05395	0.01615	0.01252	0.00628	0.00523	0.00159	0.00648	0.00503	0.11897	0.00766
1	0.01426	0.01271	0.08795	0.01007	0.01334	0.11478	0.00861	0.01787	0.07523	0.17023	0.16763	0.09088	0.13080	0.00952	0.00603	0.00177	0.00510	0.00792	0.00518	0.05011
2	0.01764	0.05275	0.08223	0.01153	0.01557	0.07893	0.03525	0.09170	0.14025	0.24505	0.10574	0.02187	0.06070	0.00770	0.00579	0.00176	0.00561	0.00630	0.00538	0.00825
3	0.01628	0.06034	0.17579	0.05169	0.05780	0.08013	0.15211	0.07640	0.01488	0.16052	0.05393	0.02837	0.01220	0.00626	0.00574	0.00174	0.00725	0.00554	0.00400	0.02901
4	0.11326	0.01172	0.01649	0.02026	0.33168	0.01168	0.01174	0.08480	0.01370	0.11141	0.01272	0.01555	0.01024	0.04491	0.05995	0.00231	0.00645	0.00495	0.00382	0.11238
5	0.09618	0.00844	0.01097	0.01165	0.10005	0.00860	0.00784	0.01482	0.04989	0.10783	0.01992	0.04235	0.08934	0.09237	0.25265	0.00445	0.00814	0.00653	0.00406	0.06392
6	0.06055	0.10547	0.01448	0.01022	0.01378	0.01342	0.00845	0.34334	0.01871	0.02525	0.02325	0.09518	0.15578	0.00923	0.00571	0.00175	0.00510	0.03472	0.00496	0.05065
7	0.01401	0.02634	0.01594	0.01657	0.17057	0.06601	0.04472	0.10369	0.11633	0.04590	0.15756	0.08929	0.02126	0.00860	0.00718	0.00187	0.07477	0.00723	0.00458	0.00756
8	0.01478	0.00840	0.01031	0.00869	0.01197	0.00735	0.00701	0.03911	0.03631	0.26095	0.07086	0.04861	0.21410	0.00993	0.00606	0.00176	0.00417	0.08287	0.00563	0.15114
9	0.00989	0.00609	0.00788	0.00824	0.00941	0.00567	0.00585	0.03794	0.01278	0.10824	0.09562	0.56436	0.07494	0.01545	0.00697	0.00217	0.00354	0.01381	0.00563	0.00553
10	0.05707	0.01281	0.01537	0.01307	0.01505	0.08096	0.06149	0.16629	0.01420	0.01977	0.03849	0.13293	0.01464	0.01222	0.07076	0.00265	0.25465	0.00691	0.00389	0.00675
11	0.12660	0.01075	0.01676	0.57564	0.13324	0.01284	0.01476	0.01532	0.01141	0.01670	0.00994	0.01427	0.00762	0.00558	0.00541	0.00186	0.00707	0.00481	0.00272	0.00670
12	0.01515	0.01199	0.01845	0.11161	0.27964	0.01154	0.06328	0.05223	0.03242	0.12629	0.01274	0.01473	0.00969	0.00537	0.00541	0.00155	0.00610	0.00492	0.00376	0.21312
13	0.01389	0.10596	0.01325	0.01001	0.01241	0.16982	0.00791	0.01625	0.04777	0.09589	0.09899	0.05322	0.14240	0.05180	0.08842	0.00271	0.05161	0.00707	0.00430	0.00632
14	0.01416	0.01507	0.02351	0.18357	0.21886	0.10992	0.24607	0.01899	0.07863	0.01759	0.01176	0.01494	0.00917	0.00548	0.00597	0.00181	0.00812	0.00556	0.00307	0.00776
15	0.01711	0.01688	0.12426	0.02378	0.37131	0.06693	0.01522	0.17386	0.01642	0.10048	0.01243	0.01407	0.00937	0.00578	0.00562	0.00171	0.00696	0.00496	0.00384	0.00902
16	0.01604	0.01626	0.01759	0.01455	0.01727	0.21494	0.10934	0.16739	0.01557	0.01947	0.05006	0.01558	0.01148	0.01235	0.11825	0.00291	0.16491	0.00536	0.00362	0.00706

[dist]
# distance from previous block
# <min> <max>
12	31

[block]
# block no. 2 follows, 41 sequences, length 37
# corresponding to MSA columns:
# 131-167
name=unknown_C
#
# <colnr> <probs for GDERKNQSTAVLIFYWHMCP>
#	G	D	E	R	K	N	Q	S	T	A	V	L	I	F	Y	W	H	M	C	P
0	0.01098	0.00824	0.01029	0.07378	0.01286	0.00893	0.00761	0.04895	0.01303	0.08315	0.06147	0.06472	0.33794	0.01130	0.00864	0.00198	0.15388	0.00882	0.06748	0.00596
1	0.08463	0.08165	0.01995	0.04786	0.01935	0.01210	0.21023	0.01848	0.01281	0.16145	0.01242	0.01402	0.00924	0.00542	0.00585	0.00155	0.04238	0.00486	0.00381	0.23192
2	0.08552	0.07590	0.10288	0.00893	0.01189	0.00891	0.00787	0.01473	0.01184	0.15930	0.02402	0.14422	0.12584	0.15478	0.03639	0.00278	0.00533	0.00812	0.00449	0.00627
3	0.11420	0.01447	0.25443	0.01098	0.01495	0.00941	0.01116	0.01354	0.01076	0.01713	0.01540	0.16431	0.01498	0.01786	0.21454	0.00382	0.00845	0.00683	0.00337	0.07940
4	0.05603	0.03965	0.01369	0.01064	0.01470	0.17222	0.00848	0.07274	0.07118	0.19343	0.01625	0.01612	0.04795	0.00629	0.00509	0.00145	0.00584	0.00477	0.00458	0.23893
5	0.01282	0.01010	0.01147	0.00853	0.01297	0.00845	0.00682	0.09909	0.01363	0.02108	0.01190	0.01355	0.00958	0.00492	0.00437	0.00102	0.00423	0.00389	0.13187	0.60971
6	0.00928	0.00815	0.01254	0.34457	0.08825	0.00897	0.01079	0.01185	0.01194	0.01552	0.06128	0.23446	0.13869	0.01067	0.00636	0.00200	0.00538	0.00950	0.00395	0.00584
7	0.01163	0.01185	0.00985	0.00980	0.01125	0.22768	0.00709	0.01365	0.03399	0.01701	0.22846	0.33751	0.03300	0.01244	0.00649	0.00192	0.00520	0.01071	0.00492	0.00555
8	0.00818	0.00572	0.00652	0.00632	0.00787	0.00519	0.00474	0.01044	0.01423	0.02003	0.36330	0.04246	0.28855	0.01160	0.00617	0.00175	0.00276	0.00988	0.17910	0.00519
9	0.00946	0.00632	0.00720	0.00713	0.00825	0.00642	0.00500	0.01296	0.10537	0.01860	0.18424	0.14070	0.02845	0.19906	0.01131	0.00266	0.00369	0.00886	0.22904	0.00527
10	0.00722	0.00554	0.00661	0.00692	0.00815	0.00494	0.00497	0.00889	0.01328	0.01738	0.25595	0.29365	0.31630	0.01479	0.00693	0.00202	0.00298	0.01293	0.00560	0.00494
11	0.00738	0.00543	0.00692	0.00737	0.00832	0.00496	0.00521	0.00910	0.01327	0.01796	0.31855	0.40339	0.14096	0.01504	0.00701	0.00207	0.00302	0.01340	0.00569	0.00496
12	0.11520	0.01182	0.01283	0.00970	0.01426	0.01118	0.00787	0.23361	0.01633	0.02493	0.04803	0.01364	0.01082	0.00552	0.00472	0.00127	0.00480	0.00423	0.00425	0.44500
13	0.00832	0.00555	0.00624	0.00624	0.00624	0.00555	0.00347	0.00832	0.00832	0.01109	0.01802	0.03743	0.02080	0.79898	0.02911	0.00555	0.00555	0.00832	0.00347	0.00347
14	0.01531	0.12311	0.01895	0.01409	0.01569	0.15566	0.01173	0.08035	0.01210	0.01573	0.00836	0.01177	0.00766	0.00829	0.01310	0.00207	0.47188	0.00451	0.00286	0.00678
15	0.01312	0.12391	0.47491	0.01534	0.06185	0.01440	0.01687	0.10895	0.01428	0.02022	0.07332	0.01460	0.01159	0.00605	0.00537	0.00172	0.00731	0.00475	0.00318	0.00825
16	0.01627	0.19264	0.04341	0.03291	0.01683	0.11859	0.05548	0.17144	0.04080	0.06066	0.01292	0.04797	0.01087	0.01131	0.10316	0.00261	0.04559	0.00523	0.00381	0.00752
17	0.01643	0.00893	0.01086	0.00913	0.01207	0.00878	0.00725	0.08941	0.11712	0.27315	0.24833	0.02657	0.02650	0.00852	0.00584	0.00174	0.00401	0.00715	0.11045	0.00775
18	0.01696	0.39915	0.02166	0.01117	0.01503	0.30148	0.00958	0.01877	0.01338	0.01464	0.00935	0.01082	0.00806	0.00539	0.00429	0.00131	0.00728	0.00351	0.07580	0.05237
19	0.01411	0.00993	0.01140	0.00912	0.01272	0.00921	0.00726	0.19017	0.01672	0.10428	0.12201	0.06406	0.14935	0.00867	0.00569	0.00155	0.00431	0.00717	0.00518	0.24708
20	0.01047	0.07779	0.01207	0.11480	0.01454	0.00961	0.00824	0.04078	0.01204	0.05675	0.02647	0.29868	0.14750	0.01378	0.04328	0.00238	0.09046	0.01014	0.00438	0.00583
21	0.06105	0.04438	0.20516	0.01479	0.08355	0.01453	0.01312	0.30533	0.01808	0.02569	0.08623	0.01611	0.01326	0.00812	0.03432	0.00204	0.03639	0.00528	0.00424	0.00834
22	0.00842	0.00565	0.00673	0.00655	0.00721	0.00547	0.00429	0.00974	0.01182	0.01675	0.31920	0.03823	0.03374	0.41315	0.01793	0.00367	0.00415	0.00889	0.07398	0.00441
23	0.00965	0.00786	0.01106	0.01443	0.21271	0.00757	0.00825	0.01154	0.01206	0.01634	0.08375	0.07514	0.19874	0.18771	0.01145	0.00272	0.00474	0.06881	0.04971	0.00577
24	0.01552	0.01408	0.07663	0.11361	0.28899	0.04828	0.01429	0.04558	0.04606	0.13371	0.01282	0.01518	0.00986	0.00772	0.03567	0.00212	0.10288	0.00515	0.00363	0.00822
25	0.05367	0.01471	0.21752	0.01324	0.08181	0.00988	0.01182	0.04554	0.01423	0.25181	0.07699	0.08845	0.07901	0.00828	0.00585	0.00184	0.00558	0.00693	0.00486	0.00798
26	0.01093	0.00612	0.00774	0.00774	0.00891	0.00563	0.00533	0.01192	0.01146	0.15903	0.02835	0.37786	0.08928	0.22739	0.01287	0.00306	0.00419	0.01173	0.00515	0.00532
27	0.01581	0.01000	0.01138	0.00961	0.01277	0.01007	0.00762	0.20247	0.10732	0.19147	0.05802	0.09894	0.21961	0.01027	0.00620	0.00187	0.00443	0.00852	0.00591	0.00770
28	0.01509	0.05272	0.10483	0.10947	0.23329	0.18412	0.09628	0.04489	0.01387	0.01766	0.01084	0.01361	0.00862	0.00552	0.00545	0.00166	0.00784	0.00480	0.06177	0.00767
29	0.01054	0.07932	0.01795	0.01344	0.01591	0.01115	0.20054	0.01312	0.01045	0.01453	0.01324	0.01955	0.01206	0.07090	0.40401	0.00585	0.07245	0.00606	0.00294	0.00598
30	0.00733	0.00568	0.00712	0.00768	0.00856	0.00547	0.00547	0.00867	0.01185	0.01555	0.10758	0.44901	0.23519	0.01712	0.04171	0.00248	0.03992	0.01357	0.00518	0.00486
31	0.04577	0.00937	0.01128	0.11457	0.01526	0.01013	0.00822	0.19392	0.01601	0.09423	0.08141	0.02000	0.01556	0.01041	0.07730	0.00234	0.00569	0.00573	0.25582	0.00698
32	0.04517	0.01767	0.22228	0.05009	0.07804	0.06550	0.13243	0.07960	0.01410	0.06065	0.06614	0.07496	0.01386	0.00719	0.00653	0.00186	0.04641	0.00621	0.00365	0.00764
33	0.01421	0.30440	0.10758	0.01695	0.09219	0.05601	0.15333	0.01717	0.01187	0.01550	0.00914	0.01186	0.00779	0.00596	0.00752	0.00172	0.15225	0.00449	0.00260	0.00747
34	0.01645	0.01508	0.01370	0.01212	0.01459	0.21911	0.00941	0.19548	0.04429	0.06122	0.01604	0.15190	0.01495	0.01342	0.10422	0.00278	0.07690	0.00690	0.00436	0.00708
35	0.27381	0.03295	0.10901	0.00967	0.01393	0.01039	0.03530	0.01621	0.01136	0.09267	0.01376	0.01644	0.04413	0.07369	0.03725	0.00218	0.00564	0.00467	0.00371	0.19324
36	0.11803	0.14240	0.07246	0.04860	0.14127	0.01321	0.01080	0.10350	0.01391	0.06121	0.05496	0.12237	0.04468	0.00802	0.00562	0.00177	0.01926	0.00656	0.00401	0.00736

[dist]
# distance from previous block
# <min> <max>
11	92

[block]
# block no. 3 follows, 41 sequences, length 7
# corresponding to MSA columns:
# 261-267
name=unknown_D
#
# <colnr> <probs for GDERKNQSTAVLIFYWHMCP>
#	G	D	E	R	K	N	Q	S	T	A	V	L	I	F	Y	W	H	M	C	P
0	0.00975	0.00743	0.00864	0.00769	0.01029	0.00642	0.00582	0.01262	0.06372	0.05447	0.13439	0.17030	0.24940	0.01121	0.00608	0.00169	0.00350	0.00962	0.00507	0.22186
1	0.00843	0.00609	0.00785	0.00789	0.00865	0.00650	0.00573	0.00980	0.01011	0.01407	0.05170	0.07347	0.09275	0.26880	0.25984	0.00543	0.04081	0.06026	0.05717	0.00463
2	0.01387	0.01068	0.01193	0.01041	0.01355	0.01128	0.00807	0.09245	0.37495	0.06985	0.07531	0.13168	0.02085	0.00889	0.00587	0.00180	0.00437	0.00756	0.00552	0.12110
3	0.00727	0.00540	0.00655	0.00720	0.00804	0.00495	0.00497	0.00848	0.01175	0.01526	0.10528	0.40748	0.22853	0.11380	0.00985	0.00258	0.00350	0.03929	0.00517	0.00464
4	0.01351	0.08471	0.01597	0.01159	0.01464	0.10203	0.00953	0.01541	0.01127	0.01594	0.00889	0.01166	0.00791	0.00649	0.00933	0.00153	0.27669	0.00395	0.00295	0.37601
5	0.04813	0.01277	0.01283	0.01055	0.01405	0.11655	0.00838	0.18902	0.01714	0.25992	0.02137	0.02174	0.10521	0.04861	0.05649	0.00237	0.00638	0.00608	0.00528	0.03713
6	0.17132	0.13775	0.08069	0.01079	0.01449	0.08937	0.00960	0.09939	0.05143	0.07410	0.01245	0.01452	0.01001	0.01441	0.18251	0.00337	0.00839	0.00454	0.00372	0.00717

[dist]
# distance from previous block
# <min> <max>
0	12

[block]
# block no. 4 follows, 41 sequences, length 9
# corresponding to MSA columns:
# 280-288
name=unknown_E
#
# <colnr> <probs for GDERKNQSTAVLIFYWHMCP>
#	G	D	E	R	K	N	Q	S	T	A	V	L	I	F	Y	W	H	M	C	P
0	0.01495	0.01327	0.01815	0.37403	0.15327	0.05060	0.01440	0.21565	0.01604	0.02111	0.01106	0.01429	0.00843	0.00614	0.00630	0.00183	0.04422	0.00503	0.00348	0.00774
1	0.00824	0.00635	0.00832	0.00829	0.00913	0.00663	0.00613	0.00994	0.01247	0.01722	0.28684	0.23236	0.09657	0.09155	0.05769	0.00287	0.08816	0.04116	0.00504	0.00504
2	0.00927	0.08363	0.01184	0.01217	0.13614	0.00813	0.00768	0.01130	0.01316	0.01766	0.23552	0.26445	0.14297	0.01223	0.00644	0.00191	0.00394	0.01081	0.00490	0.00589
3	0.00718	0.00533	0.00656	0.00724	0.00805	0.00486	0.00497	0.00846	0.01199	0.01575	0.14248	0.46383	0.20186	0.07314	0.00869	0.00239	0.00330	0.01388	0.00532	0.00471
4	0.01144	0.00844	0.01013	0.00931	0.01110	0.00908	0.00705	0.20379	0.01444	0.01945	0.02215	0.16089	0.08880	0.12854	0.26332	0.00483	0.00833	0.00851	0.00443	0.00600
5	0.01334	0.22683	0.01577	0.00877	0.01259	0.01215	0.00738	0.06270	0.05393	0.07006	0.02020	0.02205	0.13715	0.08328	0.00719	0.00177	0.00485	0.00569	0.00401	0.23031
6	0.01381	0.00665	0.00784	0.00694	0.00920	0.00610	0.00542	0.01618	0.01386	0.22220	0.11816	0.02854	0.13105	0.00857	0.00523	0.00160	0.00330	0.00708	0.38183	0.00645
7	0.01051	0.00901	0.01025	0.00776	0.01201	0.00688	0.00613	0.01276	0.01217	0.01779	0.02282	0.02330	0.20779	0.00695	0.00490	0.00113	0.00388	0.00569	0.00390	0.61434
8	0.01538	0.01032	0.01544	0.44383	0.02849	0.01114	0.01249	0.05177	0.01351	0.21548	0.01362	0.01586	0.00956	0.00594	0.00554	0.00172	0.00639	0.00504	0.00400	0.11446

[dist]
# distance from previous block
# <min> <max>
0	21

[block]
# block no. 5 follows, 41 sequences, length 21
# corresponding to MSA columns:
# 312-332
name=unknown_F
#
# <colnr> <probs for GDERKNQSTAVLIFYWHMCP>
#	G	D	E	R	K	N	Q	S	T	A	V	L	I	F	Y	W	H	M	C	P
0	0.01707	0.23211	0.17872	0.01535	0.08553	0.23528	0.01339	0.12504	0.01539	0.01836	0.00979	0.01122	0.00783	0.00560	0.00495	0.00153	0.00790	0.00397	0.00310	0.00787
1	0.00770	0.00601	0.00697	0.00749	0.00875	0.00564	0.00545	0.01004	0.06400	0.01563	0.04065	0.32248	0.32700	0.06492	0.00841	0.00237	0.00356	0.08270	0.00523	0.00502
2	0.01070	0.00871	0.05725	0.00951	0.01131	0.00800	0.00757	0.11749	0.01290	0.05173	0.02177	0.32828	0.02310	0.09183	0.20769	0.00424	0.00745	0.01006	0.00452	0.00587
3	0.22804	0.21871	0.10007	0.08229	0.01796	0.08943	0.04257	0.01760	0.01188	0.04317	0.00938	0.01110	0.00747	0.00523	0.00443	0.00152	0.00639	0.00373	0.00306	0.09596
4	0.00880	0.00728	0.00806	0.00792	0.00982	0.00733	0.00594	0.01387	0.19252	0.01753	0.07372	0.15534	0.36953	0.01586	0.07747	0.00266	0.00449	0.01072	0.00527	0.00588
5	0.00712	0.00534	0.00666	0.00764	0.00848	0.00487	0.00542	0.00839	0.01169	0.01505	0.03824	0.53657	0.22436	0.01684	0.00722	0.00225	0.00339	0.08041	0.00531	0.00475
6	0.01404	0.56550	0.02464	0.01015	0.01398	0.01913	0.00950	0.04750	0.01165	0.01443	0.00959	0.01213	0.00879	0.01258	0.15273	0.00285	0.05728	0.00386	0.00271	0.00695
7	0.22695	0.00784	0.00870	0.00820	0.01056	0.00774	0.00623	0.01535	0.01222	0.20925	0.02574	0.32202	0.09437	0.01156	0.00588	0.00200	0.00396	0.00977	0.00530	0.00636
8	0.01470	0.00844	0.00977	0.00877	0.01147	0.00846	0.00699	0.02056	0.20497	0.21072	0.02770	0.02999	0.12559	0.00908	0.00570	0.00182	0.00400	0.07710	0.20685	0.00734
9	0.01735	0.01472	0.02056	0.02643	0.47184	0.05340	0.01480	0.21932	0.01723	0.07050	0.01223	0.01418	0.00948	0.00575	0.00566	0.00170	0.00672	0.00508	0.00390	0.00916
10	0.01192	0.00589	0.00653	0.00613	0.00780	0.00568	0.00468	0.01454	0.01308	0.10278	0.12723	0.02424	0.02034	0.00744	0.00459	0.00145	0.00291	0.00611	0.62084	0.00582
11	0.02371	0.01024	0.01311	0.01016	0.01433	0.00948	0.00836	0.13072	0.01750	0.59224	0.02092	0.01881	0.01356	0.00701	0.00559	0.00172	0.00487	0.00563	0.08272	0.00933
12	0.01529	0.80242	0.02997	0.00979	0.01468	0.02263	0.00979	0.01713	0.01162	0.01346	0.00795	0.00918	0.00734	0.00489	0.00367	0.00122	0.00612	0.00306	0.00245	0.00734
13	0.00748	0.00559	0.00675	0.00690	0.00802	0.00508	0.00489	0.00915	0.01326	0.01766	0.31575	0.22624	0.24112	0.09501	0.00919	0.00235	0.00320	0.01203	0.00550	0.00486
14	0.00699	0.00544	0.00636	0.00689	0.00806	0.00481	0.00488	0.00838	0.01247	0.01589	0.12204	0.37573	0.37030	0.01568	0.00699	0.00209	0.00306	0.01371	0.00542	0.00481
15	0.00735	0.00539	0.00693	0.00765	0.00849	0.00497	0.00543	0.00893	0.01265	0.01695	0.21907	0.47505	0.12889	0.01581	0.00713	0.00216	0.00322	0.05349	0.00556	0.00489
16	0.09392	0.00653	0.00679	0.00625	0.00825	0.00651	0.00485	0.01578	0.01241	0.13024	0.01818	0.01988	0.01376	0.00659	0.00421	0.00144	0.00316	0.00517	0.63002	0.00606
17	0.00872	0.00652	0.00782	0.00809	0.00933	0.00633	0.00580	0.08103	0.03470	0.01816	0.12480	0.46806	0.16868	0.01515	0.00694	0.00212	0.00349	0.01339	0.00549	0.00540
18	0.00831	0.00558	0.00640	0.00640	0.00645	0.00563	0.00366	0.00842	0.00836	0.01121	0.01788	0.03663	0.02045	0.75849	0.06913	0.00574	0.00607	0.00820	0.00344	0.00355
19	0.21028	0.01140	0.01532	0.21324	0.21323	0.01260	0.01199	0.09479	0.01338	0.05428	0.01156	0.01417	0.00886	0.00574	0.00502	0.00174	0.00590	0.00468	0.08442	0.00743
20	0.42555	0.20010	0.01442	0.00873	0.01223	0.02975	0.00741	0.08704	0.01183	0.02154	0.00986	0.01298	0.00860	0.07894	0.04891	0.00238	0.00583	0.00394	0.00345	0.00652

[dist]
# distance from previous block
# <min> <max>
0	2

[block]
# block no. 6 follows, 41 sequences, length 26
# corresponding to MSA columns:
# 335-360
name=unknown_G
#
# <colnr> <probs for GDERKNQSTAVLIFYWHMCP>
#	G	D	E	R	K	N	Q	S	T	A	V	L	I	F	Y	W	H	M	C	P
0	0.01942	0.01677	0.01539	0.01283	0.01663	0.17118	0.01019	0.32649	0.26124	0.06547	0.01631	0.01582	0.01200	0.00697	0.00564	0.00174	0.00647	0.00531	0.00526	0.00887
1	0.01019	0.09874	0.05363	0.00998	0.01239	0.08412	0.04947	0.01224	0.01193	0.01489	0.04308	0.17520	0.18811	0.01881	0.18744	0.00358	0.00767	0.00888	0.00396	0.00569
2	0.01269	0.13878	0.47322	0.01470	0.02144	0.01490	0.04689	0.02053	0.16599	0.01865	0.01268	0.01371	0.00944	0.00581	0.00531	0.00176	0.00734	0.00463	0.00315	0.00838
3	0.01598	0.08421	0.10587	0.11523	0.07472	0.25319	0.02959	0.08306	0.01430	0.03918	0.01142	0.01576	0.00979	0.11393	0.00855	0.00216	0.00794	0.00488	0.00322	0.00701
4	0.01750	0.01389	0.01693	0.05462	0.01866	0.01416	0.06992	0.42565	0.02044	0.02820	0.01229	0.01339	0.00915	0.00585	0.00536	0.00148	0.00602	0.00475	0.00462	0.25713
5	0.02320	0.00996	0.01286	0.01002	0.01408	0.00913	0.00822	0.11096	0.01729	0.58748	0.05846	0.02010	0.01568	0.00726	0.00567	0.00173	0.00476	0.00588	0.06808	0.00919
6	0.00817	0.00561	0.00640	0.00640	0.00664	0.00559	0.00379	0.00844	0.00880	0.01163	0.02142	0.03801	0.08670	0.67792	0.07726	0.00547	0.00596	0.00851	0.00360	0.00370
7	0.01585	0.73426	0.02886	0.01008	0.01495	0.02221	0.00988	0.08015	0.01295	0.01542	0.00845	0.00957	0.00755	0.00506	0.00385	0.00127	0.00613	0.00324	0.00273	0.00755
8	0.01264	0.12365	0.55487	0.08202	0.02423	0.07264	0.01850	0.01805	0.01228	0.01692	0.00986	0.01186	0.00730	0.00543	0.00522	0.00172	0.00823	0.00411	0.00247	0.00799
9	0.00904	0.08249	0.01033	0.07527	0.01163	0.00808	0.00658	0.03201	0.01132	0.01485	0.06472	0.32330	0.08657	0.18221	0.03556	0.00301	0.02288	0.01076	0.00433	0.00506
10	0.83938	0.01106	0.00841	0.00752	0.01106	0.01283	0.00619	0.01681	0.00973	0.02566	0.00796	0.00929	0.00619	0.00531	0.00354	0.00177	0.00442	0.00310	0.00354	0.00619
11	0.00817	0.00613	0.00919	0.00919	0.01021	0.00715	0.00715	0.01021	0.00919	0.01328	0.01532	0.02247	0.01430	0.04290	0.77631	0.00919	0.01532	0.00613	0.00306	0.00511
12	0.01358	0.01758	0.17269	0.22997	0.32890	0.10520	0.01705	0.01752	0.01279	0.01691	0.01027	0.01356	0.00810	0.00543	0.00557	0.00175	0.00778	0.00475	0.00268	0.00792
13	0.00949	0.00582	0.00728	0.00758	0.00868	0.00530	0.00525	0.01062	0.01176	0.10790	0.05478	0.43333	0.16033	0.13195	0.01024	0.00265	0.00375	0.01286	0.00528	0.00516
14	0.00697	0.00498	0.00664	0.00796	0.00830	0.00465	0.00531	0.00796	0.01095	0.01460	0.03153	0.79525	0.03783	0.01792	0.00730	0.00232	0.00332	0.01626	0.00531	0.00465
15	0.01922	0.01501	0.01881	0.01683	0.12003	0.01619	0.07491	0.47597	0.10970	0.05267	0.01454	0.01501	0.01060	0.00656	0.00582	0.00176	0.00640	0.00546	0.00514	0.00938
16	0.05120	0.00832	0.00990	0.00864	0.01114	0.00813	0.00674	0.11438	0.03946	0.16443	0.31124	0.10520	0.11668	0.01066	0.00630	0.00185	0.00382	0.00907	0.00602	0.00682
17	0.00824	0.00618	0.00736	0.00786	0.00899	0.00587	0.00556	0.07402	0.01292	0.01675	0.03681	0.53238	0.22369	0.01603	0.00702	0.00217	0.00348	0.01417	0.00535	0.00515
18	0.01316	0.01257	0.02142	0.25812	0.54809	0.01333	0.01706	0.01668	0.01255	0.01748	0.01058	0.01448	0.00863	0.00528	0.00568	0.00176	0.00704	0.00509	0.00275	0.00826
19	0.00831	0.00701	0.01035	0.00984	0.01154	0.00656	0.09719	0.01074	0.04291	0.01600	0.03594	0.36754	0.23491	0.01465	0.00710	0.00219	0.00428	0.10259	0.00503	0.00534
20	0.01350	0.01543	0.03375	0.02411	0.02989	0.01446	0.74253	0.01832	0.01350	0.01832	0.01157	0.01543	0.00868	0.00482	0.00675	0.00193	0.00964	0.00675	0.00289	0.00771
21	0.83938	0.01106	0.00841	0.00752	0.01106	0.01283	0.00619	0.01681	0.00973	0.02566	0.00796	0.00929	0.00619	0.00531	0.00354	0.00177	0.00442	0.00310	0.00354	0.00619
22	0.00857	0.00695	0.01097	0.00968	0.01140	0.00646	0.10590	0.01115	0.01458	0.02033	0.48530	0.21752	0.04397	0.01223	0.00688	0.00194	0.00379	0.01126	0.00560	0.00553
23	0.01208	0.01002	0.01142	0.00862	0.01312	0.00832	0.00684	0.01649	0.11294	0.01960	0.01272	0.01400	0.01025	0.00493	0.00443	0.00104	0.00413	0.00398	0.07787	0.64719
24	0.01628	0.07824	0.01543	0.01094	0.01535	0.05489	0.00893	0.27481	0.10476	0.02462	0.01336	0.03690	0.01071	0.00614	0.00504	0.00139	0.00546	0.00475	0.00446	0.30756
25	0.01061	0.00840	0.00969	0.00834	0.01101	0.00800	0.00647	0.07731	0.11632	0.02229	0.35045	0.03344	0.14326	0.00978	0.00607	0.00165	0.00357	0.00834	0.00550	0.15951

[dist]
# distance from previous block
# <min> <max>
0	1

[block]
# block no. 7 follows, 41 sequences, length 9
# corresponding to MSA columns:
# 362-370
name=unknown_H
#
# <colnr> <probs for GDERKNQSTAVLIFYWHMCP>
#	G	D	E	R	K	N	Q	S	T	A	V	L	I	F	Y	W	H	M	C	P
0	0.00921	0.00618	0.00710	0.00666	0.00849	0.00542	0.00495	0.01092	0.01371	0.09381	0.23654	0.04625	0.41755	0.09711	0.00905	0.00227	0.00333	0.01056	0.00556	0.00533
1	0.69418	0.01050	0.00867	0.00763	0.01109	0.01182	0.00626	0.01768	0.01058	0.10113	0.01026	0.01123	0.00764	0.00559	0.00380	0.00174	0.00434	0.00354	0.06583	0.00649
2	0.00741	0.00573	0.00676	0.00668	0.00817	0.00508	0.00494	0.00941	0.01431	0.01891	0.38756	0.12657	0.35083	0.01352	0.00681	0.00191	0.00285	0.01169	0.00578	0.00508
3	0.45298	0.09273	0.01119	0.00849	0.01130	0.09177	0.00676	0.01547	0.01033	0.01963	0.01038	0.01511	0.00954	0.13081	0.09050	0.00306	0.00655	0.00428	0.00330	0.00582
4	0.01020	0.00720	0.00880	0.00857	0.00976	0.00763	0.00619	0.12831	0.01261	0.01747	0.02088	0.26323	0.02224	0.18694	0.20248	0.00455	0.00721	0.00951	0.06086	0.00538
5	0.01552	0.10385	0.17248	0.01283	0.01703	0.20335	0.01203	0.10970	0.01484	0.01894	0.06149	0.01411	0.01129	0.00653	0.00652	0.00161	0.08886	0.00456	0.04352	0.08094
6	0.01544	0.19260	0.01636	0.01060	0.01404	0.09107	0.00874	0.09514	0.23156	0.07638	0.08844	0.04557	0.07470	0.00798	0.00545	0.00169	0.00535	0.00632	0.00483	0.00773
7	0.24379	0.05847	0.08929	0.01125	0.02847	0.09106	0.00966	0.08456	0.16276	0.05539	0.01434	0.03275	0.02631	0.00648	0.00490	0.00170	0.00570	0.00480	0.00417	0.06415
8	0.10075	0.01279	0.13484	0.01084	0.01412	0.01077	0.00974	0.14147	0.12579	0.02165	0.02176	0.26886	0.03869	0.01087	0.00612	0.00203	0.00508	0.05205	0.00479	0.00702

[dist]
# distance from previous block
# <min> <max>
0	71

[block]
# block no. 8 follows, 41 sequences, length 28
# corresponding to MSA columns:
# 452-479
name=unknown_I
#
# <colnr> <probs for GDERKNQSTAVLIFYWHMCP>
#	G	D	E	R	K	N	Q	S	T	A	V	L	I	F	Y	W	H	M	C	P
0	0.01655	0.16966	0.02248	0.09902	0.15967	0.11988	0.10519	0.18209	0.01619	0.02054	0.01086	0.01302	0.00858	0.00563	0.00532	0.00162	0.00738	0.00473	0.02358	0.00800
1	0.01564	0.05418	0.01485	0.19988	0.06615	0.13370	0.01059	0.07572	0.01480	0.15405	0.02292	0.02346	0.17446	0.00793	0.00575	0.00175	0.00628	0.00642	0.00431	0.00717
2	0.05785	0.01087	0.01582	0.05037	0.24123	0.01107	0.04569	0.10352	0.04481	0.11494	0.01791	0.18758	0.01679	0.04681	0.00712	0.00207	0.00562	0.00782	0.00444	0.00766
3	0.07714	0.16348	0.15403	0.01166	0.01597	0.11896	0.01110	0.04754	0.01273	0.07935	0.01134	0.01346	0.00915	0.01177	0.13120	0.00279	0.03964	0.00428	0.00330	0.08111
4	0.01851	0.01452	0.01471	0.03602	0.01628	0.08005	0.00977	0.45998	0.08685	0.02925	0.01479	0.01564	0.01104	0.00869	0.04594	0.00206	0.00651	0.00521	0.11571	0.00847
5	0.01201	0.01538	0.19112	0.01519	0.06377	0.04753	0.12476	0.07058	0.01303	0.01821	0.01633	0.19811	0.01585	0.01062	0.04417	0.00229	0.06458	0.00777	0.06174	0.00695
6	0.01508	0.01478	0.01955	0.15789	0.41076	0.12879	0.01496	0.01973	0.10087	0.04401	0.01226	0.01480	0.00973	0.00571	0.00562	0.00173	0.00714	0.00507	0.00330	0.00825
7	0.00784	0.00542	0.00668	0.00705	0.00738	0.00529	0.00448	0.00861	0.01027	0.01392	0.12173	0.28648	0.03057	0.40687	0.04873	0.00413	0.00482	0.01111	0.00443	0.00418
8	0.00935	0.00780	0.01240	0.01057	0.01253	0.00747	0.13785	0.01256	0.04908	0.01953	0.38836	0.10182	0.03711	0.11644	0.00981	0.00242	0.00461	0.04950	0.00514	0.00566
9	0.01367	0.01259	0.02035	0.24597	0.19314	0.02783	0.14487	0.09098	0.06406	0.03175	0.01395	0.02010	0.01159	0.00669	0.00610	0.00191	0.00723	0.07598	0.00356	0.00769
10	0.01125	0.01062	0.01797	0.68480	0.13631	0.01283	0.01611	0.01501	0.01165	0.01516	0.01025	0.01510	0.00782	0.00564	0.00571	0.00188	0.00751	0.00509	0.00258	0.00672
11	0.01021	0.00773	0.01050	0.00984	0.01123	0.00898	0.00771	0.10855	0.01149	0.01623	0.01488	0.02165	0.01372	0.07853	0.59456	0.00766	0.05135	0.00606	0.00341	0.00569
12	0.00832	0.00555	0.00624	0.00624	0.00624	0.00555	0.00347	0.00832	0.00832	0.01109	0.01802	0.03743	0.02080	0.79898	0.02911	0.00555	0.00555	0.00832	0.00347	0.00347
13	0.01469	0.02075	0.22218	0.01388	0.01750	0.24378	0.01302	0.05226	0.04895	0.01648	0.01241	0.07938	0.01137	0.05826	0.00944	0.00212	0.14771	0.00562	0.00322	0.00696
14	0.01941	0.13488	0.01773	0.01204	0.01621	0.01620	0.01027	0.47321	0.02181	0.09272	0.01582	0.02032	0.01285	0.00778	0.00570	0.00177	0.00601	0.10123	0.00527	0.00876
15	0.01147	0.02959	0.76934	0.01630	0.02476	0.01328	0.02113	0.01811	0.01208	0.01811	0.01026	0.01208	0.00725	0.00543	0.00543	0.00181	0.00845	0.00423	0.00242	0.00845
16	0.00804	0.00543	0.00632	0.00660	0.00667	0.00536	0.00385	0.00824	0.00887	0.01182	0.02085	0.19586	0.02436	0.63569	0.02455	0.00487	0.00508	0.00998	0.00385	0.00371
17	0.47909	0.01315	0.07605	0.01084	0.04929	0.01333	0.00889	0.02107	0.23490	0.02415	0.01293	0.01341	0.00983	0.00605	0.00449	0.00182	0.00492	0.00431	0.00410	0.00739
18	0.08978	0.01136	0.01639	0.01703	0.17967	0.01138	0.08324	0.11622	0.03815	0.15615	0.01788	0.09771	0.01571	0.00829	0.00600	0.00190	0.00579	0.09262	0.00470	0.03002
19	0.01599	0.47408	0.10258	0.01238	0.01692	0.18650	0.03662	0.01831	0.01256	0.01424	0.00848	0.01016	0.00739	0.00550	0.00527	0.00145	0.05820	0.00357	0.00257	0.00724
20	0.01404	0.25100	0.02205	0.12313	0.27503	0.01562	0.01329	0.07855	0.01359	0.01784	0.01270	0.01950	0.01160	0.00670	0.00537	0.00171	0.00645	0.10084	0.00325	0.00773
21	0.05735	0.01329	0.02215	0.06985	0.68885	0.01351	0.01688	0.01737	0.01277	0.01886	0.01058	0.01395	0.00884	0.00514	0.00555	0.00171	0.00671	0.00499	0.00285	0.00878
22	0.00773	0.00560	0.00626	0.00638	0.00703	0.00532	0.00404	0.00833	0.01001	0.01280	0.03114	0.10709	0.24586	0.46316	0.05170	0.00433	0.00496	0.01004	0.00417	0.00405
23	0.00910	0.00618	0.00701	0.00680	0.00754	0.00626	0.00443	0.01144	0.07694	0.01598	0.17146	0.03504	0.02655	0.46552	0.01924	0.00392	0.00450	0.00819	0.10930	0.00460
24	0.01731	0.01120	0.01252	0.01007	0.01311	0.01170	0.00778	0.35354	0.01843	0.13236	0.01639	0.02201	0.01390	0.24637	0.01266	0.00283	0.00560	0.00613	0.04438	0.04172
25	0.00713	0.00563	0.00643	0.00661	0.00805	0.00493	0.00481	0.00879	0.01335	0.01709	0.22374	0.21458	0.42944	0.01456	0.00688	0.00199	0.00294	0.01257	0.00555	0.00493
26	0.06215	0.01539	0.01702	0.05562	0.06572	0.19207	0.10825	0.14533	0.01583	0.06137	0.04511	0.12201	0.01451	0.00799	0.00650	0.00183	0.04527	0.00667	0.00410	0.00727
27	0.06143	0.01667	0.09570	0.03461	0.11740	0.12755	0.02987	0.23233	0.05630	0.05958	0.04517	0.07047	0.01322	0.00722	0.00567	0.00176	0.00668	0.00586	0.00437	0.00814

[dist]
# distance from previous block
# <min> <max>
0	25

[block]
# block no. 9 follows, 41 sequences, length 14
# corresponding to MSA columns:
# 505-518
name=unknown_J
#
# <colnr> <probs for GDERKNQSTAVLIFYWHMCP>
#	G	D	E	R	K	N	Q	S	T	A	V	L	I	F	Y	W	H	M	C	P
0	0.01442	0.12309	0.10657	0.06971	0.03860	0.15838	0.01098	0.03903	0.10547	0.01770	0.01350	0.01469	0.04246	0.00589	0.00498	0.00144	0.00651	0.00449	0.00344	0.21865
1	0.11977	0.16404	0.01584	0.01061	0.01410	0.13539	0.00879	0.13677	0.06271	0.10965	0.01409	0.01699	0.01145	0.03976	0.03254	0.00204	0.00640	0.03778	0.05385	0.00742
2	0.01630	0.53628	0.06019	0.01143	0.01584	0.12377	0.01077	0.08050	0.01338	0.01572	0.00865	0.01010	0.00756	0.00560	0.00523	0.00142	0.06353	0.00352	0.00280	0.00742
3	0.00821	0.00536	0.00652	0.00673	0.00716	0.00512	0.00431	0.00802	0.00943	0.01220	0.02587	0.15534	0.16458	0.32683	0.01962	0.21317	0.00453	0.00946	0.00387	0.00367
4	0.01249	0.01267	0.04793	0.25330	0.05246	0.04321	0.21906	0.01597	0.01223	0.04943	0.04067	0.04350	0.01163	0.00981	0.07481	0.00258	0.08209	0.00617	0.00315	0.00686
5	0.01687	0.01504	0.02108	0.02503	0.38907	0.12062	0.10237	0.02109	0.07795	0.13381	0.01349	0.01521	0.01029	0.00571	0.00575	0.00173	0.00714	0.00532	0.00377	0.00866
6	0.01027	0.00604	0.00804	0.00802	0.00936	0.00551	0.00582	0.01209	0.01374	0.13372	0.30228	0.39467	0.04021	0.01392	0.00685	0.00204	0.00333	0.01243	0.00595	0.00571
7	0.00743	0.00561	0.00737	0.00780	0.00880	0.00555	0.00569	0.00904	0.01143	0.01530	0.11345	0.31010	0.18778	0.02431	0.24795	0.00433	0.00692	0.01153	0.00472	0.00491
8	0.01582	0.01393	0.01534	0.20743	0.02172	0.11215	0.01157	0.26258	0.07833	0.02257	0.01420	0.01889	0.01164	0.01076	0.08058	0.00256	0.02952	0.05868	0.00419	0.00755
9	0.01871	0.01695	0.25038	0.01267	0.01807	0.01172	0.01284	0.16255	0.03915	0.30713	0.01768	0.04199	0.01291	0.00732	0.00580	0.00184	0.00623	0.04198	0.00517	0.00893
10	0.00692	0.00571	0.00608	0.00618	0.00787	0.00487	0.00456	0.00845	0.01314	0.01614	0.12841	0.13557	0.60718	0.01457	0.00682	0.00196	0.00292	0.01235	0.00541	0.00487
11	0.34883	0.00972	0.00973	0.00895	0.01194	0.01042	0.00744	0.07042	0.05285	0.05797	0.01677	0.02628	0.01526	0.00840	0.00515	0.00189	0.00464	0.19066	0.07587	0.06683
12	0.17755	0.01640	0.01220	0.01080	0.01379	0.30090	0.00837	0.08431	0.04982	0.07171	0.06925	0.01661	0.03523	0.00682	0.00500	0.00162	0.00648	0.00491	0.10140	0.00685
13	0.01324	0.00766	0.01039	0.00972	0.01174	0.00759	0.00805	0.01562	0.01442	0.20755	0.22849	0.04228	0.06110	0.01192	0.00793	0.00215	0.07201	0.25587	0.00577	0.00650

[dist]
# distance from previous block
# <min> <max>
0	22

[block]
# block no. 10 follows, 41 sequences, length 23
# corresponding to MSA columns:
# 541-563
name=unknown_K
#
# <colnr> <probs for GDERKNQSTAVLIFYWHMCP>
#	G	D	E	R	K	N	Q	S	T	A	V	L	I	F	Y	W	H	M	C	P
0	0.10295	0.01335	0.01778	0.02080	0.31858	0.01381	0.01250	0.22265	0.05225	0.09642	0.01300	0.01423	0.00980	0.00588	0.00538	0.00167	0.00594	0.00492	0.00430	0.06378
1	0.13693	0.00735	0.00848	0.00802	0.00986	0.00758	0.00618	0.01229	0.01231	0.08603	0.14650	0.15118	0.22208	0.01513	0.08703	0.00273	0.06034	0.00938	0.00492	0.00568
2	0.16743	0.01291	0.01581	0.08775	0.20614	0.04992	0.01141	0.11762	0.07065	0.13685	0.01322	0.01434	0.00979	0.00592	0.00520	0.00170	0.00592	0.00477	0.00424	0.05840
3	0.07790	0.13051	0.15170	0.01851	0.16740	0.16976	0.09334	0.05518	0.02654	0.01834	0.01011	0.01211	0.00806	0.00538	0.00516	0.00161	0.00769	0.00437	0.00300	0.03329
4	0.00964	0.00584	0.00772	0.00796	0.00914	0.00533	0.00569	0.01126	0.01311	0.11251	0.22538	0.46825	0.06655	0.01475	0.00694	0.00210	0.00333	0.01319	0.00580	0.00550
5	0.01870	0.01347	0.01735	0.01344	0.01747	0.01442	0.11302	0.36469	0.09849	0.12262	0.01579	0.01624	0.01137	0.00683	0.00631	0.00177	0.04263	0.00560	0.09104	0.00875
6	0.01104	0.00590	0.00832	0.00807	0.00888	0.00591	0.00571	0.01081	0.00943	0.10754	0.01599	0.10214	0.01572	0.12438	0.18133	0.35689	0.00708	0.00693	0.00361	0.00432
7	0.01219	0.01091	0.01716	0.68711	0.03664	0.01335	0.01525	0.10734	0.01340	0.01734	0.01062	0.01506	0.00789	0.00586	0.00572	0.00188	0.00746	0.00509	0.00295	0.00678
8	0.01451	0.04986	0.27592	0.22348	0.10707	0.06415	0.01623	0.08267	0.01395	0.08213	0.01146	0.01370	0.00837	0.00575	0.00550	0.00177	0.00759	0.00468	0.00322	0.00801
9	0.58911	0.10208	0.01255	0.10708	0.01532	0.01423	0.00822	0.01639	0.01011	0.02213	0.00822	0.01023	0.00659	0.00560	0.00476	0.00177	0.05259	0.00346	0.00322	0.00635
10	0.01080	0.01017	0.01716	0.78523	0.03940	0.01271	0.01589	0.01461	0.01144	0.01461	0.01017	0.01525	0.00762	0.00572	0.00572	0.00191	0.00762	0.00508	0.00254	0.00635
11	0.77761	0.01144	0.00907	0.00795	0.01157	0.01320	0.00655	0.07177	0.01103	0.02645	0.00840	0.00963	0.00646	0.00543	0.00370	0.00177	0.00457	0.00325	0.00370	0.00646
12	0.00872	0.00694	0.01025	0.00993	0.01082	0.00847	0.00783	0.01067	0.00914	0.01334	0.01433	0.02121	0.01344	0.03872	0.68003	0.00834	0.11359	0.00599	0.00299	0.00525
13	0.00806	0.00576	0.00787	0.00912	0.00995	0.00557	0.00712	0.00988	0.01220	0.01613	0.06306	0.42481	0.03627	0.01667	0.00755	0.00244	0.00419	0.34304	0.00533	0.00497
14	0.00779	0.00563	0.00743	0.00857	0.00936	0.00537	0.00647	0.00934	0.01177	0.01537	0.03280	0.44158	0.09986	0.05489	0.00852	0.00255	0.00406	0.25862	0.00521	0.00482
15	0.05614	0.01140	0.01323	0.01054	0.01438	0.01159	0.00858	0.27206	0.06417	0.29902	0.10995	0.02222	0.06488	0.00800	0.00583	0.00178	0.00493	0.00643	0.00617	0.00870
16	0.01190	0.16001	0.09378	0.01134	0.01435	0.08155	0.05776	0.04996	0.05763	0.01655	0.02015	0.35850	0.02163	0.01107	0.00603	0.00191	0.00565	0.00963	0.00415	0.00644
17	0.06145	0.22394	0.01998	0.05900	0.01790	0.10571	0.01067	0.38790	0.01982	0.02572	0.01113	0.01200	0.00852	0.00608	0.00500	0.00157	0.00669	0.00432	0.00423	0.00836
18	0.01139	0.00789	0.01027	0.00946	0.01059	0.00909	0.00725	0.08775	0.06016	0.01636	0.01343	0.01851	0.01186	0.02095	0.21694	0.26586	0.10486	0.00544	0.10673	0.00519
19	0.01846	0.03662	0.10319	0.09752	0.02004	0.06084	0.02377	0.29315	0.05857	0.14539	0.02592	0.01513	0.01069	0.00680	0.00649	0.00180	0.05715	0.00516	0.00472	0.00860
20	0.00750	0.00593	0.00758	0.00764	0.00903	0.00601	0.00583	0.00923	0.01096	0.01429	0.03477	0.07293	0.34283	0.02927	0.40286	0.00569	0.00931	0.00921	0.00415	0.00496
21	0.04938	0.15506	0.01564	0.01121	0.01416	0.32137	0.00886	0.01878	0.01439	0.11112	0.09265	0.13054	0.01757	0.00823	0.00539	0.00164	0.00682	0.00637	0.00411	0.00671
22	0.01330	0.01073	0.05916	0.01056	0.01398	0.00929	0.06237	0.05980	0.11989	0.09903	0.12859	0.02153	0.01833	0.06121	0.00931	0.10759	0.00507	0.00608	0.00451	0.17969

[dist]
# distance from previous block
# <min> <max>
0	35

[block]
# block no. 11 follows, 41 sequences, length 19
# corresponding to MSA columns:
# 599-617
name=unknown_L
#
# <colnr> <probs for GDERKNQSTAVLIFYWHMCP>
#	G	D	E	R	K	N	Q	S	T	A	V	L	I	F	Y	W	H	M	C	P
0	0.01463	0.04713	0.28543	0.01492	0.02065	0.08223	0.11456	0.17150	0.01579	0.02132	0.03114	0.01513	0.03390	0.00736	0.03286	0.00195	0.00784	0.00509	0.00352	0.07306
1	0.01622	0.02103	0.17798	0.01707	0.13095	0.27842	0.01346	0.02221	0.17017	0.04416	0.01387	0.04498	0.01117	0.00659	0.00554	0.00172	0.00769	0.00517	0.00366	0.00793
2	0.01430	0.31753	0.02111	0.10053	0.01815	0.04980	0.06440	0.05672	0.08882	0.04250	0.01558	0.04507	0.06496	0.00663	0.00501	0.00155	0.00606	0.00532	0.00358	0.07237
3	0.01428	0.01397	0.10618	0.01415	0.01826	0.01248	0.18855	0.23286	0.01623	0.02292	0.01395	0.01752	0.01111	0.05158	0.11937	0.00301	0.00812	0.00576	0.12223	0.00747
4	0.00698	0.00528	0.00644	0.00725	0.00814	0.00475	0.00502	0.00822	0.01192	0.01539	0.08604	0.52047	0.26048	0.01647	0.00710	0.00217	0.00315	0.01460	0.00537	0.00475
5	0.01057	0.01041	0.07280	0.06248	0.01578	0.01000	0.08173	0.07824	0.01264	0.01765	0.11129	0.05753	0.04233	0.04104	0.28602	0.00466	0.06786	0.00704	0.00376	0.00618
6	0.01057	0.00629	0.00784	0.00754	0.00933	0.00557	0.00561	0.01234	0.01384	0.15308	0.21744	0.25250	0.24926	0.01342	0.00673	0.00198	0.00332	0.01167	0.00587	0.00581
7	0.01185	0.04162	0.09117	0.06350	0.32866	0.01132	0.01314	0.01567	0.04158	0.01803	0.08010	0.01876	0.01451	0.01282	0.14500	0.00305	0.00774	0.00567	0.06838	0.00745
8	0.83938	0.01106	0.00841	0.00752	0.01106	0.01283	0.00619	0.01681	0.00973	0.02566	0.00796	0.00929	0.00619	0.00531	0.00354	0.00177	0.00442	0.00310	0.00354	0.00619
9	0.00817	0.00568	0.00717	0.00728	0.00762	0.00597	0.00474	0.00887	0.00879	0.01204	0.01826	0.09249	0.02015	0.50635	0.25585	0.00641	0.00836	0.00827	0.00349	0.00406
10	0.01034	0.00654	0.00828	0.00743	0.00943	0.00580	0.00569	0.01278	0.01554	0.11817	0.52399	0.04021	0.15453	0.01119	0.00651	0.00177	0.00308	0.00970	0.00612	0.04291
11	0.01234	0.01173	0.01993	0.44221	0.37043	0.01311	0.01665	0.01596	0.01216	0.01648	0.01044	0.01475	0.00828	0.00543	0.00569	0.00181	0.00725	0.00509	0.00267	0.00759
12	0.83938	0.01106	0.00841	0.00752	0.01106	0.01283	0.00619	0.01681	0.00973	0.02566	0.00796	0.00929	0.00619	0.00531	0.00354	0.00177	0.00442	0.00310	0.00354	0.00619
13	0.01312	0.00770	0.00959	0.00846	0.01080	0.00729	0.00655	0.06850	0.05367	0.19040	0.35763	0.11061	0.11029	0.01101	0.00646	0.00186	0.00363	0.00950	0.00621	0.00674
14	0.83938	0.01106	0.00841	0.00752	0.01106	0.01283	0.00619	0.01681	0.00973	0.02566	0.00796	0.00929	0.00619	0.00531	0.00354	0.00177	0.00442	0.00310	0.00354	0.00619
15	0.00812	0.00555	0.00674	0.00724	0.00750	0.00547	0.00469	0.00871	0.00961	0.01275	0.02293	0.22258	0.02653	0.50524	0.02100	0.00438	0.00497	0.10785	0.00415	0.00399
16	0.01970	0.01942	0.01573	0.01339	0.01699	0.30992	0.01048	0.28539	0.20588	0.02447	0.01425	0.01433	0.01077	0.00672	0.00553	0.00168	0.00740	0.00492	0.00467	0.00836
17	0.00977	0.00658	0.00820	0.00835	0.03705	0.00642	0.00608	0.01298	0.05417	0.04875	0.31370	0.03621	0.12779	0.01305	0.06736	0.00235	0.00420	0.04827	0.18294	0.00578
18	0.01395	0.07225	0.01821	0.25258	0.04206	0.17612	0.02962	0.01625	0.01160	0.01426	0.00913	0.01316	0.00784	0.00854	0.04092	0.00225	0.25742	0.00470	0.00264	0.00650

[dist]
# distance from previous block
# <min> <max>
0	8

[block]
# block no. 12 follows, 41 sequences, length 30
# corresponding to MSA columns:
# 626-655
name=unknown_M
#
# <colnr> <probs for GDERKNQSTAVLIFYWHMCP>
#	G	D	E	R	K	N	Q	S	T	A	V	L	I	F	Y	W	H	M	C	P
0	0.01367	0.01487	0.01235	0.01163	0.01280	0.29287	0.00860	0.01472	0.01199	0.01360	0.01587	0.21375	0.01740	0.14583	0.01261	0.00260	0.16785	0.00793	0.00354	0.00551
