[name]
unknown

[dist]
# distance from previous block
# <min> <max>
0	572

[block]
# block no. 0 follows, 41 sequences, length 20
# corresponding to MSA columns:
# 706-725
name=unknown_A
#
# <colnr> <probs for GDERKNQSTAVLIFYWHMCP>
#	G	D	E	R	K	N	Q	S	T	A	V	L	I	F	Y	W	H	M	C	P
0	0.01034	0.06520	0.01061	0.00908	0.01035	0.00883	0.00690	0.09472	0.01283	0.01716	0.07903	0.26652	0.02717	0.18799	0.01248	0.00291	0.05515	0.11270	0.00463	0.00542
1	0.11323	0.24230	0.07398	0.01263	0.01660	0.42189	0.01087	0.02020	0.01388	0.01549	0.00860	0.01001	0.00722	0.00551	0.00458	0.00146	0.00833	0.00348	0.00284	0.00691
2	0.00690	0.00526	0.00634	0.00720	0.00810	0.00471	0.00497	0.00805	0.01168	0.01490	0.04078	0.53608	0.29103	0.01672	0.00711	0.00219	0.00317	0.01479	0.00531	0.00471
3	0.01419	0.01499	0.09141	0.01975	0.02460	0.01338	0.46466	0.01822	0.01300	0.10386	0.01355	0.06548	0.01093	0.00657	0.00793	0.00199	0.09756	0.00683	0.00345	0.00765
4	0.01256	0.11126	0.45762	0.10524	0.02580	0.01463	0.12767	0.04773	0.01278	0.01796	0.01034	0.01269	0.00762	0.00537	0.00548	0.00177	0.00819	0.00461	0.00264	0.00803
5	0.01168	0.01205	0.06720	0.13783	0.05670	0.01118	0.23204	0.08599	0.01345	0.01814	0.01755	0.24559	0.01757	0.03730	0.00731	0.00213	0.00678	0.00895	0.00382	0.00675
6	0.01319	0.01437	0.02945	0.02144	0.02661	0.01378	0.60434	0.01917	0.09892	0.01930	0.06742	0.01810	0.01299	0.00566	0.00664	0.00192	0.00855	0.00698	0.00348	0.00770
7	0.04404	0.01104	0.01637	0.08501	0.34739	0.01150	0.01225	0.04568	0.09642	0.05894	0.01599	0.10706	0.01473	0.09860	0.00850	0.00227	0.00585	0.00686	0.00387	0.00764
8	0.01765	0.01765	0.10284	0.07411	0.13753	0.21519	0.01256	0.06111	0.07699	0.15696	0.03198	0.01676	0.04013	0.00659	0.00561	0.00171	0.00717	0.00524	0.00416	0.00806
9	0.02383	0.01267	0.01509	0.01157	0.01607	0.01277	0.00956	0.36270	0.02129	0.42549	0.01844	0.01679	0.01209	0.00698	0.00574	0.00174	0.00553	0.00547	0.00644	0.00973
10	0.01177	0.00655	0.00839	0.00784	0.00978	0.00582	0.00590	0.01369	0.01431	0.19799	0.26596	0.22951	0.17454	0.01269	0.00665	0.00195	0.00341	0.01106	0.00605	0.00614
11	0.09514	0.01022	0.01455	0.01169	0.01502	0.01004	0.15705	0.12398	0.01492	0.10688	0.02674	0.08776	0.19271	0.03453	0.00686	0.00202	0.00538	0.04041	0.03727	0.00683
12	0.05396	0.19927	0.22386	0.02526	0.01855	0.10530	0.01307	0.14663	0.01535	0.10815	0.01144	0.01231	0.00850	0.00594	0.00539	0.00164	0.02935	0.00422	0.00367	0.00816
13	0.00922	0.00658	0.00922	0.01053	0.01185	0.00658	0.00922	0.01185	0.01317	0.01712	0.03029	0.06452	0.03292	0.01580	0.00790	0.00263	0.00527	0.72480	0.00527	0.00527
14	0.00697	0.00498	0.00664	0.00796	0.00830	0.00465	0.00531	0.00796	0.01095	0.01460	0.03153	0.79525	0.03783	0.01792	0.00730	0.00232	0.00332	0.01626	0.00531	0.00465
15	0.01731	0.01817	0.02289	0.12515	0.02514	0.28015	0.29875	0.02051	0.01450	0.10455	0.01172	0.01409	0.00872	0.00559	0.00593	0.00175	0.00903	0.00533	0.00336	0.00738
16	0.00988	0.00656	0.00828	0.00871	0.00979	0.00640	0.00615	0.09411	0.01314	0.06554	0.02890	0.65522	0.03307	0.01595	0.00702	0.00222	0.00376	0.01430	0.00547	0.00556
17	0.01890	0.01670	0.01544	0.07943	0.01838	0.20577	0.01050	0.29929	0.10463	0.07247	0.05398	0.01573	0.01246	0.00678	0.00558	0.00167	0.00684	0.00517	0.00477	0.04551
18	0.07335	0.11096	0.16976	0.04357	0.05171	0.01257	0.05573	0.08259	0.04694	0.02053	0.06717	0.04543	0.01358	0.00651	0.00512	0.00161	0.00580	0.00537	0.09896	0.08276
19	0.06600	0.24929	0.04771	0.01253	0.01647	0.01460	0.14063	0.04805	0.01185	0.01671	0.01097	0.01431	0.00946	0.01470	0.19918	0.00345	0.03802	0.00473	0.00298	0.07837

[dist]
# distance from previous block
# <min> <max>
0	30

[block]
# block no. 1 follows, 41 sequences, length 135
# corresponding to MSA columns:
# 763-863,865-898
name=unknown_B
#
# <colnr> <probs for GDERKNQSTAVLIFYWHMCP>
#	G	D	E	R	K	N	Q	S	T	A	V	L	I	F	Y	W	H	M	C	P
0	0.01524	0.01409	0.02001	0.02610	0.45525	0.06381	0.01470	0.04866	0.10475	0.05301	0.01239	0.01479	0.01003	0.00632	0.00746	0.00183	0.11432	0.00519	0.00347	0.00857
1	0.01157	0.00836	0.00923	0.00819	0.01100	0.00801	0.00636	0.01714	0.20726	0.11129	0.08617	0.03733	0.36363	0.01075	0.00617	0.00181	0.00367	0.00897	0.00556	0.07753
2	0.00994	0.00497	0.00745	0.00745	0.00745	0.00497	0.00497	0.00745	0.00745	0.00994	0.00994	0.01739	0.00994	0.01987	0.02235	0.83358	0.00497	0.00497	0.00248	0.00248
3	0.01416	0.01359	0.02322	0.03511	0.76330	0.01359	0.01755	0.01755	0.01302	0.01869	0.01076	0.01416	0.00906	0.00510	0.00566	0.00170	0.00680	0.00510	0.00283	0.00906
4	0.00780	0.00608	0.00712	0.00690	0.00856	0.00552	0.00524	0.01045	0.04085	0.01959	0.40961	0.04803	0.34819	0.01289	0.00677	0.00189	0.00295	0.04042	0.00582	0.00528
5	0.00697	0.00498	0.00664	0.00796	0.00830	0.00465	0.00531	0.00796	0.01095	0.01460	0.03153	0.79525	0.03783	0.01792	0.00730	0.00232	0.00332	0.01626	0.00531	0.00465
6	0.00681	0.00580	0.00586	0.00584	0.00775	0.00485	0.00438	0.00830	0.01315	0.01571	0.08258	0.05462	0.73618	0.01439	0.00676	0.00193	0.00289	0.01201	0.00535	0.00485
7	0.00820	0.00601	0.00857	0.00857	0.00938	0.00681	0.00638	0.00982	0.00901	0.01282	0.01589	0.02560	0.01566	0.20099	0.62008	0.00843	0.01328	0.00659	0.00315	0.00476
8	0.01529	0.80242	0.02997	0.00979	0.01468	0.02263	0.00979	0.01713	0.01162	0.01346	0.00795	0.00918	0.00734	0.00489	0.00367	0.00122	0.00612	0.00306	0.00245	0.00734
9	0.01628	0.18896	0.14441	0.01743	0.17310	0.01685	0.01363	0.25985	0.02896	0.02302	0.01128	0.01288	0.00884	0.00695	0.02710	0.00186	0.03171	0.00457	0.00369	0.00861
10	0.01256	0.02114	0.45813	0.01439	0.02060	0.01138	0.06342	0.01820	0.04301	0.09541	0.10930	0.02137	0.01639	0.00725	0.00593	0.00188	0.00703	0.06090	0.00377	0.00793
11	0.43719	0.01152	0.01141	0.00937	0.01332	0.01238	0.00771	0.13652	0.04567	0.24341	0.01378	0.01347	0.00955	0.00618	0.00463	0.00177	0.00486	0.00434	0.00502	0.00791
12	0.01292	0.01342	0.02624	0.19893	0.23254	0.01355	0.35324	0.01704	0.01289	0.01754	0.01169	0.01678	0.00940	0.00549	0.00626	0.00189	0.00825	0.03136	0.00288	0.00769
13	0.01757	0.23372	0.02055	0.06545	0.06926	0.26440	0.04116	0.02165	0.11581	0.08027	0.01209	0.01311	0.00952	0.00587	0.00503	0.00156	0.00745	0.00439	0.00352	0.00762
14	0.00685	0.00567	0.00601	0.00620	0.00785	0.00482	0.00454	0.00828	0.01284	0.01563	0.08280	0.17262	0.61634	0.01492	0.00685	0.00199	0.00296	0.01267	0.00535	0.00482
15	0.00694	0.00508	0.00653	0.00769	0.00822	0.00467	0.00519	0.00800	0.01121	0.01471	0.03485	0.70216	0.12878	0.01749	0.00723	0.00227	0.00327	0.01573	0.00531	0.00467
16	0.02410	0.01225	0.01483	0.01137	0.01585	0.01214	0.00939	0.31409	0.02058	0.47511	0.01904	0.01718	0.01239	0.00699	0.00574	0.00175	0.00544	0.00551	0.00654	0.00973
17	0.01186	0.01017	0.01186	0.00847	0.01356	0.00762	0.00678	0.01440	0.01186	0.01864	0.01017	0.01186	0.00847	0.00424	0.00424	0.00085	0.00424	0.00339	0.00339	0.83395
18	0.00702	0.00523	0.00657	0.00760	0.00833	0.00477	0.00527	0.00819	0.01150	0.01490	0.03724	0.60188	0.19542	0.01708	0.00721	0.00225	0.00331	0.04622	0.00531	0.00471
19	0.00784	0.00562	0.00749	0.00867	0.00940	0.00540	0.00653	0.00937	0.01165	0.01530	0.03130	0.45658	0.06483	0.06791	0.00891	0.00263	0.00414	0.26645	0.00517	0.00480
20	0.01397	0.01311	0.02070	0.07567	0.56293	0.01367	0.01568	0.02006	0.16765	0.01954	0.01334	0.01573	0.01073	0.00569	0.00570	0.00176	0.00637	0.00538	0.00344	0.00889
21	0.00771	0.00580	0.00713	0.00686	0.00832	0.00522	0.00512	0.01002	0.01519	0.02070	0.55264	0.07258	0.23643	0.01264	0.00677	0.00185	0.00277	0.01100	0.00601	0.00522
22	0.83938	0.01106	0.00841	0.00752	0.01106	0.01283	0.00619	0.01681	0.00973	0.02566	0.00796	0.00929	0.00619	0.00531	0.00354	0.00177	0.00442	0.00310	0.00354	0.00619
23	0.01617	0.12189	0.13283	0.01280	0.01677	0.25133	0.01162	0.12926	0.04722	0.01949	0.07726	0.02089	0.01527	0.00764	0.00560	0.00172	0.00735	0.09367	0.00392	0.00730
24	0.00697	0.00498	0.00664	0.00796	0.00830	0.00465	0.00531	0.00796	0.01095	0.01460	0.03153	0.79525	0.03783	0.01792	0.00730	0.00232	0.00332	0.01626	0.00531	0.00465
25	0.01080	0.01017	0.01716	0.78523	0.03940	0.01271	0.01589	0.01461	0.01144	0.01461	0.01017	0.01525	0.00762	0.00572	0.00572	0.00191	0.00762	0.00508	0.00254	0.00635
26	0.01319	0.01291	0.01838	0.25047	0.02376	0.04892	0.06090	0.07381	0.01168	0.01613	0.00915	0.01354	0.00779	0.00793	0.01236	0.00217	0.40231	0.00510	0.00282	0.00668
27	0.01198	0.01225	0.02100	0.01675	0.01868	0.01444	0.24923	0.01431	0.01056	0.01525	0.01225	0.11189	0.01220	0.04103	0.01384	0.00242	0.40539	0.00711	0.00302	0.00642
28	0.83938	0.01106	0.00841	0.00752	0.01106	0.01283	0.00619	0.01681	0.00973	0.02566	0.00796	0.00929	0.00619	0.00531	0.00354	0.00177	0.00442	0.00310	0.00354	0.00619
29	0.00801	0.00584	0.00753	0.00710	0.00849	0.00536	0.00533	0.01063	0.01599	0.02245	0.71453	0.04353	0.10003	0.01188	0.00675	0.00181	0.00271	0.01046	0.00623	0.00536
30	0.01423	0.01229	0.01293	0.01164	0.01487	0.01423	0.00905	0.03039	0.75297	0.02393	0.02328	0.02134	0.01746	0.00776	0.00582	0.00194	0.00453	0.00647	0.00582	0.00905
31	0.00697	0.00498	0.00664	0.00796	0.00830	0.00465	0.00531	0.00796	0.01095	0.01460	0.03153	0.79525	0.03783	0.01792	0.00730	0.00232	0.00332	0.01626	0.00531	0.00465
32	0.01824	0.02195	0.01618	0.01427	0.01663	0.51208	0.01107	0.01975	0.01389	0.01433	0.00861	0.01102	0.00750	0.00683	0.00864	0.00169	0.21312	0.00400	0.00287	0.07734
33	0.00738	0.00540	0.00702	0.00816	0.00891	0.00505	0.00594	0.00875	0.01167	0.01521	0.03492	0.55144	0.13650	0.01704	0.00734	0.00233	0.00364	0.15321	0.00530	0.00479
34	0.01711	0.01780	0.01546	0.01281	0.01646	0.33013	0.06558	0.10303	0.01583	0.04763	0.04244	0.07396	0.01250	0.00675	0.00538	0.00148	0.00732	0.00534	0.00385	0.19912
35	0.00691	0.00519	0.00641	0.00739	0.00815	0.00469	0.00506	0.00803	0.01150	0.01483	0.03850	0.59981	0.22877	0.01701	0.00716	0.00222	0.00321	0.01515	0.00531	0.00469
36	0.01702	0.01751	0.06770	0.01752	0.11305	0.16259	0.06420	0.18366	0.04807	0.04441	0.01122	0.01336	0.00889	0.00702	0.00882	0.00189	0.19649	0.00495	0.00367	0.00795
37	0.01689	0.27179	0.02122	0.10388	0.12245	0.07089	0.01156	0.10979	0.09731	0.10251	0.01272	0.01372	0.00980	0.00590	0.00502	0.00159	0.00639	0.00456	0.00385	0.00817
38	0.01335	0.01537	0.15842	0.25576	0.08932	0.01270	0.17042	0.05023	0.01319	0.06680	0.01150	0.01448	0.00851	0.00541	0.00573	0.00175	0.00756	0.00516	0.00314	0.09119
39	0.01126	0.01064	0.01799	0.68190	0.13912	0.01283	0.01612	0.01502	0.01166	0.01518	0.01025	0.01510	0.00782	0.00563	0.00571	0.00188	0.00751	0.00509	0.00258	0.00673
40	0.10579	0.04802	0.15526	0.01322	0.01792	0.18673	0.01209	0.27272	0.09233	0.02465	0.01213	0.01279	0.00905	0.00624	0.00525	0.00169	0.00722	0.00449	0.00415	0.00827
41	0.01627	0.01305	0.01387	0.01225	0.06346	0.09170	0.00904	0.11246	0.16864	0.11622	0.06037	0.01688	0.01390	0.00634	0.00529	0.00148	0.00535	0.00511	0.00475	0.26356
42	0.00700	0.00572	0.00619	0.00625	0.00792	0.00490	0.00462	0.00861	0.01334	0.01660	0.17093	0.13014	0.56913	0.01438	0.00681	0.00195	0.00291	0.01222	0.00547	0.00490
43	0.01200	0.00958	0.01148	0.00860	0.01293	0.00764	0.00684	0.01446	0.01246	0.05621	0.09693	0.03788	0.01475	0.00580	0.00515	0.00110	0.02891	0.00471	0.00393	0.64864
44	0.24809	0.02358	0.52075	0.01360	0.02044	0.01319	0.01637	0.01825	0.04199	0.02051	0.01014	0.01166	0.00737	0.00549	0.00491	0.00180	0.00714	0.00400	0.00288	0.00783
45	0.01168	0.00666	0.00870	0.00773	0.00976	0.00599	0.00596	0.01420	0.01602	0.17808	0.56027	0.03867	0.09171	0.01091	0.00654	0.00180	0.00316	0.00950	0.00640	0.00627
46	0.01583	0.22441	0.06737	0.01137	0.01593	0.26258	0.00989	0.01811	0.01323	0.01573	0.00916	0.01067	0.00774	0.00503	0.00447	0.00121	0.00699	0.00345	0.00293	0.29389
47	0.02566	0.00973	0.01327	0.01018	0.01460	0.00841	0.00841	0.02788	0.01637	0.76726	0.02257	0.01947	0.01416	0.00708	0.00575	0.00177	0.00487	0.00575	0.00708	0.00973
48	0.00785	0.00572	0.00739	0.00721	0.00846	0.00526	0.00532	0.01024	0.01526	0.02130	0.61414	0.14719	0.09781	0.01273	0.00682	0.00188	0.00280	0.01127	0.00610	0.00526
49	0.00817	0.00613	0.00919	0.00919	0.01021	0.00715	0.00715	0.01021	0.00919	0.01328	0.01532	0.02247	0.01430	0.04290	0.77631	0.00919	0.01532	0.00613	0.00306	0.00511
50	0.00725	0.00510	0.00655	0.00760	0.00787	0.00483	0.00492	0.00804	0.01040	0.01387	0.02870	0.63674	0.03427	0.18128	0.01186	0.00300	0.00378	0.01460	0.00492	0.00440
51	0.00736	0.00570	0.00670	0.00669	0.00815	0.00505	0.00493	0.00928	0.01409	0.01853	0.35392	0.15260	0.35890	0.01377	0.00683	0.00193	0.00287	0.01192	0.00573	0.00505
52	0.14163	0.21974	0.01833	0.01246	0.07227	0.03342	0.00973	0.22968	0.11780	0.02419	0.01262	0.01333	0.00983	0.00607	0.00475	0.00160	0.00563	0.00445	0.05439	0.00809
53	0.02843	0.06651	0.01489	0.01074	0.01524	0.17452	0.00863	0.15017	0.01550	0.02061	0.01036	0.01166	0.00836	0.00513	0.00466	0.00118	0.00604	0.00375	0.00366	0.43998
54	0.01738	0.06921	0.01568	0.01306	0.02721	0.27487	0.01007	0.08861	0.37948	0.02083	0.01634	0.01602	0.01256	0.00682	0.00544	0.00171	0.00679	0.00516	0.00457	0.00817
55	0.01239	0.01909	0.31335	0.02452	0.37789	0.01262	0.03656	0.01694	0.01280	0.01844	0.04499	0.01706	0.05592	0.00607	0.00571	0.00177	0.00711	0.00544	0.00297	0.00838
56	0.01401	0.04888	0.54343	0.01650	0.05373	0.01325	0.06564	0.04982	0.01334	0.11062	0.01195	0.01327	0.00837	0.00563	0.00553	0.00179	0.00786	0.00462	0.00318	0.00861
57	0.02116	0.02549	0.01620	0.01445	0.01759	0.66550	0.01096	0.10283	0.04323	0.01678	0.00989	0.01108	0.00798	0.00607	0.00524	0.00152	0.00967	0.00394	0.00335	0.00706
58	0.00723	0.00575	0.00651	0.00660	0.00818	0.00503	0.00493	0.00901	0.01363	0.01737	0.23538	0.13164	0.46904	0.01419	0.00686	0.00197	0.00299	0.04313	0.00556	0.00498
59	0.01547	0.47902	0.10910	0.01341	0.01870	0.06555	0.13116	0.07652	0.01349	0.01662	0.00932	0.01095	0.00774	0.00516	0.00462	0.00146	0.00722	0.00400	0.00281	0.00767
60	0.01305	0.01015	0.01606	0.12826	0.31199	0.01020	0.02246	0.01602	0.02345	0.11215	0.06848	0.11573	0.08085	0.00867	0.00615	0.00188	0.00560	0.03720	0.00420	0.00746
61	0.00722	0.00558	0.00646	0.00671	0.00796	0.00496	0.00478	0.00874	0.01290	0.01665	0.20807	0.24449	0.36313	0.06586	0.00835	0.00224	0.00313	0.01253	0.00541	0.00482
62	0.00762	0.00544	0.00638	0.00678	0.00794	0.00494	0.00484	0.00930	0.01271	0.01732	0.17180	0.31987	0.26288	0.01416	0.00658	0.00197	0.00298	0.01236	0.11920	0.00494
63	0.01610	0.05962	0.23012	0.07583	0.20854	0.10411	0.01557	0.12279	0.01520	0.08157	0.01161	0.01332	0.00867	0.00574	0.00546	0.00170	0.00747	0.00464	0.00345	0.00847
64	0.01482	0.70697	0.12130	0.01059	0.01593	0.02148	0.01119	0.01725	0.01168	0.01403	0.00824	0.00953	0.00733	0.00496	0.00389	0.00130	0.00641	0.00320	0.00244	0.00748
65	0.01390	0.00718	0.00971	0.00951	0.01164	0.00661	0.00772	0.01593	0.01367	0.26166	0.02974	0.22512	0.07221	0.01338	0.00698	0.00223	0.00452	0.27584	0.00587	0.00655
66	0.01107	0.01296	0.13089	0.15272	0.04836	0.01067	0.18560	0.01490	0.01304	0.03031	0.13223	0.02401	0.10087	0.00758	0.00642	0.00184	0.02875	0.00698	0.07405	0.00674
67	0.01737	0.02191	0.17166	0.05164	0.10394	0.28674	0.10423	0.10466	0.01573	0.05265	0.01093	0.01276	0.00829	0.00574	0.00558	0.00168	0.00863	0.00465	0.00331	0.00789
68	0.01531	0.01678	0.01914	0.12087	0.30849	0.25119	0.04569	0.01793	0.01345	0.01611	0.01155	0.07321	0.01047	0.00666	0.00638	0.00176	0.04904	0.00558	0.00301	0.00741
69	0.00953	0.00761	0.01156	0.01501	0.17463	0.00766	0.00968	0.01180	0.01198	0.01624	0.02430	0.24813	0.02649	0.01778	0.11310	0.00325	0.00645	0.27443	0.00444	0.00590
70	0.00817	0.00613	0.00919	0.00919	0.01021	0.00715	0.00715	0.01021	0.00919	0.01328	0.01532	0.02247	0.01430	0.04290	0.77631	0.00919	0.01532	0.00613	0.00306	0.00511
71	0.32068	0.01445	0.11750	0.01363	0.10839	0.01285	0.01088	0.13665	0.01462	0.18049	0.01261	0.01312	0.00893	0.00592	0.00488	0.00176	0.00567	0.00439	0.00439	0.00817
72	0.01584	0.01311	0.01733	0.12066	0.06848	0.03704	0.10160	0.33032	0.01811	0.02403	0.01414	0.05341	0.01228	0.13651	0.00973	0.00241	0.00679	0.00631	0.00427	0.00762
73	0.00806	0.00600	0.00863	0.00882	0.00986	0.00657	0.00682	0.01008	0.01057	0.01481	0.09754	0.10953	0.05314	0.03378	0.52486	0.00690	0.01147	0.06356	0.00390	0.00509
74	0.00925	0.00762	0.01086	0.01025	0.01090	0.00949	0.00801	0.01085	0.00898	0.01313	0.01374	0.02188	0.01344	0.12824	0.49877	0.00711	0.20319	0.00612	0.00298	0.00519
75	0.00726	0.00567	0.00635	0.00642	0.00779	0.00502	0.00458	0.00874	0.01287	0.01641	0.19986	0.14333	0.42744	0.11122	0.00959	0.00240	0.00323	0.01177	0.00529	0.00476
76	0.02137	0.02726	0.01621	0.01474	0.01768	0.77602	0.01105	0.02284	0.01621	0.01400	0.00884	0.01031	0.00737	0.00589	0.00516	0.00147	0.01031	0.00368	0.00295	0.00663
77	0.00832	0.00555	0.00624	0.00624	0.00624	0.00555	0.00347	0.00832	0.00832	0.01109	0.01802	0.03743	0.02080	0.79898	0.02911	0.00555	0.00555	0.00832	0.00347	0.00347
78	0.01041	0.00843	0.00919	0.00881	0.01092	0.00894	0.00663	0.01834	0.33163	0.02018	0.11437	0.16258	0.19050	0.01135	0.00627	0.00195	0.00363	0.00974	0.05941	0.00671
79	0.01861	0.11204	0.01765	0.01242	0.01650	0.01741	0.01033	0.43817	0.21436	0.02919	0.01527	0.01511	0.01137	0.00698	0.00602	0.00175	0.03727	0.00523	0.00521	0.00912
80	0.08016	0.00754	0.01016	0.10449	0.01393	0.00822	0.00770	0.01170	0.00979	0.01501	0.01363	0.02058	0.01267	0.11023	0.42912	0.00612	0.01087	0.00560	0.00313	0.11936
81	0.01033	0.00767	0.00863	0.00809	0.01002	0.00781	0.00613	0.07661	0.14512	0.02169	0.25330	0.12860	0.15820	0.01114	0.00619	0.00184	0.00343	0.00955	0.11944	0.00621
82	0.01688	0.13380	0.01730	0.01153	0.01560	0.01512	0.04238	0.35995	0.07600	0.02642	0.01472	0.06509	0.01205	0.00698	0.00527	0.00159	0.00557	0.00557	0.07701	0.09120
83	0.01450	0.39697	0.18437	0.01597	0.11947	0.06088	0.06489	0.01840	0.04593	0.01600	0.00982	0.01152	0.00811	0.00522	0.00471	0.00151	0.00712	0.00403	0.00270	0.00787
84	0.01352	0.20163	0.33247	0.01530	0.07673	0.01533	0.03702	0.04371	0.04338	0.04704	0.05621	0.01429	0.01108	0.00618	0.00615	0.00172	0.06239	0.00471	0.00315	0.00800
85	0.01202	0.01174	0.01019	0.00992	0.01144	0.20263	0.00726	0.06036	0.01325	0.01587	0.06637	0.24507	0.06465	0.09526	0.13361	0.00345	0.00743	0.01970	0.00425	0.00551
86	0.00749	0.00531	0.00702	0.00819	0.00865	0.00507	0.00575	0.00865	0.01102	0.01462	0.02980	0.58923	0.03510	0.10570	0.00986	0.00274	0.00389	0.13221	0.00509	0.00462
87	0.13263	0.01976	0.26138	0.01744	0.08070	0.04593	0.16699	0.15629	0.02713	0.02261	0.01106	0.01294	0.00818	0.00559	0.00551	0.00179	0.00760	0.00485	0.00341	0.00820
88	0.01008	0.12058	0.15797	0.01175	0.01503	0.01076	0.07287	0.01308	0.01066	0.01481	0.01503	0.11352	0.01443	0.02423	0.36320	0.00523	0.01079	0.00665	0.00312	0.00621
89	0.00779	0.00532	0.00640	0.00692	0.00705	0.00519	0.00419	0.00818	0.00935	0.01247	0.02333	0.33527	0.02749	0.49201	0.02054	0.00428	0.00467	0.01144	0.00419	0.00393
90	0.02566	0.00973	0.01327	0.01018	0.01460	0.00841	0.00841	0.02788	0.01637	0.76726	0.02257	0.01947	0.01416	0.00708	0.00575	0.00177	0.00487	0.00575	0.00708	0.00973
91	0.01476	0.01647	0.08290	0.30790	0.21719	0.15585	0.01537	0.08892	0.01431	0.01795	0.01043	0.01363	0.00812	0.00568	0.00558	0.00175	0.00785	0.00476	0.00299	0.00761
92	0.18487	0.01721	0.26154	0.13187	0.20933	0.01262	0.01530	0.01652	0.01166	0.01909	0.01128	0.06351	0.00953	0.00618	0.00526	0.00182	0.00674	0.00512	0.00296	0.00758
93	0.01479	0.00733	0.00879	0.00773	0.00984	0.00700	0.00581	0.06361	0.01374	0.23341	0.06551	0.09071	0.01965	0.14763	0.00949	0.00234	0.00410	0.00721	0.27484	0.00649
94	0.01042	0.00629	0.00821	0.00766	0.00935	0.00570	0.00576	0.01273	0.01528	0.13011	0.50617	0.14704	0.08881	0.01207	0.00668	0.00188	0.00312	0.01062	0.00621	0.00589
95	0.01245	0.02173	0.41624	0.08939	0.31180	0.01335	0.01930	0.01760	0.01239	0.01804	0.01045	0.01315	0.00798	0.00533	0.00555	0.00178	0.00774	0.00464	0.00259	0.00851
96	0.01907	0.01558	0.01420	0.06302	0.04753	0.24916	0.00989	0.05443	0.11737	0.23513	0.02000	0.01959	0.08340	0.00785	0.01669	0.00183	0.00680	0.00572	0.00486	0.00789
97	0.30483	0.02086	0.01380	0.01299	0.04434	0.46500	0.00962	0.03643	0.01408	0.01871	0.00872	0.01018	0.00708	0.00568	0.00463	0.00159	0.00805	0.00357	0.00321	0.00664
98	0.01536	0.00993	0.01053	0.00940	0.01200	0.09335	0.00749	0.01812	0.04830	0.24444	0.14283	0.03371	0.14870	0.01008	0.00650	0.00187	0.02491	0.09611	0.05945	0.00692
99	0.01205	0.00738	0.00976	0.00861	0.01020	0.00750	0.00660	0.01411	0.01422	0.16328	0.42281	0.03377	0.03598	0.11871	0.01112	0.00240	0.10131	0.00852	0.00559	0.00607
100	0.15848	0.01720	0.01516	0.01244	0.01636	0.17896	0.01006	0.43662	0.02114	0.02878	0.01241	0.01439	0.00960	0.00677	0.00533	0.00171	0.00680	0.03477	0.00474	0.00828
101	0.01578	0.01180	0.01709	0.07404	0.06371	0.01283	0.10090	0.22760	0.01612	0.11302	0.01406	0.01694	0.01095	0.01589	0.20404	0.00373	0.06389	0.00565	0.00421	0.00775
102	0.00753	0.00582	0.00686	0.00660	0.00820	0.00516	0.00495	0.00969	0.01485	0.01975	0.46135	0.04797	0.35489	0.01288	0.00675	0.00186	0.00278	0.01108	0.00588	0.00516
103	0.01872	0.01200	0.01374	0.01105	0.01473	0.01262	0.00893	0.33514	0.12236	0.19230	0.17309	0.02210	0.02102	0.00805	0.00596	0.00178	0.00499	0.00655	0.00615	0.00873
104	0.01787	0.01394	0.01903	0.06563	0.32207	0.01477	0.01356	0.30138	0.06680	0.08722	0.01367	0.01496	0.01021	0.00616	0.00571	0.00174	0.00634	0.00526	0.00448	0.00922
105	0.00746	0.00582	0.00676	0.00653	0.00815	0.00513	0.00490	0.00956	0.01469	0.01937	0.42527	0.04860	0.39121	0.01303	0.00675	0.00186	0.00279	0.01117	0.00583	0.00513
106	0.01236	0.00995	0.01086	0.00985	0.01256	0.01086	0.00762	0.02314	0.46838	0.05141	0.18213	0.03038	0.12739	0.00948	0.00614	0.00190	0.00393	0.00802	0.00590	0.00773
107	0.01512	0.76736	0.06351	0.01008	0.01514	0.02221	0.01030	0.01717	0.01164	0.01367	0.00806	0.00931	0.00734	0.00492	0.00375	0.00125	0.00622	0.00311	0.00245	0.00739
108	0.01080	0.01017	0.01716	0.78523	0.03940	0.01271	0.01589	0.01461	0.01144	0.01461	0.01017	0.01525	0.00762	0.00572	0.00572	0.00191	0.00762	0.00508	0.00254	0.00635
109	0.00873	0.00695	0.01027	0.00994	0.01083	0.00849	0.00784	0.01067	0.00914	0.01334	0.01431	0.02118	0.01342	0.03865	0.67848	0.00833	0.11518	0.00598	0.00299	0.00526
110	0.00722	0.00533	0.00676	0.00743	0.00827	0.00486	0.00518	0.00872	0.01261	0.01684	0.21985	0.48768	0.15664	0.01580	0.00707	0.00213	0.00310	0.01410	0.00556	0.00486
111	0.08484	0.21969	0.02156	0.01872	0.22782	0.04874	0.01264	0.01636	0.01111	0.01611	0.00864	0.01174	0.00779	0.00670	0.00923	0.00183	0.26213	0.00430	0.00269	0.00735
112	0.00830	0.00562	0.00660	0.00660	0.00673	0.00574	0.00392	0.00855	0.00843	0.01136	0.01769	0.03558	0.01999	0.70559	0.12140	0.00600	0.00675	0.00805	0.00342	0.00367
113	0.00932	0.00642	0.00766	0.00712	0.00901	0.00581	0.00542	0.01209	0.04606	0.08160	0.41432	0.04437	0.30502	0.01216	0.00663	0.00185	0.00303	0.01043	0.00598	0.00570
114	0.01766	0.01227	0.01331	0.01091	0.01435	0.01337	0.00884	0.42714	0.09510	0.06020	0.01756	0.05251	0.01392	0.00778	0.00553	0.00173	0.00513	0.03610	0.17826	0.00833
115	0.00704	0.00517	0.00660	0.00758	0.00823	0.00474	0.00518	0.00824	0.01170	0.01544	0.09777	0.62329	0.14425	0.01689	0.00717	0.00222	0.00320	0.01515	0.00539	0.00474
116	0.02223	0.01524	0.01668	0.01279	0.01735	0.01658	0.01056	0.65507	0.02558	0.12706	0.01483	0.01445	0.01028	0.00689	0.00573	0.00172	0.00612	0.00522	0.00589	0.00973
117	0.01488	0.01181	0.01332	0.01020	0.01470	0.01104	0.00826	0.25279	0.04796	0.02432	0.01359	0.04558	0.01146	0.00628	0.00507	0.00131	0.00493	0.03602	0.00441	0.46207
118	0.01654	0.01307	0.01330	0.01115	0.01442	0.05739	0.00882	0.34129	0.20018	0.02735	0.06390	0.05228	0.04272	0.03312	0.00647	0.00188	0.00530	0.00652	0.07612	0.00816
119	0.01427	0.01628	0.17274	0.01580	0.12010	0.01399	0.01278	0.11399	0.37520	0.02315	0.01908	0.01886	0.04390	0.00707	0.00574	0.00185	0.00581	0.00588	0.00466	0.00884
120	0.00831	0.00558	0.00642	0.00642	0.00648	0.00564	0.00369	0.00843	0.00837	0.01122	0.01786	0.03652	0.02040	0.75304	0.07451	0.00577	0.00614	0.00818	0.00344	0.00357
121	0.02129	0.01579	0.01691	0.01307	0.01756	0.01752	0.01076	0.70086	0.07101	0.03531	0.01431	0.01419	0.01020	0.00692	0.00573	0.00173	0.00619	0.00523	0.00573	0.00969
122	0.00697	0.00498	0.00664	0.00796	0.00830	0.00465	0.00531	0.00796	0.01095	0.01460	0.03153	0.79525	0.03783	0.01792	0.00730	0.00232	0.00332	0.01626	0.00531	0.00465
123	0.13351	0.02415	0.01484	0.01351	0.01646	0.63905	0.01022	0.02149	0.01503	0.01558	0.00899	0.01068	0.00749	0.00735	0.03686	0.00183	0.00971	0.00370	0.00303	0.00651
124	0.00843	0.00674	0.00916	0.01138	0.10238	0.00635	0.00763	0.01032	0.01247	0.01608	0.03670	0.26594	0.25424	0.01469	0.00710	0.00221	0.00417	0.21361	0.00499	0.00542
125	0.12521	0.09537	0.01355	0.00868	0.01351	0.01036	0.00719	0.04524	0.01217	0.01976	0.00978	0.01130	0.00809	0.00456	0.00414	0.00105	0.00455	0.00339	0.00341	0.59871
126	0.25816	0.06528	0.01441	0.06844	0.10196	0.14532	0.00978	0.09088	0.01323	0.02015	0.01151	0.06387	0.01032	0.03120	0.06005	0.00235	0.01779	0.00502	0.00350	0.00680
127	0.06525	0.00692	0.00737	0.00682	0.00879	0.00685	0.00524	0.06907	0.01396	0.06691	0.12700	0.06342	0.14236	0.00910	0.00519	0.00162	0.00326	0.00749	0.37747	0.00589
128	0.00827	0.00572	0.00713	0.00713	0.00744	0.00603	0.00458	0.00889	0.00858	0.01175	0.01720	0.03290	0.01883	0.57014	0.25527	0.00665	0.00850	0.00766	0.00334	0.00396
129	0.01766	0.01428	0.01997	0.09588	0.29987	0.01520	0.04397	0.34378	0.01924	0.05514	0.01253	0.01433	0.00940	0.00602	0.00574	0.00174	0.00669	0.00521	0.00427	0.00907
130	0.04647	0.01078	0.09704	0.04413	0.01325	0.00913	0.00826	0.06718	0.14162	0.01997	0.08545	0.06052	0.30335	0.01038	0.00603	0.00186	0.00433	0.00860	0.05511	0.00652
131	0.00803	0.00562	0.00699	0.00763	0.00810	0.00561	0.00510	0.00951	0.03995	0.01410	0.02511	0.39939	0.02871	0.27750	0.06447	0.00380	0.00495	0.04429	0.03662	0.00452
132	0.01161	0.01130	0.01380	0.01241	0.01302	0.08550	0.00992	0.01305	0.00958	0.01342	0.01100	0.01748	0.01074	0.08112	0.26594	0.00483	0.40127	0.00550	0.00280	0.00570
133	0.47242	0.01621	0.18048	0.01029	0.01484	0.07118	0.01009	0.01865	0.04274	0.06654	0.01051	0.01161	0.00782	0.00565	0.00434	0.00175	0.00574	0.00379	0.03835	0.00703
134	0.14895	0.06881	0.03841	0.06857	0.01747	0.24993	0.01027	0.08823	0.18575	0.05059	0.01312	0.01372	0.01002	0.00628	0.00508	0.00169	0.00692	0.00453	0.00405	0.00761

[dist]
# distance from previous block
# <min> <max>
3	13

[block]
# block no. 2 follows, 41 sequences, length 19
# corresponding to MSA columns:
# 912-930
name=unknown_C
#
# <colnr> <probs for GDERKNQSTAVLIFYWHMCP>
#	G	D	E	R	K	N	Q	S	T	A	V	L	I	F	Y	W	H	M	C	P
0	0.01196	0.03883	0.06777	0.01334	0.07640	0.00969	0.09441	0.07523	0.03625	0.06853	0.16314	0.17986	0.06996	0.01052	0.00647	0.00195	0.00518	0.05885	0.00487	0.00682
1	0.03809	0.03645	0.00949	0.00779	0.01050	0.00835	0.00618	0.12061	0.04400	0.08448	0.09770	0.04050	0.45104	0.01161	0.00627	0.00185	0.00378	0.00954	0.00546	0.00632
2	0.01495	0.15921	0.18355	0.01868	0.05980	0.09600	0.30643	0.01905	0.01330	0.05957	0.01095	0.01324	0.00833	0.00522	0.00565	0.00171	0.00843	0.00510	0.00295	0.00787
3	0.01701	0.08522	0.18597	0.04668	0.06664	0.13042	0.01273	0.11786	0.01538	0.15081	0.01419	0.07527	0.01142	0.00687	0.00546	0.00169	0.00691	0.00545	0.00407	0.03996
4	0.01356	0.00782	0.00973	0.00878	0.01114	0.00745	0.00680	0.05773	0.07685	0.21151	0.21781	0.17527	0.11874	0.01157	0.00651	0.00195	0.00386	0.03998	0.00608	0.00685
5	0.00849	0.06891	0.00928	0.00836	0.00994	0.00688	0.00681	0.01043	0.01289	0.01649	0.11079	0.19704	0.22948	0.01458	0.00703	0.00219	0.00406	0.26599	0.00517	0.00521
6	0.05435	0.40563	0.07331	0.01104	0.01528	0.16205	0.01015	0.01897	0.04656	0.07248	0.01196	0.07309	0.01068	0.00647	0.00461	0.00150	0.00661	0.00466	0.00332	0.00728
7	0.08241	0.01128	0.01696	0.16389	0.24596	0.01186	0.05398	0.01892	0.10960	0.10776	0.06365	0.01973	0.05584	0.00675	0.00572	0.00182	0.00591	0.00601	0.00409	0.00784
8	0.01076	0.00668	0.00788	0.00741	0.00951	0.00596	0.00560	0.01312	0.04793	0.15325	0.14263	0.16672	0.37473	0.01301	0.00662	0.00195	0.00337	0.01111	0.00579	0.00596
9	0.01107	0.00785	0.00948	0.00860	0.01069	0.00797	0.00660	0.01731	0.21159	0.08052	0.50803	0.03526	0.04122	0.01030	0.00642	0.00183	0.00335	0.00896	0.00623	0.00670
10	0.01546	0.30970	0.25930	0.01298	0.01859	0.11022	0.01359	0.10095	0.07545	0.01840	0.01071	0.01175	0.00842	0.00565	0.00482	0.00155	0.00726	0.00402	0.00315	0.00802
11	0.41679	0.07723	0.01395	0.27320	0.02160	0.01404	0.01021	0.07970	0.01197	0.02179	0.00922	0.01170	0.00709	0.00555	0.00448	0.00177	0.00582	0.00395	0.00330	0.00665
12	0.00697	0.00498	0.00664	0.00796	0.00830	0.00465	0.00531	0.00796	0.01095	0.01460	0.03153	0.79525	0.03783	0.01792	0.00730	0.00232	0.00332	0.01626	0.00531	0.00465
13	0.00806	0.00615	0.00723	0.00767	0.00877	0.00595	0.00546	0.01071	0.08320	0.01584	0.07460	0.31909	0.21826	0.13333	0.01033	0.00267	0.00378	0.06875	0.00513	0.00503
14	0.09070	0.01313	0.01368	0.01087	0.01461	0.01446	0.00888	0.51279	0.02197	0.03176	0.01436	0.01509	0.01055	0.00668	0.00514	0.00163	0.00530	0.00501	0.19497	0.00841
15	0.00791	0.00568	0.00716	0.00705	0.00806	0.00529	0.00498	0.00984	0.01394	0.01933	0.49396	0.14095	0.08622	0.15164	0.01077	0.00254	0.00329	0.01086	0.00561	0.00493
16	0.00715	0.00551	0.00658	0.00722	0.00836	0.00493	0.00523	0.00860	0.01240	0.01582	0.10106	0.37438	0.33411	0.01585	0.00708	0.00215	0.00325	0.07010	0.00539	0.00483
17	0.01446	0.00848	0.01064	0.00913	0.01171	0.00823	0.00730	0.13673	0.01777	0.19421	0.41037	0.03433	0.03588	0.01016	0.00644	0.00184	0.00399	0.06493	0.00630	0.00709
18	0.01455	0.01202	0.01265	0.01124	0.01443	0.01378	0.00878	0.08810	0.63099	0.02471	0.02210	0.02071	0.01659	0.00759	0.00566	0.00187	0.00452	0.00626	0.07465	0.00880

[dist]
# distance from previous block
# <min> <max>
0	19

[block]
# block no. 3 follows, 41 sequences, length 11
# corresponding to MSA columns:
# 950-960
name=unknown_D
#
# <colnr> <probs for GDERKNQSTAVLIFYWHMCP>
#	G	D	E	R	K	N	Q	S	T	A	V	L	I	F	Y	W	H	M	C	P
0	0.01065	0.00837	0.00928	0.00935	0.01072	0.04040	0.00676	0.11817	0.08753	0.01846	0.02606	0.48188	0.02889	0.07502	0.00854	0.00242	0.00442	0.04205	0.00518	0.00584
1	0.75807	0.01093	0.00889	0.00779	0.01142	0.01239	0.00642	0.01792	0.01040	0.09977	0.00942	0.01031	0.00699	0.00549	0.00376	0.00177	0.00447	0.00336	0.00389	0.00655
2	0.01234	0.00894	0.01026	0.00905	0.01155	0.00921	0.00704	0.10448	0.20013	0.07693	0.34418	0.03387	0.12818	0.01017	0.00632	0.00184	0.00376	0.00865	0.00604	0.00706
3	0.00727	0.00546	0.00675	0.00718	0.00823	0.00493	0.00510	0.00892	0.01313	0.01745	0.26849	0.37215	0.22389	0.01509	0.00699	0.00206	0.00302	0.01334	0.00562	0.00493
4	0.01186	0.01017	0.01186	0.00847	0.01356	0.00762	0.00678	0.01440	0.01186	0.01864	0.01017	0.01186	0.00847	0.00424	0.00424	0.00085	0.00424	0.00339	0.00339	0.83395
5	0.00781	0.00611	0.00683	0.00680	0.00816	0.00577	0.00483	0.01000	0.05726	0.01565	0.11972	0.09803	0.37583	0.18270	0.06644	0.00323	0.00445	0.01061	0.00490	0.00487
6	0.00695	0.00568	0.00614	0.00628	0.00791	0.00487	0.00461	0.00849	0.01312	0.01624	0.13934	0.16152	0.56968	0.01465	0.00684	0.00197	0.00293	0.01247	0.00543	0.00487
7	0.01138	0.01043	0.01539	0.56865	0.03171	0.04358	0.01352	0.05881	0.01316	0.01695	0.10615	0.05741	0.01511	0.00716	0.00590	0.00188	0.00682	0.00625	0.00337	0.00637
8	0.01428	0.00761	0.00920	0.00792	0.01030	0.00731	0.00622	0.08879	0.01604	0.19557	0.29304	0.02804	0.02857	0.00864	0.00559	0.00164	0.00355	0.00726	0.25360	0.00681
9	0.01597	0.01260	0.01407	0.01042	0.01529	0.01183	0.00848	0.31789	0.01811	0.02588	0.01165	0.01264	0.00899	0.00533	0.00485	0.00121	0.00509	0.00412	0.00436	0.49120
10	0.06747	0.01318	0.01590	0.29993	0.02485	0.05875	0.01202	0.26779	0.01762	0.12693	0.01290	0.01457	0.00917	0.00625	0.00552	0.00176	0.00666	0.00495	0.00437	0.02940

[dist]
# distance from previous block
# <min> <max>
0	1

[block]
# block no. 4 follows, 41 sequences, length 27
# corresponding to MSA columns:
# 962-972,976-991
name=unknown_E
#
# <colnr> <probs for GDERKNQSTAVLIFYWHMCP>
#	G	D	E	R	K	N	Q	S	T	A	V	L	I	F	Y	W	H	M	C	P
0	0.01664	0.05580	0.01771	0.01324	0.02690	0.01352	0.11654	0.28671	0.07446	0.08270	0.05225	0.03314	0.03892	0.00740	0.00584	0.00172	0.00592	0.04657	0.00493	0.09910
1	0.01774	0.01544	0.01425	0.01188	0.01527	0.15312	0.00933	0.35101	0.12120	0.02545	0.01704	0.02004	0.04787	0.09523	0.00828	0.00213	0.00644	0.02498	0.00486	0.03844
2	0.01840	0.01460	0.01517	0.01237	0.01601	0.07183	0.01000	0.48457	0.08616	0.02889	0.01451	0.01585	0.01112	0.01392	0.15632	0.00318	0.00820	0.00535	0.00500	0.00853
3	0.01236	0.01046	0.01213	0.00871	0.01377	0.00814	0.00698	0.05131	0.01262	0.01952	0.01035	0.01196	0.00854	0.00437	0.00431	0.00089	0.00434	0.00348	0.00351	0.79227
4	0.02395	0.01248	0.01498	0.01148	0.01597	0.01249	0.00949	0.34126	0.02097	0.44738	0.01870	0.01696	0.01222	0.00699	0.00574	0.00175	0.00549	0.00549	0.00649	0.00973
5	0.01507	0.01338	0.02139	0.18571	0.29026	0.04294	0.13651	0.10018	0.01464	0.07505	0.01268	0.04362	0.01014	0.00603	0.00591	0.00180	0.00726	0.00578	0.00352	0.00813
6	0.01548	0.01289	0.01287	0.01144	0.01443	0.09600	0.00925	0.23434	0.18570	0.03663	0.05767	0.03046	0.06984	0.00964	0.00624	0.00195	0.00562	0.16098	0.02094	0.00765
7	0.00736	0.00582	0.00662	0.00642	0.00809	0.00508	0.00482	0.00937	0.01445	0.01880	0.37242	0.04953	0.44441	0.01324	0.00675	0.00187	0.00281	0.01130	0.00575	0.00508
8	0.09664	0.01020	0.01307	0.01011	0.01447	0.00932	0.00835	0.06724	0.01638	0.66121	0.02079	0.01826	0.01321	0.00691	0.00556	0.00177	0.00491	0.00549	0.00669	0.00942
9	0.01072	0.01690	0.29129	0.10576	0.05954	0.01119	0.10998	0.01495	0.01220	0.01690	0.01888	0.10205	0.07945	0.00874	0.00673	0.00201	0.03651	0.08581	0.00338	0.00701
10	0.01307	0.01470	0.10527	0.20006	0.47806	0.01341	0.05857	0.01700	0.01259	0.01769	0.01062	0.01424	0.00852	0.00526	0.00571	0.00177	0.00733	0.00509	0.00272	0.00831
11	0.00697	0.00498	0.00664	0.00796	0.00830	0.00465	0.00531	0.00796	0.01095	0.01460	0.03153	0.79525	0.03783	0.01792	0.00730	0.00232	0.00332	0.01626	0.00531	0.00465
12	0.01628	0.14762	0.02195	0.01511	0.01835	0.14425	0.16536	0.05917	0.01331	0.08219	0.01077	0.01322	0.00869	0.00680	0.00896	0.00184	0.21854	0.00491	0.03542	0.00727
13	0.01363	0.01881	0.28981	0.11660	0.26657	0.01347	0.01711	0.06008	0.08381	0.04708	0.01230	0.01440	0.00925	0.00572	0.00561	0.00179	0.00718	0.00494	0.00325	0.00857
14	0.01289	0.01207	0.01838	0.19445	0.42012	0.05341	0.01461	0.01605	0.01266	0.01748	0.01326	0.05558	0.01180	0.00660	0.00570	0.00178	0.00656	0.04354	0.07546	0.00759
15	0.00719	0.00546	0.00647	0.00692	0.00795	0.00491	0.00482	0.00853	0.01230	0.01593	0.15634	0.34696	0.29442	0.08405	0.00893	0.00238	0.00327	0.01314	0.00531	0.00473
16	0.01235	0.00992	0.05284	0.14053	0.01755	0.00998	0.04534	0.07777	0.01212	0.09852	0.01477	0.02118	0.01285	0.14019	0.27313	0.00494	0.04001	0.00605	0.00365	0.00633
17	0.01317	0.06905	0.50149	0.08229	0.02349	0.05083	0.01753	0.01985	0.09383	0.05749	0.01213	0.01351	0.00878	0.00579	0.00540	0.00178	0.00772	0.00453	0.00307	0.00825
18	0.00700	0.00513	0.00649	0.00756	0.00811	0.00472	0.00508	0.00802	0.01113	0.01456	0.03479	0.64976	0.14397	0.05453	0.00826	0.00242	0.00336	0.01526	0.00522	0.00462
19	0.00827	0.00641	0.00789	0.00758	0.00940	0.00549	0.00551	0.01009	0.01277	0.01772	0.21854	0.33682	0.13220	0.01296	0.00644	0.00182	0.00330	0.01145	0.00516	0.18018
20	0.01750	0.01728	0.01854	0.10147	0.06294	0.24757	0.11439	0.14916	0.01621	0.05918	0.01154	0.01362	0.00887	0.00610	0.00627	0.00168	0.05199	0.00486	0.04294	0.04789
21	0.01488	0.01274	0.05495	0.01481	0.05640	0.03280	0.13155	0.14990	0.05775	0.10403	0.03098	0.15150	0.02659	0.00936	0.00740	0.00201	0.07076	0.05937	0.00465	0.00757
22	0.06125	0.01108	0.01590	0.38237	0.09176	0.01247	0.01281	0.13860	0.01510	0.11597	0.07509	0.01740	0.01274	0.00651	0.00568	0.00182	0.00638	0.00551	0.00405	0.00750
23	0.01751	0.01513	0.01581	0.01411	0.05755	0.17462	0.03294	0.18145	0.01572	0.11152	0.01290	0.01650	0.01069	0.08977	0.05801	0.00268	0.15635	0.00532	0.00405	0.00739
24	0.06410	0.01586	0.01735	0.01413	0.01804	0.16514	0.13299	0.10665	0.27622	0.10510	0.01642	0.01641	0.01210	0.00658	0.00570	0.00179	0.00677	0.00554	0.00476	0.00834
25	0.01529	0.01732	0.01804	0.01666	0.08303	0.32008	0.16474	0.04117	0.01432	0.01621	0.01573	0.21878	0.01590	0.00880	0.00612	0.00182	0.00789	0.00782	0.00364	0.00665
26	0.15864	0.04156	0.01179	0.01040	0.01292	0.29932	0.00802	0.04195	0.01361	0.01705	0.02035	0.02625	0.13962	0.09321	0.00796	0.00216	0.00672	0.07876	0.00383	0.00590

[dist]
# distance from previous block
# <min> <max>
1	12

[block]
# block no. 5 follows, 41 sequences, length 45
# corresponding to MSA columns:
# 1009-1053
name=unknown_F
#
# <colnr> <probs for GDERKNQSTAVLIFYWHMCP>
#	G	D	E	R	K	N	Q	S	T	A	V	L	I	F	Y	W	H	M	C	P
0	0.10940	0.01665	0.01494	0.01235	0.01623	0.17634	0.00987	0.32666	0.14259	0.09681	0.01449	0.01433	0.01055	0.00666	0.00539	0.00171	0.00652	0.00489	0.00504	0.00858
1	0.01219	0.01080	0.01013	0.00951	0.01118	0.16566	0.00713	0.01392	0.01333	0.07527	0.19212	0.10963	0.10486	0.07306	0.12752	0.00325	0.04178	0.00837	0.00458	0.00571
2	0.01644	0.01939	0.02275	0.01809	0.02151	0.31551	0.27905	0.01972	0.04508	0.01596	0.01019	0.01309	0.00830	0.00639	0.00845	0.00186	0.16301	0.00519	0.00296	0.00706
3	0.01109	0.01046	0.01767	0.72183	0.10058	0.01278	0.01603	0.01486	0.01157	0.01496	0.01022	0.01516	0.00775	0.00567	0.00571	0.00189	0.00755	0.00508	0.00257	0.00658
4	0.01244	0.01051	0.01217	0.00875	0.01380	0.00822	0.00702	0.05709	0.01274	0.01966	0.01038	0.01197	0.00855	0.00439	0.00432	0.00090	0.00436	0.00349	0.00353	0.78574
5	0.00783	0.00573	0.00744	0.00820	0.00902	0.00553	0.00585	0.01023	0.05573	0.01726	0.19858	0.51981	0.03997	0.01573	0.00713	0.00220	0.00340	0.06966	0.00556	0.00513
6	0.00721	0.00500	0.00655	0.00779	0.00819	0.00469	0.00523	0.00831	0.01102	0.01503	0.03070	0.74538	0.03634	0.01719	0.00709	0.00226	0.00328	0.01556	0.05849	0.00469
7	0.00685	0.00570	0.00598	0.00611	0.00783	0.00483	0.00451	0.00830	0.01294	0.01570	0.08782	0.14028	0.64399	0.01475	0.00682	0.00197	0.00294	0.01248	0.00536	0.00483
8	0.00696	0.00525	0.00645	0.00731	0.00815	0.00473	0.00504	0.00817	0.01179	0.01523	0.07319	0.55010	0.24361	0.01665	0.00712	0.00219	0.00317	0.01480	0.00536	0.00473
9	0.01127	0.00622	0.00831	0.00825	0.00972	0.00564	0.00600	0.01295	0.01340	0.17875	0.20831	0.44362	0.03669	0.01406	0.00683	0.00208	0.00350	0.01255	0.00593	0.00593
10	0.01529	0.80242	0.02997	0.00979	0.01468	0.02263	0.00979	0.01713	0.01162	0.01346	0.00795	0.00918	0.00734	0.00489	0.00367	0.00122	0.00612	0.00306	0.00245	0.00734
11	0.01080	0.01017	0.01716	0.78523	0.03940	0.01271	0.01589	0.01461	0.01144	0.01461	0.01017	0.01525	0.00762	0.00572	0.00572	0.00191	0.00762	0.00508	0.00254	0.00635
12	0.01437	0.26575	0.27471	0.01311	0.01874	0.05076	0.02780	0.06328	0.18139	0.01885	0.01267	0.01336	0.00978	0.00589	0.00500	0.00164	0.00681	0.00445	0.00343	0.00822
13	0.00743	0.00574	0.00650	0.00642	0.00780	0.00511	0.00460	0.00905	0.01326	0.01719	0.27827	0.08317	0.38867	0.12971	0.01009	0.00244	0.00324	0.01115	0.00536	0.00480
14	0.01529	0.80242	0.02997	0.00979	0.01468	0.02263	0.00979	0.01713	0.01162	0.01346	0.00795	0.00918	0.00734	0.00489	0.00367	0.00122	0.00612	0.00306	0.00245	0.00734
15	0.00696	0.00501	0.00660	0.00787	0.00827	0.00465	0.00527	0.00798	0.01104	0.01464	0.03271	0.76219	0.07013	0.01777	0.00728	0.00231	0.00330	0.01607	0.00531	0.00465
16	0.11915	0.01308	0.01403	0.01130	0.01509	0.01422	0.00911	0.43718	0.06390	0.11475	0.01630	0.08141	0.01313	0.04306	0.00664	0.00196	0.00552	0.00613	0.00548	0.00855
17	0.01147	0.00906	0.01042	0.00906	0.01168	0.00919	0.00703	0.09083	0.20820	0.02376	0.37956	0.03104	0.05995	0.00940	0.00611	0.00172	0.00373	0.00805	0.00574	0.10399
18	0.00922	0.00658	0.00922	0.01053	0.01185	0.00658	0.00922	0.01185	0.01317	0.01712	0.03029	0.06452	0.03292	0.01580	0.00790	0.00263	0.00527	0.72480	0.00527	0.00527
19	0.00718	0.00570	0.00645	0.00651	0.00804	0.00497	0.00479	0.00893	0.01367	0.01751	0.25882	0.15466	0.45423	0.01415	0.00683	0.00195	0.00290	0.01215	0.00560	0.00497
20	0.01372	0.01566	0.02837	0.10185	0.02820	0.10054	0.53969	0.01786	0.01357	0.01727	0.01383	0.01714	0.05242	0.00560	0.00646	0.00187	0.00911	0.00654	0.00300	0.00728
21	0.01251	0.01251	0.01752	0.01502	0.01502	0.01752	0.01251	0.01377	0.00876	0.01377	0.00751	0.01251	0.00751	0.01001	0.01877	0.00250	0.78851	0.00501	0.00250	0.00626
22	0.02074	0.01369	0.01527	0.01205	0.01633	0.01466	0.00983	0.41566	0.17747	0.19351	0.01759	0.01655	0.01230	0.00703	0.00571	0.00175	0.00555	0.00551	0.00597	0.03284
