[name]
unknown

[dist]
# distance from previous block
# <min> <max>
0	63

[block]
# block no. 0 follows, 40 sequences, length 14
# corresponding to MSA columns:
# 111-124
name=unknown_A
#
# <colnr> <probs for GDERKNQSTAVLIFYWHMCP>
#	G	D	E	R	K	N	Q	S	T	A	V	L	I	F	Y	W	H	M	C	P
0	0.19731	0.04803	0.16598	0.04529	0.01877	0.09283	0.07072	0.05828	0.04713	0.13002	0.01375	0.01691	0.01065	0.00661	0.00537	0.00184	0.00681	0.05191	0.00403	0.00777
1	0.06284	0.01877	0.01670	0.07502	0.05694	0.30196	0.04142	0.20421	0.01752	0.02151	0.01097	0.01317	0.00875	0.03075	0.00611	0.00171	0.00788	0.00453	0.00378	0.09547
2	0.01594	0.20373	0.21750	0.09471	0.02118	0.28670	0.01400	0.01919	0.01348	0.01525	0.00958	0.01174	0.00777	0.00719	0.03720	0.00191	0.00893	0.00400	0.00270	0.00730
3	0.01409	0.01241	0.01947	0.21005	0.34589	0.01391	0.01515	0.01861	0.08986	0.06703	0.01243	0.01554	0.00986	0.00650	0.00778	0.00193	0.12261	0.00536	0.00336	0.00816
4	0.00709	0.00506	0.00675	0.00810	0.00843	0.00472	0.00540	0.00810	0.01113	0.01484	0.03205	0.79184	0.03846	0.01822	0.00742	0.00236	0.00337	0.01653	0.00540	0.00472
5	0.10408	0.01423	0.01787	0.02075	0.30095	0.04302	0.01260	0.27498	0.01821	0.06366	0.01543	0.01660	0.05880	0.00661	0.00561	0.00175	0.00625	0.00544	0.00439	0.00880
6	0.01489	0.09983	0.07918	0.14892	0.13584	0.14777	0.08884	0.06263	0.04755	0.01796	0.01309	0.01902	0.01127	0.00679	0.00581	0.00182	0.00774	0.08014	0.00336	0.00757
7	0.00724	0.00572	0.00653	0.00678	0.00816	0.00512	0.00489	0.00871	0.01261	0.01593	0.12134	0.21381	0.43575	0.05929	0.05886	0.00272	0.00400	0.01242	0.00525	0.00487
8	0.00709	0.00506	0.00675	0.00810	0.00843	0.00472	0.00540	0.00810	0.01113	0.01484	0.03205	0.79184	0.03846	0.01822	0.00742	0.00236	0.00337	0.01653	0.00540	0.00472
9	0.01445	0.52101	0.21533	0.01183	0.01755	0.01970	0.01280	0.01909	0.08952	0.01600	0.01032	0.01138	0.00852	0.00542	0.00442	0.00147	0.00665	0.00378	0.00284	0.00793
10	0.27892	0.06269	0.18590	0.01227	0.01710	0.07325	0.05315	0.10997	0.04258	0.02249	0.01266	0.01410	0.03783	0.00804	0.04415	0.00215	0.00706	0.00459	0.00361	0.00747
11	0.06011	0.13134	0.06438	0.01751	0.21935	0.05524	0.01185	0.13161	0.01524	0.02107	0.05248	0.01744	0.06981	0.00651	0.00528	0.00158	0.00606	0.00527	0.00375	0.10412
12	0.01157	0.06962	0.43968	0.01343	0.01926	0.04619	0.01528	0.04288	0.01282	0.01777	0.01736	0.17281	0.05432	0.00860	0.00583	0.00187	0.00695	0.00712	0.00340	0.03325
13	0.01219	0.07707	0.36130	0.01290	0.01809	0.01223	0.01412	0.09175	0.01432	0.03512	0.13655	0.12345	0.01984	0.00862	0.00642	0.00188	0.03557	0.00706	0.00396	0.00755

[dist]
# distance from previous block
# <min> <max>
2	38

[block]
# block no. 1 follows, 40 sequences, length 30
# corresponding to MSA columns:
# 180-202,233-239
name=unknown_B
#
# <colnr> <probs for GDERKNQSTAVLIFYWHMCP>
#	G	D	E	R	K	N	Q	S	T	A	V	L	I	F	Y	W	H	M	C	P
0	0.01487	0.08396	0.14183	0.09681	0.07801	0.06066	0.02124	0.05319	0.08792	0.11547	0.04008	0.07825	0.03736	0.00744	0.00567	0.00176	0.00628	0.00619	0.00418	0.05883
1	0.01228	0.07348	0.11487	0.00971	0.01258	0.01022	0.00853	0.12960	0.01390	0.05400	0.08381	0.07244	0.06605	0.24691	0.06374	0.00345	0.00628	0.00757	0.00429	0.00630
2	0.01494	0.06990	0.23423	0.05484	0.17844	0.10617	0.04940	0.08932	0.08777	0.01983	0.01251	0.03461	0.00998	0.00617	0.00562	0.00177	0.00758	0.00515	0.00339	0.00838
3	0.02014	0.01834	0.01652	0.04745	0.07240	0.30502	0.01142	0.11348	0.06314	0.16474	0.01333	0.01422	0.00995	0.00689	0.00713	0.00177	0.09690	0.00484	0.00428	0.00804
4	0.00942	0.01046	0.06366	0.00882	0.01079	0.11474	0.00702	0.01111	0.01283	0.01537	0.03794	0.32825	0.31974	0.01414	0.00675	0.00204	0.00460	0.01210	0.00484	0.00537
5	0.01491	0.01515	0.12628	0.03797	0.01874	0.01345	0.09786	0.26881	0.11967	0.02477	0.02003	0.13628	0.06228	0.00881	0.00622	0.00193	0.00624	0.00764	0.00480	0.00815
6	0.01629	0.07783	0.26265	0.01944	0.18584	0.01590	0.03544	0.27242	0.01780	0.02463	0.01165	0.01322	0.00871	0.00590	0.00558	0.00174	0.00730	0.00481	0.00375	0.00908
7	0.01377	0.02253	0.38871	0.02054	0.20633	0.06213	0.01779	0.08110	0.01385	0.01947	0.01151	0.04563	0.00938	0.00642	0.00651	0.00185	0.05590	0.00513	0.00302	0.00844
8	0.01631	0.01780	0.06139	0.01339	0.01616	0.31544	0.05874	0.01847	0.01442	0.09046	0.09680	0.13486	0.01824	0.00898	0.00743	0.00186	0.09137	0.00704	0.00407	0.00676
9	0.07414	0.00775	0.00797	0.00796	0.00938	0.05372	0.00575	0.01162	0.04365	0.01786	0.20807	0.21520	0.15714	0.09853	0.05288	0.00280	0.00467	0.01061	0.00504	0.00528
10	0.01807	0.07900	0.19522	0.01547	0.09200	0.18322	0.01331	0.06555	0.01495	0.18312	0.01338	0.01447	0.00987	0.00902	0.06588	0.00228	0.00828	0.00473	0.00393	0.00825
11	0.00732	0.00559	0.00673	0.00711	0.00830	0.00500	0.00508	0.00897	0.01333	0.01746	0.23911	0.32997	0.29448	0.01527	0.00708	0.00208	0.00305	0.01340	0.00567	0.00500
12	0.00740	0.00526	0.00693	0.00804	0.00848	0.00495	0.00546	0.00854	0.01143	0.01532	0.08423	0.63956	0.03805	0.07890	0.00916	0.00260	0.00361	0.05206	0.00532	0.00472
13	0.01716	0.01394	0.01845	0.07970	0.20384	0.06177	0.01328	0.14444	0.01503	0.12926	0.01211	0.01448	0.00941	0.00733	0.00959	0.00198	0.23091	0.00517	0.00391	0.00824
14	0.01695	0.01328	0.01726	0.01615	0.12516	0.08293	0.11208	0.17534	0.01601	0.13266	0.01519	0.02085	0.01291	0.20354	0.01185	0.00273	0.00693	0.00621	0.00435	0.00762
15	0.00720	0.00513	0.00681	0.00811	0.00846	0.00481	0.00544	0.00822	0.01110	0.01479	0.03154	0.74549	0.03772	0.04518	0.00821	0.00248	0.00351	0.03578	0.00533	0.00470
16	0.01957	0.30510	0.02177	0.01281	0.01688	0.33740	0.01073	0.17606	0.01714	0.01888	0.00974	0.01082	0.00800	0.00584	0.00482	0.00146	0.00805	0.00384	0.00342	0.00768
17	0.01418	0.01495	0.08402	0.13846	0.31272	0.01362	0.25169	0.01836	0.01330	0.06426	0.01182	0.01514	0.00905	0.00534	0.00611	0.00185	0.00799	0.00570	0.00309	0.00836
18	0.01358	0.09581	0.03143	0.16476	0.08192	0.11684	0.19651	0.01692	0.01372	0.01753	0.11981	0.01794	0.01505	0.00625	0.00582	0.00170	0.00744	0.00584	0.00337	0.06778
19	0.01436	0.14721	0.36140	0.01691	0.02368	0.01600	0.18751	0.12829	0.01484	0.02049	0.01091	0.01287	0.00811	0.00551	0.00560	0.00176	0.00817	0.00486	0.00309	0.00843
20	0.00714	0.00519	0.00674	0.00785	0.00840	0.00479	0.00532	0.00830	0.01166	0.01546	0.08014	0.68009	0.10246	0.01751	0.00734	0.00229	0.00330	0.01578	0.00546	0.00479
21	0.01023	0.00626	0.00780	0.00785	0.00932	0.00575	0.00574	0.01160	0.01222	0.12456	0.03516	0.27883	0.22811	0.11886	0.05864	0.00306	0.00470	0.06059	0.00527	0.00545
22	0.01182	0.01108	0.01819	0.12540	0.32840	0.01207	0.04772	0.01446	0.01187	0.01663	0.01568	0.20872	0.01607	0.00927	0.00824	0.00205	0.12359	0.00808	0.00342	0.00723
23	0.00952	0.00611	0.00780	0.00760	0.00911	0.00551	0.00561	0.01159	0.01466	0.09375	0.39704	0.23008	0.15260	0.01343	0.00690	0.00198	0.00315	0.01182	0.00608	0.00565
24	0.00759	0.00587	0.00696	0.00710	0.00859	0.00524	0.00535	0.00954	0.01408	0.01835	0.29191	0.15317	0.35455	0.01435	0.00704	0.00203	0.00315	0.07429	0.00574	0.00512
25	0.03191	0.45389	0.02363	0.01113	0.01554	0.12266	0.01003	0.11367	0.01506	0.09917	0.01167	0.01389	0.00975	0.00615	0.00464	0.00148	0.00662	0.03761	0.00366	0.00783
26	0.05062	0.01322	0.01946	0.15531	0.25297	0.06090	0.09154	0.07565	0.01492	0.12918	0.06756	0.01717	0.01286	0.00625	0.00586	0.00180	0.00686	0.00568	0.00400	0.00818
27	0.00739	0.00543	0.00693	0.00757	0.00843	0.00497	0.00529	0.00897	0.01297	0.01743	0.24656	0.47337	0.14146	0.01590	0.00718	0.00215	0.00313	0.01420	0.00569	0.00497
28	0.14589	0.06436	0.06850	0.01205	0.05977	0.13610	0.00943	0.12635	0.01468	0.02122	0.01554	0.16328	0.01472	0.00836	0.00529	0.00175	0.00587	0.00665	0.11325	0.00692
29	0.17532	0.01549	0.11482	0.07584	0.11605	0.05127	0.01245	0.11774	0.06139	0.13136	0.01293	0.01414	0.00949	0.00642	0.00624	0.00185	0.06004	0.00479	0.00415	0.00822

[dist]
# distance from previous block
# <min> <max>
0	1

[block]
# block no. 2 follows, 40 sequences, length 18
# corresponding to MSA columns:
# 242-259
name=unknown_C
#
# <colnr> <probs for GDERKNQSTAVLIFYWHMCP>
#	G	D	E	R	K	N	Q	S	T	A	V	L	I	F	Y	W	H	M	C	P
0	0.22184	0.09915	0.17401	0.01757	0.12726	0.01516	0.13493	0.01738	0.01159	0.01944	0.00955	0.01219	0.00765	0.00585	0.00677	0.00186	0.10276	0.00454	0.00290	0.00758
1	0.11307	0.25715	0.01651	0.04138	0.01310	0.01389	0.00823	0.01543	0.01221	0.05929	0.10625	0.01998	0.06896	0.00766	0.00651	0.00167	0.10273	0.00551	0.12392	0.00655
2	0.01586	0.11590	0.07140	0.03576	0.14584	0.19661	0.01178	0.06705	0.01434	0.01821	0.01009	0.01197	0.00828	0.00526	0.00494	0.00137	0.00702	0.00400	0.00319	0.25113
3	0.00758	0.00541	0.00683	0.00745	0.00804	0.00507	0.00499	0.00878	0.01184	0.01596	0.18198	0.44232	0.08175	0.17048	0.01166	0.00287	0.00366	0.01342	0.00524	0.00466
4	0.01665	0.19241	0.19650	0.01261	0.01783	0.01604	0.01251	0.21681	0.10727	0.08494	0.01485	0.06084	0.01181	0.00699	0.00539	0.00173	0.00636	0.00544	0.00438	0.00865
5	0.06300	0.11965	0.08438	0.01967	0.24190	0.06571	0.05208	0.06250	0.05522	0.16070	0.01343	0.01447	0.01002	0.00587	0.00540	0.00170	0.00670	0.00492	0.00400	0.00869
6	0.00748	0.00587	0.00676	0.00663	0.00825	0.00515	0.00494	0.00948	0.01453	0.01898	0.36144	0.09125	0.41113	0.01368	0.00690	0.00193	0.00288	0.01174	0.00584	0.00515
7	0.00700	0.00539	0.00641	0.00723	0.00821	0.00480	0.00501	0.00819	0.01197	0.01519	0.04262	0.50225	0.32122	0.01684	0.00721	0.00221	0.00321	0.01486	0.00540	0.00480
8	0.01348	0.26249	0.23995	0.12727	0.21342	0.01646	0.01620	0.01746	0.01229	0.01659	0.00982	0.01236	0.00793	0.00531	0.00507	0.00164	0.00730	0.00428	0.00259	0.00810
9	0.01454	0.14988	0.31156	0.01694	0.09516	0.08557	0.06178	0.05528	0.11854	0.01905	0.01211	0.01348	0.00927	0.00581	0.00538	0.00172	0.00761	0.00467	0.00324	0.00840
10	0.01306	0.06784	0.19628	0.01131	0.01521	0.08868	0.01092	0.01743	0.08344	0.08010	0.14394	0.02601	0.11191	0.06557	0.00817	0.00209	0.03975	0.00689	0.00435	0.00705
11	0.01566	0.00789	0.01029	0.06436	0.01335	0.00711	0.00725	0.01773	0.01475	0.34071	0.10722	0.09742	0.25050	0.01082	0.00640	0.00191	0.00418	0.00915	0.00608	0.00723
12	0.05560	0.06897	0.01851	0.02077	0.33886	0.01190	0.01215	0.01875	0.01325	0.14895	0.01253	0.01410	0.00969	0.00529	0.00513	0.00148	0.00570	0.00458	0.00379	0.23000
13	0.01313	0.24297	0.22826	0.01631	0.02184	0.01627	0.22850	0.01712	0.01224	0.01654	0.01151	0.06896	0.01010	0.00645	0.00655	0.00180	0.06537	0.00566	0.00283	0.00760
14	0.01142	0.20191	0.06427	0.00922	0.01221	0.01128	0.00821	0.01504	0.06708	0.05124	0.31271	0.02847	0.06455	0.01340	0.10189	0.00264	0.00583	0.00735	0.00472	0.00657
15	0.01323	0.00887	0.01072	0.01049	0.03049	0.02830	0.00769	0.01878	0.20406	0.15311	0.05501	0.26904	0.02440	0.01634	0.11817	0.00312	0.00600	0.00965	0.00544	0.00709
16	0.11827	0.01423	0.15843	0.01105	0.01493	0.04247	0.01021	0.12206	0.01474	0.15555	0.01976	0.21131	0.03575	0.03662	0.00671	0.00206	0.00563	0.00796	0.00482	0.00741
17	0.01499	0.25283	0.12401	0.09174	0.12717	0.06504	0.07402	0.06901	0.09322	0.01837	0.01148	0.01331	0.00912	0.00567	0.00520	0.00165	0.00719	0.00464	0.00322	0.00811

[dist]
# distance from previous block
# <min> <max>
6	18

[block]
# block no. 3 follows, 40 sequences, length 6
# corresponding to MSA columns:
# 278-283
name=unknown_D
#
# <colnr> <probs for GDERKNQSTAVLIFYWHMCP>
#	G	D	E	R	K	N	Q	S	T	A	V	L	I	F	Y	W	H	M	C	P
0	0.05676	0.11103	0.01178	0.00913	0.01121	0.06047	0.00696	0.04810	0.01285	0.07360	0.02483	0.43765	0.05674	0.01292	0.00625	0.00198	0.00457	0.01116	0.00484	0.03718
1	0.06610	0.22649	0.13129	0.01253	0.07131	0.01364	0.01070	0.01725	0.10449	0.04937	0.01765	0.22100	0.01737	0.00910	0.00550	0.00182	0.00551	0.00759	0.00399	0.00729
2	0.08572	0.19574	0.21197	0.01323	0.05862	0.04652	0.01249	0.10061	0.01438	0.07027	0.05737	0.08165	0.01371	0.00715	0.00525	0.00171	0.00638	0.00560	0.00381	0.00781
3	0.01544	0.10196	0.02052	0.04959	0.23778	0.05018	0.07326	0.04064	0.10202	0.08785	0.01486	0.01651	0.03944	0.00652	0.00675	0.00176	0.07406	0.00543	0.00379	0.05163
4	0.01502	0.27452	0.12100	0.01229	0.01656	0.05414	0.06530	0.06335	0.05001	0.06761	0.01252	0.01547	0.01043	0.06773	0.03763	0.00223	0.05354	0.00485	0.04835	0.00744
5	0.08120	0.15654	0.19744	0.06608	0.08869	0.01433	0.10667	0.01799	0.06659	0.03438	0.01477	0.03721	0.05429	0.00639	0.00539	0.00174	0.00678	0.00545	0.00331	0.03477

[dist]
# distance from previous block
# <min> <max>
3	40

[block]
# block no. 4 follows, 40 sequences, length 46
# corresponding to MSA columns:
# 324-369
name=unknown_E
#
# <colnr> <probs for GDERKNQSTAVLIFYWHMCP>
#	G	D	E	R	K	N	Q	S	T	A	V	L	I	F	Y	W	H	M	C	P
0	0.08876	0.08122	0.20533	0.01268	0.01708	0.01256	0.05751	0.04806	0.07269	0.08024	0.01595	0.11331	0.01420	0.01048	0.05630	0.00240	0.04998	0.03110	0.00395	0.02623
1	0.01536	0.05812	0.17270	0.01400	0.01884	0.01310	0.12651	0.18570	0.01596	0.08873	0.01473	0.06577	0.01207	0.03582	0.04509	0.00228	0.02065	0.00605	0.04237	0.04614
2	0.01594	0.12689	0.26714	0.01386	0.03232	0.13391	0.01374	0.13713	0.06840	0.03998	0.01221	0.01426	0.00962	0.05115	0.00666	0.00188	0.00747	0.00463	0.00358	0.03923
3	0.01421	0.02016	0.34189	0.01351	0.01911	0.04142	0.01449	0.13664	0.01496	0.05615	0.01489	0.01771	0.04450	0.00703	0.00654	0.00178	0.06300	0.03733	0.04036	0.09433
4	0.01525	0.12389	0.22629	0.01426	0.05362	0.22029	0.01329	0.06199	0.01438	0.01784	0.01328	0.04427	0.01174	0.00716	0.00542	0.00171	0.00763	0.07020	0.07015	0.00736
5	0.01202	0.18243	0.17382	0.01397	0.08369	0.05327	0.01224	0.01509	0.01120	0.01513	0.01176	0.01585	0.01035	0.02034	0.30227	0.00462	0.04739	0.00488	0.00279	0.00689
6	0.00816	0.00596	0.00775	0.00775	0.00853	0.00634	0.00548	0.00939	0.00956	0.01298	0.02261	0.03309	0.12006	0.31878	0.39045	0.00694	0.01013	0.00790	0.00358	0.00453
7	0.00855	0.00665	0.00868	0.03596	0.04384	0.00647	0.00707	0.01117	0.04771	0.01737	0.14736	0.24541	0.18521	0.04393	0.00798	0.00232	0.00405	0.15951	0.00529	0.00544
8	0.01488	0.01554	0.01934	0.08200	0.21311	0.14603	0.05510	0.01938	0.11888	0.01717	0.01150	0.01446	0.00956	0.00717	0.00954	0.00199	0.22824	0.00520	0.00322	0.00768
9	0.00802	0.00614	0.00746	0.00805	0.00920	0.00588	0.00582	0.01088	0.08001	0.01718	0.13214	0.42148	0.18829	0.01557	0.00714	0.00219	0.00344	0.06022	0.00558	0.00531
10	0.02120	0.01028	0.01236	0.00981	0.01353	0.01002	0.00799	0.19563	0.01807	0.39736	0.01976	0.01888	0.01344	0.00704	0.00538	0.00167	0.00472	0.00559	0.21853	0.00874
11	0.01374	0.01352	0.02414	0.15633	0.53603	0.01380	0.12178	0.01747	0.01305	0.01827	0.01096	0.01476	0.00892	0.00524	0.00593	0.00180	0.00747	0.00542	0.00284	0.00856
12	0.01032	0.00906	0.00899	0.00877	0.00961	0.11718	0.00611	0.01135	0.00997	0.01258	0.01589	0.02809	0.01657	0.38589	0.31804	0.00650	0.01024	0.00690	0.00329	0.00464
13	0.01096	0.00706	0.00842	0.00764	0.00985	0.00648	0.00588	0.01431	0.07570	0.13261	0.33838	0.04250	0.29403	0.01185	0.00663	0.00188	0.00330	0.01011	0.00613	0.00626
14	0.01206	0.01034	0.01206	0.00861	0.01378	0.00775	0.00689	0.01464	0.01206	0.01895	0.01034	0.01206	0.00861	0.00431	0.00431	0.00086	0.00431	0.00345	0.00345	0.83118
15	0.00706	0.00515	0.00665	0.00785	0.00837	0.00474	0.00529	0.00813	0.01137	0.01494	0.03510	0.70832	0.12001	0.01782	0.00736	0.00232	0.00333	0.01605	0.00540	0.00474
16	0.01098	0.01034	0.01744	0.78165	0.04005	0.01292	0.01615	0.01486	0.01163	0.01486	0.01034	0.01550	0.00775	0.00581	0.00581	0.00194	0.00775	0.00517	0.00258	0.00646
17	0.00703	0.00526	0.00655	0.00758	0.00830	0.00477	0.00517	0.00816	0.01163	0.01505	0.03840	0.61797	0.20823	0.01739	0.00729	0.00227	0.00327	0.01553	0.00540	0.00477
18	0.01563	0.19947	0.01771	0.01167	0.01543	0.06009	0.00962	0.07303	0.48623	0.02203	0.01852	0.01763	0.01423	0.00703	0.00536	0.00176	0.00544	0.00551	0.00493	0.00870
19	0.00881	0.00696	0.00970	0.00941	0.01016	0.00813	0.00716	0.01045	0.01010	0.01437	0.08550	0.08960	0.04579	0.12996	0.40798	0.00636	0.12298	0.00780	0.00365	0.00512
20	0.08185	0.12231	0.38333	0.01664	0.08879	0.12453	0.04116	0.01926	0.03830	0.01811	0.01029	0.01205	0.00789	0.00554	0.00518	0.00171	0.00798	0.00422	0.00281	0.00805
21	0.01166	0.03008	0.76550	0.01657	0.02517	0.01351	0.02149	0.01842	0.01228	0.01842	0.01044	0.01228	0.00737	0.00552	0.00552	0.00184	0.00859	0.00430	0.00246	0.00859
22	0.01098	0.01034	0.01744	0.78165	0.04005	0.01292	0.01615	0.01486	0.01163	0.01486	0.01034	0.01550	0.00775	0.00581	0.00581	0.00194	0.00775	0.00517	0.00258	0.00646
23	0.01051	0.00966	0.01708	0.05364	0.16201	0.00935	0.18141	0.01329	0.01279	0.01762	0.08885	0.29423	0.05203	0.01079	0.00669	0.00202	0.00569	0.01036	0.03546	0.00652
24	0.00802	0.00575	0.00782	0.00840	0.00901	0.00600	0.00602	0.00935	0.01013	0.01384	0.02317	0.29175	0.02583	0.19363	0.28286	0.00556	0.00836	0.07563	0.00418	0.00469
25	0.00758	0.00540	0.00725	0.00854	0.00906	0.00514	0.00610	0.00888	0.01147	0.01521	0.03129	0.62124	0.03683	0.04716	0.00838	0.00255	0.00385	0.15394	0.00532	0.00480
26	0.01148	0.01084	0.01833	0.67375	0.14410	0.01305	0.01640	0.01529	0.01186	0.01546	0.01042	0.01534	0.00796	0.00572	0.00581	0.00191	0.00763	0.00517	0.00263	0.00686
27	0.00709	0.00506	0.00675	0.00810	0.00843	0.00472	0.00540	0.00810	0.01113	0.01484	0.03205	0.79184	0.03846	0.01822	0.00742	0.00236	0.00337	0.01653	0.00540	0.00472
28	0.00723	0.00526	0.00682	0.00778	0.00842	0.00485	0.00532	0.00854	0.01210	0.01615	0.13928	0.61616	0.10666	0.01698	0.00729	0.00225	0.00324	0.01527	0.00554	0.00485
29	0.01244	0.18308	0.61927	0.01526	0.02313	0.01540	0.01919	0.01822	0.01219	0.01747	0.00997	0.01169	0.00739	0.00542	0.00517	0.00172	0.00812	0.00406	0.00246	0.00837
30	0.25303	0.01486	0.01493	0.01175	0.01611	0.01662	0.00970	0.53504	0.02240	0.03366	0.01230	0.01268	0.00887	0.00653	0.00519	0.00176	0.00586	0.00464	0.00519	0.00887
31	0.01670	0.01199	0.01322	0.01155	0.01507	0.01333	0.00908	0.03041	0.60790	0.16660	0.02353	0.02133	0.01711	0.00776	0.00590	0.00194	0.00467	0.00643	0.00616	0.00934
32	0.00715	0.00509	0.00673	0.00802	0.00834	0.00476	0.00531	0.00811	0.01101	0.01469	0.03144	0.75830	0.03769	0.05281	0.00841	0.00251	0.00347	0.01617	0.00531	0.00467
33	0.01195	0.02614	0.59146	0.01662	0.02343	0.01439	0.04694	0.01756	0.01167	0.01756	0.00994	0.01249	0.00747	0.00641	0.00823	0.00198	0.16058	0.00455	0.00249	0.00813
34	0.00823	0.00594	0.00777	0.00732	0.00869	0.00549	0.00549	0.01097	0.01646	0.02332	0.75629	0.04344	0.05487	0.01189	0.00686	0.00183	0.00274	0.01052	0.00640	0.00549
35	0.02211	0.01629	0.01745	0.01338	0.01803	0.01803	0.01105	0.73997	0.02734	0.03665	0.01396	0.01396	0.00989	0.00698	0.00582	0.00175	0.00640	0.00524	0.00582	0.00989
36	0.01189	0.02755	0.65787	0.05658	0.09546	0.01351	0.02087	0.01818	0.01234	0.01829	0.01048	0.01264	0.00756	0.00551	0.00556	0.00184	0.00839	0.00442	0.00250	0.00855
37	0.00831	0.00623	0.00935	0.00935	0.01038	0.00727	0.00727	0.01038	0.00935	0.01350	0.01558	0.02285	0.01454	0.04361	0.77259	0.00935	0.01558	0.00623	0.00312	0.00519
38	0.01446	0.01249	0.01315	0.01183	0.01512	0.01446	0.00920	0.03090	0.74885	0.02433	0.02367	0.02170	0.01775	0.00789	0.00592	0.00197	0.00460	0.00657	0.00592	0.00920
39	0.01536	0.76282	0.06518	0.01026	0.01541	0.02256	0.01049	0.01746	0.01184	0.01391	0.00820	0.00947	0.00746	0.00500	0.00382	0.00127	0.00633	0.00317	0.00249	0.00752
40	0.01330	0.01270	0.02162	0.27534	0.52827	0.01353	0.01730	0.01689	0.01272	0.01767	0.01074	0.01475	0.00874	0.00538	0.00578	0.00179	0.00718	0.00518	0.00278	0.00833
41	0.00735	0.00591	0.00655	0.00639	0.00815	0.00511	0.00479	0.00926	0.01438	0.01837	0.30283	0.05158	0.51142	0.01373	0.00687	0.00192	0.00287	0.01166	0.00575	0.00511
42	0.01555	0.79913	0.03047	0.00995	0.01493	0.02301	0.00995	0.01741	0.01182	0.01368	0.00808	0.00933	0.00746	0.00498	0.00373	0.00124	0.00622	0.00311	0.00249	0.00746
43	0.00729	0.00591	0.00647	0.00633	0.00811	0.00509	0.00475	0.00916	0.01424	0.01805	0.27378	0.05211	0.54066	0.01385	0.00687	0.00192	0.00288	0.01173	0.00571	0.00509
44	0.08744	0.00617	0.00713	0.00744	0.00857	0.00616	0.00527	0.00958	0.01103	0.01574	0.06590	0.27125	0.19052	0.14411	0.13366	0.00384	0.00568	0.01105	0.00461	0.00484
45	0.01358	0.01128	0.01444	0.01235	0.01339	0.01452	0.01016	0.11889	0.01245	0.01933	0.01159	0.01530	0.00991	0.00880	0.01314	0.00211	0.46267	0.00520	0.22426	0.00662

[dist]
# distance from previous block
# <min> <max>
0	1

[block]
# block no. 5 follows, 40 sequences, length 104
# corresponding to MSA columns:
# 371-394,396-475
name=unknown_F
#
# <colnr> <probs for GDERKNQSTAVLIFYWHMCP>
#	G	D	E	R	K	N	Q	S	T	A	V	L	I	F	Y	W	H	M	C	P
0	0.65572	0.01243	0.06387	0.00866	0.01262	0.01257	0.00767	0.03972	0.01139	0.08122	0.04173	0.01203	0.00918	0.00587	0.00411	0.00180	0.00481	0.00382	0.00397	0.00681
1	0.02144	0.02299	0.01663	0.01415	0.01782	0.47671	0.01099	0.27248	0.02007	0.02224	0.01078	0.01176	0.00837	0.00626	0.00540	0.00156	0.00880	0.00425	0.00400	0.04329
2	0.01387	0.01329	0.02267	0.14905	0.65005	0.01368	0.01759	0.01739	0.01300	0.01837	0.01085	0.01456	0.00899	0.00528	0.00577	0.00176	0.00704	0.00518	0.00283	0.00879
3	0.02271	0.01584	0.01604	0.01269	0.01702	0.11163	0.01031	0.42090	0.06149	0.22697	0.01624	0.01548	0.01120	0.00696	0.00576	0.00174	0.00644	0.00528	0.00583	0.00945
4	0.01242	0.01181	0.02004	0.46668	0.34377	0.01330	0.01687	0.01612	0.01231	0.01661	0.01059	0.01503	0.00837	0.00555	0.00579	0.00185	0.00740	0.00517	0.00271	0.00762
5	0.01239	0.01102	0.01810	0.30133	0.33430	0.01183	0.01487	0.01573	0.01290	0.04159	0.04336	0.02299	0.06385	0.00725	0.00608	0.00190	0.00660	0.06300	0.00341	0.00749
6	0.00761	0.00638	0.00672	0.00679	0.00876	0.00568	0.00527	0.01011	0.05714	0.01642	0.05361	0.05502	0.63069	0.01447	0.00695	0.00205	0.00332	0.09239	0.00543	0.00522
7	0.01198	0.00681	0.00847	0.00764	0.00987	0.00598	0.00587	0.01408	0.01512	0.19686	0.30998	0.09200	0.26842	0.01210	0.00666	0.00190	0.00338	0.01037	0.00620	0.00630
8	0.01444	0.01511	0.01970	0.31303	0.31826	0.15814	0.01575	0.01760	0.01309	0.01634	0.01022	0.01401	0.00827	0.00576	0.00618	0.00179	0.03706	0.00490	0.00278	0.00759
9	0.01166	0.03008	0.76550	0.01657	0.02517	0.01351	0.02149	0.01842	0.01228	0.01842	0.01044	0.01228	0.00737	0.00552	0.00552	0.00184	0.00859	0.00430	0.00246	0.00859
10	0.00697	0.00589	0.00603	0.00599	0.00791	0.00495	0.00450	0.00854	0.01349	0.01626	0.10932	0.05506	0.70625	0.01452	0.00687	0.00195	0.00293	0.01215	0.00547	0.00495
11	0.01306	0.01245	0.02119	0.32782	0.47767	0.01347	0.01718	0.01668	0.01261	0.01738	0.01070	0.01483	0.00864	0.00543	0.00578	0.00181	0.00724	0.00518	0.00276	0.00813
12	0.01428	0.01618	0.15688	0.01702	0.02216	0.01327	0.28047	0.02252	0.23477	0.08630	0.01731	0.06353	0.01351	0.00691	0.00628	0.00195	0.00720	0.00680	0.00427	0.00839
13	0.00778	0.00560	0.00737	0.00762	0.00859	0.00519	0.00545	0.00985	0.01438	0.02002	0.47397	0.33518	0.04847	0.01436	0.00708	0.00204	0.00299	0.01286	0.00601	0.00519
14	0.01196	0.00650	0.00662	0.00621	0.00790	0.00668	0.00476	0.08599	0.01371	0.02317	0.01847	0.02091	0.01441	0.00680	0.00424	0.00139	0.00308	0.00540	0.74594	0.00587
15	0.02430	0.01277	0.01527	0.01171	0.01628	0.01281	0.00967	0.34818	0.02145	0.43675	0.01891	0.01717	0.01237	0.00710	0.00583	0.00178	0.00560	0.00557	0.00658	0.00989
16	0.00703	0.00590	0.00611	0.00605	0.00795	0.00498	0.00454	0.00865	0.01362	0.01659	0.13916	0.05452	0.67620	0.01440	0.00687	0.00195	0.00292	0.01207	0.00552	0.00498
17	0.00709	0.00506	0.00675	0.00810	0.00843	0.00472	0.00540	0.00810	0.01113	0.01484	0.03205	0.79184	0.03846	0.01822	0.00742	0.00236	0.00337	0.01653	0.00540	0.00472
18	0.02165	0.01606	0.01720	0.01329	0.01786	0.01782	0.01094	0.69768	0.07037	0.03591	0.01454	0.01442	0.01036	0.00703	0.00582	0.00176	0.00629	0.00532	0.00582	0.00985
19	0.83671	0.01125	0.00855	0.00765	0.01125	0.01305	0.00630	0.01709	0.00990	0.02609	0.00810	0.00945	0.00630	0.00540	0.00360	0.00180	0.00450	0.00315	0.00360	0.00630
20	0.00709	0.00506	0.00675	0.00810	0.00843	0.00472	0.00540	0.00810	0.01113	0.01484	0.03205	0.79184	0.03846	0.01822	0.00742	0.00236	0.00337	0.01653	0.00540	0.00472
21	0.01736	0.00861	0.01101	0.00910	0.01222	0.00791	0.00726	0.06683	0.03760	0.36186	0.29213	0.03117	0.09265	0.00955	0.00630	0.00183	0.00406	0.00808	0.00663	0.00785
22	0.00728	0.00579	0.00654	0.00660	0.00817	0.00504	0.00485	0.00904	0.01385	0.01771	0.24922	0.15657	0.45993	0.01443	0.00695	0.00198	0.00295	0.01239	0.00568	0.00504
23	0.02533	0.01111	0.01425	0.01092	0.01545	0.01035	0.00902	0.16392	0.01868	0.62492	0.02123	0.01868	0.01354	0.00716	0.00584	0.00179	0.00522	0.00573	0.00693	0.00990
24	0.01511	0.01677	0.01452	0.01304	0.01428	0.30887	0.01001	0.01629	0.01180	0.01353	0.01075	0.01738	0.01063	0.16051	0.06795	0.00320	0.28122	0.00529	0.00295	0.00589
25	0.02018	0.22069	0.01998	0.01372	0.01721	0.58485	0.01091	0.02177	0.01531	0.01409	0.00876	0.01020	0.00748	0.00574	0.00487	0.00143	0.00942	0.00359	0.00287	0.00692
26	0.00831	0.00623	0.00935	0.00935	0.01038	0.00727	0.00727	0.01038	0.00935	0.01350	0.01558	0.02285	0.01454	0.04361	0.77259	0.00935	0.01558	0.00623	0.00312	0.00519
27	0.01198	0.09267	0.70567	0.01604	0.02434	0.01428	0.02055	0.01833	0.01224	0.01803	0.01024	0.01204	0.00737	0.00548	0.00538	0.00179	0.00840	0.00420	0.00246	0.00850
28	0.01746	0.14078	0.14258	0.01321	0.01717	0.33557	0.01185	0.01990	0.01416	0.08962	0.01316	0.10402	0.01182	0.00748	0.00590	0.00169	0.03736	0.00551	0.00351	0.00722
29	0.83671	0.01125	0.00855	0.00765	0.01125	0.01305	0.00630	0.01709	0.00990	0.02609	0.00810	0.00945	0.00630	0.00540	0.00360	0.00180	0.00450	0.00315	0.00360	0.00630
30	0.01373	0.01569	0.03431	0.02451	0.03039	0.01471	0.73824	0.01863	0.01373	0.01863	0.01176	0.01569	0.00882	0.00490	0.00686	0.00196	0.00980	0.00686	0.00294	0.00784
31	0.01268	0.01207	0.02050	0.41108	0.39738	0.01337	0.01699	0.01634	0.01243	0.01691	0.01064	0.01495	0.00848	0.00550	0.00579	0.00183	0.00733	0.00517	0.00273	0.00783
32	0.00709	0.00506	0.00675	0.00810	0.00843	0.00472	0.00540	0.00810	0.01113	0.01484	0.03205	0.79184	0.03846	0.01822	0.00742	0.00236	0.00337	0.01653	0.00540	0.00472
33	0.00735	0.00581	0.00662	0.00663	0.00820	0.00508	0.00489	0.00920	0.01407	0.01816	0.28940	0.14013	0.43541	0.01420	0.00693	0.00197	0.00293	0.01220	0.00574	0.00508
34	0.01188	0.01130	0.01887	0.55715	0.20132	0.01348	0.01629	0.01547	0.01180	0.01573	0.01028	0.01505	0.00807	0.00599	0.00676	0.00193	0.06374	0.00517	0.00265	0.00708
35	0.01519	0.72817	0.09830	0.01056	0.01587	0.02213	0.01101	0.01751	0.01186	0.01412	0.00830	0.00960	0.00745	0.00503	0.00390	0.00130	0.00644	0.00322	0.00248	0.00757
36	0.01113	0.01046	0.01701	0.62728	0.03488	0.01324	0.01526	0.01457	0.01135	0.01489	0.01117	0.01810	0.00927	0.00704	0.00782	0.00207	0.11755	0.04780	0.00274	0.00638
37	0.06526	0.51348	0.11338	0.01143	0.01650	0.10729	0.01133	0.07255	0.01346	0.01677	0.00891	0.01017	0.00757	0.00533	0.00427	0.00141	0.00690	0.00349	0.00286	0.00763
38	0.00842	0.00577	0.00700	0.00700	0.00723	0.00599	0.00434	0.00888	0.00865	0.01176	0.01772	0.03473	0.01970	0.63126	0.19200	0.00645	0.00781	0.00797	0.00343	0.00389
39	0.01204	0.06205	0.05833	0.01230	0.06694	0.01034	0.03653	0.09895	0.01444	0.05901	0.12696	0.22602	0.09079	0.01231	0.03228	0.00222	0.05751	0.00949	0.00478	0.00671
40	0.01695	0.15227	0.07654	0.12295	0.17877	0.04021	0.01338	0.14991	0.06509	0.10931	0.01308	0.01443	0.00982	0.00603	0.00541	0.00170	0.00667	0.00489	0.00399	0.00860
41	0.02125	0.02700	0.01754	0.01555	0.01872	0.72711	0.05459	0.02295	0.01632	0.01449	0.00915	0.01080	0.00757	0.00593	0.00534	0.00153	0.01045	0.00393	0.00299	0.00681
42	0.01953	0.01649	0.15899	0.12191	0.02172	0.01410	0.01314	0.32355	0.01960	0.21021	0.01500	0.01530	0.01022	0.00659	0.00577	0.00180	0.00665	0.00520	0.00506	0.00916
43	0.01678	0.04629	0.15307	0.01592	0.10516	0.10523	0.01308	0.12165	0.04300	0.12513	0.01609	0.01709	0.06357	0.00741	0.00768	0.00186	0.12329	0.00542	0.00408	0.00819
44	0.00846	0.00564	0.00634	0.00634	0.00634	0.00564	0.00352	0.00846	0.00846	0.01128	0.01832	0.03805	0.02114	0.79563	0.02960	0.00564	0.00564	0.00846	0.00352	0.00352
45	0.00846	0.00564	0.00634	0.00634	0.00634	0.00564	0.00352	0.00846	0.00846	0.01128	0.01832	0.03805	0.02114	0.79563	0.02960	0.00564	0.00564	0.00846	0.00352	0.00352
46	0.01639	0.01475	0.02405	0.18566	0.02769	0.01561	0.29694	0.29899	0.01857	0.02483	0.01231	0.01497	0.00900	0.00591	0.00623	0.00187	0.00803	0.00586	0.00398	0.00834
47	0.01508	0.01346	0.01165	0.01043	0.01268	0.18163	0.00763	0.08653	0.18446	0.06242	0.01944	0.02564	0.05404	0.27386	0.01380	0.00307	0.00638	0.00670	0.00449	0.00661
48	0.00817	0.00599	0.00769	0.00741	0.00884	0.00551	0.00566	0.01078	0.01590	0.02210	0.63095	0.04635	0.12672	0.01249	0.00695	0.00190	0.00295	0.06200	0.00622	0.00542
49	0.00846	0.00564	0.00634	0.00634	0.00634	0.00564	0.00352	0.00846	0.00846	0.01128	0.01832	0.03805	0.02114	0.79563	0.02960	0.00564	0.00564	0.00846	0.00352	0.00352
50	0.01166	0.03008	0.76550	0.01657	0.02517	0.01351	0.02149	0.01842	0.01228	0.01842	0.01044	0.01228	0.00737	0.00552	0.00552	0.00184	0.00859	0.00430	0.00246	0.00859
51	0.00700	0.00590	0.00607	0.00602	0.00793	0.00496	0.00452	0.00859	0.01355	0.01642	0.12401	0.05480	0.69146	0.01446	0.00687	0.00195	0.00293	0.01211	0.00549	0.00496
52	0.68226	0.01099	0.00949	0.00816	0.01193	0.01219	0.00673	0.01924	0.01118	0.16656	0.01093	0.01142	0.00784	0.00574	0.00403	0.00180	0.00458	0.00366	0.00428	0.00698
53	0.01098	0.01034	0.01744	0.78165	0.04005	0.01292	0.01615	0.01486	0.01163	0.01486	0.01034	0.01550	0.00775	0.00581	0.00581	0.00194	0.00775	0.00517	0.00258	0.00646
54	0.01098	0.01034	0.01744	0.78165	0.04005	0.01292	0.01615	0.01486	0.01163	0.01486	0.01034	0.01550	0.00775	0.00581	0.00581	0.00194	0.00775	0.00517	0.00258	0.00646
55	0.00831	0.00623	0.00935	0.00935	0.01038	0.00727	0.00727	0.01038	0.00935	0.01350	0.01558	0.02285	0.01454	0.04361	0.77259	0.00935	0.01558	0.00623	0.00312	0.00519
56	0.01439	0.01382	0.02360	0.03569	0.75936	0.01382	0.01785	0.01785	0.01324	0.01900	0.01094	0.01439	0.00921	0.00518	0.00576	0.00173	0.00691	0.00518	0.00288	0.00921
57	0.00735	0.00604	0.00655	0.00681	0.00865	0.00525	0.00536	0.00905	0.01328	0.01603	0.05355	0.05780	0.61914	0.01498	0.00709	0.00210	0.00340	0.14715	0.00539	0.00499
58	0.00709	0.00506	0.00675	0.00810	0.00843	0.00472	0.00540	0.00810	0.01113	0.01484	0.03205	0.79184	0.03846	0.01822	0.00742	0.00236	0.00337	0.01653	0.00540	0.00472
59	0.02172	0.02772	0.01648	0.01498	0.01798	0.77228	0.01124	0.02322	0.01648	0.01423	0.00899	0.01049	0.00749	0.00599	0.00524	0.00150	0.01049	0.00375	0.00300	0.00674
60	0.01206	0.01034	0.01206	0.00861	0.01378	0.00775	0.00689	0.01464	0.01206	0.01895	0.01034	0.01206	0.00861	0.00431	0.00431	0.00086	0.00431	0.00345	0.00345	0.83118
61	0.01403	0.49796	0.31832	0.01254	0.01894	0.01929	0.01447	0.01781	0.01200	0.01554	0.00901	0.01048	0.00743	0.00519	0.00443	0.00148	0.00715	0.00357	0.00248	0.00791
62	0.01187	0.01105	0.01803	0.53879	0.18333	0.01295	0.01568	0.01655	0.06751	0.01652	0.01234	0.01790	0.00991	0.00628	0.00591	0.00193	0.00724	0.03602	0.00301	0.00718
63	0.00917	0.00663	0.00909	0.01032	0.01171	0.00655	0.00897	0.01175	0.01338	0.01727	0.03308	0.06481	0.09236	0.01596	0.00794	0.00262	0.00516	0.66259	0.00536	0.00532
64	0.01098	0.01034	0.01744	0.78165	0.04005	0.01292	0.01615	0.01486	0.01163	0.01486	0.01034	0.01550	0.00775	0.00581	0.00581	0.00194	0.00775	0.00517	0.00258	0.00646
65	0.02020	0.16688	0.01966	0.01298	0.01723	0.13084	0.01087	0.44554	0.04563	0.02769	0.01218	0.01277	0.00924	0.00660	0.00583	0.00165	0.03608	0.00465	0.00464	0.00881
66	0.02291	0.01500	0.01666	0.01277	0.01739	0.01613	0.01055	0.59687	0.02519	0.18278	0.01577	0.01513	0.01080	0.00702	0.00582	0.00176	0.00611	0.00536	0.00609	0.00989
67	0.00831	0.00623	0.00935	0.00935	0.01038	0.00727	0.00727	0.01038	0.00935	0.01350	0.01558	0.02285	0.01454	0.04361	0.77259	0.00935	0.01558	0.00623	0.00312	0.00519
68	0.83671	0.01125	0.00855	0.00765	0.01125	0.01305	0.00630	0.01709	0.00990	0.02609	0.00810	0.00945	0.00630	0.00540	0.00360	0.00180	0.00450	0.00315	0.00360	0.00630
69	0.01439	0.01382	0.02360	0.03569	0.75936	0.01382	0.01785	0.01785	0.01324	0.01900	0.01094	0.01439	0.00921	0.00518	0.00576	0.00173	0.00691	0.00518	0.00288	0.00921
70	0.00709	0.00506	0.00675	0.00810	0.00843	0.00472	0.00540	0.00810	0.01113	0.01484	0.03205	0.79184	0.03846	0.01822	0.00742	0.00236	0.00337	0.01653	0.00540	0.00472
71	0.00801	0.00615	0.00752	0.00809	0.00962	0.00566	0.00654	0.01007	0.01351	0.01716	0.12409	0.11150	0.34440	0.01518	0.00736	0.00226	0.00389	0.28835	0.00549	0.00513
72	0.00849	0.00640	0.00930	0.00921	0.01009	0.00746	0.00703	0.01029	0.00922	0.01325	0.01561	0.02427	0.01507	0.13131	0.65706	0.00866	0.04265	0.00645	0.00314	0.00504
73	0.00800	0.00545	0.00648	0.00693	0.00704	0.00533	0.00415	0.00834	0.00935	0.01246	0.02288	0.28829	0.02689	0.53755	0.02224	0.00455	0.00489	0.01114	0.00415	0.00392
74	0.00709	0.00506	0.00675	0.00810	0.00843	0.00472	0.00540	0.00810	0.01113	0.01484	0.03205	0.79184	0.03846	0.01822	0.00742	0.00236	0.00337	0.01653	0.00540	0.00472
75	0.00937	0.00669	0.00937	0.01071	0.01205	0.00669	0.00937	0.01205	0.01339	0.01740	0.03079	0.06560	0.03347	0.01606	0.00803	0.00268	0.00535	0.72021	0.00535	0.00535
76	0.01555	0.79913	0.03047	0.00995	0.01493	0.02301	0.00995	0.01741	0.01182	0.01368	0.00808	0.00933	0.00746	0.00498	0.00373	0.00124	0.00622	0.00311	0.00249	0.00746
77	0.01961	0.01287	0.01444	0.01188	0.01586	0.01392	0.00955	0.22750	0.35797	0.21969	0.02078	0.01905	0.01469	0.00746	0.00587	0.00186	0.00519	0.00601	0.00622	0.00957
78	0.01219	0.01198	0.02127	0.48598	0.13847	0.01348	0.15355	0.01696	0.05622	0.01673	0.01149	0.01575	0.00876	0.00567	0.00601	0.00191	0.00784	0.00558	0.00289	0.00728
79	0.01350	0.01290	0.02199	0.23123	0.57081	0.01358	0.01740	0.01706	0.01282	0.01791	0.01078	0.01468	0.00883	0.00535	0.00577	0.00178	0.00713	0.00518	0.00280	0.00849
80	0.01183	0.02179	0.44932	0.01323	0.02039	0.01109	0.01536	0.01683	0.01219	0.01864	0.01039	0.01219	0.00789	0.00501	0.00501	0.00143	0.00679	0.00394	0.00287	0.35380
81	0.01405	0.26117	0.45505	0.01427	0.02123	0.04934	0.01678	0.07261	0.01345	0.01818	0.00993	0.01144	0.00759	0.00549	0.00499	0.00164	0.00779	0.00399	0.00274	0.00827
82	0.00706	0.00590	0.00616	0.00609	0.00797	0.00499	0.00457	0.00872	0.01371	0.01679	0.15755	0.05419	0.65768	0.01433	0.00687	0.00194	0.00292	0.01202	0.00554	0.00499
83	0.01057	0.01015	0.01921	0.15933	0.02265	0.01067	0.25925	0.01387	0.01142	0.01562	0.01460	0.08048	0.01322	0.02123	0.30520	0.00487	0.01116	0.00707	0.00314	0.00630
84	0.01326	0.26097	0.39503	0.01616	0.02311	0.01664	0.16210	0.01815	0.01243	0.01702	0.00999	0.01207	0.00769	0.00523	0.00525	0.00168	0.00812	0.00445	0.00256	0.00810
85	0.00709	0.00506	0.00675	0.00810	0.00843	0.00472	0.00540	0.00810	0.01113	0.01484	0.03205	0.79184	0.03846	0.01822	0.00742	0.00236	0.00337	0.01653	0.00540	0.00472
86	0.00709	0.00506	0.00675	0.00810	0.00843	0.00472	0.00540	0.00810	0.01113	0.01484	0.03205	0.79184	0.03846	0.01822	0.00742	0.00236	0.00337	0.01653	0.00540	0.00472
87	0.01874	0.01855	0.02384	0.01809	0.02286	0.18159	0.29586	0.30082	0.01964	0.02469	0.01201	0.01388	0.00895	0.00595	0.00610	0.00178	0.00863	0.00555	0.00407	0.00840
88	0.00846	0.00564	0.00634	0.00634	0.00634	0.00564	0.00352	0.00846	0.00846	0.01128	0.01832	0.03805	0.02114	0.79563	0.02960	0.00564	0.00564	0.00846	0.00352	0.00352
89	0.01618	0.51069	0.02619	0.07189	0.10318	0.15577	0.01156	0.01831	0.01280	0.01448	0.00875	0.01058	0.00769	0.00524	0.00439	0.00140	0.00718	0.00362	0.00263	0.00746
90	0.01062	0.00540	0.00550	0.00558	0.00687	0.00538	0.00414	0.01322	0.01213	0.02127	0.01975	0.06761	0.01631	0.00746	0.00427	0.00142	0.00275	0.00608	0.77886	0.00538
91	0.00840	0.00594	0.00775	0.00739	0.00873	0.00568	0.00557	0.01104	0.01525	0.02189	0.60169	0.03968	0.06102	0.01533	0.09720	0.00269	0.00426	0.00968	0.06537	0.00544
92	0.01774	0.01163	0.01382	0.01342	0.10214	0.03817	0.00952	0.15021	0.12658	0.23490	0.02682	0.02682	0.15845	0.00878	0.00610	0.00186	0.00521	0.03371	0.00568	0.00846
93	0.01215	0.01047	0.01249	0.00963	0.04171	0.00798	0.00730	0.01476	0.01210	0.01895	0.01036	0.01215	0.00864	0.00434	0.00436	0.00089	0.00440	0.00351	0.00342	0.80039
94	0.00760	0.00592	0.00690	0.00666	0.00830	0.00522	0.00499	0.00976	0.01498	0.01980	0.43403	0.04923	0.37932	0.01320	0.00687	0.00189	0.00284	0.01133	0.00594	0.00522
95	0.01424	0.01480	0.01814	0.05218	0.36608	0.16977	0.01356	0.01663	0.01305	0.01660	0.01423	0.16159	0.01423	0.00832	0.00721	0.00188	0.07964	0.00704	0.00334	0.00747
96	0.01446	0.01249	0.01315	0.01183	0.01512	0.01446	0.00920	0.03090	0.74885	0.02433	0.02367	0.02170	0.01775	0.00789	0.00592	0.00197	0.00460	0.00657	0.00592	0.00920
97	0.00820	0.00594	0.00773	0.00729	0.00867	0.00547	0.00546	0.01092	0.01639	0.02315	0.74115	0.04371	0.07011	0.01195	0.00686	0.00183	0.00275	0.01055	0.00638	0.00547
98	0.00854	0.00651	0.00943	0.00932	0.01016	0.00763	0.00712	0.01030	0.00929	0.01333	0.01601	0.05214	0.01573	0.12307	0.61816	0.00828	0.05992	0.00678	0.00321	0.00506
99	0.09123	0.33836	0.11029	0.01184	0.01691	0.04189	0.01136	0.25191	0.03764	0.02311	0.01073	0.01157	0.00842	0.00584	0.00471	0.00155	0.00649	0.00406	0.00377	0.00830
100	0.00771	0.00559	0.00756	0.00814	0.00857	0.00533	0.02956	0.00856	0.01044	0.01394	0.02738	0.54689	0.03244	0.24341	0.01384	0.00330	0.00425	0.01386	0.00477	0.00448
101	0.00709	0.00506	0.00675	0.00810	0.00843	0.00472	0.00540	0.00810	0.01113	0.01484	0.03205	0.79184	0.03846	0.01822	0.00742	0.00236	0.00337	0.01653	0.00540	0.00472
102	0.01800	0.01456	0.04751	0.02479	0.41813	0.06759	0.01438	0.08916	0.01555	0.18881	0.01512	0.01637	0.03105	0.00615	0.00577	0.00174	0.00663	0.00540	0.00420	0.00911
103	0.20946	0.07399	0.08311	0.04162	0.04448	0.09616	0.01099	0.22103	0.12242	0.02523	0.01246	0.01323	0.00942	0.00625	0.00507	0.00174	0.00638	0.00454	0.00424	0.00817

[dist]
# distance from previous block
# <min> <max>
0	1

[block]
# block no. 6 follows, 40 sequences, length 21
# corresponding to MSA columns:
# 477-492,539-543
name=unknown_G
#
# <colnr> <probs for GDERKNQSTAVLIFYWHMCP>
#	G	D	E	R	K	N	Q	S	T	A	V	L	I	F	Y	W	H	M	C	P
0	0.01402	0.01343	0.02292	0.11795	0.68004	0.01372	0.01766	0.01752	0.01306	0.01854	0.01087	0.01452	0.00905	0.00525	0.00576	0.00175	0.00700	0.00518	0.00285	0.00891
1	0.08458	0.02424	0.01598	0.11044	0.02021	0.61735	0.01146	0.02169	0.01535	0.01524	0.00909	0.01103	0.00743	0.00592	0.00519	0.00158	0.00967	0.00388	0.00299	0.00667
2	0.67624	0.01011	0.00794	0.00721	0.01038	0.01156	0.00586	0.01641	0.01034	0.02523	0.01021	0.01182	0.00797	0.00567	0.00369	0.00171	0.00415	0.00359	0.16377	0.00613
3	0.00781	0.00560	0.00704	0.00769	0.00830	0.00518	0.00503	0.00868	0.01052	0.01424	0.02691	0.54054	0.03180	0.21643	0.01287	0.00309	0.00402	0.01349	0.00477	0.06600
4	0.01540	0.40782	0.18330	0.01423	0.02009	0.01799	0.15509	0.01892	0.01276	0.08859	0.01074	0.01221	0.00838	0.00529	0.00493	0.00156	0.00730	0.00436	0.00303	0.00801
5	0.00725	0.00550	0.00673	0.00756	0.00855	0.00497	0.00540	0.00862	0.01224	0.01571	0.07333	0.46345	0.27001	0.01664	0.00727	0.00223	0.00337	0.07087	0.00544	0.00487
6	0.00714	0.00508	0.00673	0.00802	0.00835	0.00476	0.00532	0.00811	0.01102	0.01470	0.03148	0.76027	0.03774	0.05077	0.00835	0.00250	0.00347	0.01619	0.00532	0.00467
7	0.01769	0.01652	0.01949	0.04652	0.26482	0.16213	0.04146	0.18460	0.01669	0.05730	0.01174	0.01439	0.00940	0.02850	0.00766	0.00189	0.08199	0.00509	0.00376	0.00834
8	0.01555	0.79913	0.03047	0.00995	0.01493	0.02301	0.00995	0.01741	0.01182	0.01368	0.00808	0.00933	0.00746	0.00498	0.00373	0.00124	0.00622	0.00311	0.00249	0.00746
9	0.01581	0.08426	0.01531	0.01084	0.01537	0.21397	0.00868	0.07977	0.01454	0.01876	0.01009	0.01157	0.00832	0.00505	0.00464	0.00114	0.00630	0.00365	0.00345	0.46850
10	0.00880	0.00709	0.01064	0.01423	0.17433	0.00690	0.00825	0.01047	0.01168	0.01598	0.05111	0.55303	0.03126	0.01650	0.04856	0.00258	0.00479	0.01326	0.00475	0.00577
11	0.00725	0.00564	0.00662	0.00712	0.00839	0.00501	0.00517	0.00878	0.01289	0.01642	0.13277	0.31858	0.37474	0.01570	0.00713	0.00213	0.00321	0.05200	0.00552	0.00494
12	0.01366	0.01296	0.02093	0.11957	0.43579	0.02883	0.06894	0.04480	0.01327	0.01861	0.01131	0.01495	0.00935	0.00826	0.06609	0.00228	0.00769	0.00518	0.00304	0.09449
13	0.00922	0.00965	0.07038	0.01169	0.07726	0.00792	0.06239	0.01270	0.06084	0.01782	0.12491	0.08086	0.35281	0.01301	0.03628	0.00225	0.00492	0.03410	0.00483	0.00616
14	0.02609	0.00990	0.01350	0.01035	0.01484	0.00855	0.00855	0.02834	0.01664	0.76338	0.02294	0.01979	0.01439	0.00720	0.00585	0.00180	0.00495	0.00585	0.00720	0.00990
15	0.01446	0.01249	0.01315	0.01183	0.01512	0.01446	0.00920	0.03090	0.74885	0.02433	0.02367	0.02170	0.01775	0.00789	0.00592	0.00197	0.00460	0.00657	0.00592	0.00920
