[name]
unknown

[dist]
# distance from previous block
# <min> <max>
0	441

[block]
# block no. 0 follows, 42 sequences, length 14
# corresponding to MSA columns:
# 443-456
name=unknown_A
#
# <colnr> <probs for GDERKNQSTAVLIFYWHMCP>
#	G	D	E	R	K	N	Q	S	T	A	V	L	I	F	Y	W	H	M	C	P
0	0.01392	0.01223	0.01281	0.05674	0.08882	0.15995	0.00940	0.06264	0.01381	0.09499	0.05103	0.08769	0.11700	0.01371	0.11044	0.00280	0.04581	0.03549	0.00419	0.00654
1	0.01514	0.00870	0.05349	0.00777	0.01053	0.00761	0.00662	0.08731	0.01425	0.20279	0.01833	0.01929	0.01341	0.00660	0.00460	0.00148	0.00382	0.00526	0.50612	0.00688
2	0.01255	0.01207	0.02082	0.34205	0.44005	0.01305	0.04592	0.01612	0.01220	0.01673	0.01038	0.01442	0.00832	0.00525	0.00564	0.00176	0.00713	0.00507	0.00267	0.00777
3	0.01219	0.04311	0.34574	0.29139	0.06415	0.07257	0.01704	0.01756	0.05261	0.01649	0.01061	0.01337	0.00791	0.00557	0.00541	0.00177	0.00781	0.00455	0.00266	0.00747
4	0.05977	0.01035	0.01729	0.69944	0.03659	0.01261	0.05636	0.01471	0.01127	0.01523	0.00995	0.01467	0.00748	0.00555	0.00556	0.00187	0.00743	0.00498	0.00258	0.00632
5	0.00679	0.00532	0.00616	0.00677	0.00790	0.00468	0.00476	0.00805	0.01195	0.01505	0.06859	0.40914	0.39330	0.01577	0.00690	0.00208	0.00304	0.01379	0.00526	0.00468
6	0.00731	0.00522	0.00634	0.00697	0.00745	0.00492	0.00452	0.00811	0.01046	0.01376	0.06567	0.41962	0.12711	0.26980	0.01400	0.00323	0.00389	0.01266	0.00469	0.00426
7	0.03998	0.08003	0.16200	0.01381	0.08795	0.10501	0.01144	0.11850	0.07092	0.01807	0.01111	0.01384	0.00910	0.00938	0.00953	0.21828	0.00659	0.00454	0.00325	0.00670
8	0.01389	0.01452	0.24399	0.01132	0.01545	0.00960	0.01149	0.01747	0.01403	0.21451	0.26784	0.02400	0.02446	0.00828	0.00713	0.00183	0.08123	0.00666	0.00487	0.00742
9	0.00713	0.00575	0.00642	0.00671	0.00833	0.00503	0.00517	0.00877	0.01285	0.01585	0.09599	0.12676	0.53594	0.01460	0.00687	0.00204	0.00324	0.12244	0.00528	0.00484
10	0.01104	0.01241	0.09465	0.15319	0.07629	0.07819	0.01061	0.01589	0.11784	0.01823	0.18401	0.02812	0.15936	0.00872	0.00597	0.00180	0.00542	0.00738	0.00430	0.00660
11	0.09431	0.01305	0.02077	0.18561	0.32058	0.01386	0.11998	0.12787	0.01432	0.02075	0.01076	0.01381	0.00839	0.00539	0.00554	0.00176	0.00696	0.00506	0.00323	0.00799
12	0.00866	0.00751	0.01002	0.00865	0.01087	0.00697	0.05973	0.01069	0.01281	0.01725	0.19160	0.11083	0.31054	0.01141	0.00728	0.00179	0.06730	0.00967	0.00475	0.13167
13	0.01214	0.00956	0.01085	0.00949	0.01223	0.01003	0.00737	0.06711	0.32762	0.04137	0.31345	0.02787	0.02993	0.00875	0.00593	0.00173	0.00384	0.00747	0.00570	0.08755

[dist]
# distance from previous block
# <min> <max>
0	7

[block]
# block no. 1 follows, 42 sequences, length 56
# corresponding to MSA columns:
# 472-527
name=unknown_B
#
# <colnr> <probs for GDERKNQSTAVLIFYWHMCP>
#	G	D	E	R	K	N	Q	S	T	A	V	L	I	F	Y	W	H	M	C	P
0	0.10947	0.05443	0.18721	0.08429	0.01904	0.01147	0.10755	0.01701	0.07504	0.07223	0.07755	0.06769	0.07849	0.00756	0.00562	0.00182	0.00601	0.00653	0.00391	0.00708
1	0.08877	0.01009	0.01255	0.01299	0.14310	0.00964	0.00852	0.07619	0.06704	0.02165	0.19245	0.02178	0.05367	0.00707	0.00528	0.00148	0.00439	0.00597	0.00438	0.25298
2	0.04407	0.07949	0.01703	0.01277	0.03319	0.06843	0.09701	0.31217	0.01724	0.02292	0.01313	0.01819	0.01142	0.16913	0.05680	0.00286	0.00719	0.00560	0.00409	0.00727
3	0.34360	0.01365	0.01476	0.09957	0.23063	0.12047	0.01112	0.01813	0.01204	0.07362	0.01000	0.01199	0.00777	0.00541	0.00469	0.00169	0.00620	0.00408	0.00335	0.00722
4	0.00919	0.00757	0.01175	0.14779	0.08133	0.00857	0.00941	0.01165	0.00989	0.01403	0.01354	0.01962	0.01218	0.03063	0.53753	0.00673	0.01246	0.00562	0.00292	0.04758
5	0.00856	0.00619	0.00750	0.00725	0.00875	0.00584	0.00548	0.04988	0.01496	0.02067	0.42883	0.11981	0.17741	0.01223	0.00650	0.00185	0.00306	0.04513	0.06474	0.00535
6	0.00960	0.00663	0.00761	0.00718	0.00922	0.00606	0.00550	0.01260	0.07587	0.09706	0.21083	0.08278	0.40360	0.01251	0.00652	0.00189	0.00323	0.02991	0.00567	0.00574
7	0.00860	0.00619	0.00850	0.00972	0.01090	0.00609	0.00822	0.01088	0.01261	0.01637	0.03145	0.17565	0.07264	0.01580	0.00762	0.00251	0.00476	0.58122	0.00519	0.00507
8	0.00738	0.00547	0.00689	0.00708	0.00819	0.00498	0.00510	0.00928	0.01373	0.01865	0.40547	0.28746	0.17167	0.01395	0.00682	0.00196	0.00289	0.01234	0.00571	0.00498
9	0.00796	0.00575	0.00752	0.00708	0.00841	0.00531	0.00531	0.01062	0.01593	0.02257	0.76415	0.04204	0.05310	0.01150	0.00664	0.00177	0.00265	0.01018	0.00619	0.00531
10	0.01505	0.80561	0.02949	0.00963	0.01444	0.02227	0.00963	0.01685	0.01143	0.01324	0.00782	0.00903	0.00722	0.00481	0.00361	0.00120	0.00602	0.00301	0.00241	0.00722
11	0.08312	0.14414	0.06012	0.01458	0.06473	0.09286	0.15888	0.03432	0.01227	0.01709	0.01083	0.04006	0.00958	0.04924	0.01984	0.00189	0.04425	0.00496	0.00304	0.13420
12	0.01418	0.01569	0.06932	0.16346	0.14752	0.20581	0.01229	0.06794	0.01345	0.01623	0.01357	0.01875	0.04640	0.07368	0.00867	0.04420	0.02786	0.03121	0.00316	0.00661
13	0.01954	0.01227	0.01379	0.01113	0.01497	0.01308	0.00901	0.30531	0.21591	0.22612	0.01871	0.01762	0.01315	0.00703	0.00552	0.00173	0.00506	0.00558	0.07543	0.00903
14	0.00778	0.00615	0.00916	0.00931	0.01013	0.00637	0.04719	0.00925	0.01043	0.01422	0.02545	0.49909	0.04866	0.02263	0.20253	0.00397	0.04605	0.01230	0.00440	0.00494
15	0.01231	0.01329	0.07489	0.34351	0.33555	0.01308	0.09386	0.01620	0.01215	0.01665	0.01039	0.01436	0.00816	0.00526	0.00569	0.00179	0.00743	0.00512	0.00265	0.00763
16	0.00728	0.00576	0.00657	0.00647	0.00813	0.00506	0.00493	0.00923	0.01401	0.01808	0.32317	0.05007	0.45596	0.01328	0.00671	0.00189	0.00290	0.04993	0.00559	0.00499
17	0.00697	0.00518	0.00651	0.00730	0.00808	0.00471	0.00505	0.00829	0.01193	0.01572	0.14191	0.53934	0.18632	0.01607	0.00700	0.00213	0.00309	0.01433	0.00536	0.00471
18	0.02139	0.01576	0.01689	0.01295	0.01745	0.01745	0.01070	0.74835	0.02646	0.03547	0.01351	0.01351	0.00957	0.00676	0.00563	0.00169	0.00619	0.00507	0.00563	0.00957
19	0.01776	0.01077	0.01293	0.01104	0.01429	0.01108	0.00916	0.30507	0.01897	0.21186	0.03806	0.08387	0.01962	0.01001	0.00634	0.00198	0.00529	0.19811	0.00583	0.00796
20	0.01054	0.00599	0.00642	0.00620	0.00789	0.00567	0.00467	0.03631	0.01276	0.07272	0.02989	0.10139	0.21531	0.00966	0.00513	0.00160	0.00301	0.00802	0.45131	0.00550
21	0.01031	0.00528	0.00541	0.00538	0.00669	0.00525	0.00403	0.01294	0.01210	0.02109	0.07146	0.02248	0.01718	0.00691	0.00413	0.00134	0.00262	0.00560	0.77456	0.00525
22	0.01700	0.01509	0.01900	0.05971	0.28824	0.08556	0.03949	0.29237	0.05789	0.02457	0.03730	0.01483	0.01084	0.00612	0.00563	0.00169	0.00671	0.00521	0.00412	0.00864
23	0.01335	0.02768	0.01107	0.00984	0.01191	0.24318	0.00739	0.09153	0.01525	0.01808	0.19786	0.05751	0.12238	0.11396	0.00896	0.00220	0.00588	0.03166	0.00450	0.00581
24	0.01338	0.01733	0.28480	0.01277	0.01748	0.01245	0.01310	0.24388	0.01551	0.02178	0.01281	0.01576	0.01018	0.01793	0.26053	0.00414	0.00988	0.00506	0.00360	0.00762
25	0.01346	0.46411	0.32449	0.01256	0.01868	0.01835	0.02850	0.01719	0.01158	0.01516	0.00879	0.01035	0.00721	0.00514	0.00469	0.00148	0.02463	0.00358	0.00240	0.00764
26	0.00706	0.00521	0.00660	0.00732	0.00812	0.00476	0.00509	0.00847	0.01221	0.01625	0.19140	0.51465	0.16066	0.01577	0.00698	0.00211	0.00307	0.01408	0.00543	0.00476
27	0.00697	0.00509	0.00659	0.00772	0.00829	0.00471	0.00533	0.00812	0.01122	0.01475	0.04790	0.66146	0.11834	0.01702	0.00715	0.00225	0.00331	0.05390	0.00524	0.00464
28	0.01243	0.28740	0.49904	0.01366	0.02056	0.01593	0.01660	0.01723	0.01164	0.01613	0.00951	0.01128	0.00740	0.00642	0.03106	0.00184	0.00778	0.00384	0.00241	0.00784
29	0.01359	0.04523	0.28526	0.20424	0.09641	0.06712	0.01558	0.05264	0.01311	0.08010	0.01253	0.05397	0.01007	0.00641	0.00553	0.00178	0.00731	0.01828	0.00322	0.00763
30	0.84197	0.01088	0.00827	0.00740	0.01088	0.01262	0.00609	0.01654	0.00958	0.02525	0.00784	0.00914	0.00609	0.00522	0.00348	0.00174	0.00435	0.00305	0.00348	0.00609
31	0.00783	0.00575	0.00734	0.00694	0.00833	0.00525	0.00520	0.01036	0.01561	0.02181	0.69184	0.04328	0.12588	0.01179	0.00664	0.00178	0.00267	0.01035	0.00610	0.00525
32	0.01796	0.15357	0.08356	0.01189	0.01642	0.01590	0.01063	0.28327	0.20986	0.11648	0.01570	0.01520	0.01144	0.00655	0.00528	0.00168	0.00573	0.00503	0.00497	0.00888
33	0.00798	0.00541	0.00695	0.00752	0.00845	0.00493	0.00527	0.00941	0.01233	0.05431	0.17892	0.51163	0.13497	0.01544	0.00693	0.00211	0.00317	0.01378	0.00550	0.00499
34	0.00737	0.00573	0.00670	0.00646	0.00804	0.00506	0.00484	0.00947	0.01453	0.01923	0.44416	0.04752	0.37517	0.01275	0.00664	0.00183	0.00274	0.01095	0.00576	0.00506
35	0.01143	0.02812	0.72038	0.01659	0.02472	0.01315	0.07248	0.01784	0.01198	0.01784	0.01019	0.01212	0.00723	0.00530	0.00544	0.00179	0.00840	0.00434	0.00241	0.00827
36	0.00973	0.00820	0.01289	0.01122	0.01334	0.00772	0.14595	0.06332	0.01258	0.01713	0.04974	0.43115	0.02672	0.05251	0.00778	0.00219	0.00489	0.03588	0.00457	0.08248
37	0.00681	0.00554	0.00604	0.00626	0.00779	0.00477	0.00456	0.00826	0.01270	0.01572	0.11723	0.20260	0.55278	0.01468	0.00676	0.00197	0.00292	0.01255	0.00532	0.00477
38	0.01620	0.21177	0.09322	0.01223	0.01615	0.14819	0.01096	0.14986	0.14455	0.01993	0.01230	0.01323	0.00973	0.00638	0.00602	0.00162	0.07212	0.00445	0.04335	0.00774
39	0.01619	0.01264	0.01826	0.02145	0.32574	0.01307	0.04773	0.13611	0.15821	0.11514	0.01595	0.01844	0.01244	0.00656	0.00575	0.00178	0.00593	0.04036	0.01945	0.00879
40	0.01335	0.05441	0.09204	0.13369	0.38311	0.01383	0.10553	0.01796	0.06543	0.02989	0.01140	0.01434	0.00905	0.00543	0.00592	0.00175	0.02658	0.00514	0.00297	0.00818
41	0.01063	0.01000	0.01688	0.78870	0.03876	0.01250	0.01563	0.01438	0.01125	0.01438	0.01000	0.01500	0.00750	0.00563	0.00563	0.00188	0.00750	0.00500	0.00250	0.00625
42	0.01545	0.07671	0.10181	0.01917	0.02440	0.16906	0.41104	0.07968	0.01464	0.01825	0.01063	0.01325	0.00813	0.00519	0.00589	0.00173	0.00898	0.00539	0.00301	0.00759
43	0.01505	0.01356	0.01416	0.07697	0.03202	0.13171	0.02299	0.11147	0.01450	0.05579	0.01088	0.01242	0.00854	0.00505	0.00477	0.00121	0.00584	0.00395	0.00365	0.45547
44	0.00727	0.00524	0.00697	0.00821	0.00880	0.00495	0.00591	0.00858	0.01130	0.01489	0.03219	0.61724	0.07554	0.01705	0.00727	0.00232	0.00361	0.15274	0.00522	0.00470
45	0.01231	0.01369	0.09049	0.18461	0.20959	0.01205	0.16310	0.01609	0.01217	0.01732	0.01040	0.01368	0.00822	0.00500	0.00566	0.00159	0.01902	0.00488	0.00282	0.19731
46	0.04160	0.31319	0.14641	0.01573	0.13551	0.15387	0.01289	0.08845	0.01392	0.01741	0.00934	0.01091	0.00767	0.00531	0.00466	0.00148	0.00720	0.00382	0.00289	0.00774
47	0.00932	0.00734	0.01065	0.07585	0.14819	0.00747	0.00830	0.01090	0.01065	0.01431	0.02063	0.18634	0.02280	0.29465	0.01455	0.00333	0.00536	0.14024	0.00390	0.00519
48	0.01519	0.53165	0.02390	0.01040	0.01435	0.11310	0.00948	0.05401	0.03303	0.01547	0.07027	0.01291	0.01156	0.00699	0.02880	0.00161	0.03318	0.00402	0.00305	0.00704
49	0.01505	0.00708	0.00832	0.00719	0.00955	0.00674	0.00567	0.05413	0.01420	0.23833	0.09404	0.02219	0.01792	0.00718	0.00479	0.00150	0.00343	0.00585	0.47014	0.00672
50	0.00688	0.00546	0.00620	0.00666	0.00798	0.00478	0.00482	0.00826	0.01231	0.01537	0.08493	0.30401	0.45569	0.01529	0.00687	0.00205	0.00306	0.03936	0.00528	0.00474
51	0.00834	0.00593	0.00858	0.00858	0.00963	0.00682	0.00666	0.01042	0.00938	0.01402	0.01547	0.02197	0.01411	0.03790	0.68609	0.00811	0.01357	0.00593	0.10343	0.00505
52	0.00786	0.00549	0.00656	0.00687	0.00726	0.00542	0.00443	0.00847	0.00942	0.01243	0.02416	0.17150	0.09058	0.49021	0.07509	0.00466	0.00551	0.05615	0.00397	0.00396
53	0.00700	0.00510	0.00659	0.00752	0.00814	0.00469	0.00515	0.00826	0.01171	0.01562	0.13857	0.61908	0.10894	0.01643	0.00705	0.00217	0.00314	0.01477	0.00536	0.00469
54	0.02027	0.01521	0.01626	0.01272	0.01702	0.01693	0.01043	0.63948	0.13716	0.03366	0.01493	0.01465	0.01072	0.00689	0.00564	0.00172	0.00593	0.00526	0.00564	0.00947
55	0.04403	0.22184	0.05898	0.01137	0.01600	0.12261	0.01003	0.24925	0.01684	0.02201	0.01030	0.01128	0.00815	0.00548	0.00465	0.00137	0.00635	0.00387	0.00372	0.17185

[dist]
# distance from previous block
# <min> <max>
0	1

[block]
# block no. 2 follows, 42 sequences, length 15
# corresponding to MSA columns:
# 529-543
name=unknown_C
#
# <colnr> <probs for GDERKNQSTAVLIFYWHMCP>
#	G	D	E	R	K	N	Q	S	T	A	V	L	I	F	Y	W	H	M	C	P
0	0.01031	0.00880	0.03577	0.01314	0.15828	0.00787	0.00850	0.01330	0.05068	0.04910	0.14758	0.07278	0.18463	0.06425	0.04189	0.00235	0.00488	0.04796	0.00454	0.07339
1	0.07291	0.06400	0.25308	0.12379	0.02359	0.05828	0.13530	0.08636	0.01388	0.09942	0.01154	0.01333	0.00831	0.00558	0.00541	0.00175	0.00752	0.00476	0.00337	0.00783
2	0.01749	0.01416	0.01423	0.01163	0.01509	0.09149	0.00933	0.44358	0.07040	0.02852	0.13836	0.01988	0.03599	0.00980	0.05208	0.00214	0.00634	0.00607	0.00529	0.00813
3	0.00767	0.00564	0.00714	0.00719	0.00839	0.00519	0.00533	0.00975	0.01410	0.01924	0.45376	0.16966	0.15816	0.04245	0.00762	0.00207	0.00307	0.06283	0.00571	0.00502
4	0.01468	0.31419	0.23611	0.03895	0.05325	0.11808	0.01366	0.05056	0.04299	0.01630	0.00962	0.01125	0.00780	0.00558	0.00536	0.00156	0.04580	0.00389	0.00276	0.00761
5	0.01143	0.00795	0.01130	0.15507	0.05061	0.00847	0.00900	0.04318	0.01225	0.11011	0.02296	0.18615	0.08134	0.06556	0.08668	0.00299	0.03687	0.08765	0.00439	0.00603
6	0.00781	0.00569	0.00722	0.00800	0.00893	0.00540	0.00606	0.00936	0.01179	0.01533	0.07942	0.26914	0.16018	0.13145	0.01041	0.00275	0.00410	0.24729	0.00500	0.00468
7	0.00765	0.00620	0.00901	0.00875	0.01011	0.00566	0.08003	0.00927	0.01183	0.01558	0.06774	0.46054	0.22357	0.01473	0.00683	0.00208	0.00373	0.01329	0.03840	0.00498
8	0.07359	0.07834	0.22416	0.12010	0.19329	0.13830	0.03198	0.04521	0.01305	0.01770	0.00980	0.01220	0.00766	0.00537	0.00517	0.00167	0.00763	0.00430	0.00279	0.00768
9	0.01505	0.80561	0.02949	0.00963	0.01444	0.02227	0.00963	0.01685	0.01143	0.01324	0.00782	0.00903	0.00722	0.00481	0.00361	0.00120	0.00602	0.00301	0.00241	0.00722
10	0.00810	0.00551	0.00656	0.00662	0.00677	0.00563	0.00399	0.00843	0.00842	0.01137	0.01798	0.06987	0.02035	0.66111	0.13143	0.00581	0.00668	0.00825	0.00344	0.00369
11	0.01413	0.01561	0.17146	0.06690	0.28242	0.01275	0.01446	0.11773	0.08463	0.06067	0.04581	0.01804	0.05730	0.00653	0.00566	0.00175	0.00629	0.00563	0.00386	0.00836
12	0.09937	0.23750	0.07778	0.03718	0.04655	0.06530	0.01028	0.13813	0.03084	0.04562	0.03186	0.01242	0.00949	0.00555	0.00459	0.00143	0.00595	0.00405	0.00357	0.13255
13	0.23421	0.04569	0.43149	0.04582	0.10434	0.01325	0.01591	0.01725	0.01133	0.01960	0.00947	0.01141	0.00707	0.00527	0.00483	0.00174	0.00697	0.00395	0.00272	0.00767
14	0.09800	0.07034	0.03817	0.09835	0.40472	0.02741	0.06141	0.06271	0.02586	0.01920	0.01035	0.01321	0.00841	0.00540	0.00572	0.00171	0.03321	0.00475	0.00302	0.00806

[dist]
# distance from previous block
# <min> <max>
0	2

[block]
# block no. 3 follows, 42 sequences, length 13
# corresponding to MSA columns:
# 546-558
name=unknown_D
#
# <colnr> <probs for GDERKNQSTAVLIFYWHMCP>
#	G	D	E	R	K	N	Q	S	T	A	V	L	I	F	Y	W	H	M	C	P
0	0.01205	0.01086	0.01798	0.05011	0.23599	0.01106	0.13378	0.07041	0.01360	0.01843	0.01946	0.08787	0.04833	0.00950	0.00702	0.00205	0.03709	0.20347	0.00392	0.00702
1	0.00804	0.00603	0.00904	0.00904	0.01005	0.00703	0.00703	0.01005	0.00904	0.01306	0.01507	0.02211	0.01407	0.04221	0.77992	0.00904	0.01507	0.00603	0.00301	0.00502
2	0.05225	0.01367	0.01864	0.18720	0.38191	0.10386	0.01462	0.04668	0.01318	0.01778	0.01166	0.01731	0.01012	0.00625	0.00590	0.00178	0.02500	0.06150	0.00307	0.00761
3	0.08407	0.01701	0.01524	0.10559	0.01887	0.24345	0.01060	0.28703	0.01846	0.09284	0.01208	0.01323	0.00895	0.00776	0.03858	0.00196	0.00764	0.00456	0.00428	0.00779
4	0.01466	0.00726	0.00915	0.00792	0.01061	0.00630	0.00620	0.01656	0.01453	0.33230	0.15717	0.10260	0.26957	0.01105	0.00628	0.00185	0.00366	0.00936	0.00611	0.00685
5	0.01089	0.01018	0.01534	0.01294	0.01373	0.01268	0.09747	0.01229	0.00910	0.01332	0.01142	0.02027	0.01172	0.22751	0.09393	0.00385	0.40893	0.00612	0.00282	0.00547
6	0.00695	0.00553	0.00624	0.00644	0.00788	0.00482	0.00469	0.00851	0.01297	0.01643	0.18742	0.21796	0.46535	0.01448	0.00677	0.00196	0.00291	0.01247	0.00541	0.00482
7	0.00775	0.00559	0.00727	0.00790	0.00861	0.00555	0.00573	0.00908	0.01070	0.01425	0.05768	0.28142	0.09320	0.18947	0.13995	0.00409	0.00597	0.13674	0.00450	0.00455
8	0.00816	0.00539	0.00639	0.00647	0.00662	0.00532	0.00387	0.00830	0.00906	0.01219	0.08499	0.10827	0.02415	0.59718	0.02413	0.06833	0.00495	0.00885	0.00376	0.00362
9	0.01696	0.01712	0.01408	0.01246	0.01567	0.26145	0.00963	0.11474	0.40714	0.02161	0.01814	0.01752	0.03429	0.00712	0.00553	0.00173	0.00646	0.00548	0.00479	0.00810
10	0.13313	0.01201	0.01253	0.01029	0.01366	0.01335	0.00835	0.39057	0.07570	0.02849	0.01446	0.01560	0.01095	0.00967	0.07272	0.00229	0.00592	0.00500	0.15748	0.00784
11	0.01527	0.01499	0.01433	0.01237	0.01430	0.20727	0.00968	0.07330	0.07880	0.04722	0.01181	0.01625	0.01054	0.11760	0.01272	0.00235	0.26050	0.00509	0.00349	0.07210
12	0.00859	0.00625	0.00835	0.11564	0.01281	0.00610	0.00680	0.01039	0.01231	0.05838	0.10722	0.33742	0.22412	0.01376	0.00672	0.00206	0.00387	0.04895	0.00504	0.00524

[dist]
# distance from previous block
# <min> <max>
1	3

[block]
# block no. 4 follows, 42 sequences, length 11
# corresponding to MSA columns:
# 565-575
name=unknown_E
#
# <colnr> <probs for GDERKNQSTAVLIFYWHMCP>
#	G	D	E	R	K	N	Q	S	T	A	V	L	I	F	Y	W	H	M	C	P
0	0.16164	0.18846	0.06489	0.11951	0.14321	0.14527	0.01205	0.07240	0.01323	0.01840	0.00929	0.01136	0.00752	0.00537	0.00469	0.00158	0.00689	0.00394	0.00300	0.00730
1	0.08355	0.21042	0.01812	0.10274	0.04424	0.16425	0.01046	0.15604	0.01525	0.01928	0.01362	0.01787	0.04442	0.00689	0.00508	0.00164	0.00670	0.06873	0.00360	0.00709
2	0.01483	0.01629	0.15161	0.06680	0.13873	0.07396	0.11485	0.12772	0.04968	0.06161	0.04300	0.03449	0.01189	0.00629	0.00563	0.00173	0.00689	0.00557	0.06053	0.00790
3	0.12252	0.00815	0.00859	0.00785	0.00998	0.03797	0.00610	0.01313	0.01311	0.11565	0.17198	0.08192	0.30565	0.01115	0.00687	0.00188	0.05756	0.00901	0.00512	0.00582
4	0.00729	0.00521	0.00656	0.00745	0.00794	0.00492	0.00503	0.00822	0.01058	0.01389	0.03061	0.50770	0.10407	0.18533	0.01178	0.00295	0.00384	0.06741	0.00483	0.00439
5	0.01356	0.34845	0.11973	0.22807	0.05199	0.06181	0.01305	0.01762	0.06767	0.01515	0.01001	0.01221	0.00810	0.00539	0.00472	0.00155	0.00688	0.00408	0.00272	0.00725
6	0.00958	0.01003	0.07402	0.09464	0.19604	0.00868	0.04697	0.01211	0.01185	0.01592	0.02541	0.31157	0.13797	0.01123	0.00638	0.00198	0.00516	0.01018	0.00402	0.00626
7	0.00698	0.00537	0.00619	0.00665	0.00771	0.00480	0.00461	0.00817	0.01176	0.01492	0.09127	0.33401	0.35935	0.10067	0.00923	0.00242	0.00328	0.01293	0.00509	0.00458
8	0.02355	0.01006	0.01295	0.01003	0.01416	0.00926	0.00825	0.12315	0.01715	0.61218	0.02073	0.01854	0.01338	0.00690	0.00552	0.00170	0.00480	0.00555	0.07290	0.00923
9	0.08899	0.07768	0.13643	0.03865	0.06928	0.17562	0.02772	0.10754	0.14573	0.06021	0.01279	0.01355	0.00965	0.00602	0.00516	0.00167	0.00695	0.00458	0.00385	0.00794
10	0.01710	0.01590	0.04758	0.02642	0.03790	0.18035	0.03912	0.21869	0.01676	0.06748	0.04211	0.01507	0.01116	0.00698	0.00729	0.00173	0.12495	0.00501	0.11094	0.00746

[dist]
# distance from previous block
# <min> <max>
0	1

[block]
# block no. 5 follows, 42 sequences, length 29
# corresponding to MSA columns:
# 577-605
name=unknown_F
#
# <colnr> <probs for GDERKNQSTAVLIFYWHMCP>
#	G	D	E	R	K	N	Q	S	T	A	V	L	I	F	Y	W	H	M	C	P
0	0.08547	0.02460	0.00969	0.09394	0.01283	0.04321	0.00704	0.04745	0.03865	0.01756	0.15505	0.06201	0.08652	0.20883	0.01168	0.00279	0.00497	0.07799	0.00436	0.00535
1	0.01077	0.18979	0.01312	0.00852	0.01094	0.01052	0.00698	0.10893	0.01375	0.01734	0.03050	0.25267	0.22819	0.01216	0.00606	0.00187	0.00431	0.06301	0.00463	0.00594
2	0.00756	0.00557	0.00697	0.00783	0.00854	0.00536	0.00545	0.00948	0.05265	0.01503	0.05143	0.53448	0.10511	0.09280	0.00917	0.00254	0.00363	0.06654	0.00510	0.00478
3	0.03825	0.12733	0.10853	0.07247	0.36857	0.01348	0.01426	0.01651	0.01211	0.01752	0.00991	0.01251	0.00818	0.00492	0.00496	0.00148	0.00632	0.00427	0.00278	0.15563
4	0.01154	0.01092	0.01833	0.49727	0.28160	0.01241	0.01562	0.01504	0.01185	0.01576	0.01250	0.01656	0.04512	0.00584	0.00566	0.00181	0.00700	0.00534	0.00273	0.00707
5	0.00718	0.00567	0.00652	0.00676	0.00825	0.00501	0.00510	0.00891	0.01316	0.01673	0.19338	0.16523	0.43917	0.01433	0.00684	0.00200	0.00310	0.08238	0.00542	0.00488
6	0.01116	0.00974	0.01530	0.12081	0.32947	0.01004	0.01193	0.05662	0.01262	0.01730	0.01872	0.32255	0.01990	0.01016	0.00622	0.00194	0.00542	0.00933	0.00388	0.00690
7	0.26385	0.01227	0.01257	0.01028	0.01412	0.01345	0.00838	0.26188	0.14181	0.15531	0.01506	0.01470	0.01073	0.00648	0.00495	0.00174	0.00499	0.00479	0.03438	0.00828
8	0.00960	0.00526	0.00558	0.00570	0.00661	0.00523	0.00394	0.01146	0.01086	0.01800	0.01943	0.09919	0.01802	0.19333	0.01001	0.00237	0.00335	0.00696	0.56036	0.00475
9	0.01469	0.00822	0.01169	0.01234	0.12525	0.00766	0.00820	0.01703	0.01439	0.27235	0.24981	0.02999	0.06231	0.05739	0.05342	0.00243	0.00499	0.03520	0.00550	0.00713
10	0.01122	0.05896	0.50030	0.01240	0.01838	0.01109	0.01505	0.01632	0.01184	0.01858	0.01254	0.01455	0.00939	0.00569	0.00483	0.00161	0.00645	0.00444	0.25904	0.00732
11	0.00734	0.00538	0.00622	0.00659	0.00731	0.00498	0.00433	0.00821	0.01078	0.01392	0.08140	0.27248	0.23657	0.29219	0.01454	0.00326	0.00388	0.01171	0.00465	0.00426
12	0.01739	0.02086	0.01535	0.01385	0.01572	0.50248	0.01063	0.01869	0.01341	0.01364	0.01003	0.05859	0.00958	0.03847	0.00965	0.00192	0.21574	0.00488	0.00294	0.00619
13	0.00706	0.00519	0.00667	0.00778	0.00845	0.00480	0.00549	0.00828	0.01132	0.01476	0.03482	0.60771	0.14674	0.01690	0.00717	0.00226	0.00341	0.09132	0.00522	0.00466
14	0.01767	0.26145	0.01983	0.01237	0.01592	0.37577	0.01020	0.05874	0.01418	0.01520	0.00871	0.01030	0.00748	0.00571	0.00560	0.00141	0.06812	0.00359	0.00290	0.08485
15	0.00818	0.00546	0.00614	0.00614	0.00614	0.00546	0.00341	0.00818	0.00818	0.01091	0.01773	0.03683	0.02046	0.80222	0.02864	0.00546	0.00546	0.00818	0.00341	0.00341
16	0.00768	0.00556	0.00641	0.00646	0.00762	0.00516	0.00458	0.00921	0.01210	0.01632	0.18851	0.12420	0.28646	0.15504	0.05747	0.00292	0.00404	0.01031	0.08530	0.00467
17	0.01870	0.01008	0.01254	0.00951	0.01397	0.00868	0.00773	0.05737	0.05828	0.38115	0.03805	0.01676	0.01286	0.00605	0.00512	0.00140	0.00454	0.00491	0.00541	0.32690
18	0.00857	0.00678	0.01072	0.00982	0.01106	0.00738	0.07640	0.01041	0.00927	0.01308	0.01528	0.02455	0.01489	0.19858	0.54852	0.00761	0.01252	0.00654	0.00308	0.00493
19	0.01186	0.14658	0.66058	0.01507	0.02286	0.01446	0.01910	0.01768	0.01181	0.01713	0.00975	0.01145	0.00714	0.00527	0.00508	0.00169	0.00797	0.00398	0.00238	0.00815
20	0.01906	0.10454	0.06256	0.01421	0.01906	0.04659	0.10683	0.50357	0.02186	0.02891	0.01223	0.01301	0.00895	0.00616	0.00550	0.00166	0.00687	0.00494	0.00462	0.00887
21	0.01240	0.01263	0.01747	0.59567	0.12336	0.11418	0.01520	0.01580	0.01206	0.01478	0.00990	0.01423	0.00764	0.00558	0.00555	0.00179	0.00775	0.00482	0.00259	0.00661
22	0.01042	0.00699	0.00796	0.00725	0.00948	0.00639	0.00558	0.05665	0.03961	0.11341	0.19719	0.07219	0.42115	0.01221	0.00645	0.00186	0.00333	0.01030	0.00569	0.00590
23	0.00818	0.00546	0.00614	0.00614	0.00614	0.00546	0.00341	0.00818	0.00818	0.01091	0.01773	0.03683	0.02046	0.80222	0.02864	0.00546	0.00546	0.00818	0.00341	0.00341
24	0.00961	0.00834	0.01186	0.01100	0.01152	0.01070	0.00874	0.01115	0.00893	0.01320	0.01323	0.06534	0.01326	0.07284	0.39829	0.00591	0.31146	0.00632	0.00296	0.00534
25	0.15137	0.00798	0.00824	0.00788	0.00960	0.00844	0.00568	0.07694	0.09960	0.01839	0.02510	0.19507	0.13290	0.21483	0.01169	0.00285	0.00435	0.00907	0.00456	0.00551
26	0.04425	0.23502	0.15753	0.01359	0.01828	0.13861	0.10782	0.09593	0.01393	0.01792	0.01095	0.05025	0.00932	0.00611	0.00537	0.00160	0.02920	0.00478	0.03220	0.00734
27	0.01308	0.01376	0.01318	0.08653	0.06057	0.23097	0.01018	0.01510	0.01291	0.01520	0.01967	0.08477	0.08771	0.00987	0.00750	0.00193	0.09547	0.16159	0.00372	0.05632
28	0.18444	0.05948	0.08448	0.01343	0.10370	0.05143	0.01040	0.13459	0.05803	0.02185	0.01102	0.01268	0.00875	0.00768	0.05035	0.00197	0.02272	0.00419	0.00361	0.15517

[dist]
# distance from previous block
# <min> <max>
0	1

[block]
# block no. 6 follows, 42 sequences, length 8
# corresponding to MSA columns:
# 607-614
name=unknown_G
#
# <colnr> <probs for GDERKNQSTAVLIFYWHMCP>
#	G	D	E	R	K	N	Q	S	T	A	V	L	I	F	Y	W	H	M	C	P
0	0.01595	0.12894	0.01493	0.01072	0.01399	0.18572	0.00858	0.07486	0.13731	0.08554	0.01543	0.07980	0.01307	0.00879	0.04294	0.00190	0.00640	0.00550	0.05928	0.09034
1	0.00749	0.00526	0.00655	0.00718	0.00759	0.00502	0.00471	0.00837	0.01055	0.01412	0.10080	0.40833	0.05993	0.28620	0.01450	0.00332	0.00401	0.03710	0.00470	0.00427
2	0.01118	0.00903	0.01318	0.06590	0.14770	0.00968	0.03261	0.01584	0.13887	0.05127	0.09192	0.10542	0.01963	0.05587	0.18696	0.00373	0.02300	0.00741	0.00414	0.00667
3	0.01561	0.26176	0.11189	0.05208	0.01899	0.09034	0.07734	0.13924	0.12593	0.01951	0.01178	0.01292	0.00922	0.00586	0.00531	0.00161	0.02467	0.00451	0.00352	0.00788
4	0.00956	0.00744	0.00967	0.01090	0.08535	0.00759	0.00708	0.07223	0.06184	0.01712	0.06296	0.32133	0.09805	0.09662	0.10253	0.00323	0.00551	0.01066	0.00464	0.00570
5	0.00852	0.08571	0.00976	0.00805	0.00902	0.00760	0.00592	0.00975	0.00942	0.01278	0.01851	0.19243	0.02012	0.23945	0.33141	0.00583	0.00901	0.00846	0.00354	0.00471
6	0.09456	0.15727	0.01652	0.05326	0.01582	0.05004	0.04121	0.06403	0.01250	0.01844	0.01007	0.03241	0.00863	0.00536	0.00506	0.00129	0.04094	0.00403	0.00325	0.36532
7	0.08265	0.00948	0.04515	0.03577	0.06304	0.00902	0.04521	0.09283	0.04882	0.02006	0.13686	0.28987	0.04086	0.01138	0.00629	0.00199	0.00462	0.04504	0.00480	0.00626

[dist]
# distance from previous block
# <min> <max>
5	31

[block]
# block no. 7 follows, 42 sequences, length 16
# corresponding to MSA columns:
# 651-666
name=unknown_H
#
# <colnr> <probs for GDERKNQSTAVLIFYWHMCP>
#	G	D	E	R	K	N	Q	S	T	A	V	L	I	F	Y	W	H	M	C	P
0	0.05858	0.11526	0.06356	0.04930	0.04167	0.08880	0.16359	0.16578	0.01490	0.03230	0.01144	0.01475	0.00936	0.05478	0.06274	0.00244	0.03487	0.00509	0.00345	0.00734
1	0.01526	0.15863	0.10140	0.03853	0.08642	0.05709	0.12042	0.17464	0.05240	0.02057	0.01231	0.01396	0.02854	0.00598	0.00595	0.00164	0.04657	0.00489	0.00351	0.05127
2	0.00838	0.00604	0.00712	0.00710	0.00870	0.00554	0.00527	0.02898	0.01275	0.05757	0.10448	0.21234	0.39597	0.01730	0.09338	0.00276	0.00449	0.01147	0.00517	0.00518
3	0.01975	0.01011	0.01252	0.01029	0.01392	0.00975	0.00853	0.19144	0.01767	0.39688	0.02514	0.02869	0.09704	0.00907	0.00610	0.00188	0.00497	0.12169	0.00618	0.00835
4	0.01697	0.05429	0.01705	0.01283	0.01661	0.01434	0.09198	0.39189	0.08178	0.05985	0.01623	0.10241	0.01362	0.01069	0.07055	0.00239	0.00676	0.00657	0.00495	0.00823
5	0.14083	0.05601	0.17814	0.13671	0.10754	0.01245	0.07602	0.02959	0.01146	0.01763	0.01243	0.01795	0.02799	0.09531	0.00826	0.00222	0.02964	0.02999	0.00300	0.00681
6	0.00697	0.00528	0.00662	0.00735	0.00823	0.00492	0.00517	0.00826	0.01134	0.01476	0.06389	0.47593	0.23782	0.01922	0.09365	0.00292	0.00445	0.01352	0.00501	0.00470
7	0.01280	0.01053	0.09484	0.00944	0.01197	0.06257	0.00798	0.01493	0.01282	0.18247	0.11928	0.20224	0.06294	0.09337	0.07316	0.00285	0.00577	0.00890	0.00488	0.00626
8	0.01917	0.01466	0.01564	0.01250	0.01660	0.01641	0.01016	0.53202	0.24642	0.03188	0.01634	0.01577	0.01186	0.00702	0.00566	0.00176	0.00567	0.00546	0.00566	0.00937
9	0.00794	0.00555	0.00697	0.00709	0.00808	0.00512	0.00498	0.00960	0.01303	0.03580	0.35239	0.26217	0.12290	0.12089	0.00976	0.00243	0.00329	0.01168	0.00544	0.00488
10	0.01004	0.00525	0.00541	0.00548	0.00659	0.00523	0.00394	0.01228	0.01134	0.01951	0.01895	0.06337	0.01629	0.09634	0.00687	0.00183	0.00297	0.00614	0.69715	0.00500
11	0.01886	0.01358	0.01585	0.01508	0.13241	0.03938	0.01060	0.40587	0.03787	0.12584	0.05549	0.01790	0.04615	0.00708	0.00565	0.00169	0.00574	0.00569	0.03050	0.00878
12	0.01209	0.00872	0.00945	0.00856	0.01081	0.00944	0.00661	0.08025	0.28311	0.02349	0.19117	0.02520	0.02391	0.00810	0.00535	0.00166	0.00359	0.00677	0.27477	0.00695
13	0.00721	0.00523	0.00689	0.00808	0.00871	0.00491	0.00579	0.00850	0.01131	0.01485	0.03298	0.61219	0.09723	0.01700	0.00724	0.00230	0.00355	0.13610	0.00522	0.00469
14	0.36468	0.01597	0.09982	0.01818	0.25902	0.12048	0.01204	0.01775	0.01178	0.02058	0.00910	0.01115	0.00729	0.00525	0.00459	0.00168	0.00637	0.00389	0.00305	0.00732
15	0.01307	0.04658	0.08920	0.01045	0.01384	0.01005	0.04705	0.13326	0.07020	0.10671	0.09107	0.14021	0.17247	0.01018	0.00613	0.00186	0.00485	0.02071	0.00507	0.00704

[dist]
# distance from previous block
# <min> <max>
0	2

[block]
# block no. 8 follows, 42 sequences, length 11
# corresponding to MSA columns:
# 669-679
name=unknown_I
#
# <colnr> <probs for GDERKNQSTAVLIFYWHMCP>
#	G	D	E	R	K	N	Q	S	T	A	V	L	I	F	Y	W	H	M	C	P
0	0.01360	0.01270	0.01547	0.04495	0.15939	0.11014	0.05548	0.08919	0.09900	0.01847	0.01622	0.04765	0.01509	0.08375	0.04417	0.00256	0.04071	0.10570	0.01881	0.00697
1	0.01218	0.01015	0.01177	0.00870	0.01334	0.00816	0.00692	0.07671	0.01288	0.01954	0.01171	0.06454	0.01038	0.00529	0.00450	0.00100	0.00428	0.00433	0.00366	0.70996
2	0.01557	0.01245	0.01604	0.04660	0.08999	0.08826	0.09818	0.16190	0.01593	0.12485	0.06629	0.13414	0.03410	0.01004	0.04228	0.00216	0.02189	0.00734	0.00458	0.00742
3	0.00708	0.00567	0.00632	0.00626	0.00789	0.00492	0.00465	0.00886	0.01369	0.01747	0.27786	0.09243	0.49994	0.01358	0.00668	0.00188	0.00281	0.01158	0.00553	0.00492
4	0.01198	0.01073	0.01688	0.69099	0.03608	0.01313	0.01501	0.10682	0.01317	0.01703	0.01044	0.01482	0.00776	0.00577	0.00563	0.00185	0.00734	0.00501	0.00289	0.00667
5	0.00810	0.00578	0.00778	0.00778	0.00835	0.00635	0.00546	0.00924	0.00867	0.01213	0.01623	0.02851	0.01685	0.37265	0.45328	0.00748	0.01089	0.00697	0.00319	0.00432
6	0.01146	0.01182	0.02296	0.01757	0.02083	0.01225	0.40421	0.01463	0.01132	0.01577	0.01308	0.06888	0.01194	0.05835	0.15166	0.00352	0.13332	0.00696	0.00301	0.00646
7	0.11433	0.06920	0.01662	0.06665	0.16679	0.32797	0.01126	0.01994	0.01382	0.09177	0.01076	0.01239	0.00844	0.00565	0.00494	0.00156	0.00748	0.00416	0.03904	0.00723
8	0.01824	0.08241	0.01515	0.01127	0.01480	0.13010	0.00910	0.29747	0.10664	0.09646	0.05398	0.01689	0.01336	0.03143	0.00601	0.00173	0.00593	0.00526	0.07572	0.00805
9	0.07270	0.08979	0.11490	0.01396	0.10967	0.06222	0.01103	0.07897	0.01315	0.05804	0.01252	0.09113	0.01115	0.00677	0.00592	0.00158	0.05850	0.00527	0.00355	0.17918
10	0.01162	0.01144	0.07692	0.12167	0.01674	0.05541	0.01002	0.13971	0.01394	0.01833	0.02024	0.25913	0.04491	0.01387	0.07555	0.00265	0.04032	0.05707	0.00421	0.00627

[dist]
# distance from previous block
# <min> <max>
0	6

[block]
# block no. 9 follows, 42 sequences, length 12
# corresponding to MSA columns:
# 686-697
name=unknown_J
#
# <colnr> <probs for GDERKNQSTAVLIFYWHMCP>
#	G	D	E	R	K	N	Q	S	T	A	V	L	I	F	Y	W	H	M	C	P
0	0.01300	0.00828	0.00845	0.00735	0.00987	0.04240	0.00571	0.04707	0.06156	0.09398	0.01998	0.02105	0.06778	0.00685	0.00458	0.00139	0.00369	0.00548	0.44425	0.12728
1	0.06577	0.01388	0.12655	0.28709	0.24186	0.01257	0.07640	0.01582	0.01168	0.01693	0.01055	0.01443	0.00835	0.00811	0.06476	0.00234	0.00792	0.00497	0.00270	0.00732
2	0.01487	0.01246	0.01787	0.01865	0.20567	0.07168	0.12857	0.11108	0.01492	0.10386	0.01829	0.15788	0.03488	0.00863	0.00618	0.00187	0.00633	0.05448	0.00429	0.00755
3	0.00771	0.00556	0.00665	0.00660	0.00748	0.00519	0.00448	0.00909	0.01227	0.01656	0.31909	0.11716	0.16125	0.28012	0.01414	0.00309	0.00370	0.01037	0.00499	0.00450
4	0.02343	0.01046	0.01323	0.01023	0.01439	0.00983	0.00842	0.16588	0.01780	0.57407	0.02024	0.01820	0.01312	0.00689	0.00553	0.00170	0.00490	0.00551	0.06689	0.00926
5	0.01389	0.07986	0.26578	0.03162	0.13115	0.04203	0.04866	0.06629	0.09563	0.03956	0.01160	0.01350	0.00898	0.00629	0.00726	0.00182	0.12005	0.00476	0.00321	0.00806
6	0.01462	0.00951	0.01200	0.01229	0.11344	0.00944	0.00837	0.12908	0.07282	0.17344	0.05792	0.05939	0.19256	0.01066	0.04134	0.00210	0.00495	0.00760	0.06106	0.00741
7	0.00931	0.00662	0.00786	0.00764	0.00891	0.00657	0.00541	0.01286	0.12199	0.04858	0.25830	0.17140	0.09312	0.20226	0.01185	0.00278	0.00380	0.01012	0.00524	0.00538
8	0.01356	0.01473	0.09306	0.01420	0.01750	0.11527	0.14654	0.07407	0.06717	0.04536	0.01370	0.04940	0.01165	0.01596	0.20408	0.00369	0.08374	0.00588	0.00349	0.00693
9	0.01675	0.07452	0.11025	0.06695	0.10852	0.27343	0.06617	0.06157	0.03318	0.07172	0.01130	0.01322	0.00880	0.00778	0.04992	0.00204	0.00853	0.00456	0.00329	0.00750
10	0.04524	0.00851	0.01049	0.01147	0.08432	0.03106	0.00767	0.10106	0.01276	0.03078	0.02079	0.34532	0.02219	0.04509	0.10214	0.00298	0.03808	0.00978	0.06433	0.00594
11	0.00761	0.00618	0.00849	0.00820	0.00960	0.00562	0.06336	0.00914	0.01194	0.01537	0.09754	0.30524	0.29076	0.09457	0.00911	0.00241	0.00386	0.04122	0.00493	0.00484

[dist]
# distance from previous block
# <min> <max>
6	84

[block]
# block no. 10 follows, 42 sequences, length 41
# corresponding to MSA columns:
# 784-824
name=unknown_K
#
# <colnr> <probs for GDERKNQSTAVLIFYWHMCP>
#	G	D	E	R	K	N	Q	S	T	A	V	L	I	F	Y	W	H	M	C	P
0	0.03442	0.17047	0.04383	0.05893	0.06953	0.10194	0.01013	0.14932	0.01551	0.09391	0.06163	0.06113	0.04699	0.00712	0.00522	0.00159	0.00598	0.00562	0.00413	0.05260
1	0.10436	0.07776	0.10266	0.01291	0.05885	0.11661	0.01073	0.13581	0.14966	0.06820	0.03711	0.01455	0.01132	0.00618	0.00507	0.00161	0.00612	0.00469	0.00419	0.07162
2	0.12320	0.25803	0.23302	0.01165	0.01687	0.10757	0.01210	0.05960	0.01276	0.01812	0.00953	0.01097	0.00760	0.00530	0.00443	0.00148	0.00669	0.00366	0.04269	0.05474
3	0.01650	0.38730	0.02037	0.00971	0.01373	0.01683	0.00874	0.21731	0.01590	0.06511	0.01227	0.01317	0.00965	0.00581	0.00435	0.00139	0.00534	0.00416	0.16475	0.00762
4	0.01018	0.05534	0.07781	0.00938	0.01202	0.00949	0.00800	0.01668	0.23419	0.01941	0.20507	0.11820	0.12775	0.01204	0.04325	0.00222	0.00462	0.02268	0.00509	0.00658
5	0.00699	0.00516	0.00645	0.00737	0.00804	0.00474	0.00504	0.00809	0.01122	0.01462	0.05634	0.56421	0.17763	0.06512	0.00840	0.00240	0.00336	0.03511	0.00514	0.00457
6	0.00686	0.00508	0.00647	0.00749	0.00813	0.00469	0.00512	0.00796	0.01108	0.01447	0.03514	0.63590	0.16802	0.01791	0.03494	0.00246	0.00362	0.01489	0.00514	0.00462
7	0.00694	0.00563	0.00616	0.00620	0.00782	0.00485	0.00458	0.00857	0.01326	0.01663	0.19929	0.12672	0.54564	0.01403	0.00670	0.00191	0.00285	0.01194	0.00542	0.00485
8	0.00713	0.00506	0.00662	0.00757	0.00799	0.00475	0.00505	0.00823	0.01117	0.01507	0.12351	0.62520	0.03757	0.09567	0.00927	0.00254	0.00341	0.01447	0.00517	0.00455
9	0.01458	0.71902	0.06365	0.00967	0.01443	0.02078	0.00981	0.01667	0.01148	0.01394	0.00858	0.00990	0.00766	0.00495	0.00371	0.00124	0.00592	0.00320	0.05365	0.00715
10	0.01063	0.01000	0.01688	0.78870	0.03876	0.01250	0.01563	0.01438	0.01125	0.01438	0.01000	0.01500	0.00750	0.00563	0.00563	0.00188	0.00750	0.00500	0.00250	0.00625
11	0.02020	0.01461	0.01561	0.01210	0.01626	0.01611	0.00996	0.66776	0.02485	0.03388	0.01404	0.01433	0.01010	0.00673	0.00544	0.00165	0.00580	0.00509	0.09637	0.00910
12	0.00855	0.00731	0.00733	0.00714	0.00861	0.05337	0.00513	0.01078	0.05505	0.01609	0.17786	0.07644	0.33984	0.16039	0.03916	0.00279	0.00431	0.01001	0.00488	0.00496
13	0.01505	0.80561	0.02949	0.00963	0.01444	0.02227	0.00963	0.01685	0.01143	0.01324	0.00782	0.00903	0.00722	0.00481	0.00361	0.00120	0.00602	0.00301	0.00241	0.00722
14	0.01325	0.00886	0.01015	0.02194	0.01159	0.00905	0.00675	0.15331	0.09906	0.08724	0.01973	0.16920	0.01858	0.15541	0.00984	0.00241	0.00456	0.00779	0.11287	0.07843
15	0.01952	0.01348	0.01378	0.01119	0.01488	0.09646	0.00899	0.29913	0.09966	0.21216	0.07143	0.01922	0.04243	0.00740	0.00562	0.00170	0.00555	0.00582	0.04309	0.00849
16	0.01080	0.00868	0.00972	0.00787	0.01140	0.00743	0.00618	0.04028	0.08237	0.04632	0.06240	0.02922	0.27788	0.00857	0.00541	0.00142	0.00376	0.00708	0.00457	0.36864
17	0.00698	0.00508	0.00660	0.00769	0.00825	0.00470	0.00528	0.00816	0.01134	0.01500	0.07529	0.65885	0.10571	0.01689	0.00712	0.00223	0.00326	0.04162	0.00528	0.00465
18	0.00855	0.00624	0.00770	0.00750	0.00763	0.00688	0.00489	0.00897	0.00845	0.01161	0.01689	0.06682	0.01904	0.58992	0.11671	0.00542	0.09155	0.00793	0.00334	0.00395
19	0.00868	0.00601	0.00671	0.00650	0.00842	0.00514	0.00488	0.01025	0.01324	0.09226	0.11906	0.12897	0.54237	0.01361	0.00661	0.00191	0.00307	0.01152	0.00550	0.00527
20	0.01231	0.01231	0.01724	0.01477	0.01477	0.01724	0.01231	0.01354	0.00862	0.01354	0.00739	0.01231	0.00739	0.00985	0.01847	0.00246	0.79192	0.00492	0.00246	0.00616
21	0.01295	0.37266	0.44408	0.01320	0.01997	0.01714	0.01585	0.01739	0.01168	0.01579	0.00909	0.01062	0.00717	0.00511	0.00458	0.00153	0.00730	0.00365	0.00239	0.00783
22	0.00805	0.00600	0.00888	0.00888	0.00983	0.00694	0.00683	0.00994	0.00900	0.01294	0.01523	0.02295	0.01443	0.08564	0.73698	0.00884	0.01452	0.00615	0.00304	0.00493
23	0.01609	0.01227	0.01367	0.01169	0.01493	0.01397	0.00932	0.17372	0.45009	0.09380	0.01951	0.01883	0.01454	0.00953	0.05113	0.00229	0.05453	0.00593	0.00546	0.00871
24	0.00804	0.00603	0.00904	0.00904	0.01005	0.00703	0.00703	0.01005	0.00904	0.01306	0.01507	0.02211	0.01407	0.04221	0.77992	0.00904	0.01507	0.00603	0.00301	0.00502
25	0.01328	0.01518	0.03321	0.02372	0.02941	0.01423	0.74668	0.01803	0.01328	0.01803	0.01139	0.01518	0.00854	0.00474	0.00664	0.00190	0.00949	0.00664	0.00285	0.00759
26	0.02389	0.01176	0.01441	0.01105	0.01545	0.01150	0.00913	0.28135	0.01975	0.51194	0.01914	0.01717	0.01239	0.00689	0.00565	0.00172	0.00528	0.00545	0.00649	0.00957
27	0.00724	0.00507	0.00646	0.00737	0.00764	0.00482	0.00475	0.00802	0.01026	0.01373	0.05089	0.57630	0.03337	0.22156	0.01275	0.00309	0.00382	0.01378	0.00478	0.00429
28	0.01258	0.00673	0.00800	0.00718	0.00927	0.00637	0.00556	0.01585	0.05995	0.17147	0.25033	0.02971	0.08652	0.00883	0.00543	0.00162	0.00320	0.00744	0.29762	0.00632
29	0.00804	0.00603	0.00904	0.00904	0.01005	0.00703	0.00703	0.01005	0.00904	0.01306	0.01507	0.02211	0.01407	0.04221	0.77992	0.00904	0.01507	0.00603	0.00301	0.00502
30	0.01505	0.80561	0.02949	0.00963	0.01444	0.02227	0.00963	0.01685	0.01143	0.01324	0.00782	0.00903	0.00722	0.00481	0.00361	0.00120	0.00602	0.00301	0.00241	0.00722
31	0.00779	0.00584	0.00731	0.00776	0.00885	0.00556	0.00567	0.01038	0.05879	0.01770	0.25311	0.36214	0.13861	0.01455	0.00691	0.00208	0.00326	0.07301	0.00554	0.00513
32	0.00697	0.00498	0.00665	0.00788	0.00828	0.00466	0.00534	0.00807	0.01106	0.01479	0.06274	0.74391	0.03776	0.01730	0.00718	0.00227	0.00330	0.03697	0.00526	0.00462
33	0.07444	0.01882	0.09627	0.15808	0.20726	0.26901	0.06294	0.01855	0.01329	0.01654	0.00966	0.01239	0.00770	0.00542	0.00531	0.00167	0.00818	0.00443	0.00278	0.00729
34	0.00687	0.00568	0.00602	0.00600	0.00775	0.00483	0.00448	0.00848	0.01326	0.01636	0.17018	0.07845	0.62434	0.01393	0.00667	0.00189	0.00283	0.01175	0.00538	0.00483
35	0.01536	0.04859	0.01484	0.10390	0.04904	0.18068	0.00956	0.05456	0.01369	0.07325	0.01073	0.01236	0.00845	0.00510	0.00476	0.00126	0.00622	0.00391	0.00346	0.38028
36	0.01104	0.00828	0.00938	0.00869	0.01082	0.00892	0.00669	0.01875	0.30580	0.03802	0.22082	0.02871	0.07203	0.01236	0.08353	0.00249	0.00466	0.00749	0.13477	0.00675
37	0.01343	0.01225	0.09766	0.01076	0.01373	0.01159	0.03285	0.19258	0.05793	0.02252	0.01751	0.01921	0.06689	0.00834	0.02498	0.00190	0.11709	0.00565	0.26613	0.00701
38	0.01378	0.01122	0.01352	0.03881	0.01497	0.03557	0.06133	0.17030	0.18214	0.03889	0.04179	0.03863	0.04499	0.09122	0.07693	0.00276	0.02457	0.00641	0.03380	0.05836
39	0.15339	0.18020	0.14037	0.04836	0.03879	0.01351	0.01056	0.06172	0.05237	0.01918	0.05463	0.01705	0.01241	0.03814	0.03926	0.00207	0.00613	0.03724	0.00346	0.07115
40	0.01295	0.05853	0.09592	0.11651	0.12125	0.05924	0.04351	0.01737	0.09586	0.04439	0.03086	0.04192	0.01233	0.00708	0.00620	0.04165	0.00616	0.03669	0.00351	0.14806

[dist]
# distance from previous block
# <min> <max>
4	56

[block]
# block no. 11 follows, 42 sequences, length 7
# corresponding to MSA columns:
# 885-891
name=unknown_L
#
# <colnr> <probs for GDERKNQSTAVLIFYWHMCP>
#	G	D	E	R	K	N	Q	S	T	A	V	L	I	F	Y	W	H	M	C	P
0	0.01476	0.39248	0.02291	0.01228	0.01496	0.11940	0.01084	0.01629	0.01092	0.01343	0.00777	0.01046	0.00729	0.00692	0.00963	0.00173	0.31488	0.00384	0.00249	0.00671
