[name]
unknown

[dist]
# distance from previous block
# <min> <max>
0	428

[block]
# block no. 0 follows, 45 sequences, length 22
# corresponding to MSA columns:
# 484-494,534-544
name=unknown_A
#
# <colnr> <probs for GDERKNQSTAVLIFYWHMCP>
#	G	D	E	R	K	N	Q	S	T	A	V	L	I	F	Y	W	H	M	C	P
0	0.01619	0.01515	0.01323	0.01194	0.01470	0.24841	0.00971	0.27350	0.01769	0.02132	0.01692	0.02856	0.01606	0.00909	0.00592	0.00184	0.00672	0.26183	0.00443	0.00678
1	0.01604	0.00877	0.01094	0.00832	0.01217	0.00719	0.00656	0.01796	0.01242	0.33332	0.01540	0.01745	0.01178	0.11811	0.00783	0.00177	0.00439	0.00475	0.00463	0.38021
2	0.02408	0.00914	0.01246	0.00955	0.01370	0.00789	0.00789	0.02616	0.01536	0.78158	0.02118	0.01827	0.01329	0.00664	0.00540	0.00166	0.00457	0.00540	0.00664	0.00914
3	0.01416	0.14704	0.17191	0.01063	0.01592	0.01101	0.04420	0.01725	0.01202	0.16376	0.01152	0.01228	0.00858	0.00485	0.00450	0.00125	0.00542	0.00386	0.00349	0.33637
4	0.00715	0.00547	0.00655	0.00628	0.00774	0.00487	0.00471	0.00926	0.01413	0.01900	0.51633	0.04425	0.31093	0.01191	0.00634	0.00173	0.00260	0.01029	0.00558	0.00487
5	0.01267	0.01448	0.03167	0.02262	0.02805	0.01357	0.75837	0.01719	0.01267	0.01719	0.01086	0.01448	0.00814	0.00452	0.00633	0.00181	0.00905	0.00633	0.00271	0.00724
6	0.00642	0.00544	0.00554	0.00552	0.00730	0.00456	0.00414	0.00785	0.01242	0.01493	0.09877	0.05095	0.73103	0.01343	0.00634	0.00180	0.00271	0.01123	0.00504	0.00456
7	0.01335	0.01153	0.01214	0.01092	0.01396	0.01335	0.00850	0.02852	0.76817	0.02245	0.02185	0.02003	0.01639	0.00728	0.00546	0.00182	0.00425	0.00607	0.00546	0.00850
8	0.02029	0.00834	0.01135	0.00919	0.01266	0.00733	0.00757	0.02247	0.01505	0.60165	0.12741	0.02539	0.02021	0.00804	0.00572	0.00174	0.00432	0.07672	0.00638	0.00816
9	0.01077	0.02777	0.78354	0.01530	0.02323	0.01247	0.01983	0.01700	0.01133	0.01700	0.00963	0.01133	0.00680	0.00510	0.00510	0.00170	0.00793	0.00397	0.00227	0.00793
10	0.01267	0.01448	0.03167	0.02262	0.02805	0.01357	0.75837	0.01719	0.01267	0.01719	0.01086	0.01448	0.00814	0.00452	0.00633	0.00181	0.00905	0.00633	0.00271	0.00724
11	0.00645	0.00503	0.00586	0.00653	0.00754	0.00444	0.00456	0.00758	0.01119	0.01407	0.04110	0.45659	0.37933	0.01532	0.00662	0.00201	0.00293	0.01343	0.00498	0.00444
12	0.00647	0.00495	0.00594	0.00672	0.00759	0.00442	0.00465	0.00756	0.01100	0.01400	0.03873	0.52883	0.30862	0.01563	0.00666	0.00204	0.00297	0.01381	0.00498	0.00442
13	0.01376	0.01495	0.01714	0.36149	0.19570	0.23423	0.01380	0.01649	0.01221	0.01436	0.00918	0.01262	0.00738	0.00550	0.00586	0.00166	0.05013	0.00439	0.00255	0.00660
14	0.01159	0.20753	0.61095	0.01390	0.02107	0.01447	0.01740	0.01679	0.01124	0.01600	0.00914	0.01071	0.00682	0.00498	0.00472	0.00157	0.00743	0.00372	0.00227	0.00769
15	0.02283	0.01034	0.01310	0.01013	0.01425	0.00978	0.00834	0.15969	0.05799	0.60447	0.01971	0.01739	0.01270	0.00664	0.00540	0.00166	0.00479	0.00533	0.00635	0.00910
16	0.00846	0.00544	0.00737	0.00758	0.00859	0.00520	0.00549	0.01013	0.01200	0.07856	0.26046	0.39268	0.03535	0.01744	0.11622	0.00289	0.00463	0.01138	0.00511	0.00503
17	0.01359	0.34017	0.26207	0.01154	0.01672	0.01600	0.01233	0.15365	0.01364	0.01805	0.01128	0.08703	0.01002	0.00627	0.00465	0.00151	0.00621	0.00477	0.00312	0.00739
18	0.12619	0.00680	0.00876	0.10335	0.01193	0.00765	0.00671	0.00984	0.00906	0.01382	0.01678	0.26073	0.03483	0.07994	0.01214	0.19461	0.08095	0.00811	0.00343	0.00435
19	0.01415	0.01954	0.30471	0.01703	0.02306	0.01403	0.27511	0.22636	0.01572	0.02181	0.01098	0.01287	0.00793	0.00528	0.00561	0.00171	0.00775	0.00504	0.00330	0.00803
20	0.01422	0.03814	0.29919	0.01405	0.05304	0.01134	0.08468	0.07964	0.06120	0.16825	0.01543	0.10995	0.01255	0.00698	0.00550	0.00174	0.00627	0.00605	0.00397	0.00780
21	0.01126	0.09528	0.10169	0.10555	0.09979	0.11913	0.01036	0.01407	0.01299	0.01675	0.25116	0.02310	0.06452	0.00903	0.04125	0.00192	0.00600	0.00626	0.00372	0.00618

[dist]
# distance from previous block
# <min> <max>
0	9

[block]
# block no. 1 follows, 45 sequences, length 121
# corresponding to MSA columns:
# 554-568,578-598,600-618,631-663,682-714
name=unknown_B
#
# <colnr> <probs for GDERKNQSTAVLIFYWHMCP>
#	G	D	E	R	K	N	Q	S	T	A	V	L	I	F	Y	W	H	M	C	P
0	0.01169	0.01629	0.27293	0.10131	0.02026	0.04133	0.10797	0.01684	0.08515	0.06798	0.09902	0.02025	0.08583	0.00691	0.00583	0.00174	0.02206	0.00597	0.00361	0.00702
1	0.01167	0.01092	0.01725	0.10615	0.29484	0.01173	0.08005	0.03880	0.09809	0.01703	0.01681	0.10616	0.07104	0.00765	0.00692	0.00182	0.08579	0.00674	0.00345	0.00709
2	0.01238	0.01208	0.01670	0.14890	0.31121	0.08505	0.02743	0.01643	0.08882	0.01638	0.04126	0.01563	0.01107	0.00970	0.09696	0.00245	0.03700	0.00505	0.00307	0.04245
3	0.07582	0.01193	0.13989	0.00918	0.01278	0.03799	0.00846	0.01476	0.08718	0.01979	0.30384	0.02289	0.02474	0.00731	0.00520	0.00148	0.00435	0.00609	0.00429	0.20204
4	0.01720	0.02038	0.09087	0.01632	0.08044	0.35542	0.12507	0.16021	0.01595	0.01860	0.00988	0.01153	0.00768	0.00539	0.00519	0.00151	0.00819	0.00430	0.00322	0.04264
5	0.01087	0.00873	0.01505	0.07272	0.01616	0.00920	0.18221	0.01332	0.01076	0.08688	0.07309	0.02117	0.01485	0.10810	0.27225	0.00449	0.06473	0.00624	0.00340	0.00579
6	0.01424	0.10653	0.07550	0.16447	0.01943	0.27353	0.01100	0.01899	0.15290	0.01528	0.01308	0.08796	0.01141	0.00675	0.00511	0.00162	0.00698	0.00529	0.00331	0.00663
7	0.00689	0.00497	0.00606	0.00670	0.00722	0.00464	0.00440	0.00773	0.01020	0.01338	0.06872	0.45116	0.14781	0.22050	0.01201	0.00288	0.00356	0.01244	0.00459	0.00414
8	0.01011	0.00758	0.01052	0.09702	0.01372	0.00740	0.06537	0.01367	0.08470	0.09661	0.23853	0.03493	0.27859	0.00992	0.00605	0.00176	0.00400	0.00864	0.00499	0.00590
9	0.07678	0.68038	0.02541	0.00947	0.01379	0.09321	0.00905	0.01656	0.01118	0.01353	0.00754	0.00872	0.00681	0.00471	0.00357	0.00121	0.00600	0.00293	0.00242	0.00675
10	0.01094	0.05517	0.50647	0.07577	0.02234	0.01189	0.09209	0.01593	0.01162	0.03749	0.01500	0.01649	0.09337	0.00604	0.00532	0.00171	0.00722	0.00509	0.00275	0.00732
11	0.01437	0.48136	0.22588	0.01146	0.01692	0.01725	0.04351	0.03193	0.01180	0.08708	0.00958	0.01057	0.00757	0.00495	0.00423	0.00138	0.00635	0.00358	0.00278	0.00744
12	0.01077	0.02777	0.78354	0.01530	0.02323	0.01247	0.01983	0.01700	0.01133	0.01700	0.00963	0.01133	0.00680	0.00510	0.00510	0.00170	0.00793	0.00397	0.00227	0.00793
13	0.00660	0.00487	0.00619	0.00722	0.00783	0.00447	0.00498	0.00767	0.01070	0.01394	0.03382	0.64569	0.16317	0.01618	0.00679	0.00213	0.00312	0.04524	0.00498	0.00441
14	0.01552	0.08179	0.10454	0.01439	0.01802	0.32194	0.13792	0.03214	0.03222	0.03676	0.06852	0.01369	0.01094	0.00611	0.00638	0.00161	0.08303	0.00470	0.00309	0.00671
15	0.01120	0.17117	0.36813	0.01404	0.01958	0.01320	0.14061	0.01541	0.01095	0.01528	0.01040	0.01369	0.00850	0.04042	0.12207	0.00277	0.00856	0.00457	0.00248	0.00698
16	0.00784	0.00600	0.00896	0.00886	0.00978	0.00712	0.00692	0.00973	0.00861	0.01248	0.01407	0.02069	0.01315	0.03896	0.75748	0.00836	0.04760	0.00571	0.00285	0.00484
17	0.01190	0.01134	0.01929	0.36901	0.45261	0.01239	0.01579	0.01526	0.01157	0.01586	0.00985	0.01374	0.00791	0.00504	0.00534	0.00168	0.00672	0.00478	0.00254	0.00739
18	0.00989	0.00624	0.00734	0.00674	0.00876	0.00550	0.00516	0.02996	0.01373	0.14019	0.23703	0.08617	0.39944	0.01179	0.00619	0.00177	0.00307	0.01001	0.00551	0.00552
19	0.01457	0.01400	0.01992	0.20718	0.18711	0.09171	0.15152	0.17042	0.05490	0.01973	0.01112	0.01366	0.00850	0.00542	0.00549	0.00168	0.00718	0.00501	0.00332	0.00756
20	0.01271	0.01217	0.02075	0.17298	0.64234	0.01260	0.01619	0.01597	0.01195	0.01684	0.01000	0.01347	0.00826	0.00489	0.00532	0.00163	0.00652	0.00478	0.00261	0.00804
21	0.01014	0.00954	0.01610	0.79845	0.03697	0.01193	0.01491	0.01371	0.01073	0.01371	0.00954	0.01431	0.00716	0.00537	0.00537	0.00179	0.00716	0.00477	0.00239	0.00596
22	0.01329	0.01275	0.02179	0.03295	0.77787	0.01275	0.01647	0.01647	0.01222	0.01754	0.01010	0.01329	0.00850	0.00478	0.00531	0.00159	0.00638	0.00478	0.00266	0.00850
23	0.01133	0.15064	0.66557	0.01434	0.02176	0.01384	0.01817	0.01685	0.01127	0.01632	0.00929	0.01091	0.00681	0.00502	0.00484	0.00161	0.00759	0.00380	0.00227	0.00777
24	0.00778	0.00531	0.00637	0.00637	0.00655	0.00549	0.00390	0.00814	0.00796	0.01079	0.01644	0.03250	0.01837	0.66707	0.17005	0.00584	0.00692	0.00742	0.00318	0.00354
25	0.01077	0.02777	0.78354	0.01530	0.02323	0.01247	0.01983	0.01700	0.01133	0.01700	0.00963	0.01133	0.00680	0.00510	0.00510	0.00170	0.00793	0.00397	0.00227	0.00793
26	0.01401	0.74020	0.09954	0.00976	0.01467	0.02041	0.01019	0.01616	0.01095	0.01304	0.00767	0.00887	0.00688	0.00464	0.00360	0.00120	0.00595	0.00297	0.00229	0.00699
27	0.01533	0.01187	0.01629	0.09266	0.26932	0.01263	0.01195	0.17319	0.16342	0.10502	0.01578	0.01791	0.02649	0.00647	0.00548	0.00171	0.00561	0.03634	0.00432	0.00823
28	0.00656	0.00519	0.00591	0.00626	0.00752	0.00454	0.00449	0.00793	0.01196	0.01510	0.13437	0.29761	0.44493	0.01433	0.00651	0.00192	0.00283	0.01242	0.00510	0.00454
29	0.00980	0.00908	0.01517	0.72368	0.03421	0.01121	0.01397	0.01313	0.01069	0.01371	0.01144	0.08933	0.00984	0.00645	0.00551	0.00183	0.00677	0.00576	0.00263	0.00581
30	0.01216	0.01114	0.01801	0.46732	0.28361	0.01265	0.01499	0.08519	0.01260	0.01690	0.01004	0.01383	0.00779	0.00527	0.00535	0.00171	0.00678	0.00478	0.00276	0.00711
31	0.01200	0.01233	0.02363	0.28585	0.24465	0.01279	0.29760	0.01582	0.01189	0.01612	0.01020	0.01408	0.00791	0.00488	0.00572	0.00174	0.00765	0.00537	0.00259	0.00717
32	0.01048	0.00979	0.01608	0.66386	0.09262	0.01154	0.01422	0.01391	0.01089	0.01437	0.00958	0.01393	0.00734	0.00519	0.00523	0.00168	0.00679	0.00462	0.00248	0.08540
33	0.00992	0.00839	0.01202	0.01091	0.01123	0.01093	0.00871	0.01067	0.00812	0.01208	0.00994	0.01575	0.00962	0.02151	0.27741	0.16462	0.38577	0.00504	0.00252	0.00484
34	0.01157	0.00957	0.01461	0.01441	0.09894	0.01108	0.06831	0.01336	0.01054	0.08688	0.01650	0.22275	0.01708	0.01058	0.01063	0.00212	0.30732	0.06394	0.00370	0.00612
35	0.08614	0.00591	0.00584	0.00585	0.00773	0.00531	0.00447	0.00861	0.01189	0.01545	0.04802	0.07162	0.64691	0.01294	0.00612	0.00184	0.00296	0.04289	0.00483	0.00467
36	0.39889	0.01309	0.01228	0.08434	0.01570	0.06606	0.00865	0.29906	0.01582	0.02608	0.00978	0.01090	0.00728	0.00561	0.00440	0.00164	0.00548	0.00385	0.00398	0.00712
37	0.01152	0.00969	0.01036	0.00963	0.01198	0.01088	0.00726	0.02258	0.55218	0.01971	0.02479	0.11227	0.07821	0.08486	0.00775	0.00218	0.00409	0.00768	0.00516	0.00723
38	0.00845	0.00523	0.00785	0.00785	0.00836	0.00574	0.00574	0.00836	0.00785	0.01097	0.01198	0.01883	0.01148	0.03001	0.42540	0.40465	0.00977	0.00523	0.00262	0.00363
39	0.00638	0.00529	0.00559	0.00583	0.00735	0.00450	0.00425	0.00766	0.01186	0.01435	0.04966	0.19559	0.63480	0.01421	0.00644	0.00188	0.00279	0.01208	0.00498	0.00450
40	0.01437	0.01543	0.09265	0.02747	0.56163	0.07393	0.01561	0.10029	0.01383	0.01897	0.01023	0.01277	0.00829	0.00506	0.00526	0.00159	0.00673	0.00461	0.00293	0.00834
41	0.00767	0.00575	0.00863	0.00863	0.00959	0.00671	0.00671	0.00959	0.00863	0.01246	0.01438	0.02109	0.01342	0.04026	0.79008	0.00863	0.01438	0.00575	0.00288	0.00479
42	0.14269	0.00931	0.01180	0.00919	0.01323	0.00849	0.00759	0.02467	0.01447	0.67271	0.01921	0.01690	0.01221	0.00641	0.00510	0.00166	0.00451	0.00504	0.00617	0.00866
43	0.00916	0.01030	0.10608	0.01505	0.15877	0.00814	0.10369	0.01172	0.01143	0.01574	0.06402	0.38581	0.05555	0.01110	0.00623	0.00192	0.00501	0.01030	0.00398	0.00599
44	0.00932	0.00466	0.00699	0.00699	0.00699	0.00466	0.00466	0.00699	0.00699	0.00932	0.00932	0.01632	0.00932	0.01865	0.02098	0.84382	0.00466	0.00466	0.00233	0.00233
45	0.01077	0.02777	0.78354	0.01530	0.02323	0.01247	0.01983	0.01700	0.01133	0.01700	0.00963	0.01133	0.00680	0.00510	0.00510	0.00170	0.00793	0.00397	0.00227	0.00793
46	0.01650	0.00826	0.01020	0.00836	0.01147	0.00755	0.00671	0.10112	0.01552	0.38128	0.12562	0.04188	0.22401	0.00921	0.00579	0.00171	0.00394	0.00764	0.00593	0.00730
47	0.01528	0.01312	0.01667	0.01888	0.27080	0.15458	0.08155	0.01765	0.01321	0.16421	0.01763	0.10580	0.07213	0.00730	0.00559	0.00167	0.00624	0.00649	0.00390	0.00731
48	0.09176	0.01409	0.02943	0.02115	0.02638	0.01343	0.68723	0.01706	0.01234	0.01785	0.01054	0.01394	0.00792	0.00457	0.00605	0.00180	0.00859	0.00601	0.00277	0.00710
49	0.01287	0.01474	0.07928	0.10180	0.34102	0.12519	0.11310	0.01598	0.01227	0.01596	0.01217	0.10769	0.01118	0.00638	0.00555	0.00169	0.00703	0.00598	0.00290	0.00721
50	0.01425	0.56252	0.18373	0.01098	0.01606	0.10560	0.01153	0.01687	0.01148	0.01359	0.00801	0.00930	0.00687	0.00480	0.00395	0.00129	0.00664	0.00316	0.00234	0.00703
51	0.00719	0.00537	0.00595	0.00598	0.00685	0.00506	0.00399	0.00797	0.00986	0.01243	0.03294	0.04162	0.34183	0.39397	0.07760	0.00397	0.00486	0.02461	0.00400	0.00395
52	0.01176	0.01296	0.07584	0.46239	0.21229	0.07282	0.01498	0.01523	0.01150	0.01499	0.00958	0.01335	0.00747	0.00517	0.00524	0.00167	0.00710	0.00455	0.00250	0.03861
53	0.01125	0.01134	0.01600	0.71046	0.03469	0.09916	0.01440	0.01458	0.01124	0.01365	0.00940	0.01379	0.00713	0.00539	0.00531	0.00174	0.00744	0.00462	0.00243	0.00599
54	0.03346	0.00923	0.01157	0.00909	0.01273	0.00864	0.00744	0.12407	0.01589	0.53268	0.01919	0.01770	0.01269	0.00652	0.00507	0.00158	0.00438	0.00521	0.15450	0.00835
55	0.01014	0.00954	0.01610	0.79845	0.03697	0.01193	0.01491	0.01371	0.01073	0.01371	0.00954	0.01431	0.00716	0.00537	0.00537	0.00179	0.00716	0.00477	0.00239	0.00596
56	0.02041	0.01504	0.01611	0.01235	0.01665	0.01665	0.01020	0.75997	0.02524	0.03383	0.01289	0.01289	0.00913	0.00644	0.00537	0.00161	0.00591	0.00483	0.00537	0.00913
57	0.00686	0.00546	0.00615	0.00597	0.00756	0.00475	0.00448	0.00869	0.01344	0.01737	0.34834	0.04694	0.47994	0.01253	0.00634	0.00176	0.00264	0.01067	0.00536	0.00475
58	0.00778	0.00519	0.00586	0.00589	0.00590	0.00519	0.00329	0.00780	0.00786	0.01048	0.01718	0.05141	0.01985	0.79461	0.02689	0.00514	0.00516	0.00796	0.00329	0.00328
59	0.01077	0.02777	0.78354	0.01530	0.02323	0.01247	0.01983	0.01700	0.01133	0.01700	0.00963	0.01133	0.00680	0.00510	0.00510	0.00170	0.00793	0.00397	0.00227	0.00793
60	0.01014	0.00954	0.01610	0.79845	0.03697	0.01193	0.01491	0.01371	0.01073	0.01371	0.00954	0.01431	0.00716	0.00537	0.00537	0.00179	0.00716	0.00477	0.00239	0.00596
61	0.19463	0.00939	0.01151	0.00904	0.01302	0.00875	0.00746	0.02401	0.01408	0.62503	0.01835	0.01630	0.01174	0.00630	0.00497	0.00166	0.00448	0.00488	0.00596	0.00845
62	0.00652	0.00476	0.00614	0.00725	0.00773	0.00438	0.00488	0.00750	0.01050	0.01379	0.03237	0.72305	0.11851	0.01646	0.00679	0.00214	0.00307	0.01482	0.00498	0.00438
63	0.03167	0.01687	0.01655	0.01558	0.08841	0.36328	0.14900	0.01664	0.01312	0.01467	0.01414	0.20646	0.01428	0.00803	0.00563	0.00168	0.00753	0.00700	0.00330	0.00616
64	0.00869	0.00581	0.00703	0.00653	0.00827	0.00513	0.00496	0.01074	0.01411	0.09076	0.43510	0.04234	0.31742	0.01154	0.00625	0.00173	0.00279	0.00990	0.00563	0.00525
65	0.01546	0.63606	0.04030	0.01026	0.01455	0.17991	0.00964	0.01720	0.01181	0.01282	0.00768	0.00889	0.00689	0.00480	0.00377	0.00121	0.00660	0.00301	0.00239	0.00677
66	0.00882	0.00642	0.00904	0.00846	0.01006	0.00676	0.00657	0.01074	0.00923	0.04313	0.01403	0.02005	0.01284	0.06292	0.61519	0.00708	0.01212	0.00544	0.00308	0.12800
67	0.01393	0.01801	0.16476	0.01611	0.05192	0.15738	0.19602	0.02172	0.26633	0.01818	0.01380	0.01480	0.01044	0.00576	0.00549	0.00170	0.00723	0.00520	0.00356	0.00766
68	0.02005	0.02558	0.01521	0.01383	0.01659	0.78980	0.01037	0.02143	0.01521	0.01314	0.00830	0.00968	0.00691	0.00553	0.00484	0.00138	0.00968	0.00346	0.00277	0.00622
69	0.01205	0.00914	0.01222	0.03760	0.16043	0.00921	0.00875	0.03566	0.17755	0.09273	0.27177	0.02593	0.06146	0.00801	0.00567	0.00165	0.00416	0.00699	0.00493	0.05408
70	0.01590	0.01885	0.08681	0.10062	0.01834	0.35218	0.01093	0.10235	0.11952	0.01767	0.04277	0.01502	0.04029	0.00630	0.00516	0.00156	0.00735	0.00471	0.00356	0.03010
71	0.00651	0.00496	0.00599	0.00676	0.00761	0.00444	0.00468	0.00764	0.01110	0.01422	0.06132	0.52647	0.28791	0.01554	0.00666	0.00204	0.00296	0.01375	0.00501	0.00444
72	0.00932	0.00466	0.00699	0.00699	0.00699	0.00466	0.00466	0.00699	0.00699	0.00932	0.00932	0.01632	0.00932	0.01865	0.02098	0.84382	0.00466	0.00466	0.00233	0.00233
73	0.00914	0.00828	0.01030	0.15941	0.01527	0.08078	0.03932	0.03125	0.01135	0.01436	0.02250	0.52584	0.02552	0.01276	0.00632	0.00200	0.00483	0.01148	0.00419	0.00509
74	0.01198	0.01347	0.10570	0.27513	0.43319	0.01248	0.03953	0.01567	0.01166	0.01625	0.00989	0.01343	0.00787	0.00500	0.00534	0.00168	0.00688	0.00474	0.00253	0.00759
75	0.00767	0.00575	0.00863	0.00863	0.00959	0.00671	0.00671	0.00959	0.00863	0.01246	0.01438	0.02109	0.01342	0.04026	0.79008	0.00863	0.01438	0.00575	0.00288	0.00479
76	0.00637	0.00544	0.00547	0.00546	0.00727	0.00454	0.00410	0.00775	0.01229	0.01463	0.06809	0.05144	0.76190	0.01354	0.00634	0.00181	0.00272	0.01130	0.00500	0.00454
77	0.01153	0.11467	0.55188	0.01649	0.10606	0.01381	0.01761	0.01652	0.01114	0.01624	0.00924	0.01127	0.00702	0.00534	0.00591	0.00168	0.06957	0.00399	0.00232	0.00772
78	0.00922	0.00714	0.00872	0.00879	0.01041	0.00741	0.00696	0.01474	0.20601	0.01903	0.25296	0.12753	0.05887	0.01192	0.00649	0.00201	0.00376	0.22684	0.00537	0.00581
79	0.01077	0.02777	0.78354	0.01530	0.02323	0.01247	0.01983	0.01700	0.01133	0.01700	0.00963	0.01133	0.00680	0.00510	0.00510	0.00170	0.00793	0.00397	0.00227	0.00793
80	0.00871	0.00627	0.00767	0.00799	0.00932	0.00604	0.00607	0.08126	0.01287	0.03518	0.06434	0.37352	0.19143	0.01425	0.00665	0.00207	0.00366	0.15250	0.00509	0.00511
81	0.01174	0.01057	0.01560	0.03914	0.33298	0.01102	0.03467	0.01804	0.22524	0.01882	0.09901	0.07890	0.04079	0.00764	0.00571	0.00176	0.00507	0.03169	0.00411	0.00749
82	0.01766	0.02176	0.01452	0.01308	0.01565	0.62813	0.03493	0.01929	0.01450	0.01387	0.06892	0.01330	0.01099	0.00921	0.07924	0.00211	0.00954	0.00426	0.00302	0.00603
83	0.17217	0.01372	0.09115	0.02635	0.56044	0.01259	0.01476	0.01639	0.01155	0.01873	0.00955	0.01223	0.00783	0.00485	0.00491	0.00162	0.00610	0.00435	0.00275	0.00794
84	0.01652	0.01970	0.01251	0.01153	0.01350	0.56345	0.00832	0.01750	0.01308	0.01235	0.01078	0.01702	0.01055	0.23800	0.01133	0.00249	0.00839	0.00471	0.00291	0.00537
85	0.00667	0.00542	0.00592	0.00586	0.00747	0.00466	0.00437	0.00832	0.01291	0.01628	0.23880	0.08060	0.55786	0.01306	0.00636	0.00180	0.00269	0.01108	0.00522	0.00466
86	0.01973	0.02477	0.01500	0.01358	0.01637	0.74664	0.01021	0.04418	0.01545	0.01382	0.00956	0.01080	0.02559	0.00576	0.00489	0.00140	0.00939	0.00369	0.00290	0.00627
87	0.08547	0.01540	0.01508	0.01189	0.01592	0.10231	0.00970	0.56244	0.02209	0.08833	0.01259	0.01262	0.00894	0.00624	0.00515	0.00159	0.00609	0.00457	0.00502	0.00854
88	0.02195	0.00851	0.01133	0.00886	0.01257	0.00745	0.00726	0.02409	0.01474	0.66601	0.02062	0.01853	0.01336	0.00658	0.00515	0.00160	0.00425	0.00534	0.13328	0.00851
89	0.01014	0.00954	0.01610	0.79845	0.03697	0.01193	0.01491	0.01371	0.01073	0.01371	0.00954	0.01431	0.00716	0.00537	0.00537	0.00179	0.00716	0.00477	0.00239	0.00596
90	0.02005	0.02558	0.01521	0.01383	0.01659	0.78980	0.01037	0.02143	0.01521	0.01314	0.00830	0.00968	0.00691	0.00553	0.00484	0.00138	0.00968	0.00346	0.00277	0.00622
91	0.00654	0.00467	0.00623	0.00747	0.00779	0.00436	0.00498	0.00747	0.01028	0.01370	0.02959	0.80785	0.03550	0.01682	0.00685	0.00218	0.00311	0.01526	0.00498	0.00436
92	0.00750	0.00516	0.00633	0.00661	0.00682	0.00523	0.00413	0.00798	0.00848	0.01144	0.01940	0.20681	0.02224	0.52306	0.13124	0.00501	0.00604	0.00919	0.00359	0.00372
93	0.01238	0.38180	0.44363	0.01255	0.01898	0.01641	0.01504	0.01658	0.01114	0.01503	0.00866	0.01011	0.00684	0.00487	0.00435	0.00145	0.00695	0.00347	0.00228	0.00746
94	0.01014	0.00954	0.01610	0.79845	0.03697	0.01193	0.01491	0.01371	0.01073	0.01371	0.00954	0.01431	0.00716	0.00537	0.00537	0.00179	0.00716	0.00477	0.00239	0.00596
95	0.01036	0.00610	0.00806	0.00722	0.00897	0.00554	0.00554	0.01281	0.01522	0.14878	0.64882	0.03644	0.04439	0.01025	0.00617	0.00168	0.00287	0.00899	0.00603	0.00575
96	0.00984	0.00739	0.00847	0.00785	0.00969	0.00777	0.00599	0.01651	0.26088	0.02160	0.41373	0.03048	0.03384	0.00905	0.00566	0.00167	0.00309	0.00780	0.13251	0.00618
97	0.04568	0.00829	0.01203	0.01344	0.14314	0.00875	0.04972	0.04741	0.01142	0.03563	0.01935	0.35694	0.02061	0.01078	0.00716	0.00191	0.09368	0.00935	0.09883	0.00588
98	0.00664	0.00479	0.00643	0.00753	0.00794	0.00459	0.00512	0.00768	0.01018	0.01361	0.02884	0.71252	0.05393	0.01894	0.08088	0.00278	0.00417	0.01425	0.00478	0.00441
99	0.00654	0.00467	0.00623	0.00747	0.00779	0.00436	0.00498	0.00747	0.01028	0.01370	0.02959	0.80785	0.03550	0.01682	0.00685	0.00218	0.00311	0.01526	0.00498	0.00436
100	0.01113	0.00954	0.01113	0.00795	0.01272	0.00716	0.00636	0.01352	0.01113	0.01749	0.00954	0.01113	0.00795	0.00398	0.00398	0.00080	0.00398	0.00318	0.00318	0.84417
101	0.00916	0.00809	0.01304	0.53332	0.02754	0.00959	0.01197	0.01203	0.01084	0.01399	0.01654	0.18543	0.02826	0.00894	0.00592	0.00195	0.00600	0.08867	0.00325	0.00549
102	0.00937	0.01480	0.27222	0.01254	0.01704	0.00916	0.16476	0.01325	0.01260	0.01727	0.17161	0.02821	0.21775	0.00837	0.00592	0.00175	0.00573	0.00751	0.00379	0.00633
103	0.01572	0.43048	0.13843	0.01167	0.01616	0.27775	0.01120	0.01801	0.01242	0.01346	0.00807	0.00938	0.00688	0.00498	0.00416	0.00131	0.00739	0.00323	0.00245	0.00682
104	0.01014	0.01409	0.18486	0.01420	0.01824	0.01086	0.24226	0.01378	0.02601	0.01581	0.02405	0.02529	0.25076	0.00824	0.00759	0.00186	0.11507	0.00717	0.00334	0.00637
105	0.00781	0.00520	0.00585	0.00585	0.00585	0.00520	0.00325	0.00781	0.00781	0.01041	0.01691	0.03513	0.01952	0.81135	0.02732	0.00520	0.00520	0.00781	0.00325	0.00325
106	0.00932	0.00466	0.00699	0.00699	0.00699	0.00466	0.00466	0.00699	0.00699	0.00932	0.00932	0.01632	0.00932	0.01865	0.02098	0.84382	0.00466	0.00466	0.00233	0.00233
107	0.00935	0.00777	0.01146	0.01532	0.26557	0.00773	0.00829	0.01085	0.01010	0.01377	0.01978	0.10132	0.10153	0.30012	0.09089	0.00366	0.00603	0.00769	0.00337	0.00541
108	0.01274	0.01220	0.02081	0.16518	0.64989	0.01261	0.01620	0.01600	0.01197	0.01688	0.01000	0.01346	0.00827	0.00488	0.00532	0.00163	0.00651	0.00478	0.00261	0.00806
109	0.00767	0.00575	0.00863	0.00863	0.00959	0.00671	0.00671	0.00959	0.00863	0.01246	0.01438	0.02109	0.01342	0.04026	0.79008	0.00863	0.01438	0.00575	0.00288	0.00479
110	0.02080	0.00871	0.01128	0.00888	0.01255	0.00775	0.00726	0.06156	0.01521	0.59674	0.02418	0.02187	0.09860	0.00738	0.00537	0.00164	0.00427	0.00600	0.07165	0.00830
111	0.01143	0.01160	0.01838	0.01509	0.01615	0.01475	0.15322	0.01322	0.00926	0.01381	0.00990	0.08752	0.00995	0.00917	0.01445	0.00223	0.57521	0.00601	0.00267	0.00599
112	0.00771	0.00540	0.00705	0.00795	0.00853	0.00530	0.00591	0.00897	0.01038	0.01369	0.02559	0.30414	0.02925	0.23869	0.01280	0.00314	0.00440	0.29236	0.00448	0.00427
113	0.01077	0.02777	0.78354	0.01530	0.02323	0.01247	0.01983	0.01700	0.01133	0.01700	0.00963	0.01133	0.00680	0.00510	0.00510	0.00170	0.00793	0.00397	0.00227	0.00793
114	0.01029	0.02518	0.69637	0.01442	0.02150	0.01156	0.01817	0.01593	0.01121	0.01663	0.01187	0.10065	0.01002	0.00641	0.00530	0.00175	0.00739	0.00523	0.00257	0.00753
115	0.00708	0.00571	0.00638	0.00676	0.00810	0.00530	0.00485	0.00958	0.08292	0.01494	0.04154	0.34655	0.41233	0.01427	0.00646	0.00196	0.00302	0.01238	0.00503	0.00484
116	0.00664	0.00475	0.00632	0.00741	0.00781	0.00443	0.00499	0.00773	0.01074	0.01444	0.10006	0.73527	0.03693	0.01626	0.00680	0.00213	0.00306	0.01474	0.00507	0.00443
117	0.41169	0.01533	0.01168	0.01207	0.09821	0.27250	0.00838	0.01750	0.01169	0.01936	0.00883	0.01044	0.00711	0.00524	0.00409	0.00153	0.00613	0.00347	0.06858	0.00619
118	0.02005	0.02558	0.01521	0.01383	0.01659	0.78980	0.01037	0.02143	0.01521	0.01314	0.00830	0.00968	0.00691	0.00553	0.00484	0.00138	0.00968	0.00346	0.00277	0.00622
119	0.00770	0.00561	0.00791	0.00791	0.00862	0.00632	0.00581	0.00912	0.00841	0.01193	0.01504	0.02473	0.01500	0.24005	0.59245	0.00774	0.01200	0.00628	0.00297	0.00439
120	0.01395	0.00784	0.01119	0.00911	0.01197	0.00703	0.07719	0.03450	0.01451	0.28940	0.24232	0.04797	0.19137	0.00941	0.00599	0.00173	0.00401	0.00821	0.00563	0.00668

[dist]
# distance from previous block
# <min> <max>
0	18

[block]
# block no. 2 follows, 45 sequences, length 7
# corresponding to MSA columns:
# 733-739
name=unknown_C
#
# <colnr> <probs for GDERKNQSTAVLIFYWHMCP>
#	G	D	E	R	K	N	Q	S	T	A	V	L	I	F	Y	W	H	M	C	P
0	0.30406	0.01833	0.01236	0.01098	0.01411	0.42598	0.00850	0.02009	0.01315	0.11310	0.00963	0.01043	0.00734	0.00548	0.00439	0.00151	0.00715	0.00351	0.00344	0.00645
1	0.01919	0.00875	0.01115	0.00900	0.01237	0.00818	0.00727	0.05710	0.09103	0.49176	0.12695	0.02144	0.01872	0.00727	0.00538	0.00164	0.00412	0.00601	0.08457	0.00811
2	0.01014	0.00954	0.01610	0.79845	0.03697	0.01193	0.01491	0.01371	0.01073	0.01371	0.00954	0.01431	0.00716	0.00537	0.00537	0.00179	0.00716	0.00477	0.00239	0.00596
3	0.01670	0.01751	0.01482	0.01425	0.08001	0.35585	0.01030	0.10934	0.08634	0.04394	0.01136	0.01324	0.00924	0.01035	0.10062	0.00245	0.08891	0.00446	0.00344	0.00688
4	0.00680	0.00546	0.00607	0.00592	0.00753	0.00473	0.00444	0.00858	0.01331	0.01705	0.31586	0.04746	0.51261	0.01264	0.00634	0.00177	0.00265	0.01074	0.00532	0.00473
5	0.00772	0.00557	0.00769	0.00769	0.00832	0.00620	0.00554	0.00898	0.00835	0.01176	0.01524	0.02586	0.01549	0.30215	0.53102	0.00746	0.01126	0.00645	0.00300	0.00427
6	0.07830	0.09102	0.54906	0.08051	0.06610	0.01315	0.01720	0.01652	0.01112	0.01695	0.00929	0.01125	0.00686	0.00505	0.00485	0.00165	0.00729	0.00390	0.00239	0.00754

[dist]
# distance from previous block
# <min> <max>
0	8

[block]
# block no. 3 follows, 45 sequences, length 42
# corresponding to MSA columns:
# 748-770,777-794,799
name=unknown_D
#
# <colnr> <probs for GDERKNQSTAVLIFYWHMCP>
#	G	D	E	R	K	N	Q	S	T	A	V	L	I	F	Y	W	H	M	C	P
0	0.01077	0.01019	0.01725	0.64429	0.18618	0.01209	0.01522	0.01427	0.01103	0.01448	0.00965	0.01410	0.00743	0.00525	0.00536	0.00175	0.00700	0.00477	0.00244	0.00647
1	0.00932	0.00466	0.00699	0.00699	0.00699	0.00466	0.00466	0.00699	0.00699	0.00932	0.00932	0.01632	0.00932	0.01865	0.02098	0.84382	0.00466	0.00466	0.00233	0.00233
2	0.00756	0.00578	0.00713	0.00763	0.00911	0.00535	0.00628	0.00959	0.01271	0.01621	0.14590	0.05401	0.33611	0.01378	0.00682	0.00209	0.00369	0.34034	0.00510	0.00479
3	0.01196	0.07157	0.30379	0.02167	0.30569	0.01284	0.09773	0.01646	0.02732	0.01690	0.01262	0.01473	0.05200	0.00542	0.00528	0.00164	0.00695	0.00493	0.00269	0.00782
4	0.00931	0.00470	0.00683	0.00683	0.00691	0.00470	0.00456	0.00735	0.00728	0.01000	0.01009	0.01721	0.00995	0.04641	0.02018	0.76342	0.00455	0.00480	0.05239	0.00252
5	0.01659	0.01805	0.01868	0.02357	0.40946	0.32225	0.01351	0.08244	0.01453	0.01719	0.00962	0.01182	0.00792	0.00522	0.00513	0.00151	0.00765	0.00426	0.00293	0.00765
6	0.00947	0.00811	0.00915	0.00708	0.01082	0.00624	0.00557	0.01149	0.01152	0.01645	0.02514	0.02523	0.27500	0.00732	0.00480	0.00115	0.00354	0.00601	0.00381	0.55211
7	0.05547	0.46642	0.08582	0.01043	0.01511	0.03542	0.01009	0.18540	0.01446	0.06256	0.00968	0.01039	0.00771	0.00521	0.00416	0.00136	0.00591	0.00357	0.00330	0.00755
8	0.01180	0.32124	0.31220	0.01101	0.01667	0.01430	0.01238	0.01532	0.01122	0.01520	0.01265	0.01374	0.07319	0.00547	0.00441	0.00136	0.00605	0.00406	0.00265	0.13508
9	0.01444	0.01290	0.01708	0.07340	0.34593	0.04981	0.01255	0.13996	0.20502	0.02105	0.01368	0.01508	0.01063	0.00581	0.00528	0.00164	0.00582	0.00506	0.03664	0.00819
10	0.21360	0.01036	0.01142	0.00919	0.01276	0.01062	0.00751	0.20687	0.01624	0.29862	0.09636	0.01857	0.05117	0.00699	0.00505	0.00166	0.00451	0.00541	0.00539	0.00771
11	0.00846	0.00507	0.00693	0.00693	0.00712	0.00526	0.00458	0.00780	0.00760	0.01033	0.01298	0.02382	0.01369	0.29873	0.17807	0.38392	0.00681	0.00598	0.00276	0.00315
12	0.00769	0.00564	0.00732	0.00825	0.00926	0.00541	0.00645	0.02676	0.01177	0.01526	0.03251	0.37090	0.14617	0.01527	0.00697	0.00223	0.00386	0.30855	0.00498	0.00473
13	0.01084	0.00794	0.01134	0.00979	0.01186	0.00795	0.12067	0.12663	0.01344	0.01966	0.03675	0.26444	0.02031	0.00968	0.00553	0.00173	0.00430	0.03199	0.27938	0.00578
14	0.00767	0.00575	0.00863	0.00863	0.00959	0.00671	0.00671	0.00959	0.00863	0.01246	0.01438	0.02109	0.01342	0.04026	0.79008	0.00863	0.01438	0.00575	0.00288	0.00479
15	0.00863	0.00691	0.00725	0.00663	0.00877	0.00644	0.00512	0.12296	0.01454	0.01820	0.12451	0.04451	0.58157	0.01222	0.00619	0.00177	0.00319	0.01016	0.00514	0.00529
16	0.01416	0.01512	0.01783	0.02213	0.36364	0.20890	0.01308	0.01637	0.01185	0.01504	0.00946	0.01282	0.00829	0.00926	0.08261	0.00236	0.16284	0.00452	0.00265	0.00706
17	0.00781	0.00520	0.00585	0.00585	0.00585	0.00520	0.00325	0.00781	0.00781	0.01041	0.01691	0.03513	0.01952	0.81135	0.02732	0.00520	0.00520	0.00781	0.00325	0.00325
18	0.01077	0.02777	0.78354	0.01530	0.02323	0.01247	0.01983	0.01700	0.01133	0.01700	0.00963	0.01133	0.00680	0.00510	0.00510	0.00170	0.00793	0.00397	0.00227	0.00793
19	0.01077	0.02777	0.78354	0.01530	0.02323	0.01247	0.01983	0.01700	0.01133	0.01700	0.00963	0.01133	0.00680	0.00510	0.00510	0.00170	0.00793	0.00397	0.00227	0.00793
20	0.01023	0.01233	0.13342	0.67873	0.03487	0.01201	0.01566	0.01422	0.01083	0.01422	0.00955	0.01386	0.00710	0.00533	0.00533	0.00178	0.00727	0.00465	0.00237	0.00626
21	0.01029	0.00556	0.00562	0.00551	0.00692	0.00572	0.00416	0.01389	0.07640	0.02022	0.01788	0.02001	0.01398	0.00634	0.00390	0.00130	0.00265	0.00509	0.76923	0.00530
22	0.36274	0.01333	0.01452	0.08840	0.28062	0.12492	0.01100	0.01665	0.01123	0.01929	0.00869	0.01095	0.00703	0.00503	0.00442	0.00161	0.00600	0.00381	0.00293	0.00682
23	0.01077	0.02777	0.78354	0.01530	0.02323	0.01247	0.01983	0.01700	0.01133	0.01700	0.00963	0.01133	0.00680	0.00510	0.00510	0.00170	0.00793	0.00397	0.00227	0.00793
24	0.00644	0.00518	0.00574	0.00615	0.00745	0.00449	0.00440	0.00769	0.01166	0.01441	0.06406	0.30209	0.51227	0.01460	0.00651	0.00193	0.00285	0.01259	0.00501	0.00449
25	0.03127	0.26740	0.17810	0.01483	0.07897	0.23718	0.07672	0.02951	0.01267	0.01501	0.00873	0.01042	0.00713	0.00501	0.00461	0.00144	0.00762	0.00374	0.00256	0.00709
26	0.01405	0.01294	0.01706	0.29994	0.24516	0.10338	0.01341	0.12960	0.01403	0.04235	0.01141	0.05188	0.00939	0.00598	0.00536	0.00167	0.00675	0.00516	0.00323	0.00724
27	0.01635	0.00686	0.00836	0.00705	0.00961	0.00630	0.00562	0.01866	0.01311	0.36295	0.01916	0.01923	0.01355	0.00643	0.00449	0.00144	0.00343	0.00518	0.46538	0.00686
28	0.01014	0.00954	0.01610	0.79845	0.03697	0.01193	0.01491	0.01371	0.01073	0.01371	0.00954	0.01431	0.00716	0.00537	0.00537	0.00179	0.00716	0.00477	0.00239	0.00596
29	0.05393	0.04894	0.32817	0.07249	0.11151	0.12169	0.09648	0.04905	0.01268	0.04162	0.00995	0.01195	0.00745	0.00516	0.00512	0.00163	0.00761	0.00430	0.00276	0.00750
30	0.00686	0.00546	0.00615	0.00598	0.00757	0.00475	0.00448	0.00870	0.01345	0.01738	0.34933	0.04693	0.47894	0.01252	0.00634	0.00176	0.00264	0.01067	0.00536	0.00475
31	0.00783	0.00531	0.00631	0.00661	0.00683	0.00528	0.00423	0.00828	0.00871	0.01156	0.01976	0.10552	0.02263	0.62120	0.02252	0.00453	0.00498	0.12065	0.00366	0.00361
32	0.01154	0.02203	0.48454	0.08561	0.17156	0.05811	0.01742	0.01643	0.01173	0.01647	0.01181	0.01383	0.04447	0.00550	0.00521	0.00167	0.00741	0.00452	0.00251	0.00761
33	0.01153	0.12753	0.06256	0.53527	0.08289	0.05184	0.02660	0.01487	0.01115	0.01404	0.00925	0.01302	0.00719	0.00519	0.00506	0.00166	0.00710	0.00441	0.00241	0.00642
34	0.00728	0.00516	0.00716	0.00789	0.00844	0.00529	0.00568	0.00841	0.00964	0.01310	0.02312	0.41913	0.02619	0.07699	0.24136	0.04593	0.00683	0.07394	0.00411	0.00436
35	0.04874	0.00601	0.00644	0.00659	0.00816	0.00565	0.00483	0.00998	0.07681	0.01586	0.08435	0.23978	0.44106	0.01330	0.00625	0.00189	0.00301	0.01137	0.00500	0.00492
36	0.01060	0.01363	0.23236	0.04908	0.01503	0.00937	0.01044	0.13333	0.01478	0.02052	0.28108	0.02695	0.09651	0.05454	0.00698	0.00190	0.00503	0.00707	0.00436	0.00644
37	0.01700	0.01584	0.01419	0.02538	0.02799	0.22446	0.00960	0.32047	0.10217	0.02275	0.01456	0.12052	0.01278	0.00777	0.00594	0.00168	0.03907	0.00600	0.00440	0.00743
38	0.00854	0.00755	0.01101	0.27091	0.04268	0.00860	0.00919	0.01070	0.01057	0.01373	0.02486	0.09776	0.23060	0.03161	0.12726	0.00299	0.07493	0.00780	0.00346	0.00525
39	0.01150	0.00981	0.01180	0.07620	0.01500	0.00804	0.00729	0.05044	0.01179	0.01797	0.00971	0.01149	0.00794	0.00422	0.00416	0.00092	0.00434	0.00340	0.00322	0.73074
40	0.01541	0.13555	0.01889	0.01851	0.28019	0.01498	0.01171	0.25748	0.11230	0.02252	0.01428	0.01520	0.04739	0.00604	0.00512	0.00157	0.00568	0.00499	0.00395	0.00826
41	0.00966	0.01175	0.16808	0.01190	0.01518	0.00843	0.15847	0.01332	0.03580	0.01703	0.05676	0.21018	0.03462	0.00938	0.00584	0.00183	0.00533	0.07432	0.14614	0.00599

[dist]
# distance from previous block
# <min> <max>
0	2

[block]
# block no. 4 follows, 45 sequences, length 10
# corresponding to MSA columns:
# 802-811
name=unknown_E
#
# <colnr> <probs for GDERKNQSTAVLIFYWHMCP>
#	G	D	E	R	K	N	Q	S	T	A	V	L	I	F	Y	W	H	M	C	P
0	0.01239	0.06095	0.31934	0.05236	0.03666	0.01103	0.01288	0.08789	0.01219	0.06915	0.04113	0.01605	0.01070	0.00875	0.00871	0.17090	0.02616	0.03303	0.00315	0.00658
1	0.01679	0.01122	0.01236	0.16795	0.01744	0.10421	0.00900	0.14501	0.01511	0.22381	0.01498	0.01593	0.01069	0.00612	0.00492	0.00155	0.00544	0.00485	0.20546	0.00715
2	0.00877	0.00713	0.01136	0.00955	0.01075	0.00706	0.15536	0.00990	0.00888	0.01201	0.01540	0.02935	0.01652	0.55988	0.11151	0.00492	0.00704	0.00727	0.00310	0.00423
3	0.00730	0.00540	0.00714	0.00751	0.00848	0.00534	0.00562	0.00899	0.01126	0.01520	0.17843	0.23162	0.13675	0.06105	0.19583	0.00376	0.00596	0.09513	0.00457	0.00464
4	0.01174	0.01226	0.07236	0.16152	0.50199	0.01156	0.01503	0.01493	0.01166	0.01637	0.01235	0.11058	0.01145	0.00638	0.00550	0.00171	0.00622	0.00601	0.00287	0.00751
5	0.00965	0.00568	0.00702	0.00680	0.00750	0.00565	0.00447	0.01036	0.00916	0.10078	0.01820	0.09983	0.01910	0.50103	0.13368	0.00486	0.00618	0.00778	0.03793	0.00433
6	0.07049	0.00624	0.00679	0.00623	0.00827	0.00578	0.00482	0.01277	0.01260	0.13430	0.13053	0.03302	0.29320	0.00950	0.00525	0.00160	0.00302	0.00782	0.24226	0.00553
7	0.01533	0.01190	0.01968	0.05932	0.59427	0.01174	0.01469	0.01831	0.01279	0.17089	0.01230	0.01433	0.00941	0.00518	0.00533	0.00162	0.00605	0.00491	0.00345	0.00853
8	0.00769	0.00519	0.00590	0.00590	0.00627	0.00501	0.00358	0.00769	0.00860	0.01110	0.02356	0.03627	0.17026	0.55920	0.02237	0.10172	0.00464	0.00815	0.00349	0.00340
9	0.01064	0.02410	0.62935	0.17264	0.02599	0.01236	0.01884	0.01634	0.01121	0.01634	0.00961	0.01193	0.00687	0.00515	0.00515	0.00172	0.00778	0.00413	0.00229	0.00754

[dist]
# distance from previous block
# <min> <max>
0	9

[block]
# block no. 5 follows, 45 sequences, length 15
# corresponding to MSA columns:
# 821-835
name=unknown_F
#
# <colnr> <probs for GDERKNQSTAVLIFYWHMCP>
#	G	D	E	R	K	N	Q	S	T	A	V	L	I	F	Y	W	H	M	C	P
0	0.01069	0.01431	0.20386	0.46250	0.10480	0.01173	0.01552	0.01477	0.01106	0.01522	0.00962	0.01321	0.00727	0.00512	0.00518	0.00166	0.00699	0.00444	0.00245	0.07959
1	0.01709	0.01078	0.01853	0.01391	0.01799	0.01011	0.26543	0.07129	0.01454	0.33608	0.08204	0.01873	0.01449	0.00912	0.07204	0.00230	0.00685	0.00609	0.00482	0.00776
2	0.09146	0.00743	0.00840	0.00730	0.00969	0.00718	0.00572	0.07900	0.01346	0.18980	0.10025	0.02736	0.20206	0.00955	0.00656	0.07272	0.00365	0.00686	0.14553	0.00603
3	0.00882	0.00579	0.00727	0.00701	0.00814	0.00578	0.00503	0.00998	0.00982	0.07917	0.02558	0.03294	0.20178	0.28492	0.27887	0.00523	0.00765	0.00776	0.00384	0.00460
4	0.01396	0.01986	0.29269	0.01349	0.01826	0.20092	0.08656	0.03468	0.01362	0.08345	0.11777	0.03183	0.03612	0.00659	0.00543	0.00164	0.00715	0.00543	0.00352	0.00702
5	0.01036	0.00930	0.01476	0.02118	0.42468	0.00910	0.01141	0.01272	0.01182	0.01612	0.02265	0.19391	0.13136	0.00963	0.00600	0.00184	0.00499	0.07777	0.00372	0.00668
6	0.01338	0.00698	0.00968	0.00827	0.01060	0.00643	0.07078	0.01559	0.01247	0.23514	0.02293	0.15049	0.07832	0.00854	0.00516	0.00161	0.00378	0.00742	0.32619	0.00623
7	0.00808	0.00655	0.00702	0.00669	0.00859	0.00615	0.00506	0.06159	0.07456	0.01744	0.15147	0.09654	0.50582	0.01243	0.00624	0.00181	0.00306	0.01049	0.00518	0.00523
8	0.08196	0.10029	0.61897	0.01429	0.02143	0.01330	0.04474	0.01682	0.01116	0.01719	0.00929	0.01097	0.00677	0.00502	0.00484	0.00165	0.00745	0.00386	0.00237	0.00763
9	0.00840	0.00653	0.00780	0.00806	0.00920	0.00682	0.00575	0.01279	0.18778	0.01575	0.06251	0.38042	0.08210	0.09160	0.08589	0.00297	0.00464	0.01091	0.00477	0.00531
10	0.00678	0.00490	0.00623	0.00703	0.00756	0.00455	0.00473	0.00785	0.01081	0.01439	0.12149	0.56375	0.10497	0.09778	0.00885	0.00240	0.00322	0.01345	0.00492	0.00435
11	0.01158	0.06862	0.08999	0.01018	0.01468	0.08289	0.07141	0.01423	0.01182	0.01622	0.01612	0.01719	0.12271	0.00576	0.00469	0.00120	0.00527	0.00475	0.00322	0.42748
12	0.02999	0.08542	0.26236	0.01170	0.01691	0.08892	0.01195	0.11808	0.01390	0.08328	0.02854	0.01343	0.03080	0.00562	0.00497	0.00144	0.01631	0.00424	0.00346	0.16866
13	0.01325	0.12648	0.18262	0.01231	0.04189	0.08988	0.04031	0.11177	0.13875	0.01872	0.01915	0.01937	0.13473	0.00698	0.00518	0.00161	0.00598	0.00557	0.01822	0.00725
14	0.01061	0.01165	0.08669	0.01165	0.08407	0.12438	0.00866	0.01254	0.01116	0.01426	0.01819	0.15488	0.03594	0.17955	0.03242	0.00269	0.00597	0.11496	0.00358	0.07614

[dist]
# distance from previous block
# <min> <max>
1	6

[block]
# block no. 6 follows, 45 sequences, length 34
# corresponding to MSA columns:
# 842-875
name=unknown_G
#
# <colnr> <probs for GDERKNQSTAVLIFYWHMCP>
#	G	D	E	R	K	N	Q	S	T	A	V	L	I	F	Y	W	H	M	C	P
0	0.14429	0.34272	0.01832	0.00986	0.01355	0.08308	0.00852	0.02081	0.27416	0.01787	0.01254	0.01269	0.01002	0.00567	0.00425	0.00148	0.00531	0.00404	0.00360	0.00722
1	0.01279	0.11001	0.52763	0.01433	0.02087	0.01322	0.05817	0.01767	0.01162	0.10049	0.01058	0.01200	0.00761	0.00544	0.00578	0.00168	0.05535	0.00418	0.00278	0.00779
2	0.01317	0.07425	0.15764	0.01530	0.10037	0.12641	0.06677	0.07151	0.01252	0.02796	0.01283	0.14683	0.01229	0.00782	0.00730	0.00178	0.12906	0.00619	0.00319	0.00680
3	0.00767	0.00515	0.00590	0.00603	0.00607	0.00511	0.00344	0.00777	0.00808	0.01077	0.01831	0.12023	0.02128	0.72385	0.02507	0.00487	0.00497	0.00863	0.00344	0.00337
4	0.00776	0.00539	0.00679	0.00679	0.00711	0.00571	0.00442	0.00841	0.00808	0.01110	0.01606	0.03039	0.01746	0.55106	0.28480	0.00636	0.00830	0.00711	0.00313	0.00377
5	0.00885	0.00686	0.00751	0.00719	0.00898	0.00657	0.00537	0.13541	0.01393	0.01769	0.06064	0.24213	0.41648	0.02887	0.00672	0.00194	0.00341	0.01114	0.00504	0.00526
6	0.01299	0.01159	0.01694	0.02109	0.36434	0.02304	0.01227	0.12103	0.01259	0.01773	0.01108	0.01604	0.00998	0.09801	0.08354	0.00279	0.14954	0.00518	0.00308	0.00716
7	0.00767	0.00523	0.00600	0.00600	0.00635	0.00512	0.00366	0.00781	0.00853	0.01111	0.02259	0.03588	0.14683	0.58114	0.05786	0.06808	0.00516	0.00807	0.00346	0.00347
8	0.02086	0.00976	0.01201	0.00941	0.01310	0.00937	0.00771	0.18945	0.01689	0.48323	0.01868	0.01735	0.01243	0.00653	0.00511	0.00158	0.00452	0.00520	0.14836	0.00843
9	0.01703	0.15307	0.04181	0.07397	0.06158	0.26970	0.11625	0.04649	0.01373	0.12218	0.01069	0.01214	0.00816	0.00544	0.00528	0.00152	0.02623	0.00430	0.00326	0.00714
10	0.00740	0.00527	0.00574	0.00574	0.00625	0.00502	0.00348	0.00778	0.00905	0.01155	0.02740	0.03975	0.23115	0.58808	0.02145	0.00425	0.00451	0.00879	0.00374	0.00361
11	0.01026	0.02394	0.65153	0.01370	0.02028	0.01123	0.01702	0.01544	0.01073	0.01588	0.01087	0.01537	0.00896	0.14196	0.00887	0.00229	0.00747	0.00462	0.00243	0.00714
12	0.01024	0.01778	0.37401	0.01356	0.01868	0.01054	0.12560	0.01585	0.08931	0.01757	0.09964	0.10600	0.06240	0.00768	0.00573	0.00179	0.00629	0.00685	0.00352	0.00697
13	0.01249	0.01765	0.25795	0.23455	0.09859	0.09776	0.03759	0.08441	0.01293	0.01702	0.01135	0.07253	0.00950	0.00618	0.00536	0.00171	0.00724	0.00522	0.00290	0.00707
14	0.01348	0.01827	0.15439	0.05427	0.02443	0.15251	0.40356	0.01741	0.01244	0.01592	0.00982	0.01285	0.00756	0.00524	0.00675	0.00176	0.07451	0.00521	0.00260	0.00700
15	0.12678	0.01720	0.01560	0.14478	0.16876	0.34475	0.01165	0.01837	0.01285	0.05041	0.00929	0.01148	0.00741	0.00547	0.00528	0.00157	0.03476	0.00399	0.00292	0.00670
16	0.01366	0.08144	0.29170	0.01655	0.14702	0.23477	0.01412	0.01706	0.01245	0.01529	0.01136	0.09871	0.01029	0.00642	0.00513	0.00160	0.00747	0.00512	0.00278	0.00707
