[name]
unknown

[dist]
# distance from previous block
# <min> <max>
0	138

[block]
# block no. 0 follows, 39 sequences, length 32
# corresponding to MSA columns:
# 765-772,779-802
name=unknown_A
#
# <colnr> <probs for GDERKNQSTAVLIFYWHMCP>
#	G	D	E	R	K	N	Q	S	T	A	V	L	I	F	Y	W	H	M	C	P
0	0.02744	0.01363	0.09540	0.04855	0.12872	0.05015	0.02712	0.09016	0.05607	0.06816	0.05235	0.03188	0.01937	0.00946	0.00650	0.00205	0.00636	0.21989	0.00459	0.04215
1	0.01339	0.01245	0.01805	0.35158	0.18177	0.03541	0.02743	0.04697	0.12848	0.01889	0.01291	0.01593	0.00999	0.00598	0.00575	0.00179	0.00688	0.00528	0.00347	0.09760
2	0.00857	0.00965	0.12563	0.00848	0.01098	0.00653	0.00767	0.01128	0.01357	0.01879	0.21374	0.19497	0.23563	0.01266	0.00658	0.00196	0.00391	0.01092	0.09273	0.00574
3	0.13913	0.00688	0.00785	0.00804	0.00929	0.00720	0.00580	0.04368	0.01131	0.01779	0.02225	0.31491	0.04682	0.05018	0.09254	0.10404	0.00533	0.00988	0.09199	0.00510
4	0.00815	0.00641	0.00764	0.00749	0.00930	0.00549	0.00544	0.00990	0.01313	0.01761	0.17020	0.30584	0.25494	0.01403	0.00677	0.00194	0.00333	0.01227	0.00537	0.13475
5	0.01425	0.00860	0.01201	0.01306	0.12836	0.00809	0.00850	0.01745	0.05431	0.21584	0.26401	0.13013	0.07946	0.01057	0.00655	0.00192	0.00425	0.00929	0.00593	0.00742
6	0.00908	0.00688	0.00936	0.00881	0.01033	0.00716	0.00661	0.01087	0.00977	0.01417	0.01553	0.02443	0.01510	0.17930	0.50880	0.00743	0.01213	0.00632	0.00330	0.13463
7	0.36728	0.01106	0.01153	0.00960	0.01359	0.01158	0.00783	0.02438	0.12866	0.33266	0.01704	0.01597	0.01168	0.00665	0.00499	0.00186	0.00478	0.00490	0.00556	0.00840
8	0.02225	0.01511	0.01663	0.01295	0.01750	0.01642	0.01063	0.54583	0.10587	0.14965	0.01674	0.01601	0.01167	0.00724	0.00593	0.00181	0.00607	0.00557	0.00615	0.00998
9	0.01264	0.02513	0.49037	0.01987	0.02758	0.01419	0.28753	0.01881	0.01304	0.01881	0.01112	0.01378	0.00804	0.00538	0.00613	0.00192	0.00920	0.00534	0.00268	0.00845
10	0.01245	0.01069	0.01276	0.01165	0.01370	0.01285	0.00914	0.02201	0.39519	0.01949	0.01901	0.02166	0.01568	0.05176	0.21894	0.00432	0.13016	0.00643	0.00459	0.00754
11	0.70368	0.01045	0.00840	0.00785	0.01099	0.01193	0.00626	0.01594	0.01026	0.02473	0.01207	0.13229	0.01156	0.00754	0.00427	0.00192	0.00439	0.00535	0.00395	0.00615
12	0.01480	0.01247	0.01350	0.01390	0.10434	0.07745	0.00954	0.04947	0.34601	0.05674	0.13504	0.02328	0.02130	0.00798	0.00590	0.00183	0.00508	0.00670	0.08645	0.00823
13	0.04904	0.01284	0.01627	0.01552	0.13253	0.01303	0.01089	0.22498	0.09686	0.33783	0.01843	0.01746	0.01262	0.00695	0.00586	0.00182	0.00571	0.00565	0.00597	0.00976
14	0.01333	0.01747	0.29501	0.01483	0.02007	0.01115	0.12744	0.01770	0.01244	0.12927	0.01441	0.01760	0.01112	0.01808	0.24826	0.00431	0.01063	0.00564	0.00352	0.00772
15	0.01414	0.26287	0.13479	0.06370	0.01975	0.01480	0.12542	0.01758	0.01356	0.09061	0.10050	0.02140	0.04249	0.00722	0.00566	0.00175	0.00666	0.04574	0.00381	0.00755
16	0.01428	0.00680	0.00847	0.00794	0.00999	0.00622	0.00598	0.01626	0.01349	0.24340	0.02710	0.27038	0.06432	0.01123	0.00595	0.00188	0.00368	0.00968	0.26633	0.00664
17	0.05494	0.01315	0.01258	0.01043	0.01386	0.12985	0.00831	0.18109	0.01777	0.24255	0.01728	0.01740	0.01230	0.00688	0.00524	0.00164	0.00559	0.00523	0.23577	0.00812
18	0.01090	0.13260	0.01640	0.36962	0.02496	0.01242	0.01161	0.01359	0.01088	0.01414	0.01247	0.01936	0.01120	0.10710	0.20458	0.00423	0.00943	0.00559	0.00286	0.00605
19	0.01650	0.31110	0.09661	0.01195	0.01635	0.19134	0.01097	0.08882	0.06560	0.01817	0.02595	0.01579	0.06243	0.00664	0.00498	0.00155	0.00705	0.00476	0.03586	0.00760
20	0.00919	0.00756	0.00830	0.00816	0.01014	0.00751	0.00612	0.01461	0.19716	0.01899	0.12870	0.16924	0.34967	0.01351	0.00686	0.00207	0.00352	0.02681	0.00574	0.00614
21	0.09991	0.00832	0.01180	0.10684	0.13079	0.00911	0.00926	0.01261	0.01082	0.01654	0.01688	0.15132	0.01698	0.09513	0.23876	0.00461	0.00861	0.00766	0.03809	0.00597
22	0.00968	0.06081	0.05505	0.24665	0.02033	0.00991	0.01046	0.01237	0.01139	0.01511	0.04637	0.11305	0.08927	0.04870	0.22066	0.00422	0.00879	0.00775	0.00356	0.00589
23	0.01310	0.02553	0.48175	0.01587	0.02231	0.13168	0.06458	0.01818	0.01276	0.01721	0.01139	0.01477	0.00903	0.04569	0.08822	0.00282	0.00974	0.00486	0.00274	0.00779
24	0.00744	0.00542	0.00680	0.00779	0.00840	0.00503	0.00529	0.00850	0.01145	0.01493	0.03522	0.55323	0.14929	0.10783	0.01011	0.00274	0.00372	0.04680	0.00527	0.00472
25	0.00955	0.00730	0.01127	0.20986	0.04245	0.00833	0.00934	0.01149	0.01047	0.01456	0.01636	0.13608	0.01596	0.02395	0.29192	0.10581	0.00949	0.00741	0.05302	0.00536
26	0.01124	0.00996	0.01427	0.14687	0.20034	0.02555	0.01123	0.01551	0.10679	0.01759	0.02098	0.30620	0.02170	0.01085	0.00648	0.00204	0.00546	0.02069	0.00430	0.04193
27	0.01425	0.01412	0.01470	0.12322	0.01817	0.16646	0.01085	0.10527	0.01451	0.01825	0.07361	0.13477	0.04930	0.01001	0.00959	0.00207	0.20280	0.00744	0.00398	0.00663
28	0.26363	0.01185	0.12746	0.09172	0.01483	0.01004	0.00888	0.01350	0.00991	0.01751	0.01238	0.02088	0.01195	0.25706	0.01474	0.09340	0.00602	0.00553	0.00322	0.00547
29	0.01180	0.13624	0.04686	0.01235	0.06065	0.05342	0.04184	0.01401	0.01315	0.04103	0.15780	0.20967	0.07627	0.01103	0.00762	0.00196	0.08418	0.00922	0.00443	0.00646
30	0.03923	0.11171	0.01653	0.01213	0.04809	0.01079	0.12182	0.04711	0.01412	0.04999	0.09942	0.07273	0.21369	0.00949	0.00609	0.00177	0.00520	0.02115	0.00452	0.09441
31	0.06639	0.20342	0.04986	0.04331	0.06101	0.01310	0.00926	0.01591	0.05434	0.01974	0.19809	0.02187	0.02154	0.00776	0.00618	0.00169	0.06023	0.00605	0.13342	0.00682

[dist]
# distance from previous block
# <min> <max>
11	60

[block]
# block no. 1 follows, 39 sequences, length 33
# corresponding to MSA columns:
# 918-950
name=unknown_B
#
# <colnr> <probs for GDERKNQSTAVLIFYWHMCP>
#	G	D	E	R	K	N	Q	S	T	A	V	L	I	F	Y	W	H	M	C	P
0	0.00958	0.05347	0.10729	0.01007	0.01213	0.00827	0.04626	0.03779	0.01155	0.01557	0.02296	0.37819	0.02598	0.21836	0.01293	0.00310	0.00534	0.01134	0.00432	0.00551
1	0.01136	0.01054	0.08113	0.07870	0.01555	0.00984	0.02138	0.07139	0.01282	0.05462	0.05032	0.08831	0.08649	0.07748	0.19637	0.00419	0.07624	0.04284	0.00412	0.00632
2	0.01643	0.01730	0.15238	0.14070	0.11729	0.09510	0.01410	0.17935	0.01669	0.08801	0.01472	0.09447	0.01230	0.00749	0.00596	0.00186	0.00720	0.00621	0.00414	0.00827
3	0.00922	0.06466	0.04989	0.00882	0.01018	0.00828	0.00696	0.01079	0.00951	0.01318	0.01604	0.02735	0.01634	0.31447	0.40106	0.00711	0.01106	0.00683	0.00324	0.00501
4	0.01512	0.28332	0.29557	0.01255	0.01885	0.01557	0.01386	0.01900	0.01279	0.11017	0.01134	0.01241	0.00862	0.00554	0.00511	0.00153	0.02070	0.00405	0.00327	0.13064
5	0.01441	0.01557	0.01381	0.14399	0.01883	0.28858	0.01051	0.01666	0.01370	0.01574	0.07860	0.02283	0.01605	0.04247	0.12034	0.00308	0.03766	0.07182	0.00355	0.05180
6	0.00909	0.00691	0.00790	0.00757	0.00936	0.00670	0.00569	0.01346	0.12115	0.02113	0.35156	0.07945	0.23974	0.01215	0.00661	0.00190	0.00315	0.01044	0.08010	0.00592
7	0.00733	0.00597	0.00648	0.00643	0.00821	0.00512	0.00479	0.00911	0.01416	0.01777	0.22278	0.08615	0.55618	0.01445	0.00701	0.00198	0.00297	0.01225	0.00573	0.00512
8	0.00810	0.00584	0.00643	0.00651	0.00718	0.00552	0.00412	0.00869	0.01035	0.01317	0.03219	0.06204	0.24910	0.50630	0.02165	0.00439	0.00482	0.03519	0.00428	0.00411
9	0.00779	0.00600	0.00677	0.00671	0.00815	0.00538	0.00487	0.00942	0.01347	0.01734	0.23976	0.05055	0.39162	0.15807	0.01132	0.00269	0.00357	0.04618	0.00541	0.00491
10	0.00814	0.00596	0.00764	0.00739	0.00874	0.00546	0.00548	0.01065	0.01595	0.02223	0.62376	0.11490	0.11576	0.01295	0.00703	0.00192	0.00287	0.01142	0.00632	0.00546
11	0.02073	0.01521	0.01659	0.01260	0.01742	0.01606	0.01037	0.57719	0.02454	0.05950	0.01384	0.01405	0.00998	0.00660	0.00563	0.00161	0.00606	0.00501	0.00552	0.16147
12	0.01471	0.01270	0.01337	0.01203	0.01538	0.01471	0.00936	0.03142	0.74459	0.02474	0.02407	0.02206	0.01805	0.00802	0.00602	0.00201	0.00468	0.00669	0.00602	0.00936
13	0.01693	0.01117	0.01244	0.01085	0.01422	0.01215	0.00853	0.02855	0.48402	0.19212	0.02328	0.02162	0.01690	0.00772	0.00576	0.00188	0.00451	0.00637	0.11194	0.00902
14	0.54546	0.01095	0.01049	0.00876	0.01274	0.01163	0.00722	0.02147	0.01252	0.28837	0.01363	0.01337	0.00935	0.00614	0.00448	0.00183	0.00474	0.00418	0.00497	0.00771
15	0.00930	0.00763	0.01260	0.01112	0.01267	0.00815	0.11481	0.01137	0.00996	0.01400	0.01589	0.02563	0.01543	0.20684	0.48890	0.00754	0.01269	0.00694	0.00324	0.00530
16	0.83394	0.01144	0.00869	0.00778	0.01144	0.01327	0.00640	0.01738	0.01006	0.02653	0.00823	0.00961	0.00640	0.00549	0.00366	0.00183	0.00457	0.00320	0.00366	0.00640
17	0.01169	0.02163	0.48365	0.01292	0.01895	0.01102	0.01547	0.03329	0.01261	0.01976	0.01366	0.01668	0.01052	0.04645	0.00645	0.00192	0.00678	0.00494	0.24406	0.00756
18	0.00910	0.00647	0.00823	0.00802	0.00918	0.00641	0.00584	0.01071	0.01117	0.01582	0.12822	0.03629	0.02519	0.29775	0.18906	0.00499	0.00730	0.09661	0.04428	0.07937
19	0.01352	0.01102	0.01260	0.00963	0.01439	0.00957	0.00765	0.01954	0.18974	0.05483	0.01439	0.01500	0.01128	0.00540	0.00485	0.00119	0.00448	0.00439	0.00429	0.59224
20	0.01431	0.09050	0.11291	0.05811	0.01892	0.12551	0.03040	0.01663	0.01114	0.01496	0.00861	0.01246	0.00773	0.00828	0.01315	0.00217	0.43986	0.00474	0.00265	0.00696
21	0.06683	0.06776	0.01680	0.01376	0.01729	0.47115	0.01071	0.12171	0.08572	0.05670	0.01184	0.01256	0.00921	0.00638	0.00532	0.00162	0.00866	0.00432	0.00394	0.00771
22	0.01113	0.00694	0.00908	0.00946	0.01116	0.00661	0.00783	0.01324	0.01336	0.10981	0.03340	0.05562	0.14868	0.11504	0.01052	0.00288	0.00503	0.41907	0.00545	0.00571
23	0.01657	0.01653	0.11597	0.12066	0.02378	0.01554	0.14015	0.32205	0.04417	0.02645	0.05684	0.01650	0.01214	0.00683	0.00667	0.00190	0.03837	0.00584	0.00441	0.00861
24	0.05470	0.01394	0.04462	0.04943	0.27948	0.01400	0.04556	0.18209	0.03194	0.02279	0.01235	0.01614	0.01029	0.07039	0.00842	0.00208	0.05003	0.00537	0.00378	0.08260
25	0.00840	0.00573	0.00682	0.00706	0.00733	0.00562	0.00439	0.00899	0.01013	0.01363	0.09782	0.16039	0.02850	0.54890	0.02300	0.00465	0.00505	0.04523	0.00428	0.00408
26	0.01039	0.00566	0.00791	0.00765	0.00835	0.00540	0.00536	0.00961	0.01068	0.05147	0.18260	0.02716	0.08092	0.01752	0.01730	0.53280	0.00443	0.00703	0.00393	0.00382
27	0.01277	0.14713	0.07138	0.10854	0.03123	0.14391	0.06424	0.01531	0.01331	0.01596	0.05767	0.16759	0.10858	0.00954	0.00601	0.00184	0.00659	0.00809	0.00380	0.00652
28	0.03228	0.05610	0.11379	0.12617	0.02005	0.06702	0.01174	0.10433	0.05067	0.23079	0.01777	0.11296	0.01436	0.00806	0.00590	0.00188	0.00637	0.00661	0.00490	0.00824
29	0.00735	0.00542	0.00692	0.00802	0.00873	0.00498	0.00559	0.00860	0.01195	0.01560	0.05294	0.60335	0.15739	0.01765	0.00748	0.00234	0.00348	0.06180	0.00551	0.00489
30	0.01042	0.02446	0.01485	0.04423	0.05201	0.01117	0.08031	0.01235	0.01139	0.01561	0.02381	0.23530	0.12017	0.01351	0.03423	0.00253	0.23999	0.04364	0.00399	0.00604
31	0.08246	0.05216	0.01741	0.11972	0.23004	0.16108	0.01264	0.01879	0.05019	0.05929	0.01384	0.06233	0.01214	0.00911	0.04803	0.00224	0.00761	0.02972	0.00361	0.00758
32	0.09795	0.02754	0.01406	0.04217	0.01585	0.18312	0.04526	0.08621	0.02843	0.16781	0.05962	0.02048	0.07333	0.00927	0.04221	0.00211	0.00685	0.00591	0.06438	0.00745

[dist]
# distance from previous block
# <min> <max>
1	17

[block]
# block no. 2 follows, 39 sequences, length 18
# corresponding to MSA columns:
# 968-985
name=unknown_C
#
# <colnr> <probs for GDERKNQSTAVLIFYWHMCP>
#	G	D	E	R	K	N	Q	S	T	A	V	L	I	F	Y	W	H	M	C	P
0	0.04606	0.07927	0.01212	0.04323	0.04080	0.01000	0.00795	0.01181	0.01109	0.01573	0.05236	0.17151	0.10129	0.08069	0.15042	0.00372	0.11058	0.00868	0.03701	0.00567
1	0.01432	0.09416	0.24523	0.01755	0.16583	0.01348	0.01452	0.10248	0.03927	0.06255	0.03894	0.10946	0.01442	0.00759	0.00579	0.00181	0.00656	0.00641	0.00391	0.03570
2	0.10484	0.09550	0.01745	0.01578	0.13881	0.18009	0.01088	0.12582	0.08840	0.02186	0.04431	0.01440	0.01142	0.00619	0.00520	0.00159	0.00669	0.00470	0.00396	0.10208
3	0.00955	0.00680	0.00830	0.00864	0.01003	0.00665	0.00651	0.01277	0.09116	0.04911	0.09380	0.24895	0.15703	0.10355	0.00987	0.00267	0.00419	0.15931	0.00548	0.00561
4	0.01412	0.04812	0.04788	0.08100	0.21616	0.11692	0.07110	0.06887	0.01365	0.01773	0.01232	0.01668	0.01053	0.03266	0.20228	0.00382	0.01007	0.00543	0.00319	0.00746
5	0.00856	0.00590	0.00730	0.00730	0.00760	0.00620	0.00465	0.00915	0.00885	0.01210	0.01785	0.03438	0.01962	0.58333	0.23637	0.00679	0.00856	0.00797	0.00347	0.00406
6	0.01570	0.01177	0.01478	0.01270	0.01485	0.01415	0.01028	0.02284	0.27513	0.15577	0.07660	0.02006	0.01660	0.00910	0.01112	0.00218	0.29697	0.00631	0.00501	0.00810
7	0.00728	0.00571	0.00659	0.00699	0.00832	0.00502	0.00500	0.00881	0.01324	0.01687	0.15742	0.30704	0.39918	0.01575	0.00718	0.00212	0.00311	0.01370	0.00565	0.00502
8	0.00860	0.00573	0.00645	0.00645	0.00645	0.00573	0.00358	0.00860	0.00860	0.01147	0.01863	0.03870	0.02150	0.79217	0.03010	0.00573	0.00573	0.00860	0.00358	0.00358
9	0.83394	0.01144	0.00869	0.00778	0.01144	0.01327	0.00640	0.01738	0.01006	0.02653	0.00823	0.00961	0.00640	0.00549	0.00366	0.00183	0.00457	0.00320	0.00366	0.00640
10	0.00748	0.00534	0.00718	0.00855	0.00902	0.00504	0.00597	0.00871	0.01160	0.01541	0.03244	0.70214	0.03851	0.01827	0.00762	0.00244	0.00367	0.10024	0.00548	0.00488
11	0.83394	0.01144	0.00869	0.00778	0.01144	0.01327	0.00640	0.01738	0.01006	0.02653	0.00823	0.00961	0.00640	0.00549	0.00366	0.00183	0.00457	0.00320	0.00366	0.00640
12	0.01581	0.79572	0.03099	0.01012	0.01518	0.02340	0.01012	0.01771	0.01202	0.01391	0.00822	0.00949	0.00759	0.00506	0.00379	0.00126	0.00632	0.00316	0.00253	0.00759
13	0.01859	0.01448	0.01774	0.27677	0.02605	0.01655	0.01302	0.48751	0.02230	0.02964	0.01293	0.01474	0.00931	0.00669	0.00591	0.00184	0.00698	0.00530	0.00478	0.00886
14	0.01540	0.01046	0.01355	0.19445	0.04934	0.01137	0.01023	0.20961	0.01679	0.10223	0.01784	0.12836	0.01521	0.00837	0.00579	0.00184	0.00551	0.00707	0.16906	0.00753
15	0.00848	0.00622	0.00889	0.00889	0.00974	0.00706	0.00663	0.01017	0.00932	0.01328	0.01640	0.02633	0.01613	0.19405	0.62087	0.00875	0.01382	0.00679	0.00325	0.00494
16	0.17791	0.27689	0.04785	0.09042	0.04687	0.01522	0.00994	0.01664	0.01175	0.01846	0.00931	0.01126	0.00778	0.00507	0.00430	0.00139	0.00571	0.00361	0.00305	0.23656
17	0.01699	0.02035	0.01754	0.01523	0.01813	0.44693	0.13812	0.01900	0.01492	0.01542	0.01541	0.20288	0.01560	0.00896	0.00617	0.00182	0.00876	0.00757	0.00364	0.00655

[dist]
# distance from previous block
# <min> <max>
0	2

[block]
# block no. 3 follows, 39 sequences, length 17
# corresponding to MSA columns:
# 988-1004
name=unknown_D
#
# <colnr> <probs for GDERKNQSTAVLIFYWHMCP>
#	G	D	E	R	K	N	Q	S	T	A	V	L	I	F	Y	W	H	M	C	P
0	0.00850	0.00611	0.00837	0.00837	0.00903	0.00677	0.00597	0.00983	0.00917	0.01289	0.01688	0.02899	0.01728	0.32274	0.49376	0.00810	0.01208	0.00718	0.00332	0.00465
1	0.02209	0.02819	0.01676	0.01524	0.01828	0.76843	0.01143	0.02361	0.01676	0.01447	0.00914	0.01066	0.00762	0.00609	0.00533	0.00152	0.01066	0.00381	0.00305	0.00686
2	0.00947	0.00695	0.00975	0.00892	0.01063	0.00671	0.05640	0.01132	0.01220	0.06058	0.10784	0.08546	0.22776	0.13973	0.20027	0.00445	0.00728	0.02420	0.00466	0.00542
3	0.01725	0.00914	0.01145	0.00961	0.01275	0.00877	0.00763	0.05045	0.13139	0.32230	0.29091	0.03016	0.05356	0.00941	0.00637	0.00187	0.00415	0.00798	0.00670	0.00815
4	0.02653	0.01006	0.01372	0.01052	0.01510	0.00869	0.00869	0.02882	0.01693	0.75937	0.02333	0.02013	0.01464	0.00732	0.00595	0.00183	0.00503	0.00595	0.00732	0.01006
5	0.01255	0.01192	0.02023	0.48298	0.32492	0.01350	0.01711	0.01632	0.01248	0.01678	0.01075	0.01532	0.00847	0.00566	0.00589	0.00189	0.00754	0.00526	0.00275	0.00768
6	0.01420	0.01360	0.02321	0.12995	0.66505	0.01394	0.01793	0.01777	0.01326	0.01879	0.01105	0.01478	0.00918	0.00535	0.00586	0.00178	0.00713	0.00527	0.00289	0.00901
7	0.00729	0.00518	0.00684	0.00813	0.00845	0.00486	0.00537	0.00826	0.01116	0.01488	0.03175	0.74321	0.03805	0.06507	0.00890	0.00260	0.00357	0.01632	0.00537	0.00473
8	0.01260	0.01233	0.02135	0.11247	0.29750	0.01301	0.14864	0.01592	0.01317	0.01837	0.10216	0.02127	0.06664	0.00745	0.00808	0.00196	0.10924	0.00673	0.00346	0.00764
9	0.01579	0.01299	0.01821	0.09638	0.23858	0.01455	0.01353	0.14121	0.11676	0.07056	0.01509	0.01949	0.01238	0.00774	0.00819	0.00202	0.12798	0.05579	0.00425	0.00852
10	0.01087	0.00961	0.01549	0.14205	0.31070	0.00986	0.01227	0.01348	0.01264	0.01738	0.07107	0.30518	0.02348	0.01079	0.00657	0.00204	0.00553	0.00995	0.00409	0.00695
11	0.00721	0.00515	0.00686	0.00823	0.00858	0.00480	0.00549	0.00823	0.01132	0.01510	0.03259	0.78831	0.03911	0.01853	0.00755	0.00240	0.00343	0.01681	0.00549	0.00480
12	0.01368	0.01582	0.10579	0.02268	0.34860	0.11022	0.01400	0.04768	0.01420	0.01846	0.02090	0.09356	0.13269	0.00833	0.00611	0.00184	0.00669	0.00723	0.00368	0.00785
13	0.02010	0.01776	0.02000	0.04562	0.02097	0.14044	0.12660	0.44753	0.02260	0.02896	0.01354	0.01602	0.01034	0.00691	0.00608	0.00181	0.00776	0.03325	0.00483	0.00888
14	0.01000	0.00606	0.00794	0.00835	0.00948	0.00569	0.00600	0.01148	0.01232	0.10408	0.07391	0.43819	0.07644	0.07196	0.05471	0.00292	0.00457	0.05718	0.03322	0.00549
15	0.59676	0.05734	0.01186	0.04290	0.01424	0.15965	0.00801	0.01851	0.01154	0.02302	0.00851	0.01007	0.00677	0.00560	0.00409	0.00175	0.00599	0.00341	0.00343	0.00656
16	0.13644	0.01025	0.01304	0.01015	0.01460	0.00931	0.00838	0.02726	0.01599	0.65962	0.02128	0.01870	0.01352	0.00707	0.00564	0.00183	0.00497	0.00557	0.00682	0.00957

[dist]
# distance from previous block
# <min> <max>
0	1

[block]
# block no. 4 follows, 39 sequences, length 33
# corresponding to MSA columns:
# 1006-1038
name=unknown_E
#
# <colnr> <probs for GDERKNQSTAVLIFYWHMCP>
#	G	D	E	R	K	N	Q	S	T	A	V	L	I	F	Y	W	H	M	C	P
0	0.01491	0.02372	0.32311	0.01401	0.01888	0.26295	0.01434	0.01880	0.01369	0.01744	0.01260	0.05731	0.01053	0.00690	0.00597	0.00174	0.03985	0.00510	0.13087	0.00730
1	0.00864	0.00672	0.00844	0.00983	0.08939	0.00633	0.00584	0.00990	0.01181	0.01545	0.12098	0.09595	0.24814	0.31882	0.01597	0.00345	0.00452	0.01026	0.00459	0.00498
2	0.00965	0.00737	0.00931	0.00863	0.01014	0.03378	0.03197	0.01158	0.01275	0.04734	0.23235	0.03634	0.14364	0.15591	0.21815	0.00462	0.00751	0.00885	0.00472	0.00537
3	0.04852	0.01712	0.01454	0.10083	0.01869	0.29273	0.00984	0.01922	0.01412	0.06753	0.01078	0.01251	0.00854	0.00544	0.00499	0.00135	0.00719	0.00398	0.00350	0.33859
4	0.00934	0.00658	0.00890	0.00865	0.00995	0.00673	0.00653	0.03855	0.01182	0.01636	0.13997	0.08838	0.08040	0.02598	0.29425	0.15439	0.00848	0.03518	0.00418	0.04538
5	0.39568	0.01519	0.01274	0.01076	0.01454	0.15386	0.00867	0.13658	0.01530	0.14821	0.01188	0.01239	0.00863	0.00629	0.00512	0.00178	0.02601	0.00417	0.00450	0.00769
6	0.00751	0.00538	0.00724	0.00829	0.00872	0.00528	0.00564	0.00862	0.01083	0.01460	0.02891	0.61115	0.03396	0.08249	0.12777	0.00377	0.00554	0.01455	0.00498	0.00478
7	0.83394	0.01144	0.00869	0.00778	0.01144	0.01327	0.00640	0.01738	0.01006	0.02653	0.00823	0.00961	0.00640	0.00549	0.00366	0.00183	0.00457	0.00320	0.00366	0.00640
8	0.01816	0.50914	0.02568	0.01203	0.01634	0.30158	0.01061	0.01991	0.01379	0.01412	0.00856	0.00993	0.00760	0.00545	0.00437	0.00136	0.00794	0.00340	0.00272	0.00732
9	0.01204	0.30309	0.21191	0.01163	0.01615	0.01492	0.01213	0.01530	0.01120	0.01509	0.01168	0.01539	0.01025	0.01988	0.28988	0.00450	0.01050	0.00466	0.00276	0.00702
10	0.01550	0.01606	0.03179	0.02287	0.02863	0.01557	0.60291	0.14876	0.01647	0.02226	0.01237	0.01563	0.00917	0.00537	0.00679	0.00195	0.00934	0.00668	0.00352	0.00835
11	0.01294	0.01294	0.01811	0.01553	0.01553	0.01811	0.01294	0.01423	0.00906	0.01423	0.00776	0.01294	0.00776	0.01035	0.01941	0.00259	0.78134	0.00518	0.00259	0.00647
12	0.01449	0.24469	0.01833	0.00961	0.01475	0.01341	0.00833	0.07728	0.01361	0.03484	0.01041	0.01177	0.00865	0.00488	0.00437	0.00109	0.00515	0.00361	0.00350	0.49724
13	0.01346	0.00968	0.01095	0.00986	0.01180	0.01025	0.00730	0.28014	0.01680	0.02244	0.02150	0.23533	0.02274	0.24437	0.01369	0.00318	0.00538	0.04964	0.00508	0.00644
14	0.52612	0.00971	0.00900	0.00894	0.01174	0.01085	0.00757	0.01547	0.01139	0.02323	0.01685	0.03093	0.01672	0.00954	0.00534	0.00216	0.00490	0.26915	0.00433	0.00605
15	0.01057	0.00971	0.01348	0.01221	0.01276	0.01262	0.00987	0.01211	0.00983	0.01434	0.01759	0.07626	0.09366	0.02130	0.23437	0.00451	0.41851	0.00715	0.00328	0.00584
16	0.01083	0.08558	0.09822	0.00945	0.01165	0.00975	0.00786	0.06856	0.06568	0.01648	0.02043	0.22709	0.02203	0.30294	0.01514	0.00340	0.00552	0.00935	0.00422	0.00582
17	0.52963	0.01269	0.01133	0.00969	0.01351	0.01454	0.00789	0.16556	0.13883	0.02841	0.01214	0.01266	0.00913	0.00625	0.00452	0.00185	0.00499	0.00423	0.00452	0.00765
18	0.01568	0.02969	0.48344	0.01625	0.02286	0.29552	0.01796	0.02055	0.01408	0.01714	0.01006	0.01181	0.00754	0.00580	0.00551	0.00174	0.00946	0.00416	0.00270	0.00804
19	0.00834	0.00570	0.00686	0.00709	0.00727	0.00575	0.00433	0.00875	0.00917	0.01234	0.02075	0.16697	0.02382	0.57611	0.10710	0.00557	0.00644	0.00978	0.00387	0.00398
20	0.01398	0.27890	0.01810	0.01040	0.01374	0.18114	0.02698	0.01655	0.05131	0.01587	0.06621	0.05578	0.21114	0.00901	0.00551	0.00165	0.00609	0.00703	0.00397	0.00661
21	0.01136	0.00902	0.01024	0.00831	0.01199	0.00767	0.00651	0.01532	0.09972	0.05573	0.09811	0.02974	0.22924	0.00875	0.00565	0.00147	0.00390	0.00728	0.00485	0.37514
22	0.01027	0.00514	0.00770	0.00770	0.00770	0.00514	0.00514	0.00770	0.00770	0.01027	0.01027	0.01798	0.01027	0.02054	0.02311	0.82794	0.00514	0.00514	0.00257	0.00257
23	0.01056	0.00955	0.01484	0.16288	0.28198	0.00973	0.01185	0.01314	0.01270	0.01682	0.02732	0.18917	0.19465	0.01054	0.00650	0.00199	0.00545	0.00945	0.00403	0.00682
24	0.01873	0.03698	0.18169	0.01672	0.07917	0.28565	0.05459	0.09473	0.01624	0.10288	0.01196	0.01317	0.00891	0.00600	0.00558	0.00167	0.00846	0.00460	0.00370	0.04857
25	0.24126	0.15550	0.01765	0.01411	0.07853	0.36966	0.01040	0.02043	0.01384	0.01807	0.00890	0.01051	0.00743	0.00568	0.00466	0.00158	0.00795	0.00366	0.00311	0.00707
26	0.00753	0.00551	0.00708	0.00775	0.00859	0.00505	0.00541	0.00913	0.01317	0.01775	0.24899	0.48750	0.12225	0.01623	0.00732	0.00220	0.00319	0.01452	0.00579	0.00505
27	0.01002	0.00686	0.00887	0.00890	0.01036	0.00716	0.00667	0.01335	0.08946	0.06935	0.02711	0.24826	0.10304	0.02529	0.29125	0.00488	0.00823	0.01001	0.04505	0.00590
28	0.01635	0.05952	0.10613	0.08365	0.19018	0.07248	0.04345	0.12123	0.06139	0.07547	0.01281	0.01447	0.00973	0.00588	0.00558	0.00167	0.00699	0.00495	0.00385	0.10422
29	0.01064	0.00725	0.00907	0.00877	0.00963	0.00771	0.00628	0.06697	0.01135	0.04364	0.01999	0.11472	0.02148	0.36388	0.10778	0.04522	0.05056	0.08592	0.00416	0.00498
30	0.00790	0.00532	0.00683	0.00766	0.00795	0.00507	0.00496	0.00827	0.01032	0.01368	0.02762	0.48928	0.05885	0.20080	0.01474	0.10437	0.00417	0.01328	0.00468	0.00425
31	0.07369	0.05606	0.01560	0.07048	0.17391	0.04946	0.01123	0.06963	0.12326	0.02026	0.03789	0.09180	0.01763	0.01147	0.06069	0.00251	0.00665	0.09601	0.00428	0.00748
32	0.01712	0.01548	0.04994	0.03475	0.20204	0.06212	0.11809	0.16003	0.06747	0.08730	0.01348	0.01514	0.01018	0.00614	0.00637	0.00176	0.03602	0.00539	0.00415	0.08703

[dist]
# distance from previous block
# <min> <max>
0	18

[block]
# block no. 5 follows, 39 sequences, length 10
# corresponding to MSA columns:
# 1057-1066
name=unknown_F
#
# <colnr> <probs for GDERKNQSTAVLIFYWHMCP>
#	G	D	E	R	K	N	Q	S	T	A	V	L	I	F	Y	W	H	M	C	P
0	0.01008	0.00812	0.01099	0.05023	0.06725	0.00777	0.03391	0.04130	0.04456	0.01822	0.06006	0.32530	0.10331	0.02884	0.00697	0.00202	0.00440	0.01080	0.05331	0.11257
1	0.00849	0.00615	0.00859	0.00859	0.00932	0.00689	0.00625	0.00997	0.00923	0.01305	0.01668	0.02788	0.01680	0.26921	0.54664	0.00837	0.01280	0.00702	0.00329	0.00477
2	0.01678	0.08434	0.06135	0.10511	0.09426	0.07203	0.01198	0.20145	0.09973	0.07022	0.01525	0.05509	0.01222	0.00804	0.02455	0.00197	0.00674	0.00576	0.04477	0.00834
3	0.00860	0.00638	0.00740	0.00709	0.00897	0.00555	0.00524	0.01063	0.01355	0.01893	0.21270	0.18708	0.24667	0.01251	0.00638	0.00181	0.00318	0.01080	0.11202	0.11450
4	0.01370	0.01519	0.13925	0.13109	0.18098	0.01334	0.01401	0.11443	0.16265	0.02159	0.01930	0.05521	0.07815	0.00769	0.00604	0.00191	0.00637	0.00658	0.00418	0.00834
5	0.01230	0.01122	0.01212	0.06739	0.07211	0.10523	0.00896	0.07445	0.05026	0.01842	0.10823	0.03203	0.16141	0.08189	0.07230	0.02157	0.02984	0.04954	0.00444	0.00631
6	0.01219	0.01049	0.07350	0.01184	0.08308	0.00897	0.00896	0.11856	0.01629	0.05883	0.22676	0.09402	0.13452	0.01056	0.00639	0.00189	0.00451	0.03344	0.07828	0.00692
7	0.08200	0.14618	0.13773	0.05816	0.01891	0.01503	0.06661	0.16065	0.01488	0.02138	0.01254	0.05697	0.01067	0.00979	0.06703	0.00238	0.04410	0.00539	0.02280	0.04679
8	0.04023	0.09049	0.08858	0.01308	0.03635	0.01271	0.09539	0.16561	0.01535	0.02103	0.02035	0.15344	0.08905	0.03616	0.03500	0.00228	0.02635	0.00791	0.00426	0.04638
9	0.08911	0.07781	0.07621	0.01137	0.01444	0.10727	0.00970	0.08628	0.07233	0.01970	0.05971	0.12763	0.03854	0.03370	0.03497	0.00226	0.08053	0.00699	0.00415	0.04730

[dist]
# distance from previous block
# <min> <max>
3	131

[block]
# block no. 6 follows, 39 sequences, length 34
# corresponding to MSA columns:
# 1310-1343
name=unknown_G
#
# <colnr> <probs for GDERKNQSTAVLIFYWHMCP>
#	G	D	E	R	K	N	Q	S	T	A	V	L	I	F	Y	W	H	M	C	P
0	0.12201	0.06500	0.06533	0.04458	0.11538	0.01066	0.03316	0.01482	0.01103	0.07562	0.01450	0.02307	0.01375	0.28034	0.08377	0.00384	0.00710	0.00614	0.00356	0.00633
1	0.01247	0.03391	0.06381	0.05315	0.24053	0.01062	0.01134	0.01701	0.08513	0.01986	0.01662	0.07253	0.01442	0.00726	0.00541	0.00169	0.00525	0.02956	0.22953	0.06989
2	0.01515	0.03895	0.01741	0.04175	0.24078	0.19839	0.03264	0.04830	0.09061	0.01894	0.07049	0.02265	0.12343	0.00775	0.00596	0.00177	0.00686	0.00649	0.00401	0.00769
3	0.01230	0.07628	0.06621	0.13232	0.06119	0.01193	0.01074	0.11016	0.03003	0.02898	0.03481	0.12527	0.16787	0.01000	0.00703	0.00194	0.05605	0.01804	0.00429	0.03455
4	0.08795	0.00941	0.01046	0.00960	0.01185	0.00981	0.00726	0.22127	0.01629	0.05768	0.02587	0.33018	0.08424	0.06663	0.00817	0.00234	0.00467	0.02425	0.00540	0.00667
5	0.01667	0.03743	0.04049	0.04714	0.23634	0.10986	0.03610	0.08759	0.03893	0.10524	0.01357	0.01745	0.01123	0.09689	0.00932	0.00223	0.05205	0.00551	0.00388	0.03208
6	0.01178	0.07933	0.01154	0.00894	0.01127	0.00867	0.00684	0.01445	0.06001	0.09418	0.05411	0.19273	0.02157	0.11830	0.14629	0.00366	0.00660	0.00840	0.00451	0.13682
7	0.01610	0.01415	0.01448	0.01502	0.11972	0.14263	0.01030	0.12295	0.16697	0.07058	0.05720	0.06123	0.08436	0.00897	0.00617	0.00189	0.00605	0.05364	0.01964	0.00795
8	0.01212	0.01059	0.01505	0.04490	0.29514	0.01070	0.01126	0.06511	0.08152	0.01983	0.07501	0.03185	0.20418	0.05467	0.00775	0.00213	0.00535	0.04096	0.00445	0.00744
9	0.38039	0.00952	0.00867	0.00778	0.01010	0.01054	0.00578	0.09683	0.01182	0.02217	0.01352	0.02131	0.01283	0.27700	0.01308	0.00313	0.00503	0.00552	0.07922	0.00577
10	0.02735	0.01767	0.19110	0.16493	0.04733	0.10008	0.02924	0.02126	0.21546	0.01986	0.09159	0.01897	0.01562	0.00704	0.00590	0.00189	0.00695	0.00585	0.00402	0.00790
11	0.00858	0.00664	0.00789	0.00747	0.00921	0.00626	0.00563	0.01230	0.08262	0.02173	0.49933	0.04557	0.23969	0.01249	0.00689	0.00191	0.00302	0.01081	0.00619	0.00577
12	0.00906	0.00737	0.00994	0.01209	0.12058	0.00709	0.00748	0.01204	0.06518	0.01844	0.18919	0.31606	0.17530	0.01373	0.00695	0.00208	0.00383	0.01221	0.00536	0.00601
13	0.07274	0.01230	0.01731	0.03639	0.32305	0.01285	0.01258	0.16376	0.01585	0.08464	0.01385	0.01635	0.01087	0.01050	0.09352	0.00263	0.00722	0.00534	0.07975	0.00848
14	0.02209	0.02819	0.01676	0.01524	0.01828	0.76843	0.01143	0.02361	0.01676	0.01447	0.00914	0.01066	0.00762	0.00609	0.00533	0.00152	0.01066	0.00381	0.00305	0.00686
15	0.01392	0.07200	0.30905	0.09819	0.15413	0.01499	0.11153	0.08456	0.04881	0.02016	0.01168	0.01407	0.00880	0.00572	0.00579	0.00184	0.00796	0.00508	0.00313	0.00860
16	0.01130	0.01307	0.09999	0.32672	0.04331	0.07979	0.01272	0.01466	0.01319	0.01701	0.11714	0.08622	0.08540	0.00852	0.00613	0.00188	0.00654	0.00729	0.00373	0.04539
17	0.00872	0.00573	0.00659	0.00697	0.00813	0.00550	0.00509	0.01051	0.01194	0.01720	0.03233	0.19465	0.19960	0.08696	0.06997	0.00289	0.00447	0.05897	0.25874	0.00504
18	0.01469	0.10242	0.01479	0.01125	0.01465	0.01496	0.00901	0.04559	0.57530	0.02355	0.02156	0.02042	0.01638	0.00755	0.00559	0.00186	0.00474	0.00614	0.08072	0.00882
19	0.03153	0.16798	0.01842	0.01385	0.10059	0.11317	0.01019	0.15950	0.01639	0.06974	0.01602	0.01673	0.07730	0.00656	0.00519	0.00150	0.00623	0.00502	0.00410	0.16001
20	0.02508	0.04686	0.29717	0.05708	0.06320	0.03686	0.01427	0.08357	0.02895	0.07974	0.09154	0.02051	0.07671	0.00732	0.00580	0.00179	0.00663	0.00594	0.00404	0.04692
21	0.01992	0.09714	0.01780	0.01305	0.01713	0.16486	0.01062	0.38549	0.12883	0.02795	0.04852	0.01558	0.01264	0.00706	0.00565	0.00171	0.00686	0.00526	0.00505	0.00887
22	0.01155	0.02543	0.01616	0.08576	0.10148	0.01376	0.01198	0.01362	0.01002	0.01473	0.01107	0.01672	0.01027	0.02046	0.26327	0.00469	0.35423	0.00554	0.00282	0.00644
23	0.01126	0.04347	0.03196	0.01122	0.07831	0.03856	0.00737	0.04537	0.06709	0.01506	0.01660	0.02900	0.01713	0.45074	0.08964	0.00471	0.02616	0.00717	0.00366	0.00552
24	0.01412	0.01373	0.02506	0.23238	0.09326	0.01428	0.32236	0.11688	0.01522	0.02037	0.01314	0.01905	0.01059	0.00635	0.00652	0.00199	0.00834	0.05510	0.00346	0.00782
25	0.01463	0.32494	0.02226	0.07393	0.14763	0.07248	0.01137	0.01856	0.08595	0.01742	0.07897	0.01563	0.01349	0.00612	0.00500	0.00152	0.00624	0.00481	0.00344	0.07562
26	0.00800	0.00603	0.00739	0.00705	0.00861	0.00542	0.00529	0.01044	0.01586	0.02162	0.56485	0.04762	0.24441	0.01287	0.00698	0.00190	0.00285	0.01118	0.00623	0.00542
27	0.01205	0.01141	0.01856	0.46578	0.18299	0.01377	0.01561	0.01529	0.01157	0.01567	0.01058	0.01617	0.00882	0.04371	0.00921	0.00220	0.13149	0.00540	0.00273	0.00699
28	0.01426	0.01361	0.01314	0.01392	0.09862	0.19194	0.00943	0.09012	0.05720	0.01854	0.01722	0.14925	0.01646	0.03032	0.16386	0.00346	0.00852	0.00728	0.07609	0.00677
29	0.00747	0.00593	0.00677	0.00720	0.00874	0.00524	0.00544	0.00912	0.01328	0.01656	0.09837	0.20661	0.46316	0.01568	0.00726	0.00217	0.00340	0.10698	0.00556	0.00505
30	0.01335	0.10284	0.09481	0.08044	0.07530	0.11083	0.07728	0.01736	0.08027	0.01753	0.10555	0.08203	0.01763	0.00884	0.00757	0.05895	0.03204	0.00665	0.00374	0.00700
31	0.00746	0.00548	0.00677	0.00750	0.00825	0.00504	0.00509	0.00866	0.01205	0.01585	0.11964	0.47377	0.17751	0.10629	0.00997	0.00264	0.00354	0.01432	0.00539	0.00479
32	0.11066	0.07769	0.08555	0.02801	0.03298	0.01210	0.10751	0.08448	0.01523	0.18756	0.07285	0.02326	0.10889	0.00784	0.00585	0.00184	0.00592	0.01904	0.00483	0.00790
33	0.07088	0.01014	0.03578	0.00975	0.01256	0.01009	0.00778	0.05035	0.23987	0.12960	0.12301	0.11246	0.02359	0.04592	0.00707	0.00209	0.00438	0.00790	0.08923	0.00756

[dist]
# distance from previous block
# <min> <max>
0	33

[block]
# block no. 7 follows, 39 sequences, length 15
# corresponding to MSA columns:
# 1415-1429
name=unknown_H
#
# <colnr> <probs for GDERKNQSTAVLIFYWHMCP>
#	G	D	E	R	K	N	Q	S	T	A	V	L	I	F	Y	W	H	M	C	P
0	0.01454	0.01281	0.04262	0.04323	0.05709	0.08702	0.00971	0.13173	0.07482	0.05437	0.04952	0.08924	0.07401	0.04203	0.00829	0.00206	0.08447	0.00720	0.10804	0.00720
1	0.00998	0.00718	0.00914	0.00878	0.00982	0.00783	0.00632	0.09130	0.01140	0.01569	0.01802	0.09063	0.01862	0.30188	0.35961	0.00672	0.01020	0.00788	0.00381	0.00518
2	0.03975	0.08354	0.04642	0.05092	0.13700	0.27747	0.01182	0.01964	0.05745	0.04833	0.04423	0.08096	0.01505	0.00793	0.00578	0.00179	0.00749	0.05327	0.00381	0.00734
3	0.01208	0.00979	0.01095	0.00947	0.01252	0.00974	0.00733	0.09349	0.21499	0.02278	0.17349	0.08882	0.12868	0.00983	0.00613	0.00176	0.00409	0.00834	0.00549	0.17024
4	0.53486	0.01207	0.01064	0.00901	0.01268	0.01368	0.00738	0.19969	0.01484	0.02876	0.01100	0.01218	0.00832	0.00606	0.00429	0.00176	0.00486	0.00400	0.09670	0.00723
5	0.11089	0.26343	0.02048	0.01167	0.01624	0.01899	0.01014	0.35184	0.09665	0.02731	0.01267	0.01301	0.00971	0.00637	0.00500	0.00164	0.00604	0.00454	0.00460	0.00879
6	0.00880	0.00701	0.00943	0.00925	0.00999	0.00764	0.00692	0.01066	0.01331	0.01878	0.34871	0.31141	0.04068	0.01413	0.00951	0.00220	0.14880	0.01191	0.00540	0.00546
7	0.01010	0.00611	0.00687	0.00688	0.00847	0.00561	0.00512	0.01192	0.01276	0.07789	0.03604	0.13726	0.27352	0.07887	0.00819	0.00222	0.00354	0.05716	0.24602	0.00544
8	0.01599	0.01197	0.01373	0.06079	0.13567	0.08133	0.00987	0.12015	0.07340	0.10100	0.07622	0.01988	0.01583	0.00708	0.00546	0.00168	0.00543	0.00583	0.23092	0.00776
9	0.00806	0.00595	0.00700	0.00703	0.00856	0.00537	0.00530	0.01021	0.01448	0.01953	0.32053	0.11131	0.31147	0.01356	0.00687	0.00197	0.00310	0.05859	0.07583	0.00528
10	0.01167	0.00929	0.01246	0.01126	0.01193	0.01143	0.00873	0.08275	0.01088	0.01546	0.01352	0.08471	0.01380	0.10350	0.14386	0.15853	0.28066	0.00674	0.00337	0.00544
11	0.01226	0.01051	0.01226	0.00876	0.01401	0.00788	0.00701	0.01489	0.01226	0.01927	0.01051	0.01226	0.00876	0.00438	0.00438	0.00088	0.00438	0.00350	0.00350	0.82832
12	0.01046	0.00914	0.03889	0.00899	0.01103	0.00883	0.00683	0.01684	0.24982	0.01857	0.10408	0.11560	0.11557	0.21771	0.01271	0.00298	0.00457	0.00924	0.00508	0.03308
13	0.10493	0.16127	0.01359	0.00978	0.01199	0.11802	0.00758	0.04650	0.01284	0.01709	0.02101	0.40564	0.02359	0.01219	0.00600	0.00197	0.00528	0.01029	0.00439	0.00605
14	0.01663	0.18693	0.04670	0.01348	0.06579	0.27940	0.01053	0.01893	0.01388	0.01641	0.00958	0.01127	0.00810	0.00524	0.00473	0.00128	0.00735	0.00369	0.00306	0.27703

[dist]
# distance from previous block
# <min> <max>
0	2

[block]
# block no. 8 follows, 39 sequences, length 9
# corresponding to MSA columns:
# 1432-1440
name=unknown_I
#
# <colnr> <probs for GDERKNQSTAVLIFYWHMCP>
#	G	D	E	R	K	N	Q	S	T	A	V	L	I	F	Y	W	H	M	C	P
0	0.01398	0.06313	0.08469	0.05604	0.28374	0.01305	0.01337	0.06128	0.12860	0.05349	0.01897	0.11211	0.05589	0.00811	0.00601	0.00188	0.00602	0.00712	0.00417	0.00834
1	0.01373	0.00912	0.01086	0.00962	0.01225	0.00939	0.00747	0.02144	0.27872	0.14866	0.36670	0.03215	0.03524	0.00982	0.00646	0.00191	0.00385	0.00845	0.00647	0.00770
2	0.06777	0.06199	0.06213	0.09054	0.26988	0.01235	0.04675	0.01663	0.01300	0.07792	0.05534	0.10543	0.04921	0.00801	0.00646	0.00190	0.03614	0.00700	0.00384	0.00772
3	0.01694	0.04441	0.21088	0.05224	0.06465	0.07428	0.08226	0.10078	0.01519	0.15676	0.01408	0.04967	0.01084	0.00704	0.00704	0.00190	0.07291	0.00566	0.00404	0.00844
4	0.00965	0.03531	0.00866	0.00824	0.00947	0.00650	0.00617	0.01114	0.01233	0.06131	0.10129	0.20606	0.12065	0.20512	0.01284	0.00311	0.00453	0.16733	0.00512	0.00517
5	0.00730	0.00534	0.00686	0.00788	0.00853	0.00491	0.00538	0.00857	0.01215	0.01609	0.11013	0.62164	0.12862	0.01743	0.00742	0.00230	0.00331	0.01565	0.00560	0.00491
6	0.06161	0.17063	0.06866	0.02066	0.23090	0.08771	0.12643	0.04305	0.01366	0.05286	0.01145	0.01480	0.00954	0.05532	0.00698	0.00194	0.00747	0.00506	0.00323	0.00804
7	0.06196	0.05927	0.01216	0.01117	0.05125	0.04259	0.00809	0.07474	0.06254	0.10941	0.04851	0.33206	0.03866	0.01226	0.00647	0.00207	0.00480	0.04987	0.00528	0.00684
8	0.00755	0.00541	0.00697	0.00808	0.00858	0.00510	0.00552	0.00863	0.01132	0.01492	0.03258	0.58838	0.08375	0.11326	0.01034	0.00281	0.00385	0.07297	0.00525	0.00472

[dist]
# distance from previous block
# <min> <max>
0	2

[block]
# block no. 9 follows, 39 sequences, length 13
# corresponding to MSA columns:
# 1443-1455
name=unknown_J
#
# <colnr> <probs for GDERKNQSTAVLIFYWHMCP>
#	G	D	E	R	K	N	Q	S	T	A	V	L	I	F	Y	W	H	M	C	P
0	0.17666	0.07604	0.05619	0.01950	0.22711	0.31500	0.01280	0.02018	0.01396	0.01837	0.00954	0.01160	0.00787	0.00564	0.00506	0.00165	0.00804	0.00409	0.00307	0.00763
1	0.00802	0.00674	0.00970	0.00917	0.01077	0.00623	0.08200	0.00969	0.01210	0.01551	0.03843	0.32282	0.30113	0.06056	0.07605	0.00302	0.00518	0.01277	0.00492	0.00518
2	0.01747	0.28939	0.02057	0.01197	0.01617	0.30769	0.00997	0.02046	0.06796	0.01597	0.01019	0.01141	0.00860	0.00555	0.00467	0.00134	0.00750	0.00374	0.00318	0.16623
3	0.05555	0.00864	0.01057	0.00870	0.01203	0.00775	0.00686	0.01459	0.01195	0.08204	0.05424	0.01891	0.01414	0.03412	0.21772	0.00361	0.00746	0.00514	0.06454	0.36145
4	0.01657	0.18720	0.13976	0.01780	0.12877	0.20108	0.04694	0.01947	0.01337	0.05107	0.01008	0.01230	0.00827	0.00628	0.00721	0.00174	0.11689	0.00442	0.00297	0.00783
5	0.01506	0.11724	0.21381	0.01467	0.01999	0.01385	0.12324	0.02187	0.16140	0.12331	0.01741	0.02190	0.01393	0.00741	0.00601	0.00193	0.00690	0.08737	0.00431	0.00841
6	0.00877	0.00709	0.01023	0.15724	0.01560	0.00779	0.00829	0.01121	0.01236	0.01682	0.19959	0.08765	0.12527	0.02247	0.26077	0.00450	0.02568	0.00876	0.00434	0.00555
7	0.00749	0.00582	0.00680	0.00696	0.00839	0.00514	0.00507	0.00930	0.01407	0.01830	0.27913	0.21342	0.36930	0.01482	0.00711	0.00204	0.00302	0.01285	0.00582	0.00514
8	0.01141	0.01041	0.06095	0.05601	0.09615	0.00904	0.08410	0.04974	0.01488	0.05924	0.19636	0.06570	0.20313	0.01009	0.00649	0.00190	0.00504	0.00895	0.04362	0.00678
9	0.00727	0.00587	0.00648	0.00661	0.00823	0.00507	0.00485	0.00893	0.01373	0.01724	0.18079	0.17052	0.51367	0.01502	0.00708	0.00204	0.00303	0.01284	0.00568	0.00507
10	0.04214	0.01334	0.04051	0.25406	0.07666	0.05517	0.15082	0.06946	0.05465	0.05867	0.05736	0.02022	0.06693	0.00697	0.00614	0.00190	0.00722	0.00637	0.00387	0.00752
11	0.01322	0.01342	0.07232	0.19820	0.08256	0.04332	0.09601	0.09148	0.01380	0.01897	0.01240	0.01707	0.01028	0.06799	0.06802	0.00260	0.00784	0.00542	0.03150	0.13358
12	0.10394	0.03778	0.04915	0.01312	0.01666	0.44333	0.01055	0.06032	0.01600	0.05513	0.05252	0.01564	0.01185	0.00678	0.00536	0.00163	0.00833	0.03489	0.00377	0.05323

[dist]
# distance from previous block
# <min> <max>
3	51

[block]
# block no. 10 follows, 39 sequences, length 8
# corresponding to MSA columns:
# 1542-1549
name=unknown_K
#
# <colnr> <probs for GDERKNQSTAVLIFYWHMCP>
#	G	D	E	R	K	N	Q	S	T	A	V	L	I	F	Y	W	H	M	C	P
0	0.07687	0.05322	0.07049	0.05792	0.07433	0.21384	0.01153	0.10583	0.05287	0.02027	0.01259	0.01568	0.01031	0.00781	0.02817	0.00196	0.04937	0.02702	0.08362	0.02632
1	0.01553	0.05270	0.11126	0.01561	0.09253	0.03414	0.08537	0.16383	0.06889	0.07670	0.04276	0.03772	0.09870	0.00774	0.00635	0.00182	0.02724	0.00652	0.00450	0.05009
2	0.07426	0.01544	0.13664	0.04549	0.12568	0.06571	0.03203	0.12453	0.03357	0.02125	0.05218	0.02558	0.10620	0.05736	0.00754	0.00214	0.00648	0.05631	0.00413	0.00747
3	0.05446	0.01386	0.01542	0.15834	0.02075	0.10502	0.04806	0.19100	0.09998	0.02288	0.01708	0.05561	0.03537	0.00797	0.00594	0.00187	0.00659	0.05807	0.03479	0.04696
4	0.01470	0.11894	0.05639	0.22136	0.02293	0.05177	0.01245	0.13947	0.13155	0.02035	0.01613	0.01786	0.06198	0.00739	0.00697	0.00188	0.08061	0.00560	0.00392	0.00774
5	0.09037	0.01389	0.08735	0.08780	0.07342	0.04717	0.07565	0.08557	0.05220	0.07449	0.02967	0.01744	0.01177	0.03173	0.14703	0.00339	0.05414	0.00559	0.00382	0.00751
6	0.12988	0.00746	0.00981	0.00923	0.01100	0.00729	0.07497	0.01109	0.01205	0.01775	0.08620	0.30154	0.16430	0.08811	0.00896	0.00249	0.00440	0.04323	0.00488	0.00535
7	0.01258	0.07048	0.07136	0.06748	0.01853	0.01052	0.07841	0.01578	0.01239	0.01850	0.01049	0.01268	0.00854	0.00469	0.00479	0.00117	0.00564	0.00400	0.00324	0.56874

[dist]
# distance from previous block
# <min> <max>
0	1

[block]
# block no. 11 follows, 39 sequences, length 49
# corresponding to MSA columns:
# 1551-1599
name=unknown_L
#
# <colnr> <probs for GDERKNQSTAVLIFYWHMCP>
#	G	D	E	R	K	N	Q	S	T	A	V	L	I	F	Y	W	H	M	C	P
0	0.04174	0.01034	0.11685	0.05011	0.01312	0.00797	0.00840	0.01290	0.07731	0.01747	0.09647	0.23722	0.16782	0.10442	0.00939	0.00251	0.00472	0.01059	0.00475	0.00590
1	0.37134	0.13013	0.01554	0.01196	0.03855	0.31187	0.00929	0.01991	0.01309	0.01975	0.00868	0.01017	0.00715	0.00566	0.00441	0.00163	0.00730	0.00350	0.00323	0.00685
2	0.01197	0.01377	0.13983	0.02236	0.36132	0.01083	0.01400	0.01564	0.01377	0.01996	0.16237	0.06069	0.05046	0.00786	0.00604	0.00181	0.00580	0.00708	0.06663	0.00781
3	0.01374	0.01072	0.01668	0.09104	0.34493	0.01055	0.01239	0.01669	0.01373	0.09592	0.13587	0.02208	0.01856	0.06195	0.00756	0.00200	0.00570	0.00635	0.04467	0.06890
