[name]
unknown

[dist]
# distance from previous block
# <min> <max>
0	215

[block]
# block no. 0 follows, 39 sequences, length 7
# corresponding to MSA columns:
# 302-308
name=unknown_A
#
# <colnr> <probs for GDERKNQSTAVLIFYWHMCP>
#	G	D	E	R	K	N	Q	S	T	A	V	L	I	F	Y	W	H	M	C	P
0	0.14090	0.07299	0.01626	0.19696	0.10632	0.13943	0.01199	0.01696	0.01262	0.01781	0.01258	0.01951	0.01125	0.00734	0.00644	0.00190	0.06319	0.08815	0.05059	0.00679
1	0.01111	0.01117	0.09789	0.00930	0.01252	0.00908	0.00826	0.14564	0.05146	0.02244	0.20419	0.03919	0.33177	0.01142	0.00658	0.00191	0.00435	0.00952	0.00548	0.00671
2	0.01561	0.01336	0.01638	0.01873	0.25339	0.09436	0.01135	0.05694	0.03714	0.09515	0.04803	0.05420	0.03619	0.00676	0.00560	0.00156	0.00596	0.00579	0.00415	0.21932
3	0.01319	0.01041	0.01292	0.08325	0.10216	0.04326	0.00922	0.05129	0.09103	0.07356	0.13176	0.10482	0.02193	0.07067	0.00787	0.00206	0.00519	0.00749	0.02830	0.12961
4	0.01074	0.00729	0.01298	0.01112	0.01236	0.00723	0.14109	0.01013	0.00908	0.01229	0.01124	0.01822	0.01056	0.02045	0.10788	0.57780	0.00730	0.00562	0.00272	0.00389
5	0.01510	0.05804	0.01655	0.05265	0.20626	0.08454	0.01145	0.15274	0.01626	0.05346	0.02197	0.11302	0.11131	0.00929	0.00619	0.00189	0.00614	0.05096	0.00445	0.00772
6	0.15671	0.06697	0.01350	0.02634	0.01420	0.12299	0.00856	0.12662	0.03977	0.09711	0.07655	0.04772	0.12895	0.00868	0.00618	0.00183	0.03872	0.00658	0.00478	0.00725

[dist]
# distance from previous block
# <min> <max>
0	2

[block]
# block no. 1 follows, 39 sequences, length 23
# corresponding to MSA columns:
# 311-333
name=unknown_B
#
# <colnr> <probs for GDERKNQSTAVLIFYWHMCP>
#	G	D	E	R	K	N	Q	S	T	A	V	L	I	F	Y	W	H	M	C	P
0	0.01530	0.01859	0.10937	0.02047	0.25046	0.22684	0.01361	0.01954	0.07876	0.01833	0.06668	0.07630	0.01505	0.00728	0.00585	0.00175	0.00738	0.00609	0.00366	0.03870
1	0.59383	0.01184	0.01060	0.00930	0.01262	0.01389	0.00760	0.07726	0.07618	0.02573	0.01045	0.01198	0.00823	0.00807	0.04182	0.00226	0.06348	0.00398	0.00395	0.00692
2	0.01226	0.01518	0.15530	0.19862	0.12795	0.01300	0.09878	0.01836	0.12317	0.01843	0.01805	0.02187	0.07657	0.00743	0.00669	0.00199	0.03581	0.03922	0.00358	0.00775
3	0.01259	0.01593	0.17266	0.34916	0.30028	0.01360	0.01817	0.01697	0.01256	0.01740	0.01076	0.01468	0.00835	0.00562	0.00583	0.00187	0.00774	0.00508	0.00271	0.00804
4	0.01296	0.01794	0.25074	0.12883	0.02203	0.04767	0.04123	0.10057	0.10848	0.02070	0.05593	0.02296	0.12887	0.00792	0.00607	0.00190	0.00678	0.00656	0.00407	0.00779
5	0.83394	0.01144	0.00869	0.00778	0.01144	0.01327	0.00640	0.01738	0.01006	0.02653	0.00823	0.00961	0.00640	0.00549	0.00366	0.00183	0.00457	0.00320	0.00366	0.00640
6	0.00848	0.00619	0.00877	0.00877	0.00958	0.00700	0.00648	0.01009	0.00929	0.01319	0.01651	0.02694	0.01639	0.22337	0.59192	0.00860	0.01342	0.00688	0.00327	0.00487
7	0.00721	0.00515	0.00686	0.00823	0.00858	0.00480	0.00549	0.00823	0.01132	0.01510	0.03259	0.78831	0.03911	0.01853	0.00755	0.00240	0.00343	0.01681	0.00549	0.00480
8	0.00845	0.00634	0.00950	0.00950	0.01056	0.00739	0.00739	0.01056	0.00950	0.01373	0.01584	0.02323	0.01478	0.04435	0.76873	0.00950	0.01584	0.00634	0.00317	0.00528
9	0.02209	0.02819	0.01676	0.01524	0.01828	0.76843	0.01143	0.02361	0.01676	0.01447	0.00914	0.01066	0.00762	0.00609	0.00533	0.00152	0.01066	0.00381	0.00305	0.00686
10	0.00791	0.00608	0.00727	0.00712	0.00875	0.00544	0.00543	0.01018	0.01523	0.02022	0.42663	0.05083	0.32974	0.01354	0.00707	0.00198	0.00306	0.06218	0.00603	0.00534
11	0.01112	0.00843	0.01396	0.01130	0.01392	0.00778	0.15528	0.01431	0.01619	0.08759	0.53603	0.03626	0.04256	0.01021	0.00689	0.00188	0.00446	0.00951	0.00586	0.00647
12	0.01236	0.01068	0.01501	0.01126	0.01559	0.00922	0.11670	0.07395	0.01495	0.02185	0.20193	0.02119	0.02101	0.00668	0.00557	0.00137	0.00499	0.00603	0.00440	0.42526
13	0.01600	0.01364	0.01362	0.01216	0.01537	0.08028	0.00971	0.17150	0.38892	0.02522	0.02160	0.02618	0.01777	0.00887	0.00617	0.00199	0.00561	0.11309	0.04378	0.00851
14	0.01691	0.01432	0.01711	0.01399	0.01786	0.08042	0.11880	0.11363	0.36125	0.09566	0.07001	0.02051	0.01706	0.00749	0.00615	0.00191	0.00613	0.00652	0.00545	0.00882
15	0.01184	0.01176	0.16350	0.01054	0.01386	0.00786	0.01014	0.01509	0.01439	0.13090	0.20107	0.11411	0.09475	0.01186	0.00686	0.00211	0.00501	0.16224	0.00539	0.00675
16	0.01518	0.01885	0.15712	0.01503	0.07949	0.19910	0.01238	0.09460	0.07938	0.01940	0.01498	0.10934	0.01347	0.01076	0.06868	0.00239	0.00807	0.00623	0.00384	0.07169
17	0.04125	0.06154	0.00936	0.00750	0.00969	0.04253	0.00586	0.01231	0.01473	0.05384	0.30528	0.04189	0.31671	0.01178	0.00640	0.00184	0.00365	0.00984	0.03823	0.00578
18	0.04829	0.01258	0.01318	0.01088	0.01429	0.07801	0.00864	0.25917	0.01969	0.15987	0.19899	0.07535	0.02380	0.00890	0.00610	0.00179	0.00532	0.00727	0.00585	0.04201
19	0.01243	0.01324	0.16435	0.01066	0.01457	0.00976	0.01005	0.01913	0.18921	0.09766	0.21589	0.04353	0.12338	0.00949	0.00627	0.00188	0.00480	0.00801	0.00538	0.04030
20	0.05065	0.05266	0.10746	0.01906	0.22763	0.06753	0.01324	0.18647	0.05169	0.05287	0.01343	0.01497	0.01026	0.00619	0.00543	0.00171	0.00655	0.00501	0.09852	0.00865
21	0.11680	0.07206	0.09680	0.01320	0.04649	0.23743	0.01086	0.10550	0.04490	0.02087	0.09791	0.08122	0.01644	0.00780	0.00555	0.00175	0.00700	0.00600	0.00409	0.00733
22	0.01845	0.17412	0.04705	0.04828	0.01820	0.10806	0.01114	0.25399	0.19209	0.04891	0.01473	0.01490	0.01112	0.00668	0.00543	0.00171	0.00664	0.00501	0.00468	0.00880

[dist]
# distance from previous block
# <min> <max>
4	43

[block]
# block no. 2 follows, 39 sequences, length 34
# corresponding to MSA columns:
# 377-410
name=unknown_C
#
# <colnr> <probs for GDERKNQSTAVLIFYWHMCP>
#	G	D	E	R	K	N	Q	S	T	A	V	L	I	F	Y	W	H	M	C	P
0	0.01263	0.01204	0.01777	0.25992	0.26189	0.05145	0.01400	0.01556	0.01250	0.01695	0.07389	0.01901	0.01356	0.07155	0.00927	0.00220	0.08596	0.00584	0.00319	0.04083
1	0.01947	0.01385	0.01515	0.01244	0.01651	0.01528	0.01001	0.30870	0.35784	0.13479	0.02007	0.01869	0.01441	0.00756	0.00597	0.00189	0.00545	0.00604	0.00616	0.00974
2	0.35673	0.00953	0.00966	0.00818	0.01160	0.00982	0.00665	0.02046	0.01300	0.27835	0.01611	0.01624	0.01136	0.00646	0.00456	0.00172	0.00429	0.00471	0.20312	0.00745
3	0.00754	0.00541	0.00716	0.00801	0.00865	0.00503	0.00552	0.00908	0.01288	0.01758	0.23972	0.57411	0.04392	0.01667	0.00738	0.00225	0.00325	0.01505	0.00578	0.00503
4	0.01692	0.01460	0.01692	0.01569	0.07680	0.11997	0.01182	0.11440	0.01407	0.11310	0.01192	0.01490	0.00978	0.01198	0.08929	0.00287	0.32836	0.00523	0.00379	0.00758
5	0.00790	0.00565	0.00765	0.00893	0.00960	0.00539	0.00661	0.00948	0.01221	0.01622	0.06590	0.55437	0.03849	0.01762	0.00769	0.00246	0.00396	0.20932	0.00553	0.00502
6	0.00846	0.00629	0.00925	0.00925	0.01022	0.00726	0.00708	0.01040	0.00943	0.01354	0.01607	0.02451	0.01534	0.10610	0.70775	0.00919	0.01501	0.00652	0.00320	0.00514
7	0.00860	0.00573	0.00645	0.00645	0.00645	0.00573	0.00358	0.00860	0.00860	0.01147	0.01863	0.03870	0.02150	0.79217	0.03010	0.00573	0.00573	0.00860	0.00358	0.00358
8	0.00803	0.00603	0.00744	0.00709	0.00863	0.00544	0.00531	0.01051	0.01594	0.02182	0.58290	0.04729	0.22624	0.01280	0.00698	0.00189	0.00284	0.01113	0.00626	0.00544
9	0.02239	0.01937	0.01751	0.01400	0.01833	0.19934	0.01129	0.56376	0.02514	0.03177	0.01298	0.01335	0.00947	0.00686	0.00578	0.00171	0.00751	0.00496	0.00522	0.00928
10	0.01381	0.27451	0.34685	0.01936	0.19830	0.01694	0.01716	0.01826	0.01257	0.01731	0.00996	0.01203	0.00798	0.00535	0.00508	0.00165	0.00754	0.00420	0.00261	0.00852
11	0.01674	0.28735	0.02324	0.05285	0.01917	0.23415	0.11117	0.02097	0.10578	0.01661	0.01168	0.01327	0.00951	0.00586	0.00509	0.00158	0.00777	0.00455	0.04517	0.00750
12	0.51759	0.01566	0.01069	0.00970	0.01295	0.22986	0.00762	0.01882	0.01223	0.02261	0.00961	0.01116	0.00763	0.00580	0.00419	0.00170	0.00614	0.00361	0.08599	0.00644
13	0.04924	0.01460	0.09431	0.02002	0.23017	0.01318	0.07270	0.13702	0.08774	0.08530	0.01801	0.05868	0.04672	0.00763	0.00610	0.00191	0.00643	0.03716	0.00444	0.00864
14	0.01450	0.08227	0.21149	0.01323	0.01822	0.01538	0.01281	0.06783	0.45030	0.02299	0.01866	0.01805	0.01395	0.00709	0.00572	0.00190	0.00599	0.00571	0.00480	0.00909
15	0.00986	0.00531	0.00756	0.00756	0.00761	0.00536	0.00495	0.00802	0.00797	0.01067	0.01215	0.02220	0.01264	0.16899	0.06209	0.62972	0.00579	0.00586	0.00279	0.00290
16	0.01249	0.01204	0.01788	0.33479	0.20359	0.05220	0.01449	0.01536	0.01165	0.01558	0.01111	0.01708	0.00970	0.07345	0.05093	0.00271	0.12969	0.00551	0.00282	0.00693
17	0.01402	0.01130	0.01230	0.01114	0.01396	0.01256	0.00856	0.15912	0.39684	0.02439	0.02581	0.20970	0.05326	0.01072	0.00641	0.00206	0.00465	0.00915	0.00585	0.00819
18	0.01685	0.01417	0.01433	0.01179	0.01591	0.07584	0.00934	0.17703	0.32649	0.05376	0.01743	0.01700	0.01311	0.00676	0.00554	0.00164	0.00551	0.00536	0.00519	0.20695
19	0.00782	0.00559	0.00697	0.00757	0.00820	0.00526	0.00512	0.00901	0.01189	0.01589	0.15589	0.38444	0.10167	0.20370	0.01287	0.00309	0.00392	0.04124	0.00520	0.00469
20	0.00851	0.00608	0.00708	0.00717	0.00781	0.00597	0.00462	0.01015	0.05028	0.01512	0.14003	0.16959	0.09392	0.42602	0.01926	0.00402	0.00458	0.01058	0.00467	0.00454
21	0.00977	0.00817	0.01170	0.04217	0.01254	0.01023	0.00870	0.01145	0.00936	0.01360	0.01387	0.02236	0.01358	0.13789	0.43629	0.00684	0.21674	0.00630	0.00305	0.00541
22	0.01390	0.01031	0.01592	0.51299	0.03146	0.01174	0.01353	0.05386	0.01343	0.13351	0.01454	0.07997	0.01168	0.00715	0.00597	0.00192	0.00681	0.00623	0.00382	0.05126
23	0.01226	0.01051	0.01226	0.00876	0.01401	0.00788	0.00701	0.01489	0.01226	0.01927	0.01051	0.01226	0.00876	0.00438	0.00438	0.00088	0.00438	0.00350	0.00350	0.82832
24	0.00845	0.00634	0.00950	0.00950	0.01056	0.00739	0.00739	0.01056	0.00950	0.01373	0.01584	0.02323	0.01478	0.04435	0.76873	0.00950	0.01584	0.00634	0.00317	0.00528
25	0.00860	0.00573	0.00645	0.00645	0.00645	0.00573	0.00358	0.00860	0.00860	0.01147	0.01863	0.03870	0.02150	0.79217	0.03010	0.00573	0.00573	0.00860	0.00358	0.00358
26	0.00846	0.00627	0.00919	0.00919	0.01014	0.00722	0.00700	0.01036	0.00941	0.01350	0.01613	0.02481	0.01547	0.12070	0.69332	0.00912	0.01481	0.00657	0.00321	0.00511
27	0.00755	0.00557	0.00707	0.00770	0.00863	0.00509	0.00543	0.00919	0.01325	0.01775	0.24243	0.44637	0.15692	0.01609	0.00731	0.00219	0.00322	0.02741	0.00578	0.00507
28	0.08466	0.01880	0.19828	0.02044	0.23165	0.01557	0.01539	0.29678	0.01852	0.02674	0.01196	0.01353	0.00894	0.00608	0.00564	0.00180	0.00704	0.00490	0.00404	0.00924
29	0.01224	0.00892	0.01028	0.00952	0.01196	0.00917	0.00722	0.01968	0.28749	0.09035	0.15467	0.18855	0.10575	0.01142	0.00652	0.00199	0.00394	0.00989	0.00595	0.04450
30	0.01397	0.09279	0.01999	0.10704	0.22014	0.05189	0.07654	0.07656	0.06689	0.01973	0.08247	0.09345	0.01675	0.00776	0.00637	0.00185	0.02722	0.00687	0.00391	0.00779
31	0.04941	0.08349	0.01799	0.08222	0.15918	0.33363	0.01210	0.04503	0.01490	0.04728	0.01268	0.09162	0.01151	0.00717	0.00556	0.00171	0.00802	0.00560	0.00350	0.00739
32	0.12648	0.10821	0.05305	0.01058	0.01441	0.08913	0.04734	0.05125	0.07601	0.07781	0.02642	0.02600	0.22363	0.00860	0.00560	0.00177	0.00559	0.00682	0.00448	0.03682
33	0.06732	0.05362	0.05465	0.05437	0.01598	0.07574	0.01058	0.07980	0.08827	0.01981	0.11591	0.02103	0.01737	0.01296	0.10098	0.00292	0.16658	0.03108	0.00405	0.00699

[dist]
# distance from previous block
# <min> <max>
0	2

[block]
# block no. 3 follows, 39 sequences, length 15
# corresponding to MSA columns:
# 413-416,420-430
name=unknown_D
#
# <colnr> <probs for GDERKNQSTAVLIFYWHMCP>
#	G	D	E	R	K	N	Q	S	T	A	V	L	I	F	Y	W	H	M	C	P
0	0.01429	0.11435	0.01571	0.01334	0.07287	0.21578	0.00980	0.01635	0.01269	0.01582	0.04465	0.01716	0.01264	0.01690	0.21051	0.00375	0.08686	0.00515	0.09490	0.00648
1	0.00861	0.00660	0.00903	0.01008	0.06857	0.00660	0.00663	0.01046	0.01221	0.01676	0.20561	0.13197	0.12122	0.13850	0.21566	0.00458	0.00719	0.00978	0.00463	0.00533
2	0.01348	0.28593	0.31888	0.01422	0.01942	0.01816	0.01553	0.01721	0.01143	0.01592	0.00905	0.01159	0.00760	0.00667	0.00861	0.00185	0.21000	0.00417	0.00253	0.00776
3	0.01472	0.01062	0.03532	0.01360	0.01672	0.01001	0.18912	0.03791	0.01349	0.16984	0.08533	0.02476	0.06308	0.01107	0.01104	0.17379	0.06364	0.04480	0.00445	0.00671
4	0.00846	0.00620	0.00783	0.00783	0.00903	0.00591	0.00571	0.01129	0.04989	0.02048	0.45362	0.18870	0.07948	0.07593	0.00895	0.00233	0.00337	0.04362	0.00596	0.00542
5	0.01161	0.00969	0.01281	0.09525	0.14213	0.01012	0.00975	0.06403	0.14824	0.03321	0.02998	0.19565	0.19116	0.01118	0.00653	0.00203	0.00488	0.00976	0.00491	0.00711
6	0.01576	0.13063	0.11087	0.01954	0.15400	0.12698	0.12527	0.05811	0.10763	0.01896	0.01205	0.01406	0.00960	0.00618	0.00666	0.00180	0.06518	0.00509	0.00337	0.00827
7	0.01407	0.01116	0.01022	0.00942	0.01092	0.16508	0.00664	0.01510	0.01170	0.12474	0.01688	0.02739	0.01641	0.38068	0.14995	0.00493	0.00841	0.00681	0.00396	0.00553
8	0.00721	0.00515	0.00686	0.00823	0.00858	0.00480	0.00549	0.00823	0.01132	0.01510	0.03259	0.78831	0.03911	0.01853	0.00755	0.00240	0.00343	0.01681	0.00549	0.00480
9	0.01282	0.05975	0.22743	0.04605	0.19125	0.08083	0.01514	0.01650	0.01253	0.01697	0.01398	0.08478	0.01307	0.01120	0.07643	0.00263	0.05730	0.05060	0.00317	0.00757
10	0.01677	0.13420	0.02234	0.02021	0.20175	0.17928	0.09793	0.02136	0.11455	0.05191	0.01243	0.01429	0.00998	0.00628	0.00671	0.00177	0.07149	0.00506	0.00350	0.00818
11	0.01352	0.01800	0.20401	0.07995	0.34711	0.06895	0.01665	0.01835	0.05948	0.01844	0.01372	0.08991	0.01212	0.00693	0.00594	0.00186	0.00728	0.00615	0.00325	0.00837
12	0.00797	0.00564	0.00737	0.00791	0.00837	0.00568	0.00532	0.00904	0.01053	0.01437	0.07827	0.35035	0.03003	0.25430	0.17253	0.00483	0.00665	0.01173	0.00451	0.00460
13	0.15027	0.17198	0.06014	0.17475	0.11282	0.01538	0.08932	0.05158	0.01327	0.09151	0.01133	0.01354	0.00862	0.00567	0.00521	0.00175	0.00684	0.00470	0.00346	0.00786
14	0.11431	0.19249	0.08564	0.01836	0.21556	0.06431	0.01296	0.15583	0.01575	0.02224	0.04242	0.01362	0.01047	0.00598	0.00513	0.00166	0.00667	0.00462	0.00362	0.00837

[dist]
# distance from previous block
# <min> <max>
0	6

[block]
# block no. 4 follows, 39 sequences, length 17
# corresponding to MSA columns:
# 438-454
name=unknown_E
#
# <colnr> <probs for GDERKNQSTAVLIFYWHMCP>
#	G	D	E	R	K	N	Q	S	T	A	V	L	I	F	Y	W	H	M	C	P
0	0.01136	0.03574	0.40650	0.10941	0.02243	0.01200	0.01599	0.04355	0.05321	0.01873	0.04827	0.16421	0.01643	0.00860	0.00608	0.00198	0.00699	0.00729	0.00359	0.00763
1	0.00925	0.00614	0.00723	0.00722	0.00854	0.00558	0.00510	0.01056	0.01255	0.07557	0.11983	0.17814	0.27942	0.20678	0.01276	0.00299	0.00398	0.03799	0.00528	0.00510
2	0.01302	0.25207	0.45600	0.01403	0.02097	0.01625	0.01668	0.01896	0.06936	0.01766	0.01314	0.01432	0.04136	0.00606	0.00518	0.00171	0.00746	0.00456	0.00291	0.00829
3	0.01194	0.01130	0.01342	0.01502	0.14880	0.10206	0.00976	0.01399	0.01180	0.01559	0.01768	0.02496	0.07301	0.10067	0.21967	0.00434	0.07148	0.04521	0.00345	0.08585
4	0.00953	0.00675	0.00779	0.00738	0.00911	0.00662	0.00558	0.01386	0.10631	0.02232	0.39954	0.03857	0.14708	0.01090	0.00625	0.00180	0.00305	0.00935	0.18229	0.00595
5	0.01253	0.05599	0.07709	0.02097	0.31430	0.04319	0.01283	0.01627	0.06139	0.01775	0.04865	0.11506	0.01765	0.07629	0.05318	0.00266	0.00684	0.03613	0.00372	0.00750
6	0.01353	0.01292	0.02200	0.27341	0.52684	0.01376	0.01760	0.01718	0.01294	0.01797	0.01093	0.01500	0.00889	0.00547	0.00587	0.00182	0.00730	0.00526	0.00283	0.00847
7	0.01172	0.16750	0.46355	0.01345	0.01998	0.01372	0.01607	0.01667	0.01302	0.01821	0.10699	0.01989	0.08097	0.00717	0.00557	0.00177	0.00703	0.00567	0.00327	0.00779
8	0.01581	0.79572	0.03099	0.01012	0.01518	0.02340	0.01012	0.01771	0.01202	0.01391	0.00822	0.00949	0.00759	0.00506	0.00379	0.00126	0.00632	0.00316	0.00253	0.00759
9	0.00718	0.00524	0.00677	0.00800	0.00852	0.00482	0.00538	0.00826	0.01155	0.01519	0.03547	0.71133	0.11423	0.01815	0.00749	0.00236	0.00339	0.01636	0.00549	0.00482
10	0.02150	0.01703	0.01713	0.01355	0.01797	0.07835	0.01103	0.59219	0.11445	0.03390	0.01500	0.01487	0.01084	0.00713	0.00588	0.00178	0.00662	0.00537	0.00570	0.00971
11	0.00898	0.14782	0.01183	0.05400	0.01165	0.00865	0.00694	0.01035	0.01153	0.01491	0.02761	0.58345	0.05013	0.01527	0.00676	0.00216	0.00420	0.01356	0.00479	0.00541
12	0.01223	0.10539	0.01372	0.00925	0.01289	0.01028	0.00746	0.07162	0.01244	0.01793	0.01265	0.01747	0.01150	0.09710	0.18898	0.00356	0.00766	0.00482	0.00351	0.37955
13	0.01911	0.28788	0.02052	0.01244	0.01610	0.37567	0.01022	0.02080	0.01469	0.08587	0.01216	0.07649	0.01093	0.00690	0.00505	0.00154	0.00803	0.00488	0.00348	0.00724
14	0.01294	0.01294	0.01811	0.01553	0.01553	0.01811	0.01294	0.01423	0.00906	0.01423	0.00776	0.01294	0.00776	0.01035	0.01941	0.00259	0.78134	0.00518	0.00259	0.00647
15	0.00717	0.00530	0.00670	0.00782	0.00847	0.00484	0.00531	0.00828	0.01172	0.01526	0.03761	0.65399	0.17019	0.01788	0.00745	0.00233	0.00335	0.01602	0.00549	0.00484
16	0.01590	0.02014	0.17494	0.07857	0.06290	0.27041	0.01282	0.01896	0.01458	0.08757	0.02134	0.02200	0.15946	0.00785	0.00587	0.00178	0.00771	0.00610	0.00379	0.00732

[dist]
# distance from previous block
# <min> <max>
0	47

[block]
# block no. 5 follows, 39 sequences, length 36
# corresponding to MSA columns:
# 502-537
name=unknown_F
#
# <colnr> <probs for GDERKNQSTAVLIFYWHMCP>
#	G	D	E	R	K	N	Q	S	T	A	V	L	I	F	Y	W	H	M	C	P
0	0.15224	0.01121	0.01369	0.01181	0.01388	0.01357	0.00965	0.13698	0.01314	0.07793	0.01243	0.01606	0.01044	0.01837	0.22553	0.00422	0.24271	0.00526	0.00386	0.00701
1	0.09306	0.01608	0.13773	0.01179	0.01549	0.13046	0.01045	0.09853	0.07139	0.05604	0.01843	0.23281	0.01788	0.00970	0.00594	0.00190	0.00615	0.00801	0.00449	0.05367
2	0.01512	0.01245	0.01492	0.01680	0.19558	0.06083	0.01055	0.17364	0.08381	0.06388	0.02446	0.11899	0.13641	0.03689	0.00710	0.00203	0.00567	0.00808	0.00488	0.00791
3	0.10719	0.01582	0.01666	0.39310	0.07555	0.22679	0.01364	0.01860	0.01337	0.05088	0.01050	0.01376	0.00805	0.00594	0.00549	0.00181	0.00811	0.00465	0.00310	0.00697
4	0.01225	0.01817	0.26613	0.01353	0.01809	0.05160	0.05739	0.07172	0.04763	0.01882	0.02507	0.02582	0.21930	0.00915	0.00808	0.00200	0.11698	0.00709	0.00384	0.00734
5	0.00802	0.00552	0.00671	0.00724	0.00747	0.00535	0.00449	0.00863	0.01024	0.01375	0.07374	0.34079	0.03090	0.42814	0.01946	0.00413	0.00461	0.01205	0.00455	0.00421
6	0.00765	0.00581	0.00648	0.00661	0.00774	0.00525	0.00451	0.00883	0.01223	0.01557	0.13336	0.14825	0.36068	0.23507	0.01360	0.00309	0.00380	0.01173	0.00508	0.00464
7	0.01440	0.01391	0.02408	0.08131	0.68112	0.01403	0.04801	0.01800	0.01339	0.01905	0.01112	0.01476	0.00926	0.00530	0.00591	0.00178	0.00720	0.00534	0.00291	0.00914
8	0.01020	0.00635	0.00768	0.00757	0.00936	0.00557	0.00558	0.01183	0.01372	0.12984	0.13081	0.28052	0.32958	0.01458	0.00701	0.00208	0.00342	0.01263	0.00589	0.00578
9	0.02119	0.01591	0.01811	0.01393	0.01850	0.01750	0.04748	0.65491	0.02598	0.03490	0.01419	0.01484	0.01029	0.00928	0.05276	0.00226	0.00725	0.00547	0.00560	0.00966
10	0.00859	0.00578	0.00668	0.00668	0.00676	0.00586	0.00387	0.00875	0.00867	0.01164	0.01842	0.03752	0.02099	0.73534	0.08623	0.00602	0.00650	0.00843	0.00355	0.00371
11	0.01977	0.31964	0.02189	0.01305	0.05039	0.21181	0.01058	0.06617	0.05660	0.15835	0.01273	0.01306	0.00976	0.00606	0.00495	0.00154	0.00715	0.00429	0.00400	0.00820
12	0.01723	0.01685	0.01461	0.01296	0.01636	0.19960	0.01004	0.09458	0.50013	0.02338	0.01950	0.01855	0.01476	0.00747	0.00584	0.00187	0.00631	0.00586	0.00528	0.00881
13	0.00754	0.00601	0.00675	0.00657	0.00833	0.00523	0.00493	0.00955	0.01478	0.01906	0.33584	0.05184	0.47502	0.01383	0.00698	0.00194	0.00291	0.01177	0.00590	0.00523
14	0.01424	0.34142	0.21013	0.06253	0.22702	0.01779	0.01565	0.01794	0.01253	0.01670	0.00976	0.01203	0.00808	0.00531	0.00495	0.00159	0.00721	0.00417	0.00264	0.00832
15	0.01593	0.02056	0.10027	0.01842	0.02259	0.27577	0.27540	0.01921	0.01405	0.01657	0.01200	0.07342	0.01056	0.00706	0.00764	0.00191	0.09209	0.00618	0.00311	0.00726
16	0.00721	0.00515	0.00686	0.00823	0.00858	0.00480	0.00549	0.00823	0.01132	0.01510	0.03259	0.78831	0.03911	0.01853	0.00755	0.00240	0.00343	0.01681	0.00549	0.00480
17	0.00974	0.01388	0.23643	0.07061	0.01683	0.00877	0.01187	0.01376	0.01440	0.02027	0.33314	0.06021	0.04648	0.01052	0.00667	0.00201	0.00538	0.10769	0.00479	0.00656
18	0.04511	0.07503	0.01909	0.25554	0.06339	0.09594	0.06861	0.13580	0.03950	0.08516	0.01419	0.01627	0.03651	0.00653	0.00593	0.00182	0.01848	0.00538	0.00391	0.00784
19	0.21363	0.01044	0.01194	0.00966	0.01361	0.01027	0.00789	0.07717	0.04254	0.40797	0.06813	0.02129	0.06491	0.00772	0.00554	0.00185	0.00474	0.00602	0.00613	0.00855
20	0.01086	0.01009	0.01689	0.71817	0.03823	0.01249	0.01557	0.01458	0.01179	0.01511	0.01223	0.07577	0.01031	0.00689	0.00604	0.00200	0.00754	0.00615	0.00285	0.00643
21	0.01731	0.44293	0.02555	0.01250	0.01708	0.14618	0.06646	0.12556	0.02721	0.01814	0.01208	0.01317	0.04088	0.00601	0.00479	0.00148	0.00719	0.00435	0.00334	0.00778
22	0.00950	0.01423	0.26177	0.01080	0.01423	0.00849	0.01096	0.01269	0.01184	0.01660	0.10691	0.11107	0.06000	0.19949	0.07134	0.00351	0.00678	0.05980	0.00396	0.00603
23	0.00716	0.00559	0.00651	0.00715	0.00832	0.00493	0.00503	0.00850	0.01261	0.01596	0.08276	0.40804	0.37332	0.01653	0.00726	0.00218	0.00319	0.01447	0.00554	0.00493
24	0.01375	0.01188	0.06496	0.20219	0.02292	0.01128	0.11524	0.10540	0.02848	0.10138	0.10891	0.14928	0.02042	0.00899	0.00646	0.00199	0.00632	0.00817	0.00462	0.00736
25	0.06671	0.09505	0.02018	0.07875	0.25412	0.05073	0.05355	0.10636	0.05202	0.09350	0.01415	0.06404	0.01172	0.00674	0.00568	0.00179	0.00660	0.00583	0.00403	0.00845
26	0.00792	0.00662	0.00825	0.00814	0.00956	0.00633	0.03095	0.00937	0.01233	0.01553	0.04368	0.23880	0.41285	0.06492	0.00952	0.00241	0.05750	0.04514	0.00508	0.00508
27	0.00996	0.00889	0.01285	0.05347	0.25744	0.00849	0.00978	0.01246	0.01395	0.01835	0.15856	0.03876	0.35249	0.01083	0.00656	0.00189	0.00453	0.00944	0.00468	0.00662
28	0.01288	0.02924	0.21851	0.37267	0.12796	0.01406	0.04902	0.07264	0.01355	0.01850	0.01093	0.01453	0.00819	0.00579	0.00584	0.00189	0.00796	0.00507	0.00290	0.00787
29	0.01271	0.05437	0.06987	0.36753	0.12690	0.01454	0.15464	0.01735	0.04764	0.01698	0.01126	0.01526	0.00873	0.00594	0.00675	0.00194	0.05169	0.00549	0.00288	0.00753
30	0.01817	0.02039	0.01460	0.01408	0.05103	0.47969	0.01008	0.01977	0.01449	0.05299	0.01214	0.01649	0.01078	0.09543	0.14112	0.00338	0.01058	0.00493	0.00334	0.00652
31	0.05501	0.05482	0.18283	0.05323	0.41036	0.01406	0.07303	0.01786	0.01314	0.01931	0.04323	0.01511	0.01068	0.00564	0.00573	0.00179	0.00731	0.00524	0.00300	0.00862
32	0.01357	0.07670	0.14773	0.02815	0.49666	0.01383	0.01698	0.01733	0.01305	0.01846	0.01300	0.06797	0.01182	0.00661	0.00585	0.00182	0.00696	0.03175	0.00309	0.00867
33	0.01821	0.09378	0.14322	0.04889	0.09971	0.11219	0.06842	0.12284	0.01595	0.15290	0.01296	0.01424	0.00951	0.00636	0.00649	0.00179	0.05494	0.00498	0.00402	0.00859
34	0.01528	0.01723	0.05306	0.05610	0.33313	0.20004	0.09243	0.01839	0.01411	0.01761	0.01472	0.04439	0.05562	0.00661	0.00591	0.00176	0.00783	0.00592	0.03198	0.00788
35	0.01678	0.10111	0.16190	0.05723	0.15071	0.01396	0.05453	0.12764	0.01587	0.15491	0.04100	0.05155	0.01282	0.00684	0.00580	0.00180	0.00673	0.00582	0.00428	0.00871

[dist]
# distance from previous block
# <min> <max>
8	113

[block]
# block no. 6 follows, 39 sequences, length 43
# corresponding to MSA columns:
# 654-696
name=unknown_G
#
# <colnr> <probs for GDERKNQSTAVLIFYWHMCP>
#	G	D	E	R	K	N	Q	S	T	A	V	L	I	F	Y	W	H	M	C	P
0	0.04225	0.13672	0.06766	0.01150	0.01472	0.09502	0.05991	0.01630	0.04506	0.07401	0.01937	0.27743	0.01975	0.01182	0.03987	0.00222	0.00634	0.00876	0.00427	0.04702
1	0.01689	0.01402	0.01906	0.04854	0.20934	0.04739	0.08769	0.26141	0.01820	0.06037	0.01654	0.05271	0.04695	0.06469	0.00788	0.00212	0.00681	0.00653	0.00444	0.00844
2	0.13062	0.04101	0.01680	0.04156	0.24503	0.06870	0.01178	0.10576	0.10054	0.05861	0.04955	0.07592	0.01457	0.00736	0.00565	0.00183	0.00604	0.00615	0.00432	0.00821
3	0.01469	0.08210	0.35915	0.01397	0.02012	0.08193	0.04224	0.05042	0.01405	0.09623	0.01622	0.04665	0.06317	0.00692	0.00563	0.00175	0.00735	0.00554	0.00363	0.06824
4	0.01433	0.37268	0.30415	0.01397	0.02048	0.01815	0.07394	0.05192	0.01311	0.01747	0.00981	0.01149	0.00783	0.00533	0.00487	0.00156	0.00745	0.00405	0.00276	0.04464
5	0.00932	0.00690	0.00758	0.00706	0.00899	0.00643	0.00528	0.04355	0.04665	0.01993	0.21824	0.04176	0.31502	0.07216	0.00815	0.00210	0.00342	0.00973	0.12339	0.04435
6	0.01021	0.00772	0.00942	0.00973	0.01129	0.00795	0.00750	0.06942	0.12650	0.01972	0.09205	0.33545	0.06550	0.01478	0.00727	0.00231	0.00429	0.18709	0.00568	0.00615
7	0.01862	0.11211	0.01879	0.04691	0.01817	0.10015	0.10376	0.16197	0.01698	0.18770	0.01680	0.10259	0.01379	0.00773	0.00582	0.00178	0.00661	0.00654	0.04505	0.00814
8	0.01260	0.01850	0.26723	0.01324	0.01717	0.10377	0.01316	0.06753	0.01326	0.01787	0.05086	0.12743	0.01611	0.04789	0.10039	0.00307	0.09239	0.00697	0.00358	0.00700
9	0.00719	0.00591	0.00633	0.00649	0.00822	0.00506	0.00481	0.00876	0.01350	0.01658	0.11640	0.14642	0.58983	0.01519	0.00708	0.00205	0.00308	0.02650	0.00558	0.00503
10	0.21308	0.07073	0.12690	0.00998	0.01400	0.01215	0.00937	0.09593	0.08167	0.02296	0.11414	0.02551	0.16409	0.00862	0.00552	0.00184	0.00503	0.00673	0.00459	0.00714
11	0.01383	0.22763	0.50376	0.01497	0.02223	0.08657	0.01785	0.01892	0.01276	0.01709	0.00986	0.01154	0.00753	0.00552	0.00512	0.00168	0.00830	0.00401	0.00256	0.00827
12	0.00744	0.00588	0.00625	0.00651	0.00820	0.00509	0.00485	0.00902	0.01310	0.01638	0.05171	0.15782	0.56379	0.01495	0.00692	0.00204	0.00316	0.04638	0.06550	0.00503
13	0.00846	0.00627	0.00918	0.00918	0.01013	0.00722	0.00699	0.01035	0.00941	0.01349	0.01613	0.02485	0.01549	0.12271	0.69133	0.00911	0.01478	0.00657	0.00321	0.00510
14	0.01186	0.03059	0.76153	0.01686	0.02560	0.01373	0.02185	0.01873	0.01249	0.01873	0.01061	0.01249	0.00749	0.00562	0.00562	0.00187	0.00874	0.00437	0.00250	0.00874
15	0.01330	0.00875	0.01233	0.01105	0.01270	0.01019	0.00889	0.04186	0.01151	0.15611	0.01558	0.02025	0.01318	0.02914	0.44573	0.00638	0.16651	0.00599	0.00394	0.00660
16	0.01581	0.79572	0.03099	0.01012	0.01518	0.02340	0.01012	0.01771	0.01202	0.01391	0.00822	0.00949	0.00759	0.00506	0.00379	0.00126	0.00632	0.00316	0.00253	0.00759
17	0.00820	0.00604	0.00767	0.00726	0.00873	0.00551	0.00545	0.01083	0.01634	0.02277	0.66775	0.04573	0.14079	0.01244	0.00698	0.00188	0.00282	0.01091	0.00639	0.00551
18	0.01230	0.01165	0.02027	0.14406	0.39101	0.01187	0.09426	0.01547	0.01277	0.01765	0.01609	0.19390	0.01597	0.00840	0.00638	0.00197	0.00665	0.00813	0.00348	0.00772
19	0.00845	0.00634	0.00950	0.00950	0.01056	0.00739	0.00739	0.01056	0.00950	0.01373	0.01584	0.02323	0.01478	0.04435	0.76873	0.00950	0.01584	0.00634	0.00317	0.00528
20	0.01065	0.01084	0.09266	0.00954	0.01249	0.00909	0.00827	0.07124	0.16294	0.02153	0.21146	0.09711	0.23575	0.01150	0.00660	0.00197	0.00423	0.00976	0.00555	0.00681
21	0.01622	0.01473	0.01371	0.01220	0.01546	0.13393	0.00946	0.06171	0.51001	0.05239	0.07762	0.02152	0.01881	0.00796	0.00598	0.00190	0.00559	0.00645	0.00563	0.00873
22	0.01117	0.01051	0.01774	0.77795	0.04073	0.01314	0.01642	0.01511	0.01182	0.01511	0.01051	0.01577	0.00788	0.00591	0.00591	0.00197	0.00788	0.00526	0.00263	0.00657
23	0.00833	0.00585	0.00698	0.00690	0.00831	0.00535	0.00510	0.01063	0.01473	0.02073	0.40088	0.12569	0.20811	0.01266	0.00660	0.00188	0.00290	0.01098	0.13204	0.00535
24	0.01083	0.00576	0.00645	0.00669	0.00803	0.00566	0.00510	0.01330	0.01253	0.04647	0.02277	0.14241	0.02084	0.00971	0.00516	0.00170	0.00324	0.08591	0.58188	0.00556
25	0.00699	0.00599	0.00599	0.00599	0.00799	0.00499	0.00449	0.00849	0.01348	0.01598	0.05991	0.05691	0.75288	0.01498	0.00699	0.00200	0.00300	0.01248	0.00549	0.00499
26	0.01581	0.79572	0.03099	0.01012	0.01518	0.02340	0.01012	0.01771	0.01202	0.01391	0.00822	0.00949	0.00759	0.00506	0.00379	0.00126	0.00632	0.00316	0.00253	0.00759
27	0.01312	0.01346	0.01691	0.02014	0.25265	0.15262	0.07786	0.01551	0.01349	0.01686	0.02060	0.25222	0.05426	0.01040	0.00654	0.00199	0.00663	0.04379	0.00397	0.00699
28	0.05195	0.02153	0.01789	0.01765	0.13139	0.37556	0.01221	0.25805	0.01965	0.02322	0.01108	0.01240	0.00865	0.00628	0.00554	0.00165	0.00850	0.00451	0.00400	0.00828
29	0.00703	0.00583	0.00616	0.00641	0.00810	0.00496	0.00468	0.00844	0.01307	0.01581	0.05476	0.19482	0.61829	0.01565	0.00709	0.00207	0.00308	0.01330	0.00549	0.00496
30	0.01330	0.01165	0.01774	0.63402	0.03651	0.01412	0.01545	0.15078	0.01483	0.01928	0.01121	0.01547	0.00829	0.00614	0.00591	0.00193	0.00762	0.00527	0.00325	0.00723
31	0.01026	0.00560	0.00560	0.00560	0.00710	0.00541	0.00420	0.01278	0.01260	0.02090	0.02694	0.02861	0.15408	0.00841	0.00467	0.00149	0.00280	0.00682	0.67067	0.00541
32	0.77482	0.01134	0.00906	0.00798	0.01170	0.01293	0.00657	0.01822	0.01057	0.08019	0.00934	0.01038	0.00701	0.00562	0.00383	0.00183	0.00461	0.00340	0.00393	0.00667
33	0.01078	0.00831	0.00991	0.01008	0.01177	0.00879	0.00769	0.06844	0.20444	0.02015	0.06442	0.35907	0.03136	0.01422	0.00712	0.00229	0.00433	0.14459	0.00570	0.00654
34	0.01027	0.00514	0.00770	0.00770	0.00770	0.00514	0.00514	0.00770	0.00770	0.01027	0.01027	0.01798	0.01027	0.02054	0.02311	0.82794	0.00514	0.00514	0.00257	0.00257
35	0.00914	0.00735	0.01083	0.01043	0.01132	0.00904	0.00825	0.01112	0.00944	0.01381	0.01460	0.02165	0.01370	0.03912	0.65349	0.00844	0.13357	0.00616	0.00308	0.00546
36	0.01463	0.31697	0.17584	0.11481	0.17877	0.07268	0.01512	0.01811	0.01274	0.01624	0.00969	0.01208	0.00799	0.00540	0.00499	0.00160	0.00748	0.00417	0.00266	0.00802
37	0.00924	0.00679	0.00834	0.00768	0.00933	0.00644	0.00579	0.06329	0.01684	0.02331	0.58829	0.04330	0.13400	0.04193	0.00779	0.00202	0.00320	0.01044	0.00623	0.00576
38	0.01236	0.04440	0.22682	0.01543	0.07760	0.01263	0.08856	0.02026	0.21460	0.02063	0.10143	0.02345	0.08719	0.00780	0.00608	0.00189	0.00622	0.00680	0.01776	0.00808
39	0.01086	0.01018	0.01688	0.72143	0.03833	0.01254	0.01555	0.01462	0.01195	0.01517	0.01413	0.01878	0.06243	0.00658	0.00599	0.00197	0.00753	0.00578	0.00284	0.00645
40	0.01431	0.13477	0.12992	0.01102	0.01461	0.04571	0.01009	0.10206	0.06694	0.07273	0.04343	0.10346	0.04999	0.01094	0.00903	0.15738	0.00587	0.00668	0.00417	0.00689
41	0.09041	0.05420	0.27020	0.01403	0.01966	0.01535	0.03948	0.18339	0.15350	0.02443	0.01357	0.01441	0.01007	0.00648	0.00603	0.00184	0.03625	0.00495	0.00410	0.03762
42	0.04477	0.22260	0.07685	0.05009	0.01740	0.12378	0.01148	0.10623	0.06752	0.01845	0.01127	0.01411	0.00959	0.04309	0.04215	0.00228	0.12280	0.00465	0.00340	0.00747

[dist]
# distance from previous block
# <min> <max>
6	13

[block]
# block no. 7 follows, 39 sequences, length 66
# corresponding to MSA columns:
# 764-829
name=unknown_H
#
# <colnr> <probs for GDERKNQSTAVLIFYWHMCP>
#	G	D	E	R	K	N	Q	S	T	A	V	L	I	F	Y	W	H	M	C	P
0	0.04787	0.07341	0.06909	0.00916	0.01160	0.00802	0.00759	0.01152	0.01177	0.01664	0.02538	0.43711	0.05884	0.01330	0.00641	0.00200	0.00437	0.04579	0.00461	0.13552
1	0.01846	0.16876	0.05050	0.01799	0.14647	0.38028	0.01289	0.04367	0.01484	0.01610	0.00942	0.01151	0.00800	0.00612	0.00632	0.00163	0.07237	0.00413	0.00296	0.00758
2	0.01366	0.17422	0.02110	0.05665	0.40390	0.01402	0.01331	0.01661	0.01293	0.01823	0.01493	0.01752	0.05781	0.00614	0.00523	0.00162	0.00598	0.00533	0.13283	0.00798
3	0.01682	0.01424	0.08177	0.04365	0.23809	0.01339	0.01324	0.05177	0.27714	0.15969	0.01810	0.01816	0.01329	0.00676	0.00591	0.00188	0.00597	0.00583	0.00492	0.00938
4	0.01440	0.01064	0.01194	0.01021	0.01318	0.01122	0.00811	0.23518	0.15363	0.05602	0.24983	0.03249	0.12364	0.01016	0.00648	0.00191	0.00447	0.03265	0.00610	0.00773
5	0.01365	0.00783	0.01164	0.01046	0.01270	0.00718	0.07071	0.02909	0.01403	0.22330	0.09694	0.39400	0.03053	0.01331	0.00699	0.00216	0.00452	0.03834	0.00588	0.00674
6	0.01913	0.01030	0.01297	0.00961	0.01454	0.00827	0.00782	0.02160	0.01451	0.37556	0.01668	0.01605	0.01159	0.00579	0.00513	0.00134	0.00469	0.00468	0.00534	0.43441
7	0.01300	0.17343	0.01615	0.00904	0.01426	0.01110	0.00765	0.01548	0.01221	0.01816	0.01004	0.01169	0.00852	0.00452	0.00426	0.00096	0.00478	0.00343	0.00330	0.65803
8	0.00725	0.00518	0.00690	0.00820	0.00859	0.00483	0.00549	0.00835	0.01154	0.01544	0.06117	0.75875	0.03978	0.01827	0.00753	0.00238	0.00341	0.01657	0.00553	0.00483
9	0.01810	0.02173	0.01712	0.29395	0.02649	0.49242	0.01325	0.02051	0.01496	0.01471	0.00964	0.01253	0.00771	0.00603	0.00554	0.00169	0.00965	0.00434	0.00289	0.00675
10	0.01011	0.00725	0.00862	0.00781	0.00969	0.00702	0.00598	0.09762	0.01725	0.02415	0.50700	0.04035	0.13989	0.01142	0.00660	0.00183	0.00326	0.00984	0.07829	0.00603
11	0.00745	0.00525	0.00679	0.00793	0.00821	0.00496	0.00516	0.00830	0.01085	0.01447	0.03018	0.65873	0.03607	0.15226	0.01145	0.00298	0.00383	0.01539	0.00516	0.00459
12	0.02653	0.01006	0.01372	0.01052	0.01510	0.00869	0.00869	0.02882	0.01693	0.75937	0.02333	0.02013	0.01464	0.00732	0.00595	0.00183	0.00503	0.00595	0.00732	0.01006
13	0.01027	0.00514	0.00770	0.00770	0.00770	0.00514	0.00514	0.00770	0.00770	0.01027	0.01027	0.01798	0.01027	0.02054	0.02311	0.82794	0.00514	0.00514	0.00257	0.00257
14	0.01581	0.79572	0.03099	0.01012	0.01518	0.02340	0.01012	0.01771	0.01202	0.01391	0.00822	0.00949	0.00759	0.00506	0.00379	0.00126	0.00632	0.00316	0.00253	0.00759
15	0.00699	0.00599	0.00599	0.00599	0.00799	0.00499	0.00449	0.00849	0.01348	0.01598	0.05991	0.05691	0.75288	0.01498	0.00699	0.00200	0.00300	0.01248	0.00549	0.00499
16	0.01186	0.03059	0.76153	0.01686	0.02560	0.01373	0.02185	0.01873	0.01249	0.01873	0.01061	0.01249	0.00749	0.00562	0.00562	0.00187	0.00874	0.00437	0.00250	0.00874
17	0.01179	0.00700	0.00714	0.00687	0.00865	0.00742	0.00522	0.01744	0.16432	0.02261	0.02028	0.02205	0.01576	0.00713	0.00452	0.00151	0.00316	0.00576	0.65507	0.00631
18	0.01196	0.00927	0.01161	0.01068	0.01279	0.01064	0.00841	0.12940	0.16492	0.01973	0.01729	0.02156	0.01472	0.03093	0.49000	0.00673	0.01205	0.00625	0.00419	0.00688
19	0.01464	0.01405	0.02400	0.03630	0.75528	0.01405	0.01815	0.01815	0.01347	0.01932	0.01112	0.01464	0.00937	0.00527	0.00585	0.00176	0.00703	0.00527	0.00293	0.00937
20	0.01784	0.40945	0.09156	0.01315	0.01856	0.01755	0.12509	0.02076	0.01359	0.20093	0.01279	0.01342	0.00956	0.00566	0.00499	0.00157	0.00679	0.00457	0.00379	0.00837
21	0.01211	0.01825	0.30098	0.01188	0.01848	0.01014	0.01273	0.01637	0.01235	0.01906	0.01055	0.01235	0.00827	0.00486	0.00486	0.00126	0.00606	0.00384	0.00312	0.51251
22	0.00721	0.00515	0.00686	0.00823	0.00858	0.00480	0.00549	0.00823	0.01132	0.01510	0.03259	0.78831	0.03911	0.01853	0.00755	0.00240	0.00343	0.01681	0.00549	0.00480
23	0.01464	0.01405	0.02400	0.03630	0.75528	0.01405	0.01815	0.01815	0.01347	0.01932	0.01112	0.01464	0.00937	0.00527	0.00585	0.00176	0.00703	0.00527	0.00293	0.00937
24	0.00860	0.00573	0.00645	0.00645	0.00645	0.00573	0.00358	0.00860	0.00860	0.01147	0.01863	0.03870	0.02150	0.79217	0.03010	0.00573	0.00573	0.00860	0.00358	0.00358
25	0.01226	0.01051	0.01226	0.00876	0.01401	0.00788	0.00701	0.01489	0.01226	0.01927	0.01051	0.01226	0.00876	0.00438	0.00438	0.00088	0.00438	0.00350	0.00350	0.82832
26	0.01711	0.63647	0.02804	0.01118	0.01582	0.17798	0.01039	0.01893	0.01300	0.01403	0.00841	0.00973	0.00760	0.00527	0.00411	0.00132	0.00722	0.00330	0.00264	0.00744
27	0.01322	0.01093	0.01595	0.02015	0.29857	0.01108	0.01202	0.12846	0.01667	0.02309	0.22208	0.03206	0.02682	0.00943	0.00659	0.00196	0.00548	0.13288	0.00485	0.00772
28	0.01365	0.06354	0.61207	0.01631	0.02399	0.13335	0.01969	0.01946	0.01314	0.01785	0.01028	0.01207	0.00752	0.00567	0.00549	0.00179	0.00894	0.00423	0.00259	0.00839
29	0.01448	0.01309	0.01807	0.02357	0.38805	0.03724	0.01326	0.07949	0.17285	0.02181	0.05124	0.02133	0.07887	0.00725	0.00597	0.00182	0.00591	0.00641	0.03061	0.00867
30	0.01581	0.79572	0.03099	0.01012	0.01518	0.02340	0.01012	0.01771	0.01202	0.01391	0.00822	0.00949	0.00759	0.00506	0.00379	0.00126	0.00632	0.00316	0.00253	0.00759
31	0.01262	0.02565	0.52402	0.01695	0.02417	0.04253	0.10458	0.01826	0.01254	0.01829	0.01049	0.01285	0.00780	0.00581	0.00672	0.00184	0.06768	0.00465	0.00267	0.07988
32	0.00721	0.00600	0.00629	0.00622	0.00812	0.00509	0.00466	0.00891	0.01399	0.01720	0.16924	0.05490	0.64278	0.01452	0.00699	0.00198	0.00296	0.01220	0.00565	0.00509
33	0.00760	0.00619	0.00684	0.00716	0.00901	0.00543	0.00570	0.00939	0.01351	0.01639	0.05307	0.05925	0.58104	0.01530	0.00727	0.00217	0.00358	0.18053	0.00548	0.00510
34	0.00769	0.00549	0.00742	0.00879	0.00934	0.00522	0.00633	0.00907	0.01180	0.01564	0.03233	0.63858	0.03806	0.01807	0.00768	0.00247	0.00385	0.16178	0.00548	0.00494
35	0.00699	0.00599	0.00599	0.00599	0.00799	0.00499	0.00449	0.00849	0.01348	0.01598	0.05991	0.05691	0.75288	0.01498	0.00699	0.00200	0.00300	0.01248	0.00549	0.00499
36	0.02248	0.01656	0.01775	0.01361	0.01834	0.01834	0.01124	0.73556	0.02780	0.03727	0.01420	0.01420	0.01006	0.00710	0.00592	0.00177	0.00651	0.00532	0.00592	0.01006
37	0.01014	0.00635	0.00848	0.00823	0.00964	0.00673	0.00631	0.01230	0.01133	0.06798	0.06748	0.02721	0.07077	0.06270	0.42117	0.00609	0.01017	0.00696	0.17438	0.00558
38	0.00939	0.00672	0.00933	0.01048	0.01184	0.00666	0.00905	0.01212	0.01399	0.01842	0.11809	0.06399	0.03665	0.01583	0.00802	0.00262	0.00513	0.63063	0.00557	0.00546
39	0.00854	0.00597	0.00763	0.00763	0.00803	0.00637	0.00505	0.00936	0.00895	0.01234	0.01756	0.03274	0.01891	0.50401	0.31472	0.00719	0.00963	0.00773	0.00342	0.00424
40	0.01997	0.02868	0.17129	0.01557	0.01980	0.61184	0.01359	0.02260	0.01587	0.01536	0.00945	0.01104	0.00759	0.00600	0.00539	0.00160	0.01027	0.00393	0.00293	0.00725
41	0.48772	0.01113	0.01102	0.00909	0.01315	0.01172	0.00750	0.05286	0.01348	0.30938	0.01431	0.01386	0.00974	0.00626	0.00464	0.00183	0.00483	0.00435	0.00517	0.00797
42	0.01396	0.01595	0.03490	0.02493	0.03091	0.01496	0.73380	0.01894	0.01396	0.01894	0.01196	0.01595	0.00897	0.00499	0.00698	0.00199	0.00997	0.00698	0.00299	0.00798
43	0.83394	0.01144	0.00869	0.00778	0.01144	0.01327	0.00640	0.01738	0.01006	0.02653	0.00823	0.00961	0.00640	0.00549	0.00366	0.00183	0.00457	0.00320	0.00366	0.00640
44	0.00845	0.00634	0.00950	0.00950	0.01056	0.00739	0.00739	0.01056	0.00950	0.01373	0.01584	0.02323	0.01478	0.04435	0.76873	0.00950	0.01584	0.00634	0.00317	0.00528
45	0.00721	0.00515	0.00686	0.00823	0.00858	0.00480	0.00549	0.00823	0.01132	0.01510	0.03259	0.78831	0.03911	0.01853	0.00755	0.00240	0.00343	0.01681	0.00549	0.00480
46	0.00701	0.00591	0.00607	0.00619	0.00804	0.00498	0.00458	0.00846	0.01328	0.01590	0.05743	0.12329	0.68810	0.01530	0.00704	0.00203	0.00303	0.01287	0.00549	0.00498
47	0.00913	0.00684	0.00856	0.00799	0.00962	0.00667	0.00603	0.01358	0.10374	0.02384	0.66513	0.04153	0.05129	0.01160	0.00686	0.00188	0.00302	0.01022	0.00645	0.00603
48	0.02209	0.02819	0.01676	0.01524	0.01828	0.76843	0.01143	0.02361	0.01676	0.01447	0.00914	0.01066	0.00762	0.00609	0.00533	0.00152	0.01066	0.00381	0.00305	0.00686
49	0.01117	0.01051	0.01774	0.77795	0.04073	0.01314	0.01642	0.01511	0.01182	0.01511	0.01051	0.01577	0.00788	0.00591	0.00591	0.00197	0.00788	0.00526	0.00263	0.00657
50	0.01867	0.02445	0.17253	0.01603	0.02080	0.37150	0.09610	0.13956	0.01721	0.01994	0.01101	0.01268	0.00845	0.00607	0.00563	0.00169	0.00918	0.00461	0.03605	0.00785
51	0.00827	0.00593	0.00743	0.00717	0.00848	0.00547	0.00526	0.00999	0.01425	0.01935	0.43750	0.04306	0.21393	0.04891	0.04331	0.09713	0.00381	0.01020	0.00554	0.00499
52	0.00859	0.00619	0.00830	0.00885	0.01008	0.00591	0.00705	0.01103	0.01458	0.01979	0.33853	0.17079	0.06715	0.01484	0.00753	0.00228	0.00392	0.28329	0.00591	0.00539
53	0.02305	0.01564	0.01718	0.01317	0.01788	0.01697	0.01088	0.63546	0.02626	0.13955	0.01549	0.01504	0.01071	0.00713	0.00592	0.00178	0.00630	0.00541	0.00611	0.01006
54	0.01581	0.01515	0.10605	0.13735	0.35396	0.01376	0.04478	0.07525	0.01450	0.11267	0.01263	0.01519	0.00956	0.00602	0.00649	0.00186	0.04121	0.00532	0.00361	0.00884
55	0.01823	0.49997	0.02551	0.01209	0.01637	0.31048	0.01062	0.01998	0.01384	0.01413	0.00858	0.00994	0.00760	0.00546	0.00439	0.00136	0.00800	0.00341	0.00273	0.00731
56	0.00699	0.00599	0.00599	0.00599	0.00799	0.00499	0.00449	0.00849	0.01348	0.01598	0.05991	0.05691	0.75288	0.01498	0.00699	0.00200	0.00300	0.01248	0.00549	0.00499
57	0.01404	0.01340	0.04906	0.29528	0.02527	0.04966	0.01324	0.15145	0.07329	0.01992	0.01295	0.04081	0.01064	0.01057	0.07079	0.00264	0.13021	0.00573	0.00366	0.00738
