[name]
unknown

[dist]
# distance from previous block
# <min> <max>
34	120

[block]
# block no. 0 follows, 43 sequences, length 70
# corresponding to MSA columns:
# 278-347
name=unknown_A
#
# <colnr> <probs for GDERKNQSTAVLIFYWHMCP>
#	G	D	E	R	K	N	Q	S	T	A	V	L	I	F	Y	W	H	M	C	P
0	0.01486	0.31119	0.22386	0.01522	0.13836	0.04263	0.01332	0.01818	0.01251	0.11254	0.04087	0.01301	0.00999	0.00548	0.00475	0.00151	0.00649	0.00422	0.00316	0.00786
1	0.01480	0.26760	0.03570	0.05916	0.06172	0.05270	0.04779	0.02960	0.05873	0.11282	0.07770	0.01531	0.01289	0.00605	0.00509	0.01481	0.00570	0.00469	0.00371	0.11345
2	0.01522	0.30364	0.01823	0.00967	0.01363	0.01462	0.00836	0.11178	0.11672	0.10440	0.01558	0.05671	0.03859	0.03267	0.00549	0.00157	0.00508	0.00516	0.00413	0.11876
3	0.01527	0.01180	0.01178	0.01022	0.01317	0.12850	0.00807	0.11539	0.07279	0.14188	0.13985	0.08640	0.02167	0.00880	0.00579	0.00170	0.00519	0.08347	0.00507	0.11318
4	0.05398	0.00988	0.06874	0.00875	0.01182	0.00835	0.00745	0.13240	0.01499	0.11174	0.12033	0.13127	0.22508	0.01032	0.00592	0.00177	0.00417	0.00863	0.00511	0.05930
5	0.01049	0.01011	0.08254	0.01029	0.03713	0.02257	0.00811	0.12026	0.01329	0.01824	0.02180	0.44907	0.02400	0.01198	0.00613	0.00186	0.00449	0.01057	0.00453	0.13257
6	0.01434	0.01857	0.29384	0.01298	0.01819	0.01370	0.01324	0.23309	0.21300	0.02382	0.01699	0.04433	0.04489	0.00707	0.00556	0.00178	0.00617	0.00567	0.00436	0.00841
7	0.01355	0.11238	0.07894	0.00932	0.01305	0.04999	0.00830	0.11033	0.05210	0.11323	0.02909	0.02807	0.28845	0.00885	0.00552	0.00164	0.00486	0.00707	0.00460	0.06064
8	0.01479	0.32791	0.32380	0.01289	0.03248	0.01662	0.01403	0.11267	0.01367	0.06841	0.01031	0.01132	0.00784	0.00534	0.00466	0.00152	0.00678	0.00388	0.00307	0.00802
9	0.01236	0.25465	0.41868	0.01528	0.09662	0.01522	0.01579	0.01719	0.03814	0.01632	0.01068	0.04617	0.00888	0.00569	0.00488	0.00160	0.00700	0.00444	0.00263	0.00779
10	0.07663	0.05615	0.11260	0.04128	0.05030	0.13807	0.09252	0.07054	0.01351	0.01782	0.01704	0.10321	0.04239	0.00866	0.00582	0.00187	0.00669	0.13461	0.00370	0.00659
11	0.04952	0.05938	0.37775	0.01254	0.01791	0.01255	0.01371	0.13809	0.05676	0.03998	0.03306	0.05532	0.01214	0.08842	0.00764	0.00211	0.00656	0.00544	0.00357	0.00755
12	0.01502	0.01249	0.02028	0.05644	0.36804	0.01263	0.11963	0.07934	0.09107	0.10632	0.01431	0.05472	0.01151	0.00617	0.00575	0.00175	0.00636	0.00592	0.00386	0.00839
13	0.01253	0.09008	0.01173	0.00806	0.01154	0.00809	0.00651	0.01462	0.01288	0.14622	0.12989	0.09064	0.11487	0.00810	0.00522	0.00140	0.00393	0.00677	0.00461	0.31231
14	0.01560	0.04871	0.06619	0.01452	0.01889	0.01353	0.20382	0.12418	0.25977	0.11708	0.01709	0.04798	0.01298	0.00670	0.00579	0.00180	0.00622	0.00617	0.00467	0.00832
15	0.09746	0.04608	0.07619	0.02053	0.31826	0.01414	0.01311	0.20214	0.07008	0.07076	0.01233	0.01363	0.00936	0.00571	0.00522	0.00167	0.00605	0.00475	0.00393	0.00859
16	0.22372	0.01270	0.01375	0.01323	0.09158	0.03074	0.00962	0.18803	0.21640	0.02429	0.01347	0.01433	0.01040	0.00770	0.03095	0.00203	0.08011	0.00481	0.00431	0.00779
17	0.14770	0.01089	0.01462	0.01175	0.01506	0.01131	0.15316	0.18296	0.01511	0.02175	0.02539	0.02826	0.23108	0.00896	0.00640	0.00187	0.04014	0.06260	0.00437	0.00662
18	0.01111	0.02865	0.77667	0.01579	0.02397	0.01286	0.02046	0.01754	0.01169	0.01754	0.00994	0.01169	0.00702	0.00526	0.00526	0.00175	0.00818	0.00409	0.00234	0.00818
19	0.01883	0.01666	0.01855	0.01628	0.09542	0.15287	0.09406	0.37983	0.05271	0.05234	0.01241	0.01341	0.00923	0.00624	0.00601	0.00168	0.03565	0.00497	0.00440	0.00845
20	0.01116	0.01067	0.01499	0.01312	0.01331	0.01459	0.01077	0.01246	0.00854	0.01313	0.00912	0.01495	0.00905	0.04942	0.16216	0.00376	0.61532	0.00519	0.00256	0.00573
21	0.01237	0.02006	0.32905	0.01878	0.02511	0.01352	0.36366	0.01914	0.10691	0.01834	0.01213	0.01436	0.00892	0.00527	0.00591	0.00182	0.00825	0.00552	0.00297	0.00792
22	0.00793	0.00586	0.00854	0.00854	0.00940	0.00672	0.00647	0.00966	0.00879	0.01259	0.01517	0.02360	0.01465	0.13893	0.68712	0.00845	0.01363	0.00620	0.00302	0.00474
23	0.01307	0.01494	0.03268	0.02334	0.02894	0.01401	0.75070	0.01774	0.01307	0.01774	0.01120	0.01494	0.00840	0.00467	0.00654	0.00187	0.00934	0.00654	0.00280	0.00747
24	0.02023	0.01091	0.01305	0.01066	0.01451	0.01111	0.00859	0.09123	0.30550	0.41881	0.02137	0.01907	0.01457	0.00709	0.00559	0.00177	0.00471	0.00579	0.00627	0.00917
25	0.01158	0.12711	0.68229	0.01499	0.02274	0.01400	0.01908	0.01742	0.01164	0.01697	0.00966	0.01134	0.00703	0.00520	0.00505	0.00168	0.00790	0.00395	0.00234	0.00805
26	0.00782	0.00562	0.00717	0.00680	0.00796	0.00522	0.00495	0.01006	0.01460	0.02050	0.64739	0.04115	0.07414	0.11165	0.00927	0.00220	0.00297	0.00983	0.00572	0.00497
27	0.01722	0.01260	0.01372	0.01151	0.01515	0.01402	0.00918	0.23292	0.45963	0.12134	0.01985	0.01836	0.01439	0.00719	0.00560	0.00180	0.00491	0.00581	0.00576	0.00903
28	0.01046	0.00984	0.01661	0.79205	0.03814	0.01230	0.01538	0.01415	0.01107	0.01415	0.00984	0.01477	0.00738	0.00554	0.00554	0.00185	0.00738	0.00492	0.00246	0.00615
29	0.00693	0.00496	0.00660	0.00767	0.00813	0.00463	0.00523	0.00813	0.01129	0.01520	0.12358	0.69131	0.03851	0.01655	0.00701	0.00219	0.00317	0.02906	0.00526	0.00460
30	0.00827	0.00590	0.00817	0.00945	0.01043	0.00581	0.00778	0.01034	0.01210	0.01584	0.02969	0.28627	0.03331	0.01592	0.00747	0.00246	0.00453	0.51625	0.00511	0.00492
31	0.01481	0.80869	0.02902	0.00948	0.01421	0.02191	0.00948	0.01658	0.01125	0.01303	0.00770	0.00888	0.00711	0.00474	0.00355	0.00118	0.00592	0.00296	0.00237	0.00711
32	0.00656	0.00557	0.00565	0.00572	0.00751	0.00467	0.00425	0.00794	0.01252	0.01492	0.05481	0.09105	0.73165	0.01419	0.00657	0.00189	0.00283	0.01189	0.00514	0.00467
33	0.00655	0.00561	0.00561	0.00561	0.00748	0.00468	0.00421	0.00795	0.01262	0.01496	0.05610	0.05330	0.76857	0.01403	0.00655	0.00187	0.00281	0.01169	0.00514	0.00468
34	0.00732	0.00564	0.00668	0.00642	0.00795	0.00500	0.00481	0.00944	0.01444	0.01928	0.47991	0.04620	0.34207	0.01242	0.00654	0.00179	0.00269	0.01069	0.00571	0.00500
35	0.02026	0.02568	0.01576	0.01428	0.01699	0.74448	0.01077	0.02167	0.01533	0.01354	0.00850	0.01009	0.00714	0.00591	0.00566	0.00148	0.04960	0.00363	0.00283	0.00640
36	0.02124	0.01521	0.01643	0.01260	0.01702	0.01672	0.01041	0.71576	0.02553	0.07222	0.01373	0.01358	0.00963	0.00666	0.00554	0.00166	0.00602	0.00502	0.00561	0.00942
37	0.00674	0.00485	0.00639	0.00762	0.00801	0.00451	0.00510	0.00772	0.01069	0.01417	0.03161	0.77000	0.06768	0.01721	0.00705	0.00223	0.00320	0.01557	0.00514	0.00451
38	0.00791	0.00593	0.00890	0.00890	0.00989	0.00692	0.00692	0.00989	0.00890	0.01286	0.01483	0.02176	0.01385	0.04154	0.78341	0.00890	0.01483	0.00593	0.00297	0.00494
39	0.01692	0.01325	0.01414	0.01181	0.01548	0.01496	0.00944	0.31308	0.45271	0.04768	0.01890	0.01772	0.01388	0.00716	0.00560	0.00179	0.00506	0.00574	0.00563	0.00904
40	0.01457	0.01623	0.06563	0.02121	0.07143	0.06416	0.48872	0.11970	0.01476	0.01969	0.01105	0.01404	0.00837	0.00526	0.00663	0.00181	0.04003	0.00584	0.00314	0.00773
41	0.01293	0.01236	0.02107	0.21613	0.59478	0.01295	0.01661	0.01631	0.01224	0.01715	0.01028	0.01396	0.00844	0.00508	0.00550	0.00169	0.00677	0.00493	0.00267	0.00814
42	0.01288	0.40293	0.41793	0.01276	0.01929	0.01721	0.01519	0.01708	0.01148	0.01538	0.00886	0.01035	0.00706	0.00501	0.00444	0.00148	0.00710	0.00355	0.00235	0.00767
43	0.00762	0.00565	0.00710	0.00674	0.00814	0.00513	0.00505	0.01002	0.01516	0.02097	0.64641	0.04341	0.17451	0.01178	0.00653	0.00176	0.00265	0.01030	0.00593	0.00513
44	0.00805	0.00537	0.00604	0.00604	0.00604	0.00537	0.00336	0.00805	0.00805	0.01074	0.01745	0.03624	0.02013	0.80536	0.02819	0.00537	0.00537	0.00805	0.00336	0.00336
45	0.00694	0.00496	0.00664	0.00793	0.00833	0.00466	0.00547	0.00804	0.01079	0.01435	0.03042	0.73724	0.03621	0.01717	0.00712	0.00228	0.00338	0.07838	0.00514	0.00455
46	0.01046	0.00984	0.01661	0.79205	0.03814	0.01230	0.01538	0.01415	0.01107	0.01415	0.00984	0.01477	0.00738	0.00554	0.00554	0.00185	0.00738	0.00492	0.00246	0.00615
47	0.01111	0.02865	0.77667	0.01579	0.02397	0.01286	0.02046	0.01754	0.01169	0.01754	0.00994	0.01169	0.00702	0.00526	0.00526	0.00175	0.00818	0.00409	0.00234	0.00818
48	0.00675	0.00482	0.00643	0.00771	0.00803	0.00450	0.00514	0.00771	0.01060	0.01414	0.03053	0.80175	0.03663	0.01735	0.00707	0.00225	0.00321	0.01574	0.00514	0.00450
49	0.00670	0.00551	0.00590	0.00602	0.00763	0.00471	0.00443	0.00817	0.01268	0.01560	0.12581	0.14751	0.60181	0.01417	0.00661	0.00191	0.00284	0.01203	0.00524	0.00471
50	0.02105	0.01551	0.01662	0.01274	0.01717	0.01717	0.01053	0.75235	0.02604	0.03490	0.01330	0.01330	0.00942	0.00665	0.00554	0.00166	0.00609	0.00499	0.00554	0.00942
51	0.02069	0.02640	0.01569	0.01427	0.01712	0.78313	0.01070	0.02212	0.01569	0.01355	0.00856	0.00999	0.00713	0.00571	0.00499	0.00143	0.00999	0.00357	0.00285	0.00642
52	0.02310	0.01223	0.01459	0.01118	0.01554	0.01230	0.00924	0.36078	0.02054	0.43424	0.01791	0.01629	0.01173	0.00676	0.00556	0.00169	0.00535	0.00530	0.00625	0.00942
53	0.02076	0.00852	0.01154	0.00916	0.01273	0.00744	0.00744	0.02302	0.01581	0.59386	0.20110	0.02426	0.02297	0.00793	0.00580	0.00172	0.00421	0.00664	0.00667	0.00842
54	0.01481	0.80869	0.02902	0.00948	0.01421	0.02191	0.00948	0.01658	0.01125	0.01303	0.00770	0.00888	0.00711	0.00474	0.00355	0.00118	0.00592	0.00296	0.00237	0.00711
55	0.02485	0.00943	0.01285	0.00985	0.01414	0.00814	0.00814	0.02699	0.01585	0.77465	0.02185	0.01885	0.01371	0.00685	0.00557	0.00171	0.00471	0.00557	0.00685	0.00943
56	0.00675	0.00482	0.00643	0.00771	0.00803	0.00450	0.00514	0.00771	0.01060	0.01414	0.03053	0.80175	0.03663	0.01735	0.00707	0.00225	0.00321	0.01574	0.00514	0.00450
57	0.01111	0.02865	0.77667	0.01579	0.02397	0.01286	0.02046	0.01754	0.01169	0.01754	0.00994	0.01169	0.00702	0.00526	0.00526	0.00175	0.00818	0.00409	0.00234	0.00818
58	0.01371	0.01316	0.02248	0.03399	0.77081	0.01316	0.01700	0.01700	0.01261	0.01809	0.01042	0.01371	0.00877	0.00493	0.00548	0.00164	0.00658	0.00493	0.00274	0.00877
59	0.01095	0.00650	0.00833	0.00762	0.00965	0.00609	0.00594	0.01289	0.01290	0.17302	0.17616	0.03550	0.27344	0.01931	0.21217	0.00368	0.00635	0.00857	0.00511	0.00584
60	0.01132	0.01072	0.01817	0.59120	0.23227	0.01253	0.01581	0.01490	0.01148	0.01520	0.01000	0.01449	0.00775	0.00538	0.00552	0.00179	0.00717	0.00493	0.00254	0.00685
61	0.00765	0.00543	0.00593	0.00593	0.00642	0.00519	0.00358	0.00803	0.00926	0.01186	0.02769	0.04076	0.21843	0.59570	0.02245	0.00444	0.00469	0.00902	0.00383	0.00371
62	0.00901	0.00704	0.00837	0.00873	0.01010	0.00730	0.00650	0.01417	0.20864	0.01732	0.07741	0.35585	0.08780	0.04236	0.00746	0.00225	0.00380	0.11489	0.00526	0.00573
63	0.02093	0.01535	0.11143	0.01226	0.01712	0.01392	0.01107	0.44231	0.02118	0.25431	0.01543	0.01476	0.01040	0.00654	0.00551	0.00169	0.00594	0.00505	0.00553	0.00926
64	0.00687	0.00499	0.00649	0.00745	0.00802	0.00461	0.00508	0.00808	0.01141	0.01523	0.12658	0.64534	0.09676	0.01632	0.00696	0.00215	0.00310	0.01469	0.00526	0.00461
65	0.01768	0.01426	0.01832	0.11240	0.02110	0.01569	0.11359	0.46508	0.11604	0.02841	0.01375	0.01465	0.00998	0.00634	0.00569	0.00174	0.00649	0.00536	0.00478	0.00865
66	0.01459	0.47817	0.13592	0.03064	0.09406	0.06679	0.01222	0.04931	0.01227	0.01524	0.00864	0.01032	0.00738	0.00520	0.00483	0.00142	0.03943	0.00358	0.00258	0.00743
67	0.01534	0.11196	0.29687	0.01515	0.08333	0.18977	0.01421	0.07507	0.01391	0.05087	0.01018	0.01158	0.00778	0.00536	0.00496	0.00152	0.00755	0.00398	0.00302	0.07759
68	0.01576	0.04942	0.06457	0.16734	0.06676	0.06757	0.01198	0.32917	0.01761	0.02318	0.01187	0.01426	0.00918	0.01093	0.11330	0.00267	0.00799	0.00486	0.00388	0.00773
69	0.03702	0.00817	0.03694	0.03247	0.03356	0.00759	0.00689	0.06818	0.04729	0.06695	0.36249	0.07159	0.07453	0.11145	0.00894	0.00224	0.00399	0.00859	0.00520	0.00592

[dist]
# distance from previous block
# <min> <max>
2	6

[block]
# block no. 1 follows, 43 sequences, length 53
# corresponding to MSA columns:
# 360-412
name=unknown_B
#
# <colnr> <probs for GDERKNQSTAVLIFYWHMCP>
#	G	D	E	R	K	N	Q	S	T	A	V	L	I	F	Y	W	H	M	C	P
0	0.08736	0.07736	0.27762	0.02002	0.25008	0.01318	0.07694	0.01709	0.03966	0.01833	0.03962	0.03694	0.01054	0.00573	0.00526	0.00170	0.00677	0.00502	0.00295	0.00783
1	0.01338	0.10802	0.04945	0.02206	0.35620	0.01365	0.07480	0.05191	0.12590	0.01943	0.09683	0.01728	0.01459	0.00608	0.00548	0.00166	0.00600	0.00557	0.00363	0.00807
2	0.01334	0.07357	0.35219	0.02134	0.27615	0.09881	0.01710	0.01760	0.01227	0.01680	0.00968	0.01202	0.00764	0.00537	0.00579	0.00167	0.04380	0.00428	0.00254	0.00802
3	0.00675	0.00482	0.00643	0.00771	0.00803	0.00450	0.00514	0.00771	0.01060	0.01414	0.03053	0.80175	0.03663	0.01735	0.00707	0.00225	0.00321	0.01574	0.00514	0.00450
4	0.01432	0.17619	0.37725	0.01233	0.01802	0.04237	0.01380	0.01816	0.01210	0.15140	0.01242	0.01510	0.00971	0.09497	0.00753	0.00203	0.00687	0.00456	0.00329	0.00759
5	0.00678	0.00562	0.00593	0.00586	0.00762	0.00477	0.00439	0.00840	0.01317	0.01627	0.18458	0.05115	0.63928	0.01354	0.00654	0.00185	0.00277	0.01139	0.00532	0.00477
6	0.01078	0.01007	0.01671	0.62164	0.12403	0.01218	0.01473	0.01410	0.01097	0.01439	0.01026	0.01581	0.00831	0.05339	0.00740	0.00206	0.03922	0.00511	0.00255	0.00630
7	0.00671	0.00558	0.00586	0.00587	0.00760	0.00473	0.00437	0.00824	0.01290	0.01580	0.14082	0.08620	0.64855	0.01385	0.00657	0.00187	0.00280	0.01167	0.00526	0.00473
8	0.01564	0.01736	0.21174	0.22356	0.02457	0.01476	0.01439	0.36475	0.01832	0.02485	0.01150	0.01328	0.00825	0.00599	0.00547	0.00174	0.00698	0.00474	0.00389	0.00822
9	0.01719	0.00866	0.01079	0.00895	0.01167	0.00838	0.00688	0.10092	0.04678	0.35579	0.04856	0.02489	0.03882	0.21649	0.06729	0.00318	0.00561	0.00655	0.00539	0.00720
10	0.01678	0.26162	0.01877	0.01169	0.01500	0.32528	0.00966	0.10556	0.01454	0.01592	0.01135	0.01306	0.03722	0.00993	0.09204	0.00225	0.02530	0.00415	0.00312	0.00675
11	0.01479	0.01178	0.01574	0.01825	0.28755	0.05260	0.01088	0.03481	0.04392	0.13008	0.07194	0.01606	0.01301	0.00566	0.00515	0.00142	0.00535	0.00492	0.00396	0.25214
12	0.01532	0.20107	0.25327	0.01671	0.13394	0.11175	0.05829	0.03900	0.01313	0.09224	0.01069	0.01210	0.00814	0.00531	0.00499	0.00157	0.00731	0.00421	0.00304	0.00792
13	0.01539	0.01275	0.02200	0.02915	0.57804	0.01246	0.08928	0.01863	0.01316	0.13633	0.01228	0.01463	0.00951	0.00521	0.00560	0.00168	0.00656	0.00519	0.00339	0.00874
14	0.01477	0.01632	0.01781	0.33291	0.21909	0.27469	0.01420	0.01759	0.01304	0.01496	0.00955	0.01287	0.00765	0.00544	0.00534	0.00165	0.00806	0.00446	0.00267	0.00692
15	0.00971	0.00810	0.00878	0.00835	0.01049	0.00846	0.00632	0.01707	0.31917	0.01924	0.13919	0.12199	0.27860	0.01135	0.00623	0.00190	0.00347	0.00969	0.00548	0.00641
16	0.00679	0.00498	0.00638	0.00739	0.00797	0.00457	0.00502	0.00791	0.01118	0.01473	0.07797	0.65631	0.13539	0.01655	0.00697	0.00217	0.00312	0.01486	0.00520	0.00457
17	0.01832	0.01416	0.01508	0.01219	0.01613	0.01590	0.00987	0.48125	0.30159	0.03050	0.01676	0.01606	0.01223	0.00697	0.00558	0.00174	0.00545	0.00546	0.00558	0.00917
18	0.00668	0.00562	0.00580	0.00575	0.00756	0.00473	0.00432	0.00821	0.01295	0.01573	0.13127	0.05204	0.69293	0.01374	0.00654	0.00186	0.00278	0.01151	0.00524	0.00473
19	0.01142	0.00869	0.00959	0.00898	0.01108	0.00938	0.00684	0.07916	0.30464	0.01977	0.02633	0.11963	0.13562	0.01114	0.00763	0.09550	0.00403	0.03563	0.08849	0.00646
20	0.01481	0.80869	0.02902	0.00948	0.01421	0.02191	0.00948	0.01658	0.01125	0.01303	0.00770	0.00888	0.00711	0.00474	0.00355	0.00118	0.00592	0.00296	0.00237	0.00711
21	0.01545	0.01398	0.01338	0.01179	0.01505	0.10119	0.00920	0.11702	0.58669	0.02352	0.01983	0.01855	0.01489	0.00720	0.00555	0.00180	0.00523	0.00580	0.00531	0.00858
22	0.84448	0.01071	0.00814	0.00728	0.01071	0.01242	0.00600	0.01628	0.00943	0.02485	0.00771	0.00900	0.00600	0.00514	0.00343	0.00171	0.00428	0.00300	0.00343	0.00600
23	0.00713	0.00560	0.00644	0.00630	0.00786	0.00491	0.00470	0.00905	0.01390	0.01816	0.37245	0.07766	0.42016	0.01295	0.00656	0.00183	0.00274	0.01110	0.00557	0.00491
24	0.84448	0.01071	0.00814	0.00728	0.01071	0.01242	0.00600	0.01628	0.00943	0.02485	0.00771	0.00900	0.00600	0.00514	0.00343	0.00171	0.00428	0.00300	0.00343	0.00600
25	0.00892	0.00637	0.00892	0.01020	0.01147	0.00637	0.00892	0.01147	0.01275	0.01657	0.02932	0.06247	0.03187	0.01530	0.00765	0.00255	0.00510	0.73354	0.00510	0.00510
26	0.01421	0.01211	0.01277	0.01136	0.01457	0.01398	0.00887	0.07260	0.71693	0.02387	0.02199	0.02022	0.01646	0.00746	0.00563	0.00187	0.00449	0.00619	0.00563	0.00881
27	0.01327	0.01272	0.02170	0.13531	0.67289	0.01304	0.01678	0.01662	0.01241	0.01757	0.01034	0.01385	0.00859	0.00502	0.00549	0.00167	0.00669	0.00493	0.00270	0.00842
28	0.01299	0.11460	0.14069	0.01572	0.01949	0.04369	0.20206	0.04328	0.04073	0.01678	0.05472	0.01440	0.01061	0.00685	0.00923	0.00190	0.23698	0.00525	0.00297	0.00707
29	0.01387	0.61050	0.21898	0.01108	0.01669	0.01961	0.01227	0.01683	0.01136	0.01418	0.00827	0.00960	0.00708	0.00487	0.00399	0.00133	0.00650	0.00325	0.00236	0.00738
30	0.00675	0.00482	0.00643	0.00771	0.00803	0.00450	0.00514	0.00771	0.01060	0.01414	0.03053	0.80175	0.03663	0.01735	0.00707	0.00225	0.00321	0.01574	0.00514	0.00450
31	0.00698	0.00570	0.00622	0.00631	0.00803	0.00494	0.00487	0.00868	0.01305	0.01611	0.14824	0.05273	0.59042	0.01381	0.00667	0.00193	0.00304	0.09222	0.00527	0.00480
32	0.01935	0.02359	0.01508	0.01369	0.01660	0.63436	0.01033	0.02353	0.15977	0.01541	0.01126	0.01205	0.00902	0.00606	0.00512	0.00151	0.00890	0.00409	0.00339	0.00687
33	0.02069	0.02640	0.01569	0.01427	0.01712	0.78313	0.01070	0.02212	0.01569	0.01355	0.00856	0.00999	0.00713	0.00571	0.00499	0.00143	0.00999	0.00357	0.00285	0.00642
34	0.00675	0.00482	0.00643	0.00771	0.00803	0.00450	0.00514	0.00771	0.01060	0.01414	0.03053	0.80175	0.03663	0.01735	0.00707	0.00225	0.00321	0.01574	0.00514	0.00450
35	0.84448	0.01071	0.00814	0.00728	0.01071	0.01242	0.00600	0.01628	0.00943	0.02485	0.00771	0.00900	0.00600	0.00514	0.00343	0.00171	0.00428	0.00300	0.00343	0.00600
36	0.01378	0.01190	0.01252	0.01127	0.01440	0.01378	0.00877	0.02943	0.76081	0.02317	0.02254	0.02066	0.01691	0.00751	0.00564	0.00188	0.00438	0.00626	0.00564	0.00877
37	0.00705	0.00563	0.00631	0.00614	0.00779	0.00489	0.00461	0.00893	0.01382	0.01779	0.33397	0.04864	0.48893	0.01297	0.00654	0.00182	0.00273	0.01104	0.00552	0.00489
38	0.02485	0.00943	0.01285	0.00985	0.01414	0.00814	0.00814	0.02699	0.01585	0.77465	0.02185	0.01885	0.01371	0.00685	0.00557	0.00171	0.00471	0.00557	0.00685	0.00943
39	0.01371	0.01316	0.02248	0.03399	0.77081	0.01316	0.01700	0.01700	0.01261	0.01809	0.01042	0.01371	0.00877	0.00493	0.00548	0.00164	0.00658	0.00493	0.00274	0.00877
40	0.02105	0.01551	0.01662	0.01274	0.01717	0.01717	0.01053	0.75235	0.02604	0.03490	0.01330	0.01330	0.00942	0.00665	0.00554	0.00166	0.00609	0.00499	0.00554	0.00942
41	0.84448	0.01071	0.00814	0.00728	0.01071	0.01242	0.00600	0.01628	0.00943	0.02485	0.00771	0.00900	0.00600	0.00514	0.00343	0.00171	0.00428	0.00300	0.00343	0.00600
42	0.01378	0.01190	0.01252	0.01127	0.01440	0.01378	0.00877	0.02943	0.76081	0.02317	0.02254	0.02066	0.01691	0.00751	0.00564	0.00188	0.00438	0.00626	0.00564	0.00877
43	0.02225	0.01289	0.01491	0.01151	0.01582	0.01338	0.00948	0.42674	0.05565	0.33261	0.01717	0.01587	0.01149	0.00677	0.00556	0.00169	0.00546	0.00528	0.00607	0.00939
44	0.02069	0.02640	0.01569	0.01427	0.01712	0.78313	0.01070	0.02212	0.01569	0.01355	0.00856	0.00999	0.00713	0.00571	0.00499	0.00143	0.00999	0.00357	0.00285	0.00642
45	0.00805	0.00537	0.00604	0.00604	0.00604	0.00537	0.00336	0.00805	0.00805	0.01074	0.01745	0.03624	0.02013	0.80536	0.02819	0.00537	0.00537	0.00805	0.00336	0.00336
46	0.00683	0.00492	0.00648	0.00757	0.00803	0.00456	0.00511	0.00794	0.01109	0.01483	0.09165	0.71136	0.06564	0.01673	0.00701	0.00219	0.00315	0.01512	0.00522	0.00456
47	0.01211	0.23888	0.57517	0.01409	0.02134	0.01530	0.01750	0.01728	0.01157	0.01632	0.00934	0.01094	0.00704	0.00512	0.00480	0.00160	0.00758	0.00379	0.00235	0.00789
48	0.02304	0.01112	0.01375	0.01068	0.01490	0.01080	0.00878	0.20527	0.07730	0.53357	0.01980	0.01763	0.01291	0.00686	0.00557	0.00171	0.00503	0.00548	0.00644	0.00937
49	0.00700	0.00543	0.00644	0.00713	0.00832	0.00487	0.00530	0.00841	0.01187	0.01490	0.04209	0.34221	0.37227	0.01550	0.00692	0.00212	0.00332	0.12609	0.00514	0.00467
50	0.02225	0.01341	0.01496	0.01162	0.01588	0.04276	0.00953	0.41391	0.04951	0.32243	0.01681	0.01562	0.01129	0.00673	0.00553	0.00168	0.00564	0.00521	0.00595	0.00928
51	0.01433	0.01412	0.02345	0.03026	0.57917	0.04486	0.13105	0.06123	0.01361	0.01886	0.01064	0.01372	0.00869	0.00503	0.00563	0.00167	0.00712	0.00513	0.00292	0.00851
52	0.38880	0.01285	0.01197	0.00983	0.01351	0.04499	0.00803	0.31079	0.01703	0.05700	0.06637	0.01351	0.01111	0.00629	0.00465	0.00168	0.00513	0.00443	0.00458	0.00746

[dist]
# distance from previous block
# <min> <max>
0	2

[block]
# block no. 2 follows, 43 sequences, length 51
# corresponding to MSA columns:
# 432-461,476-486,488-497
name=unknown_C
#
# <colnr> <probs for GDERKNQSTAVLIFYWHMCP>
#	G	D	E	R	K	N	Q	S	T	A	V	L	I	F	Y	W	H	M	C	P
0	0.51620	0.01596	0.01107	0.00989	0.01317	0.25851	0.00779	0.05026	0.03939	0.02162	0.00876	0.00992	0.00690	0.00547	0.00410	0.00163	0.00618	0.00338	0.00342	0.00638
1	0.01467	0.78041	0.05614	0.00971	0.01457	0.02159	0.00987	0.01662	0.01127	0.01319	0.00778	0.00899	0.00710	0.00476	0.00362	0.00121	0.00600	0.00300	0.00237	0.00715
2	0.01066	0.00693	0.00908	0.00891	0.01084	0.00640	0.00716	0.03386	0.01337	0.10013	0.15315	0.20473	0.03097	0.01256	0.00663	0.00203	0.00414	0.26887	0.00527	0.10434
3	0.02085	0.02153	0.01611	0.01359	0.01715	0.44097	0.01062	0.34832	0.02032	0.02309	0.01068	0.01147	0.00815	0.00613	0.00524	0.00153	0.00825	0.00420	0.00405	0.00776
4	0.00675	0.00482	0.00643	0.00771	0.00803	0.00450	0.00514	0.00771	0.01060	0.01414	0.03053	0.80175	0.03663	0.01735	0.00707	0.00225	0.00321	0.01574	0.00514	0.00450
5	0.00662	0.00561	0.00572	0.00569	0.00753	0.00471	0.00427	0.00810	0.01280	0.01539	0.09793	0.05260	0.72647	0.01387	0.00654	0.00186	0.00279	0.01159	0.00520	0.00471
6	0.84448	0.01071	0.00814	0.00728	0.01071	0.01242	0.00600	0.01628	0.00943	0.02485	0.00771	0.00900	0.00600	0.00514	0.00343	0.00171	0.00428	0.00300	0.00343	0.00600
7	0.01307	0.01494	0.03268	0.02334	0.02894	0.01401	0.75070	0.01774	0.01307	0.01774	0.01120	0.01494	0.00840	0.00467	0.00654	0.00187	0.00934	0.00654	0.00280	0.00747
8	0.00805	0.00537	0.00604	0.00604	0.00604	0.00537	0.00336	0.00805	0.00805	0.01074	0.01745	0.03624	0.02013	0.80536	0.02819	0.00537	0.00537	0.00805	0.00336	0.00336
9	0.84448	0.01071	0.00814	0.00728	0.01071	0.01242	0.00600	0.01628	0.00943	0.02485	0.00771	0.00900	0.00600	0.00514	0.00343	0.00171	0.00428	0.00300	0.00343	0.00600
10	0.00784	0.00566	0.00740	0.00697	0.00827	0.00523	0.00523	0.01045	0.01568	0.02221	0.76789	0.04137	0.05226	0.01132	0.00653	0.00174	0.00261	0.01002	0.00610	0.00523
11	0.84448	0.01071	0.00814	0.00728	0.01071	0.01242	0.00600	0.01628	0.00943	0.02485	0.00771	0.00900	0.00600	0.00514	0.00343	0.00171	0.00428	0.00300	0.00343	0.00600
12	0.00805	0.00537	0.00604	0.00604	0.00604	0.00537	0.00336	0.00805	0.00805	0.01074	0.01745	0.03624	0.02013	0.80536	0.02819	0.00537	0.00537	0.00805	0.00336	0.00336
13	0.00791	0.00593	0.00890	0.00890	0.00989	0.00692	0.00692	0.00989	0.00890	0.01286	0.01483	0.02176	0.01385	0.04154	0.78341	0.00890	0.01483	0.00593	0.00297	0.00494
14	0.02164	0.01457	0.01604	0.01229	0.01670	0.01577	0.01016	0.63986	0.02446	0.14962	0.01462	0.01416	0.01008	0.00668	0.00554	0.00167	0.00588	0.00508	0.00574	0.00942
15	0.02243	0.00996	0.01285	0.00999	0.01398	0.00923	0.00820	0.13770	0.01741	0.57892	0.10085	0.02041	0.01719	0.00730	0.00567	0.00171	0.00470	0.00596	0.00657	0.00897
16	0.00804	0.00542	0.00631	0.00631	0.00640	0.00552	0.00369	0.00823	0.00813	0.01094	0.01720	0.03487	0.01954	0.73317	0.09957	0.00570	0.00626	0.00785	0.00332	0.00351
17	0.00675	0.00482	0.00643	0.00771	0.00803	0.00450	0.00514	0.00771	0.01060	0.01414	0.03053	0.80175	0.03663	0.01735	0.00707	0.00225	0.00321	0.01574	0.00514	0.00450
18	0.00784	0.00566	0.00740	0.00697	0.00827	0.00523	0.00523	0.01045	0.01568	0.02221	0.76789	0.04137	0.05226	0.01132	0.00653	0.00174	0.00261	0.01002	0.00610	0.00523
19	0.02449	0.01000	0.01321	0.01013	0.01442	0.00899	0.00837	0.09555	0.01681	0.70473	0.02104	0.01833	0.01330	0.00684	0.00557	0.00171	0.00484	0.00551	0.00673	0.00942
20	0.01481	0.80869	0.02902	0.00948	0.01421	0.02191	0.00948	0.01658	0.01125	0.01303	0.00770	0.00888	0.00711	0.00474	0.00355	0.00118	0.00592	0.00296	0.00237	0.00711
21	0.01358	0.01228	0.01869	0.24517	0.36794	0.01344	0.01462	0.09720	0.12457	0.01953	0.01236	0.01500	0.00965	0.00567	0.00553	0.00174	0.00643	0.00513	0.00339	0.00809
22	0.00784	0.00566	0.00740	0.00697	0.00827	0.00523	0.00523	0.01045	0.01568	0.02221	0.76789	0.04137	0.05226	0.01132	0.00653	0.00174	0.00261	0.01002	0.00610	0.00523
23	0.00953	0.00798	0.00860	0.00815	0.01031	0.00825	0.00618	0.01657	0.30169	0.01909	0.14156	0.09809	0.31959	0.01139	0.00623	0.00189	0.00342	0.00968	0.00547	0.00632
24	0.00784	0.00566	0.00740	0.00697	0.00827	0.00523	0.00523	0.01045	0.01568	0.02221	0.76789	0.04137	0.05226	0.01132	0.00653	0.00174	0.00261	0.01002	0.00610	0.00523
25	0.00892	0.00812	0.01402	0.01155	0.01397	0.00796	0.19642	0.01157	0.01192	0.01613	0.14864	0.03020	0.18422	0.02103	0.28470	0.00437	0.00875	0.00803	0.00392	0.00558
26	0.01780	0.01390	0.01479	0.01209	0.01594	0.01566	0.00974	0.42937	0.35431	0.02966	0.01743	0.01659	0.01276	0.00704	0.00558	0.00176	0.00533	0.00556	0.00558	0.00913
27	0.01352	0.01296	0.02214	0.07854	0.72776	0.01311	0.01690	0.01683	0.01252	0.01786	0.01038	0.01377	0.00869	0.00497	0.00549	0.00166	0.00663	0.00493	0.00272	0.00862
28	0.01820	0.02087	0.01618	0.01417	0.01636	0.46516	0.01110	0.10665	0.01480	0.01604	0.00874	0.01101	0.00745	0.00700	0.00896	0.00175	0.24174	0.00411	0.00305	0.00667
29	0.01597	0.01761	0.01334	0.04308	0.03431	0.40605	0.00932	0.08218	0.01480	0.01615	0.06327	0.05956	0.04645	0.01063	0.06764	0.04612	0.00817	0.00548	0.00352	0.03635
30	0.06407	0.18688	0.30512	0.01335	0.01865	0.26745	0.01380	0.01913	0.03518	0.01590	0.00927	0.01067	0.00731	0.00536	0.00473	0.00153	0.00797	0.00369	0.00268	0.00727
31	0.01459	0.76285	0.07296	0.00985	0.01479	0.02138	0.01012	0.01664	0.01128	0.01330	0.00783	0.00905	0.00710	0.00477	0.00365	0.00122	0.00606	0.00303	0.00237	0.00717
32	0.01296	0.23920	0.32939	0.01985	0.25966	0.01546	0.01632	0.01710	0.01186	0.01647	0.00947	0.01156	0.00760	0.00501	0.00486	0.00156	0.00705	0.00405	0.00248	0.00807
33	0.01307	0.01494	0.03268	0.02334	0.02894	0.01401	0.75070	0.01774	0.01307	0.01774	0.01120	0.01494	0.00840	0.00467	0.00654	0.00187	0.00934	0.00654	0.00280	0.00747
34	0.00821	0.00637	0.00946	0.00930	0.01021	0.00762	0.00729	0.01013	0.00887	0.01289	0.01431	0.02108	0.01339	0.03931	0.72991	0.00845	0.06940	0.00586	0.00293	0.00502
35	0.00715	0.00563	0.00645	0.00625	0.00785	0.00493	0.00469	0.00912	0.01406	0.01837	0.39050	0.04770	0.43205	0.01276	0.00654	0.00181	0.00271	0.01090	0.00559	0.00493
36	0.00962	0.00481	0.00722	0.00722	0.00722	0.00481	0.00481	0.00722	0.00722	0.00962	0.00962	0.01684	0.00962	0.01924	0.02165	0.83886	0.00481	0.00481	0.00241	0.00241
37	0.01152	0.02442	0.58317	0.08028	0.15730	0.01287	0.01945	0.01718	0.01181	0.01737	0.01002	0.01229	0.00736	0.00523	0.00532	0.00174	0.00784	0.00431	0.00242	0.00813
38	0.02105	0.01551	0.01662	0.01274	0.01717	0.01717	0.01053	0.75235	0.02604	0.03490	0.01330	0.01330	0.00942	0.00665	0.00554	0.00166	0.00609	0.00499	0.00554	0.00942
39	0.01843	0.01488	0.01510	0.01231	0.01618	0.06234	0.00991	0.44929	0.28849	0.02941	0.01632	0.01573	0.01196	0.00690	0.00554	0.00173	0.00572	0.00536	0.00541	0.00900
40	0.02485	0.00943	0.01285	0.00985	0.01414	0.00814	0.00814	0.02699	0.01585	0.77465	0.02185	0.01885	0.01371	0.00685	0.00557	0.00171	0.00471	0.00557	0.00685	0.00943
41	0.01600	0.71407	0.02711	0.00952	0.01421	0.02028	0.00932	0.01782	0.01180	0.10320	0.00937	0.01006	0.00789	0.00499	0.00379	0.00125	0.00578	0.00327	0.00290	0.00738
42	0.09960	0.01159	0.01238	0.01011	0.01384	0.10073	0.00813	0.02466	0.09542	0.48720	0.06419	0.01843	0.01488	0.00690	0.00536	0.00170	0.00513	0.00543	0.00588	0.00842
43	0.01591	0.01467	0.02064	0.02766	0.54218	0.07020	0.01505	0.18686	0.01593	0.02164	0.01095	0.01334	0.00880	0.00539	0.00546	0.00163	0.00672	0.00485	0.00339	0.00875
44	0.00801	0.00556	0.00701	0.00701	0.00735	0.00590	0.00457	0.00868	0.00834	0.01146	0.01656	0.03132	0.01800	0.54561	0.28502	0.00657	0.00859	0.00733	0.00322	0.00390
45	0.01378	0.01650	0.21105	0.13467	0.02172	0.01392	0.05582	0.20772	0.08884	0.02131	0.01228	0.01454	0.00935	0.00930	0.07210	0.00242	0.07829	0.00503	0.00360	0.00774
46	0.00691	0.00542	0.00625	0.00648	0.00781	0.00476	0.00469	0.00849	0.01284	0.01650	0.22133	0.24199	0.40836	0.01422	0.00668	0.00194	0.00286	0.01232	0.00537	0.00476
47	0.01285	0.05508	0.01171	0.00951	0.01170	0.00947	0.00763	0.12787	0.01286	0.12827	0.03440	0.02033	0.01397	0.05825	0.45326	0.00595	0.01079	0.00575	0.00400	0.00637
48	0.01196	0.01583	0.21303	0.02526	0.46137	0.01174	0.01605	0.01570	0.01206	0.01734	0.01341	0.13540	0.01264	0.00694	0.00567	0.00177	0.00647	0.00640	0.00301	0.00796
49	0.01481	0.80869	0.02902	0.00948	0.01421	0.02191	0.00948	0.01658	0.01125	0.01303	0.00770	0.00888	0.00711	0.00474	0.00355	0.00118	0.00592	0.00296	0.00237	0.00711
50	0.01204	0.01023	0.01177	0.00862	0.01339	0.00827	0.00689	0.04431	0.07120	0.01912	0.01098	0.01228	0.00894	0.00447	0.00428	0.00094	0.00420	0.00358	0.00356	0.74093

[dist]
# distance from previous block
# <min> <max>
6	7

[block]
# block no. 3 follows, 43 sequences, length 44
# corresponding to MSA columns:
# 507-550
name=unknown_D
#
# <colnr> <probs for GDERKNQSTAVLIFYWHMCP>
#	G	D	E	R	K	N	Q	S	T	A	V	L	I	F	Y	W	H	M	C	P
0	0.01092	0.01047	0.01671	0.57762	0.03163	0.01359	0.01448	0.01392	0.01036	0.01392	0.00913	0.01404	0.00735	0.00668	0.00902	0.00201	0.22467	0.00490	0.00245	0.00613
1	0.84448	0.01071	0.00814	0.00728	0.01071	0.01242	0.00600	0.01628	0.00943	0.02485	0.00771	0.00900	0.00600	0.00514	0.00343	0.00171	0.00428	0.00300	0.00343	0.00600
2	0.01378	0.01190	0.01252	0.01127	0.01440	0.01378	0.00877	0.02943	0.76081	0.02317	0.02254	0.02066	0.01691	0.00751	0.00564	0.00188	0.00438	0.00626	0.00564	0.00877
3	0.01161	0.00927	0.01421	0.25812	0.03450	0.01010	0.10042	0.06576	0.06906	0.03892	0.01651	0.13710	0.01454	0.00769	0.00554	0.00177	0.00553	0.00695	0.18602	0.00640
4	0.00686	0.00562	0.00605	0.00594	0.00768	0.00481	0.00446	0.00856	0.01338	0.01675	0.23135	0.05036	0.59221	0.01336	0.00654	0.00184	0.00276	0.01128	0.00538	0.00481
5	0.01470	0.01166	0.01253	0.01068	0.01385	0.01289	0.00845	0.26605	0.34617	0.02590	0.09547	0.05087	0.08927	0.00856	0.00583	0.00181	0.00459	0.00705	0.00558	0.00810
6	0.00685	0.00489	0.00654	0.00783	0.00819	0.00458	0.00531	0.00788	0.01070	0.01425	0.03047	0.76803	0.03641	0.01726	0.00710	0.00226	0.00330	0.04848	0.00514	0.00453
7	0.01239	0.01326	0.09241	0.01428	0.05404	0.01473	0.01179	0.07010	0.06214	0.01599	0.01046	0.01579	0.00973	0.10614	0.01562	0.00258	0.46376	0.00528	0.00300	0.00652
8	0.00685	0.00489	0.00654	0.00783	0.00819	0.00458	0.00531	0.00788	0.01070	0.01425	0.03047	0.76803	0.03641	0.01726	0.00710	0.00226	0.00330	0.04848	0.00514	0.00453
9	0.01300	0.01244	0.02121	0.19840	0.61191	0.01297	0.01665	0.01638	0.01228	0.01724	0.01029	0.01394	0.00847	0.00507	0.00549	0.00169	0.00675	0.00493	0.00268	0.00820
10	0.01164	0.13983	0.67011	0.01489	0.02258	0.01415	0.01890	0.01740	0.01163	0.01690	0.00962	0.01129	0.00703	0.00519	0.00502	0.00167	0.00786	0.00393	0.00234	0.00803
11	0.01481	0.80869	0.02902	0.00948	0.01421	0.02191	0.00948	0.01658	0.01125	0.01303	0.00770	0.00888	0.00711	0.00474	0.00355	0.00118	0.00592	0.00296	0.00237	0.00711
12	0.02446	0.01006	0.01324	0.01015	0.01445	0.00908	0.00839	0.10208	0.01691	0.69807	0.02096	0.01828	0.01327	0.00683	0.00557	0.00171	0.00486	0.00551	0.00672	0.00942
13	0.01378	0.01190	0.01252	0.01127	0.01440	0.01378	0.00877	0.02943	0.76081	0.02317	0.02254	0.02066	0.01691	0.00751	0.00564	0.00188	0.00438	0.00626	0.00564	0.00877
14	0.01505	0.07865	0.43411	0.01476	0.02069	0.29504	0.01597	0.03411	0.01342	0.01614	0.00936	0.01092	0.00711	0.00542	0.00506	0.00160	0.00865	0.00384	0.00259	0.00749
15	0.00757	0.00537	0.00709	0.00752	0.00794	0.00558	0.00510	0.00853	0.00918	0.01255	0.02097	0.28705	0.02362	0.29689	0.26388	0.00546	0.00769	0.00994	0.00383	0.00425
16	0.00805	0.00535	0.00724	0.00832	0.00902	0.00505	0.00605	0.00939	0.01129	0.05052	0.02987	0.61397	0.03458	0.01644	0.00712	0.00229	0.00367	0.16172	0.00521	0.00485
17	0.01831	0.05020	0.11065	0.01702	0.13336	0.39913	0.01279	0.15856	0.01653	0.01875	0.00988	0.01135	0.00780	0.00568	0.00515	0.00154	0.00837	0.00409	0.00326	0.00759
18	0.01278	0.27945	0.16868	0.01019	0.01444	0.01373	0.01008	0.01715	0.11065	0.06057	0.04990	0.01864	0.03750	0.12142	0.00811	0.00205	0.00567	0.00514	0.00352	0.05032
19	0.01485	0.22171	0.01972	0.01766	0.26569	0.01411	0.01108	0.12165	0.01334	0.06211	0.01091	0.01399	0.00926	0.03584	0.00843	0.13873	0.00589	0.00455	0.00326	0.00723
20	0.01265	0.01185	0.01989	0.06562	0.61940	0.01190	0.01512	0.01586	0.01301	0.01854	0.12646	0.01800	0.01537	0.00594	0.00565	0.00167	0.00601	0.00571	0.00324	0.00811
21	0.00672	0.00494	0.00630	0.00738	0.00795	0.00453	0.00499	0.00775	0.01092	0.01427	0.03454	0.68441	0.15138	0.01683	0.00699	0.00219	0.00315	0.01511	0.00514	0.00453
22	0.01174	0.01463	0.18693	0.05665	0.27680	0.01119	0.05252	0.01651	0.06815	0.03141	0.12064	0.02253	0.04265	0.00716	0.00583	0.00179	0.00614	0.05552	0.00364	0.00757
23	0.01439	0.51587	0.23250	0.01169	0.01718	0.09642	0.01261	0.01740	0.01182	0.01432	0.00840	0.00977	0.00708	0.00498	0.00417	0.00137	0.00695	0.00333	0.00241	0.00733
24	0.00675	0.00482	0.00643	0.00771	0.00803	0.00450	0.00514	0.00771	0.01060	0.01414	0.03053	0.80175	0.03663	0.01735	0.00707	0.00225	0.00321	0.01574	0.00514	0.00450
25	0.01117	0.00708	0.00826	0.00744	0.00976	0.00655	0.00575	0.01472	0.10241	0.15985	0.23679	0.03980	0.34645	0.01119	0.00625	0.00181	0.00330	0.00946	0.00578	0.00619
26	0.01550	0.01245	0.01583	0.01751	0.22307	0.01336	0.01112	0.27640	0.17489	0.03830	0.01709	0.12882	0.01482	0.00791	0.00577	0.00179	0.00543	0.00680	0.00475	0.00839
27	0.01269	0.01212	0.02065	0.27050	0.54223	0.01289	0.01649	0.01611	0.01213	0.01686	0.01024	0.01404	0.00834	0.00512	0.00550	0.00171	0.00683	0.00493	0.00265	0.00796
28	0.00845	0.00660	0.00942	0.00912	0.00983	0.00790	0.00698	0.01001	0.00871	0.01257	0.01434	0.02295	0.01407	0.16269	0.56598	0.00753	0.10894	0.00615	0.00296	0.00482
29	0.02105	0.01551	0.01662	0.01274	0.01717	0.01717	0.01053	0.75235	0.02604	0.03490	0.01330	0.01330	0.00942	0.00665	0.00554	0.00166	0.00609	0.00499	0.00554	0.00942
30	0.01307	0.01494	0.03268	0.02334	0.02894	0.01401	0.75070	0.01774	0.01307	0.01774	0.01120	0.01494	0.00840	0.00467	0.00654	0.00187	0.00934	0.00654	0.00280	0.00747
31	0.00805	0.00537	0.00604	0.00604	0.00604	0.00537	0.00336	0.00805	0.00805	0.01074	0.01745	0.03624	0.02013	0.80536	0.02819	0.00537	0.00537	0.00805	0.00336	0.00336
32	0.00794	0.00621	0.00733	0.00736	0.00901	0.00582	0.00580	0.01094	0.06519	0.01818	0.27719	0.04906	0.33876	0.01296	0.00670	0.00197	0.00331	0.15558	0.00547	0.00522
33	0.01583	0.01497	0.02260	0.14141	0.11379	0.07260	0.25908	0.24891	0.01699	0.02231	0.01136	0.01388	0.00851	0.00554	0.00582	0.00174	0.00773	0.00538	0.00361	0.00795
34	0.00819	0.00601	0.00805	0.00793	0.00843	0.00676	0.00561	0.00926	0.00850	0.01194	0.01560	0.02767	0.01629	0.37831	0.40892	0.00700	0.05130	0.00682	0.00311	0.00430
35	0.01148	0.00984	0.01148	0.00820	0.01312	0.00738	0.00656	0.01395	0.01148	0.01805	0.00984	0.01148	0.00820	0.00410	0.00410	0.00082	0.00410	0.00328	0.00328	0.83922
36	0.00655	0.00561	0.00561	0.00561	0.00748	0.00468	0.00421	0.00795	0.01262	0.01496	0.05610	0.05330	0.76857	0.01403	0.00655	0.00187	0.00281	0.01169	0.00514	0.00468
37	0.00874	0.00722	0.01201	0.01167	0.05146	0.00796	0.08267	0.01105	0.00952	0.01362	0.01424	0.02065	0.01303	0.03590	0.66432	0.00781	0.01385	0.00594	0.00294	0.00540
38	0.00703	0.00517	0.00659	0.00720	0.00802	0.00473	0.00503	0.00853	0.01235	0.01657	0.24532	0.47608	0.14671	0.01515	0.00684	0.00205	0.00298	0.01352	0.00541	0.00473
39	0.00828	0.00666	0.01015	0.13865	0.07643	0.00721	0.00833	0.01018	0.01034	0.01409	0.02081	0.37585	0.02277	0.02159	0.23766	0.00411	0.00763	0.01016	0.00386	0.00525
40	0.01283	0.01270	0.01496	0.01645	0.17744	0.12330	0.01084	0.01699	0.12426	0.01720	0.12940	0.01902	0.01672	0.01144	0.09222	0.00262	0.18530	0.00581	0.00366	0.00686
41	0.01323	0.01683	0.26865	0.01532	0.12915	0.01143	0.01330	0.08781	0.09137	0.06822	0.05811	0.05641	0.01334	0.00650	0.00538	0.00163	0.00596	0.00546	0.00384	0.12806
42	0.01440	0.08941	0.12713	0.10755	0.10637	0.22136	0.04739	0.05564	0.03519	0.01660	0.03663	0.09293	0.01224	0.00686	0.00540	0.00167	0.00734	0.00564	0.00323	0.00702
43	0.10160	0.00995	0.01313	0.01569	0.22285	0.01040	0.00956	0.01813	0.19550	0.04900	0.26628	0.02431	0.02514	0.00779	0.00565	0.00174	0.00441	0.00677	0.00479	0.00731

[dist]
# distance from previous block
# <min> <max>
0	49

[block]
# block no. 4 follows, 43 sequences, length 69
# corresponding to MSA columns:
# 605-673
name=unknown_E
#
# <colnr> <probs for GDERKNQSTAVLIFYWHMCP>
#	G	D	E	R	K	N	Q	S	T	A	V	L	I	F	Y	W	H	M	C	P
0	0.04080	0.17482	0.51393	0.01489	0.05841	0.01471	0.01688	0.05955	0.01247	0.01803	0.02197	0.01174	0.00796	0.00532	0.00492	0.00163	0.00733	0.00403	0.00265	0.00796
1	0.05859	0.01419	0.10335	0.05835	0.49802	0.01267	0.01532	0.06348	0.01342	0.04703	0.05392	0.01501	0.01107	0.00555	0.00542	0.00168	0.00634	0.00505	0.00324	0.00831
2	0.01417	0.05713	0.08557	0.12122	0.31790	0.01368	0.11604	0.09673	0.03304	0.04667	0.01128	0.01383	0.00875	0.00528	0.00548	0.00167	0.00690	0.00498	0.00320	0.03645
3	0.01063	0.01343	0.19614	0.01573	0.19113	0.00952	0.01190	0.05348	0.01426	0.02028	0.31832	0.06092	0.04432	0.00845	0.00595	0.00174	0.00510	0.00743	0.00431	0.00695
4	0.12473	0.05220	0.11080	0.05329	0.25088	0.01146	0.04384	0.01694	0.01251	0.11971	0.07858	0.07382	0.01451	0.00673	0.00535	0.00173	0.00575	0.00586	0.00377	0.00754
5	0.10091	0.05824	0.17444	0.15720	0.28226	0.01315	0.07559	0.01635	0.01188	0.01784	0.03497	0.01374	0.00920	0.00531	0.00525	0.00171	0.00686	0.00475	0.00278	0.00758
6	0.00962	0.00481	0.00722	0.00722	0.00722	0.00481	0.00481	0.00722	0.00722	0.00962	0.00962	0.01684	0.00962	0.01924	0.02165	0.83886	0.00481	0.00481	0.00241	0.00241
7	0.01285	0.04997	0.25228	0.02006	0.26604	0.01254	0.04005	0.01800	0.08031	0.05919	0.09246	0.01672	0.01373	0.00621	0.00596	0.00173	0.03509	0.00534	0.00343	0.00804
8	0.01030	0.00957	0.01639	0.04714	0.06706	0.01000	0.19480	0.04128	0.01197	0.01645	0.05941	0.34081	0.02230	0.01107	0.00816	0.00207	0.11113	0.01007	0.00398	0.00604
9	0.00817	0.00591	0.00787	0.00806	0.00938	0.00561	0.00650	0.01071	0.01451	0.01990	0.47525	0.04938	0.07483	0.01285	0.00693	0.00203	0.00351	0.26773	0.00570	0.00516
10	0.02069	0.02640	0.01569	0.01427	0.01712	0.78313	0.01070	0.02212	0.01569	0.01355	0.00856	0.00999	0.00713	0.00571	0.00499	0.00143	0.00999	0.00357	0.00285	0.00642
11	0.01180	0.16911	0.40112	0.01315	0.01900	0.01371	0.04609	0.01799	0.11089	0.01807	0.11250	0.01645	0.01444	0.00624	0.00521	0.00167	0.00656	0.00506	0.00330	0.00763
12	0.01186	0.01470	0.12513	0.01793	0.02283	0.01216	0.43423	0.01751	0.09291	0.01888	0.12999	0.02048	0.04171	0.00639	0.00627	0.00183	0.00740	0.00689	0.00363	0.00726
13	0.01320	0.01284	0.02240	0.10599	0.57894	0.01285	0.09442	0.01663	0.01245	0.01767	0.01041	0.01382	0.00857	0.00492	0.00553	0.00164	0.00682	0.00501	0.00275	0.05313
14	0.01633	0.01024	0.01422	0.01039	0.01516	0.00835	0.08637	0.01891	0.01318	0.28267	0.01419	0.01443	0.01015	0.00513	0.00487	0.00124	0.00487	0.00443	0.00448	0.46037
15	0.00660	0.00561	0.00569	0.00567	0.00751	0.00470	0.00425	0.00806	0.01275	0.01527	0.08658	0.05279	0.73790	0.01391	0.00654	0.00186	0.00280	0.01162	0.00518	0.00470
16	0.00962	0.00481	0.00722	0.00722	0.00722	0.00481	0.00481	0.00722	0.00722	0.00962	0.00962	0.01684	0.00962	0.01924	0.02165	0.83886	0.00481	0.00481	0.00241	0.00241
17	0.01030	0.00657	0.00826	0.00857	0.00987	0.00647	0.00612	0.01377	0.13164	0.11727	0.02808	0.57178	0.03040	0.01437	0.00664	0.00212	0.00360	0.01286	0.00545	0.00584
18	0.01046	0.00984	0.01661	0.79205	0.03814	0.01230	0.01538	0.01415	0.01107	0.01415	0.00984	0.01477	0.00738	0.00554	0.00554	0.00185	0.00738	0.00492	0.00246	0.00615
