[name]
unknown

[dist]
# distance from previous block
# <min> <max>
13	107

[block]
# block no. 0 follows, 45 sequences, length 8
# corresponding to MSA columns:
# 118-125
name=unknown_A
#
# <colnr> <probs for GDERKNQSTAVLIFYWHMCP>
#	G	D	E	R	K	N	Q	S	T	A	V	L	I	F	Y	W	H	M	C	P
0	0.11254	0.01171	0.01265	0.03715	0.09377	0.06856	0.00877	0.24792	0.01584	0.05825	0.03358	0.01835	0.08357	0.02767	0.07025	0.00224	0.00605	0.00536	0.05164	0.03413
1	0.07526	0.03913	0.01317	0.01058	0.01372	0.13994	0.00843	0.23709	0.04910	0.16754	0.03035	0.06067	0.01260	0.03914	0.04360	0.00209	0.02116	0.00543	0.02363	0.00738
2	0.05145	0.00846	0.01084	0.15541	0.01540	0.04866	0.03160	0.01310	0.01236	0.07876	0.20686	0.08169	0.07484	0.04005	0.00737	0.00194	0.05625	0.05467	0.04467	0.00561
3	0.03866	0.00955	0.03198	0.14455	0.01601	0.03006	0.00862	0.09384	0.08743	0.09114	0.04403	0.13593	0.01656	0.04225	0.07098	0.00243	0.00574	0.02535	0.04981	0.05511
4	0.01436	0.01119	0.01336	0.01372	0.14317	0.09309	0.03781	0.08809	0.03579	0.13450	0.01550	0.09645	0.01418	0.16882	0.00977	0.00230	0.00565	0.00632	0.00403	0.09189
5	0.01354	0.00810	0.01016	0.00900	0.01107	0.00837	0.00690	0.16650	0.01364	0.17799	0.01859	0.16320	0.01733	0.12603	0.21978	0.00410	0.00731	0.00749	0.00461	0.00631
6	0.12010	0.01357	0.01303	0.01079	0.01432	0.09009	0.00866	0.32771	0.18193	0.07416	0.01766	0.01715	0.07354	0.00696	0.00517	0.00166	0.00535	0.00530	0.00493	0.00792
7	0.01591	0.01197	0.01350	0.01298	0.08946	0.04361	0.00931	0.10604	0.42943	0.14644	0.04901	0.01868	0.01529	0.00692	0.00544	0.00173	0.00484	0.00574	0.00528	0.00844

[dist]
# distance from previous block
# <min> <max>
4	9

[block]
# block no. 1 follows, 45 sequences, length 9
# corresponding to MSA columns:
# 135-143
name=unknown_B
#
# <colnr> <probs for GDERKNQSTAVLIFYWHMCP>
#	G	D	E	R	K	N	Q	S	T	A	V	L	I	F	Y	W	H	M	C	P
0	0.01437	0.01006	0.01219	0.01014	0.01263	0.01087	0.00815	0.22488	0.01571	0.13065	0.11349	0.10429	0.08598	0.00915	0.00791	0.00179	0.15178	0.00707	0.00484	0.06408
1	0.01197	0.02087	0.48166	0.01324	0.01902	0.01183	0.01510	0.16827	0.01400	0.01986	0.01399	0.15902	0.01259	0.00754	0.00548	0.00177	0.00662	0.00623	0.00341	0.00752
2	0.01009	0.00831	0.01093	0.01265	0.15227	0.00791	0.00834	0.08609	0.01331	0.01762	0.02962	0.09003	0.25389	0.01073	0.00609	0.00182	0.00439	0.17690	0.00439	0.09462
3	0.01925	0.01603	0.01679	0.01624	0.15729	0.14562	0.01125	0.45357	0.02054	0.07263	0.01210	0.01275	0.00889	0.00599	0.00527	0.00157	0.00655	0.00463	0.00451	0.00852
4	0.01588	0.01345	0.01922	0.07110	0.43553	0.01423	0.01393	0.30700	0.01722	0.02368	0.01115	0.01319	0.00867	0.00547	0.00534	0.00161	0.00624	0.00480	0.00370	0.00859
5	0.00676	0.00513	0.00622	0.00673	0.00761	0.00478	0.00469	0.00791	0.01069	0.01380	0.06301	0.36566	0.27947	0.09762	0.09155	0.00302	0.00436	0.01199	0.00462	0.00438
6	0.00650	0.00481	0.00608	0.00710	0.00769	0.00439	0.00482	0.00752	0.01064	0.01385	0.03417	0.66795	0.17244	0.01622	0.00676	0.00211	0.00304	0.01453	0.00498	0.00439
7	0.01467	0.02501	0.37534	0.01577	0.02133	0.31655	0.12202	0.01876	0.01304	0.01552	0.00929	0.01114	0.00704	0.00519	0.00518	0.00159	0.00878	0.00411	0.00253	0.00717
8	0.01414	0.01518	0.13453	0.01724	0.18056	0.03488	0.05760	0.10414	0.32126	0.04084	0.01540	0.01579	0.01158	0.00609	0.00540	0.00171	0.00591	0.00526	0.00415	0.00836

[dist]
# distance from previous block
# <min> <max>
0	4

[block]
# block no. 2 follows, 45 sequences, length 8
# corresponding to MSA columns:
# 148-155
name=unknown_C
#
# <colnr> <probs for GDERKNQSTAVLIFYWHMCP>
#	G	D	E	R	K	N	Q	S	T	A	V	L	I	F	Y	W	H	M	C	P
0	0.01064	0.00971	0.01619	0.29986	0.30493	0.01082	0.01327	0.01362	0.01072	0.01480	0.01106	0.01577	0.00935	0.01461	0.21803	0.00357	0.00882	0.00504	0.00262	0.00659
1	0.00712	0.00541	0.00620	0.00620	0.00720	0.00519	0.00429	0.00810	0.00995	0.01264	0.03325	0.03986	0.35798	0.30494	0.16440	0.00434	0.00585	0.00899	0.00396	0.00412
2	0.07077	0.01710	0.22959	0.01227	0.01749	0.01340	0.01215	0.35562	0.01832	0.18083	0.01332	0.01329	0.00912	0.00602	0.00517	0.00165	0.00609	0.00458	0.00463	0.00859
3	0.39085	0.01366	0.01218	0.01036	0.01370	0.12010	0.03588	0.14537	0.14719	0.02337	0.01117	0.01187	0.00852	0.00583	0.00479	0.00167	0.02858	0.00405	0.00392	0.00696
4	0.00909	0.00610	0.00737	0.00727	0.00800	0.00631	0.00492	0.01114	0.14275	0.01282	0.01964	0.09365	0.08771	0.23781	0.01742	0.30855	0.00442	0.00733	0.00362	0.00406
5	0.01449	0.29739	0.04505	0.01404	0.14985	0.09828	0.01026	0.01859	0.12543	0.07608	0.01593	0.01634	0.08450	0.00619	0.00472	0.00148	0.00574	0.00482	0.00349	0.00733
6	0.01270	0.08539	0.01348	0.01181	0.08471	0.04246	0.00827	0.06353	0.06605	0.08290	0.01484	0.08780	0.01447	0.23279	0.01361	0.00276	0.14626	0.00643	0.00368	0.00607
7	0.01252	0.08480	0.15957	0.02187	0.23383	0.01421	0.25100	0.01626	0.01153	0.01626	0.00960	0.01270	0.00774	0.00539	0.00716	0.00175	0.11883	0.00495	0.00253	0.00749

[dist]
# distance from previous block
# <min> <max>
1	3

[block]
# block no. 3 follows, 45 sequences, length 33
# corresponding to MSA columns:
# 159-191
name=unknown_D
#
# <colnr> <probs for GDERKNQSTAVLIFYWHMCP>
#	G	D	E	R	K	N	Q	S	T	A	V	L	I	F	Y	W	H	M	C	P
0	0.01562	0.01084	0.01163	0.00993	0.01267	0.08558	0.00794	0.13027	0.10106	0.20718	0.17763	0.02589	0.07675	0.00861	0.00640	0.00175	0.04867	0.04907	0.00533	0.00717
1	0.11568	0.01823	0.10243	0.05213	0.14647	0.29764	0.05036	0.04621	0.01358	0.01745	0.08064	0.01379	0.01128	0.00577	0.00503	0.00157	0.00730	0.00452	0.00313	0.00680
2	0.01153	0.21403	0.48488	0.13339	0.02306	0.01449	0.01652	0.01628	0.01114	0.01545	0.00910	0.01113	0.00688	0.00502	0.00474	0.00158	0.00729	0.00383	0.00229	0.00738
3	0.00765	0.00584	0.00706	0.00669	0.00820	0.00544	0.00504	0.01067	0.06050	0.01989	0.55535	0.04166	0.22326	0.01138	0.00628	0.00173	0.00268	0.00988	0.00566	0.00515
4	0.84927	0.01038	0.00789	0.00706	0.01038	0.01204	0.00581	0.01578	0.00914	0.02408	0.00747	0.00872	0.00581	0.00498	0.00332	0.00166	0.00415	0.00291	0.00332	0.00581
5	0.01064	0.01043	0.01605	0.15124	0.01886	0.04830	0.12454	0.01300	0.00980	0.01357	0.01056	0.01562	0.00935	0.01803	0.27010	0.00421	0.24209	0.00525	0.00261	0.00575
6	0.00760	0.00549	0.00718	0.00675	0.00802	0.00506	0.00506	0.01013	0.01519	0.02153	0.77503	0.04010	0.05065	0.01097	0.00633	0.00169	0.00253	0.00971	0.00591	0.00506
7	0.00664	0.00517	0.00592	0.00629	0.00743	0.00458	0.00444	0.00791	0.01164	0.01477	0.12521	0.30086	0.40026	0.06427	0.00782	0.00213	0.00298	0.01223	0.00498	0.00445
8	0.01983	0.01683	0.01565	0.01254	0.01644	0.16666	0.01011	0.56416	0.07641	0.02900	0.01264	0.01277	0.00922	0.00633	0.00527	0.00158	0.00652	0.00465	0.00487	0.00852
9	0.00753	0.00548	0.00708	0.00668	0.00798	0.00504	0.00501	0.01000	0.01503	0.02114	0.73526	0.04074	0.09066	0.01112	0.00633	0.00170	0.00254	0.00980	0.00586	0.00504
10	0.72330	0.01019	0.00859	0.00744	0.01089	0.01141	0.00613	0.01736	0.01009	0.13972	0.00957	0.01018	0.00695	0.00524	0.00364	0.00166	0.00422	0.00329	0.00383	0.00632
11	0.01435	0.81458	0.02813	0.00918	0.01378	0.02124	0.00918	0.01607	0.01091	0.01263	0.00746	0.00861	0.00689	0.00459	0.00344	0.00115	0.00574	0.00287	0.00230	0.00689
12	0.84927	0.01038	0.00789	0.00706	0.01038	0.01204	0.00581	0.01578	0.00914	0.02408	0.00747	0.00872	0.00581	0.00498	0.00332	0.00166	0.00415	0.00291	0.00332	0.00581
13	0.00634	0.00544	0.00544	0.00544	0.00725	0.00453	0.00408	0.00770	0.01224	0.01450	0.05438	0.05166	0.77569	0.01359	0.00634	0.00181	0.00272	0.01133	0.00498	0.00453
14	0.01819	0.00749	0.00959	0.00783	0.01081	0.00672	0.00631	0.02044	0.01399	0.47251	0.07525	0.02045	0.01618	0.00683	0.00492	0.00153	0.00373	0.00558	0.28418	0.00746
15	0.01038	0.01002	0.01762	0.72283	0.03610	0.01209	0.08738	0.01405	0.01092	0.01405	0.00967	0.01433	0.00725	0.00528	0.00546	0.00179	0.00734	0.00492	0.00242	0.00609
16	0.01278	0.00655	0.00861	0.00769	0.00980	0.00583	0.00590	0.01477	0.01412	0.27233	0.32723	0.16866	0.10215	0.01080	0.00611	0.00178	0.00333	0.00940	0.00591	0.00625
17	0.00896	0.08811	0.00975	0.00784	0.00886	0.04800	0.00574	0.01005	0.00899	0.01182	0.01527	0.07372	0.01609	0.32273	0.33487	0.00581	0.00912	0.00671	0.00308	0.00447
18	0.84927	0.01038	0.00789	0.00706	0.01038	0.01204	0.00581	0.01578	0.00914	0.02408	0.00747	0.00872	0.00581	0.00498	0.00332	0.00166	0.00415	0.00291	0.00332	0.00581
19	0.00651	0.00479	0.00611	0.00716	0.00770	0.00439	0.00484	0.00751	0.01058	0.01382	0.03337	0.69241	0.14850	0.01633	0.00677	0.00212	0.00305	0.01466	0.00498	0.00439
20	0.06702	0.01813	0.10409	0.13781	0.17910	0.27112	0.06787	0.01847	0.05644	0.01610	0.00993	0.01221	0.00784	0.00529	0.00510	0.00160	0.00770	0.00432	0.00282	0.00703
21	0.08793	0.11356	0.08778	0.01309	0.01703	0.37585	0.05394	0.15625	0.01555	0.01841	0.00925	0.01050	0.00729	0.00545	0.00476	0.00147	0.00786	0.00381	0.00319	0.00702
22	0.00855	0.00570	0.00748	0.00691	0.00835	0.00523	0.00523	0.01106	0.01520	0.06547	0.73145	0.03884	0.04849	0.01072	0.00628	0.00169	0.00265	0.00946	0.00595	0.00530
23	0.01298	0.01289	0.02330	0.07630	0.59421	0.01286	0.15473	0.01645	0.01222	0.01725	0.01021	0.01357	0.00836	0.00477	0.00551	0.00165	0.00692	0.00507	0.00265	0.00812
24	0.01676	0.00985	0.01215	0.01014	0.01318	0.01021	0.00830	0.26418	0.01684	0.24358	0.06115	0.02233	0.01574	0.01519	0.18297	0.00330	0.00715	0.07432	0.00517	0.00752
25	0.57356	0.01193	0.01062	0.00882	0.01247	0.01357	0.00727	0.26333	0.01449	0.02733	0.00927	0.01011	0.00692	0.00547	0.00400	0.00164	0.00474	0.00355	0.00400	0.00692
26	0.01077	0.02777	0.78354	0.01530	0.02323	0.01247	0.01983	0.01700	0.01133	0.01700	0.00963	0.01133	0.00680	0.00510	0.00510	0.00170	0.00793	0.00397	0.00227	0.00793
27	0.00669	0.00478	0.00641	0.00765	0.00803	0.00449	0.00525	0.00774	0.01043	0.01388	0.02950	0.75304	0.03516	0.01667	0.00689	0.00220	0.00325	0.06855	0.00498	0.00440
28	0.00740	0.00533	0.00699	0.00689	0.00797	0.00493	0.00505	0.00962	0.01426	0.02003	0.63288	0.18650	0.04776	0.01209	0.00643	0.00178	0.00264	0.01077	0.00573	0.00493
29	0.01019	0.02216	0.57785	0.05916	0.02122	0.01102	0.01689	0.01549	0.01178	0.01713	0.08327	0.01983	0.01368	0.00678	0.00550	0.00179	0.00704	0.08910	0.00292	0.00721
30	0.00732	0.00528	0.00572	0.00572	0.00632	0.00498	0.00353	0.00777	0.00928	0.01177	0.02938	0.04063	0.27105	0.54599	0.02034	0.00408	0.00438	0.00898	0.00383	0.00368
31	0.01608	0.01372	0.01879	0.01462	0.01771	0.01584	0.14194	0.38102	0.01738	0.02394	0.01074	0.01298	0.00840	0.00774	0.02580	0.00202	0.25462	0.00507	0.00391	0.00769
32	0.02026	0.01928	0.01575	0.01294	0.01663	0.32740	0.01027	0.46313	0.02121	0.02551	0.01104	0.01160	0.00824	0.00608	0.00516	0.00152	0.00742	0.00428	0.00432	0.00796

[dist]
# distance from previous block
# <min> <max>
0	34

[block]
# block no. 4 follows, 45 sequences, length 133
# corresponding to MSA columns:
# 226-248,283-350,377-418
name=unknown_E
#
# <colnr> <probs for GDERKNQSTAVLIFYWHMCP>
#	G	D	E	R	K	N	Q	S	T	A	V	L	I	F	Y	W	H	M	C	P
0	0.49403	0.00904	0.00760	0.00697	0.00957	0.03755	0.00553	0.01341	0.01121	0.02155	0.18648	0.02275	0.14117	0.00774	0.00454	0.00168	0.00376	0.00582	0.00415	0.00545
1	0.01101	0.01085	0.10827	0.00986	0.01275	0.00940	0.00870	0.01882	0.30498	0.05404	0.27017	0.05045	0.02811	0.00910	0.00590	0.00182	0.00419	0.06947	0.00520	0.00690
2	0.01297	0.00896	0.01258	0.01380	0.15610	0.00944	0.00910	0.07597	0.09708	0.13915	0.04925	0.04269	0.01475	0.01982	0.30835	0.00437	0.00863	0.00593	0.00412	0.00695
3	0.84927	0.01038	0.00789	0.00706	0.01038	0.01204	0.00581	0.01578	0.00914	0.02408	0.00747	0.00872	0.00581	0.00498	0.00332	0.00166	0.00415	0.00291	0.00332	0.00581
4	0.00865	0.00618	0.00865	0.00989	0.01112	0.00618	0.00865	0.01112	0.01236	0.01606	0.02842	0.06055	0.03089	0.01483	0.00741	0.00247	0.00494	0.74174	0.00494	0.00494
5	0.02348	0.00900	0.01227	0.00945	0.01350	0.00779	0.00779	0.02558	0.01536	0.75394	0.04860	0.01906	0.01465	0.00680	0.00543	0.00166	0.00449	0.00555	0.00662	0.00899
6	0.00917	0.00732	0.00851	0.00881	0.01017	0.00783	0.00634	0.01560	0.30282	0.01708	0.02660	0.50376	0.02812	0.01314	0.00632	0.00204	0.00355	0.01171	0.00517	0.00596
7	0.02007	0.02510	0.01525	0.01376	0.01660	0.75446	0.01036	0.05519	0.01567	0.01408	0.00851	0.00983	0.00702	0.00557	0.00486	0.00139	0.00951	0.00352	0.00288	0.00636
8	0.00654	0.00467	0.00623	0.00747	0.00779	0.00436	0.00498	0.00747	0.01028	0.01370	0.02959	0.80785	0.03550	0.01682	0.00685	0.00218	0.00311	0.01526	0.00498	0.00436
9	0.01077	0.02777	0.78354	0.01530	0.02323	0.01247	0.01983	0.01700	0.01133	0.01700	0.00963	0.01133	0.00680	0.00510	0.00510	0.00170	0.00793	0.00397	0.00227	0.00793
10	0.01279	0.01008	0.01213	0.06851	0.01468	0.01155	0.00873	0.21351	0.22269	0.02096	0.01569	0.01813	0.01264	0.01965	0.30828	0.00439	0.00881	0.00552	0.00421	0.00705
11	0.01435	0.81458	0.02813	0.00918	0.01378	0.02124	0.00918	0.01607	0.01091	0.01263	0.00746	0.00861	0.00689	0.00459	0.00344	0.00115	0.00574	0.00287	0.00230	0.00689
12	0.01899	0.02382	0.01537	0.01386	0.01628	0.69133	0.01055	0.02035	0.01432	0.01311	0.00814	0.00994	0.00693	0.00602	0.00647	0.00151	0.11050	0.00362	0.00271	0.00618
13	0.00744	0.00548	0.00696	0.00659	0.00792	0.00500	0.00494	0.00983	0.01483	0.02066	0.68650	0.04152	0.13972	0.01130	0.00633	0.00170	0.00256	0.00991	0.00580	0.00500
14	0.84927	0.01038	0.00789	0.00706	0.01038	0.01204	0.00581	0.01578	0.00914	0.02408	0.00747	0.00872	0.00581	0.00498	0.00332	0.00166	0.00415	0.00291	0.00332	0.00581
15	0.00765	0.00558	0.00672	0.00637	0.00792	0.00496	0.00480	0.00975	0.01415	0.04171	0.49809	0.04353	0.30555	0.01177	0.00631	0.00173	0.00266	0.01015	0.00560	0.00500
16	0.00760	0.00549	0.00718	0.00675	0.00802	0.00506	0.00506	0.01013	0.01519	0.02153	0.77503	0.04010	0.05065	0.01097	0.00633	0.00169	0.00253	0.00971	0.00591	0.00506
17	0.00645	0.00544	0.00558	0.00555	0.00731	0.00458	0.00416	0.00791	0.01248	0.01509	0.11467	0.05069	0.71503	0.01338	0.00634	0.00180	0.00270	0.01119	0.00506	0.00458
18	0.00759	0.00511	0.00592	0.00613	0.00619	0.00506	0.00355	0.00775	0.00823	0.01097	0.01908	0.16748	0.02225	0.67527	0.02382	0.00469	0.00485	0.00908	0.00355	0.00344
19	0.84927	0.01038	0.00789	0.00706	0.01038	0.01204	0.00581	0.01578	0.00914	0.02408	0.00747	0.00872	0.00581	0.00498	0.00332	0.00166	0.00415	0.00291	0.00332	0.00581
20	0.01559	0.29842	0.22631	0.01262	0.01741	0.31554	0.01251	0.01839	0.01268	0.01400	0.00837	0.00976	0.00687	0.00509	0.00443	0.00139	0.00785	0.00339	0.00247	0.00691
21	0.01435	0.81458	0.02813	0.00918	0.01378	0.02124	0.00918	0.01607	0.01091	0.01263	0.00746	0.00861	0.00689	0.00459	0.00344	0.00115	0.00574	0.00287	0.00230	0.00689
22	0.01014	0.00954	0.01610	0.79845	0.03697	0.01193	0.01491	0.01371	0.01073	0.01371	0.00954	0.01431	0.00716	0.00537	0.00537	0.00179	0.00716	0.00477	0.00239	0.00596
23	0.07060	0.02008	0.01482	0.01267	0.01596	0.42972	0.00986	0.29596	0.01842	0.02154	0.01061	0.03540	0.00855	0.00619	0.00501	0.00151	0.00773	0.00430	0.00384	0.00722
24	0.00654	0.00545	0.00571	0.00564	0.00737	0.00461	0.00423	0.00808	0.01270	0.01560	0.16673	0.04986	0.66266	0.01319	0.00634	0.00179	0.00269	0.01108	0.00513	0.00461
25	0.01014	0.00882	0.01411	0.15015	0.32602	0.00910	0.01121	0.01256	0.01126	0.01575	0.01795	0.27659	0.03454	0.00915	0.00574	0.00180	0.00507	0.00839	0.06529	0.00637
26	0.01114	0.02549	0.66599	0.01775	0.11945	0.01253	0.03959	0.01694	0.01148	0.01707	0.00973	0.01167	0.00705	0.00504	0.00516	0.00169	0.00777	0.00414	0.00233	0.00799
27	0.84927	0.01038	0.00789	0.00706	0.01038	0.01204	0.00581	0.01578	0.00914	0.02408	0.00747	0.00872	0.00581	0.00498	0.00332	0.00166	0.00415	0.00291	0.00332	0.00581
28	0.01420	0.75548	0.02794	0.00992	0.01441	0.02076	0.04219	0.01603	0.01090	0.01284	0.00760	0.00896	0.00695	0.00473	0.00399	0.00121	0.02962	0.00308	0.00232	0.00687
29	0.01156	0.01075	0.01274	0.01129	0.04478	0.07228	0.09906	0.10061	0.16096	0.01905	0.07874	0.03083	0.30652	0.00926	0.00590	0.00174	0.00485	0.00795	0.00463	0.00649
30	0.00784	0.00563	0.00674	0.00637	0.00797	0.00498	0.00481	0.00990	0.01406	0.05222	0.46374	0.04360	0.32886	0.01180	0.00630	0.00174	0.00269	0.01014	0.00558	0.00504
31	0.01323	0.01254	0.04616	0.04483	0.49799	0.01224	0.01383	0.11464	0.04792	0.01974	0.04954	0.01785	0.07338	0.00614	0.00545	0.00164	0.00582	0.00558	0.00346	0.00802
32	0.01144	0.01024	0.01610	0.69836	0.03438	0.01253	0.01431	0.10873	0.01258	0.01628	0.00997	0.01413	0.00741	0.00550	0.00537	0.00177	0.00700	0.00478	0.00277	0.00637
33	0.01335	0.01153	0.01214	0.01092	0.01396	0.01335	0.00850	0.02852	0.76817	0.02245	0.02185	0.02003	0.01639	0.00728	0.00546	0.00182	0.00425	0.00607	0.00546	0.00850
34	0.14233	0.02198	0.01482	0.01484	0.09580	0.59266	0.01034	0.02007	0.01400	0.01522	0.00836	0.00992	0.00692	0.00537	0.00466	0.00145	0.00851	0.00352	0.00284	0.00640
35	0.01112	0.01012	0.01535	0.62131	0.03189	0.01237	0.01353	0.04365	0.15414	0.01610	0.01198	0.01534	0.00897	0.00577	0.00538	0.00179	0.00656	0.00502	0.00307	0.00656
36	0.00634	0.00544	0.00544	0.00544	0.00725	0.00453	0.00408	0.00770	0.01224	0.01450	0.05438	0.05166	0.77569	0.01359	0.00634	0.00181	0.00272	0.01133	0.00498	0.00453
37	0.00688	0.00536	0.00625	0.00623	0.00763	0.00473	0.00459	0.00867	0.01321	0.01729	0.34732	0.13981	0.38697	0.01291	0.00640	0.00181	0.00269	0.01115	0.00536	0.00473
38	0.01543	0.66575	0.02569	0.01006	0.01431	0.16621	0.00941	0.01708	0.01172	0.01273	0.00762	0.00881	0.00689	0.00477	0.00371	0.00119	0.00648	0.00298	0.00238	0.00676
39	0.00826	0.00580	0.00720	0.00679	0.00816	0.00557	0.00511	0.01156	0.06085	0.02139	0.63241	0.03631	0.04385	0.01015	0.00595	0.00164	0.00263	0.00889	0.11223	0.00527
40	0.01441	0.01445	0.01258	0.00992	0.01402	0.22935	0.00777	0.07808	0.01347	0.01767	0.00962	0.01104	0.00787	0.00467	0.00433	0.00104	0.00572	0.00343	0.01961	0.52095
41	0.00742	0.00548	0.00693	0.00657	0.00791	0.00499	0.00493	0.00979	0.01478	0.02053	0.67287	0.04174	0.15344	0.01135	0.00633	0.00171	0.00256	0.00994	0.00578	0.00499
42	0.84927	0.01038	0.00789	0.00706	0.01038	0.01204	0.00581	0.01578	0.00914	0.02408	0.00747	0.00872	0.00581	0.00498	0.00332	0.00166	0.00415	0.00291	0.00332	0.00581
43	0.01058	0.00903	0.01189	0.01157	0.10928	0.00827	0.00791	0.01365	0.05689	0.01625	0.01174	0.01507	0.01019	0.03062	0.21114	0.00314	0.02263	0.00436	0.00316	0.43264
44	0.15676	0.02330	0.57127	0.01396	0.02077	0.01249	0.04925	0.04402	0.01161	0.03564	0.00968	0.01123	0.00692	0.00514	0.00486	0.00169	0.00718	0.00395	0.00268	0.00761
45	0.00659	0.00471	0.00629	0.00754	0.00787	0.00441	0.00508	0.00757	0.01033	0.01376	0.02956	0.78863	0.03538	0.01677	0.00687	0.00219	0.00316	0.03394	0.00498	0.00438
46	0.00654	0.00467	0.00623	0.00747	0.00779	0.00436	0.00498	0.00747	0.01028	0.01370	0.02959	0.80785	0.03550	0.01682	0.00685	0.00218	0.00311	0.01526	0.00498	0.00436
47	0.84927	0.01038	0.00789	0.00706	0.01038	0.01204	0.00581	0.01578	0.00914	0.02408	0.00747	0.00872	0.00581	0.00498	0.00332	0.00166	0.00415	0.00291	0.00332	0.00581
48	0.01014	0.00954	0.01610	0.79845	0.03697	0.01193	0.01491	0.01371	0.01073	0.01371	0.00954	0.01431	0.00716	0.00537	0.00537	0.00179	0.00716	0.00477	0.00239	0.00596
49	0.00760	0.00549	0.00718	0.00675	0.00802	0.00506	0.00506	0.01013	0.01519	0.02153	0.77503	0.04010	0.05065	0.01097	0.00633	0.00169	0.00253	0.00971	0.00591	0.00506
50	0.00754	0.00544	0.00712	0.00680	0.00801	0.00502	0.00506	0.00997	0.01491	0.02107	0.73144	0.08500	0.04976	0.01132	0.00636	0.00172	0.00257	0.01003	0.00585	0.00502
51	0.01435	0.81458	0.02813	0.00918	0.01378	0.02124	0.00918	0.01607	0.01091	0.01263	0.00746	0.00861	0.00689	0.00459	0.00344	0.00115	0.00574	0.00287	0.00230	0.00689
52	0.14637	0.00934	0.01173	0.00912	0.01317	0.00848	0.00753	0.02416	0.01428	0.64111	0.01872	0.01659	0.01198	0.00630	0.00504	0.00163	0.00448	0.00495	0.00602	0.03901
53	0.00654	0.00467	0.00623	0.00747	0.00779	0.00436	0.00498	0.00747	0.01028	0.01370	0.02959	0.80785	0.03550	0.01682	0.00685	0.00218	0.00311	0.01526	0.00498	0.00436
54	0.84927	0.01038	0.00789	0.00706	0.01038	0.01204	0.00581	0.01578	0.00914	0.02408	0.00747	0.00872	0.00581	0.00498	0.00332	0.00166	0.00415	0.00291	0.00332	0.00581
55	0.01812	0.02223	0.01692	0.06894	0.12505	0.59528	0.04440	0.02004	0.01438	0.01397	0.00874	0.01070	0.00721	0.00537	0.00501	0.00146	0.00902	0.00386	0.00272	0.00657
56	0.01170	0.01417	0.22798	0.00981	0.01506	0.00847	0.00997	0.01517	0.01146	0.06446	0.01111	0.01255	0.00856	0.00469	0.00436	0.00115	0.00497	0.00373	0.09072	0.46989
57	0.00635	0.00542	0.00546	0.00549	0.00727	0.00453	0.00410	0.00770	0.01218	0.01448	0.05370	0.07233	0.75545	0.01368	0.00636	0.00182	0.00273	0.01144	0.00498	0.00453
58	0.01435	0.81458	0.02813	0.00918	0.01378	0.02124	0.00918	0.01607	0.01091	0.01263	0.00746	0.00861	0.00689	0.00459	0.00344	0.00115	0.00574	0.00287	0.00230	0.00689
59	0.74799	0.04034	0.04290	0.00760	0.01121	0.01222	0.00664	0.01627	0.00955	0.05462	0.00813	0.00923	0.00620	0.00504	0.00349	0.00164	0.00439	0.00305	0.00338	0.00608
60	0.14406	0.01636	0.22156	0.02420	0.45712	0.01257	0.01569	0.01650	0.01150	0.01842	0.00956	0.01205	0.00763	0.00490	0.00494	0.00163	0.00644	0.00427	0.00266	0.00793
61	0.38981	0.01141	0.01401	0.01740	0.30718	0.01195	0.01019	0.04980	0.01130	0.02122	0.00898	0.01096	0.00726	0.00485	0.00426	0.00153	0.00507	0.00375	0.00314	0.10592
62	0.01391	0.11513	0.01604	0.01330	0.13808	0.09277	0.00923	0.10238	0.01335	0.01833	0.00963	0.01121	0.00793	0.00464	0.00438	0.00113	0.00541	0.00362	0.00319	0.41632
63	0.00660	0.00539	0.00583	0.00585	0.00744	0.00462	0.00434	0.00816	0.01266	0.01580	0.19192	0.10663	0.57943	0.01333	0.00638	0.00182	0.00271	0.01131	0.00516	0.00462
64	0.01172	0.01366	0.20787	0.01127	0.01547	0.02572	0.08678	0.01613	0.07179	0.11230	0.18973	0.02502	0.12192	0.00780	0.00566	0.00167	0.00522	0.00677	0.00435	0.05916
65	0.01683	0.01140	0.01284	0.01079	0.01421	0.01246	0.00862	0.18264	0.40011	0.18890	0.01934	0.01819	0.01399	0.00899	0.05353	0.00216	0.00529	0.00564	0.00554	0.00854
66	0.01340	0.01262	0.01815	0.04115	0.50146	0.06422	0.01354	0.07649	0.06302	0.01832	0.01345	0.11465	0.01238	0.00668	0.00549	0.00167	0.00602	0.00612	0.00336	0.00782
67	0.01052	0.05402	0.66015	0.01467	0.03789	0.01197	0.01786	0.01599	0.01123	0.01652	0.01159	0.09211	0.00975	0.00626	0.00522	0.00173	0.00733	0.00509	0.00255	0.00754
68	0.01111	0.01036	0.01682	0.52532	0.20474	0.01207	0.01449	0.01563	0.08084	0.01547	0.01138	0.01603	0.00905	0.00570	0.00543	0.00177	0.00664	0.02759	0.00281	0.00675
69	0.01263	0.01176	0.01613	0.59653	0.04530	0.07527	0.01382	0.13320	0.01343	0.01694	0.00998	0.01369	0.00747	0.00554	0.00532	0.00172	0.00715	0.00467	0.00290	0.00653
70	0.01129	0.01284	0.11538	0.35467	0.31929	0.01190	0.01542	0.01484	0.01121	0.01541	0.01022	0.01481	0.00839	0.05452	0.00666	0.00191	0.00683	0.00486	0.00253	0.00703
71	0.00690	0.00546	0.00621	0.00603	0.00759	0.00477	0.00452	0.00879	0.01356	0.01764	0.37672	0.04649	0.45139	0.01242	0.00634	0.00176	0.00264	0.01060	0.00540	0.00477
72	0.01122	0.12795	0.68735	0.01452	0.02203	0.01358	0.01848	0.01688	0.01128	0.01644	0.00936	0.01099	0.00681	0.00504	0.00489	0.00163	0.00765	0.00383	0.00227	0.00780
73	0.00706	0.00536	0.00650	0.00645	0.00775	0.00480	0.00475	0.00900	0.01358	0.01825	0.44684	0.15251	0.27237	0.01261	0.00641	0.00180	0.00267	0.01100	0.00549	0.00480
74	0.01282	0.01214	0.01987	0.02741	0.59496	0.01161	0.03721	0.01588	0.01201	0.01752	0.01000	0.01287	0.00838	0.00461	0.00507	0.00143	0.00596	0.00450	0.00277	0.18300
75	0.02408	0.00914	0.01246	0.00955	0.01370	0.00789	0.00789	0.02616	0.01536	0.78158	0.02118	0.01827	0.01329	0.00664	0.00540	0.00166	0.00457	0.00540	0.00664	0.00914
76	0.01113	0.00954	0.01113	0.00795	0.01272	0.00716	0.00636	0.01352	0.01113	0.01749	0.00954	0.01113	0.00795	0.00398	0.00398	0.00080	0.00398	0.00318	0.00318	0.84417
77	0.84927	0.01038	0.00789	0.00706	0.01038	0.01204	0.00581	0.01578	0.00914	0.02408	0.00747	0.00872	0.00581	0.00498	0.00332	0.00166	0.00415	0.00291	0.00332	0.00581
78	0.00634	0.00544	0.00544	0.00544	0.00725	0.00453	0.00408	0.00770	0.01224	0.01450	0.05438	0.05166	0.77569	0.01359	0.00634	0.00181	0.00272	0.01133	0.00498	0.00453
79	0.00681	0.00559	0.00608	0.00633	0.00803	0.00486	0.00500	0.00839	0.01226	0.01482	0.04916	0.05345	0.62591	0.01384	0.00656	0.00195	0.00317	0.15821	0.00498	0.00461
80	0.01746	0.27587	0.01752	0.00919	0.01365	0.01262	0.00807	0.06158	0.01341	0.29593	0.01330	0.01301	0.00962	0.00530	0.00440	0.00127	0.00489	0.00398	0.00428	0.21466
81	0.01014	0.00954	0.01610	0.79845	0.03697	0.01193	0.01491	0.01371	0.01073	0.01371	0.00954	0.01431	0.00716	0.00537	0.00537	0.00179	0.00716	0.00477	0.00239	0.00596
82	0.01253	0.01276	0.05411	0.18779	0.59408	0.01257	0.01630	0.01594	0.01188	0.01674	0.00996	0.01341	0.00815	0.00492	0.00532	0.00164	0.00660	0.00474	0.00258	0.00796
83	0.01961	0.01456	0.01568	0.01197	0.01631	0.01583	0.00987	0.69573	0.02402	0.03242	0.01260	0.01274	0.00903	0.00623	0.00525	0.00154	0.00574	0.00469	0.00518	0.08098
84	0.00744	0.00548	0.00695	0.00659	0.00792	0.00500	0.00494	0.00982	0.01482	0.02063	0.68327	0.04157	0.14297	0.01131	0.00633	0.00170	0.00256	0.00991	0.00579	0.00500
85	0.01630	0.01907	0.01577	0.01458	0.04891	0.42981	0.01103	0.03192	0.01248	0.01363	0.00819	0.01102	0.00728	0.00802	0.03380	0.00198	0.30329	0.00407	0.00266	0.00620
86	0.01086	0.02710	0.74590	0.01567	0.02347	0.01252	0.05681	0.01701	0.01140	0.01701	0.00969	0.01149	0.00687	0.00507	0.00516	0.00171	0.00799	0.00409	0.00229	0.00790
87	0.01491	0.01229	0.01567	0.01152	0.01619	0.01164	0.10360	0.30211	0.01677	0.02376	0.01100	0.01224	0.00843	0.00500	0.00481	0.00124	0.00537	0.00422	0.00397	0.41529
88	0.00740	0.00563	0.00698	0.00756	0.00889	0.00520	0.00606	0.00928	0.01240	0.01586	0.13001	0.14991	0.30812	0.01415	0.00682	0.00210	0.00359	0.29023	0.00508	0.00473
89	0.00977	0.00785	0.00956	0.00867	0.01106	0.00770	0.05225	0.04117	0.16657	0.05092	0.03845	0.04133	0.40730	0.01136	0.00624	0.00189	0.00393	0.11301	0.00502	0.00593
90	0.01335	0.01153	0.01214	0.01092	0.01396	0.01335	0.00850	0.02852	0.76817	0.02245	0.02185	0.02003	0.01639	0.00728	0.00546	0.00182	0.00425	0.00607	0.00546	0.00850
91	0.84927	0.01038	0.00789	0.00706	0.01038	0.01204	0.00581	0.01578	0.00914	0.02408	0.00747	0.00872	0.00581	0.00498	0.00332	0.00166	0.00415	0.00291	0.00332	0.00581
92	0.00667	0.00536	0.00601	0.00644	0.00784	0.00470	0.00484	0.00807	0.01182	0.01452	0.04568	0.22069	0.51980	0.01446	0.00659	0.00198	0.00308	0.10193	0.00498	0.00454
93	0.01329	0.01275	0.02179	0.03295	0.77787	0.01275	0.01647	0.01647	0.01222	0.01754	0.01010	0.01329	0.00850	0.00478	0.00531	0.00159	0.00638	0.00478	0.00266	0.00850
94	0.01018	0.00547	0.00560	0.00543	0.00666	0.00554	0.00397	0.04476	0.01143	0.01940	0.01723	0.02162	0.01429	0.10877	0.00682	0.00177	0.00300	0.00535	0.69773	0.00496
95	0.00688	0.00546	0.00618	0.00600	0.00758	0.00476	0.00450	0.00874	0.01349	0.01749	0.36093	0.04674	0.46727	0.01248	0.00634	0.00176	0.00264	0.01064	0.00538	0.00476
96	0.01435	0.81458	0.02813	0.00918	0.01378	0.02124	0.00918	0.01607	0.01091	0.01263	0.00746	0.00861	0.00689	0.00459	0.00344	0.00115	0.00574	0.00287	0.00230	0.00689
97	0.02124	0.01370	0.01528	0.01172	0.01598	0.01466	0.00968	0.59340	0.02300	0.20357	0.01477	0.01411	0.01007	0.00649	0.00538	0.00162	0.00560	0.00496	0.00566	0.00913
98	0.00654	0.00467	0.00623	0.00747	0.00779	0.00436	0.00498	0.00747	0.01028	0.01370	0.02959	0.80785	0.03550	0.01682	0.00685	0.00218	0.00311	0.01526	0.00498	0.00436
99	0.00744	0.00548	0.00695	0.00659	0.00792	0.00500	0.00494	0.00982	0.01482	0.02063	0.68327	0.04157	0.14297	0.01131	0.00633	0.00170	0.00256	0.00991	0.00579	0.00500
100	0.01113	0.00954	0.01113	0.00795	0.01272	0.00716	0.00636	0.01352	0.01113	0.01749	0.00954	0.01113	0.00795	0.00398	0.00398	0.00080	0.00398	0.00318	0.00318	0.84417
101	0.00645	0.00544	0.00558	0.00555	0.00732	0.00458	0.00416	0.00791	0.01249	0.01510	0.11535	0.05068	0.71434	0.01337	0.00634	0.00180	0.00270	0.01119	0.00506	0.00458
102	0.84927	0.01038	0.00789	0.00706	0.01038	0.01204	0.00581	0.01578	0.00914	0.02408	0.00747	0.00872	0.00581	0.00498	0.00332	0.00166	0.00415	0.00291	0.00332	0.00581
103	0.00974	0.00898	0.01495	0.68292	0.04759	0.01098	0.01367	0.01297	0.01070	0.01379	0.01210	0.11533	0.01079	0.00681	0.00555	0.00183	0.00663	0.00611	0.00272	0.00581
104	0.84927	0.01038	0.00789	0.00706	0.01038	0.01204	0.00581	0.01578	0.00914	0.02408	0.00747	0.00872	0.00581	0.00498	0.00332	0.00166	0.00415	0.00291	0.00332	0.00581
105	0.01267	0.01448	0.03167	0.02262	0.02805	0.01357	0.75837	0.01719	0.01267	0.01719	0.01086	0.01448	0.00814	0.00452	0.00633	0.00181	0.00905	0.00633	0.00271	0.00724
106	0.01014	0.00954	0.01610	0.79845	0.03697	0.01193	0.01491	0.01371	0.01073	0.01371	0.00954	0.01431	0.00716	0.00537	0.00537	0.00179	0.00716	0.00477	0.00239	0.00596
107	0.01077	0.02777	0.78354	0.01530	0.02323	0.01247	0.01983	0.01700	0.01133	0.01700	0.00963	0.01133	0.00680	0.00510	0.00510	0.00170	0.00793	0.00397	0.00227	0.00793
108	0.00884	0.00529	0.00708	0.00769	0.00855	0.00485	0.00536	0.01002	0.01123	0.11196	0.07421	0.66025	0.03360	0.01516	0.00663	0.00208	0.00326	0.01366	0.00525	0.00501
109	0.00634	0.00544	0.00544	0.00544	0.00725	0.00453	0.00408	0.00770	0.01224	0.01450	0.05438	0.05166	0.77569	0.01359	0.00634	0.00181	0.00272	0.01133	0.00498	0.00453
110	0.00650	0.00544	0.00566	0.00561	0.00735	0.00460	0.00420	0.00801	0.01261	0.01540	0.14614	0.05019	0.68337	0.01326	0.00634	0.00180	0.00270	0.01112	0.00510	0.00460
111	0.84927	0.01038	0.00789	0.00706	0.01038	0.01204	0.00581	0.01578	0.00914	0.02408	0.00747	0.00872	0.00581	0.00498	0.00332	0.00166	0.00415	0.00291	0.00332	0.00581
112	0.01435	0.81458	0.02813	0.00918	0.01378	0.02124	0.00918	0.01607	0.01091	0.01263	0.00746	0.00861	0.00689	0.00459	0.00344	0.00115	0.00574	0.00287	0.00230	0.00689
113	0.01014	0.00954	0.01610	0.79845	0.03697	0.01193	0.01491	0.01371	0.01073	0.01371	0.00954	0.01431	0.00716	0.00537	0.00537	0.00179	0.00716	0.00477	0.00239	0.00596
114	0.01267	0.01448	0.03167	0.02262	0.02805	0.01357	0.75837	0.01719	0.01267	0.01719	0.01086	0.01448	0.00814	0.00452	0.00633	0.00181	0.00905	0.00633	0.00271	0.00724
115	0.01335	0.01153	0.01214	0.01092	0.01396	0.01335	0.00850	0.02852	0.76817	0.02245	0.02185	0.02003	0.01639	0.00728	0.00546	0.00182	0.00425	0.00607	0.00546	0.00850
116	0.84927	0.01038	0.00789	0.00706	0.01038	0.01204	0.00581	0.01578	0.00914	0.02408	0.00747	0.00872	0.00581	0.00498	0.00332	0.00166	0.00415	0.00291	0.00332	0.00581
117	0.01329	0.01275	0.02179	0.03295	0.77787	0.01275	0.01647	0.01647	0.01222	0.01754	0.01010	0.01329	0.00850	0.00478	0.00531	0.00159	0.00638	0.00478	0.00266	0.00850
118	0.01335	0.01153	0.01214	0.01092	0.01396	0.01335	0.00850	0.02852	0.76817	0.02245	0.02185	0.02003	0.01639	0.00728	0.00546	0.00182	0.00425	0.00607	0.00546	0.00850
119	0.02224	0.00966	0.01236	0.00961	0.01354	0.00896	0.00790	0.11866	0.04008	0.60623	0.01987	0.01777	0.01289	0.00661	0.00528	0.00163	0.00458	0.00532	0.06801	0.00881
120	0.00661	0.00512	0.00602	0.00650	0.00759	0.00453	0.00461	0.00795	0.01182	0.01516	0.14593	0.37389	0.35588	0.01460	0.00656	0.00195	0.00286	0.01278	0.00511	0.00453
121	0.02300	0.00891	0.01203	0.00930	0.01331	0.00768	0.00766	0.02503	0.01517	0.73456	0.02321	0.02032	0.06002	0.00707	0.00546	0.00167	0.00445	0.00576	0.00654	0.00885
122	0.00693	0.00536	0.00632	0.00629	0.00766	0.00475	0.00464	0.00877	0.01332	0.01756	0.37519	0.14275	0.35550	0.01283	0.00640	0.00180	0.00269	0.01110	0.00540	0.00475
123	0.01435	0.81458	0.02813	0.00918	0.01378	0.02124	0.00918	0.01607	0.01091	0.01263	0.00746	0.00861	0.00689	0.00459	0.00344	0.00115	0.00574	0.00287	0.00230	0.00689
124	0.01660	0.00994	0.01149	0.00974	0.01306	0.01026	0.00774	0.04014	0.37611	0.30446	0.02555	0.02325	0.11176	0.00783	0.00555	0.00176	0.00421	0.00646	0.00584	0.00824
125	0.00634	0.00544	0.00544	0.00544	0.00725	0.00453	0.00408	0.00770	0.01224	0.01450	0.05438	0.05166	0.77569	0.01359	0.00634	0.00181	0.00272	0.01133	0.00498	0.00453
126	0.00645	0.00504	0.00585	0.00650	0.00753	0.00444	0.00455	0.00758	0.01121	0.01408	0.04145	0.44608	0.38962	0.01528	0.00661	0.00200	0.00293	0.01338	0.00498	0.00444
127	0.01702	0.02053	0.01566	0.01393	0.01568	0.50730	0.01087	0.01832	0.01266	0.01306	0.00784	0.01043	0.00696	0.00694	0.00951	0.00174	0.29893	0.00391	0.00261	0.00609
128	0.01267	0.01448	0.03167	0.02262	0.02805	0.01357	0.75837	0.01719	0.01267	0.01719	0.01086	0.01448	0.00814	0.00452	0.00633	0.00181	0.00905	0.00633	0.00271	0.00724
129	0.01265	0.01211	0.02064	0.18758	0.62821	0.01259	0.01616	0.01592	0.01192	0.01676	0.00998	0.01349	0.00823	0.00490	0.00532	0.00163	0.00653	0.00478	0.00260	0.00799
130	0.01473	0.06514	0.15999	0.01574	0.11392	0.31185	0.05578	0.01746	0.01283	0.03440	0.01165	0.08912	0.01051	0.00850	0.05330	0.00201	0.00819	0.00519	0.00295	0.00674
131	0.00891	0.00642	0.00718	0.00689	0.00858	0.00602	0.00511	0.05609	0.04589	0.05939	0.09600	0.12673	0.38905	0.11426	0.00896	0.00228	0.00352	0.03863	0.00497	0.00512
132	0.01772	0.02184	0.01397	0.01285	0.01527	0.64209	0.00968	0.01920	0.01397	0.01301	0.00944	0.01183	0.00814	0.01208	0.15296	0.00275	0.01057	0.00389	0.00279	0.00595

[dist]
# distance from previous block
# <min> <max>
1	5

[block]
# block no. 5 follows, 45 sequences, length 211
# corresponding to MSA columns:
# 424-445,448-453,458-640
name=unknown_F
#
# <colnr> <probs for GDERKNQSTAVLIFYWHMCP>
#	G	D	E	R	K	N	Q	S	T	A	V	L	I	F	Y	W	H	M	C	P
0	0.01474	0.33288	0.11509	0.01070	0.01547	0.11986	0.01018	0.11079	0.01341	0.01700	0.00899	0.01019	0.00740	0.00488	0.00420	0.00123	0.00618	0.00340	0.00294	0.19048
1	0.01222	0.38031	0.31329	0.01127	0.01669	0.04459	0.01268	0.01566	0.01153	0.01486	0.04554	0.01473	0.07448	0.00587	0.00450	0.00145	0.00633	0.00433	0.00269	0.00698
2	0.03311	0.01804	0.01760	0.03611	0.29785	0.32184	0.01254	0.14490	0.01561	0.03774	0.01007	0.01185	0.00802	0.00542	0.00510	0.00152	0.00754	0.00424	0.00327	0.00762
3	0.01250	0.23206	0.34780	0.01626	0.15396	0.01496	0.01495	0.01814	0.10883	0.01664	0.01071	0.01208	0.00836	0.00519	0.00474	0.00155	0.00660	0.00409	0.00276	0.00783
4	0.01234	0.01179	0.02009	0.26175	0.55642	0.01251	0.01601	0.01565	0.01178	0.01639	0.00993	0.01359	0.00810	0.00496	0.00533	0.00165	0.00661	0.00478	0.00258	0.00774
5	0.00817	0.00629	0.00897	0.01064	0.10741	0.00599	0.00689	0.01037	0.01325	0.01843	0.40621	0.23630	0.03925	0.01209	0.00645	0.00189	0.00343	0.08753	0.00515	0.00531
6	0.00767	0.00575	0.00863	0.00863	0.00959	0.00671	0.00671	0.00959	0.00863	0.01246	0.01438	0.02109	0.01342	0.04026	0.79008	0.00863	0.01438	0.00575	0.00288	0.00479
7	0.01001	0.00500	0.00500	0.00500	0.00625	0.00500	0.00375	0.01251	0.01126	0.02001	0.01751	0.02001	0.01376	0.00625	0.00375	0.00125	0.00250	0.00500	0.84115	0.00500
8	0.00674	0.00545	0.00598	0.00585	0.00749	0.00470	0.00439	0.00846	0.01316	0.01670	0.27951	0.04805	0.54918	0.01278	0.00634	0.00177	0.00266	0.01082	0.00527	0.00470
9	0.00767	0.00575	0.00863	0.00863	0.00959	0.00671	0.00671	0.00959	0.00863	0.01246	0.01438	0.02109	0.01342	0.04026	0.79008	0.00863	0.01438	0.00575	0.00288	0.00479
10	0.00760	0.00549	0.00718	0.00675	0.00802	0.00506	0.00506	0.01013	0.01519	0.02153	0.77503	0.04010	0.05065	0.01097	0.00633	0.00169	0.00253	0.00971	0.00591	0.00506
11	0.02401	0.00926	0.01253	0.00961	0.01376	0.00807	0.00794	0.04131	0.01557	0.76615	0.02101	0.01816	0.01320	0.00664	0.00540	0.00166	0.00460	0.00539	0.00662	0.00914
12	0.00654	0.00545	0.00571	0.00565	0.00737	0.00462	0.00423	0.00809	0.01270	0.01561	0.16798	0.04984	0.66140	0.01318	0.00634	0.00179	0.00269	0.01107	0.00513	0.00462
13	0.84927	0.01038	0.00789	0.00706	0.01038	0.01204	0.00581	0.01578	0.00914	0.02408	0.00747	0.00872	0.00581	0.00498	0.00332	0.00166	0.00415	0.00291	0.00332	0.00581
14	0.01267	0.01448	0.03167	0.02262	0.02805	0.01357	0.75837	0.01719	0.01267	0.01719	0.01086	0.01448	0.00814	0.00452	0.00633	0.00181	0.00905	0.00633	0.00271	0.00724
15	0.01329	0.01275	0.02179	0.03295	0.77787	0.01275	0.01647	0.01647	0.01222	0.01754	0.01010	0.01329	0.00850	0.00478	0.00531	0.00159	0.00638	0.00478	0.00266	0.00850
16	0.01147	0.01091	0.01852	0.47330	0.35167	0.01228	0.01557	0.01489	0.01137	0.01534	0.00978	0.01388	0.00773	0.00512	0.00534	0.00171	0.00682	0.00478	0.00250	0.00704
17	0.02041	0.01504	0.01611	0.01235	0.01665	0.01665	0.01020	0.75997	0.02524	0.03383	0.01289	0.01289	0.00913	0.00644	0.00537	0.00161	0.00591	0.00483	0.00537	0.00913
18	0.01711	0.01795	0.01395	0.01234	0.01542	0.34357	0.00951	0.11969	0.35269	0.01996	0.01494	0.01471	0.01143	0.00643	0.00519	0.00161	0.00677	0.00480	0.00430	0.00761
19	0.00702	0.00543	0.00640	0.00623	0.00768	0.00481	0.00464	0.00898	0.01372	0.01820	0.43669	0.07822	0.35795	0.01234	0.00636	0.00176	0.00264	0.01064	0.00548	0.00481
20	0.02408	0.00914	0.01246	0.00955	0.01370	0.00789	0.00789	0.02616	0.01536	0.78158	0.02118	0.01827	0.01329	0.00664	0.00540	0.00166	0.00457	0.00540	0.00664	0.00914
21	0.01236	0.01264	0.02398	0.20126	0.34854	0.01286	0.27627	0.01611	0.01204	0.01656	0.01024	0.01393	0.00807	0.00482	0.00568	0.00171	0.00749	0.00532	0.00262	0.00749
22	0.00643	0.00511	0.00577	0.00630	0.00748	0.00446	0.00446	0.00761	0.01140	0.01416	0.04385	0.37285	0.46129	0.01496	0.00656	0.00197	0.00289	0.01300	0.00498	0.00446
23	0.00772	0.00565	0.00759	0.00783	0.02957	0.00529	0.00567	0.01007	0.01429	0.02002	0.60215	0.13272	0.04601	0.01182	0.00646	0.00181	0.00291	0.07173	0.00563	0.00507
24	0.01601	0.01804	0.01849	0.06468	0.39833	0.34466	0.01362	0.01869	0.02856	0.01555	0.00953	0.01193	0.00791	0.00518	0.00512	0.00152	0.00779	0.00424	0.00275	0.00739
25	0.00976	0.00659	0.00794	0.00797	0.00950	0.00647	0.00581	0.01360	0.14974	0.10061	0.08515	0.40717	0.14242	0.01305	0.00632	0.00197	0.00338	0.01150	0.00532	0.00572
26	0.00654	0.00467	0.00623	0.00747	0.00779	0.00436	0.00498	0.00747	0.01028	0.01370	0.02959	0.80785	0.03550	0.01682	0.00685	0.00218	0.00311	0.01526	0.00498	0.00436
27	0.01184	0.02139	0.45999	0.02280	0.34376	0.01259	0.01841	0.01678	0.01171	0.01723	0.00983	0.01216	0.00752	0.00497	0.00519	0.00166	0.00727	0.00431	0.00243	0.00818
28	0.01324	0.17765	0.05827	0.04732	0.48442	0.01455	0.09685	0.01642	0.01192	0.01636	0.00961	0.01240	0.00802	0.00475	0.00504	0.00154	0.00663	0.00453	0.00256	0.00794
29	0.01037	0.01032	0.03339	0.09895	0.07874	0.10805	0.00963	0.01257	0.01004	0.01327	0.01205	0.01729	0.01084	0.02581	0.46018	0.00572	0.06932	0.00514	0.00273	0.00558
30	0.08147	0.74993	0.02650	0.00901	0.01350	0.02050	0.00891	0.01605	0.01076	0.01355	0.00746	0.00862	0.00680	0.00462	0.00343	0.00119	0.00561	0.00287	0.00238	0.00680
31	0.02408	0.00914	0.01246	0.00955	0.01370	0.00789	0.00789	0.02616	0.01536	0.78158	0.02118	0.01827	0.01329	0.00664	0.00540	0.00166	0.00457	0.00540	0.00664	0.00914
32	0.00697	0.00498	0.00672	0.00796	0.00846	0.00473	0.00572	0.00821	0.01070	0.01418	0.02935	0.65687	0.03457	0.01642	0.00697	0.00224	0.00348	0.16203	0.00497	0.00448
33	0.01379	0.01398	0.04232	0.03082	0.69303	0.05868	0.01605	0.03540	0.01270	0.01767	0.01005	0.01301	0.00838	0.00488	0.00528	0.00159	0.00660	0.00468	0.00272	0.00837
34	0.00767	0.00575	0.00863	0.00863	0.00959	0.00671	0.00671	0.00959	0.00863	0.01246	0.01438	0.02109	0.01342	0.04026	0.79008	0.00863	0.01438	0.00575	0.00288	0.00479
35	0.01335	0.01153	0.01214	0.01092	0.01396	0.01335	0.00850	0.02852	0.76817	0.02245	0.02185	0.02003	0.01639	0.00728	0.00546	0.00182	0.00425	0.00607	0.00546	0.00850
36	0.00814	0.00698	0.00717	0.00685	0.00896	0.00677	0.00522	0.01301	0.20292	0.01667	0.06322	0.04341	0.56708	0.01194	0.00612	0.00181	0.00310	0.00996	0.00513	0.00554
37	0.00674	0.00545	0.00599	0.00586	0.00750	0.00470	0.00439	0.00848	0.01318	0.01674	0.28439	0.04797	0.54427	0.01276	0.00634	0.00177	0.00266	0.01081	0.00528	0.00470
38	0.00749	0.00548	0.00703	0.00664	0.00795	0.00502	0.00498	0.00992	0.01494	0.02093	0.71342	0.04109	0.11264	0.01120	0.00633	0.00170	0.00255	0.00985	0.00583	0.00502
39	0.02237	0.01612	0.01363	0.01137	0.01493	0.34001	0.00894	0.02415	0.01530	0.45519	0.01571	0.01462	0.01058	0.00617	0.00516	0.00154	0.00674	0.00457	0.00500	0.00790
40	0.02252	0.01164	0.01401	0.01074	0.01495	0.01161	0.00887	0.33784	0.01956	0.46398	0.01766	0.01598	0.01152	0.00656	0.00539	0.00164	0.00514	0.00516	0.00610	0.00913
41	0.01635	0.01302	0.01382	0.01153	0.01510	0.01475	0.00922	0.33920	0.45261	0.02729	0.01804	0.01699	0.01330	0.00693	0.00542	0.00173	0.00495	0.00554	0.00542	0.00877
42	0.02408	0.00914	0.01246	0.00955	0.01370	0.00789	0.00789	0.02616	0.01536	0.78158	0.02118	0.01827	0.01329	0.00664	0.00540	0.00166	0.00457	0.00540	0.00664	0.00914
43	0.02041	0.01504	0.01611	0.01235	0.01665	0.01665	0.01020	0.75997	0.02524	0.03383	0.01289	0.01289	0.00913	0.00644	0.00537	0.00161	0.00591	0.00483	0.00537	0.00913
