[name]
unknown

[dist]
# distance from previous block
# <min> <max>
5	294

[block]
# block no. 0 follows, 44 sequences, length 55
# corresponding to MSA columns:
# 299-353
name=unknown_A
#
# <colnr> <probs for GDERKNQSTAVLIFYWHMCP>
#	G	D	E	R	K	N	Q	S	T	A	V	L	I	F	Y	W	H	M	C	P
0	0.05643	0.05307	0.06189	0.01093	0.03597	0.03074	0.00885	0.27356	0.09965	0.06375	0.01591	0.01926	0.04276	0.15353	0.00929	0.00228	0.00552	0.00553	0.00442	0.04665
1	0.16829	0.03595	0.07032	0.01086	0.01506	0.01376	0.00948	0.32824	0.10864	0.13300	0.01558	0.01523	0.03892	0.00653	0.00506	0.00168	0.00531	0.00492	0.00494	0.00826
2	0.10752	0.06891	0.28411	0.01446	0.07757	0.04907	0.05380	0.01977	0.14982	0.07268	0.01273	0.01378	0.00952	0.00697	0.03475	0.00196	0.00682	0.00457	0.00344	0.00774
3	0.35274	0.01346	0.12721	0.00941	0.01326	0.04086	0.00875	0.12083	0.02966	0.06304	0.06341	0.01421	0.01129	0.00602	0.00442	0.00163	0.00498	0.00434	0.10364	0.00681
4	0.01198	0.10992	0.56225	0.01525	0.02218	0.01377	0.08626	0.01754	0.02824	0.03800	0.01016	0.01192	0.00745	0.00533	0.00561	0.00170	0.03779	0.00425	0.00255	0.00784
5	0.01430	0.01413	0.01383	0.16535	0.07331	0.21885	0.01028	0.12810	0.05147	0.01945	0.17679	0.02003	0.03728	0.00718	0.00551	0.00163	0.00632	0.00582	0.02372	0.00666
6	0.00903	0.00762	0.01106	0.01043	0.01114	0.00964	0.00839	0.01079	0.00883	0.01297	0.01316	0.02067	0.01264	0.03055	0.52585	0.00661	0.24068	0.04188	0.00287	0.00519
7	0.01384	0.02181	0.48719	0.01446	0.02117	0.01194	0.07598	0.06116	0.03190	0.13647	0.01220	0.01316	0.00849	0.00543	0.00528	0.00167	0.00714	0.00450	0.00335	0.06284
8	0.00793	0.00529	0.00595	0.00595	0.00595	0.00529	0.00330	0.00793	0.00793	0.01057	0.01718	0.03568	0.01982	0.80840	0.02775	0.00529	0.00529	0.00793	0.00330	0.00330
9	0.01323	0.01300	0.02311	0.07485	0.63574	0.01301	0.11290	0.01667	0.01239	0.01755	0.01032	0.01371	0.00851	0.00486	0.00554	0.00166	0.00688	0.00506	0.00269	0.00832
10	0.02402	0.00938	0.01264	0.00976	0.01393	0.00824	0.00804	0.02667	0.04610	0.74741	0.02154	0.01863	0.01362	0.00677	0.00549	0.00169	0.00463	0.00551	0.00670	0.00925
11	0.01093	0.02820	0.78016	0.01554	0.02360	0.01266	0.02014	0.01727	0.01151	0.01727	0.00978	0.01151	0.00691	0.00518	0.00518	0.00173	0.00806	0.00403	0.00230	0.00806
12	0.01308	0.01129	0.01187	0.01072	0.01371	0.01295	0.00832	0.02753	0.71350	0.02226	0.02443	0.02252	0.06792	0.00783	0.00561	0.00185	0.00421	0.00653	0.00551	0.00836
13	0.01316	0.01349	0.02564	0.05387	0.47662	0.01323	0.28803	0.01691	0.01253	0.01756	0.01052	0.01397	0.00846	0.00478	0.00578	0.00171	0.00750	0.00544	0.00271	0.00808
14	0.01349	0.01295	0.02213	0.03346	0.77440	0.01295	0.01673	0.01673	0.01241	0.01781	0.01025	0.01349	0.00864	0.00486	0.00540	0.00162	0.00648	0.00486	0.00270	0.00864
15	0.00664	0.00474	0.00633	0.00759	0.00791	0.00443	0.00506	0.00759	0.01044	0.01392	0.03005	0.80485	0.03606	0.01708	0.00696	0.00221	0.00316	0.01550	0.00506	0.00443
16	0.00664	0.00474	0.00633	0.00759	0.00791	0.00443	0.00506	0.00759	0.01044	0.01392	0.03005	0.80485	0.03606	0.01708	0.00696	0.00221	0.00316	0.01550	0.00506	0.00443
17	0.01270	0.01422	0.02946	0.02146	0.02601	0.01430	0.62472	0.01670	0.01208	0.01670	0.01035	0.01422	0.00808	0.00546	0.00844	0.00193	0.14721	0.00614	0.00269	0.00711
18	0.00645	0.00549	0.00556	0.00561	0.00739	0.00460	0.00418	0.00781	0.01235	0.01469	0.05420	0.08310	0.74221	0.01394	0.00646	0.00186	0.00278	0.01167	0.00506	0.00460
19	0.00772	0.00557	0.00729	0.00686	0.00814	0.00514	0.00514	0.01029	0.01543	0.02186	0.77152	0.04072	0.05144	0.01115	0.00643	0.00171	0.00257	0.00986	0.00600	0.00514
20	0.02107	0.01003	0.01255	0.01013	0.01400	0.00974	0.00820	0.02732	0.24842	0.54336	0.02172	0.01911	0.01447	0.00695	0.00550	0.00174	0.00454	0.00569	0.00637	0.00908
21	0.01193	0.01193	0.01670	0.01431	0.01431	0.01670	0.01193	0.01312	0.00835	0.01312	0.00716	0.01193	0.00716	0.00954	0.01789	0.00239	0.79843	0.00477	0.00239	0.00596
22	0.02072	0.01527	0.01636	0.01254	0.01691	0.01691	0.01036	0.75622	0.02563	0.03436	0.01309	0.01309	0.00927	0.00654	0.00545	0.00164	0.00600	0.00491	0.00545	0.00927
23	0.00664	0.00474	0.00633	0.00759	0.00791	0.00443	0.00506	0.00759	0.01044	0.01392	0.03005	0.80485	0.03606	0.01708	0.00696	0.00221	0.00316	0.01550	0.00506	0.00443
24	0.00779	0.00584	0.00876	0.00876	0.00974	0.00681	0.00681	0.00974	0.00876	0.01266	0.01460	0.02142	0.01363	0.04089	0.78680	0.00876	0.01460	0.00584	0.00292	0.00487
25	0.01356	0.01177	0.01281	0.01221	0.05193	0.01353	0.00903	0.02836	0.72719	0.02256	0.02160	0.02000	0.01624	0.00727	0.00554	0.00184	0.00442	0.00610	0.00541	0.00863
26	0.01458	0.81168	0.02857	0.00933	0.01399	0.02157	0.00933	0.01632	0.01108	0.01283	0.00758	0.00875	0.00700	0.00466	0.00350	0.00117	0.00583	0.00292	0.00233	0.00700
27	0.01349	0.01295	0.02213	0.03346	0.77440	0.01295	0.01673	0.01673	0.01241	0.01781	0.01025	0.01349	0.00864	0.00486	0.00540	0.00162	0.00648	0.00486	0.00270	0.00864
28	0.01093	0.02820	0.78016	0.01554	0.02360	0.01266	0.02014	0.01727	0.01151	0.01727	0.00978	0.01151	0.00691	0.00518	0.00518	0.00173	0.00806	0.00403	0.00230	0.00806
29	0.00765	0.00557	0.00720	0.00679	0.00811	0.00512	0.00509	0.01017	0.01528	0.02151	0.73594	0.04131	0.08724	0.01128	0.00643	0.00172	0.00258	0.00994	0.00595	0.00512
30	0.00793	0.00529	0.00595	0.00595	0.00595	0.00529	0.00330	0.00793	0.00793	0.01057	0.01718	0.03568	0.01982	0.80840	0.02775	0.00529	0.00529	0.00793	0.00330	0.00330
31	0.00678	0.00554	0.00599	0.00588	0.00757	0.00475	0.00441	0.00848	0.01323	0.01662	0.24570	0.04934	0.58053	0.01310	0.00644	0.00181	0.00271	0.01107	0.00531	0.00475
32	0.01030	0.00969	0.01635	0.79530	0.03755	0.01211	0.01514	0.01393	0.01090	0.01393	0.00969	0.01453	0.00727	0.00545	0.00545	0.00182	0.00727	0.00484	0.00242	0.00606
33	0.01093	0.02820	0.78016	0.01554	0.02360	0.01266	0.02014	0.01727	0.01151	0.01727	0.00978	0.01151	0.00691	0.00518	0.00518	0.00173	0.00806	0.00403	0.00230	0.00806
34	0.00664	0.00474	0.00633	0.00759	0.00791	0.00443	0.00506	0.00759	0.01044	0.01392	0.03005	0.80485	0.03606	0.01708	0.00696	0.00221	0.00316	0.01550	0.00506	0.00443
35	0.00644	0.00552	0.00552	0.00552	0.00736	0.00460	0.00414	0.00782	0.01243	0.01473	0.05523	0.05247	0.77218	0.01381	0.00644	0.00184	0.00276	0.01151	0.00506	0.00460
36	0.02072	0.01527	0.01636	0.01254	0.01691	0.01691	0.01036	0.75622	0.02563	0.03436	0.01309	0.01309	0.00927	0.00654	0.00545	0.00164	0.00600	0.00491	0.00545	0.00927
37	0.02037	0.02598	0.01545	0.01404	0.01685	0.78652	0.01053	0.02177	0.01545	0.01334	0.00843	0.00983	0.00702	0.00562	0.00492	0.00140	0.00983	0.00351	0.00281	0.00632
38	0.02287	0.01183	0.01423	0.01091	0.01519	0.01181	0.00901	0.33775	0.01988	0.46095	0.01792	0.01622	0.01169	0.00666	0.00547	0.00167	0.00522	0.00524	0.00620	0.00928
39	0.02133	0.01431	0.01576	0.01209	0.01643	0.01547	0.00998	0.63872	0.02402	0.15414	0.01444	0.01397	0.00995	0.00658	0.00546	0.00164	0.00578	0.00500	0.00566	0.00927
40	0.01458	0.81168	0.02857	0.00933	0.01399	0.02157	0.00933	0.01632	0.01108	0.01283	0.00758	0.00875	0.00700	0.00466	0.00350	0.00117	0.00583	0.00292	0.00233	0.00700
41	0.02432	0.00951	0.01279	0.00981	0.01403	0.00835	0.00810	0.05431	0.01599	0.74989	0.02119	0.01835	0.01333	0.00674	0.00548	0.00168	0.00469	0.00546	0.00670	0.00928
42	0.00659	0.00497	0.00610	0.00700	0.00775	0.00448	0.00480	0.00766	0.01101	0.01415	0.03724	0.58983	0.24643	0.01614	0.00681	0.00211	0.00305	0.01436	0.00506	0.00448
43	0.01093	0.02820	0.78016	0.01554	0.02360	0.01266	0.02014	0.01727	0.01151	0.01727	0.00978	0.01151	0.00691	0.00518	0.00518	0.00173	0.00806	0.00403	0.00230	0.00806
44	0.01349	0.01295	0.02213	0.03346	0.77440	0.01295	0.01673	0.01673	0.01241	0.01781	0.01025	0.01349	0.00864	0.00486	0.00540	0.00162	0.00648	0.00486	0.00270	0.00864
45	0.00728	0.00548	0.00765	0.11436	0.01172	0.00557	0.00624	0.00849	0.01022	0.01355	0.02587	0.61275	0.03036	0.10274	0.00905	0.00250	0.00395	0.01322	0.00451	0.00453
46	0.01030	0.00969	0.01635	0.79530	0.03755	0.01211	0.01514	0.01393	0.01090	0.01393	0.00969	0.01453	0.00727	0.00545	0.00545	0.00182	0.00727	0.00484	0.00242	0.00606
47	0.00793	0.00529	0.00595	0.00595	0.00595	0.00529	0.00330	0.00793	0.00793	0.01057	0.01718	0.03568	0.01982	0.80840	0.02775	0.00529	0.00529	0.00793	0.00330	0.00330
48	0.00918	0.00709	0.00837	0.00868	0.00998	0.00739	0.00626	0.05964	0.18753	0.01736	0.02818	0.52549	0.06051	0.01398	0.00652	0.00208	0.00363	0.02719	0.00520	0.00573
49	0.01184	0.01713	0.21353	0.01942	0.02496	0.01288	0.47982	0.01643	0.01222	0.01697	0.01315	0.04672	0.04083	0.00584	0.00665	0.00185	0.04337	0.00634	0.00282	0.00723
50	0.01921	0.01232	0.03350	0.01192	0.01593	0.05240	0.08517	0.11902	0.18420	0.34441	0.01837	0.01730	0.01264	0.00653	0.00548	0.00170	0.00548	0.00550	0.04034	0.00857
51	0.01812	0.01118	0.01279	0.01059	0.01421	0.01180	0.00849	0.15075	0.34781	0.28030	0.02205	0.02010	0.05185	0.00735	0.00555	0.00176	0.00463	0.00598	0.00591	0.00876
52	0.12549	0.01449	0.10245	0.09449	0.04211	0.01337	0.17631	0.22701	0.01598	0.09893	0.02944	0.01406	0.00952	0.00573	0.00539	0.00172	0.00663	0.00506	0.00399	0.00783
53	0.01133	0.01487	0.16776	0.01422	0.01858	0.07348	0.25065	0.01521	0.03079	0.03748	0.10480	0.02577	0.19529	0.00783	0.00602	0.00176	0.00653	0.00728	0.00375	0.00659
54	0.19832	0.01187	0.05470	0.04988	0.22743	0.01135	0.13803	0.03850	0.01217	0.01931	0.07004	0.01867	0.08920	0.00674	0.00576	0.02628	0.00582	0.00570	0.00339	0.00684

[dist]
# distance from previous block
# <min> <max>
3	15

[block]
# block no. 1 follows, 44 sequences, length 21
# corresponding to MSA columns:
# 369-389
name=unknown_B
#
# <colnr> <probs for GDERKNQSTAVLIFYWHMCP>
#	G	D	E	R	K	N	Q	S	T	A	V	L	I	F	Y	W	H	M	C	P
0	0.05148	0.06049	0.22860	0.01578	0.09909	0.01196	0.13505	0.01802	0.02781	0.12671	0.01166	0.01315	0.00862	0.00523	0.00548	0.00157	0.03026	0.00455	0.00333	0.14116
1	0.03394	0.11744	0.23848	0.11922	0.02230	0.13050	0.10339	0.09206	0.01375	0.06389	0.01044	0.01223	0.00776	0.00538	0.00513	0.00162	0.00758	0.00437	0.00306	0.00746
2	0.20985	0.00800	0.00887	0.00810	0.01044	0.02230	0.04609	0.01227	0.03578	0.01906	0.17310	0.06818	0.23326	0.01028	0.00570	0.00182	0.00390	0.08433	0.00462	0.03404
3	0.06236	0.01194	0.04013	0.01236	0.04237	0.01032	0.13809	0.08812	0.04907	0.04422	0.01113	0.01267	0.00866	0.00475	0.00475	0.00125	0.00538	0.00423	0.00355	0.44462
4	0.00714	0.00505	0.00663	0.00739	0.00773	0.00502	0.00492	0.00802	0.00956	0.01291	0.02446	0.49373	0.02854	0.21066	0.13806	0.00401	0.00552	0.01212	0.00429	0.00423
5	0.01118	0.01283	0.10778	0.20599	0.17777	0.01250	0.08736	0.01444	0.01068	0.01512	0.01027	0.01460	0.00859	0.01154	0.13106	0.00297	0.15094	0.00505	0.00257	0.00675
6	0.00675	0.00553	0.00595	0.00584	0.00755	0.00473	0.00438	0.00842	0.01315	0.01644	0.22731	0.04965	0.59904	0.01317	0.00644	0.00181	0.00272	0.01111	0.00529	0.00473
7	0.01160	0.01058	0.01631	0.13516	0.35104	0.01131	0.01252	0.04671	0.03673	0.01791	0.11854	0.02195	0.10370	0.00739	0.00674	0.00176	0.07303	0.00635	0.00356	0.00711
8	0.00697	0.00518	0.00649	0.00692	0.00788	0.00471	0.00490	0.00855	0.01254	0.01677	0.28626	0.39219	0.19187	0.01440	0.00667	0.00197	0.00288	0.01277	0.00538	0.00471
9	0.04443	0.01357	0.01622	0.20128	0.05465	0.01533	0.01159	0.49985	0.04313	0.02806	0.01224	0.01353	0.00887	0.00619	0.00539	0.00169	0.00622	0.00487	0.00454	0.00834
10	0.05164	0.00972	0.01118	0.00966	0.01269	0.01023	0.00762	0.02386	0.37024	0.22996	0.17730	0.02359	0.02255	0.00790	0.00562	0.00177	0.00404	0.00661	0.00588	0.00796
11	0.01648	0.55365	0.02426	0.01088	0.01493	0.27279	0.00972	0.01811	0.01251	0.01300	0.00786	0.00910	0.00700	0.00498	0.00396	0.00124	0.00714	0.00311	0.00249	0.00677
12	0.01517	0.08325	0.13021	0.01086	0.04815	0.00979	0.00965	0.01807	0.01252	0.22146	0.01272	0.01315	0.00928	0.00503	0.00461	0.00125	0.00507	0.00400	0.00393	0.38182
13	0.01687	0.05149	0.18482	0.01849	0.23669	0.07676	0.01368	0.08130	0.04004	0.20684	0.01331	0.01400	0.00958	0.00568	0.00526	0.00163	0.00651	0.00468	0.00393	0.00846
14	0.01552	0.11460	0.22860	0.03121	0.18950	0.03983	0.01386	0.05068	0.08014	0.16428	0.01307	0.01382	0.00955	0.00562	0.00512	0.00162	0.00640	0.00458	0.00369	0.00830
15	0.01457	0.01514	0.02064	0.06734	0.60190	0.15214	0.01554	0.01750	0.01289	0.01682	0.00990	0.01289	0.00828	0.00502	0.00531	0.00159	0.00712	0.00461	0.00270	0.00809
16	0.01083	0.00901	0.00992	0.00960	0.01168	0.00998	0.00718	0.02058	0.46812	0.01936	0.02668	0.28713	0.06507	0.01102	0.00607	0.00197	0.00384	0.00961	0.00536	0.00699
17	0.00787	0.00526	0.00596	0.00602	0.00604	0.00525	0.00338	0.00791	0.00804	0.01072	0.01776	0.07065	0.02056	0.77242	0.02680	0.00515	0.00519	0.00827	0.00338	0.00335
18	0.01004	0.00856	0.00901	0.00837	0.01077	0.00904	0.00643	0.01840	0.38176	0.01928	0.09829	0.03573	0.34177	0.01044	0.00600	0.00183	0.00351	0.00875	0.00538	0.00662
19	0.00649	0.00535	0.00570	0.00597	0.00748	0.00456	0.00434	0.00777	0.01200	0.01455	0.04977	0.21542	0.61275	0.01452	0.00655	0.00192	0.00285	0.01237	0.00506	0.00456
20	0.01139	0.02518	0.61753	0.01773	0.06600	0.01286	0.13838	0.01727	0.01178	0.01733	0.01001	0.01214	0.00722	0.00507	0.00539	0.00174	0.00815	0.00446	0.00240	0.00798

[dist]
# distance from previous block
# <min> <max>
0	10

[block]
# block no. 2 follows, 44 sequences, length 31
# corresponding to MSA columns:
# 400-430
name=unknown_C
#
# <colnr> <probs for GDERKNQSTAVLIFYWHMCP>
#	G	D	E	R	K	N	Q	S	T	A	V	L	I	F	Y	W	H	M	C	P
0	0.01458	0.81168	0.02857	0.00933	0.01399	0.02157	0.00933	0.01632	0.01108	0.01283	0.00758	0.00875	0.00700	0.00466	0.00350	0.00117	0.00583	0.00292	0.00233	0.00700
1	0.01781	0.01704	0.01451	0.01242	0.01582	0.24318	0.00973	0.25371	0.31251	0.02361	0.01528	0.01497	0.01150	0.00660	0.00533	0.00165	0.00647	0.00499	0.00471	0.00815
2	0.84691	0.01054	0.00801	0.00717	0.01054	0.01223	0.00590	0.01603	0.00928	0.02446	0.00759	0.00886	0.00590	0.00506	0.00337	0.00169	0.00422	0.00295	0.00337	0.00590
3	0.00720	0.00557	0.00657	0.00638	0.00791	0.00494	0.00483	0.00924	0.01402	0.01856	0.43394	0.04654	0.36580	0.01244	0.00647	0.00180	0.00274	0.03460	0.00556	0.00490
4	0.84691	0.01054	0.00801	0.00717	0.01054	0.01223	0.00590	0.01603	0.00928	0.02446	0.00759	0.00886	0.00590	0.00506	0.00337	0.00169	0.00422	0.00295	0.00337	0.00590
5	0.00879	0.00628	0.00879	0.01004	0.01130	0.00628	0.00879	0.01130	0.01255	0.01632	0.02887	0.06150	0.03138	0.01506	0.00753	0.00251	0.00502	0.73770	0.00502	0.00502
6	0.01843	0.04214	0.01521	0.01271	0.01605	0.35503	0.00993	0.21229	0.22294	0.02132	0.01337	0.01351	0.01023	0.00632	0.00519	0.00158	0.00722	0.00458	0.00422	0.00773
7	0.01291	0.01236	0.02108	0.17211	0.64030	0.01280	0.01644	0.01622	0.01214	0.01710	0.01015	0.01368	0.00839	0.00497	0.00541	0.00166	0.00662	0.00486	0.00265	0.00817
8	0.01307	0.25102	0.40194	0.01328	0.01948	0.01515	0.04885	0.01881	0.09730	0.05572	0.01122	0.01222	0.00844	0.00534	0.00481	0.00158	0.00686	0.00414	0.00293	0.00785
9	0.01111	0.06488	0.74497	0.01525	0.02315	0.01308	0.01964	0.01722	0.01149	0.01706	0.00968	0.01138	0.00691	0.00516	0.00510	0.00170	0.00795	0.00398	0.00230	0.00801
10	0.00712	0.00528	0.00664	0.00686	0.00792	0.00480	0.00493	0.00892	0.01319	0.01787	0.38953	0.30100	0.17858	0.01364	0.00661	0.00191	0.00281	0.01207	0.00551	0.00480
11	0.00685	0.00539	0.00618	0.00630	0.00769	0.00473	0.00460	0.00849	0.01292	0.01663	0.25726	0.19127	0.42498	0.01366	0.00654	0.00188	0.00278	0.01179	0.00533	0.00473
12	0.01372	0.14979	0.37723	0.01689	0.13220	0.16106	0.01582	0.01775	0.01222	0.01576	0.00916	0.01106	0.00721	0.00528	0.00532	0.00158	0.03403	0.00390	0.00246	0.00758
13	0.01905	0.02379	0.01564	0.01409	0.01646	0.66657	0.01075	0.02042	0.01434	0.01331	0.00823	0.01016	0.00704	0.00623	0.00694	0.00156	0.13270	0.00371	0.00274	0.00626
14	0.00664	0.00474	0.00633	0.00759	0.00791	0.00443	0.00506	0.00759	0.01044	0.01392	0.03005	0.80485	0.03606	0.01708	0.00696	0.00221	0.00316	0.01550	0.00506	0.00443
15	0.84691	0.01054	0.00801	0.00717	0.01054	0.01223	0.00590	0.01603	0.00928	0.02446	0.00759	0.00886	0.00590	0.00506	0.00337	0.00169	0.00422	0.00295	0.00337	0.00590
16	0.01356	0.01171	0.01233	0.01109	0.01418	0.01356	0.00863	0.02897	0.76455	0.02281	0.02219	0.02034	0.01664	0.00740	0.00555	0.00185	0.00431	0.00616	0.00555	0.00863
17	0.00644	0.00552	0.00552	0.00552	0.00736	0.00460	0.00414	0.00782	0.01243	0.01473	0.05523	0.05247	0.77218	0.01381	0.00644	0.00184	0.00276	0.01151	0.00506	0.00460
18	0.02446	0.00928	0.01265	0.00970	0.01392	0.00801	0.00801	0.02657	0.01560	0.77817	0.02151	0.01856	0.01350	0.00675	0.00548	0.00169	0.00464	0.00548	0.00675	0.00928
19	0.01302	0.01247	0.02127	0.14683	0.66475	0.01283	0.01649	0.01631	0.01219	0.01723	0.01017	0.01365	0.00843	0.00495	0.00541	0.00165	0.00659	0.00486	0.00266	0.00825
20	0.02072	0.01527	0.01636	0.01254	0.01691	0.01691	0.01036	0.75622	0.02563	0.03436	0.01309	0.01309	0.00927	0.00654	0.00545	0.00164	0.00600	0.00491	0.00545	0.00927
21	0.84691	0.01054	0.00801	0.00717	0.01054	0.01223	0.00590	0.01603	0.00928	0.02446	0.00759	0.00886	0.00590	0.00506	0.00337	0.00169	0.00422	0.00295	0.00337	0.00590
22	0.02072	0.01527	0.01636	0.01254	0.01691	0.01691	0.01036	0.75622	0.02563	0.03436	0.01309	0.01309	0.00927	0.00654	0.00545	0.00164	0.00600	0.00491	0.00545	0.00927
23	0.00773	0.00649	0.01084	0.01028	0.01151	0.00606	0.13610	0.00932	0.01086	0.01454	0.02672	0.66671	0.03120	0.01490	0.00687	0.00215	0.00422	0.01391	0.00466	0.00494
24	0.01571	0.02344	0.36038	0.01458	0.01985	0.25414	0.04661	0.01954	0.01308	0.11000	0.01068	0.01203	0.00783	0.00579	0.00608	0.00167	0.06385	0.00420	0.00304	0.00749
25	0.00793	0.00529	0.00595	0.00595	0.00595	0.00529	0.00330	0.00793	0.00793	0.01057	0.01718	0.03568	0.01982	0.80840	0.02775	0.00529	0.00529	0.00793	0.00330	0.00330
26	0.00661	0.00487	0.00620	0.00726	0.00782	0.00446	0.00491	0.00763	0.01076	0.01405	0.03409	0.68406	0.15424	0.01655	0.00688	0.00215	0.00310	0.01486	0.00506	0.00446
27	0.01489	0.02034	0.17920	0.01802	0.17318	0.31583	0.03827	0.01800	0.01345	0.01569	0.01236	0.01915	0.01116	0.00681	0.00553	0.00170	0.00799	0.11839	0.00302	0.00700
28	0.01823	0.14625	0.01964	0.01784	0.22816	0.12821	0.04624	0.09556	0.01484	0.21391	0.01277	0.01349	0.00943	0.00559	0.00509	0.00154	0.00647	0.00458	0.00398	0.00819
29	0.01187	0.00857	0.03001	0.00996	0.01216	0.00811	0.04233	0.01362	0.01139	0.15378	0.02082	0.33149	0.03959	0.01091	0.00783	0.00187	0.12788	0.00917	0.00447	0.14415
30	0.20516	0.01293	0.01867	0.04179	0.33975	0.03136	0.10868	0.08903	0.04618	0.04030	0.01077	0.01292	0.00843	0.00523	0.00507	0.00168	0.00622	0.00467	0.00335	0.00780

[dist]
# distance from previous block
# <min> <max>
0	61

[block]
# block no. 3 follows, 44 sequences, length 33
# corresponding to MSA columns:
# 492-524
name=unknown_D
#
# <colnr> <probs for GDERKNQSTAVLIFYWHMCP>
#	G	D	E	R	K	N	Q	S	T	A	V	L	I	F	Y	W	H	M	C	P
0	0.18344	0.04193	0.05500	0.01682	0.21109	0.10022	0.03964	0.12511	0.01395	0.05072	0.01075	0.03254	0.00869	0.00555	0.00483	0.00155	0.00611	0.00443	0.00349	0.08413
1	0.01448	0.20833	0.23010	0.01641	0.13445	0.03711	0.06536	0.16064	0.03079	0.01973	0.02691	0.01246	0.00893	0.00542	0.00498	0.00156	0.00681	0.00439	0.00318	0.00798
2	0.01558	0.01291	0.02128	0.02168	0.28628	0.03215	0.20682	0.07053	0.01394	0.14554	0.01242	0.01426	0.00929	0.00514	0.00551	0.00158	0.00664	0.00515	0.00365	0.10965
3	0.18122	0.01503	0.08896	0.01153	0.01569	0.12225	0.04739	0.13185	0.06971	0.22296	0.03243	0.01438	0.01070	0.00612	0.00503	0.00166	0.00599	0.00468	0.00459	0.00783
4	0.15244	0.13125	0.01676	0.05054	0.14207	0.16405	0.01036	0.07381	0.08177	0.11018	0.01169	0.01258	0.00893	0.00562	0.00473	0.00156	0.00625	0.00420	0.00371	0.00751
5	0.01734	0.54105	0.02356	0.01009	0.01440	0.13070	0.00925	0.01911	0.01260	0.16155	0.01041	0.01081	0.00826	0.00521	0.00409	0.00130	0.00618	0.00350	0.00326	0.00734
6	0.00644	0.00552	0.00552	0.00552	0.00736	0.00460	0.00414	0.00782	0.01243	0.01473	0.05523	0.05247	0.77218	0.01381	0.00644	0.00184	0.00276	0.01151	0.00506	0.00460
7	0.00644	0.00552	0.00552	0.00552	0.00736	0.00460	0.00414	0.00782	0.01243	0.01473	0.05523	0.05247	0.77218	0.01381	0.00644	0.00184	0.00276	0.01151	0.00506	0.00460
8	0.84691	0.01054	0.00801	0.00717	0.01054	0.01223	0.00590	0.01603	0.00928	0.02446	0.00759	0.00886	0.00590	0.00506	0.00337	0.00169	0.00422	0.00295	0.00337	0.00590
9	0.01287	0.01471	0.03217	0.02298	0.02849	0.01379	0.75460	0.01746	0.01287	0.01746	0.01103	0.01471	0.00827	0.00460	0.00643	0.00184	0.00919	0.00643	0.00276	0.00735
10	0.00793	0.00529	0.00595	0.00595	0.00595	0.00529	0.00330	0.00793	0.00793	0.01057	0.01718	0.03568	0.01982	0.80840	0.02775	0.00529	0.00529	0.00793	0.00330	0.00330
11	0.84691	0.01054	0.00801	0.00717	0.01054	0.01223	0.00590	0.01603	0.00928	0.02446	0.00759	0.00886	0.00590	0.00506	0.00337	0.00169	0.00422	0.00295	0.00337	0.00590
12	0.00772	0.00557	0.00729	0.00686	0.00814	0.00514	0.00514	0.01029	0.01543	0.02186	0.77152	0.04072	0.05144	0.01115	0.00643	0.00171	0.00257	0.00986	0.00600	0.00514
13	0.84691	0.01054	0.00801	0.00717	0.01054	0.01223	0.00590	0.01603	0.00928	0.02446	0.00759	0.00886	0.00590	0.00506	0.00337	0.00169	0.00422	0.00295	0.00337	0.00590
14	0.00793	0.00529	0.00595	0.00595	0.00595	0.00529	0.00330	0.00793	0.00793	0.01057	0.01718	0.03568	0.01982	0.80840	0.02775	0.00529	0.00529	0.00793	0.00330	0.00330
15	0.00779	0.00584	0.00876	0.00876	0.00974	0.00681	0.00681	0.00974	0.00876	0.01266	0.01460	0.02142	0.01363	0.04089	0.78680	0.00876	0.01460	0.00584	0.00292	0.00487
16	0.02072	0.01527	0.01636	0.01254	0.01691	0.01691	0.01036	0.75622	0.02563	0.03436	0.01309	0.01309	0.00927	0.00654	0.00545	0.00164	0.00600	0.00491	0.00545	0.00927
17	0.01989	0.01394	0.01515	0.01185	0.01594	0.01527	0.00971	0.57852	0.10772	0.10293	0.01508	0.01468	0.01067	0.00665	0.00541	0.00165	0.00556	0.00511	0.03521	0.00905
18	0.00793	0.00529	0.00595	0.00595	0.00595	0.00529	0.00330	0.00793	0.00793	0.01057	0.01718	0.03568	0.01982	0.80840	0.02775	0.00529	0.00529	0.00793	0.00330	0.00330
19	0.00772	0.00557	0.00729	0.00686	0.00814	0.00514	0.00514	0.01029	0.01543	0.02186	0.77152	0.04072	0.05144	0.01115	0.00643	0.00171	0.00257	0.00986	0.00600	0.00514
20	0.00772	0.00557	0.00729	0.00686	0.00814	0.00514	0.00514	0.01029	0.01543	0.02186	0.77152	0.04072	0.05144	0.01115	0.00643	0.00171	0.00257	0.00986	0.00600	0.00514
21	0.02072	0.01527	0.01636	0.01254	0.01691	0.01691	0.01036	0.75622	0.02563	0.03436	0.01309	0.01309	0.00927	0.00654	0.00545	0.00164	0.00600	0.00491	0.00545	0.00927
22	0.01516	0.50283	0.10632	0.01228	0.04740	0.13513	0.02765	0.04852	0.01242	0.01461	0.00835	0.00981	0.00719	0.00508	0.00451	0.00135	0.02827	0.00342	0.00256	0.00715
23	0.01205	0.01365	0.13119	0.29383	0.24240	0.01228	0.04654	0.07450	0.01243	0.01703	0.01087	0.01557	0.00894	0.07723	0.00744	0.00204	0.00696	0.00508	0.00282	0.00716
24	0.00772	0.00557	0.00729	0.00686	0.00814	0.00514	0.00514	0.01029	0.01543	0.02186	0.77152	0.04072	0.05144	0.01115	0.00643	0.00171	0.00257	0.00986	0.00600	0.00514
25	0.01182	0.21946	0.59668	0.01402	0.02125	0.01484	0.01750	0.01704	0.01140	0.01618	0.00925	0.01084	0.00693	0.00505	0.00477	0.00159	0.00751	0.00376	0.00231	0.00780
26	0.00772	0.00557	0.00729	0.00686	0.00814	0.00514	0.00514	0.01029	0.01543	0.02186	0.77152	0.04072	0.05144	0.01115	0.00643	0.00171	0.00257	0.00986	0.00600	0.00514
27	0.00789	0.00544	0.00671	0.00671	0.00697	0.00570	0.00425	0.00842	0.00815	0.01113	0.01648	0.03183	0.01815	0.60151	0.23236	0.00622	0.00780	0.00737	0.00320	0.00373
28	0.01389	0.01187	0.01251	0.01116	0.01430	0.01371	0.00871	0.06245	0.73053	0.02334	0.02177	0.02001	0.01630	0.00736	0.00554	0.00184	0.00439	0.00611	0.00554	0.00866
29	0.01082	0.01022	0.01730	0.67048	0.15827	0.01225	0.01540	0.01439	0.01115	0.01457	0.00978	0.01436	0.00749	0.00535	0.00544	0.00178	0.00714	0.00485	0.00247	0.00648
30	0.02052	0.01453	0.01538	0.01193	0.01607	0.04190	0.00980	0.62173	0.02357	0.10471	0.01399	0.01388	0.00985	0.00652	0.00535	0.00161	0.00582	0.00492	0.04896	0.00895
31	0.03955	0.00873	0.01228	0.11352	0.01452	0.01121	0.00923	0.01149	0.00876	0.01307	0.01131	0.01884	0.01109	0.15125	0.23726	0.00459	0.30979	0.00555	0.00273	0.00522
32	0.01367	0.43379	0.28944	0.01157	0.01718	0.04333	0.01290	0.01707	0.01180	0.05250	0.04424	0.01171	0.00933	0.00528	0.00437	0.00142	0.00654	0.00377	0.00272	0.00737

[dist]
# distance from previous block
# <min> <max>
1	4

[block]
# block no. 4 follows, 44 sequences, length 19
# corresponding to MSA columns:
# 529-547
name=unknown_E
#
# <colnr> <probs for GDERKNQSTAVLIFYWHMCP>
#	G	D	E	R	K	N	Q	S	T	A	V	L	I	F	Y	W	H	M	C	P
0	0.16140	0.04592	0.04170	0.01087	0.03750	0.01181	0.02374	0.22824	0.01618	0.20906	0.03147	0.08486	0.03323	0.00725	0.00516	0.00168	0.00504	0.00578	0.00492	0.03418
1	0.04540	0.01089	0.04839	0.06273	0.39434	0.01013	0.01223	0.01419	0.01262	0.01815	0.14394	0.02351	0.09997	0.00722	0.00559	0.00166	0.00525	0.02889	0.00361	0.05129
2	0.51971	0.00940	0.00891	0.00768	0.01087	0.01007	0.00624	0.01737	0.01174	0.19079	0.14286	0.01652	0.01546	0.00649	0.00437	0.00169	0.00403	0.00471	0.00458	0.00652
3	0.00754	0.00559	0.00816	0.00841	0.00926	0.00621	0.00635	0.00930	0.00948	0.01342	0.05798	0.19155	0.02047	0.03418	0.57718	0.00698	0.01150	0.00814	0.00355	0.00479
4	0.01051	0.00994	0.01448	0.18141	0.01800	0.01313	0.01118	0.01232	0.00959	0.01389	0.05641	0.10877	0.01354	0.01103	0.04713	0.00248	0.45112	0.00641	0.00295	0.00570
5	0.00947	0.00473	0.00710	0.00710	0.00710	0.00473	0.00473	0.00710	0.00710	0.00947	0.00947	0.01657	0.00947	0.01894	0.02131	0.84138	0.00473	0.00473	0.00237	0.00237
6	0.01412	0.01146	0.03987	0.06207	0.15794	0.01156	0.01011	0.28483	0.01743	0.02440	0.12798	0.02055	0.05806	0.00717	0.00539	0.00162	0.00504	0.00599	0.12701	0.00743
7	0.02072	0.01527	0.01636	0.01254	0.01691	0.01691	0.01036	0.75622	0.02563	0.03436	0.01309	0.01309	0.00927	0.00654	0.00545	0.00164	0.00600	0.00491	0.00545	0.00927
8	0.01399	0.72498	0.02671	0.00946	0.01369	0.02033	0.00924	0.01573	0.01081	0.01282	0.00807	0.00978	0.00748	0.00747	0.06087	0.00176	0.03441	0.00319	0.00238	0.00681
9	0.84691	0.01054	0.00801	0.00717	0.01054	0.01223	0.00590	0.01603	0.00928	0.02446	0.00759	0.00886	0.00590	0.00506	0.00337	0.00169	0.00422	0.00295	0.00337	0.00590
10	0.01936	0.01767	0.01451	0.01241	0.01579	0.31612	0.00978	0.22447	0.13092	0.12043	0.01457	0.01618	0.01122	0.00679	0.00537	0.00163	0.00702	0.04339	0.00458	0.00779
11	0.84691	0.01054	0.00801	0.00717	0.01054	0.01223	0.00590	0.01603	0.00928	0.02446	0.00759	0.00886	0.00590	0.00506	0.00337	0.00169	0.00422	0.00295	0.00337	0.00590
12	0.01527	0.03953	0.14535	0.01352	0.04812	0.01434	0.03511	0.27118	0.26487	0.02473	0.01611	0.01800	0.01248	0.00691	0.00553	0.00176	0.00585	0.04826	0.00463	0.00845
13	0.00793	0.00529	0.00595	0.00595	0.00595	0.00529	0.00330	0.00793	0.00793	0.01057	0.01718	0.03568	0.01982	0.80840	0.02775	0.00529	0.00529	0.00793	0.00330	0.00330
14	0.01490	0.01308	0.01303	0.01147	0.01469	0.06386	0.00897	0.11948	0.62377	0.02364	0.02016	0.01875	0.01510	0.00718	0.00549	0.00179	0.00488	0.00584	0.00536	0.00856
15	0.00673	0.00502	0.00626	0.00704	0.00781	0.00455	0.00487	0.00797	0.01150	0.01507	0.12662	0.54276	0.20268	0.01562	0.00678	0.00207	0.00300	0.01391	0.00518	0.00455
16	0.01504	0.01305	0.01897	0.12275	0.40950	0.01396	0.01410	0.21620	0.08265	0.02221	0.01201	0.01413	0.00934	0.00561	0.00543	0.00167	0.00626	0.00499	0.00366	0.00848
17	0.01224	0.02503	0.61530	0.04848	0.02293	0.01336	0.01830	0.11450	0.01322	0.01921	0.01011	0.01187	0.00724	0.00555	0.00575	0.00175	0.04018	0.00421	0.00273	0.00805
18	0.01101	0.07793	0.00982	0.00770	0.00977	0.00715	0.00606	0.01327	0.03372	0.14904	0.26425	0.17278	0.16472	0.01140	0.00612	0.00181	0.00350	0.03865	0.00542	0.00589

[dist]
# distance from previous block
# <min> <max>
1	8

[block]
# block no. 5 follows, 44 sequences, length 36
# corresponding to MSA columns:
# 594-623,625-630
name=unknown_F
#
# <colnr> <probs for GDERKNQSTAVLIFYWHMCP>
#	G	D	E	R	K	N	Q	S	T	A	V	L	I	F	Y	W	H	M	C	P
0	0.20962	0.15611	0.04922	0.01117	0.01508	0.23077	0.00953	0.18883	0.01545	0.05352	0.00978	0.01061	0.00755	0.00557	0.00447	0.00151	0.00666	0.00371	0.00361	0.00722
1	0.00961	0.00678	0.00797	0.00789	0.00939	0.00660	0.00577	0.12569	0.01370	0.04623	0.06723	0.43057	0.19212	0.01377	0.00645	0.00197	0.00353	0.01206	0.02722	0.00545
2	0.01233	0.01191	0.06923	0.01275	0.09558	0.00927	0.06938	0.05810	0.01267	0.03577	0.04289	0.01335	0.01011	0.00476	0.00467	0.00115	0.00507	0.00415	0.00340	0.52348
3	0.01205	0.01077	0.01689	0.61552	0.10296	0.01286	0.01462	0.11772	0.01310	0.01714	0.01022	0.01424	0.00767	0.00555	0.00545	0.00177	0.00702	0.00485	0.00287	0.00674
4	0.84691	0.01054	0.00801	0.00717	0.01054	0.01223	0.00590	0.01603	0.00928	0.02446	0.00759	0.00886	0.00590	0.00506	0.00337	0.00169	0.00422	0.00295	0.00337	0.00590
5	0.01356	0.01171	0.01233	0.01109	0.01418	0.01356	0.00863	0.02897	0.76455	0.02281	0.02219	0.02034	0.01664	0.00740	0.00555	0.00185	0.00431	0.00616	0.00555	0.00863
6	0.01321	0.01266	0.02161	0.10160	0.70849	0.01288	0.01659	0.01648	0.01228	0.01746	0.01020	0.01359	0.00851	0.00491	0.00540	0.00164	0.00655	0.00486	0.00267	0.00840
7	0.00658	0.00553	0.00572	0.00567	0.00745	0.00466	0.00425	0.00810	0.01276	0.01552	0.13492	0.05116	0.69200	0.01351	0.00644	0.00183	0.00274	0.01132	0.00517	0.00466
8	0.00730	0.00556	0.00671	0.00642	0.00789	0.00497	0.00481	0.00947	0.01444	0.01951	0.53516	0.04460	0.28926	0.01202	0.00643	0.00176	0.00263	0.01040	0.00569	0.00497
9	0.01016	0.00508	0.00508	0.00508	0.00635	0.00508	0.00381	0.01270	0.01143	0.02033	0.01778	0.02033	0.01397	0.00635	0.00381	0.00127	0.00254	0.00508	0.83867	0.00508
10	0.01144	0.01121	0.01577	0.01366	0.01378	0.01554	0.01133	0.01272	0.00840	0.01307	0.00803	0.01304	0.00791	0.01321	0.10794	0.00313	0.70663	0.00490	0.00245	0.00584
11	0.00664	0.00474	0.00633	0.00759	0.00791	0.00443	0.00506	0.00759	0.01044	0.01392	0.03005	0.80485	0.03606	0.01708	0.00696	0.00221	0.00316	0.01550	0.00506	0.00443
12	0.01297	0.01242	0.02119	0.15770	0.65423	0.01282	0.01647	0.01627	0.01217	0.01718	0.01016	0.01366	0.00841	0.00495	0.00541	0.00165	0.00661	0.00486	0.00265	0.00821
13	0.01371	0.34279	0.20695	0.01534	0.09316	0.04029	0.11658	0.05172	0.01239	0.01624	0.00922	0.01104	0.00746	0.00489	0.00465	0.00145	0.00696	0.00399	0.00262	0.03856
14	0.01661	0.48225	0.05140	0.01048	0.01507	0.01864	0.00985	0.19952	0.05867	0.07455	0.01087	0.01130	0.00858	0.00546	0.00430	0.00138	0.00578	0.00382	0.00361	0.00786
15	0.01080	0.00570	0.00576	0.00553	0.00699	0.00580	0.00421	0.05771	0.01229	0.02117	0.01750	0.01989	0.01369	0.00636	0.00391	0.00129	0.00275	0.00507	0.78823	0.00533
16	0.01180	0.00877	0.01250	0.04615	0.19873	0.00880	0.00925	0.10891	0.01387	0.07798	0.10451	0.32973	0.02467	0.01078	0.00615	0.00188	0.00456	0.00968	0.00466	0.00661
17	0.01178	0.09997	0.53179	0.01354	0.01994	0.01272	0.01613	0.04556	0.04959	0.04153	0.02937	0.08055	0.01119	0.00649	0.00523	0.00171	0.00693	0.00522	0.00305	0.00769
18	0.00793	0.00529	0.00595	0.00595	0.00595	0.00529	0.00330	0.00793	0.00793	0.01057	0.01718	0.03568	0.01982	0.80840	0.02775	0.00529	0.00529	0.00793	0.00330	0.00330
19	0.02075	0.01174	0.01353	0.01053	0.01444	0.01209	0.00865	0.38999	0.02009	0.30816	0.01681	0.01605	0.01144	0.00659	0.00525	0.00161	0.00505	0.00514	0.11336	0.00873
20	0.01925	0.12803	0.04664	0.01349	0.01674	0.65740	0.01075	0.02089	0.01473	0.01343	0.00837	0.00976	0.00701	0.00548	0.00474	0.00139	0.00924	0.00345	0.00273	0.00647
21	0.01027	0.00789	0.00867	0.00740	0.01023	0.00711	0.00572	0.05779	0.09037	0.06074	0.06616	0.03442	0.37104	0.04441	0.00662	0.00173	0.00361	0.00814	0.00479	0.19288
22	0.04178	0.01591	0.03140	0.01389	0.01600	0.22727	0.06809	0.06407	0.01240	0.07035	0.00978	0.01264	0.00818	0.00955	0.06231	0.00237	0.31971	0.00461	0.00311	0.00658
23	0.01446	0.01571	0.01691	0.23612	0.19206	0.25096	0.01310	0.01803	0.07366	0.01524	0.01033	0.01325	0.00839	0.00663	0.02298	0.00185	0.07599	0.00456	0.00286	0.00689
24	0.00756	0.00553	0.00709	0.00677	0.00806	0.00506	0.00505	0.00995	0.01495	0.02088	0.67547	0.07444	0.11554	0.01164	0.00645	0.00175	0.00261	0.01025	0.00588	0.00506
25	0.01323	0.01369	0.02634	0.02907	0.46184	0.01330	0.32592	0.01704	0.01260	0.01767	0.01058	0.01400	0.00848	0.00475	0.00583	0.00171	0.00761	0.00552	0.00272	0.00810
26	0.01310	0.01832	0.29760	0.05767	0.17311	0.01301	0.10551	0.05430	0.14602	0.04836	0.01283	0.01436	0.00953	0.00557	0.00548	0.00174	0.00695	0.00500	0.00334	0.00819
27	0.00801	0.00538	0.00572	0.00564	0.00716	0.00488	0.00423	0.01004	0.01268	0.01814	0.18594	0.03877	0.35991	0.01064	0.00551	0.00161	0.00265	0.00891	0.29931	0.00488
28	0.01754	0.00770	0.01031	0.00843	0.01142	0.00681	0.00675	0.01984	0.01536	0.46077	0.30356	0.02697	0.02779	0.00839	0.00577	0.00168	0.00377	0.00711	0.04249	0.00754
29	0.05142	0.02282	0.51170	0.01707	0.10257	0.01301	0.06883	0.04976	0.07711	0.01889	0.01103	0.01265	0.00808	0.00535	0.00525	0.00173	0.00738	0.00446	0.00284	0.00807
30	0.01324	0.01270	0.02168	0.09284	0.71697	0.01289	0.01661	0.01651	0.01230	0.01751	0.01021	0.01357	0.00853	0.00490	0.00540	0.00163	0.00654	0.00486	0.00268	0.00843
31	0.00793	0.00529	0.00595	0.00595	0.00595	0.00529	0.00330	0.00793	0.00793	0.01057	0.01718	0.03568	0.01982	0.80840	0.02775	0.00529	0.00529	0.00793	0.00330	0.00330
32	0.02072	0.01527	0.01636	0.01254	0.01691	0.01691	0.01036	0.75622	0.02563	0.03436	0.01309	0.01309	0.00927	0.00654	0.00545	0.00164	0.00600	0.00491	0.00545	0.00927
33	0.02169	0.01372	0.01540	0.01181	0.01613	0.01460	0.00975	0.56705	0.02303	0.22720	0.01527	0.01451	0.01037	0.00660	0.00546	0.00165	0.00565	0.00506	0.00579	0.00927
34	0.00793	0.00529	0.00595	0.00595	0.00595	0.00529	0.00330	0.00793	0.00793	0.01057	0.01718	0.03568	0.01982	0.80840	0.02775	0.00529	0.00529	0.00793	0.00330	0.00330
35	0.00693	0.00554	0.00620	0.00603	0.00766	0.00481	0.00452	0.00877	0.01357	0.01745	0.32884	0.04798	0.49687	0.01279	0.00644	0.00179	0.00269	0.01088	0.00542	0.00481

[dist]
# distance from previous block
# <min> <max>
0	25

[block]
# block no. 6 follows, 44 sequences, length 7
# corresponding to MSA columns:
# 656-662
name=unknown_G
#
# <colnr> <probs for GDERKNQSTAVLIFYWHMCP>
#	G	D	E	R	K	N	Q	S	T	A	V	L	I	F	Y	W	H	M	C	P
0	0.02040	0.02480	0.01555	0.01388	0.01686	0.70144	0.01051	0.10296	0.01658	0.01567	0.00894	0.01019	0.00727	0.00572	0.00498	0.00143	0.00941	0.00367	0.00310	0.00665
1	0.00793	0.00529	0.00595	0.00595	0.00595	0.00529	0.00330	0.00793	0.00793	0.01057	0.01718	0.03568	0.01982	0.80840	0.02775	0.00529	0.00529	0.00793	0.00330	0.00330
2	0.01130	0.00969	0.01130	0.00807	0.01292	0.00727	0.00646	0.01373	0.01130	0.01776	0.00969	0.01130	0.00807	0.00404	0.00404	0.00081	0.00404	0.00323	0.00323	0.84173
3	0.00715	0.00535	0.00665	0.00675	0.00791	0.00484	0.00490	0.00904	0.01346	0.01821	0.41944	0.24266	0.20707	0.01328	0.00657	0.00187	0.00277	0.01170	0.00555	0.00484
4	0.00902	0.00659	0.00881	0.00846	0.00952	0.00739	0.00632	0.07853	0.01013	0.01418	0.01506	0.02397	0.01467	0.21680	0.53723	0.00729	0.01163	0.00624	0.00324	0.00491
5	0.00839	0.00579	0.00707	0.00716	0.00870	0.00520	0.00551	0.01021	0.01307	0.06942	0.21781	0.16836	0.31427	0.01339	0.00662	0.00196	0.00326	0.12331	0.00540	0.00509
6	0.01031	0.01401	0.19815	0.08782	0.08233	0.01028	0.16717	0.01464	0.04693	0.01726	0.11456	0.13551	0.06090	0.00816	0.00600	0.00183	0.00619	0.00763	0.00363	0.00670

[dist]
# distance from previous block
# <min> <max>
2	136

[block]
# block no. 7 follows, 44 sequences, length 32
# corresponding to MSA columns:
# 818-849
name=unknown_H
#
# <colnr> <probs for GDERKNQSTAVLIFYWHMCP>
#	G	D	E	R	K	N	Q	S	T	A	V	L	I	F	Y	W	H	M	C	P
0	0.34312	0.12729	0.06594	0.00876	0.01216	0.01239	0.00780	0.01715	0.14302	0.02095	0.12528	0.01810	0.03455	0.00745	0.02027	0.00181	0.00468	0.01879	0.00398	0.00651
1	0.01340	0.10236	0.22920	0.02329	0.38038	0.01412	0.04045	0.06877	0.04349	0.01847	0.01055	0.01274	0.00835	0.00514	0.00518	0.00162	0.00681	0.00453	0.00286	0.00830
2	0.01233	0.17747	0.58005	0.01424	0.02126	0.07179	0.01737	0.01742	0.01172	0.01613	0.00926	0.01086	0.00693	0.00511	0.00484	0.00160	0.00776	0.00378	0.00235	0.00773
3	0.00867	0.00677	0.00787	0.00732	0.00911	0.00661	0.00557	0.03777	0.12224	0.02062	0.45729	0.03983	0.22726	0.01112	0.00627	0.00176	0.00299	0.00958	0.00568	0.00565
4	0.01108	0.01375	0.18323	0.01700	0.12651	0.00998	0.19848	0.01450	0.01184	0.05738	0.01758	0.27854	0.01761	0.00906	0.00614	0.00190	0.00629	0.00867	0.00364	0.00681
5	0.00681	0.00554	0.00603	0.00591	0.00759	0.00476	0.00443	0.00854	0.01330	0.01679	0.26269	0.04907	0.56343	0.01304	0.00644	0.00180	0.00271	0.01103	0.00533	0.00476
6	0.01774	0.01801	0.01419	0.01246	0.01565	0.33259	0.00963	0.12677	0.32700	0.04688	0.01523	0.01494	0.01154	0.00652	0.00527	0.00163	0.00683	0.00487	0.00445	0.00779
7	0.01819	0.01588	0.01608	0.01561	0.13269	0.15594	0.01091	0.32550	0.17689	0.05573	0.01406	0.01430	0.01049	0.00630	0.00537	0.00164	0.00636	0.00493	0.00462	0.00850
8	0.01287	0.01471	0.03217	0.02298	0.02849	0.01379	0.75460	0.01746	0.01287	0.01746	0.01103	0.01471	0.00827	0.00460	0.00643	0.00184	0.00919	0.00643	0.00276	0.00735
9	0.01285	0.01599	0.16961	0.02792	0.51748	0.01280	0.10177	0.01682	0.01225	0.01766	0.01023	0.01317	0.00824	0.00486	0.00543	0.00164	0.00701	0.00482	0.00265	0.03678
10	0.01653	0.00953	0.01184	0.00872	0.01332	0.00756	0.00708	0.01883	0.01301	0.31965	0.01438	0.01418	0.01023	0.00511	0.00461	0.00116	0.00428	0.00412	0.00463	0.51124
11	0.00663	0.00479	0.00628	0.00747	0.00788	0.00444	0.00501	0.00760	0.01055	0.01396	0.03147	0.76246	0.07753	0.01690	0.00693	0.00219	0.00314	0.01527	0.00506	0.00444
12	0.00947	0.00473	0.00710	0.00710	0.00710	0.00473	0.00473	0.00710	0.00710	0.00947	0.00947	0.01657	0.00947	0.01894	0.02131	0.84138	0.00473	0.00473	0.00237	0.00237
13	0.00837	0.00509	0.00610	0.00664	0.00753	0.00491	0.00481	0.01028	0.01160	0.01769	0.11468	0.33712	0.02849	0.01180	0.00564	0.00178	0.00296	0.06074	0.34895	0.00483
14	0.01290	0.01616	0.16831	0.02827	0.50495	0.01304	0.14237	0.01696	0.01232	0.01765	0.01030	0.01332	0.00824	0.00487	0.00553	0.00168	0.00724	0.00497	0.00263	0.00831
15	0.01441	0.22198	0.12020	0.01423	0.12584	0.05034	0.01138	0.04553	0.16873	0.06265	0.01259	0.01328	0.00981	0.00549	0.00474	0.00147	0.00582	0.00430	0.00354	0.10367
16	0.01780	0.05619	0.11837	0.01546	0.09494	0.20420	0.03080	0.27774	0.03577	0.05302	0.01127	0.01232	0.00849	0.00596	0.00564	0.00161	0.03410	0.00444	0.00385	0.00804
17	0.01659	0.00839	0.01072	0.00872	0.01179	0.00771	0.00698	0.09483	0.01632	0.35731	0.31154	0.02712	0.04649	0.00849	0.00581	0.00166	0.00391	0.00718	0.00614	0.04232
18	0.01536	0.01240	0.01322	0.01134	0.01466	0.01407	0.00896	0.24959	0.49668	0.02583	0.01986	0.06233	0.01549	0.00768	0.00560	0.00180	0.00476	0.00631	0.00549	0.00859
19	0.01206	0.16121	0.46744	0.01274	0.01943	0.01298	0.01507	0.01666	0.01152	0.03987	0.00974	0.01120	0.00736	0.00490	0.00466	0.00144	0.00674	0.00371	0.00263	0.17864
20	0.01146	0.14034	0.67258	0.01465	0.02222	0.01394	0.01859	0.01713	0.01145	0.01663	0.00947	0.01111	0.00692	0.00511	0.00494	0.00165	0.00774	0.00387	0.00231	0.00791
21	0.01093	0.02820	0.78016	0.01554	0.02360	0.01266	0.02014	0.01727	0.01151	0.01727	0.00978	0.01151	0.00691	0.00518	0.00518	0.00173	0.00806	0.00403	0.00230	0.00806
22	0.01193	0.01193	0.01670	0.01431	0.01431	0.01670	0.01193	0.01312	0.00835	0.01312	0.00716	0.01193	0.00716	0.00954	0.01789	0.00239	0.79843	0.00477	0.00239	0.00596
23	0.01220	0.01199	0.05865	0.21719	0.20943	0.02554	0.03721	0.01858	0.20046	0.03697	0.05830	0.03541	0.04104	0.00666	0.00559	0.00176	0.00590	0.00593	0.00375	0.00744
24	0.01419	0.01529	0.04796	0.04425	0.30454	0.09256	0.30824	0.03284	0.01309	0.03729	0.01062	0.01365	0.00834	0.00506	0.00608	0.00171	0.02831	0.00533	0.00287	0.00777
25	0.00803	0.00528	0.00591	0.00591	0.00596	0.00528	0.00333	0.00815	0.00809	0.01102	0.01721	0.03497	0.01955	0.77158	0.02665	0.00510	0.00516	0.00780	0.04166	0.00339
26	0.00792	0.00532	0.00612	0.00612	0.00618	0.00538	0.00352	0.00804	0.00798	0.01070	0.01702	0.03480	0.01944	0.76099	0.07464	0.00550	0.00586	0.00780	0.00328	0.00340
27	0.01259	0.01293	0.01761	0.47777	0.21013	0.12663	0.01476	0.01573	0.01187	0.01475	0.00957	0.01352	0.00756	0.00544	0.00568	0.00172	0.02784	0.00465	0.00254	0.00671
28	0.00855	0.00655	0.00857	0.00818	0.00847	0.00763	0.00578	0.00933	0.00825	0.01162	0.01475	0.02746	0.01586	0.44516	0.25505	0.00586	0.13892	0.00678	0.00304	0.00421
29	0.00664	0.00474	0.00633	0.00759	0.00791	0.00443	0.00506	0.00759	0.01044	0.01392	0.03005	0.80485	0.03606	0.01708	0.00696	0.00221	0.00316	0.01550	0.00506	0.00443
30	0.01838	0.01799	0.01422	0.01226	0.01549	0.33025	0.00954	0.21373	0.19328	0.04815	0.01390	0.01409	0.01051	0.00636	0.00515	0.00157	0.00691	0.00466	0.05592	0.00765
