[name]
unknown

[dist]
# distance from previous block
# <min> <max>
3	98

[block]
# block no. 0 follows, 44 sequences, length 89
# corresponding to MSA columns:
# 105-193
name=unknown_A
#
# <colnr> <probs for GDERKNQSTAVLIFYWHMCP>
#	G	D	E	R	K	N	Q	S	T	A	V	L	I	F	Y	W	H	M	C	P
0	0.02571	0.17148	0.06669	0.01452	0.01887	0.07328	0.24036	0.01750	0.04019	0.07152	0.02136	0.01563	0.01018	0.00633	0.01657	0.00171	0.05466	0.04132	0.00323	0.08891
1	0.03321	0.01040	0.01537	0.31824	0.02387	0.05562	0.11896	0.01506	0.04883	0.05447	0.07463	0.03526	0.09842	0.01820	0.00610	0.00185	0.00624	0.04287	0.00364	0.01875
2	0.19596	0.01242	0.08744	0.01031	0.01378	0.02181	0.00923	0.22469	0.04830	0.02415	0.09735	0.02532	0.02844	0.00833	0.00546	0.00183	0.00514	0.14937	0.00457	0.02609
3	0.02225	0.01324	0.15903	0.01056	0.01340	0.10317	0.00975	0.04114	0.03929	0.02694	0.06687	0.06950	0.05774	0.08706	0.12175	0.00321	0.00724	0.13808	0.00386	0.00590
4	0.22650	0.06904	0.15642	0.01062	0.01479	0.08441	0.01007	0.11972	0.05338	0.06326	0.03639	0.01641	0.08412	0.00667	0.00514	0.00167	0.02560	0.00486	0.00386	0.00707
5	0.10756	0.01574	0.21095	0.08785	0.08689	0.01205	0.07266	0.12397	0.02370	0.04763	0.01347	0.01581	0.04667	0.00597	0.00519	0.00165	0.00629	0.02318	0.00347	0.08930
6	0.00978	0.05434	0.15880	0.08174	0.12561	0.00922	0.01076	0.01270	0.01171	0.01608	0.06069	0.16309	0.14661	0.00893	0.00561	0.00169	0.00508	0.00772	0.00365	0.10623
7	0.01015	0.00698	0.00845	0.00768	0.00971	0.00664	0.00586	0.01429	0.12369	0.09448	0.41049	0.07992	0.13768	0.01052	0.00612	0.00173	0.00316	0.00911	0.00569	0.04764
8	0.01789	0.01161	0.01397	0.09625	0.01721	0.01176	0.00929	0.31960	0.01808	0.20306	0.01494	0.05611	0.01123	0.00654	0.00527	0.00154	0.00529	0.00527	0.00498	0.17011
9	0.00787	0.00580	0.00707	0.09527	0.00987	0.00589	0.00488	0.00857	0.00919	0.01186	0.02377	0.07462	0.15372	0.53604	0.02038	0.00412	0.00495	0.00860	0.00361	0.00390
10	0.01130	0.05473	0.52450	0.01436	0.05803	0.01172	0.01620	0.01634	0.01149	0.01723	0.00969	0.01145	0.00728	0.00486	0.00484	0.00147	0.00691	0.00383	0.00255	0.21121
11	0.01400	0.21207	0.23195	0.01187	0.01734	0.06080	0.03412	0.09252	0.03670	0.03981	0.01024	0.01142	0.00797	0.00506	0.00458	0.00136	0.00633	0.00382	0.00311	0.19492
12	0.01178	0.20957	0.60617	0.01410	0.02137	0.01472	0.01764	0.01705	0.01141	0.01624	0.00927	0.01087	0.00693	0.00506	0.00479	0.00160	0.00754	0.00377	0.00231	0.00781
13	0.00772	0.00557	0.00729	0.00686	0.00814	0.00514	0.00514	0.01029	0.01543	0.02186	0.77152	0.04072	0.05144	0.01115	0.00643	0.00171	0.00257	0.00986	0.00600	0.00514
14	0.01146	0.01958	0.40973	0.01538	0.02131	0.01125	0.19561	0.01642	0.01281	0.05613	0.15840	0.01831	0.01620	0.00627	0.00574	0.00175	0.00710	0.00582	0.00335	0.00738
15	0.01575	0.12844	0.10065	0.01232	0.01657	0.03987	0.04915	0.20148	0.26540	0.06031	0.01559	0.01550	0.02215	0.00647	0.00553	0.00168	0.02532	0.00510	0.00446	0.00826
16	0.00792	0.00531	0.00608	0.00608	0.00613	0.00536	0.00348	0.00802	0.00797	0.01067	0.01705	0.03498	0.01952	0.77070	0.06504	0.00546	0.00574	0.00783	0.00328	0.00338
17	0.00664	0.00474	0.00633	0.00759	0.00791	0.00443	0.00506	0.00759	0.01044	0.01392	0.03005	0.80485	0.03606	0.01708	0.00696	0.00221	0.00316	0.01550	0.00506	0.00443
18	0.00778	0.00662	0.00863	0.19028	0.01489	0.00677	0.00718	0.01032	0.04917	0.01496	0.05839	0.22156	0.35880	0.01224	0.00629	0.00192	0.00398	0.01059	0.00450	0.00512
19	0.01693	0.02084	0.08202	0.12443	0.01952	0.45756	0.01158	0.07825	0.01468	0.01582	0.01014	0.03432	0.00841	0.00614	0.00553	0.00156	0.03678	0.00433	0.04463	0.00654
20	0.00672	0.00478	0.00630	0.00749	0.00779	0.00448	0.00495	0.00761	0.01028	0.01371	0.02926	0.75771	0.03506	0.06558	0.00823	0.00240	0.00329	0.01503	0.00495	0.00436
21	0.01273	0.01215	0.01351	0.01195	0.01315	0.12536	0.00962	0.08621	0.01138	0.01554	0.01069	0.01495	0.00961	0.01741	0.23289	0.00392	0.33388	0.00492	0.05415	0.00597
22	0.01458	0.81168	0.02857	0.00933	0.01399	0.02157	0.00933	0.01632	0.01108	0.01283	0.00758	0.00875	0.00700	0.00466	0.00350	0.00117	0.00583	0.00292	0.00233	0.00700
23	0.10909	0.03636	0.07461	0.01274	0.10696	0.11209	0.00922	0.12359	0.01333	0.09269	0.01305	0.01883	0.01163	0.23011	0.01130	0.00263	0.00619	0.00527	0.00371	0.00660
24	0.00710	0.00523	0.00664	0.00696	0.00793	0.00478	0.00496	0.00884	0.01297	0.01761	0.36692	0.35184	0.15023	0.01394	0.00665	0.00194	0.00284	0.01238	0.00548	0.00478
25	0.01090	0.00954	0.01102	0.01025	0.01174	0.08540	0.00806	0.08148	0.05096	0.01532	0.01359	0.01861	0.01216	0.02968	0.52773	0.00644	0.08273	0.00545	0.00324	0.00572
26	0.01155	0.10031	0.09187	0.22902	0.02143	0.05397	0.03478	0.01419	0.01077	0.01432	0.03591	0.01711	0.06115	0.00757	0.00923	0.00191	0.25277	0.02316	0.00277	0.00623
27	0.01154	0.01155	0.01673	0.65719	0.09505	0.08807	0.01482	0.01492	0.01147	0.01419	0.00961	0.01399	0.00735	0.00542	0.00539	0.00176	0.00745	0.00472	0.00248	0.00629
28	0.01769	0.21487	0.01736	0.01179	0.01486	0.50346	0.00941	0.01932	0.01389	0.01408	0.00938	0.01086	0.00788	0.00548	0.00443	0.00133	0.00795	0.00356	0.10607	0.00633
29	0.01557	0.00747	0.00967	0.00828	0.01102	0.00666	0.00656	0.01800	0.03783	0.37808	0.19458	0.09218	0.14772	0.00997	0.00603	0.00179	0.00376	0.03171	0.00608	0.00706
30	0.01259	0.34944	0.44825	0.01277	0.01927	0.01614	0.01529	0.01691	0.01145	0.02694	0.02050	0.01092	0.00771	0.00508	0.00451	0.00150	0.00701	0.00368	0.00244	0.00760
31	0.01964	0.01131	0.05422	0.12706	0.09257	0.01035	0.01074	0.11301	0.01563	0.43724	0.04044	0.01712	0.01243	0.00640	0.00548	0.00170	0.00548	0.00532	0.00531	0.00855
32	0.00670	0.00551	0.00589	0.00584	0.00753	0.00470	0.00436	0.00830	0.01295	0.01609	0.19349	0.07270	0.61028	0.01339	0.00646	0.00183	0.00274	0.01131	0.00524	0.00470
33	0.01181	0.01124	0.01909	0.43454	0.38648	0.01251	0.01589	0.01526	0.01162	0.01577	0.00996	0.01404	0.00792	0.00517	0.00543	0.00172	0.00689	0.00485	0.00255	0.00728
34	0.01275	0.01134	0.01560	0.19949	0.22238	0.08266	0.01217	0.01527	0.01162	0.07818	0.01406	0.04056	0.04804	0.01175	0.12055	0.00280	0.08532	0.00557	0.00317	0.00674
35	0.00687	0.00485	0.00631	0.00733	0.00763	0.00458	0.00481	0.00774	0.01025	0.01371	0.05481	0.66532	0.03424	0.13217	0.00997	0.00264	0.00345	0.01419	0.00484	0.00429
36	0.00921	0.00788	0.00901	0.00876	0.00958	0.07924	0.00645	0.01053	0.00913	0.01216	0.01436	0.02383	0.01440	0.25056	0.46133	0.00677	0.05305	0.00615	0.00299	0.00462
37	0.01195	0.24726	0.57001	0.01380	0.02091	0.01515	0.01712	0.01700	0.01139	0.01602	0.00917	0.01074	0.00693	0.00504	0.00471	0.00157	0.00743	0.00372	0.00231	0.00776
38	0.01233	0.01248	0.01574	0.01286	0.01592	0.12341	0.18945	0.01862	0.22374	0.01876	0.17178	0.02517	0.09436	0.03274	0.00663	0.00186	0.00583	0.00717	0.00444	0.00672
39	0.01377	0.40183	0.23071	0.01136	0.01650	0.01683	0.01205	0.12745	0.01333	0.01739	0.01110	0.08401	0.01001	0.00624	0.00458	0.00149	0.00622	0.00469	0.00305	0.00739
40	0.00818	0.00619	0.00795	0.00791	0.00811	0.00693	0.00542	0.00883	0.00870	0.01202	0.01854	0.21796	0.02117	0.40417	0.11512	0.00454	0.12148	0.00906	0.00355	0.00416
41	0.01327	0.01326	0.01217	0.01059	0.01310	0.22357	0.00827	0.03716	0.01213	0.03487	0.03208	0.01608	0.03440	0.01595	0.22472	0.00345	0.08644	0.00473	0.00323	0.20054
42	0.01776	0.01260	0.01255	0.01057	0.01387	0.12366	0.00836	0.12653	0.21182	0.24423	0.10112	0.02113	0.05622	0.00756	0.00556	0.00169	0.00518	0.00608	0.00551	0.00799
43	0.00658	0.00523	0.00592	0.00638	0.00761	0.00456	0.00454	0.00786	0.01181	0.01477	0.08126	0.34081	0.45357	0.01493	0.00664	0.00198	0.00291	0.01296	0.00511	0.00456
44	0.01632	0.01292	0.01371	0.01148	0.01502	0.01463	0.00917	0.31929	0.44490	0.02735	0.01841	0.01744	0.01361	0.00702	0.00545	0.00175	0.00493	0.00563	0.03221	0.00877
45	0.01125	0.25111	0.37262	0.01167	0.01687	0.01361	0.01323	0.01489	0.01059	0.01454	0.01069	0.01520	0.00947	0.12556	0.08457	0.00277	0.00765	0.00445	0.00252	0.00674
46	0.01137	0.01116	0.01565	0.19952	0.32744	0.07468	0.01239	0.01400	0.01219	0.01563	0.02094	0.07229	0.17475	0.00777	0.00569	0.00173	0.00592	0.00686	0.00331	0.00671
47	0.00827	0.00648	0.00943	0.00916	0.00994	0.00781	0.00710	0.00997	0.00865	0.01254	0.01397	0.02152	0.01341	0.10082	0.63702	0.00775	0.10253	0.00589	0.00289	0.00486
48	0.00787	0.00552	0.00715	0.00715	0.00757	0.00594	0.00480	0.00870	0.00828	0.01146	0.01608	0.02958	0.01717	0.48037	0.35216	0.00677	0.00927	0.00704	0.00314	0.00397
49	0.01402	0.01087	0.01668	0.06041	0.37482	0.01093	0.01286	0.08405	0.01391	0.10438	0.01627	0.02571	0.01470	0.00772	0.00590	0.00183	0.00584	0.18348	0.00397	0.03166
50	0.01684	0.04144	0.07854	0.01796	0.20139	0.27622	0.01236	0.10109	0.13748	0.04604	0.01218	0.01321	0.00945	0.00580	0.00520	0.00158	0.00725	0.00452	0.00360	0.00785
51	0.01583	0.01176	0.01335	0.07418	0.03757	0.01263	0.00913	0.40595	0.06203	0.06518	0.02440	0.02392	0.20365	0.00831	0.00571	0.00172	0.00513	0.00668	0.00510	0.00777
52	0.01058	0.00991	0.01576	0.62141	0.03223	0.01196	0.01375	0.01383	0.01070	0.01432	0.00944	0.01388	0.00736	0.00568	0.00649	0.00175	0.08440	0.00464	0.00252	0.10940
53	0.00947	0.00473	0.00710	0.00710	0.00710	0.00473	0.00473	0.00710	0.00710	0.00947	0.00947	0.01657	0.00947	0.01894	0.02131	0.84138	0.00473	0.00473	0.00237	0.00237
54	0.01130	0.00969	0.01130	0.00807	0.01292	0.00727	0.00646	0.01373	0.01130	0.01776	0.00969	0.01130	0.00807	0.00404	0.00404	0.00081	0.00404	0.00323	0.00323	0.84173
55	0.02067	0.01683	0.01623	0.01276	0.01690	0.12904	0.01039	0.64920	0.02415	0.03130	0.01241	0.01261	0.00894	0.00641	0.00538	0.00160	0.00656	0.00470	0.00507	0.00884
56	0.00742	0.00614	0.00673	0.00617	0.00834	0.00510	0.00469	0.00920	0.01289	0.01666	0.19779	0.04402	0.51072	0.01183	0.00609	0.00166	0.00291	0.00996	0.00499	0.12669
57	0.01703	0.09967	0.11661	0.01827	0.22907	0.01522	0.01314	0.33409	0.01801	0.06928	0.01179	0.01287	0.00880	0.00571	0.00520	0.00160	0.00630	0.00461	0.00403	0.00870
58	0.01075	0.07543	0.13491	0.00980	0.01270	0.00893	0.02735	0.08503	0.01336	0.06449	0.13160	0.31824	0.06324	0.01115	0.00604	0.00186	0.00458	0.00973	0.00462	0.00618
59	0.00772	0.00557	0.00729	0.00686	0.00814	0.00514	0.00514	0.01029	0.01543	0.02186	0.77152	0.04072	0.05144	0.01115	0.00643	0.00171	0.00257	0.00986	0.00600	0.00514
60	0.18582	0.23862	0.20318	0.01057	0.01562	0.01407	0.01094	0.01940	0.04938	0.18717	0.01195	0.01220	0.00868	0.00547	0.00443	0.00156	0.00570	0.00393	0.00368	0.00762
61	0.17598	0.09359	0.06029	0.01011	0.01355	0.15391	0.00860	0.12637	0.09628	0.02019	0.02947	0.03993	0.13569	0.00745	0.00497	0.00164	0.00562	0.00560	0.00401	0.00675
62	0.00760	0.00523	0.00596	0.00614	0.00637	0.00509	0.00364	0.00787	0.00873	0.01147	0.02278	0.14939	0.09591	0.61524	0.02263	0.00450	0.00473	0.00938	0.00373	0.00359
63	0.00748	0.00569	0.00805	0.00818	0.00921	0.00626	0.00625	0.00925	0.00946	0.01308	0.02204	0.10271	0.12635	0.03461	0.59668	0.00711	0.01176	0.00761	0.00344	0.00479
64	0.01403	0.13060	0.09539	0.20105	0.23432	0.01479	0.05116	0.15953	0.01436	0.01932	0.01028	0.01283	0.00801	0.00531	0.00517	0.00162	0.00676	0.00458	0.00308	0.00780
65	0.01436	0.04073	0.07034	0.01959	0.02480	0.05219	0.50837	0.12583	0.05163	0.01983	0.01157	0.01414	0.00865	0.00510	0.00601	0.00176	0.00835	0.00581	0.00325	0.00767
66	0.01264	0.00964	0.01341	0.01589	0.22435	0.01005	0.00968	0.13518	0.03580	0.05600	0.01569	0.02482	0.01474	0.19360	0.12974	0.00364	0.00707	0.07760	0.00384	0.00664
67	0.30132	0.10457	0.01646	0.01221	0.01583	0.30201	0.10083	0.05756	0.01308	0.01871	0.00862	0.01015	0.00691	0.00525	0.00445	0.00154	0.00719	0.00369	0.00308	0.00654
68	0.01212	0.01154	0.01587	0.60448	0.03213	0.08414	0.01380	0.08717	0.01265	0.01581	0.01017	0.01432	0.00778	0.00745	0.04677	0.00213	0.00777	0.00478	0.00278	0.00633
69	0.00766	0.00544	0.00724	0.00744	0.00792	0.00581	0.00512	0.00866	0.00870	0.01203	0.01815	0.15483	0.01977	0.34482	0.35527	0.00630	0.00900	0.00825	0.00342	0.00417
70	0.01407	0.01274	0.01662	0.01388	0.01495	0.01675	0.01155	0.19421	0.01256	0.01830	0.00860	0.01221	0.00767	0.00881	0.01486	0.00220	0.60531	0.00480	0.00313	0.00677
71	0.01706	0.02092	0.20096	0.01296	0.01737	0.27429	0.01209	0.24707	0.01720	0.02157	0.01122	0.01240	0.00845	0.00588	0.00503	0.00154	0.00742	0.00424	0.09481	0.00752
72	0.00672	0.00484	0.00632	0.00741	0.00784	0.00450	0.00497	0.00774	0.01071	0.01425	0.06732	0.70905	0.07235	0.03874	0.00749	0.00226	0.00317	0.01481	0.00506	0.00444
73	0.00888	0.00738	0.00758	0.00702	0.00929	0.00711	0.00541	0.08424	0.12331	0.01783	0.04628	0.04393	0.58734	0.01216	0.00622	0.00182	0.00330	0.01008	0.00517	0.00565
74	0.00986	0.00867	0.01227	0.01371	0.12251	0.00982	0.00986	0.01188	0.01133	0.01531	0.02555	0.03877	0.17481	0.01177	0.00989	0.00221	0.22660	0.27550	0.00395	0.00572
75	0.01653	0.01042	0.01207	0.01031	0.01335	0.01092	0.00809	0.22651	0.19159	0.20802	0.02139	0.20906	0.01855	0.00936	0.00585	0.00184	0.00458	0.00792	0.00570	0.00794
76	0.00664	0.00474	0.00633	0.00759	0.00791	0.00443	0.00506	0.00759	0.01044	0.01392	0.03005	0.80485	0.03606	0.01708	0.00696	0.00221	0.00316	0.01550	0.00506	0.00443
77	0.00779	0.00584	0.00876	0.00876	0.00974	0.00681	0.00681	0.00974	0.00876	0.01266	0.01460	0.02142	0.01363	0.04089	0.78680	0.00876	0.01460	0.00584	0.00292	0.00487
78	0.01511	0.01690	0.22928	0.01587	0.14240	0.01306	0.01327	0.24836	0.08042	0.07302	0.01693	0.01734	0.08018	0.00664	0.00547	0.00170	0.00612	0.00541	0.00417	0.00834
79	0.01093	0.02820	0.78016	0.01554	0.02360	0.01266	0.02014	0.01727	0.01151	0.01727	0.00978	0.01151	0.00691	0.00518	0.00518	0.00173	0.00806	0.00403	0.00230	0.00806
80	0.00750	0.00639	0.00990	0.00933	0.01077	0.00583	0.11405	0.00909	0.01128	0.01463	0.03342	0.50630	0.21147	0.01446	0.00676	0.00207	0.00394	0.01320	0.00473	0.00490
81	0.00779	0.00584	0.00876	0.00876	0.00974	0.00681	0.00681	0.00974	0.00876	0.01266	0.01460	0.02142	0.01363	0.04089	0.78680	0.00876	0.01460	0.00584	0.00292	0.00487
82	0.00779	0.00582	0.00866	0.00866	0.00960	0.00676	0.00669	0.00967	0.00873	0.01258	0.01470	0.02193	0.01385	0.06846	0.75953	0.00864	0.01427	0.00592	0.00293	0.00481
83	0.01030	0.00969	0.01635	0.79530	0.03755	0.01211	0.01514	0.01393	0.01090	0.01393	0.00969	0.01453	0.00727	0.00545	0.00545	0.00182	0.00727	0.00484	0.00242	0.00606
84	0.01193	0.01193	0.01670	0.01431	0.01431	0.01670	0.01193	0.01312	0.00835	0.01312	0.00716	0.01193	0.00716	0.00954	0.01789	0.00239	0.79843	0.00477	0.00239	0.00596
85	0.00863	0.00567	0.00724	0.00706	0.00844	0.00513	0.00521	0.01062	0.01384	0.08007	0.43386	0.21862	0.14981	0.01256	0.00648	0.00185	0.00290	0.01106	0.00571	0.00523
86	0.00793	0.00529	0.00595	0.00595	0.00595	0.00529	0.00330	0.00793	0.00793	0.01057	0.01718	0.03568	0.01982	0.80840	0.02775	0.00529	0.00529	0.00793	0.00330	0.00330
87	0.01125	0.00635	0.00822	0.00776	0.00960	0.00596	0.00589	0.01281	0.01176	0.19998	0.03083	0.18722	0.23039	0.04481	0.19723	0.00368	0.00627	0.00934	0.00489	0.00573
88	0.00965	0.00867	0.01327	0.06744	0.32655	0.00849	0.01027	0.01184	0.01184	0.01575	0.02762	0.21738	0.22872	0.01038	0.00607	0.00184	0.00468	0.00931	0.00392	0.00632

[dist]
# distance from previous block
# <min> <max>
0	2

[block]
# block no. 1 follows, 44 sequences, length 24
# corresponding to MSA columns:
# 196-219
name=unknown_B
#
# <colnr> <probs for GDERKNQSTAVLIFYWHMCP>
#	G	D	E	R	K	N	Q	S	T	A	V	L	I	F	Y	W	H	M	C	P
0	0.23790	0.09097	0.04937	0.01424	0.07184	0.33790	0.09104	0.01872	0.01274	0.01719	0.00860	0.01034	0.00697	0.00520	0.00459	0.00153	0.00759	0.00375	0.00288	0.00663
1	0.01215	0.35646	0.21568	0.01216	0.01675	0.01563	0.06500	0.01524	0.01109	0.01462	0.01155	0.06343	0.01088	0.00817	0.03852	0.00192	0.06425	0.05693	0.00274	0.00683
2	0.01102	0.00635	0.00808	0.00720	0.00922	0.00565	0.00556	0.01326	0.01488	0.18117	0.47101	0.03833	0.18538	0.01074	0.00623	0.00173	0.00305	0.00925	0.00597	0.00592
3	0.01448	0.01265	0.01466	0.01547	0.15573	0.03117	0.01036	0.10548	0.52781	0.02292	0.01868	0.01805	0.01414	0.00679	0.00550	0.00177	0.00502	0.00573	0.00495	0.00865
4	0.00813	0.00492	0.00686	0.00729	0.00750	0.00491	0.00488	0.00764	0.00852	0.01146	0.01805	0.29045	0.02035	0.12115	0.09472	0.36204	0.00526	0.00895	0.00347	0.00345
5	0.01090	0.09787	0.56793	0.01434	0.02119	0.01265	0.06966	0.01611	0.01167	0.01657	0.01487	0.01617	0.09459	0.00608	0.00526	0.00170	0.00732	0.00495	0.00265	0.00751
6	0.01422	0.70535	0.02699	0.00999	0.01404	0.02092	0.00967	0.01590	0.01071	0.01287	0.00752	0.00917	0.00702	0.00531	0.00541	0.00133	0.11121	0.00316	0.00234	0.00686
7	0.01030	0.00969	0.01635	0.79530	0.03755	0.01211	0.01514	0.01393	0.01090	0.01393	0.00969	0.01453	0.00727	0.00545	0.00545	0.00182	0.00727	0.00484	0.00242	0.00606
8	0.00993	0.00873	0.01385	0.20570	0.25010	0.00912	0.01107	0.01273	0.01270	0.01748	0.23820	0.11831	0.05258	0.00865	0.00594	0.00177	0.00498	0.00785	0.00398	0.00633
9	0.01679	0.30553	0.04752	0.01117	0.01485	0.25240	0.00962	0.10249	0.01429	0.07022	0.01168	0.07854	0.01050	0.02572	0.00524	0.00154	0.00683	0.00474	0.00340	0.00694
10	0.02110	0.01359	0.01519	0.01176	0.01600	0.01455	0.00968	0.53062	0.07619	0.21040	0.01574	0.01491	0.01080	0.00665	0.00547	0.00166	0.00556	0.00513	0.00577	0.00923
11	0.00947	0.00473	0.00710	0.00710	0.00710	0.00473	0.00473	0.00710	0.00710	0.00947	0.00947	0.01657	0.00947	0.01894	0.02131	0.84138	0.00473	0.00473	0.00237	0.00237
12	0.04978	0.25619	0.23180	0.01638	0.15830	0.16945	0.01379	0.01773	0.01224	0.01558	0.00886	0.01061	0.00723	0.00505	0.00459	0.00147	0.00729	0.00370	0.00253	0.00741
13	0.01879	0.02300	0.01698	0.01849	0.19013	0.60958	0.01195	0.02062	0.01476	0.01436	0.00885	0.01067	0.00739	0.00544	0.00503	0.00145	0.00906	0.00382	0.00278	0.00685
14	0.00779	0.00584	0.00876	0.00876	0.00974	0.00681	0.00681	0.00974	0.00876	0.01266	0.01460	0.02142	0.01363	0.04089	0.78680	0.00876	0.01460	0.00584	0.00292	0.00487
15	0.01481	0.01006	0.01367	0.01606	0.24512	0.03793	0.00972	0.06260	0.01460	0.20305	0.15558	0.02431	0.10518	0.00769	0.00562	0.00165	0.00477	0.00664	0.05350	0.00745
16	0.01160	0.00766	0.01116	0.12680	0.15920	0.00779	0.00872	0.01400	0.01178	0.10409	0.01855	0.20767	0.01726	0.00857	0.00531	0.00169	0.00437	0.00757	0.25997	0.00623
17	0.00664	0.00474	0.00633	0.00759	0.00791	0.00443	0.00506	0.00759	0.01044	0.01392	0.03005	0.80485	0.03606	0.01708	0.00696	0.00221	0.00316	0.01550	0.00506	0.00443
18	0.00700	0.00504	0.00630	0.00696	0.00752	0.00470	0.00465	0.00804	0.01085	0.01444	0.12898	0.47850	0.11521	0.16291	0.01069	0.00268	0.00343	0.01291	0.00486	0.00433
19	0.12605	0.02183	0.11580	0.01282	0.01656	0.45133	0.01091	0.04833	0.06819	0.06404	0.01047	0.01134	0.00803	0.00572	0.00485	0.00154	0.00801	0.00387	0.00335	0.00695
20	0.00821	0.00599	0.00766	0.00747	0.00776	0.00667	0.00505	0.00889	0.00821	0.01140	0.01560	0.02949	0.01694	0.51395	0.25425	0.00609	0.07223	0.00705	0.00311	0.00399
21	0.00692	0.00513	0.00598	0.00652	0.00722	0.00471	0.00431	0.00775	0.01038	0.01328	0.03435	0.36967	0.25741	0.22649	0.01233	0.00292	0.00360	0.01226	0.00459	0.00418
22	0.01448	0.00883	0.01034	0.00894	0.01166	0.00874	0.00699	0.16831	0.08072	0.20444	0.08301	0.17228	0.17731	0.01047	0.00602	0.00182	0.00408	0.00885	0.00566	0.00705
23	0.01344	0.24710	0.18338	0.01097	0.01527	0.01470	0.01078	0.15003	0.10844	0.01875	0.01360	0.07143	0.01214	0.09832	0.00750	0.00200	0.00590	0.00540	0.00360	0.00724

[dist]
# distance from previous block
# <min> <max>
7	35

[block]
# block no. 2 follows, 44 sequences, length 39
# corresponding to MSA columns:
# 255-284,292-300
name=unknown_C
#
# <colnr> <probs for GDERKNQSTAVLIFYWHMCP>
#	G	D	E	R	K	N	Q	S	T	A	V	L	I	F	Y	W	H	M	C	P
0	0.04321	0.27041	0.06458	0.01425	0.09072	0.35037	0.01117	0.06729	0.01402	0.01557	0.00870	0.01013	0.00728	0.00526	0.00452	0.00139	0.00771	0.00356	0.00281	0.00704
1	0.09315	0.01146	0.09470	0.06119	0.04323	0.01035	0.00940	0.14447	0.08342	0.04853	0.28110	0.02520	0.02513	0.00818	0.00566	0.00175	0.00470	0.03667	0.00484	0.00689
2	0.00658	0.00499	0.00607	0.00694	0.00774	0.00448	0.00477	0.00766	0.01107	0.01417	0.03802	0.56668	0.26907	0.01604	0.00680	0.00210	0.00304	0.01423	0.00506	0.00448
3	0.00990	0.00725	0.00987	0.08575	0.01278	0.00740	0.03753	0.03841	0.08111	0.04483	0.38738	0.09036	0.03371	0.00974	0.00598	0.00175	0.00376	0.03086	0.09579	0.00584
4	0.00736	0.00545	0.00703	0.00803	0.00899	0.00512	0.00618	0.00895	0.01159	0.01493	0.03483	0.38722	0.18652	0.01569	0.00705	0.00224	0.00373	0.26937	0.00505	0.00467
5	0.01130	0.00969	0.01130	0.00807	0.01292	0.00727	0.00646	0.01373	0.01130	0.01776	0.00969	0.01130	0.00807	0.00404	0.00404	0.00081	0.00404	0.00323	0.00323	0.84173
6	0.01691	0.01479	0.01283	0.01094	0.01398	0.25864	0.00848	0.12264	0.01548	0.14534	0.07014	0.11441	0.01549	0.00769	0.00574	0.00156	0.03125	0.00601	0.00440	0.12327
7	0.01252	0.01411	0.15804	0.01349	0.01772	0.01126	0.18154	0.18656	0.01649	0.02290	0.27947	0.02291	0.02348	0.00747	0.00597	0.00173	0.00591	0.00684	0.00444	0.00715
8	0.00940	0.00490	0.00729	0.00742	0.00756	0.00490	0.00517	0.00756	0.00769	0.01021	0.01158	0.02145	0.01185	0.01852	0.01981	0.75030	0.00477	0.08432	0.00266	0.00266
9	0.00820	0.00586	0.00678	0.00671	0.00832	0.00524	0.00496	0.01032	0.04142	0.06618	0.19663	0.19897	0.39400	0.01321	0.00645	0.00188	0.00298	0.01137	0.00539	0.00514
10	0.00967	0.00701	0.00944	0.00903	0.00948	0.03696	0.00676	0.00948	0.00819	0.01128	0.01088	0.01731	0.01048	0.02469	0.28758	0.39254	0.12763	0.00508	0.00258	0.00393
11	0.16824	0.60995	0.07617	0.00935	0.01401	0.01923	0.00943	0.01633	0.01077	0.01528	0.00773	0.00895	0.00679	0.00477	0.00359	0.00130	0.00568	0.00300	0.00252	0.00687
12	0.00752	0.00561	0.00644	0.00670	0.00775	0.00523	0.00490	0.00869	0.01094	0.01379	0.05382	0.04824	0.32553	0.29424	0.01420	0.00320	0.00414	0.17037	0.00446	0.00425
13	0.00681	0.00500	0.00643	0.00746	0.00810	0.00462	0.00522	0.00800	0.01105	0.01448	0.05866	0.61691	0.13919	0.01627	0.00691	0.00217	0.00323	0.06988	0.00509	0.00452
14	0.01674	0.53082	0.02426	0.01046	0.01502	0.01993	0.00969	0.27726	0.01621	0.02042	0.00952	0.01028	0.00780	0.00533	0.00419	0.00133	0.00589	0.00362	0.00343	0.00780
15	0.01093	0.02820	0.78016	0.01554	0.02360	0.01266	0.02014	0.01727	0.01151	0.01727	0.00978	0.01151	0.00691	0.00518	0.00518	0.00173	0.00806	0.00403	0.00230	0.00806
16	0.00788	0.00548	0.00694	0.00694	0.00728	0.00582	0.00454	0.00857	0.00822	0.01131	0.01627	0.03065	0.01764	0.53773	0.29544	0.00651	0.00857	0.00719	0.00317	0.00386
17	0.00730	0.00543	0.00679	0.00672	0.00796	0.00493	0.00494	0.00938	0.01405	0.01922	0.51478	0.16541	0.18778	0.01261	0.00652	0.00182	0.00270	0.01108	0.00567	0.00493
18	0.00779	0.00584	0.00876	0.00876	0.00974	0.00681	0.00681	0.00974	0.00876	0.01266	0.01460	0.02142	0.01363	0.04089	0.78680	0.00876	0.01460	0.00584	0.00292	0.00487
19	0.01287	0.01471	0.03217	0.02298	0.02849	0.01379	0.75460	0.01746	0.01287	0.01746	0.01103	0.01471	0.00827	0.00460	0.00643	0.00184	0.00919	0.00643	0.00276	0.00735
20	0.00749	0.00527	0.00684	0.00723	0.00760	0.00544	0.00482	0.00832	0.00893	0.01218	0.02044	0.26918	0.02312	0.35196	0.23115	0.00530	0.00721	0.00969	0.00374	0.00408
21	0.01287	0.01471	0.03217	0.02298	0.02849	0.01379	0.75460	0.01746	0.01287	0.01746	0.01103	0.01471	0.00827	0.00460	0.00643	0.00184	0.00919	0.00643	0.00276	0.00735
22	0.01542	0.24501	0.29844	0.01273	0.01852	0.01668	0.01364	0.27760	0.01637	0.02204	0.01033	0.01129	0.00777	0.00552	0.00480	0.00154	0.00670	0.00402	0.00342	0.00819
23	0.01412	0.00934	0.01100	0.01012	0.01272	0.00990	0.00836	0.14339	0.19412	0.11974	0.02243	0.03340	0.01989	0.00976	0.00603	0.00196	0.00469	0.26373	0.09816	0.00715
24	0.01154	0.00686	0.00653	0.00613	0.00774	0.03833	0.00468	0.08032	0.01288	0.02131	0.01697	0.01924	0.01326	0.00634	0.00401	0.00131	0.00315	0.00500	0.72889	0.00551
25	0.01093	0.01056	0.01649	0.49165	0.02851	0.01390	0.01389	0.01361	0.00991	0.01361	0.00870	0.01352	0.00722	0.00704	0.01029	0.00204	0.31488	0.00482	0.00241	0.00602
26	0.00855	0.00522	0.00741	0.00741	0.00779	0.00552	0.00517	0.00815	0.00797	0.01089	0.01397	0.02261	0.03712	0.16088	0.27820	0.39297	0.00807	0.00587	0.00280	0.00344
27	0.01116	0.01031	0.01671	0.37001	0.28502	0.01150	0.01386	0.01521	0.06889	0.01594	0.01352	0.11864	0.01224	0.00693	0.00564	0.00180	0.00623	0.00635	0.00310	0.00692
28	0.01189	0.01009	0.01423	0.01174	0.01443	0.02984	0.14820	0.11925	0.09621	0.04565	0.15148	0.16716	0.10364	0.00986	0.00670	0.00186	0.03766	0.00879	0.00478	0.00654
29	0.01112	0.03877	0.12344	0.50845	0.12814	0.01272	0.07092	0.01508	0.01133	0.01511	0.00981	0.01381	0.00746	0.00525	0.00542	0.00176	0.00737	0.00479	0.00246	0.00679
30	0.00810	0.00597	0.00802	0.08621	0.03558	0.00579	0.00627	0.00968	0.01163	0.04458	0.12982	0.37284	0.17479	0.06545	0.00789	0.00220	0.00372	0.01169	0.00480	0.00497
31	0.03477	0.00762	0.00900	0.00829	0.01033	0.00761	0.00626	0.09765	0.07085	0.17651	0.02241	0.29599	0.02131	0.03437	0.00629	0.00191	0.00384	0.00893	0.16962	0.00642
32	0.01394	0.01367	0.01866	0.20576	0.33046	0.09791	0.01434	0.08663	0.01303	0.01728	0.00972	0.01306	0.00797	0.00595	0.00727	0.00176	0.12760	0.00470	0.00286	0.00743
33	0.01608	0.15848	0.07398	0.08802	0.01707	0.05359	0.01019	0.18603	0.08426	0.13348	0.09577	0.01704	0.01444	0.02133	0.00558	0.00167	0.00571	0.00519	0.00443	0.00768
34	0.01059	0.04654	0.06092	0.00952	0.03476	0.00867	0.00760	0.09115	0.06217	0.01826	0.04713	0.23189	0.12515	0.00976	0.00558	0.00162	0.00422	0.00836	0.00434	0.21178
35	0.09506	0.08316	0.27257	0.01196	0.01742	0.07179	0.01237	0.13240	0.01426	0.12015	0.01133	0.01205	0.00820	0.00544	0.00479	0.00152	0.00638	0.00402	0.00363	0.11148
36	0.01379	0.16832	0.29628	0.01564	0.11530	0.05720	0.03598	0.06279	0.01306	0.06689	0.01243	0.01723	0.01042	0.00631	0.00521	0.00167	0.00689	0.08378	0.00318	0.00764
37	0.01812	0.10797	0.01590	0.01220	0.02828	0.33185	0.00957	0.19602	0.01665	0.07657	0.01401	0.01489	0.05861	0.00903	0.06472	0.00205	0.00791	0.00465	0.00384	0.00715
38	0.03893	0.01618	0.26203	0.01525	0.12954	0.01102	0.04346	0.09452	0.02735	0.05722	0.06371	0.05957	0.03778	0.02611	0.00595	0.00175	0.00602	0.01697	0.00366	0.08299

[dist]
# distance from previous block
# <min> <max>
3	14

[block]
# block no. 3 follows, 44 sequences, length 33
# corresponding to MSA columns:
# 318-350
name=unknown_D
#
# <colnr> <probs for GDERKNQSTAVLIFYWHMCP>
#	G	D	E	R	K	N	Q	S	T	A	V	L	I	F	Y	W	H	M	C	P
0	0.01304	0.09464	0.16134	0.01544	0.16534	0.05212	0.04089	0.01703	0.06205	0.09864	0.10833	0.02172	0.11209	0.00719	0.00546	0.00165	0.00572	0.00610	0.00391	0.00732
1	0.11231	0.01337	0.10052	0.03102	0.31081	0.02484	0.05992	0.08076	0.01350	0.02003	0.09813	0.01912	0.07949	0.00655	0.00540	0.00168	0.00582	0.00575	0.00355	0.00741
2	0.01442	0.34775	0.01885	0.01013	0.01338	0.17902	0.00870	0.01709	0.06696	0.04334	0.07501	0.01812	0.10289	0.00705	0.00550	0.00149	0.05525	0.00506	0.00345	0.00656
3	0.01331	0.01270	0.04488	0.01365	0.04128	0.07206	0.15631	0.09737	0.09907	0.03648	0.01515	0.08776	0.01337	0.03139	0.00705	0.00181	0.05892	0.03491	0.06341	0.09911
4	0.04825	0.33297	0.17993	0.01128	0.01616	0.11241	0.01134	0.09129	0.01352	0.07664	0.01230	0.01297	0.04804	0.00574	0.00453	0.00146	0.00649	0.00408	0.00323	0.00737
5	0.00734	0.00559	0.00676	0.00657	0.00804	0.00502	0.00499	0.00950	0.01425	0.01913	0.48709	0.04584	0.29716	0.01226	0.00649	0.00180	0.00277	0.04882	0.00563	0.00495
6	0.00905	0.00489	0.00679	0.00679	0.00679	0.00489	0.00434	0.00733	0.00733	0.00977	0.01158	0.02181	0.01231	0.23545	0.02307	0.61208	0.00489	0.00561	0.00262	0.00262
7	0.01187	0.01578	0.22707	0.17233	0.17850	0.01168	0.08349	0.04350	0.01220	0.01766	0.01067	0.01348	0.00820	0.00511	0.00517	0.00159	0.00672	0.00460	0.06312	0.10726
8	0.01520	0.00882	0.01038	0.00864	0.01137	0.00887	0.00688	0.19292	0.04389	0.19110	0.24968	0.02449	0.02438	0.00800	0.00544	0.00161	0.00390	0.00664	0.17065	0.00715
9	0.01566	0.17024	0.01642	0.01019	0.01411	0.02718	0.00856	0.27997	0.01622	0.04489	0.01137	0.01345	0.00929	0.05707	0.00674	0.00159	0.04716	0.00427	0.02515	0.22046
10	0.00889	0.00796	0.01081	0.14405	0.01544	0.00804	0.06649	0.01311	0.12178	0.01683	0.11675	0.03610	0.37459	0.01020	0.00609	0.00180	0.00428	0.00882	0.00456	0.02338
11	0.01193	0.00695	0.00876	0.00773	0.00991	0.00648	0.00600	0.01538	0.08054	0.19458	0.45503	0.03516	0.11928	0.01010	0.00614	0.00173	0.00322	0.00871	0.00603	0.00634
12	0.00699	0.00489	0.00622	0.00715	0.00738	0.00466	0.00459	0.00768	0.00976	0.01301	0.02658	0.59747	0.03168	0.23043	0.01256	0.00304	0.00374	0.01346	0.00459	0.00412
13	0.01132	0.02553	0.63226	0.01701	0.02456	0.01288	0.16536	0.01730	0.01178	0.01730	0.01003	0.01214	0.00718	0.00506	0.00543	0.00175	0.00828	0.00450	0.00239	0.00792
14	0.00803	0.00573	0.00725	0.00756	0.00860	0.00546	0.00554	0.03585	0.01257	0.02826	0.22083	0.32448	0.11767	0.07465	0.02801	0.00245	0.00375	0.09329	0.00515	0.00487
15	0.00690	0.00485	0.00625	0.00727	0.00752	0.00460	0.00471	0.00766	0.00994	0.01326	0.02750	0.65277	0.03285	0.17354	0.01107	0.00282	0.00358	0.01400	0.00471	0.00421
16	0.01226	0.01291	0.02217	0.01738	0.01933	0.01567	0.27482	0.01466	0.00995	0.01466	0.00853	0.01291	0.00755	0.00779	0.01384	0.00219	0.51905	0.00536	0.00252	0.00646
17	0.01717	0.01451	0.04671	0.13008	0.16359	0.07825	0.01228	0.28065	0.08308	0.09962	0.01318	0.01423	0.00965	0.00603	0.00540	0.00167	0.00639	0.00491	0.00428	0.00833
18	0.00686	0.00500	0.00627	0.00714	0.00772	0.00463	0.00484	0.00787	0.01070	0.01401	0.05645	0.55464	0.14905	0.10369	0.00918	0.00249	0.00337	0.03682	0.00490	0.00437
19	0.01247	0.00648	0.00852	0.00782	0.00979	0.00578	0.00592	0.01435	0.01385	0.25189	0.27475	0.24449	0.09846	0.01165	0.00628	0.00185	0.00339	0.01020	0.00589	0.00617
20	0.01189	0.17123	0.07759	0.01250	0.01576	0.12273	0.15411	0.01437	0.01230	0.01527	0.07541	0.23286	0.01951	0.00908	0.00572	0.00175	0.00622	0.03196	0.00361	0.00614
21	0.01423	0.01727	0.08513	0.09843	0.22768	0.25014	0.10192	0.01713	0.01295	0.01553	0.01187	0.09982	0.01083	0.00650	0.00553	0.00167	0.00769	0.00573	0.00294	0.00699
22	0.17901	0.01222	0.01292	0.01000	0.01425	0.01253	0.00818	0.32600	0.04258	0.08671	0.01206	0.01246	0.00887	0.00561	0.00467	0.00143	0.00495	0.00416	0.00455	0.23686
23	0.09040	0.06760	0.35662	0.01343	0.08298	0.01110	0.01340	0.01609	0.01247	0.07829	0.16136	0.01890	0.04156	0.00669	0.00523	0.00168	0.00590	0.00544	0.00361	0.00725
24	0.00748	0.00546	0.00640	0.00634	0.00715	0.00528	0.00426	0.00848	0.01036	0.01363	0.13822	0.03909	0.22729	0.37517	0.11851	0.00428	0.00543	0.00891	0.00413	0.00413
25	0.01368	0.01231	0.01984	0.17532	0.27033	0.01300	0.13736	0.12596	0.07764	0.02985	0.02293	0.01562	0.02014	0.00568	0.00557	0.00171	0.00657	0.00541	0.03332	0.00778
26	0.04412	0.09560	0.08900	0.01311	0.05607	0.11030	0.03425	0.12300	0.20344	0.12400	0.01526	0.01639	0.01160	0.00647	0.00523	0.00167	0.00608	0.03201	0.00439	0.00803
27	0.01047	0.00663	0.00896	0.00874	0.01025	0.00633	0.03035	0.04006	0.01221	0.12962	0.02970	0.40864	0.13185	0.01389	0.00734	0.02327	0.02778	0.08331	0.00510	0.00551
28	0.01092	0.00813	0.00941	0.00864	0.01093	0.00796	0.00668	0.13281	0.07273	0.01963	0.02289	0.26501	0.06108	0.01071	0.00577	0.00175	0.00399	0.08924	0.09636	0.15536
29	0.01374	0.03487	0.12212	0.09363	0.02112	0.01385	0.18249	0.20060	0.01484	0.03035	0.01355	0.06624	0.03724	0.00714	0.00753	0.00186	0.12194	0.00600	0.00356	0.00732
30	0.13137	0.07171	0.20487	0.01401	0.01931	0.04403	0.17535	0.07525	0.04211	0.09919	0.01150	0.01277	0.00840	0.00529	0.00507	0.00163	0.00676	0.00456	0.00347	0.06335
31	0.01453	0.14749	0.22905	0.01366	0.01908	0.01436	0.12002	0.18455	0.04320	0.05109	0.01206	0.04295	0.00949	0.00584	0.00516	0.00158	0.00662	0.00491	0.00356	0.07079
32	0.04508	0.01403	0.08816	0.18570	0.32210	0.01318	0.16385	0.06950	0.01294	0.01833	0.01035	0.01357	0.00807	0.00509	0.00552	0.00172	0.00720	0.00503	0.00284	0.00773

[dist]
# distance from previous block
# <min> <max>
0	24

[block]
# block no. 4 follows, 44 sequences, length 44
# corresponding to MSA columns:
# 375-418
name=unknown_E
#
# <colnr> <probs for GDERKNQSTAVLIFYWHMCP>
#	G	D	E	R	K	N	Q	S	T	A	V	L	I	F	Y	W	H	M	C	P
0	0.08372	0.05836	0.03298	0.12687	0.08046	0.15736	0.01074	0.07479	0.04967	0.08675	0.01298	0.09359	0.01130	0.00726	0.00652	0.00175	0.08884	0.00552	0.00364	0.00690
1	0.01265	0.09926	0.01325	0.00978	0.01258	0.10976	0.05269	0.04225	0.09080	0.07855	0.16317	0.08824	0.15497	0.00908	0.00566	0.00166	0.00488	0.00764	0.00463	0.03850
2	0.09005	0.06136	0.01736	0.01814	0.23078	0.24668	0.01165	0.13399	0.03856	0.05970	0.01063	0.01209	0.00838	0.00569	0.00539	0.00157	0.03257	0.00426	0.00349	0.00766
3	0.04375	0.01322	0.01214	0.01086	0.01323	0.24705	0.05315	0.01709	0.04942	0.12847	0.13671	0.21068	0.02255	0.00945	0.00580	0.00175	0.00580	0.00801	0.00459	0.00627
4	0.01217	0.22962	0.31827	0.01142	0.01639	0.01327	0.01252	0.05651	0.01198	0.04528	0.01421	0.05551	0.03818	0.09491	0.00749	0.00203	0.00634	0.04385	0.00314	0.00691
5	0.01337	0.12862	0.36436	0.01306	0.01854	0.01433	0.01421	0.10807	0.13755	0.04269	0.01287	0.04139	0.01007	0.00636	0.00583	0.00171	0.05074	0.00483	0.00346	0.00794
6	0.01276	0.00921	0.00969	0.00876	0.01105	0.04545	0.00665	0.12656	0.13849	0.10325	0.02815	0.17392	0.18217	0.06333	0.00733	0.00204	0.00428	0.00874	0.05171	0.00647
7	0.10637	0.05918	0.19044	0.01149	0.01620	0.10522	0.01098	0.06244	0.18824	0.04426	0.01271	0.01321	0.00962	0.00565	0.00478	0.00153	0.00597	0.00425	0.00372	0.14373
8	0.01104	0.00850	0.00954	0.03329	0.01149	0.02295	0.00682	0.22450	0.01536	0.01999	0.02944	0.37694	0.18293	0.01276	0.00633	0.00194	0.00415	0.01103	0.00505	0.00595
9	0.22438	0.01128	0.01470	0.29959	0.18695	0.04814	0.01192	0.03860	0.01167	0.04306	0.01016	0.01306	0.00785	0.00536	0.00480	0.00168	0.00605	0.00434	0.04967	0.00674
10	0.00776	0.00566	0.00803	0.00809	0.00882	0.00636	0.00597	0.00923	0.00867	0.01227	0.01597	0.06590	0.01615	0.20501	0.58202	0.00767	0.01199	0.00680	0.00312	0.00451
11	0.01287	0.01471	0.03217	0.02298	0.02849	0.01379	0.75460	0.01746	0.01287	0.01746	0.01103	0.01471	0.00827	0.00460	0.00643	0.00184	0.00919	0.00643	0.00276	0.00735
12	0.00703	0.00495	0.00616	0.00697	0.00727	0.00470	0.00447	0.00771	0.00978	0.01293	0.02749	0.52610	0.07217	0.26044	0.01333	0.00314	0.00379	0.01295	0.00452	0.00409
13	0.61763	0.01095	0.00978	0.00824	0.01186	0.01219	0.00679	0.11180	0.01231	0.13951	0.01039	0.01086	0.00748	0.00550	0.00396	0.00168	0.00451	0.00358	0.00415	0.00684
14	0.00779	0.00584	0.00876	0.00876	0.00974	0.00681	0.00681	0.00974	0.00876	0.01266	0.01460	0.02142	0.01363	0.04089	0.78680	0.00876	0.01460	0.00584	0.00292	0.00487
15	0.00793	0.00529	0.00595	0.00595	0.00595	0.00529	0.00330	0.00793	0.00793	0.01057	0.01718	0.03568	0.01982	0.80840	0.02775	0.00529	0.00529	0.00793	0.00330	0.00330
16	0.02347	0.01086	0.01363	0.01045	0.01471	0.01036	0.00863	0.21950	0.01826	0.58150	0.01928	0.01711	0.01238	0.00669	0.00547	0.00167	0.00500	0.00533	0.00641	0.00928
17	0.01153	0.00777	0.00874	0.00824	0.01016	0.00803	0.00652	0.19356	0.01504	0.02140	0.02448	0.16518	0.09698	0.01051	0.00567	0.00179	0.00394	0.13281	0.26171	0.00594
18	0.00769	0.00526	0.00562	0.00580	0.00718	0.00475	0.00425	0.00943	0.01196	0.01672	0.07960	0.16460	0.37855	0.01190	0.00572	0.00172	0.00275	0.01009	0.26167	0.00475
19	0.09558	0.00769	0.00826	0.00777	0.00975	0.00785	0.00598	0.15156	0.01426	0.02052	0.08445	0.21412	0.19767	0.01130	0.00581	0.00183	0.00369	0.04391	0.10230	0.00570
20	0.00772	0.00648	0.01082	0.01026	0.01148	0.00605	0.13530	0.00931	0.01086	0.01453	0.02674	0.66756	0.03123	0.01491	0.00687	0.00215	0.00421	0.01392	0.00466	0.00494
21	0.00683	0.00489	0.00649	0.00747	0.00795	0.00455	0.00508	0.00805	0.01129	0.01528	0.15730	0.67370	0.03870	0.01606	0.00687	0.00213	0.00306	0.01453	0.00522	0.00455
22	0.01299	0.01358	0.01758	0.46205	0.21192	0.15990	0.01465	0.01610	0.01213	0.01476	0.00959	0.01339	0.00755	0.00534	0.00534	0.00169	0.00756	0.00459	0.00256	0.00673
23	0.00761	0.00514	0.00672	0.00743	0.00818	0.00472	0.00515	0.00891	0.01164	0.04950	0.15690	0.59421	0.08259	0.01541	0.00677	0.00208	0.00310	0.01385	0.00530	0.00478
24	0.01072	0.01016	0.01439	0.01270	0.01298	0.01382	0.01044	0.01213	0.00847	0.01298	0.00932	0.01469	0.00904	0.01867	0.24179	0.00424	0.57018	0.00508	0.00254	0.00564
25	0.00942	0.00595	0.00783	0.00715	0.00873	0.00544	0.00544	0.01195	0.01545	0.09901	0.69501	0.03846	0.04757	0.01070	0.00633	0.00171	0.00278	0.00941	0.00608	0.00557
26	0.00772	0.00648	0.01082	0.01026	0.01148	0.00605	0.13530	0.00931	0.01086	0.01453	0.02674	0.66756	0.03123	0.01491	0.00687	0.00215	0.00421	0.01392	0.00466	0.00494
27	0.00738	0.00541	0.00705	0.00785	0.00879	0.00507	0.00596	0.00909	0.01214	0.01605	0.16193	0.37053	0.13594	0.01507	0.00695	0.00216	0.00351	0.20917	0.00521	0.00474
28	0.84691	0.01054	0.00801	0.00717	0.01054	0.01223	0.00590	0.01603	0.00928	0.02446	0.00759	0.00886	0.00590	0.00506	0.00337	0.00169	0.00422	0.00295	0.00337	0.00590
29	0.01382	0.59023	0.02346	0.00935	0.01323	0.01812	0.00869	0.09028	0.01245	0.01521	0.01205	0.14751	0.01228	0.00701	0.00430	0.00140	0.00538	0.00530	0.00312	0.00678
30	0.00781	0.00574	0.00827	0.00827	0.00908	0.00655	0.00620	0.00942	0.00862	0.01229	0.01505	0.02390	0.01470	0.17425	0.65491	0.00816	0.01298	0.00620	0.00299	0.00460
31	0.00815	0.00632	0.00910	0.00894	0.00967	0.00749	0.00684	0.00975	0.00872	0.01254	0.01501	0.06580	0.01492	0.12088	0.58380	0.00738	0.09037	0.00650	0.00303	0.00478
32	0.01444	0.01082	0.01188	0.01039	0.01346	0.01184	0.00827	0.14465	0.41486	0.09239	0.05569	0.02592	0.09467	0.00853	0.00579	0.00184	0.00444	0.05656	0.00557	0.00799
33	0.21788	0.01105	0.01247	0.00980	0.01385	0.01119	0.00809	0.20315	0.01657	0.41752	0.01615	0.01492	0.01066	0.00630	0.00498	0.00167	0.00487	0.00474	0.00563	0.00848
34	0.00709	0.00524	0.00663	0.00692	0.00793	0.00478	0.00495	0.00884	0.01301	0.01763	0.36794	0.33819	0.16301	0.01387	0.00664	0.00193	0.00283	0.01231	0.00548	0.00478
35	0.01412	0.01434	0.14259	0.10887	0.37820	0.01203	0.01498	0.05669	0.03077	0.11009	0.01356	0.01650	0.02759	0.00589	0.00548	0.00171	0.00639	0.02863	0.00344	0.00816
36	0.01212	0.00772	0.00913	0.00822	0.01063	0.00741	0.00657	0.09560	0.06157	0.15153	0.17009	0.05173	0.27089	0.01111	0.00626	0.00186	0.00380	0.10185	0.00559	0.00633
37	0.01278	0.00747	0.00892	0.00766	0.01020	0.00687	0.00603	0.08957	0.01542	0.21010	0.24572	0.03662	0.29970	0.01054	0.00610	0.00175	0.00351	0.00886	0.00579	0.00640
38	0.01812	0.06714	0.14324	0.01318	0.01790	0.12409	0.03203	0.40213	0.06616	0.04495	0.01227	0.01274	0.00896	0.00608	0.00525	0.00161	0.00682	0.00458	0.00434	0.00843
39	0.10030	0.15744	0.05590	0.01106	0.01417	0.25003	0.00928	0.08492	0.05407	0.01682	0.01076	0.01388	0.00936	0.07924	0.06622	0.00239	0.03852	0.00429	0.01486	0.00648
40	0.00672	0.00552	0.00588	0.00598	0.00762	0.00474	0.00449	0.00819	0.01245	0.01522	0.10820	0.08726	0.62067	0.03545	0.00710	0.00198	0.00295	0.04985	0.00509	0.00462
41	0.01216	0.25014	0.47081	0.01421	0.02068	0.01551	0.06769	0.01678	0.01130	0.01578	0.00909	0.01097	0.00704	0.00524	0.00550	0.00161	0.05164	0.00392	0.00235	0.00759
42	0.00867	0.00666	0.00854	0.00877	0.00963	0.00708	0.00647	0.07839	0.01193	0.01609	0.04993	0.50904	0.07265	0.01601	0.04583	0.00247	0.08516	0.04681	0.00475	0.00512
43	0.01935	0.01659	0.01818	0.01420	0.01835	0.17209	0.13143	0.37621	0.06039	0.09879	0.01311	0.01361	0.00946	0.00610	0.00551	0.00164	0.00708	0.00500	0.00461	0.00832

[dist]
# distance from previous block
# <min> <max>
0	1

[block]
# block no. 5 follows, 44 sequences, length 50
# corresponding to MSA columns:
# 420-428,435-441,443-476
name=unknown_F
#
# <colnr> <probs for GDERKNQSTAVLIFYWHMCP>
#	G	D	E	R	K	N	Q	S	T	A	V	L	I	F	Y	W	H	M	C	P
0	0.01286	0.01084	0.01329	0.01101	0.01311	0.01235	0.00879	0.17181	0.03650	0.01875	0.01237	0.07683	0.01179	0.09870	0.01210	0.00218	0.27947	0.00570	0.00364	0.18791
1	0.01238	0.01182	0.02012	0.29896	0.51761	0.01266	0.01618	0.01575	0.01189	0.01646	0.01006	0.01386	0.00816	0.00506	0.00542	0.00169	0.00675	0.00485	0.00260	0.00774
2	0.09336	0.01055	0.01346	0.01052	0.01434	0.01029	0.06641	0.11699	0.09790	0.31373	0.01667	0.01759	0.01215	0.07889	0.00723	0.00194	0.00509	0.00530	0.00512	0.10249
3	0.00707	0.00504	0.00645	0.00729	0.00773	0.00470	0.00478	0.00790	0.00999	0.01343	0.02678	0.62633	0.03185	0.16839	0.01083	0.00275	0.00360	0.01357	0.00465	0.03686
4	0.00757	0.00563	0.00830	0.00854	0.00939	0.00636	0.00648	0.00933	0.00908	0.01290	0.01756	0.17125	0.01792	0.03633	0.63766	0.00751	0.01241	0.00769	0.00333	0.00478
5	0.00947	0.00473	0.00710	0.00710	0.00710	0.00473	0.00473	0.00710	0.00710	0.00947	0.00947	0.01657	0.00947	0.01894	0.02131	0.84138	0.00473	0.00473	0.00237	0.00237
6	0.01307	0.01252	0.02136	0.13448	0.67669	0.01284	0.01652	0.01636	0.01221	0.01730	0.01018	0.01363	0.00845	0.00494	0.00540	0.00165	0.00658	0.00486	0.00266	0.00829
