[name]
unknown

[dist]
# distance from previous block
# <min> <max>
0	749

[block]
# block no. 0 follows, 41 sequences, length 8
# corresponding to MSA columns:
# 764-771
name=unknown_A
#
# <colnr> <probs for GDERKNQSTAVLIFYWHMCP>
#	G	D	E	R	K	N	Q	S	T	A	V	L	I	F	Y	W	H	M	C	P
0	0.06265	0.07116	0.15530	0.01186	0.01599	0.09660	0.05158	0.01802	0.05439	0.10260	0.16197	0.02413	0.02038	0.00789	0.00573	0.00176	0.00604	0.07514	0.00437	0.05244
1	0.01314	0.00977	0.01386	0.06685	0.20232	0.00945	0.01004	0.04638	0.03440	0.10412	0.10866	0.02642	0.05264	0.09654	0.00846	0.00213	0.00525	0.05985	0.00437	0.12532
2	0.10245	0.01347	0.06262	0.08631	0.05266	0.12915	0.00977	0.07982	0.01444	0.11365	0.05493	0.12077	0.09916	0.00873	0.00572	0.00180	0.00585	0.00713	0.00443	0.02715
3	0.01780	0.23652	0.10498	0.01483	0.09447	0.14398	0.01218	0.17805	0.05779	0.07017	0.01174	0.01256	0.00905	0.00588	0.00503	0.00156	0.00702	0.00433	0.00378	0.00830
4	0.01380	0.08708	0.01796	0.07122	0.31792	0.01155	0.01233	0.01670	0.01336	0.09666	0.09343	0.02274	0.01672	0.00713	0.00569	0.00170	0.00570	0.08613	0.00392	0.09827
5	0.01688	0.01603	0.02070	0.02821	0.52813	0.17219	0.01523	0.01975	0.01404	0.09722	0.01161	0.01392	0.00925	0.00547	0.00557	0.00166	0.00733	0.00487	0.00331	0.00862
6	0.01621	0.01573	0.13492	0.01760	0.20524	0.09689	0.01262	0.02077	0.09250	0.18135	0.01889	0.01913	0.08310	0.00681	0.00563	0.00171	0.00627	0.00567	0.00429	0.05467
7	0.01727	0.10501	0.16083	0.01516	0.02013	0.17968	0.16999	0.02060	0.01409	0.17643	0.01380	0.05752	0.01078	0.00639	0.00564	0.00172	0.00781	0.00552	0.00380	0.00783

[dist]
# distance from previous block
# <min> <max>
0	1

[block]
# block no. 1 follows, 41 sequences, length 13
# corresponding to MSA columns:
# 773-785
name=unknown_B
#
# <colnr> <probs for GDERKNQSTAVLIFYWHMCP>
#	G	D	E	R	K	N	Q	S	T	A	V	L	I	F	Y	W	H	M	C	P
0	0.01431	0.01326	0.02134	0.05783	0.60410	0.01319	0.01586	0.06705	0.01379	0.01973	0.01088	0.01392	0.00899	0.00515	0.00551	0.00161	0.00651	0.00491	0.00308	0.09898
1	0.01705	0.01359	0.05285	0.01946	0.18552	0.06301	0.19424	0.02034	0.01459	0.24105	0.08951	0.03320	0.01531	0.00658	0.00606	0.00179	0.00677	0.00630	0.00449	0.00828
2	0.01418	0.01640	0.23794	0.02040	0.27723	0.01121	0.01506	0.01807	0.01305	0.13418	0.01512	0.07059	0.01283	0.00703	0.00577	0.00179	0.00647	0.05382	0.00374	0.06513
3	0.01305	0.01406	0.07539	0.22117	0.44930	0.01344	0.09646	0.01694	0.01261	0.01758	0.01066	0.01442	0.00853	0.00525	0.00578	0.00178	0.00743	0.00521	0.00274	0.00819
4	0.02833	0.01075	0.08968	0.01338	0.06758	0.00845	0.14084	0.01246	0.01202	0.01672	0.02503	0.31802	0.12110	0.01116	0.00641	0.00193	0.00529	0.01029	0.00416	0.09640
5	0.01888	0.01214	0.07200	0.07665	0.01733	0.01107	0.01016	0.12108	0.14746	0.33963	0.02039	0.09552	0.01542	0.00801	0.00589	0.00186	0.00536	0.00667	0.00575	0.00872
6	0.02056	0.01476	0.19362	0.01178	0.01689	0.01023	0.01147	0.09563	0.01601	0.46200	0.01939	0.07228	0.01375	0.00744	0.00578	0.00181	0.00576	0.00607	0.00571	0.00907
7	0.01282	0.01223	0.02081	0.33311	0.47572	0.01324	0.01689	0.01639	0.01239	0.01707	0.01052	0.01459	0.00849	0.00534	0.00568	0.00178	0.00712	0.00509	0.00272	0.00799
8	0.01253	0.02594	0.59710	0.01812	0.06790	0.01323	0.11298	0.01855	0.01251	0.05225	0.01102	0.01296	0.00785	0.00541	0.00563	0.00182	0.00835	0.00467	0.00271	0.00845
9	0.01483	0.01400	0.18125	0.01462	0.09176	0.01010	0.06071	0.01944	0.08711	0.21593	0.02018	0.19560	0.01784	0.00907	0.00614	0.00194	0.00579	0.02096	0.00478	0.00793
10	0.01559	0.01522	0.10598	0.02575	0.34706	0.01295	0.22536	0.01955	0.01361	0.14282	0.01290	0.01518	0.00960	0.00538	0.00597	0.00179	0.00748	0.00559	0.00351	0.00872
11	0.01220	0.01575	0.16172	0.09492	0.18228	0.11437	0.04669	0.01545	0.01265	0.01644	0.01666	0.20322	0.01680	0.00911	0.00615	0.00193	0.00687	0.05632	0.00350	0.00697
12	0.01630	0.01020	0.08655	0.07518	0.01537	0.00795	0.00904	0.01874	0.01396	0.36106	0.02813	0.16418	0.14868	0.01005	0.00617	0.00191	0.00483	0.00855	0.00560	0.00754

[dist]
# distance from previous block
# <min> <max>
0	11

[block]
# block no. 2 follows, 41 sequences, length 11
# corresponding to MSA columns:
# 797-807
name=unknown_C
#
# <colnr> <probs for GDERKNQSTAVLIFYWHMCP>
#	G	D	E	R	K	N	Q	S	T	A	V	L	I	F	Y	W	H	M	C	P
0	0.01483	0.01643	0.23099	0.05901	0.06521	0.01140	0.19927	0.01896	0.01331	0.19040	0.01604	0.10999	0.01304	0.00717	0.00610	0.00189	0.00716	0.00678	0.00399	0.00802
1	0.06983	0.01225	0.01605	0.05705	0.06370	0.08156	0.08374	0.02261	0.02994	0.38506	0.06181	0.01809	0.01392	0.00689	0.00645	0.00181	0.05006	0.00567	0.00521	0.00832
2	0.01465	0.01203	0.04760	0.01390	0.01772	0.02482	0.21897	0.09131	0.07434	0.14888	0.02296	0.11755	0.10592	0.05308	0.00764	0.00212	0.00621	0.00813	0.00474	0.00742
3	0.01422	0.01071	0.05595	0.01590	0.18237	0.00903	0.05243	0.01701	0.01379	0.18833	0.13455	0.14235	0.02161	0.00850	0.00599	0.00174	0.00511	0.00767	0.00478	0.10796
4	0.00877	0.00717	0.00920	0.00863	0.01000	0.00729	0.00653	0.01059	0.01263	0.01771	0.25972	0.24885	0.12182	0.01262	0.00849	0.00196	0.12670	0.01054	0.00495	0.10582
5	0.00794	0.00508	0.00704	0.00799	0.00830	0.00486	0.00547	0.00808	0.01012	0.01347	0.02543	0.52999	0.02973	0.01832	0.01154	0.23400	0.00391	0.06012	0.00452	0.00408
6	0.01636	0.08242	0.22401	0.01594	0.02126	0.21676	0.15285	0.13336	0.01574	0.01966	0.01084	0.01266	0.00824	0.00567	0.00546	0.00167	0.00842	0.00466	0.03619	0.00782
7	0.01499	0.01262	0.01672	0.10581	0.17175	0.01436	0.01221	0.22070	0.14601	0.02281	0.01396	0.01629	0.01105	0.01129	0.10209	0.00278	0.08682	0.00547	0.00412	0.00816
8	0.01160	0.01086	0.05867	0.01334	0.10366	0.00999	0.05770	0.09743	0.11707	0.02253	0.30505	0.03094	0.11858	0.00932	0.00630	0.00182	0.00468	0.00820	0.00517	0.00709
9	0.01024	0.00651	0.00771	0.00716	0.00889	0.00617	0.00543	0.05596	0.01518	0.06368	0.37053	0.07888	0.13553	0.01074	0.00604	0.00174	0.00309	0.00921	0.19155	0.00577
10	0.06658	0.07453	0.27101	0.01239	0.01790	0.01282	0.01287	0.10601	0.08377	0.21803	0.05659	0.01640	0.01285	0.00655	0.00542	0.00176	0.00616	0.00513	0.00463	0.00861

[dist]
# distance from previous block
# <min> <max>
0	1

[block]
# block no. 3 follows, 41 sequences, length 14
# corresponding to MSA columns:
# 809-822
name=unknown_D
#
# <colnr> <probs for GDERKNQSTAVLIFYWHMCP>
#	G	D	E	R	K	N	Q	S	T	A	V	L	I	F	Y	W	H	M	C	P
0	0.01631	0.61909	0.02665	0.01048	0.01520	0.08223	0.00986	0.09480	0.01363	0.01615	0.00874	0.00988	0.00765	0.00515	0.00403	0.00128	0.00639	0.00335	0.00288	0.04626
1	0.00845	0.00665	0.00741	0.00734	0.00875	0.00656	0.00521	0.01191	0.12518	0.01622	0.09843	0.13775	0.29681	0.18843	0.04677	0.00310	0.00434	0.01050	0.00496	0.00521
2	0.05473	0.10749	0.21498	0.01399	0.04934	0.21546	0.01291	0.07545	0.07770	0.03703	0.01175	0.01299	0.00906	0.00599	0.00530	0.00163	0.02201	0.00433	0.06016	0.00769
3	0.01509	0.01436	0.07920	0.02285	0.36010	0.04256	0.03293	0.10067	0.08123	0.07438	0.05273	0.06994	0.01430	0.00695	0.00585	0.00178	0.00630	0.00622	0.00405	0.00851
4	0.01543	0.48457	0.11136	0.01100	0.01593	0.01920	0.01092	0.12038	0.08939	0.01860	0.01109	0.01196	0.00904	0.00561	0.00440	0.00144	0.00609	0.00394	0.04179	0.00789
5	0.01744	0.10727	0.01672	0.01344	0.06773	0.22189	0.01004	0.12777	0.14201	0.06415	0.05836	0.01549	0.01287	0.00643	0.00525	0.00155	0.00659	0.00489	0.00427	0.09585
6	0.00823	0.00588	0.00795	0.00795	0.00855	0.00648	0.00561	0.00942	0.00883	0.01236	0.01645	0.02874	0.01702	0.35986	0.46308	0.00766	0.01122	0.00705	0.00323	0.00442
7	0.83938	0.01106	0.00841	0.00752	0.01106	0.01283	0.00619	0.01681	0.00973	0.02566	0.00796	0.00929	0.00619	0.00531	0.00354	0.00177	0.00442	0.00310	0.00354	0.00619
8	0.00893	0.00713	0.00899	0.00896	0.00999	0.04603	0.00681	0.01078	0.01045	0.01431	0.09562	0.02892	0.02032	0.13816	0.50112	0.00707	0.01171	0.05609	0.00361	0.00500
9	0.00734	0.00547	0.00671	0.00708	0.00817	0.00493	0.00504	0.00885	0.01298	0.01713	0.25217	0.32714	0.25592	0.01515	0.00752	0.03211	0.00307	0.01288	0.00550	0.00484
10	0.05604	0.01233	0.01530	0.01613	0.21062	0.04112	0.01014	0.07580	0.03286	0.02039	0.01079	0.01267	0.00880	0.00489	0.00477	0.00124	0.00534	0.00406	0.00349	0.45324
11	0.00876	0.00700	0.00782	0.00774	0.00900	0.04076	0.00548	0.01069	0.03099	0.01719	0.25576	0.24130	0.09475	0.15151	0.01060	0.00256	0.00394	0.02851	0.00507	0.06056
12	0.04656	0.01273	0.01205	0.08697	0.01552	0.12518	0.00857	0.18608	0.10051	0.02142	0.02587	0.02666	0.21321	0.04487	0.00683	0.00194	0.00562	0.00701	0.04550	0.00689
13	0.09803	0.14080	0.01499	0.02975	0.08511	0.07501	0.03503	0.01611	0.08568	0.01806	0.08794	0.07363	0.04796	0.03287	0.00686	0.04080	0.00536	0.03649	0.06310	0.00644

[dist]
# distance from previous block
# <min> <max>
5	13

[block]
# block no. 4 follows, 41 sequences, length 7
# corresponding to MSA columns:
# 848-854
name=unknown_E
#
# <colnr> <probs for GDERKNQSTAVLIFYWHMCP>
#	G	D	E	R	K	N	Q	S	T	A	V	L	I	F	Y	W	H	M	C	P
0	0.01028	0.00813	0.00948	0.00944	0.04285	0.00811	0.00686	0.10765	0.09646	0.02080	0.19331	0.12609	0.27850	0.01220	0.00659	0.00195	0.00381	0.04573	0.00552	0.00624
1	0.01530	0.13431	0.10118	0.06579	0.09876	0.04341	0.01203	0.12911	0.09571	0.05410	0.01224	0.01360	0.00951	0.00597	0.00589	0.00159	0.05189	0.00455	0.00374	0.14132
2	0.00724	0.00546	0.00669	0.00712	0.00821	0.00492	0.00506	0.00886	0.01308	0.01728	0.25199	0.36430	0.24876	0.01512	0.00698	0.00206	0.00302	0.01334	0.00560	0.00492
3	0.06716	0.07275	0.04130	0.04844	0.17904	0.01244	0.01101	0.14620	0.01447	0.10641	0.01416	0.04545	0.01188	0.04451	0.15635	0.00332	0.00785	0.00561	0.00399	0.00766
4	0.01743	0.17686	0.07437	0.08198	0.01959	0.25512	0.06796	0.06548	0.01454	0.09855	0.01137	0.01314	0.00887	0.00840	0.06041	0.00212	0.00855	0.00445	0.00340	0.00739
5	0.00816	0.07633	0.00910	0.00785	0.00922	0.00656	0.00572	0.00956	0.01183	0.01572	0.10291	0.51163	0.11387	0.01476	0.00664	0.00202	0.00353	0.01309	0.00501	0.06651
6	0.01331	0.13612	0.22298	0.05026	0.08575	0.07991	0.06006	0.01831	0.09346	0.01691	0.01444	0.01618	0.06269	0.00677	0.00695	0.00180	0.09818	0.00518	0.00313	0.00760

[dist]
# distance from previous block
# <min> <max>
2	60

[block]
# block no. 5 follows, 41 sequences, length 17
# corresponding to MSA columns:
# 915-931
name=unknown_F
#
# <colnr> <probs for GDERKNQSTAVLIFYWHMCP>
#	G	D	E	R	K	N	Q	S	T	A	V	L	I	F	Y	W	H	M	C	P
0	0.05425	0.03791	0.17536	0.01409	0.13006	0.00968	0.01122	0.01502	0.04117	0.05808	0.17517	0.15326	0.05760	0.00968	0.00608	0.00189	0.00516	0.03293	0.00444	0.00694
1	0.39553	0.07782	0.08497	0.01469	0.10347	0.03364	0.11628	0.06078	0.01236	0.03896	0.00971	0.01150	0.00749	0.00534	0.00465	0.00173	0.00623	0.00415	0.00337	0.00734
2	0.04655	0.06006	0.18570	0.01998	0.17109	0.07640	0.14919	0.15960	0.03901	0.02164	0.01137	0.01333	0.00865	0.00561	0.00561	0.00174	0.00767	0.00497	0.00342	0.00842
3	0.04511	0.11731	0.05660	0.01627	0.16562	0.14693	0.04507	0.01752	0.08204	0.01690	0.03567	0.08194	0.01405	0.06211	0.05267	0.00239	0.00716	0.00604	0.02155	0.00704
4	0.00733	0.00570	0.00667	0.00667	0.00814	0.00503	0.00491	0.00923	0.01403	0.01838	0.34045	0.15457	0.37070	0.01383	0.00683	0.00193	0.00288	0.01196	0.00571	0.00503
5	0.00994	0.00497	0.00745	0.00745	0.00745	0.00497	0.00497	0.00745	0.00745	0.00994	0.00994	0.01739	0.00994	0.01987	0.02235	0.83358	0.00497	0.00497	0.00248	0.00248
6	0.00767	0.00584	0.00708	0.00716	0.00848	0.00537	0.00522	0.01008	0.03949	0.01892	0.36741	0.22799	0.24061	0.01383	0.00685	0.00197	0.00297	0.01212	0.00577	0.00519
7	0.01080	0.01017	0.01716	0.78523	0.03940	0.01271	0.01589	0.01461	0.01144	0.01461	0.01017	0.01525	0.00762	0.00572	0.00572	0.00191	0.00762	0.00508	0.00254	0.00635
8	0.72463	0.01087	0.00909	0.00790	0.01156	0.01221	0.00651	0.01837	0.01067	0.13025	0.01002	0.01073	0.00732	0.00556	0.00385	0.00177	0.00449	0.00347	0.00404	0.00669
9	0.01080	0.01017	0.01716	0.78523	0.03940	0.01271	0.01589	0.01461	0.01144	0.01461	0.01017	0.01525	0.00762	0.00572	0.00572	0.00191	0.00762	0.00508	0.00254	0.00635
10	0.00690	0.00572	0.00604	0.00613	0.00785	0.00486	0.00453	0.00841	0.01310	0.01602	0.11629	0.12731	0.62797	0.01458	0.00681	0.00196	0.00292	0.01234	0.00540	0.00486
11	0.01511	0.01425	0.01942	0.01581	0.01781	0.09522	0.13743	0.01813	0.06253	0.09425	0.01101	0.01412	0.00908	0.00822	0.01302	0.00218	0.43663	0.00535	0.00333	0.00710
12	0.01371	0.48135	0.33715	0.01249	0.01887	0.01875	0.01450	0.01754	0.01181	0.01539	0.00891	0.01038	0.00730	0.00512	0.00440	0.00147	0.00709	0.00354	0.00243	0.00780
13	0.01252	0.00920	0.01002	0.00879	0.01147	0.00931	0.00691	0.20389	0.08363	0.05757	0.09460	0.08167	0.32467	0.01132	0.00633	0.00188	0.00408	0.02565	0.02970	0.00678
14	0.01080	0.01017	0.01716	0.78523	0.03940	0.01271	0.01589	0.01461	0.01144	0.01461	0.01017	0.01525	0.00762	0.00572	0.00572	0.00191	0.00762	0.00508	0.00254	0.00635
15	0.33202	0.01158	0.01109	0.00919	0.01265	0.01284	0.00749	0.28334	0.01673	0.05076	0.01288	0.01388	0.00960	0.00623	0.00451	0.00165	0.00474	0.00442	0.18699	0.00741
16	0.01416	0.01359	0.02322	0.03511	0.76330	0.01359	0.01755	0.01755	0.01302	0.01869	0.01076	0.01416	0.00906	0.00510	0.00566	0.00170	0.00680	0.00510	0.00283	0.00906

[dist]
# distance from previous block
# <min> <max>
0	13

[block]
# block no. 6 follows, 41 sequences, length 22
# corresponding to MSA columns:
# 945-966
name=unknown_G
#
# <colnr> <probs for GDERKNQSTAVLIFYWHMCP>
#	G	D	E	R	K	N	Q	S	T	A	V	L	I	F	Y	W	H	M	C	P
0	0.77515	0.01126	0.00956	0.00967	0.06961	0.01289	0.00708	0.01687	0.00999	0.02512	0.00818	0.00967	0.00642	0.00529	0.00370	0.00176	0.00461	0.00325	0.00348	0.00642
1	0.10320	0.01473	0.01581	0.01222	0.01668	0.01607	0.01010	0.58145	0.02386	0.12766	0.01428	0.01402	0.00994	0.00674	0.00551	0.00173	0.00593	0.00502	0.00568	0.00938
2	0.00726	0.00529	0.00687	0.00780	0.00851	0.00490	0.00548	0.00866	0.01209	0.01610	0.14300	0.56186	0.11162	0.01651	0.00720	0.00223	0.00331	0.06103	0.00545	0.00482
3	0.20452	0.01005	0.01153	0.00924	0.01309	0.00986	0.00758	0.08971	0.01530	0.43902	0.01800	0.01691	0.01204	0.00661	0.00503	0.00171	0.00462	0.00505	0.11175	0.00838
4	0.00832	0.00555	0.00624	0.00624	0.00624	0.00555	0.00347	0.00832	0.00832	0.01109	0.01802	0.03743	0.02080	0.79898	0.02911	0.00555	0.00555	0.00832	0.00347	0.00347
5	0.00707	0.00551	0.00627	0.00666	0.00787	0.00488	0.00468	0.00837	0.01227	0.01550	0.10974	0.29250	0.40303	0.07841	0.00873	0.00234	0.00323	0.01297	0.00525	0.00471
6	0.00776	0.00609	0.00712	0.00735	0.00885	0.00562	0.00554	0.01033	0.05446	0.01752	0.19625	0.19687	0.34974	0.01434	0.00693	0.00206	0.00328	0.08913	0.00554	0.00520
7	0.00696	0.00503	0.00659	0.00783	0.00826	0.00466	0.00525	0.00798	0.01108	0.01465	0.03313	0.75035	0.08169	0.01771	0.00727	0.00230	0.00329	0.01601	0.00531	0.00466
8	0.01080	0.01017	0.01716	0.78523	0.03940	0.01271	0.01589	0.01461	0.01144	0.01461	0.01017	0.01525	0.00762	0.00572	0.00572	0.00191	0.00762	0.00508	0.00254	0.00635
9	0.01326	0.01875	0.19876	0.01978	0.02487	0.06406	0.38414	0.01759	0.01242	0.01708	0.01045	0.01395	0.00817	0.00674	0.02433	0.00212	0.14765	0.00565	0.00272	0.00750
10	0.08519	0.01303	0.02144	0.11366	0.26551	0.01363	0.18597	0.07645	0.08052	0.02026	0.01229	0.01529	0.00968	0.00780	0.05250	0.00226	0.00763	0.00550	0.00339	0.00799
11	0.08101	0.00881	0.01172	0.08288	0.01445	0.03185	0.09391	0.01304	0.06886	0.01610	0.02488	0.14957	0.15107	0.16356	0.06067	0.00313	0.00601	0.00887	0.00408	0.00554
12	0.01204	0.01434	0.21443	0.01274	0.01668	0.01031	0.08942	0.07147	0.01226	0.07494	0.01430	0.01965	0.01215	0.10440	0.28955	0.00491	0.01033	0.00582	0.00343	0.00682
13	0.01649	0.01303	0.01456	0.08198	0.01772	0.01471	0.01011	0.33583	0.30202	0.02746	0.01873	0.09005	0.01513	0.00814	0.00591	0.00188	0.00546	0.00669	0.00543	0.00869
14	0.00760	0.00551	0.00721	0.00777	0.00868	0.00512	0.00564	0.00943	0.01331	0.01812	0.31627	0.39198	0.08752	0.01510	0.00711	0.00212	0.00323	0.07759	0.00569	0.00500
15	0.01350	0.01543	0.03375	0.02411	0.02989	0.01446	0.74253	0.01832	0.01350	0.01832	0.01157	0.01543	0.00868	0.00482	0.00675	0.00193	0.00964	0.00675	0.00289	0.00771
16	0.14191	0.00652	0.00651	0.00627	0.00808	0.00667	0.00478	0.01444	0.01186	0.07540	0.01842	0.08935	0.01539	0.00750	0.00435	0.00152	0.00316	0.00600	0.56614	0.00572
17	0.00761	0.00583	0.00697	0.00668	0.00825	0.00519	0.00501	0.00985	0.01504	0.02019	0.50294	0.04724	0.31302	0.01272	0.00675	0.00185	0.00277	0.01098	0.00594	0.00519
18	0.00946	0.00585	0.00766	0.00806	0.00916	0.00539	0.00581	0.01096	0.01252	0.09966	0.14440	0.44634	0.08217	0.05881	0.00827	0.00236	0.00364	0.06862	0.00555	0.00532
19	0.06212	0.63489	0.02667	0.01032	0.01496	0.08227	0.00977	0.07416	0.01307	0.01594	0.00847	0.00963	0.00746	0.00515	0.00394	0.00131	0.00637	0.00327	0.00280	0.00741
20	0.01724	0.00969	0.01139	0.00932	0.01273	0.00933	0.00750	0.17426	0.04823	0.29319	0.09066	0.03091	0.24162	0.00967	0.00613	0.00182	0.00439	0.00793	0.00614	0.00788
21	0.01572	0.01596	0.02037	0.07702	0.47681	0.15666	0.01519	0.05977	0.07188	0.01892	0.01150	0.01404	0.00934	0.00559	0.00559	0.00169	0.00730	0.00494	0.00323	0.00847

[dist]
# distance from previous block
# <min> <max>
0	3

[block]
# block no. 7 follows, 41 sequences, length 36
# corresponding to MSA columns:
# 970-1005
name=unknown_H
#
# <colnr> <probs for GDERKNQSTAVLIFYWHMCP>
#	G	D	E	R	K	N	Q	S	T	A	V	L	I	F	Y	W	H	M	C	P
0	0.01691	0.05915	0.01404	0.01210	0.02955	0.39002	0.00910	0.06371	0.05840	0.04246	0.05766	0.04946	0.10777	0.00793	0.00548	0.00162	0.00718	0.00599	0.05476	0.00670
1	0.04885	0.25622	0.05958	0.01319	0.05970	0.04972	0.01102	0.27893	0.12708	0.02411	0.01261	0.01310	0.00974	0.00612	0.00499	0.00160	0.00622	0.00452	0.00420	0.00853
2	0.01416	0.01359	0.02322	0.03511	0.76330	0.01359	0.01755	0.01755	0.01302	0.01869	0.01076	0.01416	0.00906	0.00510	0.00566	0.00170	0.00680	0.00510	0.00283	0.00906
3	0.01677	0.31480	0.19979	0.01327	0.01825	0.31633	0.01297	0.01961	0.01353	0.01477	0.00885	0.01031	0.00733	0.00541	0.00467	0.00146	0.00832	0.00358	0.00264	0.00733
4	0.01017	0.00692	0.00945	0.01042	0.01193	0.00692	0.00894	0.01331	0.04720	0.05633	0.02963	0.10254	0.03152	0.01510	0.00766	0.00254	0.00510	0.61330	0.00539	0.00564
5	0.00752	0.00588	0.00692	0.00732	0.00884	0.00528	0.00571	0.00935	0.01324	0.01673	0.14178	0.14389	0.41455	0.01483	0.00708	0.00212	0.00346	0.17507	0.00543	0.00498
6	0.01395	0.01338	0.02285	0.08114	0.71888	0.01354	0.01745	0.01737	0.01293	0.01844	0.01072	0.01422	0.00897	0.00513	0.00567	0.00171	0.00685	0.00510	0.00281	0.00889
7	0.00985	0.00500	0.00739	0.00739	0.00739	0.00500	0.00489	0.00750	0.00750	0.01000	0.01036	0.01843	0.01050	0.06043	0.02271	0.79048	0.00500	0.00514	0.00253	0.00253
8	0.01069	0.00762	0.00922	0.00874	0.01053	0.00773	0.00654	0.05340	0.15840	0.06320	0.34252	0.23624	0.03803	0.01208	0.00660	0.00196	0.00353	0.01064	0.00595	0.00638
9	0.09720	0.01334	0.01391	0.01237	0.05806	0.08078	0.00941	0.27744	0.04762	0.17058	0.01924	0.02060	0.07218	0.00766	0.00560	0.00177	0.00569	0.04150	0.03677	0.00827
10	0.02104	0.01813	0.01523	0.01259	0.01628	0.27840	0.00998	0.33586	0.02047	0.11753	0.01360	0.01398	0.00993	0.00654	0.00537	0.00160	0.00717	0.00473	0.08335	0.00824
11	0.00716	0.00512	0.00680	0.00784	0.00834	0.00477	0.00532	0.00843	0.01182	0.01599	0.15256	0.67026	0.04051	0.01689	0.00721	0.00224	0.00322	0.01528	0.00547	0.00477
12	0.01498	0.01201	0.01354	0.00995	0.01488	0.01082	0.00807	0.24477	0.01661	0.02413	0.01129	0.01245	0.00887	0.00507	0.00471	0.00112	0.00489	0.00394	0.00413	0.57379
13	0.03204	0.00654	0.00811	0.00837	0.00968	0.00623	0.01807	0.05427	0.01236	0.01665	0.03168	0.45721	0.14270	0.05583	0.00805	0.00233	0.00391	0.07771	0.00506	0.04318
14	0.01147	0.02959	0.76934	0.01630	0.02476	0.01328	0.02113	0.01811	0.01208	0.01811	0.01026	0.01208	0.00725	0.00543	0.00543	0.00181	0.00845	0.00423	0.00242	0.00845
15	0.02063	0.01495	0.01598	0.01238	0.01663	0.01650	0.01018	0.67104	0.02540	0.03457	0.01423	0.01449	0.01022	0.00685	0.00555	0.00168	0.00593	0.00517	0.08834	0.00929
16	0.00733	0.00583	0.00661	0.00671	0.00835	0.00512	0.00512	0.00916	0.01368	0.01735	0.22167	0.09842	0.47830	0.01415	0.00690	0.00199	0.00310	0.07966	0.00554	0.00500
17	0.00791	0.00584	0.00738	0.00700	0.00843	0.00532	0.00525	0.01043	0.01575	0.02188	0.66125	0.04446	0.15366	0.01209	0.00675	0.00182	0.00273	0.01059	0.00616	0.00532
18	0.01529	0.80242	0.02997	0.00979	0.01468	0.02263	0.00979	0.01713	0.01162	0.01346	0.00795	0.00918	0.00734	0.00489	0.00367	0.00122	0.00612	0.00306	0.00245	0.00734
19	0.00744	0.00580	0.00675	0.00656	0.00815	0.00511	0.00490	0.00950	0.01456	0.01918	0.40922	0.07080	0.38516	0.01319	0.00677	0.00188	0.00281	0.01133	0.00581	0.00511
20	0.01071	0.00968	0.01457	0.01260	0.02783	0.05998	0.15993	0.02765	0.01104	0.01515	0.01454	0.02170	0.01333	0.12484	0.39312	0.00594	0.01145	0.00629	0.05391	0.00572
21	0.83938	0.01106	0.00841	0.00752	0.01106	0.01283	0.00619	0.01681	0.00973	0.02566	0.00796	0.00929	0.00619	0.00531	0.00354	0.00177	0.00442	0.00310	0.00354	0.00619
22	0.01282	0.01403	0.10671	0.07070	0.38881	0.01256	0.01461	0.01900	0.15889	0.01960	0.07569	0.01957	0.04858	0.00666	0.00581	0.00179	0.00609	0.00601	0.00375	0.00833
23	0.00758	0.00563	0.00706	0.00711	0.00833	0.00511	0.00518	0.00965	0.01437	0.01958	0.45792	0.22144	0.18258	0.01368	0.00688	0.00195	0.00288	0.01205	0.00588	0.00511
24	0.00938	0.00741	0.00973	0.04545	0.06989	0.00730	0.00712	0.03668	0.06452	0.02174	0.50173	0.03845	0.13672	0.01084	0.00652	0.00182	0.00351	0.00949	0.00567	0.00604
25	0.01225	0.01114	0.05261	0.01883	0.30188	0.00993	0.01131	0.05939	0.01468	0.04894	0.20954	0.02658	0.11649	0.00812	0.00596	0.00169	0.00502	0.00718	0.00440	0.07408
26	0.01297	0.01013	0.01197	0.00861	0.01364	0.00769	0.00691	0.01549	0.01222	0.07895	0.01117	0.01247	0.00893	0.00447	0.00436	0.00092	0.00429	0.00358	0.00369	0.76754
27	0.01422	0.07842	0.49601	0.01506	0.02198	0.10950	0.04475	0.01924	0.01296	0.07767	0.01096	0.01237	0.00794	0.00550	0.00529	0.00168	0.00807	0.00425	0.00293	0.05119
28	0.00966	0.00740	0.00839	0.00785	0.00987	0.00727	0.00600	0.03408	0.14814	0.04130	0.28547	0.04231	0.28866	0.04186	0.00742	0.00204	0.00346	0.03706	0.00573	0.00602
29	0.01301	0.01317	0.10920	0.01034	0.01567	0.00951	0.02490	0.04949	0.07248	0.04824	0.01190	0.01310	0.00932	0.00491	0.00469	0.00116	0.00503	0.00398	0.00369	0.57622
30	0.00714	0.00581	0.00632	0.00620	0.00796	0.00499	0.00465	0.00895	0.01394	0.01759	0.25896	0.05152	0.55863	0.01369	0.00676	0.00189	0.00284	0.01158	0.00559	0.00499
31	0.01370	0.28621	0.05674	0.01283	0.01698	0.01483	0.16154	0.05883	0.05199	0.05702	0.06194	0.12694	0.04117	0.00787	0.00554	0.00171	0.00610	0.00694	0.00389	0.00724
32	0.02206	0.01551	0.01685	0.01292	0.01749	0.01699	0.01067	0.68651	0.02605	0.09496	0.01444	0.01419	0.01008	0.00688	0.00572	0.00172	0.00618	0.00520	0.00583	0.00973
33	0.01630	0.01265	0.01361	0.01176	0.01529	0.01430	0.00928	0.13941	0.58253	0.08567	0.02176	0.02003	0.01601	0.00757	0.00580	0.00189	0.00482	0.00621	0.00591	0.00921
34	0.01682	0.01632	0.01403	0.01233	0.01563	0.20800	0.00958	0.14201	0.40572	0.02286	0.02009	0.01927	0.05692	0.00753	0.00569	0.00178	0.00619	0.00587	0.00504	0.00830
35	0.01210	0.01235	0.07952	0.01459	0.01890	0.01026	0.29707	0.05276	0.01413	0.07874	0.03068	0.03096	0.30455	0.00896	0.00651	0.00190	0.00634	0.00847	0.00429	0.00691

[dist]
# distance from previous block
# <min> <max>
2	3

[block]
# block no. 8 follows, 41 sequences, length 30
# corresponding to MSA columns:
# 1018-1028,1042-1060
name=unknown_I
#
# <colnr> <probs for GDERKNQSTAVLIFYWHMCP>
#	G	D	E	R	K	N	Q	S	T	A	V	L	I	F	Y	W	H	M	C	P
0	0.01147	0.02959	0.76934	0.01630	0.02476	0.01328	0.02113	0.01811	0.01208	0.01811	0.01026	0.01208	0.00725	0.00543	0.00543	0.00181	0.00845	0.00423	0.00242	0.00845
1	0.00745	0.00559	0.00655	0.00689	0.00821	0.00493	0.00495	0.00895	0.01286	0.03245	0.15925	0.31878	0.37235	0.01512	0.00693	0.00205	0.00306	0.01317	0.00551	0.00496
2	0.01280	0.01075	0.01574	0.01329	0.01498	0.01254	0.09886	0.09254	0.01261	0.06882	0.01853	0.22003	0.05430	0.01113	0.01140	0.00222	0.31025	0.00858	0.00409	0.00656
3	0.04468	0.00658	0.00732	0.00681	0.00886	0.00591	0.00517	0.01077	0.03755	0.01934	0.32515	0.04388	0.37111	0.01200	0.00639	0.00179	0.00304	0.01017	0.00549	0.06799
4	0.01477	0.03500	0.11372	0.12606	0.12198	0.13401	0.04080	0.09517	0.07778	0.01857	0.01197	0.04332	0.00996	0.00698	0.00760	0.00187	0.12416	0.00531	0.00336	0.00761
5	0.01347	0.01289	0.02197	0.18927	0.61453	0.01341	0.01721	0.01695	0.01270	0.01785	0.01064	0.01438	0.00877	0.00522	0.00567	0.00174	0.00697	0.00509	0.00277	0.00850
6	0.00811	0.00595	0.00646	0.00628	0.00817	0.00511	0.00473	0.00983	0.01357	0.05480	0.16095	0.07331	0.55721	0.01343	0.00660	0.00189	0.00297	0.01131	0.04416	0.00518
7	0.00847	0.00601	0.00744	0.00731	0.00757	0.00644	0.00474	0.00907	0.00884	0.01215	0.04663	0.03335	0.02014	0.57236	0.18413	0.00602	0.04410	0.00779	0.00345	0.00402
8	0.01066	0.00533	0.00533	0.00533	0.00666	0.00533	0.00400	0.01333	0.01200	0.02132	0.01866	0.02132	0.01466	0.00666	0.00400	0.00133	0.00267	0.00533	0.83073	0.00533
9	0.00745	0.00575	0.00680	0.00669	0.00819	0.00510	0.00496	0.00949	0.01444	0.01915	0.40970	0.11391	0.34097	0.01338	0.00680	0.00190	0.00283	0.01157	0.00581	0.00510
10	0.02113	0.01601	0.01671	0.01296	0.01733	0.04644	0.01064	0.68401	0.02601	0.03462	0.04652	0.01488	0.01159	0.00704	0.00575	0.00171	0.00629	0.00532	0.00564	0.00942
11	0.01592	0.01298	0.02088	0.10222	0.53736	0.01320	0.01568	0.07893	0.01445	0.11418	0.01244	0.01490	0.00962	0.00555	0.00568	0.00173	0.00659	0.00518	0.00358	0.00894
12	0.02156	0.01278	0.01388	0.01135	0.01531	0.08144	0.00911	0.10885	0.22773	0.40375	0.02052	0.01852	0.01398	0.00714	0.00571	0.00179	0.00543	0.00570	0.00619	0.00925
13	0.01735	0.01047	0.01265	0.01138	0.04664	0.01068	0.00875	0.19888	0.10248	0.22361	0.06082	0.06183	0.04827	0.00894	0.00599	0.00186	0.00486	0.08197	0.07444	0.00813
14	0.01497	0.01432	0.02222	0.02494	0.37096	0.04707	0.15116	0.10736	0.04138	0.02073	0.01156	0.01412	0.00922	0.00528	0.00566	0.00163	0.00699	0.00517	0.00339	0.12187
15	0.01215	0.02590	0.58620	0.01504	0.02207	0.06305	0.01807	0.01910	0.08697	0.01879	0.06824	0.01521	0.01181	0.00617	0.00555	0.00180	0.00775	0.00488	0.00309	0.00816
16	0.00716	0.00513	0.00680	0.00801	0.00846	0.00481	0.00549	0.00830	0.01125	0.01497	0.05518	0.69518	0.05406	0.03306	0.00774	0.00238	0.00345	0.05856	0.00530	0.00469
17	0.01186	0.01017	0.01186	0.00847	0.01356	0.00762	0.00678	0.01440	0.01186	0.01864	0.01017	0.01186	0.00847	0.00424	0.00424	0.00085	0.00424	0.00339	0.00339	0.83395
18	0.00832	0.00555	0.00624	0.00624	0.00624	0.00555	0.00347	0.00832	0.00832	0.01109	0.01802	0.03743	0.02080	0.79898	0.02911	0.00555	0.00555	0.00832	0.00347	0.00347
19	0.00966	0.00929	0.01783	0.01463	0.01721	0.00870	0.30953	0.01224	0.01200	0.01614	0.02329	0.47344	0.02580	0.01251	0.00707	0.00216	0.00593	0.01234	0.00431	0.00591
20	0.00705	0.00510	0.00652	0.00762	0.00808	0.00473	0.00507	0.00802	0.01096	0.01442	0.03315	0.66365	0.10907	0.07669	0.00890	0.00253	0.00344	0.01524	0.00517	0.00457
21	0.01296	0.01228	0.02078	0.24297	0.52810	0.01299	0.01647	0.01633	0.01237	0.01722	0.01091	0.01549	0.00918	0.04026	0.00671	0.00193	0.00697	0.00523	0.00278	0.00806
22	0.01529	0.80242	0.02997	0.00979	0.01468	0.02263	0.00979	0.01713	0.01162	0.01346	0.00795	0.00918	0.00734	0.00489	0.00367	0.00122	0.00612	0.00306	0.00245	0.00734
23	0.02566	0.00973	0.01327	0.01018	0.01460	0.00841	0.00841	0.02788	0.01637	0.76726	0.02257	0.01947	0.01416	0.00708	0.00575	0.00177	0.00487	0.00575	0.00708	0.00973
24	0.01949	0.02317	0.01519	0.01396	0.01677	0.59801	0.01075	0.07571	0.01654	0.01616	0.01257	0.01907	0.01155	0.00752	0.00563	0.00167	0.00922	0.11684	0.00352	0.00665
25	0.01223	0.01204	0.01501	0.29846	0.05689	0.13738	0.04474	0.01523	0.01304	0.01580	0.01762	0.03296	0.01723	0.00948	0.00649	0.00210	0.00724	0.27623	0.00366	0.00617
26	0.01354	0.01193	0.01657	0.01908	0.28257	0.01157	0.02498	0.07320	0.13698	0.02120	0.07516	0.01703	0.01405	0.00596	0.00538	0.00150	0.00533	0.00529	0.00400	0.25468
27	0.01329	0.17800	0.56870	0.01458	0.02203	0.01473	0.01797	0.01866	0.01231	0.07391	0.01075	0.01207	0.00779	0.00545	0.00512	0.00169	0.00773	0.00412	0.00277	0.00833
28	0.01569	0.24481	0.01807	0.01109	0.01477	0.09661	0.00926	0.05755	0.33924	0.05292	0.05470	0.01794	0.02990	0.00699	0.00518	0.00166	0.00558	0.00539	0.00459	0.00809
29	0.17110	0.14682	0.23971	0.01276	0.01776	0.21355	0.01278	0.05867	0.01339	0.01870	0.00942	0.01094	0.00740	0.00564	0.00495	0.00162	0.02183	0.00378	0.02184	0.00733

[dist]
# distance from previous block
# <min> <max>
1	10

[block]
# block no. 9 follows, 41 sequences, length 160
# corresponding to MSA columns:
# 1086-1185,1189-1248
name=unknown_J
#
# <colnr> <probs for GDERKNQSTAVLIFYWHMCP>
#	G	D	E	R	K	N	Q	S	T	A	V	L	I	F	Y	W	H	M	C	P
0	0.06040	0.02365	0.51568	0.01404	0.02123	0.01259	0.01665	0.08200	0.01322	0.02025	0.01042	0.01202	0.00764	0.00533	0.00512	0.00162	0.00723	0.00409	0.00296	0.16386
1	0.30551	0.08975	0.01332	0.00986	0.01353	0.10355	0.00808	0.11182	0.08020	0.11770	0.01660	0.01653	0.07806	0.00682	0.00480	0.00171	0.00545	0.00488	0.00446	0.00739
2	0.11132	0.00992	0.01153	0.00985	0.01281	0.01040	0.04963	0.09542	0.20230	0.06050	0.18825	0.02987	0.16634	0.00933	0.00597	0.00185	0.00430	0.00784	0.00544	0.00712
3	0.00704	0.00598	0.00614	0.00598	0.00801	0.00497	0.00450	0.00860	0.01315	0.01596	0.09117	0.05264	0.69436	0.01392	0.00665	0.00188	0.00294	0.01163	0.00528	0.03922
4	0.01242	0.01194	0.02066	0.41653	0.35792	0.01318	0.05304	0.01610	0.01224	0.01659	0.01050	0.01478	0.00831	0.00540	0.00575	0.00182	0.00736	0.00517	0.00269	0.00761
5	0.00810	0.00585	0.00765	0.00720	0.00855	0.00540	0.00540	0.01079	0.01619	0.02294	0.76028	0.04273	0.05397	0.01169	0.00675	0.00180	0.00270	0.01034	0.00630	0.00540
6	0.01893	0.02183	0.01481	0.01349	0.01602	0.54828	0.01018	0.05649	0.01554	0.04639	0.01291	0.12635	0.01225	0.00800	0.00633	0.00168	0.05457	0.00577	0.00358	0.00660
7	0.01228	0.01317	0.02726	0.02016	0.02490	0.01225	0.55286	0.01632	0.01305	0.01779	0.01531	0.11698	0.01404	0.00721	0.00675	0.00196	0.00821	0.05799	0.00339	0.05813
8	0.01529	0.80242	0.02997	0.00979	0.01468	0.02263	0.00979	0.01713	0.01162	0.01346	0.00795	0.00918	0.00734	0.00489	0.00367	0.00122	0.00612	0.00306	0.00245	0.00734
9	0.01615	0.01726	0.01345	0.01221	0.01505	0.31385	0.00931	0.02453	0.35366	0.01986	0.12589	0.02013	0.01884	0.00760	0.00569	0.00174	0.00654	0.00594	0.00476	0.00756
10	0.01080	0.01017	0.01716	0.78523	0.03940	0.01271	0.01589	0.01461	0.01144	0.01461	0.01017	0.01525	0.00762	0.00572	0.00572	0.00191	0.00762	0.00508	0.00254	0.00635
11	0.00697	0.00498	0.00664	0.00796	0.00830	0.00465	0.00531	0.00796	0.01095	0.01460	0.03153	0.79525	0.03783	0.01792	0.00730	0.00232	0.00332	0.01626	0.00531	0.00465
12	0.01769	0.49622	0.02454	0.01174	0.01587	0.32023	0.01029	0.01938	0.01343	0.01367	0.00830	0.00963	0.00735	0.00529	0.00426	0.00132	0.00778	0.00331	0.00264	0.00706
13	0.02100	0.02665	0.01626	0.01475	0.01757	0.74459	0.01111	0.02246	0.01590	0.01399	0.00879	0.01041	0.00737	0.00606	0.00572	0.00152	0.04256	0.00374	0.00293	0.00662
14	0.01080	0.01017	0.01716	0.78523	0.03940	0.01271	0.01589	0.01461	0.01144	0.01461	0.01017	0.01525	0.00762	0.00572	0.00572	0.00191	0.00762	0.00508	0.00254	0.00635
15	0.01074	0.00621	0.00692	0.00636	0.00834	0.00564	0.00487	0.01307	0.01329	0.08639	0.14577	0.03198	0.19740	0.00921	0.00526	0.00156	0.00302	0.00765	0.38005	0.05629
16	0.00721	0.00532	0.00652	0.00734	0.00805	0.00490	0.00501	0.00828	0.01128	0.01460	0.04899	0.48358	0.20178	0.11772	0.01001	0.00265	0.00358	0.04353	0.00509	0.00457
17	0.01529	0.80242	0.02997	0.00979	0.01468	0.02263	0.00979	0.01713	0.01162	0.01346	0.00795	0.00918	0.00734	0.00489	0.00367	0.00122	0.00612	0.00306	0.00245	0.00734
18	0.00710	0.00507	0.00679	0.00812	0.00851	0.00476	0.00554	0.00819	0.01108	0.01475	0.03145	0.75232	0.03754	0.01780	0.00734	0.00234	0.00343	0.05788	0.00531	0.00468
19	0.01080	0.01017	0.01716	0.78523	0.03940	0.01271	0.01589	0.01461	0.01144	0.01461	0.01017	0.01525	0.00762	0.00572	0.00572	0.00191	0.00762	0.00508	0.00254	0.00635
20	0.01460	0.01147	0.01234	0.01098	0.01411	0.01296	0.00857	0.05086	0.59919	0.06957	0.06596	0.02224	0.01900	0.00786	0.00576	0.00188	0.00439	0.00654	0.05303	0.00869
21	0.01039	0.00804	0.00977	0.00897	0.01088	0.03669	0.00677	0.01302	0.05568	0.04590	0.01615	0.06085	0.01532	0.14076	0.38198	0.00578	0.01002	0.00638	0.00362	0.15301
22	0.01849	0.00803	0.01087	0.00927	0.01225	0.00709	0.00732	0.02052	0.01507	0.46996	0.13499	0.19154	0.02581	0.01038	0.00630	0.00192	0.00422	0.03161	0.00652	0.00785
23	0.02040	0.02345	0.01583	0.01408	0.01723	0.56482	0.01081	0.14439	0.06114	0.01846	0.01159	0.01426	0.00964	0.00666	0.00543	0.00160	0.00904	0.04024	0.00370	0.00723
24	0.05844	0.01083	0.01778	0.01435	0.01723	0.04849	0.26141	0.03704	0.01179	0.01653	0.01532	0.11189	0.01459	0.06412	0.26847	0.00460	0.01021	0.00735	0.00340	0.00615
25	0.02240	0.01211	0.01446	0.01120	0.01542	0.01218	0.00921	0.33666	0.02091	0.38430	0.08438	0.01905	0.01578	0.00740	0.00583	0.00175	0.00529	0.00590	0.00642	0.00935
26	0.00737	0.00618	0.00645	0.00632	0.00825	0.00545	0.00476	0.00985	0.05691	0.01692	0.14701	0.05147	0.62559	0.01373	0.00670	0.00191	0.00297	0.01152	0.00547	0.00515
27	0.00828	0.00556	0.00641	0.00656	0.00664	0.00554	0.00386	0.00847	0.00872	0.01160	0.01943	0.08331	0.02240	0.71384	0.02677	0.00521	0.00540	0.04470	0.00366	0.00363
28	0.01273	0.01037	0.01551	0.29633	0.17217	0.01164	0.01245	0.11154	0.01353	0.03289	0.01292	0.01742	0.01050	0.04165	0.11384	0.00293	0.00769	0.00540	0.09146	0.00701
29	0.00692	0.00547	0.00624	0.00673	0.00800	0.00479	0.00479	0.00826	0.01240	0.01556	0.08877	0.34672	0.43379	0.01568	0.00697	0.00208	0.00305	0.01362	0.00537	0.00479
30	0.01337	0.01450	0.03030	0.02186	0.02715	0.01372	0.63200	0.05395	0.01444	0.01967	0.08669	0.01808	0.01327	0.00561	0.00670	0.00191	0.00878	0.00703	0.00338	0.00758
31	0.02197	0.01566	0.01694	0.01299	0.01756	0.01720	0.01073	0.70275	0.02628	0.07839	0.01424	0.01406	0.00998	0.00688	0.00572	0.00172	0.00621	0.00518	0.00580	0.00973
32	0.01332	0.01879	0.30698	0.01728	0.02327	0.01207	0.27818	0.01823	0.01350	0.10068	0.08196	0.01994	0.01429	0.00657	0.00621	0.00190	0.00778	0.04759	0.00362	0.00786
33	0.00857	0.00684	0.00756	0.00720	0.00912	0.00656	0.00545	0.01286	0.13312	0.01962	0.29304	0.04409	0.36912	0.01214	0.00650	0.00186	0.00308	0.01032	0.03722	0.00572
34	0.05948	0.00589	0.00611	0.00596	0.00752	0.00586	0.00450	0.01354	0.01239	0.05218	0.08470	0.05869	0.03669	0.00775	0.00450	0.00148	0.00290	0.00632	0.61802	0.00553
35	0.01392	0.01466	0.06615	0.11031	0.12472	0.04292	0.26302	0.01998	0.14313	0.04936	0.01341	0.01597	0.01027	0.00674	0.02126	0.00204	0.06493	0.00584	0.00348	0.00790
36	0.00737	0.00594	0.00797	0.00807	0.00929	0.00536	0.04994	0.00871	0.01170	0.01493	0.03901	0.43696	0.29500	0.06177	0.00835	0.00235	0.00368	0.01371	0.00505	0.00483
37	0.00921	0.00577	0.00686	0.00679	0.00714	0.00572	0.00413	0.00954	0.00908	0.05595	0.01934	0.10301	0.02155	0.63972	0.06847	0.00524	0.00587	0.00875	0.00382	0.00403
38	0.01188	0.01100	0.01811	0.62813	0.15257	0.01310	0.01590	0.05165	0.01246	0.01633	0.01044	0.01500	0.00796	0.00568	0.00571	0.00186	0.00743	0.00509	0.00275	0.00695
39	0.01616	0.08625	0.32964	0.01461	0.02013	0.27805	0.01494	0.07116	0.08287	0.01811	0.01103	0.01221	0.00841	0.00587	0.00526	0.00165	0.00840	0.00422	0.00315	0.00788
40	0.00843	0.00563	0.00670	0.00670	0.00696	0.00581	0.00414	0.00894	0.00869	0.01207	0.01759	0.03388	0.01930	0.62081	0.15772	0.00593	0.00708	0.00776	0.05199	0.00386
41	0.00697	0.00498	0.00664	0.00796	0.00830	0.00465	0.00531	0.00796	0.01095	0.01460	0.03153	0.79525	0.03783	0.01792	0.00730	0.00232	0.00332	0.01626	0.00531	0.00465
42	0.00814	0.00627	0.00736	0.00779	0.00904	0.00601	0.00556	0.04643	0.05823	0.01666	0.05274	0.45115	0.25711	0.01603	0.02148	0.00227	0.00363	0.01350	0.00534	0.00525
43	0.01497	0.16097	0.12981	0.01970	0.11345	0.01621	0.28577	0.13492	0.03293	0.02043	0.01126	0.01354	0.00866	0.00535	0.00569	0.00172	0.00783	0.00526	0.00326	0.00827
44	0.01616	0.01969	0.05683	0.16277	0.06618	0.34245	0.10006	0.01881	0.01345	0.01507	0.00939	0.01250	0.00769	0.00630	0.00759	0.00180	0.12900	0.00462	0.00276	0.00688
45	0.10417	0.06702	0.11335	0.07955	0.03819	0.39502	0.05711	0.01981	0.01379	0.01614	0.00915	0.01128	0.00738	0.00579	0.00566	0.00165	0.04111	0.00405	0.00285	0.00694
46	0.00832	0.00555	0.00624	0.00624	0.00624	0.00555	0.00347	0.00832	0.00832	0.01109	0.01802	0.03743	0.02080	0.79898	0.02911	0.00555	0.00555	0.00832	0.00347	0.00347
47	0.00792	0.00637	0.00713	0.00684	0.00866	0.00586	0.00516	0.01112	0.07777	0.01911	0.32984	0.04733	0.42047	0.01282	0.00667	0.00188	0.00296	0.01091	0.00574	0.00541
48	0.01157	0.02888	0.73247	0.01669	0.02501	0.01334	0.05729	0.01812	0.01215	0.01812	0.01033	0.01224	0.00732	0.00540	0.00550	0.00182	0.00851	0.00435	0.00244	0.00842
49	0.00677	0.00574	0.00585	0.00595	0.00777	0.00482	0.00441	0.00819	0.01289	0.01539	0.05610	0.10685	0.71037	0.01473	0.00680	0.00196	0.00293	0.01236	0.00531	0.00482
50	0.01251	0.01251	0.01752	0.01502	0.01502	0.01752	0.01251	0.01377	0.00876	0.01377	0.00751	0.01251	0.00751	0.01001	0.01877	0.00250	0.78851	0.00501	0.00250	0.00626
51	0.01627	0.01330	0.01409	0.01205	0.01565	0.01518	0.00955	0.22467	0.55536	0.02723	0.02068	0.01927	0.01536	0.00752	0.00579	0.00188	0.00501	0.00611	0.00579	0.00924
52	0.01186	0.01017	0.01186	0.00847	0.01356	0.00762	0.00678	0.01440	0.01186	0.01864	0.01017	0.01186	0.00847	0.00424	0.00424	0.00085	0.00424	0.00339	0.00339	0.83395
53	0.01416	0.01359	0.02322	0.03511	0.76330	0.01359	0.01755	0.01755	0.01302	0.01869	0.01076	0.01416	0.00906	0.00510	0.00566	0.00170	0.00680	0.00510	0.00283	0.00906
54	0.00694	0.00507	0.00654	0.00771	0.00823	0.00467	0.00520	0.00799	0.01119	0.01470	0.03461	0.70890	0.12219	0.01752	0.00724	0.00228	0.00327	0.01577	0.00531	0.00467
55	0.00714	0.00517	0.00638	0.00735	0.00808	0.00472	0.00503	0.00833	0.01145	0.01518	0.03634	0.59361	0.18905	0.01653	0.00699	0.00218	0.00319	0.01473	0.05380	0.00472
56	0.65216	0.01106	0.00945	0.00799	0.01183	0.01207	0.00655	0.04467	0.01098	0.05575	0.00912	0.01026	0.00700	0.00528	0.00382	0.00163	0.00449	0.00333	0.00375	0.12882
57	0.51234	0.01838	0.30899	0.01099	0.01647	0.01301	0.01210	0.01733	0.01066	0.02268	0.00887	0.01039	0.00661	0.00536	0.00429	0.00179	0.00602	0.00354	0.00310	0.00709
58	0.02290	0.01360	0.01525	0.01188	0.01625	0.04256	0.00974	0.37454	0.06651	0.33916	0.01781	0.01646	0.01196	0.00697	0.00572	0.00174	0.00574	0.00543	0.00619	0.00957
59	0.02174	0.01602	0.01717	0.01316	0.01774	0.01774	0.01087	0.74423	0.02689	0.03605	0.01373	0.01373	0.00973	0.00687	0.00572	0.00172	0.00629	0.00515	0.00572	0.00973
60	0.01147	0.02959	0.76934	0.01630	0.02476	0.01328	0.02113	0.01811	0.01208	0.01811	0.01026	0.01208	0.00725	0.00543	0.00543	0.00181	0.00845	0.00423	0.00242	0.00845
61	0.76657	0.01150	0.00919	0.00802	0.01166	0.01327	0.00661	0.08159	0.01126	0.02659	0.00848	0.00969	0.00651	0.00545	0.00373	0.00177	0.00459	0.00328	0.00373	0.00651
62	0.83938	0.01106	0.00841	0.00752	0.01106	0.01283	0.00619	0.01681	0.00973	0.02566	0.00796	0.00929	0.00619	0.00531	0.00354	0.00177	0.00442	0.00310	0.00354	0.00619
63	0.02437	0.01006	0.01316	0.01016	0.01441	0.00911	0.00837	0.09523	0.01711	0.65199	0.02149	0.01904	0.01377	0.00703	0.00564	0.00174	0.00487	0.00567	0.05732	0.00946
64	0.02088	0.02138	0.01630	0.01382	0.01746	0.40134	0.01080	0.31542	0.08614	0.02381	0.01211	0.01268	0.00922	0.00645	0.00544	0.00161	0.00817	0.00452	0.00433	0.00810
65	0.01560	0.00727	0.00936	0.00796	0.01052	0.00657	0.00628	0.01810	0.01534	0.31660	0.30600	0.02884	0.02961	0.00877	0.00575	0.00169	0.00355	0.00743	0.18767	0.00710
66	0.00832	0.00555	0.00624	0.00624	0.00624	0.00555	0.00347	0.00832	0.00832	0.01109	0.01802	0.03743	0.02080	0.79898	0.02911	0.00555	0.00555	0.00832	0.00347	0.00347
67	0.01437	0.01391	0.02339	0.02438	0.30466	0.01411	0.23488	0.06340	0.18665	0.02082	0.01409	0.01614	0.01093	0.00572	0.00600	0.00181	0.00704	0.00588	0.00373	0.02811
68	0.00706	0.00541	0.00637	0.00694	0.00798	0.00484	0.00483	0.00833	0.01209	0.01548	0.10609	0.39256	0.32395	0.06062	0.00828	0.00231	0.00322	0.01363	0.00529	0.00472
69	0.01694	0.08912	0.02082	0.02279	0.32766	0.31525	0.04370	0.01945	0.01411	0.01635	0.00975	0.01211	0.00819	0.00533	0.00525	0.00153	0.00809	0.00433	0.00288	0.05635
70	0.00817	0.00613	0.00919	0.00919	0.01021	0.00715	0.00715	0.01021	0.00919	0.01328	0.01532	0.02247	0.01430	0.04290	0.77631	0.00919	0.01532	0.00613	0.00306	0.00511
